																																									0.50	6.50	7.50	8.50	10.50	9.50	8.00	5.50	2.50	2.00	2.00	3.00	4.50	6.00	3.50	2.00	2.00	2.00	2.50	6.00	6.50	6.50	5.00	5.00	5.00	5.00	5.00	5.00	9.50	11.00	10.50	9.50	7.00	6.00	6.00	6.50	5.50	4.00	4.00	4.00	4.00	6.00	6.00	3.50	3.50	3.50	3.50	5.50	5.00	3.00	4.50	4.00	4.00	7.00	7.00	7.00	5.50	6.50	7.50	9.00	8.00	8.50	7.50	8.00	7.50	8.00	9.00	7.50	8.50	9.50	10.00	13.00	15.00	14.00	12.50	9.50	9.00	6.50	5.50	6.50	9.50	12.00	14.50	13.50	12.00	12.00	13.00	15.00	14.50	14.00	15.50	15.00	16.00	16.00	17.00	15.50	22.50	19.50	18.00	24.00	24.00	22.50	30.50	29.50	27.50	23.50	25.50	21.50	28.50	24.50	30.00	20.50	12.50	26.00	26.50	20.00	23.50	28.00	31.50	37.00	38.50	38.50	38.00	32.50	31.00	21.50	26.00	36.00	37.50	43.50	39.50	34.50	31.50	37.00	39.50	29.00	25.50	26.50	35.00	41.00	38.50	42.50	37.50	33.00	36.50	40.00	43.00	46.00	53.00	51.50	43.00	23.00	21.00	20.00	21.00	26.00	45.00	46.50	40.50	43.00	47.50	49.50	52.50	48.00	41.50	36.50	40.50	57.00	56.50	48.50	44.50	50.50	58.00	46.50	31.50	35.50	46.50	48.50	53.50	55.00	56.00	55.00	48.00	50.00	44.50	49.00	51.00	48.50	46.00	50.00	55.00	53.00	56.50	56.50	56.50	55.00	52.50	52.00	51.00	49.50	49.50	50.50	46.50	48.50	49.50	48.50	47.00	43.50	38.00	45.50	46.00	48.50	43.50	39.00	25.50
																																								1.00	1.50	2.50	4.50	5.50	5.50	6.00	6.00	5.50	4.00	4.00	3.00	3.50	5.00	6.00	6.00	4.50	3.00	3.00	5.00	5.50	5.00	5.00	5.00	5.00	5.00	5.00	5.00	5.00	12.50	11.00	9.50	10.00	7.50	6.00	6.00	6.50	6.00	5.50	6.00	5.00	4.50	4.50	6.50	6.50	5.00	5.00	5.00	5.50	5.50	4.50	3.00	4.00	5.00	7.00	7.00	7.00	5.50	5.50	7.50	8.50	7.50	8.50	10.00	10.00	6.50	5.00	7.50	8.50	9.00	9.00	9.00	10.00	12.00	13.00	12.00	12.50	10.50	8.00	7.00	7.00	9.50	11.50	14.00	13.50	14.00	14.00	14.00	15.00	15.00	15.00	15.00	16.00	16.50	14.50	16.00	21.00	21.50	22.50	17.00	16.00	26.00	29.00	32.00	31.00	27.00	25.00	28.00	28.50	26.50	31.00	28.50	14.00	11.50	25.50	26.00	26.50	17.50	21.00	32.00	35.00	39.00	41.00	43.00	42.00	35.00	25.50	24.00	33.50	34.00	39.50	37.00	43.00	40.50	34.50	44.00	38.50	35.00	34.00	34.00	36.00	43.00	47.00	45.50	36.00	43.50	43.00	39.50	51.00	52.50	46.50	37.50	22.50	19.00	19.00	26.50	31.50	41.00	42.00	42.50	46.50	45.00	49.00	49.50	51.50	46.00	46.00	55.00	50.50	59.00	59.00	61.00	54.00	58.50	59.50	44.00	43.00	34.00	32.50	40.00	47.50	52.00	55.00	57.00	59.50	56.00	52.50	52.50	52.00	51.50	55.50	55.50	55.50	58.50	51.50	55.50	55.50	53.50	48.50	50.00	52.00	48.50	46.50	44.00	39.50	43.50	48.50	47.00	41.00	39.00	32.00	46.00	44.00	30.00	27.00	33.50
																																							3.00	9.00	4.00	6.50	6.00	6.00	3.50	4.50	6.00	5.00	6.50	5.50	4.00	4.50	5.00	6.50	7.00	7.00	7.00	6.00	6.50	5.50	5.00	5.00	5.00	6.00	6.50	6.00	6.00	6.50	9.00	8.50	9.50	10.50	10.00	9.00	9.00	7.50	7.50	6.00	5.50	5.00	7.00	8.00	6.50	7.00	7.00	7.50	9.00	8.50	8.50	8.00	7.00	8.00	9.00	9.00	8.00	5.00	3.50	5.50	8.00	8.50	7.50	7.00	8.00	8.50	8.50	8.00	8.50	9.00	9.00	8.00	8.50	9.50	10.00	8.50	10.50	13.00	12.00	12.50	10.50	8.50	8.50	9.00	11.50	13.50	15.00	14.00	15.00	14.00	14.00	14.00	15.00	16.00	15.00	15.50	17.00	20.50	23.50	25.50	25.50	21.00	17.50	22.00	25.50	26.00	29.00	30.00	30.50	33.00	34.00	25.00	19.50	22.50	15.00	17.00	28.00	27.50	28.00	22.00	24.50	30.00	35.50	38.00	38.50	44.50	41.00	35.00	22.50	36.00	36.50	41.50	41.50	46.00	42.50	39.00	44.50	45.00	44.50	42.50	35.00	43.00	50.00	52.50	51.50	41.50	41.00	49.50	45.50	52.50	53.00	44.50	33.00	24.00	19.00	21.50	19.00	26.50	46.00	44.50	45.50	47.50	47.50	50.00	51.50	55.00	51.50	51.50	60.00	47.00	58.00	59.50	52.50	53.00	51.00	54.00	55.00	53.00	44.50	41.00	32.50	36.00	46.50	52.50	56.50	61.50	57.00	63.00	57.00	58.50	44.00	45.00	51.50	41.00	45.00	51.50	52.50	54.00	51.50	52.00	52.50	52.50	50.00	49.00	43.50	45.50	41.50	49.50	36.50	41.50	44.50	36.00	30.00	31.50	37.00	43.00	27.50
																																						1.00	3.00	8.25	5.75	6.25	6.75	6.75	3.00	3.50	4.50	4.00	5.75	5.00	2.50	2.75	4.00	6.00	6.75	7.25	7.25	6.25	6.25	5.75	5.00	5.00	5.00	6.00	7.00	6.50	6.00	6.50	8.00	7.75	8.00	9.25	9.25	7.00	6.50	7.75	9.25	7.25	6.25	6.00	8.00	8.75	7.75	7.75	6.50	6.75	8.75	8.75	9.00	9.50	9.50	9.50	10.50	10.25	8.75	3.75	3.00	5.75	7.50	8.00	7.75	8.00	8.25	8.00	7.25	7.50	7.75	9.00	8.50	6.25	7.25	9.25	9.50	7.75	8.50	10.75	10.00	11.25	11.50	10.25	8.25	8.00	9.25	10.50	12.50	12.75	13.75	12.50	13.50	14.50	15.50	15.50	15.00	16.50	17.75	20.50	22.75	23.50	25.75	25.25	17.00	24.25	23.75	25.50	28.00	28.75	31.75	33.75	33.00	27.00	24.75	22.00	19.50	18.75	27.75	28.00	29.50	27.25	23.75	30.25	33.25	32.00	38.75	42.75	40.75	33.50	25.75	31.50	33.00	37.00	38.50	44.00	42.75	41.50	47.25	46.75	46.00	43.00	33.25	44.25	47.50	51.00	51.50	45.25	44.75	51.25	50.00	54.50	52.50	47.75	38.50	23.75	20.25	21.25	20.25	30.75	46.75	43.25	46.50	48.50	47.25	48.50	49.00	54.25	50.25	52.50	59.00	50.25	60.75	58.25	49.75	54.50	54.25	50.25	56.75	51.00	50.25	41.25	42.50	34.00	43.25	53.25	54.50	58.50	57.50	61.00	50.75	52.25	41.25	41.50	48.50	45.25	50.75	52.00	52.75	52.25	50.75	50.50	51.75	50.25	48.75	48.75	47.25	46.00	44.25	43.75	40.75	42.50	44.50	40.00	30.50	35.50	40.75	42.00	30.00
																																				1.00	2.00	1.50	3.25	6.00	6.50	7.25	8.50	6.00	2.75	3.00	3.25	2.50	3.75	3.00	1.00	1.00	3.25	6.50	6.50	7.00	7.00	6.75	6.50	6.25	6.00	5.75	5.25	6.25	7.25	7.25	5.75	6.00	6.25	7.00	6.25	6.75	7.50	5.00	4.25	8.50	11.00	8.50	7.00	8.00	10.00	9.50	9.00	8.75	6.25	5.75	8.75	8.25	8.50	11.25	13.75	12.50	13.50	12.50	9.50	2.25	2.25	4.50	4.50	4.75	7.50	8.25	7.50	7.00	7.00	7.25	7.50	9.00	8.50	6.00	7.25	8.75	7.50	5.75	4.75	5.50	6.25	7.75	11.25	12.75	10.00	8.50	8.25	8.75	9.00	10.00	10.75	10.75	12.50	14.50	16.00	15.50	16.25	18.50	19.25	21.50	23.50	23.00	26.00	28.75	21.25	27.00	23.50	26.25	26.75	29.75	32.75	34.75	33.00	31.75	28.75	27.25	28.00	19.00	26.25	27.75	31.50	35.25	28.50	31.75	34.50	30.50	36.25	37.75	38.75	31.25	34.50	30.00	25.75	31.25	35.75	42.00	42.50	44.25	48.75	49.25	46.50	44.75	33.25	43.00	47.75	52.25	52.50	48.00	49.75	53.75	52.50	56.75	52.50	48.50	43.50	25.75	21.25	22.00	21.75	28.25	36.00	32.25	45.00	47.75	41.75	40.25	41.75	47.50	49.50	55.50	58.00	58.00	59.75	56.00	51.25	57.50	58.00	51.25	59.50	53.50	56.25	42.00	54.25	40.50	39.75	44.75	51.75	59.00	57.50	51.25	45.25	47.50	45.00	41.50	45.25	46.75	57.50	49.50	51.50	52.25	50.00	49.00	50.75	49.00	48.25	48.75	49.75	48.50	44.00	43.25	46.25	43.50	44.50	44.25	34.75	40.50	44.50	40.75	37.50
																																		1.00	3.50	3.33	2.50	3.25	4.75	5.00	5.50	7.75	8.75	6.75	2.75	2.75	3.00	2.50	3.00	2.25	1.00	1.00	4.00	7.50	7.00	7.25	6.75	6.75	6.75	6.25	7.00	5.75	5.00	7.25	8.00	7.25	6.75	6.25	6.00	7.50	6.50	6.00	7.25	5.25	5.75	8.75	9.75	8.25	8.25	10.00	11.25	9.75	9.75	9.75	6.75	5.25	7.00	6.25	6.75	10.75	15.00	14.75	15.50	14.00	10.25	4.00	4.50	3.25	2.00	2.25	7.50	8.00	7.50	7.00	8.25	8.00	8.50	9.00	9.00	8.50	8.75	8.00	5.50	4.50	2.75	2.50	4.50	5.75	9.00	12.50	12.50	11.00	12.00	12.50	10.25	9.00	8.75	10.00	13.00	15.00	15.75	15.25	17.00	19.00	20.00	21.25	23.50	22.75	24.75	26.50	26.00	28.25	27.00	27.75	27.75	32.00	32.00	35.25	34.75	34.25	26.50	27.00	26.50	19.50	25.50	28.00	32.00	34.75	36.25	36.25	36.25	37.00	34.50	33.25	37.75	36.75	41.00	33.25	23.75	29.25	33.75	42.50	44.25	45.00	49.00	49.50	43.75	39.50	34.75	39.75	47.25	52.00	53.25	45.75	50.25	50.25	49.00	55.00	53.50	45.50	42.00	35.25	26.00	24.75	24.00	21.75	23.75	22.50	32.50	36.50	32.75	38.75	43.75	46.25	51.75	56.50	58.25	62.25	58.25	58.50	58.25	60.00	58.50	55.50	60.50	56.25	52.50	46.25	53.50	53.00	47.75	44.75	45.50	54.75	50.75	48.50	51.75	54.50	56.25	51.50	51.50	47.25	54.75	49.75	51.00	54.75	52.50	49.25	51.25	50.75	50.00	49.75	46.75	49.25	38.75	48.00	48.00	44.50	44.50	44.25	40.50	41.25	41.75	37.00	39.00
																																		1.00	3.50	4.50	3.00	4.50	6.00	5.50	5.50	7.00	8.00	9.00	2.50	2.00	2.50	3.00	3.50	3.00	1.00	1.00	4.50	7.50	7.50	8.00	7.00	6.50	6.50	6.00	7.00	5.00	4.50	8.00	9.00	7.00	8.00	7.00	6.50	8.00	7.00	6.50	8.00	5.50	7.00	8.50	8.50	8.00	9.50	11.00	11.50	10.00	10.50	10.50	7.00	5.00	5.00	5.00	6.00	10.00	14.50	15.50	16.00	14.50	11.00	6.00	7.00	3.50	2.00	2.50	8.00	8.50	8.50	7.50	8.50	8.50	9.00	9.00	9.00	9.50	9.00	7.50	5.00	4.50	2.50	2.50	4.50	6.00	8.00	11.50	13.00	12.00	14.50	15.00	12.50	9.50	8.50	9.50	14.00	16.00	15.50	14.50	16.50	18.50	20.00	20.00	22.00	21.00	23.50	25.00	26.00	29.00	29.00	28.00	29.00	32.00	31.50	35.50	35.50	34.00	25.50	21.00	21.00	21.50	26.00	29.00	32.00	31.50	38.50	39.50	34.50	39.00	35.50	32.00	38.50	43.00	42.00	33.50	25.50	28.50	31.50	43.00	46.50	45.50	50.50	49.00	42.00	33.00	34.50	39.00	44.00	49.00	53.00	44.50	49.50	46.00	47.50	53.00	54.00	45.00	41.00	42.50	31.00	26.50	26.00	22.00	23.00	22.50	22.50	27.00	29.00	44.00	50.50	51.00	53.50	55.50	58.50	62.00	60.50	62.00	61.00	61.00	58.50	55.00	60.50	54.50	48.50	50.00	51.00	57.00	56.00	54.00	40.00	47.00	44.50	53.50	57.50	60.00	61.00	58.00	58.00	50.50	51.00	53.00	52.00	55.50	55.00	49.50	52.00	51.50	51.00	50.50	45.00	48.00	36.50	47.50	48.50	45.50	44.50	44.00	42.50	41.00	39.00	33.50	35.50
																																	1.00	4.00	7.00	6.00	4.00	3.50	5.50	5.00	6.50	10.50	8.00	5.00	3.00	4.00	2.50	1.50	3.00	7.50	7.00	6.50	4.00	3.50	6.00	8.50	9.00	9.00	9.00	7.50	6.50	8.50	8.00	7.50	7.00	5.50	5.50	8.00	6.50	7.00	7.50	7.00	8.00	8.00	8.50	7.00	6.50	8.00	8.00	9.00	9.00	9.50	12.00	12.00	9.50	8.00	4.50	3.00	4.50	8.00	10.50	11.00	11.00	10.50	9.00	9.00	11.00	9.00	5.00	7.00	9.50	9.50	10.50	12.00	9.00	6.50	7.50	8.50	9.00	9.00	9.00	6.50	6.00	3.50	3.00	2.50	5.50	5.50	6.50	7.50	7.00	10.00	12.50	15.50	15.50	13.50	10.00	8.00	12.50	15.00	14.00	16.00	18.50	19.50	18.00	19.50	26.50	22.00	22.50	24.50	21.50	21.00	28.00	28.50	29.50	32.00	30.00	31.50	34.50	29.50	23.50	28.50	27.50	20.00	26.00	28.50	34.50	35.50	28.00	30.00	32.50	39.00	37.00	36.50	36.50	36.50	39.00	41.00	34.50	37.50	39.00	33.50	42.00	39.50	45.00	49.00	46.00	34.00	45.00	44.50	50.00	51.50	50.50	49.00	47.50	38.00	40.50	50.00	46.00	43.00	35.00	31.50	40.00	43.00	46.00	32.50	26.00	24.00	23.50	22.50	28.50	38.00	50.00	51.00	50.50	51.50	57.50	64.50	61.50	64.00	60.00	54.00	56.50	57.00	56.50	51.00	39.00	53.50	52.00	55.50	59.00	56.50	51.50	52.50	58.50	52.00	51.50	53.50	57.00	59.50	62.00	60.00	60.00	53.00	57.00	59.00	55.50	52.00	52.00	49.50	47.00	44.00	46.50	45.50	40.00	45.50	44.50	44.50	44.50	43.50	43.00	38.50	39.50	35.50	38.50
																																	1.67	4.50	6.75	5.25	4.00	3.75	5.25	6.00	7.25	9.50	8.50	7.25	2.75	3.75	3.25	2.75	4.75	8.00	8.00	7.25	4.25	4.00	5.75	7.75	8.00	8.75	9.50	7.50	6.25	7.75	9.00	9.50	8.25	7.25	7.75	8.50	6.75	7.00	7.50	7.00	7.75	7.75	8.00	7.50	6.75	7.75	8.50	9.50	9.25	9.75	12.00	11.00	9.00	8.50	6.50	5.75	6.25	7.75	9.00	9.50	9.50	9.75	7.50	7.00	9.50	10.00	8.50	9.75	10.00	11.00	12.00	14.50	11.25	7.75	7.25	7.75	8.00	7.50	8.75	7.00	6.50	4.75	4.25	4.00	6.25	6.25	7.25	7.25	6.75	9.00	9.50	13.75	15.25	14.25	12.25	10.25	12.50	13.25	12.75	16.25	17.25	18.00	16.25	17.25	21.50	18.75	22.00	21.75	22.75	23.25	27.00	28.00	29.00	31.25	30.50	27.50	31.00	30.50	25.00	32.25	30.50	22.50	27.75	27.00	28.50	30.75	30.50	31.25	33.00	37.00	33.50	35.50	36.25	38.00	40.00	41.50	37.50	42.00	41.75	33.50	43.50	43.00	48.50	48.75	41.50	36.25	48.50	47.25	52.25	53.50	51.25	49.75	46.50	42.00	41.25	45.50	40.50	39.25	40.00	36.50	45.25	46.00	42.75	36.75	34.00	30.75	23.75	24.25	25.75	34.25	44.50	48.25	50.25	55.50	59.00	64.50	59.00	61.50	57.50	51.50	56.75	54.50	58.00	52.25	46.25	55.50	52.25	56.00	59.00	54.00	55.50	45.50	51.00	50.50	55.00	55.50	58.25	59.75	60.50	59.00	60.00	56.25	57.50	59.25	57.00	52.50	51.75	51.00	50.50	48.75	48.25	45.25	41.00	45.25	45.50	45.00	44.50	42.75	41.50	40.25	38.00	37.25	38.50
																															1.00	2.00	2.50	5.25	5.50	3.75	3.00	3.75	4.50	7.25	7.75	8.00	8.25	8.50	3.50	4.25	4.50	5.00	7.25	8.00	7.50	5.50	4.25	5.25	6.00	6.50	5.25	7.00	9.50	8.00	7.50	7.00	8.75	9.50	8.25	9.75	11.00	10.50	7.25	6.25	8.00	7.50	6.75	6.00	6.50	8.00	8.25	8.25	8.00	9.00	8.25	9.50	11.50	8.75	8.25	8.75	9.00	9.50	9.75	9.50	8.75	8.00	7.75	7.75	6.00	6.00	8.25	10.75	11.50	12.25	11.25	13.25	14.25	16.50	13.25	9.00	6.00	6.75	6.75	6.25	8.50	7.50	6.00	5.75	5.75	7.00	7.75	7.75	7.75	6.75	7.50	8.25	6.00	10.75	13.75	15.00	15.25	13.25	12.50	11.50	13.00	15.00	14.00	15.00	14.50	17.50	20.75	20.25	23.25	22.00	23.25	25.50	28.50	26.75	27.50	30.50	29.25	23.75	27.25	31.50	26.75	35.75	31.75	27.25	27.00	29.25	25.00	27.00	29.00	28.00	29.75	31.25	29.50	34.50	36.25	38.75	41.50	44.25	43.00	49.00	46.50	36.00	46.75	48.00	52.75	47.00	41.25	39.00	51.25	52.50	55.25	54.00	50.25	52.50	48.25	45.50	44.00	41.50	36.25	38.75	44.75	43.50	49.75	47.75	44.25	45.50	41.75	34.75	32.00	29.75	23.75	28.25	36.25	40.75	49.25	57.50	59.75	63.25	54.25	52.75	49.25	50.75	58.50	53.75	57.75	53.75	54.50	59.00	54.75	58.50	57.00	56.25	55.00	42.25	49.75	43.25	52.50	55.50	59.25	58.50	55.75	59.25	59.00	59.25	58.00	58.75	58.25	53.25	53.50	54.00	56.00	53.00	50.25	48.25	46.75	44.75	45.00	45.75	43.50	42.25	40.75	41.25	39.50	39.00	38.25
																															1.00	2.00	3.00	5.50	4.50	3.00	2.00	3.50	4.00	7.50	7.50	7.50	7.50	7.50	4.50	5.00	5.00	6.00	8.00	7.50	6.00	3.00	4.00	6.00	6.50	6.00	3.50	5.50	9.00	8.50	9.00	7.00	7.50	7.50	7.00	10.50	12.00	12.00	7.50	5.50	8.50	8.00	6.00	4.50	5.50	8.00	9.50	9.00	7.00	8.00	7.00	9.00	11.00	7.50	8.00	8.50	9.50	10.50	11.50	11.50	10.00	8.00	7.50	6.50	6.00	7.00	8.50	10.50	11.00	12.00	12.00	14.00	15.00	16.00	13.00	9.00	5.00	6.50	6.50	6.50	8.50	7.50	5.00	5.50	6.00	8.50	8.50	8.50	7.50	6.50	8.50	8.50	5.50	9.50	12.50	15.00	16.00	14.00	12.50	11.50	14.50	13.50	12.00	13.50	14.50	20.00	25.00	25.00	25.00	25.00	22.50	25.50	31.00	26.00	26.50	30.50	27.50	24.00	27.00	31.50	27.00	35.50	30.00	29.50	24.50	33.00	27.50	28.00	25.00	23.50	26.00	27.50	29.00	34.50	36.50	38.00	42.00	46.50	45.50	51.50	48.50	38.50	48.50	49.50	53.50	45.50	45.50	39.50	50.50	55.00	56.00	52.50	48.50	54.50	51.00	45.00	46.00	42.00	37.50	42.00	44.50	45.50	49.00	46.50	49.00	50.00	41.50	32.00	40.00	33.50	24.50	26.00	33.50	36.00	48.50	55.50	59.00	62.00	52.00	46.50	43.50	52.50	60.00	55.50	56.00	54.00	55.50	60.50	57.00	60.50	55.00	61.00	50.50	46.00	56.00	37.50	46.50	53.50	59.00	57.00	52.50	60.50	58.00	59.00	58.00	58.00	58.00	53.50	55.50	55.50	58.00	52.50	50.50	51.50	51.50	44.50	43.50	46.00	42.50	42.50	41.50	40.50	42.50	39.00	38.00
																														1.00	2.00	1.00	2.50	3.50	3.00	2.50	3.00	4.50	5.50	9.50	7.00	10.50	10.00	9.00	6.50	7.00	7.00	8.50	8.50	6.00	5.50	2.50	4.00	7.00	7.00	4.50	3.00	3.00	4.00	6.00	8.00	7.00	8.00	8.00	9.00	9.50	11.50	11.50	7.50	7.00	7.00	7.00	5.50	3.50	3.00	6.00	9.50	16.00	14.00	11.50	9.50	10.00	10.50	9.50	11.00	10.00	11.00	12.00	14.00	14.00	12.00	9.50	8.00	6.50	8.00	10.50	9.00	10.50	12.50	13.00	13.00	14.50	16.50	16.00	14.50	12.00	7.00	10.50	11.50	10.00	9.00	6.50	5.00	6.50	5.00	8.00	7.50	8.00	8.50	8.50	9.00	9.00	8.00	5.50	6.50	9.50	9.50	8.50	8.00	7.00	9.50	10.00	8.00	9.00	12.00	19.50	24.00	24.50	25.50	23.50	25.50	27.50	26.50	27.00	22.00	25.50	23.00	25.00	29.00	30.50	33.00	33.00	32.00	31.00	28.00	26.50	30.00	29.00	26.00	30.50	36.00	33.00	35.50	28.50	31.00	37.00	35.00	38.50	46.00	48.00	50.00	45.00	45.00	45.00	48.50	52.00	53.00	48.50	50.50	52.50	49.50	49.00	49.00	51.00	51.00	49.00	43.00	45.50	42.50	46.00	39.50	48.50	50.50	50.50	44.50	41.00	33.50	40.50	44.00	34.00	25.50	24.50	27.00	33.00	31.00	40.00	48.50	52.50	48.00	43.00	45.00	49.00	58.00	58.00	58.00	60.00	59.50	55.50	57.50	59.50	58.50	54.50	49.50	58.50	48.50	50.00	49.50	43.50	49.00	54.50	47.00	53.50	53.00	53.00	52.00	55.00	55.50	57.00	56.00	57.50	56.50	53.00	53.50	53.50	52.50	50.00	49.00	46.50	42.00	37.50	38.50	36.50	38.00	40.50	35.50
																												1.00	1.50	1.00	2.00	3.50	4.00	3.50	2.00	2.00	3.00	4.50	6.50	7.00	7.00	10.50	10.00	8.00	6.50	7.50	7.50	8.00	5.00	5.00	4.00	2.00	2.50	7.00	6.00	3.50	3.00	4.00	5.50	4.00	7.00	7.50	7.50	7.50	7.00	6.50	11.00	11.50	9.00	7.50	7.00	7.00	6.00	4.00	4.00	3.00	5.50	12.50	16.00	14.50	12.00	9.00	8.00	7.00	9.00	13.50	11.50	10.00	11.00	11.00	11.50	10.50	7.50	5.00	7.00	12.00	11.00	9.00	11.50	14.50	16.00	16.00	16.50	17.00	18.50	15.00	10.50	11.00	14.00	13.50	6.50	3.00	4.00	3.50	4.00	4.50	8.00	8.00	6.00	7.00	9.00	9.50	9.50	9.00	7.50	6.00	5.00	6.50	8.00	8.00	7.00	7.50	7.00	9.50	11.50	14.00	20.00	23.00	20.50	21.00	19.00	17.00	16.00	15.00	18.50	16.00	18.00	16.00	21.50	24.00	29.00	29.00	34.00	31.50	32.00	29.00	26.50	31.00	35.00	28.50	34.00	32.50	38.50	38.00	39.50	33.50	40.50	42.00	41.00	44.50	46.00	42.00	37.50	45.50	43.50	46.00	45.00	45.00	46.50	40.50	47.00	43.00	43.00	40.50	46.00	49.50	47.00	47.50	51.00	48.00	46.50	50.00	44.50	46.00	41.50	39.50	44.50	46.00	44.00	35.50	26.50	26.50	25.50	27.00	25.50	31.00	36.50	48.50	49.50	52.00	55.00	57.00	56.00	59.00	55.00	53.50	52.50	51.00	56.50	56.00	58.50	55.50	56.00	50.00	38.00	53.00	56.50	45.00	45.50	51.50	48.00	49.50	50.00	45.50	54.00	56.50	55.00	55.50	58.00	56.50	55.50	56.00	56.00	51.00	50.50	49.50	53.00	50.00	46.00	41.00	38.50	39.50	35.50	29.50	33.00
																											1.00	1.67	1.25	1.50	2.50	4.25	4.50	4.50	2.25	1.50	2.50	4.75	8.00	8.00	8.75	12.50	11.75	10.50	7.25	6.75	7.50	8.50	6.50	6.25	4.50	3.25	4.00	7.00	6.25	3.50	3.50	4.75	6.50	6.00	6.75	7.25	7.75	8.25	8.50	7.50	9.25	10.50	9.50	8.00	7.25	7.25	6.25	4.75	4.50	3.25	5.00	11.25	15.00	13.75	11.75	8.50	7.00	5.50	9.75	15.50	13.50	11.00	11.00	11.25	11.75	10.50	8.00	5.00	6.75	11.25	11.50	9.50	11.50	15.25	17.50	16.75	16.00	16.25	17.75	15.75	11.25	12.00	14.00	13.25	6.75	3.25	4.00	4.75	5.50	5.00	6.75	8.25	7.75	8.75	9.00	8.25	9.25	9.00	7.25	5.25	5.00	6.50	7.50	8.75	9.00	8.25	7.00	10.25	12.00	14.25	17.75	18.50	17.75	17.75	16.50	17.50	18.00	18.25	21.25	21.00	21.25	20.00	21.50	24.75	29.75	31.50	35.00	34.00	32.00	32.00	29.75	28.50	33.00	29.50	33.75	33.25	37.50	38.50	36.50	32.00	37.50	39.50	40.25	44.75	45.50	43.50	37.50	40.75	42.50	42.00	42.75	42.75	42.00	40.00	47.25	44.50	40.25	40.50	44.25	48.00	48.00	45.75	48.00	48.50	48.75	51.00	44.25	43.25	39.75	37.00	45.00	48.25	44.50	37.25	30.00	34.75	32.25	27.75	28.50	28.25	32.50	47.00	48.00	51.50	54.50	53.00	53.00	57.50	53.25	48.50	49.50	54.25	57.50	57.75	58.50	58.00	59.00	48.75	44.50	50.00	58.00	47.25	47.50	53.25	50.25	53.00	51.75	48.00	54.75	55.00	55.50	56.00	57.25	56.75	55.50	56.00	54.00	51.25	50.25	49.75	52.50	49.25	46.75	44.25	41.00	39.25	32.50	30.25	30.25
																										2.00	2.33	2.25	1.75	2.50	3.75	5.25	5.25	5.25	3.25	1.75	3.25	8.00	9.75	9.25	9.25	13.00	12.25	12.00	9.00	6.50	7.75	8.00	8.75	8.25	5.50	5.75	6.25	7.00	6.25	4.50	4.50	5.00	6.50	8.00	6.25	7.25	7.50	8.75	9.50	8.00	7.25	8.25	7.25	7.00	8.25	7.50	6.75	6.00	5.25	4.00	6.50	11.25	14.50	13.00	11.50	7.50	6.25	4.75	11.75	16.50	13.50	11.50	10.75	11.75	11.00	8.25	7.50	6.50	6.00	8.50	11.00	8.75	7.75	11.50	16.75	16.50	12.75	12.75	15.25	16.50	13.00	14.00	15.00	14.00	10.50	7.50	7.25	8.50	8.50	7.00	7.00	8.00	8.75	9.75	8.25	7.00	9.25	9.50	7.00	3.75	5.00	7.00	6.75	8.25	9.75	8.25	6.50	9.75	11.25	11.75	16.25	18.50	16.00	14.00	16.50	19.00	19.50	20.75	24.25	26.75	25.75	26.75	22.25	28.25	31.75	33.50	35.00	35.25	34.25	34.75	34.50	29.00	29.75	29.50	32.75	33.75	33.75	33.75	33.75	35.50	35.25	38.25	41.25	43.00	43.75	44.75	37.25	32.50	36.75	36.75	38.25	40.50	42.75	43.75	40.75	41.50	39.25	41.25	42.50	43.75	45.00	46.75	44.50	50.75	52.25	50.00	45.75	42.75	37.50	41.75	45.75	50.50	46.25	37.50	33.50	44.00	42.75	37.50	39.50	31.50	28.75	36.00	36.50	40.50	44.25	46.50	49.75	54.75	48.50	44.00	48.25	55.00	60.00	60.50	60.50	61.00	60.25	49.25	56.25	51.50	60.00	54.25	54.50	55.75	54.00	57.00	48.00	51.00	53.75	53.50	55.50	54.25	55.50	54.75	55.75	55.50	50.75	52.50	50.75	45.75	46.25	46.00	46.75	47.00	44.00	38.50	33.50	36.25	28.50
																								2.00	2.00	2.00	2.75	2.75	2.75	2.75	4.50	5.75	5.75	5.00	5.25	3.25	5.75	11.25	8.75	9.00	8.75	10.25	9.00	9.00	9.50	7.25	7.50	6.00	9.50	8.75	7.00	7.00	7.25	7.75	6.50	5.75	5.00	4.75	5.50	7.50	6.50	8.00	7.50	8.75	9.00	7.00	7.00	7.00	5.50	6.50	9.75	9.00	7.75	7.75	7.25	7.75	10.75	12.75	14.75	12.50	11.00	8.50	8.25	7.75	12.00	13.25	11.50	10.75	10.00	10.00	9.25	5.00	5.75	6.50	4.75	5.75	6.75	5.25	3.50	5.00	9.25	10.00	6.50	7.50	14.00	17.00	15.50	15.00	15.50	16.25	15.50	13.75	13.75	14.25	11.50	8.25	8.50	8.75	9.25	9.25	7.25	6.25	9.25	10.75	8.00	3.25	4.75	6.50	7.00	7.50	8.25	7.25	6.00	7.75	7.75	8.25	14.25	17.50	10.75	9.00	14.25	14.25	17.50	21.00	23.00	27.00	28.00	30.00	25.75	30.00	34.00	32.00	30.50	29.75	33.00	34.00	35.50	32.50	30.25	27.75	31.50	34.25	29.50	27.50	32.75	39.00	37.50	37.75	39.75	37.25	41.50	40.50	31.50	31.25	33.75	38.50	41.00	43.50	43.75	42.00	38.25	38.25	41.25	42.75	43.00	43.25	44.25	48.00	48.25	52.25	50.75	49.00	47.25	42.50	39.75	51.00	48.00	52.00	46.00	41.25	33.50	41.25	47.25	47.50	49.25	41.00	36.50	26.25	32.50	36.75	33.00	37.25	42.50	49.00	49.75	49.50	53.50	55.00	59.25	58.25	62.75	58.75	57.75	54.75	58.00	58.00	61.00	59.00	59.75	55.00	56.50	58.50	45.25	49.00	50.50	54.25	55.25	53.50	54.00	50.50	53.50	53.00	51.00	53.00	51.25	45.25	44.25	44.50	43.00	41.00	40.25	38.50	37.00	34.50	34.50
																							1.00	4.00	4.25	3.25	3.50	3.00	3.00	3.00	6.00	7.00	6.50	5.25	6.00	4.75	6.50	10.25	8.25	9.00	9.50	9.75	10.00	8.00	8.25	7.50	7.00	6.50	8.25	8.25	7.00	6.50	7.25	8.25	7.25	7.00	6.50	8.00	7.75	7.50	7.25	7.75	7.25	8.00	8.75	7.00	7.25	6.75	6.75	7.25	9.25	10.25	9.25	9.75	10.00	10.75	12.25	13.00	13.75	12.25	11.50	12.00	11.75	12.25	14.00	14.00	12.75	11.25	10.75	10.50	10.00	5.00	5.50	4.50	4.25	5.00	3.75	3.00	3.00	3.00	3.50	4.25	3.00	4.00	15.25	18.50	18.00	16.50	15.00	16.50	17.25	17.50	18.50	16.25	12.00	9.25	11.00	13.00	14.25	11.50	7.75	5.50	8.25	10.75	7.25	4.50	5.00	6.75	7.75	6.75	6.25	6.75	7.25	7.50	6.25	7.25	10.00	8.75	4.25	4.25	9.75	7.00	12.50	16.50	16.00	24.00	26.25	25.50	27.25	29.75	31.75	26.50	25.25	22.25	29.25	28.50	29.50	29.75	32.00	27.25	29.50	34.00	27.25	29.00	33.25	37.00	34.25	30.75	31.25	29.50	34.50	31.00	28.25	34.25	37.25	37.25	41.00	38.75	39.50	40.50	44.50	40.25	43.50	44.50	46.25	47.00	46.75	45.75	48.50	48.75	51.00	46.75	48.50	42.50	42.50	52.00	50.00	53.25	47.50	46.25	37.50	36.50	44.50	46.00	50.25	47.25	46.50	26.25	37.50	45.50	37.75	37.25	33.75	40.50	47.50	53.00	53.25	51.25	53.50	54.00	57.50	55.50	58.25	59.25	58.25	59.25	60.50	56.50	52.75	53.00	57.25	57.25	48.25	51.75	48.00	53.50	55.50	54.75	54.25	50.50	50.25	49.75	49.25	49.50	50.75	50.25	49.25	47.00	42.75	39.25	40.50	41.50	33.50	30.25	39.25
																					2.00	4.50	2.67	5.00	5.75	4.50	5.75	4.75	4.75	5.75	7.50	8.00	7.00	6.25	5.50	5.50	5.25	7.00	9.00	10.25	10.25	11.50	12.75	9.75	6.25	7.25	7.75	9.00	6.50	7.00	5.50	5.50	6.25	7.00	7.25	8.00	8.25	11.25	10.75	9.00	8.75	8.25	7.25	7.00	8.00	9.00	9.00	7.00	6.25	6.00	6.50	7.50	7.50	9.50	11.25	10.50	10.50	12.25	13.25	12.75	14.00	15.75	16.00	17.50	19.75	18.50	15.25	15.00	15.50	15.25	12.50	6.75	5.75	3.25	3.75	5.25	7.25	5.25	5.25	4.75	3.75	6.00	4.25	3.00	15.00	18.00	19.75	20.00	16.50	14.50	16.25	18.50	20.50	15.00	10.00	9.50	13.25	16.00	18.75	16.50	12.75	9.50	11.25	11.25	5.75	4.75	4.50	7.00	9.00	7.25	5.75	7.25	8.25	7.50	7.00	7.50	8.75	7.00	5.00	5.75	7.75	5.00	7.75	9.50	9.25	16.25	15.75	20.50	24.25	24.75	20.25	16.25	18.25	16.00	22.00	17.50	16.75	20.50	24.25	21.75	23.50	25.75	24.25	29.75	33.00	27.25	24.50	20.50	22.25	24.50	27.75	26.75	28.50	31.25	35.75	37.25	37.00	36.75	39.25	40.00	40.75	36.50	42.75	44.75	43.50	45.50	44.75	46.75	47.75	47.75	51.75	47.25	52.50	49.25	49.00	49.75	52.50	53.00	51.25	46.75	44.00	36.25	42.25	46.50	49.50	47.75	48.00	25.00	33.75	42.50	45.25	46.50	38.00	39.50	38.25	43.00	45.50	49.50	50.50	51.25	54.25	53.50	57.50	61.25	58.00	55.75	58.75	53.75	50.25	54.75	58.25	57.50	51.00	56.25	48.75	51.00	53.25	54.00	54.25	49.25	51.25	50.00	47.75	49.25	49.25	49.50	49.75	49.50	46.25	42.75	42.50	39.00	34.25	35.25	37.25
																					2.00	4.50	3.50	5.00	5.00	4.50	7.00	6.50	6.50	8.00	7.50	8.00	7.00	7.00	5.50	5.50	4.50	5.00	9.00	11.00	11.00	12.50	12.50	10.50	5.00	7.00	8.50	10.00	6.00	6.00	5.00	5.00	5.50	6.00	7.00	8.00	8.50	11.50	11.50	10.00	10.00	9.50	8.00	7.00	7.50	10.50	10.50	7.50	5.50	5.00	5.00	5.00	5.00	8.50	11.50	10.50	9.50	11.50	13.50	13.00	15.50	17.50	18.50	20.50	22.50	20.00	16.50	18.00	19.00	17.50	13.50	7.50	5.50	2.50	3.00	5.50	10.50	7.50	7.50	6.50	4.50	8.00	5.50	3.00	14.00	16.50	20.50	22.00	18.00	13.50	15.00	18.00	21.00	15.00	9.00	8.50	13.00	16.00	19.50	19.50	17.00	13.50	15.00	12.50	6.00	4.00	3.50	6.00	10.00	9.00	7.00	8.00	8.00	7.00	7.00	8.00	9.00	8.50	6.00	7.50	5.50	4.50	6.50	8.00	8.00	11.00	8.00	20.50	22.50	19.00	12.00	10.50	13.00	13.00	15.00	11.50	9.50	14.50	16.50	16.00	19.00	18.50	22.00	28.00	31.00	18.00	19.50	15.50	18.50	23.50	27.00	28.00	26.50	27.50	32.50	41.50	38.00	42.50	39.00	35.00	35.00	32.00	40.00	44.00	38.00	42.50	43.50	48.50	51.00	50.00	49.50	51.00	55.00	53.50	55.50	48.50	55.00	53.00	52.00	47.50	46.50	37.00	43.50	49.50	49.50	45.50	47.00	23.50	31.00	37.50	46.50	49.00	44.00	42.50	35.50	34.50	41.50	54.00	51.00	49.50	56.50	52.00	55.50	62.50	54.00	53.00	58.00	53.50	55.00	57.00	59.50	60.00	53.50	55.50	50.50	50.00	51.00	53.50	53.50	46.00	53.00	51.50	49.50	52.00	48.00	47.50	49.00	50.50	47.00	42.50	40.00	34.00	38.00	37.50	35.50
																				1.50	4.00	4.50	4.50	4.50	7.00	6.00	7.50	7.50	8.50	10.00	10.50	8.50	7.00	6.50	8.00	8.50	7.00	5.50	9.00	8.00	9.00	10.50	10.00	9.00	6.50	7.00	7.50	9.00	8.00	4.50	3.50	2.50	5.00	4.50	6.50	7.00	8.00	10.00	9.50	10.00	10.00	8.50	5.50	5.00	6.50	7.00	8.00	7.50	5.00	6.00	6.50	7.00	5.50	5.00	6.50	8.50	10.50	13.00	13.50	13.00	14.00	17.50	19.00	19.50	23.00	22.00	22.50	23.50	25.00	22.00	16.50	9.00	6.50	6.00	6.00	3.00	5.50	3.00	6.00	6.50	5.00	7.00	12.00	5.00	13.00	16.00	18.50	21.50	21.00	16.50	13.00	17.00	23.00	19.50	14.50	7.50	7.50	12.50	19.00	21.00	22.50	20.50	22.00	22.50	18.50	11.50	7.00	6.50	6.50	9.50	10.00	9.50	9.50	6.00	7.00	8.50	8.50	7.00	8.00	6.50	5.50	7.00	5.00	6.00	6.50	8.50	7.50	11.50	11.50	8.00	7.00	10.00	8.00	9.00	9.50	11.00	7.50	8.50	15.00	12.00	11.00	11.50	13.00	14.00	17.00	23.50	27.00	28.50	37.50	36.50	30.00	24.00	33.50	37.50	40.00	42.00	46.00	40.00	37.00	40.50	44.50	44.50	38.00	37.50	39.50	44.50	51.00	51.50	53.50	50.50	52.00	55.00	57.50	54.00	54.50	50.00	50.00	47.50	44.00	45.50	45.00	40.00	41.50	44.50	47.00	49.50	42.50	30.00	24.50	26.50	41.00	44.00	49.50	51.00	43.00	46.50	38.00	39.00	47.50	46.50	38.50	41.50	47.50	49.00	47.50	43.00	43.50	43.50	48.50	52.50	57.50	56.50	53.50	56.00	55.00	55.50	53.00	53.00	51.00	53.00	53.50	50.00	50.50	48.50	45.50	45.50	49.50	47.00	46.00	45.00	39.50	32.00	40.50	40.50	39.00
																		0.00	1.50	3.50	3.00	6.50	6.50	3.00	7.50	8.00	8.50	8.50	8.50	8.50	9.00	7.50	10.00	9.00	6.50	7.00	7.50	9.00	8.00	10.00	7.50	6.00	5.00	5.50	6.50	7.00	7.00	7.00	8.00	7.00	4.50	3.50	6.50	7.00	6.00	4.00	6.50	8.00	8.00	8.50	7.00	6.00	4.00	4.00	8.00	5.50	6.00	8.50	7.00	6.50	8.50	11.00	10.50	9.00	7.50	8.00	10.50	11.00	11.00	11.00	13.00	17.00	17.50	18.00	16.50	19.00	22.50	25.50	27.50	25.00	20.50	11.00	7.50	8.00	7.50	5.50	5.00	3.00	4.50	4.00	4.00	5.50	8.50	8.50	11.00	15.00	18.50	19.00	19.50	15.50	12.50	18.50	24.00	26.00	22.00	16.00	10.50	9.50	15.00	21.00	23.50	22.50	22.00	24.00	23.00	18.00	14.00	12.00	6.00	8.50	13.50	13.50	11.00	12.50	11.00	9.00	7.00	6.00	6.00	7.00	5.50	6.50	5.00	6.00	6.50	6.50	7.50	7.50	7.00	7.00	15.50	21.00	18.00	19.00	22.00	23.50	23.00	26.00	31.00	26.50	18.50	24.50	24.00	19.00	17.00	27.00	30.00	24.00	24.00	16.00	15.00	22.50	21.50	22.50	30.00	28.00	30.00	33.00	43.50	42.00	45.00	46.00	41.50	44.00	45.50	44.00	51.50	50.00	43.00	43.50	47.50	54.50	53.50	56.50	51.00	51.00	42.00	42.50	43.50	44.50	37.00	38.50	42.00	49.00	50.00	46.50	48.50	47.00	38.00	28.50	24.50	38.50	49.00	51.00	43.50	48.50	50.50	44.50	49.50	55.50	54.00	47.00	50.00	42.50	46.50	55.00	54.50	45.00	52.00	56.00	51.00	53.00	47.00	56.00	49.50	54.00	55.00	58.00	56.00	47.00	47.00	45.50	50.00	50.00	45.50	40.50	43.50	42.50	40.00	36.50	35.00	36.50	39.50	41.00	38.50
																	2.00	1.33	2.50	3.50	2.50	5.75	5.50	3.00	5.00	7.25	9.25	9.00	9.50	10.25	11.50	9.00	10.00	9.00	7.75	8.25	6.75	7.75	7.25	9.50	7.25	5.50	5.00	5.50	6.75	7.00	7.25	7.25	8.00	7.50	4.50	3.50	6.50	7.50	6.25	4.50	6.50	7.25	6.50	8.00	7.75	7.50	5.75	6.00	9.25	8.75	8.50	9.00	7.25	7.25	9.00	10.75	10.75	10.00	9.00	9.50	11.50	12.25	13.00	12.75	13.75	16.50	16.75	16.75	14.25	17.50	21.50	24.75	26.25	24.75	22.00	15.75	13.00	10.00	9.25	7.00	5.75	4.00	5.50	4.00	3.75	5.75	8.00	8.50	11.00	13.00	15.50	17.75	19.25	16.00	13.25	18.00	22.00	25.25	22.75	18.75	14.25	9.75	11.25	16.50	20.00	21.00	20.50	21.75	22.00	19.50	17.00	13.00	6.50	11.25	16.00	17.25	16.00	15.25	14.50	10.25	6.25	6.00	6.00	6.75	6.00	6.25	6.00	6.25	7.25	7.25	7.50	8.00	6.75	6.50	13.75	18.75	17.25	18.25	21.00	21.50	21.00	25.75	30.50	28.75	23.75	27.25	29.25	23.25	16.25	19.50	21.25	17.75	19.00	16.75	17.75	29.00	27.50	26.50	26.75	28.25	29.50	31.75	38.25	41.00	45.75	46.00	44.50	46.75	45.00	44.50	49.00	45.50	39.25	45.75	50.25	55.25	52.50	56.25	54.50	51.75	48.75	46.00	44.75	44.00	41.00	41.50	42.75	46.00	48.00	48.00	47.25	46.50	41.00	37.50	27.75	36.25	48.50	51.25	47.50	50.75	52.00	50.50	51.75	56.00	56.00	52.25	51.50	46.75	48.00	56.00	57.25	48.75	50.75	49.25	49.75	50.25	46.50	51.00	48.00	54.75	55.75	56.50	55.00	49.25	49.75	48.25	48.50	48.25	47.25	40.75	42.00	40.00	39.50	36.50	37.50	39.25	37.25	39.00	38.75
															0.00	1.00	2.00	2.50	3.50	3.50	3.25	4.25	3.25	5.00	5.00	7.25	10.25	11.25	10.50	9.75	13.75	12.50	11.50	9.50	7.75	8.50	7.00	6.75	8.25	9.00	7.75	6.25	6.50	7.25	7.75	8.00	8.00	6.75	5.50	5.50	3.25	2.75	6.25	7.75	6.25	5.50	6.75	6.00	4.25	5.75	6.50	8.00	7.50	8.75	10.00	11.75	10.75	9.25	9.25	9.00	10.00	11.50	11.50	11.50	11.25	12.25	13.50	14.75	16.00	16.00	16.25	16.50	16.50	16.00	14.25	17.25	20.25	20.75	21.25	22.25	23.00	22.50	22.00	14.75	11.50	8.25	6.75	5.50	6.75	4.50	4.25	5.25	7.00	8.75	13.00	13.25	12.75	14.50	16.75	16.25	15.50	16.75	19.25	23.25	22.00	23.25	20.00	11.50	7.50	9.50	14.75	18.75	19.25	20.00	22.00	22.50	20.50	14.50	8.00	14.25	19.00	21.50	21.50	20.25	19.75	13.50	6.00	6.25	5.75	6.25	7.00	6.75	6.75	6.75	7.75	8.00	7.75	7.50	7.75	7.50	10.00	18.00	19.75	21.25	23.50	23.75	21.75	25.25	27.50	29.00	31.75	33.00	34.25	26.00	19.25	17.75	15.75	13.25	16.25	23.75	19.00	29.50	31.25	34.25	31.25	32.00	33.50	33.75	38.00	42.00	45.25	44.50	45.50	48.50	42.50	39.00	39.25	36.75	37.25	48.00	52.50	55.75	52.75	55.75	55.50	51.25	52.25	47.00	44.00	46.50	45.50	44.25	43.50	44.00	45.50	46.50	43.25	45.25	43.75	45.50	39.75	35.25	38.50	42.00	46.25	50.50	50.75	55.00	54.75	53.25	54.75	57.00	55.75	54.25	49.00	53.00	58.00	56.25	54.00	47.50	53.25	51.75	50.00	51.00	46.50	53.50	55.00	53.50	53.00	50.75	51.00	50.25	46.25	46.25	46.00	44.00	42.75	40.00	40.25	37.25	40.50	41.75	36.75	38.25	39.00
													1.00	1.00	0.67	1.25	1.75	3.00	4.00	4.75	5.50	3.25	3.00	7.00	7.00	7.00	9.00	10.75	9.75	7.75	13.50	13.50	13.50	9.50	7.50	9.25	9.00	7.50	9.00	12.00	11.75	8.00	8.75	8.00	7.00	7.00	7.00	5.00	3.00	4.25	2.25	2.25	6.25	7.75	7.25	6.25	7.00	7.75	5.50	5.25	5.50	6.00	7.00	9.00	9.25	11.25	9.75	9.25	10.25	9.75	10.50	11.75	12.00	12.00	13.75	15.00	14.50	15.00	16.75	17.50	17.75	17.75	17.25	16.50	18.25	19.50	19.00	16.00	16.00	18.50	20.00	21.50	23.00	18.75	13.75	10.25	7.75	6.75	7.00	7.25	6.25	5.50	6.00	8.25	15.00	16.50	15.25	13.75	13.50	15.75	16.50	15.50	18.75	20.25	19.50	22.25	20.25	14.75	12.00	9.00	9.50	13.00	15.75	18.25	23.00	24.50	21.75	14.75	9.75	15.00	19.00	20.75	20.50	23.25	23.50	19.25	11.00	12.00	8.25	5.75	6.50	7.00	6.25	6.75	7.25	6.75	7.25	6.50	8.00	8.00	8.00	17.00	20.75	23.00	26.00	28.00	26.50	24.00	26.75	26.50	33.50	34.50	32.00	25.25	26.50	27.75	22.25	19.00	18.50	25.75	23.50	21.75	25.25	33.50	39.00	38.25	40.25	39.75	45.50	43.25	39.75	37.25	39.50	43.25	35.75	31.00	33.75	38.25	45.00	50.75	55.25	54.50	56.50	56.00	54.50	52.00	50.25	46.75	38.75	43.50	42.75	40.00	40.75	41.75	44.25	45.75	40.25	44.75	43.50	45.50	48.25	39.50	37.00	37.25	37.75	42.75	41.50	49.00	49.50	48.25	53.00	53.50	58.50	53.50	50.00	49.00	50.00	54.50	58.00	54.25	56.50	56.25	56.25	54.25	49.50	51.75	53.25	53.25	52.75	50.75	49.75	50.00	47.50	45.50	43.00	48.00	44.75	42.25	39.50	37.75	41.00	41.75	39.25	38.75	39.25
													1.00	1.00	1.00	1.50	1.50	3.00	4.50	6.00	6.50	3.00	4.00	7.00	6.50	6.00	7.50	8.50	9.00	8.00	13.50	12.50	14.00	9.00	8.50	11.00	10.00	8.00	8.00	15.00	15.00	8.50	9.50	7.00	5.50	5.00	5.50	4.00	3.00	5.50	2.50	2.50	6.50	8.00	8.50	6.50	7.00	10.00	7.50	6.50	6.50	5.00	6.50	8.50	9.00	11.00	9.00	9.50	9.50	9.50	10.50	11.00	12.00	12.00	15.50	16.50	14.50	14.00	16.50	17.50	17.50	18.50	17.50	16.50	20.00	20.50	18.00	14.50	14.50	17.00	17.50	18.50	20.50	20.00	15.50	12.50	8.50	7.50	7.00	9.50	7.50	6.50	5.50	7.50	15.00	17.50	17.50	15.00	12.50	15.50	16.00	15.00	19.00	18.50	18.50	19.50	18.50	16.50	16.50	11.00	6.00	8.00	12.00	16.00	23.00	25.00	22.50	14.50	10.50	15.50	18.50	19.50	19.00	24.00	25.50	23.00	15.50	17.50	11.00	5.50	5.50	6.50	6.00	6.50	7.00	5.50	6.50	6.50	7.00	7.00	8.00	14.50	18.50	21.00	25.00	28.00	28.50	23.00	28.50	26.00	32.50	33.00	30.00	26.00	30.00	32.00	25.50	23.00	18.50	21.50	29.50	20.00	21.50	29.00	39.00	41.00	42.50	42.50	48.00	42.50	35.50	31.50	35.50	39.00	31.00	29.00	35.50	44.00	51.00	53.50	58.50	53.50	59.00	56.50	56.00	54.00	51.50	49.00	35.50	37.50	39.50	36.00	38.00	38.50	43.50	48.00	40.00	45.00	43.50	46.50	48.00	42.50	45.00	42.00	34.50	37.50	35.00	44.50	43.50	46.50	54.50	50.50	58.50	49.50	51.50	49.00	44.00	49.00	57.50	56.00	55.00	56.50	58.50	52.50	52.50	52.00	53.00	54.50	53.50	51.50	50.00	50.50	49.50	45.00	43.00	49.00	44.50	42.00	37.50	37.50	41.00	42.00	40.00	38.00	39.50
											1.00	1.00	1.50	1.00	1.50	2.00	2.50	4.50	4.00	4.50	3.50	1.50	4.50	7.00	6.50	7.50	9.00	8.00	8.00	8.50	9.00	6.50	9.00	8.50	7.50	6.50	7.00	8.50	9.00	13.50	11.50	13.50	13.00	11.00	10.00	9.00	6.00	4.50	4.50	7.50	10.50	9.00	8.50	6.50	7.50	9.50	10.00	9.50	8.50	9.50	10.00	10.50	10.00	7.00	7.00	8.00	12.00	11.50	8.50	6.00	7.50	10.50	11.50	13.50	19.00	18.50	14.00	12.50	14.50	16.50	18.00	17.50	17.00	18.50	22.50	23.00	17.50	17.00	17.50	18.00	16.50	18.00	20.50	24.00	23.50	17.50	12.00	8.50	9.00	11.50	8.00	6.50	6.50	10.00	14.50	14.50	15.50	16.00	15.50	17.50	19.50	18.50	15.50	16.50	18.00	16.50	18.00	16.50	17.00	15.50	9.50	4.50	11.50	14.50	19.50	23.00	24.00	19.50	12.00	13.50	12.50	15.00	18.50	26.50	28.50	27.50	24.00	14.00	10.00	8.50	8.00	10.00	13.00	12.00	6.00	7.00	6.50	7.00	7.50	7.50	9.00	9.00	12.00	17.50	24.00	23.50	22.50	22.50	25.50	24.50	23.50	28.00	30.50	31.00	30.50	28.50	31.50	27.50	25.00	22.50	25.00	30.50	26.50	29.50	31.50	37.00	38.50	42.50	38.50	33.00	29.50	27.00	29.50	25.50	29.00	36.50	44.00	56.50	57.00	51.50	50.00	51.50	55.50	52.00	56.00	56.00	53.00	46.00	36.50	35.00	32.00	40.00	38.00	36.00	39.50	46.50	42.00	46.50	46.50	49.00	48.00	41.50	41.50	49.50	42.50	48.50	48.00	36.50	43.00	53.50	56.00	55.50	57.50	57.00	58.00	59.50	54.00	53.50	48.00	52.00	52.00	54.00	57.00	54.00	54.00	56.00	55.00	52.50	51.50	53.50	52.50	49.00	50.50	46.00	48.00	46.00	45.00	39.00	40.50	40.00	42.50	40.50	40.50	39.50	33.50
									1.00	1.00	1.00	2.00	2.00	2.00	2.50	3.50	4.00	4.00	4.50	7.50	5.00	8.50	9.50	8.50	5.50	7.50	8.50	14.50	10.00	7.50	9.50	8.50	6.00	8.00	8.50	9.00	7.00	6.50	9.50	11.50	11.00	9.00	10.00	10.00	7.50	8.00	9.00	7.50	4.50	7.00	9.50	5.50	4.50	4.00	7.00	9.00	8.00	9.00	8.00	8.50	10.00	9.50	9.50	7.00	6.50	9.00	8.00	8.00	8.50	9.00	7.00	8.50	10.00	13.00	16.50	14.50	15.00	14.50	17.50	18.00	19.50	19.50	19.50	20.50	23.50	23.50	21.50	21.50	20.50	20.00	20.50	21.50	23.00	26.00	26.50	18.00	15.00	13.00	10.50	10.50	11.50	11.00	12.00	13.50	18.00	21.00	18.50	20.00	20.50	17.50	20.50	22.50	18.50	13.50	15.50	17.50	19.00	16.50	14.00	13.50	11.50	8.00	7.50	11.50	17.50	21.00	23.00	20.00	19.50	19.50	15.50	12.00	15.50	25.50	29.50	26.50	17.50	22.00	22.50	13.00	7.00	8.00	10.00	12.50	8.00	5.00	6.00	7.00	6.50	6.00	7.00	9.00	9.50	8.50	10.00	12.00	23.50	26.50	20.50	21.00	24.50	26.00	29.50	32.00	28.00	29.00	33.00	34.00	32.00	29.00	23.50	33.00	33.50	28.00	32.00	35.00	36.50	39.00	33.00	25.50	23.00	26.00	23.00	30.00	39.00	41.00	48.00	55.50	54.00	54.00	44.00	48.00	52.00	51.50	46.00	47.50	52.50	50.00	41.50	32.50	34.00	42.50	48.50	35.50	42.00	43.50	43.50	48.50	51.00	47.50	37.00	36.50	46.50	49.50	47.00	41.50	49.50	51.50	39.00	38.00	50.00	54.50	54.50	58.50	58.50	58.00	57.50	58.00	57.00	54.00	54.00	55.50	58.00	55.50	54.00	57.00	56.00	55.00	52.50	51.50	53.00	49.00	49.00	45.50	45.50	45.50	40.50	41.50	44.00	43.50	43.00	41.00	40.00	40.00	41.00
								1.00	1.25	1.00	1.50	2.00	2.25	3.00	3.50	3.25	4.25	4.50	5.25	6.50	5.50	8.50	10.75	9.50	6.50	7.25	8.00	14.50	13.75	10.75	10.50	9.00	6.00	7.50	8.25	8.25	7.25	7.25	10.00	11.75	11.50	10.00	10.25	9.75	6.75	6.50	7.00	6.75	5.50	6.75	7.75	5.00	4.00	4.00	8.50	10.50	9.75	8.75	7.75	7.00	9.50	10.50	10.50	7.25	8.00	11.50	8.25	7.50	7.25	7.25	6.75	9.00	10.50	13.75	15.00	13.00	14.25	15.25	18.00	18.25	19.00	20.75	21.75	22.00	23.75	23.00	22.25	21.75	20.75	20.50	22.00	24.00	25.00	26.75	27.00	20.75	16.75	12.50	10.00	9.75	10.25	10.50	13.00	14.50	19.50	22.25	20.00	21.25	22.50	19.75	20.75	22.25	19.50	14.50	16.50	17.50	17.25	17.00	16.50	16.00	14.00	11.00	6.75	7.50	15.50	20.00	23.00	21.50	19.75	19.50	16.00	13.00	14.50	25.00	28.75	27.00	22.00	24.50	23.50	17.50	13.75	13.00	9.00	10.25	14.75	13.75	8.00	7.00	6.75	6.00	6.25	9.50	9.00	9.00	10.00	11.75	21.00	20.50	16.25	18.00	20.50	23.75	26.00	26.75	26.75	31.75	33.00	34.00	32.75	32.25	26.50	31.25	33.25	31.00	30.75	33.50	35.25	38.75	31.50	21.50	30.50	33.75	30.00	33.75	37.25	42.00	50.00	54.25	54.25	50.75	45.00	44.00	48.50	52.50	48.00	42.50	50.25	44.75	39.25	31.50	39.00	45.00	48.75	38.00	43.25	48.00	47.00	51.00	51.75	49.25	39.75	40.25	43.00	48.50	48.00	44.50	47.50	49.25	45.50	40.50	45.00	46.00	49.00	50.25	51.50	52.50	53.50	54.50	57.00	54.00	55.25	57.00	58.00	55.75	54.50	57.75	57.00	53.50	50.00	48.75	49.75	51.00	49.75	47.25	45.00	44.75	41.00	42.75	44.00	43.50	42.50	41.50	41.25	39.50	41.25
								1.00	1.50	1.00	2.00	2.00	2.50	4.00	4.50	3.00	4.50	5.00	6.00	5.50	6.00	8.50	12.00	10.50	7.50	7.00	7.50	14.50	17.50	14.00	11.50	9.50	6.00	7.00	8.00	7.50	7.50	8.00	10.50	12.00	12.00	11.00	10.50	9.50	6.00	5.00	5.00	6.00	6.50	6.50	6.00	4.50	3.50	4.00	10.00	12.00	11.50	8.50	7.50	5.50	9.00	11.50	11.50	7.50	9.50	14.00	8.50	7.00	6.00	5.50	6.50	9.50	11.00	14.50	13.50	11.50	13.50	16.00	18.50	18.50	18.50	22.00	24.00	23.50	24.00	22.50	23.00	22.00	21.00	21.00	23.50	26.50	27.00	27.50	27.50	23.50	18.50	12.00	9.50	9.00	9.00	10.00	14.00	15.50	21.00	23.50	21.50	22.50	24.50	22.00	21.00	22.00	20.50	15.50	17.50	17.50	15.50	17.50	19.00	18.50	16.50	14.00	6.00	3.50	13.50	19.00	23.00	23.00	20.00	19.50	16.50	14.00	13.50	24.50	28.00	27.50	26.50	27.00	24.50	22.00	20.50	18.00	8.00	8.00	21.50	22.50	10.00	7.00	7.00	6.00	5.50	10.00	8.50	9.50	10.00	11.50	18.50	14.50	12.00	15.00	16.50	21.50	22.50	21.50	25.50	34.50	33.00	34.00	33.50	35.50	29.50	29.50	33.00	34.00	29.50	32.00	34.00	38.50	30.00	17.50	38.00	41.50	37.00	37.50	35.50	43.00	52.00	53.00	54.50	47.50	46.00	40.00	45.00	53.50	50.00	37.50	48.00	39.50	37.00	30.50	44.00	47.50	49.00	40.50	44.50	52.50	50.50	53.50	52.50	51.00	42.50	44.00	39.50	47.50	49.00	47.50	45.50	47.00	52.00	43.00	40.00	37.50	43.50	42.00	44.50	47.00	49.50	51.00	57.00	54.00	56.50	58.50	58.00	56.00	55.00	58.50	58.00	52.00	47.50	46.00	46.50	53.00	50.50	49.00	44.50	44.00	41.50	44.00	44.00	43.50	42.00	42.00	42.50	39.00	41.50
						7.00	2.00	1.50	2.75	1.75	2.25	3.50	4.00	3.75	4.00	4.50	4.50	3.50	7.00	6.00	5.75	9.25	10.00	9.75	9.75	10.00	6.00	6.25	9.75	9.75	9.00	9.25	8.75	7.25	7.50	7.25	7.00	7.25	8.00	10.00	11.25	9.00	9.25	10.75	6.25	4.25	4.50	5.75	7.00	9.75	10.00	7.00	5.25	3.75	6.25	11.25	13.00	7.75	4.50	4.00	7.50	11.00	10.75	8.25	8.50	11.25	8.50	8.50	6.75	7.75	10.00	12.25	14.50	15.75	14.25	14.25	16.50	18.00	16.50	14.50	14.75	21.50	24.25	25.00	25.75	27.25	25.25	21.75	20.75	22.00	24.50	26.50	27.50	27.50	26.75	22.25	17.00	12.75	10.75	9.00	5.75	6.75	8.75	8.25	11.25	15.25	18.75	23.75	26.25	27.75	26.25	23.75	22.25	21.50	19.50	20.50	22.00	22.00	20.25	21.50	23.00	20.75	16.75	15.25	7.50	10.00	17.25	20.00	19.25	20.00	21.00	20.75	16.00	18.00	20.25	18.25	15.75	20.00	26.00	27.00	24.00	19.25	14.50	9.75	19.00	18.50	12.00	9.75	6.75	8.50	5.75	7.25	7.25	8.25	9.25	9.50	8.75	8.25	7.50	14.25	15.00	16.25	19.50	21.00	26.00	24.50	28.25	32.00	34.00	35.00	35.75	34.75	35.50	38.00	34.75	37.00	35.00	33.75	22.25	30.75	37.25	38.75	40.50	41.50	38.50	40.25	42.00	47.00	50.00	50.75	46.75	41.50	45.25	51.50	47.25	48.50	46.25	44.25	31.50	42.00	45.50	45.50	49.00	48.00	47.00	49.25	50.25	51.00	55.25	50.25	47.75	49.50	50.00	53.50	47.75	46.00	51.00	52.75	53.50	50.25	53.25	52.75	49.75	49.75	54.25	49.25	41.00	52.50	55.00	50.75	51.25	53.25	53.00	53.50	53.75	52.75	50.25	52.75	50.75	50.50	50.75	50.75	50.50	47.00	47.25	45.25	45.75	45.75	44.00	42.00	42.25	41.25	40.75	40.50	44.00
						7.00	2.00	2.00	3.00	1.50	2.00	3.50	5.00	4.50	4.50	4.50	3.00	2.50	6.50	6.00	5.50	8.50	9.50	9.00	9.00	10.00	7.00	7.50	9.00	8.00	8.00	8.50	8.50	8.00	8.50	9.00	7.50	6.00	7.00	9.50	10.50	8.00	10.00	11.50	6.50	5.00	5.50	7.50	10.00	12.00	11.00	8.00	7.00	4.00	5.50	11.00	13.00	6.50	3.50	4.50	8.00	11.50	11.00	9.00	6.50	9.50	8.50	9.50	7.50	7.50	10.00	14.00	15.50	14.50	13.50	15.00	18.00	21.00	18.00	14.50	14.00	19.50	22.50	24.00	25.50	28.50	26.50	22.50	22.00	21.50	23.50	25.00	27.00	27.00	25.50	21.00	16.50	13.00	10.50	9.00	6.50	6.50	8.00	8.00	9.00	13.00	18.50	23.50	26.50	29.00	27.50	24.00	23.00	24.50	21.50	19.50	22.00	23.00	21.50	21.50	24.50	23.50	20.50	21.00	9.50	8.00	14.00	16.00	17.50	22.00	23.00	19.50	16.50	18.00	20.00	16.50	11.00	18.00	26.50	28.50	23.50	18.50	13.50	10.00	18.00	22.50	16.50	10.50	5.50	10.50	6.50	5.50	5.00	7.00	9.00	8.50	7.00	7.00	7.50	10.00	10.50	11.00	15.50	15.00	21.00	18.50	23.50	32.00	33.50	31.50	34.00	33.00	32.00	35.00	32.00	37.00	34.00	33.50	20.00	32.00	38.50	39.00	38.50	39.00	32.00	33.50	36.50	43.00	47.50	51.00	49.50	37.50	45.50	53.00	42.50	49.50	50.00	48.00	32.50	43.50	46.50	43.50	49.00	48.00	50.50	50.50	54.50	54.00	56.00	52.50	51.50	49.00	52.00	56.00	52.50	43.50	49.00	56.00	55.50	54.00	54.00	54.00	46.00	49.50	54.50	53.50	40.50	51.50	54.00	50.00	49.50	51.00	53.50	53.50	52.50	52.50	49.50	52.50	52.50	51.50	51.00	51.00	51.00	48.50	47.50	46.00	45.50	46.50	45.00	42.50	42.50	41.50	41.50	41.50	44.50
					0.00	13.50	10.00	3.00	3.50	1.50	1.00	1.00	4.00	4.50	6.00	6.50	4.50	4.00	5.50	6.50	5.50	5.00	5.50	8.50	8.00	7.00	6.00	7.50	9.50	9.50	6.50	11.00	11.00	9.50	10.00	8.50	6.50	7.00	6.00	8.00	8.50	9.00	6.50	8.50	7.50	7.00	7.00	7.00	9.50	11.50	10.50	9.00	6.50	3.50	6.00	10.50	9.00	3.50	3.00	4.50	11.00	15.00	14.50	11.00	7.50	9.50	11.00	11.50	10.50	10.50	10.50	12.50	13.00	9.50	13.00	18.00	18.50	18.00	17.00	15.00	19.00	21.00	21.00	20.50	21.50	22.00	22.50	23.50	25.00	24.00	25.50	23.50	23.50	24.00	22.50	23.00	20.50	16.00	10.50	8.00	9.00	7.50	6.50	8.50	8.00	9.00	14.00	21.00	25.50	28.00	24.00	23.00	25.50	29.50	26.00	21.50	20.00	22.00	22.50	23.50	23.50	25.00	23.50	24.50	15.50	9.00	8.50	11.00	16.50	21.00	22.50	20.50	21.00	19.50	24.00	22.00	13.00	13.50	21.00	29.50	27.50	19.50	23.50	18.00	12.50	22.00	25.00	15.00	5.50	8.00	9.00	6.00	4.00	8.00	9.00	8.50	7.50	7.00	4.00	4.50	4.50	3.00	3.00	4.00	13.50	27.00	26.00	25.00	21.00	13.50	13.50	12.00	11.00	10.00	20.00	30.50	36.00	23.00	30.00	25.00	27.50	26.00	28.50	29.50	34.00	39.00	40.50	45.50	46.50	45.50	44.00	35.50	41.00	43.00	39.50	44.50	49.50	41.50	39.00	40.50	41.50	48.00	41.50	43.00	41.50	47.50	51.50	47.00	52.00	55.00	54.00	54.50	51.50	55.50	57.50	57.50	55.50	54.00	54.50	57.00	55.00	54.50	47.00	55.00	56.00	50.00	40.50	46.00	44.50	45.00	50.50	49.00	53.50	52.50	56.50	52.50	48.50	42.50	45.50	46.50	50.50	49.50	50.00	51.00	47.50	46.50	47.50	46.00	41.00	39.50	41.00	43.50	43.50	43.50	46.00
				1.00	11.50	15.50	15.00	7.00	4.00	6.50	11.00	7.50	3.50	3.50	5.00	5.00	7.00	9.00	8.00	6.50	6.00	4.50	3.00	3.00	3.50	2.00	3.50	5.50	8.00	11.00	8.50	11.00	8.00	8.50	11.00	8.50	7.50	8.50	6.50	7.50	8.50	9.00	9.50	6.50	9.00	6.00	6.00	6.00	7.00	10.00	9.50	11.00	9.50	9.50	9.50	8.00	3.00	3.00	3.00	3.50	13.00	14.00	13.50	10.00	10.00	9.00	10.00	12.50	14.50	14.50	13.50	15.50	14.50	10.00	9.50	18.50	19.00	16.00	14.00	15.50	21.50	24.50	25.00	25.00	23.50	23.00	21.50	19.50	20.50	23.50	25.50	28.00	27.00	24.50	23.50	27.50	26.00	24.00	19.50	11.50	10.00	11.50	10.50	9.00	9.50	10.50	11.00	14.00	19.50	21.00	18.50	25.00	29.50	29.00	29.00	27.00	22.00	18.00	16.00	19.00	22.00	22.00	24.00	23.50	19.50	16.00	11.00	6.00	14.00	20.50	22.50	25.50	27.00	24.50	23.50	24.50	19.50	14.50	18.50	22.50	29.50	29.00	31.00	28.00	15.00	14.50	22.50	19.50	7.00	6.50	9.00	7.50	7.50	8.00	8.00	8.00	5.00	4.50	6.00	4.50	5.50	4.00	4.50	5.00	12.00	16.00	13.50	10.00	9.50	8.50	8.00	6.00	7.50	8.00	7.50	10.50	19.50	14.00	22.50	34.50	38.50	33.50	36.00	36.50	33.50	37.50	36.50	44.00	38.00	45.00	45.00	40.50	46.00	38.50	44.50	36.00	22.50	21.50	22.00	25.50	26.50	28.00	29.00	41.50	45.50	50.50	49.00	51.00	53.50	50.00	53.50	56.00	56.50	57.00	57.00	57.50	55.50	58.50	56.00	58.00	55.50	51.50	50.00	55.50	56.00	51.00	42.00	47.00	49.00	52.00	53.50	53.50	49.00	52.50	55.50	54.00	52.00	48.00	46.00	45.00	48.50	44.50	49.00	48.50	48.00	41.50	44.50	42.50	42.00	33.50	36.50	42.00	42.00	35.00	32.00
				5.33	12.00	15.25	11.50	6.75	5.00	5.75	8.50	6.25	2.75	4.25	6.00	6.25	7.00	7.75	8.50	6.50	6.50	5.00	2.75	2.25	2.25	1.75	3.00	6.25	8.00	10.00	8.00	10.00	9.25	7.75	9.75	10.00	8.75	8.50	7.00	8.25	8.75	7.25	8.00	6.75	8.50	5.75	5.25	5.00	5.25	8.50	9.50	9.50	9.00	10.00	10.00	7.25	3.00	3.00	3.25	6.75	11.75	11.75	11.25	8.00	8.25	9.25	8.25	10.00	12.50	14.00	15.00	16.00	14.50	11.75	11.00	18.00	18.50	16.50	15.50	16.50	19.75	22.50	23.75	24.00	23.50	24.00	23.25	22.25	22.00	22.75	24.00	26.75	26.50	26.25	25.75	28.00	27.25	26.00	21.50	13.00	10.00	12.25	10.50	8.50	10.00	10.75	9.50	10.25	14.25	18.00	18.75	25.00	30.50	29.50	29.00	26.25	21.75	18.00	14.75	16.25	18.00	18.50	22.00	23.25	21.25	17.50	13.75	8.00	11.50	16.50	19.50	23.75	25.25	26.00	26.00	26.25	22.25	18.75	18.50	20.75	25.75	27.75	31.25	27.25	17.25	16.25	18.75	13.00	6.00	6.50	9.50	8.50	6.75	6.75	6.75	8.00	8.00	5.75	7.00	5.50	5.50	4.00	5.00	6.25	10.75	13.50	11.50	11.75	10.25	9.00	8.50	7.50	8.00	8.50	7.75	10.00	14.75	11.75	22.00	33.50	39.00	36.50	37.50	34.50	33.50	33.75	34.50	40.00	36.75	43.25	43.25	39.25	38.50	31.00	33.75	28.00	22.25	25.25	28.00	32.75	34.00	30.00	27.75	35.25	39.50	43.25	43.50	47.50	50.25	51.75	51.50	55.25	52.50	53.75	54.25	57.50	56.00	56.25	57.00	57.75	56.25	53.50	54.00	55.75	57.25	48.75	45.00	48.25	46.25	49.75	52.75	52.25	50.25	51.00	51.75	53.00	52.50	49.25	47.75	44.00	43.50	40.75	42.50	41.75	42.75	39.75	40.50	38.50	36.25	34.25	32.75	34.75	34.25	30.00	28.50
			5.00	9.00	10.25	13.00	7.00	5.00	5.50	5.00	5.50	5.75	3.00	3.50	5.50	7.00	8.25	8.00	8.25	7.50	7.75	7.00	4.25	2.00	1.25	2.00	3.75	7.00	8.00	8.50	7.50	8.50	10.25	7.50	8.75	11.25	10.25	9.50	8.75	11.50	9.50	6.25	6.50	7.25	9.75	8.75	5.75	4.50	3.75	6.75	12.00	11.00	9.00	9.25	10.00	5.50	3.00	3.00	3.75	10.25	9.50	6.50	6.75	5.00	5.25	8.50	7.00	6.25	7.50	10.25	14.50	16.50	15.75	15.50	15.25	17.50	16.00	15.50	16.50	18.00	18.00	20.25	21.25	21.75	22.25	23.00	24.25	25.25	25.00	24.75	23.75	24.25	25.75	27.75	28.75	29.00	29.25	28.00	23.50	14.50	9.75	11.75	9.75	8.50	9.75	10.00	6.25	5.75	7.50	12.75	16.25	21.00	27.50	26.75	24.75	20.25	17.00	14.25	10.75	11.25	13.75	14.50	18.50	22.25	23.75	21.75	18.75	12.75	9.50	10.50	12.75	17.50	20.25	25.00	26.50	28.00	28.00	25.25	21.00	21.75	25.75	26.00	32.00	26.50	21.00	21.00	16.25	7.25	5.00	8.00	10.25	9.75	7.25	7.50	7.50	7.75	10.00	8.25	7.50	6.75	6.25	5.00	5.50	6.75	8.50	9.25	10.25	13.50	13.00	13.25	11.25	14.50	15.75	13.00	12.25	11.00	10.75	10.50	21.25	29.25	37.00	34.50	33.25	27.75	28.25	27.25	33.00	31.25	34.00	39.25	37.00	35.25	25.50	20.00	20.25	18.50	28.25	35.50	35.75	40.00	43.50	38.00	33.25	31.75	32.50	31.25	37.00	46.25	47.75	49.25	43.75	48.00	45.25	48.75	50.50	54.75	51.50	54.25	56.25	56.25	56.75	56.75	59.25	54.25	58.00	48.00	51.25	53.00	48.50	47.25	50.75	50.50	52.25	49.75	50.25	48.75	49.75	47.25	45.75	41.50	39.75	43.00	39.00	39.75	40.25	42.50	41.00	40.25	34.25	35.25	28.00	27.00	29.75	24.75	31.00
		4.00	10.25	12.50	10.25	12.25	8.50	4.00	6.00	6.00	5.00	6.75	5.50	4.25	5.25	5.00	7.00	6.25	6.75	9.25	8.25	7.00	6.50	4.00	4.00	4.25	6.25	7.50	8.00	8.25	8.25	7.75	9.00	8.25	8.75	11.25	11.75	11.25	10.50	13.00	11.50	10.00	8.75	7.75	11.00	10.75	8.00	7.00	5.75	6.75	9.75	9.25	7.25	6.50	9.25	5.00	3.75	3.00	4.25	10.00	8.00	4.25	4.50	3.75	3.75	5.25	5.25	4.00	3.75	6.50	10.00	11.50	15.00	18.75	19.50	19.50	14.75	14.00	15.75	18.00	18.00	19.25	19.25	21.50	22.25	21.50	23.25	23.75	24.00	25.75	25.50	25.00	26.00	27.00	28.25	28.00	28.75	25.50	22.25	15.25	11.50	11.25	8.00	8.00	9.25	8.75	5.25	5.75	6.25	8.25	10.50	12.75	18.50	19.25	16.00	12.50	11.25	10.50	8.75	11.75	16.75	17.00	16.00	20.25	24.25	26.00	22.75	18.50	12.50	12.75	12.50	12.75	16.75	25.00	27.00	30.00	29.50	25.00	23.25	25.00	30.25	29.00	32.50	25.00	26.25	23.25	18.50	17.25	13.00	12.50	13.00	9.75	9.50	9.50	9.75	8.00	8.00	8.25	6.50	7.50	6.00	5.75	6.50	7.50	7.25	7.25	9.25	15.00	18.50	22.25	18.50	24.00	27.00	24.75	24.75	16.75	14.00	12.50	16.50	18.50	22.75	21.75	19.00	16.50	16.75	18.50	23.00	21.00	29.00	28.75	25.00	25.25	17.00	17.25	22.50	24.75	27.75	34.25	37.00	41.50	43.50	45.50	41.50	38.25	38.75	28.25	31.75	40.50	39.50	38.75	34.50	37.75	38.75	42.25	46.75	47.00	47.75	50.25	51.25	53.75	52.50	55.00	56.25	51.00	55.00	51.25	51.25	55.25	54.00	49.75	51.50	52.25	54.25	51.50	50.50	45.25	48.75	46.00	45.00	43.75	43.75	48.00	45.75	46.50	45.25	48.50	47.50	45.50	38.50	36.00	27.75	31.75	29.50	27.50	42.50
		4.00	15.50	14.50	12.50	13.50	11.00	4.50	7.00	7.00	5.00	7.00	7.00	6.50	6.50	3.50	4.50	3.00	6.00	10.00	8.00	5.50	7.00	5.50	6.50	6.00	7.50	8.00	8.00	8.50	9.00	7.50	8.00	8.50	8.50	11.50	13.00	12.00	11.00	12.00	13.00	13.00	11.00	8.00	10.50	9.50	9.00	9.00	7.50	7.00	5.00	4.50	5.00	5.00	9.00	5.50	4.50	3.00	4.50	9.50	7.50	5.00	4.50	3.50	3.50	3.00	3.00	3.00	3.00	6.00	7.50	6.50	13.00	20.00	21.00	21.50	15.50	14.00	15.50	17.50	18.00	18.50	18.50	22.50	23.50	22.00	23.00	22.00	21.50	24.00	26.00	27.00	26.50	26.50	27.00	26.50	27.50	23.00	21.00	16.00	13.50	12.00	7.00	7.00	9.50	8.50	6.00	6.50	6.50	6.00	7.50	8.50	13.50	15.00	11.50	10.00	10.00	10.50	9.50	14.50	20.00	20.00	15.00	19.00	24.00	27.50	24.50	21.50	15.00	17.00	16.00	12.50	16.50	27.50	29.50	32.00	28.00	22.50	23.00	25.50	31.00	32.50	32.50	23.50	30.00	22.50	19.50	26.50	21.00	15.50	15.50	9.50	10.50	9.50	10.00	8.50	7.00	7.00	6.00	8.00	5.00	5.50	7.50	9.00	7.00	7.00	7.50	16.50	22.00	27.50	23.50	28.00	31.00	32.50	33.00	21.00	16.50	13.50	12.00	11.00	11.00	14.00	10.50	10.00	10.50	12.50	12.50	15.50	25.50	20.50	17.50	18.00	14.00	18.00	27.50	32.50	21.00	26.50	36.50	43.00	41.50	47.00	43.00	42.00	46.00	30.00	27.50	32.50	30.50	32.50	31.00	34.00	35.50	37.50	44.00	42.00	49.00	46.00	48.00	52.50	48.50	52.00	52.00	49.50	52.50	53.00	48.00	54.00	54.50	52.50	53.50	54.50	55.50	53.00	48.50	45.00	51.00	48.00	48.00	47.50	46.50	47.00	49.50	48.50	47.50	50.00	49.50	45.00	39.00	36.50	28.50	37.00	26.00	30.50	48.00
	3.00	16.50	17.50	10.00	11.00	16.00	10.50	5.00	8.50	9.50	7.00	7.50	5.50	7.50	9.00	9.00	9.50	6.50	7.50	14.50	11.50	7.00	8.00	6.50	4.50	5.00	6.00	10.00	12.50	8.50	7.50	6.00	9.50	10.50	12.00	9.50	9.00	9.50	10.50	9.50	11.00	8.00	8.00	9.00	13.00	10.50	10.00	9.50	8.50	7.50	6.00	6.00	6.50	7.00	12.50	9.50	9.00	8.50	10.00	10.50	5.00	5.50	7.50	7.00	5.00	3.00	3.50	6.50	9.50	14.50	11.50	4.50	8.50	17.50	21.00	21.00	19.00	19.50	18.00	18.50	19.00	18.50	19.00	19.50	20.50	21.50	24.50	25.00	24.00	25.50	26.00	28.50	28.50	28.50	26.50	23.50	22.50	18.00	19.50	22.50	24.00	15.50	7.00	6.00	7.50	7.50	7.00	7.00	7.50	7.00	7.50	7.00	6.50	10.00	14.50	20.00	21.00	20.50	15.50	21.50	27.00	23.50	16.50	20.00	24.50	29.00	28.50	25.00	15.50	17.00	18.00	21.00	17.00	25.50	31.00	30.00	24.00	19.50	20.00	22.50	26.50	31.50	33.00	26.00	30.00	24.00	18.50	30.00	31.50	29.50	26.50	14.00	13.50	12.50	10.00	11.00	9.00	6.50	7.50	8.00	6.50	6.00	8.50	11.00	7.50	5.00	11.00	6.50	16.50	24.00	29.00	31.00	30.50	29.50	34.50	30.00	30.00	24.50	14.00	12.00	12.50	14.00	13.50	15.50	18.00	16.50	15.50	14.50	15.00	16.00	17.00	17.00	22.00	30.50	39.00	38.00	33.00	27.50	24.00	35.00	41.50	44.50	45.50	47.00	44.00	43.50	29.50	29.00	40.50	49.00	42.00	45.50	47.50	32.00	35.00	34.50	55.00	51.50	52.00	51.50	56.50	52.50	53.00	51.50	55.50	57.50	55.00	50.00	55.00	56.50	54.00	54.00	56.50	55.50	54.00	50.50	51.50	50.00	51.00	47.00	48.50	49.00	46.50	47.00	47.00	48.00	50.00	45.00	43.00	32.00	32.00	43.00	29.50	33.00	48.50
4.00	14.50	17.00	17.50	11.00	12.00	14.00	4.00	7.00	7.50	7.50	6.00	8.00	7.00	8.50	7.00	10.00	11.50	7.50	12.50	13.50	12.50	9.00	8.50	10.50	6.00	3.50	5.50	9.00	10.50	6.00	7.00	9.50	9.50	8.00	9.50	9.50	8.00	8.00	9.00	10.00	8.00	8.00	11.00	12.50	11.50	9.50	8.00	7.50	7.00	8.00	8.50	7.50	7.50	8.50	12.00	13.00	16.00	13.50	10.50	9.50	8.50	9.50	10.50	10.00	7.50	4.50	6.00	10.00	15.50	17.00	14.50	12.00	10.50	9.00	11.50	13.50	16.00	18.00	18.00	18.50	19.00	19.00	19.00	20.00	20.50	21.00	20.00	21.50	24.00	27.00	27.50	26.50	27.50	28.50	25.50	22.00	21.50	17.50	21.00	26.50	25.50	14.50	6.50	6.00	7.50	9.00	8.00	7.50	6.00	6.00	6.50	7.00	7.00	12.00	19.00	20.50	23.00	23.50	20.00	25.50	31.00	27.50	20.00	21.00	26.00	30.00	29.00	24.00	17.50	16.00	20.50	23.50	23.50	21.00	22.50	18.50	15.00	16.00	24.50	28.00	32.50	34.00	32.00	33.50	27.50	17.00	14.50	21.00	27.00	32.50	33.00	26.50	24.00	24.50	10.00	12.00	10.50	7.50	8.00	9.50	7.50	9.50	10.00	10.50	8.00	7.50	10.00	7.50	11.00	14.00	22.50	27.00	24.00	21.50	32.50	39.00	42.00	39.50	28.00	17.00	28.50	23.50	19.00	26.00	28.50	29.00	30.00	24.00	21.00	20.50	20.50	21.00	20.00	28.00	32.50	34.00	39.50	33.50	18.50	25.50	30.00	32.50	40.50	44.00	40.00	45.00	44.50	43.00	48.00	51.50	53.00	52.50	51.50	39.50	43.50	38.50	47.00	58.00	57.00	57.00	55.50	57.50	54.00	56.50	54.00	57.00	55.00	55.00	54.50	55.50	56.50	56.00	58.00	54.00	54.00	52.50	51.50	51.00	52.00	49.00	46.00	41.50	41.50	40.50	43.00	47.00	49.50	44.00	33.00	34.00	43.50	37.00	32.50	40.50	46.50
9.67	14.75	17.00	17.25	14.00	14.75	13.75	4.50	6.75	7.50	6.50	5.75	7.50	6.50	8.75	7.50	9.75	11.00	8.00	13.25	12.75	12.00	10.75	10.00	11.50	7.50	5.25	7.25	9.25	8.50	6.00	7.00	8.75	8.75	7.25	8.25	8.50	8.50	9.00	10.00	7.50	7.25	6.50	10.00	11.50	8.25	6.75	6.25	6.25	6.25	7.00	9.25	9.75	9.00	7.25	9.75	12.50	16.00	14.50	11.50	10.00	9.50	11.00	12.00	11.75	10.00	7.50	7.25	10.25	15.50	15.25	13.25	12.75	12.50	12.00	13.75	12.00	12.75	17.50	19.00	19.75	19.50	19.00	19.25	20.25	21.75	22.25	22.50	22.00	23.00	25.25	27.00	26.25	27.25	27.50	25.00	23.00	21.75	19.00	21.25	25.25	25.75	17.25	9.00	7.00	7.25	7.75	7.00	7.25	6.25	6.50	6.50	6.50	6.75	10.50	16.00	20.75	23.75	24.00	22.50	26.25	30.00	27.75	22.75	23.25	27.25	31.25	30.75	26.00	18.75	16.50	21.50	26.25	25.50	24.75	26.25	22.50	18.75	16.50	21.50	25.25	31.25	35.00	31.00	30.00	23.75	17.50	15.75	19.25	28.00	31.50	33.25	30.25	27.50	22.50	9.50	13.25	13.75	10.25	10.25	10.75	8.50	12.25	12.50	11.75	9.25	7.50	8.50	7.00	9.50	12.00	19.75	22.75	21.50	22.25	27.50	35.50	42.00	42.25	29.75	18.50	31.25	26.25	20.50	25.50	32.75	36.00	32.50	28.25	29.25	24.25	22.50	23.50	21.50	26.50	29.00	29.25	38.50	36.50	28.00	29.75	31.00	29.00	33.00	35.25	38.75	40.25	38.25	42.50	47.75	51.25	53.25	53.50	52.50	43.00	47.50	42.75	43.75	50.00	51.75	57.00	54.25	54.75	53.25	56.00	55.00	57.00	55.50	55.75	54.25	55.50	55.00	55.50	56.00	52.75	53.50	53.25	52.00	51.00	52.00	50.75	47.50	44.00	45.50	41.00	43.50	44.50	48.00	40.50	31.75	36.75	41.00	33.00	34.50	40.25	48.25
14.50	15.25	16.50	16.75	17.75	17.75	14.50	10.00	8.00	6.50	6.75	7.00	8.25	6.75	8.25	8.75	10.50	9.50	8.25	14.00	12.75	12.75	12.75	12.25	10.75	9.25	9.50	10.00	10.25	8.25	9.25	8.75	8.00	7.50	6.25	7.50	7.50	9.50	11.00	11.00	6.00	8.00	7.00	8.00	8.50	4.00	3.25	3.75	5.00	5.25	6.00	8.50	10.00	9.00	5.50	6.75	10.25	13.25	13.50	11.75	11.00	10.50	11.75	11.75	12.00	12.00	12.00	11.50	13.25	16.25	14.25	12.25	13.75	15.50	16.50	17.75	12.25	10.50	14.50	16.75	18.50	19.50	20.50	20.75	21.50	23.75	24.50	26.75	24.75	23.75	24.75	26.25	26.50	27.00	25.50	24.00	24.75	23.25	22.25	24.50	25.50	26.00	22.75	16.50	13.00	10.00	8.00	6.75	7.75	6.75	6.75	6.75	6.50	7.00	7.50	10.50	19.75	22.25	23.50	24.25	24.00	26.25	27.50	23.50	22.50	27.50	32.25	32.50	28.25	20.50	17.00	21.75	27.50	28.75	28.50	31.50	30.00	28.00	22.50	19.25	24.25	30.00	36.25	33.75	27.50	23.50	21.75	20.00	15.00	25.00	30.00	32.75	29.75	25.25	19.75	12.50	13.75	16.50	16.25	18.00	16.25	15.75	18.75	17.50	16.50	13.75	10.75	7.75	6.75	7.75	10.50	13.50	18.50	27.25	30.75	29.50	33.00	38.50	41.75	36.50	26.50	35.25	32.00	23.50	23.25	33.50	43.25	37.00	38.75	41.00	27.50	29.50	29.75	23.00	27.25	32.00	29.25	33.00	35.75	38.50	37.75	37.25	33.50	32.50	25.75	32.00	32.25	32.00	42.00	42.25	44.00	49.25	51.75	53.50	49.75	51.25	51.25	44.50	45.25	46.25	48.75	51.50	51.25	52.75	53.75	53.50	55.00	56.25	55.75	55.25	56.25	55.00	53.75	53.50	53.00	51.00	54.25	52.75	52.25	50.75	52.50	48.75	48.50	49.00	40.50	41.50	40.00	42.75	35.50	34.75	41.00	36.25	31.00	36.75	41.25	48.00
15.50	13.00	14.75	15.50	17.50	16.75	13.25	13.00	9.25	5.75	7.50	7.25	8.25	9.50	10.50	9.75	9.25	8.50	7.75	10.00	11.00	14.00	14.50	12.25	9.00	9.75	11.00	11.75	12.00	11.00	11.50	9.25	7.50	7.00	7.25	7.25	7.00	9.00	12.25	12.00	9.25	9.75	9.75	8.75	8.25	3.50	3.75	4.00	5.25	4.75	5.75	9.00	8.50	6.00	4.00	6.00	8.25	9.00	10.00	9.75	10.25	10.25	10.75	10.75	11.00	12.00	14.00	16.00	18.00	17.00	16.00	14.75	15.50	18.25	19.50	21.00	17.50	15.25	15.25	15.50	16.50	16.25	19.00	21.50	23.75	25.75	26.25	27.50	25.00	23.50	25.50	26.75	26.75	26.00	23.25	21.50	24.75	25.50	25.00	28.25	28.50	28.00	26.75	24.00	21.50	15.00	10.50	9.00	9.50	7.25	6.75	7.00	7.00	7.75	6.75	7.50	14.50	16.25	19.00	20.00	18.00	21.25	23.75	20.00	22.25	27.50	31.00	29.50	25.25	21.00	18.50	23.00	27.25	31.00	29.25	31.00	33.25	34.75	30.25	23.00	25.50	31.75	36.50	35.75	30.50	30.50	29.75	25.50	13.75	21.00	28.75	31.75	26.75	25.25	22.00	21.25	17.25	14.25	19.25	26.75	24.00	27.75	25.00	24.00	21.75	18.75	16.50	12.25	6.75	7.25	10.25	10.25	14.50	28.00	32.50	32.00	33.75	40.25	41.75	45.00	36.50	38.00	38.75	32.00	28.75	31.25	41.75	42.00	43.00	40.50	29.00	36.75	36.75	27.00	28.50	37.25	38.50	33.50	30.00	39.75	42.50	43.50	43.75	40.50	34.25	29.00	32.25	32.50	36.75	39.25	39.75	41.00	46.50	52.50	53.75	51.75	54.75	49.25	50.00	46.25	45.50	48.75	52.25	55.00	54.00	53.00	53.25	55.00	55.00	54.75	54.50	55.50	52.50	51.25	51.25	47.25	50.25	51.50	52.50	49.50	50.50	46.75	48.00	47.25	42.00	42.75	42.00	40.00	36.50	42.00	38.75	33.75	37.25	41.50	44.50	46.50
15.00	11.00	14.75	16.00	16.00	13.00	9.50	8.75	7.75	6.50	7.00	7.25	7.50	10.25	10.25	7.75	6.00	7.25	7.25	7.25	7.00	10.00	12.75	10.00	9.00	10.75	10.00	10.00	11.50	12.00	11.75	8.75	7.50	7.50	8.50	6.25	6.75	9.25	12.00	11.75	8.50	8.25	9.00	9.25	8.75	3.75	5.50	6.00	6.25	5.00	7.25	12.00	10.25	5.75	4.00	6.25	8.75	8.75	8.75	8.25	8.25	10.25	11.50	12.00	11.50	12.50	13.75	16.00	18.75	16.25	16.75	17.75	18.00	18.75	20.75	22.75	23.00	21.25	20.25	19.25	18.25	16.25	16.25	17.25	21.50	25.75	26.75	24.75	21.75	21.00	23.75	25.75	24.50	24.25	22.00	19.00	22.50	23.25	23.75	27.25	29.00	30.00	28.25	27.50	25.25	18.25	13.50	13.50	12.00	7.50	7.50	6.75	6.25	7.50	7.75	7.50	9.75	10.75	12.25	13.00	12.25	15.75	16.75	18.00	25.25	29.00	30.25	27.00	22.75	19.50	20.00	25.50	26.50	30.00	32.25	30.00	31.50	36.00	35.25	31.00	27.25	30.00	32.00	35.00	36.25	34.00	34.00	29.25	16.50	19.75	29.00	30.50	30.25	32.25	28.25	28.50	22.25	11.75	18.50	28.75	28.50	32.50	29.75	31.25	25.00	23.75	23.00	18.75	11.00	8.75	9.00	10.00	10.50	16.50	20.75	26.75	31.50	40.75	43.00	47.00	43.00	41.00	42.25	41.25	39.75	36.50	41.75	45.50	41.00	35.00	35.75	39.50	43.75	34.50	28.25	34.50	41.50	39.00	33.75	34.50	40.00	44.50	46.00	44.00	45.00	32.50	36.50	34.50	38.00	41.25	44.50	40.50	45.25	49.00	50.25	51.25	53.25	51.50	48.75	48.75	52.50	50.00	49.25	55.00	55.50	54.75	55.50	54.25	55.25	53.75	52.75	52.50	54.25	51.25	51.75	49.75	49.50	47.75	46.75	45.25	45.00	42.75	43.25	46.25	41.00	42.00	39.50	37.75	41.25	46.50	35.75	37.25	44.50	46.50	49.25	46.50
12.25	12.25	14.75	17.75	14.25	9.25	7.00	6.50	6.25	7.00	7.00	8.25	8.25	7.25	6.00	5.25	5.00	8.75	8.50	8.25	7.75	9.50	7.50	8.00	10.50	12.25	11.25	10.25	10.75	9.75	10.75	8.75	8.50	9.75	8.50	6.50	8.75	11.25	11.75	11.00	7.00	6.75	7.25	8.00	7.00	4.75	7.75	9.25	9.50	8.50	10.25	11.25	9.75	7.75	8.00	8.25	8.75	8.75	9.00	8.00	7.50	9.75	11.50	13.25	13.75	14.75	13.75	13.50	15.50	17.50	19.00	19.25	19.00	19.00	21.50	22.75	24.00	23.00	21.75	21.75	19.75	20.25	19.75	16.50	16.00	21.50	23.00	20.25	18.25	18.25	19.25	20.25	19.50	20.25	19.75	16.75	20.25	19.25	19.75	21.50	24.75	27.25	27.75	28.25	25.75	20.25	17.50	18.25	13.25	7.25	7.50	6.25	6.25	7.00	7.00	7.00	8.25	10.75	13.75	13.25	10.75	12.50	15.50	19.25	25.75	28.25	28.50	27.25	26.00	21.00	19.75	23.50	23.75	27.25	33.50	32.50	30.25	33.75	35.75	37.00	35.50	29.75	31.25	34.50	40.25	35.75	32.25	29.25	24.00	20.50	31.25	30.50	34.00	34.00	32.50	31.25	22.50	12.00	20.25	26.00	27.50	31.75	33.25	33.75	28.50	29.50	29.25	23.75	16.25	11.00	8.50	9.00	10.75	11.50	14.00	24.25	31.75	34.25	36.50	41.75	45.50	43.00	39.00	39.50	42.50	41.50	44.50	46.50	45.50	38.00	40.75	42.00	46.00	37.25	29.25	34.25	40.00	44.00	43.25	35.00	33.75	41.50	44.75	46.00	41.00	38.50	40.50	39.50	43.25	45.75	48.00	46.75	46.25	44.25	46.25	49.25	51.25	51.75	46.00	51.00	54.75	53.50	45.25	51.25	51.50	50.00	54.75	53.75	54.00	55.00	53.75	53.50	56.75	54.50	53.75	54.00	53.00	47.75	46.50	46.00	46.50	44.25	41.25	41.00	42.75	40.50	36.25	41.75	46.00	43.75	35.75	44.25	48.00	48.75	52.25	48.25
9.00	13.00	13.50	18.00	13.00	8.00	6.00	6.50	6.00	7.00	7.00	8.00	8.50	5.50	5.00	5.00	5.00	11.50	10.00	8.00	10.00	13.00	5.50	7.50	12.00	13.00	12.50	13.00	11.50	7.50	8.50	8.00	9.00	11.50	8.50	7.00	10.50	12.00	12.00	11.50	8.50	7.00	7.00	8.00	6.50	6.00	9.50	11.50	12.00	11.50	11.50	9.50	8.00	8.50	11.00	10.00	8.00	7.50	9.00	8.00	7.50	9.00	10.50	14.00	16.00	17.00	14.50	12.50	13.50	19.50	21.50	20.00	19.00	20.50	22.50	22.50	23.00	22.50	21.50	22.50	20.00	21.50	23.00	19.50	14.00	18.50	19.50	17.50	16.00	16.00	16.00	16.50	16.50	17.00	17.50	15.00	19.50	18.50	18.00	17.50	21.50	24.50	27.00	28.00	26.00	21.00	19.50	20.00	13.00	7.00	7.00	6.00	7.00	7.00	6.00	6.00	7.50	12.50	18.50	17.00	12.00	12.50	18.00	21.00	26.00	27.00	26.50	27.00	28.50	24.00	19.50	21.00	23.00	26.50	32.50	34.00	30.50	31.50	33.50	38.00	41.50	33.00	35.00	33.00	40.50	37.50	30.50	28.00	30.00	22.50	32.50	31.50	35.50	34.50	33.50	32.00	22.00	13.00	22.50	24.50	25.50	32.00	34.50	33.00	30.50	32.00	31.50	26.00	17.00	11.50	8.50	8.50	11.00	10.50	13.00	22.50	34.00	32.50	32.00	38.00	45.00	43.50	36.00	35.50	41.50	42.50	45.50	47.00	50.00	42.50	41.00	44.00	44.50	36.50	29.50	35.50	40.00	48.50	47.00	41.00	31.00	38.50	43.50	45.50	35.50	43.50	43.50	43.00	42.00	50.50	49.50	49.50	46.00	42.00	46.50	48.50	50.00	50.50	46.00	51.00	55.00	54.50	46.00	49.50	48.00	45.50	52.00	52.50	52.50	55.50	54.00	56.50	57.50	56.00	52.00	54.00	53.00	50.00	51.00	51.00	51.50	48.00	41.50	35.50	48.00	43.50	39.50	49.00	48.50	39.50	35.00	47.50	48.50	50.50	52.50	50.50
9.50	10.50	12.25	17.50	11.00	8.00	6.25	5.75	5.75	6.50	6.25	7.25	9.50	5.75	5.00	5.00	5.25	11.75	11.00	9.00	9.25	14.25	10.25	8.50	10.50	12.75	12.75	12.25	11.50	8.00	7.50	8.00	8.50	10.00	8.00	8.00	9.75	10.75	12.25	12.50	7.00	6.00	6.00	7.00	6.50	6.50	10.50	12.75	14.00	12.50	12.00	9.25	6.75	7.25	10.25	11.00	10.50	10.25	12.25	11.75	9.25	9.50	9.75	11.00	13.50	17.25	18.25	14.75	13.50	17.25	19.75	20.50	20.50	20.75	23.25	22.50	22.00	22.25	21.75	21.75	19.00	19.75	23.00	22.25	18.50	19.50	19.00	17.75	18.00	19.00	19.00	19.25	19.25	18.25	17.25	16.50	19.00	19.75	21.25	19.50	21.00	23.75	26.00	27.50	26.25	21.00	18.75	18.75	14.00	8.00	7.50	6.50	7.00	7.00	6.25	5.75	7.00	12.75	18.75	20.00	15.25	13.50	18.75	23.50	26.50	26.00	24.50	27.25	30.00	24.75	22.25	23.75	24.25	26.50	31.75	32.75	32.00	32.00	32.75	38.25	42.25	35.00	38.25	34.00	40.00	40.25	34.75	34.25	32.00	24.00	30.25	31.25	33.00	35.75	33.50	29.50	24.50	15.00	22.50	27.75	28.00	32.50	34.75	33.75	33.00	33.75	33.00	27.50	16.75	11.00	9.00	9.50	9.75	10.75	12.00	20.00	31.00	28.25	29.00	37.00	43.75	39.50	31.00	30.25	35.00	38.25	41.00	43.75	48.75	46.50	45.50	44.75	45.75	36.25	33.00	35.25	39.75	48.25	47.25	40.75	36.00	41.25	44.25	44.50	36.25	43.75	44.00	44.75	41.50	47.75	49.00	49.75	49.25	45.25	46.25	50.00	50.00	52.00	49.50	51.25	54.50	54.00	45.50	50.75	49.25	49.25	53.00	53.50	52.50	55.25	56.00	57.25	57.00	56.25	53.50	51.50	53.00	52.00	51.75	49.00	49.25	43.50	42.50	40.50	48.50	44.25	44.50	46.75	44.50	40.50	36.50	47.25	48.50	50.00	52.50	50.50
13.00	10.25	11.50	17.50	10.00	8.75	6.50	5.50	5.75	7.25	7.50	6.75	9.00	8.50	6.75	6.75	8.25	12.25	12.00	9.75	11.75	13.25	12.75	11.50	9.75	10.00	11.50	12.25	10.75	8.25	7.75	7.25	7.00	7.75	7.75	10.50	11.00	11.25	12.50	10.50	5.25	5.00	5.00	7.50	7.25	5.50	8.25	11.25	14.00	12.75	11.50	10.75	7.75	7.75	10.00	10.25	12.00	12.50	17.00	18.00	13.50	12.50	12.00	9.75	10.00	15.00	20.75	19.50	17.25	15.25	16.00	19.00	21.25	19.50	21.75	21.75	21.00	21.00	20.25	20.00	18.50	18.50	21.50	23.75	24.75	24.00	22.75	21.50	22.00	23.50	23.25	22.25	23.25	21.00	19.00	20.00	19.50	20.25	22.25	21.00	21.75	24.50	26.00	27.50	26.00	20.25	17.75	15.75	12.25	8.25	7.50	6.50	6.50	7.25	6.50	5.75	6.00	11.50	18.00	21.25	20.25	16.25	18.25	23.75	24.00	21.50	21.25	27.25	30.00	26.00	27.25	28.75	28.25	26.75	30.50	31.75	33.25	33.75	34.50	36.75	38.75	39.75	43.75	37.25	39.50	43.50	40.50	38.25	31.50	31.75	28.00	34.00	33.25	37.50	35.25	26.00	25.75	17.25	22.75	25.75	26.75	31.75	34.25	35.25	36.50	34.75	30.50	25.75	15.25	11.25	9.00	11.00	8.75	9.25	9.75	14.25	26.50	29.75	31.25	36.00	42.50	30.25	22.00	24.00	27.75	31.00	36.50	41.25	46.75	49.75	50.75	47.75	47.00	39.75	42.00	41.25	43.00	48.00	46.75	43.50	44.25	45.00	46.00	41.75	40.25	45.25	46.25	45.00	42.50	46.50	49.25	50.25	52.50	49.50	49.50	52.50	50.75	49.00	52.50	49.50	51.50	53.75	49.75	50.50	52.25	53.50	53.50	54.50	53.00	55.50	57.00	57.00	55.75	56.75	53.25	48.25	50.25	53.50	50.75	48.75	46.75	39.00	45.25	47.00	49.25	46.75	46.75	45.25	42.25	44.00	36.75	43.75	44.75	48.75	52.00	50.50
14.50	11.75	11.25	18.00	11.75	8.25	6.25	6.00	6.00	7.50	8.25	8.25	7.50	9.50	8.50	9.00	12.00	12.25	9.50	10.50	13.50	10.50	10.00	12.50	11.25	9.75	11.25	14.00	12.50	11.00	9.50	7.25	7.00	8.25	8.00	10.75	12.00	12.50	12.75	7.75	5.00	5.00	5.00	7.50	8.50	4.50	4.75	8.50	12.00	12.75	12.00	14.00	11.25	12.25	13.50	9.75	9.25	10.75	16.50	19.50	18.75	19.00	18.25	15.25	11.75	11.50	16.75	21.25	21.50	18.75	16.50	16.75	17.25	16.50	19.75	21.50	21.50	21.50	19.75	19.50	19.00	19.00	20.50	22.00	23.75	24.75	24.50	24.00	23.75	24.25	23.25	22.00	24.00	21.50	20.75	23.00	22.75	21.00	20.50	21.00	22.75	22.50	24.00	24.75	23.00	18.00	16.75	13.50	10.25	8.00	6.75	6.00	5.75	7.25	5.75	5.50	4.75	8.00	15.25	19.75	22.50	19.50	17.00	19.75	20.25	19.50	20.50	25.00	26.00	25.75	29.75	31.75	32.75	29.50	28.75	31.25	33.50	35.00	37.00	33.00	35.00	43.00	46.50	41.75	42.75	45.75	43.75	37.00	33.75	40.00	30.75	35.00	38.00	39.00	34.50	29.00	27.25	18.25	26.75	25.75	25.50	28.00	29.25	33.50	36.25	33.50	26.25	21.75	15.25	15.75	14.75	10.25	9.25	7.50	8.25	12.25	21.25	28.25	28.50	32.25	36.25	22.50	21.50	28.75	33.00	32.50	38.25	43.50	49.00	49.50	51.75	51.75	48.75	44.50	46.25	48.25	47.00	47.50	45.75	44.50	44.75	42.75	45.00	41.75	42.75	45.50	48.00	45.25	47.25	49.00	50.50	50.75	50.00	48.50	52.50	53.75	50.75	45.50	50.00	48.00	49.25	53.00	54.50	49.50	53.25	53.50	52.25	51.25	53.00	54.75	54.75	56.25	54.50	54.75	52.00	50.50	46.50	49.00	47.50	49.00	44.75	37.75	45.75	49.75	47.75	48.25	47.25	48.50	46.50	46.50	35.25	41.75	43.50	48.00	51.75	50.25
13.00	11.00	10.50	18.00	12.50	7.00	6.00	6.00	6.00	6.50	7.00	9.50	7.50	8.00	8.50	9.50	13.00	12.00	7.00	11.50	12.00	10.00	9.50	11.50	12.00	12.00	12.50	15.00	15.00	14.00	10.00	8.00	8.00	9.50	8.00	9.50	11.00	12.00	13.00	8.00	5.00	5.00	5.00	6.00	9.00	5.00	4.50	8.50	12.00	13.50	13.50	15.50	12.50	15.00	16.50	11.00	7.50	9.50	14.50	18.50	21.50	23.00	21.50	19.00	14.50	10.50	14.00	20.50	22.00	22.00	19.00	16.50	14.00	15.00	20.00	22.00	22.00	23.00	21.00	20.00	19.00	19.00	21.00	21.50	21.00	22.00	22.00	23.00	23.50	23.50	22.00	21.50	23.50	20.50	20.50	24.00	25.00	22.50	21.00	21.50	22.50	19.00	21.00	21.50	20.50	16.50	16.00	13.00	11.00	8.50	6.50	6.00	5.50	7.00	5.00	5.00	4.00	6.00	13.50	20.00	23.00	21.00	17.00	18.00	19.50	21.00	21.00	23.00	23.50	25.00	30.00	32.50	34.50	32.00	27.50	30.50	34.00	35.00	37.00	31.00	35.50	43.50	47.00	44.00	46.00	47.50	45.50	38.00	38.50	42.00	33.50	33.00	40.00	40.00	32.00	33.00	30.00	19.00	30.50	31.00	28.00	25.50	25.00	31.00	35.00	33.00	26.00	21.00	16.50	19.50	21.00	9.00	9.50	7.50	8.00	13.50	17.50	21.00	20.50	28.50	30.00	20.00	25.00	34.50	39.00	37.00	40.00	45.00	52.00	50.00	52.00	53.50	50.50	45.50	45.00	49.00	47.50	47.00	45.50	42.50	42.00	39.50	43.00	43.50	42.00	44.50	48.00	47.00	50.50	50.00	51.00	51.00	47.50	46.50	52.00	54.00	50.00	46.50	48.00	48.50	49.50	52.00	54.50	50.00	52.50	53.00	51.50	48.00	52.50	53.50	53.50	56.50	54.00	52.50	52.50	53.50	45.50	45.00	46.00	47.50	43.00	36.50	44.50	51.00	46.00	48.00	50.50	51.00	49.00	46.50	35.00	43.00	46.00	48.00	52.00	50.00
13.00	9.00	14.00	16.00	8.50	6.00	5.00	5.00	5.00	5.00	6.00	8.00	9.00	7.00	8.00	10.00	12.00	8.50	5.50	9.50	11.50	11.00	9.50	9.50	9.00	9.00	9.50	9.50	10.50	9.50	9.50	8.50	8.00	7.50	8.50	7.50	7.00	7.50	10.00	11.00	5.00	5.00	7.50	7.50	6.50	2.50	1.50	5.50	7.50	9.50	13.50	15.50	15.00	16.00	19.50	18.00	14.00	11.00	9.50	12.50	16.50	18.50	22.50	24.50	20.50	15.50	8.00	12.00	15.50	20.50	22.50	22.00	20.00	20.00	20.00	18.50	18.50	19.50	22.00	20.50	20.00	20.50	22.00	23.00	22.50	20.00	20.00	20.00	20.00	21.50	21.50	19.00	19.50	18.00	19.00	22.00	25.50	26.00	27.00	28.00	27.00	22.50	21.50	18.00	21.50	23.50	20.50	19.00	18.00	11.00	8.00	7.00	6.00	6.50	5.00	5.50	4.00	3.00	7.50	16.50	22.50	25.00	24.00	26.50	29.00	31.00	25.00	25.50	29.50	26.50	29.00	29.50	35.50	36.00	33.00	30.00	34.50	41.00	36.50	36.00	37.00	41.50	42.00	40.50	40.50	39.50	42.00	40.50	39.00	41.50	40.50	37.50	41.00	40.00	35.00	30.50	25.50	21.00	19.50	24.00	31.00	35.00	35.00	36.00	38.00	34.50	25.50	18.50	24.50	32.50	27.50	17.00	10.50	11.00	8.00	10.00	11.50	12.00	18.00	16.00	14.00	15.00	21.00	36.00	38.00	41.00	47.50	51.00	48.00	50.00	51.50	51.00	51.00	48.50	42.00	47.50	47.50	39.50	38.50	31.00	31.50	41.50	43.50	40.50	40.00	43.00	44.50	47.00	45.50	47.00	50.00	52.00	46.00	47.00	49.50	49.00	39.00	50.00	53.00	49.50	53.00	55.50	55.00	55.00	54.50	51.50	51.50	45.50	49.00	50.50	53.50	55.00	52.50	55.00	54.50	55.00	49.50	53.50	48.00	41.50	42.50	42.50	40.50	49.00	51.00	49.00	47.50	49.00	48.00	40.50	36.50	42.00	50.00	50.00	52.00	49.50
13.00	10.00	15.50	12.50	5.50	5.00	5.00	5.00	5.00	5.00	5.00	8.00	7.50	8.00	9.50	11.00	10.50	5.50	5.00	10.50	10.50	11.00	10.50	10.00	9.50	9.00	9.00	9.50	10.00	7.00	8.00	7.50	7.50	9.00	7.00	5.00	5.00	5.00	5.00	5.50	5.50	7.00	8.00	8.00	8.00	3.50	4.00	3.50	3.50	4.00	5.00	9.50	14.00	15.50	17.50	23.00	21.00	16.50	11.50	10.00	11.00	15.50	20.50	25.50	24.50	21.00	14.00	7.50	8.50	11.50	14.50	21.00	23.00	24.50	25.50	23.00	25.00	23.00	21.50	21.50	19.50	20.50	22.00	23.00	22.00	21.00	21.00	22.00	23.50	25.00	25.50	22.00	21.50	21.00	20.00	19.00	20.50	22.00	25.00	26.50	28.50	27.00	27.50	23.00	24.00	28.00	23.00	23.50	24.00	16.00	9.50	7.00	7.00	6.50	7.00	6.00	3.00	3.00	4.00	7.00	15.00	24.00	26.00	30.00	31.50	34.50	30.00	27.50	30.50	29.00	26.50	26.50	30.50	33.00	37.00	33.50	34.00	33.50	37.00	38.50	33.50	39.50	34.50	34.00	28.50	33.50	41.00	43.00	44.00	43.00	36.00	40.50	37.00	38.50	32.50	22.50	31.50	24.00	23.50	33.00	28.00	32.00	38.50	41.50	39.50	29.50	22.00	20.00	32.00	37.50	34.50	22.00	11.50	9.00	7.00	7.00	8.00	9.00	14.00	11.50	12.50	14.50	17.00	28.00	34.00	40.00	44.50	39.00	36.50	38.50	44.50	49.00	46.50	41.50	38.00	45.50	44.50	38.00	41.50	30.00	37.00	38.00	31.00	29.50	33.00	35.50	33.00	37.50	43.00	45.50	51.50	53.50	46.00	43.00	48.00	39.50	47.50	50.00	42.50	50.50	54.00	53.00	54.50	58.00	53.50	53.00	44.50	45.50	48.50	53.00	53.00	53.50	50.00	53.00	53.50	51.50	53.50	50.00	44.00	49.50	48.50	38.00	43.00	48.00	52.00	49.50	46.00	36.50	37.50	39.50	44.50	42.00	44.50	49.50	52.00	49.00
12.50	10.50	16.50	11.25	5.25	5.25	5.25	5.00	5.00	5.00	5.00	7.50	8.75	8.25	9.50	9.75	9.75	8.25	6.75	8.75	9.75	10.50	10.25	9.25	8.75	8.50	8.75	9.75	9.75	7.50	7.25	7.00	7.50	9.50	6.75	5.00	5.00	5.00	5.00	5.25	5.75	7.50	8.00	8.50	8.25	4.50	3.00	2.75	3.25	4.00	4.25	6.75	11.50	15.00	18.50	23.50	21.25	16.25	13.00	11.00	10.50	16.25	20.50	23.50	22.25	20.00	16.00	10.50	9.25	10.75	12.75	18.00	20.25	22.25	25.00	24.00	24.50	24.00	23.00	22.50	21.50	22.00	21.25	22.50	20.75	20.00	21.25	23.00	23.75	25.50	25.50	22.75	22.50	22.75	22.50	21.00	21.50	22.25	23.25	24.50	27.50	28.50	29.75	26.50	26.25	28.25	24.75	26.00	26.25	18.50	11.25	8.00	6.75	6.50	6.50	5.75	3.00	3.50	3.50	5.75	13.25	22.50	26.25	29.75	33.25	36.25	32.75	30.25	30.50	31.50	30.50	29.00	30.50	34.50	37.75	34.75	35.25	34.00	34.50	33.50	30.75	35.75	31.00	34.75	34.50	37.75	42.00	42.00	44.25	42.75	37.50	36.50	33.75	34.00	32.50	28.75	32.75	24.25	24.25	34.00	32.75	33.75	38.00	41.00	36.25	31.50	26.50	22.25	33.25	38.75	37.25	21.75	11.75	9.75	8.00	8.75	9.50	10.00	12.75	11.75	13.25	15.50	22.50	32.75	36.50	39.75	38.50	34.25	39.25	41.50	47.50	49.00	44.75	37.50	35.25	44.00	44.00	35.25	36.50	32.00	34.75	31.25	29.25	28.75	33.25	36.25	35.50	41.75	44.25	48.00	51.25	52.50	46.00	44.25	45.25	42.25	49.25	49.50	43.50	48.25	52.25	54.25	55.00	56.25	51.50	48.75	47.50	48.25	50.00	51.50	52.00	53.50	52.00	53.25	54.50	53.00	53.50	49.75	45.50	48.25	46.50	40.50	45.25	46.75	49.75	47.25	42.00	38.75	42.00	42.75	46.00	46.00	44.50	50.25	52.00	49.75
14.50	14.50	17.50	9.00	5.00	5.50	6.75	6.50	6.00	5.25	5.75	8.25	11.00	9.50	10.50	8.50	9.00	11.25	12.25	9.50	8.00	8.75	8.75	8.00	7.50	8.00	8.00	9.00	8.75	7.75	6.75	6.75	7.00	7.50	5.75	5.00	5.00	5.00	5.00	5.25	6.50	8.00	7.75	8.50	8.25	5.75	2.00	2.00	2.50	3.00	4.75	4.00	6.75	12.25	18.25	22.75	21.25	15.75	16.50	15.25	11.50	14.75	17.50	17.75	18.25	17.50	17.25	16.00	15.00	14.75	14.00	13.75	13.75	16.00	20.25	20.75	22.75	23.00	23.50	23.75	24.50	25.50	23.50	23.50	20.50	19.75	21.00	22.75	23.25	25.25	24.75	23.00	23.00	23.75	24.75	24.25	25.25	25.50	24.75	25.25	27.25	29.25	31.50	31.00	29.25	27.25	25.25	25.75	27.75	22.75	14.50	9.25	6.50	6.50	6.50	6.00	3.25	3.50	2.75	4.00	9.75	18.00	23.75	27.75	34.50	39.25	37.75	36.50	33.75	34.00	35.00	34.75	33.50	35.75	37.00	34.00	32.25	29.75	27.50	25.75	27.50	30.75	28.25	32.75	37.50	40.50	42.25	43.00	45.50	45.00	40.50	37.75	33.50	34.75	33.50	32.50	30.25	24.50	24.50	35.75	37.25	38.00	40.25	41.25	36.25	36.75	32.50	26.75	37.00	40.75	37.00	22.00	13.00	16.25	11.75	9.50	10.50	11.75	11.00	11.25	14.00	15.50	23.75	32.75	35.25	35.75	35.00	35.75	43.25	45.50	50.50	48.75	40.50	35.25	32.00	38.75	39.75	29.00	27.25	32.75	31.25	29.00	33.50	31.75	34.75	41.00	36.50	43.50	48.00	50.25	52.50	50.50	47.25	47.75	45.75	43.00	46.75	49.50	46.50	51.00	52.25	55.25	52.25	53.75	51.00	47.00	46.50	48.00	51.75	52.25	52.50	53.75	53.75	53.00	53.50	53.00	52.25	46.75	45.25	44.25	43.75	44.25	48.50	47.75	47.25	42.25	38.00	42.25	47.00	47.75	48.00	50.50	47.75	48.75	50.25	48.75
18.25	18.25	16.00	6.50	5.00	5.25	7.25	8.50	8.00	7.25	6.50	8.25	9.00	9.00	11.00	9.50	9.00	11.50	14.25	12.50	8.50	8.50	7.75	7.75	7.50	8.25	7.50	8.50	8.75	7.25	6.50	7.25	8.00	5.25	5.25	6.50	6.25	6.50	6.00	6.25	7.50	7.75	7.50	8.00	9.00	7.00	2.25	2.00	2.00	2.50	6.25	3.75	5.25	9.50	15.75	19.75	18.75	14.75	16.75	18.25	16.75	14.75	14.00	13.75	16.00	16.50	18.00	19.50	22.25	22.75	20.25	16.00	12.75	13.50	15.00	15.00	20.00	20.75	23.00	24.75	25.25	26.75	27.25	26.00	23.00	22.50	21.50	21.25	21.75	22.25	21.25	21.25	21.75	22.50	24.00	25.50	28.25	29.25	30.00	29.50	29.75	30.75	32.75	33.00	30.25	23.25	21.25	21.00	22.00	20.75	15.50	10.00	7.00	6.50	7.50	7.00	3.75	3.00	2.50	3.25	6.00	11.75	20.75	27.50	33.00	38.00	39.50	40.25	39.25	37.50	37.75	39.00	37.00	35.25	33.00	28.25	23.50	23.00	26.50	27.25	27.25	32.25	33.75	33.75	37.75	37.50	38.75	41.75	46.00	49.25	47.75	46.50	41.50	41.25	36.50	33.50	29.00	30.75	26.50	32.25	32.50	37.00	39.25	40.75	41.75	41.75	38.00	31.75	41.50	44.00	34.25	27.00	22.00	31.00	24.50	16.00	14.50	14.00	12.75	12.00	14.00	13.75	18.00	24.50	27.75	29.00	31.75	35.50	36.50	42.00	46.00	48.25	39.75	34.25	31.75	33.00	32.00	32.00	31.00	33.75	35.00	37.00	42.50	38.50	38.50	45.75	42.75	42.00	49.75	51.50	54.25	51.50	49.25	50.00	49.00	39.50	46.00	50.25	48.25	50.75	52.50	52.50	49.25	52.75	51.75	50.75	44.25	44.00	51.00	53.25	53.50	54.50	54.00	53.25	52.00	51.25	49.50	45.00	45.75	45.00	44.75	46.00	48.75	49.50	47.25	39.50	40.50	43.00	48.00	49.50	50.75	50.50	52.00	48.75	48.25	49.00
19.50	18.50	14.50	5.00	5.00	5.00	6.50	9.00	9.00	9.00	6.50	7.00	6.00	7.50	10.50	10.50	9.00	11.50	12.50	13.00	10.00	9.50	8.00	8.00	8.00	8.50	7.50	9.00	9.50	7.00	6.00	7.50	9.50	5.50	5.50	8.00	7.50	8.00	7.00	7.00	8.00	7.50	7.50	8.00	10.00	8.00	2.50	2.00	2.00	3.00	6.50	3.50	6.00	9.00	14.50	18.00	16.50	14.00	15.00	18.00	20.50	17.00	13.50	13.50	15.50	17.00	19.50	20.50	24.50	26.00	23.50	19.50	15.50	15.00	14.00	13.50	18.50	20.50	23.50	25.50	25.00	26.00	28.00	27.00	24.50	24.50	22.50	21.00	21.00	20.00	18.50	20.00	21.00	22.00	23.50	25.50	28.50	30.00	32.00	31.00	31.50	33.00	34.50	34.00	30.50	20.50	18.50	19.00	17.00	17.00	15.00	10.50	7.50	6.50	8.00	7.50	4.00	3.00	2.50	3.00	4.00	8.50	20.50	29.00	32.00	35.50	39.00	40.50	41.50	41.00	40.00	40.00	37.50	35.00	30.50	24.50	19.00	21.00	30.00	31.50	27.50	35.00	38.50	37.50	41.00	36.00	36.00	38.50	45.50	51.00	53.50	50.00	46.50	42.50	38.50	37.00	31.50	37.00	29.00	28.00	28.00	33.50	35.50	39.50	44.00	43.50	42.00	34.50	43.50	46.50	34.50	31.50	30.00	40.00	34.50	23.50	19.00	15.50	15.00	13.50	14.00	13.00	16.50	21.00	24.00	26.00	26.00	29.00	28.50	37.50	41.50	48.00	41.50	31.50	32.00	31.00	28.00	38.50	39.00	36.00	40.00	40.50	45.50	41.50	41.00	46.50	50.50	43.00	49.00	53.00	54.50	53.50	50.00	50.00	49.00	38.00	49.50	50.50	48.00	45.50	51.00	50.00	49.50	52.50	51.00	52.00	46.00	43.00	50.00	52.00	53.00	55.00	54.50	54.00	52.50	51.00	48.00	46.00	48.00	48.50	46.50	46.50	48.00	49.00	47.50	39.50	43.00	42.50	48.50	49.50	53.00	50.00	53.00	51.00	48.00	51.00
17.00	16.00	10.50	5.50	6.00	6.00	7.25	7.00	7.75	8.25	6.25	9.00	8.75	9.25	9.75	12.25	15.25	18.25	18.75	16.50	14.75	11.75	7.75	8.00	8.25	8.00	7.50	8.25	6.50	6.50	7.50	9.00	8.25	5.25	6.75	10.00	12.00	11.75	7.50	6.50	6.50	5.75	6.25	7.25	10.75	15.00	14.50	11.25	8.50	6.25	7.50	4.75	4.00	7.25	7.75	10.50	11.00	13.00	14.25	14.75	19.00	21.00	19.50	17.00	15.75	16.75	19.25	21.75	25.25	28.00	30.00	31.00	30.25	28.75	27.50	25.00	17.00	16.00	21.25	24.00	25.50	25.75	27.25	27.00	25.75	25.75	26.50	25.50	25.00	23.00	22.00	22.50	21.25	23.00	23.50	24.50	26.00	26.75	27.00	27.25	29.75	33.25	34.50	33.50	30.00	27.50	27.25	25.50	20.00	22.25	21.00	15.25	11.25	6.50	5.00	4.50	4.25	4.00	3.75	3.50	2.75	4.50	10.25	22.00	29.50	35.50	36.75	35.25	33.50	36.50	35.00	31.75	33.50	32.75	25.00	20.75	26.75	33.50	37.75	38.50	40.00	40.25	42.00	46.50	45.50	43.25	46.75	45.50	46.25	49.00	48.00	48.50	46.25	45.25	47.75	47.75	45.50	42.75	40.75	38.75	40.50	37.75	37.50	39.50	43.50	43.50	46.50	48.25	48.00	43.00	37.25	31.75	38.75	40.00	35.75	34.25	29.00	19.50	18.00	15.25	13.75	12.75	11.00	14.50	11.25	12.00	10.75	16.00	11.75	13.75	25.50	39.25	24.00	18.75	19.75	30.00	29.50	34.25	33.25	36.75	35.50	39.00	40.50	45.50	47.50	49.75	50.75	49.50	51.50	49.75	52.50	52.75	50.75	43.25	44.00	35.75	46.50	46.25	47.00	49.25	48.75	51.25	50.00	52.00	48.50	45.75	44.25	49.75	51.50	52.75	51.50	45.25	49.25	51.50	48.75	48.25	47.75	48.50	47.75	47.50	48.75	45.50	44.50	46.00	39.50	36.50	43.75	48.25	46.00	48.25	51.00	55.25	56.50	52.75	47.50	51.25
16.00	15.00	11.00	6.00	7.00	7.00	7.50	7.00	7.00	6.00	6.00	9.00	9.50	11.00	12.50	16.50	19.00	18.50	21.50	17.50	18.00	13.50	8.50	8.00	8.00	7.50	8.00	9.00	6.50	6.50	7.50	9.00	7.00	5.00	6.50	7.00	7.50	8.50	6.00	6.50	6.50	6.00	6.00	7.00	10.50	15.50	15.50	13.00	10.50	6.00	7.00	5.50	5.00	8.50	6.50	8.00	9.50	12.00	12.50	13.50	20.00	22.00	21.00	18.00	15.50	14.00	18.50	22.00	24.50	27.50	29.50	32.00	32.00	30.50	30.00	28.00	19.00	14.00	18.50	21.50	24.00	24.00	25.50	26.50	25.00	25.50	26.50	27.50	27.00	25.00	24.50	25.00	23.50	25.50	26.50	26.50	28.50	29.00	27.50	26.00	26.50	30.50	33.50	35.00	33.50	32.50	31.00	27.50	23.00	26.00	22.00	17.50	13.00	6.50	4.00	4.00	5.00	5.00	4.50	3.50	3.00	3.50	6.50	21.50	32.00	36.50	35.50	34.00	31.00	33.00	32.50	29.50	32.50	31.50	23.50	21.50	29.00	34.50	37.00	36.50	38.50	43.50	43.50	47.50	44.50	42.50	46.50	46.00	47.50	49.00	44.50	46.50	47.00	46.50	49.50	49.00	47.00	45.50	44.50	42.00	42.00	42.50	42.00	39.00	41.00	43.00	48.50	51.50	48.00	39.50	35.50	34.50	42.00	38.50	38.00	34.00	28.00	19.00	19.00	16.50	16.00	15.00	10.00	12.00	8.50	10.50	9.50	14.00	11.50	14.00	26.00	34.50	15.00	14.00	18.00	25.00	20.50	33.00	30.00	30.50	32.00	40.00	42.50	47.00	48.50	50.50	49.00	46.00	50.00	46.50	50.50	50.00	51.50	42.00	37.00	39.50	49.50	49.00	46.00	50.50	51.50	51.00	48.00	51.50	50.50	46.00	47.00	51.50	51.50	52.00	52.00	43.50	48.00	49.00	45.00	48.00	46.50	48.50	47.00	47.00	48.50	46.00	45.00	48.00	41.50	37.00	41.50	47.50	47.00	48.50	51.00	56.50	57.50	54.00	48.50	52.00
9.50	10.00	10.50	7.50	6.00	7.00	7.50	7.00	7.50	8.50	8.00	9.00	9.00	10.00	13.00	16.00	14.00	16.00	20.50	21.00	18.00	14.00	8.00	6.50	6.00	6.00	7.50	9.00	6.50	8.00	10.50	8.00	5.50	5.00	6.00	7.00	6.50	5.50	5.50	6.50	7.50	7.50	7.50	10.00	13.00	15.00	13.00	13.00	11.50	9.00	9.00	8.00	9.00	11.50	9.50	6.00	7.50	9.00	11.00	14.50	15.50	22.00	26.00	23.50	17.50	13.00	16.00	17.50	19.50	20.00	22.00	27.00	29.50	27.00	26.50	29.50	28.00	21.50	15.50	15.00	15.50	16.00	16.50	18.00	19.50	21.00	22.00	27.00	26.00	26.00	27.00	25.00	22.50	24.50	25.50	25.00	26.00	28.00	29.00	29.50	29.50	31.50	31.50	33.00	32.00	30.50	32.00	33.00	31.50	30.00	24.00	21.50	15.50	9.50	4.50	2.50	4.50	5.50	6.00	6.50	5.50	4.50	6.00	19.00	27.50	27.00	27.50	29.50	28.00	29.50	31.50	29.50	30.50	26.50	18.50	23.00	26.50	30.50	29.50	36.00	40.00	38.50	43.00	42.50	37.00	37.50	43.00	44.00	40.50	42.50	37.50	41.50	43.00	36.00	37.50	38.00	38.00	35.50	33.50	32.50	34.00	45.50	47.00	48.50	48.00	47.50	44.50	44.50	47.50	46.50	38.50	38.00	44.50	41.50	42.50	35.00	28.50	32.50	14.00	15.00	17.50	16.00	9.50	12.00	12.50	8.00	14.50	11.00	15.50	13.50	13.50	12.50	11.00	11.00	13.00	17.00	20.00	34.50	38.00	40.00	43.50	46.00	45.50	43.50	44.50	51.50	49.00	44.50	39.50	40.50	47.00	40.50	45.00	36.00	29.00	48.50	52.00	39.50	52.00	52.00	47.00	45.50	49.50	52.50	50.50	38.50	47.00	47.50	43.00	52.00	49.00	41.50	44.00	49.50	52.00	50.00	49.00	48.50	48.00	45.50	47.00	46.50	46.50	49.50	39.50	47.50	42.00	41.50	48.50	52.50	54.50	55.50	58.00	57.00	53.50	47.00
10.00	7.50	9.00	11.50	9.50	8.00	7.50	8.00	6.50	5.50	7.00	8.00	9.50	11.00	11.00	12.50	12.00	14.50	16.00	16.00	15.50	11.50	8.00	7.00	8.50	6.50	7.00	8.00	8.00	8.00	10.00	7.00	5.00	5.00	6.00	7.00	6.50	5.00	5.50	6.00	6.50	6.00	7.00	9.50	13.00	12.50	12.50	10.00	8.50	8.50	8.00	7.00	7.00	7.50	8.00	7.50	8.50	10.50	6.00	7.50	11.00	19.00	24.00	25.00	20.00	16.50	17.50	15.50	18.50	19.50	19.00	20.50	24.50	24.50	28.00	29.00	29.00	29.00	25.50	23.00	21.50	18.00	17.00	16.50	15.00	17.50	20.50	22.50	24.50	28.00	27.50	24.50	28.00	28.50	26.50	26.00	29.00	29.50	31.50	34.00	32.00	33.00	31.00	26.00	23.50	24.50	26.50	31.00	34.00	32.00	27.00	23.00	17.00	12.00	6.00	2.50	3.00	3.50	4.50	6.00	8.00	9.00	9.50	13.50	19.00	17.00	16.50	20.00	21.00	24.00	25.50	27.50	25.50	18.50	20.00	20.50	26.50	35.00	36.00	37.00	36.00	33.00	37.00	35.00	33.00	29.50	38.00	33.50	27.50	31.00	37.00	31.50	35.00	29.50	23.50	25.50	27.50	26.50	34.00	40.00	36.50	34.50	36.50	39.50	39.00	45.00	39.00	45.50	49.00	46.00	43.50	42.50	46.50	45.50	36.50	29.50	39.00	36.00	19.50	14.00	21.00	25.00	20.00	19.50	16.00	15.00	14.00	17.00	13.00	12.00	17.50	17.00	13.50	12.50	10.50	11.00	13.50	22.50	29.50	32.50	36.50	37.00	34.00	37.00	48.00	50.00	48.00	48.50	44.50	39.00	39.00	35.00	32.00	32.50	43.00	42.50	40.50	43.00	49.00	52.00	55.50	49.00	53.00	50.00	44.00	34.50	40.00	39.00	41.50	42.00	42.50	43.00	51.50	50.00	49.50	49.50	49.50	47.50	46.00	45.50	46.00	47.00	49.00	47.50	46.50	45.00	50.00	49.00	41.50	46.00	52.00	52.50	48.50	56.50	54.50	50.00
9.50	8.00	9.25	10.75	9.50	8.75	8.75	10.00	6.50	6.75	7.75	9.00	9.50	11.75	12.75	12.25	12.50	15.25	16.50	16.00	14.50	12.25	10.00	8.50	9.00	6.50	6.75	7.50	8.25	8.75	9.75	7.25	5.25	5.00	6.00	7.75	7.00	5.25	5.25	5.75	7.00	6.00	6.25	8.00	11.50	11.25	11.50	11.00	10.25	10.00	8.00	6.00	6.00	7.25	8.50	8.75	9.25	10.50	7.00	7.25	10.00	17.00	20.25	20.75	18.75	17.25	19.25	16.25	18.25	19.25	20.50	22.25	23.25	23.00	26.00	26.75	28.50	28.25	26.75	25.75	25.00	21.50	20.25	20.75	20.25	19.00	18.75	20.50	21.75	24.00	23.25	22.50	28.50	29.75	28.50	27.50	29.00	28.00	29.75	32.00	28.50	27.50	26.50	23.25	22.00	25.00	28.25	30.50	33.25	31.00	26.50	22.00	17.25	15.00	8.00	2.75	2.25	3.00	4.25	5.50	7.25	8.75	9.50	12.50	15.75	13.75	13.25	15.25	15.75	19.50	21.75	23.25	20.25	16.00	18.75	19.75	25.25	32.00	33.25	34.25	32.25	30.50	30.75	31.25	27.75	25.25	31.25	27.50	24.00	25.75	34.25	27.00	29.50	26.50	25.75	29.50	28.75	30.00	35.75	41.25	40.50	39.00	39.75	39.50	40.00	40.75	38.75	46.50	48.00	47.00	46.25	47.00	48.25	44.50	35.00	32.50	40.50	36.00	27.75	20.50	26.25	33.00	26.00	25.00	23.75	17.00	19.00	24.25	18.50	17.00	18.25	17.75	18.75	20.75	16.00	11.75	13.75	18.50	24.75	27.50	30.00	32.00	33.00	40.50	46.75	46.25	37.25	40.50	45.00	42.00	38.25	30.75	29.00	34.50	41.00	45.75	44.25	48.25	52.25	53.25	55.50	51.75	53.50	49.25	48.25	41.75	37.75	39.25	44.75	45.25	45.50	45.25	51.00	51.00	48.75	47.50	49.75	47.00	45.50	47.00	47.00	48.25	50.00	47.50	48.00	47.25	49.25	50.00	43.25	47.25	48.50	50.25	51.25	56.00	51.75	47.25
11.00	9.25	9.00	9.00	9.75	9.50	9.75	10.00	7.75	10.00	9.00	9.50	9.75	12.25	15.50	15.50	15.00	15.75	16.50	16.25	13.75	11.75	9.00	9.25	9.00	6.25	6.50	7.00	7.75	8.75	10.50	10.50	7.50	5.75	7.25	7.75	7.00	5.25	5.25	6.00	8.25	7.00	8.25	8.50	10.50	9.25	8.75	10.75	10.75	10.25	9.00	6.75	6.50	8.00	11.00	13.25	12.75	11.50	7.25	7.00	8.00	13.25	14.50	14.50	15.75	18.00	21.50	18.75	19.75	21.00	22.00	23.50	24.25	23.75	24.00	23.00	24.75	24.25	26.75	29.50	30.00	27.25	25.25	27.00	28.50	23.50	21.25	19.75	19.75	19.50	18.50	18.00	24.00	27.25	25.75	25.00	24.25	23.25	23.75	24.00	21.25	19.75	20.25	20.00	19.75	21.75	25.50	26.75	28.75	28.75	27.50	24.50	20.75	21.25	15.00	7.00	2.00	1.75	3.25	4.50	6.75	8.25	8.75	10.25	11.00	10.25	9.50	9.50	9.25	12.00	13.50	13.75	11.50	11.25	15.00	16.25	19.75	22.50	25.75	24.00	22.50	24.00	21.50	24.50	21.25	22.75	26.50	26.00	27.00	26.50	28.50	28.00	29.00	30.00	31.50	38.75	36.00	33.00	39.25	44.00	46.25	48.75	45.75	39.25	43.25	41.00	39.00	43.50	44.75	46.75	47.00	49.00	51.50	47.25	37.50	39.75	45.25	40.75	38.25	29.00	36.00	41.75	36.25	34.00	34.75	22.00	28.75	35.00	32.50	27.25	20.00	24.50	32.25	32.00	28.50	18.50	15.50	13.00	16.75	19.75	23.50	27.00	30.50	39.75	43.25	40.50	22.75	26.25	39.75	34.50	29.25	30.25	34.25	40.00	44.00	49.75	51.00	53.00	54.75	53.00	54.00	54.25	54.25	50.75	51.50	44.75	37.50	43.00	47.25	49.00	48.50	48.00	49.50	51.25	48.50	46.50	45.00	46.50	45.75	49.75	48.75	50.00	50.25	46.75	48.25	49.00	51.75	52.00	46.50	49.25	46.25	49.00	52.00	55.75	52.50	47.00
11.00	10.00	11.00	10.00	8.50	9.00	9.00	7.50	8.75	12.25	11.00	9.50	10.75	11.25	15.50	18.75	16.75	15.50	15.75	16.25	10.00	8.25	6.50	9.75	9.00	6.25	6.75	7.25	7.50	8.50	12.25	12.75	8.50	6.75	8.25	7.50	5.75	5.50	5.75	6.75	8.75	9.25	11.25	10.50	11.25	9.00	7.75	9.25	8.50	8.50	9.50	10.00	9.50	10.00	13.25	17.25	17.50	15.50	10.00	9.75	9.50	10.00	10.25	9.50	12.00	17.00	21.75	21.25	22.50	23.50	24.00	23.75	26.00	26.75	25.75	24.25	21.75	20.50	25.25	30.25	31.25	30.00	29.00	31.50	33.00	28.75	27.50	23.25	24.00	22.00	21.25	19.00	18.25	19.50	20.50	22.25	20.50	21.25	19.25	18.00	20.25	21.75	20.75	21.50	22.50	20.50	22.75	25.00	25.25	29.00	30.00	29.00	25.75	24.25	18.00	10.00	5.75	5.75	6.50	6.00	7.75	8.25	8.00	8.75	9.25	9.50	8.50	9.50	11.75	13.50	14.00	12.25	13.00	12.50	15.00	16.50	17.50	17.25	21.75	21.50	18.75	26.00	25.25	25.25	23.25	25.25	28.25	30.00	31.50	32.50	30.50	36.00	36.50	38.75	38.50	45.00	43.75	36.50	42.75	48.75	49.25	53.25	49.25	41.75	44.00	47.25	42.75	39.00	42.75	47.25	48.50	49.75	52.75	52.50	44.75	48.00	50.50	46.50	41.25	33.25	42.25	43.25	40.00	39.25	37.75	26.50	35.00	41.25	43.00	34.50	25.50	28.75	42.50	38.25	35.25	24.50	16.25	13.25	14.25	15.75	23.25	29.00	33.00	35.25	36.50	33.25	17.25	20.00	26.75	22.00	20.75	28.75	37.25	39.25	44.75	49.75	51.75	50.75	48.75	50.75	50.00	52.75	50.25	52.50	47.25	35.25	43.50	48.75	46.25	49.00	50.25	51.50	51.00	50.75	48.75	46.00	39.25	44.50	46.00	50.00	51.00	51.25	49.25	47.25	50.50	50.75	55.25	52.50	48.25	53.00	49.50	53.00	53.50	55.00	56.00	52.25
9.00	10.00	13.50	12.00	7.00	8.50	8.50	7.00	8.50	12.50	12.50	10.00	11.50	10.50	14.50	18.50	16.50	15.50	15.50	16.00	6.00	6.00	7.00	11.00	9.50	6.50	7.00	7.50	8.00	9.00	13.00	12.00	7.50	7.00	8.00	8.00	5.00	6.00	6.00	7.00	8.50	10.50	11.50	10.50	11.50	9.50	8.50	9.00	7.50	8.00	9.00	11.50	11.00	11.00	13.50	18.00	19.50	18.50	13.50	12.50	12.00	8.50	8.00	6.50	10.00	16.00	21.50	22.00	23.50	24.00	26.00	24.50	25.50	27.50	27.50	27.00	22.00	20.00	25.00	30.00	31.00	30.50	31.00	34.00	34.50	31.00	29.50	25.50	27.50	25.00	24.50	22.50	17.50	15.50	20.00	23.50	21.50	22.50	19.00	18.00	23.00	26.00	23.00	23.50	26.00	23.00	24.50	26.50	25.50	30.50	31.00	30.00	27.50	24.00	16.00	9.00	9.00	10.50	10.50	8.00	8.50	8.50	8.00	8.50	9.00	9.00	8.00	10.50	15.50	18.00	19.00	16.00	18.00	16.00	17.50	19.50	19.50	18.50	22.50	26.50	21.00	32.00	32.00	29.00	26.50	26.00	28.00	29.50	29.50	32.50	35.50	38.50	39.00	41.00	42.00	46.00	45.50	40.50	44.50	52.00	50.50	52.50	50.00	44.50	42.50	49.00	46.00	38.50	43.00	49.00	52.00	53.00	52.50	54.00	48.00	52.00	52.50	47.50	42.00	35.50	44.00	44.00	39.50	41.00	37.50	28.00	36.50	44.00	45.00	36.50	30.00	27.00	44.50	41.50	35.00	24.50	15.50	15.00	15.00	14.50	23.00	31.00	37.00	35.00	32.00	28.00	15.50	20.00	19.50	20.00	20.50	23.50	32.00	35.00	40.50	49.00	49.50	49.00	43.50	50.00	47.50	51.50	46.00	52.00	44.00	30.00	47.50	51.00	46.00	48.50	52.00	54.50	53.50	51.00	48.50	44.50	38.50	42.50	45.50	49.00	52.50	52.00	49.00	48.50	54.00	53.00	55.50	52.00	48.50	56.00	51.50	56.00	57.00	54.00	56.00	55.00
11.00	10.00	8.50	8.00	8.00	6.00	7.50	11.50	11.50	11.00	12.00	12.50	13.50	12.50	13.00	14.00	14.00	12.50	14.00	16.00	7.50	7.50	9.50	10.50	9.00	8.50	7.00	7.00	8.50	8.50	8.50	11.50	7.50	6.00	6.00	5.50	5.50	5.50	5.00	6.00	8.00	9.50	14.50	17.00	13.50	11.50	11.50	12.50	14.00	12.00	9.50	7.00	8.00	11.00	13.50	14.00	17.00	19.50	21.00	19.50	17.00	13.50	5.50	3.00	6.50	9.50	15.50	16.50	20.50	17.00	16.50	17.00	21.00	27.00	29.50	29.50	27.00	27.50	25.00	25.00	26.50	27.00	29.00	33.00	33.50	30.00	30.50	28.50	27.50	27.00	26.50	27.00	23.00	23.00	28.00	26.00	29.50	31.50	26.00	22.00	25.50	25.50	21.50	20.50	24.50	30.50	32.50	29.50	28.50	29.00	26.50	23.00	18.50	15.00	14.50	14.00	23.50	23.50	21.00	19.50	18.50	12.50	7.00	5.00	5.50	8.00	10.00	16.50	21.50	26.00	26.50	23.50	30.00	31.00	22.50	28.00	31.00	29.00	27.00	31.00	31.50	28.50	37.00	26.00	32.00	34.50	28.00	33.50	36.50	29.50	38.00	39.00	38.50	37.00	42.50	44.50	48.50	44.50	47.50	54.50	53.00	54.50	48.50	47.00	46.00	48.00	42.50	48.50	49.00	49.50	52.00	55.50	56.50	56.00	54.50	55.50	49.00	48.00	38.50	47.50	46.00	50.00	48.50	42.50	32.00	28.00	35.00	37.50	49.00	47.50	34.00	29.50	43.00	43.00	35.00	26.00	21.00	17.50	16.00	12.50	16.00	17.50	23.00	22.00	17.00	19.00	19.00	20.50	23.00	22.50	23.00	24.00	23.00	26.50	34.00	37.50	39.00	40.50	45.50	48.00	47.50	51.50	47.00	43.00	33.00	33.00	41.50	39.50	38.50	42.50	44.50	50.50	55.00	48.00	50.50	41.00	38.50	40.50	43.50	45.50	49.00	52.00	50.50	52.50	55.50	57.00	55.50	54.50	52.50	54.50	55.00	54.50	58.00	54.00	55.50	55.00
10.50	9.25	8.50	8.50	8.50	6.50	8.75	11.25	10.25	10.25	11.25	15.25	14.75	12.75	14.25	16.25	17.75	14.75	14.25	13.50	8.75	8.25	9.00	10.25	8.00	7.75	7.25	7.25	7.25	8.25	8.25	9.00	7.00	7.00	6.00	5.25	5.25	5.25	5.75	6.00	7.75	8.75	10.75	14.25	13.25	10.25	11.75	12.50	13.25	12.00	9.75	6.00	6.00	8.75	11.50	13.25	16.25	19.25	21.50	21.00	20.50	16.25	8.25	5.00	6.50	7.00	14.25	14.00	16.00	13.25	12.00	12.75	16.50	22.25	27.25	29.25	28.25	28.75	26.50	26.25	25.25	24.75	28.75	31.50	31.75	31.50	31.00	29.00	28.50	28.25	28.25	28.25	26.50	25.00	26.25	25.75	30.00	32.25	27.25	24.50	28.25	29.00	25.75	23.25	24.00	29.75	32.50	31.75	30.75	28.50	24.75	21.25	18.00	17.25	17.25	16.50	25.75	25.50	24.25	23.00	18.50	12.25	7.75	5.75	5.75	7.75	11.75	19.75	24.25	27.75	27.00	23.00	29.50	32.25	24.00	28.75	34.00	34.00	31.50	32.25	34.50	31.25	37.25	26.75	31.25	37.00	33.75	34.25	38.50	35.00	34.25	35.75	35.75	37.00	41.25	45.50	48.50	48.25	49.50	51.75	49.00	53.50	49.00	46.00	43.00	47.75	46.25	48.00	49.00	50.75	53.25	55.75	54.50	54.00	51.25	52.75	48.50	50.25	43.75	48.25	50.00	52.00	46.75	38.00	32.25	33.25	40.50	40.25	48.75	48.75	35.00	33.25	46.50	44.50	36.25	29.50	24.00	18.50	17.25	14.00	16.25	16.50	18.00	17.50	14.50	16.00	22.50	25.00	27.50	25.00	25.00	22.75	22.75	25.25	30.00	32.25	33.50	34.25	46.00	48.50	49.50	49.75	50.25	46.00	33.50	30.50	38.75	40.25	43.50	47.00	46.00	50.50	52.25	45.50	45.25	38.75	37.00	42.00	44.50	45.50	49.25	51.50	51.00	54.75	55.25	56.25	55.00	53.25	53.25	55.50	56.25	54.25	57.50	56.25	57.25	56.00
9.75	7.75	9.00	10.50	10.00	9.75	10.25	10.25	9.00	9.75	10.75	18.25	16.50	13.75	16.00	16.75	18.00	15.25	12.50	9.25	10.00	9.25	8.25	9.25	6.75	8.25	8.00	6.75	6.75	8.75	9.00	6.25	5.75	7.25	6.00	5.50	5.75	5.00	7.75	7.75	7.75	7.75	6.25	8.50	12.00	10.00	10.75	10.00	10.25	10.50	9.50	7.25	7.00	7.50	8.25	12.25	15.00	19.00	23.75	23.75	24.75	21.25	12.50	8.00	6.25	3.75	11.75	11.75	11.75	10.75	9.00	8.75	10.00	14.25	22.25	26.25	28.50	29.50	27.75	27.00	24.50	23.75	25.25	26.25	28.00	30.75	29.50	27.75	28.75	30.25	31.50	32.00	33.00	30.00	25.00	26.00	29.50	32.75	30.25	28.00	30.75	32.50	32.50	31.00	28.50	30.00	31.75	32.00	31.50	28.50	25.25	23.50	21.50	22.75	22.25	21.00	26.25	27.00	26.75	22.75	18.25	17.25	12.00	7.00	6.50	8.25	14.00	22.50	26.25	28.25	28.00	25.00	28.75	34.50	27.75	29.75	38.25	42.50	38.75	38.00	38.50	38.75	37.25	33.75	31.25	40.50	42.00	35.25	41.00	42.00	34.75	37.50	36.50	38.75	41.75	46.00	46.50	50.50	50.50	46.50	40.75	50.00	47.25	41.50	37.25	47.50	52.75	51.50	50.50	51.00	53.00	53.75	47.50	47.75	44.00	44.75	46.25	53.25	52.00	51.50	55.25	52.00	45.75	36.00	33.50	42.00	47.75	47.75	52.25	51.00	40.00	40.25	49.50	46.75	41.75	37.75	28.75	21.00	18.75	20.00	18.50	17.50	16.00	16.00	16.50	21.75	32.25	36.75	38.75	35.50	32.75	24.50	23.50	24.25	25.25	32.00	36.00	28.25	39.00	44.25	42.50	46.50	51.00	44.25	35.00	34.50	40.75	46.75	49.75	50.25	46.00	47.75	45.50	42.00	42.00	42.25	37.50	43.50	44.50	45.75	47.25	47.00	49.75	54.00	51.50	53.00	52.00	52.50	55.75	57.50	58.50	55.75	56.25	58.50	59.25	55.75
9.25	7.50	9.00	9.25	10.75	12.00	10.25	9.50	9.25	10.50	11.00	17.00	17.00	16.50	16.00	14.75	14.00	13.75	9.75	10.00	10.00	9.25	7.75	8.25	6.75	8.75	7.75	7.00	8.25	9.25	8.25	6.75	6.00	5.75	5.50	6.00	6.25	6.50	8.00	9.50	8.50	8.25	6.75	7.00	11.00	9.75	8.00	6.50	6.75	8.75	8.75	8.25	9.25	11.25	12.00	13.00	13.25	16.25	21.50	22.25	24.00	24.00	17.25	12.75	9.50	5.00	9.50	11.00	11.25	12.00	11.25	10.25	9.50	13.25	21.75	25.25	28.00	29.50	28.50	26.75	25.50	26.75	24.00	22.75	24.75	25.75	26.00	25.50	27.75	30.75	33.25	34.25	34.75	33.50	28.50	29.25	30.75	33.25	32.50	29.25	30.25	32.50	34.25	35.00	34.75	32.75	31.75	29.00	26.50	27.00	26.75	27.00	26.25	25.75	25.00	24.75	24.75	25.25	22.50	17.00	20.25	21.50	13.50	6.75	7.00	8.00	11.25	18.00	22.50	26.50	30.00	31.25	31.50	37.50	32.75	32.50	40.50	44.75	41.00	43.50	43.75	45.50	42.50	42.50	35.75	42.75	44.75	39.50	42.00	43.25	41.00	42.75	40.50	41.75	43.75	44.50	40.50	42.25	44.00	42.25	34.75	44.25	39.50	35.25	39.25	48.00	51.25	50.00	49.00	50.25	48.25	47.75	40.75	36.75	37.50	41.00	45.75	52.75	53.25	54.25	56.50	50.25	45.25	38.00	33.50	41.00	45.25	50.50	53.75	52.50	49.50	47.75	51.50	51.50	48.75	44.25	32.00	30.75	28.25	28.25	20.75	21.50	23.25	20.25	25.25	32.00	39.75	45.25	47.50	45.25	41.25	36.00	26.00	24.00	25.00	37.75	46.00	36.75	33.50	35.75	31.75	37.50	37.75	35.75	40.75	46.00	47.50	51.50	50.75	47.75	40.75	38.75	39.75	43.75	46.00	48.00	43.50	45.75	46.25	47.00	48.25	47.00	49.75	49.00	48.50	50.00	49.75	53.00	56.50	56.50	56.50	57.25	57.00	58.50	59.75	50.25
12.25	9.00	8.25	6.25	9.25	10.00	9.25	9.00	10.00	11.00	12.25	14.25	15.75	17.25	14.75	15.25	14.75	14.00	10.50	13.50	10.75	8.25	7.75	7.50	6.50	7.00	8.00	9.00	9.00	8.00	6.00	6.50	6.00	5.00	5.00	5.50	5.50	6.50	6.00	7.25	8.75	9.00	10.00	11.50	12.75	9.50	7.25	5.75	5.50	7.00	7.75	8.25	10.00	13.75	16.50	14.25	12.25	13.75	16.50	17.75	20.50	22.75	20.50	18.25	16.75	10.75	7.25	8.00	10.00	11.50	11.00	11.00	11.00	15.00	21.50	25.25	28.50	31.50	29.75	27.00	25.75	28.00	27.75	26.00	26.50	26.75	27.75	27.25	27.75	29.25	30.75	30.75	31.00	32.25	32.25	32.00	31.25	31.25	30.75	28.00	26.00	28.50	30.75	30.75	32.00	32.25	29.50	25.25	23.00	24.50	26.00	26.50	27.25	26.00	24.25	24.00	23.25	23.50	19.75	17.00	24.25	19.00	9.50	5.75	7.00	7.00	8.00	13.50	19.50	25.50	30.75	34.00	35.25	39.25	33.25	30.75	35.25	42.50	44.00	47.75	49.75	50.00	51.25	45.75	42.75	46.50	46.00	44.50	42.25	42.00	38.50	39.50	37.00	40.75	43.25	38.50	31.00	30.00	32.25	35.75	31.00	36.75	31.25	33.00	41.50	46.00	43.75	42.50	42.50	45.25	45.00	37.50	34.50	33.25	38.00	40.75	45.00	48.50	50.00	53.75	56.00	51.00	46.75	41.75	34.50	38.75	44.50	47.25	51.25	53.25	57.00	54.50	56.00	54.50	51.25	46.00	34.50	41.50	42.75	38.50	30.25	30.75	33.25	22.50	28.50	29.75	40.00	45.00	50.75	48.75	46.75	44.50	29.75	23.00	24.00	31.75	40.50	48.25	42.75	41.25	39.75	37.50	36.75	37.75	45.75	51.75	51.75	52.25	52.00	48.00	38.25	32.75	40.00	47.00	49.25	47.25	48.00	47.75	51.00	49.75	51.75	52.50	53.50	51.00	52.75	52.75	50.00	52.75	53.50	52.25	54.75	56.75	57.75	55.75	54.25	44.50
15.50	10.00	8.00	6.00	8.00	8.50	8.50	8.50	10.50	11.00	13.50	13.00	14.50	16.00	14.00	16.00	16.00	14.00	12.00	14.50	11.50	7.50	8.00	7.00	6.00	6.00	9.00	10.00	9.00	7.00	5.50	5.50	5.00	5.00	5.00	5.00	5.00	5.00	5.00	5.00	8.50	9.00	12.00	14.50	14.50	10.50	8.00	6.00	5.50	5.50	7.00	9.50	11.50	13.50	16.00	14.50	12.50	14.00	15.50	16.00	18.50	21.00	20.50	20.00	20.50	14.50	6.00	6.00	9.50	11.00	10.00	10.50	11.00	14.50	19.00	23.50	28.50	33.00	30.00	27.00	25.50	27.50	29.50	29.00	29.50	30.50	31.00	29.50	28.00	28.00	28.00	27.50	28.50	30.50	33.00	32.00	29.50	28.50	28.50	26.50	22.00	24.50	28.00	27.50	28.00	30.00	26.50	22.50	23.00	24.00	26.00	26.50	27.50	26.50	23.00	21.50	21.50	23.00	20.50	19.00	26.00	17.50	7.50	5.50	7.00	7.00	8.00	13.00	19.50	25.00	30.00	33.00	36.00	39.00	31.00	26.50	29.00	41.50	47.50	51.00	51.50	52.50	54.50	46.50	46.00	49.00	47.00	45.50	42.00	41.00	34.00	36.00	33.00	38.50	42.50	33.50	25.50	24.50	26.00	31.00	29.00	32.50	28.50	33.50	39.00	43.50	40.50	40.50	39.00	40.00	45.00	31.00	30.00	36.50	41.00	39.00	43.00	45.50	48.50	53.00	55.50	51.50	49.50	46.00	36.50	41.00	48.00	46.00	51.00	53.50	59.00	57.00	58.00	53.50	51.00	46.00	35.50	44.00	48.00	45.00	39.50	38.00	39.00	23.50	27.50	26.00	39.00	43.50	52.00	50.50	49.50	44.50	32.00	22.50	22.50	25.00	33.00	51.50	50.00	50.50	49.50	45.00	46.50	43.50	46.00	52.50	54.00	54.00	53.50	49.50	39.50	33.00	42.00	47.50	50.50	46.50	48.50	47.50	53.00	51.50	52.00	54.00	55.50	55.00	56.50	56.00	50.00	52.50	51.50	50.00	56.00	56.50	57.00	53.00	48.50	43.00
14.50	10.00	9.50	8.00	8.50	7.50	8.00	8.00	9.00	12.50	13.50	11.00	14.50	17.00	14.50	14.00	13.50	13.50	13.00	18.00	11.00	10.50	4.00	3.00	3.00	3.50	8.50	8.00	3.50	3.00	3.50	4.00	3.50	4.50	4.00	3.00	4.00	4.50	4.50	3.50	4.50	8.50	16.50	15.50	14.50	14.50	12.50	11.00	11.00	10.00	8.50	10.50	11.50	14.00	15.50	14.50	12.00	13.00	16.50	15.50	16.00	16.50	17.00	22.50	25.00	22.00	14.50	8.50	6.50	8.00	7.00	8.50	10.00	10.00	10.50	15.00	22.00	26.00	29.00	29.00	27.00	21.50	19.50	22.50	25.50	30.00	32.50	31.50	29.50	27.50	24.50	24.50	27.50	28.00	28.50	25.50	19.00	16.50	16.00	18.00	17.00	17.50	18.50	17.00	20.00	21.50	19.00	29.00	35.00	30.50	27.00	27.00	28.50	30.50	30.00	26.00	18.50	16.00	18.50	22.50	24.00	14.50	8.00	5.50	5.00	6.50	8.50	14.50	21.50	28.00	29.00	29.50	32.50	34.50	26.50	20.00	23.50	37.00	44.50	50.50	43.50	43.50	46.50	37.00	44.00	51.50	47.00	40.00	38.50	36.00	34.50	31.50	27.00	32.50	33.50	24.50	20.00	20.50	21.00	21.50	22.00	22.00	24.50	33.50	31.00	27.50	26.00	27.50	31.00	36.00	38.00	34.50	41.00	46.00	48.50	48.00	49.50	51.00	49.00	53.50	52.50	53.00	51.50	47.00	50.00	46.50	45.50	46.50	52.00	56.50	54.00	52.50	51.50	46.00	49.00	50.50	47.00	37.00	37.00	45.00	48.00	44.00	44.50	28.50	37.50	39.00	27.00	40.50	48.00	52.00	54.50	50.50	38.00	27.50	25.00	25.00	22.00	31.50	49.50	53.00	48.50	51.00	53.00	45.00	53.00	55.50	55.50	47.00	49.00	49.50	36.50	31.00	43.50	49.00	51.50	47.00	41.50	46.50	49.50	49.00	50.50	54.00	52.50	51.50	58.50	57.00	52.00	54.00	49.00	53.00	57.50	57.50	57.50	54.50	53.00	41.00
11.50	6.00	8.50	9.00	9.00	9.00	8.00	7.00	6.50	9.00	11.00	9.00	11.50	13.00	14.00	14.00	14.50	14.50	13.50	13.00	10.50	13.00	9.00	9.50	3.00	3.00	3.00	5.00	4.50	3.00	3.50	5.00	4.50	3.00	3.50	5.00	5.00	5.00	7.50	5.50	2.00	4.50	15.50	17.00	17.00	16.50	16.00	14.50	13.50	13.00	13.00	11.00	10.00	12.50	15.50	14.00	11.50	11.50	13.50	14.00	13.50	14.50	17.00	22.50	25.00	23.00	15.50	12.50	11.00	9.50	6.50	6.50	8.00	7.50	7.00	10.00	11.00	18.50	23.00	25.00	26.00	19.50	14.50	17.00	19.50	24.50	23.50	22.50	22.50	23.50	25.00	20.50	18.50	19.00	17.50	14.00	15.00	15.50	18.50	21.50	23.50	26.00	21.50	22.50	27.00	28.00	22.00	28.00	37.50	41.50	35.50	29.00	31.00	34.50	38.50	39.00	29.50	24.00	27.50	27.50	22.00	10.50	7.50	5.50	5.50	6.00	7.50	11.50	16.00	25.50	29.50	31.50	35.50	37.00	32.50	26.50	21.50	29.00	35.50	41.00	37.50	34.50	36.00	38.50	47.50	49.00	46.50	45.50	41.00	35.00	25.50	24.50	22.50	20.50	23.00	17.50	25.00	32.00	33.50	33.50	24.50	24.00	23.50	21.50	20.50	22.50	24.50	24.00	21.00	22.00	22.50	37.00	42.50	43.50	44.50	47.50	43.00	46.00	41.50	47.50	49.50	55.50	56.00	52.50	52.00	49.00	51.50	49.00	50.00	51.00	52.00	45.00	43.50	46.00	50.50	49.00	42.50	47.00	46.00	35.00	46.50	49.50	47.50	33.50	33.00	46.00	30.50	32.00	48.00	49.00	53.00	54.00	52.50	39.50	26.50	24.50	24.50	26.00	48.50	49.00	52.00	53.00	51.00	54.00	55.50	55.00	52.50	51.50	40.00	35.00	33.00	39.00	41.50	46.50	50.50	44.50	48.50	53.50	52.50	53.00	53.00	48.00	50.00	55.00	56.00	54.00	49.50	53.00	55.00	49.00	53.50	52.00	48.00	43.50	43.00	46.50
10.25	6.75	8.50	9.25	9.50	9.50	9.25	9.25	8.00	8.25	10.25	8.75	10.25	11.50	12.00	12.50	13.00	13.50	14.75	13.25	13.25	14.75	8.50	7.25	3.00	3.00	3.50	7.25	5.75	6.00	6.25	6.25	6.00	3.00	3.25	4.00	4.25	6.25	7.50	5.25	2.00	3.50	10.50	12.75	14.00	14.50	14.00	13.50	13.25	13.50	13.75	13.00	12.50	14.25	16.50	16.00	13.25	12.50	13.25	13.00	12.25	12.50	15.00	19.25	20.75	20.50	14.00	12.00	12.00	11.75	10.00	9.25	8.75	8.50	7.00	8.50	7.75	13.25	19.25	21.25	22.25	17.50	14.75	16.00	17.25	20.75	20.25	20.50	22.25	22.50	20.75	18.25	18.50	18.00	15.25	14.75	18.50	19.50	20.00	22.25	26.25	29.50	24.75	25.25	29.25	30.50	25.00	28.50	37.50	40.50	35.25	29.75	30.25	31.50	36.25	38.25	33.00	29.75	32.50	32.75	27.25	14.75	8.75	6.00	6.25	6.50	7.75	10.25	11.50	20.75	25.25	27.50	32.25	34.50	32.00	25.25	20.75	25.00	29.75	33.50	30.50	29.25	32.75	39.00	44.25	46.25	44.75	40.50	36.25	31.50	23.50	22.75	21.00	20.75	22.00	24.25	30.25	34.50	37.25	36.50	32.50	29.00	30.25	27.00	27.25	30.00	31.50	31.25	26.50	25.25	23.75	31.25	35.75	35.75	37.50	40.50	40.75	45.25	44.50	48.25	48.25	55.00	54.00	51.25	51.00	47.75	49.75	49.50	49.75	47.50	49.25	43.25	46.50	49.00	50.75	48.25	40.25	48.50	49.50	40.50	43.75	49.25	49.25	33.75	29.50	43.75	36.75	31.75	44.00	49.25	54.00	55.00	54.75	44.25	30.50	27.50	25.75	24.50	37.75	40.25	46.25	47.50	50.25	51.25	50.00	51.75	52.25	46.50	38.00	38.25	39.50	41.00	45.25	48.75	47.25	44.50	46.50	52.75	53.50	53.00	51.75	48.25	50.75	54.25	53.75	52.75	51.75	50.50	49.75	48.00	50.25	53.25	51.25	48.25	42.50	46.50
8.75	7.75	9.50	9.50	10.00	10.50	10.25	10.75	9.75	9.25	11.25	11.25	10.00	11.00	11.25	11.25	11.50	13.75	16.25	14.25	18.00	17.75	9.75	5.00	3.00	3.00	5.50	9.00	6.25	9.00	8.25	6.50	7.25	4.25	4.25	6.00	5.50	5.75	5.25	4.00	2.50	4.00	4.25	6.25	8.50	11.50	10.50	9.75	10.00	12.00	14.75	15.25	15.00	16.00	17.50	17.25	16.00	15.50	15.50	14.50	11.75	9.50	10.25	11.25	12.00	16.00	14.25	12.50	12.75	14.25	14.50	13.50	12.00	11.50	9.50	9.25	5.75	7.25	13.50	15.25	16.25	16.75	19.00	19.00	19.00	20.25	21.00	22.25	23.50	19.75	14.00	16.50	23.25	22.00	17.00	19.00	24.00	25.75	25.00	26.00	29.75	33.00	30.25	30.25	33.00	34.50	30.00	28.75	36.25	38.75	37.50	33.75	31.25	28.50	32.00	34.50	34.25	35.25	37.50	39.50	37.25	25.50	14.00	7.00	6.75	6.75	7.50	8.00	6.75	13.25	17.00	20.75	26.00	28.50	25.75	18.25	17.75	21.50	22.25	22.25	20.50	21.75	25.75	34.75	34.75	37.00	36.25	29.75	26.50	24.50	20.25	20.00	19.50	22.00	25.75	34.00	36.75	39.25	42.00	41.50	42.00	37.50	37.75	36.50	34.75	38.75	39.25	38.00	35.50	29.75	29.50	27.25	28.00	26.50	30.25	36.00	40.00	45.75	47.25	44.50	47.75	52.00	49.50	49.75	50.75	49.25	47.25	48.75	46.25	41.75	44.00	43.75	49.25	52.75	53.00	48.50	39.25	49.25	53.75	48.75	44.75	47.50	50.75	37.75	27.00	35.25	38.25	30.50	43.50	45.25	50.50	53.50	55.00	50.50	43.75	36.75	32.75	26.25	26.75	28.75	33.00	34.25	40.25	42.50	42.50	42.00	43.50	35.50	37.50	42.75	48.00	45.00	48.50	51.75	41.00	45.75	46.75	47.75	48.00	49.50	48.25	46.25	48.25	50.50	50.50	51.75	52.75	47.25	46.25	49.00	52.50	54.75	57.50	52.00	45.00	42.00
9.25	9.00	10.75	10.00	11.25	12.25	13.25	13.00	10.50	11.75	13.25	13.75	12.50	12.50	13.75	13.25	13.25	16.25	17.00	17.25	21.00	20.00	14.00	8.75	6.00	4.75	8.00	8.75	7.25	8.00	7.75	5.75	6.50	6.50	6.25	9.75	9.50	7.50	5.25	3.00	4.50	4.50	3.50	3.50	4.75	7.50	6.75	5.00	5.50	7.50	11.50	13.25	13.00	14.25	14.25	13.00	13.50	14.00	14.75	14.00	12.00	9.00	7.75	6.75	6.75	10.75	15.25	14.50	13.75	15.50	16.50	16.75	15.75	14.50	14.50	14.75	9.75	7.00	9.25	10.00	11.75	17.25	22.75	22.75	23.50	24.75	26.50	27.00	26.00	19.25	12.25	16.75	27.75	27.50	23.50	24.50	27.00	28.75	30.00	30.25	31.25	31.75	32.50	32.00	31.75	35.25	33.75	30.50	36.00	38.25	40.00	36.00	31.75	29.00	34.00	36.75	36.75	39.00	40.75	41.25	39.00	33.50	23.75	10.25	7.00	6.25	7.00	7.00	6.75	8.50	10.00	14.00	19.00	18.75	14.00	9.25	14.25	21.25	22.75	21.75	20.00	18.50	20.25	25.00	25.25	26.00	25.50	23.50	24.75	25.00	22.75	22.00	26.50	27.75	30.00	31.75	33.25	36.25	38.25	40.50	43.75	41.75	39.00	42.00	38.25	41.75	42.50	40.50	41.00	34.25	38.75	35.75	32.50	28.50	27.25	33.50	38.50	39.75	39.00	36.50	43.75	48.25	44.25	44.50	49.25	50.75	45.75	43.25	45.00	42.75	44.00	45.50	48.50	52.75	53.75	49.50	46.75	49.50	56.50	52.50	47.00	48.25	53.00	46.25	34.75	30.50	30.50	32.25	46.75	45.50	46.75	48.00	50.50	53.50	54.00	49.50	45.25	36.50	31.25	28.50	25.75	26.00	28.50	31.75	33.50	31.00	36.00	35.25	41.75	47.75	51.25	48.75	49.00	49.25	37.50	50.50	52.75	48.50	41.75	46.00	44.50	46.00	46.50	48.25	53.25	53.75	53.25	50.75	51.50	52.50	58.25	56.75	60.75	55.75	52.25	39.50
10.00	10.00	11.00	10.50	12.50	13.50	16.50	16.00	11.00	12.50	13.50	13.50	14.00	13.00	15.00	15.00	15.00	17.50	17.50	19.50	22.00	21.00	16.50	12.50	9.00	6.50	9.00	9.00	9.00	7.00	8.00	6.00	6.00	7.50	7.00	10.50	11.50	11.00	7.50	3.00	6.00	3.50	4.00	3.00	3.50	4.50	4.50	3.00	4.00	5.00	8.00	11.00	11.00	12.50	11.00	9.50	10.00	10.50	11.50	11.00	11.50	9.50	8.00	7.00	6.00	7.50	14.50	15.50	15.00	16.50	17.50	18.50	17.00	15.50	17.00	18.00	12.50	7.50	7.00	7.00	9.50	16.50	22.50	22.50	24.00	26.00	28.00	28.00	27.00	20.50	13.00	16.50	27.50	28.00	26.00	26.50	28.00	29.50	31.50	31.50	32.00	30.50	32.50	31.50	29.00	34.50	35.50	32.50	37.00	38.50	40.00	35.00	30.50	29.50	38.00	42.00	41.50	43.00	44.00	41.50	36.00	35.00	29.50	13.00	7.50	6.00	7.00	7.00	7.00	6.50	7.00	10.00	15.00	12.50	8.00	6.00	13.00	20.50	25.00	25.00	22.50	17.50	18.50	20.00	22.00	21.50	21.50	23.00	28.00	29.00	26.50	25.00	33.50	32.50	29.50	26.50	28.50	31.00	33.50	37.50	44.00	42.50	39.50	43.50	41.00	43.50	45.00	43.50	43.00	37.50	43.50	42.50	38.00	32.00	24.50	28.50	35.50	32.50	31.00	33.00	39.00	47.00	41.50	39.50	47.00	49.50	45.00	39.00	47.00	46.00	46.50	45.00	48.00	52.00	52.50	49.50	53.00	50.50	58.50	53.50	45.50	50.50	55.50	51.00	41.50	32.00	27.50	35.00	46.50	50.00	47.50	45.00	48.00	55.00	55.00	56.00	52.00	43.50	36.00	31.00	26.00	25.50	26.00	27.00	26.50	26.50	37.00	41.00	44.50	51.50	52.50	50.50	50.00	46.00	37.00	54.00	56.50	53.50	42.00	46.00	43.00	48.00	48.00	49.00	57.00	55.50	55.00	55.00	55.00	54.00	58.50	58.50	61.00	60.50	56.50	41.50
7.50	8.00	11.00	13.00	13.00	13.00	15.50	17.50	15.00	17.50	16.00	13.00	12.00	12.00	11.50	14.50	13.50	14.00	14.50	19.50	23.50	19.50	15.00	11.50	10.00	9.00	7.00	7.00	9.00	8.00	7.00	11.00	7.50	7.00	6.00	8.50	12.50	15.00	11.00	10.50	10.00	9.00	6.00	3.50	2.00	3.00	3.50	4.00	5.00	7.00	7.00	7.00	6.50	7.50	4.00	4.00	6.00	8.00	4.50	4.00	7.00	6.50	6.00	8.00	9.00	7.50	8.00	7.50	7.50	8.50	9.50	13.50	15.00	16.50	19.50	21.50	20.00	17.50	13.00	12.50	8.50	9.00	15.00	19.00	23.50	25.00	24.50	20.00	22.00	19.50	13.50	19.50	24.50	21.00	17.50	18.50	23.00	26.00	28.00	26.00	22.50	23.00	27.00	24.00	26.00	32.50	32.00	37.00	39.00	41.00	39.50	37.50	35.50	30.50	33.00	36.50	41.00	42.00	44.00	40.50	33.50	29.00	26.00	26.50	19.00	13.00	10.00	8.00	7.00	6.00	6.50	6.50	7.00	6.50	7.00	7.00	14.50	20.50	31.00	38.00	38.50	20.50	28.50	29.00	28.50	24.00	33.00	34.00	31.50	34.00	36.50	32.00	32.50	39.50	41.00	38.50	32.50	29.00	30.00	28.50	38.00	39.50	42.50	43.00	46.00	47.50	45.00	45.50	46.50	46.00	43.50	48.50	38.00	30.00	32.00	26.00	33.50	38.50	39.00	33.50	33.50	31.50	30.50	34.00	31.50	38.00	43.00	49.50	51.00	51.50	53.50	50.00	46.50	51.00	56.00	58.00	59.00	49.00	59.00	51.50	48.00	54.50	52.00	43.50	39.00	45.00	38.00	30.50	32.50	39.00	46.50	53.50	50.00	50.50	53.50	54.00	47.00	44.50	44.00	45.00	38.50	32.00	33.50	31.50	27.00	27.00	29.00	29.50	41.50	52.50	49.00	49.50	45.50	39.50	49.00	54.50	54.50	49.00	51.50	53.00	54.50	52.00	51.00	57.50	56.50	58.00	57.50	58.00	59.00	60.50	60.50	61.00	63.00	57.00	51.50	51.50
11.50	10.00	11.00	14.00	13.00	12.00	14.00	16.00	16.50	16.50	14.50	15.00	14.50	11.50	15.50	14.00	10.50	9.50	13.00	19.50	21.50	19.50	11.50	5.50	4.00	5.00	5.00	6.50	8.00	7.50	8.50	11.50	8.50	4.00	5.50	4.50	3.50	5.00	5.50	12.50	17.50	13.50	9.00	7.50	4.00	3.50	3.50	5.00	9.00	13.00	11.50	11.50	9.00	7.50	5.50	6.00	6.00	7.50	7.00	7.00	8.00	7.50	6.00	7.50	9.00	8.00	11.50	12.00	11.50	11.50	11.50	10.00	8.50	9.00	10.00	12.00	19.00	22.50	23.50	22.00	16.50	7.50	8.00	10.50	15.00	17.50	16.00	11.50	10.50	9.00	7.50	15.50	18.00	17.00	15.50	13.50	15.50	18.00	18.50	16.50	16.50	18.00	18.50	19.50	21.50	24.50	28.50	33.50	29.00	31.50	32.00	35.00	38.50	37.00	34.00	32.00	32.00	36.50	42.50	44.50	37.50	28.50	27.50	34.50	30.00	27.00	22.00	12.50	8.50	6.50	6.00	6.00	6.50	6.50	6.50	6.50	13.00	20.50	22.50	26.00	28.50	34.00	37.50	43.50	44.50	30.00	29.50	40.50	40.50	34.50	39.50	32.50	36.00	40.50	47.00	42.00	34.00	39.00	41.00	32.00	28.50	34.50	39.50	44.00	42.00	41.50	41.00	45.50	50.50	51.50	49.50	42.50	34.00	39.00	47.00	31.50	38.50	46.50	49.50	48.50	45.50	47.00	40.50	46.50	39.50	40.00	46.50	50.00	48.50	51.00	51.50	52.50	50.50	51.50	50.50	55.50	59.50	57.00	54.50	50.00	58.00	51.00	46.50	41.50	52.50	47.50	45.00	35.00	32.00	42.00	39.00	37.50	49.00	52.00	53.00	54.00	52.50	53.50	47.50	49.50	45.00	42.00	49.50	48.50	32.00	26.50	29.00	30.00	36.00	42.50	41.50	41.00	40.50	46.00	51.00	56.50	57.00	55.50	52.00	53.00	54.50	58.00	59.50	61.50	58.50	59.50	57.00	58.00	59.00	60.00	61.50	61.50	63.50	56.00	51.00	48.00
11.00	9.50	11.50	14.00	12.50	11.00	12.50	15.50	17.50	15.50	13.00	12.50	10.50	9.50	11.50	11.50	9.50	8.50	14.50	20.50	21.50	16.50	14.50	7.00	3.00	3.50	4.50	7.00	8.50	6.50	5.00	3.00	5.50	6.00	8.50	6.50	3.00	2.50	8.50	14.00	13.50	13.50	10.50	4.00	2.50	4.00	3.50	6.00	8.50	9.00	12.50	13.50	12.00	10.50	8.00	11.00	13.00	12.00	12.50	12.50	11.00	11.50	12.50	11.50	10.50	10.00	10.00	10.50	11.50	12.50	14.00	14.50	14.00	14.00	12.00	10.50	11.00	15.00	18.00	22.00	22.00	17.00	11.00	9.00	8.00	7.50	7.50	7.50	8.00	11.00	10.50	10.00	17.50	20.50	21.50	21.00	19.50	17.00	19.50	23.50	25.50	27.00	28.00	29.00	29.50	28.00	26.00	26.00	25.50	28.50	31.50	31.00	31.00	34.50	42.00	41.00	32.50	33.00	37.50	41.00	40.50	38.00	36.50	39.00	35.50	34.50	28.50	14.00	8.00	9.00	9.00	8.00	7.00	6.00	10.50	14.00	23.50	25.50	24.00	35.00	37.50	41.50	41.50	41.00	47.00	34.00	28.50	39.50	42.00	38.50	39.50	33.00	42.00	46.50	50.00	39.00	36.00	46.00	46.00	33.50	34.50	32.50	36.00	35.00	37.00	46.50	52.00	50.50	49.00	51.00	53.00	51.00	40.00	41.50	46.00	38.00	33.50	42.00	43.50	48.00	48.00	50.00	50.00	48.50	50.50	43.50	40.00	39.00	43.50	42.00	42.00	42.50	36.50	42.00	52.50	57.00	56.50	61.00	58.00	52.00	59.00	56.50	49.00	47.00	55.00	54.00	36.00	46.50	40.00	32.00	47.00	46.00	37.50	42.50	46.50	51.00	52.00	53.50	48.50	45.50	41.50	45.50	49.00	48.00	39.50	34.00	39.50	36.50	30.50	31.50	36.50	42.50	37.00	47.00	57.50	53.00	56.50	49.00	43.50	45.00	57.00	58.50	61.00	62.00	56.50	54.50	60.00	58.00	60.50	57.00	59.50	63.00	65.00	59.50	59.00	56.00
14.50	17.00	12.50	13.00	10.50	11.00	13.00	16.50	19.00	16.00	15.50	16.00	14.50	8.50	10.50	11.50	14.50	20.50	24.50	20.00	19.00	15.50	14.50	11.50	6.00	5.00	8.00	9.50	6.00	5.00	7.50	5.50	3.00	8.50	7.50	5.50	3.00	3.50	8.00	8.00	13.50	18.50	17.00	12.00	6.00	1.50	3.50	7.50	11.50	12.50	13.00	12.00	9.50	10.00	10.50	10.50	15.50	16.50	16.00	14.00	16.50	18.00	19.00	20.00	19.50	19.00	14.00	11.00	12.00	12.50	10.50	11.50	14.00	17.50	18.50	18.00	13.50	10.50	10.50	14.00	19.00	22.00	19.00	17.00	15.50	13.00	14.50	20.00	21.50	22.50	19.50	12.00	13.00	11.50	11.00	12.00	16.50	16.00	17.50	20.00	22.50	25.00	28.00	30.50	33.00	33.50	33.50	34.00	34.50	35.00	37.50	37.50	35.50	33.50	41.00	40.50	34.00	37.00	38.00	36.50	40.00	43.00	45.50	42.00	38.00	31.50	27.00	16.00	14.50	15.00	10.50	9.50	8.00	7.00	16.00	26.00	31.50	30.00	27.50	30.00	39.00	42.50	45.50	47.00	46.50	33.50	28.50	41.50	47.00	41.50	41.50	33.50	47.00	51.50	49.00	38.50	42.00	52.00	46.00	37.00	38.50	35.00	33.00	33.50	43.00	44.00	44.50	41.50	47.50	47.00	53.00	54.00	41.50	43.00	49.50	46.50	37.50	30.50	39.00	49.50	53.00	55.00	53.50	51.50	51.50	51.00	44.50	46.50	42.00	48.00	35.50	42.50	47.50	41.50	44.50	50.50	45.50	58.50	58.50	56.50	58.00	58.50	48.50	53.00	52.00	48.00	39.50	49.00	44.00	32.50	52.00	50.00	43.50	37.50	43.00	45.00	44.50	50.00	51.00	49.00	48.50	49.50	49.00	45.00	35.50	41.00	52.00	50.00	37.50	39.00	49.50	54.00	42.00	37.00	49.50	54.50	50.50	42.00	50.00	49.50	49.00	48.00	53.50	57.00	53.50	59.00	64.00	61.50	58.50	54.50	57.00	61.50	62.50	57.00	58.00	56.50
16.50	18.25	14.75	11.75	9.00	8.50	10.75	14.75	17.75	16.00	15.75	15.00	15.00	12.75	12.75	11.25	13.75	21.25	26.25	23.75	19.00	15.50	14.75	14.50	9.25	7.00	8.75	8.00	6.25	7.00	7.50	5.75	3.75	6.50	5.75	4.25	2.75	4.25	8.00	8.00	11.50	15.00	15.25	12.25	7.75	2.50	3.00	6.75	10.00	13.25	15.00	13.25	10.00	8.50	9.25	9.00	12.25	13.50	13.75	13.25	15.00	17.25	19.50	21.25	21.25	21.50	18.25	16.25	16.00	15.50	12.75	11.75	11.75	15.00	17.00	17.50	15.25	12.75	11.00	12.00	15.50	20.00	20.75	19.25	19.75	18.50	20.00	25.50	26.25	26.50	23.50	16.00	11.75	10.75	12.25	11.25	11.75	14.25	16.50	18.50	19.50	20.75	24.25	26.75	28.25	29.00	30.75	33.25	34.75	37.00	39.50	41.00	38.75	35.50	39.25	40.75	37.00	40.25	41.25	37.25	38.75	42.75	45.50	41.75	36.50	30.50	25.75	20.75	22.50	20.00	15.75	14.50	8.00	6.50	13.25	23.25	30.75	33.50	30.25	27.50	34.50	40.75	44.50	46.75	46.75	35.25	28.25	40.75	46.25	44.50	41.00	36.75	47.25	51.00	47.25	42.00	46.75	51.75	44.50	41.25	42.00	40.75	37.75	35.25	39.00	39.50	42.00	43.75	46.75	48.25	52.50	54.25	48.25	46.75	52.75	48.50	41.00	34.25	38.00	44.50	47.75	51.00	51.25	49.00	52.50	51.00	44.25	46.50	46.00	51.00	40.75	41.25	49.00	46.50	49.75	52.75	48.25	58.75	59.25	58.25	60.00	59.00	52.25	54.25	48.25	42.75	46.00	51.25	44.75	32.75	48.75	53.25	45.25	40.75	48.50	47.75	48.00	48.50	50.50	50.50	50.25	47.75	45.25	41.75	37.25	43.50	53.50	51.00	39.50	37.25	47.25	54.25	47.25	38.25	50.00	52.50	45.75	44.50	49.00	52.50	53.25	51.75	52.75	53.00	56.50	61.75	65.25	63.50	60.25	55.75	56.75	55.00	57.00	51.25	55.75	51.25
16.50	17.50	16.00	12.00	10.00	8.25	10.25	13.75	16.25	16.75	17.50	16.00	17.75	17.25	15.25	11.00	11.50	19.00	24.25	24.50	20.25	17.25	15.75	16.50	11.75	9.00	8.00	7.25	6.75	8.00	7.00	6.00	4.50	4.25	3.00	2.50	2.75	5.75	8.50	8.25	7.75	9.75	13.50	13.25	10.50	3.75	2.75	5.25	7.50	9.50	12.75	11.25	9.00	7.75	8.00	7.75	8.50	9.25	11.00	12.00	11.75	14.00	17.00	19.50	20.75	22.25	22.00	22.00	21.00	20.75	18.50	15.50	13.25	14.25	14.75	14.25	14.25	14.00	13.25	11.75	11.50	14.50	20.25	21.75	24.75	24.75	24.50	27.00	28.50	29.50	29.00	24.75	17.25	16.50	18.50	14.75	8.25	14.00	17.75	18.50	18.75	18.50	20.50	24.00	25.50	27.75	31.50	35.25	35.75	40.00	43.50	45.25	43.25	40.25	40.00	41.75	42.25	43.00	44.75	40.50	41.00	43.25	44.75	44.50	39.50	32.50	26.50	28.00	33.25	27.75	24.00	23.00	10.00	6.25	8.50	16.00	26.50	35.00	34.50	28.75	32.50	37.00	41.25	45.75	47.00	40.25	33.00	37.00	42.25	45.50	44.75	43.75	50.25	52.25	47.75	48.00	53.00	51.00	45.00	48.25	48.25	48.75	45.75	42.00	41.00	39.00	40.50	42.75	44.75	48.75	50.75	54.75	56.50	53.25	57.00	52.25	48.25	41.75	40.25	44.00	42.50	47.00	48.00	47.50	49.50	50.75	47.00	42.50	47.50	52.25	51.25	46.00	49.25	52.00	56.00	56.75	53.50	59.25	57.75	57.75	60.50	57.50	53.25	49.50	43.00	39.00	54.75	54.75	46.50	34.00	43.75	56.00	47.75	41.75	52.50	53.00	51.75	50.25	50.00	51.75	48.50	44.75	40.25	42.50	39.50	47.50	55.25	49.25	43.50	38.25	42.75	54.00	55.50	46.25	44.75	47.25	45.75	50.00	46.00	53.75	58.25	58.00	56.25	52.75	60.00	62.00	67.00	66.00	61.50	59.25	56.25	49.50	50.25	49.50	50.50	43.25
15.50	15.50	14.50	13.75	12.50	11.50	13.00	16.25	17.00	17.25	18.25	18.50	19.25	16.25	14.50	11.50	10.00	15.75	19.00	20.00	21.75	20.50	18.25	14.75	9.50	7.75	5.75	6.50	6.00	5.75	5.75	6.75	5.25	3.50	2.75	2.50	4.75	7.00	8.50	8.25	7.25	9.25	14.50	16.25	15.00	6.00	3.75	5.50	8.50	5.50	6.75	6.50	5.50	6.75	7.00	6.75	7.25	8.00	8.50	8.75	7.75	8.25	10.25	12.25	14.25	17.50	19.25	20.00	19.75	22.50	22.50	20.75	20.00	19.00	17.00	14.25	11.50	11.00	12.75	13.50	12.25	11.25	15.50	19.50	21.00	22.00	22.25	21.25	24.00	26.75	28.50	29.50	28.00	27.00	27.25	24.00	15.00	14.25	16.00	19.00	22.25	22.75	22.50	24.00	26.50	32.00	35.50	37.75	37.75	40.00	42.75	43.50	43.25	42.50	44.00	44.00	44.50	44.00	45.25	45.00	46.00	44.75	41.75	45.50	44.00	35.75	30.50	32.50	36.00	31.75	28.50	26.75	13.00	8.75	8.00	10.75	18.75	26.50	31.75	33.50	34.25	37.75	41.25	42.50	41.75	43.25	40.50	39.25	42.00	44.25	47.25	48.00	52.50	51.00	50.25	52.25	53.00	51.75	49.25	50.25	48.00	49.25	49.00	48.25	50.50	48.50	46.00	44.25	42.00	46.25	50.75	55.75	57.50	53.25	55.75	52.50	50.50	45.75	43.75	50.25	45.25	45.50	46.75	49.50	48.75	49.75	50.25	41.25	47.00	51.75	57.50	54.50	52.25	54.50	57.00	56.25	56.00	58.00	54.75	53.50	58.50	56.00	53.75	48.75	43.75	47.00	56.75	55.75	46.00	36.75	44.50	51.25	49.75	38.75	45.50	52.50	51.50	54.50	51.75	50.00	46.50	46.00	40.00	46.50	41.75	50.00	54.25	47.75	50.00	44.25	42.50	45.75	52.25	55.00	45.00	49.25	52.75	55.75	48.75	50.50	57.00	60.25	61.00	58.00	59.25	61.25	67.25	63.75	61.25	59.00	56.75	57.00	51.75	59.50	54.00	42.50
16.50	15.50	14.00	14.00	12.50	12.50	14.00	18.00	18.00	17.00	17.50	19.00	18.50	15.00	13.50	12.00	10.00	15.50	17.50	18.50	22.00	22.00	20.00	14.00	8.00	6.50	5.00	5.00	5.00	4.50	5.00	7.50	6.00	3.00	3.50	3.00	6.50	7.50	8.00	8.00	8.50	10.50	15.50	18.50	18.50	8.00	4.50	6.50	10.50	6.00	5.00	5.00	3.50	5.00	6.00	5.50	6.50	8.00	6.50	6.00	5.50	5.00	6.50	8.00	10.00	14.50	17.00	17.50	17.50	22.00	23.00	22.50	23.00	22.00	20.00	17.00	11.50	9.00	10.50	13.50	13.50	11.50	13.00	17.00	16.50	18.50	21.00	19.50	22.00	25.00	26.50	29.50	32.00	31.00	31.00	29.00	20.50	13.00	12.00	18.00	23.50	25.00	24.50	23.00	25.50	33.00	36.00	37.50	39.00	39.00	40.00	41.00	42.00	42.00	45.50	45.50	44.50	45.50	45.50	47.00	47.50	45.50	39.50	43.50	44.00	36.00	32.50	34.50	36.00	33.00	30.00	27.00	14.00	11.00	9.50	10.00	14.50	20.00	27.50	34.50	33.50	40.50	43.50	40.00	36.50	43.00	43.00	44.50	45.00	45.00	45.50	48.50	52.00	48.00	50.50	54.00	51.50	53.00	51.50	49.50	45.00	47.50	49.00	49.50	54.00	54.00	50.50	49.00	40.50	44.50	52.00	56.50	57.00	50.50	53.50	51.00	49.00	46.00	44.00	52.00	48.00	44.00	46.50	50.50	52.00	49.00	50.50	44.00	49.00	53.00	58.50	57.00	56.50	56.50	57.00	54.00	56.00	56.50	54.00	51.50	58.00	56.50	57.00	54.00	46.00	53.50	56.50	55.50	44.50	38.50	47.00	47.00	51.00	38.00	40.00	49.50	51.00	55.50	53.50	48.50	48.00	48.50	41.00	46.50	43.50	51.00	53.00	49.00	54.50	47.50	44.50	38.00	46.00	57.00	51.00	54.50	55.00	58.50	53.50	49.00	55.00	60.00	61.50	59.50	58.00	63.00	67.00	61.00	61.50	56.50	57.50	63.50	54.50	65.50	60.50	44.50
12.00	14.50	16.00	15.50	15.00	14.00	13.00	14.50	16.50	17.50	17.00	17.00	17.00	16.50	16.50	14.50	12.00	14.50	21.00	21.00	20.00	18.50	13.00	10.50	13.50	17.00	11.50	7.50	10.50	9.50	6.50	6.00	6.00	3.50	4.00	5.50	7.50	8.00	8.00	8.00	9.50	12.00	15.00	15.00	18.50	16.50	13.50	11.50	11.50	8.00	5.50	4.00	3.00	4.50	8.00	7.50	8.00	9.50	9.50	9.50	12.00	8.00	9.00	9.00	7.50	5.50	8.00	8.00	9.50	12.00	14.50	18.50	24.00	24.00	22.50	21.50	15.50	14.00	13.00	11.00	10.50	12.50	14.50	16.50	16.00	15.50	16.00	14.00	16.50	22.50	25.00	24.50	26.50	28.00	35.00	37.00	33.50	24.00	14.00	15.50	24.00	30.50	34.00	36.00	33.50	32.00	33.00	34.00	34.50	38.00	39.00	40.50	38.00	37.50	44.00	42.00	40.50	44.50	46.50	49.00	46.00	40.00	35.00	36.00	43.50	40.50	37.00	33.50	31.50	32.00	28.50	21.50	15.50	9.50	9.50	11.50	13.50	15.00	21.50	27.50	33.00	39.00	41.00	36.50	27.50	39.00	43.50	42.00	37.00	36.50	43.50	47.00	48.50	43.50	50.50	50.00	43.50	41.50	45.00	38.00	34.00	37.50	36.50	47.50	55.00	55.50	58.00	55.50	50.50	46.50	52.00	56.00	51.00	44.00	45.50	51.00	50.00	51.00	52.00	50.50	50.00	53.50	47.50	48.50	49.00	49.50	52.50	49.00	44.50	50.50	57.00	50.00	51.50	44.50	47.00	49.50	42.50	45.50	44.50	50.00	56.00	51.50	57.00	51.50	48.00	54.50	56.50	47.00	43.50	40.00	43.00	57.00	51.50	53.00	42.00	44.00	41.50	49.50	51.50	52.50	53.50	50.50	42.50	50.00	53.00	49.50	53.50	59.00	61.00	56.00	54.00	41.00	39.50	50.00	58.00	56.00	58.00	60.50	61.50	55.50	45.00	53.50	53.00	55.50	61.00	61.00	64.50	65.00	60.50	63.00	62.00	63.50	64.50	67.50	60.50	47.50
12.00	12.50	13.50	15.75	16.25	15.75	14.00	15.25	17.00	17.75	17.00	17.00	16.50	16.25	16.25	15.25	14.50	15.50	20.50	22.25	19.75	17.75	11.25	10.00	14.75	18.50	13.50	9.75	10.00	8.75	5.25	5.75	5.25	4.75	5.00	6.25	7.75	8.00	7.75	7.75	8.50	9.25	11.00	11.00	14.25	16.50	15.75	13.50	13.50	12.00	9.00	7.00	7.00	8.00	11.25	10.75	10.50	10.25	7.75	8.25	12.75	12.00	12.25	11.75	9.75	7.25	7.00	8.25	9.00	10.00	10.75	14.50	20.25	21.00	20.75	21.50	17.75	15.25	16.00	13.75	13.00	12.50	16.25	19.75	19.75	15.75	15.00	16.75	16.25	18.00	19.50	21.50	25.50	29.50	35.25	37.25	35.50	26.50	19.25	17.50	22.25	30.00	34.50	36.50	36.00	34.75	34.50	35.00	35.50	39.00	38.75	37.25	35.75	37.75	42.00	39.25	38.00	42.50	47.00	50.00	47.50	43.00	38.50	33.75	40.00	35.50	31.50	27.50	26.75	26.75	24.25	21.50	17.50	10.50	10.50	10.75	13.25	14.00	18.25	25.75	33.50	39.00	36.75	31.25	29.75	38.00	42.50	39.50	32.25	33.75	40.00	42.25	45.75	45.25	51.00	47.50	41.00	37.50	38.00	33.25	34.00	39.50	37.75	44.75	53.00	52.25	54.75	55.00	52.75	48.75	50.50	52.50	47.75	41.25	45.25	52.25	51.25	51.25	49.75	49.75	52.50	53.75	48.75	48.00	49.75	51.25	53.25	50.25	47.50	52.50	51.75	49.75	45.75	40.75	43.50	44.50	43.50	48.25	49.00	52.25	52.00	50.75	57.25	53.75	53.25	57.50	53.00	46.25	47.00	36.00	41.25	54.75	55.00	53.25	42.75	47.75	46.25	46.50	52.25	53.25	52.00	49.50	46.75	48.50	54.25	51.75	55.00	60.25	61.00	56.50	53.00	41.25	40.25	50.00	56.50	55.25	58.00	60.00	63.50	58.50	48.00	53.75	55.75	56.75	59.75	61.25	64.25	64.50	61.50	64.00	64.75	66.75	65.50	66.75	63.25	52.75
12.00	13.25	13.25	15.25	16.75	17.25	15.50	16.00	17.00	17.50	17.00	16.50	16.00	17.00	18.25	16.75	16.25	15.75	18.75	22.50	18.25	16.00	11.00	12.25	16.00	17.75	14.25	11.00	7.25	6.75	5.00	5.75	5.25	6.00	6.25	7.25	8.50	8.75	8.75	7.75	9.25	11.00	9.75	8.00	8.25	13.75	15.75	15.00	15.00	16.75	15.25	13.75	14.50	15.00	17.25	17.00	16.00	14.00	8.25	8.00	10.75	15.00	15.50	14.75	13.00	11.50	9.25	10.75	12.50	12.50	10.25	9.25	12.00	14.50	16.75	19.50	20.25	18.00	19.75	18.00	18.00	13.75	19.00	24.25	25.50	19.25	16.25	20.25	19.50	15.50	14.00	20.00	25.50	29.50	33.00	35.25	37.50	31.25	29.50	23.50	20.00	25.75	32.25	34.25	36.50	35.00	34.00	35.75	36.00	39.00	37.00	31.75	33.00	38.00	38.00	34.25	35.25	39.00	43.75	47.25	47.25	46.75	44.00	33.00	33.50	29.25	25.25	24.00	25.25	21.50	22.25	24.25	23.25	16.00	12.50	10.75	13.00	13.75	14.25	20.25	28.75	32.25	30.00	26.00	30.50	34.50	37.75	34.00	26.75	32.25	40.00	40.75	45.25	46.25	50.25	46.75	42.50	37.50	30.00	32.00	39.00	45.25	44.50	43.75	48.00	49.00	50.75	54.00	52.75	48.25	47.00	42.25	40.25	41.00	46.75	50.25	49.50	48.75	44.50	47.00	52.50	54.00	51.25	48.50	48.75	52.00	53.50	53.50	51.00	51.75	40.25	41.25	34.50	32.75	36.75	38.25	42.25	45.25	47.75	49.50	45.00	50.00	57.75	58.25	58.50	59.50	49.00	50.00	46.25	31.50	37.75	47.25	54.25	53.75	48.75	54.50	52.00	42.50	53.75	53.00	50.50	51.00	52.25	47.75	55.50	56.25	59.00	60.25	58.00	53.75	49.25	40.25	40.00	54.25	56.75	55.25	58.00	58.50	63.00	62.75	55.25	55.00	57.25	57.25	58.75	61.50	65.00	65.75	62.25	58.50	65.25	67.50	63.00	60.50	61.00	59.00
12.00	16.00	15.50	14.50	16.00	17.00	16.00	16.00	16.50	17.00	17.00	16.00	16.00	18.00	20.50	17.50	15.50	15.00	17.50	21.50	17.00	15.00	12.50	15.00	16.00	15.50	13.00	10.00	5.00	5.50	6.00	6.00	6.00	6.00	6.50	7.50	9.00	9.50	10.00	8.00	11.00	15.50	12.50	9.00	6.50	11.00	13.50	14.50	14.50	17.50	18.00	17.50	18.00	18.50	20.00	20.00	19.00	17.00	10.50	9.00	8.00	14.00	15.50	15.00	14.00	14.00	12.50	13.00	16.50	17.00	13.50	8.00	7.50	11.00	14.50	17.50	20.50	19.50	20.50	19.50	20.50	15.00	20.00	25.50	27.50	22.50	18.50	21.00	23.00	17.50	14.00	21.50	26.50	28.00	30.50	33.00	37.50	33.50	34.50	27.50	19.50	22.00	29.50	31.50	34.50	32.50	32.00	35.50	35.50	38.00	35.50	29.50	32.50	38.00	36.00	32.00	35.00	37.50	40.00	43.50	45.50	47.50	46.00	34.50	30.50	28.00	24.50	26.50	28.50	21.50	24.50	27.00	27.00	20.50	13.50	11.50	13.00	14.50	13.50	16.50	23.50	25.50	27.50	26.00	29.00	32.00	34.00	31.00	26.00	33.50	43.50	44.00	47.50	45.50	49.00	48.50	46.50	41.50	29.00	35.50	44.00	49.00	50.00	45.50	45.00	49.00	50.00	53.50	50.50	45.50	45.00	35.50	36.00	43.50	48.50	47.00	46.50	46.00	41.50	45.00	50.00	54.00	52.50	49.50	47.00	51.00	53.00	55.50	51.50	49.00	34.00	33.00	29.00	28.50	33.50	37.00	40.00	39.50	42.00	44.50	42.00	50.00	58.00	60.50	58.50	58.50	48.50	54.50	42.00	31.00	36.00	42.00	50.00	54.00	54.00	57.50	53.00	41.50	54.50	52.00	50.50	53.50	53.50	48.50	55.50	58.50	61.50	59.00	55.00	50.50	46.50	39.00	39.00	58.50	58.50	56.00	58.00	57.50	60.50	64.00	59.50	56.00	56.00	56.50	59.00	61.50	66.00	67.50	62.00	52.00	63.00	65.00	59.50	55.00	56.00	60.00
12.50	14.75	16.50	18.25	17.75	18.00	19.75	18.25	17.75	18.00	19.25	19.00	16.50	19.00	20.75	17.50	12.75	12.00	15.00	19.75	20.75	19.25	16.25	15.75	17.00	14.50	10.50	6.50	4.00	7.00	7.25	5.00	5.00	7.00	8.00	8.50	7.25	7.75	7.25	6.25	16.00	18.50	16.50	15.50	13.25	7.50	8.50	9.50	8.00	9.75	11.25	13.75	15.50	15.00	13.75	13.75	13.75	14.50	14.75	15.00	12.25	9.75	11.50	12.75	14.50	15.75	15.00	16.25	16.25	15.00	12.50	8.25	4.50	6.50	10.00	14.25	21.00	22.25	22.25	21.00	16.75	14.25	17.00	18.50	21.25	25.25	27.00	26.75	27.75	24.50	19.00	17.75	23.00	24.25	27.75	29.25	31.75	33.50	35.75	34.25	30.00	28.25	23.75	24.50	25.00	21.75	22.00	28.75	33.00	36.00	37.00	31.25	26.75	30.25	30.75	31.75	34.75	35.00	36.25	38.50	41.00	43.25	44.25	42.25	42.00	42.50	41.25	36.25	29.25	29.00	34.00	33.25	30.75	25.50	18.75	15.50	12.75	15.50	13.75	14.75	19.25	17.25	14.75	16.75	21.00	24.75	25.75	24.50	28.00	32.00	39.00	34.00	35.75	40.25	47.50	47.25	41.50	32.75	26.00	31.75	34.50	43.25	48.50	52.00	51.50	46.75	42.00	43.75	46.75	43.00	34.50	36.50	43.75	43.75	47.50	45.50	47.25	45.50	37.00	42.75	47.25	48.00	48.50	49.75	43.00	36.25	37.25	39.75	33.00	30.50	32.00	30.25	32.25	32.25	33.25	35.25	37.50	37.75	41.75	43.25	46.50	52.50	56.75	56.25	55.00	54.00	58.00	53.00	41.50	38.75	38.25	49.25	50.50	51.25	56.75	60.50	56.75	49.00	48.25	52.50	53.25	56.00	56.75	56.50	54.00	58.00	57.75	54.25	49.75	48.00	54.00	57.00	52.00	45.50	53.50	56.50	55.25	55.25	57.50	59.00	62.50	56.25	58.00	58.50	60.00	63.75	66.50	66.75	61.25	47.00	51.00	58.75	52.00	44.50	53.50	54.00
13.00	15.50	17.50	20.00	18.50	18.00	19.50	19.50	18.00	17.50	17.00	18.50	17.00	17.50	18.50	16.00	10.00	9.00	13.50	18.00	19.50	18.50	16.00	15.50	18.50	15.00	13.00	8.50	3.50	6.00	6.50	5.00	5.00	7.50	8.50	9.00	7.50	7.00	7.00	6.50	13.50	16.00	16.00	16.50	16.00	10.50	10.50	11.00	9.00	7.00	8.50	10.50	11.00	10.50	10.50	11.00	10.00	11.50	13.50	14.50	15.00	11.00	11.00	11.50	13.50	14.50	15.50	17.00	15.50	13.50	11.50	8.00	5.00	6.00	8.50	13.50	21.00	23.00	23.00	20.50	15.00	16.00	18.00	15.00	17.00	24.50	28.00	30.50	31.00	28.00	23.50	19.50	25.50	25.50	27.00	26.50	28.00	31.00	34.50	35.00	34.50	32.50	25.50	21.00	20.50	21.00	20.00	25.50	28.50	32.50	35.00	30.00	24.00	26.50	29.50	31.50	32.00	33.50	35.50	38.50	41.50	43.00	44.50	44.50	45.00	46.50	45.00	38.00	32.00	33.00	36.00	34.50	29.50	23.50	21.00	19.00	12.50	13.50	12.50	11.50	13.00	11.50	9.50	10.00	21.00	26.00	28.50	23.50	26.50	29.50	34.00	29.50	33.00	41.00	48.00	46.00	44.00	33.00	26.50	28.50	31.50	39.50	46.50	52.00	51.00	43.00	36.50	40.00	44.50	42.50	33.00	41.00	42.00	39.00	45.50	42.00	45.50	43.50	34.00	44.00	47.00	45.00	47.50	49.50	44.50	32.50	33.00	34.50	27.50	26.50	35.00	33.50	31.50	32.50	36.00	39.50	39.50	34.50	35.50	36.50	42.00	51.50	53.00	53.00	54.50	56.00	56.00	49.00	38.50	45.00	38.50	49.50	55.50	52.50	54.50	61.00	58.50	52.50	46.50	53.00	54.50	57.00	59.00	57.50	54.00	59.50	55.00	52.00	47.50	50.00	51.00	57.50	57.00	43.50	50.50	53.50	51.00	52.50	56.00	57.50	62.50	57.00	55.50	56.00	59.00	62.00	66.00	65.50	60.50	46.50	47.50	56.50	48.00	44.00	56.00	51.50
16.00	16.50	19.50	22.50	20.00	18.00	19.50	19.00	18.50	17.50	18.00	17.50	18.00	18.00	20.50	18.00	17.50	16.00	16.00	20.00	19.50	18.00	16.50	18.00	21.00	14.00	10.00	8.00	6.00	4.50	6.50	6.00	5.50	5.50	8.50	8.50	7.50	7.50	7.00	7.00	4.00	4.50	6.50	7.00	8.00	12.00	16.50	17.00	15.00	9.00	8.50	14.00	12.00	9.00	11.50	13.50	12.00	11.00	10.00	10.00	14.00	15.50	13.00	11.50	12.50	13.00	12.50	14.00	15.50	18.50	16.50	13.50	9.50	5.00	5.50	9.00	17.50	22.00	24.50	22.00	18.50	17.00	22.00	19.50	14.50	18.00	24.00	28.50	32.00	31.50	27.50	19.50	20.50	20.50	19.50	18.00	20.00	25.00	32.50	35.00	35.00	34.50	32.50	28.50	26.00	32.50	27.00	24.50	25.50	24.00	24.50	24.50	22.50	27.00	35.50	37.50	37.50	38.50	38.00	38.00	39.50	40.00	40.50	43.00	44.00	44.00	45.50	44.50	42.50	37.50	35.50	32.50	29.00	27.50	26.50	26.00	16.50	15.50	16.00	12.00	13.50	10.00	9.50	12.00	18.00	21.00	24.00	18.50	20.50	23.00	25.00	29.00	39.50	44.50	45.00	40.50	46.00	39.00	26.50	35.00	39.50	42.50	46.00	51.00	51.00	46.50	40.50	32.50	40.50	41.00	28.50	29.50	31.00	37.00	39.50	38.00	37.00	36.00	38.50	43.50	37.00	46.00	51.00	44.50	40.50	33.00	25.50	25.50	31.00	34.50	47.00	44.00	41.00	38.50	36.00	42.00	48.00	46.00	48.00	43.00	37.50	40.50	43.50	55.00	61.00	59.00	48.00	42.50	53.00	53.00	38.00	41.50	55.50	60.50	58.50	56.00	53.00	46.00	52.50	52.00	56.00	60.00	61.00	59.00	51.50	53.00	51.00	47.50	55.00	58.00	53.50	56.50	51.00	57.00	45.50	55.00	51.50	52.50	56.50	57.00	52.00	57.50	54.50	55.00	56.50	61.00	62.00	56.50	51.00	45.00	41.00	39.00	44.00	38.50	44.00	42.50
17.50	17.00	15.50	21.00	20.50	20.50	21.00	19.00	19.00	20.00	21.00	19.00	19.50	20.00	22.50	20.00	16.50	16.50	20.00	21.50	19.00	18.50	17.00	19.50	20.00	12.00	9.00	6.50	5.50	8.00	9.50	7.00	7.50	5.00	11.00	11.00	9.00	7.50	7.00	8.00	6.50	5.00	5.00	5.00	6.50	8.00	16.00	21.00	19.50	15.50	9.50	13.50	15.50	10.00	9.00	12.00	13.50	15.00	14.50	12.00	11.50	15.50	16.00	16.00	15.00	13.50	12.00	13.00	16.00	19.00	20.00	15.50	10.50	7.50	4.00	2.50	10.50	17.00	22.50	22.50	22.50	21.50	20.00	22.50	19.00	13.50	15.00	26.00	27.00	29.00	25.00	17.50	26.00	27.00	24.00	23.50	22.00	19.50	26.50	31.00	33.00	34.00	34.00	34.00	33.50	35.00	30.50	32.00	36.00	32.50	33.00	33.50	32.00	26.50	29.50	33.00	38.50	43.00	42.50	38.00	36.50	36.50	35.50	37.50	40.50	43.50	45.50	45.00	42.50	34.00	33.00	33.00	34.50	29.00	28.50	29.50	21.50	16.50	18.00	19.00	14.00	9.00	13.00	11.00	14.00	11.50	14.50	14.00	18.00	16.50	23.50	27.50	38.00	45.00	40.50	33.50	41.00	34.00	24.50	35.00	38.00	41.00	39.00	41.00	42.50	47.00	39.50	32.50	31.00	33.00	29.00	35.50	39.50	42.00	41.50	38.50	33.50	33.50	32.00	35.00	42.00	45.50	45.00	34.50	29.50	27.50	28.50	35.50	41.50	41.50	44.00	43.50	45.50	47.50	42.50	37.00	42.00	53.50	56.50	53.50	44.50	42.50	44.00	50.50	60.50	58.50	44.00	53.50	49.50	40.50	41.50	36.50	48.50	55.50	61.50	57.00	58.50	49.00	54.00	58.00	58.50	60.00	58.00	54.00	58.50	59.50	56.00	54.00	55.00	60.00	54.00	57.00	51.50	54.50	50.00	57.00	55.00	56.00	54.00	55.00	55.00	55.00	50.00	53.00	51.00	54.50	53.00	47.00	43.50	40.00	38.00	36.50	34.00	35.00	36.00	32.00
17.25	16.00	16.50	19.25	19.25	20.00	21.75	20.50	19.50	19.50	20.50	20.75	21.25	20.75	21.75	21.00	19.75	18.75	19.75	18.75	16.00	18.00	14.00	14.50	14.00	9.00	8.00	5.75	5.25	6.50	8.00	6.50	7.25	6.25	12.00	14.75	14.75	13.50	11.25	11.25	8.75	5.25	5.00	7.00	8.00	7.25	13.25	17.75	18.25	17.50	11.25	12.75	16.00	12.00	9.00	10.75	12.00	13.75	14.00	13.25	14.25	15.00	14.25	14.25	14.75	14.25	11.75	13.50	16.50	19.00	19.25	14.50	10.75	9.25	4.75	2.25	9.25	15.50	20.25	21.50	21.25	20.50	19.50	22.50	20.25	16.00	15.00	22.75	24.75	27.50	25.00	17.75	24.00	27.50	27.50	28.25	27.00	22.25	24.50	27.00	28.50	29.50	30.00	31.75	32.75	34.00	33.25	32.50	35.25	34.75	36.00	34.75	32.75	27.25	28.75	31.00	34.00	37.75	39.25	36.25	34.50	33.75	34.25	37.75	39.75	41.50	44.00	44.50	42.25	36.75	37.50	37.00	34.25	29.00	29.25	32.75	27.50	21.00	20.75	20.50	19.50	17.50	16.25	11.25	12.00	10.75	14.25	13.50	15.75	14.75	19.25	22.25	33.00	39.50	37.75	33.00	38.75	31.25	24.00	32.00	35.50	40.25	35.50	39.50	42.75	45.50	39.00	32.50	27.25	32.75	31.25	38.00	42.00	42.75	40.25	33.00	29.75	32.75	34.00	36.50	42.25	41.50	39.75	30.75	25.75	28.25	33.25	39.00	41.25	38.00	37.00	37.50	41.00	44.75	44.75	43.25	44.25	50.25	54.00	55.25	47.75	44.75	49.00	54.50	60.75	58.00	48.00	56.25	47.00	40.00	44.50	41.75	49.25	56.50	61.50	56.00	57.50	52.50	54.00	54.00	54.25	56.50	56.00	52.00	56.25	59.00	56.75	56.50	56.00	57.75	53.50	57.00	54.00	54.00	53.00	55.25	56.25	57.25	54.75	54.50	56.75	53.75	51.00	55.00	53.75	53.00	47.75	43.25	40.50	37.50	36.00	35.50	36.50	42.75	41.50	36.00
16.50	15.00	16.75	17.25	17.75	19.00	21.00	21.50	22.50	20.25	22.00	24.50	23.00	21.00	21.00	21.25	20.75	20.00	19.75	16.00	15.00	15.50	9.00	7.25	7.00	7.00	7.00	6.75	5.50	5.50	7.00	6.50	7.25	8.50	11.50	15.25	17.25	17.25	17.25	17.25	16.50	9.25	9.75	11.75	14.00	7.75	8.75	11.00	13.75	18.75	15.75	11.00	13.75	14.50	11.50	9.50	9.00	10.25	10.75	11.75	13.50	13.00	12.25	11.75	12.50	12.00	10.25	14.25	17.75	18.25	16.50	14.50	15.00	13.00	5.75	2.00	9.25	14.50	19.50	21.25	19.25	18.25	17.75	20.75	22.00	20.50	17.00	18.50	21.75	25.75	26.50	22.00	20.75	23.75	26.75	29.00	31.75	28.25	24.50	24.50	26.50	26.75	27.75	29.25	29.50	30.75	35.75	35.00	36.00	38.00	40.00	37.00	32.25	28.25	32.00	33.75	32.50	32.50	33.25	34.50	35.50	35.50	36.50	39.50	40.00	40.25	42.75	44.50	44.50	42.50	43.50	41.75	33.75	32.00	31.75	37.25	37.25	31.25	26.25	23.75	30.50	29.25	23.25	21.25	16.00	13.25	15.50	14.75	12.00	14.25	14.25	14.50	21.00	23.75	29.00	31.75	30.75	23.50	25.50	22.50	30.50	32.25	30.25	35.00	38.00	39.75	34.00	26.75	25.25	33.25	35.00	41.50	42.25	39.75	35.25	27.75	31.25	34.75	35.50	33.00	36.50	32.75	29.75	24.50	26.25	32.75	39.25	40.75	35.50	30.00	30.75	32.50	33.25	35.75	41.00	45.50	48.50	49.50	50.25	58.50	54.25	49.25	53.50	59.75	63.00	58.75	56.25	56.75	42.75	44.00	50.75	48.50	50.75	51.25	54.00	52.00	55.00	56.00	53.50	49.50	47.50	48.75	48.75	46.75	50.50	51.50	57.50	58.75	55.50	55.25	53.25	56.75	56.75	54.50	55.50	54.50	56.50	57.50	54.75	55.00	56.50	52.25	52.00	56.50	57.00	49.50	40.25	38.00	36.00	35.75	35.50	35.50	40.75	54.00	53.00	41.75
14.25	14.00	15.25	16.75	17.00	18.00	19.00	20.50	22.50	20.25	21.00	23.75	23.50	20.00	19.50	20.00	18.75	17.50	18.25	16.25	16.75	13.50	7.25	5.00	6.50	7.25	7.50	9.50	5.75	5.50	6.75	7.25	9.25	8.75	9.75	9.75	10.00	9.50	15.00	21.25	19.50	17.25	16.00	15.50	19.25	10.50	7.75	7.25	9.25	17.25	19.50	13.25	10.75	13.00	13.25	11.50	9.50	8.75	10.00	10.75	10.75	12.25	12.00	10.75	10.00	9.25	10.75	14.50	17.25	17.00	14.50	16.50	19.50	14.00	6.50	2.75	10.50	15.25	19.50	18.50	17.25	17.75	16.75	18.75	23.00	23.50	20.25	17.75	20.50	25.50	26.75	25.50	22.75	22.75	24.50	24.50	27.50	29.00	26.75	28.00	31.00	30.75	31.75	32.25	31.50	29.00	32.50	34.50	35.25	37.25	38.75	38.00	33.50	32.25	35.00	37.25	38.25	35.50	31.75	33.00	37.50	39.75	40.75	42.50	43.25	43.50	44.25	45.50	47.50	45.25	44.00	42.00	36.50	37.25	36.75	40.25	41.25	35.50	28.25	28.00	37.50	34.75	30.25	34.50	28.50	20.50	21.75	25.50	17.00	19.00	14.25	12.50	14.25	15.25	20.25	25.50	20.25	17.25	22.25	16.00	23.25	21.75	24.75	25.75	27.75	24.50	21.50	18.25	21.00	23.75	29.50	39.25	35.50	31.75	29.50	30.75	34.50	33.25	30.75	23.00	24.50	22.75	21.75	24.00	32.50	38.25	37.50	34.75	26.50	26.00	33.75	39.25	36.50	34.00	38.00	42.00	49.50	56.25	53.50	57.50	56.75	55.25	56.50	60.25	62.25	60.00	61.50	53.25	46.50	53.50	58.00	54.25	53.75	47.50	49.00	51.75	54.00	53.75	51.25	51.50	48.50	44.25	40.25	40.75	50.50	47.00	53.50	56.75	52.00	52.75	54.25	54.50	54.75	56.50	56.00	54.00	54.75	56.25	54.50	54.75	54.75	53.75	52.00	55.75	53.50	45.00	38.25	36.75	35.25	37.00	37.25	37.50	41.75	57.75	60.75	51.75
12.50	13.00	14.50	16.50	16.50	17.50	18.50	20.00	20.00	19.00	18.00	21.00	24.00	19.50	18.00	19.50	19.00	16.00	16.50	16.50	16.50	13.50	7.50	5.00	7.00	6.50	8.00	10.50	5.50	5.00	6.00	7.50	11.00	8.00	9.50	7.50	6.00	4.00	11.00	22.50	17.00	21.50	17.50	16.50	20.00	12.00	8.50	7.00	8.00	16.50	20.50	16.50	10.50	11.00	12.50	13.50	11.50	9.50	12.00	12.50	11.50	13.00	12.00	10.50	9.50	9.50	12.50	14.50	16.00	16.50	14.50	17.50	20.00	13.00	7.00	3.50	10.50	15.50	18.00	15.00	16.00	18.50	17.00	18.50	23.50	24.50	21.50	18.00	20.00	25.50	25.50	25.00	26.00	26.00	26.50	24.00	23.50	26.50	27.00	30.00	33.00	33.00	34.00	35.50	36.00	29.50	29.50	32.00	33.00	35.50	36.50	38.00	36.00	36.00	34.00	36.00	41.00	38.50	33.00	31.50	36.50	39.50	41.50	44.00	45.50	46.00	45.50	46.00	48.00	45.00	43.00	41.50	39.50	39.50	40.00	42.00	41.50	34.00	27.50	30.50	39.00	37.00	33.50	38.00	35.00	24.50	26.50	34.50	23.50	22.50	15.00	13.00	14.50	17.00	17.50	20.00	15.50	16.00	17.00	16.00	18.50	18.50	21.00	19.50	22.50	13.50	13.50	15.50	15.00	13.50	22.50	36.00	31.00	27.50	27.50	33.50	32.50	29.00	26.50	18.00	18.50	17.50	18.50	26.00	34.50	40.00	34.50	30.50	23.00	26.50	36.00	45.00	43.00	38.50	41.00	42.50	48.50	60.50	58.00	55.00	56.00	59.00	60.00	59.50	59.50	60.00	62.50	52.00	52.00	58.50	62.00	58.50	56.00	50.00	51.50	54.50	54.50	51.50	49.50	54.00	52.00	44.00	37.00	38.00	54.00	49.50	49.50	55.00	50.00	50.50	55.00	52.50	52.50	57.50	57.00	52.50	54.00	56.00	55.00	53.50	55.00	55.50	52.00	55.50	49.50	42.50	38.50	37.00	36.00	37.50	37.50	38.50	41.00	58.00	62.50	60.00
13.50	15.00	10.50	15.50	16.50	17.00	17.50	18.00	17.00	16.00	17.50	19.00	20.00	19.50	20.00	17.50	16.50	16.50	16.50	19.00	17.00	16.50	8.00	5.50	6.00	5.50	5.50	6.50	6.50	7.00	6.00	6.50	8.50	6.00	7.00	10.50	6.50	7.00	15.00	22.00	20.00	23.00	17.50	18.50	22.00	17.00	10.00	7.50	8.50	17.50	21.50	21.00	17.50	14.50	13.50	12.50	12.50	11.50	10.50	13.50	15.50	18.50	19.50	18.00	15.50	12.50	13.50	16.50	18.50	20.00	19.50	20.00	20.00	16.50	11.50	5.00	6.00	12.50	13.00	9.00	12.50	19.00	21.50	22.50	25.50	27.50	26.50	21.50	21.50	24.00	24.00	19.50	22.00	26.00	29.00	29.50	28.50	28.50	29.00	30.50	33.50	33.50	35.50	34.50	36.50	37.50	36.50	33.50	34.00	36.50	37.50	38.50	40.00	40.50	39.00	38.00	41.00	37.50	33.00	31.00	35.50	39.00	37.50	37.50	39.50	43.00	42.00	40.00	42.50	47.50	47.00	47.00	46.00	44.00	43.50	42.50	39.50	39.50	37.50	31.50	37.50	42.00	39.50	37.50	30.00	23.50	27.00	33.50	34.00	29.00	25.00	20.00	11.00	8.50	14.00	17.00	16.00	16.00	12.50	14.00	15.50	17.00	17.00	18.00	15.50	14.50	15.50	16.00	15.50	14.50	15.50	24.50	23.00	23.50	19.00	16.00	16.50	16.00	16.50	19.50	25.50	23.50	23.50	22.50	26.00	24.50	23.00	24.50	31.50	37.00	36.50	39.00	36.50	41.50	47.50	50.50	53.50	56.50	53.00	42.00	43.50	50.50	51.00	45.50	48.00	61.00	56.50	48.50	55.50	62.00	63.00	61.00	59.00	53.50	46.00	48.00	41.00	41.00	47.50	49.50	46.00	43.00	42.00	43.00	55.50	49.50	45.00	55.50	52.50	55.50	54.00	48.00	51.00	54.00	55.50	54.50	51.00	57.00	56.00	51.50	55.00	54.00	51.00	53.00	52.50	48.00	36.50	33.00	33.50	36.50	38.00	41.00	41.50	55.50	59.50	55.50
11.50	9.50	12.50	13.50	18.00	20.50	20.00	16.50	14.00	15.00	13.50	16.00	17.50	19.00	17.00	14.50	11.00	11.50	14.00	18.50	13.50	13.50	10.00	6.50	5.50	5.50	5.00	5.00	6.00	8.00	9.50	10.00	9.50	8.50	8.00	8.50	8.50	6.00	13.50	20.50	24.50	24.00	21.00	20.50	23.00	17.00	9.00	8.00	8.50	14.00	21.00	23.00	20.50	15.00	15.50	15.50	11.50	11.50	13.00	12.00	13.00	13.00	15.00	19.00	21.00	19.50	13.50	14.00	18.50	21.00	21.50	18.50	16.50	14.00	10.00	4.50	4.00	8.50	8.50	8.00	13.00	17.00	21.50	22.50	22.50	27.00	29.50	26.50	24.50	20.50	17.50	15.00	18.00	22.00	28.00	29.00	29.50	31.00	31.00	31.00	32.00	33.00	35.00	35.00	36.00	38.00	38.00	39.50	39.50	36.50	36.50	37.00	38.50	39.50	41.00	40.50	40.00	36.50	34.50	34.00	30.00	30.50	32.00	31.50	31.50	33.50	35.00	36.50	40.00	46.50	47.50	44.00	42.00	43.50	43.50	39.00	41.00	45.00	44.00	39.00	39.00	45.50	47.50	32.00	27.50	28.50	35.50	41.00	41.50	38.50	34.00	34.50	29.00	25.00	22.00	14.50	12.50	18.00	16.50	17.50	19.50	17.50	17.50	14.50	15.50	16.50	20.00	20.00	20.50	12.50	13.00	14.00	17.00	17.50	16.00	22.50	25.00	20.00	22.50	32.00	35.00	34.00	33.00	28.00	23.50	23.00	22.50	24.00	28.50	33.50	38.50	39.50	33.00	35.00	37.50	39.00	38.50	39.50	40.50	32.50	32.00	35.50	39.00	39.50	44.00	52.00	59.50	52.50	60.00	58.00	56.00	58.00	55.00	51.00	55.50	44.50	45.50	38.50	56.00	53.00	52.00	48.50	48.00	57.00	53.50	50.00	41.50	53.50	49.00	51.50	53.50	53.50	51.00	44.50	42.50	49.00	47.50	49.50	50.00	51.50	53.00	53.00	55.50	52.00	57.50	51.50	34.50	33.00	32.50	35.00	34.00	37.50	39.50	54.50	60.00	56.00
10.00	10.50	12.50	15.50	12.00	13.00	12.50	12.50	15.00	18.50	17.00	14.00	12.50	12.50	13.50	13.00	11.50	11.00	11.00	12.00	9.00	7.50	9.00	5.50	5.00	5.00	5.00	6.00	8.00	9.00	11.00	10.50	10.00	8.50	8.00	7.50	8.00	8.50	7.00	17.50	25.00	27.00	24.50	25.50	25.00	20.50	12.50	6.00	5.50	11.50	20.00	22.50	23.00	19.50	18.50	15.50	12.50	14.50	16.50	15.50	14.00	13.50	14.50	16.50	19.50	22.50	19.00	14.50	14.50	18.00	19.50	14.50	12.00	11.50	11.50	9.00	4.50	4.50	7.00	8.50	12.50	16.00	20.00	18.50	16.00	20.00	22.50	24.00	23.50	17.50	12.50	12.00	20.50	22.50	26.50	26.00	27.00	27.50	31.00	30.50	27.50	27.00	31.00	32.50	34.00	36.50	37.00	40.50	41.00	40.50	38.00	38.00	42.00	42.50	42.00	42.00	40.00	38.00	38.50	33.50	32.00	33.00	35.00	34.50	37.50	36.50	39.00	41.00	46.00	50.00	50.00	47.00	39.50	35.50	40.00	42.50	35.50	35.00	36.50	39.50	42.00	50.00	44.50	35.50	39.50	33.00	34.00	42.50	45.00	42.50	38.00	35.00	37.00	32.50	26.00	34.50	31.00	28.50	24.00	34.00	28.50	27.50	29.00	22.50	22.00	26.00	24.00	28.00	32.00	25.00	23.50	23.00	18.50	17.50	27.00	33.00	29.50	23.50	23.00	26.00	35.00	39.50	38.50	33.50	31.00	31.50	30.00	21.50	22.50	22.50	23.50	22.00	22.00	24.50	25.00	27.50	26.50	29.50	28.50	30.50	37.50	36.50	34.00	39.00	51.00	50.50	59.00	56.50	64.50	58.00	48.50	46.50	48.50	45.00	45.50	49.00	36.00	46.00	59.50	58.00	54.00	52.00	50.50	55.00	52.50	55.00	46.00	42.00	46.00	45.00	38.00	42.00	46.00	48.00	47.00	49.50	56.00	55.00	57.00	54.50	54.00	55.50	52.00	48.50	51.50	52.50	37.50	35.00	35.50	40.00	38.00	40.00	40.50	53.50	57.50	61.00
14.50	10.50	11.50	12.00	11.50	12.00	12.00	12.50	18.00	18.50	14.50	14.50	15.50	9.00	5.50	7.00	9.50	8.50	6.00	8.50	9.50	7.00	5.00	5.00	5.00	5.00	8.50	10.00	8.50	8.50	10.50	9.50	7.50	8.00	9.50	10.50	11.00	9.50	5.50	11.50	15.50	15.50	17.50	20.50	18.50	19.00	15.50	7.50	4.50	8.50	16.00	23.00	24.00	22.00	21.50	18.00	13.50	15.00	20.00	20.00	18.00	19.50	22.50	22.00	19.50	20.00	18.50	19.00	18.00	20.50	20.50	15.50	13.00	16.00	17.00	15.00	12.00	8.00	4.00	5.00	9.50	13.50	16.50	13.00	11.00	12.50	13.00	20.00	22.00	18.50	11.50	7.50	11.50	13.50	16.00	16.50	24.00	29.00	30.50	29.50	28.50	24.00	26.50	32.50	32.00	34.00	33.50	37.00	37.50	38.50	38.50	39.50	41.00	43.00	46.50	47.50	43.50	40.50	36.50	33.00	34.50	38.50	37.50	40.50	43.50	44.50	45.00	48.00	48.50	47.50	45.00	45.00	41.00	37.50	30.50	35.00	28.00	27.00	37.50	41.00	44.50	50.50	46.50	46.00	49.00	42.50	35.50	40.50	46.50	45.00	41.50	37.50	31.50	27.50	28.00	40.00	40.50	34.00	24.00	35.50	37.50	37.50	31.50	37.00	36.00	34.50	29.50	35.50	37.00	31.00	36.00	33.50	19.00	25.50	34.00	36.50	31.50	36.00	27.00	27.00	33.00	33.00	36.00	37.50	35.00	35.50	30.00	22.50	31.50	33.00	29.00	28.50	27.00	35.00	30.50	32.50	38.50	39.50	37.00	34.00	32.00	43.00	49.00	42.00	46.00	54.00	60.50	62.00	63.50	63.50	59.50	52.00	42.50	46.50	39.00	36.00	34.50	48.50	62.50	59.50	57.50	55.00	49.00	49.50	52.50	54.00	53.00	38.50	46.50	46.00	41.00	50.50	54.00	55.00	51.50	52.00	55.50	56.00	58.00	56.00	54.50	55.00	55.00	51.00	41.00	45.50	41.00	37.50	44.00	53.50	46.50	39.50	48.50	51.50	58.00	55.00
13.25	11.50	12.25	12.75	12.50	13.00	12.75	12.50	16.25	18.25	15.50	13.50	15.50	10.75	9.00	9.00	9.75	8.50	7.00	9.75	13.25	9.50	5.75	5.00	5.25	5.75	8.75	9.50	8.75	8.50	9.50	8.50	7.25	8.00	9.50	10.50	11.75	10.00	5.75	11.00	11.75	13.75	13.50	14.75	14.25	14.25	14.75	9.00	5.50	6.75	11.75	17.50	18.50	18.75	19.75	18.00	14.75	14.50	17.00	18.00	19.75	21.50	22.00	20.75	17.75	16.50	14.25	15.75	15.00	16.75	17.50	16.25	15.25	18.25	18.00	16.50	14.50	12.00	9.00	7.00	7.50	9.75	11.75	9.25	7.75	8.50	9.00	16.00	18.75	15.75	9.00	8.75	9.00	10.00	13.25	15.50	23.25	27.50	27.75	28.25	27.50	23.50	26.75	31.00	30.75	32.75	31.75	34.75	34.50	36.00	37.50	39.50	41.00	42.75	46.75	46.25	44.25	41.75	40.50	36.50	36.00	39.50	39.50	41.00	42.50	45.00	45.25	45.75	46.25	47.50	46.00	44.75	39.50	38.25	33.25	34.25	26.00	28.75	36.50	39.50	44.25	52.25	49.75	48.75	50.50	45.00	38.00	41.25	46.00	45.00	39.00	34.75	31.00	29.25	31.25	40.00	37.50	30.25	28.25	31.75	36.00	40.00	33.25	37.50	38.50	36.25	30.00	37.00	37.75	33.75	38.50	33.25	18.00	26.50	32.25	37.00	34.00	36.25	29.75	31.50	35.25	35.25	35.25	38.75	35.75	35.25	29.00	26.25	29.75	33.25	36.50	36.75	30.00	37.75	35.75	37.50	41.00	43.75	39.25	40.00	33.75	41.50	50.75	46.00	50.75	56.25	58.00	61.00	58.00	61.25	59.75	55.00	47.25	49.00	42.75	35.25	38.50	46.00	61.50	59.75	57.50	51.75	47.00	47.50	51.25	52.00	51.00	41.25	43.25	43.00	42.00	50.50	55.00	55.00	50.75	51.75	57.00	56.00	57.50	56.25	53.75	53.00	53.75	53.50	47.00	50.50	46.50	40.50	44.25	53.00	45.50	39.00	49.00	55.00	59.50	54.00
12.00	12.50	13.00	13.50	13.50	14.00	13.50	12.50	14.50	18.00	16.50	12.50	15.50	12.50	12.50	11.00	10.00	8.50	8.00	11.00	17.00	12.00	6.50	5.00	5.50	6.50	9.00	9.00	9.00	8.50	8.50	7.50	7.00	8.00	9.50	10.50	12.50	10.50	6.00	10.50	8.00	12.00	9.50	9.00	10.00	9.50	14.00	10.50	6.50	5.00	7.50	12.00	13.00	15.50	18.00	18.00	16.00	14.00	14.00	16.00	21.50	23.50	21.50	19.50	16.00	13.00	10.00	12.50	12.00	13.00	14.50	17.00	17.50	20.50	19.00	18.00	17.00	16.00	14.00	9.00	5.50	6.00	7.00	5.50	4.50	4.50	5.00	12.00	15.50	13.00	6.50	10.00	6.50	6.50	10.50	14.50	22.50	26.00	25.00	27.00	26.50	23.00	27.00	29.50	29.50	31.50	30.00	32.50	31.50	33.50	36.50	39.50	41.00	42.50	47.00	45.00	45.00	43.00	44.50	40.00	37.50	40.50	41.50	41.50	41.50	45.50	45.50	43.50	44.00	47.50	47.00	44.50	38.00	39.00	36.00	33.50	24.00	30.50	35.50	38.00	44.00	54.00	53.00	51.50	52.00	47.50	40.50	42.00	45.50	45.00	36.50	32.00	30.50	31.00	34.50	40.00	34.50	26.50	32.50	28.00	34.50	42.50	35.00	38.00	41.00	38.00	30.50	38.50	38.50	36.50	41.00	33.00	17.00	27.50	30.50	37.50	36.50	36.50	32.50	36.00	37.50	37.50	34.50	40.00	36.50	35.00	28.00	30.00	28.00	33.50	44.00	45.00	33.00	40.50	41.00	42.50	43.50	48.00	41.50	46.00	35.50	40.00	52.50	50.00	55.50	58.50	55.50	60.00	52.50	59.00	60.00	58.00	52.00	51.50	46.50	34.50	42.50	43.50	60.50	60.00	57.50	48.50	45.00	45.50	50.00	50.00	49.00	44.00	40.00	40.00	43.00	50.50	56.00	55.00	50.00	51.50	58.50	56.00	57.00	56.50	53.00	51.00	52.50	56.00	53.00	55.50	52.00	43.50	44.50	52.50	44.50	38.50	49.50	58.50	61.00	53.00
13.50	14.00	14.00	12.50	14.50	14.50	14.50	13.50	17.00	16.50	16.00	15.00	13.50	13.00	13.50	12.50	10.50	11.00	15.00	16.50	14.00	13.00	7.00	8.00	12.50	9.50	9.00	7.50	6.50	7.50	8.00	7.00	6.00	7.50	9.50	10.50	10.00	11.50	7.50	11.00	10.00	11.00	9.50	10.00	7.00	6.00	13.00	14.50	12.00	9.00	10.50	10.50	8.00	7.50	9.50	11.00	11.00	10.50	12.50	15.50	17.00	16.50	14.50	12.50	10.00	10.00	11.00	10.00	11.50	10.00	11.50	13.00	14.50	19.50	24.00	22.00	21.00	19.50	16.50	12.00	9.50	11.00	9.50	8.00	8.00	9.50	8.00	5.00	7.50	8.00	9.00	15.50	13.00	8.50	7.00	7.00	8.50	11.50	12.50	15.50	18.00	16.50	19.00	20.00	20.50	24.50	25.00	23.00	25.00	26.50	32.00	34.00	36.00	40.00	43.00	44.00	46.50	46.00	48.00	47.50	46.50	46.50	47.00	43.00	37.00	38.00	43.50	42.50	36.00	40.50	46.00	48.50	45.00	45.00	43.50	41.50	27.50	24.00	33.00	38.50	42.50	46.50	46.50	39.00	43.00	46.00	44.00	47.00	45.00	39.50	40.50	43.50	44.50	36.00	41.50	44.00	34.50	33.00	39.50	36.00	30.50	37.50	39.50	40.50	43.50	38.00	38.50	42.00	41.00	38.00	34.50	25.00	18.00	28.50	34.50	29.00	34.00	33.50	27.50	30.00	37.00	38.50	40.00	39.00	39.50	35.00	30.00	37.50	35.00	34.00	35.50	41.00	43.00	46.50	42.50	43.50	45.50	53.00	49.00	53.00	48.00	48.50	51.50	54.50	52.00	49.00	54.50	57.00	44.00	53.00	55.50	56.50	51.00	45.50	44.50	38.50	50.00	56.50	58.50	61.50	55.00	53.50	46.50	43.00	55.50	51.00	53.50	48.00	40.50	41.00	49.00	56.00	54.00	56.50	51.50	48.00	48.50	50.50	51.00	55.00	58.50	53.00	50.00	51.50	57.00	59.50	53.00	45.50	44.00	41.00	42.00	47.50	48.50	52.50	56.50	58.00
13.00	13.00	14.00	14.50	14.00	12.00	12.00	13.00	15.00	20.50	23.00	16.50	11.00	12.00	14.00	13.50	11.00	10.50	15.50	17.00	15.00	14.50	12.50	11.50	11.00	14.50	16.50	14.50	10.50	7.50	7.00	6.00	5.50	7.50	8.50	8.50	8.00	10.50	7.00	5.00	10.50	11.00	9.50	10.50	12.00	9.50	9.00	13.00	13.50	10.00	14.50	19.00	14.50	11.00	12.50	11.50	9.00	10.00	10.00	9.00	7.50	7.00	6.50	7.50	9.50	12.50	18.50	16.50	18.00	21.50	23.00	20.50	16.50	19.00	24.00	26.00	20.50	14.50	12.00	11.50	9.50	10.50	13.00	15.00	14.50	11.50	9.00	12.00	12.50	8.50	9.50	17.50	21.50	19.00	16.00	17.00	13.00	12.00	13.00	13.50	13.50	13.00	17.00	20.50	22.00	22.00	21.50	18.50	20.50	23.00	24.50	25.50	29.00	32.00	37.00	38.00	38.00	40.50	46.00	50.50	51.00	49.50	47.00	43.00	38.50	35.50	36.00	39.00	34.50	32.50	41.50	46.50	42.00	37.50	35.00	34.50	27.00	24.50	38.50	36.50	35.00	37.00	29.50	24.00	37.00	42.00	41.50	43.00	41.00	33.00	49.00	50.00	46.50	42.00	45.50	42.00	40.00	40.00	41.50	38.00	33.00	34.50	39.00	42.00	38.50	38.00	38.50	36.00	38.00	37.00	36.00	19.00	19.00	19.50	20.50	19.50	23.00	31.50	37.50	37.00	35.00	40.00	38.50	35.50	36.00	36.00	31.00	34.00	39.50	43.50	44.50	47.00	40.00	34.50	30.50	34.50	41.50	48.00	48.50	52.50	52.00	51.50	54.00	47.50	46.00	52.50	56.50	52.50	44.00	51.00	51.00	55.00	46.50	41.00	33.00	36.00	48.00	60.50	61.50	57.50	58.50	59.50	49.50	41.00	42.50	44.00	49.00	45.50	38.00	42.00	52.00	55.00	56.50	54.50	53.00	55.00	54.00	47.50	42.00	46.50	50.00	53.50	52.00	51.50	48.00	49.50	42.00	41.50	39.50	38.50	40.50	48.00	54.50	55.50	60.50	50.00
14.00	14.25	13.00	13.75	12.50	12.00	11.50	12.25	14.00	17.75	20.25	16.00	11.25	13.25	13.50	13.00	11.50	12.00	15.75	15.75	14.50	13.50	12.50	12.50	14.00	15.75	16.50	15.75	14.00	8.25	6.00	5.00	5.25	7.00	7.25	8.00	9.25	10.50	7.75	5.50	10.25	10.50	9.25	10.50	11.75	10.00	9.25	14.25	14.75	10.25	14.00	20.00	16.75	12.50	13.75	15.00	12.50	11.25	10.75	9.25	8.25	8.00	7.25	8.50	11.00	13.50	19.75	19.75	21.00	24.25	24.75	22.75	20.75	22.75	25.50	25.25	20.00	15.00	15.25	15.25	12.00	10.25	13.00	14.75	15.00	14.00	12.00	14.00	15.00	9.75	8.50	14.75	21.25	21.50	19.50	20.75	19.00	17.75	17.00	16.75	16.25	15.00	19.50	23.75	25.00	25.50	25.00	23.25	24.25	25.50	27.00	28.00	30.75	32.50	35.25	35.50	35.75	38.25	43.50	47.75	50.00	49.00	46.25	42.00	39.25	36.00	33.75	35.50	32.50	33.50	40.25	43.50	41.00	39.50	38.25	36.00	29.25	22.50	35.00	32.75	28.75	29.00	25.75	30.75	40.00	42.50	37.75	40.00	36.50	31.00	49.00	50.25	47.50	44.00	47.00	44.25	43.75	42.50	44.50	38.75	37.75	34.25	41.00	41.50	37.25	34.25	33.25	31.50	31.75	31.75	31.50	20.00	18.75	17.75	19.50	19.25	20.25	25.75	30.00	32.25	33.25	39.75	35.25	33.00	34.00	36.50	33.25	34.75	38.50	41.00	44.00	43.50	36.75	30.75	28.00	30.75	36.50	48.25	47.75	51.75	48.25	49.50	53.25	47.50	42.75	50.25	55.50	51.00	44.75	49.50	51.25	51.75	47.00	44.25	35.25	33.75	46.50	57.25	58.50	54.00	57.25	57.00	48.75	44.00	40.75	45.75	45.75	41.00	34.75	38.75	50.25	54.75	56.25	55.50	53.00	55.50	52.50	44.75	41.00	43.50	49.25	50.25	45.25	50.50	48.50	50.50	46.25	43.50	41.25	37.75	38.00	47.50	56.50	58.75	59.25	47.50
15.50	15.75	13.00	12.25	8.75	11.25	12.00	13.25	13.75	15.00	16.50	13.75	11.50	15.25	14.00	14.00	12.75	14.50	16.50	14.25	13.00	12.50	13.00	13.50	16.00	18.25	18.50	19.25	19.25	12.25	5.25	4.50	5.00	5.75	5.75	7.25	9.25	9.50	9.00	8.25	9.75	8.75	8.75	10.25	11.50	10.00	11.25	18.25	15.25	8.75	12.75	20.50	20.00	15.00	14.00	18.00	18.25	17.50	17.25	14.75	13.25	13.00	11.25	12.00	14.25	16.50	22.50	24.50	24.50	23.75	22.00	22.00	24.75	27.00	27.00	24.25	19.25	17.50	19.50	19.75	15.50	12.00	14.75	16.00	18.00	19.00	18.75	18.75	18.75	12.00	8.00	11.25	20.25	23.50	21.50	23.50	26.25	25.75	24.75	23.25	22.00	20.00	23.00	26.25	27.25	27.50	26.25	29.50	30.75	30.75	32.25	33.00	35.00	36.25	36.50	36.50	38.25	40.00	42.25	46.00	49.25	47.25	44.25	39.25	38.50	35.75	31.50	29.50	30.75	36.00	36.50	36.00	35.75	39.00	43.75	41.75	38.50	27.25	27.25	23.50	19.75	18.00	22.00	32.25	39.50	39.25	34.50	35.75	30.75	28.25	48.25	48.25	45.75	46.50	45.50	46.50	47.75	47.00	47.50	43.75	45.00	38.25	41.50	38.25	32.50	27.25	25.75	24.50	23.75	24.25	27.75	22.50	19.00	16.75	18.75	15.50	15.75	25.50	25.75	24.75	28.00	33.00	33.75	31.50	30.25	31.75	30.50	32.25	34.75	35.50	38.25	38.75	34.50	26.75	24.50	27.25	32.25	47.75	44.00	46.50	42.75	47.25	50.75	46.75	39.25	47.00	52.75	46.75	43.50	45.75	47.75	44.00	42.25	40.75	36.75	31.75	37.25	48.50	48.00	48.00	53.00	49.50	44.25	45.50	37.75	41.00	35.00	31.50	33.25	39.75	48.00	52.25	55.25	57.25	54.25	56.50	54.25	43.50	40.00	40.25	49.00	51.00	44.25	51.75	52.00	53.25	50.50	48.00	46.75	41.25	39.50	47.50	54.75	57.00	55.00	42.50
14.50	16.25	15.50	13.75	10.00	12.50	14.50	16.25	16.00	17.25	17.50	13.75	12.50	16.50	16.25	14.75	13.25	14.75	15.75	13.50	11.25	11.75	14.25	15.50	13.50	16.50	20.75	24.50	24.25	20.00	11.75	12.75	11.75	5.00	4.75	7.00	8.50	8.75	9.00	9.50	9.00	8.50	9.75	10.00	9.50	11.25	18.50	22.75	13.00	6.50	11.00	19.00	21.00	18.00	14.50	16.25	18.25	22.25	24.25	23.00	21.25	20.50	18.00	16.75	18.75	21.50	23.75	23.00	22.00	17.25	17.25	18.75	23.00	23.50	24.00	23.25	17.75	18.00	20.25	20.50	16.75	14.50	15.50	17.75	20.75	21.50	23.00	23.75	22.25	15.25	10.00	10.50	17.00	18.75	15.25	17.50	22.25	26.00	28.25	27.50	27.25	25.25	25.50	26.00	25.75	22.25	20.00	27.25	30.00	31.50	34.25	35.50	37.50	38.75	37.50	38.75	43.25	44.75	45.50	47.50	49.00	45.50	43.00	40.75	40.25	37.25	32.75	27.25	28.50	33.25	32.75	31.25	30.25	32.25	41.50	45.50	45.00	35.00	20.00	13.50	16.25	18.25	17.75	22.00	28.00	29.25	33.75	35.50	27.50	30.75	44.25	42.00	41.00	44.50	44.50	41.25	45.00	47.75	48.00	48.25	46.75	43.00	40.75	33.50	27.50	24.75	26.75	27.25	31.00	31.25	35.50	22.50	19.25	18.50	18.25	11.50	14.50	30.75	33.25	26.00	25.00	25.00	31.25	28.50	26.75	24.25	24.00	27.00	28.25	29.75	32.75	35.75	32.75	25.50	25.75	29.75	33.50	44.75	39.25	38.25	40.50	45.25	44.25	42.75	38.00	47.25	48.50	44.50	43.75	38.75	37.00	38.25	36.75	34.50	35.00	29.75	33.50	46.75	45.75	46.00	51.00	43.00	39.75	40.75	30.50	30.50	27.50	29.00	37.50	46.25	48.75	48.50	51.25	52.25	50.75	52.75	56.00	49.25	43.75	44.25	52.75	55.75	50.75	51.75	55.25	55.75	53.25	54.25	54.75	49.50	46.75	43.00	43.25	49.00	50.00	44.50
14.25	16.00	15.75	16.25	15.00	15.00	17.50	20.25	19.75	20.50	18.75	16.25	14.75	16.25	18.25	15.25	13.25	15.00	15.50	15.25	13.25	13.50	17.50	17.75	12.75	13.75	20.25	25.50	25.75	25.25	23.25	24.75	18.25	5.75	5.50	7.75	9.50	9.50	8.25	7.75	8.50	9.50	10.50	9.50	9.25	15.50	22.00	21.00	9.50	6.25	9.00	16.25	18.00	18.00	17.00	17.75	17.50	20.50	22.50	24.00	24.75	25.75	23.00	19.75	20.00	21.00	19.50	18.25	17.25	13.50	16.00	17.25	18.25	16.00	17.75	18.00	14.25	13.50	17.25	17.00	15.00	13.25	12.00	14.50	16.25	18.00	21.25	26.25	25.00	19.50	15.25	14.75	16.00	14.75	11.00	14.75	18.00	22.25	27.00	28.50	29.00	27.00	25.25	24.50	23.25	16.50	14.50	20.75	24.50	28.50	30.25	31.25	33.25	35.00	36.25	39.00	42.00	43.00	44.75	46.25	47.75	46.25	45.25	46.00	43.25	37.50	34.00	31.00	27.00	23.75	28.00	30.25	29.25	26.00	32.25	39.00	35.75	24.50	14.50	18.00	21.75	26.50	19.75	22.50	24.50	20.25	29.25	31.50	24.75	36.25	35.00	38.00	42.25	43.25	47.00	30.75	36.00	45.25	42.50	46.25	44.50	39.50	38.25	30.75	24.75	28.00	35.25	38.25	44.25	43.25	40.75	19.00	17.00	17.25	18.25	14.50	18.75	32.50	40.00	33.00	28.00	24.25	28.25	26.50	29.00	27.25	28.50	26.50	27.50	28.25	31.25	31.00	31.75	30.50	31.75	36.75	37.00	39.00	39.00	32.00	38.25	43.25	40.50	41.50	36.50	46.75	44.25	40.50	44.00	30.00	28.75	33.25	38.00	36.75	30.50	34.00	38.00	51.00	51.75	44.25	47.75	41.50	37.25	35.50	25.75	27.50	33.00	38.50	44.75	50.50	51.00	50.50	51.00	48.50	48.25	46.00	47.25	49.25	46.25	48.50	55.50	57.25	53.00	51.25	55.00	56.25	55.75	57.75	56.50	52.00	51.00	38.75	34.50	48.75	46.00	43.75
14.75	14.50	14.75	15.50	18.25	16.75	19.00	22.50	21.75	20.50	18.25	17.50	16.50	16.00	19.25	17.25	13.75	14.00	16.00	18.00	18.75	18.50	19.50	16.75	14.00	16.25	22.25	23.75	22.75	26.00	29.00	26.25	15.00	6.75	7.00	8.00	9.00	8.75	8.00	7.50	8.75	9.50	10.50	9.25	10.00	14.25	18.50	18.00	9.25	7.50	7.25	12.50	14.75	16.00	17.25	19.75	21.25	21.75	22.50	24.00	25.75	24.75	18.50	15.25	14.25	13.25	12.75	13.50	12.50	11.00	12.00	13.00	13.75	11.75	12.25	12.00	13.25	12.75	16.00	14.50	15.50	15.25	13.25	14.75	14.00	14.25	15.50	23.50	25.25	23.75	21.75	23.25	21.25	16.75	10.25	16.75	21.75	21.75	24.25	25.50	25.25	23.75	19.50	17.50	17.25	11.50	11.25	15.75	19.75	22.00	21.00	22.75	26.75	32.00	37.75	40.25	37.50	38.50	41.25	43.50	46.25	46.00	45.75	46.75	43.25	36.00	32.75	29.25	22.25	14.25	17.50	21.25	23.00	20.50	23.50	27.75	21.00	11.75	14.50	27.00	29.50	34.50	27.50	34.75	35.50	17.75	24.50	22.25	19.75	30.00	29.25	36.75	41.75	40.00	41.50	23.00	25.75	32.50	31.50	38.75	37.25	31.00	32.25	32.00	28.50	32.50	41.75	43.75	46.50	42.25	35.25	19.75	17.50	17.50	22.75	23.25	26.75	36.50	42.00	33.25	27.25	25.25	26.50	27.50	31.50	30.25	34.25	32.75	30.75	33.75	33.00	33.25	34.25	30.00	31.75	40.00	39.75	37.50	38.00	28.25	35.50	41.50	42.00	41.00	36.00	44.00	40.75	32.00	38.75	33.75	32.00	29.00	38.25	32.00	28.75	43.25	43.50	49.00	54.75	42.00	38.50	36.75	32.50	28.25	29.50	35.00	42.50	47.75	50.50	50.50	51.50	52.00	54.50	47.25	43.50	42.00	43.00	44.00	45.75	49.50	54.25	56.50	53.00	51.50	50.75	53.75	51.75	50.50	50.25	47.25	47.75	41.75	39.00	45.75	44.00	45.75
14.00	13.50	15.00	14.50	20.00	18.00	19.00	22.00	21.50	19.50	18.50	18.00	17.00	16.50	19.50	18.00	14.00	12.00	15.50	18.50	21.50	21.00	19.00	15.50	14.50	18.50	25.00	24.00	21.50	26.00	29.50	23.50	12.00	7.00	7.00	7.50	8.00	7.50	8.00	8.00	9.00	9.50	11.00	9.50	9.00	10.50	17.00	18.50	11.00	8.50	6.50	10.50	14.50	16.00	16.50	19.00	23.50	24.50	25.50	26.00	27.00	22.00	12.50	10.00	10.00	9.00	10.00	10.50	9.50	9.00	9.00	10.00	12.50	11.00	10.00	10.50	14.50	15.00	17.50	15.50	18.00	19.00	17.00	18.50	16.50	14.00	12.00	20.50	25.00	26.00	24.50	27.50	25.00	18.50	9.00	16.50	24.50	23.00	22.50	22.50	22.00	21.00	15.50	12.50	13.00	8.50	9.50	13.50	17.00	16.50	15.00	18.50	24.50	32.00	38.50	40.00	34.50	36.50	40.50	42.50	45.50	44.50	44.00	45.50	43.50	36.50	31.50	24.00	16.50	10.00	10.50	13.00	16.50	17.00	19.50	22.50	15.00	10.50	17.00	27.00	31.00	37.50	29.00	41.50	42.00	18.00	23.00	18.00	15.50	21.50	29.50	35.50	38.00	35.50	35.50	20.50	21.50	21.00	26.50	33.50	31.50	26.50	29.50	34.00	33.50	34.50	43.00	43.50	44.50	38.50	31.50	22.50	20.00	20.00	26.50	28.50	31.00	38.50	41.50	30.50	24.00	25.50	23.50	26.50	30.00	28.00	34.00	37.50	31.00	38.00	36.00	38.50	35.00	23.50	28.00	38.50	39.50	39.50	35.50	27.00	34.50	40.00	42.50	38.50	36.00	43.00	39.00	28.00	35.50	41.50	36.50	28.50	37.00	25.50	30.50	46.00	48.50	46.50	57.00	42.00	33.50	32.00	29.50	23.00	32.00	41.50	46.50	50.00	51.50	48.50	51.00	50.00	55.00	44.00	36.50	40.50	46.00	43.00	46.50	50.50	53.50	55.00	51.50	50.00	47.00	51.50	48.00	43.50	46.50	44.00	43.50	44.00	44.50	40.00	44.00	53.00
16.50	13.00	13.00	15.00	17.50	19.50	19.50	23.00	22.00	17.50	17.00	19.50	20.50	21.50	20.50	18.50	17.00	13.50	14.00	15.50	17.50	16.00	16.00	15.00	13.00	14.00	17.50	20.00	22.00	24.00	27.50	16.00	7.00	6.00	6.50	7.00	7.00	7.00	7.00	8.00	11.00	12.50	14.50	13.50	11.00	8.00	8.00	15.00	19.00	17.00	8.00	7.00	15.50	19.00	20.00	20.50	24.50	26.50	31.50	30.50	24.50	12.00	10.50	18.00	19.00	19.50	22.00	18.50	19.00	20.00	20.00	19.00	19.00	17.00	16.50	18.00	22.00	26.50	26.00	25.50	26.50	27.00	23.50	27.00	28.50	24.00	19.50	22.00	22.00	24.00	24.00	27.50	24.50	17.00	9.00	16.50	25.00	23.00	19.50	15.00	11.00	11.00	10.00	9.50	11.00	11.50	13.50	17.00	14.50	14.50	20.00	25.00	29.00	32.00	36.00	36.00	32.00	28.00	32.50	41.00	42.00	42.00	43.00	32.50	27.00	20.50	15.00	9.50	6.50	8.00	9.00	10.50	12.50	14.50	20.50	27.50	30.00	28.00	33.50	19.50	23.50	27.50	34.50	40.50	36.50	22.00	37.00	39.50	31.50	21.50	16.00	27.00	23.50	17.00	22.00	31.00	36.00	28.50	21.50	30.50	24.00	26.00	37.00	38.50	40.50	40.00	42.50	45.00	45.00	41.00	27.50	31.50	34.50	35.50	40.00	41.50	35.50	38.50	40.50	32.00	31.00	34.00	33.50	31.00	27.50	25.50	24.50	25.00	27.50	36.50	35.50	35.50	35.00	32.00	36.50	40.00	41.50	38.50	37.50	30.00	36.50	35.00	38.00	32.00	41.50	36.50	29.00	24.00	39.00	36.00	25.50	29.00	26.00	33.00	44.50	50.50	51.00	53.00	49.00	29.00	22.00	25.50	25.00	27.50	43.50	48.50	51.00	50.00	48.50	41.50	42.00	45.00	41.50	32.50	39.00	46.00	51.00	52.00	50.50	49.50	55.00	54.50	52.50	47.00	49.00	50.50	50.50	48.50	53.50	51.50	50.50	56.00	56.50	56.00	47.00	56.50
15.50	14.50	16.50	20.50	19.00	20.00	21.50	23.00	19.50	17.00	16.50	18.00	20.00	23.50	20.50	18.00	16.50	15.50	15.00	16.00	19.00	18.50	17.50	14.00	18.00	23.00	21.00	24.50	25.00	25.00	24.00	12.00	8.00	7.00	7.00	7.00	7.00	7.00	7.00	8.00	10.00	13.00	15.50	13.50	12.50	8.00	5.00	7.50	12.50	17.00	9.50	6.50	13.50	18.00	19.50	22.50	27.50	31.00	24.00	14.50	11.00	7.50	17.00	24.00	26.50	28.00	28.00	17.50	11.50	13.50	12.50	14.00	20.50	21.00	22.00	23.50	22.50	26.00	22.50	21.50	25.00	26.50	23.50	26.00	28.50	27.00	27.00	29.00	20.50	16.00	18.50	22.00	18.50	11.50	9.00	17.50	25.00	25.50	22.50	19.00	14.50	8.50	9.00	16.00	18.00	17.50	19.50	22.00	24.00	22.00	24.50	25.00	25.50	26.00	26.00	26.50	23.50	21.00	21.50	30.00	37.50	40.50	35.00	20.50	14.00	12.00	10.00	6.50	7.50	17.00	20.00	21.50	26.50	25.50	22.00	29.50	38.00	39.50	46.00	36.00	18.50	33.00	34.00	37.00	35.50	20.00	38.50	46.00	38.50	28.00	31.50	45.00	32.00	16.00	32.50	27.00	38.00	31.00	23.00	25.00	29.50	36.50	34.50	32.50	32.00	35.00	40.00	45.50	44.00	43.00	38.50	38.50	41.50	39.50	41.50	43.50	42.00	37.50	40.50	36.50	37.50	43.00	41.00	42.00	37.00	27.00	23.00	33.50	24.50	28.00	37.50	31.00	38.00	44.00	44.50	44.00	40.00	41.50	34.00	26.50	26.00	34.50	26.50	31.50	39.00	35.50	35.00	26.00	32.50	25.50	24.50	20.00	34.50	45.00	40.00	43.50	49.50	55.00	45.50	31.00	23.00	35.50	42.50	39.50	43.50	49.50	42.50	40.50	34.00	29.00	31.00	33.00	35.50	35.50	36.00	47.00	50.50	48.50	50.50	48.50	50.50	52.00	53.50	50.50	47.00	51.50	52.00	49.50	56.50	60.50	59.00	59.50	56.50	51.50	54.50	51.00
14.00	13.75	15.00	18.75	20.00	21.00	22.75	23.00	18.00	15.75	16.50	18.25	19.75	22.75	21.50	19.00	17.00	15.75	16.50	17.50	19.00	18.75	18.00	15.75	18.50	22.75	21.00	24.00	25.25	23.50	22.25	13.75	8.00	7.50	7.00	7.00	7.00	7.00	7.50	8.00	10.25	13.50	13.75	11.00	10.25	7.50	6.00	7.75	10.50	16.50	14.75	8.25	11.50	16.00	18.00	22.00	25.75	27.00	17.00	11.00	10.50	7.00	17.50	24.75	24.25	23.75	26.50	14.50	8.50	8.75	8.00	8.75	14.75	17.00	21.00	24.25	22.50	20.50	14.25	14.25	19.25	22.00	20.00	21.00	24.00	25.00	26.00	27.75	18.75	12.25	16.50	21.25	17.50	10.25	7.50	15.50	23.50	24.25	20.50	15.25	10.75	7.75	9.75	17.50	20.75	19.25	18.25	20.50	25.00	24.75	25.00	20.75	19.25	19.75	19.75	21.50	22.25	22.25	23.50	30.75	34.75	33.00	26.75	16.25	12.25	11.00	10.25	9.50	12.50	22.25	23.00	23.25	30.25	30.50	21.25	24.00	29.75	32.00	41.00	39.50	21.00	26.00	30.25	42.00	40.00	24.25	42.25	45.75	32.75	27.75	36.75	45.50	32.50	17.25	33.75	34.25	40.25	30.50	19.25	27.25	37.25	39.00	40.50	39.50	36.00	35.00	39.50	43.00	44.75	43.75	41.50	42.75	43.00	41.75	41.50	43.75	40.75	39.00	41.00	38.50	38.25	44.25	43.75	42.00	37.25	30.00	26.00	33.00	31.25	34.00	36.25	33.50	38.00	42.00	41.75	39.75	40.50	40.25	35.50	27.25	25.00	31.25	27.25	33.25	35.25	30.50	27.50	24.75	27.00	21.75	25.00	24.25	36.00	39.25	34.75	42.00	43.75	46.50	40.25	28.50	25.50	36.75	45.00	39.25	46.00	47.50	40.25	34.00	30.75	30.00	31.25	33.00	35.25	40.75	37.75	46.75	52.00	49.75	49.25	46.75	48.00	50.25	53.50	51.50	47.75	50.75	52.50	51.25	56.75	61.00	57.50	53.25	51.50	53.25	51.25	47.00
10.00	13.00	14.25	15.50	18.50	20.25	23.00	23.00	18.00	16.25	17.25	19.00	20.25	21.25	21.00	20.00	18.00	17.25	19.00	19.50	19.00	19.75	19.00	18.00	20.50	22.25	21.50	23.25	23.50	23.00	22.50	18.00	9.50	7.50	7.00	7.00	7.00	7.25	8.50	8.25	10.75	13.25	9.50	9.75	9.00	7.00	7.00	7.50	8.00	14.50	20.50	13.25	11.25	14.50	15.00	18.00	20.25	20.00	9.50	7.25	9.00	5.75	13.50	20.25	15.00	12.25	18.00	8.25	4.75	4.00	3.00	3.00	6.25	8.50	13.00	18.00	17.00	11.00	4.75	6.50	10.25	12.50	12.50	13.50	17.25	21.75	23.25	21.25	12.25	5.25	8.50	14.00	14.00	8.25	6.50	13.50	19.25	19.75	16.00	9.00	7.25	11.00	14.25	21.00	24.00	19.50	15.00	15.75	24.25	26.50	23.25	13.75	12.25	15.25	18.00	21.00	25.25	25.75	28.00	32.00	29.00	21.50	14.75	8.25	7.50	9.25	12.00	18.00	24.00	32.50	31.50	29.75	33.50	35.75	21.75	19.25	22.50	26.00	33.75	41.00	28.00	27.50	29.00	48.75	45.00	29.25	47.50	46.25	30.25	27.50	46.25	49.75	32.25	20.25	37.00	44.50	45.00	28.75	13.25	22.00	38.00	31.25	35.50	37.50	36.25	38.00	38.75	40.50	43.00	41.50	45.00	47.25	46.00	44.00	40.00	43.25	38.50	36.50	38.75	38.25	38.00	43.00	44.25	41.00	39.00	35.00	32.50	36.00	40.00	39.50	37.50	38.50	39.75	38.50	35.00	38.50	38.50	36.50	31.50	24.50	24.00	26.50	28.25	26.75	24.50	23.00	18.25	21.50	24.00	25.25	28.50	27.25	32.00	28.75	26.50	30.50	29.00	30.75	29.00	28.00	36.75	43.00	47.75	40.25	48.50	45.75	34.25	26.00	29.00	32.25	35.25	38.00	39.75	46.00	41.50	48.00	54.50	53.75	49.75	46.00	46.00	49.50	53.00	52.00	47.75	49.00	52.75	52.50	56.00	61.50	55.50	49.00	47.25	56.75	47.50	49.00
8.75	11.25	12.75	14.25	17.00	18.50	19.50	19.00	17.75	19.00	20.75	20.50	21.00	20.00	18.50	19.00	17.00	18.00	20.50	19.25	18.50	19.25	19.00	19.75	22.75	22.50	23.00	23.75	22.25	22.50	21.75	17.25	11.00	11.00	8.25	7.00	7.00	8.00	9.75	9.50	12.00	13.00	6.75	9.00	9.25	7.00	6.00	5.75	7.00	11.25	19.75	20.25	17.50	15.75	10.75	11.00	12.25	12.50	8.00	7.50	10.00	6.25	7.00	11.00	6.25	4.25	7.00	3.75	4.25	4.50	2.75	2.25	3.00	3.50	4.00	7.00	7.50	5.00	5.25	5.75	4.75	6.25	7.25	11.25	17.00	20.50	21.75	14.25	5.75	2.00	2.00	4.25	6.75	4.75	6.00	11.00	12.75	12.00	9.25	4.50	6.25	13.50	17.50	22.00	21.50	15.00	10.25	10.25	18.75	21.50	21.50	14.00	10.50	14.00	21.50	26.00	28.50	26.00	29.75	30.75	22.75	14.25	9.75	6.00	6.00	9.25	15.25	24.50	31.50	36.00	36.50	36.75	36.00	36.75	29.00	26.25	22.25	27.25	35.00	40.25	32.50	34.50	33.75	47.00	50.00	33.00	48.75	50.75	34.25	28.25	53.75	48.50	26.50	22.00	34.50	49.25	47.75	24.75	13.75	22.75	26.75	18.50	22.75	21.25	22.25	32.75	33.50	39.50	43.00	42.25	44.75	47.50	46.25	42.00	36.50	37.75	34.50	31.00	36.00	37.00	33.25	37.50	37.00	39.00	35.75	33.75	33.00	34.00	37.25	39.50	40.25	37.75	37.25	29.00	28.25	36.75	35.25	30.00	21.75	20.00	22.00	26.25	27.75	18.25	17.00	19.00	16.00	16.75	22.75	26.50	23.50	22.75	24.00	23.75	23.00	23.50	24.50	28.50	30.00	36.50	47.00	49.00	46.75	42.00	47.00	47.00	33.50	25.00	29.50	35.50	41.00	42.50	44.50	48.25	43.75	50.00	54.75	56.50	53.00	48.25	45.25	48.50	50.50	51.50	48.50	48.00	50.75	48.75	54.00	61.50	58.25	53.25	51.00	58.50	47.50	57.50
10.00	9.50	10.50	14.50	18.00	18.50	17.00	15.00	16.00	20.00	23.50	21.50	21.00	19.50	17.50	18.00	15.50	17.50	21.00	18.50	18.00	18.00	18.50	21.00	23.50	23.00	24.00	24.50	23.00	21.00	19.00	14.00	11.00	15.00	9.50	7.00	7.00	8.50	10.50	10.50	13.00	13.50	6.50	7.00	8.50	7.00	5.00	4.50	6.50	9.50	18.50	24.00	22.00	16.50	8.00	7.50	8.00	8.00	7.00	8.00	12.00	7.50	5.00	7.00	4.50	3.50	3.00	2.50	4.50	5.00	3.00	2.00	2.50	3.00	2.00	3.00	3.50	3.00	7.00	5.50	2.50	5.00	6.00	11.50	19.00	20.50	22.00	12.50	4.00	2.00	1.50	1.00	2.00	2.00	5.00	8.50	9.00	7.50	5.00	2.50	5.00	12.00	17.00	21.00	18.50	12.00	7.50	8.00	15.00	17.50	22.00	17.00	9.50	11.00	20.50	26.50	27.50	24.00	29.00	29.00	19.50	11.00	8.50	7.50	7.50	10.00	17.00	25.50	32.50	34.50	36.00	39.00	39.00	37.50	35.00	32.50	21.00	27.00	38.50	41.50	32.50	33.00	36.00	43.50	54.50	36.00	48.50	54.50	35.00	29.00	57.00	43.50	21.50	22.00	30.00	51.00	48.00	22.00	16.50	31.00	22.50	16.00	21.00	14.00	12.00	24.50	28.50	38.50	45.50	46.00	44.00	47.50	45.00	40.00	34.50	33.00	31.50	29.50	36.00	38.00	29.50	34.50	32.00	38.00	31.00	30.50	30.00	28.50	32.50	40.00	40.50	34.50	33.00	21.00	25.50	32.00	34.50	26.00	17.50	19.00	20.00	27.50	27.00	18.00	16.50	17.50	15.50	14.00	19.00	20.50	15.50	19.50	21.50	23.50	22.50	26.50	29.00	33.50	37.00	43.00	48.50	50.00	45.50	42.50	45.50	48.00	36.50	25.50	28.50	37.50	43.00	42.00	44.50	50.50	44.00	50.50	54.00	56.50	54.50	49.50	44.00	46.50	48.50	51.50	50.00	48.00	49.00	45.50	53.00	61.50	61.50	55.50	54.00	58.50	48.00	60.00
14.75	14.50	15.50	15.25	15.25	15.75	15.00	15.75	16.50	17.00	17.00	18.50	18.50	14.50	14.00	15.50	15.75	15.75	15.00	18.50	16.75	16.75	17.25	18.75	20.75	21.25	22.00	22.50	23.25	24.25	23.75	23.25	24.50	29.75	18.25	8.25	7.00	7.25	9.25	11.25	13.00	13.75	13.75	13.00	13.50	10.00	7.75	5.75	8.50	9.50	13.00	16.00	16.00	11.25	7.25	7.75	9.75	9.25	7.75	9.50	11.00	9.25	7.50	6.00	6.75	6.25	3.50	3.75	4.00	4.25	4.00	3.50	3.50	3.75	2.25	2.75	2.25	1.50	2.50	3.00	4.25	6.50	3.50	6.50	13.75	22.25	20.50	8.00	3.00	3.00	2.50	3.00	3.00	2.25	1.75	1.50	1.75	3.25	2.75	2.00	4.50	9.25	7.75	8.25	8.25	11.00	11.75	9.50	6.50	7.00	10.00	11.50	11.50	10.75	14.50	16.25	16.50	22.75	23.75	15.25	8.00	5.25	4.75	6.00	6.50	12.50	18.25	18.50	13.75	15.50	22.00	26.75	31.75	37.25	40.25	34.50	25.00	17.00	24.00	27.00	24.50	24.00	25.50	34.50	50.25	39.50	48.00	47.75	35.25	40.25	52.75	48.00	33.25	30.25	27.75	54.25	39.00	15.75	13.00	30.00	30.00	27.75	23.50	16.50	12.25	15.00	24.75	36.50	44.00	48.50	41.50	46.25	44.50	39.50	36.75	30.75	24.50	24.25	22.25	26.25	25.25	25.25	27.50	26.00	18.25	16.75	14.75	14.75	15.25	17.75	16.75	15.50	17.75	18.25	21.25	26.50	20.50	14.25	13.25	16.75	17.50	18.75	17.50	16.50	15.25	16.50	26.75	28.25	22.50	20.25	23.25	39.00	42.50	43.25	35.00	39.50	36.25	40.25	38.75	40.50	46.25	44.75	42.25	44.00	43.25	35.00	27.25	28.25	32.50	38.00	39.25	43.75	47.50	52.00	49.00	52.00	53.50	55.50	54.00	52.00	46.00	48.00	48.25	51.00	48.00	49.25	49.25	52.25	53.50	55.75	53.50	51.00	56.25	59.00	51.25	59.50
14.50	15.50	16.50	16.50	15.00	15.00	14.50	16.00	17.00	17.50	16.50	16.50	16.00	13.00	13.50	14.50	16.00	16.00	14.00	17.50	14.50	15.50	18.00	18.50	21.50	21.00	21.00	21.50	21.50	23.00	25.00	26.00	27.50	30.00	19.50	9.00	7.00	7.00	8.50	11.00	12.50	13.50	13.50	14.50	14.50	10.00	8.00	6.00	9.00	10.50	10.00	10.00	11.50	10.50	8.00	6.00	8.50	9.00	9.00	9.50	8.50	8.00	7.50	7.00	8.00	7.00	3.50	3.00	4.00	4.50	4.00	4.00	4.00	4.00	2.50	3.50	2.50	1.00	2.50	4.00	3.50	4.00	3.00	5.50	10.50	20.00	19.50	6.50	2.50	3.00	3.00	3.00	4.00	3.50	2.50	2.00	1.50	2.00	2.00	2.00	3.50	8.00	6.00	6.50	8.00	12.50	13.00	10.00	6.50	5.50	6.00	8.50	12.00	14.00	15.00	15.00	16.00	23.50	22.00	11.50	5.00	3.50	3.50	5.00	5.50	9.00	14.00	12.50	8.00	16.50	21.50	23.00	27.50	35.00	39.50	34.50	31.00	17.50	23.50	33.50	32.50	26.00	21.50	30.00	47.50	35.00	43.00	44.00	38.00	45.00	48.50	49.50	44.00	43.00	34.00	57.00	34.50	12.00	10.00	24.50	29.50	38.50	32.50	21.00	14.50	14.00	23.50	40.50	43.50	50.00	40.50	44.50	40.00	33.50	33.00	29.50	22.50	18.50	11.50	22.00	22.00	22.00	21.50	18.50	14.00	13.00	11.50	11.50	10.00	11.00	12.00	12.50	12.50	13.50	18.00	22.50	19.50	13.00	16.50	16.50	18.50	17.00	14.50	15.50	17.50	16.00	32.00	34.00	27.50	25.50	24.50	42.00	44.00	42.50	37.00	37.50	38.00	45.50	43.00	40.50	43.00	43.00	43.00	46.00	43.00	34.00	24.50	31.00	33.00	41.00	42.50	47.50	49.50	52.00	47.00	50.00	52.00	55.00	56.00	52.50	47.00	48.00	49.00	51.50	48.00	50.50	49.00	53.50	55.00	54.00	49.00	46.50	54.50	58.50	54.00	60.50
15.00	17.00	15.50	14.00	17.50	19.00	17.50	16.00	15.50	16.50	17.50	17.00	17.50	12.50	11.50	13.00	13.50	15.00	15.00	15.50	14.00	15.00	11.50	12.00	16.50	21.00	21.00	22.00	20.50	20.00	21.50	24.50	26.50	26.50	24.00	16.50	9.00	7.00	7.00	7.50	11.00	12.50	11.50	13.00	13.00	11.50	8.50	8.00	10.50	10.00	6.50	7.00	7.00	6.00	7.00	6.50	8.00	7.50	7.00	6.50	6.50	6.50	6.00	7.00	6.50	6.00	6.00	5.00	4.00	3.00	3.00	3.50	4.50	5.00	4.00	3.00	2.50	2.00	3.00	3.00	3.50	4.00	3.50	2.00	3.00	6.00	7.50	6.50	4.50	3.50	3.00	2.50	2.00	3.00	3.00	4.00	3.00	3.50	2.50	1.00	1.00	1.00	2.00	6.00	6.00	7.00	6.00	6.00	6.00	5.50	7.00	12.50	19.50	25.00	25.50	23.00	24.00	25.00	17.00	7.00	4.00	3.00	3.50	10.50	11.50	6.00	2.50	3.00	9.00	24.50	27.50	30.50	32.00	32.50	38.00	39.00	38.50	28.00	23.00	34.00	40.50	31.50	22.50	28.50	30.50	31.50	40.50	48.00	51.50	52.00	52.50	54.00	51.50	47.50	47.50	54.50	30.00	11.50	21.50	17.50	13.50	21.50	31.00	28.00	25.00	27.50	39.00	46.50	50.50	47.00	38.50	32.50	20.00	20.00	27.50	18.50	13.00	15.50	15.50	16.00	16.00	17.00	13.50	13.00	13.00	12.50	11.50	13.00	15.50	10.50	12.50	12.00	14.00	10.50	20.50	35.50	22.00	13.00	10.50	9.00	15.50	15.50	18.00	18.00	21.00	19.00	17.50	19.50	32.50	38.50	36.50	46.50	48.50	43.00	45.50	42.00	41.00	44.00	43.50	44.50	45.00	46.00	41.00	44.50	31.50	24.50	26.50	40.00	36.00	41.00	44.00	47.50	44.00	44.00	41.00	54.50	55.50	56.50	59.00	54.50	48.00	46.00	47.00	51.50	51.00	54.50	47.50	52.50	53.50	52.00	50.50	51.50	56.00	59.00	55.50	56.00
16.00	16.00	17.00	15.00	11.50	15.50	17.50	15.50	15.00	20.50	19.50	14.50	14.00	12.50	12.50	12.50	13.00	14.50	13.50	16.50	14.50	14.00	11.00	11.50	13.50	13.00	14.00	15.00	19.00	23.50	24.00	24.00	26.50	29.00	29.50	28.00	22.00	12.50	7.50	7.00	7.50	9.00	10.50	13.50	13.50	11.00	9.00	8.00	11.00	11.50	8.50	7.50	9.00	9.00	9.00	9.50	8.00	7.00	6.00	5.00	5.00	5.50	7.00	8.00	6.50	6.00	5.50	6.00	5.50	5.00	4.50	3.50	3.00	3.50	4.50	4.50	2.50	2.00	3.00	3.50	2.50	1.00	3.50	3.50	2.00	3.00	2.00	3.00	3.50	5.00	5.00	4.50	3.50	3.00	2.00	3.50	4.50	5.50	5.50	4.00	2.50	2.00	1.50	4.50	4.50	4.00	4.50	5.00	6.00	9.00	14.50	19.50	26.00	28.00	19.50	16.50	19.00	21.00	18.00	8.50	5.00	4.00	4.00	13.50	21.00	16.00	9.50	5.00	7.50	22.50	28.00	32.00	33.00	33.50	34.50	37.00	37.00	29.00	28.50	21.50	31.00	43.00	34.50	24.00	25.50	34.50	39.50	49.00	56.00	53.50	54.50	48.50	43.50	42.50	34.50	26.00	19.50	28.00	26.50	20.50	21.50	25.50	29.00	36.50	44.50	35.00	23.00	36.00	39.50	44.00	36.50	37.50	20.00	22.50	18.50	9.50	8.50	10.00	11.50	10.50	9.00	13.50	14.00	14.00	12.50	11.00	23.50	26.00	18.00	13.00	13.00	12.50	12.50	11.00	13.50	24.00	15.50	12.00	10.50	11.50	13.00	14.50	15.50	22.50	36.00	26.00	26.00	30.00	27.00	34.50	35.50	39.00	41.00	40.50	43.50	34.00	44.00	40.00	42.00	37.50	41.00	43.00	37.00	37.00	26.00	35.00	33.00	35.50	41.50	34.00	35.50	36.00	37.00	36.50	43.50	48.00	52.00	56.50	58.50	54.50	55.00	51.00	48.50	47.50	48.50	50.50	52.50	52.50	49.50	49.00	56.00	54.50	57.00	53.00	52.50	44.50
16.50	17.00	17.25	16.00	12.00	13.75	16.25	15.00	14.25	19.00	19.25	15.50	15.25	12.50	12.50	13.00	13.50	13.75	14.50	18.00	17.75	16.25	12.75	11.00	13.50	13.50	15.00	16.25	17.25	18.75	20.75	23.25	26.50	28.00	28.25	26.00	22.00	16.00	9.00	7.25	7.25	7.75	9.75	12.00	12.00	10.25	9.50	8.00	8.75	10.00	9.75	7.50	8.25	9.25	8.75	8.50	7.75	7.00	5.75	4.50	5.00	5.50	7.00	8.00	6.50	6.00	6.25	6.00	5.25	5.00	4.75	4.00	3.75	3.75	4.25	4.25	2.75	2.25	3.50	3.75	2.75	2.00	3.50	3.50	2.50	3.75	3.50	3.00	2.75	4.25	5.00	4.00	3.25	3.75	3.50	4.25	4.75	5.25	5.00	4.00	3.75	3.50	2.50	3.50	3.25	3.00	4.00	5.00	6.00	9.25	12.25	16.75	23.75	24.00	15.25	12.75	15.00	16.25	14.50	8.00	5.00	3.75	3.50	12.50	21.50	18.75	15.25	10.75	9.50	17.00	21.50	26.00	27.75	30.25	34.50	36.50	35.00	32.25	32.50	22.75	30.50	35.75	32.50	26.50	30.25	39.25	41.50	45.00	52.00	48.75	42.75	39.50	36.75	36.00	29.25	25.50	23.75	35.50	30.75	30.25	32.25	24.75	34.25	41.00	45.50	35.75	28.25	41.75	40.25	38.25	35.00	40.25	18.75	17.25	15.00	8.00	8.00	9.75	11.00	11.00	10.50	15.00	13.75	13.00	12.25	11.50	26.25	23.50	15.50	13.25	12.75	13.50	13.25	10.75	12.25	18.00	13.50	13.75	12.50	11.25	12.75	13.50	14.75	25.00	37.50	28.75	32.00	35.25	25.50	32.50	35.00	42.00	41.25	43.00	41.50	36.00	43.50	39.00	35.50	36.50	36.00	38.00	36.25	31.25	30.25	40.25	39.00	36.75	42.50	39.75	40.50	40.50	42.00	39.00	44.25	46.75	51.00	55.75	58.50	55.50	53.50	49.75	48.75	49.00	50.25	51.00	50.50	50.50	49.00	48.50	54.25	54.75	53.75	54.25	53.75	46.00
17.00	18.00	17.50	17.00	12.50	12.00	15.00	14.50	13.50	17.50	19.00	16.50	16.50	12.50	12.50	13.50	14.00	13.00	15.50	19.50	21.00	18.50	14.50	10.50	13.50	14.00	16.00	17.50	15.50	14.00	17.50	22.50	26.50	27.00	27.00	24.00	22.00	19.50	10.50	7.50	7.00	6.50	9.00	10.50	10.50	9.50	10.00	8.00	6.50	8.50	11.00	7.50	7.50	9.50	8.50	7.50	7.50	7.00	5.50	4.00	5.00	5.50	7.00	8.00	6.50	6.00	7.00	6.00	5.00	5.00	5.00	4.50	4.50	4.00	4.00	4.00	3.00	2.50	4.00	4.00	3.00	3.00	3.50	3.50	3.00	4.50	5.00	3.00	2.00	3.50	5.00	3.50	3.00	4.50	5.00	5.00	5.00	5.00	4.50	4.00	5.00	5.00	3.50	2.50	2.00	2.00	3.50	5.00	6.00	9.50	10.00	14.00	21.50	20.00	11.00	9.00	11.00	11.50	11.00	7.50	5.00	3.50	3.00	11.50	22.00	21.50	21.00	16.50	11.50	11.50	15.00	20.00	22.50	27.00	34.50	36.00	33.00	35.50	36.50	24.00	30.00	28.50	30.50	29.00	35.00	44.00	43.50	41.00	48.00	44.00	31.00	30.50	30.00	29.50	24.00	25.00	28.00	43.00	35.00	40.00	43.00	24.00	39.50	45.50	46.50	36.50	33.50	47.50	41.00	32.50	33.50	43.00	17.50	12.00	11.50	6.50	7.50	9.50	10.50	11.50	12.00	16.50	13.50	12.00	12.00	12.00	29.00	21.00	13.00	13.50	12.50	14.50	14.00	10.50	11.00	12.00	11.50	15.50	14.50	11.00	12.50	12.50	14.00	27.50	39.00	31.50	38.00	40.50	24.00	30.50	34.50	45.00	41.50	45.50	39.50	38.00	43.00	38.00	29.00	35.50	31.00	33.00	35.50	25.50	34.50	45.50	45.00	38.00	43.50	45.50	45.50	45.00	47.00	41.50	45.00	45.50	50.00	55.00	58.50	56.50	52.00	48.50	49.00	50.50	52.00	51.50	48.50	48.50	48.50	48.00	52.50	55.00	50.50	55.50	55.00	47.50
17.00	18.00	16.50	15.50	14.00	13.50	12.50	13.00	15.50	13.50	13.50	15.00	15.50	15.50	13.50	12.50	10.50	12.00	15.00	15.50	17.00	13.50	13.00	14.00	15.50	17.50	20.50	20.50	18.00	17.50	15.00	17.50	20.50	23.50	25.50	27.00	28.00	28.00	25.50	23.50	9.50	10.00	11.00	9.00	8.00	7.50	9.50	9.00	9.00	6.50	8.00	7.50	10.00	11.00	8.50	7.50	6.50	6.00	4.50	5.00	6.00	6.50	7.50	7.50	6.00	6.00	6.00	6.00	6.00	5.00	5.00	5.00	5.50	4.50	5.00	4.50	4.00	4.00	4.00	4.00	4.00	4.00	3.50	3.50	4.00	4.50	5.50	6.50	6.50	6.00	5.50	5.00	5.50	7.50	7.00	6.00	5.00	5.50	4.50	4.00	4.50	6.00	5.00	5.00	5.00	5.00	5.00	5.00	5.00	5.50	6.00	7.00	10.00	9.00	6.00	6.00	7.00	6.00	7.00	6.50	5.50	4.00	3.50	8.50	13.50	16.50	17.50	20.50	20.50	15.00	14.50	16.00	15.50	18.50	27.50	31.00	26.00	32.00	39.50	27.50	35.50	40.50	36.50	30.00	42.50	45.00	46.50	42.00	40.50	39.50	44.00	46.50	49.00	51.50	38.00	44.50	38.50	46.50	45.50	51.00	40.50	29.00	49.50	49.50	42.00	35.00	42.50	52.00	37.00	39.00	26.00	38.00	11.00	7.00	9.00	10.50	9.00	11.50	13.50	15.00	16.00	15.00	12.50	11.50	9.00	11.50	14.50	10.00	12.50	13.00	14.50	14.50	13.50	13.50	12.50	9.00	9.00	15.00	13.50	14.50	14.50	14.50	17.50	28.00	39.00	38.00	33.50	41.00	20.00	32.00	39.50	45.00	46.00	43.50	39.00	45.50	37.00	24.50	18.50	17.50	19.00	23.50	19.50	22.50	27.00	33.00	33.50	41.50	45.50	49.00	45.50	50.50	44.00	40.50	52.50	52.00	53.00	54.00	58.00	55.00	50.50	47.00	48.00	51.00	52.50	54.00	48.00	48.50	49.50	47.00	50.00	55.00	49.50	43.50	40.00	46.00
12.50	15.50	16.50	14.50	12.00	13.50	12.00	14.00	15.00	14.00	15.00	10.00	10.50	14.00	16.50	16.50	13.50	11.50	16.50	17.50	14.00	10.50	13.00	17.50	17.00	16.50	10.00	13.50	17.00	16.50	15.00	21.00	18.00	18.00	18.00	21.50	26.00	26.00	27.50	25.50	21.50	20.00	22.50	13.00	9.00	8.00	8.50	8.50	9.50	9.00	9.00	10.50	10.50	9.00	7.50	6.50	5.00	5.00	4.00	5.00	6.00	6.50	7.50	7.00	7.00	7.00	6.50	6.00	6.50	6.00	5.50	5.00	6.00	5.50	5.00	5.50	4.00	4.00	6.50	6.50	4.00	4.00	4.00	4.00	3.00	4.00	4.50	7.00	6.50	7.00	7.50	6.00	6.00	7.50	6.50	5.00	5.00	6.50	6.50	6.00	5.50	4.00	4.00	5.00	6.00	7.00	6.50	3.50	5.00	5.00	5.00	5.00	5.50	6.00	5.50	6.00	6.00	6.00	6.50	7.00	6.50	5.00	4.00	3.00	4.00	6.00	7.50	13.00	16.00	21.00	26.00	28.00	22.50	20.00	19.00	20.00	28.00	45.00	43.00	39.50	40.50	32.00	39.00	34.00	38.00	37.50	43.50	50.50	58.50	56.00	43.50	42.50	49.00	48.50	41.00	56.50	46.50	39.50	40.00	52.00	37.00	41.50	42.00	42.50	41.00	44.00	51.00	54.50	38.00	29.00	28.50	40.00	13.50	5.50	8.50	9.00	9.00	10.50	10.00	11.00	12.00	13.00	11.00	12.50	12.00	9.00	10.00	11.50	12.50	13.50	14.50	12.50	13.50	13.50	13.50	11.00	13.00	15.00	15.00	15.00	14.50	15.00	21.50	33.50	35.00	24.50	33.00	39.50	23.50	19.00	31.50	41.50	37.00	34.50	43.00	31.00	23.50	16.50	24.50	29.50	36.50	26.00	29.00	39.50	45.50	34.50	31.50	28.00	44.50	48.50	48.50	46.50	51.50	48.00	54.00	47.00	52.50	52.00	53.00	56.00	51.50	46.50	47.00	47.50	44.50	50.00	49.50	44.50	48.00	48.50	51.50	54.50	51.00	49.00	52.50	49.50
13.00	14.50	14.75	12.75	11.00	12.25	12.25	15.00	15.50	15.50	14.25	10.25	13.50	14.50	13.75	14.25	13.25	13.75	17.00	18.00	15.25	13.00	14.25	16.25	15.25	14.25	10.25	13.25	14.50	15.50	16.25	19.25	17.75	17.50	17.00	19.25	22.50	23.00	24.50	23.75	24.00	22.75	24.00	16.00	10.50	8.50	8.75	8.75	9.25	8.50	8.50	9.50	9.00	7.50	7.00	6.50	5.50	5.25	4.50	5.00	6.00	6.25	6.50	6.50	6.75	7.00	6.75	6.50	6.75	6.25	5.75	5.75	6.25	5.75	5.25	5.75	5.00	5.50	10.25	11.00	6.50	4.00	4.25	4.00	3.50	4.25	4.75	6.50	5.75	5.50	5.00	4.00	4.50	6.25	5.75	5.25	5.75	6.50	6.25	7.00	6.25	5.00	5.25	5.50	5.75	6.25	4.75	2.75	3.75	5.50	5.00	5.00	5.25	5.50	5.25	5.75	5.75	6.00	6.25	6.75	6.00	4.50	3.75	2.50	3.00	4.25	9.25	17.75	19.75	20.25	25.00	28.25	27.25	24.75	21.25	19.50	28.25	45.25	40.75	39.00	42.50	28.00	30.75	32.25	34.50	38.25	43.00	52.75	54.25	45.50	36.00	36.50	48.50	51.25	45.00	50.25	38.75	33.50	40.75	48.75	40.25	41.75	40.75	42.25	46.50	50.00	53.50	48.00	32.50	25.00	38.75	37.00	11.25	6.00	8.75	10.25	9.25	10.25	10.25	10.25	11.25	12.25	11.50	17.75	16.50	14.25	14.25	16.00	17.50	17.00	12.75	11.00	13.75	13.75	13.50	12.75	13.50	16.25	15.75	16.00	15.00	14.50	22.75	32.50	31.25	21.25	26.00	37.50	31.00	23.50	27.25	38.00	33.25	34.00	41.00	26.00	22.00	25.75	30.50	35.25	41.00	31.50	29.25	39.50	46.25	41.25	37.75	30.00	40.25	48.00	46.25	46.25	50.50	46.50	50.75	49.00	49.50	50.25	53.50	55.50	52.25	46.50	48.50	47.75	44.75	50.00	47.75	45.25	47.50	48.00	51.25	54.75	53.00	49.00	52.50	47.50
10.50	10.00	12.50	13.00	9.00	9.50	11.50	11.50	15.00	16.00	14.50	13.50	16.00	17.50	16.00	12.50	13.50	15.50	17.00	18.00	16.50	17.50	18.00	18.00	16.50	13.50	14.50	16.00	9.50	13.50	18.50	17.50	16.50	17.50	15.50	15.50	17.50	21.00	21.50	20.00	21.50	23.50	24.50	20.00	13.50	10.50	9.50	9.50	11.00	9.50	7.50	6.50	6.00	5.00	6.00	5.00	6.00	7.00	7.00	6.50	6.00	5.50	4.50	5.50	6.50	7.00	6.00	5.50	6.00	6.00	7.00	10.50	15.50	12.50	7.00	4.50	6.50	9.50	11.50	15.50	16.00	11.50	11.50	12.50	10.50	6.00	4.00	3.50	2.50	2.00	2.00	2.00	2.00	2.00	2.00	2.00	5.50	7.00	6.50	8.00	7.00	8.00	8.00	8.50	7.50	7.00	4.50	2.00	2.50	6.00	6.50	6.50	6.00	5.00	6.00	5.50	5.00	6.00	6.50	7.00	6.00	4.00	2.50	2.50	3.00	2.50	11.00	25.50	33.00	28.50	30.00	32.50	33.00	32.00	28.00	25.00	22.00	23.50	21.50	30.00	26.50	19.00	24.50	30.00	30.00	34.00	41.00	48.50	47.00	36.00	23.50	20.50	42.00	42.00	48.00	44.00	22.00	30.50	47.00	43.00	46.50	38.00	43.50	39.50	46.00	50.00	44.00	39.50	32.50	31.00	51.00	17.00	7.50	10.00	9.50	8.50	9.50	11.50	8.00	8.50	28.00	9.50	6.50	23.00	25.00	23.00	29.00	27.00	35.00	28.00	13.00	9.50	14.00	16.00	20.00	20.00	15.00	14.50	14.00	14.00	17.50	26.50	34.50	28.00	13.50	10.50	20.50	23.50	41.50	38.50	26.00	30.50	29.00	21.00	17.00	19.50	32.00	42.50	47.50	50.50	46.50	39.00	35.50	40.00	35.50	42.00	46.50	41.00	38.50	43.00	41.50	40.50	45.50	47.50	47.00	49.50	51.00	47.50	51.00	55.00	50.50	46.50	52.00	48.50	50.50	47.50	49.50	47.00	45.50	48.50	50.00	52.50	54.00	48.50	49.50	44.00
11.75	10.50	11.75	13.25	10.25	9.50	11.25	12.00	14.00	14.50	14.50	15.75	17.50	16.00	15.25	13.00	14.25	14.50	13.00	16.00	15.00	15.50	16.75	16.00	16.00	13.00	12.75	13.75	9.75	11.50	17.75	18.00	17.25	18.75	16.50	16.75	19.00	21.75	21.25	20.75	21.25	19.75	19.25	17.50	15.50	13.00	10.00	9.50	11.25	10.00	8.25	6.50	5.75	5.00	5.50	5.25	6.25	7.00	7.25	6.75	6.50	5.00	4.50	5.75	7.00	7.75	5.50	5.25	5.75	7.00	7.50	14.25	20.50	15.25	8.00	5.75	8.00	11.75	15.00	18.50	19.75	16.75	19.25	20.75	17.25	8.75	5.50	2.75	2.25	2.25	2.50	2.25	2.00	2.00	2.00	2.00	4.50	6.75	7.00	7.75	7.00	8.25	7.25	7.25	7.25	7.00	6.00	3.75	4.00	6.00	6.75	6.75	6.50	6.00	5.75	5.50	5.50	6.00	6.25	7.00	6.25	4.00	3.25	3.00	3.00	2.75	9.00	20.50	31.25	32.00	32.00	33.75	35.75	35.00	31.75	28.50	26.25	27.50	31.50	36.50	30.75	23.75	32.25	40.25	37.50	37.25	44.25	53.00	50.75	40.75	30.25	22.00	31.00	34.25	49.00	42.25	23.00	34.00	50.75	45.00	42.25	32.50	37.75	40.00	47.50	48.75	40.00	38.50	33.25	33.25	45.00	13.25	7.75	10.50	10.50	10.00	9.75	10.00	8.50	20.25	35.75	13.50	7.25	18.75	23.75	27.25	33.00	32.25	37.75	32.50	18.50	17.00	21.25	18.75	25.50	29.75	21.75	19.25	17.75	23.25	28.25	34.00	37.50	24.50	12.25	11.25	22.50	25.50	39.75	36.75	30.75	28.00	25.25	19.50	17.50	22.00	33.75	42.50	46.00	50.00	47.25	42.75	37.75	41.00	36.00	42.25	45.25	43.00	38.00	39.00	38.25	38.00	41.75	45.75	43.50	49.00	51.25	48.00	49.50	53.75	52.25	47.25	47.75	46.50	51.25	45.75	49.50	48.00	45.75	46.75	48.75	52.50	54.25	49.50	51.50	47.25
16.50	15.50	12.50	11.75	10.25	9.50	10.75	12.75	11.75	10.00	11.25	13.75	14.00	11.50	12.25	11.50	12.50	10.75	7.50	10.50	11.25	11.00	13.00	12.25	12.75	10.75	10.75	12.00	11.00	11.50	17.75	17.25	16.00	18.25	16.50	16.75	19.25	21.00	20.75	21.75	21.75	18.50	16.50	17.75	18.50	15.75	10.25	8.25	10.00	9.50	8.25	6.75	6.25	5.75	6.00	6.00	7.25	7.50	8.25	7.75	6.75	4.75	4.50	6.00	7.50	8.75	6.00	6.00	10.75	12.50	11.50	19.25	24.75	16.50	8.25	7.25	11.25	15.75	20.75	25.00	28.50	28.00	32.50	31.50	23.00	11.50	8.00	4.00	3.50	3.50	3.50	3.00	2.00	2.00	2.00	2.00	4.50	5.75	7.00	7.25	7.25	7.75	6.00	5.50	5.50	6.50	7.00	6.25	6.25	6.50	7.00	7.00	6.50	6.75	6.25	6.25	6.50	6.00	6.00	7.00	6.25	4.00	4.00	3.00	2.75	3.75	6.00	10.75	20.50	30.75	34.00	35.25	39.00	39.50	38.00	35.00	34.00	37.75	46.00	37.50	29.50	36.00	47.75	49.75	44.50	41.75	47.00	56.00	49.50	44.25	31.25	23.50	20.25	25.25	47.00	33.00	24.00	43.75	53.25	46.00	33.50	25.50	35.75	39.00	45.25	46.75	38.75	41.00	32.25	28.50	28.50	12.75	8.25	10.00	10.50	11.50	10.25	13.75	17.00	32.00	33.00	20.75	10.50	11.25	17.75	26.50	36.75	38.75	39.75	37.75	30.00	27.50	31.00	30.25	33.75	39.75	34.50	31.50	28.50	34.75	40.50	41.75	40.75	21.75	11.50	12.25	18.25	23.75	31.50	28.25	36.00	29.00	19.75	18.00	17.50	28.00	38.00	40.25	45.50	50.50	51.00	49.25	42.25	41.50	42.00	43.75	43.50	46.25	39.50	36.25	37.25	39.25	41.00	41.25	40.00	48.00	50.75	48.75	48.75	51.00	52.75	49.50	46.00	43.75	48.50	45.75	50.50	49.25	45.00	45.50	47.75	53.00	51.50	45.75	46.50	47.75
17.75	18.75	13.00	11.00	8.75	8.25	8.50	11.50	9.75	6.00	6.50	9.25	10.25	7.50	10.00	10.25	11.25	10.25	9.50	11.00	10.50	10.25	10.75	11.50	10.00	8.25	9.25	11.75	11.00	14.50	19.25	17.75	16.00	16.25	14.50	15.00	18.25	21.25	23.75	23.25	21.25	20.50	21.25	22.50	24.00	16.75	8.75	4.50	6.00	7.50	8.00	7.00	6.75	7.25	7.50	7.25	8.50	9.00	9.50	9.25	7.25	5.75	4.50	5.00	6.75	8.25	8.25	10.75	18.50	20.25	19.75	23.00	23.75	15.50	8.75	9.25	18.00	20.50	26.00	31.00	35.75	36.25	37.75	32.25	22.00	13.00	11.75	11.75	12.25	11.00	8.25	5.50	4.00	3.25	2.50	2.75	6.25	5.75	8.00	9.25	10.75	11.00	8.25	6.00	4.75	6.00	7.00	6.50	6.75	6.75	6.50	6.50	6.25	6.25	6.25	6.50	7.00	6.50	6.75	7.00	5.75	4.00	3.50	2.50	2.75	5.25	5.50	5.75	8.75	18.75	27.75	33.00	38.75	40.25	40.25	40.00	40.75	45.25	41.25	23.25	24.00	46.25	50.00	41.00	45.00	45.50	46.00	50.50	37.75	41.50	25.50	18.75	21.50	26.00	43.75	21.75	28.50	49.25	52.00	47.00	32.00	23.25	37.75	35.00	35.00	42.00	38.00	39.50	33.75	23.00	17.25	13.25	8.00	9.00	9.00	9.75	9.75	20.00	25.75	32.50	33.00	21.50	15.25	9.25	13.50	19.25	32.00	35.75	37.75	38.25	37.75	35.25	36.25	39.25	38.50	40.25	42.75	37.25	30.75	30.50	35.25	37.25	34.75	18.25	12.50	12.25	12.75	16.75	27.25	22.75	32.25	27.00	18.00	17.50	19.25	31.00	38.75	40.50	47.75	52.00	55.50	54.50	47.25	40.50	43.50	44.00	44.25	47.50	44.50	41.50	41.75	43.75	47.50	40.00	43.50	46.75	48.00	49.00	48.75	49.25	51.00	51.25	49.50	42.75	44.50	47.00	51.25	50.25	45.50	47.00	49.25	48.25	43.25	39.50	38.75	41.50
15.50	17.50	12.00	12.00	8.50	7.00	6.50	10.00	9.00	5.00	5.00	9.00	11.50	6.50	10.00	11.00	12.50	12.50	13.00	15.00	12.00	12.00	11.00	12.50	10.00	7.50	8.00	11.00	10.00	15.50	20.00	19.50	18.00	16.00	13.50	14.50	18.50	23.00	27.00	24.50	20.00	20.00	23.50	24.50	28.50	17.50	7.50	2.00	3.50	6.50	8.50	7.00	6.50	8.00	8.00	8.00	9.00	10.00	10.00	10.00	8.00	6.50	4.50	4.00	6.00	7.50	9.50	14.50	21.00	23.50	24.50	25.50	23.50	16.00	10.00	11.00	23.00	23.50	29.00	33.50	38.00	38.50	37.50	30.50	22.00	14.50	14.50	17.50	19.50	17.50	12.50	7.50	6.00	4.50	3.00	3.50	7.00	6.50	9.50	11.50	14.00	15.00	11.00	7.00	5.50	6.00	7.50	6.00	6.50	6.50	6.00	6.00	6.50	6.00	5.50	6.00	7.00	7.00	7.50	7.00	5.50	4.00	3.00	2.50	3.00	6.00	6.00	5.50	6.00	11.50	21.50	30.50	38.00	39.50	40.00	42.00	44.00	46.50	32.00	14.50	24.00	49.00	44.50	33.00	46.00	48.00	45.50	46.50	31.00	40.00	25.50	14.00	22.50	28.00	43.50	18.00	33.00	48.50	52.00	49.00	35.00	22.50	36.00	32.50	28.50	38.00	34.50	34.50	37.00	24.50	16.50	10.50	7.50	9.00	8.50	8.00	9.00	21.00	26.50	33.00	43.50	19.00	17.50	10.50	14.00	17.00	27.50	31.50	36.50	38.00	39.50	40.00	39.00	39.50	40.50	40.50	45.00	35.50	26.00	24.00	28.50	32.50	28.50	14.00	13.00	12.00	13.50	13.50	29.50	24.00	28.00	21.50	18.00	17.00	21.50	30.50	37.00	43.00	49.00	52.50	57.00	57.00	50.00	40.00	39.50	43.00	45.50	47.50	47.50	45.50	44.00	44.50	51.00	41.50	47.00	46.00	46.00	49.00	48.00	49.00	50.50	51.50	50.50	42.50	44.00	46.50	51.00	51.00	47.00	48.00	50.50	43.00	38.00	38.00	38.00	38.00
14.50	13.50	11.00	8.00	8.50	7.50	7.50	7.50	9.00	8.00	12.00	13.00	14.50	12.50	12.50	12.50	11.00	8.00	10.50	19.50	21.00	19.50	17.50	14.00	12.50	10.00	10.50	11.50	13.00	18.50	20.00	20.00	16.00	18.00	15.50	14.50	19.00	23.50	27.50	26.00	26.00	26.50	24.50	23.50	27.50	17.00	8.50	5.00	4.50	5.50	7.00	7.00	7.00	8.00	9.00	9.00	9.00	10.00	6.00	7.50	9.00	7.50	6.50	6.00	6.00	6.50	12.50	18.50	21.50	19.50	20.50	21.50	22.00	21.00	18.00	20.00	33.00	34.50	41.50	40.50	32.50	27.50	31.00	31.50	32.00	29.50	28.50	29.50	28.50	23.50	16.00	12.50	17.00	13.50	13.50	10.00	10.00	13.00	18.00	23.50	28.00	25.50	19.50	12.50	8.00	7.00	7.00	7.00	6.00	6.50	6.50	6.00	6.50	6.50	6.50	8.50	13.00	12.00	8.50	7.50	5.00	3.50	2.50	3.50	5.50	7.00	7.00	6.50	6.00	7.50	11.00	19.00	32.00	35.50	30.50	36.00	31.00	20.00	13.00	8.00	16.00	19.50	19.50	21.00	39.50	43.50	37.50	42.50	20.00	9.50	10.50	7.50	16.00	36.50	39.00	25.00	41.50	57.00	53.50	42.50	38.50	16.00	19.00	17.00	22.50	34.50	45.50	38.00	43.50	32.00	16.50	5.00	8.50	8.50	7.50	8.00	9.00	17.50	38.00	40.00	43.00	35.00	30.00	18.50	11.00	13.50	26.50	37.50	40.50	41.00	41.00	43.50	43.00	46.00	34.00	39.50	38.50	12.50	9.50	8.50	9.50	14.50	17.50	11.00	11.00	10.00	11.00	14.00	14.00	15.00	13.00	15.00	18.00	21.00	25.00	31.50	32.50	38.00	49.50	51.00	59.50	57.00	51.50	38.00	38.00	41.50	51.00	49.00	47.00	48.00	50.50	46.50	47.00	48.50	44.50	45.00	43.50	46.00	43.50	47.00	52.00	51.00	49.00	47.50	42.50	50.50	49.00	50.50	48.00	47.50	50.00	39.00	38.00	38.00	38.00	38.00
15.50	10.50	7.00	8.00	9.00	8.00	9.50	11.50	15.00	15.50	16.50	16.00	15.50	15.00	14.50	13.00	11.00	10.50	13.50	15.50	16.00	17.00	18.50	16.00	18.00	16.00	8.50	9.50	12.50	16.50	20.50	20.00	16.50	16.00	15.50	22.50	27.50	25.50	22.50	23.00	26.50	26.50	25.00	22.50	23.50	16.00	10.00	7.00	7.00	6.00	7.00	6.00	7.00	6.50	7.50	8.00	8.00	8.00	5.50	5.00	5.50	6.50	8.00	7.00	6.00	5.00	11.50	20.00	26.50	24.50	21.00	23.00	26.00	24.50	24.00	30.00	34.00	33.00	37.50	32.50	27.00	29.00	35.50	39.50	39.50	38.50	37.00	35.50	34.50	25.50	16.50	18.50	22.50	19.00	24.50	20.00	18.50	20.00	24.00	30.00	35.00	33.00	23.00	12.50	8.00	6.50	7.00	6.50	7.00	7.50	8.00	7.50	7.00	6.50	13.00	18.50	26.00	27.00	17.50	9.00	6.50	5.00	4.00	5.00	7.50	8.00	8.00	8.00	7.00	7.50	7.50	10.50	17.50	20.00	15.50	17.00	12.50	6.50	6.50	6.50	9.50	11.50	8.50	15.00	24.50	15.00	22.00	32.50	8.50	10.00	10.50	8.50	11.00	44.00	37.50	28.00	43.50	46.00	41.50	34.50	25.00	14.00	29.50	34.00	40.00	47.50	49.50	40.50	52.50	52.50	35.00	22.00	5.00	4.00	7.50	9.50	11.00	15.50	22.50	46.00	41.00	30.00	37.50	29.50	16.00	10.50	14.00	29.00	40.00	45.50	45.00	45.00	42.50	38.50	30.50	24.00	27.00	9.50	9.50	8.50	13.00	11.00	11.50	10.50	15.00	14.00	13.00	11.50	10.00	14.00	14.50	17.50	19.50	21.00	23.00	42.00	38.00	35.00	44.00	52.00	53.00	55.00	50.00	40.00	38.00	45.00	55.00	53.50	53.50	47.50	47.00	45.00	43.00	44.50	48.50	56.50	56.50	52.50	46.50	48.50	48.00	51.50	50.50	46.50	44.00	51.00	47.50	45.00	46.50	46.00	45.50	38.00	38.00	38.00	38.00	38.00
15.50	12.00	8.75	8.75	8.75	9.00	9.25	11.25	15.00	17.00	18.25	16.50	15.75	15.50	15.25	14.25	10.50	8.50	12.75	14.75	16.25	16.25	16.00	14.50	16.50	17.00	11.25	11.75	15.00	16.50	17.00	15.75	14.50	14.00	16.50	23.00	27.00	25.50	22.75	24.25	28.00	27.00	24.50	24.50	24.25	17.25	14.50	13.25	11.00	8.00	6.50	6.25	7.00	6.50	7.25	7.50	7.50	7.50	6.75	5.50	5.25	5.75	7.00	7.00	6.50	7.00	11.50	17.75	24.25	26.00	23.25	24.25	26.50	25.75	27.75	34.00	35.00	30.75	30.50	28.00	27.00	29.00	36.50	41.00	42.00	41.25	40.50	38.50	36.00	27.75	19.50	20.75	25.00	21.75	28.00	25.25	25.25	26.50	29.00	32.00	33.00	29.00	20.00	10.75	7.75	6.50	7.00	7.00	8.25	10.25	12.75	11.50	8.75	8.25	11.25	16.00	25.00	27.00	22.25	14.00	9.25	7.25	5.75	6.00	8.50	9.00	8.75	8.50	7.75	7.25	7.00	8.25	12.50	14.50	13.00	14.50	11.25	6.75	6.25	7.25	9.25	10.25	7.75	11.25	15.75	11.25	13.50	19.25	7.75	9.25	9.50	8.75	11.25	40.00	33.25	21.75	38.50	41.50	39.75	31.75	20.75	18.75	31.00	37.50	41.50	46.25	50.25	43.75	52.00	51.00	40.00	20.00	7.00	5.25	7.50	9.50	14.50	15.50	18.25	41.25	33.50	25.50	35.75	32.00	21.00	15.00	13.25	24.25	34.25	41.00	43.50	41.25	36.75	32.50	24.25	19.75	21.00	8.75	8.50	11.25	11.75	10.00	10.25	10.00	14.25	13.75	13.25	12.75	12.00	13.50	14.75	16.50	19.75	21.25	26.25	36.75	36.00	34.00	42.50	49.25	51.50	57.50	53.75	46.00	46.00	49.00	52.00	53.00	52.50	49.25	49.25	48.50	44.50	45.00	49.00	55.25	55.75	54.75	50.75	51.00	50.75	52.75	50.25	44.00	46.25	48.00	46.50	44.00	48.25	47.25	48.00	41.00	38.25	38.00	38.00	38.00
15.50	13.50	9.00	10.00	15.00	17.50	15.00	9.50	9.50	12.50	14.00	15.00	14.50	15.00	14.50	12.50	11.50	11.50	14.00	13.00	17.00	16.50	14.00	14.50	14.00	14.00	13.50	16.50	19.00	18.50	17.50	12.00	12.50	12.00	17.00	24.00	23.00	23.50	24.00	25.50	30.00	30.00	30.50	33.50	32.00	28.00	29.00	28.00	21.50	14.00	9.00	9.50	11.50	10.00	8.00	6.50	7.00	7.50	8.00	7.00	6.00	8.50	10.50	10.50	13.50	20.50	23.00	15.50	16.50	19.00	20.00	25.50	31.00	34.00	38.50	37.50	32.00	25.50	21.50	26.50	28.50	30.50	37.00	42.00	37.50	39.50	38.00	40.50	39.50	38.00	31.50	32.00	39.00	35.00	36.50	37.00	35.50	36.00	32.50	27.00	21.50	15.50	10.00	8.50	10.00	6.50	6.00	7.50	15.50	23.00	28.50	25.00	22.50	21.50	12.00	9.00	21.50	24.00	25.50	27.50	19.50	11.50	8.50	7.50	9.50	7.00	8.00	11.00	11.50	7.50	6.50	5.50	5.50	7.50	10.00	11.00	9.50	7.00	6.00	6.00	7.50	6.00	6.00	6.00	8.00	8.00	5.50	7.00	7.00	11.00	6.50	8.50	5.50	14.00	11.50	10.50	21.00	20.00	22.50	16.50	17.00	41.50	37.50	42.50	48.00	46.00	50.00	42.00	39.50	47.00	42.00	19.00	6.00	6.50	12.00	24.00	35.50	30.00	13.50	10.50	13.50	21.50	31.50	38.50	37.00	35.50	24.50	19.50	21.50	37.00	31.00	17.00	16.00	18.50	13.00	9.50	12.50	7.00	7.50	14.50	10.50	9.00	9.00	12.00	12.00	10.00	11.50	24.00	26.00	15.50	15.50	15.00	15.00	24.50	34.50	40.50	36.00	36.50	51.50	56.50	54.50	61.50	67.00	60.00	52.50	58.00	55.50	57.00	54.00	55.00	53.50	52.50	50.50	52.50	54.00	50.50	50.50	55.00	55.50	53.00	58.50	58.50	56.00	47.00	43.50	42.00	47.00	46.50	44.00	47.50	49.00	44.00	41.50	38.00	38.00	38.00
11.75	10.75	8.25	9.00	13.50	16.50	16.25	12.00	12.50	13.00	13.75	11.75	12.25	14.50	13.50	10.75	12.00	12.00	11.75	12.25	16.25	16.25	14.50	13.50	13.25	13.50	15.25	17.25	18.00	18.25	16.25	12.00	10.50	14.00	17.75	21.25	20.75	23.50	25.25	26.50	27.75	28.75	30.00	32.00	31.75	30.50	30.50	28.25	22.25	18.75	12.75	13.75	15.50	15.25	14.00	8.75	6.75	7.00	8.00	7.75	8.25	12.25	15.50	16.50	16.75	21.25	26.00	21.50	20.25	20.50	22.75	27.75	31.75	32.50	34.50	35.50	28.75	25.50	25.50	30.50	31.50	34.00	39.00	41.50	35.00	34.00	34.75	39.50	37.75	38.00	34.75	36.00	40.00	34.50	33.50	33.75	32.25	33.50	31.00	24.75	19.25	13.50	10.50	12.25	13.50	9.00	7.00	9.00	17.75	26.50	29.75	26.50	26.25	24.50	16.75	11.00	17.25	20.00	23.00	27.75	22.75	13.75	8.50	7.00	8.50	6.25	6.50	10.25	11.75	8.25	7.25	6.00	5.25	6.25	9.75	11.25	10.00	7.50	6.00	5.50	6.50	6.00	6.75	6.00	7.25	7.00	6.25	6.75	6.50	9.50	6.50	9.50	5.75	9.75	10.25	10.25	17.25	18.25	17.50	14.00	14.75	40.00	42.50	44.50	45.25	42.75	45.25	36.75	37.75	40.00	44.00	24.50	6.75	7.00	12.50	29.75	41.25	35.75	17.25	7.25	8.75	18.00	25.00	30.75	28.50	34.25	30.50	29.50	29.00	36.00	21.00	10.50	10.25	12.25	10.25	9.75	11.75	8.00	9.50	13.75	11.75	10.25	10.00	12.75	12.75	10.25	11.00	21.00	32.50	22.00	16.50	14.75	16.00	21.75	25.00	28.25	29.75	38.00	51.25	51.75	55.00	62.25	62.50	59.25	55.50	59.00	56.75	56.50	52.00	55.25	56.00	54.50	53.00	52.00	52.75	51.75	52.00	54.50	57.50	51.75	56.50	57.75	57.25	50.50	45.00	41.75	47.75	49.75	47.00	43.75	47.75	46.75	45.00	40.25	38.75	38.00
7.75	8.00	8.50	9.00	11.50	12.50	14.50	14.50	15.75	13.50	15.25	13.50	13.75	13.00	12.75	11.25	15.25	15.50	11.50	11.50	12.25	12.50	13.75	13.25	12.50	12.25	15.75	17.75	16.25	17.25	16.50	11.25	10.25	16.50	19.50	19.00	17.25	21.00	23.00	24.50	27.00	30.25	30.50	30.25	31.00	33.00	32.25	29.75	25.50	26.50	17.25	17.50	21.75	23.00	22.75	13.50	8.25	9.75	9.50	9.00	11.75	17.75	22.25	26.25	25.50	27.00	29.25	22.00	18.50	18.25	21.50	23.50	24.50	23.50	25.25	28.50	25.50	29.75	32.00	35.50	36.75	39.25	39.50	37.50	30.00	27.50	31.00	34.25	33.00	35.00	37.00	39.25	38.00	30.75	26.75	27.50	29.00	34.00	33.00	25.75	18.50	10.50	10.50	16.50	19.50	16.50	12.25	14.50	21.50	29.00	29.50	31.00	34.25	30.25	23.75	16.00	14.75	16.00	18.25	23.75	26.25	18.75	10.75	5.75	6.75	10.00	10.00	12.00	12.00	9.00	8.00	7.25	6.75	7.00	9.75	11.50	10.50	7.00	5.50	5.25	6.25	8.00	7.50	6.50	6.75	6.75	7.25	7.75	6.00	8.00	7.75	10.25	6.75	4.75	8.75	9.50	11.00	13.00	10.25	9.00	12.50	37.00	39.75	35.50	30.00	33.75	43.50	31.25	31.75	31.25	49.00	27.75	7.00	7.00	14.00	35.75	47.50	43.50	19.00	4.00	4.00	13.50	18.00	24.50	28.25	35.50	37.50	39.75	35.25	32.25	10.25	4.75	4.25	5.00	6.75	9.25	10.25	9.50	11.00	12.75	12.50	12.75	12.75	13.25	11.75	10.25	11.50	22.00	36.50	23.50	16.25	16.00	17.25	16.00	14.25	15.00	24.25	41.00	50.50	46.50	49.50	56.25	59.75	57.50	57.75	61.00	59.00	57.75	53.25	57.50	61.50	59.25	57.00	52.25	53.25	51.75	48.75	51.75	58.00	52.75	55.25	56.50	57.50	53.25	43.25	41.25	46.25	51.25	48.75	41.25	46.75	49.50	48.25	46.25	43.50	39.25
7.00	7.00	8.25	10.75	11.00	10.50	11.25	14.25	14.75	12.75	15.00	18.00	18.00	13.25	12.25	13.50	18.00	18.50	15.50	13.00	10.00	8.75	10.25	12.75	12.75	12.00	15.25	17.50	14.75	16.00	16.25	11.25	14.25	17.50	20.00	19.00	17.50	19.25	19.75	21.25	27.50	31.25	32.00	31.75	31.50	29.75	30.50	31.00	27.75	26.50	17.75	17.50	21.50	23.75	24.00	15.25	9.75	10.50	9.25	9.75	14.50	21.00	26.25	32.00	33.25	30.25	21.25	17.00	16.75	15.00	14.75	14.00	13.25	14.50	17.50	21.75	26.75	31.75	31.50	36.75	38.75	38.00	33.00	27.50	22.25	23.50	25.25	25.50	26.75	29.25	35.25	36.50	30.25	23.00	22.75	25.00	29.50	34.50	34.50	28.25	17.75	8.25	11.00	18.25	23.75	24.75	21.25	22.50	22.00	22.75	22.50	28.25	34.50	34.00	28.00	22.25	19.25	20.50	20.50	18.00	23.50	24.50	18.00	10.00	12.00	23.00	24.50	21.50	16.00	9.50	8.00	7.25	8.00	9.75	11.25	11.25	9.25	5.75	5.25	6.50	6.75	10.50	7.75	7.25	7.00	7.50	8.50	9.75	7.75	7.00	9.50	8.50	7.25	4.25	7.00	9.50	7.50	8.75	8.00	6.75	11.75	24.00	22.50	16.25	12.75	23.75	34.50	20.25	19.75	20.50	44.75	25.50	7.25	9.75	20.25	38.25	45.75	38.50	13.25	4.00	4.00	14.25	17.00	26.50	34.75	36.50	38.25	39.75	31.00	27.75	9.25	5.00	4.00	4.00	5.00	7.25	9.25	11.50	16.25	12.75	12.00	14.00	14.75	13.00	10.75	11.25	13.50	23.00	25.50	16.75	15.50	17.25	15.50	13.00	16.75	19.25	27.50	44.50	46.25	45.25	45.75	50.00	59.00	57.75	57.75	61.50	59.25	59.50	58.00	57.00	63.50	62.75	60.00	56.00	58.00	56.00	50.50	49.50	52.00	50.00	50.00	50.50	55.00	50.75	40.75	40.50	48.25	49.75	49.50	46.75	48.75	49.25	48.00	51.00	48.25	45.00
6.50	6.00	7.00	11.50	11.00	11.50	11.00	14.00	13.50	12.00	13.00	17.50	18.50	14.50	11.50	13.50	18.00	18.50	17.50	14.50	11.00	8.50	8.00	11.50	13.00	12.50	16.00	17.50	14.00	15.50	14.50	12.00	16.50	18.00	19.50	18.50	19.00	20.00	20.00	21.00	26.50	29.50	32.50	33.50	32.50	26.50	28.50	31.00	27.50	23.50	17.50	18.00	19.00	22.00	22.50	14.50	9.50	8.00	7.50	10.00	16.00	22.50	28.50	34.00	35.50	28.50	13.00	17.50	20.50	15.50	12.00	11.00	10.00	13.00	15.00	20.00	28.00	29.50	28.50	37.00	38.50	35.00	28.00	21.00	17.00	20.50	20.00	21.00	23.50	26.50	34.50	34.50	25.50	18.50	22.50	25.50	30.00	32.00	32.50	27.50	15.50	7.00	12.00	19.50	25.50	28.00	26.00	26.50	21.00	17.50	17.00	22.50	30.50	35.00	30.00	25.50	22.00	25.00	25.00	16.50	20.50	27.50	23.00	15.00	18.00	31.50	34.00	28.50	20.00	10.00	8.00	6.50	7.50	10.50	12.50	11.00	8.00	5.50	5.50	7.50	6.50	11.00	8.00	7.50	7.00	7.50	9.50	10.50	9.50	6.00	10.00	7.00	7.00	4.50	5.50	10.00	6.50	8.00	8.00	7.00	11.00	12.50	13.00	8.00	8.00	19.50	22.50	9.50	12.00	11.50	37.50	25.50	8.00	13.00	25.50	40.50	43.50	31.50	9.50	4.00	4.00	16.00	16.50	27.00	33.00	35.00	38.00	39.50	28.00	26.00	9.00	4.50	4.00	4.00	4.00	6.00	9.00	13.00	22.00	13.00	12.00	14.00	15.00	13.00	11.50	12.50	14.50	20.00	17.00	15.00	16.00	17.00	13.50	13.00	20.50	24.50	30.00	46.50	42.50	44.50	48.00	50.50	56.50	59.00	58.50	61.00	58.50	59.50	59.50	54.50	62.50	63.50	61.50	59.00	61.00	61.50	57.00	49.50	47.50	45.00	44.00	45.00	53.50	49.00	41.50	40.00	52.50	50.00	51.50	51.00	50.50	49.00	48.00	52.00	49.00	49.50
5.50	6.00	7.50	10.50	9.00	8.50	10.00	11.00	9.50	11.00	11.50	12.50	13.00	14.50	14.50	16.00	19.00	16.50	13.50	15.50	15.50	11.00	10.00	12.50	11.50	15.00	19.00	18.00	19.00	16.50	13.00	16.50	16.50	15.50	16.50	17.50	19.00	21.00	25.50	24.50	24.00	26.50	31.50	33.00	31.50	31.50	30.00	25.50	21.00	21.50	24.50	25.00	22.00	23.50	22.00	13.50	9.00	10.50	12.50	15.50	24.50	31.50	28.50	18.00	14.50	10.00	13.50	28.00	32.00	29.50	22.00	24.00	22.50	19.00	14.50	13.50	15.50	15.00	21.50	26.00	24.00	23.50	20.00	21.00	23.00	29.00	32.00	34.50	31.00	28.50	32.00	37.00	25.00	17.50	16.00	15.00	16.00	19.50	25.00	22.00	11.50	6.50	17.50	28.50	31.50	28.00	25.50	16.00	10.50	16.50	18.50	15.50	16.00	23.00	30.50	33.00	25.50	30.00	29.00	24.50	22.50	26.50	29.00	27.50	35.50	45.50	43.00	35.50	25.50	12.00	8.00	7.50	5.00	4.50	11.00	7.00	8.50	9.00	8.50	8.50	6.00	9.50	6.50	8.50	8.00	7.50	8.00	16.00	12.00	9.00	8.00	8.00	7.00	6.50	5.50	5.50	7.50	9.50	7.00	8.50	8.00	7.50	6.00	6.00	7.00	16.00	10.50	6.00	6.00	7.00	10.00	9.50	8.00	24.00	40.50	40.50	30.00	25.50	24.00	8.50	7.00	21.00	28.50	32.00	29.50	33.50	39.50	43.50	33.50	30.50	10.50	5.00	4.00	4.00	4.50	6.00	6.50	16.50	38.00	32.00	16.00	14.50	14.50	14.50	15.00	15.50	13.50	13.00	15.50	17.00	17.50	14.50	14.00	13.00	24.50	33.00	27.50	37.00	41.00	45.00	42.00	52.00	60.50	59.00	61.00	64.50	61.00	59.50	64.00	59.00	63.50	63.50	58.00	62.00	61.50	56.50	55.00	54.50	56.50	51.50	50.50	44.00	43.00	39.50	50.50	53.00	55.00	49.00	48.00	52.50	44.50	49.00	53.00	52.50	53.00	52.00
8.00	10.00	15.50	14.00	11.50	11.00	10.50	8.50	7.00	11.00	13.50	12.50	14.00	14.50	15.50	16.50	19.00	19.00	16.50	17.50	15.50	11.50	13.50	13.50	14.50	19.00	20.50	18.50	18.50	15.50	9.50	9.50	9.50	15.00	17.00	18.50	20.50	23.00	26.00	28.50	23.50	24.50	25.00	26.00	29.00	34.00	31.00	23.50	20.00	23.00	29.50	30.50	30.00	28.50	26.00	18.00	14.50	14.00	16.50	21.00	31.50	31.00	15.50	8.50	14.00	19.50	20.00	25.50	28.00	36.50	33.00	29.50	33.00	30.50	22.00	24.00	24.50	26.50	21.00	18.50	19.00	24.00	27.00	27.50	23.00	30.50	37.00	36.00	30.50	34.00	39.50	38.50	28.50	29.00	22.00	19.50	13.50	14.50	20.50	17.00	9.00	4.00	13.50	23.00	23.00	22.50	22.00	10.50	17.00	25.50	29.00	28.50	23.50	18.00	28.00	31.50	33.00	34.00	33.00	36.50	34.50	28.00	27.50	33.50	44.50	43.00	35.00	28.00	22.00	11.00	6.50	3.00	2.50	3.50	11.00	12.50	11.00	6.50	7.50	8.50	6.50	7.00	7.50	8.00	8.00	12.00	27.00	34.50	17.50	17.50	12.00	12.50	9.50	9.50	10.00	9.00	9.00	7.50	5.00	8.50	9.50	6.50	8.50	7.50	5.50	11.00	10.50	8.50	9.00	9.00	9.00	9.00	10.50	23.00	23.50	22.50	32.00	38.50	37.00	27.00	19.50	15.00	18.50	19.00	16.50	21.50	31.50	40.00	29.00	30.00	12.50	8.00	4.00	4.00	5.50	7.00	8.50	11.00	37.50	42.00	24.50	14.00	16.00	17.50	17.00	12.50	14.50	13.00	13.00	26.00	37.00	34.50	33.00	31.00	28.50	28.50	28.00	41.00	45.00	41.00	44.00	47.50	56.00	52.00	50.50	64.50	64.50	63.50	61.50	61.00	66.00	66.50	60.50	57.50	57.50	62.50	63.50	59.00	61.00	61.00	55.00	45.00	42.00	48.50	51.50	49.00	51.50	50.50	48.00	52.00	51.50	54.00	50.50	52.50	52.00	56.50
9.75	13.50	15.75	14.75	13.00	12.25	11.50	10.50	7.50	9.50	12.00	11.75	13.50	14.50	14.75	15.25	16.25	15.50	16.00	17.00	15.00	12.50	15.25	13.25	13.50	17.50	20.50	18.00	17.50	16.75	12.75	9.50	10.75	14.00	15.75	19.00	20.50	23.50	24.00	24.50	23.25	24.25	23.75	26.75	32.50	35.00	31.25	25.00	21.25	24.75	29.00	28.00	28.25	29.00	28.25	21.50	19.50	17.75	20.75	26.50	30.25	29.75	15.50	12.50	20.75	25.75	25.00	28.00	31.75	38.75	35.50	32.75	34.25	30.50	23.25	27.75	30.75	31.00	25.75	23.50	23.00	26.25	31.00	33.25	28.50	32.75	38.25	38.25	33.25	35.50	40.50	37.25	33.00	34.50	25.50	24.00	15.75	14.75	16.25	14.00	10.50	6.75	10.00	17.25	17.50	20.25	20.25	9.50	16.25	22.50	24.50	25.75	24.75	20.25	24.50	27.25	28.75	30.25	32.00	38.00	38.25	32.50	31.50	35.25	43.50	40.00	32.00	24.50	19.00	12.25	8.00	3.50	2.50	4.00	12.50	16.00	11.00	5.50	6.00	7.00	7.25	7.00	6.75	8.50	10.50	12.75	31.25	37.50	25.00	18.00	16.75	12.00	7.75	8.25	8.50	7.75	7.50	7.00	4.25	8.25	9.00	6.50	9.00	8.25	6.25	8.75	8.00	7.00	9.00	8.25	7.50	6.75	12.50	28.00	26.25	27.75	36.75	39.75	39.50	34.75	29.00	25.00	28.00	24.50	21.75	25.75	34.00	40.00	35.50	31.50	12.25	9.25	4.00	6.00	8.75	9.25	9.25	10.75	34.00	32.25	18.25	12.75	14.25	15.25	15.25	12.75	14.50	14.00	14.75	25.50	39.25	39.75	37.00	33.00	26.75	33.25	30.00	39.75	46.25	46.50	46.75	46.75	51.25	51.25	53.75	62.25	68.00	65.00	63.25	62.00	64.75	65.50	62.00	59.75	58.00	62.00	64.00	59.25	61.00	59.25	50.75	44.25	42.50	48.25	53.75	50.75	52.50	52.50	49.00	53.25	52.25	54.00	52.00	49.50	51.75	55.00
10.75	16.25	14.50	13.75	14.75	13.75	12.25	11.50	10.50	11.50	11.75	11.25	13.00	15.00	14.25	13.75	12.50	11.75	13.75	14.75	14.50	13.25	15.50	14.25	14.00	16.00	18.75	17.00	17.50	17.00	14.00	11.25	13.75	14.50	18.25	20.50	18.25	18.50	17.75	18.25	21.75	20.50	23.00	26.75	34.75	33.75	28.50	25.50	24.50	28.50	28.00	23.00	23.75	28.00	31.00	27.50	27.50	25.25	29.75	33.75	26.25	25.25	14.00	17.00	27.25	30.75	30.50	30.50	33.00	38.75	40.25	39.00	37.75	32.75	27.00	30.50	38.75	38.75	33.75	28.75	27.50	32.50	37.75	41.25	37.00	37.75	41.75	43.00	40.50	40.75	44.00	39.75	41.25	41.00	33.00	29.75	20.50	18.25	13.75	14.50	15.50	12.00	8.00	8.75	9.25	12.00	12.25	6.00	10.75	14.00	14.50	17.00	21.25	22.75	25.75	28.50	28.50	31.50	32.00	39.75	45.00	42.75	40.50	39.00	42.25	34.00	26.00	19.25	17.00	16.00	11.50	6.25	4.00	5.50	18.25	24.50	16.50	7.00	9.00	7.25	11.00	9.50	7.00	15.00	17.25	14.25	32.75	36.75	35.50	29.25	26.75	20.50	9.00	8.75	6.75	7.25	9.00	12.75	6.75	7.00	7.75	8.00	9.75	9.00	7.75	6.75	6.75	6.00	8.00	7.50	6.25	6.50	12.50	24.75	21.50	26.50	38.75	41.50	42.25	39.25	38.00	39.50	41.50	34.00	34.00	36.00	38.25	34.75	34.00	33.00	12.50	12.25	7.75	10.25	12.75	12.25	11.75	12.75	32.75	21.00	12.50	12.00	12.50	11.50	12.00	13.25	15.00	15.00	18.25	24.25	34.25	39.00	35.50	37.25	31.00	39.50	40.50	36.50	46.00	54.00	53.50	52.25	53.25	54.00	62.50	62.00	69.00	68.00	65.00	64.50	64.25	65.25	63.25	62.00	59.25	60.00	64.00	62.75	63.00	58.75	48.00	44.50	42.75	49.75	56.00	52.75	56.25	55.25	50.25	53.25	54.00	52.50	54.00	46.25	51.00	53.25
10.75	15.50	13.75	12.25	13.50	13.75	13.00	11.25	12.50	13.00	12.50	12.25	12.50	14.50	14.25	14.00	11.75	12.25	12.75	13.75	14.75	13.25	13.50	13.50	15.25	17.25	17.00	15.50	15.25	12.25	11.25	14.75	15.75	14.75	18.25	17.75	15.00	13.75	15.25	18.00	20.25	17.50	22.75	26.00	30.50	27.50	24.75	25.00	26.00	27.75	26.75	22.25	23.25	26.75	27.75	26.75	28.50	29.25	33.25	34.25	22.25	16.75	11.25	16.25	23.00	24.75	28.75	31.25	32.75	37.50	42.25	39.75	39.75	38.00	34.25	32.75	42.00	42.00	37.00	32.75	32.25	38.50	40.75	41.50	41.50	42.75	43.75	40.75	40.50	40.00	44.00	46.25	45.75	40.50	33.00	28.25	26.50	23.25	19.00	21.75	20.25	14.75	13.50	13.50	12.50	9.00	9.50	8.25	9.50	13.00	14.50	11.50	13.25	18.00	28.25	35.75	35.75	38.50	34.50	38.50	47.75	51.50	49.50	44.75	41.25	28.25	20.50	19.25	22.00	18.00	14.00	12.25	8.50	10.75	25.50	30.25	23.00	11.75	18.50	11.50	14.50	21.00	18.50	20.50	16.75	17.25	35.25	40.75	40.25	42.25	29.00	37.50	23.25	17.25	11.75	17.25	24.75	25.75	14.75	8.75	7.00	8.25	8.50	8.25	8.50	7.75	6.50	6.50	6.75	7.25	6.75	8.25	8.75	11.75	10.75	17.25	33.75	41.25	42.25	33.00	35.00	43.00	42.75	39.25	40.00	41.25	37.50	27.50	26.75	31.00	15.00	14.50	13.50	14.50	14.25	13.00	14.50	16.25	35.00	16.50	13.25	13.00	12.75	9.25	8.75	12.75	15.75	15.75	19.50	21.50	24.25	28.25	36.00	46.50	41.25	45.75	52.00	39.50	43.75	52.00	53.00	56.75	60.25	61.75	68.25	66.00	69.00	69.50	66.25	65.50	65.25	65.25	62.75	62.75	59.75	61.25	64.25	66.25	64.75	58.00	46.75	44.25	43.00	49.75	56.50	54.00	57.25	55.75	53.00	52.50	55.25	53.25	54.50	46.75	48.75	52.25
11.50	15.50	14.50	12.50	12.00	13.50	14.00	12.00	12.00	11.00	12.00	13.00	12.00	13.50	14.00	14.50	12.00	13.00	13.50	14.50	15.00	13.50	13.00	11.50	15.00	18.50	17.00	14.50	12.00	8.50	10.50	16.50	16.00	13.50	14.50	14.00	14.00	14.50	17.00	20.00	20.00	18.00	22.00	26.00	27.50	23.50	24.00	25.50	25.50	25.00	26.00	24.00	25.50	27.00	24.00	23.50	26.50	29.50	32.00	33.00	21.00	11.50	10.00	15.00	19.00	20.00	26.50	32.00	35.00	38.50	42.00	37.50	39.50	41.00	39.00	36.00	43.50	42.00	37.00	36.50	36.50	40.50	41.00	39.50	43.00	45.00	43.50	36.00	36.00	35.50	41.50	49.00	46.50	39.00	29.00	25.50	30.00	25.00	22.50	25.50	21.50	15.00	17.50	21.00	18.50	12.00	13.00	13.00	13.00	17.50	20.00	12.00	10.00	13.00	26.00	37.50	39.00	40.50	36.00	37.00	47.50	54.50	53.50	48.50	40.50	25.50	18.00	21.00	26.00	17.50	14.50	16.00	11.50	15.00	28.50	31.00	24.00	14.00	23.50	14.00	15.00	30.00	29.00	20.00	12.00	19.50	40.50	48.50	42.00	44.50	26.00	45.50	34.50	24.00	17.00	26.50	37.50	32.50	19.50	11.50	7.00	7.00	7.00	7.50	8.50	8.50	5.00	6.50	6.50	7.00	7.00	8.00	7.00	7.00	7.50	14.50	31.50	40.50	42.00	30.00	32.50	42.00	40.00	40.50	39.00	40.50	35.00	25.50	27.50	29.00	17.00	15.00	15.50	16.50	15.00	13.00	15.50	17.50	35.00	13.50	13.50	13.50	13.00	8.50	7.00	12.00	16.00	16.50	19.00	19.50	21.50	23.50	42.00	53.50	45.50	50.50	55.00	44.50	43.00	48.00	48.50	55.00	60.50	66.00	68.50	68.00	71.50	69.50	67.50	65.00	65.50	64.50	62.50	63.50	59.50	64.00	65.00	66.50	64.50	56.00	44.00	43.00	43.50	48.00	57.00	55.00	55.50	55.50	55.50	53.00	55.50	55.50	54.50	47.50	47.00	51.50
11.50	13.50	14.50	15.00	16.50	15.50	14.00	13.00	13.50	10.50	10.50	11.00	11.50	11.00	13.00	13.00	11.50	15.00	14.50	13.50	17.50	18.00	13.00	12.00	12.50	13.50	13.00	9.50	9.00	10.00	9.00	9.50	10.00	17.00	19.50	19.50	16.50	16.50	17.00	18.50	17.00	15.00	18.50	22.00	21.50	19.50	22.00	21.50	23.50	21.50	19.50	21.50	24.00	23.00	20.50	22.50	25.50	28.50	25.00	22.50	12.50	11.50	21.50	24.00	24.00	23.50	31.00	36.50	35.00	31.00	29.50	30.00	36.00	40.00	41.00	42.00	42.50	41.50	42.50	41.00	38.00	37.00	30.50	35.50	36.00	41.00	39.50	27.00	35.50	41.00	43.00	46.50	46.50	43.00	37.00	36.00	28.50	22.50	24.50	28.50	23.50	18.00	25.50	31.50	26.00	20.50	27.00	25.50	26.00	31.00	28.50	18.50	14.50	12.00	18.50	26.50	31.00	37.00	37.00	35.00	39.50	45.00	49.00	50.50	41.50	26.50	21.00	28.00	30.00	19.00	14.50	13.00	13.50	21.50	31.00	29.00	20.50	16.00	34.00	30.50	13.00	16.00	33.50	26.00	14.50	20.00	33.00	32.50	39.50	38.50	24.50	27.50	40.00	32.50	36.00	46.50	48.00	31.00	32.00	7.00	5.00	6.50	8.50	8.50	9.00	8.50	7.50	8.00	8.00	9.00	6.50	10.50	10.00	8.50	9.50	23.50	32.50	41.00	38.00	31.00	27.00	40.00	40.00	34.00	29.00	39.50	39.50	28.50	27.00	38.00	25.00	14.50	15.00	17.00	16.00	15.00	17.00	17.50	19.50	14.50	14.00	14.50	10.00	7.00	7.00	15.50	14.00	15.00	18.50	18.50	19.00	28.50	47.00	49.00	52.00	54.00	54.00	52.00	49.50	53.00	62.00	59.00	61.00	65.00	62.50	69.00	65.50	69.00	70.00	66.00	66.50	66.50	63.50	63.00	66.50	66.50	67.00	67.00	62.00	56.50	51.00	45.50	42.00	44.50	51.00	52.00	59.50	57.50	52.50	56.50	52.50	54.50	55.50	45.50	46.00	51.00
8.00	7.50	11.00	13.00	16.00	18.00	20.00	19.00	15.00	11.50	10.50	11.50	11.00	11.00	11.00	11.00	13.50	13.50	13.50	14.50	17.00	18.50	17.00	9.50	10.50	13.50	12.50	11.50	13.00	16.50	16.00	16.00	18.00	18.50	17.00	16.00	17.50	17.50	18.00	18.00	15.50	15.00	18.00	18.00	18.50	10.00	11.50	14.50	15.50	15.00	19.50	21.50	24.00	21.50	18.00	20.50	25.50	30.00	22.50	13.50	8.50	19.00	23.00	25.00	28.00	34.00	36.50	29.50	24.00	29.00	32.00	37.00	40.00	36.50	33.00	31.00	34.00	33.50	36.00	32.50	24.50	21.00	27.00	30.50	34.50	30.50	24.50	27.00	33.50	40.50	38.50	40.50	35.00	33.50	41.00	41.50	31.00	31.50	31.00	27.50	20.50	20.50	32.00	39.00	36.00	34.00	37.00	30.50	39.50	38.50	27.00	20.50	20.00	16.50	16.50	20.50	20.00	24.00	36.00	41.00	40.50	42.00	46.50	47.00	36.50	23.00	23.50	33.00	34.50	20.50	11.50	8.00	13.00	21.00	24.50	20.50	15.50	25.50	42.00	37.50	23.50	17.00	37.50	38.50	27.50	12.50	8.00	21.00	35.00	41.00	40.00	30.00	34.00	48.00	40.00	51.50	46.00	42.00	41.50	25.00	22.50	13.50	11.00	7.50	6.00	8.50	10.00	10.00	7.50	7.00	8.50	8.50	7.00	7.00	9.50	15.50	24.00	36.50	33.00	30.00	25.00	28.50	28.00	24.00	29.00	38.00	44.50	45.00	39.50	39.50	15.50	13.50	17.00	16.50	17.50	16.00	17.00	17.00	17.50	17.50	15.00	16.50	13.00	10.50	13.00	14.50	16.50	17.50	19.50	19.00	23.50	36.50	41.00	39.50	50.00	51.50	56.50	56.00	53.50	53.50	61.50	63.00	62.50	67.00	66.00	58.00	62.00	69.00	72.50	72.00	69.00	67.00	64.00	65.50	67.00	66.50	64.00	63.50	61.50	58.50	55.50	46.50	42.00	50.50	48.00	56.50	50.00	53.00	53.00	57.00	53.00	51.50	49.50	51.00	48.50	53.50
7.00	6.25	9.25	10.75	13.25	13.50	16.00	18.25	15.50	12.00	10.75	12.00	10.50	11.25	11.25	10.50	14.50	15.50	15.00	15.25	16.00	16.50	15.00	9.50	11.75	15.00	14.75	15.00	13.75	15.00	14.50	16.00	17.75	16.75	15.75	13.75	15.50	16.75	17.50	16.50	17.25	18.00	17.25	15.50	14.25	8.00	9.75	13.00	13.00	13.50	18.50	20.00	21.50	19.75	19.50	21.75	27.00	28.00	18.50	10.75	12.00	22.00	25.75	27.50	29.00	31.25	31.25	25.50	22.75	28.50	31.50	35.50	35.25	35.00	29.25	25.00	26.00	26.25	27.00	24.25	20.25	19.75	23.50	25.50	27.75	25.00	25.00	34.25	37.25	39.00	34.25	35.75	29.50	30.75	39.00	41.00	34.50	34.25	30.75	26.00	21.50	22.50	32.25	35.50	34.00	34.50	36.75	34.00	40.75	38.00	30.50	26.00	24.25	20.75	15.25	19.50	21.50	23.50	31.75	37.75	40.25	43.75	48.00	45.50	35.25	24.00	27.00	35.50	34.25	20.75	13.25	10.75	12.50	18.00	22.75	20.50	22.25	30.25	39.75	37.75	22.75	16.50	32.75	31.25	31.25	20.25	15.75	18.25	28.75	39.00	40.75	35.00	35.25	43.00	35.50	51.25	47.75	41.00	40.00	30.50	24.00	11.50	10.50	8.25	8.25	8.50	10.50	11.00	7.50	7.00	8.75	9.25	5.75	6.00	8.50	12.50	22.00	35.75	32.75	30.25	24.00	28.50	28.00	24.50	29.50	36.25	41.25	45.00	41.75	39.00	15.00	12.75	16.50	16.00	16.50	16.75	17.50	17.00	17.50	17.75	16.00	17.00	15.25	13.75	15.25	15.25	17.50	17.25	20.50	20.25	31.00	37.75	35.75	37.25	45.75	51.75	53.50	56.00	55.25	55.25	60.75	63.00	64.75	66.00	59.50	57.00	64.50	68.25	73.00	72.50	70.75	68.50	67.00	67.50	67.75	65.25	65.00	61.75	61.75	56.50	53.25	49.00	42.00	49.25	44.75	52.00	48.75	52.75	54.50	55.00	54.00	53.00	50.75	49.00	49.50	53.50
6.75	5.75	7.50	8.25	9.25	7.25	8.50	11.75	12.25	10.25	9.25	11.25	11.00	10.75	11.50	10.50	14.50	16.00	15.75	14.75	13.75	12.75	10.75	9.50	12.75	15.00	16.50	17.25	14.00	12.50	12.00	13.25	13.00	12.25	12.50	10.50	13.00	15.75	15.00	13.75	18.25	18.50	16.75	13.50	9.75	7.25	9.00	13.00	12.75	12.50	14.75	16.25	16.25	16.50	21.50	24.00	28.25	25.00	12.25	7.75	16.50	26.50	28.25	26.00	24.75	23.50	24.75	24.75	24.00	26.00	27.25	29.25	25.50	28.75	21.50	13.75	13.50	14.50	11.75	11.00	13.00	15.00	16.50	17.75	18.00	22.50	28.50	43.25	40.00	35.25	27.00	28.00	28.00	30.00	37.25	39.75	39.75	38.50	31.00	28.50	29.00	29.25	32.00	27.75	26.25	28.50	29.75	35.00	38.00	37.25	37.50	37.00	34.75	28.50	16.50	16.00	21.00	24.75	28.75	33.75	39.00	44.50	48.50	44.50	34.75	27.50	33.75	38.75	33.50	23.00	19.50	17.00	13.25	13.50	18.00	22.75	35.25	37.00	38.25	39.50	19.25	20.75	35.25	22.50	32.50	37.00	32.25	19.50	17.75	32.50	39.00	39.50	36.00	35.75	32.75	47.00	46.75	38.75	37.75	39.50	29.25	9.00	10.25	9.75	10.00	9.50	12.00	12.75	8.25	7.50	8.75	8.50	5.00	6.00	8.50	8.00	16.25	26.25	25.50	23.50	24.50	33.75	32.75	27.50	30.00	33.00	37.75	44.00	43.50	39.25	16.50	13.50	16.50	16.50	16.50	16.50	17.50	17.50	17.50	18.25	16.75	16.75	17.00	17.00	18.00	16.50	18.75	17.75	22.00	23.00	34.00	33.25	34.25	39.75	42.00	50.00	52.25	55.75	56.25	57.00	62.50	63.00	65.50	61.75	53.75	60.50	68.00	69.50	72.25	73.75	71.75	70.50	69.75	68.25	67.00	63.25	65.75	60.00	59.25	54.25	52.50	52.25	44.00	44.00	43.75	44.00	46.00	52.25	57.00	53.50	54.50	54.50	54.00	44.25	50.75	52.00
7.50	7.25	7.50	7.25	6.50	5.75	5.25	5.25	8.75	9.75	9.25	11.25	13.25	12.00	11.75	11.25	11.50	13.25	14.50	12.25	10.75	9.25	8.50	8.75	11.25	12.00	14.00	13.25	11.00	10.50	13.00	13.75	11.75	11.50	12.75	10.00	10.75	13.00	11.75	11.50	16.25	16.00	16.50	15.00	11.25	11.25	12.00	14.25	15.75	15.25	13.25	15.00	14.50	14.75	20.00	23.50	25.00	20.50	8.75	7.75	18.50	27.75	23.00	21.00	23.25	23.50	25.50	25.00	21.25	17.00	15.00	16.50	14.75	18.00	14.25	8.00	8.50	8.50	4.75	6.50	9.50	9.25	9.75	11.25	12.25	20.50	27.25	40.25	33.50	28.00	25.75	29.00	38.25	38.25	39.25	38.25	42.25	41.25	35.00	34.00	35.25	33.75	27.75	20.50	21.50	26.75	26.75	29.50	29.75	34.50	41.50	44.25	42.25	33.25	24.50	17.50	17.25	24.25	30.75	36.75	41.50	44.75	46.75	44.75	36.00	34.50	39.75	39.00	33.50	30.00	29.50	24.25	16.50	14.25	18.50	27.00	37.50	32.50	41.25	36.25	12.75	29.25	43.75	28.25	25.75	44.75	44.50	26.00	10.75	20.50	28.75	29.00	26.25	26.75	32.50	39.75	40.00	37.00	43.00	44.00	32.50	10.25	14.75	18.50	12.75	14.50	16.50	13.75	9.75	8.00	10.00	8.00	7.50	7.75	9.00	6.50	9.75	13.00	14.75	12.75	18.25	33.75	36.50	33.25	28.00	28.00	38.25	42.75	42.50	40.00	20.00	15.50	17.00	17.50	17.25	17.00	17.00	18.25	17.75	18.00	16.00	16.50	16.50	16.50	18.75	17.50	19.00	19.50	24.50	27.25	31.75	30.00	41.75	48.50	47.75	50.50	55.50	51.25	55.50	56.75	63.00	60.25	60.00	54.75	55.75	62.50	67.25	68.50	70.50	72.00	72.00	71.75	69.75	68.50	66.50	62.50	63.25	59.00	56.75	53.50	52.75	55.75	49.25	41.00	43.00	39.00	41.50	50.75	57.25	54.50	55.25	53.50	53.00	46.00	47.00	47.25
7.50	7.75	7.75	7.25	5.75	6.00	5.75	4.50	8.00	12.00	12.50	11.75	12.75	12.50	12.00	11.25	9.25	10.50	11.25	9.00	8.50	8.25	10.50	11.25	11.50	10.25	10.00	8.25	8.25	11.25	17.00	17.25	15.25	14.00	16.25	13.75	13.25	11.75	9.25	7.75	11.75	15.50	17.75	17.75	15.25	14.25	14.50	15.50	16.75	17.50	15.00	15.75	15.00	16.00	19.75	21.25	18.00	12.50	7.00	10.25	19.50	21.75	18.25	21.75	24.25	22.50	20.00	15.50	11.50	8.00	6.00	7.75	9.50	11.25	11.50	12.00	12.00	8.50	6.25	9.25	11.00	8.50	8.50	10.25	11.25	14.75	19.25	28.00	24.00	24.25	29.75	35.00	44.00	44.50	38.00	35.75	40.50	40.75	35.50	30.75	29.75	28.50	22.50	21.50	26.75	34.50	35.00	31.00	29.25	32.50	40.50	44.50	42.25	34.75	29.75	25.00	18.25	21.25	29.00	38.50	43.00	43.50	42.75	44.25	40.25	42.25	42.50	40.75	39.00	38.50	36.50	31.25	24.50	23.00	26.50	28.50	27.00	19.75	35.50	27.00	12.50	31.75	42.75	41.25	26.00	40.25	45.50	30.50	13.50	16.00	22.00	20.50	19.75	19.75	25.50	31.75	32.75	39.75	48.25	42.00	34.25	23.25	31.75	35.50	23.75	25.75	27.75	19.00	16.00	13.75	15.75	12.00	13.00	11.50	11.50	11.25	10.75	9.75	11.25	10.00	11.00	26.50	34.75	35.25	25.50	25.25	38.75	42.00	35.50	31.50	17.25	16.00	17.00	17.00	17.00	18.50	17.25	18.00	18.00	17.50	15.50	17.00	16.25	16.75	19.25	17.50	17.00	19.00	33.75	42.00	41.75	36.50	44.00	49.50	50.50	51.50	55.25	48.50	54.50	54.50	57.00	56.00	53.75	50.50	55.75	57.50	63.00	63.50	65.00	65.00	68.25	68.00	64.75	64.75	61.50	60.25	58.75	55.00	53.00	50.00	48.25	53.75	50.75	42.25	41.25	39.00	40.25	50.00	55.00	54.00	56.00	52.25	50.00	51.75	45.00	42.50
7.75	7.25	6.50	7.00	7.25	6.00	6.50	5.75	7.25	11.00	12.25	10.00	9.25	7.75	8.00	8.25	8.25	9.00	9.00	9.75	10.00	11.50	14.50	16.25	15.25	13.00	11.75	10.25	10.50	12.75	17.25	16.75	15.50	15.25	17.50	16.50	17.75	15.00	10.25	7.25	8.00	11.75	15.75	16.75	16.50	14.00	14.25	16.00	16.25	18.25	16.75	17.50	16.00	17.50	20.75	20.00	13.00	6.25	5.25	11.00	15.75	15.50	19.25	21.25	16.75	12.00	9.75	9.50	10.50	12.25	12.00	13.75	17.50	15.25	15.00	20.25	18.25	12.75	12.25	15.75	17.25	13.50	13.00	16.75	17.00	17.50	17.00	16.75	17.00	22.25	27.25	30.50	36.25	37.50	30.25	30.00	35.50	35.50	27.75	23.00	23.75	23.75	22.25	24.00	28.00	35.25	36.25	34.25	36.50	37.00	39.50	43.25	40.00	34.50	33.00	33.75	26.00	22.25	25.00	31.50	35.25	36.75	36.50	45.00	48.00	46.50	44.50	45.50	45.75	42.25	38.00	37.50	35.00	34.25	34.50	29.75	21.50	15.00	23.25	24.25	24.75	33.75	39.50	47.25	38.25	41.50	44.25	34.50	24.25	24.00	29.50	31.75	34.75	32.50	30.25	27.50	28.50	38.25	44.25	43.75	42.25	37.25	43.25	45.50	41.25	42.50	45.00	37.00	33.00	29.50	26.50	23.50	22.75	20.00	19.00	19.50	18.50	16.00	16.25	15.50	15.75	25.00	33.75	36.25	32.50	33.50	41.25	42.00	29.25	22.75	16.00	17.50	17.75	18.25	18.75	19.75	19.25	18.75	18.50	18.25	17.00	17.75	17.75	19.75	23.25	22.75	24.00	28.25	46.50	58.00	52.00	43.00	40.75	43.25	46.50	48.50	51.00	49.75	51.00	49.50	49.50	50.50	48.75	48.25	49.75	51.25	55.50	57.25	56.25	56.25	57.75	57.75	55.75	55.50	53.25	54.25	53.50	50.25	47.50	44.50	42.50	44.75	45.00	42.50	44.25	43.50	44.75	50.00	52.50	53.25	55.00	53.25	52.00	52.75	48.75	44.25
8.00	7.00	5.00	6.00	8.00	6.00	7.00	7.00	7.50	9.50	10.50	9.00	7.50	4.50	4.00	5.50	7.50	9.00	9.50	12.50	12.00	14.00	16.50	18.00	17.50	16.00	15.50	14.50	13.00	12.50	15.50	16.00	15.50	16.00	17.50	16.00	18.00	17.00	12.50	9.50	7.50	8.50	12.00	14.00	15.50	13.50	13.50	15.00	15.50	19.00	18.00	19.50	17.50	17.50	20.00	19.50	12.00	4.50	4.00	9.50	12.00	15.00	20.00	19.00	12.00	7.50	7.00	10.00	14.00	18.50	18.50	20.50	25.00	20.00	18.00	24.00	20.50	15.50	16.00	20.00	21.50	17.00	15.50	20.50	21.00	21.00	18.50	13.00	14.00	19.00	22.50	24.00	29.00	30.50	25.50	26.00	33.00	32.00	23.00	20.00	23.00	24.00	23.50	22.50	25.00	33.00	33.00	33.00	40.00	41.00	40.00	43.50	39.00	34.00	36.50	39.00	31.00	24.00	23.50	26.50	29.50	32.50	33.50	46.00	52.00	47.50	46.50	48.00	47.50	42.50	38.00	40.50	39.50	39.00	38.00	31.50	22.50	16.50	19.00	26.00	33.50	37.00	38.50	47.50	46.00	46.00	45.50	36.50	30.00	29.00	36.00	41.50	47.00	45.50	40.00	28.00	27.50	33.50	41.00	48.50	48.00	40.00	42.00	46.50	51.00	52.00	54.50	50.00	44.50	39.50	33.00	32.00	29.00	25.50	23.50	23.00	22.50	21.00	21.00	20.00	20.00	25.50	33.50	38.50	40.00	41.00	44.00	42.50	29.50	22.50	19.00	19.00	18.50	20.00	20.50	21.00	21.00	20.00	19.00	19.00	18.50	18.50	19.50	22.00	27.00	28.50	33.00	39.00	52.00	62.00	54.50	45.50	39.00	40.00	45.00	47.00	48.50	49.50	48.50	46.50	46.00	46.50	46.00	46.50	45.00	47.50	50.50	53.00	52.50	52.00	52.00	52.00	52.00	51.50	51.00	50.50	50.50	48.50	46.00	42.00	40.00	40.50	41.00	42.50	46.00	46.50	47.50	49.50	51.50	53.50	54.50	54.50	54.00	52.50	50.50	47.50
8.00	7.00	3.50	4.00	5.00	6.00	7.00	7.00	7.00	7.00	7.50	7.50	6.50	5.50	5.50	7.50	12.00	13.00	12.50	12.00	14.00	14.50	14.00	15.00	14.50	14.50	15.00	14.50	16.50	16.50	17.50	15.50	14.00	14.00	15.50	16.50	16.00	16.50	14.00	13.50	15.50	14.00	12.50	12.50	13.50	13.50	14.00	15.00	16.00	15.00	16.00	18.00	19.50	19.00	18.00	17.00	11.00	4.00	4.00	7.50	7.50	12.50	12.50	8.00	5.50	7.50	12.50	19.00	25.50	31.50	32.00	31.00	33.00	26.00	25.50	29.50	28.00	22.50	19.00	20.50	23.50	19.00	19.00	25.50	29.50	29.50	26.50	23.00	21.00	17.50	15.50	14.00	18.00	19.50	18.00	19.00	20.00	20.00	20.00	27.50	35.00	37.00	34.50	25.50	21.50	23.50	24.00	27.00	36.00	43.00	46.50	48.00	45.50	44.50	48.00	44.50	32.50	30.50	32.50	28.50	27.00	32.50	38.00	48.50	54.00	47.00	45.50	44.00	42.50	38.50	39.00	40.00	38.00	33.50	34.00	32.00	25.50	20.00	25.00	34.50	40.50	45.00	45.00	49.00	51.00	54.50	50.50	45.50	40.00	33.50	32.00	37.50	47.50	52.50	50.00	36.00	24.00	22.50	31.50	41.00	42.00	28.00	28.50	43.00	54.50	57.50	60.00	59.50	51.50	44.00	39.50	45.00	37.00	32.00	25.50	22.00	21.50	21.00	21.00	22.00	22.00	26.50	31.50	34.50	35.50	40.00	40.50	37.50	33.00	26.00	22.50	22.50	22.00	22.00	21.00	21.00	22.00	22.50	22.00	22.00	22.00	21.00	22.50	32.50	41.00	43.00	47.50	51.00	51.50	59.00	51.00	43.00	36.00	34.50	36.00	43.50	46.00	47.50	45.00	43.00	42.50	42.50	42.00	42.00	42.50	45.00	48.50	51.50	53.50	53.00	53.00	54.00	52.00	51.50	52.00	52.00	52.00	48.50	45.50	42.50	41.00	41.50	42.00	43.50	46.00	46.50	48.50	50.50	52.50	54.50	55.50	55.50	54.50	51.50	49.50	47.00
10.00	6.00	4.50	4.00	5.00	6.00	7.00	7.00	6.50	7.00	8.00	8.00	6.00	6.50	6.50	12.50	17.50	16.00	15.00	11.50	13.50	12.50	12.00	12.50	16.00	17.00	15.00	14.00	15.00	16.50	16.00	16.50	16.00	15.50	14.00	15.50	15.50	14.50	14.00	15.00	16.00	15.00	15.50	18.00	18.50	16.50	16.50	17.00	15.50	14.50	16.50	19.00	20.50	21.50	19.00	15.50	9.50	5.50	6.50	6.50	5.00	5.00	4.50	5.00	8.50	16.00	23.50	26.50	27.50	28.50	29.50	31.50	34.00	32.50	34.50	34.00	33.00	27.00	24.50	27.50	28.00	21.50	20.50	27.50	32.50	33.00	31.00	28.00	24.00	22.50	23.00	20.50	19.50	18.00	12.50	12.00	16.00	19.00	22.50	26.50	35.00	41.50	42.50	35.00	26.50	18.00	18.50	21.50	28.50	36.00	43.50	44.50	43.00	47.00	51.50	45.50	36.00	36.50	37.50	33.00	30.50	30.50	35.50	45.50	49.00	43.00	38.50	33.50	31.50	28.50	29.00	29.00	25.50	23.00	25.00	25.00	20.50	18.00	24.00	33.00	37.00	38.00	36.00	37.00	42.50	53.00	57.50	57.50	50.00	41.00	37.50	36.50	41.00	47.50	50.50	42.00	29.00	20.50	23.00	31.00	34.50	29.00	33.00	45.50	52.50	57.50	55.00	54.00	48.50	43.50	47.50	50.00	41.00	36.50	27.50	21.50	20.50	20.00	20.50	21.50	21.50	23.00	25.50	27.00	27.00	28.00	27.50	26.50	25.00	22.50	23.00	23.00	23.00	23.50	23.00	22.50	22.00	21.50	21.00	22.00	22.00	21.00	24.00	34.00	43.50	48.00	53.00	55.50	57.50	62.00	52.50	43.00	34.00	31.00	28.50	31.50	34.50	37.00	36.00	35.00	37.00	39.00	39.00	40.00	41.00	45.50	49.00	53.50	55.50	55.00	54.50	55.00	49.00	47.00	47.00	48.00	48.00	46.50	44.00	43.00	42.50	43.00	43.50	44.00	46.00	46.50	49.00	51.50	54.50	56.00	56.00	55.00	54.50	50.50	49.50	46.00
9.25	7.50	5.75	5.75	5.50	6.25	7.25	7.25	7.00	6.75	8.25	6.50	6.00	6.00	6.75	10.25	14.75	16.25	16.50	13.00	13.00	13.00	13.00	13.00	15.00	15.75	15.75	14.75	15.75	16.50	15.50	16.25	15.50	14.75	13.50	13.75	14.25	13.50	13.75	14.75	16.25	16.00	16.00	17.75	19.75	16.25	16.00	16.00	14.75	16.25	18.50	21.00	21.25	19.75	16.50	12.75	7.75	5.00	6.50	7.00	6.50	7.00	5.50	6.75	11.75	17.75	20.75	23.75	24.50	27.75	28.25	29.75	32.00	32.50	34.75	35.50	34.25	29.75	28.75	31.50	32.25	27.75	25.25	30.25	33.75	33.75	31.75	26.75	23.75	25.00	27.25	26.00	24.25	20.75	13.50	13.25	16.75	22.25	26.50	27.00	31.75	37.50	41.75	37.00	28.50	20.00	20.25	22.25	25.25	31.75	38.00	39.00	39.50	43.00	46.50	44.25	40.00	40.50	39.75	37.00	35.50	32.75	35.00	43.00	45.50	42.00	37.50	31.00	27.25	25.50	27.00	28.00	25.00	24.25	27.25	27.00	22.25	21.25	24.25	28.75	31.00	31.00	31.00	34.00	38.75	49.00	55.75	58.50	52.00	43.00	42.25	41.00	42.75	48.00	49.00	42.50	30.75	22.25	22.50	29.50	31.75	29.50	33.75	41.25	46.50	54.75	54.50	51.25	46.00	44.50	50.25	52.75	44.50	41.75	32.50	25.25	22.50	20.25	20.25	20.75	20.25	22.00	23.50	24.50	25.00	25.75	25.25	24.75	23.75	22.75	23.00	23.00	23.75	25.75	26.00	25.75	25.25	22.75	22.00	22.50	22.00	21.50	23.00	29.00	36.50	41.00	46.75	49.25	54.50	59.50	50.50	41.50	33.00	30.00	28.00	29.25	30.50	32.50	32.75	32.25	35.50	38.75	39.75	41.25	42.75	46.50	50.25	54.75	56.25	56.00	55.00	55.50	49.00	46.25	45.75	46.50	46.50	45.50	43.75	43.00	43.00	43.75	44.25	44.50	46.50	47.00	49.50	52.25	55.25	56.75	56.25	55.25	54.50	50.50	49.00	45.50
8.25	8.25	6.00	7.00	6.75	6.75	8.25	8.00	7.75	7.00	7.25	5.50	6.00	5.00	6.25	7.25	9.50	13.00	16.50	15.50	14.75	15.00	15.75	15.75	15.00	13.00	14.00	14.00	16.00	16.50	15.50	16.75	17.50	15.75	13.50	12.75	13.00	12.00	13.00	14.75	17.00	17.50	17.75	17.50	20.00	16.25	14.00	13.50	15.00	18.75	18.50	19.00	17.75	14.25	10.25	7.50	5.50	5.25	9.75	10.50	10.25	11.75	8.25	9.00	15.75	19.00	15.25	18.25	20.75	26.50	28.00	27.75	28.50	30.50	34.00	36.25	35.75	34.00	33.50	34.75	36.25	36.50	34.50	35.50	36.75	35.75	33.25	28.25	25.50	28.50	33.75	35.00	30.50	23.75	15.00	15.00	19.25	25.50	31.00	30.50	31.00	34.00	40.50	37.25	30.50	24.25	26.75	28.00	23.00	24.75	27.75	29.50	32.00	33.75	35.00	37.50	42.00	44.50	44.50	45.25	45.50	41.50	39.00	41.75	42.50	40.75	36.00	28.00	24.50	27.50	29.00	28.25	25.75	28.25	33.25	31.00	26.50	28.25	28.25	27.00	26.00	23.50	26.50	34.50	39.75	47.75	54.25	58.00	51.50	44.50	50.50	50.50	47.25	50.00	50.25	43.50	34.75	29.25	26.75	27.25	26.25	26.75	32.50	35.25	36.50	47.75	52.00	46.75	42.75	47.00	55.75	58.50	51.50	51.25	44.25	36.25	29.25	24.00	21.75	20.50	19.50	20.50	21.25	21.75	22.00	22.75	22.75	23.00	22.75	22.50	23.25	23.50	25.75	28.75	31.00	32.00	32.50	30.00	29.50	28.00	27.00	25.75	23.50	23.00	25.25	27.75	33.00	35.00	47.50	52.75	45.50	37.75	31.50	28.75	27.25	26.50	26.25	27.50	29.25	31.00	37.25	41.25	43.00	45.00	46.50	49.25	53.00	56.75	57.50	57.50	56.00	56.75	50.75	47.75	47.25	47.00	46.75	46.00	44.50	43.75	44.00	44.75	45.00	45.00	47.00	47.50	49.75	52.25	55.25	57.50	56.25	55.50	54.50	50.00	48.50	44.50
8.25	8.00	6.00	6.75	7.25	7.50	8.50	8.25	8.50	7.25	6.00	6.50	7.25	6.00	7.00	6.25	6.25	10.00	15.25	16.25	16.50	16.25	18.00	19.25	16.25	12.50	12.00	14.00	17.00	16.25	16.50	19.25	20.75	17.25	13.00	12.50	12.50	12.25	12.75	13.75	15.75	16.50	17.50	17.25	19.00	15.75	13.25	12.00	15.25	17.25	14.00	11.25	10.00	7.75	6.00	5.75	7.50	9.75	16.25	17.25	16.00	15.50	10.75	8.75	14.00	16.00	13.00	15.50	19.25	24.25	26.25	24.50	25.75	30.00	33.25	33.25	34.00	32.25	30.75	31.75	35.00	39.00	37.00	37.00	40.25	40.50	38.25	32.50	28.75	29.50	35.25	37.75	32.00	24.75	18.75	18.75	22.00	24.75	30.00	33.00	34.25	36.00	38.25	32.50	28.75	29.25	35.25	35.50	28.75	26.00	25.50	25.50	29.25	31.25	29.25	31.25	36.75	40.00	44.25	49.25	50.75	49.75	47.50	45.25	45.75	43.25	39.00	30.25	27.25	35.00	36.75	31.75	28.25	33.00	37.50	32.75	30.25	33.50	35.00	34.75	32.25	25.75	27.25	37.00	43.75	53.00	58.25	58.25	50.00	46.50	57.50	59.00	54.25	53.25	52.50	43.25	40.50	41.50	38.50	30.50	26.00	21.25	23.75	30.00	31.00	42.50	50.25	46.00	43.00	48.75	56.25	61.50	57.00	58.25	55.50	49.00	38.50	29.50	24.00	21.50	21.00	20.75	20.75	21.50	21.50	21.75	22.50	23.00	22.75	22.00	25.75	26.75	28.50	30.25	33.50	36.75	39.25	43.75	44.75	42.00	40.00	37.25	30.00	25.25	23.25	22.50	23.75	24.75	39.00	43.25	38.50	33.75	30.75	28.25	27.00	26.00	26.00	27.00	29.50	36.00	43.50	45.75	47.50	49.00	50.00	52.25	55.00	57.25	58.00	57.75	56.50	57.75	53.75	51.75	51.50	50.75	50.00	48.25	46.50	45.25	44.75	45.00	45.00	45.00	46.75	47.25	48.75	50.00	52.75	55.75	54.75	54.25	53.25	49.50	48.25	43.75
8.50	8.50	7.00	7.00	7.00	8.00	8.00	8.00	9.00	7.00	6.00	7.00	8.50	7.50	8.50	6.00	5.50	10.50	15.50	16.00	16.00	16.00	18.50	20.50	16.50	13.50	12.50	15.50	18.50	16.00	17.00	21.00	21.50	17.00	12.00	11.50	12.00	13.00	13.00	12.50	14.00	15.00	16.00	17.00	19.00	15.00	14.00	12.00	14.50	15.00	11.50	7.50	6.50	5.00	5.50	6.50	10.00	13.50	19.50	21.00	19.50	16.50	11.50	8.00	11.50	13.50	13.50	15.50	18.50	22.50	23.50	21.50	24.50	31.50	33.50	31.00	32.00	29.00	27.50	29.50	34.00	39.00	35.00	36.00	42.00	44.00	42.50	34.00	30.00	29.50	34.50	37.00	32.00	25.50	22.00	22.00	23.00	24.00	28.50	32.50	35.00	37.50	36.50	29.50	27.00	32.00	39.00	38.00	33.50	30.00	28.00	25.50	30.50	34.00	30.00	30.50	33.50	35.50	41.50	49.00	51.00	51.50	51.50	47.50	48.50	46.00	42.50	33.00	28.50	37.50	40.50	34.00	29.50	35.00	38.00	32.50	31.50	35.00	38.00	40.00	37.50	28.50	27.50	36.00	43.00	55.50	62.00	60.00	51.00	49.00	61.00	62.50	58.50	55.00	52.00	42.50	44.00	48.50	45.50	34.50	28.50	19.00	17.00	26.50	29.50	41.50	50.50	47.00	44.00	49.00	54.00	61.50	59.00	61.00	60.00	54.50	43.00	31.50	24.50	22.00	22.00	21.50	20.50	21.50	22.00	21.50	22.50	23.00	22.50	22.00	28.00	29.50	30.00	31.00	34.00	38.50	42.00	51.50	53.50	51.00	48.00	45.00	35.00	28.50	25.50	23.50	22.00	22.50	34.50	38.00	34.50	32.00	30.50	28.00	27.00	26.00	26.00	27.00	30.00	39.50	46.50	47.50	49.50	50.50	51.50	53.50	55.50	57.00	58.00	57.50	56.50	58.00	55.00	53.50	53.00	52.50	51.50	49.00	47.50	46.00	45.00	45.00	45.00	45.00	46.50	47.00	48.00	48.50	51.00	54.00	53.50	53.00	52.00	49.50	48.00	43.50
7.00	7.50	8.00	7.00	8.00	9.00	10.00	10.00	8.00	8.00	7.50	9.00	7.50	6.50	6.00	8.00	8.50	8.00	13.00	13.50	11.50	12.50	15.00	15.50	16.00	14.00	11.00	10.00	15.00	15.00	16.50	12.50	11.00	17.50	13.50	10.50	11.50	14.50	12.00	8.50	8.50	9.00	10.50	12.50	14.50	12.50	13.00	11.50	8.50	6.50	7.50	6.50	7.00	6.50	9.50	11.00	13.00	16.00	17.00	17.00	15.00	11.50	9.00	10.50	9.50	9.50	12.00	13.00	14.00	16.50	18.50	22.00	28.00	29.50	26.50	22.50	23.00	25.00	31.00	33.50	36.50	39.00	32.00	34.50	38.50	44.00	43.50	33.00	31.50	32.00	35.50	38.50	33.50	28.50	27.00	29.50	29.50	28.00	27.00	27.50	33.00	36.00	27.00	18.50	21.50	34.00	39.50	38.00	39.00	38.00	35.50	37.50	44.00	45.50	37.50	39.00	39.00	37.50	46.50	54.50	54.00	51.00	49.00	50.00	51.00	50.00	48.00	43.00	38.00	39.00	45.50	42.50	34.50	37.50	38.50	31.50	30.00	33.00	38.00	45.50	43.50	35.50	30.50	32.50	36.00	52.00	61.50	64.50	58.50	56.00	58.50	59.00	54.50	50.50	43.00	44.00	48.00	50.50	45.50	34.50	25.00	11.50	9.50	13.50	22.00	36.50	49.50	50.50	47.50	53.00	58.50	61.00	58.50	57.50	54.00	49.00	39.00	29.00	27.50	30.00	27.00	21.00	21.50	22.00	22.00	21.00	22.00	22.50	22.00	22.00	26.00	30.00	32.00	40.50	49.00	53.00	52.00	56.50	61.50	63.00	60.50	53.50	42.00	39.50	39.50	35.00	28.00	25.50	24.00	25.00	26.50	31.50	30.50	28.00	27.00	26.50	26.00	27.00	30.00	39.00	46.50	47.50	51.00	51.50	53.50	56.50	58.50	59.50	59.50	59.00	57.00	58.00	56.00	55.00	54.00	54.00	53.00	51.50	49.50	47.50	46.00	46.00	45.00	45.00	45.00	46.50	47.50	48.00	48.50	50.50	51.00	51.00	50.00	48.00	47.50	43.00
9.50	9.00	7.50	9.50	7.50	8.00	8.50	7.00	7.00	7.50	7.00	6.00	7.50	8.50	8.50	7.50	7.00	8.00	9.50	11.00	12.00	11.50	11.50	12.00	12.50	11.00	7.50	4.00	6.00	7.00	7.50	9.00	7.50	11.50	9.50	10.50	11.00	14.50	15.50	13.50	14.50	13.50	17.00	17.00	13.50	9.00	10.00	10.00	9.50	6.50	8.00	7.00	7.00	9.50	14.00	11.00	8.00	9.00	7.50	7.00	6.00	7.00	8.50	10.50	11.00	14.00	15.00	14.00	14.50	14.00	14.50	16.50	18.00	19.00	20.00	21.00	29.50	33.00	33.00	29.00	32.50	34.50	27.50	30.50	35.50	39.50	35.50	32.00	34.50	38.00	44.00	45.00	36.50	31.00	30.50	32.00	30.00	29.50	28.00	24.50	27.00	29.50	20.00	14.50	21.00	32.50	34.50	32.00	31.00	32.00	35.00	40.50	45.00	46.50	44.00	46.50	46.00	47.00	51.00	53.00	51.50	48.50	44.00	43.50	46.50	42.50	42.00	42.50	45.50	46.50	49.50	45.00	42.50	45.00	42.50	36.00	37.50	37.50	41.50	47.50	45.50	45.00	43.50	40.00	37.00	42.50	49.50	58.00	63.00	62.00	51.00	45.50	45.50	45.00	37.50	40.50	44.50	40.00	33.50	24.50	18.00	14.50	13.50	10.50	14.00	26.00	42.50	48.50	50.00	55.50	62.00	58.50	54.00	53.00	46.00	35.00	25.50	21.00	24.00	30.50	26.50	20.50	20.00	20.00	21.00	21.50	22.00	22.00	21.50	22.00	26.50	31.50	39.00	50.50	61.00	65.00	62.00	56.50	60.50	65.00	64.50	57.00	50.00	53.00	55.00	48.50	36.00	32.50	27.50	26.50	29.00	33.00	31.00	29.00	27.00	27.50	27.00	27.00	29.00	34.50	43.50	47.00	49.00	50.50	52.50	54.50	57.00	58.50	60.00	59.00	58.50	58.00	57.50	56.50	56.00	55.00	54.50	53.50	52.50	49.50	47.00	47.00	45.00	45.00	45.00	45.00	46.50	47.00	47.50	48.00	48.50	49.00	48.00	48.00	46.50	43.50
9.50	8.50	7.75	9.50	6.75	8.75	9.00	8.00	7.25	7.75	8.25	7.00	8.00	8.25	8.50	8.00	8.00	8.25	8.50	10.25	13.25	11.50	10.50	10.50	10.00	8.00	6.25	5.00	6.25	7.00	7.25	8.50	7.25	11.25	11.00	11.25	10.50	12.25	14.50	13.75	16.25	15.75	19.50	17.50	11.25	7.75	7.75	7.50	8.00	7.00	8.00	6.75	6.75	8.75	11.25	9.00	8.25	10.00	8.50	7.75	6.00	7.25	8.50	9.50	11.25	14.00	16.25	13.75	13.50	11.50	12.00	14.75	17.00	19.75	22.50	23.25	30.75	33.75	29.75	25.50	29.00	30.50	25.25	29.75	33.50	34.50	32.50	35.50	37.25	40.75	45.75	43.50	34.50	29.50	28.75	31.00	27.00	27.25	26.50	21.75	22.75	24.25	16.75	15.50	22.00	32.50	33.75	28.25	25.50	27.25	32.00	36.50	39.75	43.00	44.75	45.75	45.50	46.75	49.00	48.50	46.50	45.50	43.00	39.50	40.75	36.75	38.50	43.50	48.50	48.50	50.75	47.75	46.25	48.75	44.25	38.25	41.25	42.50	44.75	49.25	48.75	48.25	47.50	44.75	41.75	44.25	48.25	54.25	59.00	59.00	48.00	44.25	47.50	48.00	38.75	37.50	39.75	34.50	28.25	21.00	16.75	15.00	14.75	13.25	15.25	23.00	35.75	42.50	45.50	48.00	55.75	53.50	47.00	46.75	41.75	31.00	23.00	19.50	21.75	28.50	25.25	20.75	21.75	21.75	20.75	21.00	21.50	21.75	21.75	22.25	31.00	37.50	45.00	54.75	63.50	66.25	64.25	59.25	61.75	67.25	66.50	60.25	54.00	55.00	54.75	49.00	38.25	34.50	30.50	29.00	31.25	34.00	32.25	29.50	27.50	28.00	27.25	27.00	28.00	31.25	38.75	44.25	47.75	49.50	51.50	52.75	55.00	56.50	57.75	57.50	57.50	57.00	58.00	57.75	57.50	56.50	55.75	54.75	53.75	50.50	47.25	47.00	45.25	44.75	45.00	45.00	45.75	46.75	47.25	47.50	47.75	48.00	47.50	47.25	46.00	43.50
8.25	7.00	8.00	8.75	8.50	10.00	9.50	8.50	7.00	7.75	7.00	7.25	8.25	8.00	8.75	8.25	8.75	9.75	9.25	10.00	10.75	9.75	8.50	7.50	6.50	5.00	5.50	5.25	6.25	7.50	7.00	7.50	7.50	10.50	13.50	12.50	10.75	10.75	13.25	13.75	16.75	17.00	20.75	15.50	8.50	7.00	5.75	5.00	6.00	7.50	9.00	9.50	9.00	10.00	10.25	9.25	10.75	11.50	9.75	9.75	8.50	10.25	11.75	10.75	10.50	10.75	14.50	12.50	12.25	11.25	12.50	16.00	17.75	20.00	24.50	26.25	31.75	31.25	22.75	19.50	22.00	23.00	23.00	27.25	29.25	30.00	32.25	40.75	42.25	45.00	47.50	42.50	33.00	27.50	23.25	24.25	20.75	21.75	19.75	15.50	15.00	14.75	11.25	15.25	22.25	29.50	29.00	21.50	18.75	20.75	26.00	29.25	31.25	36.00	41.75	41.75	44.25	46.50	45.25	41.25	38.25	39.25	40.50	36.00	31.25	29.50	35.75	45.00	51.25	50.25	50.75	49.00	49.75	51.00	48.25	43.25	46.75	48.75	49.00	49.00	49.00	49.75	52.75	52.50	49.25	47.00	46.25	50.25	54.50	55.00	47.50	47.00	51.25	53.00	43.50	35.25	33.00	26.75	21.75	18.25	17.00	16.75	17.00	17.50	18.75	22.00	30.50	38.00	43.25	41.25	46.25	44.25	34.00	32.75	30.00	23.50	20.75	19.50	22.00	30.25	28.50	23.75	26.75	26.75	24.50	22.00	21.50	21.25	22.00	23.00	34.50	42.25	52.75	60.50	66.25	67.25	67.00	65.75	64.75	69.75	69.75	64.50	58.25	56.75	52.75	48.75	45.25	42.00	37.75	35.25	36.00	36.00	34.00	30.75	29.50	28.75	27.50	27.00	27.00	27.25	30.75	37.25	42.75	46.50	49.25	49.75	51.75	53.00	54.50	55.00	55.50	54.50	57.00	58.00	58.75	58.50	58.00	57.50	56.50	52.75	48.00	47.50	45.25	44.25	44.25	44.25	45.00	45.75	46.00	46.50	46.00	46.25	46.25	45.75	45.00	43.75
8.25	7.75	8.25	9.25	11.25	10.50	9.75	8.25	7.00	8.25	6.00	6.50	8.25	7.75	8.50	8.00	8.50	10.00	11.00	10.25	8.25	7.25	6.75	6.00	6.00	6.00	6.75	6.25	6.75	8.00	7.00	7.25	8.00	9.25	12.75	12.25	12.50	13.00	14.50	15.75	17.00	15.75	15.50	11.25	8.50	7.50	6.75	6.25	5.75	7.25	10.25	13.25	11.75	12.50	13.50	15.25	15.75	15.00	13.00	12.50	11.00	14.00	17.25	17.00	13.75	10.50	11.50	9.75	9.75	11.00	14.25	18.00	18.50	19.00	22.75	24.25	26.50	23.75	17.75	19.50	21.75	22.00	26.25	29.25	31.50	34.25	37.00	40.00	41.50	44.50	45.75	43.50	35.00	27.00	16.00	14.75	13.25	15.00	13.50	13.00	13.50	13.25	11.75	13.75	19.00	21.75	21.00	19.75	20.75	23.00	26.75	29.00	29.50	32.25	37.00	39.50	43.75	44.25	39.50	34.75	32.25	32.75	36.25	35.75	27.00	26.75	34.00	41.00	46.25	46.25	45.25	44.00	47.00	45.25	48.75	46.75	46.75	47.75	48.75	45.75	42.25	43.00	49.25	52.50	48.75	44.00	42.50	48.25	54.00	55.25	53.75	53.00	51.50	51.75	45.75	37.75	31.25	24.75	22.00	20.50	20.25	20.50	19.75	20.75	22.75	26.75	35.50	43.75	52.00	50.75	46.50	39.25	28.25	23.25	21.50	20.00	22.50	25.75	30.75	39.50	39.75	29.50	29.50	31.75	33.75	28.25	23.50	22.00	22.50	23.25	28.50	34.25	48.75	56.75	60.25	60.25	63.50	69.50	68.75	70.50	69.25	63.75	61.00	61.00	55.00	52.00	55.50	53.00	47.00	43.00	39.75	38.50	36.00	33.25	33.00	30.75	29.50	29.50	28.75	27.25	27.25	30.50	35.00	40.25	45.25	46.50	49.50	50.75	52.75	53.75	54.25	52.75	54.75	56.50	57.25	57.75	58.00	58.25	57.50	54.50	49.00	48.00	45.00	43.50	42.50	42.25	43.25	43.75	44.00	44.75	45.00	45.25	45.25	45.25	45.25	44.50
9.50	9.50	8.50	10.50	11.50	10.50	10.00	8.50	7.50	9.00	7.50	6.50	8.50	7.50	8.00	8.00	8.50	9.00	11.00	10.00	9.50	6.50	6.00	6.00	6.50	7.00	7.50	8.00	7.50	8.00	7.00	7.50	8.00	8.50	11.00	11.50	13.50	14.50	16.00	18.00	18.50	15.50	11.50	9.50	9.00	7.50	7.50	7.50	6.00	7.00	10.50	14.00	12.00	13.00	15.00	19.00	18.50	18.00	16.00	14.00	11.00	15.00	19.50	21.00	18.00	13.50	11.50	8.00	7.50	8.50	13.00	17.00	17.50	18.50	21.50	21.50	21.50	19.50	16.50	22.00	25.00	24.50	29.50	33.00	36.00	38.00	39.00	37.50	38.50	42.50	44.00	44.00	36.50	27.00	12.50	11.00	9.00	11.50	12.50	14.00	15.50	16.00	14.50	13.50	16.50	17.00	17.00	21.00	24.00	27.00	30.50	32.00	31.00	32.00	36.00	40.50	44.00	42.00	35.50	31.00	29.50	29.50	33.50	35.00	26.50	25.50	31.50	36.50	41.50	42.50	41.00	40.50	44.50	41.00	47.00	47.50	45.00	45.50	47.50	44.50	38.50	38.00	44.50	49.50	45.50	40.00	39.50	46.50	54.00	56.50	57.50	55.00	50.00	48.50	44.50	39.50	31.50	25.00	23.50	22.00	22.00	23.00	21.50	22.50	24.50	29.50	39.00	48.00	58.50	59.50	50.00	38.50	28.50	21.50	20.50	20.00	24.00	30.50	37.00	45.00	46.50	32.50	29.00	33.50	39.00	33.00	25.00	23.00	23.00	23.00	23.50	27.50	43.00	51.50	54.00	53.50	59.50	69.50	71.00	71.00	67.50	62.00	63.50	65.50	59.00	56.00	61.00	58.50	52.00	47.00	41.00	40.00	37.50	35.00	35.00	32.50	31.50	32.00	30.50	28.00	27.00	28.00	31.00	36.00	42.50	44.50	48.50	50.00	52.00	53.50	54.00	52.50	54.00	56.00	56.00	56.50	57.00	57.50	57.00	55.00	49.50	48.00	45.00	43.00	41.50	41.00	41.50	42.50	43.00	43.50	45.00	45.00	45.00	45.50	46.00	45.00
14.25	13.50	8.25	11.00	8.25	8.00	7.25	7.25	8.75	8.50	8.25	6.75	6.50	7.75	8.00	9.50	8.00	7.00	9.50	8.75	9.50	7.50	6.50	7.50	6.25	6.00	6.50	8.00	7.75	6.00	5.25	4.50	5.25	7.50	7.75	9.50	10.00	11.75	12.25	12.00	15.25	12.00	8.25	8.00	7.75	8.00	9.00	10.50	11.75	9.50	8.00	6.75	6.50	5.75	7.50	10.25	14.50	17.00	17.25	19.50	20.25	18.50	17.00	19.75	23.25	22.00	20.50	14.75	13.25	13.00	13.25	13.25	15.00	15.50	14.50	13.50	16.75	16.25	21.25	24.50	27.00	29.25	32.75	35.00	34.00	30.50	30.00	32.75	36.00	39.00	36.25	29.75	21.50	15.00	14.25	17.50	19.50	22.25	20.75	16.75	15.75	20.50	26.75	30.75	32.50	29.75	27.00	24.00	29.00	32.25	31.50	31.75	29.50	27.00	32.75	38.00	39.50	34.75	29.50	24.75	19.00	17.00	21.25	26.00	26.50	28.75	28.50	31.25	32.75	32.25	31.00	31.25	31.50	27.50	32.50	35.75	33.50	32.75	38.00	38.50	35.25	34.25	35.25	37.00	37.25	41.00	43.75	45.00	45.50	46.00	49.50	45.75	40.75	40.25	45.00	46.25	35.50	30.25	33.75	37.75	37.25	33.00	31.00	34.25	41.00	47.00	49.75	53.00	58.50	55.50	45.00	39.00	33.50	32.50	35.00	40.00	45.50	47.00	46.75	50.25	46.25	33.75	34.50	42.50	50.00	46.00	38.50	31.75	24.75	22.75	22.00	22.00	26.50	30.25	36.25	43.25	50.25	60.50	66.00	67.25	63.50	63.00	69.50	71.25	65.25	61.75	59.75	60.00	60.75	56.50	47.00	42.50	41.00	39.75	40.25	42.00	43.00	44.50	45.25	42.50	35.00	29.00	27.00	29.00	34.50	37.00	42.75	46.25	49.00	51.50	52.25	51.50	52.75	54.00	53.50	53.50	52.50	52.00	51.50	49.25	46.50	45.50	41.50	40.00	41.00	41.50	41.50	41.50	41.50	41.25	43.25	44.25	44.75	45.00	45.00	44.25
17.50	15.50	8.00	10.50	8.00	8.00	7.00	7.50	10.50	10.00	8.50	6.50	7.00	6.50	7.00	10.00	9.00	8.50	10.00	8.00	8.00	7.50	7.00	8.00	6.00	5.50	7.00	8.50	8.00	6.50	6.00	4.00	4.50	7.00	7.00	8.00	8.00	9.50	11.00	8.00	11.50	9.50	8.00	8.00	8.00	8.50	11.50	13.50	14.00	9.50	7.00	6.50	7.00	6.00	7.50	8.00	13.00	14.50	15.00	18.50	22.50	21.50	17.00	18.50	22.50	22.50	21.50	16.50	17.00	16.00	14.50	14.00	15.50	15.50	13.50	13.50	21.00	19.50	23.00	25.00	25.50	27.00	31.00	32.50	29.50	26.00	27.50	33.50	34.50	34.50	29.50	22.00	14.50	12.00	17.50	22.00	23.00	26.50	24.00	17.00	15.50	20.50	29.00	36.00	38.00	35.00	32.50	28.00	34.00	36.50	34.50	31.00	24.50	21.00	27.50	33.00	36.00	32.00	28.00	25.00	18.50	16.00	20.50	25.00	28.00	32.00	29.50	31.00	33.00	31.50	28.00	26.00	25.50	22.50	27.50	30.50	29.50	28.50	32.50	33.50	32.50	33.50	34.00	37.50	39.00	42.50	43.50	43.00	41.50	42.50	46.00	42.00	38.00	39.00	46.50	47.00	37.50	33.50	38.50	44.50	44.00	38.00	35.50	39.00	46.50	53.00	55.00	55.50	57.00	51.00	41.00	39.00	35.00	38.00	43.50	49.50	54.00	51.50	48.00	48.00	42.00	32.50	36.50	44.00	51.50	48.50	43.50	37.00	26.50	22.50	21.50	22.00	23.00	25.00	33.00	42.00	48.50	60.00	66.00	67.50	64.00	65.00	70.50	72.50	67.00	63.00	58.00	62.00	63.50	59.50	50.00	44.00	41.00	40.00	42.50	45.50	47.50	49.00	49.50	47.50	41.00	31.00	27.00	27.50	32.50	35.00	41.00	45.00	48.00	50.50	51.50	51.50	52.50	53.50	53.00	53.00	51.50	51.00	50.00	48.00	46.00	43.50	39.50	39.50	43.50	44.00	44.00	44.00	44.00	43.50	44.50	45.00	45.00	45.00	45.00	44.50
16.00	14.50	10.50	7.00	7.50	6.50	6.00	8.00	10.50	14.00	12.50	8.50	8.00	9.50	8.00	8.50	10.00	11.00	7.50	6.50	6.00	8.00	7.50	7.50	6.50	8.50	6.00	6.00	6.50	6.00	4.00	6.00	7.50	7.00	8.00	9.00	7.00	6.50	8.00	9.50	12.50	8.00	6.00	7.00	7.50	11.00	17.50	19.50	14.50	7.50	6.50	6.50	7.50	7.50	7.50	7.00	6.50	8.00	9.50	12.50	19.50	22.50	19.50	16.00	17.50	19.50	20.00	17.50	21.50	19.50	17.50	18.50	20.00	20.00	20.00	20.50	27.00	29.00	30.00	27.50	21.50	17.50	20.00	22.00	20.00	24.00	25.00	24.00	22.50	20.50	16.00	12.00	13.50	17.50	27.00	27.50	26.50	31.50	32.00	25.00	19.50	18.50	24.00	30.50	33.00	32.00	33.00	36.00	41.50	43.00	38.00	27.50	19.50	22.50	28.00	30.50	32.00	26.00	19.50	15.00	13.50	19.50	28.00	34.50	32.00	35.50	37.00	36.50	36.50	26.00	19.50	18.00	18.50	18.50	18.50	18.50	21.00	26.50	33.00	34.50	36.50	34.00	33.00	39.00	44.50	47.50	44.00	38.00	35.00	41.00	46.50	46.00	45.00	44.00	47.00	48.00	45.50	46.50	50.00	53.50	52.00	48.00	44.00	45.50	53.50	59.00	57.50	56.00	52.00	46.00	40.50	36.00	38.00	46.00	53.50	54.50	54.50	52.00	49.50	42.00	34.50	36.50	43.00	47.00	53.00	55.00	53.50	48.50	37.50	28.00	21.00	21.00	21.50	23.00	29.50	36.50	44.00	57.00	58.00	62.50	62.00	62.00	66.00	71.00	68.50	65.50	62.50	68.50	68.50	65.00	58.00	51.00	46.50	43.50	43.50	47.50	50.00	52.50	52.00	50.50	48.00	39.50	29.50	27.00	28.50	32.00	38.50	44.00	46.50	48.50	50.50	50.50	51.50	52.00	51.00	50.00	48.50	47.50	47.00	42.50	39.00	42.00	45.50	47.00	48.00	48.00	48.00	48.00	48.00	47.00	46.50	46.00	46.00	46.00	45.00	45.00
14.50	15.50	19.00	10.50	7.50	6.00	8.50	9.50	10.50	11.00	11.50	7.50	6.00	8.50	8.50	11.50	11.00	13.00	15.00	11.50	7.50	7.00	7.00	7.00	8.00	9.00	8.50	10.50	8.00	8.00	9.50	9.00	9.00	6.50	5.00	5.00	7.00	6.50	8.00	9.50	16.00	13.00	7.50	7.00	7.50	8.00	15.00	15.00	12.00	7.00	5.00	8.50	9.00	6.50	8.00	7.50	7.00	7.00	7.50	11.00	18.00	21.50	21.00	19.00	16.50	16.00	15.00	18.50	21.50	21.50	21.00	21.00	20.00	23.00	22.50	21.50	30.00	30.50	27.00	24.00	19.00	14.50	15.50	15.50	14.50	16.50	13.00	11.50	12.50	13.00	12.50	12.50	21.50	28.50	37.00	35.00	32.50	33.00	31.00	26.50	25.00	23.00	26.00	32.00	34.50	33.50	36.50	41.00	38.00	39.00	32.50	22.50	22.00	31.00	38.00	39.00	38.50	31.00	21.50	12.50	9.50	15.50	27.50	41.00	40.50	38.00	37.50	34.50	29.50	24.00	26.00	26.00	27.00	29.00	26.00	23.50	24.50	27.50	34.50	39.00	40.50	40.00	40.50	41.50	43.50	41.00	34.50	29.50	32.50	39.00	41.00	39.00	39.00	39.00	41.00	44.00	44.50	47.00	49.50	51.00	52.00	53.00	49.00	48.00	54.00	55.00	53.00	50.00	43.00	42.50	41.00	37.00	40.50	50.50	56.00	52.50	44.50	37.00	35.00	30.00	29.00	41.50	47.00	49.50	52.50	53.00	53.00	52.50	44.50	34.50	24.00	22.00	20.50	20.50	22.00	26.00	32.50	46.00	48.00	58.50	59.50	57.50	62.50	69.00	68.50	67.00	64.50	68.00	65.00	64.00	59.00	54.00	48.50	46.00	47.00	49.00	51.00	54.50	54.50	52.50	49.00	44.50	35.00	28.50	27.00	30.00	36.00	41.50	46.00	47.00	48.50	48.00	49.50	49.00	48.00	47.00	47.00	44.50	39.50	41.00	45.50	47.50	48.00	48.50	49.00	49.00	49.00	49.00	49.50	48.50	47.50	47.00	46.00	46.00	45.50	45.00
15.75	16.25	18.25	12.25	9.00	7.50	9.50	9.25	10.75	12.75	12.00	9.75	9.00	8.25	8.75	10.00	10.25	12.00	12.75	10.75	8.75	7.75	6.75	7.75	9.00	9.25	7.75	8.50	8.00	7.75	9.00	9.75	9.75	7.50	6.75	5.25	6.00	5.75	8.50	10.50	12.75	9.75	7.50	7.75	8.00	7.25	12.00	11.75	9.25	6.25	5.75	8.25	8.25	6.00	7.25	7.25	6.75	7.00	7.25	11.00	17.75	19.50	19.50	18.75	17.75	17.75	16.25	18.75	22.25	23.25	23.00	22.75	21.75	23.25	20.50	19.00	27.00	27.75	23.00	18.75	14.75	12.50	15.50	15.75	13.00	12.00	9.25	12.25	14.25	15.75	16.75	15.00	21.25	28.75	36.75	36.25	31.75	29.75	25.75	21.75	23.00	24.50	28.50	33.50	34.25	33.50	35.00	39.25	38.50	37.75	30.00	21.00	22.00	30.25	38.00	40.50	41.25	35.25	25.00	15.25	11.00	13.00	23.00	37.00	38.75	36.25	34.50	29.25	24.50	26.00	30.00	30.25	29.00	31.50	30.50	27.75	27.50	29.25	33.25	37.50	41.00	43.75	43.50	40.25	38.75	35.00	29.75	26.00	29.00	33.25	34.25	32.25	32.00	32.75	34.25	37.50	39.00	42.50	45.50	48.25	51.00	52.25	50.00	50.50	54.75	55.00	52.50	49.00	42.25	42.25	43.00	40.50	41.50	48.75	54.25	51.25	41.75	31.50	29.00	26.00	26.75	37.50	42.00	45.50	48.75	50.25	53.00	54.75	46.50	36.25	24.75	22.00	21.50	21.25	21.50	23.50	27.25	40.00	44.50	55.75	59.25	59.50	62.00	66.00	67.25	67.25	66.25	66.25	61.00	60.50	59.00	58.50	51.75	46.25	47.00	49.00	50.75	54.25	55.50	52.75	49.50	45.25	36.75	29.75	27.00	29.75	35.25	40.25	44.75	46.50	47.25	47.00	47.75	48.00	47.25	45.75	44.00	41.75	40.75	43.50	46.25	48.00	49.25	49.75	50.75	51.00	51.00	51.50	51.25	49.75	48.00	47.00	46.50	46.00	45.75	45.00
17.50	18.00	17.25	15.50	12.00	12.00	10.50	8.75	10.50	13.25	11.25	10.00	10.50	8.75	9.00	8.25	8.75	9.50	9.00	8.50	8.75	8.00	7.50	8.00	9.00	9.00	7.75	7.25	7.50	7.25	9.50	11.00	9.50	7.75	7.75	6.00	5.50	5.00	9.25	10.75	8.25	7.50	7.75	8.00	8.25	7.00	7.75	6.75	5.75	5.25	6.25	7.50	7.00	6.00	6.75	6.75	6.50	7.00	7.25	9.75	14.25	15.00	17.00	19.00	19.50	20.00	19.50	21.75	26.25	27.25	25.75	23.75	22.00	21.75	16.75	15.00	20.75	22.50	17.75	13.75	10.50	9.75	13.75	14.25	11.00	8.25	6.50	11.50	13.00	16.50	20.75	20.00	22.75	28.25	33.25	32.75	25.25	21.00	16.50	13.25	16.75	20.25	25.00	28.25	27.00	27.25	28.75	34.00	35.75	34.50	26.25	18.25	19.75	26.00	33.25	37.25	40.75	39.00	32.00	22.75	15.25	9.75	13.25	24.50	27.25	25.00	22.50	17.00	15.25	26.25	33.50	34.50	31.50	32.50	31.50	29.25	28.50	29.50	33.25	37.50	41.75	45.50	42.50	34.75	30.25	26.25	23.75	20.00	21.50	23.00	23.25	20.25	19.50	21.00	24.00	28.25	32.25	37.00	41.25	44.50	48.00	49.75	51.00	53.00	54.00	51.75	47.50	44.25	43.00	45.00	46.50	47.75	46.25	49.00	53.25	49.00	37.75	24.75	22.00	21.50	23.00	27.75	31.00	38.25	44.25	49.50	55.50	56.25	45.00	35.50	24.25	22.00	21.75	21.50	21.75	22.00	22.00	30.00	37.25	46.25	53.75	58.50	58.50	62.50	65.75	65.25	64.50	62.00	59.75	60.50	62.00	64.25	58.00	51.00	50.00	50.50	50.50	52.75	55.25	52.75	50.00	46.00	39.50	32.00	27.50	29.75	34.25	38.00	41.75	43.75	44.00	44.00	44.00	44.25	43.00	41.25	40.25	41.25	44.00	46.50	47.75	50.00	51.75	52.50	54.25	54.50	55.25	55.75	54.00	52.25	49.25	47.50	47.00	46.25	46.00	45.25
17.25	17.75	16.00	15.75	13.25	15.50	13.50	11.25	11.00	11.00	8.50	8.25	8.75	9.75	9.25	9.00	9.25	9.00	7.25	7.25	7.75	7.25	8.00	6.75	7.00	7.25	8.00	7.75	6.50	7.25	11.75	9.75	8.00	6.75	6.75	6.25	6.50	5.25	7.25	8.00	6.50	8.00	9.25	8.25	8.75	7.00	6.50	5.25	5.25	6.75	9.75	9.75	8.25	7.00	7.50	6.25	6.50	7.25	8.25	8.75	9.00	10.50	16.75	21.75	20.75	19.75	21.75	25.50	29.50	28.50	24.00	19.25	17.50	16.50	13.00	12.25	16.75	20.50	20.00	18.00	13.25	11.00	13.50	12.75	10.00	8.50	8.50	10.25	9.50	12.50	17.00	20.75	26.50	28.25	26.25	23.00	16.00	12.25	9.25	6.25	9.00	12.00	15.00	15.75	14.00	16.25	18.50	25.00	27.25	28.50	24.00	18.25	20.00	25.25	29.75	32.75	36.25	36.75	35.50	30.25	22.00	14.25	10.75	11.75	11.25	10.25	9.00	7.00	8.00	18.50	28.50	32.00	29.25	26.50	25.75	26.00	27.25	29.25	35.50	41.00	42.75	40.25	34.75	26.50	24.75	21.75	18.50	14.50	14.50	16.25	16.50	10.75	10.00	10.75	15.50	26.75	35.75	40.00	42.50	43.75	45.25	46.75	49.50	52.25	52.75	48.25	43.50	40.75	43.50	47.00	48.25	51.00	52.75	54.25	55.00	48.75	37.25	24.25	20.75	20.50	21.00	21.75	25.25	35.25	45.50	54.75	60.00	55.00	41.00	32.50	22.25	21.50	21.00	21.50	22.00	22.50	22.50	24.75	31.00	39.25	48.00	52.75	54.25	61.75	65.75	62.75	61.75	62.00	65.25	67.00	66.75	65.50	60.75	56.25	54.25	52.25	49.75	49.75	51.75	51.00	49.00	45.75	40.75	34.00	29.00	30.25	34.00	36.75	39.00	40.25	40.50	40.50	40.00	39.75	39.50	40.75	42.50	45.25	46.50	48.25	50.00	52.50	53.75	54.75	56.75	57.00	57.75	57.25	55.25	54.00	51.00	48.75	47.50	46.75	46.25	45.75
15.75	16.50	16.25	15.25	14.75	16.75	18.00	17.00	13.75	10.50	8.50	8.75	8.00	10.25	9.00	9.25	9.50	9.75	8.25	9.00	8.25	7.25	7.50	7.00	7.50	7.50	7.50	7.50	6.75	8.25	10.50	7.50	6.50	6.50	7.00	6.25	8.00	6.75	6.50	6.50	6.75	7.00	9.75	8.75	10.00	7.00	6.25	6.25	6.50	12.00	18.00	17.00	14.00	10.25	9.75	9.25	9.50	8.50	8.00	8.00	6.75	8.00	16.00	22.00	19.25	18.25	23.50	26.75	28.00	20.50	15.00	12.00	11.50	10.00	8.50	8.00	13.50	19.75	23.00	21.50	14.75	11.25	13.00	12.50	9.50	8.25	9.50	11.00	9.25	10.25	11.50	14.75	22.75	23.50	17.00	13.00	10.50	8.50	5.75	3.25	7.25	12.50	12.50	9.50	7.50	10.50	11.50	14.25	16.75	18.75	18.75	19.50	25.25	31.75	34.00	35.00	36.00	34.25	34.75	32.50	27.00	22.00	17.75	10.75	7.50	5.75	4.75	4.00	4.50	8.75	17.50	24.00	22.75	22.00	25.75	27.00	29.25	31.00	36.25	41.00	40.25	36.25	31.25	22.75	22.25	18.00	12.75	10.00	10.00	11.50	11.50	6.25	6.00	6.50	12.25	31.00	40.25	41.75	41.75	41.75	41.25	41.50	43.50	46.50	50.25	50.00	48.50	45.75	43.75	45.50	50.25	49.50	56.25	58.00	54.50	47.00	36.50	26.25	21.25	19.75	20.75	24.25	28.75	36.25	47.50	58.50	62.00	56.00	43.00	34.00	24.00	21.75	21.25	21.50	21.25	22.00	22.25	22.75	27.25	40.50	48.00	49.00	52.25	60.00	65.00	63.00	63.00	65.25	67.75	68.50	65.75	61.50	58.50	58.75	57.00	53.00	48.25	46.75	48.25	48.25	47.50	44.75	40.75	35.50	31.00	31.00	33.75	36.50	37.50	38.00	38.25	38.50	38.25	39.75	42.00	45.25	46.25	47.25	48.25	51.00	52.25	54.25	55.50	56.25	57.75	58.00	57.75	57.00	55.75	54.50	52.75	50.50	48.75	47.00	46.75	46.00
16.75	16.50	17.25	16.25	16.75	16.75	18.25	19.50	16.00	12.25	10.25	8.75	9.00	9.75	8.75	8.25	8.00	8.25	8.00	10.25	9.00	8.00	7.25	7.50	8.50	8.50	7.50	7.50	8.25	9.75	8.25	7.50	6.75	6.00	7.00	6.25	8.00	8.25	8.75	7.25	7.75	6.50	7.75	8.00	10.25	7.75	6.75	8.25	9.50	16.25	21.50	21.25	19.25	16.25	15.75	17.00	17.00	13.75	8.50	7.00	6.50	7.75	12.50	16.00	15.50	18.75	27.00	27.50	21.75	9.25	6.75	7.75	8.50	6.25	6.00	5.75	10.75	15.50	17.75	16.50	11.25	8.75	9.50	11.25	10.00	9.00	9.25	11.00	9.75	10.25	9.75	9.75	13.75	14.50	10.00	8.00	7.75	7.25	6.00	5.75	9.75	14.50	13.50	9.25	8.75	9.75	9.00	8.50	9.25	10.50	12.25	18.25	27.25	33.50	33.00	32.75	33.00	30.00	32.50	32.75	29.50	26.25	22.75	15.00	11.25	9.25	8.25	6.50	5.25	5.25	10.50	17.00	17.25	20.00	23.00	22.50	27.00	31.25	34.25	35.75	34.25	34.00	31.25	22.25	20.25	17.75	16.00	12.75	11.75	12.50	12.25	8.50	7.50	9.75	20.00	34.50	36.75	31.75	30.75	32.25	30.75	30.50	32.50	36.50	43.25	50.25	53.50	53.50	49.25	48.25	54.75	51.75	57.75	59.00	53.00	44.50	35.75	28.25	23.25	21.75	24.50	33.50	38.00	39.75	46.75	54.50	56.75	55.25	46.75	37.75	26.25	22.00	21.75	21.50	21.25	21.25	20.75	21.50	26.25	41.50	48.00	50.00	52.25	56.25	62.00	64.25	64.75	64.50	64.75	64.25	59.75	54.50	57.00	62.00	57.75	52.00	46.50	44.25	45.50	45.50	46.00	43.50	40.50	36.50	33.00	32.75	34.00	37.00	37.25	37.00	38.00	38.50	39.00	43.00	45.50	47.00	47.50	49.00	51.00	53.00	53.75	55.75	56.75	57.50	58.00	57.75	57.25	57.00	56.00	55.00	54.00	52.50	50.75	47.75	47.25	46.50
18.50	16.50	17.00	16.50	17.00	16.00	17.00	19.00	16.50	13.50	10.50	8.50	10.50	9.00	9.00	8.00	7.50	7.00	6.50	10.00	9.50	8.50	7.00	7.00	8.00	8.00	7.50	7.50	9.00	10.50	8.50	8.00	8.00	5.50	6.50	6.00	7.00	8.50	9.50	7.50	8.00	6.50	6.50	7.50	10.00	8.00	7.50	9.50	11.50	17.00	20.50	21.00	20.50	19.50	20.00	21.50	21.50	18.00	10.00	7.00	6.50	8.00	10.50	12.00	14.00	20.00	29.00	28.00	17.00	5.00	5.00	7.00	8.50	5.50	6.00	6.50	10.50	12.50	13.00	12.00	9.00	8.00	8.00	10.50	10.50	9.50	9.00	10.50	10.00	10.50	10.00	9.00	10.50	11.00	8.50	8.00	7.00	6.50	6.50	8.00	10.50	13.50	13.00	9.50	10.50	10.00	8.00	8.00	7.00	8.00	10.00	17.00	26.50	31.50	29.00	28.50	29.00	26.50	31.00	33.50	31.00	28.00	23.50	16.00	12.50	12.00	11.50	9.00	6.50	5.50	10.00	15.50	15.50	18.00	18.00	16.50	23.50	31.00	32.50	32.50	31.50	32.50	31.00	21.50	19.00	19.50	21.00	17.00	15.00	16.00	15.50	11.00	9.00	12.50	26.00	35.00	33.50	24.00	22.00	25.00	23.50	23.50	26.00	31.50	39.00	48.50	54.00	56.50	53.50	51.50	57.50	55.00	58.50	59.50	53.00	44.50	36.50	29.00	24.50	24.00	28.00	40.00	44.00	42.50	46.00	50.00	51.50	53.00	48.00	39.50	26.00	21.50	22.00	22.00	21.50	20.50	20.00	21.00	26.50	41.00	47.50	52.00	53.00	54.00	60.00	65.00	66.00	63.00	62.00	61.50	56.50	51.50	57.50	63.50	57.00	50.50	45.50	43.00	44.00	44.00	45.00	43.00	40.50	37.00	34.00	34.00	34.50	37.50	37.50	37.00	38.50	39.00	39.50	44.50	46.50	47.00	48.00	50.50	52.50	53.50	54.50	56.50	57.00	58.00	58.00	57.50	57.00	57.00	56.00	55.50	54.50	53.50	52.00	48.50	47.50	47.00
17.50	19.00	18.50	17.50	18.50	20.50	21.00	21.00	17.50	16.50	20.50	22.00	19.50	14.00	8.00	5.00	6.50	7.50	10.00	11.00	10.00	10.00	12.00	12.00	12.00	7.00	4.00	5.50	7.50	8.50	7.50	7.00	6.50	7.00	5.50	6.50	8.50	8.50	10.00	7.50	7.50	7.00	6.00	7.00	8.00	8.00	8.50	12.00	14.00	16.50	19.00	18.50	18.00	19.00	20.50	22.00	21.50	20.50	16.00	9.50	7.00	6.50	8.50	15.00	18.50	19.50	22.50	16.00	5.00	5.00	5.00	7.50	9.50	10.50	9.50	12.00	11.50	10.00	9.00	6.50	4.50	5.00	6.00	10.50	10.50	9.50	9.50	10.00	10.50	12.50	10.50	8.00	10.00	10.00	10.50	12.50	11.50	12.50	14.50	16.50	16.00	11.50	9.50	8.00	9.50	9.50	7.00	8.00	7.50	6.50	6.00	8.00	14.50	19.00	19.00	17.50	17.00	18.50	26.00	31.00	29.00	28.00	25.50	21.00	16.00	10.00	10.50	12.00	13.00	13.00	15.00	13.00	9.00	8.50	5.00	7.50	15.00	20.00	22.50	27.50	28.50	25.50	27.00	17.50	13.50	21.50	30.50	32.00	32.50	33.50	32.00	29.00	28.50	30.00	31.50	30.50	16.00	5.00	8.00	16.00	17.50	17.00	17.50	22.50	32.00	39.00	44.50	50.50	57.50	59.50	63.50	63.00	65.00	64.00	57.00	48.00	39.00	32.50	30.00	32.50	38.00	51.00	52.00	46.50	43.50	42.00	43.00	44.50	40.00	35.50	25.00	21.00	22.00	22.00	22.00	22.00	22.50	24.50	32.50	46.00	49.50	52.00	57.00	56.50	59.00	65.50	62.00	61.00	62.00	61.50	59.00	52.00	56.00	63.00	57.00	47.00	43.50	42.00	44.00	44.00	45.00	43.00	40.50	37.50	35.00	36.00	36.50	38.50	38.50	38.00	39.50	41.00	41.50	46.00	47.00	48.50	50.50	52.50	53.00	54.50	55.00	56.50	58.00	58.00	57.00	57.00	57.00	57.00	56.00	55.50	54.50	54.00	54.00	51.50	49.50	47.50
17.00	19.50	18.50	21.00	20.50	19.00	19.50	17.50	15.00	17.50	20.00	24.50	22.00	19.00	15.50	12.00	11.00	11.50	11.00	10.00	6.00	8.50	14.50	13.50	14.00	12.50	3.50	3.00	5.50	7.00	8.50	6.50	7.00	7.00	7.50	8.50	9.50	8.50	8.00	7.50	8.50	9.00	8.50	9.00	8.50	6.50	9.00	12.00	14.00	18.50	17.50	13.00	15.50	16.00	17.00	19.00	23.00	22.00	14.00	9.50	7.50	7.00	7.50	10.00	15.00	16.00	13.50	14.00	9.00	5.00	5.00	7.00	8.00	8.00	10.50	10.00	9.00	8.00	5.50	4.50	3.50	5.00	5.00	10.00	12.50	13.00	12.50	13.00	14.50	14.00	12.00	11.50	11.00	11.00	14.00	18.50	22.50	22.50	24.50	28.00	24.50	17.00	13.00	13.50	11.00	13.00	14.00	13.00	11.50	9.00	8.00	9.50	9.50	8.50	9.00	10.00	11.00	11.50	17.50	22.50	24.50	25.00	24.00	20.50	14.00	11.00	10.50	12.00	13.00	14.00	14.50	14.00	10.50	7.50	2.00	2.50	6.50	11.00	17.00	22.50	24.50	19.50	18.50	13.50	15.00	27.00	34.00	36.50	37.00	35.50	33.50	31.00	32.00	31.00	29.00	18.00	5.00	7.00	13.50	14.50	15.50	16.00	17.50	21.50	27.00	33.00	40.50	47.50	55.50	61.50	64.00	65.00	61.50	56.50	51.00	44.00	35.50	31.00	34.00	39.50	45.50	57.50	57.00	47.00	36.50	31.00	32.50	35.50	39.00	37.50	27.00	21.50	21.50	21.00	21.50	22.00	22.00	26.00	37.00	54.00	58.00	55.50	57.50	62.00	64.00	66.00	64.00	66.50	68.50	66.50	61.50	55.50	58.00	62.00	56.00	44.50	42.50	41.00	44.50	45.00	45.50	43.00	40.50	38.50	37.00	37.00	38.50	39.50	40.00	39.00	40.50	41.00	42.50	46.00	47.50	50.50	52.00	53.00	54.00	55.00	56.00	57.50	57.50	57.00	58.00	57.00	57.00	57.00	57.00	56.00	55.50	55.00	54.50	53.00	51.50	48.00
16.00	18.00	18.25	21.00	20.50	18.75	18.00	14.50	13.25	14.00	16.00	21.00	20.25	19.00	17.50	14.75	13.25	12.75	11.75	8.75	6.00	7.50	13.00	12.25	11.25	12.50	5.50	5.50	6.75	8.00	9.00	6.75	7.00	7.00	7.50	9.00	9.50	8.50	7.25	7.25	8.00	8.25	7.75	8.75	8.25	7.75	10.00	11.00	11.50	15.00	14.25	11.75	14.75	16.25	16.25	18.50	22.00	19.75	11.50	8.75	7.50	6.25	7.25	8.50	11.00	11.75	12.00	13.75	12.00	8.75	7.75	9.50	10.00	8.75	9.50	9.50	9.50	8.25	6.00	5.25	5.25	6.50	6.00	11.25	14.25	16.00	15.25	14.50	14.25	13.00	11.75	12.00	13.50	14.25	15.50	19.00	25.25	25.25	27.25	30.50	27.75	21.00	17.50	18.00	14.75	14.25	15.75	17.00	17.25	14.50	11.50	10.75	9.75	8.00	8.25	8.25	9.25	9.75	13.75	17.50	19.50	20.25	21.00	18.50	13.50	12.00	12.00	14.50	16.25	17.50	17.75	17.50	14.25	11.50	6.75	5.50	8.50	12.00	15.25	19.25	19.75	16.25	14.75	14.75	17.75	25.25	30.00	32.75	33.25	31.00	28.50	27.25	28.50	28.50	27.25	18.25	6.75	7.25	11.75	13.00	14.50	16.25	18.75	25.00	30.75	34.75	40.00	46.50	54.00	59.00	60.25	60.00	58.25	54.00	47.50	41.25	37.50	34.75	35.25	42.50	48.25	57.00	56.00	47.00	36.25	30.75	32.25	37.75	43.75	41.75	31.00	24.25	21.75	22.00	21.75	21.50	21.25	23.75	33.00	52.25	59.00	58.50	59.00	62.50	64.00	65.00	64.00	65.50	66.50	64.75	61.25	57.50	61.25	63.00	56.00	45.00	42.50	40.75	44.00	44.50	45.25	43.00	40.75	39.00	37.50	38.00	39.50	40.50	41.00	39.75	40.75	41.00	42.75	46.25	48.00	51.25	52.50	53.50	54.25	55.25	56.00	57.25	57.25	57.00	57.50	56.75	56.50	56.50	56.50	56.00	55.75	55.00	54.75	53.00	52.00	48.25
15.00	16.50	18.00	21.00	20.50	18.50	16.50	11.50	11.50	10.50	12.00	17.50	18.50	19.00	19.50	17.50	15.50	14.00	12.50	7.50	6.00	6.50	11.50	11.00	8.50	12.50	7.50	8.00	8.00	9.00	9.50	7.00	7.00	7.00	7.50	9.50	9.50	8.50	6.50	7.00	7.50	7.50	7.00	8.50	8.00	9.00	11.00	10.00	9.00	11.50	11.00	10.50	14.00	16.50	15.50	18.00	21.00	17.50	9.00	8.00	7.50	5.50	7.00	7.00	7.00	7.50	10.50	13.50	15.00	12.50	10.50	12.00	12.00	9.50	8.50	9.00	10.00	8.50	6.50	6.00	7.00	8.00	7.00	12.50	16.00	19.00	18.00	16.00	14.00	12.00	11.50	12.50	16.00	17.50	17.00	19.50	28.00	28.00	30.00	33.00	31.00	25.00	22.00	22.50	18.50	15.50	17.50	21.00	23.00	20.00	15.00	12.00	10.00	7.50	7.50	6.50	7.50	8.00	10.00	12.50	14.50	15.50	18.00	16.50	13.00	13.00	13.50	17.00	19.50	21.00	21.00	21.00	18.00	15.50	11.50	8.50	10.50	13.00	13.50	16.00	15.00	13.00	11.00	16.00	20.50	23.50	26.00	29.00	29.50	26.50	23.50	23.50	25.00	26.00	25.50	18.50	8.50	7.50	10.00	11.50	13.50	16.50	20.00	28.50	34.50	36.50	39.50	45.50	52.50	56.50	56.50	55.00	55.00	51.50	44.00	38.50	39.50	38.50	36.50	45.50	51.00	56.50	55.00	47.00	36.00	30.50	32.00	40.00	48.50	46.00	35.00	27.00	22.00	23.00	22.00	21.00	20.50	21.50	29.00	50.50	60.00	61.50	60.50	63.00	64.00	64.00	64.00	64.50	64.50	63.00	61.00	59.50	64.50	64.00	56.00	45.50	42.50	40.50	43.50	44.00	45.00	43.00	41.00	39.50	38.00	39.00	40.50	41.50	42.00	40.50	41.00	41.00	43.00	46.50	48.50	52.00	53.00	54.00	54.50	55.50	56.00	57.00	57.00	57.00	57.00	56.50	56.00	56.00	56.00	56.00	56.00	55.00	55.00	53.00	52.50	48.50
15.50	15.00	13.50	16.00	15.50	17.25	15.25	13.50	16.25	16.75	14.25	13.50	14.00	16.00	17.75	18.75	18.25	15.25	12.25	10.00	8.25	6.75	8.00	9.25	7.50	7.25	8.75	10.25	8.00	8.25	8.50	9.00	8.00	9.75	9.00	7.75	9.00	7.75	7.25	6.75	8.50	7.75	9.00	8.50	9.00	8.00	7.00	6.00	6.75	7.00	8.00	12.75	15.25	18.50	20.00	20.50	22.50	23.75	21.00	15.00	8.50	5.00	6.00	6.75	7.00	8.25	9.00	11.75	13.75	20.75	19.50	13.25	8.25	8.25	8.75	8.25	6.50	6.00	5.50	8.75	15.75	19.75	22.00	29.25	30.75	25.75	24.75	17.00	14.25	13.00	13.25	14.25	17.50	21.00	20.50	20.00	23.50	24.00	26.25	29.00	30.50	31.25	35.00	32.25	25.25	17.00	17.25	22.50	29.00	28.00	23.75	19.00	14.75	12.00	8.75	9.25	9.25	7.00	7.00	8.00	9.00	9.00	9.50	12.75	12.75	15.50	15.25	15.00	17.25	24.50	27.25	27.50	27.50	28.25	25.25	21.00	16.25	14.00	14.50	15.25	11.50	12.50	15.00	15.75	15.50	12.75	11.25	13.50	14.75	15.25	15.00	15.00	20.75	21.00	21.00	19.25	17.50	16.50	14.75	12.00	9.25	13.25	18.75	27.50	34.25	35.25	35.00	37.50	43.00	45.75	45.50	40.25	48.50	53.75	53.00	51.50	52.25	47.75	46.00	50.75	54.25	51.50	45.75	40.75	37.25	37.50	39.75	46.50	51.75	48.75	42.00	35.25	23.75	21.25	21.00	21.50	21.50	21.50	21.75	31.00	39.50	48.75	54.00	53.25	54.00	58.00	60.00	58.75	67.75	70.75	67.50	63.75	67.25	68.50	61.00	48.50	44.50	41.50	43.00	43.25	44.75	43.25	41.75	40.50	40.00	42.00	44.00	44.75	45.00	43.75	43.00	41.00	44.00	46.50	48.50	52.50	53.75	54.75	55.75	56.25	57.00	56.75	56.50	56.50	56.75	56.75	56.50	56.50	56.25	56.00	55.75	55.50	54.75	53.00	52.00	48.75
15.00	14.50	12.00	14.50	14.00	14.00	12.50	11.00	15.50	16.50	14.00	13.50	13.50	15.50	17.50	19.50	19.00	16.00	12.00	11.00	9.00	8.50	8.00	9.00	7.50	7.50	8.50	10.00	9.00	7.50	6.50	9.00	8.00	10.50	10.00	8.00	8.50	6.00	6.00	6.00	9.00	7.50	8.50	7.50	8.00	7.50	6.00	5.50	6.50	7.00	8.00	11.50	13.50	17.00	19.50	20.00	21.50	25.00	25.00	19.00	9.00	4.00	5.50	7.00	8.00	9.00	9.00	11.00	14.00	24.00	22.50	13.00	6.50	7.50	9.00	6.50	5.50	5.00	4.50	9.00	19.00	26.00	28.50	35.00	35.50	28.50	26.50	17.00	15.00	14.50	14.00	14.00	17.00	20.50	21.00	21.50	25.00	25.00	25.50	26.50	29.00	30.50	35.50	34.00	27.50	19.00	18.00	22.50	29.50	31.00	27.50	21.50	17.50	16.00	10.50	11.50	11.50	8.00	7.00	7.00	8.00	9.00	9.00	11.00	11.50	16.50	17.00	16.00	16.00	23.00	27.50	28.00	29.00	31.50	31.00	26.00	19.50	15.00	13.00	13.50	11.50	16.00	18.00	13.50	11.00	8.00	7.50	8.50	10.00	11.50	12.50	12.00	17.50	18.00	18.00	18.00	17.50	19.00	17.50	13.00	10.00	14.00	20.00	27.50	31.00	29.00	27.50	30.00	36.00	40.00	41.50	37.50	47.00	54.50	57.50	57.00	55.50	50.50	50.50	54.00	55.00	47.50	42.00	39.50	39.00	39.50	42.00	47.50	49.50	48.00	44.50	37.00	26.00	22.00	20.50	20.50	21.50	22.00	20.50	27.00	35.00	44.00	48.00	45.50	46.50	52.50	56.00	56.00	68.50	71.50	68.50	65.00	68.00	68.50	61.50	49.50	45.00	42.00	43.00	43.00	44.50	43.50	42.00	41.50	41.00	43.50	45.50	46.00	46.00	45.00	43.50	41.00	44.00	46.50	48.50	52.50	54.00	55.00	56.00	56.50	57.00	56.50	56.00	56.00	56.50	56.50	56.00	56.00	56.00	56.00	55.50	55.00	54.50	53.00	51.50	48.50
17.00	16.00	13.00	9.50	11.00	12.00	11.50	11.50	14.50	15.00	14.00	14.50	15.00	18.00	17.00	18.50	20.00	18.50	14.00	12.50	11.50	14.00	10.50	10.50	9.50	9.00	10.50	12.00	12.50	6.50	4.50	5.50	6.50	9.50	9.00	10.50	11.50	8.00	6.50	9.50	8.50	9.00	8.00	9.00	8.00	4.50	5.50	7.00	6.50	5.50	4.50	4.50	7.50	9.00	10.50	14.50	19.00	21.00	18.50	13.00	4.00	3.00	3.00	3.00	8.50	10.00	8.50	9.50	15.00	26.50	28.50	17.00	6.00	5.00	6.00	5.50	5.00	6.00	4.50	5.50	16.00	27.00	33.50	36.50	37.00	35.00	29.50	21.50	23.00	22.00	22.00	20.50	23.00	24.50	28.00	31.00	36.00	35.00	32.00	32.00	33.50	33.50	38.00	37.50	35.50	28.00	22.00	24.00	33.50	38.00	37.00	30.00	22.50	16.50	12.00	17.50	20.50	16.50	16.00	16.00	14.00	13.00	10.50	13.00	13.50	19.00	22.50	21.00	19.50	22.50	26.50	27.00	29.50	32.00	38.50	37.50	32.00	24.50	17.50	11.00	8.50	13.50	16.00	13.00	10.00	7.50	6.00	5.00	5.50	6.00	6.50	8.50	17.50	20.00	18.50	20.00	20.50	22.00	25.00	22.00	19.00	22.00	22.00	23.00	21.50	17.50	14.00	14.50	25.50	33.50	37.50	36.00	46.00	53.00	59.50	63.50	63.00	61.00	60.50	56.00	52.50	39.00	37.00	40.50	46.00	47.00	47.00	53.00	52.50	53.50	50.50	42.50	28.00	24.50	22.00	21.00	21.50	22.00	22.50	28.00	32.00	37.00	38.50	40.00	47.00	53.00	54.00	53.00	68.50	72.50	70.50	67.00	69.00	66.50	59.50	49.50	45.50	42.00	43.00	43.00	45.00	44.50	44.00	44.00	44.00	45.00	46.00	46.50	47.00	46.50	45.00	42.00	44.00	46.50	48.50	53.00	54.00	55.50	56.00	57.00	57.00	56.00	56.00	56.00	56.00	56.00	56.00	55.50	55.00	54.50	54.00	53.00	52.50	50.50	49.00	47.00
16.00	16.00	16.50	15.00	14.50	14.50	15.00	14.00	15.00	15.50	14.00	16.00	16.50	14.50	15.00	16.50	18.00	17.00	14.00	14.50	15.50	15.00	10.00	10.50	8.50	7.50	10.50	13.00	13.00	9.50	9.00	7.00	5.00	6.00	7.50	9.50	9.00	9.00	9.00	11.00	12.00	8.50	6.00	7.00	8.00	6.00	5.50	5.00	5.00	4.00	2.00	3.00	4.00	6.00	6.50	8.00	11.50	12.00	5.00	3.00	3.00	3.00	3.00	3.50	11.00	11.50	10.00	11.50	16.50	24.00	24.00	12.00	5.50	6.50	7.50	8.00	5.50	5.00	5.50	7.00	11.50	22.50	31.00	33.50	32.50	33.00	31.00	28.50	31.50	31.00	29.00	26.50	30.50	30.00	32.00	34.00	37.00	39.50	39.00	40.50	42.00	41.50	40.00	40.00	39.00	37.50	30.50	24.00	32.00	39.00	40.50	32.50	24.50	17.50	15.00	19.50	23.50	22.00	20.50	21.00	22.00	21.50	17.00	16.50	16.00	17.50	22.00	25.50	26.00	23.50	24.50	27.00	30.50	34.00	39.50	40.50	37.50	31.00	23.00	14.50	9.00	7.50	9.50	12.50	14.00	14.50	13.50	10.00	8.50	8.00	8.00	10.00	22.50	27.00	24.50	27.00	30.00	31.50	33.00	30.50	26.00	23.00	20.00	18.50	19.50	18.50	15.50	13.50	18.50	25.50	30.00	33.00	41.00	46.00	52.00	57.50	61.00	63.00	63.00	58.50	51.00	44.50	44.00	46.50	47.00	51.00	50.50	57.00	60.50	61.50	51.00	42.50	32.00	35.00	27.00	20.00	19.50	22.00	22.00	27.50	33.50	40.00	43.50	44.50	55.00	63.00	64.00	59.50	67.00	71.50	71.00	72.00	74.50	70.00	62.00	50.50	46.00	42.00	43.00	43.50	45.00	46.00	46.00	46.00	46.50	47.00	48.00	48.50	48.00	47.00	45.00	42.00	44.00	46.50	47.50	53.00	54.50	55.50	56.00	57.00	56.50	56.00	56.00	56.00	55.50	55.00	55.00	54.00	53.50	53.00	51.50	50.50	49.50	48.00	47.00	42.00
15.25	15.00	14.75	15.25	13.75	14.75	15.75	15.00	15.50	16.25	15.00	17.00	17.50	14.50	14.00	14.00	14.75	15.50	13.75	13.75	15.50	14.50	11.25	11.50	9.75	9.00	10.00	12.50	12.00	10.50	10.75	9.75	7.00	5.50	7.00	7.75	7.25	7.75	8.50	11.00	13.75	12.25	7.25	7.50	8.00	6.25	6.00	4.75	5.00	3.75	3.25	5.00	4.50	5.50	5.50	7.00	9.25	9.25	5.50	3.50	3.00	3.25	4.00	5.50	10.50	10.75	10.50	12.75	15.50	19.00	18.50	10.25	6.50	7.75	8.25	8.25	5.50	5.00	6.00	7.50	11.00	19.25	28.50	31.25	30.50	30.75	29.50	27.25	29.75	31.25	30.75	28.50	29.00	28.00	29.75	31.75	35.50	37.75	38.25	40.50	42.50	41.75	40.50	40.00	39.75	37.50	30.50	26.75	33.50	39.50	40.75	33.50	25.75	18.50	17.25	22.25	26.00	24.00	21.00	20.00	22.00	24.00	21.25	21.00	20.25	19.25	21.75	24.50	26.50	25.25	24.50	26.25	31.25	34.75	37.50	37.00	34.00	28.75	23.50	17.75	12.50	9.00	9.75	12.25	13.75	15.00	15.50	14.25	14.25	14.25	15.00	17.25	25.75	29.50	26.25	27.25	30.75	32.25	33.25	34.25	30.25	24.50	20.75	18.75	19.00	18.50	17.50	16.75	19.75	27.00	34.00	35.00	40.75	44.25	49.50	54.25	55.50	57.75	59.50	58.50	52.75	48.75	48.00	49.25	49.25	53.00	53.50	59.25	60.50	59.50	49.00	41.00	34.00	36.50	27.25	20.00	18.75	20.00	20.75	25.50	32.25	41.00	48.25	50.00	58.00	65.50	68.75	66.25	68.75	72.25	70.25	69.25	73.50	71.00	63.00	51.25	46.00	42.50	43.25	44.25	46.00	46.75	46.75	46.75	47.75	48.25	49.50	50.00	49.75	47.25	45.00	42.00	44.00	46.75	47.75	53.50	55.25	56.25	56.75	57.25	56.75	55.75	55.50	55.50	54.75	54.25	53.75	53.00	52.25	51.25	50.00	49.25	48.25	46.25	44.25	40.75
13.75	13.50	14.00	15.25	13.50	14.50	16.00	16.25	17.00	17.50	17.25	17.75	17.75	14.50	13.75	13.75	12.00	13.25	12.75	12.25	13.75	13.00	11.75	11.00	10.75	10.50	9.25	10.75	11.00	12.00	13.75	14.25	11.75	5.75	6.00	7.25	8.25	8.50	9.75	13.00	16.00	15.25	9.50	8.75	8.75	7.50	6.75	6.00	5.75	4.00	5.50	6.50	5.50	5.50	5.00	6.50	7.50	7.25	7.00	5.50	4.25	4.50	5.75	6.50	9.50	9.00	8.50	12.25	13.75	12.25	11.50	8.75	8.25	9.00	8.50	8.25	5.50	5.25	7.25	8.75	10.50	14.25	20.75	23.75	24.25	23.50	23.25	22.50	23.25	27.25	29.25	28.75	28.25	27.75	29.75	32.50	34.50	34.75	36.50	40.00	43.00	41.00	39.00	40.50	41.00	36.25	31.00	33.25	37.75	40.25	39.25	33.75	26.25	20.75	24.00	29.00	31.25	28.25	24.25	22.25	24.25	26.75	26.50	27.50	27.25	24.75	25.25	26.25	29.00	28.75	25.75	26.00	30.50	33.25	32.75	32.00	30.25	28.00	27.50	25.00	20.50	15.00	14.50	16.25	18.00	20.00	21.50	23.25	24.75	26.00	29.75	32.50	34.75	34.75	29.50	24.25	26.25	28.75	31.25	38.00	36.25	28.25	23.00	18.50	16.50	16.75	19.50	22.50	24.00	31.25	40.75	38.00	41.50	44.25	45.25	46.00	44.00	47.75	53.00	58.00	56.00	56.50	55.25	55.25	54.50	57.75	60.50	63.25	58.00	53.00	44.75	41.25	39.50	40.00	29.00	21.50	19.25	18.75	19.00	21.50	27.25	38.50	52.00	57.25	62.50	68.00	72.75	74.00	70.25	71.00	66.75	64.25	71.25	71.25	63.50	51.75	45.50	44.00	44.75	46.25	48.25	48.50	48.25	48.75	50.25	50.75	51.50	52.00	52.00	47.50	45.00	42.00	44.25	47.00	48.00	54.00	56.00	57.00	57.75	57.50	56.50	55.25	54.50	54.25	53.00	52.00	51.00	50.50	49.50	48.50	47.00	45.75	44.25	41.75	40.50	42.50
13.75	13.25	14.00	13.50	13.50	14.00	15.00	15.50	16.75	17.50	18.00	18.50	18.50	16.25	15.00	14.75	12.75	11.25	10.50	9.75	10.00	10.25	12.00	10.50	10.25	10.25	10.75	11.00	10.50	12.00	14.50	15.50	14.00	7.25	5.50	9.75	13.00	13.75	14.25	17.00	17.50	14.00	8.75	8.75	9.00	9.25	9.00	8.50	7.25	4.75	6.50	6.50	6.50	6.50	6.25	7.00	7.50	7.50	7.25	6.75	6.75	6.50	4.75	4.25	7.50	7.50	5.50	9.00	11.25	9.75	9.50	8.75	8.50	8.75	8.00	7.75	6.50	6.75	8.25	9.50	9.50	9.25	12.00	15.00	16.00	15.75	15.25	15.50	16.50	21.00	25.00	27.00	28.00	28.50	32.00	36.25	37.00	36.50	38.25	39.75	39.25	35.25	32.50	37.25	39.75	36.50	34.75	37.50	38.75	39.00	36.25	32.00	26.25	25.25	32.75	36.00	36.00	31.25	27.75	26.50	27.00	28.50	29.50	29.25	29.50	29.00	29.00	29.25	31.25	30.50	25.75	23.75	24.00	25.25	27.25	29.75	29.75	29.75	31.75	32.25	29.75	24.50	23.25	24.50	26.75	30.75	32.50	34.25	35.25	36.75	40.50	42.50	43.50	40.00	32.00	18.50	16.50	20.50	26.25	35.00	35.25	29.50	24.50	19.25	16.25	16.75	21.50	28.00	33.00	37.25	40.50	36.75	42.50	45.50	41.25	36.50	34.00	39.00	45.00	52.50	55.75	60.00	59.75	60.25	59.75	62.25	65.75	65.25	55.25	48.75	46.00	47.25	46.25	42.25	31.00	23.25	21.25	20.75	20.00	19.75	22.00	31.25	46.00	52.75	57.25	60.50	65.00	68.25	63.75	61.75	58.50	59.75	69.00	71.75	64.00	51.75	45.00	45.75	47.00	48.75	50.25	50.25	49.50	50.50	52.25	52.75	53.50	53.50	53.00	47.50	45.00	42.25	44.50	47.00	48.00	54.00	56.25	57.25	58.00	57.00	55.75	54.75	53.75	52.75	50.25	49.00	48.25	47.75	46.75	45.50	43.00	41.25	40.25	40.50	41.75	46.50
14.75	14.50	14.50	11.00	12.75	13.25	12.75	13.00	14.50	18.75	17.75	17.50	18.25	17.75	15.75	14.00	11.75	9.75	8.50	8.25	7.50	7.00	10.50	11.00	10.00	10.50	12.75	12.75	11.00	12.00	13.75	14.75	13.75	8.50	5.50	10.75	15.00	16.75	17.00	18.50	17.00	11.75	6.50	7.50	8.25	9.25	10.00	10.00	9.75	6.25	7.00	7.00	7.00	6.75	7.00	6.50	6.50	6.50	6.25	5.75	7.75	8.25	4.25	4.00	6.50	6.75	5.50	7.00	9.00	9.00	9.25	7.50	6.50	7.00	7.75	7.75	8.00	7.75	8.75	9.00	7.75	6.00	8.00	9.25	9.00	9.25	8.00	9.00	12.25	16.25	20.25	22.50	23.50	25.50	29.75	34.25	38.50	41.00	43.25	41.25	34.25	27.00	26.00	31.75	35.25	35.50	35.00	34.25	33.00	34.50	34.00	31.00	28.75	30.50	37.25	38.50	36.25	31.75	31.00	30.00	28.25	31.00	33.00	29.00	27.50	28.75	26.75	25.50	27.50	28.50	23.75	20.00	17.00	16.75	20.00	23.50	25.75	28.50	32.00	34.75	34.00	29.75	29.25	32.50	35.50	40.50	43.75	44.75	45.25	46.25	46.00	45.75	43.75	39.00	30.75	16.75	13.50	16.75	22.75	29.50	29.75	29.25	27.00	23.50	21.00	23.00	28.25	35.00	42.25	43.25	37.00	32.75	40.00	40.25	35.00	31.00	33.25	39.50	42.50	46.25	50.75	59.25	62.00	63.00	62.50	62.75	65.25	65.75	57.50	52.25	53.75	53.50	47.75	41.25	32.25	25.75	23.00	22.00	22.00	20.75	20.75	25.50	35.75	41.25	44.00	46.00	51.00	54.00	51.50	51.50	50.75	55.50	65.50	72.00	65.00	51.00	46.50	47.50	49.25	51.00	52.00	51.75	50.25	50.75	53.00	53.75	55.75	54.75	53.75	47.50	45.00	42.50	44.50	47.00	48.00	54.00	56.75	57.75	57.75	56.25	55.00	54.00	52.50	50.75	48.00	47.00	45.50	44.50	43.25	41.50	40.00	40.25	41.50	44.25	45.50	48.00
13.75	14.25	14.75	10.50	12.25	11.75	10.25	11.00	11.75	17.00	16.00	14.75	15.50	17.25	15.00	12.50	10.00	9.50	7.75	8.75	8.50	7.00	8.00	9.75	9.75	11.00	13.25	13.00	12.25	13.25	13.50	14.75	14.25	9.00	5.50	9.00	13.00	15.25	17.75	18.00	15.00	8.75	5.50	6.00	7.00	7.75	8.25	9.50	10.75	6.75	7.75	6.75	7.00	7.00	7.25	6.50	6.50	6.50	6.75	6.50	7.50	7.75	6.25	5.50	6.25	5.75	5.50	6.50	8.00	8.50	8.75	6.50	5.00	5.25	6.50	6.50	8.00	8.00	8.75	7.50	6.25	5.75	7.75	7.50	6.00	5.25	3.75	4.00	7.25	10.00	12.50	13.50	15.00	18.75	23.25	27.50	34.75	40.25	42.50	41.00	34.00	24.75	22.75	27.00	28.75	29.00	28.25	25.00	24.25	26.00	27.50	26.50	27.00	30.00	34.00	34.75	32.50	30.75	32.50	32.75	31.00	33.00	33.75	26.00	23.50	27.75	24.50	20.75	22.25	24.25	21.75	19.00	15.75	14.75	14.50	15.00	18.25	22.00	25.50	28.50	28.25	26.25	27.75	34.00	40.00	44.25	46.00	48.25	49.00	49.25	45.75	43.00	36.25	32.00	26.75	16.25	16.50	21.00	25.75	30.25	31.75	35.75	36.00	32.75	29.75	30.50	34.25	39.75	43.00	42.75	35.00	29.25	33.75	31.25	28.75	29.00	37.25	46.50	49.25	50.00	50.75	57.25	60.00	60.75	61.25	60.00	61.75	65.00	60.50	58.75	60.00	56.50	49.25	42.75	38.25	36.50	31.75	23.75	22.25	21.75	22.00	23.25	28.75	37.50	41.00	41.75	46.50	49.50	46.50	49.75	50.75	54.00	62.00	68.25	62.75	49.75	48.75	49.25	51.75	53.25	53.25	53.00	51.00	50.00	53.00	53.75	56.50	55.25	53.75	47.50	45.00	42.50	44.50	47.00	48.00	54.25	57.25	57.75	57.00	55.50	54.00	52.50	50.50	48.75	46.50	45.00	42.00	40.75	40.50	41.25	42.75	44.25	45.50	47.25	48.25	50.50
12.50	13.00	13.50	11.00	12.00	11.00	9.50	10.50	10.00	13.50	14.00	14.00	14.50	17.00	14.00	10.50	9.50	9.50	7.50	9.00	10.00	8.50	8.00	9.00	9.50	11.00	13.50	13.00	12.50	14.00	13.50	15.00	14.50	9.00	5.50	7.50	11.00	14.00	18.50	18.00	14.50	7.50	5.00	5.00	6.00	7.00	7.50	8.50	10.00	6.00	8.00	6.50	7.00	7.50	7.50	7.00	7.00	7.00	7.50	8.00	7.50	6.50	7.00	6.00	5.50	5.00	5.00	6.50	7.50	8.00	8.00	6.50	5.00	5.00	5.50	5.00	7.50	8.50	8.50	6.50	5.50	5.50	8.00	8.00	6.00	5.00	3.50	2.00	4.50	6.50	8.50	9.00	10.00	14.00	19.00	23.50	31.50	38.00	39.50	39.50	35.00	26.00	21.50	24.00	25.00	25.00	24.50	19.50	19.50	20.50	22.00	22.00	23.50	27.50	30.50	31.50	30.50	30.00	31.50	33.00	33.00	34.00	33.00	23.00	21.00	27.50	24.50	20.00	21.00	22.00	20.50	19.00	16.50	15.50	13.50	12.00	14.50	17.00	19.50	23.00	23.00	22.50	24.50	31.50	40.00	44.50	44.00	47.50	48.50	48.00	43.00	39.00	31.50	28.50	25.00	15.00	18.00	25.00	29.50	33.50	36.50	41.50	42.50	39.00	35.50	33.50	35.50	40.50	40.50	39.50	33.50	27.50	30.00	27.00	26.50	28.00	38.00	49.00	53.50	55.00	54.00	56.00	57.00	57.50	59.50	58.50	60.00	64.00	61.00	62.00	62.00	57.50	52.50	45.50	43.50	45.00	39.50	25.50	22.00	22.00	23.00	23.00	27.00	39.00	44.50	44.50	49.00	52.50	47.50	51.00	53.00	54.50	61.00	65.50	60.50	49.50	49.50	50.00	53.00	54.50	53.50	53.50	51.50	49.50	53.00	53.50	56.50	55.50	53.50	47.50	45.00	42.50	44.50	47.00	48.00	54.50	57.50	57.50	56.50	55.00	53.50	51.50	49.50	48.00	45.50	43.50	40.00	39.00	40.00	43.00	46.00	47.00	47.00	48.00	49.50	52.50
10.50	12.50	11.00	12.50	15.00	17.00	12.50	8.50	10.50	12.50	13.50	14.00	15.50	16.50	16.50	13.00	10.50	10.00	9.50	10.00	11.00	11.00	8.50	8.50	10.50	12.50	13.50	12.00	11.50	12.00	12.00	13.50	14.00	12.00	8.00	12.00	15.00	15.00	19.00	19.00	17.00	13.50	8.50	5.50	5.00	5.00	6.00	7.00	8.50	6.00	8.00	7.00	8.00	8.00	8.50	8.00	7.00	6.00	6.00	7.00	6.50	4.00	3.00	3.00	3.50	5.00	5.00	7.00	7.00	7.00	7.00	6.50	8.00	8.00	6.50	5.00	6.00	7.00	6.00	5.00	5.00	5.00	7.00	7.50	6.50	6.00	4.50	2.50	2.00	2.50	3.00	4.00	6.00	10.50	17.50	23.50	30.00	32.50	33.50	34.00	31.00	25.00	21.00	17.00	16.00	16.50	14.50	8.00	7.00	7.50	10.00	12.00	13.50	18.50	27.00	31.50	32.00	28.50	24.50	22.50	22.00	23.00	23.00	19.50	20.50	25.50	23.50	18.50	21.50	23.50	19.00	15.00	14.50	13.50	8.00	11.50	15.00	17.00	17.00	15.50	14.50	15.00	18.50	29.50	38.00	37.50	36.50	41.50	40.50	36.50	30.00	25.00	19.50	18.00	18.50	15.00	19.00	27.50	33.50	40.50	46.50	53.00	52.00	43.50	36.50	30.00	26.50	30.50	29.00	25.00	23.00	23.00	23.50	25.50	29.50	29.00	31.00	39.50	45.50	51.50	52.00	48.00	51.00	51.50	50.50	52.00	54.50	54.00	56.00	57.50	62.00	64.50	60.50	52.00	53.00	54.50	53.00	34.00	26.00	23.00	21.50	21.00	23.00	35.50	49.00	55.00	60.50	64.50	55.50	53.50	57.50	57.00	61.50	67.00	60.50	52.00	51.50	52.50	55.00	57.00	54.50	54.00	51.50	49.50	51.00	52.00	55.50	55.50	53.50	47.50	45.50	42.50	45.00	47.00	48.50	55.50	58.00	57.50	55.50	54.00	51.50	49.00	47.50	46.50	41.00	39.00	41.00	43.50	46.50	47.50	48.00	49.00	50.50	52.00	53.00	54.00
11.00	8.50	12.50	16.00	14.00	14.00	14.00	13.50	13.50	13.00	14.50	13.50	14.50	14.00	14.00	14.00	13.50	12.00	10.50	13.50	12.00	12.50	14.50	13.50	13.50	15.00	13.50	12.00	12.00	10.50	11.50	15.00	15.00	12.00	7.00	7.50	11.50	15.50	19.00	18.50	19.50	18.00	14.00	12.50	8.50	5.00	5.00	7.50	9.50	8.50	10.50	6.50	7.00	11.00	10.00	6.50	5.50	6.50	7.00	7.00	6.00	7.00	3.00	3.00	5.00	8.00	8.00	9.00	9.00	7.50	5.50	6.00	8.50	9.50	9.50	8.00	6.00	5.00	5.00	5.00	5.00	5.00	6.00	7.00	7.00	6.00	5.00	3.00	4.00	4.50	5.00	5.00	7.50	11.00	19.00	22.00	27.00	28.50	30.00	30.00	26.50	20.50	18.00	12.00	11.00	12.00	11.50	6.00	6.00	6.00	6.00	7.50	9.50	10.00	18.50	24.50	29.50	30.00	27.00	18.50	12.00	10.00	11.50	13.50	16.50	17.50	17.50	14.50	17.00	18.50	15.00	13.50	12.50	13.00	10.50	11.00	13.50	15.50	19.00	20.00	18.50	14.50	15.50	24.50	30.00	28.00	30.50	32.00	27.50	22.50	13.50	9.00	7.00	7.00	9.50	13.00	17.50	23.50	29.00	36.50	43.50	52.00	52.50	45.00	35.50	27.50	21.50	21.00	20.00	19.00	22.50	21.00	24.50	31.00	35.00	33.50	30.50	33.00	36.00	39.00	41.50	42.00	46.50	47.50	51.50	56.50	50.50	44.00	43.00	42.00	50.00	56.50	60.00	57.00	60.00	62.50	62.50	41.00	29.50	23.50	23.00	22.50	22.00	28.00	42.00	55.50	65.00	67.00	66.50	63.50	64.00	64.00	61.00	63.50	60.00	55.50	54.00	55.00	58.00	60.50	57.50	55.50	51.50	50.00	50.00	51.00	54.00	56.50	53.50	49.00	46.00	43.50	45.50	47.00	50.50	57.00	57.50	56.00	54.50	51.50	49.00	47.50	45.00	42.00	39.50	43.00	46.50	47.50	48.50	49.50	51.50	52.50	53.00	54.00	54.50	55.00
12.00	9.00	14.00	16.25	13.50	13.00	13.75	13.75	14.25	14.25	14.25	14.50	16.50	15.00	14.00	14.00	13.75	13.50	12.50	13.25	13.50	13.50	14.50	13.75	13.75	15.00	14.00	12.25	11.25	10.00	10.75	12.50	12.75	11.25	7.75	7.50	9.50	12.25	15.25	17.25	19.25	17.75	14.75	14.50	12.50	7.25	7.25	9.50	11.75	10.50	10.50	6.75	6.75	10.00	9.25	5.50	4.75	6.00	7.00	7.00	7.00	7.75	4.75	3.75	6.00	8.75	8.00	8.25	9.25	8.25	5.75	6.75	10.25	11.25	10.00	9.00	7.00	5.75	5.50	5.00	5.25	5.50	5.50	6.25	7.25	6.00	5.25	3.25	4.00	4.50	5.25	5.75	8.25	10.50	16.00	19.25	26.50	27.50	24.75	22.75	20.50	16.75	15.75	10.75	9.25	10.00	10.50	8.50	6.75	6.00	6.25	8.25	10.00	9.25	14.75	19.00	23.75	25.25	24.00	18.00	12.50	9.25	9.50	10.75	12.50	12.50	13.00	13.75	17.75	19.50	16.75	15.00	15.25	17.00	16.50	16.00	15.50	15.00	17.25	18.75	18.25	14.50	14.50	20.50	24.00	23.00	25.50	26.25	22.00	16.25	9.75	7.50	6.50	6.50	9.00	13.50	17.50	23.25	28.25	35.25	41.50	48.50	50.00	45.25	37.50	28.00	21.75	22.25	24.00	24.25	27.75	24.25	25.50	31.25	36.75	37.50	33.00	32.50	36.00	40.00	43.75	45.00	48.75	50.50	53.25	57.50	52.25	47.00	43.00	40.00	43.25	47.75	52.00	52.25	55.75	60.50	62.50	44.50	31.75	23.50	22.75	22.75	23.00	28.50	40.75	53.00	61.00	63.50	67.25	65.50	65.25	66.00	63.50	64.50	62.00	58.00	56.50	57.25	60.50	63.00	59.75	57.00	52.25	50.75	49.00	50.00	52.25	55.75	53.75	49.50	46.50	44.75	46.00	47.25	51.75	57.50	57.00	55.50	53.50	50.50	48.25	45.75	42.25	40.75	42.75	45.00	47.25	48.25	49.50	51.00	52.25	53.25	53.50	54.50	54.75	55.50
12.25	11.75	16.25	17.75	14.50	12.50	12.25	13.75	15.25	15.25	15.25	15.75	17.25	17.25	16.25	15.50	15.00	15.00	15.50	13.25	15.50	15.00	14.75	14.50	15.25	16.00	16.00	14.25	12.25	11.00	11.00	10.75	10.50	10.25	8.25	9.50	11.50	11.00	10.75	15.00	18.25	17.75	17.00	16.50	16.50	12.50	11.75	12.75	14.50	13.00	12.00	9.50	7.50	7.50	8.25	4.25	3.50	5.50	8.75	9.00	8.25	8.25	8.00	7.75	8.75	9.25	7.75	9.00	12.00	11.25	8.75	10.25	15.00	15.75	12.25	11.00	9.75	9.50	8.75	6.50	7.00	8.50	6.75	6.25	7.25	6.00	5.25	4.25	5.00	5.25	6.00	7.50	9.00	8.75	10.50	13.25	19.75	19.75	14.75	11.75	11.50	10.75	11.50	9.25	7.50	8.00	9.00	10.25	9.00	9.00	9.25	10.00	10.00	8.25	10.50	12.00	14.75	16.50	15.75	13.00	9.50	6.25	5.50	6.75	6.50	5.00	5.50	10.25	17.75	23.00	22.75	21.00	22.75	24.25	24.75	24.50	21.25	17.25	17.00	17.25	16.00	12.75	12.25	15.50	16.75	17.50	17.75	16.75	13.50	8.25	6.00	6.00	6.00	6.00	9.25	16.75	22.00	27.50	32.00	37.50	42.25	48.50	49.25	46.75	40.25	28.25	22.50	26.25	31.75	34.25	38.50	34.00	31.00	34.75	40.50	43.50	37.50	32.00	35.25	42.50	49.00	51.25	54.25	57.00	58.75	60.75	57.25	54.25	47.75	41.50	36.50	37.50	39.25	42.00	45.75	53.25	58.25	47.50	35.75	24.75	22.50	22.75	23.50	28.75	39.00	49.00	55.25	58.00	65.25	66.50	66.25	67.00	66.00	67.00	66.25	62.50	61.00	62.50	65.50	66.00	62.75	60.00	54.75	53.25	49.25	49.75	50.50	54.50	54.50	51.00	47.75	46.00	46.50	48.00	53.50	57.75	56.00	54.00	51.00	48.50	45.75	42.00	40.75	42.50	47.00	47.75	49.25	50.50	51.75	53.00	53.50	54.50	54.50	55.25	55.50	56.00
10.50	13.25	15.50	17.00	14.75	12.25	12.50	13.75	16.00	16.50	16.75	16.50	16.75	18.00	18.75	18.50	17.75	16.50	17.00	15.75	16.25	15.25	16.50	17.00	17.50	17.50	17.00	16.25	14.50	12.50	12.00	11.75	11.75	12.50	9.75	10.00	14.25	14.00	10.00	12.25	16.00	16.50	17.25	16.00	16.75	15.75	14.25	14.50	15.50	13.50	13.75	15.00	11.75	8.00	7.00	3.75	2.75	6.00	12.00	11.75	8.00	7.75	10.75	12.50	12.25	10.50	8.25	12.50	17.50	16.00	13.00	14.50	20.50	21.50	15.50	12.50	12.50	14.25	13.75	10.75	11.00	13.75	10.50	7.75	7.50	7.00	6.00	5.25	6.25	6.50	7.00	8.00	8.50	7.75	8.00	8.75	10.25	10.25	8.50	7.25	7.75	7.50	7.75	8.00	6.75	7.00	8.25	10.00	11.00	12.00	11.50	10.50	9.75	8.50	9.00	9.00	9.25	9.75	8.75	6.50	4.50	3.50	3.25	3.75	3.25	2.75	2.75	6.25	13.75	22.00	25.50	26.00	27.75	27.00	25.75	27.25	26.00	22.50	19.75	18.00	15.50	11.75	11.50	16.25	19.25	21.50	18.75	16.25	13.25	8.75	6.00	6.00	6.00	7.00	13.50	23.25	29.25	35.00	40.00	45.50	47.75	51.50	50.75	47.50	40.75	28.00	21.50	26.00	32.00	35.50	41.00	40.00	37.50	41.75	47.00	47.50	39.75	34.75	35.25	40.75	49.00	56.25	58.75	61.50	64.00	63.50	59.50	55.25	48.75	42.50	38.50	40.75	39.75	40.50	42.00	45.50	48.25	41.00	33.75	25.00	21.75	21.25	22.00	27.75	39.00	48.75	56.25	58.75	63.00	65.75	66.25	65.00	63.75	65.50	66.50	65.25	64.00	65.75	68.00	66.00	64.25	62.50	58.75	57.50	52.25	51.25	51.25	54.50	55.50	52.75	49.25	46.75	47.00	49.75	55.00	57.25	55.00	51.75	48.75	46.25	41.75	41.00	44.25	46.75	48.75	49.75	51.50	52.75	53.50	54.00	54.50	55.25	55.50	55.75	56.25	56.00
9.50	12.50	14.00	15.00	13.50	11.50	14.00	14.00	16.50	18.00	17.00	17.00	17.50	17.50	19.00	20.00	19.50	18.00	17.50	18.00	16.50	15.00	18.00	19.00	18.50	18.00	16.50	16.50	15.00	12.50	12.00	12.00	13.00	15.00	11.50	8.50	13.00	15.00	10.00	10.50	14.50	15.00	16.00	15.50	17.00	16.00	14.50	15.00	16.00	13.50	14.00	18.00	15.00	10.00	6.00	3.50	2.50	6.50	13.50	12.50	7.50	7.50	12.00	14.00	14.00	12.00	9.00	14.50	20.50	18.50	14.50	16.00	23.00	24.50	17.00	13.00	13.50	16.00	16.00	13.50	13.50	16.50	12.50	8.50	8.00	8.00	7.00	5.50	6.50	7.00	7.50	7.50	8.00	8.00	8.00	7.50	7.00	7.50	7.00	6.50	7.00	6.50	6.00	7.00	6.00	6.00	8.00	10.50	11.50	12.00	11.00	10.00	10.00	9.00	8.00	7.50	7.00	7.00	7.00	4.50	3.00	3.00	3.00	2.00	2.00	3.00	3.00	5.00	10.50	18.50	24.00	26.50	28.00	26.50	24.50	26.50	27.00	25.00	21.00	19.00	17.00	12.50	12.00	18.00	23.00	26.00	22.50	19.50	16.00	11.00	6.00	6.00	6.00	8.00	17.00	27.00	32.00	38.00	43.50	50.00	50.50	51.00	50.50	47.00	40.50	28.00	20.00	23.00	28.50	32.00	38.00	39.50	39.50	45.50	51.50	49.50	40.00	37.50	36.00	37.50	46.00	58.00	60.00	62.50	65.50	64.00	58.50	52.00	45.00	40.00	40.50	45.50	45.00	44.50	44.00	43.00	42.50	35.00	30.00	24.00	21.00	20.00	21.00	27.00	39.50	50.00	59.00	61.50	63.50	66.00	66.50	64.00	61.50	62.50	64.50	66.00	65.00	66.00	68.00	65.50	65.00	63.50	61.00	60.00	54.00	52.00	52.00	55.00	56.00	53.50	50.00	47.50	47.50	51.00	56.00	57.00	54.50	50.50	48.00	45.00	39.50	42.00	46.50	48.00	49.50	51.00	52.50	53.50	54.00	54.50	55.00	55.50	56.00	56.00	56.50	56.00
12.50	14.00	10.50	10.00	7.00	9.00	14.50	16.00	15.00	15.50	16.00	19.50	20.50	19.50	18.00	17.50	17.00	18.50	19.50	21.00	19.50	16.50	17.50	17.00	19.00	18.00	16.50	15.50	14.50	16.50	14.50	13.00	13.00	14.50	15.00	11.50	12.00	12.50	13.50	10.50	8.50	10.50	15.00	15.00	16.50	14.50	15.00	17.00	17.50	16.00	18.00	20.50	18.50	17.00	14.50	8.00	7.50	10.50	16.50	15.50	8.00	8.00	14.50	18.00	16.50	11.00	9.50	14.50	20.50	22.00	18.00	17.00	20.50	24.50	21.00	13.00	14.00	21.00	22.00	19.00	18.00	21.50	14.00	7.50	8.50	9.50	8.50	6.00	6.50	6.50	6.00	7.00	6.50	6.00	6.00	6.00	6.50	8.00	9.50	10.50	8.50	7.00	6.00	5.00	3.50	4.50	6.50	8.50	10.50	11.00	10.50	8.50	9.50	9.50	9.00	9.00	8.00	6.50	5.50	6.00	6.00	5.50	5.00	2.50	2.00	1.50	2.00	3.50	7.50	15.00	17.00	17.50	20.50	18.50	13.50	16.50	18.50	18.50	17.00	18.00	17.00	14.00	13.00	15.00	20.00	27.50	30.00	30.50	27.00	23.00	18.00	15.50	14.50	17.00	23.50	32.00	35.50	43.00	45.50	43.50	40.00	39.50	39.50	35.00	26.00	21.00	20.00	19.50	20.50	22.50	26.50	29.50	35.00	43.00	51.00	51.00	47.50	48.50	45.50	37.50	40.50	50.50	51.50	57.50	61.50	63.00	56.00	47.50	41.00	40.50	45.50	52.00	57.00	57.00	53.00	50.00	44.00	29.50	24.00	18.50	16.50	16.50	17.00	21.00	31.50	42.50	52.00	55.50	61.00	63.00	62.00	60.50	58.50	56.00	59.50	65.00	65.50	65.00	66.50	66.50	67.50	66.50	65.50	64.50	57.00	54.00	53.00	55.00	56.00	54.50	53.00	52.00	52.00	54.00	57.50	56.00	53.00	49.00	47.50	42.00	41.00	45.50	48.00	48.50	51.50	53.00	54.00	54.00	55.00	55.50	56.00	56.00	56.00	56.50	56.50	57.00
16.50	17.50	13.50	12.50	11.00	12.00	12.50	14.50	16.00	16.50	18.50	17.00	17.00	17.50	17.00	15.50	14.00	14.50	16.00	17.00	18.00	19.50	22.00	24.00	19.00	18.00	17.00	15.00	16.50	15.50	14.00	13.00	13.00	13.00	11.50	10.50	16.00	15.00	14.50	13.50	9.00	10.00	13.50	12.00	13.00	12.00	13.00	15.50	17.00	17.00	20.00	21.00	20.50	20.50	21.50	18.50	16.00	17.00	19.00	14.00	6.50	11.50	20.50	21.50	18.00	14.00	18.00	20.50	20.00	18.00	14.50	18.50	22.50	22.50	18.00	11.00	14.00	20.50	23.00	26.00	23.00	20.00	15.50	11.50	11.50	12.00	12.50	8.50	9.50	9.50	7.50	7.00	5.50	5.50	4.50	5.50	7.00	8.00	8.00	10.00	11.50	12.00	9.50	6.50	4.00	5.00	6.00	7.50	7.00	8.00	8.50	9.50	10.00	10.00	9.00	9.00	9.00	9.00	8.50	7.00	6.00	5.50	6.00	6.00	5.00	2.50	2.00	3.00	3.00	6.50	8.00	9.50	11.00	9.50	6.00	6.00	7.50	8.00	8.00	11.50	13.50	14.00	13.00	15.00	17.50	24.00	30.00	34.00	35.50	34.50	32.50	30.50	29.00	27.50	27.50	33.00	36.00	38.50	37.50	29.50	25.50	24.50	24.50	16.50	12.00	12.00	18.00	20.50	19.00	20.50	22.50	24.50	29.50	34.50	43.00	48.50	52.50	56.00	55.00	47.00	44.50	44.00	44.50	50.00	53.50	53.00	48.50	43.50	48.50	51.50	53.50	55.50	61.50	60.50	54.00	47.00	39.50	29.50	22.50	17.50	16.00	16.00	16.00	17.50	26.50	42.50	55.50	58.50	58.00	53.50	50.50	54.50	55.50	55.00	60.00	64.50	64.00	61.50	59.50	65.50	68.00	67.50	67.00	64.50	59.00	55.50	54.00	55.50	57.00	57.00	57.00	57.00	57.00	57.00	58.00	55.50	52.00	48.50	45.00	41.50	45.00	47.50	48.50	50.50	53.50	54.00	55.00	55.00	55.50	56.00	56.00	57.00	57.00	57.00	57.00	57.00
17.50	18.75	15.00	12.50	12.00	13.50	13.50	13.75	16.00	17.50	18.00	17.25	17.75	17.25	16.00	15.00	13.75	15.00	16.75	17.00	17.00	18.25	19.75	22.00	20.00	18.50	17.25	15.75	17.25	15.75	14.75	12.00	12.00	13.00	11.00	10.75	15.75	15.75	15.75	13.25	9.25	10.00	11.25	10.75	12.75	11.50	11.75	14.00	16.25	16.50	18.00	20.00	20.50	20.75	21.50	19.75	18.00	19.50	18.25	12.00	6.50	13.50	22.00	23.00	18.75	15.75	20.00	22.50	21.50	19.50	15.75	18.50	22.50	21.75	17.75	10.25	11.75	17.25	23.50	27.50	25.50	21.50	16.75	12.50	13.25	15.25	17.00	12.00	11.50	10.50	7.50	6.50	5.25	5.00	3.25	5.25	7.25	9.25	9.75	10.00	11.75	12.50	11.50	9.75	7.50	7.75	8.00	8.25	6.75	7.25	7.50	7.75	7.75	8.25	9.25	9.50	10.00	9.50	9.25	8.00	7.50	7.00	6.75	6.00	5.50	4.25	3.50	3.50	3.00	4.25	5.50	6.00	7.75	7.75	5.50	5.00	6.00	7.50	8.00	9.50	10.25	11.75	13.25	16.25	19.25	23.75	29.50	33.00	33.25	32.75	30.50	28.50	27.25	27.00	27.00	29.25	33.50	37.25	34.25	24.00	20.00	20.25	20.00	14.25	12.00	12.00	17.00	20.50	21.00	22.00	24.25	26.75	30.00	33.00	39.25	43.50	47.00	52.25	54.25	52.00	50.75	47.75	46.00	49.50	51.75	51.25	47.25	43.75	49.25	54.25	56.75	57.25	59.00	56.00	48.25	40.50	37.00	32.75	24.75	18.00	16.50	16.00	16.00	16.75	24.25	39.50	53.25	55.75	54.25	48.00	46.75	51.25	53.75	56.00	59.75	63.25	63.25	61.75	58.00	62.25	63.75	62.50	64.00	63.50	58.75	56.25	54.50	55.25	56.75	57.00	57.25	57.50	57.75	57.25	57.75	55.25	51.75	48.25	44.75	43.50	46.50	48.25	50.00	51.75	54.25	54.50	55.00	55.50	55.75	56.00	56.00	56.75	57.00	57.00	57.00	57.00
18.25	19.75	17.50	14.50	14.75	15.00	14.50	13.00	16.25	19.00	17.25	17.00	17.75	16.00	14.75	14.25	14.00	16.75	17.25	16.75	15.75	16.75	17.25	19.25	19.75	18.50	18.50	19.00	19.00	16.50	14.75	10.00	10.00	13.25	10.25	11.50	16.00	16.25	17.00	15.00	9.50	11.75	10.50	9.75	11.50	10.75	10.75	12.50	15.25	15.25	15.50	18.00	19.00	19.75	20.25	20.50	19.25	20.75	16.00	9.00	9.75	18.25	24.00	24.75	20.75	18.50	22.75	25.50	25.00	22.25	18.75	19.25	21.75	20.50	17.00	10.25	9.25	12.50	23.25	28.75	29.00	26.00	21.00	17.75	18.25	20.75	23.25	19.00	16.75	12.50	7.75	6.00	4.75	4.00	3.00	5.25	7.75	9.50	10.25	11.00	14.50	16.50	16.75	16.00	15.25	16.25	16.25	13.25	10.00	8.00	6.50	6.00	5.50	5.25	7.50	8.75	10.75	10.75	11.00	10.50	10.25	10.00	9.25	7.75	6.75	5.75	5.25	5.50	5.00	3.50	2.75	2.25	4.00	5.25	5.75	5.75	7.75	11.00	12.75	10.00	7.25	7.50	11.00	17.00	20.00	21.50	25.75	27.50	26.50	25.75	22.75	20.50	19.75	20.75	22.00	22.25	29.50	35.50	31.00	17.75	13.25	13.50	13.50	12.50	12.75	14.25	17.75	20.50	23.25	24.75	28.50	32.00	33.50	35.50	37.75	39.75	40.25	44.25	49.00	55.25	57.25	56.50	53.50	52.50	52.75	53.75	50.50	46.00	49.00	54.75	57.25	56.75	54.00	46.75	37.50	30.75	34.25	38.75	30.50	21.25	18.25	16.75	16.50	16.50	21.50	32.75	43.75	45.00	44.50	41.00	43.75	50.25	55.25	58.00	57.50	59.25	61.25	60.75	58.00	57.00	54.00	53.25	58.00	59.75	57.00	55.75	54.50	54.75	56.00	57.00	57.25	57.50	58.25	57.50	57.50	55.25	52.25	48.25	46.25	47.00	49.25	51.00	53.00	54.00	55.50	55.50	55.50	56.00	56.00	56.00	56.00	56.50	57.00	57.00	57.00	57.00
17.00	19.25	15.75	16.50	17.75	16.00	16.25	14.50	15.00	17.25	15.75	15.25	16.25	13.75	14.00	13.75	14.00	16.75	17.50	16.75	15.00	14.50	17.00	19.00	19.00	18.25	19.50	21.00	19.50	18.00	16.25	9.50	9.00	12.75	10.75	11.75	15.50	15.25	15.75	16.00	9.50	13.50	15.00	13.25	12.25	10.75	11.00	12.00	14.00	14.75	14.50	16.75	18.00	18.25	17.50	17.25	16.25	15.75	11.50	7.00	12.75	19.00	20.00	20.25	18.50	17.50	22.50	25.75	27.25	25.00	22.50	21.00	21.50	21.25	18.75	15.50	11.75	10.75	20.50	25.50	28.00	29.00	27.00	25.00	23.00	22.00	24.50	24.75	22.00	16.00	8.50	6.00	5.25	4.00	4.75	6.75	8.50	8.50	8.75	10.00	13.25	17.00	20.00	22.25	23.00	26.00	26.00	20.25	15.50	11.75	8.50	6.50	5.50	4.50	5.75	7.25	8.75	9.75	11.00	12.25	12.50	12.75	12.50	11.25	9.50	7.50	7.00	7.50	7.50	6.50	5.25	4.50	5.25	5.75	7.00	9.00	12.75	16.50	19.25	16.75	11.50	6.50	7.25	12.50	14.50	16.00	18.25	19.00	17.75	16.50	15.50	14.00	13.50	13.50	14.75	15.75	24.25	31.75	29.00	18.25	14.00	11.75	12.00	13.50	15.00	19.00	22.25	23.00	26.50	28.75	33.75	37.50	37.25	40.25	43.50	47.00	44.25	43.75	46.50	51.50	54.25	61.50	62.25	60.75	60.25	61.75	59.25	53.00	51.50	51.00	49.25	48.25	44.00	35.00	27.50	27.50	35.50	45.25	40.75	31.00	25.75	20.25	17.50	17.25	19.75	26.50	35.75	38.00	41.50	44.50	48.25	54.25	59.00	59.00	56.50	54.50	55.50	55.25	55.25	51.00	46.75	47.50	52.75	54.50	53.50	53.25	53.00	53.75	55.00	56.25	56.75	57.00	57.75	57.75	57.75	56.75	55.25	52.00	51.50	52.00	53.50	55.00	55.75	56.00	57.00	57.00	57.00	57.00	57.00	57.00	57.00	57.25	57.50	57.50	57.50	57.50
16.00	16.50	13.25	15.25	18.25	17.75	18.00	16.50	15.75	17.25	16.25	16.75	16.25	12.75	13.25	12.75	13.00	13.25	15.50	15.50	15.00	13.25	16.75	18.25	17.75	19.50	20.00	20.00	16.75	17.00	17.75	12.50	11.50	12.25	11.75	12.25	14.25	13.75	12.75	12.50	10.00	13.00	16.50	17.25	16.00	13.50	12.25	11.75	13.00	13.75	13.25	16.25	18.50	19.25	17.25	14.50	12.25	10.25	9.50	8.75	12.00	15.25	13.75	14.25	14.00	14.25	17.75	20.00	22.50	24.75	25.00	23.00	22.50	23.50	23.50	22.75	17.00	11.50	14.50	17.00	21.00	26.00	26.50	23.00	21.00	19.50	21.00	25.00	24.50	20.00	9.50	6.25	6.75	5.25	6.75	8.50	8.50	8.25	8.25	7.50	8.25	10.75	16.25	22.75	25.25	29.75	28.50	20.75	14.00	11.00	9.50	8.75	8.50	7.75	7.25	7.50	7.00	7.50	8.75	10.00	11.75	13.00	13.75	13.50	13.00	11.50	10.50	9.25	8.75	8.75	9.25	8.75	9.00	9.25	10.50	12.50	15.50	18.75	21.50	22.00	18.75	11.25	8.75	8.25	8.25	9.00	9.75	10.50	10.75	10.25	11.75	12.25	12.75	12.75	13.00	13.00	17.25	22.25	21.50	17.75	16.25	15.25	14.50	16.00	19.00	24.25	27.25	27.25	31.50	33.25	38.00	40.50	37.75	40.25	48.00	55.50	54.25	54.25	55.00	53.00	54.25	63.75	67.25	67.75	67.50	67.75	66.75	63.25	60.00	54.25	47.50	43.75	35.50	26.50	20.75	26.75	38.25	51.25	51.00	44.00	37.00	28.00	20.50	17.75	17.50	21.75	34.00	40.75	46.75	49.25	51.75	55.00	55.00	53.25	53.25	49.50	47.75	45.75	45.50	47.00	49.25	48.75	48.50	49.25	50.75	51.50	51.25	52.75	54.00	55.25	56.50	57.50	58.50	59.75	59.25	58.75	58.25	57.50	57.25	57.25	57.75	58.00	58.00	58.00	58.50	58.50	58.75	59.00	58.50	58.50	58.50	58.50	58.50	58.50	58.50	58.50
13.00	12.50	13.25	15.00	17.50	16.50	16.00	16.25	19.75	24.00	24.00	22.00	20.00	13.75	13.25	12.25	12.50	13.00	13.25	12.75	14.25	14.75	16.50	16.75	16.75	20.00	20.00	20.00	16.25	15.75	17.25	13.50	13.00	12.25	12.25	13.25	15.75	14.50	11.00	9.75	10.25	12.25	15.50	18.50	19.25	17.50	14.50	12.50	13.50	14.50	13.50	15.50	18.00	18.75	16.50	13.50	11.50	11.50	14.00	14.75	15.75	17.50	15.75	17.50	17.50	17.00	15.50	14.75	14.75	19.75	24.00	25.00	24.75	26.00	27.25	26.50	20.50	15.00	15.25	14.00	14.25	18.50	18.75	14.00	14.50	14.50	14.50	20.00	22.75	19.75	9.75	6.75	7.25	6.75	8.00	8.00	7.75	7.50	7.25	6.50	6.25	7.50	11.00	17.75	22.75	28.75	26.25	18.75	11.50	9.25	9.25	10.50	12.00	11.75	9.25	6.75	6.00	6.25	7.50	7.25	8.50	9.50	10.75	12.25	13.50	13.25	12.75	11.25	11.00	10.75	11.00	11.50	13.00	13.50	15.00	16.50	19.00	21.00	24.25	25.25	23.00	18.25	17.00	14.25	12.00	9.00	7.75	6.50	7.00	7.75	9.75	10.50	12.50	13.50	14.75	15.75	15.25	15.50	15.75	17.75	21.00	24.25	21.00	19.50	22.75	28.50	32.00	32.75	34.50	33.25	35.50	40.50	40.50	40.50	47.00	55.25	59.25	64.00	65.25	61.00	61.75	68.50	70.75	70.75	69.00	68.75	69.25	67.25	63.75	60.00	54.50	49.50	38.00	27.75	21.50	26.50	36.50	49.25	51.75	49.50	43.75	37.75	27.25	20.00	17.25	18.75	27.50	35.75	43.50	43.50	46.00	47.75	43.50	40.75	42.00	39.25	37.75	36.00	39.25	48.25	55.75	54.50	49.50	48.75	48.75	49.25	48.25	49.75	50.50	51.50	53.50	56.25	59.00	62.00	60.50	59.00	58.00	57.50	56.50	56.25	56.50	57.00	57.25	57.50	57.50	57.50	57.75	58.50	57.75	58.00	58.00	58.00	58.00	58.00	58.00	58.00
10.00	11.00	13.00	16.00	17.50	14.50	14.00	15.50	21.50	28.50	30.00	24.50	23.00	14.50	13.50	12.50	12.50	15.00	13.50	11.50	13.00	15.50	16.50	16.50	17.50	19.50	19.50	20.50	18.00	16.50	17.50	12.00	12.00	12.00	12.50	13.50	17.50	16.00	11.00	9.50	10.00	12.00	16.00	19.00	20.50	19.00	15.50	13.00	14.00	16.50	14.50	15.00	17.50	17.00	14.50	12.50	12.50	14.50	17.50	18.00	20.00	21.50	19.50	22.00	22.00	21.00	17.00	14.50	12.00	16.50	22.50	26.00	26.50	27.50	28.50	27.50	21.50	17.50	20.00	16.50	12.50	14.00	14.50	10.00	11.50	11.00	11.00	17.00	20.50	18.00	9.50	7.00	7.00	7.50	8.00	7.00	7.50	7.00	6.50	6.00	5.50	7.50	9.50	15.50	21.50	28.00	25.00	19.00	12.50	10.50	10.00	10.50	12.50	13.00	10.00	5.50	5.00	5.50	7.50	7.00	7.00	7.00	8.00	10.50	12.50	13.00	13.00	12.00	12.50	12.00	11.50	12.50	15.00	15.50	16.50	18.50	21.50	22.50	26.50	27.50	24.00	21.50	22.50	20.50	17.50	12.50	10.00	7.00	6.00	7.50	10.00	10.00	12.50	13.50	15.50	18.00	16.50	15.00	15.50	19.50	25.50	30.50	25.50	21.00	24.00	30.00	34.50	36.50	35.50	31.50	31.50	40.00	43.50	41.50	45.00	52.50	59.50	67.00	69.00	65.50	66.00	71.00	72.00	71.50	68.00	67.50	68.50	66.00	62.50	61.00	58.00	53.50	41.50	30.50	24.00	27.00	33.50	45.00	49.00	49.00	45.50	42.50	31.50	22.00	18.00	18.00	22.00	29.00	38.00	38.00	40.50	41.50	36.50	34.00	35.00	32.00	31.00	31.50	38.50	49.50	58.00	57.50	52.50	51.00	47.50	47.50	46.00	47.00	47.50	48.00	50.50	54.50	58.50	62.50	60.50	58.50	57.00	55.50	53.50	53.50	54.00	55.00	55.50	56.00	56.00	56.00	56.00	57.00	56.50	57.00	57.00	57.00	57.00	57.00	57.00	57.00
7.50	8.00	8.50	9.00	14.00	13.00	12.50	13.00	16.00	22.50	26.00	22.50	19.50	15.00	14.50	11.50	10.50	10.00	8.50	10.50	11.00	13.50	16.50	16.00	16.50	18.50	17.50	19.00	19.00	20.00	18.50	14.50	14.50	12.50	13.00	15.00	16.00	15.00	14.50	14.50	9.50	8.00	14.00	20.00	23.00	19.00	17.00	15.00	13.00	14.50	15.50	16.50	17.00	14.50	11.00	9.00	10.00	11.00	15.50	19.00	22.00	24.00	20.00	23.00	25.00	26.00	24.50	21.00	16.50	15.00	20.50	25.00	27.50	30.00	31.00	31.50	25.50	22.50	29.00	27.50	19.50	13.00	7.00	7.00	9.50	12.00	12.00	13.00	13.50	12.50	10.50	9.50	9.00	10.00	6.50	6.50	7.00	6.50	7.50	7.50	7.00	7.00	8.00	14.50	23.00	30.00	28.00	17.50	11.50	12.50	18.50	20.00	19.50	17.50	11.00	5.50	5.00	5.00	6.00	8.00	7.50	6.00	7.00	6.50	6.50	7.00	8.50	9.50	10.50	12.00	12.00	13.00	13.00	15.50	19.00	19.00	22.50	27.00	31.00	33.50	30.00	27.00	28.50	31.00	29.00	24.50	20.50	14.50	10.00	7.00	6.50	8.00	11.00	15.00	18.00	23.00	24.00	21.00	19.00	22.50	29.50	37.00	34.50	25.50	22.50	30.00	36.50	39.00	37.00	35.50	30.00	38.50	47.00	45.00	46.00	51.50	57.00	65.00	67.50	63.50	63.50	67.00	70.00	70.50	64.00	59.50	60.00	63.00	57.50	52.00	49.50	44.50	37.50	34.00	35.50	38.50	35.50	41.50	47.50	49.50	48.00	46.50	38.50	27.00	21.50	20.00	18.00	23.50	31.50	32.00	32.50	34.00	37.00	38.50	38.00	34.00	30.50	30.50	42.00	48.50	55.50	58.50	58.50	52.50	43.00	44.50	43.50	44.00	44.00	46.00	48.00	51.50	57.50	62.50	60.50	54.50	52.00	49.00	48.00	48.50	49.50	50.50	52.00	53.00	54.00	54.00	54.50	55.00	54.50	55.00	55.00	55.00	55.00	55.00	55.00	55.00
10.00	10.00	11.00	9.50	8.50	9.00	13.50	15.00	15.50	16.00	15.50	14.00	9.50	12.00	11.50	12.50	15.50	18.00	15.50	10.50	11.50	10.50	11.00	13.00	14.50	16.50	19.00	20.00	20.50	20.00	17.00	17.00	18.00	11.50	12.50	17.00	15.00	13.00	13.50	14.00	11.50	11.00	19.00	21.50	20.50	20.00	17.00	15.50	13.50	15.00	16.00	17.00	16.50	14.00	12.00	11.00	9.00	12.50	19.00	22.00	21.50	23.50	20.50	22.50	26.50	29.00	27.00	25.00	24.00	20.50	17.50	19.00	23.00	27.00	31.50	32.00	32.50	30.00	30.00	28.50	23.00	14.50	8.50	5.50	7.50	12.50	14.50	19.50	19.00	17.00	13.00	10.00	9.00	8.50	5.50	6.00	6.50	7.00	6.50	6.00	6.00	6.50	7.00	11.50	19.00	28.50	25.50	15.00	10.00	11.00	16.00	19.50	21.50	24.00	23.00	18.00	6.50	5.00	5.00	8.50	12.00	10.50	9.50	7.00	5.50	4.00	3.50	3.00	5.00	8.00	9.50	11.00	12.50	14.00	16.50	18.00	22.00	27.50	34.50	37.00	33.50	32.00	32.00	33.00	29.50	19.00	15.50	13.50	13.00	12.00	10.50	9.50	9.50	12.00	17.50	27.00	28.00	23.00	20.50	23.50	25.00	34.50	38.00	31.50	24.00	25.50	27.50	29.00	32.50	36.00	31.00	36.00	40.50	37.50	40.00	47.00	54.50	60.00	58.50	55.50	57.00	65.00	70.00	70.00	63.50	53.50	50.00	53.50	52.00	47.00	41.00	41.00	43.00	40.00	41.50	48.00	49.00	46.00	52.00	54.50	53.50	51.00	44.00	30.50	21.00	18.00	18.00	23.50	40.50	43.50	41.00	39.50	44.50	49.50	49.00	43.50	40.50	34.50	37.50	41.00	45.00	52.00	58.00	51.50	46.00	47.00	44.50	45.00	46.00	47.00	47.50	52.00	57.50	63.00	59.50	52.00	48.00	47.50	47.00	47.00	47.50	48.50	49.00	50.00	52.00	52.50	53.50	54.00	54.00	54.50	54.50	55.00	55.00	55.00	55.00	55.00
11.50	11.50	11.75	10.25	8.50	8.75	14.50	18.25	18.00	17.00	15.25	13.00	11.00	14.00	13.00	12.25	13.75	18.50	17.00	13.50	13.00	12.00	11.25	12.75	14.25	15.75	18.25	19.75	20.50	20.50	18.75	17.50	17.50	13.25	12.75	17.25	15.00	13.25	13.50	12.50	9.75	10.75	19.50	20.50	21.75	20.00	17.75	16.25	14.00	14.75	16.00	18.00	17.50	15.75	14.00	12.25	9.75	12.50	19.50	22.75	22.00	23.25	21.75	22.25	25.00	27.75	27.00	26.75	27.75	24.25	18.75	19.75	23.25	26.00	29.50	30.75	34.75	34.00	32.50	29.00	22.00	14.00	10.00	8.00	8.25	11.25	13.75	20.00	21.50	19.50	15.50	12.00	8.00	7.00	5.75	6.50	7.00	7.25	6.50	6.00	6.25	6.75	6.75	9.75	16.50	24.50	20.50	14.00	12.00	12.00	13.50	17.00	21.25	24.25	24.75	23.50	15.75	10.25	6.75	8.75	10.00	9.50	9.75	8.50	7.50	4.75	3.25	2.50	3.50	5.25	7.00	9.00	11.50	13.25	17.75	19.75	23.25	28.50	36.25	38.75	34.50	31.50	30.75	29.25	26.25	18.25	14.75	12.50	12.00	12.25	13.00	13.50	14.25	16.00	19.75	28.00	27.75	24.75	24.25	27.00	28.00	36.25	38.75	33.00	27.75	30.00	28.50	27.00	28.25	32.00	28.75	32.50	35.75	35.50	40.50	47.25	51.25	53.50	53.00	53.00	55.75	66.00	69.75	69.00	63.50	56.25	52.25	50.50	47.25	44.50	43.25	46.00	46.25	41.50	41.75	48.00	52.00	50.00	55.25	59.25	58.00	54.75	46.50	32.25	21.75	17.75	18.50	22.50	42.50	46.75	46.25	44.00	45.75	50.25	49.50	45.00	43.50	37.75	40.25	43.50	45.25	49.50	53.75	50.75	48.75	49.00	46.50	47.50	48.00	48.75	49.75	53.25	58.00	63.00	60.00	52.50	48.75	47.50	47.00	46.50	46.75	47.75	48.25	49.00	50.50	51.25	52.50	53.25	53.75	54.25	54.25	54.50	54.50	54.50	54.50	54.50
15.50	15.00	14.50	14.00	10.00	10.00	12.50	19.50	23.50	23.50	20.00	12.50	12.50	20.50	21.00	16.50	12.00	12.00	13.50	14.00	18.00	16.00	16.00	16.00	14.00	16.50	19.50	22.50	23.50	21.00	19.50	20.00	17.50	15.00	13.50	14.50	10.50	13.00	15.50	13.50	8.50	8.00	12.50	15.00	18.00	20.50	20.50	14.50	14.00	14.00	18.00	18.50	18.00	16.50	18.00	17.00	14.50	11.50	15.00	19.00	21.50	22.00	26.00	26.50	22.50	23.50	24.50	30.00	34.00	28.00	20.50	22.00	29.50	30.50	29.00	33.00	42.50	43.00	40.50	35.00	23.00	17.00	15.50	17.50	13.50	13.50	15.00	21.00	26.50	27.00	20.00	19.00	10.50	7.00	7.00	7.50	7.00	7.00	7.00	6.50	7.00	7.00	6.50	5.50	7.00	11.00	10.00	12.50	14.50	15.50	15.50	15.50	21.50	28.50	28.50	30.50	32.50	29.00	21.50	14.00	11.00	7.50	5.50	6.00	8.50	10.00	9.00	7.50	5.50	4.00	3.50	4.00	6.00	10.00	16.00	19.50	24.00	32.00	41.50	46.50	41.00	32.00	28.50	23.00	22.00	21.50	19.50	18.50	15.50	14.50	16.50	19.00	23.50	26.00	29.50	35.00	31.00	32.00	36.00	39.00	38.50	43.00	41.00	38.50	38.00	39.00	35.50	30.50	24.00	21.50	27.50	33.50	31.00	33.50	38.50	40.50	41.00	45.00	50.00	59.00	61.00	65.50	66.00	67.50	67.50	66.50	60.00	50.50	48.50	51.50	58.50	60.50	53.00	51.50	48.00	46.00	53.50	62.00	62.50	67.00	70.00	67.50	59.50	44.50	29.50	21.50	19.00	19.50	37.00	47.00	53.50	54.50	53.00	51.50	49.50	46.00	47.50	47.50	43.50	45.00	49.00	52.00	52.50	51.50	55.50	55.00	53.50	56.00	55.00	55.50	56.00	56.00	59.00	63.00	60.50	55.00	52.50	49.50	47.50	46.50	46.00	46.00	46.00	46.50	47.50	48.00	49.00	49.50	51.00	52.00	52.50	53.00	53.00	53.00	53.00	53.00
16.75	16.50	15.25	14.00	11.50	13.00	15.25	18.00	20.00	20.50	17.50	13.50	13.25	17.50	18.25	17.50	15.25	14.75	14.00	12.00	12.75	12.75	14.50	16.00	15.50	17.25	20.50	23.50	23.00	21.75	20.75	19.25	17.25	15.25	13.75	14.50	13.25	14.50	13.50	12.75	9.25	9.00	13.50	16.50	19.25	19.50	19.50	15.75	16.00	18.50	20.25	19.00	17.50	15.75	16.50	16.75	14.25	12.00	13.50	15.75	17.75	18.50	23.75	26.25	22.50	21.75	24.25	29.75	33.50	29.25	21.75	21.25	29.00	31.75	30.50	33.00	43.25	45.50	41.25	34.00	22.75	18.50	14.50	14.50	12.50	13.50	15.00	20.75	26.75	28.75	22.25	18.75	9.25	6.50	7.00	7.00	6.50	6.75	6.50	5.75	6.50	6.75	6.50	5.50	5.25	7.75	9.25	14.25	17.50	18.50	16.25	14.75	18.75	25.25	28.00	32.00	34.00	29.50	20.50	13.25	11.25	9.75	8.75	8.00	7.75	8.25	8.50	8.00	7.75	6.25	5.75	5.50	6.50	8.75	13.75	17.00	21.75	29.00	38.50	44.50	41.00	33.75	31.25	27.50	26.75	26.50	23.00	20.25	17.50	16.50	18.00	20.00	23.25	25.50	30.25	36.75	33.75	34.25	37.25	40.75	41.00	44.25	41.50	41.75	43.25	41.50	35.50	31.25	27.25	23.00	26.50	33.25	32.75	34.00	36.50	38.50	42.75	49.25	54.00	59.75	61.75	64.75	64.00	63.50	62.75	62.00	55.50	48.75	51.25	56.00	61.25	61.00	55.00	55.50	51.00	47.00	51.50	61.75	64.75	69.00	70.75	69.75	63.75	50.25	35.00	25.75	21.75	23.25	35.25	43.75	49.50	50.50	51.75	52.75	52.25	48.75	48.50	48.50	45.00	45.25	48.75	51.75	54.00	54.25	56.50	55.25	51.75	52.75	54.50	56.25	56.50	55.75	59.00	62.75	61.50	57.25	55.00	53.00	51.00	49.25	47.75	46.75	46.50	46.00	46.75	47.50	48.00	48.75	49.50	50.25	51.00	51.25	51.00	51.50	51.50	51.50
18.50	17.75	16.00	15.25	14.25	16.50	17.50	16.50	17.00	17.25	14.50	15.25	15.25	12.75	14.00	18.75	19.00	17.75	15.50	12.25	9.75	10.00	12.50	15.25	17.00	19.25	21.75	24.50	24.00	23.50	23.00	20.25	19.25	18.00	16.75	16.25	16.25	17.25	13.00	12.75	11.75	9.75	14.50	17.50	20.50	19.00	16.75	14.50	16.00	22.50	24.00	21.50	19.25	17.25	16.25	15.75	14.50	15.00	14.00	12.50	12.25	14.50	20.25	23.75	21.25	20.75	26.00	33.00	36.50	33.50	26.00	21.25	25.75	29.25	28.50	30.75	42.00	47.25	42.50	32.50	22.00	18.25	11.75	9.25	10.25	13.25	15.00	20.75	27.75	29.75	23.50	15.75	7.00	7.00	8.25	7.50	6.25	6.25	5.75	4.50	5.00	5.75	5.75	5.00	3.50	4.00	6.50	14.25	20.25	22.25	19.25	16.00	13.75	17.00	26.50	33.50	35.25	28.75	18.00	12.75	12.00	12.00	12.00	11.50	10.00	9.00	8.50	7.75	8.00	8.50	9.25	9.75	10.25	10.75	12.75	14.50	18.00	22.75	30.75	38.00	37.75	34.50	35.25	36.00	36.25	34.50	28.00	23.25	20.50	19.50	19.50	21.50	25.00	28.25	33.50	41.00	40.50	41.25	41.25	41.25	43.75	48.25	46.50	48.50	49.75	44.00	38.25	35.00	30.75	24.50	25.00	31.00	33.75	35.00	35.00	36.25	44.75	54.00	57.75	58.50	58.75	64.25	64.50	61.50	58.00	54.25	48.00	48.25	55.50	60.25	65.25	63.00	60.50	62.25	56.00	52.00	54.00	59.25	64.75	71.25	71.25	70.00	66.00	56.00	42.50	32.50	27.00	30.25	38.00	42.00	44.50	45.50	48.50	52.25	54.00	52.25	50.50	49.50	48.25	47.75	51.75	54.00	56.25	57.75	56.50	55.75	51.00	49.00	54.00	57.75	57.25	55.25	58.75	62.25	62.75	60.50	58.50	57.75	56.50	55.00	53.25	51.25	49.00	46.50	45.50	46.00	46.50	47.00	47.25	48.00	48.75	48.75	48.50	49.00	49.00	49.00
20.25	18.75	16.75	17.25	19.25	20.50	20.00	17.75	17.25	16.75	14.50	18.25	17.75	13.50	13.50	17.00	18.50	18.50	18.00	17.25	14.25	13.25	10.00	13.00	16.50	19.50	20.50	23.75	25.50	25.00	24.25	22.75	21.75	21.00	20.50	18.00	16.00	17.00	12.50	12.00	13.00	11.00	13.25	14.75	17.75	17.50	13.75	12.25	14.00	21.50	24.50	24.00	23.75	23.00	19.75	17.50	17.25	18.25	16.25	12.50	12.00	14.75	17.00	18.25	19.75	24.75	30.25	36.75	39.25	37.25	31.25	23.25	22.75	25.50	26.25	28.75	37.25	42.25	37.75	27.25	17.25	12.00	8.25	7.25	10.00	13.00	13.75	21.25	28.75	28.00	20.25	10.50	7.25	10.25	11.50	12.00	9.25	7.00	6.25	4.75	3.75	4.50	4.25	3.75	3.25	3.75	4.75	9.50	14.75	18.50	20.00	17.25	10.50	10.75	24.50	31.50	30.50	22.00	14.00	13.25	13.00	12.25	11.25	9.75	12.25	11.75	10.50	9.25	8.00	7.75	9.25	11.75	15.25	18.00	20.50	20.00	19.75	21.50	27.00	33.50	34.25	29.25	30.50	34.75	36.75	34.00	27.25	23.50	21.25	21.00	21.00	23.50	28.75	34.00	38.75	45.50	48.75	51.00	49.50	44.00	46.25	51.50	51.50	50.50	47.50	44.00	43.50	39.50	32.00	26.00	27.00	33.00	37.00	39.50	38.50	36.75	42.25	50.00	53.50	53.00	52.50	64.25	67.25	65.50	59.50	50.50	46.00	52.25	60.00	62.00	66.50	66.25	66.00	64.75	58.75	58.25	61.25	60.00	62.50	70.25	71.50	69.50	65.25	57.50	46.25	37.00	30.00	32.50	46.75	49.50	50.50	51.00	51.25	52.00	52.50	51.50	49.50	50.50	52.25	52.75	57.00	57.75	56.75	56.25	52.50	52.50	50.25	46.75	54.00	59.25	58.00	55.50	58.75	62.00	63.00	62.75	60.75	60.00	59.25	57.50	56.00	53.25	50.00	47.50	45.25	45.00	45.50	45.25	45.25	46.00	46.50	46.50	46.50	47.00	47.00	47.50
21.50	20.00	17.50	18.00	23.00	24.00	23.00	19.00	17.00	16.50	15.00	20.50	19.00	16.00	14.50	15.00	17.50	19.00	19.50	20.00	16.50	16.00	8.00	11.50	16.00	18.50	19.00	23.00	25.50	25.50	24.50	23.50	22.00	21.50	21.50	18.00	15.50	15.50	10.50	10.50	12.50	12.50	12.00	12.50	15.00	15.50	12.50	12.50	14.00	21.00	23.50	24.50	26.00	26.50	22.00	20.00	19.50	19.00	16.50	12.50	13.50	15.50	15.00	15.00	19.50	28.00	32.50	37.00	38.50	38.00	33.50	24.50	22.50	25.50	27.50	29.00	34.50	38.00	32.50	22.50	13.00	7.50	6.50	7.50	11.00	13.00	12.50	21.50	29.00	27.00	18.00	8.00	8.50	12.50	13.50	15.50	12.00	8.00	7.00	5.50	3.50	4.00	3.50	3.00	3.00	4.00	5.00	6.50	9.50	14.00	18.50	16.50	9.50	9.50	23.50	29.50	26.00	16.50	11.50	13.50	13.50	12.50	10.50	6.50	11.50	12.00	12.00	11.50	10.00	7.00	8.00	11.00	17.00	22.00	27.00	25.50	23.00	23.50	28.00	33.50	34.00	25.00	24.50	29.50	32.50	30.50	25.00	22.50	21.00	21.50	22.50	25.00	30.50	36.50	41.50	47.50	53.00	56.00	55.00	48.00	48.50	52.00	52.00	49.00	44.00	44.00	46.00	41.00	33.00	27.50	29.50	37.00	41.00	43.50	41.50	37.50	39.50	45.50	49.50	49.50	50.00	64.00	67.50	67.50	61.00	50.00	47.00	55.00	63.00	64.00	66.50	68.00	68.00	64.50	59.50	60.50	64.00	63.00	62.50	69.00	72.00	71.00	66.50	59.00	48.00	39.00	30.50	31.50	51.00	55.50	57.50	57.50	56.00	53.50	52.00	50.00	47.50	51.50	54.50	55.50	59.00	59.00	56.50	54.00	49.50	49.00	48.50	45.00	54.00	60.00	58.50	56.00	59.00	62.00	63.00	64.00	62.00	61.00	60.00	57.00	55.00	51.50	49.00	47.50	45.50	45.00	45.00	44.50	44.00	44.50	45.00	45.00	45.00	46.00	46.00	47.00
27.00	27.50	22.50	23.50	23.00	25.00	27.00	25.50	22.50	20.50	23.00	23.00	20.50	21.00	23.00	19.00	21.50	22.50	22.50	24.00	23.00	21.00	13.50	11.00	12.50	15.50	18.50	22.50	23.50	24.00	23.00	23.00	21.50	19.50	15.00	10.00	10.00	10.00	10.00	10.00	9.00	10.00	11.50	13.50	17.00	13.00	10.50	12.00	15.00	22.50	23.00	22.00	23.00	25.50	26.50	25.50	22.00	19.00	17.00	15.00	19.50	20.00	17.50	15.00	19.50	29.00	37.50	39.50	39.50	36.00	32.00	24.50	20.50	23.50	29.50	35.00	35.00	29.00	17.50	11.50	7.50	5.00	7.00	8.50	12.00	15.00	13.50	17.50	24.00	24.00	14.50	7.00	11.00	13.00	18.50	21.00	13.50	12.00	14.50	14.00	7.00	5.00	6.00	5.50	4.00	4.50	5.50	7.00	7.00	7.00	10.50	12.00	10.00	9.00	17.50	22.50	20.50	14.00	8.50	7.50	8.50	10.00	8.00	5.00	6.50	10.00	10.00	10.50	10.00	9.50	11.00	14.50	19.50	23.50	31.50	30.50	31.00	33.50	34.50	33.00	31.50	24.50	20.50	20.00	21.00	24.00	24.00	24.00	24.50	27.00	31.00	34.50	36.00	37.50	43.50	50.00	55.50	60.50	59.00	53.50	52.00	51.00	49.00	42.00	38.50	41.50	43.00	39.50	30.00	28.00	33.50	43.50	51.00	55.00	53.00	47.00	45.00	45.00	51.00	55.50	54.00	64.50	69.50	65.50	57.50	49.50	46.50	52.00	60.50	64.00	68.00	67.00	67.00	64.50	65.50	66.00	68.50	73.00	70.00	70.50	73.50	73.00	73.00	68.50	59.00	49.00	35.00	32.00	43.50	54.00	60.50	62.50	63.00	62.50	60.50	55.50	52.00	51.50	51.50	55.00	58.00	59.50	58.50	55.50	46.00	42.50	39.00	37.00	54.00	64.00	63.00	60.00	63.00	65.00	66.00	66.50	65.50	63.00	60.50	53.00	47.00	47.00	46.50	46.00	45.00	45.00	45.00	45.00	45.00	45.00	44.50	44.00	44.50	44.00	44.00	44.00
24.50	26.50	28.00	26.00	27.50	25.50	25.00	25.50	26.50	23.50	24.00	25.50	22.00	21.00	23.50	22.50	19.50	19.50	21.50	23.50	22.50	20.50	16.00	14.50	16.00	17.00	17.00	20.50	19.50	18.50	20.00	21.50	22.00	18.50	10.50	9.00	9.00	9.00	9.00	9.00	9.00	9.00	9.00	10.50	11.00	8.00	9.00	11.50	12.00	15.50	17.00	21.50	22.00	21.00	22.50	22.50	20.50	20.00	21.00	23.50	28.50	27.00	21.50	16.00	19.00	29.50	39.50	39.50	36.00	33.00	32.50	25.50	25.50	25.00	29.50	33.50	29.50	20.00	11.50	8.00	4.50	4.50	7.50	9.50	13.00	17.00	17.00	16.00	19.00	18.00	12.00	11.00	14.50	16.00	17.50	18.50	13.00	13.00	17.50	19.50	11.50	6.50	6.00	6.00	6.00	5.00	5.50	6.00	6.50	6.00	6.50	8.50	7.00	5.00	8.00	13.50	18.00	15.50	13.50	12.50	10.00	9.00	7.50	7.00	8.50	9.00	8.50	10.00	11.00	11.00	11.00	11.50	16.00	20.00	25.50	23.50	25.50	31.50	36.50	39.00	38.50	31.50	24.50	22.50	25.50	27.50	28.00	30.50	30.50	31.50	36.00	39.50	44.00	47.00	51.50	55.50	61.00	63.50	58.50	50.00	47.00	45.00	46.50	42.50	36.00	33.00	34.00	32.50	32.00	36.50	37.00	42.50	50.00	55.00	58.50	56.50	55.50	54.00	56.00	63.50	63.50	66.00	70.50	67.50	59.00	50.00	44.00	44.00	52.50	59.00	65.00	67.00	69.00	68.00	69.00	68.00	70.50	75.00	72.00	71.00	73.00	70.00	69.50	70.50	65.50	56.50	41.00	35.00	36.00	45.00	51.00	52.50	58.50	62.00	63.00	63.50	58.50	51.50	50.50	51.00	53.00	54.00	55.00	53.50	44.00	38.00	37.50	41.00	56.50	64.00	64.00	61.50	64.00	66.00	67.00	67.00	67.00	65.50	62.00	52.00	47.50	47.00	47.00	47.00	47.00	47.00	47.00	47.50	48.00	48.00	47.50	47.00	47.00	47.00	47.00	46.00
25.50	27.00	27.50	26.50	27.00	27.00	28.00	25.50	26.00	27.50	27.00	24.50	20.50	21.50	23.00	22.00	19.50	19.00	19.00	21.50	23.00	20.00	15.00	12.00	16.50	22.50	22.00	20.00	20.00	20.00	20.50	20.00	19.00	18.00	10.00	9.00	9.00	9.00	9.00	9.00	9.00	9.00	9.00	10.00	13.00	13.50	11.00	11.50	13.50	15.00	12.50	19.50	25.00	25.50	22.00	18.50	16.50	18.50	24.50	30.50	36.00	36.00	30.00	23.00	24.00	30.00	38.50	34.00	31.00	25.50	23.50	24.00	28.50	28.00	31.50	34.00	29.00	23.00	17.00	11.50	6.00	5.50	8.50	13.00	19.00	24.00	21.00	18.00	20.50	16.00	12.00	13.50	15.50	16.50	18.50	19.00	17.50	17.00	17.00	18.00	16.50	14.50	9.50	6.00	6.00	6.50	6.50	6.00	6.50	7.00	6.50	6.50	6.50	6.50	5.50	7.50	7.50	4.00	5.50	15.00	17.50	16.00	11.00	7.50	6.00	9.50	11.00	14.50	17.50	19.50	16.00	13.00	12.00	12.00	16.00	20.50	26.00	28.00	30.00	35.00	39.50	38.00	34.00	32.00	31.00	32.50	35.00	34.00	30.50	34.00	43.00	44.00	48.00	50.50	49.50	51.50	59.00	63.50	60.50	58.00	55.00	48.00	47.50	47.00	40.50	36.00	40.00	40.50	38.50	40.00	45.00	45.50	46.00	49.00	54.50	60.00	62.50	63.50	64.50	66.00	66.50	67.00	68.00	66.00	57.50	55.50	49.50	44.50	53.50	61.00	67.00	65.50	64.50	64.50	67.50	70.00	70.50	70.50	68.50	66.00	63.00	62.50	60.00	61.00	57.50	53.00	44.50	38.50	32.00	34.00	37.00	39.00	47.50	53.50	56.00	58.50	55.50	56.50	59.00	58.50	56.00	52.50	50.00	46.50	39.00	36.50	43.50	46.50	58.00	64.00	64.00	62.00	65.00	66.50	67.00	67.00	67.00	67.00	65.50	58.00	54.50	53.00	52.00	53.00	53.00	53.00	54.00	54.50	54.50	55.00	53.50	51.50	49.50	48.00	47.00	47.00
25.75	28.00	28.25	27.00	27.50	27.00	28.75	28.25	28.75	29.00	28.50	26.00	20.75	21.75	25.00	25.25	22.00	20.75	20.50	20.75	21.75	20.00	16.50	14.00	16.50	21.50	22.00	20.50	20.50	20.00	20.00	21.25	20.75	18.25	11.25	9.00	9.00	9.00	9.00	9.00	9.00	9.00	9.00	10.25	13.00	14.00	12.75	11.75	12.25	13.25	11.75	17.75	22.50	24.25	22.25	19.75	18.00	19.50	24.25	29.75	36.75	38.50	34.00	29.50	30.25	34.00	39.50	35.25	33.00	27.75	24.00	23.25	29.25	30.25	32.75	33.50	26.50	20.25	15.25	11.00	6.50	6.00	9.00	14.25	20.25	24.25	21.50	18.25	19.75	15.00	13.00	14.75	16.25	17.00	20.25	21.75	20.75	18.00	15.00	15.00	15.00	14.50	9.00	6.00	6.00	6.50	6.25	6.00	6.75	6.50	6.25	6.50	6.75	6.75	6.25	7.25	5.75	3.50	4.25	10.25	16.50	18.50	15.00	10.75	7.50	8.75	10.00	11.75	14.25	17.50	15.25	14.50	15.75	14.00	13.75	16.75	21.50	24.25	27.75	34.00	38.25	36.25	34.00	33.75	32.75	37.25	39.00	35.25	31.75	35.00	42.25	42.50	43.75	44.00	44.25	49.50	57.50	62.75	62.75	61.50	59.00	52.00	51.00	50.25	43.25	39.00	43.50	44.25	40.50	40.25	47.50	50.25	50.25	52.75	56.00	60.50	62.00	61.25	62.75	66.50	67.25	67.00	67.75	66.00	60.00	59.00	52.00	44.75	50.75	58.25	63.25	62.25	63.75	64.00	67.75	71.00	70.25	67.75	66.50	63.50	61.25	61.00	58.25	57.25	56.50	55.50	48.25	41.50	34.00	33.75	34.50	35.50	43.25	51.50	54.75	56.00	54.75	57.00	61.50	62.00	60.75	56.50	52.25	47.25	37.50	34.25	39.50	43.50	57.25	64.00	64.00	61.75	64.75	66.25	67.00	67.00	67.00	67.00	66.25	61.25	58.75	57.75	57.00	57.50	57.50	57.50	58.00	58.25	58.00	57.75	56.75	55.00	53.50	51.75	50.50	50.75
26.75	29.00	30.00	28.00	27.50	28.25	29.75	29.50	30.00	29.00	28.50	26.00	22.25	23.75	27.25	27.00	23.75	23.00	25.00	22.50	20.25	19.50	17.75	17.25	17.75	19.00	19.75	19.25	19.25	18.00	17.75	20.75	18.75	15.75	12.25	12.50	13.75	11.50	9.25	9.25	9.25	9.25	10.25	10.50	11.00	11.75	13.75	13.50	12.00	11.75	11.50	16.75	19.50	21.50	21.50	22.50	23.75	25.75	28.00	29.75	34.50	37.25	37.50	39.25	40.25	41.25	40.25	37.00	35.00	29.25	24.25	22.75	30.00	33.75	33.00	27.75	15.00	11.00	8.00	7.50	6.00	6.75	10.75	15.00	19.00	21.00	19.50	19.00	19.50	14.50	14.00	15.25	17.50	19.75	24.00	25.50	24.50	19.50	13.25	11.25	11.00	11.50	8.00	6.50	6.00	6.25	6.00	6.00	6.50	6.00	6.00	6.25	6.50	6.75	7.00	6.75	4.75	3.25	3.00	5.25	13.25	19.50	19.75	16.75	11.00	7.75	8.00	6.75	7.00	10.25	11.00	13.50	18.00	15.75	13.50	15.25	17.50	18.50	21.00	28.00	33.25	33.50	34.00	33.50	32.00	40.25	42.50	39.75	37.25	37.75	40.00	38.75	36.25	33.75	35.75	45.00	52.25	56.75	59.25	60.00	61.00	56.25	54.25	55.00	50.50	46.75	48.75	48.75	43.50	40.25	48.00	56.00	56.50	57.75	57.75	60.25	59.25	56.00	59.75	66.25	66.75	64.00	65.50	66.75	65.25	64.50	57.50	48.75	46.00	49.75	56.25	58.75	62.50	64.50	69.00	72.50	70.50	63.75	62.75	62.50	62.25	63.25	59.75	55.75	58.00	59.25	50.75	45.50	43.00	39.50	34.50	31.75	36.50	45.75	51.00	55.50	57.75	60.75	63.75	64.75	64.75	62.00	56.75	49.00	36.50	31.75	33.50	37.75	55.50	64.00	64.00	61.50	64.25	66.00	67.00	67.00	67.00	67.00	67.00	65.25	63.75	63.75	63.25	63.25	63.50	63.00	63.00	63.00	62.75	62.00	61.50	60.75	59.75	58.75	58.00	57.75
27.50	29.00	31.00	28.50	27.00	29.50	30.00	28.00	28.50	27.50	27.00	24.50	23.50	25.50	27.50	25.50	23.00	23.50	28.00	25.00	20.00	19.00	17.50	18.50	19.00	17.50	17.50	17.50	17.50	16.00	16.00	19.00	15.00	13.00	12.00	16.00	18.50	14.00	9.50	9.50	9.50	9.50	11.50	10.50	9.00	9.00	13.00	15.00	13.00	12.00	12.00	17.50	19.00	20.00	20.50	24.00	28.00	31.00	32.00	30.50	31.50	33.50	37.00	42.50	44.00	44.50	40.00	37.50	35.00	28.50	24.00	23.00	30.00	35.00	32.00	22.50	6.00	4.50	2.50	4.50	5.00	7.00	12.00	14.50	16.50	17.50	17.00	19.50	20.00	15.00	14.00	14.50	18.00	22.00	26.00	26.50	25.00	20.00	13.50	10.50	8.50	8.50	7.50	7.00	6.00	6.00	6.00	6.00	6.00	6.00	6.00	6.00	6.00	6.50	7.00	6.50	5.50	3.50	3.00	5.00	11.00	18.00	20.50	19.50	13.00	7.50	7.00	4.50	3.00	5.00	7.50	11.00	16.50	15.50	15.50	17.50	18.00	16.50	16.50	23.00	29.50	32.50	34.00	31.50	29.50	38.50	42.00	43.00	41.50	39.50	38.50	36.50	33.00	30.00	32.50	42.50	48.50	51.50	53.50	55.00	59.00	56.50	54.00	56.50	55.00	51.50	50.50	49.50	44.50	40.00	46.00	57.00	58.50	59.00	58.00	59.50	57.00	53.00	58.50	65.50	65.50	61.00	63.50	67.50	68.00	66.50	60.50	52.50	44.00	44.00	53.00	58.50	62.00	65.50	70.00	73.00	71.00	62.50	61.00	64.00	65.00	67.00	63.00	58.00	60.50	60.50	49.50	46.50	50.00	45.50	37.00	31.50	34.00	42.00	48.50	57.50	61.50	64.00	63.50	64.00	64.00	63.50	59.00	50.00	37.00	31.50	31.50	35.00	54.50	64.00	64.00	61.50	64.00	66.00	67.00	67.00	67.00	67.00	67.00	66.00	64.50	65.00	64.50	64.50	65.00	64.00	64.00	64.00	64.00	63.50	63.00	63.00	62.00	62.00	62.00	61.00
31.00	30.50	29.50	28.00	27.50	30.00	30.50	29.50	28.50	26.50	25.50	24.50	25.00	26.50	26.00	25.50	26.00	26.50	28.00	25.50	20.00	20.00	18.00	18.50	19.00	19.00	21.00	17.00	13.00	13.50	12.00	10.00	9.50	12.50	12.50	11.50	15.00	13.50	10.50	11.50	18.50	16.00	18.50	16.50	10.00	9.00	10.50	9.50	7.00	7.00	8.00	14.50	17.50	18.50	19.50	25.50	34.00	37.50	37.00	38.50	36.50	35.50	39.00	42.50	42.50	42.00	41.00	37.00	35.00	30.00	25.00	26.00	33.00	34.50	29.50	12.50	2.00	2.00	2.00	2.00	4.00	8.00	15.50	19.00	17.50	16.50	18.00	22.50	20.00	14.50	9.00	7.50	12.00	17.00	25.00	26.50	27.50	20.50	11.50	6.50	6.00	5.50	7.00	8.00	7.00	6.00	6.00	6.00	6.00	6.00	6.00	6.50	6.50	6.00	6.00	6.00	6.00	6.00	6.50	7.50	7.50	9.00	13.50	15.50	10.50	6.00	6.50	6.00	4.50	9.50	10.50	7.50	9.50	11.00	16.00	20.00	23.00	23.50	20.00	19.50	20.00	21.50	24.50	27.00	29.00	35.00	36.50	40.00	42.50	45.00	48.00	46.00	40.50	34.50	29.50	33.00	36.00	39.00	43.50	50.50	53.50	47.50	45.50	53.00	60.00	58.50	54.50	49.00	49.00	45.50	43.00	51.50	49.50	50.50	50.50	48.00	47.00	48.00	53.50	57.00	56.50	56.50	61.00	66.00	67.00	66.50	63.50	57.50	49.50	44.50	48.00	54.00	57.50	62.50	70.50	74.50	73.50	67.50	67.00	69.50	68.00	67.50	64.00	62.50	62.00	59.00	48.50	49.50	60.50	60.50	52.00	40.00	33.50	33.00	38.50	48.50	54.00	59.50	62.50	59.00	56.00	58.00	51.50	44.50	45.00	43.00	44.50	48.50	59.00	64.00	64.00	62.00	64.50	66.00	67.00	67.00	67.00	67.00	67.50	67.00	65.00	65.00	64.00	63.50	63.00	62.00	62.00	62.00	62.00	61.50	61.00	61.00	61.00	60.50	60.00	60.00
32.50	30.50	30.50	27.00	27.50	27.00	28.50	30.00	28.50	25.00	23.50	25.50	24.50	27.50	28.00	29.50	31.50	30.00	28.00	25.50	19.50	18.50	16.50	19.50	22.00	20.50	17.00	13.50	12.00	11.00	10.00	11.50	17.50	21.50	19.00	12.00	10.00	10.00	13.00	18.50	18.00	17.00	23.00	23.00	19.00	12.50	10.00	6.00	6.00	5.00	6.50	11.00	15.50	19.50	21.00	21.50	26.50	30.50	30.50	34.00	34.50	39.00	41.50	41.50	38.50	39.00	43.50	42.50	38.50	31.50	26.00	27.50	33.50	30.50	22.50	8.50	2.00	2.00	2.00	2.50	5.00	6.00	15.00	17.50	15.00	15.00	18.50	20.00	12.50	6.00	5.00	5.00	10.00	14.00	18.50	20.50	24.50	21.00	11.00	4.00	3.50	4.50	9.50	11.50	10.00	6.50	6.50	6.50	6.00	6.00	6.00	6.00	6.00	6.00	6.00	6.00	6.00	6.00	6.50	7.00	6.50	7.00	6.00	8.00	7.00	6.00	6.00	5.50	4.50	7.00	10.00	11.50	12.50	13.50	14.00	14.50	18.50	21.50	25.50	30.00	30.00	24.50	21.50	19.00	22.50	31.50	35.50	36.50	40.00	42.50	47.00	48.50	43.50	36.00	32.00	33.00	34.50	38.50	43.50	44.00	41.50	43.50	46.50	55.00	62.00	62.50	58.50	53.50	54.50	52.00	43.50	44.50	42.50	42.50	47.00	50.00	51.00	51.50	50.00	53.00	56.50	60.50	62.50	65.00	67.00	65.00	60.50	58.00	53.00	46.50	48.50	57.00	64.50	63.00	66.00	71.00	71.50	71.50	71.00	68.00	69.00	68.50	66.50	63.50	58.00	54.00	53.00	57.00	62.00	62.00	58.00	49.50	38.50	32.00	32.50	35.00	39.00	46.50	50.00	50.50	48.50	46.50	44.00	48.00	57.00	55.00	51.00	55.50	61.50	64.00	64.00	61.00	63.50	65.00	67.00	67.00	67.00	67.00	67.00	67.50	65.50	65.00	63.00	62.50	61.50	61.00	61.00	60.00	60.00	59.50	59.00	60.00	60.00	60.00	59.50	59.00
30.50	31.50	28.50	27.00	30.50	31.50	31.50	31.50	29.00	24.50	23.50	27.50	27.50	25.50	22.50	20.50	22.50	28.00	30.50	25.00	28.50	27.50	18.00	19.50	20.50	19.50	19.00	15.00	13.00	14.00	11.50	11.50	14.00	18.00	17.50	14.50	12.00	9.50	11.00	21.50	20.00	20.00	22.00	21.00	21.00	15.50	7.50	7.00	5.50	6.50	8.50	13.00	16.00	16.50	17.00	22.00	26.00	27.50	26.50	25.50	24.50	31.50	35.50	36.00	37.00	40.00	43.00	40.50	39.50	33.50	28.00	28.50	31.50	30.00	23.50	14.50	3.50	3.50	6.00	8.00	8.50	7.00	8.00	10.50	10.50	12.50	15.00	15.50	6.00	5.00	5.00	5.00	11.00	16.00	23.50	27.00	28.50	22.50	14.00	7.50	3.00	4.00	6.00	5.50	5.00	5.50	6.00	7.00	7.00	6.50	6.00	6.00	7.00	6.50	6.00	6.50	6.00	6.00	6.50	6.00	6.50	6.50	6.50	7.00	7.00	7.00	7.00	6.00	5.00	5.00	6.00	11.00	16.50	17.00	18.50	19.50	20.50	19.00	23.00	30.50	35.50	33.00	27.50	21.00	18.50	20.00	23.00	29.50	37.50	40.00	42.00	43.50	33.00	27.50	32.50	42.50	44.00	44.50	44.50	39.50	32.00	37.50	46.00	52.50	54.50	62.00	65.50	63.50	60.00	56.00	49.50	48.00	44.50	45.50	52.50	59.50	62.00	63.50	59.00	61.00	64.50	63.50	65.00	66.50	67.00	67.50	65.50	60.50	51.00	44.50	46.00	52.50	63.00	66.50	67.50	69.50	70.00	69.50	65.00	61.00	61.00	62.00	60.50	57.50	53.00	55.50	61.50	63.00	63.50	60.50	59.50	55.50	44.00	37.00	38.00	37.00	35.50	35.50	35.00	36.50	37.00	39.50	47.00	55.50	59.50	62.00	57.50	58.00	62.50	64.50	64.00	59.00	61.50	63.50	67.00	67.00	67.00	67.00	67.00	67.50	66.00	65.00	64.00	63.00	60.50	60.00	60.00	60.00	59.50	59.00	58.00	59.00	59.00	59.00	59.50	58.00
22.00	22.50	26.00	26.50	28.50	29.50	30.50	33.00	31.50	26.50	28.00	32.00	30.00	24.00	17.00	17.00	17.00	20.00	22.50	24.00	28.50	28.50	26.00	26.00	23.50	22.00	18.50	16.00	16.00	15.00	15.50	14.00	17.00	16.00	15.00	12.50	11.00	11.00	14.00	19.00	19.00	22.50	22.50	25.00	22.50	17.50	10.00	7.50	6.00	8.50	11.00	15.00	18.00	19.00	17.00	23.50	33.00	35.50	34.50	28.00	21.00	25.00	29.00	33.00	41.00	47.00	47.00	44.50	42.00	35.00	31.50	32.00	31.50	29.00	26.00	20.50	13.00	9.50	8.50	10.00	10.00	8.00	6.00	7.00	6.50	11.50	12.50	11.00	10.50	6.00	5.00	7.50	14.50	18.00	25.50	29.50	30.50	23.50	16.00	9.50	5.00	4.50	5.00	5.50	6.00	5.50	6.50	7.00	6.50	6.50	6.50	7.00	7.00	6.50	6.00	6.00	6.00	6.00	6.00	6.00	6.00	6.00	6.00	6.00	6.00	6.00	6.00	7.00	6.50	5.50	6.00	7.50	11.00	12.50	16.50	22.00	25.50	26.50	29.00	32.50	36.50	29.50	24.50	26.00	25.50	20.00	19.00	21.00	23.50	25.50	35.00	38.00	31.50	26.50	31.50	43.00	44.50	43.50	43.00	37.00	31.00	39.50	46.00	45.50	41.50	50.00	56.50	58.00	56.50	53.50	54.00	59.50	54.50	49.50	51.50	58.50	66.00	68.50	66.50	68.50	66.00	67.00	69.00	67.00	66.00	64.50	60.00	52.50	47.00	45.50	51.00	49.50	54.50	60.00	64.00	68.00	69.00	69.00	66.50	62.00	58.00	54.50	54.50	56.00	56.50	58.50	63.50	64.50	63.00	60.50	55.50	49.00	40.50	41.00	48.50	50.50	47.50	42.00	34.00	32.00	33.50	40.00	50.00	58.50	61.00	62.50	60.50	60.00	62.50	64.00	64.00	59.00	62.00	63.50	67.00	67.00	67.00	67.00	67.00	67.50	66.00	65.00	63.00	56.00	52.00	52.00	52.50	54.50	56.00	57.00	57.00	58.00	59.00	59.00	59.50	58.00
21.25	20.25	22.25	24.00	27.50	29.00	30.00	32.25	31.25	28.25	29.00	31.00	30.25	24.50	18.25	17.25	17.25	21.50	22.25	22.50	26.25	27.00	25.00	25.50	24.25	23.00	19.25	17.50	19.25	18.50	18.25	18.00	19.00	15.00	14.25	12.50	11.50	11.50	16.75	21.50	19.50	20.75	20.75	24.25	22.75	14.75	10.25	9.25	8.00	9.50	10.75	14.50	17.50	19.75	18.75	22.00	30.50	34.75	33.00	26.75	23.50	26.75	29.00	32.00	39.25	44.75	46.00	44.25	41.75	35.75	33.25	34.00	32.50	28.25	25.50	22.00	15.50	11.75	11.25	12.75	13.25	11.25	8.00	6.75	5.75	11.75	13.00	12.00	13.50	13.50	14.50	16.00	18.75	20.00	25.75	29.25	30.75	24.00	16.75	11.00	6.25	6.00	6.25	6.50	6.75	6.75	7.75	8.00	6.25	5.75	5.75	6.00	6.50	6.50	6.50	6.50	6.00	6.00	6.00	6.50	6.00	6.00	6.00	6.25	6.00	6.00	6.00	7.00	7.00	6.25	6.50	7.25	8.50	9.75	14.00	19.50	23.75	26.75	29.50	32.25	34.50	27.25	22.25	23.75	24.00	19.50	21.00	23.25	23.75	24.00	28.50	31.00	27.25	25.75	32.25	43.00	41.50	38.25	37.25	33.75	32.00	42.50	47.00	43.75	37.75	43.75	50.75	53.00	51.75	49.00	50.25	57.25	55.25	53.00	55.50	60.25	66.50	70.50	70.00	70.00	65.50	67.00	69.25	67.00	65.00	62.25	57.00	53.00	49.00	46.75	54.00	54.00	56.25	61.25	63.25	65.00	66.25	66.75	64.00	61.00	58.75	55.50	57.25	59.75	59.75	60.00	64.75	66.25	62.75	60.00	54.75	47.25	41.75	44.75	51.50	54.00	52.50	47.50	37.50	34.75	37.75	42.50	48.25	55.75	60.75	62.25	59.75	59.75	62.50	64.00	64.00	59.00	62.00	63.50	67.00	67.00	67.00	67.00	67.00	67.25	66.00	65.00	63.25	55.00	50.00	49.50	50.50	52.75	55.00	56.25	56.75	57.50	58.50	59.00	59.25	57.50
18.50	18.00	18.25	22.50	27.75	29.25	29.75	30.75	29.75	29.00	29.50	28.25	28.25	25.25	23.00	22.25	21.75	21.75	21.50	22.00	22.75	24.00	22.50	23.75	23.50	22.25	21.50	22.75	24.25	21.75	18.50	18.50	17.75	12.25	11.75	11.25	10.75	11.50	17.50	21.00	17.50	15.50	15.00	18.75	20.75	13.25	11.00	10.25	9.00	10.50	11.00	15.00	16.50	19.75	21.25	21.00	27.00	31.25	31.50	28.75	31.00	35.00	34.75	34.50	38.00	40.25	42.00	42.25	40.50	39.25	38.00	37.00	34.50	29.00	26.00	25.50	21.25	15.75	16.75	20.00	20.75	17.75	12.00	7.75	6.00	13.00	12.50	14.00	17.25	22.75	27.50	27.75	24.00	22.75	26.00	29.00	30.25	24.75	18.50	13.75	9.25	8.75	9.00	8.75	8.75	9.00	9.75	10.00	7.00	6.50	5.25	4.75	5.50	6.25	6.25	6.75	7.00	6.50	6.25	6.50	6.00	6.00	6.00	6.25	6.00	6.00	6.25	6.75	6.75	6.50	6.75	7.25	6.50	6.75	8.50	13.00	18.75	24.00	26.50	28.50	29.25	23.50	18.75	17.75	18.25	19.25	25.75	28.50	27.00	26.50	24.00	23.75	21.25	22.50	28.25	37.25	35.75	31.50	29.50	28.50	31.50	42.00	45.00	40.50	34.25	37.50	45.25	48.50	47.75	44.50	42.50	47.50	52.25	56.00	59.50	61.25	66.00	71.25	72.00	71.00	64.75	68.75	71.50	68.50	64.00	60.00	57.25	57.50	51.00	48.25	57.50	61.00	60.50	63.00	64.25	64.25	64.25	61.75	61.50	61.50	60.50	56.50	61.00	65.00	64.75	63.00	65.00	65.75	59.50	56.50	50.25	44.25	45.50	52.25	57.25	59.75	58.50	54.75	44.25	40.00	45.50	48.75	47.25	49.25	55.50	59.75	59.50	60.25	62.75	64.00	64.00	59.50	62.25	63.75	67.00	67.00	67.00	67.00	67.00	67.00	66.00	65.00	63.50	53.75	47.75	46.00	47.50	49.50	52.50	54.75	55.75	56.50	57.50	58.50	58.50	56.25
13.50	15.75	16.50	21.00	27.25	29.50	30.75	30.25	26.50	25.00	26.25	24.50	25.75	25.25	26.00	27.25	25.25	21.50	21.00	23.75	22.50	23.00	21.00	21.75	20.00	17.50	18.50	22.75	24.50	20.75	14.50	12.50	12.00	9.75	9.75	9.75	9.25	10.00	13.25	15.25	12.75	11.00	10.50	12.00	14.75	12.50	10.00	9.25	8.50	10.50	12.00	16.00	16.00	18.00	20.50	24.25	30.50	32.00	31.75	32.00	37.00	42.75	43.00	41.25	41.50	41.50	40.25	40.75	42.00	45.50	43.75	38.75	35.25	30.75	28.50	29.25	25.25	17.75	19.25	23.75	22.75	18.50	12.50	10.25	9.25	12.00	9.75	15.00	18.75	24.25	29.25	30.50	24.75	23.00	25.25	28.00	29.50	25.25	20.25	16.50	12.75	11.50	12.00	11.50	11.50	11.50	11.75	12.00	9.25	9.25	6.75	5.25	5.00	5.00	4.75	5.50	7.00	6.50	6.50	6.50	6.50	6.00	6.00	6.00	6.50	6.50	6.50	6.25	6.00	6.00	6.25	6.75	7.00	6.50	5.50	7.00	11.50	15.50	18.00	20.25	22.00	21.50	18.50	16.00	16.00	22.25	31.00	33.50	32.00	32.75	29.25	27.00	24.00	23.00	22.75	25.50	27.00	25.50	24.75	25.75	29.00	34.75	35.75	33.50	31.25	37.00	46.50	50.00	50.25	47.25	38.75	36.25	43.25	49.75	53.50	55.75	62.50	69.50	70.50	67.00	63.75	72.00	73.75	72.00	67.75	64.00	63.00	62.75	51.50	50.50	60.25	65.25	65.50	65.00	67.50	68.25	67.50	62.50	62.00	59.75	58.75	55.50	61.50	66.50	66.25	65.25	65.25	62.75	58.00	53.75	46.00	43.00	49.50	58.00	61.25	62.75	60.25	56.50	48.00	41.75	46.50	52.00	50.25	46.75	47.75	52.75	58.75	61.25	62.50	63.50	63.25	59.50	62.00	63.50	67.00	67.00	67.00	67.00	67.00	67.00	65.75	65.00	63.50	55.25	47.75	45.75	45.00	47.25	49.75	52.25	53.75	55.00	56.00	57.00	57.25	54.75
10.50	13.50	15.00	18.50	25.50	29.00	31.50	30.50	24.50	22.00	23.50	22.50	25.50	25.00	25.50	27.50	24.50	22.50	21.00	24.50	23.50	23.50	21.00	21.00	18.00	14.50	14.00	19.00	23.00	20.00	13.00	10.00	9.50	9.00	9.50	9.50	9.00	9.00	11.00	12.50	10.50	10.00	10.00	10.00	11.00	10.50	8.50	9.00	9.00	10.50	12.50	16.00	16.00	17.00	19.00	27.00	35.00	35.50	32.00	32.00	38.00	44.00	45.50	44.50	44.50	45.00	41.50	41.00	44.50	49.00	46.50	39.50	35.00	31.00	30.00	31.00	26.00	18.00	19.00	23.00	20.50	16.00	11.00	11.50	11.50	10.00	8.00	15.00	19.50	24.00	27.50	30.00	24.50	22.50	24.50	27.00	29.50	25.50	21.00	18.00	14.50	13.00	13.50	13.00	13.00	13.00	13.00	13.00	10.50	10.50	8.00	6.00	5.00	4.00	4.00	4.50	6.00	6.00	6.50	7.00	7.00	6.00	6.00	6.00	7.00	7.00	6.50	6.00	6.00	6.00	6.00	6.00	7.00	6.50	5.50	5.00	7.50	10.00	13.00	15.50	18.00	21.00	19.50	18.00	18.00	25.00	33.50	35.50	34.00	35.00	32.50	30.50	28.50	26.00	22.00	19.50	21.00	21.00	22.00	25.00	28.00	31.00	29.50	28.00	28.00	36.50	47.50	51.00	52.00	50.00	39.00	32.50	38.00	44.00	47.50	51.00	60.00	69.00	70.50	63.50	63.00	73.50	74.00	74.00	71.50	68.00	65.50	64.00	52.00	52.50	62.50	67.00	68.00	66.50	69.00	70.00	70.00	66.00	62.50	56.50	56.00	54.50	61.00	66.50	66.00	66.00	66.50	62.00	59.50	54.00	45.50	43.00	51.00	60.00	62.50	63.50	61.00	56.50	48.50	41.00	44.00	51.50	52.50	48.00	45.00	48.00	57.50	61.50	62.00	63.00	62.50	59.00	61.50	63.00	67.00	67.00	67.00	67.00	67.00	67.00	65.50	65.00	63.50	57.00	48.00	46.50	43.50	46.50	48.50	50.50	52.50	54.00	55.00	56.00	56.50	54.00
4.75	5.75	6.25	7.50	14.00	19.25	22.75	24.00	24.00	26.75	27.50	27.25	28.00	26.50	22.75	21.50	21.25	22.75	23.75	23.25	23.75	23.75	18.25	16.00	12.25	11.75	10.75	10.75	12.25	14.25	13.50	13.25	11.00	9.25	9.25	10.75	10.50	9.25	10.00	13.25	10.50	10.00	10.00	10.00	12.25	9.00	8.00	8.75	10.25	16.00	20.50	21.75	20.75	20.75	26.75	35.00	40.25	42.75	42.00	39.00	40.00	41.50	38.50	40.50	45.75	48.00	48.00	46.50	48.50	48.50	43.00	37.00	32.75	33.00	34.75	34.50	26.75	22.00	23.25	22.50	16.25	13.50	11.00	9.00	9.25	10.00	13.25	22.75	23.75	24.50	29.50	32.00	28.25	24.75	26.50	29.00	30.75	28.25	25.25	23.00	20.75	20.50	20.50	20.50	20.50	20.00	20.25	20.25	19.75	21.25	22.00	18.50	11.50	6.75	6.00	5.00	3.75	4.00	5.00	5.50	6.25	5.75	6.50	6.00	6.25	6.75	6.50	6.25	6.00	6.00	6.00	6.00	5.75	5.75	5.00	4.75	7.00	10.50	15.50	21.75	26.25	29.25	27.00	24.75	25.50	28.00	31.00	33.00	35.00	36.50	34.50	29.75	24.00	22.25	23.50	24.50	22.75	22.25	21.50	22.25	23.50	29.00	32.75	37.00	37.25	34.75	36.75	38.00	39.75	40.25	41.00	43.25	43.25	41.75	40.25	42.00	47.50	53.75	54.25	53.75	59.00	66.25	68.75	70.50	71.50	70.75	64.75	59.75	57.00	54.75	61.75	66.75	68.50	69.75	70.75	70.00	69.75	68.50	62.00	58.50	60.75	57.25	61.50	66.25	68.25	67.75	65.75	62.75	60.75	58.75	51.50	47.25	53.75	60.00	62.50	64.00	63.75	60.75	50.50	42.50	41.00	45.00	49.25	51.75	52.25	49.00	49.50	50.50	58.00	61.75	61.75	59.50	61.50	63.00	67.00	67.00	67.00	67.00	67.00	67.00	65.50	65.00	63.50	61.00	51.50	48.75	45.50	44.25	46.00	47.50	48.25	49.25	49.50	49.50	49.25	48.25
3.50	4.50	5.00	5.50	11.50	15.50	18.00	19.50	25.00	30.50	30.50	30.50	29.00	27.50	21.50	21.00	23.00	26.00	25.50	22.50	22.50	23.50	17.00	15.50	11.50	11.00	10.00	9.50	9.50	10.00	12.50	16.00	13.00	9.50	9.00	11.50	12.00	9.50	9.50	11.50	11.00	10.00	10.00	10.00	12.00	8.50	9.50	10.50	12.00	18.50	23.50	25.00	23.50	23.50	31.00	38.00	40.50	43.50	47.00	44.50	44.50	43.50	37.50	38.50	45.00	48.00	49.00	49.00	49.50	45.00	38.50	34.00	31.50	33.50	35.00	34.50	27.50	24.00	25.00	24.00	17.50	14.50	12.50	10.00	8.50	9.50	14.50	24.50	24.50	25.00	30.50	33.50	30.00	25.50	27.50	29.50	31.00	29.00	26.50	24.50	23.00	23.00	23.00	23.00	23.00	22.00	22.50	22.50	22.00	24.50	26.50	23.00	15.50	9.00	8.50	6.50	4.00	4.00	4.00	5.00	6.00	5.00	6.00	5.00	6.00	7.00	7.00	5.50	5.00	5.50	6.00	6.00	5.50	5.00	5.00	4.00	5.50	12.00	21.00	29.00	33.50	35.00	31.00	25.50	25.00	27.50	29.00	30.50	33.50	35.50	32.50	26.50	20.00	19.00	23.00	27.00	25.00	24.00	23.00	23.00	24.00	31.00	35.00	41.00	43.50	38.50	36.00	35.00	36.50	37.50	43.00	49.50	50.50	47.50	42.50	40.00	41.50	46.00	47.50	52.00	56.50	63.00	68.00	70.50	71.00	70.00	63.00	59.00	60.50	57.00	60.00	64.00	67.00	69.50	71.50	70.50	69.50	67.00	61.00	60.50	63.50	60.00	64.00	68.00	69.00	68.50	65.50	63.50	62.00	62.00	55.00	49.00	53.00	58.00	61.50	63.00	63.00	61.00	50.00	43.50	41.50	42.00	46.00	50.50	55.00	52.00	47.00	46.00	56.50	61.50	61.50	60.00	61.50	63.00	67.00	67.00	67.00	67.00	67.00	67.00	65.50	65.00	63.50	62.50	53.00	50.00	46.50	44.50	45.00	47.00	47.50	48.00	48.00	48.00	47.50	47.00
5.00	5.00	5.00	7.00	7.50	8.00	7.00	8.00	19.50	28.50	29.50	32.00	31.00	27.00	17.50	16.00	20.50	25.50	25.00	19.50	14.50	14.50	13.50	13.50	12.00	12.50	12.50	11.00	9.50	11.00	12.50	13.50	13.00	11.50	9.00	12.50	14.50	12.50	14.00	16.00	12.50	12.50	12.00	14.00	15.50	12.50	17.00	19.50	22.00	28.50	33.50	31.00	25.50	27.00	38.00	46.00	42.50	40.00	46.00	48.50	52.00	49.00	42.50	39.00	41.50	45.50	47.50	45.50	42.00	34.50	28.50	24.00	23.50	27.50	29.50	33.00	34.00	31.50	28.50	28.50	26.00	23.00	21.00	19.00	14.00	11.00	12.50	15.50	18.50	25.00	34.50	36.00	32.50	28.50	27.50	29.00	30.00	29.50	28.00	26.50	26.00	26.00	26.00	26.00	26.00	26.00	26.00	26.00	26.00	28.00	27.00	25.00	20.50	19.00	21.50	16.50	12.50	10.00	6.00	7.00	7.00	5.00	4.00	4.00	4.50	5.00	5.00	5.00	4.50	4.50	5.00	5.00	4.00	4.00	3.50	4.00	5.50	14.50	27.00	38.00	39.50	30.00	23.00	18.50	16.00	13.00	13.00	13.50	15.50	17.50	17.50	13.50	10.00	13.50	25.50	34.50	31.00	27.50	23.00	22.00	24.50	27.50	34.50	42.50	48.50	49.00	48.00	47.00	48.00	46.00	45.50	51.50	58.50	60.00	56.50	51.50	47.50	43.50	44.00	49.00	54.00	63.50	66.50	68.50	69.00	66.00	64.00	68.00	65.50	60.50	62.00	67.00	72.50	73.50	72.00	68.50	68.00	61.50	58.00	64.50	68.00	62.00	60.00	66.50	69.50	68.50	62.00	58.50	58.00	56.50	53.50	53.50	59.00	62.00	62.00	60.50	59.50	54.00	49.50	50.50	51.50	43.50	39.00	46.00	56.50	58.00	50.50	47.50	56.00	61.00	61.50	60.00	62.50	63.50	67.00	67.00	67.00	67.00	67.00	66.50	65.00	65.00	63.50	63.00	58.50	53.50	48.50	47.00	44.50	44.50	45.50	46.00	46.00	46.00	45.00	44.50
4.00	5.00	6.50	5.00	6.50	5.50	3.50	4.50	14.00	18.00	22.50	29.50	29.00	26.50	20.00	15.50	19.00	19.50	18.00	20.50	23.00	22.50	21.00	21.50	19.50	15.00	11.50	11.00	11.00	15.00	12.50	10.00	10.00	10.00	11.00	11.50	14.00	16.50	19.00	18.00	13.00	14.00	13.50	13.50	18.00	20.00	25.50	30.00	31.50	35.50	34.00	25.00	21.50	24.00	35.50	43.00	41.00	36.50	39.50	41.00	44.50	47.50	48.00	48.00	49.00	47.50	41.00	31.50	25.00	19.00	17.00	16.50	15.00	18.50	21.50	26.50	36.00	35.00	30.50	30.00	29.50	30.00	33.50	28.00	20.50	16.00	18.00	17.00	18.00	25.00	33.50	34.00	31.50	29.50	28.00	29.50	30.00	29.50	29.00	29.00	28.00	28.00	28.00	28.00	28.00	28.00	27.50	24.50	21.50	23.00	26.50	27.50	26.00	24.00	20.00	17.00	21.00	18.50	14.50	15.50	15.00	10.00	8.00	3.50	3.50	5.00	5.00	5.00	4.50	4.50	5.00	4.00	4.00	4.00	3.00	3.00	5.00	12.50	23.50	28.50	25.50	15.50	10.50	7.50	5.50	3.50	2.50	2.00	3.00	3.50	4.50	6.50	8.00	11.00	24.00	38.00	39.00	34.00	27.00	22.50	26.50	23.00	25.50	33.50	43.00	52.00	56.00	56.50	58.50	57.50	54.00	60.00	63.50	64.00	59.50	56.50	57.00	54.00	55.00	55.00	53.00	57.50	59.50	63.00	65.00	63.00	65.50	69.50	68.00	67.00	63.00	67.50	73.50	76.50	76.50	74.50	72.50	63.00	60.00	69.50	72.50	66.00	61.50	67.50	70.00	68.00	62.00	61.50	56.50	55.00	53.50	53.00	58.00	62.50	62.50	60.50	60.00	55.00	56.50	59.00	59.00	51.50	43.50	43.00	53.50	58.50	56.50	53.00	58.00	61.00	61.50	61.00	62.50	64.00	67.00	67.00	67.00	67.00	67.00	66.00	64.50	65.00	63.50	63.00	63.00	60.00	52.00	48.50	46.50	44.50	43.00	43.00	43.50	43.00	43.00	43.00
3.75	5.25	6.75	4.50	6.00	5.50	3.25	4.00	13.00	17.00	22.00	27.25	27.25	25.50	18.50	14.50	16.75	17.75	19.00	22.00	24.25	25.25	23.75	24.50	23.75	19.50	16.25	16.50	14.75	15.75	14.25	10.50	10.25	10.25	11.25	12.50	13.75	14.75	16.25	15.00	11.75	12.50	13.50	15.25	20.50	22.75	26.75	30.75	31.75	33.25	29.50	21.25	19.25	23.50	33.50	39.75	38.50	33.75	35.00	37.25	40.00	42.50	43.75	45.75	47.25	46.00	38.50	27.25	20.75	15.00	14.25	15.25	15.50	17.25	20.25	24.25	34.75	35.75	32.25	31.00	30.00	31.25	34.50	28.75	22.25	19.25	21.75	22.00	20.50	24.50	31.25	32.25	30.75	29.75	29.00	29.75	30.00	29.75	29.50	29.50	29.00	29.00	29.00	29.00	29.00	29.00	27.75	23.75	19.75	20.50	25.00	25.50	25.25	23.25	19.25	17.25	21.50	18.50	16.25	18.00	15.50	11.50	10.75	4.00	3.75	7.75	8.00	8.00	6.75	4.25	4.25	3.50	3.50	3.50	2.50	2.50	3.75	9.00	16.25	18.75	16.25	10.00	6.75	4.75	3.75	2.75	2.25	1.75	2.00	2.25	3.50	7.00	10.25	12.75	21.50	35.75	38.50	35.25	28.50	23.50	27.25	24.50	24.00	27.75	35.50	46.75	54.75	57.75	61.00	61.25	57.75	61.25	66.00	67.00	64.00	61.00	59.50	56.25	58.75	60.00	58.25	59.50	60.75	63.25	63.50	61.50	64.25	67.75	67.00	67.75	64.25	68.00	74.25	76.75	76.75	76.25	75.50	65.25	62.75	71.00	72.50	67.50	63.00	68.00	71.50	69.50	64.50	64.00	59.50	57.25	53.75	54.25	57.00	58.75	58.25	58.00	59.50	57.75	58.75	60.50	58.75	51.75	46.75	44.50	49.50	54.75	56.00	54.75	58.00	60.25	61.00	60.75	62.50	64.25	67.00	67.00	67.00	65.25	62.50	60.25	58.25	58.50	58.25	59.25	63.00	61.50	54.00	48.50	45.50	42.75	41.25	41.50	41.75	41.25	41.50	41.50
4.25	4.75	6.25	4.75	6.25	6.25	4.00	4.25	10.25	14.00	19.50	24.75	25.50	21.75	14.50	12.00	13.25	15.50	19.75	22.75	25.50	28.50	25.00	26.00	27.75	26.75	24.75	25.50	23.00	20.75	18.00	11.75	11.25	11.00	11.50	13.00	12.00	11.50	11.75	11.00	10.75	11.00	15.50	19.25	23.75	23.75	25.00	27.25	27.00	25.25	20.50	16.50	18.25	26.50	34.75	37.25	34.25	29.00	26.50	27.50	30.50	33.25	35.25	38.50	39.75	39.00	32.75	20.50	13.75	10.00	10.75	13.25	15.75	15.50	17.75	20.25	30.25	32.75	32.50	31.50	32.25	34.75	36.25	31.50	25.75	22.75	24.75	29.00	26.25	26.75	29.50	30.25	29.50	29.50	29.50	29.50	29.50	29.50	29.50	29.00	29.00	29.00	29.00	29.00	29.00	29.00	27.75	23.75	19.75	20.00	24.75	26.25	27.25	24.50	19.75	19.50	24.00	21.75	20.00	17.75	12.25	12.00	13.50	5.75	4.50	9.50	11.25	12.25	12.00	6.00	3.75	2.75	3.00	3.50	2.75	2.25	2.25	3.75	5.50	5.50	4.25	2.75	2.00	1.50	1.50	2.00	2.00	1.75	1.50	1.50	2.25	5.00	9.00	11.25	16.25	28.00	32.00	32.25	27.75	24.75	29.75	31.00	28.25	24.25	24.50	34.25	45.75	52.50	60.25	63.50	63.25	64.50	68.00	69.50	70.25	69.25	66.50	62.75	65.50	66.75	64.75	64.25	65.00	65.75	64.50	62.25	63.75	65.25	63.00	64.75	64.75	68.00	72.75	74.25	75.25	76.75	78.00	69.25	67.75	74.50	74.75	72.75	68.00	70.00	74.25	72.25	70.50	68.75	63.00	58.25	54.50	57.75	58.75	57.25	55.50	56.75	58.75	60.25	61.75	62.00	58.50	51.50	50.25	47.25	43.25	48.50	56.00	56.75	54.75	54.00	54.50	55.00	56.50	59.25	67.00	67.00	67.00	61.00	53.75	51.50	50.00	49.75	50.50	51.75	59.50	62.25	57.00	49.00	42.25	37.00	36.00	37.00	37.75	37.00	37.50	35.75
4.50	4.00	5.50	6.00	7.00	6.50	5.50	5.25	7.25	10.25	15.25	21.00	23.25	17.75	12.75	11.50	13.75	17.50	21.25	21.50	24.75	25.50	20.50	21.25	23.75	25.75	27.25	28.75	26.75	24.25	21.00	13.25	12.25	11.75	11.25	11.75	10.75	10.25	10.00	10.00	11.50	12.75	19.00	21.75	24.25	20.00	19.00	20.75	19.50	15.75	12.75	15.75	22.50	34.00	40.75	37.75	30.25	25.75	21.50	19.25	19.75	23.25	26.75	29.50	30.25	30.25	26.00	14.25	9.00	8.50	9.75	12.50	14.75	15.00	16.50	18.50	25.25	27.75	31.25	31.75	34.00	36.75	37.00	35.50	31.00	26.75	24.50	29.25	30.00	33.00	34.25	33.50	31.00	29.75	29.50	29.50	29.50	29.50	29.50	29.00	29.00	29.00	29.00	29.00	29.00	29.00	28.00	24.50	21.00	21.00	25.75	28.75	29.50	27.25	22.75	23.00	26.75	25.75	21.75	13.00	6.00	7.50	9.25	5.25	5.25	9.75	11.25	12.00	13.75	11.00	9.25	6.00	3.25	3.50	3.00	2.75	2.75	2.75	2.25	2.25	2.25	1.75	2.00	1.50	1.50	2.25	2.00	2.00	2.00	2.00	2.00	2.25	4.25	5.00	9.50	17.50	20.00	23.75	24.50	24.25	30.50	37.00	37.00	31.50	25.25	25.75	32.50	39.50	50.25	55.25	59.50	62.75	63.50	64.75	68.75	70.00	70.25	69.75	71.50	71.75	69.25	66.50	67.00	67.75	68.75	68.25	67.75	66.50	62.00	61.00	63.00	66.50	68.00	69.25	72.00	74.25	75.00	72.50	72.25	76.50	77.00	77.25	73.00	72.50	75.50	73.75	75.00	71.50	63.25	58.25	56.25	61.75	63.50	62.00	60.00	60.00	60.00	59.75	61.00	60.50	58.50	54.00	54.25	51.25	42.50	45.25	55.00	55.25	50.00	47.25	47.25	47.75	49.00	53.25	67.00	67.00	67.00	58.25	49.00	48.00	47.50	47.00	47.50	47.50	51.75	56.75	56.50	49.50	38.75	30.00	29.00	31.25	33.00	31.75	32.50	28.25
3.75	3.25	4.50	5.50	7.50	6.25	5.00	4.00	5.00	7.50	11.00	15.50	17.50	15.00	13.75	13.25	17.75	21.25	22.75	20.50	20.50	17.50	13.50	13.25	15.50	17.50	20.50	22.75	20.25	18.00	18.50	13.75	12.75	12.00	11.50	10.75	10.75	10.75	10.50	10.50	11.50	13.00	17.75	19.25	20.75	17.50	16.25	17.50	16.25	12.25	10.00	18.75	27.50	36.50	40.00	33.50	25.75	22.50	19.75	17.25	14.25	15.50	18.25	21.75	23.25	24.25	20.00	8.25	5.75	7.00	9.00	12.75	14.25	15.25	17.75	21.00	25.25	27.50	31.25	31.75	31.25	31.50	32.75	34.50	34.75	33.25	28.25	27.50	30.50	35.00	38.75	37.50	34.25	31.75	31.00	30.50	30.50	30.00	30.00	30.00	30.00	30.00	30.00	30.00	30.00	30.00	28.25	24.00	19.50	18.75	21.75	24.00	25.00	26.25	28.25	28.50	25.50	22.50	17.25	9.25	3.75	3.25	4.50	3.50	4.25	8.00	9.25	10.25	13.25	17.00	19.00	13.50	7.25	5.25	3.50	3.25	3.25	3.25	2.75	5.25	6.75	6.50	7.50	5.00	3.75	2.75	2.00	2.00	2.00	2.00	2.00	2.00	2.50	2.00	4.25	9.75	10.75	17.00	20.00	18.25	24.75	35.00	37.00	35.50	31.75	26.25	25.75	30.25	41.00	45.50	48.50	53.25	52.75	54.00	58.25	60.75	64.50	68.00	70.75	71.50	70.25	67.00	67.50	67.75	68.75	70.25	70.25	69.75	66.50	63.75	62.75	65.75	64.75	65.25	68.00	70.50	71.50	74.75	76.00	77.75	77.25	78.00	75.50	74.50	76.50	76.00	75.00	71.50	64.25	61.00	59.00	65.00	67.00	66.00	64.50	62.75	62.50	62.00	60.25	59.50	59.25	58.00	58.50	54.75	45.25	43.75	49.50	48.00	45.50	44.50	45.00	46.00	47.00	52.25	67.00	67.00	67.00	57.75	48.25	47.25	46.25	45.25	45.75	46.75	46.00	47.50	48.75	44.50	36.25	29.00	27.00	30.50	31.75	30.00	31.50	25.75
3.25	3.00	3.75	4.50	8.00	6.50	4.75	3.50	4.75	5.75	7.75	9.50	10.75	14.25	14.75	13.75	17.00	19.00	18.50	18.00	16.25	12.00	8.50	7.00	7.25	8.25	11.00	12.50	11.00	10.00	10.50	11.25	12.75	12.50	12.25	10.50	10.25	10.50	10.75	10.75	11.00	11.00	12.50	13.50	15.00	14.00	15.50	17.00	16.75	15.00	12.50	21.50	27.50	30.75	30.00	24.00	19.50	17.75	17.50	16.00	15.25	12.75	13.00	16.00	16.50	18.00	13.75	4.75	4.00	6.75	9.50	12.75	14.75	17.25	23.00	27.00	28.50	27.00	27.00	25.50	22.25	20.00	23.25	27.25	31.75	35.25	33.75	29.50	31.00	33.25	38.75	37.50	35.75	34.00	33.50	32.50	32.50	31.25	30.75	30.50	30.25	30.00	30.00	30.00	30.00	30.00	29.00	27.25	24.75	20.75	20.00	21.00	22.75	26.50	35.00	35.25	24.75	18.50	12.00	7.25	5.50	4.25	6.00	4.00	3.50	4.25	6.25	9.50	14.25	22.25	25.25	19.75	12.75	9.25	6.00	5.25	4.50	4.00	4.25	10.50	12.25	13.50	16.75	15.00	11.75	6.50	3.00	2.25	2.00	2.00	2.00	2.00	2.00	2.00	2.75	5.00	6.25	11.75	13.25	10.50	14.75	24.75	27.50	30.75	34.00	31.25	28.50	29.25	37.75	40.50	40.75	42.75	41.75	44.25	48.25	52.00	56.50	60.50	64.50	66.00	66.75	68.75	70.75	71.25	69.75	69.00	67.75	68.50	67.75	67.25	65.75	67.00	64.50	63.50	65.25	66.50	67.75	71.75	74.00	76.25	75.75	77.00	77.00	76.00	76.50	77.75	76.00	73.50	66.00	62.00	59.50	65.75	69.75	68.50	66.75	63.75	63.25	64.00	61.00	60.75	60.25	57.25	56.25	52.25	45.75	46.00	45.25	42.25	42.75	43.75	44.75	46.00	47.00	53.25	67.00	67.00	67.00	58.00	48.25	47.00	45.75	44.00	44.00	46.00	44.25	42.50	39.50	37.50	36.75	35.75	34.50	36.00	35.25	28.00	31.00	29.75
3.00	3.50	4.00	4.50	8.00	6.50	5.50	4.50	5.50	5.00	6.50	5.50	7.50	15.00	15.50	13.50	14.00	15.50	14.50	16.00	15.50	11.00	7.50	5.50	3.50	3.50	7.00	8.00	7.50	7.50	6.00	9.00	12.50	13.00	12.50	10.50	10.00	10.00	10.50	10.50	11.00	10.50	10.00	10.50	12.50	11.00	14.50	17.50	18.00	17.50	14.50	21.50	25.50	26.50	23.50	18.50	15.50	15.00	16.00	14.50	16.00	12.00	12.00	14.00	13.00	14.50	10.00	3.50	3.50	7.50	10.50	12.50	15.00	19.00	27.00	30.50	30.00	25.50	23.00	20.00	16.00	13.50	18.00	23.00	28.50	34.50	36.00	31.50	31.50	33.00	38.50	37.00	36.00	35.00	35.00	34.00	34.00	32.50	31.50	31.00	30.50	30.00	30.00	30.00	30.00	30.00	30.00	31.00	31.00	24.00	22.00	22.50	24.50	28.50	38.00	38.00	26.00	18.50	11.00	7.00	7.00	6.00	8.00	4.50	4.00	3.50	5.00	9.00	14.50	24.50	27.00	22.00	14.50	11.00	7.50	7.00	6.00	5.00	5.50	13.00	14.00	16.50	21.50	22.00	18.00	10.00	4.00	2.50	2.00	2.00	2.00	2.00	2.00	2.00	2.50	3.00	5.00	9.00	10.00	8.00	9.50	17.50	21.00	27.00	34.00	34.50	32.50	31.00	37.00	38.50	38.50	38.00	37.50	41.00	45.50	49.50	53.50	57.50	62.00	64.00	65.50	69.50	72.50	74.50	72.50	69.50	66.00	66.00	66.50	68.00	68.00	68.00	65.00	63.50	65.00	65.00	65.00	68.00	70.50	73.50	74.00	76.00	77.50	76.50	75.50	77.50	78.00	76.00	66.50	61.50	58.50	65.00	71.00	69.50	67.50	64.00	63.00	63.50	61.00	61.50	60.50	55.50	53.50	49.00	45.00	49.00	45.00	42.00	43.00	44.50	45.50	46.00	47.50	54.50	67.00	67.00	67.00	58.50	48.50	47.00	46.00	44.00	43.50	45.50	44.00	42.00	36.50	35.50	38.50	40.50	40.50	39.50	37.50	25.00	29.00	33.00
3.00	3.50	3.50	4.25	6.75	5.25	4.25	3.75	5.25	5.00	5.50	5.50	7.25	15.75	16.50	15.00	14.50	15.25	14.00	14.50	14.75	11.50	7.50	6.25	3.50	4.00	6.50	7.25	7.25	7.50	6.25	10.00	14.00	15.75	15.25	12.00	10.00	10.75	12.75	13.50	12.50	11.00	10.25	11.75	14.50	11.50	12.75	15.25	16.00	17.00	16.50	24.25	26.75	24.75	20.25	16.75	15.25	15.00	14.75	13.75	16.25	12.75	12.25	13.25	10.25	9.75	6.50	4.50	5.50	8.75	12.50	15.50	18.00	20.75	26.00	27.00	23.75	20.50	18.50	16.00	11.00	8.25	15.75	23.75	29.25	33.50	36.00	34.50	34.50	35.75	40.75	38.75	37.50	37.00	36.50	36.00	36.00	35.00	34.00	33.50	33.25	32.50	32.50	32.50	32.50	32.50	33.25	34.00	33.00	27.25	25.25	26.00	28.50	31.25	38.00	37.50	26.00	19.00	12.00	8.50	8.50	7.25	9.50	7.00	6.50	6.00	7.50	11.50	16.75	26.50	28.75	24.00	16.75	13.75	10.75	10.25	9.50	8.75	9.75	16.50	16.50	18.50	21.75	23.25	22.00	15.25	7.50	4.00	2.50	2.50	2.00	2.00	2.00	2.00	2.25	3.00	6.50	10.75	12.75	11.75	10.75	14.25	17.75	24.75	30.75	33.25	33.25	31.75	37.25	40.25	41.25	41.00	39.25	42.50	48.00	53.00	56.25	57.75	61.00	64.25	66.00	68.00	70.50	71.75	70.50	70.00	67.75	66.50	66.00	65.75	65.50	65.50	63.50	63.50	65.25	65.50	64.75	67.50	68.50	69.75	69.75	72.50	75.25	76.00	75.75	76.50	76.50	75.00	69.00	64.25	60.50	64.50	68.75	67.25	66.00	63.75	62.00	62.75	60.00	58.75	56.25	52.25	50.75	49.50	48.25	51.00	47.00	43.75	44.25	45.25	46.25	47.00	49.25	57.25	67.00	67.00	67.00	59.50	49.50	47.25	46.00	44.50	43.25	44.75	43.00	40.25	35.75	34.75	39.25	42.75	45.00	42.25	38.50	28.50	29.75	32.25
2.50	4.00	3.00	3.50	5.25	4.25	3.50	4.00	4.50	3.50	3.75	4.75	6.75	16.00	17.25	16.25	15.75	15.75	15.25	15.75	15.25	12.00	7.00	7.00	4.25	5.25	7.25	7.25	7.00	6.25	7.50	12.00	16.50	21.25	20.00	14.75	10.50	14.25	19.00	19.75	17.75	13.25	11.25	12.75	16.00	13.25	11.75	12.25	12.25	13.75	18.00	25.25	25.50	20.25	15.25	14.75	16.00	15.50	13.50	12.50	14.50	12.25	12.00	11.50	7.75	5.50	3.50	6.25	9.00	13.25	17.75	21.50	21.00	19.25	18.25	14.50	9.25	8.25	9.25	10.00	4.75	2.50	11.50	21.75	27.00	31.50	34.00	40.00	39.75	40.50	44.75	42.25	40.50	40.50	40.00	40.00	40.00	39.75	39.25	39.00	39.25	39.50	39.50	39.50	39.25	38.75	39.25	39.00	36.50	32.25	31.00	33.00	34.75	34.25	37.25	36.00	25.50	19.25	14.00	11.25	11.25	10.25	12.50	11.00	10.50	10.00	11.50	15.50	20.25	28.75	31.00	26.75	20.50	17.50	15.50	15.75	16.75	17.50	19.00	24.25	23.00	22.75	23.25	22.50	23.00	19.50	14.00	10.00	7.25	5.50	2.75	2.50	2.00	2.00	2.00	2.50	5.75	8.50	11.50	16.25	14.75	12.50	16.00	23.75	28.75	31.00	30.50	29.00	32.75	38.50	44.00	46.50	44.50	45.00	49.75	56.00	59.75	59.50	60.50	62.75	64.00	62.50	65.75	65.75	65.25	68.00	69.00	67.25	64.75	63.75	64.00	63.25	59.50	60.50	63.75	64.50	64.25	66.25	65.00	65.75	63.25	65.25	68.50	71.75	73.50	73.25	74.25	73.75	71.25	67.75	65.50	67.00	67.75	65.25	63.50	61.50	58.75	58.50	57.00	55.25	52.75	52.25	51.25	53.50	55.00	56.50	53.75	49.75	48.00	47.50	49.00	50.75	54.75	63.25	67.00	67.00	67.00	61.75	52.00	47.75	46.25	45.00	43.25	43.75	42.25	39.75	36.25	36.00	42.75	44.75	48.75	44.25	42.50	37.00	35.00	36.75
1.50	2.75	2.00	2.25	4.75	4.50	3.75	3.50	3.00	2.00	2.50	3.00	4.50	11.00	13.25	14.75	15.25	15.75	15.25	17.00	15.75	12.75	8.00	8.50	6.75	8.50	8.75	7.75	6.50	5.00	7.75	13.00	16.75	19.75	20.00	16.50	12.25	18.25	24.00	22.50	17.75	14.00	12.25	12.00	13.25	13.25	12.25	12.00	11.50	10.75	16.25	20.25	19.00	15.50	15.25	18.25	19.25	16.75	14.75	13.00	13.00	12.00	11.75	10.25	7.00	6.25	7.25	9.50	11.50	17.00	21.50	23.25	14.50	9.00	6.25	3.25	1.00	1.00	2.75	5.25	3.25	2.75	9.75	17.00	21.00	25.50	28.25	43.00	44.25	44.00	47.25	44.75	42.25	42.00	42.00	42.00	42.00	42.75	43.25	43.75	45.00	46.00	45.75	45.25	44.25	42.50	41.50	40.25	37.25	34.75	35.75	36.75	35.75	33.50	35.25	33.50	24.00	18.50	15.50	14.00	14.25	13.50	15.00	13.75	13.50	12.75	14.50	18.50	22.25	29.25	31.50	28.00	23.00	19.25	19.00	21.00	24.25	26.50	28.25	30.25	26.00	24.00	24.25	21.50	20.00	19.25	19.00	17.00	16.00	13.75	6.50	6.25	4.00	2.75	2.00	2.00	2.75	3.25	5.00	13.75	18.50	18.00	20.25	26.75	31.25	32.50	30.25	27.50	26.75	31.00	39.25	46.25	48.50	48.25	51.50	56.50	61.00	62.75	63.00	62.50	61.25	55.00	57.00	58.50	61.50	64.25	65.00	64.75	60.50	60.50	64.00	63.75	58.25	58.25	59.50	60.00	61.75	63.00	61.00	63.50	59.75	59.75	60.25	64.50	67.50	67.75	70.00	71.25	70.00	68.50	69.50	70.50	69.75	67.50	65.00	62.00	58.25	57.50	59.00	59.00	58.75	59.00	57.25	59.50	59.25	60.00	60.25	56.50	52.75	52.25	55.25	58.00	61.75	66.75	67.00	67.00	67.00	64.25	55.00	49.00	46.75	45.25	44.00	43.50	42.00	41.25	37.75	37.00	45.00	43.75	46.50	43.75	44.50	42.50	39.50	41.00
1.00	1.00	1.00	2.25	5.25	5.25	4.00	3.00	3.25	2.25	2.00	2.00	2.25	4.75	6.75	8.75	9.00	10.25	9.75	12.25	10.25	10.50	9.75	10.00	8.75	10.75	9.75	9.50	9.50	8.50	9.25	16.50	18.25	13.75	16.00	15.75	12.75	18.25	22.75	20.00	13.25	12.75	14.00	11.00	11.00	12.25	12.75	12.50	11.00	10.50	15.25	17.50	15.75	15.50	20.25	26.25	25.00	20.00	18.00	16.75	14.25	13.75	11.75	10.00	7.50	8.75	13.25	14.25	16.75	20.75	22.25	17.25	4.50	1.50	1.00	1.00	1.00	1.00	1.50	2.75	4.75	7.50	12.50	13.75	15.75	17.50	22.75	42.25	48.75	47.25	48.50	45.50	42.00	41.25	40.50	40.75	41.25	43.50	45.25	47.50	49.75	50.75	49.50	47.75	45.75	42.50	40.75	38.50	35.75	35.00	36.50	36.00	33.00	31.00	32.00	30.25	22.75	18.75	17.50	17.00	17.50	16.75	17.50	16.50	16.50	16.00	17.75	21.00	23.75	29.50	31.25	28.75	24.75	21.00	22.25	25.75	30.25	33.00	35.25	29.50	20.50	18.00	19.25	21.75	22.50	24.50	24.00	22.00	23.25	21.75	13.75	12.50	11.75	7.75	3.50	1.75	1.50	1.75	3.00	11.75	21.00	25.50	26.50	30.00	33.00	36.50	34.25	31.75	29.25	29.00	32.00	39.50	44.00	46.25	50.75	55.00	58.00	60.50	63.00	63.00	60.00	51.25	49.25	52.50	58.25	59.75	58.75	57.75	53.50	54.50	59.75	59.25	57.75	58.00	57.75	58.75	58.50	56.00	55.00	57.50	56.75	58.75	59.50	62.75	64.50	64.50	64.75	66.50	67.25	68.00	69.00	69.75	70.25	70.00	68.25	66.00	61.75	63.75	65.25	64.25	63.50	63.25	61.75	63.25	61.75	60.75	61.50	59.25	58.00	59.50	62.00	63.75	65.25	67.00	67.00	67.00	67.00	65.75	58.00	50.50	47.25	46.00	45.00	44.00	42.50	43.50	42.75	37.25	39.00	39.00	42.50	42.50	42.50	41.75	38.00	40.50
1.25	1.00	1.00	3.00	6.00	6.00	4.50	4.00	3.75	2.25	2.00	2.00	1.50	2.50	3.50	4.00	4.25	5.00	7.50	8.50	5.75	8.50	11.50	12.00	11.50	12.25	13.75	14.75	15.75	15.25	14.75	20.50	21.50	12.25	12.25	14.25	12.75	15.50	18.00	15.50	10.25	11.00	14.25	11.00	12.00	16.50	18.25	16.50	12.25	10.50	13.25	16.25	16.50	19.25	26.50	31.75	29.00	24.00	19.25	18.00	14.75	13.50	10.25	8.00	10.00	13.25	15.00	16.25	21.00	24.00	21.50	11.50	1.00	1.00	1.00	1.00	1.00	1.50	3.50	5.25	9.75	14.75	12.75	8.25	9.00	12.25	16.50	35.75	48.25	48.50	48.25	45.00	41.00	40.00	38.00	38.50	40.50	43.75	46.75	50.25	52.00	52.00	50.25	47.75	45.75	42.25	40.00	36.50	33.25	32.00	31.25	30.75	28.00	27.25	28.50	27.75	23.00	20.50	20.50	20.25	20.25	20.00	20.50	19.50	19.50	19.50	20.75	23.25	25.25	29.50	30.75	29.00	26.00	22.75	24.50	29.25	34.25	37.00	38.75	27.75	17.75	14.25	14.50	22.50	27.25	32.00	29.25	27.75	26.75	24.75	20.25	17.25	18.25	12.75	7.25	3.75	2.25	2.25	4.25	12.25	20.25	25.50	26.75	28.50	29.25	35.75	36.25	34.75	34.50	33.00	31.00	33.75	35.00	37.50	43.00	48.00	48.75	49.50	53.75	58.25	56.75	47.75	44.50	48.75	53.75	54.25	54.00	52.00	47.25	49.25	52.25	50.75	52.75	54.25	55.75	57.75	56.25	54.75	54.25	54.25	55.25	60.00	64.50	66.25	66.50	65.75	64.00	65.25	64.75	64.75	64.00	64.75	66.75	68.50	68.75	68.75	65.50	67.50	68.50	67.25	65.00	63.25	61.25	62.00	62.50	61.50	60.25	59.75	62.25	64.25	64.75	65.00	65.50	67.00	67.00	67.00	67.00	66.25	61.00	52.00	47.75	46.75	46.00	45.00	42.50	42.75	42.00	36.50	33.75	34.00	37.00	38.25	39.00	39.50	36.50	38.75
1.50	1.00	1.00	3.00	6.00	6.00	4.50	4.00	3.00	2.00	2.00	2.00	1.00	2.00	3.00	4.00	4.50	4.50	9.00	8.00	6.00	9.50	13.00	14.00	14.00	14.00	17.00	18.00	18.50	18.50	18.00	21.00	22.50	12.50	10.50	14.00	13.50	14.00	15.50	13.00	8.00	9.50	13.00	11.50	13.00	20.50	23.00	20.50	15.00	10.50	11.00	14.50	16.50	21.00	29.50	33.00	29.50	25.50	18.50	16.50	14.50	12.50	9.00	6.00	11.00	15.50	14.00	16.00	21.00	24.00	20.50	10.50	1.00	1.00	1.00	1.00	1.00	2.00	5.00	7.50	13.00	18.00	10.50	4.00	4.50	10.00	12.00	30.50	45.50	48.00	47.50	44.50	40.50	39.50	37.00	37.50	40.50	44.00	47.50	51.00	52.00	50.50	49.00	46.50	45.00	42.00	39.50	35.50	31.50	29.50	27.50	26.50	24.50	25.00	27.00	27.00	23.50	21.50	22.00	22.00	21.50	21.50	22.00	21.00	21.00	21.00	22.00	24.50	26.00	29.50	30.50	29.00	26.50	23.50	25.50	31.00	36.00	38.50	39.50	28.50	19.50	15.50	14.50	24.00	29.50	35.00	31.50	31.00	27.50	25.50	22.50	19.00	19.00	13.50	9.50	6.00	3.50	3.00	5.00	11.50	18.00	22.00	23.50	25.50	25.00	33.50	37.50	35.50	36.00	35.00	32.50	32.00	31.00	33.00	38.50	43.50	43.00	42.50	46.50	54.50	54.50	44.50	41.50	47.00	52.00	52.00	52.00	50.50	44.50	46.50	48.00	47.00	49.50	51.50	53.00	55.00	55.00	58.00	57.00	55.00	55.50	60.50	66.50	68.00	68.00	67.00	65.00	66.50	64.00	62.00	60.50	61.00	63.50	66.50	68.50	70.00	67.50	67.50	69.50	69.50	67.00	62.50	59.00	59.50	61.50	61.50	59.50	60.00	63.50	65.00	65.00	65.00	65.50	67.00	67.00	67.00	67.00	66.50	62.50	53.00	48.00	47.00	46.50	45.50	41.50	40.00	36.50	34.50	34.00	33.00	34.00	35.50	36.50	38.50	36.50	36.50
3.00	1.00	1.00	1.50	3.00	4.00	4.00	3.00	3.00	4.00	2.50	2.00	2.00	4.00	3.00	3.50	4.00	4.50	6.00	6.00	6.50	8.00	13.50	18.50	19.50	16.00	15.50	17.00	21.00	27.00	21.50	18.50	25.00	15.50	12.50	14.00	15.00	16.50	16.00	16.00	12.50	12.00	12.50	12.00	21.50	27.50	26.00	22.50	17.50	13.50	12.00	11.00	16.00	21.50	26.50	29.00	30.50	25.00	15.00	13.50	12.50	8.50	8.00	6.50	8.00	14.00	14.00	17.00	21.00	18.50	15.50	13.00	2.00	1.00	1.00	1.00	5.50	7.50	3.50	7.00	13.50	18.00	4.00	3.00	3.00	5.00	10.00	29.00	38.50	45.00	44.50	42.50	40.00	37.50	36.00	36.50	39.50	43.00	45.50	47.00	46.00	45.50	44.50	44.00	42.50	40.00	36.50	32.50	29.50	27.50	26.00	25.50	25.00	25.50	27.00	28.00	25.50	24.50	24.50	24.00	24.00	24.50	25.00	23.50	23.00	24.00	25.00	26.50	27.50	29.50	30.00	29.50	27.50	25.50	27.00	32.00	37.50	40.00	40.50	34.50	29.50	23.00	17.50	22.00	27.50	32.00	30.50	32.50	30.50	28.50	24.50	22.50	12.00	10.00	13.50	8.00	3.00	3.50	5.50	8.00	13.50	22.00	23.50	20.00	16.00	26.00	33.00	32.00	35.50	35.00	29.00	27.50	31.50	31.50	34.00	41.00	40.50	35.00	33.00	39.00	43.00	37.00	35.00	39.50	46.50	51.00	50.50	48.00	40.00	37.50	37.50	40.50	44.50	44.50	45.00	46.50	47.50	57.00	61.00	64.50	64.50	65.50	65.00	65.50	66.00	67.50	66.50	67.00	65.00	60.00	57.50	60.00	61.00	59.50	61.50	65.50	66.50	65.00	67.50	68.50	69.00	68.00	65.50	62.50	57.00	60.50	57.50	57.50	63.50	65.00	65.00	65.00	65.50	67.00	67.00	67.00	67.00	66.50	65.00	55.50	49.00	47.50	47.00	46.50	42.00	40.50	46.00	40.00	38.50	42.00	35.00	31.00	26.50	31.00	35.00	33.00
3.50	2.50	2.00	3.50	6.00	5.00	5.00	4.50	5.00	4.00	6.00	3.50	1.00	1.50	2.50	4.50	4.50	5.50	6.50	5.00	5.00	7.50	9.00	11.00	17.00	22.00	20.00	21.00	26.50	29.50	26.50	16.50	16.50	12.00	13.50	17.50	19.00	22.50	22.50	21.00	18.00	19.00	17.00	20.50	29.50	28.50	25.50	20.00	18.00	15.00	13.50	17.00	20.00	19.00	20.50	22.50	26.00	22.50	17.50	15.50	15.00	9.50	6.00	7.00	5.50	8.00	13.50	19.50	24.50	20.00	17.00	18.00	13.50	5.00	2.00	3.50	10.00	10.50	6.00	6.00	9.00	11.50	3.00	3.00	3.00	3.00	4.00	24.00	32.50	39.50	39.00	37.50	35.00	33.00	32.50	33.00	36.00	39.50	41.50	42.00	42.00	42.00	41.00	39.50	38.50	34.00	31.50	30.00	29.00	28.00	28.00	27.50	27.00	27.50	28.00	28.00	27.50	27.00	27.00	27.00	27.00	27.00	27.00	26.00	26.00	27.00	27.50	29.00	29.00	29.50	30.00	29.50	29.00	27.50	29.00	32.50	37.00	38.50	39.50	35.50	32.50	23.50	17.00	19.50	23.50	25.50	29.00	29.50	26.00	23.00	26.00	22.50	14.50	17.00	21.00	12.00	4.00	3.00	2.00	4.00	9.50	19.00	22.50	18.50	17.00	25.50	32.00	29.00	28.50	29.00	22.50	26.50	31.50	34.50	38.00	39.00	39.00	39.00	33.00	24.00	23.50	21.50	28.00	37.50	45.00	47.50	45.50	40.00	35.00	32.00	34.00	36.00	37.50	42.00	43.50	45.50	50.00	56.50	60.50	63.50	66.00	68.00	68.50	67.00	63.00	59.50	56.00	58.50	64.00	59.50	56.00	57.50	59.00	59.50	61.00	60.50	60.00	61.50	66.00	68.00	69.00	69.00	68.50	67.50	62.50	61.50	56.50	56.50	63.00	65.00	65.00	65.00	65.50	67.00	67.00	67.00	67.00	66.50	66.00	59.00	51.00	48.50	47.00	47.00	46.00	46.50	48.00	39.00	40.00	46.00	44.00	42.50	34.00	32.50	36.50	30.50
2.00	3.00	2.00	3.50	5.00	5.00	5.00	5.00	5.50	6.00	6.00	1.00	1.00	1.00	4.50	3.00	2.00	5.00	5.00	5.00	5.00	9.50	7.50	6.50	9.50	16.50	21.50	27.00	31.00	32.00	27.00	16.50	15.50	18.50	21.50	23.50	26.50	27.50	27.00	26.50	27.00	28.00	26.50	31.00	34.00	25.00	22.00	17.50	17.50	17.50	15.50	17.00	19.50	21.00	19.50	21.50	23.50	20.00	20.00	20.50	16.00	13.00	10.50	7.50	7.00	6.00	8.50	19.00	24.50	18.00	17.00	14.00	11.00	10.50	8.50	8.50	7.00	5.50	7.00	10.00	11.00	8.50	4.50	3.00	3.00	3.00	5.50	19.50	26.00	32.00	32.50	30.50	29.50	29.00	29.00	29.00	30.50	33.00	35.50	37.00	37.50	37.00	36.00	33.50	32.00	30.00	29.50	29.00	28.50	28.50	28.00	28.00	28.00	28.00	28.00	28.00	27.50	28.00	27.50	27.00	27.00	28.00	28.00	27.00	27.00	29.00	30.00	30.00	30.00	30.00	30.00	30.00	30.00	29.00	30.00	32.00	36.50	37.50	35.00	34.50	32.50	25.00	17.00	16.00	19.50	25.00	30.50	33.00	28.00	22.00	19.50	17.50	21.50	26.00	28.50	21.00	13.50	11.00	7.00	4.00	4.50	7.50	11.00	14.00	21.50	28.50	32.00	30.00	22.50	20.50	20.50	25.50	34.00	36.00	35.50	35.50	40.50	42.00	36.00	24.50	18.50	15.50	22.50	29.50	36.00	40.00	39.50	33.50	29.50	33.00	39.50	42.00	44.50	47.00	46.50	46.50	53.00	58.00	62.50	64.50	66.00	66.00	65.50	64.50	63.50	61.00	54.00	50.50	55.00	55.00	59.50	62.00	60.50	58.00	58.50	60.00	60.50	60.00	61.00	64.00	66.50	67.00	67.00	66.50	65.00	63.00	61.50	58.00	63.50	65.00	65.00	65.00	65.50	67.00	67.00	67.00	67.00	66.50	66.00	63.00	56.00	52.00	48.00	48.00	46.50	44.50	42.00	41.50	43.50	47.00	44.00	40.00	31.00	28.00	29.50	35.00
3.00	2.50	1.00	3.00	3.00	4.00	3.50	3.50	4.00	6.50	5.00	1.00	1.00	1.50	8.50	5.00	3.00	5.00	6.00	3.00	4.00	7.50	9.00	10.00	7.00	8.00	17.00	27.50	32.00	31.00	25.50	14.00	13.50	18.00	27.50	30.00	36.00	37.00	34.50	28.50	34.00	34.50	32.50	34.50	36.50	22.00	16.00	15.50	16.00	17.50	20.50	20.00	20.00	18.00	14.50	15.00	16.50	14.00	21.00	23.00	20.00	18.00	15.00	10.00	7.00	8.00	9.00	16.00	18.00	13.50	11.50	9.50	8.50	8.50	9.50	11.00	7.50	5.50	7.50	10.00	11.50	8.00	9.00	7.00	4.50	3.00	3.50	15.00	20.50	26.50	27.00	26.50	26.50	26.50	27.00	27.00	28.00	29.50	30.00	31.00	31.00	31.00	30.50	30.00	29.00	29.00	29.00	28.00	28.00	28.00	27.50	27.50	27.50	28.00	28.00	28.00	27.50	27.50	27.00	27.00	27.00	27.00	28.00	27.00	27.00	29.00	30.00	30.00	30.00	30.00	30.00	30.00	30.00	29.00	30.00	33.00	38.00	39.00	34.50	28.50	24.00	11.00	9.00	19.00	24.00	28.00	29.00	32.00	33.00	29.50	23.00	17.50	19.50	25.00	30.00	30.00	27.50	26.00	20.00	10.50	5.50	4.00	4.00	6.00	11.50	20.00	29.00	30.00	21.00	20.00	27.00	28.00	29.00	27.50	30.50	37.00	40.00	38.00	33.00	24.00	18.00	21.50	26.50	26.50	26.00	27.50	27.00	22.50	24.00	31.50	40.00	44.50	51.00	53.50	54.00	52.00	55.50	57.00	58.50	62.00	62.00	61.50	64.00	66.00	64.50	62.50	56.50	53.00	58.00	56.00	55.50	58.50	61.00	62.00	62.00	61.50	61.50	58.00	59.50	61.00	61.50	63.50	65.50	67.00	64.50	63.00	63.50	61.00	64.50	65.00	65.00	65.00	65.50	67.00	67.00	67.00	67.00	66.50	66.00	64.00	59.50	57.50	52.50	48.50	48.00	48.00	41.00	42.50	44.50	33.00	24.00	25.00	26.50	31.50	30.50	41.00
3.50	2.00	1.50	3.00	4.00	4.00	3.25	3.00	3.25	4.50	4.00	1.25	1.00	2.50	6.00	4.00	3.50	5.00	5.25	3.25	4.50	7.25	7.75	8.75	7.00	7.25	14.00	23.00	30.00	31.50	25.25	14.00	11.75	16.00	23.50	28.50	35.00	36.00	34.50	28.25	34.75	34.75	33.50	36.50	36.50	21.00	16.75	18.75	19.25	22.00	25.25	24.00	22.00	18.00	14.25	12.75	13.25	12.00	19.25	24.00	23.25	20.75	17.50	12.25	8.50	8.50	9.00	14.25	15.00	11.00	11.00	9.25	8.75	9.50	9.00	9.50	6.75	6.00	7.00	9.50	11.50	7.75	8.25	7.00	5.25	3.00	3.25	14.25	20.00	26.25	26.50	26.00	25.75	25.75	26.00	26.00	26.50	27.75	28.00	29.00	29.00	29.00	29.00	28.50	28.00	28.00	28.00	27.50	27.50	27.50	27.25	27.25	27.25	27.75	27.50	27.50	27.50	27.75	27.25	27.00	27.00	27.00	28.00	27.00	27.00	29.25	30.00	30.00	30.00	30.00	30.00	30.00	30.00	29.00	30.50	34.00	39.50	41.00	36.50	29.00	22.75	10.25	9.25	18.50	23.50	32.00	32.00	32.75	35.25	33.25	27.75	21.50	18.25	22.75	29.50	32.50	32.00	30.50	24.50	13.75	8.25	4.75	4.25	5.50	8.50	14.25	22.00	24.00	20.75	23.25	29.50	27.25	26.75	27.75	32.50	37.50	35.50	31.50	27.00	20.50	17.00	25.25	28.75	27.50	25.75	24.75	20.25	16.00	18.75	25.50	34.50	40.50	48.25	51.75	53.50	53.50	57.25	59.50	60.00	60.25	58.25	55.50	59.50	63.50	61.75	57.25	52.50	52.25	59.75	58.25	58.00	60.00	60.50	60.75	61.00	61.25	61.75	59.25	59.25	60.50	61.75	63.00	63.00	64.00	63.25	62.75	63.50	61.00	64.25	65.00	65.00	65.00	65.50	67.00	67.00	67.00	67.00	66.50	66.00	64.75	61.25	59.25	54.25	49.50	47.75	46.50	39.75	40.50	42.75	30.25	27.75	32.25	35.00	35.25	32.75	44.50
9.50	4.00	2.75	3.50	4.25	3.50	3.25	3.50	2.50	2.75	4.00	2.75	1.25	2.50	2.75	3.00	4.00	4.75	4.50	3.75	4.50	7.00	8.00	7.25	6.25	5.75	11.00	19.00	28.00	31.25	24.00	15.25	11.50	13.50	17.00	24.00	30.50	34.00	34.25	29.75	31.75	32.50	35.25	39.50	36.50	19.00	17.50	22.75	25.00	28.50	31.25	29.25	24.50	15.75	12.25	10.25	10.00	10.00	16.00	25.25	28.25	26.50	22.50	16.25	12.50	10.25	9.75	11.75	11.25	8.00	8.50	8.25	9.75	11.00	8.75	7.50	4.75	5.00	6.75	8.75	9.25	6.75	7.00	7.75	7.25	3.00	3.00	13.50	19.50	25.50	26.00	25.50	25.00	25.00	25.00	25.00	25.00	25.50	25.50	26.00	26.25	26.50	26.75	26.50	26.50	26.75	26.75	26.75	26.50	26.50	26.50	26.75	26.75	27.50	27.00	27.00	27.50	28.00	27.75	27.50	27.50	27.50	28.00	27.00	27.00	29.75	30.00	30.00	30.00	30.00	30.00	30.00	30.00	29.00	31.25	35.00	41.25	44.25	40.50	31.00	22.50	11.50	10.50	15.25	20.00	35.50	37.75	36.50	39.25	39.75	34.50	29.00	19.25	20.25	27.75	35.25	36.50	34.75	29.00	19.00	16.00	10.00	7.25	6.75	6.25	7.75	11.00	15.00	22.25	27.75	32.75	26.25	27.00	31.50	35.75	34.50	26.25	19.75	17.25	17.50	18.50	30.00	29.50	24.50	22.50	17.50	11.50	10.75	14.50	18.25	23.25	29.00	37.00	42.75	47.00	51.50	56.50	62.00	62.75	58.75	53.25	46.75	50.00	55.00	51.75	47.75	48.75	53.25	62.00	60.75	60.75	62.25	61.75	61.25	60.75	59.50	60.00	59.50	59.50	61.25	62.75	62.00	59.75	58.00	56.50	57.50	59.50	58.25	63.00	65.00	65.00	65.00	65.50	67.00	67.00	67.00	67.00	66.50	66.00	65.75	64.50	62.75	57.25	51.00	46.25	43.25	38.25	36.00	38.00	29.25	30.00	39.25	43.50	41.00	38.25	45.25
15.75	7.75	5.00	6.75	5.25	3.25	3.75	4.25	3.50	3.50	4.25	4.00	3.00	2.25	1.75	2.50	3.75	7.25	7.25	6.50	6.50	7.75	9.25	8.25	6.75	6.25	9.75	15.50	23.00	26.50	22.25	16.75	16.00	14.75	18.25	22.75	25.00	29.50	30.25	28.75	28.50	33.75	39.25	41.25	34.25	17.25	17.50	23.75	27.50	31.50	33.25	30.00	24.00	12.00	10.25	10.00	10.25	10.25	16.00	24.50	30.00	30.00	24.00	17.25	14.00	10.75	10.50	9.25	8.75	7.50	7.00	7.75	10.75	11.50	8.25	6.00	3.75	3.75	8.00	8.50	7.00	6.25	7.50	9.25	9.50	3.50	3.75	13.50	19.50	25.00	25.50	25.25	25.00	25.00	25.00	25.00	25.00	25.00	25.00	25.00	25.25	25.50	25.75	26.00	26.00	26.25	26.50	26.25	26.00	26.00	26.00	26.25	26.50	27.50	27.00	27.00	27.25	27.75	28.00	28.00	28.00	28.00	28.00	27.00	27.00	30.00	30.00	30.00	30.00	30.00	30.00	30.00	30.00	29.00	31.50	34.50	41.00	44.75	43.75	33.00	24.00	15.25	12.50	11.75	15.00	32.75	40.25	39.50	41.25	43.25	37.50	35.75	25.75	23.75	29.00	36.00	37.00	35.75	29.75	22.00	22.75	16.50	11.75	9.50	7.00	6.75	6.75	12.00	23.75	28.75	31.75	24.25	27.75	33.25	34.75	28.00	19.25	15.25	16.75	22.00	24.75	27.50	22.00	15.50	15.25	12.00	12.75	16.75	20.75	22.50	21.25	22.75	26.50	32.50	38.75	44.50	49.25	56.50	58.75	55.00	49.25	42.75	43.00	44.00	39.75	42.00	47.50	52.25	60.00	59.00	59.25	61.25	62.00	62.75	62.75	61.00	60.75	59.50	59.25	61.00	61.50	59.25	57.75	56.00	53.00	51.25	50.00	50.25	59.50	65.00	65.00	65.00	65.50	67.00	67.00	67.00	67.00	66.50	66.00	66.00	66.00	65.25	59.00	51.50	45.00	41.50	39.75	35.75	33.25	32.25	27.00	34.75	40.25	43.25	42.00	39.25
19.75	10.25	6.50	7.00	6.25	3.50	3.50	3.50	4.50	4.50	5.00	5.75	5.25	3.00	1.75	2.00	2.75	8.75	8.25	8.75	9.50	7.75	7.75	10.00	9.25	8.50	9.50	11.75	14.00	16.25	16.75	17.25	20.25	16.25	21.00	25.25	23.75	26.25	26.50	27.25	31.75	37.75	42.75	41.25	31.00	18.00	19.25	25.25	30.00	36.00	35.50	29.00	24.00	13.00	10.25	11.00	14.00	15.25	18.75	22.50	26.75	27.25	22.00	16.25	12.00	9.75	11.25	8.50	8.00	7.75	7.75	8.25	10.75	10.50	6.00	5.50	6.25	5.75	8.00	8.50	9.00	9.75	10.00	10.75	11.00	5.50	5.75	14.00	19.50	24.75	25.00	24.50	25.00	25.00	25.00	25.00	25.00	25.00	25.00	25.00	25.00	25.00	25.25	25.50	25.50	26.00	26.25	26.00	26.00	26.00	26.00	26.00	26.25	27.75	27.50	27.50	27.00	27.25	27.75	28.00	28.00	28.00	28.00	27.00	27.00	30.00	30.00	30.00	30.00	30.00	30.00	30.00	30.00	29.00	31.25	33.50	39.50	42.25	43.25	33.75	25.00	18.75	16.00	13.00	13.75	29.50	38.50	38.50	40.25	43.25	40.75	41.25	32.25	30.00	35.00	39.50	39.00	37.00	30.75	23.50	24.75	19.00	14.00	11.00	7.00	6.00	6.00	11.25	22.50	27.50	29.00	22.75	20.50	24.25	25.50	21.75	19.75	22.25	25.25	28.50	29.25	19.75	12.25	9.50	12.75	14.50	17.25	20.50	25.50	28.00	28.75	29.50	29.25	31.25	35.75	38.00	39.75	44.25	47.75	47.50	44.75	39.25	36.75	37.25	35.75	39.75	43.50	45.75	51.75	52.25	53.00	55.00	57.00	59.75	61.75	62.50	62.50	61.25	61.75	61.75	60.75	58.25	57.25	59.25	58.00	52.25	46.50	46.25	54.75	62.75	64.75	65.00	65.50	67.00	67.00	67.00	67.00	66.50	66.00	66.00	66.00	66.00	60.00	51.00	45.75	42.75	40.00	35.25	34.75	37.75	26.50	30.50	36.25	42.75	41.00	35.75
25.25	12.00	6.00	3.75	5.00	4.25	3.75	3.75	3.75	4.75	5.50	7.00	5.50	2.50	2.00	2.00	2.25	8.75	8.00	6.50	10.00	8.50	8.00	8.75	10.00	9.25	9.50	10.75	10.75	9.00	11.25	17.50	21.00	16.25	17.50	21.00	20.25	22.75	24.00	25.75	33.25	34.75	38.00	36.00	28.75	22.50	25.00	31.25	38.75	42.75	36.75	25.25	21.00	15.50	12.00	14.25	19.50	21.00	21.25	23.25	23.50	22.25	20.25	15.75	10.75	9.25	11.00	8.50	7.50	7.50	7.75	9.00	10.50	9.00	4.00	4.75	9.50	10.00	7.75	8.25	9.25	11.00	12.50	12.75	12.50	8.00	8.00	14.75	19.75	24.50	24.75	24.00	24.50	24.50	24.50	25.00	25.00	25.00	25.00	25.00	25.00	25.00	25.00	25.00	25.00	25.50	25.50	25.50	25.75	26.00	26.00	26.00	26.00	27.50	27.50	27.50	27.00	27.00	27.25	27.50	27.50	27.50	27.50	27.00	27.00	30.00	30.00	30.00	30.00	30.00	30.00	30.00	30.00	29.25	30.75	32.25	37.25	40.00	41.50	35.75	27.50	23.25	22.25	19.25	18.50	29.75	37.00	37.25	38.50	41.50	43.75	44.25	36.25	34.25	40.00	45.25	43.25	38.75	32.00	25.00	25.50	20.25	15.75	12.50	8.25	6.25	6.25	10.25	19.75	24.25	26.00	20.75	12.50	13.50	15.75	20.00	24.25	28.00	27.25	26.75	26.25	12.25	6.75	7.00	13.00	19.50	21.75	23.00	27.25	28.50	32.50	35.00	36.75	37.00	37.00	34.25	30.50	30.75	36.00	37.00	35.00	29.75	29.00	36.00	39.00	42.25	45.50	46.50	47.00	46.50	46.75	48.75	53.25	56.25	57.50	58.00	59.25	60.50	63.25	63.50	63.50	61.00	57.00	57.75	56.50	53.00	52.00	51.25	52.50	57.25	63.25	65.00	65.50	67.00	67.00	67.00	67.00	66.50	66.00	66.00	65.75	65.25	59.75	50.00	45.25	42.50	39.75	36.25	39.75	38.50	26.25	31.25	36.75	39.00	36.25	36.25
27.50	12.50	5.50	3.00	4.50	5.00	4.50	4.50	3.00	4.50	4.50	6.50	5.00	2.00	2.00	2.00	2.50	10.00	9.50	4.50	10.00	10.00	9.50	7.00	9.50	9.00	8.50	9.50	11.50	8.00	10.50	17.50	20.50	16.50	15.00	16.00	16.00	19.00	21.50	23.00	32.00	31.50	33.00	31.50	27.50	25.50	29.00	36.00	45.00	46.00	36.50	22.00	17.00	15.50	13.50	16.50	21.50	22.00	22.50	25.00	23.50	20.50	19.50	15.50	10.50	9.00	10.00	7.50	6.00	7.00	7.50	9.50	10.50	8.50	3.50	3.50	10.50	12.50	8.50	8.00	7.50	9.00	13.50	14.00	13.50	9.00	9.00	15.00	20.00	24.50	24.50	24.00	24.00	24.00	24.00	25.00	25.00	25.00	25.00	25.00	25.00	25.00	25.00	25.00	25.00	25.00	25.00	25.00	25.50	26.00	26.00	26.00	26.00	27.00	27.00	27.00	27.00	27.00	27.00	27.00	27.00	27.00	27.00	27.00	27.00	30.00	30.00	30.00	30.00	30.00	30.00	30.00	30.00	29.50	30.50	31.50	36.00	39.50	41.50	37.50	29.50	26.00	26.00	23.50	22.50	31.00	37.00	37.00	38.00	40.50	44.50	45.00	38.00	36.00	41.50	48.00	46.00	40.50	33.00	26.00	26.00	21.00	17.00	13.50	9.50	7.00	7.00	10.00	18.00	22.00	24.00	18.50	10.00	10.00	13.00	21.50	26.00	27.50	24.00	22.50	22.50	9.00	5.00	5.50	11.50	21.00	25.00	26.50	29.50	29.00	32.50	35.00	39.50	41.00	39.00	33.50	26.00	24.00	30.00	30.00	27.00	22.50	25.50	36.50	41.50	45.50	50.00	51.00	48.00	45.50	45.00	47.00	53.00	55.50	55.50	55.00	57.00	59.00	61.50	63.00	65.00	62.50	56.00	54.00	52.00	51.50	55.50	55.00	52.50	54.00	62.00	65.00	65.50	67.00	67.00	67.00	67.00	66.50	66.00	66.00	65.50	64.50	59.00	49.50	44.00	41.00	41.00	40.00	41.50	35.00	25.00	32.00	38.00	36.00	33.00	37.00
26.75	17.00	12.50	8.75	8.00	8.00	8.25	7.75	3.50	4.25	4.25	4.25	3.50	1.75	1.75	2.00	2.25	9.00	8.75	6.50	8.25	9.25	9.50	7.25	7.25	7.00	8.00	8.75	9.75	8.75	11.75	17.75	19.25	15.50	14.50	15.00	17.00	18.25	19.50	20.00	26.50	26.25	29.25	29.50	29.00	29.00	31.50	39.75	47.50	45.25	34.75	21.75	15.75	13.00	13.50	19.25	23.75	23.25	24.25	27.00	25.50	18.75	17.50	16.00	11.75	9.25	8.75	7.25	7.00	7.00	7.25	9.00	9.75	8.75	5.50	4.50	9.50	11.25	8.75	8.00	7.00	7.50	12.75	15.75	15.00	10.75	10.50	16.00	20.75	24.75	24.75	24.50	24.50	24.50	24.50	25.00	25.00	25.00	25.00	25.00	25.00	25.00	25.00	25.00	25.00	25.00	25.00	25.00	25.25	25.50	25.50	25.50	25.50	26.00	26.00	26.00	26.00	26.00	26.00	26.00	26.00	26.00	26.00	26.25	26.75	29.75	30.00	30.00	30.00	30.00	30.00	30.00	30.00	29.50	30.25	30.75	34.50	38.50	41.25	38.50	31.25	28.25	28.25	26.50	26.50	34.50	37.50	36.50	37.25	39.25	43.50	44.75	39.50	38.25	43.00	49.50	48.00	42.75	35.25	27.25	26.75	22.00	18.25	15.00	11.25	9.00	8.00	10.75	18.00	21.25	22.25	17.25	9.75	9.00	11.00	17.75	20.75	20.75	17.25	15.75	15.50	9.75	7.25	6.25	11.25	21.50	27.75	30.75	33.00	31.75	33.75	35.00	38.00	39.50	37.50	32.50	24.25	20.75	25.00	22.75	18.50	17.25	23.50	33.75	40.25	44.25	49.25	51.00	50.00	49.00	48.75	48.00	51.75	54.75	55.25	54.25	55.75	59.25	60.75	61.00	62.00	60.00	56.25	53.00	52.00	53.25	54.50	52.50	50.75	52.00	60.00	65.00	65.50	67.00	67.00	67.00	67.00	66.50	66.00	65.25	63.25	61.00	55.50	49.25	45.25	43.25	39.25	37.25	32.50	27.00	25.25	33.25	37.00	34.50	32.75	38.50
27.50	23.25	22.00	17.00	12.75	11.25	12.75	11.50	4.50	4.25	3.50	2.00	2.00	2.00	2.00	2.00	2.00	8.25	7.75	8.00	6.50	7.75	9.00	7.50	4.75	5.75	8.25	7.75	7.25	7.50	10.25	16.00	15.75	14.50	12.75	15.75	21.75	21.50	21.75	23.00	24.75	24.00	22.50	24.50	31.25	33.25	35.50	45.00	49.75	42.50	31.75	19.50	13.25	11.25	14.50	20.75	23.50	22.50	25.50	27.25	26.50	16.50	13.50	13.75	11.75	10.00	10.25	8.75	8.25	7.50	7.75	8.75	8.00	8.25	7.00	5.50	8.75	10.00	8.75	8.50	8.25	8.00	13.25	18.50	17.75	13.75	13.00	17.50	22.00	25.00	25.00	25.00	25.00	25.00	25.00	25.00	25.00	25.00	25.00	25.00	25.00	25.00	25.00	25.00	25.00	25.00	25.00	25.00	25.00	25.00	25.00	25.00	25.00	25.00	25.00	25.00	25.00	25.00	25.00	25.00	25.00	25.00	25.00	25.25	26.00	28.75	29.50	29.75	30.00	30.00	30.00	30.00	30.00	29.50	30.00	30.00	32.75	37.00	41.00	41.50	35.25	33.25	33.50	32.50	33.50	41.00	40.75	36.25	35.75	37.00	40.00	43.00	40.75	41.25	46.25	52.00	51.00	47.75	41.50	32.75	30.25	24.00	20.50	18.00	14.75	12.50	11.00	13.00	18.50	20.50	20.50	19.25	14.50	13.25	10.75	11.25	12.75	12.50	11.25	11.25	9.50	15.00	15.25	11.25	13.00	21.75	28.00	31.25	33.75	31.25	30.00	30.25	31.75	32.75	33.25	29.75	22.50	14.25	15.50	13.00	9.00	11.50	18.50	25.75	33.75	38.50	43.00	46.25	49.75	51.00	51.50	48.75	49.75	52.50	53.50	52.25	52.25	55.25	57.50	57.75	57.25	55.00	53.25	52.00	54.25	56.75	54.75	50.25	48.50	49.00	56.00	63.75	65.50	67.00	67.00	67.00	67.00	66.50	65.25	62.25	58.00	54.25	50.25	48.25	47.75	48.75	36.25	28.50	25.00	28.50	28.50	34.50	37.75	35.00	33.50	37.00
31.00	27.00	24.50	19.75	16.00	12.50	13.25	12.25	4.25	4.00	3.50	3.00	3.00	2.50	2.25	2.25	2.50	7.00	6.50	7.00	6.50	7.25	8.75	7.00	5.50	6.00	8.50	8.50	7.00	6.50	10.75	16.75	16.00	13.25	11.25	15.00	20.00	22.75	25.25	29.50	29.75	30.75	24.25	22.25	26.25	31.00	37.50	46.00	48.75	40.00	29.50	15.00	11.00	12.50	18.00	21.50	20.75	20.25	23.75	24.00	21.50	13.75	10.75	10.50	9.75	9.00	10.50	10.00	8.25	9.50	9.25	8.75	6.00	6.25	6.50	5.50	7.25	9.25	8.75	8.75	10.00	10.75	15.00	19.75	20.00	16.25	15.50	19.25	23.25	25.00	25.00	25.00	25.00	25.00	25.00	25.00	25.00	25.00	25.00	25.00	25.00	25.00	25.00	25.00	25.00	25.00	25.00	25.00	25.00	25.00	25.00	25.00	25.00	25.00	25.00	25.00	25.00	25.00	25.00	25.00	25.00	25.00	25.00	25.00	25.25	27.00	28.00	28.50	29.00	29.00	29.00	29.00	29.00	28.75	29.50	29.75	32.50	36.75	41.25	44.00	39.00	38.50	38.75	38.25	39.00	45.50	46.00	39.75	35.00	35.00	35.50	40.00	40.00	42.00	48.25	53.75	52.50	51.00	46.75	40.25	36.75	27.50	23.25	20.75	18.00	15.75	15.00	16.00	20.00	21.25	22.25	24.75	23.25	23.00	17.75	12.50	14.50	17.25	18.00	18.50	14.00	22.00	24.25	17.50	14.00	17.25	19.25	21.00	24.00	22.50	19.00	18.75	19.75	20.25	23.25	21.75	17.75	12.00	14.00	15.75	14.25	17.00	18.75	20.75	25.25	29.25	31.50	35.00	41.75	44.50	46.25	46.00	46.75	48.00	49.00	49.00	49.50	49.75	51.00	51.50	50.75	50.00	50.50	54.25	57.25	57.00	55.25	51.00	48.25	47.75	52.25	60.75	65.25	67.00	67.00	67.00	67.00	66.25	63.50	58.25	53.00	49.75	47.75	47.00	44.50	43.50	28.50	23.00	31.00	43.50	35.75	33.00	37.50	38.00	37.25	35.00
29.00	28.50	23.50	20.50	20.25	16.25	13.25	10.75	3.00	2.75	3.00	3.00	3.75	2.50	2.00	2.25	2.50	5.00	5.00	7.25	6.25	6.75	10.00	8.00	6.75	7.25	9.25	9.00	9.00	9.50	16.00	23.50	23.75	17.00	15.25	14.00	15.00	18.75	23.75	29.25	28.75	29.50	27.00	25.75	23.75	28.25	39.00	44.00	43.50	37.50	27.75	12.50	12.50	16.75	23.75	25.50	21.75	20.25	22.00	21.00	17.00	11.00	9.25	9.25	8.75	7.25	7.00	7.50	7.00	10.50	10.00	8.25	5.25	5.25	7.00	6.50	5.00	6.75	9.00	9.25	10.25	11.75	15.00	19.75	21.50	18.75	18.50	21.75	24.50	25.00	25.00	25.00	25.00	25.00	25.00	25.00	25.00	25.00	25.00	25.00	25.00	25.00	25.00	25.00	25.00	25.00	25.00	25.00	25.00	25.00	25.00	25.00	25.00	25.00	25.00	25.00	25.00	25.00	25.00	25.00	25.00	25.00	25.00	25.00	25.00	26.00	26.75	27.50	28.00	28.00	28.00	28.25	28.50	28.25	29.25	29.75	32.75	37.75	41.75	45.00	42.00	42.75	43.00	43.50	43.75	48.00	49.00	45.25	39.25	35.00	34.00	38.25	39.00	41.50	47.25	54.25	53.50	51.50	48.75	44.75	42.75	34.50	29.00	24.25	21.50	19.75	19.25	19.25	22.25	23.50	25.75	27.50	27.50	28.25	28.50	23.00	23.00	29.00	30.50	27.00	20.00	24.75	28.25	21.75	17.75	15.75	13.25	15.75	18.00	17.00	14.25	13.50	12.50	11.75	12.50	12.25	10.75	11.25	15.75	21.50	22.00	22.50	20.00	19.75	21.00	23.25	24.50	27.25	30.00	33.00	36.50	39.50	40.75	42.25	43.75	44.75	46.75	47.25	45.75	44.75	44.25	47.00	50.75	54.25	56.25	55.00	56.00	53.50	48.75	47.25	49.50	56.75	63.00	67.00	67.00	67.00	66.50	64.25	60.25	54.00	49.50	47.50	46.50	45.50	37.50	31.50	23.00	29.75	40.75	49.25	43.25	36.50	35.75	40.75	41.50	35.25
22.25	24.25	20.50	20.50	21.25	18.75	14.00	9.25	2.50	2.00	2.00	2.00	3.25	2.25	2.00	2.50	2.75	5.25	5.00	7.25	6.75	7.50	12.50	10.50	7.00	8.25	9.25	7.50	9.50	12.25	16.75	24.25	26.00	20.25	20.75	18.00	15.25	15.25	19.00	24.25	21.00	17.50	18.75	23.50	27.00	31.75	38.25	37.50	33.50	30.00	21.50	11.50	16.25	22.25	27.75	26.50	22.00	21.50	21.75	17.50	16.00	14.00	12.50	11.25	9.25	7.75	6.00	5.75	6.75	7.25	8.25	7.50	5.25	5.00	7.00	7.75	6.25	5.50	7.75	8.50	9.50	10.50	13.25	18.25	21.50	21.50	21.50	23.75	25.00	25.00	25.00	25.00	25.00	25.00	25.00	25.00	25.00	25.00	25.00	25.00	25.00	25.00	25.00	25.00	25.00	25.00	25.00	25.00	25.00	25.00	25.00	25.00	25.00	25.00	25.00	25.00	25.00	25.00	25.00	25.00	24.75	25.00	25.00	25.00	25.00	25.50	26.50	27.50	28.00	28.00	28.50	28.75	29.00	28.75	29.75	31.00	34.75	39.25	42.25	45.50	44.50	46.25	47.00	48.00	48.25	49.50	49.75	48.00	45.25	40.00	36.50	38.75	38.75	41.00	45.25	52.75	54.25	52.00	50.00	47.50	46.25	42.25	38.00	31.75	26.75	24.75	24.25	23.75	25.50	26.50	28.25	29.00	29.25	29.75	35.50	33.25	29.50	37.25	39.75	32.00	23.25	23.50	26.75	25.75	27.50	23.50	17.25	21.25	22.50	17.75	17.50	19.50	20.50	18.00	16.00	15.75	13.50	11.00	11.75	17.00	18.75	17.00	15.00	18.25	21.75	24.75	26.00	27.25	23.00	25.25	27.25	31.25	33.50	36.50	38.75	41.75	42.75	43.75	43.25	43.25	43.50	46.75	49.00	50.75	51.25	52.00	55.00	54.50	48.25	46.75	48.00	52.25	58.50	65.50	66.00	66.00	64.25	60.00	55.50	50.00	47.25	46.00	45.00	43.75	38.75	35.00	30.75	39.00	45.75	48.00	47.00	41.50	35.75	41.25	42.50	37.50
19.50	20.50	18.50	20.00	20.00	18.50	14.50	9.50	2.50	2.00	2.00	2.00	3.00	2.00	2.00	3.00	3.50	6.00	5.50	6.50	7.50	9.00	14.00	11.50	7.00	7.50	8.00	6.50	8.50	13.00	15.50	21.00	23.00	18.50	22.00	20.50	15.00	13.00	15.00	20.00	15.50	10.50	12.50	18.50	27.00	35.00	36.50	32.50	28.00	24.50	16.00	10.50	17.50	24.00	28.50	25.50	21.00	22.50	22.00	15.50	15.50	17.50	16.50	14.00	10.00	8.50	6.00	6.00	7.50	4.50	6.50	7.00	5.00	4.50	6.50	8.00	8.00	6.00	6.50	7.00	8.50	9.00	12.00	17.00	21.00	23.00	23.00	24.50	25.00	25.00	25.00	25.00	25.00	25.00	25.00	25.00	25.00	25.00	25.00	25.00	25.00	25.00	25.00	25.00	25.00	25.00	25.00	25.00	25.00	25.00	25.00	25.00	25.00	25.00	25.00	25.00	25.00	25.00	25.00	25.00	24.50	25.00	25.00	25.00	25.00	25.00	26.50	27.50	28.00	28.00	29.00	29.00	29.00	29.00	30.00	32.00	36.50	40.00	42.50	45.50	45.50	48.00	49.00	50.00	50.50	50.00	50.00	48.50	47.00	44.00	38.50	39.50	39.00	41.00	44.50	51.50	54.50	52.50	50.50	49.00	47.50	45.50	43.00	37.00	30.00	27.50	27.00	26.50	27.50	28.00	29.00	30.00	30.50	30.50	37.00	37.00	32.00	40.00	42.50	33.50	24.00	22.00	24.50	27.50	32.50	28.50	21.00	25.50	26.00	18.50	19.50	24.00	28.50	25.50	23.00	22.50	18.50	12.50	9.00	12.00	14.00	12.00	12.00	18.00	23.50	27.50	28.50	28.50	22.00	24.00	23.50	27.00	30.00	33.50	36.00	41.00	41.00	41.50	42.00	43.50	44.50	47.00	47.50	49.50	48.00	49.50	52.50	53.50	47.50	46.50	47.50	50.00	56.00	64.00	65.00	65.00	62.50	57.50	53.00	48.50	46.50	45.50	44.00	43.00	42.50	42.00	37.50	42.00	45.50	46.50	47.50	41.50	35.50	40.00	42.00	40.50
15.00	14.50	14.50	16.50	17.00	17.50	19.00	13.50	3.50	2.00	2.00	2.00	2.00	2.00	2.00	2.50	3.50	6.50	6.00	5.50	7.50	8.50	8.50	6.00	7.50	9.50	7.00	6.50	8.50	11.50	11.00	16.00	18.50	24.00	20.00	17.50	15.50	11.50	11.00	15.50	13.50	11.50	9.50	13.00	21.00	31.50	30.00	25.00	19.50	14.00	11.50	11.50	15.50	21.00	25.50	22.50	19.00	19.00	15.00	12.50	13.00	18.00	19.50	18.00	14.00	12.00	7.50	6.50	1.50	1.00	1.00	5.00	5.50	6.00	7.50	7.50	7.00	6.50	7.50	8.00	8.00	8.00	11.00	15.50	20.00	23.00	23.00	24.00	24.00	24.00	24.00	24.50	25.00	25.00	25.00	25.00	25.00	25.00	25.00	25.00	25.00	25.00	25.00	25.00	25.00	25.00	25.00	25.00	25.00	25.00	25.00	25.00	25.00	25.00	25.00	25.00	25.00	25.00	25.00	25.00	24.00	24.00	24.50	25.00	25.00	25.00	26.50	27.50	28.00	28.00	29.00	29.00	29.00	30.00	33.50	36.50	39.00	40.50	42.00	44.50	46.00	50.50	52.00	54.50	54.50	52.50	51.50	49.50	48.50	46.50	41.50	40.00	40.00	41.00	44.00	50.00	54.50	54.00	53.00	52.00	50.50	49.00	47.50	46.00	42.00	34.00	30.00	29.50	29.50	30.00	31.50	36.00	39.50	37.50	40.50	43.50	36.50	40.00	45.00	37.00	28.00	21.00	22.00	28.50	36.50	33.50	23.50	27.00	30.50	23.00	16.00	18.00	28.00	34.00	38.50	39.50	34.00	26.50	18.50	15.50	16.50	12.50	11.00	12.00	15.00	21.00	25.50	27.00	19.50	19.50	20.50	23.00	26.00	27.00	29.50	34.50	35.00	38.50	41.00	42.50	44.50	46.00	46.50	48.50	47.00	45.50	42.00	41.50	43.00	44.50	45.50	47.00	50.00	54.00	55.00	54.50	53.00	51.00	48.50	46.00	44.50	43.00	43.50	44.00	49.00	54.00	45.00	48.50	54.50	54.50	53.50	49.50	44.00	42.50	44.00	44.00