683.00	599.00	570.00	577.00	577.50	579.00	580.00	591.50	598.00	593.50	585.00	585.00	585.50	593.50	596.50	630.50	653.50	689.50	722.00	744.50	741.50	797.00	859.00	1022.00	1090.50	1037.00	1000.00	1011.50	1009.00	1025.50	1027.50	897.00	901.50	984.00	978.00	894.50	824.00	822.00	858.00	785.00	764.50	705.50	672.00	650.50	657.50	674.50	648.00	610.50	652.50	650.00	667.00	685.00	704.00	721.50	728.00	728.00	728.00	728.00	728.00	728.00	728.00	724.00	716.50	712.50	703.00	718.50	751.50	757.50	745.00	732.50	811.00	960.00	995.50	1006.00	1037.00	861.00	850.50	863.50	906.50	1032.50	1146.50	1225.50	1224.00	1126.50	938.00	774.00	977.50	1031.50	1077.00	1116.50	1082.00	995.50	932.00	889.50	1032.50	1154.00	1161.50	1224.50	1241.50	1205.50	1149.50	1084.00	1009.50	926.00	889.00	870.00	850.00	843.00	859.50	852.50	897.50	1102.00	1228.50	973.00	956.50	1064.00	1224.00	1350.50	1414.00	1312.50	1105.50	977.50	831.00	760.50	737.50	713.00	631.50	552.50	446.50	369.00	326.00	60.50	5.50			29.00	268.50	807.50	1358.00	1482.00	1222.50	1026.50	1186.00	1185.00	1090.50	1095.50	1118.00	1197.50	1288.50	1201.50	1200.50	1222.00	1245.00	1273.50	1262.50	1244.00	1232.00	1223.50	1225.50	1227.00	1042.00	933.50	907.50	900.00	1025.00	1211.50	1276.00	1351.50	1354.00	1237.50	1094.50	936.00	737.50	647.00	773.00	974.50	1183.50	1225.50	1151.00	1250.00	1235.50	1155.50	1187.50	1263.00	1241.50	1168.50	1210.00	1221.00	1212.50	1168.00	1068.00	632.00	140.50	63.50	27.50	18.50	33.00	61.00	222.50	536.00	781.00	924.00	1043.00	1064.00	1010.50	886.50	660.00	426.00	367.50	327.00	173.00	134.00	250.00	529.50	362.50	243.50	160.00	132.00	131.00	132.50	132.50	147.00	363.50	546.50	515.00	753.50	889.00	844.50	846.50	823.50	819.00	792.50	716.00	661.50	684.50	723.50	666.50	498.50	347.00	466.50	615.50	870.00	926.00	871.00	777.50	751.50	702.00	558.50	524.50	804.00	910.00	892.50	831.50	788.00	643.50	346.00
657.00	579.00	569.00	577.00	590.50	613.50	663.00	681.00	670.50	648.00	612.00	597.00	601.50	601.50	621.50	638.00	652.00	700.00	729.00	745.00	787.00	882.00	871.50	984.50	992.00	977.50	992.50	1002.00	1040.00	1055.00	1063.00	1026.00	1047.50	1074.00	1044.00	942.00	894.00	922.00	962.00	932.50	889.50	843.00	809.50	771.50	740.50	739.50	705.00	671.50	698.50	686.00	696.50	714.50	730.00	739.00	730.00	728.00	728.00	728.00	728.00	728.00	728.00	721.50	715.00	713.50	712.00	738.00	780.50	781.50	766.50	754.50	706.00	772.00	796.50	800.50	855.50	811.00	753.50	819.50	926.00	1045.50	1127.50	1199.50	1214.00	1141.50	961.00	752.50	935.50	969.00	1005.50	1068.00	1075.50	951.50	891.00	850.50	961.00	1067.50	1109.50	1206.00	1247.50	1219.50	1169.50	1112.50	1047.50	954.50	915.00	901.50	863.50	821.00	829.00	834.50	870.00	1045.00	1175.50	919.00	944.50	1059.50	1172.50	1243.50	1188.50	1095.00	941.50	885.50	835.50	829.50	802.50	753.00	642.00	542.50	449.50	490.50	341.50	55.50	13.50	2.00		51.00	251.50	891.50	1527.50	1529.50	1324.50	1124.00	1258.00	1231.00	1207.50	1267.00	1265.50	1282.50	1326.50	1248.00	1239.00	1257.50	1278.50	1301.50	1293.50	1274.50	1246.50	1227.00	1224.00	1210.00	1098.50	1037.50	915.50	894.50	898.00	1033.50	1117.50	1189.50	1215.50	1193.50	1165.00	974.50	715.00	778.50	811.00	904.00	1089.50	1112.00	1128.00	1191.50	1262.00	1269.00	1341.00	1369.50	1289.00	1279.50	1315.00	1298.00	1261.50	1182.50	1044.50	587.50	157.50	71.00	32.00	20.50	25.00	44.00	209.00	500.00	798.50	1007.00	1100.50	1049.50	919.00	671.00	496.50	393.00	478.00	412.50	202.00	134.00	258.50	629.00	666.00	419.00	320.50	342.50	216.00	159.50	143.00	137.50	139.50	257.00	477.00	817.50	926.50	993.00	919.50	960.00	1021.00	994.00	776.00	696.50	813.00	818.00	722.00	579.00	424.50	397.50	490.00	793.00	921.00	915.50	851.50	818.50	766.50	576.00	513.50	718.00	823.50	819.00	816.50	791.50	615.50	346.50
588.00	565.50	567.00	581.00	598.00	626.50	667.50	733.50	769.00	747.50	686.50	656.00	636.50	648.50	678.00	694.00	704.00	727.50	754.50	806.50	852.00	932.00	915.00	940.50	982.50	1064.00	1081.00	1056.50	1078.00	1097.50	1114.50	1089.50	1073.50	1090.00	1077.50	1018.00	994.50	1011.50	1063.50	1057.50	1030.00	986.50	965.00	919.00	853.50	829.00	799.00	773.50	773.00	727.00	734.00	753.50	761.50	762.00	749.50	739.00	746.00	744.50	750.50	746.50	732.00	728.00	731.50	726.00	731.50	753.50	804.00	792.00	765.00	765.50	705.00	700.50	688.50	620.00	656.00	755.00	707.00	765.50	838.50	964.50	1062.00	1086.50	1101.00	1078.50	976.50	780.00	858.50	895.50	936.50	995.50	1050.50	949.50	832.00	822.00	892.50	1000.50	1083.00	1126.50	1195.00	1173.50	1135.50	1087.00	1065.00	963.00	911.00	913.50	896.00	811.00	806.00	810.50	832.50	962.50	1075.00	886.00	928.00	995.50	1023.00	1036.50	1021.00	1007.00	951.00	970.50	1167.00	1207.50	1165.50	1047.50	810.50	577.50	501.00	635.00	349.00	54.00	36.00	3.50	1.00	33.00	201.50	710.50	1262.00	1507.50	1419.50	1245.00	1392.00	1321.00	1267.50	1307.50	1337.50	1357.50	1362.50	1309.00	1282.50	1299.50	1311.50	1330.00	1322.50	1301.50	1257.50	1225.00	1213.00	1185.00	1097.00	1080.00	1025.50	930.00	874.50	880.50	929.00	965.50	1024.00	1020.00	1069.50	912.50	836.00	925.50	861.00	882.50	986.00	1028.00	1106.00	1106.00	1234.00	1367.50	1397.00	1364.50	1330.50	1384.00	1421.50	1368.50	1297.50	1182.00	1021.00	617.00	173.00	76.50	40.50	24.50	27.00	43.50	210.00	448.50	728.00	1017.50	1064.50	843.50	656.00	515.00	479.00	515.00	613.00	486.50	217.50	148.50	302.00	643.50	763.50	483.50	376.50	635.00	457.00	319.50	234.50	151.50	140.50	166.50	339.50	686.00	955.00	1059.00	1005.00	1062.50	1087.00	980.00	772.00	777.50	889.00	886.00	785.50	654.00	589.00	403.00	435.00	681.50	859.00	935.00	917.00	884.00	811.00	664.50	512.00	646.00	735.00	767.00	777.50	756.50	600.50	384.50
565.00	565.00	576.50	594.50	640.00	689.50	673.50	708.50	772.00	778.50	744.00	725.00	724.50	719.00	732.50	744.00	753.50	764.50	775.00	834.00	875.00	978.50	986.00	998.50	1032.50	1100.50	1123.50	1087.50	1086.00	1115.00	1149.00	1137.00	1108.50	1112.00	1104.50	1082.00	1072.50	1077.00	1096.00	1074.50	1060.50	1048.50	1049.00	1023.50	967.50	932.50	915.50	898.00	866.00	780.00	763.50	780.50	789.50	787.50	767.00	776.00	824.50	854.50	871.50	855.50	821.00	802.50	802.00	770.00	755.50	776.50	823.50	798.50	767.50	755.00	694.50	671.00	659.50	608.00	595.00	630.00	633.00	651.50	679.00	760.00	892.50	933.00	956.00	960.50	923.00	792.00	758.00	802.00	851.50	886.50	911.50	876.50	784.00	796.00	837.00	931.50	1005.00	1006.00	1078.50	1077.00	1071.50	1019.50	954.00	899.50	897.00	939.50	934.00	826.50	806.50	806.00	803.00	875.00	927.50	856.50	893.50	916.50	903.50	968.50	1016.00	1039.00	1130.00	1195.50	1341.00	1403.00	1318.50	1032.00	741.50	608.50	754.50	685.50	347.50	66.00	55.50	28.00	16.50	50.00	186.00	606.50	1354.50	1478.50	1411.50	1333.00	1398.00	1370.50	1322.50	1356.50	1383.50	1401.50	1390.00	1359.00	1328.00	1341.50	1346.00	1357.50	1349.50	1326.00	1270.00	1218.50	1189.50	1152.00	1090.00	1074.00	1056.00	949.00	877.50	824.00	827.50	820.50	830.50	962.50	1057.50	973.00	952.50	986.00	897.00	900.00	1047.00	1049.50	997.50	996.50	1136.00	1273.00	1385.50	1470.00	1511.00	1458.50	1499.50	1458.00	1318.00	1156.50	1033.00	593.00	151.50	81.00	51.50	32.00	35.00	61.50	200.50	427.00	671.50	927.00	835.00	607.00	548.50	574.50	652.00	717.00	708.50	551.50	265.50	150.00	259.50	552.50	763.50	512.00	397.50	792.50	802.50	623.50	527.50	298.50	148.50	143.50	185.50	511.50	766.00	1065.50	1143.00	1069.00	1014.50	899.00	845.50	910.00	942.00	940.50	842.00	717.00	716.00	519.00	442.00	574.00	759.00	931.50	946.50	923.00	838.00	672.00	548.50	626.00	742.00	765.50	747.50	698.00	627.50	481.50
566.25	572.25	586.00	631.75	707.00	742.75	717.00	727.50	784.00	799.75	783.25	783.50	782.75	758.75	755.50	764.75	774.25	784.75	791.50	820.75	857.75	952.00	962.75	997.25	1030.00	1087.25	1115.00	1086.00	1092.00	1119.50	1151.50	1143.00	1124.00	1124.75	1119.75	1104.50	1097.00	1101.75	1111.50	1090.00	1077.50	1066.25	1063.50	1044.25	1005.50	973.75	937.25	916.00	896.50	814.25	780.50	793.00	803.25	801.75	783.50	798.50	867.50	955.75	959.25	945.25	908.00	883.00	861.50	813.50	769.75	794.25	834.25	808.75	771.50	748.50	687.00	658.25	649.00	609.75	598.00	600.25	612.75	621.00	637.00	679.00	767.00	808.50	828.25	828.00	830.50	752.25	705.75	738.50	765.75	786.75	799.00	789.75	731.50	768.25	799.75	871.25	916.75	947.50	1038.25	1011.75	1003.50	955.50	872.50	861.75	907.75	954.25	959.75	846.50	820.25	807.00	798.00	844.00	883.75	843.00	876.00	902.00	913.00	1019.75	1096.75	1131.25	1187.25	1243.25	1353.00	1397.00	1237.75	934.25	716.00	675.50	852.75	655.50	331.50	76.25	67.75	52.25	37.00	57.50	172.75	584.25	1319.25	1445.50	1412.50	1330.00	1388.25	1378.75	1343.50	1369.75	1396.25	1414.00	1403.50	1371.50	1346.00	1359.50	1362.00	1369.75	1361.00	1339.50	1284.50	1218.25	1183.75	1147.75	1087.00	1063.00	1031.75	949.25	890.25	826.75	814.00	794.00	796.00	937.00	1038.00	998.25	969.75	1007.50	934.25	891.75	1034.75	1057.25	946.25	968.00	1148.25	1310.50	1395.25	1481.75	1502.75	1410.00	1458.25	1465.50	1294.50	1126.50	1006.00	545.50	138.75	85.00	55.50	37.00	44.00	71.75	215.50	424.50	621.25	852.25	749.50	580.75	561.50	720.50	787.50	812.00	768.25	582.00	307.00	160.75	256.75	513.75	766.25	537.00	405.25	785.25	919.25	770.25	648.75	416.75	201.25	147.00	169.00	450.75	704.00	1060.25	1165.50	1034.25	957.50	886.25	927.25	975.75	966.00	959.25	852.25	742.75	772.75	611.00	527.75	556.25	701.00	910.00	943.25	932.75	849.25	675.75	561.25	644.00	745.50	767.75	752.25	719.00	632.00	501.00
574.00	587.00	610.75	690.25	789.00	826.00	800.25	775.00	800.75	826.50	850.25	869.75	862.00	815.00	796.50	802.50	810.75	820.25	823.25	820.00	837.50	899.25	924.50	987.25	1022.00	1061.00	1089.00	1083.50	1107.50	1131.00	1155.25	1159.75	1154.50	1147.75	1145.75	1140.50	1137.00	1142.50	1141.75	1121.25	1108.75	1096.25	1088.25	1078.25	1063.25	1039.50	974.25	944.25	938.50	872.25	817.25	818.25	830.75	831.75	820.50	834.75	921.00	1058.50	1066.75	1071.00	1047.25	1013.25	946.50	876.25	803.00	830.75	857.75	834.25	787.50	747.50	680.25	633.75	628.50	611.50	598.50	567.75	590.50	585.25	584.75	575.75	590.00	611.75	626.50	626.50	652.00	645.75	610.00	616.50	598.75	598.75	597.50	621.25	609.75	673.25	695.75	737.75	750.50	795.00	883.00	863.75	852.75	813.75	774.50	848.00	924.50	964.25	991.00	885.25	865.50	827.25	798.25	794.75	818.75	826.75	854.25	899.50	988.00	1143.75	1220.25	1244.25	1248.75	1288.75	1368.75	1345.50	1066.00	789.00	698.25	808.75	1013.25	633.25	306.50	97.75	95.25	101.50	89.00	92.75	153.25	483.25	1219.75	1402.50	1397.25	1287.00	1376.25	1391.25	1372.75	1389.00	1416.75	1437.00	1430.00	1394.75	1378.50	1391.00	1392.75	1395.75	1387.25	1369.50	1327.00	1246.50	1196.50	1162.75	1105.00	1050.00	1013.00	971.75	940.25	869.75	833.75	773.00	752.75	826.75	903.75	942.50	952.75	1032.50	1024.75	923.50	970.50	1047.25	881.50	905.00	1141.25	1315.75	1384.25	1471.50	1440.25	1329.00	1347.25	1403.00	1245.50	1067.50	932.50	501.00	122.75	87.75	61.50	45.00	61.00	99.00	260.00	448.50	566.25	699.75	635.00	605.50	623.00	923.75	986.00	962.50	835.25	618.25	389.25	188.00	260.50	450.75	771.00	604.00	425.00	785.50	1068.25	979.25	794.00	549.75	354.00	163.25	155.25	357.50	617.25	1034.00	1172.25	983.50	905.00	951.75	1095.25	1066.25	1011.25	984.00	867.75	822.50	884.00	758.00	672.75	572.75	626.00	844.50	907.75	938.00	883.75	709.25	580.75	673.75	751.75	771.00	764.75	763.50	678.50	540.00
587.00	610.50	674.50	811.50	894.00	908.50	878.00	843.50	835.50	841.00	885.00	895.50	896.00	843.50	836.50	842.50	850.50	859.00	861.50	857.00	855.00	886.50	928.50	997.00	1030.50	1060.50	1082.50	1101.00	1140.50	1151.50	1192.00	1195.00	1188.50	1182.00	1181.50	1181.50	1181.50	1182.50	1181.50	1163.00	1151.50	1133.00	1119.00	1110.50	1103.00	1086.00	1008.50	980.50	972.00	923.00	870.50	859.50	873.00	881.00	884.50	879.50	926.50	1019.50	1067.00	1116.00	1120.00	1048.00	945.50	882.50	858.50	887.00	897.00	882.00	831.50	780.00	698.00	612.00	605.00	604.00	603.00	598.50	596.50	583.50	574.50	538.00	527.00	525.00	516.00	487.50	472.00	486.50	491.50	485.50	444.00	454.50	453.50	451.00	456.00	490.00	482.00	517.00	543.00	556.50	570.00	634.50	673.50	695.50	798.00	870.00	887.50	896.50	903.50	901.50	923.50	888.00	830.50	765.00	786.00	828.50	865.50	949.50	1100.50	1247.50	1244.50	1243.50	1236.00	1255.00	1351.00	1130.00	830.50	711.50	771.00	1010.00	1159.50	666.00	321.00	132.00	141.50	159.50	158.00	151.50	167.50	345.00	1021.50	1330.00	1314.00	1196.50	1378.50	1393.50	1375.00	1384.50	1411.00	1456.00	1467.00	1431.50	1424.50	1430.50	1436.50	1439.50	1444.50	1437.00	1420.50	1375.50	1317.00	1274.00	1234.50	1143.50	1100.00	1100.50	1128.50	1078.00	1012.50	892.50	817.00	754.00	725.50	714.50	741.00	837.00	930.50	930.50	801.00	834.50	806.50	803.50	976.00	1068.50	1239.00	1357.00	1391.50	1343.50	1218.50	1156.00	1113.50	1002.00	841.00	409.50	107.50	83.00	69.50	57.50	83.50	147.00	351.00	522.00	637.50	650.00	692.00	850.00	875.50	908.00	1049.00	1113.50	1025.00	842.50	563.50	245.00	181.00	332.50	738.00	718.50	485.50	722.00	1102.00	1013.50	768.50	768.00	709.00	237.00	178.00	293.00	501.50	927.50	1094.00	986.50	1074.50	1249.50	1201.50	1111.50	1075.50	1038.00	947.50	953.50	936.50	774.00	727.00	622.50	661.50	717.00	774.00	872.50	923.00	768.00	594.50	694.00	766.00	772.00	767.00	782.50	764.00	642.50
591.50	616.75	679.50	810.00	881.75	899.00	906.00	882.50	852.25	846.50	890.75	893.75	885.00	846.25	841.50	849.50	860.75	869.50	871.00	867.50	869.00	899.25	943.25	1007.75	1037.75	1067.50	1092.50	1110.75	1148.00	1162.25	1199.50	1202.00	1198.00	1192.25	1192.50	1194.00	1194.75	1194.00	1191.25	1172.50	1161.50	1145.50	1131.50	1120.00	1109.50	1091.00	1016.25	993.75	984.00	935.50	883.25	873.25	886.75	896.00	901.25	896.75	930.00	1023.75	1075.25	1125.25	1122.75	1039.25	946.50	885.00	875.25	902.50	910.50	896.75	850.75	795.00	716.25	646.50	643.00	648.50	663.50	661.25	640.00	607.00	589.25	574.25	553.50	538.50	528.75	512.25	481.25	474.00	467.25	464.25	441.25	446.25	448.50	444.50	447.25	468.50	461.00	480.50	500.50	512.25	527.00	586.50	631.00	679.25	796.00	843.00	837.00	854.50	882.00	890.75	918.50	900.25	844.50	767.25	779.75	828.75	869.75	953.75	1080.00	1212.00	1243.50	1231.00	1208.00	1217.00	1253.50	1041.25	794.00	724.25	834.75	1101.50	1179.00	723.25	410.75	144.75	150.75	171.00	170.00	160.00	177.50	317.25	846.50	1213.50	1264.25	1170.50	1364.25	1380.25	1360.25	1374.25	1399.50	1448.25	1474.75	1446.00	1439.00	1443.00	1450.25	1453.75	1465.50	1463.50	1457.25	1426.50	1371.75	1334.00	1263.50	1187.50	1154.75	1178.50	1211.25	1162.00	1092.50	990.75	907.25	812.75	757.50	726.75	719.25	762.75	817.25	822.50	755.50	739.50	754.00	762.75	898.00	1000.50	1141.25	1251.50	1336.00	1350.50	1257.50	1126.25	1045.50	922.75	784.50	358.75	105.75	85.75	74.25	61.25	98.75	153.75	358.25	568.00	694.50	753.25	799.25	881.50	959.50	954.25	1056.75	1160.00	1093.00	898.25	622.25	274.25	165.25	285.75	722.75	776.50	530.50	687.75	1073.50	1017.50	820.75	885.00	790.00	282.00	194.50	279.25	439.50	856.25	1076.25	1047.50	1183.50	1306.50	1206.50	1126.75	1104.00	1076.00	990.75	964.00	913.00	760.75	727.50	645.75	704.50	699.25	749.50	827.50	889.50	761.25	600.50	696.50	767.00	771.25	763.25	777.50	767.50	669.25
608.00	624.50	719.50	800.50	832.00	872.50	917.00	918.00	890.00	865.00	830.00	821.50	848.50	841.00	850.00	870.50	894.00	903.50	899.00	903.00	916.00	950.50	990.50	1036.00	1057.00	1086.00	1119.00	1141.50	1172.50	1195.50	1216.50	1220.00	1223.00	1222.00	1218.50	1219.00	1219.00	1214.00	1209.00	1194.50	1185.00	1174.00	1161.00	1143.50	1126.00	1104.50	1045.50	1037.00	1022.00	979.50	931.50	915.00	926.00	936.00	944.00	943.00	954.00	1029.00	1078.50	1147.50	1148.00	1080.00	1032.00	950.00	917.00	943.50	952.00	939.50	908.50	886.50	853.00	798.50	804.00	816.00	880.00	907.00	826.50	799.50	726.00	697.50	644.50	623.50	642.00	652.50	614.00	566.00	551.00	556.50	589.00	636.50	606.50	515.50	475.00	441.50	438.00	438.00	438.00	440.00	447.00	468.50	487.50	541.50	691.00	742.00	714.00	751.00	827.50	852.00	862.50	905.50	861.50	765.00	755.50	819.00	866.50	938.00	999.50	1047.50	1199.50	1195.50	1108.50	1068.00	1017.50	922.00	807.50	845.00	1103.50	1352.50	1269.50	1068.50	726.50	246.00	179.50	203.00	202.50	185.50	198.00	335.50	691.50	898.00	1023.00	1071.50	1283.00	1288.00	1288.50	1319.00	1356.00	1415.50	1479.50	1489.00	1482.00	1480.00	1490.50	1494.50	1517.00	1526.00	1541.00	1541.00	1497.50	1462.00	1345.00	1340.50	1351.50	1381.50	1405.00	1394.00	1336.00	1195.50	1142.00	1045.50	915.00	842.50	762.50	730.50	690.00	645.00	640.50	612.50	602.50	578.00	647.50	752.00	839.50	937.50	1061.50	1182.00	1329.00	1104.00	983.00	836.00	551.00	208.50	116.50	97.50	86.00	70.50	128.50	219.00	446.00	682.50	798.50	912.00	1008.00	1024.50	1092.50	1251.00	1205.50	1271.50	1239.00	1034.00	748.50	384.00	152.00	199.00	629.00	964.50	797.00	715.00	986.00	998.50	1002.00	1075.50	913.50	421.50	271.00	242.50	301.50	624.50	1016.50	1248.50	1404.00	1386.00	1266.00	1212.50	1203.50	1191.50	1114.50	973.50	780.50	751.50	736.00	833.00	892.50	717.50	729.00	740.50	754.50	713.00	614.50	671.50	750.00	761.00	750.00	761.00	772.50	748.50
615.50	628.00	697.75	782.25	820.00	851.50	870.00	866.00	865.00	853.75	808.25	804.00	832.00	833.25	854.00	878.75	904.75	915.00	910.25	919.75	937.50	974.00	1007.50	1043.25	1061.50	1089.00	1125.50	1147.75	1182.50	1201.75	1219.25	1223.00	1226.25	1226.50	1224.00	1223.75	1223.00	1217.25	1212.50	1199.50	1190.75	1179.75	1166.75	1150.00	1131.00	1111.00	1063.25	1053.75	1036.50	1001.50	963.25	934.75	940.75	949.50	956.50	956.75	968.00	1026.00	1074.75	1147.25	1169.00	1132.50	1081.75	989.50	933.00	958.25	966.25	957.00	928.25	969.00	953.00	877.00	865.75	873.00	908.00	957.00	877.00	896.75	842.75	765.00	697.25	665.00	661.50	680.75	653.75	616.50	646.25	672.75	714.75	728.25	685.25	608.25	560.00	494.50	469.75	448.00	439.75	439.00	442.50	455.25	466.25	498.25	614.25	685.50	691.50	736.50	813.50	838.00	824.00	872.75	845.50	748.00	748.50	813.25	861.75	921.50	973.50	1057.75	1203.75	1209.00	1127.00	1052.25	1021.00	956.25	881.75	958.25	1209.00	1384.50	1261.25	1121.00	829.25	281.00	190.50	213.00	212.75	195.25	211.00	459.00	831.00	933.00	1015.50	1067.00	1251.25	1250.25	1258.50	1282.00	1328.25	1398.75	1474.75	1500.75	1494.75	1492.25	1501.75	1506.00	1521.75	1531.25	1550.50	1553.50	1518.00	1483.75	1369.50	1372.50	1393.25	1409.25	1418.00	1410.75	1373.75	1251.50	1186.00	1070.50	948.75	892.50	819.75	783.50	742.50	713.50	690.50	652.00	616.50	564.75	581.25	652.25	734.00	830.50	941.75	1071.00	1216.50	1089.00	977.00	844.25	502.75	186.00	119.25	101.25	86.75	72.00	159.00	283.75	530.75	794.75	822.00	908.50	1020.75	1086.25	1157.00	1277.25	1231.25	1299.25	1267.00	1057.75	791.00	435.50	166.25	195.25	595.00	937.00	828.00	757.75	1004.75	1106.75	1086.50	1063.25	815.00	483.25	344.75	238.00	283.00	552.50	914.50	1159.75	1350.75	1380.75	1308.00	1284.00	1239.25	1207.50	1136.00	973.25	771.00	743.25	756.75	943.25	964.00	754.00	747.00	744.25	731.75	693.50	614.00	656.00	728.50	748.25	742.25	755.00	770.75	761.75
651.50	646.50	675.50	732.50	755.50	760.50	767.00	783.50	809.00	798.50	780.00	794.50	813.00	825.00	868.00	907.50	935.50	951.00	952.50	971.00	1001.50	1041.50	1056.50	1065.50	1075.50	1103.50	1142.00	1167.50	1206.50	1217.00	1226.50	1232.00	1235.50	1238.50	1238.50	1237.00	1234.00	1228.00	1223.00	1212.50	1206.50	1197.00	1185.50	1173.00	1159.50	1147.50	1126.50	1118.00	1093.50	1071.50	1053.00	1000.50	988.50	989.00	995.50	1000.00	1007.50	1036.00	1061.50	1139.00	1222.50	1232.50	1168.50	1057.50	990.00	1006.00	1010.50	1009.50	980.50	1072.50	1112.00	1093.00	1063.50	1058.50	1040.00	1089.00	1002.00	1092.50	1047.50	935.50	836.50	797.00	754.50	770.00	754.50	739.50	786.00	832.00	911.00	907.50	848.50	805.00	779.00	762.50	717.00	639.00	584.00	476.00	438.00	438.00	438.00	438.00	446.00	478.50	605.50	681.50	744.00	785.50	739.50	765.00	787.00	698.50	724.00	805.50	836.50	869.50	937.00	1095.50	1225.50	1236.00	1209.00	1063.00	1055.00	1129.50	1151.50	1305.50	1400.50	1426.00	1271.50	986.00	829.00	282.50	220.50	242.50	245.00	226.00	242.00	735.00	1097.50	1106.50	1090.50	1100.50	1150.50	1117.50	1129.50	1121.50	1237.00	1347.50	1469.00	1528.50	1526.00	1525.00	1528.00	1526.00	1520.00	1523.50	1551.50	1570.00	1564.00	1539.00	1452.00	1448.50	1470.00	1449.00	1428.00	1416.50	1413.50	1388.00	1303.00	1167.50	1075.50	1047.50	988.50	948.00	916.50	961.00	919.00	864.00	804.00	728.50	607.00	507.00	461.00	493.50	558.50	754.50	863.50	915.50	893.00	798.50	363.00	117.50	113.00	98.00	82.50	80.00	352.00	528.50	771.00	1045.50	1014.50	891.50	1033.50	1238.00	1330.50	1283.00	1170.50	1345.50	1341.50	1118.00	912.50	548.50	237.50	221.00	488.00	821.50	857.50	883.00	1019.50	1347.50	1176.00	917.50	771.00	842.50	599.00	260.50	261.50	379.50	589.50	829.50	1084.00	1249.50	1406.00	1400.00	1302.00	1207.50	1123.00	971.50	781.50	767.50	919.00	1107.50	1080.00	838.50	792.00	750.50	711.00	667.00	617.50	626.50	665.50	702.50	721.00	747.00	767.00	780.00
678.25	679.75	690.50	734.00	754.75	766.50	779.25	797.00	815.50	809.25	788.75	809.25	818.00	831.75	877.75	919.00	947.00	965.00	966.75	984.00	1013.00	1054.00	1067.50	1074.75	1081.50	1108.50	1145.00	1174.75	1210.75	1220.50	1229.25	1234.25	1238.50	1242.00	1242.50	1241.25	1238.00	1232.00	1227.25	1216.75	1211.25	1203.25	1193.50	1183.75	1175.75	1166.50	1150.75	1146.25	1125.25	1096.25	1074.25	1022.25	1005.00	1001.50	1008.75	1015.00	1021.50	1042.00	1061.75	1135.75	1221.50	1237.25	1187.25	1095.75	1012.75	1023.25	1026.25	1025.75	1001.75	1060.75	1104.00	1104.25	1089.25	1089.25	1104.00	1147.50	1069.50	1130.25	1081.00	996.25	925.25	864.50	805.25	805.75	796.50	787.75	792.75	825.25	896.75	910.75	874.25	840.75	819.75	834.75	792.75	723.75	691.00	592.25	475.25	442.75	438.00	438.00	442.00	458.25	526.00	584.00	664.50	734.75	713.75	717.25	734.00	679.00	721.00	801.50	821.50	852.50	929.50	1067.25	1192.25	1229.75	1224.00	1085.50	1046.25	1128.25	1208.25	1355.50	1407.00	1427.75	1304.00	893.50	718.25	276.25	229.75	252.25	256.25	237.50	242.50	671.50	1060.25	1110.50	1097.75	1071.25	1044.00	1048.50	1084.75	1093.25	1224.75	1346.50	1481.00	1536.25	1531.75	1531.25	1532.50	1520.00	1506.25	1502.00	1527.50	1549.75	1560.75	1547.25	1478.75	1471.25	1477.50	1439.00	1413.50	1399.00	1401.00	1403.00	1347.75	1208.25	1153.00	1096.00	1033.25	991.00	963.50	1056.50	1043.50	992.50	919.25	817.25	726.25	618.25	542.00	486.75	486.75	622.50	753.25	841.50	837.00	720.75	281.00	109.00	105.50	94.75	82.00	89.75	411.50	583.50	810.25	1051.75	1048.75	907.75	1064.00	1252.50	1324.00	1231.25	1104.75	1326.75	1366.00	1158.25	932.25	562.25	282.00	258.50	471.00	785.00	861.00	903.50	1046.25	1352.00	1221.25	972.25	855.75	884.00	655.25	287.00	293.25	373.75	496.00	711.25	951.25	1136.00	1360.75	1387.00	1315.75	1229.75	1109.00	950.25	784.75	785.75	985.50	1105.75	1049.25	850.25	813.50	773.50	732.25	691.00	640.00	635.00	656.25	690.50	718.25	751.25	770.75	781.00
753.00	776.50	772.50	802.50	808.00	811.00	819.50	833.50	844.00	842.50	828.00	841.50	841.50	869.00	911.50	952.00	980.50	1001.50	1008.50	1016.50	1038.50	1083.00	1096.00	1104.50	1104.50	1122.50	1156.50	1183.50	1220.50	1229.00	1237.50	1241.50	1248.50	1253.00	1255.00	1254.50	1251.00	1245.00	1240.50	1231.50	1228.50	1223.50	1218.50	1215.50	1221.50	1219.50	1214.50	1223.50	1212.00	1166.50	1137.50	1087.00	1054.00	1040.00	1050.00	1060.00	1064.00	1074.00	1091.50	1153.00	1216.00	1249.50	1244.50	1220.50	1099.50	1072.00	1072.00	1072.00	1074.50	1068.50	1093.00	1131.00	1146.50	1161.00	1220.50	1242.00	1251.50	1227.50	1227.00	1221.00	1162.50	1015.00	926.00	907.50	903.50	932.50	844.00	833.00	881.50	931.50	930.00	922.00	916.00	965.50	950.00	929.50	932.50	891.50	793.50	654.00	543.00	459.00	438.00	438.00	438.00	438.00	447.00	479.50	542.50	608.00	618.00	628.50	697.50	761.50	769.50	792.50	873.00	986.50	1076.50	1187.00	1229.00	1108.50	1018.00	1149.00	1351.00	1439.50	1427.50	1379.00	1212.00	790.00	636.00	335.00	255.00	280.50	289.00	275.00	260.50	451.50	794.00	963.50	1023.50	767.00	833.00	957.00	1012.00	1069.50	1261.50	1389.00	1531.00	1552.50	1542.50	1542.50	1536.00	1485.00	1448.50	1418.00	1399.00	1404.50	1494.00	1537.00	1539.50	1535.00	1483.50	1386.00	1330.50	1328.50	1365.50	1433.00	1396.50	1292.50	1256.50	1192.00	1135.50	1080.50	1053.50	1217.00	1261.50	1262.00	1218.50	1113.50	1120.00	1012.00	872.00	739.00	610.50	428.50	364.50	539.50	602.00	462.00	132.00	96.50	99.00	90.00	87.00	126.50	520.00	655.50	863.50	1029.50	1074.00	924.00	1084.00	1238.00	1155.00	1052.50	962.50	1234.50	1351.50	1245.50	1059.50	621.00	345.00	401.50	476.00	769.00	1076.00	953.50	1095.00	1360.00	1311.50	1050.50	887.50	767.00	587.00	361.50	471.00	495.50	401.00	448.00	657.50	866.50	1040.50	1266.50	1386.50	1320.00	1145.50	946.00	799.00	873.00	1128.00	1040.00	998.50	906.50	899.00	891.50	852.50	786.50	721.00	688.50	654.00	667.50	709.00	757.50	814.50	802.00
799.00	799.00	825.50	858.00	859.50	852.50	848.50	858.50	867.50	867.00	854.50	850.50	897.50	908.00	932.00	969.00	996.50	1019.00	1032.00	1035.00	1047.00	1091.00	1110.50	1121.50	1122.50	1133.50	1165.50	1187.00	1221.00	1232.50	1241.50	1247.00	1255.50	1260.00	1262.00	1262.00	1260.00	1255.00	1250.00	1247.00	1245.50	1243.50	1240.00	1242.50	1254.50	1245.50	1239.00	1251.00	1243.50	1205.50	1179.50	1141.00	1105.50	1078.00	1080.50	1094.50	1098.00	1115.50	1147.00	1202.00	1231.50	1260.50	1268.00	1255.50	1162.50	1101.50	1099.50	1098.00	1100.00	1095.50	1113.50	1152.00	1177.00	1200.00	1224.50	1255.50	1264.50	1257.50	1276.50	1279.50	1204.00	1055.00	975.50	950.00	932.50	972.00	998.50	948.00	933.50	965.00	966.50	973.00	981.50	1010.50	1012.50	1014.50	1013.00	977.50	921.00	842.00	762.00	610.50	452.50	438.00	438.00	438.00	438.00	438.00	438.00	446.50	492.00	553.00	636.50	701.50	713.50	724.50	811.50	940.00	1026.00	1123.00	1199.00	1064.50	1012.00	1185.00	1376.50	1462.00	1432.00	1240.50	965.00	902.50	815.00	350.00	272.00	297.50	307.00	297.50	285.00	279.00	369.50	472.50	603.00	595.50	867.00	1042.00	1065.50	1076.50	1282.00	1429.00	1536.50	1548.00	1541.00	1541.00	1519.00	1445.00	1395.50	1360.00	1320.00	1304.50	1270.00	1320.50	1475.50	1545.50	1457.50	1327.50	1256.00	1288.50	1347.50	1451.00	1427.50	1348.50	1327.00	1251.00	1165.50	1090.50	1038.00	1197.00	1252.00	1245.50	1265.50	1259.50	1232.50	1144.00	1003.00	908.00	779.00	540.50	357.00	306.00	376.50	336.50	148.00	102.00	114.00	92.50	95.50	132.50	500.50	632.00	806.00	968.50	1081.00	901.00	1006.50	1186.50	1080.00	936.50	918.00	1230.00	1226.00	1084.50	1009.50	629.50	393.00	430.50	579.50	693.00	1056.00	1244.50	1300.50	1370.00	1253.00	1060.50	775.00	605.50	457.00	491.00	639.00	588.50	503.00	401.50	477.50	633.50	974.00	1200.50	1413.50	1362.50	1202.50	962.00	827.00	865.00	1074.50	1134.00	1125.50	1025.50	986.50	984.50	971.00	853.50	763.50	731.50	668.50	663.00	698.50	755.50	846.50	824.50
824.50	827.50	855.50	877.50	883.50	881.00	878.00	885.50	896.00	901.00	891.50	890.00	916.00	940.50	954.00	976.00	1005.50	1031.00	1044.00	1049.00	1057.50	1097.00	1119.50	1131.00	1138.50	1147.00	1172.50	1188.00	1218.00	1230.50	1239.00	1244.50	1258.50	1265.50	1267.00	1268.00	1268.00	1264.00	1260.00	1262.00	1263.50	1264.50	1267.50	1276.00	1286.00	1266.50	1255.50	1266.50	1262.50	1230.00	1213.00	1196.50	1176.00	1142.50	1124.00	1132.50	1140.00	1160.00	1194.00	1234.50	1254.50	1274.00	1282.50	1268.00	1185.00	1131.00	1125.50	1123.00	1129.50	1129.50	1147.00	1182.00	1205.50	1232.50	1240.50	1275.00	1280.00	1280.50	1305.00	1305.50	1223.50	1086.00	1021.00	983.00	961.00	991.50	1092.50	1067.50	1023.50	1011.50	1007.00	1024.00	1040.50	1057.00	1068.50	1088.50	1076.50	1034.50	987.50	900.00	832.00	771.50	615.00	509.00	438.50	438.00	438.00	438.00	438.00	430.50	416.50	416.50	538.50	630.50	642.50	617.50	748.00	897.00	968.00	1033.50	1115.50	978.00	1025.00	1213.50	1386.00	1491.50	1448.00	1320.00	1168.00	1201.50	834.00	324.00	289.50	310.00	323.00	313.00	305.00	272.50	365.50	447.50	556.50	666.00	954.00	1116.00	1144.00	1126.00	1247.00	1403.00	1473.00	1531.00	1533.50	1535.50	1501.00	1402.00	1340.00	1296.50	1263.00	1261.50	1173.50	1118.50	1267.50	1388.00	1365.00	1257.00	1208.00	1283.00	1314.00	1451.00	1518.50	1444.00	1392.50	1303.50	1147.00	1043.00	940.50	1104.00	1066.00	1052.00	1091.00	1137.00	1070.00	959.50	896.00	790.50	649.50	405.00	271.00	181.50	194.00	176.00	135.50	127.50	160.50	104.00	98.00	115.00	420.00	563.00	711.00	870.50	1054.50	903.00	907.00	1101.00	1101.50	886.00	902.50	1219.00	1223.50	1102.00	1046.50	706.00	541.50	418.00	561.50	637.50	922.50	1321.00	1389.50	1276.00	1190.50	1005.50	692.50	558.00	572.50	1034.00	801.50	733.00	647.50	439.00	417.00	462.50	783.00	1134.00	1371.00	1261.50	1140.00	969.00	855.00	868.50	1037.00	1269.50	1240.00	1123.50	1068.50	1058.00	1040.00	906.50	802.00	758.50	688.50	663.50	683.00	737.50	839.00	831.50
838.50	844.00	861.50	885.00	891.50	892.50	897.50	905.50	913.00	918.00	918.50	918.50	920.50	936.00	958.50	979.00	1005.50	1030.50	1045.00	1060.00	1071.00	1100.50	1122.00	1136.50	1148.00	1160.50	1177.00	1187.50	1216.00	1226.00	1235.00	1241.00	1256.50	1269.50	1272.00	1273.50	1276.50	1273.00	1269.50	1270.00	1271.50	1277.50	1285.50	1293.50	1304.00	1280.50	1264.50	1274.50	1272.00	1246.50	1234.50	1231.00	1223.00	1202.50	1171.00	1170.00	1182.00	1203.00	1225.00	1252.00	1271.50	1287.00	1293.50	1272.50	1198.00	1161.00	1153.00	1148.50	1158.50	1162.50	1179.50	1208.50	1227.00	1248.50	1258.00	1297.50	1302.50	1302.50	1323.50	1321.50	1241.00	1130.50	1058.00	1012.50	994.50	1009.00	1111.00	1112.00	1092.50	1060.50	1049.00	1069.00	1086.00	1100.50	1130.50	1155.00	1137.00	1088.50	1067.50	991.00	913.50	867.50	775.50	701.00	547.00	509.50	458.50	441.50	438.00	432.50	424.50	416.50	408.00	416.50	445.50	456.50	545.50	777.50	897.50	932.00	951.00	894.00	1049.50	1232.50	1411.50	1519.00	1457.50	1416.50	1395.00	1258.50	880.50	357.00	315.50	322.50	339.50	327.50	312.50	377.50	825.00	809.50	805.50	868.00	1179.50	1216.00	1225.00	1195.50	1228.50	1339.50	1376.50	1509.00	1522.00	1524.50	1483.00	1363.50	1273.50	1234.00	1219.00	1224.00	1211.00	1074.50	1020.00	1050.00	1146.00	1069.50	1121.50	1265.00	1244.50	1378.50	1520.00	1436.50	1321.50	1192.50	1005.00	920.00	786.00	787.50	743.00	756.00	819.00	865.00	844.50	791.00	712.50	517.50	366.00	193.50	147.50	131.00	129.00	113.50	143.50	223.00	250.00	135.50	97.00	102.00	257.50	411.00	574.50	719.00	852.50	875.50	811.50	992.00	1029.50	863.00	890.50	1158.00	1296.50	1338.50	1062.50	753.00	764.50	642.00	507.50	560.00	724.50	981.50	1237.50	1186.00	1100.00	963.00	672.00	571.00	817.50	1204.00	820.50	908.00	874.00	613.50	469.50	440.50	586.50	867.50	1178.50	1120.00	1038.00	992.00	892.00	903.50	1027.50	1323.00	1312.00	1199.50	1146.00	1083.50	1044.50	930.50	844.00	775.50	720.00	682.50	677.50	709.50	779.50	802.00
847.50	855.50	867.50	887.50	898.00	901.00	907.00	913.50	921.50	926.00	929.50	928.50	933.50	945.00	961.00	980.00	1000.50	1024.50	1044.50	1070.00	1083.00	1101.00	1118.50	1139.50	1153.00	1169.00	1183.50	1192.50	1210.50	1222.50	1232.50	1238.00	1253.00	1269.50	1277.00	1278.50	1282.00	1281.50	1280.50	1278.50	1282.50	1290.50	1297.00	1306.00	1318.50	1291.50	1270.00	1277.50	1277.00	1258.00	1251.00	1249.00	1241.00	1231.50	1211.00	1207.50	1217.00	1233.50	1251.00	1270.50	1286.50	1298.50	1302.50	1281.50	1220.00	1192.00	1179.00	1173.00	1187.50	1192.50	1207.00	1227.50	1247.00	1265.00	1275.50	1317.50	1328.00	1324.50	1339.50	1335.50	1273.50	1195.50	1112.00	1060.50	1042.00	1040.50	1127.00	1144.50	1147.50	1124.50	1109.00	1122.50	1133.50	1140.00	1186.50	1214.00	1191.00	1156.50	1186.00	1151.00	1037.50	967.00	859.50	802.00	701.50	696.00	658.50	588.50	498.50	448.00	450.50	435.00	424.50	419.00	419.00	409.50	424.50	560.00	752.50	822.50	826.50	886.50	1072.00	1232.50	1412.00	1505.00	1439.00	1405.50	1360.00	1195.50	856.00	419.00	345.00	337.00	355.00	339.50	322.50	571.50	1358.00	1312.50	1072.00	1129.50	1355.00	1318.00	1290.00	1250.50	1253.50	1308.00	1354.50	1478.50	1505.50	1511.00	1463.50	1354.00	1234.00	1199.00	1196.00	1169.00	1026.50	1019.50	955.50	924.00	887.00	871.50	956.00	1089.00	1116.50	1326.00	1495.00	1299.00	1052.00	883.50	709.50	628.50	539.50	457.50	411.00	413.50	499.00	516.00	521.50	488.50	411.50	279.00	173.00	139.00	120.50	132.50	163.00	238.50	397.00	426.50	354.00	200.00	104.50	99.50	127.00	243.00	393.50	570.00	655.50	764.50	741.50	871.00	915.50	825.50	849.50	1130.00	1285.50	1398.50	1184.50	837.00	930.50	905.50	648.50	561.00	609.50	932.50	1237.00	1218.50	1205.50	1002.50	757.00	641.00	810.50	1188.00	940.00	1029.00	949.00	756.50	624.50	524.50	516.00	623.00	937.00	1041.50	1057.50	1062.00	979.00	993.00	1023.00	1353.50	1371.50	1263.50	1209.00	1092.50	1032.50	953.00	883.50	805.50	744.00	709.00	682.50	703.50	729.00	762.50
855.50	865.00	877.50	893.00	904.50	910.50	916.00	920.50	927.00	932.00	936.50	936.00	934.00	945.00	956.50	972.00	992.00	1021.00	1047.50	1083.00	1092.50	1107.50	1120.50	1145.00	1157.00	1172.50	1183.50	1193.50	1216.00	1222.00	1234.00	1240.00	1253.50	1268.50	1280.50	1282.00	1285.50	1288.50	1292.00	1298.00	1301.00	1303.00	1307.50	1318.50	1329.00	1299.50	1272.00	1277.00	1277.50	1265.00	1260.50	1259.50	1252.50	1250.50	1239.50	1237.00	1245.50	1262.50	1276.50	1290.00	1303.50	1311.50	1311.00	1291.00	1236.50	1216.50	1202.50	1196.00	1213.50	1220.00	1231.50	1250.50	1270.50	1284.00	1293.50	1331.50	1349.50	1348.00	1356.00	1351.50	1316.50	1259.00	1211.50	1178.50	1139.50	1110.00	1148.00	1173.00	1194.00	1193.00	1182.50	1182.00	1182.00	1175.00	1212.50	1240.50	1226.00	1217.00	1234.00	1230.50	1169.00	1079.50	946.00	897.50	837.00	793.00	783.50	802.50	675.50	492.50	481.50	468.00	406.50	408.00	424.50	416.50	400.00	398.50	442.00	527.50	722.00	920.00	1080.00	1192.50	1329.50	1400.50	1385.50	1382.50	1317.50	1172.50	926.50	422.00	351.50	349.00	369.50	352.50	338.00	602.00	1371.50	1408.00	1340.50	1412.50	1420.00	1385.50	1352.00	1307.00	1302.00	1331.50	1369.50	1451.00	1485.50	1496.50	1457.50	1380.50	1249.50	1208.00	1212.50	1199.00	1090.50	1011.00	952.50	913.00	875.50	862.00	801.50	827.50	962.50	1238.50	1323.50	1116.50	809.50	592.00	442.50	354.00	303.50	280.00	277.00	265.00	249.00	240.00	270.50	239.50	218.50	171.00	156.50	155.00	178.50	316.00	403.50	546.00	690.50	670.00	520.50	341.00	152.00	108.50	100.00	142.00	228.50	391.00	514.00	633.00	653.50	758.00	815.50	781.00	825.50	1099.50	1203.00	1355.50	1247.00	878.00	860.50	884.50	818.50	594.50	629.00	870.50	1266.50	1410.00	1431.00	1238.00	962.00	738.00	771.50	1107.50	1117.00	1068.00	899.50	916.00	914.50	686.00	584.00	633.50	775.50	857.00	981.50	1070.50	1110.00	1083.00	1067.00	1371.50	1400.00	1281.50	1214.00	1079.00	1011.50	968.50	894.00	818.00	760.00	738.00	688.00	697.00	704.00	725.00
862.50	877.00	886.50	900.50	908.50	917.50	923.50	927.00	933.00	938.00	942.00	942.50	930.50	938.00	945.50	955.50	976.50	1020.50	1059.50	1090.00	1100.00	1115.00	1129.00	1152.50	1163.50	1179.50	1185.00	1194.00	1219.50	1222.50	1236.50	1244.50	1258.50	1270.00	1282.00	1285.50	1289.00	1294.50	1300.50	1308.50	1309.50	1311.50	1317.50	1328.00	1338.50	1305.00	1272.50	1275.50	1275.50	1268.50	1264.50	1265.00	1262.50	1268.00	1265.00	1266.50	1276.50	1291.50	1301.50	1310.00	1320.50	1324.50	1320.00	1300.00	1251.50	1231.00	1218.50	1216.00	1236.00	1248.00	1260.50	1276.00	1294.00	1304.00	1312.50	1344.00	1365.00	1370.50	1371.00	1368.50	1356.50	1323.50	1301.50	1283.00	1243.00	1200.50	1181.00	1200.00	1226.50	1241.50	1234.00	1226.50	1223.00	1207.50	1228.50	1258.00	1249.00	1252.50	1255.00	1252.00	1234.00	1166.50	1064.50	1030.50	970.50	913.50	853.00	888.00	732.50	551.50	536.00	520.00	419.50	395.50	416.00	416.00	393.00	373.50	372.50	401.50	479.50	663.50	972.50	1091.00	1205.00	1224.00	1252.50	1321.50	1244.50	997.00	789.00	384.50	346.50	357.00	382.50	367.00	354.00	535.50	1362.50	1382.50	1443.50	1488.00	1463.50	1444.00	1404.50	1359.50	1349.50	1367.50	1382.50	1431.50	1464.00	1483.00	1453.00	1400.00	1325.50	1298.50	1302.00	1267.50	1270.50	1202.00	1105.00	1030.00	982.50	945.50	806.50	686.00	768.00	1044.50	969.50	791.50	532.50	361.00	298.50	285.00	279.50	290.50	289.50	284.50	257.50	241.50	245.50	229.00	207.50	220.50	229.00	339.00	474.50	636.50	767.50	900.00	1020.00	987.00	810.50	579.00	261.50	162.00	107.50	114.00	147.00	216.50	365.50	584.50	605.50	666.00	700.00	730.00	807.00	1007.00	1085.00	1253.00	1175.00	814.50	679.50	740.00	884.00	628.50	695.00	868.50	1264.00	1472.00	1468.00	1324.00	1100.50	851.50	801.50	1015.50	1243.50	1215.00	1181.00	1181.50	985.50	752.50	686.50	706.00	727.00	746.50	851.50	1099.00	1195.50	1139.50	1178.00	1374.50	1363.50	1172.50	1085.00	1030.50	983.50	937.50	873.00	806.00	820.50	783.50	712.50	699.00	704.00	706.50
868.50	887.00	897.50	910.25	916.50	923.75	931.50	935.75	941.50	945.50	949.00	950.50	944.50	937.25	935.00	938.50	965.75	1019.75	1061.50	1096.00	1105.25	1125.00	1141.75	1162.50	1173.25	1184.25	1191.75	1199.00	1217.00	1223.50	1234.75	1238.50	1252.25	1268.00	1278.75	1284.00	1288.75	1295.50	1299.50	1308.75	1316.00	1321.25	1327.50	1338.00	1350.00	1312.50	1271.75	1272.00	1271.50	1269.75	1267.00	1268.75	1275.50	1292.00	1300.00	1310.25	1320.00	1331.75	1336.00	1339.00	1344.00	1342.25	1334.50	1314.00	1271.75	1253.00	1244.50	1248.25	1273.25	1292.50	1306.75	1315.00	1328.75	1335.75	1342.00	1366.00	1377.50	1383.50	1385.00	1388.25	1388.50	1388.25	1387.50	1375.25	1338.00	1303.75	1241.25	1246.00	1271.75	1289.50	1279.00	1269.50	1263.25	1251.50	1261.00	1285.00	1282.75	1292.25	1292.50	1278.75	1262.50	1236.75	1221.75	1199.00	1107.25	1051.00	924.25	907.25	736.50	647.25	709.25	812.25	661.25	633.75	533.25	441.00	396.75	378.25	393.50	383.00	407.25	382.25	499.00	624.50	777.50	902.25	1116.25	1248.75	1205.75	792.50	536.75	389.25	356.75	364.75	395.75	386.00	358.25	681.50	1226.25	1343.75	1454.75	1510.75	1522.25	1516.50	1483.50	1434.50	1412.50	1412.50	1411.00	1406.50	1427.50	1453.50	1437.00	1405.50	1381.00	1366.50	1337.50	1298.00	1345.50	1413.75	1396.00	1327.50	1216.50	1143.25	944.50	663.00	534.25	549.75	495.25	423.75	346.00	344.00	380.50	510.50	628.00	682.50	819.25	692.25	516.25	519.75	509.50	601.00	684.50	545.75	583.75	791.50	923.75	1096.00	1181.75	1243.50	1247.25	1177.00	996.75	708.75	673.75	472.50	208.75	149.25	135.25	130.25	169.50	356.50	475.25	547.75	597.00	631.75	727.25	841.00	946.75	1048.50	1030.25	754.75	589.75	664.00	762.25	710.50	739.50	1070.00	1326.75	1471.50	1392.25	1357.25	1150.00	966.50	894.50	995.00	1222.00	1351.25	1258.50	1043.50	916.50	937.50	933.75	794.50	825.75	876.25	854.75	883.00	1119.75	1174.75	1130.50	1134.75	1097.00	1054.75	1056.25	1032.25	995.50	967.00	918.00	906.75	933.50	894.00	835.75	745.50	709.50	699.75
870.00	889.50	900.50	913.00	919.50	925.50	934.00	938.50	944.00	948.00	951.50	953.50	949.50	940.00	934.00	938.00	968.00	1019.50	1058.00	1096.50	1105.50	1127.50	1145.00	1165.00	1176.50	1185.50	1194.00	1201.50	1219.00	1224.50	1234.00	1237.00	1250.00	1266.50	1277.00	1283.00	1287.50	1294.00	1298.00	1307.00	1317.00	1324.00	1331.00	1341.50	1354.00	1315.00	1271.50	1271.00	1270.00	1269.50	1267.50	1270.00	1279.00	1299.50	1311.00	1324.50	1333.50	1344.00	1347.00	1348.50	1351.50	1347.50	1339.00	1319.00	1278.50	1260.50	1254.50	1260.50	1285.50	1306.50	1322.00	1328.00	1340.50	1346.50	1352.00	1372.50	1380.50	1386.50	1389.50	1394.00	1396.00	1402.50	1407.50	1396.50	1366.50	1338.00	1263.00	1265.00	1288.50	1302.50	1291.50	1282.50	1276.50	1267.50	1273.00	1294.50	1294.50	1305.00	1305.50	1288.00	1272.00	1249.00	1250.50	1240.00	1142.00	1087.50	947.00	904.50	740.00	680.00	770.00	864.00	725.50	778.00	656.50	480.50	403.00	379.00	405.00	387.00	408.50	386.50	378.00	457.00	620.50	848.00	1103.50	1232.00	1287.00	795.50	505.50	395.00	363.00	367.00	399.50	391.00	364.50	758.50	1179.50	1318.50	1451.50	1518.00	1537.00	1533.00	1507.50	1461.50	1436.00	1431.00	1422.50	1397.50	1414.00	1440.50	1428.50	1403.00	1382.50	1354.00	1313.00	1293.50	1352.50	1407.50	1386.50	1332.00	1247.50	1196.50	974.50	656.00	483.50	408.00	422.50	406.50	353.50	381.50	462.00	691.00	850.00	887.50	1114.50	909.50	652.00	716.50	681.50	807.00	927.00	652.00	684.00	916.00	1047.00	1158.50	1231.00	1280.50	1264.00	1207.50	1122.50	822.50	846.50	642.00	274.50	180.00	145.50	126.00	136.50	264.00	426.00	518.00	608.00	617.50	691.00	790.00	898.00	977.00	984.00	748.50	579.00	637.50	738.50	793.50	743.00	1105.00	1335.50	1434.50	1307.50	1359.00	1170.50	1001.50	926.00	986.00	1200.00	1322.00	1153.50	989.00	939.50	1052.50	971.00	815.50	877.00	965.50	870.00	857.50	1043.00	1175.50	1066.00	1048.50	1038.50	1066.00	1092.00	1059.50	1017.50	999.00	949.00	944.00	956.50	926.00	894.00	772.50	714.00	695.50
871.00	890.50	903.25	913.25	921.25	928.00	936.00	941.75	946.50	950.50	953.75	956.50	954.00	945.00	937.50	945.00	977.25	1022.25	1057.50	1091.75	1103.25	1126.50	1144.25	1165.50	1177.50	1186.00	1194.50	1202.25	1219.00	1224.50	1232.75	1237.00	1249.00	1264.25	1275.00	1282.00	1286.00	1292.50	1296.00	1306.75	1318.00	1326.50	1333.50	1344.50	1357.25	1317.00	1271.50	1270.25	1268.50	1269.25	1268.25	1271.25	1281.75	1304.50	1320.50	1337.00	1344.50	1354.00	1356.25	1356.75	1357.75	1352.75	1343.50	1323.75	1284.50	1268.50	1264.75	1272.75	1298.25	1319.50	1335.50	1341.00	1350.50	1356.50	1360.50	1376.00	1383.25	1389.75	1393.00	1399.25	1402.50	1411.00	1419.50	1410.25	1386.25	1362.50	1287.00	1288.00	1306.50	1315.50	1304.00	1295.25	1289.50	1284.00	1286.50	1304.25	1305.75	1317.25	1317.50	1298.50	1283.25	1252.50	1253.00	1274.75	1181.50	1103.75	958.50	903.00	771.00	722.25	819.50	899.00	766.25	847.25	748.25	603.00	494.75	433.25	404.00	387.00	407.75	397.00	379.75	432.25	567.00	824.25	1063.00	1187.00	1248.50	809.50	489.00	399.50	370.50	369.00	401.75	389.00	386.00	818.25	1142.50	1301.25	1445.25	1521.50	1544.75	1541.75	1521.75	1484.25	1459.50	1451.25	1435.50	1388.00	1396.75	1418.00	1410.25	1394.50	1375.25	1320.75	1260.00	1278.50	1335.25	1396.50	1358.75	1297.25	1230.25	1157.75	834.00	558.00	449.25	375.00	389.25	419.50	397.25	461.00	618.25	861.50	1000.25	1152.00	1247.25	1005.00	863.50	836.75	812.50	884.00	1020.50	787.00	758.50	917.75	1031.75	1114.50	1183.25	1238.50	1223.25	1161.25	1118.50	934.75	914.25	773.50	492.75	388.25	261.75	157.00	133.75	206.00	328.75	483.75	579.25	601.75	657.25	755.75	839.25	909.75	946.50	748.75	575.75	622.00	765.75	883.75	764.50	1019.50	1256.75	1305.00	1231.75	1359.25	1184.50	1017.00	955.25	999.25	1199.75	1249.75	1097.50	1032.25	1061.25	1126.25	949.25	826.75	947.25	1050.25	914.50	887.25	1009.50	1142.00	1056.00	1119.25	1137.75	1180.25	1167.00	1088.25	1041.50	1032.75	969.75	947.25	960.00	942.25	916.00	799.25	717.50	684.00
878.50	894.50	911.50	914.00	922.50	934.50	942.50	952.00	955.50	958.00	960.50	965.00	966.00	963.50	960.50	985.50	1008.00	1025.00	1050.00	1074.50	1090.50	1118.50	1134.00	1160.50	1176.50	1183.50	1190.00	1199.00	1215.00	1223.50	1231.50	1238.00	1248.00	1258.50	1269.50	1277.50	1282.00	1287.50	1290.50	1309.00	1322.00	1333.00	1340.50	1352.00	1365.00	1322.50	1272.00	1268.50	1265.00	1267.50	1269.50	1274.00	1288.50	1314.00	1344.00	1367.00	1370.50	1376.00	1378.50	1377.00	1371.50	1366.00	1356.50	1338.00	1304.00	1292.50	1294.50	1309.50	1338.00	1355.50	1368.50	1373.00	1375.00	1378.00	1380.00	1388.00	1392.00	1399.00	1403.50	1413.00	1420.50	1433.00	1448.00	1447.00	1441.00	1424.50	1361.50	1361.50	1360.50	1353.50	1341.50	1333.50	1329.00	1329.00	1327.50	1334.50	1338.00	1349.00	1347.50	1327.50	1312.50	1261.00	1245.50	1351.00	1328.00	1174.50	1013.50	938.50	882.00	858.00	987.00	981.50	853.50	983.50	948.50	825.00	787.50	733.50	518.00	464.00	409.00	427.00	424.50	456.50	472.50	565.00	769.00	944.50	986.50	744.00	419.50	411.50	391.50	373.50	401.50	375.50	372.00	872.50	1142.00	1265.00	1432.50	1508.00	1553.50	1558.50	1555.00	1534.00	1518.00	1504.50	1472.00	1359.50	1335.00	1321.00	1330.00	1357.50	1341.00	1250.50	1087.00	1189.00	1267.00	1322.50	1215.00	1070.50	913.50	669.50	524.00	445.00	432.50	450.50	482.00	658.00	625.00	657.50	799.50	1133.00	1418.50	1493.50	1259.50	1159.50	1232.50	1230.50	1280.50	1248.00	1257.00	1168.00	1062.50	954.50	985.50	1037.00	1057.50	1099.00	1095.50	996.00	983.50	1050.50	1022.50	957.00	892.00	926.50	779.00	394.00	174.50	143.50	160.50	328.50	459.00	538.50	609.50	659.50	661.00	708.00	806.00	724.50	570.50	604.50	820.50	945.00	845.00	814.50	1008.00	992.50	1174.50	1377.50	1278.00	1160.00	1051.50	1053.00	1185.00	1261.50	1252.50	1342.50	1223.00	1067.00	891.00	885.50	1039.00	1209.00	1189.00	1080.50	984.50	981.50	1090.50	1364.50	1435.00	1366.50	1238.00	1115.00	1072.00	1061.50	981.50	936.50	957.00	963.00	955.00	875.00	732.50	652.00
880.25	898.25	914.50	919.50	927.25	938.00	947.25	955.50	958.25	960.25	963.75	968.25	970.00	969.00	971.00	990.75	1006.75	1022.50	1044.00	1065.25	1080.75	1109.75	1126.00	1153.75	1171.75	1179.75	1186.00	1194.00	1214.25	1223.00	1231.00	1237.50	1246.75	1256.00	1267.25	1275.00	1280.00	1286.00	1289.50	1307.00	1322.50	1334.50	1342.50	1353.25	1366.75	1324.50	1273.00	1268.75	1264.75	1267.00	1269.75	1274.50	1289.50	1315.25	1348.00	1371.25	1374.75	1380.25	1383.50	1381.50	1374.50	1368.75	1360.50	1342.50	1311.25	1300.75	1303.25	1321.00	1350.00	1363.50	1372.75	1377.75	1380.50	1382.50	1384.50	1392.25	1395.50	1402.25	1407.00	1417.00	1426.25	1439.00	1455.75	1458.75	1457.00	1444.00	1390.75	1387.25	1378.75	1366.00	1352.75	1345.75	1342.75	1341.50	1339.75	1345.00	1348.00	1355.75	1353.75	1333.75	1318.00	1263.00	1238.00	1321.25	1309.25	1179.00	1025.50	955.00	909.25	908.00	1039.25	982.50	871.00	1002.00	984.00	855.75	800.50	790.00	610.00	562.25	473.00	460.50	442.50	467.50	476.75	541.00	649.75	777.00	837.25	626.00	408.00	418.50	398.25	374.50	399.25	379.75	472.00	970.50	1124.50	1243.25	1414.75	1484.00	1544.50	1559.50	1562.00	1544.50	1528.00	1514.25	1481.75	1353.75	1315.00	1279.50	1293.50	1331.50	1322.50	1254.00	1064.25	1099.75	1190.50	1194.75	1078.75	904.75	768.00	631.75	541.75	498.00	532.25	605.50	666.25	815.50	782.75	723.50	780.75	1095.25	1386.50	1443.25	1262.00	1227.75	1301.75	1321.00	1380.00	1366.00	1321.75	1218.25	1133.50	999.75	998.25	1039.50	1039.75	1046.25	1033.00	950.50	916.25	966.00	938.25	876.25	855.25	910.25	860.00	518.25	219.50	150.75	160.75	306.25	443.00	519.25	584.25	622.25	627.50	669.00	749.25	703.00	571.25	600.00	813.00	912.75	860.25	780.50	939.50	995.25	1200.50	1390.25	1348.00	1232.75	1086.25	1070.50	1186.00	1301.50	1313.50	1373.50	1221.50	1103.25	932.75	936.25	1008.50	1158.00	1243.75	1135.25	1048.50	1048.25	1113.75	1343.50	1424.50	1355.75	1229.00	1103.50	1055.50	1034.50	962.25	926.50	947.75	955.75	958.50	875.75	720.50	640.50
874.50	902.50	924.50	943.50	953.00	958.00	960.50	963.50	965.50	967.00	973.00	978.00	983.50	986.00	998.00	1006.50	1014.50	1022.00	1030.50	1039.00	1053.00	1080.50	1101.50	1127.00	1153.00	1165.50	1169.50	1179.00	1209.00	1220.00	1227.50	1235.00	1241.50	1248.00	1259.00	1266.00	1273.00	1281.00	1286.50	1305.50	1325.00	1338.00	1347.50	1358.00	1372.50	1331.00	1277.50	1271.50	1265.50	1266.00	1269.50	1275.50	1291.00	1316.50	1354.50	1380.50	1385.00	1391.00	1394.50	1392.50	1384.00	1376.50	1370.50	1358.00	1335.00	1326.00	1329.50	1352.50	1374.50	1378.50	1383.00	1388.50	1395.00	1395.50	1398.00	1405.50	1406.00	1412.50	1418.00	1428.50	1442.00	1455.00	1477.00	1492.50	1503.50	1499.50	1478.00	1464.00	1439.00	1412.00	1389.00	1380.50	1378.50	1375.00	1372.00	1373.50	1374.00	1371.50	1368.00	1350.50	1329.50	1264.50	1219.50	1212.00	1186.00	1152.00	1060.00	1011.50	988.50	1049.00	1168.00	1010.50	933.50	1044.00	1063.00	943.00	849.00	879.00	753.50	700.00	665.50	616.50	499.50	495.50	495.00	522.00	508.50	489.50	474.00	425.50	441.50	445.00	417.00	378.50	394.50	427.00	893.50	1167.00	1024.50	1088.50	1255.00	1368.50	1497.50	1560.50	1577.50	1572.50	1557.00	1536.00	1505.50	1361.00	1319.00	1189.50	1162.50	1189.00	1266.00	1256.00	1132.50	884.50	852.00	789.00	682.00	607.00	535.50	576.00	689.00	841.00	1026.50	1196.00	1276.00	1164.50	1070.50	873.50	802.00	960.00	1160.50	1362.00	1353.00	1444.00	1508.50	1529.50	1558.00	1546.50	1393.00	1246.00	1208.50	1087.00	1054.50	1066.50	1004.00	922.50	845.50	769.50	692.50	648.50	586.00	588.00	603.50	607.50	645.50	619.00	340.00	182.00	209.50	301.00	350.00	444.00	483.50	504.00	529.00	541.50	576.00	584.00	537.50	578.00	732.50	782.00	832.00	714.50	851.00	1048.00	1249.50	1400.50	1423.50	1356.00	1173.50	1113.50	1199.00	1335.50	1247.00	1305.00	1240.00	1208.00	1115.50	1132.50	1034.00	1086.50	1297.50	1289.00	1374.00	1352.00	1247.50	1290.50	1354.00	1252.00	1182.50	1098.50	1071.50	1016.00	952.00	897.50	901.50	865.50	814.00	749.50	671.00	616.50
878.50	901.75	926.75	949.25	958.50	961.75	963.00	966.25	968.75	970.50	976.50	981.00	989.00	992.25	1002.00	1008.75	1016.25	1023.00	1029.50	1039.00	1049.75	1072.00	1092.50	1123.00	1146.75	1160.00	1163.50	1171.50	1205.75	1218.00	1226.00	1233.25	1239.25	1244.50	1255.25	1263.25	1270.25	1279.25	1285.50	1306.00	1325.00	1337.50	1346.75	1358.25	1372.75	1332.50	1280.00	1273.50	1266.75	1266.00	1269.25	1275.00	1290.50	1315.75	1352.25	1380.75	1386.00	1392.25	1396.00	1394.75	1387.00	1379.25	1372.75	1362.00	1343.25	1334.25	1337.75	1358.75	1376.75	1380.75	1385.50	1391.50	1398.25	1400.00	1402.50	1410.25	1410.00	1415.50	1421.75	1432.25	1446.75	1460.00	1482.00	1501.00	1514.00	1513.25	1499.00	1486.50	1460.00	1430.75	1405.50	1392.25	1387.25	1383.75	1381.25	1380.25	1378.75	1375.50	1370.75	1355.50	1330.00	1263.25	1216.75	1208.75	1192.00	1169.75	1091.75	1034.25	1010.75	1057.75	1181.75	1041.00	969.25	1052.00	1078.00	974.50	878.25	875.25	785.00	737.00	687.00	628.75	516.00	504.25	508.25	529.75	511.00	475.00	444.75	442.50	456.50	452.00	420.25	382.50	397.00	425.50	772.00	1070.25	957.25	1061.25	1240.75	1360.75	1496.75	1561.00	1579.25	1577.75	1563.50	1537.75	1505.25	1373.75	1345.75	1213.75	1136.25	1126.00	1234.25	1234.25	1085.00	856.00	790.75	740.75	662.25	619.25	557.25	614.00	793.25	978.75	1172.25	1331.75	1320.00	1167.75	1046.00	866.25	821.50	925.00	1099.50	1325.75	1379.00	1485.00	1532.75	1556.25	1569.50	1533.25	1353.50	1228.25	1197.75	1114.25	1079.50	1075.75	999.25	913.00	812.25	682.50	594.75	550.25	515.50	524.00	521.75	506.00	530.25	514.75	329.25	202.75	247.75	373.00	403.00	402.50	433.50	466.25	492.00	499.75	531.00	541.75	520.25	569.50	684.00	732.00	789.25	700.75	844.75	1037.25	1220.25	1348.25	1403.50	1366.50	1218.00	1171.00	1243.00	1350.50	1232.25	1215.50	1193.50	1261.25	1192.75	1172.00	1093.25	1146.50	1329.00	1325.75	1386.00	1360.25	1259.50	1269.00	1297.75	1218.75	1175.25	1114.25	1090.75	1044.00	981.50	894.75	876.50	826.25	766.00	721.50	668.25	618.50
886.50	907.00	933.00	956.50	966.00	975.00	982.00	995.50	1003.50	1008.50	1010.00	1001.50	1003.50	999.50	1004.50	1013.50	1015.50	1022.00	1028.50	1037.50	1048.50	1060.50	1081.00	1109.50	1127.00	1136.50	1143.00	1152.00	1190.50	1205.50	1218.50	1223.00	1226.50	1230.50	1238.00	1251.00	1258.00	1268.00	1274.50	1284.00	1295.00	1296.50	1296.00	1310.50	1324.00	1311.00	1288.50	1281.50	1272.50	1267.50	1269.00	1273.50	1287.00	1310.50	1342.00	1376.00	1385.00	1393.00	1398.00	1399.00	1394.50	1386.50	1380.00	1373.50	1365.50	1358.50	1361.50	1370.00	1380.50	1386.00	1392.50	1400.50	1408.00	1412.00	1415.50	1423.00	1421.00	1424.00	1432.00	1443.00	1459.50	1474.00	1495.00	1518.00	1532.50	1540.00	1537.50	1531.50	1514.50	1487.50	1456.50	1429.00	1415.00	1407.00	1403.50	1398.50	1392.50	1388.00	1380.00	1368.00	1335.50	1281.00	1227.00	1228.50	1229.00	1234.00	1205.00	1108.00	1074.50	1093.50	1191.00	1132.00	1071.50	1096.00	1128.00	1093.00	1031.50	893.00	901.50	876.00	700.50	616.00	529.50	527.00	549.00	548.00	516.00	468.00	411.00	454.50	473.50	462.00	414.00	398.50	410.00	461.00	558.00	760.50	866.50	1133.50	1291.00	1382.50	1462.00	1544.50	1573.00	1585.00	1574.50	1528.00	1480.00	1403.00	1382.00	1238.50	1098.00	1010.00	1019.00	953.50	830.50	784.00	768.00	728.00	706.50	766.50	906.50	981.00	1209.00	1447.00	1510.00	1542.00	1393.00	1141.00	1021.50	1033.50	954.00	948.00	1087.00	1183.00	1357.50	1444.00	1529.50	1576.00	1572.00	1455.00	1295.50	1259.50	1259.00	1218.00	1168.50	1085.00	1046.50	970.00	673.00	501.50	426.50	420.00	390.50	383.50	345.00	319.50	305.50	280.00	256.00	344.50	433.50	540.00	540.00	482.50	383.50	353.50	366.00	392.00	404.00	444.50	494.50	542.00	557.50	595.00	653.00	663.00	810.50	985.00	1095.50	1134.50	1303.50	1396.00	1381.00	1486.00	1437.50	1424.00	1299.00	1088.00	1112.50	1342.00	1370.50	1371.50	1329.00	1365.50	1410.00	1387.50	1375.50	1340.50	1256.00	1209.00	1191.50	1175.50	1184.00	1178.00	1159.00	1101.00	1042.00	916.00	828.50	793.50	736.50	725.00	763.50	707.00
890.50	917.50	937.50	954.00	961.00	969.00	978.50	991.00	997.00	1002.50	1010.00	1001.50	1008.50	1012.00	1015.50	1014.50	1011.00	1018.50	1028.00	1036.50	1046.00	1062.50	1067.50	1100.50	1121.00	1127.50	1129.50	1144.00	1181.00	1198.00	1210.50	1215.00	1218.00	1217.00	1224.50	1244.00	1255.50	1266.50	1272.50	1281.00	1289.00	1296.50	1301.50	1316.50	1335.00	1323.50	1294.50	1288.50	1278.50	1271.00	1270.00	1273.00	1284.00	1304.00	1333.00	1368.50	1379.50	1390.50	1395.50	1399.00	1396.50	1390.00	1384.00	1379.50	1374.00	1371.50	1372.50	1375.00	1381.50	1386.50	1395.50	1404.50	1413.00	1419.50	1422.50	1431.00	1428.50	1429.50	1438.50	1449.00	1466.00	1482.50	1500.50	1521.50	1533.50	1541.00	1543.50	1541.00	1531.50	1516.00	1489.50	1451.50	1432.00	1420.50	1415.00	1407.50	1401.50	1396.50	1388.00	1376.00	1352.50	1325.00	1268.50	1256.00	1254.00	1263.00	1234.00	1157.00	1126.50	1138.00	1177.50	1200.50	1146.00	1147.00	1166.50	1189.00	1172.00	973.50	941.50	884.00	633.50	589.50	532.50	531.50	555.00	543.00	515.00	485.50	438.00	457.50	459.00	431.50	402.00	415.00	420.50	522.00	751.50	1015.50	1109.50	1224.00	1256.00	1312.00	1364.00	1486.50	1537.50	1572.00	1572.00	1522.50	1450.50	1390.50	1302.50	1108.50	1047.50	1038.50	924.50	863.00	826.50	836.00	832.50	835.00	837.50	972.00	1181.00	1371.50	1495.00	1586.00	1586.00	1550.00	1417.00	1176.50	1193.50	1212.50	1071.50	1039.50	1174.50	1237.50	1321.50	1340.00	1382.50	1390.50	1466.50	1503.00	1389.50	1353.50	1348.50	1252.50	1212.50	1144.50	1075.00	846.50	520.00	476.00	493.50	535.00	486.00	396.50	373.50	371.50	384.50	425.00	447.00	576.00	584.50	618.00	602.00	549.50	501.50	425.50	382.50	359.50	363.00	420.00	480.00	515.00	485.00	520.00	566.00	638.50	773.00	916.00	956.50	1017.50	1219.00	1340.00	1238.50	1449.00	1519.50	1442.50	1308.50	1078.00	1036.00	1277.50	1405.50	1332.00	1288.00	1391.00	1411.00	1394.50	1364.00	1315.00	1279.50	1196.50	1191.00	1193.50	1210.00	1217.00	1204.50	1142.00	1024.00	918.00	862.50	837.00	785.50	913.00	936.00	841.00
892.00	922.50	944.00	953.00	957.00	966.00	970.50	983.50	989.50	996.50	1008.00	1000.50	1013.00	1015.50	1019.00	1014.50	1011.00	1019.00	1029.50	1041.50	1054.50	1068.50	1079.50	1096.00	1110.50	1109.50	1114.00	1128.00	1171.50	1185.00	1197.00	1204.50	1208.00	1203.50	1211.50	1238.00	1252.50	1264.00	1269.50	1280.50	1283.50	1293.00	1302.00	1318.50	1341.00	1330.00	1302.00	1296.50	1286.50	1277.50	1273.00	1273.50	1281.50	1297.50	1323.00	1360.50	1373.50	1385.00	1391.50	1397.50	1397.00	1392.00	1387.00	1384.50	1380.50	1380.00	1379.50	1379.50	1382.50	1386.00	1394.50	1404.00	1412.50	1422.00	1428.50	1438.00	1436.00	1435.00	1444.00	1455.00	1471.00	1489.00	1504.00	1520.00	1528.50	1535.00	1541.50	1541.50	1537.00	1528.00	1512.50	1470.00	1446.00	1433.00	1426.00	1417.00	1410.00	1404.50	1396.00	1384.50	1371.00	1361.50	1314.00	1288.00	1281.50	1287.00	1254.50	1204.00	1178.50	1188.00	1213.00	1232.50	1211.50	1193.00	1200.50	1228.50	1206.50	1047.50	1006.00	831.00	584.50	572.50	539.50	534.50	538.50	554.50	548.50	517.00	457.00	453.00	434.00	420.00	420.00	435.50	441.50	457.50	647.50	928.50	1217.00	1256.00	1183.50	1192.00	1296.50	1402.00	1429.00	1524.00	1555.00	1528.50	1438.00	1337.00	1223.00	1207.50	1238.50	1269.00	1009.00	895.50	882.50	939.00	912.00	903.00	1008.00	1021.50	1134.50	1267.00	1492.50	1571.50	1561.00	1541.50	1374.50	1271.50	1375.50	1260.00	1123.50	1115.00	1249.50	1314.50	1333.50	1315.50	1210.00	1177.00	1348.00	1533.00	1543.00	1477.00	1398.00	1191.00	1179.50	1088.00	926.50	634.00	487.00	489.00	579.50	673.50	754.00	720.00	799.50	734.00	719.50	638.00	738.50	720.00	698.50	701.50	690.50	672.00	611.00	507.50	471.50	443.00	394.50	382.50	432.50	476.50	445.50	453.50	518.00	602.00	681.00	772.50	839.00	987.50	1160.50	1200.50	1098.50	1287.00	1475.00	1334.50	1189.00	1084.00	954.50	1177.50	1313.00	1144.50	1165.00	1293.00	1348.00	1369.50	1378.50	1359.50	1359.50	1254.50	1229.50	1232.00	1230.50	1234.50	1230.50	1178.50	1051.00	946.00	913.00	887.00	911.50	1065.50	1036.00	907.50
896.50	920.00	944.00	953.50	956.00	964.50	966.00	975.00	981.00	989.00	1002.00	997.00	1011.50	1014.00	1015.50	1014.00	1016.50	1026.50	1034.00	1048.00	1062.00	1081.00	1092.50	1101.00	1102.50	1104.00	1104.00	1113.00	1150.50	1164.50	1184.50	1191.50	1195.00	1190.50	1198.00	1221.00	1243.00	1259.00	1264.50	1279.50	1281.50	1290.50	1301.50	1315.50	1329.00	1326.00	1308.50	1305.00	1296.00	1285.00	1278.00	1276.00	1280.00	1291.50	1313.00	1349.00	1366.00	1379.00	1386.50	1394.50	1396.50	1393.00	1389.00	1387.50	1386.00	1386.50	1385.50	1383.50	1383.00	1384.50	1390.50	1398.50	1406.50	1417.00	1427.00	1442.00	1442.50	1441.50	1448.00	1460.00	1475.50	1493.50	1507.50	1518.00	1524.50	1527.50	1535.50	1537.50	1536.50	1531.50	1523.50	1482.50	1459.00	1445.50	1437.50	1425.50	1418.50	1413.50	1404.50	1394.50	1385.00	1380.00	1346.00	1318.50	1310.00	1311.50	1277.00	1236.50	1221.50	1225.00	1239.00	1271.00	1263.50	1242.50	1232.00	1237.00	1235.00	1126.00	1067.00	896.50	572.50	565.00	549.00	559.50	800.00	856.00	753.00	582.00	546.00	635.50	551.50	480.00	493.00	470.50	474.50	473.50	543.50	732.00	1012.00	1161.00	1111.50	1090.00	1180.50	1230.00	1320.50	1462.00	1514.00	1479.50	1392.50	1259.00	1241.50	1301.50	1341.50	1384.50	1306.50	986.50	930.50	1063.00	998.50	940.50	1233.00	1185.50	1196.00	1210.50	1377.50	1520.50	1535.50	1542.00	1402.50	1351.50	1414.00	1325.50	1269.00	1223.50	1317.00	1373.00	1362.50	1326.00	1181.50	1134.00	1251.00	1422.00	1514.50	1475.50	1336.50	1138.50	1029.00	866.50	712.50	541.00	488.00	540.50	725.50	825.00	803.50	958.00	1235.00	1128.50	981.00	874.00	882.00	812.00	782.50	798.00	794.00	828.00	781.00	728.00	620.50	546.50	482.50	425.00	384.50	403.00	406.00	419.00	498.00	551.00	589.00	645.00	819.00	934.00	1081.00	1025.00	989.00	1226.50	1384.50	1324.50	1118.50	1040.50	889.00	1024.50	1025.00	1016.50	1021.00	1136.00	1231.50	1278.00	1393.50	1405.50	1408.50	1348.00	1303.50	1295.00	1253.00	1240.00	1235.00	1174.50	1067.50	992.00	952.50	931.00	1015.50	1126.50	1099.00	996.50
902.50	916.50	937.50	950.00	952.50	962.00	966.00	968.00	974.00	983.50	997.00	994.00	1007.50	1012.00	1013.50	1015.00	1018.00	1028.50	1036.50	1056.50	1069.00	1090.50	1100.50	1106.50	1106.50	1107.00	1105.50	1109.00	1130.00	1149.00	1168.50	1177.00	1181.00	1181.50	1188.50	1201.00	1214.00	1242.00	1255.50	1272.50	1281.00	1290.00	1298.00	1310.00	1321.00	1320.00	1315.00	1313.50	1306.00	1295.00	1286.00	1280.50	1281.50	1288.00	1304.00	1337.00	1355.50	1373.50	1381.00	1390.50	1394.50	1392.50	1389.50	1389.00	1389.00	1390.00	1388.50	1386.00	1383.50	1383.00	1386.50	1392.00	1399.50	1409.50	1420.50	1442.50	1448.50	1449.00	1452.00	1464.50	1479.00	1496.00	1509.00	1516.50	1521.50	1523.00	1528.00	1530.50	1532.00	1530.50	1526.50	1488.50	1471.50	1456.50	1449.00	1434.50	1427.50	1422.00	1413.00	1404.50	1398.00	1392.50	1366.50	1348.50	1337.00	1335.50	1301.50	1268.00	1256.50	1259.00	1270.50	1312.00	1324.00	1301.50	1263.50	1241.00	1274.50	1206.00	1046.00	848.50	556.00	560.00	560.50	632.00	958.00	1150.50	1012.50	779.50	972.00	1066.50	705.50	669.00	748.50	536.50	517.00	502.50	546.00	580.50	674.00	892.00	974.50	964.50	1071.50	1167.00	1303.00	1428.00	1426.50	1356.00	1263.00	1230.00	1274.00	1346.00	1379.00	1382.00	1378.50	1069.00	974.00	1104.00	1092.00	970.00	1190.50	1247.50	1341.50	1363.50	1405.00	1494.50	1529.00	1530.00	1439.50	1417.00	1468.50	1467.50	1460.50	1419.50	1444.00	1440.50	1379.50	1358.50	1188.00	1131.00	1091.00	1182.50	1335.50	1327.50	1207.50	1104.00	975.00	670.50	583.00	529.00	488.00	659.50	951.50	1071.00	872.00	930.00	1154.00	1266.50	1211.50	1024.00	970.50	906.00	890.50	894.50	898.00	952.00	938.50	939.00	815.00	700.00	607.00	492.00	441.50	429.00	401.00	400.50	461.50	501.00	536.00	578.50	717.50	843.00	958.00	909.50	942.00	1199.50	1306.00	1319.00	1127.50	995.00	837.50	842.50	864.50	991.50	1034.50	1115.00	1187.50	1234.00	1392.00	1444.00	1440.00	1384.00	1368.50	1355.00	1266.50	1231.00	1215.00	1147.00	1074.00	1020.00	992.00	986.00	1090.00	1173.50	1115.00	1022.00
892.75	906.75	922.25	940.00	943.75	954.00	964.25	966.25	968.50	976.25	990.50	991.25	1005.50	1011.75	1014.25	1018.50	1023.25	1039.50	1050.25	1056.25	1074.50	1087.00	1096.50	1111.25	1118.50	1120.50	1117.00	1117.00	1132.50	1141.00	1154.25	1162.25	1170.75	1176.75	1180.25	1187.00	1193.00	1206.75	1222.25	1253.00	1262.00	1274.50	1282.75	1286.50	1289.75	1304.50	1324.25	1325.75	1321.75	1311.50	1301.25	1293.25	1289.50	1289.25	1296.75	1320.25	1337.25	1361.75	1372.00	1382.75	1389.25	1389.25	1388.25	1388.75	1390.50	1392.00	1390.50	1388.00	1383.50	1381.75	1381.75	1384.75	1390.50	1399.75	1410.50	1436.75	1448.25	1458.25	1458.25	1469.75	1483.50	1497.50	1507.75	1513.00	1516.75	1518.00	1521.75	1523.00	1524.75	1525.50	1523.50	1499.50	1487.00	1471.50	1465.25	1446.75	1440.50	1435.00	1427.00	1421.00	1415.00	1405.75	1389.75	1377.25	1367.25	1363.75	1341.25	1321.75	1314.50	1314.50	1327.50	1359.75	1378.25	1349.75	1291.50	1235.75	1174.25	1004.25	834.25	698.75	540.75	562.50	584.00	600.50	890.50	1113.25	1158.50	1123.25	1255.00	1025.25	745.25	898.75	1127.00	732.00	594.00	542.50	555.00	548.50	546.75	661.00	711.00	761.25	842.00	933.50	1140.50	1260.25	1187.00	1074.00	1096.25	1300.00	1357.50	1386.25	1402.00	1388.00	1405.25	1211.25	1024.00	1119.00	1287.00	1168.50	1139.25	1195.50	1262.00	1364.00	1402.25	1470.25	1525.50	1533.50	1511.50	1558.50	1597.50	1600.25	1592.00	1585.75	1549.75	1513.50	1371.25	1356.75	1252.00	1193.75	1052.25	936.75	1013.75	1150.50	1155.75	850.75	638.50	558.00	547.50	554.75	607.25	950.25	1235.75	1209.25	1198.75	1207.50	1083.00	1265.00	1345.25	1227.75	1179.25	1145.25	1061.00	1026.25	1098.00	1114.25	1070.25	1036.25	954.75	866.00	715.75	601.75	617.00	576.75	543.50	493.75	446.50	437.50	471.50	494.75	557.25	624.50	754.25	841.25	979.00	1046.00	1115.25	1226.50	1152.25	907.00	758.50	779.00	1072.50	1321.25	1457.75	1375.00	1390.75	1366.00	1465.00	1501.00	1480.75	1417.50	1386.00	1335.50	1248.50	1210.25	1194.00	1167.50	1129.50	1096.25	1060.00	1059.50	1148.75	1219.50	1168.25	1065.25
884.50	901.50	913.00	934.00	939.00	949.50	963.50	966.00	967.00	974.00	989.50	991.00	1005.00	1010.00	1013.50	1019.00	1026.50	1042.50	1052.50	1055.00	1072.50	1085.50	1093.50	1112.00	1121.50	1127.50	1124.00	1122.00	1135.00	1142.50	1152.50	1161.00	1169.50	1176.00	1179.50	1185.00	1189.50	1199.00	1213.00	1245.00	1254.50	1266.00	1274.50	1276.50	1278.00	1300.00	1327.00	1329.50	1327.00	1317.00	1307.00	1298.50	1293.50	1291.00	1295.50	1315.00	1331.00	1356.50	1369.00	1380.00	1387.00	1388.00	1387.50	1388.50	1390.50	1392.00	1390.50	1388.00	1383.50	1381.50	1380.50	1382.50	1388.00	1397.00	1408.00	1434.50	1447.00	1460.50	1461.00	1471.00	1484.50	1498.00	1507.50	1512.00	1515.50	1516.50	1520.00	1521.50	1523.00	1524.00	1522.00	1503.50	1491.00	1476.00	1470.00	1450.50	1445.00	1439.50	1432.00	1426.50	1420.50	1410.50	1397.00	1384.50	1374.50	1371.00	1354.00	1340.00	1334.00	1333.00	1347.00	1372.00	1384.00	1353.50	1297.00	1234.00	1137.50	943.50	761.00	655.00	539.50	566.50	593.00	600.00	858.00	1087.00	1179.00	1227.00	1258.00	993.00	765.50	967.50	1203.50	825.50	628.00	556.50	561.50	551.00	547.00	626.00	630.00	687.00	729.00	785.50	1026.50	1160.50	1086.50	996.00	1076.50	1343.50	1383.50	1397.00	1408.50	1393.50	1409.00	1265.00	1043.00	1113.00	1364.50	1274.50	1162.00	1177.00	1217.50	1333.00	1392.50	1459.50	1519.50	1546.00	1552.00	1617.00	1652.50	1638.00	1617.00	1609.50	1570.00	1527.00	1362.00	1346.00	1287.50	1250.50	1076.00	900.00	942.50	1091.00	1142.50	723.50	560.00	543.50	540.00	562.00	686.50	1071.50	1270.00	1260.00	1263.00	1290.50	1093.00	1214.00	1365.00	1327.00	1284.50	1225.00	1104.50	1074.00	1170.50	1162.00	1092.50	1062.00	980.50	853.00	696.50	637.50	703.50	647.00	617.50	547.50	476.50	422.00	449.00	469.50	524.50	554.50	682.00	854.00	966.00	972.50	1059.50	1194.50	1110.50	855.50	744.50	770.00	1192.50	1454.50	1564.50	1520.50	1470.50	1429.50	1504.50	1518.00	1494.00	1426.50	1385.00	1316.00	1240.50	1210.50	1212.00	1195.50	1160.00	1129.00	1084.00	1084.50	1163.00	1228.50	1203.00	1112.00
867.25	895.50	897.25	906.00	914.25	924.25	948.75	964.75	966.00	970.75	985.25	990.50	998.75	1001.75	1008.75	1019.75	1030.50	1039.50	1050.00	1052.75	1062.50	1076.00	1082.25	1106.75	1120.75	1131.25	1136.75	1136.00	1143.50	1148.00	1154.75	1160.25	1167.75	1174.00	1179.25	1190.75	1194.00	1197.50	1201.75	1224.75	1236.75	1250.25	1256.00	1260.25	1265.00	1296.50	1334.75	1339.75	1341.00	1334.75	1326.50	1318.25	1312.00	1306.00	1302.50	1307.50	1317.50	1341.00	1355.50	1371.00	1379.25	1381.25	1383.75	1385.50	1388.50	1390.25	1389.50	1387.25	1382.50	1380.00	1378.00	1378.50	1382.50	1390.50	1401.00	1428.75	1442.50	1460.25	1467.00	1473.50	1485.75	1496.25	1503.00	1507.25	1511.00	1512.75	1516.50	1518.25	1520.00	1520.50	1519.50	1508.50	1498.75	1486.75	1481.50	1460.75	1458.25	1452.50	1446.00	1442.00	1436.25	1425.50	1413.75	1402.75	1389.75	1385.25	1379.50	1376.00	1374.75	1377.00	1384.00	1386.50	1372.25	1340.00	1297.75	1239.50	1141.50	1102.00	1044.00	907.00	631.75	625.75	626.00	630.00	760.00	975.00	1140.50	1234.25	1205.00	864.25	816.25	1192.00	1236.00	993.00	712.50	600.50	573.25	644.25	869.25	854.75	796.75	777.00	816.50	782.75	845.25	884.25	904.00	1001.50	1155.25	1369.75	1398.75	1407.75	1417.25	1416.75	1434.00	1393.50	1191.50	1167.75	1325.75	1405.75	1367.00	1322.50	1296.00	1296.25	1359.50	1425.25	1487.75	1585.75	1665.50	1706.75	1713.00	1684.50	1654.00	1625.50	1588.00	1544.00	1435.25	1399.75	1486.00	1452.75	1218.00	906.00	835.25	835.00	768.25	584.25	570.50	609.75	700.00	896.50	1016.75	991.50	1150.00	1329.50	1386.75	1410.50	1196.75	1231.50	1360.00	1488.25	1491.50	1309.75	1282.00	1290.25	1238.75	1151.25	1056.75	986.75	893.75	796.25	811.00	888.75	956.25	972.50	960.00	874.50	719.25	561.00	479.50	444.25	456.00	475.50	586.75	731.00	768.25	865.50	936.50	1025.00	906.75	711.25	729.25	849.75	1239.75	1464.00	1548.00	1566.75	1574.75	1570.00	1551.00	1535.50	1521.00	1461.25	1387.75	1315.25	1271.25	1249.75	1262.00	1264.25	1254.75	1230.50	1180.25	1186.75	1219.25	1255.25	1222.25	1139.25
860.50	888.50	892.00	900.50	908.50	917.50	942.50	964.00	966.00	970.00	982.50	990.50	996.50	999.50	1007.00	1020.50	1031.00	1039.50	1049.50	1052.00	1059.00	1072.00	1078.50	1103.50	1118.50	1131.00	1138.00	1137.50	1146.50	1151.00	1156.50	1160.00	1168.00	1175.50	1182.00	1193.50	1197.00	1198.50	1200.50	1218.00	1231.50	1247.00	1253.50	1257.50	1262.00	1295.50	1337.00	1343.00	1345.50	1340.50	1333.00	1325.50	1319.00	1312.50	1306.50	1307.00	1314.00	1336.50	1351.00	1368.00	1376.50	1379.00	1382.50	1384.50	1387.50	1389.50	1388.50	1386.50	1382.00	1379.50	1377.50	1377.50	1381.50	1389.00	1399.00	1427.00	1441.50	1459.50	1468.00	1475.00	1485.50	1495.00	1501.50	1505.50	1509.50	1511.50	1515.50	1517.50	1519.50	1520.00	1519.00	1509.00	1501.00	1490.00	1485.00	1464.50	1462.50	1457.00	1451.00	1447.50	1441.00	1430.50	1419.00	1408.00	1394.50	1390.50	1387.00	1385.00	1383.50	1387.50	1393.00	1390.00	1366.50	1335.00	1295.00	1237.00	1144.50	1153.00	1178.50	1034.50	701.00	655.00	638.50	637.00	727.00	929.50	1123.00	1230.50	1185.50	849.50	848.00	1235.00	1239.00	983.00	708.50	613.50	577.00	702.00	1044.50	1038.00	930.50	880.50	879.00	801.50	851.50	867.50	890.50	1002.50	1120.50	1333.50	1391.00	1408.00	1418.00	1420.00	1444.50	1417.50	1253.50	1204.00	1307.50	1407.00	1397.00	1390.00	1365.00	1318.00	1360.00	1417.00	1477.00	1589.50	1688.00	1714.50	1715.00	1687.50	1658.50	1626.00	1589.00	1548.50	1490.50	1455.50	1550.50	1482.00	1215.00	889.00	820.50	770.50	667.50	605.00	586.00	657.00	816.50	1039.50	1135.00	996.50	1107.50	1287.50	1420.00	1445.50	1248.00	1295.00	1402.50	1520.50	1531.50	1365.50	1357.00	1332.50	1234.00	1126.00	1036.50	933.50	855.50	797.00	917.00	1004.50	1033.00	1065.00	1062.50	1001.50	832.50	635.00	522.50	456.00	441.50	464.00	547.00	668.50	731.00	832.00	883.50	944.00	814.50	680.50	738.50	904.00	1225.00	1438.00	1542.00	1562.00	1582.00	1587.00	1557.00	1540.00	1527.00	1478.50	1401.50	1336.50	1292.00	1265.50	1276.50	1287.50	1288.50	1256.00	1211.50	1217.50	1235.50	1264.00	1208.50	1102.00
854.00	868.75	879.50	888.50	894.25	905.00	931.75	958.50	969.75	967.50	974.50	989.75	998.75	1001.00	1003.75	1013.50	1025.50	1036.00	1044.75	1050.50	1056.00	1060.75	1071.00	1090.50	1107.00	1122.00	1134.75	1138.75	1149.75	1156.50	1162.25	1163.75	1168.75	1182.50	1190.50	1194.75	1199.25	1204.25	1206.50	1211.00	1224.00	1238.75	1248.25	1253.00	1256.75	1294.00	1342.00	1350.75	1357.00	1355.75	1351.50	1347.00	1342.50	1337.00	1329.00	1318.75	1316.00	1325.75	1336.50	1355.50	1369.25	1373.25	1376.75	1380.00	1383.50	1386.25	1386.25	1384.50	1380.75	1378.50	1376.50	1377.25	1380.25	1387.00	1396.75	1423.50	1438.25	1458.00	1467.00	1473.50	1480.50	1488.50	1495.00	1499.75	1505.25	1508.25	1514.00	1516.00	1518.50	1519.50	1518.25	1511.75	1506.25	1499.75	1492.50	1478.00	1476.00	1471.50	1465.50	1462.50	1455.00	1444.00	1431.75	1421.00	1406.50	1405.25	1406.00	1403.00	1402.25	1409.50	1411.00	1392.25	1356.50	1315.00	1282.50	1209.25	1120.50	1122.25	1211.25	1232.75	964.00	798.00	678.50	662.75	689.25	724.00	968.25	1216.00	1215.00	956.25	1039.75	1260.00	1221.00	857.50	688.00	653.75	653.75	886.25	1104.25	1240.75	1310.00	1235.00	887.75	877.50	932.00	1048.25	1025.75	1019.50	1016.50	1172.75	1291.00	1395.50	1401.75	1407.75	1455.50	1452.75	1391.50	1361.00	1385.50	1450.50	1466.25	1459.00	1463.25	1447.75	1447.50	1452.25	1468.00	1533.75	1643.75	1688.25	1687.00	1667.50	1646.00	1624.00	1585.75	1557.50	1569.50	1523.75	1386.00	1186.50	1035.50	863.75	875.25	742.00	689.25	680.75	698.25	802.25	965.25	1206.00	1359.00	1196.75	1111.50	1205.25	1409.75	1537.50	1502.25	1484.00	1533.00	1547.25	1549.00	1433.25	1392.50	1356.25	1269.75	1170.25	1088.00	879.25	877.50	987.50	1132.50	1179.25	1100.25	1108.75	1122.25	1114.25	983.25	793.75	629.50	520.25	462.00	442.25	452.00	515.50	575.00	676.50	726.50	738.50	661.75	719.50	887.75	1016.00	1140.50	1327.00	1394.25	1473.00	1563.75	1571.75	1558.25	1558.25	1552.25	1535.00	1508.25	1418.25	1355.25	1314.25	1319.25	1345.25	1365.50	1339.00	1275.00	1289.00	1300.25	1285.25	1215.50	1143.50
856.00	864.00	875.00	883.50	887.50	901.50	930.50	957.00	969.50	965.50	971.50	990.50	1001.00	1004.50	1004.00	1011.00	1023.00	1034.00	1043.50	1049.50	1055.50	1058.00	1069.50	1085.50	1101.00	1118.00	1133.50	1140.50	1150.50	1157.50	1164.00	1164.50	1168.50	1184.50	1194.50	1196.00	1200.00	1205.50	1208.00	1212.50	1223.50	1236.00	1246.00	1251.50	1256.00	1294.00	1343.50	1353.00	1360.50	1360.50	1357.50	1354.00	1350.00	1345.50	1337.50	1325.00	1319.00	1323.00	1331.50	1351.00	1366.50	1371.50	1375.00	1378.50	1382.50	1385.00	1385.50	1383.50	1380.50	1378.50	1376.50	1377.50	1380.50	1387.00	1396.50	1423.00	1437.50	1457.50	1466.50	1472.00	1478.50	1486.00	1492.50	1497.50	1504.00	1507.00	1513.50	1515.50	1518.50	1519.50	1518.50	1513.00	1508.00	1503.00	1494.00	1483.00	1480.50	1476.50	1470.50	1467.50	1459.50	1448.50	1435.50	1425.00	1410.50	1410.00	1412.00	1409.00	1408.00	1416.00	1416.00	1391.50	1357.50	1306.50	1279.00	1202.00	1110.00	1093.00	1195.50	1246.00	1072.00	853.00	691.00	673.50	692.00	708.50	924.50	1209.00	1208.50	1005.00	1117.50	1270.00	1210.50	815.00	689.50	670.50	699.00	1039.50	1135.50	1253.50	1368.00	1260.00	884.50	915.00	967.00	1099.50	1095.00	1079.00	1035.50	1132.50	1242.50	1384.00	1391.50	1401.00	1455.50	1469.00	1432.50	1415.00	1420.50	1473.00	1492.00	1487.00	1494.00	1491.50	1486.00	1477.00	1476.50	1522.00	1621.00	1677.00	1676.00	1658.00	1638.50	1624.00	1582.50	1558.00	1575.00	1487.50	1223.50	1050.00	961.00	864.50	898.00	755.00	713.50	715.00	744.50	827.00	1003.50	1241.50	1397.50	1289.00	1137.00	1180.00	1388.50	1548.50	1571.50	1539.00	1541.50	1548.50	1546.50	1445.50	1400.50	1379.00	1305.50	1204.50	1112.50	879.50	912.50	1089.50	1179.00	1198.00	1099.00	1105.50	1113.00	1112.50	997.50	849.00	668.00	542.50	473.50	442.00	442.00	474.00	524.00	626.50	692.50	686.00	635.50	743.50	929.00	990.50	1120.50	1296.50	1321.50	1415.50	1543.50	1555.00	1554.00	1562.50	1560.50	1550.00	1533.00	1443.00	1371.50	1329.00	1333.50	1361.00	1381.50	1362.00	1296.00	1313.50	1324.50	1291.00	1231.00	1194.00
843.50	853.75	858.00	860.25	858.00	889.75	934.25	955.00	962.50	961.75	952.50	958.25	991.75	1009.75	1007.00	1010.00	1015.50	1023.75	1033.75	1044.75	1050.50	1059.50	1067.25	1076.50	1084.50	1099.00	1125.00	1143.00	1154.75	1155.75	1162.75	1167.25	1173.75	1189.25	1198.75	1202.50	1209.50	1210.00	1212.50	1222.50	1227.50	1236.50	1244.00	1251.00	1256.75	1293.75	1346.00	1357.75	1368.50	1370.25	1371.00	1370.25	1369.00	1367.00	1361.75	1349.00	1340.25	1328.25	1327.00	1338.25	1354.25	1364.50	1370.75	1374.25	1378.25	1381.50	1382.75	1381.75	1379.50	1378.50	1377.75	1379.25	1383.00	1389.25	1397.50	1423.25	1437.50	1456.50	1463.25	1466.25	1471.00	1477.50	1484.50	1490.25	1498.50	1503.75	1512.25	1515.50	1518.00	1520.00	1520.00	1516.25	1513.75	1509.75	1500.00	1497.25	1494.00	1491.00	1485.25	1481.50	1471.75	1460.50	1446.00	1435.75	1421.50	1422.50	1428.50	1428.25	1424.25	1430.50	1419.25	1379.25	1339.75	1282.75	1265.00	1213.50	1111.00	1033.75	1012.50	1035.75	959.50	794.50	733.00	729.75	743.25	741.00	835.25	1089.75	1198.00	1108.25	1197.00	1259.50	1086.50	774.00	737.50	755.50	970.75	1236.00	1222.00	1301.25	1403.25	1304.25	987.00	995.25	1111.00	1197.50	1218.00	1228.00	1149.75	1124.50	1169.25	1268.00	1335.00	1379.00	1452.25	1503.25	1519.00	1516.25	1514.75	1541.50	1574.75	1583.50	1585.75	1588.25	1582.75	1561.00	1551.00	1555.00	1597.25	1621.50	1623.50	1609.75	1591.00	1598.00	1500.50	1445.75	1273.50	1166.00	1036.25	1005.75	1041.00	1082.50	1027.50	1049.25	1071.00	972.75	891.75	895.50	1002.50	1127.00	1252.50	1338.75	1284.00	1218.00	1307.75	1424.50	1577.50	1568.75	1593.75	1587.25	1565.75	1480.25	1463.25	1398.75	1338.75	1237.75	1136.25	954.75	1032.75	1128.50	1189.50	1172.50	1071.25	1029.00	977.00	1001.00	999.75	942.75	812.50	646.00	535.00	467.75	449.75	434.00	438.00	499.75	564.00	584.50	648.75	741.75	841.50	878.50	1042.25	1158.50	1177.00	1313.25	1363.75	1422.00	1493.00	1522.75	1549.25	1577.75	1549.25	1461.75	1392.50	1369.50	1372.25	1382.25	1399.00	1388.25	1354.75	1368.25	1352.50	1274.50	1197.75	1145.50
829.25	841.00	844.00	843.25	841.25	885.25	933.25	948.75	954.50	957.50	950.50	946.75	976.00	1005.00	1005.50	1010.50	1012.75	1018.50	1026.25	1038.50	1045.75	1058.75	1066.50	1072.00	1079.25	1084.25	1105.00	1136.50	1155.25	1153.50	1162.50	1168.00	1177.00	1192.50	1203.00	1205.50	1211.00	1214.75	1218.25	1227.75	1230.75	1237.00	1244.00	1251.25	1257.00	1292.75	1346.00	1359.75	1372.25	1375.75	1378.25	1379.25	1379.00	1377.00	1373.00	1363.25	1356.00	1341.75	1334.25	1335.00	1346.50	1358.50	1367.50	1371.75	1375.75	1379.00	1381.00	1380.50	1379.50	1378.75	1379.00	1381.25	1385.50	1392.00	1399.75	1424.25	1438.00	1456.00	1459.75	1461.25	1464.75	1471.50	1478.75	1485.00	1494.75	1501.25	1511.50	1515.25	1518.50	1520.25	1520.75	1518.50	1517.25	1513.50	1508.25	1506.50	1503.25	1501.00	1495.25	1490.75	1480.00	1468.75	1452.75	1442.25	1428.50	1430.25	1437.75	1440.00	1435.00	1436.75	1419.00	1377.50	1330.00	1272.00	1248.50	1207.25	1120.25	1039.00	966.00	934.75	870.50	800.00	785.00	785.50	778.25	765.25	817.00	1032.50	1192.50	1133.75	1200.00	1194.00	955.25	793.50	793.00	849.50	1028.75	1237.75	1251.50	1318.00	1399.00	1365.25	1108.00	1024.50	1120.00	1231.00	1238.50	1260.75	1211.25	1166.75	1181.75	1253.00	1315.50	1373.75	1456.50	1512.75	1542.75	1549.75	1558.50	1584.25	1626.00	1640.75	1644.25	1643.25	1637.25	1617.25	1603.75	1592.25	1600.25	1581.00	1582.50	1570.50	1530.50	1511.00	1407.50	1273.00	1056.25	1033.00	1025.75	1058.50	1191.25	1213.50	1162.50	1295.75	1280.75	1104.50	1052.25	970.75	1003.00	1034.50	1094.50	1190.75	1288.50	1294.25	1280.00	1360.75	1556.25	1580.75	1643.75	1624.00	1576.00	1512.25	1493.75	1386.00	1322.75	1224.75	1119.25	996.00	1033.75	1068.00	1129.50	1141.25	1088.25	1048.75	928.00	912.00	905.00	915.50	837.00	713.50	565.00	478.75	459.50	429.75	423.50	440.00	468.50	537.50	649.75	704.00	763.50	821.25	959.25	1017.25	1096.50	1206.00	1249.00	1320.00	1424.25	1454.75	1507.75	1574.25	1551.25	1454.50	1408.50	1396.00	1398.75	1392.75	1406.00	1405.25	1384.50	1377.75	1321.00	1247.75	1170.00	1091.00
819.75	828.75	831.75	829.00	833.00	876.75	922.25	939.00	946.00	950.00	948.75	943.25	964.25	992.25	1002.75	1010.25	1011.00	1015.00	1021.25	1031.75	1041.00	1056.75	1062.75	1069.50	1079.25	1076.50	1086.00	1121.25	1152.50	1151.75	1162.00	1169.25	1179.50	1194.25	1206.25	1208.75	1212.00	1217.00	1221.25	1230.75	1234.75	1237.25	1243.25	1250.00	1254.75	1290.50	1344.25	1360.00	1375.25	1380.75	1384.50	1387.00	1387.50	1385.25	1381.00	1373.25	1368.25	1356.75	1347.00	1338.25	1341.25	1353.25	1363.25	1368.75	1373.50	1376.50	1379.00	1379.50	1379.75	1379.50	1380.25	1383.75	1388.75	1395.50	1403.00	1426.00	1439.25	1454.50	1455.50	1455.50	1458.50	1465.25	1473.00	1479.75	1491.00	1498.50	1510.75	1515.00	1519.00	1521.00	1521.50	1520.75	1520.25	1517.75	1516.25	1515.00	1512.50	1510.50	1505.50	1499.75	1488.25	1477.25	1459.00	1448.75	1435.75	1437.75	1445.75	1450.25	1445.50	1440.75	1417.00	1382.25	1331.00	1266.25	1235.50	1193.25	1129.75	1067.00	1023.50	982.50	869.50	836.75	905.25	876.25	806.50	789.75	817.25	956.25	1156.75	1125.50	1189.25	1125.50	871.00	801.75	851.75	1002.50	1071.50	1222.75	1266.75	1323.50	1389.25	1399.00	1204.50	1075.00	1113.75	1205.00	1234.00	1294.50	1269.25	1234.75	1238.00	1299.75	1339.25	1387.75	1469.50	1519.75	1552.00	1571.00	1591.75	1621.50	1663.25	1676.50	1686.50	1688.50	1678.00	1661.25	1647.50	1625.50	1605.50	1546.00	1541.75	1526.00	1446.00	1344.75	1266.25	1163.50	1069.75	1070.50	1092.50	1199.75	1314.75	1275.00	1335.75	1451.75	1458.00	1236.00	1229.25	1042.50	1039.00	1039.75	1023.25	1072.50	1189.50	1264.25	1286.50	1359.25	1528.00	1577.75	1658.25	1636.00	1582.25	1528.75	1497.25	1383.75	1314.50	1210.50	1105.00	1010.25	1009.00	1019.75	1079.00	1105.75	1092.50	1083.25	995.75	927.25	835.50	803.25	770.50	697.50	556.25	473.25	490.75	453.25	427.00	414.75	419.75	474.75	593.75	658.50	710.75	775.00	870.00	909.00	1024.00	1102.25	1131.00	1222.50	1337.50	1361.75	1428.25	1523.75	1539.25	1456.00	1424.75	1419.50	1421.00	1403.25	1408.25	1403.75	1369.50	1367.50	1264.00	1211.75	1143.50	1072.00
816.00	822.50	826.00	823.00	832.50	872.50	915.50	934.00	941.50	945.50	946.50	941.00	958.50	983.50	1001.00	1010.50	1010.50	1013.00	1019.50	1028.50	1039.00	1056.00	1060.00	1069.00	1080.00	1075.00	1077.50	1113.00	1150.50	1151.00	1161.00	1169.50	1181.00	1195.50	1206.50	1210.00	1213.00	1217.50	1221.00	1231.00	1236.50	1237.50	1243.00	1249.00	1253.00	1289.00	1343.00	1359.50	1376.50	1383.00	1387.00	1390.50	1391.50	1389.00	1385.00	1377.00	1373.00	1364.00	1354.00	1341.50	1339.50	1351.00	1361.00	1367.00	1372.50	1375.50	1378.00	1379.00	1380.00	1380.00	1381.00	1385.00	1390.50	1397.50	1405.00	1427.00	1440.00	1453.50	1453.00	1452.50	1455.50	1462.00	1470.00	1477.00	1489.00	1497.00	1510.50	1515.00	1519.00	1521.50	1522.00	1522.00	1521.50	1520.00	1520.00	1519.00	1517.00	1515.00	1510.50	1504.00	1492.50	1481.50	1462.00	1452.00	1439.50	1441.50	1449.50	1455.00	1450.50	1442.50	1415.00	1384.50	1334.00	1264.50	1231.00	1186.50	1136.00	1087.50	1077.50	1027.50	894.50	859.50	989.50	933.50	818.50	803.50	822.00	909.50	1126.00	1114.50	1182.50	1087.50	858.00	807.00	875.00	1093.00	1136.00	1217.50	1272.00	1325.50	1384.00	1401.50	1236.00	1102.50	1114.00	1184.00	1228.50	1311.00	1298.50	1273.00	1275.50	1333.00	1361.00	1400.00	1478.50	1523.50	1554.00	1578.50	1606.50	1637.50	1677.50	1688.00	1703.00	1708.00	1693.50	1677.50	1665.50	1639.50	1607.50	1530.00	1520.50	1502.50	1400.50	1246.00	1176.00	1140.00	1127.00	1126.00	1152.50	1289.50	1343.00	1314.00	1430.50	1520.50	1541.00	1321.00	1312.00	1070.00	1063.50	1067.50	1023.50	1062.50	1140.00	1196.00	1293.00	1364.00	1514.00	1568.50	1648.50	1630.00	1583.50	1526.00	1491.00	1387.00	1316.00	1211.00	1103.00	1011.50	994.00	999.50	1058.00	1087.50	1086.50	1084.50	1059.00	983.00	840.50	724.00	712.00	656.00	542.00	470.50	517.50	476.00	434.50	408.50	406.50	435.00	546.50	633.00	687.50	753.00	827.00	872.50	983.50	1051.00	1073.50	1175.50	1289.50	1312.00	1378.50	1481.00	1525.50	1458.50	1431.00	1429.00	1429.00	1408.00	1407.00	1394.00	1342.50	1357.50	1233.00	1190.50	1127.50	1072.00
807.50	813.00	816.00	814.50	830.50	871.00	909.50	927.50	934.00	936.50	940.00	938.00	941.00	952.50	974.50	1005.50	1012.00	1012.00	1019.00	1024.50	1038.00	1054.00	1054.50	1066.00	1077.00	1078.00	1071.50	1090.50	1142.50	1146.50	1156.00	1165.00	1180.00	1197.50	1207.00	1208.50	1213.00	1220.00	1219.50	1231.50	1236.00	1237.00	1241.50	1246.00	1250.50	1285.00	1338.00	1354.00	1376.50	1385.00	1390.00	1394.50	1396.00	1394.50	1391.50	1384.00	1379.00	1372.00	1365.50	1351.50	1341.50	1347.00	1358.00	1364.00	1371.00	1373.50	1376.50	1377.50	1379.50	1380.50	1382.50	1387.50	1394.00	1401.50	1409.00	1429.00	1441.00	1449.00	1447.50	1447.00	1448.50	1456.00	1464.00	1472.00	1484.50	1493.50	1509.50	1515.00	1519.50	1522.00	1522.50	1523.00	1523.50	1524.00	1525.00	1526.00	1524.50	1522.50	1519.00	1512.50	1501.00	1489.50	1469.00	1458.50	1446.00	1448.50	1457.50	1463.50	1459.50	1446.00	1414.00	1369.00	1326.00	1264.50	1235.50	1201.50	1178.50	1180.00	1249.00	1171.00	977.50	915.00	1175.00	1117.50	851.50	837.50	852.50	877.00	1020.50	1090.00	1177.50	1092.00	871.50	829.00	935.00	1219.00	1252.00	1223.00	1296.00	1352.00	1384.50	1392.50	1221.00	1143.50	1134.00	1163.00	1248.00	1351.50	1356.00	1370.00	1378.50	1395.50	1410.50	1444.50	1506.50	1536.50	1558.50	1579.50	1621.50	1655.00	1688.50	1699.50	1719.00	1731.50	1717.50	1697.00	1682.00	1654.50	1608.50	1506.50	1464.00	1440.50	1363.50	1194.50	1173.00	1172.50	1324.00	1395.00	1387.00	1435.00	1393.00	1427.50	1570.50	1627.50	1634.00	1560.50	1322.00	1098.50	1122.00	1197.50	1108.00	1094.00	1136.50	1183.00	1214.50	1319.00	1468.00	1515.50	1554.00	1561.50	1553.00	1502.50	1454.50	1378.00	1316.50	1237.50	1137.50	1026.50	984.00	965.00	1005.00	1046.50	1032.00	1009.50	1056.50	1067.50	917.00	707.00	608.00	577.50	548.50	555.00	599.00	552.00	475.00	425.50	407.50	399.50	435.50	528.00	620.00	682.50	732.50	835.50	882.00	936.00	975.00	1059.50	1185.50	1190.50	1267.00	1346.50	1431.50	1426.00	1410.50	1415.50	1415.00	1405.50	1380.50	1282.00	1243.50	1341.00	1228.50	1203.50	1159.50	1107.50
797.00	802.00	801.50	804.50	824.50	866.50	904.00	921.50	928.00	928.00	932.00	930.50	939.00	948.50	964.50	991.50	1010.00	1012.00	1020.50	1025.50	1042.00	1050.00	1051.00	1064.00	1077.00	1080.50	1077.00	1078.00	1129.00	1141.00	1149.00	1159.00	1174.50	1195.00	1208.00	1211.50	1215.50	1221.00	1221.50	1228.50	1233.50	1235.00	1237.50	1242.50	1247.50	1279.50	1330.50	1346.50	1372.00	1384.50	1390.00	1395.00	1398.50	1398.00	1396.00	1390.00	1385.50	1376.50	1372.00	1361.00	1349.00	1346.50	1354.50	1360.50	1369.00	1372.00	1374.50	1376.50	1379.50	1381.00	1384.00	1390.00	1397.50	1405.50	1413.00	1432.00	1443.00	1443.50	1442.50	1441.00	1442.50	1449.00	1458.00	1466.00	1479.50	1489.50	1508.00	1514.50	1520.00	1522.50	1523.00	1524.00	1525.50	1527.50	1528.50	1530.00	1528.50	1526.50	1524.50	1519.50	1509.00	1497.50	1476.00	1464.50	1453.50	1455.50	1464.50	1471.50	1468.50	1453.00	1420.50	1363.00	1315.00	1277.00	1257.00	1241.00	1230.50	1239.00	1327.00	1257.50	1076.00	1003.00	1235.00	1302.50	965.00	869.50	899.50	908.50	947.00	1071.50	1175.00	1175.00	894.00	850.50	994.50	1267.50	1312.50	1279.50	1338.50	1378.00	1402.50	1402.00	1259.00	1182.00	1188.50	1212.50	1323.00	1394.00	1401.00	1444.00	1448.00	1457.50	1473.00	1495.50	1529.00	1553.50	1572.00	1580.50	1624.00	1660.00	1687.50	1700.50	1720.00	1737.50	1731.00	1712.00	1694.50	1662.00	1613.00	1523.50	1481.50	1407.00	1324.50	1205.50	1250.00	1380.00	1503.50	1528.50	1514.00	1532.50	1483.00	1543.50	1650.00	1694.00	1690.50	1634.50	1401.00	1171.00	1191.50	1240.00	1200.50	1144.50	1152.50	1171.50	1166.00	1190.50	1400.00	1469.50	1509.00	1522.00	1524.00	1496.00	1422.50	1356.50	1304.50	1239.00	1150.50	1045.00	1001.00	943.50	952.00	990.00	943.50	895.00	910.50	920.00	800.00	631.00	621.00	619.00	694.00	753.00	678.00	617.50	553.50	473.50	444.00	397.50	396.00	426.50	512.50	586.00	669.00	745.50	790.00	843.00	895.50	950.00	1071.50	1084.50	1139.50	1277.00	1371.00	1362.50	1329.50	1324.00	1352.50	1368.50	1313.50	1147.00	1208.50	1329.50	1287.50	1271.50	1224.50	1165.50
782.00	784.00	782.50	798.50	826.50	865.50	893.50	912.50	922.00	921.50	923.00	921.50	939.00	948.00	960.00	980.00	1002.50	1011.00	1024.00	1030.50	1048.50	1049.00	1051.00	1065.00	1077.00	1084.50	1083.50	1080.50	1118.50	1131.50	1142.50	1152.50	1168.50	1190.50	1206.50	1212.00	1219.50	1222.50	1223.00	1226.00	1230.00	1231.50	1231.50	1233.50	1236.00	1269.50	1320.50	1336.50	1364.50	1380.50	1387.50	1394.00	1398.00	1399.50	1398.50	1394.50	1390.00	1380.50	1375.00	1368.00	1356.00	1349.50	1351.50	1357.50	1366.00	1370.50	1373.50	1375.50	1379.00	1381.50	1385.50	1391.50	1399.50	1409.00	1417.00	1435.00	1440.50	1438.50	1436.50	1435.00	1436.50	1443.00	1452.00	1460.00	1474.50	1485.50	1505.50	1514.00	1520.50	1523.00	1524.00	1525.50	1527.50	1530.50	1531.50	1533.50	1532.00	1529.00	1527.00	1524.00	1517.00	1505.00	1482.50	1471.50	1461.00	1462.50	1472.00	1479.50	1478.00	1462.50	1433.00	1366.00	1323.50	1300.50	1294.00	1294.00	1291.50	1291.00	1293.50	1252.00	1145.00	1113.50	1250.00	1358.00	1094.00	921.50	937.00	928.50	943.00	1054.00	1140.50	1160.50	896.00	875.00	1060.00	1293.00	1352.00	1344.50	1382.00	1401.50	1429.50	1426.00	1315.00	1237.00	1254.00	1296.50	1394.00	1430.00	1445.00	1494.00	1504.50	1515.50	1526.00	1535.00	1553.00	1574.50	1591.00	1589.50	1623.50	1658.00	1681.50	1692.50	1712.00	1733.00	1732.00	1719.00	1702.50	1672.50	1635.50	1551.00	1520.50	1417.00	1321.00	1305.00	1391.50	1511.00	1576.50	1565.50	1561.50	1550.00	1533.00	1585.00	1676.00	1712.50	1707.50	1664.50	1546.50	1375.50	1265.50	1298.00	1285.50	1249.50	1202.00	1192.00	1251.00	1266.50	1369.50	1446.00	1493.00	1501.50	1503.00	1467.00	1398.50	1331.00	1280.50	1230.50	1139.00	1066.00	1024.00	941.00	914.00	939.50	894.50	808.00	773.50	760.00	684.50	669.50	758.00	837.00	878.00	857.00	768.00	713.00	641.00	561.50	482.00	418.00	374.50	381.50	415.50	493.00	608.50	676.50	799.50	867.50	891.00	909.50	988.50	1040.50	1085.50	1234.00	1268.00	1203.00	1166.00	1172.50	1242.00	1279.00	1207.50	1064.50	1174.50	1288.50	1323.50	1342.00	1283.50	1230.00
765.50	759.50	762.50	798.50	834.50	869.00	885.50	901.50	913.00	914.00	914.00	914.00	931.00	942.00	951.50	971.00	1000.50	1010.50	1026.50	1038.00	1048.50	1050.00	1053.50	1070.00	1081.00	1085.00	1086.00	1082.00	1108.50	1122.00	1136.50	1146.00	1160.00	1183.50	1202.00	1213.00	1221.50	1224.50	1224.00	1225.00	1227.50	1227.00	1225.00	1223.50	1223.00	1257.00	1309.50	1325.50	1355.00	1375.00	1383.00	1391.00	1396.50	1399.50	1399.50	1397.00	1393.50	1385.50	1379.50	1373.00	1363.00	1355.00	1351.50	1355.00	1363.50	1368.50	1372.00	1374.00	1378.00	1381.00	1386.00	1393.50	1402.00	1412.00	1420.00	1433.00	1435.00	1433.50	1431.50	1429.50	1430.50	1437.00	1446.00	1454.00	1469.50	1481.00	1502.50	1512.50	1521.00	1524.00	1525.50	1527.50	1529.50	1532.50	1534.50	1536.00	1534.50	1531.50	1529.50	1527.00	1522.50	1511.00	1489.00	1478.00	1468.50	1469.50	1479.50	1487.50	1487.50	1476.00	1450.00	1373.00	1341.50	1329.00	1343.50	1358.50	1356.50	1337.50	1312.50	1283.00	1228.00	1224.50	1238.00	1285.00	1199.50	1044.50	973.00	945.00	951.00	1032.50	1076.00	1063.00	891.50	919.50	1072.50	1280.00	1370.50	1370.50	1411.50	1427.50	1457.50	1459.50	1385.00	1318.50	1332.50	1368.50	1432.00	1461.50	1485.00	1523.50	1538.50	1558.00	1566.00	1572.50	1581.00	1595.00	1609.50	1604.50	1623.00	1652.50	1674.50	1681.00	1696.50	1717.00	1718.00	1712.50	1703.00	1685.50	1663.50	1576.00	1542.00	1470.00	1414.00	1421.00	1480.00	1571.50	1607.00	1591.50	1581.00	1554.00	1549.00	1591.50	1662.00	1694.50	1699.00	1660.50	1586.00	1437.50	1327.50	1360.00	1388.00	1394.00	1319.50	1296.50	1417.50	1404.00	1392.50	1440.00	1476.00	1482.00	1483.50	1429.00	1367.50	1302.00	1251.50	1210.50	1115.50	1064.50	1008.00	928.50	885.00	870.00	831.50	776.50	730.50	713.00	728.00	786.50	860.50	966.50	998.00	970.50	935.50	805.50	701.00	603.50	539.50	466.50	386.00	362.00	368.50	413.00	506.50	655.00	839.50	916.00	949.00	930.00	978.00	1052.50	1099.00	1172.50	1153.50	1060.00	1023.50	1077.00	1120.00	1176.50	1127.50	986.50	1166.50	1278.00	1334.50	1385.50	1344.00	1298.00
744.75	736.75	750.75	803.50	838.75	860.75	869.50	885.25	899.75	901.00	904.00	902.00	910.50	920.00	940.50	966.50	997.75	1015.50	1029.25	1046.00	1046.75	1050.25	1053.25	1067.50	1077.50	1079.00	1081.00	1080.25	1097.75	1113.00	1129.00	1138.25	1149.00	1166.00	1194.75	1209.50	1217.50	1219.25	1219.00	1218.75	1219.50	1217.25	1214.75	1214.00	1214.50	1243.75	1291.00	1306.00	1334.25	1359.00	1373.00	1383.25	1391.75	1396.00	1397.75	1397.25	1395.75	1390.75	1385.50	1378.50	1371.25	1365.00	1360.50	1359.50	1362.75	1367.25	1370.00	1372.00	1376.50	1379.75	1385.75	1393.75	1402.25	1409.75	1416.00	1425.00	1427.25	1426.00	1423.75	1421.75	1423.00	1429.25	1437.00	1445.50	1461.50	1473.50	1496.25	1509.25	1522.50	1526.25	1527.00	1530.00	1532.00	1535.00	1536.50	1537.00	1535.75	1533.00	1530.50	1528.00	1525.00	1516.25	1497.00	1487.00	1479.00	1480.50	1490.50	1499.75	1502.50	1498.25	1484.75	1434.75	1404.25	1414.75	1440.50	1457.25	1442.25	1393.75	1361.00	1354.00	1342.75	1313.25	1213.75	1174.50	1122.00	1050.75	994.00	970.50	981.00	1016.25	1052.50	1036.25	949.00	1005.75	1084.00	1218.25	1345.75	1386.50	1437.50	1463.75	1491.75	1505.00	1482.75	1439.00	1433.25	1443.25	1474.50	1502.25	1523.25	1567.25	1587.75	1611.25	1620.25	1623.00	1621.50	1624.50	1630.25	1629.50	1624.75	1641.75	1652.50	1658.00	1663.00	1667.75	1664.50	1669.25	1671.50	1668.00	1654.00	1589.75	1555.25	1540.75	1532.75	1536.75	1581.75	1633.50	1644.75	1627.75	1579.00	1543.00	1536.75	1554.50	1603.25	1642.25	1655.50	1635.75	1607.25	1516.75	1437.50	1457.75	1497.00	1521.25	1503.50	1478.00	1491.25	1475.00	1404.75	1413.25	1437.00	1447.50	1453.75	1382.00	1330.75	1260.75	1212.75	1149.00	1080.00	1026.75	996.25	961.50	931.00	870.75	851.50	846.75	822.00	861.50	947.75	947.25	992.25	1099.25	1147.25	1126.50	974.25	824.75	738.50	763.00	760.75	631.00	519.00	424.00	369.00	355.25	411.50	508.75	676.75	784.75	866.00	880.25	974.50	1070.25	1074.00	1057.00	1000.75	940.50	912.00	986.00	976.00	1030.25	1024.75	913.50	1098.75	1205.75	1283.75	1397.25	1391.25	1367.75
739.00	732.00	750.00	807.50	839.50	856.00	862.50	880.50	895.50	897.00	901.00	898.00	904.50	912.50	938.50	968.00	997.00	1018.50	1031.50	1047.50	1048.00	1051.00	1052.50	1066.00	1074.50	1076.50	1078.50	1079.50	1095.00	1110.50	1127.50	1136.00	1145.50	1160.00	1190.00	1206.00	1214.50	1216.00	1215.50	1215.00	1215.50	1213.00	1211.00	1213.50	1215.50	1241.00	1284.50	1299.00	1326.50	1351.50	1369.00	1380.50	1389.50	1394.50	1396.50	1397.00	1396.00	1392.00	1387.50	1380.50	1373.00	1368.00	1363.50	1362.00	1363.50	1367.00	1369.50	1371.50	1376.00	1379.00	1385.50	1393.50	1401.00	1408.00	1413.50	1422.50	1424.50	1423.50	1421.00	1419.00	1420.50	1426.50	1434.00	1442.50	1459.00	1471.00	1494.00	1508.00	1523.00	1527.00	1527.50	1530.50	1532.50	1535.50	1537.00	1537.00	1535.50	1533.00	1530.50	1528.00	1525.00	1518.00	1499.50	1490.00	1482.50	1484.00	1494.00	1504.00	1507.50	1506.00	1497.50	1464.50	1445.00	1460.50	1478.00	1490.00	1469.50	1412.00	1374.50	1373.00	1371.50	1337.50	1215.00	1156.00	1102.50	1039.50	996.00	979.50	992.50	1020.00	1055.50	1035.00	973.50	1024.50	1099.50	1201.00	1334.50	1392.50	1440.00	1472.00	1501.50	1517.50	1513.00	1478.50	1465.00	1467.00	1489.00	1515.00	1532.50	1584.00	1604.00	1628.00	1636.50	1638.00	1634.00	1634.00	1636.00	1637.00	1626.00	1638.00	1643.00	1647.00	1648.50	1646.00	1642.00	1647.50	1650.00	1654.50	1642.00	1589.00	1556.00	1549.50	1557.00	1575.00	1622.50	1655.50	1658.50	1638.50	1575.50	1537.00	1528.50	1538.00	1578.50	1620.00	1637.00	1625.00	1611.00	1547.00	1493.50	1495.50	1528.50	1553.50	1546.00	1528.00	1511.00	1492.00	1404.50	1400.00	1421.00	1435.00	1444.00	1370.00	1321.50	1248.00	1201.50	1134.00	1079.50	1035.00	1019.00	997.00	969.50	899.50	881.50	891.50	871.00	913.00	1019.00	1017.00	1046.50	1144.00	1198.50	1156.00	972.50	836.50	758.00	830.50	824.00	699.00	599.50	467.50	384.50	351.50	385.50	454.00	594.50	715.50	805.00	839.00	968.50	1077.00	1076.00	1029.50	951.00	908.50	882.50	960.50	935.50	989.50	989.00	894.00	1073.50	1167.00	1257.50	1392.50	1401.00	1380.50
728.00	742.25	760.00	801.75	831.00	841.50	842.00	863.75	879.75	883.50	889.25	888.00	889.50	891.50	916.50	952.50	991.50	1026.50	1040.00	1042.50	1047.75	1052.75	1054.25	1063.00	1067.50	1070.00	1073.50	1075.75	1087.25	1100.75	1120.50	1130.00	1140.00	1149.25	1173.00	1182.50	1191.00	1196.25	1198.75	1203.75	1203.25	1201.75	1206.75	1215.75	1218.50	1233.00	1262.50	1275.50	1301.25	1326.25	1346.50	1368.00	1381.25	1388.25	1392.00	1393.50	1394.00	1393.25	1391.50	1385.00	1377.50	1373.25	1370.50	1368.50	1367.25	1367.00	1366.25	1367.25	1372.50	1376.50	1382.50	1389.25	1396.25	1401.75	1407.50	1414.25	1416.25	1416.00	1414.00	1412.00	1413.25	1419.00	1426.50	1435.00	1451.75	1463.00	1488.25	1505.00	1522.25	1527.00	1528.00	1530.50	1532.00	1535.50	1536.50	1535.50	1534.25	1531.75	1529.00	1526.75	1524.75	1519.00	1504.50	1496.50	1491.25	1493.00	1503.50	1516.00	1520.75	1522.75	1525.25	1534.00	1549.75	1556.25	1548.75	1538.75	1517.75	1456.75	1408.00	1399.50	1402.25	1379.25	1243.50	1186.50	1182.25	1112.00	1013.75	1008.50	1028.00	1047.25	1089.75	1095.50	1040.75	1076.00	1123.75	1199.75	1286.00	1361.00	1407.50	1456.50	1520.50	1537.25	1546.75	1546.00	1536.50	1528.00	1533.75	1549.00	1570.25	1631.50	1649.75	1664.75	1669.00	1667.75	1662.50	1657.75	1652.50	1648.50	1634.00	1627.75	1611.75	1603.50	1583.00	1563.00	1548.00	1544.50	1546.25	1566.75	1571.25	1559.00	1546.50	1550.75	1582.75	1644.50	1684.25	1684.50	1673.75	1639.25	1564.75	1515.50	1486.50	1482.25	1502.50	1542.50	1565.50	1568.50	1577.00	1563.75	1564.25	1557.00	1569.50	1577.75	1568.75	1559.50	1537.00	1517.00	1386.50	1354.00	1341.25	1379.25	1415.25	1378.25	1328.50	1229.50	1182.25	1138.50	1137.00	1195.75	1209.75	1213.50	1182.75	1146.75	1115.50	1099.50	1052.75	1047.75	1139.25	1210.25	1210.75	1275.25	1318.00	1238.00	1054.25	883.00	953.25	974.50	944.00	823.50	715.25	592.50	491.25	437.00	348.25	347.25	441.00	508.50	622.25	720.25	890.50	971.50	1012.25	977.75	909.25	830.50	806.75	907.00	850.50	883.50	890.50	816.00	954.00	1047.25	1217.50	1377.25	1413.25	1399.00
724.50	744.50	766.50	800.50	827.00	836.00	837.00	858.50	874.00	878.50	884.50	885.50	880.00	874.50	901.50	940.50	987.50	1031.50	1043.00	1041.00	1047.00	1052.50	1055.50	1062.00	1066.00	1068.00	1072.50	1076.00	1085.50	1098.00	1117.00	1127.50	1138.00	1146.00	1167.00	1175.50	1182.50	1190.50	1194.00	1200.50	1199.00	1198.50	1205.00	1216.00	1218.50	1230.00	1255.00	1267.00	1292.50	1317.50	1337.50	1363.00	1378.50	1386.00	1390.00	1392.00	1393.00	1393.00	1392.00	1386.50	1379.00	1374.50	1372.00	1370.50	1368.50	1367.00	1365.00	1365.50	1371.00	1375.00	1381.50	1388.00	1394.50	1399.50	1405.50	1411.50	1413.50	1413.50	1411.50	1409.50	1411.00	1416.50	1424.00	1432.50	1449.50	1460.50	1487.00	1503.50	1521.00	1526.50	1527.50	1530.50	1531.50	1535.50	1536.00	1534.50	1533.50	1531.00	1528.50	1526.00	1524.50	1519.00	1506.00	1498.50	1494.00	1496.00	1506.50	1519.50	1524.00	1526.50	1531.00	1547.50	1563.50	1568.50	1557.50	1544.00	1525.00	1468.00	1416.50	1404.00	1406.50	1388.50	1255.50	1204.50	1218.50	1163.00	1023.50	1019.00	1040.50	1052.50	1100.50	1109.00	1058.00	1096.50	1137.50	1209.00	1275.50	1349.50	1400.00	1451.50	1525.00	1543.00	1554.50	1559.50	1556.00	1547.00	1549.00	1562.50	1583.50	1646.50	1663.50	1674.00	1676.00	1675.00	1670.00	1664.50	1657.50	1650.50	1636.50	1624.50	1601.50	1589.00	1560.50	1536.50	1518.00	1510.00	1514.00	1535.50	1545.50	1545.50	1541.00	1548.00	1581.00	1650.00	1688.50	1685.50	1672.00	1635.00	1561.50	1508.50	1470.00	1459.50	1474.50	1515.50	1540.00	1547.00	1559.50	1560.50	1570.00	1567.00	1575.50	1576.00	1565.50	1559.50	1541.50	1521.50	1378.50	1336.00	1305.00	1354.00	1402.50	1383.50	1334.00	1225.00	1177.50	1146.50	1159.50	1241.50	1255.50	1276.50	1251.00	1221.00	1193.00	1167.00	1111.50	1100.00	1176.00	1252.00	1257.00	1308.50	1354.00	1267.00	1092.50	914.00	1032.00	1028.00	960.00	831.50	738.00	621.00	535.00	473.50	358.50	323.50	400.00	460.00	579.50	689.00	853.00	914.50	972.00	953.50	903.00	809.50	777.50	881.50	819.50	843.00	853.50	789.50	923.00	1034.00	1218.00	1380.00	1416.00	1402.00
714.25	743.50	775.75	812.50	822.25	825.00	828.25	841.00	856.75	861.50	865.50	867.00	856.25	835.25	848.00	883.50	955.00	1022.75	1043.75	1042.50	1042.50	1049.75	1057.25	1061.50	1063.25	1065.00	1071.50	1080.25	1082.00	1088.50	1103.50	1115.00	1127.25	1132.50	1142.75	1146.25	1157.50	1171.00	1180.00	1188.25	1186.00	1184.00	1195.00	1208.00	1222.75	1225.00	1231.25	1240.25	1268.00	1291.75	1314.25	1346.00	1368.25	1378.00	1383.00	1386.50	1388.00	1390.75	1390.75	1387.75	1383.00	1378.75	1376.00	1373.75	1371.25	1369.00	1363.50	1359.50	1363.25	1371.25	1377.50	1383.50	1388.25	1392.75	1398.00	1402.75	1405.00	1406.25	1405.00	1403.50	1405.00	1410.00	1417.25	1426.50	1443.25	1453.75	1480.25	1495.50	1512.50	1522.50	1525.00	1527.75	1529.00	1531.75	1532.00	1530.50	1529.00	1527.50	1525.50	1523.50	1522.25	1517.75	1508.00	1502.75	1500.50	1502.50	1513.25	1524.50	1526.75	1530.50	1538.00	1554.75	1560.00	1562.25	1548.75	1531.50	1519.50	1477.50	1428.50	1406.75	1399.00	1384.50	1284.00	1233.75	1230.75	1167.25	1053.75	1052.75	1077.50	1082.25	1136.75	1166.00	1136.75	1172.00	1178.50	1246.25	1268.25	1317.00	1374.25	1427.25	1522.00	1546.25	1572.50	1585.25	1597.25	1599.25	1600.00	1608.50	1621.50	1672.75	1681.50	1686.00	1688.00	1688.00	1681.25	1675.75	1668.50	1657.00	1640.25	1615.25	1575.00	1551.50	1515.25	1480.75	1444.00	1421.75	1422.25	1430.75	1440.25	1484.00	1507.25	1518.75	1542.25	1591.25	1633.75	1637.25	1632.00	1601.25	1544.75	1493.75	1423.75	1390.25	1376.50	1390.25	1428.25	1470.25	1508.25	1531.00	1544.00	1547.00	1545.00	1536.25	1531.50	1531.00	1532.25	1529.00	1388.50	1322.00	1223.00	1158.25	1240.25	1302.50	1279.25	1243.75	1229.00	1221.75	1232.50	1295.50	1310.00	1351.25	1384.25	1373.25	1281.25	1274.00	1250.75	1215.25	1206.75	1239.25	1291.25	1349.75	1379.75	1310.25	1191.50	1171.00	1217.25	1079.50	972.00	921.75	856.00	777.00	700.25	615.50	476.00	367.25	319.75	362.50	432.25	517.25	688.25	804.25	832.00	847.00	816.50	707.50	730.00	815.75	751.25	724.50	741.50	791.75	959.25	1076.50	1184.75	1267.00	1307.00	1359.25
716.75	745.25	767.75	810.75	818.75	822.00	827.75	837.75	847.50	849.25	851.00	851.75	837.75	819.25	823.75	866.00	941.50	1011.25	1036.25	1039.25	1036.50	1048.50	1056.50	1062.75	1064.00	1067.50	1070.50	1080.25	1080.00	1083.75	1094.75	1104.50	1116.75	1123.75	1130.25	1129.00	1139.00	1153.75	1168.75	1182.25	1179.50	1172.50	1176.00	1192.75	1219.50	1218.00	1219.75	1225.50	1252.50	1274.75	1299.00	1333.25	1359.75	1373.00	1378.00	1382.25	1384.50	1388.00	1389.00	1387.75	1384.50	1381.00	1378.50	1376.75	1373.25	1370.50	1364.00	1356.25	1356.50	1366.25	1374.25	1380.00	1384.00	1388.25	1393.00	1397.25	1400.00	1401.50	1400.50	1399.25	1401.00	1405.75	1413.00	1422.25	1439.50	1449.00	1474.50	1489.25	1504.50	1516.75	1522.25	1525.25	1526.00	1528.00	1528.00	1527.25	1526.00	1524.75	1522.75	1520.25	1520.00	1516.25	1508.75	1504.50	1503.25	1505.25	1514.50	1524.00	1526.50	1529.75	1536.75	1549.25	1551.75	1550.00	1537.00	1521.75	1509.75	1474.25	1428.75	1403.25	1388.00	1373.25	1286.50	1246.75	1230.50	1158.50	1067.50	1071.25	1101.50	1114.00	1167.50	1201.50	1189.25	1247.50	1252.00	1292.00	1290.50	1312.25	1368.00	1414.50	1510.75	1539.75	1576.50	1597.00	1614.25	1623.50	1628.25	1636.25	1645.50	1681.00	1688.50	1692.75	1695.50	1695.50	1687.50	1681.25	1673.50	1662.25	1641.75	1610.50	1560.25	1531.75	1492.00	1446.25	1404.00	1379.00	1370.00	1368.25	1373.25	1428.00	1465.00	1480.50	1506.50	1537.00	1563.50	1574.75	1579.75	1556.75	1518.25	1466.25	1394.00	1350.25	1314.75	1309.00	1342.75	1407.00	1462.50	1498.75	1507.25	1506.25	1496.00	1493.75	1503.50	1505.00	1520.00	1523.50	1419.25	1361.00	1253.75	1096.25	1084.00	1127.50	1169.25	1290.50	1326.00	1315.50	1308.00	1334.50	1346.25	1378.50	1408.75	1394.75	1268.25	1252.75	1260.00	1213.25	1192.00	1159.75	1247.00	1272.75	1320.00	1254.50	1198.25	1245.50	1259.25	1159.50	1088.00	1040.75	965.25	908.00	816.00	722.25	588.00	466.25	335.50	304.25	351.25	416.25	544.75	667.50	707.75	743.50	728.00	626.75	736.00	776.50	707.00	649.25	704.00	802.00	929.25	1037.50	1073.00	1120.00	1179.75	1293.75
723.50	746.25	764.75	802.00	811.25	816.75	823.50	832.25	837.50	837.50	836.00	837.25	829.75	819.75	835.75	877.25	947.00	999.75	1019.50	1023.00	1026.50	1048.00	1058.00	1064.50	1068.50	1070.75	1072.00	1079.25	1078.50	1079.75	1087.75	1094.75	1106.25	1115.75	1119.75	1112.75	1122.50	1138.75	1156.25	1178.00	1173.00	1161.75	1156.25	1174.25	1208.50	1207.00	1211.25	1215.50	1237.75	1258.50	1283.75	1318.50	1348.50	1366.50	1373.00	1377.75	1380.50	1384.50	1386.50	1386.75	1385.00	1382.75	1380.75	1379.75	1376.25	1372.75	1365.50	1354.75	1349.00	1358.50	1370.00	1376.00	1379.75	1383.75	1387.75	1392.00	1395.00	1396.75	1396.25	1395.00	1397.00	1401.25	1409.00	1418.25	1434.75	1443.25	1468.25	1482.00	1495.25	1508.50	1517.00	1521.25	1522.00	1523.25	1523.50	1522.50	1522.25	1521.75	1518.75	1515.00	1516.25	1514.00	1508.50	1505.00	1504.50	1506.50	1514.00	1522.25	1525.00	1527.75	1532.00	1539.25	1541.25	1537.50	1526.75	1513.25	1498.50	1466.50	1425.00	1397.00	1376.25	1357.50	1283.75	1263.25	1236.00	1157.00	1089.00	1091.75	1126.50	1146.00	1190.25	1224.75	1227.25	1319.00	1351.25	1351.50	1329.00	1332.50	1378.75	1411.75	1495.25	1528.50	1573.50	1602.75	1625.25	1639.00	1648.75	1658.25	1665.25	1686.75	1694.00	1699.00	1701.75	1701.75	1693.25	1686.75	1677.75	1668.00	1643.25	1607.50	1549.50	1517.75	1472.50	1420.25	1376.75	1346.75	1325.50	1315.75	1315.25	1358.25	1406.00	1428.25	1458.50	1477.50	1483.25	1494.75	1496.25	1482.25	1470.25	1426.75	1362.25	1304.75	1258.25	1231.75	1257.75	1341.00	1405.25	1446.75	1455.75	1449.75	1429.75	1444.25	1472.50	1472.50	1502.00	1511.75	1437.50	1392.50	1307.75	1171.00	1069.50	966.00	1041.75	1322.75	1394.75	1380.50	1373.75	1370.25	1377.25	1400.50	1398.25	1384.75	1258.25	1192.75	1132.75	1087.00	1101.25	973.75	1065.50	1053.00	1102.75	1077.25	1035.75	1136.75	1182.00	1191.75	1200.00	1108.00	1061.75	1011.75	909.00	828.75	722.25	611.50	451.50	309.75	273.75	323.50	411.50	495.50	545.75	596.75	593.75	607.75	731.00	727.00	605.75	593.25	694.25	762.25	889.25	974.50	948.75	1016.75	1131.25	1207.00
725.75	745.25	767.50	791.50	801.25	806.50	812.00	821.00	825.75	827.00	823.50	822.50	809.75	804.50	852.00	915.25	973.75	985.75	994.75	997.50	1010.50	1044.50	1060.75	1065.75	1072.50	1071.75	1073.00	1077.50	1072.50	1068.25	1073.75	1082.00	1095.50	1109.00	1106.50	1094.75	1108.25	1127.75	1144.25	1170.25	1166.00	1154.25	1144.50	1156.25	1183.50	1191.25	1202.75	1207.75	1224.50	1242.75	1268.50	1303.00	1335.00	1356.75	1366.25	1373.75	1376.75	1381.00	1383.25	1384.75	1384.50	1383.75	1383.00	1382.25	1379.75	1375.75	1368.00	1355.00	1341.50	1349.00	1363.75	1372.25	1375.25	1379.25	1382.25	1387.00	1390.00	1392.25	1391.75	1391.25	1393.25	1397.00	1404.50	1414.25	1428.75	1436.50	1461.75	1473.75	1485.75	1499.25	1509.00	1515.00	1515.25	1516.75	1517.75	1516.00	1517.25	1517.25	1513.75	1508.75	1511.75	1510.50	1506.75	1504.25	1503.75	1505.50	1512.00	1519.00	1522.00	1524.50	1526.25	1529.25	1530.25	1527.50	1520.25	1506.25	1488.25	1457.50	1419.50	1391.00	1365.00	1339.50	1287.75	1281.00	1233.50	1159.75	1125.50	1125.00	1152.25	1175.50	1202.25	1241.00	1254.50	1343.50	1387.25	1387.50	1364.00	1361.50	1395.50	1418.00	1481.75	1518.25	1568.50	1604.00	1632.50	1649.50	1662.50	1672.25	1678.00	1693.25	1699.00	1705.00	1707.25	1707.00	1698.75	1691.75	1682.50	1672.75	1645.75	1607.00	1545.50	1512.50	1462.25	1405.50	1359.50	1322.75	1296.25	1269.25	1258.00	1267.50	1329.25	1366.00	1382.50	1408.50	1408.00	1407.50	1389.50	1390.25	1406.75	1392.00	1344.50	1267.50	1211.50	1160.00	1172.25	1272.75	1352.50	1384.75	1386.25	1383.50	1370.25	1411.75	1435.00	1433.75	1479.25	1498.50	1441.25	1391.50	1298.25	1222.75	1152.00	850.75	950.25	1306.75	1359.75	1385.75	1406.75	1394.75	1402.75	1417.00	1339.50	1296.00	1181.50	1089.25	959.25	892.25	870.25	736.00	744.75	745.25	771.50	789.00	756.00	884.00	943.25	1040.00	1109.50	1059.00	1072.25	1042.50	972.75	914.75	827.25	755.00	631.50	434.75	266.75	218.50	281.75	334.25	355.25	390.50	395.50	536.25	608.25	614.25	470.00	562.00	654.75	698.00	841.50	876.50	893.75	991.75	1112.00	1122.00
725.75	745.25	766.00	782.50	788.75	793.00	798.00	808.00	814.25	816.25	813.75	812.00	792.50	783.50	858.25	953.00	985.75	960.75	966.50	972.00	988.75	1033.00	1057.00	1065.50	1071.75	1070.25	1070.25	1071.50	1060.00	1052.00	1052.75	1062.00	1076.75	1093.00	1088.50	1081.50	1093.75	1119.00	1132.25	1156.25	1158.75	1149.75	1140.00	1149.75	1167.00	1178.75	1194.00	1200.00	1214.00	1228.25	1253.75	1288.00	1321.00	1344.50	1357.00	1368.75	1373.50	1377.50	1380.00	1382.25	1383.50	1383.75	1384.25	1384.25	1383.00	1379.50	1371.25	1357.00	1334.75	1339.25	1355.75	1367.25	1370.75	1374.75	1377.00	1382.00	1385.00	1387.50	1387.25	1387.50	1389.50	1392.75	1399.75	1409.75	1422.00	1429.25	1454.75	1465.00	1476.50	1489.50	1499.75	1507.00	1506.50	1509.00	1511.00	1508.50	1511.00	1511.50	1507.75	1502.00	1506.50	1506.00	1503.75	1502.00	1501.25	1503.00	1508.00	1514.00	1516.75	1519.00	1520.00	1521.50	1522.50	1521.50	1516.25	1502.25	1481.00	1449.75	1414.75	1389.75	1357.25	1333.75	1305.75	1292.50	1229.75	1185.00	1172.25	1165.75	1178.75	1204.00	1218.75	1261.75	1280.75	1345.50	1388.00	1405.00	1395.00	1391.75	1413.00	1433.25	1479.75	1515.00	1565.00	1604.00	1637.00	1657.00	1671.00	1680.50	1686.75	1700.75	1704.50	1711.25	1713.25	1712.00	1704.00	1696.75	1686.75	1675.75	1649.25	1609.00	1548.25	1517.25	1466.50	1404.25	1356.25	1322.25	1303.00	1250.50	1215.25	1180.00	1234.75	1286.50	1273.50	1341.00	1348.50	1335.00	1298.50	1309.25	1349.25	1363.25	1351.75	1279.25	1193.50	1097.25	1089.25	1180.75	1283.50	1313.75	1283.25	1307.50	1318.50	1381.25	1387.50	1393.25	1456.25	1482.00	1432.25	1330.50	1220.00	1188.00	1160.50	749.00	898.25	1212.00	1268.50	1349.75	1410.00	1406.00	1419.25	1389.75	1227.00	1053.25	884.75	829.25	714.25	638.75	567.50	465.75	412.75	421.50	433.75	454.50	459.75	537.50	598.75	733.50	806.50	854.00	921.50	986.50	965.00	890.50	790.50	711.00	645.50	495.50	293.50	160.25	162.50	183.00	185.50	195.75	206.25	326.75	350.75	390.75	339.75	492.25	553.00	641.00	724.50	778.25	866.75	951.75	1062.00	1068.75
729.00	745.75	761.75	775.50	777.50	781.75	789.25	798.00	804.25	805.00	802.00	798.75	782.75	771.25	857.75	940.25	951.00	920.75	932.25	942.00	959.75	1010.50	1040.25	1055.25	1061.50	1062.50	1060.50	1059.00	1045.75	1040.00	1038.25	1044.75	1057.25	1069.50	1072.75	1074.50	1081.75	1109.00	1119.50	1137.75	1148.25	1143.75	1138.25	1150.50	1168.00	1174.75	1185.25	1192.00	1205.00	1217.25	1240.75	1274.25	1308.00	1332.50	1346.75	1362.50	1369.75	1374.00	1376.50	1379.75	1381.75	1383.25	1384.50	1385.25	1385.50	1383.00	1374.25	1360.50	1329.50	1329.75	1346.75	1359.75	1365.00	1370.50	1372.50	1377.00	1379.50	1382.50	1382.50	1383.00	1385.25	1388.00	1395.00	1404.50	1414.50	1422.00	1447.00	1456.25	1467.25	1479.25	1489.75	1498.00	1497.25	1500.50	1503.00	1500.50	1504.00	1505.00	1501.25	1495.00	1500.00	1500.50	1499.50	1498.00	1497.25	1499.00	1502.50	1507.00	1509.50	1510.75	1512.25	1514.75	1518.00	1518.25	1513.50	1501.25	1480.75	1449.00	1417.25	1396.25	1362.75	1348.75	1329.25	1301.50	1246.25	1228.75	1217.75	1206.00	1204.75	1236.50	1256.00	1288.25	1307.50	1359.25	1403.25	1425.25	1429.00	1426.75	1434.50	1454.25	1492.50	1518.75	1564.75	1604.25	1640.00	1662.50	1676.75	1687.50	1695.50	1708.25	1710.75	1717.50	1719.50	1717.50	1709.50	1701.75	1690.25	1678.25	1652.50	1612.25	1555.50	1528.00	1480.25	1414.25	1368.25	1344.75	1333.50	1273.75	1212.75	1137.00	1137.75	1159.75	1176.25	1293.00	1307.00	1281.75	1224.75	1215.75	1299.50	1330.25	1355.25	1338.00	1239.00	1059.75	1019.00	1030.75	1094.75	1217.25	1160.75	1217.00	1261.00	1317.50	1337.00	1364.00	1433.25	1448.75	1395.75	1265.75	1150.25	1071.50	1054.25	682.25	795.50	1085.50	1202.00	1246.00	1343.25	1373.50	1392.75	1276.00	1012.25	749.00	549.00	500.00	383.50	343.75	307.75	222.25	190.50	185.75	188.25	198.75	217.75	228.75	285.75	391.25	434.75	553.00	655.25	765.25	755.25	688.25	560.50	429.75	383.25	314.00	215.25	135.25	110.00	101.50	99.25	101.75	111.75	146.00	154.50	182.25	204.25	320.75	398.50	520.00	614.75	716.50	775.50	876.00	996.50	1010.75
731.00	743.00	754.25	769.50	771.75	773.25	782.00	789.75	795.75	794.25	786.50	779.00	766.00	751.75	815.75	879.75	891.75	870.00	888.00	900.25	926.25	981.25	1009.75	1025.75	1034.00	1044.50	1044.00	1042.00	1034.00	1032.00	1029.75	1034.50	1048.50	1055.75	1062.25	1068.00	1075.00	1098.50	1107.00	1119.75	1131.75	1131.75	1133.75	1140.75	1160.00	1169.25	1176.75	1183.75	1195.75	1209.00	1230.50	1262.75	1296.75	1322.25	1337.00	1357.25	1363.75	1370.00	1373.00	1376.50	1379.00	1382.00	1383.75	1385.25	1386.75	1385.00	1376.75	1364.00	1325.75	1321.00	1337.00	1351.00	1357.75	1365.50	1368.25	1372.25	1374.00	1377.25	1377.50	1378.50	1380.75	1383.00	1389.75	1398.25	1406.50	1414.75	1438.75	1447.50	1458.00	1469.00	1479.25	1488.00	1487.50	1491.50	1493.75	1492.50	1496.75	1497.75	1494.50	1487.50	1492.50	1494.00	1494.00	1492.75	1492.50	1493.50	1495.75	1498.25	1500.50	1501.25	1504.00	1509.25	1514.50	1516.25	1512.00	1502.00	1485.25	1455.75	1427.75	1409.25	1378.50	1369.00	1349.00	1318.75	1282.50	1272.50	1263.75	1249.00	1235.50	1283.25	1305.25	1320.25	1334.25	1385.25	1429.50	1450.50	1463.75	1463.00	1460.25	1475.75	1511.00	1527.50	1567.25	1605.50	1643.00	1667.50	1682.00	1694.25	1703.75	1715.50	1717.75	1723.75	1725.75	1723.50	1715.00	1705.75	1693.50	1681.00	1655.00	1615.75	1564.00	1538.50	1495.00	1429.75	1384.75	1367.75	1360.50	1326.25	1286.50	1207.50	1077.00	1051.25	1099.00	1250.50	1266.00	1236.25	1191.75	1089.50	1255.25	1294.50	1271.50	1330.75	1301.00	1101.50	1015.25	880.00	850.75	1015.50	1024.75	1114.75	1197.00	1262.75	1341.25	1374.75	1414.50	1363.50	1281.25	1173.25	1063.00	897.00	817.75	620.50	625.25	916.00	1032.50	1043.00	1148.25	1152.25	1121.25	951.75	703.00	462.00	309.75	252.75	157.75	159.00	179.50	137.75	127.00	110.00	107.00	107.00	112.50	118.25	132.50	169.25	178.75	274.50	364.50	406.25	394.25	373.25	261.25	168.00	149.75	132.00	118.25	101.75	93.50	85.75	83.00	84.00	86.75	90.75	94.50	97.00	113.00	157.00	236.00	325.00	495.00	580.75	630.00	783.25	903.00	924.25
714.25	728.75	744.50	761.75	766.50	767.00	772.75	778.75	784.25	781.25	767.75	757.00	746.00	721.50	751.25	826.25	838.75	817.25	833.25	850.25	913.25	967.50	979.50	991.75	999.00	1018.00	1026.50	1027.75	1024.50	1025.25	1021.00	1026.50	1043.25	1049.25	1051.75	1060.25	1071.25	1093.75	1101.00	1107.50	1114.50	1119.00	1127.00	1130.25	1144.75	1159.25	1168.75	1175.25	1186.50	1201.50	1222.25	1253.50	1288.00	1313.00	1328.50	1352.25	1355.75	1363.25	1368.25	1372.25	1375.75	1379.25	1381.75	1383.75	1386.50	1385.00	1378.25	1366.25	1322.50	1313.50	1327.50	1342.00	1350.00	1359.00	1362.75	1366.50	1368.25	1371.50	1372.75	1374.00	1376.00	1378.25	1383.75	1391.25	1398.25	1407.25	1430.00	1438.50	1448.75	1459.00	1468.75	1477.50	1477.75	1482.50	1484.25	1484.50	1489.00	1489.75	1487.00	1479.50	1484.50	1486.50	1487.25	1486.75	1487.00	1487.25	1487.50	1488.50	1490.25	1492.25	1496.75	1505.00	1512.00	1515.00	1511.75	1503.75	1490.50	1465.25	1441.75	1427.00	1399.75	1389.75	1368.25	1345.25	1325.75	1317.50	1315.25	1300.00	1276.50	1337.75	1350.75	1358.50	1366.50	1421.50	1463.25	1480.25	1493.00	1493.75	1488.50	1496.50	1525.00	1539.25	1572.25	1608.00	1646.50	1672.00	1687.00	1700.50	1711.00	1722.75	1725.00	1730.25	1732.00	1729.50	1719.75	1709.50	1696.50	1683.75	1656.50	1619.00	1570.75	1545.75	1506.25	1446.00	1400.00	1382.75	1379.00	1377.00	1382.75	1340.75	1096.00	1014.00	1026.00	1137.00	1132.25	1071.75	1088.25	969.00	1165.25	1164.00	1061.00	1159.75	1210.75	1122.75	970.25	861.75	738.00	832.25	1031.75	1151.25	1204.25	1263.25	1378.00	1378.50	1392.50	1266.00	1040.00	996.00	872.50	663.50	545.75	492.50	455.75	637.50	714.50	776.00	878.00	714.25	632.25	489.00	373.75	229.25	137.50	108.25	58.50	82.50	151.75	143.50	125.75	102.50	100.50	100.75	103.00	104.75	103.25	105.75	101.75	123.25	150.50	155.25	152.25	147.75	97.25	77.75	89.25	92.50	85.50	79.75	72.50	71.00	77.00	80.25	81.00	85.25	82.75	82.25	84.00	90.00	125.25	165.00	285.50	355.00	459.25	617.25	755.50	812.75
655.75	686.75	732.00	750.25	757.50	759.00	762.00	763.00	761.50	758.25	740.25	723.75	715.25	691.50	711.00	787.50	793.25	777.25	791.75	818.75	917.00	980.25	967.25	965.50	967.75	987.50	1007.00	1018.00	1016.50	1017.25	1013.75	1019.50	1037.25	1041.50	1040.25	1050.50	1067.75	1094.50	1101.50	1101.25	1104.75	1110.25	1119.25	1127.25	1139.00	1152.75	1161.25	1167.00	1178.00	1194.75	1216.25	1247.75	1281.75	1304.00	1322.00	1346.25	1347.00	1354.00	1359.75	1365.75	1371.75	1375.00	1378.50	1380.75	1384.25	1382.75	1377.00	1365.50	1319.00	1306.50	1319.00	1333.50	1342.25	1351.50	1355.75	1358.50	1361.00	1364.50	1366.75	1368.50	1370.25	1373.25	1377.50	1383.50	1390.00	1399.75	1421.00	1429.50	1439.50	1449.00	1458.25	1467.00	1468.00	1473.50	1475.00	1476.50	1480.75	1481.50	1479.00	1471.75	1476.00	1478.25	1479.75	1479.75	1480.50	1479.75	1478.50	1478.00	1480.25	1484.75	1491.25	1502.25	1511.25	1514.75	1512.50	1507.00	1497.25	1476.50	1458.50	1447.75	1427.00	1415.75	1390.25	1372.50	1361.75	1359.25	1361.75	1348.50	1320.50	1381.75	1392.00	1401.25	1412.25	1466.00	1497.75	1509.00	1516.50	1517.00	1513.25	1515.50	1534.75	1551.50	1580.50	1612.50	1650.50	1675.75	1692.25	1706.50	1717.50	1730.00	1732.00	1736.75	1738.00	1735.25	1724.00	1713.50	1699.75	1686.25	1657.00	1621.25	1574.50	1549.00	1512.50	1459.00	1413.00	1391.75	1389.00	1397.75	1415.00	1307.75	1080.00	1001.00	973.75	978.25	940.00	886.00	895.00	882.25	955.75	903.25	830.25	879.00	924.50	934.25	813.75	820.00	723.50	781.25	1057.50	1209.00	1252.75	1246.75	1303.00	1250.00	1241.00	1172.00	763.25	707.00	592.00	427.75	373.50	337.75	318.50	409.50	456.75	533.75	559.00	374.75	333.75	258.75	176.25	102.25	47.25	35.50	13.00	43.50	141.00	150.50	127.00	106.00	107.75	108.25	106.75	101.00	102.00	98.25	95.25	91.25	84.00	89.25	91.00	87.25	78.25	77.00	78.25	70.50	60.75	61.50	59.75	61.00	68.75	72.75	68.75	86.00	85.75	86.00	72.75	61.50	72.50	87.25	127.50	176.25	264.50	397.75	552.25	657.00
590.00	629.50	712.25	734.00	741.50	742.75	746.00	733.75	718.75	727.00	702.25	668.50	674.50	671.75	690.75	739.75	755.00	750.75	769.00	813.00	902.75	974.25	979.25	941.50	935.00	955.25	983.00	1006.50	1011.25	1009.75	1008.75	1010.75	1029.25	1033.00	1028.25	1037.50	1058.50	1094.75	1102.50	1100.00	1101.00	1104.25	1111.50	1124.50	1138.75	1151.00	1153.75	1159.00	1170.00	1189.00	1214.25	1245.75	1275.75	1296.00	1318.25	1339.25	1337.75	1344.25	1349.00	1356.25	1364.25	1368.50	1373.75	1376.25	1379.50	1378.25	1373.25	1360.50	1314.25	1299.75	1311.25	1325.50	1334.50	1343.00	1347.50	1349.50	1352.25	1355.50	1358.00	1361.25	1362.50	1366.25	1371.75	1376.00	1382.00	1392.25	1411.75	1420.00	1430.00	1439.00	1447.50	1456.25	1458.25	1464.50	1466.00	1468.25	1472.00	1473.00	1470.75	1463.75	1467.25	1469.75	1471.75	1472.25	1473.00	1471.50	1468.75	1467.50	1471.25	1479.50	1488.25	1502.00	1512.25	1515.75	1514.25	1511.00	1504.75	1489.00	1476.00	1469.50	1455.50	1443.25	1416.25	1399.00	1390.50	1395.50	1399.00	1385.00	1360.50	1413.00	1430.25	1449.00	1466.75	1506.25	1523.75	1531.75	1536.50	1535.75	1530.75	1531.75	1545.75	1562.50	1591.00	1619.75	1655.50	1679.50	1698.00	1712.75	1723.25	1737.00	1739.25	1743.25	1744.25	1740.75	1728.25	1718.00	1702.25	1687.50	1656.75	1620.50	1573.00	1548.00	1514.75	1468.00	1421.50	1394.25	1389.00	1389.75	1380.00	1139.75	1019.00	1010.75	963.25	908.25	857.25	835.00	797.75	829.50	786.00	723.00	715.00	689.00	695.00	705.50	709.25	723.75	716.25	739.25	867.25	1044.50	1117.00	1067.00	1087.75	972.50	877.50	846.00	561.00	482.50	439.75	369.25	297.25	234.25	237.25	314.25	338.75	386.75	335.50	257.50	282.00	279.75	168.50	65.50	12.25	18.25	33.00	68.25	157.25	172.00	179.50	194.25	202.50	198.50	174.25	141.50	132.25	105.75	94.50	90.50	73.00	84.25	91.50	88.75	80.75	79.50	67.50	45.25	41.50	72.00	102.50	113.25	113.50	106.25	79.25	98.75	98.00	87.00	56.75	33.25	38.75	49.00	71.75	93.50	121.75	206.75	325.00	432.50
566.25	605.50	705.50	705.00	709.75	713.00	713.25	695.00	692.50	697.50	664.75	628.75	667.25	681.25	686.75	710.00	723.50	734.50	751.00	798.25	862.25	915.75	980.25	917.75	898.50	920.25	956.00	990.50	1006.50	1005.00	1005.25	1003.50	1019.75	1025.25	1018.50	1023.25	1039.25	1088.00	1102.00	1100.00	1099.25	1100.50	1104.00	1110.50	1124.50	1143.50	1146.50	1151.00	1162.50	1185.25	1214.00	1242.75	1268.50	1291.00	1316.25	1330.75	1328.00	1334.00	1337.75	1345.25	1352.50	1358.50	1365.75	1369.00	1373.00	1372.50	1367.00	1352.00	1308.25	1293.25	1304.00	1317.50	1326.25	1334.00	1338.50	1340.00	1342.50	1345.00	1348.00	1352.00	1352.75	1357.25	1364.50	1368.25	1374.75	1384.50	1402.00	1409.50	1419.75	1429.00	1436.75	1445.75	1448.75	1455.50	1457.25	1460.00	1463.00	1463.75	1462.25	1455.75	1458.75	1461.00	1463.00	1464.50	1464.75	1462.75	1458.75	1458.25	1465.50	1478.00	1489.25	1504.25	1514.00	1517.75	1517.00	1515.25	1512.50	1502.50	1493.75	1491.00	1482.25	1470.25	1446.00	1428.00	1419.25	1429.00	1432.25	1418.00	1401.50	1442.50	1466.00	1493.25	1510.00	1532.25	1542.00	1550.25	1555.00	1552.50	1546.50	1547.00	1558.75	1573.25	1602.75	1629.25	1662.25	1685.00	1704.75	1720.00	1729.00	1743.75	1746.50	1750.00	1750.75	1746.00	1733.50	1721.25	1702.00	1686.50	1656.00	1617.50	1568.00	1544.50	1514.00	1472.25	1425.50	1392.00	1380.50	1361.00	1299.25	1057.25	1021.25	1042.00	996.00	918.50	869.75	885.50	807.00	818.25	787.00	722.50	713.00	660.00	629.25	625.50	691.50	704.00	703.25	703.75	716.00	793.75	784.50	729.75	768.50	675.25	553.25	493.75	444.50	430.75	447.25	420.50	280.00	183.25	198.75	265.75	289.75	320.25	283.00	219.75	271.75	294.75	196.00	95.25	54.25	75.75	134.50	207.25	327.75	342.75	391.25	429.00	449.00	419.75	433.25	337.00	273.75	202.00	153.75	119.00	84.50	97.50	103.25	105.75	85.25	78.50	72.50	69.75	123.00	206.50	300.00	323.75	299.00	289.25	211.50	122.50	113.00	76.25	43.75	13.50	14.25	19.25	40.50	56.75	69.00	101.75	152.75	204.75
566.00	608.00	711.00	685.50	688.50	693.50	690.50	676.50	694.00	684.00	648.00	622.50	681.00	698.00	689.00	707.50	707.50	730.00	744.50	784.00	837.00	874.50	969.00	906.00	879.50	902.00	942.00	981.00	1004.00	1003.00	1004.00	1001.00	1015.00	1021.50	1014.50	1016.50	1027.50	1082.00	1101.00	1099.50	1099.00	1099.00	1100.00	1099.00	1111.50	1137.00	1143.00	1147.00	1159.00	1184.00	1213.50	1240.00	1264.50	1289.50	1315.50	1326.00	1323.00	1328.50	1332.00	1339.50	1346.00	1352.50	1360.50	1364.50	1369.50	1369.50	1363.00	1347.00	1305.00	1290.00	1300.50	1313.50	1322.00	1329.50	1334.00	1335.00	1337.50	1339.50	1343.00	1347.00	1347.50	1352.50	1360.00	1364.00	1371.50	1380.50	1397.00	1404.00	1414.50	1424.00	1431.50	1440.50	1444.00	1451.00	1453.00	1456.00	1458.50	1459.00	1458.00	1452.00	1454.50	1456.50	1458.50	1460.50	1460.50	1458.00	1454.00	1454.00	1464.00	1478.50	1491.00	1506.00	1515.00	1519.00	1518.50	1517.50	1516.50	1509.50	1503.00	1501.50	1495.00	1483.50	1461.50	1443.00	1434.50	1445.50	1448.50	1435.50	1423.50	1458.50	1483.50	1512.00	1526.00	1541.50	1550.50	1559.00	1564.00	1560.50	1555.00	1555.00	1565.50	1579.00	1609.00	1634.50	1666.00	1688.50	1708.50	1724.00	1732.00	1747.00	1750.00	1753.50	1754.00	1748.50	1736.50	1722.00	1701.00	1685.50	1655.50	1616.00	1565.50	1542.50	1513.00	1473.00	1426.50	1390.00	1374.50	1342.00	1251.00	1053.50	1035.00	1060.50	1018.50	928.50	882.50	944.00	829.00	825.00	819.00	754.00	727.00	669.00	616.50	615.50	694.00	699.00	695.00	698.00	698.00	676.50	595.00	542.00	581.00	543.50	456.00	409.00	408.50	414.50	451.00	447.50	284.00	169.00	188.50	247.00	272.00	297.50	271.00	211.00	263.50	278.00	201.50	126.50	99.50	126.00	206.50	310.00	476.00	490.00	549.50	581.00	608.50	559.00	628.50	490.00	385.00	290.00	213.00	148.00	105.00	111.00	111.00	117.00	90.00	79.50	84.00	107.00	207.00	320.50	453.50	482.50	437.00	435.00	325.00	136.00	119.50	68.50	40.50	7.00	7.00	10.00	24.50	40.00	54.00	77.00	94.50	108.50
574.25	636.75	729.50	667.25	662.00	662.00	662.00	691.50	744.50	708.00	618.00	606.75	669.00	714.25	765.50	723.00	715.75	723.75	731.75	732.75	747.25	778.75	819.00	852.25	863.25	879.50	921.50	969.00	993.50	998.50	997.75	998.00	1008.00	1008.00	1002.25	996.75	995.25	1025.00	1078.25	1094.25	1091.75	1094.00	1091.25	1077.00	1074.75	1106.50	1131.00	1134.50	1153.50	1186.75	1210.00	1233.00	1260.75	1290.25	1310.75	1312.50	1308.50	1312.25	1314.25	1320.25	1325.50	1332.25	1341.25	1344.50	1351.00	1351.25	1342.25	1327.25	1293.00	1279.50	1289.00	1301.50	1308.75	1315.50	1319.00	1320.50	1321.75	1322.75	1326.25	1331.00	1332.25	1336.00	1341.75	1345.25	1356.75	1368.25	1381.50	1389.00	1398.75	1408.50	1416.00	1425.75	1430.75	1437.50	1439.50	1443.00	1445.25	1445.25	1444.50	1439.50	1441.00	1442.50	1446.00	1448.00	1447.00	1443.75	1442.25	1450.50	1467.75	1487.00	1499.50	1513.00	1520.00	1522.50	1523.25	1523.75	1524.75	1525.25	1525.25	1523.50	1521.50	1516.50	1503.00	1490.50	1487.75	1493.00	1495.25	1493.25	1497.25	1513.75	1526.75	1542.50	1554.75	1566.25	1575.00	1584.50	1589.00	1584.00	1579.75	1580.75	1589.50	1601.50	1627.50	1651.75	1681.25	1704.50	1723.00	1736.50	1743.00	1757.50	1760.75	1763.00	1764.00	1755.75	1743.00	1723.00	1697.25	1679.75	1650.75	1610.00	1554.75	1531.75	1504.75	1466.75	1429.50	1395.75	1360.75	1292.75	1221.50	1109.25	1105.25	1111.25	1063.50	1024.25	1183.50	1336.50	1276.75	1283.50	1431.50	1393.00	1286.00	1095.50	1043.50	979.50	901.25	783.75	706.75	670.25	665.50	627.75	598.00	503.50	428.00	396.00	345.00	351.00	415.75	423.50	473.25	536.75	526.50	461.75	425.50	346.25	321.25	317.00	285.25	263.75	295.25	299.00	297.75	338.00	469.00	615.50	581.25	749.25	870.00	1029.75	1028.25	1041.00	1080.25	999.25	1118.00	951.25	900.75	814.00	742.75	607.25	468.50	395.00	247.50	145.75	249.00	397.75	548.75	648.25	727.75	742.00	771.75	769.50	724.50	670.50	566.00	419.75	463.00	316.50	150.50	46.50	16.50	2.50	8.00	10.25	12.75	47.00	69.75	74.50
584.75	637.25	715.25	669.00	662.00	662.00	662.00	702.50	754.00	701.50	601.00	599.25	652.75	720.75	800.75	749.75	736.00	730.25	740.50	742.50	740.00	751.25	788.25	848.75	868.50	876.75	906.50	956.25	983.25	993.75	994.00	993.75	1000.00	998.25	996.00	992.00	984.50	990.25	1040.50	1082.75	1081.00	1086.75	1085.25	1075.75	1065.50	1092.00	1123.00	1126.25	1154.50	1195.00	1215.00	1234.75	1262.75	1292.75	1305.00	1303.50	1298.50	1301.00	1302.75	1307.50	1311.75	1319.00	1327.75	1330.00	1336.25	1335.75	1325.75	1312.25	1283.50	1272.00	1281.75	1293.00	1299.75	1305.25	1308.75	1310.25	1311.00	1311.25	1314.75	1320.00	1321.75	1325.00	1329.00	1332.00	1345.50	1358.75	1373.00	1379.50	1388.25	1398.25	1406.00	1416.75	1422.00	1428.50	1430.50	1435.00	1436.50	1436.00	1435.25	1431.50	1432.25	1433.75	1437.00	1439.25	1438.00	1434.75	1437.75	1453.25	1474.00	1494.00	1506.25	1518.25	1522.75	1524.50	1526.00	1528.25	1529.50	1531.75	1533.50	1532.50	1532.25	1531.25	1524.00	1519.00	1518.75	1520.00	1520.75	1525.50	1532.50	1542.50	1551.00	1565.00	1574.75	1582.75	1591.25	1600.25	1605.25	1599.50	1596.75	1598.00	1606.50	1618.00	1642.00	1662.75	1692.75	1716.75	1733.50	1746.00	1751.75	1764.75	1768.25	1770.00	1769.75	1761.25	1746.00	1723.75	1695.75	1677.25	1644.75	1604.75	1549.00	1524.00	1496.50	1464.00	1439.00	1409.75	1371.75	1280.00	1227.25	1155.00	1158.25	1160.00	1125.25	1171.50	1344.75	1485.25	1521.75	1491.25	1593.75	1608.25	1596.75	1441.75	1313.00	1168.50	982.00	784.50	704.75	670.00	648.25	617.50	607.00	513.00	416.25	377.00	339.50	380.25	461.50	488.75	541.75	706.75	910.00	963.50	897.75	702.50	508.50	368.00	317.50	319.00	354.75	371.25	413.50	611.00	800.75	888.00	775.25	855.75	1110.50	1254.25	1269.00	1259.25	1249.25	1202.00	1242.75	1181.50	1162.00	1125.25	1021.25	931.50	769.50	632.00	417.00	212.50	338.25	589.25	827.25	883.50	878.75	899.25	892.25	860.00	797.75	737.25	630.75	490.25	678.75	683.00	480.75	247.75	82.75	28.75	16.00	3.50	15.00	51.25	65.25	62.50
607.00	635.75	678.75	671.00	662.00	662.00	662.75	708.50	727.50	675.50	585.00	587.25	666.75	741.50	794.00	766.50	768.50	743.25	766.00	815.25	807.25	789.50	820.50	864.25	880.75	885.75	900.00	936.75	971.00	986.25	988.50	986.50	989.50	988.75	990.50	987.50	980.00	985.75	1011.00	1063.00	1070.50	1078.00	1076.25	1070.50	1062.25	1084.75	1114.50	1118.50	1156.50	1204.75	1223.25	1241.00	1267.50	1293.00	1296.00	1293.75	1288.25	1289.75	1291.00	1294.50	1298.00	1305.75	1314.00	1315.50	1320.25	1318.25	1308.00	1296.50	1273.25	1264.50	1275.50	1284.25	1290.00	1295.00	1298.00	1299.75	1299.75	1300.00	1303.25	1309.00	1311.25	1313.50	1315.75	1319.00	1332.75	1346.00	1364.75	1371.75	1379.00	1388.00	1396.00	1408.00	1413.50	1419.75	1421.75	1426.75	1428.00	1427.00	1426.00	1423.00	1423.75	1425.00	1428.50	1430.50	1429.50	1427.00	1436.50	1458.25	1481.25	1501.25	1512.50	1522.50	1525.25	1527.00	1529.25	1533.25	1535.00	1537.25	1539.75	1539.75	1541.00	1542.25	1539.75	1539.00	1540.00	1541.25	1537.50	1548.75	1558.25	1566.25	1574.25	1588.25	1595.50	1599.25	1607.25	1615.25	1620.00	1614.50	1614.00	1615.50	1623.75	1635.00	1657.00	1675.00	1706.25	1729.75	1745.00	1756.00	1761.50	1772.25	1775.50	1777.00	1775.25	1767.00	1749.50	1725.75	1695.25	1675.25	1638.50	1600.00	1546.00	1520.25	1493.75	1472.00	1454.75	1423.25	1378.25	1283.25	1239.50	1206.50	1214.00	1226.00	1237.00	1317.00	1439.25	1543.75	1586.75	1578.00	1605.00	1598.75	1635.50	1543.50	1239.25	947.25	798.25	708.75	693.75	683.50	655.75	621.25	613.00	548.50	459.25	428.50	424.75	487.50	624.25	713.00	767.50	924.25	1186.25	1238.50	1179.25	1008.50	716.75	419.25	363.00	394.00	484.25	556.75	619.75	878.75	1105.50	1106.00	964.50	995.00	1240.75	1340.00	1354.50	1346.00	1271.50	1233.50	1222.50	1230.50	1241.25	1254.75	1179.00	1101.00	945.00	745.50	560.50	337.50	323.00	571.00	841.75	895.75	943.50	1020.00	992.50	926.75	853.50	771.50	689.75	523.00	726.75	863.25	796.50	580.75	314.50	138.00	51.25	20.00	46.25	77.50	72.75	58.00
649.75	671.25	664.25	666.00	663.50	663.50	674.00	721.75	689.25	642.50	575.25	582.75	693.00	756.75	757.75	777.75	780.50	754.00	807.50	899.00	904.50	880.50	893.75	889.25	899.50	906.50	913.00	926.00	958.00	975.50	981.25	979.25	980.75	981.75	985.25	983.25	978.75	987.25	998.25	1039.75	1058.00	1068.25	1066.50	1060.00	1054.00	1078.75	1105.50	1111.25	1157.00	1214.25	1232.00	1249.75	1272.75	1288.00	1285.50	1283.25	1277.75	1278.25	1279.00	1281.25	1284.00	1292.50	1299.75	1301.00	1302.50	1298.75	1289.75	1280.25	1262.50	1257.75	1268.50	1275.50	1280.25	1284.75	1287.00	1289.25	1288.50	1288.75	1292.00	1298.00	1300.50	1301.75	1302.50	1306.00	1319.00	1331.50	1353.50	1362.75	1370.50	1378.75	1386.50	1399.50	1405.25	1411.25	1413.50	1418.50	1419.75	1418.00	1416.50	1414.50	1415.25	1416.50	1420.25	1422.00	1421.75	1421.25	1437.50	1464.00	1488.25	1508.00	1517.75	1525.25	1527.75	1530.00	1533.00	1537.75	1540.50	1542.75	1545.50	1546.25	1548.25	1551.50	1553.25	1552.75	1554.50	1557.75	1550.00	1566.25	1579.50	1587.50	1595.25	1609.50	1615.75	1616.25	1623.25	1630.50	1634.25	1629.75	1631.00	1632.75	1641.25	1652.00	1670.00	1689.25	1721.50	1743.25	1757.25	1766.25	1771.50	1780.00	1783.00	1784.00	1780.75	1772.50	1753.75	1728.75	1696.50	1673.00	1634.25	1598.25	1547.75	1522.75	1501.75	1488.50	1472.25	1434.75	1378.00	1298.50	1265.25	1254.50	1272.75	1304.75	1348.50	1410.00	1477.25	1543.50	1580.75	1585.25	1587.75	1564.00	1581.25	1438.50	1003.75	763.50	736.00	710.00	690.75	701.75	688.00	655.00	662.75	638.75	598.25	597.00	651.50	690.50	886.00	1026.50	1057.00	1109.75	1171.25	1086.25	1023.25	906.25	710.75	450.75	412.25	497.00	682.75	813.00	873.00	1101.00	1337.00	1314.50	1193.75	1221.75	1368.75	1394.25	1380.25	1364.25	1258.75	1227.75	1183.00	1191.25	1190.50	1239.75	1198.25	1097.50	982.25	814.50	671.25	443.50	328.75	553.25	816.00	900.75	997.75	1091.00	1055.00	978.75	912.75	800.75	754.25	592.75	734.50	877.75	891.75	797.00	596.25	391.00	187.75	107.00	96.25	107.25	87.25	65.00
683.75	740.50	706.75	668.50	669.00	666.75	695.25	740.50	690.50	628.75	568.00	590.75	708.25	730.00	718.25	771.75	748.25	747.50	815.50	888.75	921.50	938.25	958.75	911.75	912.50	920.00	924.75	927.50	950.25	965.75	973.25	974.00	976.00	977.50	980.50	981.75	979.75	986.25	992.25	1021.75	1044.00	1057.75	1057.75	1052.25	1047.25	1073.00	1097.00	1103.00	1153.50	1220.00	1237.00	1254.50	1272.50	1278.75	1274.50	1272.00	1267.00	1266.50	1267.00	1268.00	1270.00	1279.25	1285.00	1286.25	1283.25	1278.00	1271.25	1264.00	1251.50	1251.25	1260.25	1266.50	1270.75	1274.00	1276.00	1278.50	1277.75	1277.75	1281.25	1287.00	1289.25	1290.25	1289.50	1293.00	1305.25	1317.00	1339.50	1349.75	1359.75	1370.75	1378.25	1391.25	1396.75	1403.00	1405.25	1410.50	1411.25	1409.00	1407.00	1406.25	1406.75	1408.25	1412.00	1414.25	1414.75	1418.00	1440.00	1469.75	1494.75	1513.75	1521.75	1528.00	1530.75	1533.50	1537.00	1542.25	1545.75	1548.00	1551.00	1552.75	1554.25	1559.25	1564.25	1565.25	1567.50	1571.75	1563.00	1578.75	1596.50	1606.00	1613.75	1628.50	1634.00	1633.75	1639.75	1646.25	1649.00	1645.50	1647.25	1649.00	1658.00	1666.75	1683.00	1707.00	1738.25	1757.25	1769.75	1777.25	1781.75	1788.00	1790.50	1791.00	1786.50	1778.00	1758.75	1733.50	1699.50	1673.25	1635.50	1601.50	1553.75	1529.50	1514.25	1506.25	1490.25	1453.00	1396.25	1328.75	1305.00	1306.25	1329.75	1368.25	1412.50	1453.00	1487.75	1531.75	1561.00	1570.00	1575.00	1551.25	1463.50	1194.75	821.75	755.50	759.00	709.75	698.25	728.00	758.25	821.25	860.25	950.75	936.75	993.25	1077.00	1071.00	1089.50	1183.50	1179.75	1145.25	1059.00	899.25	822.00	720.25	635.50	474.00	453.25	620.00	899.25	1052.50	1119.00	1265.00	1414.25	1393.75	1375.25	1402.25	1476.00	1422.50	1374.50	1339.75	1256.75	1252.25	1174.50	1139.25	1126.25	1140.50	1130.50	1027.75	935.25	828.50	672.25	441.00	381.75	623.25	847.75	929.75	1023.00	1105.00	1107.50	1052.50	994.25	853.75	808.50	651.00	741.75	879.75	924.25	874.25	770.75	636.75	419.00	257.75	160.25	122.25	102.50	79.50
703.25	764.75	743.25	685.75	686.75	696.50	733.75	750.25	698.25	637.00	564.50	601.25	699.25	689.00	693.75	739.00	711.00	724.00	763.00	807.50	842.75	907.00	945.50	914.75	917.25	922.50	926.50	929.50	950.75	960.75	968.75	970.75	972.25	974.25	978.50	982.75	983.00	985.50	991.50	1012.50	1033.50	1047.50	1048.00	1045.25	1041.50	1066.00	1088.50	1093.25	1143.50	1214.00	1232.25	1250.00	1265.25	1268.75	1263.50	1259.75	1256.00	1254.25	1255.00	1255.00	1256.25	1265.75	1270.25	1271.50	1263.75	1257.25	1252.75	1248.00	1241.00	1244.50	1252.00	1257.75	1261.25	1263.75	1265.50	1268.25	1267.50	1267.25	1270.50	1276.00	1278.00	1278.75	1277.25	1280.50	1291.50	1302.50	1324.25	1334.50	1346.50	1361.50	1370.75	1382.75	1388.25	1394.75	1397.00	1402.50	1402.75	1400.25	1398.00	1397.75	1398.25	1400.00	1404.25	1407.00	1409.50	1417.00	1442.50	1474.75	1501.00	1518.50	1525.00	1531.00	1534.50	1537.50	1541.00	1546.75	1550.75	1553.00	1556.25	1558.75	1559.75	1566.25	1573.50	1577.25	1580.75	1584.50	1578.75	1586.50	1610.25	1622.25	1630.50	1645.00	1650.00	1651.00	1656.00	1661.25	1662.75	1661.50	1662.50	1664.50	1672.50	1680.75	1702.25	1728.25	1756.25	1771.75	1782.25	1789.00	1792.50	1796.00	1797.75	1797.75	1792.50	1784.25	1765.00	1740.25	1704.50	1676.75	1642.00	1608.50	1562.25	1539.50	1525.75	1520.50	1508.00	1480.25	1436.00	1376.75	1359.50	1366.00	1382.50	1410.00	1442.00	1464.50	1478.00	1503.75	1526.75	1547.50	1560.25	1543.75	1370.25	999.00	761.75	759.25	761.25	730.00	715.25	768.75	881.25	1071.25	1129.50	1292.25	1320.50	1393.00	1421.75	1392.75	1218.25	1231.75	1210.00	1106.00	987.00	852.75	796.75	758.00	755.00	516.50	493.50	692.50	922.75	1073.50	1222.25	1308.00	1370.25	1376.50	1440.00	1502.25	1521.00	1437.75	1361.25	1312.75	1301.50	1307.00	1195.50	1104.50	1072.25	1005.25	995.00	926.25	849.75	730.25	547.75	396.50	473.00	637.75	821.50	907.75	1003.75	1096.25	1164.50	1135.00	1066.25	905.00	843.50	684.75	741.00	872.25	932.25	921.50	849.00	706.75	542.75	440.50	353.25	239.00	170.50	132.50
706.75	742.00	724.25	701.00	710.50	762.00	798.50	741.25	657.50	611.00	566.00	604.75	665.25	662.00	670.00	697.50	703.50	726.00	739.75	756.75	775.75	828.50	886.75	905.25	916.00	920.25	922.25	925.75	952.25	958.50	966.00	968.25	969.50	972.75	978.00	983.00	987.50	989.50	994.25	1008.50	1024.50	1036.25	1037.25	1037.25	1036.00	1059.50	1079.75	1082.50	1126.00	1195.50	1220.00	1242.50	1256.50	1259.50	1252.25	1247.00	1244.75	1242.00	1242.75	1242.00	1243.00	1252.00	1255.75	1256.50	1244.50	1238.25	1235.25	1233.00	1231.50	1237.50	1244.25	1249.00	1251.75	1254.25	1255.50	1258.50	1257.50	1257.00	1260.00	1264.75	1267.00	1267.50	1265.75	1268.50	1277.50	1288.25	1308.50	1318.50	1332.00	1348.75	1361.50	1374.75	1379.50	1386.25	1389.00	1394.50	1394.50	1392.00	1389.50	1389.25	1390.00	1392.25	1397.25	1400.25	1406.25	1417.00	1444.75	1479.25	1506.50	1522.00	1527.75	1534.25	1538.25	1541.75	1545.50	1551.25	1555.25	1558.25	1561.75	1564.00	1565.25	1572.50	1581.75	1587.75	1592.75	1596.25	1595.00	1593.00	1621.75	1636.25	1645.00	1658.50	1663.25	1666.50	1670.25	1674.00	1674.75	1675.75	1677.25	1679.75	1689.50	1701.75	1727.25	1751.00	1774.25	1786.25	1795.00	1800.50	1802.75	1804.25	1805.50	1804.00	1798.75	1791.00	1772.50	1748.25	1712.00	1683.00	1649.75	1616.75	1573.50	1552.75	1537.50	1532.00	1523.50	1509.25	1487.00	1447.50	1435.75	1437.50	1438.25	1447.75	1459.75	1462.25	1453.75	1454.50	1472.75	1515.25	1531.25	1522.00	1305.75	888.25	747.00	755.50	782.75	798.75	747.00	813.50	990.25	1206.00	1283.00	1414.25	1512.25	1552.75	1515.75	1466.50	1293.75	1279.75	1230.75	1089.50	1006.00	982.50	987.50	971.50	940.75	569.50	540.75	726.25	794.00	910.50	1102.25	1244.50	1297.75	1348.25	1441.25	1518.50	1522.00	1455.25	1369.25	1334.00	1376.50	1377.75	1245.50	1114.50	1037.50	921.50	876.00	812.75	744.50	607.75	457.00	469.00	640.00	674.25	783.00	892.50	986.00	1091.75	1203.75	1186.00	1086.50	936.00	865.50	725.75	729.00	859.75	925.75	941.50	855.75	690.00	645.00	639.25	587.00	470.75	360.00	287.25
688.25	707.25	688.25	704.25	727.50	791.25	812.50	723.25	630.50	581.50	563.00	592.25	627.75	652.25	678.75	707.25	735.75	761.75	766.75	761.25	774.00	795.50	855.75	900.50	912.00	917.00	917.25	919.00	950.50	956.25	961.50	962.00	966.00	971.00	976.50	983.00	990.25	993.00	996.00	1006.50	1015.00	1023.75	1028.00	1029.50	1030.50	1053.75	1070.50	1070.00	1102.75	1170.25	1207.25	1236.75	1248.00	1250.50	1240.50	1232.75	1232.75	1230.00	1230.75	1229.75	1230.50	1238.75	1241.50	1241.50	1228.25	1223.50	1220.50	1220.50	1224.00	1230.50	1236.75	1240.50	1242.75	1244.75	1246.00	1248.50	1247.75	1247.25	1250.00	1253.50	1255.75	1256.50	1254.50	1256.75	1263.75	1274.50	1292.25	1302.75	1317.00	1334.00	1349.25	1366.25	1371.25	1377.75	1381.00	1385.50	1386.00	1383.50	1381.25	1381.25	1382.25	1385.00	1391.00	1394.75	1404.50	1417.00	1446.25	1482.50	1510.75	1525.00	1530.00	1537.00	1541.75	1546.25	1550.00	1555.75	1560.00	1563.50	1567.00	1569.25	1570.75	1578.25	1588.75	1596.50	1602.75	1607.25	1606.75	1601.00	1631.50	1647.50	1657.00	1668.75	1672.50	1677.50	1681.50	1683.75	1685.75	1687.75	1692.25	1698.00	1713.75	1730.00	1754.25	1773.25	1791.50	1800.50	1807.50	1811.00	1812.00	1812.75	1813.00	1810.00	1805.50	1798.50	1780.50	1757.25	1721.50	1691.00	1656.75	1625.25	1587.50	1568.25	1552.00	1545.00	1539.00	1533.50	1531.25	1517.75	1512.25	1504.50	1490.25	1481.00	1472.50	1454.75	1424.00	1397.50	1400.75	1453.00	1476.00	1472.50	1225.00	823.75	730.25	758.50	821.50	928.00	793.50	840.75	1011.50	1217.75	1326.25	1441.00	1550.75	1582.50	1541.75	1496.25	1340.50	1318.50	1255.50	1147.00	1160.25	1220.75	1238.25	1143.75	983.00	603.50	589.75	851.25	870.00	858.50	951.00	1145.00	1252.00	1327.25	1434.50	1512.75	1518.00	1486.00	1427.75	1414.50	1453.00	1452.50	1335.75	1168.00	1058.50	929.50	874.50	741.50	642.00	548.75	516.25	616.75	791.00	776.00	762.75	881.25	978.75	1084.75	1216.75	1201.00	1088.25	955.75	877.25	754.75	745.00	853.75	911.75	923.50	821.00	736.00	817.50	813.25	729.50	658.75	585.75	513.00
675.50	674.25	665.25	697.00	721.25	765.25	759.75	700.00	632.75	572.50	565.25	578.75	626.75	668.75	713.00	742.25	769.00	787.50	790.50	789.00	802.00	817.75	856.75	897.75	907.50	913.50	913.75	912.00	945.25	952.75	955.50	951.75	956.50	964.25	973.75	982.00	989.50	992.25	997.50	1004.00	1008.25	1013.75	1019.50	1022.00	1024.75	1044.25	1055.50	1050.75	1083.75	1141.50	1194.00	1228.25	1239.00	1242.00	1228.50	1216.25	1221.00	1218.50	1219.75	1219.25	1220.00	1227.25	1228.50	1227.50	1217.50	1212.25	1208.50	1209.50	1217.75	1223.75	1229.25	1232.50	1234.00	1235.25	1236.50	1238.50	1238.50	1238.25	1240.00	1242.50	1244.50	1245.50	1243.50	1245.25	1250.50	1260.75	1275.75	1287.00	1302.00	1318.75	1334.50	1354.00	1360.00	1367.50	1371.00	1373.75	1374.75	1373.50	1372.75	1374.25	1375.50	1378.50	1385.75	1391.00	1403.50	1417.00	1446.50	1483.75	1513.50	1527.50	1532.00	1539.25	1545.25	1550.75	1554.50	1560.25	1565.00	1568.25	1572.25	1574.75	1576.25	1583.25	1595.25	1603.75	1611.50	1617.25	1614.75	1611.50	1639.75	1656.75	1666.25	1675.25	1678.50	1685.00	1690.50	1692.00	1695.50	1699.75	1708.50	1719.50	1742.00	1760.00	1780.50	1794.00	1807.25	1813.75	1818.25	1820.50	1820.75	1821.00	1820.00	1816.50	1812.50	1806.25	1789.25	1767.00	1732.00	1700.25	1664.00	1635.00	1602.75	1584.75	1568.75	1560.00	1556.75	1554.75	1559.00	1562.25	1562.50	1544.25	1521.00	1504.00	1481.25	1445.50	1398.00	1347.75	1329.00	1367.75	1367.00	1349.75	1131.00	812.50	735.25	767.50	854.75	1077.00	871.25	851.75	978.00	1199.25	1329.00	1449.75	1546.00	1582.00	1557.75	1535.00	1416.75	1380.75	1328.50	1289.75	1335.00	1376.75	1378.00	1206.25	962.50	623.75	642.75	1001.00	1109.75	1000.25	962.25	1097.50	1247.75	1333.25	1451.75	1522.50	1530.25	1527.75	1520.50	1521.75	1525.25	1514.75	1435.00	1253.75	1128.00	989.25	914.75	725.00	613.50	615.75	635.50	708.75	876.75	862.25	771.00	839.00	945.50	1040.25	1193.75	1206.75	1112.00	977.00	882.50	771.50	807.75	870.50	893.75	868.00	808.50	843.50	917.00	921.75	839.25	768.25	733.50	692.25
683.50	657.00	652.25	680.75	704.25	755.00	732.00	665.25	611.50	563.00	574.25	582.50	657.25	696.50	730.75	755.50	783.25	801.75	807.25	810.50	819.25	836.50	863.25	894.00	903.25	910.50	910.50	905.50	935.00	946.25	948.75	943.50	944.00	951.50	966.50	979.00	986.25	990.50	997.00	1001.50	1004.25	1006.75	1010.25	1012.00	1009.75	1019.50	1030.75	1025.50	1076.75	1111.75	1170.00	1207.25	1228.75	1235.00	1216.75	1196.75	1206.25	1204.25	1207.00	1208.75	1211.00	1217.75	1218.25	1215.75	1209.25	1202.00	1198.25	1199.50	1211.00	1218.25	1222.25	1224.75	1225.50	1226.25	1226.75	1228.75	1229.50	1229.50	1230.25	1231.75	1233.75	1234.50	1233.00	1233.75	1237.50	1246.75	1259.75	1272.25	1287.75	1303.75	1318.50	1337.00	1343.00	1352.00	1354.75	1356.75	1358.50	1361.50	1364.00	1367.25	1370.25	1373.50	1381.75	1388.25	1402.50	1416.50	1445.75	1483.00	1514.00	1528.50	1533.75	1541.00	1548.25	1554.75	1559.00	1564.75	1569.75	1573.00	1577.50	1580.00	1581.75	1587.75	1601.00	1610.00	1618.75	1625.50	1623.50	1623.25	1646.75	1664.25	1672.50	1679.75	1684.00	1692.00	1697.75	1699.75	1705.25	1713.50	1725.75	1740.75	1770.50	1788.75	1804.00	1812.00	1820.25	1824.75	1826.75	1828.50	1828.50	1827.75	1826.25	1823.25	1819.50	1814.00	1798.75	1777.50	1743.25	1711.75	1673.25	1647.25	1618.25	1601.25	1586.00	1576.00	1574.50	1575.50	1579.00	1588.25	1589.50	1563.25	1534.50	1517.50	1486.25	1439.25	1386.50	1316.75	1260.75	1274.75	1243.75	1169.75	1015.00	816.25	758.00	784.25	899.25	1165.75	976.50	864.50	967.00	1175.25	1335.75	1467.50	1552.25	1587.75	1575.25	1564.50	1511.75	1490.50	1456.00	1431.00	1421.00	1423.00	1425.00	1239.25	961.75	649.25	687.50	1070.50	1249.75	1182.25	1069.00	1121.25	1261.50	1351.50	1471.75	1533.75	1558.50	1569.25	1590.75	1599.50	1578.25	1546.75	1502.75	1348.75	1214.75	1030.50	891.50	710.75	678.75	731.50	722.75	756.50	950.00	950.25	825.25	816.50	913.50	990.25	1156.50	1209.00	1125.75	974.00	871.50	826.00	886.00	900.00	879.75	857.25	868.50	905.75	918.50	929.75	884.50	815.50	792.00	739.25
707.25	666.25	646.75	671.25	698.50	756.25	750.50	661.25	575.00	548.25	577.50	599.75	693.50	714.75	741.75	769.50	794.00	810.50	816.25	821.25	827.75	846.00	864.50	885.50	897.50	907.25	909.00	901.25	923.00	937.25	943.00	939.00	935.25	938.25	954.00	973.50	981.00	986.75	993.00	999.00	1000.75	1001.25	1002.00	997.75	977.25	973.50	1000.25	1003.25	1069.00	1083.25	1132.50	1169.50	1212.00	1226.00	1203.50	1173.75	1185.50	1186.50	1191.75	1197.50	1202.00	1208.25	1208.50	1205.50	1200.50	1192.50	1189.25	1190.50	1203.25	1212.25	1215.75	1218.00	1218.25	1218.25	1218.00	1220.00	1221.00	1221.00	1221.25	1222.25	1223.75	1223.75	1222.25	1222.00	1225.25	1232.25	1244.75	1259.75	1274.50	1289.50	1302.50	1318.00	1323.75	1332.00	1333.25	1335.50	1339.75	1348.25	1354.25	1359.00	1364.75	1369.75	1378.75	1386.25	1401.50	1415.00	1443.75	1480.00	1511.75	1528.25	1534.50	1541.25	1549.50	1557.50	1562.25	1568.75	1574.00	1578.00	1582.50	1585.00	1587.75	1592.75	1605.75	1615.50	1624.75	1632.25	1634.50	1633.25	1651.75	1670.00	1676.75	1684.25	1689.50	1698.00	1703.75	1706.50	1715.25	1728.50	1743.50	1760.75	1796.00	1812.75	1822.50	1825.75	1830.50	1833.25	1834.25	1835.50	1835.50	1833.00	1831.25	1828.50	1825.75	1821.50	1808.00	1788.25	1754.75	1724.00	1684.25	1660.75	1633.75	1617.75	1603.50	1592.75	1591.00	1594.25	1597.50	1603.25	1600.25	1571.25	1544.00	1526.50	1491.00	1444.75	1399.00	1323.25	1204.75	1183.50	1178.00	1142.25	991.50	825.75	787.25	805.25	920.00	1170.75	1051.50	895.25	1026.00	1189.75	1361.50	1490.50	1566.25	1599.50	1595.50	1592.00	1578.75	1569.75	1533.50	1494.25	1444.25	1422.00	1415.50	1271.25	943.75	691.00	734.00	1135.50	1308.00	1289.25	1188.50	1177.25	1269.75	1351.75	1463.50	1524.50	1581.50	1604.00	1629.75	1638.25	1607.50	1560.25	1532.50	1359.25	1255.50	992.50	795.50	707.00	780.75	825.50	801.00	800.25	1004.50	1032.00	890.50	834.25	928.75	1017.25	1173.50	1210.50	1113.25	939.75	848.00	903.50	954.00	929.25	888.25	901.25	918.75	908.50	861.50	855.75	841.75	803.75	774.75	693.50
733.00	657.00	647.50	677.50	683.50	714.50	722.50	648.50	557.00	540.50	597.00	653.00	693.00	676.50	733.50	776.50	798.00	813.50	822.50	833.50	840.50	853.00	859.50	870.00	886.00	897.50	899.00	894.50	913.50	929.50	934.00	932.00	929.00	926.50	935.00	951.50	962.00	975.50	983.00	992.00	994.00	994.50	993.50	976.00	937.50	904.00	954.50	974.50	1018.50	1038.00	1070.50	1101.00	1162.00	1182.50	1161.00	1136.00	1149.50	1159.50	1171.00	1182.50	1188.50	1193.00	1192.50	1190.50	1186.00	1179.00	1176.00	1178.00	1189.50	1199.00	1204.50	1208.50	1209.00	1208.50	1207.00	1208.00	1208.00	1209.00	1209.00	1208.50	1209.00	1207.00	1202.00	1201.00	1207.50	1212.50	1226.50	1244.50	1256.50	1269.50	1279.00	1290.50	1296.00	1303.50	1305.00	1310.00	1319.00	1331.00	1339.50	1348.00	1356.50	1365.00	1376.00	1385.00	1400.00	1412.50	1439.00	1472.50	1504.00	1525.50	1532.50	1538.50	1547.00	1556.00	1562.50	1568.50	1577.00	1585.00	1589.50	1592.50	1596.00	1600.00	1612.50	1623.00	1632.00	1639.50	1647.00	1645.00	1654.50	1675.50	1681.50	1690.50	1696.50	1705.50	1711.00	1715.00	1728.50	1749.50	1768.50	1787.00	1824.00	1832.50	1841.00	1842.00	1844.50	1845.50	1845.50	1846.00	1845.50	1840.50	1838.50	1835.00	1832.00	1829.00	1821.00	1804.00	1772.50	1743.00	1706.50	1680.00	1656.00	1642.00	1630.50	1618.00	1614.00	1617.00	1620.50	1616.00	1604.50	1575.00	1557.50	1536.50	1510.00	1475.50	1441.00	1380.50	1212.00	1128.50	1027.00	1040.50	975.50	857.50	834.50	841.50	970.50	1139.00	1036.50	991.00	1198.50	1290.50	1406.00	1518.50	1581.00	1617.50	1628.00	1627.00	1615.50	1560.50	1497.00	1461.00	1409.00	1415.50	1390.50	1285.00	923.00	770.50	852.00	1294.00	1392.50	1383.50	1342.00	1297.00	1297.50	1343.00	1448.50	1505.00	1583.50	1638.50	1667.00	1664.00	1618.00	1573.00	1510.50	1166.00	1105.50	804.50	710.00	771.00	916.50	981.50	899.00	874.00	984.00	1079.50	983.00	893.50	963.00	1099.50	1227.50	1203.00	1071.00	885.50	871.50	995.00	1030.00	987.00	939.00	930.00	935.50	940.50	828.50	788.00	751.50	725.00	668.50	614.50
731.75	648.75	644.75	701.50	711.00	703.50	684.00	617.00	548.50	550.75	602.25	648.50	653.75	657.25	729.50	777.25	800.50	815.75	825.25	834.50	841.00	852.00	858.00	866.00	881.75	893.50	893.75	889.50	911.00	926.00	931.50	929.50	927.00	923.75	930.50	943.25	952.75	969.75	979.50	989.50	991.75	991.75	989.50	967.75	921.00	893.00	939.75	960.50	992.75	1019.00	1052.00	1083.25	1145.50	1157.50	1138.75	1124.50	1137.25	1151.75	1165.75	1178.00	1184.00	1188.50	1187.75	1185.75	1180.75	1174.50	1171.50	1173.25	1185.00	1194.25	1200.50	1205.00	1205.75	1205.25	1203.50	1203.50	1203.50	1204.75	1204.75	1204.25	1204.00	1200.25	1194.50	1194.00	1201.25	1208.25	1224.50	1240.25	1251.25	1263.75	1272.00	1283.50	1289.25	1297.50	1301.00	1310.75	1320.25	1330.75	1339.75	1348.75	1357.75	1366.00	1376.50	1385.00	1399.50	1411.75	1437.25	1469.00	1499.75	1522.75	1530.50	1537.00	1545.25	1554.25	1560.25	1566.50	1575.25	1585.25	1591.50	1594.75	1598.50	1602.50	1614.25	1624.75	1633.75	1641.50	1648.75	1650.00	1655.25	1676.00	1682.50	1692.00	1698.00	1707.00	1712.50	1716.75	1732.00	1755.25	1775.00	1793.50	1827.75	1836.00	1845.00	1846.50	1849.00	1850.00	1849.00	1849.00	1848.25	1843.00	1841.00	1837.25	1834.25	1830.75	1824.25	1809.00	1779.00	1750.50	1716.25	1687.00	1662.75	1650.50	1638.75	1626.50	1621.00	1623.00	1625.75	1618.50	1606.00	1577.75	1562.25	1540.75	1517.25	1488.00	1451.25	1374.75	1226.75	1145.75	1071.00	1047.00	967.00	873.00	854.00	856.25	973.75	1163.25	1036.00	1015.00	1223.25	1308.00	1413.00	1523.50	1584.50	1623.00	1637.75	1636.75	1618.00	1554.75	1479.25	1426.50	1352.00	1379.25	1316.00	1194.25	904.25	799.00	907.00	1322.25	1400.50	1403.25	1380.50	1334.75	1324.75	1363.00	1470.00	1515.00	1582.50	1642.75	1671.00	1664.50	1605.75	1535.75	1444.50	1130.00	1035.25	783.00	727.00	819.50	980.00	1023.50	925.50	895.50	983.75	1072.75	1014.00	916.00	956.50	1082.50	1212.25	1189.75	1060.25	877.75	903.00	1022.50	1048.25	1009.25	950.50	945.50	979.25	989.75	850.25	789.00	752.75	743.25	672.75	619.25
709.00	628.00	627.50	721.50	792.00	750.50	662.00	571.50	529.50	558.00	595.00	591.00	595.00	654.50	769.50	779.50	788.50	816.00	831.50	840.00	844.00	850.00	854.00	856.00	866.00	882.00	883.00	876.50	900.50	909.00	917.50	922.00	918.50	915.50	925.00	930.50	934.00	952.00	970.00	982.00	984.50	982.50	972.00	919.50	837.50	859.00	902.50	920.00	926.00	961.50	998.00	1050.00	1125.00	1088.50	1079.00	1090.50	1104.50	1131.00	1150.50	1165.00	1171.00	1175.00	1174.00	1171.00	1165.50	1160.00	1157.00	1159.00	1171.50	1180.00	1188.50	1194.00	1195.00	1194.00	1192.00	1190.00	1190.00	1191.50	1192.00	1191.00	1189.50	1181.00	1175.00	1180.00	1199.50	1211.50	1222.50	1231.00	1240.00	1250.00	1258.50	1272.00	1280.00	1293.00	1303.00	1323.00	1333.00	1340.50	1350.00	1358.00	1364.50	1370.50	1379.00	1386.00	1398.50	1409.00	1431.00	1458.00	1485.50	1512.00	1524.00	1532.00	1540.00	1547.50	1553.50	1559.50	1569.50	1583.50	1595.50	1600.00	1605.50	1609.50	1620.00	1629.50	1638.50	1645.50	1653.00	1660.00	1665.50	1677.50	1684.00	1695.00	1701.50	1711.50	1717.00	1721.00	1742.00	1771.50	1792.50	1809.00	1833.50	1843.00	1854.50	1858.50	1861.00	1861.50	1859.00	1857.50	1855.50	1850.50	1848.50	1844.00	1841.50	1836.50	1834.50	1823.50	1799.50	1776.50	1747.50	1713.00	1681.00	1672.50	1663.00	1651.50	1642.00	1640.00	1639.50	1626.50	1612.50	1589.00	1576.50	1556.00	1535.00	1520.00	1487.00	1349.00	1285.00	1240.50	1306.50	1197.00	976.00	948.00	920.50	904.00	1045.00	1234.00	1139.00	1088.50	1218.00	1335.00	1432.50	1529.50	1593.50	1640.00	1663.50	1662.50	1635.00	1568.00	1472.00	1333.50	1199.50	1127.00	1036.50	986.00	924.50	887.00	979.00	1268.00	1404.00	1440.00	1477.00	1450.50	1422.00	1460.50	1525.50	1540.50	1584.50	1647.50	1665.50	1645.00	1524.00	1303.50	1150.00	943.00	860.50	774.00	800.00	982.00	1155.50	1116.00	1014.00	965.00	1050.50	1131.00	1106.00	987.00	970.00	1031.00	1147.00	1131.50	1014.50	885.50	977.00	1095.50	1088.50	1039.00	976.00	1003.50	1075.50	1088.00	910.50	800.00	746.50	764.50	699.50	641.50
698.75	618.00	623.00	705.75	795.50	771.25	670.00	578.50	527.00	545.75	565.25	567.75	597.00	654.25	751.75	771.00	784.75	806.75	827.25	837.25	843.50	848.50	853.00	856.50	863.75	877.75	879.25	874.25	899.50	906.75	913.75	918.50	915.50	914.25	924.75	929.00	930.25	945.75	965.50	977.50	978.00	971.25	954.50	896.25	828.50	857.00	898.25	907.25	914.25	945.00	982.50	1038.00	1105.50	1072.50	1068.25	1081.25	1096.50	1126.00	1146.25	1160.75	1166.50	1170.50	1169.50	1166.25	1160.75	1155.00	1152.50	1154.50	1166.50	1175.50	1184.25	1190.00	1191.00	1189.75	1187.50	1186.00	1185.50	1187.00	1187.00	1186.00	1184.25	1176.00	1172.50	1183.00	1206.25	1215.75	1225.50	1233.50	1242.75	1253.25	1263.00	1276.75	1286.25	1299.50	1310.00	1329.75	1338.75	1346.50	1355.75	1362.25	1367.50	1372.00	1380.25	1387.00	1398.75	1408.75	1428.75	1454.25	1480.50	1507.00	1521.25	1529.75	1537.75	1545.00	1551.00	1557.25	1567.00	1581.50	1594.50	1600.25	1607.25	1611.50	1621.75	1630.50	1637.75	1644.00	1651.50	1658.75	1667.25	1677.50	1684.00	1695.50	1702.00	1711.75	1717.50	1721.75	1744.50	1775.75	1796.50	1811.50	1832.75	1843.50	1856.00	1861.00	1864.00	1864.50	1862.00	1860.00	1857.50	1852.75	1850.75	1846.00	1843.50	1838.75	1838.75	1827.25	1807.00	1786.75	1758.75	1724.25	1688.75	1677.75	1668.75	1658.75	1648.75	1645.00	1643.50	1629.50	1615.50	1594.00	1581.25	1561.75	1541.25	1526.25	1504.25	1390.00	1335.25	1290.25	1280.00	1181.50	1096.50	1056.50	952.75	919.00	1057.25	1239.25	1185.50	1151.50	1234.50	1344.75	1439.25	1527.25	1593.00	1645.50	1669.50	1668.75	1645.00	1586.25	1498.75	1379.75	1217.75	1124.75	1080.25	1053.25	964.00	913.00	1013.00	1209.75	1338.00	1424.25	1487.50	1486.00	1460.75	1490.25	1533.00	1543.00	1585.50	1641.50	1649.75	1625.75	1482.25	1263.50	1087.25	931.25	871.25	807.25	891.25	1079.25	1200.00	1122.75	1027.25	995.25	1087.00	1185.25	1147.75	1024.00	994.00	1031.50	1120.50	1098.25	983.75	913.50	1014.00	1110.75	1085.75	1040.75	1002.75	1032.00	1078.25	1060.75	903.00	803.50	753.25	761.00	699.25	645.25
666.50	598.00	607.75	679.50	772.00	765.75	664.50	578.50	524.50	526.00	536.00	558.00	627.00	666.25	726.75	758.75	778.25	792.25	814.50	828.50	838.25	844.50	849.75	856.75	862.00	872.00	873.50	870.50	895.25	903.25	909.00	912.00	909.75	912.00	921.25	921.00	919.00	928.00	944.50	958.50	952.50	936.75	917.00	858.25	820.25	856.25	898.00	899.00	899.00	919.00	954.25	1014.75	1063.25	1048.75	1050.50	1067.25	1083.25	1118.00	1138.75	1152.25	1157.00	1161.00	1160.50	1156.75	1151.00	1145.50	1143.00	1145.50	1157.00	1166.50	1176.00	1182.25	1183.25	1181.50	1179.00	1178.25	1177.25	1177.75	1177.00	1175.75	1174.00	1167.50	1171.50	1191.25	1217.75	1224.75	1234.00	1241.50	1251.25	1262.75	1274.50	1289.25	1300.75	1314.75	1325.50	1343.50	1350.75	1358.25	1365.50	1369.75	1372.50	1375.50	1383.25	1389.25	1399.75	1408.25	1425.00	1446.75	1470.50	1496.75	1514.25	1525.75	1532.75	1540.00	1545.75	1552.50	1562.50	1577.75	1592.00	1600.00	1609.25	1614.00	1623.25	1629.50	1634.00	1640.00	1647.50	1655.25	1667.50	1677.00	1684.00	1695.75	1702.00	1711.75	1718.00	1722.50	1748.25	1782.75	1802.00	1813.00	1831.25	1843.50	1858.00	1865.00	1869.00	1869.75	1867.50	1864.50	1861.50	1857.00	1854.50	1849.25	1846.00	1844.00	1846.25	1834.00	1821.00	1807.00	1781.50	1747.50	1706.75	1691.75	1680.00	1671.25	1661.50	1655.00	1651.50	1636.50	1622.75	1604.25	1591.25	1573.25	1553.75	1539.50	1532.25	1474.50	1414.75	1368.00	1289.50	1245.50	1299.75	1225.25	1029.75	946.50	1037.25	1175.25	1219.25	1226.75	1272.50	1368.75	1448.00	1521.00	1591.00	1656.25	1680.25	1679.25	1663.75	1623.75	1550.50	1477.50	1267.00	1234.50	1296.50	1226.00	1019.00	971.00	1130.25	1247.25	1296.25	1408.00	1503.75	1532.75	1516.25	1525.75	1537.50	1541.00	1581.25	1625.25	1597.25	1552.75	1371.00	1150.25	1003.50	928.50	917.75	969.25	1110.00	1271.00	1278.50	1143.00	1070.25	1065.75	1179.50	1295.25	1230.00	1113.25	1043.25	1036.50	1069.00	1026.75	934.75	970.50	1075.25	1133.25	1076.25	1060.25	1050.50	1067.00	1065.50	978.75	872.50	810.75	770.50	752.25	708.25	681.25
610.00	576.00	586.50	671.25	712.50	692.50	619.50	557.50	521.75	520.75	543.50	593.25	665.50	687.75	718.25	753.00	778.00	790.75	806.00	820.50	829.00	838.25	844.00	853.50	862.00	870.00	870.25	867.00	887.00	898.00	905.00	906.00	903.75	907.50	912.00	908.75	908.25	902.25	901.00	922.25	909.50	896.75	880.00	835.50	832.50	864.75	903.25	905.25	900.75	908.50	935.00	992.75	1030.75	1034.75	1037.75	1059.00	1075.25	1112.75	1133.25	1143.75	1147.50	1151.25	1150.75	1147.25	1141.50	1136.25	1133.50	1136.50	1148.00	1157.50	1168.25	1174.50	1175.50	1173.00	1170.75	1170.75	1169.75	1168.25	1166.75	1164.50	1163.50	1161.75	1175.00	1200.75	1227.00	1235.00	1246.00	1253.50	1263.50	1275.50	1288.50	1305.75	1318.75	1333.50	1343.00	1357.00	1362.50	1368.00	1372.00	1375.50	1377.50	1380.00	1387.00	1392.50	1402.25	1409.25	1423.00	1440.25	1461.00	1485.50	1504.75	1521.00	1527.50	1534.50	1540.25	1547.25	1558.00	1574.00	1589.50	1598.75	1608.75	1613.25	1620.25	1624.00	1628.00	1634.00	1641.75	1650.00	1663.50	1675.50	1683.50	1694.75	1701.00	1710.50	1717.00	1721.75	1748.50	1783.00	1800.50	1808.00	1829.50	1842.00	1858.00	1866.75	1872.00	1873.50	1871.50	1868.25	1865.25	1860.75	1856.00	1851.00	1846.00	1852.50	1851.75	1839.75	1831.25	1823.25	1803.00	1771.00	1728.00	1710.75	1694.00	1682.00	1672.25	1665.00	1659.75	1644.75	1632.00	1615.25	1602.75	1585.50	1566.50	1553.25	1550.25	1531.50	1466.00	1414.00	1358.75	1343.75	1350.75	1257.00	1056.75	970.75	1027.00	1112.50	1182.25	1230.25	1286.50	1377.75	1441.00	1511.75	1586.25	1664.00	1689.75	1687.50	1677.00	1656.75	1596.50	1551.75	1390.50	1436.50	1511.25	1337.75	1063.00	1031.50	1262.75	1412.00	1403.50	1464.25	1530.00	1550.75	1528.75	1520.50	1518.00	1523.25	1564.50	1587.75	1477.25	1395.25	1214.50	1053.25	975.50	965.75	1027.75	1151.75	1263.75	1375.25	1327.25	1182.00	1145.00	1152.75	1261.50	1376.00	1289.25	1195.50	1084.50	1039.75	1016.25	966.75	930.00	1024.25	1121.00	1153.00	1083.50	1097.50	1078.75	1064.25	1025.50	918.50	858.50	857.50	828.00	771.50	750.00	753.75
559.75	553.25	561.00	633.50	645.00	617.00	566.25	537.50	515.50	522.50	568.25	627.50	668.00	689.00	715.75	750.75	781.25	797.50	809.00	817.50	822.00	831.75	836.50	845.25	858.25	868.75	869.25	864.00	876.50	888.25	896.75	898.75	897.00	898.50	900.50	901.25	903.25	876.00	854.50	879.25	878.00	882.75	864.00	835.75	853.25	880.50	907.25	909.50	909.00	910.00	926.50	973.25	1011.25	1021.50	1028.50	1056.00	1072.25	1110.00	1129.00	1135.00	1138.00	1141.00	1140.50	1137.50	1132.50	1127.00	1124.50	1127.50	1139.00	1148.75	1160.50	1166.50	1167.25	1164.00	1162.00	1163.50	1162.25	1158.75	1156.25	1153.25	1153.50	1158.75	1178.25	1205.75	1232.25	1244.75	1259.50	1267.25	1277.25	1289.00	1302.50	1323.25	1337.50	1352.25	1359.75	1368.50	1372.00	1374.75	1377.00	1381.00	1383.75	1385.50	1391.75	1397.00	1406.75	1413.00	1423.50	1436.00	1452.75	1474.00	1493.50	1513.25	1522.50	1529.25	1534.75	1541.50	1553.00	1570.25	1587.00	1597.25	1606.75	1609.75	1614.25	1617.00	1621.50	1627.00	1635.00	1644.00	1657.25	1672.50	1682.25	1692.75	1698.75	1708.00	1714.50	1719.50	1744.75	1776.25	1792.50	1799.00	1825.50	1839.00	1856.25	1866.25	1872.75	1875.25	1873.75	1871.00	1868.00	1862.75	1855.00	1852.50	1848.25	1865.25	1855.50	1845.00	1838.75	1833.00	1819.50	1792.75	1751.25	1732.25	1712.75	1696.25	1683.25	1673.75	1668.25	1653.75	1642.25	1627.00	1615.50	1598.75	1579.75	1567.00	1563.75	1551.00	1500.00	1446.00	1402.75	1367.50	1288.75	1156.25	1033.25	1002.25	1089.50	1237.00	1191.00	1218.00	1273.25	1358.75	1422.25	1503.25	1579.00	1664.00	1696.25	1694.25	1685.75	1676.50	1633.00	1590.25	1523.50	1545.25	1553.75	1361.25	1130.50	1108.75	1361.00	1523.25	1542.75	1565.00	1575.50	1561.50	1511.50	1484.50	1471.00	1483.00	1536.00	1464.50	1329.75	1233.00	1102.50	1040.00	986.50	1051.75	1203.25	1305.50	1344.25	1384.75	1334.50	1228.00	1224.25	1229.50	1303.50	1415.75	1307.00	1218.00	1090.00	1034.75	992.25	977.50	989.00	1106.75	1179.50	1194.75	1147.75	1147.00	1105.00	1056.75	994.25	920.75	903.00	937.75	912.50	828.50	826.75	834.00
549.75	536.75	539.50	563.00	577.75	576.75	538.50	525.00	510.25	520.25	595.25	625.25	627.25	654.25	701.75	744.25	777.00	801.25	814.00	816.00	818.00	826.50	828.75	834.00	849.75	863.25	865.50	860.75	868.50	878.75	887.50	890.25	889.75	890.25	892.00	896.25	892.75	851.00	830.25	838.50	852.00	874.25	858.00	849.75	874.25	895.00	913.00	915.25	914.75	915.00	925.75	960.00	994.00	1009.00	1024.50	1060.25	1075.00	1110.25	1123.50	1125.75	1128.00	1130.25	1130.25	1127.50	1123.25	1118.50	1116.00	1118.75	1130.50	1140.50	1152.75	1158.50	1158.75	1155.00	1153.00	1156.50	1155.00	1150.00	1145.75	1143.25	1146.50	1159.00	1180.25	1205.00	1230.00	1247.75	1272.50	1281.25	1291.75	1302.75	1316.00	1340.25	1354.00	1366.75	1372.25	1377.75	1380.00	1380.75	1382.25	1386.75	1390.00	1391.75	1397.75	1403.00	1412.75	1419.25	1428.00	1436.25	1447.25	1464.25	1481.75	1503.25	1516.75	1525.00	1529.25	1535.75	1548.25	1566.75	1584.50	1595.50	1603.75	1605.00	1607.75	1610.00	1614.00	1619.50	1627.50	1637.00	1648.75	1668.50	1680.00	1689.25	1694.75	1704.25	1710.75	1716.00	1738.25	1766.75	1781.75	1789.25	1817.25	1833.75	1852.50	1864.00	1871.75	1875.00	1874.50	1872.00	1869.25	1862.00	1856.00	1862.00	1860.75	1881.25	1857.50	1849.00	1845.50	1840.00	1829.50	1811.00	1775.00	1755.50	1734.50	1716.25	1699.25	1684.25	1676.75	1663.75	1653.50	1639.25	1628.75	1612.25	1593.25	1580.25	1575.50	1561.00	1515.25	1467.00	1408.75	1365.25	1264.00	1106.00	1048.00	1047.50	1149.25	1399.00	1337.25	1272.50	1300.50	1351.75	1417.25	1497.50	1569.25	1654.25	1695.25	1697.50	1694.00	1686.75	1660.00	1619.50	1573.50	1572.75	1562.00	1361.00	1200.25	1228.50	1484.25	1609.50	1632.25	1633.75	1619.25	1567.50	1493.25	1445.75	1411.50	1423.50	1478.00	1303.00	1218.50	1166.00	1088.00	1059.00	1046.25	1196.00	1370.75	1458.50	1456.75	1407.75	1324.50	1273.50	1283.50	1282.50	1348.00	1452.75	1317.75	1217.25	1095.25	1039.00	1022.00	1058.25	1096.00	1217.25	1261.00	1270.50	1253.00	1220.25	1169.75	1097.25	1017.75	982.50	999.25	1020.50	988.25	910.75	924.00	920.75
580.25	538.75	530.50	528.00	540.75	560.75	526.00	513.75	505.75	515.00	578.75	571.00	574.75	620.75	692.50	728.00	756.00	795.00	812.50	813.50	814.00	821.25	823.75	826.75	840.50	853.25	855.25	853.00	863.25	872.25	880.75	882.50	882.50	885.00	885.75	884.50	878.50	861.25	828.25	817.50	824.75	843.50	843.50	860.25	890.00	905.50	920.25	922.75	920.25	920.00	929.50	954.00	982.25	1000.25	1024.00	1067.50	1082.00	1109.00	1115.25	1116.25	1118.00	1119.75	1119.75	1117.50	1113.75	1110.00	1108.00	1110.25	1122.75	1133.00	1145.25	1150.50	1149.75	1145.25	1143.75	1149.25	1147.75	1141.75	1136.00	1135.00	1143.75	1161.25	1182.00	1202.50	1224.50	1242.75	1279.00	1292.50	1305.00	1316.00	1329.00	1355.75	1367.00	1377.00	1382.50	1386.75	1388.25	1387.25	1387.75	1392.25	1396.25	1398.25	1404.75	1410.50	1420.50	1427.50	1436.50	1442.25	1447.50	1458.00	1471.50	1493.50	1509.00	1520.25	1524.50	1530.75	1543.75	1563.75	1582.75	1594.25	1600.00	1599.75	1600.75	1602.50	1606.00	1611.50	1619.50	1628.50	1639.00	1663.00	1676.25	1684.25	1689.50	1699.00	1705.50	1711.00	1730.00	1755.75	1770.25	1779.75	1806.50	1826.00	1846.75	1859.50	1868.75	1873.00	1873.75	1871.75	1869.25	1859.50	1868.75	1890.75	1890.50	1897.50	1857.75	1851.75	1850.75	1846.50	1836.25	1825.00	1797.50	1779.25	1758.25	1739.50	1720.00	1700.75	1689.00	1673.75	1665.25	1652.00	1642.50	1626.25	1607.00	1593.25	1586.75	1567.25	1517.75	1472.75	1406.75	1362.00	1283.00	1148.75	1096.75	1098.50	1186.50	1456.00	1495.50	1425.25	1418.50	1420.25	1450.75	1501.00	1560.25	1637.00	1687.50	1697.00	1700.75	1695.00	1679.50	1644.25	1591.75	1587.50	1573.25	1363.50	1258.25	1358.25	1594.75	1677.50	1682.75	1670.00	1647.75	1573.75	1502.00	1449.75	1360.50	1362.50	1379.75	1204.25	1161.75	1155.75	1116.25	1099.25	1187.50	1341.75	1465.50	1533.75	1538.00	1459.75	1350.50	1328.00	1330.50	1326.50	1404.25	1498.25	1348.00	1246.00	1135.00	1062.75	1073.50	1138.50	1199.75	1297.50	1337.00	1353.50	1345.25	1317.00	1292.00	1192.25	1100.25	1117.75	1118.00	1120.00	1091.00	1052.50	1048.50	1031.75
621.25	570.50	531.75	523.75	531.75	553.00	524.00	506.75	502.25	507.50	535.50	521.75	558.50	633.75	711.00	712.00	735.00	784.50	805.25	807.75	807.50	812.00	816.00	820.00	830.00	843.00	845.25	843.75	855.00	864.75	874.00	875.75	876.00	878.50	878.75	869.25	888.25	861.00	824.00	816.00	816.75	827.50	836.25	871.25	897.50	914.75	929.25	931.25	926.50	925.50	934.25	952.50	976.00	995.25	1023.00	1069.00	1083.75	1102.25	1106.00	1106.75	1108.00	1109.25	1109.00	1107.50	1104.25	1101.50	1100.00	1102.75	1115.75	1126.50	1137.75	1142.50	1140.00	1134.75	1134.25	1141.75	1139.50	1132.75	1127.50	1130.75	1144.75	1164.50	1184.50	1201.25	1220.25	1235.75	1276.25	1295.75	1314.00	1328.25	1341.00	1367.00	1376.25	1387.25	1393.25	1396.25	1396.50	1393.75	1393.00	1397.00	1402.50	1405.25	1413.00	1419.50	1430.00	1437.50	1447.25	1452.50	1455.00	1459.25	1466.25	1485.25	1500.00	1514.00	1520.00	1526.50	1539.75	1561.50	1582.00	1593.25	1595.50	1594.25	1593.50	1594.50	1597.75	1603.25	1611.00	1619.25	1629.50	1654.50	1669.75	1678.75	1683.00	1692.50	1699.00	1704.50	1720.75	1743.50	1758.50	1769.75	1794.75	1815.25	1839.50	1852.50	1863.50	1869.50	1871.25	1870.25	1868.00	1857.00	1898.75	1935.75	1928.00	1902.00	1856.50	1853.75	1854.50	1852.00	1843.00	1834.75	1816.75	1801.50	1782.25	1763.50	1743.25	1721.75	1707.50	1685.75	1676.00	1664.75	1656.25	1640.75	1621.50	1606.75	1598.25	1572.50	1517.00	1479.00	1426.75	1384.50	1319.75	1194.50	1160.75	1157.75	1222.00	1474.75	1551.50	1547.75	1532.50	1524.50	1509.00	1520.50	1558.25	1619.50	1678.75	1695.00	1706.50	1702.25	1691.00	1663.25	1609.25	1598.00	1577.75	1421.00	1321.75	1469.25	1642.75	1709.50	1706.50	1686.50	1662.00	1578.50	1526.00	1491.25	1346.50	1313.50	1275.50	1163.50	1152.25	1163.75	1173.50	1220.25	1354.25	1435.00	1504.50	1563.75	1569.75	1511.25	1407.50	1378.75	1377.00	1373.25	1454.75	1529.50	1389.00	1292.00	1181.50	1102.00	1128.25	1193.00	1249.50	1335.50	1373.50	1398.25	1389.00	1388.25	1385.50	1281.00	1208.50	1277.25	1275.25	1274.75	1226.25	1217.75	1180.75	1152.25
657.50	616.50	554.00	524.50	525.00	541.50	549.00	518.00	500.00	502.00	507.00	506.00	563.50	634.50	715.50	739.00	752.00	774.00	792.50	796.00	794.50	793.00	793.00	796.00	806.00	821.50	828.00	829.50	836.50	850.00	860.50	865.00	866.50	863.50	855.50	876.50	930.00	820.50	816.00	816.00	822.00	866.00	854.00	886.00	913.00	929.00	944.00	944.00	937.50	934.50	941.00	953.50	971.50	991.50	1018.50	1059.50	1071.00	1086.50	1091.50	1092.00	1093.00	1092.00	1092.00	1092.00	1090.50	1090.00	1089.50	1093.50	1106.50	1117.00	1127.00	1130.50	1124.00	1118.00	1121.00	1129.50	1126.00	1118.50	1118.50	1134.00	1151.50	1171.00	1189.00	1201.50	1215.50	1227.50	1264.50	1286.00	1311.00	1336.50	1354.00	1375.00	1389.00	1404.50	1408.50	1410.00	1407.50	1403.00	1400.00	1403.50	1411.50	1417.50	1428.00	1435.50	1447.00	1455.00	1466.00	1472.50	1474.50	1476.00	1476.00	1480.00	1491.50	1504.50	1513.00	1522.00	1536.50	1560.00	1582.50	1590.00	1587.50	1585.50	1583.50	1583.00	1585.50	1590.50	1597.00	1605.00	1614.50	1636.00	1652.00	1668.00	1674.00	1681.50	1687.00	1692.50	1705.00	1723.00	1740.00	1752.50	1775.00	1794.00	1826.50	1840.00	1854.00	1862.00	1865.00	1865.50	1864.00	1854.50	1921.50	1975.50	1927.00	1876.00	1854.00	1855.50	1857.50	1858.50	1852.50	1846.00	1834.00	1826.00	1814.00	1799.00	1779.00	1756.50	1739.00	1712.50	1698.50	1682.50	1674.50	1662.50	1643.00	1627.00	1616.00	1584.50	1531.50	1515.50	1487.50	1452.00	1388.50	1270.00	1259.00	1290.00	1346.50	1509.50	1587.00	1606.00	1600.00	1609.00	1584.50	1569.50	1577.50	1609.50	1670.00	1694.00	1715.00	1711.50	1698.00	1676.50	1634.50	1618.50	1593.50	1510.00	1465.00	1568.50	1660.50	1719.50	1710.00	1688.50	1659.50	1563.50	1534.00	1528.00	1386.50	1292.00	1214.50	1178.00	1171.50	1214.00	1307.50	1388.00	1430.50	1473.50	1518.00	1580.00	1587.00	1553.00	1472.00	1439.50	1451.00	1464.00	1502.00	1522.50	1431.00	1354.00	1232.50	1147.50	1199.50	1265.00	1294.50	1351.50	1372.00	1383.50	1384.00	1370.00	1353.50	1308.00	1314.00	1412.00	1504.50	1498.00	1353.00	1303.00	1221.50	1126.00
648.25	597.50	543.50	524.25	528.00	549.00	554.25	525.50	509.75	508.75	502.00	511.00	564.75	611.25	677.50	729.00	748.75	768.00	783.75	790.25	789.00	789.50	792.25	796.25	801.00	813.50	822.50	826.75	832.25	845.00	857.25	861.50	862.50	859.50	848.00	851.75	889.25	832.25	827.00	824.75	820.50	858.00	859.25	890.25	914.00	931.75	948.75	948.50	941.50	937.25	943.00	954.50	971.50	990.75	1017.00	1056.25	1067.50	1081.25	1086.75	1087.25	1088.25	1086.25	1085.75	1086.25	1086.00	1086.00	1086.25	1091.50	1103.50	1114.25	1124.25	1126.75	1118.75	1112.75	1117.25	1125.50	1121.25	1114.50	1118.50	1136.75	1155.00	1173.75	1191.00	1202.25	1214.25	1225.75	1259.25	1280.75	1306.25	1333.00	1355.50	1378.25	1393.25	1408.50	1412.50	1413.75	1410.50	1405.50	1402.50	1405.25	1413.50	1421.50	1433.75	1441.75	1453.50	1461.50	1473.00	1480.00	1482.25	1484.00	1483.50	1486.00	1495.25	1505.75	1513.50	1522.50	1536.75	1560.50	1582.75	1588.00	1585.00	1582.75	1580.00	1579.50	1581.50	1586.25	1592.50	1599.50	1608.50	1628.25	1644.00	1661.25	1668.25	1676.00	1682.75	1688.25	1699.50	1716.25	1734.00	1746.25	1767.50	1786.00	1820.50	1836.00	1850.00	1858.25	1862.00	1863.25	1862.00	1853.50	1898.25	1953.25	1906.75	1867.00	1853.75	1855.75	1858.25	1859.75	1854.75	1849.00	1837.50	1829.50	1820.25	1808.25	1789.75	1767.25	1749.50	1724.25	1710.00	1691.50	1681.50	1669.50	1649.75	1633.50	1622.25	1591.00	1543.25	1527.25	1506.75	1474.50	1398.25	1289.25	1292.25	1337.00	1391.50	1530.50	1599.50	1621.00	1620.00	1627.25	1607.50	1590.75	1594.25	1619.75	1671.50	1695.50	1718.25	1714.00	1700.00	1679.25	1643.25	1626.75	1602.75	1534.75	1506.00	1584.75	1666.75	1718.00	1705.25	1682.50	1643.50	1547.75	1511.50	1493.50	1375.25	1291.00	1226.00	1195.50	1193.25	1245.00	1329.00	1389.50	1421.50	1453.25	1513.00	1582.00	1589.50	1552.75	1482.25	1459.25	1472.25	1487.25	1511.50	1504.75	1393.50	1352.50	1224.75	1150.00	1218.50	1294.75	1324.00	1358.00	1370.25	1345.25	1333.50	1299.00	1292.75	1271.75	1254.00	1346.50	1487.00	1490.75	1332.50	1230.50	1142.25	992.25
571.00	528.50	519.00	518.50	557.50	608.50	613.50	545.50	490.00	488.50	497.50	523.50	522.00	543.00	601.50	680.00	720.00	756.50	768.50	767.50	770.00	774.00	783.00	794.50	793.50	798.50	807.50	816.00	823.00	832.50	847.50	852.50	851.00	847.50	842.00	847.50	855.00	863.50	861.00	853.00	847.00	860.50	877.00	899.00	911.50	938.00	963.50	961.00	953.50	946.50	949.50	957.50	972.00	989.00	1012.50	1047.00	1058.00	1067.50	1073.00	1073.50	1074.00	1070.00	1069.00	1070.50	1073.00	1075.00	1078.50	1085.50	1096.00	1106.50	1117.00	1116.00	1104.00	1099.50	1107.00	1113.00	1107.50	1107.50	1123.00	1147.00	1166.00	1183.00	1196.00	1203.00	1208.00	1219.50	1242.50	1261.50	1290.50	1320.50	1355.00	1387.50	1404.50	1418.50	1422.50	1422.50	1418.50	1413.50	1408.50	1409.50	1416.00	1430.00	1449.50	1460.00	1473.00	1482.00	1494.00	1502.50	1504.50	1506.50	1506.00	1506.50	1511.00	1515.50	1520.00	1526.50	1539.00	1562.00	1582.00	1580.50	1576.50	1574.00	1570.00	1568.00	1569.50	1572.50	1577.50	1583.00	1590.50	1604.00	1618.00	1637.50	1646.00	1655.50	1670.00	1676.00	1683.50	1696.50	1715.50	1725.50	1743.50	1760.00	1796.50	1822.00	1838.00	1846.00	1851.50	1855.00	1855.00	1853.00	1845.50	1873.50	1856.50	1849.50	1853.50	1856.00	1859.00	1862.00	1860.50	1858.00	1848.00	1839.50	1833.00	1828.00	1818.00	1798.50	1780.50	1761.50	1747.50	1724.00	1710.00	1691.50	1669.00	1654.00	1642.50	1613.50	1586.00	1574.50	1564.50	1532.50	1451.50	1376.50	1406.50	1462.00	1500.00	1583.50	1637.50	1664.50	1672.00	1675.50	1670.50	1654.00	1648.50	1657.00	1682.50	1705.50	1728.00	1721.50	1706.50	1690.00	1669.00	1652.00	1633.50	1599.00	1596.50	1642.00	1690.50	1709.00	1687.00	1658.50	1596.50	1499.00	1427.00	1372.50	1325.50	1275.50	1271.00	1273.50	1320.00	1358.00	1383.50	1398.50	1393.50	1385.00	1463.00	1557.50	1569.50	1552.00	1521.00	1516.50	1524.50	1540.50	1524.00	1430.00	1223.50	1241.00	1159.50	1176.00	1265.00	1367.00	1402.00	1386.00	1374.50	1305.00	1201.00	1115.50	1061.50	1039.50	955.50	1059.50	1226.00	1346.00	1045.00	942.50	818.50	654.00
546.75	513.25	506.50	510.50	551.75	605.50	594.00	547.25	492.25	487.75	493.00	512.00	531.50	552.00	609.00	674.50	712.00	752.75	766.50	763.25	765.00	766.75	776.00	789.75	793.25	797.75	805.75	814.00	822.50	830.75	844.00	849.25	848.75	845.00	843.00	851.50	858.75	865.00	864.00	856.75	857.75	871.25	882.25	898.75	907.50	938.25	968.75	965.25	957.50	949.75	951.50	958.75	972.25	988.75	1011.00	1044.25	1054.50	1064.25	1069.00	1068.50	1069.00	1065.25	1063.25	1065.75	1067.75	1071.50	1077.00	1084.00	1093.50	1105.00	1115.25	1113.75	1100.50	1097.25	1104.25	1109.00	1103.75	1108.25	1126.75	1151.25	1170.00	1186.25	1197.50	1202.00	1204.00	1214.75	1235.25	1253.50	1283.25	1314.75	1350.25	1388.25	1405.75	1419.75	1423.25	1423.50	1420.25	1415.25	1410.25	1410.00	1415.25	1428.25	1448.50	1461.50	1477.75	1488.00	1500.25	1508.50	1510.75	1512.25	1512.00	1513.00	1516.00	1519.00	1522.25	1528.25	1540.50	1562.75	1580.50	1577.75	1573.25	1570.75	1566.50	1564.25	1565.25	1568.00	1572.25	1577.25	1584.00	1595.75	1609.25	1628.00	1636.25	1647.00	1662.25	1670.50	1679.00	1690.25	1708.75	1718.25	1734.75	1749.75	1784.75	1812.75	1833.00	1841.25	1847.25	1851.25	1851.75	1852.50	1843.75	1858.75	1851.50	1849.75	1853.50	1856.00	1859.00	1862.25	1861.75	1860.25	1850.75	1842.50	1836.00	1831.00	1822.75	1807.00	1790.75	1774.25	1760.50	1736.75	1721.50	1700.25	1674.25	1660.75	1649.50	1623.00	1602.25	1595.00	1587.75	1553.75	1486.25	1436.75	1457.50	1497.50	1525.75	1600.75	1649.50	1675.00	1684.50	1689.00	1685.50	1669.75	1664.75	1669.75	1691.75	1712.50	1731.25	1723.50	1708.75	1693.50	1675.00	1660.75	1645.25	1618.75	1620.50	1658.75	1696.50	1703.50	1679.50	1647.25	1587.25	1493.25	1412.00	1362.50	1316.25	1277.00	1288.50	1318.00	1379.25	1403.50	1407.50	1411.75	1388.75	1370.75	1428.50	1515.75	1520.25	1535.50	1530.25	1530.25	1537.50	1548.25	1500.00	1395.25	1192.25	1165.50	1147.00	1198.00	1281.00	1382.75	1421.25	1401.25	1383.00	1349.75	1279.00	1173.75	1053.50	970.25	863.75	912.75	1062.75	1238.50	946.75	793.25	676.00	522.00
530.50	500.00	480.00	495.50	522.00	553.50	521.50	517.50	491.50	486.50	502.50	534.50	601.00	620.00	644.00	671.00	694.00	738.00	752.50	752.50	754.50	757.50	766.50	778.00	785.00	792.00	801.00	809.50	820.00	824.50	833.50	839.00	843.50	844.50	849.50	855.50	861.00	866.50	871.00	870.00	882.00	888.00	892.50	897.00	900.00	942.50	984.50	978.00	970.00	960.00	958.50	962.50	973.00	987.50	1006.50	1036.00	1044.50	1052.00	1054.50	1052.50	1051.50	1048.00	1044.50	1046.50	1050.00	1055.00	1060.50	1077.50	1087.50	1091.50	1102.50	1107.50	1093.00	1092.50	1097.00	1098.50	1094.00	1114.00	1140.50	1165.00	1183.00	1196.50	1201.50	1196.50	1187.50	1192.50	1210.00	1224.00	1257.00	1295.00	1329.50	1384.50	1404.50	1419.00	1421.00	1423.50	1423.50	1420.50	1415.00	1411.00	1411.00	1418.50	1436.50	1453.50	1476.50	1492.00	1513.00	1522.50	1524.00	1525.50	1526.50	1527.00	1527.50	1528.00	1528.50	1534.50	1547.00	1566.00	1574.00	1569.50	1563.50	1561.00	1555.50	1553.00	1552.50	1553.50	1556.50	1560.00	1564.50	1571.00	1582.00	1599.00	1606.50	1621.00	1635.50	1647.50	1662.00	1674.00	1687.50	1695.00	1707.50	1717.50	1744.00	1774.00	1807.00	1826.00	1834.50	1840.00	1842.50	1846.50	1847.50	1843.00	1847.00	1851.00	1853.00	1855.00	1859.00	1862.50	1865.50	1866.50	1857.00	1850.50	1845.50	1842.00	1835.00	1827.50	1820.00	1808.50	1797.00	1774.50	1755.50	1729.50	1698.00	1680.00	1670.00	1653.50	1649.00	1652.50	1655.00	1636.00	1595.50	1575.50	1584.00	1600.50	1611.50	1655.50	1681.00	1711.00	1724.00	1729.50	1730.00	1717.00	1708.50	1708.50	1725.50	1737.50	1740.00	1729.00	1715.00	1702.50	1690.50	1680.50	1676.50	1675.00	1677.50	1693.50	1707.50	1687.00	1658.00	1616.50	1568.00	1495.50	1407.50	1367.50	1324.50	1309.50	1349.00	1479.00	1516.50	1510.00	1478.50	1442.50	1372.50	1332.00	1340.50	1349.50	1293.50	1437.50	1519.50	1524.50	1529.00	1495.00	1370.50	1270.00	1113.50	1035.50	1176.50	1266.00	1332.00	1413.00	1475.00	1433.00	1411.50	1421.50	1422.00	1319.50	1201.50	1025.00	793.00	592.00	674.00	759.00	584.50	371.50	225.00	138.50
513.50	497.00	479.50	480.00	483.50	508.00	487.50	480.50	503.50	498.00	542.00	571.50	628.50	643.50	652.50	663.50	688.50	727.00	738.50	747.50	752.50	754.50	760.00	770.00	777.50	785.50	797.50	806.50	818.50	821.00	828.50	834.00	841.50	844.50	848.50	858.00	864.00	866.00	871.50	879.00	886.50	890.00	894.50	897.00	899.00	947.00	995.00	986.50	978.00	967.00	962.50	964.00	972.50	986.00	1004.00	1030.00	1036.00	1041.00	1043.50	1040.00	1036.50	1034.50	1030.50	1031.50	1036.00	1032.50	1013.50	1043.00	1044.50	1039.00	1067.00	1102.50	1092.00	1091.50	1094.00	1091.50	1089.50	1121.00	1153.50	1177.00	1192.00	1204.00	1202.50	1189.00	1171.00	1169.50	1178.00	1198.00	1234.50	1275.50	1310.50	1372.50	1395.50	1412.00	1413.00	1418.50	1423.00	1422.50	1417.50	1409.50	1406.00	1409.50	1424.00	1442.50	1465.50	1483.00	1512.50	1526.50	1527.00	1529.00	1531.50	1533.00	1532.50	1532.00	1532.50	1539.50	1551.50	1566.50	1568.50	1563.50	1557.50	1555.00	1548.00	1544.50	1543.50	1544.50	1546.50	1548.50	1551.00	1555.50	1563.50	1578.00	1586.00	1603.00	1615.00	1626.00	1641.50	1660.00	1675.50	1681.00	1690.50	1696.00	1713.50	1739.00	1774.00	1804.50	1823.50	1832.00	1835.50	1839.50	1844.50	1846.00	1847.50	1850.00	1852.50	1855.00	1858.00	1862.00	1867.00	1868.50	1860.00	1855.50	1853.50	1851.00	1844.00	1836.00	1831.00	1824.50	1816.00	1797.50	1777.00	1754.00	1724.00	1698.50	1681.00	1672.50	1672.00	1676.50	1685.00	1684.00	1656.00	1628.50	1639.00	1657.00	1664.50	1684.50	1705.50	1737.00	1750.50	1757.00	1760.00	1750.50	1736.50	1735.00	1750.00	1754.50	1743.00	1731.00	1717.50	1707.00	1699.50	1689.50	1690.50	1697.00	1697.50	1705.00	1710.50	1686.50	1661.00	1621.00	1580.00	1514.50	1433.00	1392.50	1354.50	1347.50	1429.50	1535.00	1544.00	1532.00	1501.50	1441.50	1356.50	1309.00	1294.00	1269.50	1215.50	1365.50	1431.00	1380.50	1393.50	1386.00	1261.00	1179.50	1040.50	1028.50	1218.50	1268.50	1336.50	1430.50	1506.50	1413.00	1416.00	1407.50	1412.00	1280.00	1103.00	1038.50	877.50	672.50	369.00	466.00	247.00	140.00	81.00	67.00
492.50	478.50	472.50	465.50	472.00	471.00	466.50	481.00	534.00	533.50	567.00	590.00	636.00	652.50	662.00	671.50	693.00	717.00	724.00	744.00	749.50	748.50	754.00	765.50	772.00	780.50	792.50	801.00	817.00	819.50	825.50	832.00	841.50	841.50	847.00	860.50	867.50	865.50	870.00	881.00	888.00	893.00	894.00	896.50	900.00	953.00	1004.50	995.50	986.00	974.00	967.50	966.50	972.50	984.00	1001.00	1023.50	1027.50	1030.00	1031.00	1026.00	1021.50	1020.00	1017.00	1017.50	1022.00	1005.50	958.50	960.00	942.00	947.00	999.50	1082.00	1094.50	1097.00	1093.00	1086.50	1087.00	1130.50	1170.00	1190.00	1201.50	1211.50	1203.00	1179.00	1151.00	1144.50	1142.50	1161.00	1206.00	1252.50	1287.50	1352.50	1380.00	1397.00	1398.00	1410.50	1420.50	1423.00	1418.00	1407.50	1399.50	1400.00	1412.50	1431.00	1455.00	1475.00	1509.50	1528.00	1529.00	1531.00	1534.00	1536.00	1535.00	1535.00	1537.00	1544.00	1556.50	1565.50	1563.50	1558.00	1551.50	1548.50	1540.50	1537.00	1534.50	1535.00	1536.00	1537.00	1538.00	1541.50	1547.00	1557.50	1565.50	1584.50	1593.00	1602.00	1616.50	1637.00	1661.50	1668.50	1675.50	1678.00	1686.50	1704.00	1737.00	1773.00	1801.00	1824.00	1830.00	1835.50	1837.00	1843.00	1845.50	1848.00	1851.50	1854.00	1858.00	1861.50	1868.00	1870.00	1862.00	1861.50	1863.50	1862.00	1853.50	1844.50	1839.00	1832.00	1828.00	1816.50	1798.50	1779.00	1752.00	1723.00	1698.50	1686.50	1687.50	1692.00	1703.50	1707.00	1689.50	1670.50	1676.50	1686.50	1694.00	1708.00	1733.50	1762.50	1777.50	1785.50	1790.00	1783.50	1765.50	1759.50	1771.50	1769.00	1743.50	1730.50	1718.50	1709.00	1705.50	1697.00	1701.00	1707.00	1705.50	1708.50	1710.50	1691.50	1674.50	1645.00	1608.50	1543.50	1470.00	1430.50	1391.00	1391.00	1496.50	1538.00	1549.00	1546.00	1515.00	1452.50	1358.00	1306.00	1270.00	1233.50	1202.50	1284.00	1312.50	1225.00	1276.00	1317.50	1185.00	1100.50	948.00	1056.50	1215.50	1201.00	1254.00	1436.50	1488.00	1293.50	1382.00	1319.00	1375.00	1284.50	1103.00	821.50	664.00	557.00	208.00	155.00	104.50	82.00	58.50	43.50
477.00	469.00	471.00	468.50	469.50	467.50	462.00	463.50	485.00	523.50	582.00	605.50	637.50	652.00	666.50	677.50	693.50	709.50	707.00	739.00	745.00	743.50	748.00	758.50	764.50	774.50	793.00	799.50	817.00	821.00	828.00	832.50	840.00	843.50	851.00	863.00	865.00	866.00	870.50	882.00	887.50	894.00	896.00	899.00	903.00	959.00	1011.00	1005.50	994.50	980.50	972.00	968.00	971.00	981.50	998.00	1016.00	1018.50	1019.50	1017.50	1011.50	1006.00	1005.00	1003.00	1003.50	1009.50	979.00	923.50	908.50	912.00	892.50	925.50	1015.50	1088.00	1103.50	1093.00	1082.00	1086.50	1142.00	1188.50	1204.00	1211.00	1217.50	1202.00	1170.00	1132.00	1121.00	1106.50	1119.00	1166.00	1226.00	1261.50	1321.50	1354.50	1374.00	1378.00	1401.00	1416.50	1421.50	1417.00	1404.00	1391.50	1390.00	1402.50	1421.00	1444.50	1466.00	1503.00	1526.00	1529.00	1531.50	1534.50	1535.00	1535.50	1536.50	1540.00	1549.00	1558.50	1561.50	1557.50	1552.00	1545.50	1542.00	1533.50	1529.50	1527.00	1525.50	1526.00	1526.00	1526.50	1529.00	1532.00	1539.50	1547.00	1565.00	1570.00	1577.50	1589.00	1609.50	1639.50	1649.50	1659.50	1663.00	1670.00	1679.00	1704.00	1740.00	1777.00	1808.50	1822.50	1831.50	1833.50	1837.50	1841.00	1845.50	1850.00	1853.50	1858.00	1861.50	1868.50	1871.50	1864.50	1870.00	1877.50	1874.50	1863.00	1852.50	1847.00	1839.00	1835.50	1828.50	1818.00	1802.50	1779.50	1749.00	1720.00	1699.50	1699.00	1704.50	1715.00	1722.00	1712.00	1701.00	1701.50	1705.50	1711.50	1730.00	1759.50	1787.00	1802.50	1812.00	1816.00	1813.00	1792.50	1782.50	1787.50	1773.00	1740.50	1728.00	1715.50	1708.00	1707.00	1701.00	1705.00	1704.50	1702.00	1701.00	1705.50	1695.00	1683.50	1666.50	1638.50	1577.00	1510.50	1476.50	1449.50	1455.50	1524.50	1548.50	1554.00	1558.50	1534.00	1484.50	1387.00	1330.00	1286.50	1216.50	1179.00	1177.50	1170.00	1108.00	1226.00	1205.00	1104.00	1028.50	907.00	1050.50	1170.00	1077.00	1201.50	1398.50	1383.50	1096.00	1265.00	1160.00	1241.50	1110.50	871.00	710.00	360.00	197.50	136.00	113.00	82.50	55.00	29.50	28.00
475.00	464.00	467.50	466.50	467.00	474.00	464.50	464.00	470.50	504.00	583.50	613.50	639.00	650.50	664.00	677.50	695.50	704.00	704.00	730.50	737.00	741.50	747.00	754.00	757.00	769.50	792.50	798.00	816.50	825.50	835.00	834.50	839.00	841.50	852.00	861.50	862.00	864.50	870.50	883.50	890.00	894.00	897.50	901.50	902.00	961.00	1015.50	1016.00	1003.50	987.00	975.50	968.50	970.00	978.50	994.00	1007.50	1009.00	1008.50	1005.00	997.00	990.50	989.50	988.00	989.50	996.50	957.50	904.00	894.00	901.00	881.00	892.50	931.00	1020.00	1086.00	1089.50	1078.00	1085.50	1154.00	1208.00	1218.50	1221.00	1221.00	1200.00	1179.00	1130.50	1102.50	1077.00	1078.50	1119.00	1186.00	1231.50	1280.00	1310.00	1339.00	1348.50	1391.00	1411.00	1417.00	1413.50	1399.00	1383.00	1381.00	1393.00	1410.50	1434.50	1456.00	1494.00	1520.50	1527.00	1530.50	1533.00	1533.00	1534.00	1536.50	1541.50	1548.50	1553.50	1554.50	1551.00	1546.00	1539.50	1536.00	1527.00	1523.00	1519.00	1515.00	1515.00	1515.00	1515.50	1519.00	1521.00	1525.00	1530.50	1545.50	1547.50	1553.50	1563.00	1581.50	1614.00	1626.50	1642.00	1646.50	1654.00	1665.00	1681.50	1712.50	1754.50	1789.50	1809.00	1827.00	1829.50	1834.00	1838.00	1843.00	1849.00	1853.00	1858.00	1861.50	1869.50	1871.00	1868.00	1882.50	1895.50	1889.00	1872.00	1858.50	1854.00	1847.00	1843.50	1836.50	1829.50	1820.50	1803.00	1773.00	1740.00	1713.00	1708.00	1712.50	1720.50	1728.00	1726.50	1718.50	1719.50	1720.00	1722.00	1748.00	1782.00	1810.50	1822.50	1830.50	1834.50	1832.00	1814.00	1803.00	1789.00	1766.50	1734.00	1722.50	1709.50	1702.50	1700.50	1698.00	1697.50	1690.00	1684.50	1681.50	1694.00	1698.00	1689.50	1679.00	1664.00	1615.00	1547.00	1519.50	1505.00	1511.00	1538.50	1556.50	1560.00	1565.50	1553.50	1521.00	1432.50	1361.50	1328.00	1244.50	1186.50	1132.50	1090.00	1053.00	1074.50	1000.50	945.00	934.00	844.00	988.00	1031.00	939.50	1150.00	1336.50	1317.00	975.00	1102.00	982.00	962.00	905.00	596.50	388.00	162.50	126.00	128.50	92.00	50.50	29.50	11.50	11.50
466.25	468.00	468.75	463.75	464.50	465.25	462.25	462.25	464.50	489.50	559.75	596.25	633.25	647.00	658.00	671.50	687.25	699.25	707.00	720.25	725.00	737.50	747.00	753.50	757.25	771.25	789.50	795.50	816.50	831.00	837.00	835.50	838.25	845.00	853.75	859.25	862.50	864.25	869.25	880.50	884.25	888.75	897.00	900.75	898.00	951.25	1016.75	1026.00	1015.75	995.00	979.25	968.00	966.00	972.50	985.25	994.50	995.50	992.00	987.00	976.75	968.25	966.25	965.50	968.00	976.75	954.25	913.00	883.50	887.00	871.25	875.25	875.25	890.25	958.50	1041.50	1067.00	1082.75	1157.50	1213.50	1237.00	1241.50	1230.50	1218.00	1213.75	1149.25	1091.75	1053.75	1042.00	1060.00	1101.00	1165.50	1209.50	1238.25	1267.50	1291.75	1378.75	1396.75	1403.50	1403.25	1387.25	1366.75	1363.50	1379.25	1395.50	1418.75	1439.25	1476.75	1504.25	1519.25	1525.75	1528.00	1528.50	1530.50	1533.25	1537.25	1540.50	1542.25	1541.50	1538.75	1535.75	1530.00	1526.00	1516.00	1508.00	1501.00	1497.75	1498.00	1498.50	1497.75	1502.00	1503.50	1506.50	1512.75	1520.25	1522.00	1526.50	1532.25	1545.00	1578.75	1594.25	1613.75	1621.75	1632.00	1646.75	1664.75	1685.25	1721.50	1760.25	1784.25	1813.00	1821.50	1828.75	1832.75	1839.25	1847.50	1852.50	1858.25	1861.75	1870.25	1870.75	1875.75	1908.25	1930.75	1915.25	1884.75	1867.00	1863.25	1859.25	1856.25	1849.00	1842.00	1834.50	1826.00	1800.75	1764.25	1731.25	1717.50	1717.50	1720.75	1727.00	1732.75	1728.50	1728.00	1727.25	1727.75	1760.25	1801.25	1831.75	1836.00	1842.75	1846.50	1843.00	1830.50	1816.75	1776.50	1752.00	1720.75	1707.75	1693.25	1682.75	1674.50	1658.00	1652.75	1636.75	1630.25	1628.25	1661.75	1698.75	1696.00	1691.75	1683.00	1662.50	1613.25	1567.00	1545.00	1542.75	1553.00	1557.75	1561.75	1569.25	1575.00	1565.50	1504.00	1406.50	1380.75	1344.50	1263.50	1182.25	1105.00	1042.50	976.25	901.25	803.75	801.75	735.00	701.25	687.75	662.00	793.50	953.75	1018.50	824.25	749.25	621.00	529.50	405.25	191.00	74.50	34.25	27.25	60.50	41.75	15.75	6.75	2.00	1.50
466.00	468.00	467.50	463.50	462.00	463.50	462.00	462.50	463.00	491.50	556.50	586.50	630.50	645.50	656.50	670.00	684.50	695.50	703.50	714.50	721.00	734.50	743.50	752.00	759.00	774.00	790.00	796.00	814.50	832.50	836.50	835.00	839.00	846.50	854.50	859.00	862.50	865.00	868.50	879.00	883.00	888.00	896.00	899.50	897.00	946.00	1015.50	1028.00	1019.50	997.50	980.50	967.50	964.50	970.50	982.00	990.00	991.00	987.00	981.50	970.00	961.00	959.00	958.00	961.00	970.00	956.00	917.00	882.00	882.00	868.00	869.50	866.00	875.00	924.00	1014.00	1061.50	1080.50	1154.00	1208.00	1241.00	1248.50	1236.00	1226.00	1224.00	1154.50	1089.00	1047.00	1032.50	1042.50	1073.00	1141.00	1184.50	1215.50	1244.00	1274.00	1372.00	1390.50	1397.50	1398.50	1382.50	1359.50	1355.50	1374.50	1390.50	1413.00	1433.50	1470.50	1499.50	1516.00	1523.50	1525.50	1527.00	1529.50	1532.00	1535.50	1537.50	1538.50	1537.00	1534.50	1532.50	1527.00	1522.50	1510.50	1502.00	1495.00	1492.00	1492.50	1493.00	1492.00	1496.00	1497.50	1500.00	1506.50	1513.00	1514.50	1519.50	1524.50	1535.00	1568.00	1584.50	1604.50	1613.50	1625.50	1641.00	1660.00	1677.50	1711.00	1751.00	1776.00	1807.50	1817.50	1827.00	1831.00	1838.00	1847.00	1852.00	1858.50	1862.00	1870.50	1871.00	1878.50	1917.50	1943.50	1924.50	1888.50	1869.50	1866.50	1863.50	1860.50	1853.50	1846.50	1838.50	1830.50	1808.50	1771.00	1736.50	1720.00	1718.50	1720.00	1725.50	1732.50	1730.00	1728.50	1727.00	1727.50	1762.00	1805.00	1835.00	1839.00	1845.50	1848.50	1844.50	1833.50	1817.50	1771.00	1746.50	1715.50	1701.50	1686.50	1674.50	1663.00	1635.50	1630.50	1611.00	1607.00	1606.00	1648.00	1697.50	1697.00	1695.50	1688.00	1674.50	1633.50	1581.50	1551.00	1547.50	1554.50	1557.00	1561.50	1571.00	1580.00	1579.50	1523.00	1421.50	1392.50	1374.50	1303.00	1214.50	1129.50	1062.50	993.50	911.50	809.50	821.00	773.50	677.00	600.50	540.00	635.50	760.50	855.00	777.00	584.50	464.00	379.50	226.50	79.00	28.50	17.50	6.00	34.50	27.00	7.50	1.50	1.00	1.50
463.00	463.00	464.25	463.75	463.25	462.25	462.00	462.00	462.00	466.50	523.50	565.00	624.75	637.75	651.00	661.75	674.50	687.75	696.00	703.00	711.50	731.75	742.00	761.25	766.75	774.25	789.75	802.25	804.00	823.25	833.00	834.25	840.75	845.50	851.50	856.25	858.75	865.75	866.25	876.50	880.50	881.50	889.75	895.50	896.00	946.00	1029.75	1033.50	1027.00	999.50	977.50	961.50	957.50	962.25	970.75	976.25	978.00	972.50	965.75	951.25	940.25	938.00	938.00	940.75	950.00	943.25	912.00	872.50	869.00	861.50	850.75	849.50	867.50	901.25	931.50	999.00	1052.25	1115.25	1151.50	1213.25	1246.50	1247.50	1241.25	1229.50	1149.00	1079.50	1028.00	1009.50	1002.25	1050.75	1096.00	1101.25	1143.50	1188.00	1229.25	1327.00	1355.50	1366.00	1372.25	1357.50	1325.75	1319.25	1350.50	1369.75	1391.00	1415.50	1456.50	1489.00	1499.50	1509.75	1509.50	1518.75	1524.25	1526.25	1526.75	1527.50	1526.50	1523.25	1521.25	1520.75	1513.75	1502.50	1488.00	1480.50	1476.50	1475.50	1475.75	1476.50	1476.00	1479.00	1480.00	1480.25	1485.00	1491.50	1493.00	1497.50	1505.75	1518.75	1546.00	1561.75	1582.25	1594.00	1612.00	1629.50	1649.75	1666.50	1692.25	1728.50	1753.50	1789.25	1802.25	1817.25	1825.50	1834.50	1845.75	1851.75	1858.50	1862.50	1871.25	1872.00	1885.25	1939.00	1974.25	1946.75	1896.00	1877.25	1876.75	1877.00	1873.50	1865.25	1857.75	1848.00	1836.75	1818.00	1782.50	1745.75	1725.50	1719.00	1715.75	1719.00	1723.25	1718.75	1716.00	1713.50	1715.50	1749.00	1791.25	1828.25	1834.50	1839.25	1841.75	1834.25	1820.25	1793.50	1745.50	1726.25	1698.50	1681.75	1659.00	1629.75	1590.00	1540.50	1532.00	1514.00	1515.75	1520.75	1570.00	1671.50	1687.00	1695.00	1694.25	1683.75	1656.25	1601.00	1551.75	1541.75	1541.50	1543.50	1546.50	1563.25	1578.50	1580.75	1499.00	1419.50	1409.25	1407.75	1391.25	1304.25	1261.75	1229.00	1191.25	1121.75	963.75	1089.75	1143.75	1087.00	978.00	825.00	553.75	415.75	342.50	455.00	281.00	146.00	94.50	59.00	19.75	4.50	7.00		6.00	4.25	7.75	69.75	230.75	365.25
463.50	463.50	464.00	462.00	462.00	462.00	462.00	462.00	462.00	462.00	503.00	552.50	622.50	634.00	647.50	658.00	669.50	684.00	692.50	700.50	708.00	728.50	742.50	768.50	768.50	772.00	790.50	807.50	802.50	819.50	831.00	834.00	841.00	844.50	849.00	853.50	857.00	864.50	864.50	874.50	878.50	877.50	886.50	892.50	896.50	949.50	1037.00	1036.00	1028.00	999.50	976.00	959.00	955.00	959.00	966.50	971.50	973.50	967.50	961.00	945.50	933.50	931.50	931.50	934.50	943.50	936.00	909.00	869.00	865.00	860.00	845.00	844.00	866.00	893.00	909.50	975.50	1038.50	1098.00	1128.00	1194.00	1239.00	1247.50	1243.50	1227.00	1144.50	1076.00	1023.50	1003.00	992.50	1057.00	1089.00	1076.00	1119.00	1171.00	1217.00	1310.50	1339.50	1352.00	1360.50	1346.50	1314.00	1306.50	1339.00	1360.00	1383.50	1410.00	1453.50	1485.00	1493.50	1504.00	1502.50	1514.50	1522.00	1524.00	1523.00	1524.00	1522.50	1518.50	1515.50	1515.50	1507.00	1494.50	1480.00	1473.00	1470.50	1470.00	1470.00	1471.00	1471.00	1473.50	1474.00	1473.50	1477.00	1484.00	1486.00	1489.50	1499.50	1515.00	1540.50	1555.50	1576.00	1589.00	1609.00	1627.00	1648.00	1665.00	1688.50	1722.00	1746.50	1783.00	1797.00	1813.50	1823.50	1833.50	1845.50	1851.50	1858.50	1862.50	1871.50	1872.50	1886.00	1942.50	1981.00	1952.50	1897.50	1880.00	1880.50	1881.50	1878.00	1869.00	1861.00	1850.00	1837.50	1819.00	1784.50	1748.00	1726.50	1719.00	1714.00	1716.50	1719.00	1712.50	1709.50	1707.00	1710.00	1742.00	1783.00	1823.00	1830.50	1835.00	1837.00	1828.50	1812.00	1781.50	1735.50	1718.50	1693.00	1675.50	1647.50	1611.50	1559.00	1507.00	1502.50	1478.50	1478.50	1487.50	1539.00	1657.50	1681.50	1692.50	1694.00	1683.00	1655.50	1603.00	1550.50	1537.50	1535.50	1537.50	1539.50	1553.00	1573.00	1570.00	1471.50	1408.50	1410.50	1413.00	1406.00	1328.00	1290.50	1268.00	1229.00	1166.50	1003.00	1142.00	1224.00	1204.50	1074.00	915.50	664.50	460.50	233.50	268.50	167.00	92.50	75.50	50.50	15.50				1.00	1.00	14.00	138.50	428.50	578.50
464.00	465.75	462.25	462.00	462.00	462.00	462.00	462.00	463.75	464.00	470.75	506.25	590.75	607.50	625.25	638.00	649.00	655.50	664.00	670.75	677.75	702.50	719.50	770.25	770.50	768.50	782.25	805.00	805.75	809.50	818.75	823.75	833.50	843.50	842.75	847.50	850.00	855.50	863.75	874.50	872.75	871.50	878.75	889.25	902.75	949.75	1040.50	1044.50	1031.00	1003.75	972.75	949.50	944.50	948.00	953.50	958.50	960.50	954.00	946.50	928.25	916.00	916.25	917.75	918.75	925.00	915.00	881.25	850.00	851.75	852.75	836.25	827.25	846.25	875.50	879.50	920.00	977.25	1066.75	1061.25	1083.50	1145.25	1201.00	1214.00	1183.25	1103.25	1066.25	1054.75	1038.00	992.75	975.00	1003.50	1030.25	1068.25	1141.00	1203.50	1255.50	1279.25	1295.50	1305.25	1298.00	1275.25	1268.75	1290.50	1315.75	1378.25	1407.75	1448.25	1467.00	1475.50	1483.25	1479.50	1496.00	1507.25	1509.50	1505.25	1506.25	1503.50	1497.00	1491.75	1490.50	1479.25	1467.75	1454.75	1451.25	1452.00	1453.50	1453.00	1453.75	1454.25	1455.50	1455.50	1454.75	1454.25	1458.75	1462.50	1470.00	1488.75	1510.50	1538.50	1554.75	1578.75	1597.25	1617.75	1635.00	1655.25	1671.25	1687.25	1711.00	1731.25	1766.75	1782.25	1802.75	1815.75	1829.75	1844.50	1852.00	1859.25	1863.25	1872.25	1874.25	1882.25	1924.00	1957.25	1935.00	1896.25	1889.25	1893.75	1895.75	1889.75	1873.50	1859.50	1845.00	1832.00	1813.25	1782.25	1747.75	1725.00	1716.50	1708.00	1707.25	1702.00	1684.50	1677.50	1680.00	1683.50	1710.50	1746.25	1781.75	1800.75	1807.50	1798.25	1777.00	1755.00	1728.50	1702.75	1694.25	1677.25	1657.25	1616.75	1572.00	1441.50	1381.50	1400.00	1288.75	1282.75	1319.50	1390.75	1577.75	1640.00	1662.00	1668.50	1666.25	1637.75	1595.00	1536.50	1523.25	1516.75	1503.75	1486.00	1453.25	1428.50	1415.25	1303.00	1293.50	1368.00	1409.50	1387.00	1364.50	1363.00	1328.00	1220.75	1144.00	1068.75	1207.25	1209.50	1158.25	939.50	696.00	447.00	248.75	137.25	104.25	84.75	49.50	51.00	46.25	18.75	2.00	4.00	6.00	84.00	211.75	485.75	666.50	897.00	1165.00
462.50	465.50	462.50	462.00	462.00	462.00	462.00	462.00	462.50	462.00	463.00	482.50	575.00	596.50	616.00	630.00	642.50	649.50	655.00	658.00	663.50	694.50	712.50	766.00	770.00	769.50	782.50	803.50	805.00	804.50	814.50	819.00	828.50	841.50	841.00	845.00	847.50	856.00	866.50	879.50	874.50	872.50	879.50	890.50	905.00	947.50	1042.00	1047.00	1034.50	1003.50	970.00	946.00	940.50	944.00	949.00	954.00	956.00	949.50	942.00	923.50	910.50	912.00	914.00	914.50	919.00	908.50	870.50	843.00	847.00	848.50	833.50	821.50	838.00	868.50	869.00	894.50	953.00	1063.50	1043.50	1045.00	1104.50	1176.00	1196.50	1161.00	1085.00	1059.50	1071.50	1059.00	1006.50	942.50	966.00	1018.00	1056.50	1135.50	1199.00	1237.50	1259.00	1276.00	1285.00	1280.50	1262.00	1256.00	1274.50	1306.00	1382.00	1409.50	1447.00	1460.50	1469.50	1476.00	1472.00	1489.50	1502.00	1504.00	1498.50	1499.50	1496.50	1489.50	1483.50	1481.50	1469.50	1458.50	1446.00	1444.00	1446.00	1448.00	1447.00	1448.00	1448.50	1449.50	1449.50	1448.50	1447.00	1450.00	1454.50	1465.50	1488.00	1511.00	1541.00	1558.00	1583.00	1602.00	1622.00	1639.00	1659.00	1673.50	1688.00	1708.50	1727.00	1761.50	1778.00	1799.50	1813.50	1829.00	1844.50	1852.00	1859.50	1863.50	1872.50	1875.00	1880.00	1915.50	1943.00	1923.50	1895.00	1893.00	1898.50	1900.00	1892.50	1872.50	1857.00	1842.50	1829.50	1810.50	1780.50	1746.50	1724.00	1715.50	1705.50	1703.50	1695.50	1674.50	1665.50	1669.00	1673.50	1699.00	1732.00	1766.50	1788.50	1794.50	1779.50	1753.50	1732.50	1709.50	1692.00	1686.00	1672.50	1651.50	1608.50	1561.50	1413.50	1331.50	1358.00	1205.50	1213.50	1262.50	1325.50	1549.50	1619.50	1645.00	1653.50	1659.50	1632.00	1591.50	1530.00	1518.50	1510.00	1487.50	1461.50	1411.00	1364.50	1352.00	1248.50	1236.50	1344.50	1404.00	1373.50	1371.50	1382.50	1350.00	1224.00	1132.50	1087.50	1211.50	1153.00	1109.50	863.00	608.00	328.00	155.00	117.50	90.50	67.00	30.50	35.50	40.00	19.00	2.50	4.00	11.00	165.50	375.50	666.00	818.00	1044.00	1354.00
461.00	461.00	462.00	463.50	462.50	462.00	462.00	462.00	462.00	462.00	462.50	473.50	548.00	570.50	594.50	613.50	622.00	629.50	640.50	638.50	623.00	627.00	662.00	728.50	764.50	773.50	784.50	798.50	801.50	798.00	807.50	808.00	811.50	829.50	832.00	837.00	841.00	845.50	861.00	888.50	885.00	877.50	875.50	881.00	897.50	939.50	1043.50	1053.00	1044.50	997.50	963.00	938.50	931.50	935.00	940.50	946.00	948.00	941.00	933.00	914.00	899.00	903.50	906.50	907.00	902.00	886.50	850.50	829.50	834.50	838.50	826.50	810.50	822.00	852.50	847.00	793.50	865.50	981.00	962.00	985.00	1040.00	1111.00	1137.00	1107.50	1051.50	1024.50	1076.00	1077.00	1037.50	927.50	938.50	1017.50	1048.00	1132.50	1189.50	1209.50	1223.00	1238.00	1242.50	1244.00	1235.50	1231.50	1255.00	1308.50	1387.00	1411.00	1442.00	1447.50	1456.00	1460.50	1457.00	1477.50	1490.50	1492.00	1485.00	1485.50	1481.50	1475.00	1467.00	1463.00	1448.50	1439.00	1429.50	1429.50	1433.00	1436.00	1435.50	1436.00	1437.00	1437.50	1438.00	1436.50	1434.00	1434.00	1442.00	1466.00	1496.50	1519.50	1552.00	1568.00	1593.50	1611.50	1631.00	1648.00	1666.50	1678.50	1693.50	1710.50	1726.00	1758.00	1773.00	1796.50	1811.50	1828.50	1844.50	1853.00	1860.00	1864.00	1873.00	1877.00	1875.00	1897.00	1914.00	1902.00	1894.00	1901.00	1908.00	1903.00	1890.50	1867.50	1852.00	1837.50	1824.00	1803.00	1774.50	1742.00	1719.50	1711.00	1698.00	1693.50	1680.00	1645.50	1631.50	1632.00	1641.00	1672.00	1700.50	1736.00	1759.50	1758.00	1731.50	1704.00	1687.50	1676.00	1671.00	1672.00	1663.00	1643.50	1600.00	1547.00	1369.00	1175.50	1176.50	1057.50	1212.50	1229.50	1200.50	1492.50	1579.00	1604.50	1617.50	1647.50	1623.00	1584.00	1514.00	1503.00	1485.50	1438.00	1409.00	1357.00	1309.00	1286.00	1212.00	1140.50	1256.50	1368.00	1335.50	1379.00	1406.50	1387.00	1286.50	1169.50	1169.50	1205.50	882.00	801.50	626.00	410.00	197.00	147.50	149.00	117.00	69.50	11.50	7.50	21.00	20.50	17.00	108.00	216.50	650.50	741.50	954.00	1035.50	1189.00	1308.50
461.50	466.50	462.00	462.00	462.00	462.00	462.00	463.00	462.00	462.00	462.00	464.50	502.00	529.50	557.00	582.00	595.50	609.50	618.50	615.50	605.00	561.00	603.00	692.00	753.00	763.50	778.50	791.50	796.50	790.00	795.50	798.50	801.50	817.50	821.50	828.50	829.50	828.00	843.50	883.00	888.50	882.50	877.50	875.00	880.50	924.00	1045.50	1060.50	1056.00	991.00	963.00	930.50	922.50	926.00	932.00	938.00	941.50	933.00	924.50	903.50	896.00	903.00	903.00	903.00	886.00	865.00	838.00	822.00	817.50	826.50	819.00	801.00	806.50	836.50	828.00	750.50	757.50	819.50	845.50	942.50	986.00	1038.50	1071.00	1058.50	1011.50	991.00	1068.50	1062.50	1004.00	907.00	947.00	1046.50	1069.50	1140.00	1175.50	1176.00	1187.00	1198.50	1204.00	1214.00	1212.50	1210.50	1245.50	1314.00	1389.50	1412.50	1437.50	1434.50	1441.50	1444.00	1442.50	1465.00	1480.50	1480.50	1472.00	1470.50	1467.50	1460.50	1450.50	1444.00	1426.00	1418.50	1414.00	1415.00	1421.50	1425.00	1423.50	1423.00	1425.00	1426.00	1427.00	1424.50	1421.50	1422.00	1440.00	1473.00	1507.50	1526.00	1566.00	1580.00	1606.00	1622.00	1641.00	1656.50	1673.50	1685.00	1702.50	1720.50	1735.00	1766.50	1780.50	1799.50	1811.50	1828.00	1845.00	1853.00	1860.50	1865.00	1873.50	1878.00	1871.00	1882.00	1892.50	1890.00	1896.50	1910.00	1915.50	1899.00	1885.00	1862.00	1846.50	1832.00	1817.50	1795.50	1768.00	1735.50	1713.00	1704.50	1687.50	1679.50	1656.00	1606.50	1594.00	1590.50	1596.50	1631.00	1667.00	1705.50	1722.00	1716.50	1687.50	1668.00	1645.50	1638.50	1642.00	1651.00	1643.50	1628.00	1590.50	1541.50	1372.00	1128.50	1005.00	1020.50	1272.00	1278.00	1100.50	1437.00	1546.50	1568.00	1594.00	1632.00	1617.00	1583.00	1504.50	1487.00	1446.50	1381.50	1359.50	1326.00	1275.00	1250.50	1213.50	1083.00	1100.00	1214.50	1230.50	1366.00	1413.50	1392.50	1331.50	1229.50	1226.00	1166.50	814.50	600.00	407.00	253.00	134.00	128.00	145.50	143.50	103.50	9.50	1.00	19.00	112.50	231.50	430.50	462.50	562.50	658.50	894.00	1022.00	1101.50	1140.50
460.00	461.50	467.00	464.00	462.00	462.00	474.50	487.50	468.00	462.00	462.00	464.50	473.50	484.00	503.00	540.00	567.00	584.00	594.00	589.50	573.00	539.50	574.50	721.00	771.00	759.00	771.50	781.00	787.50	782.50	790.00	792.50	800.00	808.50	814.00	818.00	816.50	811.00	812.00	862.50	879.00	876.50	871.00	863.50	861.00	907.50	1048.50	1068.00	1069.50	988.00	978.00	920.50	914.50	918.50	924.00	930.50	936.50	926.50	917.00	893.50	898.50	907.00	909.50	905.50	890.50	866.00	847.00	831.50	803.00	812.50	811.50	793.50	793.00	819.00	821.50	764.00	763.00	734.50	734.00	821.00	911.50	946.50	988.50	1006.50	975.50	971.00	1077.50	1039.50	920.00	898.00	964.00	1058.00	1093.00	1146.50	1156.00	1136.00	1144.50	1153.50	1168.00	1185.00	1187.50	1186.00	1241.00	1307.50	1385.50	1410.00	1427.50	1419.50	1425.50	1427.00	1429.00	1453.50	1470.50	1468.50	1459.50	1456.00	1453.00	1446.50	1435.00	1425.00	1403.50	1398.50	1398.50	1401.50	1409.50	1414.00	1412.00	1410.00	1412.00	1415.00	1417.00	1414.00	1410.00	1418.00	1446.00	1481.00	1516.50	1532.50	1578.50	1593.50	1618.50	1634.50	1650.50	1666.00	1682.00	1694.50	1713.00	1732.00	1747.00	1779.50	1792.50	1808.50	1817.00	1828.50	1846.00	1854.00	1861.00	1866.00	1874.00	1878.50	1870.50	1873.50	1881.50	1887.00	1902.50	1919.00	1917.00	1894.00	1879.50	1857.00	1841.50	1827.50	1811.00	1788.00	1761.00	1728.50	1704.50	1695.00	1674.50	1658.50	1622.50	1567.00	1556.50	1550.50	1551.00	1577.50	1624.50	1677.50	1685.50	1677.50	1659.50	1636.00	1599.00	1586.50	1594.50	1612.00	1605.50	1588.00	1560.50	1525.50	1434.00	1258.00	1018.00	958.50	1087.00	1270.00	995.00	1239.50	1443.50	1537.00	1571.50	1568.50	1530.50	1492.50	1481.50	1439.00	1389.00	1309.00	1297.50	1293.00	1255.50	1226.50	1205.50	1076.50	1017.00	1035.50	1047.50	1261.50	1376.00	1359.00	1317.50	1247.50	1122.00	901.50	651.00	390.50	231.00	166.00	99.50	99.00	125.00	158.00	130.00	36.00	91.50	263.50	515.00	674.00	725.50	684.50	762.00	686.00	809.00	927.50	1036.50	1077.50
462.50	459.00	479.00	485.50	469.00	464.00	485.00	501.00	472.00	462.00	462.00	462.00	471.00	472.00	480.50	494.00	527.00	547.00	548.00	541.00	523.50	533.00	565.50	702.00	720.00	749.50	765.50	767.50	785.50	787.50	792.00	793.00	796.50	803.50	806.50	809.50	806.00	803.50	804.50	841.00	861.50	860.50	863.00	857.00	839.00	885.00	1015.50	1059.50	1056.00	982.50	1001.50	903.00	900.50	909.50	913.50	923.50	929.00	919.00	906.50	884.50	897.00	914.00	918.00	929.50	912.00	900.50	877.50	854.00	799.00	798.00	804.00	787.50	781.00	799.50	818.00	774.50	765.00	733.00	685.50	688.50	755.50	826.50	887.50	946.50	947.00	960.50	1072.50	988.50	868.00	926.00	994.00	1041.50	1082.50	1131.50	1136.50	1095.50	1103.50	1109.50	1135.50	1153.00	1159.00	1159.00	1233.00	1283.00	1358.00	1388.00	1404.50	1402.00	1408.50	1410.50	1417.00	1443.00	1461.00	1457.50	1448.00	1441.00	1438.00	1433.50	1421.00	1407.00	1382.50	1379.00	1382.50	1388.50	1398.50	1403.50	1399.50	1397.00	1399.00	1404.50	1407.00	1403.00	1399.00	1418.50	1453.00	1487.00	1521.00	1540.50	1586.00	1607.50	1632.50	1648.00	1661.00	1673.50	1690.50	1706.00	1723.50	1744.00	1760.50	1793.50	1806.00	1818.50	1824.50	1832.50	1847.00	1855.50	1862.00	1867.50	1874.00	1877.50	1873.50	1873.50	1880.50	1891.50	1911.50	1925.50	1914.50	1888.50	1875.00	1854.00	1838.00	1823.00	1804.50	1780.00	1753.50	1721.00	1694.50	1682.50	1653.50	1627.00	1583.00	1532.00	1523.50	1515.50	1504.50	1531.00	1585.00	1654.50	1651.00	1634.00	1620.00	1597.50	1552.00	1531.50	1523.50	1540.50	1529.00	1503.50	1480.00	1428.00	1341.50	1296.50	1118.00	886.50	838.50	1112.00	957.00	1052.50	1354.50	1518.00	1468.50	1378.50	1237.00	1193.50	1289.00	1173.50	1327.00	1208.50	1177.00	1240.00	1246.00	1217.50	1141.50	1068.00	1025.00	925.50	869.50	1048.50	1256.00	1259.50	1242.00	1219.50	887.00	671.00	328.50	213.50	161.50	110.50	79.50	82.50	106.00	185.00	148.00	302.50	605.00	719.00	793.00	1045.00	1102.50	956.00	836.50	906.50	940.50	1014.50	1083.00	1069.00
460.25	466.00	465.00	478.25	484.00	470.75	486.75	491.75	470.50	462.00	462.00	462.75	473.50	499.00	542.00	535.25	492.75	490.75	492.75	487.50	490.75	523.50	545.75	610.50	678.25	721.00	737.25	741.00	774.00	786.00	785.75	782.75	782.25	788.25	792.50	793.75	791.25	789.50	782.50	823.50	845.50	848.75	845.25	841.25	831.00	848.75	947.75	979.25	934.75	923.50	937.25	869.00	860.50	872.00	879.00	877.50	879.50	879.25	884.50	879.50	892.75	909.25	915.50	937.75	974.25	1008.00	950.50	896.25	804.75	782.50	791.75	781.00	768.25	775.00	791.25	775.00	756.25	707.00	682.50	685.00	685.25	694.25	726.00	786.00	854.00	911.75	964.25	840.75	813.75	921.75	1017.50	1078.00	1083.00	1097.75	1098.00	1052.00	1043.00	1065.00	1092.50	1108.00	1117.25	1116.75	1185.75	1218.25	1252.00	1284.25	1330.75	1366.25	1379.50	1386.50	1402.50	1431.00	1448.25	1441.50	1431.00	1419.75	1415.75	1412.75	1401.00	1386.75	1354.75	1349.25	1357.75	1372.00	1383.00	1387.25	1383.00	1378.25	1378.75	1388.50	1389.75	1383.75	1383.50	1419.25	1463.75	1496.75	1524.25	1549.50	1594.75	1623.50	1654.00	1666.75	1674.50	1684.75	1704.25	1722.50	1741.00	1762.50	1780.00	1812.25	1822.00	1829.25	1831.75	1837.50	1849.50	1857.50	1863.50	1869.00	1875.00	1875.25	1883.00	1889.00	1897.50	1910.25	1926.75	1926.25	1908.00	1883.50	1871.25	1852.00	1836.75	1820.75	1799.25	1775.50	1751.75	1723.25	1688.00	1667.00	1626.50	1592.00	1544.50	1505.25	1481.00	1458.00	1436.75	1437.25	1498.00	1559.75	1509.25	1479.25	1467.25	1498.50	1493.50	1441.25	1344.75	1323.25	1300.25	1251.25	1222.75	1166.25	1136.75	1260.25	1315.00	1123.50	1046.75	889.25	746.25	821.25	973.75	1181.75	1100.75	891.25	790.00	723.50	718.50	747.00	810.25	871.50	926.75	955.50	1021.50	1186.75	1225.25	1216.00	1214.75	1045.50	892.75	806.75	896.75	912.75	961.75	1003.00	593.75	323.00	217.25	186.00	132.25	84.50	86.75	96.25	114.25	250.75	392.00	886.25	1068.50	1169.25	1097.00	1089.25	1057.75	1030.00	1087.00	1106.00	1127.25	1220.75	1258.75	1217.50
458.50	472.50	462.00	482.50	491.00	477.50	492.00	493.00	472.50	462.00	462.00	463.50	476.50	514.50	566.00	560.50	493.00	482.50	481.00	483.50	491.00	526.00	541.00	601.00	676.50	710.00	726.00	730.00	764.00	779.50	781.00	777.50	778.00	784.00	787.00	788.50	786.00	782.00	770.00	809.50	835.50	844.50	838.50	827.00	818.50	841.00	929.00	948.00	902.50	899.00	895.50	857.50	845.50	856.00	864.50	853.00	856.50	862.00	879.50	879.00	889.50	906.00	911.00	924.00	997.00	1043.50	976.50	909.50	806.00	778.50	787.00	779.00	765.00	768.00	780.50	772.00	751.00	699.00	684.50	685.00	685.00	685.00	688.50	724.50	795.00	880.50	913.50	799.00	791.50	899.50	1011.00	1094.00	1084.50	1084.00	1077.50	1034.00	1019.00	1053.00	1078.50	1093.50	1104.00	1101.50	1164.00	1195.50	1215.50	1241.00	1297.00	1351.00	1369.00	1379.50	1398.50	1427.50	1444.00	1436.50	1425.50	1413.00	1408.00	1405.50	1394.50	1381.50	1345.00	1338.50	1348.50	1367.00	1378.00	1382.00	1377.50	1372.50	1372.00	1383.50	1383.50	1377.00	1378.50	1419.50	1468.00	1500.50	1526.00	1552.50	1598.00	1627.50	1660.50	1672.00	1678.00	1689.00	1709.50	1728.00	1746.50	1768.50	1786.50	1818.00	1826.50	1831.50	1834.00	1839.50	1850.50	1858.00	1864.00	1869.50	1875.00	1874.50	1887.00	1896.50	1906.00	1918.00	1931.50	1925.00	1906.00	1882.50	1870.50	1852.00	1837.00	1821.50	1800.50	1777.50	1755.50	1727.50	1689.00	1665.50	1628.00	1586.00	1537.50	1498.50	1469.50	1441.00	1417.50	1400.50	1449.50	1507.00	1441.00	1393.50	1392.00	1451.00	1458.50	1407.00	1264.50	1237.50	1214.00	1156.00	1130.50	1082.00	1093.50	1274.00	1332.00	1228.00	1217.50	942.00	723.50	729.50	747.50	905.50	906.50	713.50	629.50	599.00	568.50	597.50	610.00	669.00	828.00	842.50	888.50	1135.50	1247.00	1251.00	1254.50	1143.50	955.00	753.50	722.00	756.50	862.50	874.50	459.00	247.50	222.00	204.00	137.50	83.50	96.00	108.50	127.00	280.50	512.00	1058.50	1199.00	1268.00	1203.50	1117.00	1062.00	1102.00	1175.00	1169.50	1174.50	1273.00	1305.50	1270.50
458.50	458.25	451.25	458.25	474.25	481.00	479.00	477.00	475.25	465.25	463.25	465.25	479.00	500.00	559.75	562.25	499.75	481.25	481.25	486.50	492.75	521.00	558.50	619.75	662.75	677.00	692.00	699.50	732.75	758.00	768.00	764.25	766.00	769.50	768.25	767.50	763.50	762.00	758.25	764.25	788.25	813.00	826.75	824.00	815.50	829.50	877.50	861.50	876.25	891.00	879.00	863.75	835.50	812.75	819.00	815.00	854.00	877.50	891.00	888.00	886.75	897.00	916.25	977.50	1052.50	1066.00	1013.75	938.25	795.50	766.50	774.00	772.75	761.00	759.50	764.50	730.25	708.50	682.75	684.25	685.00	685.00	685.00	685.00	685.00	698.75	719.75	736.50	736.50	757.25	778.00	872.50	938.50	945.25	939.75	936.25	930.25	946.50	1011.50	1050.25	1064.75	1069.50	1063.50	1098.75	1124.50	1148.75	1170.00	1220.00	1288.75	1323.75	1362.75	1392.50	1420.25	1432.75	1421.75	1410.75	1394.75	1386.00	1381.50	1374.25	1358.50	1321.75	1306.25	1315.25	1339.00	1357.00	1362.50	1361.00	1353.25	1347.50	1361.00	1355.75	1351.75	1361.00	1424.00	1489.00	1517.75	1536.75	1563.50	1610.00	1638.75	1675.00	1682.75	1691.75	1705.25	1725.75	1742.75	1761.50	1784.75	1803.00	1829.25	1833.50	1838.00	1840.50	1845.25	1853.75	1860.75	1866.25	1871.50	1875.75	1873.75	1909.50	1930.25	1938.00	1944.00	1940.75	1922.00	1904.00	1882.75	1871.50	1854.75	1841.25	1828.25	1809.75	1791.50	1773.00	1744.50	1712.25	1693.25	1666.25	1607.75	1552.00	1515.50	1488.75	1460.75	1435.50	1354.00	1335.50	1269.00	1205.75	1185.25	1186.50	1206.75	1190.75	1172.75	1094.25	1076.50	1041.00	1023.50	957.50	928.00	943.75	990.25	1064.75	943.00	1024.00	830.25	688.00	633.25	590.75	593.00	604.75	583.50	599.25	586.50	589.75	589.25	583.00	597.00	569.50	538.75	566.50	694.75	851.75	1011.00	1165.75	1251.75	1170.75	1034.75	802.50	595.75	473.50	405.00	294.75	282.75	295.00	274.75	183.75	108.50	176.75	225.00	324.00	580.75	817.25	1251.25	1328.50	1377.00	1357.25	1236.75	1164.00	1227.00	1304.50	1330.00	1360.50	1398.00	1393.25	1353.00
453.50	452.50	449.00	451.00	458.00	463.50	462.00	470.00	472.50	462.00	462.00	463.50	474.50	497.00	552.50	549.00	499.00	480.50	482.50	486.50	487.50	522.50	572.00	622.00	655.50	670.50	678.00	686.50	723.00	749.50	763.00	760.00	762.50	764.00	761.50	760.00	756.50	756.50	756.00	755.00	774.00	798.00	822.50	824.00	819.50	828.00	861.00	839.00	881.50	896.00	887.50	876.00	843.00	804.00	805.00	813.00	870.00	897.50	903.50	895.50	888.50	895.50	921.50	1001.00	1067.50	1071.00	1024.00	950.00	789.50	762.50	770.00	770.00	761.00	759.50	761.50	706.00	688.50	683.00	685.00	685.00	685.00	685.00	685.00	685.00	685.00	685.00	695.50	715.50	759.00	760.00	828.00	872.50	887.50	886.00	890.50	908.50	932.50	998.50	1041.50	1057.50	1060.00	1055.00	1078.00	1101.00	1129.50	1153.50	1202.00	1270.00	1308.50	1359.00	1391.50	1417.50	1429.00	1417.50	1406.00	1388.50	1379.00	1373.00	1367.00	1347.50	1314.50	1296.00	1304.00	1327.50	1347.00	1354.00	1354.00	1346.00	1338.50	1349.00	1342.50	1341.50	1354.50	1427.50	1498.50	1524.00	1541.50	1567.50	1614.00	1643.00	1679.00	1686.50	1696.50	1710.50	1731.50	1748.00	1766.00	1789.50	1807.50	1832.00	1836.00	1840.00	1842.50	1847.00	1855.00	1861.50	1867.00	1872.00	1876.00	1874.00	1919.00	1943.00	1948.50	1952.00	1943.00	1921.50	1904.00	1883.50	1872.50	1856.00	1842.50	1830.00	1813.00	1796.50	1779.00	1751.00	1721.50	1704.00	1673.00	1614.50	1560.00	1524.50	1502.50	1478.00	1455.50	1351.50	1333.50	1249.00	1192.50	1157.50	1145.50	1141.00	1123.00	1069.50	1061.00	1042.50	1013.00	1004.00	930.50	892.00	893.00	891.50	911.50	814.50	904.50	723.50	665.00	614.50	578.00	577.00	568.50	580.00	600.00	594.00	606.00	604.00	600.50	612.00	576.50	517.00	497.00	536.50	670.00	855.00	1084.00	1248.50	1226.50	1170.50	963.50	660.00	375.50	297.50	295.50	298.50	304.50	291.50	200.00	119.50	216.00	287.50	447.50	677.00	903.50	1269.00	1388.50	1402.00	1391.00	1283.00	1183.50	1220.00	1321.50	1375.00	1409.50	1423.50	1411.00	1370.50
467.50	468.75	456.75	456.25	457.00	457.00	457.75	465.75	495.25	481.25	466.25	472.25	491.50	524.50	549.75	518.50	484.00	480.00	480.00	480.25	486.50	532.00	547.75	586.50	621.25	624.25	628.25	630.00	707.75	735.75	748.75	748.00	746.25	744.25	744.50	748.25	750.50	745.00	743.50	730.50	738.75	757.75	784.25	796.75	789.75	795.75	813.50	821.25	919.25	917.25	909.25	903.25	884.50	825.50	800.25	817.25	892.75	1007.25	1004.25	991.50	931.75	910.50	950.00	1031.50	1090.00	1098.00	1060.75	988.75	800.25	740.25	747.00	754.25	774.50	816.00	804.75	715.00	687.00	685.00	685.00	685.00	685.00	685.00	685.00	685.00	685.00	685.00	689.25	748.50	761.00	757.00	789.50	822.50	837.50	866.50	912.50	935.25	940.50	977.50	1018.75	1039.50	1042.25	1034.00	1033.00	1045.75	1076.25	1116.00	1163.75	1226.25	1275.75	1349.00	1388.25	1410.00	1419.75	1408.00	1396.00	1371.00	1347.50	1333.00	1319.25	1296.50	1284.25	1268.00	1269.25	1288.25	1313.25	1327.75	1330.00	1323.50	1311.50	1302.75	1301.25	1332.50	1358.75	1456.75	1524.75	1540.00	1558.00	1582.00	1625.00	1652.00	1680.75	1693.00	1709.75	1725.25	1745.75	1762.50	1778.75	1799.50	1817.25	1837.50	1841.00	1844.00	1846.50	1850.25	1857.75	1863.75	1868.50	1873.50	1876.75	1877.75	1954.00	1974.25	1968.75	1957.00	1940.00	1923.25	1909.00	1889.50	1878.00	1859.25	1846.50	1835.00	1824.25	1811.75	1797.75	1773.25	1747.00	1727.50	1676.00	1639.25	1597.75	1565.50	1542.50	1531.00	1530.25	1521.75	1458.00	1428.25	1313.50	1263.50	1192.25	1134.25	1065.25	1018.50	1029.25	1018.00	1020.25	1017.00	934.75	883.50	846.50	796.00	759.00	726.25	696.75	651.25	638.25	612.00	590.50	604.50	561.00	568.00	593.25	598.75	598.00	593.25	598.75	609.75	565.50	479.75	460.00	489.00	538.75	583.50	677.50	949.25	1173.00	1171.25	926.25	538.00	339.50	250.00	276.00	294.75	290.00	302.25	238.25	163.75	451.25	699.25	877.50	1121.25	1190.00	1372.50	1420.00	1395.00	1337.25	1256.75	1136.75	1094.75	1201.25	1303.75	1371.00	1357.75	1313.50	1286.25
485.50	482.75	467.00	468.75	464.00	463.00	461.00	461.00	476.25	485.50	480.25	495.00	517.50	536.00	546.50	518.25	482.75	480.00	480.00	480.00	490.50	523.50	553.00	569.50	584.50	579.75	605.25	640.50	701.25	725.00	739.75	741.75	739.25	737.75	738.00	740.50	743.75	734.75	731.25	717.00	718.00	722.25	754.75	780.50	776.00	777.50	793.50	811.00	908.25	920.25	917.50	914.00	921.50	841.25	785.25	812.50	871.25	983.75	1050.50	1057.00	999.25	958.50	977.75	1025.50	1080.25	1113.25	1076.25	999.50	793.00	721.50	735.75	766.50	820.25	893.00	879.50	796.50	729.25	684.50	684.50	685.00	685.00	685.00	685.00	685.00	685.00	685.00	687.50	731.25	760.75	760.50	788.75	825.50	841.50	876.25	923.25	960.75	960.25	976.50	1011.00	1032.00	1035.00	1024.00	1005.25	1012.50	1024.00	1081.25	1140.25	1206.50	1260.50	1341.25	1383.25	1406.75	1411.50	1402.00	1390.50	1359.75	1322.25	1303.00	1284.50	1261.75	1260.25	1249.75	1245.75	1262.25	1291.50	1311.75	1314.25	1308.25	1294.75	1280.00	1294.50	1346.00	1373.00	1475.50	1532.50	1548.25	1567.50	1591.25	1630.25	1654.00	1679.50	1692.50	1712.25	1729.25	1749.50	1768.00	1785.50	1804.25	1820.50	1839.75	1843.00	1845.25	1848.00	1852.25	1859.25	1865.00	1869.50	1874.50	1877.25	1879.50	1963.75	1981.75	1969.00	1948.50	1932.50	1919.50	1908.75	1891.25	1879.75	1860.75	1848.75	1837.75	1829.25	1820.75	1809.50	1788.25	1761.50	1741.00	1689.25	1662.50	1627.75	1602.50	1572.75	1556.75	1554.50	1559.50	1545.25	1537.75	1446.50	1384.50	1297.75	1222.25	1150.25	1067.50	1037.00	1023.75	1062.25	1060.50	959.50	879.50	847.75	798.75	779.50	755.25	688.00	668.50	663.00	654.75	611.50	657.00	678.25	657.50	636.00	620.25	633.50	626.25	586.75	586.00	532.50	465.00	463.25	476.25	528.25	550.50	558.00	696.50	957.00	1021.00	701.00	390.50	282.25	235.25	260.75	278.25	274.00	299.00	269.75	291.50	541.25	768.75	966.00	1173.75	1229.50	1342.75	1382.75	1343.50	1258.00	1216.00	1142.00	1028.25	1025.25	1189.50	1275.00	1219.25	1160.75	1130.00
480.75	478.00	481.75	495.25	482.50	475.50	472.00	461.50	460.50	475.75	500.25	522.25	553.50	556.75	551.00	522.00	483.50	480.00	480.25	484.00	489.00	519.75	576.25	560.00	552.25	560.25	615.00	660.50	731.25	714.50	732.00	734.50	734.00	733.25	730.50	733.25	735.75	725.50	719.50	703.75	706.25	692.75	715.75	764.50	750.50	750.50	773.25	810.00	893.75	911.75	901.50	901.25	952.25	831.00	757.50	809.50	881.50	983.50	1069.25	1093.50	1065.75	1028.50	1015.00	1012.75	1019.25	1105.00	1076.75	991.75	765.50	708.75	753.75	825.50	900.00	981.75	972.25	895.00	820.25	745.25	715.25	689.00	685.00	685.00	685.00	685.00	685.00	685.00	685.00	700.50	742.25	761.50	816.00	859.50	870.25	885.75	914.75	977.25	985.75	988.00	1011.00	1030.00	1032.25	1020.75	983.50	980.25	959.00	1014.50	1113.25	1189.75	1243.50	1315.25	1362.25	1394.00	1397.00	1395.25	1383.50	1347.75	1299.25	1273.75	1253.00	1232.75	1237.00	1231.00	1224.75	1239.75	1272.25	1296.50	1299.00	1292.50	1278.75	1266.00	1300.50	1365.00	1393.00	1487.75	1535.25	1554.50	1575.00	1598.25	1632.50	1652.25	1677.25	1689.25	1707.50	1724.75	1744.50	1765.25	1785.50	1804.00	1820.00	1840.25	1843.00	1845.75	1848.75	1853.50	1860.50	1866.00	1870.25	1875.25	1878.00	1879.75	1953.75	1976.00	1959.25	1935.00	1922.50	1911.25	1902.00	1887.25	1877.75	1861.00	1850.50	1840.75	1832.75	1827.25	1819.50	1801.75	1775.00	1756.50	1709.00	1682.00	1656.25	1639.25	1601.75	1574.25	1560.50	1549.75	1551.00	1544.50	1517.50	1428.25	1364.75	1334.25	1259.25	1138.75	1051.75	1049.00	1140.50	1114.00	989.50	913.75	914.50	921.25	874.00	843.50	805.25	724.00	733.50	751.00	662.50	757.00	955.00	873.25	826.00	763.50	930.75	955.75	701.75	683.50	629.75	560.75	511.25	493.00	529.50	535.50	538.25	557.00	690.50	791.00	519.50	313.25	238.25	218.75	245.50	262.50	269.50	308.25	357.50	556.50	669.50	824.75	913.25	1085.00	1184.75	1266.00	1272.50	1215.00	1140.25	1165.50	1168.25	1016.75	898.75	1088.00	1173.50	1078.75	990.25	959.50
463.25	470.00	487.00	519.50	513.25	508.00	503.25	477.00	462.50	471.25	506.25	526.75	548.25	551.25	544.25	511.50	482.50	480.75	492.75	497.25	489.00	526.25	573.00	553.25	544.00	570.25	634.25	670.25	800.00	712.50	717.75	724.00	726.00	724.50	722.25	723.75	721.25	712.50	708.00	691.25	695.00	675.00	667.25	707.50	696.50	691.25	735.50	802.00	901.50	889.00	843.50	843.25	907.50	789.25	725.00	797.50	906.25	1036.00	1073.25	1104.00	1099.00	1075.75	1048.00	1004.00	931.00	1021.25	1037.25	947.25	735.50	707.75	797.75	911.50	991.75	1066.00	1071.75	1016.25	953.75	866.25	813.00	748.00	685.50	685.00	685.00	685.00	685.00	685.00	685.00	685.00	723.25	776.25	859.75	899.00	902.50	904.25	914.00	987.75	1009.50	1008.25	1019.75	1033.75	1034.75	1024.75	977.50	954.00	922.75	935.50	1054.75	1158.00	1202.75	1255.00	1296.25	1349.25	1371.25	1386.75	1372.50	1328.00	1278.00	1247.25	1227.50	1213.50	1217.25	1213.50	1208.50	1223.00	1256.25	1281.50	1284.00	1276.50	1263.75	1256.00	1302.00	1380.50	1413.25	1493.25	1534.25	1556.50	1577.50	1598.25	1628.50	1646.50	1673.00	1683.50	1699.00	1715.50	1735.75	1757.75	1779.50	1799.00	1815.75	1838.50	1841.25	1845.50	1849.00	1854.00	1861.50	1866.75	1871.00	1875.75	1879.25	1879.00	1933.00	1958.00	1942.25	1919.75	1911.50	1902.50	1893.75	1881.75	1874.50	1861.25	1851.75	1843.75	1836.25	1831.25	1826.50	1813.50	1788.75	1774.00	1728.00	1700.00	1680.50	1667.00	1623.50	1584.00	1558.75	1536.75	1536.75	1531.50	1512.00	1422.50	1371.00	1316.50	1213.75	1143.25	1118.75	1149.50	1221.50	1122.75	992.00	1001.00	1106.00	1181.75	1113.25	1062.00	1082.25	790.25	857.75	938.50	760.00	845.50	1163.25	1126.00	1085.75	1079.25	1320.50	1347.75	1000.50	1034.75	947.00	855.50	670.75	542.00	545.75	525.75	527.75	524.50	528.25	507.75	352.25	264.75	212.75	203.50	234.00	256.50	293.75	366.50	531.00	883.25	936.25	999.50	1051.00	1104.00	1241.50	1290.00	1196.25	1104.25	1014.25	1027.50	1074.75	979.50	832.75	987.25	1086.75	1039.75	920.75	830.50
463.50	491.25	490.25	525.75	540.75	539.50	551.25	518.00	477.50	468.50	488.75	498.00	501.25	510.25	517.00	493.50	480.25	488.25	526.00	512.00	496.00	538.75	575.25	550.00	544.25	580.75	652.75	683.50	823.00	703.75	695.25	711.50	717.00	716.75	714.50	711.25	704.25	698.00	697.75	677.75	675.50	661.75	644.25	630.00	633.00	622.75	660.75	738.00	882.25	858.00	791.00	764.75	801.00	739.75	687.25	776.75	889.75	1035.50	1054.75	1096.25	1105.75	1092.25	1065.25	1001.25	882.25	894.75	935.25	843.75	707.75	717.00	850.50	995.25	1072.00	1134.75	1155.00	1141.25	1096.75	975.50	922.25	845.50	702.00	688.50	712.50	704.25	685.25	685.00	685.00	685.50	727.00	799.75	889.25	918.25	920.75	929.50	944.50	1011.25	1030.00	1033.25	1036.50	1043.50	1044.75	1036.25	988.75	944.50	909.25	888.75	959.00	1072.50	1119.00	1154.00	1204.50	1273.50	1331.00	1377.00	1365.25	1307.25	1257.00	1226.50	1209.00	1200.00	1200.75	1197.25	1194.25	1209.75	1244.25	1266.00	1269.00	1261.50	1249.50	1244.00	1292.25	1379.75	1417.75	1489.50	1530.25	1553.25	1572.50	1589.50	1619.50	1638.00	1664.75	1676.25	1689.25	1705.00	1726.25	1749.00	1771.75	1792.00	1809.00	1834.50	1838.00	1844.00	1848.50	1854.00	1862.00	1867.25	1872.00	1876.00	1880.75	1878.25	1912.75	1933.50	1923.25	1905.50	1900.25	1894.00	1887.25	1878.25	1872.50	1861.75	1853.50	1846.25	1840.00	1835.00	1830.50	1823.00	1804.00	1791.00	1746.50	1722.25	1703.75	1683.25	1635.25	1589.25	1554.50	1528.50	1522.00	1496.25	1452.25	1393.25	1361.00	1271.50	1183.25	1156.75	1247.25	1294.00	1239.25	1073.75	1014.25	1071.75	1242.75	1359.00	1338.25	1289.75	1297.50	870.50	954.25	1193.50	954.75	918.00	1235.25	1348.00	1365.75	1398.25	1484.00	1500.75	1349.50	1399.00	1212.75	1022.50	810.25	611.50	572.00	526.50	512.25	500.00	475.25	380.25	292.75	249.50	203.25	194.00	231.75	270.50	360.25	511.25	789.75	1181.50	1228.25	1175.00	1280.25	1302.25	1407.50	1393.25	1275.50	1130.75	982.50	922.00	903.00	856.00	765.50	839.50	968.00	1020.75	966.50	858.50
469.75	523.50	513.00	531.50	564.00	551.00	566.50	556.25	523.50	498.50	485.75	480.50	483.25	489.75	492.75	483.50	480.00	501.25	551.75	518.25	499.50	549.75	590.50	554.00	547.25	592.00	649.75	686.75	782.50	670.25	669.00	697.00	706.75	707.75	702.25	699.50	694.25	688.00	686.50	665.75	654.00	642.50	632.25	579.00	561.75	552.25	560.00	614.00	752.75	782.75	732.50	690.25	712.50	693.00	651.25	748.75	846.00	957.00	1005.25	1078.25	1098.00	1090.50	1064.75	1000.50	874.75	810.75	805.75	741.25	689.25	736.50	905.25	1065.50	1134.00	1187.00	1213.50	1228.00	1201.25	1073.25	1004.25	925.00	731.00	692.00	762.25	754.25	700.50	685.00	685.00	704.50	744.50	798.00	877.25	916.50	929.00	955.25	997.00	1046.00	1052.75	1065.50	1067.50	1064.00	1065.00	1053.50	1011.25	957.00	893.75	875.75	886.00	942.75	996.50	1046.25	1131.00	1207.00	1288.00	1362.50	1370.25	1300.00	1238.25	1210.75	1195.25	1187.00	1185.00	1181.25	1178.00	1198.00	1236.50	1250.25	1255.25	1248.50	1235.25	1229.00	1273.50	1360.25	1401.75	1474.75	1521.75	1546.25	1563.00	1576.75	1608.50	1628.50	1653.75	1666.75	1679.25	1693.75	1715.00	1739.25	1763.25	1783.25	1801.00	1829.00	1833.75	1841.75	1847.25	1853.75	1862.25	1868.00	1873.00	1876.00	1882.25	1878.50	1896.75	1911.25	1907.00	1895.00	1890.00	1886.25	1882.50	1876.75	1872.00	1862.75	1855.50	1849.00	1843.75	1839.25	1834.50	1829.25	1818.75	1806.25	1766.50	1746.25	1724.50	1686.75	1640.75	1596.25	1550.75	1515.00	1498.50	1450.00	1385.25	1357.00	1341.25	1291.00	1239.50	1250.75	1356.50	1378.50	1227.25	1057.00	1133.50	1211.75	1282.75	1391.75	1429.00	1375.50	1341.00	995.25	1040.50	1346.25	1132.00	998.75	1263.00	1472.75	1578.50	1577.25	1547.50	1533.50	1490.50	1480.75	1143.50	970.75	947.25	804.75	628.75	538.75	502.00	482.75	458.50	378.25	300.50	258.00	201.25	191.50	249.00	316.00	524.75	772.25	1017.25	1328.00	1404.25	1359.75	1438.25	1481.50	1517.75	1468.75	1391.25	1235.50	1067.00	960.00	839.00	767.75	693.25	686.25	801.50	896.75	943.25	912.25
474.50	531.75	542.25	535.75	567.50	566.50	568.50	573.25	580.50	546.75	505.25	485.50	486.00	487.75	482.75	480.00	482.50	515.25	571.50	529.25	502.75	550.25	600.50	559.75	558.50	602.50	626.75	672.25	716.00	645.25	655.50	669.50	687.25	691.50	685.25	683.75	683.50	678.00	674.00	654.25	638.00	630.00	622.00	564.50	511.50	504.25	501.75	519.50	575.50	617.25	601.25	595.00	635.50	642.50	614.00	710.50	807.50	887.50	966.00	1063.75	1071.00	1068.50	1056.25	1000.75	874.00	772.50	709.75	684.75	687.50	763.50	957.50	1120.00	1187.50	1230.75	1256.00	1277.75	1256.50	1155.00	1072.50	982.00	752.25	734.00	812.50	803.75	725.00	685.00	690.50	747.00	773.50	811.25	873.25	916.50	944.50	985.00	1029.75	1065.75	1073.50	1114.25	1123.75	1107.75	1096.25	1072.25	1040.75	998.00	919.75	890.00	868.75	863.50	897.75	965.50	1071.00	1164.00	1255.75	1334.00	1361.75	1289.25	1222.00	1196.25	1182.75	1174.25	1169.50	1166.25	1156.75	1177.25	1223.00	1237.00	1244.50	1236.25	1218.50	1215.25	1248.75	1332.75	1379.00	1454.50	1508.25	1537.50	1551.25	1563.25	1596.75	1618.00	1642.25	1654.25	1669.00	1683.00	1703.00	1729.00	1754.00	1773.75	1792.00	1820.75	1828.50	1838.75	1845.25	1852.75	1862.75	1869.00	1874.00	1876.25	1883.25	1880.25	1886.25	1895.00	1896.00	1889.25	1882.75	1880.25	1880.00	1877.25	1873.00	1864.25	1857.75	1851.75	1847.00	1843.75	1839.50	1834.25	1828.75	1819.00	1787.75	1768.75	1739.75	1689.25	1651.50	1609.00	1554.50	1498.25	1468.75	1419.00	1365.50	1336.75	1332.50	1338.75	1344.75	1369.75	1398.25	1389.75	1193.75	1089.25	1289.25	1410.50	1413.00	1450.75	1478.75	1374.25	1281.25	1109.00	1205.00	1375.00	1178.75	1084.00	1282.75	1528.75	1662.00	1655.25	1598.75	1530.50	1392.25	1257.50	1042.25	1148.00	1183.00	1015.50	764.75	585.50	507.50	471.25	458.25	398.00	324.25	275.25	211.50	208.75	299.00	437.00	787.50	1064.75	1178.00	1338.00	1400.50	1421.75	1495.50	1531.25	1533.75	1491.00	1422.25	1279.25	1138.00	1045.75	882.75	773.00	655.75	607.50	616.00	682.00	763.75	802.00
478.25	508.25	522.25	524.50	551.25	567.25	577.00	585.00	617.50	580.25	523.00	497.50	487.00	485.75	481.00	482.00	485.75	512.75	583.00	544.25	516.00	558.25	604.75	569.50	579.50	606.00	611.25	652.25	658.75	626.50	649.50	638.50	658.25	672.25	670.25	669.00	670.50	668.00	662.25	642.00	627.00	620.25	605.50	559.50	498.50	494.00	497.00	497.00	497.50	504.00	506.00	517.50	547.00	564.50	553.00	659.25	768.25	868.75	992.75	1058.50	1010.50	1014.25	1054.50	1008.50	873.50	761.25	667.75	651.50	698.00	790.25	1001.25	1154.75	1230.50	1273.00	1293.50	1306.00	1267.75	1187.75	1102.25	995.50	757.25	814.00	869.50	849.50	754.25	711.25	712.75	792.50	816.25	860.25	909.25	937.25	975.00	1025.00	1034.25	1065.75	1089.00	1172.75	1187.75	1166.50	1131.00	1089.25	1068.50	1052.25	1008.25	959.75	886.00	850.00	862.00	913.75	999.25	1127.50	1226.00	1292.50	1328.00	1261.25	1202.50	1180.50	1169.75	1161.50	1155.00	1150.50	1130.75	1144.00	1187.00	1212.75	1223.50	1216.75	1203.75	1208.75	1226.75	1308.50	1358.75	1434.25	1491.50	1527.00	1538.50	1549.00	1585.00	1606.50	1630.00	1640.00	1657.25	1673.50	1692.00	1718.00	1743.50	1763.50	1781.25	1809.50	1821.25	1834.75	1842.50	1851.50	1863.25	1870.00	1875.00	1877.00	1883.50	1882.50	1881.75	1885.50	1890.00	1887.50	1879.50	1878.50	1881.75	1881.00	1876.25	1866.25	1860.00	1854.25	1850.00	1848.00	1844.50	1839.75	1834.25	1828.00	1808.00	1788.75	1753.75	1701.75	1669.00	1625.25	1567.25	1496.00	1456.25	1416.50	1388.75	1364.75	1383.25	1431.25	1448.25	1419.50	1377.25	1339.75	1152.25	1175.75	1419.50	1533.00	1558.25	1552.75	1549.00	1448.75	1364.75	1294.75	1424.00	1436.00	1295.50	1275.25	1401.75	1606.25	1712.25	1689.25	1624.50	1548.50	1379.25	1108.00	1178.50	1416.75	1337.00	1120.25	910.50	608.50	511.50	466.25	457.75	418.75	346.25	295.25	250.75	267.50	389.50	634.50	1016.75	1212.75	1257.50	1282.50	1322.50	1366.75	1426.75	1489.50	1502.00	1466.25	1392.00	1229.25	1105.50	1042.25	897.75	791.00	687.75	624.50	543.50	496.00	500.00	553.50
476.75	473.00	475.25	503.25	523.75	540.25	562.75	578.75	620.25	608.00	558.25	537.50	506.75	492.00	483.50	487.00	493.00	505.25	553.75	543.75	532.50	583.25	621.00	580.00	591.75	599.00	608.50	632.75	633.75	608.25	632.75	620.50	627.50	654.50	654.00	656.00	660.00	658.50	651.00	632.00	615.25	599.75	582.75	553.00	501.75	493.50	497.00	497.00	497.00	497.00	497.00	497.00	499.00	505.50	499.00	574.50	673.00	846.50	1021.50	1038.50	933.75	934.00	1061.00	1024.50	873.50	753.25	648.00	635.50	714.50	816.50	1024.50	1165.00	1252.00	1311.75	1330.00	1321.50	1258.25	1175.00	1089.50	972.25	739.50	832.25	906.00	897.25	826.50	769.25	741.00	832.75	869.50	903.75	947.50	973.25	1014.25	1067.50	1061.00	1070.50	1100.25	1206.50	1222.25	1206.25	1153.00	1103.25	1090.50	1083.75	1076.50	1055.50	937.00	854.00	858.75	899.00	934.50	1088.00	1209.75	1254.25	1290.50	1226.25	1176.75	1162.50	1156.25	1148.75	1141.50	1131.75	1116.75	1129.75	1153.50	1184.75	1200.25	1203.25	1206.75	1211.25	1227.50	1307.00	1349.25	1416.75	1474.25	1513.50	1526.00	1534.75	1573.25	1595.00	1616.75	1624.75	1644.25	1662.75	1682.25	1707.50	1732.75	1752.50	1770.00	1797.50	1811.75	1829.75	1838.75	1849.75	1863.75	1871.00	1876.00	1877.75	1883.00	1884.50	1882.00	1882.25	1887.25	1887.50	1879.75	1882.50	1889.75	1888.75	1881.50	1868.75	1862.00	1856.75	1853.00	1851.75	1849.25	1845.25	1839.00	1834.25	1823.25	1806.00	1768.00	1718.25	1686.25	1639.00	1579.25	1509.00	1469.50	1452.00	1453.75	1470.25	1498.75	1537.25	1512.75	1430.00	1349.50	1307.75	1295.25	1428.25	1562.00	1619.50	1645.50	1645.50	1635.75	1598.00	1580.50	1551.25	1596.00	1549.25	1521.00	1534.50	1586.25	1689.25	1732.25	1704.50	1647.00	1591.50	1502.00	1236.75	1376.25	1503.25	1372.25	1228.00	862.50	568.75	497.25	456.75	454.75	436.00	367.00	352.75	369.25	383.75	566.25	727.50	1035.00	1167.75	1212.00	1216.25	1240.75	1273.25	1338.50	1428.50	1452.50	1386.00	1301.50	1171.25	1088.00	1017.25	929.00	847.25	760.00	753.50	652.25	526.75	406.25	354.50
458.00	452.00	457.00	480.00	504.00	528.00	548.50	552.50	582.00	613.00	611.00	618.50	589.50	538.00	500.00	497.00	499.50	508.50	545.00	554.00	538.50	617.00	629.00	550.00	536.00	571.50	600.50	631.00	623.00	608.00	641.00	639.00	587.00	612.00	626.50	629.00	632.00	625.50	617.00	602.50	582.00	564.50	542.50	513.50	490.00	493.50	497.00	497.00	497.00	497.00	497.00	497.00	497.00	497.00	497.00	497.00	498.00	605.00	749.50	861.00	790.00	843.50	1038.50	1011.50	846.00	706.00	615.50	633.00	734.50	841.00	1012.00	1149.00	1251.50	1345.50	1376.50	1341.50	1248.00	1146.50	1078.50	935.50	678.00	762.50	922.50	933.00	937.50	872.50	765.50	902.00	955.00	969.50	1002.50	1031.50	1076.00	1130.50	1133.00	1127.00	1135.00	1183.00	1215.50	1204.50	1151.00	1125.50	1118.00	1101.00	1101.00	1134.50	1078.00	933.50	891.50	931.00	928.00	1025.50	1199.50	1229.50	1209.50	1158.00	1130.00	1133.00	1135.50	1130.50	1120.50	1102.00	1146.00	1172.00	1194.00	1228.50	1231.50	1231.50	1234.00	1236.00	1271.00	1357.50	1368.50	1401.50	1450.00	1488.00	1504.00	1515.00	1558.00	1579.00	1595.50	1601.00	1623.00	1642.50	1668.50	1693.50	1717.00	1737.00	1754.00	1780.50	1796.00	1818.50	1831.00	1846.00	1865.00	1872.50	1877.50	1879.00	1881.00	1885.00	1885.50	1884.50	1887.00	1887.50	1883.00	1899.00	1913.50	1907.00	1892.50	1873.00	1864.50	1859.50	1857.00	1856.00	1855.50	1852.50	1847.00	1842.50	1835.50	1826.00	1789.00	1744.00	1699.00	1640.50	1589.50	1547.00	1517.00	1559.00	1602.50	1629.50	1628.50	1622.50	1570.50	1496.00	1430.00	1449.50	1609.00	1676.00	1688.00	1708.00	1715.00	1712.50	1703.50	1720.50	1720.00	1700.00	1683.50	1681.50	1699.00	1710.50	1710.00	1719.50	1719.00	1705.50	1681.50	1665.50	1619.50	1573.50	1588.50	1563.50	1266.50	994.50	771.00	521.00	460.50	431.50	449.50	467.00	463.50	751.00	932.00	743.50	1059.00	886.00	885.00	1013.50	1169.50	1204.00	1212.50	1186.00	1262.50	1315.50	1324.00	1211.00	1199.00	1180.50	1194.00	1224.00	1116.00	1006.50	937.00	985.00	860.00	722.00	587.00	489.00
450.50	450.75	451.00	488.50	529.00	545.00	549.00	543.25	564.75	600.75	606.75	607.25	599.75	550.75	506.25	502.25	502.75	522.00	563.00	565.50	545.75	597.25	593.50	542.75	531.50	569.00	592.25	614.75	625.75	604.00	640.00	645.50	589.75	593.75	614.75	617.25	617.00	603.50	596.00	581.75	564.75	539.25	535.00	524.50	504.25	496.00	489.75	493.75	494.50	497.00	497.00	497.00	497.00	497.00	497.00	497.00	497.50	551.25	640.25	743.75	718.75	832.25	997.25	988.50	834.75	686.25	609.75	636.25	735.00	839.00	1002.75	1144.75	1245.75	1341.00	1380.75	1350.00	1249.25	1142.75	1078.25	921.25	660.50	749.50	904.00	930.25	940.00	873.00	773.25	940.00	995.75	1008.00	1026.25	1052.75	1101.50	1153.50	1158.50	1155.25	1165.25	1189.50	1212.50	1195.50	1152.25	1137.50	1126.00	1104.50	1102.25	1143.25	1114.50	1005.00	934.00	950.00	942.25	1017.00	1143.75	1169.25	1128.75	1127.75	1113.75	1123.50	1128.75	1124.25	1114.00	1096.25	1157.00	1190.75	1205.25	1226.75	1229.50	1232.25	1243.75	1251.25	1287.00	1366.25	1373.75	1398.25	1442.50	1478.00	1494.75	1508.50	1554.25	1573.50	1587.75	1593.00	1615.75	1636.25	1665.25	1690.00	1712.25	1731.75	1748.75	1775.50	1790.75	1813.25	1828.25	1845.25	1865.25	1873.00	1877.75	1879.25	1880.75	1884.25	1886.25	1885.25	1887.25	1886.50	1885.00	1908.25	1924.50	1915.00	1897.00	1874.25	1865.25	1860.50	1858.00	1857.25	1857.00	1854.50	1849.50	1845.25	1838.50	1829.75	1794.75	1749.25	1698.00	1639.75	1600.00	1574.00	1555.50	1608.50	1645.00	1661.75	1653.00	1642.25	1594.50	1524.25	1479.75	1514.50	1642.25	1688.00	1702.50	1718.00	1720.25	1706.00	1696.75	1708.25	1707.75	1700.00	1694.75	1695.25	1700.50	1695.50	1694.25	1703.25	1704.00	1698.25	1686.50	1678.75	1647.75	1603.25	1609.00	1567.25	1233.25	957.50	692.00	509.00	448.00	426.50	448.00	490.25	509.25	809.50	1030.25	1013.50	1182.25	1022.25	947.50	1130.75	1234.25	1234.75	1234.00	1187.50	1234.25	1266.75	1255.75	1225.50	1272.50	1273.00	1295.25	1294.00	1184.25	1086.75	1003.75	1028.50	892.25	754.50	640.75	501.25
440.25	442.50	439.00	498.25	564.25	563.50	546.25	529.50	527.50	568.25	597.50	586.00	591.75	561.00	527.00	524.00	529.50	555.25	588.25	576.50	564.50	561.25	545.75	534.25	524.25	555.25	570.25	577.50	603.00	590.25	624.75	641.50	587.50	550.50	574.00	589.75	584.00	566.00	553.75	531.50	521.75	515.50	542.25	556.50	545.25	521.75	505.75	515.50	495.75	489.50	495.00	497.00	497.00	497.00	497.00	497.00	497.00	497.25	514.00	561.50	582.25	741.00	884.25	937.50	814.50	649.00	583.50	641.00	738.50	838.75	991.00	1132.50	1222.50	1313.75	1367.75	1355.00	1255.00	1134.50	1066.25	874.25	635.25	730.50	859.25	920.75	936.75	867.50	821.50	1012.50	1094.00	1088.25	1095.00	1114.50	1155.75	1194.50	1203.25	1205.25	1214.75	1213.50	1215.50	1196.00	1169.75	1162.25	1141.50	1113.00	1101.50	1150.50	1173.50	1122.50	1024.25	989.50	971.50	1008.00	1061.25	1067.50	1031.00	1077.75	1084.50	1105.00	1115.00	1111.75	1101.50	1087.75	1167.75	1217.50	1219.00	1216.75	1226.50	1237.50	1264.00	1283.50	1316.50	1372.00	1378.75	1391.00	1427.50	1457.00	1475.50	1497.25	1545.00	1561.50	1572.25	1577.25	1600.50	1625.75	1658.25	1683.00	1702.75	1721.50	1738.00	1765.25	1780.00	1804.25	1824.25	1844.25	1866.00	1874.25	1878.25	1879.50	1879.75	1882.50	1886.50	1886.00	1887.50	1884.50	1889.00	1927.75	1946.75	1931.75	1905.75	1876.50	1866.75	1862.00	1859.75	1859.50	1859.75	1858.00	1853.75	1850.00	1843.75	1835.75	1804.25	1758.00	1699.25	1649.00	1627.25	1630.50	1637.25	1689.75	1710.25	1718.50	1700.75	1679.25	1639.25	1579.25	1570.25	1618.00	1695.00	1715.25	1724.00	1725.00	1719.75	1684.75	1672.25	1665.75	1674.25	1683.75	1697.50	1705.50	1694.75	1664.00	1655.75	1666.00	1672.50	1672.75	1680.50	1681.50	1665.75	1642.25	1634.25	1512.25	1173.25	892.00	593.50	480.25	425.00	417.75	447.00	541.25	675.50	860.50	1096.50	1319.50	1362.25	1239.75	1131.00	1285.50	1334.50	1308.75	1269.25	1192.50	1172.75	1181.75	1141.75	1240.50	1330.50	1377.50	1404.00	1381.25	1303.50	1220.75	1126.50	1097.25	953.00	846.25	699.00	437.50
435.75	434.00	432.75	477.75	529.75	543.75	546.00	521.00	503.50	533.25	569.50	567.50	558.75	553.75	556.75	564.75	574.00	585.50	583.75	562.25	556.75	535.25	528.75	528.50	519.75	542.00	560.00	550.75	570.00	584.00	611.00	625.00	583.00	515.50	507.00	530.25	533.50	516.50	508.75	496.25	490.25	509.00	552.50	574.25	578.50	563.75	566.50	585.75	560.00	528.75	496.50	484.25	487.50	497.00	497.00	497.00	497.00	497.00	497.00	496.75	507.00	583.00	687.00	799.25	773.00	609.00	536.75	624.50	735.25	837.50	984.25	1109.75	1184.25	1259.25	1311.50	1318.50	1241.75	1113.75	1032.00	813.00	623.75	720.75	811.75	906.50	925.75	869.50	899.25	1053.75	1163.50	1153.00	1184.00	1194.50	1210.75	1228.25	1236.00	1241.00	1242.50	1238.50	1228.25	1214.50	1199.25	1185.75	1155.75	1122.50	1094.00	1139.75	1200.75	1192.00	1098.50	1028.00	1001.25	1013.50	1030.00	1023.50	1014.00	1048.00	1064.00	1090.25	1101.75	1099.50	1089.50	1083.00	1146.00	1199.75	1206.75	1213.50	1229.75	1252.00	1283.75	1311.50	1335.50	1363.50	1376.25	1381.50	1411.25	1435.00	1455.50	1487.00	1532.75	1547.75	1556.25	1561.00	1587.00	1619.25	1649.00	1674.75	1693.00	1712.00	1727.25	1754.75	1769.25	1800.75	1824.25	1844.00	1867.00	1875.50	1878.25	1879.25	1878.75	1880.25	1884.75	1885.00	1886.75	1882.50	1892.00	1948.00	1967.50	1949.25	1913.00	1877.75	1867.75	1863.25	1861.00	1861.00	1861.50	1860.50	1856.75	1853.75	1847.75	1840.00	1811.75	1765.00	1707.25	1669.50	1659.75	1677.00	1706.75	1745.50	1753.25	1763.00	1747.25	1716.00	1677.75	1629.50	1638.25	1674.25	1722.75	1736.00	1729.75	1710.75	1698.25	1646.00	1632.00	1605.25	1624.50	1633.00	1643.75	1687.75	1678.25	1628.50	1604.25	1620.25	1636.25	1626.00	1625.75	1618.50	1597.75	1637.50	1634.25	1360.75	1038.00	819.25	545.00	449.25	407.50	412.00	452.50	576.00	812.50	940.75	1071.25	1303.00	1413.00	1360.00	1303.50	1351.75	1382.00	1365.00	1288.50	1201.75	1131.75	1120.50	1080.25	1204.50	1260.25	1362.75	1399.50	1402.50	1366.75	1285.50	1173.75	1105.50	1003.75	918.25	642.50	290.00
448.00	432.25	433.00	445.75	471.50	527.50	546.25	519.50	505.25	503.50	520.75	547.00	546.75	550.75	571.25	595.75	601.00	580.50	577.50	575.50	555.75	525.75	524.50	521.50	518.00	533.75	551.00	539.00	555.50	582.25	605.50	615.00	580.50	503.25	463.50	472.25	486.25	477.75	484.75	494.50	491.75	492.25	532.75	555.25	577.50	594.25	631.50	679.25	680.50	627.00	542.00	488.50	473.25	478.75	494.25	486.75	496.50	497.00	497.00	497.00	497.00	501.00	529.25	593.75	652.25	547.75	503.75	563.50	685.50	788.00	955.75	1072.25	1139.00	1177.00	1218.25	1237.00	1180.50	1066.75	976.50	763.50	614.25	698.75	766.00	860.50	909.00	876.50	974.50	1056.25	1162.50	1180.50	1239.00	1258.00	1259.75	1262.00	1262.75	1265.75	1258.25	1250.50	1240.25	1228.25	1218.50	1204.25	1168.75	1130.25	1080.75	1111.00	1173.00	1197.00	1135.25	1059.75	1029.00	1025.50	1027.25	1021.50	1015.00	1031.75	1051.75	1079.75	1089.75	1087.75	1077.50	1076.50	1133.50	1188.25	1206.50	1223.00	1240.00	1263.75	1288.25	1313.00	1330.00	1348.25	1364.50	1368.75	1392.50	1412.75	1437.75	1475.25	1520.75	1534.25	1540.25	1544.50	1580.75	1613.25	1637.25	1664.25	1683.75	1702.50	1716.75	1744.50	1762.00	1802.00	1826.75	1844.00	1868.00	1875.75	1877.50	1878.00	1877.75	1878.00	1881.75	1882.50	1884.75	1880.50	1892.50	1960.75	1979.75	1962.25	1916.00	1877.75	1868.00	1864.00	1862.00	1862.00	1862.50	1862.00	1858.75	1856.00	1850.75	1843.50	1818.50	1771.25	1719.00	1687.00	1685.00	1708.25	1751.25	1788.25	1792.50	1800.00	1788.75	1755.00	1714.50	1672.50	1680.75	1703.75	1731.00	1738.25	1723.50	1686.50	1655.00	1590.75	1552.25	1495.50	1503.75	1512.75	1537.00	1651.75	1659.25	1581.25	1523.75	1558.25	1581.00	1569.25	1516.50	1443.00	1452.75	1592.25	1554.00	1213.25	921.25	693.00	498.50	426.00	396.75	411.00	467.25	616.00	894.50	1101.75	1145.25	1248.50	1404.50	1416.25	1381.25	1394.50	1396.50	1379.75	1295.50	1216.50	1142.25	1081.50	1051.25	1140.50	1220.75	1337.50	1384.25	1401.25	1352.50	1235.00	1103.75	1024.50	985.25	884.75	505.75	177.50
483.00	436.75	435.75	439.00	450.25	502.50	527.25	510.50	498.50	479.25	488.50	518.25	542.25	540.50	551.50	590.50	601.25	545.50	573.75	621.50	601.25	532.00	527.00	521.75	519.75	523.25	529.25	527.00	534.75	556.25	563.50	585.00	557.75	497.00	458.50	457.25	466.25	470.75	473.25	487.75	493.00	481.00	505.50	538.00	586.75	626.75	683.25	749.50	764.75	711.25	624.25	547.75	507.75	484.00	488.25	468.25	492.25	497.00	497.00	497.00	497.00	497.00	497.00	497.75	529.25	503.00	497.00	508.75	587.00	657.25	838.50	999.00	1071.75	1066.75	1088.75	1137.50	1092.75	1001.25	915.00	729.50	603.50	657.25	726.50	796.75	892.50	884.25	1059.75	1096.75	1173.00	1201.25	1260.50	1299.25	1301.75	1297.00	1289.00	1285.25	1272.25	1260.25	1249.75	1236.50	1229.00	1218.00	1179.00	1136.00	1067.00	1072.00	1103.75	1141.25	1140.50	1083.50	1051.25	1037.50	1030.50	1020.00	1014.00	1020.25	1039.00	1066.00	1073.50	1072.00	1060.75	1062.25	1158.75	1215.75	1221.50	1226.00	1241.00	1254.25	1267.25	1288.50	1304.75	1325.75	1339.00	1354.00	1374.50	1394.00	1424.50	1462.75	1509.25	1522.25	1525.25	1531.75	1579.50	1604.50	1625.50	1652.50	1675.00	1692.50	1706.50	1736.75	1759.25	1802.00	1827.00	1843.50	1868.25	1874.75	1876.00	1875.75	1875.50	1875.50	1878.25	1879.00	1882.00	1878.50	1889.00	1954.25	1976.75	1959.25	1912.75	1876.75	1868.00	1864.50	1862.75	1862.75	1863.25	1862.50	1859.50	1856.75	1852.00	1846.00	1823.00	1775.75	1729.00	1699.50	1700.50	1736.00	1785.25	1819.25	1823.75	1827.75	1818.50	1792.25	1755.25	1715.25	1712.50	1725.25	1728.25	1729.75	1716.00	1672.50	1607.50	1498.75	1412.25	1368.75	1357.25	1308.75	1388.50	1583.50	1587.50	1451.25	1386.00	1442.00	1439.25	1459.75	1417.75	1261.00	1320.25	1509.50	1390.50	1095.75	818.25	575.00	465.75	410.50	392.00	417.75	491.50	672.00	1015.25	1213.00	1277.25	1311.25	1409.75	1438.00	1416.25	1412.00	1399.25	1382.25	1294.00	1232.75	1181.00	1059.00	1010.50	1110.00	1242.25	1347.25	1355.00	1372.50	1310.50	1149.00	1011.75	903.25	824.75	714.25	377.75	122.25
504.25	437.50	444.00	444.00	445.25	461.75	484.75	478.75	472.75	466.00	480.25	491.50	521.25	522.00	522.00	547.75	573.75	517.75	559.00	628.00	640.00	551.75	534.50	537.00	537.50	534.75	531.25	535.00	530.00	529.00	509.50	527.75	506.00	483.00	462.25	456.00	458.50	466.00	462.00	469.50	474.25	476.75	494.75	532.50	594.75	643.50	713.50	768.75	792.25	762.75	692.50	622.00	584.75	557.00	535.50	503.50	498.00	495.50	495.25	497.00	497.00	497.00	497.00	497.00	495.75	497.00	497.00	497.00	514.50	535.75	642.75	801.00	912.25	917.25	932.75	1051.25	1011.75	935.75	864.50	705.00	591.50	617.25	712.50	794.00	915.75	955.00	1161.50	1199.25	1235.25	1251.25	1295.00	1333.50	1337.75	1328.50	1313.50	1301.75	1286.25	1271.25	1257.50	1244.00	1238.00	1228.00	1178.25	1136.00	1065.00	1044.50	1052.50	1083.25	1121.50	1098.25	1067.50	1048.75	1032.75	1015.25	1008.50	1009.25	1019.50	1039.00	1048.25	1047.25	1041.50	1047.50	1170.00	1224.00	1219.00	1220.25	1226.50	1232.50	1241.25	1263.50	1280.50	1303.00	1316.50	1342.00	1361.50	1381.75	1414.25	1450.25	1495.50	1509.00	1513.50	1529.50	1576.00	1593.25	1614.50	1640.75	1665.50	1682.75	1696.50	1733.25	1757.50	1799.00	1823.25	1842.00	1867.00	1872.25	1873.00	1872.50	1872.00	1872.25	1875.00	1875.50	1878.75	1876.75	1882.00	1931.25	1956.75	1939.50	1904.00	1874.75	1867.75	1865.00	1863.25	1863.00	1863.25	1862.00	1859.00	1856.25	1851.00	1846.00	1823.50	1777.25	1734.25	1708.00	1710.50	1759.50	1813.25	1839.25	1844.25	1845.25	1837.00	1821.00	1795.00	1761.00	1745.25	1744.75	1723.00	1721.25	1715.75	1682.75	1604.00	1444.00	1359.75	1366.00	1344.50	1167.75	1223.75	1396.50	1381.25	1216.00	1187.75	1220.50	1224.50	1352.00	1331.75	1175.00	1189.25	1345.75	1157.25	932.50	667.50	510.25	438.00	400.00	393.50	435.75	525.00	748.00	1064.25	1216.00	1357.50	1383.75	1420.75	1442.00	1427.25	1416.00	1398.50	1381.75	1282.50	1235.00	1176.25	1045.25	961.25	1102.75	1234.75	1313.50	1267.00	1285.00	1269.00	1161.25	1035.50	903.75	719.50	565.50	300.75	105.75
492.00	430.50	447.00	468.50	466.25	461.25	457.50	455.75	457.50	461.25	475.00	479.00	499.75	513.50	509.00	509.50	531.50	504.25	534.25	598.25	632.25	576.25	544.50	555.50	558.00	559.00	564.75	576.25	543.25	539.50	506.00	500.75	471.50	466.25	465.50	455.00	456.00	459.00	458.50	460.50	464.00	491.75	505.25	530.25	587.00	632.50	700.75	747.50	795.50	792.75	739.50	680.50	653.50	641.00	627.50	610.75	570.00	535.00	517.25	497.50	495.00	497.00	497.00	497.00	497.00	497.00	497.00	497.00	497.00	497.75	518.50	578.25	671.25	728.25	773.25	972.25	945.50	877.50	817.00	679.25	571.00	583.75	720.00	862.50	996.25	1069.50	1237.50	1286.00	1309.75	1321.25	1342.75	1362.50	1364.25	1353.75	1334.50	1316.75	1300.75	1282.50	1264.75	1253.25	1246.50	1231.25	1156.00	1121.50	1071.00	1035.25	1028.50	1050.50	1092.50	1100.00	1080.50	1057.25	1033.50	1010.75	1002.25	998.00	996.75	1005.00	1034.25	1040.50	1046.75	1056.00	1166.50	1213.25	1208.75	1207.25	1206.00	1211.25	1227.25	1249.75	1266.75	1298.00	1322.00	1344.75	1360.00	1376.25	1405.25	1438.25	1480.50	1494.25	1508.00	1531.50	1565.75	1580.75	1604.00	1630.00	1655.25	1674.25	1688.00	1731.50	1755.50	1795.25	1819.50	1840.25	1863.75	1868.00	1868.50	1867.75	1867.50	1868.25	1871.50	1872.50	1875.50	1875.25	1874.50	1905.00	1927.00	1915.25	1892.50	1872.25	1867.00	1865.00	1863.50	1863.00	1862.75	1860.75	1857.25	1854.00	1848.00	1842.75	1820.00	1774.75	1735.25	1712.00	1716.00	1774.00	1828.75	1850.75	1855.50	1856.00	1850.00	1838.50	1822.75	1800.00	1774.75	1762.75	1717.75	1717.25	1721.25	1701.50	1651.25	1530.25	1493.25	1495.00	1468.50	1178.50	1142.50	1167.50	1123.00	1005.25	1007.50	988.50	994.00	1142.00	1224.50	1140.25	1047.25	1121.00	918.00	711.75	557.25	465.75	418.75	396.75	406.25	467.50	558.50	788.25	1059.25	1251.75	1390.25	1397.00	1424.00	1437.50	1423.50	1406.75	1388.00	1368.25	1264.00	1216.75	1111.75	1001.75	922.25	1044.25	1159.75	1221.25	1162.00	1153.25	1224.75	1220.25	1121.00	1011.75	792.00	586.25	275.25	99.50
470.00	431.50	438.00	528.50	519.00	519.50	503.50	477.50	466.50	465.50	486.50	499.50	511.50	509.00	502.00	497.50	502.00	494.50	496.00	517.00	543.50	578.50	552.00	559.00	544.50	551.00	584.00	616.50	568.00	550.50	528.00	503.00	503.00	475.00	459.00	456.00	454.50	455.50	453.00	459.00	468.00	509.00	533.50	532.50	544.00	590.00	644.50	717.00	800.00	827.50	795.50	752.00	736.50	722.00	725.50	762.00	737.50	694.00	656.00	585.50	513.50	491.00	486.50	487.50	497.00	497.00	497.00	497.00	497.00	497.00	497.00	497.00	497.00	503.00	540.00	718.50	817.00	806.50	739.50	625.50	510.50	514.00	627.00	886.50	1096.00	1183.50	1277.00	1339.00	1383.50	1394.50	1401.50	1385.00	1385.50	1378.00	1360.00	1338.50	1321.00	1297.50	1279.00	1267.50	1251.00	1221.50	1097.00	1080.50	1062.00	1028.00	999.00	1006.00	1048.00	1084.00	1094.50	1062.50	1031.00	1003.50	993.00	982.00	968.50	995.50	1063.50	1081.00	1095.50	1104.00	1174.50	1188.00	1179.00	1171.00	1169.50	1193.00	1223.50	1246.00	1263.50	1326.00	1365.50	1372.00	1375.50	1381.50	1398.00	1423.00	1459.50	1475.50	1501.50	1521.00	1545.00	1564.50	1591.00	1616.00	1640.50	1664.00	1681.00	1728.00	1754.00	1794.00	1818.00	1838.00	1855.50	1858.00	1858.00	1858.00	1858.50	1860.00	1865.50	1867.50	1870.50	1873.50	1867.00	1874.50	1886.00	1884.00	1876.50	1868.50	1866.50	1864.50	1863.50	1862.50	1861.50	1857.50	1852.00	1848.50	1839.50	1833.50	1810.00	1764.50	1731.50	1712.00	1716.00	1772.00	1820.50	1847.50	1853.50	1858.00	1862.00	1856.00	1843.50	1832.00	1807.50	1783.00	1708.00	1715.00	1721.00	1701.00	1699.50	1692.00	1678.50	1609.00	1564.00	1284.50	1145.00	1129.00	1070.00	1028.00	1054.00	947.50	820.50	811.00	797.50	885.00	897.50	755.00	584.00	549.50	483.00	436.00	414.50	415.50	459.50	550.00	592.50	958.00	1326.50	1433.00	1418.50	1409.00	1428.00	1416.50	1391.00	1371.00	1342.00	1291.00	1241.50	1111.00	1014.50	947.50	902.00	856.00	853.00	973.50	1032.00	1032.00	1185.50	1231.00	1071.50	990.00	833.00	656.50	258.00	88.50
477.25	435.00	431.25	512.00	520.00	535.50	529.00	503.75	482.00	474.75	498.50	521.25	517.75	502.25	496.00	497.00	499.00	496.00	495.00	506.00	527.25	572.75	555.25	548.25	531.75	543.25	583.25	610.75	569.50	549.50	540.00	509.25	504.25	485.75	470.25	460.00	454.00	455.00	452.50	455.50	461.50	505.25	541.00	531.00	530.25	574.25	636.50	717.75	800.00	841.50	811.25	763.00	752.75	740.75	743.50	777.50	762.25	730.50	697.75	628.75	557.25	526.25	510.50	499.00	493.00	495.75	497.00	497.00	497.00	497.00	497.00	497.00	497.00	500.00	518.50	614.00	695.25	757.25	710.00	597.50	504.00	505.75	594.50	823.50	1068.50	1177.25	1264.25	1320.00	1369.75	1379.75	1395.50	1389.50	1390.25	1384.75	1365.25	1344.50	1326.00	1302.00	1284.00	1268.25	1248.25	1215.75	1085.00	1070.50	1053.25	1021.50	987.75	985.75	1023.50	1068.00	1090.00	1061.00	1027.75	999.50	988.75	976.50	963.75	1006.00	1068.75	1085.50	1107.50	1121.50	1172.75	1175.00	1165.25	1154.25	1165.75	1201.75	1227.25	1248.25	1266.50	1333.25	1371.75	1380.50	1382.00	1387.50	1401.50	1422.50	1455.50	1472.00	1498.25	1517.25	1541.00	1563.25	1589.75	1613.00	1637.50	1661.75	1680.25	1727.50	1754.75	1793.50	1813.50	1835.75	1851.25	1853.50	1853.00	1853.50	1854.75	1857.00	1863.00	1865.50	1868.75	1872.50	1866.25	1869.25	1878.00	1877.75	1873.00	1867.50	1866.25	1864.50	1863.25	1862.00	1860.50	1856.25	1850.00	1845.75	1836.00	1830.25	1804.00	1759.00	1727.75	1709.75	1713.00	1761.50	1806.25	1839.25	1846.50	1853.25	1860.75	1858.25	1846.75	1836.00	1813.75	1787.25	1702.25	1708.00	1702.50	1673.25	1675.25	1690.25	1691.50	1629.00	1569.75	1259.25	1164.50	1233.25	1265.75	1268.00	1296.25	1175.50	961.50	854.25	760.75	793.50	812.50	666.75	559.50	531.50	477.75	439.75	423.75	438.25	491.25	601.25	616.75	950.75	1297.75	1424.00	1415.00	1407.75	1429.25	1409.00	1381.00	1358.75	1319.25	1259.25	1203.50	1070.00	1004.75	975.00	899.75	831.50	812.50	860.50	959.25	1009.75	1175.50	1214.00	1041.75	948.00	815.75	669.25	250.50	85.50
455.50	429.00	425.00	433.00	469.00	542.00	574.50	551.00	518.00	530.50	528.00	532.00	535.00	503.00	494.50	515.00	522.00	528.00	517.50	504.00	498.50	524.00	541.50	523.50	501.00	530.50	580.00	612.50	597.50	577.00	558.00	530.50	511.50	485.00	465.50	462.50	453.50	452.00	452.00	452.00	452.00	501.00	553.50	540.00	531.50	557.50	611.00	688.50	783.00	816.50	805.50	783.00	783.50	776.50	774.00	797.00	801.00	790.00	775.00	715.50	650.00	644.50	626.50	600.50	560.00	506.50	493.50	497.00	497.00	497.00	497.00	497.00	497.00	497.00	497.00	497.00	497.00	519.00	557.50	527.50	497.00	497.00	519.50	651.00	850.00	994.50	1180.50	1200.00	1230.50	1219.00	1299.00	1400.50	1403.50	1403.00	1381.00	1349.50	1326.00	1308.50	1289.00	1263.50	1237.50	1196.00	1075.50	1046.50	1025.00	997.50	973.00	942.50	943.00	983.00	1020.00	1045.00	1014.50	985.50	973.50	958.50	954.50	1028.00	1074.50	1081.50	1106.00	1128.50	1144.50	1133.50	1123.00	1130.00	1179.50	1220.00	1241.50	1261.50	1280.00	1339.00	1372.00	1401.00	1402.50	1407.50	1418.00	1433.00	1460.00	1475.50	1497.00	1511.50	1539.50	1570.50	1598.50	1614.00	1631.50	1655.50	1675.00	1728.50	1758.50	1784.00	1798.50	1826.00	1835.00	1837.00	1837.00	1838.50	1842.50	1847.00	1855.50	1859.50	1863.00	1869.00	1866.00	1861.00	1862.50	1865.00	1865.00	1866.00	1865.50	1864.50	1862.50	1861.00	1858.00	1851.50	1843.50	1837.00	1827.00	1817.00	1782.50	1740.50	1713.00	1699.00	1699.00	1722.50	1753.00	1799.50	1817.50	1833.00	1849.50	1857.50	1849.50	1843.00	1826.00	1795.00	1682.50	1640.50	1567.00	1541.50	1517.50	1572.00	1630.00	1673.50	1628.00	1432.00	1444.50	1571.50	1630.50	1659.00	1586.00	1409.50	1203.00	1120.50	719.50	675.00	683.50	616.00	558.00	517.50	482.50	467.00	467.50	532.00	676.00	751.50	722.00	820.00	1029.50	1242.50	1339.50	1390.50	1439.00	1391.00	1348.50	1315.50	1264.00	1207.50	1101.50	1058.00	1041.00	1080.00	1087.50	876.00	808.50	692.50	736.50	916.00	1098.50	1127.00	968.00	863.50	766.00	605.50	214.00	80.00
442.25	426.25	425.00	430.00	458.00	514.25	550.50	542.00	523.25	551.00	552.75	542.00	529.75	501.00	488.75	521.75	530.75	539.75	519.50	507.25	506.00	512.00	524.50	518.50	502.00	521.25	563.50	592.00	617.00	601.50	558.50	526.75	510.00	490.75	461.75	458.25	453.25	451.50	451.50	455.50	452.50	498.75	554.25	543.75	525.00	553.75	605.50	661.25	760.75	803.00	791.25	782.25	784.75	779.00	774.25	795.00	800.00	788.00	773.00	720.50	668.50	675.50	668.00	649.25	606.50	549.25	505.25	494.75	497.00	497.00	497.00	497.00	497.00	497.00	497.00	497.00	497.00	508.00	527.25	512.25	497.00	497.00	508.25	587.75	741.25	862.75	1096.50	1121.50	1131.50	1130.00	1249.50	1389.75	1401.00	1402.50	1385.00	1338.25	1312.00	1300.75	1284.50	1260.25	1233.50	1185.75	1071.50	1042.75	1019.75	1001.00	988.25	956.25	932.50	949.50	967.50	1027.00	1009.00	980.25	968.50	953.50	952.75	1028.75	1072.75	1076.50	1093.25	1108.00	1127.75	1119.00	1112.75	1143.00	1191.75	1222.25	1244.25	1268.75	1287.25	1338.25	1367.00	1400.75	1409.75	1414.50	1425.25	1440.00	1466.50	1482.25	1502.25	1514.50	1543.25	1576.00	1605.25	1620.50	1634.75	1654.75	1672.75	1730.25	1756.50	1776.00	1793.50	1818.25	1826.50	1828.75	1830.50	1833.25	1838.25	1843.25	1852.50	1857.25	1861.25	1867.25	1866.25	1861.75	1861.75	1864.00	1864.75	1865.75	1865.25	1864.25	1862.50	1860.25	1857.00	1850.00	1840.75	1833.75	1823.00	1809.50	1773.75	1733.00	1706.75	1693.25	1691.75	1707.75	1733.25	1775.00	1796.25	1817.00	1840.50	1852.00	1845.75	1840.75	1824.50	1793.75	1685.00	1632.25	1540.00	1488.25	1437.25	1471.75	1565.50	1656.00	1642.50	1549.25	1561.25	1638.50	1668.00	1643.75	1505.50	1302.75	1067.00	958.25	699.00	665.00	670.50	625.00	572.00	530.00	492.50	486.25	498.50	605.75	773.00	829.75	892.00	899.25	1033.50	1211.50	1307.50	1384.50	1448.75	1393.25	1339.75	1311.50	1267.00	1208.25	1105.25	1079.00	1069.25	1143.25	1169.75	1000.25	875.75	699.25	683.25	865.25	1044.00	1067.25	938.50	860.75	744.75	570.75	201.50	78.25
429.50	421.50	426.00	427.50	434.00	439.00	454.50	482.00	530.50	576.00	574.00	560.00	527.50	495.50	478.50	488.00	502.50	523.50	518.50	504.00	493.00	496.00	494.00	525.50	511.00	499.00	509.50	523.00	627.00	652.00	578.00	532.00	524.50	486.00	453.50	452.50	452.00	450.00	451.00	465.00	455.00	489.00	555.00	562.50	533.00	540.00	591.00	600.00	677.50	771.50	756.50	768.00	780.50	781.00	773.50	789.00	786.00	766.50	755.00	727.50	721.50	750.50	767.00	769.00	736.00	675.00	589.00	528.50	493.00	495.50	497.00	497.00	497.00	497.00	497.00	497.00	497.00	497.00	497.00	497.00	497.00	497.00	497.00	497.00	502.50	548.50	735.50	819.50	871.50	985.50	1108.00	1279.50	1340.00	1351.50	1335.00	1268.50	1238.50	1258.50	1262.50	1248.00	1224.00	1151.00	1060.00	1054.00	1040.50	1036.50	1037.00	1018.00	943.00	892.00	903.50	983.50	990.00	964.50	953.50	939.50	941.50	1015.00	1057.50	1057.00	1060.50	1062.50	1083.50	1077.00	1093.00	1195.00	1218.50	1219.00	1240.00	1276.50	1303.00	1336.50	1353.50	1396.00	1426.50	1434.00	1445.00	1461.50	1487.00	1504.00	1518.00	1525.50	1559.50	1595.00	1626.00	1641.00	1649.00	1660.50	1673.00	1734.00	1742.00	1753.50	1774.00	1788.50	1792.00	1795.00	1805.00	1813.50	1824.50	1832.00	1843.00	1849.50	1856.00	1861.50	1866.00	1865.50	1864.00	1864.00	1865.00	1865.50	1865.00	1863.50	1861.50	1858.50	1854.50	1845.00	1833.50	1825.50	1806.50	1786.00	1748.00	1710.00	1686.50	1675.00	1669.00	1666.50	1677.50	1699.50	1723.00	1754.00	1801.50	1826.50	1828.00	1827.00	1808.00	1781.00	1707.50	1685.50	1622.50	1552.00	1421.50	1283.50	1227.50	1331.00	1477.50	1579.00	1650.50	1694.50	1624.00	1466.50	1258.50	1005.00	774.00	718.00	652.50	631.00	647.00	658.50	603.50	555.00	527.00	547.50	678.00	938.00	1199.00	1182.00	1361.00	1220.50	1122.50	1226.00	1295.50	1388.00	1488.00	1459.50	1367.50	1342.00	1328.50	1286.50	1162.00	1144.50	1161.00	1289.50	1278.00	1134.00	1037.00	783.00	581.50	619.00	772.50	833.50	798.50	731.50	575.00	467.00	144.00	73.00
441.00	415.50	442.50	447.00	435.50	433.00	435.50	458.50	500.50	528.50	553.50	560.50	526.00	513.00	478.00	482.50	482.00	487.00	490.50	488.50	486.50	499.50	506.50	517.50	507.50	506.00	523.00	511.50	555.50	623.00	579.50	531.50	539.00	505.00	457.00	451.00	448.00	446.00	448.00	455.50	453.00	477.50	532.50	579.00	561.00	546.00	581.00	586.50	643.50	723.50	719.50	742.00	773.50	782.00	776.50	780.00	761.50	730.50	724.50	730.00	750.00	770.50	791.00	796.00	781.00	738.00	640.50	578.50	518.00	498.50	497.00	497.00	502.50	501.50	500.00	497.00	497.00	497.00	497.00	497.00	497.00	497.00	497.00	497.00	497.00	497.00	545.50	631.50	734.50	903.00	999.00	1152.50	1230.50	1233.00	1203.50	1135.00	1113.50	1181.00	1228.50	1236.50	1224.00	1132.00	1075.50	1095.00	1102.00	1102.00	1091.50	1075.50	997.00	905.50	903.50	969.00	974.50	953.00	943.50	931.50	928.00	990.50	1034.00	1037.50	1047.00	1056.50	1066.00	1062.00	1092.00	1199.00	1202.50	1204.00	1231.00	1264.50	1291.50	1325.50	1350.00	1394.00	1426.00	1444.50	1457.00	1474.00	1500.50	1516.50	1527.50	1538.50	1575.00	1608.50	1639.00	1653.50	1660.50	1670.00	1682.50	1725.50	1725.50	1740.50	1756.00	1763.50	1760.50	1766.50	1781.50	1792.00	1809.00	1824.50	1836.50	1844.00	1852.50	1858.00	1865.00	1868.00	1867.00	1866.00	1866.00	1865.50	1864.50	1863.50	1861.50	1858.50	1853.00	1842.50	1828.50	1817.00	1792.00	1770.00	1731.50	1696.00	1673.50	1657.50	1644.50	1631.00	1642.50	1653.50	1674.00	1708.50	1752.50	1786.00	1801.00	1799.00	1780.00	1759.00	1713.50	1708.00	1700.50	1662.00	1549.00	1299.50	1168.00	1162.50	1183.00	1246.50	1384.00	1571.50	1390.50	1226.50	991.00	820.50	709.50	698.00	625.00	613.50	637.00	686.50	634.50	563.00	589.00	705.50	911.00	1279.00	1408.50	1413.00	1448.50	1330.50	1201.00	1245.00	1335.50	1412.50	1515.50	1533.00	1481.00	1430.00	1404.50	1380.00	1213.50	1198.50	1205.50	1350.00	1316.00	1005.00	936.50	810.50	647.50	499.50	492.00	532.50	502.00	359.50	262.50	269.50	121.00	70.00
440.50	412.00	439.00	474.50	492.50	492.50	476.50	455.00	456.50	482.00	510.00	557.00	503.00	510.00	490.50	477.00	483.00	472.00	476.00	492.50	495.50	527.00	543.50	518.00	508.50	510.00	515.00	519.00	517.00	527.50	537.50	517.50	532.50	507.50	452.00	447.50	446.00	446.00	447.50	459.50	467.00	475.00	517.00	572.00	568.00	547.00	571.00	575.00	609.00	659.50	676.50	719.00	774.50	784.50	773.00	747.00	720.50	685.50	694.50	736.50	762.50	773.50	794.50	800.00	794.00	771.50	673.00	610.00	560.50	516.50	500.00	523.50	570.00	578.50	561.00	524.00	505.50	497.00	497.00	497.00	497.00	497.00	497.00	497.00	497.00	497.00	497.00	514.50	575.00	672.50	843.50	1047.50	1118.50	1088.50	1070.50	1006.00	986.00	1070.00	1167.00	1216.50	1189.50	1096.50	1079.00	1139.00	1193.00	1199.00	1176.00	1141.00	1065.00	963.00	893.50	954.50	958.00	940.50	933.00	924.50	916.50	967.00	1011.00	1017.00	1030.50	1050.50	1055.00	1052.00	1090.50	1150.50	1155.00	1176.00	1220.00	1256.50	1282.00	1321.00	1349.50	1395.00	1422.00	1447.00	1467.50	1484.50	1512.00	1525.50	1540.00	1555.50	1591.50	1622.00	1650.00	1664.00	1670.50	1677.00	1690.00	1705.50	1707.50	1727.00	1734.50	1737.00	1729.00	1736.50	1754.50	1768.00	1791.00	1810.50	1830.00	1838.50	1849.00	1855.00	1862.50	1867.50	1868.50	1868.00	1867.00	1865.50	1864.00	1862.50	1861.50	1857.50	1852.50	1840.50	1823.00	1806.50	1776.50	1753.50	1716.00	1683.50	1656.00	1632.50	1613.00	1591.50	1603.00	1590.50	1615.50	1664.00	1700.50	1741.00	1759.00	1760.50	1744.50	1725.50	1702.50	1707.00	1720.00	1710.00	1664.00	1490.00	1364.50	1200.50	1146.50	1001.50	1018.00	1247.00	1233.00	977.00	840.50	745.00	692.50	667.00	613.00	609.50	632.50	705.50	663.50	675.50	834.50	787.50	1034.00	1346.50	1397.00	1418.50	1438.50	1405.00	1333.50	1331.00	1387.50	1449.00	1536.50	1569.50	1565.50	1543.00	1474.50	1419.50	1274.50	1262.00	1258.00	1372.50	1356.50	1071.00	921.00	811.00	664.50	543.50	444.50	338.50	298.50	296.00	241.50	171.00	101.00	66.50
441.50	405.00	434.50	492.50	520.00	546.50	528.50	472.00	450.00	465.00	481.50	498.00	499.50	491.00	494.00	477.00	474.50	473.00	472.00	484.50	524.00	582.00	580.00	551.50	538.00	543.00	530.50	518.00	508.50	530.50	490.00	477.50	502.00	488.00	447.50	446.00	446.00	446.00	447.00	458.00	471.00	482.50	514.50	561.50	570.00	544.00	552.50	561.00	599.50	605.50	643.00	721.50	778.00	768.00	716.00	686.50	675.50	671.50	690.00	736.00	760.50	766.00	786.50	790.00	787.00	779.00	696.50	634.50	593.50	547.00	520.00	570.00	640.00	673.50	660.50	603.00	568.00	516.00	497.50	497.00	497.00	497.00	497.00	497.00	497.00	497.00	497.00	497.00	498.50	541.00	654.00	896.50	982.50	1001.50	990.00	931.50	899.00	1001.00	1092.00	1161.00	1166.00	1057.00	1069.00	1157.00	1250.50	1272.50	1256.00	1212.00	1126.50	1017.00	884.50	938.50	939.00	926.50	921.50	917.00	909.50	950.00	989.50	996.00	1014.50	1035.50	1040.00	1039.00	1071.50	1100.00	1125.50	1175.50	1216.00	1250.00	1276.00	1319.50	1354.00	1395.50	1419.50	1444.00	1470.50	1492.00	1519.50	1533.50	1555.00	1572.00	1603.00	1622.00	1648.00	1673.00	1677.00	1679.50	1679.00	1680.00	1689.50	1709.50	1712.50	1708.50	1700.50	1708.00	1727.00	1744.50	1772.50	1793.50	1822.50	1833.00	1845.00	1853.00	1860.50	1866.50	1868.00	1868.00	1866.50	1864.50	1863.50	1862.50	1860.50	1857.50	1852.50	1840.50	1818.00	1796.50	1762.50	1739.00	1703.00	1672.00	1637.50	1606.00	1579.00	1553.50	1564.50	1534.00	1547.00	1604.00	1652.00	1692.50	1708.50	1715.00	1703.00	1682.50	1670.50	1689.50	1710.00	1715.00	1706.50	1583.50	1553.50	1459.00	1350.50	1136.00	931.50	936.00	1040.50	869.00	729.00	701.00	671.00	647.00	616.00	627.50	646.50	751.00	714.50	700.50	894.50	1008.00	1097.00	1231.50	1336.00	1399.00	1432.00	1451.50	1440.00	1430.00	1456.50	1495.00	1554.50	1582.00	1590.50	1573.50	1510.00	1448.50	1359.00	1341.00	1342.50	1369.50	1387.50	1174.50	1016.50	859.00	660.50	766.00	738.50	594.50	539.00	562.50	573.00	378.00	119.50	64.00
419.50	416.00	396.00	474.00	541.00	553.50	559.50	497.50	446.00	447.00	468.00	462.50	496.50	498.00	477.50	476.50	478.50	473.50	465.00	470.50	497.00	543.00	561.00	543.50	530.00	564.00	545.50	541.50	501.50	502.50	474.00	470.50	479.50	471.00	446.00	446.00	446.00	446.00	446.00	447.00	449.00	489.00	550.00	573.00	572.00	535.00	523.00	544.50	608.00	573.00	617.00	691.00	743.00	697.00	637.00	667.00	684.00	679.50	693.00	729.00	755.00	746.00	758.00	760.50	767.00	769.50	717.50	657.00	609.00	569.50	542.50	601.00	687.00	749.50	771.00	724.00	692.00	611.50	556.50	510.00	497.00	497.00	497.00	497.00	497.00	497.00	497.00	497.00	497.00	497.00	542.50	705.50	822.50	915.50	916.50	842.00	851.50	980.00	1032.50	1055.00	1048.50	1011.50	1065.00	1155.50	1273.00	1318.00	1338.00	1290.50	1182.00	1033.00	869.50	917.50	920.50	914.00	910.00	908.50	898.00	937.00	966.00	974.00	996.00	1014.00	1022.50	1030.00	1053.00	1073.00	1145.50	1209.50	1224.00	1253.50	1270.00	1315.50	1354.50	1394.00	1415.00	1441.00	1468.00	1494.00	1522.50	1537.50	1560.00	1575.50	1593.50	1603.00	1632.00	1677.00	1680.00	1671.00	1646.00	1647.00	1668.00	1685.00	1687.00	1680.00	1676.00	1683.50	1704.00	1723.00	1753.50	1778.00	1811.50	1826.00	1840.00	1851.00	1858.50	1864.50	1866.50	1866.50	1865.50	1863.50	1862.50	1861.50	1860.50	1858.00	1853.50	1841.50	1820.00	1799.00	1764.00	1739.00	1697.50	1662.50	1621.00	1582.50	1550.50	1524.00	1531.00	1503.00	1487.50	1541.00	1593.00	1628.50	1650.00	1669.00	1661.50	1630.50	1602.50	1638.00	1678.00	1690.00	1669.50	1568.50	1546.00	1558.50	1557.50	1324.50	1021.00	875.50	868.50	791.50	748.00	716.50	672.00	652.00	643.00	660.50	742.00	975.00	820.00	758.00	785.50	1019.00	1326.00	1316.00	1350.50	1418.50	1457.50	1495.50	1512.00	1519.50	1521.50	1531.50	1566.50	1587.50	1593.50	1575.00	1526.00	1473.00	1411.50	1398.00	1393.50	1395.00	1404.00	1185.00	1050.00	910.50	737.00	934.00	923.50	816.50	753.00	730.00	716.00	454.50	116.50	61.00
399.25	400.25	391.50	412.00	438.00	455.00	483.50	486.25	445.50	443.00	449.75	459.75	509.75	496.25	486.50	483.00	483.00	488.00	470.75	470.50	478.50	489.75	492.25	470.50	484.00	500.50	519.75	534.75	490.00	491.50	474.50	475.50	463.25	455.75	446.00	446.00	446.00	447.50	446.00	447.00	447.00	474.00	553.50	577.25	544.25	518.25	517.50	518.00	554.75	546.25	578.25	602.50	635.00	642.25	684.00	787.75	816.75	773.00	726.50	731.25	757.75	748.50	723.25	696.75	720.00	731.00	711.25	675.00	619.50	582.50	561.75	599.75	693.50	791.75	847.25	909.75	873.25	744.00	658.25	587.25	542.50	533.75	530.25	529.50	527.00	519.00	498.50	497.00	497.00	497.00	497.00	540.75	590.00	699.75	745.25	727.25	794.00	898.75	930.50	931.00	925.75	963.75	1097.50	1163.50	1277.75	1338.50	1372.75	1325.00	1217.25	1061.00	869.50	867.75	890.25	889.75	887.50	888.00	880.00	912.50	933.25	946.25	970.50	986.25	1015.50	1045.00	1071.00	1083.00	1169.50	1226.75	1225.75	1327.25	1286.50	1306.00	1335.00	1380.50	1402.25	1432.00	1463.00	1490.75	1518.50	1525.50	1537.25	1547.00	1557.25	1562.25	1581.75	1627.50	1628.75	1593.50	1567.75	1565.25	1585.75	1606.50	1617.00	1619.50	1638.00	1655.75	1678.25	1694.25	1727.25	1757.25	1796.75	1817.25	1834.25	1847.00	1856.75	1862.00	1863.75	1864.00	1862.50	1860.75	1860.50	1860.50	1860.25	1858.75	1855.75	1845.50	1830.50	1815.75	1788.25	1761.25	1706.00	1653.25	1607.50	1561.00	1526.00	1484.75	1473.00	1418.75	1392.75	1406.75	1423.00	1462.50	1511.00	1557.75	1552.00	1519.75	1490.75	1524.50	1569.50	1598.25	1541.00	1478.50	1454.25	1453.25	1454.00	1378.00	1219.25	910.00	827.75	778.25	779.75	759.25	694.50	667.25	739.75	880.25	1201.75	1140.00	1108.75	1071.25	925.50	985.25	1344.75	1415.50	1438.25	1484.25	1514.50	1537.00	1556.75	1564.75	1559.25	1557.00	1568.50	1579.75	1573.75	1554.00	1524.75	1488.25	1438.75	1423.00	1411.75	1405.00	1413.00	1292.00	1169.50	1020.25	894.25	1080.50	1108.50	933.50	828.75	801.25	763.25	506.50	102.00	56.75
386.50	388.00	391.50	411.00	421.00	429.50	443.00	464.00	445.00	440.50	453.00	465.00	509.50	497.00	493.50	485.00	478.50	485.50	475.50	464.50	480.00	485.00	481.00	458.50	462.00	471.50	503.50	524.00	481.50	484.50	475.50	485.00	465.00	455.00	446.00	446.00	446.00	448.50	446.00	447.00	447.00	466.50	543.00	574.50	530.00	511.50	517.00	517.00	533.00	537.50	565.00	586.00	617.50	649.00	715.50	842.00	873.00	824.00	750.00	736.00	760.50	761.50	739.50	684.00	702.00	714.50	700.50	676.50	620.50	584.50	566.50	596.00	683.50	791.00	862.00	929.00	906.00	766.00	680.00	606.00	560.50	559.00	562.00	562.00	557.00	541.00	500.00	497.00	497.00	497.00	497.00	502.00	542.50	622.00	673.50	686.00	760.00	849.00	884.50	885.00	891.50	955.50	1109.50	1172.00	1279.50	1337.00	1365.50	1311.00	1217.50	1073.00	876.50	850.00	878.50	881.00	879.50	880.50	874.50	904.50	924.00	940.00	965.50	983.50	1019.00	1051.50	1080.50	1090.50	1173.00	1228.50	1226.00	1335.50	1291.50	1306.50	1327.00	1374.50	1397.50	1428.50	1460.50	1488.50	1515.50	1521.00	1529.00	1536.50	1544.00	1547.50	1563.00	1601.00	1598.00	1560.00	1542.00	1537.00	1553.00	1574.00	1585.00	1594.50	1623.50	1646.00	1671.00	1685.50	1719.50	1751.00	1793.00	1815.50	1833.00	1845.50	1856.00	1861.50	1863.00	1863.00	1861.50	1860.00	1860.00	1860.00	1860.00	1859.00	1856.50	1847.50	1833.50	1821.00	1796.50	1769.00	1710.50	1654.00	1606.50	1557.50	1520.50	1471.50	1451.50	1389.50	1363.50	1358.00	1344.50	1385.50	1459.50	1511.00	1511.00	1479.00	1458.50	1501.00	1535.00	1562.50	1506.00	1446.50	1411.50	1408.00	1416.00	1355.50	1165.00	897.50	824.00	779.00	788.00	771.00	700.00	669.50	787.50	1025.50	1342.50	1218.00	1225.00	1160.50	969.50	979.00	1311.00	1417.00	1455.00	1503.00	1527.00	1547.00	1566.50	1571.50	1566.00	1562.00	1567.00	1574.00	1563.50	1544.50	1520.00	1488.50	1443.00	1427.00	1415.00	1407.50	1414.50	1336.50	1207.00	1052.00	954.00	1142.50	1140.00	957.50	838.00	815.50	768.00	542.50	100.50	55.50
380.25	388.00	397.75	412.75	422.50	426.50	431.00	443.75	435.00	441.50	464.75	466.25	501.50	496.00	502.50	490.25	477.25	478.25	476.25	458.50	468.00	480.00	486.25	459.75	459.25	465.25	482.00	493.50	469.25	472.00	467.75	480.75	472.00	456.50	446.00	446.00	446.25	447.25	446.00	447.00	447.00	460.25	529.00	562.50	530.50	509.25	517.00	517.00	527.75	529.25	553.50	585.75	630.25	679.00	759.50	879.50	899.75	857.00	766.75	743.00	762.50	766.25	753.75	697.25	685.75	694.75	684.75	666.50	618.75	585.25	568.75	595.00	673.50	775.00	855.75	922.00	896.50	773.50	696.50	620.75	571.25	575.75	586.75	594.25	597.00	589.25	546.50	521.75	499.25	497.00	497.00	499.50	519.75	577.00	616.75	632.25	687.25	760.50	791.00	813.25	847.75	931.50	1117.50	1185.00	1278.50	1324.75	1336.50	1274.00	1192.75	1060.75	883.00	838.50	865.75	872.25	871.75	872.25	870.25	899.00	923.00	945.50	973.25	991.00	1026.00	1055.00	1086.75	1100.25	1165.00	1219.00	1225.25	1299.00	1292.25	1318.75	1330.75	1368.75	1393.25	1425.00	1457.50	1485.00	1509.50	1514.50	1521.75	1527.50	1532.50	1534.25	1546.50	1572.75	1565.75	1533.75	1518.25	1514.00	1528.50	1545.00	1554.25	1572.75	1609.50	1634.75	1662.00	1679.75	1716.75	1750.00	1793.00	1815.25	1832.00	1844.00	1855.00	1861.00	1862.00	1861.75	1860.50	1859.00	1859.00	1859.25	1859.75	1859.50	1857.50	1849.50	1835.50	1825.00	1804.50	1777.75	1719.75	1661.75	1612.25	1560.75	1521.75	1464.50	1435.75	1375.00	1344.25	1329.25	1303.50	1309.00	1380.00	1428.75	1419.50	1409.25	1427.25	1482.50	1512.00	1525.75	1480.50	1415.50	1356.75	1356.00	1396.75	1326.25	1095.25	874.75	818.00	781.25	797.00	782.50	708.50	733.50	871.75	1116.50	1436.25	1372.25	1353.25	1226.00	1022.25	1002.00	1244.00	1407.00	1458.00	1511.75	1532.25	1553.00	1569.25	1570.50	1566.50	1561.00	1561.75	1565.00	1550.25	1533.50	1513.75	1481.75	1441.00	1428.50	1417.00	1408.00	1410.75	1331.50	1223.00	1097.75	1003.50	1171.00	1156.00	992.00	846.25	823.25	713.50	481.50	107.00	54.75
383.00	408.00	414.50	419.00	420.50	412.00	413.00	413.00	417.00	434.50	476.50	493.50	492.00	505.00	526.50	496.50	475.00	486.50	490.00	453.50	456.50	474.00	493.00	459.00	460.00	469.00	474.50	476.00	450.00	454.00	449.00	452.50	457.00	459.50	446.00	450.50	453.50	453.50	446.50	447.00	447.00	447.00	467.00	500.00	506.50	496.50	506.50	515.00	504.00	504.00	532.50	606.00	699.50	796.50	884.50	937.50	926.50	855.00	761.50	755.50	764.50	772.50	750.50	689.50	642.00	638.50	636.00	630.50	607.50	585.50	576.50	596.50	662.00	744.50	831.00	961.50	919.50	827.50	747.00	666.00	599.50	617.00	663.50	724.50	804.50	810.50	718.00	654.00	551.50	497.00	497.00	497.00	497.00	497.00	497.00	497.00	503.00	523.00	554.00	602.00	655.50	813.50	1062.50	1183.00	1254.00	1278.00	1235.50	1169.50	1130.00	1014.00	906.50	824.50	830.00	846.50	847.00	848.00	858.50	894.50	937.50	971.00	1001.00	1017.50	1043.50	1073.50	1113.00	1138.00	1143.50	1181.50	1221.00	1272.00	1308.00	1355.50	1363.50	1372.00	1386.50	1416.00	1449.00	1473.50	1487.50	1490.00	1494.50	1498.00	1505.00	1501.50	1501.50	1498.50	1485.50	1462.00	1450.00	1447.00	1462.00	1477.50	1490.50	1529.00	1579.00	1614.50	1649.50	1674.00	1726.50	1761.00	1796.50	1814.00	1828.50	1839.50	1851.00	1857.50	1859.00	1858.00	1857.00	1855.00	1855.50	1857.00	1858.50	1860.50	1860.50	1855.50	1842.00	1834.00	1825.50	1804.50	1751.50	1688.00	1633.00	1578.50	1535.00	1464.50	1415.50	1357.50	1314.00	1268.00	1226.00	1174.50	1177.00	1142.50	1069.50	1090.00	1134.50	1268.50	1355.00	1344.50	1323.00	1244.00	1168.50	1098.50	1242.50	1220.00	1063.50	825.50	796.50	787.50	819.50	835.00	828.50	1042.00	1319.00	1453.00	1581.50	1590.00	1555.50	1387.50	1165.00	1077.00	1179.00	1378.50	1456.50	1525.50	1542.00	1564.50	1572.00	1561.00	1559.50	1549.50	1538.00	1533.50	1509.50	1494.00	1487.00	1457.00	1425.00	1428.00	1421.00	1409.00	1397.00	1298.50	1224.50	1201.00	1175.50	1221.00	1174.50	1092.50	885.00	850.50	782.50	447.50	92.00	52.50
425.50	496.00	471.00	453.50	435.00	424.00	426.00	414.50	418.50	428.50	459.00	472.50	486.50	494.00	507.50	490.00	474.00	475.50	464.00	450.00	451.50	474.00	501.50	464.00	459.50	487.00	492.50	481.50	458.00	478.00	451.50	448.00	450.00	446.50	446.00	449.50	455.00	477.50	460.00	447.00	447.00	447.00	447.00	451.00	453.50	474.00	469.00	479.00	487.50	493.00	542.50	641.50	768.50	887.00	930.50	948.00	919.00	797.00	757.50	759.50	763.00	772.00	761.50	676.50	619.00	609.00	605.00	605.50	597.50	582.50	584.50	618.00	701.00	764.00	822.00	995.50	1044.50	864.50	779.00	690.00	618.50	637.00	702.00	785.50	896.50	915.00	856.50	771.00	650.50	542.00	504.00	497.00	497.00	497.00	497.00	497.00	497.00	497.00	497.00	533.50	573.00	658.00	875.50	1009.50	1163.50	1232.50	1165.50	1123.50	1130.50	1044.00	929.00	835.00	811.00	830.00	829.50	833.00	852.00	895.50	947.00	987.00	1017.50	1033.50	1051.00	1068.50	1123.50	1164.50	1181.00	1210.00	1233.50	1284.00	1321.00	1371.50	1377.00	1378.50	1387.00	1411.00	1443.00	1463.50	1468.50	1468.50	1472.00	1477.00	1487.00	1481.00	1470.50	1460.50	1441.50	1420.50	1411.00	1409.00	1424.00	1444.00	1474.50	1530.00	1590.00	1633.50	1668.50	1692.50	1749.50	1778.00	1801.00	1812.00	1824.00	1835.00	1846.50	1853.50	1855.00	1854.50	1853.50	1852.00	1853.00	1855.00	1857.50	1860.50	1862.00	1859.50	1848.00	1840.50	1832.50	1822.50	1779.50	1714.00	1654.00	1600.50	1557.50	1483.00	1436.50	1378.50	1336.50	1263.00	1202.00	1155.00	1142.50	1097.00	1068.00	1029.00	1025.50	1038.00	1140.50	1154.50	1047.00	924.50	920.50	877.00	913.50	917.00	915.00	812.00	792.00	796.00	830.00	877.50	1025.50	1210.00	1453.00	1531.00	1578.50	1575.00	1531.50	1403.50	1200.00	1101.50	1212.00	1378.00	1449.50	1521.50	1544.50	1568.50	1571.00	1554.00	1550.50	1534.00	1516.50	1498.00	1464.50	1454.00	1454.00	1433.50	1408.50	1420.00	1419.00	1413.50	1394.50	1264.50	1182.00	1166.50	1242.50	1200.00	1111.00	1091.00	919.00	845.50	742.50	385.50	89.00	48.50
436.00	574.00	536.50	480.50	457.50	446.50	426.00	421.50	431.50	448.00	467.50	477.50	484.50	486.50	486.50	482.00	473.50	464.50	457.50	455.00	451.00	471.00	490.00	458.00	488.00	499.00	498.00	485.00	460.50	476.00	448.00	447.00	452.50	447.00	453.50	462.00	465.50	465.50	453.50	447.00	447.00	447.00	447.00	447.00	447.00	442.50	456.00	467.50	469.50	490.00	565.00	683.50	828.50	942.00	957.00	967.00	931.50	781.50	763.50	763.00	761.50	763.50	753.00	663.50	599.00	562.00	572.50	585.00	591.00	593.00	614.00	681.50	760.50	790.50	823.00	964.50	1003.00	866.00	795.00	709.50	639.50	657.00	719.50	803.00	942.50	980.50	977.00	888.00	775.50	649.50	562.00	497.00	497.00	497.00	497.00	497.00	497.00	497.00	497.00	539.00	551.50	558.00	682.50	774.50	971.50	1066.50	1065.50	1088.00	1109.00	1064.50	954.00	845.50	797.00	814.50	810.50	821.00	845.50	885.50	930.00	992.00	1032.00	1050.50	1066.00	1068.00	1117.00	1177.00	1216.00	1236.00	1253.50	1299.00	1329.50	1377.50	1381.50	1379.00	1386.00	1406.00	1436.00	1452.50	1448.50	1446.00	1450.00	1456.00	1470.00	1462.50	1440.00	1422.50	1403.00	1388.50	1380.50	1379.00	1393.00	1424.50	1478.50	1543.00	1611.00	1658.50	1690.00	1722.00	1780.00	1798.00	1805.50	1808.00	1816.00	1828.50	1840.00	1848.00	1849.50	1850.00	1849.00	1848.50	1849.50	1852.50	1856.50	1860.50	1863.50	1863.00	1854.00	1847.50	1838.50	1832.50	1807.00	1752.00	1685.00	1631.00	1587.50	1509.00	1468.00	1408.00	1368.00	1277.50	1194.00	1157.00	1119.50	1094.50	1089.50	1037.50	1042.00	1014.50	1028.50	1060.00	967.50	872.50	856.50	850.00	866.00	888.00	827.00	808.00	797.00	805.50	839.50	905.50	1122.50	1292.50	1406.50	1473.50	1554.00	1545.50	1468.00	1334.00	1192.00	1128.00	1207.50	1372.50	1441.00	1509.00	1549.00	1574.00	1570.50	1552.00	1541.00	1514.50	1485.50	1441.50	1408.50	1408.50	1411.50	1395.50	1384.00	1407.00	1411.00	1421.00	1402.50	1234.50	1107.50	1076.50	1219.50	1147.50	1027.00	1086.00	990.00	839.00	647.50	324.50	90.50	43.50
454.50	571.00	555.00	511.00	477.50	447.50	432.50	437.00	450.00	465.00	469.50	485.50	484.00	483.50	483.50	483.50	485.00	473.50	455.00	456.50	449.50	448.00	449.50	464.00	485.50	497.50	465.50	453.00	454.50	455.00	447.00	446.00	446.50	448.00	468.00	477.50	483.00	477.50	460.50	447.00	447.00	447.00	447.00	447.00	447.00	439.00	434.50	442.50	439.00	485.00	576.50	701.00	832.00	946.00	992.00	972.50	906.00	756.50	757.00	762.50	756.50	733.00	698.50	625.00	563.50	548.00	548.00	564.50	590.00	602.50	673.00	797.50	842.00	818.50	829.50	941.50	946.00	872.00	793.50	720.50	655.00	677.00	734.50	817.00	959.50	1023.50	1089.50	1022.00	921.50	794.00	689.00	585.00	559.50	541.50	533.00	523.00	519.50	499.50	501.00	551.00	543.00	553.00	589.50	643.50	828.50	906.50	957.00	1026.00	1065.50	1044.50	958.00	845.00	788.50	799.50	797.50	836.50	862.00	878.50	916.00	1009.00	1047.50	1068.00	1086.00	1083.50	1115.50	1172.00	1223.00	1254.00	1276.00	1318.50	1341.50	1380.50	1383.00	1377.00	1382.00	1401.00	1428.50	1440.00	1427.00	1423.50	1430.00	1437.00	1455.00	1446.50	1414.50	1387.50	1373.00	1364.00	1355.50	1360.00	1374.00	1419.00	1480.00	1538.50	1601.00	1667.50	1714.00	1752.00	1808.50	1816.00	1808.00	1801.00	1803.00	1817.50	1833.50	1841.00	1843.00	1845.00	1844.00	1844.50	1846.50	1850.00	1855.00	1860.00	1864.50	1865.50	1858.50	1852.50	1844.00	1840.00	1828.00	1796.50	1730.00	1668.00	1626.00	1544.50	1506.50	1448.00	1404.50	1335.50	1244.00	1189.00	1147.00	1125.00	1091.50	1032.50	1052.00	1038.50	1009.50	1014.00	952.00	890.00	858.00	838.50	856.00	893.50	834.00	814.50	812.00	818.00	851.50	954.00	1148.50	1249.00	1339.50	1389.00	1467.50	1477.00	1424.00	1302.00	1195.50	1168.00	1216.00	1373.00	1430.50	1488.50	1555.00	1576.00	1564.00	1543.50	1526.50	1479.00	1454.00	1389.50	1332.50	1326.50	1346.00	1284.00	1297.50	1392.00	1400.50	1425.00	1413.00	1243.50	1106.50	1019.00	1132.00	1107.50	971.00	1040.50	984.00	799.50	527.00	279.00	89.00	38.50
474.50	563.50	545.00	536.00	516.00	463.50	441.50	449.50	461.00	468.50	476.00	484.00	483.50	485.00	490.50	493.50	493.00	472.00	449.50	449.50	450.00	449.50	445.00	453.50	448.50	450.00	448.00	445.50	445.50	447.50	447.00	446.50	446.00	460.00	491.50	492.00	489.50	477.50	456.00	447.50	448.00	447.50	447.00	447.00	447.00	439.00	431.00	431.00	431.00	458.50	561.50	656.50	752.50	875.50	966.50	901.00	807.00	709.50	727.00	745.00	747.00	689.00	636.00	573.00	546.00	541.00	544.00	566.50	597.50	629.50	772.50	922.50	899.50	835.00	831.00	913.50	927.00	883.00	785.00	716.00	666.50	699.50	754.00	854.50	998.00	1063.50	1208.00	1162.00	1083.00	965.50	861.50	745.00	692.00	621.00	593.50	597.00	582.00	545.00	538.50	539.00	530.50	569.00	603.50	606.00	659.00	773.00	850.50	935.50	999.00	1004.00	937.50	834.00	780.50	783.50	804.50	854.00	880.50	893.00	971.00	1049.50	1063.00	1080.00	1115.50	1107.00	1126.50	1165.50	1214.50	1260.00	1295.00	1336.00	1362.00	1381.00	1383.00	1373.00	1377.50	1395.00	1420.00	1425.50	1406.00	1404.00	1412.00	1420.50	1442.00	1431.50	1394.50	1362.00	1345.50	1333.50	1326.50	1340.50	1359.00	1416.00	1472.00	1518.00	1570.50	1646.50	1706.00	1746.50	1823.50	1832.50	1812.00	1790.00	1783.00	1797.50	1822.00	1833.50	1835.50	1838.50	1838.50	1840.00	1843.00	1847.00	1852.50	1859.50	1865.00	1867.50	1862.00	1856.50	1849.00	1846.50	1839.50	1827.50	1787.00	1719.00	1672.50	1598.50	1547.50	1496.00	1458.50	1413.00	1356.50	1287.00	1220.50	1171.00	1118.00	1059.50	1059.50	1053.50	1016.50	1010.50	970.50	905.00	864.50	848.00	853.00	889.00	845.00	825.50	835.50	838.00	865.00	956.00	1110.00	1170.50	1241.50	1278.50	1293.50	1330.00	1362.00	1268.00	1201.00	1179.50	1206.00	1320.50	1361.50	1459.50	1527.00	1556.50	1547.00	1511.00	1472.50	1435.00	1430.50	1371.00	1240.00	1225.50	1252.50	1171.50	1240.50	1388.00	1390.50	1374.00	1362.00	1239.00	1122.50	983.50	947.50	1008.50	893.50	835.50	847.50	664.50	332.50	155.00	77.50	34.50
492.50	540.25	568.00	537.25	516.50	495.50	468.75	467.50	482.75	491.00	489.50	490.75	493.50	495.50	503.25	519.50	500.50	467.00	452.75	447.25	447.00	445.00	444.00	444.00	444.00	445.75	447.75	445.50	447.25	448.50	446.50	450.00	466.25	471.25	491.25	525.25	522.50	491.00	469.75	457.75	459.25	455.50	451.00	452.50	447.00	439.25	431.00	431.00	431.75	441.00	496.50	532.75	584.75	659.50	735.25	691.50	634.50	610.25	642.25	707.25	685.50	600.25	533.00	515.50	551.25	560.25	552.50	586.75	616.25	651.25	786.50	889.00	873.75	826.25	821.75	889.25	913.50	891.75	785.75	717.50	690.50	739.50	795.00	908.50	1071.00	1156.75	1304.25	1319.25	1289.00	1194.50	1051.25	907.00	828.50	704.25	713.00	751.25	747.50	713.75	642.00	573.25	539.75	588.75	590.75	576.50	575.25	634.00	710.50	771.25	830.50	872.75	855.00	800.00	765.50	777.50	819.75	873.00	900.75	953.00	1049.50	1055.50	1057.25	1077.00	1158.00	1156.00	1171.50	1194.75	1220.50	1253.75	1306.75	1351.25	1372.75	1379.75	1379.75	1366.25	1368.50	1383.75	1404.00	1401.50	1382.25	1381.75	1383.50	1394.00	1424.00	1414.50	1369.50	1323.25	1298.00	1286.75	1282.50	1304.75	1325.00	1396.25	1438.25	1476.75	1525.50	1576.75	1647.75	1694.50	1774.25	1821.75	1793.50	1755.00	1741.00	1752.25	1788.50	1814.25	1821.00	1828.25	1829.50	1833.50	1837.00	1842.25	1849.25	1857.75	1864.75	1869.00	1864.50	1859.50	1853.50	1853.75	1853.25	1851.75	1839.50	1810.75	1772.00	1698.00	1653.25	1603.50	1567.00	1526.75	1491.75	1454.00	1423.75	1366.75	1296.00	1283.50	1151.00	1058.75	1034.25	1040.00	1038.75	1031.00	1023.00	965.75	1005.75	897.75	849.00	840.75	867.75	940.00	990.75	1025.25	1055.75	1065.50	1134.75	1165.50	1201.50	1222.00	1233.25	1218.25	1211.00	1204.25	1193.00	1194.75	1198.50	1229.75	1278.50	1374.50	1457.25	1427.25	1351.25	1332.75	1347.25	1326.75	1199.00	1168.25	1124.25	1092.75	1122.50	1315.50	1305.75	1198.75	1190.00	1076.00	1003.75	915.00	869.50	828.50	763.75	684.25	551.75	365.75	152.00	105.00	64.50	33.75
501.00	546.50	577.50	546.00	515.50	495.50	479.50	473.50	492.00	490.00	491.00	498.00	500.50	494.50	497.50	515.50	498.50	467.00	453.50	446.00	445.50	444.00	444.00	444.00	444.00	445.50	444.50	444.00	447.50	448.00	446.50	453.00	477.00	475.00	482.50	527.00	525.00	499.00	480.50	468.00	466.50	460.50	454.50	457.00	447.00	439.50	431.00	431.00	432.50	442.50	470.00	487.00	522.50	566.00	632.00	632.00	578.50	569.50	608.00	692.50	648.50	565.00	490.50	508.50	569.50	578.50	560.00	596.00	623.50	650.00	758.50	856.00	853.00	817.50	819.50	883.00	910.00	893.50	789.50	719.50	700.00	754.50	814.00	917.00	1082.50	1187.50	1329.50	1360.50	1347.00	1256.50	1102.00	939.50	851.00	727.50	760.50	823.50	847.50	808.50	718.50	606.50	550.50	594.00	582.00	560.00	555.00	604.00	674.00	721.00	763.50	805.50	809.00	787.00	760.00	778.50	823.50	878.00	905.50	947.00	1023.00	1035.50	1046.00	1073.50	1171.50	1175.00	1189.50	1210.50	1228.00	1252.00	1307.00	1353.00	1373.00	1379.00	1378.50	1364.00	1365.50	1379.50	1398.50	1393.50	1376.50	1376.00	1373.00	1384.00	1417.00	1410.00	1361.50	1311.00	1283.00	1272.00	1268.50	1291.50	1312.00	1384.00	1424.00	1459.50	1511.50	1551.50	1623.00	1674.50	1740.50	1797.00	1775.50	1738.50	1725.00	1736.00	1775.00	1805.50	1814.50	1824.50	1826.50	1831.50	1835.00	1840.50	1848.00	1857.50	1864.50	1869.00	1865.00	1860.50	1854.50	1855.50	1857.00	1859.00	1850.50	1833.50	1808.00	1734.50	1691.50	1649.00	1611.50	1570.50	1535.00	1500.00	1482.00	1450.50	1367.50	1376.00	1195.00	1066.00	1044.00	1054.50	1072.00	1122.00	1104.00	1025.50	1057.50	885.00	848.50	845.00	877.50	1009.50	1065.50	1051.50	1044.00	1056.00	1118.00	1154.50	1212.50	1227.00	1220.50	1221.50	1217.50	1211.50	1196.00	1188.00	1188.00	1183.00	1193.50	1299.00	1410.00	1405.00	1324.50	1288.50	1291.00	1303.00	1198.00	1152.50	1065.50	1044.50	1099.00	1278.00	1263.00	1170.50	1167.00	1020.00	961.00	894.50	873.00	817.00	735.50	670.00	542.00	355.00	132.50	103.50	60.50	34.50
454.25	532.25	598.25	584.50	556.00	502.00	485.25	486.75	497.25	532.75	554.00	560.25	564.00	549.75	531.00	513.25	501.00	480.50	461.75	446.00	447.50	454.25	453.50	448.50	448.50	448.50	447.25	453.25	465.25	464.00	477.50	506.25	514.25	486.00	466.25	493.50	519.25	514.50	496.75	475.00	480.00	485.00	483.75	476.00	473.75	474.75	451.50	440.25	443.00	435.50	432.50	438.00	434.00	435.50	451.50	461.25	445.75	445.00	479.25	539.75	530.75	486.50	503.25	579.50	637.75	652.50	622.00	619.50	665.25	659.50	697.75	765.00	780.50	783.50	821.75	910.75	921.75	875.00	774.75	729.25	734.00	806.75	887.50	964.50	1083.50	1190.75	1345.50	1378.50	1384.25	1324.50	1201.75	1026.50	878.50	828.75	916.75	1030.00	1146.00	1145.75	1059.50	931.25	769.75	686.75	600.25	566.75	561.50	593.25	625.75	659.25	685.50	722.00	753.50	757.25	741.00	771.50	824.00	889.75	913.25	899.75	907.00	973.25	1050.25	1107.50	1237.75	1263.25	1270.75	1267.25	1264.25	1266.50	1305.50	1344.50	1361.75	1377.50	1375.75	1357.25	1355.00	1365.25	1385.00	1385.25	1386.25	1375.75	1348.00	1335.25	1364.50	1374.00	1337.75	1278.75	1244.25	1236.50	1237.50	1268.75	1282.75	1327.00	1374.25	1403.00	1442.75	1481.50	1526.25	1559.25	1590.75	1607.25	1644.75	1665.25	1679.25	1690.50	1737.00	1782.00	1794.50	1806.00	1810.75	1822.25	1830.00	1836.75	1845.00	1855.00	1863.50	1868.50	1864.50	1860.50	1856.00	1857.25	1862.25	1868.75	1870.75	1865.75	1858.25	1833.75	1807.75	1766.25	1732.50	1704.50	1680.50	1645.75	1612.75	1576.25	1498.25	1456.75	1242.75	1155.75	1135.50	1174.00	1270.25	1268.25	1229.25	1128.75	933.00	867.50	854.50	855.75	927.25	1075.50	1109.25	1155.50	1191.25	1235.50	1259.00	1261.50	1273.25	1279.25	1266.25	1261.50	1254.25	1242.25	1236.75	1217.25	1212.00	1129.50	1110.25	1128.25	1193.75	1262.50	1238.25	1166.50	1082.50	1061.25	1067.50	1034.00	983.50	915.00	1001.75	1045.50	1096.50	1117.00	1124.75	974.50	927.25	1023.00	1033.75	940.50	847.50	793.25	563.75	288.00	124.50	95.25	49.75	40.25
439.00	522.50	573.75	558.00	538.25	498.25	483.00	495.50	518.50	554.75	578.25	599.25	601.00	590.00	572.50	548.75	534.25	498.75	462.50	446.75	452.00	472.75	478.25	464.75	469.75	470.50	463.75	469.00	505.00	497.00	505.75	527.75	525.25	511.00	472.75	485.25	508.50	489.25	482.75	476.25	486.50	502.50	501.75	493.25	483.75	490.50	489.25	469.25	463.75	440.25	435.25	436.00	431.25	431.00	431.00	431.00	431.00	431.00	437.00	454.75	462.75	462.75	483.25	599.50	615.50	629.00	621.25	612.75	680.25	693.00	695.25	729.25	750.75	769.25	815.50	925.75	921.50	840.75	755.00	734.50	750.00	836.75	926.00	988.00	1087.25	1170.75	1327.50	1375.50	1368.50	1313.25	1230.00	1059.75	922.25	941.25	1006.00	1087.50	1203.75	1246.25	1195.50	1106.50	997.75	908.25	716.75	633.00	605.50	630.75	641.00	673.75	676.25	717.75	758.00	743.25	726.25	759.75	817.25	891.75	913.00	892.25	937.25	1033.75	1109.50	1176.25	1304.50	1332.25	1335.25	1312.25	1290.75	1288.25	1302.00	1338.00	1354.00	1377.50	1374.75	1353.75	1347.50	1354.75	1381.75	1395.25	1406.50	1394.00	1365.75	1334.50	1310.00	1315.25	1303.25	1258.50	1224.75	1222.50	1234.75	1293.25	1303.25	1313.25	1337.25	1360.75	1393.75	1430.25	1470.50	1488.00	1511.75	1523.00	1563.75	1616.00	1655.25	1674.00	1720.25	1769.00	1781.50	1793.00	1799.00	1813.00	1824.75	1834.25	1843.00	1853.25	1862.25	1867.00	1863.00	1859.25	1856.00	1857.50	1863.25	1871.25	1878.00	1879.25	1877.75	1869.25	1855.50	1820.25	1791.50	1767.75	1741.00	1700.50	1668.75	1621.00	1536.75	1472.25	1283.00	1237.75	1220.00	1277.00	1377.00	1324.25	1289.25	1066.00	899.25	874.25	861.25	861.75	939.75	1061.25	1109.00	1209.00	1284.25	1336.50	1359.00	1339.25	1316.75	1321.00	1314.00	1301.50	1288.00	1273.25	1266.75	1222.25	1194.25	1085.00	1069.50	1065.50	1081.25	1121.50	1129.25	1086.50	1012.75	933.00	917.25	898.75	884.75	859.50	916.00	934.00	1004.25	1048.50	1059.75	966.50	936.75	1062.00	1092.75	1022.00	921.25	842.75	552.00	247.00	116.50	84.50	48.75	45.25
446.75	505.00	524.25	511.25	500.75	491.25	484.50	509.00	534.75	563.75	602.75	613.50	624.25	613.00	605.25	589.25	578.00	523.25	459.75	447.50	474.00	514.00	528.50	496.25	505.75	497.00	487.25	488.25	521.75	518.00	516.00	520.50	526.50	521.00	482.25	488.25	486.00	471.00	485.00	477.50	492.25	521.00	515.00	514.25	502.25	498.75	513.75	504.25	494.75	470.75	460.00	458.25	445.75	441.50	441.50	441.50	441.50	441.50	441.00	441.25	443.25	457.75	463.25	531.75	513.00	518.50	537.50	585.25	678.75	722.75	730.25	736.75	749.75	763.75	809.50	929.00	909.75	813.75	752.75	745.25	761.75	853.50	930.50	974.75	1083.50	1141.00	1254.00	1294.25	1305.50	1286.00	1215.25	1038.75	965.75	997.75	1029.50	1105.50	1196.25	1248.50	1245.75	1200.00	1150.50	1077.25	858.25	716.25	637.75	667.00	670.75	704.00	700.25	719.00	748.75	748.50	743.25	759.75	786.25	825.75	835.25	852.00	991.00	1093.50	1166.50	1219.75	1328.00	1352.50	1341.25	1313.00	1293.00	1291.00	1299.50	1330.00	1347.75	1369.50	1365.25	1348.50	1342.50	1347.50	1369.75	1388.25	1399.25	1394.00	1381.25	1361.75	1314.25	1287.50	1256.75	1233.50	1222.75	1232.00	1249.50	1298.75	1316.00	1323.50	1330.00	1352.50	1412.00	1464.00	1502.75	1517.75	1540.75	1554.75	1578.75	1614.50	1647.25	1669.75	1705.00	1744.50	1761.25	1778.00	1787.50	1804.25	1814.00	1822.25	1830.00	1839.25	1848.00	1852.75	1856.75	1858.50	1858.75	1860.75	1869.50	1875.50	1879.50	1882.25	1881.75	1875.75	1863.50	1842.75	1830.50	1817.75	1783.50	1726.75	1672.00	1608.75	1526.75	1470.00	1303.75	1291.25	1277.00	1350.50	1437.50	1408.25	1314.50	958.00	888.25	873.25	870.25	879.00	927.75	1006.50	1109.00	1238.25	1328.00	1367.00	1405.50	1412.25	1426.75	1437.50	1423.75	1395.25	1372.00	1341.25	1282.00	1195.75	1141.75	1063.00	1044.00	1043.75	1025.75	1033.00	1057.50	1022.75	974.50	873.25	821.25	807.00	806.75	799.00	843.00	849.75	908.00	936.00	947.50	940.00	926.75	1039.75	1106.00	1034.25	946.25	878.75	550.00	235.00	80.75	46.00	26.00	26.00
482.00	509.00	507.25	508.75	507.25	509.50	497.25	511.75	541.00	577.25	616.50	607.50	619.50	612.00	607.75	604.25	600.00	537.75	462.50	442.75	486.00	550.25	561.00	538.75	554.75	531.50	507.75	516.50	515.75	511.25	511.25	517.00	525.75	512.75	483.00	480.25	478.25	474.25	498.00	476.75	496.75	534.00	530.75	547.50	532.00	518.00	516.00	519.00	516.00	501.00	484.50	478.00	465.75	453.50	452.00	452.00	452.00	452.00	452.00	452.00	452.00	458.25	460.75	460.00	452.75	452.75	465.50	524.75	646.00	714.00	751.00	754.75	755.25	754.00	787.25	876.50	862.75	801.50	762.75	751.50	772.25	861.50	919.25	946.75	1056.25	1109.00	1180.75	1213.50	1259.00	1274.00	1189.25	1011.25	997.25	1018.00	1017.50	1126.00	1178.50	1224.25	1250.00	1249.50	1241.50	1191.75	997.00	865.75	707.00	679.00	681.50	709.00	722.00	721.75	743.75	761.00	765.00	764.25	759.25	756.00	753.25	796.50	987.75	1107.00	1192.25	1235.25	1325.00	1362.25	1340.75	1313.00	1296.25	1292.75	1304.75	1324.50	1340.00	1354.50	1350.00	1332.00	1320.50	1317.00	1322.25	1338.25	1360.00	1373.25	1400.50	1408.50	1376.00	1285.75	1218.00	1217.50	1225.75	1244.50	1264.75	1291.75	1313.25	1333.75	1343.50	1365.75	1429.00	1496.00	1534.50	1552.50	1581.00	1599.00	1613.50	1621.50	1638.50	1660.50	1687.25	1718.75	1741.75	1765.50	1777.75	1797.25	1805.50	1811.25	1818.25	1826.25	1835.25	1840.50	1852.25	1859.50	1866.00	1871.50	1877.50	1879.50	1881.25	1885.50	1882.50	1878.25	1874.00	1872.75	1872.25	1857.75	1802.50	1724.50	1648.75	1576.75	1496.25	1450.25	1319.00	1318.25	1319.00	1411.00	1486.00	1349.50	1166.00	914.00	899.75	876.75	887.50	974.25	979.25	996.75	1141.25	1284.50	1356.00	1375.00	1418.50	1454.00	1507.50	1521.75	1503.50	1469.25	1443.00	1408.25	1309.00	1189.25	1107.75	1038.25	1021.00	1021.25	1001.25	971.25	985.75	965.50	924.25	849.75	786.75	766.00	749.50	735.50	757.50	754.50	790.75	811.00	834.50	862.25	868.25	962.00	1035.75	954.75	890.75	870.50	516.75	193.00	48.50	14.00	2.00	4.25
493.25	530.00	521.00	521.25	523.75	524.75	506.50	507.25	527.25	555.50	591.50	595.75	602.50	605.50	597.25	588.75	585.00	535.75	465.50	437.25	468.75	552.25	555.50	577.00	599.50	572.00	536.00	562.25	537.25	515.75	505.75	519.25	541.25	526.00	489.50	478.75	486.25	479.75	499.25	475.50	496.00	534.00	563.75	601.75	569.00	543.75	524.25	523.00	519.75	510.25	491.00	483.00	477.25	468.50	456.00	455.25	452.75	452.00	452.00	452.00	452.00	452.25	452.75	455.00	452.00	452.00	452.00	468.00	565.00	633.75	704.00	729.25	739.00	738.25	756.75	812.25	812.00	786.50	768.50	749.25	771.25	863.25	907.00	930.75	1025.00	1079.75	1163.00	1219.00	1269.50	1275.25	1185.25	1023.00	1022.00	1016.00	1017.50	1138.00	1166.50	1209.75	1248.75	1283.75	1316.25	1317.50	1162.25	1046.75	854.25	738.75	689.25	702.00	721.00	720.00	743.25	759.25	757.25	757.25	755.00	748.00	741.75	754.75	878.75	1062.75	1186.75	1254.50	1348.25	1393.75	1379.25	1351.50	1327.50	1314.25	1315.25	1321.00	1327.25	1337.75	1337.50	1312.50	1284.50	1263.25	1256.50	1272.00	1309.50	1338.00	1411.50	1434.50	1388.00	1241.75	1201.50	1208.75	1213.25	1237.50	1270.00	1304.75	1318.75	1342.25	1353.00	1369.75	1401.75	1451.25	1489.75	1510.00	1544.75	1569.00	1583.00	1591.25	1610.50	1640.75	1672.75	1706.00	1729.25	1753.00	1767.00	1789.75	1803.00	1810.25	1818.50	1826.00	1836.25	1842.25	1852.75	1860.50	1871.00	1879.25	1880.25	1880.75	1886.25	1894.00	1889.75	1896.25	1907.75	1913.25	1912.25	1881.25	1801.25	1700.00	1626.00	1566.00	1489.75	1447.00	1361.00	1355.50	1385.75	1475.75	1497.00	1119.00	977.75	924.00	914.50	888.50	951.00	1110.50	1080.75	1034.50	1174.75	1324.75	1373.50	1390.50	1425.25	1448.25	1475.50	1480.75	1471.50	1456.25	1440.25	1429.50	1377.25	1245.00	1098.75	1005.25	982.50	973.75	963.75	937.00	941.00	930.75	906.00	856.50	796.75	775.50	758.00	733.00	676.50	638.50	667.00	700.50	728.75	746.00	760.75	823.75	864.50	825.50	780.50	800.00	465.50	129.25	50.00	20.00	3.75	5.75
462.25	527.25	535.50	534.50	533.25	524.00	502.75	504.25	514.25	532.75	563.00	585.00	591.25	599.25	602.50	590.25	567.25	524.75	466.25	441.50	466.00	554.25	546.75	577.50	593.25	567.25	551.75	590.00	583.00	554.00	529.25	561.50	587.25	555.75	494.25	482.25	485.75	482.50	489.75	475.75	490.50	534.75	612.50	658.00	611.25	584.50	563.25	551.50	534.50	524.25	499.50	485.50	485.75	493.00	480.00	476.50	467.00	457.75	455.25	452.75	452.00	452.00	458.25	460.00	452.00	452.00	452.00	453.75	500.75	531.50	593.00	645.50	688.00	724.25	744.00	790.75	789.25	761.25	754.50	739.50	757.25	850.00	879.00	904.50	987.25	1034.75	1149.00	1208.75	1249.75	1239.75	1169.75	1031.00	987.00	941.00	998.00	1095.25	1133.75	1186.50	1238.50	1297.25	1340.25	1366.50	1255.75	1132.25	959.50	818.50	754.50	763.50	765.00	739.25	734.50	749.50	747.25	747.50	748.25	742.00	732.00	732.50	760.75	937.50	1137.75	1242.50	1344.00	1386.25	1385.50	1368.25	1349.75	1332.25	1320.50	1308.75	1306.75	1316.00	1322.75	1299.25	1255.25	1211.75	1193.25	1202.25	1216.00	1231.50	1324.25	1369.50	1284.75	1192.25	1194.00	1192.50	1193.75	1224.25	1273.25	1311.00	1320.25	1350.25	1365.50	1382.25	1404.00	1431.75	1463.00	1485.00	1523.75	1547.50	1563.50	1575.00	1592.75	1627.75	1664.50	1697.75	1716.75	1738.00	1755.50	1782.50	1799.50	1808.25	1817.25	1825.00	1836.00	1843.00	1851.50	1858.50	1868.00	1875.00	1878.75	1881.00	1887.25	1893.50	1892.25	1908.50	1923.75	1928.00	1923.25	1887.25	1804.25	1683.25	1601.25	1554.50	1503.00	1466.00	1402.50	1399.00	1438.00	1480.50	1388.75	982.75	948.25	941.75	929.25	933.25	1058.50	1198.50	1199.25	1095.25	1170.75	1329.75	1395.25	1415.50	1430.75	1431.50	1432.00	1420.75	1407.75	1396.50	1402.25	1415.00	1414.25	1273.25	1083.00	999.75	989.50	978.50	948.75	921.50	922.25	919.50	919.50	890.75	855.50	851.25	887.75	866.75	674.00	531.75	540.25	571.75	599.25	617.00	630.00	662.75	672.50	676.75	645.25	672.50	372.00	95.00	55.75	26.75	7.25	7.50
440.25	524.25	555.00	545.50	534.25	522.25	503.00	509.00	516.75	537.50	565.75	584.25	581.25	584.25	604.00	609.50	571.25	510.75	457.75	448.00	477.00	538.00	525.75	551.00	558.00	541.00	535.00	562.75	595.75	563.50	576.25	618.00	618.50	565.00	491.25	479.75	483.00	494.50	484.75	482.50	502.25	540.25	632.50	695.50	662.25	657.50	632.75	600.25	571.00	562.50	527.75	494.75	490.00	509.25	521.00	524.50	516.25	485.25	474.00	460.25	452.00	452.50	457.75	468.00	453.25	452.00	452.00	452.00	471.00	480.50	497.50	535.50	606.25	685.75	722.00	736.75	734.00	727.00	724.00	719.00	747.50	834.00	851.25	860.75	920.25	974.50	1113.75	1161.25	1197.00	1178.50	1117.25	985.75	907.25	887.00	957.00	1042.25	1113.25	1180.25	1238.50	1302.25	1347.25	1378.75	1284.75	1159.75	985.50	858.25	899.75	920.25	866.50	814.50	763.75	736.25	737.25	737.25	740.50	737.50	724.75	723.50	724.00	788.75	1018.25	1148.75	1264.25	1317.75	1337.50	1340.50	1336.00	1328.75	1310.50	1287.00	1280.00	1288.25	1301.50	1281.50	1218.25	1165.75	1131.50	1121.50	1110.50	1112.00	1173.00	1218.25	1173.75	1172.00	1181.75	1177.50	1180.25	1218.00	1279.50	1319.00	1333.25	1363.25	1380.25	1397.00	1417.25	1434.75	1457.25	1477.25	1511.75	1531.00	1558.00	1575.25	1597.00	1627.75	1662.25	1691.75	1706.25	1728.75	1749.75	1777.00	1794.50	1805.00	1814.00	1823.25	1834.25	1842.50	1848.50	1852.50	1859.25	1864.00	1869.25	1874.75	1879.75	1884.50	1889.25	1908.25	1922.50	1923.50	1914.25	1880.50	1806.00	1689.75	1591.75	1555.50	1523.00	1488.50	1438.50	1444.25	1422.75	1312.00	1183.25	964.50	966.75	957.25	942.25	1042.00	1163.25	1290.50	1314.00	1160.00	1220.50	1373.75	1452.50	1480.75	1453.75	1414.25	1366.75	1339.75	1322.00	1309.50	1334.75	1353.75	1371.25	1189.75	1050.50	1027.25	1057.50	1068.75	1033.25	941.75	904.75	889.00	896.50	886.25	898.75	892.75	905.75	809.25	593.50	450.50	439.00	443.50	460.25	479.75	487.25	501.25	508.25	523.75	494.25	479.00	245.75	91.25	60.50	28.75	11.00	10.25
436.75	536.00	577.75	560.00	536.50	526.00	510.50	518.50	521.75	542.00	577.50	590.75	579.50	569.50	581.75	599.00	568.00	502.50	447.50	447.50	475.50	505.25	508.75	547.25	555.50	539.25	518.25	519.75	549.75	542.00	603.25	638.00	611.25	551.25	494.75	489.00	491.25	517.50	506.75	494.25	521.50	537.25	616.75	732.00	744.25	725.25	674.75	651.75	632.75	611.75	566.00	511.75	496.75	515.75	546.25	559.75	555.50	516.25	502.25	482.00	461.75	465.75	464.50	473.50	459.50	452.00	452.00	452.00	453.50	460.25	466.00	491.25	540.00	588.25	621.00	627.50	630.50	682.25	693.75	697.00	740.50	821.75	831.00	822.25	858.25	912.25	1040.50	1089.75	1133.00	1097.25	1006.75	880.75	847.50	873.75	941.00	1060.25	1154.25	1219.75	1261.75	1308.25	1351.00	1387.75	1281.75	1167.00	998.50	919.25	1043.75	1079.00	974.00	905.75	843.75	744.25	728.50	728.50	733.75	734.00	723.75	717.50	716.25	712.25	837.25	979.75	1133.50	1206.50	1232.50	1258.50	1279.25	1293.00	1282.00	1258.75	1251.25	1256.50	1275.50	1261.25	1186.25	1137.75	1095.25	1069.25	1055.50	1056.50	1096.50	1121.00	1147.25	1164.25	1170.00	1167.25	1173.50	1231.75	1285.00	1332.50	1357.25	1380.00	1392.75	1408.00	1429.25	1444.00	1462.25	1477.00	1500.00	1516.00	1553.25	1579.00	1605.50	1630.00	1659.50	1683.75	1696.75	1723.75	1747.50	1772.00	1787.25	1800.25	1810.25	1820.75	1831.50	1841.75	1843.75	1843.00	1844.75	1846.50	1849.75	1855.50	1860.00	1868.50	1878.50	1896.25	1911.00	1910.00	1897.25	1867.25	1796.75	1696.00	1604.25	1579.50	1539.50	1498.25	1452.00	1471.50	1430.00	1244.50	1074.25	978.50	986.00	969.50	973.75	1153.75	1236.00	1421.25	1381.00	1250.50	1367.75	1474.50	1544.00	1573.25	1514.00	1425.25	1298.75	1243.00	1218.50	1202.00	1230.25	1259.25	1233.75	1070.00	1023.75	1060.75	1107.25	1169.75	1230.50	1078.50	993.75	934.00	861.25	816.25	799.00	801.00	699.00	544.50	439.75	401.50	398.00	391.75	381.25	380.75	378.00	370.00	366.50	369.75	344.25	289.50	163.50	96.75	60.00	27.75	14.50	14.00
426.00	519.75	573.50	573.00	557.75	532.00	509.00	522.75	525.00	528.00	557.50	577.00	577.00	565.25	555.75	559.00	545.00	490.50	438.50	445.00	463.75	493.00	520.50	569.25	579.50	556.25	528.50	506.00	505.75	534.25	607.50	625.75	570.50	509.25	485.75	492.25	505.75	533.50	528.50	499.00	524.25	527.50	576.75	727.00	783.25	717.00	668.50	691.75	698.25	658.00	593.75	521.75	503.00	513.50	538.00	559.50	554.75	527.25	516.25	501.00	484.75	495.00	499.25	497.50	478.50	462.75	455.75	453.50	456.25	453.50	460.00	488.25	497.50	499.75	506.00	520.25	522.75	603.50	651.50	669.25	728.25	806.50	814.50	794.50	811.25	839.00	917.75	978.00	1023.50	972.00	862.75	803.50	819.00	903.75	1015.75	1145.25	1230.75	1286.00	1300.00	1321.50	1353.00	1386.00	1276.50	1166.25	1026.25	1000.00	1130.50	1184.75	1068.75	974.50	932.75	829.50	734.00	723.75	728.00	729.00	724.00	712.00	702.00	696.00	709.00	801.75	988.00	1084.50	1114.00	1150.25	1194.50	1230.75	1236.50	1220.50	1218.75	1222.25	1247.75	1251.25	1187.75	1136.50	1098.25	1064.50	1035.00	1036.50	1090.75	1116.00	1144.00	1155.75	1159.50	1156.25	1168.75	1241.25	1277.00	1337.00	1376.75	1408.50	1414.25	1424.00	1439.75	1451.75	1467.75	1480.50	1499.50	1514.50	1550.25	1576.25	1602.25	1624.00	1651.50	1674.25	1689.00	1719.75	1742.50	1766.75	1780.25	1795.00	1807.00	1818.25	1828.75	1839.75	1835.75	1829.75	1825.50	1824.00	1824.50	1828.75	1833.50	1845.00	1855.00	1874.25	1890.75	1891.50	1875.50	1844.25	1773.00	1692.25	1633.00	1610.50	1550.50	1486.00	1426.25	1444.00	1426.25	1299.50	1089.00	1000.00	1005.25	989.75	1055.75	1209.25	1319.50	1522.25	1412.75	1375.75	1493.25	1564.75	1631.25	1668.75	1602.25	1490.25	1238.25	1168.00	1132.75	1093.25	1084.50	1101.75	1078.00	1053.25	1080.25	1108.50	1138.50	1222.75	1344.00	1277.25	1222.25	1143.25	904.75	779.75	613.50	600.50	488.25	414.75	392.75	397.75	409.75	421.50	401.00	403.00	392.75	357.00	326.50	302.25	276.50	228.00	146.50	104.25	58.50	26.25	19.75	18.50
376.00	465.00	569.00	577.00	558.00	520.50	486.00	496.00	497.00	504.50	517.50	533.50	576.50	575.50	559.00	536.00	524.50	470.50	431.00	442.00	471.00	511.50	556.00	586.50	594.00	593.50	568.50	528.50	500.00	503.50	567.00	548.50	489.00	461.00	461.00	470.50	538.50	528.50	502.00	511.50	523.50	532.50	530.50	604.00	660.50	645.50	631.00	666.50	724.50	667.00	607.00	531.50	504.00	504.00	517.50	570.00	564.50	553.50	533.50	523.50	522.50	532.00	555.00	547.00	528.50	529.00	512.00	496.50	489.00	483.50	478.50	480.00	478.00	473.00	473.00	473.00	473.00	480.50	518.50	598.50	699.00	774.50	776.00	745.50	689.50	679.00	687.00	713.00	738.00	708.50	697.50	742.00	838.50	1058.50	1152.00	1218.50	1264.00	1291.50	1294.00	1320.00	1349.50	1331.00	1241.50	1152.50	1057.50	1081.50	1198.50	1269.50	1191.50	1079.50	1064.50	1034.00	928.50	721.50	708.50	712.00	710.50	699.00	683.50	678.50	679.50	670.00	781.50	878.50	941.00	1000.00	1058.50	1114.00	1140.00	1146.50	1153.00	1155.50	1178.00	1210.50	1197.00	1161.50	1106.00	1054.00	1020.00	1020.50	1084.00	1107.00	1127.00	1141.00	1144.00	1136.00	1147.00	1195.00	1245.50	1369.50	1433.00	1483.00	1495.50	1489.50	1471.00	1474.50	1486.00	1500.00	1515.00	1528.50	1552.00	1569.50	1587.50	1607.50	1636.00	1663.50	1682.50	1711.50	1728.50	1759.00	1774.00	1788.50	1802.00	1813.50	1824.50	1828.00	1815.50	1806.00	1797.50	1795.50	1792.00	1793.00	1794.00	1795.00	1795.00	1820.50	1843.50	1854.00	1840.50	1807.50	1756.00	1712.00	1673.50	1639.50	1543.50	1440.00	1301.00	1254.50	1178.50	1086.50	1030.00	1029.00	1033.50	1043.00	1119.00	1243.50	1500.00	1576.50	1523.50	1559.50	1624.00	1713.00	1792.00	1806.50	1652.00	1400.00	1153.00	1126.00	1082.00	1043.00	994.50	963.50	939.00	929.00	1023.50	1145.50	1167.50	1215.50	1242.00	1302.50	1396.00	1393.50	1101.50	745.50	475.50	408.50	394.00	413.00	480.50	536.50	600.50	620.50	663.00	738.50	742.50	670.50	624.50	545.50	491.50	510.50	222.50	120.00	59.00	31.50	30.50	32.00
364.75	436.50	546.25	540.50	524.75	509.25	483.50	483.75	485.00	503.50	525.75	537.50	573.00	576.75	566.75	539.25	520.00	471.50	434.25	443.50	465.25	523.50	567.25	582.00	592.25	603.00	583.25	546.25	500.00	505.25	550.00	538.25	491.75	461.50	461.00	470.00	534.50	530.50	499.75	508.75	527.25	536.75	531.25	583.00	628.25	622.50	609.50	636.25	676.75	632.50	585.25	522.75	504.50	510.50	525.50	582.50	583.75	564.75	546.25	536.75	539.00	545.50	557.25	554.75	541.00	552.50	540.00	523.25	507.00	503.75	493.50	485.00	477.50	473.00	473.00	473.00	473.00	476.75	496.00	561.00	669.25	749.50	753.50	716.75	654.00	642.50	648.75	666.75	687.50	681.50	679.25	739.50	871.75	1063.75	1132.00	1191.00	1237.25	1248.00	1259.50	1287.75	1303.75	1293.50	1225.75	1138.25	1059.00	1086.50	1207.00	1286.25	1239.00	1131.25	1102.00	1081.25	975.00	783.25	710.25	701.75	701.75	693.50	683.50	675.25	676.00	668.00	742.25	839.25	896.25	954.00	1029.50	1091.50	1109.50	1119.25	1127.00	1121.25	1132.50	1178.50	1177.00	1133.75	1077.00	1039.50	1019.50	1020.75	1082.00	1104.75	1120.00	1129.50	1133.75	1129.75	1145.25	1212.50	1266.75	1385.75	1449.00	1499.50	1511.50	1505.00	1493.25	1499.75	1510.00	1518.50	1525.25	1536.00	1556.25	1572.50	1590.00	1609.50	1635.75	1662.50	1681.50	1709.00	1725.00	1756.75	1772.75	1786.50	1799.75	1812.25	1823.50	1824.25	1810.00	1800.75	1790.25	1786.75	1783.00	1779.50	1775.75	1769.75	1768.25	1798.25	1823.75	1842.25	1833.75	1808.50	1772.50	1739.25	1701.75	1648.50	1549.25	1453.75	1272.50	1234.25	1184.50	1152.00	1103.00	1035.50	1040.50	1046.75	1119.75	1271.00	1545.50	1604.00	1574.00	1622.00	1660.75	1752.25	1795.25	1733.50	1530.75	1317.50	1168.00	1144.25	1121.25	1119.25	1054.75	995.50	933.75	908.50	943.50	1072.75	1103.50	1156.25	1171.50	1238.00	1300.25	1322.50	1026.75	681.25	449.00	416.75	431.75	476.00	585.75	673.00	747.00	691.00	751.00	949.50	971.50	889.25	782.00	638.75	653.25	698.75	305.75	131.00	69.75	35.25	33.00	36.00
352.50	393.00	475.00	480.75	496.00	512.00	492.75	469.75	473.25	506.75	546.25	548.50	562.75	569.75	568.50	551.75	516.50	464.25	433.75	447.75	455.00	521.25	567.25	572.25	585.25	599.75	593.50	569.25	504.50	508.00	522.50	530.25	494.00	461.50	463.00	474.75	521.00	526.00	497.25	515.50	538.50	546.00	536.50	555.50	588.75	588.00	569.00	573.50	581.00	564.00	543.75	513.50	507.50	520.25	539.50	596.00	604.75	586.75	572.50	565.25	568.75	575.00	572.00	575.00	567.75	578.25	583.50	569.75	553.25	552.00	540.00	521.25	496.75	482.75	477.75	473.00	473.00	473.00	473.25	500.25	578.50	664.25	689.25	648.75	593.00	583.50	592.75	605.25	625.50	645.50	663.25	742.50	876.00	1007.25	1046.75	1080.75	1118.25	1128.50	1178.25	1220.50	1212.75	1208.50	1196.25	1119.75	1063.00	1092.00	1230.50	1312.25	1301.50	1233.50	1186.50	1170.75	1038.50	864.50	736.75	691.00	688.75	686.75	682.25	670.00	668.75	664.25	682.25	755.00	823.75	876.00	957.75	1035.50	1054.00	1056.25	1063.25	1056.00	1046.50	1080.75	1087.75	1058.25	1031.00	1024.50	1028.75	1029.75	1070.75	1094.25	1100.75	1102.75	1114.00	1119.25	1150.25	1235.00	1278.25	1383.00	1446.75	1510.75	1532.75	1540.00	1546.50	1555.00	1570.00	1577.50	1570.00	1561.00	1571.00	1583.75	1598.00	1616.50	1639.00	1663.75	1681.50	1706.50	1721.75	1753.50	1770.25	1783.25	1796.00	1809.50	1821.75	1819.75	1802.75	1793.50	1776.25	1762.25	1753.75	1744.25	1729.75	1705.75	1708.50	1748.25	1787.75	1816.25	1821.25	1811.50	1800.75	1781.00	1726.50	1658.25	1570.25	1486.00	1301.00	1280.00	1294.75	1310.75	1222.25	1048.25	1053.50	1052.75	1125.25	1334.00	1604.00	1667.00	1669.50	1727.00	1742.75	1787.00	1733.25	1543.00	1351.25	1257.75	1206.75	1187.75	1249.25	1348.50	1285.25	1137.00	994.50	875.50	852.75	908.25	921.25	969.00	1008.50	1117.75	1136.75	1169.75	898.25	583.50	431.25	469.00	554.00	647.25	844.00	971.00	1043.00	810.50	894.25	1226.25	1280.00	1151.50	921.00	807.50	885.00	894.50	416.00	155.00	86.50	45.25	37.75	43.50
351.00	379.50	416.25	459.75	518.00	539.75	515.00	474.00	471.00	503.50	564.00	561.75	550.25	553.50	559.75	565.75	522.00	456.00	428.00	451.00	459.25	497.00	533.25	564.25	586.50	574.00	563.25	554.75	514.50	509.75	511.75	535.00	496.75	461.00	464.00	485.75	510.50	516.50	498.50	531.50	556.75	564.75	547.00	541.75	550.75	560.50	538.00	520.00	518.75	526.00	523.00	520.00	514.25	519.75	540.00	592.50	605.50	606.00	606.00	603.50	599.75	607.00	607.00	611.50	600.75	581.25	598.75	593.75	597.25	595.50	588.50	576.50	545.50	515.50	504.75	480.50	475.00	473.25	473.00	475.00	496.00	556.50	598.25	581.25	562.50	553.25	565.25	580.50	611.25	650.00	695.75	750.00	812.25	882.25	910.50	927.50	962.75	1005.50	1098.25	1137.25	1113.50	1117.25	1141.00	1119.75	1067.25	1091.00	1260.50	1325.00	1320.00	1293.50	1260.50	1236.75	1071.50	919.00	843.50	739.50	686.00	684.25	678.75	665.25	661.25	659.25	657.25	676.00	758.50	817.50	875.50	953.75	995.50	980.50	990.50	990.75	969.00	992.00	1003.50	1019.00	1042.25	1053.00	1072.50	1054.00	1045.00	1063.50	1072.00	1078.50	1098.75	1109.00	1144.00	1206.00	1240.75	1347.00	1411.75	1507.25	1547.75	1575.25	1601.00	1613.50	1635.75	1650.50	1641.50	1614.00	1602.00	1605.25	1612.25	1626.50	1646.50	1670.00	1687.00	1709.00	1724.00	1752.00	1769.00	1781.25	1793.50	1807.25	1821.25	1819.25	1800.75	1791.00	1768.50	1734.75	1707.50	1693.00	1668.00	1636.25	1637.75	1678.25	1738.50	1789.00	1809.50	1812.00	1815.50	1803.75	1749.00	1703.00	1628.00	1562.75	1432.25	1401.25	1403.25	1371.25	1222.25	1062.75	1066.00	1058.50	1134.50	1438.00	1654.25	1750.00	1768.25	1793.75	1776.75	1727.00	1574.25	1381.75	1303.50	1285.75	1242.75	1271.50	1439.50	1550.50	1531.00	1334.50	1130.00	869.25	834.50	813.00	798.50	806.75	840.75	945.75	988.75	1013.25	795.25	588.00	555.25	666.75	812.50	942.25	1107.00	1218.50	1263.00	952.75	1015.00	1319.25	1377.00	1165.50	959.00	972.50	966.00	839.50	441.25	180.00	100.25	59.50	43.00	51.50
338.25	382.50	424.25	463.25	521.25	544.50	522.50	474.50	459.50	490.50	561.25	567.25	542.00	542.25	551.75	563.50	524.00	460.00	427.75	452.00	474.50	492.50	517.00	568.00	594.50	559.75	520.75	517.25	505.00	507.00	519.50	539.25	501.50	461.00	466.50	492.25	511.25	506.50	497.00	541.75	575.75	583.00	552.25	522.25	500.25	524.75	513.75	493.50	511.00	530.75	533.00	538.75	523.00	515.00	528.50	582.25	601.50	617.25	640.25	649.25	641.00	645.00	659.50	663.25	644.50	597.00	596.25	599.25	616.25	619.75	614.75	616.50	590.50	558.25	554.25	519.50	497.75	479.50	475.50	474.00	476.00	498.75	529.75	540.00	547.50	539.25	551.00	568.00	624.50	708.00	786.75	804.50	803.50	808.50	826.25	856.00	892.00	934.50	999.00	1017.75	1009.50	1033.75	1060.75	1094.50	1069.50	1094.00	1275.25	1327.00	1324.25	1307.50	1295.75	1273.75	1144.25	1029.00	978.00	852.00	736.50	685.75	667.00	658.25	653.50	651.75	649.50	635.75	687.75	757.75	804.50	859.00	921.25	905.00	901.75	911.50	920.25	973.25	996.00	1037.25	1082.75	1106.25	1128.75	1079.50	1023.25	1034.25	1050.25	1059.00	1082.00	1108.25	1153.75	1197.25	1227.50	1314.25	1378.75	1498.00	1554.50	1594.50	1629.25	1647.00	1668.50	1684.75	1689.50	1670.50	1638.75	1631.75	1631.00	1638.00	1657.75	1682.25	1699.25	1715.75	1729.00	1753.50	1770.50	1781.00	1792.25	1806.25	1821.25	1819.00	1799.75	1790.00	1762.75	1714.50	1665.50	1636.50	1607.75	1582.25	1582.00	1613.25	1674.75	1744.25	1784.25	1802.75	1816.75	1822.00	1810.00	1785.50	1697.50	1641.75	1527.00	1455.75	1379.25	1291.25	1157.00	1085.75	1085.50	1069.75	1158.50	1507.50	1713.00	1823.50	1832.75	1801.75	1715.25	1601.75	1436.75	1350.00	1323.50	1302.25	1313.25	1442.00	1597.75	1627.75	1590.50	1407.50	1130.00	860.75	837.50	820.50	799.25	764.25	747.25	794.75	822.50	849.75	755.50	696.00	756.50	882.25	972.50	1060.25	1127.25	1214.50	1300.25	1119.50	1125.75	1353.25	1385.75	1201.25	1140.25	1105.75	924.00	740.25	455.50	204.25	114.75	72.00	50.00	60.50
321.75	369.75	444.00	476.25	509.00	525.25	507.00	462.00	443.25	475.75	541.50	562.50	542.50	537.25	531.25	541.75	513.50	455.25	432.75	457.25	478.75	503.25	531.75	571.25	583.75	543.25	507.50	503.75	482.25	491.75	525.00	534.75	502.75	461.00	470.50	489.25	508.25	491.75	496.50	547.50	581.00	580.75	550.75	498.25	470.00	487.50	490.75	492.25	526.50	550.00	560.25	559.50	531.50	517.75	522.00	566.25	588.25	615.25	650.50	684.00	689.50	694.25	712.25	713.00	692.00	630.75	599.75	599.50	615.50	620.75	619.00	635.00	615.50	593.00	599.75	580.75	551.00	504.00	488.25	479.50	481.00	490.00	505.00	516.25	529.00	528.75	543.00	564.25	648.50	760.00	854.25	890.00	878.25	837.50	833.00	863.00	880.25	898.50	912.25	923.75	940.00	973.75	1019.25	1059.75	1077.75	1113.50	1262.25	1320.25	1322.00	1311.25	1305.25	1288.50	1228.50	1152.75	1062.75	930.50	810.00	692.75	646.25	648.75	646.00	644.00	641.25	624.25	632.50	689.50	736.25	775.75	826.75	826.50	815.25	843.00	895.25	973.00	1009.00	1051.25	1102.50	1131.50	1135.00	1067.25	1013.00	1023.50	1039.00	1042.75	1095.50	1163.00	1208.75	1241.25	1259.75	1306.50	1355.00	1459.25	1526.25	1582.50	1622.00	1633.25	1648.25	1663.50	1684.75	1686.00	1664.75	1654.75	1649.75	1652.00	1672.50	1700.75	1716.50	1728.50	1738.75	1761.75	1775.75	1783.25	1792.00	1806.00	1820.75	1816.75	1797.75	1789.50	1748.50	1696.25	1643.75	1601.75	1567.50	1546.50	1554.00	1582.50	1624.75	1692.00	1730.75	1768.50	1805.75	1827.75	1839.50	1825.00	1743.25	1687.50	1563.25	1447.00	1328.50	1226.75	1138.50	1113.50	1112.50	1092.50	1259.75	1583.75	1773.00	1840.75	1811.75	1736.00	1618.75	1504.75	1409.00	1375.50	1356.50	1401.00	1513.00	1625.25	1667.00	1582.00	1426.25	1231.25	993.00	858.50	857.25	841.25	794.75	757.25	742.50	751.00	720.25	736.75	748.75	755.25	788.00	834.50	841.75	853.50	897.25	970.25	1074.00	1131.75	1119.25	1318.75	1383.75	1330.25	1302.50	1158.75	907.75	788.50	494.00	221.00	120.25	77.00	57.00	69.50
326.50	348.25	440.50	495.25	517.75	514.25	489.75	455.25	436.00	471.00	530.75	554.50	551.00	536.00	515.25	512.00	482.75	437.75	431.75	454.25	474.75	509.25	531.75	556.50	566.00	536.50	530.00	534.00	477.25	474.50	514.50	525.50	503.75	463.25	466.00	475.25	491.75	475.75	495.00	543.00	562.00	561.75	540.75	481.50	454.50	467.75	480.00	500.00	545.50	570.75	588.50	579.50	547.75	535.25	525.25	550.25	573.75	617.75	651.75	708.25	733.50	740.00	751.25	750.25	740.00	693.25	643.25	615.50	606.75	606.00	601.00	629.00	625.50	621.25	628.75	628.25	609.00	547.25	519.75	494.00	491.50	503.25	513.00	519.50	526.50	527.25	538.00	559.50	653.75	759.25	843.25	916.75	929.50	892.50	868.25	882.25	885.25	893.25	894.50	902.75	925.50	964.75	1033.50	1068.75	1101.25	1144.50	1248.25	1308.50	1313.50	1304.50	1300.00	1286.75	1254.25	1193.75	1106.00	961.75	834.50	667.00	628.00	638.25	638.75	636.75	632.00	614.75	605.75	629.00	663.00	701.75	734.50	747.50	747.50	786.00	841.50	922.75	973.25	1009.50	1043.50	1050.25	1044.25	1004.75	1001.00	1011.75	1021.25	1030.25	1180.00	1278.25	1299.50	1304.25	1304.75	1327.50	1355.25	1419.50	1475.00	1537.50	1589.00	1598.50	1608.75	1621.50	1644.75	1659.50	1673.25	1668.50	1660.00	1661.00	1682.00	1715.00	1731.50	1743.50	1754.25	1777.25	1786.50	1787.25	1791.75	1805.75	1820.00	1811.75	1795.50	1789.25	1738.75	1684.50	1633.50	1581.50	1536.75	1515.25	1536.00	1577.75	1611.25	1665.25	1686.75	1723.75	1777.75	1809.75	1821.75	1816.75	1776.75	1728.75	1566.50	1448.00	1349.75	1246.00	1150.75	1134.25	1136.75	1137.25	1382.25	1698.50	1821.25	1816.00	1752.25	1654.25	1553.50	1476.00	1435.75	1407.00	1410.25	1518.50	1685.00	1655.25	1571.50	1361.25	1197.50	1104.25	922.00	879.00	873.75	869.00	835.50	761.25	740.25	723.25	696.25	701.75	714.75	722.00	705.50	692.75	689.25	669.00	693.75	734.00	728.00	873.50	925.25	1146.25	1279.75	1313.75	1314.50	1196.50	977.50	818.00	485.00	216.00	114.50	75.75	62.75	77.25
332.25	338.25	424.25	504.00	516.50	506.75	484.00	457.25	435.50	470.25	539.75	558.75	557.25	538.50	512.50	488.75	459.25	430.25	423.00	437.25	481.25	531.00	528.75	532.25	547.75	524.50	541.75	565.75	496.75	469.50	507.00	526.25	503.00	467.25	462.25	463.00	470.75	466.75	488.25	539.50	557.00	559.25	526.00	474.00	449.00	463.25	482.25	509.00	558.00	587.50	607.25	599.25	583.75	565.00	536.25	548.50	575.25	643.00	684.50	742.50	770.25	775.25	778.00	773.00	781.50	771.25	724.50	668.25	611.50	597.00	583.00	601.75	612.00	633.25	640.00	646.00	639.75	589.50	563.75	520.00	512.50	538.75	554.00	555.25	547.00	537.50	539.75	555.25	639.75	739.25	815.50	892.25	920.50	910.50	888.50	891.75	914.00	942.25	955.00	946.50	955.75	989.25	1061.75	1094.50	1133.75	1171.75	1244.25	1295.75	1302.50	1284.25	1271.75	1264.75	1236.25	1163.75	1097.50	961.00	753.00	620.25	619.50	627.50	630.50	629.00	623.00	608.75	607.25	615.50	628.25	664.75	702.25	718.50	719.75	752.75	784.00	839.25	875.00	901.25	919.50	931.00	962.00	963.50	984.50	994.75	998.75	1017.00	1261.25	1388.25	1399.50	1379.50	1360.50	1355.50	1373.50	1411.75	1446.25	1493.75	1549.75	1569.00	1581.50	1591.00	1607.00	1620.25	1650.00	1652.50	1650.00	1657.00	1682.50	1717.75	1736.50	1753.25	1768.50	1793.50	1797.00	1790.00	1791.00	1804.25	1816.50	1806.75	1794.25	1783.25	1719.75	1678.25	1623.75	1547.50	1497.25	1481.25	1520.75	1586.50	1622.00	1658.75	1675.25	1699.00	1739.25	1777.75	1792.00	1788.25	1775.00	1732.00	1571.50	1501.75	1426.00	1317.00	1187.25	1151.00	1159.50	1186.75	1421.25	1698.50	1809.25	1794.25	1723.75	1618.25	1531.25	1482.50	1458.50	1454.50	1472.25	1570.00	1714.00	1460.75	1358.75	1232.00	1246.75	1201.50	922.50	891.75	887.25	892.50	993.25	844.25	720.25	701.00	692.00	694.25	683.75	676.00	654.25	640.00	627.75	596.25	604.50	636.00	534.00	584.25	665.75	866.50	990.75	1066.50	1168.00	1196.00	1017.25	789.75	449.00	202.50	105.50	72.00	67.75	83.50
312.00	342.00	381.00	466.00	488.00	486.00	492.50	465.50	431.00	457.50	518.50	555.00	544.50	538.50	535.00	494.50	439.00	421.00	415.00	418.00	483.50	561.00	527.00	480.50	497.00	471.00	483.50	538.50	527.50	466.50	498.00	508.00	494.00	464.00	463.00	463.00	461.50	461.00	477.50	568.00	610.00	588.50	539.50	477.50	451.00	463.00	488.50	536.00	610.00	648.50	647.50	643.00	646.00	619.50	563.50	561.00	596.50	706.50	762.50	791.50	817.00	833.50	812.50	793.50	801.50	874.00	875.00	791.50	680.50	635.50	601.00	571.50	576.00	605.00	625.00	635.00	636.50	617.00	603.50	580.00	607.50	659.00	676.50	674.00	649.50	602.50	560.50	565.00	593.00	646.00	728.00	779.50	817.00	853.50	868.50	874.00	964.00	1072.50	1143.00	1126.50	1071.50	1037.00	1084.50	1119.50	1169.00	1199.50	1239.50	1283.50	1292.00	1245.00	1200.50	1142.50	1126.00	1072.50	1007.50	847.00	595.00	601.50	608.00	610.50	617.00	617.50	611.50	610.00	629.00	648.00	665.00	678.00	719.50	730.00	737.00	765.00	794.00	822.00	845.00	847.00	867.00	901.00	955.50	960.00	964.00	975.00	979.50	1065.00	1326.50	1453.00	1471.50	1446.50	1425.50	1406.50	1408.00	1425.00	1448.50	1480.00	1517.00	1537.00	1551.00	1558.50	1568.50	1569.50	1576.50	1590.00	1613.50	1632.50	1676.50	1714.00	1729.00	1745.50	1769.50	1792.50	1785.00	1783.00	1788.00	1800.00	1807.50	1803.50	1793.00	1759.00	1669.50	1642.00	1589.00	1468.00	1438.50	1447.50	1514.50	1611.50	1642.00	1669.00	1679.50	1695.50	1711.00	1737.50	1747.50	1741.00	1729.50	1704.00	1644.50	1588.00	1459.00	1321.50	1226.50	1194.50	1199.50	1212.50	1299.00	1510.50	1707.50	1753.00	1757.50	1717.00	1672.50	1634.00	1562.50	1573.00	1580.50	1648.00	1744.00	1424.00	1470.50	1606.00	1484.00	1148.50	928.50	908.00	907.00	908.50	1151.00	1204.50	968.50	857.00	763.50	736.50	687.00	655.50	649.00	642.00	631.00	599.00	588.50	588.50	488.00	452.50	463.00	479.50	515.00	602.50	743.50	929.50	1050.50	875.50	409.00	181.00	95.50	67.00	73.50	92.00
312.00	335.75	382.25	453.00	474.25	471.00	499.25	473.75	432.50	454.25	514.00	550.00	538.75	530.75	531.00	496.25	442.75	417.50	414.50	417.75	468.50	548.50	513.25	474.00	483.75	466.25	473.75	509.25	525.50	471.75	485.75	489.00	478.75	462.50	462.00	468.00	462.50	461.00	481.50	573.25	614.25	584.25	532.75	476.25	449.25	461.75	493.75	551.50	642.00	677.75	660.50	654.50	666.25	639.50	576.00	556.00	592.25	714.25	777.50	799.75	822.00	843.25	832.25	800.00	799.75	870.75	896.00	823.00	706.00	640.75	596.75	574.25	574.00	588.75	611.75	627.75	628.25	615.75	607.00	601.75	638.00	707.75	738.75	745.25	717.00	656.25	585.75	577.00	582.75	615.25	674.50	721.25	754.00	797.25	835.75	888.25	989.75	1100.00	1157.50	1150.50	1112.00	1053.75	1079.50	1116.00	1169.00	1201.50	1242.25	1285.50	1299.75	1257.00	1210.75	1119.00	1055.00	1016.25	968.25	768.75	586.00	596.75	602.50	605.50	612.50	613.75	609.00	613.75	632.25	650.75	669.25	685.00	713.00	727.75	741.00	765.75	796.00	824.00	847.00	855.50	872.25	901.25	951.50	956.25	960.50	969.50	1014.25	1139.25	1340.00	1433.25	1460.25	1449.50	1433.75	1419.25	1419.25	1431.00	1451.00	1480.75	1513.00	1529.00	1541.75	1550.75	1560.25	1560.50	1567.75	1581.75	1605.00	1626.25	1674.25	1711.75	1721.50	1729.00	1747.25	1770.50	1772.25	1777.50	1786.00	1798.25	1805.50	1802.25	1792.50	1759.25	1667.00	1622.50	1546.50	1446.50	1431.50	1443.00	1515.50	1622.50	1656.25	1680.50	1690.25	1703.25	1716.00	1735.00	1740.50	1732.25	1720.25	1702.75	1655.25	1602.25	1484.25	1327.50	1239.00	1206.75	1210.75	1223.00	1274.00	1490.75	1612.00	1684.25	1737.00	1762.50	1766.25	1744.00	1639.25	1613.75	1633.50	1683.50	1753.50	1611.25	1652.00	1709.00	1441.50	1140.00	946.00	914.50	915.00	917.00	1121.50	1301.00	1140.00	1034.00	903.25	861.50	822.00	746.50	728.75	727.75	738.25	750.00	654.50	620.00	515.50	473.75	461.50	460.00	483.00	506.50	599.50	769.00	942.50	847.50	373.00	164.25	98.75	68.75	75.75	94.75
307.00	328.50	368.00	409.50	426.00	448.00	501.50	482.00	430.00	447.50	545.00	573.50	526.00	503.50	491.50	470.00	434.00	429.50	458.00	440.00	455.50	504.50	501.00	467.50	466.00	463.50	472.50	468.50	467.00	468.50	474.00	461.00	461.00	461.00	463.00	461.00	461.00	461.00	479.50	568.50	597.50	551.50	501.00	465.50	452.00	463.00	517.00	591.00	720.50	736.00	692.50	685.00	723.50	704.00	621.00	556.00	581.00	709.50	780.50	823.00	838.00	835.50	831.00	793.50	789.00	810.50	840.00	834.00	739.00	651.00	603.00	598.50	579.00	571.00	588.00	612.50	614.00	622.00	631.50	651.50	711.50	851.50	935.00	967.50	932.00	845.50	687.00	614.50	577.00	573.50	579.00	590.00	600.50	666.50	760.00	897.50	1061.50	1172.50	1198.50	1159.00	1112.50	1065.00	1035.00	1071.50	1141.50	1199.00	1269.50	1329.50	1332.50	1315.00	1271.00	1160.00	961.50	742.00	736.50	610.50	573.50	582.50	586.00	593.50	599.50	603.00	604.50	623.50	643.50	657.50	677.00	701.00	713.50	731.50	755.00	776.50	800.50	827.00	845.50	867.50	880.00	897.50	932.50	942.00	944.00	988.50	1186.00	1252.00	1293.50	1313.00	1364.50	1413.50	1435.50	1453.50	1453.50	1455.50	1463.00	1481.50	1494.50	1497.00	1508.50	1524.00	1538.00	1530.00	1537.50	1553.00	1578.00	1613.50	1668.50	1700.00	1689.50	1679.50	1681.50	1706.50	1733.00	1760.50	1778.50	1791.50	1799.00	1797.50	1786.00	1736.00	1644.50	1573.50	1448.00	1407.00	1411.50	1443.50	1567.00	1678.00	1719.50	1741.00	1736.00	1735.50	1739.00	1733.50	1723.00	1710.50	1695.00	1690.00	1669.50	1630.50	1521.50	1352.50	1307.50	1252.00	1247.50	1245.50	1267.00	1316.00	1352.00	1499.50	1649.00	1795.00	1867.50	1884.00	1865.00	1815.50	1735.50	1694.50	1751.00	1803.00	1798.00	1775.00	1548.00	1373.50	991.00	934.00	936.00	941.00	1004.00	1358.00	1544.50	1501.50	1400.50	1384.00	1393.00	1239.50	1193.00	1218.00	1339.00	1366.00	1116.50	964.00	867.00	617.00	521.50	445.50	444.50	377.50	336.50	377.50	526.00	611.00	268.00	150.50	128.00	84.00	86.50	104.00
313.00	335.00	360.00	392.00	420.00	453.00	485.50	473.50	436.50	421.50	529.00	575.00	545.00	520.00	484.00	457.00	421.50	444.50	493.00	496.50	471.50	503.00	512.00	488.50	470.00	464.50	470.00	495.00	461.00	461.00	467.50	471.50	463.50	461.00	464.50	461.00	461.00	461.00	469.00	550.50	591.00	552.00	500.50	459.50	449.50	463.00	537.00	612.00	728.50	737.00	710.50	709.50	742.50	744.00	648.00	556.00	562.00	682.00	775.50	862.00	877.00	825.50	773.00	775.00	788.00	786.50	765.00	738.00	697.50	654.00	608.50	602.50	585.00	571.00	573.50	608.50	619.00	641.50	652.00	670.00	739.00	882.00	981.50	1069.00	1046.50	966.00	768.00	686.00	613.50	588.00	584.50	592.00	592.00	614.00	670.50	774.50	912.50	1087.00	1201.50	1179.00	1104.50	1047.50	994.50	1020.00	1089.50	1183.00	1299.50	1359.00	1356.00	1348.50	1314.50	1193.00	1017.50	823.50	633.00	579.00	570.50	572.50	576.50	585.50	589.50	596.00	603.00	620.00	645.50	654.00	681.00	707.50	729.00	751.00	765.50	781.50	802.50	826.50	839.00	858.50	875.00	887.50	909.50	910.50	953.50	1054.50	1158.00	1224.00	1237.50	1215.50	1265.00	1338.50	1382.50	1442.00	1453.50	1454.50	1458.00	1463.50	1462.50	1469.00	1489.50	1507.00	1521.50	1509.50	1510.50	1526.00	1558.00	1606.00	1655.00	1668.00	1657.00	1661.00	1666.50	1693.50	1721.00	1751.00	1771.50	1786.00	1792.50	1790.50	1749.50	1651.00	1575.00	1464.50	1386.00	1392.00	1396.00	1527.50	1642.50	1729.50	1767.00	1781.00	1773.00	1768.50	1763.00	1737.50	1714.00	1698.50	1679.50	1672.50	1647.00	1611.00	1490.00	1392.00	1362.50	1301.50	1286.50	1272.00	1292.00	1310.00	1453.50	1635.50	1697.00	1758.00	1810.50	1861.50	1888.00	1878.50	1776.00	1535.00	1514.00	1581.00	1472.00	1455.50	1434.00	1410.50	1084.00	948.50	952.00	959.00	968.50	1330.50	1594.00	1562.00	1544.00	1520.50	1533.00	1464.50	1413.00	1490.50	1503.50	1527.50	1427.00	1336.50	1238.50	918.50	805.50	553.00	455.00	361.50	323.50	308.00	314.50	299.00	172.00	151.00	158.50	114.50	93.00	112.00
302.50	321.00	338.50	414.00	447.50	476.50	487.50	474.50	432.00	418.00	492.00	536.00	567.50	544.00	490.50	439.00	412.00	436.50	499.00	492.50	479.50	497.50	498.00	480.50	474.00	468.00	483.50	504.50	471.50	466.00	461.00	477.00	468.00	461.00	461.00	461.00	461.00	461.00	471.50	537.50	581.00	566.00	512.00	458.00	443.00	458.00	534.50	613.50	707.00	707.50	692.00	720.00	749.00	747.00	649.00	556.50	557.00	631.50	752.50	899.00	925.50	832.50	767.50	774.50	800.00	803.00	773.50	738.00	662.00	625.50	591.50	597.00	587.50	571.00	571.50	591.00	619.50	648.50	669.50	685.00	752.00	910.50	1041.50	1101.50	1120.50	1061.50	903.50	793.00	674.50	610.50	615.00	617.50	618.50	604.50	618.00	659.50	763.00	897.50	1000.00	1075.50	1108.50	1031.00	988.50	1001.00	1086.50	1177.50	1272.50	1347.00	1364.00	1355.50	1312.00	1178.00	998.50	766.00	590.00	562.50	565.50	562.50	569.00	577.50	578.50	582.00	630.00	620.50	635.50	649.00	682.50	708.50	732.00	760.00	772.50	792.50	804.00	823.50	837.00	852.50	866.50	872.00	879.00	876.50	981.50	1059.00	1122.00	1162.50	1160.00	1147.50	1204.00	1267.50	1276.00	1370.00	1404.50	1371.50	1359.00	1365.50	1405.00	1444.50	1472.50	1493.50	1508.00	1493.00	1479.00	1486.50	1515.50	1564.00	1599.00	1612.50	1623.00	1641.50	1652.00	1678.50	1709.00	1734.50	1766.50	1781.50	1785.50	1783.50	1738.00	1658.50	1467.00	1363.50	1360.50	1372.50	1381.00	1527.00	1687.00	1772.00	1801.50	1808.50	1805.50	1807.50	1784.00	1740.50	1713.00	1690.50	1664.50	1648.50	1617.00	1574.50	1482.50	1437.50	1405.50	1327.00	1315.00	1328.00	1331.50	1335.00	1405.50	1576.50	1607.50	1654.50	1734.00	1821.00	1882.50	1868.50	1784.00	1528.50	1303.00	1252.00	1187.50	1152.00	1141.50	1145.50	1050.50	985.50	977.50	976.50	982.00	1344.00	1619.50	1536.50	1496.50	1408.00	1370.50	1357.00	1338.50	1266.50	1233.00	1299.50	1307.00	1260.00	1236.50	1129.00	1046.00	826.50	646.50	474.50	337.00	297.00	250.50	204.00	156.50	153.50	169.00	126.00	104.00	123.50
311.00	308.50	341.00	446.50	500.50	503.00	491.00	454.50	409.50	404.50	464.50	538.50	536.00	518.00	488.00	438.50	413.00	433.00	481.00	459.00	471.00	475.00	466.50	461.50	464.00	462.00	473.00	500.00	495.00	475.00	461.00	465.00	462.00	461.00	461.00	461.00	461.00	461.00	465.00	523.00	573.00	568.50	513.50	456.00	442.50	457.50	493.50	571.00	658.00	629.00	644.00	690.50	731.00	744.00	656.00	558.50	556.00	608.50	728.00	848.50	892.00	800.00	759.50	776.50	818.50	842.00	809.50	773.00	675.50	629.00	590.50	582.00	595.00	587.50	585.00	579.00	620.00	671.50	694.00	711.50	774.50	936.00	1073.50	1106.00	1118.50	1110.00	994.00	881.00	740.50	647.00	656.00	665.50	663.00	640.50	629.50	635.00	672.00	740.50	803.50	871.00	928.00	942.50	964.50	987.50	1057.00	1116.00	1188.50	1254.50	1295.50	1278.00	1227.50	1152.00	990.50	649.00	519.50	541.00	556.00	555.00	560.50	570.00	571.00	657.50	723.50	703.00	675.50	657.50	670.00	701.50	726.00	755.00	767.50	793.50	806.50	820.00	829.50	847.00	858.00	860.50	855.50	847.00	851.50	967.50	1080.50	1055.00	1074.00	1143.00	1203.00	1203.00	1183.00	1298.00	1330.50	1262.50	1244.50	1280.50	1343.50	1372.50	1414.50	1464.50	1484.00	1470.50	1455.00	1459.00	1481.50	1514.00	1550.00	1581.50	1597.50	1622.00	1636.00	1664.50	1692.00	1722.50	1758.50	1771.50	1776.50	1774.00	1755.00	1732.50	1515.00	1338.00	1343.50	1346.00	1439.00	1635.50	1721.00	1807.50	1832.00	1840.00	1842.50	1837.00	1795.00	1749.50	1721.50	1687.50	1649.00	1632.50	1595.00	1561.00	1506.00	1478.00	1468.50	1357.00	1344.00	1367.50	1372.50	1378.00	1406.00	1468.00	1519.00	1583.50	1681.50	1788.50	1819.00	1774.00	1562.00	1397.00	1186.00	1149.50	1135.50	1116.00	1088.00	1080.00	1034.00	1010.00	1000.00	994.00	1026.50	1374.50	1664.00	1530.00	1434.00	1358.50	1323.00	1323.50	1301.50	1222.00	1153.00	1146.00	1078.00	1030.50	1003.00	905.00	890.50	812.50	770.50	635.50	369.00	328.00	279.50	220.00	155.50	153.00	152.50	120.50	121.00	134.00
308.00	316.50	336.50	421.00	495.50	507.00	475.50	445.50	406.00	404.00	445.50	492.50	515.00	474.50	449.00	424.00	404.00	427.50	457.00	453.00	476.50	476.50	463.00	461.00	461.50	461.00	468.50	498.50	502.00	482.50	465.50	472.00	462.00	461.00	461.00	461.00	461.00	461.00	461.00	521.50	578.50	568.00	510.50	464.00	443.00	458.00	495.50	541.50	578.50	561.50	582.50	623.00	701.00	737.50	680.00	570.50	556.00	600.00	704.50	796.00	815.00	745.50	717.00	760.50	831.50	900.50	864.50	809.00	690.00	644.50	599.50	582.50	581.00	594.50	582.00	587.00	635.50	697.50	728.00	741.50	784.50	945.50	1089.00	1108.50	1095.50	1105.50	1004.50	955.50	791.50	661.50	670.00	697.00	711.00	711.00	701.00	695.50	692.50	712.00	756.00	804.50	827.50	871.00	944.50	1002.00	1084.00	1127.50	1164.50	1165.50	1173.50	1167.00	1121.50	1047.00	904.50	506.50	505.50	523.50	542.00	542.50	548.50	555.50	596.50	675.50	742.00	741.00	706.50	684.50	676.50	681.50	711.50	742.50	755.50	783.50	802.50	812.00	822.50	841.50	849.50	851.00	847.50	838.50	767.50	807.00	906.00	953.50	1057.00	1139.00	1156.00	1108.00	1113.00	1240.00	1243.50	1184.50	1195.00	1219.00	1227.50	1269.50	1343.00	1403.00	1407.50	1415.00	1414.00	1419.00	1452.00	1488.00	1523.00	1557.00	1576.00	1602.50	1616.00	1641.50	1663.00	1685.50	1706.50	1729.00	1754.00	1758.50	1748.00	1728.00	1402.00	1316.50	1321.50	1318.00	1511.50	1713.50	1758.00	1827.00	1846.00	1869.50	1871.50	1840.00	1788.00	1745.50	1724.00	1680.50	1627.00	1615.00	1576.00	1554.50	1526.50	1504.00	1494.50	1400.50	1383.00	1389.50	1386.00	1413.50	1435.50	1494.00	1524.00	1575.00	1653.50	1744.50	1729.00	1608.50	1352.50	1226.50	1166.50	1161.00	1148.00	1119.50	1089.00	1085.50	1045.50	1014.00	1005.50	1011.50	1053.50	1392.50	1680.50	1608.00	1450.50	1365.00	1359.50	1382.00	1277.50	1257.50	1213.50	1155.00	1022.00	923.00	912.50	856.00	873.00	716.50	658.50	553.00	509.00	616.00	619.50	491.00	213.50	154.50	127.00	129.50	151.50	133.50
275.75	362.25	412.00	374.50	394.00	410.00	419.50	425.75	418.75	405.00	444.25	443.50	430.50	426.50	421.50	413.75	405.25	426.00	441.25	484.25	503.25	479.00	467.75	463.50	466.75	463.50	474.25	491.25	490.25	464.50	467.50	475.00	467.75	461.50	462.00	462.00	461.00	461.00	464.25	496.50	555.50	543.00	499.50	459.75	453.25	476.00	505.75	523.75	509.25	507.50	539.00	602.25	695.75	745.75	713.50	619.50	571.00	611.25	694.75	750.25	744.50	692.00	667.25	724.25	853.25	909.50	889.50	804.50	675.25	630.25	590.25	567.50	554.25	578.50	575.00	609.00	664.25	752.50	769.50	775.25	817.50	955.75	1083.75	1092.25	1016.00	972.50	982.75	1001.50	880.00	743.50	687.75	686.00	730.50	794.75	814.00	796.00	772.25	782.25	831.25	880.25	869.00	885.50	956.50	1046.25	1161.25	1219.25	1271.75	1268.50	1178.75	1065.25	954.00	797.50	585.25	494.00	512.75	515.00	522.75	524.00	525.25	540.50	646.75	680.25	741.00	782.25	769.00	749.50	722.25	684.25	681.25	698.75	698.25	753.00	774.25	793.50	809.25	824.00	830.75	831.25	827.25	807.50	747.00	748.75	816.25	863.75	905.75	965.25	999.00	977.75	1016.50	1130.00	1118.75	1062.75	1091.00	1109.75	1128.25	1165.25	1216.25	1247.25	1278.75	1314.25	1357.00	1379.75	1424.00	1463.75	1505.00	1541.25	1557.75	1578.00	1585.25	1581.25	1573.00	1566.00	1575.25	1610.75	1662.50	1678.50	1559.00	1444.50	1280.00	1300.25	1303.25	1342.25	1619.50	1730.75	1740.50	1778.75	1825.25	1832.75	1808.25	1756.25	1721.50	1690.00	1651.25	1616.50	1560.00	1558.00	1536.25	1528.25	1514.75	1504.00	1503.75	1481.25	1442.75	1440.00	1445.50	1489.50	1558.00	1592.00	1580.25	1547.00	1561.25	1552.00	1462.00	1343.25	1255.25	1232.00	1191.50	1204.25	1321.00	1409.25	1361.00	1300.25	1088.75	1047.75	1085.50	1314.75	1341.50	1354.25	1575.75	1685.50	1659.75	1546.75	1480.00	1565.00	1439.25	1500.75	1419.25	1267.25	1337.00	1352.75	1313.00	1165.75	1151.75	1026.75	997.25	994.75	991.75	990.00	870.75	743.25	394.50	203.00	140.00	148.75	163.25	150.00
282.50	382.50	437.50	390.00	375.50	383.50	409.50	427.50	420.00	406.00	435.50	428.50	421.00	423.00	418.50	404.00	408.00	431.50	443.50	492.00	509.00	469.00	461.00	463.50	471.50	466.00	476.50	490.00	482.50	462.00	463.50	475.50	469.50	461.50	463.00	461.00	461.00	461.00	466.00	489.50	549.50	538.50	496.00	460.00	460.00	486.00	501.50	516.00	503.00	503.00	536.50	601.50	695.00	744.50	722.50	639.00	585.00	617.50	690.00	746.00	734.50	684.50	654.50	708.00	864.00	881.50	871.50	789.50	670.50	627.00	586.00	558.50	544.00	573.00	570.50	624.00	670.00	778.00	788.50	784.00	817.50	944.50	1064.00	1070.00	989.50	934.00	988.00	1013.00	924.50	794.50	701.50	681.00	728.50	812.00	842.50	828.50	803.00	822.00	873.50	926.50	902.50	914.00	970.50	1076.00	1202.00	1263.50	1327.00	1335.50	1238.00	1121.50	969.50	720.50	509.00	493.50	512.00	512.00	517.00	518.50	518.00	551.00	720.00	771.50	756.50	804.50	797.00	784.50	761.00	714.50	674.50	677.50	675.00	736.00	761.50	785.50	803.50	816.50	822.50	823.00	816.50	788.00	740.00	744.00	802.00	845.00	869.50	885.00	917.50	933.50	973.50	1083.00	1078.00	1023.50	1056.50	1073.50	1095.50	1130.50	1171.50	1204.50	1254.00	1292.00	1345.00	1375.50	1421.50	1461.50	1501.00	1536.00	1552.00	1569.00	1574.00	1561.00	1542.00	1531.50	1544.50	1576.50	1625.50	1641.00	1426.50	1311.50	1276.00	1294.50	1298.00	1374.00	1680.50	1716.00	1703.50	1743.00	1811.50	1801.50	1761.00	1695.50	1683.00	1669.00	1613.50	1581.00	1529.50	1530.50	1520.00	1517.50	1507.00	1499.50	1507.50	1508.00	1462.00	1460.00	1476.00	1495.50	1578.50	1610.00	1593.00	1536.00	1511.00	1474.00	1385.00	1291.00	1265.00	1243.50	1208.00	1247.00	1461.50	1624.00	1568.50	1417.50	1111.50	1067.50	1161.00	1489.50	1499.50	1398.00	1535.00	1692.00	1764.50	1641.00	1524.00	1642.50	1569.50	1651.00	1493.00	1359.50	1481.50	1558.00	1488.00	1254.00	1261.00	1211.00	1240.50	1265.00	1168.50	1061.00	902.50	819.50	456.50	231.00	146.50	153.50	163.50	159.50
289.50	387.25	474.00	468.25	466.75	445.25	444.00	465.00	445.00	412.50	419.00	426.50	444.75	445.00	425.25	427.25	464.75	500.50	485.75	477.50	475.75	466.75	468.00	481.50	482.25	469.25	468.00	463.25	465.75	466.25	463.25	462.50	470.75	464.50	461.50	461.00	461.00	461.00	462.50	470.50	525.75	527.75	477.75	455.25	457.75	478.50	485.75	491.00	502.75	503.25	533.50	606.50	680.50	702.25	720.75	716.00	685.75	637.25	649.00	693.00	695.00	648.75	653.00	695.75	824.50	878.75	810.50	731.00	648.00	612.75	578.00	544.75	537.25	560.50	589.75	678.50	733.00	838.00	853.00	821.25	817.25	854.25	933.50	980.75	946.00	888.25	968.75	1011.25	996.00	923.00	795.75	682.25	683.25	723.75	823.50	883.25	892.75	906.50	939.50	975.75	940.75	941.50	1037.75	1119.00	1221.75	1270.75	1324.75	1349.00	1276.75	1180.25	1092.50	756.00	480.25	493.00	498.75	496.50	498.25	496.00	494.75	706.50	916.75	956.25	937.50	896.50	889.50	874.25	850.25	799.00	757.75	713.00	692.75	704.50	722.25	740.50	763.50	782.00	791.75	795.25	763.25	742.25	738.25	750.25	785.00	820.00	848.25	846.00	848.50	880.75	902.25	959.00	974.00	995.25	1016.75	1043.50	1060.00	1092.00	1154.75	1207.00	1242.25	1299.50	1354.50	1378.50	1410.25	1439.75	1463.25	1487.25	1506.25	1527.25	1535.75	1523.25	1489.75	1456.25	1448.00	1459.25	1448.50	1402.00	1259.50	1256.25	1254.50	1263.50	1335.00	1552.50	1615.25	1547.50	1436.75	1570.25	1514.25	1518.25	1437.75	1405.50	1477.00	1528.50	1484.75	1467.25	1455.50	1462.75	1481.00	1480.75	1479.75	1481.25	1495.50	1529.50	1520.75	1512.50	1517.25	1526.75	1574.50	1572.25	1542.75	1482.50	1442.00	1387.50	1330.00	1304.50	1292.25	1337.25	1605.75	1718.00	1710.50	1671.75	1536.50	1372.00	1149.00	1150.25	1213.50	1551.75	1735.25	1718.25	1664.75	1737.00	1846.25	1870.00	1823.25	1818.25	1735.50	1717.25	1655.75	1544.25	1427.00	1378.75	1346.75	1357.25	1415.25	1543.75	1524.75	1499.75	1447.50	1317.25	1155.25	1095.75	586.00	354.25	166.50	159.00	153.25	142.75
291.00	393.50	502.50	505.50	511.00	481.00	458.50	465.00	451.50	417.00	422.00	429.50	449.00	448.00	425.50	443.00	488.00	531.50	517.00	486.50	481.00	471.50	474.50	496.00	483.00	467.50	470.50	461.50	464.50	468.50	463.50	462.00	468.50	465.50	461.00	461.00	461.00	461.00	461.00	463.50	512.50	518.50	470.00	453.50	455.00	468.50	478.50	483.50	502.50	503.50	532.50	606.50	671.50	687.50	721.50	746.50	715.00	647.00	636.00	666.50	675.00	639.00	652.00	696.00	810.50	890.50	808.50	722.50	635.50	598.00	571.00	534.00	538.00	559.50	600.00	693.00	754.00	859.00	870.00	829.50	821.00	842.50	899.00	954.00	935.50	876.50	942.50	984.00	990.00	948.00	826.00	691.00	671.00	681.00	798.00	891.00	916.50	926.00	939.00	970.00	935.00	927.50	1051.00	1137.50	1218.00	1262.00	1314.00	1334.00	1243.00	1161.50	1090.00	711.50	473.50	493.00	494.00	491.00	492.00	488.50	481.00	760.50	960.50	978.00	963.50	931.50	919.00	901.00	874.50	818.00	792.00	726.50	698.00	692.00	707.50	715.00	748.00	765.00	772.50	780.50	744.00	738.50	738.50	754.50	782.50	819.00	842.50	831.50	842.50	894.00	921.00	964.00	978.00	1002.00	1016.50	1032.50	1020.50	1051.00	1139.00	1214.00	1235.50	1305.50	1357.00	1378.50	1404.50	1430.00	1448.00	1465.00	1485.00	1510.50	1521.50	1512.00	1476.00	1430.00	1414.00	1423.50	1382.50	1323.00	1251.50	1251.50	1243.50	1249.50	1356.00	1558.00	1569.00	1479.00	1389.50	1493.00	1367.00	1353.50	1328.50	1334.50	1393.00	1453.00	1427.00	1434.50	1440.00	1450.00	1471.00	1471.00	1472.00	1475.50	1489.50	1523.50	1537.50	1533.50	1530.00	1540.50	1573.50	1569.00	1540.00	1473.00	1435.00	1378.00	1325.00	1311.00	1301.50	1382.00	1664.00	1738.00	1711.50	1592.00	1378.00	1219.00	1164.50	1169.50	1193.00	1529.00	1740.50	1787.50	1736.50	1765.00	1852.50	1892.50	1869.00	1834.00	1716.50	1701.00	1631.00	1511.50	1352.50	1293.50	1252.50	1311.00	1404.50	1528.50	1476.50	1467.50	1522.00	1431.00	1274.50	1154.50	592.50	380.50	174.00	160.50	150.50	140.50
290.00	413.00	540.50	576.50	580.50	533.00	503.00	489.00	457.50	429.00	411.00	451.00	455.00	450.50	420.00	458.00	528.50	571.50	571.00	537.00	506.50	496.00	497.00	499.50	484.00	472.00	470.50	468.00	462.50	463.50	462.50	470.00	472.50	463.00	472.00	481.00	465.00	461.00	461.00	463.00	493.00	493.00	436.50	439.50	450.50	459.00	461.00	471.50	497.50	504.50	528.50	589.50	649.00	688.50	741.50	795.50	770.00	669.00	638.00	630.50	642.50	616.00	627.50	668.00	807.00	920.00	818.00	730.00	613.00	542.00	540.00	543.00	546.00	575.00	623.50	719.00	779.00	885.00	873.50	810.50	796.00	841.50	894.50	912.50	877.00	836.00	842.50	879.50	920.00	943.00	872.50	723.50	661.00	634.00	681.00	855.50	925.50	958.50	955.50	909.00	850.50	864.00	1093.00	1187.00	1239.00	1269.00	1308.50	1312.00	1188.50	1010.00	914.50	667.00	482.00	485.50	483.00	480.00	480.00	480.50	469.00	685.00	1105.00	1120.50	1049.50	1004.50	986.50	979.50	948.50	894.50	861.50	779.50	730.50	657.50	678.00	688.50	702.50	691.00	712.00	742.50	738.00	738.00	738.00	739.00	784.00	811.50	819.00	813.00	877.00	926.00	939.50	966.50	982.00	1002.50	1008.50	1008.50	990.50	965.50	943.50	975.50	1128.50	1265.50	1314.50	1340.00	1373.50	1399.50	1410.50	1413.00	1432.50	1467.50	1477.50	1485.50	1438.50	1356.00	1351.00	1322.50	1232.50	1215.50	1239.00	1240.00	1238.00	1238.00	1261.50	1308.50	1474.50	1430.50	1342.00	1291.00	1296.00	1318.50	1318.50	1319.50	1333.50	1369.50	1382.50	1392.50	1420.50	1434.50	1457.50	1457.50	1459.00	1471.00	1489.00	1519.50	1566.50	1567.00	1561.50	1576.00	1599.00	1639.00	1601.00	1529.00	1495.00	1400.50	1356.00	1355.00	1400.50	1611.50	1816.50	1705.00	1545.50	1430.00	1272.00	1255.00	1235.00	1229.50	1225.50	1520.50	1745.50	1830.50	1857.00	1844.00	1868.50	1892.50	1853.00	1717.50	1622.50	1572.50	1445.00	1330.50	1286.50	1231.50	1161.50	1151.50	1194.00	1422.00	1358.50	1336.50	1492.50	1502.00	1363.50	1157.00	623.50	378.50	191.00	165.50	153.50	148.00
344.00	408.50	519.50	593.00	591.50	568.00	578.50	540.00	484.50	445.00	412.00	457.50	465.50	468.50	420.50	459.00	531.50	564.00	582.50	558.50	550.50	549.00	516.50	486.50	466.00	479.50	492.00	476.00	482.50	483.50	470.00	507.00	511.50	478.00	496.50	531.00	501.50	461.00	461.00	461.50	509.00	517.00	450.50	436.50	450.00	453.00	451.50	453.50	490.50	504.00	528.50	575.50	644.00	712.50	772.50	808.00	796.50	718.50	655.00	608.00	599.50	601.00	595.50	640.50	784.50	910.00	829.50	744.00	596.50	528.50	538.50	568.50	563.50	593.50	645.50	746.00	803.00	858.00	832.00	767.50	759.50	833.50	908.50	899.50	821.50	807.50	803.00	834.50	882.50	927.00	901.50	777.50	700.00	637.50	652.50	807.00	931.00	982.50	967.00	883.00	803.00	863.50	1100.50	1210.50	1258.50	1281.50	1288.00	1236.50	1153.00	1027.50	853.00	652.00	530.50	471.00	471.00	468.50	468.50	468.00	461.50	636.00	1229.00	1261.50	1172.00	1090.00	1062.00	1051.00	1020.00	968.50	914.50	850.50	771.00	644.50	651.50	636.50	675.00	739.50	756.50	757.50	744.50	746.00	750.50	760.00	750.50	781.50	812.00	814.00	893.50	942.50	942.50	961.00	973.50	994.00	996.00	993.00	980.50	961.00	923.50	893.50	919.50	1024.00	1183.50	1237.00	1269.50	1331.00	1345.00	1334.00	1339.00	1378.00	1393.50	1414.00	1279.50	1248.50	1294.00	1199.00	1185.50	1204.50	1228.50	1232.50	1237.50	1234.50	1237.00	1241.50	1285.00	1298.50	1304.00	1291.50	1319.00	1304.50	1311.50	1320.50	1330.00	1352.00	1368.00	1379.00	1406.50	1423.00	1445.50	1446.50	1453.00	1474.50	1503.00	1522.00	1594.00	1597.00	1591.50	1602.50	1633.00	1701.00	1685.50	1698.00	1707.50	1528.00	1400.00	1395.00	1431.00	1519.00	1859.00	1822.00	1525.00	1354.50	1351.00	1406.00	1289.50	1259.50	1264.50	1555.00	1726.00	1775.50	1827.50	1857.00	1795.00	1760.50	1829.00	1726.50	1590.00	1508.50	1470.00	1379.50	1464.00	1417.00	1226.50	1075.50	1024.50	1227.00	1280.50	1224.50	1357.00	1407.50	1313.50	1218.00	653.50	354.00	201.00	175.00	157.50	154.00
387.50	426.00	461.00	527.00	552.00	583.00	611.50	568.00	540.50	512.00	410.00	414.50	448.00	445.00	419.50	431.00	500.50	553.00	557.00	510.50	540.50	518.00	482.00	453.50	447.50	459.50	463.00	469.00	488.50	476.00	494.00	509.00	518.50	495.50	507.50	527.00	509.50	463.50	461.50	467.00	513.00	514.50	470.00	439.50	449.00	451.00	440.50	442.50	480.50	503.00	527.50	568.50	650.00	738.50	787.00	804.00	799.50	770.50	719.00	616.50	587.00	600.50	566.50	609.00	741.00	896.50	815.50	736.00	590.50	529.00	534.50	567.50	563.00	599.50	658.00	768.50	810.00	784.00	748.00	710.00	740.00	819.50	889.50	853.50	793.50	793.00	797.50	821.50	863.00	909.50	903.00	824.50	730.50	622.00	636.00	751.00	905.00	982.00	954.50	857.00	785.50	873.00	1090.00	1176.00	1227.50	1235.50	1208.50	1153.00	1063.50	958.00	844.00	662.00	509.00	454.50	458.50	457.00	456.00	451.50	460.50	686.50	1250.50	1321.50	1247.50	1158.50	1112.50	1102.50	1074.00	1026.00	971.50	920.00	727.00	622.50	621.00	599.00	744.00	770.00	795.00	797.00	774.50	778.00	788.00	798.00	791.50	785.50	793.00	798.00	862.50	916.50	937.00	955.50	962.00	979.50	983.00	981.50	970.00	950.50	906.00	893.00	893.00	898.50	948.00	1052.50	1066.00	1196.50	1226.50	1236.00	1228.00	1213.00	1237.50	1236.50	1171.00	1177.50	1168.50	1175.50	1183.50	1204.00	1223.00	1227.00	1234.50	1237.50	1245.50	1253.00	1264.50	1283.00	1289.00	1289.50	1312.50	1308.50	1308.50	1319.00	1332.00	1346.00	1359.50	1377.50	1401.00	1411.50	1429.50	1438.00	1458.50	1485.50	1514.00	1523.50	1594.50	1621.50	1628.50	1627.50	1659.50	1738.50	1765.00	1788.50	1806.00	1665.50	1472.00	1491.00	1492.50	1513.50	1845.50	1857.00	1611.50	1450.50	1575.50	1466.00	1317.50	1294.50	1326.50	1588.50	1562.00	1562.00	1650.50	1728.50	1620.00	1519.50	1694.00	1714.50	1695.00	1652.00	1662.00	1664.50	1632.50	1557.50	1514.50	1231.50	1074.50	957.50	1108.00	1098.50	1153.50	1171.50	1122.50	1076.00	605.50	310.50	210.00	184.50	159.00	161.00
422.00	454.50	456.50	470.00	485.00	523.00	545.50	551.50	559.00	529.00	431.00	403.00	427.50	451.50	406.00	400.00	462.50	472.50	461.50	461.50	464.00	453.00	446.50	454.50	455.50	454.50	451.50	452.00	481.00	497.00	482.00	496.00	497.50	489.50	518.00	512.00	495.00	468.00	474.00	481.00	509.00	516.50	489.50	464.50	455.50	453.50	438.00	438.00	458.00	497.00	541.50	573.50	652.00	752.00	783.00	785.50	785.00	801.50	785.50	671.50	586.50	591.00	553.00	572.50	679.00	827.00	776.00	717.50	576.50	508.50	522.00	554.00	562.50	610.50	666.50	776.50	804.50	744.50	673.50	665.00	709.00	799.00	857.00	808.50	793.00	793.00	803.00	822.50	854.00	890.50	906.00	858.50	754.00	621.00	607.00	709.00	866.50	954.50	915.00	823.00	780.50	885.00	1086.50	1149.50	1180.00	1144.00	1100.00	1047.00	980.00	917.00	836.50	570.50	406.00	439.00	445.50	445.00	444.50	444.50	486.00	797.50	1292.50	1342.00	1285.00	1208.00	1155.50	1145.00	1117.00	1063.00	1005.00	941.50	655.50	597.00	590.00	684.50	964.00	954.50	968.00	899.00	828.00	819.00	825.50	825.00	814.00	819.00	817.00	809.00	835.50	887.50	926.50	950.50	958.50	966.00	971.50	968.50	938.00	906.50	893.00	893.00	893.00	893.00	897.50	910.00	937.50	988.50	1026.50	1087.50	1109.50	1081.00	1105.50	1118.50	1137.50	1150.00	1167.50	1176.00	1179.00	1197.00	1212.00	1224.00	1242.00	1246.50	1258.50	1266.50	1274.50	1279.50	1283.50	1285.50	1298.50	1320.00	1327.50	1328.50	1340.00	1353.50	1365.00	1378.50	1402.00	1409.00	1418.00	1442.00	1513.50	1534.00	1526.50	1543.00	1592.00	1642.50	1659.00	1662.00	1683.50	1758.50	1791.00	1838.50	1860.00	1718.50	1587.00	1657.00	1546.00	1567.50	1799.50	1875.50	1785.00	1707.50	1647.00	1440.50	1344.00	1330.50	1423.00	1537.50	1476.00	1417.00	1415.00	1508.50	1541.50	1426.00	1448.50	1557.00	1491.00	1499.50	1578.50	1565.50	1424.50	1296.00	1271.50	1199.50	1062.00	858.50	963.00	933.50	923.50	911.50	850.00	862.00	540.00	280.50	233.50	189.00	159.50	165.50
440.75	446.50	463.75	455.00	455.25	465.25	472.00	480.25	497.75	508.50	448.00	408.00	425.00	408.75	388.25	392.00	430.25	451.00	466.50	454.25	452.25	455.25	461.25	468.25	470.25	461.50	451.25	460.00	475.50	466.00	469.75	478.25	474.75	490.25	538.25	533.25	506.50	474.75	465.75	496.25	528.00	537.00	514.00	475.25	442.00	449.50	439.00	437.25	455.50	504.00	557.75	592.75	653.50	730.00	755.25	786.25	811.00	832.25	816.25	733.50	649.75	568.50	544.50	545.50	584.50	688.00	694.00	672.25	552.50	479.50	497.25	536.75	579.75	630.75	680.00	731.25	744.75	671.50	636.75	647.25	689.00	774.00	806.75	795.75	795.00	795.00	805.50	814.00	833.50	860.00	903.25	880.25	744.50	597.00	576.00	639.25	757.50	848.00	818.75	766.50	776.75	879.50	1047.75	1042.50	994.00	988.50	970.25	974.25	900.50	686.75	477.00	365.75	397.25	415.75	422.50	423.75	426.75	478.00	725.00	1020.00	1289.25	1310.00	1294.25	1265.00	1227.25	1209.00	1182.50	1114.50	1024.50	887.50	615.25	528.75	535.75	802.75	1129.75	1130.50	1078.50	1030.25	932.50	914.75	895.75	892.25	884.25	875.75	858.50	851.25	852.50	856.50	863.75	895.00	909.75	917.00	919.75	913.00	892.00	892.75	893.00	893.00	893.00	893.00	893.00	906.00	952.75	989.50	1019.00	1043.25	1063.50	1091.00	1106.00	1131.50	1141.25	1152.50	1160.75	1163.50	1163.75	1171.75	1174.50	1188.00	1230.75	1251.50	1263.00	1271.50	1269.25	1276.50	1283.50	1310.50	1323.25	1406.00	1434.50	1460.50	1440.50	1398.25	1386.50	1407.75	1433.25	1431.00	1474.50	1604.25	1637.50	1639.75	1643.00	1687.00	1675.50	1684.00	1698.75	1702.50	1724.00	1814.25	1847.00	1889.50	1910.75	1858.00	1798.50	1810.25	1775.00	1756.50	1814.50	1775.25	1696.50	1632.75	1488.50	1416.75	1378.50	1420.25	1615.75	1528.00	1475.50	1390.25	1280.25	1238.50	1250.75	1250.50	1185.00	1162.75	1124.25	1135.50	1191.75	1218.00	1121.75	1039.25	958.75	876.50	797.50	742.75	734.00	687.00	622.50	542.00	486.75	431.50	329.50	279.75	243.00	191.75	158.25	166.75
410.00	442.00	453.50	444.00	451.50	451.50	442.50	451.00	473.50	492.50	441.00	404.50	422.00	400.00	383.00	393.50	426.00	437.50	463.50	458.00	456.50	464.00	473.00	481.50	477.50	461.50	452.00	455.50	456.00	452.00	464.00	483.50	464.00	485.50	537.50	536.50	514.00	479.50	462.50	494.50	532.50	543.00	519.00	481.50	432.50	445.00	439.00	437.00	458.00	509.00	560.00	600.50	656.50	718.50	749.00	794.50	825.00	843.50	816.00	740.00	667.00	571.00	543.00	543.00	571.00	644.50	666.00	654.00	540.50	471.50	491.50	540.00	585.50	638.50	684.50	718.00	720.50	650.00	635.00	645.00	685.50	761.00	779.50	794.00	797.00	797.00	808.50	815.50	825.00	844.50	897.00	875.50	725.50	583.00	566.50	612.50	715.00	807.00	790.00	744.00	777.00	873.00	1013.00	991.00	951.50	985.00	968.00	936.50	874.00	573.00	353.00	355.50	392.50	408.50	413.50	414.50	419.00	511.50	872.50	1112.50	1290.50	1301.00	1292.50	1279.50	1259.50	1241.50	1207.00	1131.00	1029.00	850.50	594.50	502.00	515.50	849.50	1171.50	1167.50	1092.50	1048.50	962.00	945.00	926.50	929.50	920.00	903.50	881.00	872.00	874.50	874.50	870.00	869.50	880.00	889.50	889.50	892.00	892.00	893.00	893.00	893.00	893.00	893.00	893.00	906.50	953.50	995.50	1027.00	1049.50	1068.00	1092.00	1107.00	1135.00	1142.00	1151.50	1158.00	1160.00	1158.50	1162.50	1162.50	1174.00	1221.50	1251.00	1263.50	1273.00	1262.00	1273.00	1287.50	1335.00	1343.00	1451.50	1497.00	1535.00	1507.00	1424.50	1394.50	1433.50	1457.50	1438.50	1497.50	1624.50	1658.00	1688.50	1728.00	1791.00	1738.00	1700.50	1715.00	1713.00	1741.50	1845.50	1884.50	1919.50	1929.00	1883.50	1836.50	1831.50	1828.50	1828.00	1833.50	1753.00	1637.00	1552.00	1469.00	1440.00	1392.00	1477.00	1685.50	1574.50	1511.50	1416.50	1273.50	1207.00	1181.00	1172.50	1114.00	1051.50	1040.00	1057.50	1071.50	1098.50	1043.50	970.50	903.50	805.00	735.00	720.50	714.50	674.50	615.50	507.50	455.50	370.00	300.50	275.00	232.50	193.00	157.50	166.00
277.50	321.25	416.00	478.75	483.75	456.25	433.00	427.50	440.00	435.00	418.25	387.50	385.25	390.75	383.75	395.75	434.25	458.25	464.75	483.25	497.25	504.50	506.25	521.50	520.25	507.00	489.50	468.50	451.00	451.25	462.00	495.25	483.00	469.25	500.00	512.25	508.00	477.00	462.25	515.25	537.75	546.00	521.75	490.25	452.50	432.00	432.25	434.00	477.25	519.75	564.00	628.75	685.00	733.25	759.75	815.50	845.75	854.25	824.00	730.50	634.50	578.25	548.50	550.75	581.50	595.50	566.25	572.50	499.75	466.00	500.50	557.50	601.50	638.00	680.00	719.25	685.00	636.50	632.50	639.75	675.25	735.50	781.50	805.00	828.50	843.75	848.00	851.50	853.25	840.25	828.00	790.50	657.25	564.25	563.00	574.75	628.50	692.25	697.25	728.75	805.50	866.50	933.75	996.25	1126.75	1085.75	958.50	828.50	567.50	334.00	323.50	344.50	380.50	387.75	391.50	398.75	460.50	796.00	1152.25	1226.25	1269.50	1295.50	1323.50	1345.25	1331.25	1327.75	1270.50	1154.50	1005.25	694.25	519.00	491.25	540.00	931.75	1063.75	1077.50	1068.50	1055.00	1021.50	1010.25	982.25	981.00	961.00	958.00	965.75	966.00	964.75	994.25	1029.00	1014.00	997.75	970.75	944.50	916.75	900.75	897.00	893.25	893.00	893.00	896.75	909.50	906.00	965.25	1004.50	1038.00	1062.50	1076.50	1093.50	1106.25	1133.75	1140.50	1144.25	1148.50	1150.25	1150.25	1151.00	1157.00	1170.75	1357.25	1459.25	1463.25	1430.00	1353.25	1337.50	1454.00	1574.25	1600.75	1666.25	1694.25	1722.75	1733.25	1562.50	1525.50	1732.00	1586.50	1531.00	1739.25	1773.50	1840.25	1887.50	1874.75	1851.25	1813.25	1764.75	1757.50	1754.00	1804.75	1907.75	1943.25	1967.50	1972.75	1951.25	1921.75	1907.50	1899.50	1896.50	1882.75	1838.50	1769.00	1673.25	1614.25	1626.75	1585.25	1696.50	1730.75	1758.50	1738.25	1457.50	1344.00	1203.00	1118.00	1094.75	1128.25	1062.75	1039.25	1024.50	993.50	946.75	895.75	861.00	834.50	790.75	770.25	772.25	810.00	838.75	844.25	779.75	782.75	706.00	394.75	290.75	233.25	192.75	155.00	159.75
277.25	320.25	376.50	444.00	465.25	444.50	418.00	404.50	392.75	377.50	380.75	385.50	405.75	409.75	404.75	416.50	454.75	473.50	476.25	496.50	509.25	517.25	524.00	539.00	523.75	507.50	490.75	475.75	452.25	457.75	461.00	473.25	470.00	466.25	495.25	506.25	498.50	479.75	463.75	495.50	508.75	521.75	517.50	486.75	445.25	428.75	432.00	437.00	488.25	522.25	569.25	649.00	720.50	752.00	745.50	785.00	816.75	844.75	840.00	751.00	645.75	579.75	554.25	551.75	586.50	596.25	547.75	531.25	475.25	465.00	506.50	559.25	603.75	638.00	677.25	719.75	674.50	613.50	614.75	632.50	672.25	732.00	777.50	810.75	852.75	880.00	876.00	870.00	869.25	852.75	817.50	744.50	638.50	563.00	563.00	565.00	591.25	631.50	658.75	728.00	809.75	868.75	961.75	1066.75	1199.25	1093.00	969.75	739.00	425.50	296.75	318.50	339.25	366.75	373.00	375.50	434.25	647.50	969.00	1159.50	1196.50	1265.75	1306.25	1342.25	1358.00	1348.75	1352.50	1310.00	1187.00	982.00	617.00	496.25	496.75	578.75	1015.50	1091.50	1071.25	1070.75	1073.75	1057.75	1052.00	1025.75	1019.25	1007.50	998.00	992.00	998.25	1016.25	1071.25	1139.75	1150.75	1133.75	1095.50	1055.75	995.75	956.00	924.00	904.00	897.00	893.75	911.00	954.25	938.75	970.75	1000.00	1036.00	1064.00	1077.50	1092.00	1104.00	1129.50	1136.50	1138.25	1139.75	1138.25	1136.75	1135.25	1153.50	1235.50	1496.50	1596.75	1612.00	1597.25	1531.00	1484.50	1523.50	1631.50	1713.25	1820.50	1846.25	1855.75	1819.00	1694.50	1722.75	1842.25	1735.75	1731.50	1861.50	1873.75	1907.25	1918.00	1897.50	1861.75	1832.50	1793.00	1783.00	1776.50	1829.00	1926.00	1948.00	1971.00	1985.00	1989.75	1986.25	1975.50	1961.75	1948.25	1935.25	1899.25	1865.75	1833.25	1770.00	1742.00	1697.75	1721.25	1649.75	1717.75	1647.50	1421.50	1312.25	1190.75	1147.75	1221.75	1394.00	1247.50	1198.50	1164.00	1031.25	931.00	860.25	828.00	817.25	870.50	952.00	1037.00	1111.50	1077.25	1030.25	1004.75	986.25	931.00	492.25	302.75	237.25	192.00	153.00	156.50
303.50	342.25	356.50	375.00	385.75	389.75	388.25	391.00	419.25	411.25	418.25	428.00	454.25	446.00	422.75	442.00	477.25	489.25	492.00	506.75	511.75	525.75	532.25	541.00	508.00	492.75	488.75	481.00	458.75	467.50	463.00	452.00	449.75	451.25	481.50	500.25	491.00	478.25	463.75	474.75	479.75	482.50	492.25	465.00	430.50	428.00	432.00	447.50	503.25	523.00	568.25	643.00	731.00	752.00	717.25	743.50	791.25	842.25	844.75	784.25	698.50	597.00	544.75	538.50	583.25	599.25	561.50	513.50	463.75	466.75	511.75	558.75	597.75	630.25	663.00	712.75	663.25	582.00	581.25	615.50	666.00	726.50	774.75	819.00	892.50	924.50	882.75	845.50	827.75	820.50	798.00	722.50	643.50	565.00	563.00	563.00	574.25	601.25	642.25	709.00	802.25	861.50	978.25	1059.75	1130.25	1059.75	938.50	618.50	346.00	275.50	306.25	328.75	346.25	353.25	352.50	538.50	891.25	1090.25	1149.50	1170.50	1252.50	1313.25	1341.75	1349.75	1353.00	1354.25	1322.50	1231.00	965.50	563.75	484.00	518.25	652.00	1074.50	1131.50	1122.00	1109.00	1105.25	1087.75	1079.75	1059.50	1045.25	1032.50	1020.50	993.50	996.25	1028.75	1086.50	1158.00	1196.25	1192.75	1155.75	1134.00	1117.00	1095.25	1047.50	1012.00	983.00	939.25	935.25	999.50	993.00	974.50	995.75	1028.25	1059.75	1074.25	1088.00	1099.50	1123.75	1130.25	1129.25	1127.75	1120.75	1111.25	1103.50	1151.25	1338.75	1572.50	1627.50	1659.25	1668.50	1670.25	1638.00	1593.50	1613.00	1717.75	1888.00	1935.25	1940.50	1889.50	1834.75	1844.25	1853.00	1794.00	1803.25	1875.25	1898.00	1904.25	1900.00	1890.00	1865.75	1843.25	1810.00	1803.50	1809.50	1859.50	1934.25	1952.75	1972.50	1990.50	2007.25	2014.25	2006.00	1986.00	1959.75	1962.25	1921.25	1881.50	1890.25	1865.50	1814.75	1709.25	1704.25	1518.50	1622.50	1498.50	1357.25	1342.00	1318.00	1372.75	1551.50	1640.00	1355.25	1239.25	1183.50	1029.25	938.25	912.75	930.25	998.50	1143.75	1294.50	1309.25	1332.00	1246.50	1092.00	1002.75	898.50	848.00	542.50	317.75	239.75	192.00	151.25	155.25
320.25	351.25	382.00	394.25	367.50	370.00	382.00	419.75	476.50	472.75	469.25	471.75	490.00	455.75	424.75	459.50	504.50	518.25	515.25	519.00	514.00	523.50	522.50	514.50	481.75	473.25	486.50	483.00	471.00	466.25	463.00	448.00	444.75	442.50	457.00	474.25	471.00	469.75	464.75	466.50	465.50	461.75	465.00	443.50	424.50	428.00	432.00	453.50	513.25	526.75	560.00	615.50	699.75	728.25	689.75	710.25	761.25	813.75	826.25	817.25	771.75	626.75	525.25	515.25	568.00	592.75	573.25	501.00	464.50	474.00	518.50	562.00	594.50	627.50	644.25	695.00	653.50	566.50	560.25	584.00	643.00	712.25	769.75	835.00	936.25	949.50	852.25	805.00	790.75	791.50	783.00	732.50	670.50	572.75	563.00	563.00	567.50	587.25	615.75	676.00	782.75	852.25	951.75	993.00	1014.75	1000.25	874.25	535.25	312.50	243.75	275.25	306.75	320.50	325.25	351.50	710.75	1037.75	1098.00	1097.00	1106.75	1200.00	1276.00	1315.50	1332.75	1334.75	1320.50	1260.25	1192.50	827.50	517.50	480.75	572.25	781.75	1131.50	1184.75	1193.75	1173.25	1146.50	1111.50	1097.00	1074.25	1059.75	1043.25	1027.75	994.75	987.00	1021.00	1067.50	1123.50	1187.00	1192.50	1137.75	1162.25	1210.25	1234.00	1226.25	1212.25	1168.75	1074.50	1015.75	1035.50	1027.75	982.75	1004.50	1033.50	1056.25	1069.00	1079.50	1086.25	1109.75	1120.25	1118.00	1114.50	1106.75	1090.25	1077.25	1107.50	1273.50	1452.00	1537.75	1627.00	1654.75	1676.00	1666.50	1601.25	1534.00	1640.50	1839.50	1925.25	1955.50	1912.00	1834.75	1736.25	1683.75	1626.25	1636.00	1725.50	1777.50	1836.50	1846.75	1861.25	1861.00	1847.00	1819.25	1816.25	1840.75	1876.50	1924.75	1947.00	1967.25	1983.75	1999.50	2001.25	1984.25	1927.50	1898.50	1918.25	1892.50	1795.50	1779.00	1849.50	1847.75	1594.00	1563.25	1417.25	1506.75	1453.25	1383.50	1478.00	1570.00	1646.25	1783.50	1678.75	1374.25	1239.50	1067.75	988.25	955.25	1074.00	1232.75	1380.75	1476.25	1472.00	1339.25	1273.00	1177.75	1043.25	923.25	779.00	684.50	517.25	339.25	252.00	199.25	152.75	155.25
340.25	404.50	445.75	452.00	411.00	391.50	390.75	414.75	465.75	477.75	484.00	487.25	484.75	449.00	427.00	474.25	522.75	543.00	533.75	523.25	515.00	517.25	514.00	495.50	470.50	464.25	473.75	471.00	463.50	451.25	456.00	456.50	449.00	450.25	445.00	456.25	450.00	458.50	463.50	466.00	464.75	469.25	458.00	435.50	424.00	428.00	432.00	447.00	518.00	526.50	550.25	592.25	658.00	693.25	669.75	670.50	696.50	748.00	774.75	806.25	808.50	642.50	512.75	490.25	537.50	566.75	562.50	485.50	470.25	479.50	527.25	572.25	616.00	651.50	641.25	667.00	644.25	562.50	560.25	558.50	609.25	686.50	762.25	836.00	902.75	885.00	807.25	790.00	788.25	790.50	791.25	755.25	711.50	597.75	568.25	563.25	563.75	572.75	588.75	647.75	756.00	842.75	918.25	945.00	965.00	960.75	833.25	527.50	316.50	215.75	233.25	277.50	288.50	297.75	404.00	903.25	1078.50	1022.00	1004.75	1013.25	1142.25	1220.00	1276.00	1302.00	1287.25	1256.25	1127.50	961.25	635.00	488.50	493.00	665.00	919.00	1226.50	1323.75	1276.75	1225.50	1171.50	1123.00	1107.25	1078.50	1067.50	1053.50	1037.75	1004.50	979.00	997.75	1035.00	1074.00	1166.75	1157.00	1098.50	1178.50	1247.25	1316.50	1344.25	1348.50	1309.75	1200.00	1115.50	1078.50	1064.25	1047.75	1056.25	1070.75	1071.00	1080.00	1078.75	1070.50	1099.25	1097.50	1104.00	1100.75	1094.75	1082.00	1066.00	1059.00	1112.75	1260.25	1394.25	1541.50	1578.50	1602.75	1595.75	1537.50	1435.75	1554.75	1747.25	1872.00	1904.25	1794.00	1639.75	1521.75	1484.75	1477.50	1505.25	1549.75	1605.25	1707.00	1767.25	1820.00	1847.25	1839.50	1818.75	1816.75	1829.75	1843.25	1876.75	1906.00	1934.25	1955.00	1958.25	1958.75	1919.50	1840.50	1825.00	1856.50	1884.00	1767.75	1616.00	1688.00	1746.25	1477.50	1401.25	1334.50	1451.25	1619.25	1547.25	1550.00	1678.75	1748.25	1808.00	1703.25	1441.75	1234.50	1030.75	1000.00	981.25	1213.25	1470.25	1634.00	1619.00	1486.75	1319.75	1209.25	1041.75	936.25	866.75	761.00	701.00	517.50	395.50	278.00	210.00	156.00	155.50
432.50	488.75	496.75	462.75	437.00	386.25	349.00	365.75	410.75	439.75	475.75	479.00	479.75	442.25	437.50	485.75	515.25	536.25	534.00	522.00	518.75	526.25	531.75	505.00	477.25	468.00	467.00	455.25	443.75	448.00	457.50	454.50	448.00	454.25	451.75	455.75	452.25	457.00	457.75	476.25	482.75	484.50	463.75	434.25	424.00	428.00	432.00	437.75	508.50	525.75	546.00	579.25	629.50	668.50	667.75	649.50	648.25	680.25	695.50	718.50	752.25	635.75	501.50	469.50	502.75	525.75	531.25	472.75	467.50	478.50	538.50	593.50	670.00	713.50	679.75	633.50	612.00	551.75	553.25	552.25	587.00	655.50	739.75	789.75	808.50	796.00	786.25	788.00	792.50	805.00	809.25	792.50	764.00	639.75	588.00	573.75	567.50	560.50	571.25	630.00	729.50	825.75	912.00	936.75	956.50	967.00	859.25	573.25	339.00	207.50	206.50	233.75	243.50	282.00	503.00	1003.00	1028.50	935.00	935.50	986.00	1117.75	1188.00	1244.50	1281.75	1252.00	1170.25	978.50	717.50	531.25	490.00	554.75	809.25	1041.50	1355.50	1440.75	1342.50	1257.75	1176.00	1111.00	1101.50	1083.25	1077.00	1070.25	1059.50	1029.75	991.25	975.00	994.25	1030.00	1105.25	1076.75	1066.50	1181.00	1275.25	1374.75	1408.50	1396.75	1359.50	1260.25	1173.00	1131.50	1126.75	1149.00	1144.75	1132.75	1121.00	1127.50	1126.50	1134.25	1147.00	1092.00	1080.00	1086.00	1079.75	1074.50	1057.25	1048.25	1053.00	1136.00	1254.00	1392.75	1435.50	1497.00	1494.00	1425.75	1352.25	1484.25	1661.25	1803.50	1798.00	1587.50	1450.50	1424.75	1434.50	1443.50	1477.25	1521.75	1558.50	1626.75	1713.75	1788.00	1825.75	1820.75	1808.75	1805.75	1793.00	1777.75	1799.00	1829.00	1868.25	1902.50	1881.75	1879.75	1840.50	1759.00	1767.25	1812.25	1864.75	1765.50	1545.75	1515.75	1514.00	1365.25	1301.50	1278.75	1447.25	1750.00	1718.50	1640.75	1675.75	1742.75	1767.50	1693.75	1408.00	1108.50	1012.75	1031.00	1056.00	1264.00	1524.75	1680.50	1598.75	1441.50	1289.75	1201.75	993.00	874.25	891.25	918.50	824.25	591.75	488.75	320.25	214.50	155.75	153.50
504.75	530.75	501.75	470.00	437.25	350.50	313.25	343.75	375.25	413.75	464.75	474.25	479.75	437.50	440.25	472.00	486.25	514.50	519.75	514.00	519.25	537.25	549.25	518.25	486.50	471.75	456.25	444.75	440.75	461.75	469.25	455.00	443.25	450.50	451.50	460.75	461.25	462.50	467.50	492.50	501.50	497.25	481.00	447.75	424.75	428.00	432.00	433.00	481.75	527.50	549.50	579.25	619.25	668.50	684.25	672.50	656.00	643.75	631.25	623.00	627.75	598.00	496.00	457.00	478.00	485.00	502.25	459.50	449.00	474.00	544.00	624.00	736.50	789.25	740.00	620.75	581.25	541.75	541.75	551.75	583.00	635.00	705.25	736.75	752.25	760.50	785.25	790.25	809.00	835.00	833.50	838.75	821.25	691.50	619.00	595.50	576.50	557.50	561.00	619.00	707.00	815.25	917.25	940.25	960.50	985.00	902.25	630.50	377.00	213.75	199.00	202.00	208.25	285.50	573.25	967.00	922.50	877.25	935.75	1023.25	1124.50	1172.25	1228.50	1280.75	1256.25	1126.75	854.75	605.75	496.25	524.25	700.50	986.75	1178.25	1387.00	1427.25	1365.25	1265.25	1175.50	1101.00	1100.75	1097.75	1091.50	1093.50	1088.75	1064.50	1027.50	983.25	964.75	989.50	1036.75	1012.25	1075.00	1177.75	1292.25	1412.00	1460.25	1437.50	1385.25	1302.75	1221.75	1185.25	1201.50	1221.25	1221.25	1199.25	1187.50	1196.50	1211.25	1241.75	1213.00	1147.75	1097.00	1069.00	1065.50	1053.75	1041.50	1041.25	1039.00	1061.25	1111.25	1204.50	1285.75	1405.25	1339.75	1272.00	1325.50	1460.50	1623.75	1751.00	1656.75	1442.00	1403.50	1415.75	1434.00	1459.25	1535.25	1621.50	1621.25	1647.25	1705.50	1766.00	1802.25	1797.25	1790.00	1785.25	1763.75	1725.75	1685.00	1676.75	1721.25	1798.00	1766.50	1685.00	1704.00	1701.25	1723.75	1707.25	1832.75	1781.00	1648.00	1561.50	1472.25	1422.50	1242.50	1249.50	1445.75	1739.75	1753.25	1628.75	1547.00	1667.00	1715.25	1659.25	1409.50	1094.75	1045.00	1064.50	1179.50	1416.25	1605.00	1614.50	1418.50	1270.25	1136.75	1092.75	960.00	873.75	1009.00	1027.25	791.25	698.75	622.00	369.00	208.50	148.75	148.50
443.50	460.00	465.50	404.00	323.50	301.50	342.00	388.00	383.00	412.00	471.50	467.50	461.00	443.00	429.50	438.00	452.00	476.00	494.50	515.50	520.50	528.00	535.00	525.50	485.00	476.50	442.00	435.00	455.00	485.00	503.00	484.00	454.50	475.00	459.00	442.50	446.50	474.00	507.50	512.00	500.50	482.50	480.50	462.00	438.00	428.50	432.00	432.00	460.50	525.50	558.50	600.00	646.00	694.00	702.00	711.50	691.00	683.00	641.50	570.50	527.00	491.00	469.50	441.00	443.50	443.50	448.50	443.50	418.50	441.50	543.00	655.00	779.50	862.50	793.50	627.00	548.00	538.00	541.50	557.00	577.50	629.50	679.00	700.00	732.00	748.00	792.00	819.50	858.50	878.00	883.50	898.50	895.00	784.00	700.00	640.50	590.50	556.50	553.00	592.50	658.00	779.50	898.50	917.00	981.00	1018.50	909.50	677.00	415.50	245.00	199.00	199.00	199.00	324.00	550.00	812.50	821.50	875.50	1007.00	1089.00	1165.00	1183.50	1223.00	1223.00	1201.00	1025.50	710.00	510.50	490.50	637.00	908.50	1178.00	1218.00	1266.50	1313.00	1353.50	1332.50	1232.50	1109.50	1129.00	1154.00	1147.00	1135.50	1130.00	1107.00	1079.00	1034.50	972.50	945.50	965.00	992.50	1062.00	1134.50	1268.00	1426.50	1548.00	1542.50	1467.00	1355.50	1288.00	1264.50	1315.00	1313.50	1308.50	1294.50	1289.00	1292.00	1302.00	1328.50	1299.50	1269.00	1259.00	1160.50	1041.00	1012.50	1017.00	1031.00	1030.50	1049.00	1063.50	1071.50	1112.00	1167.00	1159.00	1188.50	1417.00	1535.50	1676.00	1687.50	1444.00	1378.50	1393.50	1413.50	1440.50	1568.50	1862.00	1878.50	1822.50	1774.50	1754.00	1770.50	1781.50	1763.00	1743.00	1738.00	1737.00	1694.50	1599.00	1556.50	1519.50	1475.00	1479.00	1438.50	1497.00	1610.00	1667.50	1453.00	1732.50	1833.50	1763.50	1725.50	1740.50	1517.00	1198.50	1208.00	1392.00	1679.00	1573.50	1323.00	1323.00	1575.50	1531.50	1470.50	1340.50	1146.00	1174.50	1311.00	1404.50	1673.50	1730.00	1629.00	1294.00	1257.00	1202.50	1046.00	1045.00	1169.00	1250.00	937.00	841.00	1062.50	925.00	530.50	230.50	140.00	139.00
389.00	415.25	437.00	374.00	300.25	321.00	365.75	393.50	391.75	429.25	486.75	477.75	456.00	440.25	427.00	431.75	450.25	475.50	498.00	521.75	527.50	531.25	527.00	511.50	481.00	463.75	437.25	436.00	459.50	487.75	508.25	492.25	456.75	471.00	475.25	465.50	458.50	485.00	510.00	513.75	501.00	479.75	473.25	463.75	443.75	431.00	432.00	432.00	462.50	526.50	559.75	607.00	657.50	695.75	695.50	696.00	682.50	676.50	638.50	578.25	550.75	499.75	458.50	439.00	440.25	441.75	440.50	438.75	410.75	433.25	530.75	653.75	767.75	849.00	787.00	612.75	530.75	536.00	538.75	557.00	583.25	629.75	672.50	692.75	735.00	752.75	805.50	839.00	877.75	893.75	898.75	910.50	908.50	811.75	740.25	651.00	598.00	558.00	541.00	579.00	642.25	762.25	884.25	905.00	969.25	1018.75	928.75	675.75	415.25	250.25	199.50	199.50	199.25	316.50	517.50	754.50	805.00	915.00	1045.00	1109.25	1176.00	1194.75	1205.75	1179.50	1121.75	924.75	648.50	496.50	502.00	671.00	937.50	1177.50	1195.50	1222.00	1271.00	1333.00	1338.75	1249.50	1105.75	1126.50	1161.75	1179.50	1158.75	1141.50	1115.75	1089.75	1043.25	974.00	943.25	959.00	991.50	1075.00	1154.00	1274.50	1411.25	1544.75	1575.25	1499.00	1394.25	1305.50	1289.75	1341.25	1336.50	1332.50	1326.25	1324.75	1325.50	1331.75	1350.00	1329.50	1301.00	1283.25	1154.25	1020.00	1008.00	1015.25	1028.75	1032.00	1053.75	1067.75	1075.00	1097.75	1127.25	1140.75	1197.50	1425.25	1551.25	1679.00	1631.50	1409.25	1369.00	1379.50	1434.50	1471.25	1547.25	1860.50	1944.00	1903.00	1851.00	1807.75	1797.50	1779.50	1752.50	1728.50	1725.00	1737.00	1697.50	1610.25	1589.00	1538.00	1455.75	1436.75	1412.50	1451.50	1490.75	1595.75	1420.00	1659.75	1805.25	1659.00	1587.25	1588.75	1510.50	1176.75	1187.00	1381.75	1603.75	1432.75	1278.25	1352.25	1633.00	1567.25	1396.50	1289.25	1165.00	1212.25	1385.50	1521.25	1699.25	1731.75	1676.25	1486.50	1455.25	1344.75	1158.25	1100.25	1232.50	1260.25	978.25	951.00	1130.25	990.75	640.75	279.50	146.75	140.00
182.00	263.50	335.50	325.50	265.00	321.00	372.50	385.00	415.50	480.50	529.00	511.50	456.50	431.50	424.00	429.50	466.00	493.00	516.00	538.50	558.00	550.00	529.50	479.00	461.00	443.50	432.50	439.00	461.00	480.00	498.00	496.50	460.00	464.00	524.00	501.50	474.00	480.00	501.00	505.00	497.00	480.50	473.50	457.50	438.50	432.50	432.00	432.00	465.00	537.50	563.50	617.50	676.50	675.00	660.00	672.50	653.00	627.50	597.50	586.00	593.00	546.50	463.00	438.00	437.00	440.00	445.00	431.00	399.00	427.50	476.50	603.00	721.50	808.50	778.00	533.50	508.50	520.50	527.00	550.50	602.00	636.00	653.00	682.00	745.00	776.00	857.50	894.00	935.00	944.50	934.50	933.50	939.00	900.00	833.00	664.00	606.00	561.50	522.00	539.50	602.50	680.50	820.50	877.50	944.50	989.00	915.50	622.00	404.00	233.50	199.00	199.50	200.50	282.00	392.50	601.50	815.50	1006.00	1076.00	1130.00	1195.50	1228.50	1222.00	1071.50	837.00	629.00	513.50	494.00	561.50	776.00	1014.00	1132.50	1116.50	1127.00	1187.50	1302.00	1385.00	1303.50	1061.00	1087.50	1189.00	1283.50	1264.00	1188.50	1139.50	1107.00	1045.00	968.00	938.50	955.00	998.00	1129.00	1189.00	1226.00	1362.00	1486.00	1616.00	1613.50	1510.50	1374.00	1373.00	1386.00	1387.00	1383.50	1389.00	1390.00	1388.50	1401.50	1417.50	1430.50	1392.00	1259.00	1021.00	983.50	994.00	1000.00	1022.50	1039.50	1065.50	1079.50	1086.00	1094.00	1107.50	1123.50	1123.00	1305.00	1508.00	1627.50	1439.50	1328.50	1337.00	1349.50	1418.50	1494.00	1653.50	1946.50	2111.50	2101.50	2045.00	1975.50	1897.00	1773.00	1720.50	1697.50	1700.50	1783.00	1797.50	1760.00	1734.50	1644.00	1486.00	1394.50	1351.50	1334.50	1292.50	1325.50	1320.50	1458.50	1715.50	1514.50	1374.50	1303.00	1320.50	1127.50	1132.50	1162.50	1248.00	1151.50	1281.50	1602.00	1672.00	1524.00	1320.50	1327.00	1294.50	1269.00	1371.50	1483.50	1632.00	1681.00	1667.50	1663.00	1692.00	1715.00	1665.50	1405.50	1360.00	1410.00	1305.00	1301.00	1251.50	1103.00	882.50	430.50	184.00	150.50
215.25	218.75	273.75	308.50	259.25	311.50	364.25	385.50	419.25	469.75	510.25	506.75	456.25	431.50	424.75	430.75	470.00	489.50	503.00	526.25	548.25	557.75	539.50	484.25	453.75	439.50	436.25	442.25	459.75	475.75	486.00	481.75	454.75	459.25	515.75	499.75	472.25	480.25	496.50	512.75	505.50	493.50	480.00	462.25	442.75	433.25	432.75	438.50	468.25	535.75	562.50	605.00	667.75	668.75	650.75	672.00	648.50	620.00	599.75	593.25	595.25	560.75	477.75	450.25	437.00	440.25	445.75	430.25	400.75	430.25	466.25	572.25	690.00	780.75	766.75	510.00	503.25	516.50	523.25	547.00	597.50	629.00	643.75	673.25	742.75	782.75	871.50	908.50	954.50	959.25	942.50	938.00	945.50	905.00	840.25	665.00	603.00	559.00	515.25	531.75	585.75	644.00	781.00	858.00	902.00	936.75	858.00	581.25	394.75	229.50	199.25	199.25	201.25	280.00	417.25	619.50	800.25	949.25	1056.00	1127.50	1211.25	1245.75	1234.25	1059.25	782.50	579.75	501.75	510.25	589.00	795.00	1014.00	1106.50	1093.00	1118.25	1185.75	1301.25	1386.00	1283.50	1018.75	1060.50	1246.50	1332.50	1305.00	1217.75	1153.00	1109.00	1040.25	960.50	935.75	957.50	999.00	1106.00	1146.00	1201.75	1334.25	1453.75	1572.50	1605.50	1518.25	1403.75	1389.75	1402.25	1420.75	1414.25	1425.50	1433.75	1430.00	1447.50	1467.25	1448.50	1387.25	1261.50	1013.50	979.50	986.25	985.00	1011.25	1040.50	1069.00	1081.25	1094.25	1102.50	1113.25	1123.00	1123.50	1224.75	1398.25	1561.25	1385.50	1317.25	1326.50	1370.25	1447.25	1487.25	1605.00	1870.75	2121.25	2108.50	2038.50	1970.25	1892.50	1767.00	1711.75	1688.25	1702.75	1804.50	1836.00	1802.00	1761.25	1640.00	1454.00	1381.75	1344.00	1327.50	1291.50	1297.25	1283.00	1383.75	1635.50	1561.50	1445.00	1290.75	1250.00	1115.75	1117.25	1121.75	1176.75	1173.75	1401.50	1645.75	1598.75	1478.75	1345.75	1357.75	1331.25	1315.00	1376.75	1473.25	1552.25	1601.75	1613.00	1613.25	1652.75	1692.75	1671.75	1503.00	1447.75	1482.00	1413.75	1380.00	1264.50	1111.25	946.75	487.50	201.00	158.00
391.00	309.50	177.50	164.50	191.50	280.00	347.50	388.50	434.00	458.50	481.50	485.00	461.00	437.50	442.00	453.00	440.00	457.50	475.50	475.50	509.50	544.00	522.00	486.00	464.00	446.50	452.00	443.00	463.00	482.50	491.50	475.50	470.00	480.50	484.50	470.00	461.00	473.50	491.50	515.50	519.50	515.00	488.00	469.00	470.00	452.50	439.00	464.00	487.00	529.00	550.50	572.50	623.50	645.50	629.50	657.00	638.00	624.50	639.50	616.00	600.50	578.00	511.00	497.50	454.00	442.00	443.50	410.50	403.50	402.00	422.00	469.50	566.00	654.00	669.50	415.50	453.50	511.00	525.50	544.00	581.50	603.00	598.50	634.50	722.00	781.00	875.00	909.50	962.00	966.50	953.50	950.00	959.00	909.50	839.50	691.50	601.50	553.00	505.50	499.00	521.50	546.50	625.50	700.00	695.00	610.00	597.00	482.50	408.00	245.50	199.00	199.00	212.00	311.00	497.50	783.50	922.50	1015.50	1123.00	1210.50	1302.50	1294.50	1145.50	847.50	607.50	486.00	501.00	589.00	805.00	788.50	897.50	992.00	1050.50	1120.50	1194.50	1241.00	1273.50	1094.00	974.00	1113.50	1378.50	1406.00	1341.00	1227.50	1151.00	1092.50	1018.50	938.00	925.00	968.50	1001.50	1048.00	1083.50	1136.00	1261.00	1365.50	1438.00	1534.00	1577.00	1526.00	1510.00	1509.00	1533.50	1531.50	1542.00	1564.50	1566.00	1549.00	1537.50	1442.50	1320.00	1258.50	974.50	963.00	964.50	953.50	966.00	1093.50	1068.00	1080.00	1108.50	1121.00	1127.50	1131.50	1146.00	1163.00	1146.50	1288.50	1263.50	1281.00	1294.50	1476.00	1742.00	1782.50	1878.00	2032.00	2094.50	2085.50	2035.50	1937.00	1834.50	1724.50	1686.50	1653.50	1660.50	1793.50	1829.50	1816.50	1745.50	1568.00	1471.50	1460.50	1434.00	1343.50	1284.50	1246.50	1226.50	1195.50	1262.00	1356.00	1582.00	1549.00	1311.00	1089.00	1071.00	1059.50	1075.00	1335.00	1720.50	1662.50	1535.00	1522.00	1485.50	1460.50	1511.50	1566.50	1485.50	1471.50	1430.00	1399.00	1409.00	1448.50	1510.00	1591.50	1599.00	1553.50	1546.50	1563.50	1571.50	1540.00	1243.50	1096.00	967.00	633.00	254.00	179.50
460.50	387.50	253.00	171.00	130.00	201.00	304.50	384.50	449.00	479.00	477.50	470.00	443.00	426.00	430.00	450.50	443.00	456.50	472.00	486.50	487.00	512.00	512.00	475.50	445.00	453.00	451.50	454.50	463.50	494.00	509.50	490.00	501.00	501.50	504.50	476.50	459.00	479.50	508.00	529.00	546.00	519.50	504.00	481.00	467.00	447.00	436.00	465.00	516.50	525.00	523.50	534.50	607.00	630.50	600.50	607.50	619.00	628.50	639.50	615.50	590.00	576.00	520.00	540.50	500.50	456.50	422.00	392.00	392.50	391.00	403.00	428.50	481.50	539.50	502.50	385.00	404.50	485.50	550.50	551.00	555.00	575.50	577.00	619.50	709.50	773.00	828.50	858.00	889.00	913.00	955.00	969.00	960.00	895.00	844.50	719.50	608.00	544.50	501.00	475.00	482.00	495.50	519.00	522.00	499.00	453.50	443.00	444.50	406.00	245.00	199.00	199.00	235.00	408.00	540.50	796.00	972.00	1048.00	1142.00	1218.50	1309.50	1287.00	1008.50	698.50	533.50	480.00	540.00	718.00	966.00	1001.50	995.00	1024.00	1054.50	1129.00	1163.50	1188.00	1135.50	977.50	1114.50	1222.50	1263.50	1240.50	1155.00	1175.00	1202.00	1128.00	1011.50	920.50	925.00	981.50	1013.50	1054.50	1074.50	1118.00	1216.00	1310.00	1409.00	1481.00	1591.50	1586.00	1570.50	1578.00	1592.50	1594.50	1600.00	1614.50	1613.00	1581.50	1549.50	1395.00	1211.00	1064.00	937.00	949.00	949.00	943.00	962.00	1250.00	1178.00	1089.00	1106.50	1118.50	1132.50	1143.00	1145.00	1165.00	1157.50	1193.00	1246.00	1256.50	1312.00	1607.50	1799.50	1918.50	2051.00	2088.50	1970.00	1921.50	1994.50	1991.00	1872.50	1710.00	1661.50	1623.00	1637.00	1764.00	1797.00	1768.50	1681.00	1649.50	1597.50	1710.00	1796.50	1668.50	1385.00	1274.00	1204.00	1183.50	1141.50	1124.00	1345.00	1676.00	1563.00	1123.00	1047.50	1042.00	1128.00	1535.00	1600.50	1658.50	1654.00	1713.00	1837.00	1838.00	1873.00	1832.50	1727.50	1529.00	1393.50	1351.50	1328.00	1337.00	1365.50	1437.00	1460.50	1465.50	1552.00	1557.50	1569.50	1484.00	1166.50	971.50	723.50	547.50	262.50	188.00
486.75	411.50	253.75	156.75	121.75	172.00	279.50	401.00	464.50	483.00	492.25	489.25	441.75	425.50	431.25	450.75	451.75	468.00	469.50	472.25	474.50	489.25	494.25	459.25	446.50	463.00	465.50	465.75	472.00	502.50	521.50	494.50	498.25	498.75	510.75	486.75	459.50	473.50	507.50	530.75	548.25	522.75	505.75	481.75	462.75	445.50	435.50	468.00	518.00	524.00	511.50	516.00	595.25	617.50	596.75	604.50	615.25	628.75	637.75	615.75	593.50	567.00	519.75	542.25	499.25	462.25	418.50	401.25	399.50	394.75	401.00	417.75	445.25	483.75	450.50	385.00	394.75	445.75	515.00	529.25	532.75	560.00	569.50	615.25	704.00	760.00	823.75	854.75	886.25	915.75	968.50	984.75	959.75	894.00	843.50	723.50	606.00	538.25	495.50	464.25	463.25	470.75	478.50	467.25	449.50	420.75	416.00	437.00	382.75	248.25	199.00	200.50	251.75	436.25	598.25	770.25	941.50	1025.00	1109.75	1170.50	1275.75	1258.75	939.75	652.75	519.00	481.25	557.25	775.75	1010.75	1039.25	1040.25	1045.00	1051.75	1099.00	1120.00	1117.25	1047.50	962.25	1116.50	1169.50	1187.75	1173.00	1125.25	1155.00	1193.25	1105.50	986.75	917.00	934.50	986.50	1010.00	1043.50	1067.25	1103.00	1187.25	1287.75	1407.00	1466.00	1564.75	1585.50	1582.75	1590.50	1605.75	1608.00	1617.25	1626.75	1623.00	1592.00	1560.00	1430.25	1250.75	1044.50	932.00	942.50	942.75	939.00	966.00	1286.50	1216.50	1136.25	1127.00	1122.00	1138.00	1149.50	1150.00	1165.75	1165.75	1186.00	1231.25	1241.50	1323.00	1552.50	1683.25	1817.00	2038.50	2077.75	1875.00	1834.75	1946.50	2001.75	1894.75	1698.50	1636.25	1608.00	1622.75	1791.25	1827.75	1784.75	1714.00	1687.00	1631.25	1728.75	1808.25	1768.25	1607.00	1448.50	1263.25	1181.50	1140.75	1115.00	1228.25	1462.75	1464.75	1131.75	1033.25	1030.50	1116.50	1408.50	1450.25	1651.00	1680.25	1700.50	1844.75	1866.25	1779.75	1752.00	1703.75	1536.75	1379.50	1339.25	1314.50	1306.50	1331.25	1356.00	1372.50	1422.50	1553.50	1527.25	1517.75	1391.75	1097.50	919.75	742.50	583.75	271.50	192.00
513.75	423.00	269.25	136.75	115.25	132.75	231.25	420.75	475.75	474.75	495.50	510.00	453.50	430.25	435.75	453.50	470.00	490.00	478.75	463.75	456.50	450.25	450.75	436.50	457.25	489.50	507.25	494.50	500.00	514.50	536.25	503.00	492.25	493.00	512.25	488.50	462.75	464.25	499.25	524.25	538.50	518.25	494.25	471.25	454.75	446.25	432.25	465.00	517.25	519.00	491.50	483.00	562.00	590.75	584.50	610.50	630.50	634.00	634.50	615.75	598.50	558.75	521.00	531.75	495.25	483.50	422.50	438.75	437.00	426.25	410.25	401.00	397.25	406.50	391.75	385.00	385.00	395.50	438.50	470.75	489.75	526.25	552.00	606.00	686.75	740.00	825.75	855.50	892.75	929.75	992.00	991.25	944.75	883.50	829.50	699.75	585.75	522.00	484.00	449.00	428.50	430.25	413.75	390.50	374.50	368.50	370.00	392.75	333.50	257.75	199.00	200.75	263.75	493.50	715.75	828.25	925.25	1001.75	1065.00	1092.50	1201.50	1182.75	820.50	577.75	497.75	488.25	592.00	857.75	1083.00	1100.00	1099.50	1075.75	1052.75	1035.25	1031.25	996.25	946.75	980.00	1112.25	1120.00	1127.00	1123.25	1132.75	1155.25	1143.00	1057.50	945.75	913.75	969.50	1001.00	1000.75	1012.25	1040.50	1072.25	1167.25	1287.25	1401.00	1428.75	1499.00	1554.75	1573.00	1589.25	1602.25	1607.50	1622.50	1635.25	1631.00	1601.25	1574.25	1459.00	1232.25	988.00	922.50	928.50	931.50	932.50	983.50	1286.50	1269.75	1228.50	1191.25	1150.00	1151.75	1162.50	1162.50	1174.50	1183.00	1187.00	1207.00	1215.50	1343.00	1485.00	1552.25	1702.25	1989.25	2036.00	1697.25	1706.00	1836.50	1892.50	1827.75	1642.00	1588.50	1580.50	1594.00	1800.50	1871.25	1832.50	1788.00	1729.75	1669.00	1700.75	1687.50	1710.50	1746.50	1616.50	1443.00	1274.75	1149.50	1093.50	1084.75	1137.75	1203.50	1058.75	1000.00	1004.75	1063.50	1192.75	1303.75	1663.00	1656.00	1643.25	1822.75	1878.25	1650.50	1642.50	1627.25	1504.00	1360.25	1323.75	1293.00	1262.50	1273.00	1222.00	1236.00	1326.25	1486.00	1426.00	1370.00	1194.00	956.75	869.75	825.75	673.25	282.25	195.00
494.50	426.00	304.50	135.50	114.00	114.50	179.00	438.00	520.00	474.50	470.00	476.00	449.00	436.50	461.50	481.00	508.00	532.00	542.00	497.50	457.50	434.00	416.50	444.00	481.00	538.50	572.00	540.00	535.00	526.50	507.00	496.00	492.50	479.00	498.00	487.00	468.50	489.00	470.50	498.50	494.00	482.00	475.50	457.00	457.50	453.00	424.00	441.00	499.50	494.50	460.50	435.00	472.50	549.00	559.50	606.50	677.00	668.00	650.00	622.50	595.50	569.00	540.50	517.50	545.00	507.00	450.00	505.50	538.50	527.00	504.50	468.00	415.50	385.00	385.00	385.00	385.00	385.00	385.00	394.00	429.50	443.00	492.00	559.00	650.50	728.00	844.50	859.00	885.00	913.00	976.00	943.00	875.00	793.50	742.00	595.00	536.00	490.00	459.00	435.50	404.00	391.50	359.50	346.00	328.50	320.00	296.00	260.00	248.00	229.50	199.00	199.00	250.00	591.50	837.50	1007.00	1070.00	1114.00	1121.50	1100.50	1114.50	1054.00	685.00	518.00	483.00	519.00	675.00	952.50	1187.00	1195.50	1156.00	1108.00	1078.00	1008.50	930.00	945.50	1012.00	1081.50	1135.00	1151.50	1173.50	1184.50	1248.50	1265.50	1194.50	1032.50	909.00	927.50	1067.50	1053.00	1025.50	960.50	972.50	1029.00	1189.50	1270.00	1322.50	1357.50	1405.00	1452.00	1490.00	1509.50	1526.50	1558.00	1588.50	1615.00	1610.50	1586.50	1560.00	1318.50	993.00	904.00	908.50	909.50	918.50	925.50	1140.00	1248.00	1342.50	1364.00	1303.00	1259.50	1206.00	1185.50	1179.50	1198.00	1203.50	1201.00	1193.00	1200.00	1242.50	1382.00	1536.50	1594.00	1700.50	1796.50	1507.00	1497.00	1535.00	1468.00	1451.50	1487.00	1516.00	1547.50	1546.00	1647.50	1891.00	1919.50	1843.50	1672.00	1587.00	1577.50	1519.00	1464.00	1371.00	1327.50	1292.00	1187.50	1124.50	1067.00	1049.00	1009.00	967.00	938.50	952.50	1025.00	1226.00	1392.00	1630.00	1717.00	1506.50	1507.50	1730.50	1860.00	1814.00	1760.50	1650.50	1515.50	1366.50	1358.50	1310.00	1260.00	1221.00	1151.50	1148.00	1161.00	1188.50	1217.50	1114.50	933.50	901.50	972.50	1054.00	777.00	280.50	187.00
491.75	423.00	324.75	158.75	113.50	113.50	166.00	405.25	523.25	478.25	471.25	481.25	441.25	435.75	467.25	498.25	517.00	527.50	523.50	481.50	448.75	428.25	434.50	457.25	480.25	531.00	568.25	546.50	527.50	528.25	491.00	489.75	490.50	476.75	499.50	516.00	485.25	500.25	486.25	493.00	488.25	485.25	478.25	467.00	471.50	467.00	421.00	434.50	488.25	486.00	456.50	431.50	458.00	529.50	548.25	601.25	675.75	684.25	670.00	635.50	598.00	566.50	540.00	521.00	548.75	509.50	459.00	510.00	562.75	558.75	533.75	501.25	429.75	385.00	385.00	385.00	385.00	385.00	385.00	390.75	415.00	432.00	469.50	533.25	625.00	711.75	840.25	846.00	867.75	888.25	927.75	887.75	814.75	726.00	677.25	568.00	524.75	483.50	452.00	427.00	399.50	379.00	349.75	336.00	322.75	310.50	289.25	259.00	234.75	214.75	199.00	199.00	267.50	676.25	888.75	1039.00	1119.50	1172.25	1175.50	1140.00	1093.25	1006.75	657.50	507.50	486.00	537.00	719.00	995.75	1192.25	1205.25	1180.75	1127.75	1088.50	986.75	921.75	970.75	1040.00	1102.25	1164.50	1186.00	1211.25	1219.50	1291.25	1318.25	1192.75	991.75	906.00	961.00	1124.50	1084.75	1050.25	967.00	955.50	1019.00	1153.75	1233.25	1290.25	1327.50	1374.00	1417.00	1458.50	1470.75	1485.75	1534.00	1565.50	1595.75	1597.25	1583.25	1534.00	1229.75	947.75	900.00	904.25	905.50	913.25	930.25	1246.75	1337.50	1410.25	1415.75	1355.00	1309.75	1246.25	1205.50	1184.00	1204.25	1206.25	1205.25	1200.50	1208.00	1239.75	1312.25	1407.25	1471.00	1557.75	1650.50	1466.25	1446.25	1458.00	1434.00	1424.50	1468.75	1500.25	1539.25	1535.75	1604.00	1799.00	1915.25	1790.25	1624.75	1556.75	1533.75	1523.00	1557.75	1475.25	1389.00	1277.00	1188.75	1156.75	1098.50	1135.50	1063.00	964.00	938.25	944.75	991.75	1216.75	1435.25	1637.25	1709.00	1512.50	1486.00	1685.00	1839.50	1841.50	1811.75	1678.25	1517.25	1385.25	1403.75	1429.75	1281.25	1225.00	1148.00	1131.75	1126.25	1124.25	1155.50	1072.50	925.00	942.25	1038.00	1135.50	782.00	272.00	185.50
459.00	422.00	366.50	219.00	133.50	110.50	122.50	327.00	520.00	504.00	494.50	532.00	437.50	455.00	468.50	504.00	531.00	510.00	477.00	429.00	410.50	456.00	516.50	499.50	474.50	493.50	538.50	534.50	515.00	492.50	467.00	481.50	474.50	474.00	476.50	496.00	498.00	519.50	487.50	537.50	486.00	459.00	457.50	489.00	499.50	492.50	410.50	415.00	445.50	446.00	434.00	423.50	427.00	473.00	531.50	604.00	692.50	749.50	720.00	659.00	609.00	562.00	548.50	532.00	561.50	510.00	470.50	510.50	606.00	640.50	612.00	576.50	471.50	385.50	385.50	385.00	385.00	385.00	385.00	385.00	392.00	410.50	418.50	457.50	522.00	599.50	697.00	705.50	765.50	822.00	847.50	714.50	647.00	545.00	546.50	521.50	495.00	463.50	440.50	416.00	396.00	363.50	351.00	336.00	324.50	314.00	316.00	311.00	252.00	199.50	199.00	199.00	389.00	860.00	1007.00	1122.00	1222.00	1267.50	1290.50	1238.00	1091.00	883.00	574.50	483.50	507.50	627.00	858.00	1054.50	1167.00	1216.50	1211.00	1170.50	1050.50	841.00	894.50	1026.50	1115.50	1162.50	1242.50	1294.00	1324.50	1345.50	1496.50	1368.50	1057.00	904.00	930.00	1103.50	1322.00	1195.00	1124.00	1023.50	945.50	940.00	1072.00	1139.50	1193.00	1192.50	1251.50	1307.50	1369.00	1355.50	1349.50	1376.00	1437.00	1514.50	1546.00	1577.00	1557.50	1222.00	871.00	884.00	892.50	893.50	897.50	1016.00	1482.00	1524.50	1537.00	1522.00	1506.50	1455.00	1402.00	1341.00	1237.00	1217.00	1211.50	1214.50	1215.50	1217.50	1236.50	1230.50	1235.50	1270.50	1290.50	1314.00	1332.50	1364.00	1368.00	1395.00	1394.00	1441.00	1470.50	1512.50	1530.00	1572.00	1612.50	1877.00	1872.00	1816.00	1668.00	1515.00	1445.00	1445.50	1818.50	1835.50	1554.00	1385.00	1476.50	1427.00	1461.50	1191.50	919.50	929.00	924.00	918.00	1032.50	1223.50	1408.00	1593.50	1598.00	1450.50	1510.00	1612.00	1862.50	1885.50	1736.00	1526.00	1511.50	1737.50	1806.00	1462.50	1406.00	1205.50	1137.50	1073.50	1011.00	1011.00	988.50	926.50	1048.00	1158.50	1225.50	812.50	254.00	191.00
436.50	419.00	392.00	246.00	164.00	110.00	123.00	288.50	500.50	499.00	508.50	524.00	442.00	475.50	499.00	511.00	514.00	500.50	487.50	417.00	411.00	470.50	516.50	522.50	494.50	481.50	494.50	505.50	496.50	471.50	467.50	488.00	488.50	488.00	477.00	472.00	474.00	497.50	502.00	511.00	514.00	454.50	431.50	447.00	481.00	482.50	408.50	409.00	420.50	431.00	424.00	423.50	423.00	464.50	535.50	596.00	681.50	762.50	732.50	665.00	622.50	577.50	550.00	526.50	563.50	497.00	473.00	535.50	625.00	689.50	640.00	578.50	472.50	398.50	405.50	387.50	385.00	386.50	385.00	385.00	388.00	403.00	403.50	402.00	438.50	474.50	537.50	533.50	578.50	689.00	713.00	611.50	554.50	509.00	516.50	515.00	488.00	452.50	430.00	412.00	391.50	386.50	382.50	377.50	360.50	349.50	394.00	417.00	319.00	206.00	199.00	207.00	483.00	976.00	1062.00	1148.00	1201.00	1201.00	1246.00	1240.50	1025.50	792.00	518.00	480.50	544.50	726.50	963.00	1046.00	1096.00	1167.50	1196.00	1090.00	903.50	790.00	957.50	1099.00	1176.50	1221.50	1289.50	1350.50	1404.00	1417.00	1547.00	1256.50	969.50	895.00	992.00	1261.50	1435.50	1249.50	1156.00	1036.50	977.50	915.00	1008.50	1056.50	1085.00	1110.50	1191.00	1254.50	1306.00	1286.00	1248.00	1259.50	1325.00	1391.00	1476.50	1539.50	1525.00	1113.00	860.00	871.00	884.00	884.50	883.00	1114.00	1476.00	1502.50	1523.50	1479.50	1496.50	1540.00	1550.50	1490.00	1420.50	1229.00	1212.00	1218.50	1214.00	1221.50	1238.50	1238.00	1265.00	1278.00	1304.00	1323.00	1330.50	1351.00	1359.50	1375.00	1401.50	1443.50	1513.00	1615.00	1726.00	1734.50	1768.50	1947.00	1939.00	1865.50	1746.50	1666.50	1407.00	1375.00	1425.50	1692.00	1796.50	1764.00	1683.00	1809.50	1642.50	1119.50	893.00	915.00	910.50	928.00	968.50	1063.50	1191.00	1391.50	1565.00	1401.00	1413.00	1581.00	1866.00	1878.00	1860.00	1814.50	1818.00	1823.00	1786.00	1693.50	1615.00	1441.50	1235.00	1106.00	1014.50	970.50	943.00	922.00	1050.00	1150.00	1113.50	749.50	272.00	198.50
432.00	443.00	417.50	299.00	188.00	117.00	111.50	248.50	478.00	498.50	514.00	528.50	463.00	458.00	504.50	550.50	555.00	509.50	452.50	375.00	421.00	434.50	480.00	528.00	500.50	498.50	480.50	463.50	467.50	456.50	476.50	517.50	525.50	501.50	478.50	476.00	474.50	500.00	493.50	466.50	470.50	457.00	432.00	421.50	425.00	433.50	405.50	428.50	425.00	424.00	423.00	423.00	423.00	447.00	520.00	590.00	664.50	712.00	727.50	693.00	642.50	596.00	559.50	549.50	530.50	464.50	468.00	535.00	644.00	715.50	662.50	568.00	491.00	435.00	431.00	413.50	404.00	406.00	401.50	391.50	385.00	394.00	402.00	383.50	385.00	395.00	417.50	426.00	444.50	500.00	526.00	520.50	478.50	479.50	503.00	504.00	483.50	448.50	423.00	406.00	394.50	417.50	428.50	431.00	428.00	423.50	478.50	470.50	311.50	201.50	199.00	250.50	559.00	1007.50	1042.00	1087.00	1085.00	1106.50	1170.00	1185.00	928.50	684.50	492.00	488.50	616.00	863.50	1045.00	1049.50	1021.50	1110.50	1132.50	926.50	784.50	872.50	1141.50	1191.50	1248.50	1323.00	1389.00	1455.50	1553.50	1593.50	1463.00	1144.00	926.00	907.50	1104.00	1416.50	1445.50	1288.50	1217.50	1113.00	990.00	897.50	958.00	1006.50	1066.50	1094.00	1148.00	1213.00	1258.50	1234.50	1188.00	1196.00	1254.00	1307.50	1387.00	1453.50	1423.00	1010.00	857.00	861.00	868.00	866.00	856.00	1222.00	1421.00	1439.50	1328.00	1364.00	1486.00	1638.50	1706.00	1591.50	1399.50	1251.50	1215.50	1228.50	1217.00	1232.50	1247.00	1251.00	1281.00	1280.00	1290.50	1318.00	1337.50	1347.00	1370.50	1435.00	1547.00	1722.50	1836.50	1919.50	1943.50	1949.00	1979.00	2030.50	1937.00	1692.00	1610.00	1671.50	1404.00	1324.50	1241.50	1296.50	1315.50	1308.50	1344.50	1570.50	1579.50	1080.50	885.50	902.00	897.50	909.50	1047.50	1133.50	1128.00	1174.50	1231.50	1257.00	1347.50	1595.00	1714.00	1769.00	1847.00	1837.50	1820.00	1738.00	1623.00	1548.50	1572.50	1565.00	1390.50	1243.50	1100.50	996.50	906.50	896.50	1003.00	1115.00	1037.50	612.50	276.50	196.00
468.25	448.25	431.75	391.00	237.25	124.25	111.25	201.75	432.50	462.75	488.75	515.00	474.75	433.50	490.75	549.25	551.25	520.75	441.00	359.00	366.00	404.00	443.75	488.50	494.00	519.50	522.75	504.50	454.50	445.75	468.25	517.50	521.50	511.00	479.00	474.75	489.75	535.75	522.50	463.00	447.00	444.50	442.75	419.25	390.00	396.50	433.50	448.25	441.00	473.50	433.50	423.00	423.00	425.00	470.25	597.75	668.25	645.75	655.75	672.25	640.50	617.75	588.75	565.00	465.25	420.25	484.00	549.50	623.75	659.00	643.50	569.00	495.25	472.75	472.00	466.50	450.50	439.00	440.25	431.00	415.75	419.75	392.00	380.25	365.75	371.50	363.75	375.75	392.00	403.25	424.50	427.25	435.00	443.75	452.25	465.25	464.75	446.25	436.75	431.25	432.50	427.75	452.25	438.50	468.75	464.25	445.50	340.25	219.75	197.50	199.00	335.50	707.75	902.75	945.50	972.25	983.00	1047.00	1131.75	1147.75	784.25	596.50	484.00	511.25	711.00	1006.50	1151.25	1101.50	980.00	925.00	853.25	751.25	760.75	1068.75	1238.25	1216.00	1302.00	1410.50	1502.75	1546.75	1594.50	1585.00	1339.00	1032.00	898.50	961.50	1167.75	1346.75	1439.00	1289.50	1228.25	1096.00	919.75	860.50	921.50	1003.75	1072.75	1125.75	1201.75	1239.00	1250.00	1233.25	1212.75	1190.50	1179.75	1188.75	1247.00	1277.00	1213.25	878.00	844.25	844.00	847.50	846.25	842.25	1018.50	1132.00	1176.25	1178.50	1238.75	1552.75	1742.50	1783.75	1608.50	1337.75	1296.00	1308.00	1538.50	1406.50	1301.00	1270.50	1268.75	1286.25	1291.75	1336.75	1436.25	1390.00	1385.50	1439.75	1542.25	1594.75	1655.00	1750.25	1891.00	2025.50	2072.50	2077.25	1975.75	1733.75	1556.75	1475.75	1730.25	1884.00	1698.50	1261.25	1204.00	1136.50	1095.50	1040.75	1047.25	1110.50	965.25	880.25	880.75	878.00	896.25	1157.50	1386.50	1323.50	1228.25	1171.75	1219.75	1364.50	1458.00	1524.50	1562.75	1584.50	1430.75	1595.50	1658.75	1510.50	1386.00	1361.25	1555.50	1508.25	1363.75	1221.75	1092.50	922.00	819.50	906.75	1065.00	838.75	417.75	237.00	186.25
480.50	452.50	448.50	412.00	257.00	126.00	113.50	187.00	402.50	454.00	484.00	510.50	475.00	420.50	489.00	548.50	537.50	503.50	407.50	356.00	367.00	392.50	427.50	467.00	481.50	515.00	535.50	529.00	446.50	445.50	463.50	511.50	509.50	509.00	481.50	477.00	494.00	541.00	533.00	472.00	447.00	448.50	453.00	430.00	387.00	384.00	447.50	453.00	443.00	493.00	441.00	423.00	423.00	423.00	457.50	607.00	679.00	628.50	620.00	647.50	633.50	624.00	603.50	578.00	465.50	397.00	481.50	547.00	615.50	626.50	632.50	580.00	491.00	473.00	484.50	489.00	471.00	451.50	447.50	438.00	429.50	436.50	399.50	383.50	360.50	364.50	360.00	367.50	382.00	390.50	402.00	414.50	425.00	436.00	442.00	455.50	459.00	450.50	447.00	445.50	460.50	445.50	427.00	427.50	468.00	442.00	410.00	268.50	200.00	198.00	199.00	357.00	756.00	864.00	909.50	941.50	964.50	1039.00	1128.50	1139.50	756.50	584.00	483.00	519.00	733.50	1044.50	1184.00	1126.50	985.50	847.00	776.50	728.50	774.50	1123.50	1214.50	1221.00	1312.50	1414.00	1483.00	1515.50	1563.50	1556.50	1315.50	1006.00	893.00	971.00	1169.00	1346.50	1451.50	1280.50	1199.50	1061.00	887.00	868.00	908.00	1008.00	1084.00	1143.00	1229.50	1269.00	1264.50	1252.00	1240.50	1213.00	1167.50	1146.00	1183.00	1208.50	1209.50	827.00	839.00	839.50	843.00	841.50	840.00	928.50	1001.00	1078.50	1119.50	1196.00	1562.50	1741.50	1777.00	1596.00	1344.50	1314.00	1342.50	1618.00	1494.00	1341.00	1280.00	1275.00	1289.00	1296.50	1374.50	1540.00	1428.50	1401.00	1420.00	1464.00	1514.50	1630.50	1707.00	1805.00	2024.50	2093.00	2074.50	1947.00	1761.00	1545.00	1440.50	1684.50	2042.00	1921.00	1317.50	1215.50	1145.50	1125.00	1026.50	965.00	938.50	890.00	876.50	872.50	870.50	891.00	1130.00	1398.50	1431.00	1296.00	1193.50	1248.50	1393.00	1428.00	1494.00	1493.50	1465.50	1362.50	1523.00	1634.50	1477.50	1332.50	1307.50	1560.50	1541.00	1380.50	1234.50	1109.50	946.00	795.50	882.00	1063.50	757.50	366.00	231.50	182.50
496.00	472.25	464.00	395.00	218.25	117.25	113.25	213.00	317.00	418.75	517.50	537.00	483.75	402.75	442.00	454.25	450.50	414.50	372.50	378.00	395.50	411.75	431.50	463.50	468.25	481.50	533.50	555.75	474.75	454.00	446.75	462.00	491.75	499.00	498.75	484.75	477.25	522.25	511.50	511.00	504.25	476.50	454.50	465.00	442.50	384.50	510.75	510.00	434.00	508.25	442.75	429.50	423.00	423.00	450.25	594.25	667.25	590.00	561.25	590.25	602.75	635.25	636.50	579.50	437.75	364.25	461.75	506.75	555.00	563.25	578.00	560.00	470.25	470.50	517.00	542.50	538.75	512.25	493.50	470.75	429.00	416.00	396.75	368.50	360.25	360.00	360.00	363.00	376.25	389.25	405.75	436.50	440.00	446.25	458.25	464.75	466.50	495.50	504.25	504.50	531.25	557.75	511.00	440.00	388.00	356.75	269.25	191.50	194.75	198.50	199.75	407.50	839.75	848.25	872.75	925.25	970.50	1028.25	1098.50	1066.50	738.00	557.25	487.75	546.25	784.25	1082.00	1195.75	1114.00	953.75	765.25	702.25	746.25	895.25	1177.25	1115.00	1143.75	1238.50	1321.75	1379.50	1380.75	1401.00	1409.25	1104.00	922.25	905.00	1043.75	1315.25	1475.00	1486.75	1353.00	1317.25	1006.25	833.50	841.00	1046.50	1213.50	1268.25	1299.75	1330.50	1356.00	1348.50	1339.00	1324.50	1288.50	1213.25	1124.75	1072.50	1038.50	939.00	811.50	818.50	830.00	834.00	833.25	852.25	933.25	983.75	1020.50	1067.75	1198.75	1387.50	1521.00	1605.75	1595.50	1400.75	1366.00	1371.00	1514.00	1642.25	1556.25	1351.25	1304.75	1305.50	1311.50	1317.00	1376.75	1625.25	1594.25	1547.00	1515.25	1470.25	1506.25	1539.50	1675.25	1902.00	2034.25	1951.25	1642.25	1524.00	1367.00	1332.75	1612.75	2060.00	2077.25	1923.00	1684.25	1501.00	1464.00	1133.00	1019.00	958.75	886.75	839.25	837.75	836.75	881.75	989.75	1071.25	1176.50	1250.50	1316.00	1426.00	1540.50	1516.50	1510.00	1497.75	1399.25	1271.50	1273.25	1276.25	1179.75	1161.75	1256.25	1563.50	1555.75	1369.25	1243.25	1126.25	970.25	745.25	787.00	846.50	417.25	247.75	199.50	172.00
494.75	479.75	456.50	374.75	198.50	115.75	117.00	240.75	336.25	431.50	523.00	528.25	454.50	385.25	422.50	405.75	403.25	372.25	378.00	425.75	439.75	453.25	469.75	498.50	502.00	489.50	498.75	522.00	486.75	465.75	453.25	458.50	470.75	497.00	493.25	477.75	472.00	506.00	503.00	516.50	525.50	503.00	472.25	465.75	435.75	377.75	520.00	529.00	416.75	498.50	449.25	448.50	427.50	423.50	460.25	562.75	613.00	568.25	523.75	551.50	570.50	613.50	617.75	543.75	389.75	350.50	407.00	460.50	511.75	537.25	522.75	511.50	439.75	452.00	506.25	525.75	552.00	540.50	517.75	502.75	444.25	414.50	389.50	377.25	361.25	360.00	360.25	361.50	379.00	390.75	405.25	438.25	444.75	460.00	475.50	479.50	493.25	543.00	566.25	570.50	592.50	634.75	631.00	550.00	367.00	283.75	210.00	186.00	197.75	199.00	204.25	470.00	868.50	836.00	841.75	890.50	922.00	962.25	1023.50	1024.75	723.75	565.75	487.75	532.00	787.25	1095.75	1158.00	1040.50	841.75	700.25	682.00	760.50	912.75	1133.00	1040.00	1088.75	1153.25	1245.75	1331.50	1289.50	1277.50	1281.50	992.75	889.25	938.50	1148.75	1356.50	1459.25	1480.75	1425.25	1369.00	908.00	811.75	818.75	1118.25	1311.75	1364.25	1377.50	1391.00	1402.75	1402.75	1395.25	1377.00	1337.00	1245.25	1135.50	1070.25	907.75	822.75	803.50	811.50	821.00	824.75	830.00	885.00	1051.25	1080.25	1078.75	1118.25	1185.50	1263.25	1344.25	1417.75	1464.25	1408.00	1394.50	1398.00	1434.50	1559.25	1656.25	1470.75	1330.00	1318.25	1324.25	1333.25	1337.75	1477.25	1524.50	1536.75	1495.50	1423.50	1382.00	1422.75	1523.50	1795.00	1915.50	1891.00	1563.75	1382.25	1274.50	1359.00	1747.00	2051.00	2056.25	2011.25	1791.50	1554.00	1483.75	1379.00	1341.50	1192.00	898.25	810.00	816.50	808.75	855.75	1019.50	1088.50	1122.50	1189.00	1277.75	1442.50	1523.75	1519.75	1531.00	1537.25	1442.50	1257.75	1153.00	1059.50	997.00	1091.75	1224.25	1412.50	1418.00	1266.75	1226.75	1093.75	935.50	741.75	565.75	535.00	266.00	222.75	183.50	177.25
477.25	489.50	440.50	381.00	217.75	120.25	115.75	259.25	391.50	463.50	490.50	483.25	410.50	380.75	420.00	403.00	369.50	352.75	409.25	484.75	500.50	499.75	503.25	520.00	528.00	514.75	490.00	478.00	472.25	467.00	479.50	478.25	469.50	475.00	477.75	469.75	471.00	502.00	498.75	521.25	528.25	516.75	497.75	476.25	426.75	376.25	506.00	526.00	415.00	459.25	458.50	469.50	445.00	431.50	475.00	541.00	552.25	530.75	502.00	516.25	532.00	572.25	558.75	487.25	381.50	346.75	352.25	384.25	443.00	490.75	459.50	445.75	408.50	432.75	480.25	510.75	541.25	549.75	534.00	519.50	461.75	419.25	393.50	393.25	361.25	360.00	361.75	370.50	388.00	399.75	411.50	457.25	478.50	509.75	522.25	533.75	580.75	647.75	657.50	658.50	669.25	704.50	708.25	641.00	398.25	267.25	191.75	192.00	199.00	200.00	228.25	482.75	829.00	806.75	798.50	832.75	838.25	862.75	919.50	970.00	722.75	584.00	492.00	525.75	756.25	1051.00	1013.00	870.50	718.25	665.25	671.00	739.00	821.25	1001.50	961.00	1046.50	1109.25	1179.00	1227.75	1170.25	1119.25	1109.00	913.25	901.50	994.50	1240.50	1351.75	1417.75	1456.25	1390.25	1249.75	807.00	783.00	802.25	1157.25	1359.25	1384.25	1390.75	1408.50	1425.50	1440.00	1444.00	1426.50	1390.25	1300.75	1189.25	1115.50	823.00	771.00	789.25	794.50	799.25	808.00	830.50	888.00	1174.75	1276.25	1207.25	1209.00	1234.25	1254.75	1283.25	1302.25	1353.25	1382.50	1462.00	1444.50	1449.00	1494.50	1624.25	1607.00	1379.25	1329.50	1338.75	1351.00	1355.25	1368.00	1377.00	1409.75	1410.50	1376.00	1320.00	1319.00	1492.75	1703.00	1686.25	1730.25	1425.00	1243.00	1228.75	1459.50	1854.75	1924.25	1965.00	1976.50	1795.25	1525.50	1376.00	1463.00	1578.50	1333.25	904.00	787.25	794.00	788.25	835.25	1076.75	1214.75	1318.50	1355.75	1381.00	1497.50	1448.25	1446.00	1450.00	1499.50	1483.50	1319.00	1164.25	1052.25	937.50	957.75	1043.25	1178.00	1205.75	1089.25	1125.25	991.50	797.75	651.50	350.50	305.25	238.50	206.00	179.75	194.25
459.75	480.75	428.25	396.50	241.75	125.00	111.50	265.25	417.75	448.75	443.00	430.75	404.75	379.75	403.00	410.75	330.25	344.75	434.25	519.25	539.00	547.25	538.75	519.75	515.00	522.50	513.50	481.50	443.50	453.00	493.50	503.25	497.75	472.50	466.75	481.75	490.00	510.00	514.25	536.25	534.00	520.75	508.50	474.25	431.75	381.00	464.50	508.75	422.25	414.75	445.00	474.75	461.25	449.00	481.50	526.50	519.25	504.25	499.75	501.75	508.50	543.50	539.00	488.00	421.25	364.50	347.75	342.00	368.25	407.75	381.00	371.75	387.75	422.75	453.50	515.25	542.75	554.00	540.25	513.75	471.75	423.75	398.50	397.00	361.00	359.50	362.75	382.75	397.00	417.75	433.00	497.50	547.50	606.25	629.25	658.50	716.50	758.75	744.75	742.00	744.75	763.50	768.75	691.50	336.50	235.75	187.00	192.25	198.25	211.50	291.50	483.00	701.50	709.25	720.00	745.75	751.50	769.50	813.50	894.50	702.25	577.25	492.50	523.75	713.75	908.00	826.75	740.00	694.00	662.50	686.50	779.75	773.50	833.50	870.25	975.50	1057.75	1095.50	1053.50	1022.00	974.25	951.00	904.00	964.75	1064.75	1232.50	1295.75	1355.50	1401.25	1232.75	997.75	741.00	753.25	808.00	1120.75	1334.00	1390.25	1394.25	1417.50	1445.00	1482.25	1489.75	1476.00	1442.75	1355.25	1258.00	1100.75	771.25	761.75	770.75	774.50	775.50	809.25	904.50	893.50	1141.75	1428.75	1419.00	1410.75	1396.25	1323.25	1303.50	1316.50	1366.50	1379.25	1564.00	1536.75	1487.00	1496.25	1578.25	1672.50	1553.75	1405.25	1359.75	1366.50	1369.25	1374.50	1368.00	1368.50	1378.25	1359.75	1288.00	1273.50	1385.25	1510.00	1426.25	1521.25	1239.50	1165.00	1268.50	1590.25	1746.25	1605.00	1686.25	1829.50	1702.00	1578.00	1313.00	1330.75	1513.00	1290.50	910.00	767.50	767.25	770.25	842.50	1064.50	1231.00	1458.50	1621.00	1675.25	1686.00	1376.25	1351.25	1294.75	1352.25	1446.50	1413.75	1281.75	1172.00	1003.25	864.50	818.25	968.00	987.00	887.50	893.50	784.25	573.50	436.50	271.75	251.00	218.50	192.75	196.75	215.50
440.00	430.00	406.00	394.50	252.75	126.00	109.00	261.00	374.00	379.00	386.50	398.25	450.75	410.75	389.50	400.75	307.50	345.00	431.50	522.00	543.25	574.00	557.50	515.00	487.75	489.00	520.50	503.75	428.00	441.25	474.00	499.50	507.50	496.75	480.75	477.25	498.75	500.75	517.25	544.75	544.00	530.25	521.50	465.25	406.75	368.50	429.75	474.25	418.75	387.50	405.00	454.25	471.50	477.00	504.50	513.50	510.00	497.25	502.00	491.25	503.50	544.75	549.75	520.75	457.75	418.75	411.50	389.00	335.50	337.25	321.75	321.50	358.75	413.75	447.00	538.25	574.25	571.00	535.75	516.50	491.00	438.75	395.00	386.75	354.00	352.00	354.25	373.75	391.25	420.75	455.00	538.25	602.75	690.75	727.00	769.25	813.25	808.25	788.75	789.00	795.75	812.50	834.50	653.25	247.50	195.25	182.50	190.25	195.50	255.00	366.25	491.75	578.00	606.75	629.75	646.75	669.25	693.00	730.25	803.25	664.00	557.50	489.00	508.25	637.00	722.00	700.75	693.50	701.00	698.00	794.75	924.25	866.50	788.00	802.25	854.75	931.00	990.25	940.75	918.25	889.75	872.50	942.75	1015.50	1094.75	1173.75	1276.75	1364.50	1427.00	1061.00	785.75	705.25	732.75	860.25	1152.00	1384.25	1409.00	1397.75	1425.00	1477.00	1544.50	1551.75	1530.25	1474.75	1391.75	1272.00	1000.00	750.00	750.75	756.00	762.75	777.25	906.75	1103.75	1069.75	1049.00	1365.25	1508.00	1587.00	1584.25	1471.00	1424.50	1427.50	1403.50	1401.25	1698.25	1645.25	1538.00	1529.75	1592.00	1721.25	1732.25	1511.75	1389.50	1381.75	1382.75	1405.25	1432.75	1406.00	1397.00	1387.00	1269.00	1238.25	1233.00	1280.25	1253.00	1321.75	1113.25	1121.00	1318.50	1634.50	1645.00	1397.25	1417.00	1660.75	1506.25	1511.25	1273.00	1244.00	1405.50	1260.25	913.25	741.00	740.00	745.75	832.00	1032.25	1236.00	1504.75	1747.00	1767.00	1748.50	1423.50	1371.25	1185.75	1188.25	1282.00	1373.00	1353.50	1257.00	1146.25	898.50	732.75	756.00	752.25	649.00	611.75	507.25	355.25	280.25	241.75	219.50	194.50	200.75	220.50	233.50
413.75	383.25	346.75	339.75	226.75	124.50	111.50	262.00	321.25	318.00	361.50	405.50	487.50	448.00	383.25	372.50	312.00	358.50	387.50	490.50	539.25	558.50	534.50	495.75	458.25	443.00	488.25	488.50	428.00	433.25	459.50	483.00	496.00	498.00	502.50	484.75	466.75	476.00	500.25	537.50	550.00	547.50	532.75	480.00	392.25	360.25	423.75	466.75	431.25	389.50	376.00	413.00	482.25	514.25	538.00	525.00	516.25	496.00	501.25	500.25	538.75	579.25	559.50	535.50	481.25	471.00	496.75	493.00	409.75	362.00	316.00	304.25	325.00	393.00	437.00	550.75	558.25	554.50	533.50	532.00	516.25	464.50	400.75	374.75	345.75	345.00	346.75	359.75	376.75	407.25	466.00	583.75	642.25	726.25	759.00	798.25	829.75	819.25	805.00	807.00	819.25	857.00	852.75	533.00	202.75	180.50	182.00	185.25	201.25	299.00	389.50	469.25	534.50	574.00	589.00	595.50	618.00	639.00	666.50	705.00	628.25	541.50	479.75	490.25	548.50	592.75	624.00	655.00	686.25	804.75	960.25	1060.25	992.00	873.75	840.25	811.00	818.50	885.25	882.50	868.75	870.75	888.50	971.50	1033.00	1092.25	1154.75	1294.00	1435.00	1485.50	908.00	669.25	672.00	775.25	1043.50	1401.25	1521.00	1442.00	1415.25	1430.50	1502.25	1612.00	1622.25	1578.50	1504.25	1409.00	1198.50	870.50	742.00	741.75	747.00	753.50	836.25	1088.25	1306.75	1320.75	1084.50	1207.00	1367.25	1601.50	1647.25	1634.50	1618.75	1571.00	1459.50	1455.00	1786.25	1687.00	1584.00	1562.00	1626.25	1733.50	1667.25	1499.75	1410.75	1394.75	1397.25	1539.25	1612.25	1489.00	1441.00	1485.00	1307.50	1228.00	1183.00	1160.25	1152.75	1149.50	1059.25	1065.50	1222.50	1449.00	1546.75	1385.50	1328.50	1558.50	1436.25	1377.75	1207.75	1205.50	1381.00	1276.50	938.25	720.50	720.25	720.00	795.75	1018.00	1315.25	1583.50	1629.50	1484.75	1494.25	1447.75	1506.00	1208.25	1073.75	1086.50	1167.25	1246.25	1176.75	1190.75	927.25	712.25	543.75	528.00	433.50	387.00	302.75	229.50	231.25	210.00	194.50	198.00	225.50	247.00	267.50
407.75	377.75	280.25	231.00	179.75	118.00	124.50	259.25	295.00	313.00	401.00	437.00	483.25	448.00	366.50	323.00	325.00	396.25	374.75	443.50	505.00	521.50	511.50	470.25	436.00	417.25	441.25	447.25	432.00	435.00	470.75	485.00	489.75	488.25	497.50	494.75	441.75	454.75	493.00	514.75	531.75	553.25	541.75	496.50	421.50	380.75	388.00	468.50	417.50	400.00	361.00	376.00	471.00	527.25	539.75	536.50	525.75	488.00	484.50	512.00	566.00	595.00	566.00	537.25	498.75	499.75	538.75	570.50	550.50	486.25	366.00	306.00	307.50	353.75	400.25	517.00	521.00	533.75	552.00	559.50	542.75	498.50	422.25	370.75	345.00	345.00	356.50	360.00	375.00	405.75	475.25	632.50	683.25	738.25	764.75	793.00	812.25	817.75	814.00	815.25	829.75	867.50	825.25	452.25	183.00	170.00	175.00	177.75	213.00	292.75	348.00	469.75	554.50	593.50	603.25	608.25	620.75	630.00	629.75	628.25	586.25	519.25	468.00	476.50	508.75	559.50	600.75	648.50	690.75	936.00	1060.00	1117.25	1052.50	984.25	953.75	883.25	824.50	837.00	846.25	857.25	895.50	930.50	999.75	1045.75	1098.25	1163.25	1301.75	1449.00	1434.00	760.00	604.75	674.75	855.00	1200.25	1603.00	1586.25	1479.75	1449.75	1453.75	1544.50	1657.00	1666.50	1615.25	1527.75	1370.50	1081.50	782.00	739.25	736.75	741.75	743.25	933.75	1239.25	1369.25	1438.50	1298.25	1172.75	1226.50	1522.75	1647.75	1721.25	1714.50	1628.00	1517.25	1533.75	1784.00	1658.50	1601.00	1577.50	1644.50	1637.00	1525.25	1453.75	1426.50	1410.25	1419.00	1626.50	1708.25	1587.75	1538.75	1632.50	1373.00	1222.75	1163.25	1147.75	1120.50	1079.25	1037.00	1022.00	1057.75	1148.25	1284.25	1326.50	1273.75	1458.00	1467.00	1348.25	1142.50	1152.25	1321.00	1284.50	945.00	703.00	701.50	693.25	756.00	991.00	1284.00	1492.75	1466.25	1274.00	1215.50	1283.75	1433.00	1313.00	1124.75	983.25	952.75	1042.25	954.75	1022.75	822.00	606.00	381.75	361.75	309.50	272.00	217.00	191.50	204.00	197.00	198.50	218.75	251.00	294.25	380.25
382.75	369.00	237.00	163.75	146.75	112.25	143.75	255.75	317.75	354.25	446.50	462.50	473.75	438.00	348.00	281.50	328.25	438.25	422.00	441.00	467.75	476.75	491.00	451.25	417.00	404.50	418.25	416.50	444.75	461.00	487.50	504.25	492.50	485.25	498.50	488.50	450.00	437.75	467.75	477.50	489.75	535.75	545.75	497.00	438.75	413.25	336.00	417.75	370.75	371.00	335.25	351.50	454.50	514.50	522.00	521.00	517.50	472.75	453.50	497.50	560.75	571.25	545.75	521.50	500.75	524.50	555.50	612.00	646.00	607.75	445.00	312.50	305.25	338.00	391.75	466.25	509.50	546.75	561.00	582.50	564.75	533.00	457.25	393.50	345.00	345.50	368.00	363.25	383.25	423.75	498.25	653.25	701.25	749.25	775.25	799.00	811.00	818.25	818.50	820.25	829.25	838.25	773.25	414.00	170.50	164.75	167.25	176.50	214.00	246.75	294.00	522.25	620.75	666.50	685.50	693.25	694.25	672.25	640.25	608.00	541.00	495.00	462.75	475.25	535.25	625.25	653.00	695.75	728.00	974.00	1046.75	1083.75	1036.00	1067.25	1052.00	963.50	907.50	896.75	874.50	904.50	937.25	965.25	1025.25	1059.25	1103.00	1167.75	1309.75	1423.25	1362.75	654.75	581.00	738.00	975.00	1337.75	1642.25	1581.25	1499.75	1469.75	1472.50	1577.25	1670.50	1677.50	1615.25	1501.50	1278.75	964.75	743.50	731.50	727.50	738.00	737.50	961.00	1216.25	1317.00	1463.00	1552.00	1309.75	1227.00	1430.50	1582.25	1721.25	1742.75	1640.75	1573.25	1709.75	1782.50	1632.25	1606.00	1607.25	1639.00	1544.00	1489.00	1464.50	1448.75	1433.25	1448.50	1560.25	1619.50	1731.75	1734.25	1615.25	1311.00	1197.50	1157.50	1162.25	1127.25	1078.75	1035.00	1004.00	979.75	981.25	1026.50	1120.25	1159.50	1301.25	1382.75	1415.50	1149.00	1089.25	1132.25	1176.50	956.25	677.00	675.50	667.25	714.50	927.50	1140.00	1349.75	1440.50	1256.25	1101.00	1064.75	1192.25	1207.75	1142.00	953.50	809.25	821.00	706.25	747.75	594.00	432.25	286.50	266.75	256.25	233.50	199.00	189.25	206.75	217.25	228.50	254.00	284.75	370.50	537.50
291.75	293.25	189.00	151.75	114.50	131.75	172.00	279.25	365.50	389.00	453.00	461.00	450.50	419.75	345.75	271.00	312.00	454.75	470.75	463.00	451.25	434.50	450.50	434.75	393.50	393.50	408.00	410.25	471.75	491.75	494.00	512.50	510.75	498.50	524.75	529.75	501.50	451.50	441.00	457.00	454.00	497.25	532.50	495.25	446.50	433.00	340.75	341.50	330.75	333.75	314.25	337.50	441.25	510.50	507.25	499.00	493.75	445.25	438.00	488.00	546.25	548.25	531.75	506.25	500.00	548.75	583.25	628.50	674.75	668.00	499.50	322.50	312.25	367.25	422.50	426.75	472.50	530.50	550.50	588.50	572.00	532.50	482.25	423.75	353.75	360.00	374.50	367.25	403.25	442.50	519.00	639.75	698.25	766.50	793.25	820.50	826.50	824.75	819.75	830.75	844.00	818.75	667.50	353.25	167.25	161.50	162.75	176.25	203.25	205.75	271.75	584.00	704.00	764.00	793.00	801.00	789.75	743.00	686.50	630.25	519.75	480.75	460.00	484.00	613.00	757.75	758.25	762.25	795.50	935.00	980.75	1018.25	1003.25	1091.50	1111.50	1036.25	992.25	1001.25	970.75	989.25	999.75	1000.00	1047.75	1080.25	1115.25	1185.50	1316.50	1387.75	1244.00	607.00	584.00	845.25	1110.75	1472.25	1488.25	1507.25	1528.00	1464.50	1417.75	1534.50	1635.00	1627.00	1533.50	1391.25	1173.25	864.75	715.75	719.50	717.25	725.75	750.50	985.50	1181.75	1355.25	1538.00	1680.50	1456.00	1282.50	1408.00	1577.25	1734.00	1791.75	1675.75	1647.50	1887.00	1825.25	1687.00	1700.00	1699.25	1605.25	1524.25	1496.50	1480.50	1471.75	1463.50	1507.25	1575.25	1640.25	1873.25	1849.25	1499.50	1220.00	1185.50	1251.25	1308.00	1153.50	1098.50	1128.25	1003.75	972.50	960.25	933.25	936.50	981.00	1053.50	1119.25	1251.25	1155.50	1084.50	1002.50	1037.50	965.75	649.25	647.00	643.75	672.00	840.50	1067.25	1343.75	1491.00	1275.75	1063.75	898.00	989.50	941.25	888.25	825.00	678.50	574.75	483.00	472.50	367.75	301.50	246.50	231.50	227.00	210.50	197.50	205.50	242.00	277.25	291.25	342.25	374.25	491.50	615.00
202.50	170.00	148.00	88.00	116.00	171.50	199.50	287.00	368.50	390.00	406.50	402.50	384.50	385.50	347.50	267.50	300.50	432.00	455.00	426.50	394.50	393.00	402.00	435.00	383.00	369.00	396.50	441.50	488.50	498.00	495.50	507.00	544.00	526.00	536.00	568.50	572.00	528.50	482.50	462.50	448.50	444.50	449.50	463.50	454.00	449.00	426.50	364.50	282.00	303.50	312.00	354.50	409.00	473.50	461.50	431.00	440.00	406.50	451.50	514.50	539.00	519.50	517.50	498.00	513.00	588.50	678.50	667.50	629.00	646.00	528.50	370.50	333.00	417.50	454.00	418.00	416.00	448.00	549.50	594.50	545.50	459.50	442.00	414.50	389.50	383.50	356.50	363.50	424.50	482.50	512.50	624.00	707.00	794.00	809.50	848.00	849.00	839.50	834.00	857.50	897.50	833.00	483.00	282.50	168.00	160.50	163.50	174.50	187.50	200.00	322.00	656.00	787.50	830.50	865.00	875.00	862.50	813.50	745.00	676.00	500.50	463.50	456.50	514.50	771.00	934.50	974.50	960.00	885.50	933.00	978.50	1024.00	1033.00	1104.00	1197.00	1175.50	1110.50	1118.50	1140.50	1110.00	1099.50	1086.50	1085.00	1124.00	1173.50	1250.00	1317.50	1283.50	994.00	576.50	603.00	1005.00	1242.00	1252.00	1261.00	1516.50	1556.00	1335.50	1367.50	1465.50	1405.00	1481.50	1386.50	1260.00	1094.50	765.00	687.50	700.00	701.00	705.00	786.00	1008.50	1177.50	1332.50	1425.50	1634.00	1634.50	1410.00	1357.00	1500.00	1719.50	1863.00	1738.00	1705.00	1783.00	1973.00	1933.50	1791.00	1599.00	1527.50	1521.00	1514.00	1504.00	1502.00	1614.50	1864.00	2002.50	2018.00	1871.00	1743.00	1455.00	1234.00	1306.00	1745.00	1503.50	1165.00	1284.50	1248.00	1081.00	1081.00	956.50	914.50	870.50	848.00	809.50	793.00	773.00	798.50	865.00	874.00	904.50	982.50	609.50	606.00	603.50	616.00	767.00	1039.50	1311.50	1374.00	1202.50	1109.50	800.00	612.00	617.50	523.00	459.00	363.00	299.00	274.00	267.50	244.50	233.00	215.50	210.50	209.00	219.00	212.00	245.50	315.00	472.50	466.00	566.00	539.50	592.00	657.00
193.50	159.25	134.25	78.25	116.00	180.25	206.75	288.00	353.00	386.00	386.50	387.00	383.75	382.00	340.00	262.25	296.50	419.25	438.75	417.00	397.25	388.00	388.75	428.25	381.25	366.25	402.25	444.75	486.50	498.25	496.00	512.25	543.75	526.00	530.25	557.75	565.50	531.50	503.50	487.50	481.75	455.50	438.00	455.25	464.75	449.25	431.25	382.00	295.25	289.00	313.75	364.25	421.25	469.75	433.25	392.75	403.50	405.75	440.00	514.75	558.00	517.25	498.00	488.50	512.25	592.25	687.75	676.50	600.25	609.50	525.00	380.00	332.00	422.00	460.00	421.75	414.75	434.00	524.75	571.50	530.25	454.75	436.50	410.25	397.75	385.75	348.00	352.50	399.75	466.75	520.50	629.50	709.50	782.75	805.25	851.00	854.50	843.50	839.75	860.00	896.50	855.25	483.00	276.00	168.00	160.25	163.75	174.50	191.50	215.25	327.25	649.75	769.00	833.25	909.00	915.00	896.25	839.50	761.50	677.25	485.50	457.75	457.75	537.00	806.75	971.00	1035.25	1037.25	950.25	965.50	1014.50	1039.75	1047.25	1110.00	1210.75	1211.50	1152.00	1144.50	1158.75	1139.00	1127.00	1115.25	1094.00	1137.50	1192.75	1261.25	1306.25	1204.25	907.25	572.50	616.25	951.75	1109.25	1150.00	1331.75	1550.00	1501.25	1262.00	1330.75	1378.00	1370.00	1495.75	1372.50	1292.75	1082.25	715.25	678.00	692.25	696.00	702.00	834.00	1037.75	1134.25	1261.00	1347.50	1533.00	1744.50	1586.00	1421.25	1462.50	1614.25	1820.25	1827.75	1780.50	1786.50	1812.50	1766.25	1635.25	1534.25	1501.50	1514.75	1520.50	1514.00	1511.00	1599.00	1712.75	1865.00	1888.25	1751.50	1616.75	1405.50	1253.50	1332.50	1662.25	1417.50	1179.00	1339.00	1366.00	1258.25	1167.50	975.50	935.50	873.75	848.00	807.25	788.25	755.25	755.50	776.00	802.00	883.50	1010.50	594.00	586.75	583.00	602.25	775.50	1062.25	1292.00	1288.75	1100.00	952.50	709.50	547.25	503.25	434.50	377.00	316.00	276.50	265.50	257.25	238.50	229.00	218.00	216.25	218.00	233.00	233.25	303.75	423.50	517.00	516.25	644.75	609.00	595.00	643.50
196.25	140.50	104.75	65.00	113.25	203.75	241.50	301.25	331.25	376.50	350.25	344.50	357.50	357.25	320.00	256.00	281.75	375.75	406.00	425.25	432.00	381.00	356.50	402.00	382.00	362.75	412.75	453.00	491.50	504.25	504.00	532.25	549.00	521.50	517.00	547.50	567.50	537.75	525.75	514.00	523.25	502.00	459.25	434.50	463.75	458.00	433.00	399.50	328.25	264.00	297.75	359.25	424.25	461.75	401.25	358.50	359.75	409.25	424.00	506.00	569.50	516.50	471.25	459.25	508.00	595.50	689.75	676.75	571.50	555.25	499.75	369.00	327.50	419.00	471.50	440.25	427.00	412.25	459.00	523.00	509.25	458.25	435.25	414.75	400.50	380.75	336.25	339.25	363.00	425.00	514.00	643.75	710.25	764.00	794.75	855.50	865.00	846.25	846.00	863.00	887.75	862.00	456.75	260.50	167.75	160.00	164.50	174.75	202.00	246.25	330.50	619.00	725.25	840.00	934.50	952.25	959.25	906.25	810.75	664.00	461.00	446.25	466.50	610.25	898.75	1041.75	1114.50	1147.50	1080.75	1026.25	1066.00	1070.00	1075.50	1126.25	1212.25	1256.00	1224.50	1195.00	1192.75	1184.00	1173.25	1163.75	1115.75	1156.00	1190.25	1237.00	1257.00	1032.75	722.75	566.00	650.50	905.75	1018.25	1145.00	1452.75	1498.75	1429.50	1183.25	1187.50	1225.00	1352.00	1398.75	1317.50	1370.75	1018.50	658.00	664.00	678.00	686.75	727.75	953.75	1171.00	1228.75	1300.00	1318.25	1463.25	1880.50	1853.25	1674.25	1569.00	1612.75	1809.00	1995.75	1924.25	1706.50	1584.00	1536.00	1452.75	1452.00	1469.75	1511.50	1538.00	1540.75	1529.00	1540.00	1477.25	1542.00	1572.75	1568.25	1489.00	1346.25	1297.25	1446.25	1510.50	1328.00	1358.50	1604.50	1567.00	1419.50	1204.00	1017.50	1027.00	950.50	1000.25	851.00	796.00	737.25	702.75	677.50	686.75	779.50	962.25	570.75	547.50	547.75	578.50	776.25	1034.00	1162.50	1043.75	861.00	692.00	532.75	421.50	345.75	310.50	272.75	253.50	244.25	246.25	241.00	229.50	223.00	231.25	231.50	237.75	266.50	335.75	495.25	652.75	620.00	601.75	793.75	786.25	683.50	636.00
208.25	132.50	78.50	61.00	111.50	230.50	287.00	323.25	326.25	361.75	323.75	298.75	321.50	340.25	319.00	260.75	256.25	324.25	382.00	452.00	479.00	390.25	316.75	356.25	379.25	354.50	407.50	457.75	501.25	507.00	512.50	547.00	555.75	510.75	504.25	539.75	574.75	542.75	527.25	526.75	543.25	551.00	521.75	451.25	422.75	427.50	429.25	406.00	345.75	268.00	273.75	300.00	383.75	424.50	368.50	383.75	367.75	400.75	408.25	481.50	545.00	516.00	474.50	434.50	496.50	594.00	685.50	677.25	591.00	540.75	468.50	339.25	319.00	399.50	470.75	463.50	453.25	408.75	412.25	479.25	488.25	455.00	437.50	412.50	387.25	370.75	331.00	336.75	350.00	391.00	504.50	650.75	704.75	753.00	783.25	855.25	870.00	838.25	842.25	855.50	856.75	790.75	401.75	247.25	167.75	160.00	167.25	175.75	211.50	258.75	324.50	533.00	661.25	825.75	885.75	933.75	1002.75	984.00	851.50	616.25	445.25	437.50	490.00	711.50	983.50	1080.75	1122.75	1177.50	1178.25	1101.25	1096.25	1100.25	1111.50	1149.25	1200.25	1260.25	1272.75	1242.50	1227.00	1218.50	1209.75	1200.00	1148.50	1163.00	1121.00	1147.50	1134.25	824.50	578.00	572.50	721.00	1060.25	1191.75	1305.50	1397.75	1344.00	1404.25	1155.00	1064.00	1180.25	1270.50	1234.50	1301.25	1410.75	924.50	646.00	652.00	662.25	674.25	778.25	1013.25	1226.00	1346.25	1425.00	1481.25	1650.00	1867.00	1874.75	1767.75	1695.25	1760.00	1917.00	2037.00	1891.50	1655.50	1600.75	1511.00	1411.75	1418.00	1478.50	1580.25	1591.50	1574.50	1556.00	1559.25	1385.50	1316.25	1300.75	1359.50	1504.25	1427.25	1471.00	1646.00	1444.75	1386.25	1572.00	1811.00	1740.00	1357.50	1133.00	1143.00	1237.00	1092.25	1307.50	1132.25	1065.00	843.75	707.25	652.50	626.50	647.00	773.75	533.25	506.00	509.50	533.25	677.00	837.25	891.00	757.00	617.50	510.50	393.00	325.50	289.75	267.00	246.00	239.75	235.25	237.50	241.00	230.00	226.50	253.25	258.25	277.75	344.75	503.25	713.00	855.00	747.25	663.00	845.25	963.75	893.00	740.50
226.00	136.50	64.75	62.00	111.75	239.75	303.25	329.50	328.75	340.25	317.50	280.25	313.50	357.25	351.00	274.50	231.50	294.50	373.75	472.25	494.75	397.00	278.50	317.25	358.25	351.75	402.00	456.75	498.00	505.75	510.75	543.75	552.00	505.00	498.00	518.75	546.50	541.00	526.50	542.75	546.25	549.50	547.75	509.25	432.50	411.00	397.50	392.50	339.00	281.75	275.25	269.75	309.00	346.50	309.00	387.00	402.50	371.75	382.25	439.00	515.00	516.25	481.00	421.50	486.75	588.00	677.75	682.50	627.00	558.75	463.00	342.50	309.75	361.00	426.50	474.00	462.00	408.00	411.75	473.00	476.75	433.25	414.75	390.75	387.00	373.25	329.25	337.25	346.75	386.25	522.75	662.25	708.50	747.25	774.00	835.75	848.25	815.75	827.50	832.75	800.75	701.25	380.50	250.75	168.00	160.25	176.75	179.00	220.00	244.75	285.75	405.50	603.50	796.50	848.25	918.75	989.75	1002.25	816.00	558.75	440.25	433.75	516.25	772.75	950.00	1038.75	1104.00	1177.00	1222.50	1171.75	1134.25	1129.25	1147.75	1172.25	1203.75	1253.50	1288.50	1278.25	1260.25	1252.25	1244.25	1232.25	1174.50	1169.75	1077.50	976.75	931.50	635.50	511.00	609.75	787.25	1095.50	1231.50	1300.00	1228.75	1274.50	1307.50	1065.75	1049.00	1158.25	1148.00	1215.75	1389.00	1348.50	864.75	635.25	637.50	636.75	653.75	850.75	1016.00	1155.25	1294.25	1446.50	1609.25	1704.00	1699.50	1629.25	1567.75	1592.25	1700.75	1911.75	1859.00	1650.00	1582.75	1754.25	1626.00	1393.25	1393.00	1496.50	1669.75	1683.00	1601.75	1588.25	1660.25	1477.75	1329.75	1206.75	1186.25	1352.50	1358.00	1548.25	1646.00	1422.75	1385.75	1472.75	1668.75	1804.50	1398.75	1243.75	1422.00	1445.50	1395.25	1583.75	1425.75	1341.75	1083.00	875.75	655.50	591.25	574.25	574.00	463.25	459.75	460.00	452.50	499.50	577.75	611.50	529.00	435.25	379.75	310.50	278.25	263.25	252.25	243.25	246.50	241.00	248.50	260.25	251.00	262.75	301.00	356.00	391.75	447.50	630.50	856.75	1015.00	935.50	754.00	805.25	980.75	1041.00	946.75
274.75	140.50	55.50	72.25	129.75	213.00	265.50	308.00	319.00	309.25	324.25	288.75	303.75	360.50	376.00	275.75	204.25	295.00	367.75	469.50	483.00	390.00	229.50	274.50	317.25	376.50	419.25	456.00	493.00	509.00	514.00	531.00	540.75	502.50	494.00	505.00	504.50	531.00	532.25	543.00	535.00	531.50	545.50	545.25	488.25	431.00	396.25	366.00	312.25	280.25	287.75	317.00	303.25	267.75	252.75	329.50	396.75	343.50	365.50	407.25	492.25	508.25	462.75	407.00	485.00	573.00	641.75	650.75	632.50	591.25	482.25	362.50	305.50	319.50	353.00	456.75	448.00	411.25	417.50	456.50	450.75	421.50	394.75	373.25	391.25	375.75	326.75	334.00	350.00	403.25	537.25	657.75	714.00	755.50	771.00	805.25	805.75	786.25	799.00	792.25	733.50	653.50	420.00	256.75	165.00	163.75	194.00	190.75	225.25	229.75	241.00	333.25	573.50	771.00	823.25	897.50	955.00	947.75	707.75	513.25	445.00	431.75	517.50	756.75	906.50	1047.50	1136.00	1217.50	1258.25	1215.25	1173.25	1157.00	1173.00	1191.00	1210.75	1248.25	1281.00	1295.75	1291.50	1283.00	1279.25	1256.00	1166.00	1142.25	1094.00	905.75	739.75	529.75	486.50	701.75	889.50	1042.00	1158.75	1162.75	1148.75	1236.25	1158.00	979.75	1014.75	1064.50	1195.25	1339.75	1487.75	1311.75	834.25	622.50	624.50	614.75	632.75	927.75	1085.00	1167.50	1246.50	1416.75	1629.75	1494.75	1454.00	1380.00	1406.00	1470.75	1629.00	1825.75	1617.00	1454.50	1459.00	1821.00	1717.50	1380.00	1377.75	1439.00	1554.00	1613.25	1601.50	1606.50	1696.50	1564.25	1289.00	1184.75	1150.75	1151.00	1137.50	1302.75	1412.50	1430.25	1373.50	1280.00	1423.00	1681.75	1473.50	1335.00	1450.00	1538.00	1693.25	1680.75	1333.50	1237.25	1132.50	1019.75	715.25	553.00	506.50	464.00	410.00	417.50	407.50	382.75	382.50	403.50	429.25	369.75	324.00	302.75	271.00	259.00	247.75	249.75	254.25	260.75	280.50	316.25	329.50	346.75	385.50	453.75	570.50	566.50	515.75	687.75	916.00	1079.50	1129.25	915.50	803.50	893.75	1023.75	1064.25
198.50	70.50	46.00	112.00	177.00	303.00	342.00	263.00	244.00	249.00	343.00	347.50	277.00	289.50	332.00	267.50	173.50	282.50	348.00	431.00	443.00	348.00	150.50	140.00	223.00	413.00	466.50	470.00	469.00	487.00	520.00	509.50	531.50	502.50	485.00	493.00	483.00	492.00	518.50	552.50	546.50	532.50	516.00	537.50	511.50	461.00	477.50	442.50	339.50	292.50	325.00	361.00	393.50	278.00	189.50	193.00	272.50	278.00	367.00	401.00	444.00	473.50	424.50	399.50	497.50	550.00	589.50	615.00	651.50	628.00	517.50	367.50	308.00	304.00	316.50	407.00	398.50	418.00	453.00	428.50	348.50	350.00	374.50	366.50	389.00	354.00	314.00	341.00	391.50	458.50	549.00	587.50	655.50	735.00	755.00	777.50	771.50	754.50	752.00	725.00	634.00	561.00	377.00	208.00	160.50	185.00	224.50	195.50	219.50	226.00	228.50	338.50	601.00	716.00	770.50	848.00	934.00	831.50	546.00	473.50	447.00	424.50	480.50	736.00	931.50	1032.50	1173.50	1290.50	1319.50	1282.00	1240.50	1200.50	1203.50	1214.00	1225.50	1249.00	1271.50	1311.00	1314.50	1300.00	1277.50	1309.00	1174.50	1030.50	1046.50	1012.00	633.00	471.00	484.50	884.50	1062.00	1119.00	1065.50	968.50	1088.00	1073.50	962.00	897.00	914.00	1040.50	1248.50	1375.50	1456.50	1282.00	795.00	585.00	594.50	573.00	572.50	852.00	1112.50	1380.00	1474.50	1519.00	1564.00	1273.00	1207.50	1242.00	1403.50	1641.00	1917.50	1776.50	1426.00	1348.00	1489.50	1775.00	1498.50	1315.50	1334.00	1395.00	1491.00	1720.50	1648.50	1528.00	1476.50	1324.50	1228.00	1212.50	1196.00	1198.00	1073.50	1006.50	1062.00	1242.00	1280.00	1148.50	1169.50	1421.00	1314.50	1222.50	1397.50	1608.50	1611.00	1491.00	1344.00	1301.50	1062.50	816.00	644.00	468.50	403.00	401.00	407.00	380.00	362.50	344.50	322.50	306.50	307.00	291.00	274.50	267.00	256.50	257.00	284.00	286.50	318.50	372.00	491.50	545.00	587.00	594.00	708.00	729.00	835.00	784.50	610.50	679.50	857.00	981.00	1224.00	1327.00	1127.50	945.00	963.50	1056.50
144.25	57.50	53.25	119.50	191.50	326.50	359.50	315.50	271.00	230.50	292.00	339.00	282.50	271.50	302.75	266.25	170.00	243.25	339.00	393.75	419.25	322.25	143.25	122.75	178.50	370.25	443.25	461.25	465.75	469.75	518.25	509.00	521.75	501.50	485.25	497.25	484.25	493.00	515.00	538.75	532.00	516.00	514.25	545.25	529.00	464.00	488.50	461.25	372.25	299.00	333.75	367.50	379.75	279.25	184.25	177.50	218.50	222.00	303.50	395.75	450.25	458.50	432.00	400.00	508.25	561.25	569.50	605.25	644.25	615.50	504.25	368.00	312.50	308.25	320.25	407.50	391.75	406.00	451.00	428.50	362.75	354.75	358.25	353.75	373.75	330.25	328.50	363.75	422.50	486.25	558.50	595.25	613.00	705.25	734.50	768.25	764.00	745.75	745.75	707.50	589.75	493.75	303.75	186.25	166.00	202.25	234.50	198.75	219.50	239.75	246.25	355.50	612.00	723.00	762.25	823.00	887.75	780.50	529.50	474.75	442.50	423.75	476.25	712.50	907.75	1012.00	1146.00	1262.25	1304.50	1266.75	1228.50	1201.25	1206.75	1221.75	1232.25	1254.75	1283.25	1327.25	1310.50	1280.00	1221.75	1261.50	1199.75	1052.50	1018.25	956.75	604.25	462.75	488.75	910.00	1047.25	1083.50	1038.25	933.50	1027.00	974.50	896.00	873.75	913.75	1020.50	1219.50	1352.75	1425.75	1247.00	806.00	572.75	581.00	561.75	556.00	797.00	1104.00	1362.25	1505.75	1568.00	1490.50	1223.50	1180.00	1214.25	1397.75	1600.25	1887.00	1744.25	1407.00	1321.75	1466.25	1731.00	1407.50	1300.00	1316.75	1507.00	1719.25	1848.50	1680.00	1492.50	1435.50	1353.25	1379.75	1367.00	1408.50	1286.50	1051.00	995.75	1010.50	1106.75	1129.00	1067.75	1103.00	1299.75	1242.00	1192.75	1367.75	1520.50	1531.75	1416.25	1271.25	1203.50	971.00	729.50	557.50	431.25	392.50	397.75	404.50	381.75	367.50	350.00	329.50	308.00	305.50	290.75	274.50	266.50	262.75	276.00	331.25	352.50	411.50	500.25	623.00	633.25	678.75	723.75	803.00	762.00	873.50	825.75	686.75	677.00	825.75	947.00	1174.25	1296.00	1240.00	1037.00	981.50	1056.25
52.50	49.00	91.00	163.00	267.00	371.50	375.00	372.50	363.00	363.00	338.00	250.50	264.50	257.00	245.00	260.00	176.50	173.50	280.50	297.50	345.50	327.00	149.50	106.00	97.50	141.00	255.00	344.00	459.00	455.00	486.00	509.50	485.50	486.00	481.00	497.50	482.50	507.50	500.50	499.00	497.00	504.50	541.50	547.00	541.50	491.50	480.50	500.00	395.50	355.00	405.50	345.50	326.50	267.00	202.00	154.00	148.00	141.50	159.50	265.50	431.50	434.50	435.50	405.50	505.00	560.50	558.50	533.50	569.50	582.50	474.00	328.00	323.50	303.50	309.00	401.50	380.00	378.50	437.50	415.50	397.00	367.00	360.00	333.00	317.00	299.00	368.50	442.50	509.50	568.50	588.00	618.50	563.00	623.50	662.50	709.00	715.50	708.00	722.00	611.50	414.00	302.50	180.00	166.00	230.00	266.00	265.00	213.50	213.00	268.00	318.00	395.50	545.50	687.50	733.50	741.00	735.50	641.00	507.00	473.00	429.00	420.00	484.00	655.00	856.50	955.00	1021.00	1128.00	1193.50	1178.00	1164.50	1183.50	1205.00	1238.00	1247.50	1279.50	1330.50	1383.00	1328.50	1299.00	1147.00	1067.50	1136.50	1040.00	934.00	851.00	548.50	446.00	492.50	877.50	960.00	1001.50	978.00	838.00	784.00	752.00	795.50	865.50	1033.00	1117.50	1190.00	1187.00	1106.00	920.50	662.00	533.50	541.00	537.00	530.50	689.00	933.50	1118.00	1319.50	1426.00	1265.50	1069.50	1121.00	1350.50	1622.50	1744.50	1741.50	1587.50	1321.50	1243.50	1417.00	1653.50	1289.00	1260.50	1281.50	1693.00	1967.00	1944.00	1836.00	1508.00	1416.00	1504.50	1350.00	1399.50	1380.50	1470.50	1137.50	968.00	956.50	923.00	918.50	881.50	877.50	910.00	969.50	1052.00	1144.00	1175.00	1192.00	1144.00	938.50	837.00	621.00	433.50	388.50	382.50	382.00	383.50	387.00	392.00	394.00	359.00	338.50	310.00	301.00	280.00	271.50	279.00	318.50	379.50	532.50	613.00	695.50	853.50	1112.50	1109.00	1098.00	1268.00	1059.50	970.00	993.50	927.50	856.00	745.00	753.50	861.50	1002.50	1090.50	1206.00	1257.00	1169.50	1123.00
32.50	69.00	132.50	219.50	294.50	365.50	376.50	367.50	375.50	356.50	353.00	346.00	241.50	204.50	178.00	198.00	179.50	177.50	212.50	325.00	354.50	251.00	148.00	111.00	94.50	88.50	93.00	145.00	436.00	480.50	429.50	476.00	470.50	472.50	466.50	480.00	491.50	503.00	501.50	490.00	473.50	504.00	551.00	558.50	533.50	477.00	448.50	455.00	414.00	420.00	470.50	439.50	347.00	339.50	309.00	193.00	182.00	137.00	150.50	218.50	334.00	395.50	386.00	389.50	495.00	530.00	552.50	511.50	515.50	529.00	446.00	305.50	300.00	304.00	321.00	365.00	347.00	343.50	368.50	378.50	372.00	357.00	371.50	328.00	292.00	291.50	405.50	485.50	547.50	600.50	643.00	584.00	560.00	591.50	626.50	626.50	627.50	651.00	623.50	491.00	317.50	245.00	162.50	202.00	244.00	263.50	267.50	218.50	215.00	303.50	365.50	398.50	445.00	556.00	604.50	679.00	661.00	568.50	485.50	463.00	423.50	441.00	501.50	629.00	788.00	891.00	976.50	1035.00	1102.00	1108.00	1114.50	1156.50	1187.00	1219.50	1236.00	1288.50	1375.00	1412.00	1374.00	1367.50	1212.00	1046.00	1006.50	994.00	894.50	812.00	521.50	413.50	453.50	775.50	916.00	964.50	892.50	772.00	614.00	722.00	867.00	960.50	1147.00	1230.50	1122.00	845.00	632.50	536.50	489.00	498.00	515.50	518.00	519.50	582.50	713.50	858.50	999.00	1113.50	1111.00	990.00	1235.00	1518.00	1562.50	1577.50	1432.50	1391.50	1204.00	1223.50	1504.50	1599.00	1264.50	1229.00	1254.50	1498.50	1622.00	1593.00	1649.00	1492.00	1353.00	1536.00	1511.50	1357.00	1175.00	1111.00	1033.00	956.00	948.50	923.50	916.00	884.00	866.00	841.00	834.00	830.50	842.50	862.00	887.00	851.50	726.00	617.50	429.00	393.50	387.50	382.00	382.00	382.00	399.00	463.00	469.50	377.50	318.50	298.00	295.50	279.50	299.50	338.50	439.50	548.00	717.00	751.00	796.50	889.00	1124.50	1313.00	1427.00	1529.00	1381.50	1200.00	1070.00	996.00	920.00	789.50	738.50	818.50	919.00	1002.50	1065.00	1153.50	1212.50	1286.00
49.50	115.50	215.00	280.00	324.50	359.50	355.00	353.50	354.00	345.50	333.00	340.00	300.00	333.50	330.00	240.00	164.00	125.00	184.00	243.00	305.50	169.50	176.00	226.50	159.00	103.50	80.00	77.00	246.00	424.00	440.00	422.00	430.00	441.50	466.00	465.50	473.00	486.50	480.00	480.50	463.00	514.00	536.00	545.50	545.00	514.00	435.00	439.50	424.50	428.00	484.50	494.00	432.00	385.50	406.00	308.50	264.50	151.00	131.00	205.00	329.50	354.50	308.00	347.00	467.00	535.00	564.50	523.50	485.00	488.50	414.00	322.50	307.50	301.50	308.00	359.00	296.00	287.50	292.50	338.50	357.50	386.50	374.50	318.50	267.00	290.50	456.00	536.00	572.00	611.50	676.00	643.50	559.50	537.50	602.00	581.00	547.50	531.50	504.50	447.00	326.50	218.50	169.00	236.00	230.50	229.50	231.00	209.50	204.50	240.00	310.00	362.00	384.00	464.00	522.00	565.00	570.00	530.00	477.50	455.50	435.50	465.50	525.00	652.50	796.50	878.00	927.50	980.50	1049.50	1050.50	1058.00	1101.00	1127.00	1158.00	1200.50	1296.50	1381.00	1416.00	1389.50	1361.00	1221.00	1074.00	879.50	863.50	824.00	686.50	452.00	353.00	407.50	746.50	740.00	741.00	687.50	551.50	626.50	814.00	946.50	1029.50	1140.50	1036.50	610.50	471.50	430.00	443.00	469.00	487.50	496.00	501.50	502.00	568.00	620.50	681.00	741.50	819.00	875.50	927.00	1143.00	1263.00	1316.50	1230.00	1108.50	1078.00	1069.00	1177.00	1390.50	1380.00	1214.50	1187.50	1198.50	1251.00	1255.50	1262.50	1340.00	1485.00	1310.00	1378.50	1568.50	1497.00	1311.00	1019.00	986.50	963.50	950.50	930.50	914.50	888.00	861.00	838.50	816.00	778.00	743.00	685.50	649.00	630.50	545.50	445.50	385.00	382.00	382.50	382.00	386.00	428.00	556.00	628.50	631.00	476.50	347.50	330.50	346.00	453.50	507.00	562.50	653.50	815.00	908.50	905.50	948.00	923.00	1069.50	1151.00	1270.00	1445.50	1424.00	1175.50	1128.50	1071.00	971.50	825.00	737.50	779.50	866.00	937.50	1051.50	1192.50	1248.00	1390.50
138.25	218.00	348.00	329.00	329.25	330.25	346.00	367.00	349.00	359.75	345.25	335.75	367.00	339.25	364.25	341.50	371.00	243.75	114.25	115.50	147.75	246.00	306.75	306.75	273.00	240.25	193.50	114.00	88.75	178.00	319.75	364.25	318.00	358.25	439.00	456.50	469.25	463.25	441.00	454.25	479.00	512.25	524.00	543.00	564.00	549.50	431.25	459.00	454.75	475.75	499.50	509.00	491.50	456.75	436.50	364.50	363.00	294.75	184.00	157.50	263.00	330.25	284.50	358.00	491.50	558.25	562.25	533.25	476.25	444.75	402.00	318.50	278.00	273.75	296.25	347.00	320.25	276.00	281.75	329.25	373.00	411.00	392.50	338.50	254.50	270.75	477.25	578.50	614.75	618.00	659.00	671.50	625.50	504.75	545.00	515.00	439.50	348.75	342.25	331.00	279.50	197.75	152.25	188.25	248.75	289.25	241.75	211.25	221.00	243.25	289.25	314.50	331.75	373.50	393.75	439.75	482.25	472.00	430.00	415.75	463.25	483.25	589.50	738.75	836.75	886.00	924.25	947.25	976.50	938.25	960.50	976.75	1027.00	1094.75	1186.50	1273.25	1349.00	1380.00	1356.25	1257.75	1133.25	1096.50	983.75	777.00	564.00	388.75	301.00	283.00	301.00	318.25	314.75	320.00	322.50	326.75	373.00	440.75	511.25	576.50	639.75	499.00	376.50	387.25	409.50	427.75	448.25	465.50	486.75	625.50	709.00	698.25	681.50	703.75	737.25	758.75	782.75	815.50	848.75	907.00	964.75	944.75	974.25	1010.00	1031.75	1046.00	1070.25	1104.50	1131.50	1161.25	1182.00	1193.50	1273.50	1362.50	1291.75	1283.75	1276.25	1254.25	1244.00	1106.00	1061.75	1030.50	1013.50	1002.25	1016.50	1149.00	1143.50	908.00	861.25	855.50	836.25	789.25	733.50	680.00	607.25	567.25	473.00	400.50	382.00	385.75	403.75	454.75	585.25	747.50	965.25	1026.25	986.00	667.75	473.25	451.25	447.00	614.25	817.00	986.25	1094.75	1203.50	1170.75	1091.50	1190.25	1141.75	1058.00	1132.25	1226.00	1443.25	1373.25	1214.75	1249.00	1241.75	1099.00	920.50	779.25	747.50	787.75	843.50	955.75	1030.00	1106.00	1162.25
176.00	248.00	364.00	331.50	317.00	317.50	345.50	381.50	347.00	361.00	357.50	330.00	379.00	343.00	356.50	343.00	386.50	288.00	123.00	116.00	153.50	300.50	338.00	315.50	274.50	248.50	228.50	139.50	64.50	118.00	238.00	337.00	294.00	313.00	427.00	455.00	472.00	463.00	436.00	467.50	482.50	512.00	521.00	542.50	563.50	556.50	438.00	448.50	447.00	492.50	518.00	503.00	510.50	476.00	455.50	367.00	369.00	363.50	230.00	147.00	233.50	324.00	272.50	374.00	504.00	551.00	550.00	530.50	480.00	466.50	426.50	325.00	270.50	265.50	296.50	351.00	325.00	276.00	280.00	326.00	375.00	409.00	392.50	331.50	250.00	266.00	485.50	589.00	618.00	615.50	638.50	665.50	632.50	498.00	523.50	494.50	399.50	300.50	267.50	263.00	247.50	191.50	148.00	174.00	292.50	332.00	251.00	213.00	224.50	248.50	286.50	296.50	303.00	338.00	347.50	409.00	462.00	441.00	420.00	415.00	467.50	485.00	612.50	757.00	841.50	887.50	922.00	937.00	952.50	902.50	928.50	944.00	1008.00	1078.00	1189.00	1270.50	1339.50	1357.50	1334.50	1227.00	1078.50	1056.00	1010.00	797.00	458.00	310.00	272.50	272.00	273.00	273.00	273.00	275.00	276.00	285.50	295.00	324.00	362.50	407.50	457.50	380.00	361.50	378.00	403.00	422.50	444.50	459.50	493.50	737.50	838.50	782.00	710.50	709.50	739.50	766.00	791.00	815.00	840.50	858.00	916.00	934.50	974.00	1013.00	1038.00	1052.00	1063.50	1093.50	1125.00	1160.50	1183.00	1193.50	1330.00	1476.50	1314.50	1282.00	1265.50	1239.50	1187.00	1076.50	1050.50	1039.00	1024.00	1022.00	1063.00	1288.00	1238.50	909.50	877.50	883.00	865.50	804.00	733.00	684.00	600.50	555.50	472.00	393.00	382.00	389.50	424.00	514.00	694.00	866.00	1082.50	1157.00	1030.00	665.00	497.50	490.50	479.00	612.50	791.50	973.50	1205.00	1315.50	1280.50	1161.50	1276.50	1300.00	1090.00	1150.00	1240.00	1484.00	1365.00	1221.00	1254.00	1281.00	1157.00	965.50	804.50	744.00	762.00	801.00	874.00	903.00	990.50	1008.50
204.25	283.50	323.00	317.75	276.75	282.75	304.25	343.75	343.75	358.75	365.75	345.50	362.50	332.00	325.75	345.25	289.00	265.00	132.00	156.25	264.50	359.25	394.50	384.50	372.75	313.50	268.75	228.50	62.00	9.00	50.50	157.50	242.00	142.67	213.50	350.75	423.75	413.25	384.75	500.00	493.50	484.75	487.25	518.50	543.50	544.00	474.25	406.00	433.75	446.75	514.75	485.75	521.75	507.25	504.75	426.75	385.50	381.75	289.25	137.00	135.75	233.25	204.25	318.50	470.50	474.50	491.50	525.50	561.75	562.50	526.50	462.50	354.50	289.50	270.25	302.75	306.75	277.75	278.25	308.50	347.00	390.00	372.75	325.50	253.00	247.25	454.00	570.00	576.25	565.00	590.00	612.75	581.75	479.00	429.00	385.75	306.25	254.00	251.50	230.00	209.00	197.50	162.75	210.25	303.25	300.75	261.25	242.00	297.75	394.00	419.75	426.50	405.25	404.50	395.75	383.25	385.75	398.25	396.50	406.00	420.25	447.25	689.50	792.00	832.50	872.00	900.25	899.75	853.75	792.00	817.25	904.25	953.25	1098.50	1210.00	1231.00	1216.75	1173.50	1189.00	1132.00	1005.25	873.75	731.50	499.50	305.25	268.75	265.00	267.00	272.00	273.00	273.00	272.50	272.00	272.75	270.50	270.50	269.50	271.00	280.50	295.00	336.00	363.25	385.75	407.50	474.50	620.25	809.50	1174.00	1169.00	1067.75	1077.25	1051.25	1010.00	928.75	868.25	828.50	855.50	874.75	902.50	924.25	1008.00	1097.00	1110.75	1123.75	1104.50	1184.75	1295.75	1232.50	1206.25	1209.75	1399.00	1551.50	1486.00	1529.25	1341.50	1229.50	1185.00	1136.50	1102.50	1180.00	1247.25	1515.75	1613.00	1248.50	1019.00	981.50	1054.25	1234.00	1224.75	1151.75	1118.25	961.75	660.00	545.00	434.50	392.50	386.75	426.50	566.25	809.75	1042.75	1205.25	1235.75	1054.75	821.75	608.50	584.75	566.75	594.00	666.75	700.50	745.25	976.50	1168.75	1332.75	1340.75	1321.25	1333.00	1372.25	1373.75	1383.25	1440.50	1426.25	1161.75	1079.50	1074.25	1099.00	985.25	834.75	761.50	714.75	691.75	663.50	647.00	639.75	632.00
222.50	301.00	311.00	315.50	272.75	281.50	315.75	330.25	346.50	362.25	358.00	353.50	334.25	324.00	316.25	310.75	218.25	186.00	126.00	151.00	292.00	401.25	417.00	430.25	434.25	398.75	367.50	355.50	262.67	227.00	104.50	62.00		0.00	78.50	258.00	226.75	276.50	277.50	490.75	491.50	484.50	488.00	494.25	518.50	522.00	484.25	395.50	439.00	444.75	514.50	499.75	490.50	498.50	515.75	434.75	425.50	394.25	312.75	158.00	115.00	159.50	158.75	212.75	422.75	429.75	471.00	527.25	590.75	600.50	569.75	522.25	429.25	345.00	274.75	304.00	314.75	284.00	278.25	304.25	324.50	353.75	334.50	296.50	239.75	237.25	407.00	524.75	543.25	534.25	526.25	542.50	521.00	436.00	367.00	320.75	262.75	248.00	283.00	254.25	206.75	205.00	163.75	223.50	296.00	313.75	312.25	298.50	325.75	432.00	513.25	547.00	516.25	475.00	440.50	425.75	390.75	380.75	391.25	406.00	410.50	421.75	643.75	785.25	815.00	848.75	871.00	843.50	761.75	733.25	778.75	884.50	946.75	1096.00	1148.00	1132.75	1097.00	1043.00	1088.75	1057.50	965.00	789.00	526.00	363.75	275.75	263.50	266.00	269.75	274.00	274.50	273.50	274.25	274.50	274.00	272.00	271.25	267.00	266.00	274.75	282.00	321.25	347.75	389.50	474.75	646.50	926.00	1128.25	1362.50	1313.25	1295.00	1313.75	1273.00	1230.75	1055.75	922.75	858.25	879.00	887.50	915.00	932.00	1009.50	1119.50	1155.50	1190.00	1185.00	1289.25	1387.50	1303.75	1235.00	1232.00	1357.00	1435.75	1436.75	1609.25	1476.25	1318.25	1291.25	1339.25	1268.75	1365.00	1543.50	1476.75	1444.75	1135.25	1030.50	1230.00	1392.00	1260.75	1198.50	1099.50	1074.25	943.25	685.50	540.25	408.75	390.75	387.75	424.00	659.00	961.00	1131.00	1194.75	1166.75	928.25	723.00	632.25	628.75	620.75	758.75	821.00	734.00	702.50	796.75	954.25	1161.25	1210.00	1192.75	1271.00	1390.75	1381.00	1346.00	1253.00	1271.00	1100.50	1034.00	1013.50	934.50	885.75	789.25	740.00	706.75	678.50	647.75	626.50	592.25	552.00
261.75	295.00	296.25	289.75	255.00	278.00	325.00	336.25	343.00	344.50	333.75	339.00	317.25	323.50	320.75	273.25	185.25	133.50	103.50	154.75	308.00	432.50	445.50	462.25	477.00	451.00	411.00	418.00	380.00	315.75	238.50	204.00	294.50	117.00			69.50	178.50	117.25	433.50	472.50	478.25	488.00	494.50	506.25	494.25	436.00	387.25	422.25	445.00	496.50	495.75	462.25	486.50	503.50	474.50	477.75	461.75	392.50	224.00	116.50	119.25	123.25	141.75	316.50	336.25	404.50	486.75	565.75	585.75	560.25	547.50	465.25	381.00	280.75	307.00	314.25	286.75	280.25	311.25	301.25	302.75	288.50	257.75	226.75	235.75	348.50	451.50	475.75	484.25	446.00	451.00	438.50	377.75	310.00	271.50	238.25	262.75	310.75	282.75	199.00	173.50	179.00	255.00	363.25	384.75	376.75	367.25	333.25	384.25	508.25	628.00	618.75	573.75	531.00	493.75	447.00	399.50	403.50	409.75	416.00	416.00	516.50	657.75	745.25	787.50	791.00	741.25	680.00	707.25	780.25	880.25	921.75	1026.25	1040.75	1008.25	977.75	944.75	992.75	956.00	855.50	629.00	383.25	312.50	270.25	262.50	267.00	276.50	312.75	311.25	298.00	285.50	282.25	280.00	276.25	274.00	269.50	268.25	272.25	276.25	304.50	376.75	530.00	720.75	940.50	1235.50	1358.75	1443.50	1444.75	1461.75	1412.50	1290.00	1153.25	1008.75	900.00	920.00	975.00	983.75	974.75	964.25	1002.25	1099.50	1141.25	1200.75	1232.25	1309.25	1341.00	1319.50	1276.00	1271.00	1313.50	1414.00	1546.50	1751.25	1578.25	1371.75	1314.50	1408.25	1360.00	1536.25	1686.25	1341.00	1283.50	1072.75	1083.50	1626.00	1609.00	1210.00	1138.50	1044.75	968.75	847.25	656.50	507.75	386.75	387.25	383.25	441.00	747.00	1027.50	1103.00	1090.00	1065.00	862.75	693.50	668.75	667.75	680.25	924.25	1048.75	901.00	783.00	785.75	812.50	950.75	1024.00	1114.50	1253.75	1369.50	1371.25	1369.00	1247.50	1150.00	1038.25	1032.75	1004.75	883.00	841.50	783.50	720.75	701.00	678.50	670.00	658.00	618.25	570.00
291.50	273.25	274.50	260.50	239.25	266.00	290.50	317.50	325.00	311.00	313.75	324.50	312.00	322.25	340.00	281.25	172.75	100.75	85.25	162.25	296.00	429.50	456.50	465.00	480.00	458.75	431.50	446.75	450.75	437.75	417.50	401.75	350.25	223.75	232.00	47.00			31.00	229.25	374.75	461.00	485.25	487.50	489.25	487.75	431.00	416.50	426.25	440.75	478.75	456.75	443.75	463.00	493.25	513.50	511.25	469.00	428.25	310.75	161.00	123.00	118.00	114.75	203.50	235.75	277.75	387.75	510.50	537.00	527.25	503.50	447.25	371.75	278.25	324.00	324.00	276.25	273.75	309.00	274.50	267.25	262.75	237.50	219.75	226.50	281.00	370.00	401.00	423.50	408.75	403.00	400.75	348.25	265.25	219.25	220.00	281.00	310.75	277.75	170.75	135.50	220.00	301.75	393.25	399.00	369.75	362.25	341.50	355.75	442.00	659.75	711.00	667.25	631.50	564.50	480.00	427.75	428.25	422.00	422.25	419.50	444.50	507.50	610.75	665.00	663.75	643.00	652.00	728.25	806.75	863.00	876.00	917.50	928.00	895.75	877.00	839.75	874.00	789.75	619.50	421.75	316.00	292.00	266.75	263.25	266.75	280.75	364.00	441.25	437.50	370.75	333.25	310.50	290.50	280.75	275.00	274.00	274.25	277.75	334.75	510.50	828.75	1051.50	1194.00	1370.00	1413.75	1489.25	1522.50	1548.25	1396.50	1186.75	1060.25	996.50	941.00	1041.25	1169.25	1232.75	1151.50	1124.75	1048.50	1079.75	1140.00	1253.75	1305.50	1400.50	1441.50	1350.75	1316.75	1310.50	1322.00	1478.50	1657.50	1896.75	1692.25	1372.25	1248.50	1262.25	1304.25	1509.00	1590.75	1252.50	1187.25	1120.50	1219.25	1771.25	1565.00	1124.00	1072.00	1038.25	1029.50	810.25	564.25	440.50	382.25	382.00	384.50	498.75	834.75	1040.25	1071.50	1020.25	964.25	835.50	703.75	703.25	704.25	731.25	1021.50	1213.25	1123.50	1018.50	987.50	857.50	851.50	920.75	1038.50	1182.25	1341.75	1353.75	1343.00	1261.00	1148.50	1110.50	1115.00	1017.25	894.25	856.00	842.00	736.50	702.25	689.75	708.75	786.50	789.25	714.75
300.25	296.50	256.75	245.50	238.00	257.00	260.75	284.25	293.50	282.75	314.00	320.25	304.50	324.50	331.75	270.50	148.00	85.75	82.75	120.00	205.50	389.00	427.00	457.75	451.50	436.75	443.25	458.00	488.50	481.75	470.00	462.75	418.75	362.00	308.33	202.00	146.50			74.00	146.50	362.25	485.25	486.25	483.75	498.25	443.25	425.75	425.25	441.25	493.75	452.25	434.00	450.75	502.00	526.50	513.50	446.25	400.25	326.75	203.50	178.50	209.25	157.00	137.75	173.25	182.00	246.25	418.00	476.00	487.50	444.00	392.75	336.00	275.50	331.25	339.00	279.25	273.75	287.75	258.50	248.25	249.50	226.25	220.00	208.50	217.00	263.50	308.75	358.75	394.00	395.00	359.75	306.50	221.25	179.00	191.75	253.25	253.00	209.75	159.75	132.00	225.25	283.25	363.00	365.75	324.75	305.00	331.25	368.00	407.25	631.00	772.00	744.75	701.25	613.00	501.50	436.25	438.25	433.25	425.50	424.50	434.00	454.75	503.75	549.50	582.25	611.75	664.50	760.75	811.50	837.50	841.50	859.25	871.75	818.75	754.75	684.25	630.25	529.25	395.00	315.00	290.50	278.00	263.75	263.50	266.00	275.25	344.25	640.75	725.75	586.50	492.50	410.50	346.00	317.75	300.25	295.25	297.75	320.00	470.50	737.00	1058.50	1212.50	1276.75	1372.25	1443.75	1565.25	1626.25	1547.75	1295.75	1115.00	1083.25	1041.00	1018.00	1162.25	1379.50	1474.50	1460.75	1452.00	1197.75	1107.25	1158.25	1304.75	1539.00	1714.25	1618.00	1398.75	1354.50	1340.00	1342.00	1453.75	1561.00	1837.75	1729.50	1383.00	1213.50	1177.50	1190.50	1222.50	1295.00	1148.75	1127.75	1215.75	1358.00	1529.25	1492.00	1216.25	1150.50	1040.75	954.00	670.25	443.75	392.25	393.50	396.00	411.50	601.25	890.75	1026.50	1061.50	1035.75	952.75	840.25	737.25	729.50	733.50	768.25	1036.50	1236.75	1232.00	1229.00	1250.50	1055.75	895.25	918.25	972.25	1103.75	1316.00	1347.00	1304.75	1204.00	1162.25	1253.50	1175.25	1058.75	933.25	933.00	1022.75	840.00	715.75	711.50	751.25	987.25	1113.25	1054.50
305.00	315.50	263.50	240.50	238.00	250.00	248.50	266.50	277.00	275.50	321.50	320.00	305.50	327.50	310.00	240.00	128.00	82.50	81.50	88.00	138.50	360.00	398.50	445.00	427.50	423.50	445.00	460.00	503.50	492.50	477.50	468.00	431.50	393.50	346.50	279.50	146.50				0.00	270.50	478.50	493.00	487.00	499.50	428.50	405.00	398.50	451.00	514.50	471.00	437.50	458.00	510.00	522.50	508.50	435.50	375.50	305.00	207.50	217.50	291.50	207.50	111.50	137.50	151.50	175.50	357.50	442.50	463.00	429.50	368.00	315.00	273.00	318.00	345.00	290.50	281.00	272.50	257.50	243.00	243.50	222.00	223.00	200.50	190.50	198.50	244.00	314.00	376.50	388.50	312.50	262.50	195.00	164.50	171.50	220.50	206.00	160.00	170.50	141.00	199.00	259.00	333.00	338.00	303.00	278.00	323.00	379.00	409.00	601.50	790.50	775.50	726.50	636.00	516.50	438.00	435.00	434.50	427.50	428.50	434.00	443.50	473.50	510.50	568.50	615.50	668.50	772.00	806.00	826.50	827.50	855.50	868.00	793.50	679.00	588.50	465.00	381.00	319.50	294.50	277.00	267.50	262.50	263.50	265.50	271.00	310.50	745.50	898.50	727.00	607.00	485.00	390.00	349.00	321.50	312.50	318.50	359.00	568.50	870.50	1118.00	1213.00	1269.00	1370.00	1463.00	1612.50	1693.50	1513.50	1238.50	1105.00	1104.50	1057.00	1052.50	1206.00	1468.50	1554.50	1644.00	1643.00	1311.00	1134.50	1172.50	1304.50	1703.50	1939.50	1694.50	1416.00	1374.00	1354.00	1352.00	1386.50	1473.50	1759.00	1666.50	1362.50	1206.50	1156.00	1097.00	1069.50	1124.00	1105.00	1106.50	1272.00	1398.00	1347.00	1472.00	1331.50	1218.50	1017.00	817.50	549.50	391.50	382.50	405.00	410.00	436.00	664.00	902.00	1012.50	1062.50	1066.00	984.00	866.50	764.50	740.00	747.00	784.00	1015.50	1220.00	1238.50	1273.50	1339.50	1185.50	945.00	936.00	964.00	1085.00	1305.00	1352.00	1294.00	1193.00	1175.50	1310.00	1167.50	1093.00	959.00	991.50	1155.50	919.50	725.00	724.50	773.00	1086.50	1294.00	1273.50
128.00	160.00	261.25	234.50	268.75	308.00	298.00	271.50	249.50	264.25	295.25	307.50	303.50	336.00	308.00	241.75	184.50	84.75	106.25	75.00	108.50	331.25	366.00	396.50	393.50	401.00	408.00	432.50	437.75	460.50	483.25	487.50	480.25	487.50	417.00	386.00	392.25	359.75	249.00			0.00	185.00	253.75	429.50	509.50	487.00	434.00	332.50	427.25	469.50	467.75	440.25	449.25	494.25	497.50	460.50	419.50	389.75	366.50	301.00	274.75	387.25	442.00	293.75	225.50	165.25	122.50	119.50	203.75	326.00	415.50	388.75	285.00	215.25	333.25	371.50	363.75	328.00	245.50	235.75	228.25	230.00	219.75	222.75	220.75	226.00	222.00	182.50	190.75	203.00	215.50	198.50	146.75	132.75	120.00	127.25	154.25	209.00	284.00	328.00	242.00	137.75	155.25	189.75	215.25	253.75	265.75	311.25	396.25	428.25	535.00	744.25	764.50	717.00	609.50	491.25	431.75	403.50	407.75	434.50	438.25	443.25	444.25	457.50	474.25	494.50	543.75	633.00	697.25	745.50	788.50	787.00	816.75	816.25	652.75	477.50	361.00	289.50	281.00	277.00	272.00	267.75	265.00	263.00	263.75	263.50	264.25	295.75	774.00	1053.00	979.00	853.75	730.75	595.50	555.75	514.75	501.75	545.50	698.25	950.25	1013.50	1102.25	1165.00	1263.75	1397.00	1494.50	1639.50	1682.75	1316.50	1126.25	1126.75	1136.00	1118.00	1179.75	1476.25	1728.75	1781.25	1856.50	1664.00	1326.00	1354.00	1248.25	1247.50	1503.00	1988.50	1710.00	1619.50	1636.75	1558.25	1537.75	1438.75	1425.75	1425.00	1407.00	1380.25	1361.75	1337.50	1180.75	1046.25	992.75	981.50	1106.50	1515.75	1597.50	1316.50	1181.00	1169.00	1036.75	769.50	536.75	412.00	382.00	382.00	462.50	546.25	602.50	753.50	919.00	1036.50	1133.75	1175.50	1112.75	1057.75	908.50	773.00	775.25	809.75	873.00	974.75	1059.50	1159.50	1337.50	1358.25	1158.50	1026.25	1006.50	1040.75	1174.25	1345.25	1365.00	1287.75	1286.50	1373.25	1272.00	1118.25	1056.50	1206.00	1219.00	996.25	769.00	769.50	820.75	1068.00	1305.50	1508.75
108.00	128.50	245.00	204.50	282.50	336.00	335.00	300.50	259.50	249.50	281.50	290.00	307.00	341.50	301.50	231.00	208.50	87.00	134.00	73.00	112.50	318.50	341.00	389.50	395.50	405.50	403.50	437.50	439.00	467.00	490.50	498.50	499.00	515.50	430.50	398.50	415.50	427.50	361.00					79.50	352.00	494.00	501.50	433.50	327.00	398.00	437.00	458.50	448.50	453.00	496.00	497.50	456.00	425.00	403.50	373.00	300.50	282.50	400.00	443.50	358.50	270.00	186.50	133.50	90.50	129.00	248.50	399.50	380.00	293.00	198.50	330.50	374.00	378.00	333.00	243.00	228.00	225.00	227.00	220.50	231.00	235.00	239.50	230.00	184.50	188.50	167.50	158.00	152.50	126.00	122.00	106.50	123.00	187.00	279.50	334.00	371.00	285.50	132.50	137.50	155.50	173.50	232.00	262.50	308.50	396.00	439.00	525.00	728.00	767.50	724.50	610.50	485.50	432.00	400.00	407.50	440.00	440.50	446.50	446.00	455.00	469.50	485.00	524.00	593.50	660.00	720.50	771.50	769.00	792.00	752.00	554.00	394.00	318.00	280.00	275.00	269.00	267.50	266.50	264.00	263.00	264.00	263.00	263.00	302.00	808.50	1016.50	1038.50	934.00	806.50	646.50	616.00	581.50	573.00	627.00	793.50	1024.50	1051.50	1086.50	1161.00	1281.00	1426.00	1506.00	1614.00	1662.50	1255.00	1106.00	1135.50	1152.50	1146.50	1216.00	1530.50	1735.50	1781.00	1875.50	1681.00	1380.50	1426.50	1277.50	1264.50	1529.00	1992.00	1809.00	1723.50	1764.50	1731.00	1697.50	1481.00	1431.50	1352.50	1278.00	1280.00	1458.50	1464.50	1256.00	1059.00	980.00	967.00	1108.00	1422.00	1587.00	1436.00	1140.50	1034.00	902.50	662.50	470.00	391.00	382.00	382.00	466.50	584.50	645.00	751.50	919.00	1052.00	1156.50	1206.50	1143.50	1120.50	962.00	787.50	783.50	818.50	855.00	896.50	997.00	1119.00	1326.00	1383.00	1218.50	1061.50	1030.00	1051.00	1124.50	1307.00	1380.50	1332.00	1347.50	1376.50	1225.50	1109.50	1095.00	1249.50	1175.50	1008.50	788.00	783.50	835.00	1064.00	1337.50	1517.00
5.25	50.25	162.50	169.00	205.00	290.75	309.25	314.75	325.00	329.00	312.50	298.25	292.00	280.75	217.25	150.00	178.25	110.50	81.25	77.50	152.50	319.75	361.25	406.50	421.25	393.25	380.50	407.75	452.50	475.00	481.75	485.75	500.00	482.50	405.50	396.75	420.50	412.75	424.00	309.00	294.33	271.00	112.00		32.00	226.00	260.75	362.00	335.75	352.25	386.00	427.50	416.50	402.75	434.50	461.50	483.00	498.25	485.75	406.25	307.00	322.50	426.50	483.25	520.00	455.50	337.25	253.00	156.00	120.00	105.00	169.75	249.00	233.25	138.25	254.25	349.50	336.00	337.25	308.50	308.50	289.25	270.00	259.25	234.25	235.50	215.25	187.00	196.50	223.75	250.75	335.25	377.75	329.00	159.75	97.25	133.00	283.50	328.25	293.00	334.25	312.00	164.25	127.25	133.25	161.50	199.00	291.50	394.00	482.00	486.75	527.25	725.00	807.50	768.00	674.75	527.25	449.00	385.00	381.50	431.50	451.25	460.75	455.00	450.50	476.25	483.50	493.75	530.75	576.00	612.00	657.25	683.25	643.00	530.75	400.50	310.00	274.25	270.00	264.25	263.00	263.50	263.75	263.75	263.00	263.50	266.25	291.50	396.50	648.00	688.50	812.25	924.25	889.00	743.00	683.00	655.00	662.00	700.75	790.50	904.00	983.75	1115.75	1270.25	1357.50	1491.50	1583.25	1594.50	1418.50	1135.75	1084.00	1144.25	1174.50	1209.50	1222.25	1424.75	1617.75	1672.75	1770.50	1824.75	1788.50	1612.00	1418.00	1464.50	1702.00	1621.75	1526.75	1452.25	1660.75	1737.00	1898.50	1910.25	1692.50	1543.75	1419.25	1260.50	1138.75	1125.50	1090.25	1027.25	965.00	917.50	916.25	1017.50	1136.00	1375.75	1267.75	766.00	618.00	466.50	391.25	382.00	387.25	434.00	636.25	786.75	853.00	799.50	869.50	989.75	1143.00	1401.00	1441.50	1281.50	1152.75	939.75	882.00	861.00	884.25	873.50	928.75	1098.50	1325.25	1420.00	1317.50	1203.75	1130.50	1137.75	1145.25	1170.50	1227.50	1362.50	1353.50	1275.75	1230.00	1191.75	1239.00	1276.25	1056.25	1037.50	839.75	828.25	863.25	1048.00	1299.00	1361.50
8.75	93.25	165.75	143.75	184.00	243.00	264.50	290.75	318.25	320.75	323.00	319.50	324.25	296.75	234.00	131.25	138.75	86.00	57.75	94.25	209.75	363.00	396.00	395.75	411.25	381.75	360.75	388.50	450.75	477.25	484.00	482.50	456.00	440.50	402.00	407.00	436.75	429.25	438.00	420.75	392.50	338.25	298.00	229.00			97.50	167.00	271.50	339.75	386.00	430.75	378.00	347.25	382.75	459.00	499.75	504.50	483.00	381.00	284.00	359.50	446.75	469.50	528.00	482.25	413.50	366.00	254.50	188.00	118.25	97.50	132.25	151.50	106.75	213.25	297.75	302.00	338.25	356.00	378.00	359.25	325.75	304.00	257.25	232.25	212.75	188.25	210.25	267.75	345.25	457.00	474.00	431.50	246.25	101.00	108.25	238.50	337.75	275.50	258.25	271.75	192.50	145.25	131.00	178.25	210.75	317.75	409.25	472.25	497.75	550.25	732.75	811.50	769.25	662.50	514.25	448.50	383.00	383.25	469.50	492.25	489.25	463.75	443.00	466.50	472.50	468.25	503.00	533.50	558.00	590.75	602.00	550.00	452.25	342.00	278.50	264.75	262.75	262.50	263.50	264.75	264.25	263.50	263.50	267.75	282.00	346.50	456.25	574.75	565.25	595.75	741.00	841.75	761.50	697.00	667.25	674.25	710.50	796.50	921.50	1034.75	1179.00	1336.75	1446.50	1507.00	1509.75	1379.00	1225.75	1063.00	1077.50	1128.25	1166.75	1231.00	1249.25	1329.75	1489.25	1578.25	1621.75	1748.00	1880.00	1785.25	1605.50	1686.50	1626.25	1492.50	1423.75	1400.25	1497.25	1446.00	1617.25	1719.50	1735.75	1734.50	1619.50	1440.50	1135.50	1088.25	1086.25	1066.00	1010.75	895.75	865.75	857.75	920.25	1101.75	960.25	583.75	471.75	401.00	382.00	393.50	464.00	580.00	888.50	1100.00	1021.00	837.75	934.75	1003.50	1075.00	1294.25	1438.00	1223.00	1110.25	1052.00	990.50	906.50	910.50	897.25	909.25	1053.75	1293.00	1412.00	1354.25	1293.75	1228.50	1198.75	1211.50	1206.25	1226.25	1275.00	1307.50	1312.75	1304.25	1325.25	1369.00	1269.75	1106.75	1114.25	873.00	862.00	891.00	1012.50	1178.50	1245.25
61.00	158.25	210.50	121.50	160.75	218.25	235.00	252.50	266.75	274.00	296.25	297.25	330.25	306.50	260.00	152.50	93.25	58.75	57.75	122.75	278.25	389.25	406.00	378.50	380.00	364.25	346.25	369.75	436.00	467.50	469.50	474.00	425.00	409.25	418.75	445.75	467.75	449.00	456.50	494.25	462.75	419.75	399.75	286.67	130.50			46.00	141.00	199.50	369.50	435.00	357.75	359.25	394.75	422.50	469.75	481.50	450.75	346.00	277.00	386.00	458.00	458.75	506.25	483.25	442.25	421.00	359.25	298.75	185.00	100.75	89.75	94.00	86.50	177.50	269.50	321.50	354.50	396.00	441.75	433.00	371.75	343.00	287.00	234.25	215.25	189.50	232.25	348.50	436.25	490.75	480.50	465.50	357.25	124.25	96.75	145.00	276.00	276.25	262.75	269.75	239.50	197.00	130.00	141.25	170.75	279.00	366.75	404.00	447.50	547.50	665.75	735.25	683.25	584.00	472.00	397.50	368.00	420.25	536.75	556.00	529.25	465.75	437.00	440.25	444.00	450.00	472.75	495.00	521.00	522.50	516.75	460.75	374.75	300.75	266.75	259.50	260.50	262.25	264.50	264.50	264.50	264.75	272.25	298.50	335.50	395.50	465.25	541.25	537.25	536.50	597.75	732.25	741.50	712.75	679.75	674.00	699.50	783.75	910.50	1021.50	1168.00	1327.75	1449.25	1410.75	1301.75	1142.00	1078.25	1050.75	1096.25	1134.00	1198.50	1319.50	1288.00	1299.25	1394.50	1477.25	1516.75	1675.25	1924.75	1931.75	1804.25	1723.75	1521.25	1418.50	1366.25	1354.25	1353.75	1329.75	1369.50	1425.25	1561.75	1594.00	1540.75	1472.25	1325.00	1291.75	1331.50	1289.50	1213.25	1003.50	879.25	800.50	792.00	845.25	644.25	449.50	398.00	383.25	382.50	433.25	615.25	753.25	1028.75	1252.25	1039.50	879.75	1062.25	1144.50	1088.75	1271.25	1522.75	1337.50	1211.25	1147.50	1050.25	953.25	942.00	923.75	916.25	1002.00	1191.25	1314.75	1366.50	1374.25	1362.25	1288.25	1285.50	1260.25	1291.75	1287.00	1308.00	1370.50	1414.50	1423.50	1397.25	1268.75	1217.50	1164.50	910.00	895.25	922.25	1033.25	1140.75	1205.50
142.00	187.25	187.00	117.50	131.75	174.25	218.50	239.00	231.25	241.25	273.50	288.75	301.75	278.75	265.00	154.00	57.00	35.00	57.25	128.50	277.00	368.00	386.50	367.50	346.25	343.25	335.25	345.50	403.50	432.50	438.25	440.00	406.75	396.00	438.75	487.25	505.50	445.00	451.50	508.00	488.00	437.25	405.50	356.00	255.00	242.00			0.00	72.50	314.00	374.75	356.50	408.75	415.50	359.50	416.75	409.00	355.50	295.50	307.00	418.50	463.75	455.25	456.50	482.25	469.75	457.00	432.75	387.75	272.25	133.00	92.50	82.25	83.75	152.50	260.25	362.50	418.75	474.25	526.25	508.75	427.75	366.00	298.00	256.25	203.50	180.25	231.00	369.25	469.25	485.75	477.50	483.25	405.75	156.00	102.00	99.00	191.00	264.00	311.50	326.25	307.75	291.50	190.00	135.75	119.75	173.75	271.75	331.00	358.25	440.75	492.25	537.00	501.00	444.50	411.75	348.50	377.00	482.75	602.75	594.75	511.25	440.00	422.50	415.25	419.00	428.50	438.00	458.25	495.50	459.75	429.25	374.25	318.50	278.00	258.50	256.50	257.75	259.75	264.25	264.75	272.50	280.00	323.50	386.00	444.00	476.25	501.50	539.00	542.75	540.00	546.75	620.75	736.75	737.50	686.50	672.00	693.00	765.00	866.75	954.50	1131.00	1269.50	1340.00	1223.50	1103.75	1025.50	1017.50	1080.00	1137.50	1194.75	1279.00	1452.75	1425.75	1330.25	1378.75	1424.00	1596.50	1748.50	1941.00	1932.00	1735.25	1574.00	1507.75	1362.50	1342.25	1342.25	1350.25	1321.25	1279.00	1317.25	1397.50	1447.00	1372.75	1312.25	1520.00	1484.50	1498.00	1505.50	1369.50	1189.75	1037.50	828.25	741.50	649.00	513.75	396.50	382.50	396.50	422.00	524.75	801.75	985.50	996.50	1120.25	1032.00	924.50	1086.25	1288.50	1346.00	1505.25	1568.75	1412.00	1304.00	1128.25	1029.25	985.75	980.50	948.25	933.25	973.25	1087.50	1193.50	1347.50	1403.75	1466.25	1437.00	1369.25	1310.50	1368.25	1331.75	1321.25	1406.25	1435.50	1352.00	1276.75	1285.00	1262.50	1092.25	942.50	930.75	962.25	1083.00	1201.50	1262.25
124.25	183.00	162.00	118.25	113.00	133.00	189.25	221.00	234.75	253.25	262.50	279.25	257.50	277.00	280.00	125.00	38.25	26.75	48.25	93.25	206.00	292.50	330.50	355.25	336.50	332.00	331.25	328.00	379.75	402.00	413.50	406.50	389.50	394.00	424.75	491.25	519.25	415.75	431.75	483.00	488.50	459.75	421.50	418.75	409.00	321.67	311.50	121.00			128.50	177.00	334.50	420.25	391.00	314.75	376.50	340.00	261.00	250.00	345.25	449.00	465.00	445.25	450.00	485.25	495.75	506.25	450.50	409.75	316.25	183.00	100.50	86.50	87.75	137.00	240.75	420.00	495.50	552.50	577.00	552.50	479.25	387.25	299.75	266.75	189.75	171.00	214.25	336.50	435.00	452.25	458.25	479.50	403.25	181.25	109.00	88.25	119.25	238.50	348.75	372.75	385.75	399.25	322.50	226.50	134.25	107.50	169.25	226.00	239.50	272.25	301.75	323.50	334.00	326.75	341.00	333.75	407.00	506.75	536.75	507.50	432.50	403.00	401.50	399.50	408.25	402.00	409.00	417.75	448.00	394.75	358.50	318.75	286.50	261.25	251.00	256.00	256.25	257.25	262.75	267.75	296.00	342.50	464.00	538.75	583.75	588.75	581.00	568.00	566.25	559.75	553.25	559.25	672.00	729.25	689.75	665.50	677.75	730.75	814.50	890.50	1060.75	1156.75	1158.75	1052.50	1004.25	991.00	1010.00	1122.00	1180.25	1262.75	1343.00	1501.75	1584.25	1382.00	1411.75	1479.75	1713.50	1836.00	1889.00	1771.50	1540.50	1442.75	1466.50	1330.25	1325.25	1348.50	1489.50	1367.75	1250.00	1268.50	1291.00	1365.75	1331.00	1215.75	1409.25	1383.75	1451.00	1572.00	1341.75	1197.50	1126.00	922.00	738.50	563.75	475.25	392.75	382.50	429.00	499.00	639.50	949.25	1205.00	1065.75	1055.75	1176.25	966.00	1018.75	1212.00	1449.00	1593.50	1470.00	1355.25	1258.25	1063.25	1022.75	1017.00	1016.75	972.50	950.00	962.75	1034.50	1150.75	1307.75	1386.25	1461.25	1521.25	1509.00	1390.25	1460.00	1446.75	1374.75	1407.25	1444.75	1325.50	1173.00	1215.50	1133.50	999.50	976.00	979.25	1016.25	1129.50	1281.75	1349.50
70.00	195.75	158.25	117.50	115.00	138.00	160.75	193.25	233.25	247.00	241.25	237.50	205.00	274.50	277.50	126.50	30.25	26.25	50.75	84.25	132.00	203.75	290.00	342.00	350.50	342.00	328.25	322.25	372.25	385.00	386.50	389.25	396.75	416.75	405.25	474.50	501.75	406.50	398.50	478.00	497.25	483.00	453.50	462.75	441.00	410.50	386.75	270.00	118.00		0.00	21.67	219.00	335.75	310.00	274.25	325.50	290.50	234.50	242.00	346.00	419.00	437.50	437.00	480.00	483.00	491.25	495.00	423.25	359.25	259.00	177.75	106.75	90.50	88.25	106.00	216.25	454.00	519.50	565.50	564.50	536.00	473.25	393.00	294.25	239.25	178.25	169.25	207.75	310.00	401.50	437.75	441.50	446.50	395.00	189.00	112.25	85.75	94.75	206.00	357.00	402.00	453.00	468.75	450.25	350.50	207.00	119.50	122.50	144.00	143.75	156.75	176.75	204.00	230.75	258.25	288.50	338.75	391.50	436.75	408.25	395.00	380.50	382.75	390.50	385.75	392.50	373.75	374.50	375.25	375.25	335.50	316.50	291.75	266.50	248.50	248.25	256.00	256.00	256.75	261.75	273.25	368.50	450.25	606.25	666.00	681.50	663.50	644.25	601.75	582.75	572.00	561.25	550.25	579.25	646.50	652.00	644.00	650.25	679.25	746.50	796.50	929.00	1016.00	1003.50	971.25	966.50	983.50	1044.75	1182.00	1240.25	1362.00	1470.00	1577.00	1582.00	1442.25	1473.50	1533.25	1689.25	1776.75	1702.00	1528.75	1389.00	1335.00	1339.25	1312.50	1317.25	1355.00	1575.00	1363.00	1225.75	1202.00	1177.75	1189.00	1174.50	1105.00	1167.00	1200.00	1343.75	1487.50	1362.75	1107.75	1025.00	895.25	704.75	512.50	437.50	389.75	382.50	450.75	576.75	701.50	924.00	1201.50	1344.00	1366.75	1389.75	1049.25	1019.25	1084.00	1313.50	1567.00	1457.00	1279.25	1175.00	1065.25	1054.25	1059.75	1043.25	997.00	969.25	964.25	1004.50	1114.00	1227.75	1331.00	1397.75	1493.75	1598.00	1537.25	1602.50	1605.50	1462.50	1375.00	1474.75	1307.75	1161.00	1153.50	1053.75	996.00	1012.75	1038.00	1110.25	1173.50	1288.00	1369.25
32.00	198.50	162.00	125.00	141.25	173.50	169.00	175.50	208.00	227.25	218.50	190.25	185.25	266.75	235.75	85.25	17.00	29.50	106.75	194.50	161.00	187.75	248.25	321.00	343.25	345.50	336.75	318.75	378.50	373.25	365.25	386.75	409.75	438.75	410.50	450.50	465.00	423.25	373.50	468.50	481.50	483.50	489.25	488.75	459.00	471.75	487.75	470.00	287.33			0.00	128.50	164.25	209.50	238.50	262.50	294.00	276.00	260.50	323.25	361.50	410.75	455.00	484.00	467.75	482.75	469.25	379.75	247.75	159.50	122.75	104.75	101.50	95.25	87.50	146.00	322.25	445.50	504.75	485.50	451.50	417.25	373.00	286.50	207.50	166.00	180.75	226.50	333.00	428.00	451.00	439.75	422.00	368.00	187.50	113.50	84.75	93.00	179.00	347.25	414.00	461.50	480.25	480.75	426.25	297.50	180.75	122.25	117.50	116.00	121.00	127.25	152.00	173.25	210.00	279.25	348.00	361.00	364.25	368.00	367.75	371.00	377.75	390.75	383.50	372.25	352.00	344.25	335.25	322.25	303.00	291.75	272.75	252.25	242.00	248.00	256.00	256.00	256.25	270.00	315.50	527.50	568.25	653.25	715.25	730.25	730.25	720.75	691.00	662.50	613.50	581.00	565.75	564.25	580.00	600.25	613.75	625.25	642.00	698.00	714.25	804.00	896.00	918.50	943.75	953.00	1013.25	1117.00	1332.00	1414.50	1532.25	1640.00	1648.25	1493.50	1450.75	1484.50	1478.25	1541.50	1588.25	1450.75	1325.75	1278.00	1275.75	1282.00	1305.75	1315.50	1356.75	1466.75	1385.50	1261.00	1166.50	1126.25	1110.25	1064.75	1039.50	1016.25	1034.50	1105.75	1210.75	1327.25	1153.75	962.00	715.00	578.75	449.50	401.25	385.25	393.50	536.50	766.00	793.50	835.50	1044.75	1423.00	1522.50	1525.50	1129.50	1092.25	1204.75	1450.50	1578.75	1368.00	1172.25	1115.25	1093.25	1095.00	1109.75	1060.00	1022.50	988.25	970.25	985.50	1052.00	1143.75	1263.50	1348.75	1413.25	1525.00	1558.50	1663.25	1601.25	1492.75	1325.25	1344.75	1210.75	1171.00	1157.50	1081.50	1020.75	1067.00	1108.75	1211.50	1205.50	1221.75	1312.75
	95.00	112.50	94.50	121.00	213.00	242.50	185.50	136.00	164.00	192.50	112.50	158.00	210.50	117.50	0.00	2.00	72.50	262.50	383.00	361.50	292.50	215.50	182.50	200.00	253.50	302.00	318.50	354.00	335.50	346.50	372.00	403.50	404.00	386.00	398.50	441.50	435.00	401.50	439.00	462.50	496.50	499.50	486.50	508.50	503.00	530.00	532.50	488.50	240.00	75.00				22.50	166.50	291.50	344.00	244.50	225.00	288.00	345.50	427.50	430.00	434.50	468.00	489.00	434.50	294.00	165.00	138.00	124.50	149.50	156.00	151.50	113.50	93.50	84.00	142.00	220.50	289.50	328.50	315.50	313.00	263.50	191.00	186.50	262.00	319.00	408.00	487.50	489.00	456.50	439.00	380.50	195.00	119.50	85.50	90.00	154.00	319.50	401.50	410.00	424.50	419.00	397.50	403.00	328.50	194.00	119.00	103.00	94.50	104.00	125.00	143.50	193.00	291.50	376.00	382.50	371.50	366.00	362.50	373.50	380.00	394.00	401.00	378.50	350.00	347.00	329.50	301.50	279.50	268.50	248.50	240.50	240.00	248.00	257.50	257.50	267.50	378.50	582.00	727.50	734.00	721.50	758.50	819.50	878.00	903.50	875.00	961.50	922.50	832.50	718.50	614.50	595.50	604.00	643.00	626.00	635.00	666.50	667.50	676.00	721.50	845.50	932.00	1006.00	1177.50	1335.00	1498.50	1508.50	1487.00	1471.50	1464.00	1376.00	1378.00	1465.50	1383.50	1313.50	1263.00	1233.50	1229.50	1246.00	1255.50	1271.00	1309.50	1318.00	1445.00	1468.00	1558.50	1355.50	1174.00	1151.50	1182.00	1138.00	1028.00	969.50	939.50	899.50	856.50	913.00	800.50	546.50	399.50	367.50	361.00	362.50	425.50	503.00	865.00	1267.00	1106.50	859.50	919.50	1069.00	1140.00	1375.50	1448.00	1580.00	1645.50	1566.00	1326.50	1190.00	1172.50	1189.50	1156.00	1179.00	1181.50	1080.00	1055.00	1011.50	981.00	971.50	995.50	1058.50	1140.50	1251.50	1310.50	1448.00	1503.50	1593.50	1478.00	1425.50	1267.50	1226.00	1210.00	1194.00	1188.50	1188.50	1142.00	1196.50	1224.00	1233.00	1175.00	1107.00	1186.50
	66.67	97.50	75.25	99.75	142.75	193.50	195.75	154.50	155.75	155.25	108.25	147.00	175.50	112.00	0.00	4.00	99.25	283.75	387.00	380.50	337.75	291.50	237.25	217.50	220.00	245.00	267.25	287.50	281.75	292.75	343.75	375.75	369.50	362.50	378.75	432.25	434.25	391.00	427.00	461.50	487.75	487.50	497.00	515.25	510.50	520.25	534.50	495.00	358.25	207.00	20.00			22.50	92.50	234.25	310.50	258.50	194.00	231.50	297.50	374.75	386.00	368.50	381.00	406.75	343.00	203.50	127.00	121.00	127.50	180.25	212.50	219.75	169.75	165.50	118.00	125.75	156.75	213.25	276.75	278.50	283.75	240.25	180.75	216.00	301.25	369.00	436.25	496.75	505.50	469.50	424.75	350.75	187.00	122.50	86.75	88.75	167.00	330.75	395.00	406.75	428.50	418.25	408.25	405.75	358.00	233.50	134.75	113.25	90.75	100.75	123.00	143.25	205.00	326.75	410.75	408.00	389.00	374.00	365.50	377.75	387.50	399.00	405.75	380.25	357.25	377.50	341.75	299.50	272.75	261.25	244.50	240.25	241.50	250.50	260.50	269.25	312.25	512.00	653.00	740.00	753.50	758.50	785.00	841.75	906.75	936.25	904.00	988.25	1025.75	991.25	866.00	745.00	696.25	702.25	705.25	661.00	648.25	666.75	668.75	675.25	703.00	826.75	956.75	1080.00	1268.50	1322.25	1407.50	1381.25	1364.75	1359.25	1374.50	1347.25	1323.25	1381.75	1317.25	1253.25	1230.50	1221.00	1227.75	1247.50	1256.00	1277.75	1316.50	1325.00	1434.00	1542.00	1619.00	1420.25	1261.75	1206.25	1306.75	1146.75	1029.00	1029.75	967.00	903.00	835.75	828.00	665.00	481.00	358.00	338.00	353.75	373.50	456.25	546.75	846.75	1169.00	1191.25	1028.75	985.00	1055.50	1100.50	1276.25	1387.50	1481.00	1578.75	1469.50	1285.25	1204.25	1245.25	1213.00	1206.25	1269.50	1178.00	1090.75	1064.00	1021.75	989.00	972.75	990.50	1039.00	1100.75	1214.00	1299.25	1469.50	1572.00	1605.00	1441.25	1395.50	1268.75	1235.00	1230.75	1229.75	1222.50	1213.75	1192.75	1212.25	1213.75	1191.25	1143.50	1069.25	1130.75
	18.00	162.00	83.00	50.50	46.00	65.00	121.00	118.50	131.50	67.00	41.00	98.00	81.50	19.00	0.00	22.00	185.00	311.00	331.50	321.00	360.50	348.00	365.00	369.00	359.50	289.50	237.50	177.50	180.00	190.50	274.00	303.00	268.00	266.50	331.00	398.50	409.50	351.00	447.50	453.50	470.50	489.50	505.00	497.50	480.00	510.00	524.50	513.50	552.00	468.00	121.50					16.00	196.50	165.50	87.50	63.00	107.50	187.50	179.50	216.50	232.50	194.00	80.00	24.50	8.00	52.00	164.50	308.00	403.00	421.50	281.00	335.00	337.50	304.50	173.50	89.50	141.50	201.00	244.00	197.50	156.00	308.00	396.50	462.00	473.50	500.50	512.50	466.00	424.50	328.50	187.50	131.50	93.00	93.00	234.50	405.50	440.00	438.00	446.00	409.00	423.50	417.50	393.00	312.00	177.00	140.00	87.00	92.50	121.50	154.00	270.50	439.00	505.50	484.50	438.50	391.50	367.50	394.00	431.00	463.50	442.50	398.50	396.50	420.00	300.00	263.00	244.50	241.50	241.00	241.50	250.00	264.00	276.00	363.50	586.00	712.00	735.50	770.00	810.00	865.00	878.50	905.00	963.50	1007.00	1044.50	1066.00	1181.00	1264.00	1228.50	1065.00	948.00	946.00	882.50	795.50	720.50	677.50	676.50	680.00	682.50	791.50	1017.50	1203.00	1337.50	1214.50	1152.00	1139.00	1153.00	1175.00	1209.50	1221.50	1198.50	1207.50	1169.00	1174.00	1185.00	1206.50	1236.00	1259.00	1312.50	1427.50	1348.50	1352.00	1380.00	1477.50	1590.50	1405.50	1295.00	1446.00	1708.00	1387.00	1258.00	1576.00	1484.50	1218.00	899.50	621.50	414.00	318.50	284.00	330.50	399.50	480.00	612.50	660.50	733.00	855.50	1125.50	1403.00	1434.50	1113.50	1079.00	1105.00	1204.50	1347.50	1607.50	1480.50	1373.50	1272.00	1321.00	1270.50	1480.00	1309.00	1139.50	1131.00	1106.00	1090.50	1041.00	985.50	985.50	989.00	1011.50	1099.00	1218.00	1461.00	1470.50	1507.50	1355.00	1339.00	1321.50	1281.00	1356.00	1374.50	1314.50	1251.00	1230.50	1204.00	1126.00	1052.50	1065.50	978.50	975.50
	0.00	103.50	131.50	150.00	73.00	42.00	80.00	68.00	50.00		18.00	148.50	132.00		0.00	56.50	270.50	348.00	282.50	294.50	335.50	350.00	387.50	398.00	425.50	417.50	386.00	293.00	225.50	175.50	166.00	249.00	296.00	261.50	299.50	371.00	340.50	280.50	422.50	447.00	449.50	466.50	477.50	480.50	466.50	499.00	496.50	512.00	535.50	414.00	249.00	83.00					95.00	195.50	143.50	49.00	23.50	16.00	14.00	43.00	60.00	22.00				69.00	263.50	399.50	473.00	491.00	338.00	313.00	391.50	355.50	245.50	98.50	105.00	167.00	192.50	156.00	219.00	352.00	422.00	479.00	502.00	499.00	473.50	452.00	390.50	312.00	215.50	151.00	98.50	93.50	265.50	438.50	477.50	467.50	469.50	406.00	399.00	435.50	401.50	335.00	187.50	132.50	92.50	99.00	130.00	180.50	272.50	412.50	510.00	503.00	452.50	392.00	367.50	399.50	506.50	533.50	446.50	395.50	372.00	296.00	250.00	240.50	240.00	240.00	244.00	248.50	257.50	270.00	290.50	402.00	617.50	726.00	758.50	797.00	849.00	916.50	963.50	964.50	1001.00	1044.50	1122.00	1168.00	1263.00	1353.00	1335.50	1221.00	1161.50	1133.50	1032.50	898.00	809.00	698.50	682.50	685.00	689.50	744.50	963.50	1164.00	1185.50	1122.00	1103.00	1121.00	1160.00	1227.50	1171.50	1162.50	1283.50	1156.50	1158.00	1165.00	1174.00	1205.00	1250.50	1277.50	1360.50	1536.00	1379.50	1365.00	1396.00	1431.50	1641.00	1478.50	1252.00	1257.00	1420.50	1487.50	1463.50	1374.50	1375.50	1250.00	824.00	559.50	339.00	313.00	307.00	419.00	521.00	659.00	748.00	715.50	754.00	794.00	947.00	1229.00	1388.00	1346.00	1107.50	1146.50	1255.00	1371.50	1575.00	1575.50	1457.50	1318.00	1399.50	1461.00	1397.50	1187.50	1173.00	1165.50	1175.50	1221.50	1147.00	1009.50	991.00	968.00	970.50	1007.50	1148.50	1263.50	1281.50	1304.50	1388.50	1394.00	1381.00	1437.00	1554.00	1343.50	1296.00	1265.50	1217.50	1151.00	1098.50	1026.00	1012.50	938.00	887.50
		44.50	173.50	168.00	129.50	55.50	54.00	33.00				56.00			0.00	89.50	292.50	341.50	324.50	291.00	374.50	376.00	368.50	398.00	423.50	419.00	391.00	353.50	295.50	286.50	296.50	197.00	173.50	196.50	236.00	223.50	187.00	200.50	349.00	321.00	333.00	427.00	460.50	463.00	482.00	493.00	479.00	524.00	417.00	373.00	348.00	151.00	35.00					61.00	135.50	48.00	27.00	23.00							0.00	107.50	281.00	346.50	400.00	441.00	415.00	362.50	334.50	320.50	234.00	102.00	90.00	129.50	123.50	217.50	268.50	422.00	488.50	515.50	527.00	520.00	483.00	464.00	422.50	366.50	263.00	184.00	104.50	86.50	223.00	341.50	433.50	499.00	495.50	453.50	401.50	420.00	388.00	307.50	184.00	130.50	101.50	112.50	153.00	196.50	246.00	300.50	392.00	425.50	420.00	398.00	369.00	387.50	447.00	400.00	333.00	295.50	274.50	253.00	240.00	240.50	240.00	242.00	256.50	264.00	270.50	283.50	326.00	443.50	503.50	682.50	770.00	826.00	882.00	952.50	1020.50	1054.00	1046.50	1078.00	1187.00	1252.50	1451.50	1510.50	1480.50	1344.00	1212.50	1111.50	1049.00	985.50	889.00	739.50	694.50	691.50	697.50	714.00	840.00	988.00	1044.50	1032.50	1048.50	1147.00	1239.50	1245.50	1100.50	1080.50	1142.00	1136.00	1147.00	1154.50	1173.00	1257.00	1279.50	1296.50	1312.50	1454.50	1490.50	1386.50	1400.50	1420.00	1451.50	1352.00	1228.50	1199.00	1193.50	1221.00	1235.50	1153.50	1116.50	946.50	667.50	493.00	305.00	279.00	339.50	484.50	712.00	850.50	1030.50	866.50	797.50	822.00	874.00	1041.50	1167.50	1451.00	1312.50	1189.00	1218.00	1263.00	1361.00	1449.50	1522.00	1546.00	1665.00	1568.00	1294.00	1193.50	1208.50	1216.00	1367.00	1410.50	1297.00	1055.50	1001.50	963.50	945.50	938.00	1043.50	1159.00	1323.50	1465.00	1527.50	1480.00	1431.50	1543.00	1546.50	1359.00	1331.50	1295.00	1312.50	1229.00	1126.00	1029.00	949.00	881.50	852.00
		46.00	82.00	99.25	148.00	143.25	149.50								0.00	67.25	221.75	279.25	288.50	268.00	374.25	381.75	368.00	374.25	384.25	396.25	375.50	370.75	379.75	365.25	311.50	231.00	219.00	230.75	202.50	169.25	161.50	163.00	228.25	197.25	202.25	271.00	351.25	379.50	392.25	429.50	412.25	432.25	396.75	425.75	450.25	399.00	298.00	182.67	30.00														6.00	52.25	131.00	232.25	306.00	309.00	350.50	355.75	351.75	312.00	195.25	99.50	81.25	90.00	159.75	259.50	373.25	500.00	543.00	545.75	540.50	519.50	421.50	404.25	371.00	356.00	305.50	254.75	151.50	88.25	100.75	147.25	298.00	532.00	511.50	484.25	455.25	387.25	252.00	197.00	150.00	127.50	112.00	113.75	173.75	184.50	206.75	272.00	374.75	431.75	447.00	418.75	359.50	309.50	282.50	262.00	251.50	249.50	244.00	236.25	242.00	247.00	256.50	262.50	282.25	299.75	348.25	438.50	552.00	683.25	709.25	716.75	727.25	844.25	911.00	981.25	1043.00	1105.75	1155.50	1171.25	1204.75	1243.50	1332.50	1414.00	1523.00	1396.00	1272.75	1207.00	1169.50	1053.25	1005.50	856.25	767.50	709.25	704.75	726.25	775.50	839.50	916.75	938.00	978.50	1011.25	1022.75	1034.50	1044.25	1059.25	1083.50	1104.75	1115.00	1166.25	1267.00	1498.50	1647.75	1561.25	1410.00	1388.50	1481.50	1574.75	1460.00	1440.00	1450.25	1568.75	1322.25	1131.50	1105.75	1031.50	995.75	924.00	873.50	736.50	578.50	418.00	248.25	261.50	410.00	707.00	921.50	970.75	1157.50	1261.25	1014.00	883.75	900.25	930.50	1020.00	1295.50	1394.25	1433.00	1362.50	1408.50	1416.50	1454.75	1572.50	1459.50	1392.25	1351.25	1248.00	1222.25	1253.75	1296.50	1506.25	1497.25	1332.50	1119.75	1031.25	987.00	951.50	905.00	922.50	1082.50	1286.25	1407.25	1523.00	1619.25	1572.50	1580.25	1593.75	1400.50	1344.75	1348.25	1522.25	1225.25	1165.75	1239.25	1134.00	892.00	851.25
			34.00	45.50	125.50	160.00	162.00								0.00	43.50	200.00	278.50	280.50	259.00	365.00	380.50	361.50	347.50	366.00	393.50	372.00	360.50	376.50	383.00	333.00	221.50	235.50	262.50	217.50	176.00	164.00	160.50	203.50	188.00	148.50	179.00	281.50	317.50	343.50	420.50	391.00	399.50	420.50	464.50	500.00	489.50	429.00	232.00	30.00															18.50	59.00	181.50	305.50	292.00	306.00	321.50	329.50	311.50	180.00	95.00	80.50	82.00	163.00	274.50	408.50	545.50	570.00	554.50	543.50	515.50	389.50	371.50	353.00	341.50	319.00	282.00	176.00	93.50	89.00	109.00	254.00	543.50	512.00	489.00	461.50	392.50	211.50	150.50	129.00	123.00	119.00	110.50	168.00	176.50	197.50	277.50	392.00	463.00	472.50	431.50	359.50	290.00	261.00	252.00	248.00	246.00	240.00	233.50	244.00	250.50	262.00	269.00	292.00	316.50	397.50	531.00	635.00	718.00	758.00	798.00	746.00	833.50	911.50	991.00	1047.50	1109.00	1183.50	1226.50	1222.00	1252.00	1319.00	1379.00	1503.50	1421.00	1311.50	1247.00	1218.50	1079.00	1047.00	881.50	801.50	718.50	707.50	734.50	780.50	816.50	889.50	926.00	983.00	1001.50	1016.00	1036.00	1045.50	1060.00	1080.50	1098.00	1104.00	1177.50	1237.50	1513.00	1812.50	1731.50	1480.50	1404.00	1433.00	1596.50	1514.00	1451.00	1466.00	1654.00	1318.00	1096.50	1073.50	1003.50	943.50	855.00	809.00	691.50	561.50	393.50	238.00	266.50	452.00	821.00	971.00	1009.00	1145.00	1340.50	1092.50	906.00	915.50	936.50	990.00	1253.50	1339.50	1396.00	1444.50	1500.50	1453.50	1490.50	1607.00	1407.00	1363.50	1322.50	1255.00	1244.00	1273.50	1299.50	1486.50	1453.00	1300.00	1143.00	1042.00	998.50	958.50	900.50	897.50	1052.50	1229.00	1325.50	1506.00	1652.50	1676.50	1655.50	1609.50	1398.00	1335.00	1356.00	1534.50	1228.00	1181.50	1322.00	1216.50	912.00	857.50
																32.50	157.50	246.25	251.25	206.50	201.00	245.50	308.75	329.75	337.25	360.25	352.50	345.50	346.75	354.50	343.25	239.50	197.00	331.00	331.00	248.25	187.25	208.25	283.25	282.75	236.50	158.00	110.50	108.75	137.25	294.00	368.25	427.00	460.25	503.25	538.50	535.25	505.00	399.75	234.25	165.50	168.00	24.00								42.50	70.75	93.00	56.50	17.33	13.00	32.50	99.25	138.25	133.75	145.50	191.25	196.25	115.00	86.00	85.75	80.50	101.75	189.00	318.25	509.75	528.75	486.75	415.75	399.50	391.75	401.00	408.00	410.25	420.00	427.00	282.75	125.25	90.50	85.75	150.50	497.25	531.00	534.00	506.75	409.00	211.75	110.25	103.25	118.50	133.25	105.25	126.50	143.00	218.25	370.25	477.25	576.25	574.00	510.75	387.00	268.00	245.25	242.75	236.25	228.75	226.50	239.00	252.25	262.25	276.25	296.00	366.25	461.25	536.50	630.50	681.75	767.00	840.00	912.75	939.50	888.25	932.25	1023.50	1077.75	1148.25	1209.00	1261.00	1374.75	1419.50	1378.50	1402.25	1507.75	1544.25	1484.25	1430.25	1309.50	1186.25	1168.00	1067.00	1010.75	867.25	760.25	777.25	838.00	869.75	909.75	934.75	975.50	995.50	1010.25	1025.50	1043.00	1083.50	1103.50	1113.75	1193.50	1344.00	1441.75	1644.00	1931.00	1856.75	1581.50	1509.00	1569.00	1762.75	1596.00	1509.25	1527.50	1394.25	1158.00	1152.75	1206.50	1264.75	1164.00	820.50	715.25	532.25	356.25	253.75	252.00	346.25	747.00	1234.00	1204.25	1097.25	1216.50	1268.00	1058.00	957.75	949.25	977.25	985.00	1055.50	1155.25	1198.75	1265.25	1381.75	1547.00	1701.50	1795.25	1553.25	1473.50	1320.00	1266.00	1265.25	1322.75	1468.75	1390.00	1293.75	1241.25	1145.25	1081.00	1052.00	946.50	897.50	889.00	933.75	1063.75	1238.00	1434.75	1498.50	1473.25	1482.75	1513.50	1453.50	1367.75	1376.00	1420.25	1340.75	1226.00	1198.00	1057.75	887.50	869.50
																0.00	119.75	224.25	242.25	202.25	139.25	161.25	244.50	295.75	314.00	323.25	326.75	348.75	338.50	373.75	360.75	229.00	174.25	313.25	328.00	270.00	231.75	292.75	343.75	372.75	376.00	283.50	141.50	107.25	104.25	215.50	330.50	409.00	452.50	494.00	520.25	527.00	505.75	404.00	316.25	257.00	136.25	28.00								43.50	116.25	159.75	88.00	38.25	12.00	16.50	43.25	82.50	115.25	129.75	134.50	141.50	107.00	84.25	84.50	76.25	83.50	118.50	168.75	414.75	460.00	403.50	374.00	386.00	423.25	435.75	444.00	459.75	498.00	495.00	268.25	134.50	99.50	81.50	136.75	456.50	545.00	573.00	563.75	400.50	173.00	103.75	103.50	123.00	141.50	118.25	95.50	123.50	206.50	369.50	485.50	548.00	537.50	481.50	335.75	243.75	238.50	232.00	221.00	219.00	226.50	242.75	256.00	268.00	284.75	310.50	382.50	491.75	569.25	632.75	679.50	766.00	839.50	923.50	967.50	928.00	970.25	1064.75	1115.00	1200.25	1261.25	1289.50	1408.75	1516.25	1467.75	1428.25	1456.25	1518.75	1516.25	1480.50	1353.75	1280.75	1283.50	1198.00	1111.75	979.25	860.25	814.25	853.50	880.75	910.75	927.50	957.75	982.00	1027.50	1077.50	1116.50	1191.50	1230.75	1166.25	1215.50	1362.50	1479.00	1565.00	1828.75	1910.75	1798.50	1626.75	1626.00	1745.75	1681.00	1593.75	1590.75	1353.25	1239.25	1420.75	1531.50	1517.25	1231.50	718.50	529.75	339.25	245.00	225.75	300.25	458.00	958.75	1446.00	1352.25	1128.50	1209.00	1099.25	1010.75	992.00	996.25	995.50	1007.75	1027.25	1080.25	1196.50	1308.25	1397.75	1564.25	1747.75	1768.75	1524.00	1412.50	1332.50	1284.25	1279.25	1338.50	1517.75	1384.25	1334.00	1262.75	1183.25	1172.00	1116.00	966.50	906.25	889.25	888.75	947.00	1086.75	1246.75	1318.00	1358.75	1455.50	1525.50	1435.00	1257.75	1221.50	1166.75	1106.00	1065.25	1042.50	972.25	901.50	874.50
																	98.00	126.75	191.00	197.25	113.25	115.75	180.25	231.50	258.75	299.50	299.50	319.75	312.00	360.75	370.50	256.00	163.75	261.25	224.50	207.25	293.75	365.75	401.00	415.25	448.00	402.25	223.50	115.75	98.00	146.50	266.50	365.75	439.00	463.00	481.25	510.50	508.00	397.50	337.50	294.25	79.67	32.00							21.00	45.50	98.50	146.50	120.25	58.50	13.00	13.00	19.50	48.25	126.75	157.25	156.50	116.00	102.75	84.75	84.75	76.25	85.25	96.25	110.50	254.50	341.50	336.75	356.50	398.25	422.75	438.75	435.75	462.50	534.75	498.75	221.00	135.50	103.75	80.50	116.75	426.75	538.00	538.75	544.25	317.25	113.25	95.50	104.25	128.75	144.25	124.00	83.50	107.75	190.50	336.00	490.75	522.50	466.75	360.25	259.50	223.00	229.50	218.50	211.00	220.00	234.25	247.75	259.25	271.50	290.00	311.50	369.75	466.50	564.25	620.50	660.75	724.75	777.50	848.75	903.25	923.25	987.75	1121.00	1224.25	1312.50	1375.25	1378.75	1434.25	1535.50	1530.00	1441.75	1389.50	1417.00	1417.25	1428.75	1372.75	1372.75	1359.00	1272.50	1186.00	1072.75	981.25	882.50	847.75	875.25	901.25	917.50	927.50	983.50	1070.00	1157.00	1229.25	1313.00	1397.75	1317.50	1333.25	1327.50	1376.00	1501.50	1771.50	1917.75	1861.50	1599.50	1541.00	1621.00	1658.00	1610.25	1648.50	1516.75	1445.00	1500.50	1495.25	1358.00	1058.25	507.50	307.25	222.75	227.00	253.75	422.75	609.50	1088.50	1359.75	1426.75	1260.75	1146.25	1064.25	1056.25	1114.00	1168.75	1061.00	1029.50	1051.75	1072.25	1153.00	1255.75	1312.25	1389.75	1548.75	1642.00	1537.00	1408.50	1368.00	1316.75	1303.75	1344.50	1514.25	1431.50	1360.75	1290.25	1292.50	1284.25	1146.25	1019.25	938.00	896.25	887.00	907.75	982.00	1122.25	1219.75	1362.25	1472.25	1514.00	1497.25	1258.25	1129.75	1049.25	1015.50	1003.25	987.75	945.75	937.50	901.50
																		43.50	146.00	180.50	92.50	84.00	148.00	192.00	213.00	285.50	280.00	293.00	296.50	339.50	360.50	280.50	160.50	232.00	156.00	172.00	329.00	391.00	430.50	430.50	461.50	440.50	272.00	113.50	91.00	132.00	239.50	347.00	417.50	429.50	456.00	500.50	508.00	398.50	341.00	312.50	30.00								21.00	46.50	73.00	99.50	121.00	61.00	12.50	12.00	12.50	27.00	117.50	154.00	169.00	119.00	103.50	87.50	85.00	78.50	92.00	102.50	98.50	159.00	259.00	298.50	344.50	400.50	404.00	429.00	418.50	446.00	533.50	482.00	207.00	134.50	104.50	80.50	103.50	406.50	527.00	488.00	500.00	257.00	91.00	91.50	103.50	132.00	143.50	123.00	83.00	97.50	184.50	314.50	499.50	522.50	448.50	296.50	230.00	216.50	223.50	212.00	209.50	222.50	239.50	251.50	261.00	272.50	291.50	310.00	371.50	457.00	554.50	610.50	645.00	698.50	747.50	798.50	857.50	915.00	983.50	1149.50	1307.50	1390.00	1453.00	1447.00	1462.50	1541.50	1543.50	1445.00	1354.00	1360.00	1354.00	1369.50	1358.50	1396.00	1367.00	1289.00	1222.00	1124.00	1036.50	927.00	839.50	866.50	892.50	913.00	910.50	994.00	1090.50	1179.50	1271.00	1358.00	1466.50	1446.50	1445.00	1358.00	1368.00	1529.00	1787.50	1893.00	1774.00	1514.50	1508.50	1566.50	1547.50	1561.00	1660.50	1644.50	1569.00	1389.50	1296.00	1176.50	982.50	380.00	228.50	208.00	237.00	280.00	509.50	691.00	1123.50	1240.00	1490.50	1378.50	1108.00	1084.00	1098.00	1215.00	1302.00	1120.00	1042.50	1064.00	1072.00	1099.00	1178.50	1238.00	1321.00	1449.00	1572.50	1591.00	1422.00	1387.00	1334.50	1319.00	1354.50	1512.50	1455.00	1357.00	1299.50	1369.50	1322.00	1137.00	1048.50	960.50	903.00	888.00	914.00	967.50	1098.00	1204.00	1376.50	1474.50	1501.50	1569.00	1328.50	1126.50	1057.00	1019.00	996.50	980.50	942.50	960.50	927.00
																				48.75	86.50	96.75	107.25	108.00	107.25	186.50	239.75	272.00	251.75	290.00	294.75	239.00	180.25	132.00	123.00	194.50	316.75	348.50	412.75	433.25	452.00	445.50	325.25	150.50	101.25	117.50	167.75	326.50	328.25	297.75	360.75	404.75	317.50	201.75	126.00	62.00					0.00	19.00	21.50	26.67	117.00	185.25	190.50	154.50	75.75	27.50	14.50	15.50	16.75	19.75	48.25	78.00	95.25	86.75	86.50	87.75	121.25	159.75	152.75	115.00	86.75	62.50	87.75	172.75	196.50	177.50	190.00	197.75	222.00	260.50	358.25	323.75	179.50	136.00	110.25	86.50	81.25	145.00	217.75	166.50	185.75	140.00	86.75	80.75	88.50	131.75	130.75	91.00	65.25	75.00	149.25	365.75	505.75	514.75	384.00	226.00	206.50	202.50	207.75	204.25	214.75	239.50	261.00	278.75	282.50	295.50	339.75	376.00	446.50	492.75	539.00	555.50	587.75	636.75	672.25	759.25	817.75	904.00	979.25	1069.50	1196.75	1333.75	1336.75	1380.50	1469.50	1453.25	1435.25	1398.75	1289.75	1227.25	1203.50	1207.00	1257.50	1343.50	1332.00	1254.00	1167.00	1113.75	1043.75	980.00	897.50	855.00	844.75	856.00	913.25	976.50	1080.25	1140.25	1196.75	1266.75	1343.75	1446.00	1603.25	1713.00	1702.75	1726.25	1782.00	1705.00	1463.50	1339.50	1356.50	1373.75	1432.25	1554.75	1530.75	1398.00	1434.50	1454.75	1341.00	801.25	568.25	217.00	171.00	205.00	290.75	537.25	674.25	795.75	1054.00	1214.50	1456.50	1468.25	1224.00	1162.50	1167.25	1229.50	1451.50	1521.75	1256.50	1101.75	1101.75	1114.25	1152.00	1191.00	1240.75	1305.00	1373.00	1451.75	1383.25	1399.50	1399.75	1386.25	1453.50	1530.00	1491.50	1438.00	1465.50	1372.00	1306.50	1231.50	1101.75	979.75	905.25	888.25	893.75	939.75	1037.75	1160.25	1369.00	1424.25	1506.00	1667.75	1448.75	1222.75	1201.50	1052.00	1045.75	1040.50	952.25	1087.50	1071.75
																				22.00	90.00	113.00	119.00	78.00	78.00	175.00	247.50	260.00	235.00	275.00	288.50	232.50	182.50	123.50	126.50	205.00	308.50	347.50	417.50	438.50	452.00	446.50	314.00	130.00	101.00	126.50	161.50	307.00	294.50	261.50	310.00	333.50	190.00	88.00							0.00	19.00	21.50	33.00	149.00	222.00	230.50	200.50	91.00	24.00	16.00	17.50	17.00	20.50	35.50	53.50	67.50	68.00	73.00	83.00	135.50	205.50	213.00	153.00	107.00	50.50	56.50	126.00	153.00	130.50	152.50	140.50	150.50	183.00	284.50	275.00	170.50	135.50	112.00	90.00	77.50	94.00	119.00	118.00	139.00	114.00	85.00	77.50	82.00	122.00	124.50	80.00	62.00	70.50	137.50	381.50	496.50	496.50	341.50	210.00	201.00	198.50	204.00	202.50	219.50	246.50	268.00	288.00	297.50	316.50	372.00	414.00	485.00	519.50	541.50	548.00	572.50	626.50	665.00	746.50	810.50	905.50	988.00	1059.00	1139.00	1243.00	1266.50	1294.00	1428.50	1407.00	1381.50	1361.00	1270.00	1202.00	1173.00	1176.00	1234.50	1317.00	1314.50	1233.00	1131.00	1075.00	1027.00	976.50	916.50	859.50	837.50	850.00	904.00	969.50	1095.50	1153.50	1197.50	1245.50	1316.50	1408.50	1534.50	1741.50	1768.00	1722.00	1749.00	1629.00	1384.00	1297.50	1325.50	1360.00	1418.50	1575.00	1465.50	1317.50	1324.50	1418.50	1300.00	689.50	455.50	191.50	162.00	201.00	323.50	620.00	706.50	801.00	1044.50	1213.50	1339.00	1388.00	1274.50	1203.50	1177.00	1196.50	1434.50	1605.00	1328.50	1116.00	1114.50	1119.00	1154.00	1189.50	1231.50	1285.00	1332.50	1355.00	1336.50	1413.00	1447.00	1438.50	1533.50	1551.50	1528.00	1525.50	1521.00	1389.50	1372.00	1303.00	1119.00	975.00	905.00	888.00	878.00	910.00	1007.50	1117.50	1368.00	1405.00	1515.50	1681.50	1569.50	1260.50	1142.50	1062.00	1062.50	1065.50	955.50	1127.50	1079.00
							24.00	0.00	96.50	95.00	100.00	71.50	2.00							0.00	41.50	92.00	65.25	52.50	63.50	194.50	254.25	237.25	204.75	272.75	203.00	79.25	81.50	122.50	212.50	251.00	297.25	336.50	388.00	408.75	430.25	436.00	251.00	59.25	118.50	290.00	288.00	315.00	220.00	133.00	96.00	61.00							0.00	47.50	89.25	49.25	19.50	30.00	85.00	95.75	134.25	110.75	34.50	25.25	29.50	39.00	39.75	42.75	57.00	76.25	96.75	98.00	98.00	80.75	107.25	210.50	305.75	259.00	170.75	64.00	42.50	65.50	81.75	98.25	145.75	183.25	189.50	176.50	175.00	169.00	149.75	135.50	118.00	102.25	93.25	82.25	75.25	79.25	72.00	79.25	77.00	70.75	66.25	91.00	101.00	48.75	57.50	70.00	170.25	357.00	422.00	385.75	280.50	194.50	193.50	192.50	198.75	214.50	248.50	289.25	322.00	355.25	409.00	458.00	529.75	582.75	625.75	647.00	629.75	587.00	578.00	623.25	650.00	707.00	774.50	900.00	1002.00	1118.75	1167.50	1239.50	1278.50	1341.75	1397.50	1339.25	1258.50	1240.50	1199.25	1128.00	1094.75	1081.00	1074.00	1193.00	1190.25	1119.25	1058.25	991.00	957.00	932.75	892.25	846.75	832.00	843.50	876.25	971.75	1088.50	1163.75	1224.50	1273.25	1336.25	1402.75	1420.50	1476.75	1581.00	1607.50	1626.75	1419.25	1216.75	1233.00	1315.25	1384.75	1640.75	1789.00	1548.50	1296.50	1163.00	1247.50	912.25	406.50	268.75	164.25	214.75	354.75	778.00	824.00	805.75	822.75	984.75	1149.50	1314.25	1439.50	1616.50	1433.50	1283.25	1247.50	1384.75	1541.00	1267.75	1161.50	1154.25	1169.25	1336.25	1328.00	1267.50	1278.50	1270.00	1272.25	1421.75	1486.25	1579.00	1632.00	1616.50	1543.25	1548.50	1525.25	1501.50	1418.50	1348.25	1285.00	1146.75	1028.50	959.00	894.75	833.50	824.50	904.00	1009.75	1330.75	1424.00	1575.00	1652.00	1484.00	1221.50	1207.75	1065.00	1110.50	1239.75	1200.75	1270.75	1197.00
156.50	134.00	102.00	73.50	123.50	64.00	0.00	83.33	67.75	124.00	114.50	112.50	71.50	2.00										33.50	33.50	33.00	156.50	219.75	229.00	181.25	222.00	104.67	0.00	73.00	152.00	257.75	277.75	303.25	339.75	373.00	381.00	403.75	379.75	205.50	35.00	82.00	292.25	338.25	274.50	153.50	48.00									18.67	58.50	98.50	43.75	10.50	17.00	27.25	29.00	48.50	65.50	39.25	34.25	36.00	40.50	45.50	50.75	84.75	133.75	164.00	179.00	207.50	162.25	87.25	121.25	197.00	240.75	200.50	67.00	46.50	82.50	123.25	152.25	228.50	297.25	309.00	273.75	241.75	189.00	163.25	146.75	130.00	118.50	111.50	98.00	82.75	78.50	60.50	64.00	66.75	59.00	53.25	64.00	69.75	41.00	58.00	87.00	216.25	395.50	452.25	389.00	271.75	182.25	186.00	198.75	204.75	244.50	312.75	376.75	416.75	461.25	526.50	577.25	640.00	670.75	699.25	742.50	724.50	642.50	595.75	613.75	629.25	658.50	731.50	880.50	997.75	1126.75	1212.75	1314.25	1373.25	1389.50	1360.75	1322.25	1246.50	1213.50	1183.00	1106.00	1052.00	1017.50	1001.00	1101.00	1093.00	1023.00	985.75	941.00	909.25	892.50	861.50	830.75	826.00	836.75	857.00	905.50	981.75	1072.75	1175.50	1257.50	1371.25	1458.00	1443.00	1417.00	1434.00	1498.00	1567.75	1326.50	1151.00	1174.75	1378.25	1546.25	1866.25	1961.00	1756.75	1366.50	1069.25	906.75	652.75	278.75	188.50	212.75	280.25	602.50	1118.75	912.00	847.75	854.50	932.25	1075.25	1222.50	1372.75	1519.50	1444.25	1375.75	1296.25	1348.25	1473.25	1243.00	1187.50	1185.00	1243.00	1554.25	1568.75	1389.00	1294.25	1256.25	1257.50	1605.00	1604.25	1521.00	1534.75	1498.75	1433.75	1452.25	1472.75	1452.25	1352.75	1315.25	1234.25	1160.50	1054.50	981.50	906.00	832.25	813.50	834.25	921.50	1352.50	1491.00	1549.00	1567.50	1516.00	1272.75	1272.50	1101.50	1162.75	1296.75	1353.50	1446.50	1383.50
205.50	206.00	209.67	173.75	196.75	128.00	57.50	136.00	171.50	206.75	188.00	128.00	86.50													0.00	99.00	180.25	197.50	161.50	130.50	22.00	0.00	87.00	164.50	249.00	276.00	286.00	315.75	357.25	370.00	364.25	294.25	128.75	17.00	29.75	214.50	251.75	215.50										8.00	46.00	57.75	53.25	21.67	3.00	7.00	8.75	10.75	15.25	42.00	45.50	44.00	45.50	54.50	62.50	67.25	122.50	187.75	221.00	248.25	309.25	313.25	162.50	87.00	89.75	150.00	175.75	58.50	63.25	153.75	221.50	239.75	301.50	363.25	393.25	364.50	316.75	240.75	199.25	176.00	154.00	147.25	153.25	147.25	126.25	104.25	85.75	63.75	55.25	48.25	44.25	44.75	45.50	38.00	63.50	117.50	262.50	461.00	450.50	341.50	250.00	174.50	188.75	209.25	223.00	311.25	412.50	497.75	527.75	556.50	620.75	677.50	722.25	714.25	752.75	814.00	822.25	725.50	637.75	611.25	615.75	626.50	679.25	812.75	927.50	1077.00	1196.00	1327.50	1433.50	1408.25	1299.50	1272.50	1238.25	1212.25	1176.75	1102.75	1041.25	976.00	943.00	1016.25	989.50	899.50	881.25	863.50	851.75	845.00	828.75	814.25	818.75	824.25	837.25	855.00	893.50	980.00	1102.50	1226.75	1380.50	1532.25	1544.00	1449.25	1355.00	1337.75	1505.50	1264.50	1086.50	1092.25	1385.00	1551.25	1769.00	1771.75	1687.25	1380.50	1090.25	785.75	479.00	212.75	164.75	260.75	357.75	923.00	1253.00	969.00	878.00	881.75	912.25	1028.25	1157.00	1222.75	1349.50	1410.75	1392.00	1331.75	1430.75	1484.50	1260.25	1209.25	1212.25	1281.50	1524.25	1599.00	1534.75	1307.25	1235.50	1234.75	1629.50	1679.25	1493.50	1475.50	1399.50	1326.75	1328.50	1335.25	1339.50	1365.25	1369.25	1328.75	1212.75	1028.75	967.50	917.00	860.50	873.25	776.25	807.75	1243.00	1389.75	1405.50	1481.00	1568.75	1426.00	1430.00	1333.00	1270.25	1293.50	1341.50	1444.50	1460.50
262.75	287.00	282.75	280.50	278.75	211.75	127.75	162.25	215.00	273.50	272.25	216.75	140.50	107.50	140.00	65.00										0.00	57.00	142.50	169.00	125.00	75.00		0.00	65.50	123.33	143.75	168.75	247.00	276.00	325.25	359.00	322.75	212.00	79.33	7.00	6.00	131.50	120.00											8.50	46.00	46.00	17.50	0.00	0.00	27.50	55.25	48.75	48.25	53.75	52.75	56.50	67.25	90.00	105.50	108.25	167.75	222.00	262.50	290.00	356.00	400.25	296.75	172.00	100.75	76.25	99.00	56.00	126.00	250.50	327.25	326.50	340.50	379.25	415.75	402.00	355.50	308.25	262.75	224.00	197.50	203.00	229.50	236.00	210.00	182.75	160.75	96.25	51.00	44.75	41.50	40.00	39.00	37.25	69.25	140.25	234.50	379.50	317.25	239.25	203.50	177.25	197.75	218.75	252.50	379.00	453.00	541.75	595.50	624.25	670.25	726.25	739.50	721.75	789.50	864.50	903.50	824.75	709.75	640.50	614.50	616.50	637.50	716.50	840.50	1010.50	1138.25	1250.00	1405.00	1386.25	1294.25	1209.75	1219.50	1225.00	1196.50	1089.00	1036.00	955.50	871.75	885.25	849.25	776.00	779.50	782.25	794.25	803.25	804.50	803.00	809.75	810.25	817.25	831.00	849.50	906.50	1008.00	1181.50	1361.75	1564.25	1635.25	1573.75	1426.50	1228.75	1285.25	1129.00	1001.50	1045.75	1271.75	1295.25	1535.25	1458.25	1412.50	1240.75	1001.50	744.50	384.75	160.75	165.75	286.75	508.75	1210.50	1256.50	987.00	906.25	909.75	931.00	1035.25	1218.75	1240.00	1282.75	1360.25	1372.50	1367.25	1536.00	1616.25	1298.50	1227.25	1232.00	1279.25	1387.00	1500.75	1481.00	1270.50	1212.75	1200.50	1439.75	1624.75	1505.25	1486.75	1388.00	1318.25	1268.00	1217.25	1207.25	1278.00	1368.00	1388.25	1196.50	957.50	935.25	899.00	892.75	945.50	816.75	746.25	1027.50	1199.00	1323.50	1462.50	1595.75	1607.75	1563.25	1465.25	1365.00	1288.50	1341.25	1446.00	1388.75
256.50	275.00	308.25	285.50	296.25	244.25	149.25	174.00	253.00	304.50	318.50	287.25	232.25	160.50	154.50	83.25	0.00	48.00	24.00							0.00	36.33	66.50	111.25	87.33			0.00	38.50	52.00	47.00	33.00	161.50	189.00	241.75	309.50	265.00	162.25	71.00		0.00	87.50	47.00											9.00	28.00				0.00	99.75	154.75	127.50	118.50	98.50	82.50	79.75	102.00	155.00	170.00	160.50	222.50	271.00	305.50	333.00	384.75	416.25	389.25	288.00	153.25	66.25	59.75	81.75	218.25	338.25	406.75	383.50	374.25	399.50	419.50	404.00	376.25	369.50	321.75	270.00	244.75	259.25	303.75	326.25	310.50	283.25	261.50	163.00	59.75	45.25	40.50	39.75	38.75	37.25	64.75	128.25	176.25	234.50	192.00	169.50	169.00	189.25	203.00	227.25	268.75	387.75	428.75	489.25	598.50	670.00	680.50	701.50	709.25	720.00	810.75	905.75	954.25	904.75	804.75	708.00	627.50	615.25	622.75	658.50	753.50	915.00	1036.00	1148.25	1304.75	1292.50	1273.25	1122.00	1204.75	1261.50	1223.25	1051.50	988.25	887.00	772.75	736.50	728.25	735.75	759.00	773.25	781.00	794.75	809.00	812.75	808.25	804.25	802.50	805.00	818.25	850.75	924.00	1117.75	1328.25	1504.50	1563.75	1612.50	1537.00	1225.00	1024.75	904.00	871.25	1049.75	1127.50	956.00	1202.50	1193.25	1035.00	978.25	728.50	507.00	254.50	128.25	167.50	351.50	715.00	1232.75	1123.50	964.25	939.00	941.25	959.00	1046.25	1204.25	1249.50	1302.00	1443.00	1481.50	1430.50	1515.50	1570.50	1296.75	1241.50	1254.25	1330.00	1411.75	1446.75	1329.75	1250.50	1197.75	1169.75	1230.25	1437.50	1614.50	1614.50	1496.25	1395.25	1267.00	1193.25	1157.00	1157.25	1237.25	1269.25	1075.75	887.00	909.00	889.25	918.00	995.50	932.25	765.50	861.50	1071.50	1252.25	1395.25	1559.25	1580.50	1452.75	1340.25	1389.00	1442.25	1478.50	1609.50	1496.25
207.75	245.50	304.75	286.25	299.75	265.75	151.25	192.75	297.50	328.50	332.25	303.00	295.50	251.25	209.25	131.75	43.75	90.25	101.33								40.00	16.00	54.25	43.67							10.67	79.00	127.50	143.25	216.75	191.50	170.00	98.00										18.00	19.50									0.00	174.00	283.50	246.00	228.50	192.50	157.50	129.00	158.50	240.00	240.50	200.75	282.50	339.00	370.00	400.25	431.50	465.25	430.25	301.00	143.50	62.25	56.50	136.75	292.50	389.75	449.25	414.25	396.25	429.50	431.00	401.25	375.75	376.75	349.50	302.25	275.00	281.75	334.75	390.25	406.00	385.50	352.50	232.75	76.75	47.25	40.00	39.75	37.75	38.50	56.00	91.75	130.50	154.75	155.00	164.25	177.25	205.00	213.75	228.25	252.00	335.25	382.25	421.25	550.25	656.75	671.50	666.25	693.50	723.50	812.25	909.50	974.75	974.50	906.25	785.25	665.25	618.25	619.00	635.00	672.00	775.50	893.25	1041.75	1185.50	1163.75	1143.50	1044.50	1223.25	1317.50	1223.50	1006.50	885.25	750.25	671.50	675.00	738.75	836.00	861.00	858.75	841.75	836.00	850.00	846.75	822.75	809.00	804.75	795.75	799.75	821.75	872.00	1026.25	1255.75	1365.00	1411.00	1527.25	1501.75	1256.25	1015.75	792.25	666.75	844.75	807.25	593.75	689.50	749.00	630.25	628.00	432.50	268.75	151.00	123.50	187.75	489.50	885.75	1076.25	987.75	955.50	970.00	971.75	978.75	1053.75	1187.75	1250.75	1291.50	1431.50	1579.50	1435.50	1412.50	1371.25	1263.00	1248.25	1271.25	1389.25	1503.50	1400.75	1330.00	1447.50	1246.00	1145.25	1142.75	1262.00	1683.25	1690.75	1591.00	1483.25	1320.00	1202.75	1149.50	1107.00	1116.50	1114.00	983.25	843.50	843.50	855.25	927.75	1045.50	1049.50	880.25	744.50	868.75	1049.00	1177.50	1371.50	1410.00	1259.50	1293.75	1492.00	1656.50	1700.50	1802.50	1714.50
168.75	217.50	283.00	297.25	282.75	250.75	147.50	218.00	317.50	334.25	329.00	312.25	328.75	308.75	282.00	225.50	153.50	146.25	145.50										39.50	37.00							32.00	50.50		52.00	120.33	101.00	144.00	76.50								18.50	94.50	64.25	61.25	82.50	45.00	11.50						0.00	208.75	372.50	359.25	328.00	305.00	264.50	212.75	247.50	287.50	280.00	234.25	352.00	423.00	460.75	495.00	506.25	518.50	415.00	214.25	89.50	55.00	48.00	188.00	347.75	392.75	444.00	419.75	409.50	447.25	433.50	405.00	374.50	363.50	358.00	327.25	292.00	285.75	320.50	419.00	468.00	472.75	427.50	287.50	95.00	51.25	39.75	39.50	38.25	45.00	57.75	78.50	111.50	137.50	164.75	193.25	205.50	227.75	239.75	229.50	234.75	277.75	334.25	389.00	508.00	608.25	649.25	652.75	686.75	719.50	794.75	873.50	962.50	1024.25	989.75	860.25	730.75	638.75	617.75	619.75	624.75	649.75	716.50	849.50	982.50	967.75	980.75	1042.25	1269.25	1346.50	1182.50	906.50	742.50	639.50	627.25	707.00	847.25	986.00	980.25	956.50	926.50	902.25	905.00	891.00	846.50	830.75	832.25	803.25	782.75	797.25	828.50	924.00	1137.50	1208.25	1263.25	1433.00	1417.25	1220.00	1078.75	802.25	530.25	472.00	394.25	303.00	297.75	318.75	321.25	300.00	200.25	140.25	126.75	168.75	244.50	725.50	986.00	987.25	999.75	1044.00	995.00	996.50	1000.25	1040.00	1248.00	1331.75	1349.25	1394.75	1547.50	1409.25	1331.75	1273.50	1244.75	1246.50	1258.75	1373.00	1570.75	1516.25	1528.75	1634.50	1299.00	1118.25	1109.50	1164.25	1599.75	1621.00	1562.00	1486.25	1356.50	1209.25	1152.25	1085.25	1059.50	1018.75	937.00	812.00	741.25	823.50	960.50	1091.50	1187.75	1085.00	747.75	708.50	790.50	881.00	1069.00	1199.50	1133.75	1381.25	1597.75	1594.25	1700.00	1821.50	1733.25
165.50	206.50	257.50	266.50	260.00	182.50	170.50	273.50	339.50	330.50	307.50	294.50	294.50	322.00	338.50	309.50	282.50	261.00	240.00	28.00								16.00	26.50	27.00	60.00	33.50			0.00	60.50	94.50	36.00		14.50												102.00	263.50	285.50	237.00	168.50	167.50	156.00	100.00	33.00				0.00	166.50	331.50	385.50	381.50	304.50	294.50	291.00	255.00	222.00	238.50	286.50	451.50	514.00	513.50	545.50	535.00	505.50	313.50	121.50	64.50	48.00	42.00	208.00	377.50	395.00	367.00	380.50	402.00	428.00	415.50	410.50	388.50	387.50	355.00	344.50	308.50	286.50	295.00	414.50	483.50	524.00	490.50	368.50	118.00	56.00	40.50	38.50	38.00	94.00	106.50	131.50	166.50	195.00	223.50	245.50	254.00	261.00	260.00	235.00	242.50	260.50	302.50	362.50	455.50	553.50	610.50	634.00	666.50	691.50	766.00	825.50	928.50	1046.50	1069.50	973.00	874.50	723.00	673.50	630.50	611.50	586.50	563.50	571.50	605.00	652.50	943.50	1124.00	1134.00	1282.50	1027.50	651.00	588.50	639.00	749.50	880.50	877.50	1082.00	1112.00	1064.00	1023.00	992.00	990.50	971.50	921.50	889.50	880.50	820.00	761.50	750.00	764.00	824.50	920.50	973.00	1116.00	1241.50	1154.50	994.50	858.50	562.00	243.00	175.00	135.50	113.50	104.50	111.00	111.00	109.00	121.50	167.50	213.50	326.50	436.50	810.00	871.00	950.50	1234.00	1256.00	1032.00	1029.50	1028.00	1035.50	1263.50	1325.50	1307.00	1374.00	1491.50	1695.50	1472.50	1260.00	1237.00	1234.50	1216.50	1197.50	1315.50	1426.00	1503.50	1322.00	1202.50	1072.50	1047.50	1062.00	1441.50	1518.50	1449.50	1372.50	1309.00	1206.50	1171.00	1089.00	1025.00	935.00	846.00	728.50	667.50	872.00	1094.00	1168.50	1339.00	1322.00	1030.50	916.00	681.50	698.50	763.00	952.00	1169.50	1444.00	1461.50	1357.00	1502.50	1682.00	1713.00
142.00	184.75	251.75	259.50	231.00	166.75	194.00	282.50	338.50	330.75	295.25	276.00	280.00	313.75	334.75	300.50	291.00	276.25	274.50	137.50	153.00							8.00	59.25	78.00	54.75	33.50		38.00	43.33	51.50	75.50	38.00	20.00	15.00											42.00	155.75	317.25	326.00	273.00	230.75	224.75	219.50	181.50	92.00				0.00	132.25	313.25	363.00	322.00	241.50	241.25	255.25	221.50	214.50	251.25	325.75	469.25	504.50	485.00	508.50	515.00	488.75	314.50	120.25	63.25	44.00	47.75	209.50	361.00	395.00	365.75	381.00	398.00	407.75	398.50	396.00	381.75	378.75	351.50	336.25	309.50	291.25	302.25	404.25	459.00	519.25	505.50	387.75	124.50	57.00	40.25	38.25	37.75	106.75	130.25	164.75	206.50	231.50	256.50	274.00	272.75	266.00	262.25	255.00	256.50	267.00	309.75	379.00	465.25	574.00	626.00	637.50	657.00	683.50	769.25	830.50	943.50	1028.00	1029.00	955.50	883.75	759.00	729.50	694.25	669.25	622.50	579.50	550.50	565.25	614.00	835.25	963.25	1060.25	1170.50	926.75	623.25	611.00	728.25	854.75	984.75	957.00	1055.25	1106.25	1087.25	1063.75	1027.00	1015.00	998.50	957.00	928.25	923.50	873.25	779.75	749.25	754.00	790.00	856.75	903.50	996.00	1071.75	996.75	862.75	641.50	394.25	175.75	137.25	125.00	108.25	126.50	136.25	140.25	151.75	183.75	227.50	270.25	455.00	635.00	817.00	899.50	1013.50	1262.25	1216.75	1043.50	1039.00	1039.50	1054.25	1206.50	1260.75	1286.00	1339.00	1427.50	1651.25	1465.25	1263.00	1240.25	1231.00	1207.50	1184.50	1231.25	1312.50	1446.75	1309.50	1191.25	1058.00	1036.25	1045.00	1356.00	1470.75	1407.25	1338.50	1295.50	1216.25	1181.50	1089.00	1031.25	944.50	837.50	715.00	659.50	869.50	1094.50	1198.00	1344.25	1371.50	1091.50	1024.25	751.50	710.50	766.75	954.50	1192.00	1361.50	1375.00	1295.50	1457.50	1630.25	1699.50