1392.50	1392.00	1392.00	1392.00	1392.00	1392.00	1392.00	1392.00	1392.00	1392.50	1393.00	1393.00	1393.00	1394.00	1395.50	1396.50	1397.50	1399.00	1400.50	1402.00	1404.00	1405.50	1406.50	1408.50	1411.00	1413.00	1416.00	1417.00	1420.00	1423.00	1425.00	1427.00	1429.00	1432.00	1434.00	1437.00	1439.00	1441.50	1443.00	1447.00	1448.50	1449.50	1451.00	1452.50	1455.00	1456.00	1457.50	1458.50	1460.00	1462.50	1463.50	1464.00	1465.00	1465.00	1465.50	1466.00	1466.50	1467.00	1467.00	1467.00	1467.00	1467.00	1467.00	1467.50	1468.00	1468.00	1468.00	1468.00	1468.00	1468.00	1468.00	1468.00	1468.50	1469.00	1469.00	1469.00	1469.00	1469.00	1469.00	1469.00	1469.00	1469.00	1470.00	1470.00	1470.00	1470.00	1470.50	1471.00	1471.00	1472.00	1472.00	1472.50	1473.00	1474.00	1474.50	1475.00	1476.00	1476.50	1478.00	1478.50	1479.00	1479.50	1481.00	1481.50	1483.00	1483.00	1484.50	1485.00	1486.50	1487.00	1487.50	1488.00	1489.00	1490.00	1490.00	1491.00	1491.50	1492.50	1493.00	1493.00	1494.00	1494.00	1495.00	1495.00	1496.00	1496.50	1497.00	1498.00	1498.00	1499.00	1499.00	1500.00	1500.50	1501.00	1501.50	1502.00	1503.00	1503.00	1503.50	1504.00	1505.00	1505.00	1505.50	1507.00	1509.50	1511.00	1512.00	1513.50	1515.00	1517.50	1518.50	1519.50	1522.00	1523.50	1524.50	1526.00	1527.50	1528.50	1531.00	1532.00	1534.00	1537.00	1540.00	1542.00	1544.00	1547.00	1549.00	1552.00	1553.00	1555.50	1557.00	1559.50	1560.50	1561.50	1563.00	1565.00	1567.00	1568.00	1569.50	1570.50	1571.50	1572.50	1573.00	1574.00	1575.00	1575.50	1577.00	1577.50	1578.00	1578.00	1579.00	1579.00	1579.00	1580.00	1580.00	1580.00	1581.00	1581.00	1581.00	1581.00	1581.00	1581.50	1582.00	1582.00	1582.00	1582.00	1583.00	1583.00	1584.00	1584.00	1584.00	1584.50	1585.00	1585.00	1585.00	1586.00	1587.50	1588.00	1589.50	1590.00	1590.50	1592.00	1593.00	1594.00	1595.00	1596.50	1597.50	1599.00	1600.50	1601.50	1603.00	1604.00	1605.50	1607.00	1608.50	1609.50	1610.50	1612.00	1614.50	1616.00	1617.00	1618.50	1619.50	1622.50	1623.50	1624.50	1626.00	1627.50	1628.50	1630.00	1631.50	1632.00	1633.00	1634.00	1635.00	1636.00
1392.50	1392.00	1392.00	1392.00	1392.00	1392.00	1392.00	1392.00	1392.00	1392.50	1393.00	1393.00	1393.00	1394.00	1395.50	1396.50	1397.50	1399.00	1400.50	1402.00	1404.00	1405.50	1406.50	1408.50	1411.00	1413.00	1416.00	1417.00	1420.00	1423.00	1425.00	1427.00	1429.00	1432.00	1434.00	1437.00	1439.00	1441.50	1443.00	1447.00	1448.50	1449.50	1451.00	1452.50	1455.00	1456.00	1457.50	1458.50	1460.00	1462.50	1463.50	1464.00	1465.00	1465.00	1465.50	1466.00	1466.50	1467.00	1467.00	1467.00	1467.00	1467.00	1467.00	1467.50	1468.00	1468.00	1468.00	1468.00	1468.00	1468.00	1468.00	1468.00	1468.50	1469.00	1469.00	1469.00	1469.00	1469.00	1469.00	1469.00	1469.00	1469.00	1470.00	1470.00	1470.00	1470.00	1470.50	1471.00	1471.00	1472.00	1472.00	1472.50	1473.00	1474.00	1474.50	1475.00	1476.00	1476.50	1478.00	1478.50	1479.00	1479.50	1481.00	1481.50	1483.00	1483.00	1484.50	1485.00	1486.50	1487.00	1487.50	1488.00	1489.00	1490.00	1490.00	1491.00	1491.50	1492.50	1493.00	1493.00	1494.00	1494.00	1495.00	1495.00	1496.00	1496.50	1497.00	1498.00	1498.00	1499.00	1499.00	1500.00	1500.50	1501.00	1501.50	1502.00	1503.00	1503.00	1503.50	1504.00	1505.00	1505.00	1505.50	1507.00	1509.50	1511.00	1512.00	1513.50	1515.00	1517.50	1518.50	1519.50	1522.00	1523.50	1524.50	1526.00	1527.50	1528.50	1531.00	1532.00	1534.00	1537.00	1540.00	1542.00	1544.00	1547.00	1549.00	1552.00	1553.00	1555.50	1557.00	1559.50	1560.50	1561.50	1563.00	1565.00	1567.00	1568.00	1569.50	1570.50	1571.50	1572.50	1573.00	1574.00	1575.00	1575.50	1577.00	1577.50	1578.00	1578.00	1579.00	1579.00	1579.00	1580.00	1580.00	1580.00	1581.00	1581.00	1581.00	1581.00	1581.00	1581.50	1582.00	1582.00	1582.00	1582.00	1583.00	1583.00	1584.00	1584.00	1584.00	1584.50	1585.00	1585.00	1585.00	1586.00	1587.50	1588.00	1589.50	1590.00	1590.50	1592.00	1593.00	1594.00	1595.00	1596.50	1597.50	1599.00	1600.50	1601.50	1603.00	1604.00	1605.50	1607.00	1608.50	1609.50	1610.50	1612.00	1614.50	1616.00	1617.00	1618.50	1619.50	1622.50	1623.50	1624.50	1626.00	1627.50	1628.50	1630.00	1631.50	1632.00	1633.00	1634.00	1635.00	1636.00
1392.50	1392.00	1392.00	1392.00	1392.00	1392.00	1392.00	1392.00	1392.00	1392.50	1393.00	1393.00	1393.00	1394.00	1395.50	1396.50	1397.50	1399.00	1400.50	1402.00	1404.00	1405.50	1406.50	1408.50	1411.00	1413.00	1416.00	1417.00	1420.00	1423.00	1425.00	1427.00	1429.00	1432.00	1434.00	1437.00	1439.00	1441.50	1443.00	1447.00	1448.50	1449.50	1451.00	1452.50	1455.00	1456.00	1457.50	1458.50	1460.00	1462.50	1463.50	1464.00	1465.00	1465.00	1465.50	1466.00	1466.50	1467.00	1467.00	1467.00	1467.00	1467.00	1467.00	1467.50	1468.00	1468.00	1468.00	1468.00	1468.00	1468.00	1468.00	1468.00	1468.50	1469.00	1469.00	1469.00	1469.00	1469.00	1469.00	1469.00	1469.00	1469.00	1470.00	1470.00	1470.00	1470.00	1470.50	1471.00	1471.00	1472.00	1472.00	1472.50	1473.00	1474.00	1474.50	1475.00	1476.00	1476.50	1478.00	1478.50	1479.00	1479.50	1481.00	1481.50	1483.00	1483.00	1484.50	1485.00	1486.50	1487.00	1487.50	1488.00	1489.00	1490.00	1490.00	1491.00	1491.50	1492.50	1493.00	1493.00	1494.00	1494.00	1495.00	1495.00	1496.00	1496.50	1497.00	1498.00	1498.00	1499.00	1499.00	1500.00	1500.50	1501.00	1501.50	1502.00	1503.00	1503.00	1503.50	1504.00	1505.00	1505.00	1505.50	1507.00	1509.50	1511.00	1512.00	1513.50	1515.00	1517.50	1518.50	1519.50	1522.00	1523.50	1524.50	1526.00	1527.50	1528.50	1531.00	1532.00	1534.00	1537.00	1540.00	1542.00	1544.00	1547.00	1549.00	1552.00	1553.00	1555.50	1557.00	1559.50	1560.50	1561.50	1563.00	1565.00	1567.00	1568.00	1569.50	1570.50	1571.50	1572.50	1573.00	1574.00	1575.00	1575.50	1577.00	1577.50	1578.00	1578.00	1579.00	1579.00	1579.00	1580.00	1580.00	1580.00	1581.00	1581.00	1581.00	1581.00	1581.00	1581.50	1582.00	1582.00	1582.00	1582.00	1583.00	1583.00	1584.00	1584.00	1584.00	1584.50	1585.00	1585.00	1585.00	1586.00	1587.50	1588.00	1589.50	1590.00	1590.50	1592.00	1593.00	1594.00	1595.00	1596.50	1597.50	1599.00	1600.50	1601.50	1603.00	1604.00	1605.50	1607.00	1608.50	1609.50	1610.50	1612.00	1614.50	1616.00	1617.00	1618.50	1619.50	1622.50	1623.50	1624.50	1626.00	1627.50	1628.50	1630.00	1631.50	1632.00	1633.00	1634.00	1635.00	1636.00
1392.75	1392.50	1392.50	1392.50	1392.50	1392.50	1392.25	1392.00	1392.00	1392.25	1393.00	1393.00	1393.50	1394.50	1396.00	1396.75	1397.50	1399.00	1400.50	1402.00	1403.50	1405.50	1406.75	1409.00	1411.25	1413.00	1415.50	1417.00	1419.50	1422.50	1424.75	1426.50	1428.50	1431.50	1433.50	1436.50	1438.50	1440.75	1442.25	1445.25	1446.75	1448.00	1449.50	1451.00	1453.00	1454.00	1455.50	1456.50	1458.00	1460.00	1461.00	1462.00	1463.25	1463.75	1464.25	1465.00	1465.50	1466.00	1466.00	1466.50	1466.50	1466.50	1466.75	1467.25	1467.50	1467.50	1467.50	1467.50	1467.00	1467.00	1467.00	1467.00	1467.25	1467.50	1467.50	1467.50	1468.00	1468.00	1468.00	1468.00	1468.00	1468.25	1469.00	1469.00	1469.25	1469.50	1470.00	1470.50	1470.50	1471.00	1471.50	1471.75	1472.50	1473.25	1473.75	1474.25	1475.00	1476.00	1477.00	1477.75	1478.25	1478.75	1480.25	1480.75	1482.00	1482.50	1483.50	1484.00	1485.50	1486.00	1486.50	1487.50	1488.25	1489.50	1489.50	1490.50	1491.00	1492.00	1492.75	1493.00	1494.00	1494.00	1495.25	1495.50	1496.50	1497.00	1497.50	1498.50	1498.75	1499.50	1500.00	1500.75	1501.25	1502.00	1502.75	1503.25	1504.00	1504.50	1505.00	1505.50	1506.75	1507.00	1507.50	1509.00	1510.50	1512.00	1513.00	1514.00	1515.25	1517.50	1518.50	1519.50	1521.50	1523.00	1523.75	1525.00	1526.75	1528.00	1530.50	1532.00	1534.50	1537.50	1540.00	1542.00	1544.00	1547.50	1549.25	1552.00	1553.00	1555.25	1557.00	1559.00	1560.25	1561.50	1563.00	1564.75	1566.50	1567.50	1568.50	1569.50	1570.50	1571.50	1572.00	1573.00	1574.00	1574.25	1575.50	1575.75	1576.00	1576.00	1577.00	1577.00	1577.00	1577.50	1577.50	1577.50	1578.00	1578.25	1578.50	1578.50	1578.50	1578.75	1579.00	1579.50	1579.75	1580.00	1581.00	1581.25	1582.00	1582.50	1582.75	1583.25	1584.25	1584.50	1585.00	1586.00	1587.50	1588.25	1589.75	1590.25	1591.00	1592.50	1593.75	1595.00	1596.50	1598.00	1599.00	1600.50	1602.00	1603.00	1604.50	1605.50	1607.00	1608.50	1610.00	1611.00	1612.00	1614.00	1616.00	1617.50	1618.50	1620.00	1621.00	1623.50	1624.50	1625.50	1627.00	1628.50	1629.25	1630.50	1631.75	1632.25	1633.50	1634.00	1635.25	1636.00
1393.00	1393.00	1393.00	1393.00	1393.00	1393.00	1392.50	1392.00	1392.00	1392.00	1393.00	1393.00	1394.00	1395.00	1396.50	1397.00	1397.50	1399.00	1400.50	1402.00	1403.00	1405.50	1407.00	1409.50	1411.50	1413.00	1415.00	1417.00	1419.00	1422.00	1424.50	1426.00	1428.00	1431.00	1433.00	1436.00	1438.00	1440.00	1441.50	1443.50	1445.00	1446.50	1448.00	1449.50	1451.00	1452.00	1453.50	1454.50	1456.00	1457.50	1458.50	1460.00	1461.50	1462.50	1463.00	1464.00	1464.50	1465.00	1465.00	1466.00	1466.00	1466.00	1466.50	1467.00	1467.00	1467.00	1467.00	1467.00	1466.00	1466.00	1466.00	1466.00	1466.00	1466.00	1466.00	1466.00	1467.00	1467.00	1467.00	1467.00	1467.00	1467.50	1468.00	1468.00	1468.50	1469.00	1469.50	1470.00	1470.00	1470.00	1471.00	1471.00	1472.00	1472.50	1473.00	1473.50	1474.00	1475.50	1476.00	1477.00	1477.50	1478.00	1479.50	1480.00	1481.00	1482.00	1482.50	1483.00	1484.50	1485.00	1485.50	1487.00	1487.50	1489.00	1489.00	1490.00	1490.50	1491.50	1492.50	1493.00	1494.00	1494.00	1495.50	1496.00	1497.00	1497.50	1498.00	1499.00	1499.50	1500.00	1501.00	1501.50	1502.00	1503.00	1504.00	1504.50	1505.00	1506.00	1506.50	1507.00	1508.50	1509.00	1509.50	1511.00	1511.50	1513.00	1514.00	1514.50	1515.50	1517.50	1518.50	1519.50	1521.00	1522.50	1523.00	1524.00	1526.00	1527.50	1530.00	1532.00	1535.00	1538.00	1540.00	1542.00	1544.00	1548.00	1549.50	1552.00	1553.00	1555.00	1557.00	1558.50	1560.00	1561.50	1563.00	1564.50	1566.00	1567.00	1567.50	1568.50	1569.50	1570.50	1571.00	1572.00	1573.00	1573.00	1574.00	1574.00	1574.00	1574.00	1575.00	1575.00	1575.00	1575.00	1575.00	1575.00	1575.00	1575.50	1576.00	1576.00	1576.00	1576.00	1576.00	1577.00	1577.50	1578.00	1579.00	1579.50	1580.00	1581.00	1581.50	1582.00	1583.50	1584.00	1585.00	1586.00	1587.50	1588.50	1590.00	1590.50	1591.50	1593.00	1594.50	1596.00	1598.00	1599.50	1600.50	1602.00	1603.50	1604.50	1606.00	1607.00	1608.50	1610.00	1611.50	1612.50	1613.50	1616.00	1617.50	1619.00	1620.00	1621.50	1622.50	1624.50	1625.50	1626.50	1628.00	1629.50	1630.00	1631.00	1632.00	1632.50	1634.00	1634.00	1635.50	1636.00
1393.00	1393.00	1393.00	1393.00	1393.00	1393.00	1392.50	1392.00	1392.00	1392.00	1393.00	1393.00	1394.00	1395.00	1396.50	1397.00	1397.50	1399.00	1400.50	1402.00	1403.00	1405.50	1407.00	1409.50	1411.50	1413.00	1415.00	1417.00	1419.00	1422.00	1424.50	1426.00	1428.00	1431.00	1433.00	1436.00	1438.00	1440.00	1441.50	1443.50	1445.00	1446.50	1448.00	1449.50	1451.00	1452.00	1453.50	1454.50	1456.00	1457.50	1458.50	1460.00	1461.50	1462.50	1463.00	1464.00	1464.50	1465.00	1465.00	1466.00	1466.00	1466.00	1466.50	1467.00	1467.00	1467.00	1467.00	1467.00	1466.00	1466.00	1466.00	1466.00	1466.00	1466.00	1466.00	1466.00	1467.00	1467.00	1467.00	1467.00	1467.00	1467.50	1468.00	1468.00	1468.50	1469.00	1469.50	1470.00	1470.00	1470.00	1471.00	1471.00	1472.00	1472.50	1473.00	1473.50	1474.00	1475.50	1476.00	1477.00	1477.50	1478.00	1479.50	1480.00	1481.00	1482.00	1482.50	1483.00	1484.50	1485.00	1485.50	1487.00	1487.50	1489.00	1489.00	1490.00	1490.50	1491.50	1492.50	1493.00	1494.00	1494.00	1495.50	1496.00	1497.00	1497.50	1498.00	1499.00	1499.50	1500.00	1501.00	1501.50	1502.00	1503.00	1504.00	1504.50	1505.00	1506.00	1506.50	1507.00	1508.50	1509.00	1509.50	1511.00	1511.50	1513.00	1514.00	1514.50	1515.50	1517.50	1518.50	1519.50	1521.00	1522.50	1523.00	1524.00	1526.00	1527.50	1530.00	1532.00	1535.00	1538.00	1540.00	1542.00	1544.00	1548.00	1549.50	1552.00	1553.00	1555.00	1557.00	1558.50	1560.00	1561.50	1563.00	1564.50	1566.00	1567.00	1567.50	1568.50	1569.50	1570.50	1571.00	1572.00	1573.00	1573.00	1574.00	1574.00	1574.00	1574.00	1575.00	1575.00	1575.00	1575.00	1575.00	1575.00	1575.00	1575.50	1576.00	1576.00	1576.00	1576.00	1576.00	1577.00	1577.50	1578.00	1579.00	1579.50	1580.00	1581.00	1581.50	1582.00	1583.50	1584.00	1585.00	1586.00	1587.50	1588.50	1590.00	1590.50	1591.50	1593.00	1594.50	1596.00	1598.00	1599.50	1600.50	1602.00	1603.50	1604.50	1606.00	1607.00	1608.50	1610.00	1611.50	1612.50	1613.50	1616.00	1617.50	1619.00	1620.00	1621.50	1622.50	1624.50	1625.50	1626.50	1628.00	1629.50	1630.00	1631.00	1632.00	1632.50	1634.00	1634.00	1635.50	1636.00
1393.00	1393.00	1393.00	1393.00	1393.00	1393.00	1392.50	1392.00	1392.00	1392.00	1393.00	1393.00	1394.00	1395.00	1396.50	1397.00	1397.50	1399.00	1400.50	1402.00	1403.00	1405.50	1407.00	1409.50	1411.50	1413.00	1415.00	1417.00	1419.00	1422.00	1424.50	1426.00	1428.00	1431.00	1433.00	1436.00	1438.00	1440.00	1441.50	1443.50	1445.00	1446.50	1448.00	1449.50	1451.00	1452.00	1453.50	1454.50	1456.00	1457.50	1458.50	1460.00	1461.50	1462.50	1463.00	1464.00	1464.50	1465.00	1465.00	1466.00	1466.00	1466.00	1466.50	1467.00	1467.00	1467.00	1467.00	1467.00	1466.00	1466.00	1466.00	1466.00	1466.00	1466.00	1466.00	1466.00	1467.00	1467.00	1467.00	1467.00	1467.00	1467.50	1468.00	1468.00	1468.50	1469.00	1469.50	1470.00	1470.00	1470.00	1471.00	1471.00	1472.00	1472.50	1473.00	1473.50	1474.00	1475.50	1476.00	1477.00	1477.50	1478.00	1479.50	1480.00	1481.00	1482.00	1482.50	1483.00	1484.50	1485.00	1485.50	1487.00	1487.50	1489.00	1489.00	1490.00	1490.50	1491.50	1492.50	1493.00	1494.00	1494.00	1495.50	1496.00	1497.00	1497.50	1498.00	1499.00	1499.50	1500.00	1501.00	1501.50	1502.00	1503.00	1504.00	1504.50	1505.00	1506.00	1506.50	1507.00	1508.50	1509.00	1509.50	1511.00	1511.50	1513.00	1514.00	1514.50	1515.50	1517.50	1518.50	1519.50	1521.00	1522.50	1523.00	1524.00	1526.00	1527.50	1530.00	1532.00	1535.00	1538.00	1540.00	1542.00	1544.00	1548.00	1549.50	1552.00	1553.00	1555.00	1557.00	1558.50	1560.00	1561.50	1563.00	1564.50	1566.00	1567.00	1567.50	1568.50	1569.50	1570.50	1571.00	1572.00	1573.00	1573.00	1574.00	1574.00	1574.00	1574.00	1575.00	1575.00	1575.00	1575.00	1575.00	1575.00	1575.00	1575.50	1576.00	1576.00	1576.00	1576.00	1576.00	1577.00	1577.50	1578.00	1579.00	1579.50	1580.00	1581.00	1581.50	1582.00	1583.50	1584.00	1585.00	1586.00	1587.50	1588.50	1590.00	1590.50	1591.50	1593.00	1594.50	1596.00	1598.00	1599.50	1600.50	1602.00	1603.50	1604.50	1606.00	1607.00	1608.50	1610.00	1611.50	1612.50	1613.50	1616.00	1617.50	1619.00	1620.00	1621.50	1622.50	1624.50	1625.50	1626.50	1628.00	1629.50	1630.00	1631.00	1632.00	1632.50	1634.00	1634.00	1635.50	1636.00
1393.00	1393.00	1393.00	1393.00	1393.00	1393.00	1392.50	1392.00	1392.00	1392.00	1393.00	1393.00	1394.00	1395.00	1396.50	1397.00	1397.50	1399.00	1400.50	1402.00	1403.00	1405.50	1407.00	1409.50	1411.50	1413.00	1415.00	1417.00	1419.00	1422.00	1424.50	1426.00	1428.00	1431.00	1433.00	1436.00	1438.00	1440.00	1441.50	1443.50	1445.00	1446.50	1448.00	1449.50	1451.00	1452.00	1453.50	1454.50	1456.00	1457.50	1458.50	1460.00	1461.50	1462.50	1463.00	1464.00	1464.50	1465.00	1465.00	1466.00	1466.00	1466.00	1466.50	1467.00	1467.00	1467.00	1467.00	1467.00	1466.00	1466.00	1466.00	1466.00	1466.00	1466.00	1466.00	1466.00	1467.00	1467.00	1467.00	1467.00	1467.00	1467.50	1468.00	1468.00	1468.50	1469.00	1469.50	1470.00	1470.00	1470.00	1471.00	1471.00	1472.00	1472.50	1473.00	1473.50	1474.00	1475.50	1476.00	1477.00	1477.50	1478.00	1479.50	1480.00	1481.00	1482.00	1482.50	1483.00	1484.50	1485.00	1485.50	1487.00	1487.50	1489.00	1489.00	1490.00	1490.50	1491.50	1492.50	1493.00	1494.00	1494.00	1495.50	1496.00	1497.00	1497.50	1498.00	1499.00	1499.50	1500.00	1501.00	1501.50	1502.00	1503.00	1504.00	1504.50	1505.00	1506.00	1506.50	1507.00	1508.50	1509.00	1509.50	1511.00	1511.50	1513.00	1514.00	1514.50	1515.50	1517.50	1518.50	1519.50	1521.00	1522.50	1523.00	1524.00	1526.00	1527.50	1530.00	1532.00	1535.00	1538.00	1540.00	1542.00	1544.00	1548.00	1549.50	1552.00	1553.00	1555.00	1557.00	1558.50	1560.00	1561.50	1563.00	1564.50	1566.00	1567.00	1567.50	1568.50	1569.50	1570.50	1571.00	1572.00	1573.00	1573.00	1574.00	1574.00	1574.00	1574.00	1575.00	1575.00	1575.00	1575.00	1575.00	1575.00	1575.00	1575.50	1576.00	1576.00	1576.00	1576.00	1576.00	1577.00	1577.50	1578.00	1579.00	1579.50	1580.00	1581.00	1581.50	1582.00	1583.50	1584.00	1585.00	1586.00	1587.50	1588.50	1590.00	1590.50	1591.50	1593.00	1594.50	1596.00	1598.00	1599.50	1600.50	1602.00	1603.50	1604.50	1606.00	1607.00	1608.50	1610.00	1611.50	1612.50	1613.50	1616.00	1617.50	1619.00	1620.00	1621.50	1622.50	1624.50	1625.50	1626.50	1628.00	1629.50	1630.00	1631.00	1632.00	1632.50	1634.00	1634.00	1635.50	1636.00
1393.00	1393.00	1393.00	1393.00	1393.00	1393.00	1392.50	1392.00	1392.00	1392.00	1393.00	1393.00	1394.00	1395.00	1396.50	1397.00	1397.50	1399.00	1400.50	1402.00	1403.00	1405.50	1407.00	1409.50	1411.50	1413.00	1415.00	1417.00	1419.00	1422.00	1424.50	1426.00	1428.00	1431.00	1433.00	1436.00	1438.00	1440.00	1441.50	1443.50	1445.00	1446.50	1448.00	1449.50	1451.00	1452.00	1453.50	1454.50	1456.00	1457.50	1458.50	1460.00	1461.50	1462.50	1463.00	1464.00	1464.50	1465.00	1465.00	1466.00	1466.00	1466.00	1466.50	1467.00	1467.00	1467.00	1467.00	1467.00	1466.00	1466.00	1466.00	1466.00	1466.00	1466.00	1466.00	1466.00	1467.00	1467.00	1467.00	1467.00	1467.00	1467.50	1468.00	1468.00	1468.50	1469.00	1469.50	1470.00	1470.00	1470.00	1471.00	1471.00	1472.00	1472.50	1473.00	1473.50	1474.00	1475.50	1476.00	1477.00	1477.50	1478.00	1479.50	1480.00	1481.00	1482.00	1482.50	1483.00	1484.50	1485.00	1485.50	1487.00	1487.50	1489.00	1489.00	1490.00	1490.50	1491.50	1492.50	1493.00	1494.00	1494.00	1495.50	1496.00	1497.00	1497.50	1498.00	1499.00	1499.50	1500.00	1501.00	1501.50	1502.00	1503.00	1504.00	1504.50	1505.00	1506.00	1506.50	1507.00	1508.50	1509.00	1509.50	1511.00	1511.50	1513.00	1514.00	1514.50	1515.50	1517.50	1518.50	1519.50	1521.00	1522.50	1523.00	1524.00	1526.00	1527.50	1530.00	1532.00	1535.00	1538.00	1540.00	1542.00	1544.00	1548.00	1549.50	1552.00	1553.00	1555.00	1557.00	1558.50	1560.00	1561.50	1563.00	1564.50	1566.00	1567.00	1567.50	1568.50	1569.50	1570.50	1571.00	1572.00	1573.00	1573.00	1574.00	1574.00	1574.00	1574.00	1575.00	1575.00	1575.00	1575.00	1575.00	1575.00	1575.00	1575.50	1576.00	1576.00	1576.00	1576.00	1576.00	1577.00	1577.50	1578.00	1579.00	1579.50	1580.00	1581.00	1581.50	1582.00	1583.50	1584.00	1585.00	1586.00	1587.50	1588.50	1590.00	1590.50	1591.50	1593.00	1594.50	1596.00	1598.00	1599.50	1600.50	1602.00	1603.50	1604.50	1606.00	1607.00	1608.50	1610.00	1611.50	1612.50	1613.50	1616.00	1617.50	1619.00	1620.00	1621.50	1622.50	1624.50	1625.50	1626.50	1628.00	1629.50	1630.00	1631.00	1632.00	1632.50	1634.00	1634.00	1635.50	1636.00
1393.00	1393.00	1393.00	1393.00	1393.00	1393.00	1392.50	1392.00	1392.00	1392.00	1393.00	1393.00	1394.00	1395.00	1396.50	1397.00	1397.50	1399.00	1400.50	1402.00	1403.00	1405.50	1407.00	1409.50	1411.50	1413.00	1415.00	1417.00	1419.00	1422.00	1424.50	1426.00	1428.00	1431.00	1433.00	1436.00	1438.00	1440.00	1441.50	1443.50	1445.00	1446.50	1448.00	1449.50	1451.00	1452.00	1453.50	1454.50	1456.00	1457.50	1458.50	1460.00	1461.50	1462.50	1463.00	1464.00	1464.50	1465.00	1465.00	1466.00	1466.00	1466.00	1466.50	1467.00	1467.00	1467.00	1467.00	1467.00	1466.00	1466.00	1466.00	1466.00	1466.00	1466.00	1466.00	1466.00	1467.00	1467.00	1467.00	1467.00	1467.00	1467.50	1468.00	1468.00	1468.50	1469.00	1469.50	1470.00	1470.00	1470.00	1471.00	1471.00	1472.00	1472.50	1473.00	1473.50	1474.00	1475.50	1476.00	1477.00	1477.50	1478.00	1479.50	1480.00	1481.00	1482.00	1482.50	1483.00	1484.50	1485.00	1485.50	1487.00	1487.50	1489.00	1489.00	1490.00	1490.50	1491.50	1492.50	1493.00	1494.00	1494.00	1495.50	1496.00	1497.00	1497.50	1498.00	1499.00	1499.50	1500.00	1501.00	1501.50	1502.00	1503.00	1504.00	1504.50	1505.00	1506.00	1506.50	1507.00	1508.50	1509.00	1509.50	1511.00	1511.50	1513.00	1514.00	1514.50	1515.50	1517.50	1518.50	1519.50	1521.00	1522.50	1523.00	1524.00	1526.00	1527.50	1530.00	1532.00	1535.00	1538.00	1540.00	1542.00	1544.00	1548.00	1549.50	1552.00	1553.00	1555.00	1557.00	1558.50	1560.00	1561.50	1563.00	1564.50	1566.00	1567.00	1567.50	1568.50	1569.50	1570.50	1571.00	1572.00	1573.00	1573.00	1574.00	1574.00	1574.00	1574.00	1575.00	1575.00	1575.00	1575.00	1575.00	1575.00	1575.00	1575.50	1576.00	1576.00	1576.00	1576.00	1576.00	1577.00	1577.50	1578.00	1579.00	1579.50	1580.00	1581.00	1581.50	1582.00	1583.50	1584.00	1585.00	1586.00	1587.50	1588.50	1590.00	1590.50	1591.50	1593.00	1594.50	1596.00	1598.00	1599.50	1600.50	1602.00	1603.50	1604.50	1606.00	1607.00	1608.50	1610.00	1611.50	1612.50	1613.50	1616.00	1617.50	1619.00	1620.00	1621.50	1622.50	1624.50	1625.50	1626.50	1628.00	1629.50	1630.00	1631.00	1632.00	1632.50	1634.00	1634.00	1635.50	1636.00
1394.00	1394.00	1393.75	1393.50	1393.50	1393.50	1393.25	1393.00	1393.00	1393.25	1394.00	1394.00	1395.00	1396.00	1396.75	1397.25	1398.00	1399.50	1401.25	1403.00	1404.00	1406.00	1407.25	1409.25	1411.25	1412.75	1415.00	1416.50	1418.50	1421.00	1423.75	1425.25	1427.00	1430.00	1432.00	1434.50	1436.00	1438.25	1439.50	1441.75	1443.25	1444.50	1446.00	1447.50	1449.00	1450.00	1451.50	1452.50	1454.00	1455.25	1456.00	1457.50	1459.00	1460.00	1460.50	1461.75	1462.25	1463.00	1463.50	1464.25	1464.50	1465.00	1465.25	1465.50	1465.50	1465.50	1465.50	1465.50	1465.00	1465.00	1465.00	1465.00	1465.00	1465.00	1465.00	1465.00	1465.50	1465.50	1465.50	1465.50	1466.00	1466.25	1467.00	1467.00	1467.25	1467.75	1468.25	1468.50	1468.75	1469.00	1470.00	1470.25	1471.50	1472.00	1472.50	1473.00	1474.00	1475.00	1475.50	1476.75	1477.25	1477.75	1479.25	1479.75	1481.00	1481.50	1482.25	1483.00	1484.25	1484.75	1485.50	1487.00	1487.75	1489.00	1489.50	1490.50	1491.00	1492.25	1493.25	1493.75	1495.00	1495.50	1496.50	1497.50	1498.25	1498.75	1499.25	1500.00	1500.75	1501.50	1502.00	1502.75	1503.25	1504.25	1505.25	1505.75	1506.50	1507.50	1508.00	1509.00	1510.00	1510.50	1511.00	1512.50	1513.00	1514.00	1515.00	1516.00	1517.00	1518.50	1519.50	1520.50	1522.00	1523.50	1524.25	1525.50	1527.50	1529.00	1531.00	1533.00	1535.50	1538.00	1540.50	1542.25	1543.75	1547.25	1548.50	1551.00	1552.00	1554.00	1556.00	1557.75	1559.25	1560.25	1561.50	1563.00	1564.50	1565.50	1566.00	1567.00	1568.00	1569.00	1569.50	1570.50	1571.00	1571.25	1572.00	1572.50	1572.50	1572.75	1573.50	1573.50	1573.50	1574.00	1574.00	1574.00	1574.00	1574.25	1574.50	1574.50	1574.75	1575.25	1575.50	1576.50	1577.00	1577.50	1578.50	1579.00	1579.50	1580.75	1581.50	1582.25	1584.00	1584.75	1586.00	1587.00	1588.50	1589.50	1591.25	1592.25	1593.50	1595.00	1596.50	1598.00	1599.50	1601.00	1602.25	1604.00	1605.50	1606.50	1608.00	1609.00	1610.50	1612.00	1613.50	1614.50	1615.50	1617.50	1618.75	1620.00	1621.00	1622.50	1623.50	1625.50	1626.50	1627.25	1628.50	1629.25	1629.75	1630.50	1631.50	1632.00	1633.00	1633.50	1634.50	1635.00
1395.00	1395.00	1394.50	1394.00	1394.00	1394.00	1394.00	1394.00	1394.00	1394.50	1395.00	1395.00	1396.00	1397.00	1397.00	1397.50	1398.50	1400.00	1402.00	1404.00	1405.00	1406.50	1407.50	1409.00	1411.00	1412.50	1415.00	1416.00	1418.00	1420.00	1423.00	1424.50	1426.00	1429.00	1431.00	1433.00	1434.00	1436.50	1437.50	1440.00	1441.50	1442.50	1444.00	1445.50	1447.00	1448.00	1449.50	1450.50	1452.00	1453.00	1453.50	1455.00	1456.50	1457.50	1458.00	1459.50	1460.00	1461.00	1462.00	1462.50	1463.00	1464.00	1464.00	1464.00	1464.00	1464.00	1464.00	1464.00	1464.00	1464.00	1464.00	1464.00	1464.00	1464.00	1464.00	1464.00	1464.00	1464.00	1464.00	1464.00	1465.00	1465.00	1466.00	1466.00	1466.00	1466.50	1467.00	1467.00	1467.50	1468.00	1469.00	1469.50	1471.00	1471.50	1472.00	1472.50	1474.00	1474.50	1475.00	1476.50	1477.00	1477.50	1479.00	1479.50	1481.00	1481.00	1482.00	1483.00	1484.00	1484.50	1485.50	1487.00	1488.00	1489.00	1490.00	1491.00	1491.50	1493.00	1494.00	1494.50	1496.00	1497.00	1497.50	1499.00	1499.50	1500.00	1500.50	1501.00	1502.00	1503.00	1503.00	1504.00	1504.50	1505.50	1506.50	1507.00	1508.00	1509.00	1509.50	1511.00	1511.50	1512.00	1512.50	1514.00	1514.50	1515.00	1516.00	1517.50	1518.50	1519.50	1520.50	1521.50	1523.00	1524.50	1525.50	1527.00	1529.00	1530.50	1532.00	1534.00	1536.00	1538.00	1541.00	1542.50	1543.50	1546.50	1547.50	1550.00	1551.00	1553.00	1555.00	1557.00	1558.50	1559.00	1560.00	1561.50	1563.00	1564.00	1564.50	1565.50	1566.50	1567.50	1568.00	1569.00	1569.00	1569.50	1570.00	1571.00	1571.00	1571.50	1572.00	1572.00	1572.00	1573.00	1573.00	1573.00	1573.00	1573.00	1573.00	1573.00	1573.50	1574.50	1575.00	1576.00	1576.50	1577.00	1578.00	1578.50	1579.00	1580.50	1581.50	1582.50	1584.50	1585.50	1587.00	1588.00	1589.50	1590.50	1592.50	1594.00	1595.50	1597.00	1598.50	1600.00	1601.00	1602.50	1604.00	1606.00	1607.50	1608.50	1610.00	1611.00	1612.50	1614.00	1615.50	1616.50	1617.50	1619.00	1620.00	1621.00	1622.00	1623.50	1624.50	1626.50	1627.50	1628.00	1629.00	1629.00	1629.50	1630.00	1631.00	1631.50	1632.00	1633.00	1633.50	1634.00
1395.00	1395.00	1394.50	1394.00	1394.00	1394.00	1394.00	1394.00	1394.00	1394.50	1395.00	1395.00	1396.00	1397.00	1397.00	1397.50	1398.50	1400.00	1402.00	1404.00	1405.00	1406.50	1407.50	1409.00	1411.00	1412.50	1415.00	1416.00	1418.00	1420.00	1423.00	1424.50	1426.00	1429.00	1431.00	1433.00	1434.00	1436.50	1437.50	1440.00	1441.50	1442.50	1444.00	1445.50	1447.00	1448.00	1449.50	1450.50	1452.00	1453.00	1453.50	1455.00	1456.50	1457.50	1458.00	1459.50	1460.00	1461.00	1462.00	1462.50	1463.00	1464.00	1464.00	1464.00	1464.00	1464.00	1464.00	1464.00	1464.00	1464.00	1464.00	1464.00	1464.00	1464.00	1464.00	1464.00	1464.00	1464.00	1464.00	1464.00	1465.00	1465.00	1466.00	1466.00	1466.00	1466.50	1467.00	1467.00	1467.50	1468.00	1469.00	1469.50	1471.00	1471.50	1472.00	1472.50	1474.00	1474.50	1475.00	1476.50	1477.00	1477.50	1479.00	1479.50	1481.00	1481.00	1482.00	1483.00	1484.00	1484.50	1485.50	1487.00	1488.00	1489.00	1490.00	1491.00	1491.50	1493.00	1494.00	1494.50	1496.00	1497.00	1497.50	1499.00	1499.50	1500.00	1500.50	1501.00	1502.00	1503.00	1503.00	1504.00	1504.50	1505.50	1506.50	1507.00	1508.00	1509.00	1509.50	1511.00	1511.50	1512.00	1512.50	1514.00	1514.50	1515.00	1516.00	1517.50	1518.50	1519.50	1520.50	1521.50	1523.00	1524.50	1525.50	1527.00	1529.00	1530.50	1532.00	1534.00	1536.00	1538.00	1541.00	1542.50	1543.50	1546.50	1547.50	1550.00	1551.00	1553.00	1555.00	1557.00	1558.50	1559.00	1560.00	1561.50	1563.00	1564.00	1564.50	1565.50	1566.50	1567.50	1568.00	1569.00	1569.00	1569.50	1570.00	1571.00	1571.00	1571.50	1572.00	1572.00	1572.00	1573.00	1573.00	1573.00	1573.00	1573.00	1573.00	1573.00	1573.50	1574.50	1575.00	1576.00	1576.50	1577.00	1578.00	1578.50	1579.00	1580.50	1581.50	1582.50	1584.50	1585.50	1587.00	1588.00	1589.50	1590.50	1592.50	1594.00	1595.50	1597.00	1598.50	1600.00	1601.00	1602.50	1604.00	1606.00	1607.50	1608.50	1610.00	1611.00	1612.50	1614.00	1615.50	1616.50	1617.50	1619.00	1620.00	1621.00	1622.00	1623.50	1624.50	1626.50	1627.50	1628.00	1629.00	1629.00	1629.50	1630.00	1631.00	1631.50	1632.00	1633.00	1633.50	1634.00
1395.00	1395.00	1394.50	1394.00	1394.00	1394.00	1394.00	1394.00	1394.00	1394.50	1395.00	1395.00	1396.00	1397.00	1397.00	1397.50	1398.50	1400.00	1402.00	1404.00	1405.00	1406.50	1407.50	1409.00	1411.00	1412.50	1415.00	1416.00	1418.00	1420.00	1423.00	1424.50	1426.00	1429.00	1431.00	1433.00	1434.00	1436.50	1437.50	1440.00	1441.50	1442.50	1444.00	1445.50	1447.00	1448.00	1449.50	1450.50	1452.00	1453.00	1453.50	1455.00	1456.50	1457.50	1458.00	1459.50	1460.00	1461.00	1462.00	1462.50	1463.00	1464.00	1464.00	1464.00	1464.00	1464.00	1464.00	1464.00	1464.00	1464.00	1464.00	1464.00	1464.00	1464.00	1464.00	1464.00	1464.00	1464.00	1464.00	1464.00	1465.00	1465.00	1466.00	1466.00	1466.00	1466.50	1467.00	1467.00	1467.50	1468.00	1469.00	1469.50	1471.00	1471.50	1472.00	1472.50	1474.00	1474.50	1475.00	1476.50	1477.00	1477.50	1479.00	1479.50	1481.00	1481.00	1482.00	1483.00	1484.00	1484.50	1485.50	1487.00	1488.00	1489.00	1490.00	1491.00	1491.50	1493.00	1494.00	1494.50	1496.00	1497.00	1497.50	1499.00	1499.50	1500.00	1500.50	1501.00	1502.00	1503.00	1503.00	1504.00	1504.50	1505.50	1506.50	1507.00	1508.00	1509.00	1509.50	1511.00	1511.50	1512.00	1512.50	1514.00	1514.50	1515.00	1516.00	1517.50	1518.50	1519.50	1520.50	1521.50	1523.00	1524.50	1525.50	1527.00	1529.00	1530.50	1532.00	1534.00	1536.00	1538.00	1541.00	1542.50	1543.50	1546.50	1547.50	1550.00	1551.00	1553.00	1555.00	1557.00	1558.50	1559.00	1560.00	1561.50	1563.00	1564.00	1564.50	1565.50	1566.50	1567.50	1568.00	1569.00	1569.00	1569.50	1570.00	1571.00	1571.00	1571.50	1572.00	1572.00	1572.00	1573.00	1573.00	1573.00	1573.00	1573.00	1573.00	1573.00	1573.50	1574.50	1575.00	1576.00	1576.50	1577.00	1578.00	1578.50	1579.00	1580.50	1581.50	1582.50	1584.50	1585.50	1587.00	1588.00	1589.50	1590.50	1592.50	1594.00	1595.50	1597.00	1598.50	1600.00	1601.00	1602.50	1604.00	1606.00	1607.50	1608.50	1610.00	1611.00	1612.50	1614.00	1615.50	1616.50	1617.50	1619.00	1620.00	1621.00	1622.00	1623.50	1624.50	1626.50	1627.50	1628.00	1629.00	1629.00	1629.50	1630.00	1631.00	1631.50	1632.00	1633.00	1633.50	1634.00
1395.00	1395.00	1394.50	1394.00	1394.00	1394.00	1394.00	1394.00	1394.00	1394.50	1395.00	1395.00	1396.00	1397.00	1397.00	1397.50	1398.50	1400.00	1402.00	1404.00	1405.00	1406.50	1407.50	1409.00	1411.00	1412.50	1415.00	1416.00	1418.00	1420.00	1423.00	1424.50	1426.00	1429.00	1431.00	1433.00	1434.00	1436.50	1437.50	1440.00	1441.50	1442.50	1444.00	1445.50	1447.00	1448.00	1449.50	1450.50	1452.00	1453.00	1453.50	1455.00	1456.50	1457.50	1458.00	1459.50	1460.00	1461.00	1462.00	1462.50	1463.00	1464.00	1464.00	1464.00	1464.00	1464.00	1464.00	1464.00	1464.00	1464.00	1464.00	1464.00	1464.00	1464.00	1464.00	1464.00	1464.00	1464.00	1464.00	1464.00	1465.00	1465.00	1466.00	1466.00	1466.00	1466.50	1467.00	1467.00	1467.50	1468.00	1469.00	1469.50	1471.00	1471.50	1472.00	1472.50	1474.00	1474.50	1475.00	1476.50	1477.00	1477.50	1479.00	1479.50	1481.00	1481.00	1482.00	1483.00	1484.00	1484.50	1485.50	1487.00	1488.00	1489.00	1490.00	1491.00	1491.50	1493.00	1494.00	1494.50	1496.00	1497.00	1497.50	1499.00	1499.50	1500.00	1500.50	1501.00	1502.00	1503.00	1503.00	1504.00	1504.50	1505.50	1506.50	1507.00	1508.00	1509.00	1509.50	1511.00	1511.50	1512.00	1512.50	1514.00	1514.50	1515.00	1516.00	1517.50	1518.50	1519.50	1520.50	1521.50	1523.00	1524.50	1525.50	1527.00	1529.00	1530.50	1532.00	1534.00	1536.00	1538.00	1541.00	1542.50	1543.50	1546.50	1547.50	1550.00	1551.00	1553.00	1555.00	1557.00	1558.50	1559.00	1560.00	1561.50	1563.00	1564.00	1564.50	1565.50	1566.50	1567.50	1568.00	1569.00	1569.00	1569.50	1570.00	1571.00	1571.00	1571.50	1572.00	1572.00	1572.00	1573.00	1573.00	1573.00	1573.00	1573.00	1573.00	1573.00	1573.50	1574.50	1575.00	1576.00	1576.50	1577.00	1578.00	1578.50	1579.00	1580.50	1581.50	1582.50	1584.50	1585.50	1587.00	1588.00	1589.50	1590.50	1592.50	1594.00	1595.50	1597.00	1598.50	1600.00	1601.00	1602.50	1604.00	1606.00	1607.50	1608.50	1610.00	1611.00	1612.50	1614.00	1615.50	1616.50	1617.50	1619.00	1620.00	1621.00	1622.00	1623.50	1624.50	1626.50	1627.50	1628.00	1629.00	1629.00	1629.50	1630.00	1631.00	1631.50	1632.00	1633.00	1633.50	1634.00
1395.00	1395.00	1394.50	1394.00	1394.00	1394.00	1394.00	1394.00	1394.00	1394.50	1395.00	1395.00	1396.00	1397.00	1397.00	1397.50	1398.50	1400.00	1402.00	1404.00	1405.00	1406.50	1407.50	1409.00	1411.00	1412.50	1415.00	1416.00	1418.00	1420.00	1423.00	1424.50	1426.00	1429.00	1431.00	1433.00	1434.00	1436.50	1437.50	1440.00	1441.50	1442.50	1444.00	1445.50	1447.00	1448.00	1449.50	1450.50	1452.00	1453.00	1453.50	1455.00	1456.50	1457.50	1458.00	1459.50	1460.00	1461.00	1462.00	1462.50	1463.00	1464.00	1464.00	1464.00	1464.00	1464.00	1464.00	1464.00	1464.00	1464.00	1464.00	1464.00	1464.00	1464.00	1464.00	1464.00	1464.00	1464.00	1464.00	1464.00	1465.00	1465.00	1466.00	1466.00	1466.00	1466.50	1467.00	1467.00	1467.50	1468.00	1469.00	1469.50	1471.00	1471.50	1472.00	1472.50	1474.00	1474.50	1475.00	1476.50	1477.00	1477.50	1479.00	1479.50	1481.00	1481.00	1482.00	1483.00	1484.00	1484.50	1485.50	1487.00	1488.00	1489.00	1490.00	1491.00	1491.50	1493.00	1494.00	1494.50	1496.00	1497.00	1497.50	1499.00	1499.50	1500.00	1500.50	1501.00	1502.00	1503.00	1503.00	1504.00	1504.50	1505.50	1506.50	1507.00	1508.00	1509.00	1509.50	1511.00	1511.50	1512.00	1512.50	1514.00	1514.50	1515.00	1516.00	1517.50	1518.50	1519.50	1520.50	1521.50	1523.00	1524.50	1525.50	1527.00	1529.00	1530.50	1532.00	1534.00	1536.00	1538.00	1541.00	1542.50	1543.50	1546.50	1547.50	1550.00	1551.00	1553.00	1555.00	1557.00	1558.50	1559.00	1560.00	1561.50	1563.00	1564.00	1564.50	1565.50	1566.50	1567.50	1568.00	1569.00	1569.00	1569.50	1570.00	1571.00	1571.00	1571.50	1572.00	1572.00	1572.00	1573.00	1573.00	1573.00	1573.00	1573.00	1573.00	1573.00	1573.50	1574.50	1575.00	1576.00	1576.50	1577.00	1578.00	1578.50	1579.00	1580.50	1581.50	1582.50	1584.50	1585.50	1587.00	1588.00	1589.50	1590.50	1592.50	1594.00	1595.50	1597.00	1598.50	1600.00	1601.00	1602.50	1604.00	1606.00	1607.50	1608.50	1610.00	1611.00	1612.50	1614.00	1615.50	1616.50	1617.50	1619.00	1620.00	1621.00	1622.00	1623.50	1624.50	1626.50	1627.50	1628.00	1629.00	1629.00	1629.50	1630.00	1631.00	1631.50	1632.00	1633.00	1633.50	1634.00
1395.00	1395.00	1394.50	1394.00	1394.00	1394.00	1394.00	1394.00	1394.00	1394.50	1395.00	1395.00	1396.00	1397.00	1397.00	1397.50	1398.50	1400.00	1402.00	1404.00	1405.00	1406.50	1407.50	1409.00	1411.00	1412.50	1415.00	1416.00	1418.00	1420.00	1423.00	1424.50	1426.00	1429.00	1431.00	1433.00	1434.00	1436.50	1437.50	1440.00	1441.50	1442.50	1444.00	1445.50	1447.00	1448.00	1449.50	1450.50	1452.00	1453.00	1453.50	1455.00	1456.50	1457.50	1458.00	1459.50	1460.00	1461.00	1462.00	1462.50	1463.00	1464.00	1464.00	1464.00	1464.00	1464.00	1464.00	1464.00	1464.00	1464.00	1464.00	1464.00	1464.00	1464.00	1464.00	1464.00	1464.00	1464.00	1464.00	1464.00	1465.00	1465.00	1466.00	1466.00	1466.00	1466.50	1467.00	1467.00	1467.50	1468.00	1469.00	1469.50	1471.00	1471.50	1472.00	1472.50	1474.00	1474.50	1475.00	1476.50	1477.00	1477.50	1479.00	1479.50	1481.00	1481.00	1482.00	1483.00	1484.00	1484.50	1485.50	1487.00	1488.00	1489.00	1490.00	1491.00	1491.50	1493.00	1494.00	1494.50	1496.00	1497.00	1497.50	1499.00	1499.50	1500.00	1500.50	1501.00	1502.00	1503.00	1503.00	1504.00	1504.50	1505.50	1506.50	1507.00	1508.00	1509.00	1509.50	1511.00	1511.50	1512.00	1512.50	1514.00	1514.50	1515.00	1516.00	1517.50	1518.50	1519.50	1520.50	1521.50	1523.00	1524.50	1525.50	1527.00	1529.00	1530.50	1532.00	1534.00	1536.00	1538.00	1541.00	1542.50	1543.50	1546.50	1547.50	1550.00	1551.00	1553.00	1555.00	1557.00	1558.50	1559.00	1560.00	1561.50	1563.00	1564.00	1564.50	1565.50	1566.50	1567.50	1568.00	1569.00	1569.00	1569.50	1570.00	1571.00	1571.00	1571.50	1572.00	1572.00	1572.00	1573.00	1573.00	1573.00	1573.00	1573.00	1573.00	1573.00	1573.50	1574.50	1575.00	1576.00	1576.50	1577.00	1578.00	1578.50	1579.00	1580.50	1581.50	1582.50	1584.50	1585.50	1587.00	1588.00	1589.50	1590.50	1592.50	1594.00	1595.50	1597.00	1598.50	1600.00	1601.00	1602.50	1604.00	1606.00	1607.50	1608.50	1610.00	1611.00	1612.50	1614.00	1615.50	1616.50	1617.50	1619.00	1620.00	1621.00	1622.00	1623.50	1624.50	1626.50	1627.50	1628.00	1629.00	1629.00	1629.50	1630.00	1631.00	1631.50	1632.00	1633.00	1633.50	1634.00
1395.00	1395.00	1394.50	1394.00	1394.00	1394.00	1394.00	1394.00	1394.00	1394.50	1395.00	1395.00	1396.00	1397.00	1397.00	1397.50	1398.50	1400.00	1402.00	1404.00	1405.00	1406.50	1407.50	1409.00	1411.00	1412.50	1415.00	1416.00	1418.00	1420.00	1423.00	1424.50	1426.00	1429.00	1431.00	1433.00	1434.00	1436.50	1437.50	1440.00	1441.50	1442.50	1444.00	1445.50	1447.00	1448.00	1449.50	1450.50	1452.00	1453.00	1453.50	1455.00	1456.50	1457.50	1458.00	1459.50	1460.00	1461.00	1462.00	1462.50	1463.00	1464.00	1464.00	1464.00	1464.00	1464.00	1464.00	1464.00	1464.00	1464.00	1464.00	1464.00	1464.00	1464.00	1464.00	1464.00	1464.00	1464.00	1464.00	1464.00	1465.00	1465.00	1466.00	1466.00	1466.00	1466.50	1467.00	1467.00	1467.50	1468.00	1469.00	1469.50	1471.00	1471.50	1472.00	1472.50	1474.00	1474.50	1475.00	1476.50	1477.00	1477.50	1479.00	1479.50	1481.00	1481.00	1482.00	1483.00	1484.00	1484.50	1485.50	1487.00	1488.00	1489.00	1490.00	1491.00	1491.50	1493.00	1494.00	1494.50	1496.00	1497.00	1497.50	1499.00	1499.50	1500.00	1500.50	1501.00	1502.00	1503.00	1503.00	1504.00	1504.50	1505.50	1506.50	1507.00	1508.00	1509.00	1509.50	1511.00	1511.50	1512.00	1512.50	1514.00	1514.50	1515.00	1516.00	1517.50	1518.50	1519.50	1520.50	1521.50	1523.00	1524.50	1525.50	1527.00	1529.00	1530.50	1532.00	1534.00	1536.00	1538.00	1541.00	1542.50	1543.50	1546.50	1547.50	1550.00	1551.00	1553.00	1555.00	1557.00	1558.50	1559.00	1560.00	1561.50	1563.00	1564.00	1564.50	1565.50	1566.50	1567.50	1568.00	1569.00	1569.00	1569.50	1570.00	1571.00	1571.00	1571.50	1572.00	1572.00	1572.00	1573.00	1573.00	1573.00	1573.00	1573.00	1573.00	1573.00	1573.50	1574.50	1575.00	1576.00	1576.50	1577.00	1578.00	1578.50	1579.00	1580.50	1581.50	1582.50	1584.50	1585.50	1587.00	1588.00	1589.50	1590.50	1592.50	1594.00	1595.50	1597.00	1598.50	1600.00	1601.00	1602.50	1604.00	1606.00	1607.50	1608.50	1610.00	1611.00	1612.50	1614.00	1615.50	1616.50	1617.50	1619.00	1620.00	1621.00	1622.00	1623.50	1624.50	1626.50	1627.50	1628.00	1629.00	1629.00	1629.50	1630.00	1631.00	1631.50	1632.00	1633.00	1633.50	1634.00
1397.50	1397.00	1397.00	1397.00	1397.00	1397.00	1397.00	1397.50	1398.00	1398.00	1398.00	1398.00	1399.00	1400.00	1400.50	1401.50	1402.00	1403.00	1404.50	1406.00	1407.00	1408.00	1409.50	1411.00	1412.50	1414.00	1416.00	1417.00	1419.00	1421.00	1423.00	1424.50	1425.50	1428.00	1429.50	1432.00	1433.00	1435.00	1436.50	1438.50	1439.50	1440.50	1442.00	1443.50	1445.00	1446.00	1446.50	1447.50	1449.00	1450.50	1451.50	1452.00	1453.50	1454.00	1454.50	1456.00	1456.50	1458.00	1458.00	1458.50	1459.00	1459.00	1459.00	1459.00	1459.00	1459.00	1459.00	1459.00	1460.00	1460.00	1460.50	1461.00	1461.00	1461.00	1462.00	1462.00	1462.00	1462.50	1463.00	1463.00	1463.00	1464.00	1464.00	1465.00	1465.00	1465.50	1466.50	1467.50	1468.00	1469.00	1469.00	1470.00	1471.00	1471.50	1472.50	1473.00	1474.00	1475.50	1476.00	1477.50	1478.50	1479.00	1480.50	1481.00	1482.00	1483.00	1484.50	1486.00	1487.50	1488.50	1489.50	1490.00	1491.50	1493.00	1494.00	1495.50	1496.50	1497.50	1498.50	1499.50	1501.00	1502.00	1502.50	1504.00	1505.00	1505.50	1506.50	1507.00	1508.50	1509.00	1510.00	1510.50	1511.50	1512.50	1513.00	1513.50	1514.00	1515.00	1515.50	1516.00	1517.00	1517.50	1518.00	1518.00	1519.00	1520.00	1520.00	1521.00	1521.50	1522.50	1523.50	1524.50	1526.00	1527.50	1528.50	1530.00	1531.50	1532.50	1534.00	1535.00	1537.00	1539.00	1540.50	1541.50	1542.50	1544.50	1545.50	1547.00	1549.00	1549.50	1551.00	1552.50	1553.50	1554.50	1556.00	1557.50	1559.00	1560.00	1561.50	1562.50	1563.50	1564.50	1565.00	1566.00	1567.00	1567.00	1568.00	1568.50	1569.00	1569.50	1570.00	1571.00	1572.00	1572.00	1573.00	1573.00	1574.00	1574.50	1575.00	1575.00	1576.00	1576.50	1577.00	1578.00	1578.00	1579.00	1580.00	1581.00	1582.00	1583.50	1584.50	1585.50	1587.50	1588.50	1590.00	1591.00	1592.50	1593.50	1595.50	1597.00	1598.50	1600.00	1601.50	1603.00	1604.00	1606.50	1607.50	1609.00	1610.50	1611.50	1613.00	1614.00	1615.50	1617.00	1618.50	1619.00	1619.50	1621.00	1622.50	1623.00	1624.00	1625.50	1626.00	1627.00	1627.50	1628.00	1628.00	1629.00	1629.50	1630.00	1630.50	1631.00	1631.00	1632.00	1632.00	1633.00
1397.50	1397.00	1397.00	1397.00	1397.00	1397.00	1397.00	1397.50	1398.00	1398.00	1398.00	1398.00	1399.00	1400.00	1400.50	1401.50	1402.00	1403.00	1404.50	1406.00	1407.00	1408.00	1409.50	1411.00	1412.50	1414.00	1416.00	1417.00	1419.00	1421.00	1423.00	1424.50	1425.50	1428.00	1429.50	1432.00	1433.00	1435.00	1436.50	1438.50	1439.50	1440.50	1442.00	1443.50	1445.00	1446.00	1446.50	1447.50	1449.00	1450.50	1451.50	1452.00	1453.50	1454.00	1454.50	1456.00	1456.50	1458.00	1458.00	1458.50	1459.00	1459.00	1459.00	1459.00	1459.00	1459.00	1459.00	1459.00	1460.00	1460.00	1460.50	1461.00	1461.00	1461.00	1462.00	1462.00	1462.00	1462.50	1463.00	1463.00	1463.00	1464.00	1464.00	1465.00	1465.00	1465.50	1466.50	1467.50	1468.00	1469.00	1469.00	1470.00	1471.00	1471.50	1472.50	1473.00	1474.00	1475.50	1476.00	1477.50	1478.50	1479.00	1480.50	1481.00	1482.00	1483.00	1484.50	1486.00	1487.50	1488.50	1489.50	1490.00	1491.50	1493.00	1494.00	1495.50	1496.50	1497.50	1498.50	1499.50	1501.00	1502.00	1502.50	1504.00	1505.00	1505.50	1506.50	1507.00	1508.50	1509.00	1510.00	1510.50	1511.50	1512.50	1513.00	1513.50	1514.00	1515.00	1515.50	1516.00	1517.00	1517.50	1518.00	1518.00	1519.00	1520.00	1520.00	1521.00	1521.50	1522.50	1523.50	1524.50	1526.00	1527.50	1528.50	1530.00	1531.50	1532.50	1534.00	1535.00	1537.00	1539.00	1540.50	1541.50	1542.50	1544.50	1545.50	1547.00	1549.00	1549.50	1551.00	1552.50	1553.50	1554.50	1556.00	1557.50	1559.00	1560.00	1561.50	1562.50	1563.50	1564.50	1565.00	1566.00	1567.00	1567.00	1568.00	1568.50	1569.00	1569.50	1570.00	1571.00	1572.00	1572.00	1573.00	1573.00	1574.00	1574.50	1575.00	1575.00	1576.00	1576.50	1577.00	1578.00	1578.00	1579.00	1580.00	1581.00	1582.00	1583.50	1584.50	1585.50	1587.50	1588.50	1590.00	1591.00	1592.50	1593.50	1595.50	1597.00	1598.50	1600.00	1601.50	1603.00	1604.00	1606.50	1607.50	1609.00	1610.50	1611.50	1613.00	1614.00	1615.50	1617.00	1618.50	1619.00	1619.50	1621.00	1622.50	1623.00	1624.00	1625.50	1626.00	1627.00	1627.50	1628.00	1628.00	1629.00	1629.50	1630.00	1630.50	1631.00	1631.00	1632.00	1632.00	1633.00
1397.50	1397.00	1397.00	1397.00	1397.00	1397.00	1397.00	1397.50	1398.00	1398.00	1398.00	1398.00	1399.00	1400.00	1400.50	1401.50	1402.00	1403.00	1404.50	1406.00	1407.00	1408.00	1409.50	1411.00	1412.50	1414.00	1416.00	1417.00	1419.00	1421.00	1423.00	1424.50	1425.50	1428.00	1429.50	1432.00	1433.00	1435.00	1436.50	1438.50	1439.50	1440.50	1442.00	1443.50	1445.00	1446.00	1446.50	1447.50	1449.00	1450.50	1451.50	1452.00	1453.50	1454.00	1454.50	1456.00	1456.50	1458.00	1458.00	1458.50	1459.00	1459.00	1459.00	1459.00	1459.00	1459.00	1459.00	1459.00	1460.00	1460.00	1460.50	1461.00	1461.00	1461.00	1462.00	1462.00	1462.00	1462.50	1463.00	1463.00	1463.00	1464.00	1464.00	1465.00	1465.00	1465.50	1466.50	1467.50	1468.00	1469.00	1469.00	1470.00	1471.00	1471.50	1472.50	1473.00	1474.00	1475.50	1476.00	1477.50	1478.50	1479.00	1480.50	1481.00	1482.00	1483.00	1484.50	1486.00	1487.50	1488.50	1489.50	1490.00	1491.50	1493.00	1494.00	1495.50	1496.50	1497.50	1498.50	1499.50	1501.00	1502.00	1502.50	1504.00	1505.00	1505.50	1506.50	1507.00	1508.50	1509.00	1510.00	1510.50	1511.50	1512.50	1513.00	1513.50	1514.00	1515.00	1515.50	1516.00	1517.00	1517.50	1518.00	1518.00	1519.00	1520.00	1520.00	1521.00	1521.50	1522.50	1523.50	1524.50	1526.00	1527.50	1528.50	1530.00	1531.50	1532.50	1534.00	1535.00	1537.00	1539.00	1540.50	1541.50	1542.50	1544.50	1545.50	1547.00	1549.00	1549.50	1551.00	1552.50	1553.50	1554.50	1556.00	1557.50	1559.00	1560.00	1561.50	1562.50	1563.50	1564.50	1565.00	1566.00	1567.00	1567.00	1568.00	1568.50	1569.00	1569.50	1570.00	1571.00	1572.00	1572.00	1573.00	1573.00	1574.00	1574.50	1575.00	1575.00	1576.00	1576.50	1577.00	1578.00	1578.00	1579.00	1580.00	1581.00	1582.00	1583.50	1584.50	1585.50	1587.50	1588.50	1590.00	1591.00	1592.50	1593.50	1595.50	1597.00	1598.50	1600.00	1601.50	1603.00	1604.00	1606.50	1607.50	1609.00	1610.50	1611.50	1613.00	1614.00	1615.50	1617.00	1618.50	1619.00	1619.50	1621.00	1622.50	1623.00	1624.00	1625.50	1626.00	1627.00	1627.50	1628.00	1628.00	1629.00	1629.50	1630.00	1630.50	1631.00	1631.00	1632.00	1632.00	1633.00
1397.50	1397.00	1397.00	1397.00	1397.00	1397.00	1397.00	1397.50	1398.00	1398.00	1398.00	1398.00	1399.00	1400.00	1400.50	1401.50	1402.00	1403.00	1404.50	1406.00	1407.00	1408.00	1409.50	1411.00	1412.50	1414.00	1416.00	1417.00	1419.00	1421.00	1423.00	1424.50	1425.50	1428.00	1429.50	1432.00	1433.00	1435.00	1436.50	1438.50	1439.50	1440.50	1442.00	1443.50	1445.00	1446.00	1446.50	1447.50	1449.00	1450.50	1451.50	1452.00	1453.50	1454.00	1454.50	1456.00	1456.50	1458.00	1458.00	1458.50	1459.00	1459.00	1459.00	1459.00	1459.00	1459.00	1459.00	1459.00	1460.00	1460.00	1460.50	1461.00	1461.00	1461.00	1462.00	1462.00	1462.00	1462.50	1463.00	1463.00	1463.00	1464.00	1464.00	1465.00	1465.00	1465.50	1466.50	1467.50	1468.00	1469.00	1469.00	1470.00	1471.00	1471.50	1472.50	1473.00	1474.00	1475.50	1476.00	1477.50	1478.50	1479.00	1480.50	1481.00	1482.00	1483.00	1484.50	1486.00	1487.50	1488.50	1489.50	1490.00	1491.50	1493.00	1494.00	1495.50	1496.50	1497.50	1498.50	1499.50	1501.00	1502.00	1502.50	1504.00	1505.00	1505.50	1506.50	1507.00	1508.50	1509.00	1510.00	1510.50	1511.50	1512.50	1513.00	1513.50	1514.00	1515.00	1515.50	1516.00	1517.00	1517.50	1518.00	1518.00	1519.00	1520.00	1520.00	1521.00	1521.50	1522.50	1523.50	1524.50	1526.00	1527.50	1528.50	1530.00	1531.50	1532.50	1534.00	1535.00	1537.00	1539.00	1540.50	1541.50	1542.50	1544.50	1545.50	1547.00	1549.00	1549.50	1551.00	1552.50	1553.50	1554.50	1556.00	1557.50	1559.00	1560.00	1561.50	1562.50	1563.50	1564.50	1565.00	1566.00	1567.00	1567.00	1568.00	1568.50	1569.00	1569.50	1570.00	1571.00	1572.00	1572.00	1573.00	1573.00	1574.00	1574.50	1575.00	1575.00	1576.00	1576.50	1577.00	1578.00	1578.00	1579.00	1580.00	1581.00	1582.00	1583.50	1584.50	1585.50	1587.50	1588.50	1590.00	1591.00	1592.50	1593.50	1595.50	1597.00	1598.50	1600.00	1601.50	1603.00	1604.00	1606.50	1607.50	1609.00	1610.50	1611.50	1613.00	1614.00	1615.50	1617.00	1618.50	1619.00	1619.50	1621.00	1622.50	1623.00	1624.00	1625.50	1626.00	1627.00	1627.50	1628.00	1628.00	1629.00	1629.50	1630.00	1630.50	1631.00	1631.00	1632.00	1632.00	1633.00
1397.50	1397.00	1397.00	1397.00	1397.00	1397.00	1397.00	1397.50	1398.00	1398.00	1398.00	1398.00	1399.00	1400.00	1400.50	1401.50	1402.00	1403.00	1404.50	1406.00	1407.00	1408.00	1409.50	1411.00	1412.50	1414.00	1416.00	1417.00	1419.00	1421.00	1423.00	1424.50	1425.50	1428.00	1429.50	1432.00	1433.00	1435.00	1436.50	1438.50	1439.50	1440.50	1442.00	1443.50	1445.00	1446.00	1446.50	1447.50	1449.00	1450.50	1451.50	1452.00	1453.50	1454.00	1454.50	1456.00	1456.50	1458.00	1458.00	1458.50	1459.00	1459.00	1459.00	1459.00	1459.00	1459.00	1459.00	1459.00	1460.00	1460.00	1460.50	1461.00	1461.00	1461.00	1462.00	1462.00	1462.00	1462.50	1463.00	1463.00	1463.00	1464.00	1464.00	1465.00	1465.00	1465.50	1466.50	1467.50	1468.00	1469.00	1469.00	1470.00	1471.00	1471.50	1472.50	1473.00	1474.00	1475.50	1476.00	1477.50	1478.50	1479.00	1480.50	1481.00	1482.00	1483.00	1484.50	1486.00	1487.50	1488.50	1489.50	1490.00	1491.50	1493.00	1494.00	1495.50	1496.50	1497.50	1498.50	1499.50	1501.00	1502.00	1502.50	1504.00	1505.00	1505.50	1506.50	1507.00	1508.50	1509.00	1510.00	1510.50	1511.50	1512.50	1513.00	1513.50	1514.00	1515.00	1515.50	1516.00	1517.00	1517.50	1518.00	1518.00	1519.00	1520.00	1520.00	1521.00	1521.50	1522.50	1523.50	1524.50	1526.00	1527.50	1528.50	1530.00	1531.50	1532.50	1534.00	1535.00	1537.00	1539.00	1540.50	1541.50	1542.50	1544.50	1545.50	1547.00	1549.00	1549.50	1551.00	1552.50	1553.50	1554.50	1556.00	1557.50	1559.00	1560.00	1561.50	1562.50	1563.50	1564.50	1565.00	1566.00	1567.00	1567.00	1568.00	1568.50	1569.00	1569.50	1570.00	1571.00	1572.00	1572.00	1573.00	1573.00	1574.00	1574.50	1575.00	1575.00	1576.00	1576.50	1577.00	1578.00	1578.00	1579.00	1580.00	1581.00	1582.00	1583.50	1584.50	1585.50	1587.50	1588.50	1590.00	1591.00	1592.50	1593.50	1595.50	1597.00	1598.50	1600.00	1601.50	1603.00	1604.00	1606.50	1607.50	1609.00	1610.50	1611.50	1613.00	1614.00	1615.50	1617.00	1618.50	1619.00	1619.50	1621.00	1622.50	1623.00	1624.00	1625.50	1626.00	1627.00	1627.50	1628.00	1628.00	1629.00	1629.50	1630.00	1630.50	1631.00	1631.00	1632.00	1632.00	1633.00
1397.50	1397.00	1397.00	1397.00	1397.00	1397.00	1397.00	1397.50	1398.00	1398.00	1398.00	1398.00	1399.00	1400.00	1400.50	1401.50	1402.00	1403.00	1404.50	1406.00	1407.00	1408.00	1409.50	1411.00	1412.50	1414.00	1416.00	1417.00	1419.00	1421.00	1423.00	1424.50	1425.50	1428.00	1429.50	1432.00	1433.00	1435.00	1436.50	1438.50	1439.50	1440.50	1442.00	1443.50	1445.00	1446.00	1446.50	1447.50	1449.00	1450.50	1451.50	1452.00	1453.50	1454.00	1454.50	1456.00	1456.50	1458.00	1458.00	1458.50	1459.00	1459.00	1459.00	1459.00	1459.00	1459.00	1459.00	1459.00	1460.00	1460.00	1460.50	1461.00	1461.00	1461.00	1462.00	1462.00	1462.00	1462.50	1463.00	1463.00	1463.00	1464.00	1464.00	1465.00	1465.00	1465.50	1466.50	1467.50	1468.00	1469.00	1469.00	1470.00	1471.00	1471.50	1472.50	1473.00	1474.00	1475.50	1476.00	1477.50	1478.50	1479.00	1480.50	1481.00	1482.00	1483.00	1484.50	1486.00	1487.50	1488.50	1489.50	1490.00	1491.50	1493.00	1494.00	1495.50	1496.50	1497.50	1498.50	1499.50	1501.00	1502.00	1502.50	1504.00	1505.00	1505.50	1506.50	1507.00	1508.50	1509.00	1510.00	1510.50	1511.50	1512.50	1513.00	1513.50	1514.00	1515.00	1515.50	1516.00	1517.00	1517.50	1518.00	1518.00	1519.00	1520.00	1520.00	1521.00	1521.50	1522.50	1523.50	1524.50	1526.00	1527.50	1528.50	1530.00	1531.50	1532.50	1534.00	1535.00	1537.00	1539.00	1540.50	1541.50	1542.50	1544.50	1545.50	1547.00	1549.00	1549.50	1551.00	1552.50	1553.50	1554.50	1556.00	1557.50	1559.00	1560.00	1561.50	1562.50	1563.50	1564.50	1565.00	1566.00	1567.00	1567.00	1568.00	1568.50	1569.00	1569.50	1570.00	1571.00	1572.00	1572.00	1573.00	1573.00	1574.00	1574.50	1575.00	1575.00	1576.00	1576.50	1577.00	1578.00	1578.00	1579.00	1580.00	1581.00	1582.00	1583.50	1584.50	1585.50	1587.50	1588.50	1590.00	1591.00	1592.50	1593.50	1595.50	1597.00	1598.50	1600.00	1601.50	1603.00	1604.00	1606.50	1607.50	1609.00	1610.50	1611.50	1613.00	1614.00	1615.50	1617.00	1618.50	1619.00	1619.50	1621.00	1622.50	1623.00	1624.00	1625.50	1626.00	1627.00	1627.50	1628.00	1628.00	1629.00	1629.50	1630.00	1630.50	1631.00	1631.00	1632.00	1632.00	1633.00
1397.50	1397.00	1397.00	1397.00	1397.00	1397.00	1397.00	1397.50	1398.00	1398.00	1398.00	1398.00	1399.00	1400.00	1400.50	1401.50	1402.00	1403.00	1404.50	1406.00	1407.00	1408.00	1409.50	1411.00	1412.50	1414.00	1416.00	1417.00	1419.00	1421.00	1423.00	1424.50	1425.50	1428.00	1429.50	1432.00	1433.00	1435.00	1436.50	1438.50	1439.50	1440.50	1442.00	1443.50	1445.00	1446.00	1446.50	1447.50	1449.00	1450.50	1451.50	1452.00	1453.50	1454.00	1454.50	1456.00	1456.50	1458.00	1458.00	1458.50	1459.00	1459.00	1459.00	1459.00	1459.00	1459.00	1459.00	1459.00	1460.00	1460.00	1460.50	1461.00	1461.00	1461.00	1462.00	1462.00	1462.00	1462.50	1463.00	1463.00	1463.00	1464.00	1464.00	1465.00	1465.00	1465.50	1466.50	1467.50	1468.00	1469.00	1469.00	1470.00	1471.00	1471.50	1472.50	1473.00	1474.00	1475.50	1476.00	1477.50	1478.50	1479.00	1480.50	1481.00	1482.00	1483.00	1484.50	1486.00	1487.50	1488.50	1489.50	1490.00	1491.50	1493.00	1494.00	1495.50	1496.50	1497.50	1498.50	1499.50	1501.00	1502.00	1502.50	1504.00	1505.00	1505.50	1506.50	1507.00	1508.50	1509.00	1510.00	1510.50	1511.50	1512.50	1513.00	1513.50	1514.00	1515.00	1515.50	1516.00	1517.00	1517.50	1518.00	1518.00	1519.00	1520.00	1520.00	1521.00	1521.50	1522.50	1523.50	1524.50	1526.00	1527.50	1528.50	1530.00	1531.50	1532.50	1534.00	1535.00	1537.00	1539.00	1540.50	1541.50	1542.50	1544.50	1545.50	1547.00	1549.00	1549.50	1551.00	1552.50	1553.50	1554.50	1556.00	1557.50	1559.00	1560.00	1561.50	1562.50	1563.50	1564.50	1565.00	1566.00	1567.00	1567.00	1568.00	1568.50	1569.00	1569.50	1570.00	1571.00	1572.00	1572.00	1573.00	1573.00	1574.00	1574.50	1575.00	1575.00	1576.00	1576.50	1577.00	1578.00	1578.00	1579.00	1580.00	1581.00	1582.00	1583.50	1584.50	1585.50	1587.50	1588.50	1590.00	1591.00	1592.50	1593.50	1595.50	1597.00	1598.50	1600.00	1601.50	1603.00	1604.00	1606.50	1607.50	1609.00	1610.50	1611.50	1613.00	1614.00	1615.50	1617.00	1618.50	1619.00	1619.50	1621.00	1622.50	1623.00	1624.00	1625.50	1626.00	1627.00	1627.50	1628.00	1628.00	1629.00	1629.50	1630.00	1630.50	1631.00	1631.00	1632.00	1632.00	1633.00
1398.75	1398.50	1398.50	1398.50	1398.50	1398.50	1398.50	1398.75	1399.50	1399.50	1399.50	1400.00	1400.75	1401.50	1402.00	1402.75	1403.25	1404.00	1405.50	1406.50	1407.50	1408.75	1410.00	1411.50	1413.00	1414.50	1416.50	1417.50	1419.25	1421.50	1423.25	1424.50	1425.75	1428.00	1429.75	1432.00	1433.00	1434.75	1436.00	1438.00	1439.00	1440.00	1441.50	1443.00	1444.50	1445.50	1446.25	1447.00	1448.50	1450.00	1450.75	1451.50	1452.75	1453.25	1454.00	1455.25	1455.75	1457.00	1457.00	1457.75	1458.00	1458.50	1458.75	1459.00	1459.00	1459.25	1459.50	1459.50	1460.00	1460.25	1460.75	1461.00	1461.00	1461.50	1462.00	1462.00	1462.00	1462.25	1462.50	1462.50	1462.50	1463.50	1463.50	1464.50	1464.75	1465.50	1466.50	1467.50	1468.00	1469.00	1469.50	1470.25	1471.50	1472.50	1473.50	1474.00	1475.00	1476.50	1477.50	1478.50	1479.50	1480.25	1482.25	1483.25	1484.50	1485.50	1487.25	1489.00	1490.50	1491.50	1492.50	1493.50	1495.00	1496.50	1497.50	1499.00	1500.00	1501.25	1502.50	1503.50	1505.00	1506.00	1506.75	1508.00	1509.25	1510.00	1511.00	1511.50	1513.00	1513.50	1514.50	1515.00	1515.75	1516.75	1517.50	1518.00	1518.50	1519.00	1519.75	1520.00	1521.00	1521.25	1521.75	1522.00	1522.50	1523.50	1523.50	1524.50	1525.00	1526.00	1527.00	1527.75	1529.00	1530.25	1531.00	1532.50	1533.75	1534.50	1536.00	1537.00	1538.75	1540.50	1542.00	1543.00	1544.00	1546.00	1547.00	1548.50	1550.00	1551.00	1552.50	1554.00	1555.00	1556.00	1557.50	1558.50	1560.00	1561.00	1562.50	1563.25	1564.25	1565.50	1566.25	1567.00	1568.00	1568.50	1569.50	1570.25	1570.75	1571.50	1572.00	1573.00	1574.00	1574.50	1575.00	1575.25	1576.25	1576.75	1577.25	1577.50	1578.25	1578.75	1579.50	1580.25	1580.75	1581.50	1582.50	1583.50	1584.50	1586.00	1587.00	1587.75	1589.50	1590.50	1592.00	1593.00	1594.50	1595.50	1597.50	1598.75	1600.00	1601.50	1603.00	1604.50	1606.00	1608.00	1609.00	1610.50	1612.00	1613.00	1614.50	1615.50	1617.00	1618.50	1619.50	1620.25	1621.00	1622.50	1623.75	1624.50	1625.00	1626.25	1626.75	1627.75	1628.25	1628.75	1629.00	1629.75	1630.25	1630.50	1631.00	1631.50	1631.50	1632.00	1632.50	1633.00
1400.00	1400.00	1400.00	1400.00	1400.00	1400.00	1400.00	1400.00	1401.00	1401.00	1401.00	1402.00	1402.50	1403.00	1403.50	1404.00	1404.50	1405.00	1406.50	1407.00	1408.00	1409.50	1410.50	1412.00	1413.50	1415.00	1417.00	1418.00	1419.50	1422.00	1423.50	1424.50	1426.00	1428.00	1430.00	1432.00	1433.00	1434.50	1435.50	1437.50	1438.50	1439.50	1441.00	1442.50	1444.00	1445.00	1446.00	1446.50	1448.00	1449.50	1450.00	1451.00	1452.00	1452.50	1453.50	1454.50	1455.00	1456.00	1456.00	1457.00	1457.00	1458.00	1458.50	1459.00	1459.00	1459.50	1460.00	1460.00	1460.00	1460.50	1461.00	1461.00	1461.00	1462.00	1462.00	1462.00	1462.00	1462.00	1462.00	1462.00	1462.00	1463.00	1463.00	1464.00	1464.50	1465.50	1466.50	1467.50	1468.00	1469.00	1470.00	1470.50	1472.00	1473.50	1474.50	1475.00	1476.00	1477.50	1479.00	1479.50	1480.50	1481.50	1484.00	1485.50	1487.00	1488.00	1490.00	1492.00	1493.50	1494.50	1495.50	1497.00	1498.50	1500.00	1501.00	1502.50	1503.50	1505.00	1506.50	1507.50	1509.00	1510.00	1511.00	1512.00	1513.50	1514.50	1515.50	1516.00	1517.50	1518.00	1519.00	1519.50	1520.00	1521.00	1522.00	1522.50	1523.00	1523.00	1524.00	1524.00	1525.00	1525.00	1525.50	1526.00	1526.00	1527.00	1527.00	1528.00	1528.50	1529.50	1530.50	1531.00	1532.00	1533.00	1533.50	1535.00	1536.00	1536.50	1538.00	1539.00	1540.50	1542.00	1543.50	1544.50	1545.50	1547.50	1548.50	1550.00	1551.00	1552.50	1554.00	1555.50	1556.50	1557.50	1559.00	1559.50	1561.00	1562.00	1563.50	1564.00	1565.00	1566.50	1567.50	1568.00	1569.00	1570.00	1571.00	1572.00	1572.50	1573.50	1574.00	1575.00	1576.00	1577.00	1577.00	1577.50	1578.50	1579.00	1579.50	1580.00	1580.50	1581.00	1582.00	1582.50	1583.50	1584.00	1585.00	1586.00	1587.00	1588.50	1589.50	1590.00	1591.50	1592.50	1594.00	1595.00	1596.50	1597.50	1599.50	1600.50	1601.50	1603.00	1604.50	1606.00	1608.00	1609.50	1610.50	1612.00	1613.50	1614.50	1616.00	1617.00	1618.50	1620.00	1620.50	1621.50	1622.50	1624.00	1625.00	1626.00	1626.00	1627.00	1627.50	1628.50	1629.00	1629.50	1630.00	1630.50	1631.00	1631.00	1631.50	1632.00	1632.00	1632.00	1633.00	1633.00
1400.00	1400.00	1400.00	1400.00	1400.00	1400.00	1400.00	1400.00	1401.00	1401.00	1401.00	1402.00	1402.50	1403.00	1403.50	1404.00	1404.50	1405.00	1406.50	1407.00	1408.00	1409.50	1410.50	1412.00	1413.50	1415.00	1417.00	1418.00	1419.50	1422.00	1423.50	1424.50	1426.00	1428.00	1430.00	1432.00	1433.00	1434.50	1435.50	1437.50	1438.50	1439.50	1441.00	1442.50	1444.00	1445.00	1446.00	1446.50	1448.00	1449.50	1450.00	1451.00	1452.00	1452.50	1453.50	1454.50	1455.00	1456.00	1456.00	1457.00	1457.00	1458.00	1458.50	1459.00	1459.00	1459.50	1460.00	1460.00	1460.00	1460.50	1461.00	1461.00	1461.00	1462.00	1462.00	1462.00	1462.00	1462.00	1462.00	1462.00	1462.00	1463.00	1463.00	1464.00	1464.50	1465.50	1466.50	1467.50	1468.00	1469.00	1470.00	1470.50	1472.00	1473.50	1474.50	1475.00	1476.00	1477.50	1479.00	1479.50	1480.50	1481.50	1484.00	1485.50	1487.00	1488.00	1490.00	1492.00	1493.50	1494.50	1495.50	1497.00	1498.50	1500.00	1501.00	1502.50	1503.50	1505.00	1506.50	1507.50	1509.00	1510.00	1511.00	1512.00	1513.50	1514.50	1515.50	1516.00	1517.50	1518.00	1519.00	1519.50	1520.00	1521.00	1522.00	1522.50	1523.00	1523.00	1524.00	1524.00	1525.00	1525.00	1525.50	1526.00	1526.00	1527.00	1527.00	1528.00	1528.50	1529.50	1530.50	1531.00	1532.00	1533.00	1533.50	1535.00	1536.00	1536.50	1538.00	1539.00	1540.50	1542.00	1543.50	1544.50	1545.50	1547.50	1548.50	1550.00	1551.00	1552.50	1554.00	1555.50	1556.50	1557.50	1559.00	1559.50	1561.00	1562.00	1563.50	1564.00	1565.00	1566.50	1567.50	1568.00	1569.00	1570.00	1571.00	1572.00	1572.50	1573.50	1574.00	1575.00	1576.00	1577.00	1577.00	1577.50	1578.50	1579.00	1579.50	1580.00	1580.50	1581.00	1582.00	1582.50	1583.50	1584.00	1585.00	1586.00	1587.00	1588.50	1589.50	1590.00	1591.50	1592.50	1594.00	1595.00	1596.50	1597.50	1599.50	1600.50	1601.50	1603.00	1604.50	1606.00	1608.00	1609.50	1610.50	1612.00	1613.50	1614.50	1616.00	1617.00	1618.50	1620.00	1620.50	1621.50	1622.50	1624.00	1625.00	1626.00	1626.00	1627.00	1627.50	1628.50	1629.00	1629.50	1630.00	1630.50	1631.00	1631.00	1631.50	1632.00	1632.00	1632.00	1633.00	1633.00
1400.00	1400.00	1400.00	1400.00	1400.00	1400.00	1400.00	1400.00	1401.00	1401.00	1401.00	1402.00	1402.50	1403.00	1403.50	1404.00	1404.50	1405.00	1406.50	1407.00	1408.00	1409.50	1410.50	1412.00	1413.50	1415.00	1417.00	1418.00	1419.50	1422.00	1423.50	1424.50	1426.00	1428.00	1430.00	1432.00	1433.00	1434.50	1435.50	1437.50	1438.50	1439.50	1441.00	1442.50	1444.00	1445.00	1446.00	1446.50	1448.00	1449.50	1450.00	1451.00	1452.00	1452.50	1453.50	1454.50	1455.00	1456.00	1456.00	1457.00	1457.00	1458.00	1458.50	1459.00	1459.00	1459.50	1460.00	1460.00	1460.00	1460.50	1461.00	1461.00	1461.00	1462.00	1462.00	1462.00	1462.00	1462.00	1462.00	1462.00	1462.00	1463.00	1463.00	1464.00	1464.50	1465.50	1466.50	1467.50	1468.00	1469.00	1470.00	1470.50	1472.00	1473.50	1474.50	1475.00	1476.00	1477.50	1479.00	1479.50	1480.50	1481.50	1484.00	1485.50	1487.00	1488.00	1490.00	1492.00	1493.50	1494.50	1495.50	1497.00	1498.50	1500.00	1501.00	1502.50	1503.50	1505.00	1506.50	1507.50	1509.00	1510.00	1511.00	1512.00	1513.50	1514.50	1515.50	1516.00	1517.50	1518.00	1519.00	1519.50	1520.00	1521.00	1522.00	1522.50	1523.00	1523.00	1524.00	1524.00	1525.00	1525.00	1525.50	1526.00	1526.00	1527.00	1527.00	1528.00	1528.50	1529.50	1530.50	1531.00	1532.00	1533.00	1533.50	1535.00	1536.00	1536.50	1538.00	1539.00	1540.50	1542.00	1543.50	1544.50	1545.50	1547.50	1548.50	1550.00	1551.00	1552.50	1554.00	1555.50	1556.50	1557.50	1559.00	1559.50	1561.00	1562.00	1563.50	1564.00	1565.00	1566.50	1567.50	1568.00	1569.00	1570.00	1571.00	1572.00	1572.50	1573.50	1574.00	1575.00	1576.00	1577.00	1577.00	1577.50	1578.50	1579.00	1579.50	1580.00	1580.50	1581.00	1582.00	1582.50	1583.50	1584.00	1585.00	1586.00	1587.00	1588.50	1589.50	1590.00	1591.50	1592.50	1594.00	1595.00	1596.50	1597.50	1599.50	1600.50	1601.50	1603.00	1604.50	1606.00	1608.00	1609.50	1610.50	1612.00	1613.50	1614.50	1616.00	1617.00	1618.50	1620.00	1620.50	1621.50	1622.50	1624.00	1625.00	1626.00	1626.00	1627.00	1627.50	1628.50	1629.00	1629.50	1630.00	1630.50	1631.00	1631.00	1631.50	1632.00	1632.00	1632.00	1633.00	1633.00
1400.00	1400.00	1400.00	1400.00	1400.00	1400.00	1400.00	1400.00	1401.00	1401.00	1401.00	1402.00	1402.50	1403.00	1403.50	1404.00	1404.50	1405.00	1406.50	1407.00	1408.00	1409.50	1410.50	1412.00	1413.50	1415.00	1417.00	1418.00	1419.50	1422.00	1423.50	1424.50	1426.00	1428.00	1430.00	1432.00	1433.00	1434.50	1435.50	1437.50	1438.50	1439.50	1441.00	1442.50	1444.00	1445.00	1446.00	1446.50	1448.00	1449.50	1450.00	1451.00	1452.00	1452.50	1453.50	1454.50	1455.00	1456.00	1456.00	1457.00	1457.00	1458.00	1458.50	1459.00	1459.00	1459.50	1460.00	1460.00	1460.00	1460.50	1461.00	1461.00	1461.00	1462.00	1462.00	1462.00	1462.00	1462.00	1462.00	1462.00	1462.00	1463.00	1463.00	1464.00	1464.50	1465.50	1466.50	1467.50	1468.00	1469.00	1470.00	1470.50	1472.00	1473.50	1474.50	1475.00	1476.00	1477.50	1479.00	1479.50	1480.50	1481.50	1484.00	1485.50	1487.00	1488.00	1490.00	1492.00	1493.50	1494.50	1495.50	1497.00	1498.50	1500.00	1501.00	1502.50	1503.50	1505.00	1506.50	1507.50	1509.00	1510.00	1511.00	1512.00	1513.50	1514.50	1515.50	1516.00	1517.50	1518.00	1519.00	1519.50	1520.00	1521.00	1522.00	1522.50	1523.00	1523.00	1524.00	1524.00	1525.00	1525.00	1525.50	1526.00	1526.00	1527.00	1527.00	1528.00	1528.50	1529.50	1530.50	1531.00	1532.00	1533.00	1533.50	1535.00	1536.00	1536.50	1538.00	1539.00	1540.50	1542.00	1543.50	1544.50	1545.50	1547.50	1548.50	1550.00	1551.00	1552.50	1554.00	1555.50	1556.50	1557.50	1559.00	1559.50	1561.00	1562.00	1563.50	1564.00	1565.00	1566.50	1567.50	1568.00	1569.00	1570.00	1571.00	1572.00	1572.50	1573.50	1574.00	1575.00	1576.00	1577.00	1577.00	1577.50	1578.50	1579.00	1579.50	1580.00	1580.50	1581.00	1582.00	1582.50	1583.50	1584.00	1585.00	1586.00	1587.00	1588.50	1589.50	1590.00	1591.50	1592.50	1594.00	1595.00	1596.50	1597.50	1599.50	1600.50	1601.50	1603.00	1604.50	1606.00	1608.00	1609.50	1610.50	1612.00	1613.50	1614.50	1616.00	1617.00	1618.50	1620.00	1620.50	1621.50	1622.50	1624.00	1625.00	1626.00	1626.00	1627.00	1627.50	1628.50	1629.00	1629.50	1630.00	1630.50	1631.00	1631.00	1631.50	1632.00	1632.00	1632.00	1633.00	1633.00
1400.00	1400.00	1400.00	1400.00	1400.00	1400.00	1400.00	1400.00	1401.00	1401.00	1401.00	1402.00	1402.50	1403.00	1403.50	1404.00	1404.50	1405.00	1406.50	1407.00	1408.00	1409.50	1410.50	1412.00	1413.50	1415.00	1417.00	1418.00	1419.50	1422.00	1423.50	1424.50	1426.00	1428.00	1430.00	1432.00	1433.00	1434.50	1435.50	1437.50	1438.50	1439.50	1441.00	1442.50	1444.00	1445.00	1446.00	1446.50	1448.00	1449.50	1450.00	1451.00	1452.00	1452.50	1453.50	1454.50	1455.00	1456.00	1456.00	1457.00	1457.00	1458.00	1458.50	1459.00	1459.00	1459.50	1460.00	1460.00	1460.00	1460.50	1461.00	1461.00	1461.00	1462.00	1462.00	1462.00	1462.00	1462.00	1462.00	1462.00	1462.00	1463.00	1463.00	1464.00	1464.50	1465.50	1466.50	1467.50	1468.00	1469.00	1470.00	1470.50	1472.00	1473.50	1474.50	1475.00	1476.00	1477.50	1479.00	1479.50	1480.50	1481.50	1484.00	1485.50	1487.00	1488.00	1490.00	1492.00	1493.50	1494.50	1495.50	1497.00	1498.50	1500.00	1501.00	1502.50	1503.50	1505.00	1506.50	1507.50	1509.00	1510.00	1511.00	1512.00	1513.50	1514.50	1515.50	1516.00	1517.50	1518.00	1519.00	1519.50	1520.00	1521.00	1522.00	1522.50	1523.00	1523.00	1524.00	1524.00	1525.00	1525.00	1525.50	1526.00	1526.00	1527.00	1527.00	1528.00	1528.50	1529.50	1530.50	1531.00	1532.00	1533.00	1533.50	1535.00	1536.00	1536.50	1538.00	1539.00	1540.50	1542.00	1543.50	1544.50	1545.50	1547.50	1548.50	1550.00	1551.00	1552.50	1554.00	1555.50	1556.50	1557.50	1559.00	1559.50	1561.00	1562.00	1563.50	1564.00	1565.00	1566.50	1567.50	1568.00	1569.00	1570.00	1571.00	1572.00	1572.50	1573.50	1574.00	1575.00	1576.00	1577.00	1577.00	1577.50	1578.50	1579.00	1579.50	1580.00	1580.50	1581.00	1582.00	1582.50	1583.50	1584.00	1585.00	1586.00	1587.00	1588.50	1589.50	1590.00	1591.50	1592.50	1594.00	1595.00	1596.50	1597.50	1599.50	1600.50	1601.50	1603.00	1604.50	1606.00	1608.00	1609.50	1610.50	1612.00	1613.50	1614.50	1616.00	1617.00	1618.50	1620.00	1620.50	1621.50	1622.50	1624.00	1625.00	1626.00	1626.00	1627.00	1627.50	1628.50	1629.00	1629.50	1630.00	1630.50	1631.00	1631.00	1631.50	1632.00	1632.00	1632.00	1633.00	1633.00
1400.00	1400.00	1400.00	1400.00	1400.00	1400.00	1400.00	1400.00	1401.00	1401.00	1401.00	1402.00	1402.50	1403.00	1403.50	1404.00	1404.50	1405.00	1406.50	1407.00	1408.00	1409.50	1410.50	1412.00	1413.50	1415.00	1417.00	1418.00	1419.50	1422.00	1423.50	1424.50	1426.00	1428.00	1430.00	1432.00	1433.00	1434.50	1435.50	1437.50	1438.50	1439.50	1441.00	1442.50	1444.00	1445.00	1446.00	1446.50	1448.00	1449.50	1450.00	1451.00	1452.00	1452.50	1453.50	1454.50	1455.00	1456.00	1456.00	1457.00	1457.00	1458.00	1458.50	1459.00	1459.00	1459.50	1460.00	1460.00	1460.00	1460.50	1461.00	1461.00	1461.00	1462.00	1462.00	1462.00	1462.00	1462.00	1462.00	1462.00	1462.00	1463.00	1463.00	1464.00	1464.50	1465.50	1466.50	1467.50	1468.00	1469.00	1470.00	1470.50	1472.00	1473.50	1474.50	1475.00	1476.00	1477.50	1479.00	1479.50	1480.50	1481.50	1484.00	1485.50	1487.00	1488.00	1490.00	1492.00	1493.50	1494.50	1495.50	1497.00	1498.50	1500.00	1501.00	1502.50	1503.50	1505.00	1506.50	1507.50	1509.00	1510.00	1511.00	1512.00	1513.50	1514.50	1515.50	1516.00	1517.50	1518.00	1519.00	1519.50	1520.00	1521.00	1522.00	1522.50	1523.00	1523.00	1524.00	1524.00	1525.00	1525.00	1525.50	1526.00	1526.00	1527.00	1527.00	1528.00	1528.50	1529.50	1530.50	1531.00	1532.00	1533.00	1533.50	1535.00	1536.00	1536.50	1538.00	1539.00	1540.50	1542.00	1543.50	1544.50	1545.50	1547.50	1548.50	1550.00	1551.00	1552.50	1554.00	1555.50	1556.50	1557.50	1559.00	1559.50	1561.00	1562.00	1563.50	1564.00	1565.00	1566.50	1567.50	1568.00	1569.00	1570.00	1571.00	1572.00	1572.50	1573.50	1574.00	1575.00	1576.00	1577.00	1577.00	1577.50	1578.50	1579.00	1579.50	1580.00	1580.50	1581.00	1582.00	1582.50	1583.50	1584.00	1585.00	1586.00	1587.00	1588.50	1589.50	1590.00	1591.50	1592.50	1594.00	1595.00	1596.50	1597.50	1599.50	1600.50	1601.50	1603.00	1604.50	1606.00	1608.00	1609.50	1610.50	1612.00	1613.50	1614.50	1616.00	1617.00	1618.50	1620.00	1620.50	1621.50	1622.50	1624.00	1625.00	1626.00	1626.00	1627.00	1627.50	1628.50	1629.00	1629.50	1630.00	1630.50	1631.00	1631.00	1631.50	1632.00	1632.00	1632.00	1633.00	1633.00
1400.00	1400.00	1400.00	1400.00	1400.00	1400.00	1400.00	1400.00	1401.00	1401.00	1401.00	1402.00	1402.50	1403.00	1403.50	1404.00	1404.50	1405.00	1406.50	1407.00	1408.00	1409.50	1410.50	1412.00	1413.50	1415.00	1417.00	1418.00	1419.50	1422.00	1423.50	1424.50	1426.00	1428.00	1430.00	1432.00	1433.00	1434.50	1435.50	1437.50	1438.50	1439.50	1441.00	1442.50	1444.00	1445.00	1446.00	1446.50	1448.00	1449.50	1450.00	1451.00	1452.00	1452.50	1453.50	1454.50	1455.00	1456.00	1456.00	1457.00	1457.00	1458.00	1458.50	1459.00	1459.00	1459.50	1460.00	1460.00	1460.00	1460.50	1461.00	1461.00	1461.00	1462.00	1462.00	1462.00	1462.00	1462.00	1462.00	1462.00	1462.00	1463.00	1463.00	1464.00	1464.50	1465.50	1466.50	1467.50	1468.00	1469.00	1470.00	1470.50	1472.00	1473.50	1474.50	1475.00	1476.00	1477.50	1479.00	1479.50	1480.50	1481.50	1484.00	1485.50	1487.00	1488.00	1490.00	1492.00	1493.50	1494.50	1495.50	1497.00	1498.50	1500.00	1501.00	1502.50	1503.50	1505.00	1506.50	1507.50	1509.00	1510.00	1511.00	1512.00	1513.50	1514.50	1515.50	1516.00	1517.50	1518.00	1519.00	1519.50	1520.00	1521.00	1522.00	1522.50	1523.00	1523.00	1524.00	1524.00	1525.00	1525.00	1525.50	1526.00	1526.00	1527.00	1527.00	1528.00	1528.50	1529.50	1530.50	1531.00	1532.00	1533.00	1533.50	1535.00	1536.00	1536.50	1538.00	1539.00	1540.50	1542.00	1543.50	1544.50	1545.50	1547.50	1548.50	1550.00	1551.00	1552.50	1554.00	1555.50	1556.50	1557.50	1559.00	1559.50	1561.00	1562.00	1563.50	1564.00	1565.00	1566.50	1567.50	1568.00	1569.00	1570.00	1571.00	1572.00	1572.50	1573.50	1574.00	1575.00	1576.00	1577.00	1577.00	1577.50	1578.50	1579.00	1579.50	1580.00	1580.50	1581.00	1582.00	1582.50	1583.50	1584.00	1585.00	1586.00	1587.00	1588.50	1589.50	1590.00	1591.50	1592.50	1594.00	1595.00	1596.50	1597.50	1599.50	1600.50	1601.50	1603.00	1604.50	1606.00	1608.00	1609.50	1610.50	1612.00	1613.50	1614.50	1616.00	1617.00	1618.50	1620.00	1620.50	1621.50	1622.50	1624.00	1625.00	1626.00	1626.00	1627.00	1627.50	1628.50	1629.00	1629.50	1630.00	1630.50	1631.00	1631.00	1631.50	1632.00	1632.00	1632.00	1633.00	1633.00
1400.50	1400.50	1400.50	1400.50	1400.50	1400.50	1400.75	1401.00	1401.50	1401.75	1402.00	1402.50	1403.25	1403.50	1404.25	1404.75	1405.50	1406.00	1407.50	1408.00	1409.00	1410.50	1411.25	1412.50	1414.00	1415.25	1417.00	1418.00	1419.50	1421.50	1423.25	1424.50	1425.75	1427.50	1429.25	1431.00	1432.50	1434.00	1435.00	1437.00	1438.00	1439.25	1441.00	1442.00	1443.50	1444.50	1445.75	1446.50	1448.00	1449.50	1450.00	1451.00	1452.25	1452.75	1453.50	1454.75	1455.25	1456.50	1456.50	1457.75	1458.00	1459.00	1459.25	1459.75	1460.00	1460.50	1461.00	1461.00	1461.25	1461.75	1462.00	1462.00	1462.00	1462.00	1462.00	1462.00	1462.00	1462.00	1462.00	1462.00	1462.50	1463.50	1464.00	1464.50	1465.25	1466.00	1467.00	1468.00	1468.75	1470.00	1471.00	1472.00	1473.50	1475.00	1476.00	1476.75	1478.00	1479.50	1481.00	1482.25	1483.50	1484.50	1487.00	1488.50	1490.00	1491.50	1493.25	1495.50	1497.25	1498.50	1499.50	1501.50	1503.00	1505.00	1506.00	1507.50	1508.50	1510.00	1511.75	1513.00	1514.50	1515.50	1516.50	1517.50	1519.00	1520.00	1520.75	1521.50	1522.50	1523.00	1524.00	1524.75	1525.25	1526.25	1527.00	1527.25	1528.00	1528.00	1528.50	1529.00	1529.50	1529.75	1530.25	1530.50	1530.75	1531.50	1531.50	1532.25	1532.75	1533.50	1534.25	1534.75	1535.50	1536.50	1537.00	1538.00	1539.25	1539.75	1541.00	1542.00	1543.00	1544.50	1545.50	1546.75	1548.00	1550.00	1551.00	1552.50	1553.50	1555.00	1556.50	1558.00	1559.00	1560.00	1561.50	1562.50	1564.00	1564.50	1566.00	1566.75	1568.00	1569.50	1570.50	1571.00	1572.00	1573.25	1574.00	1575.25	1575.75	1576.50	1577.00	1578.00	1579.00	1579.50	1580.00	1580.50	1581.50	1582.00	1582.25	1583.00	1583.75	1584.25	1585.00	1585.75	1586.50	1587.50	1588.00	1589.25	1590.00	1591.25	1592.00	1592.75	1594.00	1595.00	1596.50	1597.00	1598.50	1599.50	1601.50	1602.50	1603.50	1605.00	1606.50	1608.00	1609.50	1611.00	1612.00	1613.50	1615.00	1616.00	1617.00	1618.00	1619.50	1621.00	1622.00	1623.00	1624.00	1625.00	1626.25	1627.50	1627.50	1628.75	1629.50	1630.50	1631.00	1631.50	1632.00	1632.75	1633.00	1633.50	1633.75	1634.00	1634.50	1634.50	1635.25	1635.50
1401.00	1401.00	1401.00	1401.00	1401.00	1401.00	1401.50	1402.00	1402.00	1402.50	1403.00	1403.00	1404.00	1404.00	1405.00	1405.50	1406.50	1407.00	1408.50	1409.00	1410.00	1411.50	1412.00	1413.00	1414.50	1415.50	1417.00	1418.00	1419.50	1421.00	1423.00	1424.50	1425.50	1427.00	1428.50	1430.00	1432.00	1433.50	1434.50	1436.50	1437.50	1439.00	1441.00	1441.50	1443.00	1444.00	1445.50	1446.50	1448.00	1449.50	1450.00	1451.00	1452.50	1453.00	1453.50	1455.00	1455.50	1457.00	1457.00	1458.50	1459.00	1460.00	1460.00	1460.50	1461.00	1461.50	1462.00	1462.00	1462.50	1463.00	1463.00	1463.00	1463.00	1462.00	1462.00	1462.00	1462.00	1462.00	1462.00	1462.00	1463.00	1464.00	1465.00	1465.00	1466.00	1466.50	1467.50	1468.50	1469.50	1471.00	1472.00	1473.50	1475.00	1476.50	1477.50	1478.50	1480.00	1481.50	1483.00	1485.00	1486.50	1487.50	1490.00	1491.50	1493.00	1495.00	1496.50	1499.00	1501.00	1502.50	1503.50	1506.00	1507.50	1510.00	1511.00	1512.50	1513.50	1515.00	1517.00	1518.50	1520.00	1521.00	1522.00	1523.00	1524.50	1525.50	1526.00	1527.00	1527.50	1528.00	1529.00	1530.00	1530.50	1531.50	1532.00	1532.00	1533.00	1533.00	1533.00	1534.00	1534.00	1534.50	1535.00	1535.00	1535.50	1536.00	1536.00	1536.50	1537.00	1537.50	1538.00	1538.50	1539.00	1540.00	1540.50	1541.00	1542.50	1543.00	1544.00	1545.00	1545.50	1547.00	1547.50	1549.00	1550.50	1552.50	1553.50	1555.00	1556.00	1557.50	1559.00	1560.50	1561.50	1562.50	1564.00	1565.50	1567.00	1567.00	1568.50	1569.50	1571.00	1572.50	1573.50	1574.00	1575.00	1576.50	1577.00	1578.50	1579.00	1579.50	1580.00	1581.00	1582.00	1582.00	1583.00	1583.50	1584.50	1585.00	1585.00	1586.00	1587.00	1587.50	1588.00	1589.00	1589.50	1591.00	1591.00	1592.50	1593.00	1594.00	1594.50	1595.50	1596.50	1597.50	1599.00	1599.00	1600.50	1601.50	1603.50	1604.50	1605.50	1607.00	1608.50	1610.00	1611.00	1612.50	1613.50	1615.00	1616.50	1617.50	1618.00	1619.00	1620.50	1622.00	1623.50	1624.50	1625.50	1626.00	1627.50	1629.00	1629.00	1630.50	1631.50	1632.50	1633.00	1633.50	1634.00	1635.00	1635.00	1636.00	1636.00	1636.00	1637.00	1637.00	1637.50	1638.00
1401.00	1401.00	1401.00	1401.00	1401.00	1401.00	1401.50	1402.00	1402.00	1402.50	1403.00	1403.00	1404.00	1404.00	1405.00	1405.50	1406.50	1407.00	1408.50	1409.00	1410.00	1411.50	1412.00	1413.00	1414.50	1415.50	1417.00	1418.00	1419.50	1421.00	1423.00	1424.50	1425.50	1427.00	1428.50	1430.00	1432.00	1433.50	1434.50	1436.50	1437.50	1439.00	1441.00	1441.50	1443.00	1444.00	1445.50	1446.50	1448.00	1449.50	1450.00	1451.00	1452.50	1453.00	1453.50	1455.00	1455.50	1457.00	1457.00	1458.50	1459.00	1460.00	1460.00	1460.50	1461.00	1461.50	1462.00	1462.00	1462.50	1463.00	1463.00	1463.00	1463.00	1462.00	1462.00	1462.00	1462.00	1462.00	1462.00	1462.00	1463.00	1464.00	1465.00	1465.00	1466.00	1466.50	1467.50	1468.50	1469.50	1471.00	1472.00	1473.50	1475.00	1476.50	1477.50	1478.50	1480.00	1481.50	1483.00	1485.00	1486.50	1487.50	1490.00	1491.50	1493.00	1495.00	1496.50	1499.00	1501.00	1502.50	1503.50	1506.00	1507.50	1510.00	1511.00	1512.50	1513.50	1515.00	1517.00	1518.50	1520.00	1521.00	1522.00	1523.00	1524.50	1525.50	1526.00	1527.00	1527.50	1528.00	1529.00	1530.00	1530.50	1531.50	1532.00	1532.00	1533.00	1533.00	1533.00	1534.00	1534.00	1534.50	1535.00	1535.00	1535.50	1536.00	1536.00	1536.50	1537.00	1537.50	1538.00	1538.50	1539.00	1540.00	1540.50	1541.00	1542.50	1543.00	1544.00	1545.00	1545.50	1547.00	1547.50	1549.00	1550.50	1552.50	1553.50	1555.00	1556.00	1557.50	1559.00	1560.50	1561.50	1562.50	1564.00	1565.50	1567.00	1567.00	1568.50	1569.50	1571.00	1572.50	1573.50	1574.00	1575.00	1576.50	1577.00	1578.50	1579.00	1579.50	1580.00	1581.00	1582.00	1582.00	1583.00	1583.50	1584.50	1585.00	1585.00	1586.00	1587.00	1587.50	1588.00	1589.00	1589.50	1591.00	1591.00	1592.50	1593.00	1594.00	1594.50	1595.50	1596.50	1597.50	1599.00	1599.00	1600.50	1601.50	1603.50	1604.50	1605.50	1607.00	1608.50	1610.00	1611.00	1612.50	1613.50	1615.00	1616.50	1617.50	1618.00	1619.00	1620.50	1622.00	1623.50	1624.50	1625.50	1626.00	1627.50	1629.00	1629.00	1630.50	1631.50	1632.50	1633.00	1633.50	1634.00	1635.00	1635.00	1636.00	1636.00	1636.00	1637.00	1637.00	1637.50	1638.00
1401.00	1401.00	1401.00	1401.00	1401.00	1401.00	1401.50	1402.00	1402.00	1402.50	1403.00	1403.00	1404.00	1404.00	1405.00	1405.50	1406.50	1407.00	1408.50	1409.00	1410.00	1411.50	1412.00	1413.00	1414.50	1415.50	1417.00	1418.00	1419.50	1421.00	1423.00	1424.50	1425.50	1427.00	1428.50	1430.00	1432.00	1433.50	1434.50	1436.50	1437.50	1439.00	1441.00	1441.50	1443.00	1444.00	1445.50	1446.50	1448.00	1449.50	1450.00	1451.00	1452.50	1453.00	1453.50	1455.00	1455.50	1457.00	1457.00	1458.50	1459.00	1460.00	1460.00	1460.50	1461.00	1461.50	1462.00	1462.00	1462.50	1463.00	1463.00	1463.00	1463.00	1462.00	1462.00	1462.00	1462.00	1462.00	1462.00	1462.00	1463.00	1464.00	1465.00	1465.00	1466.00	1466.50	1467.50	1468.50	1469.50	1471.00	1472.00	1473.50	1475.00	1476.50	1477.50	1478.50	1480.00	1481.50	1483.00	1485.00	1486.50	1487.50	1490.00	1491.50	1493.00	1495.00	1496.50	1499.00	1501.00	1502.50	1503.50	1506.00	1507.50	1510.00	1511.00	1512.50	1513.50	1515.00	1517.00	1518.50	1520.00	1521.00	1522.00	1523.00	1524.50	1525.50	1526.00	1527.00	1527.50	1528.00	1529.00	1530.00	1530.50	1531.50	1532.00	1532.00	1533.00	1533.00	1533.00	1534.00	1534.00	1534.50	1535.00	1535.00	1535.50	1536.00	1536.00	1536.50	1537.00	1537.50	1538.00	1538.50	1539.00	1540.00	1540.50	1541.00	1542.50	1543.00	1544.00	1545.00	1545.50	1547.00	1547.50	1549.00	1550.50	1552.50	1553.50	1555.00	1556.00	1557.50	1559.00	1560.50	1561.50	1562.50	1564.00	1565.50	1567.00	1567.00	1568.50	1569.50	1571.00	1572.50	1573.50	1574.00	1575.00	1576.50	1577.00	1578.50	1579.00	1579.50	1580.00	1581.00	1582.00	1582.00	1583.00	1583.50	1584.50	1585.00	1585.00	1586.00	1587.00	1587.50	1588.00	1589.00	1589.50	1591.00	1591.00	1592.50	1593.00	1594.00	1594.50	1595.50	1596.50	1597.50	1599.00	1599.00	1600.50	1601.50	1603.50	1604.50	1605.50	1607.00	1608.50	1610.00	1611.00	1612.50	1613.50	1615.00	1616.50	1617.50	1618.00	1619.00	1620.50	1622.00	1623.50	1624.50	1625.50	1626.00	1627.50	1629.00	1629.00	1630.50	1631.50	1632.50	1633.00	1633.50	1634.00	1635.00	1635.00	1636.00	1636.00	1636.00	1637.00	1637.00	1637.50	1638.00
1401.00	1401.00	1401.00	1401.00	1401.00	1401.00	1401.50	1402.00	1402.00	1402.50	1403.00	1403.00	1404.00	1404.00	1405.00	1405.50	1406.50	1407.00	1408.50	1409.00	1410.00	1411.50	1412.00	1413.00	1414.50	1415.50	1417.00	1418.00	1419.50	1421.00	1423.00	1424.50	1425.50	1427.00	1428.50	1430.00	1432.00	1433.50	1434.50	1436.50	1437.50	1439.00	1441.00	1441.50	1443.00	1444.00	1445.50	1446.50	1448.00	1449.50	1450.00	1451.00	1452.50	1453.00	1453.50	1455.00	1455.50	1457.00	1457.00	1458.50	1459.00	1460.00	1460.00	1460.50	1461.00	1461.50	1462.00	1462.00	1462.50	1463.00	1463.00	1463.00	1463.00	1462.00	1462.00	1462.00	1462.00	1462.00	1462.00	1462.00	1463.00	1464.00	1465.00	1465.00	1466.00	1466.50	1467.50	1468.50	1469.50	1471.00	1472.00	1473.50	1475.00	1476.50	1477.50	1478.50	1480.00	1481.50	1483.00	1485.00	1486.50	1487.50	1490.00	1491.50	1493.00	1495.00	1496.50	1499.00	1501.00	1502.50	1503.50	1506.00	1507.50	1510.00	1511.00	1512.50	1513.50	1515.00	1517.00	1518.50	1520.00	1521.00	1522.00	1523.00	1524.50	1525.50	1526.00	1527.00	1527.50	1528.00	1529.00	1530.00	1530.50	1531.50	1532.00	1532.00	1533.00	1533.00	1533.00	1534.00	1534.00	1534.50	1535.00	1535.00	1535.50	1536.00	1536.00	1536.50	1537.00	1537.50	1538.00	1538.50	1539.00	1540.00	1540.50	1541.00	1542.50	1543.00	1544.00	1545.00	1545.50	1547.00	1547.50	1549.00	1550.50	1552.50	1553.50	1555.00	1556.00	1557.50	1559.00	1560.50	1561.50	1562.50	1564.00	1565.50	1567.00	1567.00	1568.50	1569.50	1571.00	1572.50	1573.50	1574.00	1575.00	1576.50	1577.00	1578.50	1579.00	1579.50	1580.00	1581.00	1582.00	1582.00	1583.00	1583.50	1584.50	1585.00	1585.00	1586.00	1587.00	1587.50	1588.00	1589.00	1589.50	1591.00	1591.00	1592.50	1593.00	1594.00	1594.50	1595.50	1596.50	1597.50	1599.00	1599.00	1600.50	1601.50	1603.50	1604.50	1605.50	1607.00	1608.50	1610.00	1611.00	1612.50	1613.50	1615.00	1616.50	1617.50	1618.00	1619.00	1620.50	1622.00	1623.50	1624.50	1625.50	1626.00	1627.50	1629.00	1629.00	1630.50	1631.50	1632.50	1633.00	1633.50	1634.00	1635.00	1635.00	1636.00	1636.00	1636.00	1637.00	1637.00	1637.50	1638.00
1401.00	1401.00	1401.00	1401.00	1401.00	1401.00	1401.50	1402.00	1402.00	1402.50	1403.00	1403.00	1404.00	1404.00	1405.00	1405.50	1406.50	1407.00	1408.50	1409.00	1410.00	1411.50	1412.00	1413.00	1414.50	1415.50	1417.00	1418.00	1419.50	1421.00	1423.00	1424.50	1425.50	1427.00	1428.50	1430.00	1432.00	1433.50	1434.50	1436.50	1437.50	1439.00	1441.00	1441.50	1443.00	1444.00	1445.50	1446.50	1448.00	1449.50	1450.00	1451.00	1452.50	1453.00	1453.50	1455.00	1455.50	1457.00	1457.00	1458.50	1459.00	1460.00	1460.00	1460.50	1461.00	1461.50	1462.00	1462.00	1462.50	1463.00	1463.00	1463.00	1463.00	1462.00	1462.00	1462.00	1462.00	1462.00	1462.00	1462.00	1463.00	1464.00	1465.00	1465.00	1466.00	1466.50	1467.50	1468.50	1469.50	1471.00	1472.00	1473.50	1475.00	1476.50	1477.50	1478.50	1480.00	1481.50	1483.00	1485.00	1486.50	1487.50	1490.00	1491.50	1493.00	1495.00	1496.50	1499.00	1501.00	1502.50	1503.50	1506.00	1507.50	1510.00	1511.00	1512.50	1513.50	1515.00	1517.00	1518.50	1520.00	1521.00	1522.00	1523.00	1524.50	1525.50	1526.00	1527.00	1527.50	1528.00	1529.00	1530.00	1530.50	1531.50	1532.00	1532.00	1533.00	1533.00	1533.00	1534.00	1534.00	1534.50	1535.00	1535.00	1535.50	1536.00	1536.00	1536.50	1537.00	1537.50	1538.00	1538.50	1539.00	1540.00	1540.50	1541.00	1542.50	1543.00	1544.00	1545.00	1545.50	1547.00	1547.50	1549.00	1550.50	1552.50	1553.50	1555.00	1556.00	1557.50	1559.00	1560.50	1561.50	1562.50	1564.00	1565.50	1567.00	1567.00	1568.50	1569.50	1571.00	1572.50	1573.50	1574.00	1575.00	1576.50	1577.00	1578.50	1579.00	1579.50	1580.00	1581.00	1582.00	1582.00	1583.00	1583.50	1584.50	1585.00	1585.00	1586.00	1587.00	1587.50	1588.00	1589.00	1589.50	1591.00	1591.00	1592.50	1593.00	1594.00	1594.50	1595.50	1596.50	1597.50	1599.00	1599.00	1600.50	1601.50	1603.50	1604.50	1605.50	1607.00	1608.50	1610.00	1611.00	1612.50	1613.50	1615.00	1616.50	1617.50	1618.00	1619.00	1620.50	1622.00	1623.50	1624.50	1625.50	1626.00	1627.50	1629.00	1629.00	1630.50	1631.50	1632.50	1633.00	1633.50	1634.00	1635.00	1635.00	1636.00	1636.00	1636.00	1637.00	1637.00	1637.50	1638.00
1401.00	1401.00	1401.00	1401.00	1401.00	1401.00	1401.50	1402.00	1402.00	1402.50	1403.00	1403.00	1404.00	1404.00	1405.00	1405.50	1406.50	1407.00	1408.50	1409.00	1410.00	1411.50	1412.00	1413.00	1414.50	1415.50	1417.00	1418.00	1419.50	1421.00	1423.00	1424.50	1425.50	1427.00	1428.50	1430.00	1432.00	1433.50	1434.50	1436.50	1437.50	1439.00	1441.00	1441.50	1443.00	1444.00	1445.50	1446.50	1448.00	1449.50	1450.00	1451.00	1452.50	1453.00	1453.50	1455.00	1455.50	1457.00	1457.00	1458.50	1459.00	1460.00	1460.00	1460.50	1461.00	1461.50	1462.00	1462.00	1462.50	1463.00	1463.00	1463.00	1463.00	1462.00	1462.00	1462.00	1462.00	1462.00	1462.00	1462.00	1463.00	1464.00	1465.00	1465.00	1466.00	1466.50	1467.50	1468.50	1469.50	1471.00	1472.00	1473.50	1475.00	1476.50	1477.50	1478.50	1480.00	1481.50	1483.00	1485.00	1486.50	1487.50	1490.00	1491.50	1493.00	1495.00	1496.50	1499.00	1501.00	1502.50	1503.50	1506.00	1507.50	1510.00	1511.00	1512.50	1513.50	1515.00	1517.00	1518.50	1520.00	1521.00	1522.00	1523.00	1524.50	1525.50	1526.00	1527.00	1527.50	1528.00	1529.00	1530.00	1530.50	1531.50	1532.00	1532.00	1533.00	1533.00	1533.00	1534.00	1534.00	1534.50	1535.00	1535.00	1535.50	1536.00	1536.00	1536.50	1537.00	1537.50	1538.00	1538.50	1539.00	1540.00	1540.50	1541.00	1542.50	1543.00	1544.00	1545.00	1545.50	1547.00	1547.50	1549.00	1550.50	1552.50	1553.50	1555.00	1556.00	1557.50	1559.00	1560.50	1561.50	1562.50	1564.00	1565.50	1567.00	1567.00	1568.50	1569.50	1571.00	1572.50	1573.50	1574.00	1575.00	1576.50	1577.00	1578.50	1579.00	1579.50	1580.00	1581.00	1582.00	1582.00	1583.00	1583.50	1584.50	1585.00	1585.00	1586.00	1587.00	1587.50	1588.00	1589.00	1589.50	1591.00	1591.00	1592.50	1593.00	1594.00	1594.50	1595.50	1596.50	1597.50	1599.00	1599.00	1600.50	1601.50	1603.50	1604.50	1605.50	1607.00	1608.50	1610.00	1611.00	1612.50	1613.50	1615.00	1616.50	1617.50	1618.00	1619.00	1620.50	1622.00	1623.50	1624.50	1625.50	1626.00	1627.50	1629.00	1629.00	1630.50	1631.50	1632.50	1633.00	1633.50	1634.00	1635.00	1635.00	1636.00	1636.00	1636.00	1637.00	1637.00	1637.50	1638.00
1401.00	1401.00	1401.00	1401.00	1401.00	1401.00	1401.50	1402.00	1402.00	1402.50	1403.00	1403.00	1404.00	1404.00	1405.00	1405.50	1406.50	1407.00	1408.50	1409.00	1410.00	1411.50	1412.00	1413.00	1414.50	1415.50	1417.00	1418.00	1419.50	1421.00	1423.00	1424.50	1425.50	1427.00	1428.50	1430.00	1432.00	1433.50	1434.50	1436.50	1437.50	1439.00	1441.00	1441.50	1443.00	1444.00	1445.50	1446.50	1448.00	1449.50	1450.00	1451.00	1452.50	1453.00	1453.50	1455.00	1455.50	1457.00	1457.00	1458.50	1459.00	1460.00	1460.00	1460.50	1461.00	1461.50	1462.00	1462.00	1462.50	1463.00	1463.00	1463.00	1463.00	1462.00	1462.00	1462.00	1462.00	1462.00	1462.00	1462.00	1463.00	1464.00	1465.00	1465.00	1466.00	1466.50	1467.50	1468.50	1469.50	1471.00	1472.00	1473.50	1475.00	1476.50	1477.50	1478.50	1480.00	1481.50	1483.00	1485.00	1486.50	1487.50	1490.00	1491.50	1493.00	1495.00	1496.50	1499.00	1501.00	1502.50	1503.50	1506.00	1507.50	1510.00	1511.00	1512.50	1513.50	1515.00	1517.00	1518.50	1520.00	1521.00	1522.00	1523.00	1524.50	1525.50	1526.00	1527.00	1527.50	1528.00	1529.00	1530.00	1530.50	1531.50	1532.00	1532.00	1533.00	1533.00	1533.00	1534.00	1534.00	1534.50	1535.00	1535.00	1535.50	1536.00	1536.00	1536.50	1537.00	1537.50	1538.00	1538.50	1539.00	1540.00	1540.50	1541.00	1542.50	1543.00	1544.00	1545.00	1545.50	1547.00	1547.50	1549.00	1550.50	1552.50	1553.50	1555.00	1556.00	1557.50	1559.00	1560.50	1561.50	1562.50	1564.00	1565.50	1567.00	1567.00	1568.50	1569.50	1571.00	1572.50	1573.50	1574.00	1575.00	1576.50	1577.00	1578.50	1579.00	1579.50	1580.00	1581.00	1582.00	1582.00	1583.00	1583.50	1584.50	1585.00	1585.00	1586.00	1587.00	1587.50	1588.00	1589.00	1589.50	1591.00	1591.00	1592.50	1593.00	1594.00	1594.50	1595.50	1596.50	1597.50	1599.00	1599.00	1600.50	1601.50	1603.50	1604.50	1605.50	1607.00	1608.50	1610.00	1611.00	1612.50	1613.50	1615.00	1616.50	1617.50	1618.00	1619.00	1620.50	1622.00	1623.50	1624.50	1625.50	1626.00	1627.50	1629.00	1629.00	1630.50	1631.50	1632.50	1633.00	1633.50	1634.00	1635.00	1635.00	1636.00	1636.00	1636.00	1637.00	1637.00	1637.50	1638.00
1400.00	1400.00	1400.25	1400.50	1400.50	1400.75	1401.25	1401.50	1401.75	1402.25	1402.50	1403.00	1403.75	1404.50	1405.25	1405.75	1406.50	1407.00	1408.25	1409.00	1410.00	1411.00	1411.75	1413.00	1414.25	1415.00	1416.50	1417.50	1419.00	1420.50	1422.25	1423.50	1424.50	1426.00	1428.00	1429.50	1431.00	1432.50	1433.75	1436.00	1437.00	1438.25	1440.00	1441.00	1443.00	1444.00	1445.50	1446.50	1448.00	1449.50	1450.25	1451.00	1452.50	1453.25	1454.00	1455.50	1456.00	1457.50	1457.50	1459.00	1459.50	1460.50	1460.75	1461.25	1462.00	1462.50	1463.00	1463.00	1463.25	1463.50	1463.50	1463.50	1463.50	1463.00	1463.00	1462.50	1462.50	1463.00	1463.00	1463.25	1464.00	1465.00	1465.50	1466.00	1466.75	1467.50	1469.00	1470.50	1471.50	1473.50	1474.50	1476.25	1478.00	1479.75	1481.00	1482.25	1484.00	1486.00	1487.50	1489.50	1491.00	1492.00	1494.50	1496.00	1497.50	1499.50	1501.25	1503.50	1505.50	1507.00	1508.25	1510.50	1512.50	1514.50	1516.00	1517.50	1518.50	1520.00	1521.75	1523.00	1524.50	1525.50	1526.75	1528.00	1529.00	1530.00	1530.50	1531.50	1532.25	1533.00	1534.00	1534.50	1535.00	1535.75	1536.25	1536.50	1537.50	1537.50	1537.75	1538.50	1538.50	1538.75	1539.25	1539.50	1539.75	1540.00	1540.00	1540.75	1541.00	1541.50	1542.00	1542.25	1543.00	1543.75	1544.25	1545.00	1546.00	1546.50	1547.50	1548.50	1549.00	1550.00	1551.00	1552.25	1553.25	1555.00	1556.00	1557.50	1558.50	1560.00	1561.00	1562.50	1563.50	1564.50	1566.00	1567.50	1569.00	1569.50	1571.00	1572.00	1573.50	1574.75	1575.50	1576.50	1577.50	1578.50	1579.50	1580.75	1581.25	1581.75	1582.50	1583.50	1584.50	1585.00	1585.75	1586.25	1587.25	1587.75	1588.00	1589.00	1589.75	1590.25	1590.50	1591.50	1592.00	1593.00	1593.50	1594.50	1595.00	1596.00	1596.50	1597.25	1598.25	1599.00	1600.50	1601.00	1602.50	1603.50	1605.00	1606.00	1607.00	1608.50	1610.00	1611.50	1612.50	1614.00	1615.00	1616.50	1618.00	1618.75	1619.50	1620.50	1622.00	1623.50	1625.00	1626.00	1627.00	1628.00	1629.00	1630.50	1631.00	1632.50	1633.25	1634.50	1635.25	1635.75	1636.50	1637.50	1637.75	1638.50	1639.00	1639.00	1640.00	1640.00	1640.75	1641.00
1399.00	1399.00	1399.50	1400.00	1400.00	1400.50	1401.00	1401.00	1401.50	1402.00	1402.00	1403.00	1403.50	1405.00	1405.50	1406.00	1406.50	1407.00	1408.00	1409.00	1410.00	1410.50	1411.50	1413.00	1414.00	1414.50	1416.00	1417.00	1418.50	1420.00	1421.50	1422.50	1423.50	1425.00	1427.50	1429.00	1430.00	1431.50	1433.00	1435.50	1436.50	1437.50	1439.00	1440.50	1443.00	1444.00	1445.50	1446.50	1448.00	1449.50	1450.50	1451.00	1452.50	1453.50	1454.50	1456.00	1456.50	1458.00	1458.00	1459.50	1460.00	1461.00	1461.50	1462.00	1463.00	1463.50	1464.00	1464.00	1464.00	1464.00	1464.00	1464.00	1464.00	1464.00	1464.00	1463.00	1463.00	1464.00	1464.00	1464.50	1465.00	1466.00	1466.00	1467.00	1467.50	1468.50	1470.50	1472.50	1473.50	1476.00	1477.00	1479.00	1481.00	1483.00	1484.50	1486.00	1488.00	1490.50	1492.00	1494.00	1495.50	1496.50	1499.00	1500.50	1502.00	1504.00	1506.00	1508.00	1510.00	1511.50	1513.00	1515.00	1517.50	1519.00	1521.00	1522.50	1523.50	1525.00	1526.50	1527.50	1529.00	1530.00	1531.50	1533.00	1533.50	1534.50	1535.00	1536.00	1537.00	1538.00	1539.00	1539.00	1539.50	1540.00	1540.50	1541.00	1542.00	1542.00	1542.50	1543.00	1543.00	1543.00	1543.50	1544.00	1544.00	1544.00	1544.00	1545.00	1545.00	1545.50	1546.00	1546.00	1547.00	1547.50	1548.00	1549.00	1549.50	1550.00	1551.00	1552.00	1552.50	1553.00	1554.50	1555.50	1556.00	1557.50	1558.50	1560.00	1561.00	1562.50	1563.00	1564.50	1565.50	1566.50	1568.00	1569.50	1571.00	1572.00	1573.50	1574.50	1576.00	1577.00	1577.50	1579.00	1580.00	1580.50	1582.00	1583.00	1583.50	1584.00	1585.00	1586.00	1587.00	1588.00	1588.50	1589.00	1590.00	1590.50	1591.00	1592.00	1592.50	1593.00	1593.00	1594.00	1594.50	1595.00	1596.00	1596.50	1597.00	1598.00	1598.50	1599.00	1600.00	1600.50	1602.00	1603.00	1604.50	1605.50	1606.50	1607.50	1608.50	1610.00	1611.50	1613.00	1614.00	1615.50	1616.50	1618.00	1619.50	1620.00	1621.00	1622.00	1623.50	1625.00	1626.50	1627.50	1628.50	1630.00	1630.50	1632.00	1633.00	1634.50	1635.00	1636.50	1637.50	1638.00	1639.00	1640.00	1640.50	1641.00	1642.00	1642.00	1643.00	1643.00	1644.00	1644.00
1399.00	1399.00	1399.50	1400.00	1400.00	1400.50	1401.00	1401.00	1401.50	1402.00	1402.00	1403.00	1403.50	1405.00	1405.50	1406.00	1406.50	1407.00	1408.00	1409.00	1410.00	1410.50	1411.50	1413.00	1414.00	1414.50	1416.00	1417.00	1418.50	1420.00	1421.50	1422.50	1423.50	1425.00	1427.50	1429.00	1430.00	1431.50	1433.00	1435.50	1436.50	1437.50	1439.00	1440.50	1443.00	1444.00	1445.50	1446.50	1448.00	1449.50	1450.50	1451.00	1452.50	1453.50	1454.50	1456.00	1456.50	1458.00	1458.00	1459.50	1460.00	1461.00	1461.50	1462.00	1463.00	1463.50	1464.00	1464.00	1464.00	1464.00	1464.00	1464.00	1464.00	1464.00	1464.00	1463.00	1463.00	1464.00	1464.00	1464.50	1465.00	1466.00	1466.00	1467.00	1467.50	1468.50	1470.50	1472.50	1473.50	1476.00	1477.00	1479.00	1481.00	1483.00	1484.50	1486.00	1488.00	1490.50	1492.00	1494.00	1495.50	1496.50	1499.00	1500.50	1502.00	1504.00	1506.00	1508.00	1510.00	1511.50	1513.00	1515.00	1517.50	1519.00	1521.00	1522.50	1523.50	1525.00	1526.50	1527.50	1529.00	1530.00	1531.50	1533.00	1533.50	1534.50	1535.00	1536.00	1537.00	1538.00	1539.00	1539.00	1539.50	1540.00	1540.50	1541.00	1542.00	1542.00	1542.50	1543.00	1543.00	1543.00	1543.50	1544.00	1544.00	1544.00	1544.00	1545.00	1545.00	1545.50	1546.00	1546.00	1547.00	1547.50	1548.00	1549.00	1549.50	1550.00	1551.00	1552.00	1552.50	1553.00	1554.50	1555.50	1556.00	1557.50	1558.50	1560.00	1561.00	1562.50	1563.00	1564.50	1565.50	1566.50	1568.00	1569.50	1571.00	1572.00	1573.50	1574.50	1576.00	1577.00	1577.50	1579.00	1580.00	1580.50	1582.00	1583.00	1583.50	1584.00	1585.00	1586.00	1587.00	1588.00	1588.50	1589.00	1590.00	1590.50	1591.00	1592.00	1592.50	1593.00	1593.00	1594.00	1594.50	1595.00	1596.00	1596.50	1597.00	1598.00	1598.50	1599.00	1600.00	1600.50	1602.00	1603.00	1604.50	1605.50	1606.50	1607.50	1608.50	1610.00	1611.50	1613.00	1614.00	1615.50	1616.50	1618.00	1619.50	1620.00	1621.00	1622.00	1623.50	1625.00	1626.50	1627.50	1628.50	1630.00	1630.50	1632.00	1633.00	1634.50	1635.00	1636.50	1637.50	1638.00	1639.00	1640.00	1640.50	1641.00	1642.00	1642.00	1643.00	1643.00	1644.00	1644.00
1399.00	1399.00	1399.50	1400.00	1400.00	1400.50	1401.00	1401.00	1401.50	1402.00	1402.00	1403.00	1403.50	1405.00	1405.50	1406.00	1406.50	1407.00	1408.00	1409.00	1410.00	1410.50	1411.50	1413.00	1414.00	1414.50	1416.00	1417.00	1418.50	1420.00	1421.50	1422.50	1423.50	1425.00	1427.50	1429.00	1430.00	1431.50	1433.00	1435.50	1436.50	1437.50	1439.00	1440.50	1443.00	1444.00	1445.50	1446.50	1448.00	1449.50	1450.50	1451.00	1452.50	1453.50	1454.50	1456.00	1456.50	1458.00	1458.00	1459.50	1460.00	1461.00	1461.50	1462.00	1463.00	1463.50	1464.00	1464.00	1464.00	1464.00	1464.00	1464.00	1464.00	1464.00	1464.00	1463.00	1463.00	1464.00	1464.00	1464.50	1465.00	1466.00	1466.00	1467.00	1467.50	1468.50	1470.50	1472.50	1473.50	1476.00	1477.00	1479.00	1481.00	1483.00	1484.50	1486.00	1488.00	1490.50	1492.00	1494.00	1495.50	1496.50	1499.00	1500.50	1502.00	1504.00	1506.00	1508.00	1510.00	1511.50	1513.00	1515.00	1517.50	1519.00	1521.00	1522.50	1523.50	1525.00	1526.50	1527.50	1529.00	1530.00	1531.50	1533.00	1533.50	1534.50	1535.00	1536.00	1537.00	1538.00	1539.00	1539.00	1539.50	1540.00	1540.50	1541.00	1542.00	1542.00	1542.50	1543.00	1543.00	1543.00	1543.50	1544.00	1544.00	1544.00	1544.00	1545.00	1545.00	1545.50	1546.00	1546.00	1547.00	1547.50	1548.00	1549.00	1549.50	1550.00	1551.00	1552.00	1552.50	1553.00	1554.50	1555.50	1556.00	1557.50	1558.50	1560.00	1561.00	1562.50	1563.00	1564.50	1565.50	1566.50	1568.00	1569.50	1571.00	1572.00	1573.50	1574.50	1576.00	1577.00	1577.50	1579.00	1580.00	1580.50	1582.00	1583.00	1583.50	1584.00	1585.00	1586.00	1587.00	1588.00	1588.50	1589.00	1590.00	1590.50	1591.00	1592.00	1592.50	1593.00	1593.00	1594.00	1594.50	1595.00	1596.00	1596.50	1597.00	1598.00	1598.50	1599.00	1600.00	1600.50	1602.00	1603.00	1604.50	1605.50	1606.50	1607.50	1608.50	1610.00	1611.50	1613.00	1614.00	1615.50	1616.50	1618.00	1619.50	1620.00	1621.00	1622.00	1623.50	1625.00	1626.50	1627.50	1628.50	1630.00	1630.50	1632.00	1633.00	1634.50	1635.00	1636.50	1637.50	1638.00	1639.00	1640.00	1640.50	1641.00	1642.00	1642.00	1643.00	1643.00	1644.00	1644.00
1399.00	1399.00	1399.50	1400.00	1400.00	1400.50	1401.00	1401.00	1401.50	1402.00	1402.00	1403.00	1403.50	1405.00	1405.50	1406.00	1406.50	1407.00	1408.00	1409.00	1410.00	1410.50	1411.50	1413.00	1414.00	1414.50	1416.00	1417.00	1418.50	1420.00	1421.50	1422.50	1423.50	1425.00	1427.50	1429.00	1430.00	1431.50	1433.00	1435.50	1436.50	1437.50	1439.00	1440.50	1443.00	1444.00	1445.50	1446.50	1448.00	1449.50	1450.50	1451.00	1452.50	1453.50	1454.50	1456.00	1456.50	1458.00	1458.00	1459.50	1460.00	1461.00	1461.50	1462.00	1463.00	1463.50	1464.00	1464.00	1464.00	1464.00	1464.00	1464.00	1464.00	1464.00	1464.00	1463.00	1463.00	1464.00	1464.00	1464.50	1465.00	1466.00	1466.00	1467.00	1467.50	1468.50	1470.50	1472.50	1473.50	1476.00	1477.00	1479.00	1481.00	1483.00	1484.50	1486.00	1488.00	1490.50	1492.00	1494.00	1495.50	1496.50	1499.00	1500.50	1502.00	1504.00	1506.00	1508.00	1510.00	1511.50	1513.00	1515.00	1517.50	1519.00	1521.00	1522.50	1523.50	1525.00	1526.50	1527.50	1529.00	1530.00	1531.50	1533.00	1533.50	1534.50	1535.00	1536.00	1537.00	1538.00	1539.00	1539.00	1539.50	1540.00	1540.50	1541.00	1542.00	1542.00	1542.50	1543.00	1543.00	1543.00	1543.50	1544.00	1544.00	1544.00	1544.00	1545.00	1545.00	1545.50	1546.00	1546.00	1547.00	1547.50	1548.00	1549.00	1549.50	1550.00	1551.00	1552.00	1552.50	1553.00	1554.50	1555.50	1556.00	1557.50	1558.50	1560.00	1561.00	1562.50	1563.00	1564.50	1565.50	1566.50	1568.00	1569.50	1571.00	1572.00	1573.50	1574.50	1576.00	1577.00	1577.50	1579.00	1580.00	1580.50	1582.00	1583.00	1583.50	1584.00	1585.00	1586.00	1587.00	1588.00	1588.50	1589.00	1590.00	1590.50	1591.00	1592.00	1592.50	1593.00	1593.00	1594.00	1594.50	1595.00	1596.00	1596.50	1597.00	1598.00	1598.50	1599.00	1600.00	1600.50	1602.00	1603.00	1604.50	1605.50	1606.50	1607.50	1608.50	1610.00	1611.50	1613.00	1614.00	1615.50	1616.50	1618.00	1619.50	1620.00	1621.00	1622.00	1623.50	1625.00	1626.50	1627.50	1628.50	1630.00	1630.50	1632.00	1633.00	1634.50	1635.00	1636.50	1637.50	1638.00	1639.00	1640.00	1640.50	1641.00	1642.00	1642.00	1643.00	1643.00	1644.00	1644.00
1399.00	1399.00	1399.50	1400.00	1400.00	1400.50	1401.00	1401.00	1401.50	1402.00	1402.00	1403.00	1403.50	1405.00	1405.50	1406.00	1406.50	1407.00	1408.00	1409.00	1410.00	1410.50	1411.50	1413.00	1414.00	1414.50	1416.00	1417.00	1418.50	1420.00	1421.50	1422.50	1423.50	1425.00	1427.50	1429.00	1430.00	1431.50	1433.00	1435.50	1436.50	1437.50	1439.00	1440.50	1443.00	1444.00	1445.50	1446.50	1448.00	1449.50	1450.50	1451.00	1452.50	1453.50	1454.50	1456.00	1456.50	1458.00	1458.00	1459.50	1460.00	1461.00	1461.50	1462.00	1463.00	1463.50	1464.00	1464.00	1464.00	1464.00	1464.00	1464.00	1464.00	1464.00	1464.00	1463.00	1463.00	1464.00	1464.00	1464.50	1465.00	1466.00	1466.00	1467.00	1467.50	1468.50	1470.50	1472.50	1473.50	1476.00	1477.00	1479.00	1481.00	1483.00	1484.50	1486.00	1488.00	1490.50	1492.00	1494.00	1495.50	1496.50	1499.00	1500.50	1502.00	1504.00	1506.00	1508.00	1510.00	1511.50	1513.00	1515.00	1517.50	1519.00	1521.00	1522.50	1523.50	1525.00	1526.50	1527.50	1529.00	1530.00	1531.50	1533.00	1533.50	1534.50	1535.00	1536.00	1537.00	1538.00	1539.00	1539.00	1539.50	1540.00	1540.50	1541.00	1542.00	1542.00	1542.50	1543.00	1543.00	1543.00	1543.50	1544.00	1544.00	1544.00	1544.00	1545.00	1545.00	1545.50	1546.00	1546.00	1547.00	1547.50	1548.00	1549.00	1549.50	1550.00	1551.00	1552.00	1552.50	1553.00	1554.50	1555.50	1556.00	1557.50	1558.50	1560.00	1561.00	1562.50	1563.00	1564.50	1565.50	1566.50	1568.00	1569.50	1571.00	1572.00	1573.50	1574.50	1576.00	1577.00	1577.50	1579.00	1580.00	1580.50	1582.00	1583.00	1583.50	1584.00	1585.00	1586.00	1587.00	1588.00	1588.50	1589.00	1590.00	1590.50	1591.00	1592.00	1592.50	1593.00	1593.00	1594.00	1594.50	1595.00	1596.00	1596.50	1597.00	1598.00	1598.50	1599.00	1600.00	1600.50	1602.00	1603.00	1604.50	1605.50	1606.50	1607.50	1608.50	1610.00	1611.50	1613.00	1614.00	1615.50	1616.50	1618.00	1619.50	1620.00	1621.00	1622.00	1623.50	1625.00	1626.50	1627.50	1628.50	1630.00	1630.50	1632.00	1633.00	1634.50	1635.00	1636.50	1637.50	1638.00	1639.00	1640.00	1640.50	1641.00	1642.00	1642.00	1643.00	1643.00	1644.00	1644.00
1399.00	1399.00	1399.50	1400.00	1400.00	1400.50	1401.00	1401.00	1401.50	1402.00	1402.00	1403.00	1403.50	1405.00	1405.50	1406.00	1406.50	1407.00	1408.00	1409.00	1410.00	1410.50	1411.50	1413.00	1414.00	1414.50	1416.00	1417.00	1418.50	1420.00	1421.50	1422.50	1423.50	1425.00	1427.50	1429.00	1430.00	1431.50	1433.00	1435.50	1436.50	1437.50	1439.00	1440.50	1443.00	1444.00	1445.50	1446.50	1448.00	1449.50	1450.50	1451.00	1452.50	1453.50	1454.50	1456.00	1456.50	1458.00	1458.00	1459.50	1460.00	1461.00	1461.50	1462.00	1463.00	1463.50	1464.00	1464.00	1464.00	1464.00	1464.00	1464.00	1464.00	1464.00	1464.00	1463.00	1463.00	1464.00	1464.00	1464.50	1465.00	1466.00	1466.00	1467.00	1467.50	1468.50	1470.50	1472.50	1473.50	1476.00	1477.00	1479.00	1481.00	1483.00	1484.50	1486.00	1488.00	1490.50	1492.00	1494.00	1495.50	1496.50	1499.00	1500.50	1502.00	1504.00	1506.00	1508.00	1510.00	1511.50	1513.00	1515.00	1517.50	1519.00	1521.00	1522.50	1523.50	1525.00	1526.50	1527.50	1529.00	1530.00	1531.50	1533.00	1533.50	1534.50	1535.00	1536.00	1537.00	1538.00	1539.00	1539.00	1539.50	1540.00	1540.50	1541.00	1542.00	1542.00	1542.50	1543.00	1543.00	1543.00	1543.50	1544.00	1544.00	1544.00	1544.00	1545.00	1545.00	1545.50	1546.00	1546.00	1547.00	1547.50	1548.00	1549.00	1549.50	1550.00	1551.00	1552.00	1552.50	1553.00	1554.50	1555.50	1556.00	1557.50	1558.50	1560.00	1561.00	1562.50	1563.00	1564.50	1565.50	1566.50	1568.00	1569.50	1571.00	1572.00	1573.50	1574.50	1576.00	1577.00	1577.50	1579.00	1580.00	1580.50	1582.00	1583.00	1583.50	1584.00	1585.00	1586.00	1587.00	1588.00	1588.50	1589.00	1590.00	1590.50	1591.00	1592.00	1592.50	1593.00	1593.00	1594.00	1594.50	1595.00	1596.00	1596.50	1597.00	1598.00	1598.50	1599.00	1600.00	1600.50	1602.00	1603.00	1604.50	1605.50	1606.50	1607.50	1608.50	1610.00	1611.50	1613.00	1614.00	1615.50	1616.50	1618.00	1619.50	1620.00	1621.00	1622.00	1623.50	1625.00	1626.50	1627.50	1628.50	1630.00	1630.50	1632.00	1633.00	1634.50	1635.00	1636.50	1637.50	1638.00	1639.00	1640.00	1640.50	1641.00	1642.00	1642.00	1643.00	1643.00	1644.00	1644.00
1399.00	1399.00	1399.50	1400.00	1400.00	1400.50	1401.00	1401.00	1401.50	1402.00	1402.00	1403.00	1403.50	1405.00	1405.50	1406.00	1406.50	1407.00	1408.00	1409.00	1410.00	1410.50	1411.50	1413.00	1414.00	1414.50	1416.00	1417.00	1418.50	1420.00	1421.50	1422.50	1423.50	1425.00	1427.50	1429.00	1430.00	1431.50	1433.00	1435.50	1436.50	1437.50	1439.00	1440.50	1443.00	1444.00	1445.50	1446.50	1448.00	1449.50	1450.50	1451.00	1452.50	1453.50	1454.50	1456.00	1456.50	1458.00	1458.00	1459.50	1460.00	1461.00	1461.50	1462.00	1463.00	1463.50	1464.00	1464.00	1464.00	1464.00	1464.00	1464.00	1464.00	1464.00	1464.00	1463.00	1463.00	1464.00	1464.00	1464.50	1465.00	1466.00	1466.00	1467.00	1467.50	1468.50	1470.50	1472.50	1473.50	1476.00	1477.00	1479.00	1481.00	1483.00	1484.50	1486.00	1488.00	1490.50	1492.00	1494.00	1495.50	1496.50	1499.00	1500.50	1502.00	1504.00	1506.00	1508.00	1510.00	1511.50	1513.00	1515.00	1517.50	1519.00	1521.00	1522.50	1523.50	1525.00	1526.50	1527.50	1529.00	1530.00	1531.50	1533.00	1533.50	1534.50	1535.00	1536.00	1537.00	1538.00	1539.00	1539.00	1539.50	1540.00	1540.50	1541.00	1542.00	1542.00	1542.50	1543.00	1543.00	1543.00	1543.50	1544.00	1544.00	1544.00	1544.00	1545.00	1545.00	1545.50	1546.00	1546.00	1547.00	1547.50	1548.00	1549.00	1549.50	1550.00	1551.00	1552.00	1552.50	1553.00	1554.50	1555.50	1556.00	1557.50	1558.50	1560.00	1561.00	1562.50	1563.00	1564.50	1565.50	1566.50	1568.00	1569.50	1571.00	1572.00	1573.50	1574.50	1576.00	1577.00	1577.50	1579.00	1580.00	1580.50	1582.00	1583.00	1583.50	1584.00	1585.00	1586.00	1587.00	1588.00	1588.50	1589.00	1590.00	1590.50	1591.00	1592.00	1592.50	1593.00	1593.00	1594.00	1594.50	1595.00	1596.00	1596.50	1597.00	1598.00	1598.50	1599.00	1600.00	1600.50	1602.00	1603.00	1604.50	1605.50	1606.50	1607.50	1608.50	1610.00	1611.50	1613.00	1614.00	1615.50	1616.50	1618.00	1619.50	1620.00	1621.00	1622.00	1623.50	1625.00	1626.50	1627.50	1628.50	1630.00	1630.50	1632.00	1633.00	1634.50	1635.00	1636.50	1637.50	1638.00	1639.00	1640.00	1640.50	1641.00	1642.00	1642.00	1643.00	1643.00	1644.00	1644.00
1397.00	1398.00	1398.00	1398.00	1398.00	1399.00	1399.00	1399.50	1400.50	1401.50	1402.00	1403.00	1403.50	1405.00	1405.50	1406.00	1406.50	1407.00	1408.00	1409.00	1410.00	1410.50	1411.00	1412.00	1413.00	1413.50	1415.00	1416.00	1417.50	1419.00	1419.50	1420.50	1421.50	1423.00	1424.50	1427.00	1428.00	1429.50	1431.00	1433.50	1434.50	1436.00	1438.00	1439.50	1441.00	1443.00	1444.50	1445.50	1447.00	1449.00	1450.50	1452.00	1453.50	1454.50	1455.50	1456.50	1457.50	1459.00	1459.00	1460.50	1462.00	1462.50	1463.50	1464.00	1465.00	1465.50	1466.00	1467.00	1467.50	1468.00	1468.50	1469.00	1469.00	1470.00	1470.00	1470.00	1470.00	1470.00	1470.50	1471.00	1471.00	1471.50	1473.00	1473.00	1474.50	1475.50	1477.00	1478.50	1479.50	1480.00	1481.00	1483.50	1486.00	1488.50	1490.00	1492.00	1495.00	1497.00	1500.00	1502.00	1504.00	1505.50	1508.50	1510.00	1512.00	1513.00	1515.50	1518.00	1519.50	1521.00	1522.50	1524.00	1526.00	1528.00	1529.00	1531.50	1532.50	1534.50	1536.00	1536.50	1538.00	1538.00	1539.50	1540.00	1541.50	1542.00	1542.50	1544.00	1544.50	1545.00	1545.00	1546.00	1546.00	1546.50	1547.50	1548.00	1548.00	1549.00	1549.00	1549.00	1549.00	1549.50	1550.00	1550.00	1550.00	1551.00	1551.00	1551.50	1552.00	1552.50	1553.00	1553.00	1554.00	1554.00	1554.50	1555.00	1556.00	1556.00	1557.00	1557.00	1558.00	1559.00	1559.50	1560.50	1561.00	1562.50	1563.00	1564.00	1565.00	1566.00	1567.00	1568.50	1569.50	1570.50	1572.00	1572.50	1574.00	1575.00	1575.50	1576.50	1578.00	1579.50	1580.00	1581.00	1582.00	1583.00	1584.00	1585.50	1586.00	1586.50	1588.00	1588.50	1590.00	1590.00	1591.50	1592.00	1593.00	1593.50	1594.00	1595.00	1595.50	1596.00	1597.00	1597.00	1597.50	1598.00	1599.00	1599.50	1600.00	1601.00	1601.50	1602.00	1603.50	1604.50	1606.00	1606.00	1607.50	1608.50	1610.00	1610.50	1611.50	1613.00	1614.50	1616.00	1617.00	1617.50	1618.50	1620.00	1621.50	1622.50	1624.00	1625.00	1626.50	1628.00	1629.50	1630.50	1631.50	1633.00	1634.50	1636.00	1637.00	1638.50	1639.00	1640.50	1641.50	1642.50	1644.00	1644.50	1645.50	1646.00	1647.50	1648.00	1649.00	1649.00	1650.50	1651.00
1397.00	1398.00	1398.00	1398.00	1398.00	1399.00	1399.00	1399.50	1400.50	1401.50	1402.00	1403.00	1403.50	1405.00	1405.50	1406.00	1406.50	1407.00	1408.00	1409.00	1410.00	1410.50	1411.00	1412.00	1413.00	1413.50	1415.00	1416.00	1417.50	1419.00	1419.50	1420.50	1421.50	1423.00	1424.50	1427.00	1428.00	1429.50	1431.00	1433.50	1434.50	1436.00	1438.00	1439.50	1441.00	1443.00	1444.50	1445.50	1447.00	1449.00	1450.50	1452.00	1453.50	1454.50	1455.50	1456.50	1457.50	1459.00	1459.00	1460.50	1462.00	1462.50	1463.50	1464.00	1465.00	1465.50	1466.00	1467.00	1467.50	1468.00	1468.50	1469.00	1469.00	1470.00	1470.00	1470.00	1470.00	1470.00	1470.50	1471.00	1471.00	1471.50	1473.00	1473.00	1474.50	1475.50	1477.00	1478.50	1479.50	1480.00	1481.00	1483.50	1486.00	1488.50	1490.00	1492.00	1495.00	1497.00	1500.00	1502.00	1504.00	1505.50	1508.50	1510.00	1512.00	1513.00	1515.50	1518.00	1519.50	1521.00	1522.50	1524.00	1526.00	1528.00	1529.00	1531.50	1532.50	1534.50	1536.00	1536.50	1538.00	1538.00	1539.50	1540.00	1541.50	1542.00	1542.50	1544.00	1544.50	1545.00	1545.00	1546.00	1546.00	1546.50	1547.50	1548.00	1548.00	1549.00	1549.00	1549.00	1549.00	1549.50	1550.00	1550.00	1550.00	1551.00	1551.00	1551.50	1552.00	1552.50	1553.00	1553.00	1554.00	1554.00	1554.50	1555.00	1556.00	1556.00	1557.00	1557.00	1558.00	1559.00	1559.50	1560.50	1561.00	1562.50	1563.00	1564.00	1565.00	1566.00	1567.00	1568.50	1569.50	1570.50	1572.00	1572.50	1574.00	1575.00	1575.50	1576.50	1578.00	1579.50	1580.00	1581.00	1582.00	1583.00	1584.00	1585.50	1586.00	1586.50	1588.00	1588.50	1590.00	1590.00	1591.50	1592.00	1593.00	1593.50	1594.00	1595.00	1595.50	1596.00	1597.00	1597.00	1597.50	1598.00	1599.00	1599.50	1600.00	1601.00	1601.50	1602.00	1603.50	1604.50	1606.00	1606.00	1607.50	1608.50	1610.00	1610.50	1611.50	1613.00	1614.50	1616.00	1617.00	1617.50	1618.50	1620.00	1621.50	1622.50	1624.00	1625.00	1626.50	1628.00	1629.50	1630.50	1631.50	1633.00	1634.50	1636.00	1637.00	1638.50	1639.00	1640.50	1641.50	1642.50	1644.00	1644.50	1645.50	1646.00	1647.50	1648.00	1649.00	1649.00	1650.50	1651.00
1397.00	1398.00	1398.00	1398.00	1398.00	1399.00	1399.00	1399.50	1400.50	1401.50	1402.00	1403.00	1403.50	1405.00	1405.50	1406.00	1406.50	1407.00	1408.00	1409.00	1410.00	1410.50	1411.00	1412.00	1413.00	1413.50	1415.00	1416.00	1417.50	1419.00	1419.50	1420.50	1421.50	1423.00	1424.50	1427.00	1428.00	1429.50	1431.00	1433.50	1434.50	1436.00	1438.00	1439.50	1441.00	1443.00	1444.50	1445.50	1447.00	1449.00	1450.50	1452.00	1453.50	1454.50	1455.50	1456.50	1457.50	1459.00	1459.00	1460.50	1462.00	1462.50	1463.50	1464.00	1465.00	1465.50	1466.00	1467.00	1467.50	1468.00	1468.50	1469.00	1469.00	1470.00	1470.00	1470.00	1470.00	1470.00	1470.50	1471.00	1471.00	1471.50	1473.00	1473.00	1474.50	1475.50	1477.00	1478.50	1479.50	1480.00	1481.00	1483.50	1486.00	1488.50	1490.00	1492.00	1495.00	1497.00	1500.00	1502.00	1504.00	1505.50	1508.50	1510.00	1512.00	1513.00	1515.50	1518.00	1519.50	1521.00	1522.50	1524.00	1526.00	1528.00	1529.00	1531.50	1532.50	1534.50	1536.00	1536.50	1538.00	1538.00	1539.50	1540.00	1541.50	1542.00	1542.50	1544.00	1544.50	1545.00	1545.00	1546.00	1546.00	1546.50	1547.50	1548.00	1548.00	1549.00	1549.00	1549.00	1549.00	1549.50	1550.00	1550.00	1550.00	1551.00	1551.00	1551.50	1552.00	1552.50	1553.00	1553.00	1554.00	1554.00	1554.50	1555.00	1556.00	1556.00	1557.00	1557.00	1558.00	1559.00	1559.50	1560.50	1561.00	1562.50	1563.00	1564.00	1565.00	1566.00	1567.00	1568.50	1569.50	1570.50	1572.00	1572.50	1574.00	1575.00	1575.50	1576.50	1578.00	1579.50	1580.00	1581.00	1582.00	1583.00	1584.00	1585.50	1586.00	1586.50	1588.00	1588.50	1590.00	1590.00	1591.50	1592.00	1593.00	1593.50	1594.00	1595.00	1595.50	1596.00	1597.00	1597.00	1597.50	1598.00	1599.00	1599.50	1600.00	1601.00	1601.50	1602.00	1603.50	1604.50	1606.00	1606.00	1607.50	1608.50	1610.00	1610.50	1611.50	1613.00	1614.50	1616.00	1617.00	1617.50	1618.50	1620.00	1621.50	1622.50	1624.00	1625.00	1626.50	1628.00	1629.50	1630.50	1631.50	1633.00	1634.50	1636.00	1637.00	1638.50	1639.00	1640.50	1641.50	1642.50	1644.00	1644.50	1645.50	1646.00	1647.50	1648.00	1649.00	1649.00	1650.50	1651.00
1397.00	1398.00	1398.00	1398.00	1398.00	1399.00	1399.00	1399.50	1400.50	1401.50	1402.00	1403.00	1403.50	1405.00	1405.50	1406.00	1406.50	1407.00	1408.00	1409.00	1410.00	1410.50	1411.00	1412.00	1413.00	1413.50	1415.00	1416.00	1417.50	1419.00	1419.50	1420.50	1421.50	1423.00	1424.50	1427.00	1428.00	1429.50	1431.00	1433.50	1434.50	1436.00	1438.00	1439.50	1441.00	1443.00	1444.50	1445.50	1447.00	1449.00	1450.50	1452.00	1453.50	1454.50	1455.50	1456.50	1457.50	1459.00	1459.00	1460.50	1462.00	1462.50	1463.50	1464.00	1465.00	1465.50	1466.00	1467.00	1467.50	1468.00	1468.50	1469.00	1469.00	1470.00	1470.00	1470.00	1470.00	1470.00	1470.50	1471.00	1471.00	1471.50	1473.00	1473.00	1474.50	1475.50	1477.00	1478.50	1479.50	1480.00	1481.00	1483.50	1486.00	1488.50	1490.00	1492.00	1495.00	1497.00	1500.00	1502.00	1504.00	1505.50	1508.50	1510.00	1512.00	1513.00	1515.50	1518.00	1519.50	1521.00	1522.50	1524.00	1526.00	1528.00	1529.00	1531.50	1532.50	1534.50	1536.00	1536.50	1538.00	1538.00	1539.50	1540.00	1541.50	1542.00	1542.50	1544.00	1544.50	1545.00	1545.00	1546.00	1546.00	1546.50	1547.50	1548.00	1548.00	1549.00	1549.00	1549.00	1549.00	1549.50	1550.00	1550.00	1550.00	1551.00	1551.00	1551.50	1552.00	1552.50	1553.00	1553.00	1554.00	1554.00	1554.50	1555.00	1556.00	1556.00	1557.00	1557.00	1558.00	1559.00	1559.50	1560.50	1561.00	1562.50	1563.00	1564.00	1565.00	1566.00	1567.00	1568.50	1569.50	1570.50	1572.00	1572.50	1574.00	1575.00	1575.50	1576.50	1578.00	1579.50	1580.00	1581.00	1582.00	1583.00	1584.00	1585.50	1586.00	1586.50	1588.00	1588.50	1590.00	1590.00	1591.50	1592.00	1593.00	1593.50	1594.00	1595.00	1595.50	1596.00	1597.00	1597.00	1597.50	1598.00	1599.00	1599.50	1600.00	1601.00	1601.50	1602.00	1603.50	1604.50	1606.00	1606.00	1607.50	1608.50	1610.00	1610.50	1611.50	1613.00	1614.50	1616.00	1617.00	1617.50	1618.50	1620.00	1621.50	1622.50	1624.00	1625.00	1626.50	1628.00	1629.50	1630.50	1631.50	1633.00	1634.50	1636.00	1637.00	1638.50	1639.00	1640.50	1641.50	1642.50	1644.00	1644.50	1645.50	1646.00	1647.50	1648.00	1649.00	1649.00	1650.50	1651.00
1397.00	1398.00	1398.00	1398.00	1398.00	1399.00	1399.00	1399.50	1400.50	1401.50	1402.00	1403.00	1403.50	1405.00	1405.50	1406.00	1406.50	1407.00	1408.00	1409.00	1410.00	1410.50	1411.00	1412.00	1413.00	1413.50	1415.00	1416.00	1417.50	1419.00	1419.50	1420.50	1421.50	1423.00	1424.50	1427.00	1428.00	1429.50	1431.00	1433.50	1434.50	1436.00	1438.00	1439.50	1441.00	1443.00	1444.50	1445.50	1447.00	1449.00	1450.50	1452.00	1453.50	1454.50	1455.50	1456.50	1457.50	1459.00	1459.00	1460.50	1462.00	1462.50	1463.50	1464.00	1465.00	1465.50	1466.00	1467.00	1467.50	1468.00	1468.50	1469.00	1469.00	1470.00	1470.00	1470.00	1470.00	1470.00	1470.50	1471.00	1471.00	1471.50	1473.00	1473.00	1474.50	1475.50	1477.00	1478.50	1479.50	1480.00	1481.00	1483.50	1486.00	1488.50	1490.00	1492.00	1495.00	1497.00	1500.00	1502.00	1504.00	1505.50	1508.50	1510.00	1512.00	1513.00	1515.50	1518.00	1519.50	1521.00	1522.50	1524.00	1526.00	1528.00	1529.00	1531.50	1532.50	1534.50	1536.00	1536.50	1538.00	1538.00	1539.50	1540.00	1541.50	1542.00	1542.50	1544.00	1544.50	1545.00	1545.00	1546.00	1546.00	1546.50	1547.50	1548.00	1548.00	1549.00	1549.00	1549.00	1549.00	1549.50	1550.00	1550.00	1550.00	1551.00	1551.00	1551.50	1552.00	1552.50	1553.00	1553.00	1554.00	1554.00	1554.50	1555.00	1556.00	1556.00	1557.00	1557.00	1558.00	1559.00	1559.50	1560.50	1561.00	1562.50	1563.00	1564.00	1565.00	1566.00	1567.00	1568.50	1569.50	1570.50	1572.00	1572.50	1574.00	1575.00	1575.50	1576.50	1578.00	1579.50	1580.00	1581.00	1582.00	1583.00	1584.00	1585.50	1586.00	1586.50	1588.00	1588.50	1590.00	1590.00	1591.50	1592.00	1593.00	1593.50	1594.00	1595.00	1595.50	1596.00	1597.00	1597.00	1597.50	1598.00	1599.00	1599.50	1600.00	1601.00	1601.50	1602.00	1603.50	1604.50	1606.00	1606.00	1607.50	1608.50	1610.00	1610.50	1611.50	1613.00	1614.50	1616.00	1617.00	1617.50	1618.50	1620.00	1621.50	1622.50	1624.00	1625.00	1626.50	1628.00	1629.50	1630.50	1631.50	1633.00	1634.50	1636.00	1637.00	1638.50	1639.00	1640.50	1641.50	1642.50	1644.00	1644.50	1645.50	1646.00	1647.50	1648.00	1649.00	1649.00	1650.50	1651.00
1397.00	1398.00	1398.00	1398.00	1398.00	1399.00	1399.00	1399.50	1400.50	1401.50	1402.00	1403.00	1403.50	1405.00	1405.50	1406.00	1406.50	1407.00	1408.00	1409.00	1410.00	1410.50	1411.00	1412.00	1413.00	1413.50	1415.00	1416.00	1417.50	1419.00	1419.50	1420.50	1421.50	1423.00	1424.50	1427.00	1428.00	1429.50	1431.00	1433.50	1434.50	1436.00	1438.00	1439.50	1441.00	1443.00	1444.50	1445.50	1447.00	1449.00	1450.50	1452.00	1453.50	1454.50	1455.50	1456.50	1457.50	1459.00	1459.00	1460.50	1462.00	1462.50	1463.50	1464.00	1465.00	1465.50	1466.00	1467.00	1467.50	1468.00	1468.50	1469.00	1469.00	1470.00	1470.00	1470.00	1470.00	1470.00	1470.50	1471.00	1471.00	1471.50	1473.00	1473.00	1474.50	1475.50	1477.00	1478.50	1479.50	1480.00	1481.00	1483.50	1486.00	1488.50	1490.00	1492.00	1495.00	1497.00	1500.00	1502.00	1504.00	1505.50	1508.50	1510.00	1512.00	1513.00	1515.50	1518.00	1519.50	1521.00	1522.50	1524.00	1526.00	1528.00	1529.00	1531.50	1532.50	1534.50	1536.00	1536.50	1538.00	1538.00	1539.50	1540.00	1541.50	1542.00	1542.50	1544.00	1544.50	1545.00	1545.00	1546.00	1546.00	1546.50	1547.50	1548.00	1548.00	1549.00	1549.00	1549.00	1549.00	1549.50	1550.00	1550.00	1550.00	1551.00	1551.00	1551.50	1552.00	1552.50	1553.00	1553.00	1554.00	1554.00	1554.50	1555.00	1556.00	1556.00	1557.00	1557.00	1558.00	1559.00	1559.50	1560.50	1561.00	1562.50	1563.00	1564.00	1565.00	1566.00	1567.00	1568.50	1569.50	1570.50	1572.00	1572.50	1574.00	1575.00	1575.50	1576.50	1578.00	1579.50	1580.00	1581.00	1582.00	1583.00	1584.00	1585.50	1586.00	1586.50	1588.00	1588.50	1590.00	1590.00	1591.50	1592.00	1593.00	1593.50	1594.00	1595.00	1595.50	1596.00	1597.00	1597.00	1597.50	1598.00	1599.00	1599.50	1600.00	1601.00	1601.50	1602.00	1603.50	1604.50	1606.00	1606.00	1607.50	1608.50	1610.00	1610.50	1611.50	1613.00	1614.50	1616.00	1617.00	1617.50	1618.50	1620.00	1621.50	1622.50	1624.00	1625.00	1626.50	1628.00	1629.50	1630.50	1631.50	1633.00	1634.50	1636.00	1637.00	1638.50	1639.00	1640.50	1641.50	1642.50	1644.00	1644.50	1645.50	1646.00	1647.50	1648.00	1649.00	1649.00	1650.50	1651.00
1397.00	1398.00	1398.00	1398.00	1398.00	1399.00	1399.00	1399.50	1400.50	1401.50	1402.00	1403.00	1403.50	1405.00	1405.50	1406.00	1406.50	1407.00	1408.00	1409.00	1410.00	1410.50	1411.00	1412.00	1413.00	1413.50	1415.00	1416.00	1417.50	1419.00	1419.50	1420.50	1421.50	1423.00	1424.50	1427.00	1428.00	1429.50	1431.00	1433.50	1434.50	1436.00	1438.00	1439.50	1441.00	1443.00	1444.50	1445.50	1447.00	1449.00	1450.50	1452.00	1453.50	1454.50	1455.50	1456.50	1457.50	1459.00	1459.00	1460.50	1462.00	1462.50	1463.50	1464.00	1465.00	1465.50	1466.00	1467.00	1467.50	1468.00	1468.50	1469.00	1469.00	1470.00	1470.00	1470.00	1470.00	1470.00	1470.50	1471.00	1471.00	1471.50	1473.00	1473.00	1474.50	1475.50	1477.00	1478.50	1479.50	1480.00	1481.00	1483.50	1486.00	1488.50	1490.00	1492.00	1495.00	1497.00	1500.00	1502.00	1504.00	1505.50	1508.50	1510.00	1512.00	1513.00	1515.50	1518.00	1519.50	1521.00	1522.50	1524.00	1526.00	1528.00	1529.00	1531.50	1532.50	1534.50	1536.00	1536.50	1538.00	1538.00	1539.50	1540.00	1541.50	1542.00	1542.50	1544.00	1544.50	1545.00	1545.00	1546.00	1546.00	1546.50	1547.50	1548.00	1548.00	1549.00	1549.00	1549.00	1549.00	1549.50	1550.00	1550.00	1550.00	1551.00	1551.00	1551.50	1552.00	1552.50	1553.00	1553.00	1554.00	1554.00	1554.50	1555.00	1556.00	1556.00	1557.00	1557.00	1558.00	1559.00	1559.50	1560.50	1561.00	1562.50	1563.00	1564.00	1565.00	1566.00	1567.00	1568.50	1569.50	1570.50	1572.00	1572.50	1574.00	1575.00	1575.50	1576.50	1578.00	1579.50	1580.00	1581.00	1582.00	1583.00	1584.00	1585.50	1586.00	1586.50	1588.00	1588.50	1590.00	1590.00	1591.50	1592.00	1593.00	1593.50	1594.00	1595.00	1595.50	1596.00	1597.00	1597.00	1597.50	1598.00	1599.00	1599.50	1600.00	1601.00	1601.50	1602.00	1603.50	1604.50	1606.00	1606.00	1607.50	1608.50	1610.00	1610.50	1611.50	1613.00	1614.50	1616.00	1617.00	1617.50	1618.50	1620.00	1621.50	1622.50	1624.00	1625.00	1626.50	1628.00	1629.50	1630.50	1631.50	1633.00	1634.50	1636.00	1637.00	1638.50	1639.00	1640.50	1641.50	1642.50	1644.00	1644.50	1645.50	1646.00	1647.50	1648.00	1649.00	1649.00	1650.50	1651.00
1395.25	1396.00	1396.50	1396.75	1397.00	1398.25	1398.50	1399.00	1400.25	1401.00	1401.50	1402.50	1403.25	1404.50	1405.00	1405.50	1406.00	1406.50	1407.75	1408.50	1409.50	1410.00	1410.75	1411.75	1412.75	1413.50	1415.00	1416.00	1417.00	1418.50	1419.50	1420.50	1421.50	1423.00	1424.50	1427.00	1428.00	1429.50	1430.75	1433.25	1434.50	1435.75	1437.50	1439.50	1441.00	1443.00	1444.50	1445.75	1447.50	1449.50	1451.00	1452.50	1454.00	1455.00	1456.00	1457.00	1458.00	1459.50	1460.00	1461.50	1463.00	1463.50	1464.50	1465.00	1466.00	1467.00	1467.50	1468.50	1469.50	1470.00	1470.75	1471.75	1472.00	1473.00	1473.00	1473.50	1474.00	1474.25	1475.00	1475.75	1476.00	1477.00	1478.50	1478.50	1480.00	1481.00	1482.25	1483.75	1485.25	1486.50	1488.00	1490.50	1493.00	1495.50	1497.00	1499.00	1501.50	1503.75	1506.00	1508.00	1509.75	1511.00	1514.00	1515.50	1517.50	1519.00	1521.00	1523.00	1524.50	1525.75	1527.25	1529.00	1530.75	1532.50	1534.00	1535.50	1536.25	1537.50	1538.75	1539.25	1540.50	1540.50	1542.00	1542.50	1543.75	1544.00	1544.25	1545.50	1545.75	1546.50	1546.50	1547.00	1547.25	1547.75	1548.50	1549.00	1549.50	1550.00	1550.25	1550.50	1550.75	1551.25	1551.50	1552.00	1552.00	1553.00	1553.00	1553.75	1554.00	1554.75	1555.00	1555.25	1556.00	1556.50	1556.75	1557.50	1558.25	1558.50	1559.50	1559.50	1560.25	1561.00	1561.75	1562.50	1563.00	1564.25	1564.75	1565.50	1566.50	1567.50	1568.50	1569.50	1570.50	1571.25	1572.50	1573.00	1574.50	1575.00	1576.00	1576.75	1578.00	1579.50	1580.00	1581.00	1582.00	1583.00	1584.00	1585.50	1586.25	1586.75	1588.00	1589.00	1590.00	1590.50	1592.00	1592.50	1593.50	1594.00	1594.75	1595.50	1596.25	1596.75	1598.00	1598.25	1598.75	1599.50	1600.00	1600.75	1601.50	1602.75	1603.25	1603.75	1605.50	1606.25	1607.50	1608.00	1609.25	1610.00	1611.75	1612.50	1613.50	1614.50	1616.00	1617.50	1618.50	1619.25	1620.00	1621.50	1623.00	1624.00	1625.50	1626.50	1628.00	1629.50	1631.00	1632.00	1633.00	1634.50	1636.00	1637.50	1638.50	1640.00	1640.75	1642.50	1643.50	1644.50	1646.00	1647.00	1647.75	1648.50	1650.00	1650.75	1652.00	1652.00	1653.50	1654.00
1393.50	1394.00	1395.00	1395.50	1396.00	1397.50	1398.00	1398.50	1400.00	1400.50	1401.00	1402.00	1403.00	1404.00	1404.50	1405.00	1405.50	1406.00	1407.50	1408.00	1409.00	1409.50	1410.50	1411.50	1412.50	1413.50	1415.00	1416.00	1416.50	1418.00	1419.50	1420.50	1421.50	1423.00	1424.50	1427.00	1428.00	1429.50	1430.50	1433.00	1434.50	1435.50	1437.00	1439.50	1441.00	1443.00	1444.50	1446.00	1448.00	1450.00	1451.50	1453.00	1454.50	1455.50	1456.50	1457.50	1458.50	1460.00	1461.00	1462.50	1464.00	1464.50	1465.50	1466.00	1467.00	1468.50	1469.00	1470.00	1471.50	1472.00	1473.00	1474.50	1475.00	1476.00	1476.00	1477.00	1478.00	1478.50	1479.50	1480.50	1481.00	1482.50	1484.00	1484.00	1485.50	1486.50	1487.50	1489.00	1491.00	1493.00	1495.00	1497.50	1500.00	1502.50	1504.00	1506.00	1508.00	1510.50	1512.00	1514.00	1515.50	1516.50	1519.50	1521.00	1523.00	1525.00	1526.50	1528.00	1529.50	1530.50	1532.00	1534.00	1535.50	1537.00	1539.00	1539.50	1540.00	1540.50	1541.50	1542.00	1543.00	1543.00	1544.50	1545.00	1546.00	1546.00	1546.00	1547.00	1547.00	1548.00	1548.00	1548.00	1548.50	1549.00	1549.50	1550.00	1551.00	1551.00	1551.50	1552.00	1552.50	1553.00	1553.00	1554.00	1554.00	1555.00	1555.00	1556.00	1556.00	1557.00	1557.00	1557.50	1558.00	1559.00	1559.00	1560.00	1560.50	1561.00	1562.00	1562.00	1562.50	1563.00	1564.00	1564.50	1565.00	1566.00	1566.50	1567.00	1568.00	1569.00	1570.00	1570.50	1571.50	1572.00	1573.00	1573.50	1575.00	1575.00	1576.50	1577.00	1578.00	1579.50	1580.00	1581.00	1582.00	1583.00	1584.00	1585.50	1586.50	1587.00	1588.00	1589.50	1590.00	1591.00	1592.50	1593.00	1594.00	1594.50	1595.50	1596.00	1597.00	1597.50	1599.00	1599.50	1600.00	1601.00	1601.00	1602.00	1603.00	1604.50	1605.00	1605.50	1607.50	1608.00	1609.00	1610.00	1611.00	1611.50	1613.50	1614.50	1615.50	1616.00	1617.50	1619.00	1620.00	1621.00	1621.50	1623.00	1624.50	1625.50	1627.00	1628.00	1629.50	1631.00	1632.50	1633.50	1634.50	1636.00	1637.50	1639.00	1640.00	1641.50	1642.50	1644.50	1645.50	1646.50	1648.00	1649.50	1650.00	1651.00	1652.50	1653.50	1655.00	1655.00	1656.50	1657.00
1393.50	1394.00	1395.00	1395.50	1396.00	1397.50	1398.00	1398.50	1400.00	1400.50	1401.00	1402.00	1403.00	1404.00	1404.50	1405.00	1405.50	1406.00	1407.50	1408.00	1409.00	1409.50	1410.50	1411.50	1412.50	1413.50	1415.00	1416.00	1416.50	1418.00	1419.50	1420.50	1421.50	1423.00	1424.50	1427.00	1428.00	1429.50	1430.50	1433.00	1434.50	1435.50	1437.00	1439.50	1441.00	1443.00	1444.50	1446.00	1448.00	1450.00	1451.50	1453.00	1454.50	1455.50	1456.50	1457.50	1458.50	1460.00	1461.00	1462.50	1464.00	1464.50	1465.50	1466.00	1467.00	1468.50	1469.00	1470.00	1471.50	1472.00	1473.00	1474.50	1475.00	1476.00	1476.00	1477.00	1478.00	1478.50	1479.50	1480.50	1481.00	1482.50	1484.00	1484.00	1485.50	1486.50	1487.50	1489.00	1491.00	1493.00	1495.00	1497.50	1500.00	1502.50	1504.00	1506.00	1508.00	1510.50	1512.00	1514.00	1515.50	1516.50	1519.50	1521.00	1523.00	1525.00	1526.50	1528.00	1529.50	1530.50	1532.00	1534.00	1535.50	1537.00	1539.00	1539.50	1540.00	1540.50	1541.50	1542.00	1543.00	1543.00	1544.50	1545.00	1546.00	1546.00	1546.00	1547.00	1547.00	1548.00	1548.00	1548.00	1548.50	1549.00	1549.50	1550.00	1551.00	1551.00	1551.50	1552.00	1552.50	1553.00	1553.00	1554.00	1554.00	1555.00	1555.00	1556.00	1556.00	1557.00	1557.00	1557.50	1558.00	1559.00	1559.00	1560.00	1560.50	1561.00	1562.00	1562.00	1562.50	1563.00	1564.00	1564.50	1565.00	1566.00	1566.50	1567.00	1568.00	1569.00	1570.00	1570.50	1571.50	1572.00	1573.00	1573.50	1575.00	1575.00	1576.50	1577.00	1578.00	1579.50	1580.00	1581.00	1582.00	1583.00	1584.00	1585.50	1586.50	1587.00	1588.00	1589.50	1590.00	1591.00	1592.50	1593.00	1594.00	1594.50	1595.50	1596.00	1597.00	1597.50	1599.00	1599.50	1600.00	1601.00	1601.00	1602.00	1603.00	1604.50	1605.00	1605.50	1607.50	1608.00	1609.00	1610.00	1611.00	1611.50	1613.50	1614.50	1615.50	1616.00	1617.50	1619.00	1620.00	1621.00	1621.50	1623.00	1624.50	1625.50	1627.00	1628.00	1629.50	1631.00	1632.50	1633.50	1634.50	1636.00	1637.50	1639.00	1640.00	1641.50	1642.50	1644.50	1645.50	1646.50	1648.00	1649.50	1650.00	1651.00	1652.50	1653.50	1655.00	1655.00	1656.50	1657.00
1393.50	1394.00	1395.00	1395.50	1396.00	1397.50	1398.00	1398.50	1400.00	1400.50	1401.00	1402.00	1403.00	1404.00	1404.50	1405.00	1405.50	1406.00	1407.50	1408.00	1409.00	1409.50	1410.50	1411.50	1412.50	1413.50	1415.00	1416.00	1416.50	1418.00	1419.50	1420.50	1421.50	1423.00	1424.50	1427.00	1428.00	1429.50	1430.50	1433.00	1434.50	1435.50	1437.00	1439.50	1441.00	1443.00	1444.50	1446.00	1448.00	1450.00	1451.50	1453.00	1454.50	1455.50	1456.50	1457.50	1458.50	1460.00	1461.00	1462.50	1464.00	1464.50	1465.50	1466.00	1467.00	1468.50	1469.00	1470.00	1471.50	1472.00	1473.00	1474.50	1475.00	1476.00	1476.00	1477.00	1478.00	1478.50	1479.50	1480.50	1481.00	1482.50	1484.00	1484.00	1485.50	1486.50	1487.50	1489.00	1491.00	1493.00	1495.00	1497.50	1500.00	1502.50	1504.00	1506.00	1508.00	1510.50	1512.00	1514.00	1515.50	1516.50	1519.50	1521.00	1523.00	1525.00	1526.50	1528.00	1529.50	1530.50	1532.00	1534.00	1535.50	1537.00	1539.00	1539.50	1540.00	1540.50	1541.50	1542.00	1543.00	1543.00	1544.50	1545.00	1546.00	1546.00	1546.00	1547.00	1547.00	1548.00	1548.00	1548.00	1548.50	1549.00	1549.50	1550.00	1551.00	1551.00	1551.50	1552.00	1552.50	1553.00	1553.00	1554.00	1554.00	1555.00	1555.00	1556.00	1556.00	1557.00	1557.00	1557.50	1558.00	1559.00	1559.00	1560.00	1560.50	1561.00	1562.00	1562.00	1562.50	1563.00	1564.00	1564.50	1565.00	1566.00	1566.50	1567.00	1568.00	1569.00	1570.00	1570.50	1571.50	1572.00	1573.00	1573.50	1575.00	1575.00	1576.50	1577.00	1578.00	1579.50	1580.00	1581.00	1582.00	1583.00	1584.00	1585.50	1586.50	1587.00	1588.00	1589.50	1590.00	1591.00	1592.50	1593.00	1594.00	1594.50	1595.50	1596.00	1597.00	1597.50	1599.00	1599.50	1600.00	1601.00	1601.00	1602.00	1603.00	1604.50	1605.00	1605.50	1607.50	1608.00	1609.00	1610.00	1611.00	1611.50	1613.50	1614.50	1615.50	1616.00	1617.50	1619.00	1620.00	1621.00	1621.50	1623.00	1624.50	1625.50	1627.00	1628.00	1629.50	1631.00	1632.50	1633.50	1634.50	1636.00	1637.50	1639.00	1640.00	1641.50	1642.50	1644.50	1645.50	1646.50	1648.00	1649.50	1650.00	1651.00	1652.50	1653.50	1655.00	1655.00	1656.50	1657.00
1393.50	1394.00	1395.00	1395.50	1396.00	1397.50	1398.00	1398.50	1400.00	1400.50	1401.00	1402.00	1403.00	1404.00	1404.50	1405.00	1405.50	1406.00	1407.50	1408.00	1409.00	1409.50	1410.50	1411.50	1412.50	1413.50	1415.00	1416.00	1416.50	1418.00	1419.50	1420.50	1421.50	1423.00	1424.50	1427.00	1428.00	1429.50	1430.50	1433.00	1434.50	1435.50	1437.00	1439.50	1441.00	1443.00	1444.50	1446.00	1448.00	1450.00	1451.50	1453.00	1454.50	1455.50	1456.50	1457.50	1458.50	1460.00	1461.00	1462.50	1464.00	1464.50	1465.50	1466.00	1467.00	1468.50	1469.00	1470.00	1471.50	1472.00	1473.00	1474.50	1475.00	1476.00	1476.00	1477.00	1478.00	1478.50	1479.50	1480.50	1481.00	1482.50	1484.00	1484.00	1485.50	1486.50	1487.50	1489.00	1491.00	1493.00	1495.00	1497.50	1500.00	1502.50	1504.00	1506.00	1508.00	1510.50	1512.00	1514.00	1515.50	1516.50	1519.50	1521.00	1523.00	1525.00	1526.50	1528.00	1529.50	1530.50	1532.00	1534.00	1535.50	1537.00	1539.00	1539.50	1540.00	1540.50	1541.50	1542.00	1543.00	1543.00	1544.50	1545.00	1546.00	1546.00	1546.00	1547.00	1547.00	1548.00	1548.00	1548.00	1548.50	1549.00	1549.50	1550.00	1551.00	1551.00	1551.50	1552.00	1552.50	1553.00	1553.00	1554.00	1554.00	1555.00	1555.00	1556.00	1556.00	1557.00	1557.00	1557.50	1558.00	1559.00	1559.00	1560.00	1560.50	1561.00	1562.00	1562.00	1562.50	1563.00	1564.00	1564.50	1565.00	1566.00	1566.50	1567.00	1568.00	1569.00	1570.00	1570.50	1571.50	1572.00	1573.00	1573.50	1575.00	1575.00	1576.50	1577.00	1578.00	1579.50	1580.00	1581.00	1582.00	1583.00	1584.00	1585.50	1586.50	1587.00	1588.00	1589.50	1590.00	1591.00	1592.50	1593.00	1594.00	1594.50	1595.50	1596.00	1597.00	1597.50	1599.00	1599.50	1600.00	1601.00	1601.00	1602.00	1603.00	1604.50	1605.00	1605.50	1607.50	1608.00	1609.00	1610.00	1611.00	1611.50	1613.50	1614.50	1615.50	1616.00	1617.50	1619.00	1620.00	1621.00	1621.50	1623.00	1624.50	1625.50	1627.00	1628.00	1629.50	1631.00	1632.50	1633.50	1634.50	1636.00	1637.50	1639.00	1640.00	1641.50	1642.50	1644.50	1645.50	1646.50	1648.00	1649.50	1650.00	1651.00	1652.50	1653.50	1655.00	1655.00	1656.50	1657.00
1393.50	1394.00	1395.00	1395.50	1396.00	1397.50	1398.00	1398.50	1400.00	1400.50	1401.00	1402.00	1403.00	1404.00	1404.50	1405.00	1405.50	1406.00	1407.50	1408.00	1409.00	1409.50	1410.50	1411.50	1412.50	1413.50	1415.00	1416.00	1416.50	1418.00	1419.50	1420.50	1421.50	1423.00	1424.50	1427.00	1428.00	1429.50	1430.50	1433.00	1434.50	1435.50	1437.00	1439.50	1441.00	1443.00	1444.50	1446.00	1448.00	1450.00	1451.50	1453.00	1454.50	1455.50	1456.50	1457.50	1458.50	1460.00	1461.00	1462.50	1464.00	1464.50	1465.50	1466.00	1467.00	1468.50	1469.00	1470.00	1471.50	1472.00	1473.00	1474.50	1475.00	1476.00	1476.00	1477.00	1478.00	1478.50	1479.50	1480.50	1481.00	1482.50	1484.00	1484.00	1485.50	1486.50	1487.50	1489.00	1491.00	1493.00	1495.00	1497.50	1500.00	1502.50	1504.00	1506.00	1508.00	1510.50	1512.00	1514.00	1515.50	1516.50	1519.50	1521.00	1523.00	1525.00	1526.50	1528.00	1529.50	1530.50	1532.00	1534.00	1535.50	1537.00	1539.00	1539.50	1540.00	1540.50	1541.50	1542.00	1543.00	1543.00	1544.50	1545.00	1546.00	1546.00	1546.00	1547.00	1547.00	1548.00	1548.00	1548.00	1548.50	1549.00	1549.50	1550.00	1551.00	1551.00	1551.50	1552.00	1552.50	1553.00	1553.00	1554.00	1554.00	1555.00	1555.00	1556.00	1556.00	1557.00	1557.00	1557.50	1558.00	1559.00	1559.00	1560.00	1560.50	1561.00	1562.00	1562.00	1562.50	1563.00	1564.00	1564.50	1565.00	1566.00	1566.50	1567.00	1568.00	1569.00	1570.00	1570.50	1571.50	1572.00	1573.00	1573.50	1575.00	1575.00	1576.50	1577.00	1578.00	1579.50	1580.00	1581.00	1582.00	1583.00	1584.00	1585.50	1586.50	1587.00	1588.00	1589.50	1590.00	1591.00	1592.50	1593.00	1594.00	1594.50	1595.50	1596.00	1597.00	1597.50	1599.00	1599.50	1600.00	1601.00	1601.00	1602.00	1603.00	1604.50	1605.00	1605.50	1607.50	1608.00	1609.00	1610.00	1611.00	1611.50	1613.50	1614.50	1615.50	1616.00	1617.50	1619.00	1620.00	1621.00	1621.50	1623.00	1624.50	1625.50	1627.00	1628.00	1629.50	1631.00	1632.50	1633.50	1634.50	1636.00	1637.50	1639.00	1640.00	1641.50	1642.50	1644.50	1645.50	1646.50	1648.00	1649.50	1650.00	1651.00	1652.50	1653.50	1655.00	1655.00	1656.50	1657.00
1393.50	1394.00	1395.00	1395.50	1396.00	1397.50	1398.00	1398.50	1400.00	1400.50	1401.00	1402.00	1403.00	1404.00	1404.50	1405.00	1405.50	1406.00	1407.50	1408.00	1409.00	1409.50	1410.50	1411.50	1412.50	1413.50	1415.00	1416.00	1416.50	1418.00	1419.50	1420.50	1421.50	1423.00	1424.50	1427.00	1428.00	1429.50	1430.50	1433.00	1434.50	1435.50	1437.00	1439.50	1441.00	1443.00	1444.50	1446.00	1448.00	1450.00	1451.50	1453.00	1454.50	1455.50	1456.50	1457.50	1458.50	1460.00	1461.00	1462.50	1464.00	1464.50	1465.50	1466.00	1467.00	1468.50	1469.00	1470.00	1471.50	1472.00	1473.00	1474.50	1475.00	1476.00	1476.00	1477.00	1478.00	1478.50	1479.50	1480.50	1481.00	1482.50	1484.00	1484.00	1485.50	1486.50	1487.50	1489.00	1491.00	1493.00	1495.00	1497.50	1500.00	1502.50	1504.00	1506.00	1508.00	1510.50	1512.00	1514.00	1515.50	1516.50	1519.50	1521.00	1523.00	1525.00	1526.50	1528.00	1529.50	1530.50	1532.00	1534.00	1535.50	1537.00	1539.00	1539.50	1540.00	1540.50	1541.50	1542.00	1543.00	1543.00	1544.50	1545.00	1546.00	1546.00	1546.00	1547.00	1547.00	1548.00	1548.00	1548.00	1548.50	1549.00	1549.50	1550.00	1551.00	1551.00	1551.50	1552.00	1552.50	1553.00	1553.00	1554.00	1554.00	1555.00	1555.00	1556.00	1556.00	1557.00	1557.00	1557.50	1558.00	1559.00	1559.00	1560.00	1560.50	1561.00	1562.00	1562.00	1562.50	1563.00	1564.00	1564.50	1565.00	1566.00	1566.50	1567.00	1568.00	1569.00	1570.00	1570.50	1571.50	1572.00	1573.00	1573.50	1575.00	1575.00	1576.50	1577.00	1578.00	1579.50	1580.00	1581.00	1582.00	1583.00	1584.00	1585.50	1586.50	1587.00	1588.00	1589.50	1590.00	1591.00	1592.50	1593.00	1594.00	1594.50	1595.50	1596.00	1597.00	1597.50	1599.00	1599.50	1600.00	1601.00	1601.00	1602.00	1603.00	1604.50	1605.00	1605.50	1607.50	1608.00	1609.00	1610.00	1611.00	1611.50	1613.50	1614.50	1615.50	1616.00	1617.50	1619.00	1620.00	1621.00	1621.50	1623.00	1624.50	1625.50	1627.00	1628.00	1629.50	1631.00	1632.50	1633.50	1634.50	1636.00	1637.50	1639.00	1640.00	1641.50	1642.50	1644.50	1645.50	1646.50	1648.00	1649.50	1650.00	1651.00	1652.50	1653.50	1655.00	1655.00	1656.50	1657.00
1393.50	1394.00	1395.00	1395.50	1396.00	1397.50	1398.00	1398.50	1400.00	1400.50	1401.00	1402.00	1403.00	1404.00	1404.50	1405.00	1405.50	1406.00	1407.50	1408.00	1409.00	1409.50	1410.50	1411.50	1412.50	1413.50	1415.00	1416.00	1416.50	1418.00	1419.50	1420.50	1421.50	1423.00	1424.50	1427.00	1428.00	1429.50	1430.50	1433.00	1434.50	1435.50	1437.00	1439.50	1441.00	1443.00	1444.50	1446.00	1448.00	1450.00	1451.50	1453.00	1454.50	1455.50	1456.50	1457.50	1458.50	1460.00	1461.00	1462.50	1464.00	1464.50	1465.50	1466.00	1467.00	1468.50	1469.00	1470.00	1471.50	1472.00	1473.00	1474.50	1475.00	1476.00	1476.00	1477.00	1478.00	1478.50	1479.50	1480.50	1481.00	1482.50	1484.00	1484.00	1485.50	1486.50	1487.50	1489.00	1491.00	1493.00	1495.00	1497.50	1500.00	1502.50	1504.00	1506.00	1508.00	1510.50	1512.00	1514.00	1515.50	1516.50	1519.50	1521.00	1523.00	1525.00	1526.50	1528.00	1529.50	1530.50	1532.00	1534.00	1535.50	1537.00	1539.00	1539.50	1540.00	1540.50	1541.50	1542.00	1543.00	1543.00	1544.50	1545.00	1546.00	1546.00	1546.00	1547.00	1547.00	1548.00	1548.00	1548.00	1548.50	1549.00	1549.50	1550.00	1551.00	1551.00	1551.50	1552.00	1552.50	1553.00	1553.00	1554.00	1554.00	1555.00	1555.00	1556.00	1556.00	1557.00	1557.00	1557.50	1558.00	1559.00	1559.00	1560.00	1560.50	1561.00	1562.00	1562.00	1562.50	1563.00	1564.00	1564.50	1565.00	1566.00	1566.50	1567.00	1568.00	1569.00	1570.00	1570.50	1571.50	1572.00	1573.00	1573.50	1575.00	1575.00	1576.50	1577.00	1578.00	1579.50	1580.00	1581.00	1582.00	1583.00	1584.00	1585.50	1586.50	1587.00	1588.00	1589.50	1590.00	1591.00	1592.50	1593.00	1594.00	1594.50	1595.50	1596.00	1597.00	1597.50	1599.00	1599.50	1600.00	1601.00	1601.00	1602.00	1603.00	1604.50	1605.00	1605.50	1607.50	1608.00	1609.00	1610.00	1611.00	1611.50	1613.50	1614.50	1615.50	1616.00	1617.50	1619.00	1620.00	1621.00	1621.50	1623.00	1624.50	1625.50	1627.00	1628.00	1629.50	1631.00	1632.50	1633.50	1634.50	1636.00	1637.50	1639.00	1640.00	1641.50	1642.50	1644.50	1645.50	1646.50	1648.00	1649.50	1650.00	1651.00	1652.50	1653.50	1655.00	1655.00	1656.50	1657.00
1388.50	1389.00	1390.50	1391.00	1392.00	1393.00	1393.50	1394.50	1395.50	1396.50	1398.00	1398.00	1399.50	1401.00	1402.00	1402.50	1403.50	1405.00	1405.50	1407.00	1408.00	1409.50	1410.50	1412.00	1413.50	1414.00	1415.00	1416.00	1417.50	1419.00	1420.50	1422.00	1423.50	1425.00	1426.50	1428.00	1429.00	1430.50	1432.00	1434.50	1436.00	1437.50	1439.00	1440.50	1443.00	1444.00	1445.50	1446.50	1449.00	1450.50	1451.50	1453.00	1454.50	1455.50	1456.50	1458.50	1459.50	1461.00	1462.00	1463.00	1464.00	1465.50	1466.50	1467.50	1468.00	1469.50	1471.00	1472.00	1473.50	1474.50	1476.00	1477.50	1478.50	1480.00	1481.00	1482.50	1485.00	1486.50	1487.50	1489.00	1491.00	1492.50	1494.00	1496.00	1498.00	1499.50	1501.50	1503.50	1504.50	1507.00	1508.00	1510.00	1512.00	1514.50	1515.50	1517.00	1519.00	1521.00	1523.00	1525.00	1526.50	1527.50	1530.00	1530.50	1532.00	1533.00	1534.50	1535.00	1536.50	1537.50	1538.50	1540.00	1540.00	1541.00	1541.00	1541.50	1542.00	1542.50	1543.00	1543.50	1544.00	1544.00	1544.50	1545.00	1545.00	1545.00	1545.50	1546.00	1546.00	1546.00	1547.00	1547.50	1548.00	1548.50	1549.50	1550.00	1551.00	1551.00	1552.00	1553.00	1553.50	1554.50	1555.00	1556.00	1556.50	1557.00	1558.00	1558.50	1559.00	1559.50	1560.00	1560.50	1561.00	1561.50	1562.00	1563.00	1563.50	1564.00	1564.00	1565.00	1565.00	1566.00	1566.00	1566.50	1567.00	1567.50	1568.00	1568.00	1569.00	1569.00	1570.00	1570.50	1571.00	1571.50	1572.00	1573.00	1574.00	1574.00	1575.50	1576.50	1577.50	1578.50	1579.50	1580.00	1581.00	1582.50	1583.00	1584.50	1585.50	1586.50	1588.00	1588.50	1590.00	1591.00	1592.50	1593.50	1595.00	1595.50	1596.50	1598.00	1599.50	1600.00	1601.00	1602.00	1602.50	1604.00	1605.00	1605.50	1607.00	1607.50	1608.50	1609.00	1610.50	1611.50	1613.00	1614.00	1614.50	1615.50	1617.50	1618.50	1619.50	1620.00	1621.50	1623.00	1624.00	1625.50	1626.50	1627.50	1628.50	1629.50	1631.00	1632.00	1633.50	1635.00	1636.50	1637.50	1638.50	1640.00	1641.50	1643.00	1644.00	1645.50	1646.50	1648.50	1649.50	1650.50	1652.00	1653.50	1654.00	1655.00	1656.50	1657.50	1659.00	1660.00	1660.50	1662.00
1388.50	1389.00	1390.50	1391.00	1392.00	1393.00	1393.50	1394.50	1395.50	1396.50	1398.00	1398.00	1399.50	1401.00	1402.00	1402.50	1403.50	1405.00	1405.50	1407.00	1408.00	1409.50	1410.50	1412.00	1413.50	1414.00	1415.00	1416.00	1417.50	1419.00	1420.50	1422.00	1423.50	1425.00	1426.50	1428.00	1429.00	1430.50	1432.00	1434.50	1436.00	1437.50	1439.00	1440.50	1443.00	1444.00	1445.50	1446.50	1449.00	1450.50	1451.50	1453.00	1454.50	1455.50	1456.50	1458.50	1459.50	1461.00	1462.00	1463.00	1464.00	1465.50	1466.50	1467.50	1468.00	1469.50	1471.00	1472.00	1473.50	1474.50	1476.00	1477.50	1478.50	1480.00	1481.00	1482.50	1485.00	1486.50	1487.50	1489.00	1491.00	1492.50	1494.00	1496.00	1498.00	1499.50	1501.50	1503.50	1504.50	1507.00	1508.00	1510.00	1512.00	1514.50	1515.50	1517.00	1519.00	1521.00	1523.00	1525.00	1526.50	1527.50	1530.00	1530.50	1532.00	1533.00	1534.50	1535.00	1536.50	1537.50	1538.50	1540.00	1540.00	1541.00	1541.00	1541.50	1542.00	1542.50	1543.00	1543.50	1544.00	1544.00	1544.50	1545.00	1545.00	1545.00	1545.50	1546.00	1546.00	1546.00	1547.00	1547.50	1548.00	1548.50	1549.50	1550.00	1551.00	1551.00	1552.00	1553.00	1553.50	1554.50	1555.00	1556.00	1556.50	1557.00	1558.00	1558.50	1559.00	1559.50	1560.00	1560.50	1561.00	1561.50	1562.00	1563.00	1563.50	1564.00	1564.00	1565.00	1565.00	1566.00	1566.00	1566.50	1567.00	1567.50	1568.00	1568.00	1569.00	1569.00	1570.00	1570.50	1571.00	1571.50	1572.00	1573.00	1574.00	1574.00	1575.50	1576.50	1577.50	1578.50	1579.50	1580.00	1581.00	1582.50	1583.00	1584.50	1585.50	1586.50	1588.00	1588.50	1590.00	1591.00	1592.50	1593.50	1595.00	1595.50	1596.50	1598.00	1599.50	1600.00	1601.00	1602.00	1602.50	1604.00	1605.00	1605.50	1607.00	1607.50	1608.50	1609.00	1610.50	1611.50	1613.00	1614.00	1614.50	1615.50	1617.50	1618.50	1619.50	1620.00	1621.50	1623.00	1624.00	1625.50	1626.50	1627.50	1628.50	1629.50	1631.00	1632.00	1633.50	1635.00	1636.50	1637.50	1638.50	1640.00	1641.50	1643.00	1644.00	1645.50	1646.50	1648.50	1649.50	1650.50	1652.00	1653.50	1654.00	1655.00	1656.50	1657.50	1659.00	1660.00	1660.50	1662.00
1388.50	1389.00	1390.50	1391.00	1392.00	1393.00	1393.50	1394.50	1395.50	1396.50	1398.00	1398.00	1399.50	1401.00	1402.00	1402.50	1403.50	1405.00	1405.50	1407.00	1408.00	1409.50	1410.50	1412.00	1413.50	1414.00	1415.00	1416.00	1417.50	1419.00	1420.50	1422.00	1423.50	1425.00	1426.50	1428.00	1429.00	1430.50	1432.00	1434.50	1436.00	1437.50	1439.00	1440.50	1443.00	1444.00	1445.50	1446.50	1449.00	1450.50	1451.50	1453.00	1454.50	1455.50	1456.50	1458.50	1459.50	1461.00	1462.00	1463.00	1464.00	1465.50	1466.50	1467.50	1468.00	1469.50	1471.00	1472.00	1473.50	1474.50	1476.00	1477.50	1478.50	1480.00	1481.00	1482.50	1485.00	1486.50	1487.50	1489.00	1491.00	1492.50	1494.00	1496.00	1498.00	1499.50	1501.50	1503.50	1504.50	1507.00	1508.00	1510.00	1512.00	1514.50	1515.50	1517.00	1519.00	1521.00	1523.00	1525.00	1526.50	1527.50	1530.00	1530.50	1532.00	1533.00	1534.50	1535.00	1536.50	1537.50	1538.50	1540.00	1540.00	1541.00	1541.00	1541.50	1542.00	1542.50	1543.00	1543.50	1544.00	1544.00	1544.50	1545.00	1545.00	1545.00	1545.50	1546.00	1546.00	1546.00	1547.00	1547.50	1548.00	1548.50	1549.50	1550.00	1551.00	1551.00	1552.00	1553.00	1553.50	1554.50	1555.00	1556.00	1556.50	1557.00	1558.00	1558.50	1559.00	1559.50	1560.00	1560.50	1561.00	1561.50	1562.00	1563.00	1563.50	1564.00	1564.00	1565.00	1565.00	1566.00	1566.00	1566.50	1567.00	1567.50	1568.00	1568.00	1569.00	1569.00	1570.00	1570.50	1571.00	1571.50	1572.00	1573.00	1574.00	1574.00	1575.50	1576.50	1577.50	1578.50	1579.50	1580.00	1581.00	1582.50	1583.00	1584.50	1585.50	1586.50	1588.00	1588.50	1590.00	1591.00	1592.50	1593.50	1595.00	1595.50	1596.50	1598.00	1599.50	1600.00	1601.00	1602.00	1602.50	1604.00	1605.00	1605.50	1607.00	1607.50	1608.50	1609.00	1610.50	1611.50	1613.00	1614.00	1614.50	1615.50	1617.50	1618.50	1619.50	1620.00	1621.50	1623.00	1624.00	1625.50	1626.50	1627.50	1628.50	1629.50	1631.00	1632.00	1633.50	1635.00	1636.50	1637.50	1638.50	1640.00	1641.50	1643.00	1644.00	1645.50	1646.50	1648.50	1649.50	1650.50	1652.00	1653.50	1654.00	1655.00	1656.50	1657.50	1659.00	1660.00	1660.50	1662.00
1388.50	1389.00	1390.50	1391.00	1392.00	1393.00	1393.50	1394.50	1395.50	1396.50	1398.00	1398.00	1399.50	1401.00	1402.00	1402.50	1403.50	1405.00	1405.50	1407.00	1408.00	1409.50	1410.50	1412.00	1413.50	1414.00	1415.00	1416.00	1417.50	1419.00	1420.50	1422.00	1423.50	1425.00	1426.50	1428.00	1429.00	1430.50	1432.00	1434.50	1436.00	1437.50	1439.00	1440.50	1443.00	1444.00	1445.50	1446.50	1449.00	1450.50	1451.50	1453.00	1454.50	1455.50	1456.50	1458.50	1459.50	1461.00	1462.00	1463.00	1464.00	1465.50	1466.50	1467.50	1468.00	1469.50	1471.00	1472.00	1473.50	1474.50	1476.00	1477.50	1478.50	1480.00	1481.00	1482.50	1485.00	1486.50	1487.50	1489.00	1491.00	1492.50	1494.00	1496.00	1498.00	1499.50	1501.50	1503.50	1504.50	1507.00	1508.00	1510.00	1512.00	1514.50	1515.50	1517.00	1519.00	1521.00	1523.00	1525.00	1526.50	1527.50	1530.00	1530.50	1532.00	1533.00	1534.50	1535.00	1536.50	1537.50	1538.50	1540.00	1540.00	1541.00	1541.00	1541.50	1542.00	1542.50	1543.00	1543.50	1544.00	1544.00	1544.50	1545.00	1545.00	1545.00	1545.50	1546.00	1546.00	1546.00	1547.00	1547.50	1548.00	1548.50	1549.50	1550.00	1551.00	1551.00	1552.00	1553.00	1553.50	1554.50	1555.00	1556.00	1556.50	1557.00	1558.00	1558.50	1559.00	1559.50	1560.00	1560.50	1561.00	1561.50	1562.00	1563.00	1563.50	1564.00	1564.00	1565.00	1565.00	1566.00	1566.00	1566.50	1567.00	1567.50	1568.00	1568.00	1569.00	1569.00	1570.00	1570.50	1571.00	1571.50	1572.00	1573.00	1574.00	1574.00	1575.50	1576.50	1577.50	1578.50	1579.50	1580.00	1581.00	1582.50	1583.00	1584.50	1585.50	1586.50	1588.00	1588.50	1590.00	1591.00	1592.50	1593.50	1595.00	1595.50	1596.50	1598.00	1599.50	1600.00	1601.00	1602.00	1602.50	1604.00	1605.00	1605.50	1607.00	1607.50	1608.50	1609.00	1610.50	1611.50	1613.00	1614.00	1614.50	1615.50	1617.50	1618.50	1619.50	1620.00	1621.50	1623.00	1624.00	1625.50	1626.50	1627.50	1628.50	1629.50	1631.00	1632.00	1633.50	1635.00	1636.50	1637.50	1638.50	1640.00	1641.50	1643.00	1644.00	1645.50	1646.50	1648.50	1649.50	1650.50	1652.00	1653.50	1654.00	1655.00	1656.50	1657.50	1659.00	1660.00	1660.50	1662.00
1388.50	1389.00	1390.50	1391.00	1392.00	1393.00	1393.50	1394.50	1395.50	1396.50	1398.00	1398.00	1399.50	1401.00	1402.00	1402.50	1403.50	1405.00	1405.50	1407.00	1408.00	1409.50	1410.50	1412.00	1413.50	1414.00	1415.00	1416.00	1417.50	1419.00	1420.50	1422.00	1423.50	1425.00	1426.50	1428.00	1429.00	1430.50	1432.00	1434.50	1436.00	1437.50	1439.00	1440.50	1443.00	1444.00	1445.50	1446.50	1449.00	1450.50	1451.50	1453.00	1454.50	1455.50	1456.50	1458.50	1459.50	1461.00	1462.00	1463.00	1464.00	1465.50	1466.50	1467.50	1468.00	1469.50	1471.00	1472.00	1473.50	1474.50	1476.00	1477.50	1478.50	1480.00	1481.00	1482.50	1485.00	1486.50	1487.50	1489.00	1491.00	1492.50	1494.00	1496.00	1498.00	1499.50	1501.50	1503.50	1504.50	1507.00	1508.00	1510.00	1512.00	1514.50	1515.50	1517.00	1519.00	1521.00	1523.00	1525.00	1526.50	1527.50	1530.00	1530.50	1532.00	1533.00	1534.50	1535.00	1536.50	1537.50	1538.50	1540.00	1540.00	1541.00	1541.00	1541.50	1542.00	1542.50	1543.00	1543.50	1544.00	1544.00	1544.50	1545.00	1545.00	1545.00	1545.50	1546.00	1546.00	1546.00	1547.00	1547.50	1548.00	1548.50	1549.50	1550.00	1551.00	1551.00	1552.00	1553.00	1553.50	1554.50	1555.00	1556.00	1556.50	1557.00	1558.00	1558.50	1559.00	1559.50	1560.00	1560.50	1561.00	1561.50	1562.00	1563.00	1563.50	1564.00	1564.00	1565.00	1565.00	1566.00	1566.00	1566.50	1567.00	1567.50	1568.00	1568.00	1569.00	1569.00	1570.00	1570.50	1571.00	1571.50	1572.00	1573.00	1574.00	1574.00	1575.50	1576.50	1577.50	1578.50	1579.50	1580.00	1581.00	1582.50	1583.00	1584.50	1585.50	1586.50	1588.00	1588.50	1590.00	1591.00	1592.50	1593.50	1595.00	1595.50	1596.50	1598.00	1599.50	1600.00	1601.00	1602.00	1602.50	1604.00	1605.00	1605.50	1607.00	1607.50	1608.50	1609.00	1610.50	1611.50	1613.00	1614.00	1614.50	1615.50	1617.50	1618.50	1619.50	1620.00	1621.50	1623.00	1624.00	1625.50	1626.50	1627.50	1628.50	1629.50	1631.00	1632.00	1633.50	1635.00	1636.50	1637.50	1638.50	1640.00	1641.50	1643.00	1644.00	1645.50	1646.50	1648.50	1649.50	1650.50	1652.00	1653.50	1654.00	1655.00	1656.50	1657.50	1659.00	1660.00	1660.50	1662.00
1388.50	1389.00	1390.50	1391.00	1392.00	1393.00	1393.50	1394.50	1395.50	1396.50	1398.00	1398.00	1399.50	1401.00	1402.00	1402.50	1403.50	1405.00	1405.50	1407.00	1408.00	1409.50	1410.50	1412.00	1413.50	1414.00	1415.00	1416.00	1417.50	1419.00	1420.50	1422.00	1423.50	1425.00	1426.50	1428.00	1429.00	1430.50	1432.00	1434.50	1436.00	1437.50	1439.00	1440.50	1443.00	1444.00	1445.50	1446.50	1449.00	1450.50	1451.50	1453.00	1454.50	1455.50	1456.50	1458.50	1459.50	1461.00	1462.00	1463.00	1464.00	1465.50	1466.50	1467.50	1468.00	1469.50	1471.00	1472.00	1473.50	1474.50	1476.00	1477.50	1478.50	1480.00	1481.00	1482.50	1485.00	1486.50	1487.50	1489.00	1491.00	1492.50	1494.00	1496.00	1498.00	1499.50	1501.50	1503.50	1504.50	1507.00	1508.00	1510.00	1512.00	1514.50	1515.50	1517.00	1519.00	1521.00	1523.00	1525.00	1526.50	1527.50	1530.00	1530.50	1532.00	1533.00	1534.50	1535.00	1536.50	1537.50	1538.50	1540.00	1540.00	1541.00	1541.00	1541.50	1542.00	1542.50	1543.00	1543.50	1544.00	1544.00	1544.50	1545.00	1545.00	1545.00	1545.50	1546.00	1546.00	1546.00	1547.00	1547.50	1548.00	1548.50	1549.50	1550.00	1551.00	1551.00	1552.00	1553.00	1553.50	1554.50	1555.00	1556.00	1556.50	1557.00	1558.00	1558.50	1559.00	1559.50	1560.00	1560.50	1561.00	1561.50	1562.00	1563.00	1563.50	1564.00	1564.00	1565.00	1565.00	1566.00	1566.00	1566.50	1567.00	1567.50	1568.00	1568.00	1569.00	1569.00	1570.00	1570.50	1571.00	1571.50	1572.00	1573.00	1574.00	1574.00	1575.50	1576.50	1577.50	1578.50	1579.50	1580.00	1581.00	1582.50	1583.00	1584.50	1585.50	1586.50	1588.00	1588.50	1590.00	1591.00	1592.50	1593.50	1595.00	1595.50	1596.50	1598.00	1599.50	1600.00	1601.00	1602.00	1602.50	1604.00	1605.00	1605.50	1607.00	1607.50	1608.50	1609.00	1610.50	1611.50	1613.00	1614.00	1614.50	1615.50	1617.50	1618.50	1619.50	1620.00	1621.50	1623.00	1624.00	1625.50	1626.50	1627.50	1628.50	1629.50	1631.00	1632.00	1633.50	1635.00	1636.50	1637.50	1638.50	1640.00	1641.50	1643.00	1644.00	1645.50	1646.50	1648.50	1649.50	1650.50	1652.00	1653.50	1654.00	1655.00	1656.50	1657.50	1659.00	1660.00	1660.50	1662.00
1388.50	1389.00	1390.50	1391.00	1392.00	1393.00	1393.50	1394.50	1395.50	1396.50	1398.00	1398.00	1399.50	1401.00	1402.00	1402.50	1403.50	1405.00	1405.50	1407.00	1408.00	1409.50	1410.50	1412.00	1413.50	1414.00	1415.00	1416.00	1417.50	1419.00	1420.50	1422.00	1423.50	1425.00	1426.50	1428.00	1429.00	1430.50	1432.00	1434.50	1436.00	1437.50	1439.00	1440.50	1443.00	1444.00	1445.50	1446.50	1449.00	1450.50	1451.50	1453.00	1454.50	1455.50	1456.50	1458.50	1459.50	1461.00	1462.00	1463.00	1464.00	1465.50	1466.50	1467.50	1468.00	1469.50	1471.00	1472.00	1473.50	1474.50	1476.00	1477.50	1478.50	1480.00	1481.00	1482.50	1485.00	1486.50	1487.50	1489.00	1491.00	1492.50	1494.00	1496.00	1498.00	1499.50	1501.50	1503.50	1504.50	1507.00	1508.00	1510.00	1512.00	1514.50	1515.50	1517.00	1519.00	1521.00	1523.00	1525.00	1526.50	1527.50	1530.00	1530.50	1532.00	1533.00	1534.50	1535.00	1536.50	1537.50	1538.50	1540.00	1540.00	1541.00	1541.00	1541.50	1542.00	1542.50	1543.00	1543.50	1544.00	1544.00	1544.50	1545.00	1545.00	1545.00	1545.50	1546.00	1546.00	1546.00	1547.00	1547.50	1548.00	1548.50	1549.50	1550.00	1551.00	1551.00	1552.00	1553.00	1553.50	1554.50	1555.00	1556.00	1556.50	1557.00	1558.00	1558.50	1559.00	1559.50	1560.00	1560.50	1561.00	1561.50	1562.00	1563.00	1563.50	1564.00	1564.00	1565.00	1565.00	1566.00	1566.00	1566.50	1567.00	1567.50	1568.00	1568.00	1569.00	1569.00	1570.00	1570.50	1571.00	1571.50	1572.00	1573.00	1574.00	1574.00	1575.50	1576.50	1577.50	1578.50	1579.50	1580.00	1581.00	1582.50	1583.00	1584.50	1585.50	1586.50	1588.00	1588.50	1590.00	1591.00	1592.50	1593.50	1595.00	1595.50	1596.50	1598.00	1599.50	1600.00	1601.00	1602.00	1602.50	1604.00	1605.00	1605.50	1607.00	1607.50	1608.50	1609.00	1610.50	1611.50	1613.00	1614.00	1614.50	1615.50	1617.50	1618.50	1619.50	1620.00	1621.50	1623.00	1624.00	1625.50	1626.50	1627.50	1628.50	1629.50	1631.00	1632.00	1633.50	1635.00	1636.50	1637.50	1638.50	1640.00	1641.50	1643.00	1644.00	1645.50	1646.50	1648.50	1649.50	1650.50	1652.00	1653.50	1654.00	1655.00	1656.50	1657.50	1659.00	1660.00	1660.50	1662.00
1386.25	1387.00	1388.00	1388.75	1390.00	1391.00	1392.00	1393.00	1394.50	1395.50	1396.50	1397.00	1398.50	1400.00	1401.25	1402.00	1403.00	1405.00	1406.00	1407.50	1408.50	1410.00	1411.00	1412.50	1414.00	1414.75	1416.50	1417.50	1419.00	1420.50	1422.50	1423.75	1425.00	1426.50	1428.25	1430.00	1431.00	1432.50	1434.00	1436.50	1437.75	1439.00	1441.00	1442.50	1444.50	1445.00	1446.50	1447.50	1449.50	1451.00	1452.00	1453.50	1454.75	1455.50	1456.50	1458.25	1459.00	1460.50	1461.50	1462.25	1463.50	1465.00	1466.00	1467.00	1468.00	1469.50	1471.00	1472.00	1473.50	1474.50	1476.00	1477.75	1479.00	1481.00	1482.00	1484.00	1486.00	1488.00	1489.25	1490.75	1493.00	1495.00	1497.00	1498.50	1500.75	1502.25	1504.25	1506.25	1507.50	1510.00	1511.00	1513.25	1515.50	1517.50	1518.75	1520.25	1522.50	1524.50	1526.50	1528.25	1529.50	1530.50	1532.25	1533.00	1534.50	1535.00	1536.50	1537.50	1538.25	1538.75	1539.25	1540.50	1540.50	1541.00	1541.00	1541.25	1541.75	1542.25	1542.50	1542.75	1543.00	1543.00	1543.50	1544.00	1544.00	1544.00	1544.25	1545.00	1545.50	1546.00	1546.50	1547.25	1547.75	1548.50	1549.50	1550.00	1551.00	1551.00	1552.25	1553.00	1554.00	1554.75	1555.25	1556.50	1557.00	1557.50	1558.50	1559.00	1559.50	1560.25	1560.75	1561.25	1562.00	1562.50	1563.00	1564.00	1564.25	1564.75	1565.00	1565.50	1566.00	1566.50	1567.00	1567.25	1567.75	1568.25	1568.50	1569.00	1569.50	1569.75	1570.50	1571.00	1571.50	1572.00	1572.50	1573.75	1574.50	1575.00	1576.25	1577.00	1578.00	1579.00	1580.00	1581.00	1581.50	1583.00	1584.00	1585.50	1586.50	1587.50	1589.00	1590.00	1591.50	1592.50	1594.00	1595.00	1596.75	1597.50	1598.25	1599.50	1601.00	1601.75	1603.00	1604.25	1605.00	1606.00	1607.00	1608.00	1609.50	1610.00	1611.00	1611.75	1613.00	1614.00	1615.50	1616.00	1617.00	1618.00	1620.00	1620.75	1621.50	1622.50	1624.00	1625.50	1626.50	1627.50	1628.50	1629.75	1631.00	1632.00	1633.50	1634.50	1636.00	1637.50	1639.00	1640.00	1641.00	1642.50	1644.00	1645.00	1646.00	1647.50	1648.50	1650.50	1651.50	1652.50	1654.00	1655.00	1655.75	1657.00	1658.50	1659.25	1660.50	1661.50	1662.50	1664.00
1384.00	1385.00	1385.50	1386.50	1388.00	1389.00	1390.50	1391.50	1393.50	1394.50	1395.00	1396.00	1397.50	1399.00	1400.50	1401.50	1402.50	1405.00	1406.50	1408.00	1409.00	1410.50	1411.50	1413.00	1414.50	1415.50	1418.00	1419.00	1420.50	1422.00	1424.50	1425.50	1426.50	1428.00	1430.00	1432.00	1433.00	1434.50	1436.00	1438.50	1439.50	1440.50	1443.00	1444.50	1446.00	1446.00	1447.50	1448.50	1450.00	1451.50	1452.50	1454.00	1455.00	1455.50	1456.50	1458.00	1458.50	1460.00	1461.00	1461.50	1463.00	1464.50	1465.50	1466.50	1468.00	1469.50	1471.00	1472.00	1473.50	1474.50	1476.00	1478.00	1479.50	1482.00	1483.00	1485.50	1487.00	1489.50	1491.00	1492.50	1495.00	1497.50	1500.00	1501.00	1503.50	1505.00	1507.00	1509.00	1510.50	1513.00	1514.00	1516.50	1519.00	1520.50	1522.00	1523.50	1526.00	1528.00	1530.00	1531.50	1532.50	1533.50	1534.50	1535.50	1537.00	1537.00	1538.50	1540.00	1540.00	1540.00	1540.00	1541.00	1541.00	1541.00	1541.00	1541.00	1541.50	1542.00	1542.00	1542.00	1542.00	1542.00	1542.50	1543.00	1543.00	1543.00	1543.00	1544.00	1545.00	1546.00	1546.00	1547.00	1547.50	1548.50	1549.50	1550.00	1551.00	1551.00	1552.50	1553.00	1554.50	1555.00	1555.50	1557.00	1557.50	1558.00	1559.00	1559.50	1560.00	1561.00	1561.50	1562.00	1563.00	1563.50	1564.00	1565.00	1565.00	1565.50	1566.00	1566.00	1567.00	1567.00	1568.00	1568.00	1568.50	1569.00	1569.00	1570.00	1570.00	1570.50	1571.00	1571.50	1572.00	1572.50	1573.00	1574.50	1575.00	1576.00	1577.00	1577.50	1578.50	1579.50	1580.50	1582.00	1582.00	1583.50	1585.00	1586.50	1587.50	1588.50	1590.00	1591.50	1593.00	1594.00	1595.50	1596.50	1598.50	1599.50	1600.00	1601.00	1602.50	1603.50	1605.00	1606.50	1607.50	1608.00	1609.00	1610.50	1612.00	1612.50	1613.50	1614.50	1615.50	1616.50	1618.00	1618.00	1619.50	1620.50	1622.50	1623.00	1623.50	1625.00	1626.50	1628.00	1629.00	1629.50	1630.50	1632.00	1633.50	1634.50	1636.00	1637.00	1638.50	1640.00	1641.50	1642.50	1643.50	1645.00	1646.50	1647.00	1648.00	1649.50	1650.50	1652.50	1653.50	1654.50	1656.00	1656.50	1657.50	1659.00	1660.50	1661.00	1662.00	1663.00	1664.50	1666.00
1384.00	1385.00	1385.50	1386.50	1388.00	1389.00	1390.50	1391.50	1393.50	1394.50	1395.00	1396.00	1397.50	1399.00	1400.50	1401.50	1402.50	1405.00	1406.50	1408.00	1409.00	1410.50	1411.50	1413.00	1414.50	1415.50	1418.00	1419.00	1420.50	1422.00	1424.50	1425.50	1426.50	1428.00	1430.00	1432.00	1433.00	1434.50	1436.00	1438.50	1439.50	1440.50	1443.00	1444.50	1446.00	1446.00	1447.50	1448.50	1450.00	1451.50	1452.50	1454.00	1455.00	1455.50	1456.50	1458.00	1458.50	1460.00	1461.00	1461.50	1463.00	1464.50	1465.50	1466.50	1468.00	1469.50	1471.00	1472.00	1473.50	1474.50	1476.00	1478.00	1479.50	1482.00	1483.00	1485.50	1487.00	1489.50	1491.00	1492.50	1495.00	1497.50	1500.00	1501.00	1503.50	1505.00	1507.00	1509.00	1510.50	1513.00	1514.00	1516.50	1519.00	1520.50	1522.00	1523.50	1526.00	1528.00	1530.00	1531.50	1532.50	1533.50	1534.50	1535.50	1537.00	1537.00	1538.50	1540.00	1540.00	1540.00	1540.00	1541.00	1541.00	1541.00	1541.00	1541.00	1541.50	1542.00	1542.00	1542.00	1542.00	1542.00	1542.50	1543.00	1543.00	1543.00	1543.00	1544.00	1545.00	1546.00	1546.00	1547.00	1547.50	1548.50	1549.50	1550.00	1551.00	1551.00	1552.50	1553.00	1554.50	1555.00	1555.50	1557.00	1557.50	1558.00	1559.00	1559.50	1560.00	1561.00	1561.50	1562.00	1563.00	1563.50	1564.00	1565.00	1565.00	1565.50	1566.00	1566.00	1567.00	1567.00	1568.00	1568.00	1568.50	1569.00	1569.00	1570.00	1570.00	1570.50	1571.00	1571.50	1572.00	1572.50	1573.00	1574.50	1575.00	1576.00	1577.00	1577.50	1578.50	1579.50	1580.50	1582.00	1582.00	1583.50	1585.00	1586.50	1587.50	1588.50	1590.00	1591.50	1593.00	1594.00	1595.50	1596.50	1598.50	1599.50	1600.00	1601.00	1602.50	1603.50	1605.00	1606.50	1607.50	1608.00	1609.00	1610.50	1612.00	1612.50	1613.50	1614.50	1615.50	1616.50	1618.00	1618.00	1619.50	1620.50	1622.50	1623.00	1623.50	1625.00	1626.50	1628.00	1629.00	1629.50	1630.50	1632.00	1633.50	1634.50	1636.00	1637.00	1638.50	1640.00	1641.50	1642.50	1643.50	1645.00	1646.50	1647.00	1648.00	1649.50	1650.50	1652.50	1653.50	1654.50	1656.00	1656.50	1657.50	1659.00	1660.50	1661.00	1662.00	1663.00	1664.50	1666.00
1384.00	1385.00	1385.50	1386.50	1388.00	1389.00	1390.50	1391.50	1393.50	1394.50	1395.00	1396.00	1397.50	1399.00	1400.50	1401.50	1402.50	1405.00	1406.50	1408.00	1409.00	1410.50	1411.50	1413.00	1414.50	1415.50	1418.00	1419.00	1420.50	1422.00	1424.50	1425.50	1426.50	1428.00	1430.00	1432.00	1433.00	1434.50	1436.00	1438.50	1439.50	1440.50	1443.00	1444.50	1446.00	1446.00	1447.50	1448.50	1450.00	1451.50	1452.50	1454.00	1455.00	1455.50	1456.50	1458.00	1458.50	1460.00	1461.00	1461.50	1463.00	1464.50	1465.50	1466.50	1468.00	1469.50	1471.00	1472.00	1473.50	1474.50	1476.00	1478.00	1479.50	1482.00	1483.00	1485.50	1487.00	1489.50	1491.00	1492.50	1495.00	1497.50	1500.00	1501.00	1503.50	1505.00	1507.00	1509.00	1510.50	1513.00	1514.00	1516.50	1519.00	1520.50	1522.00	1523.50	1526.00	1528.00	1530.00	1531.50	1532.50	1533.50	1534.50	1535.50	1537.00	1537.00	1538.50	1540.00	1540.00	1540.00	1540.00	1541.00	1541.00	1541.00	1541.00	1541.00	1541.50	1542.00	1542.00	1542.00	1542.00	1542.00	1542.50	1543.00	1543.00	1543.00	1543.00	1544.00	1545.00	1546.00	1546.00	1547.00	1547.50	1548.50	1549.50	1550.00	1551.00	1551.00	1552.50	1553.00	1554.50	1555.00	1555.50	1557.00	1557.50	1558.00	1559.00	1559.50	1560.00	1561.00	1561.50	1562.00	1563.00	1563.50	1564.00	1565.00	1565.00	1565.50	1566.00	1566.00	1567.00	1567.00	1568.00	1568.00	1568.50	1569.00	1569.00	1570.00	1570.00	1570.50	1571.00	1571.50	1572.00	1572.50	1573.00	1574.50	1575.00	1576.00	1577.00	1577.50	1578.50	1579.50	1580.50	1582.00	1582.00	1583.50	1585.00	1586.50	1587.50	1588.50	1590.00	1591.50	1593.00	1594.00	1595.50	1596.50	1598.50	1599.50	1600.00	1601.00	1602.50	1603.50	1605.00	1606.50	1607.50	1608.00	1609.00	1610.50	1612.00	1612.50	1613.50	1614.50	1615.50	1616.50	1618.00	1618.00	1619.50	1620.50	1622.50	1623.00	1623.50	1625.00	1626.50	1628.00	1629.00	1629.50	1630.50	1632.00	1633.50	1634.50	1636.00	1637.00	1638.50	1640.00	1641.50	1642.50	1643.50	1645.00	1646.50	1647.00	1648.00	1649.50	1650.50	1652.50	1653.50	1654.50	1656.00	1656.50	1657.50	1659.00	1660.50	1661.00	1662.00	1663.00	1664.50	1666.00
1384.00	1385.00	1385.50	1386.50	1388.00	1389.00	1390.50	1391.50	1393.50	1394.50	1395.00	1396.00	1397.50	1399.00	1400.50	1401.50	1402.50	1405.00	1406.50	1408.00	1409.00	1410.50	1411.50	1413.00	1414.50	1415.50	1418.00	1419.00	1420.50	1422.00	1424.50	1425.50	1426.50	1428.00	1430.00	1432.00	1433.00	1434.50	1436.00	1438.50	1439.50	1440.50	1443.00	1444.50	1446.00	1446.00	1447.50	1448.50	1450.00	1451.50	1452.50	1454.00	1455.00	1455.50	1456.50	1458.00	1458.50	1460.00	1461.00	1461.50	1463.00	1464.50	1465.50	1466.50	1468.00	1469.50	1471.00	1472.00	1473.50	1474.50	1476.00	1478.00	1479.50	1482.00	1483.00	1485.50	1487.00	1489.50	1491.00	1492.50	1495.00	1497.50	1500.00	1501.00	1503.50	1505.00	1507.00	1509.00	1510.50	1513.00	1514.00	1516.50	1519.00	1520.50	1522.00	1523.50	1526.00	1528.00	1530.00	1531.50	1532.50	1533.50	1534.50	1535.50	1537.00	1537.00	1538.50	1540.00	1540.00	1540.00	1540.00	1541.00	1541.00	1541.00	1541.00	1541.00	1541.50	1542.00	1542.00	1542.00	1542.00	1542.00	1542.50	1543.00	1543.00	1543.00	1543.00	1544.00	1545.00	1546.00	1546.00	1547.00	1547.50	1548.50	1549.50	1550.00	1551.00	1551.00	1552.50	1553.00	1554.50	1555.00	1555.50	1557.00	1557.50	1558.00	1559.00	1559.50	1560.00	1561.00	1561.50	1562.00	1563.00	1563.50	1564.00	1565.00	1565.00	1565.50	1566.00	1566.00	1567.00	1567.00	1568.00	1568.00	1568.50	1569.00	1569.00	1570.00	1570.00	1570.50	1571.00	1571.50	1572.00	1572.50	1573.00	1574.50	1575.00	1576.00	1577.00	1577.50	1578.50	1579.50	1580.50	1582.00	1582.00	1583.50	1585.00	1586.50	1587.50	1588.50	1590.00	1591.50	1593.00	1594.00	1595.50	1596.50	1598.50	1599.50	1600.00	1601.00	1602.50	1603.50	1605.00	1606.50	1607.50	1608.00	1609.00	1610.50	1612.00	1612.50	1613.50	1614.50	1615.50	1616.50	1618.00	1618.00	1619.50	1620.50	1622.50	1623.00	1623.50	1625.00	1626.50	1628.00	1629.00	1629.50	1630.50	1632.00	1633.50	1634.50	1636.00	1637.00	1638.50	1640.00	1641.50	1642.50	1643.50	1645.00	1646.50	1647.00	1648.00	1649.50	1650.50	1652.50	1653.50	1654.50	1656.00	1656.50	1657.50	1659.00	1660.50	1661.00	1662.00	1663.00	1664.50	1666.00
1384.00	1385.00	1385.50	1386.50	1388.00	1389.00	1390.50	1391.50	1393.50	1394.50	1395.00	1396.00	1397.50	1399.00	1400.50	1401.50	1402.50	1405.00	1406.50	1408.00	1409.00	1410.50	1411.50	1413.00	1414.50	1415.50	1418.00	1419.00	1420.50	1422.00	1424.50	1425.50	1426.50	1428.00	1430.00	1432.00	1433.00	1434.50	1436.00	1438.50	1439.50	1440.50	1443.00	1444.50	1446.00	1446.00	1447.50	1448.50	1450.00	1451.50	1452.50	1454.00	1455.00	1455.50	1456.50	1458.00	1458.50	1460.00	1461.00	1461.50	1463.00	1464.50	1465.50	1466.50	1468.00	1469.50	1471.00	1472.00	1473.50	1474.50	1476.00	1478.00	1479.50	1482.00	1483.00	1485.50	1487.00	1489.50	1491.00	1492.50	1495.00	1497.50	1500.00	1501.00	1503.50	1505.00	1507.00	1509.00	1510.50	1513.00	1514.00	1516.50	1519.00	1520.50	1522.00	1523.50	1526.00	1528.00	1530.00	1531.50	1532.50	1533.50	1534.50	1535.50	1537.00	1537.00	1538.50	1540.00	1540.00	1540.00	1540.00	1541.00	1541.00	1541.00	1541.00	1541.00	1541.50	1542.00	1542.00	1542.00	1542.00	1542.00	1542.50	1543.00	1543.00	1543.00	1543.00	1544.00	1545.00	1546.00	1546.00	1547.00	1547.50	1548.50	1549.50	1550.00	1551.00	1551.00	1552.50	1553.00	1554.50	1555.00	1555.50	1557.00	1557.50	1558.00	1559.00	1559.50	1560.00	1561.00	1561.50	1562.00	1563.00	1563.50	1564.00	1565.00	1565.00	1565.50	1566.00	1566.00	1567.00	1567.00	1568.00	1568.00	1568.50	1569.00	1569.00	1570.00	1570.00	1570.50	1571.00	1571.50	1572.00	1572.50	1573.00	1574.50	1575.00	1576.00	1577.00	1577.50	1578.50	1579.50	1580.50	1582.00	1582.00	1583.50	1585.00	1586.50	1587.50	1588.50	1590.00	1591.50	1593.00	1594.00	1595.50	1596.50	1598.50	1599.50	1600.00	1601.00	1602.50	1603.50	1605.00	1606.50	1607.50	1608.00	1609.00	1610.50	1612.00	1612.50	1613.50	1614.50	1615.50	1616.50	1618.00	1618.00	1619.50	1620.50	1622.50	1623.00	1623.50	1625.00	1626.50	1628.00	1629.00	1629.50	1630.50	1632.00	1633.50	1634.50	1636.00	1637.00	1638.50	1640.00	1641.50	1642.50	1643.50	1645.00	1646.50	1647.00	1648.00	1649.50	1650.50	1652.50	1653.50	1654.50	1656.00	1656.50	1657.50	1659.00	1660.50	1661.00	1662.00	1663.00	1664.50	1666.00
1384.00	1385.00	1385.50	1386.50	1388.00	1389.00	1390.50	1391.50	1393.50	1394.50	1395.00	1396.00	1397.50	1399.00	1400.50	1401.50	1402.50	1405.00	1406.50	1408.00	1409.00	1410.50	1411.50	1413.00	1414.50	1415.50	1418.00	1419.00	1420.50	1422.00	1424.50	1425.50	1426.50	1428.00	1430.00	1432.00	1433.00	1434.50	1436.00	1438.50	1439.50	1440.50	1443.00	1444.50	1446.00	1446.00	1447.50	1448.50	1450.00	1451.50	1452.50	1454.00	1455.00	1455.50	1456.50	1458.00	1458.50	1460.00	1461.00	1461.50	1463.00	1464.50	1465.50	1466.50	1468.00	1469.50	1471.00	1472.00	1473.50	1474.50	1476.00	1478.00	1479.50	1482.00	1483.00	1485.50	1487.00	1489.50	1491.00	1492.50	1495.00	1497.50	1500.00	1501.00	1503.50	1505.00	1507.00	1509.00	1510.50	1513.00	1514.00	1516.50	1519.00	1520.50	1522.00	1523.50	1526.00	1528.00	1530.00	1531.50	1532.50	1533.50	1534.50	1535.50	1537.00	1537.00	1538.50	1540.00	1540.00	1540.00	1540.00	1541.00	1541.00	1541.00	1541.00	1541.00	1541.50	1542.00	1542.00	1542.00	1542.00	1542.00	1542.50	1543.00	1543.00	1543.00	1543.00	1544.00	1545.00	1546.00	1546.00	1547.00	1547.50	1548.50	1549.50	1550.00	1551.00	1551.00	1552.50	1553.00	1554.50	1555.00	1555.50	1557.00	1557.50	1558.00	1559.00	1559.50	1560.00	1561.00	1561.50	1562.00	1563.00	1563.50	1564.00	1565.00	1565.00	1565.50	1566.00	1566.00	1567.00	1567.00	1568.00	1568.00	1568.50	1569.00	1569.00	1570.00	1570.00	1570.50	1571.00	1571.50	1572.00	1572.50	1573.00	1574.50	1575.00	1576.00	1577.00	1577.50	1578.50	1579.50	1580.50	1582.00	1582.00	1583.50	1585.00	1586.50	1587.50	1588.50	1590.00	1591.50	1593.00	1594.00	1595.50	1596.50	1598.50	1599.50	1600.00	1601.00	1602.50	1603.50	1605.00	1606.50	1607.50	1608.00	1609.00	1610.50	1612.00	1612.50	1613.50	1614.50	1615.50	1616.50	1618.00	1618.00	1619.50	1620.50	1622.50	1623.00	1623.50	1625.00	1626.50	1628.00	1629.00	1629.50	1630.50	1632.00	1633.50	1634.50	1636.00	1637.00	1638.50	1640.00	1641.50	1642.50	1643.50	1645.00	1646.50	1647.00	1648.00	1649.50	1650.50	1652.50	1653.50	1654.50	1656.00	1656.50	1657.50	1659.00	1660.50	1661.00	1662.00	1663.00	1664.50	1666.00
1384.00	1385.00	1385.50	1386.50	1388.00	1389.00	1390.50	1391.50	1393.50	1394.50	1395.00	1396.00	1397.50	1399.00	1400.50	1401.50	1402.50	1405.00	1406.50	1408.00	1409.00	1410.50	1411.50	1413.00	1414.50	1415.50	1418.00	1419.00	1420.50	1422.00	1424.50	1425.50	1426.50	1428.00	1430.00	1432.00	1433.00	1434.50	1436.00	1438.50	1439.50	1440.50	1443.00	1444.50	1446.00	1446.00	1447.50	1448.50	1450.00	1451.50	1452.50	1454.00	1455.00	1455.50	1456.50	1458.00	1458.50	1460.00	1461.00	1461.50	1463.00	1464.50	1465.50	1466.50	1468.00	1469.50	1471.00	1472.00	1473.50	1474.50	1476.00	1478.00	1479.50	1482.00	1483.00	1485.50	1487.00	1489.50	1491.00	1492.50	1495.00	1497.50	1500.00	1501.00	1503.50	1505.00	1507.00	1509.00	1510.50	1513.00	1514.00	1516.50	1519.00	1520.50	1522.00	1523.50	1526.00	1528.00	1530.00	1531.50	1532.50	1533.50	1534.50	1535.50	1537.00	1537.00	1538.50	1540.00	1540.00	1540.00	1540.00	1541.00	1541.00	1541.00	1541.00	1541.00	1541.50	1542.00	1542.00	1542.00	1542.00	1542.00	1542.50	1543.00	1543.00	1543.00	1543.00	1544.00	1545.00	1546.00	1546.00	1547.00	1547.50	1548.50	1549.50	1550.00	1551.00	1551.00	1552.50	1553.00	1554.50	1555.00	1555.50	1557.00	1557.50	1558.00	1559.00	1559.50	1560.00	1561.00	1561.50	1562.00	1563.00	1563.50	1564.00	1565.00	1565.00	1565.50	1566.00	1566.00	1567.00	1567.00	1568.00	1568.00	1568.50	1569.00	1569.00	1570.00	1570.00	1570.50	1571.00	1571.50	1572.00	1572.50	1573.00	1574.50	1575.00	1576.00	1577.00	1577.50	1578.50	1579.50	1580.50	1582.00	1582.00	1583.50	1585.00	1586.50	1587.50	1588.50	1590.00	1591.50	1593.00	1594.00	1595.50	1596.50	1598.50	1599.50	1600.00	1601.00	1602.50	1603.50	1605.00	1606.50	1607.50	1608.00	1609.00	1610.50	1612.00	1612.50	1613.50	1614.50	1615.50	1616.50	1618.00	1618.00	1619.50	1620.50	1622.50	1623.00	1623.50	1625.00	1626.50	1628.00	1629.00	1629.50	1630.50	1632.00	1633.50	1634.50	1636.00	1637.00	1638.50	1640.00	1641.50	1642.50	1643.50	1645.00	1646.50	1647.00	1648.00	1649.50	1650.50	1652.50	1653.50	1654.50	1656.00	1656.50	1657.50	1659.00	1660.50	1661.00	1662.00	1663.00	1664.50	1666.00
1383.75	1385.00	1385.50	1386.50	1388.00	1389.25	1390.50	1391.50	1393.00	1394.00	1395.00	1396.00	1398.00	1399.50	1401.00	1402.25	1403.50	1405.50	1407.00	1408.50	1410.00	1411.50	1412.50	1414.25	1416.00	1417.00	1419.00	1420.50	1422.00	1424.00	1426.00	1427.25	1428.50	1430.00	1432.25	1434.50	1435.50	1437.50	1438.75	1441.00	1441.75	1442.50	1444.50	1445.50	1447.00	1447.50	1448.50	1449.50	1451.00	1452.00	1452.75	1454.00	1454.75	1455.25	1456.00	1457.25	1457.75	1459.00	1459.50	1460.50	1462.00	1463.50	1464.25	1465.00	1466.50	1468.00	1469.50	1470.50	1472.50	1473.75	1475.75	1477.75	1479.25	1481.50	1483.00	1485.25	1487.00	1489.75	1491.25	1492.75	1495.50	1497.75	1500.00	1501.50	1504.00	1505.50	1507.75	1510.00	1511.50	1514.00	1515.00	1517.50	1520.00	1522.00	1523.50	1525.00	1527.00	1528.75	1530.50	1532.00	1533.00	1534.00	1535.50	1536.50	1538.00	1538.00	1538.75	1539.50	1540.00	1540.00	1540.00	1540.50	1540.75	1541.00	1541.00	1541.00	1541.25	1541.50	1541.50	1541.50	1541.50	1541.50	1541.75	1542.50	1542.75	1543.00	1543.25	1544.00	1545.25	1546.00	1546.50	1547.25	1547.75	1548.75	1550.00	1550.75	1552.00	1552.00	1553.50	1554.50	1555.75	1556.25	1557.00	1558.00	1559.00	1559.50	1560.50	1561.00	1561.50	1562.50	1563.00	1563.50	1564.50	1565.00	1565.50	1566.50	1566.75	1567.25	1567.50	1568.00	1568.75	1569.00	1569.75	1570.00	1570.25	1571.00	1571.00	1572.00	1572.00	1572.50	1573.00	1573.75	1574.25	1575.00	1575.50	1576.75	1577.50	1578.00	1579.00	1579.50	1580.75	1582.00	1583.00	1584.50	1585.00	1586.50	1588.00	1589.00	1590.00	1591.00	1592.50	1594.00	1595.50	1596.50	1598.00	1599.00	1601.00	1602.00	1602.75	1603.50	1605.00	1606.00	1607.50	1609.00	1610.00	1610.50	1611.50	1613.00	1614.50	1615.00	1616.00	1617.00	1618.00	1619.00	1620.50	1620.50	1622.00	1623.00	1625.00	1625.50	1626.00	1627.50	1629.00	1630.50	1631.00	1632.00	1633.00	1634.50	1636.00	1637.00	1638.50	1639.50	1641.00	1642.50	1643.75	1644.50	1645.50	1647.00	1648.50	1649.00	1650.00	1651.50	1652.50	1654.50	1655.50	1656.25	1657.50	1658.50	1659.50	1661.00	1662.50	1663.25	1664.50	1665.00	1666.25	1667.50
1383.50	1385.00	1385.50	1386.50	1388.00	1389.50	1390.50	1391.50	1392.50	1393.50	1395.00	1396.00	1398.50	1400.00	1401.50	1403.00	1404.50	1406.00	1407.50	1409.00	1411.00	1412.50	1413.50	1415.50	1417.50	1418.50	1420.00	1422.00	1423.50	1426.00	1427.50	1429.00	1430.50	1432.00	1434.50	1437.00	1438.00	1440.50	1441.50	1443.50	1444.00	1444.50	1446.00	1446.50	1448.00	1449.00	1449.50	1450.50	1452.00	1452.50	1453.00	1454.00	1454.50	1455.00	1455.50	1456.50	1457.00	1458.00	1458.00	1459.50	1461.00	1462.50	1463.00	1463.50	1465.00	1466.50	1468.00	1469.00	1471.50	1473.00	1475.50	1477.50	1479.00	1481.00	1483.00	1485.00	1487.00	1490.00	1491.50	1493.00	1496.00	1498.00	1500.00	1502.00	1504.50	1506.00	1508.50	1511.00	1512.50	1515.00	1516.00	1518.50	1521.00	1523.50	1525.00	1526.50	1528.00	1529.50	1531.00	1532.50	1533.50	1534.50	1536.50	1537.50	1539.00	1539.00	1539.00	1539.00	1540.00	1540.00	1540.00	1540.00	1540.50	1541.00	1541.00	1541.00	1541.00	1541.00	1541.00	1541.00	1541.00	1541.00	1541.00	1542.00	1542.50	1543.00	1543.50	1544.00	1545.50	1546.00	1547.00	1547.50	1548.00	1549.00	1550.50	1551.50	1553.00	1553.00	1554.50	1556.00	1557.00	1557.50	1558.50	1559.00	1560.50	1561.00	1562.00	1562.50	1563.00	1564.00	1564.50	1565.00	1566.00	1566.50	1567.00	1568.00	1568.50	1569.00	1569.00	1570.00	1570.50	1571.00	1571.50	1572.00	1572.00	1573.00	1573.00	1574.00	1574.00	1574.50	1575.00	1576.00	1576.50	1577.50	1578.00	1579.00	1580.00	1580.00	1581.00	1581.50	1583.00	1584.50	1585.50	1587.00	1588.00	1589.50	1591.00	1591.50	1592.50	1593.50	1595.00	1596.50	1598.00	1599.00	1600.50	1601.50	1603.50	1604.50	1605.50	1606.00	1607.50	1608.50	1610.00	1611.50	1612.50	1613.00	1614.00	1615.50	1617.00	1617.50	1618.50	1619.50	1620.50	1621.50	1623.00	1623.00	1624.50	1625.50	1627.50	1628.00	1628.50	1630.00	1631.50	1633.00	1633.00	1634.50	1635.50	1637.00	1638.50	1639.50	1641.00	1642.00	1643.50	1645.00	1646.00	1646.50	1647.50	1649.00	1650.50	1651.00	1652.00	1653.50	1654.50	1656.50	1657.50	1658.00	1659.00	1660.50	1661.50	1663.00	1664.50	1665.50	1667.00	1667.00	1668.00	1669.00
1383.50	1385.00	1385.50	1386.50	1388.00	1389.50	1390.50	1391.50	1392.50	1393.50	1395.00	1396.00	1398.50	1400.00	1401.50	1403.00	1404.50	1406.00	1407.50	1409.00	1411.00	1412.50	1413.50	1415.50	1417.50	1418.50	1420.00	1422.00	1423.50	1426.00	1427.50	1429.00	1430.50	1432.00	1434.50	1437.00	1438.00	1440.50	1441.50	1443.50	1444.00	1444.50	1446.00	1446.50	1448.00	1449.00	1449.50	1450.50	1452.00	1452.50	1453.00	1454.00	1454.50	1455.00	1455.50	1456.50	1457.00	1458.00	1458.00	1459.50	1461.00	1462.50	1463.00	1463.50	1465.00	1466.50	1468.00	1469.00	1471.50	1473.00	1475.50	1477.50	1479.00	1481.00	1483.00	1485.00	1487.00	1490.00	1491.50	1493.00	1496.00	1498.00	1500.00	1502.00	1504.50	1506.00	1508.50	1511.00	1512.50	1515.00	1516.00	1518.50	1521.00	1523.50	1525.00	1526.50	1528.00	1529.50	1531.00	1532.50	1533.50	1534.50	1536.50	1537.50	1539.00	1539.00	1539.00	1539.00	1540.00	1540.00	1540.00	1540.00	1540.50	1541.00	1541.00	1541.00	1541.00	1541.00	1541.00	1541.00	1541.00	1541.00	1541.00	1542.00	1542.50	1543.00	1543.50	1544.00	1545.50	1546.00	1547.00	1547.50	1548.00	1549.00	1550.50	1551.50	1553.00	1553.00	1554.50	1556.00	1557.00	1557.50	1558.50	1559.00	1560.50	1561.00	1562.00	1562.50	1563.00	1564.00	1564.50	1565.00	1566.00	1566.50	1567.00	1568.00	1568.50	1569.00	1569.00	1570.00	1570.50	1571.00	1571.50	1572.00	1572.00	1573.00	1573.00	1574.00	1574.00	1574.50	1575.00	1576.00	1576.50	1577.50	1578.00	1579.00	1580.00	1580.00	1581.00	1581.50	1583.00	1584.50	1585.50	1587.00	1588.00	1589.50	1591.00	1591.50	1592.50	1593.50	1595.00	1596.50	1598.00	1599.00	1600.50	1601.50	1603.50	1604.50	1605.50	1606.00	1607.50	1608.50	1610.00	1611.50	1612.50	1613.00	1614.00	1615.50	1617.00	1617.50	1618.50	1619.50	1620.50	1621.50	1623.00	1623.00	1624.50	1625.50	1627.50	1628.00	1628.50	1630.00	1631.50	1633.00	1633.00	1634.50	1635.50	1637.00	1638.50	1639.50	1641.00	1642.00	1643.50	1645.00	1646.00	1646.50	1647.50	1649.00	1650.50	1651.00	1652.00	1653.50	1654.50	1656.50	1657.50	1658.00	1659.00	1660.50	1661.50	1663.00	1664.50	1665.50	1667.00	1667.00	1668.00	1669.00
1383.50	1385.00	1385.50	1386.50	1388.00	1389.50	1390.50	1391.50	1392.50	1393.50	1395.00	1396.00	1398.50	1400.00	1401.50	1403.00	1404.50	1406.00	1407.50	1409.00	1411.00	1412.50	1413.50	1415.50	1417.50	1418.50	1420.00	1422.00	1423.50	1426.00	1427.50	1429.00	1430.50	1432.00	1434.50	1437.00	1438.00	1440.50	1441.50	1443.50	1444.00	1444.50	1446.00	1446.50	1448.00	1449.00	1449.50	1450.50	1452.00	1452.50	1453.00	1454.00	1454.50	1455.00	1455.50	1456.50	1457.00	1458.00	1458.00	1459.50	1461.00	1462.50	1463.00	1463.50	1465.00	1466.50	1468.00	1469.00	1471.50	1473.00	1475.50	1477.50	1479.00	1481.00	1483.00	1485.00	1487.00	1490.00	1491.50	1493.00	1496.00	1498.00	1500.00	1502.00	1504.50	1506.00	1508.50	1511.00	1512.50	1515.00	1516.00	1518.50	1521.00	1523.50	1525.00	1526.50	1528.00	1529.50	1531.00	1532.50	1533.50	1534.50	1536.50	1537.50	1539.00	1539.00	1539.00	1539.00	1540.00	1540.00	1540.00	1540.00	1540.50	1541.00	1541.00	1541.00	1541.00	1541.00	1541.00	1541.00	1541.00	1541.00	1541.00	1542.00	1542.50	1543.00	1543.50	1544.00	1545.50	1546.00	1547.00	1547.50	1548.00	1549.00	1550.50	1551.50	1553.00	1553.00	1554.50	1556.00	1557.00	1557.50	1558.50	1559.00	1560.50	1561.00	1562.00	1562.50	1563.00	1564.00	1564.50	1565.00	1566.00	1566.50	1567.00	1568.00	1568.50	1569.00	1569.00	1570.00	1570.50	1571.00	1571.50	1572.00	1572.00	1573.00	1573.00	1574.00	1574.00	1574.50	1575.00	1576.00	1576.50	1577.50	1578.00	1579.00	1580.00	1580.00	1581.00	1581.50	1583.00	1584.50	1585.50	1587.00	1588.00	1589.50	1591.00	1591.50	1592.50	1593.50	1595.00	1596.50	1598.00	1599.00	1600.50	1601.50	1603.50	1604.50	1605.50	1606.00	1607.50	1608.50	1610.00	1611.50	1612.50	1613.00	1614.00	1615.50	1617.00	1617.50	1618.50	1619.50	1620.50	1621.50	1623.00	1623.00	1624.50	1625.50	1627.50	1628.00	1628.50	1630.00	1631.50	1633.00	1633.00	1634.50	1635.50	1637.00	1638.50	1639.50	1641.00	1642.00	1643.50	1645.00	1646.00	1646.50	1647.50	1649.00	1650.50	1651.00	1652.00	1653.50	1654.50	1656.50	1657.50	1658.00	1659.00	1660.50	1661.50	1663.00	1664.50	1665.50	1667.00	1667.00	1668.00	1669.00
1383.50	1385.00	1385.50	1386.50	1388.00	1389.50	1390.50	1391.50	1392.50	1393.50	1395.00	1396.00	1398.50	1400.00	1401.50	1403.00	1404.50	1406.00	1407.50	1409.00	1411.00	1412.50	1413.50	1415.50	1417.50	1418.50	1420.00	1422.00	1423.50	1426.00	1427.50	1429.00	1430.50	1432.00	1434.50	1437.00	1438.00	1440.50	1441.50	1443.50	1444.00	1444.50	1446.00	1446.50	1448.00	1449.00	1449.50	1450.50	1452.00	1452.50	1453.00	1454.00	1454.50	1455.00	1455.50	1456.50	1457.00	1458.00	1458.00	1459.50	1461.00	1462.50	1463.00	1463.50	1465.00	1466.50	1468.00	1469.00	1471.50	1473.00	1475.50	1477.50	1479.00	1481.00	1483.00	1485.00	1487.00	1490.00	1491.50	1493.00	1496.00	1498.00	1500.00	1502.00	1504.50	1506.00	1508.50	1511.00	1512.50	1515.00	1516.00	1518.50	1521.00	1523.50	1525.00	1526.50	1528.00	1529.50	1531.00	1532.50	1533.50	1534.50	1536.50	1537.50	1539.00	1539.00	1539.00	1539.00	1540.00	1540.00	1540.00	1540.00	1540.50	1541.00	1541.00	1541.00	1541.00	1541.00	1541.00	1541.00	1541.00	1541.00	1541.00	1542.00	1542.50	1543.00	1543.50	1544.00	1545.50	1546.00	1547.00	1547.50	1548.00	1549.00	1550.50	1551.50	1553.00	1553.00	1554.50	1556.00	1557.00	1557.50	1558.50	1559.00	1560.50	1561.00	1562.00	1562.50	1563.00	1564.00	1564.50	1565.00	1566.00	1566.50	1567.00	1568.00	1568.50	1569.00	1569.00	1570.00	1570.50	1571.00	1571.50	1572.00	1572.00	1573.00	1573.00	1574.00	1574.00	1574.50	1575.00	1576.00	1576.50	1577.50	1578.00	1579.00	1580.00	1580.00	1581.00	1581.50	1583.00	1584.50	1585.50	1587.00	1588.00	1589.50	1591.00	1591.50	1592.50	1593.50	1595.00	1596.50	1598.00	1599.00	1600.50	1601.50	1603.50	1604.50	1605.50	1606.00	1607.50	1608.50	1610.00	1611.50	1612.50	1613.00	1614.00	1615.50	1617.00	1617.50	1618.50	1619.50	1620.50	1621.50	1623.00	1623.00	1624.50	1625.50	1627.50	1628.00	1628.50	1630.00	1631.50	1633.00	1633.00	1634.50	1635.50	1637.00	1638.50	1639.50	1641.00	1642.00	1643.50	1645.00	1646.00	1646.50	1647.50	1649.00	1650.50	1651.00	1652.00	1653.50	1654.50	1656.50	1657.50	1658.00	1659.00	1660.50	1661.50	1663.00	1664.50	1665.50	1667.00	1667.00	1668.00	1669.00
1383.50	1385.00	1385.50	1386.50	1388.00	1389.50	1390.50	1391.50	1392.50	1393.50	1395.00	1396.00	1398.50	1400.00	1401.50	1403.00	1404.50	1406.00	1407.50	1409.00	1411.00	1412.50	1413.50	1415.50	1417.50	1418.50	1420.00	1422.00	1423.50	1426.00	1427.50	1429.00	1430.50	1432.00	1434.50	1437.00	1438.00	1440.50	1441.50	1443.50	1444.00	1444.50	1446.00	1446.50	1448.00	1449.00	1449.50	1450.50	1452.00	1452.50	1453.00	1454.00	1454.50	1455.00	1455.50	1456.50	1457.00	1458.00	1458.00	1459.50	1461.00	1462.50	1463.00	1463.50	1465.00	1466.50	1468.00	1469.00	1471.50	1473.00	1475.50	1477.50	1479.00	1481.00	1483.00	1485.00	1487.00	1490.00	1491.50	1493.00	1496.00	1498.00	1500.00	1502.00	1504.50	1506.00	1508.50	1511.00	1512.50	1515.00	1516.00	1518.50	1521.00	1523.50	1525.00	1526.50	1528.00	1529.50	1531.00	1532.50	1533.50	1534.50	1536.50	1537.50	1539.00	1539.00	1539.00	1539.00	1540.00	1540.00	1540.00	1540.00	1540.50	1541.00	1541.00	1541.00	1541.00	1541.00	1541.00	1541.00	1541.00	1541.00	1541.00	1542.00	1542.50	1543.00	1543.50	1544.00	1545.50	1546.00	1547.00	1547.50	1548.00	1549.00	1550.50	1551.50	1553.00	1553.00	1554.50	1556.00	1557.00	1557.50	1558.50	1559.00	1560.50	1561.00	1562.00	1562.50	1563.00	1564.00	1564.50	1565.00	1566.00	1566.50	1567.00	1568.00	1568.50	1569.00	1569.00	1570.00	1570.50	1571.00	1571.50	1572.00	1572.00	1573.00	1573.00	1574.00	1574.00	1574.50	1575.00	1576.00	1576.50	1577.50	1578.00	1579.00	1580.00	1580.00	1581.00	1581.50	1583.00	1584.50	1585.50	1587.00	1588.00	1589.50	1591.00	1591.50	1592.50	1593.50	1595.00	1596.50	1598.00	1599.00	1600.50	1601.50	1603.50	1604.50	1605.50	1606.00	1607.50	1608.50	1610.00	1611.50	1612.50	1613.00	1614.00	1615.50	1617.00	1617.50	1618.50	1619.50	1620.50	1621.50	1623.00	1623.00	1624.50	1625.50	1627.50	1628.00	1628.50	1630.00	1631.50	1633.00	1633.00	1634.50	1635.50	1637.00	1638.50	1639.50	1641.00	1642.00	1643.50	1645.00	1646.00	1646.50	1647.50	1649.00	1650.50	1651.00	1652.00	1653.50	1654.50	1656.50	1657.50	1658.00	1659.00	1660.50	1661.50	1663.00	1664.50	1665.50	1667.00	1667.00	1668.00	1669.00
1383.50	1385.00	1385.50	1386.50	1388.00	1389.50	1390.50	1391.50	1392.50	1393.50	1395.00	1396.00	1398.50	1400.00	1401.50	1403.00	1404.50	1406.00	1407.50	1409.00	1411.00	1412.50	1413.50	1415.50	1417.50	1418.50	1420.00	1422.00	1423.50	1426.00	1427.50	1429.00	1430.50	1432.00	1434.50	1437.00	1438.00	1440.50	1441.50	1443.50	1444.00	1444.50	1446.00	1446.50	1448.00	1449.00	1449.50	1450.50	1452.00	1452.50	1453.00	1454.00	1454.50	1455.00	1455.50	1456.50	1457.00	1458.00	1458.00	1459.50	1461.00	1462.50	1463.00	1463.50	1465.00	1466.50	1468.00	1469.00	1471.50	1473.00	1475.50	1477.50	1479.00	1481.00	1483.00	1485.00	1487.00	1490.00	1491.50	1493.00	1496.00	1498.00	1500.00	1502.00	1504.50	1506.00	1508.50	1511.00	1512.50	1515.00	1516.00	1518.50	1521.00	1523.50	1525.00	1526.50	1528.00	1529.50	1531.00	1532.50	1533.50	1534.50	1536.50	1537.50	1539.00	1539.00	1539.00	1539.00	1540.00	1540.00	1540.00	1540.00	1540.50	1541.00	1541.00	1541.00	1541.00	1541.00	1541.00	1541.00	1541.00	1541.00	1541.00	1542.00	1542.50	1543.00	1543.50	1544.00	1545.50	1546.00	1547.00	1547.50	1548.00	1549.00	1550.50	1551.50	1553.00	1553.00	1554.50	1556.00	1557.00	1557.50	1558.50	1559.00	1560.50	1561.00	1562.00	1562.50	1563.00	1564.00	1564.50	1565.00	1566.00	1566.50	1567.00	1568.00	1568.50	1569.00	1569.00	1570.00	1570.50	1571.00	1571.50	1572.00	1572.00	1573.00	1573.00	1574.00	1574.00	1574.50	1575.00	1576.00	1576.50	1577.50	1578.00	1579.00	1580.00	1580.00	1581.00	1581.50	1583.00	1584.50	1585.50	1587.00	1588.00	1589.50	1591.00	1591.50	1592.50	1593.50	1595.00	1596.50	1598.00	1599.00	1600.50	1601.50	1603.50	1604.50	1605.50	1606.00	1607.50	1608.50	1610.00	1611.50	1612.50	1613.00	1614.00	1615.50	1617.00	1617.50	1618.50	1619.50	1620.50	1621.50	1623.00	1623.00	1624.50	1625.50	1627.50	1628.00	1628.50	1630.00	1631.50	1633.00	1633.00	1634.50	1635.50	1637.00	1638.50	1639.50	1641.00	1642.00	1643.50	1645.00	1646.00	1646.50	1647.50	1649.00	1650.50	1651.00	1652.00	1653.50	1654.50	1656.50	1657.50	1658.00	1659.00	1660.50	1661.50	1663.00	1664.50	1665.50	1667.00	1667.00	1668.00	1669.00
1383.50	1385.00	1385.50	1386.50	1388.00	1389.50	1390.50	1391.50	1392.50	1393.50	1395.00	1396.00	1398.50	1400.00	1401.50	1403.00	1404.50	1406.00	1407.50	1409.00	1411.00	1412.50	1413.50	1415.50	1417.50	1418.50	1420.00	1422.00	1423.50	1426.00	1427.50	1429.00	1430.50	1432.00	1434.50	1437.00	1438.00	1440.50	1441.50	1443.50	1444.00	1444.50	1446.00	1446.50	1448.00	1449.00	1449.50	1450.50	1452.00	1452.50	1453.00	1454.00	1454.50	1455.00	1455.50	1456.50	1457.00	1458.00	1458.00	1459.50	1461.00	1462.50	1463.00	1463.50	1465.00	1466.50	1468.00	1469.00	1471.50	1473.00	1475.50	1477.50	1479.00	1481.00	1483.00	1485.00	1487.00	1490.00	1491.50	1493.00	1496.00	1498.00	1500.00	1502.00	1504.50	1506.00	1508.50	1511.00	1512.50	1515.00	1516.00	1518.50	1521.00	1523.50	1525.00	1526.50	1528.00	1529.50	1531.00	1532.50	1533.50	1534.50	1536.50	1537.50	1539.00	1539.00	1539.00	1539.00	1540.00	1540.00	1540.00	1540.00	1540.50	1541.00	1541.00	1541.00	1541.00	1541.00	1541.00	1541.00	1541.00	1541.00	1541.00	1542.00	1542.50	1543.00	1543.50	1544.00	1545.50	1546.00	1547.00	1547.50	1548.00	1549.00	1550.50	1551.50	1553.00	1553.00	1554.50	1556.00	1557.00	1557.50	1558.50	1559.00	1560.50	1561.00	1562.00	1562.50	1563.00	1564.00	1564.50	1565.00	1566.00	1566.50	1567.00	1568.00	1568.50	1569.00	1569.00	1570.00	1570.50	1571.00	1571.50	1572.00	1572.00	1573.00	1573.00	1574.00	1574.00	1574.50	1575.00	1576.00	1576.50	1577.50	1578.00	1579.00	1580.00	1580.00	1581.00	1581.50	1583.00	1584.50	1585.50	1587.00	1588.00	1589.50	1591.00	1591.50	1592.50	1593.50	1595.00	1596.50	1598.00	1599.00	1600.50	1601.50	1603.50	1604.50	1605.50	1606.00	1607.50	1608.50	1610.00	1611.50	1612.50	1613.00	1614.00	1615.50	1617.00	1617.50	1618.50	1619.50	1620.50	1621.50	1623.00	1623.00	1624.50	1625.50	1627.50	1628.00	1628.50	1630.00	1631.50	1633.00	1633.00	1634.50	1635.50	1637.00	1638.50	1639.50	1641.00	1642.00	1643.50	1645.00	1646.00	1646.50	1647.50	1649.00	1650.50	1651.00	1652.00	1653.50	1654.50	1656.50	1657.50	1658.00	1659.00	1660.50	1661.50	1663.00	1664.50	1665.50	1667.00	1667.00	1668.00	1669.00
1385.00	1386.50	1387.00	1388.00	1389.00	1390.50	1391.25	1392.00	1393.50	1394.50	1396.00	1397.00	1399.25	1401.00	1402.50	1403.75	1405.00	1407.00	1408.50	1410.00	1411.50	1413.00	1414.00	1416.00	1418.00	1419.00	1420.50	1422.00	1424.00	1426.00	1427.50	1428.75	1430.25	1432.00	1434.00	1436.50	1437.50	1439.50	1440.50	1442.25	1442.75	1443.50	1445.00	1446.00	1447.50	1448.50	1449.00	1449.75	1451.00	1451.50	1452.25	1453.00	1453.75	1454.25	1454.75	1455.75	1456.25	1457.00	1457.50	1458.50	1460.00	1461.00	1461.50	1462.00	1464.00	1465.50	1467.50	1468.50	1471.00	1472.50	1475.00	1477.00	1478.50	1480.50	1482.50	1484.75	1487.00	1489.75	1491.25	1493.00	1495.50	1498.00	1500.00	1502.00	1504.50	1506.00	1508.50	1511.00	1512.75	1515.00	1516.50	1518.75	1521.00	1523.25	1524.75	1526.00	1527.50	1529.50	1531.00	1532.75	1534.00	1534.75	1536.50	1537.25	1538.50	1538.50	1538.75	1539.00	1540.00	1540.00	1540.00	1540.00	1540.50	1541.00	1541.00	1541.00	1541.00	1541.00	1541.00	1541.00	1541.50	1541.50	1542.00	1543.00	1543.75	1544.25	1544.75	1545.50	1546.50	1547.00	1548.00	1549.00	1549.75	1550.75	1552.00	1553.00	1554.50	1555.00	1556.25	1557.50	1558.75	1559.50	1560.50	1561.00	1562.50	1563.50	1564.00	1565.00	1565.50	1566.50	1567.00	1567.75	1568.50	1569.25	1569.75	1570.50	1571.25	1571.75	1572.00	1573.00	1573.25	1574.00	1574.50	1575.00	1575.00	1576.00	1576.25	1577.00	1577.50	1578.00	1579.00	1579.75	1580.25	1581.00	1581.50	1582.75	1583.50	1584.00	1585.25	1586.00	1587.25	1588.50	1589.50	1591.00	1591.50	1593.00	1594.50	1595.50	1596.50	1597.50	1599.00	1600.50	1602.00	1603.00	1604.00	1605.00	1607.00	1608.00	1608.75	1609.50	1611.00	1612.00	1613.50	1614.75	1615.50	1616.50	1617.50	1618.50	1620.00	1620.50	1621.50	1622.50	1623.50	1624.50	1625.50	1626.00	1627.50	1628.25	1630.00	1630.75	1631.50	1633.00	1634.00	1635.50	1636.00	1637.50	1638.50	1639.75	1641.00	1642.00	1643.50	1644.50	1645.75	1647.00	1648.25	1649.00	1649.75	1651.00	1652.50	1653.00	1654.00	1655.50	1656.50	1658.00	1659.00	1659.75	1661.00	1662.00	1663.00	1664.50	1665.75	1666.50	1668.00	1668.00	1669.00	1670.00
1386.50	1388.00	1388.50	1389.50	1390.00	1391.50	1392.00	1392.50	1394.50	1395.50	1397.00	1398.00	1400.00	1402.00	1403.50	1404.50	1405.50	1408.00	1409.50	1411.00	1412.00	1413.50	1414.50	1416.50	1418.50	1419.50	1421.00	1422.00	1424.50	1426.00	1427.50	1428.50	1430.00	1432.00	1433.50	1436.00	1437.00	1438.50	1439.50	1441.00	1441.50	1442.50	1444.00	1445.50	1447.00	1448.00	1448.50	1449.00	1450.00	1450.50	1451.50	1452.00	1453.00	1453.50	1454.00	1455.00	1455.50	1456.00	1457.00	1457.50	1459.00	1459.50	1460.00	1460.50	1463.00	1464.50	1467.00	1468.00	1470.50	1472.00	1474.50	1476.50	1478.00	1480.00	1482.00	1484.50	1487.00	1489.50	1491.00	1493.00	1495.00	1498.00	1500.00	1502.00	1504.50	1506.00	1508.50	1511.00	1513.00	1515.00	1517.00	1519.00	1521.00	1523.00	1524.50	1525.50	1527.00	1529.50	1531.00	1533.00	1534.50	1535.00	1536.50	1537.00	1538.00	1538.00	1538.50	1539.00	1540.00	1540.00	1540.00	1540.00	1540.50	1541.00	1541.00	1541.00	1541.00	1541.00	1541.00	1541.00	1542.00	1542.00	1543.00	1544.00	1545.00	1545.50	1546.00	1547.00	1547.50	1548.00	1549.00	1550.50	1551.50	1552.50	1553.50	1554.50	1556.00	1557.00	1558.00	1559.00	1560.50	1561.50	1562.50	1563.00	1564.50	1566.00	1566.00	1567.50	1568.00	1569.00	1569.50	1570.50	1571.00	1572.00	1572.50	1573.00	1574.00	1574.50	1575.00	1576.00	1576.00	1577.00	1577.50	1578.00	1578.00	1579.00	1579.50	1580.00	1581.00	1581.50	1583.00	1583.50	1584.00	1584.50	1585.00	1586.50	1587.00	1588.00	1589.50	1590.50	1591.50	1592.50	1593.50	1595.00	1595.00	1596.50	1598.00	1599.50	1600.50	1601.50	1603.00	1604.50	1606.00	1607.00	1607.50	1608.50	1610.50	1611.50	1612.00	1613.00	1614.50	1615.50	1617.00	1618.00	1618.50	1620.00	1621.00	1621.50	1623.00	1623.50	1624.50	1625.50	1626.50	1627.50	1628.00	1629.00	1630.50	1631.00	1632.50	1633.50	1634.50	1636.00	1636.50	1638.00	1639.00	1640.50	1641.50	1642.50	1643.50	1644.50	1646.00	1647.00	1648.00	1649.00	1650.50	1651.50	1652.00	1653.00	1654.50	1655.00	1656.00	1657.50	1658.50	1659.50	1660.50	1661.50	1663.00	1663.50	1664.50	1666.00	1667.00	1667.50	1669.00	1669.00	1670.00	1671.00
1386.50	1388.00	1388.50	1389.50	1390.00	1391.50	1392.00	1392.50	1394.50	1395.50	1397.00	1398.00	1400.00	1402.00	1403.50	1404.50	1405.50	1408.00	1409.50	1411.00	1412.00	1413.50	1414.50	1416.50	1418.50	1419.50	1421.00	1422.00	1424.50	1426.00	1427.50	1428.50	1430.00	1432.00	1433.50	1436.00	1437.00	1438.50	1439.50	1441.00	1441.50	1442.50	1444.00	1445.50	1447.00	1448.00	1448.50	1449.00	1450.00	1450.50	1451.50	1452.00	1453.00	1453.50	1454.00	1455.00	1455.50	1456.00	1457.00	1457.50	1459.00	1459.50	1460.00	1460.50	1463.00	1464.50	1467.00	1468.00	1470.50	1472.00	1474.50	1476.50	1478.00	1480.00	1482.00	1484.50	1487.00	1489.50	1491.00	1493.00	1495.00	1498.00	1500.00	1502.00	1504.50	1506.00	1508.50	1511.00	1513.00	1515.00	1517.00	1519.00	1521.00	1523.00	1524.50	1525.50	1527.00	1529.50	1531.00	1533.00	1534.50	1535.00	1536.50	1537.00	1538.00	1538.00	1538.50	1539.00	1540.00	1540.00	1540.00	1540.00	1540.50	1541.00	1541.00	1541.00	1541.00	1541.00	1541.00	1541.00	1542.00	1542.00	1543.00	1544.00	1545.00	1545.50	1546.00	1547.00	1547.50	1548.00	1549.00	1550.50	1551.50	1552.50	1553.50	1554.50	1556.00	1557.00	1558.00	1559.00	1560.50	1561.50	1562.50	1563.00	1564.50	1566.00	1566.00	1567.50	1568.00	1569.00	1569.50	1570.50	1571.00	1572.00	1572.50	1573.00	1574.00	1574.50	1575.00	1576.00	1576.00	1577.00	1577.50	1578.00	1578.00	1579.00	1579.50	1580.00	1581.00	1581.50	1583.00	1583.50	1584.00	1584.50	1585.00	1586.50	1587.00	1588.00	1589.50	1590.50	1591.50	1592.50	1593.50	1595.00	1595.00	1596.50	1598.00	1599.50	1600.50	1601.50	1603.00	1604.50	1606.00	1607.00	1607.50	1608.50	1610.50	1611.50	1612.00	1613.00	1614.50	1615.50	1617.00	1618.00	1618.50	1620.00	1621.00	1621.50	1623.00	1623.50	1624.50	1625.50	1626.50	1627.50	1628.00	1629.00	1630.50	1631.00	1632.50	1633.50	1634.50	1636.00	1636.50	1638.00	1639.00	1640.50	1641.50	1642.50	1643.50	1644.50	1646.00	1647.00	1648.00	1649.00	1650.50	1651.50	1652.00	1653.00	1654.50	1655.00	1656.00	1657.50	1658.50	1659.50	1660.50	1661.50	1663.00	1663.50	1664.50	1666.00	1667.00	1667.50	1669.00	1669.00	1670.00	1671.00
1386.50	1388.00	1388.50	1389.50	1390.00	1391.50	1392.00	1392.50	1394.50	1395.50	1397.00	1398.00	1400.00	1402.00	1403.50	1404.50	1405.50	1408.00	1409.50	1411.00	1412.00	1413.50	1414.50	1416.50	1418.50	1419.50	1421.00	1422.00	1424.50	1426.00	1427.50	1428.50	1430.00	1432.00	1433.50	1436.00	1437.00	1438.50	1439.50	1441.00	1441.50	1442.50	1444.00	1445.50	1447.00	1448.00	1448.50	1449.00	1450.00	1450.50	1451.50	1452.00	1453.00	1453.50	1454.00	1455.00	1455.50	1456.00	1457.00	1457.50	1459.00	1459.50	1460.00	1460.50	1463.00	1464.50	1467.00	1468.00	1470.50	1472.00	1474.50	1476.50	1478.00	1480.00	1482.00	1484.50	1487.00	1489.50	1491.00	1493.00	1495.00	1498.00	1500.00	1502.00	1504.50	1506.00	1508.50	1511.00	1513.00	1515.00	1517.00	1519.00	1521.00	1523.00	1524.50	1525.50	1527.00	1529.50	1531.00	1533.00	1534.50	1535.00	1536.50	1537.00	1538.00	1538.00	1538.50	1539.00	1540.00	1540.00	1540.00	1540.00	1540.50	1541.00	1541.00	1541.00	1541.00	1541.00	1541.00	1541.00	1542.00	1542.00	1543.00	1544.00	1545.00	1545.50	1546.00	1547.00	1547.50	1548.00	1549.00	1550.50	1551.50	1552.50	1553.50	1554.50	1556.00	1557.00	1558.00	1559.00	1560.50	1561.50	1562.50	1563.00	1564.50	1566.00	1566.00	1567.50	1568.00	1569.00	1569.50	1570.50	1571.00	1572.00	1572.50	1573.00	1574.00	1574.50	1575.00	1576.00	1576.00	1577.00	1577.50	1578.00	1578.00	1579.00	1579.50	1580.00	1581.00	1581.50	1583.00	1583.50	1584.00	1584.50	1585.00	1586.50	1587.00	1588.00	1589.50	1590.50	1591.50	1592.50	1593.50	1595.00	1595.00	1596.50	1598.00	1599.50	1600.50	1601.50	1603.00	1604.50	1606.00	1607.00	1607.50	1608.50	1610.50	1611.50	1612.00	1613.00	1614.50	1615.50	1617.00	1618.00	1618.50	1620.00	1621.00	1621.50	1623.00	1623.50	1624.50	1625.50	1626.50	1627.50	1628.00	1629.00	1630.50	1631.00	1632.50	1633.50	1634.50	1636.00	1636.50	1638.00	1639.00	1640.50	1641.50	1642.50	1643.50	1644.50	1646.00	1647.00	1648.00	1649.00	1650.50	1651.50	1652.00	1653.00	1654.50	1655.00	1656.00	1657.50	1658.50	1659.50	1660.50	1661.50	1663.00	1663.50	1664.50	1666.00	1667.00	1667.50	1669.00	1669.00	1670.00	1671.00
1386.50	1388.00	1388.50	1389.50	1390.00	1391.50	1392.00	1392.50	1394.50	1395.50	1397.00	1398.00	1400.00	1402.00	1403.50	1404.50	1405.50	1408.00	1409.50	1411.00	1412.00	1413.50	1414.50	1416.50	1418.50	1419.50	1421.00	1422.00	1424.50	1426.00	1427.50	1428.50	1430.00	1432.00	1433.50	1436.00	1437.00	1438.50	1439.50	1441.00	1441.50	1442.50	1444.00	1445.50	1447.00	1448.00	1448.50	1449.00	1450.00	1450.50	1451.50	1452.00	1453.00	1453.50	1454.00	1455.00	1455.50	1456.00	1457.00	1457.50	1459.00	1459.50	1460.00	1460.50	1463.00	1464.50	1467.00	1468.00	1470.50	1472.00	1474.50	1476.50	1478.00	1480.00	1482.00	1484.50	1487.00	1489.50	1491.00	1493.00	1495.00	1498.00	1500.00	1502.00	1504.50	1506.00	1508.50	1511.00	1513.00	1515.00	1517.00	1519.00	1521.00	1523.00	1524.50	1525.50	1527.00	1529.50	1531.00	1533.00	1534.50	1535.00	1536.50	1537.00	1538.00	1538.00	1538.50	1539.00	1540.00	1540.00	1540.00	1540.00	1540.50	1541.00	1541.00	1541.00	1541.00	1541.00	1541.00	1541.00	1542.00	1542.00	1543.00	1544.00	1545.00	1545.50	1546.00	1547.00	1547.50	1548.00	1549.00	1550.50	1551.50	1552.50	1553.50	1554.50	1556.00	1557.00	1558.00	1559.00	1560.50	1561.50	1562.50	1563.00	1564.50	1566.00	1566.00	1567.50	1568.00	1569.00	1569.50	1570.50	1571.00	1572.00	1572.50	1573.00	1574.00	1574.50	1575.00	1576.00	1576.00	1577.00	1577.50	1578.00	1578.00	1579.00	1579.50	1580.00	1581.00	1581.50	1583.00	1583.50	1584.00	1584.50	1585.00	1586.50	1587.00	1588.00	1589.50	1590.50	1591.50	1592.50	1593.50	1595.00	1595.00	1596.50	1598.00	1599.50	1600.50	1601.50	1603.00	1604.50	1606.00	1607.00	1607.50	1608.50	1610.50	1611.50	1612.00	1613.00	1614.50	1615.50	1617.00	1618.00	1618.50	1620.00	1621.00	1621.50	1623.00	1623.50	1624.50	1625.50	1626.50	1627.50	1628.00	1629.00	1630.50	1631.00	1632.50	1633.50	1634.50	1636.00	1636.50	1638.00	1639.00	1640.50	1641.50	1642.50	1643.50	1644.50	1646.00	1647.00	1648.00	1649.00	1650.50	1651.50	1652.00	1653.00	1654.50	1655.00	1656.00	1657.50	1658.50	1659.50	1660.50	1661.50	1663.00	1663.50	1664.50	1666.00	1667.00	1667.50	1669.00	1669.00	1670.00	1671.00
1386.50	1388.00	1388.50	1389.50	1390.00	1391.50	1392.00	1392.50	1394.50	1395.50	1397.00	1398.00	1400.00	1402.00	1403.50	1404.50	1405.50	1408.00	1409.50	1411.00	1412.00	1413.50	1414.50	1416.50	1418.50	1419.50	1421.00	1422.00	1424.50	1426.00	1427.50	1428.50	1430.00	1432.00	1433.50	1436.00	1437.00	1438.50	1439.50	1441.00	1441.50	1442.50	1444.00	1445.50	1447.00	1448.00	1448.50	1449.00	1450.00	1450.50	1451.50	1452.00	1453.00	1453.50	1454.00	1455.00	1455.50	1456.00	1457.00	1457.50	1459.00	1459.50	1460.00	1460.50	1463.00	1464.50	1467.00	1468.00	1470.50	1472.00	1474.50	1476.50	1478.00	1480.00	1482.00	1484.50	1487.00	1489.50	1491.00	1493.00	1495.00	1498.00	1500.00	1502.00	1504.50	1506.00	1508.50	1511.00	1513.00	1515.00	1517.00	1519.00	1521.00	1523.00	1524.50	1525.50	1527.00	1529.50	1531.00	1533.00	1534.50	1535.00	1536.50	1537.00	1538.00	1538.00	1538.50	1539.00	1540.00	1540.00	1540.00	1540.00	1540.50	1541.00	1541.00	1541.00	1541.00	1541.00	1541.00	1541.00	1542.00	1542.00	1543.00	1544.00	1545.00	1545.50	1546.00	1547.00	1547.50	1548.00	1549.00	1550.50	1551.50	1552.50	1553.50	1554.50	1556.00	1557.00	1558.00	1559.00	1560.50	1561.50	1562.50	1563.00	1564.50	1566.00	1566.00	1567.50	1568.00	1569.00	1569.50	1570.50	1571.00	1572.00	1572.50	1573.00	1574.00	1574.50	1575.00	1576.00	1576.00	1577.00	1577.50	1578.00	1578.00	1579.00	1579.50	1580.00	1581.00	1581.50	1583.00	1583.50	1584.00	1584.50	1585.00	1586.50	1587.00	1588.00	1589.50	1590.50	1591.50	1592.50	1593.50	1595.00	1595.00	1596.50	1598.00	1599.50	1600.50	1601.50	1603.00	1604.50	1606.00	1607.00	1607.50	1608.50	1610.50	1611.50	1612.00	1613.00	1614.50	1615.50	1617.00	1618.00	1618.50	1620.00	1621.00	1621.50	1623.00	1623.50	1624.50	1625.50	1626.50	1627.50	1628.00	1629.00	1630.50	1631.00	1632.50	1633.50	1634.50	1636.00	1636.50	1638.00	1639.00	1640.50	1641.50	1642.50	1643.50	1644.50	1646.00	1647.00	1648.00	1649.00	1650.50	1651.50	1652.00	1653.00	1654.50	1655.00	1656.00	1657.50	1658.50	1659.50	1660.50	1661.50	1663.00	1663.50	1664.50	1666.00	1667.00	1667.50	1669.00	1669.00	1670.00	1671.00
1386.50	1388.00	1388.50	1389.50	1390.00	1391.50	1392.00	1392.50	1394.50	1395.50	1397.00	1398.00	1400.00	1402.00	1403.50	1404.50	1405.50	1408.00	1409.50	1411.00	1412.00	1413.50	1414.50	1416.50	1418.50	1419.50	1421.00	1422.00	1424.50	1426.00	1427.50	1428.50	1430.00	1432.00	1433.50	1436.00	1437.00	1438.50	1439.50	1441.00	1441.50	1442.50	1444.00	1445.50	1447.00	1448.00	1448.50	1449.00	1450.00	1450.50	1451.50	1452.00	1453.00	1453.50	1454.00	1455.00	1455.50	1456.00	1457.00	1457.50	1459.00	1459.50	1460.00	1460.50	1463.00	1464.50	1467.00	1468.00	1470.50	1472.00	1474.50	1476.50	1478.00	1480.00	1482.00	1484.50	1487.00	1489.50	1491.00	1493.00	1495.00	1498.00	1500.00	1502.00	1504.50	1506.00	1508.50	1511.00	1513.00	1515.00	1517.00	1519.00	1521.00	1523.00	1524.50	1525.50	1527.00	1529.50	1531.00	1533.00	1534.50	1535.00	1536.50	1537.00	1538.00	1538.00	1538.50	1539.00	1540.00	1540.00	1540.00	1540.00	1540.50	1541.00	1541.00	1541.00	1541.00	1541.00	1541.00	1541.00	1542.00	1542.00	1543.00	1544.00	1545.00	1545.50	1546.00	1547.00	1547.50	1548.00	1549.00	1550.50	1551.50	1552.50	1553.50	1554.50	1556.00	1557.00	1558.00	1559.00	1560.50	1561.50	1562.50	1563.00	1564.50	1566.00	1566.00	1567.50	1568.00	1569.00	1569.50	1570.50	1571.00	1572.00	1572.50	1573.00	1574.00	1574.50	1575.00	1576.00	1576.00	1577.00	1577.50	1578.00	1578.00	1579.00	1579.50	1580.00	1581.00	1581.50	1583.00	1583.50	1584.00	1584.50	1585.00	1586.50	1587.00	1588.00	1589.50	1590.50	1591.50	1592.50	1593.50	1595.00	1595.00	1596.50	1598.00	1599.50	1600.50	1601.50	1603.00	1604.50	1606.00	1607.00	1607.50	1608.50	1610.50	1611.50	1612.00	1613.00	1614.50	1615.50	1617.00	1618.00	1618.50	1620.00	1621.00	1621.50	1623.00	1623.50	1624.50	1625.50	1626.50	1627.50	1628.00	1629.00	1630.50	1631.00	1632.50	1633.50	1634.50	1636.00	1636.50	1638.00	1639.00	1640.50	1641.50	1642.50	1643.50	1644.50	1646.00	1647.00	1648.00	1649.00	1650.50	1651.50	1652.00	1653.00	1654.50	1655.00	1656.00	1657.50	1658.50	1659.50	1660.50	1661.50	1663.00	1663.50	1664.50	1666.00	1667.00	1667.50	1669.00	1669.00	1670.00	1671.00
1386.50	1388.00	1388.50	1389.50	1390.00	1391.50	1392.00	1392.50	1394.50	1395.50	1397.00	1398.00	1400.00	1402.00	1403.50	1404.50	1405.50	1408.00	1409.50	1411.00	1412.00	1413.50	1414.50	1416.50	1418.50	1419.50	1421.00	1422.00	1424.50	1426.00	1427.50	1428.50	1430.00	1432.00	1433.50	1436.00	1437.00	1438.50	1439.50	1441.00	1441.50	1442.50	1444.00	1445.50	1447.00	1448.00	1448.50	1449.00	1450.00	1450.50	1451.50	1452.00	1453.00	1453.50	1454.00	1455.00	1455.50	1456.00	1457.00	1457.50	1459.00	1459.50	1460.00	1460.50	1463.00	1464.50	1467.00	1468.00	1470.50	1472.00	1474.50	1476.50	1478.00	1480.00	1482.00	1484.50	1487.00	1489.50	1491.00	1493.00	1495.00	1498.00	1500.00	1502.00	1504.50	1506.00	1508.50	1511.00	1513.00	1515.00	1517.00	1519.00	1521.00	1523.00	1524.50	1525.50	1527.00	1529.50	1531.00	1533.00	1534.50	1535.00	1536.50	1537.00	1538.00	1538.00	1538.50	1539.00	1540.00	1540.00	1540.00	1540.00	1540.50	1541.00	1541.00	1541.00	1541.00	1541.00	1541.00	1541.00	1542.00	1542.00	1543.00	1544.00	1545.00	1545.50	1546.00	1547.00	1547.50	1548.00	1549.00	1550.50	1551.50	1552.50	1553.50	1554.50	1556.00	1557.00	1558.00	1559.00	1560.50	1561.50	1562.50	1563.00	1564.50	1566.00	1566.00	1567.50	1568.00	1569.00	1569.50	1570.50	1571.00	1572.00	1572.50	1573.00	1574.00	1574.50	1575.00	1576.00	1576.00	1577.00	1577.50	1578.00	1578.00	1579.00	1579.50	1580.00	1581.00	1581.50	1583.00	1583.50	1584.00	1584.50	1585.00	1586.50	1587.00	1588.00	1589.50	1590.50	1591.50	1592.50	1593.50	1595.00	1595.00	1596.50	1598.00	1599.50	1600.50	1601.50	1603.00	1604.50	1606.00	1607.00	1607.50	1608.50	1610.50	1611.50	1612.00	1613.00	1614.50	1615.50	1617.00	1618.00	1618.50	1620.00	1621.00	1621.50	1623.00	1623.50	1624.50	1625.50	1626.50	1627.50	1628.00	1629.00	1630.50	1631.00	1632.50	1633.50	1634.50	1636.00	1636.50	1638.00	1639.00	1640.50	1641.50	1642.50	1643.50	1644.50	1646.00	1647.00	1648.00	1649.00	1650.50	1651.50	1652.00	1653.00	1654.50	1655.00	1656.00	1657.50	1658.50	1659.50	1660.50	1661.50	1663.00	1663.50	1664.50	1666.00	1667.00	1667.50	1669.00	1669.00	1670.00	1671.00
1388.75	1390.00	1390.50	1391.25	1392.00	1393.25	1393.75	1394.50	1396.50	1397.25	1398.50	1399.50	1401.25	1403.00	1404.50	1405.50	1406.50	1408.50	1410.00	1411.50	1412.50	1414.00	1415.00	1416.75	1418.50	1419.50	1421.00	1422.00	1424.00	1425.50	1427.00	1428.00	1429.25	1431.00	1432.50	1434.50	1435.50	1437.00	1438.00	1439.75	1440.50	1441.50	1443.00	1444.00	1445.50	1446.00	1447.00	1447.50	1448.50	1449.25	1450.00	1450.50	1451.50	1451.75	1452.00	1453.00	1453.50	1454.00	1454.50	1455.25	1456.50	1458.00	1458.75	1459.75	1462.00	1463.75	1466.00	1467.00	1469.50	1471.00	1473.50	1475.75	1477.50	1480.00	1481.50	1484.25	1487.00	1489.25	1491.00	1493.00	1495.00	1498.00	1500.50	1502.50	1504.75	1506.50	1509.00	1511.50	1513.50	1515.50	1517.50	1519.50	1521.50	1523.50	1525.00	1526.00	1528.00	1530.00	1531.50	1533.25	1534.50	1535.25	1536.50	1537.25	1538.50	1538.50	1539.50	1540.00	1540.75	1541.00	1541.00	1541.00	1541.75	1542.00	1542.00	1542.00	1542.25	1542.75	1543.00	1543.25	1544.00	1544.50	1545.25	1546.00	1547.00	1547.50	1548.25	1549.50	1550.25	1551.00	1552.00	1553.50	1554.25	1555.25	1556.50	1557.50	1559.00	1560.00	1560.75	1562.00	1563.50	1564.50	1565.50	1566.00	1567.50	1569.00	1569.00	1570.50	1571.00	1572.25	1572.75	1573.50	1574.00	1575.25	1575.75	1576.50	1577.50	1578.00	1578.50	1579.50	1580.00	1581.00	1581.50	1582.00	1582.25	1583.25	1583.75	1584.50	1585.50	1586.00	1587.00	1587.75	1588.25	1589.00	1589.50	1591.00	1592.00	1593.00	1594.00	1595.00	1596.00	1597.00	1598.00	1599.50	1600.00	1601.00	1602.50	1604.00	1604.75	1605.50	1607.00	1608.50	1609.50	1610.50	1611.25	1612.00	1614.00	1614.75	1615.25	1616.50	1617.75	1618.50	1620.00	1620.75	1621.25	1622.50	1623.50	1624.00	1625.50	1626.00	1627.00	1627.75	1629.00	1629.75	1630.50	1631.50	1632.50	1633.25	1635.00	1635.75	1636.50	1638.00	1639.00	1640.00	1641.00	1642.50	1643.50	1644.50	1645.50	1646.50	1648.00	1649.00	1650.00	1651.00	1652.50	1653.50	1654.00	1655.00	1656.50	1657.00	1658.00	1659.00	1660.00	1661.00	1662.00	1663.00	1664.00	1664.75	1665.50	1667.00	1667.75	1668.50	1669.50	1670.00	1670.75	1672.00
1391.00	1392.00	1392.50	1393.00	1394.00	1395.00	1395.50	1396.50	1398.50	1399.00	1400.00	1401.00	1402.50	1404.00	1405.50	1406.50	1407.50	1409.00	1410.50	1412.00	1413.00	1414.50	1415.50	1417.00	1418.50	1419.50	1421.00	1422.00	1423.50	1425.00	1426.50	1427.50	1428.50	1430.00	1431.50	1433.00	1434.00	1435.50	1436.50	1438.50	1439.50	1440.50	1442.00	1442.50	1444.00	1444.00	1445.50	1446.00	1447.00	1448.00	1448.50	1449.00	1450.00	1450.00	1450.00	1451.00	1451.50	1452.00	1452.00	1453.00	1454.00	1456.50	1457.50	1459.00	1461.00	1463.00	1465.00	1466.00	1468.50	1470.00	1472.50	1475.00	1477.00	1480.00	1481.00	1484.00	1487.00	1489.00	1491.00	1493.00	1495.00	1498.00	1501.00	1503.00	1505.00	1507.00	1509.50	1512.00	1514.00	1516.00	1518.00	1520.00	1522.00	1524.00	1525.50	1526.50	1529.00	1530.50	1532.00	1533.50	1534.50	1535.50	1536.50	1537.50	1539.00	1539.00	1540.50	1541.00	1541.50	1542.00	1542.00	1542.00	1543.00	1543.00	1543.00	1543.00	1543.50	1544.50	1545.00	1545.50	1546.00	1547.00	1547.50	1548.00	1549.00	1549.50	1550.50	1552.00	1553.00	1554.00	1555.00	1556.50	1557.00	1558.00	1559.50	1560.50	1562.00	1563.00	1563.50	1565.00	1566.50	1567.50	1568.50	1569.00	1570.50	1572.00	1572.00	1573.50	1574.00	1575.50	1576.00	1576.50	1577.00	1578.50	1579.00	1580.00	1581.00	1581.50	1582.00	1583.00	1584.00	1585.00	1585.50	1586.00	1586.50	1587.50	1588.00	1589.00	1590.00	1590.50	1591.00	1592.00	1592.50	1593.50	1594.00	1595.50	1597.00	1598.00	1598.50	1599.50	1600.50	1601.50	1602.50	1604.00	1605.00	1605.50	1607.00	1608.50	1609.00	1609.50	1611.00	1612.50	1613.00	1614.00	1615.00	1615.50	1617.50	1618.00	1618.50	1620.00	1621.00	1621.50	1623.00	1623.50	1624.00	1625.00	1626.00	1626.50	1628.00	1628.50	1629.50	1630.00	1631.50	1632.00	1633.00	1634.00	1634.50	1635.50	1637.50	1638.00	1638.50	1640.00	1641.50	1642.00	1643.00	1644.50	1645.50	1646.50	1647.50	1648.50	1650.00	1651.00	1652.00	1653.00	1654.50	1655.50	1656.00	1657.00	1658.50	1659.00	1660.00	1660.50	1661.50	1662.50	1663.50	1664.50	1665.00	1666.00	1666.50	1668.00	1668.50	1669.50	1670.00	1671.00	1671.50	1673.00
1391.00	1392.00	1392.50	1393.00	1394.00	1395.00	1395.50	1396.50	1398.50	1399.00	1400.00	1401.00	1402.50	1404.00	1405.50	1406.50	1407.50	1409.00	1410.50	1412.00	1413.00	1414.50	1415.50	1417.00	1418.50	1419.50	1421.00	1422.00	1423.50	1425.00	1426.50	1427.50	1428.50	1430.00	1431.50	1433.00	1434.00	1435.50	1436.50	1438.50	1439.50	1440.50	1442.00	1442.50	1444.00	1444.00	1445.50	1446.00	1447.00	1448.00	1448.50	1449.00	1450.00	1450.00	1450.00	1451.00	1451.50	1452.00	1452.00	1453.00	1454.00	1456.50	1457.50	1459.00	1461.00	1463.00	1465.00	1466.00	1468.50	1470.00	1472.50	1475.00	1477.00	1480.00	1481.00	1484.00	1487.00	1489.00	1491.00	1493.00	1495.00	1498.00	1501.00	1503.00	1505.00	1507.00	1509.50	1512.00	1514.00	1516.00	1518.00	1520.00	1522.00	1524.00	1525.50	1526.50	1529.00	1530.50	1532.00	1533.50	1534.50	1535.50	1536.50	1537.50	1539.00	1539.00	1540.50	1541.00	1541.50	1542.00	1542.00	1542.00	1543.00	1543.00	1543.00	1543.00	1543.50	1544.50	1545.00	1545.50	1546.00	1547.00	1547.50	1548.00	1549.00	1549.50	1550.50	1552.00	1553.00	1554.00	1555.00	1556.50	1557.00	1558.00	1559.50	1560.50	1562.00	1563.00	1563.50	1565.00	1566.50	1567.50	1568.50	1569.00	1570.50	1572.00	1572.00	1573.50	1574.00	1575.50	1576.00	1576.50	1577.00	1578.50	1579.00	1580.00	1581.00	1581.50	1582.00	1583.00	1584.00	1585.00	1585.50	1586.00	1586.50	1587.50	1588.00	1589.00	1590.00	1590.50	1591.00	1592.00	1592.50	1593.50	1594.00	1595.50	1597.00	1598.00	1598.50	1599.50	1600.50	1601.50	1602.50	1604.00	1605.00	1605.50	1607.00	1608.50	1609.00	1609.50	1611.00	1612.50	1613.00	1614.00	1615.00	1615.50	1617.50	1618.00	1618.50	1620.00	1621.00	1621.50	1623.00	1623.50	1624.00	1625.00	1626.00	1626.50	1628.00	1628.50	1629.50	1630.00	1631.50	1632.00	1633.00	1634.00	1634.50	1635.50	1637.50	1638.00	1638.50	1640.00	1641.50	1642.00	1643.00	1644.50	1645.50	1646.50	1647.50	1648.50	1650.00	1651.00	1652.00	1653.00	1654.50	1655.50	1656.00	1657.00	1658.50	1659.00	1660.00	1660.50	1661.50	1662.50	1663.50	1664.50	1665.00	1666.00	1666.50	1668.00	1668.50	1669.50	1670.00	1671.00	1671.50	1673.00
1391.00	1392.00	1392.50	1393.00	1394.00	1395.00	1395.50	1396.50	1398.50	1399.00	1400.00	1401.00	1402.50	1404.00	1405.50	1406.50	1407.50	1409.00	1410.50	1412.00	1413.00	1414.50	1415.50	1417.00	1418.50	1419.50	1421.00	1422.00	1423.50	1425.00	1426.50	1427.50	1428.50	1430.00	1431.50	1433.00	1434.00	1435.50	1436.50	1438.50	1439.50	1440.50	1442.00	1442.50	1444.00	1444.00	1445.50	1446.00	1447.00	1448.00	1448.50	1449.00	1450.00	1450.00	1450.00	1451.00	1451.50	1452.00	1452.00	1453.00	1454.00	1456.50	1457.50	1459.00	1461.00	1463.00	1465.00	1466.00	1468.50	1470.00	1472.50	1475.00	1477.00	1480.00	1481.00	1484.00	1487.00	1489.00	1491.00	1493.00	1495.00	1498.00	1501.00	1503.00	1505.00	1507.00	1509.50	1512.00	1514.00	1516.00	1518.00	1520.00	1522.00	1524.00	1525.50	1526.50	1529.00	1530.50	1532.00	1533.50	1534.50	1535.50	1536.50	1537.50	1539.00	1539.00	1540.50	1541.00	1541.50	1542.00	1542.00	1542.00	1543.00	1543.00	1543.00	1543.00	1543.50	1544.50	1545.00	1545.50	1546.00	1547.00	1547.50	1548.00	1549.00	1549.50	1550.50	1552.00	1553.00	1554.00	1555.00	1556.50	1557.00	1558.00	1559.50	1560.50	1562.00	1563.00	1563.50	1565.00	1566.50	1567.50	1568.50	1569.00	1570.50	1572.00	1572.00	1573.50	1574.00	1575.50	1576.00	1576.50	1577.00	1578.50	1579.00	1580.00	1581.00	1581.50	1582.00	1583.00	1584.00	1585.00	1585.50	1586.00	1586.50	1587.50	1588.00	1589.00	1590.00	1590.50	1591.00	1592.00	1592.50	1593.50	1594.00	1595.50	1597.00	1598.00	1598.50	1599.50	1600.50	1601.50	1602.50	1604.00	1605.00	1605.50	1607.00	1608.50	1609.00	1609.50	1611.00	1612.50	1613.00	1614.00	1615.00	1615.50	1617.50	1618.00	1618.50	1620.00	1621.00	1621.50	1623.00	1623.50	1624.00	1625.00	1626.00	1626.50	1628.00	1628.50	1629.50	1630.00	1631.50	1632.00	1633.00	1634.00	1634.50	1635.50	1637.50	1638.00	1638.50	1640.00	1641.50	1642.00	1643.00	1644.50	1645.50	1646.50	1647.50	1648.50	1650.00	1651.00	1652.00	1653.00	1654.50	1655.50	1656.00	1657.00	1658.50	1659.00	1660.00	1660.50	1661.50	1662.50	1663.50	1664.50	1665.00	1666.00	1666.50	1668.00	1668.50	1669.50	1670.00	1671.00	1671.50	1673.00
1391.00	1392.00	1392.50	1393.00	1394.00	1395.00	1395.50	1396.50	1398.50	1399.00	1400.00	1401.00	1402.50	1404.00	1405.50	1406.50	1407.50	1409.00	1410.50	1412.00	1413.00	1414.50	1415.50	1417.00	1418.50	1419.50	1421.00	1422.00	1423.50	1425.00	1426.50	1427.50	1428.50	1430.00	1431.50	1433.00	1434.00	1435.50	1436.50	1438.50	1439.50	1440.50	1442.00	1442.50	1444.00	1444.00	1445.50	1446.00	1447.00	1448.00	1448.50	1449.00	1450.00	1450.00	1450.00	1451.00	1451.50	1452.00	1452.00	1453.00	1454.00	1456.50	1457.50	1459.00	1461.00	1463.00	1465.00	1466.00	1468.50	1470.00	1472.50	1475.00	1477.00	1480.00	1481.00	1484.00	1487.00	1489.00	1491.00	1493.00	1495.00	1498.00	1501.00	1503.00	1505.00	1507.00	1509.50	1512.00	1514.00	1516.00	1518.00	1520.00	1522.00	1524.00	1525.50	1526.50	1529.00	1530.50	1532.00	1533.50	1534.50	1535.50	1536.50	1537.50	1539.00	1539.00	1540.50	1541.00	1541.50	1542.00	1542.00	1542.00	1543.00	1543.00	1543.00	1543.00	1543.50	1544.50	1545.00	1545.50	1546.00	1547.00	1547.50	1548.00	1549.00	1549.50	1550.50	1552.00	1553.00	1554.00	1555.00	1556.50	1557.00	1558.00	1559.50	1560.50	1562.00	1563.00	1563.50	1565.00	1566.50	1567.50	1568.50	1569.00	1570.50	1572.00	1572.00	1573.50	1574.00	1575.50	1576.00	1576.50	1577.00	1578.50	1579.00	1580.00	1581.00	1581.50	1582.00	1583.00	1584.00	1585.00	1585.50	1586.00	1586.50	1587.50	1588.00	1589.00	1590.00	1590.50	1591.00	1592.00	1592.50	1593.50	1594.00	1595.50	1597.00	1598.00	1598.50	1599.50	1600.50	1601.50	1602.50	1604.00	1605.00	1605.50	1607.00	1608.50	1609.00	1609.50	1611.00	1612.50	1613.00	1614.00	1615.00	1615.50	1617.50	1618.00	1618.50	1620.00	1621.00	1621.50	1623.00	1623.50	1624.00	1625.00	1626.00	1626.50	1628.00	1628.50	1629.50	1630.00	1631.50	1632.00	1633.00	1634.00	1634.50	1635.50	1637.50	1638.00	1638.50	1640.00	1641.50	1642.00	1643.00	1644.50	1645.50	1646.50	1647.50	1648.50	1650.00	1651.00	1652.00	1653.00	1654.50	1655.50	1656.00	1657.00	1658.50	1659.00	1660.00	1660.50	1661.50	1662.50	1663.50	1664.50	1665.00	1666.00	1666.50	1668.00	1668.50	1669.50	1670.00	1671.00	1671.50	1673.00
1391.00	1392.00	1392.50	1393.00	1394.00	1395.00	1395.50	1396.50	1398.50	1399.00	1400.00	1401.00	1402.50	1404.00	1405.50	1406.50	1407.50	1409.00	1410.50	1412.00	1413.00	1414.50	1415.50	1417.00	1418.50	1419.50	1421.00	1422.00	1423.50	1425.00	1426.50	1427.50	1428.50	1430.00	1431.50	1433.00	1434.00	1435.50	1436.50	1438.50	1439.50	1440.50	1442.00	1442.50	1444.00	1444.00	1445.50	1446.00	1447.00	1448.00	1448.50	1449.00	1450.00	1450.00	1450.00	1451.00	1451.50	1452.00	1452.00	1453.00	1454.00	1456.50	1457.50	1459.00	1461.00	1463.00	1465.00	1466.00	1468.50	1470.00	1472.50	1475.00	1477.00	1480.00	1481.00	1484.00	1487.00	1489.00	1491.00	1493.00	1495.00	1498.00	1501.00	1503.00	1505.00	1507.00	1509.50	1512.00	1514.00	1516.00	1518.00	1520.00	1522.00	1524.00	1525.50	1526.50	1529.00	1530.50	1532.00	1533.50	1534.50	1535.50	1536.50	1537.50	1539.00	1539.00	1540.50	1541.00	1541.50	1542.00	1542.00	1542.00	1543.00	1543.00	1543.00	1543.00	1543.50	1544.50	1545.00	1545.50	1546.00	1547.00	1547.50	1548.00	1549.00	1549.50	1550.50	1552.00	1553.00	1554.00	1555.00	1556.50	1557.00	1558.00	1559.50	1560.50	1562.00	1563.00	1563.50	1565.00	1566.50	1567.50	1568.50	1569.00	1570.50	1572.00	1572.00	1573.50	1574.00	1575.50	1576.00	1576.50	1577.00	1578.50	1579.00	1580.00	1581.00	1581.50	1582.00	1583.00	1584.00	1585.00	1585.50	1586.00	1586.50	1587.50	1588.00	1589.00	1590.00	1590.50	1591.00	1592.00	1592.50	1593.50	1594.00	1595.50	1597.00	1598.00	1598.50	1599.50	1600.50	1601.50	1602.50	1604.00	1605.00	1605.50	1607.00	1608.50	1609.00	1609.50	1611.00	1612.50	1613.00	1614.00	1615.00	1615.50	1617.50	1618.00	1618.50	1620.00	1621.00	1621.50	1623.00	1623.50	1624.00	1625.00	1626.00	1626.50	1628.00	1628.50	1629.50	1630.00	1631.50	1632.00	1633.00	1634.00	1634.50	1635.50	1637.50	1638.00	1638.50	1640.00	1641.50	1642.00	1643.00	1644.50	1645.50	1646.50	1647.50	1648.50	1650.00	1651.00	1652.00	1653.00	1654.50	1655.50	1656.00	1657.00	1658.50	1659.00	1660.00	1660.50	1661.50	1662.50	1663.50	1664.50	1665.00	1666.00	1666.50	1668.00	1668.50	1669.50	1670.00	1671.00	1671.50	1673.00
1391.00	1392.00	1392.50	1393.00	1394.00	1395.00	1395.50	1396.50	1398.50	1399.00	1400.00	1401.00	1402.50	1404.00	1405.50	1406.50	1407.50	1409.00	1410.50	1412.00	1413.00	1414.50	1415.50	1417.00	1418.50	1419.50	1421.00	1422.00	1423.50	1425.00	1426.50	1427.50	1428.50	1430.00	1431.50	1433.00	1434.00	1435.50	1436.50	1438.50	1439.50	1440.50	1442.00	1442.50	1444.00	1444.00	1445.50	1446.00	1447.00	1448.00	1448.50	1449.00	1450.00	1450.00	1450.00	1451.00	1451.50	1452.00	1452.00	1453.00	1454.00	1456.50	1457.50	1459.00	1461.00	1463.00	1465.00	1466.00	1468.50	1470.00	1472.50	1475.00	1477.00	1480.00	1481.00	1484.00	1487.00	1489.00	1491.00	1493.00	1495.00	1498.00	1501.00	1503.00	1505.00	1507.00	1509.50	1512.00	1514.00	1516.00	1518.00	1520.00	1522.00	1524.00	1525.50	1526.50	1529.00	1530.50	1532.00	1533.50	1534.50	1535.50	1536.50	1537.50	1539.00	1539.00	1540.50	1541.00	1541.50	1542.00	1542.00	1542.00	1543.00	1543.00	1543.00	1543.00	1543.50	1544.50	1545.00	1545.50	1546.00	1547.00	1547.50	1548.00	1549.00	1549.50	1550.50	1552.00	1553.00	1554.00	1555.00	1556.50	1557.00	1558.00	1559.50	1560.50	1562.00	1563.00	1563.50	1565.00	1566.50	1567.50	1568.50	1569.00	1570.50	1572.00	1572.00	1573.50	1574.00	1575.50	1576.00	1576.50	1577.00	1578.50	1579.00	1580.00	1581.00	1581.50	1582.00	1583.00	1584.00	1585.00	1585.50	1586.00	1586.50	1587.50	1588.00	1589.00	1590.00	1590.50	1591.00	1592.00	1592.50	1593.50	1594.00	1595.50	1597.00	1598.00	1598.50	1599.50	1600.50	1601.50	1602.50	1604.00	1605.00	1605.50	1607.00	1608.50	1609.00	1609.50	1611.00	1612.50	1613.00	1614.00	1615.00	1615.50	1617.50	1618.00	1618.50	1620.00	1621.00	1621.50	1623.00	1623.50	1624.00	1625.00	1626.00	1626.50	1628.00	1628.50	1629.50	1630.00	1631.50	1632.00	1633.00	1634.00	1634.50	1635.50	1637.50	1638.00	1638.50	1640.00	1641.50	1642.00	1643.00	1644.50	1645.50	1646.50	1647.50	1648.50	1650.00	1651.00	1652.00	1653.00	1654.50	1655.50	1656.00	1657.00	1658.50	1659.00	1660.00	1660.50	1661.50	1662.50	1663.50	1664.50	1665.00	1666.00	1666.50	1668.00	1668.50	1669.50	1670.00	1671.00	1671.50	1673.00
1391.00	1392.00	1392.50	1393.00	1394.00	1395.00	1395.50	1396.50	1398.50	1399.00	1400.00	1401.00	1402.50	1404.00	1405.50	1406.50	1407.50	1409.00	1410.50	1412.00	1413.00	1414.50	1415.50	1417.00	1418.50	1419.50	1421.00	1422.00	1423.50	1425.00	1426.50	1427.50	1428.50	1430.00	1431.50	1433.00	1434.00	1435.50	1436.50	1438.50	1439.50	1440.50	1442.00	1442.50	1444.00	1444.00	1445.50	1446.00	1447.00	1448.00	1448.50	1449.00	1450.00	1450.00	1450.00	1451.00	1451.50	1452.00	1452.00	1453.00	1454.00	1456.50	1457.50	1459.00	1461.00	1463.00	1465.00	1466.00	1468.50	1470.00	1472.50	1475.00	1477.00	1480.00	1481.00	1484.00	1487.00	1489.00	1491.00	1493.00	1495.00	1498.00	1501.00	1503.00	1505.00	1507.00	1509.50	1512.00	1514.00	1516.00	1518.00	1520.00	1522.00	1524.00	1525.50	1526.50	1529.00	1530.50	1532.00	1533.50	1534.50	1535.50	1536.50	1537.50	1539.00	1539.00	1540.50	1541.00	1541.50	1542.00	1542.00	1542.00	1543.00	1543.00	1543.00	1543.00	1543.50	1544.50	1545.00	1545.50	1546.00	1547.00	1547.50	1548.00	1549.00	1549.50	1550.50	1552.00	1553.00	1554.00	1555.00	1556.50	1557.00	1558.00	1559.50	1560.50	1562.00	1563.00	1563.50	1565.00	1566.50	1567.50	1568.50	1569.00	1570.50	1572.00	1572.00	1573.50	1574.00	1575.50	1576.00	1576.50	1577.00	1578.50	1579.00	1580.00	1581.00	1581.50	1582.00	1583.00	1584.00	1585.00	1585.50	1586.00	1586.50	1587.50	1588.00	1589.00	1590.00	1590.50	1591.00	1592.00	1592.50	1593.50	1594.00	1595.50	1597.00	1598.00	1598.50	1599.50	1600.50	1601.50	1602.50	1604.00	1605.00	1605.50	1607.00	1608.50	1609.00	1609.50	1611.00	1612.50	1613.00	1614.00	1615.00	1615.50	1617.50	1618.00	1618.50	1620.00	1621.00	1621.50	1623.00	1623.50	1624.00	1625.00	1626.00	1626.50	1628.00	1628.50	1629.50	1630.00	1631.50	1632.00	1633.00	1634.00	1634.50	1635.50	1637.50	1638.00	1638.50	1640.00	1641.50	1642.00	1643.00	1644.50	1645.50	1646.50	1647.50	1648.50	1650.00	1651.00	1652.00	1653.00	1654.50	1655.50	1656.00	1657.00	1658.50	1659.00	1660.00	1660.50	1661.50	1662.50	1663.50	1664.50	1665.00	1666.00	1666.50	1668.00	1668.50	1669.50	1670.00	1671.00	1671.50	1673.00
1397.50	1398.00	1399.00	1399.50	1401.00	1401.50	1402.00	1402.50	1404.00	1404.50	1406.00	1407.00	1407.50	1409.00	1410.50	1411.50	1412.00	1413.00	1414.50	1416.00	1416.00	1417.00	1417.50	1418.50	1419.50	1420.00	1421.00	1421.00	1422.50	1424.00	1425.50	1426.00	1426.50	1428.00	1429.50	1431.00	1432.00	1433.50	1434.50	1435.50	1436.50	1437.00	1438.00	1439.00	1440.00	1441.00	1441.50	1442.00	1443.00	1443.00	1443.50	1444.00	1444.50	1445.00	1445.00	1446.00	1446.50	1448.00	1449.00	1450.50	1452.00	1453.50	1454.50	1455.50	1458.00	1459.50	1462.00	1464.00	1466.00	1468.00	1470.50	1473.00	1475.00	1478.00	1479.00	1482.00	1486.00	1489.00	1491.00	1493.00	1496.00	1499.00	1502.00	1504.00	1506.50	1508.00	1510.50	1513.00	1515.00	1517.00	1519.00	1521.50	1524.00	1526.00	1527.50	1528.50	1530.00	1532.50	1534.00	1535.50	1536.50	1537.50	1539.50	1540.00	1541.00	1541.00	1541.50	1542.00	1542.00	1542.50	1543.00	1543.00	1544.00	1545.00	1545.00	1546.00	1546.50	1547.50	1548.50	1549.00	1550.00	1550.00	1551.50	1553.00	1553.50	1554.50	1555.50	1557.00	1558.50	1560.00	1561.00	1562.00	1562.50	1564.00	1565.50	1566.50	1568.00	1569.00	1570.00	1571.00	1572.50	1573.50	1574.50	1576.00	1576.50	1578.00	1579.00	1580.50	1581.00	1582.50	1583.50	1584.50	1585.00	1586.50	1587.00	1588.00	1589.50	1590.00	1591.00	1592.00	1592.50	1593.00	1594.50	1595.00	1595.50	1596.50	1597.50	1598.00	1599.00	1599.50	1601.00	1601.50	1602.00	1602.50	1604.00	1604.50	1606.00	1606.00	1607.50	1608.00	1609.00	1610.50	1611.00	1612.00	1613.00	1614.50	1615.00	1616.50	1617.00	1617.50	1618.00	1619.50	1620.00	1621.00	1622.00	1622.50	1623.50	1624.00	1624.50	1625.00	1625.50	1626.00	1627.00	1627.50	1628.00	1629.00	1629.00	1630.00	1631.00	1631.50	1632.50	1633.00	1634.00	1634.50	1635.00	1636.00	1637.50	1638.50	1639.50	1640.50	1641.50	1643.00	1644.00	1645.00	1646.00	1647.50	1648.50	1649.50	1650.50	1651.50	1653.00	1654.00	1655.50	1656.00	1657.50	1658.50	1659.00	1660.00	1661.00	1662.00	1663.00	1663.50	1664.50	1665.50	1666.00	1666.50	1668.00	1668.50	1669.00	1670.00	1670.50	1671.50	1672.00	1673.00	1673.00	1674.00
1397.50	1398.00	1399.00	1399.50	1401.00	1401.50	1402.00	1402.50	1404.00	1404.50	1406.00	1407.00	1407.50	1409.00	1410.50	1411.50	1412.00	1413.00	1414.50	1416.00	1416.00	1417.00	1417.50	1418.50	1419.50	1420.00	1421.00	1421.00	1422.50	1424.00	1425.50	1426.00	1426.50	1428.00	1429.50	1431.00	1432.00	1433.50	1434.50	1435.50	1436.50	1437.00	1438.00	1439.00	1440.00	1441.00	1441.50	1442.00	1443.00	1443.00	1443.50	1444.00	1444.50	1445.00	1445.00	1446.00	1446.50	1448.00	1449.00	1450.50	1452.00	1453.50	1454.50	1455.50	1458.00	1459.50	1462.00	1464.00	1466.00	1468.00	1470.50	1473.00	1475.00	1478.00	1479.00	1482.00	1486.00	1489.00	1491.00	1493.00	1496.00	1499.00	1502.00	1504.00	1506.50	1508.00	1510.50	1513.00	1515.00	1517.00	1519.00	1521.50	1524.00	1526.00	1527.50	1528.50	1530.00	1532.50	1534.00	1535.50	1536.50	1537.50	1539.50	1540.00	1541.00	1541.00	1541.50	1542.00	1542.00	1542.50	1543.00	1543.00	1544.00	1545.00	1545.00	1546.00	1546.50	1547.50	1548.50	1549.00	1550.00	1550.00	1551.50	1553.00	1553.50	1554.50	1555.50	1557.00	1558.50	1560.00	1561.00	1562.00	1562.50	1564.00	1565.50	1566.50	1568.00	1569.00	1570.00	1571.00	1572.50	1573.50	1574.50	1576.00	1576.50	1578.00	1579.00	1580.50	1581.00	1582.50	1583.50	1584.50	1585.00	1586.50	1587.00	1588.00	1589.50	1590.00	1591.00	1592.00	1592.50	1593.00	1594.50	1595.00	1595.50	1596.50	1597.50	1598.00	1599.00	1599.50	1601.00	1601.50	1602.00	1602.50	1604.00	1604.50	1606.00	1606.00	1607.50	1608.00	1609.00	1610.50	1611.00	1612.00	1613.00	1614.50	1615.00	1616.50	1617.00	1617.50	1618.00	1619.50	1620.00	1621.00	1622.00	1622.50	1623.50	1624.00	1624.50	1625.00	1625.50	1626.00	1627.00	1627.50	1628.00	1629.00	1629.00	1630.00	1631.00	1631.50	1632.50	1633.00	1634.00	1634.50	1635.00	1636.00	1637.50	1638.50	1639.50	1640.50	1641.50	1643.00	1644.00	1645.00	1646.00	1647.50	1648.50	1649.50	1650.50	1651.50	1653.00	1654.00	1655.50	1656.00	1657.50	1658.50	1659.00	1660.00	1661.00	1662.00	1663.00	1663.50	1664.50	1665.50	1666.00	1666.50	1668.00	1668.50	1669.00	1670.00	1670.50	1671.50	1672.00	1673.00	1673.00	1674.00
1397.50	1398.00	1399.00	1399.50	1401.00	1401.50	1402.00	1402.50	1404.00	1404.50	1406.00	1407.00	1407.50	1409.00	1410.50	1411.50	1412.00	1413.00	1414.50	1416.00	1416.00	1417.00	1417.50	1418.50	1419.50	1420.00	1421.00	1421.00	1422.50	1424.00	1425.50	1426.00	1426.50	1428.00	1429.50	1431.00	1432.00	1433.50	1434.50	1435.50	1436.50	1437.00	1438.00	1439.00	1440.00	1441.00	1441.50	1442.00	1443.00	1443.00	1443.50	1444.00	1444.50	1445.00	1445.00	1446.00	1446.50	1448.00	1449.00	1450.50	1452.00	1453.50	1454.50	1455.50	1458.00	1459.50	1462.00	1464.00	1466.00	1468.00	1470.50	1473.00	1475.00	1478.00	1479.00	1482.00	1486.00	1489.00	1491.00	1493.00	1496.00	1499.00	1502.00	1504.00	1506.50	1508.00	1510.50	1513.00	1515.00	1517.00	1519.00	1521.50	1524.00	1526.00	1527.50	1528.50	1530.00	1532.50	1534.00	1535.50	1536.50	1537.50	1539.50	1540.00	1541.00	1541.00	1541.50	1542.00	1542.00	1542.50	1543.00	1543.00	1544.00	1545.00	1545.00	1546.00	1546.50	1547.50	1548.50	1549.00	1550.00	1550.00	1551.50	1553.00	1553.50	1554.50	1555.50	1557.00	1558.50	1560.00	1561.00	1562.00	1562.50	1564.00	1565.50	1566.50	1568.00	1569.00	1570.00	1571.00	1572.50	1573.50	1574.50	1576.00	1576.50	1578.00	1579.00	1580.50	1581.00	1582.50	1583.50	1584.50	1585.00	1586.50	1587.00	1588.00	1589.50	1590.00	1591.00	1592.00	1592.50	1593.00	1594.50	1595.00	1595.50	1596.50	1597.50	1598.00	1599.00	1599.50	1601.00	1601.50	1602.00	1602.50	1604.00	1604.50	1606.00	1606.00	1607.50	1608.00	1609.00	1610.50	1611.00	1612.00	1613.00	1614.50	1615.00	1616.50	1617.00	1617.50	1618.00	1619.50	1620.00	1621.00	1622.00	1622.50	1623.50	1624.00	1624.50	1625.00	1625.50	1626.00	1627.00	1627.50	1628.00	1629.00	1629.00	1630.00	1631.00	1631.50	1632.50	1633.00	1634.00	1634.50	1635.00	1636.00	1637.50	1638.50	1639.50	1640.50	1641.50	1643.00	1644.00	1645.00	1646.00	1647.50	1648.50	1649.50	1650.50	1651.50	1653.00	1654.00	1655.50	1656.00	1657.50	1658.50	1659.00	1660.00	1661.00	1662.00	1663.00	1663.50	1664.50	1665.50	1666.00	1666.50	1668.00	1668.50	1669.00	1670.00	1670.50	1671.50	1672.00	1673.00	1673.00	1674.00
1397.50	1398.00	1399.00	1399.50	1401.00	1401.50	1402.00	1402.50	1404.00	1404.50	1406.00	1407.00	1407.50	1409.00	1410.50	1411.50	1412.00	1413.00	1414.50	1416.00	1416.00	1417.00	1417.50	1418.50	1419.50	1420.00	1421.00	1421.00	1422.50	1424.00	1425.50	1426.00	1426.50	1428.00	1429.50	1431.00	1432.00	1433.50	1434.50	1435.50	1436.50	1437.00	1438.00	1439.00	1440.00	1441.00	1441.50	1442.00	1443.00	1443.00	1443.50	1444.00	1444.50	1445.00	1445.00	1446.00	1446.50	1448.00	1449.00	1450.50	1452.00	1453.50	1454.50	1455.50	1458.00	1459.50	1462.00	1464.00	1466.00	1468.00	1470.50	1473.00	1475.00	1478.00	1479.00	1482.00	1486.00	1489.00	1491.00	1493.00	1496.00	1499.00	1502.00	1504.00	1506.50	1508.00	1510.50	1513.00	1515.00	1517.00	1519.00	1521.50	1524.00	1526.00	1527.50	1528.50	1530.00	1532.50	1534.00	1535.50	1536.50	1537.50	1539.50	1540.00	1541.00	1541.00	1541.50	1542.00	1542.00	1542.50	1543.00	1543.00	1544.00	1545.00	1545.00	1546.00	1546.50	1547.50	1548.50	1549.00	1550.00	1550.00	1551.50	1553.00	1553.50	1554.50	1555.50	1557.00	1558.50	1560.00	1561.00	1562.00	1562.50	1564.00	1565.50	1566.50	1568.00	1569.00	1570.00	1571.00	1572.50	1573.50	1574.50	1576.00	1576.50	1578.00	1579.00	1580.50	1581.00	1582.50	1583.50	1584.50	1585.00	1586.50	1587.00	1588.00	1589.50	1590.00	1591.00	1592.00	1592.50	1593.00	1594.50	1595.00	1595.50	1596.50	1597.50	1598.00	1599.00	1599.50	1601.00	1601.50	1602.00	1602.50	1604.00	1604.50	1606.00	1606.00	1607.50	1608.00	1609.00	1610.50	1611.00	1612.00	1613.00	1614.50	1615.00	1616.50	1617.00	1617.50	1618.00	1619.50	1620.00	1621.00	1622.00	1622.50	1623.50	1624.00	1624.50	1625.00	1625.50	1626.00	1627.00	1627.50	1628.00	1629.00	1629.00	1630.00	1631.00	1631.50	1632.50	1633.00	1634.00	1634.50	1635.00	1636.00	1637.50	1638.50	1639.50	1640.50	1641.50	1643.00	1644.00	1645.00	1646.00	1647.50	1648.50	1649.50	1650.50	1651.50	1653.00	1654.00	1655.50	1656.00	1657.50	1658.50	1659.00	1660.00	1661.00	1662.00	1663.00	1663.50	1664.50	1665.50	1666.00	1666.50	1668.00	1668.50	1669.00	1670.00	1670.50	1671.50	1672.00	1673.00	1673.00	1674.00
1397.50	1398.00	1399.00	1399.50	1401.00	1401.50	1402.00	1402.50	1404.00	1404.50	1406.00	1407.00	1407.50	1409.00	1410.50	1411.50	1412.00	1413.00	1414.50	1416.00	1416.00	1417.00	1417.50	1418.50	1419.50	1420.00	1421.00	1421.00	1422.50	1424.00	1425.50	1426.00	1426.50	1428.00	1429.50	1431.00	1432.00	1433.50	1434.50	1435.50	1436.50	1437.00	1438.00	1439.00	1440.00	1441.00	1441.50	1442.00	1443.00	1443.00	1443.50	1444.00	1444.50	1445.00	1445.00	1446.00	1446.50	1448.00	1449.00	1450.50	1452.00	1453.50	1454.50	1455.50	1458.00	1459.50	1462.00	1464.00	1466.00	1468.00	1470.50	1473.00	1475.00	1478.00	1479.00	1482.00	1486.00	1489.00	1491.00	1493.00	1496.00	1499.00	1502.00	1504.00	1506.50	1508.00	1510.50	1513.00	1515.00	1517.00	1519.00	1521.50	1524.00	1526.00	1527.50	1528.50	1530.00	1532.50	1534.00	1535.50	1536.50	1537.50	1539.50	1540.00	1541.00	1541.00	1541.50	1542.00	1542.00	1542.50	1543.00	1543.00	1544.00	1545.00	1545.00	1546.00	1546.50	1547.50	1548.50	1549.00	1550.00	1550.00	1551.50	1553.00	1553.50	1554.50	1555.50	1557.00	1558.50	1560.00	1561.00	1562.00	1562.50	1564.00	1565.50	1566.50	1568.00	1569.00	1570.00	1571.00	1572.50	1573.50	1574.50	1576.00	1576.50	1578.00	1579.00	1580.50	1581.00	1582.50	1583.50	1584.50	1585.00	1586.50	1587.00	1588.00	1589.50	1590.00	1591.00	1592.00	1592.50	1593.00	1594.50	1595.00	1595.50	1596.50	1597.50	1598.00	1599.00	1599.50	1601.00	1601.50	1602.00	1602.50	1604.00	1604.50	1606.00	1606.00	1607.50	1608.00	1609.00	1610.50	1611.00	1612.00	1613.00	1614.50	1615.00	1616.50	1617.00	1617.50	1618.00	1619.50	1620.00	1621.00	1622.00	1622.50	1623.50	1624.00	1624.50	1625.00	1625.50	1626.00	1627.00	1627.50	1628.00	1629.00	1629.00	1630.00	1631.00	1631.50	1632.50	1633.00	1634.00	1634.50	1635.00	1636.00	1637.50	1638.50	1639.50	1640.50	1641.50	1643.00	1644.00	1645.00	1646.00	1647.50	1648.50	1649.50	1650.50	1651.50	1653.00	1654.00	1655.50	1656.00	1657.50	1658.50	1659.00	1660.00	1661.00	1662.00	1663.00	1663.50	1664.50	1665.50	1666.00	1666.50	1668.00	1668.50	1669.00	1670.00	1670.50	1671.50	1672.00	1673.00	1673.00	1674.00
1397.50	1398.00	1399.00	1399.50	1401.00	1401.50	1402.00	1402.50	1404.00	1404.50	1406.00	1407.00	1407.50	1409.00	1410.50	1411.50	1412.00	1413.00	1414.50	1416.00	1416.00	1417.00	1417.50	1418.50	1419.50	1420.00	1421.00	1421.00	1422.50	1424.00	1425.50	1426.00	1426.50	1428.00	1429.50	1431.00	1432.00	1433.50	1434.50	1435.50	1436.50	1437.00	1438.00	1439.00	1440.00	1441.00	1441.50	1442.00	1443.00	1443.00	1443.50	1444.00	1444.50	1445.00	1445.00	1446.00	1446.50	1448.00	1449.00	1450.50	1452.00	1453.50	1454.50	1455.50	1458.00	1459.50	1462.00	1464.00	1466.00	1468.00	1470.50	1473.00	1475.00	1478.00	1479.00	1482.00	1486.00	1489.00	1491.00	1493.00	1496.00	1499.00	1502.00	1504.00	1506.50	1508.00	1510.50	1513.00	1515.00	1517.00	1519.00	1521.50	1524.00	1526.00	1527.50	1528.50	1530.00	1532.50	1534.00	1535.50	1536.50	1537.50	1539.50	1540.00	1541.00	1541.00	1541.50	1542.00	1542.00	1542.50	1543.00	1543.00	1544.00	1545.00	1545.00	1546.00	1546.50	1547.50	1548.50	1549.00	1550.00	1550.00	1551.50	1553.00	1553.50	1554.50	1555.50	1557.00	1558.50	1560.00	1561.00	1562.00	1562.50	1564.00	1565.50	1566.50	1568.00	1569.00	1570.00	1571.00	1572.50	1573.50	1574.50	1576.00	1576.50	1578.00	1579.00	1580.50	1581.00	1582.50	1583.50	1584.50	1585.00	1586.50	1587.00	1588.00	1589.50	1590.00	1591.00	1592.00	1592.50	1593.00	1594.50	1595.00	1595.50	1596.50	1597.50	1598.00	1599.00	1599.50	1601.00	1601.50	1602.00	1602.50	1604.00	1604.50	1606.00	1606.00	1607.50	1608.00	1609.00	1610.50	1611.00	1612.00	1613.00	1614.50	1615.00	1616.50	1617.00	1617.50	1618.00	1619.50	1620.00	1621.00	1622.00	1622.50	1623.50	1624.00	1624.50	1625.00	1625.50	1626.00	1627.00	1627.50	1628.00	1629.00	1629.00	1630.00	1631.00	1631.50	1632.50	1633.00	1634.00	1634.50	1635.00	1636.00	1637.50	1638.50	1639.50	1640.50	1641.50	1643.00	1644.00	1645.00	1646.00	1647.50	1648.50	1649.50	1650.50	1651.50	1653.00	1654.00	1655.50	1656.00	1657.50	1658.50	1659.00	1660.00	1661.00	1662.00	1663.00	1663.50	1664.50	1665.50	1666.00	1666.50	1668.00	1668.50	1669.00	1670.00	1670.50	1671.50	1672.00	1673.00	1673.00	1674.00
1397.50	1398.00	1399.00	1399.50	1401.00	1401.50	1402.00	1402.50	1404.00	1404.50	1406.00	1407.00	1407.50	1409.00	1410.50	1411.50	1412.00	1413.00	1414.50	1416.00	1416.00	1417.00	1417.50	1418.50	1419.50	1420.00	1421.00	1421.00	1422.50	1424.00	1425.50	1426.00	1426.50	1428.00	1429.50	1431.00	1432.00	1433.50	1434.50	1435.50	1436.50	1437.00	1438.00	1439.00	1440.00	1441.00	1441.50	1442.00	1443.00	1443.00	1443.50	1444.00	1444.50	1445.00	1445.00	1446.00	1446.50	1448.00	1449.00	1450.50	1452.00	1453.50	1454.50	1455.50	1458.00	1459.50	1462.00	1464.00	1466.00	1468.00	1470.50	1473.00	1475.00	1478.00	1479.00	1482.00	1486.00	1489.00	1491.00	1493.00	1496.00	1499.00	1502.00	1504.00	1506.50	1508.00	1510.50	1513.00	1515.00	1517.00	1519.00	1521.50	1524.00	1526.00	1527.50	1528.50	1530.00	1532.50	1534.00	1535.50	1536.50	1537.50	1539.50	1540.00	1541.00	1541.00	1541.50	1542.00	1542.00	1542.50	1543.00	1543.00	1544.00	1545.00	1545.00	1546.00	1546.50	1547.50	1548.50	1549.00	1550.00	1550.00	1551.50	1553.00	1553.50	1554.50	1555.50	1557.00	1558.50	1560.00	1561.00	1562.00	1562.50	1564.00	1565.50	1566.50	1568.00	1569.00	1570.00	1571.00	1572.50	1573.50	1574.50	1576.00	1576.50	1578.00	1579.00	1580.50	1581.00	1582.50	1583.50	1584.50	1585.00	1586.50	1587.00	1588.00	1589.50	1590.00	1591.00	1592.00	1592.50	1593.00	1594.50	1595.00	1595.50	1596.50	1597.50	1598.00	1599.00	1599.50	1601.00	1601.50	1602.00	1602.50	1604.00	1604.50	1606.00	1606.00	1607.50	1608.00	1609.00	1610.50	1611.00	1612.00	1613.00	1614.50	1615.00	1616.50	1617.00	1617.50	1618.00	1619.50	1620.00	1621.00	1622.00	1622.50	1623.50	1624.00	1624.50	1625.00	1625.50	1626.00	1627.00	1627.50	1628.00	1629.00	1629.00	1630.00	1631.00	1631.50	1632.50	1633.00	1634.00	1634.50	1635.00	1636.00	1637.50	1638.50	1639.50	1640.50	1641.50	1643.00	1644.00	1645.00	1646.00	1647.50	1648.50	1649.50	1650.50	1651.50	1653.00	1654.00	1655.50	1656.00	1657.50	1658.50	1659.00	1660.00	1661.00	1662.00	1663.00	1663.50	1664.50	1665.50	1666.00	1666.50	1668.00	1668.50	1669.00	1670.00	1670.50	1671.50	1672.00	1673.00	1673.00	1674.00
1397.50	1398.00	1399.00	1399.50	1401.00	1401.50	1402.00	1402.50	1404.00	1404.50	1406.00	1407.00	1407.50	1409.00	1410.50	1411.50	1412.00	1413.00	1414.50	1416.00	1416.00	1417.00	1417.50	1418.50	1419.50	1420.00	1421.00	1421.00	1422.50	1424.00	1425.50	1426.00	1426.50	1428.00	1429.50	1431.00	1432.00	1433.50	1434.50	1435.50	1436.50	1437.00	1438.00	1439.00	1440.00	1441.00	1441.50	1442.00	1443.00	1443.00	1443.50	1444.00	1444.50	1445.00	1445.00	1446.00	1446.50	1448.00	1449.00	1450.50	1452.00	1453.50	1454.50	1455.50	1458.00	1459.50	1462.00	1464.00	1466.00	1468.00	1470.50	1473.00	1475.00	1478.00	1479.00	1482.00	1486.00	1489.00	1491.00	1493.00	1496.00	1499.00	1502.00	1504.00	1506.50	1508.00	1510.50	1513.00	1515.00	1517.00	1519.00	1521.50	1524.00	1526.00	1527.50	1528.50	1530.00	1532.50	1534.00	1535.50	1536.50	1537.50	1539.50	1540.00	1541.00	1541.00	1541.50	1542.00	1542.00	1542.50	1543.00	1543.00	1544.00	1545.00	1545.00	1546.00	1546.50	1547.50	1548.50	1549.00	1550.00	1550.00	1551.50	1553.00	1553.50	1554.50	1555.50	1557.00	1558.50	1560.00	1561.00	1562.00	1562.50	1564.00	1565.50	1566.50	1568.00	1569.00	1570.00	1571.00	1572.50	1573.50	1574.50	1576.00	1576.50	1578.00	1579.00	1580.50	1581.00	1582.50	1583.50	1584.50	1585.00	1586.50	1587.00	1588.00	1589.50	1590.00	1591.00	1592.00	1592.50	1593.00	1594.50	1595.00	1595.50	1596.50	1597.50	1598.00	1599.00	1599.50	1601.00	1601.50	1602.00	1602.50	1604.00	1604.50	1606.00	1606.00	1607.50	1608.00	1609.00	1610.50	1611.00	1612.00	1613.00	1614.50	1615.00	1616.50	1617.00	1617.50	1618.00	1619.50	1620.00	1621.00	1622.00	1622.50	1623.50	1624.00	1624.50	1625.00	1625.50	1626.00	1627.00	1627.50	1628.00	1629.00	1629.00	1630.00	1631.00	1631.50	1632.50	1633.00	1634.00	1634.50	1635.00	1636.00	1637.50	1638.50	1639.50	1640.50	1641.50	1643.00	1644.00	1645.00	1646.00	1647.50	1648.50	1649.50	1650.50	1651.50	1653.00	1654.00	1655.50	1656.00	1657.50	1658.50	1659.00	1660.00	1661.00	1662.00	1663.00	1663.50	1664.50	1665.50	1666.00	1666.50	1668.00	1668.50	1669.00	1670.00	1670.50	1671.50	1672.00	1673.00	1673.00	1674.00
1397.50	1398.00	1399.00	1399.50	1401.00	1401.50	1402.00	1402.50	1404.00	1404.50	1406.00	1407.00	1407.50	1409.00	1410.50	1411.50	1412.00	1413.00	1414.50	1416.00	1416.00	1417.00	1417.50	1418.50	1419.50	1420.00	1421.00	1421.00	1422.50	1424.00	1425.50	1426.00	1426.50	1428.00	1429.50	1431.00	1432.00	1433.50	1434.50	1435.50	1436.50	1437.00	1438.00	1439.00	1440.00	1441.00	1441.50	1442.00	1443.00	1443.00	1443.50	1444.00	1444.50	1445.00	1445.00	1446.00	1446.50	1448.00	1449.00	1450.50	1452.00	1453.50	1454.50	1455.50	1458.00	1459.50	1462.00	1464.00	1466.00	1468.00	1470.50	1473.00	1475.00	1478.00	1479.00	1482.00	1486.00	1489.00	1491.00	1493.00	1496.00	1499.00	1502.00	1504.00	1506.50	1508.00	1510.50	1513.00	1515.00	1517.00	1519.00	1521.50	1524.00	1526.00	1527.50	1528.50	1530.00	1532.50	1534.00	1535.50	1536.50	1537.50	1539.50	1540.00	1541.00	1541.00	1541.50	1542.00	1542.00	1542.50	1543.00	1543.00	1544.00	1545.00	1545.00	1546.00	1546.50	1547.50	1548.50	1549.00	1550.00	1550.00	1551.50	1553.00	1553.50	1554.50	1555.50	1557.00	1558.50	1560.00	1561.00	1562.00	1562.50	1564.00	1565.50	1566.50	1568.00	1569.00	1570.00	1571.00	1572.50	1573.50	1574.50	1576.00	1576.50	1578.00	1579.00	1580.50	1581.00	1582.50	1583.50	1584.50	1585.00	1586.50	1587.00	1588.00	1589.50	1590.00	1591.00	1592.00	1592.50	1593.00	1594.50	1595.00	1595.50	1596.50	1597.50	1598.00	1599.00	1599.50	1601.00	1601.50	1602.00	1602.50	1604.00	1604.50	1606.00	1606.00	1607.50	1608.00	1609.00	1610.50	1611.00	1612.00	1613.00	1614.50	1615.00	1616.50	1617.00	1617.50	1618.00	1619.50	1620.00	1621.00	1622.00	1622.50	1623.50	1624.00	1624.50	1625.00	1625.50	1626.00	1627.00	1627.50	1628.00	1629.00	1629.00	1630.00	1631.00	1631.50	1632.50	1633.00	1634.00	1634.50	1635.00	1636.00	1637.50	1638.50	1639.50	1640.50	1641.50	1643.00	1644.00	1645.00	1646.00	1647.50	1648.50	1649.50	1650.50	1651.50	1653.00	1654.00	1655.50	1656.00	1657.50	1658.50	1659.00	1660.00	1661.00	1662.00	1663.00	1663.50	1664.50	1665.50	1666.00	1666.50	1668.00	1668.50	1669.00	1670.00	1670.50	1671.50	1672.00	1673.00	1673.00	1674.00
1397.50	1398.00	1399.00	1399.50	1401.00	1401.50	1402.00	1402.50	1404.00	1404.50	1406.00	1407.00	1407.50	1409.00	1410.50	1411.50	1412.00	1413.00	1414.50	1416.00	1416.00	1417.00	1417.50	1418.50	1419.50	1420.00	1421.00	1421.00	1422.50	1424.00	1425.50	1426.00	1426.50	1428.00	1429.50	1431.00	1432.00	1433.50	1434.50	1435.50	1436.50	1437.00	1438.00	1439.00	1440.00	1441.00	1441.50	1442.00	1443.00	1443.00	1443.50	1444.00	1444.50	1445.00	1445.00	1446.00	1446.50	1448.00	1449.00	1450.50	1452.00	1453.50	1454.50	1455.50	1458.00	1459.50	1462.00	1464.00	1466.00	1468.00	1470.50	1473.00	1475.00	1478.00	1479.00	1482.00	1486.00	1489.00	1491.00	1493.00	1496.00	1499.00	1502.00	1504.00	1506.50	1508.00	1510.50	1513.00	1515.00	1517.00	1519.00	1521.50	1524.00	1526.00	1527.50	1528.50	1530.00	1532.50	1534.00	1535.50	1536.50	1537.50	1539.50	1540.00	1541.00	1541.00	1541.50	1542.00	1542.00	1542.50	1543.00	1543.00	1544.00	1545.00	1545.00	1546.00	1546.50	1547.50	1548.50	1549.00	1550.00	1550.00	1551.50	1553.00	1553.50	1554.50	1555.50	1557.00	1558.50	1560.00	1561.00	1562.00	1562.50	1564.00	1565.50	1566.50	1568.00	1569.00	1570.00	1571.00	1572.50	1573.50	1574.50	1576.00	1576.50	1578.00	1579.00	1580.50	1581.00	1582.50	1583.50	1584.50	1585.00	1586.50	1587.00	1588.00	1589.50	1590.00	1591.00	1592.00	1592.50	1593.00	1594.50	1595.00	1595.50	1596.50	1597.50	1598.00	1599.00	1599.50	1601.00	1601.50	1602.00	1602.50	1604.00	1604.50	1606.00	1606.00	1607.50	1608.00	1609.00	1610.50	1611.00	1612.00	1613.00	1614.50	1615.00	1616.50	1617.00	1617.50	1618.00	1619.50	1620.00	1621.00	1622.00	1622.50	1623.50	1624.00	1624.50	1625.00	1625.50	1626.00	1627.00	1627.50	1628.00	1629.00	1629.00	1630.00	1631.00	1631.50	1632.50	1633.00	1634.00	1634.50	1635.00	1636.00	1637.50	1638.50	1639.50	1640.50	1641.50	1643.00	1644.00	1645.00	1646.00	1647.50	1648.50	1649.50	1650.50	1651.50	1653.00	1654.00	1655.50	1656.00	1657.50	1658.50	1659.00	1660.00	1661.00	1662.00	1663.00	1663.50	1664.50	1665.50	1666.00	1666.50	1668.00	1668.50	1669.00	1670.00	1670.50	1671.50	1672.00	1673.00	1673.00	1674.00
1397.50	1398.00	1399.00	1399.50	1401.00	1401.50	1402.00	1402.50	1404.00	1404.50	1406.00	1407.00	1407.50	1409.00	1410.50	1411.50	1412.00	1413.00	1414.50	1416.00	1416.00	1417.00	1417.50	1418.50	1419.50	1420.00	1421.00	1421.00	1422.50	1424.00	1425.50	1426.00	1426.50	1428.00	1429.50	1431.00	1432.00	1433.50	1434.50	1435.50	1436.50	1437.00	1438.00	1439.00	1440.00	1441.00	1441.50	1442.00	1443.00	1443.00	1443.50	1444.00	1444.50	1445.00	1445.00	1446.00	1446.50	1448.00	1449.00	1450.50	1452.00	1453.50	1454.50	1455.50	1458.00	1459.50	1462.00	1464.00	1466.00	1468.00	1470.50	1473.00	1475.00	1478.00	1479.00	1482.00	1486.00	1489.00	1491.00	1493.00	1496.00	1499.00	1502.00	1504.00	1506.50	1508.00	1510.50	1513.00	1515.00	1517.00	1519.00	1521.50	1524.00	1526.00	1527.50	1528.50	1530.00	1532.50	1534.00	1535.50	1536.50	1537.50	1539.50	1540.00	1541.00	1541.00	1541.50	1542.00	1542.00	1542.50	1543.00	1543.00	1544.00	1545.00	1545.00	1546.00	1546.50	1547.50	1548.50	1549.00	1550.00	1550.00	1551.50	1553.00	1553.50	1554.50	1555.50	1557.00	1558.50	1560.00	1561.00	1562.00	1562.50	1564.00	1565.50	1566.50	1568.00	1569.00	1570.00	1571.00	1572.50	1573.50	1574.50	1576.00	1576.50	1578.00	1579.00	1580.50	1581.00	1582.50	1583.50	1584.50	1585.00	1586.50	1587.00	1588.00	1589.50	1590.00	1591.00	1592.00	1592.50	1593.00	1594.50	1595.00	1595.50	1596.50	1597.50	1598.00	1599.00	1599.50	1601.00	1601.50	1602.00	1602.50	1604.00	1604.50	1606.00	1606.00	1607.50	1608.00	1609.00	1610.50	1611.00	1612.00	1613.00	1614.50	1615.00	1616.50	1617.00	1617.50	1618.00	1619.50	1620.00	1621.00	1622.00	1622.50	1623.50	1624.00	1624.50	1625.00	1625.50	1626.00	1627.00	1627.50	1628.00	1629.00	1629.00	1630.00	1631.00	1631.50	1632.50	1633.00	1634.00	1634.50	1635.00	1636.00	1637.50	1638.50	1639.50	1640.50	1641.50	1643.00	1644.00	1645.00	1646.00	1647.50	1648.50	1649.50	1650.50	1651.50	1653.00	1654.00	1655.50	1656.00	1657.50	1658.50	1659.00	1660.00	1661.00	1662.00	1663.00	1663.50	1664.50	1665.50	1666.00	1666.50	1668.00	1668.50	1669.00	1670.00	1670.50	1671.50	1672.00	1673.00	1673.00	1674.00
1397.50	1398.00	1399.00	1399.50	1401.00	1401.50	1402.00	1402.50	1404.00	1404.50	1406.00	1407.00	1407.50	1409.00	1410.50	1411.50	1412.00	1413.00	1414.50	1416.00	1416.00	1417.00	1417.50	1418.50	1419.50	1420.00	1421.00	1421.00	1422.50	1424.00	1425.50	1426.00	1426.50	1428.00	1429.50	1431.00	1432.00	1433.50	1434.50	1435.50	1436.50	1437.00	1438.00	1439.00	1440.00	1441.00	1441.50	1442.00	1443.00	1443.00	1443.50	1444.00	1444.50	1445.00	1445.00	1446.00	1446.50	1448.00	1449.00	1450.50	1452.00	1453.50	1454.50	1455.50	1458.00	1459.50	1462.00	1464.00	1466.00	1468.00	1470.50	1473.00	1475.00	1478.00	1479.00	1482.00	1486.00	1489.00	1491.00	1493.00	1496.00	1499.00	1502.00	1504.00	1506.50	1508.00	1510.50	1513.00	1515.00	1517.00	1519.00	1521.50	1524.00	1526.00	1527.50	1528.50	1530.00	1532.50	1534.00	1535.50	1536.50	1537.50	1539.50	1540.00	1541.00	1541.00	1541.50	1542.00	1542.00	1542.50	1543.00	1543.00	1544.00	1545.00	1545.00	1546.00	1546.50	1547.50	1548.50	1549.00	1550.00	1550.00	1551.50	1553.00	1553.50	1554.50	1555.50	1557.00	1558.50	1560.00	1561.00	1562.00	1562.50	1564.00	1565.50	1566.50	1568.00	1569.00	1570.00	1571.00	1572.50	1573.50	1574.50	1576.00	1576.50	1578.00	1579.00	1580.50	1581.00	1582.50	1583.50	1584.50	1585.00	1586.50	1587.00	1588.00	1589.50	1590.00	1591.00	1592.00	1592.50	1593.00	1594.50	1595.00	1595.50	1596.50	1597.50	1598.00	1599.00	1599.50	1601.00	1601.50	1602.00	1602.50	1604.00	1604.50	1606.00	1606.00	1607.50	1608.00	1609.00	1610.50	1611.00	1612.00	1613.00	1614.50	1615.00	1616.50	1617.00	1617.50	1618.00	1619.50	1620.00	1621.00	1622.00	1622.50	1623.50	1624.00	1624.50	1625.00	1625.50	1626.00	1627.00	1627.50	1628.00	1629.00	1629.00	1630.00	1631.00	1631.50	1632.50	1633.00	1634.00	1634.50	1635.00	1636.00	1637.50	1638.50	1639.50	1640.50	1641.50	1643.00	1644.00	1645.00	1646.00	1647.50	1648.50	1649.50	1650.50	1651.50	1653.00	1654.00	1655.50	1656.00	1657.50	1658.50	1659.00	1660.00	1661.00	1662.00	1663.00	1663.50	1664.50	1665.50	1666.00	1666.50	1668.00	1668.50	1669.00	1670.00	1670.50	1671.50	1672.00	1673.00	1673.00	1674.00
1397.50	1398.00	1399.00	1399.50	1401.00	1401.50	1402.00	1402.50	1404.00	1404.50	1406.00	1407.00	1407.50	1409.00	1410.50	1411.50	1412.00	1413.00	1414.50	1416.00	1416.00	1417.00	1417.50	1418.50	1419.50	1420.00	1421.00	1421.00	1422.50	1424.00	1425.50	1426.00	1426.50	1428.00	1429.50	1431.00	1432.00	1433.50	1434.50	1435.50	1436.50	1437.00	1438.00	1439.00	1440.00	1441.00	1441.50	1442.00	1443.00	1443.00	1443.50	1444.00	1444.50	1445.00	1445.00	1446.00	1446.50	1448.00	1449.00	1450.50	1452.00	1453.50	1454.50	1455.50	1458.00	1459.50	1462.00	1464.00	1466.00	1468.00	1470.50	1473.00	1475.00	1478.00	1479.00	1482.00	1486.00	1489.00	1491.00	1493.00	1496.00	1499.00	1502.00	1504.00	1506.50	1508.00	1510.50	1513.00	1515.00	1517.00	1519.00	1521.50	1524.00	1526.00	1527.50	1528.50	1530.00	1532.50	1534.00	1535.50	1536.50	1537.50	1539.50	1540.00	1541.00	1541.00	1541.50	1542.00	1542.00	1542.50	1543.00	1543.00	1544.00	1545.00	1545.00	1546.00	1546.50	1547.50	1548.50	1549.00	1550.00	1550.00	1551.50	1553.00	1553.50	1554.50	1555.50	1557.00	1558.50	1560.00	1561.00	1562.00	1562.50	1564.00	1565.50	1566.50	1568.00	1569.00	1570.00	1571.00	1572.50	1573.50	1574.50	1576.00	1576.50	1578.00	1579.00	1580.50	1581.00	1582.50	1583.50	1584.50	1585.00	1586.50	1587.00	1588.00	1589.50	1590.00	1591.00	1592.00	1592.50	1593.00	1594.50	1595.00	1595.50	1596.50	1597.50	1598.00	1599.00	1599.50	1601.00	1601.50	1602.00	1602.50	1604.00	1604.50	1606.00	1606.00	1607.50	1608.00	1609.00	1610.50	1611.00	1612.00	1613.00	1614.50	1615.00	1616.50	1617.00	1617.50	1618.00	1619.50	1620.00	1621.00	1622.00	1622.50	1623.50	1624.00	1624.50	1625.00	1625.50	1626.00	1627.00	1627.50	1628.00	1629.00	1629.00	1630.00	1631.00	1631.50	1632.50	1633.00	1634.00	1634.50	1635.00	1636.00	1637.50	1638.50	1639.50	1640.50	1641.50	1643.00	1644.00	1645.00	1646.00	1647.50	1648.50	1649.50	1650.50	1651.50	1653.00	1654.00	1655.50	1656.00	1657.50	1658.50	1659.00	1660.00	1661.00	1662.00	1663.00	1663.50	1664.50	1665.50	1666.00	1666.50	1668.00	1668.50	1669.00	1670.00	1670.50	1671.50	1672.00	1673.00	1673.00	1674.00
1397.50	1398.00	1399.00	1399.50	1401.00	1401.50	1402.00	1402.50	1404.00	1404.50	1406.00	1407.00	1407.50	1409.00	1410.50	1411.50	1412.00	1413.00	1414.50	1416.00	1416.00	1417.00	1417.50	1418.50	1419.50	1420.00	1421.00	1421.00	1422.50	1424.00	1425.50	1426.00	1426.50	1428.00	1429.50	1431.00	1432.00	1433.50	1434.50	1435.50	1436.50	1437.00	1438.00	1439.00	1440.00	1441.00	1441.50	1442.00	1443.00	1443.00	1443.50	1444.00	1444.50	1445.00	1445.00	1446.00	1446.50	1448.00	1449.00	1450.50	1452.00	1453.50	1454.50	1455.50	1458.00	1459.50	1462.00	1464.00	1466.00	1468.00	1470.50	1473.00	1475.00	1478.00	1479.00	1482.00	1486.00	1489.00	1491.00	1493.00	1496.00	1499.00	1502.00	1504.00	1506.50	1508.00	1510.50	1513.00	1515.00	1517.00	1519.00	1521.50	1524.00	1526.00	1527.50	1528.50	1530.00	1532.50	1534.00	1535.50	1536.50	1537.50	1539.50	1540.00	1541.00	1541.00	1541.50	1542.00	1542.00	1542.50	1543.00	1543.00	1544.00	1545.00	1545.00	1546.00	1546.50	1547.50	1548.50	1549.00	1550.00	1550.00	1551.50	1553.00	1553.50	1554.50	1555.50	1557.00	1558.50	1560.00	1561.00	1562.00	1562.50	1564.00	1565.50	1566.50	1568.00	1569.00	1570.00	1571.00	1572.50	1573.50	1574.50	1576.00	1576.50	1578.00	1579.00	1580.50	1581.00	1582.50	1583.50	1584.50	1585.00	1586.50	1587.00	1588.00	1589.50	1590.00	1591.00	1592.00	1592.50	1593.00	1594.50	1595.00	1595.50	1596.50	1597.50	1598.00	1599.00	1599.50	1601.00	1601.50	1602.00	1602.50	1604.00	1604.50	1606.00	1606.00	1607.50	1608.00	1609.00	1610.50	1611.00	1612.00	1613.00	1614.50	1615.00	1616.50	1617.00	1617.50	1618.00	1619.50	1620.00	1621.00	1622.00	1622.50	1623.50	1624.00	1624.50	1625.00	1625.50	1626.00	1627.00	1627.50	1628.00	1629.00	1629.00	1630.00	1631.00	1631.50	1632.50	1633.00	1634.00	1634.50	1635.00	1636.00	1637.50	1638.50	1639.50	1640.50	1641.50	1643.00	1644.00	1645.00	1646.00	1647.50	1648.50	1649.50	1650.50	1651.50	1653.00	1654.00	1655.50	1656.00	1657.50	1658.50	1659.00	1660.00	1661.00	1662.00	1663.00	1663.50	1664.50	1665.50	1666.00	1666.50	1668.00	1668.50	1669.00	1670.00	1670.50	1671.50	1672.00	1673.00	1673.00	1674.00
1397.50	1398.00	1399.00	1399.50	1401.00	1401.50	1402.00	1402.50	1404.00	1404.50	1406.00	1407.00	1407.50	1409.00	1410.50	1411.50	1412.00	1413.00	1414.50	1416.00	1416.00	1417.00	1417.50	1418.50	1419.50	1420.00	1421.00	1421.00	1422.50	1424.00	1425.50	1426.00	1426.50	1428.00	1429.50	1431.00	1432.00	1433.50	1434.50	1435.50	1436.50	1437.00	1438.00	1439.00	1440.00	1441.00	1441.50	1442.00	1443.00	1443.00	1443.50	1444.00	1444.50	1445.00	1445.00	1446.00	1446.50	1448.00	1449.00	1450.50	1452.00	1453.50	1454.50	1455.50	1458.00	1459.50	1462.00	1464.00	1466.00	1468.00	1470.50	1473.00	1475.00	1478.00	1479.00	1482.00	1486.00	1489.00	1491.00	1493.00	1496.00	1499.00	1502.00	1504.00	1506.50	1508.00	1510.50	1513.00	1515.00	1517.00	1519.00	1521.50	1524.00	1526.00	1527.50	1528.50	1530.00	1532.50	1534.00	1535.50	1536.50	1537.50	1539.50	1540.00	1541.00	1541.00	1541.50	1542.00	1542.00	1542.50	1543.00	1543.00	1544.00	1545.00	1545.00	1546.00	1546.50	1547.50	1548.50	1549.00	1550.00	1550.00	1551.50	1553.00	1553.50	1554.50	1555.50	1557.00	1558.50	1560.00	1561.00	1562.00	1562.50	1564.00	1565.50	1566.50	1568.00	1569.00	1570.00	1571.00	1572.50	1573.50	1574.50	1576.00	1576.50	1578.00	1579.00	1580.50	1581.00	1582.50	1583.50	1584.50	1585.00	1586.50	1587.00	1588.00	1589.50	1590.00	1591.00	1592.00	1592.50	1593.00	1594.50	1595.00	1595.50	1596.50	1597.50	1598.00	1599.00	1599.50	1601.00	1601.50	1602.00	1602.50	1604.00	1604.50	1606.00	1606.00	1607.50	1608.00	1609.00	1610.50	1611.00	1612.00	1613.00	1614.50	1615.00	1616.50	1617.00	1617.50	1618.00	1619.50	1620.00	1621.00	1622.00	1622.50	1623.50	1624.00	1624.50	1625.00	1625.50	1626.00	1627.00	1627.50	1628.00	1629.00	1629.00	1630.00	1631.00	1631.50	1632.50	1633.00	1634.00	1634.50	1635.00	1636.00	1637.50	1638.50	1639.50	1640.50	1641.50	1643.00	1644.00	1645.00	1646.00	1647.50	1648.50	1649.50	1650.50	1651.50	1653.00	1654.00	1655.50	1656.00	1657.50	1658.50	1659.00	1660.00	1661.00	1662.00	1663.00	1663.50	1664.50	1665.50	1666.00	1666.50	1668.00	1668.50	1669.00	1670.00	1670.50	1671.50	1672.00	1673.00	1673.00	1674.00
1406.50	1407.00	1408.00	1408.50	1409.00	1410.00	1410.50	1411.00	1412.00	1412.50	1413.00	1414.00	1414.50	1415.00	1416.50	1417.00	1417.50	1418.00	1418.50	1419.00	1420.00	1420.00	1420.50	1421.50	1422.00	1422.50	1424.00	1424.00	1425.00	1426.00	1427.00	1427.50	1428.50	1429.00	1430.50	1431.00	1432.00	1432.50	1433.50	1434.50	1435.50	1436.00	1437.00	1438.00	1438.00	1439.00	1439.00	1439.50	1440.00	1440.00	1440.50	1441.00	1441.00	1441.50	1442.50	1443.50	1444.50	1445.00	1446.00	1447.50	1449.00	1449.50	1451.00	1452.50	1455.00	1458.00	1460.00	1462.00	1465.00	1467.00	1469.50	1472.00	1474.00	1478.00	1480.00	1483.00	1487.00	1490.00	1492.50	1495.00	1498.00	1501.00	1505.00	1507.00	1510.00	1512.00	1514.50	1517.00	1519.00	1522.00	1524.00	1525.50	1528.00	1529.50	1530.50	1531.50	1534.00	1535.50	1537.00	1539.00	1540.00	1540.50	1541.00	1541.50	1542.00	1543.00	1543.50	1544.00	1544.50	1545.00	1545.50	1546.00	1546.50	1547.00	1548.00	1548.50	1549.00	1549.50	1550.50	1551.50	1553.00	1553.00	1554.50	1556.00	1557.50	1558.50	1559.00	1560.00	1561.50	1563.00	1564.00	1565.50	1566.50	1568.00	1569.50	1570.50	1572.00	1573.00	1574.50	1576.00	1577.50	1578.50	1579.50	1581.00	1582.50	1584.00	1585.00	1586.00	1586.50	1588.50	1589.50	1590.50	1592.00	1593.50	1594.50	1596.00	1597.00	1597.50	1599.00	1599.00	1600.50	1601.00	1602.50	1603.00	1603.50	1605.00	1605.50	1606.00	1607.00	1608.00	1609.00	1609.50	1610.00	1610.50	1611.00	1612.50	1613.00	1614.00	1615.00	1615.50	1616.50	1617.50	1618.50	1619.00	1620.00	1620.50	1621.00	1622.00	1622.50	1623.00	1624.00	1624.50	1625.00	1626.00	1626.00	1626.50	1627.00	1627.50	1628.00	1628.00	1629.00	1629.00	1630.00	1630.50	1631.00	1632.00	1632.00	1633.00	1634.00	1634.50	1635.00	1635.50	1636.50	1637.50	1638.00	1639.00	1640.50	1641.50	1642.50	1643.50	1644.50	1645.00	1646.50	1648.00	1649.00	1650.50	1651.50	1653.00	1654.00	1654.50	1656.00	1657.00	1658.00	1659.00	1660.50	1661.50	1662.00	1663.00	1664.50	1666.00	1666.00	1667.00	1667.50	1669.00	1669.50	1670.00	1671.00	1671.50	1672.00	1673.00	1673.50	1674.00	1675.00	1675.00	1675.50	1676.00
1406.50	1407.00	1408.00	1408.50	1409.00	1410.00	1410.50	1411.00	1412.00	1412.50	1413.00	1414.00	1414.50	1415.00	1416.50	1417.00	1417.50	1418.00	1418.50	1419.00	1420.00	1420.00	1420.50	1421.50	1422.00	1422.50	1424.00	1424.00	1425.00	1426.00	1427.00	1427.50	1428.50	1429.00	1430.50	1431.00	1432.00	1432.50	1433.50	1434.50	1435.50	1436.00	1437.00	1438.00	1438.00	1439.00	1439.00	1439.50	1440.00	1440.00	1440.50	1441.00	1441.00	1441.50	1442.50	1443.50	1444.50	1445.00	1446.00	1447.50	1449.00	1449.50	1451.00	1452.50	1455.00	1458.00	1460.00	1462.00	1465.00	1467.00	1469.50	1472.00	1474.00	1478.00	1480.00	1483.00	1487.00	1490.00	1492.50	1495.00	1498.00	1501.00	1505.00	1507.00	1510.00	1512.00	1514.50	1517.00	1519.00	1522.00	1524.00	1525.50	1528.00	1529.50	1530.50	1531.50	1534.00	1535.50	1537.00	1539.00	1540.00	1540.50	1541.00	1541.50	1542.00	1543.00	1543.50	1544.00	1544.50	1545.00	1545.50	1546.00	1546.50	1547.00	1548.00	1548.50	1549.00	1549.50	1550.50	1551.50	1553.00	1553.00	1554.50	1556.00	1557.50	1558.50	1559.00	1560.00	1561.50	1563.00	1564.00	1565.50	1566.50	1568.00	1569.50	1570.50	1572.00	1573.00	1574.50	1576.00	1577.50	1578.50	1579.50	1581.00	1582.50	1584.00	1585.00	1586.00	1586.50	1588.50	1589.50	1590.50	1592.00	1593.50	1594.50	1596.00	1597.00	1597.50	1599.00	1599.00	1600.50	1601.00	1602.50	1603.00	1603.50	1605.00	1605.50	1606.00	1607.00	1608.00	1609.00	1609.50	1610.00	1610.50	1611.00	1612.50	1613.00	1614.00	1615.00	1615.50	1616.50	1617.50	1618.50	1619.00	1620.00	1620.50	1621.00	1622.00	1622.50	1623.00	1624.00	1624.50	1625.00	1626.00	1626.00	1626.50	1627.00	1627.50	1628.00	1628.00	1629.00	1629.00	1630.00	1630.50	1631.00	1632.00	1632.00	1633.00	1634.00	1634.50	1635.00	1635.50	1636.50	1637.50	1638.00	1639.00	1640.50	1641.50	1642.50	1643.50	1644.50	1645.00	1646.50	1648.00	1649.00	1650.50	1651.50	1653.00	1654.00	1654.50	1656.00	1657.00	1658.00	1659.00	1660.50	1661.50	1662.00	1663.00	1664.50	1666.00	1666.00	1667.00	1667.50	1669.00	1669.50	1670.00	1671.00	1671.50	1672.00	1673.00	1673.50	1674.00	1675.00	1675.00	1675.50	1676.00
1406.50	1407.00	1408.00	1408.50	1409.00	1410.00	1410.50	1411.00	1412.00	1412.50	1413.00	1414.00	1414.50	1415.00	1416.50	1417.00	1417.50	1418.00	1418.50	1419.00	1420.00	1420.00	1420.50	1421.50	1422.00	1422.50	1424.00	1424.00	1425.00	1426.00	1427.00	1427.50	1428.50	1429.00	1430.50	1431.00	1432.00	1432.50	1433.50	1434.50	1435.50	1436.00	1437.00	1438.00	1438.00	1439.00	1439.00	1439.50	1440.00	1440.00	1440.50	1441.00	1441.00	1441.50	1442.50	1443.50	1444.50	1445.00	1446.00	1447.50	1449.00	1449.50	1451.00	1452.50	1455.00	1458.00	1460.00	1462.00	1465.00	1467.00	1469.50	1472.00	1474.00	1478.00	1480.00	1483.00	1487.00	1490.00	1492.50	1495.00	1498.00	1501.00	1505.00	1507.00	1510.00	1512.00	1514.50	1517.00	1519.00	1522.00	1524.00	1525.50	1528.00	1529.50	1530.50	1531.50	1534.00	1535.50	1537.00	1539.00	1540.00	1540.50	1541.00	1541.50	1542.00	1543.00	1543.50	1544.00	1544.50	1545.00	1545.50	1546.00	1546.50	1547.00	1548.00	1548.50	1549.00	1549.50	1550.50	1551.50	1553.00	1553.00	1554.50	1556.00	1557.50	1558.50	1559.00	1560.00	1561.50	1563.00	1564.00	1565.50	1566.50	1568.00	1569.50	1570.50	1572.00	1573.00	1574.50	1576.00	1577.50	1578.50	1579.50	1581.00	1582.50	1584.00	1585.00	1586.00	1586.50	1588.50	1589.50	1590.50	1592.00	1593.50	1594.50	1596.00	1597.00	1597.50	1599.00	1599.00	1600.50	1601.00	1602.50	1603.00	1603.50	1605.00	1605.50	1606.00	1607.00	1608.00	1609.00	1609.50	1610.00	1610.50	1611.00	1612.50	1613.00	1614.00	1615.00	1615.50	1616.50	1617.50	1618.50	1619.00	1620.00	1620.50	1621.00	1622.00	1622.50	1623.00	1624.00	1624.50	1625.00	1626.00	1626.00	1626.50	1627.00	1627.50	1628.00	1628.00	1629.00	1629.00	1630.00	1630.50	1631.00	1632.00	1632.00	1633.00	1634.00	1634.50	1635.00	1635.50	1636.50	1637.50	1638.00	1639.00	1640.50	1641.50	1642.50	1643.50	1644.50	1645.00	1646.50	1648.00	1649.00	1650.50	1651.50	1653.00	1654.00	1654.50	1656.00	1657.00	1658.00	1659.00	1660.50	1661.50	1662.00	1663.00	1664.50	1666.00	1666.00	1667.00	1667.50	1669.00	1669.50	1670.00	1671.00	1671.50	1672.00	1673.00	1673.50	1674.00	1675.00	1675.00	1675.50	1676.00
1406.50	1407.00	1408.00	1408.50	1409.00	1410.00	1410.50	1411.00	1412.00	1412.50	1413.00	1414.00	1414.50	1415.00	1416.50	1417.00	1417.50	1418.00	1418.50	1419.00	1420.00	1420.00	1420.50	1421.50	1422.00	1422.50	1424.00	1424.00	1425.00	1426.00	1427.00	1427.50	1428.50	1429.00	1430.50	1431.00	1432.00	1432.50	1433.50	1434.50	1435.50	1436.00	1437.00	1438.00	1438.00	1439.00	1439.00	1439.50	1440.00	1440.00	1440.50	1441.00	1441.00	1441.50	1442.50	1443.50	1444.50	1445.00	1446.00	1447.50	1449.00	1449.50	1451.00	1452.50	1455.00	1458.00	1460.00	1462.00	1465.00	1467.00	1469.50	1472.00	1474.00	1478.00	1480.00	1483.00	1487.00	1490.00	1492.50	1495.00	1498.00	1501.00	1505.00	1507.00	1510.00	1512.00	1514.50	1517.00	1519.00	1522.00	1524.00	1525.50	1528.00	1529.50	1530.50	1531.50	1534.00	1535.50	1537.00	1539.00	1540.00	1540.50	1541.00	1541.50	1542.00	1543.00	1543.50	1544.00	1544.50	1545.00	1545.50	1546.00	1546.50	1547.00	1548.00	1548.50	1549.00	1549.50	1550.50	1551.50	1553.00	1553.00	1554.50	1556.00	1557.50	1558.50	1559.00	1560.00	1561.50	1563.00	1564.00	1565.50	1566.50	1568.00	1569.50	1570.50	1572.00	1573.00	1574.50	1576.00	1577.50	1578.50	1579.50	1581.00	1582.50	1584.00	1585.00	1586.00	1586.50	1588.50	1589.50	1590.50	1592.00	1593.50	1594.50	1596.00	1597.00	1597.50	1599.00	1599.00	1600.50	1601.00	1602.50	1603.00	1603.50	1605.00	1605.50	1606.00	1607.00	1608.00	1609.00	1609.50	1610.00	1610.50	1611.00	1612.50	1613.00	1614.00	1615.00	1615.50	1616.50	1617.50	1618.50	1619.00	1620.00	1620.50	1621.00	1622.00	1622.50	1623.00	1624.00	1624.50	1625.00	1626.00	1626.00	1626.50	1627.00	1627.50	1628.00	1628.00	1629.00	1629.00	1630.00	1630.50	1631.00	1632.00	1632.00	1633.00	1634.00	1634.50	1635.00	1635.50	1636.50	1637.50	1638.00	1639.00	1640.50	1641.50	1642.50	1643.50	1644.50	1645.00	1646.50	1648.00	1649.00	1650.50	1651.50	1653.00	1654.00	1654.50	1656.00	1657.00	1658.00	1659.00	1660.50	1661.50	1662.00	1663.00	1664.50	1666.00	1666.00	1667.00	1667.50	1669.00	1669.50	1670.00	1671.00	1671.50	1672.00	1673.00	1673.50	1674.00	1675.00	1675.00	1675.50	1676.00
1406.50	1407.00	1408.00	1408.50	1409.00	1410.00	1410.50	1411.00	1412.00	1412.50	1413.00	1414.00	1414.50	1415.00	1416.50	1417.00	1417.50	1418.00	1418.50	1419.00	1420.00	1420.00	1420.50	1421.50	1422.00	1422.50	1424.00	1424.00	1425.00	1426.00	1427.00	1427.50	1428.50	1429.00	1430.50	1431.00	1432.00	1432.50	1433.50	1434.50	1435.50	1436.00	1437.00	1438.00	1438.00	1439.00	1439.00	1439.50	1440.00	1440.00	1440.50	1441.00	1441.00	1441.50	1442.50	1443.50	1444.50	1445.00	1446.00	1447.50	1449.00	1449.50	1451.00	1452.50	1455.00	1458.00	1460.00	1462.00	1465.00	1467.00	1469.50	1472.00	1474.00	1478.00	1480.00	1483.00	1487.00	1490.00	1492.50	1495.00	1498.00	1501.00	1505.00	1507.00	1510.00	1512.00	1514.50	1517.00	1519.00	1522.00	1524.00	1525.50	1528.00	1529.50	1530.50	1531.50	1534.00	1535.50	1537.00	1539.00	1540.00	1540.50	1541.00	1541.50	1542.00	1543.00	1543.50	1544.00	1544.50	1545.00	1545.50	1546.00	1546.50	1547.00	1548.00	1548.50	1549.00	1549.50	1550.50	1551.50	1553.00	1553.00	1554.50	1556.00	1557.50	1558.50	1559.00	1560.00	1561.50	1563.00	1564.00	1565.50	1566.50	1568.00	1569.50	1570.50	1572.00	1573.00	1574.50	1576.00	1577.50	1578.50	1579.50	1581.00	1582.50	1584.00	1585.00	1586.00	1586.50	1588.50	1589.50	1590.50	1592.00	1593.50	1594.50	1596.00	1597.00	1597.50	1599.00	1599.00	1600.50	1601.00	1602.50	1603.00	1603.50	1605.00	1605.50	1606.00	1607.00	1608.00	1609.00	1609.50	1610.00	1610.50	1611.00	1612.50	1613.00	1614.00	1615.00	1615.50	1616.50	1617.50	1618.50	1619.00	1620.00	1620.50	1621.00	1622.00	1622.50	1623.00	1624.00	1624.50	1625.00	1626.00	1626.00	1626.50	1627.00	1627.50	1628.00	1628.00	1629.00	1629.00	1630.00	1630.50	1631.00	1632.00	1632.00	1633.00	1634.00	1634.50	1635.00	1635.50	1636.50	1637.50	1638.00	1639.00	1640.50	1641.50	1642.50	1643.50	1644.50	1645.00	1646.50	1648.00	1649.00	1650.50	1651.50	1653.00	1654.00	1654.50	1656.00	1657.00	1658.00	1659.00	1660.50	1661.50	1662.00	1663.00	1664.50	1666.00	1666.00	1667.00	1667.50	1669.00	1669.50	1670.00	1671.00	1671.50	1672.00	1673.00	1673.50	1674.00	1675.00	1675.00	1675.50	1676.00
1406.50	1407.00	1408.00	1408.50	1409.00	1410.00	1410.50	1411.00	1412.00	1412.50	1413.00	1414.00	1414.50	1415.00	1416.50	1417.00	1417.50	1418.00	1418.50	1419.00	1420.00	1420.00	1420.50	1421.50	1422.00	1422.50	1424.00	1424.00	1425.00	1426.00	1427.00	1427.50	1428.50	1429.00	1430.50	1431.00	1432.00	1432.50	1433.50	1434.50	1435.50	1436.00	1437.00	1438.00	1438.00	1439.00	1439.00	1439.50	1440.00	1440.00	1440.50	1441.00	1441.00	1441.50	1442.50	1443.50	1444.50	1445.00	1446.00	1447.50	1449.00	1449.50	1451.00	1452.50	1455.00	1458.00	1460.00	1462.00	1465.00	1467.00	1469.50	1472.00	1474.00	1478.00	1480.00	1483.00	1487.00	1490.00	1492.50	1495.00	1498.00	1501.00	1505.00	1507.00	1510.00	1512.00	1514.50	1517.00	1519.00	1522.00	1524.00	1525.50	1528.00	1529.50	1530.50	1531.50	1534.00	1535.50	1537.00	1539.00	1540.00	1540.50	1541.00	1541.50	1542.00	1543.00	1543.50	1544.00	1544.50	1545.00	1545.50	1546.00	1546.50	1547.00	1548.00	1548.50	1549.00	1549.50	1550.50	1551.50	1553.00	1553.00	1554.50	1556.00	1557.50	1558.50	1559.00	1560.00	1561.50	1563.00	1564.00	1565.50	1566.50	1568.00	1569.50	1570.50	1572.00	1573.00	1574.50	1576.00	1577.50	1578.50	1579.50	1581.00	1582.50	1584.00	1585.00	1586.00	1586.50	1588.50	1589.50	1590.50	1592.00	1593.50	1594.50	1596.00	1597.00	1597.50	1599.00	1599.00	1600.50	1601.00	1602.50	1603.00	1603.50	1605.00	1605.50	1606.00	1607.00	1608.00	1609.00	1609.50	1610.00	1610.50	1611.00	1612.50	1613.00	1614.00	1615.00	1615.50	1616.50	1617.50	1618.50	1619.00	1620.00	1620.50	1621.00	1622.00	1622.50	1623.00	1624.00	1624.50	1625.00	1626.00	1626.00	1626.50	1627.00	1627.50	1628.00	1628.00	1629.00	1629.00	1630.00	1630.50	1631.00	1632.00	1632.00	1633.00	1634.00	1634.50	1635.00	1635.50	1636.50	1637.50	1638.00	1639.00	1640.50	1641.50	1642.50	1643.50	1644.50	1645.00	1646.50	1648.00	1649.00	1650.50	1651.50	1653.00	1654.00	1654.50	1656.00	1657.00	1658.00	1659.00	1660.50	1661.50	1662.00	1663.00	1664.50	1666.00	1666.00	1667.00	1667.50	1669.00	1669.50	1670.00	1671.00	1671.50	1672.00	1673.00	1673.50	1674.00	1675.00	1675.00	1675.50	1676.00
1406.50	1407.00	1408.00	1408.50	1409.00	1410.00	1410.50	1411.00	1412.00	1412.50	1413.00	1414.00	1414.50	1415.00	1416.50	1417.00	1417.50	1418.00	1418.50	1419.00	1420.00	1420.00	1420.50	1421.50	1422.00	1422.50	1424.00	1424.00	1425.00	1426.00	1427.00	1427.50	1428.50	1429.00	1430.50	1431.00	1432.00	1432.50	1433.50	1434.50	1435.50	1436.00	1437.00	1438.00	1438.00	1439.00	1439.00	1439.50	1440.00	1440.00	1440.50	1441.00	1441.00	1441.50	1442.50	1443.50	1444.50	1445.00	1446.00	1447.50	1449.00	1449.50	1451.00	1452.50	1455.00	1458.00	1460.00	1462.00	1465.00	1467.00	1469.50	1472.00	1474.00	1478.00	1480.00	1483.00	1487.00	1490.00	1492.50	1495.00	1498.00	1501.00	1505.00	1507.00	1510.00	1512.00	1514.50	1517.00	1519.00	1522.00	1524.00	1525.50	1528.00	1529.50	1530.50	1531.50	1534.00	1535.50	1537.00	1539.00	1540.00	1540.50	1541.00	1541.50	1542.00	1543.00	1543.50	1544.00	1544.50	1545.00	1545.50	1546.00	1546.50	1547.00	1548.00	1548.50	1549.00	1549.50	1550.50	1551.50	1553.00	1553.00	1554.50	1556.00	1557.50	1558.50	1559.00	1560.00	1561.50	1563.00	1564.00	1565.50	1566.50	1568.00	1569.50	1570.50	1572.00	1573.00	1574.50	1576.00	1577.50	1578.50	1579.50	1581.00	1582.50	1584.00	1585.00	1586.00	1586.50	1588.50	1589.50	1590.50	1592.00	1593.50	1594.50	1596.00	1597.00	1597.50	1599.00	1599.00	1600.50	1601.00	1602.50	1603.00	1603.50	1605.00	1605.50	1606.00	1607.00	1608.00	1609.00	1609.50	1610.00	1610.50	1611.00	1612.50	1613.00	1614.00	1615.00	1615.50	1616.50	1617.50	1618.50	1619.00	1620.00	1620.50	1621.00	1622.00	1622.50	1623.00	1624.00	1624.50	1625.00	1626.00	1626.00	1626.50	1627.00	1627.50	1628.00	1628.00	1629.00	1629.00	1630.00	1630.50	1631.00	1632.00	1632.00	1633.00	1634.00	1634.50	1635.00	1635.50	1636.50	1637.50	1638.00	1639.00	1640.50	1641.50	1642.50	1643.50	1644.50	1645.00	1646.50	1648.00	1649.00	1650.50	1651.50	1653.00	1654.00	1654.50	1656.00	1657.00	1658.00	1659.00	1660.50	1661.50	1662.00	1663.00	1664.50	1666.00	1666.00	1667.00	1667.50	1669.00	1669.50	1670.00	1671.00	1671.50	1672.00	1673.00	1673.50	1674.00	1675.00	1675.00	1675.50	1676.00
1410.50	1411.00	1412.00	1412.50	1413.00	1414.25	1414.75	1415.25	1416.25	1416.75	1417.50	1418.00	1418.75	1419.00	1420.25	1420.75	1421.25	1421.50	1422.25	1423.00	1423.50	1424.00	1424.25	1425.00	1425.50	1425.75	1427.00	1427.00	1427.75	1428.50	1429.25	1429.75	1430.50	1431.00	1432.25	1432.50	1433.50	1434.00	1434.75	1435.75	1436.25	1436.75	1437.50	1438.00	1438.50	1439.00	1439.00	1439.50	1440.00	1440.00	1440.50	1441.00	1441.25	1441.75	1442.50	1443.25	1444.00	1444.50	1445.50	1446.75	1448.50	1450.00	1451.50	1453.25	1455.50	1458.50	1460.50	1462.50	1465.50	1467.50	1470.25	1473.00	1475.25	1479.00	1481.00	1484.25	1488.00	1491.25	1493.75	1496.00	1499.00	1502.50	1506.00	1508.00	1511.25	1513.50	1516.25	1518.75	1520.50	1523.50	1525.00	1526.75	1529.00	1531.00	1532.00	1533.25	1535.50	1537.00	1538.00	1539.75	1540.50	1541.00	1541.75	1542.50	1543.00	1544.00	1544.25	1545.00	1545.50	1546.00	1546.25	1547.00	1547.25	1548.00	1548.50	1549.25	1549.75	1550.75	1551.75	1552.50	1554.00	1554.50	1555.50	1557.00	1558.50	1559.50	1560.25	1561.50	1563.00	1564.50	1565.50	1567.00	1568.00	1569.50	1571.25	1572.50	1574.00	1575.00	1576.75	1578.50	1580.00	1581.00	1582.25	1584.00	1585.50	1587.00	1588.00	1589.25	1590.00	1592.00	1593.00	1594.00	1595.50	1596.75	1597.50	1599.00	1600.00	1600.50	1602.00	1602.50	1603.75	1604.50	1606.00	1606.50	1607.00	1608.50	1609.00	1609.50	1610.50	1611.25	1612.00	1612.75	1613.25	1613.75	1614.50	1615.50	1616.00	1617.00	1617.75	1618.25	1619.25	1620.25	1620.75	1621.50	1622.00	1622.75	1623.50	1624.25	1624.75	1625.00	1626.00	1626.25	1627.00	1627.50	1627.75	1628.25	1628.50	1629.00	1629.50	1629.50	1630.50	1630.75	1631.50	1632.25	1632.75	1633.50	1634.00	1634.50	1635.50	1636.25	1636.75	1637.50	1638.75	1639.50	1640.50	1641.50	1642.50	1643.50	1645.00	1645.75	1646.50	1647.50	1649.00	1650.50	1651.50	1653.00	1654.00	1655.25	1656.25	1657.00	1658.00	1659.00	1660.25	1661.50	1662.50	1663.50	1664.25	1665.00	1666.50	1667.50	1668.00	1669.00	1669.50	1671.00	1671.50	1672.00	1673.00	1673.75	1674.25	1675.00	1675.75	1676.25	1677.00	1677.50	1678.00	1678.50
1414.50	1415.00	1416.00	1416.50	1417.00	1418.50	1419.00	1419.50	1420.50	1421.00	1422.00	1422.00	1423.00	1423.00	1424.00	1424.50	1425.00	1425.00	1426.00	1427.00	1427.00	1428.00	1428.00	1428.50	1429.00	1429.00	1430.00	1430.00	1430.50	1431.00	1431.50	1432.00	1432.50	1433.00	1434.00	1434.00	1435.00	1435.50	1436.00	1437.00	1437.00	1437.50	1438.00	1438.00	1439.00	1439.00	1439.00	1439.50	1440.00	1440.00	1440.50	1441.00	1441.50	1442.00	1442.50	1443.00	1443.50	1444.00	1445.00	1446.00	1448.00	1450.50	1452.00	1454.00	1456.00	1459.00	1461.00	1463.00	1466.00	1468.00	1471.00	1474.00	1476.50	1480.00	1482.00	1485.50	1489.00	1492.50	1495.00	1497.00	1500.00	1504.00	1507.00	1509.00	1512.50	1515.00	1518.00	1520.50	1522.00	1525.00	1526.00	1528.00	1530.00	1532.50	1533.50	1535.00	1537.00	1538.50	1539.00	1540.50	1541.00	1541.50	1542.50	1543.50	1544.00	1545.00	1545.00	1546.00	1546.50	1547.00	1547.00	1548.00	1548.00	1549.00	1549.00	1550.00	1550.50	1552.00	1553.00	1553.50	1555.00	1556.00	1556.50	1558.00	1559.50	1560.50	1561.50	1563.00	1564.50	1566.00	1567.00	1568.50	1569.50	1571.00	1573.00	1574.50	1576.00	1577.00	1579.00	1581.00	1582.50	1583.50	1585.00	1587.00	1588.50	1590.00	1591.00	1592.50	1593.50	1595.50	1596.50	1597.50	1599.00	1600.00	1600.50	1602.00	1603.00	1603.50	1605.00	1606.00	1607.00	1608.00	1609.50	1610.00	1610.50	1612.00	1612.50	1613.00	1614.00	1614.50	1615.00	1616.00	1616.50	1617.00	1618.00	1618.50	1619.00	1620.00	1620.50	1621.00	1622.00	1623.00	1623.00	1624.00	1624.00	1625.00	1626.00	1626.50	1627.00	1627.00	1628.00	1628.00	1629.00	1629.00	1629.50	1630.00	1630.00	1630.50	1631.00	1631.00	1632.00	1632.50	1633.00	1634.00	1634.50	1635.00	1636.00	1636.00	1637.00	1638.00	1638.50	1639.50	1641.00	1641.50	1643.00	1644.00	1644.50	1645.50	1647.50	1648.00	1648.50	1650.00	1651.50	1653.00	1654.00	1655.50	1656.50	1657.50	1658.50	1659.50	1660.00	1661.00	1662.50	1664.00	1664.50	1665.50	1666.50	1667.00	1668.50	1669.00	1670.00	1671.00	1671.50	1673.00	1673.50	1674.00	1675.00	1676.00	1676.50	1677.00	1678.00	1678.50	1679.00	1680.00	1680.50	1681.00
1414.50	1415.00	1416.00	1416.50	1417.00	1418.50	1419.00	1419.50	1420.50	1421.00	1422.00	1422.00	1423.00	1423.00	1424.00	1424.50	1425.00	1425.00	1426.00	1427.00	1427.00	1428.00	1428.00	1428.50	1429.00	1429.00	1430.00	1430.00	1430.50	1431.00	1431.50	1432.00	1432.50	1433.00	1434.00	1434.00	1435.00	1435.50	1436.00	1437.00	1437.00	1437.50	1438.00	1438.00	1439.00	1439.00	1439.00	1439.50	1440.00	1440.00	1440.50	1441.00	1441.50	1442.00	1442.50	1443.00	1443.50	1444.00	1445.00	1446.00	1448.00	1450.50	1452.00	1454.00	1456.00	1459.00	1461.00	1463.00	1466.00	1468.00	1471.00	1474.00	1476.50	1480.00	1482.00	1485.50	1489.00	1492.50	1495.00	1497.00	1500.00	1504.00	1507.00	1509.00	1512.50	1515.00	1518.00	1520.50	1522.00	1525.00	1526.00	1528.00	1530.00	1532.50	1533.50	1535.00	1537.00	1538.50	1539.00	1540.50	1541.00	1541.50	1542.50	1543.50	1544.00	1545.00	1545.00	1546.00	1546.50	1547.00	1547.00	1548.00	1548.00	1549.00	1549.00	1550.00	1550.50	1552.00	1553.00	1553.50	1555.00	1556.00	1556.50	1558.00	1559.50	1560.50	1561.50	1563.00	1564.50	1566.00	1567.00	1568.50	1569.50	1571.00	1573.00	1574.50	1576.00	1577.00	1579.00	1581.00	1582.50	1583.50	1585.00	1587.00	1588.50	1590.00	1591.00	1592.50	1593.50	1595.50	1596.50	1597.50	1599.00	1600.00	1600.50	1602.00	1603.00	1603.50	1605.00	1606.00	1607.00	1608.00	1609.50	1610.00	1610.50	1612.00	1612.50	1613.00	1614.00	1614.50	1615.00	1616.00	1616.50	1617.00	1618.00	1618.50	1619.00	1620.00	1620.50	1621.00	1622.00	1623.00	1623.00	1624.00	1624.00	1625.00	1626.00	1626.50	1627.00	1627.00	1628.00	1628.00	1629.00	1629.00	1629.50	1630.00	1630.00	1630.50	1631.00	1631.00	1632.00	1632.50	1633.00	1634.00	1634.50	1635.00	1636.00	1636.00	1637.00	1638.00	1638.50	1639.50	1641.00	1641.50	1643.00	1644.00	1644.50	1645.50	1647.50	1648.00	1648.50	1650.00	1651.50	1653.00	1654.00	1655.50	1656.50	1657.50	1658.50	1659.50	1660.00	1661.00	1662.50	1664.00	1664.50	1665.50	1666.50	1667.00	1668.50	1669.00	1670.00	1671.00	1671.50	1673.00	1673.50	1674.00	1675.00	1676.00	1676.50	1677.00	1678.00	1678.50	1679.00	1680.00	1680.50	1681.00
1414.50	1415.00	1416.00	1416.50	1417.00	1418.50	1419.00	1419.50	1420.50	1421.00	1422.00	1422.00	1423.00	1423.00	1424.00	1424.50	1425.00	1425.00	1426.00	1427.00	1427.00	1428.00	1428.00	1428.50	1429.00	1429.00	1430.00	1430.00	1430.50	1431.00	1431.50	1432.00	1432.50	1433.00	1434.00	1434.00	1435.00	1435.50	1436.00	1437.00	1437.00	1437.50	1438.00	1438.00	1439.00	1439.00	1439.00	1439.50	1440.00	1440.00	1440.50	1441.00	1441.50	1442.00	1442.50	1443.00	1443.50	1444.00	1445.00	1446.00	1448.00	1450.50	1452.00	1454.00	1456.00	1459.00	1461.00	1463.00	1466.00	1468.00	1471.00	1474.00	1476.50	1480.00	1482.00	1485.50	1489.00	1492.50	1495.00	1497.00	1500.00	1504.00	1507.00	1509.00	1512.50	1515.00	1518.00	1520.50	1522.00	1525.00	1526.00	1528.00	1530.00	1532.50	1533.50	1535.00	1537.00	1538.50	1539.00	1540.50	1541.00	1541.50	1542.50	1543.50	1544.00	1545.00	1545.00	1546.00	1546.50	1547.00	1547.00	1548.00	1548.00	1549.00	1549.00	1550.00	1550.50	1552.00	1553.00	1553.50	1555.00	1556.00	1556.50	1558.00	1559.50	1560.50	1561.50	1563.00	1564.50	1566.00	1567.00	1568.50	1569.50	1571.00	1573.00	1574.50	1576.00	1577.00	1579.00	1581.00	1582.50	1583.50	1585.00	1587.00	1588.50	1590.00	1591.00	1592.50	1593.50	1595.50	1596.50	1597.50	1599.00	1600.00	1600.50	1602.00	1603.00	1603.50	1605.00	1606.00	1607.00	1608.00	1609.50	1610.00	1610.50	1612.00	1612.50	1613.00	1614.00	1614.50	1615.00	1616.00	1616.50	1617.00	1618.00	1618.50	1619.00	1620.00	1620.50	1621.00	1622.00	1623.00	1623.00	1624.00	1624.00	1625.00	1626.00	1626.50	1627.00	1627.00	1628.00	1628.00	1629.00	1629.00	1629.50	1630.00	1630.00	1630.50	1631.00	1631.00	1632.00	1632.50	1633.00	1634.00	1634.50	1635.00	1636.00	1636.00	1637.00	1638.00	1638.50	1639.50	1641.00	1641.50	1643.00	1644.00	1644.50	1645.50	1647.50	1648.00	1648.50	1650.00	1651.50	1653.00	1654.00	1655.50	1656.50	1657.50	1658.50	1659.50	1660.00	1661.00	1662.50	1664.00	1664.50	1665.50	1666.50	1667.00	1668.50	1669.00	1670.00	1671.00	1671.50	1673.00	1673.50	1674.00	1675.00	1676.00	1676.50	1677.00	1678.00	1678.50	1679.00	1680.00	1680.50	1681.00
1414.50	1415.00	1416.00	1416.50	1417.00	1418.50	1419.00	1419.50	1420.50	1421.00	1422.00	1422.00	1423.00	1423.00	1424.00	1424.50	1425.00	1425.00	1426.00	1427.00	1427.00	1428.00	1428.00	1428.50	1429.00	1429.00	1430.00	1430.00	1430.50	1431.00	1431.50	1432.00	1432.50	1433.00	1434.00	1434.00	1435.00	1435.50	1436.00	1437.00	1437.00	1437.50	1438.00	1438.00	1439.00	1439.00	1439.00	1439.50	1440.00	1440.00	1440.50	1441.00	1441.50	1442.00	1442.50	1443.00	1443.50	1444.00	1445.00	1446.00	1448.00	1450.50	1452.00	1454.00	1456.00	1459.00	1461.00	1463.00	1466.00	1468.00	1471.00	1474.00	1476.50	1480.00	1482.00	1485.50	1489.00	1492.50	1495.00	1497.00	1500.00	1504.00	1507.00	1509.00	1512.50	1515.00	1518.00	1520.50	1522.00	1525.00	1526.00	1528.00	1530.00	1532.50	1533.50	1535.00	1537.00	1538.50	1539.00	1540.50	1541.00	1541.50	1542.50	1543.50	1544.00	1545.00	1545.00	1546.00	1546.50	1547.00	1547.00	1548.00	1548.00	1549.00	1549.00	1550.00	1550.50	1552.00	1553.00	1553.50	1555.00	1556.00	1556.50	1558.00	1559.50	1560.50	1561.50	1563.00	1564.50	1566.00	1567.00	1568.50	1569.50	1571.00	1573.00	1574.50	1576.00	1577.00	1579.00	1581.00	1582.50	1583.50	1585.00	1587.00	1588.50	1590.00	1591.00	1592.50	1593.50	1595.50	1596.50	1597.50	1599.00	1600.00	1600.50	1602.00	1603.00	1603.50	1605.00	1606.00	1607.00	1608.00	1609.50	1610.00	1610.50	1612.00	1612.50	1613.00	1614.00	1614.50	1615.00	1616.00	1616.50	1617.00	1618.00	1618.50	1619.00	1620.00	1620.50	1621.00	1622.00	1623.00	1623.00	1624.00	1624.00	1625.00	1626.00	1626.50	1627.00	1627.00	1628.00	1628.00	1629.00	1629.00	1629.50	1630.00	1630.00	1630.50	1631.00	1631.00	1632.00	1632.50	1633.00	1634.00	1634.50	1635.00	1636.00	1636.00	1637.00	1638.00	1638.50	1639.50	1641.00	1641.50	1643.00	1644.00	1644.50	1645.50	1647.50	1648.00	1648.50	1650.00	1651.50	1653.00	1654.00	1655.50	1656.50	1657.50	1658.50	1659.50	1660.00	1661.00	1662.50	1664.00	1664.50	1665.50	1666.50	1667.00	1668.50	1669.00	1670.00	1671.00	1671.50	1673.00	1673.50	1674.00	1675.00	1676.00	1676.50	1677.00	1678.00	1678.50	1679.00	1680.00	1680.50	1681.00
1414.50	1415.00	1416.00	1416.50	1417.00	1418.50	1419.00	1419.50	1420.50	1421.00	1422.00	1422.00	1423.00	1423.00	1424.00	1424.50	1425.00	1425.00	1426.00	1427.00	1427.00	1428.00	1428.00	1428.50	1429.00	1429.00	1430.00	1430.00	1430.50	1431.00	1431.50	1432.00	1432.50	1433.00	1434.00	1434.00	1435.00	1435.50	1436.00	1437.00	1437.00	1437.50	1438.00	1438.00	1439.00	1439.00	1439.00	1439.50	1440.00	1440.00	1440.50	1441.00	1441.50	1442.00	1442.50	1443.00	1443.50	1444.00	1445.00	1446.00	1448.00	1450.50	1452.00	1454.00	1456.00	1459.00	1461.00	1463.00	1466.00	1468.00	1471.00	1474.00	1476.50	1480.00	1482.00	1485.50	1489.00	1492.50	1495.00	1497.00	1500.00	1504.00	1507.00	1509.00	1512.50	1515.00	1518.00	1520.50	1522.00	1525.00	1526.00	1528.00	1530.00	1532.50	1533.50	1535.00	1537.00	1538.50	1539.00	1540.50	1541.00	1541.50	1542.50	1543.50	1544.00	1545.00	1545.00	1546.00	1546.50	1547.00	1547.00	1548.00	1548.00	1549.00	1549.00	1550.00	1550.50	1552.00	1553.00	1553.50	1555.00	1556.00	1556.50	1558.00	1559.50	1560.50	1561.50	1563.00	1564.50	1566.00	1567.00	1568.50	1569.50	1571.00	1573.00	1574.50	1576.00	1577.00	1579.00	1581.00	1582.50	1583.50	1585.00	1587.00	1588.50	1590.00	1591.00	1592.50	1593.50	1595.50	1596.50	1597.50	1599.00	1600.00	1600.50	1602.00	1603.00	1603.50	1605.00	1606.00	1607.00	1608.00	1609.50	1610.00	1610.50	1612.00	1612.50	1613.00	1614.00	1614.50	1615.00	1616.00	1616.50	1617.00	1618.00	1618.50	1619.00	1620.00	1620.50	1621.00	1622.00	1623.00	1623.00	1624.00	1624.00	1625.00	1626.00	1626.50	1627.00	1627.00	1628.00	1628.00	1629.00	1629.00	1629.50	1630.00	1630.00	1630.50	1631.00	1631.00	1632.00	1632.50	1633.00	1634.00	1634.50	1635.00	1636.00	1636.00	1637.00	1638.00	1638.50	1639.50	1641.00	1641.50	1643.00	1644.00	1644.50	1645.50	1647.50	1648.00	1648.50	1650.00	1651.50	1653.00	1654.00	1655.50	1656.50	1657.50	1658.50	1659.50	1660.00	1661.00	1662.50	1664.00	1664.50	1665.50	1666.50	1667.00	1668.50	1669.00	1670.00	1671.00	1671.50	1673.00	1673.50	1674.00	1675.00	1676.00	1676.50	1677.00	1678.00	1678.50	1679.00	1680.00	1680.50	1681.00
1414.50	1415.00	1416.00	1416.50	1417.00	1418.50	1419.00	1419.50	1420.50	1421.00	1422.00	1422.00	1423.00	1423.00	1424.00	1424.50	1425.00	1425.00	1426.00	1427.00	1427.00	1428.00	1428.00	1428.50	1429.00	1429.00	1430.00	1430.00	1430.50	1431.00	1431.50	1432.00	1432.50	1433.00	1434.00	1434.00	1435.00	1435.50	1436.00	1437.00	1437.00	1437.50	1438.00	1438.00	1439.00	1439.00	1439.00	1439.50	1440.00	1440.00	1440.50	1441.00	1441.50	1442.00	1442.50	1443.00	1443.50	1444.00	1445.00	1446.00	1448.00	1450.50	1452.00	1454.00	1456.00	1459.00	1461.00	1463.00	1466.00	1468.00	1471.00	1474.00	1476.50	1480.00	1482.00	1485.50	1489.00	1492.50	1495.00	1497.00	1500.00	1504.00	1507.00	1509.00	1512.50	1515.00	1518.00	1520.50	1522.00	1525.00	1526.00	1528.00	1530.00	1532.50	1533.50	1535.00	1537.00	1538.50	1539.00	1540.50	1541.00	1541.50	1542.50	1543.50	1544.00	1545.00	1545.00	1546.00	1546.50	1547.00	1547.00	1548.00	1548.00	1549.00	1549.00	1550.00	1550.50	1552.00	1553.00	1553.50	1555.00	1556.00	1556.50	1558.00	1559.50	1560.50	1561.50	1563.00	1564.50	1566.00	1567.00	1568.50	1569.50	1571.00	1573.00	1574.50	1576.00	1577.00	1579.00	1581.00	1582.50	1583.50	1585.00	1587.00	1588.50	1590.00	1591.00	1592.50	1593.50	1595.50	1596.50	1597.50	1599.00	1600.00	1600.50	1602.00	1603.00	1603.50	1605.00	1606.00	1607.00	1608.00	1609.50	1610.00	1610.50	1612.00	1612.50	1613.00	1614.00	1614.50	1615.00	1616.00	1616.50	1617.00	1618.00	1618.50	1619.00	1620.00	1620.50	1621.00	1622.00	1623.00	1623.00	1624.00	1624.00	1625.00	1626.00	1626.50	1627.00	1627.00	1628.00	1628.00	1629.00	1629.00	1629.50	1630.00	1630.00	1630.50	1631.00	1631.00	1632.00	1632.50	1633.00	1634.00	1634.50	1635.00	1636.00	1636.00	1637.00	1638.00	1638.50	1639.50	1641.00	1641.50	1643.00	1644.00	1644.50	1645.50	1647.50	1648.00	1648.50	1650.00	1651.50	1653.00	1654.00	1655.50	1656.50	1657.50	1658.50	1659.50	1660.00	1661.00	1662.50	1664.00	1664.50	1665.50	1666.50	1667.00	1668.50	1669.00	1670.00	1671.00	1671.50	1673.00	1673.50	1674.00	1675.00	1676.00	1676.50	1677.00	1678.00	1678.50	1679.00	1680.00	1680.50	1681.00
1414.50	1415.00	1416.00	1416.50	1417.00	1418.50	1419.00	1419.50	1420.50	1421.00	1422.00	1422.00	1423.00	1423.00	1424.00	1424.50	1425.00	1425.00	1426.00	1427.00	1427.00	1428.00	1428.00	1428.50	1429.00	1429.00	1430.00	1430.00	1430.50	1431.00	1431.50	1432.00	1432.50	1433.00	1434.00	1434.00	1435.00	1435.50	1436.00	1437.00	1437.00	1437.50	1438.00	1438.00	1439.00	1439.00	1439.00	1439.50	1440.00	1440.00	1440.50	1441.00	1441.50	1442.00	1442.50	1443.00	1443.50	1444.00	1445.00	1446.00	1448.00	1450.50	1452.00	1454.00	1456.00	1459.00	1461.00	1463.00	1466.00	1468.00	1471.00	1474.00	1476.50	1480.00	1482.00	1485.50	1489.00	1492.50	1495.00	1497.00	1500.00	1504.00	1507.00	1509.00	1512.50	1515.00	1518.00	1520.50	1522.00	1525.00	1526.00	1528.00	1530.00	1532.50	1533.50	1535.00	1537.00	1538.50	1539.00	1540.50	1541.00	1541.50	1542.50	1543.50	1544.00	1545.00	1545.00	1546.00	1546.50	1547.00	1547.00	1548.00	1548.00	1549.00	1549.00	1550.00	1550.50	1552.00	1553.00	1553.50	1555.00	1556.00	1556.50	1558.00	1559.50	1560.50	1561.50	1563.00	1564.50	1566.00	1567.00	1568.50	1569.50	1571.00	1573.00	1574.50	1576.00	1577.00	1579.00	1581.00	1582.50	1583.50	1585.00	1587.00	1588.50	1590.00	1591.00	1592.50	1593.50	1595.50	1596.50	1597.50	1599.00	1600.00	1600.50	1602.00	1603.00	1603.50	1605.00	1606.00	1607.00	1608.00	1609.50	1610.00	1610.50	1612.00	1612.50	1613.00	1614.00	1614.50	1615.00	1616.00	1616.50	1617.00	1618.00	1618.50	1619.00	1620.00	1620.50	1621.00	1622.00	1623.00	1623.00	1624.00	1624.00	1625.00	1626.00	1626.50	1627.00	1627.00	1628.00	1628.00	1629.00	1629.00	1629.50	1630.00	1630.00	1630.50	1631.00	1631.00	1632.00	1632.50	1633.00	1634.00	1634.50	1635.00	1636.00	1636.00	1637.00	1638.00	1638.50	1639.50	1641.00	1641.50	1643.00	1644.00	1644.50	1645.50	1647.50	1648.00	1648.50	1650.00	1651.50	1653.00	1654.00	1655.50	1656.50	1657.50	1658.50	1659.50	1660.00	1661.00	1662.50	1664.00	1664.50	1665.50	1666.50	1667.00	1668.50	1669.00	1670.00	1671.00	1671.50	1673.00	1673.50	1674.00	1675.00	1676.00	1676.50	1677.00	1678.00	1678.50	1679.00	1680.00	1680.50	1681.00
1414.50	1415.00	1416.00	1416.50	1417.00	1418.50	1419.00	1419.50	1420.50	1421.00	1422.00	1422.00	1423.00	1423.00	1424.00	1424.50	1425.00	1425.00	1426.00	1427.00	1427.00	1428.00	1428.00	1428.50	1429.00	1429.00	1430.00	1430.00	1430.50	1431.00	1431.50	1432.00	1432.50	1433.00	1434.00	1434.00	1435.00	1435.50	1436.00	1437.00	1437.00	1437.50	1438.00	1438.00	1439.00	1439.00	1439.00	1439.50	1440.00	1440.00	1440.50	1441.00	1441.50	1442.00	1442.50	1443.00	1443.50	1444.00	1445.00	1446.00	1448.00	1450.50	1452.00	1454.00	1456.00	1459.00	1461.00	1463.00	1466.00	1468.00	1471.00	1474.00	1476.50	1480.00	1482.00	1485.50	1489.00	1492.50	1495.00	1497.00	1500.00	1504.00	1507.00	1509.00	1512.50	1515.00	1518.00	1520.50	1522.00	1525.00	1526.00	1528.00	1530.00	1532.50	1533.50	1535.00	1537.00	1538.50	1539.00	1540.50	1541.00	1541.50	1542.50	1543.50	1544.00	1545.00	1545.00	1546.00	1546.50	1547.00	1547.00	1548.00	1548.00	1549.00	1549.00	1550.00	1550.50	1552.00	1553.00	1553.50	1555.00	1556.00	1556.50	1558.00	1559.50	1560.50	1561.50	1563.00	1564.50	1566.00	1567.00	1568.50	1569.50	1571.00	1573.00	1574.50	1576.00	1577.00	1579.00	1581.00	1582.50	1583.50	1585.00	1587.00	1588.50	1590.00	1591.00	1592.50	1593.50	1595.50	1596.50	1597.50	1599.00	1600.00	1600.50	1602.00	1603.00	1603.50	1605.00	1606.00	1607.00	1608.00	1609.50	1610.00	1610.50	1612.00	1612.50	1613.00	1614.00	1614.50	1615.00	1616.00	1616.50	1617.00	1618.00	1618.50	1619.00	1620.00	1620.50	1621.00	1622.00	1623.00	1623.00	1624.00	1624.00	1625.00	1626.00	1626.50	1627.00	1627.00	1628.00	1628.00	1629.00	1629.00	1629.50	1630.00	1630.00	1630.50	1631.00	1631.00	1632.00	1632.50	1633.00	1634.00	1634.50	1635.00	1636.00	1636.00	1637.00	1638.00	1638.50	1639.50	1641.00	1641.50	1643.00	1644.00	1644.50	1645.50	1647.50	1648.00	1648.50	1650.00	1651.50	1653.00	1654.00	1655.50	1656.50	1657.50	1658.50	1659.50	1660.00	1661.00	1662.50	1664.00	1664.50	1665.50	1666.50	1667.00	1668.50	1669.00	1670.00	1671.00	1671.50	1673.00	1673.50	1674.00	1675.00	1676.00	1676.50	1677.00	1678.00	1678.50	1679.00	1680.00	1680.50	1681.00
1422.00	1423.00	1423.50	1424.50	1425.00	1426.50	1427.00	1427.50	1429.00	1429.50	1430.00	1431.00	1431.50	1432.00	1432.50	1433.00	1433.00	1434.00	1434.00	1434.00	1435.00	1435.00	1435.00	1435.50	1436.00	1436.00	1436.00	1437.00	1437.00	1437.00	1438.00	1438.00	1438.50	1439.00	1439.50	1440.00	1440.00	1440.00	1440.50	1441.00	1441.00	1441.00	1442.00	1442.00	1442.00	1442.00	1442.00	1442.50	1443.00	1443.00	1443.00	1444.00	1444.00	1444.00	1444.00	1444.50	1445.50	1447.00	1448.00	1450.50	1452.00	1453.50	1455.00	1456.50	1458.00	1461.00	1464.00	1466.00	1469.00	1471.00	1474.00	1477.00	1479.00	1482.00	1484.00	1488.00	1491.00	1494.50	1497.00	1499.00	1503.00	1506.00	1509.00	1512.00	1515.00	1517.00	1519.50	1522.00	1524.00	1527.00	1528.00	1531.00	1534.00	1535.50	1536.50	1537.50	1538.00	1539.50	1541.00	1541.50	1542.50	1543.00	1544.50	1545.00	1545.00	1546.00	1546.00	1547.00	1547.00	1547.50	1548.00	1548.00	1549.50	1550.00	1551.00	1551.50	1552.00	1553.00	1554.00	1554.50	1556.00	1556.00	1557.50	1559.00	1560.50	1562.00	1563.50	1565.00	1566.50	1568.00	1569.00	1570.50	1572.00	1574.00	1575.50	1577.00	1579.00	1580.00	1582.00	1584.00	1585.50	1586.50	1588.00	1590.00	1591.50	1593.00	1594.00	1595.50	1596.50	1598.50	1599.50	1600.50	1602.00	1603.50	1604.00	1605.00	1606.50	1607.50	1609.00	1609.00	1610.50	1611.00	1612.50	1613.00	1613.50	1615.00	1615.50	1617.00	1617.00	1618.00	1618.00	1619.00	1619.50	1620.00	1620.00	1621.00	1622.00	1622.00	1623.00	1623.50	1624.00	1624.50	1625.00	1626.00	1626.00	1626.50	1627.00	1627.50	1628.00	1628.50	1629.00	1629.50	1630.00	1631.00	1631.00	1631.50	1632.50	1633.00	1633.50	1635.00	1635.50	1636.00	1637.00	1637.50	1638.50	1639.00	1640.00	1641.50	1642.00	1643.50	1644.50	1645.50	1646.50	1647.50	1649.00	1649.00	1650.50	1651.50	1653.50	1654.00	1654.50	1656.00	1657.50	1659.00	1660.00	1660.50	1661.50	1662.50	1663.50	1664.50	1666.00	1666.00	1667.50	1669.00	1669.50	1670.50	1671.00	1672.00	1673.00	1674.00	1675.00	1675.50	1676.50	1677.50	1678.00	1678.50	1680.00	1680.50	1681.00	1682.00	1682.50	1683.50	1684.00	1685.00	1685.50	1686.00
1422.00	1423.00	1423.50	1424.50	1425.00	1426.50	1427.00	1427.50	1429.00	1429.50	1430.00	1431.00	1431.50	1432.00	1432.50	1433.00	1433.00	1434.00	1434.00	1434.00	1435.00	1435.00	1435.00	1435.50	1436.00	1436.00	1436.00	1437.00	1437.00	1437.00	1438.00	1438.00	1438.50	1439.00	1439.50	1440.00	1440.00	1440.00	1440.50	1441.00	1441.00	1441.00	1442.00	1442.00	1442.00	1442.00	1442.00	1442.50	1443.00	1443.00	1443.00	1444.00	1444.00	1444.00	1444.00	1444.50	1445.50	1447.00	1448.00	1450.50	1452.00	1453.50	1455.00	1456.50	1458.00	1461.00	1464.00	1466.00	1469.00	1471.00	1474.00	1477.00	1479.00	1482.00	1484.00	1488.00	1491.00	1494.50	1497.00	1499.00	1503.00	1506.00	1509.00	1512.00	1515.00	1517.00	1519.50	1522.00	1524.00	1527.00	1528.00	1531.00	1534.00	1535.50	1536.50	1537.50	1538.00	1539.50	1541.00	1541.50	1542.50	1543.00	1544.50	1545.00	1545.00	1546.00	1546.00	1547.00	1547.00	1547.50	1548.00	1548.00	1549.50	1550.00	1551.00	1551.50	1552.00	1553.00	1554.00	1554.50	1556.00	1556.00	1557.50	1559.00	1560.50	1562.00	1563.50	1565.00	1566.50	1568.00	1569.00	1570.50	1572.00	1574.00	1575.50	1577.00	1579.00	1580.00	1582.00	1584.00	1585.50	1586.50	1588.00	1590.00	1591.50	1593.00	1594.00	1595.50	1596.50	1598.50	1599.50	1600.50	1602.00	1603.50	1604.00	1605.00	1606.50	1607.50	1609.00	1609.00	1610.50	1611.00	1612.50	1613.00	1613.50	1615.00	1615.50	1617.00	1617.00	1618.00	1618.00	1619.00	1619.50	1620.00	1620.00	1621.00	1622.00	1622.00	1623.00	1623.50	1624.00	1624.50	1625.00	1626.00	1626.00	1626.50	1627.00	1627.50	1628.00	1628.50	1629.00	1629.50	1630.00	1631.00	1631.00	1631.50	1632.50	1633.00	1633.50	1635.00	1635.50	1636.00	1637.00	1637.50	1638.50	1639.00	1640.00	1641.50	1642.00	1643.50	1644.50	1645.50	1646.50	1647.50	1649.00	1649.00	1650.50	1651.50	1653.50	1654.00	1654.50	1656.00	1657.50	1659.00	1660.00	1660.50	1661.50	1662.50	1663.50	1664.50	1666.00	1666.00	1667.50	1669.00	1669.50	1670.50	1671.00	1672.00	1673.00	1674.00	1675.00	1675.50	1676.50	1677.50	1678.00	1678.50	1680.00	1680.50	1681.00	1682.00	1682.50	1683.50	1684.00	1685.00	1685.50	1686.00
1422.00	1423.00	1423.50	1424.50	1425.00	1426.50	1427.00	1427.50	1429.00	1429.50	1430.00	1431.00	1431.50	1432.00	1432.50	1433.00	1433.00	1434.00	1434.00	1434.00	1435.00	1435.00	1435.00	1435.50	1436.00	1436.00	1436.00	1437.00	1437.00	1437.00	1438.00	1438.00	1438.50	1439.00	1439.50	1440.00	1440.00	1440.00	1440.50	1441.00	1441.00	1441.00	1442.00	1442.00	1442.00	1442.00	1442.00	1442.50	1443.00	1443.00	1443.00	1444.00	1444.00	1444.00	1444.00	1444.50	1445.50	1447.00	1448.00	1450.50	1452.00	1453.50	1455.00	1456.50	1458.00	1461.00	1464.00	1466.00	1469.00	1471.00	1474.00	1477.00	1479.00	1482.00	1484.00	1488.00	1491.00	1494.50	1497.00	1499.00	1503.00	1506.00	1509.00	1512.00	1515.00	1517.00	1519.50	1522.00	1524.00	1527.00	1528.00	1531.00	1534.00	1535.50	1536.50	1537.50	1538.00	1539.50	1541.00	1541.50	1542.50	1543.00	1544.50	1545.00	1545.00	1546.00	1546.00	1547.00	1547.00	1547.50	1548.00	1548.00	1549.50	1550.00	1551.00	1551.50	1552.00	1553.00	1554.00	1554.50	1556.00	1556.00	1557.50	1559.00	1560.50	1562.00	1563.50	1565.00	1566.50	1568.00	1569.00	1570.50	1572.00	1574.00	1575.50	1577.00	1579.00	1580.00	1582.00	1584.00	1585.50	1586.50	1588.00	1590.00	1591.50	1593.00	1594.00	1595.50	1596.50	1598.50	1599.50	1600.50	1602.00	1603.50	1604.00	1605.00	1606.50	1607.50	1609.00	1609.00	1610.50	1611.00	1612.50	1613.00	1613.50	1615.00	1615.50	1617.00	1617.00	1618.00	1618.00	1619.00	1619.50	1620.00	1620.00	1621.00	1622.00	1622.00	1623.00	1623.50	1624.00	1624.50	1625.00	1626.00	1626.00	1626.50	1627.00	1627.50	1628.00	1628.50	1629.00	1629.50	1630.00	1631.00	1631.00	1631.50	1632.50	1633.00	1633.50	1635.00	1635.50	1636.00	1637.00	1637.50	1638.50	1639.00	1640.00	1641.50	1642.00	1643.50	1644.50	1645.50	1646.50	1647.50	1649.00	1649.00	1650.50	1651.50	1653.50	1654.00	1654.50	1656.00	1657.50	1659.00	1660.00	1660.50	1661.50	1662.50	1663.50	1664.50	1666.00	1666.00	1667.50	1669.00	1669.50	1670.50	1671.00	1672.00	1673.00	1674.00	1675.00	1675.50	1676.50	1677.50	1678.00	1678.50	1680.00	1680.50	1681.00	1682.00	1682.50	1683.50	1684.00	1685.00	1685.50	1686.00
1422.00	1423.00	1423.50	1424.50	1425.00	1426.50	1427.00	1427.50	1429.00	1429.50	1430.00	1431.00	1431.50	1432.00	1432.50	1433.00	1433.00	1434.00	1434.00	1434.00	1435.00	1435.00	1435.00	1435.50	1436.00	1436.00	1436.00	1437.00	1437.00	1437.00	1438.00	1438.00	1438.50	1439.00	1439.50	1440.00	1440.00	1440.00	1440.50	1441.00	1441.00	1441.00	1442.00	1442.00	1442.00	1442.00	1442.00	1442.50	1443.00	1443.00	1443.00	1444.00	1444.00	1444.00	1444.00	1444.50	1445.50	1447.00	1448.00	1450.50	1452.00	1453.50	1455.00	1456.50	1458.00	1461.00	1464.00	1466.00	1469.00	1471.00	1474.00	1477.00	1479.00	1482.00	1484.00	1488.00	1491.00	1494.50	1497.00	1499.00	1503.00	1506.00	1509.00	1512.00	1515.00	1517.00	1519.50	1522.00	1524.00	1527.00	1528.00	1531.00	1534.00	1535.50	1536.50	1537.50	1538.00	1539.50	1541.00	1541.50	1542.50	1543.00	1544.50	1545.00	1545.00	1546.00	1546.00	1547.00	1547.00	1547.50	1548.00	1548.00	1549.50	1550.00	1551.00	1551.50	1552.00	1553.00	1554.00	1554.50	1556.00	1556.00	1557.50	1559.00	1560.50	1562.00	1563.50	1565.00	1566.50	1568.00	1569.00	1570.50	1572.00	1574.00	1575.50	1577.00	1579.00	1580.00	1582.00	1584.00	1585.50	1586.50	1588.00	1590.00	1591.50	1593.00	1594.00	1595.50	1596.50	1598.50	1599.50	1600.50	1602.00	1603.50	1604.00	1605.00	1606.50	1607.50	1609.00	1609.00	1610.50	1611.00	1612.50	1613.00	1613.50	1615.00	1615.50	1617.00	1617.00	1618.00	1618.00	1619.00	1619.50	1620.00	1620.00	1621.00	1622.00	1622.00	1623.00	1623.50	1624.00	1624.50	1625.00	1626.00	1626.00	1626.50	1627.00	1627.50	1628.00	1628.50	1629.00	1629.50	1630.00	1631.00	1631.00	1631.50	1632.50	1633.00	1633.50	1635.00	1635.50	1636.00	1637.00	1637.50	1638.50	1639.00	1640.00	1641.50	1642.00	1643.50	1644.50	1645.50	1646.50	1647.50	1649.00	1649.00	1650.50	1651.50	1653.50	1654.00	1654.50	1656.00	1657.50	1659.00	1660.00	1660.50	1661.50	1662.50	1663.50	1664.50	1666.00	1666.00	1667.50	1669.00	1669.50	1670.50	1671.00	1672.00	1673.00	1674.00	1675.00	1675.50	1676.50	1677.50	1678.00	1678.50	1680.00	1680.50	1681.00	1682.00	1682.50	1683.50	1684.00	1685.00	1685.50	1686.00
1422.00	1423.00	1423.50	1424.50	1425.00	1426.50	1427.00	1427.50	1429.00	1429.50	1430.00	1431.00	1431.50	1432.00	1432.50	1433.00	1433.00	1434.00	1434.00	1434.00	1435.00	1435.00	1435.00	1435.50	1436.00	1436.00	1436.00	1437.00	1437.00	1437.00	1438.00	1438.00	1438.50	1439.00	1439.50	1440.00	1440.00	1440.00	1440.50	1441.00	1441.00	1441.00	1442.00	1442.00	1442.00	1442.00	1442.00	1442.50	1443.00	1443.00	1443.00	1444.00	1444.00	1444.00	1444.00	1444.50	1445.50	1447.00	1448.00	1450.50	1452.00	1453.50	1455.00	1456.50	1458.00	1461.00	1464.00	1466.00	1469.00	1471.00	1474.00	1477.00	1479.00	1482.00	1484.00	1488.00	1491.00	1494.50	1497.00	1499.00	1503.00	1506.00	1509.00	1512.00	1515.00	1517.00	1519.50	1522.00	1524.00	1527.00	1528.00	1531.00	1534.00	1535.50	1536.50	1537.50	1538.00	1539.50	1541.00	1541.50	1542.50	1543.00	1544.50	1545.00	1545.00	1546.00	1546.00	1547.00	1547.00	1547.50	1548.00	1548.00	1549.50	1550.00	1551.00	1551.50	1552.00	1553.00	1554.00	1554.50	1556.00	1556.00	1557.50	1559.00	1560.50	1562.00	1563.50	1565.00	1566.50	1568.00	1569.00	1570.50	1572.00	1574.00	1575.50	1577.00	1579.00	1580.00	1582.00	1584.00	1585.50	1586.50	1588.00	1590.00	1591.50	1593.00	1594.00	1595.50	1596.50	1598.50	1599.50	1600.50	1602.00	1603.50	1604.00	1605.00	1606.50	1607.50	1609.00	1609.00	1610.50	1611.00	1612.50	1613.00	1613.50	1615.00	1615.50	1617.00	1617.00	1618.00	1618.00	1619.00	1619.50	1620.00	1620.00	1621.00	1622.00	1622.00	1623.00	1623.50	1624.00	1624.50	1625.00	1626.00	1626.00	1626.50	1627.00	1627.50	1628.00	1628.50	1629.00	1629.50	1630.00	1631.00	1631.00	1631.50	1632.50	1633.00	1633.50	1635.00	1635.50	1636.00	1637.00	1637.50	1638.50	1639.00	1640.00	1641.50	1642.00	1643.50	1644.50	1645.50	1646.50	1647.50	1649.00	1649.00	1650.50	1651.50	1653.50	1654.00	1654.50	1656.00	1657.50	1659.00	1660.00	1660.50	1661.50	1662.50	1663.50	1664.50	1666.00	1666.00	1667.50	1669.00	1669.50	1670.50	1671.00	1672.00	1673.00	1674.00	1675.00	1675.50	1676.50	1677.50	1678.00	1678.50	1680.00	1680.50	1681.00	1682.00	1682.50	1683.50	1684.00	1685.00	1685.50	1686.00
1422.00	1423.00	1423.50	1424.50	1425.00	1426.50	1427.00	1427.50	1429.00	1429.50	1430.00	1431.00	1431.50	1432.00	1432.50	1433.00	1433.00	1434.00	1434.00	1434.00	1435.00	1435.00	1435.00	1435.50	1436.00	1436.00	1436.00	1437.00	1437.00	1437.00	1438.00	1438.00	1438.50	1439.00	1439.50	1440.00	1440.00	1440.00	1440.50	1441.00	1441.00	1441.00	1442.00	1442.00	1442.00	1442.00	1442.00	1442.50	1443.00	1443.00	1443.00	1444.00	1444.00	1444.00	1444.00	1444.50	1445.50	1447.00	1448.00	1450.50	1452.00	1453.50	1455.00	1456.50	1458.00	1461.00	1464.00	1466.00	1469.00	1471.00	1474.00	1477.00	1479.00	1482.00	1484.00	1488.00	1491.00	1494.50	1497.00	1499.00	1503.00	1506.00	1509.00	1512.00	1515.00	1517.00	1519.50	1522.00	1524.00	1527.00	1528.00	1531.00	1534.00	1535.50	1536.50	1537.50	1538.00	1539.50	1541.00	1541.50	1542.50	1543.00	1544.50	1545.00	1545.00	1546.00	1546.00	1547.00	1547.00	1547.50	1548.00	1548.00	1549.50	1550.00	1551.00	1551.50	1552.00	1553.00	1554.00	1554.50	1556.00	1556.00	1557.50	1559.00	1560.50	1562.00	1563.50	1565.00	1566.50	1568.00	1569.00	1570.50	1572.00	1574.00	1575.50	1577.00	1579.00	1580.00	1582.00	1584.00	1585.50	1586.50	1588.00	1590.00	1591.50	1593.00	1594.00	1595.50	1596.50	1598.50	1599.50	1600.50	1602.00	1603.50	1604.00	1605.00	1606.50	1607.50	1609.00	1609.00	1610.50	1611.00	1612.50	1613.00	1613.50	1615.00	1615.50	1617.00	1617.00	1618.00	1618.00	1619.00	1619.50	1620.00	1620.00	1621.00	1622.00	1622.00	1623.00	1623.50	1624.00	1624.50	1625.00	1626.00	1626.00	1626.50	1627.00	1627.50	1628.00	1628.50	1629.00	1629.50	1630.00	1631.00	1631.00	1631.50	1632.50	1633.00	1633.50	1635.00	1635.50	1636.00	1637.00	1637.50	1638.50	1639.00	1640.00	1641.50	1642.00	1643.50	1644.50	1645.50	1646.50	1647.50	1649.00	1649.00	1650.50	1651.50	1653.50	1654.00	1654.50	1656.00	1657.50	1659.00	1660.00	1660.50	1661.50	1662.50	1663.50	1664.50	1666.00	1666.00	1667.50	1669.00	1669.50	1670.50	1671.00	1672.00	1673.00	1674.00	1675.00	1675.50	1676.50	1677.50	1678.00	1678.50	1680.00	1680.50	1681.00	1682.00	1682.50	1683.50	1684.00	1685.00	1685.50	1686.00
1422.00	1423.00	1423.50	1424.50	1425.00	1426.50	1427.00	1427.50	1429.00	1429.50	1430.00	1431.00	1431.50	1432.00	1432.50	1433.00	1433.00	1434.00	1434.00	1434.00	1435.00	1435.00	1435.00	1435.50	1436.00	1436.00	1436.00	1437.00	1437.00	1437.00	1438.00	1438.00	1438.50	1439.00	1439.50	1440.00	1440.00	1440.00	1440.50	1441.00	1441.00	1441.00	1442.00	1442.00	1442.00	1442.00	1442.00	1442.50	1443.00	1443.00	1443.00	1444.00	1444.00	1444.00	1444.00	1444.50	1445.50	1447.00	1448.00	1450.50	1452.00	1453.50	1455.00	1456.50	1458.00	1461.00	1464.00	1466.00	1469.00	1471.00	1474.00	1477.00	1479.00	1482.00	1484.00	1488.00	1491.00	1494.50	1497.00	1499.00	1503.00	1506.00	1509.00	1512.00	1515.00	1517.00	1519.50	1522.00	1524.00	1527.00	1528.00	1531.00	1534.00	1535.50	1536.50	1537.50	1538.00	1539.50	1541.00	1541.50	1542.50	1543.00	1544.50	1545.00	1545.00	1546.00	1546.00	1547.00	1547.00	1547.50	1548.00	1548.00	1549.50	1550.00	1551.00	1551.50	1552.00	1553.00	1554.00	1554.50	1556.00	1556.00	1557.50	1559.00	1560.50	1562.00	1563.50	1565.00	1566.50	1568.00	1569.00	1570.50	1572.00	1574.00	1575.50	1577.00	1579.00	1580.00	1582.00	1584.00	1585.50	1586.50	1588.00	1590.00	1591.50	1593.00	1594.00	1595.50	1596.50	1598.50	1599.50	1600.50	1602.00	1603.50	1604.00	1605.00	1606.50	1607.50	1609.00	1609.00	1610.50	1611.00	1612.50	1613.00	1613.50	1615.00	1615.50	1617.00	1617.00	1618.00	1618.00	1619.00	1619.50	1620.00	1620.00	1621.00	1622.00	1622.00	1623.00	1623.50	1624.00	1624.50	1625.00	1626.00	1626.00	1626.50	1627.00	1627.50	1628.00	1628.50	1629.00	1629.50	1630.00	1631.00	1631.00	1631.50	1632.50	1633.00	1633.50	1635.00	1635.50	1636.00	1637.00	1637.50	1638.50	1639.00	1640.00	1641.50	1642.00	1643.50	1644.50	1645.50	1646.50	1647.50	1649.00	1649.00	1650.50	1651.50	1653.50	1654.00	1654.50	1656.00	1657.50	1659.00	1660.00	1660.50	1661.50	1662.50	1663.50	1664.50	1666.00	1666.00	1667.50	1669.00	1669.50	1670.50	1671.00	1672.00	1673.00	1674.00	1675.00	1675.50	1676.50	1677.50	1678.00	1678.50	1680.00	1680.50	1681.00	1682.00	1682.50	1683.50	1684.00	1685.00	1685.50	1686.00
1423.25	1424.50	1425.25	1426.00	1427.00	1428.50	1429.25	1430.00	1431.75	1432.50	1433.50	1434.50	1435.50	1436.50	1436.75	1437.00	1437.00	1437.50	1438.00	1438.00	1438.50	1438.75	1439.00	1439.25	1439.75	1440.00	1440.00	1441.00	1441.00	1441.50	1442.00	1442.25	1442.75	1443.00	1443.25	1444.00	1444.00	1444.00	1444.25	1444.50	1444.50	1444.50	1445.00	1445.00	1445.00	1445.50	1445.50	1445.75	1446.00	1446.00	1446.00	1446.50	1446.75	1447.00	1447.25	1448.00	1449.00	1450.00	1451.00	1453.00	1454.00	1456.00	1457.50	1459.25	1461.00	1464.00	1466.50	1468.50	1471.50	1473.25	1476.00	1479.00	1481.00	1484.00	1486.50	1490.00	1493.00	1496.25	1498.75	1501.00	1504.50	1507.50	1510.50	1513.00	1516.00	1518.00	1520.75	1523.50	1525.50	1528.50	1529.50	1531.75	1534.00	1535.50	1536.50	1537.50	1538.50	1540.00	1541.50	1542.25	1543.00	1543.50	1544.75	1545.25	1545.50	1546.50	1546.75	1547.50	1547.75	1548.25	1548.75	1549.00	1550.25	1551.00	1551.50	1552.00	1552.50	1553.50	1554.75	1555.50	1557.00	1557.00	1558.50	1560.00	1561.50	1562.75	1564.00	1565.50	1567.00	1569.00	1570.00	1571.50	1572.75	1574.50	1576.25	1577.75	1579.50	1580.50	1582.75	1584.50	1586.50	1587.50	1588.75	1591.00	1592.50	1594.00	1595.00	1596.50	1597.50	1599.50	1600.50	1601.50	1603.00	1604.50	1605.25	1606.50	1607.50	1608.50	1609.50	1610.00	1611.25	1612.00	1613.25	1613.75	1614.25	1615.50	1616.00	1617.00	1617.00	1618.00	1618.00	1619.00	1619.50	1620.00	1620.00	1621.00	1621.50	1622.00	1622.50	1623.00	1623.50	1624.00	1624.50	1625.50	1625.50	1626.00	1626.50	1627.25	1627.75	1628.25	1629.00	1629.50	1630.00	1631.00	1631.75	1632.25	1633.50	1634.25	1634.75	1636.00	1637.00	1637.75	1638.50	1639.50	1640.50	1641.50	1642.00	1643.50	1644.50	1645.75	1646.50	1647.50	1649.00	1650.00	1651.50	1651.50	1653.00	1654.00	1656.00	1656.75	1657.50	1659.00	1660.00	1661.50	1662.50	1663.25	1664.00	1665.25	1666.25	1667.00	1668.50	1668.50	1670.00	1671.00	1672.00	1672.75	1673.25	1674.50	1675.25	1676.50	1677.00	1678.00	1678.75	1679.75	1680.25	1680.75	1682.00	1682.75	1683.25	1684.00	1685.00	1685.75	1686.50	1687.50	1688.00	1688.50
1424.50	1426.00	1427.00	1427.50	1429.00	1430.50	1431.50	1432.50	1434.50	1435.50	1437.00	1438.00	1439.50	1441.00	1441.00	1441.00	1441.00	1441.00	1442.00	1442.00	1442.00	1442.50	1443.00	1443.00	1443.50	1444.00	1444.00	1445.00	1445.00	1446.00	1446.00	1446.50	1447.00	1447.00	1447.00	1448.00	1448.00	1448.00	1448.00	1448.00	1448.00	1448.00	1448.00	1448.00	1448.00	1449.00	1449.00	1449.00	1449.00	1449.00	1449.00	1449.00	1449.50	1450.00	1450.50	1451.50	1452.50	1453.00	1454.00	1455.50	1456.00	1458.50	1460.00	1462.00	1464.00	1467.00	1469.00	1471.00	1474.00	1475.50	1478.00	1481.00	1483.00	1486.00	1489.00	1492.00	1495.00	1498.00	1500.50	1503.00	1506.00	1509.00	1512.00	1514.00	1517.00	1519.00	1522.00	1525.00	1527.00	1530.00	1531.00	1532.50	1534.00	1535.50	1536.50	1537.50	1539.00	1540.50	1542.00	1543.00	1543.50	1544.00	1545.00	1545.50	1546.00	1547.00	1547.50	1548.00	1548.50	1549.00	1549.50	1550.00	1551.00	1552.00	1552.00	1552.50	1553.00	1554.00	1555.50	1556.50	1558.00	1558.00	1559.50	1561.00	1562.50	1563.50	1564.50	1566.00	1567.50	1570.00	1571.00	1572.50	1573.50	1575.00	1577.00	1578.50	1580.00	1581.00	1583.50	1585.00	1587.50	1588.50	1589.50	1592.00	1593.50	1595.00	1596.00	1597.50	1598.50	1600.50	1601.50	1602.50	1604.00	1605.50	1606.50	1608.00	1608.50	1609.50	1610.00	1611.00	1612.00	1613.00	1614.00	1614.50	1615.00	1616.00	1616.50	1617.00	1617.00	1618.00	1618.00	1619.00	1619.50	1620.00	1620.00	1621.00	1621.00	1622.00	1622.00	1622.50	1623.00	1623.50	1624.00	1625.00	1625.00	1625.50	1626.00	1627.00	1627.50	1628.00	1629.00	1629.50	1630.00	1631.00	1632.50	1633.00	1634.50	1635.50	1636.00	1637.00	1638.50	1639.50	1640.00	1641.50	1642.50	1644.00	1644.00	1645.50	1647.00	1648.00	1648.50	1649.50	1651.50	1652.50	1654.00	1654.00	1655.50	1656.50	1658.50	1659.50	1660.50	1662.00	1662.50	1664.00	1665.00	1666.00	1666.50	1668.00	1669.00	1669.50	1671.00	1671.00	1672.50	1673.00	1674.50	1675.00	1675.50	1677.00	1677.50	1679.00	1679.00	1680.50	1681.00	1682.00	1682.50	1683.00	1684.00	1685.00	1685.50	1686.00	1687.50	1688.00	1689.00	1690.00	1690.50	1691.00
1424.50	1426.00	1427.00	1427.50	1429.00	1430.50	1431.50	1432.50	1434.50	1435.50	1437.00	1438.00	1439.50	1441.00	1441.00	1441.00	1441.00	1441.00	1442.00	1442.00	1442.00	1442.50	1443.00	1443.00	1443.50	1444.00	1444.00	1445.00	1445.00	1446.00	1446.00	1446.50	1447.00	1447.00	1447.00	1448.00	1448.00	1448.00	1448.00	1448.00	1448.00	1448.00	1448.00	1448.00	1448.00	1449.00	1449.00	1449.00	1449.00	1449.00	1449.00	1449.00	1449.50	1450.00	1450.50	1451.50	1452.50	1453.00	1454.00	1455.50	1456.00	1458.50	1460.00	1462.00	1464.00	1467.00	1469.00	1471.00	1474.00	1475.50	1478.00	1481.00	1483.00	1486.00	1489.00	1492.00	1495.00	1498.00	1500.50	1503.00	1506.00	1509.00	1512.00	1514.00	1517.00	1519.00	1522.00	1525.00	1527.00	1530.00	1531.00	1532.50	1534.00	1535.50	1536.50	1537.50	1539.00	1540.50	1542.00	1543.00	1543.50	1544.00	1545.00	1545.50	1546.00	1547.00	1547.50	1548.00	1548.50	1549.00	1549.50	1550.00	1551.00	1552.00	1552.00	1552.50	1553.00	1554.00	1555.50	1556.50	1558.00	1558.00	1559.50	1561.00	1562.50	1563.50	1564.50	1566.00	1567.50	1570.00	1571.00	1572.50	1573.50	1575.00	1577.00	1578.50	1580.00	1581.00	1583.50	1585.00	1587.50	1588.50	1589.50	1592.00	1593.50	1595.00	1596.00	1597.50	1598.50	1600.50	1601.50	1602.50	1604.00	1605.50	1606.50	1608.00	1608.50	1609.50	1610.00	1611.00	1612.00	1613.00	1614.00	1614.50	1615.00	1616.00	1616.50	1617.00	1617.00	1618.00	1618.00	1619.00	1619.50	1620.00	1620.00	1621.00	1621.00	1622.00	1622.00	1622.50	1623.00	1623.50	1624.00	1625.00	1625.00	1625.50	1626.00	1627.00	1627.50	1628.00	1629.00	1629.50	1630.00	1631.00	1632.50	1633.00	1634.50	1635.50	1636.00	1637.00	1638.50	1639.50	1640.00	1641.50	1642.50	1644.00	1644.00	1645.50	1647.00	1648.00	1648.50	1649.50	1651.50	1652.50	1654.00	1654.00	1655.50	1656.50	1658.50	1659.50	1660.50	1662.00	1662.50	1664.00	1665.00	1666.00	1666.50	1668.00	1669.00	1669.50	1671.00	1671.00	1672.50	1673.00	1674.50	1675.00	1675.50	1677.00	1677.50	1679.00	1679.00	1680.50	1681.00	1682.00	1682.50	1683.00	1684.00	1685.00	1685.50	1686.00	1687.50	1688.00	1689.00	1690.00	1690.50	1691.00
1424.50	1426.00	1427.00	1427.50	1429.00	1430.50	1431.50	1432.50	1434.50	1435.50	1437.00	1438.00	1439.50	1441.00	1441.00	1441.00	1441.00	1441.00	1442.00	1442.00	1442.00	1442.50	1443.00	1443.00	1443.50	1444.00	1444.00	1445.00	1445.00	1446.00	1446.00	1446.50	1447.00	1447.00	1447.00	1448.00	1448.00	1448.00	1448.00	1448.00	1448.00	1448.00	1448.00	1448.00	1448.00	1449.00	1449.00	1449.00	1449.00	1449.00	1449.00	1449.00	1449.50	1450.00	1450.50	1451.50	1452.50	1453.00	1454.00	1455.50	1456.00	1458.50	1460.00	1462.00	1464.00	1467.00	1469.00	1471.00	1474.00	1475.50	1478.00	1481.00	1483.00	1486.00	1489.00	1492.00	1495.00	1498.00	1500.50	1503.00	1506.00	1509.00	1512.00	1514.00	1517.00	1519.00	1522.00	1525.00	1527.00	1530.00	1531.00	1532.50	1534.00	1535.50	1536.50	1537.50	1539.00	1540.50	1542.00	1543.00	1543.50	1544.00	1545.00	1545.50	1546.00	1547.00	1547.50	1548.00	1548.50	1549.00	1549.50	1550.00	1551.00	1552.00	1552.00	1552.50	1553.00	1554.00	1555.50	1556.50	1558.00	1558.00	1559.50	1561.00	1562.50	1563.50	1564.50	1566.00	1567.50	1570.00	1571.00	1572.50	1573.50	1575.00	1577.00	1578.50	1580.00	1581.00	1583.50	1585.00	1587.50	1588.50	1589.50	1592.00	1593.50	1595.00	1596.00	1597.50	1598.50	1600.50	1601.50	1602.50	1604.00	1605.50	1606.50	1608.00	1608.50	1609.50	1610.00	1611.00	1612.00	1613.00	1614.00	1614.50	1615.00	1616.00	1616.50	1617.00	1617.00	1618.00	1618.00	1619.00	1619.50	1620.00	1620.00	1621.00	1621.00	1622.00	1622.00	1622.50	1623.00	1623.50	1624.00	1625.00	1625.00	1625.50	1626.00	1627.00	1627.50	1628.00	1629.00	1629.50	1630.00	1631.00	1632.50	1633.00	1634.50	1635.50	1636.00	1637.00	1638.50	1639.50	1640.00	1641.50	1642.50	1644.00	1644.00	1645.50	1647.00	1648.00	1648.50	1649.50	1651.50	1652.50	1654.00	1654.00	1655.50	1656.50	1658.50	1659.50	1660.50	1662.00	1662.50	1664.00	1665.00	1666.00	1666.50	1668.00	1669.00	1669.50	1671.00	1671.00	1672.50	1673.00	1674.50	1675.00	1675.50	1677.00	1677.50	1679.00	1679.00	1680.50	1681.00	1682.00	1682.50	1683.00	1684.00	1685.00	1685.50	1686.00	1687.50	1688.00	1689.00	1690.00	1690.50	1691.00
1424.50	1426.00	1427.00	1427.50	1429.00	1430.50	1431.50	1432.50	1434.50	1435.50	1437.00	1438.00	1439.50	1441.00	1441.00	1441.00	1441.00	1441.00	1442.00	1442.00	1442.00	1442.50	1443.00	1443.00	1443.50	1444.00	1444.00	1445.00	1445.00	1446.00	1446.00	1446.50	1447.00	1447.00	1447.00	1448.00	1448.00	1448.00	1448.00	1448.00	1448.00	1448.00	1448.00	1448.00	1448.00	1449.00	1449.00	1449.00	1449.00	1449.00	1449.00	1449.00	1449.50	1450.00	1450.50	1451.50	1452.50	1453.00	1454.00	1455.50	1456.00	1458.50	1460.00	1462.00	1464.00	1467.00	1469.00	1471.00	1474.00	1475.50	1478.00	1481.00	1483.00	1486.00	1489.00	1492.00	1495.00	1498.00	1500.50	1503.00	1506.00	1509.00	1512.00	1514.00	1517.00	1519.00	1522.00	1525.00	1527.00	1530.00	1531.00	1532.50	1534.00	1535.50	1536.50	1537.50	1539.00	1540.50	1542.00	1543.00	1543.50	1544.00	1545.00	1545.50	1546.00	1547.00	1547.50	1548.00	1548.50	1549.00	1549.50	1550.00	1551.00	1552.00	1552.00	1552.50	1553.00	1554.00	1555.50	1556.50	1558.00	1558.00	1559.50	1561.00	1562.50	1563.50	1564.50	1566.00	1567.50	1570.00	1571.00	1572.50	1573.50	1575.00	1577.00	1578.50	1580.00	1581.00	1583.50	1585.00	1587.50	1588.50	1589.50	1592.00	1593.50	1595.00	1596.00	1597.50	1598.50	1600.50	1601.50	1602.50	1604.00	1605.50	1606.50	1608.00	1608.50	1609.50	1610.00	1611.00	1612.00	1613.00	1614.00	1614.50	1615.00	1616.00	1616.50	1617.00	1617.00	1618.00	1618.00	1619.00	1619.50	1620.00	1620.00	1621.00	1621.00	1622.00	1622.00	1622.50	1623.00	1623.50	1624.00	1625.00	1625.00	1625.50	1626.00	1627.00	1627.50	1628.00	1629.00	1629.50	1630.00	1631.00	1632.50	1633.00	1634.50	1635.50	1636.00	1637.00	1638.50	1639.50	1640.00	1641.50	1642.50	1644.00	1644.00	1645.50	1647.00	1648.00	1648.50	1649.50	1651.50	1652.50	1654.00	1654.00	1655.50	1656.50	1658.50	1659.50	1660.50	1662.00	1662.50	1664.00	1665.00	1666.00	1666.50	1668.00	1669.00	1669.50	1671.00	1671.00	1672.50	1673.00	1674.50	1675.00	1675.50	1677.00	1677.50	1679.00	1679.00	1680.50	1681.00	1682.00	1682.50	1683.00	1684.00	1685.00	1685.50	1686.00	1687.50	1688.00	1689.00	1690.00	1690.50	1691.00
1424.50	1426.00	1427.00	1427.50	1429.00	1430.50	1431.50	1432.50	1434.50	1435.50	1437.00	1438.00	1439.50	1441.00	1441.00	1441.00	1441.00	1441.00	1442.00	1442.00	1442.00	1442.50	1443.00	1443.00	1443.50	1444.00	1444.00	1445.00	1445.00	1446.00	1446.00	1446.50	1447.00	1447.00	1447.00	1448.00	1448.00	1448.00	1448.00	1448.00	1448.00	1448.00	1448.00	1448.00	1448.00	1449.00	1449.00	1449.00	1449.00	1449.00	1449.00	1449.00	1449.50	1450.00	1450.50	1451.50	1452.50	1453.00	1454.00	1455.50	1456.00	1458.50	1460.00	1462.00	1464.00	1467.00	1469.00	1471.00	1474.00	1475.50	1478.00	1481.00	1483.00	1486.00	1489.00	1492.00	1495.00	1498.00	1500.50	1503.00	1506.00	1509.00	1512.00	1514.00	1517.00	1519.00	1522.00	1525.00	1527.00	1530.00	1531.00	1532.50	1534.00	1535.50	1536.50	1537.50	1539.00	1540.50	1542.00	1543.00	1543.50	1544.00	1545.00	1545.50	1546.00	1547.00	1547.50	1548.00	1548.50	1549.00	1549.50	1550.00	1551.00	1552.00	1552.00	1552.50	1553.00	1554.00	1555.50	1556.50	1558.00	1558.00	1559.50	1561.00	1562.50	1563.50	1564.50	1566.00	1567.50	1570.00	1571.00	1572.50	1573.50	1575.00	1577.00	1578.50	1580.00	1581.00	1583.50	1585.00	1587.50	1588.50	1589.50	1592.00	1593.50	1595.00	1596.00	1597.50	1598.50	1600.50	1601.50	1602.50	1604.00	1605.50	1606.50	1608.00	1608.50	1609.50	1610.00	1611.00	1612.00	1613.00	1614.00	1614.50	1615.00	1616.00	1616.50	1617.00	1617.00	1618.00	1618.00	1619.00	1619.50	1620.00	1620.00	1621.00	1621.00	1622.00	1622.00	1622.50	1623.00	1623.50	1624.00	1625.00	1625.00	1625.50	1626.00	1627.00	1627.50	1628.00	1629.00	1629.50	1630.00	1631.00	1632.50	1633.00	1634.50	1635.50	1636.00	1637.00	1638.50	1639.50	1640.00	1641.50	1642.50	1644.00	1644.00	1645.50	1647.00	1648.00	1648.50	1649.50	1651.50	1652.50	1654.00	1654.00	1655.50	1656.50	1658.50	1659.50	1660.50	1662.00	1662.50	1664.00	1665.00	1666.00	1666.50	1668.00	1669.00	1669.50	1671.00	1671.00	1672.50	1673.00	1674.50	1675.00	1675.50	1677.00	1677.50	1679.00	1679.00	1680.50	1681.00	1682.00	1682.50	1683.00	1684.00	1685.00	1685.50	1686.00	1687.50	1688.00	1689.00	1690.00	1690.50	1691.00
1424.50	1426.00	1427.00	1427.50	1429.00	1430.50	1431.50	1432.50	1434.50	1435.50	1437.00	1438.00	1439.50	1441.00	1441.00	1441.00	1441.00	1441.00	1442.00	1442.00	1442.00	1442.50	1443.00	1443.00	1443.50	1444.00	1444.00	1445.00	1445.00	1446.00	1446.00	1446.50	1447.00	1447.00	1447.00	1448.00	1448.00	1448.00	1448.00	1448.00	1448.00	1448.00	1448.00	1448.00	1448.00	1449.00	1449.00	1449.00	1449.00	1449.00	1449.00	1449.00	1449.50	1450.00	1450.50	1451.50	1452.50	1453.00	1454.00	1455.50	1456.00	1458.50	1460.00	1462.00	1464.00	1467.00	1469.00	1471.00	1474.00	1475.50	1478.00	1481.00	1483.00	1486.00	1489.00	1492.00	1495.00	1498.00	1500.50	1503.00	1506.00	1509.00	1512.00	1514.00	1517.00	1519.00	1522.00	1525.00	1527.00	1530.00	1531.00	1532.50	1534.00	1535.50	1536.50	1537.50	1539.00	1540.50	1542.00	1543.00	1543.50	1544.00	1545.00	1545.50	1546.00	1547.00	1547.50	1548.00	1548.50	1549.00	1549.50	1550.00	1551.00	1552.00	1552.00	1552.50	1553.00	1554.00	1555.50	1556.50	1558.00	1558.00	1559.50	1561.00	1562.50	1563.50	1564.50	1566.00	1567.50	1570.00	1571.00	1572.50	1573.50	1575.00	1577.00	1578.50	1580.00	1581.00	1583.50	1585.00	1587.50	1588.50	1589.50	1592.00	1593.50	1595.00	1596.00	1597.50	1598.50	1600.50	1601.50	1602.50	1604.00	1605.50	1606.50	1608.00	1608.50	1609.50	1610.00	1611.00	1612.00	1613.00	1614.00	1614.50	1615.00	1616.00	1616.50	1617.00	1617.00	1618.00	1618.00	1619.00	1619.50	1620.00	1620.00	1621.00	1621.00	1622.00	1622.00	1622.50	1623.00	1623.50	1624.00	1625.00	1625.00	1625.50	1626.00	1627.00	1627.50	1628.00	1629.00	1629.50	1630.00	1631.00	1632.50	1633.00	1634.50	1635.50	1636.00	1637.00	1638.50	1639.50	1640.00	1641.50	1642.50	1644.00	1644.00	1645.50	1647.00	1648.00	1648.50	1649.50	1651.50	1652.50	1654.00	1654.00	1655.50	1656.50	1658.50	1659.50	1660.50	1662.00	1662.50	1664.00	1665.00	1666.00	1666.50	1668.00	1669.00	1669.50	1671.00	1671.00	1672.50	1673.00	1674.50	1675.00	1675.50	1677.00	1677.50	1679.00	1679.00	1680.50	1681.00	1682.00	1682.50	1683.00	1684.00	1685.00	1685.50	1686.00	1687.50	1688.00	1689.00	1690.00	1690.50	1691.00
1424.50	1426.00	1427.00	1427.50	1429.00	1430.50	1431.50	1432.50	1434.50	1435.50	1437.00	1438.00	1439.50	1441.00	1441.00	1441.00	1441.00	1441.00	1442.00	1442.00	1442.00	1442.50	1443.00	1443.00	1443.50	1444.00	1444.00	1445.00	1445.00	1446.00	1446.00	1446.50	1447.00	1447.00	1447.00	1448.00	1448.00	1448.00	1448.00	1448.00	1448.00	1448.00	1448.00	1448.00	1448.00	1449.00	1449.00	1449.00	1449.00	1449.00	1449.00	1449.00	1449.50	1450.00	1450.50	1451.50	1452.50	1453.00	1454.00	1455.50	1456.00	1458.50	1460.00	1462.00	1464.00	1467.00	1469.00	1471.00	1474.00	1475.50	1478.00	1481.00	1483.00	1486.00	1489.00	1492.00	1495.00	1498.00	1500.50	1503.00	1506.00	1509.00	1512.00	1514.00	1517.00	1519.00	1522.00	1525.00	1527.00	1530.00	1531.00	1532.50	1534.00	1535.50	1536.50	1537.50	1539.00	1540.50	1542.00	1543.00	1543.50	1544.00	1545.00	1545.50	1546.00	1547.00	1547.50	1548.00	1548.50	1549.00	1549.50	1550.00	1551.00	1552.00	1552.00	1552.50	1553.00	1554.00	1555.50	1556.50	1558.00	1558.00	1559.50	1561.00	1562.50	1563.50	1564.50	1566.00	1567.50	1570.00	1571.00	1572.50	1573.50	1575.00	1577.00	1578.50	1580.00	1581.00	1583.50	1585.00	1587.50	1588.50	1589.50	1592.00	1593.50	1595.00	1596.00	1597.50	1598.50	1600.50	1601.50	1602.50	1604.00	1605.50	1606.50	1608.00	1608.50	1609.50	1610.00	1611.00	1612.00	1613.00	1614.00	1614.50	1615.00	1616.00	1616.50	1617.00	1617.00	1618.00	1618.00	1619.00	1619.50	1620.00	1620.00	1621.00	1621.00	1622.00	1622.00	1622.50	1623.00	1623.50	1624.00	1625.00	1625.00	1625.50	1626.00	1627.00	1627.50	1628.00	1629.00	1629.50	1630.00	1631.00	1632.50	1633.00	1634.50	1635.50	1636.00	1637.00	1638.50	1639.50	1640.00	1641.50	1642.50	1644.00	1644.00	1645.50	1647.00	1648.00	1648.50	1649.50	1651.50	1652.50	1654.00	1654.00	1655.50	1656.50	1658.50	1659.50	1660.50	1662.00	1662.50	1664.00	1665.00	1666.00	1666.50	1668.00	1669.00	1669.50	1671.00	1671.00	1672.50	1673.00	1674.50	1675.00	1675.50	1677.00	1677.50	1679.00	1679.00	1680.50	1681.00	1682.00	1682.50	1683.00	1684.00	1685.00	1685.50	1686.00	1687.50	1688.00	1689.00	1690.00	1690.50	1691.00
1425.00	1426.00	1427.25	1428.00	1429.50	1431.00	1432.00	1433.00	1435.00	1436.00	1437.50	1438.50	1439.75	1441.00	1441.75	1442.00	1442.25	1443.00	1443.75	1444.50	1444.50	1445.25	1445.75	1446.25	1447.00	1447.50	1448.00	1448.50	1449.25	1450.00	1450.00	1450.50	1451.00	1451.00	1451.00	1451.50	1451.50	1452.00	1452.00	1452.00	1452.00	1452.00	1452.00	1452.00	1452.00	1452.50	1452.75	1453.00	1453.00	1453.00	1453.25	1453.50	1454.00	1454.50	1454.75	1455.75	1456.25	1457.00	1458.00	1459.50	1460.50	1462.75	1464.25	1465.75	1467.50	1470.25	1472.00	1474.00	1477.00	1478.75	1481.50	1484.50	1486.50	1489.50	1492.00	1495.00	1498.00	1501.00	1503.25	1505.50	1508.50	1511.50	1514.50	1516.50	1519.50	1521.50	1524.25	1526.75	1528.25	1531.00	1532.00	1534.00	1535.50	1537.50	1538.50	1539.50	1541.00	1542.25	1543.50	1544.25	1545.00	1545.50	1546.50	1547.00	1548.00	1548.50	1549.25	1550.00	1550.50	1551.00	1551.50	1552.00	1553.00	1553.50	1554.00	1554.75	1555.25	1556.25	1557.50	1558.50	1560.00	1560.00	1561.50	1562.50	1564.00	1565.00	1566.25	1568.00	1569.50	1571.50	1572.50	1574.00	1575.00	1576.75	1578.75	1580.00	1581.50	1582.50	1584.75	1586.50	1588.50	1589.75	1591.00	1593.00	1594.25	1595.50	1596.50	1598.00	1599.00	1601.00	1602.00	1603.00	1604.50	1605.50	1606.25	1607.50	1608.25	1609.00	1609.50	1610.50	1611.25	1612.50	1613.25	1613.75	1614.00	1615.00	1615.50	1616.00	1616.50	1617.00	1617.50	1618.00	1618.50	1619.00	1619.00	1620.00	1620.00	1621.00	1621.00	1621.50	1622.00	1622.25	1622.75	1623.50	1623.50	1624.25	1624.50	1625.50	1626.00	1626.50	1627.50	1628.50	1629.50	1630.50	1632.00	1632.75	1634.00	1635.00	1635.75	1637.00	1638.50	1639.50	1640.50	1642.00	1643.00	1644.00	1644.50	1646.00	1647.50	1648.75	1649.50	1650.50	1652.50	1653.50	1655.00	1655.50	1657.00	1658.00	1660.00	1661.00	1662.00	1663.50	1664.25	1665.50	1666.50	1667.75	1668.50	1670.00	1671.00	1671.50	1673.00	1673.50	1674.75	1675.50	1677.00	1677.50	1678.00	1679.00	1680.00	1681.00	1681.50	1682.50	1683.25	1684.25	1684.75	1685.25	1686.00	1687.25	1687.75	1688.50	1689.75	1690.25	1691.00	1692.00	1692.75	1693.50
1425.50	1426.00	1427.50	1428.50	1430.00	1431.50	1432.50	1433.50	1435.50	1436.50	1438.00	1439.00	1440.00	1441.00	1442.50	1443.00	1443.50	1445.00	1445.50	1447.00	1447.00	1448.00	1448.50	1449.50	1450.50	1451.00	1452.00	1452.00	1453.50	1454.00	1454.00	1454.50	1455.00	1455.00	1455.00	1455.00	1455.00	1456.00	1456.00	1456.00	1456.00	1456.00	1456.00	1456.00	1456.00	1456.00	1456.50	1457.00	1457.00	1457.00	1457.50	1458.00	1458.50	1459.00	1459.00	1460.00	1460.00	1461.00	1462.00	1463.50	1465.00	1467.00	1468.50	1469.50	1471.00	1473.50	1475.00	1477.00	1480.00	1482.00	1485.00	1488.00	1490.00	1493.00	1495.00	1498.00	1501.00	1504.00	1506.00	1508.00	1511.00	1514.00	1517.00	1519.00	1522.00	1524.00	1526.50	1528.50	1529.50	1532.00	1533.00	1535.50	1537.00	1539.50	1540.50	1541.50	1543.00	1544.00	1545.00	1545.50	1546.50	1547.00	1548.00	1548.50	1550.00	1550.00	1551.00	1552.00	1552.50	1553.00	1553.50	1554.00	1555.00	1555.00	1556.00	1557.00	1557.50	1558.50	1559.50	1560.50	1562.00	1562.00	1563.50	1564.00	1565.50	1566.50	1568.00	1570.00	1571.50	1573.00	1574.00	1575.50	1576.50	1578.50	1580.50	1581.50	1583.00	1584.00	1586.00	1588.00	1589.50	1591.00	1592.50	1594.00	1595.00	1596.00	1597.00	1598.50	1599.50	1601.50	1602.50	1603.50	1605.00	1605.50	1606.00	1607.00	1608.00	1608.50	1609.00	1610.00	1610.50	1612.00	1612.50	1613.00	1613.00	1614.00	1614.50	1615.00	1616.00	1616.00	1617.00	1617.00	1617.50	1618.00	1618.00	1619.00	1619.00	1620.00	1620.00	1620.50	1621.00	1621.00	1621.50	1622.00	1622.00	1623.00	1623.00	1624.00	1624.50	1625.00	1626.00	1627.50	1629.00	1630.00	1631.50	1632.50	1633.50	1634.50	1635.50	1637.00	1638.50	1639.50	1641.00	1642.50	1643.50	1644.00	1645.00	1646.50	1648.00	1649.50	1650.50	1651.50	1653.50	1654.50	1656.00	1657.00	1658.50	1659.50	1661.50	1662.50	1663.50	1665.00	1666.00	1667.00	1668.00	1669.50	1670.50	1672.00	1673.00	1673.50	1675.00	1676.00	1677.00	1678.00	1679.50	1680.00	1680.50	1681.00	1682.50	1683.00	1684.00	1684.50	1685.50	1686.50	1687.00	1687.50	1688.00	1689.50	1690.00	1691.00	1692.00	1692.50	1693.00	1694.00	1695.00	1696.00
1425.50	1426.00	1427.50	1428.50	1430.00	1431.50	1432.50	1433.50	1435.50	1436.50	1438.00	1439.00	1440.00	1441.00	1442.50	1443.00	1443.50	1445.00	1445.50	1447.00	1447.00	1448.00	1448.50	1449.50	1450.50	1451.00	1452.00	1452.00	1453.50	1454.00	1454.00	1454.50	1455.00	1455.00	1455.00	1455.00	1455.00	1456.00	1456.00	1456.00	1456.00	1456.00	1456.00	1456.00	1456.00	1456.00	1456.50	1457.00	1457.00	1457.00	1457.50	1458.00	1458.50	1459.00	1459.00	1460.00	1460.00	1461.00	1462.00	1463.50	1465.00	1467.00	1468.50	1469.50	1471.00	1473.50	1475.00	1477.00	1480.00	1482.00	1485.00	1488.00	1490.00	1493.00	1495.00	1498.00	1501.00	1504.00	1506.00	1508.00	1511.00	1514.00	1517.00	1519.00	1522.00	1524.00	1526.50	1528.50	1529.50	1532.00	1533.00	1535.50	1537.00	1539.50	1540.50	1541.50	1543.00	1544.00	1545.00	1545.50	1546.50	1547.00	1548.00	1548.50	1550.00	1550.00	1551.00	1552.00	1552.50	1553.00	1553.50	1554.00	1555.00	1555.00	1556.00	1557.00	1557.50	1558.50	1559.50	1560.50	1562.00	1562.00	1563.50	1564.00	1565.50	1566.50	1568.00	1570.00	1571.50	1573.00	1574.00	1575.50	1576.50	1578.50	1580.50	1581.50	1583.00	1584.00	1586.00	1588.00	1589.50	1591.00	1592.50	1594.00	1595.00	1596.00	1597.00	1598.50	1599.50	1601.50	1602.50	1603.50	1605.00	1605.50	1606.00	1607.00	1608.00	1608.50	1609.00	1610.00	1610.50	1612.00	1612.50	1613.00	1613.00	1614.00	1614.50	1615.00	1616.00	1616.00	1617.00	1617.00	1617.50	1618.00	1618.00	1619.00	1619.00	1620.00	1620.00	1620.50	1621.00	1621.00	1621.50	1622.00	1622.00	1623.00	1623.00	1624.00	1624.50	1625.00	1626.00	1627.50	1629.00	1630.00	1631.50	1632.50	1633.50	1634.50	1635.50	1637.00	1638.50	1639.50	1641.00	1642.50	1643.50	1644.00	1645.00	1646.50	1648.00	1649.50	1650.50	1651.50	1653.50	1654.50	1656.00	1657.00	1658.50	1659.50	1661.50	1662.50	1663.50	1665.00	1666.00	1667.00	1668.00	1669.50	1670.50	1672.00	1673.00	1673.50	1675.00	1676.00	1677.00	1678.00	1679.50	1680.00	1680.50	1681.00	1682.50	1683.00	1684.00	1684.50	1685.50	1686.50	1687.00	1687.50	1688.00	1689.50	1690.00	1691.00	1692.00	1692.50	1693.00	1694.00	1695.00	1696.00
1425.50	1426.00	1427.50	1428.50	1430.00	1431.50	1432.50	1433.50	1435.50	1436.50	1438.00	1439.00	1440.00	1441.00	1442.50	1443.00	1443.50	1445.00	1445.50	1447.00	1447.00	1448.00	1448.50	1449.50	1450.50	1451.00	1452.00	1452.00	1453.50	1454.00	1454.00	1454.50	1455.00	1455.00	1455.00	1455.00	1455.00	1456.00	1456.00	1456.00	1456.00	1456.00	1456.00	1456.00	1456.00	1456.00	1456.50	1457.00	1457.00	1457.00	1457.50	1458.00	1458.50	1459.00	1459.00	1460.00	1460.00	1461.00	1462.00	1463.50	1465.00	1467.00	1468.50	1469.50	1471.00	1473.50	1475.00	1477.00	1480.00	1482.00	1485.00	1488.00	1490.00	1493.00	1495.00	1498.00	1501.00	1504.00	1506.00	1508.00	1511.00	1514.00	1517.00	1519.00	1522.00	1524.00	1526.50	1528.50	1529.50	1532.00	1533.00	1535.50	1537.00	1539.50	1540.50	1541.50	1543.00	1544.00	1545.00	1545.50	1546.50	1547.00	1548.00	1548.50	1550.00	1550.00	1551.00	1552.00	1552.50	1553.00	1553.50	1554.00	1555.00	1555.00	1556.00	1557.00	1557.50	1558.50	1559.50	1560.50	1562.00	1562.00	1563.50	1564.00	1565.50	1566.50	1568.00	1570.00	1571.50	1573.00	1574.00	1575.50	1576.50	1578.50	1580.50	1581.50	1583.00	1584.00	1586.00	1588.00	1589.50	1591.00	1592.50	1594.00	1595.00	1596.00	1597.00	1598.50	1599.50	1601.50	1602.50	1603.50	1605.00	1605.50	1606.00	1607.00	1608.00	1608.50	1609.00	1610.00	1610.50	1612.00	1612.50	1613.00	1613.00	1614.00	1614.50	1615.00	1616.00	1616.00	1617.00	1617.00	1617.50	1618.00	1618.00	1619.00	1619.00	1620.00	1620.00	1620.50	1621.00	1621.00	1621.50	1622.00	1622.00	1623.00	1623.00	1624.00	1624.50	1625.00	1626.00	1627.50	1629.00	1630.00	1631.50	1632.50	1633.50	1634.50	1635.50	1637.00	1638.50	1639.50	1641.00	1642.50	1643.50	1644.00	1645.00	1646.50	1648.00	1649.50	1650.50	1651.50	1653.50	1654.50	1656.00	1657.00	1658.50	1659.50	1661.50	1662.50	1663.50	1665.00	1666.00	1667.00	1668.00	1669.50	1670.50	1672.00	1673.00	1673.50	1675.00	1676.00	1677.00	1678.00	1679.50	1680.00	1680.50	1681.00	1682.50	1683.00	1684.00	1684.50	1685.50	1686.50	1687.00	1687.50	1688.00	1689.50	1690.00	1691.00	1692.00	1692.50	1693.00	1694.00	1695.00	1696.00
1425.50	1426.00	1427.50	1428.50	1430.00	1431.50	1432.50	1433.50	1435.50	1436.50	1438.00	1439.00	1440.00	1441.00	1442.50	1443.00	1443.50	1445.00	1445.50	1447.00	1447.00	1448.00	1448.50	1449.50	1450.50	1451.00	1452.00	1452.00	1453.50	1454.00	1454.00	1454.50	1455.00	1455.00	1455.00	1455.00	1455.00	1456.00	1456.00	1456.00	1456.00	1456.00	1456.00	1456.00	1456.00	1456.00	1456.50	1457.00	1457.00	1457.00	1457.50	1458.00	1458.50	1459.00	1459.00	1460.00	1460.00	1461.00	1462.00	1463.50	1465.00	1467.00	1468.50	1469.50	1471.00	1473.50	1475.00	1477.00	1480.00	1482.00	1485.00	1488.00	1490.00	1493.00	1495.00	1498.00	1501.00	1504.00	1506.00	1508.00	1511.00	1514.00	1517.00	1519.00	1522.00	1524.00	1526.50	1528.50	1529.50	1532.00	1533.00	1535.50	1537.00	1539.50	1540.50	1541.50	1543.00	1544.00	1545.00	1545.50	1546.50	1547.00	1548.00	1548.50	1550.00	1550.00	1551.00	1552.00	1552.50	1553.00	1553.50	1554.00	1555.00	1555.00	1556.00	1557.00	1557.50	1558.50	1559.50	1560.50	1562.00	1562.00	1563.50	1564.00	1565.50	1566.50	1568.00	1570.00	1571.50	1573.00	1574.00	1575.50	1576.50	1578.50	1580.50	1581.50	1583.00	1584.00	1586.00	1588.00	1589.50	1591.00	1592.50	1594.00	1595.00	1596.00	1597.00	1598.50	1599.50	1601.50	1602.50	1603.50	1605.00	1605.50	1606.00	1607.00	1608.00	1608.50	1609.00	1610.00	1610.50	1612.00	1612.50	1613.00	1613.00	1614.00	1614.50	1615.00	1616.00	1616.00	1617.00	1617.00	1617.50	1618.00	1618.00	1619.00	1619.00	1620.00	1620.00	1620.50	1621.00	1621.00	1621.50	1622.00	1622.00	1623.00	1623.00	1624.00	1624.50	1625.00	1626.00	1627.50	1629.00	1630.00	1631.50	1632.50	1633.50	1634.50	1635.50	1637.00	1638.50	1639.50	1641.00	1642.50	1643.50	1644.00	1645.00	1646.50	1648.00	1649.50	1650.50	1651.50	1653.50	1654.50	1656.00	1657.00	1658.50	1659.50	1661.50	1662.50	1663.50	1665.00	1666.00	1667.00	1668.00	1669.50	1670.50	1672.00	1673.00	1673.50	1675.00	1676.00	1677.00	1678.00	1679.50	1680.00	1680.50	1681.00	1682.50	1683.00	1684.00	1684.50	1685.50	1686.50	1687.00	1687.50	1688.00	1689.50	1690.00	1691.00	1692.00	1692.50	1693.00	1694.00	1695.00	1696.00
1425.50	1426.00	1427.50	1428.50	1430.00	1431.50	1432.50	1433.50	1435.50	1436.50	1438.00	1439.00	1440.00	1441.00	1442.50	1443.00	1443.50	1445.00	1445.50	1447.00	1447.00	1448.00	1448.50	1449.50	1450.50	1451.00	1452.00	1452.00	1453.50	1454.00	1454.00	1454.50	1455.00	1455.00	1455.00	1455.00	1455.00	1456.00	1456.00	1456.00	1456.00	1456.00	1456.00	1456.00	1456.00	1456.00	1456.50	1457.00	1457.00	1457.00	1457.50	1458.00	1458.50	1459.00	1459.00	1460.00	1460.00	1461.00	1462.00	1463.50	1465.00	1467.00	1468.50	1469.50	1471.00	1473.50	1475.00	1477.00	1480.00	1482.00	1485.00	1488.00	1490.00	1493.00	1495.00	1498.00	1501.00	1504.00	1506.00	1508.00	1511.00	1514.00	1517.00	1519.00	1522.00	1524.00	1526.50	1528.50	1529.50	1532.00	1533.00	1535.50	1537.00	1539.50	1540.50	1541.50	1543.00	1544.00	1545.00	1545.50	1546.50	1547.00	1548.00	1548.50	1550.00	1550.00	1551.00	1552.00	1552.50	1553.00	1553.50	1554.00	1555.00	1555.00	1556.00	1557.00	1557.50	1558.50	1559.50	1560.50	1562.00	1562.00	1563.50	1564.00	1565.50	1566.50	1568.00	1570.00	1571.50	1573.00	1574.00	1575.50	1576.50	1578.50	1580.50	1581.50	1583.00	1584.00	1586.00	1588.00	1589.50	1591.00	1592.50	1594.00	1595.00	1596.00	1597.00	1598.50	1599.50	1601.50	1602.50	1603.50	1605.00	1605.50	1606.00	1607.00	1608.00	1608.50	1609.00	1610.00	1610.50	1612.00	1612.50	1613.00	1613.00	1614.00	1614.50	1615.00	1616.00	1616.00	1617.00	1617.00	1617.50	1618.00	1618.00	1619.00	1619.00	1620.00	1620.00	1620.50	1621.00	1621.00	1621.50	1622.00	1622.00	1623.00	1623.00	1624.00	1624.50	1625.00	1626.00	1627.50	1629.00	1630.00	1631.50	1632.50	1633.50	1634.50	1635.50	1637.00	1638.50	1639.50	1641.00	1642.50	1643.50	1644.00	1645.00	1646.50	1648.00	1649.50	1650.50	1651.50	1653.50	1654.50	1656.00	1657.00	1658.50	1659.50	1661.50	1662.50	1663.50	1665.00	1666.00	1667.00	1668.00	1669.50	1670.50	1672.00	1673.00	1673.50	1675.00	1676.00	1677.00	1678.00	1679.50	1680.00	1680.50	1681.00	1682.50	1683.00	1684.00	1684.50	1685.50	1686.50	1687.00	1687.50	1688.00	1689.50	1690.00	1691.00	1692.00	1692.50	1693.00	1694.00	1695.00	1696.00
1425.50	1426.00	1427.50	1428.50	1430.00	1431.50	1432.50	1433.50	1435.50	1436.50	1438.00	1439.00	1440.00	1441.00	1442.50	1443.00	1443.50	1445.00	1445.50	1447.00	1447.00	1448.00	1448.50	1449.50	1450.50	1451.00	1452.00	1452.00	1453.50	1454.00	1454.00	1454.50	1455.00	1455.00	1455.00	1455.00	1455.00	1456.00	1456.00	1456.00	1456.00	1456.00	1456.00	1456.00	1456.00	1456.00	1456.50	1457.00	1457.00	1457.00	1457.50	1458.00	1458.50	1459.00	1459.00	1460.00	1460.00	1461.00	1462.00	1463.50	1465.00	1467.00	1468.50	1469.50	1471.00	1473.50	1475.00	1477.00	1480.00	1482.00	1485.00	1488.00	1490.00	1493.00	1495.00	1498.00	1501.00	1504.00	1506.00	1508.00	1511.00	1514.00	1517.00	1519.00	1522.00	1524.00	1526.50	1528.50	1529.50	1532.00	1533.00	1535.50	1537.00	1539.50	1540.50	1541.50	1543.00	1544.00	1545.00	1545.50	1546.50	1547.00	1548.00	1548.50	1550.00	1550.00	1551.00	1552.00	1552.50	1553.00	1553.50	1554.00	1555.00	1555.00	1556.00	1557.00	1557.50	1558.50	1559.50	1560.50	1562.00	1562.00	1563.50	1564.00	1565.50	1566.50	1568.00	1570.00	1571.50	1573.00	1574.00	1575.50	1576.50	1578.50	1580.50	1581.50	1583.00	1584.00	1586.00	1588.00	1589.50	1591.00	1592.50	1594.00	1595.00	1596.00	1597.00	1598.50	1599.50	1601.50	1602.50	1603.50	1605.00	1605.50	1606.00	1607.00	1608.00	1608.50	1609.00	1610.00	1610.50	1612.00	1612.50	1613.00	1613.00	1614.00	1614.50	1615.00	1616.00	1616.00	1617.00	1617.00	1617.50	1618.00	1618.00	1619.00	1619.00	1620.00	1620.00	1620.50	1621.00	1621.00	1621.50	1622.00	1622.00	1623.00	1623.00	1624.00	1624.50	1625.00	1626.00	1627.50	1629.00	1630.00	1631.50	1632.50	1633.50	1634.50	1635.50	1637.00	1638.50	1639.50	1641.00	1642.50	1643.50	1644.00	1645.00	1646.50	1648.00	1649.50	1650.50	1651.50	1653.50	1654.50	1656.00	1657.00	1658.50	1659.50	1661.50	1662.50	1663.50	1665.00	1666.00	1667.00	1668.00	1669.50	1670.50	1672.00	1673.00	1673.50	1675.00	1676.00	1677.00	1678.00	1679.50	1680.00	1680.50	1681.00	1682.50	1683.00	1684.00	1684.50	1685.50	1686.50	1687.00	1687.50	1688.00	1689.50	1690.00	1691.00	1692.00	1692.50	1693.00	1694.00	1695.00	1696.00
1425.50	1426.00	1427.50	1428.50	1430.00	1431.50	1432.50	1433.50	1435.50	1436.50	1438.00	1439.00	1440.00	1441.00	1442.50	1443.00	1443.50	1445.00	1445.50	1447.00	1447.00	1448.00	1448.50	1449.50	1450.50	1451.00	1452.00	1452.00	1453.50	1454.00	1454.00	1454.50	1455.00	1455.00	1455.00	1455.00	1455.00	1456.00	1456.00	1456.00	1456.00	1456.00	1456.00	1456.00	1456.00	1456.00	1456.50	1457.00	1457.00	1457.00	1457.50	1458.00	1458.50	1459.00	1459.00	1460.00	1460.00	1461.00	1462.00	1463.50	1465.00	1467.00	1468.50	1469.50	1471.00	1473.50	1475.00	1477.00	1480.00	1482.00	1485.00	1488.00	1490.00	1493.00	1495.00	1498.00	1501.00	1504.00	1506.00	1508.00	1511.00	1514.00	1517.00	1519.00	1522.00	1524.00	1526.50	1528.50	1529.50	1532.00	1533.00	1535.50	1537.00	1539.50	1540.50	1541.50	1543.00	1544.00	1545.00	1545.50	1546.50	1547.00	1548.00	1548.50	1550.00	1550.00	1551.00	1552.00	1552.50	1553.00	1553.50	1554.00	1555.00	1555.00	1556.00	1557.00	1557.50	1558.50	1559.50	1560.50	1562.00	1562.00	1563.50	1564.00	1565.50	1566.50	1568.00	1570.00	1571.50	1573.00	1574.00	1575.50	1576.50	1578.50	1580.50	1581.50	1583.00	1584.00	1586.00	1588.00	1589.50	1591.00	1592.50	1594.00	1595.00	1596.00	1597.00	1598.50	1599.50	1601.50	1602.50	1603.50	1605.00	1605.50	1606.00	1607.00	1608.00	1608.50	1609.00	1610.00	1610.50	1612.00	1612.50	1613.00	1613.00	1614.00	1614.50	1615.00	1616.00	1616.00	1617.00	1617.00	1617.50	1618.00	1618.00	1619.00	1619.00	1620.00	1620.00	1620.50	1621.00	1621.00	1621.50	1622.00	1622.00	1623.00	1623.00	1624.00	1624.50	1625.00	1626.00	1627.50	1629.00	1630.00	1631.50	1632.50	1633.50	1634.50	1635.50	1637.00	1638.50	1639.50	1641.00	1642.50	1643.50	1644.00	1645.00	1646.50	1648.00	1649.50	1650.50	1651.50	1653.50	1654.50	1656.00	1657.00	1658.50	1659.50	1661.50	1662.50	1663.50	1665.00	1666.00	1667.00	1668.00	1669.50	1670.50	1672.00	1673.00	1673.50	1675.00	1676.00	1677.00	1678.00	1679.50	1680.00	1680.50	1681.00	1682.50	1683.00	1684.00	1684.50	1685.50	1686.50	1687.00	1687.50	1688.00	1689.50	1690.00	1691.00	1692.00	1692.50	1693.00	1694.00	1695.00	1696.00
1425.50	1426.50	1428.00	1429.00	1430.50	1432.00	1433.00	1434.00	1436.00	1436.75	1438.00	1439.00	1440.25	1441.50	1443.00	1443.75	1444.50	1445.50	1446.50	1447.50	1448.00	1449.00	1449.50	1450.50	1451.50	1452.00	1453.00	1453.00	1454.00	1454.50	1455.00	1455.50	1456.00	1456.50	1456.50	1457.00	1457.00	1458.00	1458.00	1458.50	1458.50	1458.75	1459.00	1459.25	1459.50	1459.50	1460.25	1460.50	1460.50	1460.50	1460.75	1461.00	1461.50	1462.00	1462.25	1463.50	1463.75	1465.00	1466.00	1467.50	1469.00	1470.75	1472.00	1473.00	1475.00	1477.25	1479.50	1481.00	1484.00	1486.00	1489.00	1491.75	1493.50	1496.50	1498.50	1501.50	1504.50	1507.25	1509.00	1511.00	1514.00	1517.00	1520.00	1521.50	1524.25	1526.00	1528.50	1530.75	1532.00	1534.50	1535.50	1538.00	1539.50	1541.50	1542.50	1543.50	1544.50	1545.75	1547.00	1548.00	1548.75	1549.25	1550.50	1551.00	1552.00	1552.50	1553.25	1554.50	1555.00	1555.50	1556.00	1556.50	1557.75	1558.00	1559.00	1559.75	1560.50	1561.50	1562.25	1563.00	1564.50	1565.00	1566.00	1567.00	1568.50	1569.25	1570.25	1572.00	1573.50	1575.00	1576.00	1577.50	1578.50	1580.25	1582.00	1583.00	1584.50	1585.50	1587.25	1589.00	1590.00	1591.25	1592.50	1594.00	1594.75	1596.00	1597.00	1598.50	1599.25	1601.00	1601.75	1602.50	1604.00	1604.50	1605.25	1606.00	1607.00	1607.50	1608.00	1609.00	1609.50	1610.50	1611.00	1611.50	1611.75	1612.75	1613.25	1614.00	1614.50	1614.50	1615.00	1615.50	1615.75	1616.00	1616.00	1617.00	1617.00	1617.50	1618.00	1618.25	1618.75	1619.00	1619.25	1620.00	1620.00	1620.75	1621.00	1622.25	1623.00	1623.75	1625.00	1626.50	1627.50	1628.50	1630.25	1631.25	1633.00	1634.00	1635.00	1636.50	1638.00	1639.00	1640.50	1642.00	1643.00	1644.00	1645.00	1646.75	1648.50	1650.00	1651.00	1652.00	1654.00	1655.00	1656.50	1657.50	1659.00	1660.25	1662.50	1663.50	1664.50	1666.00	1667.25	1668.50	1669.50	1671.00	1672.00	1673.50	1674.75	1675.25	1676.50	1677.50	1678.75	1680.00	1681.25	1681.75	1682.50	1683.00	1684.25	1685.00	1686.00	1686.50	1687.25	1688.25	1688.75	1689.25	1690.00	1691.00	1691.50	1692.50	1693.25	1694.00	1694.50	1695.50	1696.00	1697.00
1425.50	1427.00	1428.50	1429.50	1431.00	1432.50	1433.50	1434.50	1436.50	1437.00	1438.00	1439.00	1440.50	1442.00	1443.50	1444.50	1445.50	1446.00	1447.50	1448.00	1449.00	1450.00	1450.50	1451.50	1452.50	1453.00	1454.00	1454.00	1454.50	1455.00	1456.00	1456.50	1457.00	1458.00	1458.00	1459.00	1459.00	1460.00	1460.00	1461.00	1461.00	1461.50	1462.00	1462.50	1463.00	1463.00	1464.00	1464.00	1464.00	1464.00	1464.00	1464.00	1464.50	1465.00	1465.50	1467.00	1467.50	1469.00	1470.00	1471.50	1473.00	1474.50	1475.50	1476.50	1479.00	1481.00	1484.00	1485.00	1488.00	1490.00	1493.00	1495.50	1497.00	1500.00	1502.00	1505.00	1508.00	1510.50	1512.00	1514.00	1517.00	1520.00	1523.00	1524.00	1526.50	1528.00	1530.50	1533.00	1534.50	1537.00	1538.00	1540.50	1542.00	1543.50	1544.50	1545.50	1546.00	1547.50	1549.00	1550.50	1551.00	1551.50	1553.00	1553.50	1554.00	1555.00	1555.50	1557.00	1557.50	1558.00	1558.50	1559.00	1560.50	1561.00	1562.00	1562.50	1563.50	1564.50	1565.00	1565.50	1567.00	1568.00	1568.50	1570.00	1571.50	1572.00	1572.50	1574.00	1575.50	1577.00	1578.00	1579.50	1580.50	1582.00	1583.50	1584.50	1586.00	1587.00	1588.50	1590.00	1590.50	1591.50	1592.50	1594.00	1594.50	1596.00	1597.00	1598.50	1599.00	1600.50	1601.00	1601.50	1603.00	1603.50	1604.50	1605.00	1606.00	1606.50	1607.00	1608.00	1608.50	1609.00	1609.50	1610.00	1610.50	1611.50	1612.00	1613.00	1613.00	1613.00	1613.00	1614.00	1614.00	1614.00	1614.00	1615.00	1615.00	1615.00	1616.00	1616.00	1616.50	1617.00	1617.00	1618.00	1618.00	1618.50	1619.00	1620.50	1621.50	1622.50	1624.00	1625.50	1626.00	1627.00	1629.00	1630.00	1632.50	1633.50	1634.50	1636.00	1637.50	1638.50	1640.00	1641.50	1642.50	1644.00	1645.00	1647.00	1649.00	1650.50	1651.50	1652.50	1654.50	1655.50	1657.00	1658.00	1659.50	1661.00	1663.50	1664.50	1665.50	1667.00	1668.50	1670.00	1671.00	1672.50	1673.50	1675.00	1676.50	1677.00	1678.00	1679.00	1680.50	1682.00	1683.00	1683.50	1684.50	1685.00	1686.00	1687.00	1688.00	1688.50	1689.00	1690.00	1690.50	1691.00	1692.00	1692.50	1693.00	1694.00	1694.50	1695.50	1696.00	1697.00	1697.00	1698.00
1425.50	1427.00	1428.50	1429.50	1431.00	1432.50	1433.50	1434.50	1436.50	1437.00	1438.00	1439.00	1440.50	1442.00	1443.50	1444.50	1445.50	1446.00	1447.50	1448.00	1449.00	1450.00	1450.50	1451.50	1452.50	1453.00	1454.00	1454.00	1454.50	1455.00	1456.00	1456.50	1457.00	1458.00	1458.00	1459.00	1459.00	1460.00	1460.00	1461.00	1461.00	1461.50	1462.00	1462.50	1463.00	1463.00	1464.00	1464.00	1464.00	1464.00	1464.00	1464.00	1464.50	1465.00	1465.50	1467.00	1467.50	1469.00	1470.00	1471.50	1473.00	1474.50	1475.50	1476.50	1479.00	1481.00	1484.00	1485.00	1488.00	1490.00	1493.00	1495.50	1497.00	1500.00	1502.00	1505.00	1508.00	1510.50	1512.00	1514.00	1517.00	1520.00	1523.00	1524.00	1526.50	1528.00	1530.50	1533.00	1534.50	1537.00	1538.00	1540.50	1542.00	1543.50	1544.50	1545.50	1546.00	1547.50	1549.00	1550.50	1551.00	1551.50	1553.00	1553.50	1554.00	1555.00	1555.50	1557.00	1557.50	1558.00	1558.50	1559.00	1560.50	1561.00	1562.00	1562.50	1563.50	1564.50	1565.00	1565.50	1567.00	1568.00	1568.50	1570.00	1571.50	1572.00	1572.50	1574.00	1575.50	1577.00	1578.00	1579.50	1580.50	1582.00	1583.50	1584.50	1586.00	1587.00	1588.50	1590.00	1590.50	1591.50	1592.50	1594.00	1594.50	1596.00	1597.00	1598.50	1599.00	1600.50	1601.00	1601.50	1603.00	1603.50	1604.50	1605.00	1606.00	1606.50	1607.00	1608.00	1608.50	1609.00	1609.50	1610.00	1610.50	1611.50	1612.00	1613.00	1613.00	1613.00	1613.00	1614.00	1614.00	1614.00	1614.00	1615.00	1615.00	1615.00	1616.00	1616.00	1616.50	1617.00	1617.00	1618.00	1618.00	1618.50	1619.00	1620.50	1621.50	1622.50	1624.00	1625.50	1626.00	1627.00	1629.00	1630.00	1632.50	1633.50	1634.50	1636.00	1637.50	1638.50	1640.00	1641.50	1642.50	1644.00	1645.00	1647.00	1649.00	1650.50	1651.50	1652.50	1654.50	1655.50	1657.00	1658.00	1659.50	1661.00	1663.50	1664.50	1665.50	1667.00	1668.50	1670.00	1671.00	1672.50	1673.50	1675.00	1676.50	1677.00	1678.00	1679.00	1680.50	1682.00	1683.00	1683.50	1684.50	1685.00	1686.00	1687.00	1688.00	1688.50	1689.00	1690.00	1690.50	1691.00	1692.00	1692.50	1693.00	1694.00	1694.50	1695.50	1696.00	1697.00	1697.00	1698.00
1425.50	1427.00	1428.50	1429.50	1431.00	1432.50	1433.50	1434.50	1436.50	1437.00	1438.00	1439.00	1440.50	1442.00	1443.50	1444.50	1445.50	1446.00	1447.50	1448.00	1449.00	1450.00	1450.50	1451.50	1452.50	1453.00	1454.00	1454.00	1454.50	1455.00	1456.00	1456.50	1457.00	1458.00	1458.00	1459.00	1459.00	1460.00	1460.00	1461.00	1461.00	1461.50	1462.00	1462.50	1463.00	1463.00	1464.00	1464.00	1464.00	1464.00	1464.00	1464.00	1464.50	1465.00	1465.50	1467.00	1467.50	1469.00	1470.00	1471.50	1473.00	1474.50	1475.50	1476.50	1479.00	1481.00	1484.00	1485.00	1488.00	1490.00	1493.00	1495.50	1497.00	1500.00	1502.00	1505.00	1508.00	1510.50	1512.00	1514.00	1517.00	1520.00	1523.00	1524.00	1526.50	1528.00	1530.50	1533.00	1534.50	1537.00	1538.00	1540.50	1542.00	1543.50	1544.50	1545.50	1546.00	1547.50	1549.00	1550.50	1551.00	1551.50	1553.00	1553.50	1554.00	1555.00	1555.50	1557.00	1557.50	1558.00	1558.50	1559.00	1560.50	1561.00	1562.00	1562.50	1563.50	1564.50	1565.00	1565.50	1567.00	1568.00	1568.50	1570.00	1571.50	1572.00	1572.50	1574.00	1575.50	1577.00	1578.00	1579.50	1580.50	1582.00	1583.50	1584.50	1586.00	1587.00	1588.50	1590.00	1590.50	1591.50	1592.50	1594.00	1594.50	1596.00	1597.00	1598.50	1599.00	1600.50	1601.00	1601.50	1603.00	1603.50	1604.50	1605.00	1606.00	1606.50	1607.00	1608.00	1608.50	1609.00	1609.50	1610.00	1610.50	1611.50	1612.00	1613.00	1613.00	1613.00	1613.00	1614.00	1614.00	1614.00	1614.00	1615.00	1615.00	1615.00	1616.00	1616.00	1616.50	1617.00	1617.00	1618.00	1618.00	1618.50	1619.00	1620.50	1621.50	1622.50	1624.00	1625.50	1626.00	1627.00	1629.00	1630.00	1632.50	1633.50	1634.50	1636.00	1637.50	1638.50	1640.00	1641.50	1642.50	1644.00	1645.00	1647.00	1649.00	1650.50	1651.50	1652.50	1654.50	1655.50	1657.00	1658.00	1659.50	1661.00	1663.50	1664.50	1665.50	1667.00	1668.50	1670.00	1671.00	1672.50	1673.50	1675.00	1676.50	1677.00	1678.00	1679.00	1680.50	1682.00	1683.00	1683.50	1684.50	1685.00	1686.00	1687.00	1688.00	1688.50	1689.00	1690.00	1690.50	1691.00	1692.00	1692.50	1693.00	1694.00	1694.50	1695.50	1696.00	1697.00	1697.00	1698.00
1425.50	1427.00	1428.50	1429.50	1431.00	1432.50	1433.50	1434.50	1436.50	1437.00	1438.00	1439.00	1440.50	1442.00	1443.50	1444.50	1445.50	1446.00	1447.50	1448.00	1449.00	1450.00	1450.50	1451.50	1452.50	1453.00	1454.00	1454.00	1454.50	1455.00	1456.00	1456.50	1457.00	1458.00	1458.00	1459.00	1459.00	1460.00	1460.00	1461.00	1461.00	1461.50	1462.00	1462.50	1463.00	1463.00	1464.00	1464.00	1464.00	1464.00	1464.00	1464.00	1464.50	1465.00	1465.50	1467.00	1467.50	1469.00	1470.00	1471.50	1473.00	1474.50	1475.50	1476.50	1479.00	1481.00	1484.00	1485.00	1488.00	1490.00	1493.00	1495.50	1497.00	1500.00	1502.00	1505.00	1508.00	1510.50	1512.00	1514.00	1517.00	1520.00	1523.00	1524.00	1526.50	1528.00	1530.50	1533.00	1534.50	1537.00	1538.00	1540.50	1542.00	1543.50	1544.50	1545.50	1546.00	1547.50	1549.00	1550.50	1551.00	1551.50	1553.00	1553.50	1554.00	1555.00	1555.50	1557.00	1557.50	1558.00	1558.50	1559.00	1560.50	1561.00	1562.00	1562.50	1563.50	1564.50	1565.00	1565.50	1567.00	1568.00	1568.50	1570.00	1571.50	1572.00	1572.50	1574.00	1575.50	1577.00	1578.00	1579.50	1580.50	1582.00	1583.50	1584.50	1586.00	1587.00	1588.50	1590.00	1590.50	1591.50	1592.50	1594.00	1594.50	1596.00	1597.00	1598.50	1599.00	1600.50	1601.00	1601.50	1603.00	1603.50	1604.50	1605.00	1606.00	1606.50	1607.00	1608.00	1608.50	1609.00	1609.50	1610.00	1610.50	1611.50	1612.00	1613.00	1613.00	1613.00	1613.00	1614.00	1614.00	1614.00	1614.00	1615.00	1615.00	1615.00	1616.00	1616.00	1616.50	1617.00	1617.00	1618.00	1618.00	1618.50	1619.00	1620.50	1621.50	1622.50	1624.00	1625.50	1626.00	1627.00	1629.00	1630.00	1632.50	1633.50	1634.50	1636.00	1637.50	1638.50	1640.00	1641.50	1642.50	1644.00	1645.00	1647.00	1649.00	1650.50	1651.50	1652.50	1654.50	1655.50	1657.00	1658.00	1659.50	1661.00	1663.50	1664.50	1665.50	1667.00	1668.50	1670.00	1671.00	1672.50	1673.50	1675.00	1676.50	1677.00	1678.00	1679.00	1680.50	1682.00	1683.00	1683.50	1684.50	1685.00	1686.00	1687.00	1688.00	1688.50	1689.00	1690.00	1690.50	1691.00	1692.00	1692.50	1693.00	1694.00	1694.50	1695.50	1696.00	1697.00	1697.00	1698.00
1425.50	1427.00	1428.50	1429.50	1431.00	1432.50	1433.50	1434.50	1436.50	1437.00	1438.00	1439.00	1440.50	1442.00	1443.50	1444.50	1445.50	1446.00	1447.50	1448.00	1449.00	1450.00	1450.50	1451.50	1452.50	1453.00	1454.00	1454.00	1454.50	1455.00	1456.00	1456.50	1457.00	1458.00	1458.00	1459.00	1459.00	1460.00	1460.00	1461.00	1461.00	1461.50	1462.00	1462.50	1463.00	1463.00	1464.00	1464.00	1464.00	1464.00	1464.00	1464.00	1464.50	1465.00	1465.50	1467.00	1467.50	1469.00	1470.00	1471.50	1473.00	1474.50	1475.50	1476.50	1479.00	1481.00	1484.00	1485.00	1488.00	1490.00	1493.00	1495.50	1497.00	1500.00	1502.00	1505.00	1508.00	1510.50	1512.00	1514.00	1517.00	1520.00	1523.00	1524.00	1526.50	1528.00	1530.50	1533.00	1534.50	1537.00	1538.00	1540.50	1542.00	1543.50	1544.50	1545.50	1546.00	1547.50	1549.00	1550.50	1551.00	1551.50	1553.00	1553.50	1554.00	1555.00	1555.50	1557.00	1557.50	1558.00	1558.50	1559.00	1560.50	1561.00	1562.00	1562.50	1563.50	1564.50	1565.00	1565.50	1567.00	1568.00	1568.50	1570.00	1571.50	1572.00	1572.50	1574.00	1575.50	1577.00	1578.00	1579.50	1580.50	1582.00	1583.50	1584.50	1586.00	1587.00	1588.50	1590.00	1590.50	1591.50	1592.50	1594.00	1594.50	1596.00	1597.00	1598.50	1599.00	1600.50	1601.00	1601.50	1603.00	1603.50	1604.50	1605.00	1606.00	1606.50	1607.00	1608.00	1608.50	1609.00	1609.50	1610.00	1610.50	1611.50	1612.00	1613.00	1613.00	1613.00	1613.00	1614.00	1614.00	1614.00	1614.00	1615.00	1615.00	1615.00	1616.00	1616.00	1616.50	1617.00	1617.00	1618.00	1618.00	1618.50	1619.00	1620.50	1621.50	1622.50	1624.00	1625.50	1626.00	1627.00	1629.00	1630.00	1632.50	1633.50	1634.50	1636.00	1637.50	1638.50	1640.00	1641.50	1642.50	1644.00	1645.00	1647.00	1649.00	1650.50	1651.50	1652.50	1654.50	1655.50	1657.00	1658.00	1659.50	1661.00	1663.50	1664.50	1665.50	1667.00	1668.50	1670.00	1671.00	1672.50	1673.50	1675.00	1676.50	1677.00	1678.00	1679.00	1680.50	1682.00	1683.00	1683.50	1684.50	1685.00	1686.00	1687.00	1688.00	1688.50	1689.00	1690.00	1690.50	1691.00	1692.00	1692.50	1693.00	1694.00	1694.50	1695.50	1696.00	1697.00	1697.00	1698.00
1425.50	1427.00	1428.50	1429.50	1431.00	1432.50	1433.50	1434.50	1436.50	1437.00	1438.00	1439.00	1440.50	1442.00	1443.50	1444.50	1445.50	1446.00	1447.50	1448.00	1449.00	1450.00	1450.50	1451.50	1452.50	1453.00	1454.00	1454.00	1454.50	1455.00	1456.00	1456.50	1457.00	1458.00	1458.00	1459.00	1459.00	1460.00	1460.00	1461.00	1461.00	1461.50	1462.00	1462.50	1463.00	1463.00	1464.00	1464.00	1464.00	1464.00	1464.00	1464.00	1464.50	1465.00	1465.50	1467.00	1467.50	1469.00	1470.00	1471.50	1473.00	1474.50	1475.50	1476.50	1479.00	1481.00	1484.00	1485.00	1488.00	1490.00	1493.00	1495.50	1497.00	1500.00	1502.00	1505.00	1508.00	1510.50	1512.00	1514.00	1517.00	1520.00	1523.00	1524.00	1526.50	1528.00	1530.50	1533.00	1534.50	1537.00	1538.00	1540.50	1542.00	1543.50	1544.50	1545.50	1546.00	1547.50	1549.00	1550.50	1551.00	1551.50	1553.00	1553.50	1554.00	1555.00	1555.50	1557.00	1557.50	1558.00	1558.50	1559.00	1560.50	1561.00	1562.00	1562.50	1563.50	1564.50	1565.00	1565.50	1567.00	1568.00	1568.50	1570.00	1571.50	1572.00	1572.50	1574.00	1575.50	1577.00	1578.00	1579.50	1580.50	1582.00	1583.50	1584.50	1586.00	1587.00	1588.50	1590.00	1590.50	1591.50	1592.50	1594.00	1594.50	1596.00	1597.00	1598.50	1599.00	1600.50	1601.00	1601.50	1603.00	1603.50	1604.50	1605.00	1606.00	1606.50	1607.00	1608.00	1608.50	1609.00	1609.50	1610.00	1610.50	1611.50	1612.00	1613.00	1613.00	1613.00	1613.00	1614.00	1614.00	1614.00	1614.00	1615.00	1615.00	1615.00	1616.00	1616.00	1616.50	1617.00	1617.00	1618.00	1618.00	1618.50	1619.00	1620.50	1621.50	1622.50	1624.00	1625.50	1626.00	1627.00	1629.00	1630.00	1632.50	1633.50	1634.50	1636.00	1637.50	1638.50	1640.00	1641.50	1642.50	1644.00	1645.00	1647.00	1649.00	1650.50	1651.50	1652.50	1654.50	1655.50	1657.00	1658.00	1659.50	1661.00	1663.50	1664.50	1665.50	1667.00	1668.50	1670.00	1671.00	1672.50	1673.50	1675.00	1676.50	1677.00	1678.00	1679.00	1680.50	1682.00	1683.00	1683.50	1684.50	1685.00	1686.00	1687.00	1688.00	1688.50	1689.00	1690.00	1690.50	1691.00	1692.00	1692.50	1693.00	1694.00	1694.50	1695.50	1696.00	1697.00	1697.00	1698.00
1425.50	1427.00	1428.50	1429.50	1431.00	1432.50	1433.50	1434.50	1436.50	1437.00	1438.00	1439.00	1440.50	1442.00	1443.50	1444.50	1445.50	1446.00	1447.50	1448.00	1449.00	1450.00	1450.50	1451.50	1452.50	1453.00	1454.00	1454.00	1454.50	1455.00	1456.00	1456.50	1457.00	1458.00	1458.00	1459.00	1459.00	1460.00	1460.00	1461.00	1461.00	1461.50	1462.00	1462.50	1463.00	1463.00	1464.00	1464.00	1464.00	1464.00	1464.00	1464.00	1464.50	1465.00	1465.50	1467.00	1467.50	1469.00	1470.00	1471.50	1473.00	1474.50	1475.50	1476.50	1479.00	1481.00	1484.00	1485.00	1488.00	1490.00	1493.00	1495.50	1497.00	1500.00	1502.00	1505.00	1508.00	1510.50	1512.00	1514.00	1517.00	1520.00	1523.00	1524.00	1526.50	1528.00	1530.50	1533.00	1534.50	1537.00	1538.00	1540.50	1542.00	1543.50	1544.50	1545.50	1546.00	1547.50	1549.00	1550.50	1551.00	1551.50	1553.00	1553.50	1554.00	1555.00	1555.50	1557.00	1557.50	1558.00	1558.50	1559.00	1560.50	1561.00	1562.00	1562.50	1563.50	1564.50	1565.00	1565.50	1567.00	1568.00	1568.50	1570.00	1571.50	1572.00	1572.50	1574.00	1575.50	1577.00	1578.00	1579.50	1580.50	1582.00	1583.50	1584.50	1586.00	1587.00	1588.50	1590.00	1590.50	1591.50	1592.50	1594.00	1594.50	1596.00	1597.00	1598.50	1599.00	1600.50	1601.00	1601.50	1603.00	1603.50	1604.50	1605.00	1606.00	1606.50	1607.00	1608.00	1608.50	1609.00	1609.50	1610.00	1610.50	1611.50	1612.00	1613.00	1613.00	1613.00	1613.00	1614.00	1614.00	1614.00	1614.00	1615.00	1615.00	1615.00	1616.00	1616.00	1616.50	1617.00	1617.00	1618.00	1618.00	1618.50	1619.00	1620.50	1621.50	1622.50	1624.00	1625.50	1626.00	1627.00	1629.00	1630.00	1632.50	1633.50	1634.50	1636.00	1637.50	1638.50	1640.00	1641.50	1642.50	1644.00	1645.00	1647.00	1649.00	1650.50	1651.50	1652.50	1654.50	1655.50	1657.00	1658.00	1659.50	1661.00	1663.50	1664.50	1665.50	1667.00	1668.50	1670.00	1671.00	1672.50	1673.50	1675.00	1676.50	1677.00	1678.00	1679.00	1680.50	1682.00	1683.00	1683.50	1684.50	1685.00	1686.00	1687.00	1688.00	1688.50	1689.00	1690.00	1690.50	1691.00	1692.00	1692.50	1693.00	1694.00	1694.50	1695.50	1696.00	1697.00	1697.00	1698.00
1427.50	1429.00	1430.50	1431.50	1432.00	1433.50	1434.50	1435.50	1437.50	1438.50	1440.00	1441.00	1442.50	1443.00	1444.50	1445.00	1445.50	1447.00	1447.50	1449.00	1450.00	1450.50	1451.50	1452.50	1453.00	1453.00	1454.00	1454.00	1455.00	1456.00	1456.50	1457.00	1457.50	1458.00	1459.00	1460.00	1460.00	1461.00	1461.00	1462.00	1462.50	1463.00	1464.00	1464.50	1465.00	1466.00	1466.00	1466.50	1467.00	1467.50	1468.00	1469.00	1470.50	1471.00	1471.50	1473.50	1474.50	1475.00	1476.00	1477.50	1479.00	1481.50	1482.50	1484.00	1486.00	1488.50	1491.00	1492.00	1494.50	1496.00	1498.50	1501.00	1503.00	1506.00	1507.00	1510.00	1513.00	1516.00	1518.00	1519.50	1522.00	1524.00	1527.00	1528.00	1531.00	1532.50	1534.50	1537.00	1538.50	1540.00	1541.00	1543.50	1545.00	1546.50	1547.50	1548.50	1550.00	1551.50	1553.00	1554.50	1555.50	1556.50	1558.50	1559.00	1560.00	1561.00	1562.00	1563.00	1564.00	1564.50	1565.00	1566.00	1566.50	1568.00	1568.00	1569.00	1569.50	1570.50	1571.00	1571.50	1573.00	1573.00	1574.00	1575.00	1576.00	1576.50	1577.00	1578.00	1579.00	1580.00	1581.00	1582.00	1582.50	1584.00	1585.50	1586.00	1587.00	1588.00	1588.50	1589.00	1590.50	1591.00	1591.50	1593.00	1593.50	1595.00	1595.00	1596.50	1597.00	1598.00	1598.50	1599.50	1600.00	1601.00	1601.50	1602.00	1603.00	1603.50	1604.00	1604.00	1605.00	1606.00	1606.00	1606.50	1607.00	1607.00	1607.00	1608.00	1608.00	1608.00	1608.00	1609.00	1609.00	1609.00	1609.00	1610.00	1610.00	1610.00	1610.50	1611.00	1611.00	1611.50	1612.00	1613.00	1613.00	1614.50	1616.00	1616.50	1617.50	1618.50	1620.00	1620.50	1622.00	1623.00	1625.00	1626.50	1628.50	1629.50	1630.50	1633.00	1634.50	1635.50	1637.00	1639.50	1641.00	1643.00	1644.00	1646.00	1648.00	1650.00	1651.50	1652.50	1655.50	1656.50	1658.00	1659.00	1660.50	1661.50	1664.50	1665.50	1666.50	1668.00	1669.50	1671.00	1672.00	1673.50	1674.50	1676.00	1677.50	1678.50	1680.00	1680.00	1681.50	1682.00	1683.00	1683.50	1684.50	1685.00	1686.00	1687.00	1688.00	1688.50	1689.00	1690.50	1691.00	1691.50	1692.00	1693.00	1693.50	1694.00	1695.00	1695.00	1696.00	1696.00	1696.50	1697.00
1427.50	1429.00	1430.50	1431.50	1432.00	1433.50	1434.50	1435.50	1437.50	1438.50	1440.00	1441.00	1442.50	1443.00	1444.50	1445.00	1445.50	1447.00	1447.50	1449.00	1450.00	1450.50	1451.50	1452.50	1453.00	1453.00	1454.00	1454.00	1455.00	1456.00	1456.50	1457.00	1457.50	1458.00	1459.00	1460.00	1460.00	1461.00	1461.00	1462.00	1462.50	1463.00	1464.00	1464.50	1465.00	1466.00	1466.00	1466.50	1467.00	1467.50	1468.00	1469.00	1470.50	1471.00	1471.50	1473.50	1474.50	1475.00	1476.00	1477.50	1479.00	1481.50	1482.50	1484.00	1486.00	1488.50	1491.00	1492.00	1494.50	1496.00	1498.50	1501.00	1503.00	1506.00	1507.00	1510.00	1513.00	1516.00	1518.00	1519.50	1522.00	1524.00	1527.00	1528.00	1531.00	1532.50	1534.50	1537.00	1538.50	1540.00	1541.00	1543.50	1545.00	1546.50	1547.50	1548.50	1550.00	1551.50	1553.00	1554.50	1555.50	1556.50	1558.50	1559.00	1560.00	1561.00	1562.00	1563.00	1564.00	1564.50	1565.00	1566.00	1566.50	1568.00	1568.00	1569.00	1569.50	1570.50	1571.00	1571.50	1573.00	1573.00	1574.00	1575.00	1576.00	1576.50	1577.00	1578.00	1579.00	1580.00	1581.00	1582.00	1582.50	1584.00	1585.50	1586.00	1587.00	1588.00	1588.50	1589.00	1590.50	1591.00	1591.50	1593.00	1593.50	1595.00	1595.00	1596.50	1597.00	1598.00	1598.50	1599.50	1600.00	1601.00	1601.50	1602.00	1603.00	1603.50	1604.00	1604.00	1605.00	1606.00	1606.00	1606.50	1607.00	1607.00	1607.00	1608.00	1608.00	1608.00	1608.00	1609.00	1609.00	1609.00	1609.00	1610.00	1610.00	1610.00	1610.50	1611.00	1611.00	1611.50	1612.00	1613.00	1613.00	1614.50	1616.00	1616.50	1617.50	1618.50	1620.00	1620.50	1622.00	1623.00	1625.00	1626.50	1628.50	1629.50	1630.50	1633.00	1634.50	1635.50	1637.00	1639.50	1641.00	1643.00	1644.00	1646.00	1648.00	1650.00	1651.50	1652.50	1655.50	1656.50	1658.00	1659.00	1660.50	1661.50	1664.50	1665.50	1666.50	1668.00	1669.50	1671.00	1672.00	1673.50	1674.50	1676.00	1677.50	1678.50	1680.00	1680.00	1681.50	1682.00	1683.00	1683.50	1684.50	1685.00	1686.00	1687.00	1688.00	1688.50	1689.00	1690.50	1691.00	1691.50	1692.00	1693.00	1693.50	1694.00	1695.00	1695.00	1696.00	1696.00	1696.50	1697.00
1427.50	1429.00	1430.50	1431.50	1432.00	1433.50	1434.50	1435.50	1437.50	1438.50	1440.00	1441.00	1442.50	1443.00	1444.50	1445.00	1445.50	1447.00	1447.50	1449.00	1450.00	1450.50	1451.50	1452.50	1453.00	1453.00	1454.00	1454.00	1455.00	1456.00	1456.50	1457.00	1457.50	1458.00	1459.00	1460.00	1460.00	1461.00	1461.00	1462.00	1462.50	1463.00	1464.00	1464.50	1465.00	1466.00	1466.00	1466.50	1467.00	1467.50	1468.00	1469.00	1470.50	1471.00	1471.50	1473.50	1474.50	1475.00	1476.00	1477.50	1479.00	1481.50	1482.50	1484.00	1486.00	1488.50	1491.00	1492.00	1494.50	1496.00	1498.50	1501.00	1503.00	1506.00	1507.00	1510.00	1513.00	1516.00	1518.00	1519.50	1522.00	1524.00	1527.00	1528.00	1531.00	1532.50	1534.50	1537.00	1538.50	1540.00	1541.00	1543.50	1545.00	1546.50	1547.50	1548.50	1550.00	1551.50	1553.00	1554.50	1555.50	1556.50	1558.50	1559.00	1560.00	1561.00	1562.00	1563.00	1564.00	1564.50	1565.00	1566.00	1566.50	1568.00	1568.00	1569.00	1569.50	1570.50	1571.00	1571.50	1573.00	1573.00	1574.00	1575.00	1576.00	1576.50	1577.00	1578.00	1579.00	1580.00	1581.00	1582.00	1582.50	1584.00	1585.50	1586.00	1587.00	1588.00	1588.50	1589.00	1590.50	1591.00	1591.50	1593.00	1593.50	1595.00	1595.00	1596.50	1597.00	1598.00	1598.50	1599.50	1600.00	1601.00	1601.50	1602.00	1603.00	1603.50	1604.00	1604.00	1605.00	1606.00	1606.00	1606.50	1607.00	1607.00	1607.00	1608.00	1608.00	1608.00	1608.00	1609.00	1609.00	1609.00	1609.00	1610.00	1610.00	1610.00	1610.50	1611.00	1611.00	1611.50	1612.00	1613.00	1613.00	1614.50	1616.00	1616.50	1617.50	1618.50	1620.00	1620.50	1622.00	1623.00	1625.00	1626.50	1628.50	1629.50	1630.50	1633.00	1634.50	1635.50	1637.00	1639.50	1641.00	1643.00	1644.00	1646.00	1648.00	1650.00	1651.50	1652.50	1655.50	1656.50	1658.00	1659.00	1660.50	1661.50	1664.50	1665.50	1666.50	1668.00	1669.50	1671.00	1672.00	1673.50	1674.50	1676.00	1677.50	1678.50	1680.00	1680.00	1681.50	1682.00	1683.00	1683.50	1684.50	1685.00	1686.00	1687.00	1688.00	1688.50	1689.00	1690.50	1691.00	1691.50	1692.00	1693.00	1693.50	1694.00	1695.00	1695.00	1696.00	1696.00	1696.50	1697.00
1427.50	1429.00	1430.50	1431.50	1432.00	1433.50	1434.50	1435.50	1437.50	1438.50	1440.00	1441.00	1442.50	1443.00	1444.50	1445.00	1445.50	1447.00	1447.50	1449.00	1450.00	1450.50	1451.50	1452.50	1453.00	1453.00	1454.00	1454.00	1455.00	1456.00	1456.50	1457.00	1457.50	1458.00	1459.00	1460.00	1460.00	1461.00	1461.00	1462.00	1462.50	1463.00	1464.00	1464.50	1465.00	1466.00	1466.00	1466.50	1467.00	1467.50	1468.00	1469.00	1470.50	1471.00	1471.50	1473.50	1474.50	1475.00	1476.00	1477.50	1479.00	1481.50	1482.50	1484.00	1486.00	1488.50	1491.00	1492.00	1494.50	1496.00	1498.50	1501.00	1503.00	1506.00	1507.00	1510.00	1513.00	1516.00	1518.00	1519.50	1522.00	1524.00	1527.00	1528.00	1531.00	1532.50	1534.50	1537.00	1538.50	1540.00	1541.00	1543.50	1545.00	1546.50	1547.50	1548.50	1550.00	1551.50	1553.00	1554.50	1555.50	1556.50	1558.50	1559.00	1560.00	1561.00	1562.00	1563.00	1564.00	1564.50	1565.00	1566.00	1566.50	1568.00	1568.00	1569.00	1569.50	1570.50	1571.00	1571.50	1573.00	1573.00	1574.00	1575.00	1576.00	1576.50	1577.00	1578.00	1579.00	1580.00	1581.00	1582.00	1582.50	1584.00	1585.50	1586.00	1587.00	1588.00	1588.50	1589.00	1590.50	1591.00	1591.50	1593.00	1593.50	1595.00	1595.00	1596.50	1597.00	1598.00	1598.50	1599.50	1600.00	1601.00	1601.50	1602.00	1603.00	1603.50	1604.00	1604.00	1605.00	1606.00	1606.00	1606.50	1607.00	1607.00	1607.00	1608.00	1608.00	1608.00	1608.00	1609.00	1609.00	1609.00	1609.00	1610.00	1610.00	1610.00	1610.50	1611.00	1611.00	1611.50	1612.00	1613.00	1613.00	1614.50	1616.00	1616.50	1617.50	1618.50	1620.00	1620.50	1622.00	1623.00	1625.00	1626.50	1628.50	1629.50	1630.50	1633.00	1634.50	1635.50	1637.00	1639.50	1641.00	1643.00	1644.00	1646.00	1648.00	1650.00	1651.50	1652.50	1655.50	1656.50	1658.00	1659.00	1660.50	1661.50	1664.50	1665.50	1666.50	1668.00	1669.50	1671.00	1672.00	1673.50	1674.50	1676.00	1677.50	1678.50	1680.00	1680.00	1681.50	1682.00	1683.00	1683.50	1684.50	1685.00	1686.00	1687.00	1688.00	1688.50	1689.00	1690.50	1691.00	1691.50	1692.00	1693.00	1693.50	1694.00	1695.00	1695.00	1696.00	1696.00	1696.50	1697.00
1427.50	1429.00	1430.50	1431.50	1432.00	1433.50	1434.50	1435.50	1437.50	1438.50	1440.00	1441.00	1442.50	1443.00	1444.50	1445.00	1445.50	1447.00	1447.50	1449.00	1450.00	1450.50	1451.50	1452.50	1453.00	1453.00	1454.00	1454.00	1455.00	1456.00	1456.50	1457.00	1457.50	1458.00	1459.00	1460.00	1460.00	1461.00	1461.00	1462.00	1462.50	1463.00	1464.00	1464.50	1465.00	1466.00	1466.00	1466.50	1467.00	1467.50	1468.00	1469.00	1470.50	1471.00	1471.50	1473.50	1474.50	1475.00	1476.00	1477.50	1479.00	1481.50	1482.50	1484.00	1486.00	1488.50	1491.00	1492.00	1494.50	1496.00	1498.50	1501.00	1503.00	1506.00	1507.00	1510.00	1513.00	1516.00	1518.00	1519.50	1522.00	1524.00	1527.00	1528.00	1531.00	1532.50	1534.50	1537.00	1538.50	1540.00	1541.00	1543.50	1545.00	1546.50	1547.50	1548.50	1550.00	1551.50	1553.00	1554.50	1555.50	1556.50	1558.50	1559.00	1560.00	1561.00	1562.00	1563.00	1564.00	1564.50	1565.00	1566.00	1566.50	1568.00	1568.00	1569.00	1569.50	1570.50	1571.00	1571.50	1573.00	1573.00	1574.00	1575.00	1576.00	1576.50	1577.00	1578.00	1579.00	1580.00	1581.00	1582.00	1582.50	1584.00	1585.50	1586.00	1587.00	1588.00	1588.50	1589.00	1590.50	1591.00	1591.50	1593.00	1593.50	1595.00	1595.00	1596.50	1597.00	1598.00	1598.50	1599.50	1600.00	1601.00	1601.50	1602.00	1603.00	1603.50	1604.00	1604.00	1605.00	1606.00	1606.00	1606.50	1607.00	1607.00	1607.00	1608.00	1608.00	1608.00	1608.00	1609.00	1609.00	1609.00	1609.00	1610.00	1610.00	1610.00	1610.50	1611.00	1611.00	1611.50	1612.00	1613.00	1613.00	1614.50	1616.00	1616.50	1617.50	1618.50	1620.00	1620.50	1622.00	1623.00	1625.00	1626.50	1628.50	1629.50	1630.50	1633.00	1634.50	1635.50	1637.00	1639.50	1641.00	1643.00	1644.00	1646.00	1648.00	1650.00	1651.50	1652.50	1655.50	1656.50	1658.00	1659.00	1660.50	1661.50	1664.50	1665.50	1666.50	1668.00	1669.50	1671.00	1672.00	1673.50	1674.50	1676.00	1677.50	1678.50	1680.00	1680.00	1681.50	1682.00	1683.00	1683.50	1684.50	1685.00	1686.00	1687.00	1688.00	1688.50	1689.00	1690.50	1691.00	1691.50	1692.00	1693.00	1693.50	1694.00	1695.00	1695.00	1696.00	1696.00	1696.50	1697.00
1427.50	1429.00	1430.50	1431.50	1432.00	1433.50	1434.50	1435.50	1437.50	1438.50	1440.00	1441.00	1442.50	1443.00	1444.50	1445.00	1445.50	1447.00	1447.50	1449.00	1450.00	1450.50	1451.50	1452.50	1453.00	1453.00	1454.00	1454.00	1455.00	1456.00	1456.50	1457.00	1457.50	1458.00	1459.00	1460.00	1460.00	1461.00	1461.00	1462.00	1462.50	1463.00	1464.00	1464.50	1465.00	1466.00	1466.00	1466.50	1467.00	1467.50	1468.00	1469.00	1470.50	1471.00	1471.50	1473.50	1474.50	1475.00	1476.00	1477.50	1479.00	1481.50	1482.50	1484.00	1486.00	1488.50	1491.00	1492.00	1494.50	1496.00	1498.50	1501.00	1503.00	1506.00	1507.00	1510.00	1513.00	1516.00	1518.00	1519.50	1522.00	1524.00	1527.00	1528.00	1531.00	1532.50	1534.50	1537.00	1538.50	1540.00	1541.00	1543.50	1545.00	1546.50	1547.50	1548.50	1550.00	1551.50	1553.00	1554.50	1555.50	1556.50	1558.50	1559.00	1560.00	1561.00	1562.00	1563.00	1564.00	1564.50	1565.00	1566.00	1566.50	1568.00	1568.00	1569.00	1569.50	1570.50	1571.00	1571.50	1573.00	1573.00	1574.00	1575.00	1576.00	1576.50	1577.00	1578.00	1579.00	1580.00	1581.00	1582.00	1582.50	1584.00	1585.50	1586.00	1587.00	1588.00	1588.50	1589.00	1590.50	1591.00	1591.50	1593.00	1593.50	1595.00	1595.00	1596.50	1597.00	1598.00	1598.50	1599.50	1600.00	1601.00	1601.50	1602.00	1603.00	1603.50	1604.00	1604.00	1605.00	1606.00	1606.00	1606.50	1607.00	1607.00	1607.00	1608.00	1608.00	1608.00	1608.00	1609.00	1609.00	1609.00	1609.00	1610.00	1610.00	1610.00	1610.50	1611.00	1611.00	1611.50	1612.00	1613.00	1613.00	1614.50	1616.00	1616.50	1617.50	1618.50	1620.00	1620.50	1622.00	1623.00	1625.00	1626.50	1628.50	1629.50	1630.50	1633.00	1634.50	1635.50	1637.00	1639.50	1641.00	1643.00	1644.00	1646.00	1648.00	1650.00	1651.50	1652.50	1655.50	1656.50	1658.00	1659.00	1660.50	1661.50	1664.50	1665.50	1666.50	1668.00	1669.50	1671.00	1672.00	1673.50	1674.50	1676.00	1677.50	1678.50	1680.00	1680.00	1681.50	1682.00	1683.00	1683.50	1684.50	1685.00	1686.00	1687.00	1688.00	1688.50	1689.00	1690.50	1691.00	1691.50	1692.00	1693.00	1693.50	1694.00	1695.00	1695.00	1696.00	1696.00	1696.50	1697.00
1427.50	1429.00	1430.50	1431.50	1432.00	1433.50	1434.50	1435.50	1437.50	1438.50	1440.00	1441.00	1442.50	1443.00	1444.50	1445.00	1445.50	1447.00	1447.50	1449.00	1450.00	1450.50	1451.50	1452.50	1453.00	1453.00	1454.00	1454.00	1455.00	1456.00	1456.50	1457.00	1457.50	1458.00	1459.00	1460.00	1460.00	1461.00	1461.00	1462.00	1462.50	1463.00	1464.00	1464.50	1465.00	1466.00	1466.00	1466.50	1467.00	1467.50	1468.00	1469.00	1470.50	1471.00	1471.50	1473.50	1474.50	1475.00	1476.00	1477.50	1479.00	1481.50	1482.50	1484.00	1486.00	1488.50	1491.00	1492.00	1494.50	1496.00	1498.50	1501.00	1503.00	1506.00	1507.00	1510.00	1513.00	1516.00	1518.00	1519.50	1522.00	1524.00	1527.00	1528.00	1531.00	1532.50	1534.50	1537.00	1538.50	1540.00	1541.00	1543.50	1545.00	1546.50	1547.50	1548.50	1550.00	1551.50	1553.00	1554.50	1555.50	1556.50	1558.50	1559.00	1560.00	1561.00	1562.00	1563.00	1564.00	1564.50	1565.00	1566.00	1566.50	1568.00	1568.00	1569.00	1569.50	1570.50	1571.00	1571.50	1573.00	1573.00	1574.00	1575.00	1576.00	1576.50	1577.00	1578.00	1579.00	1580.00	1581.00	1582.00	1582.50	1584.00	1585.50	1586.00	1587.00	1588.00	1588.50	1589.00	1590.50	1591.00	1591.50	1593.00	1593.50	1595.00	1595.00	1596.50	1597.00	1598.00	1598.50	1599.50	1600.00	1601.00	1601.50	1602.00	1603.00	1603.50	1604.00	1604.00	1605.00	1606.00	1606.00	1606.50	1607.00	1607.00	1607.00	1608.00	1608.00	1608.00	1608.00	1609.00	1609.00	1609.00	1609.00	1610.00	1610.00	1610.00	1610.50	1611.00	1611.00	1611.50	1612.00	1613.00	1613.00	1614.50	1616.00	1616.50	1617.50	1618.50	1620.00	1620.50	1622.00	1623.00	1625.00	1626.50	1628.50	1629.50	1630.50	1633.00	1634.50	1635.50	1637.00	1639.50	1641.00	1643.00	1644.00	1646.00	1648.00	1650.00	1651.50	1652.50	1655.50	1656.50	1658.00	1659.00	1660.50	1661.50	1664.50	1665.50	1666.50	1668.00	1669.50	1671.00	1672.00	1673.50	1674.50	1676.00	1677.50	1678.50	1680.00	1680.00	1681.50	1682.00	1683.00	1683.50	1684.50	1685.00	1686.00	1687.00	1688.00	1688.50	1689.00	1690.50	1691.00	1691.50	1692.00	1693.00	1693.50	1694.00	1695.00	1695.00	1696.00	1696.00	1696.50	1697.00
1427.50	1429.00	1430.50	1431.50	1432.00	1433.50	1434.50	1435.50	1437.50	1438.50	1440.00	1441.00	1442.50	1443.00	1444.50	1445.00	1445.50	1447.00	1447.50	1449.00	1450.00	1450.50	1451.50	1452.50	1453.00	1453.00	1454.00	1454.00	1455.00	1456.00	1456.50	1457.00	1457.50	1458.00	1459.00	1460.00	1460.00	1461.00	1461.00	1462.00	1462.50	1463.00	1464.00	1464.50	1465.00	1466.00	1466.00	1466.50	1467.00	1467.50	1468.00	1469.00	1470.50	1471.00	1471.50	1473.50	1474.50	1475.00	1476.00	1477.50	1479.00	1481.50	1482.50	1484.00	1486.00	1488.50	1491.00	1492.00	1494.50	1496.00	1498.50	1501.00	1503.00	1506.00	1507.00	1510.00	1513.00	1516.00	1518.00	1519.50	1522.00	1524.00	1527.00	1528.00	1531.00	1532.50	1534.50	1537.00	1538.50	1540.00	1541.00	1543.50	1545.00	1546.50	1547.50	1548.50	1550.00	1551.50	1553.00	1554.50	1555.50	1556.50	1558.50	1559.00	1560.00	1561.00	1562.00	1563.00	1564.00	1564.50	1565.00	1566.00	1566.50	1568.00	1568.00	1569.00	1569.50	1570.50	1571.00	1571.50	1573.00	1573.00	1574.00	1575.00	1576.00	1576.50	1577.00	1578.00	1579.00	1580.00	1581.00	1582.00	1582.50	1584.00	1585.50	1586.00	1587.00	1588.00	1588.50	1589.00	1590.50	1591.00	1591.50	1593.00	1593.50	1595.00	1595.00	1596.50	1597.00	1598.00	1598.50	1599.50	1600.00	1601.00	1601.50	1602.00	1603.00	1603.50	1604.00	1604.00	1605.00	1606.00	1606.00	1606.50	1607.00	1607.00	1607.00	1608.00	1608.00	1608.00	1608.00	1609.00	1609.00	1609.00	1609.00	1610.00	1610.00	1610.00	1610.50	1611.00	1611.00	1611.50	1612.00	1613.00	1613.00	1614.50	1616.00	1616.50	1617.50	1618.50	1620.00	1620.50	1622.00	1623.00	1625.00	1626.50	1628.50	1629.50	1630.50	1633.00	1634.50	1635.50	1637.00	1639.50	1641.00	1643.00	1644.00	1646.00	1648.00	1650.00	1651.50	1652.50	1655.50	1656.50	1658.00	1659.00	1660.50	1661.50	1664.50	1665.50	1666.50	1668.00	1669.50	1671.00	1672.00	1673.50	1674.50	1676.00	1677.50	1678.50	1680.00	1680.00	1681.50	1682.00	1683.00	1683.50	1684.50	1685.00	1686.00	1687.00	1688.00	1688.50	1689.00	1690.50	1691.00	1691.50	1692.00	1693.00	1693.50	1694.00	1695.00	1695.00	1696.00	1696.00	1696.50	1697.00
1434.00	1435.00	1436.50	1437.00	1438.00	1439.50	1440.00	1440.50	1442.00	1442.50	1443.00	1444.00	1444.50	1445.00	1446.00	1446.50	1447.00	1448.00	1448.00	1449.00	1450.00	1450.50	1451.00	1451.50	1452.50	1453.00	1454.00	1454.00	1455.00	1456.00	1456.50	1457.00	1457.50	1458.00	1459.00	1460.00	1460.00	1461.00	1461.50	1462.50	1463.00	1463.50	1464.00	1465.00	1466.00	1466.00	1467.00	1467.50	1469.00	1470.50	1471.50	1472.00	1473.50	1474.50	1475.50	1477.00	1477.50	1479.00	1480.00	1482.50	1484.00	1485.50	1486.50	1487.50	1489.00	1491.50	1493.00	1495.00	1497.00	1499.00	1501.50	1503.50	1505.00	1508.00	1510.00	1512.00	1515.00	1517.00	1519.00	1520.50	1523.00	1525.50	1528.00	1530.00	1532.00	1533.50	1535.50	1538.00	1539.50	1541.00	1543.00	1544.50	1547.00	1548.50	1549.50	1551.00	1553.00	1554.50	1557.00	1558.50	1559.50	1560.50	1562.50	1563.50	1565.00	1565.00	1566.50	1567.00	1568.50	1569.50	1570.00	1571.00	1572.00	1573.00	1573.00	1574.00	1574.50	1575.50	1576.00	1576.50	1578.00	1578.00	1579.00	1580.00	1580.00	1580.50	1581.00	1582.00	1582.50	1583.00	1584.00	1584.50	1585.00	1585.50	1586.00	1586.50	1587.00	1587.00	1588.00	1589.00	1589.00	1589.50	1590.00	1591.00	1591.50	1592.00	1593.00	1594.00	1594.50	1595.50	1596.50	1597.00	1597.00	1598.00	1598.00	1599.00	1599.50	1600.00	1600.00	1601.00	1601.50	1602.00	1602.00	1602.00	1602.00	1602.50	1603.00	1603.00	1603.00	1603.00	1603.00	1603.50	1604.00	1604.00	1604.00	1604.00	1604.00	1604.00	1605.00	1605.00	1605.50	1606.50	1607.00	1608.00	1608.00	1609.00	1610.00	1610.50	1611.50	1612.50	1614.00	1615.50	1617.00	1619.00	1620.50	1621.50	1623.50	1625.00	1626.50	1628.00	1630.50	1631.50	1634.00	1636.00	1637.50	1639.00	1641.00	1643.00	1645.00	1646.50	1648.00	1649.50	1652.00	1653.50	1655.00	1656.00	1658.50	1659.50	1661.50	1663.00	1664.50	1666.00	1667.50	1669.00	1671.00	1672.50	1673.50	1675.00	1676.50	1677.50	1679.00	1680.00	1680.50	1682.00	1682.50	1683.50	1684.00	1685.00	1685.50	1686.00	1687.00	1687.50	1688.50	1689.50	1690.00	1690.50	1691.00	1691.00	1691.50	1692.00	1692.50	1693.00	1693.00	1694.00	1694.00	1694.00
1434.00	1435.00	1436.50	1437.00	1438.00	1439.50	1440.00	1440.50	1442.00	1442.50	1443.00	1444.00	1444.50	1445.00	1446.00	1446.50	1447.00	1448.00	1448.00	1449.00	1450.00	1450.50	1451.00	1451.50	1452.50	1453.00	1454.00	1454.00	1455.00	1456.00	1456.50	1457.00	1457.50	1458.00	1459.00	1460.00	1460.00	1461.00	1461.50	1462.50	1463.00	1463.50	1464.00	1465.00	1466.00	1466.00	1467.00	1467.50	1469.00	1470.50	1471.50	1472.00	1473.50	1474.50	1475.50	1477.00	1477.50	1479.00	1480.00	1482.50	1484.00	1485.50	1486.50	1487.50	1489.00	1491.50	1493.00	1495.00	1497.00	1499.00	1501.50	1503.50	1505.00	1508.00	1510.00	1512.00	1515.00	1517.00	1519.00	1520.50	1523.00	1525.50	1528.00	1530.00	1532.00	1533.50	1535.50	1538.00	1539.50	1541.00	1543.00	1544.50	1547.00	1548.50	1549.50	1551.00	1553.00	1554.50	1557.00	1558.50	1559.50	1560.50	1562.50	1563.50	1565.00	1565.00	1566.50	1567.00	1568.50	1569.50	1570.00	1571.00	1572.00	1573.00	1573.00	1574.00	1574.50	1575.50	1576.00	1576.50	1578.00	1578.00	1579.00	1580.00	1580.00	1580.50	1581.00	1582.00	1582.50	1583.00	1584.00	1584.50	1585.00	1585.50	1586.00	1586.50	1587.00	1587.00	1588.00	1589.00	1589.00	1589.50	1590.00	1591.00	1591.50	1592.00	1593.00	1594.00	1594.50	1595.50	1596.50	1597.00	1597.00	1598.00	1598.00	1599.00	1599.50	1600.00	1600.00	1601.00	1601.50	1602.00	1602.00	1602.00	1602.00	1602.50	1603.00	1603.00	1603.00	1603.00	1603.00	1603.50	1604.00	1604.00	1604.00	1604.00	1604.00	1604.00	1605.00	1605.00	1605.50	1606.50	1607.00	1608.00	1608.00	1609.00	1610.00	1610.50	1611.50	1612.50	1614.00	1615.50	1617.00	1619.00	1620.50	1621.50	1623.50	1625.00	1626.50	1628.00	1630.50	1631.50	1634.00	1636.00	1637.50	1639.00	1641.00	1643.00	1645.00	1646.50	1648.00	1649.50	1652.00	1653.50	1655.00	1656.00	1658.50	1659.50	1661.50	1663.00	1664.50	1666.00	1667.50	1669.00	1671.00	1672.50	1673.50	1675.00	1676.50	1677.50	1679.00	1680.00	1680.50	1682.00	1682.50	1683.50	1684.00	1685.00	1685.50	1686.00	1687.00	1687.50	1688.50	1689.50	1690.00	1690.50	1691.00	1691.00	1691.50	1692.00	1692.50	1693.00	1693.00	1694.00	1694.00	1694.00
1434.00	1435.00	1436.50	1437.00	1438.00	1439.50	1440.00	1440.50	1442.00	1442.50	1443.00	1444.00	1444.50	1445.00	1446.00	1446.50	1447.00	1448.00	1448.00	1449.00	1450.00	1450.50	1451.00	1451.50	1452.50	1453.00	1454.00	1454.00	1455.00	1456.00	1456.50	1457.00	1457.50	1458.00	1459.00	1460.00	1460.00	1461.00	1461.50	1462.50	1463.00	1463.50	1464.00	1465.00	1466.00	1466.00	1467.00	1467.50	1469.00	1470.50	1471.50	1472.00	1473.50	1474.50	1475.50	1477.00	1477.50	1479.00	1480.00	1482.50	1484.00	1485.50	1486.50	1487.50	1489.00	1491.50	1493.00	1495.00	1497.00	1499.00	1501.50	1503.50	1505.00	1508.00	1510.00	1512.00	1515.00	1517.00	1519.00	1520.50	1523.00	1525.50	1528.00	1530.00	1532.00	1533.50	1535.50	1538.00	1539.50	1541.00	1543.00	1544.50	1547.00	1548.50	1549.50	1551.00	1553.00	1554.50	1557.00	1558.50	1559.50	1560.50	1562.50	1563.50	1565.00	1565.00	1566.50	1567.00	1568.50	1569.50	1570.00	1571.00	1572.00	1573.00	1573.00	1574.00	1574.50	1575.50	1576.00	1576.50	1578.00	1578.00	1579.00	1580.00	1580.00	1580.50	1581.00	1582.00	1582.50	1583.00	1584.00	1584.50	1585.00	1585.50	1586.00	1586.50	1587.00	1587.00	1588.00	1589.00	1589.00	1589.50	1590.00	1591.00	1591.50	1592.00	1593.00	1594.00	1594.50	1595.50	1596.50	1597.00	1597.00	1598.00	1598.00	1599.00	1599.50	1600.00	1600.00	1601.00	1601.50	1602.00	1602.00	1602.00	1602.00	1602.50	1603.00	1603.00	1603.00	1603.00	1603.00	1603.50	1604.00	1604.00	1604.00	1604.00	1604.00	1604.00	1605.00	1605.00	1605.50	1606.50	1607.00	1608.00	1608.00	1609.00	1610.00	1610.50	1611.50	1612.50	1614.00	1615.50	1617.00	1619.00	1620.50	1621.50	1623.50	1625.00	1626.50	1628.00	1630.50	1631.50	1634.00	1636.00	1637.50	1639.00	1641.00	1643.00	1645.00	1646.50	1648.00	1649.50	1652.00	1653.50	1655.00	1656.00	1658.50	1659.50	1661.50	1663.00	1664.50	1666.00	1667.50	1669.00	1671.00	1672.50	1673.50	1675.00	1676.50	1677.50	1679.00	1680.00	1680.50	1682.00	1682.50	1683.50	1684.00	1685.00	1685.50	1686.00	1687.00	1687.50	1688.50	1689.50	1690.00	1690.50	1691.00	1691.00	1691.50	1692.00	1692.50	1693.00	1693.00	1694.00	1694.00	1694.00
1434.00	1435.00	1436.50	1437.00	1438.00	1439.50	1440.00	1440.50	1442.00	1442.50	1443.00	1444.00	1444.50	1445.00	1446.00	1446.50	1447.00	1448.00	1448.00	1449.00	1450.00	1450.50	1451.00	1451.50	1452.50	1453.00	1454.00	1454.00	1455.00	1456.00	1456.50	1457.00	1457.50	1458.00	1459.00	1460.00	1460.00	1461.00	1461.50	1462.50	1463.00	1463.50	1464.00	1465.00	1466.00	1466.00	1467.00	1467.50	1469.00	1470.50	1471.50	1472.00	1473.50	1474.50	1475.50	1477.00	1477.50	1479.00	1480.00	1482.50	1484.00	1485.50	1486.50	1487.50	1489.00	1491.50	1493.00	1495.00	1497.00	1499.00	1501.50	1503.50	1505.00	1508.00	1510.00	1512.00	1515.00	1517.00	1519.00	1520.50	1523.00	1525.50	1528.00	1530.00	1532.00	1533.50	1535.50	1538.00	1539.50	1541.00	1543.00	1544.50	1547.00	1548.50	1549.50	1551.00	1553.00	1554.50	1557.00	1558.50	1559.50	1560.50	1562.50	1563.50	1565.00	1565.00	1566.50	1567.00	1568.50	1569.50	1570.00	1571.00	1572.00	1573.00	1573.00	1574.00	1574.50	1575.50	1576.00	1576.50	1578.00	1578.00	1579.00	1580.00	1580.00	1580.50	1581.00	1582.00	1582.50	1583.00	1584.00	1584.50	1585.00	1585.50	1586.00	1586.50	1587.00	1587.00	1588.00	1589.00	1589.00	1589.50	1590.00	1591.00	1591.50	1592.00	1593.00	1594.00	1594.50	1595.50	1596.50	1597.00	1597.00	1598.00	1598.00	1599.00	1599.50	1600.00	1600.00	1601.00	1601.50	1602.00	1602.00	1602.00	1602.00	1602.50	1603.00	1603.00	1603.00	1603.00	1603.00	1603.50	1604.00	1604.00	1604.00	1604.00	1604.00	1604.00	1605.00	1605.00	1605.50	1606.50	1607.00	1608.00	1608.00	1609.00	1610.00	1610.50	1611.50	1612.50	1614.00	1615.50	1617.00	1619.00	1620.50	1621.50	1623.50	1625.00	1626.50	1628.00	1630.50	1631.50	1634.00	1636.00	1637.50	1639.00	1641.00	1643.00	1645.00	1646.50	1648.00	1649.50	1652.00	1653.50	1655.00	1656.00	1658.50	1659.50	1661.50	1663.00	1664.50	1666.00	1667.50	1669.00	1671.00	1672.50	1673.50	1675.00	1676.50	1677.50	1679.00	1680.00	1680.50	1682.00	1682.50	1683.50	1684.00	1685.00	1685.50	1686.00	1687.00	1687.50	1688.50	1689.50	1690.00	1690.50	1691.00	1691.00	1691.50	1692.00	1692.50	1693.00	1693.00	1694.00	1694.00	1694.00
1434.00	1435.00	1436.50	1437.00	1438.00	1439.50	1440.00	1440.50	1442.00	1442.50	1443.00	1444.00	1444.50	1445.00	1446.00	1446.50	1447.00	1448.00	1448.00	1449.00	1450.00	1450.50	1451.00	1451.50	1452.50	1453.00	1454.00	1454.00	1455.00	1456.00	1456.50	1457.00	1457.50	1458.00	1459.00	1460.00	1460.00	1461.00	1461.50	1462.50	1463.00	1463.50	1464.00	1465.00	1466.00	1466.00	1467.00	1467.50	1469.00	1470.50	1471.50	1472.00	1473.50	1474.50	1475.50	1477.00	1477.50	1479.00	1480.00	1482.50	1484.00	1485.50	1486.50	1487.50	1489.00	1491.50	1493.00	1495.00	1497.00	1499.00	1501.50	1503.50	1505.00	1508.00	1510.00	1512.00	1515.00	1517.00	1519.00	1520.50	1523.00	1525.50	1528.00	1530.00	1532.00	1533.50	1535.50	1538.00	1539.50	1541.00	1543.00	1544.50	1547.00	1548.50	1549.50	1551.00	1553.00	1554.50	1557.00	1558.50	1559.50	1560.50	1562.50	1563.50	1565.00	1565.00	1566.50	1567.00	1568.50	1569.50	1570.00	1571.00	1572.00	1573.00	1573.00	1574.00	1574.50	1575.50	1576.00	1576.50	1578.00	1578.00	1579.00	1580.00	1580.00	1580.50	1581.00	1582.00	1582.50	1583.00	1584.00	1584.50	1585.00	1585.50	1586.00	1586.50	1587.00	1587.00	1588.00	1589.00	1589.00	1589.50	1590.00	1591.00	1591.50	1592.00	1593.00	1594.00	1594.50	1595.50	1596.50	1597.00	1597.00	1598.00	1598.00	1599.00	1599.50	1600.00	1600.00	1601.00	1601.50	1602.00	1602.00	1602.00	1602.00	1602.50	1603.00	1603.00	1603.00	1603.00	1603.00	1603.50	1604.00	1604.00	1604.00	1604.00	1604.00	1604.00	1605.00	1605.00	1605.50	1606.50	1607.00	1608.00	1608.00	1609.00	1610.00	1610.50	1611.50	1612.50	1614.00	1615.50	1617.00	1619.00	1620.50	1621.50	1623.50	1625.00	1626.50	1628.00	1630.50	1631.50	1634.00	1636.00	1637.50	1639.00	1641.00	1643.00	1645.00	1646.50	1648.00	1649.50	1652.00	1653.50	1655.00	1656.00	1658.50	1659.50	1661.50	1663.00	1664.50	1666.00	1667.50	1669.00	1671.00	1672.50	1673.50	1675.00	1676.50	1677.50	1679.00	1680.00	1680.50	1682.00	1682.50	1683.50	1684.00	1685.00	1685.50	1686.00	1687.00	1687.50	1688.50	1689.50	1690.00	1690.50	1691.00	1691.00	1691.50	1692.00	1692.50	1693.00	1693.00	1694.00	1694.00	1694.00
1434.00	1435.00	1436.50	1437.00	1438.00	1439.50	1440.00	1440.50	1442.00	1442.50	1443.00	1444.00	1444.50	1445.00	1446.00	1446.50	1447.00	1448.00	1448.00	1449.00	1450.00	1450.50	1451.00	1451.50	1452.50	1453.00	1454.00	1454.00	1455.00	1456.00	1456.50	1457.00	1457.50	1458.00	1459.00	1460.00	1460.00	1461.00	1461.50	1462.50	1463.00	1463.50	1464.00	1465.00	1466.00	1466.00	1467.00	1467.50	1469.00	1470.50	1471.50	1472.00	1473.50	1474.50	1475.50	1477.00	1477.50	1479.00	1480.00	1482.50	1484.00	1485.50	1486.50	1487.50	1489.00	1491.50	1493.00	1495.00	1497.00	1499.00	1501.50	1503.50	1505.00	1508.00	1510.00	1512.00	1515.00	1517.00	1519.00	1520.50	1523.00	1525.50	1528.00	1530.00	1532.00	1533.50	1535.50	1538.00	1539.50	1541.00	1543.00	1544.50	1547.00	1548.50	1549.50	1551.00	1553.00	1554.50	1557.00	1558.50	1559.50	1560.50	1562.50	1563.50	1565.00	1565.00	1566.50	1567.00	1568.50	1569.50	1570.00	1571.00	1572.00	1573.00	1573.00	1574.00	1574.50	1575.50	1576.00	1576.50	1578.00	1578.00	1579.00	1580.00	1580.00	1580.50	1581.00	1582.00	1582.50	1583.00	1584.00	1584.50	1585.00	1585.50	1586.00	1586.50	1587.00	1587.00	1588.00	1589.00	1589.00	1589.50	1590.00	1591.00	1591.50	1592.00	1593.00	1594.00	1594.50	1595.50	1596.50	1597.00	1597.00	1598.00	1598.00	1599.00	1599.50	1600.00	1600.00	1601.00	1601.50	1602.00	1602.00	1602.00	1602.00	1602.50	1603.00	1603.00	1603.00	1603.00	1603.00	1603.50	1604.00	1604.00	1604.00	1604.00	1604.00	1604.00	1605.00	1605.00	1605.50	1606.50	1607.00	1608.00	1608.00	1609.00	1610.00	1610.50	1611.50	1612.50	1614.00	1615.50	1617.00	1619.00	1620.50	1621.50	1623.50	1625.00	1626.50	1628.00	1630.50	1631.50	1634.00	1636.00	1637.50	1639.00	1641.00	1643.00	1645.00	1646.50	1648.00	1649.50	1652.00	1653.50	1655.00	1656.00	1658.50	1659.50	1661.50	1663.00	1664.50	1666.00	1667.50	1669.00	1671.00	1672.50	1673.50	1675.00	1676.50	1677.50	1679.00	1680.00	1680.50	1682.00	1682.50	1683.50	1684.00	1685.00	1685.50	1686.00	1687.00	1687.50	1688.50	1689.50	1690.00	1690.50	1691.00	1691.00	1691.50	1692.00	1692.50	1693.00	1693.00	1694.00	1694.00	1694.00
1434.00	1435.00	1436.50	1437.00	1438.00	1439.50	1440.00	1440.50	1442.00	1442.50	1443.00	1444.00	1444.50	1445.00	1446.00	1446.50	1447.00	1448.00	1448.00	1449.00	1450.00	1450.50	1451.00	1451.50	1452.50	1453.00	1454.00	1454.00	1455.00	1456.00	1456.50	1457.00	1457.50	1458.00	1459.00	1460.00	1460.00	1461.00	1461.50	1462.50	1463.00	1463.50	1464.00	1465.00	1466.00	1466.00	1467.00	1467.50	1469.00	1470.50	1471.50	1472.00	1473.50	1474.50	1475.50	1477.00	1477.50	1479.00	1480.00	1482.50	1484.00	1485.50	1486.50	1487.50	1489.00	1491.50	1493.00	1495.00	1497.00	1499.00	1501.50	1503.50	1505.00	1508.00	1510.00	1512.00	1515.00	1517.00	1519.00	1520.50	1523.00	1525.50	1528.00	1530.00	1532.00	1533.50	1535.50	1538.00	1539.50	1541.00	1543.00	1544.50	1547.00	1548.50	1549.50	1551.00	1553.00	1554.50	1557.00	1558.50	1559.50	1560.50	1562.50	1563.50	1565.00	1565.00	1566.50	1567.00	1568.50	1569.50	1570.00	1571.00	1572.00	1573.00	1573.00	1574.00	1574.50	1575.50	1576.00	1576.50	1578.00	1578.00	1579.00	1580.00	1580.00	1580.50	1581.00	1582.00	1582.50	1583.00	1584.00	1584.50	1585.00	1585.50	1586.00	1586.50	1587.00	1587.00	1588.00	1589.00	1589.00	1589.50	1590.00	1591.00	1591.50	1592.00	1593.00	1594.00	1594.50	1595.50	1596.50	1597.00	1597.00	1598.00	1598.00	1599.00	1599.50	1600.00	1600.00	1601.00	1601.50	1602.00	1602.00	1602.00	1602.00	1602.50	1603.00	1603.00	1603.00	1603.00	1603.00	1603.50	1604.00	1604.00	1604.00	1604.00	1604.00	1604.00	1605.00	1605.00	1605.50	1606.50	1607.00	1608.00	1608.00	1609.00	1610.00	1610.50	1611.50	1612.50	1614.00	1615.50	1617.00	1619.00	1620.50	1621.50	1623.50	1625.00	1626.50	1628.00	1630.50	1631.50	1634.00	1636.00	1637.50	1639.00	1641.00	1643.00	1645.00	1646.50	1648.00	1649.50	1652.00	1653.50	1655.00	1656.00	1658.50	1659.50	1661.50	1663.00	1664.50	1666.00	1667.50	1669.00	1671.00	1672.50	1673.50	1675.00	1676.50	1677.50	1679.00	1680.00	1680.50	1682.00	1682.50	1683.50	1684.00	1685.00	1685.50	1686.00	1687.00	1687.50	1688.50	1689.50	1690.00	1690.50	1691.00	1691.00	1691.50	1692.00	1692.50	1693.00	1693.00	1694.00	1694.00	1694.00
1438.50	1439.50	1440.50	1441.25	1442.00	1443.25	1443.50	1443.75	1445.00	1445.25	1445.50	1446.50	1446.75	1447.50	1448.00	1448.50	1449.00	1449.50	1449.75	1450.50	1451.00	1451.50	1452.00	1452.50	1453.25	1453.50	1454.50	1454.50	1455.25	1456.00	1456.50	1457.00	1457.50	1458.00	1458.75	1460.00	1460.00	1461.00	1461.50	1462.75	1463.25	1463.75	1464.50	1465.25	1466.50	1467.00	1468.00	1468.50	1470.00	1471.25	1472.00	1473.00	1474.25	1475.00	1476.00	1477.75	1478.50	1480.00	1481.00	1483.00	1484.50	1486.00	1487.00	1488.25	1490.00	1492.00	1494.00	1495.50	1497.50	1499.25	1501.50	1503.50	1505.00	1508.00	1509.50	1512.00	1514.50	1517.00	1518.75	1520.25	1523.00	1525.50	1528.00	1530.00	1532.00	1533.75	1536.00	1538.50	1540.00	1542.00	1543.50	1545.50	1548.00	1549.50	1550.75	1552.25	1554.50	1556.00	1558.50	1560.00	1561.00	1562.00	1564.00	1565.00	1566.50	1567.00	1568.25	1569.00	1570.50	1571.50	1572.00	1573.00	1573.75	1574.50	1575.00	1575.75	1576.25	1577.00	1577.75	1578.25	1579.50	1579.50	1580.25	1581.00	1581.50	1581.75	1582.25	1583.00	1583.75	1584.00	1585.00	1585.25	1585.50	1586.00	1586.50	1586.75	1587.00	1587.50	1588.00	1589.00	1589.00	1589.50	1590.00	1591.00	1591.25	1592.00	1592.50	1593.50	1593.75	1594.75	1595.25	1595.50	1596.00	1596.50	1596.50	1597.50	1597.75	1598.00	1598.50	1599.00	1599.25	1599.50	1599.50	1599.50	1599.75	1600.25	1600.50	1600.50	1600.50	1601.00	1601.00	1601.25	1601.50	1601.50	1601.50	1601.75	1602.00	1602.00	1603.00	1603.00	1603.50	1604.50	1605.00	1605.50	1606.00	1606.75	1608.00	1609.00	1610.00	1611.00	1612.50	1614.00	1615.50	1617.00	1618.50	1619.50	1622.00	1623.25	1624.75	1626.50	1628.75	1630.00	1632.00	1634.25	1635.50	1637.50	1639.00	1641.00	1643.00	1645.00	1646.25	1647.75	1650.25	1651.75	1653.50	1654.50	1656.50	1657.75	1660.00	1661.25	1662.50	1664.00	1665.75	1667.50	1669.00	1670.50	1671.50	1673.25	1675.00	1676.00	1677.50	1678.50	1679.50	1681.00	1681.50	1682.25	1682.75	1683.50	1684.25	1685.00	1685.50	1686.25	1687.00	1687.75	1688.00	1688.50	1689.00	1689.00	1689.25	1690.00	1690.25	1690.50	1690.50	1691.00	1691.00	1691.50
1443.00	1444.00	1444.50	1445.50	1446.00	1447.00	1447.00	1447.00	1448.00	1448.00	1448.00	1449.00	1449.00	1450.00	1450.00	1450.50	1451.00	1451.00	1451.50	1452.00	1452.00	1452.50	1453.00	1453.50	1454.00	1454.00	1455.00	1455.00	1455.50	1456.00	1456.50	1457.00	1457.50	1458.00	1458.50	1460.00	1460.00	1461.00	1461.50	1463.00	1463.50	1464.00	1465.00	1465.50	1467.00	1468.00	1469.00	1469.50	1471.00	1472.00	1472.50	1474.00	1475.00	1475.50	1476.50	1478.50	1479.50	1481.00	1482.00	1483.50	1485.00	1486.50	1487.50	1489.00	1491.00	1492.50	1495.00	1496.00	1498.00	1499.50	1501.50	1503.50	1505.00	1508.00	1509.00	1512.00	1514.00	1517.00	1518.50	1520.00	1523.00	1525.50	1528.00	1530.00	1532.00	1534.00	1536.50	1539.00	1540.50	1543.00	1544.00	1546.50	1549.00	1550.50	1552.00	1553.50	1556.00	1557.50	1560.00	1561.50	1562.50	1563.50	1565.50	1566.50	1568.00	1569.00	1570.00	1571.00	1572.50	1573.50	1574.00	1575.00	1575.50	1576.00	1577.00	1577.50	1578.00	1578.50	1579.50	1580.00	1581.00	1581.00	1581.50	1582.00	1583.00	1583.00	1583.50	1584.00	1585.00	1585.00	1586.00	1586.00	1586.00	1586.50	1587.00	1587.00	1587.00	1588.00	1588.00	1589.00	1589.00	1589.50	1590.00	1591.00	1591.00	1592.00	1592.00	1593.00	1593.00	1594.00	1594.00	1594.00	1595.00	1595.00	1595.00	1596.00	1596.00	1596.00	1597.00	1597.00	1597.00	1597.00	1597.00	1597.00	1597.50	1598.00	1598.00	1598.00	1598.00	1599.00	1599.00	1599.00	1599.00	1599.00	1599.00	1599.50	1600.00	1600.00	1601.00	1601.00	1601.50	1602.50	1603.00	1603.00	1604.00	1604.50	1606.00	1607.50	1608.50	1609.50	1611.00	1612.50	1614.00	1615.00	1616.50	1617.50	1620.50	1621.50	1623.00	1625.00	1627.00	1628.50	1630.00	1632.50	1633.50	1636.00	1637.00	1639.00	1641.00	1643.50	1644.50	1646.00	1648.50	1650.00	1652.00	1653.00	1654.50	1656.00	1658.50	1659.50	1660.50	1662.00	1664.00	1666.00	1667.00	1668.50	1669.50	1671.50	1673.50	1674.50	1676.00	1677.00	1678.50	1680.00	1680.50	1681.00	1681.50	1682.00	1683.00	1684.00	1684.00	1685.00	1685.50	1686.00	1686.00	1686.50	1687.00	1687.00	1687.00	1688.00	1688.00	1688.00	1688.00	1688.00	1688.00	1689.00
1443.00	1444.00	1444.50	1445.50	1446.00	1447.00	1447.00	1447.00	1448.00	1448.00	1448.00	1449.00	1449.00	1450.00	1450.00	1450.50	1451.00	1451.00	1451.50	1452.00	1452.00	1452.50	1453.00	1453.50	1454.00	1454.00	1455.00	1455.00	1455.50	1456.00	1456.50	1457.00	1457.50	1458.00	1458.50	1460.00	1460.00	1461.00	1461.50	1463.00	1463.50	1464.00	1465.00	1465.50	1467.00	1468.00	1469.00	1469.50	1471.00	1472.00	1472.50	1474.00	1475.00	1475.50	1476.50	1478.50	1479.50	1481.00	1482.00	1483.50	1485.00	1486.50	1487.50	1489.00	1491.00	1492.50	1495.00	1496.00	1498.00	1499.50	1501.50	1503.50	1505.00	1508.00	1509.00	1512.00	1514.00	1517.00	1518.50	1520.00	1523.00	1525.50	1528.00	1530.00	1532.00	1534.00	1536.50	1539.00	1540.50	1543.00	1544.00	1546.50	1549.00	1550.50	1552.00	1553.50	1556.00	1557.50	1560.00	1561.50	1562.50	1563.50	1565.50	1566.50	1568.00	1569.00	1570.00	1571.00	1572.50	1573.50	1574.00	1575.00	1575.50	1576.00	1577.00	1577.50	1578.00	1578.50	1579.50	1580.00	1581.00	1581.00	1581.50	1582.00	1583.00	1583.00	1583.50	1584.00	1585.00	1585.00	1586.00	1586.00	1586.00	1586.50	1587.00	1587.00	1587.00	1588.00	1588.00	1589.00	1589.00	1589.50	1590.00	1591.00	1591.00	1592.00	1592.00	1593.00	1593.00	1594.00	1594.00	1594.00	1595.00	1595.00	1595.00	1596.00	1596.00	1596.00	1597.00	1597.00	1597.00	1597.00	1597.00	1597.00	1597.50	1598.00	1598.00	1598.00	1598.00	1599.00	1599.00	1599.00	1599.00	1599.00	1599.00	1599.50	1600.00	1600.00	1601.00	1601.00	1601.50	1602.50	1603.00	1603.00	1604.00	1604.50	1606.00	1607.50	1608.50	1609.50	1611.00	1612.50	1614.00	1615.00	1616.50	1617.50	1620.50	1621.50	1623.00	1625.00	1627.00	1628.50	1630.00	1632.50	1633.50	1636.00	1637.00	1639.00	1641.00	1643.50	1644.50	1646.00	1648.50	1650.00	1652.00	1653.00	1654.50	1656.00	1658.50	1659.50	1660.50	1662.00	1664.00	1666.00	1667.00	1668.50	1669.50	1671.50	1673.50	1674.50	1676.00	1677.00	1678.50	1680.00	1680.50	1681.00	1681.50	1682.00	1683.00	1684.00	1684.00	1685.00	1685.50	1686.00	1686.00	1686.50	1687.00	1687.00	1687.00	1688.00	1688.00	1688.00	1688.00	1688.00	1688.00	1689.00
1443.00	1444.00	1444.50	1445.50	1446.00	1447.00	1447.00	1447.00	1448.00	1448.00	1448.00	1449.00	1449.00	1450.00	1450.00	1450.50	1451.00	1451.00	1451.50	1452.00	1452.00	1452.50	1453.00	1453.50	1454.00	1454.00	1455.00	1455.00	1455.50	1456.00	1456.50	1457.00	1457.50	1458.00	1458.50	1460.00	1460.00	1461.00	1461.50	1463.00	1463.50	1464.00	1465.00	1465.50	1467.00	1468.00	1469.00	1469.50	1471.00	1472.00	1472.50	1474.00	1475.00	1475.50	1476.50	1478.50	1479.50	1481.00	1482.00	1483.50	1485.00	1486.50	1487.50	1489.00	1491.00	1492.50	1495.00	1496.00	1498.00	1499.50	1501.50	1503.50	1505.00	1508.00	1509.00	1512.00	1514.00	1517.00	1518.50	1520.00	1523.00	1525.50	1528.00	1530.00	1532.00	1534.00	1536.50	1539.00	1540.50	1543.00	1544.00	1546.50	1549.00	1550.50	1552.00	1553.50	1556.00	1557.50	1560.00	1561.50	1562.50	1563.50	1565.50	1566.50	1568.00	1569.00	1570.00	1571.00	1572.50	1573.50	1574.00	1575.00	1575.50	1576.00	1577.00	1577.50	1578.00	1578.50	1579.50	1580.00	1581.00	1581.00	1581.50	1582.00	1583.00	1583.00	1583.50	1584.00	1585.00	1585.00	1586.00	1586.00	1586.00	1586.50	1587.00	1587.00	1587.00	1588.00	1588.00	1589.00	1589.00	1589.50	1590.00	1591.00	1591.00	1592.00	1592.00	1593.00	1593.00	1594.00	1594.00	1594.00	1595.00	1595.00	1595.00	1596.00	1596.00	1596.00	1597.00	1597.00	1597.00	1597.00	1597.00	1597.00	1597.50	1598.00	1598.00	1598.00	1598.00	1599.00	1599.00	1599.00	1599.00	1599.00	1599.00	1599.50	1600.00	1600.00	1601.00	1601.00	1601.50	1602.50	1603.00	1603.00	1604.00	1604.50	1606.00	1607.50	1608.50	1609.50	1611.00	1612.50	1614.00	1615.00	1616.50	1617.50	1620.50	1621.50	1623.00	1625.00	1627.00	1628.50	1630.00	1632.50	1633.50	1636.00	1637.00	1639.00	1641.00	1643.50	1644.50	1646.00	1648.50	1650.00	1652.00	1653.00	1654.50	1656.00	1658.50	1659.50	1660.50	1662.00	1664.00	1666.00	1667.00	1668.50	1669.50	1671.50	1673.50	1674.50	1676.00	1677.00	1678.50	1680.00	1680.50	1681.00	1681.50	1682.00	1683.00	1684.00	1684.00	1685.00	1685.50	1686.00	1686.00	1686.50	1687.00	1687.00	1687.00	1688.00	1688.00	1688.00	1688.00	1688.00	1688.00	1689.00
1443.00	1444.00	1444.50	1445.50	1446.00	1447.00	1447.00	1447.00	1448.00	1448.00	1448.00	1449.00	1449.00	1450.00	1450.00	1450.50	1451.00	1451.00	1451.50	1452.00	1452.00	1452.50	1453.00	1453.50	1454.00	1454.00	1455.00	1455.00	1455.50	1456.00	1456.50	1457.00	1457.50	1458.00	1458.50	1460.00	1460.00	1461.00	1461.50	1463.00	1463.50	1464.00	1465.00	1465.50	1467.00	1468.00	1469.00	1469.50	1471.00	1472.00	1472.50	1474.00	1475.00	1475.50	1476.50	1478.50	1479.50	1481.00	1482.00	1483.50	1485.00	1486.50	1487.50	1489.00	1491.00	1492.50	1495.00	1496.00	1498.00	1499.50	1501.50	1503.50	1505.00	1508.00	1509.00	1512.00	1514.00	1517.00	1518.50	1520.00	1523.00	1525.50	1528.00	1530.00	1532.00	1534.00	1536.50	1539.00	1540.50	1543.00	1544.00	1546.50	1549.00	1550.50	1552.00	1553.50	1556.00	1557.50	1560.00	1561.50	1562.50	1563.50	1565.50	1566.50	1568.00	1569.00	1570.00	1571.00	1572.50	1573.50	1574.00	1575.00	1575.50	1576.00	1577.00	1577.50	1578.00	1578.50	1579.50	1580.00	1581.00	1581.00	1581.50	1582.00	1583.00	1583.00	1583.50	1584.00	1585.00	1585.00	1586.00	1586.00	1586.00	1586.50	1587.00	1587.00	1587.00	1588.00	1588.00	1589.00	1589.00	1589.50	1590.00	1591.00	1591.00	1592.00	1592.00	1593.00	1593.00	1594.00	1594.00	1594.00	1595.00	1595.00	1595.00	1596.00	1596.00	1596.00	1597.00	1597.00	1597.00	1597.00	1597.00	1597.00	1597.50	1598.00	1598.00	1598.00	1598.00	1599.00	1599.00	1599.00	1599.00	1599.00	1599.00	1599.50	1600.00	1600.00	1601.00	1601.00	1601.50	1602.50	1603.00	1603.00	1604.00	1604.50	1606.00	1607.50	1608.50	1609.50	1611.00	1612.50	1614.00	1615.00	1616.50	1617.50	1620.50	1621.50	1623.00	1625.00	1627.00	1628.50	1630.00	1632.50	1633.50	1636.00	1637.00	1639.00	1641.00	1643.50	1644.50	1646.00	1648.50	1650.00	1652.00	1653.00	1654.50	1656.00	1658.50	1659.50	1660.50	1662.00	1664.00	1666.00	1667.00	1668.50	1669.50	1671.50	1673.50	1674.50	1676.00	1677.00	1678.50	1680.00	1680.50	1681.00	1681.50	1682.00	1683.00	1684.00	1684.00	1685.00	1685.50	1686.00	1686.00	1686.50	1687.00	1687.00	1687.00	1688.00	1688.00	1688.00	1688.00	1688.00	1688.00	1689.00
1443.00	1444.00	1444.50	1445.50	1446.00	1447.00	1447.00	1447.00	1448.00	1448.00	1448.00	1449.00	1449.00	1450.00	1450.00	1450.50	1451.00	1451.00	1451.50	1452.00	1452.00	1452.50	1453.00	1453.50	1454.00	1454.00	1455.00	1455.00	1455.50	1456.00	1456.50	1457.00	1457.50	1458.00	1458.50	1460.00	1460.00	1461.00	1461.50	1463.00	1463.50	1464.00	1465.00	1465.50	1467.00	1468.00	1469.00	1469.50	1471.00	1472.00	1472.50	1474.00	1475.00	1475.50	1476.50	1478.50	1479.50	1481.00	1482.00	1483.50	1485.00	1486.50	1487.50	1489.00	1491.00	1492.50	1495.00	1496.00	1498.00	1499.50	1501.50	1503.50	1505.00	1508.00	1509.00	1512.00	1514.00	1517.00	1518.50	1520.00	1523.00	1525.50	1528.00	1530.00	1532.00	1534.00	1536.50	1539.00	1540.50	1543.00	1544.00	1546.50	1549.00	1550.50	1552.00	1553.50	1556.00	1557.50	1560.00	1561.50	1562.50	1563.50	1565.50	1566.50	1568.00	1569.00	1570.00	1571.00	1572.50	1573.50	1574.00	1575.00	1575.50	1576.00	1577.00	1577.50	1578.00	1578.50	1579.50	1580.00	1581.00	1581.00	1581.50	1582.00	1583.00	1583.00	1583.50	1584.00	1585.00	1585.00	1586.00	1586.00	1586.00	1586.50	1587.00	1587.00	1587.00	1588.00	1588.00	1589.00	1589.00	1589.50	1590.00	1591.00	1591.00	1592.00	1592.00	1593.00	1593.00	1594.00	1594.00	1594.00	1595.00	1595.00	1595.00	1596.00	1596.00	1596.00	1597.00	1597.00	1597.00	1597.00	1597.00	1597.00	1597.50	1598.00	1598.00	1598.00	1598.00	1599.00	1599.00	1599.00	1599.00	1599.00	1599.00	1599.50	1600.00	1600.00	1601.00	1601.00	1601.50	1602.50	1603.00	1603.00	1604.00	1604.50	1606.00	1607.50	1608.50	1609.50	1611.00	1612.50	1614.00	1615.00	1616.50	1617.50	1620.50	1621.50	1623.00	1625.00	1627.00	1628.50	1630.00	1632.50	1633.50	1636.00	1637.00	1639.00	1641.00	1643.50	1644.50	1646.00	1648.50	1650.00	1652.00	1653.00	1654.50	1656.00	1658.50	1659.50	1660.50	1662.00	1664.00	1666.00	1667.00	1668.50	1669.50	1671.50	1673.50	1674.50	1676.00	1677.00	1678.50	1680.00	1680.50	1681.00	1681.50	1682.00	1683.00	1684.00	1684.00	1685.00	1685.50	1686.00	1686.00	1686.50	1687.00	1687.00	1687.00	1688.00	1688.00	1688.00	1688.00	1688.00	1688.00	1689.00
1443.00	1444.00	1444.50	1445.50	1446.00	1447.00	1447.00	1447.00	1448.00	1448.00	1448.00	1449.00	1449.00	1450.00	1450.00	1450.50	1451.00	1451.00	1451.50	1452.00	1452.00	1452.50	1453.00	1453.50	1454.00	1454.00	1455.00	1455.00	1455.50	1456.00	1456.50	1457.00	1457.50	1458.00	1458.50	1460.00	1460.00	1461.00	1461.50	1463.00	1463.50	1464.00	1465.00	1465.50	1467.00	1468.00	1469.00	1469.50	1471.00	1472.00	1472.50	1474.00	1475.00	1475.50	1476.50	1478.50	1479.50	1481.00	1482.00	1483.50	1485.00	1486.50	1487.50	1489.00	1491.00	1492.50	1495.00	1496.00	1498.00	1499.50	1501.50	1503.50	1505.00	1508.00	1509.00	1512.00	1514.00	1517.00	1518.50	1520.00	1523.00	1525.50	1528.00	1530.00	1532.00	1534.00	1536.50	1539.00	1540.50	1543.00	1544.00	1546.50	1549.00	1550.50	1552.00	1553.50	1556.00	1557.50	1560.00	1561.50	1562.50	1563.50	1565.50	1566.50	1568.00	1569.00	1570.00	1571.00	1572.50	1573.50	1574.00	1575.00	1575.50	1576.00	1577.00	1577.50	1578.00	1578.50	1579.50	1580.00	1581.00	1581.00	1581.50	1582.00	1583.00	1583.00	1583.50	1584.00	1585.00	1585.00	1586.00	1586.00	1586.00	1586.50	1587.00	1587.00	1587.00	1588.00	1588.00	1589.00	1589.00	1589.50	1590.00	1591.00	1591.00	1592.00	1592.00	1593.00	1593.00	1594.00	1594.00	1594.00	1595.00	1595.00	1595.00	1596.00	1596.00	1596.00	1597.00	1597.00	1597.00	1597.00	1597.00	1597.00	1597.50	1598.00	1598.00	1598.00	1598.00	1599.00	1599.00	1599.00	1599.00	1599.00	1599.00	1599.50	1600.00	1600.00	1601.00	1601.00	1601.50	1602.50	1603.00	1603.00	1604.00	1604.50	1606.00	1607.50	1608.50	1609.50	1611.00	1612.50	1614.00	1615.00	1616.50	1617.50	1620.50	1621.50	1623.00	1625.00	1627.00	1628.50	1630.00	1632.50	1633.50	1636.00	1637.00	1639.00	1641.00	1643.50	1644.50	1646.00	1648.50	1650.00	1652.00	1653.00	1654.50	1656.00	1658.50	1659.50	1660.50	1662.00	1664.00	1666.00	1667.00	1668.50	1669.50	1671.50	1673.50	1674.50	1676.00	1677.00	1678.50	1680.00	1680.50	1681.00	1681.50	1682.00	1683.00	1684.00	1684.00	1685.00	1685.50	1686.00	1686.00	1686.50	1687.00	1687.00	1687.00	1688.00	1688.00	1688.00	1688.00	1688.00	1688.00	1689.00
1443.00	1444.00	1444.50	1445.50	1446.00	1447.00	1447.00	1447.00	1448.00	1448.00	1448.00	1449.00	1449.00	1450.00	1450.00	1450.50	1451.00	1451.00	1451.50	1452.00	1452.00	1452.50	1453.00	1453.50	1454.00	1454.00	1455.00	1455.00	1455.50	1456.00	1456.50	1457.00	1457.50	1458.00	1458.50	1460.00	1460.00	1461.00	1461.50	1463.00	1463.50	1464.00	1465.00	1465.50	1467.00	1468.00	1469.00	1469.50	1471.00	1472.00	1472.50	1474.00	1475.00	1475.50	1476.50	1478.50	1479.50	1481.00	1482.00	1483.50	1485.00	1486.50	1487.50	1489.00	1491.00	1492.50	1495.00	1496.00	1498.00	1499.50	1501.50	1503.50	1505.00	1508.00	1509.00	1512.00	1514.00	1517.00	1518.50	1520.00	1523.00	1525.50	1528.00	1530.00	1532.00	1534.00	1536.50	1539.00	1540.50	1543.00	1544.00	1546.50	1549.00	1550.50	1552.00	1553.50	1556.00	1557.50	1560.00	1561.50	1562.50	1563.50	1565.50	1566.50	1568.00	1569.00	1570.00	1571.00	1572.50	1573.50	1574.00	1575.00	1575.50	1576.00	1577.00	1577.50	1578.00	1578.50	1579.50	1580.00	1581.00	1581.00	1581.50	1582.00	1583.00	1583.00	1583.50	1584.00	1585.00	1585.00	1586.00	1586.00	1586.00	1586.50	1587.00	1587.00	1587.00	1588.00	1588.00	1589.00	1589.00	1589.50	1590.00	1591.00	1591.00	1592.00	1592.00	1593.00	1593.00	1594.00	1594.00	1594.00	1595.00	1595.00	1595.00	1596.00	1596.00	1596.00	1597.00	1597.00	1597.00	1597.00	1597.00	1597.00	1597.50	1598.00	1598.00	1598.00	1598.00	1599.00	1599.00	1599.00	1599.00	1599.00	1599.00	1599.50	1600.00	1600.00	1601.00	1601.00	1601.50	1602.50	1603.00	1603.00	1604.00	1604.50	1606.00	1607.50	1608.50	1609.50	1611.00	1612.50	1614.00	1615.00	1616.50	1617.50	1620.50	1621.50	1623.00	1625.00	1627.00	1628.50	1630.00	1632.50	1633.50	1636.00	1637.00	1639.00	1641.00	1643.50	1644.50	1646.00	1648.50	1650.00	1652.00	1653.00	1654.50	1656.00	1658.50	1659.50	1660.50	1662.00	1664.00	1666.00	1667.00	1668.50	1669.50	1671.50	1673.50	1674.50	1676.00	1677.00	1678.50	1680.00	1680.50	1681.00	1681.50	1682.00	1683.00	1684.00	1684.00	1685.00	1685.50	1686.00	1686.00	1686.50	1687.00	1687.00	1687.00	1688.00	1688.00	1688.00	1688.00	1688.00	1688.00	1689.00
1443.00	1444.00	1444.50	1445.50	1446.00	1447.00	1447.00	1447.00	1448.00	1448.00	1448.00	1449.00	1449.00	1450.00	1450.00	1450.50	1451.00	1451.00	1451.50	1452.00	1452.00	1452.50	1453.00	1453.50	1454.00	1454.00	1455.00	1455.00	1455.50	1456.00	1456.50	1457.00	1457.50	1458.00	1458.50	1460.00	1460.00	1461.00	1461.50	1463.00	1463.50	1464.00	1465.00	1465.50	1467.00	1468.00	1469.00	1469.50	1471.00	1472.00	1472.50	1474.00	1475.00	1475.50	1476.50	1478.50	1479.50	1481.00	1482.00	1483.50	1485.00	1486.50	1487.50	1489.00	1491.00	1492.50	1495.00	1496.00	1498.00	1499.50	1501.50	1503.50	1505.00	1508.00	1509.00	1512.00	1514.00	1517.00	1518.50	1520.00	1523.00	1525.50	1528.00	1530.00	1532.00	1534.00	1536.50	1539.00	1540.50	1543.00	1544.00	1546.50	1549.00	1550.50	1552.00	1553.50	1556.00	1557.50	1560.00	1561.50	1562.50	1563.50	1565.50	1566.50	1568.00	1569.00	1570.00	1571.00	1572.50	1573.50	1574.00	1575.00	1575.50	1576.00	1577.00	1577.50	1578.00	1578.50	1579.50	1580.00	1581.00	1581.00	1581.50	1582.00	1583.00	1583.00	1583.50	1584.00	1585.00	1585.00	1586.00	1586.00	1586.00	1586.50	1587.00	1587.00	1587.00	1588.00	1588.00	1589.00	1589.00	1589.50	1590.00	1591.00	1591.00	1592.00	1592.00	1593.00	1593.00	1594.00	1594.00	1594.00	1595.00	1595.00	1595.00	1596.00	1596.00	1596.00	1597.00	1597.00	1597.00	1597.00	1597.00	1597.00	1597.50	1598.00	1598.00	1598.00	1598.00	1599.00	1599.00	1599.00	1599.00	1599.00	1599.00	1599.50	1600.00	1600.00	1601.00	1601.00	1601.50	1602.50	1603.00	1603.00	1604.00	1604.50	1606.00	1607.50	1608.50	1609.50	1611.00	1612.50	1614.00	1615.00	1616.50	1617.50	1620.50	1621.50	1623.00	1625.00	1627.00	1628.50	1630.00	1632.50	1633.50	1636.00	1637.00	1639.00	1641.00	1643.50	1644.50	1646.00	1648.50	1650.00	1652.00	1653.00	1654.50	1656.00	1658.50	1659.50	1660.50	1662.00	1664.00	1666.00	1667.00	1668.50	1669.50	1671.50	1673.50	1674.50	1676.00	1677.00	1678.50	1680.00	1680.50	1681.00	1681.50	1682.00	1683.00	1684.00	1684.00	1685.00	1685.50	1686.00	1686.00	1686.50	1687.00	1687.00	1687.00	1688.00	1688.00	1688.00	1688.00	1688.00	1688.00	1689.00
1453.50	1454.00	1454.00	1454.00	1454.00	1455.00	1455.00	1455.00	1455.00	1455.00	1455.00	1455.00	1455.00	1455.00	1455.00	1455.00	1455.00	1455.00	1455.00	1456.00	1456.00	1456.00	1456.00	1456.50	1457.00	1457.00	1457.00	1458.00	1458.00	1458.00	1459.00	1459.00	1459.50	1461.00	1461.50	1462.00	1463.00	1463.50	1464.00	1465.50	1466.50	1467.00	1468.00	1469.50	1470.00	1471.00	1472.50	1473.00	1474.00	1475.00	1475.50	1477.00	1478.50	1479.50	1480.50	1481.50	1482.50	1484.00	1485.00	1486.50	1488.00	1490.50	1491.50	1492.50	1494.00	1495.50	1497.00	1498.00	1500.00	1501.50	1503.50	1505.50	1507.00	1509.00	1511.00	1513.50	1516.00	1518.50	1520.00	1522.00	1525.00	1527.00	1530.00	1531.00	1534.00	1536.00	1538.50	1541.00	1542.50	1545.00	1546.00	1549.00	1551.00	1553.50	1555.00	1556.50	1559.00	1560.50	1562.00	1564.50	1565.50	1566.50	1568.50	1569.50	1571.00	1572.00	1574.00	1575.00	1575.50	1576.50	1577.00	1578.00	1578.50	1580.00	1580.00	1581.00	1581.50	1582.00	1582.50	1583.00	1584.00	1584.00	1585.00	1585.00	1586.00	1586.00	1586.00	1587.00	1587.00	1587.00	1587.00	1587.50	1588.00	1588.00	1588.00	1588.00	1589.00	1589.00	1589.00	1590.00	1590.00	1590.00	1590.50	1591.00	1591.50	1592.00	1592.00	1592.00	1592.00	1593.00	1593.00	1593.00	1593.00	1594.00	1594.00	1594.00	1594.00	1594.00	1595.00	1595.00	1595.00	1595.00	1595.00	1595.00	1595.50	1596.00	1596.00	1596.00	1596.00	1596.00	1596.00	1596.00	1596.00	1596.50	1597.00	1597.50	1598.00	1598.00	1599.00	1599.00	1599.50	1600.00	1600.50	1602.00	1603.00	1604.00	1605.00	1606.50	1607.50	1608.50	1609.00	1610.50	1612.00	1614.00	1615.50	1616.50	1618.50	1619.50	1621.00	1623.00	1624.50	1625.50	1628.00	1630.00	1631.50	1634.00	1635.00	1637.50	1639.00	1641.50	1642.50	1644.00	1646.50	1647.50	1650.00	1651.00	1653.00	1654.50	1656.50	1658.00	1659.50	1661.00	1662.50	1664.00	1665.00	1666.50	1667.50	1669.00	1670.50	1671.00	1672.00	1673.00	1673.50	1674.00	1675.50	1676.00	1676.50	1677.00	1678.00	1679.00	1679.00	1679.00	1679.50	1680.00	1680.00	1680.50	1681.00	1681.00	1681.00	1681.00	1681.00	1681.00	1681.00	1681.00	1681.50	1682.00
1453.50	1454.00	1454.00	1454.00	1454.00	1455.00	1455.00	1455.00	1455.00	1455.00	1455.00	1455.00	1455.00	1455.00	1455.00	1455.00	1455.00	1455.00	1455.00	1456.00	1456.00	1456.00	1456.00	1456.50	1457.00	1457.00	1457.00	1458.00	1458.00	1458.00	1459.00	1459.00	1459.50	1461.00	1461.50	1462.00	1463.00	1463.50	1464.00	1465.50	1466.50	1467.00	1468.00	1469.50	1470.00	1471.00	1472.50	1473.00	1474.00	1475.00	1475.50	1477.00	1478.50	1479.50	1480.50	1481.50	1482.50	1484.00	1485.00	1486.50	1488.00	1490.50	1491.50	1492.50	1494.00	1495.50	1497.00	1498.00	1500.00	1501.50	1503.50	1505.50	1507.00	1509.00	1511.00	1513.50	1516.00	1518.50	1520.00	1522.00	1525.00	1527.00	1530.00	1531.00	1534.00	1536.00	1538.50	1541.00	1542.50	1545.00	1546.00	1549.00	1551.00	1553.50	1555.00	1556.50	1559.00	1560.50	1562.00	1564.50	1565.50	1566.50	1568.50	1569.50	1571.00	1572.00	1574.00	1575.00	1575.50	1576.50	1577.00	1578.00	1578.50	1580.00	1580.00	1581.00	1581.50	1582.00	1582.50	1583.00	1584.00	1584.00	1585.00	1585.00	1586.00	1586.00	1586.00	1587.00	1587.00	1587.00	1587.00	1587.50	1588.00	1588.00	1588.00	1588.00	1589.00	1589.00	1589.00	1590.00	1590.00	1590.00	1590.50	1591.00	1591.50	1592.00	1592.00	1592.00	1592.00	1593.00	1593.00	1593.00	1593.00	1594.00	1594.00	1594.00	1594.00	1594.00	1595.00	1595.00	1595.00	1595.00	1595.00	1595.00	1595.50	1596.00	1596.00	1596.00	1596.00	1596.00	1596.00	1596.00	1596.00	1596.50	1597.00	1597.50	1598.00	1598.00	1599.00	1599.00	1599.50	1600.00	1600.50	1602.00	1603.00	1604.00	1605.00	1606.50	1607.50	1608.50	1609.00	1610.50	1612.00	1614.00	1615.50	1616.50	1618.50	1619.50	1621.00	1623.00	1624.50	1625.50	1628.00	1630.00	1631.50	1634.00	1635.00	1637.50	1639.00	1641.50	1642.50	1644.00	1646.50	1647.50	1650.00	1651.00	1653.00	1654.50	1656.50	1658.00	1659.50	1661.00	1662.50	1664.00	1665.00	1666.50	1667.50	1669.00	1670.50	1671.00	1672.00	1673.00	1673.50	1674.00	1675.50	1676.00	1676.50	1677.00	1678.00	1679.00	1679.00	1679.00	1679.50	1680.00	1680.00	1680.50	1681.00	1681.00	1681.00	1681.00	1681.00	1681.00	1681.00	1681.00	1681.50	1682.00
1453.50	1454.00	1454.00	1454.00	1454.00	1455.00	1455.00	1455.00	1455.00	1455.00	1455.00	1455.00	1455.00	1455.00	1455.00	1455.00	1455.00	1455.00	1455.00	1456.00	1456.00	1456.00	1456.00	1456.50	1457.00	1457.00	1457.00	1458.00	1458.00	1458.00	1459.00	1459.00	1459.50	1461.00	1461.50	1462.00	1463.00	1463.50	1464.00	1465.50	1466.50	1467.00	1468.00	1469.50	1470.00	1471.00	1472.50	1473.00	1474.00	1475.00	1475.50	1477.00	1478.50	1479.50	1480.50	1481.50	1482.50	1484.00	1485.00	1486.50	1488.00	1490.50	1491.50	1492.50	1494.00	1495.50	1497.00	1498.00	1500.00	1501.50	1503.50	1505.50	1507.00	1509.00	1511.00	1513.50	1516.00	1518.50	1520.00	1522.00	1525.00	1527.00	1530.00	1531.00	1534.00	1536.00	1538.50	1541.00	1542.50	1545.00	1546.00	1549.00	1551.00	1553.50	1555.00	1556.50	1559.00	1560.50	1562.00	1564.50	1565.50	1566.50	1568.50	1569.50	1571.00	1572.00	1574.00	1575.00	1575.50	1576.50	1577.00	1578.00	1578.50	1580.00	1580.00	1581.00	1581.50	1582.00	1582.50	1583.00	1584.00	1584.00	1585.00	1585.00	1586.00	1586.00	1586.00	1587.00	1587.00	1587.00	1587.00	1587.50	1588.00	1588.00	1588.00	1588.00	1589.00	1589.00	1589.00	1590.00	1590.00	1590.00	1590.50	1591.00	1591.50	1592.00	1592.00	1592.00	1592.00	1593.00	1593.00	1593.00	1593.00	1594.00	1594.00	1594.00	1594.00	1594.00	1595.00	1595.00	1595.00	1595.00	1595.00	1595.00	1595.50	1596.00	1596.00	1596.00	1596.00	1596.00	1596.00	1596.00	1596.00	1596.50	1597.00	1597.50	1598.00	1598.00	1599.00	1599.00	1599.50	1600.00	1600.50	1602.00	1603.00	1604.00	1605.00	1606.50	1607.50	1608.50	1609.00	1610.50	1612.00	1614.00	1615.50	1616.50	1618.50	1619.50	1621.00	1623.00	1624.50	1625.50	1628.00	1630.00	1631.50	1634.00	1635.00	1637.50	1639.00	1641.50	1642.50	1644.00	1646.50	1647.50	1650.00	1651.00	1653.00	1654.50	1656.50	1658.00	1659.50	1661.00	1662.50	1664.00	1665.00	1666.50	1667.50	1669.00	1670.50	1671.00	1672.00	1673.00	1673.50	1674.00	1675.50	1676.00	1676.50	1677.00	1678.00	1679.00	1679.00	1679.00	1679.50	1680.00	1680.00	1680.50	1681.00	1681.00	1681.00	1681.00	1681.00	1681.00	1681.00	1681.00	1681.50	1682.00
1453.50	1454.00	1454.00	1454.00	1454.00	1455.00	1455.00	1455.00	1455.00	1455.00	1455.00	1455.00	1455.00	1455.00	1455.00	1455.00	1455.00	1455.00	1455.00	1456.00	1456.00	1456.00	1456.00	1456.50	1457.00	1457.00	1457.00	1458.00	1458.00	1458.00	1459.00	1459.00	1459.50	1461.00	1461.50	1462.00	1463.00	1463.50	1464.00	1465.50	1466.50	1467.00	1468.00	1469.50	1470.00	1471.00	1472.50	1473.00	1474.00	1475.00	1475.50	1477.00	1478.50	1479.50	1480.50	1481.50	1482.50	1484.00	1485.00	1486.50	1488.00	1490.50	1491.50	1492.50	1494.00	1495.50	1497.00	1498.00	1500.00	1501.50	1503.50	1505.50	1507.00	1509.00	1511.00	1513.50	1516.00	1518.50	1520.00	1522.00	1525.00	1527.00	1530.00	1531.00	1534.00	1536.00	1538.50	1541.00	1542.50	1545.00	1546.00	1549.00	1551.00	1553.50	1555.00	1556.50	1559.00	1560.50	1562.00	1564.50	1565.50	1566.50	1568.50	1569.50	1571.00	1572.00	1574.00	1575.00	1575.50	1576.50	1577.00	1578.00	1578.50	1580.00	1580.00	1581.00	1581.50	1582.00	1582.50	1583.00	1584.00	1584.00	1585.00	1585.00	1586.00	1586.00	1586.00	1587.00	1587.00	1587.00	1587.00	1587.50	1588.00	1588.00	1588.00	1588.00	1589.00	1589.00	1589.00	1590.00	1590.00	1590.00	1590.50	1591.00	1591.50	1592.00	1592.00	1592.00	1592.00	1593.00	1593.00	1593.00	1593.00	1594.00	1594.00	1594.00	1594.00	1594.00	1595.00	1595.00	1595.00	1595.00	1595.00	1595.00	1595.50	1596.00	1596.00	1596.00	1596.00	1596.00	1596.00	1596.00	1596.00	1596.50	1597.00	1597.50	1598.00	1598.00	1599.00	1599.00	1599.50	1600.00	1600.50	1602.00	1603.00	1604.00	1605.00	1606.50	1607.50	1608.50	1609.00	1610.50	1612.00	1614.00	1615.50	1616.50	1618.50	1619.50	1621.00	1623.00	1624.50	1625.50	1628.00	1630.00	1631.50	1634.00	1635.00	1637.50	1639.00	1641.50	1642.50	1644.00	1646.50	1647.50	1650.00	1651.00	1653.00	1654.50	1656.50	1658.00	1659.50	1661.00	1662.50	1664.00	1665.00	1666.50	1667.50	1669.00	1670.50	1671.00	1672.00	1673.00	1673.50	1674.00	1675.50	1676.00	1676.50	1677.00	1678.00	1679.00	1679.00	1679.00	1679.50	1680.00	1680.00	1680.50	1681.00	1681.00	1681.00	1681.00	1681.00	1681.00	1681.00	1681.00	1681.50	1682.00
1453.50	1454.00	1454.00	1454.00	1454.00	1455.00	1455.00	1455.00	1455.00	1455.00	1455.00	1455.00	1455.00	1455.00	1455.00	1455.00	1455.00	1455.00	1455.00	1456.00	1456.00	1456.00	1456.00	1456.50	1457.00	1457.00	1457.00	1458.00	1458.00	1458.00	1459.00	1459.00	1459.50	1461.00	1461.50	1462.00	1463.00	1463.50	1464.00	1465.50	1466.50	1467.00	1468.00	1469.50	1470.00	1471.00	1472.50	1473.00	1474.00	1475.00	1475.50	1477.00	1478.50	1479.50	1480.50	1481.50	1482.50	1484.00	1485.00	1486.50	1488.00	1490.50	1491.50	1492.50	1494.00	1495.50	1497.00	1498.00	1500.00	1501.50	1503.50	1505.50	1507.00	1509.00	1511.00	1513.50	1516.00	1518.50	1520.00	1522.00	1525.00	1527.00	1530.00	1531.00	1534.00	1536.00	1538.50	1541.00	1542.50	1545.00	1546.00	1549.00	1551.00	1553.50	1555.00	1556.50	1559.00	1560.50	1562.00	1564.50	1565.50	1566.50	1568.50	1569.50	1571.00	1572.00	1574.00	1575.00	1575.50	1576.50	1577.00	1578.00	1578.50	1580.00	1580.00	1581.00	1581.50	1582.00	1582.50	1583.00	1584.00	1584.00	1585.00	1585.00	1586.00	1586.00	1586.00	1587.00	1587.00	1587.00	1587.00	1587.50	1588.00	1588.00	1588.00	1588.00	1589.00	1589.00	1589.00	1590.00	1590.00	1590.00	1590.50	1591.00	1591.50	1592.00	1592.00	1592.00	1592.00	1593.00	1593.00	1593.00	1593.00	1594.00	1594.00	1594.00	1594.00	1594.00	1595.00	1595.00	1595.00	1595.00	1595.00	1595.00	1595.50	1596.00	1596.00	1596.00	1596.00	1596.00	1596.00	1596.00	1596.00	1596.50	1597.00	1597.50	1598.00	1598.00	1599.00	1599.00	1599.50	1600.00	1600.50	1602.00	1603.00	1604.00	1605.00	1606.50	1607.50	1608.50	1609.00	1610.50	1612.00	1614.00	1615.50	1616.50	1618.50	1619.50	1621.00	1623.00	1624.50	1625.50	1628.00	1630.00	1631.50	1634.00	1635.00	1637.50	1639.00	1641.50	1642.50	1644.00	1646.50	1647.50	1650.00	1651.00	1653.00	1654.50	1656.50	1658.00	1659.50	1661.00	1662.50	1664.00	1665.00	1666.50	1667.50	1669.00	1670.50	1671.00	1672.00	1673.00	1673.50	1674.00	1675.50	1676.00	1676.50	1677.00	1678.00	1679.00	1679.00	1679.00	1679.50	1680.00	1680.00	1680.50	1681.00	1681.00	1681.00	1681.00	1681.00	1681.00	1681.00	1681.00	1681.50	1682.00
1453.50	1454.00	1454.00	1454.00	1454.00	1455.00	1455.00	1455.00	1455.00	1455.00	1455.00	1455.00	1455.00	1455.00	1455.00	1455.00	1455.00	1455.00	1455.00	1456.00	1456.00	1456.00	1456.00	1456.50	1457.00	1457.00	1457.00	1458.00	1458.00	1458.00	1459.00	1459.00	1459.50	1461.00	1461.50	1462.00	1463.00	1463.50	1464.00	1465.50	1466.50	1467.00	1468.00	1469.50	1470.00	1471.00	1472.50	1473.00	1474.00	1475.00	1475.50	1477.00	1478.50	1479.50	1480.50	1481.50	1482.50	1484.00	1485.00	1486.50	1488.00	1490.50	1491.50	1492.50	1494.00	1495.50	1497.00	1498.00	1500.00	1501.50	1503.50	1505.50	1507.00	1509.00	1511.00	1513.50	1516.00	1518.50	1520.00	1522.00	1525.00	1527.00	1530.00	1531.00	1534.00	1536.00	1538.50	1541.00	1542.50	1545.00	1546.00	1549.00	1551.00	1553.50	1555.00	1556.50	1559.00	1560.50	1562.00	1564.50	1565.50	1566.50	1568.50	1569.50	1571.00	1572.00	1574.00	1575.00	1575.50	1576.50	1577.00	1578.00	1578.50	1580.00	1580.00	1581.00	1581.50	1582.00	1582.50	1583.00	1584.00	1584.00	1585.00	1585.00	1586.00	1586.00	1586.00	1587.00	1587.00	1587.00	1587.00	1587.50	1588.00	1588.00	1588.00	1588.00	1589.00	1589.00	1589.00	1590.00	1590.00	1590.00	1590.50	1591.00	1591.50	1592.00	1592.00	1592.00	1592.00	1593.00	1593.00	1593.00	1593.00	1594.00	1594.00	1594.00	1594.00	1594.00	1595.00	1595.00	1595.00	1595.00	1595.00	1595.00	1595.50	1596.00	1596.00	1596.00	1596.00	1596.00	1596.00	1596.00	1596.00	1596.50	1597.00	1597.50	1598.00	1598.00	1599.00	1599.00	1599.50	1600.00	1600.50	1602.00	1603.00	1604.00	1605.00	1606.50	1607.50	1608.50	1609.00	1610.50	1612.00	1614.00	1615.50	1616.50	1618.50	1619.50	1621.00	1623.00	1624.50	1625.50	1628.00	1630.00	1631.50	1634.00	1635.00	1637.50	1639.00	1641.50	1642.50	1644.00	1646.50	1647.50	1650.00	1651.00	1653.00	1654.50	1656.50	1658.00	1659.50	1661.00	1662.50	1664.00	1665.00	1666.50	1667.50	1669.00	1670.50	1671.00	1672.00	1673.00	1673.50	1674.00	1675.50	1676.00	1676.50	1677.00	1678.00	1679.00	1679.00	1679.00	1679.50	1680.00	1680.00	1680.50	1681.00	1681.00	1681.00	1681.00	1681.00	1681.00	1681.00	1681.00	1681.50	1682.00
1453.50	1454.00	1454.00	1454.00	1454.00	1455.00	1455.00	1455.00	1455.00	1455.00	1455.00	1455.00	1455.00	1455.00	1455.00	1455.00	1455.00	1455.00	1455.00	1456.00	1456.00	1456.00	1456.00	1456.50	1457.00	1457.00	1457.00	1458.00	1458.00	1458.00	1459.00	1459.00	1459.50	1461.00	1461.50	1462.00	1463.00	1463.50	1464.00	1465.50	1466.50	1467.00	1468.00	1469.50	1470.00	1471.00	1472.50	1473.00	1474.00	1475.00	1475.50	1477.00	1478.50	1479.50	1480.50	1481.50	1482.50	1484.00	1485.00	1486.50	1488.00	1490.50	1491.50	1492.50	1494.00	1495.50	1497.00	1498.00	1500.00	1501.50	1503.50	1505.50	1507.00	1509.00	1511.00	1513.50	1516.00	1518.50	1520.00	1522.00	1525.00	1527.00	1530.00	1531.00	1534.00	1536.00	1538.50	1541.00	1542.50	1545.00	1546.00	1549.00	1551.00	1553.50	1555.00	1556.50	1559.00	1560.50	1562.00	1564.50	1565.50	1566.50	1568.50	1569.50	1571.00	1572.00	1574.00	1575.00	1575.50	1576.50	1577.00	1578.00	1578.50	1580.00	1580.00	1581.00	1581.50	1582.00	1582.50	1583.00	1584.00	1584.00	1585.00	1585.00	1586.00	1586.00	1586.00	1587.00	1587.00	1587.00	1587.00	1587.50	1588.00	1588.00	1588.00	1588.00	1589.00	1589.00	1589.00	1590.00	1590.00	1590.00	1590.50	1591.00	1591.50	1592.00	1592.00	1592.00	1592.00	1593.00	1593.00	1593.00	1593.00	1594.00	1594.00	1594.00	1594.00	1594.00	1595.00	1595.00	1595.00	1595.00	1595.00	1595.00	1595.50	1596.00	1596.00	1596.00	1596.00	1596.00	1596.00	1596.00	1596.00	1596.50	1597.00	1597.50	1598.00	1598.00	1599.00	1599.00	1599.50	1600.00	1600.50	1602.00	1603.00	1604.00	1605.00	1606.50	1607.50	1608.50	1609.00	1610.50	1612.00	1614.00	1615.50	1616.50	1618.50	1619.50	1621.00	1623.00	1624.50	1625.50	1628.00	1630.00	1631.50	1634.00	1635.00	1637.50	1639.00	1641.50	1642.50	1644.00	1646.50	1647.50	1650.00	1651.00	1653.00	1654.50	1656.50	1658.00	1659.50	1661.00	1662.50	1664.00	1665.00	1666.50	1667.50	1669.00	1670.50	1671.00	1672.00	1673.00	1673.50	1674.00	1675.50	1676.00	1676.50	1677.00	1678.00	1679.00	1679.00	1679.00	1679.50	1680.00	1680.00	1680.50	1681.00	1681.00	1681.00	1681.00	1681.00	1681.00	1681.00	1681.00	1681.50	1682.00
1457.75	1458.00	1458.00	1458.00	1458.50	1459.00	1459.00	1459.00	1459.00	1458.75	1458.50	1458.50	1458.50	1458.50	1458.00	1458.00	1458.00	1458.00	1458.00	1458.50	1458.50	1458.50	1458.50	1458.75	1459.00	1459.00	1459.50	1460.00	1460.25	1460.50	1461.50	1461.75	1462.25	1463.00	1463.75	1464.50	1465.00	1466.00	1466.75	1468.00	1469.00	1469.75	1470.50	1472.00	1473.00	1473.50	1475.00	1475.75	1477.00	1477.75	1478.50	1480.00	1481.25	1482.00	1483.00	1484.50	1485.50	1487.00	1488.00	1489.50	1491.00	1493.00	1494.00	1495.00	1496.50	1498.25	1500.00	1501.00	1503.00	1504.50	1506.25	1508.25	1509.75	1512.00	1513.50	1516.00	1518.50	1520.75	1522.25	1524.00	1527.00	1529.00	1531.50	1533.00	1535.75	1537.50	1540.00	1542.25	1543.75	1546.50	1547.50	1550.50	1552.50	1555.00	1556.50	1558.00	1560.00	1562.00	1563.50	1566.00	1567.00	1568.00	1570.50	1571.50	1572.50	1573.50	1575.25	1576.50	1577.00	1578.00	1578.75	1579.50	1580.25	1581.50	1581.50	1582.50	1583.00	1583.75	1584.25	1584.50	1585.50	1585.50	1586.50	1586.50	1587.25	1587.50	1587.50	1588.00	1588.50	1588.50	1588.50	1588.75	1589.00	1589.25	1589.50	1589.50	1590.00	1590.00	1590.00	1590.50	1591.00	1591.00	1591.25	1591.50	1592.00	1592.50	1592.50	1592.50	1592.50	1593.00	1593.25	1593.50	1593.50	1594.00	1594.00	1594.00	1594.00	1594.25	1595.00	1595.00	1595.00	1595.00	1595.00	1595.25	1595.75	1596.00	1596.00	1596.00	1596.00	1596.00	1596.00	1596.25	1596.50	1596.75	1597.00	1597.75	1598.00	1598.50	1599.00	1599.25	1600.00	1600.75	1601.50	1602.50	1603.50	1604.25	1605.50	1606.50	1607.50	1608.50	1609.50	1611.25	1613.00	1614.50	1616.00	1617.00	1619.00	1620.25	1621.75	1623.50	1625.25	1626.50	1628.50	1630.75	1632.00	1634.00	1635.50	1637.50	1639.00	1641.25	1642.50	1643.75	1646.00	1647.00	1649.00	1650.50	1652.25	1653.50	1655.50	1656.75	1658.00	1659.50	1661.00	1662.50	1663.50	1665.50	1666.25	1667.25	1668.50	1669.00	1670.00	1670.50	1671.50	1672.00	1673.25	1673.50	1674.00	1674.50	1675.25	1676.00	1676.00	1676.50	1676.75	1677.50	1677.50	1677.75	1678.00	1678.00	1678.00	1678.00	1678.00	1678.00	1677.50	1677.50	1677.75	1678.00
1462.00	1462.00	1462.00	1462.00	1463.00	1463.00	1463.00	1463.00	1463.00	1462.50	1462.00	1462.00	1462.00	1462.00	1461.00	1461.00	1461.00	1461.00	1461.00	1461.00	1461.00	1461.00	1461.00	1461.00	1461.00	1461.00	1462.00	1462.00	1462.50	1463.00	1464.00	1464.50	1465.00	1465.00	1466.00	1467.00	1467.00	1468.50	1469.50	1470.50	1471.50	1472.50	1473.00	1474.50	1476.00	1476.00	1477.50	1478.50	1480.00	1480.50	1481.50	1483.00	1484.00	1484.50	1485.50	1487.50	1488.50	1490.00	1491.00	1492.50	1494.00	1495.50	1496.50	1497.50	1499.00	1501.00	1503.00	1504.00	1506.00	1507.50	1509.00	1511.00	1512.50	1515.00	1516.00	1518.50	1521.00	1523.00	1524.50	1526.00	1529.00	1531.00	1533.00	1535.00	1537.50	1539.00	1541.50	1543.50	1545.00	1548.00	1549.00	1552.00	1554.00	1556.50	1558.00	1559.50	1561.00	1563.50	1565.00	1567.50	1568.50	1569.50	1572.50	1573.50	1574.00	1575.00	1576.50	1578.00	1578.50	1579.50	1580.50	1581.00	1582.00	1583.00	1583.00	1584.00	1584.50	1585.50	1586.00	1586.00	1587.00	1587.00	1588.00	1588.00	1588.50	1589.00	1589.00	1589.00	1590.00	1590.00	1590.00	1590.00	1590.00	1590.50	1591.00	1591.00	1591.00	1591.00	1591.00	1591.00	1592.00	1592.00	1592.00	1592.00	1592.50	1593.00	1593.00	1593.00	1593.00	1593.00	1593.50	1594.00	1594.00	1594.00	1594.00	1594.00	1594.00	1594.50	1595.00	1595.00	1595.00	1595.00	1595.00	1595.50	1596.00	1596.00	1596.00	1596.00	1596.00	1596.00	1596.00	1596.50	1597.00	1597.00	1597.00	1598.00	1598.00	1599.00	1599.00	1599.50	1600.50	1601.50	1602.50	1603.00	1604.00	1604.50	1606.00	1606.50	1607.50	1608.50	1610.00	1612.00	1614.00	1615.00	1616.50	1617.50	1619.50	1621.00	1622.50	1624.00	1626.00	1627.50	1629.00	1631.50	1632.50	1634.00	1636.00	1637.50	1639.00	1641.00	1642.50	1643.50	1645.50	1646.50	1648.00	1650.00	1651.50	1652.50	1654.50	1655.50	1656.50	1658.00	1659.50	1661.00	1662.00	1664.50	1665.00	1665.50	1666.50	1667.00	1668.00	1668.00	1669.50	1670.00	1671.00	1671.00	1671.50	1672.00	1672.50	1673.00	1673.00	1674.00	1674.00	1675.00	1675.00	1675.00	1675.00	1675.00	1675.00	1675.00	1675.00	1675.00	1674.00	1674.00	1674.00	1674.00
1462.00	1462.00	1462.00	1462.00	1463.00	1463.00	1463.00	1463.00	1463.00	1462.50	1462.00	1462.00	1462.00	1462.00	1461.00	1461.00	1461.00	1461.00	1461.00	1461.00	1461.00	1461.00	1461.00	1461.00	1461.00	1461.00	1462.00	1462.00	1462.50	1463.00	1464.00	1464.50	1465.00	1465.00	1466.00	1467.00	1467.00	1468.50	1469.50	1470.50	1471.50	1472.50	1473.00	1474.50	1476.00	1476.00	1477.50	1478.50	1480.00	1480.50	1481.50	1483.00	1484.00	1484.50	1485.50	1487.50	1488.50	1490.00	1491.00	1492.50	1494.00	1495.50	1496.50	1497.50	1499.00	1501.00	1503.00	1504.00	1506.00	1507.50	1509.00	1511.00	1512.50	1515.00	1516.00	1518.50	1521.00	1523.00	1524.50	1526.00	1529.00	1531.00	1533.00	1535.00	1537.50	1539.00	1541.50	1543.50	1545.00	1548.00	1549.00	1552.00	1554.00	1556.50	1558.00	1559.50	1561.00	1563.50	1565.00	1567.50	1568.50	1569.50	1572.50	1573.50	1574.00	1575.00	1576.50	1578.00	1578.50	1579.50	1580.50	1581.00	1582.00	1583.00	1583.00	1584.00	1584.50	1585.50	1586.00	1586.00	1587.00	1587.00	1588.00	1588.00	1588.50	1589.00	1589.00	1589.00	1590.00	1590.00	1590.00	1590.00	1590.00	1590.50	1591.00	1591.00	1591.00	1591.00	1591.00	1591.00	1592.00	1592.00	1592.00	1592.00	1592.50	1593.00	1593.00	1593.00	1593.00	1593.00	1593.50	1594.00	1594.00	1594.00	1594.00	1594.00	1594.00	1594.50	1595.00	1595.00	1595.00	1595.00	1595.00	1595.50	1596.00	1596.00	1596.00	1596.00	1596.00	1596.00	1596.00	1596.50	1597.00	1597.00	1597.00	1598.00	1598.00	1599.00	1599.00	1599.50	1600.50	1601.50	1602.50	1603.00	1604.00	1604.50	1606.00	1606.50	1607.50	1608.50	1610.00	1612.00	1614.00	1615.00	1616.50	1617.50	1619.50	1621.00	1622.50	1624.00	1626.00	1627.50	1629.00	1631.50	1632.50	1634.00	1636.00	1637.50	1639.00	1641.00	1642.50	1643.50	1645.50	1646.50	1648.00	1650.00	1651.50	1652.50	1654.50	1655.50	1656.50	1658.00	1659.50	1661.00	1662.00	1664.50	1665.00	1665.50	1666.50	1667.00	1668.00	1668.00	1669.50	1670.00	1671.00	1671.00	1671.50	1672.00	1672.50	1673.00	1673.00	1674.00	1674.00	1675.00	1675.00	1675.00	1675.00	1675.00	1675.00	1675.00	1675.00	1675.00	1674.00	1674.00	1674.00	1674.00
1462.00	1462.00	1462.00	1462.00	1463.00	1463.00	1463.00	1463.00	1463.00	1462.50	1462.00	1462.00	1462.00	1462.00	1461.00	1461.00	1461.00	1461.00	1461.00	1461.00	1461.00	1461.00	1461.00	1461.00	1461.00	1461.00	1462.00	1462.00	1462.50	1463.00	1464.00	1464.50	1465.00	1465.00	1466.00	1467.00	1467.00	1468.50	1469.50	1470.50	1471.50	1472.50	1473.00	1474.50	1476.00	1476.00	1477.50	1478.50	1480.00	1480.50	1481.50	1483.00	1484.00	1484.50	1485.50	1487.50	1488.50	1490.00	1491.00	1492.50	1494.00	1495.50	1496.50	1497.50	1499.00	1501.00	1503.00	1504.00	1506.00	1507.50	1509.00	1511.00	1512.50	1515.00	1516.00	1518.50	1521.00	1523.00	1524.50	1526.00	1529.00	1531.00	1533.00	1535.00	1537.50	1539.00	1541.50	1543.50	1545.00	1548.00	1549.00	1552.00	1554.00	1556.50	1558.00	1559.50	1561.00	1563.50	1565.00	1567.50	1568.50	1569.50	1572.50	1573.50	1574.00	1575.00	1576.50	1578.00	1578.50	1579.50	1580.50	1581.00	1582.00	1583.00	1583.00	1584.00	1584.50	1585.50	1586.00	1586.00	1587.00	1587.00	1588.00	1588.00	1588.50	1589.00	1589.00	1589.00	1590.00	1590.00	1590.00	1590.00	1590.00	1590.50	1591.00	1591.00	1591.00	1591.00	1591.00	1591.00	1592.00	1592.00	1592.00	1592.00	1592.50	1593.00	1593.00	1593.00	1593.00	1593.00	1593.50	1594.00	1594.00	1594.00	1594.00	1594.00	1594.00	1594.50	1595.00	1595.00	1595.00	1595.00	1595.00	1595.50	1596.00	1596.00	1596.00	1596.00	1596.00	1596.00	1596.00	1596.50	1597.00	1597.00	1597.00	1598.00	1598.00	1599.00	1599.00	1599.50	1600.50	1601.50	1602.50	1603.00	1604.00	1604.50	1606.00	1606.50	1607.50	1608.50	1610.00	1612.00	1614.00	1615.00	1616.50	1617.50	1619.50	1621.00	1622.50	1624.00	1626.00	1627.50	1629.00	1631.50	1632.50	1634.00	1636.00	1637.50	1639.00	1641.00	1642.50	1643.50	1645.50	1646.50	1648.00	1650.00	1651.50	1652.50	1654.50	1655.50	1656.50	1658.00	1659.50	1661.00	1662.00	1664.50	1665.00	1665.50	1666.50	1667.00	1668.00	1668.00	1669.50	1670.00	1671.00	1671.00	1671.50	1672.00	1672.50	1673.00	1673.00	1674.00	1674.00	1675.00	1675.00	1675.00	1675.00	1675.00	1675.00	1675.00	1675.00	1675.00	1674.00	1674.00	1674.00	1674.00
1462.00	1462.00	1462.00	1462.00	1463.00	1463.00	1463.00	1463.00	1463.00	1462.50	1462.00	1462.00	1462.00	1462.00	1461.00	1461.00	1461.00	1461.00	1461.00	1461.00	1461.00	1461.00	1461.00	1461.00	1461.00	1461.00	1462.00	1462.00	1462.50	1463.00	1464.00	1464.50	1465.00	1465.00	1466.00	1467.00	1467.00	1468.50	1469.50	1470.50	1471.50	1472.50	1473.00	1474.50	1476.00	1476.00	1477.50	1478.50	1480.00	1480.50	1481.50	1483.00	1484.00	1484.50	1485.50	1487.50	1488.50	1490.00	1491.00	1492.50	1494.00	1495.50	1496.50	1497.50	1499.00	1501.00	1503.00	1504.00	1506.00	1507.50	1509.00	1511.00	1512.50	1515.00	1516.00	1518.50	1521.00	1523.00	1524.50	1526.00	1529.00	1531.00	1533.00	1535.00	1537.50	1539.00	1541.50	1543.50	1545.00	1548.00	1549.00	1552.00	1554.00	1556.50	1558.00	1559.50	1561.00	1563.50	1565.00	1567.50	1568.50	1569.50	1572.50	1573.50	1574.00	1575.00	1576.50	1578.00	1578.50	1579.50	1580.50	1581.00	1582.00	1583.00	1583.00	1584.00	1584.50	1585.50	1586.00	1586.00	1587.00	1587.00	1588.00	1588.00	1588.50	1589.00	1589.00	1589.00	1590.00	1590.00	1590.00	1590.00	1590.00	1590.50	1591.00	1591.00	1591.00	1591.00	1591.00	1591.00	1592.00	1592.00	1592.00	1592.00	1592.50	1593.00	1593.00	1593.00	1593.00	1593.00	1593.50	1594.00	1594.00	1594.00	1594.00	1594.00	1594.00	1594.50	1595.00	1595.00	1595.00	1595.00	1595.00	1595.50	1596.00	1596.00	1596.00	1596.00	1596.00	1596.00	1596.00	1596.50	1597.00	1597.00	1597.00	1598.00	1598.00	1599.00	1599.00	1599.50	1600.50	1601.50	1602.50	1603.00	1604.00	1604.50	1606.00	1606.50	1607.50	1608.50	1610.00	1612.00	1614.00	1615.00	1616.50	1617.50	1619.50	1621.00	1622.50	1624.00	1626.00	1627.50	1629.00	1631.50	1632.50	1634.00	1636.00	1637.50	1639.00	1641.00	1642.50	1643.50	1645.50	1646.50	1648.00	1650.00	1651.50	1652.50	1654.50	1655.50	1656.50	1658.00	1659.50	1661.00	1662.00	1664.50	1665.00	1665.50	1666.50	1667.00	1668.00	1668.00	1669.50	1670.00	1671.00	1671.00	1671.50	1672.00	1672.50	1673.00	1673.00	1674.00	1674.00	1675.00	1675.00	1675.00	1675.00	1675.00	1675.00	1675.00	1675.00	1675.00	1674.00	1674.00	1674.00	1674.00
1462.00	1462.00	1462.00	1462.00	1463.00	1463.00	1463.00	1463.00	1463.00	1462.50	1462.00	1462.00	1462.00	1462.00	1461.00	1461.00	1461.00	1461.00	1461.00	1461.00	1461.00	1461.00	1461.00	1461.00	1461.00	1461.00	1462.00	1462.00	1462.50	1463.00	1464.00	1464.50	1465.00	1465.00	1466.00	1467.00	1467.00	1468.50	1469.50	1470.50	1471.50	1472.50	1473.00	1474.50	1476.00	1476.00	1477.50	1478.50	1480.00	1480.50	1481.50	1483.00	1484.00	1484.50	1485.50	1487.50	1488.50	1490.00	1491.00	1492.50	1494.00	1495.50	1496.50	1497.50	1499.00	1501.00	1503.00	1504.00	1506.00	1507.50	1509.00	1511.00	1512.50	1515.00	1516.00	1518.50	1521.00	1523.00	1524.50	1526.00	1529.00	1531.00	1533.00	1535.00	1537.50	1539.00	1541.50	1543.50	1545.00	1548.00	1549.00	1552.00	1554.00	1556.50	1558.00	1559.50	1561.00	1563.50	1565.00	1567.50	1568.50	1569.50	1572.50	1573.50	1574.00	1575.00	1576.50	1578.00	1578.50	1579.50	1580.50	1581.00	1582.00	1583.00	1583.00	1584.00	1584.50	1585.50	1586.00	1586.00	1587.00	1587.00	1588.00	1588.00	1588.50	1589.00	1589.00	1589.00	1590.00	1590.00	1590.00	1590.00	1590.00	1590.50	1591.00	1591.00	1591.00	1591.00	1591.00	1591.00	1592.00	1592.00	1592.00	1592.00	1592.50	1593.00	1593.00	1593.00	1593.00	1593.00	1593.50	1594.00	1594.00	1594.00	1594.00	1594.00	1594.00	1594.50	1595.00	1595.00	1595.00	1595.00	1595.00	1595.50	1596.00	1596.00	1596.00	1596.00	1596.00	1596.00	1596.00	1596.50	1597.00	1597.00	1597.00	1598.00	1598.00	1599.00	1599.00	1599.50	1600.50	1601.50	1602.50	1603.00	1604.00	1604.50	1606.00	1606.50	1607.50	1608.50	1610.00	1612.00	1614.00	1615.00	1616.50	1617.50	1619.50	1621.00	1622.50	1624.00	1626.00	1627.50	1629.00	1631.50	1632.50	1634.00	1636.00	1637.50	1639.00	1641.00	1642.50	1643.50	1645.50	1646.50	1648.00	1650.00	1651.50	1652.50	1654.50	1655.50	1656.50	1658.00	1659.50	1661.00	1662.00	1664.50	1665.00	1665.50	1666.50	1667.00	1668.00	1668.00	1669.50	1670.00	1671.00	1671.00	1671.50	1672.00	1672.50	1673.00	1673.00	1674.00	1674.00	1675.00	1675.00	1675.00	1675.00	1675.00	1675.00	1675.00	1675.00	1675.00	1674.00	1674.00	1674.00	1674.00
1462.00	1462.00	1462.00	1462.00	1463.00	1463.00	1463.00	1463.00	1463.00	1462.50	1462.00	1462.00	1462.00	1462.00	1461.00	1461.00	1461.00	1461.00	1461.00	1461.00	1461.00	1461.00	1461.00	1461.00	1461.00	1461.00	1462.00	1462.00	1462.50	1463.00	1464.00	1464.50	1465.00	1465.00	1466.00	1467.00	1467.00	1468.50	1469.50	1470.50	1471.50	1472.50	1473.00	1474.50	1476.00	1476.00	1477.50	1478.50	1480.00	1480.50	1481.50	1483.00	1484.00	1484.50	1485.50	1487.50	1488.50	1490.00	1491.00	1492.50	1494.00	1495.50	1496.50	1497.50	1499.00	1501.00	1503.00	1504.00	1506.00	1507.50	1509.00	1511.00	1512.50	1515.00	1516.00	1518.50	1521.00	1523.00	1524.50	1526.00	1529.00	1531.00	1533.00	1535.00	1537.50	1539.00	1541.50	1543.50	1545.00	1548.00	1549.00	1552.00	1554.00	1556.50	1558.00	1559.50	1561.00	1563.50	1565.00	1567.50	1568.50	1569.50	1572.50	1573.50	1574.00	1575.00	1576.50	1578.00	1578.50	1579.50	1580.50	1581.00	1582.00	1583.00	1583.00	1584.00	1584.50	1585.50	1586.00	1586.00	1587.00	1587.00	1588.00	1588.00	1588.50	1589.00	1589.00	1589.00	1590.00	1590.00	1590.00	1590.00	1590.00	1590.50	1591.00	1591.00	1591.00	1591.00	1591.00	1591.00	1592.00	1592.00	1592.00	1592.00	1592.50	1593.00	1593.00	1593.00	1593.00	1593.00	1593.50	1594.00	1594.00	1594.00	1594.00	1594.00	1594.00	1594.50	1595.00	1595.00	1595.00	1595.00	1595.00	1595.50	1596.00	1596.00	1596.00	1596.00	1596.00	1596.00	1596.00	1596.50	1597.00	1597.00	1597.00	1598.00	1598.00	1599.00	1599.00	1599.50	1600.50	1601.50	1602.50	1603.00	1604.00	1604.50	1606.00	1606.50	1607.50	1608.50	1610.00	1612.00	1614.00	1615.00	1616.50	1617.50	1619.50	1621.00	1622.50	1624.00	1626.00	1627.50	1629.00	1631.50	1632.50	1634.00	1636.00	1637.50	1639.00	1641.00	1642.50	1643.50	1645.50	1646.50	1648.00	1650.00	1651.50	1652.50	1654.50	1655.50	1656.50	1658.00	1659.50	1661.00	1662.00	1664.50	1665.00	1665.50	1666.50	1667.00	1668.00	1668.00	1669.50	1670.00	1671.00	1671.00	1671.50	1672.00	1672.50	1673.00	1673.00	1674.00	1674.00	1675.00	1675.00	1675.00	1675.00	1675.00	1675.00	1675.00	1675.00	1675.00	1674.00	1674.00	1674.00	1674.00
1462.00	1462.00	1462.00	1462.00	1463.00	1463.00	1463.00	1463.00	1463.00	1462.50	1462.00	1462.00	1462.00	1462.00	1461.00	1461.00	1461.00	1461.00	1461.00	1461.00	1461.00	1461.00	1461.00	1461.00	1461.00	1461.00	1462.00	1462.00	1462.50	1463.00	1464.00	1464.50	1465.00	1465.00	1466.00	1467.00	1467.00	1468.50	1469.50	1470.50	1471.50	1472.50	1473.00	1474.50	1476.00	1476.00	1477.50	1478.50	1480.00	1480.50	1481.50	1483.00	1484.00	1484.50	1485.50	1487.50	1488.50	1490.00	1491.00	1492.50	1494.00	1495.50	1496.50	1497.50	1499.00	1501.00	1503.00	1504.00	1506.00	1507.50	1509.00	1511.00	1512.50	1515.00	1516.00	1518.50	1521.00	1523.00	1524.50	1526.00	1529.00	1531.00	1533.00	1535.00	1537.50	1539.00	1541.50	1543.50	1545.00	1548.00	1549.00	1552.00	1554.00	1556.50	1558.00	1559.50	1561.00	1563.50	1565.00	1567.50	1568.50	1569.50	1572.50	1573.50	1574.00	1575.00	1576.50	1578.00	1578.50	1579.50	1580.50	1581.00	1582.00	1583.00	1583.00	1584.00	1584.50	1585.50	1586.00	1586.00	1587.00	1587.00	1588.00	1588.00	1588.50	1589.00	1589.00	1589.00	1590.00	1590.00	1590.00	1590.00	1590.00	1590.50	1591.00	1591.00	1591.00	1591.00	1591.00	1591.00	1592.00	1592.00	1592.00	1592.00	1592.50	1593.00	1593.00	1593.00	1593.00	1593.00	1593.50	1594.00	1594.00	1594.00	1594.00	1594.00	1594.00	1594.50	1595.00	1595.00	1595.00	1595.00	1595.00	1595.50	1596.00	1596.00	1596.00	1596.00	1596.00	1596.00	1596.00	1596.50	1597.00	1597.00	1597.00	1598.00	1598.00	1599.00	1599.00	1599.50	1600.50	1601.50	1602.50	1603.00	1604.00	1604.50	1606.00	1606.50	1607.50	1608.50	1610.00	1612.00	1614.00	1615.00	1616.50	1617.50	1619.50	1621.00	1622.50	1624.00	1626.00	1627.50	1629.00	1631.50	1632.50	1634.00	1636.00	1637.50	1639.00	1641.00	1642.50	1643.50	1645.50	1646.50	1648.00	1650.00	1651.50	1652.50	1654.50	1655.50	1656.50	1658.00	1659.50	1661.00	1662.00	1664.50	1665.00	1665.50	1666.50	1667.00	1668.00	1668.00	1669.50	1670.00	1671.00	1671.00	1671.50	1672.00	1672.50	1673.00	1673.00	1674.00	1674.00	1675.00	1675.00	1675.00	1675.00	1675.00	1675.00	1675.00	1675.00	1675.00	1674.00	1674.00	1674.00	1674.00
1465.00	1465.00	1465.50	1465.50	1466.00	1466.00	1466.00	1465.75	1465.50	1465.25	1465.00	1465.00	1464.75	1464.50	1464.00	1464.00	1464.00	1464.00	1464.00	1463.50	1463.50	1463.50	1463.50	1463.75	1464.00	1464.00	1465.00	1465.00	1465.25	1466.00	1466.50	1467.00	1467.50	1468.00	1469.00	1470.00	1470.50	1471.50	1472.50	1473.50	1474.50	1475.25	1476.00	1477.50	1479.00	1479.00	1480.50	1481.50	1482.50	1483.50	1484.50	1486.00	1487.25	1488.00	1489.00	1490.75	1491.50	1493.00	1494.00	1495.50	1497.00	1498.50	1499.50	1500.75	1502.50	1504.25	1506.00	1507.00	1509.25	1510.50	1512.25	1514.25	1515.50	1518.00	1519.00	1521.50	1524.00	1526.00	1527.50	1529.00	1531.50	1533.75	1536.00	1537.50	1540.00	1541.50	1544.00	1546.00	1547.50	1550.00	1551.50	1553.75	1556.00	1558.25	1559.75	1561.00	1563.00	1565.00	1567.00	1569.00	1570.00	1571.00	1573.50	1574.50	1575.50	1576.50	1578.00	1579.50	1580.25	1581.00	1582.00	1582.50	1583.50	1584.50	1584.50	1585.50	1586.00	1587.00	1587.50	1587.50	1588.50	1588.50	1589.50	1589.50	1590.25	1590.50	1590.75	1591.00	1591.50	1592.00	1592.00	1592.00	1592.00	1592.25	1592.50	1592.50	1593.00	1593.00	1593.00	1593.00	1593.50	1593.50	1593.50	1593.50	1594.00	1594.50	1594.50	1594.50	1594.50	1594.50	1594.75	1595.00	1595.00	1595.00	1595.00	1595.00	1595.50	1595.75	1596.00	1596.00	1596.00	1596.00	1596.50	1596.75	1597.00	1597.00	1597.00	1597.00	1597.00	1597.50	1597.50	1597.75	1598.00	1598.00	1598.50	1599.00	1599.50	1600.00	1600.75	1601.25	1602.00	1603.00	1603.75	1604.50	1605.00	1606.00	1607.50	1608.00	1609.00	1610.00	1611.50	1613.25	1615.00	1616.00	1617.50	1618.50	1620.75	1622.25	1623.50	1625.00	1626.75	1628.25	1630.00	1632.00	1633.00	1634.50	1636.00	1637.50	1639.50	1641.25	1642.50	1643.50	1645.50	1646.50	1648.00	1649.50	1651.00	1652.00	1654.00	1655.00	1656.00	1657.50	1659.00	1660.00	1661.00	1662.75	1663.25	1664.00	1665.00	1665.50	1666.50	1666.50	1667.75	1668.00	1669.00	1669.00	1669.25	1669.50	1670.25	1670.50	1670.50	1671.25	1671.50	1671.75	1671.50	1671.50	1671.50	1671.50	1671.50	1671.50	1671.50	1671.50	1671.00	1671.00	1671.00	1671.00
1468.00	1468.00	1469.00	1469.00	1469.00	1469.00	1469.00	1468.50	1468.00	1468.00	1468.00	1468.00	1467.50	1467.00	1467.00	1467.00	1467.00	1467.00	1467.00	1466.00	1466.00	1466.00	1466.00	1466.50	1467.00	1467.00	1468.00	1468.00	1468.00	1469.00	1469.00	1469.50	1470.00	1471.00	1472.00	1473.00	1474.00	1474.50	1475.50	1476.50	1477.50	1478.00	1479.00	1480.50	1482.00	1482.00	1483.50	1484.50	1485.00	1486.50	1487.50	1489.00	1490.50	1491.50	1492.50	1494.00	1494.50	1496.00	1497.00	1498.50	1500.00	1501.50	1502.50	1504.00	1506.00	1507.50	1509.00	1510.00	1512.50	1513.50	1515.50	1517.50	1518.50	1521.00	1522.00	1524.50	1527.00	1529.00	1530.50	1532.00	1534.00	1536.50	1539.00	1540.00	1542.50	1544.00	1546.50	1548.50	1550.00	1552.00	1554.00	1555.50	1558.00	1560.00	1561.50	1562.50	1565.00	1566.50	1569.00	1570.50	1571.50	1572.50	1574.50	1575.50	1577.00	1578.00	1579.50	1581.00	1582.00	1582.50	1583.50	1584.00	1585.00	1586.00	1586.00	1587.00	1587.50	1588.50	1589.00	1589.00	1590.00	1590.00	1591.00	1591.00	1592.00	1592.00	1592.50	1593.00	1593.00	1594.00	1594.00	1594.00	1594.00	1594.00	1594.00	1594.00	1595.00	1595.00	1595.00	1595.00	1595.00	1595.00	1595.00	1595.00	1595.50	1596.00	1596.00	1596.00	1596.00	1596.00	1596.00	1596.00	1596.00	1596.00	1596.00	1596.00	1597.00	1597.00	1597.00	1597.00	1597.00	1597.00	1598.00	1598.00	1598.00	1598.00	1598.00	1598.00	1598.00	1599.00	1599.00	1599.00	1599.00	1599.00	1600.00	1600.00	1601.00	1601.00	1602.50	1603.00	1603.50	1604.50	1605.00	1606.00	1606.00	1607.50	1609.00	1609.50	1610.50	1611.50	1613.00	1614.50	1616.00	1617.00	1618.50	1619.50	1622.00	1623.50	1624.50	1626.00	1627.50	1629.00	1631.00	1632.50	1633.50	1635.00	1636.00	1637.50	1640.00	1641.50	1642.50	1643.50	1645.50	1646.50	1648.00	1649.00	1650.50	1651.50	1653.50	1654.50	1655.50	1657.00	1658.50	1659.00	1660.00	1661.00	1661.50	1662.50	1663.50	1664.00	1665.00	1665.00	1666.00	1666.00	1667.00	1667.00	1667.00	1667.00	1668.00	1668.00	1668.00	1668.50	1669.00	1668.50	1668.00	1668.00	1668.00	1668.00	1668.00	1668.00	1668.00	1668.00	1668.00	1668.00	1668.00	1668.00
1468.00	1468.00	1469.00	1469.00	1469.00	1469.00	1469.00	1468.50	1468.00	1468.00	1468.00	1468.00	1467.50	1467.00	1467.00	1467.00	1467.00	1467.00	1467.00	1466.00	1466.00	1466.00	1466.00	1466.50	1467.00	1467.00	1468.00	1468.00	1468.00	1469.00	1469.00	1469.50	1470.00	1471.00	1472.00	1473.00	1474.00	1474.50	1475.50	1476.50	1477.50	1478.00	1479.00	1480.50	1482.00	1482.00	1483.50	1484.50	1485.00	1486.50	1487.50	1489.00	1490.50	1491.50	1492.50	1494.00	1494.50	1496.00	1497.00	1498.50	1500.00	1501.50	1502.50	1504.00	1506.00	1507.50	1509.00	1510.00	1512.50	1513.50	1515.50	1517.50	1518.50	1521.00	1522.00	1524.50	1527.00	1529.00	1530.50	1532.00	1534.00	1536.50	1539.00	1540.00	1542.50	1544.00	1546.50	1548.50	1550.00	1552.00	1554.00	1555.50	1558.00	1560.00	1561.50	1562.50	1565.00	1566.50	1569.00	1570.50	1571.50	1572.50	1574.50	1575.50	1577.00	1578.00	1579.50	1581.00	1582.00	1582.50	1583.50	1584.00	1585.00	1586.00	1586.00	1587.00	1587.50	1588.50	1589.00	1589.00	1590.00	1590.00	1591.00	1591.00	1592.00	1592.00	1592.50	1593.00	1593.00	1594.00	1594.00	1594.00	1594.00	1594.00	1594.00	1594.00	1595.00	1595.00	1595.00	1595.00	1595.00	1595.00	1595.00	1595.00	1595.50	1596.00	1596.00	1596.00	1596.00	1596.00	1596.00	1596.00	1596.00	1596.00	1596.00	1596.00	1597.00	1597.00	1597.00	1597.00	1597.00	1597.00	1598.00	1598.00	1598.00	1598.00	1598.00	1598.00	1598.00	1599.00	1599.00	1599.00	1599.00	1599.00	1600.00	1600.00	1601.00	1601.00	1602.50	1603.00	1603.50	1604.50	1605.00	1606.00	1606.00	1607.50	1609.00	1609.50	1610.50	1611.50	1613.00	1614.50	1616.00	1617.00	1618.50	1619.50	1622.00	1623.50	1624.50	1626.00	1627.50	1629.00	1631.00	1632.50	1633.50	1635.00	1636.00	1637.50	1640.00	1641.50	1642.50	1643.50	1645.50	1646.50	1648.00	1649.00	1650.50	1651.50	1653.50	1654.50	1655.50	1657.00	1658.50	1659.00	1660.00	1661.00	1661.50	1662.50	1663.50	1664.00	1665.00	1665.00	1666.00	1666.00	1667.00	1667.00	1667.00	1667.00	1668.00	1668.00	1668.00	1668.50	1669.00	1668.50	1668.00	1668.00	1668.00	1668.00	1668.00	1668.00	1668.00	1668.00	1668.00	1668.00	1668.00	1668.00
1468.00	1468.00	1469.00	1469.00	1469.00	1469.00	1469.00	1468.50	1468.00	1468.00	1468.00	1468.00	1467.50	1467.00	1467.00	1467.00	1467.00	1467.00	1467.00	1466.00	1466.00	1466.00	1466.00	1466.50	1467.00	1467.00	1468.00	1468.00	1468.00	1469.00	1469.00	1469.50	1470.00	1471.00	1472.00	1473.00	1474.00	1474.50	1475.50	1476.50	1477.50	1478.00	1479.00	1480.50	1482.00	1482.00	1483.50	1484.50	1485.00	1486.50	1487.50	1489.00	1490.50	1491.50	1492.50	1494.00	1494.50	1496.00	1497.00	1498.50	1500.00	1501.50	1502.50	1504.00	1506.00	1507.50	1509.00	1510.00	1512.50	1513.50	1515.50	1517.50	1518.50	1521.00	1522.00	1524.50	1527.00	1529.00	1530.50	1532.00	1534.00	1536.50	1539.00	1540.00	1542.50	1544.00	1546.50	1548.50	1550.00	1552.00	1554.00	1555.50	1558.00	1560.00	1561.50	1562.50	1565.00	1566.50	1569.00	1570.50	1571.50	1572.50	1574.50	1575.50	1577.00	1578.00	1579.50	1581.00	1582.00	1582.50	1583.50	1584.00	1585.00	1586.00	1586.00	1587.00	1587.50	1588.50	1589.00	1589.00	1590.00	1590.00	1591.00	1591.00	1592.00	1592.00	1592.50	1593.00	1593.00	1594.00	1594.00	1594.00	1594.00	1594.00	1594.00	1594.00	1595.00	1595.00	1595.00	1595.00	1595.00	1595.00	1595.00	1595.00	1595.50	1596.00	1596.00	1596.00	1596.00	1596.00	1596.00	1596.00	1596.00	1596.00	1596.00	1596.00	1597.00	1597.00	1597.00	1597.00	1597.00	1597.00	1598.00	1598.00	1598.00	1598.00	1598.00	1598.00	1598.00	1599.00	1599.00	1599.00	1599.00	1599.00	1600.00	1600.00	1601.00	1601.00	1602.50	1603.00	1603.50	1604.50	1605.00	1606.00	1606.00	1607.50	1609.00	1609.50	1610.50	1611.50	1613.00	1614.50	1616.00	1617.00	1618.50	1619.50	1622.00	1623.50	1624.50	1626.00	1627.50	1629.00	1631.00	1632.50	1633.50	1635.00	1636.00	1637.50	1640.00	1641.50	1642.50	1643.50	1645.50	1646.50	1648.00	1649.00	1650.50	1651.50	1653.50	1654.50	1655.50	1657.00	1658.50	1659.00	1660.00	1661.00	1661.50	1662.50	1663.50	1664.00	1665.00	1665.00	1666.00	1666.00	1667.00	1667.00	1667.00	1667.00	1668.00	1668.00	1668.00	1668.50	1669.00	1668.50	1668.00	1668.00	1668.00	1668.00	1668.00	1668.00	1668.00	1668.00	1668.00	1668.00	1668.00	1668.00
1468.00	1468.00	1469.00	1469.00	1469.00	1469.00	1469.00	1468.50	1468.00	1468.00	1468.00	1468.00	1467.50	1467.00	1467.00	1467.00	1467.00	1467.00	1467.00	1466.00	1466.00	1466.00	1466.00	1466.50	1467.00	1467.00	1468.00	1468.00	1468.00	1469.00	1469.00	1469.50	1470.00	1471.00	1472.00	1473.00	1474.00	1474.50	1475.50	1476.50	1477.50	1478.00	1479.00	1480.50	1482.00	1482.00	1483.50	1484.50	1485.00	1486.50	1487.50	1489.00	1490.50	1491.50	1492.50	1494.00	1494.50	1496.00	1497.00	1498.50	1500.00	1501.50	1502.50	1504.00	1506.00	1507.50	1509.00	1510.00	1512.50	1513.50	1515.50	1517.50	1518.50	1521.00	1522.00	1524.50	1527.00	1529.00	1530.50	1532.00	1534.00	1536.50	1539.00	1540.00	1542.50	1544.00	1546.50	1548.50	1550.00	1552.00	1554.00	1555.50	1558.00	1560.00	1561.50	1562.50	1565.00	1566.50	1569.00	1570.50	1571.50	1572.50	1574.50	1575.50	1577.00	1578.00	1579.50	1581.00	1582.00	1582.50	1583.50	1584.00	1585.00	1586.00	1586.00	1587.00	1587.50	1588.50	1589.00	1589.00	1590.00	1590.00	1591.00	1591.00	1592.00	1592.00	1592.50	1593.00	1593.00	1594.00	1594.00	1594.00	1594.00	1594.00	1594.00	1594.00	1595.00	1595.00	1595.00	1595.00	1595.00	1595.00	1595.00	1595.00	1595.50	1596.00	1596.00	1596.00	1596.00	1596.00	1596.00	1596.00	1596.00	1596.00	1596.00	1596.00	1597.00	1597.00	1597.00	1597.00	1597.00	1597.00	1598.00	1598.00	1598.00	1598.00	1598.00	1598.00	1598.00	1599.00	1599.00	1599.00	1599.00	1599.00	1600.00	1600.00	1601.00	1601.00	1602.50	1603.00	1603.50	1604.50	1605.00	1606.00	1606.00	1607.50	1609.00	1609.50	1610.50	1611.50	1613.00	1614.50	1616.00	1617.00	1618.50	1619.50	1622.00	1623.50	1624.50	1626.00	1627.50	1629.00	1631.00	1632.50	1633.50	1635.00	1636.00	1637.50	1640.00	1641.50	1642.50	1643.50	1645.50	1646.50	1648.00	1649.00	1650.50	1651.50	1653.50	1654.50	1655.50	1657.00	1658.50	1659.00	1660.00	1661.00	1661.50	1662.50	1663.50	1664.00	1665.00	1665.00	1666.00	1666.00	1667.00	1667.00	1667.00	1667.00	1668.00	1668.00	1668.00	1668.50	1669.00	1668.50	1668.00	1668.00	1668.00	1668.00	1668.00	1668.00	1668.00	1668.00	1668.00	1668.00	1668.00	1668.00
1468.00	1468.00	1469.00	1469.00	1469.00	1469.00	1469.00	1468.50	1468.00	1468.00	1468.00	1468.00	1467.50	1467.00	1467.00	1467.00	1467.00	1467.00	1467.00	1466.00	1466.00	1466.00	1466.00	1466.50	1467.00	1467.00	1468.00	1468.00	1468.00	1469.00	1469.00	1469.50	1470.00	1471.00	1472.00	1473.00	1474.00	1474.50	1475.50	1476.50	1477.50	1478.00	1479.00	1480.50	1482.00	1482.00	1483.50	1484.50	1485.00	1486.50	1487.50	1489.00	1490.50	1491.50	1492.50	1494.00	1494.50	1496.00	1497.00	1498.50	1500.00	1501.50	1502.50	1504.00	1506.00	1507.50	1509.00	1510.00	1512.50	1513.50	1515.50	1517.50	1518.50	1521.00	1522.00	1524.50	1527.00	1529.00	1530.50	1532.00	1534.00	1536.50	1539.00	1540.00	1542.50	1544.00	1546.50	1548.50	1550.00	1552.00	1554.00	1555.50	1558.00	1560.00	1561.50	1562.50	1565.00	1566.50	1569.00	1570.50	1571.50	1572.50	1574.50	1575.50	1577.00	1578.00	1579.50	1581.00	1582.00	1582.50	1583.50	1584.00	1585.00	1586.00	1586.00	1587.00	1587.50	1588.50	1589.00	1589.00	1590.00	1590.00	1591.00	1591.00	1592.00	1592.00	1592.50	1593.00	1593.00	1594.00	1594.00	1594.00	1594.00	1594.00	1594.00	1594.00	1595.00	1595.00	1595.00	1595.00	1595.00	1595.00	1595.00	1595.00	1595.50	1596.00	1596.00	1596.00	1596.00	1596.00	1596.00	1596.00	1596.00	1596.00	1596.00	1596.00	1597.00	1597.00	1597.00	1597.00	1597.00	1597.00	1598.00	1598.00	1598.00	1598.00	1598.00	1598.00	1598.00	1599.00	1599.00	1599.00	1599.00	1599.00	1600.00	1600.00	1601.00	1601.00	1602.50	1603.00	1603.50	1604.50	1605.00	1606.00	1606.00	1607.50	1609.00	1609.50	1610.50	1611.50	1613.00	1614.50	1616.00	1617.00	1618.50	1619.50	1622.00	1623.50	1624.50	1626.00	1627.50	1629.00	1631.00	1632.50	1633.50	1635.00	1636.00	1637.50	1640.00	1641.50	1642.50	1643.50	1645.50	1646.50	1648.00	1649.00	1650.50	1651.50	1653.50	1654.50	1655.50	1657.00	1658.50	1659.00	1660.00	1661.00	1661.50	1662.50	1663.50	1664.00	1665.00	1665.00	1666.00	1666.00	1667.00	1667.00	1667.00	1667.00	1668.00	1668.00	1668.00	1668.50	1669.00	1668.50	1668.00	1668.00	1668.00	1668.00	1668.00	1668.00	1668.00	1668.00	1668.00	1668.00	1668.00	1668.00
1468.00	1468.00	1469.00	1469.00	1469.00	1469.00	1469.00	1468.50	1468.00	1468.00	1468.00	1468.00	1467.50	1467.00	1467.00	1467.00	1467.00	1467.00	1467.00	1466.00	1466.00	1466.00	1466.00	1466.50	1467.00	1467.00	1468.00	1468.00	1468.00	1469.00	1469.00	1469.50	1470.00	1471.00	1472.00	1473.00	1474.00	1474.50	1475.50	1476.50	1477.50	1478.00	1479.00	1480.50	1482.00	1482.00	1483.50	1484.50	1485.00	1486.50	1487.50	1489.00	1490.50	1491.50	1492.50	1494.00	1494.50	1496.00	1497.00	1498.50	1500.00	1501.50	1502.50	1504.00	1506.00	1507.50	1509.00	1510.00	1512.50	1513.50	1515.50	1517.50	1518.50	1521.00	1522.00	1524.50	1527.00	1529.00	1530.50	1532.00	1534.00	1536.50	1539.00	1540.00	1542.50	1544.00	1546.50	1548.50	1550.00	1552.00	1554.00	1555.50	1558.00	1560.00	1561.50	1562.50	1565.00	1566.50	1569.00	1570.50	1571.50	1572.50	1574.50	1575.50	1577.00	1578.00	1579.50	1581.00	1582.00	1582.50	1583.50	1584.00	1585.00	1586.00	1586.00	1587.00	1587.50	1588.50	1589.00	1589.00	1590.00	1590.00	1591.00	1591.00	1592.00	1592.00	1592.50	1593.00	1593.00	1594.00	1594.00	1594.00	1594.00	1594.00	1594.00	1594.00	1595.00	1595.00	1595.00	1595.00	1595.00	1595.00	1595.00	1595.00	1595.50	1596.00	1596.00	1596.00	1596.00	1596.00	1596.00	1596.00	1596.00	1596.00	1596.00	1596.00	1597.00	1597.00	1597.00	1597.00	1597.00	1597.00	1598.00	1598.00	1598.00	1598.00	1598.00	1598.00	1598.00	1599.00	1599.00	1599.00	1599.00	1599.00	1600.00	1600.00	1601.00	1601.00	1602.50	1603.00	1603.50	1604.50	1605.00	1606.00	1606.00	1607.50	1609.00	1609.50	1610.50	1611.50	1613.00	1614.50	1616.00	1617.00	1618.50	1619.50	1622.00	1623.50	1624.50	1626.00	1627.50	1629.00	1631.00	1632.50	1633.50	1635.00	1636.00	1637.50	1640.00	1641.50	1642.50	1643.50	1645.50	1646.50	1648.00	1649.00	1650.50	1651.50	1653.50	1654.50	1655.50	1657.00	1658.50	1659.00	1660.00	1661.00	1661.50	1662.50	1663.50	1664.00	1665.00	1665.00	1666.00	1666.00	1667.00	1667.00	1667.00	1667.00	1668.00	1668.00	1668.00	1668.50	1669.00	1668.50	1668.00	1668.00	1668.00	1668.00	1668.00	1668.00	1668.00	1668.00	1668.00	1668.00	1668.00	1668.00
1468.00	1468.00	1469.00	1469.00	1469.00	1469.00	1469.00	1468.50	1468.00	1468.00	1468.00	1468.00	1467.50	1467.00	1467.00	1467.00	1467.00	1467.00	1467.00	1466.00	1466.00	1466.00	1466.00	1466.50	1467.00	1467.00	1468.00	1468.00	1468.00	1469.00	1469.00	1469.50	1470.00	1471.00	1472.00	1473.00	1474.00	1474.50	1475.50	1476.50	1477.50	1478.00	1479.00	1480.50	1482.00	1482.00	1483.50	1484.50	1485.00	1486.50	1487.50	1489.00	1490.50	1491.50	1492.50	1494.00	1494.50	1496.00	1497.00	1498.50	1500.00	1501.50	1502.50	1504.00	1506.00	1507.50	1509.00	1510.00	1512.50	1513.50	1515.50	1517.50	1518.50	1521.00	1522.00	1524.50	1527.00	1529.00	1530.50	1532.00	1534.00	1536.50	1539.00	1540.00	1542.50	1544.00	1546.50	1548.50	1550.00	1552.00	1554.00	1555.50	1558.00	1560.00	1561.50	1562.50	1565.00	1566.50	1569.00	1570.50	1571.50	1572.50	1574.50	1575.50	1577.00	1578.00	1579.50	1581.00	1582.00	1582.50	1583.50	1584.00	1585.00	1586.00	1586.00	1587.00	1587.50	1588.50	1589.00	1589.00	1590.00	1590.00	1591.00	1591.00	1592.00	1592.00	1592.50	1593.00	1593.00	1594.00	1594.00	1594.00	1594.00	1594.00	1594.00	1594.00	1595.00	1595.00	1595.00	1595.00	1595.00	1595.00	1595.00	1595.00	1595.50	1596.00	1596.00	1596.00	1596.00	1596.00	1596.00	1596.00	1596.00	1596.00	1596.00	1596.00	1597.00	1597.00	1597.00	1597.00	1597.00	1597.00	1598.00	1598.00	1598.00	1598.00	1598.00	1598.00	1598.00	1599.00	1599.00	1599.00	1599.00	1599.00	1600.00	1600.00	1601.00	1601.00	1602.50	1603.00	1603.50	1604.50	1605.00	1606.00	1606.00	1607.50	1609.00	1609.50	1610.50	1611.50	1613.00	1614.50	1616.00	1617.00	1618.50	1619.50	1622.00	1623.50	1624.50	1626.00	1627.50	1629.00	1631.00	1632.50	1633.50	1635.00	1636.00	1637.50	1640.00	1641.50	1642.50	1643.50	1645.50	1646.50	1648.00	1649.00	1650.50	1651.50	1653.50	1654.50	1655.50	1657.00	1658.50	1659.00	1660.00	1661.00	1661.50	1662.50	1663.50	1664.00	1665.00	1665.00	1666.00	1666.00	1667.00	1667.00	1667.00	1667.00	1668.00	1668.00	1668.00	1668.50	1669.00	1668.50	1668.00	1668.00	1668.00	1668.00	1668.00	1668.00	1668.00	1668.00	1668.00	1668.00	1668.00	1668.00
1469.50	1469.50	1470.00	1470.00	1470.00	1470.00	1470.00	1469.75	1469.50	1469.50	1469.50	1469.50	1469.25	1469.00	1469.00	1469.00	1469.00	1469.00	1469.00	1468.50	1468.50	1468.75	1469.00	1469.50	1470.00	1470.00	1470.50	1471.00	1471.00	1472.00	1472.50	1473.00	1473.50	1474.50	1475.25	1476.50	1477.00	1478.00	1478.75	1480.00	1480.75	1481.25	1482.50	1483.75	1485.00	1485.50	1486.75	1487.50	1488.50	1490.00	1490.75	1492.00	1493.50	1494.50	1495.50	1497.25	1498.00	1499.50	1500.50	1502.00	1503.50	1505.00	1506.00	1507.25	1509.00	1510.75	1512.50	1513.50	1515.50	1516.50	1518.50	1520.50	1521.50	1524.00	1525.00	1527.25	1529.50	1531.50	1533.00	1534.50	1536.50	1539.00	1541.50	1542.50	1545.00	1546.50	1548.75	1550.75	1552.25	1554.00	1556.00	1557.50	1560.00	1561.75	1563.25	1564.50	1566.50	1568.00	1570.00	1571.50	1572.50	1573.50	1575.50	1576.50	1578.00	1579.00	1580.50	1581.50	1582.75	1583.25	1584.00	1585.00	1585.75	1587.00	1587.00	1588.00	1588.50	1589.50	1590.25	1590.50	1591.50	1591.50	1592.50	1593.00	1593.50	1593.75	1594.25	1594.50	1594.75	1595.50	1595.50	1595.50	1595.75	1596.00	1596.00	1596.00	1597.00	1597.00	1597.00	1597.00	1597.00	1597.25	1597.50	1597.50	1597.75	1598.00	1598.00	1598.00	1598.00	1598.50	1598.50	1598.50	1598.50	1598.50	1598.50	1598.50	1599.00	1599.00	1599.00	1599.00	1599.00	1599.00	1599.50	1599.50	1599.75	1600.00	1600.00	1600.00	1600.00	1600.50	1600.50	1601.00	1601.00	1601.25	1602.00	1602.25	1603.00	1603.50	1604.50	1605.00	1605.50	1606.50	1607.00	1608.00	1608.00	1609.50	1610.50	1611.50	1612.25	1613.00	1614.50	1615.50	1617.00	1618.00	1619.50	1620.50	1622.75	1624.00	1625.00	1627.00	1628.50	1629.75	1631.50	1633.00	1634.00	1635.50	1636.50	1638.00	1640.00	1641.50	1642.25	1643.00	1645.00	1646.00	1647.00	1648.00	1649.50	1650.50	1652.50	1653.50	1654.25	1655.50	1656.75	1657.50	1658.50	1659.25	1660.00	1661.00	1661.75	1662.25	1663.00	1663.00	1664.00	1664.00	1664.75	1665.00	1665.00	1665.00	1665.75	1666.00	1666.00	1666.25	1666.50	1666.25	1666.00	1666.00	1666.00	1666.00	1666.00	1666.00	1666.00	1666.00	1666.00	1666.00	1666.00	1666.00
1471.00	1471.00	1471.00	1471.00	1471.00	1471.00	1471.00	1471.00	1471.00	1471.00	1471.00	1471.00	1471.00	1471.00	1471.00	1471.00	1471.00	1471.00	1471.00	1471.00	1471.00	1471.50	1472.00	1472.50	1473.00	1473.00	1473.00	1474.00	1474.00	1475.00	1476.00	1476.50	1477.00	1478.00	1478.50	1480.00	1480.00	1481.50	1482.00	1483.50	1484.00	1484.50	1486.00	1487.00	1488.00	1489.00	1490.00	1490.50	1492.00	1493.50	1494.00	1495.00	1496.50	1497.50	1498.50	1500.50	1501.50	1503.00	1504.00	1505.50	1507.00	1508.50	1509.50	1510.50	1512.00	1514.00	1516.00	1517.00	1518.50	1519.50	1521.50	1523.50	1524.50	1527.00	1528.00	1530.00	1532.00	1534.00	1535.50	1537.00	1539.00	1541.50	1544.00	1545.00	1547.50	1549.00	1551.00	1553.00	1554.50	1556.00	1558.00	1559.50	1562.00	1563.50	1565.00	1566.50	1568.00	1569.50	1571.00	1572.50	1573.50	1574.50	1576.50	1577.50	1579.00	1580.00	1581.50	1582.00	1583.50	1584.00	1584.50	1586.00	1586.50	1588.00	1588.00	1589.00	1589.50	1590.50	1591.50	1592.00	1593.00	1593.00	1594.00	1595.00	1595.00	1595.50	1596.00	1596.00	1596.50	1597.00	1597.00	1597.00	1597.50	1598.00	1598.00	1598.00	1599.00	1599.00	1599.00	1599.00	1599.00	1599.50	1600.00	1600.00	1600.00	1600.00	1600.00	1600.00	1600.00	1601.00	1601.00	1601.00	1601.00	1601.00	1601.00	1601.00	1601.00	1601.00	1601.00	1601.00	1601.00	1601.00	1601.00	1601.00	1601.50	1602.00	1602.00	1602.00	1602.00	1602.00	1602.00	1603.00	1603.00	1603.50	1604.00	1604.50	1605.00	1606.00	1606.50	1607.00	1607.50	1608.50	1609.00	1610.00	1610.00	1611.50	1612.00	1613.50	1614.00	1614.50	1616.00	1616.50	1618.00	1619.00	1620.50	1621.50	1623.50	1624.50	1625.50	1628.00	1629.50	1630.50	1632.00	1633.50	1634.50	1636.00	1637.00	1638.50	1640.00	1641.50	1642.00	1642.50	1644.50	1645.50	1646.00	1647.00	1648.50	1649.50	1651.50	1652.50	1653.00	1654.00	1655.00	1656.00	1657.00	1657.50	1658.50	1659.50	1660.00	1660.50	1661.00	1661.00	1662.00	1662.00	1662.50	1663.00	1663.00	1663.00	1663.50	1664.00	1664.00	1664.00	1664.00	1664.00	1664.00	1664.00	1664.00	1664.00	1664.00	1664.00	1664.00	1664.00	1664.00	1664.00	1664.00	1664.00
1471.00	1471.00	1471.00	1471.00	1471.00	1471.00	1471.00	1471.00	1471.00	1471.00	1471.00	1471.00	1471.00	1471.00	1471.00	1471.00	1471.00	1471.00	1471.00	1471.00	1471.00	1471.50	1472.00	1472.50	1473.00	1473.00	1473.00	1474.00	1474.00	1475.00	1476.00	1476.50	1477.00	1478.00	1478.50	1480.00	1480.00	1481.50	1482.00	1483.50	1484.00	1484.50	1486.00	1487.00	1488.00	1489.00	1490.00	1490.50	1492.00	1493.50	1494.00	1495.00	1496.50	1497.50	1498.50	1500.50	1501.50	1503.00	1504.00	1505.50	1507.00	1508.50	1509.50	1510.50	1512.00	1514.00	1516.00	1517.00	1518.50	1519.50	1521.50	1523.50	1524.50	1527.00	1528.00	1530.00	1532.00	1534.00	1535.50	1537.00	1539.00	1541.50	1544.00	1545.00	1547.50	1549.00	1551.00	1553.00	1554.50	1556.00	1558.00	1559.50	1562.00	1563.50	1565.00	1566.50	1568.00	1569.50	1571.00	1572.50	1573.50	1574.50	1576.50	1577.50	1579.00	1580.00	1581.50	1582.00	1583.50	1584.00	1584.50	1586.00	1586.50	1588.00	1588.00	1589.00	1589.50	1590.50	1591.50	1592.00	1593.00	1593.00	1594.00	1595.00	1595.00	1595.50	1596.00	1596.00	1596.50	1597.00	1597.00	1597.00	1597.50	1598.00	1598.00	1598.00	1599.00	1599.00	1599.00	1599.00	1599.00	1599.50	1600.00	1600.00	1600.00	1600.00	1600.00	1600.00	1600.00	1601.00	1601.00	1601.00	1601.00	1601.00	1601.00	1601.00	1601.00	1601.00	1601.00	1601.00	1601.00	1601.00	1601.00	1601.00	1601.50	1602.00	1602.00	1602.00	1602.00	1602.00	1602.00	1603.00	1603.00	1603.50	1604.00	1604.50	1605.00	1606.00	1606.50	1607.00	1607.50	1608.50	1609.00	1610.00	1610.00	1611.50	1612.00	1613.50	1614.00	1614.50	1616.00	1616.50	1618.00	1619.00	1620.50	1621.50	1623.50	1624.50	1625.50	1628.00	1629.50	1630.50	1632.00	1633.50	1634.50	1636.00	1637.00	1638.50	1640.00	1641.50	1642.00	1642.50	1644.50	1645.50	1646.00	1647.00	1648.50	1649.50	1651.50	1652.50	1653.00	1654.00	1655.00	1656.00	1657.00	1657.50	1658.50	1659.50	1660.00	1660.50	1661.00	1661.00	1662.00	1662.00	1662.50	1663.00	1663.00	1663.00	1663.50	1664.00	1664.00	1664.00	1664.00	1664.00	1664.00	1664.00	1664.00	1664.00	1664.00	1664.00	1664.00	1664.00	1664.00	1664.00	1664.00	1664.00
1471.00	1471.00	1471.00	1471.00	1471.00	1471.00	1471.00	1471.00	1471.00	1471.00	1471.00	1471.00	1471.00	1471.00	1471.00	1471.00	1471.00	1471.00	1471.00	1471.00	1471.00	1471.50	1472.00	1472.50	1473.00	1473.00	1473.00	1474.00	1474.00	1475.00	1476.00	1476.50	1477.00	1478.00	1478.50	1480.00	1480.00	1481.50	1482.00	1483.50	1484.00	1484.50	1486.00	1487.00	1488.00	1489.00	1490.00	1490.50	1492.00	1493.50	1494.00	1495.00	1496.50	1497.50	1498.50	1500.50	1501.50	1503.00	1504.00	1505.50	1507.00	1508.50	1509.50	1510.50	1512.00	1514.00	1516.00	1517.00	1518.50	1519.50	1521.50	1523.50	1524.50	1527.00	1528.00	1530.00	1532.00	1534.00	1535.50	1537.00	1539.00	1541.50	1544.00	1545.00	1547.50	1549.00	1551.00	1553.00	1554.50	1556.00	1558.00	1559.50	1562.00	1563.50	1565.00	1566.50	1568.00	1569.50	1571.00	1572.50	1573.50	1574.50	1576.50	1577.50	1579.00	1580.00	1581.50	1582.00	1583.50	1584.00	1584.50	1586.00	1586.50	1588.00	1588.00	1589.00	1589.50	1590.50	1591.50	1592.00	1593.00	1593.00	1594.00	1595.00	1595.00	1595.50	1596.00	1596.00	1596.50	1597.00	1597.00	1597.00	1597.50	1598.00	1598.00	1598.00	1599.00	1599.00	1599.00	1599.00	1599.00	1599.50	1600.00	1600.00	1600.00	1600.00	1600.00	1600.00	1600.00	1601.00	1601.00	1601.00	1601.00	1601.00	1601.00	1601.00	1601.00	1601.00	1601.00	1601.00	1601.00	1601.00	1601.00	1601.00	1601.50	1602.00	1602.00	1602.00	1602.00	1602.00	1602.00	1603.00	1603.00	1603.50	1604.00	1604.50	1605.00	1606.00	1606.50	1607.00	1607.50	1608.50	1609.00	1610.00	1610.00	1611.50	1612.00	1613.50	1614.00	1614.50	1616.00	1616.50	1618.00	1619.00	1620.50	1621.50	1623.50	1624.50	1625.50	1628.00	1629.50	1630.50	1632.00	1633.50	1634.50	1636.00	1637.00	1638.50	1640.00	1641.50	1642.00	1642.50	1644.50	1645.50	1646.00	1647.00	1648.50	1649.50	1651.50	1652.50	1653.00	1654.00	1655.00	1656.00	1657.00	1657.50	1658.50	1659.50	1660.00	1660.50	1661.00	1661.00	1662.00	1662.00	1662.50	1663.00	1663.00	1663.00	1663.50	1664.00	1664.00	1664.00	1664.00	1664.00	1664.00	1664.00	1664.00	1664.00	1664.00	1664.00	1664.00	1664.00	1664.00	1664.00	1664.00	1664.00
1471.00	1471.00	1471.00	1471.00	1471.00	1471.00	1471.00	1471.00	1471.00	1471.00	1471.00	1471.00	1471.00	1471.00	1471.00	1471.00	1471.00	1471.00	1471.00	1471.00	1471.00	1471.50	1472.00	1472.50	1473.00	1473.00	1473.00	1474.00	1474.00	1475.00	1476.00	1476.50	1477.00	1478.00	1478.50	1480.00	1480.00	1481.50	1482.00	1483.50	1484.00	1484.50	1486.00	1487.00	1488.00	1489.00	1490.00	1490.50	1492.00	1493.50	1494.00	1495.00	1496.50	1497.50	1498.50	1500.50	1501.50	1503.00	1504.00	1505.50	1507.00	1508.50	1509.50	1510.50	1512.00	1514.00	1516.00	1517.00	1518.50	1519.50	1521.50	1523.50	1524.50	1527.00	1528.00	1530.00	1532.00	1534.00	1535.50	1537.00	1539.00	1541.50	1544.00	1545.00	1547.50	1549.00	1551.00	1553.00	1554.50	1556.00	1558.00	1559.50	1562.00	1563.50	1565.00	1566.50	1568.00	1569.50	1571.00	1572.50	1573.50	1574.50	1576.50	1577.50	1579.00	1580.00	1581.50	1582.00	1583.50	1584.00	1584.50	1586.00	1586.50	1588.00	1588.00	1589.00	1589.50	1590.50	1591.50	1592.00	1593.00	1593.00	1594.00	1595.00	1595.00	1595.50	1596.00	1596.00	1596.50	1597.00	1597.00	1597.00	1597.50	1598.00	1598.00	1598.00	1599.00	1599.00	1599.00	1599.00	1599.00	1599.50	1600.00	1600.00	1600.00	1600.00	1600.00	1600.00	1600.00	1601.00	1601.00	1601.00	1601.00	1601.00	1601.00	1601.00	1601.00	1601.00	1601.00	1601.00	1601.00	1601.00	1601.00	1601.00	1601.50	1602.00	1602.00	1602.00	1602.00	1602.00	1602.00	1603.00	1603.00	1603.50	1604.00	1604.50	1605.00	1606.00	1606.50	1607.00	1607.50	1608.50	1609.00	1610.00	1610.00	1611.50	1612.00	1613.50	1614.00	1614.50	1616.00	1616.50	1618.00	1619.00	1620.50	1621.50	1623.50	1624.50	1625.50	1628.00	1629.50	1630.50	1632.00	1633.50	1634.50	1636.00	1637.00	1638.50	1640.00	1641.50	1642.00	1642.50	1644.50	1645.50	1646.00	1647.00	1648.50	1649.50	1651.50	1652.50	1653.00	1654.00	1655.00	1656.00	1657.00	1657.50	1658.50	1659.50	1660.00	1660.50	1661.00	1661.00	1662.00	1662.00	1662.50	1663.00	1663.00	1663.00	1663.50	1664.00	1664.00	1664.00	1664.00	1664.00	1664.00	1664.00	1664.00	1664.00	1664.00	1664.00	1664.00	1664.00	1664.00	1664.00	1664.00	1664.00
1471.00	1471.00	1471.00	1471.00	1471.00	1471.00	1471.00	1471.00	1471.00	1471.00	1471.00	1471.00	1471.00	1471.00	1471.00	1471.00	1471.00	1471.00	1471.00	1471.00	1471.00	1471.50	1472.00	1472.50	1473.00	1473.00	1473.00	1474.00	1474.00	1475.00	1476.00	1476.50	1477.00	1478.00	1478.50	1480.00	1480.00	1481.50	1482.00	1483.50	1484.00	1484.50	1486.00	1487.00	1488.00	1489.00	1490.00	1490.50	1492.00	1493.50	1494.00	1495.00	1496.50	1497.50	1498.50	1500.50	1501.50	1503.00	1504.00	1505.50	1507.00	1508.50	1509.50	1510.50	1512.00	1514.00	1516.00	1517.00	1518.50	1519.50	1521.50	1523.50	1524.50	1527.00	1528.00	1530.00	1532.00	1534.00	1535.50	1537.00	1539.00	1541.50	1544.00	1545.00	1547.50	1549.00	1551.00	1553.00	1554.50	1556.00	1558.00	1559.50	1562.00	1563.50	1565.00	1566.50	1568.00	1569.50	1571.00	1572.50	1573.50	1574.50	1576.50	1577.50	1579.00	1580.00	1581.50	1582.00	1583.50	1584.00	1584.50	1586.00	1586.50	1588.00	1588.00	1589.00	1589.50	1590.50	1591.50	1592.00	1593.00	1593.00	1594.00	1595.00	1595.00	1595.50	1596.00	1596.00	1596.50	1597.00	1597.00	1597.00	1597.50	1598.00	1598.00	1598.00	1599.00	1599.00	1599.00	1599.00	1599.00	1599.50	1600.00	1600.00	1600.00	1600.00	1600.00	1600.00	1600.00	1601.00	1601.00	1601.00	1601.00	1601.00	1601.00	1601.00	1601.00	1601.00	1601.00	1601.00	1601.00	1601.00	1601.00	1601.00	1601.50	1602.00	1602.00	1602.00	1602.00	1602.00	1602.00	1603.00	1603.00	1603.50	1604.00	1604.50	1605.00	1606.00	1606.50	1607.00	1607.50	1608.50	1609.00	1610.00	1610.00	1611.50	1612.00	1613.50	1614.00	1614.50	1616.00	1616.50	1618.00	1619.00	1620.50	1621.50	1623.50	1624.50	1625.50	1628.00	1629.50	1630.50	1632.00	1633.50	1634.50	1636.00	1637.00	1638.50	1640.00	1641.50	1642.00	1642.50	1644.50	1645.50	1646.00	1647.00	1648.50	1649.50	1651.50	1652.50	1653.00	1654.00	1655.00	1656.00	1657.00	1657.50	1658.50	1659.50	1660.00	1660.50	1661.00	1661.00	1662.00	1662.00	1662.50	1663.00	1663.00	1663.00	1663.50	1664.00	1664.00	1664.00	1664.00	1664.00	1664.00	1664.00	1664.00	1664.00	1664.00	1664.00	1664.00	1664.00	1664.00	1664.00	1664.00	1664.00
1471.00	1471.00	1471.00	1471.00	1471.00	1471.00	1471.00	1471.00	1471.00	1471.00	1471.00	1471.00	1471.00	1471.00	1471.00	1471.00	1471.00	1471.00	1471.00	1471.00	1471.00	1471.50	1472.00	1472.50	1473.00	1473.00	1473.00	1474.00	1474.00	1475.00	1476.00	1476.50	1477.00	1478.00	1478.50	1480.00	1480.00	1481.50	1482.00	1483.50	1484.00	1484.50	1486.00	1487.00	1488.00	1489.00	1490.00	1490.50	1492.00	1493.50	1494.00	1495.00	1496.50	1497.50	1498.50	1500.50	1501.50	1503.00	1504.00	1505.50	1507.00	1508.50	1509.50	1510.50	1512.00	1514.00	1516.00	1517.00	1518.50	1519.50	1521.50	1523.50	1524.50	1527.00	1528.00	1530.00	1532.00	1534.00	1535.50	1537.00	1539.00	1541.50	1544.00	1545.00	1547.50	1549.00	1551.00	1553.00	1554.50	1556.00	1558.00	1559.50	1562.00	1563.50	1565.00	1566.50	1568.00	1569.50	1571.00	1572.50	1573.50	1574.50	1576.50	1577.50	1579.00	1580.00	1581.50	1582.00	1583.50	1584.00	1584.50	1586.00	1586.50	1588.00	1588.00	1589.00	1589.50	1590.50	1591.50	1592.00	1593.00	1593.00	1594.00	1595.00	1595.00	1595.50	1596.00	1596.00	1596.50	1597.00	1597.00	1597.00	1597.50	1598.00	1598.00	1598.00	1599.00	1599.00	1599.00	1599.00	1599.00	1599.50	1600.00	1600.00	1600.00	1600.00	1600.00	1600.00	1600.00	1601.00	1601.00	1601.00	1601.00	1601.00	1601.00	1601.00	1601.00	1601.00	1601.00	1601.00	1601.00	1601.00	1601.00	1601.00	1601.50	1602.00	1602.00	1602.00	1602.00	1602.00	1602.00	1603.00	1603.00	1603.50	1604.00	1604.50	1605.00	1606.00	1606.50	1607.00	1607.50	1608.50	1609.00	1610.00	1610.00	1611.50	1612.00	1613.50	1614.00	1614.50	1616.00	1616.50	1618.00	1619.00	1620.50	1621.50	1623.50	1624.50	1625.50	1628.00	1629.50	1630.50	1632.00	1633.50	1634.50	1636.00	1637.00	1638.50	1640.00	1641.50	1642.00	1642.50	1644.50	1645.50	1646.00	1647.00	1648.50	1649.50	1651.50	1652.50	1653.00	1654.00	1655.00	1656.00	1657.00	1657.50	1658.50	1659.50	1660.00	1660.50	1661.00	1661.00	1662.00	1662.00	1662.50	1663.00	1663.00	1663.00	1663.50	1664.00	1664.00	1664.00	1664.00	1664.00	1664.00	1664.00	1664.00	1664.00	1664.00	1664.00	1664.00	1664.00	1664.00	1664.00	1664.00	1664.00
1471.00	1471.00	1471.00	1471.00	1471.00	1471.00	1471.00	1471.00	1471.00	1471.00	1471.00	1471.00	1471.00	1471.00	1471.00	1471.00	1471.00	1471.00	1471.00	1471.00	1471.00	1471.50	1472.00	1472.50	1473.00	1473.00	1473.00	1474.00	1474.00	1475.00	1476.00	1476.50	1477.00	1478.00	1478.50	1480.00	1480.00	1481.50	1482.00	1483.50	1484.00	1484.50	1486.00	1487.00	1488.00	1489.00	1490.00	1490.50	1492.00	1493.50	1494.00	1495.00	1496.50	1497.50	1498.50	1500.50	1501.50	1503.00	1504.00	1505.50	1507.00	1508.50	1509.50	1510.50	1512.00	1514.00	1516.00	1517.00	1518.50	1519.50	1521.50	1523.50	1524.50	1527.00	1528.00	1530.00	1532.00	1534.00	1535.50	1537.00	1539.00	1541.50	1544.00	1545.00	1547.50	1549.00	1551.00	1553.00	1554.50	1556.00	1558.00	1559.50	1562.00	1563.50	1565.00	1566.50	1568.00	1569.50	1571.00	1572.50	1573.50	1574.50	1576.50	1577.50	1579.00	1580.00	1581.50	1582.00	1583.50	1584.00	1584.50	1586.00	1586.50	1588.00	1588.00	1589.00	1589.50	1590.50	1591.50	1592.00	1593.00	1593.00	1594.00	1595.00	1595.00	1595.50	1596.00	1596.00	1596.50	1597.00	1597.00	1597.00	1597.50	1598.00	1598.00	1598.00	1599.00	1599.00	1599.00	1599.00	1599.00	1599.50	1600.00	1600.00	1600.00	1600.00	1600.00	1600.00	1600.00	1601.00	1601.00	1601.00	1601.00	1601.00	1601.00	1601.00	1601.00	1601.00	1601.00	1601.00	1601.00	1601.00	1601.00	1601.00	1601.50	1602.00	1602.00	1602.00	1602.00	1602.00	1602.00	1603.00	1603.00	1603.50	1604.00	1604.50	1605.00	1606.00	1606.50	1607.00	1607.50	1608.50	1609.00	1610.00	1610.00	1611.50	1612.00	1613.50	1614.00	1614.50	1616.00	1616.50	1618.00	1619.00	1620.50	1621.50	1623.50	1624.50	1625.50	1628.00	1629.50	1630.50	1632.00	1633.50	1634.50	1636.00	1637.00	1638.50	1640.00	1641.50	1642.00	1642.50	1644.50	1645.50	1646.00	1647.00	1648.50	1649.50	1651.50	1652.50	1653.00	1654.00	1655.00	1656.00	1657.00	1657.50	1658.50	1659.50	1660.00	1660.50	1661.00	1661.00	1662.00	1662.00	1662.50	1663.00	1663.00	1663.00	1663.50	1664.00	1664.00	1664.00	1664.00	1664.00	1664.00	1664.00	1664.00	1664.00	1664.00	1664.00	1664.00	1664.00	1664.00	1664.00	1664.00	1664.00
1471.00	1471.00	1472.00	1472.00	1472.00	1473.00	1473.00	1473.00	1474.00	1474.00	1474.00	1474.00	1475.00	1475.00	1475.00	1475.50	1476.00	1477.00	1477.00	1478.00	1478.00	1478.50	1479.00	1479.50	1480.00	1480.00	1481.00	1481.00	1482.00	1483.00	1483.50	1484.00	1484.50	1485.00	1486.00	1487.00	1487.00	1488.50	1489.00	1490.50	1491.00	1491.50	1493.00	1493.50	1495.00	1495.00	1496.50	1497.00	1498.00	1499.00	1499.50	1501.00	1501.50	1502.50	1503.50	1504.50	1505.50	1507.00	1508.00	1509.50	1511.00	1512.50	1513.50	1514.50	1516.00	1518.00	1520.00	1521.00	1522.50	1524.00	1526.00	1527.50	1529.00	1531.00	1533.00	1534.50	1537.00	1539.00	1540.50	1541.50	1544.00	1545.50	1548.00	1549.00	1551.00	1552.50	1554.50	1556.50	1557.50	1560.00	1561.00	1563.50	1565.00	1566.50	1567.50	1568.50	1570.00	1571.50	1573.00	1574.50	1575.50	1576.50	1578.50	1579.00	1580.00	1581.00	1582.00	1583.00	1584.50	1585.00	1585.50	1587.00	1588.00	1589.00	1590.00	1590.50	1591.50	1592.50	1593.50	1594.00	1595.00	1595.00	1596.00	1597.00	1597.50	1598.00	1598.00	1599.00	1599.50	1600.00	1600.00	1601.00	1601.00	1601.50	1602.00	1602.00	1603.00	1603.00	1603.00	1603.00	1604.00	1604.00	1604.00	1604.00	1604.00	1604.00	1604.00	1604.00	1604.00	1604.00	1604.00	1604.50	1605.00	1605.00	1605.00	1605.00	1605.00	1605.00	1605.00	1605.00	1605.50	1606.00	1606.00	1606.00	1606.00	1606.00	1606.00	1606.00	1607.00	1607.00	1607.00	1608.00	1608.00	1608.50	1609.00	1609.00	1610.00	1610.00	1611.00	1611.50	1612.50	1613.00	1613.50	1614.00	1615.00	1615.50	1616.00	1617.50	1618.00	1618.50	1620.00	1621.00	1622.00	1623.00	1624.00	1624.50	1626.50	1627.50	1628.00	1629.00	1630.50	1631.50	1632.00	1633.50	1634.50	1636.00	1637.00	1637.50	1639.00	1640.50	1641.00	1641.50	1643.50	1644.50	1646.00	1647.00	1647.50	1648.50	1649.50	1650.50	1651.00	1652.00	1653.00	1654.00	1654.00	1655.00	1655.50	1656.50	1657.00	1657.50	1658.00	1658.00	1659.00	1660.00	1660.00	1660.50	1661.00	1661.00	1662.00	1662.00	1662.00	1662.50	1663.00	1663.00	1663.00	1663.00	1663.00	1663.00	1663.00	1663.00	1663.00	1662.50	1662.00	1662.00	1662.00	1663.00
1471.00	1471.00	1472.00	1472.00	1472.00	1473.00	1473.00	1473.00	1474.00	1474.00	1474.00	1474.00	1475.00	1475.00	1475.00	1475.50	1476.00	1477.00	1477.00	1478.00	1478.00	1478.50	1479.00	1479.50	1480.00	1480.00	1481.00	1481.00	1482.00	1483.00	1483.50	1484.00	1484.50	1485.00	1486.00	1487.00	1487.00	1488.50	1489.00	1490.50	1491.00	1491.50	1493.00	1493.50	1495.00	1495.00	1496.50	1497.00	1498.00	1499.00	1499.50	1501.00	1501.50	1502.50	1503.50	1504.50	1505.50	1507.00	1508.00	1509.50	1511.00	1512.50	1513.50	1514.50	1516.00	1518.00	1520.00	1521.00	1522.50	1524.00	1526.00	1527.50	1529.00	1531.00	1533.00	1534.50	1537.00	1539.00	1540.50	1541.50	1544.00	1545.50	1548.00	1549.00	1551.00	1552.50	1554.50	1556.50	1557.50	1560.00	1561.00	1563.50	1565.00	1566.50	1567.50	1568.50	1570.00	1571.50	1573.00	1574.50	1575.50	1576.50	1578.50	1579.00	1580.00	1581.00	1582.00	1583.00	1584.50	1585.00	1585.50	1587.00	1588.00	1589.00	1590.00	1590.50	1591.50	1592.50	1593.50	1594.00	1595.00	1595.00	1596.00	1597.00	1597.50	1598.00	1598.00	1599.00	1599.50	1600.00	1600.00	1601.00	1601.00	1601.50	1602.00	1602.00	1603.00	1603.00	1603.00	1603.00	1604.00	1604.00	1604.00	1604.00	1604.00	1604.00	1604.00	1604.00	1604.00	1604.00	1604.00	1604.50	1605.00	1605.00	1605.00	1605.00	1605.00	1605.00	1605.00	1605.00	1605.50	1606.00	1606.00	1606.00	1606.00	1606.00	1606.00	1606.00	1607.00	1607.00	1607.00	1608.00	1608.00	1608.50	1609.00	1609.00	1610.00	1610.00	1611.00	1611.50	1612.50	1613.00	1613.50	1614.00	1615.00	1615.50	1616.00	1617.50	1618.00	1618.50	1620.00	1621.00	1622.00	1623.00	1624.00	1624.50	1626.50	1627.50	1628.00	1629.00	1630.50	1631.50	1632.00	1633.50	1634.50	1636.00	1637.00	1637.50	1639.00	1640.50	1641.00	1641.50	1643.50	1644.50	1646.00	1647.00	1647.50	1648.50	1649.50	1650.50	1651.00	1652.00	1653.00	1654.00	1654.00	1655.00	1655.50	1656.50	1657.00	1657.50	1658.00	1658.00	1659.00	1660.00	1660.00	1660.50	1661.00	1661.00	1662.00	1662.00	1662.00	1662.50	1663.00	1663.00	1663.00	1663.00	1663.00	1663.00	1663.00	1663.00	1663.00	1662.50	1662.00	1662.00	1662.00	1663.00
1471.00	1471.00	1472.00	1472.00	1472.00	1473.00	1473.00	1473.00	1474.00	1474.00	1474.00	1474.00	1475.00	1475.00	1475.00	1475.50	1476.00	1477.00	1477.00	1478.00	1478.00	1478.50	1479.00	1479.50	1480.00	1480.00	1481.00	1481.00	1482.00	1483.00	1483.50	1484.00	1484.50	1485.00	1486.00	1487.00	1487.00	1488.50	1489.00	1490.50	1491.00	1491.50	1493.00	1493.50	1495.00	1495.00	1496.50	1497.00	1498.00	1499.00	1499.50	1501.00	1501.50	1502.50	1503.50	1504.50	1505.50	1507.00	1508.00	1509.50	1511.00	1512.50	1513.50	1514.50	1516.00	1518.00	1520.00	1521.00	1522.50	1524.00	1526.00	1527.50	1529.00	1531.00	1533.00	1534.50	1537.00	1539.00	1540.50	1541.50	1544.00	1545.50	1548.00	1549.00	1551.00	1552.50	1554.50	1556.50	1557.50	1560.00	1561.00	1563.50	1565.00	1566.50	1567.50	1568.50	1570.00	1571.50	1573.00	1574.50	1575.50	1576.50	1578.50	1579.00	1580.00	1581.00	1582.00	1583.00	1584.50	1585.00	1585.50	1587.00	1588.00	1589.00	1590.00	1590.50	1591.50	1592.50	1593.50	1594.00	1595.00	1595.00	1596.00	1597.00	1597.50	1598.00	1598.00	1599.00	1599.50	1600.00	1600.00	1601.00	1601.00	1601.50	1602.00	1602.00	1603.00	1603.00	1603.00	1603.00	1604.00	1604.00	1604.00	1604.00	1604.00	1604.00	1604.00	1604.00	1604.00	1604.00	1604.00	1604.50	1605.00	1605.00	1605.00	1605.00	1605.00	1605.00	1605.00	1605.00	1605.50	1606.00	1606.00	1606.00	1606.00	1606.00	1606.00	1606.00	1607.00	1607.00	1607.00	1608.00	1608.00	1608.50	1609.00	1609.00	1610.00	1610.00	1611.00	1611.50	1612.50	1613.00	1613.50	1614.00	1615.00	1615.50	1616.00	1617.50	1618.00	1618.50	1620.00	1621.00	1622.00	1623.00	1624.00	1624.50	1626.50	1627.50	1628.00	1629.00	1630.50	1631.50	1632.00	1633.50	1634.50	1636.00	1637.00	1637.50	1639.00	1640.50	1641.00	1641.50	1643.50	1644.50	1646.00	1647.00	1647.50	1648.50	1649.50	1650.50	1651.00	1652.00	1653.00	1654.00	1654.00	1655.00	1655.50	1656.50	1657.00	1657.50	1658.00	1658.00	1659.00	1660.00	1660.00	1660.50	1661.00	1661.00	1662.00	1662.00	1662.00	1662.50	1663.00	1663.00	1663.00	1663.00	1663.00	1663.00	1663.00	1663.00	1663.00	1662.50	1662.00	1662.00	1662.00	1663.00
1471.00	1471.00	1472.00	1472.00	1472.00	1473.00	1473.00	1473.00	1474.00	1474.00	1474.00	1474.00	1475.00	1475.00	1475.00	1475.50	1476.00	1477.00	1477.00	1478.00	1478.00	1478.50	1479.00	1479.50	1480.00	1480.00	1481.00	1481.00	1482.00	1483.00	1483.50	1484.00	1484.50	1485.00	1486.00	1487.00	1487.00	1488.50	1489.00	1490.50	1491.00	1491.50	1493.00	1493.50	1495.00	1495.00	1496.50	1497.00	1498.00	1499.00	1499.50	1501.00	1501.50	1502.50	1503.50	1504.50	1505.50	1507.00	1508.00	1509.50	1511.00	1512.50	1513.50	1514.50	1516.00	1518.00	1520.00	1521.00	1522.50	1524.00	1526.00	1527.50	1529.00	1531.00	1533.00	1534.50	1537.00	1539.00	1540.50	1541.50	1544.00	1545.50	1548.00	1549.00	1551.00	1552.50	1554.50	1556.50	1557.50	1560.00	1561.00	1563.50	1565.00	1566.50	1567.50	1568.50	1570.00	1571.50	1573.00	1574.50	1575.50	1576.50	1578.50	1579.00	1580.00	1581.00	1582.00	1583.00	1584.50	1585.00	1585.50	1587.00	1588.00	1589.00	1590.00	1590.50	1591.50	1592.50	1593.50	1594.00	1595.00	1595.00	1596.00	1597.00	1597.50	1598.00	1598.00	1599.00	1599.50	1600.00	1600.00	1601.00	1601.00	1601.50	1602.00	1602.00	1603.00	1603.00	1603.00	1603.00	1604.00	1604.00	1604.00	1604.00	1604.00	1604.00	1604.00	1604.00	1604.00	1604.00	1604.00	1604.50	1605.00	1605.00	1605.00	1605.00	1605.00	1605.00	1605.00	1605.00	1605.50	1606.00	1606.00	1606.00	1606.00	1606.00	1606.00	1606.00	1607.00	1607.00	1607.00	1608.00	1608.00	1608.50	1609.00	1609.00	1610.00	1610.00	1611.00	1611.50	1612.50	1613.00	1613.50	1614.00	1615.00	1615.50	1616.00	1617.50	1618.00	1618.50	1620.00	1621.00	1622.00	1623.00	1624.00	1624.50	1626.50	1627.50	1628.00	1629.00	1630.50	1631.50	1632.00	1633.50	1634.50	1636.00	1637.00	1637.50	1639.00	1640.50	1641.00	1641.50	1643.50	1644.50	1646.00	1647.00	1647.50	1648.50	1649.50	1650.50	1651.00	1652.00	1653.00	1654.00	1654.00	1655.00	1655.50	1656.50	1657.00	1657.50	1658.00	1658.00	1659.00	1660.00	1660.00	1660.50	1661.00	1661.00	1662.00	1662.00	1662.00	1662.50	1663.00	1663.00	1663.00	1663.00	1663.00	1663.00	1663.00	1663.00	1663.00	1662.50	1662.00	1662.00	1662.00	1663.00
1471.50	1472.00	1472.75	1473.00	1473.50	1474.25	1474.50	1474.50	1475.50	1475.50	1476.00	1476.00	1477.00	1477.50	1478.00	1478.50	1479.00	1480.00	1480.25	1481.00	1481.50	1482.00	1482.50	1483.25	1484.00	1484.25	1485.00	1485.50	1486.25	1487.00	1487.75	1488.25	1488.75	1489.50	1490.25	1491.00	1491.50	1492.50	1493.00	1494.25	1494.75	1495.25	1496.50	1497.00	1498.00	1498.50	1499.50	1500.00	1501.00	1501.75	1502.25	1503.50	1504.00	1504.75	1505.50	1506.50	1507.50	1509.00	1509.50	1511.00	1512.50	1514.00	1515.00	1516.00	1517.50	1519.25	1521.00	1522.50	1524.00	1525.25	1527.25	1529.00	1530.50	1532.50	1534.00	1536.00	1538.00	1540.25	1541.75	1543.00	1545.00	1547.00	1549.50	1550.50	1552.50	1554.00	1556.00	1558.00	1559.00	1561.00	1562.00	1564.00	1566.00	1567.50	1568.50	1569.50	1571.00	1572.50	1574.00	1575.00	1576.00	1577.00	1578.50	1579.25	1580.50	1581.00	1582.25	1583.50	1584.50	1585.25	1586.00	1587.50	1588.50	1589.50	1590.50	1591.50	1592.25	1593.25	1594.50	1595.00	1596.00	1596.50	1597.25	1598.00	1598.75	1599.25	1599.75	1600.50	1601.00	1601.50	1602.00	1602.50	1602.75	1603.25	1603.75	1604.00	1604.50	1605.00	1605.00	1605.00	1606.00	1606.00	1606.00	1606.00	1606.25	1606.50	1606.50	1606.50	1606.50	1606.75	1607.00	1607.25	1607.50	1607.50	1607.50	1607.50	1607.50	1607.50	1607.50	1607.50	1608.25	1608.50	1608.50	1608.50	1608.50	1608.75	1609.00	1609.00	1609.50	1610.00	1610.00	1610.50	1610.75	1611.25	1611.50	1612.00	1612.50	1613.00	1613.50	1614.00	1615.00	1615.50	1615.75	1616.50	1617.00	1618.00	1618.50	1620.00	1620.50	1621.00	1622.00	1623.25	1624.00	1625.00	1626.00	1626.50	1628.25	1629.00	1629.50	1630.50	1631.75	1632.50	1633.50	1634.50	1635.50	1636.50	1637.50	1638.50	1640.00	1641.00	1641.75	1642.50	1644.00	1645.00	1646.00	1647.00	1647.75	1648.50	1649.75	1650.50	1651.00	1652.00	1653.00	1653.50	1654.00	1654.75	1655.25	1656.00	1656.50	1656.75	1657.50	1657.50	1658.50	1659.50	1659.50	1660.00	1660.50	1660.50	1661.50	1662.00	1662.00	1662.25	1662.75	1663.00	1663.00	1663.00	1663.50	1663.50	1663.50	1663.50	1663.50	1663.25	1663.00	1663.00	1663.50	1664.00
1472.00	1473.00	1473.50	1474.00	1475.00	1475.50	1476.00	1476.00	1477.00	1477.00	1478.00	1478.00	1479.00	1480.00	1481.00	1481.50	1482.00	1483.00	1483.50	1484.00	1485.00	1485.50	1486.00	1487.00	1488.00	1488.50	1489.00	1490.00	1490.50	1491.00	1492.00	1492.50	1493.00	1494.00	1494.50	1495.00	1496.00	1496.50	1497.00	1498.00	1498.50	1499.00	1500.00	1500.50	1501.00	1502.00	1502.50	1503.00	1504.00	1504.50	1505.00	1506.00	1506.50	1507.00	1507.50	1508.50	1509.50	1511.00	1511.00	1512.50	1514.00	1515.50	1516.50	1517.50	1519.00	1520.50	1522.00	1524.00	1525.50	1526.50	1528.50	1530.50	1532.00	1534.00	1535.00	1537.50	1539.00	1541.50	1543.00	1544.50	1546.00	1548.50	1551.00	1552.00	1554.00	1555.50	1557.50	1559.50	1560.50	1562.00	1563.00	1564.50	1567.00	1568.50	1569.50	1570.50	1572.00	1573.50	1575.00	1575.50	1576.50	1577.50	1578.50	1579.50	1581.00	1581.00	1582.50	1584.00	1584.50	1585.50	1586.50	1588.00	1589.00	1590.00	1591.00	1592.50	1593.00	1594.00	1595.50	1596.00	1597.00	1598.00	1598.50	1599.00	1600.00	1600.50	1601.50	1602.00	1602.50	1603.00	1604.00	1604.00	1604.50	1605.00	1605.50	1606.00	1606.00	1607.00	1607.00	1607.00	1608.00	1608.00	1608.00	1608.00	1608.50	1609.00	1609.00	1609.00	1609.00	1609.50	1610.00	1610.00	1610.00	1610.00	1610.00	1610.00	1610.00	1610.00	1610.00	1610.00	1611.00	1611.00	1611.00	1611.00	1611.00	1611.50	1612.00	1612.00	1612.00	1613.00	1613.00	1613.00	1613.50	1614.00	1614.00	1615.00	1615.00	1616.00	1616.00	1616.50	1617.50	1618.00	1618.00	1619.00	1619.00	1620.50	1621.00	1622.50	1623.00	1623.50	1624.00	1625.50	1626.00	1627.00	1628.00	1628.50	1630.00	1630.50	1631.00	1632.00	1633.00	1633.50	1635.00	1635.50	1636.50	1637.00	1638.00	1639.50	1641.00	1641.50	1642.50	1643.50	1644.50	1645.50	1646.00	1647.00	1648.00	1648.50	1650.00	1650.50	1651.00	1652.00	1653.00	1653.00	1654.00	1654.50	1655.00	1655.50	1656.00	1656.00	1657.00	1657.00	1658.00	1659.00	1659.00	1659.50	1660.00	1660.00	1661.00	1662.00	1662.00	1662.00	1662.50	1663.00	1663.00	1663.00	1664.00	1664.00	1664.00	1664.00	1664.00	1664.00	1664.00	1664.00	1665.00	1665.00
1472.00	1473.00	1473.50	1474.00	1475.00	1475.50	1476.00	1476.00	1477.00	1477.00	1478.00	1478.00	1479.00	1480.00	1481.00	1481.50	1482.00	1483.00	1483.50	1484.00	1485.00	1485.50	1486.00	1487.00	1488.00	1488.50	1489.00	1490.00	1490.50	1491.00	1492.00	1492.50	1493.00	1494.00	1494.50	1495.00	1496.00	1496.50	1497.00	1498.00	1498.50	1499.00	1500.00	1500.50	1501.00	1502.00	1502.50	1503.00	1504.00	1504.50	1505.00	1506.00	1506.50	1507.00	1507.50	1508.50	1509.50	1511.00	1511.00	1512.50	1514.00	1515.50	1516.50	1517.50	1519.00	1520.50	1522.00	1524.00	1525.50	1526.50	1528.50	1530.50	1532.00	1534.00	1535.00	1537.50	1539.00	1541.50	1543.00	1544.50	1546.00	1548.50	1551.00	1552.00	1554.00	1555.50	1557.50	1559.50	1560.50	1562.00	1563.00	1564.50	1567.00	1568.50	1569.50	1570.50	1572.00	1573.50	1575.00	1575.50	1576.50	1577.50	1578.50	1579.50	1581.00	1581.00	1582.50	1584.00	1584.50	1585.50	1586.50	1588.00	1589.00	1590.00	1591.00	1592.50	1593.00	1594.00	1595.50	1596.00	1597.00	1598.00	1598.50	1599.00	1600.00	1600.50	1601.50	1602.00	1602.50	1603.00	1604.00	1604.00	1604.50	1605.00	1605.50	1606.00	1606.00	1607.00	1607.00	1607.00	1608.00	1608.00	1608.00	1608.00	1608.50	1609.00	1609.00	1609.00	1609.00	1609.50	1610.00	1610.00	1610.00	1610.00	1610.00	1610.00	1610.00	1610.00	1610.00	1610.00	1611.00	1611.00	1611.00	1611.00	1611.00	1611.50	1612.00	1612.00	1612.00	1613.00	1613.00	1613.00	1613.50	1614.00	1614.00	1615.00	1615.00	1616.00	1616.00	1616.50	1617.50	1618.00	1618.00	1619.00	1619.00	1620.50	1621.00	1622.50	1623.00	1623.50	1624.00	1625.50	1626.00	1627.00	1628.00	1628.50	1630.00	1630.50	1631.00	1632.00	1633.00	1633.50	1635.00	1635.50	1636.50	1637.00	1638.00	1639.50	1641.00	1641.50	1642.50	1643.50	1644.50	1645.50	1646.00	1647.00	1648.00	1648.50	1650.00	1650.50	1651.00	1652.00	1653.00	1653.00	1654.00	1654.50	1655.00	1655.50	1656.00	1656.00	1657.00	1657.00	1658.00	1659.00	1659.00	1659.50	1660.00	1660.00	1661.00	1662.00	1662.00	1662.00	1662.50	1663.00	1663.00	1663.00	1664.00	1664.00	1664.00	1664.00	1664.00	1664.00	1664.00	1664.00	1665.00	1665.00
1472.00	1473.00	1473.50	1474.00	1475.00	1475.50	1476.00	1476.00	1477.00	1477.00	1478.00	1478.00	1479.00	1480.00	1481.00	1481.50	1482.00	1483.00	1483.50	1484.00	1485.00	1485.50	1486.00	1487.00	1488.00	1488.50	1489.00	1490.00	1490.50	1491.00	1492.00	1492.50	1493.00	1494.00	1494.50	1495.00	1496.00	1496.50	1497.00	1498.00	1498.50	1499.00	1500.00	1500.50	1501.00	1502.00	1502.50	1503.00	1504.00	1504.50	1505.00	1506.00	1506.50	1507.00	1507.50	1508.50	1509.50	1511.00	1511.00	1512.50	1514.00	1515.50	1516.50	1517.50	1519.00	1520.50	1522.00	1524.00	1525.50	1526.50	1528.50	1530.50	1532.00	1534.00	1535.00	1537.50	1539.00	1541.50	1543.00	1544.50	1546.00	1548.50	1551.00	1552.00	1554.00	1555.50	1557.50	1559.50	1560.50	1562.00	1563.00	1564.50	1567.00	1568.50	1569.50	1570.50	1572.00	1573.50	1575.00	1575.50	1576.50	1577.50	1578.50	1579.50	1581.00	1581.00	1582.50	1584.00	1584.50	1585.50	1586.50	1588.00	1589.00	1590.00	1591.00	1592.50	1593.00	1594.00	1595.50	1596.00	1597.00	1598.00	1598.50	1599.00	1600.00	1600.50	1601.50	1602.00	1602.50	1603.00	1604.00	1604.00	1604.50	1605.00	1605.50	1606.00	1606.00	1607.00	1607.00	1607.00	1608.00	1608.00	1608.00	1608.00	1608.50	1609.00	1609.00	1609.00	1609.00	1609.50	1610.00	1610.00	1610.00	1610.00	1610.00	1610.00	1610.00	1610.00	1610.00	1610.00	1611.00	1611.00	1611.00	1611.00	1611.00	1611.50	1612.00	1612.00	1612.00	1613.00	1613.00	1613.00	1613.50	1614.00	1614.00	1615.00	1615.00	1616.00	1616.00	1616.50	1617.50	1618.00	1618.00	1619.00	1619.00	1620.50	1621.00	1622.50	1623.00	1623.50	1624.00	1625.50	1626.00	1627.00	1628.00	1628.50	1630.00	1630.50	1631.00	1632.00	1633.00	1633.50	1635.00	1635.50	1636.50	1637.00	1638.00	1639.50	1641.00	1641.50	1642.50	1643.50	1644.50	1645.50	1646.00	1647.00	1648.00	1648.50	1650.00	1650.50	1651.00	1652.00	1653.00	1653.00	1654.00	1654.50	1655.00	1655.50	1656.00	1656.00	1657.00	1657.00	1658.00	1659.00	1659.00	1659.50	1660.00	1660.00	1661.00	1662.00	1662.00	1662.00	1662.50	1663.00	1663.00	1663.00	1664.00	1664.00	1664.00	1664.00	1664.00	1664.00	1664.00	1664.00	1665.00	1665.00
1472.00	1473.00	1473.50	1474.00	1475.00	1475.50	1476.00	1476.00	1477.00	1477.00	1478.00	1478.00	1479.00	1480.00	1481.00	1481.50	1482.00	1483.00	1483.50	1484.00	1485.00	1485.50	1486.00	1487.00	1488.00	1488.50	1489.00	1490.00	1490.50	1491.00	1492.00	1492.50	1493.00	1494.00	1494.50	1495.00	1496.00	1496.50	1497.00	1498.00	1498.50	1499.00	1500.00	1500.50	1501.00	1502.00	1502.50	1503.00	1504.00	1504.50	1505.00	1506.00	1506.50	1507.00	1507.50	1508.50	1509.50	1511.00	1511.00	1512.50	1514.00	1515.50	1516.50	1517.50	1519.00	1520.50	1522.00	1524.00	1525.50	1526.50	1528.50	1530.50	1532.00	1534.00	1535.00	1537.50	1539.00	1541.50	1543.00	1544.50	1546.00	1548.50	1551.00	1552.00	1554.00	1555.50	1557.50	1559.50	1560.50	1562.00	1563.00	1564.50	1567.00	1568.50	1569.50	1570.50	1572.00	1573.50	1575.00	1575.50	1576.50	1577.50	1578.50	1579.50	1581.00	1581.00	1582.50	1584.00	1584.50	1585.50	1586.50	1588.00	1589.00	1590.00	1591.00	1592.50	1593.00	1594.00	1595.50	1596.00	1597.00	1598.00	1598.50	1599.00	1600.00	1600.50	1601.50	1602.00	1602.50	1603.00	1604.00	1604.00	1604.50	1605.00	1605.50	1606.00	1606.00	1607.00	1607.00	1607.00	1608.00	1608.00	1608.00	1608.00	1608.50	1609.00	1609.00	1609.00	1609.00	1609.50	1610.00	1610.00	1610.00	1610.00	1610.00	1610.00	1610.00	1610.00	1610.00	1610.00	1611.00	1611.00	1611.00	1611.00	1611.00	1611.50	1612.00	1612.00	1612.00	1613.00	1613.00	1613.00	1613.50	1614.00	1614.00	1615.00	1615.00	1616.00	1616.00	1616.50	1617.50	1618.00	1618.00	1619.00	1619.00	1620.50	1621.00	1622.50	1623.00	1623.50	1624.00	1625.50	1626.00	1627.00	1628.00	1628.50	1630.00	1630.50	1631.00	1632.00	1633.00	1633.50	1635.00	1635.50	1636.50	1637.00	1638.00	1639.50	1641.00	1641.50	1642.50	1643.50	1644.50	1645.50	1646.00	1647.00	1648.00	1648.50	1650.00	1650.50	1651.00	1652.00	1653.00	1653.00	1654.00	1654.50	1655.00	1655.50	1656.00	1656.00	1657.00	1657.00	1658.00	1659.00	1659.00	1659.50	1660.00	1660.00	1661.00	1662.00	1662.00	1662.00	1662.50	1663.00	1663.00	1663.00	1664.00	1664.00	1664.00	1664.00	1664.00	1664.00	1664.00	1664.00	1665.00	1665.00
1472.00	1473.00	1473.50	1474.00	1475.00	1475.50	1476.00	1476.00	1477.00	1477.00	1478.00	1478.00	1479.00	1480.00	1481.00	1481.50	1482.00	1483.00	1483.50	1484.00	1485.00	1485.50	1486.00	1487.00	1488.00	1488.50	1489.00	1490.00	1490.50	1491.00	1492.00	1492.50	1493.00	1494.00	1494.50	1495.00	1496.00	1496.50	1497.00	1498.00	1498.50	1499.00	1500.00	1500.50	1501.00	1502.00	1502.50	1503.00	1504.00	1504.50	1505.00	1506.00	1506.50	1507.00	1507.50	1508.50	1509.50	1511.00	1511.00	1512.50	1514.00	1515.50	1516.50	1517.50	1519.00	1520.50	1522.00	1524.00	1525.50	1526.50	1528.50	1530.50	1532.00	1534.00	1535.00	1537.50	1539.00	1541.50	1543.00	1544.50	1546.00	1548.50	1551.00	1552.00	1554.00	1555.50	1557.50	1559.50	1560.50	1562.00	1563.00	1564.50	1567.00	1568.50	1569.50	1570.50	1572.00	1573.50	1575.00	1575.50	1576.50	1577.50	1578.50	1579.50	1581.00	1581.00	1582.50	1584.00	1584.50	1585.50	1586.50	1588.00	1589.00	1590.00	1591.00	1592.50	1593.00	1594.00	1595.50	1596.00	1597.00	1598.00	1598.50	1599.00	1600.00	1600.50	1601.50	1602.00	1602.50	1603.00	1604.00	1604.00	1604.50	1605.00	1605.50	1606.00	1606.00	1607.00	1607.00	1607.00	1608.00	1608.00	1608.00	1608.00	1608.50	1609.00	1609.00	1609.00	1609.00	1609.50	1610.00	1610.00	1610.00	1610.00	1610.00	1610.00	1610.00	1610.00	1610.00	1610.00	1611.00	1611.00	1611.00	1611.00	1611.00	1611.50	1612.00	1612.00	1612.00	1613.00	1613.00	1613.00	1613.50	1614.00	1614.00	1615.00	1615.00	1616.00	1616.00	1616.50	1617.50	1618.00	1618.00	1619.00	1619.00	1620.50	1621.00	1622.50	1623.00	1623.50	1624.00	1625.50	1626.00	1627.00	1628.00	1628.50	1630.00	1630.50	1631.00	1632.00	1633.00	1633.50	1635.00	1635.50	1636.50	1637.00	1638.00	1639.50	1641.00	1641.50	1642.50	1643.50	1644.50	1645.50	1646.00	1647.00	1648.00	1648.50	1650.00	1650.50	1651.00	1652.00	1653.00	1653.00	1654.00	1654.50	1655.00	1655.50	1656.00	1656.00	1657.00	1657.00	1658.00	1659.00	1659.00	1659.50	1660.00	1660.00	1661.00	1662.00	1662.00	1662.00	1662.50	1663.00	1663.00	1663.00	1664.00	1664.00	1664.00	1664.00	1664.00	1664.00	1664.00	1664.00	1665.00	1665.00
1472.00	1473.00	1473.50	1474.00	1475.00	1475.50	1476.00	1476.00	1477.00	1477.00	1478.00	1478.00	1479.00	1480.00	1481.00	1481.50	1482.00	1483.00	1483.50	1484.00	1485.00	1485.50	1486.00	1487.00	1488.00	1488.50	1489.00	1490.00	1490.50	1491.00	1492.00	1492.50	1493.00	1494.00	1494.50	1495.00	1496.00	1496.50	1497.00	1498.00	1498.50	1499.00	1500.00	1500.50	1501.00	1502.00	1502.50	1503.00	1504.00	1504.50	1505.00	1506.00	1506.50	1507.00	1507.50	1508.50	1509.50	1511.00	1511.00	1512.50	1514.00	1515.50	1516.50	1517.50	1519.00	1520.50	1522.00	1524.00	1525.50	1526.50	1528.50	1530.50	1532.00	1534.00	1535.00	1537.50	1539.00	1541.50	1543.00	1544.50	1546.00	1548.50	1551.00	1552.00	1554.00	1555.50	1557.50	1559.50	1560.50	1562.00	1563.00	1564.50	1567.00	1568.50	1569.50	1570.50	1572.00	1573.50	1575.00	1575.50	1576.50	1577.50	1578.50	1579.50	1581.00	1581.00	1582.50	1584.00	1584.50	1585.50	1586.50	1588.00	1589.00	1590.00	1591.00	1592.50	1593.00	1594.00	1595.50	1596.00	1597.00	1598.00	1598.50	1599.00	1600.00	1600.50	1601.50	1602.00	1602.50	1603.00	1604.00	1604.00	1604.50	1605.00	1605.50	1606.00	1606.00	1607.00	1607.00	1607.00	1608.00	1608.00	1608.00	1608.00	1608.50	1609.00	1609.00	1609.00	1609.00	1609.50	1610.00	1610.00	1610.00	1610.00	1610.00	1610.00	1610.00	1610.00	1610.00	1610.00	1611.00	1611.00	1611.00	1611.00	1611.00	1611.50	1612.00	1612.00	1612.00	1613.00	1613.00	1613.00	1613.50	1614.00	1614.00	1615.00	1615.00	1616.00	1616.00	1616.50	1617.50	1618.00	1618.00	1619.00	1619.00	1620.50	1621.00	1622.50	1623.00	1623.50	1624.00	1625.50	1626.00	1627.00	1628.00	1628.50	1630.00	1630.50	1631.00	1632.00	1633.00	1633.50	1635.00	1635.50	1636.50	1637.00	1638.00	1639.50	1641.00	1641.50	1642.50	1643.50	1644.50	1645.50	1646.00	1647.00	1648.00	1648.50	1650.00	1650.50	1651.00	1652.00	1653.00	1653.00	1654.00	1654.50	1655.00	1655.50	1656.00	1656.00	1657.00	1657.00	1658.00	1659.00	1659.00	1659.50	1660.00	1660.00	1661.00	1662.00	1662.00	1662.00	1662.50	1663.00	1663.00	1663.00	1664.00	1664.00	1664.00	1664.00	1664.00	1664.00	1664.00	1664.00	1665.00	1665.00
1472.00	1473.00	1473.50	1474.00	1475.00	1475.50	1476.00	1476.00	1477.00	1477.00	1478.00	1478.00	1479.00	1480.00	1481.00	1481.50	1482.00	1483.00	1483.50	1484.00	1485.00	1485.50	1486.00	1487.00	1488.00	1488.50	1489.00	1490.00	1490.50	1491.00	1492.00	1492.50	1493.00	1494.00	1494.50	1495.00	1496.00	1496.50	1497.00	1498.00	1498.50	1499.00	1500.00	1500.50	1501.00	1502.00	1502.50	1503.00	1504.00	1504.50	1505.00	1506.00	1506.50	1507.00	1507.50	1508.50	1509.50	1511.00	1511.00	1512.50	1514.00	1515.50	1516.50	1517.50	1519.00	1520.50	1522.00	1524.00	1525.50	1526.50	1528.50	1530.50	1532.00	1534.00	1535.00	1537.50	1539.00	1541.50	1543.00	1544.50	1546.00	1548.50	1551.00	1552.00	1554.00	1555.50	1557.50	1559.50	1560.50	1562.00	1563.00	1564.50	1567.00	1568.50	1569.50	1570.50	1572.00	1573.50	1575.00	1575.50	1576.50	1577.50	1578.50	1579.50	1581.00	1581.00	1582.50	1584.00	1584.50	1585.50	1586.50	1588.00	1589.00	1590.00	1591.00	1592.50	1593.00	1594.00	1595.50	1596.00	1597.00	1598.00	1598.50	1599.00	1600.00	1600.50	1601.50	1602.00	1602.50	1603.00	1604.00	1604.00	1604.50	1605.00	1605.50	1606.00	1606.00	1607.00	1607.00	1607.00	1608.00	1608.00	1608.00	1608.00	1608.50	1609.00	1609.00	1609.00	1609.00	1609.50	1610.00	1610.00	1610.00	1610.00	1610.00	1610.00	1610.00	1610.00	1610.00	1610.00	1611.00	1611.00	1611.00	1611.00	1611.00	1611.50	1612.00	1612.00	1612.00	1613.00	1613.00	1613.00	1613.50	1614.00	1614.00	1615.00	1615.00	1616.00	1616.00	1616.50	1617.50	1618.00	1618.00	1619.00	1619.00	1620.50	1621.00	1622.50	1623.00	1623.50	1624.00	1625.50	1626.00	1627.00	1628.00	1628.50	1630.00	1630.50	1631.00	1632.00	1633.00	1633.50	1635.00	1635.50	1636.50	1637.00	1638.00	1639.50	1641.00	1641.50	1642.50	1643.50	1644.50	1645.50	1646.00	1647.00	1648.00	1648.50	1650.00	1650.50	1651.00	1652.00	1653.00	1653.00	1654.00	1654.50	1655.00	1655.50	1656.00	1656.00	1657.00	1657.00	1658.00	1659.00	1659.00	1659.50	1660.00	1660.00	1661.00	1662.00	1662.00	1662.00	1662.50	1663.00	1663.00	1663.00	1664.00	1664.00	1664.00	1664.00	1664.00	1664.00	1664.00	1664.00	1665.00	1665.00
1474.50	1475.00	1476.00	1476.50	1478.00	1478.50	1479.00	1479.50	1481.00	1481.50	1483.00	1484.00	1484.50	1486.00	1486.50	1487.50	1488.00	1489.00	1490.50	1491.00	1492.00	1493.50	1494.00	1495.00	1496.00	1496.50	1498.00	1498.00	1499.00	1500.00	1500.50	1501.00	1501.50	1502.00	1503.00	1504.00	1504.00	1504.50	1505.00	1505.50	1506.00	1506.00	1507.00	1507.00	1508.00	1508.00	1508.50	1509.00	1509.00	1510.00	1510.00	1511.00	1511.50	1512.00	1512.50	1513.50	1514.00	1515.00	1516.00	1517.50	1518.00	1519.50	1520.50	1521.50	1523.00	1524.50	1526.00	1527.00	1529.00	1530.50	1532.00	1534.00	1535.50	1537.00	1539.00	1541.00	1543.00	1545.00	1546.50	1547.50	1550.00	1552.00	1554.00	1555.00	1557.50	1558.50	1560.00	1561.50	1562.50	1564.00	1566.00	1567.50	1569.00	1570.50	1571.50	1572.00	1573.00	1574.50	1576.00	1577.00	1577.50	1578.50	1580.50	1581.00	1582.00	1583.00	1584.00	1585.00	1586.50	1587.00	1587.50	1589.00	1590.00	1591.00	1592.00	1593.00	1593.50	1595.00	1596.50	1597.00	1598.00	1599.00	1600.00	1601.00	1602.50	1603.00	1603.50	1605.00	1605.50	1606.00	1607.00	1607.50	1608.00	1608.50	1609.50	1610.00	1610.00	1611.00	1611.00	1612.00	1612.00	1612.50	1613.00	1613.00	1613.50	1614.00	1614.00	1614.50	1615.00	1615.00	1615.50	1616.00	1616.00	1616.00	1616.00	1617.00	1617.00	1617.00	1617.00	1617.00	1617.00	1617.00	1617.00	1617.50	1618.00	1618.00	1618.00	1618.00	1618.00	1619.00	1619.00	1619.50	1620.00	1620.00	1621.00	1621.00	1621.00	1622.00	1622.00	1622.50	1623.00	1623.50	1624.00	1625.00	1625.00	1626.50	1627.00	1628.00	1628.50	1629.00	1630.00	1630.50	1631.00	1632.00	1633.00	1633.50	1634.50	1635.00	1635.50	1636.00	1637.00	1637.50	1638.00	1639.50	1640.00	1641.00	1642.00	1642.50	1644.00	1644.50	1645.00	1645.50	1646.50	1647.50	1648.00	1649.00	1649.50	1650.00	1651.00	1651.50	1652.00	1653.00	1653.50	1654.00	1655.00	1655.50	1656.00	1656.50	1657.00	1657.50	1658.00	1659.00	1659.00	1660.00	1660.00	1660.50	1661.00	1661.00	1662.00	1662.00	1663.00	1663.00	1663.00	1664.00	1664.00	1664.50	1665.00	1665.00	1665.50	1666.00	1666.00	1666.50	1667.00	1667.00	1667.00	1668.00
1474.50	1475.00	1476.00	1476.50	1478.00	1478.50	1479.00	1479.50	1481.00	1481.50	1483.00	1484.00	1484.50	1486.00	1486.50	1487.50	1488.00	1489.00	1490.50	1491.00	1492.00	1493.50	1494.00	1495.00	1496.00	1496.50	1498.00	1498.00	1499.00	1500.00	1500.50	1501.00	1501.50	1502.00	1503.00	1504.00	1504.00	1504.50	1505.00	1505.50	1506.00	1506.00	1507.00	1507.00	1508.00	1508.00	1508.50	1509.00	1509.00	1510.00	1510.00	1511.00	1511.50	1512.00	1512.50	1513.50	1514.00	1515.00	1516.00	1517.50	1518.00	1519.50	1520.50	1521.50	1523.00	1524.50	1526.00	1527.00	1529.00	1530.50	1532.00	1534.00	1535.50	1537.00	1539.00	1541.00	1543.00	1545.00	1546.50	1547.50	1550.00	1552.00	1554.00	1555.00	1557.50	1558.50	1560.00	1561.50	1562.50	1564.00	1566.00	1567.50	1569.00	1570.50	1571.50	1572.00	1573.00	1574.50	1576.00	1577.00	1577.50	1578.50	1580.50	1581.00	1582.00	1583.00	1584.00	1585.00	1586.50	1587.00	1587.50	1589.00	1590.00	1591.00	1592.00	1593.00	1593.50	1595.00	1596.50	1597.00	1598.00	1599.00	1600.00	1601.00	1602.50	1603.00	1603.50	1605.00	1605.50	1606.00	1607.00	1607.50	1608.00	1608.50	1609.50	1610.00	1610.00	1611.00	1611.00	1612.00	1612.00	1612.50	1613.00	1613.00	1613.50	1614.00	1614.00	1614.50	1615.00	1615.00	1615.50	1616.00	1616.00	1616.00	1616.00	1617.00	1617.00	1617.00	1617.00	1617.00	1617.00	1617.00	1617.00	1617.50	1618.00	1618.00	1618.00	1618.00	1618.00	1619.00	1619.00	1619.50	1620.00	1620.00	1621.00	1621.00	1621.00	1622.00	1622.00	1622.50	1623.00	1623.50	1624.00	1625.00	1625.00	1626.50	1627.00	1628.00	1628.50	1629.00	1630.00	1630.50	1631.00	1632.00	1633.00	1633.50	1634.50	1635.00	1635.50	1636.00	1637.00	1637.50	1638.00	1639.50	1640.00	1641.00	1642.00	1642.50	1644.00	1644.50	1645.00	1645.50	1646.50	1647.50	1648.00	1649.00	1649.50	1650.00	1651.00	1651.50	1652.00	1653.00	1653.50	1654.00	1655.00	1655.50	1656.00	1656.50	1657.00	1657.50	1658.00	1659.00	1659.00	1660.00	1660.00	1660.50	1661.00	1661.00	1662.00	1662.00	1663.00	1663.00	1663.00	1664.00	1664.00	1664.50	1665.00	1665.00	1665.50	1666.00	1666.00	1666.50	1667.00	1667.00	1667.00	1668.00
1474.50	1475.00	1476.00	1476.50	1478.00	1478.50	1479.00	1479.50	1481.00	1481.50	1483.00	1484.00	1484.50	1486.00	1486.50	1487.50	1488.00	1489.00	1490.50	1491.00	1492.00	1493.50	1494.00	1495.00	1496.00	1496.50	1498.00	1498.00	1499.00	1500.00	1500.50	1501.00	1501.50	1502.00	1503.00	1504.00	1504.00	1504.50	1505.00	1505.50	1506.00	1506.00	1507.00	1507.00	1508.00	1508.00	1508.50	1509.00	1509.00	1510.00	1510.00	1511.00	1511.50	1512.00	1512.50	1513.50	1514.00	1515.00	1516.00	1517.50	1518.00	1519.50	1520.50	1521.50	1523.00	1524.50	1526.00	1527.00	1529.00	1530.50	1532.00	1534.00	1535.50	1537.00	1539.00	1541.00	1543.00	1545.00	1546.50	1547.50	1550.00	1552.00	1554.00	1555.00	1557.50	1558.50	1560.00	1561.50	1562.50	1564.00	1566.00	1567.50	1569.00	1570.50	1571.50	1572.00	1573.00	1574.50	1576.00	1577.00	1577.50	1578.50	1580.50	1581.00	1582.00	1583.00	1584.00	1585.00	1586.50	1587.00	1587.50	1589.00	1590.00	1591.00	1592.00	1593.00	1593.50	1595.00	1596.50	1597.00	1598.00	1599.00	1600.00	1601.00	1602.50	1603.00	1603.50	1605.00	1605.50	1606.00	1607.00	1607.50	1608.00	1608.50	1609.50	1610.00	1610.00	1611.00	1611.00	1612.00	1612.00	1612.50	1613.00	1613.00	1613.50	1614.00	1614.00	1614.50	1615.00	1615.00	1615.50	1616.00	1616.00	1616.00	1616.00	1617.00	1617.00	1617.00	1617.00	1617.00	1617.00	1617.00	1617.00	1617.50	1618.00	1618.00	1618.00	1618.00	1618.00	1619.00	1619.00	1619.50	1620.00	1620.00	1621.00	1621.00	1621.00	1622.00	1622.00	1622.50	1623.00	1623.50	1624.00	1625.00	1625.00	1626.50	1627.00	1628.00	1628.50	1629.00	1630.00	1630.50	1631.00	1632.00	1633.00	1633.50	1634.50	1635.00	1635.50	1636.00	1637.00	1637.50	1638.00	1639.50	1640.00	1641.00	1642.00	1642.50	1644.00	1644.50	1645.00	1645.50	1646.50	1647.50	1648.00	1649.00	1649.50	1650.00	1651.00	1651.50	1652.00	1653.00	1653.50	1654.00	1655.00	1655.50	1656.00	1656.50	1657.00	1657.50	1658.00	1659.00	1659.00	1660.00	1660.00	1660.50	1661.00	1661.00	1662.00	1662.00	1663.00	1663.00	1663.00	1664.00	1664.00	1664.50	1665.00	1665.00	1665.50	1666.00	1666.00	1666.50	1667.00	1667.00	1667.00	1668.00
1474.50	1475.00	1476.00	1476.50	1478.00	1478.50	1479.00	1479.50	1481.00	1481.50	1483.00	1484.00	1484.50	1486.00	1486.50	1487.50	1488.00	1489.00	1490.50	1491.00	1492.00	1493.50	1494.00	1495.00	1496.00	1496.50	1498.00	1498.00	1499.00	1500.00	1500.50	1501.00	1501.50	1502.00	1503.00	1504.00	1504.00	1504.50	1505.00	1505.50	1506.00	1506.00	1507.00	1507.00	1508.00	1508.00	1508.50	1509.00	1509.00	1510.00	1510.00	1511.00	1511.50	1512.00	1512.50	1513.50	1514.00	1515.00	1516.00	1517.50	1518.00	1519.50	1520.50	1521.50	1523.00	1524.50	1526.00	1527.00	1529.00	1530.50	1532.00	1534.00	1535.50	1537.00	1539.00	1541.00	1543.00	1545.00	1546.50	1547.50	1550.00	1552.00	1554.00	1555.00	1557.50	1558.50	1560.00	1561.50	1562.50	1564.00	1566.00	1567.50	1569.00	1570.50	1571.50	1572.00	1573.00	1574.50	1576.00	1577.00	1577.50	1578.50	1580.50	1581.00	1582.00	1583.00	1584.00	1585.00	1586.50	1587.00	1587.50	1589.00	1590.00	1591.00	1592.00	1593.00	1593.50	1595.00	1596.50	1597.00	1598.00	1599.00	1600.00	1601.00	1602.50	1603.00	1603.50	1605.00	1605.50	1606.00	1607.00	1607.50	1608.00	1608.50	1609.50	1610.00	1610.00	1611.00	1611.00	1612.00	1612.00	1612.50	1613.00	1613.00	1613.50	1614.00	1614.00	1614.50	1615.00	1615.00	1615.50	1616.00	1616.00	1616.00	1616.00	1617.00	1617.00	1617.00	1617.00	1617.00	1617.00	1617.00	1617.00	1617.50	1618.00	1618.00	1618.00	1618.00	1618.00	1619.00	1619.00	1619.50	1620.00	1620.00	1621.00	1621.00	1621.00	1622.00	1622.00	1622.50	1623.00	1623.50	1624.00	1625.00	1625.00	1626.50	1627.00	1628.00	1628.50	1629.00	1630.00	1630.50	1631.00	1632.00	1633.00	1633.50	1634.50	1635.00	1635.50	1636.00	1637.00	1637.50	1638.00	1639.50	1640.00	1641.00	1642.00	1642.50	1644.00	1644.50	1645.00	1645.50	1646.50	1647.50	1648.00	1649.00	1649.50	1650.00	1651.00	1651.50	1652.00	1653.00	1653.50	1654.00	1655.00	1655.50	1656.00	1656.50	1657.00	1657.50	1658.00	1659.00	1659.00	1660.00	1660.00	1660.50	1661.00	1661.00	1662.00	1662.00	1663.00	1663.00	1663.00	1664.00	1664.00	1664.50	1665.00	1665.00	1665.50	1666.00	1666.00	1666.50	1667.00	1667.00	1667.00	1668.00
1474.50	1475.00	1476.00	1476.50	1478.00	1478.50	1479.00	1479.50	1481.00	1481.50	1483.00	1484.00	1484.50	1486.00	1486.50	1487.50	1488.00	1489.00	1490.50	1491.00	1492.00	1493.50	1494.00	1495.00	1496.00	1496.50	1498.00	1498.00	1499.00	1500.00	1500.50	1501.00	1501.50	1502.00	1503.00	1504.00	1504.00	1504.50	1505.00	1505.50	1506.00	1506.00	1507.00	1507.00	1508.00	1508.00	1508.50	1509.00	1509.00	1510.00	1510.00	1511.00	1511.50	1512.00	1512.50	1513.50	1514.00	1515.00	1516.00	1517.50	1518.00	1519.50	1520.50	1521.50	1523.00	1524.50	1526.00	1527.00	1529.00	1530.50	1532.00	1534.00	1535.50	1537.00	1539.00	1541.00	1543.00	1545.00	1546.50	1547.50	1550.00	1552.00	1554.00	1555.00	1557.50	1558.50	1560.00	1561.50	1562.50	1564.00	1566.00	1567.50	1569.00	1570.50	1571.50	1572.00	1573.00	1574.50	1576.00	1577.00	1577.50	1578.50	1580.50	1581.00	1582.00	1583.00	1584.00	1585.00	1586.50	1587.00	1587.50	1589.00	1590.00	1591.00	1592.00	1593.00	1593.50	1595.00	1596.50	1597.00	1598.00	1599.00	1600.00	1601.00	1602.50	1603.00	1603.50	1605.00	1605.50	1606.00	1607.00	1607.50	1608.00	1608.50	1609.50	1610.00	1610.00	1611.00	1611.00	1612.00	1612.00	1612.50	1613.00	1613.00	1613.50	1614.00	1614.00	1614.50	1615.00	1615.00	1615.50	1616.00	1616.00	1616.00	1616.00	1617.00	1617.00	1617.00	1617.00	1617.00	1617.00	1617.00	1617.00	1617.50	1618.00	1618.00	1618.00	1618.00	1618.00	1619.00	1619.00	1619.50	1620.00	1620.00	1621.00	1621.00	1621.00	1622.00	1622.00	1622.50	1623.00	1623.50	1624.00	1625.00	1625.00	1626.50	1627.00	1628.00	1628.50	1629.00	1630.00	1630.50	1631.00	1632.00	1633.00	1633.50	1634.50	1635.00	1635.50	1636.00	1637.00	1637.50	1638.00	1639.50	1640.00	1641.00	1642.00	1642.50	1644.00	1644.50	1645.00	1645.50	1646.50	1647.50	1648.00	1649.00	1649.50	1650.00	1651.00	1651.50	1652.00	1653.00	1653.50	1654.00	1655.00	1655.50	1656.00	1656.50	1657.00	1657.50	1658.00	1659.00	1659.00	1660.00	1660.00	1660.50	1661.00	1661.00	1662.00	1662.00	1663.00	1663.00	1663.00	1664.00	1664.00	1664.50	1665.00	1665.00	1665.50	1666.00	1666.00	1666.50	1667.00	1667.00	1667.00	1668.00
1474.50	1475.00	1476.00	1476.50	1478.00	1478.50	1479.00	1479.50	1481.00	1481.50	1483.00	1484.00	1484.50	1486.00	1486.50	1487.50	1488.00	1489.00	1490.50	1491.00	1492.00	1493.50	1494.00	1495.00	1496.00	1496.50	1498.00	1498.00	1499.00	1500.00	1500.50	1501.00	1501.50	1502.00	1503.00	1504.00	1504.00	1504.50	1505.00	1505.50	1506.00	1506.00	1507.00	1507.00	1508.00	1508.00	1508.50	1509.00	1509.00	1510.00	1510.00	1511.00	1511.50	1512.00	1512.50	1513.50	1514.00	1515.00	1516.00	1517.50	1518.00	1519.50	1520.50	1521.50	1523.00	1524.50	1526.00	1527.00	1529.00	1530.50	1532.00	1534.00	1535.50	1537.00	1539.00	1541.00	1543.00	1545.00	1546.50	1547.50	1550.00	1552.00	1554.00	1555.00	1557.50	1558.50	1560.00	1561.50	1562.50	1564.00	1566.00	1567.50	1569.00	1570.50	1571.50	1572.00	1573.00	1574.50	1576.00	1577.00	1577.50	1578.50	1580.50	1581.00	1582.00	1583.00	1584.00	1585.00	1586.50	1587.00	1587.50	1589.00	1590.00	1591.00	1592.00	1593.00	1593.50	1595.00	1596.50	1597.00	1598.00	1599.00	1600.00	1601.00	1602.50	1603.00	1603.50	1605.00	1605.50	1606.00	1607.00	1607.50	1608.00	1608.50	1609.50	1610.00	1610.00	1611.00	1611.00	1612.00	1612.00	1612.50	1613.00	1613.00	1613.50	1614.00	1614.00	1614.50	1615.00	1615.00	1615.50	1616.00	1616.00	1616.00	1616.00	1617.00	1617.00	1617.00	1617.00	1617.00	1617.00	1617.00	1617.00	1617.50	1618.00	1618.00	1618.00	1618.00	1618.00	1619.00	1619.00	1619.50	1620.00	1620.00	1621.00	1621.00	1621.00	1622.00	1622.00	1622.50	1623.00	1623.50	1624.00	1625.00	1625.00	1626.50	1627.00	1628.00	1628.50	1629.00	1630.00	1630.50	1631.00	1632.00	1633.00	1633.50	1634.50	1635.00	1635.50	1636.00	1637.00	1637.50	1638.00	1639.50	1640.00	1641.00	1642.00	1642.50	1644.00	1644.50	1645.00	1645.50	1646.50	1647.50	1648.00	1649.00	1649.50	1650.00	1651.00	1651.50	1652.00	1653.00	1653.50	1654.00	1655.00	1655.50	1656.00	1656.50	1657.00	1657.50	1658.00	1659.00	1659.00	1660.00	1660.00	1660.50	1661.00	1661.00	1662.00	1662.00	1663.00	1663.00	1663.00	1664.00	1664.00	1664.50	1665.00	1665.00	1665.50	1666.00	1666.00	1666.50	1667.00	1667.00	1667.00	1668.00
1474.50	1475.00	1476.00	1476.50	1478.00	1478.50	1479.00	1479.50	1481.00	1481.50	1483.00	1484.00	1484.50	1486.00	1486.50	1487.50	1488.00	1489.00	1490.50	1491.00	1492.00	1493.50	1494.00	1495.00	1496.00	1496.50	1498.00	1498.00	1499.00	1500.00	1500.50	1501.00	1501.50	1502.00	1503.00	1504.00	1504.00	1504.50	1505.00	1505.50	1506.00	1506.00	1507.00	1507.00	1508.00	1508.00	1508.50	1509.00	1509.00	1510.00	1510.00	1511.00	1511.50	1512.00	1512.50	1513.50	1514.00	1515.00	1516.00	1517.50	1518.00	1519.50	1520.50	1521.50	1523.00	1524.50	1526.00	1527.00	1529.00	1530.50	1532.00	1534.00	1535.50	1537.00	1539.00	1541.00	1543.00	1545.00	1546.50	1547.50	1550.00	1552.00	1554.00	1555.00	1557.50	1558.50	1560.00	1561.50	1562.50	1564.00	1566.00	1567.50	1569.00	1570.50	1571.50	1572.00	1573.00	1574.50	1576.00	1577.00	1577.50	1578.50	1580.50	1581.00	1582.00	1583.00	1584.00	1585.00	1586.50	1587.00	1587.50	1589.00	1590.00	1591.00	1592.00	1593.00	1593.50	1595.00	1596.50	1597.00	1598.00	1599.00	1600.00	1601.00	1602.50	1603.00	1603.50	1605.00	1605.50	1606.00	1607.00	1607.50	1608.00	1608.50	1609.50	1610.00	1610.00	1611.00	1611.00	1612.00	1612.00	1612.50	1613.00	1613.00	1613.50	1614.00	1614.00	1614.50	1615.00	1615.00	1615.50	1616.00	1616.00	1616.00	1616.00	1617.00	1617.00	1617.00	1617.00	1617.00	1617.00	1617.00	1617.00	1617.50	1618.00	1618.00	1618.00	1618.00	1618.00	1619.00	1619.00	1619.50	1620.00	1620.00	1621.00	1621.00	1621.00	1622.00	1622.00	1622.50	1623.00	1623.50	1624.00	1625.00	1625.00	1626.50	1627.00	1628.00	1628.50	1629.00	1630.00	1630.50	1631.00	1632.00	1633.00	1633.50	1634.50	1635.00	1635.50	1636.00	1637.00	1637.50	1638.00	1639.50	1640.00	1641.00	1642.00	1642.50	1644.00	1644.50	1645.00	1645.50	1646.50	1647.50	1648.00	1649.00	1649.50	1650.00	1651.00	1651.50	1652.00	1653.00	1653.50	1654.00	1655.00	1655.50	1656.00	1656.50	1657.00	1657.50	1658.00	1659.00	1659.00	1660.00	1660.00	1660.50	1661.00	1661.00	1662.00	1662.00	1663.00	1663.00	1663.00	1664.00	1664.00	1664.50	1665.00	1665.00	1665.50	1666.00	1666.00	1666.50	1667.00	1667.00	1667.00	1668.00
1476.00	1476.50	1477.50	1478.00	1479.50	1480.50	1481.25	1482.00	1483.75	1484.50	1486.00	1486.50	1487.50	1489.00	1490.00	1491.00	1491.75	1493.00	1494.00	1495.00	1496.00	1497.50	1498.25	1499.25	1500.25	1501.00	1502.50	1502.50	1503.75	1504.50	1505.25	1505.75	1506.25	1507.00	1507.50	1508.00	1508.50	1508.75	1509.00	1509.75	1510.00	1510.00	1511.00	1511.00	1511.50	1511.50	1511.75	1512.00	1512.00	1512.75	1513.00	1513.50	1514.00	1514.50	1515.00	1516.00	1516.75	1517.50	1518.50	1519.75	1520.50	1521.75	1522.50	1523.75	1525.50	1527.00	1528.50	1529.50	1531.25	1532.50	1534.25	1536.25	1537.50	1539.50	1541.00	1543.00	1545.00	1547.00	1548.50	1549.50	1552.00	1553.75	1556.00	1557.00	1559.00	1560.00	1561.75	1563.50	1564.50	1566.00	1567.50	1569.00	1570.50	1572.00	1573.00	1573.75	1574.50	1576.00	1577.50	1578.75	1579.25	1580.00	1582.00	1582.50	1583.50	1584.50	1585.50	1586.50	1587.75	1588.25	1589.00	1590.50	1591.25	1592.50	1593.50	1594.50	1595.00	1596.50	1597.75	1598.25	1599.50	1600.50	1601.75	1602.50	1604.00	1604.75	1605.50	1606.50	1607.50	1608.00	1609.00	1609.25	1609.75	1610.50	1611.25	1611.50	1612.00	1612.50	1612.75	1613.50	1613.75	1614.25	1614.75	1615.00	1615.50	1616.00	1616.00	1616.50	1617.00	1617.00	1617.25	1617.50	1618.00	1618.00	1618.00	1618.50	1618.50	1618.50	1619.00	1619.00	1619.00	1619.00	1619.25	1619.75	1620.00	1620.00	1620.25	1620.50	1620.50	1621.50	1622.00	1622.50	1623.00	1623.25	1624.00	1624.50	1625.00	1625.50	1625.75	1626.25	1626.75	1627.50	1628.00	1628.50	1629.00	1630.00	1630.50	1631.50	1631.75	1632.25	1633.00	1633.50	1634.00	1635.00	1635.75	1636.25	1637.00	1637.50	1638.00	1638.50	1639.25	1639.75	1640.50	1641.50	1642.00	1643.00	1643.50	1644.00	1645.00	1645.75	1646.25	1646.75	1647.75	1648.50	1649.00	1650.00	1650.50	1651.00	1652.00	1652.50	1653.00	1654.00	1654.50	1655.00	1656.00	1656.50	1657.00	1657.50	1658.00	1658.50	1659.00	1659.50	1660.00	1661.00	1661.00	1661.50	1662.00	1662.00	1663.00	1663.00	1664.00	1664.00	1664.25	1665.00	1665.25	1665.75	1666.00	1666.50	1666.75	1667.50	1667.50	1668.00	1668.50	1668.50	1669.00	1669.50
1477.50	1478.00	1479.00	1479.50	1481.00	1482.50	1483.50	1484.50	1486.50	1487.50	1489.00	1489.00	1490.50	1492.00	1493.50	1494.50	1495.50	1497.00	1497.50	1499.00	1500.00	1501.50	1502.50	1503.50	1504.50	1505.50	1507.00	1507.00	1508.50	1509.00	1510.00	1510.50	1511.00	1512.00	1512.00	1512.00	1513.00	1513.00	1513.00	1514.00	1514.00	1514.00	1515.00	1515.00	1515.00	1515.00	1515.00	1515.00	1515.00	1515.50	1516.00	1516.00	1516.50	1517.00	1517.50	1518.50	1519.50	1520.00	1521.00	1522.00	1523.00	1524.00	1524.50	1526.00	1528.00	1529.50	1531.00	1532.00	1533.50	1534.50	1536.50	1538.50	1539.50	1542.00	1543.00	1545.00	1547.00	1549.00	1550.50	1551.50	1554.00	1555.50	1558.00	1559.00	1560.50	1561.50	1563.50	1565.50	1566.50	1568.00	1569.00	1570.50	1572.00	1573.50	1574.50	1575.50	1576.00	1577.50	1579.00	1580.50	1581.00	1581.50	1583.50	1584.00	1585.00	1586.00	1587.00	1588.00	1589.00	1589.50	1590.50	1592.00	1592.50	1594.00	1595.00	1596.00	1596.50	1598.00	1599.00	1599.50	1601.00	1602.00	1603.50	1604.00	1605.50	1606.50	1607.50	1608.00	1609.50	1610.00	1611.00	1611.00	1611.50	1612.50	1613.00	1613.00	1614.00	1614.00	1614.50	1615.00	1615.50	1616.00	1616.50	1617.00	1617.50	1618.00	1618.00	1618.50	1619.00	1619.00	1619.00	1619.00	1620.00	1620.00	1620.00	1620.00	1620.00	1620.00	1621.00	1621.00	1621.00	1621.00	1621.50	1622.00	1622.00	1622.00	1622.50	1623.00	1623.00	1624.00	1625.00	1625.50	1626.00	1626.50	1627.00	1628.00	1629.00	1629.00	1629.50	1630.00	1630.50	1631.50	1632.00	1632.00	1633.00	1633.50	1634.00	1635.00	1635.00	1635.50	1636.00	1636.50	1637.00	1638.00	1638.50	1639.00	1639.50	1640.00	1640.50	1641.00	1641.50	1642.00	1643.00	1643.50	1644.00	1645.00	1645.00	1645.50	1646.00	1647.00	1647.50	1648.00	1649.00	1649.50	1650.00	1651.00	1651.50	1652.00	1653.00	1653.50	1654.00	1655.00	1655.50	1656.00	1657.00	1657.50	1658.00	1658.50	1659.00	1659.50	1660.00	1660.00	1661.00	1662.00	1662.00	1662.50	1663.00	1663.00	1664.00	1664.00	1665.00	1665.00	1665.50	1666.00	1666.50	1667.00	1667.00	1668.00	1668.00	1669.00	1669.00	1669.50	1670.00	1670.00	1671.00	1671.00
1477.50	1478.00	1479.00	1479.50	1481.00	1482.50	1483.50	1484.50	1486.50	1487.50	1489.00	1489.00	1490.50	1492.00	1493.50	1494.50	1495.50	1497.00	1497.50	1499.00	1500.00	1501.50	1502.50	1503.50	1504.50	1505.50	1507.00	1507.00	1508.50	1509.00	1510.00	1510.50	1511.00	1512.00	1512.00	1512.00	1513.00	1513.00	1513.00	1514.00	1514.00	1514.00	1515.00	1515.00	1515.00	1515.00	1515.00	1515.00	1515.00	1515.50	1516.00	1516.00	1516.50	1517.00	1517.50	1518.50	1519.50	1520.00	1521.00	1522.00	1523.00	1524.00	1524.50	1526.00	1528.00	1529.50	1531.00	1532.00	1533.50	1534.50	1536.50	1538.50	1539.50	1542.00	1543.00	1545.00	1547.00	1549.00	1550.50	1551.50	1554.00	1555.50	1558.00	1559.00	1560.50	1561.50	1563.50	1565.50	1566.50	1568.00	1569.00	1570.50	1572.00	1573.50	1574.50	1575.50	1576.00	1577.50	1579.00	1580.50	1581.00	1581.50	1583.50	1584.00	1585.00	1586.00	1587.00	1588.00	1589.00	1589.50	1590.50	1592.00	1592.50	1594.00	1595.00	1596.00	1596.50	1598.00	1599.00	1599.50	1601.00	1602.00	1603.50	1604.00	1605.50	1606.50	1607.50	1608.00	1609.50	1610.00	1611.00	1611.00	1611.50	1612.50	1613.00	1613.00	1614.00	1614.00	1614.50	1615.00	1615.50	1616.00	1616.50	1617.00	1617.50	1618.00	1618.00	1618.50	1619.00	1619.00	1619.00	1619.00	1620.00	1620.00	1620.00	1620.00	1620.00	1620.00	1621.00	1621.00	1621.00	1621.00	1621.50	1622.00	1622.00	1622.00	1622.50	1623.00	1623.00	1624.00	1625.00	1625.50	1626.00	1626.50	1627.00	1628.00	1629.00	1629.00	1629.50	1630.00	1630.50	1631.50	1632.00	1632.00	1633.00	1633.50	1634.00	1635.00	1635.00	1635.50	1636.00	1636.50	1637.00	1638.00	1638.50	1639.00	1639.50	1640.00	1640.50	1641.00	1641.50	1642.00	1643.00	1643.50	1644.00	1645.00	1645.00	1645.50	1646.00	1647.00	1647.50	1648.00	1649.00	1649.50	1650.00	1651.00	1651.50	1652.00	1653.00	1653.50	1654.00	1655.00	1655.50	1656.00	1657.00	1657.50	1658.00	1658.50	1659.00	1659.50	1660.00	1660.00	1661.00	1662.00	1662.00	1662.50	1663.00	1663.00	1664.00	1664.00	1665.00	1665.00	1665.50	1666.00	1666.50	1667.00	1667.00	1668.00	1668.00	1669.00	1669.00	1669.50	1670.00	1670.00	1671.00	1671.00
1477.50	1478.00	1479.00	1479.50	1481.00	1482.50	1483.50	1484.50	1486.50	1487.50	1489.00	1489.00	1490.50	1492.00	1493.50	1494.50	1495.50	1497.00	1497.50	1499.00	1500.00	1501.50	1502.50	1503.50	1504.50	1505.50	1507.00	1507.00	1508.50	1509.00	1510.00	1510.50	1511.00	1512.00	1512.00	1512.00	1513.00	1513.00	1513.00	1514.00	1514.00	1514.00	1515.00	1515.00	1515.00	1515.00	1515.00	1515.00	1515.00	1515.50	1516.00	1516.00	1516.50	1517.00	1517.50	1518.50	1519.50	1520.00	1521.00	1522.00	1523.00	1524.00	1524.50	1526.00	1528.00	1529.50	1531.00	1532.00	1533.50	1534.50	1536.50	1538.50	1539.50	1542.00	1543.00	1545.00	1547.00	1549.00	1550.50	1551.50	1554.00	1555.50	1558.00	1559.00	1560.50	1561.50	1563.50	1565.50	1566.50	1568.00	1569.00	1570.50	1572.00	1573.50	1574.50	1575.50	1576.00	1577.50	1579.00	1580.50	1581.00	1581.50	1583.50	1584.00	1585.00	1586.00	1587.00	1588.00	1589.00	1589.50	1590.50	1592.00	1592.50	1594.00	1595.00	1596.00	1596.50	1598.00	1599.00	1599.50	1601.00	1602.00	1603.50	1604.00	1605.50	1606.50	1607.50	1608.00	1609.50	1610.00	1611.00	1611.00	1611.50	1612.50	1613.00	1613.00	1614.00	1614.00	1614.50	1615.00	1615.50	1616.00	1616.50	1617.00	1617.50	1618.00	1618.00	1618.50	1619.00	1619.00	1619.00	1619.00	1620.00	1620.00	1620.00	1620.00	1620.00	1620.00	1621.00	1621.00	1621.00	1621.00	1621.50	1622.00	1622.00	1622.00	1622.50	1623.00	1623.00	1624.00	1625.00	1625.50	1626.00	1626.50	1627.00	1628.00	1629.00	1629.00	1629.50	1630.00	1630.50	1631.50	1632.00	1632.00	1633.00	1633.50	1634.00	1635.00	1635.00	1635.50	1636.00	1636.50	1637.00	1638.00	1638.50	1639.00	1639.50	1640.00	1640.50	1641.00	1641.50	1642.00	1643.00	1643.50	1644.00	1645.00	1645.00	1645.50	1646.00	1647.00	1647.50	1648.00	1649.00	1649.50	1650.00	1651.00	1651.50	1652.00	1653.00	1653.50	1654.00	1655.00	1655.50	1656.00	1657.00	1657.50	1658.00	1658.50	1659.00	1659.50	1660.00	1660.00	1661.00	1662.00	1662.00	1662.50	1663.00	1663.00	1664.00	1664.00	1665.00	1665.00	1665.50	1666.00	1666.50	1667.00	1667.00	1668.00	1668.00	1669.00	1669.00	1669.50	1670.00	1670.00	1671.00	1671.00
1477.50	1478.00	1479.00	1479.50	1481.00	1482.50	1483.50	1484.50	1486.50	1487.50	1489.00	1489.00	1490.50	1492.00	1493.50	1494.50	1495.50	1497.00	1497.50	1499.00	1500.00	1501.50	1502.50	1503.50	1504.50	1505.50	1507.00	1507.00	1508.50	1509.00	1510.00	1510.50	1511.00	1512.00	1512.00	1512.00	1513.00	1513.00	1513.00	1514.00	1514.00	1514.00	1515.00	1515.00	1515.00	1515.00	1515.00	1515.00	1515.00	1515.50	1516.00	1516.00	1516.50	1517.00	1517.50	1518.50	1519.50	1520.00	1521.00	1522.00	1523.00	1524.00	1524.50	1526.00	1528.00	1529.50	1531.00	1532.00	1533.50	1534.50	1536.50	1538.50	1539.50	1542.00	1543.00	1545.00	1547.00	1549.00	1550.50	1551.50	1554.00	1555.50	1558.00	1559.00	1560.50	1561.50	1563.50	1565.50	1566.50	1568.00	1569.00	1570.50	1572.00	1573.50	1574.50	1575.50	1576.00	1577.50	1579.00	1580.50	1581.00	1581.50	1583.50	1584.00	1585.00	1586.00	1587.00	1588.00	1589.00	1589.50	1590.50	1592.00	1592.50	1594.00	1595.00	1596.00	1596.50	1598.00	1599.00	1599.50	1601.00	1602.00	1603.50	1604.00	1605.50	1606.50	1607.50	1608.00	1609.50	1610.00	1611.00	1611.00	1611.50	1612.50	1613.00	1613.00	1614.00	1614.00	1614.50	1615.00	1615.50	1616.00	1616.50	1617.00	1617.50	1618.00	1618.00	1618.50	1619.00	1619.00	1619.00	1619.00	1620.00	1620.00	1620.00	1620.00	1620.00	1620.00	1621.00	1621.00	1621.00	1621.00	1621.50	1622.00	1622.00	1622.00	1622.50	1623.00	1623.00	1624.00	1625.00	1625.50	1626.00	1626.50	1627.00	1628.00	1629.00	1629.00	1629.50	1630.00	1630.50	1631.50	1632.00	1632.00	1633.00	1633.50	1634.00	1635.00	1635.00	1635.50	1636.00	1636.50	1637.00	1638.00	1638.50	1639.00	1639.50	1640.00	1640.50	1641.00	1641.50	1642.00	1643.00	1643.50	1644.00	1645.00	1645.00	1645.50	1646.00	1647.00	1647.50	1648.00	1649.00	1649.50	1650.00	1651.00	1651.50	1652.00	1653.00	1653.50	1654.00	1655.00	1655.50	1656.00	1657.00	1657.50	1658.00	1658.50	1659.00	1659.50	1660.00	1660.00	1661.00	1662.00	1662.00	1662.50	1663.00	1663.00	1664.00	1664.00	1665.00	1665.00	1665.50	1666.00	1666.50	1667.00	1667.00	1668.00	1668.00	1669.00	1669.00	1669.50	1670.00	1670.00	1671.00	1671.00
1477.50	1478.00	1479.00	1479.50	1481.00	1482.50	1483.50	1484.50	1486.50	1487.50	1489.00	1489.00	1490.50	1492.00	1493.50	1494.50	1495.50	1497.00	1497.50	1499.00	1500.00	1501.50	1502.50	1503.50	1504.50	1505.50	1507.00	1507.00	1508.50	1509.00	1510.00	1510.50	1511.00	1512.00	1512.00	1512.00	1513.00	1513.00	1513.00	1514.00	1514.00	1514.00	1515.00	1515.00	1515.00	1515.00	1515.00	1515.00	1515.00	1515.50	1516.00	1516.00	1516.50	1517.00	1517.50	1518.50	1519.50	1520.00	1521.00	1522.00	1523.00	1524.00	1524.50	1526.00	1528.00	1529.50	1531.00	1532.00	1533.50	1534.50	1536.50	1538.50	1539.50	1542.00	1543.00	1545.00	1547.00	1549.00	1550.50	1551.50	1554.00	1555.50	1558.00	1559.00	1560.50	1561.50	1563.50	1565.50	1566.50	1568.00	1569.00	1570.50	1572.00	1573.50	1574.50	1575.50	1576.00	1577.50	1579.00	1580.50	1581.00	1581.50	1583.50	1584.00	1585.00	1586.00	1587.00	1588.00	1589.00	1589.50	1590.50	1592.00	1592.50	1594.00	1595.00	1596.00	1596.50	1598.00	1599.00	1599.50	1601.00	1602.00	1603.50	1604.00	1605.50	1606.50	1607.50	1608.00	1609.50	1610.00	1611.00	1611.00	1611.50	1612.50	1613.00	1613.00	1614.00	1614.00	1614.50	1615.00	1615.50	1616.00	1616.50	1617.00	1617.50	1618.00	1618.00	1618.50	1619.00	1619.00	1619.00	1619.00	1620.00	1620.00	1620.00	1620.00	1620.00	1620.00	1621.00	1621.00	1621.00	1621.00	1621.50	1622.00	1622.00	1622.00	1622.50	1623.00	1623.00	1624.00	1625.00	1625.50	1626.00	1626.50	1627.00	1628.00	1629.00	1629.00	1629.50	1630.00	1630.50	1631.50	1632.00	1632.00	1633.00	1633.50	1634.00	1635.00	1635.00	1635.50	1636.00	1636.50	1637.00	1638.00	1638.50	1639.00	1639.50	1640.00	1640.50	1641.00	1641.50	1642.00	1643.00	1643.50	1644.00	1645.00	1645.00	1645.50	1646.00	1647.00	1647.50	1648.00	1649.00	1649.50	1650.00	1651.00	1651.50	1652.00	1653.00	1653.50	1654.00	1655.00	1655.50	1656.00	1657.00	1657.50	1658.00	1658.50	1659.00	1659.50	1660.00	1660.00	1661.00	1662.00	1662.00	1662.50	1663.00	1663.00	1664.00	1664.00	1665.00	1665.00	1665.50	1666.00	1666.50	1667.00	1667.00	1668.00	1668.00	1669.00	1669.00	1669.50	1670.00	1670.00	1671.00	1671.00
1477.50	1478.00	1479.00	1479.50	1481.00	1482.50	1483.50	1484.50	1486.50	1487.50	1489.00	1489.00	1490.50	1492.00	1493.50	1494.50	1495.50	1497.00	1497.50	1499.00	1500.00	1501.50	1502.50	1503.50	1504.50	1505.50	1507.00	1507.00	1508.50	1509.00	1510.00	1510.50	1511.00	1512.00	1512.00	1512.00	1513.00	1513.00	1513.00	1514.00	1514.00	1514.00	1515.00	1515.00	1515.00	1515.00	1515.00	1515.00	1515.00	1515.50	1516.00	1516.00	1516.50	1517.00	1517.50	1518.50	1519.50	1520.00	1521.00	1522.00	1523.00	1524.00	1524.50	1526.00	1528.00	1529.50	1531.00	1532.00	1533.50	1534.50	1536.50	1538.50	1539.50	1542.00	1543.00	1545.00	1547.00	1549.00	1550.50	1551.50	1554.00	1555.50	1558.00	1559.00	1560.50	1561.50	1563.50	1565.50	1566.50	1568.00	1569.00	1570.50	1572.00	1573.50	1574.50	1575.50	1576.00	1577.50	1579.00	1580.50	1581.00	1581.50	1583.50	1584.00	1585.00	1586.00	1587.00	1588.00	1589.00	1589.50	1590.50	1592.00	1592.50	1594.00	1595.00	1596.00	1596.50	1598.00	1599.00	1599.50	1601.00	1602.00	1603.50	1604.00	1605.50	1606.50	1607.50	1608.00	1609.50	1610.00	1611.00	1611.00	1611.50	1612.50	1613.00	1613.00	1614.00	1614.00	1614.50	1615.00	1615.50	1616.00	1616.50	1617.00	1617.50	1618.00	1618.00	1618.50	1619.00	1619.00	1619.00	1619.00	1620.00	1620.00	1620.00	1620.00	1620.00	1620.00	1621.00	1621.00	1621.00	1621.00	1621.50	1622.00	1622.00	1622.00	1622.50	1623.00	1623.00	1624.00	1625.00	1625.50	1626.00	1626.50	1627.00	1628.00	1629.00	1629.00	1629.50	1630.00	1630.50	1631.50	1632.00	1632.00	1633.00	1633.50	1634.00	1635.00	1635.00	1635.50	1636.00	1636.50	1637.00	1638.00	1638.50	1639.00	1639.50	1640.00	1640.50	1641.00	1641.50	1642.00	1643.00	1643.50	1644.00	1645.00	1645.00	1645.50	1646.00	1647.00	1647.50	1648.00	1649.00	1649.50	1650.00	1651.00	1651.50	1652.00	1653.00	1653.50	1654.00	1655.00	1655.50	1656.00	1657.00	1657.50	1658.00	1658.50	1659.00	1659.50	1660.00	1660.00	1661.00	1662.00	1662.00	1662.50	1663.00	1663.00	1664.00	1664.00	1665.00	1665.00	1665.50	1666.00	1666.50	1667.00	1667.00	1668.00	1668.00	1669.00	1669.00	1669.50	1670.00	1670.00	1671.00	1671.00
1477.50	1478.00	1479.00	1479.50	1481.00	1482.50	1483.50	1484.50	1486.50	1487.50	1489.00	1489.00	1490.50	1492.00	1493.50	1494.50	1495.50	1497.00	1497.50	1499.00	1500.00	1501.50	1502.50	1503.50	1504.50	1505.50	1507.00	1507.00	1508.50	1509.00	1510.00	1510.50	1511.00	1512.00	1512.00	1512.00	1513.00	1513.00	1513.00	1514.00	1514.00	1514.00	1515.00	1515.00	1515.00	1515.00	1515.00	1515.00	1515.00	1515.50	1516.00	1516.00	1516.50	1517.00	1517.50	1518.50	1519.50	1520.00	1521.00	1522.00	1523.00	1524.00	1524.50	1526.00	1528.00	1529.50	1531.00	1532.00	1533.50	1534.50	1536.50	1538.50	1539.50	1542.00	1543.00	1545.00	1547.00	1549.00	1550.50	1551.50	1554.00	1555.50	1558.00	1559.00	1560.50	1561.50	1563.50	1565.50	1566.50	1568.00	1569.00	1570.50	1572.00	1573.50	1574.50	1575.50	1576.00	1577.50	1579.00	1580.50	1581.00	1581.50	1583.50	1584.00	1585.00	1586.00	1587.00	1588.00	1589.00	1589.50	1590.50	1592.00	1592.50	1594.00	1595.00	1596.00	1596.50	1598.00	1599.00	1599.50	1601.00	1602.00	1603.50	1604.00	1605.50	1606.50	1607.50	1608.00	1609.50	1610.00	1611.00	1611.00	1611.50	1612.50	1613.00	1613.00	1614.00	1614.00	1614.50	1615.00	1615.50	1616.00	1616.50	1617.00	1617.50	1618.00	1618.00	1618.50	1619.00	1619.00	1619.00	1619.00	1620.00	1620.00	1620.00	1620.00	1620.00	1620.00	1621.00	1621.00	1621.00	1621.00	1621.50	1622.00	1622.00	1622.00	1622.50	1623.00	1623.00	1624.00	1625.00	1625.50	1626.00	1626.50	1627.00	1628.00	1629.00	1629.00	1629.50	1630.00	1630.50	1631.50	1632.00	1632.00	1633.00	1633.50	1634.00	1635.00	1635.00	1635.50	1636.00	1636.50	1637.00	1638.00	1638.50	1639.00	1639.50	1640.00	1640.50	1641.00	1641.50	1642.00	1643.00	1643.50	1644.00	1645.00	1645.00	1645.50	1646.00	1647.00	1647.50	1648.00	1649.00	1649.50	1650.00	1651.00	1651.50	1652.00	1653.00	1653.50	1654.00	1655.00	1655.50	1656.00	1657.00	1657.50	1658.00	1658.50	1659.00	1659.50	1660.00	1660.00	1661.00	1662.00	1662.00	1662.50	1663.00	1663.00	1664.00	1664.00	1665.00	1665.00	1665.50	1666.00	1666.50	1667.00	1667.00	1668.00	1668.00	1669.00	1669.00	1669.50	1670.00	1670.00	1671.00	1671.00
1477.50	1478.00	1479.00	1479.50	1481.00	1482.50	1483.50	1484.50	1486.50	1487.50	1489.00	1489.00	1490.50	1492.00	1493.50	1494.50	1495.50	1497.00	1497.50	1499.00	1500.00	1501.50	1502.50	1503.50	1504.50	1505.50	1507.00	1507.00	1508.50	1509.00	1510.00	1510.50	1511.00	1512.00	1512.00	1512.00	1513.00	1513.00	1513.00	1514.00	1514.00	1514.00	1515.00	1515.00	1515.00	1515.00	1515.00	1515.00	1515.00	1515.50	1516.00	1516.00	1516.50	1517.00	1517.50	1518.50	1519.50	1520.00	1521.00	1522.00	1523.00	1524.00	1524.50	1526.00	1528.00	1529.50	1531.00	1532.00	1533.50	1534.50	1536.50	1538.50	1539.50	1542.00	1543.00	1545.00	1547.00	1549.00	1550.50	1551.50	1554.00	1555.50	1558.00	1559.00	1560.50	1561.50	1563.50	1565.50	1566.50	1568.00	1569.00	1570.50	1572.00	1573.50	1574.50	1575.50	1576.00	1577.50	1579.00	1580.50	1581.00	1581.50	1583.50	1584.00	1585.00	1586.00	1587.00	1588.00	1589.00	1589.50	1590.50	1592.00	1592.50	1594.00	1595.00	1596.00	1596.50	1598.00	1599.00	1599.50	1601.00	1602.00	1603.50	1604.00	1605.50	1606.50	1607.50	1608.00	1609.50	1610.00	1611.00	1611.00	1611.50	1612.50	1613.00	1613.00	1614.00	1614.00	1614.50	1615.00	1615.50	1616.00	1616.50	1617.00	1617.50	1618.00	1618.00	1618.50	1619.00	1619.00	1619.00	1619.00	1620.00	1620.00	1620.00	1620.00	1620.00	1620.00	1621.00	1621.00	1621.00	1621.00	1621.50	1622.00	1622.00	1622.00	1622.50	1623.00	1623.00	1624.00	1625.00	1625.50	1626.00	1626.50	1627.00	1628.00	1629.00	1629.00	1629.50	1630.00	1630.50	1631.50	1632.00	1632.00	1633.00	1633.50	1634.00	1635.00	1635.00	1635.50	1636.00	1636.50	1637.00	1638.00	1638.50	1639.00	1639.50	1640.00	1640.50	1641.00	1641.50	1642.00	1643.00	1643.50	1644.00	1645.00	1645.00	1645.50	1646.00	1647.00	1647.50	1648.00	1649.00	1649.50	1650.00	1651.00	1651.50	1652.00	1653.00	1653.50	1654.00	1655.00	1655.50	1656.00	1657.00	1657.50	1658.00	1658.50	1659.00	1659.50	1660.00	1660.00	1661.00	1662.00	1662.00	1662.50	1663.00	1663.00	1664.00	1664.00	1665.00	1665.00	1665.50	1666.00	1666.50	1667.00	1667.00	1668.00	1668.00	1669.00	1669.00	1669.50	1670.00	1670.00	1671.00	1671.00
1481.50	1483.00	1484.50	1485.50	1487.00	1488.50	1489.50	1490.50	1492.50	1493.50	1495.00	1496.00	1497.50	1499.00	1500.50	1501.50	1502.50	1504.00	1505.50	1507.00	1507.00	1508.50	1509.50	1511.00	1512.00	1512.50	1514.00	1515.00	1516.00	1517.00	1517.00	1517.50	1518.00	1518.00	1519.00	1519.00	1520.00	1520.00	1520.50	1521.00	1521.00	1521.00	1521.00	1520.50	1520.00	1520.00	1520.00	1520.00	1520.00	1520.50	1521.00	1521.00	1522.00	1522.00	1522.50	1523.00	1523.50	1524.00	1525.00	1526.50	1528.00	1528.50	1529.50	1530.50	1532.00	1533.50	1535.00	1537.00	1538.50	1539.50	1541.50	1543.50	1544.50	1547.00	1548.00	1550.00	1552.00	1554.00	1555.50	1556.50	1558.00	1560.50	1562.00	1564.00	1565.50	1566.50	1568.50	1570.50	1571.50	1573.00	1574.00	1575.50	1576.00	1577.50	1578.50	1579.50	1581.00	1582.00	1583.00	1584.50	1585.00	1585.50	1587.50	1588.00	1589.00	1590.00	1591.00	1592.00	1593.50	1594.50	1595.00	1596.00	1597.50	1598.00	1599.00	1600.50	1601.00	1602.00	1603.50	1604.50	1605.00	1606.00	1607.50	1609.00	1610.00	1610.50	1611.50	1612.00	1613.50	1614.00	1615.00	1615.50	1616.00	1616.50	1617.50	1618.00	1618.00	1619.00	1619.00	1620.00	1620.00	1620.50	1621.00	1621.00	1622.00	1622.00	1622.00	1622.00	1622.00	1622.00	1622.00	1622.00	1622.00	1622.50	1623.00	1623.00	1623.00	1623.00	1623.00	1623.00	1623.00	1623.00	1624.00	1624.00	1624.00	1625.00	1625.50	1626.00	1627.00	1628.00	1629.00	1629.50	1630.00	1630.50	1632.00	1632.50	1633.00	1634.00	1634.50	1635.00	1636.00	1637.00	1637.50	1638.00	1639.00	1639.00	1640.00	1640.00	1640.50	1641.00	1641.00	1642.00	1642.00	1642.00	1643.00	1643.00	1643.00	1643.00	1643.50	1644.00	1644.00	1644.50	1645.00	1645.50	1646.00	1646.00	1647.00	1647.00	1648.00	1648.50	1649.00	1649.00	1650.00	1650.50	1651.00	1652.00	1653.00	1653.50	1654.50	1655.00	1655.50	1656.00	1657.00	1658.00	1658.00	1659.00	1659.50	1660.00	1660.50	1661.00	1662.00	1662.00	1663.00	1663.00	1664.00	1664.50	1665.00	1665.00	1666.00	1667.00	1667.00	1667.50	1668.00	1668.50	1669.00	1669.50	1670.00	1670.50	1671.00	1671.00	1672.00	1672.00	1673.00	1673.00	1673.50	1674.00
1481.50	1483.00	1484.50	1485.50	1487.00	1488.50	1489.50	1490.50	1492.50	1493.50	1495.00	1496.00	1497.50	1499.00	1500.50	1501.50	1502.50	1504.00	1505.50	1507.00	1507.00	1508.50	1509.50	1511.00	1512.00	1512.50	1514.00	1515.00	1516.00	1517.00	1517.00	1517.50	1518.00	1518.00	1519.00	1519.00	1520.00	1520.00	1520.50	1521.00	1521.00	1521.00	1521.00	1520.50	1520.00	1520.00	1520.00	1520.00	1520.00	1520.50	1521.00	1521.00	1522.00	1522.00	1522.50	1523.00	1523.50	1524.00	1525.00	1526.50	1528.00	1528.50	1529.50	1530.50	1532.00	1533.50	1535.00	1537.00	1538.50	1539.50	1541.50	1543.50	1544.50	1547.00	1548.00	1550.00	1552.00	1554.00	1555.50	1556.50	1558.00	1560.50	1562.00	1564.00	1565.50	1566.50	1568.50	1570.50	1571.50	1573.00	1574.00	1575.50	1576.00	1577.50	1578.50	1579.50	1581.00	1582.00	1583.00	1584.50	1585.00	1585.50	1587.50	1588.00	1589.00	1590.00	1591.00	1592.00	1593.50	1594.50	1595.00	1596.00	1597.50	1598.00	1599.00	1600.50	1601.00	1602.00	1603.50	1604.50	1605.00	1606.00	1607.50	1609.00	1610.00	1610.50	1611.50	1612.00	1613.50	1614.00	1615.00	1615.50	1616.00	1616.50	1617.50	1618.00	1618.00	1619.00	1619.00	1620.00	1620.00	1620.50	1621.00	1621.00	1622.00	1622.00	1622.00	1622.00	1622.00	1622.00	1622.00	1622.00	1622.00	1622.50	1623.00	1623.00	1623.00	1623.00	1623.00	1623.00	1623.00	1623.00	1624.00	1624.00	1624.00	1625.00	1625.50	1626.00	1627.00	1628.00	1629.00	1629.50	1630.00	1630.50	1632.00	1632.50	1633.00	1634.00	1634.50	1635.00	1636.00	1637.00	1637.50	1638.00	1639.00	1639.00	1640.00	1640.00	1640.50	1641.00	1641.00	1642.00	1642.00	1642.00	1643.00	1643.00	1643.00	1643.00	1643.50	1644.00	1644.00	1644.50	1645.00	1645.50	1646.00	1646.00	1647.00	1647.00	1648.00	1648.50	1649.00	1649.00	1650.00	1650.50	1651.00	1652.00	1653.00	1653.50	1654.50	1655.00	1655.50	1656.00	1657.00	1658.00	1658.00	1659.00	1659.50	1660.00	1660.50	1661.00	1662.00	1662.00	1663.00	1663.00	1664.00	1664.50	1665.00	1665.00	1666.00	1667.00	1667.00	1667.50	1668.00	1668.50	1669.00	1669.50	1670.00	1670.50	1671.00	1671.00	1672.00	1672.00	1673.00	1673.00	1673.50	1674.00
1481.50	1483.00	1484.50	1485.50	1487.00	1488.50	1489.50	1490.50	1492.50	1493.50	1495.00	1496.00	1497.50	1499.00	1500.50	1501.50	1502.50	1504.00	1505.50	1507.00	1507.00	1508.50	1509.50	1511.00	1512.00	1512.50	1514.00	1515.00	1516.00	1517.00	1517.00	1517.50	1518.00	1518.00	1519.00	1519.00	1520.00	1520.00	1520.50	1521.00	1521.00	1521.00	1521.00	1520.50	1520.00	1520.00	1520.00	1520.00	1520.00	1520.50	1521.00	1521.00	1522.00	1522.00	1522.50	1523.00	1523.50	1524.00	1525.00	1526.50	1528.00	1528.50	1529.50	1530.50	1532.00	1533.50	1535.00	1537.00	1538.50	1539.50	1541.50	1543.50	1544.50	1547.00	1548.00	1550.00	1552.00	1554.00	1555.50	1556.50	1558.00	1560.50	1562.00	1564.00	1565.50	1566.50	1568.50	1570.50	1571.50	1573.00	1574.00	1575.50	1576.00	1577.50	1578.50	1579.50	1581.00	1582.00	1583.00	1584.50	1585.00	1585.50	1587.50	1588.00	1589.00	1590.00	1591.00	1592.00	1593.50	1594.50	1595.00	1596.00	1597.50	1598.00	1599.00	1600.50	1601.00	1602.00	1603.50	1604.50	1605.00	1606.00	1607.50	1609.00	1610.00	1610.50	1611.50	1612.00	1613.50	1614.00	1615.00	1615.50	1616.00	1616.50	1617.50	1618.00	1618.00	1619.00	1619.00	1620.00	1620.00	1620.50	1621.00	1621.00	1622.00	1622.00	1622.00	1622.00	1622.00	1622.00	1622.00	1622.00	1622.00	1622.50	1623.00	1623.00	1623.00	1623.00	1623.00	1623.00	1623.00	1623.00	1624.00	1624.00	1624.00	1625.00	1625.50	1626.00	1627.00	1628.00	1629.00	1629.50	1630.00	1630.50	1632.00	1632.50	1633.00	1634.00	1634.50	1635.00	1636.00	1637.00	1637.50	1638.00	1639.00	1639.00	1640.00	1640.00	1640.50	1641.00	1641.00	1642.00	1642.00	1642.00	1643.00	1643.00	1643.00	1643.00	1643.50	1644.00	1644.00	1644.50	1645.00	1645.50	1646.00	1646.00	1647.00	1647.00	1648.00	1648.50	1649.00	1649.00	1650.00	1650.50	1651.00	1652.00	1653.00	1653.50	1654.50	1655.00	1655.50	1656.00	1657.00	1658.00	1658.00	1659.00	1659.50	1660.00	1660.50	1661.00	1662.00	1662.00	1663.00	1663.00	1664.00	1664.50	1665.00	1665.00	1666.00	1667.00	1667.00	1667.50	1668.00	1668.50	1669.00	1669.50	1670.00	1670.50	1671.00	1671.00	1672.00	1672.00	1673.00	1673.00	1673.50	1674.00
1481.50	1483.00	1484.50	1485.50	1487.00	1488.50	1489.50	1490.50	1492.50	1493.50	1495.00	1496.00	1497.50	1499.00	1500.50	1501.50	1502.50	1504.00	1505.50	1507.00	1507.00	1508.50	1509.50	1511.00	1512.00	1512.50	1514.00	1515.00	1516.00	1517.00	1517.00	1517.50	1518.00	1518.00	1519.00	1519.00	1520.00	1520.00	1520.50	1521.00	1521.00	1521.00	1521.00	1520.50	1520.00	1520.00	1520.00	1520.00	1520.00	1520.50	1521.00	1521.00	1522.00	1522.00	1522.50	1523.00	1523.50	1524.00	1525.00	1526.50	1528.00	1528.50	1529.50	1530.50	1532.00	1533.50	1535.00	1537.00	1538.50	1539.50	1541.50	1543.50	1544.50	1547.00	1548.00	1550.00	1552.00	1554.00	1555.50	1556.50	1558.00	1560.50	1562.00	1564.00	1565.50	1566.50	1568.50	1570.50	1571.50	1573.00	1574.00	1575.50	1576.00	1577.50	1578.50	1579.50	1581.00	1582.00	1583.00	1584.50	1585.00	1585.50	1587.50	1588.00	1589.00	1590.00	1591.00	1592.00	1593.50	1594.50	1595.00	1596.00	1597.50	1598.00	1599.00	1600.50	1601.00	1602.00	1603.50	1604.50	1605.00	1606.00	1607.50	1609.00	1610.00	1610.50	1611.50	1612.00	1613.50	1614.00	1615.00	1615.50	1616.00	1616.50	1617.50	1618.00	1618.00	1619.00	1619.00	1620.00	1620.00	1620.50	1621.00	1621.00	1622.00	1622.00	1622.00	1622.00	1622.00	1622.00	1622.00	1622.00	1622.00	1622.50	1623.00	1623.00	1623.00	1623.00	1623.00	1623.00	1623.00	1623.00	1624.00	1624.00	1624.00	1625.00	1625.50	1626.00	1627.00	1628.00	1629.00	1629.50	1630.00	1630.50	1632.00	1632.50	1633.00	1634.00	1634.50	1635.00	1636.00	1637.00	1637.50	1638.00	1639.00	1639.00	1640.00	1640.00	1640.50	1641.00	1641.00	1642.00	1642.00	1642.00	1643.00	1643.00	1643.00	1643.00	1643.50	1644.00	1644.00	1644.50	1645.00	1645.50	1646.00	1646.00	1647.00	1647.00	1648.00	1648.50	1649.00	1649.00	1650.00	1650.50	1651.00	1652.00	1653.00	1653.50	1654.50	1655.00	1655.50	1656.00	1657.00	1658.00	1658.00	1659.00	1659.50	1660.00	1660.50	1661.00	1662.00	1662.00	1663.00	1663.00	1664.00	1664.50	1665.00	1665.00	1666.00	1667.00	1667.00	1667.50	1668.00	1668.50	1669.00	1669.50	1670.00	1670.50	1671.00	1671.00	1672.00	1672.00	1673.00	1673.00	1673.50	1674.00
1481.50	1483.00	1484.50	1485.50	1487.00	1488.50	1489.50	1490.50	1492.50	1493.50	1495.00	1496.00	1497.50	1499.00	1500.50	1501.50	1502.50	1504.00	1505.50	1507.00	1507.00	1508.50	1509.50	1511.00	1512.00	1512.50	1514.00	1515.00	1516.00	1517.00	1517.00	1517.50	1518.00	1518.00	1519.00	1519.00	1520.00	1520.00	1520.50	1521.00	1521.00	1521.00	1521.00	1520.50	1520.00	1520.00	1520.00	1520.00	1520.00	1520.50	1521.00	1521.00	1522.00	1522.00	1522.50	1523.00	1523.50	1524.00	1525.00	1526.50	1528.00	1528.50	1529.50	1530.50	1532.00	1533.50	1535.00	1537.00	1538.50	1539.50	1541.50	1543.50	1544.50	1547.00	1548.00	1550.00	1552.00	1554.00	1555.50	1556.50	1558.00	1560.50	1562.00	1564.00	1565.50	1566.50	1568.50	1570.50	1571.50	1573.00	1574.00	1575.50	1576.00	1577.50	1578.50	1579.50	1581.00	1582.00	1583.00	1584.50	1585.00	1585.50	1587.50	1588.00	1589.00	1590.00	1591.00	1592.00	1593.50	1594.50	1595.00	1596.00	1597.50	1598.00	1599.00	1600.50	1601.00	1602.00	1603.50	1604.50	1605.00	1606.00	1607.50	1609.00	1610.00	1610.50	1611.50	1612.00	1613.50	1614.00	1615.00	1615.50	1616.00	1616.50	1617.50	1618.00	1618.00	1619.00	1619.00	1620.00	1620.00	1620.50	1621.00	1621.00	1622.00	1622.00	1622.00	1622.00	1622.00	1622.00	1622.00	1622.00	1622.00	1622.50	1623.00	1623.00	1623.00	1623.00	1623.00	1623.00	1623.00	1623.00	1624.00	1624.00	1624.00	1625.00	1625.50	1626.00	1627.00	1628.00	1629.00	1629.50	1630.00	1630.50	1632.00	1632.50	1633.00	1634.00	1634.50	1635.00	1636.00	1637.00	1637.50	1638.00	1639.00	1639.00	1640.00	1640.00	1640.50	1641.00	1641.00	1642.00	1642.00	1642.00	1643.00	1643.00	1643.00	1643.00	1643.50	1644.00	1644.00	1644.50	1645.00	1645.50	1646.00	1646.00	1647.00	1647.00	1648.00	1648.50	1649.00	1649.00	1650.00	1650.50	1651.00	1652.00	1653.00	1653.50	1654.50	1655.00	1655.50	1656.00	1657.00	1658.00	1658.00	1659.00	1659.50	1660.00	1660.50	1661.00	1662.00	1662.00	1663.00	1663.00	1664.00	1664.50	1665.00	1665.00	1666.00	1667.00	1667.00	1667.50	1668.00	1668.50	1669.00	1669.50	1670.00	1670.50	1671.00	1671.00	1672.00	1672.00	1673.00	1673.00	1673.50	1674.00
1481.50	1483.00	1484.50	1485.50	1487.00	1488.50	1489.50	1490.50	1492.50	1493.50	1495.00	1496.00	1497.50	1499.00	1500.50	1501.50	1502.50	1504.00	1505.50	1507.00	1507.00	1508.50	1509.50	1511.00	1512.00	1512.50	1514.00	1515.00	1516.00	1517.00	1517.00	1517.50	1518.00	1518.00	1519.00	1519.00	1520.00	1520.00	1520.50	1521.00	1521.00	1521.00	1521.00	1520.50	1520.00	1520.00	1520.00	1520.00	1520.00	1520.50	1521.00	1521.00	1522.00	1522.00	1522.50	1523.00	1523.50	1524.00	1525.00	1526.50	1528.00	1528.50	1529.50	1530.50	1532.00	1533.50	1535.00	1537.00	1538.50	1539.50	1541.50	1543.50	1544.50	1547.00	1548.00	1550.00	1552.00	1554.00	1555.50	1556.50	1558.00	1560.50	1562.00	1564.00	1565.50	1566.50	1568.50	1570.50	1571.50	1573.00	1574.00	1575.50	1576.00	1577.50	1578.50	1579.50	1581.00	1582.00	1583.00	1584.50	1585.00	1585.50	1587.50	1588.00	1589.00	1590.00	1591.00	1592.00	1593.50	1594.50	1595.00	1596.00	1597.50	1598.00	1599.00	1600.50	1601.00	1602.00	1603.50	1604.50	1605.00	1606.00	1607.50	1609.00	1610.00	1610.50	1611.50	1612.00	1613.50	1614.00	1615.00	1615.50	1616.00	1616.50	1617.50	1618.00	1618.00	1619.00	1619.00	1620.00	1620.00	1620.50	1621.00	1621.00	1622.00	1622.00	1622.00	1622.00	1622.00	1622.00	1622.00	1622.00	1622.00	1622.50	1623.00	1623.00	1623.00	1623.00	1623.00	1623.00	1623.00	1623.00	1624.00	1624.00	1624.00	1625.00	1625.50	1626.00	1627.00	1628.00	1629.00	1629.50	1630.00	1630.50	1632.00	1632.50	1633.00	1634.00	1634.50	1635.00	1636.00	1637.00	1637.50	1638.00	1639.00	1639.00	1640.00	1640.00	1640.50	1641.00	1641.00	1642.00	1642.00	1642.00	1643.00	1643.00	1643.00	1643.00	1643.50	1644.00	1644.00	1644.50	1645.00	1645.50	1646.00	1646.00	1647.00	1647.00	1648.00	1648.50	1649.00	1649.00	1650.00	1650.50	1651.00	1652.00	1653.00	1653.50	1654.50	1655.00	1655.50	1656.00	1657.00	1658.00	1658.00	1659.00	1659.50	1660.00	1660.50	1661.00	1662.00	1662.00	1663.00	1663.00	1664.00	1664.50	1665.00	1665.00	1666.00	1667.00	1667.00	1667.50	1668.00	1668.50	1669.00	1669.50	1670.00	1670.50	1671.00	1671.00	1672.00	1672.00	1673.00	1673.00	1673.50	1674.00
1481.50	1483.00	1484.50	1485.50	1487.00	1488.50	1489.50	1490.50	1492.50	1493.50	1495.00	1496.00	1497.50	1499.00	1500.50	1501.50	1502.50	1504.00	1505.50	1507.00	1507.00	1508.50	1509.50	1511.00	1512.00	1512.50	1514.00	1515.00	1516.00	1517.00	1517.00	1517.50	1518.00	1518.00	1519.00	1519.00	1520.00	1520.00	1520.50	1521.00	1521.00	1521.00	1521.00	1520.50	1520.00	1520.00	1520.00	1520.00	1520.00	1520.50	1521.00	1521.00	1522.00	1522.00	1522.50	1523.00	1523.50	1524.00	1525.00	1526.50	1528.00	1528.50	1529.50	1530.50	1532.00	1533.50	1535.00	1537.00	1538.50	1539.50	1541.50	1543.50	1544.50	1547.00	1548.00	1550.00	1552.00	1554.00	1555.50	1556.50	1558.00	1560.50	1562.00	1564.00	1565.50	1566.50	1568.50	1570.50	1571.50	1573.00	1574.00	1575.50	1576.00	1577.50	1578.50	1579.50	1581.00	1582.00	1583.00	1584.50	1585.00	1585.50	1587.50	1588.00	1589.00	1590.00	1591.00	1592.00	1593.50	1594.50	1595.00	1596.00	1597.50	1598.00	1599.00	1600.50	1601.00	1602.00	1603.50	1604.50	1605.00	1606.00	1607.50	1609.00	1610.00	1610.50	1611.50	1612.00	1613.50	1614.00	1615.00	1615.50	1616.00	1616.50	1617.50	1618.00	1618.00	1619.00	1619.00	1620.00	1620.00	1620.50	1621.00	1621.00	1622.00	1622.00	1622.00	1622.00	1622.00	1622.00	1622.00	1622.00	1622.00	1622.50	1623.00	1623.00	1623.00	1623.00	1623.00	1623.00	1623.00	1623.00	1624.00	1624.00	1624.00	1625.00	1625.50	1626.00	1627.00	1628.00	1629.00	1629.50	1630.00	1630.50	1632.00	1632.50	1633.00	1634.00	1634.50	1635.00	1636.00	1637.00	1637.50	1638.00	1639.00	1639.00	1640.00	1640.00	1640.50	1641.00	1641.00	1642.00	1642.00	1642.00	1643.00	1643.00	1643.00	1643.00	1643.50	1644.00	1644.00	1644.50	1645.00	1645.50	1646.00	1646.00	1647.00	1647.00	1648.00	1648.50	1649.00	1649.00	1650.00	1650.50	1651.00	1652.00	1653.00	1653.50	1654.50	1655.00	1655.50	1656.00	1657.00	1658.00	1658.00	1659.00	1659.50	1660.00	1660.50	1661.00	1662.00	1662.00	1663.00	1663.00	1664.00	1664.50	1665.00	1665.00	1666.00	1667.00	1667.00	1667.50	1668.00	1668.50	1669.00	1669.50	1670.00	1670.50	1671.00	1671.00	1672.00	1672.00	1673.00	1673.00	1673.50	1674.00
1484.50	1486.00	1487.50	1488.50	1490.00	1491.50	1492.50	1493.50	1495.50	1496.50	1498.00	1499.00	1500.50	1502.00	1503.50	1504.50	1505.50	1507.00	1508.50	1509.50	1510.00	1511.50	1512.50	1513.75	1514.75	1515.50	1516.50	1517.50	1518.00	1519.00	1519.00	1519.50	1520.00	1520.00	1521.00	1521.00	1521.50	1522.00	1522.25	1522.50	1522.50	1522.50	1522.50	1522.25	1522.00	1522.00	1522.00	1522.25	1522.50	1522.75	1523.00	1523.50	1524.00	1524.00	1524.50	1525.25	1526.00	1527.00	1527.50	1529.00	1530.50	1531.50	1532.25	1533.00	1534.50	1536.25	1538.00	1539.50	1541.00	1542.00	1544.00	1546.00	1547.00	1549.50	1550.50	1552.50	1554.50	1556.25	1557.75	1559.00	1560.50	1563.00	1564.50	1566.50	1568.00	1569.00	1570.75	1572.50	1573.50	1575.00	1576.00	1577.50	1578.50	1580.00	1580.75	1581.50	1583.00	1584.00	1585.00	1586.50	1587.25	1587.75	1589.50	1590.25	1591.00	1592.00	1593.00	1594.00	1595.25	1596.00	1596.75	1597.50	1599.00	1600.00	1600.50	1602.00	1602.75	1603.75	1605.00	1606.00	1607.00	1608.00	1609.00	1610.50	1611.25	1611.75	1612.50	1613.00	1614.25	1615.00	1616.00	1616.50	1617.00	1617.50	1618.25	1618.75	1619.00	1620.00	1620.25	1621.00	1621.50	1622.00	1622.50	1622.50	1622.75	1622.50	1622.50	1622.50	1622.50	1622.25	1622.00	1622.00	1622.00	1622.75	1623.00	1623.00	1623.00	1623.00	1623.00	1623.00	1623.50	1623.50	1624.50	1624.75	1625.00	1626.00	1626.50	1627.00	1628.00	1628.75	1629.50	1630.50	1631.25	1631.75	1633.00	1634.00	1634.50	1635.50	1636.25	1636.75	1637.75	1638.75	1639.25	1639.50	1640.50	1640.75	1641.50	1642.00	1642.50	1643.00	1643.00	1643.50	1644.00	1644.00	1644.50	1644.50	1644.50	1644.50	1644.75	1645.00	1645.00	1645.25	1646.00	1646.25	1646.50	1646.50	1647.00	1647.25	1648.00	1648.50	1649.00	1649.25	1650.00	1650.50	1651.00	1652.00	1652.75	1653.25	1654.50	1655.00	1655.50	1656.00	1657.25	1658.00	1658.50	1659.25	1660.00	1660.75	1661.25	1661.75	1663.00	1663.00	1664.00	1664.50	1665.25	1665.75	1666.25	1666.50	1667.25	1668.00	1668.50	1668.75	1669.25	1669.75	1670.25	1670.75	1671.00	1671.75	1672.00	1672.50	1673.00	1673.00	1674.00	1674.00	1674.25	1675.00