1219.50	1243.00	1264.00	1285.00	1301.00	1324.00	1339.50	1361.00	1381.50	1394.50	1415.00	1437.50	1451.00	1461.00	1477.50	1486.50	1500.00	1508.00	1518.50	1529.00	1539.00	1545.00	1551.00	1559.00	1566.50	1574.00	1579.00	1586.00	1590.00	1596.50	1603.00	1607.50	1614.00	1617.00	1618.00	1621.00	1626.00	1630.00	1634.00	1642.00	1646.00	1652.00	1656.00	1662.00	1666.00	1673.50	1677.00	1680.50	1685.00	1688.50	1693.00	1695.00	1699.00	1701.00	1704.00	1707.00	1708.50	1709.00	1710.00	1710.00	1710.00	1710.00	1709.50	1708.00	1707.00	1704.50	1702.00	1699.00	1697.00	1695.00	1691.00	1688.00	1685.00	1684.00	1681.00	1679.00	1676.00	1673.50	1672.00	1669.00	1667.00	1665.50	1664.00	1659.00	1655.00	1651.50	1649.00	1648.00	1648.00	1648.00	1646.50	1645.50	1644.00	1642.50	1641.50	1641.00	1641.00	1640.00	1640.00	1640.00	1640.50	1641.00	1641.00	1641.00	1642.00	1642.00	1642.50	1643.00	1643.50	1644.00	1644.00	1645.00	1645.00	1645.00	1646.00	1646.50	1647.00	1647.00	1647.50	1648.00	1649.00	1650.50	1651.00	1651.00	1651.50	1652.00	1653.00	1653.00	1654.50	1656.00	1659.00	1661.00	1663.00	1664.00	1662.00	1661.00	1661.00	1661.50	1662.00	1662.50	1663.00	1663.50	1664.00	1664.00	1665.00	1665.00	1666.00	1666.00	1666.50	1667.00	1667.00	1668.00	1668.00	1669.50	1670.50	1672.50	1676.50	1681.00	1687.00	1690.00	1693.00	1695.00	1699.00	1701.50	1705.00	1709.00	1711.00	1714.00	1718.00	1720.00	1722.00	1726.00	1727.50	1729.00	1730.00	1731.50	1734.00	1739.00	1741.00	1739.50	1735.00	1730.00	1724.00	1719.00	1711.00	1705.00	1695.00	1684.50	1677.50	1666.00	1658.00	1647.50	1637.00	1626.50	1620.00	1613.50	1604.00	1585.50	1563.00	1553.00	1546.00	1541.00	1529.00	1524.00	1520.50	1516.00	1510.50	1505.50	1499.00	1492.00	1487.50	1480.00	1474.00	1465.00	1455.00	1447.00	1442.50	1438.50	1434.00	1433.00	1435.00	1436.00	1440.00	1445.00	1453.00	1458.50	1464.00	1472.00	1478.50	1485.00	1489.00	1495.00	1499.00	1506.00	1514.00	1520.00	1528.00	1534.00	1547.00	1562.00	1576.00	1584.50	1593.50	1607.00	1621.00	1635.00	1645.00	1660.00	1670.00	1685.00	1700.00	1710.00	1725.00	1735.00	1756.50	1782.00
1203.00	1227.50	1250.50	1273.50	1289.50	1313.50	1329.50	1353.00	1380.25	1400.00	1424.00	1436.75	1445.50	1454.50	1472.50	1481.50	1495.00	1503.50	1514.25	1525.00	1535.25	1541.50	1547.50	1555.50	1563.00	1570.50	1575.00	1582.00	1586.00	1592.50	1599.00	1603.25	1609.50	1612.50	1614.50	1618.00	1623.25	1627.00	1631.25	1639.50	1643.50	1649.50	1653.50	1659.50	1663.50	1671.25	1674.75	1678.00	1682.50	1686.50	1690.50	1693.00	1696.50	1698.50	1701.50	1704.00	1705.25	1706.00	1706.50	1706.50	1706.50	1705.75	1705.00	1703.50	1702.50	1700.25	1697.50	1694.25	1692.00	1690.00	1686.00	1683.00	1680.00	1679.00	1676.00	1674.00	1671.00	1668.25	1666.75	1664.00	1662.00	1660.50	1659.00	1654.50	1650.50	1647.25	1644.50	1642.75	1642.00	1641.00	1639.50	1638.50	1637.25	1636.00	1635.00	1634.50	1634.00	1633.50	1633.00	1633.00	1633.25	1633.50	1633.50	1633.50	1634.50	1634.50	1634.75	1635.00	1635.75	1636.25	1636.50	1637.50	1637.50	1637.50	1638.50	1638.75	1639.00	1639.50	1640.00	1640.50	1641.50	1642.50	1643.00	1643.25	1643.50	1643.50	1644.50	1644.50	1646.00	1647.50	1650.00	1651.75	1653.50	1654.50	1653.25	1652.50	1652.50	1653.25	1653.50	1654.00	1654.50	1655.00	1655.50	1655.50	1656.50	1657.00	1657.50	1657.75	1658.50	1659.00	1660.25	1661.50	1662.00	1663.50	1664.25	1666.25	1669.75	1674.00	1679.50	1682.50	1685.50	1687.50	1691.00	1693.25	1696.50	1700.50	1702.50	1705.50	1709.00	1711.50	1714.50	1720.25	1722.00	1723.00	1724.00	1724.75	1726.50	1730.25	1731.50	1730.00	1725.50	1720.50	1714.00	1709.00	1701.00	1695.00	1684.75	1673.75	1666.25	1654.00	1645.50	1633.75	1622.50	1611.50	1604.50	1597.50	1587.50	1571.00	1551.00	1542.00	1534.75	1529.75	1518.25	1513.25	1509.50	1505.00	1500.00	1496.00	1490.00	1483.25	1478.50	1470.50	1464.00	1454.00	1443.00	1434.50	1429.25	1425.00	1420.75	1420.00	1422.50	1424.50	1429.75	1436.50	1445.25	1451.50	1457.50	1465.50	1472.50	1478.50	1482.00	1488.00	1492.00	1499.00	1506.50	1511.75	1519.50	1525.00	1536.75	1550.50	1564.00	1572.50	1581.50	1594.50	1608.25	1622.50	1632.00	1646.50	1656.50	1671.25	1686.00	1696.50	1713.50	1725.00	1746.75	1771.50
1186.50	1212.00	1237.00	1262.00	1278.00	1303.00	1319.50	1345.00	1379.00	1405.50	1433.00	1436.00	1440.00	1448.00	1467.50	1476.50	1490.00	1499.00	1510.00	1521.00	1531.50	1538.00	1544.00	1552.00	1559.50	1567.00	1571.00	1578.00	1582.00	1588.50	1595.00	1599.00	1605.00	1608.00	1611.00	1615.00	1620.50	1624.00	1628.50	1637.00	1641.00	1647.00	1651.00	1657.00	1661.00	1669.00	1672.50	1675.50	1680.00	1684.50	1688.00	1691.00	1694.00	1696.00	1699.00	1701.00	1702.00	1703.00	1703.00	1703.00	1703.00	1701.50	1700.50	1699.00	1698.00	1696.00	1693.00	1689.50	1687.00	1685.00	1681.00	1678.00	1675.00	1674.00	1671.00	1669.00	1666.00	1663.00	1661.50	1659.00	1657.00	1655.50	1654.00	1650.00	1646.00	1643.00	1640.00	1637.50	1636.00	1634.00	1632.50	1631.50	1630.50	1629.50	1628.50	1628.00	1627.00	1627.00	1626.00	1626.00	1626.00	1626.00	1626.00	1626.00	1627.00	1627.00	1627.00	1627.00	1628.00	1628.50	1629.00	1630.00	1630.00	1630.00	1631.00	1631.00	1631.00	1632.00	1632.50	1633.00	1634.00	1634.50	1635.00	1635.50	1635.50	1635.00	1636.00	1636.00	1637.50	1639.00	1641.00	1642.50	1644.00	1645.00	1644.50	1644.00	1644.00	1645.00	1645.00	1645.50	1646.00	1646.50	1647.00	1647.00	1648.00	1649.00	1649.00	1649.50	1650.50	1651.00	1653.50	1655.00	1656.00	1657.50	1658.00	1660.00	1663.00	1667.00	1672.00	1675.00	1678.00	1680.00	1683.00	1685.00	1688.00	1692.00	1694.00	1697.00	1700.00	1703.00	1707.00	1714.50	1716.50	1717.00	1718.00	1718.00	1719.00	1721.50	1722.00	1720.50	1716.00	1711.00	1704.00	1699.00	1691.00	1685.00	1674.50	1663.00	1655.00	1642.00	1633.00	1620.00	1608.00	1596.50	1589.00	1581.50	1571.00	1556.50	1539.00	1531.00	1523.50	1518.50	1507.50	1502.50	1498.50	1494.00	1489.50	1486.50	1481.00	1474.50	1469.50	1461.00	1454.00	1443.00	1431.00	1422.00	1416.00	1411.50	1407.50	1407.00	1410.00	1413.00	1419.50	1428.00	1437.50	1444.50	1451.00	1459.00	1466.50	1472.00	1475.00	1481.00	1485.00	1492.00	1499.00	1503.50	1511.00	1516.00	1526.50	1539.00	1552.00	1560.50	1569.50	1582.00	1595.50	1610.00	1619.00	1633.00	1643.00	1657.50	1672.00	1683.00	1702.00	1715.00	1737.00	1761.00
1146.00	1175.00	1209.00	1243.00	1266.00	1299.00	1320.00	1351.00	1388.50	1416.00	1440.00	1427.50	1424.00	1430.50	1453.00	1462.50	1477.00	1485.00	1498.00	1510.00	1520.50	1527.50	1533.50	1542.00	1549.00	1556.00	1561.00	1567.00	1571.50	1578.00	1584.50	1589.00	1595.00	1599.00	1603.50	1609.00	1615.00	1619.50	1624.00	1632.50	1637.00	1643.00	1647.00	1653.00	1657.00	1665.00	1668.50	1671.50	1676.00	1679.50	1684.00	1686.00	1688.50	1690.00	1693.00	1694.50	1695.50	1696.00	1696.00	1696.00	1695.50	1693.50	1692.50	1691.00	1690.00	1686.50	1683.00	1679.00	1676.50	1674.00	1671.00	1668.00	1665.00	1663.00	1660.00	1658.50	1656.00	1652.50	1650.50	1648.00	1647.00	1645.00	1642.00	1639.50	1637.00	1635.00	1631.00	1627.50	1622.00	1619.00	1617.00	1616.50	1615.50	1615.00	1614.50	1614.00	1613.00	1612.00	1612.00	1612.00	1612.00	1611.50	1610.50	1610.00	1610.00	1610.00	1611.00	1611.00	1611.50	1612.50	1613.50	1614.00	1614.00	1614.00	1614.50	1615.00	1615.00	1616.00	1617.00	1618.00	1617.00	1617.00	1617.00	1617.50	1617.50	1617.00	1617.00	1618.00	1618.50	1620.00	1622.50	1623.00	1623.50	1624.00	1625.00	1626.00	1626.00	1626.50	1627.00	1627.50	1628.00	1627.50	1628.00	1629.00	1629.50	1630.00	1631.00	1631.50	1632.50	1635.00	1639.50	1643.00	1644.00	1645.50	1646.50	1648.50	1650.50	1653.00	1656.00	1658.00	1661.00	1663.00	1666.00	1667.50	1670.00	1673.00	1675.00	1677.00	1680.00	1683.50	1689.50	1703.00	1705.00	1705.00	1705.00	1705.00	1704.00	1702.00	1700.00	1698.00	1694.00	1688.50	1682.00	1677.00	1668.00	1661.50	1650.50	1639.00	1630.00	1616.00	1606.00	1591.00	1576.00	1563.50	1555.00	1547.00	1536.00	1525.00	1515.00	1508.00	1500.00	1494.00	1482.50	1477.50	1473.50	1469.00	1464.50	1461.50	1457.00	1450.00	1445.00	1435.00	1428.00	1416.00	1404.00	1394.50	1389.00	1384.00	1380.50	1380.50	1386.00	1390.00	1399.00	1411.00	1422.00	1430.00	1437.50	1446.00	1453.00	1457.00	1460.00	1465.00	1469.00	1474.50	1479.50	1483.00	1489.00	1493.00	1502.00	1512.00	1523.50	1532.00	1540.50	1554.00	1567.50	1581.00	1590.00	1603.00	1611.00	1624.00	1637.50	1649.00	1675.00	1693.00	1715.00	1733.00
1129.00	1159.00	1198.75	1241.00	1273.00	1318.00	1342.50	1376.00	1390.75	1394.75	1400.50	1405.25	1410.25	1420.00	1443.25	1453.50	1468.50	1477.50	1490.25	1502.50	1513.50	1520.50	1526.75	1535.50	1543.00	1550.50	1555.50	1561.75	1566.50	1573.25	1580.00	1584.50	1590.50	1594.50	1599.25	1604.50	1611.00	1615.50	1620.00	1628.75	1633.25	1640.00	1644.00	1650.00	1654.25	1662.75	1666.50	1669.25	1673.00	1676.25	1680.00	1682.00	1685.25	1686.75	1689.50	1691.00	1691.75	1692.50	1692.25	1691.75	1691.25	1689.25	1688.00	1686.50	1685.00	1681.75	1678.00	1673.50	1670.50	1667.75	1664.50	1662.00	1658.50	1656.50	1653.50	1651.50	1648.75	1646.00	1644.25	1641.50	1640.00	1637.25	1633.50	1630.75	1628.75	1627.00	1623.00	1619.50	1614.50	1611.50	1609.25	1608.50	1607.75	1607.75	1607.75	1607.00	1606.00	1605.00	1604.50	1604.25	1604.00	1603.75	1602.50	1602.00	1602.00	1601.50	1602.00	1602.00	1602.50	1603.25	1603.75	1604.00	1604.00	1604.50	1604.75	1605.25	1606.00	1607.00	1607.50	1608.00	1607.00	1606.50	1606.50	1606.75	1607.00	1607.00	1607.00	1607.50	1608.25	1610.50	1613.00	1613.75	1614.50	1615.50	1616.00	1616.50	1616.50	1617.00	1617.50	1618.00	1618.75	1618.75	1619.00	1620.00	1620.50	1621.00	1621.75	1622.25	1623.00	1626.00	1631.25	1635.00	1636.00	1637.00	1638.00	1640.25	1642.25	1644.50	1647.50	1649.25	1652.00	1654.00	1657.50	1659.25	1662.00	1665.00	1666.75	1669.00	1671.75	1674.75	1680.75	1694.00	1696.50	1697.50	1698.00	1698.75	1698.50	1696.75	1695.00	1693.00	1689.00	1683.25	1677.00	1672.00	1662.25	1655.50	1644.50	1633.00	1624.25	1610.50	1600.00	1582.25	1566.00	1552.25	1543.00	1534.25	1521.50	1510.25	1499.50	1492.50	1482.50	1475.75	1463.25	1458.00	1453.75	1449.00	1444.50	1441.50	1436.50	1429.75	1424.75	1415.00	1408.50	1398.25	1388.00	1379.50	1374.50	1370.25	1367.25	1367.75	1374.00	1378.50	1388.75	1401.50	1413.50	1421.75	1429.50	1438.00	1444.50	1447.50	1449.50	1452.75	1455.25	1459.25	1463.50	1466.75	1472.50	1476.50	1485.00	1495.00	1506.75	1515.75	1524.75	1538.50	1552.50	1566.00	1575.00	1587.25	1594.75	1607.25	1620.50	1632.25	1659.50	1679.00	1702.00	1721.00
1112.00	1143.00	1188.50	1239.00	1280.00	1337.00	1365.00	1401.00	1393.00	1373.50	1361.00	1383.00	1396.50	1409.50	1433.50	1444.50	1460.00	1470.00	1482.50	1495.00	1506.50	1513.50	1520.00	1529.00	1537.00	1545.00	1550.00	1556.50	1561.50	1568.50	1575.50	1580.00	1586.00	1590.00	1595.00	1600.00	1607.00	1611.50	1616.00	1625.00	1629.50	1637.00	1641.00	1647.00	1651.50	1660.50	1664.50	1667.00	1670.00	1673.00	1676.00	1678.00	1682.00	1683.50	1686.00	1687.50	1688.00	1689.00	1688.50	1687.50	1687.00	1685.00	1683.50	1682.00	1680.00	1677.00	1673.00	1668.00	1664.50	1661.50	1658.00	1656.00	1652.00	1650.00	1647.00	1644.50	1641.50	1639.50	1638.00	1635.00	1633.00	1629.50	1625.00	1622.00	1620.50	1619.00	1615.00	1611.50	1607.00	1604.00	1601.50	1600.50	1600.00	1600.50	1601.00	1600.00	1599.00	1598.00	1597.00	1596.50	1596.00	1596.00	1594.50	1594.00	1594.00	1593.00	1593.00	1593.00	1593.50	1594.00	1594.00	1594.00	1594.00	1595.00	1595.00	1595.50	1597.00	1598.00	1598.00	1598.00	1597.00	1596.00	1596.00	1596.00	1596.50	1597.00	1597.00	1597.00	1598.00	1601.00	1603.50	1604.50	1605.50	1607.00	1607.00	1607.00	1607.00	1607.50	1608.00	1608.50	1609.50	1610.00	1610.00	1611.00	1611.50	1612.00	1612.50	1613.00	1613.50	1617.00	1623.00	1627.00	1628.00	1628.50	1629.50	1632.00	1634.00	1636.00	1639.00	1640.50	1643.00	1645.00	1649.00	1651.00	1654.00	1657.00	1658.50	1661.00	1663.50	1666.00	1672.00	1685.00	1688.00	1690.00	1691.00	1692.50	1693.00	1691.50	1690.00	1688.00	1684.00	1678.00	1672.00	1667.00	1656.50	1649.50	1638.50	1627.00	1618.50	1605.00	1594.00	1573.50	1556.00	1541.00	1531.00	1521.50	1507.00	1495.50	1484.00	1477.00	1465.00	1457.50	1444.00	1438.50	1434.00	1429.00	1424.50	1421.50	1416.00	1409.50	1404.50	1395.00	1389.00	1380.50	1372.00	1364.50	1360.00	1356.50	1354.00	1355.00	1362.00	1367.00	1378.50	1392.00	1405.00	1413.50	1421.50	1430.00	1436.00	1438.00	1439.00	1440.50	1441.50	1444.00	1447.50	1450.50	1456.00	1460.00	1468.00	1478.00	1490.00	1499.50	1509.00	1523.00	1537.50	1551.00	1560.00	1571.50	1578.50	1590.50	1603.50	1615.50	1644.00	1665.00	1689.00	1709.00
1059.50	1085.00	1146.50	1206.00	1243.00	1290.00	1298.50	1298.00	1310.00	1322.50	1342.00	1363.00	1377.00	1391.50	1419.00	1430.00	1444.00	1454.00	1466.50	1480.00	1492.50	1500.50	1507.00	1515.00	1524.00	1533.00	1538.00	1545.50	1550.50	1558.00	1565.50	1570.00	1576.00	1580.00	1585.50	1591.00	1598.00	1602.00	1606.50	1616.50	1621.50	1629.00	1634.00	1641.50	1646.50	1655.50	1659.50	1661.50	1663.00	1665.50	1669.00	1671.00	1674.00	1675.50	1677.00	1679.00	1679.50	1680.00	1680.00	1679.50	1679.00	1676.50	1675.00	1673.00	1671.00	1667.50	1664.00	1659.00	1655.00	1651.50	1647.00	1643.00	1639.00	1637.00	1634.00	1632.00	1629.00	1626.00	1624.50	1622.00	1620.00	1617.00	1614.00	1610.00	1608.00	1606.00	1603.00	1599.50	1595.00	1592.00	1589.50	1588.50	1587.50	1586.50	1586.00	1585.00	1585.00	1584.00	1584.00	1583.00	1583.00	1582.50	1580.50	1580.00	1579.00	1579.00	1578.00	1578.00	1578.00	1578.00	1578.00	1578.00	1578.00	1578.00	1578.00	1578.50	1579.00	1580.00	1580.00	1580.00	1579.00	1579.00	1579.00	1579.00	1579.00	1579.00	1579.00	1579.00	1580.00	1582.00	1585.00	1586.00	1586.50	1588.00	1588.50	1589.00	1590.00	1590.00	1590.50	1591.50	1592.00	1592.00	1593.00	1593.00	1594.00	1595.00	1595.50	1596.50	1597.00	1600.00	1605.50	1610.00	1611.00	1612.50	1613.50	1615.00	1617.00	1619.00	1622.00	1624.50	1626.00	1628.00	1630.50	1632.00	1634.00	1636.50	1638.00	1640.00	1642.50	1645.00	1650.00	1661.00	1663.50	1665.00	1667.00	1668.50	1669.00	1667.50	1666.00	1663.50	1660.00	1654.00	1648.00	1643.00	1634.00	1627.50	1616.50	1604.50	1596.00	1583.00	1573.00	1555.00	1538.00	1522.00	1511.00	1498.00	1478.00	1459.00	1440.00	1428.00	1411.00	1399.50	1379.50	1371.00	1364.50	1356.00	1351.00	1348.50	1345.00	1341.00	1339.00	1336.00	1334.00	1333.00	1332.00	1330.00	1328.00	1327.00	1327.50	1330.00	1338.00	1345.00	1357.50	1372.00	1385.50	1394.50	1402.00	1409.00	1414.50	1414.00	1413.00	1412.00	1411.50	1412.00	1414.00	1416.50	1422.00	1426.00	1434.50	1444.00	1458.00	1468.00	1478.50	1495.00	1512.00	1526.00	1536.00	1547.50	1554.00	1565.50	1578.00	1589.00	1615.00	1634.00	1660.50	1686.00
1048.00	1073.50	1132.50	1189.00	1224.50	1269.25	1279.50	1282.50	1298.00	1312.50	1334.00	1355.00	1369.00	1383.25	1410.25	1421.50	1436.50	1446.50	1459.50	1473.00	1484.50	1492.00	1498.75	1507.50	1516.50	1525.00	1531.00	1539.50	1545.25	1552.75	1560.00	1564.75	1571.00	1575.00	1580.75	1586.50	1593.50	1597.75	1602.50	1612.50	1617.50	1625.00	1630.00	1637.75	1642.75	1652.00	1655.75	1657.50	1659.00	1661.50	1665.00	1667.00	1669.75	1671.25	1673.00	1674.25	1674.75	1675.50	1675.25	1674.50	1673.75	1671.25	1669.75	1667.50	1665.50	1662.00	1658.50	1653.50	1649.50	1645.75	1641.00	1637.00	1633.00	1631.00	1628.00	1626.00	1623.00	1620.00	1618.25	1615.50	1613.50	1610.25	1606.50	1603.00	1601.00	1599.00	1596.00	1592.75	1588.50	1585.50	1583.00	1582.00	1580.75	1579.50	1579.00	1578.00	1578.00	1576.50	1576.50	1575.25	1574.75	1574.25	1572.75	1572.50	1571.50	1571.50	1570.50	1570.50	1570.25	1569.75	1569.50	1569.50	1570.00	1569.50	1569.25	1569.25	1569.50	1570.00	1569.50	1569.50	1569.00	1568.75	1568.50	1568.50	1568.50	1568.50	1568.50	1568.50	1569.75	1572.50	1575.50	1576.75	1577.50	1578.50	1579.25	1580.00	1580.50	1581.00	1581.50	1582.50	1583.00	1583.00	1583.50	1584.00	1584.75	1585.50	1586.25	1586.75	1587.25	1590.00	1596.50	1601.50	1602.00	1603.00	1604.00	1605.75	1607.50	1609.50	1612.00	1614.00	1616.00	1617.50	1620.00	1621.50	1624.00	1626.25	1627.75	1630.00	1632.00	1634.25	1639.00	1649.75	1651.75	1653.00	1654.00	1655.50	1656.00	1655.00	1653.75	1651.75	1648.50	1643.00	1637.00	1632.00	1623.00	1616.75	1606.00	1594.25	1585.75	1572.50	1562.50	1544.25	1526.50	1508.75	1496.25	1482.00	1460.00	1437.50	1415.00	1400.00	1379.00	1365.50	1342.25	1332.25	1324.50	1314.50	1308.25	1305.50	1302.50	1301.25	1301.00	1301.50	1302.00	1304.75	1307.50	1308.50	1308.25	1308.75	1312.00	1315.25	1324.00	1331.00	1344.25	1359.00	1372.75	1381.50	1389.00	1396.50	1401.50	1401.00	1399.50	1397.75	1396.75	1397.00	1398.75	1401.00	1407.00	1411.00	1420.75	1431.50	1445.75	1456.00	1466.50	1483.00	1499.75	1514.50	1525.00	1536.00	1542.00	1553.00	1564.75	1575.50	1601.00	1620.00	1646.50	1672.00
1036.50	1062.00	1118.50	1172.00	1206.00	1248.50	1260.50	1267.00	1286.00	1302.50	1326.00	1347.00	1361.00	1375.00	1401.50	1413.00	1429.00	1439.00	1452.50	1466.00	1476.50	1483.50	1490.50	1500.00	1509.00	1517.00	1524.00	1533.50	1540.00	1547.50	1554.50	1559.50	1566.00	1570.00	1576.00	1582.00	1589.00	1593.50	1598.50	1608.50	1613.50	1621.00	1626.00	1634.00	1639.00	1648.50	1652.00	1653.50	1655.00	1657.50	1661.00	1663.00	1665.50	1667.00	1669.00	1669.50	1670.00	1671.00	1670.50	1669.50	1668.50	1666.00	1664.50	1662.00	1660.00	1656.50	1653.00	1648.00	1644.00	1640.00	1635.00	1631.00	1627.00	1625.00	1622.00	1620.00	1617.00	1614.00	1612.00	1609.00	1607.00	1603.50	1599.00	1596.00	1594.00	1592.00	1589.00	1586.00	1582.00	1579.00	1576.50	1575.50	1574.00	1572.50	1572.00	1571.00	1571.00	1569.00	1569.00	1567.50	1566.50	1566.00	1565.00	1565.00	1564.00	1564.00	1563.00	1563.00	1562.50	1561.50	1561.00	1561.00	1562.00	1561.00	1560.50	1560.00	1560.00	1560.00	1559.00	1559.00	1559.00	1558.50	1558.00	1558.00	1558.00	1558.00	1558.00	1558.00	1559.50	1563.00	1566.00	1567.50	1568.50	1569.00	1570.00	1571.00	1571.00	1572.00	1572.50	1573.50	1574.00	1574.00	1574.00	1575.00	1575.50	1576.00	1577.00	1577.00	1577.50	1580.00	1587.50	1593.00	1593.00	1593.50	1594.50	1596.50	1598.00	1600.00	1602.00	1603.50	1606.00	1607.00	1609.50	1611.00	1614.00	1616.00	1617.50	1620.00	1621.50	1623.50	1628.00	1638.50	1640.00	1641.00	1641.00	1642.50	1643.00	1642.50	1641.50	1640.00	1637.00	1632.00	1626.00	1621.00	1612.00	1606.00	1595.50	1584.00	1575.50	1562.00	1552.00	1533.50	1515.00	1495.50	1481.50	1466.00	1442.00	1416.00	1390.00	1372.00	1347.00	1331.50	1305.00	1293.50	1284.50	1273.00	1265.50	1262.50	1260.00	1261.50	1263.00	1267.00	1270.00	1276.50	1283.00	1287.00	1288.50	1290.50	1296.50	1300.50	1310.00	1317.00	1331.00	1346.00	1360.00	1368.50	1376.00	1384.00	1388.50	1388.00	1386.00	1383.50	1382.00	1382.00	1383.50	1385.50	1392.00	1396.00	1407.00	1419.00	1433.50	1444.00	1454.50	1471.00	1487.50	1503.00	1514.00	1524.50	1530.00	1540.50	1551.50	1562.00	1587.00	1606.00	1632.50	1658.00
1037.75	1066.00	1112.75	1158.50	1188.50	1227.75	1242.00	1255.00	1276.00	1292.25	1315.50	1337.00	1351.00	1364.75	1390.75	1402.25	1418.50	1428.50	1442.00	1456.00	1468.25	1476.25	1483.50	1493.50	1502.50	1511.50	1518.00	1527.75	1534.00	1541.75	1549.00	1554.00	1561.00	1565.00	1571.25	1577.50	1584.00	1588.25	1593.00	1603.00	1608.25	1616.50	1622.00	1629.25	1634.00	1642.50	1645.75	1648.00	1650.50	1653.25	1656.50	1658.50	1661.00	1662.50	1664.50	1665.00	1665.50	1666.00	1665.50	1664.50	1663.50	1660.50	1658.75	1656.00	1654.00	1650.50	1647.00	1642.00	1638.25	1634.75	1630.00	1626.25	1622.00	1619.50	1616.25	1614.00	1610.75	1607.50	1605.25	1602.00	1599.50	1596.00	1592.00	1589.00	1587.25	1585.50	1583.00	1580.00	1576.50	1574.00	1572.00	1571.00	1569.50	1568.00	1567.25	1566.00	1565.50	1564.00	1563.50	1562.00	1561.00	1560.25	1558.00	1557.25	1556.00	1555.50	1554.75	1554.50	1553.50	1552.50	1552.00	1552.00	1552.50	1552.00	1551.25	1550.75	1550.50	1550.50	1550.00	1550.00	1550.00	1549.75	1549.50	1549.50	1549.75	1550.00	1550.00	1550.00	1551.00	1554.00	1556.25	1557.50	1558.50	1559.00	1560.25	1561.00	1561.50	1562.25	1562.75	1563.50	1564.00	1564.00	1564.50	1566.50	1568.75	1569.50	1570.50	1570.75	1571.25	1573.50	1579.50	1584.00	1584.00	1584.50	1585.50	1587.75	1589.50	1591.75	1594.50	1596.50	1598.50	1600.00	1602.75	1604.25	1606.50	1608.75	1610.25	1612.50	1614.00	1615.50	1618.50	1625.50	1626.75	1628.00	1628.00	1628.75	1629.00	1628.25	1627.50	1626.00	1623.00	1618.25	1612.00	1607.50	1598.50	1592.50	1582.50	1571.75	1563.50	1550.00	1540.00	1522.00	1503.50	1482.50	1467.75	1451.25	1425.00	1396.50	1367.00	1347.50	1319.50	1302.25	1272.75	1259.75	1249.00	1234.50	1225.75	1222.25	1219.50	1222.00	1224.75	1231.50	1236.00	1245.25	1255.00	1261.50	1265.00	1268.50	1276.50	1281.50	1291.50	1299.00	1313.75	1330.00	1344.75	1353.75	1362.00	1370.50	1375.25	1375.00	1373.00	1370.25	1368.50	1368.25	1369.50	1371.50	1378.50	1383.00	1394.25	1406.50	1422.00	1432.75	1443.75	1461.00	1478.00	1494.50	1505.50	1517.00	1523.25	1534.50	1546.25	1556.25	1578.50	1595.00	1618.75	1642.00
1043.00	1072.00	1097.50	1126.00	1148.00	1181.00	1199.50	1225.00	1250.00	1266.00	1290.00	1312.50	1326.50	1338.50	1361.50	1372.00	1388.00	1398.00	1412.50	1427.00	1443.50	1453.50	1461.50	1473.00	1483.50	1494.00	1501.00	1510.00	1516.00	1524.50	1533.00	1538.50	1546.00	1551.00	1557.50	1565.00	1571.50	1576.00	1580.50	1589.50	1595.00	1604.00	1609.00	1614.00	1618.00	1625.00	1628.50	1631.50	1636.00	1640.00	1643.00	1645.00	1647.50	1648.50	1649.00	1650.00	1649.50	1649.00	1648.50	1648.00	1647.00	1643.00	1641.00	1638.00	1636.00	1632.50	1628.00	1624.50	1621.50	1618.50	1615.00	1610.50	1606.00	1603.00	1598.50	1595.50	1591.50	1588.00	1585.50	1582.00	1579.00	1576.00	1573.00	1570.00	1568.50	1567.00	1565.00	1562.50	1561.00	1559.00	1557.50	1556.50	1555.00	1553.00	1551.50	1549.00	1547.00	1545.00	1544.00	1542.50	1541.50	1540.50	1536.00	1534.50	1533.00	1532.00	1530.50	1529.50	1528.00	1527.50	1527.00	1526.00	1525.50	1525.00	1524.50	1524.00	1523.50	1523.00	1523.00	1523.00	1523.00	1523.00	1523.00	1523.50	1524.00	1524.50	1525.00	1525.00	1525.50	1527.00	1528.00	1528.50	1529.50	1531.00	1532.50	1534.00	1534.00	1534.50	1535.50	1536.50	1537.00	1537.00	1538.00	1541.00	1545.00	1546.00	1547.50	1548.00	1548.50	1550.00	1551.50	1553.00	1553.00	1554.00	1554.50	1557.50	1561.50	1566.50	1573.00	1574.50	1577.00	1578.00	1580.50	1581.50	1583.00	1584.50	1585.50	1587.00	1588.50	1589.00	1588.50	1587.00	1587.00	1587.00	1587.00	1584.50	1583.00	1582.00	1581.00	1579.00	1576.00	1571.00	1565.00	1560.00	1552.50	1547.00	1538.00	1528.50	1520.50	1507.00	1498.00	1482.00	1464.00	1441.50	1425.50	1407.00	1377.00	1344.00	1308.00	1285.00	1251.50	1230.00	1192.50	1174.50	1159.00	1137.00	1123.50	1116.50	1111.00	1114.50	1118.50	1130.00	1139.00	1153.50	1169.00	1183.00	1191.00	1198.50	1212.50	1220.00	1234.00	1243.00	1261.00	1281.00	1298.50	1309.50	1319.00	1328.00	1334.00	1334.00	1333.00	1331.00	1329.00	1328.50	1330.00	1333.00	1340.00	1345.00	1357.00	1371.00	1388.00	1400.00	1412.00	1432.00	1451.00	1469.00	1481.00	1495.00	1503.00	1515.50	1528.50	1537.50	1552.00	1562.00	1578.50	1596.00
1041.75	1068.00	1093.50	1121.50	1144.00	1176.50	1194.75	1220.00	1244.50	1260.25	1284.00	1306.75	1320.75	1332.25	1353.25	1363.75	1379.50	1390.00	1404.75	1419.50	1435.25	1445.00	1453.00	1464.50	1475.75	1487.00	1494.50	1504.25	1510.75	1519.50	1528.00	1533.50	1541.50	1546.50	1554.00	1562.00	1568.50	1573.25	1578.00	1587.00	1592.00	1599.50	1604.00	1609.50	1613.50	1620.75	1624.00	1627.00	1631.00	1634.50	1638.00	1639.50	1642.00	1643.00	1643.00	1643.50	1643.00	1642.50	1642.00	1641.50	1640.75	1637.25	1635.50	1632.50	1630.50	1627.00	1622.50	1618.75	1615.50	1612.50	1608.50	1604.00	1599.50	1596.50	1592.00	1589.00	1585.25	1581.75	1579.25	1576.00	1573.50	1570.75	1568.00	1565.00	1563.25	1561.75	1559.50	1556.75	1555.00	1553.00	1551.00	1550.00	1548.00	1545.75	1544.25	1541.50	1539.50	1537.00	1536.50	1534.50	1533.25	1532.00	1528.75	1527.50	1526.00	1525.00	1523.50	1522.50	1520.75	1520.00	1519.25	1518.00	1517.00	1516.50	1516.00	1515.25	1514.50	1514.00	1514.00	1514.00	1513.50	1513.50	1513.50	1513.75	1514.25	1514.75	1515.50	1515.50	1516.25	1518.00	1519.25	1520.00	1521.00	1522.50	1524.00	1525.50	1526.00	1526.50	1527.50	1528.50	1529.00	1529.25	1530.00	1531.50	1534.25	1535.00	1536.50	1537.00	1537.25	1538.50	1540.25	1542.00	1542.00	1543.25	1544.00	1546.75	1551.25	1556.75	1563.50	1565.00	1567.00	1567.50	1569.25	1570.00	1571.00	1572.00	1573.00	1574.00	1575.25	1575.75	1575.50	1574.25	1573.75	1573.00	1572.00	1569.25	1567.00	1565.00	1563.50	1561.50	1558.00	1552.50	1546.00	1541.00	1533.25	1527.50	1518.50	1509.00	1501.25	1489.00	1480.00	1465.75	1449.00	1427.25	1411.75	1393.75	1364.50	1332.00	1296.50	1273.50	1240.00	1217.75	1177.25	1158.00	1141.25	1117.00	1101.25	1093.00	1085.50	1088.00	1091.50	1103.00	1112.00	1127.25	1143.50	1158.00	1166.75	1175.00	1190.50	1199.00	1214.00	1224.50	1243.75	1265.00	1283.00	1294.00	1303.50	1312.50	1318.50	1319.00	1318.00	1316.50	1315.25	1315.75	1318.00	1320.75	1327.50	1332.50	1344.25	1358.50	1375.50	1387.50	1399.75	1420.00	1440.00	1459.00	1471.50	1485.50	1493.50	1505.50	1517.50	1525.75	1539.00	1548.00	1563.25	1579.50
1040.50	1064.00	1089.50	1117.00	1140.00	1172.00	1190.00	1215.00	1239.00	1254.50	1278.00	1301.00	1315.00	1326.00	1345.00	1355.50	1371.00	1382.00	1397.00	1412.00	1427.00	1436.50	1444.50	1456.00	1468.00	1480.00	1488.00	1498.50	1505.50	1514.50	1523.00	1528.50	1537.00	1542.00	1550.50	1559.00	1565.50	1570.50	1575.50	1584.50	1589.00	1595.00	1599.00	1605.00	1609.00	1616.50	1619.50	1622.50	1626.00	1629.00	1633.00	1634.00	1636.50	1637.50	1637.00	1637.00	1636.50	1636.00	1635.50	1635.00	1634.50	1631.50	1630.00	1627.00	1625.00	1621.50	1617.00	1613.00	1609.50	1606.50	1602.00	1597.50	1593.00	1590.00	1585.50	1582.50	1579.00	1575.50	1573.00	1570.00	1568.00	1565.50	1563.00	1560.00	1558.00	1556.50	1554.00	1551.00	1549.00	1547.00	1544.50	1543.50	1541.00	1538.50	1537.00	1534.00	1532.00	1529.00	1529.00	1526.50	1525.00	1523.50	1521.50	1520.50	1519.00	1518.00	1516.50	1515.50	1513.50	1512.50	1511.50	1510.00	1508.50	1508.00	1507.50	1506.50	1505.50	1505.00	1505.00	1505.00	1504.00	1504.00	1504.00	1504.00	1504.50	1505.00	1506.00	1506.00	1507.00	1509.00	1510.50	1511.50	1512.50	1514.00	1515.50	1517.00	1518.00	1518.50	1519.50	1520.50	1521.00	1521.50	1522.00	1522.00	1523.50	1524.00	1525.50	1526.00	1526.00	1527.00	1529.00	1531.00	1531.00	1532.50	1533.50	1536.00	1541.00	1547.00	1554.00	1555.50	1557.00	1557.00	1558.00	1558.50	1559.00	1559.50	1560.50	1561.00	1562.00	1562.50	1562.50	1561.50	1560.50	1559.00	1557.00	1554.00	1551.00	1548.00	1546.00	1544.00	1540.00	1534.00	1527.00	1522.00	1514.00	1508.00	1499.00	1489.50	1482.00	1471.00	1462.00	1449.50	1434.00	1413.00	1398.00	1380.50	1352.00	1320.00	1285.00	1262.00	1228.50	1205.50	1162.00	1141.50	1123.50	1097.00	1079.00	1069.50	1060.00	1061.50	1064.50	1076.00	1085.00	1101.00	1118.00	1133.00	1142.50	1151.50	1168.50	1178.00	1194.00	1206.00	1226.50	1249.00	1267.50	1278.50	1288.00	1297.00	1303.00	1304.00	1303.00	1302.00	1301.50	1303.00	1306.00	1308.50	1315.00	1320.00	1331.50	1346.00	1363.00	1375.00	1387.50	1408.00	1429.00	1449.00	1462.00	1476.00	1484.00	1495.50	1506.50	1514.00	1526.00	1534.00	1548.00	1563.00
1044.00	1069.00	1094.50	1121.00	1140.00	1168.50	1184.00	1205.00	1226.00	1239.50	1259.00	1278.00	1290.50	1303.50	1328.50	1339.50	1355.00	1365.00	1379.00	1394.00	1409.00	1418.50	1427.00	1439.00	1452.50	1466.00	1475.00	1489.50	1498.00	1507.50	1516.00	1522.00	1531.00	1536.00	1543.50	1551.00	1557.50	1562.50	1567.00	1576.00	1580.50	1587.00	1591.00	1597.00	1601.00	1609.00	1612.00	1613.50	1614.00	1617.00	1619.00	1621.00	1622.00	1622.50	1624.00	1624.50	1625.00	1625.00	1624.50	1624.00	1623.50	1620.50	1619.00	1616.00	1615.00	1611.00	1607.00	1600.50	1596.00	1592.00	1587.00	1582.50	1579.00	1577.00	1574.00	1572.00	1569.00	1565.50	1563.00	1560.00	1558.00	1556.00	1554.00	1550.50	1548.00	1546.00	1543.00	1540.00	1536.00	1533.00	1530.00	1528.50	1526.00	1523.00	1521.50	1520.00	1520.00	1517.00	1516.00	1513.50	1512.50	1511.00	1508.00	1506.50	1505.00	1503.00	1502.00	1501.50	1498.00	1495.50	1493.50	1492.00	1490.50	1490.00	1489.00	1488.50	1488.00	1488.00	1487.00	1487.00	1487.00	1487.00	1487.00	1487.50	1488.00	1488.00	1488.00	1489.00	1489.50	1492.00	1493.50	1494.00	1494.50	1495.00	1496.50	1497.00	1498.00	1500.00	1500.50	1501.50	1502.00	1502.00	1502.00	1502.00	1503.00	1503.00	1504.00	1504.00	1504.00	1506.00	1512.00	1517.00	1518.00	1521.00	1522.50	1525.50	1527.00	1528.50	1530.00	1531.50	1533.00	1534.00	1535.00	1534.00	1532.00	1531.00	1531.00	1532.00	1534.00	1535.50	1536.50	1536.50	1535.00	1531.00	1528.00	1523.00	1519.00	1515.50	1512.50	1509.00	1503.00	1496.00	1487.00	1481.00	1471.50	1465.00	1455.50	1446.50	1441.00	1432.00	1427.00	1418.00	1406.00	1390.00	1378.00	1363.00	1339.00	1309.50	1279.00	1256.00	1221.00	1196.50	1146.50	1122.50	1101.00	1070.00	1047.00	1034.50	1022.00	1023.00	1025.00	1036.00	1044.00	1060.00	1077.00	1092.50	1101.50	1110.50	1128.50	1138.50	1157.00	1171.00	1191.50	1213.00	1230.50	1241.00	1250.00	1259.00	1266.00	1268.00	1268.00	1270.00	1272.00	1275.50	1279.50	1282.50	1288.00	1291.00	1300.50	1312.00	1328.50	1341.00	1354.00	1376.00	1399.50	1423.00	1438.00	1455.00	1463.50	1474.00	1482.50	1487.50	1494.00	1498.00	1506.50	1516.00
1043.00	1067.00	1091.75	1117.50	1135.50	1162.00	1177.25	1198.50	1219.25	1232.50	1252.00	1271.25	1283.75	1296.50	1321.00	1332.00	1347.50	1357.50	1372.00	1386.50	1401.50	1411.00	1419.75	1432.00	1446.25	1461.00	1470.50	1485.00	1493.50	1503.25	1512.00	1518.00	1527.00	1532.50	1540.00	1547.50	1554.00	1558.75	1563.00	1571.50	1575.75	1582.00	1586.00	1591.75	1595.50	1602.75	1605.75	1607.25	1608.00	1610.50	1613.00	1614.50	1615.75	1616.50	1618.00	1618.75	1619.00	1619.00	1618.75	1618.25	1617.50	1614.25	1612.75	1610.00	1608.50	1605.00	1601.00	1594.50	1590.00	1586.00	1581.50	1578.25	1575.00	1573.00	1570.00	1567.75	1564.50	1561.25	1559.00	1556.00	1554.00	1551.50	1549.00	1545.75	1543.50	1541.50	1538.50	1535.50	1531.00	1528.00	1524.75	1523.25	1520.75	1518.00	1516.50	1514.50	1514.00	1510.00	1508.00	1505.50	1504.25	1502.75	1500.25	1499.00	1497.50	1496.50	1495.25	1494.50	1490.75	1488.00	1485.75	1484.50	1483.25	1482.50	1481.50	1481.00	1480.25	1480.00	1479.00	1479.00	1479.00	1479.00	1479.00	1479.50	1480.00	1480.00	1480.50	1481.50	1482.50	1484.50	1486.00	1486.50	1487.00	1487.50	1488.25	1489.00	1490.00	1492.00	1492.50	1493.25	1493.50	1493.25	1493.50	1493.50	1494.50	1495.00	1496.00	1495.75	1495.50	1497.50	1502.75	1507.50	1509.00	1512.00	1513.75	1517.25	1518.75	1520.25	1522.50	1524.00	1526.00	1527.00	1528.50	1528.00	1527.00	1525.75	1525.25	1525.00	1525.50	1526.25	1527.00	1527.50	1525.50	1521.00	1517.50	1512.00	1506.50	1501.50	1497.50	1493.00	1485.50	1477.25	1468.00	1461.50	1452.00	1445.50	1436.75	1429.00	1424.75	1418.50	1414.50	1407.75	1399.00	1386.50	1376.75	1363.75	1342.00	1313.50	1282.50	1258.50	1220.50	1194.25	1140.50	1114.75	1091.25	1057.50	1033.25	1020.25	1007.50	1008.50	1010.75	1021.50	1030.00	1046.00	1063.50	1078.50	1087.50	1096.50	1114.00	1123.50	1140.50	1152.50	1171.00	1190.50	1206.75	1217.00	1226.00	1235.50	1243.25	1246.50	1247.50	1251.00	1254.25	1259.00	1263.75	1267.00	1272.00	1274.50	1283.00	1293.50	1309.50	1322.25	1335.75	1359.50	1385.75	1416.00	1436.00	1450.75	1454.50	1461.75	1469.75	1475.00	1481.00	1484.00	1491.50	1500.00
1042.00	1065.00	1089.00	1114.00	1131.00	1155.50	1170.50	1192.00	1212.50	1225.50	1245.00	1264.50	1277.00	1289.50	1313.50	1324.50	1340.00	1350.00	1365.00	1379.00	1394.00	1403.50	1412.50	1425.00	1440.00	1456.00	1466.00	1480.50	1489.00	1499.00	1508.00	1514.00	1523.00	1529.00	1536.50	1544.00	1550.50	1555.00	1559.00	1567.00	1571.00	1577.00	1581.00	1586.50	1590.00	1596.50	1599.50	1601.00	1602.00	1604.00	1607.00	1608.00	1609.50	1610.50	1612.00	1613.00	1613.00	1613.00	1613.00	1612.50	1611.50	1608.00	1606.50	1604.00	1602.00	1599.00	1595.00	1588.50	1584.00	1580.00	1576.00	1574.00	1571.00	1569.00	1566.00	1563.50	1560.00	1557.00	1555.00	1552.00	1550.00	1547.00	1544.00	1541.00	1539.00	1537.00	1534.00	1531.00	1526.00	1523.00	1519.50	1518.00	1515.50	1513.00	1511.50	1509.00	1508.00	1503.00	1500.00	1497.50	1496.00	1494.50	1492.50	1491.50	1490.00	1490.00	1488.50	1487.50	1483.50	1480.50	1478.00	1477.00	1476.00	1475.00	1474.00	1473.50	1472.50	1472.00	1471.00	1471.00	1471.00	1471.00	1471.00	1471.50	1472.00	1472.00	1473.00	1474.00	1475.50	1477.00	1478.50	1479.00	1479.50	1480.00	1480.00	1481.00	1482.00	1484.00	1484.50	1485.00	1485.00	1484.50	1485.00	1485.00	1486.00	1487.00	1488.00	1487.50	1487.00	1489.00	1493.50	1498.00	1500.00	1503.00	1505.00	1509.00	1510.50	1512.00	1515.00	1516.50	1519.00	1520.00	1522.00	1522.00	1522.00	1520.50	1519.50	1518.00	1517.00	1517.00	1517.50	1518.50	1516.00	1511.00	1507.00	1501.00	1494.00	1487.50	1482.50	1477.00	1468.00	1458.50	1449.00	1442.00	1432.50	1426.00	1418.00	1411.50	1408.50	1405.00	1402.00	1397.50	1392.00	1383.00	1375.50	1364.50	1345.00	1317.50	1286.00	1261.00	1220.00	1192.00	1134.50	1107.00	1081.50	1045.00	1019.50	1006.00	993.00	994.00	996.50	1007.00	1016.00	1032.00	1050.00	1064.50	1073.50	1082.50	1099.50	1108.50	1124.00	1134.00	1150.50	1168.00	1183.00	1193.00	1202.00	1212.00	1220.50	1225.00	1227.00	1232.00	1236.50	1242.50	1248.00	1251.50	1256.00	1258.00	1265.50	1275.00	1290.50	1303.50	1317.50	1343.00	1372.00	1409.00	1434.00	1446.50	1445.50	1449.50	1457.00	1462.50	1468.00	1470.00	1476.50	1484.00
1043.00	1065.00	1087.50	1111.00	1127.00	1150.50	1164.50	1184.00	1203.00	1215.50	1234.00	1253.50	1266.00	1278.50	1302.50	1313.50	1329.00	1340.00	1355.00	1370.00	1386.00	1396.00	1405.00	1418.00	1431.50	1445.00	1455.00	1470.50	1480.00	1490.50	1500.00	1506.00	1515.00	1521.00	1528.50	1536.00	1542.00	1546.50	1550.50	1558.00	1561.50	1567.00	1570.00	1575.00	1578.50	1584.50	1587.00	1588.50	1590.00	1591.50	1593.00	1594.00	1596.00	1597.00	1598.00	1599.50	1600.00	1601.00	1600.50	1600.00	1599.50	1597.50	1596.00	1594.00	1592.00	1589.00	1585.00	1579.50	1575.00	1571.50	1568.00	1566.00	1563.00	1561.00	1557.00	1555.00	1552.00	1548.50	1546.00	1543.00	1541.00	1538.00	1535.00	1532.00	1529.50	1527.00	1524.00	1520.50	1517.00	1514.00	1511.00	1509.50	1507.00	1504.00	1502.00	1499.00	1498.00	1493.00	1491.00	1488.00	1486.00	1484.50	1481.50	1480.50	1478.00	1477.00	1475.00	1473.50	1469.50	1466.50	1464.00	1463.00	1461.50	1461.00	1459.50	1459.00	1458.50	1458.00	1457.50	1457.00	1457.00	1457.00	1457.50	1458.50	1459.00	1459.50	1460.00	1461.00	1462.50	1464.00	1465.50	1466.00	1466.00	1467.00	1467.50	1469.00	1470.00	1471.00	1471.00	1471.50	1472.00	1472.00	1472.00	1472.00	1472.00	1473.00	1473.00	1473.00	1472.50	1473.00	1477.00	1480.00	1482.00	1485.00	1487.50	1492.00	1494.50	1497.50	1501.00	1504.00	1506.00	1507.00	1508.50	1509.50	1512.00	1513.00	1513.00	1512.00	1510.00	1508.50	1508.50	1508.50	1506.00	1500.00	1495.00	1487.50	1479.00	1470.00	1463.50	1456.50	1445.00	1433.50	1421.00	1412.00	1398.50	1390.50	1383.00	1378.00	1377.50	1378.00	1379.00	1383.00	1385.00	1383.50	1380.00	1372.00	1356.00	1326.50	1290.00	1260.00	1209.00	1175.00	1108.00	1076.50	1049.00	1011.00	985.50	973.00	961.00	964.00	968.00	981.00	990.00	1007.00	1025.00	1040.50	1049.50	1058.00	1070.50	1076.50	1088.00	1095.00	1108.50	1122.00	1135.50	1144.00	1152.00	1163.00	1173.00	1181.00	1186.00	1195.50	1202.50	1211.00	1218.00	1221.00	1224.00	1226.00	1230.00	1236.00	1248.50	1259.00	1271.50	1300.00	1328.50	1351.00	1366.00	1390.50	1408.00	1426.50	1439.50	1446.00	1454.00	1459.00	1464.50	1470.00
1045.25	1066.50	1088.50	1111.00	1126.50	1149.25	1162.75	1181.50	1200.25	1212.25	1230.50	1249.25	1261.50	1273.75	1298.00	1309.25	1325.50	1336.00	1351.00	1366.50	1382.25	1392.50	1401.50	1414.50	1427.50	1440.50	1450.50	1465.75	1475.25	1486.00	1495.50	1501.50	1510.50	1516.50	1524.00	1531.50	1537.50	1541.75	1545.75	1553.00	1556.50	1561.50	1564.50	1569.25	1572.50	1578.50	1580.75	1582.00	1583.50	1585.00	1587.00	1588.00	1589.75	1590.75	1592.00	1593.25	1593.75	1595.00	1594.50	1593.75	1593.25	1591.50	1590.25	1588.50	1587.00	1584.00	1580.50	1575.25	1571.00	1567.50	1564.00	1561.50	1558.50	1556.50	1553.00	1551.00	1547.75	1544.25	1542.00	1538.50	1536.50	1533.50	1530.50	1527.00	1524.75	1522.25	1519.00	1515.25	1512.00	1509.50	1506.50	1504.75	1502.00	1499.00	1497.00	1494.00	1492.50	1488.00	1486.00	1483.00	1481.00	1479.25	1475.75	1474.25	1472.00	1470.50	1468.25	1466.75	1462.50	1459.75	1457.50	1456.00	1454.50	1454.00	1452.75	1452.25	1451.75	1451.50	1450.75	1450.50	1450.00	1450.00	1450.50	1451.50	1452.00	1452.50	1453.50	1454.50	1455.50	1457.50	1459.00	1459.50	1459.50	1460.50	1461.00	1462.00	1463.00	1464.00	1464.00	1464.25	1464.50	1464.50	1464.50	1464.50	1464.50	1465.00	1464.75	1464.50	1464.25	1465.00	1469.25	1472.50	1474.50	1477.50	1479.75	1484.25	1487.00	1490.00	1493.50	1496.50	1499.00	1500.50	1502.25	1503.50	1505.50	1506.75	1507.25	1507.00	1505.75	1504.75	1504.75	1504.50	1502.00	1496.00	1491.00	1482.75	1473.50	1463.75	1456.50	1448.25	1435.00	1421.75	1407.50	1397.50	1383.00	1374.25	1365.25	1359.25	1359.75	1362.50	1365.00	1370.50	1374.50	1376.50	1375.00	1368.25	1353.00	1322.25	1283.00	1251.00	1195.00	1158.25	1086.75	1053.75	1025.50	987.00	962.75	951.50	942.00	946.50	951.25	965.00	974.50	991.75	1010.50	1026.00	1035.25	1043.75	1055.00	1060.50	1070.00	1076.00	1087.75	1100.00	1112.25	1120.50	1128.50	1140.00	1151.50	1162.00	1168.50	1180.00	1188.00	1197.00	1204.00	1206.75	1208.50	1209.00	1211.25	1215.00	1225.00	1233.75	1244.25	1267.50	1291.00	1310.50	1323.00	1356.00	1383.00	1409.00	1425.50	1433.25	1443.50	1450.50	1457.25	1462.50
1047.50	1068.00	1089.50	1111.00	1126.00	1148.00	1161.00	1179.00	1197.50	1209.00	1227.00	1245.00	1257.00	1269.00	1293.50	1305.00	1322.00	1332.00	1347.00	1363.00	1378.50	1389.00	1398.00	1411.00	1423.50	1436.00	1446.00	1461.00	1470.50	1481.50	1491.00	1497.00	1506.00	1512.00	1519.50	1527.00	1533.00	1537.00	1541.00	1548.00	1551.50	1556.00	1559.00	1563.50	1566.50	1572.50	1574.50	1575.50	1577.00	1578.50	1581.00	1582.00	1583.50	1584.50	1586.00	1587.00	1587.50	1589.00	1588.50	1587.50	1587.00	1585.50	1584.50	1583.00	1582.00	1579.00	1576.00	1571.00	1567.00	1563.50	1560.00	1557.00	1554.00	1552.00	1549.00	1547.00	1543.50	1540.00	1538.00	1534.00	1532.00	1529.00	1526.00	1522.00	1520.00	1517.50	1514.00	1510.00	1507.00	1505.00	1502.00	1500.00	1497.00	1494.00	1492.00	1489.00	1487.00	1483.00	1481.00	1478.00	1476.00	1474.00	1470.00	1468.00	1466.00	1464.00	1461.50	1460.00	1455.50	1453.00	1451.00	1449.00	1447.50	1447.00	1446.00	1445.50	1445.00	1445.00	1444.00	1444.00	1443.00	1443.00	1443.50	1444.50	1445.00	1445.50	1447.00	1448.00	1448.50	1451.00	1452.50	1453.00	1453.00	1454.00	1454.50	1455.00	1456.00	1457.00	1457.00	1457.00	1457.00	1457.00	1457.00	1457.00	1457.00	1457.00	1456.50	1456.00	1456.00	1457.00	1461.50	1465.00	1467.00	1470.00	1472.00	1476.50	1479.50	1482.50	1486.00	1489.00	1492.00	1494.00	1496.00	1497.50	1499.00	1500.50	1501.50	1502.00	1501.50	1501.00	1501.00	1500.50	1498.00	1492.00	1487.00	1478.00	1468.00	1457.50	1449.50	1440.00	1425.00	1410.00	1394.00	1383.00	1367.50	1358.00	1347.50	1340.50	1342.00	1347.00	1351.00	1358.00	1364.00	1369.50	1370.00	1364.50	1350.00	1318.00	1276.00	1242.00	1181.00	1141.50	1065.50	1031.00	1002.00	963.00	940.00	930.00	923.00	929.00	934.50	949.00	959.00	976.50	996.00	1011.50	1021.00	1029.50	1039.50	1044.50	1052.00	1057.00	1067.00	1078.00	1089.00	1097.00	1105.00	1117.00	1130.00	1143.00	1151.00	1164.50	1173.50	1183.00	1190.00	1192.50	1193.00	1192.00	1192.50	1194.00	1201.50	1208.50	1217.00	1235.00	1251.67	1270.00	1280.00	1327.67	1358.00	1391.50	1411.50	1420.50	1433.00	1442.00	1450.00	1455.00
1049.25	1069.00	1089.00	1109.50	1123.50	1144.25	1157.00	1175.00	1193.25	1204.75	1222.50	1240.25	1252.25	1264.75	1289.75	1301.50	1318.50	1328.50	1344.00	1360.00	1375.50	1385.75	1394.75	1408.00	1420.50	1433.00	1442.50	1456.75	1465.75	1476.50	1486.25	1492.50	1501.50	1507.00	1514.00	1521.00	1527.25	1531.50	1535.25	1541.75	1545.00	1549.50	1552.50	1556.75	1559.50	1565.25	1567.25	1568.50	1570.00	1571.75	1574.50	1575.50	1577.00	1578.00	1579.50	1580.75	1581.50	1582.50	1582.00	1581.25	1580.75	1579.25	1578.50	1577.00	1576.50	1573.75	1571.00	1566.75	1563.25	1560.00	1557.00	1554.00	1551.00	1549.00	1545.50	1543.25	1539.50	1536.00	1533.75	1530.00	1528.00	1525.00	1521.50	1517.75	1515.50	1513.25	1509.50	1506.00	1503.00	1500.50	1497.50	1495.50	1492.25	1489.00	1487.00	1484.00	1481.50	1477.50	1475.50	1472.50	1470.25	1468.00	1464.00	1462.00	1459.50	1457.50	1454.75	1453.25	1449.25	1447.00	1445.00	1443.00	1441.75	1441.00	1440.00	1439.50	1438.75	1438.50	1437.50	1437.50	1437.00	1437.00	1437.25	1437.75	1438.25	1438.75	1440.00	1441.00	1442.00	1444.00	1445.50	1446.00	1446.25	1447.00	1448.00	1449.00	1449.50	1450.50	1450.50	1450.25	1450.00	1450.00	1450.00	1450.00	1450.00	1450.00	1449.25	1449.00	1448.75	1449.50	1452.50	1455.00	1456.50	1458.75	1460.00	1463.50	1467.50	1472.25	1477.50	1480.50	1483.50	1485.50	1488.00	1489.50	1491.50	1493.00	1494.25	1495.00	1495.25	1495.00	1495.00	1493.75	1490.75	1484.00	1478.50	1468.50	1458.00	1447.00	1438.75	1428.50	1412.00	1395.50	1378.50	1366.50	1349.00	1338.50	1327.50	1320.50	1322.00	1328.00	1332.00	1339.25	1346.50	1353.75	1355.50	1351.25	1339.50	1306.00	1261.00	1223.00	1153.50	1108.50	1023.00	986.75	962.25	934.00	915.50	906.25	900.00	908.25	915.25	930.50	941.50	959.50	979.00	995.25	1005.00	1013.75	1024.50	1029.25	1036.00	1040.50	1049.25	1059.00	1069.75	1078.00	1086.25	1100.00	1114.50	1129.50	1139.50	1154.00	1163.25	1172.50	1178.75	1180.50	1178.00	1175.50	1173.50	1171.50	1172.75	1174.25	1177.75	1189.50	1186.00	1222.50	1235.50	1278.33	1327.00	1370.75	1401.50	1415.00	1425.50	1431.00	1438.25	1445.00
1051.00	1070.00	1088.50	1108.00	1121.00	1140.50	1153.00	1171.00	1189.00	1200.50	1218.00	1235.50	1247.50	1260.50	1286.00	1298.00	1315.00	1325.00	1341.00	1357.00	1372.50	1382.50	1391.50	1405.00	1417.50	1430.00	1439.00	1452.50	1461.00	1471.50	1481.50	1488.00	1497.00	1502.00	1508.50	1515.00	1521.50	1526.00	1529.50	1535.50	1538.50	1543.00	1546.00	1550.00	1552.50	1558.00	1560.00	1561.50	1563.00	1565.00	1568.00	1569.00	1570.50	1571.50	1573.00	1574.50	1575.50	1576.00	1575.50	1575.00	1574.50	1573.00	1572.50	1571.00	1571.00	1568.50	1566.00	1562.50	1559.50	1556.50	1554.00	1551.00	1548.00	1546.00	1542.00	1539.50	1535.50	1532.00	1529.50	1526.00	1524.00	1521.00	1517.00	1513.50	1511.00	1509.00	1505.00	1502.00	1499.00	1496.00	1493.00	1491.00	1487.50	1484.00	1482.00	1479.00	1476.00	1472.00	1470.00	1467.00	1464.50	1462.00	1458.00	1456.00	1453.00	1451.00	1448.00	1446.50	1443.00	1441.00	1439.00	1437.00	1436.00	1435.00	1434.00	1433.50	1432.50	1432.00	1431.00	1431.00	1431.00	1431.00	1431.00	1431.00	1431.50	1432.00	1433.00	1434.00	1435.50	1437.00	1438.50	1439.00	1439.50	1440.00	1441.50	1443.00	1443.00	1444.00	1444.00	1443.50	1443.00	1443.00	1443.00	1443.00	1443.00	1443.00	1442.00	1442.00	1441.50	1442.00	1443.50	1445.00	1446.00	1447.50	1448.00	1450.50	1455.50	1462.00	1469.00	1472.00	1475.00	1477.00	1480.00	1481.50	1484.00	1485.50	1487.00	1488.00	1489.00	1489.00	1489.00	1487.00	1483.50	1476.00	1470.00	1459.00	1448.00	1436.50	1428.00	1417.00	1399.00	1381.00	1363.00	1350.00	1330.50	1319.00	1307.50	1300.50	1302.00	1309.00	1313.00	1320.50	1329.00	1338.00	1341.00	1338.00	1329.00	1294.00	1246.00	1204.00	1126.00	1075.50	980.50	942.50	922.50	905.00	891.00	882.50	877.00	887.50	896.00	912.00	924.00	942.50	962.00	979.00	989.00	998.00	1009.50	1014.00	1020.00	1024.00	1031.50	1040.00	1050.50	1059.00	1067.50	1083.00	1099.00	1116.00	1128.00	1143.50	1153.00	1162.00	1167.50	1168.50	1163.00	1159.00	1154.50	1149.00	1144.00	1140.00	1138.50	1144.00	1155.00	1175.00	1191.00	1247.50	1296.00	1350.00	1391.50	1409.50	1418.00	1420.00	1426.50	1435.00
1052.25	1070.00	1087.00	1105.00	1117.50	1135.75	1148.00	1166.00	1184.00	1195.50	1213.00	1230.75	1243.25	1256.75	1283.00	1294.75	1311.50	1321.50	1337.50	1353.50	1369.25	1379.25	1388.50	1401.50	1414.25	1426.50	1435.00	1447.75	1455.75	1466.25	1476.50	1483.00	1492.00	1496.50	1502.50	1508.50	1515.25	1519.50	1523.00	1529.00	1532.00	1536.50	1539.50	1543.25	1545.75	1550.75	1552.75	1554.25	1556.50	1558.50	1561.50	1562.50	1564.00	1565.00	1567.00	1568.50	1569.25	1569.50	1569.25	1568.75	1568.25	1567.00	1566.75	1565.50	1565.00	1563.50	1561.00	1558.50	1556.25	1553.75	1551.00	1548.00	1545.00	1543.00	1538.75	1536.00	1531.75	1528.00	1525.75	1522.50	1520.50	1517.25	1513.50	1509.75	1507.25	1505.00	1501.50	1498.25	1495.00	1492.50	1489.25	1487.00	1483.25	1479.25	1476.75	1473.50	1471.00	1466.50	1464.50	1461.00	1458.75	1456.25	1452.00	1450.00	1447.00	1445.00	1442.00	1440.50	1437.25	1435.50	1433.75	1432.00	1430.75	1430.00	1428.75	1428.00	1427.00	1426.50	1425.50	1425.50	1425.50	1425.50	1425.50	1425.75	1426.25	1426.75	1427.50	1428.50	1429.50	1430.50	1431.75	1432.25	1433.00	1434.00	1436.00	1437.50	1437.50	1438.00	1438.00	1437.50	1437.00	1437.00	1437.00	1437.00	1437.00	1436.50	1435.75	1435.50	1435.00	1434.50	1434.00	1433.50	1434.00	1434.00	1433.75	1435.25	1441.25	1449.25	1458.00	1461.00	1464.00	1465.50	1468.25	1470.00	1473.00	1475.25	1476.75	1478.00	1478.50	1478.25	1477.25	1473.25	1468.50	1459.00	1452.50	1441.00	1429.50	1418.25	1409.50	1398.25	1379.00	1358.50	1337.50	1325.00	1310.00	1300.75	1290.00	1282.50	1282.75	1287.00	1290.00	1296.50	1306.00	1323.00	1329.50	1326.75	1316.00	1278.25	1227.50	1184.00	1104.50	1051.50	944.75	903.50	887.25	881.00	870.00	860.75	855.00	867.00	876.25	894.00	906.50	925.75	946.00	963.25	973.75	983.25	996.00	1001.00	1007.00	1010.50	1017.50	1025.00	1035.75	1044.00	1052.75	1069.00	1086.75	1107.50	1122.50	1140.00	1150.25	1158.75	1162.75	1162.00	1153.50	1146.50	1137.50	1128.00	1114.50	1103.50	1096.25	1098.00	1107.00	1131.00	1150.00	1208.00	1256.75	1316.75	1368.00	1391.75	1401.00	1402.00	1409.25	1419.50
1053.50	1070.00	1085.50	1102.00	1114.00	1131.00	1143.00	1161.00	1179.00	1190.50	1208.00	1226.00	1239.00	1253.00	1280.00	1291.50	1308.00	1318.00	1334.00	1350.00	1366.00	1376.00	1385.50	1398.00	1411.00	1423.00	1431.00	1443.00	1450.50	1461.00	1471.50	1478.00	1487.00	1491.00	1496.50	1502.00	1509.00	1513.00	1516.50	1522.50	1525.50	1530.00	1533.00	1536.50	1539.00	1543.50	1545.50	1547.00	1550.00	1552.00	1555.00	1556.00	1557.50	1558.50	1561.00	1562.50	1563.00	1563.00	1563.00	1562.50	1562.00	1561.00	1561.00	1560.00	1559.00	1558.50	1556.00	1554.50	1553.00	1551.00	1548.00	1545.00	1542.00	1540.00	1535.50	1532.50	1528.00	1524.00	1522.00	1519.00	1517.00	1513.50	1510.00	1506.00	1503.50	1501.00	1498.00	1494.50	1491.00	1489.00	1485.50	1483.00	1479.00	1474.50	1471.50	1468.00	1466.00	1461.00	1459.00	1455.00	1453.00	1450.50	1446.00	1444.00	1441.00	1439.00	1436.00	1434.50	1431.50	1430.00	1428.50	1427.00	1425.50	1425.00	1423.50	1422.50	1421.50	1421.00	1420.00	1420.00	1420.00	1420.00	1420.00	1420.50	1421.00	1421.50	1422.00	1423.00	1423.50	1424.00	1425.00	1425.50	1426.50	1428.00	1430.50	1432.00	1432.00	1432.00	1432.00	1431.50	1431.00	1431.00	1431.00	1431.00	1431.00	1430.00	1429.50	1429.00	1428.50	1427.00	1424.50	1422.00	1422.00	1420.50	1419.50	1420.00	1427.00	1436.50	1447.00	1450.00	1453.00	1454.00	1456.50	1458.50	1462.00	1465.00	1466.50	1468.00	1468.00	1467.50	1465.50	1459.50	1453.50	1442.00	1435.00	1423.00	1411.00	1400.00	1391.00	1379.50	1359.00	1336.00	1312.00	1300.00	1289.50	1282.50	1272.50	1264.50	1263.50	1265.00	1267.00	1272.50	1283.00	1308.00	1318.00	1315.50	1303.00	1262.50	1209.00	1164.00	1083.00	1027.50	909.00	864.50	852.00	857.00	849.00	839.00	833.00	846.50	856.50	876.00	889.00	909.00	930.00	947.50	958.50	968.50	982.50	988.00	994.00	997.00	1003.50	1010.00	1021.00	1029.00	1038.00	1055.00	1074.50	1099.00	1117.00	1136.50	1147.50	1155.50	1158.00	1155.50	1144.00	1134.00	1120.50	1107.00	1085.00	1067.00	1054.00	1052.00	1059.00	1087.00	1109.00	1168.50	1217.50	1283.50	1344.50	1374.00	1384.00	1384.00	1392.00	1404.00
1055.00	1069.00	1084.00	1100.00	1112.00	1130.00	1142.00	1159.00	1176.00	1187.50	1205.00	1222.00	1234.00	1246.50	1272.00	1283.50	1300.00	1310.00	1324.50	1339.00	1355.00	1365.00	1374.00	1387.00	1399.00	1411.00	1419.00	1430.00	1437.50	1448.00	1458.50	1465.00	1474.00	1479.00	1485.00	1491.00	1497.00	1501.00	1504.50	1511.00	1514.50	1519.00	1522.00	1526.00	1528.50	1532.50	1534.00	1536.00	1539.00	1541.00	1544.00	1545.00	1546.50	1547.50	1549.00	1550.50	1551.50	1552.00	1552.00	1552.50	1552.50	1552.00	1552.00	1551.00	1551.00	1549.50	1548.00	1546.00	1544.50	1543.00	1541.00	1538.00	1535.00	1533.00	1528.50	1525.50	1521.00	1517.00	1515.00	1512.00	1510.00	1506.00	1502.00	1498.00	1496.00	1493.50	1490.00	1487.00	1484.00	1482.00	1478.50	1475.50	1471.00	1466.00	1462.50	1459.00	1456.00	1451.00	1448.00	1444.00	1442.00	1440.00	1436.00	1434.00	1431.00	1429.00	1425.00	1423.00	1420.00	1418.50	1417.00	1415.00	1413.50	1413.00	1412.00	1412.00	1412.00	1412.00	1412.00	1412.00	1412.00	1412.00	1412.50	1413.00	1413.50	1414.00	1415.00	1415.00	1415.00	1415.00	1416.00	1416.50	1417.00	1418.00	1420.50	1422.00	1422.00	1421.00	1420.50	1419.50	1419.00	1418.50	1418.00	1418.00	1417.50	1416.00	1415.00	1414.50	1413.50	1412.00	1409.00	1407.00	1405.00	1403.50	1402.00	1400.50	1405.50	1413.00	1421.00	1422.50	1424.00	1425.00	1426.50	1427.50	1429.00	1431.50	1433.00	1434.00	1431.50	1429.00	1423.50	1410.00	1401.50	1388.00	1381.00	1375.00	1366.00	1351.50	1341.50	1329.00	1309.00	1271.50	1225.00	1221.00	1251.50	1266.00	1264.00	1253.50	1244.00	1228.00	1219.00	1207.50	1223.00	1292.00	1321.00	1316.50	1285.00	1241.00	1190.00	1160.00	1119.50	1082.00	953.00	897.00	868.50	845.00	825.00	813.00	805.00	816.50	825.50	846.00	860.00	881.50	903.00	922.00	933.50	944.00	959.50	966.00	973.00	976.00	982.00	989.00	994.00	997.50	1003.00	1020.00	1044.00	1086.00	1117.00	1149.50	1166.50	1175.50	1174.00	1166.50	1145.00	1128.00	1103.00	1078.00	1047.50	1026.00	1008.50	999.00	1000.50	1026.00	1048.00	1092.00	1125.50	1171.00	1213.50	1242.00	1290.00	1324.00	1348.50	1361.00
1053.50	1067.50	1082.00	1097.50	1109.00	1126.25	1137.75	1154.50	1171.50	1183.00	1200.00	1217.00	1229.00	1241.50	1267.00	1278.25	1294.50	1304.50	1319.50	1334.50	1350.00	1359.75	1368.75	1381.50	1394.00	1406.00	1413.50	1424.75	1432.00	1442.25	1452.25	1458.50	1467.50	1472.50	1478.50	1484.50	1491.00	1495.00	1498.75	1505.50	1509.00	1513.50	1516.00	1520.25	1522.75	1526.75	1528.50	1530.50	1533.50	1535.50	1538.50	1539.50	1541.25	1542.50	1544.00	1545.50	1546.50	1547.00	1547.50	1547.75	1547.75	1547.50	1547.25	1546.50	1546.00	1545.00	1543.50	1541.50	1540.00	1538.50	1536.00	1533.50	1530.50	1528.50	1524.00	1521.00	1516.75	1513.00	1511.00	1508.00	1505.50	1501.75	1498.00	1494.00	1492.00	1489.75	1486.00	1482.75	1479.50	1477.50	1473.75	1471.00	1466.25	1461.00	1457.50	1453.50	1451.00	1445.50	1443.00	1439.25	1437.00	1435.00	1430.50	1428.50	1425.50	1423.50	1420.00	1418.00	1414.75	1413.25	1411.75	1410.00	1408.50	1408.00	1406.75	1406.50	1406.50	1406.50	1406.50	1407.00	1407.00	1407.00	1407.25	1407.75	1408.50	1409.00	1410.00	1409.50	1409.75	1410.00	1410.50	1411.00	1411.50	1412.50	1415.00	1416.50	1416.00	1414.75	1414.25	1413.25	1412.25	1411.50	1410.50	1410.50	1409.50	1408.50	1407.25	1406.50	1405.50	1403.50	1400.25	1397.50	1395.50	1393.25	1391.50	1390.00	1394.75	1401.50	1408.00	1408.75	1409.00	1409.50	1410.00	1410.25	1411.00	1411.50	1411.75	1410.00	1403.00	1397.50	1389.50	1372.00	1363.50	1351.50	1347.00	1346.25	1342.00	1329.50	1320.00	1307.25	1286.00	1239.00	1179.00	1174.00	1218.50	1247.50	1287.00	1308.25	1283.50	1221.50	1185.00	1137.25	1132.00	1210.75	1251.00	1267.50	1275.00	1253.00	1216.50	1192.00	1155.75	1119.00	984.25	923.00	886.25	849.00	822.50	808.25	797.50	807.75	816.25	836.50	850.50	872.00	893.00	912.00	923.50	933.75	949.00	955.50	962.50	965.50	971.25	977.50	980.00	981.00	986.25	1010.50	1045.00	1103.00	1145.50	1189.50	1212.50	1220.75	1211.50	1196.50	1164.00	1140.00	1107.25	1076.00	1042.25	1019.50	1001.25	990.00	990.75	1017.50	1040.50	1082.25	1112.50	1151.67	1213.50	1226.00	1268.00	1311.00	1334.25	1337.50
1047.75	1061.50	1075.25	1090.00	1101.00	1117.50	1128.25	1144.50	1161.25	1172.50	1189.00	1205.50	1217.25	1230.00	1256.25	1267.50	1283.50	1293.50	1308.75	1324.00	1339.00	1348.50	1357.25	1370.00	1382.50	1394.50	1401.50	1413.00	1420.00	1430.00	1439.50	1445.25	1454.00	1459.00	1465.75	1472.00	1479.00	1483.00	1487.00	1494.25	1497.50	1502.00	1504.50	1508.50	1511.00	1515.25	1517.50	1519.50	1522.50	1525.00	1528.00	1529.00	1530.75	1532.25	1534.00	1535.50	1536.50	1537.50	1538.25	1538.50	1538.50	1538.50	1538.00	1537.50	1536.50	1535.50	1534.50	1532.25	1530.75	1529.25	1526.50	1524.00	1521.00	1519.00	1514.75	1512.00	1508.00	1504.50	1502.25	1499.00	1496.50	1493.00	1489.50	1485.75	1483.50	1481.50	1477.50	1474.00	1470.50	1468.00	1464.25	1461.75	1456.75	1451.00	1447.25	1443.00	1440.50	1435.00	1433.00	1429.75	1427.25	1425.00	1420.25	1418.00	1415.00	1413.00	1410.00	1408.00	1405.00	1403.50	1402.00	1400.50	1399.00	1398.00	1396.75	1396.50	1396.75	1397.00	1397.00	1397.50	1397.50	1398.00	1398.00	1398.50	1399.50	1400.25	1401.00	1400.50	1400.25	1400.50	1401.00	1401.25	1401.50	1402.50	1404.50	1406.00	1404.50	1403.25	1402.75	1401.50	1400.00	1399.00	1397.00	1396.50	1395.00	1393.50	1391.75	1390.25	1388.75	1386.00	1382.50	1379.00	1377.00	1374.00	1372.00	1370.00	1373.75	1379.25	1383.50	1382.00	1380.00	1379.00	1377.50	1375.75	1373.50	1369.25	1366.00	1358.00	1342.75	1332.00	1319.25	1294.50	1287.00	1279.50	1278.00	1281.25	1292.50	1318.75	1326.75	1316.00	1286.00	1207.00	1103.50	1081.50	1119.75	1156.75	1252.25	1327.25	1303.25	1220.00	1156.00	1047.75	1000.50	1074.00	1122.25	1169.25	1239.50	1252.00	1236.50	1219.00	1183.50	1146.50	1009.75	945.00	900.25	848.00	814.25	797.50	784.00	792.25	800.00	820.00	834.00	855.25	876.00	894.75	906.00	916.00	930.25	936.25	942.50	945.50	947.50	947.50	948.25	949.00	956.50	993.00	1044.00	1125.00	1184.50	1248.00	1282.00	1294.75	1282.00	1259.25	1205.00	1165.50	1116.75	1074.00	1031.00	1002.25	979.75	966.50	968.25	1003.00	1032.50	1077.75	1108.50	1132.67	1149.50	1169.67	1224.00	1267.50	1286.75	1283.00
1043.50	1057.00	1070.50	1085.00	1096.00	1112.50	1123.00	1139.00	1155.50	1166.50	1183.00	1199.00	1210.50	1223.50	1250.50	1262.00	1278.00	1288.00	1303.00	1318.00	1333.00	1342.50	1351.00	1364.00	1376.00	1388.00	1395.00	1406.50	1413.50	1423.50	1433.00	1438.50	1447.00	1452.00	1459.50	1466.00	1473.00	1477.00	1481.00	1488.50	1491.50	1496.00	1499.00	1502.50	1505.00	1509.50	1512.00	1514.00	1517.00	1520.00	1523.00	1524.00	1525.50	1527.00	1529.00	1530.50	1531.50	1533.00	1533.50	1534.00	1534.00	1534.00	1533.50	1533.00	1532.00	1530.50	1530.00	1527.50	1526.00	1524.50	1522.00	1519.00	1516.00	1514.00	1510.00	1507.50	1503.50	1500.00	1497.50	1494.00	1492.00	1488.50	1485.00	1481.50	1479.00	1477.00	1473.00	1469.50	1466.00	1463.00	1459.50	1457.00	1452.00	1446.00	1442.00	1438.00	1435.00	1430.00	1428.00	1425.00	1422.50	1420.00	1415.50	1413.00	1410.00	1408.00	1405.00	1403.00	1400.50	1399.00	1397.50	1396.00	1394.50	1393.00	1392.00	1392.00	1392.50	1393.00	1393.00	1393.00	1393.00	1394.00	1394.00	1394.50	1395.50	1396.50	1397.00	1397.00	1396.00	1396.00	1397.00	1397.00	1397.00	1398.00	1399.50	1401.00	1399.00	1398.00	1397.50	1396.00	1394.50	1393.50	1391.00	1390.00	1388.50	1386.00	1384.00	1382.00	1380.00	1377.00	1373.50	1370.00	1368.00	1365.00	1363.00	1360.50	1363.50	1368.50	1372.00	1369.00	1366.00	1364.00	1361.50	1358.50	1354.00	1347.00	1341.50	1330.00	1311.00	1298.00	1283.00	1255.00	1248.50	1244.00	1243.00	1245.00	1267.00	1330.00	1355.00	1346.50	1309.00	1207.50	1074.00	1036.00	1054.00	1084.50	1194.50	1291.50	1283.50	1225.00	1161.00	1028.50	960.00	1018.50	1063.50	1120.00	1214.00	1239.00	1230.00	1214.00	1175.00	1137.00	1004.00	941.00	896.50	843.00	808.50	791.50	778.00	785.50	793.00	813.00	827.00	848.00	869.00	887.50	898.50	908.50	922.00	927.50	933.00	936.00	934.50	929.00	930.50	933.50	943.50	985.00	1042.00	1130.00	1195.00	1266.50	1305.50	1323.50	1315.00	1292.00	1227.00	1179.00	1122.00	1074.00	1025.00	991.50	965.50	952.00	955.50	997.00	1032.00	1083.00	1117.50	1142.50	1149.50	1154.67	1202.00	1237.00	1253.50	1252.00
1040.50	1054.00	1068.00	1082.50	1093.00	1108.75	1119.25	1135.50	1152.00	1163.00	1179.00	1195.25	1206.75	1219.25	1244.50	1255.50	1271.00	1281.00	1295.75	1310.50	1325.75	1335.50	1344.00	1356.50	1368.50	1380.50	1387.50	1398.75	1405.75	1415.75	1425.50	1431.25	1439.50	1445.00	1453.00	1460.00	1467.00	1471.00	1475.00	1482.00	1485.25	1490.00	1493.00	1496.75	1499.25	1504.25	1506.75	1509.00	1512.00	1515.00	1518.00	1519.50	1521.00	1522.25	1524.50	1526.00	1527.00	1528.00	1528.75	1529.25	1529.50	1529.00	1528.75	1528.00	1527.50	1526.00	1525.00	1522.75	1521.25	1519.75	1517.00	1514.50	1511.50	1509.00	1505.25	1502.50	1498.75	1495.25	1492.75	1489.50	1487.50	1484.00	1480.50	1477.00	1474.50	1472.50	1468.50	1465.00	1461.50	1458.50	1454.75	1452.25	1447.25	1441.50	1437.50	1433.50	1430.50	1425.50	1423.50	1420.00	1417.50	1415.00	1410.75	1408.50	1405.50	1403.50	1400.50	1398.50	1395.75	1394.25	1393.00	1391.00	1389.50	1388.00	1387.00	1387.50	1388.50	1389.00	1389.50	1389.50	1389.50	1390.25	1390.50	1391.00	1392.00	1392.75	1393.00	1393.00	1392.00	1392.00	1392.50	1392.50	1392.50	1393.00	1394.00	1394.50	1393.00	1391.75	1391.00	1389.50	1387.75	1386.25	1383.50	1382.00	1379.75	1377.00	1374.50	1372.50	1370.50	1368.00	1365.00	1362.00	1359.50	1356.25	1354.00	1350.75	1353.00	1357.00	1359.00	1355.00	1351.00	1348.00	1343.75	1339.75	1333.00	1323.25	1315.75	1301.00	1278.75	1263.75	1247.75	1217.00	1205.75	1191.50	1194.00	1216.00	1258.00	1342.00	1377.75	1373.75	1338.50	1226.25	1075.50	1019.00	999.50	1010.25	1108.75	1207.75	1220.75	1206.00	1158.00	1028.25	951.00	976.75	1005.50	1056.50	1150.00	1183.00	1186.00	1174.50	1136.25	1100.25	976.75	918.50	877.25	828.00	796.25	780.75	768.50	778.00	786.00	806.00	820.00	841.25	862.50	881.00	891.75	901.25	914.00	918.50	920.50	921.00	921.00	920.50	937.50	954.75	976.50	1024.50	1081.00	1150.50	1199.50	1256.00	1288.00	1307.00	1306.75	1291.25	1236.50	1194.50	1134.00	1075.00	1017.75	979.50	949.25	932.00	932.25	972.00	1006.00	1060.25	1098.00	1125.25	1133.00	1132.50	1202.00	1194.50	1209.50	1214.00
1037.50	1051.00	1065.50	1080.00	1090.00	1105.00	1115.50	1132.00	1148.50	1159.50	1175.00	1191.50	1203.00	1215.00	1238.50	1249.00	1264.00	1274.00	1288.50	1303.00	1318.50	1328.50	1337.00	1349.00	1361.00	1373.00	1380.00	1391.00	1398.00	1408.00	1418.00	1424.00	1432.00	1438.00	1446.50	1454.00	1461.00	1465.00	1469.00	1475.50	1479.00	1484.00	1487.00	1491.00	1493.50	1499.00	1501.50	1504.00	1507.00	1510.00	1513.00	1515.00	1516.50	1517.50	1520.00	1521.50	1522.50	1523.00	1524.00	1524.50	1525.00	1524.00	1524.00	1523.00	1523.00	1521.50	1520.00	1518.00	1516.50	1515.00	1512.00	1510.00	1507.00	1504.00	1500.50	1497.50	1494.00	1490.50	1488.00	1485.00	1483.00	1479.50	1476.00	1472.50	1470.00	1468.00	1464.00	1460.50	1457.00	1454.00	1450.00	1447.50	1442.50	1437.00	1433.00	1429.00	1426.00	1421.00	1419.00	1415.00	1412.50	1410.00	1406.00	1404.00	1401.00	1399.00	1396.00	1394.00	1391.00	1389.50	1388.50	1386.00	1384.50	1383.00	1382.00	1383.00	1384.50	1385.00	1386.00	1386.00	1386.00	1386.50	1387.00	1387.50	1388.50	1389.00	1389.00	1389.00	1388.00	1388.00	1388.00	1388.00	1388.00	1388.00	1388.50	1388.00	1387.00	1385.50	1384.50	1383.00	1381.00	1379.00	1376.00	1374.00	1371.00	1368.00	1365.00	1363.00	1361.00	1359.00	1356.50	1354.00	1351.00	1347.50	1345.00	1341.00	1342.50	1345.50	1346.00	1341.00	1336.00	1332.00	1326.00	1321.00	1312.00	1299.50	1290.00	1272.00	1246.50	1229.50	1212.50	1179.00	1163.00	1139.00	1145.00	1187.00	1249.00	1354.00	1400.50	1401.00	1368.00	1245.00	1077.00	1002.00	945.00	936.00	1023.00	1124.00	1158.00	1187.00	1155.00	1028.00	942.00	935.00	947.50	993.00	1086.00	1127.00	1142.00	1135.00	1097.50	1063.50	949.50	896.00	858.00	813.00	784.00	770.00	759.00	770.50	779.00	799.00	813.00	834.50	856.00	874.50	885.00	894.00	906.00	909.50	908.00	906.00	907.50	912.00	944.50	976.00	1009.50	1064.00	1120.00	1171.00	1204.00	1245.50	1270.50	1290.50	1298.50	1290.50	1246.00	1210.00	1146.00	1076.00	1010.50	967.50	933.00	912.00	909.00	947.00	980.00	1037.50	1078.50	1108.00	1116.50	1119.50	1137.00	1152.00	1165.50	1176.00
1030.50	1045.00	1059.00	1073.00	1083.00	1098.00	1108.00	1124.00	1139.50	1150.50	1167.00	1183.50	1194.50	1205.50	1226.50	1237.00	1252.00	1261.00	1274.50	1289.00	1304.50	1314.50	1323.00	1335.00	1347.00	1359.00	1366.00	1376.50	1383.50	1394.00	1404.00	1410.00	1419.00	1425.00	1434.00	1442.00	1448.50	1452.50	1456.00	1463.00	1466.50	1471.00	1475.00	1479.50	1483.00	1488.50	1491.50	1494.00	1497.00	1500.50	1503.00	1505.00	1507.00	1508.50	1510.00	1511.50	1512.50	1514.00	1514.50	1515.00	1515.00	1515.00	1514.50	1514.00	1513.00	1511.50	1510.00	1508.00	1506.50	1505.00	1503.00	1500.00	1497.00	1495.00	1491.00	1488.50	1484.50	1481.00	1479.00	1476.00	1474.00	1470.50	1467.00	1463.00	1461.00	1458.50	1455.00	1451.00	1447.00	1444.00	1440.50	1438.00	1433.00	1427.00	1423.00	1419.00	1416.00	1411.00	1408.00	1405.00	1402.50	1400.00	1396.00	1394.00	1391.00	1388.00	1385.50	1384.00	1381.50	1380.00	1378.50	1376.00	1374.50	1373.00	1372.00	1373.00	1374.50	1376.00	1376.00	1376.00	1376.00	1377.00	1377.50	1378.50	1379.00	1379.00	1379.00	1379.00	1377.50	1377.00	1376.50	1376.00	1376.00	1376.00	1375.00	1374.00	1372.00	1370.50	1369.50	1367.50	1364.50	1362.00	1358.00	1356.00	1352.50	1349.00	1345.00	1343.00	1341.00	1339.00	1337.50	1335.00	1332.00	1328.00	1325.00	1319.50	1319.50	1320.00	1318.00	1312.00	1305.00	1299.00	1289.00	1281.00	1269.00	1251.50	1238.50	1215.00	1184.00	1164.00	1144.50	1105.00	1080.50	1041.00	1049.00	1112.50	1195.00	1315.00	1374.50	1393.00	1390.00	1282.00	1123.00	1026.00	894.00	836.50	858.50	919.50	979.00	1080.00	1090.00	1019.00	945.00	867.00	839.00	858.00	922.00	969.00	1007.00	1009.00	974.50	946.50	864.50	826.50	799.00	766.00	747.50	740.00	737.00	751.50	762.00	783.00	797.00	819.50	843.00	860.00	870.00	879.00	890.50	892.50	884.00	877.00	896.50	932.00	1016.50	1089.50	1154.50	1225.00	1272.50	1259.00	1239.00	1226.50	1223.50	1230.50	1245.00	1250.50	1234.00	1219.00	1155.50	1071.00	997.00	950.50	910.00	871.00	847.50	867.00	886.00	936.00	976.00	1010.00	1026.50	1033.00	1047.00	1056.00	1075.50	1098.00
1025.25	1039.50	1053.50	1067.50	1077.50	1092.00	1102.00	1117.50	1133.25	1144.00	1160.00	1176.75	1188.00	1198.75	1220.00	1230.50	1245.50	1254.50	1268.00	1282.00	1297.25	1307.25	1316.00	1328.00	1340.50	1352.50	1359.50	1370.00	1377.00	1387.25	1397.25	1403.50	1412.50	1418.50	1427.50	1435.50	1442.00	1446.00	1449.50	1456.50	1460.25	1465.50	1469.00	1474.00	1477.50	1483.50	1486.25	1488.75	1492.00	1495.25	1498.00	1500.00	1502.25	1503.75	1505.00	1506.50	1507.50	1508.50	1509.25	1509.75	1510.00	1510.00	1509.75	1509.00	1508.00	1506.50	1505.00	1503.25	1501.75	1500.25	1498.00	1495.00	1492.00	1490.00	1486.25	1483.75	1480.00	1476.50	1474.50	1471.50	1469.00	1465.75	1462.00	1458.25	1456.00	1453.75	1450.00	1446.25	1442.00	1439.50	1435.50	1433.00	1428.00	1421.75	1417.75	1413.50	1411.00	1405.50	1402.50	1399.50	1397.25	1395.00	1390.75	1388.50	1385.50	1383.00	1380.50	1379.00	1376.50	1375.00	1373.50	1371.00	1369.00	1367.50	1366.50	1367.50	1369.00	1370.50	1370.50	1370.50	1370.50	1371.00	1371.50	1372.50	1373.00	1373.25	1373.00	1373.00	1371.50	1370.50	1370.00	1369.50	1369.25	1368.50	1367.25	1366.00	1364.00	1362.50	1361.25	1359.00	1356.00	1353.25	1349.50	1347.50	1344.00	1340.00	1335.75	1333.50	1331.50	1329.00	1327.00	1324.00	1321.00	1316.75	1313.75	1308.00	1307.00	1306.75	1304.00	1297.50	1289.50	1282.50	1270.75	1261.75	1247.50	1228.25	1213.75	1188.00	1154.50	1132.75	1112.00	1069.75	1043.75	1002.00	1008.00	1067.00	1146.00	1265.25	1326.50	1351.50	1362.00	1274.25	1138.50	1044.50	897.75	825.75	807.50	832.00	888.00	997.50	1019.50	976.50	918.50	831.75	795.50	801.25	841.50	884.50	929.00	933.00	900.25	875.75	812.00	783.25	763.25	739.50	728.00	724.50	726.00	741.75	753.50	775.50	790.50	814.25	838.00	855.50	865.75	874.50	883.50	884.50	876.50	869.50	902.25	957.00	1062.75	1150.25	1225.75	1297.50	1338.00	1300.50	1262.00	1228.25	1213.50	1210.50	1220.50	1225.75	1213.50	1201.50	1140.00	1056.00	981.75	935.25	893.25	846.50	814.00	824.00	837.50	880.25	916.00	947.75	964.75	974.00	980.33	970.00	1039.50	1066.50
1020.00	1034.00	1048.00	1062.00	1072.00	1086.00	1096.00	1111.00	1127.00	1137.50	1153.00	1170.00	1181.50	1192.00	1213.50	1224.00	1239.00	1248.00	1261.50	1275.00	1290.00	1300.00	1309.00	1321.00	1334.00	1346.00	1353.00	1363.50	1370.50	1380.50	1390.50	1397.00	1406.00	1412.00	1421.00	1429.00	1435.50	1439.50	1443.00	1450.00	1454.00	1460.00	1463.00	1468.50	1472.00	1478.50	1481.00	1483.50	1487.00	1490.00	1493.00	1495.00	1497.50	1499.00	1500.00	1501.50	1502.50	1503.00	1504.00	1504.50	1505.00	1505.00	1505.00	1504.00	1503.00	1501.50	1500.00	1498.50	1497.00	1495.50	1493.00	1490.00	1487.00	1485.00	1481.50	1479.00	1475.50	1472.00	1470.00	1467.00	1464.00	1461.00	1457.00	1453.50	1451.00	1449.00	1445.00	1441.50	1437.00	1435.00	1430.50	1428.00	1423.00	1416.50	1412.50	1408.00	1406.00	1400.00	1397.00	1394.00	1392.00	1390.00	1385.50	1383.00	1380.00	1378.00	1375.50	1374.00	1371.50	1370.00	1368.50	1366.00	1363.50	1362.00	1361.00	1362.00	1363.50	1365.00	1365.00	1365.00	1365.00	1365.00	1365.50	1366.50	1367.00	1367.50	1367.00	1367.00	1365.50	1364.00	1363.50	1363.00	1362.50	1361.00	1359.50	1358.00	1356.00	1354.50	1353.00	1350.50	1347.50	1344.50	1341.00	1339.00	1335.50	1331.00	1326.50	1324.00	1322.00	1319.00	1316.50	1313.00	1310.00	1305.50	1302.50	1296.50	1294.50	1293.50	1290.00	1283.00	1274.00	1266.00	1252.50	1242.50	1226.00	1205.00	1189.00	1161.00	1125.00	1101.50	1079.50	1034.50	1007.00	963.00	967.00	1021.50	1097.00	1215.50	1278.50	1310.00	1334.00	1266.50	1154.00	1063.00	901.50	815.00	756.50	744.50	797.00	915.00	949.00	934.00	892.00	796.50	752.00	744.50	761.00	800.00	851.00	857.00	826.00	805.00	759.50	740.00	727.50	713.00	708.50	709.00	715.00	732.00	745.00	768.00	784.00	809.00	833.00	851.00	861.50	870.00	876.50	876.50	869.00	862.00	908.00	982.00	1109.00	1211.00	1297.00	1370.00	1403.50	1342.00	1285.00	1230.00	1203.50	1190.50	1196.00	1201.00	1193.00	1184.00	1124.50	1041.00	966.50	920.00	876.50	822.00	780.50	781.00	789.00	824.50	856.00	885.50	903.00	915.00	947.00	970.00	1003.50	1035.00
1020.00	1034.00	1048.00	1062.00	1072.00	1086.00	1096.00	1111.00	1127.00	1137.50	1153.00	1170.00	1181.50	1192.00	1213.50	1224.00	1239.00	1248.00	1261.50	1275.00	1290.00	1300.00	1309.00	1321.00	1334.00	1346.00	1353.00	1363.50	1370.50	1380.50	1390.50	1397.00	1406.00	1412.00	1421.00	1429.00	1435.50	1439.50	1443.00	1450.00	1454.00	1460.00	1463.00	1468.50	1472.00	1478.50	1481.00	1483.50	1487.00	1490.00	1493.00	1495.00	1497.50	1499.00	1500.00	1501.50	1502.50	1503.00	1504.00	1504.50	1505.00	1505.00	1505.00	1504.00	1503.00	1501.50	1500.00	1498.50	1497.00	1495.50	1493.00	1490.00	1487.00	1485.00	1481.50	1479.00	1475.50	1472.00	1470.00	1467.00	1464.00	1461.00	1457.00	1453.50	1451.00	1449.00	1445.00	1441.50	1437.00	1435.00	1430.50	1428.00	1423.00	1416.50	1412.50	1408.00	1406.00	1400.00	1397.00	1394.00	1392.00	1390.00	1385.50	1383.00	1380.00	1378.00	1375.50	1374.00	1371.50	1370.00	1368.50	1366.00	1363.50	1362.00	1361.00	1362.00	1363.50	1365.00	1365.00	1365.00	1365.00	1365.00	1365.50	1366.50	1367.00	1367.50	1367.00	1367.00	1365.50	1364.00	1363.50	1363.00	1362.50	1361.00	1359.50	1358.00	1356.00	1354.50	1353.00	1350.50	1347.50	1344.50	1341.00	1339.00	1335.50	1331.00	1326.50	1324.00	1322.00	1319.00	1316.50	1313.00	1310.00	1305.50	1302.50	1296.50	1294.50	1293.50	1290.00	1283.00	1274.00	1266.00	1252.50	1242.50	1226.00	1205.00	1189.00	1161.00	1125.00	1101.50	1079.50	1034.50	1007.00	963.00	967.00	1021.50	1097.00	1215.50	1278.50	1310.00	1334.00	1266.50	1154.00	1063.00	901.50	815.00	756.50	744.50	797.00	915.00	949.00	934.00	892.00	796.50	752.00	744.50	761.00	800.00	851.00	857.00	826.00	805.00	759.50	740.00	727.50	713.00	708.50	709.00	715.00	732.00	745.00	768.00	784.00	809.00	833.00	851.00	861.50	870.00	876.50	876.50	869.00	862.00	908.00	982.00	1109.00	1211.00	1297.00	1370.00	1403.50	1342.00	1285.00	1230.00	1203.50	1190.50	1196.00	1201.00	1193.00	1184.00	1124.50	1041.00	966.50	920.00	876.50	822.00	780.50	781.00	789.00	824.50	856.00	885.50	903.00	915.00	947.00	970.00	1003.50	1035.00
1012.75	1027.00	1041.50	1055.50	1064.50	1078.00	1088.00	1103.00	1119.00	1129.50	1145.50	1162.25	1173.50	1184.25	1206.00	1216.25	1231.00	1240.50	1254.00	1268.00	1282.75	1292.25	1301.00	1313.00	1326.00	1338.00	1345.50	1356.00	1363.00	1373.25	1383.25	1389.50	1399.00	1405.00	1414.75	1423.00	1429.25	1433.25	1436.75	1443.75	1447.75	1454.00	1457.50	1463.25	1466.75	1473.00	1475.50	1478.00	1481.50	1485.00	1488.50	1490.50	1492.75	1494.25	1495.50	1496.50	1497.50	1498.00	1499.00	1499.50	1500.00	1500.00	1499.75	1499.00	1498.00	1496.50	1495.00	1493.50	1492.00	1490.50	1488.00	1485.00	1482.00	1480.00	1476.75	1474.25	1470.75	1467.50	1465.50	1462.00	1459.50	1456.25	1452.50	1449.00	1446.50	1444.25	1440.50	1436.75	1432.50	1430.00	1426.00	1423.25	1418.00	1411.75	1407.75	1403.50	1401.00	1395.50	1392.50	1389.25	1387.00	1384.75	1380.75	1378.50	1375.50	1373.00	1370.75	1369.25	1366.25	1364.50	1363.00	1360.50	1357.75	1356.00	1355.25	1356.50	1358.25	1360.00	1360.00	1359.50	1359.50	1360.00	1360.25	1360.75	1361.25	1361.75	1361.50	1361.00	1359.00	1357.50	1357.00	1356.25	1355.75	1354.50	1352.25	1350.00	1348.00	1346.00	1344.50	1341.75	1338.75	1336.25	1333.00	1331.00	1327.25	1322.50	1318.00	1315.50	1313.25	1309.50	1306.00	1302.00	1299.00	1294.00	1291.00	1285.00	1282.50	1280.50	1276.50	1269.25	1260.00	1251.00	1236.00	1224.75	1206.00	1183.75	1167.25	1137.50	1098.50	1073.50	1050.25	1002.25	972.50	925.00	928.00	983.50	1056.50	1164.00	1220.25	1245.75	1261.00	1211.75	1130.50	1058.00	921.25	840.75	755.25	707.00	737.75	824.50	848.50	833.75	805.00	749.00	719.50	704.75	693.50	721.75	770.50	778.00	753.75	737.75	705.50	693.50	689.25	688.00	691.00	694.75	705.00	724.75	739.50	766.00	784.50	811.50	837.00	859.33	866.50	873.75	870.75	868.00	865.50	863.50	919.25	1004.00	1129.75	1227.25	1307.75	1369.00	1393.00	1333.50	1280.00	1227.00	1200.75	1182.75	1179.50	1177.75	1159.00	1143.00	1082.25	1003.00	927.25	878.00	833.50	783.50	747.25	750.00	758.50	790.75	818.25	843.25	857.50	870.00	911.00	941.50	983.00	1021.00
1005.50	1020.00	1035.00	1049.00	1057.00	1070.00	1080.00	1095.00	1111.00	1121.50	1138.00	1154.50	1165.50	1176.50	1198.50	1208.50	1223.00	1233.00	1246.50	1261.00	1275.50	1284.50	1293.00	1305.00	1318.00	1330.00	1338.00	1348.50	1355.50	1366.00	1376.00	1382.00	1392.00	1398.00	1408.50	1417.00	1423.00	1427.00	1430.50	1437.50	1441.50	1448.00	1452.00	1458.00	1461.50	1467.50	1470.00	1472.50	1476.00	1480.00	1484.00	1486.00	1488.00	1489.50	1491.00	1491.50	1492.50	1493.00	1494.00	1494.50	1495.00	1495.00	1494.50	1494.00	1493.00	1491.50	1490.00	1488.50	1487.00	1485.50	1483.00	1480.00	1477.00	1475.00	1472.00	1469.50	1466.00	1463.00	1461.00	1457.00	1455.00	1451.50	1448.00	1444.50	1442.00	1439.50	1436.00	1432.00	1428.00	1425.00	1421.50	1418.50	1413.00	1407.00	1403.00	1399.00	1396.00	1391.00	1388.00	1384.50	1382.00	1379.50	1376.00	1374.00	1371.00	1368.00	1366.00	1364.50	1361.00	1359.00	1357.50	1355.00	1352.00	1350.00	1349.50	1351.00	1353.00	1355.00	1355.00	1354.00	1354.00	1355.00	1355.00	1355.00	1355.50	1356.00	1356.00	1355.00	1352.50	1351.00	1350.50	1349.50	1349.00	1348.00	1345.00	1342.00	1340.00	1337.50	1336.00	1333.00	1330.00	1328.00	1325.00	1323.00	1319.00	1314.00	1309.50	1307.00	1304.50	1300.00	1295.50	1291.00	1288.00	1282.50	1279.50	1273.50	1270.50	1267.50	1263.00	1255.50	1246.00	1236.00	1219.50	1207.00	1186.00	1162.50	1145.50	1114.00	1072.00	1045.50	1021.00	970.00	938.00	887.00	889.00	945.50	1016.00	1112.50	1162.00	1181.50	1188.00	1157.00	1107.00	1053.00	941.00	866.50	754.00	669.50	678.50	734.00	748.00	733.50	718.00	701.50	687.00	665.00	626.00	643.50	690.00	699.00	681.50	670.50	651.50	647.00	651.00	663.00	673.50	680.50	695.00	717.50	734.00	764.00	785.00	814.00	841.00	861.00	871.50	877.50	865.00	859.50	862.00	865.00	930.50	1026.00	1150.50	1243.50	1318.50	1368.00	1382.50	1325.00	1275.00	1224.00	1198.00	1175.00	1163.00	1154.50	1125.00	1102.00	1040.00	965.00	888.00	836.00	790.50	745.00	714.00	719.00	728.00	757.00	780.50	801.00	812.00	825.00	875.00	913.00	962.50	1007.00
999.25	1013.50	1028.25	1042.50	1050.50	1063.75	1073.75	1089.00	1104.75	1115.25	1131.50	1148.00	1158.75	1169.50	1191.25	1201.25	1215.50	1225.00	1238.50	1253.00	1268.00	1277.50	1285.75	1297.50	1310.25	1322.50	1330.50	1341.50	1348.50	1359.00	1369.25	1375.75	1385.50	1391.50	1401.75	1410.00	1416.50	1420.50	1424.25	1431.75	1436.00	1442.50	1446.50	1452.25	1455.75	1462.00	1464.75	1467.25	1471.00	1475.00	1478.50	1480.50	1483.00	1484.50	1486.00	1486.50	1487.50	1488.00	1489.00	1489.25	1489.50	1489.50	1489.25	1488.50	1488.00	1486.50	1485.00	1483.50	1482.00	1480.25	1478.00	1475.00	1472.00	1469.50	1466.50	1464.25	1460.75	1457.50	1455.50	1452.00	1449.50	1446.25	1442.50	1439.00	1436.50	1434.00	1430.50	1426.25	1422.50	1420.00	1416.00	1413.00	1407.75	1402.00	1398.00	1393.50	1390.50	1385.50	1382.50	1378.75	1376.25	1373.75	1370.00	1368.00	1364.50	1362.00	1359.50	1358.00	1355.00	1353.00	1351.25	1348.50	1345.25	1343.50	1343.00	1344.25	1346.00	1348.00	1347.25	1346.50	1346.50	1347.50	1347.50	1347.50	1347.75	1348.25	1348.00	1347.00	1344.50	1343.00	1342.00	1341.00	1340.25	1338.50	1334.75	1331.00	1329.50	1327.25	1325.50	1322.50	1319.50	1317.50	1314.00	1311.50	1307.00	1302.00	1297.50	1295.00	1292.50	1288.00	1283.50	1278.50	1275.50	1270.25	1266.75	1260.50	1257.75	1255.25	1250.50	1242.75	1233.00	1223.00	1207.25	1194.25	1173.00	1148.75	1131.25	1099.00	1055.50	1027.50	1001.25	946.50	911.75	856.00	855.00	908.25	971.00	1051.75	1092.75	1107.50	1110.50	1090.00	1057.50	1018.00	931.25	872.25	778.25	701.00	692.00	705.50	703.50	683.00	663.50	647.00	632.75	611.75	575.00	590.25	632.00	644.00	639.00	636.50	634.75	636.00	640.25	648.50	656.50	661.50	677.00	708.25	731.00	773.00	802.50	841.50	877.00	894.25	899.00	898.50	870.50	858.50	855.50	856.50	914.00	1000.00	1105.75	1183.25	1245.25	1285.00	1297.75	1262.50	1231.00	1203.25	1190.75	1173.25	1156.75	1140.25	1093.00	1057.50	985.75	905.50	829.50	780.50	738.50	699.50	675.50	684.50	696.00	727.75	753.25	781.50	803.00	821.75	872.50	910.00	965.00	1018.50
993.00	1007.00	1021.50	1036.00	1044.00	1057.50	1067.50	1083.00	1098.50	1109.00	1125.00	1141.50	1152.00	1162.50	1184.00	1194.00	1208.00	1217.00	1230.50	1245.00	1260.50	1270.50	1278.50	1290.00	1302.50	1315.00	1323.00	1334.50	1341.50	1352.00	1362.50	1369.50	1379.00	1385.00	1395.00	1403.00	1410.00	1414.00	1418.00	1426.00	1430.50	1437.00	1441.00	1446.50	1450.00	1456.50	1459.50	1462.00	1466.00	1470.00	1473.00	1475.00	1478.00	1479.50	1481.00	1481.50	1482.50	1483.00	1484.00	1484.00	1484.00	1484.00	1484.00	1483.00	1483.00	1481.50	1480.00	1478.50	1477.00	1475.00	1473.00	1470.00	1467.00	1464.00	1461.00	1459.00	1455.50	1452.00	1450.00	1447.00	1444.00	1441.00	1437.00	1433.50	1431.00	1428.50	1425.00	1420.50	1417.00	1415.00	1410.50	1407.50	1402.50	1397.00	1393.00	1388.00	1385.00	1380.00	1377.00	1373.00	1370.50	1368.00	1364.00	1362.00	1358.00	1356.00	1353.00	1351.50	1349.00	1347.00	1345.00	1342.00	1338.50	1337.00	1336.50	1337.50	1339.00	1341.00	1339.50	1339.00	1339.00	1340.00	1340.00	1340.00	1340.00	1340.50	1340.00	1339.00	1336.50	1335.00	1333.50	1332.50	1331.50	1329.00	1324.50	1320.00	1319.00	1317.00	1315.00	1312.00	1309.00	1307.00	1303.00	1300.00	1295.00	1290.00	1285.50	1283.00	1280.50	1276.00	1271.50	1266.00	1263.00	1258.00	1254.00	1247.50	1245.00	1243.00	1238.00	1230.00	1220.00	1210.00	1195.00	1181.50	1160.00	1135.00	1117.00	1084.00	1039.00	1009.50	981.50	923.00	885.50	825.00	821.00	871.00	926.00	991.00	1023.50	1033.50	1033.00	1023.00	1008.00	983.00	921.50	878.00	802.50	732.50	705.50	677.00	659.00	632.50	609.00	592.50	578.50	558.50	524.00	537.00	574.00	589.00	596.50	602.50	618.00	625.00	629.50	634.00	639.50	642.50	659.00	699.00	728.00	782.00	820.00	869.00	913.00	927.50	926.50	919.50	876.00	857.50	849.00	848.00	897.50	974.00	1061.00	1123.00	1172.00	1202.00	1213.00	1200.00	1187.00	1182.50	1183.50	1171.50	1150.50	1126.00	1061.00	1013.00	931.50	846.00	771.00	725.00	686.50	654.00	637.00	650.00	664.00	698.50	726.00	762.00	794.00	818.50	870.00	907.00	967.50	1030.00
983.00	998.00	1013.00	1026.00	1034.00	1046.50	1056.00	1071.00	1086.50	1097.00	1114.00	1132.00	1143.00	1153.00	1172.00	1181.50	1196.00	1205.00	1219.00	1233.00	1247.50	1256.50	1265.00	1277.00	1290.50	1304.00	1311.00	1321.50	1328.50	1339.50	1350.50	1357.00	1366.00	1373.00	1383.00	1392.00	1398.00	1402.00	1406.00	1415.50	1420.00	1427.00	1431.00	1436.00	1439.50	1445.50	1448.50	1451.50	1456.00	1459.50	1463.00	1465.00	1468.00	1469.50	1470.00	1471.00	1471.50	1473.00	1473.00	1473.00	1473.00	1473.00	1473.00	1472.00	1472.00	1470.50	1469.00	1467.00	1465.50	1464.00	1461.00	1458.00	1455.00	1453.00	1450.00	1448.00	1445.00	1442.00	1440.00	1436.00	1434.00	1430.00	1427.00	1423.50	1421.00	1418.50	1415.00	1411.00	1407.00	1404.00	1399.50	1396.50	1391.50	1386.00	1382.00	1377.00	1374.00	1369.00	1366.00	1362.00	1359.50	1357.00	1353.00	1351.00	1347.00	1343.00	1340.50	1339.00	1335.00	1333.00	1331.00	1328.00	1325.00	1323.00	1322.00	1322.00	1322.50	1323.00	1322.00	1321.00	1322.00	1322.00	1322.00	1321.50	1321.00	1321.00	1321.00	1320.00	1318.50	1317.00	1314.50	1313.00	1311.50	1308.00	1303.50	1300.00	1297.00	1294.00	1292.50	1290.50	1287.50	1284.50	1281.00	1279.00	1274.50	1270.00	1264.50	1261.00	1257.00	1252.00	1247.50	1243.00	1239.00	1234.00	1230.50	1224.00	1222.50	1221.50	1218.00	1208.00	1198.00	1190.00	1176.00	1165.00	1147.00	1123.50	1106.50	1074.00	1028.50	995.50	958.50	880.00	839.00	777.00	767.00	799.50	836.00	882.50	907.00	919.50	930.00	922.00	905.00	890.00	862.50	845.00	824.50	794.50	749.00	665.00	624.00	586.00	553.00	531.50	519.50	512.50	506.00	521.50	547.00	561.00	577.50	587.00	602.00	609.50	616.50	627.00	644.50	659.00	695.00	761.00	806.50	882.00	933.00	977.00	1005.00	986.00	958.00	927.50	852.50	821.00	800.00	791.00	819.50	870.00	929.50	972.50	1008.50	1038.00	1061.50	1085.00	1101.00	1136.00	1163.50	1168.50	1150.00	1117.00	1024.00	953.00	846.50	739.00	666.50	629.50	602.00	595.00	606.50	648.00	681.00	736.50	775.50	826.00	871.00	897.50	933.00	956.00	986.50	1016.00
969.00	984.00	999.00	1013.00	1020.00	1032.50	1042.00	1057.00	1072.50	1083.00	1100.00	1118.00	1129.00	1139.00	1157.50	1166.50	1180.00	1190.00	1204.50	1219.00	1232.50	1241.50	1250.00	1263.00	1276.50	1290.00	1298.00	1308.50	1315.50	1326.00	1336.50	1343.50	1353.00	1360.00	1370.50	1380.00	1385.50	1389.50	1394.50	1404.50	1409.00	1415.00	1419.00	1425.00	1428.50	1435.00	1438.50	1441.00	1445.00	1449.00	1452.00	1454.00	1457.00	1458.50	1460.00	1460.50	1461.00	1462.00	1463.00	1463.00	1463.00	1462.00	1462.00	1461.00	1461.00	1459.50	1458.00	1455.50	1454.00	1452.50	1450.00	1447.00	1444.00	1442.00	1439.00	1437.00	1434.00	1431.00	1429.00	1426.00	1424.00	1420.00	1417.00	1413.00	1411.00	1408.50	1404.00	1400.50	1396.00	1393.00	1388.50	1385.50	1380.00	1374.00	1370.50	1366.00	1362.00	1356.00	1353.00	1348.50	1345.50	1343.00	1339.00	1336.50	1333.00	1330.00	1326.00	1324.00	1320.00	1318.00	1316.00	1313.00	1310.00	1307.00	1305.50	1305.50	1306.50	1307.00	1305.50	1304.00	1304.00	1304.00	1303.50	1302.50	1302.00	1302.00	1301.00	1300.00	1298.50	1298.00	1296.00	1294.00	1291.50	1287.00	1282.50	1278.00	1275.00	1272.00	1270.00	1267.50	1264.50	1261.00	1256.00	1254.00	1249.50	1244.00	1238.50	1235.00	1231.50	1226.00	1222.50	1218.00	1214.00	1209.00	1205.50	1199.50	1198.50	1198.00	1195.00	1186.00	1175.00	1168.00	1156.00	1147.50	1135.00	1115.50	1101.00	1072.00	1028.50	998.00	964.00	888.00	836.50	751.00	725.00	731.00	751.00	784.00	831.00	855.50	888.00	877.50	846.00	826.00	797.00	786.00	798.50	798.00	749.50	645.00	596.00	538.00	517.00	496.00	487.00	487.50	495.00	514.50	540.00	554.00	568.00	580.00	615.50	636.00	659.50	696.00	735.00	761.50	807.00	863.50	901.50	961.00	1001.00	1024.50	1030.00	988.00	944.00	900.00	812.50	776.50	747.00	733.00	742.50	767.00	806.50	838.00	867.00	901.00	934.50	974.00	1001.00	1045.00	1075.50	1083.50	1066.00	1033.00	939.00	867.00	761.00	656.00	596.00	570.50	557.50	581.00	624.00	695.00	748.00	822.00	870.50	922.50	960.50	976.50	982.00	982.00	982.00	983.00
961.00	976.00	990.75	1004.50	1012.50	1025.00	1034.50	1049.00	1064.50	1075.00	1092.00	1109.50	1120.75	1131.00	1150.00	1159.25	1173.00	1182.50	1196.50	1211.00	1224.50	1233.50	1242.00	1255.00	1268.50	1282.00	1290.50	1301.25	1308.50	1319.25	1329.75	1336.50	1346.50	1353.00	1364.00	1373.00	1379.25	1383.50	1388.50	1398.50	1403.00	1409.00	1413.00	1419.00	1422.75	1429.25	1432.50	1435.25	1439.50	1443.00	1446.50	1448.50	1451.00	1452.75	1454.00	1455.00	1455.50	1456.50	1457.00	1457.00	1457.00	1456.50	1456.50	1455.50	1455.00	1453.50	1452.00	1449.75	1448.25	1446.75	1444.00	1441.00	1438.00	1436.00	1433.00	1431.25	1428.50	1425.50	1423.50	1420.50	1418.00	1414.25	1411.00	1407.00	1405.00	1402.50	1398.00	1394.50	1390.00	1387.00	1382.50	1379.50	1374.00	1368.00	1364.25	1359.50	1355.50	1349.50	1346.00	1341.50	1338.25	1335.50	1331.00	1328.75	1325.00	1322.50	1318.75	1316.50	1312.50	1310.50	1308.25	1305.00	1302.00	1299.00	1297.25	1297.50	1298.25	1298.50	1297.00	1295.50	1295.50	1294.75	1294.25	1293.25	1292.25	1292.00	1291.00	1290.00	1288.00	1287.50	1285.50	1283.25	1280.50	1276.00	1271.50	1267.00	1264.00	1260.25	1258.00	1255.00	1251.25	1247.75	1243.00	1240.50	1236.00	1230.50	1225.25	1221.75	1218.25	1213.00	1208.50	1204.00	1200.50	1195.50	1192.00	1186.25	1185.50	1185.50	1183.00	1175.00	1165.50	1158.50	1146.75	1139.00	1127.00	1109.00	1095.50	1070.50	1036.50	1011.00	980.00	905.00	847.00	748.00	712.00	701.50	714.50	774.50	812.75	847.50	897.50	888.75	850.50	821.50	771.00	747.50	747.25	740.50	698.75	612.00	570.00	529.75	498.50	484.00	479.00	483.75	497.50	519.50	545.00	561.50	585.00	603.50	653.75	681.00	710.00	754.00	795.50	822.00	862.00	901.50	928.50	971.50	1001.00	1014.00	1011.50	967.25	923.75	881.50	802.25	761.50	741.33	733.00		767.00	779.67	786.50	810.75	843.50	877.00	914.00	939.50	976.50	1001.00	1005.75	988.75	959.50	879.50	819.00	729.25	640.00	587.25	564.00	555.50	593.00	651.25	733.50	792.50	870.00	918.25	963.00	989.00	995.25	986.50	977.00	976.00	983.00
953.00	968.00	982.50	996.00	1005.00	1017.50	1027.00	1041.00	1056.50	1067.00	1084.00	1101.00	1112.50	1123.00	1142.50	1152.00	1166.00	1175.00	1188.50	1203.00	1216.50	1225.50	1234.00	1247.00	1260.50	1274.00	1283.00	1294.00	1301.50	1312.50	1323.00	1329.50	1340.00	1346.00	1357.50	1366.00	1373.00	1377.50	1382.50	1392.50	1397.00	1403.00	1407.00	1413.00	1417.00	1423.50	1426.50	1429.50	1434.00	1437.00	1441.00	1443.00	1445.00	1447.00	1448.00	1449.50	1450.00	1451.00	1451.00	1451.00	1451.00	1451.00	1451.00	1450.00	1449.00	1447.50	1446.00	1444.00	1442.50	1441.00	1438.00	1435.00	1432.00	1430.00	1427.00	1425.50	1423.00	1420.00	1418.00	1415.00	1412.00	1408.50	1405.00	1401.00	1399.00	1396.50	1392.00	1388.50	1384.00	1381.00	1376.50	1373.50	1368.00	1362.00	1358.00	1353.00	1349.00	1343.00	1339.00	1334.50	1331.00	1328.00	1323.00	1321.00	1317.00	1315.00	1311.50	1309.00	1305.00	1303.00	1300.50	1297.00	1294.00	1291.00	1289.00	1289.50	1290.00	1290.00	1288.50	1287.00	1287.00	1285.50	1285.00	1284.00	1282.50	1282.00	1281.00	1280.00	1277.50	1277.00	1275.00	1272.50	1269.50	1265.00	1260.50	1256.00	1253.00	1248.50	1246.00	1242.50	1238.00	1234.50	1230.00	1227.00	1222.50	1217.00	1212.00	1208.50	1205.00	1200.00	1194.50	1190.00	1187.00	1182.00	1178.50	1173.00	1172.50	1173.00	1171.00	1164.00	1156.00	1149.00	1137.50	1130.50	1119.00	1102.50	1090.00	1069.00	1044.50	1024.00	996.00	922.00	857.50	745.00	699.00	672.00	678.00	748.50	794.50	839.50	907.00	900.00	855.00	817.00	745.00	709.00	696.00	683.00	648.00	579.00	544.00	507.00	480.00	472.00	471.00	480.00	500.00	524.50	550.00	569.00	602.00	627.00	692.00	726.00	760.50	812.00	856.00	882.50	917.00	939.50	955.50	982.00	1001.00	1003.50	993.00	946.50	903.50	863.00	792.00	761.50	730.00				726.00	735.00	754.50	786.00	819.50	854.00	878.00	908.00	926.50	928.00	911.50	886.00	820.00	771.00	697.50	624.00	578.50	557.50	553.50	605.00	678.50	772.00	837.00	918.00	966.00	1003.50	1017.50	1014.00	991.00	972.00	964.00	
944.75	959.50	974.00	987.50	996.50	1009.00	1018.25	1032.50	1047.75	1058.00	1074.00	1091.00	1102.50	1113.25	1133.75	1143.50	1158.00	1167.00	1180.25	1194.00	1208.25	1217.50	1226.25	1239.50	1253.00	1266.50	1275.50	1286.75	1294.25	1305.25	1315.75	1322.25	1332.50	1339.00	1349.50	1358.50	1365.75	1370.50	1375.50	1385.75	1390.25	1397.00	1401.00	1407.00	1411.00	1417.75	1421.00	1423.75	1428.00	1431.25	1435.00	1437.00	1439.00	1440.75	1442.00	1443.50	1444.00	1445.00	1445.00	1445.00	1445.00	1445.00	1445.00	1444.00	1443.00	1441.50	1439.50	1437.75	1436.25	1434.50	1432.00	1429.00	1426.00	1424.00	1421.00	1419.50	1417.00	1414.00	1411.75	1408.50	1405.50	1402.00	1398.00	1394.25	1392.00	1389.50	1385.50	1381.75	1377.50	1374.50	1370.00	1367.00	1361.50	1355.25	1351.00	1346.00	1342.00	1335.50	1331.50	1326.75	1323.25	1320.25	1315.00	1312.75	1309.00	1306.50	1303.25	1300.75	1296.50	1294.25	1291.75	1288.50	1285.00	1282.50	1280.25	1280.25	1280.50	1280.00	1278.50	1277.00	1276.50	1275.50	1274.75	1273.50	1272.00	1271.25	1269.50	1268.50	1265.75	1264.00	1261.75	1259.00	1256.00	1251.50	1247.25	1243.00	1240.00	1234.75	1231.75	1227.25	1222.00	1218.50	1213.50	1210.50	1206.00	1200.50	1195.50	1191.75	1188.00	1182.50	1176.25	1171.00	1168.50	1164.00	1161.25	1157.25	1156.75	1157.00	1155.50	1149.75	1143.00	1136.50	1126.00	1118.75	1107.00	1090.75	1078.25	1060.00	1044.00	1028.00	1001.75	927.00	859.50	740.50	687.50	647.00	649.00	733.75	789.00	842.25	921.00	915.75	868.50	820.00	722.25	667.75	624.25	590.25	565.00	525.50	504.00	477.25	461.00	464.75	471.50	487.25	517.00	549.25	581.00	607.50	655.50	688.00	756.50	789.75	820.00	863.00	896.00	914.25	935.50	942.50	948.75	962.00	972.00	968.00	954.00	915.75	882.00	850.50	797.50	773.50	741.50	720.50	701.50		676.00	676.00	754.50	763.33	783.75	813.50	833.50	855.00	866.50	863.25	846.00	824.25	774.00	737.00	681.75	627.00	588.25	567.50	565.75	628.50	713.25	811.00	878.00	952.75	994.00	1017.00	1014.00	1000.25	969.00	945.50	940.33	963.00
936.50	951.00	965.50	979.00	988.00	1000.50	1009.50	1024.00	1039.00	1049.00	1064.00	1081.00	1092.50	1103.50	1125.00	1135.00	1150.00	1159.00	1172.00	1185.00	1200.00	1209.50	1218.50	1232.00	1245.50	1259.00	1268.00	1279.50	1287.00	1298.00	1308.50	1315.00	1325.00	1332.00	1341.50	1351.00	1358.50	1363.50	1368.50	1379.00	1383.50	1391.00	1395.00	1401.00	1405.00	1412.00	1415.50	1418.00	1422.00	1425.50	1429.00	1431.00	1433.00	1434.50	1436.00	1437.50	1438.00	1439.00	1439.00	1439.00	1439.00	1439.00	1439.00	1438.00	1437.00	1435.50	1433.00	1431.50	1430.00	1428.00	1426.00	1423.00	1420.00	1418.00	1415.00	1413.50	1411.00	1408.00	1405.50	1402.00	1399.00	1395.50	1391.00	1387.50	1385.00	1382.50	1379.00	1375.00	1371.00	1368.00	1363.50	1360.50	1355.00	1348.50	1344.00	1339.00	1335.00	1328.00	1324.00	1319.00	1315.50	1312.50	1307.00	1304.50	1301.00	1298.00	1295.00	1292.50	1288.00	1285.50	1283.00	1280.00	1276.00	1274.00	1271.50	1271.00	1271.00	1270.00	1268.50	1267.00	1266.00	1265.50	1264.50	1263.00	1261.50	1260.50	1258.00	1257.00	1254.00	1251.00	1248.50	1245.50	1242.50	1238.00	1234.00	1230.00	1227.00	1221.00	1217.50	1212.00	1206.00	1202.50	1197.00	1194.00	1189.50	1184.00	1179.00	1175.00	1171.00	1165.00	1158.00	1152.00	1150.00	1146.00	1144.00	1141.50	1141.00	1141.00	1140.00	1135.50	1130.00	1124.00	1114.50	1107.00	1095.00	1079.00	1066.50	1051.00	1043.50	1032.00	1007.50	932.00	861.50	736.00	676.00	622.00	620.00	719.00	783.50	845.00	935.00	931.50	882.00	823.00	699.50	626.50	552.50	497.50	482.00	472.00	464.00	447.50	442.00	457.50	472.00	494.50	534.00	574.00	612.00	646.00	709.00	749.00	821.00	853.50	879.50	914.00	936.00	946.00	954.00	945.50	942.00	942.00	943.00	932.50	915.00	885.00	860.50	838.00	803.00	785.50	753.00	730.00	701.50	675.00	676.00	676.00		718.00	748.00	773.00	789.00	802.00	806.50	798.50	780.50	762.50	728.00	703.00	666.00	630.00	598.00	577.50	578.00	652.00	748.00	850.00	919.00	987.50	1022.00	1030.50	1010.50	986.50	947.00	919.00	928.50	963.00
927.75	942.00	956.00	969.50	978.00	990.75	999.75	1014.00	1028.25	1037.50	1052.00	1067.50	1078.50	1089.75	1112.50	1123.00	1138.00	1147.50	1161.00	1175.50	1191.75	1201.75	1211.00	1224.50	1238.25	1252.50	1261.00	1272.75	1280.25	1290.50	1300.50	1307.00	1317.00	1324.00	1333.25	1342.50	1350.25	1355.50	1360.50	1371.00	1376.25	1384.50	1389.00	1394.75	1398.50	1405.75	1409.00	1411.75	1415.50	1419.25	1422.50	1424.50	1426.75	1428.25	1430.00	1432.00	1432.50	1433.50	1433.50	1433.50	1433.25	1432.75	1432.25	1431.00	1430.00	1428.50	1426.50	1424.75	1423.25	1421.75	1419.50	1417.25	1414.50	1412.50	1409.25	1407.25	1404.25	1401.00	1398.50	1395.00	1392.00	1388.50	1383.50	1380.00	1377.50	1375.00	1371.00	1367.25	1363.50	1360.50	1356.25	1353.00	1347.50	1341.25	1337.00	1331.50	1328.00	1320.50	1317.00	1311.50	1307.75	1304.25	1298.25	1295.50	1291.50	1288.50	1285.00	1282.75	1278.00	1275.75	1273.25	1270.00	1266.75	1264.50	1262.25	1261.00	1259.75	1257.50	1255.75	1254.50	1254.00	1253.75	1252.75	1250.50	1248.50	1247.50	1245.00	1243.50	1240.25	1236.00	1232.00	1228.75	1225.50	1221.00	1218.00	1214.00	1210.00	1203.50	1199.50	1193.00	1186.00	1181.50	1175.00	1171.00	1165.50	1159.50	1154.00	1150.00	1146.25	1140.00	1132.00	1125.50	1123.50	1120.50	1120.25	1121.50	1121.00	1119.75	1117.50	1113.00	1107.50	1102.00	1093.50	1087.00	1076.00	1060.75	1048.75	1030.00	1010.75	994.50	970.75	902.25	833.25	709.00	649.00	593.50	595.00	708.25	778.00	835.75	913.50	903.00	849.00	788.50	663.25	587.50	502.25	437.75	424.50	423.50	423.00	421.50	430.50	460.00	483.50	514.50	566.50	626.00	688.00	730.00	793.25	831.00	883.75	904.00	915.75	927.00	930.75	930.50	927.50	917.50	912.00	905.00	901.00	888.00	871.00	864.33	830.00	834.50	817.25	804.50	770.00	743.50	710.00	675.00			700.50	728.00	763.50	791.50	809.00	819.75	821.25	809.75	789.25	769.50	730.50	702.00	665.25	632.00	606.00	591.00	596.25	674.50	772.75	869.00	933.50	988.00	1011.00	1004.75	971.25	941.25	901.00	874.50	896.50	949.00
919.00	933.00	946.50	960.00	968.00	981.00	990.00	1004.00	1017.50	1026.00	1040.00	1054.00	1064.50	1076.00	1100.00	1111.00	1126.00	1136.00	1150.00	1166.00	1183.50	1194.00	1203.50	1217.00	1231.00	1246.00	1254.00	1266.00	1273.50	1283.00	1292.50	1299.00	1309.00	1316.00	1325.00	1334.00	1342.00	1347.50	1352.50	1363.00	1369.00	1378.00	1383.00	1388.50	1392.00	1399.50	1402.50	1405.50	1409.00	1413.00	1416.00	1418.00	1420.50	1422.00	1424.00	1426.50	1427.00	1428.00	1428.00	1428.00	1427.50	1426.50	1425.50	1424.00	1423.00	1421.50	1420.00	1418.00	1416.50	1415.50	1413.00	1411.50	1409.00	1407.00	1403.50	1401.00	1397.50	1394.00	1391.50	1388.00	1385.00	1381.50	1376.00	1372.50	1370.00	1367.50	1363.00	1359.50	1356.00	1353.00	1349.00	1345.50	1340.00	1334.00	1330.00	1324.00	1321.00	1313.00	1310.00	1304.00	1300.00	1296.00	1289.50	1286.50	1282.00	1279.00	1275.00	1273.00	1268.00	1266.00	1263.50	1260.00	1257.50	1255.00	1253.00	1251.00	1248.50	1245.00	1243.00	1242.00	1242.00	1242.00	1241.00	1238.00	1235.50	1234.50	1232.00	1230.00	1226.50	1221.00	1215.50	1212.00	1208.50	1204.00	1202.00	1198.00	1193.00	1186.00	1181.50	1174.00	1166.00	1160.50	1153.00	1148.00	1141.50	1135.00	1129.00	1125.00	1121.50	1115.00	1106.00	1099.00	1097.00	1095.00	1096.50	1101.50	1101.00	1098.50	1095.00	1090.50	1085.00	1080.00	1072.50	1067.00	1057.00	1042.50	1031.00	1009.00	978.00	957.00	934.00	872.50	805.00	682.00	622.00	565.00	570.00	697.50	772.50	826.50	892.00	874.50	816.00	754.00	627.00	548.50	452.00	378.00	367.00	375.00	382.00	395.50	419.00	462.50	495.00	534.50	599.00	678.00	764.00	814.00	877.50	913.00	946.50	954.50	952.00	940.00	925.50	915.00	901.00	889.50	882.00	868.00	859.00	843.50	827.00	827.00	828.50	831.00	831.50	823.50	787.00	757.00	718.50		679.00	687.00	700.50	738.00	779.00	810.00	829.00	837.50	836.00	821.00	798.00	776.50	733.00	701.00	664.50	634.00	614.00	604.50	614.50	697.00	797.50	888.00	948.00	988.50	1000.00	979.00	932.00	896.00	855.00	830.00	864.50	935.00
902.50	909.00	923.00	937.00	945.00	958.50	967.50	981.00	996.00	1005.50	1020.00	1035.00	1045.50	1057.50	1082.50	1093.00	1109.00	1119.00	1134.00	1149.00	1165.50	1176.00	1186.00	1200.00	1214.00	1229.00	1238.00	1250.00	1258.00	1268.50	1278.50	1285.50	1296.00	1302.00	1312.00	1321.00	1329.00	1334.50	1340.00	1350.50	1356.00	1365.00	1370.00	1376.00	1380.00	1386.50	1389.50	1392.00	1396.00	1400.00	1403.00	1405.00	1408.00	1409.50	1411.00	1412.50	1413.00	1414.00	1413.50	1413.00	1413.00	1412.00	1411.50	1410.00	1409.00	1407.50	1406.00	1404.00	1402.50	1401.50	1400.00	1398.00	1395.00	1393.00	1390.00	1387.50	1383.50	1380.00	1378.00	1374.00	1372.00	1368.00	1362.00	1358.00	1356.00	1353.50	1349.00	1345.50	1341.00	1338.00	1333.50	1330.50	1325.50	1320.50	1317.00	1311.00	1308.00	1300.00	1296.00	1290.00	1285.50	1281.50	1274.00	1270.50	1266.00	1262.00	1258.50	1255.50	1251.00	1248.50	1246.00	1243.00	1240.00	1237.00	1235.00	1232.50	1229.50	1226.00	1223.50	1222.00	1222.00	1221.50	1220.50	1218.00	1214.50	1212.00	1208.00	1205.00	1201.50	1196.00	1191.00	1187.50	1184.00	1178.00	1174.50	1169.00	1164.00	1156.50	1151.50	1143.50	1135.00	1129.00	1121.00	1116.00	1109.50	1101.00	1093.50	1088.50	1083.50	1076.00	1070.00	1065.00	1063.00	1062.00	1063.50	1068.00	1067.50	1066.50	1065.00	1062.00	1058.00	1052.00	1043.50	1037.00	1027.00	1013.00	1003.00	981.00	948.00	920.00	880.50	779.00	699.00	561.00	501.00	461.50	486.00	641.00	727.00	778.00	828.00	759.00	631.00	562.00	485.00	439.00	390.00	354.50	349.50	354.00	368.00	405.50	446.00	486.33	541.00	594.00	702.00	793.00	875.00	915.00	954.00	972.50	975.00	966.50	945.50	905.00	880.50	869.50	858.00	855.50	851.00	834.00	821.00	811.00	807.00	824.00	842.50	856.50	861.00	852.50	811.00	778.00	743.50	718.00	729.00	749.50	773.50	822.00	871.50	908.00	930.00	943.00	945.00	933.00	911.00	885.00	817.00	767.00	714.00	671.00	652.50	647.50	651.50	689.00	736.00	780.00	808.00	825.00	827.00	823.00	814.50	810.50	817.00	823.00	852.00	891.00
889.75	896.00	909.50	923.00	931.50	945.00	954.50	969.50	984.75	994.75	1010.00	1025.25	1036.00	1048.00	1073.25	1084.00	1100.00	1110.00	1125.50	1141.00	1157.75	1168.50	1178.25	1192.50	1206.25	1221.00	1230.00	1242.00	1250.00	1260.75	1271.00	1278.00	1288.50	1295.00	1304.75	1314.00	1322.00	1327.75	1333.25	1343.75	1349.50	1358.50	1363.50	1369.50	1373.25	1379.50	1382.50	1385.25	1389.50	1393.00	1396.00	1398.00	1401.00	1402.50	1404.00	1405.25	1405.75	1406.50	1406.25	1405.75	1405.50	1404.25	1403.50	1402.00	1401.50	1400.00	1398.50	1396.25	1395.00	1393.75	1392.00	1389.75	1387.50	1385.50	1382.50	1380.25	1376.50	1373.00	1370.75	1366.50	1364.00	1359.75	1354.50	1350.50	1348.50	1346.00	1341.50	1338.00	1333.50	1330.00	1325.50	1322.50	1317.50	1312.25	1308.50	1303.00	1299.50	1291.50	1288.00	1282.00	1277.75	1273.75	1266.00	1262.25	1257.50	1254.00	1250.00	1247.00	1241.75	1239.00	1236.25	1233.00	1230.00	1227.00	1224.25	1221.75	1219.00	1215.50	1212.75	1211.50	1211.50	1211.00	1209.75	1206.75	1203.00	1200.50	1196.50	1193.50	1189.50	1184.00	1178.50	1174.75	1171.00	1165.50	1161.00	1155.50	1150.00	1142.00	1136.75	1128.00	1118.75	1112.00	1103.00	1097.50	1089.75	1081.50	1074.25	1069.50	1064.75	1058.50	1052.75	1048.50	1047.00	1045.50	1046.75	1050.75	1051.00	1051.00	1050.50	1048.25	1045.00	1040.50	1033.75	1028.50	1020.00	1004.00	990.75	965.50	930.75	900.00	854.75	738.75	652.50	505.50	443.00	404.50	430.00	584.75	670.75	722.25	773.50	700.25	564.50	497.50	432.25	394.75	359.50	337.75	341.00	357.50	378.00	423.00	472.50	536.33	595.00	629.25	723.00	801.50	872.50	906.00	937.25	951.50	951.00	942.75	924.25	873.00	871.00	864.75	858.00	857.00	853.00	835.50	821.50	813.50	813.00	836.25	860.00	877.25	877.50	866.25	820.50	784.50	754.75	737.50	756.00	781.00	807.75	854.50	900.75	933.00	952.00	963.00	964.25	954.00	935.50	911.50	843.50	792.50	735.75	688.50	663.25	653.50	651.75	677.50	712.50	746.50	769.00	783.75	787.25	788.00	786.00	787.00	800.00	810.50	842.00	881.00
877.00	883.00	896.00	909.00	918.00	931.50	941.50	958.00	973.50	984.00	1000.00	1015.50	1026.50	1038.50	1064.00	1075.00	1091.00	1101.00	1117.00	1133.00	1150.00	1161.00	1170.50	1185.00	1198.50	1213.00	1222.00	1234.00	1242.00	1253.00	1263.50	1270.50	1281.00	1288.00	1297.50	1307.00	1315.00	1321.00	1326.50	1337.00	1343.00	1352.00	1357.00	1363.00	1366.50	1372.50	1375.50	1378.50	1383.00	1386.00	1389.00	1391.00	1394.00	1395.50	1397.00	1398.00	1398.50	1399.00	1399.00	1398.50	1398.00	1396.50	1395.50	1394.00	1394.00	1392.50	1391.00	1388.50	1387.50	1386.00	1384.00	1381.50	1380.00	1378.00	1375.00	1373.00	1369.50	1366.00	1363.50	1359.00	1356.00	1351.50	1347.00	1343.00	1341.00	1338.50	1334.00	1330.50	1326.00	1322.00	1317.50	1314.50	1309.50	1304.00	1300.00	1295.00	1291.00	1283.00	1280.00	1274.00	1270.00	1266.00	1258.00	1254.00	1249.00	1246.00	1241.50	1238.50	1232.50	1229.50	1226.50	1223.00	1220.00	1217.00	1213.50	1211.00	1208.50	1205.00	1202.00	1201.00	1201.00	1200.50	1199.00	1195.50	1191.50	1189.00	1185.00	1182.00	1177.50	1172.00	1166.00	1162.00	1158.00	1153.00	1147.50	1142.00	1136.00	1127.50	1122.00	1112.50	1102.50	1095.00	1085.00	1079.00	1070.00	1062.00	1055.00	1050.50	1046.00	1041.00	1035.50	1032.00	1031.00	1029.00	1030.00	1033.50	1034.50	1035.50	1036.00	1034.50	1032.00	1029.00	1024.00	1020.00	1013.00	995.00	978.50	950.00	913.50	880.00	829.00	698.50	606.00	450.00	385.00	347.50	374.00	528.50	614.50	666.50	719.00	641.50	498.00	433.00	379.50	350.50	329.00	321.00	332.50	361.00	388.00	440.50	499.00	566.50	613.50	664.50	744.00	810.00	870.00	897.00	920.50	930.50	927.00	919.00	903.00	873.00	861.50	860.00	858.00	858.50	855.00	837.00	822.00	816.00	819.00	848.50	877.50	898.00	894.00	880.00	830.00	791.00	766.00	757.00	783.00	812.50	842.00	887.00	930.00	958.00	974.00	983.00	983.50	975.00	960.00	938.00	870.00	818.00	757.50	706.00	674.00	659.50	652.00	666.00	689.00	713.00	730.00	742.50	747.50	753.00	757.50	763.50	783.00	798.00	832.00	871.00
840.00	851.00	866.00	881.00	891.00	905.50	916.50	933.00	950.00	961.50	978.00	994.50	1006.50	1019.50	1045.00	1056.50	1073.00	1084.00	1101.50	1119.00	1135.50	1146.50	1156.50	1170.00	1184.50	1198.00	1207.00	1219.00	1227.00	1238.50	1250.00	1257.50	1268.00	1274.00	1283.50	1293.00	1302.00	1307.50	1312.50	1323.50	1329.50	1339.00	1344.00	1349.50	1353.00	1359.50	1362.50	1365.00	1369.00	1372.00	1375.00	1377.00	1379.50	1380.50	1382.00	1383.00	1383.00	1384.00	1383.50	1383.00	1382.50	1380.50	1379.50	1378.00	1378.00	1376.50	1374.00	1372.50	1371.50	1370.00	1368.00	1365.50	1364.00	1362.00	1359.00	1357.00	1354.00	1350.50	1348.00	1344.00	1341.00	1336.50	1332.00	1327.50	1325.00	1322.50	1319.00	1314.50	1310.00	1306.00	1301.50	1298.50	1293.50	1288.00	1284.00	1278.00	1275.00	1267.00	1264.00	1258.00	1254.00	1250.00	1241.50	1237.00	1232.00	1228.00	1223.50	1220.50	1214.50	1211.00	1208.00	1205.00	1201.00	1198.00	1194.00	1191.50	1188.50	1184.00	1181.00	1179.00	1179.00	1178.50	1176.50	1172.00	1167.50	1164.50	1160.00	1157.00	1152.00	1146.00	1140.00	1135.50	1131.00	1124.00	1118.50	1111.00	1105.00	1096.00	1090.00	1080.00	1069.00	1061.00	1049.00	1043.00	1034.00	1025.00	1016.50	1012.00	1008.00	1004.00	1002.50	1002.00	1001.00	1000.00	1001.00	1003.50	1005.00	1006.50	1007.00	1006.50	1014.00	1029.00	1048.00	1048.50	1041.00	1015.00	991.00	946.00	884.50	835.50	770.50	618.00	526.00	379.00	325.00	311.00	318.00	368.50	400.00	428.00	467.00	430.50	356.00	321.00	291.00	277.00	277.50	290.50	314.50	360.00	398.00	465.50	535.00	605.50	653.00	701.50	775.00	837.00	894.00	918.00	935.00	941.00	927.00	915.00	899.50	874.00	859.00	853.50	846.00	842.50	837.50	822.00	811.00	808.00	813.00	838.50	861.00	874.00	851.00	830.50	785.00	752.00	745.00	761.00	808.00	850.00	889.00	936.00	973.50	987.00	992.00	989.50	984.00	974.50	964.00	946.50	885.00	838.00	777.00	721.00	683.50	664.50	651.50	654.00	663.50	681.00	693.00	708.50	717.50	732.00	747.00	759.00	784.00	803.00	835.50	870.00
819.00	834.50	851.00	867.50	877.50	893.00	904.25	921.50	939.00	950.75	968.00	985.25	997.50	1010.50	1036.75	1048.50	1065.00	1076.50	1094.00	1111.50	1128.75	1139.75	1149.50	1163.50	1177.50	1191.00	1200.00	1212.25	1220.50	1232.00	1243.50	1251.00	1261.50	1267.50	1277.00	1286.50	1295.50	1301.00	1306.00	1317.00	1323.00	1332.50	1337.50	1343.00	1346.25	1352.50	1355.50	1358.25	1362.00	1365.25	1368.00	1370.00	1372.25	1373.25	1374.50	1375.50	1375.50	1376.00	1375.75	1375.25	1374.50	1372.50	1371.50	1370.00	1370.00	1368.25	1366.00	1364.50	1363.50	1362.00	1360.00	1357.75	1356.00	1354.00	1351.00	1349.00	1346.00	1342.50	1340.00	1336.00	1333.00	1328.50	1324.00	1319.75	1317.25	1314.50	1311.00	1306.50	1302.00	1298.50	1293.50	1290.50	1285.50	1280.00	1276.00	1270.50	1267.00	1259.50	1256.00	1250.00	1246.00	1242.00	1233.00	1228.50	1223.00	1219.00	1214.50	1211.25	1205.00	1201.75	1199.00	1195.50	1191.50	1188.00	1184.25	1181.50	1178.50	1174.00	1170.50	1168.00	1168.00	1166.75	1164.50	1160.00	1155.25	1152.00	1147.00	1144.00	1139.00	1133.00	1126.50	1122.00	1117.50	1110.50	1104.00	1096.00	1090.00	1080.50	1074.25	1063.75	1052.25	1043.75	1032.00	1026.00	1016.75	1007.50	999.00	994.25	989.75	986.00	986.00	986.50	985.00	984.00	984.50	986.00	987.50	989.25	991.50	995.50	1007.50	1026.00	1048.75	1050.50	1044.50	1016.50	990.50	941.00	870.00	817.25	753.25	609.75	528.75	401.50	349.50	320.50	307.00	326.25	400.00	352.75	373.00	347.25	298.00	275.00	254.75	246.75	255.00	274.25	299.25	344.00	384.00	458.25	534.50	613.25	666.00	719.50	800.00	864.25	920.00	942.00	953.50	956.00	934.50	919.25	901.75	873.50	850.00	836.50	819.50	809.50	802.00	788.00	779.00	775.50	778.50	796.50	813.00	821.00	794.25	775.50	742.50	720.00	730.50	763.50	821.00	867.25	909.25	956.50	992.50	1002.00	1003.50	996.75	989.00	976.75	964.00	945.25	882.50	834.50	773.50	718.00	681.25	663.00	650.50	652.00	661.00	678.00	690.50	708.00	719.00	736.25	753.75	767.00	792.50	810.50	840.25	870.50
798.00	818.00	836.00	854.00	864.00	880.50	892.00	910.00	928.00	940.00	958.00	976.00	988.50	1001.50	1028.50	1040.50	1057.00	1069.00	1086.50	1104.00	1122.00	1133.00	1142.50	1157.00	1170.50	1184.00	1193.00	1205.50	1214.00	1225.50	1237.00	1244.50	1255.00	1261.00	1270.50	1280.00	1289.00	1294.50	1299.50	1310.50	1316.50	1326.00	1331.00	1336.50	1339.50	1345.50	1348.50	1351.50	1355.00	1358.50	1361.00	1363.00	1365.00	1366.00	1367.00	1368.00	1368.00	1368.00	1368.00	1367.50	1366.50	1364.50	1363.50	1362.00	1362.00	1360.00	1358.00	1356.50	1355.50	1354.00	1352.00	1350.00	1348.00	1346.00	1343.00	1341.00	1338.00	1334.50	1332.00	1328.00	1325.00	1320.50	1316.00	1312.00	1309.50	1306.50	1303.00	1298.50	1294.00	1291.00	1285.50	1282.50	1277.50	1272.00	1268.00	1263.00	1259.00	1252.00	1248.00	1242.00	1238.00	1234.00	1224.50	1220.00	1214.00	1210.00	1205.50	1202.00	1195.50	1192.50	1190.00	1186.00	1182.00	1178.00	1174.50	1171.50	1168.50	1164.00	1160.00	1157.00	1157.00	1155.00	1152.50	1148.00	1143.00	1139.50	1134.00	1131.00	1126.00	1120.00	1113.00	1108.50	1104.00	1097.00	1089.50	1081.00	1075.00	1065.00	1058.50	1047.50	1035.50	1026.50	1015.00	1009.00	999.50	990.00	981.50	976.50	971.50	968.00	969.50	971.00	969.00	968.00	968.00	968.50	970.00	972.00	976.00	984.50	1001.00	1023.00	1049.50	1052.50	1048.00	1018.00	990.00	936.00	855.50	799.00	736.00	601.50	531.50	424.00	374.00	330.00	296.00	284.00		277.50	279.00	264.00	240.00	229.00	218.50	216.50	232.50	258.00	284.00	328.00	370.00	451.00	534.00	621.00	679.00	737.50	825.00	891.50	946.00	966.00	972.00	971.00	942.00	923.50	904.00	873.00	841.00	819.50	793.00	776.50	766.50	754.00	747.00	743.00	744.00	754.50	765.00	768.00	737.50	720.50	700.00	688.00	716.00	766.00	834.00	884.50	929.50	977.00	1011.50	1017.00	1015.00	1004.00	994.00	979.00	964.00	944.00	880.00	831.00	770.00	715.00	679.00	661.50	649.50	650.00	658.50	675.00	688.00	707.50	720.50	740.50	760.50	775.00	801.00	818.00	845.00	871.00
759.00	785.00	805.50	825.00	838.00	856.50	869.50	889.00	908.50	921.50	940.00	959.00	971.50	985.00	1012.50	1025.00	1042.00	1054.00	1071.00	1089.00	1108.00	1120.00	1130.50	1144.00	1157.50	1171.00	1180.00	1192.50	1201.00	1212.50	1224.00	1231.50	1242.00	1248.00	1258.00	1267.00	1276.00	1282.00	1287.50	1298.00	1304.00	1313.00	1318.00	1322.50	1325.50	1331.50	1334.50	1337.50	1341.00	1344.00	1347.00	1348.00	1349.50	1350.50	1352.00	1352.50	1353.00	1353.00	1352.50	1351.50	1350.50	1347.50	1346.00	1345.00	1344.00	1342.50	1341.00	1339.50	1338.50	1337.00	1335.00	1332.50	1330.00	1329.00	1326.00	1324.00	1320.50	1317.00	1315.00	1311.00	1309.00	1304.50	1300.00	1295.50	1293.00	1290.50	1286.00	1281.50	1277.00	1274.00	1269.50	1266.50	1261.50	1256.00	1252.00	1247.00	1243.00	1236.00	1232.00	1226.00	1222.00	1218.00	1207.00	1202.00	1196.00	1193.00	1187.00	1183.50	1177.50	1174.50	1171.00	1166.00	1161.50	1157.00	1153.00	1150.50	1147.50	1143.00	1139.00	1136.00	1134.00	1131.00	1128.50	1124.00	1119.00	1115.00	1110.00	1106.00	1099.50	1093.00	1086.00	1081.50	1076.50	1069.00	1060.00	1050.00	1043.00	1033.50	1026.00	1014.50	1002.50	994.00	982.00	974.00	963.50	954.00	945.50	940.50	935.50	931.00	932.50	932.00	930.00	926.00	924.50	923.00	924.00	925.50	932.00	947.00	962.00	973.00	987.00	990.50	992.00	969.33	953.00	911.00	842.00	796.50	751.50	665.00	629.50	580.00	535.00	447.00	378.00	351.33	325.00	291.33	250.00	223.00	181.00	170.00	169.50	173.50	196.00	224.50	247.00	284.00	324.00	409.50	506.00	626.00	704.00	777.00	882.00	947.00	992.00	1003.00	990.00	977.00	929.00	901.50	871.00	824.00	768.00	727.50	679.00	652.50	639.00	631.00	629.00	627.00	626.00	632.50	639.50	643.00	634.00	633.00	649.00	664.00	723.00	802.00	874.00	920.00	961.00	1007.00	1041.50	1051.00	1053.00	1042.00	1029.50	998.00	958.50	923.50	850.00	797.00	737.50	688.00	660.00	648.50	642.00	649.00	664.00	684.00	699.00	721.00	735.50	757.00	778.50	793.00	815.00	830.00	850.50	870.00
744.00	768.00	789.50	810.00	824.00	844.25	857.75	878.00	897.75	911.00	930.50	949.75	962.50	976.00	1003.50	1016.25	1034.00	1046.00	1063.50	1082.00	1101.25	1113.50	1124.00	1138.00	1151.50	1165.00	1174.00	1186.25	1194.50	1206.25	1217.75	1225.00	1235.50	1242.00	1251.75	1261.00	1270.00	1275.75	1281.25	1291.75	1297.50	1306.00	1310.50	1315.50	1318.50	1324.50	1327.25	1330.00	1333.50	1336.50	1339.50	1340.50	1342.50	1343.50	1344.50	1344.75	1345.00	1345.00	1344.50	1343.75	1342.75	1338.75	1337.00	1335.50	1334.50	1333.00	1331.50	1330.00	1329.00	1327.50	1325.50	1322.75	1320.00	1319.00	1316.00	1314.00	1310.75	1307.50	1305.25	1301.50	1299.50	1295.00	1290.50	1286.50	1283.75	1281.25	1277.00	1272.75	1268.50	1265.50	1261.00	1258.00	1253.00	1247.50	1243.50	1238.00	1234.50	1227.00	1223.00	1217.50	1213.50	1209.25	1198.25	1193.25	1187.00	1184.00	1178.25	1174.75	1168.25	1165.00	1161.50	1156.50	1151.25	1146.50	1142.25	1139.50	1136.50	1132.00	1127.50	1124.00	1122.00	1119.25	1116.25	1111.25	1106.00	1102.00	1096.50	1092.50	1085.50	1078.50	1071.00	1066.00	1060.75	1053.00	1043.50	1033.50	1026.50	1016.25	1008.50	997.00	985.50	978.00	966.50	958.00	945.75	935.50	926.25	921.00	916.00	910.50	908.75	906.00	903.50	899.00	897.50	895.50	894.75	894.00	895.50	902.25	910.00	916.50	925.25	929.00	934.00	911.67	923.50	902.50	854.75	821.25	783.50	710.00	687.25	661.00	635.00	580.50	517.50	470.00	385.75	339.75	274.50	230.00	179.00	162.00	155.50	157.00	181.25	212.75	236.75	275.50	314.00	391.25	485.50	614.50	697.50	773.75	882.50	946.50	988.00	995.00	973.25	954.25	893.25	858.50	819.00	757.00	691.75	647.00	596.50	577.50	569.00	569.50	573.00	579.00	585.50	602.25	617.00	624.67	641.50	650.50	678.50	700.00	759.50	833.50	894.00	930.00	964.00	1008.50	1046.25	1065.00	1074.00	1062.25	1045.75	997.25	933.25	885.25	812.50	764.00	710.50	666.50	645.00	638.25	636.00	648.00	666.00	687.50	703.00	725.25	739.75	761.50	783.50	798.00	819.00	833.00	852.25	870.50
729.00	751.00	773.50	795.00	810.00	832.00	846.00	867.00	887.00	900.50	921.00	940.50	953.50	967.00	994.50	1007.50	1026.00	1038.00	1056.00	1075.00	1094.50	1107.00	1117.50	1132.00	1145.50	1159.00	1168.00	1180.00	1188.00	1200.00	1211.50	1218.50	1229.00	1236.00	1245.50	1255.00	1264.00	1269.50	1275.00	1285.50	1291.00	1299.00	1303.00	1308.50	1311.50	1317.50	1320.00	1322.50	1326.00	1329.00	1332.00	1333.00	1335.50	1336.50	1337.00	1337.00	1337.00	1337.00	1336.50	1336.00	1335.00	1330.00	1328.00	1326.00	1325.00	1323.50	1322.00	1320.50	1319.50	1318.00	1316.00	1313.00	1310.00	1309.00	1306.00	1304.00	1301.00	1298.00	1295.50	1292.00	1290.00	1285.50	1281.00	1277.50	1274.50	1272.00	1268.00	1264.00	1260.00	1257.00	1252.50	1249.50	1244.50	1239.00	1235.00	1229.00	1226.00	1218.00	1214.00	1209.00	1205.00	1200.50	1189.50	1184.50	1178.00	1175.00	1169.50	1166.00	1159.00	1155.50	1152.00	1147.00	1141.00	1136.00	1131.50	1128.50	1125.50	1121.00	1116.00	1112.00	1110.00	1107.50	1104.00	1098.50	1093.00	1089.00	1083.00	1079.00	1071.50	1064.00	1056.00	1050.50	1045.00	1037.00	1027.00	1017.00	1010.00	999.00	991.00	979.50	968.50	962.00	951.00	942.00	928.00	917.00	907.00	901.50	896.50	890.00	885.00	880.00	877.00	872.00	870.50	868.00	865.50	862.50	859.00	857.50	858.00	860.00	863.50	867.50	876.00	886.00	894.00	894.00	867.50	846.00	815.50	755.00	745.00	742.00	735.00	714.00	657.00	526.00	446.50	383.00	299.00	233.50	177.00	154.00	141.50	140.50	166.50	201.00	226.50	267.00	304.00	373.00	465.00	603.00	691.00	770.50	883.00	946.00	984.00	987.00	956.50	931.50	857.50	815.50	767.00	690.00	615.50	566.50	514.00	502.50	499.00	508.00	517.00	531.00	545.00	572.00	594.50	615.50	649.00	668.00	708.00	736.00	796.00	865.00	914.00	940.00	967.00	1010.00	1051.00	1079.00	1095.00	1082.50	1062.00	996.50	908.00	847.00	775.00	731.00	683.50	645.00	630.00	628.00	630.00	647.00	668.00	691.00	707.00	729.50	744.00	766.00	788.50	803.00	823.00	836.00	854.00	871.00
701.50	722.00	744.00	767.00	785.00	810.00	826.00	850.00	871.00	885.00	906.00	927.00	940.50	954.00	981.50	994.50	1014.00	1026.00	1044.00	1063.00	1081.50	1093.50	1104.00	1118.00	1132.50	1146.00	1155.00	1167.00	1175.00	1187.50	1199.50	1206.50	1217.00	1224.00	1236.00	1246.00	1254.50	1259.50	1264.50	1274.00	1278.50	1285.00	1289.00	1293.50	1296.50	1302.50	1305.50	1308.00	1312.00	1315.00	1318.00	1319.00	1320.50	1320.50	1318.00	1314.50	1314.50	1315.00	1315.00	1315.00	1315.00	1313.50	1313.00	1312.00	1311.00	1309.50	1308.00	1305.50	1304.00	1302.50	1300.00	1298.00	1295.00	1293.00	1288.50	1285.50	1281.50	1278.50	1277.00	1273.00	1271.00	1268.00	1265.00	1261.00	1258.50	1256.00	1252.00	1248.50	1245.00	1242.00	1238.00	1235.50	1229.00	1221.50	1217.00	1211.00	1208.00	1200.00	1196.00	1190.50	1187.00	1183.00	1175.00	1171.00	1165.00	1162.00	1156.00	1152.00	1145.00	1141.00	1137.50	1132.00	1126.50	1121.00	1116.00	1112.00	1108.00	1102.00	1097.00	1092.00	1088.00	1082.00	1078.00	1072.00	1066.00	1061.50	1055.00	1050.00	1043.50	1037.00	1030.00	1025.50	1021.00	1012.00	999.50	988.00	980.00	969.00	961.50	950.00	937.50	929.00	916.00	908.00	896.00	884.00	872.50	865.50	858.50	847.00	832.50	823.00	824.00	823.50	819.50	807.00	798.00	787.50	772.00	758.00	741.00	726.00	709.50	715.50	735.00	777.00	813.00	855.00	872.50	870.50	842.00	765.00	746.00	729.00	731.00	753.00	722.00	586.50	501.00	426.00	322.00	263.00				7.50	87.00	182.00	205.00	213.00	223.00	242.50	292.00	400.00	475.50	558.50	689.00	771.50	831.00	838.00	800.50	768.00	664.50	610.50	559.00	485.00	447.50	435.00	442.00	497.00	532.50	582.00	615.00	643.00	661.00	686.50	706.00	724.50	755.00	771.50	803.00	825.00	869.00	917.00	942.50	951.00	965.50	1008.00	1053.50	1089.00	1110.00	1071.00	1020.50	929.00	827.00	763.00	696.00	656.00	622.00	601.00	603.50	612.50	623.00	645.00	667.50	689.00	703.00	724.50	740.00	765.00	791.50	808.50	829.00	843.00	857.50	870.00
678.67	698.00	721.00	745.00	761.00	786.00	801.00	823.00	844.00	858.50	879.00	898.50	913.00	931.00	968.00	982.50	1002.00	1015.00	1034.00	1053.00	1071.00	1082.50	1093.00	1108.00	1122.00	1136.00	1145.00	1157.00	1165.00	1177.00	1189.00	1196.50	1206.00	1214.00	1224.50	1234.00	1241.50	1246.50	1251.00	1260.50	1265.00	1271.00	1275.00	1279.50	1282.50	1287.50	1290.50	1293.00	1297.00	1299.50	1302.00	1303.00	1304.50	1304.50	1301.00	1297.50	1297.50	1298.00	1298.00	1298.00	1298.00	1297.00	1296.50	1295.00	1294.00	1292.50	1291.00	1288.50	1287.50	1286.00	1283.00	1281.00	1278.00	1276.00	1272.00	1268.00	1264.00	1261.00	1259.00	1256.00	1254.00	1251.00	1247.00	1244.00	1242.00	1239.50	1236.00	1232.50	1229.00	1227.00	1222.50	1220.00	1215.50	1210.50	1207.00	1199.00	1194.00	1185.00	1182.00	1176.00	1172.50	1169.00	1161.00	1157.00	1151.00	1147.00	1141.00	1137.00	1129.00	1125.00	1121.50	1116.00	1111.00	1106.00	1100.00	1095.50	1090.50	1084.00	1078.00	1072.00	1068.00	1062.00	1057.50	1050.50	1043.50	1039.00	1032.00	1028.00	1021.50	1014.00	1006.50	1001.50	996.50	987.00	974.50	961.00	953.00	940.00	932.00	919.50	906.00	896.00	881.00	872.00	858.00	842.00	826.50	818.00	810.00	798.00	786.00	774.00	765.00	755.50	754.50	752.50	738.00	718.00	687.00	655.00	627.00	614.00	601.00	607.00	625.00	675.50	720.50	773.00	794.50	790.50	749.00	638.50	604.00	566.00	571.00	622.00	621.00	513.50	427.00	331.33						0.00	0.00	41.00	82.33	84.00	88.00	99.50	128.00	189.50	235.50	290.50	380.00	446.00	499.00	511.00	492.50	476.00	424.00	403.00	396.50	398.00	442.00	485.50	557.00	639.50	687.00	731.00	756.00	774.50	783.00	794.00	802.00	809.00	820.50	829.00	854.00	872.00	912.50	960.00	989.00	1002.50	1023.00	1081.00	1124.50	1085.00	1044.00	963.00	903.00	812.00	720.00	667.50	621.00	596.00	587.00	593.00	608.50	622.00	635.00	652.00	667.00	681.00	690.00	704.50	714.00	746.50	791.00	822.00	858.00	881.00	885.00	873.00
683.00	698.00	721.00	745.00	761.00	786.00	801.00	823.00	844.00	858.50	879.00	898.50	913.00	931.00	968.00	982.50	1002.00	1015.00	1034.00	1053.00	1071.00	1082.50	1093.00	1108.00	1122.00	1136.00	1145.00	1157.00	1165.00	1177.00	1189.00	1196.50	1206.00	1214.00	1224.50	1234.00	1241.50	1246.50	1251.00	1260.50	1265.00	1271.00	1275.00	1279.50	1282.50	1287.50	1290.50	1293.00	1297.00	1299.50	1302.00	1303.00	1304.50	1304.50	1301.00	1297.50	1297.50	1298.00	1298.00	1298.00	1298.00	1297.00	1296.50	1295.00	1294.00	1292.50	1291.00	1288.50	1287.50	1286.00	1283.00	1281.00	1278.00	1276.00	1272.00	1268.00	1264.00	1261.00	1259.00	1256.00	1254.00	1251.00	1247.00	1244.00	1242.00	1239.50	1236.00	1232.50	1229.00	1227.00	1222.50	1220.00	1215.50	1210.50	1207.00	1199.00	1194.00	1185.00	1182.00	1176.00	1172.50	1169.00	1161.00	1157.00	1151.00	1147.00	1141.00	1137.00	1129.00	1125.00	1121.50	1116.00	1111.00	1106.00	1100.00	1095.50	1090.50	1084.00	1078.00	1072.00	1068.00	1062.00	1057.50	1050.50	1043.50	1039.00	1032.00	1028.00	1021.50	1014.00	1006.50	1001.50	996.50	987.00	974.50	961.00	953.00	940.00	932.00	919.50	906.00	896.00	881.00	872.00	858.00	842.00	826.50	818.00	810.00	798.00	786.00	774.00	765.00	755.50	754.50	752.50	738.00	718.00	687.00	655.00	627.00	614.00	601.00	607.00	625.00	675.50	720.50	773.00	794.50	790.50	749.00	638.50	604.00	566.00	571.00	622.00	621.00	513.50	427.00	376.00									82.00	84.00		99.50	128.00	189.50	235.50	290.50	380.00	446.00	499.00	511.00	492.50	476.00	424.00	403.00	396.50	398.00	442.00	485.50	557.00	639.50	687.00	731.00	756.00	774.50	783.00	794.00	802.00	809.00	820.50	829.00	854.00	872.00	912.50	960.00	989.00	1002.50	1023.00	1081.00	1124.50	1085.00	1044.00	963.00	903.00	812.00	720.00	667.50	621.00	596.00	587.00	593.00	608.50	622.00	635.00	652.00	667.00	681.00	690.00	704.50	714.00	746.50	791.00	822.00	858.00	881.00	885.00	873.00
666.50	686.00	705.00	725.00	741.00	764.50	779.50	802.00	824.00	838.00	858.00	876.50	891.50	911.00	954.00	969.50	990.00	1003.00	1022.50	1041.00	1060.00	1071.50	1082.00	1097.00	1111.50	1126.00	1135.00	1147.00	1155.00	1166.50	1177.50	1184.50	1195.00	1201.00	1211.00	1220.00	1227.50	1232.50	1237.50	1246.50	1250.50	1256.00	1260.00	1264.50	1267.50	1273.00	1275.50	1278.00	1281.00	1283.50	1286.00	1287.00	1288.00	1287.50	1285.00	1281.50	1281.00	1281.00	1281.00	1281.00	1280.50	1280.00	1279.50	1278.00	1277.00	1275.50	1274.00	1271.50	1270.50	1269.00	1266.00	1263.00	1260.00	1259.00	1254.50	1251.00	1247.00	1244.00	1242.50	1239.00	1237.00	1234.00	1231.00	1228.00	1226.00	1223.50	1220.00	1216.50	1213.00	1210.00	1206.50	1203.50	1199.50	1196.00	1193.00	1185.00	1180.00	1171.00	1167.00	1162.00	1158.50	1155.00	1147.00	1143.00	1137.00	1133.00	1127.00	1123.00	1115.00	1111.00	1107.00	1101.00	1096.00	1089.00	1083.00	1078.50	1073.50	1066.00	1059.50	1053.00	1049.00	1043.50	1038.50	1031.00	1023.50	1019.00	1012.00	1007.00	999.50	992.00	984.00	978.50	973.00	962.00	947.00	932.00	923.00	909.50	900.00	885.00	869.00	857.50	840.00	830.00	814.00	798.00	781.50	771.50	762.00	745.00	724.00	704.00	691.00	677.00	683.50	699.50	683.00	656.50	621.00	595.00	575.00	571.00	568.00	576.67	590.00	619.50	644.00	669.00	669.00	655.50	615.50	514.50	476.50	427.00	424.00	463.50	434.00	265.00	179.33								0.00			85.00	119.00	184.50	243.00	289.50	315.00	329.50	343.00	341.50	331.00	320.00	298.00	288.00	287.00	296.50	321.00	369.00	448.00	511.50	602.00	684.00	730.50	773.00	795.00	819.00	838.00	856.50	869.50	881.00	899.00	911.00	942.00	965.00	1007.50	1054.00	1084.00	1098.00	1115.50	1156.00	1171.00	1066.00	976.00	864.50	797.50	711.50	635.00	598.50	584.00	583.00	599.50	625.00	643.00	653.00	661.00	665.00	666.50	668.00	669.00	672.00	674.00	694.50	727.00	752.50	790.00	814.00	827.50	830.00
665.75	684.00	701.50	720.00	735.00	757.25	771.75	794.00	815.50	829.50	849.50	869.25	884.50	903.75	945.25	960.75	981.50	994.50	1014.00	1033.00	1052.50	1064.50	1075.00	1090.50	1104.75	1119.50	1128.50	1140.50	1148.50	1160.00	1171.00	1177.75	1188.00	1194.00	1203.50	1212.00	1220.00	1225.00	1230.00	1238.75	1242.75	1248.50	1252.50	1257.00	1259.75	1265.00	1267.50	1270.00	1273.00	1275.25	1277.50	1278.50	1279.50	1279.25	1277.50	1274.50	1274.00	1274.00	1273.50	1273.25	1272.50	1270.50	1269.50	1268.00	1267.50	1265.75	1264.00	1261.50	1260.50	1259.00	1256.50	1253.50	1251.00	1249.50	1245.75	1242.75	1239.25	1236.50	1234.75	1231.50	1229.50	1226.50	1223.50	1220.50	1218.25	1215.75	1212.50	1209.00	1205.00	1202.50	1198.50	1195.75	1191.75	1187.75	1184.75	1177.50	1173.00	1164.50	1161.00	1155.75	1152.25	1148.50	1139.75	1135.50	1129.50	1125.50	1119.50	1115.50	1107.50	1103.50	1099.50	1093.00	1087.50	1080.50	1074.50	1070.00	1065.25	1058.50	1051.50	1045.00	1041.00	1035.00	1030.00	1022.25	1014.50	1009.75	1002.50	997.00	989.25	981.00	972.50	966.50	960.25	948.50	932.75	917.50	908.00	894.25	884.50	868.75	851.50	838.75	820.00	809.00	792.50	776.00	758.75	747.50	736.25	717.50	695.00	674.00	662.00	649.50	655.25	670.75	658.75	638.75	610.50	585.50	570.00	574.00	585.67	599.67	611.00	635.00	653.00	669.50	664.25	649.75	613.75	522.00	479.50	415.00	390.00	367.75	303.50	155.00	209.00				0.00		49.00	61.00	0.00		236.00	230.33	246.50	336.50	411.00	454.75	474.25	474.00	459.00	341.50	375.00	346.00	306.75	288.00	285.75	294.00	313.75	352.00	416.50	468.25	545.50	622.25	668.50	721.50	753.00	793.75	831.00	866.00	888.75	908.75	938.00	954.00	988.50	1013.50	1058.00	1106.00	1129.75	1137.25	1143.25	1148.50	1129.50	1015.50	924.00	813.50	748.50	672.50	610.75	586.50	593.00	606.00	628.25	652.00	665.00	670.00	673.00	669.50	663.25	658.00	654.50	652.00	651.25	662.25	681.50	699.50	734.00	758.50	781.50	798.00
667.00	682.00	698.00	715.00	729.00	750.00	764.00	786.00	807.00	821.00	841.00	862.00	877.50	896.50	936.50	952.00	973.00	986.00	1005.50	1025.00	1045.00	1057.50	1068.00	1084.00	1098.00	1113.00	1122.00	1134.00	1142.00	1153.50	1164.50	1171.00	1181.00	1187.00	1196.00	1204.00	1212.50	1217.50	1222.50	1231.00	1235.00	1241.00	1245.00	1249.50	1252.00	1257.00	1259.50	1262.00	1265.00	1267.00	1269.00	1270.00	1271.00	1271.00	1270.00	1267.50	1267.00	1267.00	1266.00	1265.50	1264.50	1261.00	1259.50	1258.00	1258.00	1256.00	1254.00	1251.50	1250.50	1249.00	1247.00	1244.00	1242.00	1240.00	1237.00	1234.50	1231.50	1229.00	1227.00	1224.00	1222.00	1219.00	1216.00	1213.00	1210.50	1208.00	1205.00	1201.50	1197.00	1195.00	1190.50	1188.00	1184.00	1179.50	1176.50	1170.00	1166.00	1158.00	1155.00	1149.50	1146.00	1142.00	1132.50	1128.00	1122.00	1118.00	1112.00	1108.00	1100.00	1096.00	1092.00	1085.00	1079.00	1072.00	1066.00	1061.50	1057.00	1051.00	1043.50	1037.00	1033.00	1026.50	1021.50	1013.50	1005.50	1000.50	993.00	987.00	979.00	970.00	961.00	954.50	947.50	935.00	918.50	903.00	893.00	879.00	869.00	852.50	834.00	820.00	800.00	788.00	771.00	754.00	736.00	723.50	710.50	690.00	666.00	644.00	633.00	622.00	627.00	642.00	634.50	621.00	600.00	576.00	565.00	577.00	595.00	609.50	632.00	650.50	662.00	670.00	659.50	644.00	612.00	529.50	482.50	409.00	356.00	272.00	173.00	59.33				0.00	0.00		49.00	61.00	124.00	147.00	214.00	303.00	374.00	501.33	579.00	620.00	633.50	618.50	575.00	504.50	419.00	372.00	315.50	288.00	284.50	291.50	306.50	335.00	385.00	425.00	489.00	560.50	606.50	670.00	711.00	768.50	824.00	875.50	908.00	936.50	977.00	997.00	1035.00	1062.00	1108.50	1158.00	1175.50	1176.50	1171.00	1141.00	1088.00	965.00	872.00	762.50	699.50	633.50	586.50	574.50	602.00	629.00	657.00	679.00	687.00	687.00	685.00	674.00	660.00	648.00	640.00	632.00	628.50	630.00	636.00	646.50	678.00	703.00	735.50	766.00
662.00	680.00	696.00	712.00	722.00	738.50	750.50	770.00	790.00	803.50	825.00	848.00	864.50	881.50	916.00	931.00	951.00	965.00	986.00	1007.00	1028.00	1041.50	1053.00	1069.00	1084.50	1100.00	1109.00	1121.00	1129.00	1140.00	1150.50	1157.00	1166.00	1172.00	1180.50	1189.00	1197.00	1202.50	1207.00	1215.00	1219.00	1225.00	1228.00	1232.50	1235.00	1240.00	1242.50	1245.00	1247.00	1249.50	1251.00	1252.00	1253.50	1254.00	1254.00	1254.50	1253.50	1253.00	1251.50	1250.00	1248.00	1241.50	1238.50	1237.00	1236.00	1234.50	1233.00	1230.50	1229.50	1228.50	1227.00	1224.50	1223.00	1221.00	1219.50	1218.00	1215.50	1213.50	1212.00	1210.00	1208.00	1205.00	1201.00	1198.00	1196.00	1193.50	1190.00	1186.50	1183.00	1180.00	1176.00	1173.50	1169.00	1164.50	1161.50	1156.00	1153.00	1147.00	1143.00	1138.00	1134.00	1129.50	1119.00	1113.50	1107.00	1103.00	1097.00	1093.00	1085.00	1081.00	1076.50	1070.00	1062.50	1056.00	1050.00	1046.00	1042.00	1036.00	1030.00	1023.00	1018.00	1011.00	1005.50	997.50	989.50	984.00	975.00	969.00	958.50	949.00	938.50	931.00	922.50	908.00	891.50	876.00	866.00	851.00	841.00	823.50	802.50	785.00	761.00	747.00	727.00	706.00	684.50	669.00	653.50	632.00	615.00	600.00	595.00	587.50	585.50	586.00	592.50	601.50	602.00	578.00	577.00	608.00	653.50	682.50	726.00	760.50	781.00	800.00	798.00	788.50	763.50	689.50	629.00	524.00	400.00	136.00	0.00					0.00				218.00	281.50	384.50	470.50		695.00	812.00	902.00	938.50	949.50	933.00	888.00	794.00	677.00	605.00	509.00	455.50	402.50	380.00	355.50	318.00	292.50	279.50	285.00	337.50	382.00	479.00	550.00	657.00	765.00	861.00	921.00	973.00	1034.00	1059.00	1090.00	1110.00	1154.00	1204.00	1200.50	1180.00	1143.50	1033.00	910.50	802.00	733.00	653.00	607.50	576.50	570.00	585.00	646.00	693.00	721.50	728.00	717.50	705.00	691.00	665.00	639.50	621.00	610.00	598.00	592.00	581.50	570.50	572.00	603.00	629.00	676.00	727.00
666.50	677.50	692.00	706.00	715.00	729.75	741.25	760.50	780.50	794.25	816.00	838.00	853.75	871.00	906.25	921.50	942.00	956.00	977.50	999.00	1021.50	1035.50	1047.25	1063.50	1079.25	1094.50	1103.50	1115.50	1123.50	1134.50	1144.75	1151.00	1160.00	1165.50	1174.00	1182.00	1189.75	1194.75	1199.25	1207.25	1211.00	1216.50	1219.50	1224.00	1226.50	1231.75	1234.25	1236.25	1238.50	1240.75	1242.50	1243.00	1244.50	1245.00	1245.00	1245.00	1244.25	1243.50	1242.00	1240.50	1238.50	1232.25	1229.25	1228.00	1227.50	1225.75	1224.00	1221.75	1221.00	1219.75	1218.00	1215.75	1214.00	1212.50	1211.00	1209.50	1207.00	1205.00	1203.50	1201.50	1199.50	1196.75	1193.00	1190.00	1188.00	1185.75	1182.50	1179.00	1175.50	1172.50	1168.75	1166.00	1161.75	1157.50	1154.50	1149.50	1146.00	1140.00	1136.50	1131.25	1127.50	1123.25	1112.50	1107.25	1101.00	1097.00	1091.00	1087.00	1079.00	1074.75	1070.25	1063.50	1056.50	1050.00	1044.00	1039.75	1035.50	1029.50	1023.25	1016.00	1011.00	1003.75	998.25	990.00	982.00	976.50	967.50	961.00	950.25	940.00	929.50	922.00	913.75	899.50	882.25	865.50	855.50	840.25	829.75	811.00	787.75	767.75	740.00	724.50	701.50	678.50	656.00	641.25	626.75	606.50	589.50	575.50	571.50	566.00	565.00	567.25	574.00	583.00	587.50	575.25	586.50	625.00	683.00	720.50	776.50	822.75	850.75	877.50	874.75	866.00	844.25	773.75	705.00	582.00	443.50	153.25					0.00	0.00		152.33	205.50	256.50	350.00	454.00	536.00	666.50	743.00	843.25	922.50	960.25	976.00	973.00	954.50	880.50	779.50	713.50	618.00	562.25	494.00	460.25	419.50	353.50	291.00	250.75	222.50	257.25	294.50	398.00	476.00	601.00	730.00	846.50	920.25	982.50	1048.50	1071.25	1088.00	1096.50	1130.25	1174.00	1159.25	1130.00	1086.25	970.50	844.75	737.50	669.50	602.25	569.00	557.00	570.25	595.00	657.00	703.00	729.50	735.00	717.25	697.75	678.00	648.00	620.75	607.00	600.00	590.00	584.00	578.00	574.00	580.00	615.50	644.50	691.50	741.00
666.50	675.00	686.67	700.00	708.00	721.00	732.00	751.00	771.00	785.00	807.00	828.00	843.00	860.50	896.50	912.00	933.00	947.00	969.00	991.00	1015.00	1029.50	1041.50	1058.00	1074.00	1089.00	1098.00	1110.00	1118.00	1129.00	1139.00	1145.00	1154.00	1159.00	1167.50	1175.00	1182.50	1187.00	1191.50	1199.50	1203.00	1208.00	1211.00	1215.50	1218.00	1223.50	1226.00	1227.50	1230.00	1232.00	1234.00	1234.00	1235.50	1236.00	1236.00	1235.50	1235.00	1234.00	1232.50	1231.00	1229.00	1223.00	1220.00	1219.00	1219.00	1217.00	1215.00	1213.00	1212.50	1211.00	1209.00	1207.00	1205.00	1204.00	1202.50	1201.00	1198.50	1196.50	1195.00	1193.00	1191.00	1188.50	1185.00	1182.00	1180.00	1178.00	1175.00	1171.50	1168.00	1165.00	1161.50	1158.50	1154.50	1150.50	1147.50	1143.00	1139.00	1133.00	1130.00	1124.50	1121.00	1117.00	1106.00	1101.00	1095.00	1091.00	1085.00	1081.00	1073.00	1068.50	1064.00	1057.00	1050.50	1044.00	1038.00	1033.50	1029.00	1023.00	1016.50	1009.00	1004.00	996.50	991.00	982.50	974.50	969.00	960.00	953.00	942.00	931.00	920.50	913.00	905.00	891.00	873.00	855.00	845.00	829.50	818.50	798.50	773.00	750.50	719.00	702.00	676.00	651.00	627.50	613.50	600.00	581.00	564.00	551.00	548.00	544.50	544.50	548.50	555.50	564.50	573.00	572.50	596.00	642.00	712.50	758.50	827.00	885.00	920.50	955.00	951.50	943.50	925.00	858.00	781.00	640.00	487.00	170.50					0.00	0.00	128.00	185.00	264.00	320.50	418.50	523.50	601.50	723.00	791.00	874.50	943.00	982.00	1002.50	1013.00	1021.00	967.00	882.00	822.00	727.00	669.00	585.50	540.50	483.50	389.00	289.50	222.00	160.00	177.00	207.00	317.00	402.00	545.00	695.00	832.00	919.50	992.00	1063.00	1083.50	1086.00	1083.00	1106.50	1144.00	1118.00	1080.00	1029.00	908.00	779.00	673.00	606.00	551.50	530.50	537.50	570.50	605.00	668.00	713.00	737.50	742.00	717.00	690.50	665.00	631.00	602.00	593.00	590.00	582.00	576.00	574.50	577.50	588.00	628.00	660.00	707.00	755.00
643.50	646.00	651.00	660.00	670.00	686.50	702.00	729.00	759.00	781.00	810.00	829.50	843.00	857.50	887.50	902.00	924.00	939.00	961.50	983.00	1004.00	1017.00	1028.50	1045.00	1061.00	1077.00	1085.00	1096.50	1103.50	1113.50	1123.50	1129.50	1138.00	1143.00	1151.50	1158.00	1165.50	1170.00	1174.00	1182.00	1185.50	1190.00	1194.00	1198.50	1201.00	1205.00	1207.00	1209.00	1211.00	1213.00	1214.00	1214.00	1212.00	1211.00	1211.00	1211.00	1211.00	1212.00	1211.00	1210.50	1209.50	1208.50	1207.50	1207.00	1206.00	1204.00	1202.00	1200.00	1198.50	1197.00	1194.00	1191.50	1189.00	1188.00	1184.50	1182.00	1179.00	1176.50	1175.00	1173.00	1172.00	1169.00	1167.00	1164.00	1162.00	1160.00	1157.00	1154.00	1151.00	1149.00	1145.00	1143.00	1139.50	1135.50	1132.50	1127.00	1124.00	1117.00	1114.00	1109.00	1105.50	1102.00	1094.00	1090.50	1085.00	1081.00	1075.00	1071.00	1062.00	1058.00	1054.00	1048.00	1042.00	1036.00	1029.50	1023.50	1017.00	1009.00	1001.50	994.00	989.00	981.50	976.00	967.50	959.00	953.50	945.00	938.00	929.00	919.00	910.00	903.50	897.00	882.00	857.50	835.00	824.00	805.50	792.50	769.50	741.00	716.50	685.00	670.00	648.00	626.00	605.50	593.50	582.00	566.00	554.00	544.00	541.00	536.50	536.50	536.50	529.00	518.50	513.00	528.50	568.00	626.00	712.00	769.00	854.00	912.00	942.00	965.00	943.00	925.50	902.00	787.00	572.50	156.00	8.00	0.00					80.00		193.00	227.00	276.50	311.00	366.50	428.50	484.00	577.00	637.00	723.00	798.00	852.00	883.00	904.50	930.00	901.50	846.00	806.00	743.50	704.00	634.50	590.50	524.50	410.00	291.00	211.00	134.00	144.00	170.50	282.00	370.00	514.00	663.00	812.00	910.50	993.50	1080.50	1101.50	1082.00	1059.00	1054.50	1065.00	1001.50	934.50	866.00	758.00	653.50	569.00	515.00	464.50	440.00	491.00	599.50	672.50	717.00	734.00	731.50	715.00	676.50	643.50	614.00	583.00	561.00	553.00	551.00	561.50	573.00	622.50	693.00	746.50	824.00	875.00	905.00	912.00
653.75	650.00	648.75	652.50	660.00	673.75	688.00	713.50	743.75	766.25	796.00	818.25	833.00	848.25	878.50	893.00	915.00	929.50	950.75	972.50	994.75	1008.50	1020.50	1037.00	1052.50	1068.00	1076.50	1088.00	1095.00	1104.75	1114.25	1120.25	1128.50	1134.00	1142.50	1149.50	1156.75	1161.00	1165.00	1172.50	1176.00	1180.50	1184.00	1188.50	1191.25	1195.50	1197.25	1199.00	1201.00	1202.75	1203.50	1203.00	1200.50	1199.50	1199.50	1199.75	1200.00	1200.50	1200.00	1199.50	1198.75	1198.25	1197.50	1197.00	1196.00	1194.00	1192.00	1189.75	1188.50	1187.00	1184.50	1181.75	1179.50	1178.00	1175.25	1173.00	1170.00	1167.50	1166.00	1164.00	1162.50	1160.25	1158.00	1155.50	1153.50	1151.50	1148.50	1146.00	1142.50	1140.50	1137.00	1135.00	1131.50	1127.50	1124.50	1120.00	1117.00	1110.50	1107.50	1102.25	1099.00	1095.50	1088.00	1084.25	1079.00	1075.00	1069.00	1065.00	1056.50	1052.50	1048.50	1042.50	1036.25	1030.00	1023.50	1017.75	1011.75	1004.00	996.50	989.00	983.50	976.00	970.50	962.00	953.50	947.75	939.00	932.50	923.50	913.50	904.25	897.50	891.00	875.50	850.50	827.50	815.50	796.75	783.25	759.75	730.75	705.75	673.00	657.00	633.00	611.00	587.75	568.50	547.25	518.00	495.50	475.50	467.00	444.75	409.50	331.25	315.25	308.50	337.00	442.50	540.50	595.50	677.00	729.75	808.00	860.75	887.50	907.00	885.25	867.75	844.25	731.25	524.00	122.50	8.00						167.00	268.00	275.50	315.50	276.50	392.25	424.00	460.25	502.50	578.00	635.50	731.50	815.00	873.50	903.50	916.00	922.00	878.00	808.50	766.00	708.25	671.50	606.50	563.75	497.25	380.50	265.75	190.25	120.00	135.50	165.00	278.00	366.50	508.25	654.00	800.00	897.25	979.75	1070.00	1092.25	1072.50	1049.00	1036.25	1034.00	959.25	885.00	811.50	704.00	603.75	530.50	486.00	456.50	448.75	511.75	624.00	694.00	724.50	730.00	716.25	691.00	649.75	617.00	588.25	560.50	539.75	528.50	523.50	550.25	579.75	661.50	768.25	839.75	918.50	965.00	969.25	940.50
664.00	654.00	646.50	645.00	650.00	661.00	674.00	698.00	728.50	751.50	782.00	807.00	823.00	839.00	869.50	884.00	906.00	920.00	940.00	962.00	985.50	1000.00	1012.50	1029.00	1044.00	1059.00	1068.00	1079.50	1086.50	1096.00	1105.00	1111.00	1119.00	1125.00	1133.50	1141.00	1148.00	1152.00	1156.00	1163.00	1166.50	1171.00	1174.00	1178.50	1181.50	1186.00	1187.50	1189.00	1191.00	1192.50	1193.00	1192.00	1189.00	1188.00	1188.00	1188.50	1189.00	1189.00	1189.00	1188.50	1188.00	1188.00	1187.50	1187.00	1186.00	1184.00	1182.00	1179.50	1178.50	1177.00	1175.00	1172.00	1170.00	1168.00	1166.00	1164.00	1161.00	1158.50	1157.00	1155.00	1153.00	1151.50	1149.00	1147.00	1145.00	1143.00	1140.00	1138.00	1134.00	1132.00	1129.00	1127.00	1123.50	1119.50	1116.50	1113.00	1110.00	1104.00	1101.00	1095.50	1092.50	1089.00	1082.00	1078.00	1073.00	1069.00	1063.00	1059.00	1051.00	1047.00	1043.00	1037.00	1030.50	1024.00	1017.50	1012.00	1006.50	999.00	991.50	984.00	978.00	970.50	965.00	956.50	948.00	942.00	933.00	927.00	918.00	908.00	898.50	891.50	885.00	869.00	843.50	820.00	807.00	788.00	774.00	750.00	720.50	695.00	661.00	644.00	618.00	596.00	570.00	543.50	512.50	470.00	437.00	407.00	393.00	353.00	282.50	126.00	101.50	98.50	161.00	356.50	513.00	565.00	642.00	690.50	762.00	809.50	833.00	849.00	827.50	810.00	786.50	675.50	475.50	89.00						84.00	167.00	268.00	358.00	404.00	450.50	473.50	481.50	492.00	521.00	579.00	634.00	740.00	832.00	895.00	924.00	927.50	914.00	854.50	771.00	726.00	673.00	639.00	578.50	537.00	470.00	351.00	240.50	169.50	106.00	127.00	159.50	274.00	363.00	502.50	645.00	788.00	884.00	966.00	1059.50	1083.00	1063.00	1039.00	1018.00	1003.00	917.00	835.50	757.00	650.00	554.00	492.00	457.00	448.50	457.50	532.50	648.50	715.50	732.00	726.00	701.00	667.00	623.00	590.50	562.50	538.00	518.50	504.00	496.00	539.00	586.50	700.50	843.50	933.00	1013.00	1055.00	1033.50	969.00
690.00	670.00	653.00	642.00	643.00	648.50	659.00	679.00	707.50	728.50	759.00	784.50	801.50	819.00	853.50	868.00	889.00	903.00	922.50	943.00	968.00	983.00	995.50	1012.00	1027.00	1042.00	1051.00	1062.50	1069.50	1078.50	1087.00	1093.00	1101.00	1107.00	1115.00	1123.00	1129.50	1134.00	1138.00	1145.00	1148.50	1153.00	1155.00	1159.00	1161.00	1165.00	1167.00	1168.50	1171.00	1172.00	1173.00	1172.00	1169.00	1167.50	1167.00	1167.50	1168.00	1168.00	1169.00	1168.50	1168.00	1167.50	1167.00	1166.00	1165.00	1163.50	1161.00	1159.50	1158.50	1157.00	1155.00	1152.50	1150.00	1149.00	1146.50	1145.50	1143.50	1141.50	1140.00	1138.00	1136.00	1134.50	1132.00	1130.00	1128.50	1127.00	1124.00	1121.00	1118.00	1116.00	1113.00	1111.00	1107.50	1104.00	1101.50	1098.00	1095.00	1090.00	1087.00	1082.50	1079.00	1075.50	1069.00	1065.00	1060.00	1056.00	1050.50	1047.00	1039.00	1035.00	1031.00	1025.00	1019.00	1012.00	1005.50	1001.00	996.50	989.00	981.50	974.00	969.00	961.00	955.00	946.50	938.00	932.00	923.00	916.00	907.00	897.00	887.00	880.50	873.50	858.00	832.00	808.00	795.00	775.00	761.00	736.50	706.00	680.50	646.00	628.00	601.50	576.00	544.50	509.00	467.50	413.00	374.00	340.00	324.00	291.50	249.50	144.50	85.00	27.00	38.00	270.50	446.00	487.00	548.00	591.00	656.00	708.50	739.00	770.00	772.00	764.00	736.50	613.00	428.00							121.50	249.00	386.00	528.00	597.00	662.50	690.00	677.50	657.50	662.00	681.00	719.00	812.50	896.00	959.00	983.50	973.00	931.00	845.00	737.00	685.00	634.00	601.50	545.00	504.50	438.50	320.00	213.50	146.50	86.00	107.00	138.50	248.00	333.00	464.50	598.00	719.50	796.50	862.00	935.50	955.00	944.00	929.00	898.50	864.00	783.50	714.50	647.00	550.00	462.50	405.00	372.00	412.50	469.50	568.00	675.50	727.00	722.00	704.00	663.50	618.00	573.00	543.00	517.50	496.00	480.50	471.00	465.00	548.00	634.00	785.00	951.00	1036.00	1055.00	1048.00	981.50	887.00
696.75	675.00	654.50	640.50	640.50	644.00	653.50	672.50	699.75	720.50	750.00	774.00	790.50	808.00	843.25	858.25	879.50	893.50	913.75	935.00	959.50	974.50	987.00	1003.00	1018.50	1033.00	1042.00	1053.00	1059.75	1068.75	1077.50	1083.25	1091.00	1097.00	1105.50	1114.00	1120.25	1124.50	1128.25	1135.50	1139.00	1143.50	1145.50	1149.00	1151.00	1155.25	1157.25	1158.75	1161.00	1162.00	1163.00	1162.00	1159.00	1157.50	1157.00	1157.75	1158.00	1158.50	1159.00	1158.75	1158.25	1157.50	1157.00	1156.00	1155.50	1153.75	1151.50	1149.75	1148.50	1147.00	1145.00	1142.75	1140.50	1139.00	1137.00	1136.00	1134.25	1132.25	1130.75	1129.00	1127.50	1125.50	1123.50	1121.25	1119.75	1118.25	1115.50	1112.50	1110.00	1108.00	1105.00	1103.00	1099.50	1096.00	1093.75	1090.00	1087.50	1082.00	1079.00	1075.00	1071.75	1068.25	1061.75	1058.00	1053.00	1049.00	1043.75	1040.00	1032.00	1028.00	1024.00	1018.00	1012.50	1006.00	999.25	994.75	990.25	983.00	975.50	968.00	963.50	955.50	949.75	941.50	932.75	926.50	917.50	910.50	900.75	891.00	880.75	874.00	867.00	851.50	826.50	803.00	790.00	769.50	755.25	730.50	700.25	674.75	640.50	622.50	596.00	569.00	537.00	502.50	462.75	410.50	372.25	338.50	323.00	296.25	249.50	206.50	153.25	93.50	78.00	222.75	223.00	408.00	492.50	539.75	605.00	665.75	704.75	748.50	762.50	757.25	722.50	580.75	428.00							204.00	291.50	438.75	594.50	670.50	744.00	775.50	762.25	737.50	734.00	738.00	764.50	839.75	908.50	964.75	985.25	971.75	925.50	835.25	722.00	668.50	619.25	588.50	537.00	499.00	434.75	318.00	211.25	143.00	80.00	96.50	125.25	231.00	314.00	439.50	566.00	672.50	736.50	791.50	856.75	876.25	875.00	868.00	837.50	797.50	721.00	658.00	596.50	508.50	429.25	379.50	351.50	408.00	479.00	580.50	678.75	721.50	709.00	687.00	643.00	595.00	550.00	521.25	497.00	477.50	463.75	456.00	451.00	539.25	630.00	775.75	927.75	999.25	995.00	971.00	914.25	847.50
703.50	680.00	656.00	639.00	638.00	639.50	648.00	666.00	692.00	712.50	741.00	763.50	779.50	797.00	833.00	848.50	870.00	884.00	905.00	927.00	951.00	966.00	978.50	994.00	1010.00	1024.00	1033.00	1043.50	1050.00	1059.00	1068.00	1073.50	1081.00	1087.00	1096.00	1105.00	1111.00	1115.00	1118.50	1126.00	1129.50	1134.00	1136.00	1139.00	1141.00	1145.50	1147.50	1149.00	1151.00	1152.00	1153.00	1152.00	1149.00	1147.50	1147.00	1148.00	1148.00	1149.00	1149.00	1149.00	1148.50	1147.50	1147.00	1146.00	1146.00	1144.00	1142.00	1140.00	1138.50	1137.00	1135.00	1133.00	1131.00	1129.00	1127.50	1126.50	1125.00	1123.00	1121.50	1120.00	1119.00	1116.50	1115.00	1112.50	1111.00	1109.50	1107.00	1104.00	1102.00	1100.00	1097.00	1095.00	1091.50	1088.00	1086.00	1082.00	1080.00	1074.00	1071.00	1067.50	1064.50	1061.00	1054.50	1051.00	1046.00	1042.00	1037.00	1033.00	1025.00	1021.00	1017.00	1011.00	1006.00	1000.00	993.00	988.50	984.00	977.00	969.50	962.00	958.00	950.00	944.50	936.50	927.50	921.00	912.00	905.00	894.50	885.00	874.50	867.50	860.50	845.00	821.00	798.00	785.00	764.00	749.50	724.50	694.50	669.00	635.00	617.00	590.50	562.00	529.50	496.00	458.00	408.00	370.50	337.00	322.00	302.67	290.00	268.50	221.50	160.00	118.00	175.00	0.00	329.00	437.00	488.50	554.00	623.00	670.50	727.00	753.00	750.50	708.50	571.00								214.00	334.00	491.50	661.00	744.00	825.50	861.00	847.00	817.50	806.00	795.00	810.00	867.00	921.00	970.50	987.00	970.50	920.00	825.50	707.00	652.00	604.50	575.50	529.00	493.50	431.00	316.00	209.00	139.50	74.00	86.00	112.00	214.00	295.00	414.50	534.00	625.50	676.50	721.00	778.00	797.50	806.00	807.00	776.50	731.00	658.50	601.50	546.00	467.00	396.00	354.00	331.00	403.50	488.50	593.00	682.00	716.00	696.00	670.00	622.50	572.00	527.00	499.50	476.50	459.00	447.00	441.00	437.00	530.50	626.00	766.50	904.50	962.50	935.00	894.00	847.00	808.00
700.75	678.00	653.00	635.50	634.00	635.00	643.25	661.00	685.00	703.50	729.50	750.75	766.25	783.50	819.25	835.25	857.50	872.50	895.00	917.50	942.00	956.75	969.00	985.00	1000.25	1014.50	1023.00	1033.50	1040.25	1049.50	1058.50	1064.00	1071.50	1077.50	1086.50	1095.00	1100.75	1104.50	1108.00	1115.25	1118.50	1123.50	1125.50	1128.50	1130.50	1134.75	1136.50	1137.75	1140.00	1141.00	1142.00	1141.50	1139.25	1138.00	1137.50	1138.50	1138.50	1139.00	1138.50	1138.50	1138.25	1137.25	1136.75	1135.50	1135.50	1133.75	1131.50	1129.75	1128.25	1126.75	1125.00	1123.00	1121.00	1119.00	1117.75	1117.00	1115.25	1113.25	1112.00	1110.00	1109.00	1107.00	1105.50	1103.25	1101.75	1100.25	1098.00	1095.25	1093.50	1092.00	1089.00	1087.00	1083.75	1080.25	1078.00	1074.50	1072.00	1066.50	1063.50	1060.00	1057.00	1053.75	1047.00	1043.50	1038.50	1034.50	1029.25	1025.50	1018.00	1014.00	1010.00	1004.50	999.00	993.00	986.50	982.00	977.50	970.50	963.50	956.00	951.50	943.75	938.50	930.50	921.75	915.50	906.00	899.50	889.25	879.00	868.25	860.75	853.25	838.00	814.75	792.50	780.00	759.50	745.00	720.50	691.50	667.25	634.50	617.00	590.75	562.50	531.75	503.00	471.00	427.00	389.50	355.50	338.50	306.00	300.50	282.50	256.50	152.50	59.00	87.50	0.00	164.50	351.00	408.25	483.00	562.00	616.00	682.00	716.50	715.25	665.75	493.67	370.00						194.00	245.25	392.50	550.50	714.00	795.50	876.75	912.25	900.00	870.75	855.00	834.50	840.00	877.00	915.00	956.00	968.50	951.50	903.50	807.75	687.50	631.50	584.25	556.25	518.50	484.00	414.50	284.00	178.75	116.75	64.00		110.00	198.00	276.50	390.50	503.50	584.50	627.25	666.25	727.00	750.25	767.00	774.00	741.25	686.50	611.50	554.50	499.75	424.50	362.25	345.00	340.50	425.00	512.00	610.75	688.25	713.50	684.00	652.50	601.50	550.00	506.50	480.50	459.25	444.50	434.75	425.50	419.00	492.00	568.25	681.25	793.25	843.00	832.00	808.50	811.50	834.00
698.00	676.00	650.00	632.00	630.00	630.50	638.50	656.00	678.00	694.50	718.00	738.00	753.00	770.00	805.50	822.00	845.00	861.00	885.00	908.00	933.00	947.50	959.50	976.00	990.50	1005.00	1013.00	1023.50	1030.50	1040.00	1049.00	1054.50	1062.00	1068.00	1077.00	1085.00	1090.50	1094.00	1097.50	1104.50	1107.50	1113.00	1115.00	1118.00	1120.00	1124.00	1125.50	1126.50	1129.00	1130.00	1131.00	1131.00	1129.50	1128.50	1128.00	1129.00	1129.00	1129.00	1128.00	1128.00	1128.00	1127.00	1126.50	1125.00	1125.00	1123.50	1121.00	1119.50	1118.00	1116.50	1115.00	1113.00	1111.00	1109.00	1108.00	1107.50	1105.50	1103.50	1102.50	1100.00	1099.00	1097.50	1096.00	1094.00	1092.50	1091.00	1089.00	1086.50	1085.00	1084.00	1081.00	1079.00	1076.00	1072.50	1070.00	1067.00	1064.00	1059.00	1056.00	1052.50	1049.50	1046.50	1039.50	1036.00	1031.00	1027.00	1021.50	1018.00	1011.00	1007.00	1003.00	998.00	992.00	986.00	980.00	975.50	971.00	964.00	957.50	950.00	945.00	937.50	932.50	924.50	916.00	910.00	900.00	894.00	884.00	873.00	862.00	854.00	846.00	831.00	808.50	787.00	775.00	755.00	740.50	716.50	688.50	665.50	634.00	617.00	591.00	563.00	534.00	510.00	484.00	446.00	408.50	374.00	355.00	328.50			291.50	145.00	0.00	0.00	0.00	0.00	265.00	328.00	412.00	501.00	561.50	637.00	680.00	680.00	623.00	432.50	288.00						238.00	291.50	451.00	609.50	767.00	847.00	928.00	963.50	953.00	924.00	904.00	874.00	870.00	887.00	909.00	941.50	950.00	932.50	887.00	790.00	668.00	611.00	564.00	537.00	508.00	474.50	398.00	252.00	148.50	94.00	44.00			182.00	258.00	366.50	473.00	543.50	578.00	611.50	676.00	703.00	728.00	741.00	706.00	642.00	564.50	507.50	453.50	382.00	328.50	336.00	350.00	446.50	535.50	628.50	694.50	711.00	672.00	635.00	580.50	528.00	486.00	461.50	442.00	430.00	422.50	410.00	401.00	453.50	510.50	596.00	682.00	723.50	729.00	723.00	776.00	860.00
680.00	661.00	637.00	622.00	622.00	625.00	634.00	652.00	661.00	665.00	677.00	699.50	716.00	735.00	775.00	792.00	816.00	832.00	856.50	882.00	910.00	926.50	939.50	956.00	972.00	987.00	996.00	1007.50	1014.50	1024.00	1033.00	1038.50	1046.00	1051.00	1057.00	1063.00	1068.50	1072.00	1075.50	1081.50	1084.00	1087.00	1090.00	1093.00	1095.00	1097.50	1098.50	1100.00	1102.00	1104.50	1106.00	1107.00	1108.50	1109.00	1110.00	1109.50	1109.00	1109.00	1108.00	1108.00	1108.00	1105.50	1104.00	1101.00	1100.00	1098.00	1097.00	1095.50	1095.00	1094.50	1093.00	1092.50	1091.00	1090.00	1088.50	1087.50	1086.00	1084.50	1083.50	1081.00	1080.00	1078.50	1077.00	1075.00	1073.50	1072.50	1071.00	1069.00	1069.00	1069.00	1067.00	1065.00	1062.00	1058.50	1056.00	1053.00	1051.00	1046.00	1044.00	1039.50	1036.50	1033.50	1027.00	1023.00	1016.00	1012.00	1007.00	1005.00	999.00	995.00	991.00	985.00	980.00	974.00	967.50	963.00	959.00	952.00	946.00	939.00	934.00	925.50	920.50	913.00	905.50	900.00	892.00	887.00	877.50	865.00	852.00	841.50	830.50	814.00	796.50	779.00	766.00	747.50	734.00	713.00	691.50	676.50	654.00	637.00	613.00	589.00	564.50	548.00	531.50	503.00	467.50	433.00	410.00	376.50	357.00	321.00	303.00	288.00	258.00	228.00	0.00	0.00	0.00	48.50	178.00	269.50	320.50	389.00	444.50	453.50	406.00							251.33	342.00	453.00	620.00	759.50	883.00	946.00	1011.00	1038.50	1023.00	989.50	962.00	917.00	901.00	898.00	908.00	944.50	955.50	938.50	893.00	786.00	648.00	582.00	522.50	491.50	470.00	423.00	295.00	43.00	0.00	0.00	0.00		56.50	149.00	217.00	324.50	435.00	514.00	556.00	598.00	680.50	712.00	727.00	730.00	661.00	555.00	464.00	408.00	352.00	267.00	216.50	301.00	379.00	514.50	610.00	693.50	736.50	733.00	664.00	606.00	538.00	480.00	445.50	430.50	420.00	423.00	423.50	397.00	375.00	343.00	321.50	337.50	385.00	443.00	585.00	690.00	878.00	1081.00
662.50	644.00	620.75	607.00	608.50	613.50	623.50	643.00	650.00	651.00	660.00	682.75	699.50	719.00	760.50	778.25	803.00	819.00	843.00	869.00	898.75	916.25	929.75	946.50	962.00	976.50	985.50	997.75	1005.00	1014.50	1023.50	1028.75	1036.00	1040.50	1046.50	1052.50	1058.00	1061.25	1064.50	1070.50	1073.00	1076.00	1079.00	1082.00	1084.00	1086.50	1087.75	1089.50	1092.00	1094.00	1095.50	1096.50	1098.00	1098.50	1099.00	1098.75	1098.50	1098.00	1097.50	1097.50	1097.25	1094.50	1093.00	1090.50	1089.00	1087.50	1087.00	1085.50	1085.00	1084.50	1083.50	1082.50	1081.00	1080.00	1078.50	1077.50	1076.00	1074.50	1073.50	1071.50	1070.00	1068.50	1067.00	1065.25	1064.00	1063.00	1061.50	1059.75	1059.50	1059.00	1057.50	1055.75	1053.00	1049.75	1047.25	1044.00	1041.50	1037.00	1035.00	1030.50	1027.50	1024.50	1017.75	1014.00	1006.50	1002.00	997.50	995.75	990.25	986.50	982.75	977.00	972.00	966.00	960.25	956.00	952.00	945.00	939.00	932.00	927.00	918.75	913.50	905.75	898.00	892.75	884.50	879.50	870.50	858.00	844.50	834.50	824.25	808.00	790.75	773.00	760.50	742.00	728.50	707.75	686.50	671.50	649.00	632.50	609.00	585.00	560.75	544.25	527.75	503.00	479.25	451.00	426.00	389.75	368.50	329.00	310.25	291.75	264.50	238.00	106.50	91.50	66.50	52.50	89.00	134.75	160.25	194.50	224.50	229.25	204.00							269.75	380.75	491.00	655.00	781.00	886.50	942.00	1001.00	1024.75	1004.25	965.50	934.50	884.50	870.00	877.50	899.00	949.25	967.25	953.75	910.00	803.75	666.50	598.00	530.50	493.25	457.75	407.00	282.25	40.00	0.00	0.00	0.00	14.00	53.25	140.50	204.00	314.25	431.50	517.50	564.50	607.00	668.25	685.00	669.00	650.50	574.75	474.50	394.75	348.25	303.50	241.50	213.75	315.00	403.50	536.75	625.25	694.75	721.75	708.75	631.00	568.50	500.25	445.50	423.00	419.00	421.50	450.00	472.75	463.00	435.67	355.00	302.50	299.25	346.00	419.75	620.00	771.00	976.00	1170.50
604.50	585.50	565.25	554.50	559.00	567.75	580.25	603.50	613.50	615.50	625.50	649.00	666.75	688.25	733.25	752.25	778.50	795.50	821.50	849.00	879.25	897.25	911.25	929.00	944.25	958.00	967.00	979.25	986.50	995.75	1004.25	1009.25	1016.00	1020.50	1026.00	1032.00	1037.25	1040.50	1043.25	1049.00	1051.50	1054.50	1057.50	1060.50	1062.75	1066.50	1068.50	1070.25	1073.00	1074.50	1076.00	1076.50	1077.75	1078.00	1078.50	1078.50	1078.50	1078.00	1078.00	1078.00	1077.50	1075.00	1073.75	1071.50	1070.00	1068.75	1068.00	1066.50	1065.75	1065.25	1064.50	1063.00	1062.00	1061.00	1059.50	1058.50	1057.00	1055.50	1054.50	1052.50	1051.00	1049.50	1048.00	1046.50	1045.50	1044.50	1043.00	1041.25	1040.50	1040.00	1038.50	1037.00	1034.50	1031.50	1029.25	1026.00	1023.00	1019.00	1017.00	1012.50	1009.50	1006.50	999.50	995.75	988.00	983.00	978.75	977.50	972.75	969.25	965.75	960.50	955.50	950.00	944.50	940.50	936.50	930.00	924.25	917.50	912.00	904.00	898.50	890.75	882.75	877.50	869.00	863.50	854.75	844.00	832.00	822.75	812.75	796.50	779.50	762.00	749.50	731.00	717.75	697.25	676.25	661.75	639.50	623.50	600.25	576.50	553.00	536.75	520.50	501.00	492.00	472.00	445.00	405.75	384.00	345.50	330.00	315.75	296.50	280.75	262.00	245.50	215.50	168.75	124.00	47.75	0.00	0.00	2.25	2.50	1.00	0.00					97.00	269.50	372.75	477.25	635.00	752.75	851.00	899.00	944.75	958.25	919.50	865.00	831.50	783.50	781.00	823.75	876.00	947.00	975.50	966.75	925.00	828.75	705.50	638.50	562.25	516.00	448.50	395.50	298.75	121.50	48.25	15.50	0.00	9.33	50.00	118.50	173.00	280.75	401.00	490.00	539.25	576.75	592.00	580.50	515.50	463.50	379.50	292.50	271.33	288.50	227.67	214.00	245.75	361.00	451.50	557.50	618.00	648.25	638.50	607.25	520.00	454.50	388.50	339.00	347.50	372.50	409.25	507.00	594.00	591.00	573.00	452.25	340.25	284.75	304.25	379.25	619.00	804.00	996.50	1146.50
564.00	544.00	526.00	517.00	523.00	533.50	547.50	573.00	588.00	594.00	608.00	632.00	650.50	673.50	720.50	740.00	767.00	785.00	813.50	842.00	871.00	888.50	902.50	921.00	936.50	950.00	959.00	970.50	977.50	986.50	994.50	999.50	1006.00	1011.00	1016.00	1022.00	1027.00	1030.50	1033.00	1038.50	1041.00	1044.00	1047.00	1050.00	1052.50	1057.50	1060.00	1061.50	1064.00	1065.50	1067.00	1067.00	1068.00	1068.00	1069.00	1069.00	1069.00	1069.00	1069.00	1069.00	1068.50	1066.50	1065.50	1063.00	1062.00	1060.50	1059.00	1057.50	1056.50	1056.00	1055.00	1053.50	1053.00	1052.00	1050.50	1049.50	1048.00	1046.50	1045.50	1043.00	1042.00	1040.50	1039.00	1037.50	1036.50	1035.50	1034.00	1032.00	1031.00	1031.00	1029.00	1027.50	1025.00	1022.00	1020.00	1017.00	1014.00	1010.00	1008.00	1003.50	1000.50	997.50	990.50	986.50	979.00	974.00	969.50	968.50	964.00	960.50	957.00	952.00	947.00	942.00	936.00	932.00	928.00	922.00	916.50	910.00	904.00	896.00	890.50	883.00	875.00	869.50	861.00	855.00	846.00	837.00	827.00	818.00	807.50	791.00	774.00	757.00	744.00	725.50	712.50	692.00	671.00	657.00	635.00	619.00	595.50	572.00	549.00	533.00	517.00	499.00	493.00	475.00	448.00	408.50	388.00	354.00	342.50	333.00	322.00	316.50	311.00	308.00	298.00	281.00	248.00	63.67	0.00	0.00	0.00	0.00	0.00	0.00					97.00	248.00	326.00	425.50	580.00	703.00	812.00	860.00	898.50	905.50	853.50	788.50	756.00	715.00	723.00	790.50	862.00	940.00	972.00	964.50	923.00	836.00	726.00	663.00	586.00	537.00	451.50	400.00	328.00	206.00	96.50	31.00	0.00	0.00		105.00	155.00	257.50	374.00	459.00	505.50	537.50	528.00	503.00	420.00	356.00	270.50	191.00	161.67		173.00	212.00	280.50	393.00	475.00	556.00	595.50	600.50	564.67	530.00	442.00	378.00	314.50	267.00	294.50	337.50	395.50	537.00	666.00	686.00	680.00	537.50	397.00	308.50	301.50	362.00	583.00	756.00	931.67	1033.00
511.00	489.00	471.75	463.50	470.50	483.00	499.25	528.50	552.75	567.00	589.50	614.75	633.75	657.50	706.50	726.50	754.00	773.00	803.00	832.00	860.50	877.75	892.00	911.00	926.75	941.00	950.00	961.25	968.25	977.00	985.00	989.75	996.50	1001.00	1006.00	1011.50	1016.25	1019.50	1022.25	1027.75	1030.00	1033.00	1036.00	1039.25	1042.00	1047.75	1050.50	1051.75	1053.50	1055.00	1056.50	1057.00	1057.50	1057.75	1058.50	1058.75	1059.00	1059.00	1059.00	1059.00	1058.50	1056.50	1055.50	1053.50	1052.00	1050.50	1049.00	1047.50	1046.50	1045.75	1045.00	1043.50	1042.50	1041.50	1040.25	1039.50	1038.00	1036.50	1035.25	1033.00	1032.00	1030.50	1029.50	1028.00	1027.00	1026.00	1024.50	1022.75	1021.50	1021.00	1019.00	1017.50	1015.25	1012.50	1010.50	1007.50	1004.50	1000.50	998.50	994.00	991.00	988.00	981.00	977.00	969.50	964.00	960.25	959.50	955.25	951.75	948.25	943.50	938.50	933.50	927.50	923.50	919.50	913.50	907.75	901.50	896.00	888.25	882.75	875.00	867.25	862.00	854.00	847.50	838.50	830.50	821.00	811.75	801.00	784.50	767.75	750.50	738.00	719.75	707.00	686.75	666.25	652.50	630.50	615.50	592.50	569.50	546.50	530.75	515.00	496.00	486.00	466.00	440.00	403.25	385.50	359.25	353.75	351.25	352.50	363.25	374.50	383.00	391.25	386.25	371.50	203.50	16.67	0.00	0.00	0.00	0.00	0.00	0.00					278.00	220.75	315.50	474.50	606.50	725.50	775.00	806.75	810.50	756.75	694.75	674.25	657.50	682.50	775.00	860.50	931.00	959.00	949.00	905.00	825.00	727.00	668.50	591.50	541.25	446.25	394.50	332.25	232.00	135.25	73.25	23.00	0.00		87.33	125.00	216.25	318.00	396.00	440.25	468.75	447.25	417.50	332.50	268.00	197.25	140.00	135.75	144.00	181.67	245.00	328.50	430.00	501.00	554.00	571.50	550.25	468.67	449.00	361.50	301.00	255.25	231.50	288.00	352.25	430.75	600.00	752.25	777.50	773.00	612.50	454.00	328.25	276.75	305.50	480.50	623.00	734.33	886.00
458.00	434.00	417.50	410.00	418.00	432.50	451.00	484.00	517.50	540.00	571.00	597.50	617.00	641.50	692.50	713.00	741.00	761.00	792.50	822.00	850.00	867.00	881.50	901.00	917.00	932.00	941.00	952.00	959.00	967.50	975.50	980.00	987.00	991.00	996.00	1001.00	1005.50	1008.50	1011.50	1017.00	1019.00	1022.00	1025.00	1028.50	1031.50	1038.00	1041.00	1042.00	1043.00	1044.50	1046.00	1047.00	1047.00	1047.50	1048.00	1048.50	1049.00	1049.00	1049.00	1049.00	1048.50	1046.50	1045.50	1044.00	1042.00	1040.50	1039.00	1037.50	1036.50	1035.50	1035.00	1033.50	1032.00	1031.00	1030.00	1029.50	1028.00	1026.50	1025.00	1023.00	1022.00	1020.50	1020.00	1018.50	1017.50	1016.50	1015.00	1013.50	1012.00	1011.00	1009.00	1007.50	1005.50	1003.00	1001.00	998.00	995.00	991.00	989.00	984.50	981.50	978.50	971.50	967.50	960.00	954.00	951.00	950.50	946.50	943.00	939.50	935.00	930.00	925.00	919.00	915.00	911.00	905.00	899.00	893.00	888.00	880.50	875.00	867.00	859.50	854.50	847.00	840.00	831.00	824.00	815.00	805.50	794.50	778.00	761.50	744.00	732.00	714.00	701.50	681.50	661.50	648.00	626.00	612.00	589.50	567.00	544.00	528.50	513.00	493.00	479.00	457.00	432.00	398.00	383.00	364.50	365.00	369.50	383.00	410.00	438.00	458.00	484.50	491.50	495.00	318.00	109.67	0.00	0.00	0.00	0.00	0.00	0.00						115.50	205.50	369.00	510.00	639.00	690.00	715.00	715.50	660.00	601.00	592.50	600.00	642.00	759.50	859.00	922.00	946.00	933.50	887.00	814.00	728.00	674.00	597.00	545.50	441.00	389.00	336.50	258.00	174.00	115.50	46.00	22.00		52.00	95.00	175.00	262.00	333.00	375.00	400.00	366.50	332.00	245.00	180.00	124.00	89.00	110.50	144.00	186.00	278.00	376.50	467.00	527.00	552.00	547.50	500.00	426.00	368.00	281.00	224.00	196.00	196.00	281.50	381.33	484.67	663.00	838.50	869.00	866.00	687.50	511.00	348.00	252.00	249.00	378.00	490.00	623.00	739.00
400.75	375.50	357.50	349.50	358.50	375.50	396.50	434.00	478.50	510.25	551.00	578.75	599.75	625.75	680.25	701.25	729.00	749.00	779.75	809.50	838.25	855.75	870.50	890.50	907.50	923.50	932.50	943.00	949.50	958.00	966.00	970.75	977.50	981.50	986.50	991.50	996.00	998.75	1001.50	1006.75	1009.00	1012.00	1014.50	1017.75	1020.50	1027.50	1030.50	1031.75	1032.50	1034.00	1035.50	1036.50	1036.50	1036.75	1037.50	1037.75	1038.00	1038.00	1038.00	1037.75	1037.25	1035.50	1034.50	1032.50	1031.00	1029.50	1028.00	1026.50	1025.75	1025.00	1024.00	1022.75	1021.50	1020.50	1019.25	1018.50	1017.00	1015.50	1014.25	1012.50	1011.50	1010.00	1009.00	1007.50	1006.50	1005.50	1004.50	1003.00	1001.50	1000.50	998.75	997.25	995.00	992.75	991.00	987.50	984.50	980.00	977.50	973.50	970.50	967.25	960.50	956.75	949.00	943.00	940.00	939.50	935.75	932.25	929.00	924.50	919.75	914.50	908.00	904.25	900.50	894.50	888.50	882.50	878.00	871.00	865.75	857.75	850.00	845.25	837.50	831.00	822.25	815.00	805.75	796.75	786.25	770.00	754.00	737.00	725.00	707.00	694.75	675.50	655.75	642.25	621.00	607.00	585.00	563.00	540.75	525.50	510.25	488.00	467.50	442.00	418.50	387.00	374.75	363.25	369.25	380.00	403.50	442.00	481.50	509.00	545.00	556.75	565.50	401.00	236.00	78.50	38.00	26.75	8.75	0.00	0.00							205.50	248.00	377.50	505.00	556.50	582.75	587.75	550.25	513.50	521.75	555.00	608.50	734.00	835.00	887.75	906.75	893.00	848.00	781.50	703.50	652.00	574.25	522.50	419.75	370.25	324.50	259.00	196.75	156.25	92.50	29.67			95.00	175.00	208.00	271.25	307.50	328.00	291.50	259.00	186.00	132.00	100.25	92.50	136.00	182.00	233.50	330.50	427.75	503.00	550.00	546.50	520.00	446.25	350.50	286.50	214.50	171.50	177.50	218.00	334.00	410.00	608.50	748.50	922.00	949.00	942.50	756.25	573.25	382.75	247.50	213.75	296.00	376.00	509.75	650.50
343.50	317.00	297.50	289.00	299.00	318.50	342.00	384.00	439.50	480.50	531.00	560.00	582.50	610.00	668.00	689.50	717.00	737.00	767.00	797.00	826.50	844.50	859.50	880.00	898.00	915.00	924.00	934.00	940.00	948.50	956.50	961.50	968.00	972.00	977.00	982.00	986.50	989.00	991.50	996.50	999.00	1002.00	1004.00	1007.00	1009.50	1017.00	1020.00	1021.50	1022.00	1023.50	1025.00	1026.00	1026.00	1026.00	1027.00	1027.00	1027.00	1027.00	1027.00	1026.50	1026.00	1024.50	1023.50	1021.00	1020.00	1018.50	1017.00	1015.50	1015.00	1014.50	1013.00	1012.00	1011.00	1010.00	1008.50	1007.50	1006.00	1004.50	1003.50	1002.00	1001.00	999.50	998.00	996.50	995.50	994.50	994.00	992.50	991.00	990.00	988.50	987.00	984.50	982.50	981.00	977.00	974.00	969.00	966.00	962.50	959.50	956.00	949.50	946.00	938.00	932.00	929.00	928.50	925.00	921.50	918.50	914.00	909.50	904.00	897.00	893.50	890.00	884.00	878.00	872.00	868.00	861.50	856.50	848.50	840.50	836.00	828.00	822.00	813.50	806.00	796.50	788.00	778.00	762.00	746.50	730.00	718.00	700.00	688.00	669.50	650.00	636.50	616.00	602.00	580.50	559.00	537.50	522.50	507.50	483.00	456.00	427.00	405.00	376.00	366.50	362.00	373.50	390.50	424.00	474.00	525.00	560.00	605.50	622.00	636.00	487.00	332.50	157.00	93.00			0.00										287.00	371.00	423.00	450.50	460.00	440.50	426.00	451.00	510.00	575.00	708.50	811.00	853.50	867.50	852.50	809.00	749.00	679.00	630.00	551.50	499.50	398.50	351.50	312.50	260.00	219.50	197.00	139.00	33.50	0.00				154.00	225.00	240.00	256.00	216.50	186.00	127.00	84.00	76.50	96.00	161.50	220.00	281.00	383.00	479.00	539.00	573.00	541.00	492.50	392.50	275.00	205.00	148.00	119.00	132.00			505.50	630.00	834.00	1005.50	1029.00	1019.00	825.00	635.50	417.50	294.00			262.00	396.50	562.00
246.50	218.00	198.50	191.00	203.00	227.50	250.33	307.00	377.00	430.50	495.00	527.00	552.50	584.50	650.50	673.00	701.00	719.00	747.00	776.00	806.50	825.50	841.00	862.00	881.50	900.00	909.00	917.50	923.00	931.50	939.50	944.50	951.00	955.00	960.50	965.00	969.00	971.50	974.00	978.00	980.00	983.00	984.00	987.00	989.00	995.50	998.50	1000.50	1002.00	1003.50	1004.00	1005.00	1005.50	1006.00	1006.00	1005.50	1005.00	1005.00	1005.00	1004.50	1004.00	1002.50	1001.50	999.00	998.00	996.00	994.00	993.00	992.50	991.50	990.00	989.50	988.00	987.00	986.00	985.50	984.00	983.00	982.50	981.00	980.00	978.50	977.00	974.50	973.50	972.50	972.00	970.50	968.00	967.00	965.50	964.50	962.00	959.00	957.00	953.00	949.00	944.00	941.00	936.50	933.50	930.50	924.50	921.00	913.00	907.00	903.00	902.50	898.50	895.00	891.50	888.00	883.50	878.00	871.00	867.00	863.00	857.00	851.50	846.00	842.00	836.00	831.50	824.50	817.00	811.00	803.00	798.00	790.50	783.00	774.00	765.50	756.50	743.00	729.00	713.00	702.00	684.00	672.00	654.00	635.50	622.50	602.00	588.00	566.00	545.00	524.50	510.00	496.00		428.00	397.00	377.00	350.50	344.00	345.00	361.00	383.00	423.00	474.50	526.00	558.00	599.50	609.00	612.00	550.50	488.00	381.00	262.33			36.33	26.50	37.00	27.00	0.00							106.00	149.00	189.50	216.00	253.50	297.50	345.00	428.00	490.00	592.50	670.00	700.00	710.50	702.50	676.00	628.50	569.00	525.00	449.00	403.00	330.50	302.50	287.50	274.00	263.00	256.50	201.00	56.00	4.00				76.00	113.00	126.50	132.00	104.00	90.50	84.00	82.00	126.50	195.00	282.00	346.50	409.50	498.00	571.50	593.00	598.00	511.50	422.50	286.00	97.00	0.00	0.00	114.00	233.00	395.00	593.67	697.00	817.50	987.00	1124.50	1150.00	1149.00	974.00	799.50	559.00	332.50	259.00			299.67	460.00
215.00	192.50	177.50	180.00	189.00	216.25	237.33	299.00	368.75	421.00	484.50	518.00	544.00	576.25	643.75	667.00	696.00	715.00	744.00	772.50	801.00	818.75	833.75	854.50	873.75	891.50	900.50	909.75	915.50	924.00	932.00	936.75	943.00	947.00	952.50	957.00	961.00	963.25	965.50	969.25	971.00	973.50	975.00	977.50	979.50	985.50	988.25	990.00	991.50	992.75	993.50	994.50	995.00	995.50	995.00	994.50	994.00	993.50	993.75	994.00	994.00	992.50	991.50	989.00	988.00	985.25	982.50	980.75	980.25	979.50	978.50	977.75	976.50	975.50	974.75	974.25	973.00	972.00	971.50	970.00	969.50	967.75	966.00	964.00	963.00	962.00	961.00	959.25	956.50	955.00	952.75	951.25	948.50	945.75	943.75	939.00	935.50	930.00	927.00	922.50	919.75	916.75	910.00	906.25	898.50	893.00	889.25	888.50	884.50	881.25	877.75	874.00	869.25	864.00	857.50	853.50	849.25	843.00	837.75	832.00	827.50	820.75	816.00	809.00	801.75	796.25	788.50	784.50	777.75	771.00	762.75	754.75	746.00	732.50	718.75	703.50	692.50	675.25	663.50	645.75	627.75	615.00	594.50	579.50	556.75	535.50	515.25	501.00	492.33		414.33	386.00	366.50	340.50	333.25	332.00	345.75	365.00	399.00	443.25	484.50	506.50	532.50	531.50	518.50	455.75	397.50	306.00	240.50		159.00	128.75	140.25	166.00	143.00	71.67	0.00								123.00	152.75	206.00	264.00	308.75	380.00	427.50	499.00	555.50	582.50	593.50	591.00	577.00	537.50	484.50	445.50	380.50	343.50	299.25	285.50	282.75	286.50	278.75	270.00	210.50	59.75	4.75					113.00	77.25	80.75	72.50	73.75	99.50	120.50	188.00	272.50	361.00	421.50	475.75	534.50	576.50	582.67	570.50	470.75	374.00	211.25	48.50	18.00	77.00	175.00	320.50	500.50	666.00	771.75	874.50	1019.50	1141.25	1181.50	1195.50	1050.50	898.50	661.25	417.75	319.00			267.50	355.00
183.50	167.00	156.50	158.00	175.00	205.00	236.50	291.00	360.50	411.50	474.00	509.00	535.50	568.00	637.00	661.00	691.00	711.00	741.00	769.00	795.50	812.00	826.50	847.00	866.00	883.00	892.00	902.00	908.00	916.50	924.50	929.00	935.00	939.00	944.50	949.00	953.00	955.00	957.00	960.50	962.00	964.00	966.00	968.00	970.00	975.50	978.00	979.50	981.00	982.00	983.00	984.00	984.50	985.00	984.00	983.50	983.00	982.00	982.50	983.50	984.00	982.50	981.50	979.00	978.00	974.50	971.00	968.50	968.00	967.50	967.00	966.00	965.00	964.00	963.50	963.00	962.00	961.00	960.50	959.00	959.00	957.00	955.00	953.50	952.50	951.50	950.00	948.00	945.00	943.00	940.00	938.00	935.00	932.50	930.50	925.00	922.00	916.00	913.00	908.50	906.00	903.00	895.50	891.50	884.00	879.00	875.50	874.50	870.50	867.50	864.00	860.00	855.00	850.00	844.00	840.00	835.50	829.00	824.00	818.00	813.00	805.50	800.50	793.50	786.50	781.50	774.00	771.00	765.00	759.00	751.50	744.00	735.50	722.00	708.50	694.00	683.00	666.50	655.00	637.50	620.00	607.50	587.00	571.00	547.50	526.00	506.00	492.00	485.00		411.50	375.00	356.00	330.50	322.50	319.00	330.50	347.00	375.00	412.00	443.00	455.00	465.50	454.00	425.00	361.00	307.00	231.00	174.67	144.00	159.00	224.50	254.00	295.00	259.00	107.50	0.00								56.50	89.50	158.50	230.50	272.50	332.00	365.00	405.50	441.00	465.00	476.50	479.50	478.00	446.50	400.00	366.00	312.00	284.00	268.00	268.50	278.00	299.00	294.50	283.50	220.00	63.50	7.33						28.00	29.50	41.00	57.00	115.00	159.00	249.50	350.00	440.00	496.50	542.00	571.00	581.50	562.00	543.00	430.00	325.50	136.50	0.00	36.00	154.00	236.00	408.00	606.00	759.00	846.50	931.50	1052.00	1158.00	1213.00	1242.00	1127.00	997.50	820.00	472.67	349.00	217.00		195.00	250.00
110.00	175.00	187.00	208.00	235.00	277.00	308.50	358.00	402.50	430.00	468.00	498.50	523.50	557.00	629.00	653.00	682.00	701.00	727.00	754.00	780.00	797.00	811.50	832.00	850.50	868.00	876.00	884.50	890.00	899.00	907.50	912.50	919.00	923.00	928.50	933.00	936.00	938.00	939.50	942.50	943.50	946.00	947.00	948.50	949.50	954.00	956.00	957.50	958.00	959.00	960.00	960.00	960.00	960.00	960.00	960.00	959.50	958.00	958.00	958.00	958.00	956.50	955.50	954.00	953.00	950.00	946.00	944.50	944.00	943.50	943.00	941.50	941.00	940.00	938.50	937.50	936.50	936.00	935.50	935.00	934.00	932.50	930.00	928.50	927.50	926.50	925.00	923.50	920.00	918.00	916.00	914.00	910.50	906.50	903.50	899.00	895.00	889.00	886.00	882.50	879.50	876.50	868.50	864.00	857.00	851.00	847.50	846.50	842.50	839.00	835.50	832.00	827.50	822.00	816.00	812.00	808.00	802.00	796.00	789.00	784.00	777.50	772.50	765.00	757.50	752.50	747.00	744.00	740.00	734.00	727.00	720.50	714.00	703.00	689.50	675.00	664.00	647.50	636.50	620.00	603.50	592.50	573.00	557.00	534.50	514.00	494.50	488.00						317.00	314.50	308.00	313.50	322.50	338.00	357.50	370.00	367.00	359.50	346.50	321.00	289.50	266.50	252.00	280.00	312.50	373.50	486.00	553.00	597.00	588.00	515.00	382.00								56.00	70.50	123.50	173.50	187.50	196.00	197.00	191.00	194.00	215.00	228.00	240.00	257.00	254.50	243.00	240.00	243.00	250.00	287.50	304.00	311.50	316.00	283.00	249.00	173.00	44.50	2.00						4.00	11.50	64.00	103.00	195.00	262.00	364.50	468.00	547.00	591.00	572.00	325.00	67.00	13.00	11.00	52.50	95.00	58.00	0.00	61.00	233.00	345.00	514.00	685.00	805.50	868.50	935.00	1045.00	1144.00	1190.00	1212.00	1137.00	1051.00	869.00	651.00	508.50	349.00			
133.67	191.00	251.67	272.50	290.50	319.50	343.25	381.50	429.00	463.25	502.50	516.25	532.00	561.00	628.50	652.00	681.50	700.00	725.75	751.50	775.50	791.00	805.00	824.50	842.00	858.50	866.50	875.50	881.50	890.50	899.00	903.75	910.00	914.00	919.00	923.50	926.75	929.00	930.50	933.75	935.25	937.50	939.00	940.00	941.00	944.75	946.25	947.50	948.50	949.25	950.00	950.00	950.25	950.50	950.00	950.00	949.50	948.50	948.75	949.25	949.00	944.00	941.50	939.50	938.50	936.25	933.00	931.50	931.00	930.50	930.00	928.75	928.00	927.50	926.25	925.75	925.00	924.50	924.25	924.00	924.00	922.50	920.00	918.50	917.50	916.50	915.00	912.75	909.00	906.50	903.50	901.25	897.50	893.50	890.50	885.50	882.00	875.50	872.00	867.75	864.25	860.75	853.25	849.00	843.00	838.00	834.00	832.00	826.75	823.00	819.50	815.50	810.75	805.00	799.00	795.00	791.00	785.00	778.50	773.00	770.00	765.75	762.25	756.75	750.50	745.75	739.50	735.50	729.75	722.50	714.50	708.00	701.25	690.00	676.75	662.50	652.50	636.75	626.00	609.25	591.50	578.75	558.00	542.50	519.75	499.00	479.50	466.25	445.33	427.00	402.00		334.00	316.00	313.50	312.50	320.33	330.25	348.50	379.67	391.50	396.00	400.25	395.50	383.00	363.00	347.25	343.00	378.75	411.50	462.75	574.00	606.75	642.00	634.00	573.75	438.00	247.00								77.33	110.25	135.25	131.75	113.50	136.33	131.33	107.50	133.75	150.00	164.50	184.50	193.25	197.00	204.50	223.25	238.25	280.00	295.75	299.50	296.00	256.75	219.25	145.00	44.50					0.00	13.00	29.00	52.00	104.25	151.25	244.50	311.00	406.00	499.00	569.00	607.75	581.50	316.50	52.25	6.50	5.50	35.00	77.75	50.50	25.25	93.50	245.00	353.50	507.50	657.50	768.00	828.00	888.75	982.00	1061.50	1085.00	1091.00	1033.25	972.75	854.50	717.50	594.00	349.00			
161.00	207.00	282.00	337.00	346.00	362.00	378.00	405.00	455.50	496.50	537.00	534.00	540.50	565.00	628.00	651.00	681.00	699.00	724.50	749.00	771.00	785.00	798.50	817.00	833.50	849.00	857.00	866.50	873.00	882.00	890.50	895.00	901.00	905.00	909.50	914.00	917.50	920.00	921.50	925.00	927.00	929.00	931.00	931.50	932.50	935.50	936.50	937.50	939.00	939.50	940.00	940.00	940.50	941.00	940.00	940.00	939.50	939.00	939.50	940.50	940.00	931.50	927.50	925.00	924.00	922.50	920.00	918.50	918.00	917.50	917.00	916.00	915.00	915.00	914.00	914.00	913.50	913.00	913.00	913.00	914.00	912.50	910.00	908.50	907.50	906.50	905.00	902.00	898.00	895.00	891.00	888.50	884.50	880.50	877.50	872.00	869.00	862.00	858.00	853.00	849.00	845.00	838.00	834.00	829.00	825.00	820.50	817.50	811.00	807.00	803.50	799.00	794.00	788.00	782.00	778.00	774.00	768.00	761.00	757.00	756.00	754.00	752.00	748.50	743.50	739.00	732.00	727.00	719.50	711.00	702.00	695.50	688.50	677.00	664.00	650.00	641.00	626.00	615.50	598.50	579.50	565.00	543.00	528.00	505.00	484.00	471.00	444.00	437.50					315.50	312.50	317.00	326.00	338.00	359.00	387.50	413.00	425.00	441.00	444.50	445.00	436.50	428.00	434.00	477.50	510.50	552.00	636.00	660.50	687.00	680.00	632.50	494.00	281.00								91.00	97.00	97.00	91.00				21.00	52.50	72.00	89.00	112.00	132.00	151.00	169.00	203.50	226.50	272.50	287.50	287.50	276.00	230.50	189.50	117.00							15.00	29.00	52.00	144.50	199.50	294.00	360.00	447.50	530.00	591.00	624.50	591.00	308.00	37.50	0.00	0.00	17.50	60.50	43.00			257.00	362.00	501.00	630.00	730.50	787.50	842.50	919.00	979.00	980.00	970.00	929.50	894.50	840.00	784.00	765.00				
221.00	260.00	334.50	386.00	391.00	400.50	411.50	431.00	464.00	490.50	521.00	530.50	543.50	568.50	627.00	648.00	674.00	691.00	716.50	740.00	760.00	773.00	785.00	802.00	818.50	834.00	841.00	849.50	855.00	864.00	872.50	877.00	884.00	887.00	892.00	896.00	899.00	901.00	902.50	904.50	906.00	908.00	910.00	911.50	912.50	914.50	915.50	916.00	916.00	916.50	917.00	917.00	919.50	920.00	920.00	919.50	919.00	918.00	918.50	919.00	917.50	905.50	900.00	898.00	897.00	895.50	894.00	893.00	892.50	892.00	892.00	891.00	891.00	890.00	890.00	890.00	889.50	889.00	889.50	891.00	893.00	890.50	886.00	883.50	882.50	881.50	879.00	876.00	871.00	868.00	863.00	860.50	856.00	852.00	849.50	844.00	841.00	834.00	830.00	824.00	820.00	815.50	806.50	802.50	798.00	795.00	790.50	787.00	779.50	776.00	772.00	766.00	759.00	753.00	747.00	743.00	739.00	733.00	727.00	723.00	722.00	721.50	719.50	715.00	711.00	709.50	705.00	699.00	691.00	682.00	673.00	666.00	658.50	648.00	636.50	624.00	615.00	601.00	591.00	575.50	558.50	545.50	525.00	511.00	490.00	469.00	448.50		422.50	398.00	363.50	335.00	324.00	312.00	313.50	325.50	339.50	356.50	386.00	426.00	462.00	481.00	507.00	516.50	526.00	520.50	512.00	509.00	528.50	542.00	557.00	587.50	599.00	614.00	615.00	600.50	486.00	206.00	66.00							127.00	80.50	18.50	3.00						11.00	22.50	36.00	55.50	79.00	100.00	140.50	165.50	208.50	222.00	221.50	211.00	172.50	138.00	80.00							64.00	85.00	133.50	263.00	327.00	410.00	462.00	525.50	582.00	629.50	658.50	619.50	323.00	40.00	0.00	0.00	0.00	0.00	0.00	156.00	193.00	296.00	382.00	506.50	628.00	717.00	765.50	810.00	860.00	900.00	915.00	921.00	948.00	972.00	1015.00	1062.50	1086.50	1090.00	1086.00	983.67	782.00
252.25	291.00	351.25	394.50	401.50	413.75	425.00	444.00	469.75	489.25	514.50	530.50	546.00	571.00	627.00	646.75	671.00	687.00	711.50	734.00	753.75	766.50	778.00	793.50	809.00	823.50	830.50	838.75	844.25	853.00	861.75	866.50	873.50	876.50	881.25	885.50	888.50	890.25	891.25	892.00	893.25	895.50	897.00	899.00	900.00	902.00	902.75	903.00	903.00	903.25	903.50	904.00	906.25	907.00	907.00	906.50	905.75	905.00	905.00	905.50	904.00	892.50	887.00	884.50	883.50	882.25	881.00	880.00	879.75	879.50	879.50	879.00	879.00	879.00	878.50	878.50	878.25	878.00	878.25	879.50	881.00	878.50	874.00	871.25	870.00	868.50	865.50	861.75	857.00	853.50	848.75	846.00	841.50	837.25	834.50	829.50	826.50	819.50	815.50	809.50	805.50	801.00	791.00	786.75	782.50	779.50	775.00	771.50	763.75	760.00	756.00	749.50	742.75	737.00	731.00	727.00	723.00	717.00	710.75	706.50	705.50	704.25	701.75	697.00	693.25	692.00	688.00	682.00	674.00	665.50	657.00	650.25	643.00	632.50	621.25	609.00	600.00	586.75	577.50	563.25	548.00	537.25	519.00	505.00	484.00	463.50	443.25	425.50	417.75	393.00	356.75	327.50	318.00	307.75	309.75	324.00	339.25	358.00	390.00	431.50	468.00	486.50	511.00	517.50	521.00	508.50	494.75	482.50	488.25	493.00	500.25	517.00	524.50	535.50	539.50	540.00	444.00	154.00	57.50							106.00	73.75	31.00									36.00	47.67	60.00	79.00	118.50	143.00	184.75	198.50	199.25	191.00	159.25	130.75	78.50							108.00	111.75	168.50	309.25	376.50	456.00	505.00	565.50	620.00	663.00	688.25	644.25	336.00	42.25	0.00		0.00	0.00	0.00	199.00	218.50	327.00	411.00	554.50	707.00	812.25	867.25	914.75	958.50	990.25	1003.50	1009.00	1047.75	1083.25	1140.50	1200.00	1230.75	1243.00	1244.50	1176.67	942.67
283.50	322.00	368.00	403.00	412.00	427.00	438.50	457.00	475.50	488.00	508.00	530.50	548.50	573.50	627.00	645.50	668.00	683.00	706.50	728.00	747.50	760.00	771.00	785.00	799.50	813.00	820.00	828.00	833.50	842.00	851.00	856.00	863.00	866.00	870.50	875.00	878.00	879.50	880.00	879.50	880.50	883.00	884.00	886.50	887.50	889.50	890.00	890.00	890.00	890.00	890.00	891.00	893.00	894.00	894.00	893.50	892.50	892.00	891.50	892.00	890.50	879.50	874.00	871.00	870.00	869.00	868.00	867.00	867.00	867.00	867.00	867.00	867.00	868.00	867.00	867.00	867.00	867.00	867.00	868.00	869.00	866.50	862.00	859.00	857.50	855.50	852.00	847.50	843.00	839.00	834.50	831.50	827.00	822.50	819.50	815.00	812.00	805.00	801.00	795.00	791.00	786.50	775.50	771.00	767.00	764.00	759.50	756.00	748.00	744.00	740.00	733.00	726.50	721.00	715.00	711.00	707.00	701.00	694.50	690.00	689.00	687.00	684.00	679.00	675.50	674.50	671.00	665.00	657.00	649.00	641.00	634.50	627.50	617.00	606.00	594.00	585.00	572.50	564.00	551.00	537.50	529.00	513.00	499.00	478.00	458.00	438.00	425.50	413.00	388.00	350.00	320.00	312.00	303.50	306.00	322.50	339.00	359.50	394.00	441.67	474.00	492.00	515.00	518.50	516.00	496.50	477.50	456.00	448.00	444.00	443.50	446.50	450.00	457.00	464.00	479.50	402.00	137.00	32.67							80.67	67.00	45.33							33.00	30.00	22.00	28.00	41.00	58.00	96.50	120.50	161.00	175.00	177.00	171.00	146.00	123.50	77.00	30.00						108.00	148.67	203.50	355.50	426.00	502.00	548.00	605.50	658.00	696.50	718.00	669.00	349.00	44.50	0.00		0.00	0.00	69.67	218.00	252.00	358.00	440.00	602.50	786.00	907.50	969.00	1019.50	1057.00	1080.50	1092.00	1097.00	1147.50	1194.50	1266.00	1337.50	1375.00	1396.00	1403.00	1253.00	1023.00
			456.00	472.00	491.50	495.00	494.00	506.00	518.00	535.00	550.50	564.50	585.00	629.50	645.50	665.00	677.00	695.00	713.00	732.00	743.00	752.00	763.00	773.00	783.00	790.00	800.50	807.50	817.00	825.50	830.50	837.00	841.00	845.50	849.00	852.00	853.50	854.00	853.00	853.50	855.00	856.00	857.50	858.00	858.50	859.00	859.00	860.00	859.50	859.00	860.00	860.50	861.50	861.00	860.50	860.00	860.00	859.50	860.00	859.00	852.00	849.00	847.00	846.00	844.50	843.00	842.00	842.00	842.50	843.00	844.00	844.00	845.00	845.00	844.50	844.00	844.00	844.00	843.00	843.00	841.50	840.00	837.50	836.00	833.50	829.00	823.00	817.00	813.00	807.50	804.50	799.00	793.50	790.50	786.00	783.00	776.00	772.00	765.50	761.00	756.50	746.00	741.00	736.00		728.00	724.00	716.00	712.00	707.50	701.00	694.00	688.00	682.00	678.00	674.00	668.00	661.00	656.00	654.00	650.00	647.00	641.50	636.50	633.50	629.00	626.00	621.00	614.00	607.50	602.00	596.50	586.00	573.50	561.00	554.00	543.00	535.50	525.00	514.50	508.00	495.00	482.00	463.50	447.00	429.50	415.50	400.50	373.00	335.50	307.00	299.00	291.50	294.00	310.50	327.50	348.00	380.00	417.50	448.00	460.00	472.00	465.50	446.00	408.50	377.00	338.00	314.50	302.00	294.50	286.00	283.00	279.00	279.00	280.50	228.00	67.50	7.00								40.00	80.00		127.00	132.00	134.50	131.00		98.00	87.50	57.00	47.00			103.00	128.00	169.00	183.00	185.00	179.00	163.00	149.50	113.00	45.50							182.00	218.00	385.50	465.50	559.00	616.00	687.00	751.00	774.50	777.00	710.00	369.00	47.50					245.00	255.00	297.00	437.00	545.00	774.00	1037.00	1195.50	1266.50	1323.50	1358.00	1372.00	1359.00	1345.00	1371.50	1404.50	1449.00	1490.00	1504.00	1481.00	1458.00	1253.00	963.00
398.25	439.50	479.50	515.00	534.00	552.50	542.25	512.50	514.50	526.25	543.50	559.00	572.25	590.25	628.75	643.00	661.00	672.00	687.50	703.00	719.25	729.00	737.50	749.00	758.00	766.50	773.50	785.50	793.25	802.75	811.00	816.00	822.50	826.50	831.00	834.50	837.50	839.00	839.75	840.25	840.50	841.00	841.50	841.00	840.75	840.50	840.50	840.75	841.50	841.25	841.00	841.50	842.25	843.00	843.00	842.75	842.50	843.00	842.25	842.25	841.50	838.75	837.50	837.00	836.50	834.50	831.50	830.50	830.50	831.00	831.00	831.50	831.50	832.00	832.00	831.50	831.00	831.00	831.00	830.00	829.50	829.00	828.50	827.00	825.50	823.50	820.50	815.75	807.00	801.00	794.25	790.75	785.25	779.75	776.25	771.50	768.00	760.50	756.50	750.00	745.50	741.00	731.25	722.33			716.33	707.25	698.75	695.00	690.50	683.00	675.25	669.00	663.00	659.00	655.00	648.50	641.50	635.00	631.00	624.50	620.25	614.00	608.00	604.00	601.00	602.50	603.25	598.00	591.25	586.25	581.00	571.00	557.75	545.50	539.00	529.50	524.25	516.50	507.00	499.50	486.50	476.50	461.50	447.00	429.75	411.75	391.25	355.67	328.25	304.00	298.00	291.75	294.50	309.25	324.25	342.25	370.50	402.25	427.00	435.00	441.50	433.00	411.50	370.50	336.25	292.00	261.75	244.50	232.00	213.75	207.25	199.00	184.00	149.75	114.00	33.75	3.50	0.00							80.00			127.00	138.50	150.50	156.50	149.50	140.25	121.50	86.00	47.00		106.00	126.75	152.50	192.50	205.75	207.00	199.50	185.00	173.25	145.00	96.50	119.50	48.00					182.00	214.67	375.00	464.75	577.00	647.50	723.50	785.00	790.00	774.50	696.00	359.00	61.33				160.00	216.00	256.00	308.00	483.50	594.33	940.50	1109.50	1242.25	1291.00	1332.75	1370.00	1395.50	1400.00	1399.50	1426.50	1453.50	1480.75	1499.00	1494.75	1441.50	1398.00	1169.50	860.00
440.00	484.00	532.00	574.00	596.00	613.50	589.50	531.00	523.00	534.50	552.00	567.50	580.00	595.50	628.00	640.50	657.00	667.00	680.00	693.00	706.50	715.00	723.00	735.00	743.00	750.00	757.00	770.50	779.00	788.50	796.50	801.50	808.00	812.00	816.50	820.00	823.00	824.50	825.50	827.50	827.50	827.00	827.00	824.50	823.50	822.50	822.00	822.50	823.00	823.00	823.00	823.00	824.00	824.50	825.00	825.00	825.00	826.00	825.00	824.50	824.00	825.50	826.00	827.00	827.00	824.50	820.00	819.00	819.00	819.50	819.00	819.00	819.00	819.00	819.00	818.50	818.00	818.00	818.00	817.00	816.00	816.50	817.00	816.50	815.00	813.50	812.00	808.50	797.00	789.00	781.00	777.00	771.50	766.00	762.00	757.00	753.00	745.00	741.00	734.50	730.00	725.50	716.50	712.00	706.00		693.00	690.50	681.50	678.00	673.50	665.00	656.50	650.00	644.00	640.00	636.00	629.00	622.00	614.00	608.00	599.00	593.50	586.50	579.50	574.50	573.00	579.00	585.50	582.00	575.00	570.50	565.50	556.00	542.00	530.00	524.00	516.00	513.00	508.00	499.50	491.00	478.00	471.00	460.67	447.00	430.00	408.00	382.00	347.00	321.00	301.00	297.00	292.00	295.00	308.00	321.00	336.50	361.00	387.00	406.00	410.00	411.00	400.50	377.00	332.50	295.50	246.00	209.00	187.00	169.50	141.50	131.50	119.00	89.00	19.00	0.00	0.00	0.00	0.00											145.00	166.50	182.00	182.00	175.50	155.50	115.00	98.00	93.00	106.00	150.50	177.00	216.00	228.50	229.00	220.00	207.00	197.00	177.00	147.50	119.50	48.00						208.00	382.00	464.00	595.00	679.00	760.00	819.00	805.50	772.00	682.00	349.00	89.00				160.00	201.50	257.00	319.00	530.00	693.00	937.50	1182.00	1289.00	1315.50	1342.00	1382.00	1419.00	1441.00	1454.00	1481.50	1502.50	1512.50	1508.00	1485.50	1402.00	1338.00	1086.00	757.00
467.50	507.00	548.75	584.50	601.50	613.25	587.50	527.50	518.75	530.00	546.50	561.75	573.50	587.75	618.00	629.75	645.50	655.50	668.25	680.50	691.00	698.00	705.25	716.50	724.75	732.00	739.00	753.25	761.75	771.00	779.00	783.75	790.00	794.00	798.50	802.50	805.00	806.50	807.50	809.25	809.25	809.00	808.50	806.50	805.75	805.25	805.00	805.25	805.50	805.50	805.50	805.50	806.50	807.00	807.50	808.00	808.25	809.00	808.50	808.00	807.75	809.25	809.75	811.00	811.00	809.00	805.00	803.50	803.50	804.00	804.00	804.75	805.50	806.00	806.25	805.75	805.25	804.50	804.00	803.00	802.00	802.25	802.50	802.00	800.75	799.50	797.50	794.00	782.50	774.00	765.50	761.50	756.00	750.75	747.00	741.50	737.50	729.50	725.00	718.75	714.50	710.00	700.50	696.00	690.50		673.67	674.50	665.25	661.25	656.75	648.50	640.50	634.50	628.50	624.50	620.25	613.50	606.50	598.00	591.50	581.25	575.50	568.00	560.75	556.00	554.00	559.50	564.75	561.00	554.25	549.75	545.25	536.50	523.75	512.50	507.00	504.50	515.25	533.50	539.50	531.75	517.00	503.00	489.00		426.75	402.50	376.50	342.00	317.25	300.00	299.00	298.50	302.75	316.00	326.75	336.67	361.00	374.00	385.00	384.00	378.00	363.25	333.50	285.00	246.25	194.00	154.25	128.50	104.50	141.50	131.50	119.00	44.50	9.50	0.00	0.00	0.00	0.00											72.50	83.25	97.00	143.75	162.25	155.25	125.50	114.25	112.50	123.00	157.75	178.75	212.00	223.75	226.50	223.50	213.50	204.50	186.50	159.75	135.25	101.00						0.00	382.67	466.25	600.50	687.00	765.25	818.50	780.75	725.25	624.50	314.50	66.00				95.00	165.50	273.50	375.00	589.33	693.00	993.67	1166.50	1243.50	1265.50	1295.25	1366.50	1438.50	1479.50	1502.00	1525.75	1538.00	1523.75	1488.00	1442.50	1325.50	1239.00	975.75	647.00
495.00	530.00	565.50	595.00	607.00	613.00	585.50	524.00	514.50	525.50	541.00	556.00	567.00	580.00	608.00	619.00	634.00	644.00	656.50	668.00	675.50	681.00	687.50	698.00	706.50	714.00	721.00	736.00	744.50	753.50	761.50	766.00	772.00	776.00	780.50	785.00	787.00	788.50	789.50	791.00	791.00	791.00	790.00	788.50	788.00	788.00	788.00	788.00	788.00	788.00	788.00	788.00	789.00	789.50	790.00	791.00	791.50	792.00	792.00	791.50	791.50	793.00	793.50	795.00	795.00	793.50	790.00	788.00	788.00	788.50	789.00	790.50	792.00	793.00	793.50	793.00	792.50	791.00	790.00	789.00	788.00	788.00	788.00	787.50	786.50	785.50	783.00	779.50	768.00	759.00	750.00	746.00	740.50	735.50	732.00	726.00	722.00	714.00	709.00	703.00	699.00	694.50	684.50	680.00	675.00		664.00	658.50	649.00	644.50	640.00	632.00	624.50	619.00	613.00	609.00	604.50	598.00	591.00	582.00	575.00	563.50	557.50	549.50	542.00	537.50	535.00	540.00	544.00	540.00	533.50	529.00	525.00	517.00	505.50	495.00	490.00	493.00	517.50	559.00	579.50	572.50	556.00	535.00	515.00	464.00	423.50	397.00	371.00	337.00	313.50	299.00	301.00	305.00	311.67	324.00	332.50	340.00	353.00	362.00	364.00	358.00	345.00	326.00	290.00	237.50	197.00	142.00	99.50	70.00	39.50				0.00	0.00	0.00	0.00	0.00	0.00											0.00	0.00	12.00	105.50	149.00	155.00	136.00	130.50	132.00	140.00	165.00	180.50	208.00	219.00	224.00	227.00	220.00	212.00	196.00	172.00	151.00	101.00						0.00	365.50	468.50	606.00	695.00	770.50	818.00	756.00	678.50	567.00	280.00	66.00				30.00	162.67	290.00	431.00	708.00	905.00	1062.50	1151.00	1198.00	1215.50	1248.50	1351.00	1458.00	1518.00	1550.00	1570.00	1573.50	1535.00	1468.00	1399.50	1249.00	1140.00	865.50	537.00
490.75	521.50	549.75	573.00	581.50	586.00	568.50	529.00	522.00	528.00	538.00	551.50	560.50	569.25	587.25	596.00	609.50	618.00	629.50	640.50	651.00	658.00	665.00	675.50	684.75	693.00	699.50	712.75	720.75	730.75	739.50	744.25	750.50	753.50	756.50	760.00	762.75	764.75	766.00	767.25	767.50	768.00	767.50	766.00	765.50	765.50	765.50	765.25	765.00	764.25	764.00	764.00	764.75	765.25	766.00	766.75	767.50	768.00	768.00	767.75	768.00	769.75	770.25	771.50	772.00	771.75	769.50	769.25	769.75	770.75	772.00	773.50	774.50	775.00	775.75	775.50	775.25	774.25	773.50	772.50	771.50	770.75	770.50	769.25	768.00	766.75	764.00	760.00	751.50	745.50	738.00	734.25	729.00	723.75	719.50	710.00	703.50	694.00	689.50	683.00	679.00	674.50	665.25	661.00	655.50		645.00	640.25	631.50	627.25	623.25	617.50	611.75	607.00	600.75	594.00	585.75	575.50	568.00	560.00	554.00	545.25	540.00	532.50	525.25	520.75	516.50	517.00	516.75	512.00	506.25	502.25	498.75	493.00	487.75	484.50	485.00	493.25	513.50	545.75	561.25	555.00	540.00	520.00	465.00	452.50	414.75	391.00	368.25	339.50	323.00	315.00	321.00	330.75	314.00	356.50	365.50	374.50	384.50	397.00	384.50	374.00	354.00	330.50	288.50	235.75	197.50	143.50	97.50	70.00							0.00															0.00	8.00	99.25	145.75	157.00	147.50	143.00	152.50	160.50	180.75	190.33	214.75	223.25	227.75	231.00	229.25	226.00	213.00	183.50	156.25	89.00	15.00						329.75	446.25	588.50	677.50	752.50	799.00	726.50	638.75	523.75	255.00	57.50					311.00	390.25	552.75	809.00	982.50	1079.75	1095.50	1132.75	1164.75	1211.50	1333.50	1457.25	1526.50	1564.00	1578.25	1573.50	1514.75	1422.00	1334.25	1152.00	1021.00	754.00	452.00
463.25	484.50	499.25	510.50	513.00	514.50	510.75	502.00	500.00	501.00	508.50	528.50	538.75	542.75	545.75	551.50	563.00	570.00	580.00	591.00	604.00	612.50	620.00	630.50	640.50	650.00	656.00	666.50	673.75	684.75	694.50	699.25	705.50	707.50	709.50	711.50	715.25	717.25	718.50	720.00	720.75	721.50	722.00	721.50	721.50	721.00	720.75	720.25	719.50	718.00	717.00	717.00	717.75	718.25	719.00	720.00	721.00	721.50	722.25	722.75	723.25	725.00	725.75	727.50	728.50	729.75	730.00	732.25	733.50	735.00	737.50	739.00	740.00	740.00	740.75	741.00	741.00	740.75	740.25	739.50	738.50	737.00	736.50	734.25	732.75	731.00	727.50	723.50	718.50	716.00	710.25	706.75	701.50	696.00	690.75	677.00	667.00	655.50	651.50	644.75	640.50	636.25	628.00	624.00	618.00	608.00	608.00	604.25	596.75	593.00	589.50	586.50	582.75	575.50	565.50	556.25	545.75	533.00	525.00	517.50	513.00	507.00	502.50	495.50	488.50	484.00	477.50	472.50	466.25	460.50	455.50	452.00	449.00	445.50	444.00	447.50	455.00	468.75	482.25	500.75	509.25	505.00	493.00	476.50	418.00	421.00	391.25	374.75	359.75	344.50	343.00	350.50	341.00		423.00	437.25	449.25	460.00	469.50	466.00	456.00	441.00	415.00	389.50	346.50	273.00	267.50	217.00	160.75	119.00	88.33																					53.00	77.00	130.00	152.25	169.25	177.50	188.75	201.00	209.00	220.00	226.50	233.50	236.00	237.75	239.50	243.75	246.75	238.00	201.75	166.25	74.50	10.00	0.00					311.00	413.00	552.00	633.00	697.75	734.00	609.50	473.25	340.50	230.00						413.00	510.50	686.25	881.00	998.50	998.50	910.50	932.00	982.75	1048.00	1197.00	1344.50	1431.00	1479.00	1485.50	1467.75	1378.25	1246.75	1133.75	923.50	776.00	554.00	331.50
440.00	456.00	464.50	470.00	470.00	470.00	470.00	470.00	470.50	471.50	482.00	510.00	523.50	527.00	525.00	530.00	541.00	548.00	557.50	569.00	581.50	590.00	597.50	608.00	618.00	628.00	634.00	643.50	650.50	661.50	671.50	676.00	682.00	684.00	686.50	688.00	692.00	693.50	694.50	696.50	697.50	698.00	699.00	699.50	700.00	699.00	698.50	698.00	697.00	695.50	694.00	694.00	695.00	695.50	696.00	697.50	698.50	699.00	700.50	701.50	702.00	703.50	704.50	707.00	708.00	709.50	711.00	714.00	715.50	717.00	720.00	721.50	723.00	723.00	723.50	724.00	724.00	724.00	723.50	723.00	722.00	720.50	720.00	717.50	716.00	714.00	710.00	706.50	702.00	700.00	694.50	691.00	685.50	680.00	674.50	660.00	649.00	637.00	633.00	626.50	622.00	618.00	610.00	606.00	600.00	596.00	590.00	586.50	579.50	576.00	572.50	570.00	566.50	556.00	542.50	533.50	524.50	513.00	505.00	497.00	493.00	487.00	482.50	475.50	468.50	464.00	457.00	451.00	443.00	437.00	432.00	428.50	425.50	422.00	418.00	421.00	430.00	444.00	455.00	469.00	475.50	472.50	462.00	448.00	423.33	401.00	376.50	364.50	354.00	347.00	353.50	370.00		438.00	448.00	485.50	500.00	512.50	523.00	518.50	507.00	492.00	467.00	444.00	406.00	360.33	337.00	289.00	226.00	176.00	110.00	0.00															0.00	0.00		0.00	29.00	49.00	77.00	132.00	162.00	179.50	196.00	212.50	229.00	237.00	243.50	247.00	245.50	244.50	244.00	244.00	249.00	253.50	246.00	208.50	171.00	72.00	0.00						345.00	402.00	533.00	606.00	661.00	688.00	522.00	347.50	200.50							328.00	530.50	698.00	852.00	937.00	900.00	781.00	796.50	851.50	921.50	1078.00	1232.50	1327.00	1380.00	1384.50	1362.00	1262.00	1117.50	998.50	792.00	650.00	465.50	296.00
392.00		397.00	395.00	391.00	387.50	387.00	388.00	392.00	396.00	409.00	437.00	453.00	464.00	479.50	486.50	498.00	505.00	515.50	526.00	537.50	544.50	551.50	562.00	571.50	581.00	587.00	596.00	602.50	612.50	621.50	626.00	632.00	635.00	638.00	641.00	644.00	646.00	647.50	649.50	650.00	651.00	651.00	652.50	653.00	653.00	653.00	653.00	652.00	651.50	650.00	650.00	651.50	652.00	653.00	654.50	655.50	657.00	658.50	660.00	661.50	664.50	666.00	668.00	670.00	672.50	675.00	678.00	680.00	682.00	685.00	687.50	688.00	689.00	689.00	689.50	690.00	690.00	690.00	689.00	689.00	687.50	686.00	684.00	682.00	680.00	677.00	672.50	669.00	666.00	661.00	657.00	651.50	646.00	640.00	625.00	614.00	603.00	599.00	592.50	588.00	584.00	576.00	572.00	566.00	561.00	555.50	552.50	546.00	542.50	539.50	537.00	532.50	517.00	499.50	492.00	486.50	478.00	469.00	461.00	456.00	448.50	443.50	436.00	428.50	423.50	416.00	411.00	402.00	387.00	372.50	367.50	364.50	359.00	353.00	352.00	356.00	364.00	371.00	381.00	386.00	384.00	378.00	370.00	357.50	345.00	335.00	333.50	334.50	344.00	370.00	406.00	444.00	499.00	531.50	600.00	607.50	622.50	635.00	627.50	614.00	599.00	575.00	556.50	528.00	495.50	472.50	427.00	359.50	302.50	222.00	54.50															21.00	25.50	36.00	53.00	70.00	101.50	131.00	156.50	174.00	192.50	220.00	245.00	269.00	277.00	276.00	273.00	253.00	243.50	239.00	235.00	234.50	236.00	213.00	142.00	95.00	27.00	0.00						183.00	232.00	387.00	493.00	481.50	385.00	250.50	147.00	95.00							298.00	359.50	460.00	533.00	568.00	531.50	452.00	492.00	558.00	636.00	797.00	954.50	1053.00	1108.00	1096.00	1056.00	943.00	794.50	689.00	551.00	462.00	372.00	302.00
372.00	381.00	376.00	371.00	366.50	361.50	360.25	360.50	364.00	368.00	378.00	397.25	411.00	426.75	456.75	466.00	477.00	483.50	493.75	503.50	515.00	522.00	528.50	538.00	547.25	556.50	562.00	571.00	577.00	586.00	594.25	598.50	604.00	607.00	611.25	615.00	618.00	620.00	621.50	623.75	624.25	625.00	625.50	626.50	627.25	628.25	628.50	628.50	628.50	628.00	627.00	627.00	628.25	628.75	630.00	632.00	633.00	634.50	636.50	638.00	639.75	643.25	645.25	648.00	650.00	652.50	655.00	658.25	660.50	662.50	665.50	668.50	669.50	670.50	671.25	671.75	672.00	672.00	672.00	671.50	671.00	670.00	668.50	666.00	664.00	661.75	658.50	654.00	650.50	648.00	643.00	639.25	633.75	628.00	622.25	607.50	596.50	585.50	581.50	575.25	571.00	567.00	559.50	555.25	549.00	544.00	538.50	535.50	529.25	526.00	523.25	521.00	516.50	502.50	486.50	478.50	471.50	461.50	451.75	443.00	438.00	429.75	424.25	416.25	408.25	402.75	395.00	390.50	380.25	359.00	338.00	331.25	327.75	322.00	317.25	315.00	316.50	319.75	324.00	330.50	334.00	333.25	330.00	325.00	317.75	312.50	310.25	314.25	320.75	338.50	372.50	417.00	460.50	524.00	565.33	624.25	644.25	659.50	670.50	658.75	641.00	622.50	593.75	572.75	540.00	505.50	481.75	436.50	371.25	318.25	246.25	93.25	62.50														7.67	15.75	25.75	43.00	58.50	87.25	115.00	140.75	159.00	179.00	210.00	237.75	264.00	272.00	269.50	265.25	241.50	230.25	224.00	217.50	213.75	212.25	180.00	89.00	47.50	13.50								232.00	266.50	382.00	353.50	224.50	154.00	140.00				122.00	134.00	119.50	99.67	150.00	241.50	302.50	353.00	379.00	376.00	352.00	417.00	490.25	572.00	724.50	870.75	957.50	1005.50	978.25	926.50	809.75	667.25	574.25	472.00	411.00	355.00	315.50
360.00	362.00	354.50	347.00	342.00	335.50	333.50	333.00	336.00	340.00	347.00	357.50	369.00	389.50	434.00	445.50	456.00	462.00	472.00	481.00	492.50	499.50	505.50	514.00	523.00	532.00	537.00	546.00	551.50	559.50	567.00	571.00	576.00	579.00	584.50	589.00	592.00	594.00	595.50	598.00	598.50	599.00	600.00	600.50	601.50	603.50	604.00	604.00	605.00	604.50	604.00	604.00	605.00	605.50	607.00	609.50	610.50	612.00	614.50	616.00	618.00	622.00	624.50	628.00	630.00	632.50	635.00	638.50	641.00	643.00	646.00	649.50	651.00	652.00	653.50	654.00	654.00	654.00	654.00	654.00	653.00	652.50	651.00	648.00	646.00	643.50	640.00	635.50	632.00	630.00	625.00	621.50	616.00	610.00	604.50	590.00	579.00	568.00	564.00	558.00	554.00	550.00	543.00	538.50	532.00	527.00	521.50	518.50	512.50	509.50	507.00	505.00	500.50	488.00	473.50	465.00	456.50	445.00	434.50	425.00	420.00	411.00	405.00	396.50	388.00	382.00	374.00	370.00	358.50	331.00	303.50	295.00	291.00	285.00	281.50	278.00	277.00	275.50	277.00	280.00	282.00	282.50	282.00	280.00	278.00	280.00	285.50	297.00	307.00	333.00	375.00	428.00	477.00	549.00	590.00	660.00	681.00	696.50	706.00	690.00	668.00	646.00	612.50	589.00	552.00	515.50	491.00	446.00	383.00	334.00	270.50	132.00	81.67														1.33	6.00	15.50	33.00	47.00	73.00	99.00	125.00	144.00	165.50	200.00	230.50	259.00	267.00	263.00	257.50	230.00	217.00	209.00	200.00	193.00	188.50	147.00	36.00	0.00	0.00									146.00	271.00	225.50	64.00	57.50	81.00				122.00	134.00	119.50	99.00	100.50	123.50	145.00	173.00	190.00	220.50	252.00	328.67	422.50	508.00	652.00	787.00	862.00	903.00	860.50	797.00	676.50	540.00	459.50	393.00	360.00	338.00	329.00
350.00	351.00	343.50	335.50	330.50	323.25	320.75	319.00	321.00	324.00	330.50	341.00	352.50	373.25	418.75	429.75	439.00	444.50	453.25	462.00	471.75	478.00	483.25	491.00	499.00	507.50	512.50	520.00	524.50	531.00	537.25	541.00	546.00	549.50	555.25	560.00	563.00	565.00	595.50	598.00	579.67	571.00	572.00	572.50	573.50	576.25	577.25	577.75	578.50	578.75	579.00	579.00	578.75	579.00	581.00	583.75	585.25	587.50	589.50	590.75	592.50	596.75	599.50	603.50	606.50	609.25	612.50	615.75	618.25	620.50	624.00	627.50	630.50	632.50	634.50	635.00	635.25	635.25	635.00	634.50	634.00	633.00	631.50	628.50	626.50	624.00	620.00	616.00	612.00	609.50	604.00	600.25	594.50	588.50	583.25	570.50	561.00	550.50	546.50	540.75	537.00	533.00	525.50	521.25	514.00	509.00	503.50	500.50	494.50	491.75	489.50	487.50	484.75	477.00	466.00	455.75	443.75	428.50	417.50	407.50	401.00	391.25	384.50	374.25	364.50	358.25	349.50	344.50	332.50	304.50	276.75	267.00	260.75	252.00	245.00	238.50	235.00	230.25	229.50	230.25	232.25	235.00	238.50	239.50	253.00	280.00		301.00	291.00	322.50	369.00	425.50	477.00	550.75	591.50	659.50	679.50	694.25	701.50	680.00	651.00	622.00	578.25	548.25	502.00	459.25	431.75	384.00	322.75	277.00	221.00	102.25	65.33														1.00	3.00	7.75	33.00	47.00	55.33	64.00	88.00	106.25	128.75	165.50	196.00	223.00	231.50	229.75	226.25	205.50	195.00	186.75	175.50	163.75	155.75	116.50	26.75	0.00										97.33	180.67	133.75	64.00	57.50			242.00	300.00	237.50	251.50	211.25	164.25	123.50	102.50	103.75	134.00	159.50	229.50	314.50	381.50	498.00	563.67	690.00	791.75	842.00	867.00	811.50	743.00	623.75	494.25	419.75	393.00	331.50	319.50	322.50
318.00	322.00	318.00	314.00	311.00	305.50	303.00	300.00	299.00	299.00	309.00	336.50	352.00	360.50	370.50	375.50	383.00	389.00	396.50	404.00	411.50	416.00	419.50	425.00	430.50	437.00	441.00	446.00	449.00	452.50	456.00	458.50	463.00	466.00	472.00	477.00	479.50	481.00	482.00		490.00	496.00	498.00	496.50	496.50	500.00	502.00	503.50	506.00	507.50	509.00	509.00	509.50	510.50	513.00	516.00	518.00	521.00	511.00	499.50	493.00	505.00	514.00	530.00	540.00	548.00	551.00	555.50	558.50	561.00	565.00	569.50	573.00	576.00	578.50	579.00	579.50	580.00	580.00	579.00	579.00	577.50	577.00	574.50	573.00	570.50	565.00	560.00	555.00	551.00	545.00	541.50	536.00	530.50	526.00	515.00	507.00	497.00	493.00	488.50	485.50	482.50	473.50	468.50	461.00	456.00	450.50	448.00	443.00	441.00	439.00	436.00	433.00	430.00	423.00	412.00	397.50	380.00	369.50	358.00	351.00	339.50	331.50	319.50	308.50	301.00	287.00	272.00	0.00	224.00	198.00	183.00	168.50	149.00	135.00	123.00	120.00	115.50	115.00	117.50	124.50	133.00	145.00	153.00				237.00	237.00		331.00	386.00	435.00	502.50	537.50	592.00	604.00	610.00	604.00	568.00	524.00	483.00	421.00	378.50	314.00	257.50	222.50	172.00	124.00	90.00	52.00																							45.50	68.00	92.50	131.00	154.00	169.00	171.00	162.00	155.50	139.50	130.00	119.00	100.00	54.00	17.00	0.00																			652.00	801.00	792.00	784.00	670.50	561.00	429.50	319.50	280.00	314.00	354.00	448.50	560.00	656.50	716.00	772.00	842.00		914.00	917.00	840.50		637.00	552.00	432.50	358.00	315.00	298.50	306.00
305.00	310.50	308.75	307.00	305.00	301.50	300.00	298.00	297.50	297.50	304.00	322.00	332.75	340.75	353.25	358.25	365.00	370.00	376.75	383.50	389.50	393.25	396.75	402.00	407.25	413.00	416.50	421.00	423.50	426.00	428.25	430.25	434.00	437.00	443.00	448.00	450.25	452.50	447.00	441.00	440.50	466.50	467.00	467.50	468.25	472.75	475.25	477.25	480.50	482.50	484.50	485.00	485.75	486.75	490.00	493.25	495.75	499.50	485.25	469.75	460.25	471.25	481.50	503.00	518.00	528.50	532.00	536.50	539.50	542.25	546.00	550.50	554.50	557.00	559.50	560.00	560.50	561.00	561.00	560.50	560.00	558.25	556.50	553.75	552.25	550.00	545.00	540.25	535.00	530.50	524.50	520.75	514.75	508.75	504.50	495.00	488.00	478.50	474.50	469.25	465.75	462.50	454.50	450.00	442.50	437.50	432.75	430.25	426.00	424.25	422.50	419.50	416.50	413.00	406.75	396.25	382.75	366.00	355.50	345.00	338.00	326.75	318.25	305.50	294.00	286.75	257.00	231.00		224.00	175.50	168.25	120.75	99.33	121.50	112.00	111.00	110.25	112.33	117.50			145.00							256.00	309.25	357.00	400.00	460.00	489.75	535.00	543.25	546.00	537.00	500.25	456.50	416.50	356.50	315.00	251.50	187.50	144.25	91.50	62.75	90.00	52.00																							159.50	130.50	156.25	193.50	209.00	213.50	209.00	192.25	180.50	153.50	139.00	123.00	97.00	47.75	13.75	0.00																	621.33	832.50	836.00	973.50	1050.00	1036.00	854.50	775.33	592.25	469.25	419.00	431.50	456.00	527.75	616.50	701.50	757.00	845.50	871.50	920.75	929.00	927.00	853.50	773.00	653.50	521.50	447.50	368.50	322.00	300.25	303.67
292.00	299.00	299.50	300.00	299.00	297.50	297.00	296.00	296.00	296.00	299.00	307.50	313.50	322.33	336.00	341.00	347.00	351.00	357.00	363.00	367.50	370.50	374.00	379.00	384.00	389.00	392.00	396.00	398.00	399.50	400.50	402.00	405.00	408.00	414.00	419.00	421.00	424.00	429.50	441.00	440.50	437.00	436.00	438.50	440.00	445.50	448.50	451.00	455.00	457.50	460.00	461.00	462.00	463.00	467.00	470.50	473.50	478.00	459.50	440.00	427.50	437.50	449.00	476.00	496.00	509.00	513.00	517.50	520.50	523.50	527.00	531.50	536.00	538.00	540.50	541.00	541.50	542.00	542.00	542.00	541.00	539.00	536.00	533.00	531.50	529.50	525.00	520.50	515.00	510.00	504.00	500.00	493.50	487.00	483.00	475.00	469.00	460.00	456.00	450.00	446.00	442.50	435.50	431.50	424.00	419.00	415.00	412.50	409.00	407.50	406.00	403.00	400.00	396.00	390.50	380.50	368.00	352.00	341.50	332.00	325.00	314.00	305.00	291.50	279.50	272.50	227.00	149.00			155.67	153.50	73.00	0.00	108.00	101.00	102.00	104.33	107.00										238.00	256.00	287.50	328.00	365.00	417.50	442.00	478.00	482.50	482.00	470.00	432.50	389.00	350.00	292.00	251.50	189.00	117.50	66.00	11.00	2.00																									159.50	193.00	220.00	256.00	264.00	258.00	247.00	222.50	205.50	167.50	148.00	127.00	94.00	41.50	10.50	0.00															397.00	498.00	700.50	811.00	1020.00	1169.50	1179.00	1162.00	1032.00	910.00	755.00	619.00	558.00	549.00	558.00	607.00	673.00	746.50	798.00	845.50	901.00	943.00	944.00	937.00	853.50	773.00	653.50	534.50	462.50	379.00	329.00	302.00	299.00
270.25	278.50	281.75	284.50	285.00	285.00	282.25	276.50	276.25	277.50	281.50	288.25	274.00	296.00	316.75	322.50	329.50	333.50	338.75	344.50	350.25	353.00	354.25	354.00	356.50	360.50	364.00	370.00	373.25	375.50	377.00	378.25	381.00	383.00	388.00	391.00	391.00	393.25	399.50	413.25	412.75	408.50	407.50	411.00	413.00	418.25	421.00	423.75	428.00	431.50	434.50	436.00	438.50	440.00	444.00	448.00	451.00	455.50	444.00	430.75	422.75	431.50	440.75	462.00	478.00	489.00	494.00	498.75	501.50	504.50	508.00	512.00	515.00	517.00	518.75	519.25	519.75	520.00	520.00	520.00	519.50	516.50	512.00	508.50	506.75	504.50	500.00	496.00	492.00	489.00	483.50	479.50	473.00	466.50	462.50	455.00	450.00	441.00	437.00	431.25	427.50	424.00	417.00	413.00	405.50	400.50	395.25	392.50	388.75	387.50	386.00	382.00	378.25	373.50	367.75	359.25	349.25	335.50	325.50	317.00	312.50	304.50	296.00	275.25	242.75	209.25	146.00	65.67	0.00		161.00				109.33	115.50	117.00	125.00	141.50	151.50	162.00	170.00	180.00	186.00	192.00				238.00	249.33	270.75	301.50	330.00	369.75	388.00	413.50	414.75	411.75	397.50	362.00	313.50	263.00	193.25	159.00	115.00	64.00	66.00	11.00	3.00																							259.00	297.00	259.00	292.00	313.50	337.50	331.75	311.50	294.50	264.50	237.25	144.75	103.75	79.25	55.00	41.50																	392.33	528.33	662.50	775.00	968.67	1122.75	1136.50	1124.50	986.33	907.25	775.00	660.50	609.50	600.00	606.50	648.00	704.50	778.25	832.75	881.25	933.00	967.75	959.00	945.50	858.75	778.25	661.00	546.00	476.25	393.50	343.00	310.75	300.50
222.25	232.50	240.00	247.00	251.00	253.50	247.50	234.00	233.50	237.25	243.50	250.50	256.00	263.25	279.50	287.50	299.00	304.50	309.00	314.50	322.25	324.00	319.50	307.50	304.75	307.00	311.00	320.25	325.50	329.25	331.50	332.50	334.50	335.00	337.50	336.50	331.00	330.75	337.75	355.50	356.75	354.50	354.50	358.75	361.00	366.00	368.50	371.75	376.50	381.50	386.00	388.50	393.25	396.00	400.50	405.00	408.25	413.00	413.75	412.50	412.75	420.00	425.25	435.50	443.00	450.75	457.50	462.25	464.75	467.50	470.50	473.50	475.00	476.00	477.00	477.50	478.00	478.00	478.00	477.50	477.50	473.00	466.50	462.25	459.75	457.00	452.50	449.00	447.50	447.00	443.00	439.00	432.50	426.00	422.00	415.50	412.00	403.00	399.00	393.50	390.25	387.00	379.50	375.00	367.00	361.50	354.75	351.25	347.25	346.50	345.00	340.50	335.25	329.50	324.25	321.00	318.50	314.67	304.67	296.50	294.50	284.50	261.50	208.75	141.75	85.25	32.50	12.00	0.00	0.00					83.50	102.50	103.50	110.50	126.25	153.50	174.25	181.75	191.50	197.00	207.33					236.00	240.00	252.50	264.50	280.00	286.25	291.50	286.00	277.25	257.50	224.00	171.50	112.00	47.25	33.25	27.33	10.50																					469.00	444.50	431.50	414.00	418.00	354.00	392.50	451.75	481.00	490.50	490.50	461.50	418.00	390.00	349.00	302.00	107.75	36.50	15.75	8.00	0.00															165.00	229.50	352.00	489.00	578.25	672.75	804.50	912.50	934.00	934.00	867.75	801.50	727.75	671.25	651.00	660.00	674.50	715.50	765.50	839.50	896.25	945.00	991.50	1016.50	991.00	965.50	872.25	791.25	679.00	573.00	508.50	427.50	376.50	335.00	311.50
196.00	207.00	216.00	225.00	231.00	234.50	227.50	211.00	210.50	215.50	223.00	232.00	238.00	245.00	261.50	271.00	286.00	293.00	297.50	303.00	311.50	312.50	304.50	286.00	280.50	282.00	286.00	296.50	302.50	307.00	309.50	310.50	312.00	312.00	313.00	310.00	301.00	299.00	306.00	325.50	328.50	329.00	330.00	334.00	336.00	341.00	343.50	347.00	352.00	357.50	363.00	366.00	371.50	375.00	380.00	384.50	388.00	393.00	399.00	403.50	407.50	414.50	418.00	423.00	426.00	432.50	440.00	444.50	447.00	449.50	452.00	454.50	456.00	456.00	457.00	457.50	458.00	458.00	458.00	457.00	457.00	452.00	445.00	440.50	437.50	434.50	430.00	426.50	426.00	426.00	423.00	419.00	412.50	406.00	402.00	396.00	393.00	384.00	380.00	374.50	371.50	368.50	360.50	355.50	347.00	341.00	334.00	330.00	326.00	325.50	324.00	320.00	314.00	308.00	303.50	304.00	306.50	306.00	297.50	291.00	289.00	274.00	236.00	158.50	68.00	24.50	0.00	0.00	0.00	0.00					55.00	75.00	75.00	85.00	111.00	155.50	186.50	193.50	203.00	208.00	215.00	219.00					226.33	230.00	234.00	238.00	238.50	234.00	225.00	213.00	190.00	156.50	105.00	48.00	0.00	0.00	0.00																			260.00	401.00	467.00	469.00	444.50	431.50	414.00	418.00	449.00	488.00	545.00	571.00	574.00	562.00	523.50	471.00	438.00	391.50	335.00	93.50	13.50	0.00	0.00	0.00													135.00	150.00	165.00	229.50	314.00	405.33	494.00	567.00	666.00	749.00	774.00	781.00	741.50	698.50	660.50	640.50	641.00	669.00	694.00	742.00	795.00	869.00	925.00	973.00	1018.00	1040.50	1008.00	977.00	880.50	799.00	689.50	588.50	527.00	447.00	396.00	350.50	321.00
140.00	152.00	163.00	174.00	180.00	186.00	183.00	174.00	175.50	180.50	188.00	196.50	203.00	212.00	233.00	245.50	266.00	275.00	282.50	289.00	294.00	293.50	284.00	263.00		244.00	245.00	255.00	260.00	263.50	265.50	266.00	267.00	263.00	249.50	239.00	232.50	232.50	241.50	266.00	272.00	277.00	281.00	286.00	289.50	295.50	299.00	303.00	309.00	316.00	322.00	326.00	332.00	336.00	342.00	347.00	351.00	357.00		371.00	373.00	381.00	384.50	389.00	392.00	398.50	406.00	411.00	413.00	415.00	417.00	419.50	421.00	422.00	422.50	423.00	423.00	423.00	422.50	421.00	420.00	416.00	411.00	406.00	403.50	400.50	395.00	391.00	389.00	387.00	382.50	378.00	371.50	364.50	360.50	356.00	354.00	345.00	341.00	335.50	332.50	329.00	320.00	315.00	306.00	299.00	291.50	287.00	283.00	283.50	283.00	280.00	275.50	270.00	270.00	280.50	295.00	308.00		294.00	287.00	251.50	171.50	119.00			0.00	0.00	0.00	0.00	0.00					0.00	0.00	0.00	23.50	96.00	158.00	184.00	212.00	218.00	225.50	226.00	225.50							130.00	127.50	115.50	104.50	91.00	68.00	40.50	12.00	0.00	0.00	0.00																				664.00		684.00	638.00	575.50	549.00	519.00	520.00	555.00	594.00	640.50	660.50	658.50	639.00	598.00	547.00	491.00	375.50	289.50	73.00	8.50	0.00															140.00	146.00	151.00	197.50	262.00	340.00	396.00	444.00	489.00	522.50	541.00	552.00	543.00	529.50	539.00	568.00	601.00	676.00	731.00	803.50	871.00	933.00	971.50	1006.50	1045.00	1063.50	1020.00	981.00	882.00	802.50	703.50	618.00	566.00	489.00	438.00	375.00	349.00
113.25	124.50	136.00	146.00	151.00	157.00	157.50	155.50	159.50	164.25	171.50	178.75	185.75	197.25	224.00	235.25	251.50	259.50	268.25	275.50	280.25	280.75	275.50	263.00	247.00	229.00	226.00	234.50	239.00	242.50	244.50	245.00	246.00	235.50	202.50	184.00	192.25	200.00	205.00	211.00	242.00	246.00	251.00	260.00	265.50	273.25	277.00	281.25	288.00	295.25	302.00	306.50	312.75	317.25	323.50	329.25	333.50	345.33	361.00		340.00	364.50	368.00	372.50	376.00	382.50	389.50	394.25	396.00	398.00	400.00	402.25	404.00	405.00	405.25	405.50	405.00	404.25	403.50	402.00	401.00	397.50	393.00	388.75	386.00	383.25	378.00	373.75	370.50	368.00	362.50	358.00	359.67	349.67	339.25	335.50	333.50	325.00	320.50	322.33		327.00	305.00	293.50	284.50	278.00	270.75	266.50	262.25	261.75	260.75	258.50	254.75	250.00	251.00	264.00	282.00	298.50	292.50	285.00	278.50	244.00	166.00	115.00			0.00	0.00	0.00	0.00	0.00					0.00	0.00	0.00	11.75	48.50	158.00	175.00	206.00	212.50	221.50	224.50	226.00	225.00	226.00							115.50	104.50	60.67	34.00	27.00	12.00	0.00																						896.00	740.00	730.50	655.50	578.75	548.25	515.50	516.00	550.25	587.50	629.50	647.75	646.25	629.00	594.25	551.00	468.50	265.25	159.25	36.50	4.25	0.00											77.00	84.50	98.00	118.00	132.75	147.00	156.50	205.25	270.00	358.00	424.00	479.50	526.00	557.25	567.50	571.50	557.75	542.75	550.00	577.00	611.75	699.00	764.50	843.25	913.00	964.25	992.00	1017.00	1044.00	1052.25	998.50	952.50	856.50	783.50	695.25	621.25	575.25	502.50	453.00	401.25	360.00
86.50	97.00	109.00	118.00	122.00	128.00	132.00	137.00	143.50	148.00	155.00	161.00	168.50	182.50	217.00	225.00	237.00	244.00	254.00	262.00	266.50	268.00	267.00	263.00	242.50	214.00	207.00	214.00	218.00	221.50	223.50	224.00	225.00	208.00	155.50	129.00	149.33	167.50	179.67	208.33	212.00	215.00	221.00	234.00	241.50	251.00	255.00	258.67	267.00	275.33	282.00	287.00	293.50	298.50	305.00	311.50	315.33	322.00			340.00	348.00	351.50	356.00	360.00	366.50	373.00	377.50	379.00	381.00	383.00	385.00	387.00	388.00	388.00	388.00	387.00	385.50	384.50	383.00	382.00	379.00	375.00	371.50	368.50	366.00	361.00	356.50	352.00	349.00	342.50	338.00	336.00	320.00	317.33	315.00	313.00	305.00	300.00	296.00			275.00	272.00	263.00	257.00	250.00	246.00	241.50	240.00	238.50	237.00	234.00	230.00	232.00	247.50	269.00	289.00	283.50	276.00	270.00	236.50	160.50	111.00			0.00	0.00	0.00	0.00	0.00						0.00	0.00	0.00	0.67		157.00	200.00	207.00	217.50	223.00	226.50	226.50	225.33									0.00	0.00	0.00																							905.00	896.00	815.33	770.00	673.00	582.00	547.50	512.00	512.00	545.50	581.00	618.50	635.00	634.00	619.00	590.50	555.00	446.00	155.00	29.00	0.00	0.00											47.00	72.00	84.50	98.00	118.00	128.50	148.00	162.00	213.00	278.00	376.00	452.00	515.00	563.00	592.00	594.00	591.00	572.50	556.00	561.00	586.00	622.50	722.00	798.00	883.00	955.00	995.50	1012.50	1027.50	1043.00	1041.00	977.00	924.00	831.00	764.50	687.00	624.50	584.50	516.00	468.00	415.00	371.00
67.25	76.50	86.50	96.50	102.50	111.50	116.00	121.50	127.50	131.50	138.00	144.00	150.50	167.00	188.00		212.00	220.50	232.00	241.00	245.50	246.75	251.67	240.00	221.50	196.00	190.00	197.75	201.75	204.75	206.50	212.67	225.00	192.50	144.25	120.50	143.50	158.50	171.75	193.50	197.50	199.00	201.00	205.75	209.25	218.25	223.50	226.50	267.00	258.00	247.00	271.00	293.50	298.50	294.00	304.00	304.00					333.00	335.75	339.00	341.50	349.25	358.50	363.00	364.50	366.25	368.00	369.75	371.00	372.00	371.75	371.50	370.50	369.00	368.00	366.00	364.50	361.50	358.00	354.25	351.50	348.75	344.00	338.75	333.00	329.50	322.00	316.25	304.33	286.00	301.00	303.00	313.00	305.00	300.00	296.00			275.00	253.67	236.50	257.00	250.00	233.67	225.50	224.25	222.75	220.50	217.00	213.00	214.00	226.75	244.50	262.50	262.25	257.50	249.00	215.50	145.00	99.50			0.00	0.00	0.00	0.00	0.00							0.00	0.00	0.00		150.00	192.00	200.00	212.25	220.00	225.50	226.00	225.00	181.00	94.00																														1012.00	981.00	911.67	875.50	781.50	718.50	623.75	540.00	510.25	482.00	483.50	515.50	548.50	581.00	595.50	594.50	581.50	555.25	522.00	419.50	144.25	26.25	0.00												41.00	62.25	76.75	90.00	110.50	122.25	148.00	166.50	227.00	303.00	399.00	469.00	527.50	574.00	601.75	600.50	595.00	577.50	563.00	573.50	605.50	647.50	757.50	840.00	925.00	991.00	1021.50	1030.50	1036.00	1031.50	1008.25	923.00	856.00	762.75	702.75	637.00	587.75	556.25	496.00	453.00	405.00	365.00
48.00	56.00	64.00	75.00	83.00	95.00	100.00	106.00	111.50	115.00	121.00	127.00	132.50	136.00	165.00	165.00	187.00	197.00	214.00	220.00	224.50	225.50	225.00			178.00	173.00	181.50	185.50	188.00	189.50			177.00	148.00			149.50	161.50	180.00	183.00	183.00	181.00	177.50	177.00	185.50	192.00	196.00	220.00	230.00	247.00	255.00	266.50	273.50	283.00	291.50	296.00	303.00	308.50	311.50	314.50	318.00	320.00	322.00	323.00	332.00		349.00	350.00	351.50	353.00	354.50	355.00	356.00	355.50	355.00	354.00	352.50	351.50	349.00	347.00	344.00	341.00	337.00	334.50	331.50	327.00	321.00	314.00	310.00	301.50	294.50	288.50	286.00	284.50	279.00													209.50	208.50	207.00	204.00	200.00	196.00	199.00	206.00	220.00	236.00	241.00	239.00	228.00	194.50	129.50	44.00	0.00																	143.00	184.00	193.00	207.00	217.00	224.50	225.50	225.00	181.00	50.00	0.00																						263.00	361.00	588.00	694.00	894.00	894.00	971.50	1012.00	981.00	915.00	855.00	739.50	667.00	574.50	498.00	473.00	452.00	455.00	485.50	516.00	543.50	556.00	555.00	544.00	520.00	489.00	393.00	133.50	23.50												24.00	35.00	55.00	69.00	82.00	103.00	116.00	148.00	171.00	241.00	328.00	422.00	486.00	540.00	585.00	611.50	607.00	599.00	582.50	570.00	586.00	625.00	672.50	793.00	882.00	967.00	1027.00	1047.50	1048.50	1044.50	1020.00	975.50	869.00	788.00	694.50	641.00	587.00	551.00	528.00	476.00	438.00	395.00	359.00
21.00	25.00	31.00	37.00	42.00	51.50	60.00	76.00	85.00	88.33	90.00	81.00	79.00	85.00	105.00	116.00	134.00	144.00	157.50	168.00	172.50	173.50		164.00	152.50	138.00	132.00	127.00	124.33	123.00	123.50	127.00		140.00	138.00	139.00	151.00	158.00	163.00	169.00	168.00	165.00	164.00	161.50	161.50	169.50	175.50	183.50	197.00	210.00	222.00	230.00	243.50	252.50	264.00	275.50	282.00	290.00	297.00	301.00	304.50	308.50	309.50	311.00	311.00	313.50	316.00	316.50	316.00	317.00	322.00	327.00	328.00	328.00	327.50	327.00	326.50	325.50	324.00	322.00	320.00	317.00	313.00	309.50	306.50	305.00	308.00	308.00	296.00	285.00	270.00	259.50	250.50	246.00	244.00	241.00	238.00	229.00	224.00										162.33	169.00	174.50	175.00	173.00	168.00	164.00	158.00	154.00	152.00	157.00	160.00	159.00	152.00	137.50	102.00	53.50	15.50										0.00	0.00	0.00				102.50	176.00	184.00	196.00	208.00	218.00	220.00	220.50	178.00	34.00	0.00	0.00																		271.00	422.00	502.00	648.00	740.00		970.00	999.50	1005.50	986.00	937.00	881.50	823.00	777.00	695.00	640.50	558.00	481.50	445.00	400.00	391.00	410.50	433.00	464.00	477.00	475.00	461.00	333.50	150.00	67.00	12.50	0.00													26.00	41.00	52.50	64.00	89.00	105.50	147.00	178.00	253.00	343.00	436.50	500.00	555.50	609.00	641.50	624.00	605.00	583.50	572.50	602.50	663.50	721.00	832.00	910.00	979.00	1024.00	1038.50	1038.00	1027.50	975.00	903.00	789.00	706.00	611.50	558.50	502.50	462.50	439.00	395.00	364.00	337.00	318.00
21.00	25.00	31.00	37.00	42.00	51.50	60.00	76.00	85.00	89.00	90.00	81.00	79.00	85.00	105.00	116.00	134.00	144.00	157.50	168.00	172.50	173.50		164.00	152.50	138.00	132.00	127.00	124.50	123.00	123.50	128.00				139.00	151.00	158.00	163.00	169.00	168.00	165.00	164.00	161.50	161.50	169.50	175.50	183.50	197.00	210.00	222.00	230.00	243.50	252.50	264.00	275.50	282.00	290.00	297.00	301.00	304.50	308.50	309.50	311.00	311.00	313.50	316.00	316.50	316.00	317.00	322.00	327.00	328.00	328.00	327.50	327.00	326.50	325.50	324.00	322.00	320.00	317.00	313.00	309.50	306.50	305.00	308.00	308.00		285.00	270.00	259.50	250.50	246.00	244.00	241.00	238.00	229.00	224.00										165.00	169.00	174.50	175.00	173.00	168.00	164.00		154.00	152.00	157.00	160.00	159.00	152.00	137.50	102.00	53.50	15.50										0.00	0.00	0.00				102.50	176.00	184.00	196.00	208.00	218.00	220.00	220.50	178.00	5.00	0.00	0.00																		271.00	406.50		648.00				999.50	1005.50	986.00	937.00	881.50	823.00	777.00	695.00	640.50	558.00	481.50	445.00	400.00	391.00	410.50	433.00	464.00	477.00	475.00	461.00	333.50	150.00	67.00	12.50														26.00	41.00	52.50	64.00	89.00	105.50	147.00	178.00	253.00	343.00	436.50	500.00	555.50	609.00	641.50	624.00	605.00	583.50	572.50	602.50	663.50	721.00	832.00	910.00	979.00	1024.00	1038.50	1038.00	1027.50	975.00	903.00	789.00	706.00	611.50	558.50	502.50	462.50	439.00	395.00	364.00	337.00	318.00
7.50	6.00	0.00	0.00	7.00	22.50	30.00	40.00	45.50	48.50	50.00	48.00	48.50	53.50				98.00	107.50	116.00	120.00	121.00	120.00	116.00	110.50	103.00	100.00	97.00	96.50	99.50	105.00	112.00	125.00		145.00	155.00	162.00	165.00	165.50	163.00	160.50	155.00	153.00	151.50	151.00	155.00	158.00	162.50	170.00	181.00	193.00	202.00	217.00	227.00	242.00	256.50	266.00	280.00	290.50	296.00	301.00	307.00	309.00	310.00	310.00	308.50	306.00	303.00	300.50	298.50	298.00	299.00	298.00	298.00	298.00	298.00	297.67	296.50	295.50	293.00	291.00	289.00	286.00	282.00	279.50	279.00	288.00	293.50	278.00	263.00	241.00	225.50	214.00	209.50	208.50	207.00	206.00	200.00	196.00	189.33									93.33	73.00	54.50	48.00	51.67	81.00	107.50			89.00	84.50	84.00	90.00	97.00	101.00	93.50	60.00	18.00	0.00	0.00	0.00						0.00	0.00	0.00	0.00	0.00			138.00	178.00	187.00	199.00	206.00	210.00	208.50	205.00	162.00	42.00	0.00	0.00	0.00															446.00	498.50	603.50	761.00	867.33	974.00	1019.00	1055.50	1059.00	995.00	950.00	900.00	822.00	777.50	751.00	725.00	674.50	634.00	549.50	461.50	410.50	339.00	319.00	329.50	347.00	377.00	388.00	381.00	357.00	220.00	26.00	0.00	0.00													25.33	33.00	41.00	46.50	53.50	76.00	93.50	141.00	177.00	250.00	332.00	419.00	479.00	534.50	602.00	648.50	628.00	603.00	588.50	585.50	631.50	710.50	774.00	868.00	930.00	982.50	1015.00	1007.00	988.50	960.00	883.00	796.50	718.00	667.00	601.50	562.00	495.00	423.00	378.00	328.00	298.00	282.00	281.00
3.00	0.00	0.00		0.00	7.50	10.50	13.00	15.00	16.50	20.00	24.50	28.00	32.50			56.00	61.00	67.50	74.00	77.50	79.50	80.00	80.00	78.50	77.00	78.00	81.50	85.00	94.00	104.50	112.00		131.00	144.00	154.00	158.50	160.00	158.50	152.00	148.00	142.00	139.00	133.50	131.00	131.00	132.00	134.50	140.00	149.00	161.00	171.00	187.50	199.00	217.00	236.00	248.50	267.00	280.50	288.00	295.00	303.50	306.00	308.00	308.00	305.00	299.00	292.50	287.50	282.50	276.00	270.00	268.00	268.00	268.00	268.00	267.50	267.00		264.00	262.00	261.00	260.00	267.00	273.50	279.00	285.00	285.00	266.00	251.00	225.00	207.00	193.00	187.50	187.00	186.00	185.00	179.00	176.00	164.00	154.00	149.00							81.00	61.00	46.50		56.00								61.00	62.50	64.00	57.00	32.00	7.50	0.00	0.00	0.00						0.00	0.00	0.00					153.00	182.00	190.00	199.50	197.00	184.00	159.00	127.00	73.00	14.50	0.00	0.00	0.00													393.00	499.00		843.00	932.00	1050.50	1094.50	1138.00	1136.00	1072.00	1020.00	913.00	848.00	795.50	726.00	697.00	688.00	668.00	617.00	574.00	477.50	376.50	321.00	246.00	225.00	240.00	239.00	209.00	191.00	177.00	160.00	89.50	0.00	0.00														54.50	68.00	52.50	31.50	21.00	50.00	71.50	112.00	140.00	190.50	246.00	320.00	376.00	430.50	509.00	571.50	578.00	573.00	601.50	633.00	715.00	820.00	890.00	965.00	1009.00	1036.50	1044.00	993.50	941.00	885.50	792.00	707.50	676.00	665.00	627.00	595.00	512.00	405.50	338.50	279.00	247.00	239.00	250.00
							2.00			6.00	18.00	19.75	20.00	32.75	37.25	44.00	48.00	54.25	74.00	63.50	65.75	66.75	67.50	67.75	71.00	72.67	74.75	79.25	89.50	100.50	107.50	117.50	124.50	137.00	146.00	149.75	150.75	149.00	142.50	138.25	131.50	127.50	120.25	116.75	115.50	116.25	118.50	123.50	132.75	139.00	154.50	164.67	184.00	204.50	225.25	238.50	257.50	272.50	281.00	288.75	298.50	301.50	302.00	304.00	299.50	292.00	283.25	277.00	271.00	263.00	255.75	253.50	253.50	253.50		267.50		266.00	251.50	250.50	251.75	254.00	266.50	277.75	286.00	288.50	284.25	266.00	252.00	227.25	209.75	195.50	189.25	188.50	186.00	184.00	176.50	172.00	158.00	146.00	132.00	94.00					69.50	93.50	94.50	96.50	103.50	110.50	152.00								63.00	63.67	53.25	26.75	5.00	0.00	0.00							0.00	0.00						159.00	176.00	183.00	190.00	183.00	162.25	124.50	78.00	36.50	7.25	0.00	0.00													423.00	449.00	606.33	770.67	869.50	918.00	1068.75	1106.00	1139.50	1127.50	1058.75	977.00	870.25	806.50	757.50	695.00	663.50	647.50	621.00	557.50	508.25	409.00	309.50	259.25	194.50	178.00	195.00	184.00	120.00	95.50	88.50	80.00	59.67	0.00															79.75	98.50	71.75	38.25	17.25			83.50	105.50	141.25	179.50	247.00	302.00	357.00	441.00	514.75	550.00	567.00	633.25	691.25	798.50	919.00	991.50	1055.00	1089.00	1091.75	1070.50	989.25	915.75	845.50	752.00	676.75	663.50	665.50	627.25	588.50	497.75	385.25	316.00	258.00	228.00	224.50	241.50
							2.00	3.50	4.50	6.00	10.00	12.00	15.00	23.67	26.50	32.00	35.00	41.00	46.00	49.50	52.00	53.50	55.00	57.00	59.00	62.00	68.00	73.50	85.00	96.50	103.00	112.00	118.00	130.00	138.00	141.00	141.50	139.50	133.00	128.50	121.00	116.00	107.00	102.50	100.00	100.50	102.50	107.00	116.50	128.00	138.00	156.00	169.00	192.00	214.50	228.50	248.00	264.50	274.00	282.50	293.50	297.00	299.00	300.00	294.00	285.00	274.00	266.50	259.50	250.00	241.50	239.00	239.00	239.00				239.00	239.00	239.00	242.50	248.00	266.00	282.00	293.00	292.00	283.50	266.00	253.00	229.50	212.50	198.00	191.00	189.33		183.00	174.00	168.00	152.00	138.00	122.50	87.33	67.00				69.50	106.00	128.00	146.50	163.00	169.50	152.00			58.00						63.00	49.50	26.33	0.00	0.00	0.00											54.00	54.00		159.00	170.00	176.00	180.50	169.00	140.50	90.00	29.00	0.00	0.00												255.00	287.00	384.00	483.50	550.50	660.00	786.50	869.50	948.50	1087.00	1117.50	1141.00	1119.00	1029.50	934.00	827.50	765.00	719.50	664.00	630.00	607.00	574.00	498.00	442.50	340.50	242.50	197.50	143.00	131.00	150.00	129.00	31.00	0.00	0.00	0.00	0.00															77.00	105.00	129.00	91.00	45.00	13.50			55.00	71.00	92.00	113.00	174.00	228.00	283.50	373.00	458.00	522.00	561.00	665.00	749.50	882.00	1018.00	1093.00	1145.00	1169.00	1147.00	1097.00	985.00	890.50	805.50	712.00	646.00	651.00	666.00	627.50	582.00	483.50	365.00	293.50	237.00	209.00	210.00	233.00
2.00						2.00	2.00	2.75	3.67	6.00	3.00	9.00	10.75	16.67	21.00	26.00	31.00	34.25	39.00	42.25	44.25	45.25	45.50	47.00	49.50	53.00	61.00	67.25	78.75	89.75	95.50	102.50	108.00	118.25	125.50	127.25	127.50	125.50	119.00	114.75	108.00	102.50	93.50	88.75	85.75	86.00	87.75	92.00	100.75	112.00	122.00	140.75	154.25	178.00	201.75	216.25	237.00	254.25	264.25	273.25	284.50	288.50	291.00	292.00	285.00	274.50	262.00	253.25	245.00	235.00	226.50	239.00	239.00			210.00	210.00	221.00	229.50	232.50	241.25	251.50	266.75	278.25	286.50	287.50	283.00	270.00	260.00	241.50	227.50	214.75	207.50	204.00	209.00			168.00	155.00	141.25	125.75	84.25	66.25	49.00				81.75	127.75	148.25	169.50	183.25	176.50	200.00		81.75	212.00							36.00		0.00	0.00								50.00	58.00	70.00	70.33	79.00		139.00	147.50	151.50	153.50	140.50	113.25	70.00	21.50	0.00											322.00	383.00	397.33	397.50	470.00	534.25	574.00	648.50	752.75	825.25	903.50	1048.75	1080.75	1104.50	1082.00	989.25	895.50	800.00	742.25	696.75	638.00	588.25	543.50	502.00	422.00	367.25	279.25	197.25	159.75	114.50	102.50	112.25	92.50	20.00	0.00	0.00	0.00															104.00	105.00	136.75	164.00	136.50	100.25	67.50				71.00	61.33	71.50	132.00	188.00	247.75	351.50	456.00	552.00	614.00	749.25	853.00	998.00	1135.75	1205.75	1242.00	1253.50	1193.00	1094.50	949.75	838.00	743.00	659.50	608.00	618.00	635.00	582.75	522.00	421.25	314.25	254.25	210.50	190.50	202.50	236.00
2.00			2.00								3.00	4.00	6.50	12.50	15.50	20.00	23.00	27.50	32.00	35.00	36.50	37.00	36.00	37.00			51.00	61.00	72.50	83.00	88.00	93.00	98.00	104.00		114.00	113.50	111.50	105.00	99.00	95.00	89.00	80.00	75.00	71.50	71.50	73.00	77.00	85.00	96.00	106.00	125.50	139.50	164.00	189.00	204.00	226.00	244.00	254.50	264.00	275.50	280.00	283.00	284.00	276.00	264.00	250.00	240.00	230.50	220.00	211.50					210.00	210.00	212.00	220.00	226.00	240.00	255.00	267.50	274.50	280.00	283.00	282.50	274.00	267.00	253.50	242.50	231.50	224.00	219.00	209.00	203.00			158.00	144.50	129.00	84.50	65.50	49.00					140.00	150.00	176.00	197.00	201.00	200.00		211.00	212.00	209.00	196.00		155.00														50.00	58.00	70.00	78.50	83.00	110.00	114.50	125.00	127.00	126.50	112.00	86.00	50.00	28.00											265.00	322.00	383.00	468.50	508.00	556.00	585.00	597.50	637.00	719.00	781.00	858.50	1010.50	1044.00	1068.00	1045.00	949.00	857.00	772.50	719.50	674.00	612.00	546.50	480.00	430.00	346.00	292.00	218.00	152.00	122.00	86.00	74.00	74.50	56.00	9.00																		104.00	133.00	168.50	199.00	182.00	155.50	121.50						30.00	90.00	148.00	212.00	330.00	454.00	582.00	667.00	833.50	956.50	1114.00	1253.50	1318.50	1339.00	1338.00	1239.00	1092.00	914.50	785.50	680.50	607.00	570.00	585.00	604.00	538.00	462.00	359.00	263.50	215.00	184.00	172.00	195.00	239.00
				2.00	2.00	2.00	3.00	4.50	5.67	8.00	10.00	12.00	14.50	19.00	21.00	23.00	25.00	29.00	33.00	36.00	33.67	12.33	0.00	0.00	0.00	0.00	29.50	52.50	66.00	72.00	73.00	73.00	74.00	77.00		81.00	80.50	79.00	74.50	72.00	68.00	63.00	53.50	48.50	45.50	45.50	47.50	51.00	59.50	70.00	79.00	97.00	110.00	134.00	157.50	172.50	194.00	211.00	221.00	229.50	241.50	245.50	248.00	249.00	241.50	228.00	211.50	200.50	191.50	185.00	181.50	182.00			138.00	140.00	144.50	153.00	170.00	182.00	203.00	225.00	245.00	257.00	268.00	279.00	287.50	288.00	286.00	280.00	274.50	265.50	255.50	248.50	238.00	231.00			175.67	161.00	146.50	103.50	83.50	64.00	53.00	49.00			118.00	132.67	160.00	186.50	200.00	212.67	222.00		279.00	285.00	274.00	246.00	191.00	126.50	0.00	0.00										67.00	66.00	61.00	54.00	51.33	50.00		59.00	47.00	20.00	0.00	0.00	0.00	0.00									227.00	258.00	349.00	438.50	507.00	526.00	545.50	538.00	514.00	515.00	523.50	568.00	677.00	748.50	819.00	936.50	939.50	910.00	867.00	769.00	681.00	612.00	563.50	510.00	425.00	353.00	287.00	263.00	259.00	256.00	250.00	222.50	153.50	17.00	0.00	0.00	0.00																	156.33	168.00	205.00	232.00	271.50	310.00	292.00	262.00	217.00	96.00					5.00	99.50	186.00	281.50	456.00	636.00	798.00	904.00	1043.50	1130.50	1196.50	1220.00	1215.50	1187.00	1164.00	1043.00	879.00	722.00	620.50	536.00	468.00	420.50	388.00	369.00	295.50	230.50	163.00	115.00	101.00	119.00	138.00	189.50	252.00
			2.00	2.00	2.00	2.00	2.50	3.50	4.25	6.00	10.00	9.50	11.75	17.67	18.75	22.00	24.50	28.50	32.00	35.00	32.00	14.50	0.00			0.00	29.67	48.75	60.75	65.25	65.50	63.50	64.00	65.50		68.00	67.50	66.00	61.75	59.50	56.00	51.50	42.25	37.50	34.75	35.00	36.75	40.00	36.00	57.50	66.00	82.75	95.00	117.00	139.00	152.75	172.50	188.50	197.50	205.25	215.75	219.25	221.50	222.50	190.75	142.00	137.75	150.25		185.00	181.50			101.50	112.00	122.25	130.75	140.50	158.50	171.50	192.75	218.33	235.75	248.50	260.25	273.00	282.75	285.50	286.00	281.75	277.75	269.50	259.50	252.75	242.50	236.00			177.33	162.50	144.25	102.50	83.50	65.50	56.00	55.00	60.00			131.00	151.00	178.00	196.00	215.25	224.00		287.00	292.50	282.50	256.00	201.75	184.00	0.00	0.00	0.00									83.00	72.50	64.00	54.00	52.00				31.33	10.00	0.00	0.00										156.50	230.33	285.00	382.50	464.00	516.00	511.50	501.00	484.25	453.50	464.25	485.00	538.50	637.25	699.00	753.50	835.00	826.75	784.50	736.00	633.75	542.00	470.00	423.25	379.25	314.50	279.25	258.50	259.00	281.75	290.00	277.00	236.00	160.00	15.00	0.00																	301.00	308.00	230.50	239.25	271.50	296.50	340.50	387.50	384.75	367.25	321.75	118.33						99.50	191.75	289.25	472.50	659.50	818.00	919.00	1028.00	1087.00	1129.50	1141.50	1129.50	1077.00	1036.00	906.50	743.50	610.50	532.75	464.75	396.00	340.25	296.00	268.50	207.00	159.00	114.00	86.50	84.50	117.50	146.00	203.00	266.50
		2.00	2.00	2.00	2.00	2.00	2.00	2.50	3.00	4.00	5.50	6.67	9.33	14.33	16.50	21.00	24.00	27.67	31.00	34.00	29.50	16.33	0.00	0.00			22.50	45.00	56.33	58.50	58.00	54.00	54.00	54.00		55.00	54.50	53.00	49.00	47.00	44.00	40.00	31.00	26.50	24.00	24.50	26.00	29.00	36.00	45.00	53.00	68.50	80.00	100.00	120.50	135.00	151.00	166.00	174.00	181.00	190.00	193.00	195.00	196.00	140.00	56.00	64.00	94.00				109.00	106.00	101.50	99.00	105.00	117.00	128.00	147.00	161.00	180.00	205.00	226.50	240.00	252.50	267.00	278.00	283.00	286.00	283.50	281.00	273.50	263.50	257.00	247.00	241.00	218.00	205.00	180.50	161.50	142.00	101.50	83.50	67.00	59.00	58.00	61.00			122.00	142.00	169.50	192.00	215.50	235.00	253.00	295.00	300.00	291.00	266.00	203.00	154.67	0.00	0.00	0.00	0.00							99.00	91.00	79.00	67.00						0.00	0.00												156.50	232.00	312.00	416.00	489.50	525.00	497.00	456.50	430.50	393.00	413.50	446.50	509.00	597.50	649.50	688.00	733.50	714.00	659.00	605.00	498.50	403.00	328.00	283.00	248.50	204.00	205.50	230.00	255.00	310.00	324.00	304.00	249.50	183.67	13.00	0.00															242.00	285.00	295.67	308.00	306.00	310.50	338.00	361.00	409.50	465.00	477.50	473.33	426.50	129.50	22.50						197.50	297.00	489.00	683.00	838.00	934.00	1012.50	1043.50	1062.50	1063.00	1043.50	967.00	908.00	770.00	608.00	499.00	445.00	393.50	324.00	260.00	204.00	168.00	118.50	87.50	65.00	58.00	68.00	116.00	154.00	216.50	281.00
2.00	2.00	2.00	2.00	2.00	2.00	2.00	2.00	2.50	3.00	4.00	5.50	7.00	10.00	14.00	16.50	21.00	24.00	28.00	31.00	34.00	27.67	12.50	0.00	0.00	0.00	0.00	27.33	45.00	53.00	59.00	58.00	54.00	54.00	54.50	55.00	55.00	54.50	53.00	49.00	47.00	44.00	40.00	34.00	25.00	24.00	24.50	26.00	29.00	36.00	45.00	53.00	68.50	80.00	100.00	120.50	133.00	151.00	166.00	174.00	181.00	190.00	193.00	195.00	196.00	140.00	56.00	58.00				112.00	109.00	106.00	101.50	99.00	105.00	117.00	128.00	147.00	161.00	182.50	205.00	226.50	240.00	252.50	267.00	278.00	283.00	286.00	283.50	281.00	273.50	263.50	257.00	247.00	241.00	218.00	205.00	180.50	161.50	142.00	101.50	83.50	67.00	59.00	58.00	61.50				142.00	169.50	192.00	215.50	239.50		295.00	300.00	291.00	266.00	212.50	140.00	48.00	0.00							99.00	100.00	99.00	91.00	79.00	67.00																		58.00	168.33	232.00	312.00	416.00	489.50	525.00	497.00	456.50	430.50	393.00	413.50	446.50	509.00	597.50	649.50	688.00	733.50	714.00	659.00	605.00	498.50	403.00	328.00	283.00	248.50	204.00	205.50	230.00	255.00	304.50	324.00	304.00	249.50	218.00													0.00	73.33	139.00	183.50	242.00	277.00	293.00	308.00	306.00	310.50	338.00	361.00	409.50	465.00	477.50	472.50	426.50	129.50	22.50	0.00				154.00	212.00	297.00	489.00	683.00	838.00	934.00	1012.50	1043.50	1062.50	1063.00	1043.50	967.00	908.00	770.00	608.00	499.00	445.00	393.50	324.00	260.00	204.00	168.00	118.50	87.50	65.00	58.00	68.00	116.00	154.00	216.50	281.00
5.50	5.50	5.00	3.67	2.00	2.00	4.00	3.50	3.75	4.00	4.50	6.00	7.25	9.00	14.00	16.50	21.00	23.50	27.00		32.00	28.00	18.00	5.00	3.00	4.67	13.00	33.67	43.25	49.00	59.00	53.67	48.00	47.50	47.50	47.50	47.00	46.50	45.25	41.75	40.25	37.50	34.00		17.00	17.50	18.00	19.50	22.50	29.25	37.00	44.50	58.00	67.75	84.50	102.00	112.75	128.00	140.75	147.50	153.75	161.25	163.75	165.00	166.00	120.25	53.33	46.00				81.67	85.50	83.00	82.25	83.00	91.75	105.25	116.75	137.00	151.00	173.00	195.50	217.00	230.50	243.00	258.00	270.00	276.00	279.50	277.75	275.50	268.25	258.50	251.50	241.00	234.00	210.50	197.00	172.25	153.50	134.75	97.50	81.25	67.00	60.00	60.50	65.00	82.50			142.00	157.00	184.50	213.25	236.25		287.00	292.50	287.00	268.00	221.50	147.50	50.75	0.00						119.00	112.33	109.50	106.50	95.00	76.50	59.00																			168.50	208.50	288.50	388.50	447.75	469.00	432.00	383.25	365.50	349.00	391.75	440.25	515.00	594.25	637.75	663.25	679.75	648.00	576.00	513.50	397.50	297.00	227.25	223.67	248.50	95.00	162.33	206.67	239.50	278.00	287.50	283.00															85.00	182.00	215.50	236.00	306.50	334.50	345.50	356.50	357.00	362.00	386.50	406.00	444.50	487.00	496.25	491.75	444.25	135.75	24.00	0.00				154.00	175.50	267.00	448.00	630.50	770.00	855.00	924.50	951.50	964.50	959.25	933.50	838.50	765.00	648.75	529.50	446.75	404.25	358.50	278.00	201.25	149.50	119.50	90.50	76.75	77.00	90.75	152.50	204.00	239.00	250.75	304.00
9.00	9.00	8.00	7.00	7.00	6.00	6.00	5.00	5.00	5.00	5.00	6.50	7.50	9.00		16.50	21.00		26.00	29.00	31.00	30.00	23.50	10.00	6.00	7.00	13.00	32.00			47.00	46.00	42.00	41.00	40.50	40.00	39.00	38.50	37.50	34.50	33.50	31.00	28.00				12.00	13.00	16.00	22.50	29.00	36.00	47.50	55.50	69.00	83.50	92.50	105.00	115.50	121.00	126.50	132.50	134.50	135.00	136.00	100.50	48.00			82.00	75.00	66.50	62.00	60.00	63.00	67.00	78.50	99.00	105.50	127.00	141.00	163.50	186.00	207.50	221.00	233.50	249.00	262.00	269.00	273.00	272.00	270.00	263.00	253.50	246.00	235.00	227.00	203.00	189.00	164.00	145.50	127.50	93.50	79.00	67.00	61.00	63.00	68.50	82.50				154.00	177.00	211.00	233.00	244.00		287.00	283.00	270.00	230.50	155.00	53.50	0.00						119.00	119.00	119.00	114.00	99.00																						225.00	265.00	361.00	406.00	413.00	367.00	310.00	300.50	305.00	370.00	434.00	521.00	591.00	626.00	638.50	626.00	582.00	493.00	422.00	296.50	191.00				95.00	136.50	195.00	224.00																0.00	137.00	153.50	246.50	292.00	326.50	371.00	392.00	398.00	405.00	408.00	413.50	435.00	451.00	479.50	509.00	515.00	511.00	462.00	142.00	25.50						153.50	237.00	407.00	578.00	702.00	776.00	836.50	859.50	866.50	855.50	823.50	710.00	622.00	527.50	451.00	394.50	363.50	323.50	232.00	142.50	95.00	71.00	62.50	66.00	89.00	123.50	152.50	204.00	239.00	285.00	327.00
22.50	21.00	19.50	17.00	15.00	13.00	11.50	9.00	8.00	7.50	7.00	7.00		11.00	13.00	15.00	19.00	21.00	22.50	25.00	26.50	27.50	28.50	30.00	31.50	33.00	34.00	35.00	35.33	37.00	37.50	35.67	32.00	31.00	30.00	29.00	27.50	26.33	26.00	24.50	23.50	22.00	19.00	13.00			5.00	6.00	8.00	12.00	17.00	22.00	30.00	35.50	43.00	49.50	54.50	63.00	69.00	72.50	75.50	79.00	80.50	81.00	81.00	77.00		52.67	49.00	45.00	39.00	35.50	35.00	35.00	40.50	45.50				105.00	119.00	140.50	162.00	182.50	195.50	207.50	222.00	234.00	240.00	243.00	242.50	239.00	230.50	220.50	212.50	199.00	189.00	164.00	150.00	129.00	114.50	100.50	76.50	67.00	59.00	55.00	45.50	39.33	33.50	36.50	38.00			164.00	208.00	220.50	226.00		253.50	258.00	257.00	230.50	157.50	54.50	0.00							57.00	57.00	53.00											0.00	0.00	0.00										112.00	161.50	228.00	247.50	247.00	221.00	199.50	229.00	302.00	406.00	486.00	577.00	612.00	622.50	606.00	534.50	466.50	344.00	262.00							61.00															0.00	159.00	247.00	288.00	324.00	348.00	394.00	412.50	423.00	432.00	434.50	433.33	442.00	468.50	485.00	508.00	523.00	520.00	505.00	466.50	434.00	373.00	107.50	34.00						102.50	163.50	292.00	424.50	530.00	596.00	655.00	681.00	672.00	631.00	589.00	510.00	454.00	426.50	428.00	372.50	317.50	259.50	164.00	87.00	93.00	111.00	154.50	189.50	247.50	309.00	341.00	354.00	356.00	361.00	367.00
32.25	30.00	27.00	25.67	20.50	17.00	14.50	11.00	9.00	7.75	6.50	6.33	6.00	8.00	11.00	13.25	17.00	19.00	21.33	22.50	24.00	25.00	26.00	27.00	28.25	29.50	30.00	31.00	31.50	32.00	32.50	31.00	27.50	26.50	25.25	24.00	24.33	20.50	19.50	14.75	13.50	12.50	10.00				3.50	4.00	5.00	8.00	12.00	16.00	22.50	26.75	32.00	36.25	39.75	46.00	50.75	53.25	55.75	58.25	38.00	81.00			26.00	37.75	34.50	31.25	25.00	20.50	20.50							95.50	108.00	128.25	148.50	167.50	179.50	190.50	204.00	214.75	219.50	222.00	219.50	215.25	206.00	195.00	186.50	172.00	171.00	137.50	124.50	105.75	93.75	82.25	63.75	55.75	47.00	41.50	26.25	42.00	16.75	18.25	19.00				215.00	206.33	178.00	212.00	236.75	237.50	228.00	194.75	129.75	44.00	0.00	0.00																	82.00	47.00	4.00	0.00	0.00	0.00									132.00	161.50	228.00	247.50	180.50	177.50	189.25	238.50	339.00	444.50	516.50	589.00	592.25	582.75	549.25	449.75	378.50	286.67	183.00																				236.00	252.50	201.33	250.75	312.50	343.50	376.25	396.25	427.00	437.25	439.50	435.00		434.00	445.00	480.75	502.50	530.00	547.50	535.25	504.00	430.50	367.75	292.00							74.00	97.25	147.75	248.50	354.50	452.50	516.00	571.00	594.00	582.25	539.50	505.25	483.33	449.00	435.50	431.00	355.00	281.25	214.50	139.00	93.50	136.50	179.50	246.00	290.75	353.75	414.00	437.75	420.00	398.50	381.00	371.50
42.00	39.00	34.50	30.00	26.00	21.00	17.50	13.00	9.67	8.00	6.00	6.00	6.00	6.50	9.00	11.50	16.00	17.00	18.67	20.00	21.50	22.50	23.50	24.00	25.00	26.00	26.00	27.00	27.50	28.00	27.50	26.00	23.00	22.00	20.50	19.00	17.67	15.67	13.00	5.00	3.50	3.00	1.00				2.00	2.00	2.00	4.00	7.00	10.00	15.00	18.00	21.00	23.00	25.00	29.00	32.50	34.33	36.00	37.50	38.00			31.00	26.00	22.00	20.00	17.50	11.00	5.50	6.00							86.00	97.00	116.00	135.00	152.50	163.50	173.50	186.00	195.50	199.00	201.00	196.50	191.50	181.50	169.50	160.50	145.00	135.00	111.00	99.00	82.50	73.00	64.00	51.00	44.50	35.00	28.00	7.00	0.00	0.00	0.00	0.00	19.00				178.00	178.00	212.00	220.00	217.00	199.00	159.00	102.00	33.50	0.00	0.00															103.50	101.00	82.00	47.00	6.00	0.00	0.00	0.00													114.00	134.00	179.00	248.00	376.00	483.00	547.00	601.00	572.50	543.00	492.50	365.00	290.50	172.00	104.00																	29.00	66.00	157.50	220.00	252.50	302.00	342.50	378.00	399.00	428.50	444.50	460.00	462.00	456.00	441.00	435.50	434.50	448.00	493.00	520.00	552.00	572.00	550.50	503.00	394.50	301.50	211.00						0.00	62.00	92.00	132.00	205.00	284.50	375.00	436.00	487.00	507.00	492.50	448.00	421.50	430.00	444.00	444.50	434.00	337.50	245.00	169.50	114.00	100.00	180.00	248.00	337.50	392.00	460.00	519.00	534.50	486.00	441.00	401.00	376.00
69.00	63.00	55.00	46.00	40.00					8.00	6.00	4.50	4.00	4.00	6.00	8.50	13.00	15.00	16.00	17.00		18.00	18.50	19.00	19.50	20.00	20.00	20.00	20.00	20.00	20.00					12.00	11.50	7.00	1.50	0.00	0.00	0.00	0.00						2.00	2.00	2.00	3.00	6.00	7.50	7.00	6.00	6.50										6.00	4.00	4.50	2.50											86.00	100.00	115.00				151.00	156.50	156.00	155.00	147.50	140.50	128.50	115.50	106.00	90.00	79.00			39.00	33.50	29.00	23.00	16.50	0.00	0.00	0.00	0.00	0.00	0.00	0.00	0.00	0.00					171.00	177.00	144.00	72.00	0.00	0.00	0.00	0.00															155.00	155.50	156.50	146.00	123.00	90.00	58.00															79.00	142.00	244.00	326.00	458.00	517.50	532.50	510.00	399.00	324.50	287.00												95.00	108.00	123.50	129.00					201.00	237.50	274.00	309.50	331.00	349.50	376.00	394.50	410.00	419.00	428.00	433.50	439.00	440.50	441.00	441.00	439.00	436.50	444.00	472.50	494.00	534.00	562.00	545.00	497.00	307.00	133.50	47.00							109.00	137.00	157.50	161.00	163.00	196.00	223.00	254.00	272.00	310.50	357.00	391.50	445.00	481.00	425.50	315.00	204.00	130.00	82.50	106.00	170.00	287.00	374.00	471.50	525.00	570.00	591.50	579.00	494.00	425.00	371.00	342.00
85.50	77.50	66.75	55.50	48.00	39.33	34.50	24.00	16.00	10.33	6.00	4.00	3.25	3.00	4.50	7.50	13.50	16.00	16.50	17.00	18.00	18.00	17.75	18.00	18.25	18.50	18.50	19.00	18.50	18.50	18.50	17.75							0.00	0.00	0.00	0.00	0.00						2.00	2.25	3.00	4.00	7.00	8.00	6.50	4.25	5.00	8.00						10.00	12.00	6.75	4.00	4.00	4.00					0.00	0.00	0.00	0.00					103.33	116.00	124.50	129.00	131.00		156.50	156.00	155.00	151.00		120.00	100.00	84.75	69.00	58.00	40.00		21.50	19.75	16.75	13.50	9.25	0.00	0.00	0.00	0.00	0.00	0.00	0.00	0.00	0.00	0.00				171.00	88.50	72.00	36.00	0.00	0.00	0.00	0.00											76.00	101.00	126.33	135.50	159.00	172.50	171.50	158.00	132.50	97.00														10.00	46.00	93.00	159.50	261.25	332.25	440.50	472.75	468.50	425.00	351.33								54.50	91.33	103.33	115.33	147.00	147.50	172.00	185.50	201.50	211.00	219.75	226.75	231.50	238.50	248.50	270.75	296.00	326.50	345.00	361.00	383.50	396.50	405.00	409.50	413.00	416.00	423.50	427.75	432.50	439.50	436.25	430.25	428.50	441.25	453.50	484.00	507.00	486.50	438.00	268.00	143.00							77.50	123.50	145.50	158.50	150.67	163.00	163.67	164.00	188.00	204.00	242.25	290.00	321.25	354.00	373.00	320.25	226.00	148.25	101.75	75.75	110.00	172.50	265.50	333.00	414.50	462.50	498.25	510.00	494.00	415.50	353.00	321.75	322.00
102.00	92.00	78.50	65.00	56.00	42.00	34.50	24.00	16.00	11.50	6.00	3.50	2.50	2.00	3.00	6.50	14.00	17.00	17.00	17.00	17.00	17.00	17.00	17.00	17.00	17.00	17.00	17.00	17.00	17.00	17.00	16.50				14.00	13.50	9.00	1.67	0.00	0.00									2.50	4.00	5.00	8.00	8.50	6.00	2.50	2.00							10.00	12.00	3.33	0.00							0.00	0.00	0.00	0.00		73.50	91.00	97.00	108.00	117.00	124.50	129.00	131.67	134.00	132.50	127.00	122.00	112.00	108.00		69.00	61.67	48.00	37.00	21.00	13.00	7.00	5.67	4.50	4.00	2.00	0.00	0.00	0.00	0.00		0.00	0.00	0.00	0.00	0.00					0.00	0.00	0.00	0.00	0.00	0.00											46.00	76.00	101.00	138.00	157.50	178.50	189.50	186.50	170.00	142.00	115.00															53.00	107.00	177.00	278.50	338.50	423.00	428.00	404.50	340.00	256.00					18.00	33.00	60.00	109.00	137.00	155.00	173.00	199.00	224.00	249.00	263.00	279.50	288.00	291.00	291.00	291.50	293.00	296.00	304.00	318.00	343.50	359.00	372.50	391.00	398.50	400.00	400.00	398.00	398.50	408.00	415.00	424.00	438.00	433.50	424.00	413.00	410.00	413.00	434.00	452.00	428.00	379.00	229.00	162.00							95.00	138.00	154.00	159.50	130.00		99.00	105.00	122.00	138.33	174.00	223.00	251.00	263.00	265.00	215.00	137.00	92.50	73.50	69.00	114.00	175.00	244.00	292.00	357.50	400.00	426.50	428.50	409.00	337.00	281.00	272.50	302.00
136.50	123.00	104.00	86.00	75.00	65.00		38.00	28.50	23.00	16.00	11.50	9.00	7.50	6.50	9.00	15.00	17.00	16.50	16.00	15.50	15.00	15.00	15.00	14.00	14.00									13.00	7.00	0.00	0.00	0.00	0.00	0.00	0.00							2.00	2.00	2.00	3.00	5.50	6.00	4.00	2.67									0.00	0.00					0.00	0.00	0.00	0.00	12.00	24.00			127.00	131.00	135.00	139.50	144.00	149.00	152.50	154.00	151.00	145.50	135.00	128.00	113.50	103.00	86.00	67.50			26.00	0.00	0.00	0.00	0.00	2.00	2.00	1.00	0.00	0.00	0.00	0.00		0.00	0.00	0.00	0.00	0.00	0.00	0.00				0.00	0.00	0.00											62.67	69.00	92.00	114.00	127.00	143.00	156.00	170.33	172.50	167.50	154.00	135.00	107.00	81.00	52.00	24.50	4.50	0.00											78.00	127.00	178.50	161.50	103.00	103.33							66.00	109.00	154.00	227.50	282.00	301.50	311.50	315.50	318.00	316.50	313.00	314.00	320.00	329.50	364.00	401.00	415.67	438.00	440.00	426.00	412.00	398.50	391.00	386.50	381.00	375.50	369.00	364.00	355.00	350.50	350.00	352.50	359.00	372.00	364.00	352.50	336.00	319.50	292.50	196.00	120.00	79.00									31.00	78.00	109.00	117.00						0.00	47.00	102.50	115.50	120.50	112.00	102.00	81.00	56.00	61.00	75.00	92.50	130.00	169.50	202.00	222.00	243.00	254.50	263.00	266.00	268.50	280.00	290.00	300.00	308.00
136.50	123.00	104.00	86.00	75.00	65.00		38.00	28.50	23.00	16.00	11.50	9.00	8.00	6.50	9.00	15.00	17.00	16.50	16.00	15.50	15.00	15.00	15.00	14.00	14.00												0.00	0.00	0.00	0.00								2.00	2.00	2.00	3.00	5.50	6.00	4.00	3.00									0.00	0.00					0.00	0.00	0.00	0.00	12.00	24.00			127.00	131.00	135.00	139.50	144.00	149.00	152.50	154.00	151.00	145.50	135.00	128.00	113.50	103.00	86.00	67.50				0.00	0.00	0.00	0.00	2.00	2.00	1.00	0.00	0.00	0.00	0.00			0.00	0.00	0.00		0.00	0.00																	63.00	69.00	92.00	114.00	127.00	145.00	156.00	175.00	172.50	167.50	154.00	135.00	107.00	81.00	52.00	24.50	4.50	0.00												127.00	178.50	161.50	103.00	95.00							66.00	109.00	154.00	227.50	282.00	301.50	311.50	315.50	318.00	316.50	313.00	314.00	320.00	329.50	364.00	401.00	411.00			426.00	412.00	398.50	391.00	386.50	381.00	375.50	369.00	364.00	355.00	350.50	350.00	352.50	359.00	372.00	364.00	352.50	336.00	319.50	292.50	196.00	120.00																			0.00	47.00	102.50	115.50	120.50	112.00	102.00	81.00	56.00	61.00	75.00	92.50	130.00	169.50	202.00	222.00	243.00	254.50	263.00	266.00	268.50	280.00	290.00	300.00	308.00
160.50	145.00	124.00	104.00	92.00	74.50	64.50	50.00	39.00	33.00	25.00	19.00	16.00		11.00	12.50	18.00	19.00	17.50	17.00	15.50	15.00	14.50	13.00	12.67	12.00	11.00	11.00								4.00			0.00	0.00			0.00			4.00	4.00		4.00	4.00	5.00	5.00	5.50	6.50	9.00	11.00						21.00	17.50	0.00	0.00	0.00	0.00				14.00	56.50	72.00	78.00	103.00	121.00		176.00	178.00	183.00	187.00	189.50	191.00	194.00	196.50	197.00	191.00	182.50	169.00	159.00	140.00	126.00	103.50	80.50	65.50	44.00			0.00	0.00	0.00	0.00	0.00	0.00	0.00	0.00	0.00	0.00			3.00	0.00	0.00		0.00	0.00	0.00														108.50	125.50	130.50	137.00	141.50	145.00	144.00	143.00	143.50	144.33	144.50	143.50	138.00	130.00	118.00	105.00	82.00	48.00	13.50	0.00													41.50	34.00	10.00				34.00	36.50	47.00	90.50	143.50	242.00	298.00	367.50	406.00	380.50	363.00	344.50	316.00	299.50	289.00	289.00	301.00	323.50	406.00	487.33	562.00	601.00	611.00	578.50	536.00	470.00	430.50	400.00	361.00	341.00	332.00	327.00	320.50	316.50	313.00	311.50	310.50	310.00	296.50	284.00	264.00	241.50	208.00	94.00	5.00																90.00	91.00	93.00	52.00	107.00	118.00	130.50	133.50	117.00	103.00	88.00	76.00	109.50	146.50	187.00	260.00	330.50	376.00	403.00	412.00	407.50	392.50	372.00	355.50	327.00	307.00	324.00	363.00
165.75	150.50	129.75	108.00	98.00	80.50	70.50	56.00	39.00	27.25	13.50	9.50	5.67	0.00	11.00	15.25	19.00	19.67	18.50	17.50	16.00	15.25	14.50	13.00	12.25	11.50	10.50	10.25	9.00	9.00						4.00						0.00	0.00			5.50	4.00			5.50	6.00	6.00	6.25	6.50	9.00						24.50	16.25	10.75	0.00	0.00	0.00				54.00	53.00	99.75	103.33	78.00	94.00	200.50	212.00	206.67	202.75	208.50	212.50	215.00	216.50	218.00	219.25	218.75	211.50	202.00	187.00	176.00	155.25	139.75	115.00	89.50	73.00	52.00	39.00			0.00	0.00	0.00			0.00	0.00	1.75	0.00			1.00	0.00	0.00																	106.00	131.00	147.25	154.00	160.50	159.00	156.00	150.50	144.67	140.33	137.50	136.00	136.25	128.50	112.50	90.50	79.00	62.00	33.75	8.00	0.00														34.00					71.00	71.25	88.50	142.75	196.75	294.50	360.67	398.75	417.50	363.00	330.50	304.75	271.00	260.75	262.00	272.50	304.50	340.00	442.25	549.50	627.00	664.50	671.50	627.50	571.00	489.00	439.75	401.75	353.00	330.50	321.50	317.00	312.75	309.75	305.50	302.75	298.75	292.50	274.50	259.00	229.50	188.00	150.50	60.50																112.00	103.00	98.50	100.33	81.25	112.50	125.00	139.00	143.00	128.00	115.00	109.75	112.00	165.00	217.25	272.25	364.00	449.25	499.00	526.00	526.50	513.00	475.25	426.00	390.00	338.50	304.50	342.00	423.00
171.00	156.00	135.50	116.00	104.00	84.67	76.50	62.00	39.00	21.50	2.00	0.00	0.00	0.00		18.00	21.00	21.00	19.50	18.00	16.50	15.50	14.50	13.00	12.00	11.00	10.00	9.50	9.00	9.00										0.00	0.00	0.00	0.00			7.00				7.00	7.00	7.00	7.00							26.00	24.50	11.50	4.00	0.00	0.00	0.00				43.67	92.00	139.00	166.00	177.00	191.50	200.50	212.00	222.00	227.50	234.00	238.00	240.50	242.00	242.00	242.00	241.00	232.00	221.50	205.00	193.00	170.50	153.50	126.50	98.50	80.50	56.00	39.00	16.00	7.00			0.00	0.00				3.50					0.00															0.00	47.00	60.00	106.00	153.50	169.00	179.00	184.00	176.50	167.00	157.00	148.00	134.00	130.50	127.50	129.00	119.00	95.00	63.00	53.00	42.00	19.50	2.50	0.00				0.00	0.00	0.00	0.00										56.50	70.00	89.50	106.00	130.00	195.00	250.00	347.00	392.00	430.00	429.00	345.50	298.00	265.00	226.00	222.00	235.00	256.00	313.67	356.50	478.50	603.00	659.50	728.00	732.00	676.50	606.00	508.00	449.00	403.50	345.00	320.00	311.00	307.00	305.00	303.00	298.00	294.00	287.00	275.00	252.50	234.00	195.00	134.50	93.00	27.00												90.00	107.00	110.50	112.50	112.00	109.50	106.00	104.00	110.50	118.00	132.00	147.50	152.50	139.00	127.00	131.50	148.00	220.50	288.00	357.50	468.00	568.00	622.00	649.00	641.00	618.50	558.00	480.00	424.50	350.00	302.00	360.00	483.00
168.00						91.00						0.00	0.00	19.00	24.50	25.00	25.00	23.00		18.00	16.50	15.50	14.00	12.50	11.00	10.00	10.00			8.00	8.50	10.00	11.00	11.00	10.00						0.00	0.00	0.00						0.00	0.00								9.00	9.50	6.50	0.00	0.00						108.00	125.50		182.00	194.00	207.00	222.00	231.50	244.00	255.50	262.00	269.00	274.00	277.50	279.00	276.50	273.50	269.50	260.00	252.00	229.00	216.00	192.00	174.00	144.50	113.50	93.00	66.00	48.00	21.00	9.00	0.00																									81.00	106.00	161.00	171.00	186.50	200.00	213.00	217.50	220.50	218.00	201.50	184.00	170.00			131.00	131.50	132.50	105.00	48.00	0.00	0.00	0.00	0.00	0.00					0.00	0.00	0.00	0.00	0.00							60.00	91.50	113.00	141.00	160.00	175.00	195.50	246.50	284.50	349.00	371.00	371.00	337.00	268.00		154.00	146.00	181.00	238.00	290.00	423.00	462.00	591.00	709.00	748.00	781.00	765.00	685.50	600.00	502.50	445.00	401.50	346.00	322.50	314.00	311.00	309.50	308.00	303.00	299.00	291.00	277.00	241.50	211.00	144.00	35.50	0.00								12.50	31.50	94.00	142.00	177.00	193.00	187.50	176.50	166.00	152.00	139.50	129.00	123.00	116.00	112.00	113.00	119.00	124.00	128.00	130.00	181.50	259.00	376.00	468.00	554.00	661.00	748.50	778.00	789.00	738.50	683.50	570.00	435.50	361.50	329.00	322.00	451.50	650.00
154.75	138.00		117.00	109.00	98.50	91.00	76.50	45.33	25.00			0.00	0.50	22.50	27.75	28.00	27.50	25.33	22.00	19.50	18.00	15.50	15.00	13.67	13.00	12.00	10.50	9.00	8.00	7.75	8.50	10.00	11.00	10.75	10.00	10.00	10.00	6.67	4.00	1.00	0.00	0.00	0.00	0.00											2.50	2.50		4.50	4.75	1.00	0.00	0.00							152.00	166.00	181.00	200.00	213.00	228.25	237.50	249.75	260.75	267.00	274.00	278.50	282.00	283.50	281.25	278.50	274.75	265.00	252.50	234.50	221.50	203.00	178.00	149.50	118.25	97.50	69.50	51.50	22.50	9.50	0.00	0.00	0.00																				102.00	107.50	124.50	98.75	130.00	168.00	182.00	202.50	219.00	232.50	235.00	234.75	228.00	209.50	190.50	176.50		148.50	138.75	132.75	132.25	103.50	47.50	0.00	0.00	0.00	0.00					0.00	0.00	0.00	0.00	0.00	0.00							76.50	91.50	129.75	154.50	163.50	170.75	180.75	208.50	234.25	280.00	292.50	284.00	337.00			157.00	167.00	224.50	301.00	360.50	463.00	532.50	629.67	737.50	761.50	772.00	748.50	666.75	583.00	495.25	443.50	404.50	355.50	334.00	326.00	322.50	319.75	318.25	316.00	313.25	306.50	293.50	249.25	209.00	134.00	32.50	0.00	0.00						121.00	96.25	126.00	188.50	264.67	258.00	260.00	235.75	211.25	190.50	171.50	157.75	148.00	142.50	128.00	116.00	110.00	112.25	119.75	141.00	157.00	234.25	339.00	457.75	542.00	617.00	697.50	757.75	773.50	776.50	703.00	628.00	555.00	435.50	298.00	344.00	369.67	541.50	731.50
145.00	138.00		117.00	109.00	98.50	91.00	80.00	42.00	25.00			0.00	1.00	26.00	31.00	31.00	30.00	27.00	24.00	21.00	19.67	18.00	16.00	14.50	13.00	12.00	10.50	9.50	8.50	8.00	8.50	10.00	11.00	10.50	10.00	10.00	10.00	10.00	6.00	1.00	0.00	0.00	0.00	0.00										0.00	0.00	0.00	0.00	0.00	0.00	0.00	0.00			0.00					152.00	166.00	186.50	206.00	219.00	234.50	243.50	255.50	266.00	272.00	279.00	283.00	286.50	288.00	286.00	283.50	280.00	270.00	258.00	240.00	227.00	203.00	184.50	154.50	123.00	102.00	73.00	55.00	24.00	10.00	0.00	0.00	0.00																				93.00	107.50	120.67	142.00	154.00	175.00	193.00	218.50	238.00	252.00	252.50	249.00	238.00	217.50	197.00	183.00	163.50	153.50	142.00	134.00	132.00	102.00	47.00	0.00	0.00							0.00	0.00	0.00	0.00	0.00							64.50	93.00		150.33	168.00	167.00	166.50	166.00	170.50	184.00	211.00	214.00	199.00		121.00	122.50	145.33	188.00	268.00	364.00	431.00	536.00	603.00	694.00	766.00	775.00	763.00	732.00	648.00	566.00	488.00	442.00	407.50	365.00	345.50	338.00	334.00	330.00	328.50	329.00	327.50	322.00	310.00	257.00	207.00	124.00	29.50	0.00							80.67	180.00	220.50	283.00	326.00	339.00	327.00	284.00	246.00	215.00	191.00	176.00	167.00	162.00	140.00	120.00	107.00	105.50	115.50	154.00	184.00	287.00	419.00	539.50	616.00	680.00	734.00	767.00	769.00	764.00	667.50	572.50	469.00	316.50	279.00	374.00	465.00	631.50	813.00
114.00	113.00	110.67	107.00	102.00	94.50	89.50	81.00	74.00					40.00	36.50	36.00	36.00	35.00	31.00	28.00	25.00	23.33	20.67	19.00	16.50	14.00	13.00	11.50	10.50	9.50	9.00	9.00	10.00	10.00	10.00	10.00	10.00	9.50	9.00	5.50	1.00	0.00	0.00	0.00	0.00							0.00	0.00	0.00	0.00	0.00	0.00							0.00	0.00	0.00		52.00	52.00		160.00	180.00	198.00	210.00	224.00	231.50	241.50	250.50	255.50	261.00	265.00	269.00	272.00	273.00	272.50	271.00	264.00	255.00	239.00	228.00	205.00	187.50	158.50	127.50	107.00	79.00	60.00	9.00	0.00	0.00																		40.00	48.33	58.00	70.00	86.50	98.00	111.67	139.00	145.50	168.00	188.00	214.00	230.00	239.00	238.00	234.00	223.00	203.00	181.00	171.00	143.50	96.50	33.50	0.00		0.00							0.00	0.00	0.00	11.00	42.00	26.50						84.00	101.00	121.00	122.50	117.00		113.50	109.00	96.50	87.50	83.00					101.00	125.00	178.33	208.50	250.50	318.00	395.00	477.00	535.00	630.00	678.33	747.50	790.00	789.50	769.00	733.00	645.00	560.00	480.50	436.50	411.00	387.00	379.00	379.00	376.00	368.50	364.50	363.00	359.00	347.50	325.00	204.50	91.50	0.00	0.00	0.00						139.00	174.00	280.00	327.00	366.00	387.00	366.00	319.00	260.00	217.50	185.00	174.00	175.00	182.00	188.00	165.50	141.00	126.50	126.50	139.50	185.00	221.00	317.00	435.00	523.00	571.00	610.50	638.00	650.50	640.00	628.00	522.50	422.00	340.00	346.00	379.67	589.00	743.00	872.50	952.00
99.00	104.00	104.50	103.00	99.50	94.00	90.00	83.00				60.00	58.00	47.00	41.50	40.00	38.50	36.50	32.75	29.50	26.50	24.50	22.50	20.00	17.50	15.00	14.00	12.50	11.50	10.25	9.50	9.50	10.00	10.00	10.00	10.00	9.50	9.25	9.00	5.50	1.00	0.00	0.00	0.00	0.00							0.00	0.00	0.00	0.00	0.00	0.00					0.00		0.00	0.00	0.00		46.00	61.00	106.50		165.00	181.50	192.50	204.50	211.25	220.25	228.50	233.25	238.50	242.50	247.25	251.50	254.25	255.25	256.00	246.67	244.50	231.00	221.50	200.00	183.50	155.50	125.00	104.75	78.00	60.00	8.50	0.00	0.00			0.00	0.00													41.00	49.00	56.25	65.00	74.50	88.00	97.75	113.00	129.00	139.75	159.00	175.50	197.25	210.00	217.50	217.00	213.75	204.00	182.50	164.00	155.00	129.25	84.25	28.00	0.00								0.00	0.00	0.00	0.00								223.00	159.00	165.00	167.25	155.25	117.00		100.33	92.33	70.50	71.67						145.50	182.00	245.75	287.75	328.50	388.50	450.75	515.00	563.50	647.50	697.25	751.25	787.50	783.00	757.50	717.50	624.00	537.00	461.50	420.75	399.25	381.50	372.50	367.50	360.50	344.00	335.00	327.50	322.50	313.75	297.50	184.75	77.25	0.00	0.00						157.00	153.25	191.00	282.75	320.00	339.00	345.00	313.50	261.50	210.00	176.00	151.25	147.50	154.50	167.00	176.00	166.25	152.25	144.25	144.75	155.00	194.00	224.50	310.00	416.00	491.50	531.75	564.25	585.00	590.50	566.50	545.50	451.75	375.33	326.67	370.25	438.25	629.00	773.50	893.75	966.00
91.50	95.00	98.00	99.00	97.00	93.50	90.50	85.00				61.67	58.00	54.00	46.50	44.00	41.00	38.00	34.50	31.00	27.67	26.00	24.00	21.00	18.50	16.00	15.00	13.50	12.50	11.00	10.00	10.00	10.00	10.00	10.00	10.00	9.00	9.00	9.00	5.50	1.00	0.00	0.00	0.00							0.00	0.00	0.00	0.00	0.00	0.00	0.00					0.00		0.00	0.00	0.00		40.00	65.50	106.50	133.00	150.00	165.00	175.00	184.00	191.00	199.00	206.50	211.00	216.00	220.00	225.50	231.00	235.00	238.00	239.67	238.00	234.00	223.00	215.00	195.00	179.50	152.50	122.50	102.50	77.00	60.00	8.00	0.00	0.00			0.00	0.00													41.00	58.00	65.00	72.00	79.00	89.50	97.50	113.33	124.00	134.00	150.00	163.00	180.50	190.00	196.00	196.00	193.50	185.00	164.50	147.00	139.00	120.33	63.00	30.00	0.00				0.00				0.00	0.00	0.00									223.00	234.00	229.00	213.50	188.00			74.00	59.00	44.50	40.00				70.00	102.00	190.00	239.00	318.50	367.00	406.50	459.00	506.50	553.00	592.00	665.00	708.00	755.00	785.00	773.00	746.00	702.00	603.00	514.00	442.50	405.00	387.50	376.00	366.00	356.00	345.00	319.50	305.50	292.00	286.00	280.00	270.00	165.00	63.00	0.00							146.33	173.50	208.00	285.50	313.00	312.00	303.00	261.00	204.00	164.33	138.67	117.50	121.00	134.00	152.00	164.00	167.00	163.50	162.00	163.00	170.50	203.00	228.00	303.00	397.00	460.00	492.50	518.00	532.00	530.50	493.00	463.00	381.00	282.00	320.00	394.50	483.00	669.00	804.00	915.00	980.00
74.50	79.00	83.50	86.00	87.00				81.50	78.00	72.00	67.00	63.50	60.00	52.50	49.00	44.00	41.00	38.00		27.00	26.00	24.00	21.00	18.50	17.00	17.00	15.50	14.50	13.00	11.50	11.00	11.00	10.00	10.00	10.00	10.00	7.50	2.50	0.00	0.00	0.00	0.00								0.00	0.00	0.00	0.00	0.00							2.00	2.50	4.00	4.00	6.00			69.00	77.50	94.00	106.50	117.00	125.00	132.50		101.00	87.50	76.00	113.00	147.00	170.00	179.00	187.00	193.00	198.00	202.00	202.50	196.00	191.00	175.00	161.50	137.50	110.50	92.50	70.00	56.00	6.00	0.00	0.00			0.00													58.00	65.50	82.00	86.00	90.00	93.00	97.50	101.00	106.50	112.00	116.50	124.00	131.00	141.00	149.00	156.00	159.00	161.00	157.00	137.50	108.00	76.00																						305.00	339.50	347.00	317.00	266.50	220.00								104.00	124.50	185.00	226.00	288.50	348.00	403.50	434.00	451.00	467.00	487.50	511.00	546.00	630.00	679.00	727.00	750.00	724.00	657.00	597.00	480.50	385.00	329.00	301.00	292.00	293.00	281.50	264.00	254.00	239.00	234.00	133.50	97.50	84.50	82.00	61.00								117.00	147.50	164.50	181.00	207.50	213.00	195.00	178.00	150.00	121.00	109.00	107.00	113.00	129.00	154.50	186.00	207.00	225.50	232.50	234.50	231.50	236.00	270.00	298.00	374.50	468.00	509.50	520.50	522.00	492.00	447.00	384.00	339.00	308.00	278.00	323.00	400.50	470.00	588.00	669.00	779.50	883.00
68.00	72.50	76.75	80.00	81.50	81.67	83.50	83.00	79.50	76.25	71.00	66.25	63.00	59.75	52.50	48.67	44.00	41.00	36.67	31.33	28.00	25.25	23.00	20.00	18.25	17.50	17.00	15.50	14.75	13.67	11.50	11.00	11.00	10.50	10.25	10.00	10.00	6.75	1.75	0.00	0.00	0.00	0.00								0.00	0.00	0.00	0.00						23.50	24.50	14.25	15.00	16.50	16.50	18.00		46.00	49.25	62.00	74.50	85.00	94.00	100.50	100.50	112.67	54.00			113.00	147.00	144.75	154.00	163.75	170.25	176.00	181.50	184.00	174.00	170.33	161.25	149.25	127.50	102.75	86.50	66.50	54.00	5.50	0.00	0.00	0.00													101.00	106.00	93.00	89.50	99.00	101.75	103.50	104.00	105.00	105.50	107.33	107.50	108.75	111.50	110.33	144.00	149.00	137.25	141.25	144.50	138.00	107.75	76.50	76.00								0.00	0.00									126.00	173.50	225.50	278.25	337.50	358.00	351.50	312.50	264.00	246.00						56.00	71.50	112.75	148.75	208.00	242.50	287.25	329.50	367.00	387.00	397.00	404.50	426.25	455.00	495.50	589.25	641.50	683.50	695.75	658.75	573.00	507.00	393.25	304.00	262.00	242.25	239.25	247.50	238.50	221.00	213.00	216.67	137.00	83.50	48.75	42.25	54.67									115.00	132.00	142.00	151.00	178.00	213.00	195.00	141.50	129.50	120.00	122.25	127.75	136.50	160.50	189.00	221.50	243.50	260.00	264.75	266.00	264.00	271.00	314.50	350.00	423.00	506.50	529.25	524.50	510.25	457.50	396.25	339.00	302.00	300.33	321.75	379.75	457.00	513.25	590.50	641.00	733.50	834.00
56.25	60.50	64.50	68.50	70.50	73.25	74.25	75.00	72.75	70.25	66.50	62.75	60.00	57.00		48.00	44.00	41.00	34.67	30.00	26.50	23.75	22.00	18.00	17.50	17.50	17.00	15.50	15.00	14.33	13.00	12.50	11.00	11.00	10.50	9.00	6.50	3.25	0.50	0.00										0.00	0.00	0.00	0.00	0.00						21.50	22.25	24.00	25.00	26.00	26.50	25.00			28.50	32.50	39.00	45.75	52.00	56.00	40.75	64.00	54.00					99.50	109.00	120.25	127.50	133.75	141.00	145.50	144.00	141.50	131.00	122.00	105.50	86.75	74.75	60.00	51.00	10.00	0.00	0.00	0.00										116.00	123.00	133.50	122.00	136.00	124.67	113.50	136.00	135.50	133.00	128.50	122.25	117.00	111.00	101.25	96.00	90.00	88.00	71.00		98.75	100.50	101.00	85.50	43.25	45.00						0.00	0.00	0.00	0.00	0.00								81.00	124.67	212.25	258.25	303.00	345.50	338.50	308.50	275.33	259.00						55.00	61.00	78.25	134.75	161.75	201.50	217.00	224.50	232.00	239.75	244.00	246.25	248.50	278.50	322.50	370.50	470.50	522.00	545.25	534.50	483.50	378.50	313.00	222.00	158.00	147.75	146.25	155.50	177.00	174.25	159.00	150.50	131.00	105.33	24.25	0.00	0.00	0.00								74.50	93.00	93.25	94.00	94.50	96.00	82.00	99.00	112.33	126.75	147.00	168.25	182.50	198.25	226.50	256.00	285.00	304.00	312.75	311.75	314.50	320.75	336.75	397.50	445.50	498.00	541.50	520.00	483.75	442.50	363.50	292.50	273.50	269.50	352.75	438.00	543.75	635.25	677.75	693.00	694.50	726.50	773.50
51.00	55.00	59.00	63.00	65.00	68.00	69.00	70.00	68.00	66.00	63.00	60.00	57.50	54.50					32.00	29.00	25.50	23.00	21.00	17.00	17.00	17.00	17.00	15.50	15.00	14.00	13.00	12.50	11.00	11.00	10.50	8.00	3.00	0.50	0.00	0.00									0.00	0.00	0.00	0.00	0.00	0.00				18.00	19.00	19.50	20.00	21.50	22.50	23.00	24.00	20.00	13.00		16.00	18.50	23.00	28.00	33.00	36.00	13.00						70.00	79.50	89.00	100.00	107.50	113.50	121.00	125.50	125.00	123.00	114.50	107.00	93.50	78.50	69.00	57.00	50.00	15.00	0.00	0.00											114.00	123.00	133.50	143.00	151.00	153.33	154.00	156.00	153.50	149.00	142.00	132.00	124.00	112.00	99.50	91.00	81.00	76.00	71.00		79.00	77.50	74.00	52.00	8.50					0.00	0.00	0.00	0.00	0.00	0.00	0.00						19.00	41.00	81.00	124.00	220.00	258.00	292.50	321.00	300.50	261.00	210.00					32.00	35.00	51.67	63.50	85.00	133.00	153.00	172.00	175.00	164.33	153.00	149.00	148.00	149.50	155.00	192.00	246.00	296.00	392.50	440.00	450.50	427.50	373.50	268.00	209.00	146.00	93.00	100.50	109.00	124.50	152.00	153.00	140.00	129.00	110.50	89.50	15.00	0.00	0.00									74.50	73.00	70.00	68.50	68.00	72.00	79.00	99.00	116.00	144.50	175.00	201.00	216.50	233.00	261.00	288.50	313.00	328.00	331.00	326.50	331.50	345.00	367.50	436.00	489.00	524.50	538.00	491.00	439.00	395.33	304.00	239.50	253.00	274.00	401.50	518.00	651.00	757.00	799.00	793.00	776.00	765.50	762.00
41.00	44.00	48.00	52.00	54.00	57.00	57.50	59.00	58.50	57.00	55.00	52.50	51.00	49.00	44.00	41.50		34.00	28.00	25.00	19.00	16.00	14.00	11.00	12.00	16.00		15.00	14.50	13.50	12.50	12.00	11.00	11.00	8.00	0.00	0.00	0.00									0.00										14.00	15.00	15.50	16.00	16.00	14.50	14.00	15.00	16.00	11.50					2.00	3.00		8.00					24.00	31.00	37.00	46.00	55.00	64.00	70.00	75.50	81.00	85.50	85.00	85.00	79.00	73.50	65.00	56.00	50.50	45.00	41.00														155.00	163.00	174.50	185.00	193.50	195.00	195.00	193.00	187.00	175.00	160.00	137.00	124.50	108.00	92.50	83.50		61.00	52.00				2.50	0.00					77.50	73.00	45.50	12.50	0.00	0.00	0.00	0.00					26.00	40.00	59.00	91.00	117.50	170.50	184.50	194.00	194.00	162.50						39.00	40.00	48.00	64.50				129.00	126.00	111.00	83.00		24.00							127.50	149.00	148.50	133.50	111.00	69.00	53.00		52.00	83.00	102.50	120.50	146.00	147.00	136.00	103.00	23.50	0.00	0.00	0.00						61.50	58.00	52.00	48.00	43.00	40.00	44.50	49.50	57.50	89.00	108.50	145.00	170.00	196.50	217.00	231.50	240.00	250.00	272.00	294.00	308.00	316.00	323.00	326.50	352.50	393.00	426.50	481.00	517.00	493.00	429.00	350.50	293.00	246.50	217.00	223.00	325.00	409.00	579.50	708.50	865.50	998.50	1058.00	1075.00	1072.00	955.00	781.00
35.00	38.50	44.67		54.00	56.50	57.50	53.00	52.50	51.50	50.00	48.00	46.75	45.00	42.33	38.50	34.00	31.50	27.50	20.00	9.50	8.00	7.00	11.00		16.00	9.00			13.00	10.67	10.33	11.00	8.00	0.00									0.00	0.00	0.00	0.00	0.00								13.50	13.50	14.00	14.25	14.50	12.75	7.25	7.00	7.50	8.00	7.67	0.00		2.00	2.00	2.00	2.50	4.00	5.00	1.00		0.00	3.00	9.00	15.50	21.50	32.25	40.50	53.00	60.00	58.75	46.00	61.67	85.00	85.00	79.00	57.75	43.75	29.25	33.67	45.00													154.67	158.50	168.25	181.50	200.33	203.00	229.50	214.25	215.75	214.00	203.75	173.50	127.50	73.00	62.25	54.00	61.67	83.50											18.00	67.75	79.75	73.50	45.00	12.25	0.00	0.00						64.00	45.75	57.00	68.00	86.50	102.00	133.25	140.25	144.25	139.50	131.67				44.00	44.33	42.75	43.25	49.00	59.00			113.00	117.50	114.00	95.00	83.00											92.50	133.50	90.33	69.00	70.00	97.50	86.50	102.67	123.25	132.50	141.00	137.50	123.50	92.00	20.00	0.00							49.00	50.75	48.25	42.00	48.00	35.50	36.00	48.25	60.00	74.50	116.25	138.00	168.50	188.50	205.50	216.00	227.00	234.75	243.75	262.00	280.50	292.00	299.00	316.00	324.67	370.33	408.00	436.75	465.00	481.00	441.25	369.50	309.25	272.25	248.25	259.00	299.50	408.00	491.50	651.50	769.75	922.00	1057.50	1116.75	1117.00	1100.00	944.25	723.00
29.00	33.00	38.00					47.00	46.50	46.00	45.00	43.50	42.50	41.00	38.33	34.00	31.00	29.00	25.50	15.00	0.00	0.00	0.00				9.00				7.00	7.00	11.00	5.00	0.00								0.00	0.00	0.00	0.00	0.00	0.00								13.00	13.00	13.00	13.00	13.00	8.33	0.00	0.00	0.00	0.00	0.00	0.00		2.00	2.00	2.00	2.00	2.00	2.00		0.00	0.00	0.00	0.00	0.00	6.00	18.50	26.00	31.00	40.00	42.00	46.00	49.50	49.00	49.00	45.50	42.00	22.50	3.33	0.00												130.50	141.00	163.00	175.00	186.00	200.00	211.50	221.00	229.50	233.50	236.50	235.00	220.50	172.00	95.00	9.00	0.00	0.00	0.00													74.00	82.00	74.00	44.50	16.00	0.00						63.00	64.00	69.00	74.00	77.00	82.00	86.50	96.00	96.00	94.50	85.00	70.00			42.00	43.33	47.00	47.50	46.50	50.00	59.00		90.00	104.50	106.00	102.00	79.00												43.00	46.00	50.67	58.00	70.00	97.50	121.00	138.33	144.00	144.50	141.00	128.00	111.00	81.00	16.50	0.00							40.00	40.00	38.50	32.00		29.00	32.00	55.00	70.50	91.50	143.50	167.50	192.00	207.00	214.33	215.00	222.50	229.50	237.50	252.00	267.00	276.00	282.00	309.00	328.67	385.33	423.00	447.00	449.00	445.00	389.50	310.00	268.00	251.50	250.00	301.00	376.00	491.00	574.00	723.50	831.00	978.50	1116.50	1175.50	1159.00	1128.00	933.50	665.00
29.00	33.00	38.00					43.33	40.75	40.50	39.50	38.00	37.00	35.50	32.75	29.00	27.00	23.00	17.67	15.00	0.00	0.00												2.50	0.00					0.00	0.00	0.00	0.00	0.00	0.00		0.00	0.00							10.00	10.67	10.50	5.00	0.00		6.00	0.00	0.00	0.00	0.00						2.00	2.00	2.00		2.00	1.00	0.67	0.00	0.00	0.00	3.00	18.50			28.50	30.25	35.00	37.00	28.00	16.33	22.75	28.00	15.00	5.00										119.00	130.00	141.00	143.50	154.25	176.25	187.75	198.50	211.50	222.50	231.00	238.00	241.25	243.75	241.50	226.75	176.00	94.00	6.25	0.00	0.00									4.50	0.00				81.00	41.00	37.00	22.25	12.00						25.00	60.33	78.50	81.00	82.00	80.50		86.50	74.50	80.67	94.50					54.00	42.50	23.50	23.75	23.25	50.00			90.00	104.50	106.00	102.00	79.00										61.00	76.50	75.33	74.75	80.50	88.00	99.00	125.00	146.50	159.25	163.75	160.25	149.50	114.00	67.00	40.50	8.25							24.00	33.33	39.25	40.50	36.67		29.00	32.00	75.00	88.25	112.00	169.25	194.00	213.50	224.00	227.50			256.00	247.75	255.50	263.00	270.00	274.50	301.75	326.25	363.50	401.25	416.00	400.50	384.00	340.25	287.00	288.25	306.50	333.50	405.00	488.75	585.50	652.50	774.00	862.25	985.00	1101.00	1146.50	1110.50	1067.00	871.75	611.50
								35.00	35.00	34.00	32.50	31.50	30.00	27.50	26.50	25.00	17.00											0.00	0.00		0.00	0.00						0.00	0.00	0.00	0.00	0.00	0.00										10.00	10.00	9.50	8.00	5.00	0.00	0.00											2.00					2.00	1.00	0.00	0.00	0.00	0.00		2.00	11.50		18.50	24.00	24.50	7.00															119.00	130.00	141.00	156.50	167.50	189.50	200.50	211.00	223.00	233.50	241.00	246.50	249.00	251.00	248.00	233.00	180.00	93.00	3.50	0.00	0.00							40.00	24.50	4.50	0.00	0.00	0.00											4.00	25.00	59.00	93.00	93.00	90.00	84.00									51.00	60.00	42.00	0.00	0.00	0.00	0.00	24.00															35.00	61.00	76.50	91.50	103.50	109.50	118.00	128.00	152.50	172.00	182.00	183.50	176.00	158.00	100.00	23.00	0.00								20.50	30.00	38.50	41.00				56.00		106.00	132.50	195.00	220.50	235.00	241.00	241.00		247.00	251.50	258.00	259.00	258.00		267.00	294.50	320.00	352.00	379.50	385.00	352.00	323.00	291.00	264.00	308.50	361.50	417.00	509.00	601.50	680.00	731.00	824.50	893.50	991.50	1085.50	1117.50	1062.00	1006.00	810.00	558.00
16.33	18.00	22.00								0.00	7.00	18.00	19.00			19.00																						0.00	0.00	0.00	0.00		0.00	0.00	0.00						9.00	9.00	9.00	9.00	9.00	8.50	8.00	0.00	0.00	0.00										8.00	8.50			0.00	0.00	0.00	0.00	0.00	0.00	0.00	0.00	0.00	0.00	0.00	0.00	0.00	0.00	0.00												97.00	105.33	117.00	131.00	146.00	156.00	171.00	181.00	200.50	209.50	218.00	228.00	236.00	240.00	243.00	242.50	241.00	235.00	223.00	173.00	89.00	2.50	0.00	0.00					76.50	83.00	69.50	40.00	10.50	0.00	0.00	0.00	0.00	0.00								0.00	0.00	0.00	5.50	21.00	20.00	28.00	44.00	63.00						33.00	45.00	61.00	71.00	44.50	0.00	0.00	0.00					94.67	62.50	0.00	0.00	0.00							72.00	91.00	126.50	142.67	155.00	158.50	159.00	158.00	164.00	182.00	198.00	207.00	209.00	202.00	184.00	118.00	0.00							39.00	56.00	58.00	66.00	86.00	93.50	99.00	100.00	101.00	101.00	129.00	149.00	174.00	226.50	246.50	253.00	253.00	257.50		277.50	289.00	295.50	287.00	275.67	266.00	260.00	263.00	269.00	273.50	275.00	269.50	243.00	222.00	253.00	280.00	373.00	453.50	531.50	640.00	740.00	814.00	860.00	936.50	990.00	1061.00	1125.50	1136.50	1048.00	968.00	767.50	526.00
18.00	18.50	20.50	19.00			9.00		0.00	0.00			0.00																									0.00	0.00	0.00	0.00	0.00		0.00	0.00	0.00		0.00	5.00	10.00		9.50	9.50	9.00	9.33	9.25	6.50	4.00	0.00	0.00	0.00										4.00	9.00	3.00	0.00		0.00	0.75	1.00		22.00	11.50	3.50	0.00	0.00	0.00	0.00	0.00	0.00	0.00												100.75	108.00	120.00	131.00	146.33	155.00	170.00	180.25	199.00	207.00	214.50	223.00	229.75	233.00	234.75	233.25	230.75	224.50	214.00	173.50	106.50	31.75	23.50	15.33				37.00	84.25	78.50	53.50	26.25	5.25	0.00	0.00	0.00	0.00									0.00	0.00	0.00	2.75	10.50	10.00	14.00	30.50	59.67						33.00	45.00	61.00	77.25	48.50	0.00	0.00	0.00				135.00	122.00	92.25	34.50	23.50	17.00						126.00	110.50	130.00	161.00	184.00	203.50	194.50	179.33	170.50	174.00	187.50	201.00	213.00	212.25	193.50	151.50	142.00							96.00	97.67	99.00	102.25	110.50	125.50	132.00	129.50	125.50	122.50	121.00	155.67	169.75	193.25	233.25	247.75	252.50	252.00	262.00	289.00	292.00	302.25	307.75	299.50	286.25	274.00	265.50	251.75	242.25	234.75	231.50	229.75	243.00	220.50	266.00	311.50	410.25	491.00	570.75	687.50	797.25	883.50	938.00	1012.25	1060.00	1111.25	1149.00	1142.50	1037.50	948.50	753.50	527.00
19.50	19.00	19.00	19.00			6.00		0.00	0.00			0.00	0.00			0.00	0.00	0.00	0.00																	0.00	0.00	0.00	0.00	0.00	0.00	0.00	0.00	0.00			0.00	5.00	10.00	10.00	10.00	10.00	10.00	10.00	9.00	4.50	0.00	0.00	0.00										0.00	2.00	9.50	3.00	0.00			1.50	3.00	18.00	22.00	23.00	7.00	0.00	0.00	0.00	0.00	0.00	0.00										51.00	78.00	97.50	104.50	112.00	123.00	135.00	147.00	154.00	169.00	179.50	197.50	204.50	211.00	218.00	223.50	226.00	226.50	224.00	220.50	214.00	205.00	174.00	124.00	61.00	47.00	46.00				37.00	92.00	74.00	33.33	12.50	0.00	0.00	0.00	0.00	0.00											0.00	0.00	0.00	0.00	0.00	17.00	53.00								81.00	83.50	52.50	0.00	0.00	0.00			129.00	135.00	146.00	122.00	69.00	47.00	34.00						118.33	149.00	169.00	195.50	207.00	203.50	194.50	189.50	183.00	184.00	193.00	204.00	219.00	215.50	185.00	119.00						37.00	71.00	96.00	127.00	142.00	146.50	155.00	167.00	170.50	160.00	151.00	144.00	141.00	165.00	190.50	212.50	240.00	249.00	252.00	251.00	269.00	289.00	306.50	315.50	320.00	312.00	298.00	282.00	271.00	240.50	215.50	196.00	188.00	190.00		219.00	272.50	343.00	447.50	528.50	610.00	735.00	854.50	953.00	1016.00	1088.00	1130.00	1161.50	1172.50	1148.50	1027.00	929.00	739.50	528.00
25.00	23.00	20.00	17.00									0.00	0.00	0.00	0.00	0.00		0.00			0.00															0.00	0.00	0.00	0.00	0.00	0.00	0.00	0.00	0.00			10.00	10.00	10.00	10.00	8.00			0.00		0.00	0.00	0.00											0.00	0.00	0.00	0.00	0.00	0.00					21.00					0.00	0.00	0.00										38.00	55.00	59.00	65.50	70.50	78.50	109.50	124.00	135.00	141.00	154.50	165.50	182.00	188.00	188.50	172.00	153.50	150.00	153.50	164.50	179.50			179.00	173.00						18.00	43.00	64.50	22.00	0.00	0.00	0.00	0.00	0.00	0.00							0.00	0.00											81.00	89.00	93.00	97.00		109.00	112.00	114.00	104.00	66.00	0.00	0.00				148.00	153.50	171.00	169.00	160.00	148.00	121.50					152.00	191.00	232.00	247.00	251.00	249.00	232.00	213.50	207.50	202.00	201.00	199.50	194.00	178.00	173.00								206.00	254.50	268.50	264.00	266.00	269.50	266.00	246.50	230.50	197.00	173.00	162.00	164.00	191.00	217.00	236.00	240.00	239.50		245.00	266.50	297.00	310.50	314.00	315.50	311.00	302.50	288.00	277.00	228.50	185.50				255.00	309.00	376.00	435.00	534.00	612.00	697.00	847.00	996.50	1114.00	1188.00	1233.00	1241.00	1210.00	1150.50	1087.00	943.00	838.00	683.00	530.00
29.50	25.50	21.25	17.67	15.00	9.50	3.67	0.00						0.00	0.00	0.00	0.00	0.00	0.00	0.00	0.00	0.00	0.00														0.00	0.00	0.00	0.00	0.00	0.00	0.00	0.00	0.00	0.00	3.00	7.33	8.00	8.00	7.33	0.00	0.00					0.00	0.00	0.00	0.00	0.00									0.00	0.00	0.00	1.00	0.00					21.00		0.00	0.00	0.00	0.00											16.00	19.00	27.50	29.50			52.33	100.00	109.67	129.00	130.33	145.75	155.25	169.75	175.00	168.25	118.50	76.75	75.00	102.33				184.00	161.00		144.50	72.00	0.00			55.00	42.00	32.25	11.00	0.00	0.00	0.00	0.00	0.00						0.00	0.00	0.00	0.00	11.25	11.50								73.75	84.75	100.25	107.75	115.50	125.00	131.00	134.00	132.00	115.75	73.75	0.00					115.00	135.50	149.25	145.25	133.00	122.50	130.00			148.00	153.67	186.00	224.75	261.50	270.00	259.25	250.25	231.75	214.75	210.75	209.50	207.00	198.00	179.00	183.00							402.00	248.00	299.25	320.25	326.25	324.00	319.50	315.50	298.00	256.75	230.00	192.50	173.00	161.25	171.00	196.00	217.75	233.50	236.00	235.50	237.00	242.33	261.75	287.50	298.75	301.50	302.25	296.00	285.75	271.50	261.00	227.67			182.33	202.25	288.50	355.00	458.00	483.50	585.25	667.00	756.75	917.50	1074.00	1182.00	1246.50	1254.25	1229.50	1167.75	1089.75	1021.00	880.50	779.50	648.25	527.50
33.00	28.00	24.00	18.00	15.00	9.00	2.50	0.00	0.00										0.00	0.00																						0.00	0.00	0.00	0.00	0.00	3.00	6.00	6.00	6.00	6.00	0.00	0.00	0.00							0.00										0.00	0.00		3.00	11.00		17.00	17.50	18.00	17.00	17.00	4.00	0.00	0.00										43.00	43.00	15.00	0.00	0.00		0.00	0.00	0.00	81.00	94.50		125.00	137.00	145.00	157.50	162.00	148.00	65.00	0.00							143.00	144.00	144.50	72.00	0.00			92.00	41.00	0.00	0.00	0.00	0.00	0.00							0.00	0.00	0.00	0.00	0.00							42.50	54.00		83.00	88.50	111.50	122.50	134.00	148.00	154.50	156.00	150.00	127.50	81.50	0.00				86.00	100.00	117.50	127.50	121.50	106.00			85.00	112.00	134.50	166.00	220.00	258.50	291.00	293.00	267.50	251.50	231.50	216.00	214.00	217.00	213.00	196.50	149.00						369.00	390.00	402.00	406.00	392.50	386.00	384.00	384.00	373.00	361.50	330.00	267.00	229.50	188.00	162.00	160.50	178.00	201.00	218.50	231.00	232.00	231.50	237.00	241.00	257.00	278.00	287.00	289.00	289.00	281.00	269.00	255.00	245.00	213.00	186.50	177.50	189.00	219.50	322.00	401.00	476.50	532.00	636.50	722.00	816.50	988.00	1151.50	1250.00	1305.00	1275.50	1218.00	1125.50	1029.00	955.00	818.00	721.00	613.50	525.00
39.33	32.00		20.00	17.00			6.00	0.00									0.00			0.00	0.00	0.00														0.00	3.00	6.00	4.00	0.00	0.00	0.00			0.00	0.00	0.00	0.00	0.00	0.00	0.00	0.00	0.00																		0.00	0.00	0.00	0.00	0.00	15.00	15.00	11.00	0.00	0.00	0.00	0.00										42.67	49.00	54.00	57.00	58.00	11.00	0.00	0.00	0.00	0.00	0.00	0.00	44.00			120.50	127.50	130.50	123.33								0.00	4.00	54.00	0.00	62.50	125.00			0.00	0.00	0.00	0.00	0.00						0.00	0.00	0.00	0.00	0.00	0.00	0.00				36.00	38.50	43.00	49.00	54.00	62.00	71.00	85.00	96.50	121.00	132.50	143.00	156.00	162.00	164.00	159.00	137.00	88.50	0.00	0.00			0.00	0.00	15.50	72.67			89.00	115.00	148.00	194.50	223.50	248.00	282.00	291.00	288.00	273.00	232.00	209.50	195.00	188.50	191.00	200.00	166.00	55.50	0.00						346.00	365.00	384.50	393.50	393.50	390.00	382.00	368.00	332.50	302.00	253.00	199.00	173.67	152.00	144.00	154.50	175.00	198.00	214.50	228.50	244.00	247.50	244.00	239.00	241.00	247.00	259.50	270.00	276.00	272.00	268.50	286.00	301.00	295.00	281.00	248.00	207.50	199.67	282.00	352.00	465.50	584.00	728.00	832.50	938.00	1099.00	1242.50	1313.00	1347.00	1258.50	1153.00	991.50	828.50	725.50	592.00	506.00	464.50	465.00
41.50	35.00		21.00				7.33	0.00														0.00												0.00	0.00		4.75	8.00	4.75	0.75	0.00	0.00			0.00	0.00	0.00	0.00	0.00	0.00	0.00	0.00	0.00	0.00	0.00																0.00	0.00	0.00	0.00	0.00	15.00	10.00	11.00	0.00											37.00	38.00	41.50	47.75	52.00	56.00	58.67	11.67	0.00	0.00	0.00	0.00	0.00	0.00	34.00	72.00			127.50	130.50	132.00		0.00	0.00	0.00		0.00		0.00	2.00	27.00	1.00	62.50	125.00			0.00	0.00	0.00	0.00	0.00					0.00	0.00	0.00	0.00	0.00	0.00				62.00	76.00	59.50	64.75	71.75	79.00	82.00	86.50	91.00	99.50	108.00	128.25	138.75	149.25	163.00	171.25	173.00	166.00	141.00	91.00	0.00	0.00			0.00	0.00	9.00	50.33		66.00	87.00	122.50	162.00	208.75	236.25	256.00	280.50	278.50	264.00	245.00	203.00	180.25	165.00	158.00	159.75	167.00	136.50	40.00	0.00						346.00	289.00	297.00	300.00	296.25	292.75	287.00	277.00	256.50	261.00	227.00	188.75	175.25	167.00	163.50	168.50	177.50	199.25	218.00	234.00	253.00	257.00	248.50	239.50	238.50	243.00	257.25	270.25	281.50	293.50	311.25	358.50	394.50	401.75	390.25	331.50	245.50	212.50	264.50	322.00	472.25	654.50	823.50	931.75	1035.75	1176.00	1291.50	1323.50	1330.50	1198.75	1063.75	879.75	708.50	611.75	513.50	456.50	435.25	446.00
44.50	35.00	27.50	21.00	18.00			8.00	0.00																										0.00	0.00	0.00	6.50	10.00	6.50	1.50	0.00	0.00	0.00	0.00	0.00	0.00	0.00	0.00	0.00	0.00	0.00	0.00	0.00	0.00	0.00																	0.00	0.00	0.00	0.00		0.00												22.00	36.00	38.00	42.00	46.50	50.00	55.00	59.00	12.00	0.00	0.00		0.00	0.00	0.00	29.00	72.00					84.00	36.00	0.00	0.00	0.00		0.00		0.00	0.00	0.00	2.00														0.00	0.00	0.00	0.00	0.00					65.33	76.00	83.00	91.00	100.50	109.00	110.00	111.00	111.00	114.00	119.50	135.50	145.00	155.50	170.00	180.50	182.00	173.00	145.00	93.50	0.00				0.00	0.00	2.50	42.00		66.00	85.00	130.00	176.00	223.00	249.00	264.00	279.00	266.00	240.00	217.00	174.00	151.00	137.33	127.50	128.50	134.00	107.00	24.50	0.00							213.00	209.50	206.50	199.00	195.50	191.33	186.00	180.50	178.00	175.00	178.50	180.50	182.00	183.00	182.50	180.00	200.50	221.50	239.50	262.00	266.50	253.00	240.00	236.00	239.00	255.00	270.50	287.00	315.00	354.00	431.00	488.00	508.50	499.50	415.00	283.50	222.00	247.00	292.00	479.00	725.00	919.00	1031.00	1133.50	1253.00	1340.50	1334.00	1314.00	1139.00	974.50	768.00	588.50	498.00	435.00	407.00	406.00	427.00
54.50	42.00	32.50					10.00	2.00				0.00	0.00																					0.00	0.00	0.00	0.00	0.00	0.00	0.00	0.00	0.00	0.00	0.00	0.00	0.00																																										29.00	39.00	44.50	45.50	47.50	49.50	51.00	54.00	56.00	10.00	0.00	0.00	0.00	0.00	0.00					83.00		88.00	88.00			31.00	24.50	9.50																			44.00	53.00	57.00	55.00	31.00	7.00					97.00	109.00	128.00	143.50	160.50	177.00	177.00	173.00	165.00	154.50	150.50	149.00	155.50	164.50	178.00	191.50	194.00	183.00	151.00	97.50	0.00						0.00	0.00		49.00	73.00	112.00	149.00	182.00	199.00	206.00	208.00	162.00	91.00	61.00	43.00	38.00		74.50	78.00															108.00	115.50	129.00	156.00	178.50	210.00	235.50	245.50	236.00	225.00	210.00	196.00	219.00	246.50	266.50	272.50	267.00	242.00	222.00	231.00	259.00	303.50	339.00	375.50	434.00	500.00	594.00	661.00	689.00	683.50	563.50	368.50	291.00	237.00	253.00	424.00	670.00	840.50	929.50	1012.50	1117.00	1188.50	1155.00	1115.00	917.50	740.00	548.50	407.00	356.00	372.00	401.00	479.00	574.00
54.50	42.00						14.00	1.75	0.00	0.00	0.00	0.00	0.00	0.00	0.00																						0.00	0.00	0.00	0.00	0.00	0.00	0.00	0.00																																											15.67	22.00	27.00	29.75	30.25	36.67	38.33	39.33	35.50	36.50	5.00	0.00	0.00	0.00	0.00					72.33	68.50	70.50	77.00	88.00		58.33	51.50	43.75	22.75	4.50	0.00	0.00												58.00		61.67	60.50	72.50	83.50	89.50	88.50	64.00	29.50	15.67				99.50	113.50	136.25	155.25	175.75	197.50	202.50	200.50	190.00	175.00	166.50	154.50	157.00	163.00	172.50	185.00	187.50	178.00	148.25	95.75	0.00							0.00			73.00	88.75	122.50	147.50	160.25	164.50	164.50	114.50	45.50	30.50	28.67	37.00														82.00	97.50	102.00	115.50	124.50	136.00	155.00	187.00	212.25	244.50	266.25	272.50	252.50	233.50	213.50	197.50	232.50	245.50	263.75	262.00	254.75	235.50	221.00	243.50	288.00	345.25	388.00	455.33	496.00	565.25	650.00	709.00	719.00	699.50	565.75	362.00	253.00	217.50	227.50	363.00	560.00	697.50	769.75	838.75	930.00	993.75	961.50	923.50	754.75	605.00	463.50	377.50	363.25	427.50	487.00	596.25	715.00
						16.00	14.00	2.50	0.00	0.00	0.00	0.00	0.00	0.00	0.00																							0.00	0.00	0.00	0.00	0.00																																													13.50	15.00	15.00	15.00	15.00	15.00	16.00	16.00	17.00	17.00	0.00	0.00	0.00	0.00						67.67	68.50	70.50	71.50	72.00	72.00	72.00	72.00	63.00	36.00	9.00	0.00	0.00									6.00	6.00		64.50	73.00	77.00	86.00	101.00	114.00	122.00	122.00	97.00	52.00	23.50	22.00		56.00	102.00	118.00	144.50	167.00	191.00	218.00	228.00	228.00	215.00	195.50	182.50	160.00	158.50	161.50	167.00	178.50	181.00	173.00	145.50	94.00	0.00											69.67	96.00	113.00	121.50	123.00	121.00	67.00	0.00	0.00	0.00													76.00	77.00	82.00	94.00	103.00	127.50	141.00	156.50	181.00	218.00	246.00	279.00	297.00	299.50	269.00	242.00	219.00	199.00	232.00	244.50	261.00	251.50	242.50	229.00	220.00	256.00	317.00	387.00	437.00	486.00	558.00	630.50	706.00	757.00	749.00	715.50	568.00	355.50	234.00	198.00	202.00	302.00	450.00	554.50	610.00	665.00	743.00	799.00	768.00	732.00	592.00	470.00	378.50	348.00	370.50	483.00	573.00	713.50	856.00
87.50	71.00	56.67	42.00	36.00	27.50	20.00	8.00	0.00	0.00	0.00	0.00	0.00	0.00																									0.00																																										0.00	0.00	0.00	0.00			0.00	0.00	0.00	0.00				0.00	0.00	0.00	0.00								0.00	22.00	41.00	48.50	56.50	57.00	57.50	58.00	58.50	59.00	53.00	47.00	11.00	0.00	0.00						25.00	42.33	64.00	64.00	63.00	62.00	63.00	67.00	72.50	82.00	95.00	106.00	110.00	114.50	112.00	104.50	96.33	88.67			76.67	0.00	122.00	147.00	175.50	212.00	235.00	245.00	235.00	216.50	198.00	159.00	148.00	144.00	134.00	140.00	143.00	141.00	123.00	79.00																		0.00										101.00	113.00	110.00	109.00	110.50	115.00	116.00	116.00	125.00	152.00	170.50	209.00	227.00	242.00	262.00	286.00	303.50	322.00	326.50	321.00	283.00	252.00	219.00	191.00	198.00	203.50	209.50	197.00	195.50	217.00	235.00	297.50	376.00	451.00	499.50	548.50	623.00	688.00	719.00	733.00	650.50	560.00	408.00	244.50	188.00	175.00	204.00	240.00	274.00	292.50	300.00	310.50	336.00	357.00	349.00	338.00	308.50	283.50	329.50	431.00	527.00	705.00	831.00	975.00	1098.00
97.25	80.00	63.50	49.50	45.33	27.50	14.33	4.00	0.00	0.00	0.00	0.00	0.00	0.00																																																																			0.00	0.00	0.00	0.00		0.00	0.00	0.00	0.00	0.00				0.00	0.00							0.00	0.00		0.00	11.00	20.75	31.00	47.25	47.75	48.25	48.50	49.25	50.00	49.00	47.00		0.00						53.00	43.67	45.50	59.00	59.00	59.00	59.00	60.25	63.00	66.75	74.00	83.50	91.50	94.00	96.00	92.25	82.75	99.00	91.00		27.00	53.00	16.00	122.00	121.00	148.25	184.00	209.75	223.50	216.00	201.75	184.25	145.25	131.75	126.00		125.67	121.00	120.50	106.25	67.00	0.00																	0.00	0.00								162.00	148.00	145.50	143.25	142.25	142.00	142.00	141.75	141.00	149.50	175.75	194.00	232.25	249.25	261.75	276.50	295.75	309.75	325.00	335.50	333.50	302.00	276.00	237.25	198.50	183.00	183.25	180.50	168.25	170.25	203.50	230.50	295.25	371.00	441.00	486.00	532.50	608.50	668.75	663.00	647.50	534.25	428.25	350.67			243.50	305.00	308.67	344.00	307.00	268.50	240.50	235.00	243.50	266.00	283.00	306.75	321.25	405.50	531.50	630.75	784.00	887.50	998.75	1089.50
107.00	89.00	72.00	57.00	50.00		3.00	0.00	0.00	0.00	0.00	0.00	0.00	0.00																																																																			0.00					0.00	0.00	0.00	0.00	0.00												0.00	0.00	0.00	0.00	0.00	0.50	13.50	38.00	38.50	39.00	39.00	40.00	41.00	41.00								52.00	52.67	53.00	53.00	54.00	54.00	55.00	56.00	57.50	59.00	61.00	66.00	72.00	77.00	78.00	77.50	72.50	63.67			28.00	27.00	27.00	48.00		95.00	121.00	156.00	184.50	202.00	197.00	187.00	170.50	131.50	115.50	108.00	89.00	97.00	99.00	100.00	89.50	55.00	0.00							39.00	13.50						0.00	0.00	0.00	0.00	0.00						138.00	152.00	162.00	171.50	178.00	176.50	175.50	173.50	169.00	167.50	166.00	174.00	199.50	217.50	255.50	271.50	281.50	291.00	305.50	316.00	331.00	344.50	346.00	321.00	300.00	255.50	206.00	178.67	163.00	151.50	139.50	142.33	190.00	226.00	293.00	366.00	431.00	472.50	516.50	594.00	649.50	607.00	562.00	418.00	296.50	236.00	172.00	194.00	312.00	406.00	440.67	414.00	307.33	237.00	170.50	134.00	130.00	183.00	228.00	305.00	359.00	481.50	632.00	734.50	863.00	944.00	1022.50	1081.00
120.00	104.00	86.00	71.00	64.00	48.00	24.50	0.00	0.00	0.00	0.00	0.00																																																																							0.00	0.00					0.00	0.00	0.00											0.00	0.00	0.00			0.00	0.00	0.00			0.00	0.00											46.00	48.00	48.00	48.00	48.00	47.00	46.00	45.00	46.00	47.50	36.00	5.50	0.00	0.00	0.00					0.00	0.00					62.00	75.00	92.50	104.00	105.00	103.00	97.00	81.50	74.50	67.50	62.00	65.00	69.00	70.00	62.50	35.50	0.00							47.00	24.50					0.00	0.00	0.00	0.00	0.00	0.00					164.00	169.50	187.00	194.00	197.00	195.00	185.50	179.00	173.50	166.00	161.00	157.00	158.00	163.00		192.50	206.00	221.00	244.00	277.00	303.50	344.00	387.50	406.00	396.00	383.00	339.50	284.00	255.00	244.50	231.50	192.50	174.50	160.00	152.00	188.00	248.00	326.50	385.00	434.50	478.00	483.00	365.00	266.00	207.00		353.00	419.00	616.00	748.00	880.00	912.00		543.00	442.50	285.00	198.00	192.50	338.00	460.00	605.50	691.00	813.00	930.50	984.50	985.00	969.00	901.00	811.00
120.00	98.00	59.50	35.50	42.67	32.00	16.33	0.00					0.00	0.00																																																																			0.00	0.00	0.00	0.00	0.00	0.00	0.00	0.00	0.00	0.00							0.00	0.00	0.00	0.00	0.00	0.00	0.00				0.00	0.00													37.00	41.00	42.33	44.75	46.25	46.50	46.50	47.00	44.00	30.50	22.50	23.00	23.75	36.00	3.67					0.00	0.00	0.00	0.00	0.00	0.67	0.00			62.00	75.00	46.25	52.00	70.00			54.67	42.75	49.50	56.50	57.75	58.50	62.33	53.50	36.50							47.50	44.00	27.67					0.00	0.00	0.00	0.00	0.00					134.00	143.00	161.25	176.50	183.50	188.00	187.50	178.25	171.75	165.50	156.50	147.75	139.00	135.50	132.00	133.00	149.00	160.50	177.25	205.50	251.75	289.50	345.50	401.50	427.50	427.00	419.50	383.00	334.00	309.00	300.75	288.50	244.50	214.25	148.50	100.50	101.50	138.50	188.00	224.75	263.50	329.50	369.00	365.00	266.00	227.00	241.25	377.00	603.33	814.00	900.50	1018.00	1004.75	896.50	643.25	425.50	257.50	198.00	194.33	351.50	486.50	659.75	766.25	902.25	1022.50	1073.00	1062.00	1038.00	919.00	759.00
120.00	92.00	33.00	0.00	0.00	0.00	0.00						0.00	0.00																																																																			0.00		0.00	0.00	0.00	0.00	0.00	0.00	0.00								0.00	0.00	0.00	0.00	0.00	0.00																			37.00	39.00	40.50	42.50	44.50	45.00	45.00	46.00	41.00	15.00	0.00	0.00	0.00		0.00					0.00	0.00	0.00	0.00	0.00	0.00	0.00					0.00	0.00	0.00			1.00	11.00	31.50	51.00	49.50	48.00	47.00	44.50	37.50							47.50	41.00	34.00														134.00	141.50	153.00	166.00	173.00	179.00	180.00	171.00	164.50	157.50	147.00	134.50	121.00	113.00	101.00	97.00	105.50	115.00	133.50	167.00	226.50	275.50	347.00	415.50	449.00	458.00	456.00	426.50	384.00	363.00	357.00	345.50	296.50	254.00	137.00	49.00	15.00	29.00	49.50	64.50	92.50	181.00	255.00			227.00	306.50	494.50	728.50	814.00	1053.00	1156.00	1097.50	933.00	643.50	408.50	230.00		183.50	365.00	513.00	714.00	841.50	991.50	1114.50	1161.50	1139.00	1107.00	937.00	707.00
120.00	67.00	53.00	0.00	0.00																																																																												0.00	0.00		0.00	0.00	0.00	0.00	0.00	0.00	0.00	0.00						0.00	0.00	0.00	0.00	0.00	0.00																				40.00	42.50	46.00	47.67	51.00	50.33	54.00			0.00	0.00	0.00											0.00														31.50	51.00											45.00	43.50																133.00	139.00	149.50	164.00	172.00	180.50	183.50	175.25	169.00	161.25	148.50	133.50	117.50	107.00	91.75	85.75	93.75	104.25	124.25	161.00	224.50	276.25	350.00	415.75	448.00	457.00	455.00	432.25	400.00	388.75	389.00	382.75	338.75	292.25	148.00	38.00	10.00	29.00	42.00		92.50	140.67	212.00		297.00	282.00	425.67	637.67	858.25	989.75	1123.50	1200.50	1100.00	890.50	591.50	361.75	247.00		179.00	340.00	486.50	688.50	817.25	973.50	1105.25	1157.00	1136.50	1104.50	908.75	640.00
	17.00																																																																																0.00	0.00	0.00	0.00	0.00	0.00	0.00	0.00	0.00	0.00	0.00					0.00	0.00															0.00	0.00	0.00					36.00	38.00	40.00	42.50	46.00	49.00	51.00	53.00	54.00	46.50		0.00	0.00	0.00	0.00								0.00	0.00	0.00		0.00																									39.50																127.33	136.50	146.00	162.00	171.00	182.00	187.00	179.50	173.50	165.00	150.00	132.50	114.00	101.00	82.50	74.50	82.00	93.50	115.00	155.00	222.50	277.00	353.00	416.00	447.00	456.00	454.00	438.00	416.00	414.50	421.00	420.00	381.00	330.50	159.00	27.00	0.00					60.00	126.00	0.00	297.00	392.00	664.00	924.00	988.00	1097.00	1194.00	1245.00	1102.50	848.00	539.50	352.33	203.00		170.00	315.00	460.00	663.00	793.00	955.50	1096.00	1152.50	1134.00	1102.00	880.50	573.00
	0.00																																																																																	0.00	0.00	0.00	0.00	0.00		0.00	0.00																					22.67	0.00	0.00	0.00	0.00	0.00				12.00	24.00	40.50	46.50	52.00	57.50	60.50	57.00	42.00	19.50	0.00	0.00	0.00	0.00							0.00	0.00	0.00	0.00	0.00	0.00	0.00	0.00	0.00																			32.00						0.00										79.00	91.00	106.00	116.50	133.50	151.50	165.50	188.00	200.00	214.50	220.00	209.50	193.50	159.00	94.00	90.00	117.00	125.00				180.00	203.00	248.00	300.00	336.50	383.00	412.00	425.00	421.00	414.00	410.00	411.00	436.00	462.00	458.50	306.50	217.00	88.00	3.00	0.00					0.00	196.50	364.00	484.00	693.33	800.00	961.50	1103.00	1165.00	1167.00	1152.00	946.50	650.00	379.50	294.00			186.00	335.00	483.00	674.00	790.00	926.00	1036.50	1062.50	965.00	873.00	649.50	383.00
																																																																																			0.00	0.00	0.00	0.00																						13.00	13.00	16.75	0.00	0.00	0.00	0.00	0.00				6.00	12.00	30.25	37.00	42.50	48.00	51.00	46.50	30.00	10.00	0.00	0.00									0.00	0.00	0.00	0.00		0.00	0.00	0.00	0.00																	34.00	28.00	25.33	17.00	20.00	16.50	6.00	0.00	0.00	0.00	0.00	0.00		0.00	0.00	1.00	29.00	52.50	74.00	87.00	106.50	120.50	144.00	168.25	184.75	210.00	222.00	233.50	231.00	201.00	175.00	136.75	70.50	82.00	117.00	125.00			282.00	243.25	271.25	315.50	352.75	374.50	401.00	414.75	419.75	412.50	405.00	404.00	408.50	443.25	477.00	467.00	229.00	122.50	44.00	1.50	0.00					76.00	235.25	428.67	537.00	716.25	833.50	974.25	1092.25	1132.25	1082.00	1028.00	820.00	548.50	357.67			0.00	258.50	418.00	577.50	757.50	857.50	947.00	996.00	978.00	821.50	691.50	505.50	323.00
																																																																																					0.00	0.00					0.00	0.00					0.00										2.50	13.00	13.00	9.00	0.00	0.00	0.00	0.00					0.00	0.00	20.00	27.50	33.00	38.50	41.50	36.00	18.00	0.50	0.00	0.00	0.00						0.00	0.00	0.00	0.00	0.00																			33.00	34.00	35.50	35.50	34.00	28.00	22.00	17.00	19.67	16.50	6.00	0.00	0.00	0.00	0.00	0.00		0.00	0.00	1.00	29.00	52.50	69.00	83.00	107.00	124.50	154.50	185.00	204.00	232.00	244.00	252.50	242.00	192.50	156.50	114.50	47.00	74.00			216.00	227.50	282.00	310.50	339.50	383.00	405.50	412.50	419.00	417.50	414.50	404.00	396.00	398.00	406.00	450.50	492.00	475.50	151.50	28.00	0.00	0.00					0.00	114.00	274.00	461.00	590.00	760.50	867.00	987.00	1081.50	1099.50	997.00	904.00	693.50	447.00	314.00			0.00	220.67	501.00	672.00	841.00	925.00	968.00	955.50	893.50	678.00	510.00	361.50	263.00
																																																																																																											0.00		0.00	0.00	0.00	0.00	0.00	0.00								0.00	0.00	0.00	0.00	0.00	20.00	58.50	24.00	0.00	0.00	0.00				0.00	0.00	0.00	0.00	0.00															22.00	25.50	28.50	34.00	40.50	47.00	49.00	51.50	49.00		2.00	1.00				0.00	0.00	0.00	0.00				0.00	0.00	0.00	18.00	39.00	54.00	69.00	100.50	124.00	168.50	212.50	233.50	259.00	264.00	254.00	203.00	68.00	20.50	57.00	174.00				296.50	319.50	364.00	393.00	400.50	423.00	422.00	414.00	412.00	430.50	440.50	446.00	448.00	436.50	417.00	452.00	493.50	476.50	152.50	28.50	0.00						4.00	90.00	231.50	418.00	551.00	761.00	905.50	997.00	979.00	913.00	710.00	555.00	431.50					0.00	521.50	778.00	963.00	1060.00	1061.00	930.00	709.50	547.00	355.00	236.00	274.00	419.00
																																																																																																									0.00	0.00				0.00	0.00								0.00	0.00	0.00	0.00	0.00	0.00	0.00	0.00	18.00	57.50	42.00	23.75	12.00	2.25	0.00				0.00	0.00	0.00										25.00	24.00	25.00	20.67	22.67	22.00	28.50	32.75	37.25	45.00	53.75	47.00	57.67	62.00	57.00	50.00								0.00							0.00	18.00		54.50	73.50	97.50	116.00	152.75	189.00	205.75	225.50	228.00	215.50	183.50	68.00	20.50	18.00		241.00	266.33	279.50	310.00	328.25	355.25	366.25	375.00	387.00	389.00	387.25	399.50	440.75	461.50	469.00	470.00	445.00	407.00	431.75	469.00	451.50	142.75	26.00	0.00	0.00						60.00	132.25	324.50	473.00	650.50	754.00	785.50	734.00	655.25	479.00	418.67					463.00	320.50	700.25	1007.00	1018.50	999.00	945.25	761.50	523.50	381.75	292.50	256.00	388.75	615.00
																																																																																																										0.00													0.00	0.00	0.00	0.00	0.00	0.00	0.00		14.00	56.50	60.00	47.50	29.00	4.50	0.00				0.00	0.00	0.00								22.00	23.00	25.00	24.33	25.00	26.00	28.00	30.00	35.00	40.00	46.00	56.00	67.00	74.00	75.00	72.50	65.00	50.00			0.00	0.00	0.00	0.00												55.00	78.00	94.50	108.00	137.00	165.50	178.00	192.00	192.00	177.00	164.00					241.00	277.00	297.00	323.50	337.00	346.50	348.50	349.50	351.00	356.00	360.50	387.00	451.00	482.50	492.00	492.00	453.50	397.00	411.50	444.50	426.50	133.00	23.50	0.00	0.00						0.00	33.00	231.00	395.00	540.00	602.50	583.50	489.00	397.50	248.00	146.00				0.00	308.67	641.00	879.00	1007.00	1074.00	968.50	829.50	593.00	337.50	216.50	230.00	276.00	503.50	811.00
																																																																																																						0.00	0.00	0.00	0.00	0.00															0.00	0.00	0.00	0.00	0.00		14.00	56.50	57.00	47.00	29.00	4.50														20.50	25.00	25.00	26.50	26.25	27.00	28.00	30.25	33.50	42.25	49.75	58.25	71.50	83.75	92.50	94.00	91.50	80.75	50.00		29.00	18.67	22.25	28.00	31.00			137.00	146.00	147.50	148.00	145.00	141.50	135.50	124.00	76.50					108.75	165.50	178.00	192.00	192.00	177.00	164.00		153.00	166.00	205.00	241.25	277.00	296.50	320.25	331.75	335.25	334.25	333.00	331.00	340.25	349.75	379.50	439.75	467.25	466.50	458.50	421.75	373.50	398.00	438.25	425.50	133.25	23.50	0.00	0.00	0.00					0.00	16.50	155.50	317.00	428.67	602.50	583.50	489.00	397.50	248.00				435.00	192.33	438.50	743.50	937.75	979.00	981.50	825.25	667.50	459.00	269.25	200.75	279.50	367.00	611.75	914.00
																																																																																																						0.00	0.00	0.00	0.00	0.00																							36.00	23.25	12.00	2.25	0.00	0.00												10.25	15.25	20.50	27.50	27.50	28.50	30.00	33.50	39.00	54.25	65.75	78.25	96.00	109.50	119.00	120.00	116.00	101.00		61.00	49.00	48.00	66.67	89.00	116.67	188.50	208.50	187.00	196.00	195.75	194.00	188.25	183.25	175.25	161.00	112.25	82.00	59.00			80.50							161.50	175.33	188.75	227.50	259.25	287.50	301.50	314.75	320.25	316.50	312.75	309.00	302.50	313.00	325.00	352.00	398.00	415.75	399.00	380.00	357.25	338.00	390.25	449.00	462.00	259.00	161.25	67.50	9.50	0.00					0.00	0.00	54.67	161.00	206.00						0.00	170.00	417.00	543.00	684.67	752.75	909.00	1004.00	896.50	791.50	572.00	404.75	280.50	240.75	280.00	471.50	625.00	865.25	1111.00
																																																																																																										0.00																							0.00	0.00	0.00	0.00	0.00	0.00												0.00	4.00	14.00	27.00	27.00	28.00	30.00	34.50	41.00	59.00	72.00	86.00	105.00	118.50	127.00	127.00	121.50	105.50	74.00	60.67	59.33	68.00	103.67	122.00	144.00	188.50	208.50	237.00	246.00	244.00	240.00	231.50	225.00	215.00	198.00	148.00	82.00	59.00		58.50	57.00					94.50	124.00	161.50	186.50	211.50	250.00	277.00	298.00	307.00	312.50	314.00	309.00	305.50	301.50	294.00	301.50	311.00	332.00	367.50	379.50	357.00	335.00	324.50	326.00	396.00	466.00	499.50	384.50	299.00	135.00	19.00	0.00						0.00	4.00					111.00	132.50	177.00	0.00	170.00	417.00	597.00	738.50	860.00	972.00	1011.50	842.00	694.00	462.00	304.00	236.00	280.50	375.00	614.00	792.00	1010.50	1205.00
																																																																																																																																																				0.00	22.00	24.50	28.00	31.00	38.00	45.00	62.50	74.50	87.00	102.00	110.00	112.00	104.00	92.50	81.50	63.00	68.00	80.00	107.00	150.50	178.50	204.50	251.50	265.00	281.00	280.00	262.00	244.00	225.00	213.00	201.00	184.00	156.00	123.00			54.50					118.00	163.50	208.00	250.50	277.00	299.00	330.00	346.00	354.00	352.00	338.50	330.00	315.50	308.50	302.00	292.00		302.00	319.00	352.00	362.00	334.00	306.00	303.00	318.00	402.00	480.00	532.50	509.50	447.50	223.00	48.00	0.00											0.00	0.00	164.00	341.00	354.00	454.50	595.00	739.00	835.50	899.50	882.00	800.00	594.00	435.00	279.00	202.50	246.00	395.50	542.50	807.00	991.00	1176.50	1317.00
																																																																																																																																																				12.00	13.00	18.33	28.00		39.00	42.25	51.00	59.50	69.25	81.50	90.00	112.00	104.00	92.50	81.50		80.33	96.00	132.00	178.00	206.75	231.50	272.25	280.00	284.50	276.50	248.75	222.00	197.25	182.25	170.00	153.50	130.50	104.00	102.00	60.00	60.00	61.00	80.00	88.00	116.50	145.00	194.75	242.50	285.75	312.50	334.25	364.00	380.25	377.67	352.00	370.00	359.00	337.00	326.50	314.00		330.00	325.67	341.50	382.00	394.00	367.33	325.00	309.25	310.00	379.00	447.25	489.50	443.25	380.00	190.50	46.00	0.00									0.00	66.00	158.25	197.00	295.25	376.50	372.00	478.50	641.00	749.50	803.75	825.00	741.50	612.75	439.00	315.50	257.67	219.25	300.00	452.25	587.00	823.00	986.00	1167.25	1317.00
																																																																																																																																																				0.00	4.00	7.00	15.00		38.00	39.50	39.50	44.50	51.50	61.00	69.00					53.00	83.50	112.00	157.00	205.50	235.00	258.50	293.00	295.00	288.00	273.00	235.50	200.00	169.50	151.50	139.00	123.00	105.00	85.00			44.00	55.33	73.67	94.50	139.00	172.00	226.00	277.00	321.00	348.00	369.50	398.00	414.50	425.00		401.50	388.00	358.50	344.50	338.00	318.00	326.33	336.00	364.00	412.00	426.00	384.00	344.00	315.50	302.00	356.00	414.50	446.50	377.00	312.50	158.00	44.00	0.00								0.00	0.00	132.00	316.50	394.00	426.50	412.00	390.00	502.50	687.00	760.00	772.00	750.50	601.00	425.50	284.00	196.00	201.00	236.00	354.00	509.00	631.50	839.00	981.00	1158.00	1317.00
																																																																																																																																																			0.00	0.00	2.00	5.00	15.00	0.00	30.25	25.75	19.75	22.25	25.75	30.50	67.00			26.00		61.50	98.50	130.25	177.50	224.25	249.75	264.50	278.25	273.00	257.50	240.00	203.25	168.00	151.00	151.50	106.50	93.50	80.00	85.00		35.50	38.00	48.50	65.75	88.00	129.00	160.00	211.75	262.00	307.25	336.00	361.25	396.50	415.67		467.00	435.00	426.25	396.25	381.00	382.00	363.33	361.25	376.00	406.50	453.50	463.25	403.00	348.50	299.75	266.50	292.25	329.00	346.00	280.75	263.67	158.00	44.00	0.00							0.00	162.00	169.25	233.75	319.00	347.75	360.00	360.00	356.00	499.75	718.50	747.00	703.00	637.00	461.50	289.50	284.00	195.50	271.00	359.75	489.00	615.75	705.00	859.50	965.50	1124.25	1283.00
																																																																																																																																																								0.00	22.50	12.00	0.00	0.00	0.00				26.00	26.00		70.00	113.50	148.50	198.00	243.00	264.50	270.50	263.50	251.00	227.00	207.00	171.00	136.00	114.00		71.00	64.00				35.50	35.00	44.50	61.00	81.50	119.00	148.00	197.50	247.00	293.50			395.00	418.00	457.00	467.00	468.50	464.50	434.00	417.50	404.00	386.00	398.00	416.00	449.00	495.00	500.50	422.00	353.00	284.00	231.00	228.50	243.50	245.50	203.00										0.00	0.00	324.00	338.50	335.50	321.50	301.50	293.50	308.00	322.00	497.00	750.00	734.00	634.00	523.50	322.00	180.00	161.00	195.00	348.00	483.50	624.00	722.50	778.50	880.00	950.00	1090.50	1249.00
																																																																																																																																																																0.00	0.00	17.00			133.33	162.50	208.00	240.50	234.00	171.50	17.50	0.00	0.00	2.00	51.50							40.00	38.00	31.00				34.00	58.00	75.00	109.00				252.00	274.00	314.33	348.00	368.00	388.50	398.00	396.50	394.50	395.00	397.00	422.50	447.00	477.00	495.00	461.50	251.00	79.00	0.00			0.00											0.00	140.33	451.00	480.00	415.00	335.50	258.67	160.00	146.00	243.00	330.00	469.50	612.00	508.50	357.50	251.00		142.00	282.00	401.00	590.50	721.00	828.00	876.50	901.50	982.00	1044.00	1158.50	1283.00
																																																																																																																																																															0.00	0.00	0.00			0.00	49.00	103.00	137.00	77.00	41.00	12.50	0.00									60.00	35.50	0.00	0.00	0.00									121.50	139.00	152.50	169.00	187.50	207.00	217.00	229.00	230.00	228.50	231.50	243.50	269.00	336.00	394.50	460.00	480.00	446.00	227.00	50.00	0.00														0.00	461.50	561.00	620.00	564.50	479.50	437.00				188.00	234.50	280.00	236.50	207.00	160.00	242.00	387.00	613.00	778.00	920.50	981.00	1005.00	985.50	981.50	1058.00	1125.00	1146.00	1128.00
																																																																																																																																																													0.00	0.00	0.00	0.00	0.00	0.00			38.00	77.00	103.67	55.75	38.67	0.00						51.00	62.00	78.50	70.00	77.50	44.00	0.00	0.00	0.00	0.00	0.00				61.00	92.00	104.50	127.50	140.00	147.50	155.00	162.75	171.00	176.00	182.00	184.50	182.25	185.50	198.75	226.50	302.75	369.75	445.50	470.50	439.50	224.00	49.00	0.00											0.00	0.00	52.25	144.00	435.00	551.50	627.00	612.50	560.50	442.50	391.50				234.50	280.00	266.00	210.00	203.25	337.50	512.00	720.50	895.33	965.25	992.25	987.75	953.75	941.75	996.00	1046.00	1045.75	1007.50
																																																																																																																																																														0.00	0.00	0.00	0.00				0.00	25.00	37.00	34.50	34.00							51.00	68.50	78.50	86.00	95.00	52.50	0.00								61.00	92.00	117.00	133.50	141.00	142.50	141.00	138.00	135.00	135.00	138.00	139.00	136.00	139.50	154.00	184.00	269.50	345.00	431.00	461.00	433.00	221.00	48.00	0.00											0.00	0.00	104.50	288.00	408.50	542.00	634.00	660.50	641.50	540.50	391.50							210.00	252.50	433.00	637.00	828.00	954.00	1010.00	1003.50	970.50	922.00	902.00	934.00	967.00	945.50	887.00
																																																																																																																																																															0.00	0.00	0.00													49.00	66.67	84.00	113.00	123.50	129.00	132.00	75.50									0.00	171.00	201.00	207.00	207.00	198.50	179.00	155.50	131.00	121.00	115.50	112.50	105.50	106.50	115.00	133.00	202.00	264.50	341.00	382.50	374.00	237.00	122.00	47.00								0.00	66.50	0.00	148.50	167.50	189.00	233.00	290.50	392.00	467.00	551.00	597.50	567.00	469.50	380.00	237.00				192.00	225.00	303.50	463.00	607.00	722.00	779.00	780.00	752.50	714.50	678.50	663.50	669.00	679.00	672.00	654.00
																																																																																																																																																																													61.00	66.33	86.00	111.00	137.50	150.00	152.00	147.00	92.33						67.00	91.00	163.00	103.00	218.25	253.00	257.50	255.25	242.50	215.00	181.00	144.50	128.00	116.00	109.25	100.75	99.75	103.50	113.00	163.50	210.75	272.50	315.00	318.00	235.00	163.00	99.00							29.00	22.50	78.25	72.00	163.75	182.25	198.75	218.50	243.50	294.00	332.00	401.50	451.75	450.00	396.50	335.50	207.67				96.00	112.50	215.00	385.00	500.00	567.50	604.50	609.00	595.00	577.00	561.25	557.00	569.00	581.00	590.50	595.50
																																																																																																																																																						0.00	0.00	0.00	0.00	0.00																	49.50	53.50	61.00	75.00	107.00	138.00	165.00	176.50	175.00	162.00	126.00						67.00	91.00	163.00	206.00	265.50	305.00	308.00	303.50	286.50	251.00	212.00	158.00	135.00	116.50	106.00	96.00	93.00	92.00	93.00	125.00	157.00	204.00	247.50	262.00	233.00	204.00	151.00							29.00	45.00	90.00	144.00	179.00	197.00	208.50	204.00	196.50	196.00	197.00	252.00	306.00	333.00	323.50	291.00	193.00				0.00	0.00	126.50	307.00	378.50	413.00	430.00	438.00	437.50	439.50	444.00	450.50	469.00	483.00	509.00	537.00
																																																																																																																																																					0.00	0.00	0.00	0.00	0.00	0.00															47.00	52.00	66.00	78.00	100.00	121.00	164.50	200.00	220.00	225.00	212.00	180.00	134.00		0.00					68.00	199.00	254.00	326.00	378.00	387.50	382.50	354.00	293.00	238.33		139.00	107.50	91.00	78.00	74.00	70.00	64.00	70.00	78.00	96.00	128.50	142.00	136.00	128.00								38.00	56.00	98.00	162.00	208.50	236.00	251.00	230.00	182.50	79.00	0.00	0.00	0.00	18.00	61.00	91.50	69.00				0.00	70.00	157.00	205.00	250.00	289.00	315.00	366.00	404.50	455.00	500.50	527.00	560.00	581.00	604.50	625.00
																																																																																																																																																						0.00	0.00	0.00	0.00													27.00	32.00	39.00	46.00	53.50	68.33	91.00	141.00	145.00	189.25	223.00	235.25	234.75	216.25	175.50	104.67	0.00	0.00	0.00				45.33	195.50	254.50	318.00	362.50	367.50	350.50	291.50	171.50	138.00	127.00		107.50	89.75	80.75	79.50	78.50	77.00	78.25	80.00	87.00	103.50	110.25	106.00	100.50							0.00	45.33	56.00	122.50	182.00	233.25	264.00	270.00	192.00	101.00	39.50	0.00	0.00	0.00	15.50	54.50	84.75	71.00				0.00	132.00	157.00	346.00	395.75	431.50	454.00	499.75	534.50	573.00	602.50	619.75	647.50	667.00	690.50	712.50
																																																																																																																																																																						27.00	32.00	39.00	45.00	55.00	82.50	104.00	141.00	169.00	214.00	246.00	250.50	244.50	220.50	171.00	90.00	0.00						0.00	192.00	255.00	310.00	347.00	347.50	318.50	229.00	50.00	44.50	127.00	142.00		83.00	83.50	85.00	87.00	90.00	86.50	82.00	78.00	78.50		76.00	73.00									84.00	138.50	202.00	258.00	292.00	289.00	154.00	19.50	0.00				13.00	48.00	78.00				0.00	0.00	194.00	418.00	487.00	541.50	574.00	593.00	633.50	664.50	691.00	704.50	712.50	735.00	753.00	776.50	800.00
																																																																																																																																																																					13.00	16.50	22.00	26.33	33.67	40.50	63.50	85.00	123.00	148.00	184.00	205.00	197.50	186.50	164.00	123.00	59.50	0.00	0.00						19.00	35.00	48.50	57.00	57.00	67.50	98.50	160.00	171.50	159.00	146.00		107.00	117.50	124.00	129.00	135.00	124.00	112.00	94.00			57.00	52.00	34.00							89.00	112.00	156.50	206.00	250.00	278.00	270.50	133.00	9.00	0.00				6.00	21.50	52.00				0.00	0.00	304.50	631.00	667.00	689.00	710.00	724.00	777.50	824.50	866.50	889.00	896.00	902.00	905.00	908.50	910.00
																																																																																																																																																																						16.67	21.50	25.33	31.33	37.00	55.67	73.33	102.50	122.50	150.25	165.50	157.50	146.00	122.00	78.00	31.75	0.00								35.00	32.33	28.50	65.00	95.50	130.50	186.50	189.25	166.50	153.00			98.50	142.25	145.25	147.50	133.25	118.75	97.00			53.33	45.50	28.50							44.50	119.00	153.75	190.50	202.75	203.25	183.50	82.00	4.50	0.00									0.00	0.00	176.00	519.25	706.50	739.50	759.75	780.50	795.00	849.50	897.25	941.00	966.25	972.50	967.50	961.00	957.50	956.50
																																																																																																																																																																				0.00	11.00	17.00	21.00	25.50	29.00	33.50	40.00	50.00	82.00	97.00	116.50	126.00	117.50	105.50	74.67	33.00	4.00	0.00	0.00								0.00	0.00	73.00	123.50	157.00	213.00	207.00	174.00	160.00			79.50	160.50	161.50	160.00	142.50	125.50	100.00			46.00	39.00	23.00							0.00	126.00	151.00	175.00	155.50	128.50	96.50	31.00	0.00	0.00							171.00	233.00	107.33	0.00	352.00	734.00	782.00	812.00	830.50	851.00	866.00	921.50	970.00	1015.50	1043.50	1049.00	1033.00	1017.00	1006.50	1003.00
																																																																																																																																																																			0.00	0.00	8.00		26.00	33.50	38.00	40.50				64.00	69.00	70.00	64.00	40.00		0.00	0.00	0.00																			165.50	171.50	172.50	169.00	160.00	121.00	84.50	42.00												123.00	133.00	137.50	137.00	78.00	24.50	0.00	0.00	0.00	0.00							212.00	283.00	185.50	579.00	692.50	754.00	812.50	888.00	958.00	1016.00	1053.00	1086.00	1100.00	1091.50	1063.50	1036.00	986.00	951.00	948.00	968.00
																																																																																																																																																																		0.00	0.00	0.00	9.00	14.50	27.50	37.00	42.50	46.00	58.00	59.50			59.33	51.00		40.00	20.00	0.00	0.00	0.00														0.00	93.50	162.00	158.00	158.75	159.50	163.50	162.00	153.25	134.50	87.00	49.75	42.00					0.00					0.00	0.00	134.00	139.50	129.50	110.50	56.25	16.25	0.00	0.00	0.00	0.00	0.00				0.00	35.25	106.00	141.50	256.50	504.50	610.75	673.50	738.50	843.50	946.50	1032.50	1087.00	1086.00	1092.50	1048.75	987.00	943.75	892.00	859.50	870.50	910.00
																																																																																																																																																																		0.00	0.00	0.00	4.50					51.50	57.00	59.50	63.00		44.50	32.00																			172.00	0.00	0.00	153.00	151.00	152.50	153.50	155.50	151.50	137.50	109.00	53.00	15.00											0.00	0.00	145.00	146.00	121.50	84.00	34.50	8.00	0.00	0.00	0.00					0.00	0.00	0.00	0.00	0.00	327.50	430.00	529.00	593.00	664.50	799.00	935.00	1049.00	1121.00	1121.00	1085.00	1006.00	910.50	851.50	798.00	768.00	793.00	852.00
																																																																																																																																																																		0.00	0.00	0.00	0.00			33.00	36.00	41.50	51.00	55.67	61.00	46.00	4.33	0.00	0.00																0.00	0.00	0.00	0.00	132.00	125.00	123.00	121.50	121.00	120.50	107.00	67.50	0.00	0.00	0.00	0.00									0.00	100.00	200.50	182.00	163.00	93.00	4.00	0.00	0.00		0.00	0.00						0.00	0.00	0.00	148.00	197.50	247.00	292.00	320.00	363.50	484.00	618.00	743.00	824.00	819.50	774.50	720.00	674.00	660.00	687.00	715.00	775.50	845.00
																																																																																																																																																																				0.00			0.00	11.00	36.00			57.00	61.00		0.00	0.00	0.00									0.00	0.00	0.00					0.00	0.00	0.00	0.00	128.33	125.00	123.00	121.50	115.67	112.75	100.00	62.25	0.00	0.00	0.00	0.00								0.00	62.75	185.75	228.25	157.00	96.00	56.75	43.50	40.00										0.00	0.00	135.50	253.50	323.00	382.00	399.25	396.75	404.00	450.00	511.00	594.00	653.00	672.75	663.25	665.00	677.50	698.25	760.00	807.00	863.50	913.00
																																																																																																																																																																					0.00	0.00	0.00	0.00						0.00	0.00	0.00	0.00							0.00	0.00	0.00	0.00	51.67	152.00				0.00	0.00	0.00	0.00	121.00				105.00	105.00	93.00	57.00	0.00	0.00	0.00	0.00							0.00	0.00	125.50	271.50	256.00	132.00	29.00	20.50	83.00	80.00									0.00	0.00	0.00	271.00	359.00	456.00	517.00	501.00	473.50	444.50	416.00	404.00	445.00	482.00	526.00	552.00	610.00	681.00	736.50	833.00	899.00	951.50	981.00
																																																																																																																																																																					0.00	0.00								0.00	0.00	0.00	0.00						0.00	0.00	0.00	41.25	76.50	96.50	95.50				0.00	0.00	0.00	0.67						103.00	96.00	73.25	35.50	32.25	21.33	0.00							36.33	42.00	86.50	156.00	146.00	67.00	14.50	10.25	83.00				0.00						0.00	0.00	0.00	323.00	417.00	544.33	590.50	624.67	582.50	560.00	507.50	464.00	482.50	505.00	563.75	611.25	688.50	769.75	822.25	891.00	934.00	956.00	956.50
																																																																																																																																																																														0.00	0.00	0.00	0.00						0.00	0.00	11.00	63.50	95.75	66.75	13.00	0.00			0.00	0.00	0.00	2.00			103.00	0.00	50.50	101.75	100.25	95.25	86.00	83.00	64.00						0.00	191.00	86.50	61.75	23.75	20.25	18.00	1.00	0.00	0.00			0.00	0.00	0.00					0.00	0.00	0.00	76.00	390.50	491.50	605.50	701.00	741.00	748.75	739.75	669.00	599.50	600.50	612.00	688.75	759.25	844.25	915.50	945.25	944.00	934.00	892.75	838.00
																																																																																																																																																																						0.00									0.00	0.00	0.00						0.00	0.00	22.00	44.67	38.50	18.00	0.00	0.00								80.00	103.00	0.00	50.50	101.50	101.50	101.00	101.00	101.50							0.00	191.00	118.50	39.50	0.00	0.00	0.00	0.00				0.00	0.00	0.00					0.00	0.00	0.00	0.00	152.00	406.00	508.00	630.00	738.00	790.00	806.00	804.00	739.00	675.00	681.00	696.00	776.00	848.00	921.50	972.50	982.50	939.00	899.00	825.00	744.00
																																																																																																																																																																						0.00									0.00	0.00				0.00	0.00					22.50	19.25	9.00	0.00	0.00								40.00	51.50	0.00	50.50	101.50	101.75	101.25	101.00	102.75						92.00	44.25	144.00	86.00	27.25	0.00	0.00	0.00				0.00	0.00	0.00	0.00					0.00	0.00	0.00	59.50	214.00	416.00	523.00	654.00	771.00	822.00	834.25	834.25	792.00	752.00	768.00	788.00	856.00	914.00	958.75	975.50	961.50	884.50	823.00	702.00	567.00
																																																																																																																																																																														0.00	0.00																								0.00	0.00	50.50	101.50	102.00	101.50	101.00	103.00					0.00	92.00	88.50	97.00	53.50	15.00	0.00					0.00	0.00	0.00	0.00	0.00					0.00	0.00	0.00	119.00	276.00	426.00	538.00	678.00	804.00	854.00	862.50	864.50	845.00	829.00	855.00	880.00	936.00	980.00	996.00	978.50	940.50	830.00	747.00	579.00	390.00
																																																																																																																																																																													0.00	0.00	0.00																								0.00	0.00	50.50	101.00	101.00	101.00	101.00	96.00				0.00	28.00	0.00	0.00	0.00	0.00	0.00						0.00	0.00	0.00	0.00					0.00	0.00	0.00	96.00	217.00	286.00	456.00	581.00	720.00	834.00	871.00	869.50	876.50	916.00	958.50	979.00	990.00	996.50	997.50	955.50	884.50	816.50	677.00	577.00	338.00	54.00
																																																																																																																																																																												0.00	0.00	0.00	0.00																											101.00	101.00	101.00	101.00	96.00			0.00	0.00	28.00	0.00	0.00	0.00	0.00								0.00	0.00	0.00						0.00	0.00	96.00	217.00	286.00	456.00	581.00	720.00	834.00	871.00	869.50	876.50	916.00	958.50	979.00	990.00	996.50	997.50	955.50	884.50	816.50	677.00	577.00	338.00	54.00
																																																																																																																																																																												0.00	0.00																													101.00	101.00	101.00	101.00				0.00	0.00	28.00	0.00	0.00	0.00									0.00	0.00	0.00						0.00	0.00	96.00	217.00	286.00	456.00	581.00	720.00	834.00	871.00	869.50	876.50	916.00	958.50	979.00	990.00	996.50	997.50	955.50	884.50	816.50	677.00	577.00	338.00	54.00
																																																																																																																																																																																																			0.00	0.00					90.00	89.50	89.00	89.00	89.00					0.00											0.00	0.00											122.00	204.00	285.00	458.00	584.00	686.00	745.00	774.50	784.00	809.50	903.00	988.50	973.00	947.00	896.00	858.00	789.50	713.50	649.00	513.00	415.00	252.67	
																																																																																																																																																																																																		0.00	0.00	0.00					45.00	59.67	44.50	29.67						0.00											0.00	0.00									0.00	40.00	117.50	186.50	261.25	438.00	568.50	672.50	730.50	750.00	750.25	763.50	829.00	886.25	855.50	821.00	765.50	727.25	656.75	577.75	507.75	351.50	238.00	149.00	
																																																																																																																																																																																									0.00	0.00															0.00	0.00	0.00	0.00																0.00	0.00	0.00	0.00								0.00	40.00	113.00	169.00	237.50	418.00	553.00	659.00	716.00	725.50	716.50	717.50	755.00	784.00	738.00	695.00	635.00	596.50	524.00	442.00	366.50		61.00		
																																																																																																																																																																																				0.00	0.00												0.00										0.00																	0.00	0.00	0.00	0.00	0.00						0.00	0.00	0.00	63.00	126.00	143.50	234.00	307.00	279.50	185.00	150.50	147.50	147.00	155.00	161.00	148.00	137.00	122.00	112.00	94.00	66.00	66.00				
																																																																																																																																																																																		0.00	0.00	0.00	0.00	0.00											0.00																											0.00	0.00	44.00	0.00	0.00						0.00	0.00	0.00	58.75	112.00	112.75	156.50	231.33	279.50	123.33	75.25	73.75	98.00	155.00	161.00			122.00								
																																																																																																																																																																																		0.00	0.00	0.00	0.00	0.00											0.00																										0.00	0.00	0.00	88.00	0.00							0.00	0.00	0.00	54.50	98.00	82.00	79.00	80.00		0.00	0.00	0.00	0.00													
																																																																																																																																																																																			0.00	0.00																																							0.00	0.00	124.00	70.00	0.00								0.00	0.00	46.50	84.00	61.50	13.00	0.00	0.00	0.00	0.00															
																																																																																																																																																																																																																										0.00	0.00	0.00	96.00	49.50	0.00									0.00	31.00	66.25	49.50	7.50	0.00	0.00	0.00	0.00												0.00			
																																																																																																																																																																																									0.00	0.00																0.00															0.00	0.00	0.00	0.00	68.00	46.00												48.50	37.50	2.00	0.00	0.00	0.00	0.00				89.00	92.00	87.00						0.00	0.00	0.00	
																																																																																																																																																																																							0.00	0.00	0.00	0.00	0.00	0.00									0.00					0.00	0.00	0.00											0.00	0.00	0.00	0.00	0.00												0.00	0.00	0.00	0.00	0.00	0.00	0.00					81.00	100.00	128.50	151.00	166.00	193.00	101.50	0.00	0.00	0.00	0.00	0.00	0.00	
																																																																																																																																																																																							0.00	0.00	0.00	0.00	0.00															0.00	0.00	0.00											0.00	0.00	0.00	56.00	62.33												0.00	0.00	0.00	0.00	0.00								101.67	146.00	75.50	83.00	96.50	50.75	0.00	0.00	0.00	0.00	0.00	0.00	
																																																																																																																																																																																							0.00	0.00																			0.00												0.00	0.00	0.00	112.00	93.50												0.00	0.00	0.00	0.00				0.00	0.00	0.00			105.00	163.50	0.00	0.00	0.00	0.00	0.00	0.00	0.00	0.00	0.00	0.00	
																																																																																																																																																																																						0.00	0.00																																0.00	0.00	1.50	112.00	93.50																0.00	0.00	0.00	0.00	0.00	0.00			122.50	132.25	0.00	170.50	216.50	335.67	304.00	169.25	0.00	0.00	236.50	182.00	
																																																																																																																																																																																						0.00	0.00																																		3.00																0.00	0.00	0.00	0.00	0.00	0.00				99.00	172.50	227.50	234.00	406.67	524.75	548.33	662.50	554.00	381.00	303.00	474.00	364.00	
																																																																																																																																																																																																																																									0.00	0.00	0.00	0.00	0.00	0.00				99.00	205.00	354.00	468.00	538.00	616.50	652.33	717.00	769.50	762.00	606.00	475.00		
																																																																																																																																																																																																																																												0.00	0.00					99.00	216.50	236.00	534.50	538.00	681.67	659.50	717.00	808.50	789.25	635.50	509.50		
																																																																																																																																																																																																																																																			228.00	0.00	601.00	717.00	799.50	824.50	842.50	847.50	816.50	665.00	544.00		
																																																																																																																																																																																																			0.00	0.00	0.00																										0.00		0.00	0.00	0.00	0.00		0.00	0.00													0.00	580.00	734.00	854.50	897.50	912.50	894.00	849.50	711.00			
																																																																																																																																																																																																			0.00	0.00																											0.00	0.00	0.00	0.00	0.00	0.00		0.00	0.00													0.00	483.50	637.00	782.75	851.50	881.00	861.00	812.75	711.00	543.00		
																																																																																																																																																																																																			0.00	0.00																	0.00	0.00								0.00	0.00	0.00	0.00	0.00	0.00	0.00	0.00	0.00			0.00	0.00	0.00	0.00	0.00	4.50	5.00	3.00				0.00	332.50	473.00	650.50	757.75	804.75	828.00	776.00		543.00	266.00	0.00
																																																																																																																																																																																																																					0.00	0.00	0.00							0.00	109.50	138.00	151.00	157.50	145.00	123.25	92.50	71.00			10.50	5.25	0.00	0.00	0.00	4.25	5.00	2.00					185.33	380.50	566.75	692.25	753.33			512.00	413.00	282.67	91.00
																																																																																																																																																																																																																					0.00	0.00	0.00							0.00	219.00	276.00	302.00	315.00	290.00	246.50	185.00	142.00	104.00		21.00	10.50	0.00	0.00	0.00	4.00	5.00	1.50	0.00				0.00	355.00	543.50	674.50	740.00			512.00	413.00	291.00	182.00
																																																																																																																																																																																																																					0.00	0.00	0.00							0.00	0.00	475.00	517.50	542.50	516.00	460.50	363.00	291.00	226.00		61.00	30.50	0.00	0.00	0.00	9.50	12.00	1.50	0.00	0.00				334.00						518.00	426.00	266.00	94.00
																																																																																																																																																																																																																					0.00	0.00	5.00	2.67						0.00	0.00	563.00	619.50	654.25	628.50	568.00	459.00	378.00	275.75	248.67	155.75	65.00	0.00	79.00	74.50	63.25	44.50	15.50	4.00	0.00	0.00					606.00	332.00	0.00	292.50	477.00	356.50	215.75	94.00
																																																																																																																																																																																																																					0.00	0.00	10.00	8.00						0.00	0.00	651.00	721.50	766.00	741.00	675.50	555.00	465.00	355.50	290.00	228.00	99.50	0.00	158.00	149.00	117.00	77.00	29.50	12.00	0.00	0.00				548.00	606.00	332.00	0.00	292.50	436.00	287.00	165.50	94.00
																																																																																																																																																																																																																					0.00	0.00	24.00	18.50						0.00	0.00	664.25	744.00	797.00	782.00	726.75	617.50	535.00	439.50	384.50	329.75	151.25	0.00	79.00	249.50	206.25	149.50	118.50	39.50	0.00	0.00				548.00	303.00	166.00	0.00	246.75	330.50	167.50	111.00	94.00
																																																																																																																																																																																																																							25.33	9.67	0.00					0.00	0.00	576.00	660.00	723.00	743.50	732.25	674.00	627.00	572.00	540.50	506.75	385.00	279.50	274.00	445.00	384.00	299.00	171.00	71.25	14.33					0.00	0.00	64.00	104.67	115.00	112.50	24.00	2.00	
																																																																																																																																																																																																																							0.00	0.00	0.00					0.00	0.00	474.50	553.50	618.00	664.00	686.50	668.00	649.00	620.50	602.00	582.00	567.00	559.00	548.00	540.00	472.50	376.00	223.50	103.00	43.00					0.00	0.00	128.00	157.00	29.00	0.00	0.00		
																																																																																																																																																																																																																							0.00	0.00	0.00						0.00	362.00	513.50	597.00	663.00	703.50	708.00	705.00	677.50	650.00	628.50	620.00	624.50	654.00	677.00	457.50	110.00	66.50	102.00						154.50	0.00	114.50	139.00	24.50				
																																																																																																																																																																																																																									0.00					0.00	0.00	431.50	538.50	627.50	699.00	743.25	746.00	741.50	701.25	662.75	622.75	594.25	569.00	498.00	444.00	270.75	55.00	21.50					258.00	283.67	215.00	125.67	194.75	120.50	49.00				
																																																																																																																																																																																																																														0.00	0.00	469.33	563.50	658.00	735.00	783.00	784.00	778.00	725.00	675.50	617.00	568.50	513.50	342.00	211.00	84.00	0.00	12.00					258.00	303.00	224.00	188.50	309.00	102.00					
																																																																																																																																																																																																																														0.00	0.00	432.33	534.50	630.75	720.50	784.00	804.00	811.00	762.25	710.00	631.00	551.25	474.00	275.00	127.00	42.00	0.00	12.00				208.00	247.00	283.00	84.00	131.25	377.00						
																																																																																																																																																																																																																														0.00	0.00	395.00	505.50	603.50	706.00	785.00	824.00	844.00	799.50	744.50	645.00	534.00	434.50	208.00	43.00	0.00	0.00					208.00	236.00	263.00	0.00	74.00							
																																																																																																																																																																																																																														0.00	0.00	192.00	432.50	521.00	625.00	715.00	788.00	833.00	825.50	794.50	695.50	561.50	444.00	210.00	43.00	0.00						123.00	120.00	0.00								0.00	0.00
																																																																																																																																																																																																																													0.00	0.00	0.00	175.00	412.00	493.25	585.00	665.25	737.50	783.50	796.00	785.00	706.00	585.25	470.00	230.00	48.00	0.00						61.50	120.00							0.00	0.00	0.00	0.00
																																																																																																																																																																																																																													0.00	0.00	0.00	175.00	391.50	465.50	545.00	615.50	687.00	734.00	766.50	775.50	716.50	609.00	496.00	240.00	53.00	0.00						0.00							0.00	0.00	0.00	0.00	0.00
																																																																																																																																																																																																																														0.00	0.00	155.00	350.50	420.00	485.00	537.50	583.00	612.00	653.50	680.50	652.00	577.50	482.50	236.00	52.00	0.00												0.00	0.00	0.00	0.00	0.00	516.00
																																																																																																																																																																																																																					0.00									0.00	71.00	206.50	348.25	420.50	485.50	534.50	568.50	588.50	612.75	644.67	589.00	510.00	420.00	202.00	40.50	0.00	0.00								0.00	0.00	0.00	0.00	0.00	0.00	0.00	208.00	532.00
																																																																																																																																																																																																																													0.00	0.00	142.00	258.00	346.00	421.00	486.00	531.50	554.00	565.00	572.00	574.50	526.00	442.50	357.50	168.00	29.00	0.00	0.00							0.00	0.00	0.00	0.00	0.00	0.00	0.00	0.00	416.00	548.00
																																																																																																																																																																																																																													0.00	88.00	258.00	387.00	475.00	541.50	569.00	565.00	522.00	487.00	448.50	427.50	366.50	285.50	218.00	92.00	4.00	0.00	0.00								0.00	0.00	0.00	0.00	0.00	0.00	385.00	474.00	600.00
																																																																																																																																																																																																																													0.00	44.00	129.00	329.50	498.00	583.25	588.50	559.75	489.00	434.50	376.25	345.75	278.50	197.00	138.00	48.50	2.00	0.00	0.00						0.00	0.00	0.00	0.00	0.00	107.00	226.75	260.50	474.00	555.25	641.50
																																																																																																																																																																																																																												0.00	0.00	0.00	0.00	272.00	567.33	625.00	608.00	554.50	456.00	382.00	304.00	264.00	190.50	108.50	58.00	5.00	0.00	0.00							0.00	0.00	0.00	0.00	0.00	214.00	453.50	521.00	563.00	624.00	683.00
																																																																																																																																																																																																																												0.00	0.00	0.00	0.00	558.00	592.50	607.50	562.00	486.00	369.00	284.00	190.00	138.50	68.00	11.50	0.00	0.00	0.00								0.00	0.00	0.00	0.00	0.00	307.00	634.50	671.00	686.00	702.00	715.00
																																																																																																																																																																																																																												0.00	0.00	0.00	0.00	544.75	558.50	558.00	506.50	430.00	313.50	229.00	140.75	138.50	68.00	7.67	0.00	0.00	0.00						76.67	0.00	0.00	0.00	0.00	0.00	0.00	204.67	665.00	676.00	673.50	680.00	691.00