1438.00	1382.00	1283.50	1301.50	1303.50	1376.00	1421.00	1464.00	1615.00	1734.50	1640.50	1426.00	1338.00	1267.50	1175.00	1061.00	1030.50	1154.50	1132.50	1193.50	1396.50	1323.50	1127.50	1068.00	1245.00	1319.50	1141.00	1082.00	1095.00	1347.00	1251.00	1291.50	1327.50	1348.00	1453.00	1635.50	1622.00	1619.50	1547.50	1475.50	1238.00	1131.00	1146.50	1178.50	1111.50	1108.00	1083.50	1016.50	940.50	923.00	919.00	923.50	954.50	980.50	981.50	991.50	1000.00	1024.00	1040.00	1053.50	1073.00	1096.00	1181.00	1226.00	1223.50	1227.50	1333.00	1454.50	1673.50	1650.00	1484.50	1273.50	1298.00	1458.00	1504.00	1469.00	1405.00	1519.50	1389.00	1301.50	1229.50	1300.00	1231.50	1288.00	1300.50	1399.50	1497.00	1622.50	1534.50	1349.00	1334.00	1180.50	1220.00	1317.50	1129.00	1113.00	1314.50	1499.50	1314.50	1217.00	965.50	957.50	1166.00	1151.00	1270.00	1421.50	1310.00	1137.50	1107.00	1089.00	1117.50	1206.50	1267.00	1257.00	1221.00	1194.50	1349.00	1208.00	1112.00	1153.00	1016.00	880.50	890.50	1024.00	1054.50	948.50	884.50	862.00	1083.50	1131.50	1091.50	1207.00	1101.00	945.00	1055.50	1138.50	1049.50	1176.50	1275.00	1193.00	1059.50	1126.00	1278.00	1442.00	1306.50	1257.50	1260.50	1399.50	1419.00	1480.00	1533.50	1507.50	1600.00	1506.50	1549.00	1539.50	1681.50	1533.50	1543.00	1454.50	1334.00	1241.00	1191.00	1197.50	1170.50	1153.00	1207.50	1261.50	1278.00	1340.00	1255.50	1276.50	1191.50	1208.50	1178.50	1177.00	1255.50	1291.00	1234.00	1122.50	1075.00	1083.50	1150.50	1208.00	1189.50	1124.50	1171.00	1215.00	1234.00	1311.00	1470.50	1485.00	1418.00	1410.50	1377.50	1497.00	1399.50	1294.50	1326.50	1258.00	1239.00	1193.50	1184.50	1093.50	1120.50	1019.50	990.00	1019.50	960.00	965.00	977.50	947.00	846.00	814.50	805.50	795.50	808.00	847.00	921.50	879.50	787.00	867.00	853.00	811.50	765.50	757.00	752.50	733.00	716.50	718.00	723.00	729.50	754.50	794.00	806.50	778.50	749.00	748.50	786.00	911.00	919.50	888.50	824.50	771.50	802.00	841.00	820.00	855.00	876.00	839.00	770.50	720.50	704.50	703.50	714.00	724.50
1284.00	1328.50	1389.75	1406.00	1456.75	1375.25	1434.50	1520.75	1624.00	1706.50	1723.25	1544.50	1400.75	1209.50	1151.25	1071.25	1060.25	1199.75	1258.25	1218.25	1365.25	1220.00	1137.00	1086.75	1308.25	1379.00	1218.00	1132.00	1095.00	1321.25	1353.25	1320.50	1421.25	1460.75	1545.00	1419.25	1365.50	1387.50	1341.50	1396.75	1278.25	1230.00	1080.25	1080.50	1017.25	1002.25	979.00	956.25	965.50	945.25	922.25	923.75	930.25	987.25	1037.75	1080.25	1105.50	1184.50	1189.75	1135.75	1200.00	1182.25	1192.50	1195.50	1255.25	1372.00	1461.75	1572.25	1655.75	1471.75	1401.00	1302.75	1258.25	1374.50	1461.00	1368.75	1344.00	1493.00	1432.00	1376.50	1235.25	1211.25	1254.25	1339.00	1427.75	1393.75	1365.75	1454.25	1545.50	1409.25	1356.75	1363.75	1327.75	1254.50	1091.00	1175.00	1322.25	1452.75	1265.25	1142.25	966.25	977.75	1247.50	1268.50	1260.00	1475.25	1382.50	1189.50	1276.00	1161.00	1251.50	1287.25	1208.50	1290.00	1342.00	1306.00	1394.50	1332.00	1133.75	1039.00	924.00	905.25	1056.00	1204.50	1131.50	968.75	900.50	858.25	910.50	921.50	915.50	1059.50	1068.00	953.50	1295.00	1343.25	1221.25	1104.00	1179.25	1302.75	1177.50	1083.00	1187.25	1344.50	1424.50	1423.00	1327.25	1290.00	1314.75	1438.75	1468.25	1425.75	1436.75	1407.50	1430.25	1575.00	1593.25	1422.50	1395.50	1381.50	1303.75	1263.50	1234.50	1161.75	1132.25	1114.50	1154.50	1170.50	1179.50	1182.50	1141.50	1137.50	1119.75	1121.00	1110.25	1112.50	1159.75	1175.50	1129.25	1079.00	1121.75	1091.25	1139.00	1287.75	1321.25	1235.00	1145.00	1157.25	1217.25	1268.00	1359.75	1346.75	1372.75	1439.00	1490.75	1494.25	1494.50	1458.00	1458.75	1386.25	1335.50	1128.75	1050.75	1005.75	1033.75	970.25	933.75	967.75	955.50	896.00	893.75	860.00	887.00	948.00	922.25	844.00	808.25	802.50	790.25	832.50	799.25	789.50	796.75	762.00	747.25	740.75	729.50	721.75	722.25	728.25	753.00	765.75	776.25	825.75	839.75	800.75	765.75	755.75	782.50	907.50	928.75	849.75	786.75	791.25	819.75	897.50	882.25	893.50	830.50	786.75	746.25	724.25	711.25	708.00	717.00	731.25
1360.00	1324.00	1412.50	1518.00	1571.00	1495.00	1418.50	1554.00	1613.00	1601.50	1763.00	1671.00	1424.00	1290.50	1285.50	1099.00	1088.00	1181.00	1326.00	1266.00	1303.50	1285.50	1206.50	1172.00	1289.50	1458.50	1272.00	1220.50	1111.00	1175.00	1312.00	1418.50	1473.50	1551.00	1631.50	1407.50	1323.00	1208.00	1177.50	1273.00	1212.50	1127.50	1047.50	990.00	995.00	1024.00	1048.50	1055.00	1058.00	1041.00	962.00	930.00	927.50	1040.00	1204.50	1257.50	1285.50	1304.00	1305.00	1258.00	1286.00	1283.00	1334.00	1322.50	1357.50	1499.50	1510.50	1533.50	1630.00	1534.00	1430.00	1284.00	1234.00	1318.50	1429.00	1325.00	1325.00	1425.50	1357.50	1373.00	1208.50	1229.00	1334.50	1379.00	1467.00	1546.50	1499.50	1516.50	1535.50	1538.00	1518.50	1325.50	1192.50	1167.50	1123.00	1318.00	1472.50	1389.00	1283.00	1141.50	967.00	1019.50	1358.50	1369.50	1304.00	1430.50	1355.00	1336.00	1350.00	1238.50	1316.50	1257.00	1152.50	1247.50	1214.00	1255.50	1372.00	1247.00	1046.00	953.00	894.50	1051.00	1247.50	1307.50	1071.00	925.50	879.00	913.00	1050.00	1123.50	1000.50	905.00	910.00	991.50	1365.00	1361.50	1289.00	1182.50	1149.00	1247.50	1199.00	1074.50	1208.50	1252.50	1297.00	1490.00	1416.00	1327.50	1297.00	1367.50	1407.00	1352.00	1335.50	1324.50	1453.00	1499.50	1489.50	1428.00	1308.00	1280.50	1237.00	1197.00	1178.00	1137.00	1119.00	1109.50	1105.50	1106.00	1112.00	1100.00	1093.50	1090.00	1088.50	1086.50	1082.50	1080.50	1081.50	1078.00	1086.50	1128.00	1150.00	1106.00	1124.00	1198.50	1264.50	1289.00	1222.00	1198.00	1171.00	1165.50	1207.50	1225.50	1262.50	1315.00	1350.00	1258.00	1321.50	1309.00	1365.00	1299.50	1230.00	1123.50	1022.00	945.00	925.50	910.00	901.50	889.00	864.50	860.50	876.50	957.00	1038.50	1064.50	990.50	909.50	905.50	852.50	767.50	755.50	752.00	749.00	745.50	741.00	734.50	730.50	726.50	725.50	736.50	734.50	782.50	818.00	833.50	838.50	862.00	834.50	787.00	772.50	863.00	1009.00	976.00	853.50	781.50	865.00	842.50	936.50	903.50	835.00	771.00	780.00	796.50	725.50	712.00	710.50	723.00	741.00
1354.00	1363.00	1373.00	1506.75	1639.50	1597.75	1454.75	1433.00	1493.00	1590.75	1687.00	1677.50	1450.50	1292.75	1202.25	1159.50	1130.75	1244.50	1410.00	1344.25	1380.25	1401.50	1380.00	1314.00	1249.25	1452.50	1389.25	1273.50	1146.50	1192.75	1317.75	1443.00	1562.00	1539.50	1439.25	1346.50	1337.25	1290.00	1171.50	1153.25	1122.00	1036.75	1015.25	1076.75	1095.75	1175.00	1212.75	1235.00	1173.50	1184.00	1073.00	958.25	932.00	1008.75	1170.50	1250.50	1309.00	1349.75	1391.25	1417.75	1424.25	1435.00	1476.00	1449.50	1468.00	1456.75	1367.25	1486.00	1545.75	1680.50	1616.75	1430.75	1291.75	1274.00	1446.25	1340.75	1263.75	1334.50	1242.50	1207.00	1159.75	1290.50	1448.25	1521.75	1597.50	1584.75	1579.25	1602.75	1696.50	1439.25	1343.75	1288.50	1377.50	1226.00	1209.50	1390.75	1435.50	1306.25	1167.25	1082.75	973.25	1044.25	1294.25	1403.75	1451.50	1501.50	1482.50	1370.00	1379.50	1376.25	1334.00	1235.75	1138.00	1150.25	1264.25	1373.25	1301.75	1165.75	985.00	896.50	974.00	1121.00	1282.75	1262.25	1101.75	934.25	1061.00	936.00	1059.25	1298.75	1175.00	1125.75	1197.25	1031.75	1131.75	1119.25	1268.25	1302.75	1302.50	1256.75	1243.00	1125.75	1134.75	1274.50	1365.50	1514.75	1417.75	1437.75	1373.50	1394.50	1428.25	1349.25	1350.25	1318.75	1314.50	1331.75	1321.75	1331.00	1267.50	1205.50	1176.25	1150.75	1145.25	1145.00	1153.25	1151.75	1132.75	1109.50	1106.25	1105.50	1106.50	1110.50	1107.75	1103.75	1097.00	1099.75	1093.25	1111.00	1144.25	1181.00	1169.75	1127.75	1172.00	1243.25	1276.25	1292.75	1259.50	1218.25	1285.25	1222.50	1178.25	1199.00	1271.00	1301.50	1308.75	1173.00	1190.00	1157.00	1175.50	1135.50	1086.50	1069.25	1018.00	1038.75	1048.25	1006.25	922.00	973.00	979.75	949.00	979.00	974.00	900.00	863.00	856.00	798.75	790.75	797.50	834.75	808.25	819.75	768.00	760.00	760.25	736.50	731.50	733.00	737.00	751.00	741.50	792.75	835.00	876.75	891.50	905.75	865.75	794.50	796.25	870.25	1019.75	929.50	825.50	815.50	914.00	914.25	939.75	983.25	892.00	838.00	881.00	787.75	720.50	715.75	711.25	726.50	750.75
1318.50	1406.00	1388.00	1388.50	1474.50	1546.00	1629.50	1523.00	1481.50	1536.00	1575.00	1582.50	1419.50	1379.00	1263.50	1255.00	1184.50	1247.50	1436.00	1457.00	1482.00	1353.50	1287.50	1244.50	1214.00	1341.50	1386.50	1246.00	1278.00	1157.50	1273.50	1340.00	1468.00	1551.50	1350.50	1251.50	1195.00	1192.00	1188.50	1083.00	1041.00	1012.00	1064.50	1198.50	1210.00	1233.00	1341.50	1303.50	1255.00	1303.50	1215.00	1009.00	938.50	942.00	1002.00	1070.50	1149.00	1255.00	1367.50	1476.50	1361.50	1419.50	1490.50	1383.50	1340.50	1363.50	1246.00	1292.00	1384.50	1564.50	1468.00	1459.00	1338.50	1230.50	1395.50	1389.00	1160.50	1156.00	1118.00	1114.50	1142.00	1230.50	1345.00	1360.00	1523.50	1424.50	1509.50	1572.00	1532.00	1498.00	1404.50	1429.00	1344.50	1242.00	1379.50	1402.00	1298.50	1231.00	1169.50	1052.00	981.00	1037.50	1161.00	1248.00	1468.00	1466.50	1502.50	1369.50	1197.50	1344.00	1447.50	1391.00	1232.50	1160.50	1279.00	1276.50	1190.00	1080.00	919.00	921.50	1048.50	1166.50	1251.00	1086.50	1039.50	966.50	1062.50	1071.00	942.50	1268.00	1349.00	1331.00	1335.00	1147.50	955.00	1058.50	1144.00	1205.50	1377.00	1387.50	1313.00	1189.50	1140.50	1269.00	1465.50	1599.50	1518.50	1566.00	1442.50	1500.50	1496.50	1401.00	1521.00	1470.00	1289.50	1220.00	1198.50	1187.00	1178.50	1167.00	1156.50	1171.00	1187.00	1204.00	1204.50	1150.50	1132.00	1139.50	1151.50	1132.50	1134.00	1157.50	1148.00	1128.50	1112.50	1124.50	1114.50	1162.00	1220.00	1203.00	1166.50	1144.00	1193.50	1296.50	1340.00	1345.50	1325.50	1251.50	1186.00	1256.50	1240.50	1272.50	1285.50	1350.00	1374.50	1264.00	1120.50	1060.00	1061.00	1089.50	1017.50	1143.00	1147.00	1167.50	1097.00	1011.00	1015.00	1074.50	1101.00	1071.00	912.00	861.50	817.00	806.50	811.00	821.00	836.00	843.00	947.00	912.50	905.00	825.00	867.50	810.50	738.00	740.00	750.50	762.00	794.00	751.50	776.00	792.50	826.00	869.50	858.50	815.50	795.00	804.50	834.50	934.50	918.00	835.00	849.50	978.00	1003.00	1042.00	949.00	883.50	955.00	862.50	758.50	722.00	721.00	719.00	736.50	751.50
1300.75	1408.00	1474.00	1419.00	1565.50	1619.00	1669.25	1598.25	1552.75	1559.00	1618.25	1682.50	1639.50	1605.75	1514.25	1418.25	1337.75	1366.50	1453.00	1424.50	1390.00	1428.50	1380.25	1376.00	1264.00	1395.50	1530.00	1431.25	1334.00	1161.00	1243.25	1364.00	1466.00	1388.00	1290.25	1167.75	1135.75	1102.25	1093.75	1058.50	1049.25	1132.25	1169.50	1153.25	1306.50	1344.00	1423.50	1369.00	1347.00	1324.00	1218.75	1072.25	991.75	940.25	944.75	1083.50	1251.50	1333.50	1343.25	1388.25	1240.00	1263.00	1421.50	1370.50	1253.00	1274.50	1205.50	1301.25	1362.25	1547.00	1502.25	1325.00	1297.00	1193.75	1282.00	1340.75	1111.25	1100.75	1132.50	1144.50	1123.50	1147.50	1217.25	1302.25	1355.25	1337.50	1456.25	1441.25	1549.75	1668.50	1615.00	1503.50	1289.00	1359.75	1496.25	1477.75	1461.75	1353.50	1203.25	1080.00	983.50	1031.25	1258.50	1379.00	1533.75	1467.50	1344.50	1392.00	1252.25	1160.00	1227.25	1204.00	1120.50	1010.00	1032.25	1029.25	995.50	952.00	924.50	1012.75	1117.50	1283.50	1194.00	1122.50	1315.00	1097.50	1008.25	1200.75	988.75	1180.50	1307.75	1270.50	1256.75	1167.25	1023.00	993.50	1155.50	1240.75	1345.50	1431.25	1390.50	1307.00	1215.50	1249.25	1360.50	1565.75	1634.50	1674.00	1574.25	1513.50	1561.00	1538.75	1508.00	1468.25	1355.50	1320.75	1265.25	1192.50	1167.75	1195.75	1207.25	1233.50	1235.25	1205.50	1171.75	1140.75	1153.75	1194.00	1221.75	1156.75	1154.00	1196.25	1190.25	1135.75	1144.25	1146.25	1138.25	1202.50	1210.75	1160.75	1147.25	1178.00	1215.50	1296.75	1362.75	1456.75	1464.25	1277.50	1113.75	1180.75	1263.75	1394.75	1337.25	1355.00	1288.25	1230.75	1181.50	1082.50	1055.50	1019.50	991.00	1127.50	1155.75	1092.00	1145.25	1097.25	1063.75	1093.25	970.75	958.50	843.25	861.00	880.75	899.75	900.25	919.25	866.50	929.50	1003.75	969.00	934.25	883.50	828.50	762.50	749.50	764.25	782.75	816.00	809.50	768.25	796.25	844.50	856.50	868.50	856.75	823.50	820.75	849.75	881.00	914.50	914.25	865.25	841.00	906.50	1075.00	1095.75	1050.00	1016.75	1026.50	884.50	759.50	727.00	726.75	729.25	785.50	794.25
1254.00	1281.00	1376.50	1460.50	1566.00	1645.50	1542.50	1499.00	1619.00	1629.50	1644.50	1520.00	1517.00	1515.50	1477.50	1421.00	1301.00	1375.50	1362.50	1230.50	1295.00	1362.00	1261.00	1298.00	1300.00	1433.50	1454.00	1310.50	1213.50	1273.00	1267.00	1322.50	1515.00	1407.50	1277.00	1130.50	1115.50	1148.00	1219.50	1113.00	1115.50	1195.50	1290.50	1198.50	1372.00	1430.00	1413.00	1402.50	1314.00	1200.00	1133.50	992.50	959.00	943.50	942.50	1047.00	1214.00	1243.00	1219.50	1269.00	1166.00	1215.50	1247.00	1261.00	1180.00	1151.00	1271.00	1329.00	1411.50	1527.00	1487.00	1349.50	1270.00	1210.00	1144.00	1157.50	1089.00	1121.00	1312.00	1326.00	1216.50	1145.00	1146.50	1302.50	1413.00	1418.50	1414.50	1477.50	1697.00	1738.00	1647.00	1421.50	1577.50	1614.00	1584.50	1567.50	1415.00	1271.50	1179.50	1082.00	995.50	1047.50	1202.50	1306.50	1497.50	1476.00	1378.50	1315.00	1397.00	1275.50	1118.00	1018.50	991.50	1035.50	1074.00	1041.50	946.50	927.00	998.50	1113.50	1265.50	1310.00	1218.00	1175.50	1340.50	1134.00	1021.00	1259.00	1115.00	1024.50	1087.00	1182.50	1342.00	1255.00	1152.00	1033.50	1105.50	1206.50	1213.00	1383.00	1438.00	1401.00	1300.50	1416.00	1352.00	1426.50	1569.50	1675.00	1466.50	1495.00	1549.00	1526.50	1407.50	1340.50	1327.00	1273.50	1221.50	1179.00	1186.50	1239.00	1234.50	1172.50	1153.50	1130.50	1090.00	1158.00	1179.00	1272.50	1223.00	1172.50	1202.00	1207.50	1197.50	1134.50	1152.50	1154.00	1154.50	1185.00	1151.00	1148.50	1161.00	1246.00	1309.50	1388.50	1421.50	1397.50	1347.50	1216.50	1046.50	1105.50	1368.50	1364.00	1440.50	1412.00	1297.00	1192.00	1118.50	1108.00	1128.00	1106.00	989.50	1046.00	1182.00	1076.00	1098.00	1167.00	1103.50	982.00	900.50	850.00	895.50	992.50	1001.00	963.50	964.00	923.50	863.50	991.50	990.50	940.00	857.00	803.50	751.50	765.00	790.50	818.50	825.00	915.00	883.00	778.00	883.50	871.00	988.50	958.50	971.50	859.00	912.50	854.00	897.50	1011.00	990.50	896.50	910.00	910.50	1034.00	1107.00	1100.50	1020.50	990.00	895.50	753.50	733.00	728.50	745.00	793.00	828.00
1346.25	1286.50	1302.00	1419.00	1514.50	1539.50	1498.25	1332.00	1410.00	1492.50	1517.00	1351.00	1385.25	1482.25	1302.00	1221.00	1177.50	1295.50	1389.50	1195.00	1171.75	1164.25	1209.50	1240.00	1372.50	1463.00	1461.00	1336.75	1286.75	1336.50	1410.25	1358.75	1434.25	1290.75	1235.75	1160.00	1245.50	1288.75	1283.50	1115.50	1132.75	1199.75	1346.75	1353.50	1403.00	1316.50	1238.00	1248.00	1221.00	1158.25	1021.25	1033.50	1059.25	985.25	948.25	1004.50	1174.25	1154.75	1114.50	1124.25	1119.25	1156.50	1132.00	1152.00	1123.75	1130.25	1299.50	1401.75	1414.50	1441.75	1413.25	1378.50	1386.50	1306.25	1126.25	1107.00	1131.50	1239.75	1404.25	1404.25	1340.75	1265.25	1173.50	1156.50	1308.50	1497.50	1465.50	1641.75	1682.25	1598.25	1512.50	1431.25	1626.50	1766.00	1662.75	1507.50	1392.00	1304.25	1273.50	1220.50	1003.25	1046.50	1243.50	1367.75	1523.50	1469.50	1339.25	1194.75	1234.75	1156.00	1060.25	1067.00	1166.50	1234.50	1186.75	1097.00	1021.00	982.50	1142.50	1243.25	1257.50	1341.75	1207.00	1245.00	1351.00	1246.75	1079.75	1185.50	1107.50	997.25	1136.25	1197.25	1256.75	1332.75	1245.00	1172.50	1010.25	1070.00	1198.75	1252.75	1396.75	1392.75	1378.75	1490.25	1491.25	1524.00	1607.50	1530.00	1307.75	1324.25	1449.00	1390.75	1339.25	1311.50	1266.50	1222.75	1192.25	1180.25	1224.50	1251.50	1176.50	1163.00	1153.50	1029.25	1134.25	1177.50	1188.75	1287.25	1252.25	1196.75	1266.50	1259.75	1186.75	1135.75	1173.25	1165.50	1209.50	1197.25	1150.50	1115.25	1138.25	1191.75	1227.50	1307.25	1384.25	1282.50	1147.25	1100.00	995.00	1117.00	1278.25	1373.75	1526.50	1474.75	1331.25	1252.25	1169.50	1103.00	1065.00	1033.75	997.25	952.00	979.75	959.50	969.25	975.75	955.50	905.25	863.25	978.50	1039.50	1039.00	1060.25	1036.50	1001.50	917.50	979.50	988.50	913.25	881.50	861.75	765.75	770.50	794.00	818.75	866.00	942.00	959.50	859.75	801.00	950.75	949.50	997.75	1047.50	977.50	894.00	1026.50	895.25	964.25	1074.25	1117.75	969.00	1039.75	1023.50	991.50	965.25	913.50	941.50	889.00	821.50	753.50	736.75	741.00	755.50	782.75	781.25
1431.00	1332.00	1313.00	1365.00	1294.00	1257.00	1344.00	1293.00	1256.50	1346.00	1300.50	1219.50	1297.00	1510.00	1489.50	1265.50	1135.00	1145.50	1286.50	1156.00	1073.00	1215.50	1340.00	1388.50	1465.00	1556.50	1501.00	1490.00	1378.00	1383.50	1487.00	1486.50	1350.00	1377.50	1355.50	1251.00	1389.50	1411.00	1249.50	1114.00	1170.50	1238.50	1295.00	1407.50	1263.00	1167.50	1121.50	1103.50	1081.50	1050.00	1053.50	1150.50	1147.00	1052.00	983.50	976.00	1093.00	1052.00	1043.50	1106.00	1216.50	1153.00	1084.50	1061.00	1097.50	1220.50	1332.00	1353.50	1331.50	1344.00	1359.00	1281.50	1340.00	1213.00	1087.50	1087.50	1265.00	1357.50	1443.00	1522.50	1422.00	1362.00	1273.50	1166.00	1175.00	1281.50	1416.00	1599.50	1597.00	1489.50	1477.50	1539.00	1671.50	1735.50	1753.50	1584.00	1382.00	1333.50	1202.50	1145.50	1017.50	1070.50	1301.50	1503.50	1453.50	1529.50	1482.00	1205.00	1086.50	1046.00	1075.50	1239.00	1350.50	1248.00	1077.00	1040.50	1028.50	1039.00	1296.50	1357.00	1337.00	1346.50	1262.00	1309.50	1270.00	1114.00	1069.50	1148.50	1077.50	991.50	1093.00	1173.00	1248.00	1349.00	1210.50	1112.50	1085.00	1022.00	1058.50	1270.50	1283.00	1253.50	1357.50	1406.50	1444.50	1682.50	1640.00	1381.00	1176.50	1127.00	1181.50	1265.00	1340.00	1318.00	1336.50	1251.50	1202.00	1186.50	1188.00	1163.50	1132.50	1069.00	1050.50	1006.50	997.00	1069.00	1180.00	1242.00	1237.50	1215.00	1264.00	1244.00	1164.00	1164.00	1248.50	1223.00	1229.50	1125.00	1062.00	998.00	1149.00	1091.00	1056.00	1215.50	1185.50	1131.50	994.00	936.00	982.00	1028.00	1096.00	1191.00	1347.00	1441.50	1241.00	1179.00	1212.00	1189.50	1130.50	1119.50	1081.50	991.00	916.00	901.00	892.50	934.50	971.00	889.50	902.00	1033.50	1080.50	1131.00	1112.50	1042.50	964.50	1041.00	1060.00	891.50	940.50	801.00	768.50	774.00	811.50	852.50	834.50	895.00	1000.00	1029.00	796.50	840.50	971.50	1047.50	1051.00	998.00	935.50	960.50	1075.50	969.00	960.50	1202.00	1145.50	987.50	1058.50	947.50	806.50	765.00	751.00	748.50	751.00	742.50	745.50	759.00	792.00	805.00	833.00	781.50
1529.75	1451.75	1390.75	1329.00	1326.50	1251.25	1165.50	1178.25	1210.50	1337.25	1211.25	1143.75	1270.50	1509.50	1435.50	1220.50	1147.50	1078.75	1161.25	1075.50	1123.25	1244.00	1355.75	1457.50	1497.50	1515.00	1396.50	1471.50	1458.25	1515.50	1576.75	1604.25	1500.00	1526.75	1477.25	1401.50	1484.50	1328.50	1150.50	1114.75	1177.50	1214.00	1413.25	1403.00	1277.50	1282.50	1235.00	1219.00	1123.00	1055.75	1153.75	1284.00	1242.50	1129.00	1053.75	962.75	967.75	1068.75	1180.75	1232.75	1254.50	1195.25	1055.25	1041.75	1096.50	1180.00	1270.00	1383.00	1371.00	1294.00	1361.75	1184.75	1175.00	1101.50	1083.00	1144.25	1315.00	1397.50	1404.25	1453.50	1498.25	1473.50	1378.75	1316.00	1191.50	1190.25	1306.25	1474.75	1452.00	1377.00	1378.25	1489.00	1547.50	1540.25	1580.25	1495.00	1449.50	1396.75	1339.50	1156.75	1028.75	1127.00	1398.00	1495.25	1335.00	1283.25	1315.75	1144.75	1183.25	1108.50	1220.50	1282.25	1295.50	1130.50	1143.00	1183.00	1029.50	1016.50	1134.75	1157.00	1242.75	1369.00	1327.75	1240.75	1179.25	1080.25	1235.75	1249.00	1131.75	1011.00	1170.50	1258.75	1251.00	1305.00	1213.00	1205.00	1219.25	1155.75	1088.00	1099.75	1200.75	1349.75	1420.25	1356.25	1449.50	1653.50	1616.75	1422.25	1360.50	1171.50	1027.50	1051.75	1069.25	1075.25	1112.50	1264.25	1217.00	1226.50	1196.75	1079.75	1007.00	937.50	975.25	1127.50	983.75	951.75	1067.75	1064.75	1157.50	1232.25	1274.75	1207.50	1170.00	1235.75	1335.50	1260.75	1074.00	980.25	916.25	982.25	1183.25	1123.25	969.25	1042.50	1002.75	925.25	954.00	1065.00	1173.75	1196.50	1192.00	1292.75	1128.25	1261.00	1142.00	1055.00	1153.75	1176.25	1211.00	1098.50	1051.75	985.75	962.25	990.50	1018.00	1069.50	1003.50	926.50	942.25	924.75	990.25	1042.00	1079.75	1039.50	983.00	981.50	952.50	863.75	820.25	776.25	771.00	795.75	858.50	917.00	866.75	961.75	994.75	908.75	806.75	874.50	964.00	1088.25	1118.25	974.75	977.75	1042.75	1142.75	1018.50	1026.00	1166.75	1127.00	1061.25	978.75	806.00	765.50	768.75	761.00	767.75	774.25	768.25	809.75	831.00	832.50	919.25	934.50	785.75
1624.50	1571.50	1541.00	1336.00	1142.00	1140.00	1109.50	1136.50	1162.50	1240.50	1112.00	1135.50	1302.00	1461.00	1393.00	1277.00	1154.00	1057.00	1013.50	1064.00	1201.00	1344.50	1407.00	1344.50	1406.00	1364.50	1301.00	1381.00	1550.50	1464.00	1477.50	1459.00	1467.00	1582.00	1513.00	1320.50	1312.00	1239.50	1110.00	1141.00	1241.00	1285.50	1411.00	1523.50	1382.00	1414.50	1363.00	1272.50	1098.00	1146.00	1275.50	1376.00	1254.50	1103.50	1090.50	994.50	958.00	984.50	1069.50	1162.50	1106.50	1157.50	1041.50	1080.00	1171.00	1255.50	1373.50	1408.50	1414.00	1220.00	1191.00	1095.00	1062.00	1088.50	1157.50	1143.00	1249.50	1319.50	1282.00	1323.50	1444.50	1515.50	1493.00	1453.50	1256.00	1177.50	1176.50	1276.50	1275.00	1321.50	1411.50	1580.00	1570.50	1569.50	1396.50	1340.00	1280.00	1295.00	1339.50	1168.00	1049.00	1229.00	1497.50	1416.50	1404.00	1402.50	1277.50	1198.50	1387.00	1171.00	1179.00	1310.00	1229.50	1167.50	1279.00	1172.50	1015.00	1090.00	1042.00	1192.00	1258.00	1319.00	1373.50	1190.50	1164.50	1088.50	1214.00	1245.50	1150.50	1018.50	1104.00	1161.00	1265.00	1343.00	1363.50	1372.00	1277.50	1285.50	1183.50	1080.00	1213.00	1340.00	1280.50	1468.50	1464.00	1558.50	1555.50	1449.00	1279.00	1128.00	1095.00	1136.50	1010.50	956.50	986.50	1221.00	1257.00	1253.00	1195.50	1200.00	1076.00	874.00	993.00	1213.00	1122.50	887.00	927.00	952.00	1048.50	1123.00	1244.50	1276.50	1235.50	1254.00	1244.00	1168.50	953.50	855.00	844.00	951.00	1109.50	1010.00	907.50	849.50	826.00	904.50	1172.50	1363.50	1392.00	1300.50	1435.50	1262.50	1083.00	1065.50	1113.50	998.00	1074.50	1015.00	1135.50	1240.00	1254.50	1080.50	1093.50	1101.50	1188.00	1056.00	966.00	1029.50	1038.00	1027.00	1101.00	1083.00	983.00	937.00	892.00	850.50	858.50	810.00	781.00	824.00	816.50	806.00	922.50	957.00	938.50	947.50	987.50	918.50	827.50	938.00	995.00	1047.00	1130.50	1046.50	1055.50	1076.00	1193.50	1075.50	1129.00	1119.00	1015.50	955.00	798.50	775.50	827.50	872.00	784.00	813.50	873.00	797.00	897.00	960.00	843.50	869.50	965.50	825.00
1526.00	1511.75	1432.00	1414.00	1217.00	1217.75	1074.00	1046.75	1095.75	1160.75	1066.25	1095.75	1187.75	1446.75	1520.25	1370.25	1297.00	1198.00	1025.25	1040.50	1140.75	1250.75	1252.00	1218.75	1291.00	1256.25	1260.00	1392.50	1406.25	1302.25	1394.50	1352.50	1320.00	1520.00	1466.25	1307.75	1192.25	1165.00	1162.75	1182.00	1224.75	1289.25	1447.00	1462.00	1352.50	1404.25	1285.50	1162.25	1125.50	1163.25	1324.50	1392.50	1289.00	1233.50	1197.25	1071.75	1013.75	976.50	969.50	984.00	986.75	992.25	1004.75	1103.75	1242.25	1294.50	1316.00	1282.75	1311.50	1188.50	1078.00	1104.25	1153.00	1196.75	1259.00	1294.75	1152.25	1193.00	1298.25	1324.75	1421.75	1545.75	1481.25	1410.50	1338.75	1246.50	1232.50	1210.25	1360.50	1552.50	1475.75	1504.25	1671.50	1581.75	1469.00	1387.00	1257.00	1181.50	1135.50	1074.50	1096.25	1223.50	1467.75	1442.50	1401.50	1335.00	1214.25	1281.25	1471.75	1195.00	1194.50	1311.25	1246.25	1202.00	1253.25	1116.50	1040.50	1070.25	1113.75	1085.75	1221.00	1315.25	1358.75	1246.00	1124.50	1128.50	1237.75	1305.75	1208.00	1070.50	1039.50	1228.25	1345.25	1357.00	1467.50	1540.50	1403.00	1334.00	1288.25	1218.25	1128.25	1217.75	1238.75	1323.50	1394.75	1484.25	1408.25	1426.25	1281.50	1265.25	1297.25	1376.50	1188.75	1104.50	952.75	1215.50	1243.25	1263.50	1102.50	1179.75	1047.75	845.50	945.25	1099.50	1081.75	833.75	931.50	1017.00	952.00	1104.00	1139.75	1166.50	1172.50	1229.75	1055.75	1132.25	1035.50	954.00	822.50	833.25	916.00	842.75	793.25	851.75	869.75	931.25	1168.00	1374.00	1537.75	1510.50	1517.25	1405.75	1033.00	949.75	984.75	927.50	967.50	990.50	1134.50	1203.75	1140.25	1132.00	1131.00	1139.00	1234.00	1140.25	1087.50	1188.00	1158.50	1192.75	1118.00	1009.00	948.00	879.25	858.25	840.00	806.25	792.00	836.25	897.25	834.00	796.50	844.00	897.75	976.75	996.00	933.75	862.75	846.00	905.00	1037.00	1123.25	1140.50	1038.50	1026.00	1092.00	988.75	1010.50	921.50	875.00	834.00	797.75	782.25	812.25	841.25	943.50	810.50	860.25	961.50	882.50	893.00	1029.75	972.25	898.75	1021.50	897.00
1269.00	1335.50	1213.00	1352.00	1294.50	1315.50	1251.50	1112.00	1009.00	1012.00	1033.00	1095.00	1173.50	1392.50	1418.00	1211.00	1181.00	1190.50	1019.50	1070.00	1160.00	1157.50	1119.50	1204.50	1334.00	1192.50	1292.00	1380.50	1271.00	1221.00	1259.00	1258.50	1356.00	1537.00	1434.50	1221.00	1223.50	1295.50	1254.00	1282.00	1361.00	1335.50	1455.00	1390.00	1243.00	1240.50	1198.50	1120.50	1217.50	1316.00	1356.50	1477.50	1351.00	1180.00	1116.50	1118.50	1148.00	1017.50	982.50	1064.50	1011.00	998.00	989.50	1008.50	1042.00	1077.50	1194.50	1133.00	1097.50	1045.50	1034.00	1203.00	1344.00	1342.50	1345.00	1411.50	1218.50	1151.00	1351.00	1436.50	1492.50	1498.00	1504.50	1454.50	1357.50	1392.50	1419.00	1206.00	1357.00	1653.00	1731.00	1505.50	1532.00	1604.00	1533.00	1302.00	1297.50	1334.00	1133.50	1183.00	1167.50	1268.00	1446.50	1453.00	1396.50	1233.00	1359.50	1263.50	1469.50	1229.00	1294.50	1366.00	1299.00	1242.50	1169.00	1067.00	1150.00	1064.50	1216.00	1120.00	1182.00	1223.50	1289.50	1230.50	1117.50	1183.50	1233.50	1409.50	1407.00	1166.50	1028.50	1134.00	1218.00	1341.50	1480.00	1577.00	1619.00	1504.50	1412.00	1239.00	1261.50	1201.00	1160.50	1208.00	1309.50	1317.50	1442.00	1562.50	1585.00	1394.50	1216.50	1244.50	1402.00	1312.50	945.00	958.50	1189.00	1174.50	1029.00	1131.00	1011.00	830.00	861.00	973.00	939.00	918.00	1000.50	896.50	966.00	1091.00	1046.00	1043.00	1056.00	1058.00	954.50	944.00	973.50	1059.00	941.00	832.00	768.00	764.00	857.00	986.00	1056.50	950.50	1062.50	1284.00	1285.50	1353.00	1379.50	1211.00	1144.50	1002.00	873.00	833.50	940.00	1084.00	1191.00	1071.00	1032.50	1017.50	992.50	1050.00	1154.00	1178.00	1248.50	1230.00	1097.50	1139.00	1063.00	943.50	861.00	832.50	813.00	799.50	797.00	835.00	915.50	881.00	824.50	799.50	843.00	898.00	953.50	1007.00	921.00	861.00	863.00	889.50	977.00	1058.00	1048.50	948.50	981.50	1072.00	886.50	813.00	798.50	794.00	790.50	798.00	805.50	895.50	813.00	850.50	819.00	894.00	1045.50	979.50	920.50	926.00	1051.00	951.50	1064.00	930.00
1156.00	1131.75	1103.50	1234.00	1156.50	1185.25	1145.00	1105.75	1017.50	968.75	1100.00	1205.25	1256.75	1309.00	1226.75	1134.75	1067.50	1137.75	1041.00	1006.75	1052.25	1048.50	1041.25	1101.75	1207.25	1188.25	1142.75	1149.75	1134.00	1162.25	1189.75	1294.50	1406.25	1538.25	1458.00	1278.00	1314.00	1441.50	1349.50	1358.50	1381.25	1453.50	1547.75	1443.00	1285.25	1222.25	1248.75	1285.25	1313.75	1416.25	1463.00	1422.75	1318.50	1220.25	1208.75	1228.00	1213.00	1038.50	1014.25	1131.50	1078.00	1155.50	1045.25	1013.75	1026.50	1013.00	1031.25	1024.00	1027.25	1061.00	1086.75	1174.75	1234.50	1305.50	1370.50	1379.50	1301.25	1227.00	1209.50	1359.25	1382.00	1350.25	1430.75	1404.75	1396.00	1518.75	1560.00	1230.50	1290.00	1498.25	1633.00	1645.75	1591.50	1547.25	1372.00	1414.75	1556.75	1412.25	1225.00	1394.25	1167.50	1254.00	1452.50	1598.50	1385.25	1360.75	1457.25	1261.50	1408.00	1314.25	1467.00	1451.50	1316.75	1273.50	1159.75	1096.50	1193.75	1085.25	1245.00	1232.75	1159.00	1235.00	1288.75	1183.75	1166.75	1265.00	1321.75	1329.50	1242.00	1134.50	1040.25	1119.75	1222.75	1286.75	1588.75	1629.50	1551.75	1617.00	1511.50	1409.50	1411.75	1379.00	1337.25	1353.00	1328.25	1412.50	1499.75	1567.50	1614.75	1408.50	1258.75	1101.75	1129.75	1100.75	955.25	884.00	975.00	1134.00	984.25	1036.50	1048.50	890.75	795.25	902.00	834.75	903.75	825.25	891.50	1007.00	967.50	925.25	961.75	916.00	909.00	873.00	866.25	930.50	945.00	916.25	925.75	786.50	845.50	880.50	944.00	1062.25	1158.75	1110.75	1101.25	1133.00	1208.50	1294.75	1158.50	1081.00	996.75	887.25	806.25	967.00	1068.50	1110.50	1194.00	1148.75	1040.50	1035.50	977.25	978.25	1029.75	1097.75	1038.25	951.75	965.00	910.25	855.00	829.00	816.75	822.00	833.50	837.50	917.00	971.75	883.50	832.25	809.50	868.75	946.50	970.00	977.50	884.00	852.25	933.50	991.25	1005.75	1114.00	988.50	914.75	918.00	905.50	818.75	816.25	810.25	865.25	853.75	856.00	866.00	888.75	845.75	843.00	815.75	856.00	995.00	1052.75	1025.75	930.75	1081.00	1010.50	1026.75	904.00
1117.00	1102.50	1031.00	1103.50	1072.50	1089.00	1072.00	1069.50	978.00	950.00	1069.50	1243.50	1339.50	1300.50	1141.00	1047.50	989.50	1047.00	1014.00	946.50	957.00	971.00	984.00	996.00	1035.50	1053.50	1095.00	1165.00	1203.00	1281.00	1303.00	1306.00	1297.50	1434.00	1485.00	1324.50	1291.00	1389.00	1520.50	1493.50	1559.00	1620.00	1626.00	1571.00	1388.50	1333.00	1383.50	1410.50	1416.00	1397.00	1484.50	1501.50	1439.50	1402.50	1365.00	1244.00	1075.00	1010.00	1088.00	1166.50	1105.50	1192.00	1233.50	1132.00	1127.50	1068.50	1052.50	1036.00	1029.00	1128.00	1269.00	1260.50	1215.50	1214.00	1239.00	1306.00	1368.50	1323.50	1193.00	1214.00	1293.00	1399.50	1528.00	1465.50	1407.00	1472.00	1624.50	1258.50	1243.00	1502.50	1605.50	1770.50	1792.50	1527.50	1532.00	1603.50	1452.50	1322.00	1351.50	1504.00	1265.50	1218.50	1483.50	1574.50	1400.50	1493.50	1330.50	1432.50	1354.50	1391.50	1503.50	1490.00	1401.50	1331.50	1231.00	1148.00	1189.00	1123.50	1214.50	1306.50	1261.00	1314.00	1241.00	1167.50	1200.00	1398.00	1352.00	1294.50	1322.50	1116.00	1187.50	1151.50	1117.50	1333.00	1423.00	1489.00	1343.50	1423.50	1576.00	1538.50	1384.00	1330.00	1349.00	1462.50	1477.50	1562.00	1433.50	1556.00	1486.00	1379.00	1169.00	1137.50	1125.50	1085.50	1139.00	928.50	862.00	884.00	844.00	875.50	921.00	892.00	808.50	751.50	738.50	754.00	787.50	870.00	996.00	915.50	849.00	950.50	858.00	791.00	765.50	756.00	895.00	867.00	784.50	744.00	707.50	811.50	836.00	887.50	965.50	1082.00	1289.50	1311.50	1226.50	1209.00	1212.50	1086.00	925.00	874.00	840.50	790.00	853.50	920.00	1001.00	1150.00	1192.00	1179.00	1120.50	988.50	931.00	911.00	912.00	898.00	874.50	861.50	843.50	840.00	856.50	841.00	869.00	918.50	909.00	965.00	942.00	866.50	828.00	818.00	864.50	889.00	936.50	927.00	863.00	885.00	944.00	1052.00	1118.00	1108.00	1026.00	882.50	832.50	824.50	880.00	912.50	835.50	920.00	882.00	883.00	869.50	929.00	864.00	870.50	829.00	879.00	934.00	1003.50	1061.50	987.50	1056.00	1026.50	950.50	859.00
1078.00	1048.75	1024.50	1002.00	993.75	987.75	1000.75	1048.75	970.50	932.50	1002.25	1088.75	1170.25	1188.75	1066.00	1009.00	964.75	944.25	945.50	1011.00	1052.75	1067.25	1100.75	1059.50	1084.50	1049.00	1215.25	1334.50	1383.25	1419.50	1475.00	1472.00	1402.25	1497.25	1542.75	1446.50	1363.75	1516.25	1599.25	1546.50	1602.25	1603.50	1557.25	1516.25	1506.25	1486.50	1447.75	1387.50	1288.50	1226.75	1366.00	1414.25	1396.25	1303.25	1237.50	1147.50	1039.00	1056.50	1190.00	1232.00	1225.25	1194.25	1301.00	1297.25	1187.00	1153.25	1160.25	1104.75	1072.00	1054.25	1169.75	1349.75	1312.00	1287.50	1292.75	1333.75	1454.25	1411.50	1308.25	1240.50	1314.00	1445.75	1437.75	1386.50	1509.75	1559.75	1534.25	1336.00	1255.00	1430.00	1563.25	1683.25	1621.50	1566.25	1755.00	1602.25	1468.00	1418.25	1396.75	1393.00	1292.50	1249.50	1350.50	1500.00	1512.75	1608.00	1377.25	1511.25	1419.75	1582.25	1568.00	1636.25	1582.25	1366.75	1266.25	1217.75	1257.75	1231.25	1249.75	1345.75	1275.50	1242.00	1184.00	1277.00	1206.75	1350.75	1452.50	1397.00	1276.50	1137.75	1343.50	1334.75	1163.75	1137.75	1268.25	1408.75	1274.75	1425.00	1468.75	1410.50	1311.75	1239.00	1274.50	1344.25	1505.00	1516.75	1387.25	1441.25	1487.25	1416.25	1256.75	1280.25	1289.00	1270.75	1162.50	969.50	926.75	967.00	975.00	898.75	836.25	807.00	770.25	767.75	762.50	712.00	717.25	813.50	910.00	886.50	815.25	932.00	869.25	768.00	722.50	795.75	858.50	873.00	740.75	690.50	738.50	919.00	999.00	1054.50	1087.75	1089.00	1240.25	1415.25	1411.75	1375.25	1303.25	1185.75	1014.00	1067.50	1060.00	882.75	827.50	914.50	951.50	1115.00	1222.00	1217.50	1115.00	1077.00	994.25	966.25	910.50	894.00	902.75	907.00	918.50	863.25	902.50	898.75	878.25	924.25	962.50	959.00	895.50	842.75	826.50	841.50	840.75	885.75	955.00	999.25	889.75	909.75	1059.50	1044.25	1038.50	1038.50	955.00	855.75	855.00	949.00	1083.25	958.75	854.25	951.50	905.00	907.25	912.00	992.75	857.75	920.75	874.00	887.00	961.50	983.25	1139.75	1161.25	1038.75	1014.00	921.75	928.25
1161.00	1087.75	1077.75	1022.50	968.50	959.00	961.00	979.00	944.00	923.75	976.25	1069.50	1172.00	1194.75	1080.25	976.25	940.75	923.75	957.00	1067.25	1127.25	1145.75	1206.75	1135.25	1190.25	1070.00	1149.25	1274.00	1361.50	1390.25	1445.25	1524.50	1519.50	1594.75	1595.75	1494.25	1426.75	1554.00	1557.75	1532.50	1592.25	1550.00	1543.00	1495.75	1461.25	1429.25	1404.25	1404.75	1329.75	1177.25	1273.50	1305.75	1279.25	1184.25	1126.00	1090.00	1062.50	1084.00	1255.00	1327.00	1264.00	1241.75	1371.25	1365.50	1226.75	1244.25	1206.75	1155.25	1129.50	1048.50	1085.25	1319.25	1315.25	1324.75	1355.00	1410.50	1445.25	1480.75	1396.25	1301.25	1279.50	1307.00	1361.25	1468.75	1568.25	1640.25	1609.50	1354.75	1266.25	1406.00	1584.25	1656.75	1526.50	1609.50	1764.25	1625.00	1540.50	1470.00	1391.25	1370.50	1292.25	1341.25	1312.25	1479.75	1605.75	1670.25	1427.50	1517.25	1486.25	1673.75	1558.25	1588.25	1614.25	1443.25	1326.25	1308.25	1295.50	1256.00	1316.25	1358.25	1260.75	1257.00	1227.25	1291.50	1256.75	1323.75	1419.75	1280.25	1220.75	1134.25	1292.75	1430.75	1293.00	1129.75	1164.25	1274.25	1256.00	1431.75	1430.25	1327.00	1282.75	1217.50	1242.50	1338.00	1468.25	1436.00	1354.25	1507.00	1533.25	1413.50	1200.75	1193.50	1296.50	1231.25	1228.75	1011.00	1057.25	1153.25	1122.00	1012.75	902.50	861.50	825.25	815.75	798.25	716.75	700.25	756.75	851.00	845.25	816.50	913.75	866.25	788.25	713.50	792.25	777.75	756.00	693.25	720.00	817.50	903.50	1001.75	1158.50	1227.00	1224.00	1257.00	1401.50	1457.00	1454.25	1288.75	1168.75	1033.00	1079.25	1115.75	971.25	821.25	898.00	997.00	1150.00	1189.00	1209.00	1215.00	1151.50	1054.75	1013.00	929.50	931.50	971.75	974.75	965.50	876.25	940.00	947.00	897.50	911.75	955.75	971.50	926.00	837.50	846.50	882.50	852.50	909.25	1001.75	1037.50	908.25	922.25	1048.50	1013.25	957.50	975.50	904.75	838.00	904.50	999.00	1126.50	977.75	859.50	968.75	923.25	926.75	977.25	1007.50	872.50	966.00	915.75	875.25	997.50	1041.00	1165.75	1161.75	983.75	957.00	925.25	1002.50
1302.25	1215.50	1139.00	1051.50	1019.00	1008.75	960.50	943.25	926.25	915.00	951.00	1049.50	1143.50	1149.25	1096.75	970.00	917.50	915.00	971.75	1090.75	1151.75	1160.00	1213.50	1208.00	1243.25	1136.00	1148.75	1228.75	1253.50	1306.75	1325.00	1428.00	1509.75	1633.75	1578.25	1538.00	1525.25	1582.75	1557.50	1499.75	1448.25	1420.00	1414.75	1391.25	1333.25	1291.25	1262.50	1257.50	1242.75	1138.00	1164.75	1173.25	1159.00	1129.25	1167.75	1222.00	1170.25	1109.75	1272.25	1352.75	1332.75	1309.75	1501.25	1428.00	1317.25	1381.50	1288.25	1216.50	1149.75	1084.25	1067.25	1191.75	1224.00	1267.50	1310.25	1361.25	1382.00	1481.75	1508.00	1355.50	1383.50	1321.00	1376.00	1514.75	1629.25	1689.75	1618.25	1416.25	1402.75	1336.50	1429.00	1514.50	1610.50	1689.50	1733.25	1700.00	1626.50	1525.00	1489.50	1457.50	1395.75	1322.75	1307.50	1505.50	1573.00	1698.50	1520.00	1551.25	1543.00	1657.25	1514.75	1401.25	1457.50	1495.50	1408.75	1441.75	1420.50	1360.00	1296.00	1300.25	1280.50	1333.00	1293.50	1340.50	1306.00	1287.25	1370.75	1222.75	1160.25	1203.50	1278.75	1406.25	1297.50	1180.50	1155.75	1168.75	1205.75	1303.75	1294.75	1225.25	1216.75	1202.50	1217.25	1286.25	1340.00	1363.00	1357.00	1472.00	1458.75	1387.25	1226.25	1127.25	1193.00	1101.75	1161.25	1009.00	1116.25	1155.50	1211.50	1101.75	945.00	898.75	863.50	814.75	791.50	727.00	696.00	705.00	790.25	775.00	774.75	833.00	806.50	778.00	718.75	796.25	692.75	680.75	724.25	776.50	805.75	909.00	988.75	1107.25	1200.00	1274.00	1253.75	1270.00	1316.00	1352.75	1276.00	1203.00	1064.00	1002.50	978.75	929.00	805.25	905.50	1028.50	1085.25	1040.00	1110.75	1191.75	1140.00	1100.00	1041.75	966.00	1017.25	1108.25	1067.75	978.75	893.75	966.00	996.00	952.00	950.25	971.00	963.75	922.00	848.00	867.75	908.25	883.00	929.00	1041.50	1027.00	916.25	951.50	968.00	961.00	939.00	933.00	875.00	845.50	951.00	1097.25	1100.50	959.75	866.25	972.00	997.50	985.00	1057.25	991.25	915.50	1025.75	957.75	896.50	965.75	1081.00	1186.25	1099.00	1027.00	967.75	981.25	1070.00
1382.25	1348.00	1202.75	1090.00	1112.25	1068.25	977.75	952.75	941.75	909.75	912.00	960.75	1024.25	1036.75	1026.50	947.50	904.00	910.75	952.25	1029.00	1074.00	1088.25	1130.75	1185.00	1219.00	1197.50	1197.00	1295.00	1262.25	1350.25	1316.25	1340.25	1478.00	1597.00	1515.50	1502.00	1564.00	1638.25	1604.00	1479.25	1375.50	1352.50	1301.50	1280.25	1236.25	1214.00	1227.00	1190.75	1156.75	1111.75	1154.75	1151.25	1161.50	1155.50	1251.00	1357.75	1235.25	1122.00	1222.50	1305.50	1405.25	1379.25	1572.25	1474.50	1454.75	1501.00	1344.00	1242.75	1135.25	1157.25	1104.75	1106.25	1155.25	1213.00	1251.00	1275.75	1337.00	1419.50	1547.75	1436.75	1435.25	1414.50	1372.25	1470.50	1586.00	1690.50	1610.00	1515.75	1559.00	1342.00	1381.75	1414.00	1695.50	1658.00	1668.00	1701.75	1688.25	1583.75	1593.75	1545.25	1489.25	1276.25	1282.25	1469.50	1449.50	1638.00	1640.25	1584.25	1488.00	1535.75	1516.50	1310.50	1291.75	1453.25	1362.50	1472.00	1549.75	1401.00	1289.75	1214.50	1290.25	1329.50	1332.00	1357.00	1334.00	1318.25	1350.50	1270.25	1170.25	1295.00	1317.50	1357.75	1272.50	1280.75	1257.00	1167.00	1194.50	1248.25	1289.25	1192.50	1190.25	1220.50	1249.75	1265.50	1316.00	1342.50	1402.00	1312.50	1336.50	1320.25	1214.25	1180.00	1076.00	1031.75	1039.25	970.00	1012.75	1076.00	1163.50	1156.75	943.50	874.25	829.75	775.75	758.00	722.00	695.50	678.75	725.50	726.00	721.00	745.25	733.00	730.75	717.50	778.00	642.50	674.50	801.00	859.25	784.75	858.50	929.50	976.25	1059.25	1174.50	1148.50	1089.00	1098.00	1161.75	1210.50	1127.75	1123.00	966.75	876.00	837.75	771.25	839.25	978.25	943.00	903.25	989.25	1075.25	1051.00	1080.75	1069.75	1034.50	1093.25	1217.75	1124.75	988.00	914.75	976.50	1036.75	1014.25	988.75	971.75	922.75	878.75	877.50	874.50	913.75	933.00	949.00	1029.25	983.25	938.75	988.25	941.25	918.25	923.00	911.00	855.25	885.00	988.50	1143.00	1067.00	936.50	877.00	999.50	1068.75	1063.75	1064.00	961.75	961.00	1086.00	999.75	938.75	940.00	1050.25	1185.00	1106.00	1032.75	986.50	1037.00	1078.50
1288.75	1362.25	1286.25	1203.75	1155.00	1078.25	1037.25	1021.25	1008.00	934.00	901.50	904.25	926.50	942.00	931.25	905.00	898.25	919.50	965.50	1019.25	1072.00	1126.75	1122.50	1138.50	1231.00	1283.00	1285.75	1368.75	1396.50	1505.00	1458.50	1479.50	1529.75	1550.75	1453.75	1413.25	1472.75	1603.25	1608.75	1546.00	1499.00	1443.25	1357.25	1291.25	1360.00	1333.25	1353.25	1272.75	1175.00	1154.75	1265.50	1326.00	1309.00	1282.00	1338.25	1335.00	1176.50	1127.00	1252.50	1331.50	1430.75	1468.50	1561.00	1471.75	1444.00	1473.75	1337.75	1254.00	1151.75	1288.75	1191.25	1109.75	1229.75	1256.00	1297.50	1299.25	1373.75	1410.25	1452.75	1497.50	1547.50	1519.00	1495.50	1545.75	1589.25	1749.75	1647.25	1518.00	1518.75	1456.50	1580.50	1457.50	1673.00	1614.00	1695.00	1714.25	1648.00	1540.25	1528.25	1575.25	1439.25	1383.50	1268.00	1313.75	1400.50	1570.00	1677.75	1527.00	1339.00	1408.75	1365.50	1257.25	1183.50	1332.75	1211.00	1364.00	1440.00	1273.00	1340.25	1169.75	1222.25	1210.25	1271.75	1319.00	1365.25	1363.25	1328.25	1336.75	1224.50	1280.00	1344.75	1425.00	1360.00	1339.75	1273.25	1227.50	1217.00	1319.25	1419.75	1348.50	1282.75	1267.50	1318.00	1235.50	1278.25	1292.50	1289.25	1174.00	1180.25	1210.00	1168.00	1119.25	990.25	963.25	959.50	985.25	973.75	969.25	1033.75	1104.25	988.00	937.25	880.75	829.75	844.75	739.25	694.75	673.50	678.50	686.25	676.50	679.25	669.25	665.25	681.00	691.75	661.50	727.75	852.00	969.75	922.00	889.75	916.00	947.00	1008.50	1160.25	1057.50	964.50	972.50	1017.25	1049.50	977.50	1093.25	1079.75	983.25	882.75	760.25	813.00	943.25	859.25	874.75	956.75	1005.75	940.50	959.75	1036.75	1077.50	1098.00	1217.00	1145.00	1020.25	951.25	975.75	1065.75	1062.00	1000.50	968.75	935.50	930.25	967.25	912.25	925.25	962.50	990.25	1065.75	1001.50	1005.00	979.75	951.25	922.25	909.00	882.75	847.75	884.25	1002.00	1095.00	1056.00	941.00	901.75	1100.75	1086.75	1126.00	1084.50	1017.50	983.00	1143.00	1044.50	995.75	983.25	1016.25	1166.25	1124.25	1055.50	1047.50	1024.50	982.50
1156.75	1318.50	1302.25	1236.75	1172.25	1139.50	1116.75	1088.00	1058.25	961.00	918.00	891.75	881.50	890.75	885.50	889.25	894.00	925.50	991.00	1075.50	1162.00	1220.75	1185.75	1177.25	1285.75	1365.75	1402.75	1405.25	1427.25	1598.00	1567.25	1559.50	1480.50	1457.75	1393.25	1353.50	1413.00	1537.50	1553.25	1593.00	1566.75	1521.25	1410.00	1331.00	1471.00	1448.50	1382.25	1262.25	1162.00	1208.25	1349.00	1482.75	1446.25	1434.25	1450.75	1331.50	1122.25	1121.25	1279.00	1321.50	1408.25	1528.00	1534.25	1429.75	1347.00	1406.75	1336.50	1240.75	1189.75	1423.25	1310.75	1113.75	1342.50	1344.00	1374.00	1352.00	1428.25	1485.75	1425.25	1465.00	1700.25	1634.25	1614.00	1691.75	1677.75	1813.75	1707.00	1497.00	1504.25	1588.00	1750.50	1544.00	1756.25	1658.25	1707.00	1689.50	1555.00	1491.50	1362.75	1503.75	1344.25	1434.25	1253.50	1207.25	1368.25	1517.00	1661.25	1499.25	1249.50	1332.00	1189.00	1232.50	1072.50	1177.50	1140.25	1302.25	1253.50	1146.75	1316.00	1138.75	1121.00	1107.25	1162.50	1246.25	1326.75	1412.25	1357.25	1369.50	1268.50	1291.00	1339.25	1495.50	1416.00	1329.75	1263.00	1303.25	1208.25	1302.25	1445.25	1483.50	1417.50	1323.75	1307.50	1144.50	1158.25	1204.50	1195.50	1084.50	1055.75	1109.00	1110.00	1022.25	985.00	978.00	906.25	1013.25	1043.25	888.00	910.50	989.00	1001.50	1005.25	976.50	915.25	902.00	740.25	686.00	668.50	660.00	654.50	646.75	636.00	628.25	624.00	633.00	623.75	726.75	769.50	870.75	1026.50	1004.75	980.50	1013.75	1076.25	1093.75	1125.25	989.75	929.00	893.25	977.00	971.00	887.00	1018.00	1180.75	1014.75	918.75	770.25	858.00	904.50	851.25	856.25	996.00	975.00	855.25	873.75	1008.25	1043.25	1028.00	1203.75	1182.50	1077.25	1009.25	971.25	1062.00	1078.75	1046.00	1035.75	970.50	1019.00	1021.75	947.00	956.25	978.00	1048.50	1140.50	1081.75	1021.25	987.75	999.75	962.25	939.75	905.00	855.75	851.25	982.75	1045.75	1003.00	951.00	918.50	1112.50	1074.00	1159.25	1189.25	1094.00	984.75	1144.00	1093.75	1117.75	1077.00	1027.50	1163.50	1116.25	1098.50	1067.75	977.25	964.50
1123.00	1317.75	1261.50	1104.75	1089.75	1167.75	1132.75	1025.25	1025.50	1022.00	985.50	936.00	882.50	874.75	881.50	960.75	927.00	923.50	934.75	996.25	1107.00	1123.75	1127.75	1191.50	1343.25	1418.25	1314.75	1269.25	1263.75	1462.25	1431.00	1358.25	1404.00	1323.00	1397.75	1328.50	1305.75	1376.50	1472.00	1545.75	1562.50	1493.50	1366.25	1352.50	1299.00	1280.25	1255.75	1182.25	1219.00	1268.75	1443.25	1525.50	1439.75	1374.00	1300.50	1191.75	1146.00	1175.25	1175.00	1276.50	1386.00	1386.25	1487.75	1496.25	1434.00	1336.00	1240.50	1246.00	1318.00	1447.25	1328.50	1124.25	1307.75	1375.25	1471.25	1464.75	1427.00	1511.25	1659.75	1556.25	1490.00	1549.25	1503.25	1625.00	1559.75	1689.75	1722.25	1714.50	1759.25	1706.75	1907.50	1696.75	1875.50	1789.00	1526.25	1510.00	1475.00	1362.50	1237.50	1269.75	1294.25	1268.00	1281.00	1131.25	1270.75	1434.50	1390.00	1281.00	1170.50	1141.25	1088.75	1212.75	1095.75	1023.50	1154.75	1196.50	1094.50	1061.00	1260.75	1209.75	1035.25	1015.00	1150.25	1303.75	1405.25	1422.25	1437.50	1464.25	1395.50	1458.75	1513.00	1562.50	1480.25	1407.00	1336.25	1428.25	1205.75	1178.25	1293.75	1208.25	1300.00	1364.25	1300.25	1081.25	1047.75	1085.50	1153.50	1046.25	1059.50	1160.25	1218.75	1145.50	1103.00	1093.75	938.75	889.00	916.50	985.50	902.75	829.25	859.75	863.00	822.00	746.00	711.00	701.75	710.50	727.00	741.75	742.75	720.25	755.00	764.50	740.25	646.00	606.25	687.25	797.75	928.50	963.50	881.25	930.75	1161.75	1000.00	1023.75	945.75	1055.75	1092.25	947.75	879.75	887.25	827.00	834.75	1007.25	982.50	917.00	756.25	761.00	783.50	795.75	842.00	958.00	999.50	836.50	930.75	967.75	872.75	1022.75	1112.75	1189.50	1155.25	1088.25	1024.50	996.25	1045.50	1123.50	1129.50	1046.25	1102.00	1042.75	1030.75	1011.75	1094.50	1179.00	1179.25	1099.75	1105.25	1140.75	1046.00	982.75	913.25	893.25	861.00	845.75	956.00	1051.25	1065.50	1067.50	960.00	966.75	1016.25	1153.75	1189.25	1153.25	1023.75	1007.75	1124.50	1242.75	1140.25	1106.75	1152.25	1120.50	1077.25	1058.00	1039.50	1116.75
1149.75	1288.50	1223.25	1092.75	1019.00	1126.50	1160.75	1015.50	963.00	970.75	946.00	912.50	875.25	872.75	887.50	978.25	953.25	965.00	960.25	967.25	1009.50	1038.00	1069.00	1137.25	1323.00	1398.75	1312.25	1228.25	1224.25	1366.50	1364.25	1297.75	1382.75	1291.00	1368.75	1344.75	1246.75	1337.25	1461.00	1502.00	1587.50	1552.00	1385.25	1353.50	1251.75	1231.50	1210.25	1210.25	1294.75	1319.50	1459.75	1473.50	1358.75	1335.50	1278.75	1161.25	1233.50	1274.75	1145.50	1318.75	1368.00	1380.75	1546.75	1456.75	1434.50	1391.75	1233.50	1335.50	1408.00	1395.50	1307.50	1114.25	1164.75	1234.50	1392.50	1373.00	1401.25	1478.50	1549.00	1601.25	1409.50	1446.25	1442.25	1513.00	1554.75	1692.50	1668.50	1837.50	1840.25	1821.00	1890.75	1823.25	1869.50	1849.25	1623.50	1448.75	1390.25	1304.25	1208.75	1167.00	1195.25	1193.75	1286.00	1132.25	1221.00	1420.75	1269.00	1219.50	1209.75	1068.00	1051.25	1066.25	1036.25	987.50	1072.00	1110.50	1055.00	1061.50	1307.75	1263.25	1038.75	1043.50	1216.75	1402.50	1385.75	1288.75	1355.00	1396.50	1397.50	1476.00	1571.25	1556.25	1462.25	1378.25	1309.00	1347.25	1211.25	1068.25	1180.50	1101.50	1218.25	1398.00	1378.75	1124.00	1013.00	1048.00	1097.00	998.75	1109.75	1263.50	1318.75	1159.75	1012.75	1001.75	934.50	919.75	870.25	867.75	878.00	806.25	791.75	780.25	742.50	729.50	730.00	749.75	763.00	828.25	847.25	813.25	818.75	890.00	842.50	811.00	670.25	609.00	647.75	770.50	937.50	968.50	864.75	985.50	1165.50	904.00	895.25	886.50	1019.50	1129.25	1018.00	891.25	822.50	805.75	779.25	838.50	888.50	958.75	767.00	805.00	893.25	864.00	970.00	965.25	1000.25	838.25	922.75	921.50	830.50	1016.75	1044.00	1109.75	1072.50	1089.00	1074.75	1042.25	1066.75	1160.25	1168.25	1132.00	1117.50	1114.50	1080.25	1047.75	1162.00	1188.75	1155.25	1154.25	1149.00	1098.25	1063.75	995.00	905.00	879.75	859.25	850.00	930.50	1067.50	1130.25	1023.00	1007.50	1005.00	1002.25	1087.25	1141.25	1194.75	1074.75	1062.25	1081.50	1114.50	1156.00	1068.50	1053.75	1063.00	1107.25	1052.75	1039.00	1053.50
1142.50	1169.75	1085.00	991.25	943.50	1013.75	1142.00	1088.50	938.00	876.00	868.00	862.75	867.00	885.25	923.75	1042.00	1049.25	1060.25	1085.75	1081.00	1087.50	1105.00	1166.75	1237.75	1248.75	1237.25	1267.75	1200.25	1151.50	1185.75	1188.00	1247.25	1340.50	1273.75	1223.50	1237.50	1197.50	1321.50	1382.50	1426.25	1557.75	1501.75	1467.75	1385.25	1409.50	1354.50	1268.75	1257.00	1372.50	1486.75	1503.25	1477.25	1318.25	1194.50	1160.75	1241.50	1383.75	1399.25	1213.00	1195.75	1365.50	1558.75	1684.50	1559.00	1511.25	1412.50	1286.75	1370.50	1426.25	1472.25	1374.25	1225.25	1180.00	1160.00	1153.00	1207.00	1321.00	1295.25	1315.25	1316.00	1319.50	1452.00	1525.50	1697.75	1713.00	1511.75	1510.00	1723.50	1688.00	1791.50	1643.75	1746.75	1734.25	1712.50	1627.25	1713.75	1614.25	1465.75	1442.50	1296.75	1165.00	1124.75	1084.00	1106.50	1086.25	1227.00	1145.75	1194.25	1267.25	1148.50	956.00	917.00	874.25	859.50	869.25	941.75	952.25	1075.75	1311.50	1256.50	1018.00	1001.00	1198.75	1374.00	1275.50	1165.75	1225.25	1151.75	1171.00	1323.00	1332.00	1275.50	1363.25	1297.00	1179.00	1118.25	1097.50	1065.50	1045.50	1025.75	1244.75	1246.75	1241.75	1151.75	1066.25	909.75	927.00	1013.75	1121.00	1245.50	1361.75	1190.25	1181.50	1110.25	1098.25	1073.50	977.00	851.75	810.50	788.75	814.25	825.50	845.00	875.25	869.50	847.00	862.75	964.00	960.25	882.25	1030.25	955.00	778.00	795.25	723.50	629.50	638.75	811.75	974.50	970.50	873.50	956.00	955.75	795.00	831.00	909.75	1006.50	1133.75	1032.50	1090.25	1074.50	925.75	999.00	836.50	785.50	727.00	680.00	784.75	973.25	1083.75	1010.50	1032.00	907.25	820.25	822.75	819.50	833.00	990.50	879.75	972.25	913.00	1079.75	1197.00	1258.25	1198.00	1143.25	1181.25	1292.75	1389.75	1259.00	1152.00	1192.50	1287.50	1152.25	1018.25	1024.75	1064.25	1062.50	930.00	906.75	875.50	868.00	859.00	861.75	918.75	983.00	1022.50	1091.50	1075.50	1152.00	1113.25	1038.00	1080.75	1193.25	1194.50	1176.50	984.50	903.25	1113.75	964.75	884.00	844.25	933.00	895.25	904.00	1000.25
1152.75	1119.25	1037.25	971.00	922.75	972.00	1064.00	1039.25	931.75	865.50	860.00	860.25	874.25	912.25	928.00	1046.00	1091.25	1112.25	1163.00	1176.25	1191.25	1144.25	1171.75	1254.00	1233.25	1177.50	1235.00	1160.00	1108.00	1131.00	1190.75	1285.00	1314.00	1288.75	1202.50	1169.50	1200.75	1353.75	1354.75	1378.75	1479.25	1403.00	1514.00	1524.25	1426.00	1362.00	1270.75	1317.00	1422.75	1513.25	1439.75	1413.75	1252.00	1189.50	1203.50	1310.25	1452.50	1390.00	1224.75	1262.25	1340.50	1540.00	1714.00	1671.75	1590.25	1464.25	1315.50	1457.50	1549.75	1409.75	1326.75	1223.25	1263.00	1223.25	1171.50	1176.00	1207.00	1245.25	1284.25	1339.50	1411.00	1494.75	1583.00	1624.75	1702.25	1460.75	1421.00	1593.50	1562.75	1707.75	1596.25	1679.75	1609.00	1601.75	1542.25	1692.75	1719.25	1610.00	1459.50	1307.75	1316.00	1233.25	1087.50	1036.50	1027.50	1089.25	1074.00	1169.50	1137.00	1080.50	911.25	915.50	944.25	904.50	845.50	844.00	931.75	1053.75	1279.25	1248.00	1005.25	1008.50	1209.75	1298.75	1203.75	1105.75	1130.25	1097.25	1195.75	1282.75	1178.50	1218.75	1366.50	1328.50	1201.50	1113.25	1022.00	1027.00	988.00	995.00	1188.75	1126.75	1097.00	1093.25	1069.00	876.50	914.25	1028.25	1061.75	1175.25	1405.75	1296.50	1251.75	1182.00	1136.75	1072.50	938.50	921.50	889.25	846.00	904.50	912.00	916.50	927.00	955.00	900.50	966.75	1071.00	971.00	1000.75	1065.00	920.25	736.25	722.00	685.25	626.50	627.00	767.00	959.50	1045.25	943.50	830.50	803.00	760.25	895.00	965.00	1083.25	1101.75	1147.25	1148.50	1141.25	1017.50	1065.25	963.75	890.75	783.00	701.50	716.50	936.25	1051.75	894.75	980.75	840.50	838.50	743.00	763.50	883.50	1007.75	829.75	856.25	923.75	1100.00	1183.00	1247.50	1280.75	1259.50	1231.25	1285.25	1387.50	1276.75	1132.00	1194.00	1187.75	1154.50	1033.00	1007.75	991.25	1027.50	901.25	888.75	877.50	869.50	862.25	865.75	902.25	935.00	983.25	1087.00	1069.25	1195.75	1108.25	1113.00	1091.25	1204.25	1120.50	1074.00	987.50	878.75	1103.00	1027.00	918.75	799.50	900.00	850.75	850.75	949.50
1056.00	1048.25	956.75	944.25	900.75	903.75	935.25	925.75	880.25	853.25	854.00	863.25	898.50	970.75	990.25	1031.75	1107.50	1186.25	1175.00	1151.00	1116.50	1068.25	1138.25	1267.50	1180.50	1087.00	1129.00	1078.00	1076.00	1225.75	1314.25	1331.25	1256.25	1164.50	1122.00	1182.25	1271.25	1310.25	1314.75	1282.75	1326.00	1329.25	1458.00	1613.00	1416.25	1339.50	1324.00	1348.75	1425.25	1349.75	1292.25	1236.50	1235.25	1334.50	1336.25	1411.25	1471.00	1318.25	1331.25	1509.75	1359.00	1377.75	1591.00	1571.00	1440.75	1369.75	1412.75	1477.75	1599.00	1399.00	1449.50	1275.25	1400.75	1324.50	1333.50	1298.25	1224.00	1271.50	1485.00	1467.25	1612.00	1631.75	1713.75	1728.50	1696.25	1535.75	1385.25	1376.25	1388.50	1444.50	1461.75	1626.75	1422.50	1469.50	1426.75	1470.75	1647.00	1701.75	1516.50	1518.00	1355.00	1300.75	1303.75	1161.25	1115.75	1063.25	995.00	956.25	943.00	951.25	1018.50	1175.25	1270.00	1158.00	1003.25	866.75	825.25	1003.50	1295.75	1164.50	963.00	916.25	1116.50	1103.00	1007.00	976.75	1038.50	1171.50	1226.00	1105.25	1062.50	1186.00	1338.00	1241.75	1323.25	1182.50	1039.25	932.25	886.50	1035.50	1204.75	1166.25	991.50	1015.25	919.75	1011.25	1098.25	1082.75	986.75	1052.25	1153.50	1117.00	1102.50	1205.25	1043.50	959.25	1035.75	1124.50	951.50	997.50	997.75	903.00	864.00	868.50	894.25	1010.00	998.00	1039.25	1177.75	1135.75	1006.50	844.00	747.75	777.25	724.75	686.00	588.25	719.00	876.75	819.50	780.25	768.50	849.00	878.50	821.25	845.50	909.75	1059.75	1157.25	1053.00	920.25	955.00	859.25	848.00	918.00	837.50	707.50	644.25	807.50	813.25	823.25	990.00	859.50	780.75	692.50	776.00	812.00	864.50	762.25	849.00	1035.25	1102.00	976.00	952.00	1029.00	1018.50	1000.25	1044.75	1178.50	1151.25	1079.50	1057.75	1130.75	1138.00	1009.25	985.00	933.25	952.75	936.00	925.50	881.00	883.75	912.75	895.50	886.00	896.50	926.25	955.75	984.25	1110.25	1131.75	1181.00	1168.25	1143.50	1051.75	1049.25	942.50	878.25	860.00	925.00	863.50	783.50	901.25	795.75	845.25	927.00
1040.75	1039.50	949.00	929.25	915.00	895.25	895.75	897.75	869.50	850.25	857.00	889.25	939.50	1009.50	1052.75	1074.00	1129.00	1139.75	1112.25	1090.50	1049.75	1041.50	1131.75	1242.00	1166.00	1084.50	1051.25	1038.75	1096.25	1253.25	1287.50	1293.25	1264.50	1117.25	1091.00	1158.75	1197.00	1214.25	1228.50	1299.50	1345.50	1390.75	1520.25	1614.00	1421.00	1392.75	1400.25	1406.75	1371.75	1296.25	1307.50	1299.00	1297.00	1410.25	1471.75	1447.25	1412.50	1326.50	1394.00	1583.75	1468.00	1396.00	1610.75	1570.50	1491.75	1430.50	1468.50	1451.50	1598.50	1492.50	1480.00	1319.25	1483.25	1338.50	1399.00	1380.50	1325.25	1249.00	1533.75	1549.00	1632.75	1739.25	1754.50	1738.00	1586.50	1568.75	1391.00	1292.50	1317.50	1321.25	1370.25	1595.25	1401.25	1438.00	1394.50	1405.00	1629.50	1565.50	1600.25	1616.75	1463.75	1411.25	1340.00	1287.50	1269.25	1226.25	1101.25	1047.75	1041.25	1070.75	1193.25	1240.00	1196.00	1105.00	1023.25	941.00	796.75	906.00	1260.75	1138.00	956.75	882.00	1063.75	990.25	936.75	1064.50	1206.25	1193.50	1138.25	1035.25	1122.50	1263.50	1347.25	1176.75	1331.25	1237.25	1108.75	1015.00	922.00	948.25	1098.50	1161.00	997.75	1044.50	913.00	1037.75	1150.50	1090.75	1054.25	982.75	1057.50	1031.00	1065.75	1159.75	1063.50	1014.75	1119.75	1101.00	941.50	1000.00	966.00	865.00	818.75	817.75	828.25	891.75	869.75	941.75	1107.75	995.75	1019.50	975.25	792.50	854.25	800.25	744.00	581.50	662.75	857.00	767.50	679.25	813.25	915.50	1008.75	939.25	887.00	919.00	1129.25	1143.25	1114.00	952.75	854.50	789.00	769.50	791.50	771.50	684.00	623.75	775.00	760.50	859.50	964.75	834.25	752.25	667.75	720.75	719.50	732.25	724.25	820.00	912.75	903.00	858.50	864.75	913.00	958.00	1017.50	1054.75	1183.75	1191.00	1103.75	1032.00	1050.00	1025.50	970.75	993.00	963.00	1037.00	975.75	920.25	892.50	914.25	978.50	924.50	904.50	897.00	909.25	950.00	976.25	1037.25	1103.50	1138.75	1157.25	1165.25	1147.00	1108.25	1009.00	911.50	812.50	838.25	799.00	745.25	781.75	800.75	834.25	905.00
1054.75	1053.50	1004.75	911.50	956.50	976.00	917.00	877.75	861.75	857.75	913.00	960.00	1012.75	1110.75	1145.50	1172.75	1158.00	1083.50	1012.00	986.00	976.50	1055.00	1142.25	1159.50	1099.25	1067.75	1009.00	1075.50	1163.50	1219.00	1186.25	1153.25	1190.75	1077.75	1149.00	1252.50	1237.00	1301.50	1347.75	1376.75	1570.75	1544.00	1616.50	1566.25	1565.50	1519.00	1521.00	1431.00	1342.25	1432.75	1504.50	1507.00	1377.50	1374.00	1532.75	1524.25	1449.75	1475.75	1420.25	1546.75	1599.75	1529.75	1601.75	1706.25	1641.00	1584.75	1586.25	1481.00	1589.50	1649.75	1488.75	1468.75	1499.50	1345.00	1483.50	1584.25	1395.25	1362.50	1330.75	1422.00	1531.25	1679.75	1598.75	1557.00	1378.00	1326.75	1362.25	1182.75	1238.75	1323.50	1426.75	1424.75	1384.00	1276.00	1288.75	1405.00	1469.50	1348.00	1421.25	1482.00	1286.50	1298.50	1234.25	1313.50	1242.75	1185.25	1111.50	1109.25	1233.00	1092.50	1159.00	1232.50	1077.50	1089.50	1189.50	1082.75	852.50	780.75	992.50	1082.00	971.75	846.25	955.50	881.00	963.00	1036.25	1110.00	1093.50	963.75	1158.75	1263.00	1215.00	1166.00	1091.75	1256.75	1148.75	1024.50	964.00	1013.00	830.50	913.75	1030.25	1007.50	898.25	846.75	1041.50	1017.00	967.00	971.25	921.50	967.25	951.25	1040.25	1169.50	1124.50	1139.50	1129.50	1017.25	1035.25	977.50	883.25	814.00	800.50	815.75	828.50	777.00	762.50	886.25	937.75	840.75	1049.75	1058.00	971.50	996.75	1012.00	844.50	609.75	592.50	702.50	637.00	625.00	824.00	891.25	870.00	846.00	906.75	982.75	1028.00	979.75	922.00	990.50	941.25	906.25	998.00	924.50	828.00	746.50	628.00	612.50	728.75	857.50	914.50	710.25	640.25	662.00	718.50	736.75	777.00	895.00	936.50	858.50	883.25	936.00	962.75	966.50	1046.50	1098.00	1187.50	1273.50	1234.50	1141.00	1134.25	1051.75	1039.25	1087.75	1127.25	1005.50	1102.50	977.75	898.25	966.00	1025.50	1060.50	943.00	937.25	949.50	928.00	925.50	939.75	995.25	1009.00	1039.50	1125.50	1252.75	1187.00	1050.75	975.50	969.50	1077.50	895.00	801.25	781.50	734.25	699.00	764.25	865.50
992.25	1028.25	1036.75	925.50	916.75	950.50	941.50	898.25	856.25	877.00	972.50	1012.75	1048.75	1108.25	1128.00	1158.75	1155.00	1100.75	1018.25	962.25	972.25	1055.00	1103.00	1110.75	1055.00	1027.00	1024.00	1118.75	1166.25	1157.50	1138.75	1094.00	1105.25	1081.25	1199.50	1354.50	1319.25	1353.75	1416.50	1430.75	1533.75	1437.25	1570.50	1617.75	1602.75	1538.00	1471.00	1383.50	1388.75	1498.00	1618.25	1532.25	1409.75	1392.00	1550.75	1558.00	1550.25	1559.50	1476.00	1618.50	1570.75	1507.00	1585.75	1696.75	1665.25	1684.00	1645.75	1537.25	1573.25	1681.50	1573.50	1503.50	1429.25	1385.00	1514.00	1615.00	1382.00	1524.50	1356.75	1353.00	1468.50	1570.25	1549.50	1480.50	1335.50	1216.25	1253.00	1138.25	1156.50	1324.75	1347.75	1347.50	1284.75	1199.75	1259.25	1452.75	1377.25	1264.50	1457.00	1464.00	1319.25	1243.50	1186.75	1287.00	1252.50	1182.00	1134.50	1033.50	1161.00	1008.00	1136.00	1200.75	1154.00	973.75	1121.00	1125.25	924.00	766.75	982.00	1107.00	994.25	807.50	850.00	831.25	851.50	890.50	945.25	948.25	919.50	1035.75	1089.25	1081.75	1063.25	1076.00	1208.75	1125.00	1017.75	912.75	954.50	832.25	875.00	1006.00	1025.25	917.00	829.50	1001.25	1002.25	918.50	884.75	936.50	1057.00	1052.75	1094.00	1176.50	1048.75	1060.75	1109.75	1093.00	1110.25	988.75	868.50	819.00	833.25	918.75	908.00	839.50	798.00	781.50	822.75	827.75	1033.50	976.25	1042.00	1043.00	972.00	832.75	654.50	572.50	610.25	599.25	656.00	809.75	857.75	777.00	736.00	822.75	953.00	996.50	1061.00	907.75	937.25	1034.75	968.25	1070.00	984.25	857.25	746.75	652.50	598.25	683.00	753.75	835.50	634.25	663.50	732.25	798.25	785.75	811.00	966.00	1062.75	919.25	969.00	1043.25	1087.50	1106.00	1145.25	1209.75	1136.25	1214.50	1206.50	1202.00	1158.50	1035.25	1058.50	1170.50	1123.50	1041.00	1108.25	954.50	906.75	987.25	1032.00	1070.25	923.50	921.75	961.75	942.00	935.50	941.25	974.50	996.50	1049.50	1122.25	1228.75	1254.25	1082.00	1072.00	1140.00	1133.75	908.50	870.75	824.00	769.50	721.25	718.50	821.75
875.50	924.75	978.25	996.75	894.50	854.00	863.50	859.75	848.50	866.00	939.75	999.75	1043.25	1070.50	1078.75	1064.25	1068.00	1069.00	1019.75	951.50	973.00	1008.75	1007.25	1017.75	1006.00	970.50	1052.50	1069.25	1039.25	1016.50	1033.75	1067.50	1085.25	1124.75	1279.00	1396.75	1374.50	1327.25	1409.00	1345.00	1328.75	1401.50	1504.75	1503.00	1714.50	1672.25	1524.00	1484.50	1510.25	1579.75	1816.50	1624.25	1502.00	1404.00	1493.75	1610.75	1689.00	1657.25	1625.25	1615.25	1518.25	1478.25	1585.25	1593.75	1561.25	1641.75	1581.00	1700.25	1755.25	1767.25	1755.25	1499.50	1511.25	1507.75	1528.25	1605.50	1566.75	1626.50	1562.75	1516.75	1513.50	1543.50	1566.75	1484.50	1410.50	1291.50	1137.75	1063.25	1058.75	1152.50	1286.75	1336.50	1091.50	1208.75	1429.50	1544.50	1334.75	1212.25	1475.50	1570.50	1344.75	1275.25	1130.25	1068.50	1057.00	1036.75	1020.25	976.50	934.00	907.50	892.50	894.50	922.00	857.50	874.75	946.50	986.50	798.50	829.50	852.50	775.00	824.75	865.00	964.25	988.00	904.50	1110.25	1193.50	1143.00	1028.25	1083.00	1062.25	1036.50	1110.25	1169.75	1058.50	945.75	909.75	862.75	844.75	817.25	954.75	994.50	867.50	810.00	944.50	895.50	836.25	912.75	1015.75	1030.00	993.00	972.50	984.25	1027.50	1150.75	1110.00	1049.00	1038.25	999.25	960.75	952.50	932.25	990.75	1002.00	1010.50	1010.50	806.25	714.50	751.75	860.25	797.75	1091.00	1040.50	985.75	876.25	792.25	642.50	565.25	640.00	744.00	801.50	752.50	725.25	699.25	791.75	898.50	908.00	1061.75	962.75	782.50	897.75	1139.25	1029.00	897.75	863.25	829.50	719.00	615.00	599.75	658.25	599.75	676.25	730.75	763.75	907.75	914.75	886.50	982.50	1105.00	1024.50	1063.25	1149.50	1231.75	1179.50	1088.25	1146.25	1025.00	1209.75	1210.50	1138.75	1117.25	1090.00	1145.50	1165.25	1128.75	1046.00	1011.00	914.00	933.50	1032.75	1127.75	1071.25	872.25	818.75	843.00	882.00	949.00	1015.25	1020.75	1023.25	1112.75	1260.50	1324.25	1358.25	1188.50	1242.25	1145.00	965.00	987.50	964.50	816.75	923.25	874.00	740.00	661.50
839.00	852.50	901.50	943.50	894.50	843.50	838.00	843.00	863.50	855.00	862.00	882.00	915.00	973.00	1013.00	991.50	964.50	956.50	933.50	920.00	925.00	932.50	937.50	940.50	954.00	961.50	972.50	980.00	1007.00	1077.00	1108.50	1146.50	1213.50	1106.00	1123.50	1255.50	1222.50	1177.00	1194.50	1250.50	1285.00	1352.50	1418.50	1553.00	1700.50	1669.00	1705.00	1635.50	1650.50	1630.00	1769.00	1690.00	1527.00	1582.00	1579.00	1696.00	1579.00	1560.50	1631.50	1503.50	1410.00	1473.00	1577.00	1560.00	1497.00	1491.00	1543.00	1653.00	1708.50	1685.00	1727.00	1628.50	1634.50	1644.50	1671.00	1593.00	1607.00	1640.00	1669.50	1589.00	1594.00	1431.50	1363.50	1357.50	1379.00	1330.50	1290.00	1136.00	991.00	1160.00	1349.00	1197.00	1066.50	1217.50	1486.50	1472.00	1232.50	1202.00	1361.50	1409.00	1370.50	1267.50	1173.00	1246.00	1166.00	1154.00	1144.50	1199.50	1092.50	989.50	879.50	892.00	843.50	817.00	782.00	770.00	811.00	866.00	732.00	746.50	803.00	936.00	994.50	976.00	1165.00	953.50	1054.00	1230.00	1291.50	1119.50	1186.00	1263.00	1104.00	1101.00	1151.00	1072.50	979.50	936.50	887.50	823.50	785.00	891.50	990.50	836.50	776.00	788.00	805.00	828.00	887.00	951.50	881.50	996.50	1104.50	1103.00	1121.50	1156.00	1058.50	1022.50	951.50	901.50	990.00	1081.50	1012.50	1097.50	1210.50	905.50	855.00	790.00	843.00	769.00	686.00	840.50	971.00	824.00	1005.50	921.00	776.50	770.00	609.00	548.00	577.50	664.50	729.00	659.00	701.00	799.00	822.50	888.50	838.00	917.50	759.50	822.00	1033.00	940.00	901.00	1030.50	946.50	858.00	686.50	568.50	569.50	611.00	681.50	813.00	811.00	879.50	874.00	866.00	902.50	869.00	986.50	918.50	1007.00	1046.00	980.00	912.50	924.50	977.00	1079.00	1286.00	1285.50	1180.00	1111.00	1155.00	1127.50	1031.00	982.50	958.50	918.00	966.50	1061.00	1029.50	1034.00	917.50	780.00	769.00	847.00	856.00	980.50	957.00	944.50	1096.00	1245.50	1221.50	1271.50	1120.00	1022.50	968.50	1149.00	1182.50	987.50	876.00	1011.50	930.50	767.50	719.00
823.25	824.75	837.25	841.50	836.00	833.50	930.75	939.50	963.50	1004.25	907.50	912.25	896.25	900.00	927.00	915.25	908.25	918.50	931.00	935.00	936.25	943.50	954.50	964.25	988.25	995.50	1040.75	1084.50	1116.75	1204.50	1229.00	1279.25	1298.75	1250.00	1184.50	1204.25	1218.75	1264.25	1389.50	1406.50	1438.75	1481.75	1598.00	1615.00	1595.00	1613.25	1649.00	1707.50	1671.25	1691.25	1620.50	1637.75	1658.00	1685.50	1734.50	1692.75	1535.25	1484.50	1597.75	1524.25	1395.00	1509.50	1512.50	1517.00	1456.00	1464.00	1646.25	1706.00	1688.75	1613.25	1596.75	1523.25	1560.50	1664.00	1738.00	1710.25	1671.00	1598.75	1733.75	1635.00	1542.50	1366.00	1260.00	1213.25	1264.50	1204.00	1384.25	1287.00	1129.75	981.50	1114.00	1055.50	1180.50	1386.50	1559.50	1436.00	1215.50	1149.50	1229.50	1353.50	1471.00	1367.50	1408.50	1351.00	1232.75	1361.00	1354.50	1310.50	1123.75	939.75	1037.75	953.75	995.50	938.25	895.00	827.00	784.75	775.00	725.50	813.75	922.50	874.50	986.75	964.25	1020.75	1030.25	941.75	1053.50	1144.00	1223.25	1222.75	1294.00	1222.75	1207.00	999.75	974.75	899.50	938.25	1014.75	967.00	834.00	783.25	831.25	757.25	758.50	821.75	840.75	825.75	830.25	849.25	920.50	1024.50	982.50	957.50	1081.50	1144.25	1153.50	1068.50	982.25	915.50	893.75	904.50	973.50	1151.50	1071.75	882.75	857.25	914.25	902.75	854.50	761.75	691.50	738.25	763.25	894.50	861.25	744.25	696.00	626.25	552.25	541.50	643.25	758.00	617.50	680.00	742.75	877.00	983.00	815.25	802.25	737.50	729.50	896.25	791.25	844.50	908.50	854.00	804.00	702.75	565.75	567.75	768.75	757.25	852.00	896.75	837.00	752.00	806.50	762.50	845.75	867.75	937.50	958.25	857.75	868.75	969.75	1012.25	1180.00	1147.50	1080.50	1208.50	1166.50	1222.75	1120.25	1057.25	1004.75	987.00	986.00	965.25	948.00	1079.25	1111.50	1061.25	902.75	786.50	763.50	826.75	807.50	843.75	874.00	845.50	1008.50	1157.25	1095.75	1163.00	1173.75	1169.50	1171.75	1227.50	1104.50	952.50	929.75	936.75	809.75	878.25	910.00
820.50	821.75	823.75	830.75	831.25	839.75	987.00	1022.50	1015.75	1084.50	976.25	1004.50	989.50	928.75	892.50	927.50	973.50	978.75	992.75	983.50	985.75	986.25	1003.50	1014.50	1055.75	1059.75	1112.25	1170.75	1191.25	1243.50	1277.00	1309.75	1297.25	1280.75	1273.75	1285.75	1284.25	1304.75	1433.00	1457.50	1514.00	1534.75	1546.00	1495.00	1603.50	1592.75	1595.25	1670.00	1626.00	1658.50	1547.25	1611.25	1626.25	1639.00	1811.50	1664.25	1527.75	1454.75	1571.00	1541.75	1390.50	1457.25	1466.75	1436.25	1422.75	1481.75	1670.75	1687.25	1637.50	1558.75	1512.75	1528.75	1570.25	1643.75	1705.75	1757.00	1717.50	1694.00	1677.00	1573.00	1600.50	1363.50	1290.50	1185.50	1157.75	1195.25	1373.75	1309.75	1209.75	1005.00	983.50	983.75	1201.50	1382.25	1495.75	1356.00	1142.25	1108.50	1183.50	1354.75	1479.25	1388.50	1471.25	1356.00	1356.75	1427.50	1366.00	1183.25	1011.50	994.75	1072.25	953.50	1058.75	967.50	1003.00	868.75	872.25	866.75	719.00	850.00	1014.25	951.75	1007.75	1031.50	995.00	1027.00	958.75	1000.75	1081.25	1207.25	1223.50	1229.25	1250.25	1102.00	1009.00	925.25	842.75	886.00	981.00	1004.50	863.75	742.25	742.25	766.50	783.50	788.75	809.25	830.00	846.75	856.00	887.25	917.25	907.50	913.50	1099.00	1077.75	1160.75	1045.75	968.75	961.75	946.75	843.25	876.75	1082.00	1033.50	869.00	979.50	981.00	917.75	940.75	897.00	752.75	648.75	706.25	767.50	803.00	798.75	691.50	650.50	587.50	543.50	610.25	717.25	614.25	695.00	772.50	924.25	993.25	896.50	891.00	802.75	702.25	799.00	749.75	796.25	855.00	764.00	792.00	740.25	561.50	565.25	848.00	729.00	796.00	831.25	732.75	720.00	826.75	730.50	808.75	878.00	994.00	890.50	850.25	940.00	1053.00	1153.25	1189.50	1182.00	1038.50	1079.50	1138.00	1236.50	1133.25	1093.00	1018.00	1053.25	1049.75	1002.50	948.50	1052.75	1064.00	1019.25	888.00	794.75	746.25	783.00	792.75	791.00	857.75	830.50	956.00	1091.50	1075.00	1077.50	1108.50	1186.50	1199.00	1100.00	1079.00	945.75	898.75	874.25	865.75	966.00	978.50
818.75	823.25	836.50	856.00	838.25	851.75	1004.00	1079.25	1086.00	1142.00	1032.75	1106.00	1133.00	995.25	922.50	1005.25	1065.25	1048.75	1076.00	1048.75	1062.50	1044.75	1067.50	1079.75	1134.75	1146.25	1171.00	1209.75	1217.50	1236.75	1271.50	1264.50	1252.00	1268.00	1271.50	1249.25	1253.75	1337.25	1461.75	1499.00	1499.50	1470.75	1421.75	1463.00	1649.50	1612.75	1547.00	1625.50	1596.25	1660.00	1537.00	1576.25	1592.25	1604.50	1778.75	1603.75	1524.00	1423.50	1562.75	1631.75	1398.50	1400.75	1451.25	1379.50	1421.00	1500.25	1679.75	1675.50	1650.25	1544.25	1476.00	1564.25	1628.75	1667.00	1686.75	1802.25	1796.75	1793.00	1602.50	1471.25	1596.50	1447.00	1335.25	1196.50	1099.50	1172.75	1333.75	1223.50	1268.50	1093.00	942.25	984.25	1260.75	1309.00	1336.50	1345.50	1077.50	1053.25	1186.75	1378.75	1375.25	1306.00	1448.25	1465.50	1390.00	1323.25	1258.00	1067.75	1032.75	1104.50	1026.00	967.25	1095.00	1060.75	1052.00	882.50	932.75	939.75	728.50	900.00	1104.25	1075.25	1032.75	1083.00	1047.75	1049.25	1052.50	1036.00	1086.75	1137.75	1095.50	1110.00	1245.75	1073.50	1050.00	994.50	871.75	836.75	915.50	959.00	828.50	727.75	743.50	823.50	829.25	813.75	851.00	876.50	890.50	903.50	894.75	892.75	950.25	942.25	1023.00	1083.50	1168.50	1100.00	1060.00	1076.00	992.00	849.75	824.25	950.25	1024.25	967.75	1071.75	991.00	937.25	1016.00	918.25	806.00	655.75	638.50	668.50	723.00	802.75	719.50	676.50	612.50	554.75	553.75	666.50	638.00	744.75	846.75	952.00	949.50	987.50	942.25	863.50	733.75	711.00	690.25	764.25	835.25	712.00	757.50	719.25	552.75	553.50	820.25	672.25	786.25	781.00	677.75	760.25	856.00	710.75	821.75	945.00	912.25	830.25	947.25	1067.25	1166.00	1256.50	1098.50	1164.25	986.75	1017.00	1091.50	1255.75	1170.25	1087.25	1043.50	1139.25	1115.75	1014.75	955.00	1025.75	1082.25	1022.25	921.00	837.50	743.25	735.00	779.75	741.25	827.00	831.25	947.00	1013.00	1037.25	1070.25	1017.00	1046.00	1058.50	962.00	993.75	997.50	963.25	923.75	966.25	917.75	886.75
818.50	835.50	895.00	975.50	894.75	956.00	1011.75	1155.75	1189.50	1182.50	1148.50	1217.00	1279.75	1081.75	1071.00	1192.00	1123.00	1110.50	1213.00	1198.75	1183.00	1149.00	1156.00	1168.00	1180.25	1183.25	1198.00	1158.50	1111.75	1189.75	1200.00	1137.25	1143.50	1162.00	1155.25	1242.25	1312.25	1409.50	1562.00	1474.25	1370.75	1349.50	1427.50	1496.75	1639.00	1599.00	1497.75	1528.50	1511.75	1550.50	1536.00	1385.75	1444.50	1456.25	1578.00	1511.50	1463.00	1403.50	1616.25	1605.00	1389.25	1331.25	1367.75	1380.50	1541.00	1613.75	1658.50	1621.75	1695.50	1598.00	1467.25	1642.75	1733.00	1808.00	1772.75	1800.25	1772.25	1667.00	1693.00	1583.75	1339.25	1307.75	1239.75	1192.25	1132.00	1080.75	1036.75	1053.50	1205.50	1115.75	990.50	911.50	1117.00	1166.00	1106.00	1100.75	1009.50	1198.50	1419.50	1299.75	1174.75	1316.00	1323.00	1435.50	1437.00	1238.50	1187.25	1213.50	1217.00	1070.00	1063.25	1179.00	1276.25	1220.75	1127.25	1090.00	1064.00	889.00	854.75	1089.75	1146.25	1219.00	1270.75	1316.00	1235.50	1176.75	1253.25	1257.25	1234.00	1078.75	923.00	1086.25	1219.00	1032.25	938.50	1019.75	947.75	806.50	797.25	733.00	723.25	752.50	823.25	909.75	910.25	879.00	905.75	957.50	948.50	1036.25	1098.25	1084.25	1162.50	1054.25	1055.00	1038.75	1089.75	1133.75	1116.50	1050.50	1089.00	986.00	898.75	795.25	854.25	1021.50	910.75	964.50	830.25	922.00	930.50	804.75	786.00	729.00	675.00	598.00	658.00	620.75	578.75	550.25	536.75	522.75	546.00	634.50	717.75	854.50	782.75	773.50	951.50	907.00	835.00	915.50	747.75	657.25	644.50	685.25	706.50	631.50	603.75	542.50	542.00	667.25	736.25	734.25	665.50	673.25	774.00	803.25	726.75	898.75	761.25	789.50	996.25	1121.00	1100.75	1185.50	1088.00	954.75	1038.25	941.00	1060.25	1191.50	1189.75	1175.75	1098.25	1138.25	1204.25	1115.50	1003.50	976.00	1034.25	1042.25	1080.25	971.50	866.75	782.25	750.25	695.50	709.00	789.50	796.25	924.25	901.25	925.50	1008.25	991.50	885.00	1006.75	859.75	892.50	975.00	932.00	1020.00	1033.25	890.25	757.50
825.00	847.00	901.50	1010.25	940.50	1008.25	1077.75	1132.00	1140.50	1110.00	1134.50	1214.00	1289.75	1180.25	1146.00	1264.25	1157.25	1171.75	1239.50	1212.75	1208.00	1162.00	1144.75	1153.25	1153.00	1135.00	1154.75	1111.75	1082.00	1187.75	1182.00	1103.50	1111.50	1115.00	1167.00	1277.75	1312.25	1383.00	1496.25	1485.75	1345.50	1334.75	1475.75	1553.75	1675.00	1623.25	1493.50	1445.00	1437.25	1473.00	1443.00	1341.25	1356.00	1422.75	1558.50	1507.25	1392.50	1378.50	1571.25	1498.00	1364.25	1291.50	1319.50	1370.25	1507.50	1551.25	1589.00	1617.75	1699.50	1631.00	1473.00	1619.00	1707.50	1708.75	1740.75	1748.75	1776.50	1628.25	1657.25	1642.50	1433.00	1356.25	1207.75	1211.00	1215.50	1141.75	1015.75	979.50	1015.50	985.00	909.25	870.00	928.75	1057.75	1020.00	989.75	1104.50	1310.50	1368.25	1223.25	1093.75	1187.50	1237.75	1374.00	1473.00	1275.25	1308.50	1267.50	1188.75	1120.75	1143.75	1284.50	1370.25	1177.50	1112.00	1074.00	1044.50	896.00	805.25	987.25	1017.75	1142.75	1215.25	1380.00	1342.25	1314.50	1398.25	1333.25	1232.50	1084.00	903.75	995.25	1078.75	987.75	913.00	959.75	862.50	824.75	735.00	705.25	746.75	784.50	822.75	912.00	937.25	921.25	990.50	1035.75	1010.75	1096.50	1135.00	1206.00	1160.75	1083.75	1154.00	1114.00	1145.25	1204.50	1101.75	949.75	982.50	1000.00	908.25	814.00	762.75	904.00	865.75	1004.25	859.50	832.50	896.25	889.25	775.25	742.00	700.25	599.50	593.00	579.25	551.00	544.25	574.00	525.75	522.50	625.00	719.50	802.25	713.50	707.25	865.25	969.00	947.75	993.75	746.00	713.25	670.25	617.00	630.75	601.00	582.00	536.25	536.50	707.50	707.25	632.50	604.25	623.50	674.75	684.25	788.00	887.25	718.75	851.25	984.50	1016.50	998.00	1089.00	997.50	893.50	904.50	950.00	1034.25	1167.25	1081.75	1106.50	1102.50	1157.75	1193.75	1086.00	1070.50	1015.75	1086.75	1061.00	1103.25	1084.00	938.75	817.00	771.00	696.25	696.50	781.25	789.25	925.00	917.00	875.00	906.50	941.50	830.25	969.75	917.25	860.25	918.75	838.50	952.00	982.50	936.00	726.25
912.00	946.50	990.25	1075.50	1087.75	1078.25	1021.50	972.00	949.75	936.50	1010.00	1127.25	1252.75	1265.75	1252.75	1282.25	1281.00	1319.00	1228.50	1104.50	1142.00	1126.00	1072.50	1062.50	1087.50	1054.00	1077.75	1042.50	1044.25	1108.75	1085.75	1061.00	1086.50	1189.00	1239.00	1208.50	1249.25	1360.75	1489.25	1508.75	1350.25	1314.75	1474.50	1570.00	1644.00	1631.00	1525.50	1409.25	1383.00	1570.50	1367.00	1273.50	1279.75	1364.25	1369.75	1445.25	1487.00	1328.50	1344.00	1318.25	1278.00	1340.25	1460.50	1473.00	1466.00	1550.50	1636.00	1721.25	1673.50	1518.25	1413.50	1485.25	1543.50	1647.75	1788.00	1619.00	1748.50	1672.25	1453.75	1561.25	1467.75	1399.50	1239.50	1216.00	1133.75	1133.75	1129.00	1159.00	956.50	930.00	1020.75	950.00	862.00	863.50	905.00	1058.00	1278.50	1248.75	1013.75	975.50	1152.00	1237.50	1230.75	1313.25	1462.50	1475.75	1368.50	1354.25	1295.25	1224.50	1419.75	1314.00	1182.50	1063.25	1024.00	924.75	881.25	816.75	691.25	750.25	891.75	1059.25	1220.75	1316.00	1258.50	1192.25	1205.75	1098.75	1003.75	926.25	921.00	869.00	884.50	893.75	958.75	925.75	752.75	701.00	703.75	763.75	813.25	856.00	936.75	1022.50	1078.75	1036.50	1147.50	1208.25	1139.25	1230.25	1217.75	1342.50	1254.25	1192.25	1286.50	1187.00	1216.75	1197.00	1008.75	933.25	894.00	855.25	824.50	814.50	758.00	709.75	750.75	818.25	834.75	771.00	730.50	803.75	744.75	651.75	589.25	596.75	602.25	608.75	624.75	763.25	851.75	611.75	527.25	521.00	570.75	695.25	660.75	771.25	935.75	1040.50	810.00	851.25	850.50	803.25	701.75	643.00	648.75	652.00	642.50	536.50	521.00	594.00	544.75	567.00	606.75	619.00	636.50	669.75	673.50	686.50	702.25	709.25	742.00	773.25	788.25	815.50	838.00	891.50	959.75	1069.25	1069.50	1157.75	1041.75	923.25	968.25	1102.50	1099.75	1055.00	1158.50	1072.25	1056.25	1140.25	1129.50	1128.50	1018.00	842.75	805.50	712.25	665.25	742.50	783.00	841.75	926.50	888.50	822.25	813.00	795.50	798.50	759.50	744.75	743.25	732.25	737.00	758.00	853.75	740.00
975.00	1040.25	1068.00	1078.50	1050.75	1057.50	949.25	925.50	896.50	921.50	1027.00	1144.75	1232.25	1207.25	1185.75	1232.00	1224.00	1255.75	1185.25	1053.50	1076.25	1097.00	1078.50	1041.75	1040.00	1021.75	1025.00	1013.00	1016.00	1047.00	1056.75	1079.25	1134.50	1213.00	1204.75	1217.25	1239.00	1328.00	1433.25	1489.50	1367.50	1302.00	1440.25	1521.00	1565.00	1684.50	1562.75	1447.75	1371.25	1460.25	1321.00	1259.25	1259.25	1345.50	1313.50	1390.00	1482.25	1379.75	1269.00	1252.25	1339.75	1415.75	1537.00	1573.50	1581.50	1605.50	1661.25	1773.50	1699.75	1500.75	1385.50	1522.25	1602.50	1737.50	1787.75	1567.75	1696.75	1658.50	1424.75	1451.00	1533.25	1445.75	1331.75	1306.75	1238.00	1262.75	1221.75	1104.25	922.25	1040.00	1077.25	1059.00	943.50	841.75	884.25	1117.00	1256.00	1100.75	962.00	1032.25	1129.00	1222.50	1253.25	1281.75	1482.50	1477.25	1338.00	1238.00	1217.75	1266.50	1471.25	1346.00	1158.75	1207.50	1123.00	1039.00	999.75	905.75	685.75	724.00	903.75	1055.00	1105.00	1125.00	1146.75	1060.50	1086.50	1032.50	966.50	881.00	863.00	822.75	812.50	825.25	977.25	877.25	693.75	683.75	721.00	802.00	863.50	936.75	1009.00	1068.00	1155.75	1122.00	1113.75	1281.50	1169.25	1291.25	1301.50	1397.75	1312.25	1260.25	1247.50	1255.75	1229.25	1143.00	1007.25	954.25	960.00	919.25	806.25	825.00	811.00	758.50	696.00	706.75	752.75	759.75	703.75	711.00	691.00	629.00	590.25	641.25	690.75	684.00	708.00	877.75	975.00	669.00	574.50	508.25	525.75	609.75	648.25	849.50	1001.25	992.25	728.25	715.25	792.25	746.50	699.25	713.00	706.25	739.25	691.75	533.00	514.75	533.50	568.00	612.00	644.75	681.25	694.75	766.75	708.00	696.00	764.00	764.75	760.75	748.00	785.75	855.25	934.75	955.00	1008.50	1193.75	1087.25	1065.00	963.00	890.00	986.25	1092.00	1144.00	1082.25	1150.25	1073.25	1075.00	1095.75	1028.75	1098.25	1051.50	864.75	800.75	727.50	677.50	692.00	814.75	821.50	878.25	886.50	886.50	866.50	916.25	835.25	790.25	787.50	737.25	705.50	663.75	663.75	708.75	789.50
1010.75	1023.50	1034.75	962.25	950.25	1046.00	996.00	906.75	888.00	1006.75	1112.75	1103.75	1148.00	1140.00	1059.25	1098.50	1152.75	1088.00	1088.50	1026.25	958.25	980.25	1044.75	1053.00	980.00	985.50	1005.75	1030.75	1041.50	1052.00	1111.50	1186.50	1164.25	1127.75	1151.00	1256.50	1325.50	1401.00	1507.50	1507.00	1429.00	1331.75	1335.50	1416.75	1514.25	1524.75	1463.50	1449.50	1392.25	1378.75	1319.25	1247.75	1231.75	1230.75	1234.50	1335.50	1377.75	1335.00	1238.25	1237.25	1494.50	1560.50	1583.25	1571.00	1542.75	1472.75	1643.00	1678.50	1587.75	1404.00	1360.50	1657.00	1716.50	1813.75	1745.50	1514.50	1667.75	1630.50	1436.75	1317.75	1509.00	1446.00	1212.75	1131.00	1237.25	1224.25	1092.25	933.00	1005.50	1166.00	1034.50	1099.75	1178.25	938.00	824.00	888.50	913.75	945.00	1195.75	1351.75	1282.75	1228.00	1311.00	1472.50	1532.25	1385.00	1408.00	1165.25	1186.75	1239.00	1329.75	1403.75	1327.50	1304.00	1188.00	1102.25	987.50	905.75	716.50	679.25	754.75	806.25	882.50	966.50	1030.25	950.50	999.75	1088.75	1098.75	1031.75	967.50	934.50	880.00	827.50	746.25	769.25	670.50	726.75	812.25	831.50	937.50	1103.25	1260.00	1203.25	1205.75	1235.25	1202.50	1291.50	1325.50	1270.75	1132.50	1177.00	1129.50	1064.50	1128.00	1324.50	1151.25	1038.00	1091.00	1040.75	938.50	896.75	954.25	982.50	959.00	844.50	743.00	721.00	681.75	648.75	632.50	625.75	617.75	596.00	734.00	797.00	814.50	748.50	907.25	1011.50	917.75	840.75	717.25	576.50	524.50	504.00	596.50	780.75	793.75	705.50	599.75	692.00	812.50	829.50	843.00	790.75	745.25	678.25	599.50	508.75	506.75	588.75	669.75	758.50	725.00	716.75	812.50	866.25	878.50	830.75	813.50	841.25	891.00	895.25	882.00	937.75	930.00	823.75	971.25	1164.75	1102.25	925.50	856.00	894.50	969.50	1062.00	1200.50	1153.50	1170.50	1139.25	1029.75	968.00	894.75	928.00	903.00	865.00	901.00	833.75	741.25	644.50	683.50	802.75	737.00	840.75	1019.00	1073.25	947.75	842.75	1013.50	1039.50	922.25	741.00	778.25	911.25	743.75	646.75
945.50	941.75	973.25	890.00	934.00	1013.25	950.25	886.25	873.50	972.75	1031.00	984.75	1050.75	1080.25	983.50	1029.75	1063.75	991.75	976.25	957.00	927.75	942.75	965.00	980.00	984.50	1028.00	1093.75	1129.25	1128.25	1118.50	1127.50	1153.25	1114.50	1158.75	1227.50	1289.25	1387.00	1428.75	1484.75	1458.50	1387.00	1348.00	1279.50	1346.25	1480.75	1382.50	1381.00	1462.75	1463.75	1437.75	1441.00	1343.75	1288.25	1283.75	1266.50	1283.00	1309.00	1291.25	1200.50	1261.50	1468.25	1596.75	1550.00	1472.50	1422.75	1455.25	1589.50	1607.50	1506.25	1350.50	1353.50	1574.75	1695.25	1775.50	1656.50	1455.00	1551.75	1620.25	1337.00	1295.25	1496.00	1467.75	1246.00	1153.25	1092.50	1040.50	1018.75	1060.75	1212.00	1116.25	1154.50	1211.75	1300.50	1141.25	981.00	852.00	823.00	945.00	1243.50	1324.75	1201.50	1151.25	1289.75	1437.50	1433.75	1331.00	1321.75	1112.00	1104.50	1165.25	1271.50	1313.00	1240.75	1180.25	1080.00	1042.00	963.25	879.75	739.25	672.25	717.25	831.25	900.00	904.00	906.75	917.25	1012.50	1107.00	1085.25	1030.00	936.25	885.50	836.00	807.25	720.25	694.50	729.00	767.00	820.00	913.75	1025.75	1116.00	1188.75	1275.00	1322.75	1217.25	1149.00	1160.25	1218.00	1190.25	1107.25	1046.00	1055.25	1076.25	1163.75	1257.50	1148.25	993.75	1055.50	1126.75	1005.25	982.25	981.50	937.00	880.75	805.25	785.25	806.75	741.50	658.00	645.00	657.50	653.75	693.25	818.00	877.75	781.50	790.75	928.75	922.00	808.50	866.00	780.75	733.75	677.50	598.25	539.00	587.75	635.50	587.50	639.75	725.00	745.25	739.25	822.75	795.25	698.75	613.75	539.75	499.75	505.50	596.75	680.25	784.50	825.00	784.00	876.00	920.50	961.75	905.75	842.50	839.00	836.25	861.75	827.75	820.25	786.75	744.75	865.25	966.25	967.00	871.25	938.75	981.50	995.50	1024.50	1132.00	1189.75	1088.75	996.75	916.00	926.50	912.00	898.50	807.00	778.00	877.75	905.50	876.25	744.25	685.00	716.00	738.50	830.00	950.25	1058.00	996.25	960.00	1002.00	986.75	847.00	758.00	908.50	957.75	871.50	831.75
881.50	867.75	899.75	844.50	904.25	921.50	859.25	842.00	848.75	901.75	917.75	890.75	961.00	992.75	926.75	966.75	943.00	914.50	901.50	912.50	928.50	947.75	938.50	936.00	973.75	1032.25	1127.75	1171.75	1155.25	1111.50	1096.25	1084.50	1087.25	1218.75	1315.50	1387.25	1459.75	1377.75	1411.00	1428.00	1331.50	1343.75	1243.25	1286.75	1382.75	1282.25	1338.25	1423.25	1479.50	1504.25	1521.50	1450.75	1354.50	1364.25	1388.25	1311.00	1223.75	1243.50	1192.75	1289.50	1402.00	1532.50	1513.25	1428.25	1360.00	1443.25	1517.75	1579.00	1469.75	1305.25	1379.50	1525.75	1666.75	1723.00	1626.00	1431.75	1456.25	1602.75	1301.75	1300.50	1580.00	1569.75	1385.25	1198.75	1016.75	1012.25	1133.75	1135.00	1324.00	1121.00	1292.50	1341.00	1320.00	1213.00	1101.50	886.50	803.25	858.00	1124.00	1149.25	992.50	1050.50	1264.25	1341.25	1305.00	1316.25	1340.25	1101.50	985.75	1221.75	1261.25	1170.75	1135.25	1092.00	1023.75	975.75	944.25	879.25	765.00	723.75	703.50	815.00	836.75	803.50	838.50	930.00	1036.75	1109.00	1015.50	956.50	894.00	845.75	806.25	775.25	706.50	687.75	830.00	846.00	812.00	922.50	1040.75	1094.50	1136.75	1316.50	1388.75	1160.00	1015.25	1025.75	1080.00	1081.25	1067.50	958.00	1000.75	1154.00	1128.75	1116.25	1113.25	971.25	1017.00	1132.50	1062.50	1076.00	952.50	883.50	817.00	854.75	870.25	799.25	729.25	668.25	706.50	703.25	705.75	806.00	865.50	849.25	694.00	765.00	827.50	785.25	765.25	781.00	787.50	782.25	756.25	688.75	533.00	486.75	503.25	524.00	648.75	706.25	706.75	648.00	769.25	724.00	646.00	553.50	499.00	493.00	512.75	608.50	643.25	747.50	849.75	880.25	930.75	928.75	964.50	917.50	832.50	838.25	764.50	750.00	713.75	690.75	703.25	706.75	752.50	777.75	799.75	821.75	960.50	975.25	999.25	954.75	1089.00	1139.00	999.25	857.75	823.25	861.00	901.25	888.25	795.50	724.75	787.75	878.50	950.50	856.25	744.25	657.25	770.50	776.25	896.75	1002.75	1103.75	1019.00	919.25	877.50	789.00	797.50	972.50	1023.25	973.00	906.00
838.25	830.75	838.25	828.25	859.50	850.00	834.75	836.75	842.25	858.75	864.25	864.00	894.75	925.50	932.50	908.25	897.75	908.00	939.50	972.00	996.75	994.00	980.75	959.50	959.75	983.75	1036.50	1067.00	1061.50	1048.75	1072.75	1071.00	1075.00	1192.50	1277.75	1408.50	1371.00	1300.75	1381.25	1417.50	1323.25	1303.25	1251.50	1236.25	1268.75	1254.50	1303.50	1307.75	1398.50	1502.00	1560.00	1480.25	1351.00	1394.75	1454.50	1411.50	1291.25	1225.50	1188.00	1267.75	1362.50	1410.00	1455.75	1466.75	1379.75	1357.00	1470.75	1521.00	1454.50	1308.25	1454.25	1608.25	1651.75	1615.00	1594.75	1423.00	1437.25	1506.25	1221.25	1250.75	1403.00	1341.00	1229.25	1110.25	1070.75	1210.75	1304.25	1135.50	1297.50	1223.50	1291.75	1443.75	1297.50	1181.25	1137.50	1076.50	996.75	849.75	905.50	925.25	1008.75	1186.75	1289.50	1141.25	1139.00	1162.25	1335.00	1145.50	1002.50	1091.75	1121.75	1072.00	1099.00	1066.25	1001.25	963.25	911.25	830.50	779.25	774.25	711.50	693.00	719.00	789.25	892.50	949.25	1050.75	1063.25	999.75	900.75	931.75	952.75	918.00	818.50	705.00	786.00	956.75	983.00	921.75	977.75	1061.75	1136.50	1239.25	1381.75	1389.75	1155.50	1036.50	965.25	1040.50	1004.00	937.00	950.00	1063.00	1128.25	1029.00	1008.50	1069.75	986.25	959.00	1016.25	1026.75	1086.00	978.00	883.75	913.25	839.50	812.25	720.50	697.75	736.25	778.00	720.50	773.25	832.25	870.25	819.50	734.00	740.00	729.75	688.75	712.00	622.50	641.00	676.50	698.25	669.50	569.75	528.50	479.75	491.25	549.25	599.25	625.00	658.00	739.75	644.00	623.50	509.50	484.75	491.00	564.75	668.00	674.00	758.25	849.25	876.25	883.00	862.25	802.25	784.00	727.25	755.25	687.50	679.50	690.25	706.50	764.50	810.50	790.50	786.25	877.50	870.00	931.00	950.25	971.00	935.75	1095.25	1017.50	926.00	842.50	869.25	888.00	872.25	813.75	797.75	741.00	716.50	729.25	767.00	781.25	727.75	632.50	738.25	788.00	849.00	960.75	1104.75	1024.25	1036.50	913.25	832.50	845.50	959.25	1110.75	1059.50	916.75
816.25	818.25	822.00	824.75	827.50	832.75	842.00	849.75	849.75	848.25	850.25	854.00	857.75	903.75	926.25	880.50	906.00	943.00	1009.50	1039.00	1057.25	1055.25	1052.50	1006.75	961.50	964.25	979.50	990.50	1004.75	1034.25	1092.25	1111.25	1076.00	1120.75	1205.50	1337.75	1243.75	1258.25	1385.50	1400.25	1320.75	1265.00	1245.00	1215.25	1209.75	1223.25	1235.75	1223.75	1345.75	1429.75	1545.25	1477.00	1349.00	1376.50	1389.50	1427.25	1368.00	1237.25	1172.50	1229.25	1271.00	1271.00	1324.75	1402.50	1354.25	1282.25	1405.00	1400.00	1389.50	1334.00	1490.75	1592.75	1562.25	1506.50	1496.00	1365.25	1353.75	1293.50	1116.75	1134.25	1129.50	1072.75	1042.00	1089.75	1158.50	1304.75	1408.50	1262.50	1356.50	1328.50	1297.75	1466.25	1333.50	1245.75	1279.50	1302.75	1243.00	958.50	770.25	775.00	1023.50	1195.75	1256.00	1031.50	988.50	1066.00	1288.75	1188.50	1074.75	930.50	958.25	1009.75	1072.25	1065.00	965.50	935.25	862.25	839.50	851.75	819.50	750.75	654.75	649.00	755.00	861.25	968.00	1070.00	1002.25	987.25	858.50	931.75	1015.25	955.50	809.25	767.00	905.50	1016.00	1055.50	1029.00	1097.75	1197.75	1194.25	1321.00	1425.25	1358.25	1135.75	1066.25	946.75	959.00	925.25	881.50	994.25	1114.00	1117.00	974.25	956.00	996.25	976.75	888.25	917.00	998.50	997.00	957.25	886.00	936.50	825.50	768.00	686.00	719.00	810.75	822.50	759.50	884.00	833.50	831.00	817.75	816.00	803.25	749.75	649.50	599.50	602.00	644.75	756.50	765.75	672.50	607.50	603.75	504.25	472.50	478.25	501.75	548.50	657.75	715.00	608.75	601.50	476.75	478.00	497.75	617.75	732.75	736.50	835.25	839.75	782.75	779.50	740.25	645.25	629.75	618.75	633.50	638.50	693.75	743.25	773.50	819.25	923.50	944.75	838.50	955.50	986.75	1072.25	1029.25	978.00	992.00	1111.00	1013.25	838.75	823.00	896.75	932.50	840.50	759.50	805.25	842.00	737.50	709.00	663.00	670.25	635.50	599.75	666.50	748.25	782.75	902.00	1020.25	1022.25	1095.50	925.50	910.00	942.50	1036.75	1122.25	1101.25	987.75
832.00	827.25	832.75	847.25	833.00	848.75	885.00	901.50	898.50	890.50	864.75	859.25	861.25	886.75	897.75	933.75	987.75	1045.50	1076.75	1111.00	1103.75	1107.25	1098.75	1043.00	1001.00	990.75	1011.50	1015.00	1032.00	1048.00	1076.50	1106.50	1098.25	1154.75	1183.75	1213.75	1207.00	1256.25	1361.00	1393.00	1327.25	1268.25	1253.75	1243.75	1235.75	1223.25	1222.25	1212.50	1284.50	1410.75	1425.75	1385.00	1313.25	1264.00	1300.75	1350.50	1260.25	1180.50	1154.75	1187.25	1179.75	1214.00	1213.50	1267.75	1250.25	1238.50	1290.00	1281.50	1293.00	1300.00	1372.00	1417.25	1437.50	1430.50	1367.75	1275.00	1245.50	1195.25	1156.25	1163.25	1163.00	1198.25	1168.50	1282.50	1353.00	1314.25	1397.75	1329.25	1469.25	1381.50	1347.25	1464.00	1386.50	1302.75	1286.75	1209.00	1152.00	988.25	900.25	785.75	852.25	939.75	1121.00	1053.75	928.25	1103.50	1289.75	1215.75	1229.00	1039.75	955.50	962.00	952.00	994.25	965.75	891.00	848.25	852.25	844.50	786.25	719.25	679.75	674.00	668.00	767.75	957.00	982.50	995.25	974.50	820.50	907.25	982.75	837.00	706.50	784.50	872.00	916.00	968.50	1016.25	1125.75	1256.00	1320.75	1410.50	1425.50	1375.00	1143.50	1050.50	957.75	880.00	895.00	1005.00	1087.25	1154.25	1136.75	980.50	918.00	895.25	907.50	926.75	931.25	981.50	916.75	856.50	809.00	809.25	791.00	738.75	729.00	817.00	855.50	872.25	788.25	897.00	815.75	732.50	744.50	759.75	766.50	702.50	635.00	593.00	716.50	802.25	880.00	792.75	647.75	676.50	701.50	582.00	484.50	467.50	471.50	511.50	570.00	618.25	622.00	579.50	470.50	472.50	571.00	672.00	766.25	759.25	727.25	675.50	630.00	648.00	622.00	620.00	614.75	637.50	624.75	656.50	703.75	763.50	776.50	786.25	867.50	948.25	839.00	896.50	969.75	1086.00	1097.25	1089.75	1104.75	1059.75	1041.00	915.75	858.75	837.25	876.00	834.50	815.25	907.50	919.75	816.75	794.00	748.75	652.50	693.00	657.50	610.25	632.50	782.50	916.25	888.00	1011.75	982.00	976.75	1048.00	1002.75	1028.00	1015.50	983.75	879.75
870.50	841.00	849.50	902.00	841.25	868.75	942.50	971.25	967.25	972.25	901.75	875.25	866.75	865.00	895.25	1013.00	1078.25	1161.75	1155.75	1202.50	1186.50	1156.25	1103.25	1060.50	1040.50	1025.50	1053.75	1052.00	1079.50	1085.75	1076.00	1093.00	1108.25	1192.50	1215.00	1184.00	1199.00	1226.50	1274.75	1370.00	1346.50	1290.25	1328.50	1310.25	1284.75	1291.00	1291.00	1231.50	1222.50	1352.75	1382.25	1367.00	1286.50	1225.75	1231.50	1259.00	1150.75	1147.25	1149.50	1150.75	1171.50	1312.75	1198.25	1288.25	1243.25	1250.50	1262.50	1248.00	1233.75	1250.75	1259.00	1281.00	1314.25	1315.50	1230.25	1179.75	1243.50	1265.00	1319.75	1321.25	1324.50	1416.50	1346.25	1403.75	1559.00	1404.25	1422.75	1396.00	1516.75	1348.75	1269.50	1477.25	1409.50	1292.75	1189.75	1087.25	1086.25	1058.25	1067.25	835.50	740.00	757.50	934.25	1035.50	910.50	1154.75	1286.50	1156.00	1316.50	1174.75	1056.25	952.75	853.75	858.50	872.00	821.25	796.25	776.00	736.25	705.50	706.75	740.25	743.75	649.75	702.25	885.25	873.25	1009.25	972.00	794.25	850.00	910.00	718.50	647.50	779.25	813.25	847.25	882.00	949.50	1096.75	1229.75	1406.25	1421.25	1303.00	1396.75	1218.75	1058.50	951.25	856.25	917.50	1117.75	1129.75	1125.50	1134.00	1001.00	866.50	835.50	931.75	981.75	922.50	957.00	920.25	843.25	789.50	735.75	712.50	706.75	777.75	904.00	881.00	898.25	825.00	813.00	767.75	661.00	664.50	648.50	635.25	607.50	619.25	645.00	787.25	834.50	848.50	690.50	625.75	771.50	762.50	599.75	529.25	496.00	458.75	467.25	488.25	539.75	627.00	539.25	465.50	469.00	648.25	730.25	754.00	671.50	552.00	534.25	550.50	577.25	608.50	665.00	661.75	731.75	675.25	683.00	667.50	721.00	739.00	755.50	783.00	847.50	856.75	921.75	946.50	1032.75	1121.50	1119.25	1083.00	944.00	1006.50	1039.50	951.25	833.75	886.75	916.75	879.50	967.25	896.00	859.75	807.50	751.50	738.00	812.50	728.50	640.00	591.00	728.00	921.75	814.00	986.50	854.75	945.50	1102.50	1075.25	943.25	864.75	828.50	754.00
932.25	860.25	864.50	961.00	857.25	871.50	998.00	1058.25	1061.50	1025.50	958.00	930.00	901.75	869.00	890.00	1009.25	1091.25	1178.00	1202.25	1263.50	1256.50	1198.00	1147.25	1098.75	1062.00	1064.00	1120.00	1130.75	1155.75	1158.75	1126.25	1144.75	1177.25	1198.00	1245.50	1304.25	1322.50	1370.00	1342.50	1398.75	1419.50	1438.50	1434.75	1369.25	1393.00	1469.50	1379.25	1253.00	1205.00	1277.25	1471.50	1370.75	1359.25	1278.25	1170.50	1180.75	1175.75	1226.75	1244.25	1203.50	1219.00	1367.25	1226.25	1283.00	1353.25	1396.50	1363.00	1361.75	1297.75	1364.50	1322.00	1295.50	1263.50	1248.50	1224.00	1246.25	1436.25	1507.25	1590.00	1551.50	1545.75	1571.25	1550.25	1499.00	1536.00	1503.25	1533.00	1440.25	1516.75	1328.25	1181.50	1298.25	1270.00	1255.75	1298.00	1156.00	1190.00	1143.50	959.50	857.25	834.00	768.00	788.25	869.50	896.75	1107.50	1193.25	1018.75	1146.75	1127.00	1182.25	1072.50	920.00	871.25	843.25	850.75	788.25	808.00	789.50	788.50	808.50	810.50	756.25	648.50	648.25	805.75	867.25	1007.25	971.75	841.75	781.25	744.25	674.00	721.25	746.25	765.00	807.25	839.25	917.25	1050.25	1180.25	1366.25	1429.00	1243.25	1213.25	1102.75	1001.50	917.75	836.25	914.25	1060.75	1032.75	970.00	1039.50	968.75	822.50	826.25	913.50	933.25	934.75	1022.50	990.50	927.00	807.00	803.75	723.75	762.50	830.00	868.50	822.00	801.00	774.25	730.00	744.50	759.75	668.25	685.50	625.00	676.25	697.25	729.00	727.50	703.00	733.50	678.50	707.00	751.50	673.00	585.00	637.00	618.50	597.00	460.50	456.50	492.00	536.75	478.75	460.25	484.75	599.00	617.75	607.25	563.50	582.50	571.75	603.25	679.75	700.75	771.00	755.00	778.25	731.00	726.00	686.00	746.00	756.25	813.75	849.00	906.50	939.00	1040.50	1010.50	1022.75	1082.00	1052.00	975.00	878.25	1004.75	1048.50	970.75	911.25	980.50	1010.50	926.75	927.50	859.25	815.25	748.00	749.50	874.00	899.50	769.25	790.50	719.25	614.00	757.50	779.25	788.50	784.75	869.50	1092.50	1093.75	924.50	902.00	847.00	840.25
968.00	872.75	881.00	1000.25	878.75	865.50	1014.75	1091.00	1122.50	1048.25	1017.25	1004.50	973.75	873.75	881.25	1001.50	1062.00	1099.75	1179.00	1251.75	1242.75	1176.00	1160.75	1119.75	1097.50	1116.00	1238.25	1247.25	1238.50	1261.75	1183.75	1191.50	1258.75	1305.25	1268.75	1380.75	1415.75	1510.00	1518.50	1500.75	1547.00	1614.50	1476.75	1431.00	1508.75	1668.50	1481.50	1300.25	1209.00	1202.00	1476.50	1314.50	1323.25	1236.75	1139.50	1149.75	1202.75	1309.75	1368.25	1285.00	1285.25	1327.25	1302.75	1240.00	1355.75	1463.00	1477.75	1488.75	1365.25	1511.50	1389.75	1344.25	1263.25	1278.50	1284.00	1316.00	1520.25	1655.50	1702.25	1694.00	1661.25	1585.75	1678.75	1620.00	1460.50	1573.25	1605.00	1392.50	1511.75	1368.50	1216.50	1099.50	1093.00	1217.75	1415.00	1204.50	1114.50	1034.75	815.75	945.75	1003.25	903.25	746.25	726.00	843.25	994.75	1109.00	906.75	930.25	1058.00	1174.50	1087.25	932.75	988.25	934.25	970.50	859.75	908.50	901.50	901.25	901.25	837.75	741.00	633.25	614.50	740.25	860.00	968.50	948.75	845.50	730.00	623.75	683.50	798.50	749.25	755.50	788.00	814.75	898.75	1031.00	1178.25	1352.50	1422.50	1306.25	1146.25	1030.25	1002.00	968.50	866.75	878.00	963.75	908.25	814.00	862.25	849.25	787.75	848.25	888.25	928.75	1011.25	1027.75	1024.50	996.75	814.00	861.25	748.75	820.25	858.25	797.75	768.50	732.50	728.25	749.25	793.00	811.75	694.50	770.50	657.75	764.00	772.50	760.75	664.75	683.25	710.00	749.00	753.00	662.00	590.25	627.50	754.50	763.75	790.50	521.50	446.00	449.25	456.75	450.75	462.25	499.75	503.50	482.75	522.25	572.75	702.25	638.50	660.50	752.50	799.75	826.75	881.75	799.00	805.00	772.75	723.00	824.00	815.25	879.00	942.75	965.75	976.50	1077.00	984.75	954.25	1010.25	1003.50	912.00	866.00	1002.50	993.50	911.50	1006.75	1049.00	1075.00	983.25	887.50	800.75	778.50	719.25	843.50	974.50	946.00	829.25	906.00	812.25	548.75	619.50	727.50	664.75	825.25	902.50	1114.25	1136.50	1010.50	971.50	955.75	1015.75
893.00	878.25	928.00	1033.75	943.75	887.50	907.25	966.25	1080.75	1143.75	1117.50	1108.00	1075.75	892.00	881.75	956.25	930.50	987.25	1083.50	1057.50	1070.00	1033.50	1027.25	1040.75	1169.25	1233.00	1437.75	1525.75	1405.50	1439.25	1322.75	1320.75	1326.25	1493.75	1367.50	1494.00	1548.50	1512.00	1638.25	1734.25	1740.75	1652.25	1512.75	1632.00	1598.25	1752.00	1512.50	1353.50	1343.00	1222.00	1201.25	1320.00	1162.75	1132.00	1159.00	1279.50	1248.25	1228.00	1333.00	1379.75	1369.25	1342.75	1455.25	1368.75	1274.25	1333.00	1487.75	1450.50	1448.00	1437.50	1403.00	1434.25	1280.75	1358.50	1391.75	1321.75	1288.75	1359.50	1372.75	1482.75	1345.50	1392.25	1649.25	1543.50	1319.75	1375.75	1356.75	1454.50	1428.00	1266.75	1258.50	1206.25	1081.00	1017.25	1153.00	1135.25	969.50	887.75	957.75	1141.00	1021.00	888.50	801.25	713.75	697.50	717.00	804.00	836.50	959.00	1159.75	1222.50	1121.75	1005.25	1112.50	1041.25	1034.75	1007.00	1014.50	1058.50	1042.50	987.00	860.00	755.50	646.25	595.00	652.75	764.25	894.50	884.00	720.00	609.25	673.75	786.00	804.25	874.75	878.50	912.00	949.50	980.75	1111.00	1252.50	1310.25	1190.75	1201.75	1130.50	1020.25	973.00	950.25	841.75	777.25	798.00	796.75	837.00	814.00	806.00	788.25	851.00	926.00	911.75	963.00	950.75	1003.25	981.00	805.50	771.75	848.25	896.25	843.50	856.75	860.50	794.75	882.25	854.50	768.50	730.50	798.25	763.25	736.25	863.25	816.00	742.00	746.25	826.25	766.50	738.75	689.25	717.00	683.75	674.75	778.75	922.75	912.75	671.25	558.00	472.00	437.75	450.25	484.50	467.00	492.25	604.75	710.75	668.00	814.75	726.00	759.75	674.50	839.50	911.50	989.00	921.75	993.25	854.50	745.50	816.75	862.75	925.25	897.00	783.25	896.25	928.00	790.00	895.50	952.50	810.50	754.00	869.50	872.25	868.25	829.50	889.50	968.00	1081.00	938.50	851.75	908.50	874.75	772.75	899.75	1009.75	912.75	841.25	880.75	777.00	602.75	560.50	622.25	752.50	980.50	862.25	963.50	1001.75	1127.50	1067.25	1030.50	926.75
899.50	896.00	920.50	1025.75	1020.25	935.25	886.75	952.50	1072.25	1138.50	1095.25	1056.50	1036.25	906.00	884.50	892.25	892.00	921.50	967.00	960.25	988.00	1001.25	1018.75	1086.00	1245.75	1247.00	1417.75	1572.25	1506.50	1529.00	1418.75	1394.00	1396.25	1526.50	1408.50	1473.75	1558.00	1550.25	1609.50	1754.25	1692.75	1593.00	1622.25	1712.75	1651.75	1756.00	1548.25	1439.25	1436.00	1289.75	1135.25	1179.75	1129.00	1176.25	1206.75	1333.75	1306.00	1234.25	1267.75	1340.50	1401.75	1375.00	1428.75	1434.00	1316.25	1284.00	1416.75	1478.00	1532.50	1454.50	1508.25	1431.50	1283.25	1381.25	1456.50	1390.25	1238.25	1230.75	1242.50	1327.75	1249.50	1391.00	1573.00	1479.25	1280.25	1230.25	1227.25	1478.75	1370.50	1188.50	1160.25	1211.50	1084.75	995.25	993.50	991.00	881.50	968.00	1035.25	1043.75	934.50	944.00	908.50	762.50	702.50	686.25	699.00	817.50	943.75	1106.50	1224.25	1138.00	1088.00	1156.25	1157.00	1111.00	1071.25	1039.75	1067.50	1024.75	976.25	864.50	752.25	646.75	592.50	636.50	776.50	909.50	829.75	664.75	613.50	691.00	791.00	827.75	919.75	929.00	980.50	1025.00	1062.00	1146.75	1194.75	1248.75	1150.75	1080.50	1035.00	966.25	883.00	819.25	767.75	815.00	900.00	904.75	867.00	872.50	865.00	824.50	819.50	835.50	849.00	876.50	949.25	1022.75	964.50	817.75	809.50	915.50	911.00	880.50	922.25	841.50	851.50	950.00	792.50	787.50	821.00	839.75	750.75	789.25	892.50	820.25	791.50	802.25	905.25	810.00	795.00	746.50	803.75	726.75	735.00	836.25	886.00	828.50	609.75	569.50	471.25	433.50	451.25	468.50	448.50	539.75	659.25	776.00	753.75	841.50	781.00	819.25	694.75	800.50	967.75	1058.75	1020.25	1064.75	861.50	830.00	858.00	899.75	957.75	872.00	728.25	834.25	897.25	776.50	905.75	905.75	791.75	712.25	832.25	781.50	813.25	786.25	841.75	967.25	1086.50	921.00	920.50	926.25	882.75	797.50	919.00	991.00	894.75	784.75	766.50	777.50	665.25	537.25	632.25	747.00	961.25	833.25	859.00	961.25	1150.50	1194.25	1136.00	908.75
1010.50	985.25	907.50	973.50	1090.00	1047.75	894.50	917.75	1010.25	1109.00	1064.00	985.00	932.75	909.75	902.75	903.00	903.50	904.75	904.50	908.50	929.00	996.75	1065.00	1159.75	1283.00	1164.50	1346.00	1502.25	1617.25	1647.00	1604.75	1464.50	1542.50	1625.25	1510.00	1627.50	1762.25	1719.75	1640.00	1726.25	1793.50	1712.50	1717.50	1569.00	1533.25	1496.00	1423.00	1312.25	1231.50	1150.75	1112.75	1201.50	1259.50	1438.25	1424.50	1393.25	1322.50	1279.50	1256.50	1344.25	1430.25	1464.00	1414.50	1490.50	1463.00	1330.00	1412.75	1455.00	1508.25	1616.75	1548.75	1396.75	1304.50	1421.25	1491.50	1430.00	1362.00	1404.50	1198.75	1078.00	1087.75	1133.25	1224.00	1335.00	1214.50	1106.75	1299.25	1296.25	1360.00	1271.50	1098.75	1201.00	1210.50	1112.75	1005.75	986.50	909.75	1085.25	1163.00	1003.25	1215.75	1326.50	1117.25	851.25	918.50	799.75	694.25	674.75	760.00	1069.50	1066.00	944.75	1060.50	1253.00	1256.50	1099.75	968.00	913.75	913.50	854.25	788.75	725.00	729.50	729.00	617.50	588.25	697.25	877.25	766.50	625.75	735.75	807.75	801.50	818.00	916.50	966.50	1084.50	1104.25	1150.00	1089.00	1040.75	1132.75	1101.00	1067.25	920.00	860.25	757.75	777.25	952.75	1015.00	1146.00	1113.25	904.25	973.75	845.75	875.00	933.25	855.75	868.50	960.00	952.00	1005.75	910.50	845.25	874.00	911.25	913.50	863.25	950.00	951.75	983.75	961.75	870.00	908.50	886.25	885.50	823.25	925.75	996.50	954.75	934.75	954.25	1004.75	945.25	873.00	872.50	870.50	817.50	820.50	794.50	684.50	716.50	663.75	569.00	552.25	442.50	430.25	436.25	493.75	553.00	602.50	712.75	823.00	745.50	727.75	848.75	897.50	818.50	860.25	996.00	1020.50	920.50	853.25	943.00	1023.25	1008.75	985.00	927.25	723.75	708.25	708.50	722.50	764.50	711.00	716.75	747.75	844.00	835.25	775.75	827.25	965.50	1088.75	1075.25	960.00	1049.75	1100.00	1005.50	905.75	1023.25	856.00	837.50	825.75	820.25	742.75	659.25	631.25	563.00	691.25	797.50	725.75	890.25	994.50	1124.75	1064.75	1192.75	953.75
1050.25	997.25	917.00	975.25	1077.00	1052.25	904.75	910.00	980.00	1072.50	1041.00	981.25	928.00	923.50	912.25	912.25	912.25	913.75	912.25	910.75	919.00	978.25	1119.75	1206.50	1280.00	1136.25	1347.25	1449.25	1480.00	1515.75	1629.00	1573.75	1660.25	1728.75	1631.25	1609.25	1723.00	1662.75	1581.00	1648.75	1704.75	1689.75	1683.25	1511.75	1395.50	1355.25	1371.00	1193.50	1129.50	1104.00	1171.00	1300.00	1290.50	1429.00	1469.75	1456.75	1335.50	1343.00	1285.00	1283.50	1415.00	1460.75	1468.50	1554.00	1512.25	1352.75	1474.25	1537.75	1573.00	1605.50	1518.75	1368.00	1329.50	1443.50	1512.00	1526.25	1483.50	1485.25	1175.75	1094.50	1084.00	1044.25	1065.75	1133.75	1091.25	1165.50	1352.50	1170.25	1243.00	1289.25	1105.50	1113.75	1207.50	1067.50	1019.25	1048.00	995.00	1013.25	1206.50	1082.50	1338.00	1363.75	1079.25	937.25	992.50	782.75	790.75	670.25	684.00	995.00	956.00	902.25	970.25	1175.75	1083.25	982.00	928.25	883.75	805.00	777.25	750.00	746.00	828.50	778.25	636.00	577.75	647.00	848.50	707.00	642.25	793.25	854.75	868.00	864.00	919.50	941.25	1015.50	1058.50	1075.75	1067.50	998.25	1110.00	1038.50	1066.75	948.50	788.50	722.50	847.75	984.50	1080.75	1200.75	1075.50	940.50	1006.75	928.50	848.75	968.50	894.50	866.50	958.75	1004.75	1022.00	932.50	871.75	835.75	874.50	902.00	849.75	900.25	946.75	944.00	937.00	914.00	863.50	880.25	923.00	889.00	921.75	927.75	915.00	905.50	881.00	977.00	874.25	794.00	807.00	844.50	749.00	762.25	716.25	616.00	635.25	652.75	583.50	619.25	489.00	427.75	434.25	491.25	534.50	603.00	697.25	748.75	673.25	702.50	763.75	846.75	860.75	893.25	950.50	978.75	903.25	883.00	989.75	1074.75	961.25	886.25	930.25	682.25	631.50	639.50	662.25	665.75	706.50	768.75	825.75	920.75	864.75	856.00	825.50	975.50	1105.75	1176.25	1090.50	1103.25	1130.00	1067.00	971.75	1083.50	878.25	887.75	929.25	964.75	866.00	789.00	756.50	520.00	616.75	658.75	745.50	853.75	957.50	1005.00	1075.25	1177.50	912.00
1059.00	1025.50	951.25	982.00	1031.75	969.25	914.50	934.50	972.75	1064.50	1046.75	1026.50	1032.00	942.25	932.50	934.75	932.50	936.50	935.75	933.00	937.00	931.00	980.00	1074.75	1079.25	1147.00	1242.00	1275.75	1336.75	1523.25	1659.25	1742.25	1870.75	1652.50	1684.50	1704.75	1539.25	1483.50	1476.50	1534.50	1627.75	1473.25	1619.00	1665.25	1466.00	1269.50	1244.00	1107.00	1105.25	1115.50	1206.75	1386.00	1435.00	1502.25	1553.75	1530.00	1423.75	1456.75	1358.25	1403.75	1368.50	1403.75	1607.00	1637.25	1511.75	1451.50	1408.50	1516.25	1650.25	1556.75	1471.25	1413.25	1400.50	1444.25	1538.25	1564.25	1372.25	1227.25	1146.50	1267.50	1442.50	1218.00	1150.25	1065.00	982.00	990.00	1063.75	1157.00	1021.75	1195.50	1112.50	983.00	1208.00	1207.00	1198.25	1104.50	1141.75	1039.25	1209.75	1283.00	1414.50	1253.50	1180.00	992.50	839.00	930.00	1115.50	748.50	648.50	784.50	761.25	845.50	997.75	1185.50	1096.50	1053.75	1008.00	932.25	940.25	884.50	892.00	915.25	940.25	831.75	707.75	581.25	579.75	778.50	645.50	710.25	818.25	865.50	868.25	827.00	826.75	890.25	967.25	906.75	939.75	908.25	879.50	1002.00	980.00	875.25	845.00	688.25	735.75	943.50	1091.00	1218.75	1141.25	1021.75	1035.25	1109.75	966.00	902.00	940.75	1001.25	927.25	907.50	970.75	855.75	842.00	823.00	857.00	779.75	833.00	818.50	759.00	842.50	773.00	860.25	833.75	829.50	780.00	744.00	833.75	894.00	774.00	814.00	773.75	749.50	890.75	801.25	690.25	691.00	715.75	674.50	717.00	796.50	721.00	616.75	590.50	626.75	665.50	572.25	469.25	415.75	428.00	481.75	518.25	570.00	657.75	591.75	589.75	685.00	749.75	797.75	931.50	1030.50	903.25	818.00	869.25	1040.25	967.75	883.50	744.75	727.75	610.25	772.50	853.00	853.00	717.25	743.50	835.75	882.50	970.00	956.25	1070.50	930.75	928.50	1031.75	1109.50	1170.75	1014.25	942.75	934.25	856.50	1017.00	1002.50	867.00	811.75	807.75	886.25	936.25	780.25	507.25	522.50	731.75	761.00	775.75	944.75	863.75	1120.00	1102.25	772.00
1058.50	1039.50	963.00	970.00	1045.00	966.00	919.00	937.00	990.00	1075.00	1073.50	1086.50	1080.50	946.50	938.50	944.50	937.00	943.00	942.00	939.00	949.50	935.00	931.50	1004.50	1041.50	1202.00	1328.00	1351.50	1417.50	1580.50	1602.50	1666.50	1820.50	1578.00	1659.00	1729.00	1516.00	1445.00	1443.50	1508.50	1636.00	1469.00	1574.00	1673.50	1532.00	1300.50	1192.50	1100.00	1112.00	1115.00	1162.50	1346.00	1378.00	1495.00	1543.50	1497.50	1450.00	1498.00	1364.50	1471.00	1404.00	1423.00	1657.00	1634.00	1553.50	1505.00	1413.50	1510.50	1649.50	1614.00	1463.50	1470.50	1427.00	1412.00	1486.00	1486.00	1318.00	1145.50	1194.50	1277.00	1528.50	1260.00	1238.00	1138.50	987.50	950.00	959.50	1153.50	1007.00	1092.00	1084.00	965.50	1217.50	1263.00	1216.00	1119.00	1142.50	1050.50	1167.50	1303.00	1469.00	1311.00	1234.50	944.00	822.00	1018.50	1182.50	774.50	648.50	714.00	752.00	875.50	1011.50	1214.00	1194.50	1137.00	1100.50	994.00	976.50	924.00	904.50	924.00	941.00	855.50	745.50	586.00	568.50	745.00	640.00	730.50	826.00	868.50	849.00	784.00	821.50	922.00	961.50	868.00	923.50	865.00	846.00	963.50	952.00	803.00	776.00	679.50	720.50	885.00	1020.00	1178.50	1095.50	992.50	1046.50	1092.00	983.00	926.50	919.00	1033.00	946.50	914.50	941.00	822.50	819.50	786.00	867.50	741.00	790.50	830.50	732.50	796.50	771.50	899.00	773.00	821.50	798.00	704.00	795.00	880.00	783.50	822.00	756.00	721.00	856.00	751.50	676.00	663.00	673.50	652.00	700.00	777.50	764.50	675.00	581.50	590.50	646.00	579.00	488.00	413.50	417.00	459.00	484.00	565.50	655.50	565.00	615.50	761.50	836.50	862.00	989.50	1071.50	890.50	770.00	807.50	1014.00	920.50	918.50	750.00	676.00	632.50	787.00	928.00	889.50	734.50	748.00	868.50	889.50	998.50	1028.00	1101.00	968.50	978.50	1049.00	1069.00	1182.50	1059.00	930.00	850.50	816.00	997.50	1056.00	881.50	819.50	719.00	811.00	905.00	742.50	511.00	510.00	726.50	722.50	770.50	929.00	826.50	1069.50	1028.50	742.00
1036.50	1077.25	994.25	975.50	1003.00	964.50	934.00	940.75	1001.75	1020.75	1065.25	1011.75	991.00	961.00	963.25	960.25	951.25	960.00	961.50	1003.75	1129.00	1092.50	975.75	953.50	997.25	1141.25	1194.50	1273.50	1388.25	1586.50	1480.50	1447.75	1662.25	1438.25	1669.25	1793.75	1644.50	1432.00	1325.00	1508.75	1556.75	1466.75	1447.50	1539.50	1402.25	1312.25	1221.50	1089.00	1131.00	1232.75	1140.75	1210.75	1280.25	1435.50	1360.25	1458.75	1598.50	1536.50	1451.50	1528.75	1506.75	1515.00	1707.25	1735.75	1672.75	1530.25	1479.50	1565.00	1669.25	1545.25	1435.25	1527.50	1522.50	1466.75	1544.75	1435.25	1187.50	1199.75	1375.00	1436.50	1472.25	1333.50	1422.50	1269.25	1113.75	1081.25	986.50	933.50	924.25	926.75	911.25	896.00	1071.00	1274.25	1197.25	1228.50	1187.00	1203.25	1268.00	1394.75	1324.00	1263.25	1215.25	857.50	944.50	1171.25	1075.25	829.75	646.75	700.25	903.50	1058.00	1157.00	1249.75	1212.00	1077.00	1003.00	996.75	870.75	800.00	764.50	753.50	774.00	721.00	669.25	607.50	568.25	628.75	605.75	669.50	711.75	737.00	746.75	759.25	902.00	943.25	849.75	791.25	879.00	793.75	798.50	830.25	761.25	703.00	702.50	802.50	741.50	831.25	1030.00	1196.50	1264.25	1085.50	1213.25	1118.75	1094.25	1078.75	944.25	1002.75	1033.25	1005.00	915.75	788.25	787.25	744.00	759.00	777.75	733.00	772.00	774.50	714.75	797.50	857.00	718.50	714.00	829.25	721.50	694.75	697.25	697.25	691.75	807.25	713.50	874.25	839.25	843.00	720.00	630.50	563.25	580.00	629.50	655.75	622.00	504.25	494.00	509.25	472.25	445.50	414.75	410.25	417.75	447.50	559.50	515.25	603.50	734.50	794.50	792.00	757.00	835.25	960.00	1039.25	944.75	783.75	874.00	866.25	751.50	766.00	570.75	705.50	847.25	872.25	948.00	892.50	778.00	876.00	1026.00	1111.75	1051.75	1011.75	1040.50	964.25	953.50	1004.75	1188.25	1146.50	1077.75	961.00	761.50	853.00	1033.00	1056.50	928.00	783.00	697.50	803.25	863.50	723.75	520.50	562.25	665.75	877.75	762.25	795.50	937.25	768.50	770.00
1129.50	1163.50	1048.75	1038.75	1052.75	986.00	960.50	959.00	985.25	1027.25	1065.00	1055.75	1031.50	990.75	999.50	984.75	984.00	987.75	992.25	1097.25	1282.25	1311.25	1179.25	1152.50	1075.25	992.75	1113.00	1267.75	1379.00	1353.25	1317.00	1375.50	1530.75	1432.75	1563.75	1699.50	1639.00	1426.25	1279.75	1504.25	1556.25	1371.75	1385.50	1494.00	1347.25	1399.75	1162.25	1088.50	1175.00	1232.00	1272.75	1166.25	1173.25	1243.75	1403.75	1507.00	1615.75	1630.75	1682.00	1637.25	1618.25	1630.25	1680.75	1672.50	1768.75	1593.75	1709.75	1657.25	1596.25	1539.00	1461.25	1549.00	1514.25	1476.50	1391.00	1308.50	1270.75	1437.00	1342.25	1491.00	1554.50	1555.00	1368.50	1196.50	1209.25	1225.25	1209.00	1130.75	1096.50	1273.75	1169.75	920.00	934.50	1136.75	1210.25	1349.50	1403.75	1409.75	1429.00	1350.50	1195.50	1064.25	1008.75	870.75	1064.25	1273.25	1159.25	892.25	714.50	629.00	732.25	978.00	1124.25	1139.00	1256.25	1117.00	976.75	874.75	825.50	859.25	838.50	785.50	747.00	812.25	814.50	695.25	592.75	560.75	581.50	707.00	823.50	764.50	804.75	859.75	962.00	934.75	862.25	746.50	790.75	780.25	669.25	645.25	681.00	808.00	934.50	992.50	852.50	878.50	1043.75	1143.25	1137.25	1144.50	1082.50	1115.50	1180.75	1041.50	958.75	947.00	1016.25	969.25	836.50	785.50	770.50	760.00	756.50	704.00	740.25	748.75	687.75	668.00	718.00	751.75	752.75	675.75	761.25	786.75	785.75	729.00	624.25	630.50	659.75	757.75	754.00	791.00	736.75	768.00	710.75	610.50	533.25	506.25	487.75	466.50	442.00	441.75	443.50	442.25	432.00	423.50	406.25	404.25	405.50	437.75	522.75	562.25	603.75	616.75	587.75	653.50	826.75	805.25	1060.00	940.25	761.00	630.25	720.75	656.75	566.75	602.75	879.50	902.00	1045.00	1050.75	922.25	859.00	855.25	1017.50	1005.50	861.00	901.00	818.00	996.25	1175.00	1234.00	1193.00	1087.75	968.25	908.75	770.50	731.25	973.25	1110.25	1021.00	900.50	731.75	593.75	648.25	593.25	549.75	490.50	648.25	699.50	720.25	852.25	659.25	767.50	927.50
1139.50	1215.00	1127.00	1072.75	1052.25	1008.25	976.00	975.50	994.25	1059.00	1107.00	1081.25	1040.00	1008.00	1005.75	1002.25	1011.75	1006.50	1007.50	1115.75	1310.25	1384.75	1301.75	1277.50	1197.50	1030.75	992.00	1073.75	1178.00	1219.00	1247.25	1367.50	1493.75	1379.75	1512.00	1588.00	1595.25	1442.25	1254.50	1440.00	1527.50	1395.00	1349.75	1461.75	1295.50	1372.00	1142.25	1115.25	1242.75	1231.50	1322.50	1245.25	1189.00	1207.00	1322.75	1480.25	1623.50	1547.75	1623.75	1603.75	1520.75	1514.50	1556.50	1601.75	1754.75	1672.50	1738.25	1780.25	1677.25	1637.00	1514.75	1533.75	1500.25	1418.25	1367.75	1328.00	1294.00	1447.00	1440.00	1426.25	1567.00	1584.25	1354.00	1276.00	1318.75	1342.00	1293.25	1264.75	1193.75	1406.50	1283.75	916.00	896.50	1038.75	1175.50	1368.25	1483.00	1510.25	1383.00	1282.75	1209.75	1093.75	995.50	950.00	1136.25	1259.75	1156.00	954.75	775.25	618.25	655.50	888.25	1026.25	1064.25	1209.75	1079.00	945.00	875.25	917.50	966.50	880.75	795.00	835.75	910.00	896.00	743.75	625.00	551.25	567.00	711.75	864.00	816.50	823.50	910.00	958.75	917.25	819.25	728.75	713.00	684.00	638.25	683.75	764.25	849.50	1005.00	1087.00	987.75	941.75	1115.50	1127.50	1047.00	1044.25	987.75	1031.25	1129.00	1070.00	983.75	975.00	1015.75	918.00	833.25	828.75	807.00	803.50	808.50	677.25	679.00	696.50	694.25	633.00	644.00	667.00	678.50	662.75	690.50	768.25	848.25	809.25	713.00	635.50	590.75	681.75	736.75	719.75	680.25	666.00	611.25	555.00	513.00	474.00	458.00	452.00	470.50	471.00	479.50	473.25	462.00	466.75	408.00	402.00	401.50	415.75	475.75	514.25	536.00	543.00	552.75	633.50	728.00	776.75	1022.00	933.50	805.75	662.75	611.50	572.50	547.50	616.25	800.25	953.50	1064.25	989.75	918.00	839.00	914.00	1058.00	954.25	809.00	797.00	822.50	984.00	1121.75	1267.50	1128.00	1005.75	1017.25	925.25	792.50	708.25	922.50	1083.25	1012.25	851.50	743.50	584.25	569.75	594.75	624.75	470.50	563.50	641.25	830.50	813.25	598.75	809.50	1047.00
1177.00	1294.00	1310.00	1212.25	1164.50	1148.50	1053.50	1052.75	1057.75	1078.75	1138.00	1123.75	1076.50	1051.00	1051.50	1063.50	1081.00	1062.75	1039.00	1106.00	1274.25	1428.25	1490.25	1342.25	1101.00	1152.00	1171.50	1097.25	1086.00	1007.00	1064.50	1284.00	1379.50	1315.50	1425.75	1486.00	1411.00	1428.75	1241.75	1416.25	1317.75	1321.25	1286.50	1467.00	1218.50	1111.25	1104.50	1213.00	1252.25	1352.50	1339.75	1407.25	1362.00	1220.75	1200.00	1276.50	1378.00	1389.00	1399.00	1380.00	1452.00	1618.00	1633.25	1673.00	1837.50	1830.00	1791.00	1673.00	1760.75	1713.00	1706.25	1697.25	1590.00	1607.75	1583.00	1474.75	1315.25	1456.00	1500.75	1438.00	1471.50	1565.25	1513.75	1539.00	1556.50	1574.25	1501.00	1271.75	1336.25	1399.50	1184.25	848.25	998.00	1203.50	1350.25	1404.00	1446.50	1532.00	1358.00	1265.00	1182.75	1162.50	1094.00	1212.75	1264.00	1164.25	1139.75	1018.25	829.75	659.25	608.75	726.75	815.25	1072.75	1167.00	1097.75	1063.50	1024.00	1019.50	1011.25	924.00	895.75	959.00	894.25	818.75	764.25	705.50	596.25	551.75	729.75	859.75	915.00	933.25	903.25	909.25	922.75	843.50	743.75	621.50	613.25	668.00	766.50	852.00	977.25	977.00	1217.50	1149.25	1187.75	1175.75	1094.00	925.50	921.25	1046.25	1110.75	1197.75	1137.25	1122.50	1080.25	1026.75	938.25	888.75	811.75	767.75	745.25	744.75	776.75	802.75	706.25	661.50	649.50	639.50	620.75	626.75	590.50	596.25	644.75	638.00	634.75	671.75	635.50	618.00	552.25	577.75	535.00	517.50	493.00	481.00	481.25	493.75	484.50	524.00	542.50	565.75	560.25	573.50	508.75	534.50	550.75	528.00	425.75	410.75	392.50	440.50	480.25	475.00	504.75	550.00	603.50	775.00	895.25	904.50	729.00	734.50	584.75	531.25	572.75	726.00	781.25	766.25	957.50	1086.00	921.50	799.00	829.00	1058.00	966.75	749.75	707.50	917.00	1077.75	1085.00	1170.25	1118.75	996.75	875.25	836.50	881.00	870.25	697.25	891.75	1048.00	1023.50	852.50	765.25	719.50	720.75	718.00	659.25	459.75	527.75	739.00	840.75	626.25	650.25	752.50	885.75
1228.25	1357.50	1320.25	1307.50	1218.25	1242.00	1132.25	1142.50	1146.75	1156.75	1200.75	1190.00	1117.00	1100.00	1111.25	1135.50	1132.75	1102.75	1061.25	1101.25	1247.50	1400.75	1452.50	1260.25	1172.00	1253.25	1285.75	1233.25	1223.75	1036.50	1014.75	1143.00	1245.75	1267.25	1396.00	1429.75	1331.75	1369.00	1231.25	1445.50	1327.25	1233.50	1301.00	1443.50	1146.00	1077.75	1112.00	1265.75	1331.25	1282.50	1386.25	1415.75	1354.75	1328.50	1233.50	1227.75	1258.50	1280.50	1291.75	1298.00	1465.00	1609.25	1546.50	1645.75	1801.00	1706.00	1737.25	1586.00	1722.25	1742.75	1787.25	1793.00	1697.75	1746.00	1663.50	1464.25	1270.50	1396.50	1424.75	1334.75	1380.25	1437.75	1463.75	1477.50	1391.75	1483.25	1410.75	1138.50	1220.00	1298.25	1091.25	823.50	1073.50	1261.00	1365.75	1513.00	1599.25	1546.50	1288.75	1255.50	1353.25	1304.25	1184.00	1272.25	1234.00	1131.75	1072.25	969.75	890.75	703.75	604.00	667.00	760.25	1045.00	1029.75	1063.75	1075.00	1046.25	1060.25	1020.75	960.75	957.75	984.25	909.75	806.00	738.00	712.00	633.50	545.75	734.25	868.25	947.25	961.25	870.00	866.00	866.25	792.50	688.00	614.75	617.50	639.25	698.50	790.75	902.75	948.25	1152.50	1060.75	1233.25	1210.25	1055.50	880.50	967.25	1088.25	1197.00	1188.00	1159.00	1142.25	1152.75	1037.50	997.00	925.75	831.00	793.25	762.75	762.25	776.75	771.50	724.75	685.25	684.50	692.50	653.75	675.00	624.50	587.25	577.75	561.75	554.25	562.50	554.25	547.25	533.75	518.50	511.00	501.25	505.00	504.25	509.25	562.75	526.50	583.25	578.25	615.50	627.25	635.50	525.50	588.50	613.75	569.50	508.75	460.50	404.50	406.25	437.00	466.00	504.00	586.75	652.25	820.25	934.00	873.50	721.75	639.00	513.00	575.25	642.50	676.00	774.00	864.50	1064.25	1075.25	907.00	798.75	788.00	1021.75	930.00	690.75	742.25	926.25	1079.00	1151.25	1246.50	1154.00	1076.75	942.50	823.50	778.25	803.75	690.25	873.25	1029.50	970.00	885.00	817.25	750.00	748.75	658.50	617.00	512.75	481.25	646.50	712.00	573.50	744.75	856.75	752.50
1338.25	1234.50	1281.00	1309.25	1365.00	1263.50	1232.50	1274.75	1295.00	1369.75	1450.50	1319.00	1171.00	1297.75	1193.25	1340.00	1349.25	1216.25	1186.25	1226.50	1159.25	1362.00	1440.25	1232.25	1432.50	1528.00	1477.25	1344.25	1313.75	1261.75	1140.50	1058.25	1006.25	1158.25	1271.75	1323.75	1224.75	1298.50	1188.00	1405.50	1400.00	1205.25	1301.50	1218.75	1083.50	1234.50	1199.25	1128.50	1263.25	1282.00	1359.50	1327.50	1426.75	1470.25	1345.75	1273.00	1293.00	1376.25	1356.25	1426.00	1345.00	1427.75	1635.25	1678.75	1649.00	1546.25	1513.00	1547.00	1586.25	1720.25	1830.50	1727.75	1620.00	1596.25	1586.25	1374.75	1330.00	1206.50	1124.50	1161.00	1264.75	1175.50	1330.50	1349.25	1227.50	1426.00	1300.75	1102.50	1060.50	1021.75	872.00	867.50	1075.00	1200.75	1430.25	1619.25	1623.00	1463.25	1240.00	1097.50	1233.25	1400.25	1299.25	1216.00	1194.00	1178.50	1082.75	1054.75	1006.00	711.25	599.25	625.50	759.25	872.00	941.50	1070.25	1112.50	1000.50	1044.00	986.75	855.00	799.25	908.00	872.25	818.75	740.25	666.25	594.50	540.00	744.25	835.50	886.75	851.75	817.75	720.00	696.75	609.25	589.25	666.50	731.00	725.00	686.00	664.25	699.25	817.25	909.50	1066.75	1075.50	1124.50	954.75	907.00	1005.00	1108.50	1038.50	1093.75	1149.25	1038.50	1122.50	998.25	1036.25	1017.50	913.00	964.50	888.75	833.00	802.75	776.00	741.00	751.75	799.50	764.25	760.25	708.50	724.00	682.75	669.00	615.25	609.25	591.75	618.00	623.75	555.00	615.75	581.50	545.50	593.50	566.50	575.75	698.50	649.50	667.50	661.75	650.50	741.25	717.25	571.50	702.50	685.25	616.75	596.50	567.00	512.25	391.75	383.75	420.50	513.75	566.75	663.00	847.00	859.50	693.50	730.75	563.00	530.50	699.00	902.25	861.00	791.50	996.25	1154.00	1048.75	874.50	734.00	713.00	813.75	707.25	650.75	762.50	1000.75	1086.75	1123.00	1214.00	1157.50	1108.50	942.75	883.75	889.50	861.00	863.25	651.25	788.50	806.75	894.75	696.75	625.00	591.75	607.75	554.00	521.50	453.25	462.00	486.00	563.50	738.25	827.25	641.00
1375.00	1205.25	1155.50	1199.25	1347.00	1339.50	1385.00	1368.25	1349.00	1450.25	1407.00	1249.75	1230.25	1369.25	1240.00	1419.25	1331.25	1264.75	1236.75	1292.25	1179.75	1332.50	1492.75	1261.25	1490.00	1675.25	1553.00	1405.00	1431.00	1385.00	1262.25	1178.00	1016.00	1135.75	1217.25	1255.25	1200.25	1267.75	1152.75	1330.25	1410.00	1226.25	1247.50	1119.75	1124.25	1291.75	1249.50	1124.75	1217.75	1341.75	1488.00	1396.00	1515.00	1478.50	1366.00	1336.50	1328.00	1418.50	1392.75	1524.50	1333.25	1364.50	1575.75	1524.50	1505.00	1460.75	1558.25	1696.25	1702.75	1729.00	1783.50	1800.50	1709.50	1634.25	1491.75	1375.75	1543.75	1397.75	1124.50	1066.00	1262.25	1133.00	1276.00	1295.50	1169.50	1344.25	1308.00	1074.00	979.50	943.00	800.00	918.75	1083.50	1191.50	1376.25	1486.00	1433.00	1377.25	1201.00	1052.50	1145.25	1338.25	1245.00	1204.25	1125.25	1073.25	1005.50	1015.75	983.25	745.25	602.50	598.25	695.25	844.50	998.00	1087.50	1032.25	978.75	1009.75	989.50	849.75	741.75	803.50	833.25	826.50	710.00	642.25	553.75	535.75	740.50	802.50	849.25	803.50	738.25	630.00	604.75	582.50	605.75	683.00	764.75	785.50	765.25	730.00	709.75	726.00	844.75	992.75	990.00	1038.75	932.00	933.75	918.75	987.50	977.75	1109.75	1102.00	1031.25	1011.25	1017.00	1060.75	1041.50	978.25	1073.25	972.50	886.75	820.75	803.75	788.50	792.50	805.50	751.75	790.75	764.75	723.75	746.00	673.75	664.25	636.50	601.00	663.50	643.00	578.50	653.25	619.25	572.50	638.50	590.00	587.25	737.00	710.00	644.25	719.25	712.75	734.00	715.00	587.00	759.50	731.50	655.00	621.75	639.25	559.75	404.75	380.25	398.00	537.75	639.50	684.25	745.75	741.75	645.00	611.75	541.75	625.75	685.00	832.75	960.00	872.25	993.00	1105.00	961.75	844.00	781.75	701.50	712.50	624.75	721.75	839.25	1002.75	1210.00	1211.00	1175.50	1055.00	1190.00	1004.50	850.25	812.75	930.25	940.75	618.75	676.00	779.00	869.00	674.75	586.75	562.75	537.50	538.75	566.00	497.75	431.25	463.50	575.25	732.00	722.50	696.75
1216.75	1210.75	1078.25	1098.75	1311.50	1330.75	1513.75	1565.50	1543.00	1429.75	1475.75	1313.50	1367.75	1403.25	1431.75	1443.25	1271.00	1439.00	1311.75	1415.00	1345.75	1257.00	1478.00	1433.00	1357.25	1484.25	1651.00	1597.75	1685.25	1427.50	1396.75	1255.50	1102.25	1015.75	1074.00	1096.25	1158.00	1165.50	1094.75	1161.25	1211.50	1141.00	1055.25	1073.50	1168.75	1324.50	1353.00	1278.75	1226.25	1403.00	1346.25	1405.00	1551.25	1631.00	1558.75	1525.25	1394.25	1454.25	1444.50	1578.25	1524.00	1390.00	1377.00	1424.50	1524.50	1516.25	1666.00	1754.00	1797.50	1962.50	1852.75	1909.00	1820.50	1745.00	1562.25	1477.25	1521.25	1439.50	1369.50	1214.50	1020.00	1054.25	1152.50	1270.25	1075.25	1153.75	1121.50	938.00	902.75	785.50	870.00	944.00	1057.00	1104.75	1160.75	1171.25	1145.25	1143.50	1027.00	954.50	1139.75	1315.25	1140.25	1088.75	1036.00	972.25	941.00	896.50	989.00	829.50	660.75	580.25	674.25	829.75	964.25	1118.50	1086.50	920.50	999.00	1026.25	900.00	766.00	755.50	686.25	670.25	617.25	559.75	523.75	553.25	690.75	800.00	761.75	660.75	601.00	569.75	618.75	676.25	737.75	684.50	778.25	884.00	967.50	955.75	968.50	842.00	793.00	815.00	784.75	841.25	806.50	801.75	873.50	1049.25	1116.50	1067.50	1115.75	994.25	959.00	1073.50	1066.75	1069.00	1047.50	1006.50	1119.00	1066.50	953.50	1034.25	981.50	919.75	843.50	856.75	839.00	781.25	831.50	689.00	698.25	743.50	660.00	640.50	757.00	636.25	635.75	694.75	698.75	611.50	750.75	651.50	638.25	681.00	788.75	629.75	681.00	837.75	844.25	731.25	647.25	810.25	794.00	723.00	738.50	692.50	551.25	432.00	385.75	376.25	491.50	659.00	768.75	604.25	520.25	494.50	464.75	596.00	763.50	897.25	905.50	972.25	1082.50	1046.50	1024.75	909.25	806.75	721.75	625.75	572.25	635.00	733.00	771.75	1028.75	1129.25	1037.00	928.50	959.50	1073.50	1108.50	955.25	793.50	720.50	706.50	691.25	577.75	692.25	832.00	760.75	672.75	610.75	624.50	737.50	719.00	673.50	442.25	416.00	451.75	518.75	550.75	708.00
1171.75	1126.50	1045.75	1037.25	1161.25	1149.75	1310.50	1391.25	1515.25	1553.75	1538.25	1358.00	1483.25	1455.50	1503.00	1425.75	1400.75	1419.00	1346.25	1488.50	1365.75	1370.50	1418.25	1529.50	1359.25	1414.75	1610.00	1650.25	1682.75	1479.00	1377.25	1267.75	1158.00	1036.25	1030.25	1056.00	1047.75	1051.25	1054.75	1067.25	1087.00	1074.00	1111.00	1117.50	1257.50	1271.00	1402.75	1368.75	1216.00	1321.50	1354.50	1357.00	1461.25	1620.00	1587.75	1605.50	1540.75	1570.25	1480.50	1522.50	1573.00	1479.75	1520.00	1450.00	1568.25	1639.50	1652.00	1613.50	1610.00	1804.25	1624.50	1845.25	1800.00	1762.00	1640.25	1539.25	1373.25	1329.00	1288.50	1319.00	1073.25	1030.50	1025.50	1098.75	1019.00	986.75	973.25	927.25	835.75	907.50	1044.25	1008.25	1118.00	1076.75	1041.25	1044.50	1053.50	1186.25	1020.75	950.50	1123.50	1237.00	1095.50	1011.75	1001.75	937.75	882.50	814.25	845.50	775.50	687.50	593.75	643.00	785.50	874.00	1000.50	1044.50	939.25	913.75	1024.75	958.25	870.00	844.00	732.75	704.25	627.75	545.75	527.00	571.75	665.25	720.25	650.00	580.00	561.25	625.00	744.00	776.50	818.00	796.25	707.75	838.00	974.50	1049.75	1054.50	960.75	904.25	946.00	833.00	785.25	803.75	854.00	832.25	935.00	962.25	905.25	975.00	918.00	977.25	1032.25	1040.50	1029.25	1000.25	937.00	1107.00	1046.75	1069.00	1039.00	1037.00	950.75	893.50	943.75	910.75	811.25	773.25	742.50	825.25	747.00	648.50	730.25	775.00	627.50	707.50	780.00	710.25	643.25	786.00	654.50	689.25	760.75	779.50	770.00	738.00	794.75	884.50	750.00	730.25	811.00	747.50	705.00	685.50	641.50	536.50	447.75	393.50	372.00	446.50	589.00	735.75	604.25	466.50	472.00	529.00	599.25	689.75	811.00	862.00	878.00	920.75	1001.00	995.75	903.00	873.25	747.75	629.75	551.00	634.75	735.50	703.75	848.50	926.25	906.50	822.75	969.00	980.25	955.00	923.25	862.50	827.25	776.50	696.25	572.00	622.75	719.25	719.25	692.75	667.25	644.00	801.25	724.75	633.75	586.00	557.50	458.50	429.50	487.00	577.50
1235.00	1062.25	966.25	1059.00	1075.00	1126.00	1222.25	1306.50	1417.25	1560.25	1577.75	1473.25	1606.50	1556.00	1575.50	1521.25	1587.75	1429.25	1396.50	1493.50	1400.25	1550.50	1388.00	1544.50	1482.00	1394.50	1645.75	1704.75	1611.75	1467.25	1337.75	1259.75	1163.00	1118.50	1044.00	1118.25	1119.50	1053.00	1028.75	1039.25	1076.50	1117.25	1261.75	1183.25	1395.00	1327.75	1372.25	1423.25	1236.50	1278.25	1356.25	1414.25	1443.50	1553.00	1505.50	1622.00	1683.50	1670.75	1599.75	1528.75	1545.00	1568.25	1673.25	1426.50	1489.50	1684.75	1706.75	1512.75	1442.25	1622.25	1444.50	1786.50	1775.00	1782.25	1729.75	1593.25	1349.75	1252.75	1162.00	1273.75	1256.25	1160.75	962.25	901.75	921.50	909.00	856.50	871.75	787.00	1085.25	1225.25	1190.25	1164.25	1002.00	977.00	954.50	1013.50	1218.50	993.75	920.25	1033.75	1129.25	1097.50	1045.25	1026.50	941.00	837.25	830.50	787.75	719.75	674.00	599.00	606.00	723.50	747.50	856.50	912.25	929.75	786.75	954.50	938.25	887.50	861.75	765.75	714.00	607.50	531.25	540.25	607.00	640.00	595.75	552.50	553.75	595.25	681.00	804.75	902.75	899.25	922.75	700.50	756.00	918.50	1005.00	1119.75	1083.00	1026.00	1063.25	937.50	815.25	888.00	952.00	847.25	922.75	829.00	856.25	880.50	925.75	936.25	970.50	1051.75	997.25	1005.00	907.00	1072.75	957.50	1070.75	946.75	1024.75	969.75	955.00	956.75	925.00	818.25	707.00	900.25	930.00	730.25	675.00	811.50	775.75	624.25	772.00	863.50	733.00	662.50	788.25	663.25	732.50	854.50	801.25	939.25	854.75	755.50	901.25	808.25	864.50	788.00	726.00	670.25	596.75	569.50	514.25	481.75	421.00	367.75	406.75	546.00	684.25	594.75	426.75	523.25	630.00	626.25	625.75	668.50	701.00	732.75	788.50	1019.25	922.75	804.25	873.00	816.00	676.50	529.25	582.75	692.00	646.50	725.00	836.50	750.50	777.00	992.00	957.00	791.00	853.25	864.50	911.25	842.75	722.75	570.75	570.25	642.25	691.50	803.75	794.50	686.75	828.75	649.50	667.25	753.00	733.50	576.00	411.75	414.50	473.50
1178.75	994.00	971.25	1223.75	1231.75	1213.00	1268.50	1348.50	1349.75	1408.00	1507.25	1419.75	1549.00	1437.25	1456.75	1568.00	1617.75	1469.75	1493.75	1519.25	1569.75	1649.75	1508.00	1562.00	1662.50	1516.50	1670.00	1612.25	1485.50	1367.50	1308.25	1247.75	1167.00	1116.00	1110.00	1178.50	1263.00	1188.50	1074.75	1067.50	1106.50	1173.50	1434.50	1388.50	1408.00	1428.25	1389.25	1502.75	1313.75	1237.25	1283.25	1394.00	1427.00	1400.75	1399.00	1512.00	1587.00	1573.75	1576.50	1530.75	1469.75	1476.50	1535.00	1350.75	1393.50	1622.00	1601.00	1397.75	1353.00	1461.50	1381.75	1625.50	1551.25	1554.25	1583.00	1546.75	1419.50	1307.50	1179.25	1116.50	1234.50	1165.75	1005.75	939.50	891.25	872.25	814.75	764.25	827.75	1151.00	1354.25	1261.00	1146.00	971.50	907.75	975.25	1135.50	1250.00	996.00	864.50	966.25	1084.00	1102.00	1134.50	1057.25	966.50	902.25	975.00	927.25	804.25	742.25	704.75	647.75	627.25	657.75	739.00	806.00	907.00	767.00	820.50	915.75	842.00	793.00	770.00	681.50	551.00	514.50	536.00	573.00	580.00	541.00	552.25	573.50	597.50	701.50	796.75	907.75	924.25	923.00	830.25	783.75	828.50	865.75	1008.50	1061.25	1045.75	1112.75	1043.00	971.25	966.75	959.50	902.75	982.75	888.25	894.50	969.00	997.25	985.75	1019.25	1103.50	977.75	939.00	874.25	1003.50	939.00	1031.75	907.25	941.25	961.75	1007.00	938.25	880.75	823.00	743.00	919.00	863.25	727.25	759.50	833.75	725.25	657.75	806.50	899.00	751.50	683.75	792.00	738.75	750.00	845.75	876.50	1047.25	928.00	864.25	872.00	857.75	860.50	753.25	669.50	696.75	678.50	630.25	571.50	510.75	448.50	368.25	374.75	464.50	606.25	504.25	421.75	545.00	638.25	749.25	810.50	814.75	785.00	839.00	882.50	998.50	927.75	816.50	766.75	756.75	676.75	528.00	556.50	711.00	749.75	777.25	775.00	717.50	793.25	951.25	899.75	751.50	761.75	711.25	804.75	793.75	642.25	544.00	595.50	721.00	790.00	935.00	916.00	785.00	833.50	676.00	794.00	756.25	686.00	608.00	482.25	404.50	412.75
993.25	919.50	1042.50	1268.25	1236.75	1159.75	1220.50	1291.00	1288.25	1341.75	1358.25	1249.50	1363.25	1231.25	1312.75	1552.00	1569.75	1526.50	1595.50	1589.75	1656.75	1696.75	1644.25	1645.50	1700.25	1554.50	1552.25	1401.25	1316.75	1270.25	1250.25	1214.50	1146.75	1072.75	1206.00	1164.50	1336.75	1315.00	1115.50	1118.00	1167.75	1182.00	1436.75	1513.75	1472.75	1477.75	1450.25	1580.75	1469.25	1289.25	1303.50	1397.50	1465.75	1361.50	1360.50	1451.25	1476.25	1423.50	1428.00	1441.75	1400.25	1302.25	1312.50	1214.50	1339.50	1574.25	1469.50	1292.25	1286.00	1290.50	1338.50	1521.75	1341.75	1346.25	1431.00	1502.00	1388.00	1409.50	1197.00	1062.50	1021.75	1020.00	948.50	908.00	881.25	839.50	813.75	731.00	857.75	1200.25	1356.00	1174.75	1141.75	958.75	879.00	1033.50	1166.75	1229.25	961.50	834.50	917.75	1048.75	1058.75	1167.25	1091.75	1025.75	985.00	1055.50	996.50	895.00	873.00	854.75	767.75	594.50	577.25	603.75	722.25	852.75	816.75	688.00	901.25	885.50	742.00	731.00	692.25	514.75	508.50	518.25	519.75	535.75	566.25	601.75	629.25	602.00	651.25	744.50	807.25	867.50	844.50	912.75	870.50	820.50	819.00	853.50	954.00	963.00	1048.00	1106.00	1092.50	995.25	931.00	970.00	962.25	979.00	919.25	998.75	1051.50	1076.50	1074.00	1159.75	1021.00	912.75	890.00	876.25	866.00	1055.75	880.25	913.75	1020.25	1077.75	984.50	829.50	852.75	780.50	849.00	749.50	746.00	855.00	851.50	676.25	753.75	803.50	905.75	821.25	739.50	825.75	850.25	778.00	847.00	931.00	1112.00	1034.00	926.50	820.25	817.00	792.50	691.00	579.75	676.50	767.00	731.50	658.25	571.50	515.75	378.00	362.50	404.75	487.00	406.25	470.00	582.00	663.75	801.50	926.25	956.00	948.00	1000.75	1017.00	864.50	921.50	872.50	740.00	670.75	613.25	507.75	569.25	846.50	858.00	740.75	670.25	746.25	842.00	952.25	909.25	814.00	802.75	684.25	644.25	708.25	521.25	542.00	646.25	719.25	811.00	1036.75	1095.00	932.00	850.75	795.25	848.50	740.50	668.75	630.00	608.00	435.50	385.50
920.25	983.25	1067.25	1121.00	1141.75	1171.50	1212.00	1241.00	1221.50	1248.00	1311.50	1184.75	1169.00	1186.50	1361.75	1416.25	1452.25	1494.75	1547.50	1561.00	1501.25	1589.50	1518.00	1554.25	1589.50	1391.25	1339.75	1273.25	1347.50	1263.25	1223.00	1197.00	1204.00	1101.75	1286.75	1232.50	1328.25	1334.75	1159.50	1179.00	1303.25	1278.50	1369.50	1439.00	1497.50	1551.50	1548.50	1581.50	1516.75	1301.00	1384.50	1438.75	1523.50	1509.25	1494.25	1529.25	1470.75	1285.25	1270.50	1360.00	1387.25	1351.00	1223.25	1130.75	1292.00	1442.75	1349.50	1173.50	1206.75	1281.50	1433.50	1516.00	1303.75	1222.75	1293.00	1435.75	1239.25	1350.75	1137.50	1105.25	942.50	944.25	923.25	917.25	907.75	894.50	850.00	716.00	825.00	1163.50	1158.25	1037.25	942.00	878.00	930.25	1019.25	1119.25	1199.75	976.50	883.00	839.50	952.00	988.75	1081.00	1055.00	1060.75	1058.00	1015.50	958.75	885.50	863.25	835.25	807.25	686.25	581.75	550.50	616.75	746.50	920.25	719.00	787.00	916.00	824.50	717.00	626.75	506.25	520.50	570.75	592.75	552.00	646.50	717.75	751.50	723.50	618.75	666.00	672.50	717.25	741.75	876.50	928.00	951.00	961.50	842.75	908.00	960.00	1066.25	1099.50	1176.00	1021.50	951.50	1062.75	1027.75	1055.00	1011.00	987.00	1025.75	1043.25	1018.50	1086.25	1069.50	1024.75	1025.00	893.50	854.00	952.50	851.00	984.00	1029.00	1059.25	1004.00	894.50	884.00	873.25	802.25	723.50	802.50	867.50	807.50	695.00	824.50	801.50	926.75	941.25	801.25	886.75	955.75	887.50	942.00	942.00	964.25	955.75	869.75	770.75	716.00	745.25	667.75	561.75	564.25	641.50	635.00	539.75	506.75	474.75	375.25	358.25	380.25	418.50	460.25	499.00	562.25	646.25	700.50	762.25	814.75	903.25	995.75	1010.75	793.00	824.00	843.75	849.75	739.75	598.25	483.25	598.50	799.50	711.75	711.75	750.50	838.50	840.75	989.50	1000.25	856.00	805.50	733.00	607.50	593.75	526.75	528.25	681.00	803.50	843.50	1076.75	1042.25	948.75	918.75	859.25	774.50	673.25	637.25	612.25	620.00	460.25	402.75
984.00	1107.00	1177.00	1054.00	1229.50	1320.75	1186.75	1195.50	1146.00	1130.50	1304.00	1200.00	1053.25	1182.00	1391.25	1231.00	1307.25	1358.00	1439.00	1468.50	1365.00	1381.00	1298.75	1374.00	1504.75	1235.00	1157.50	1258.75	1452.00	1322.75	1341.25	1304.50	1265.00	1143.00	1264.50	1299.50	1283.75	1338.00	1233.75	1216.75	1389.50	1383.50	1463.75	1459.00	1496.50	1587.75	1578.75	1495.00	1423.25	1289.00	1465.75	1415.00	1463.25	1581.25	1607.75	1504.75	1444.00	1207.50	1177.00	1356.25	1354.00	1432.00	1233.25	1092.00	1171.75	1255.25	1259.25	1091.50	1177.00	1412.75	1570.50	1531.75	1306.50	1160.50	1159.75	1335.00	1146.00	1253.50	1083.25	1063.75	991.00	1006.75	1020.25	1052.25	1025.25	979.00	931.25	697.00	811.50	1053.75	959.25	931.75	791.50	854.25	931.00	991.00	1129.00	1224.25	1048.75	950.50	787.00	840.00	952.00	975.00	960.75	1012.25	1086.00	987.00	943.75	882.25	839.50	787.50	773.50	715.00	622.00	551.50	530.50	624.00	1003.25	806.50	680.75	859.75	868.25	722.75	550.25	502.00	542.75	647.00	698.75	575.50	666.00	814.00	837.25	786.50	680.75	692.25	634.75	611.75	660.25	825.50	871.00	939.50	1027.00	914.50	900.25	954.50	1043.25	1113.00	1218.00	1079.25	1007.50	1144.00	1060.75	1007.50	1085.25	954.00	954.25	937.25	938.00	1028.50	1046.75	1060.75	1066.00	1015.50	970.75	799.75	875.75	981.00	926.75	954.50	996.75	1028.50	936.00	944.00	765.75	753.25	889.50	845.25	788.25	737.50	811.25	879.50	975.75	991.75	855.50	914.25	934.50	948.00	983.50	961.00	761.00	812.75	857.00	715.50	648.75	651.75	708.50	626.75	522.25	478.00	466.00	401.25	380.00	369.25	376.75	362.50	362.50	426.25	538.50	553.25	556.75	561.50	601.50	687.25	760.25	868.75	986.25	885.25	793.75	686.50	781.25	850.75	795.75	594.25	477.50	589.25	626.00	585.50	785.50	815.25	852.00	759.50	925.50	1039.50	870.75	765.00	701.75	628.75	649.00	557.25	492.75	700.50	923.75	902.75	1016.75	852.50	815.50	923.50	889.00	718.25	684.50	633.75	574.00	509.50	454.75	523.75
990.25	1097.00	1268.75	1213.25	1307.50	1181.50	1017.00	1096.00	1059.75	1102.25	1207.25	1185.25	1066.50	1150.00	1375.50	1156.50	1133.50	1203.50	1281.75	1354.75	1498.25	1247.25	1147.50	1265.75	1231.75	1060.00	1099.00	1247.00	1472.50	1484.25	1395.00	1282.50	1258.00	1232.75	1211.50	1337.00	1377.75	1355.75	1213.50	1185.25	1237.50	1367.50	1446.75	1520.50	1584.75	1586.50	1492.25	1444.75	1353.00	1365.25	1568.00	1576.25	1512.00	1531.75	1547.50	1344.50	1252.50	1161.75	1086.25	1221.75	1317.25	1377.00	1281.75	1211.75	1081.50	1048.75	1082.50	1131.25	1333.50	1464.50	1371.75	1619.25	1356.25	1192.25	1078.25	1106.25	1141.00	1238.50	1221.50	1112.50	1117.50	1012.75	933.75	888.00	890.25	824.75	800.00	682.75	839.50	836.50	806.50	787.25	928.50	1045.25	1125.50	1086.75	1071.25	1229.00	1228.25	1043.00	835.50	753.75	918.25	913.25	879.75	1000.00	1103.00	1068.00	1056.50	1041.00	983.50	879.50	803.25	734.50	650.75	598.50	525.00	527.25	931.50	923.50	734.00	631.25	711.50	654.25	515.25	519.00	577.25	708.25	775.00	626.75	596.50	787.00	835.00	754.50	817.00	821.25	715.50	654.50	617.25	690.00	725.75	790.25	830.00	880.25	950.75	998.25	1027.00	1099.50	987.25	1059.50	1094.25	1056.00	993.75	890.25	1042.75	886.50	873.00	1059.25	1083.50	1124.75	1043.00	955.25	883.75	866.00	913.50	736.50	836.75	946.75	1010.00	1021.50	1111.00	1120.50	932.00	856.00	798.75	810.25	928.00	872.25	917.50	886.25	828.75	975.25	919.25	836.25	891.75	754.00	735.25	783.75	811.75	738.25	735.50	649.75	828.25	783.25	658.00	572.75	607.50	557.75	461.00	400.75	414.50	484.50	517.50	477.50	563.75	482.50	349.75	409.25	535.00	643.25	747.25	721.50	696.50	706.75	780.75	909.75	1010.75	888.75	686.25	568.50	740.75	714.25	674.00	508.75	501.00	518.50	536.50	578.50	626.00	634.75	691.50	753.25	826.50	1001.25	1069.75	911.50	853.00	823.50	820.50	529.50	476.00	689.75	877.50	841.25	668.50	648.00	829.50	993.25	940.00	915.50	826.00	678.00	555.50	489.50	505.50	724.75
1037.25	1112.00	1200.00	1241.50	1264.50	1173.75	991.50	1038.75	1034.00	1098.25	1178.25	1068.50	1006.75	1167.75	1323.50	1203.25	1053.00	1111.50	1180.75	1338.75	1454.00	1292.00	1089.00	1168.50	1156.50	1012.75	1182.50	1306.00	1489.50	1580.50	1411.75	1400.25	1394.00	1310.00	1262.25	1337.75	1368.00	1343.50	1229.00	1238.00	1202.75	1324.75	1427.00	1411.50	1538.50	1502.25	1449.00	1356.50	1351.00	1426.50	1526.25	1532.50	1532.50	1510.00	1456.00	1298.50	1245.75	1199.00	1078.25	1083.50	1302.75	1294.75	1271.75	1353.50	1155.50	1016.50	1060.75	1169.50	1334.25	1328.25	1273.50	1608.00	1457.00	1300.00	1131.75	1034.75	1230.25	1238.75	1380.50	1258.75	1123.00	978.25	875.25	846.00	810.00	815.75	815.75	677.75	805.75	744.25	751.75	883.00	1009.50	1114.50	1278.50	1224.00	1183.50	1193.25	1189.00	1103.50	851.25	736.00	830.25	842.25	868.75	1008.75	1068.00	1082.00	1058.75	1060.25	1034.00	917.00	805.75	750.75	703.75	674.00	536.50	515.75	845.25	946.25	878.25	700.00	617.00	584.25	497.75	563.50	604.50	749.75	755.00	650.00	596.50	734.50	836.25	786.75	874.50	828.00	743.50	691.25	661.25	640.00	704.50	787.00	783.50	829.25	892.50	910.50	950.50	995.75	920.25	1028.25	1031.00	1012.50	938.25	890.25	969.25	842.00	899.75	1038.75	1063.50	1056.50	1089.25	1047.50	961.00	902.00	838.50	726.00	842.75	1011.00	1012.50	1052.50	1059.00	1076.25	903.25	835.50	883.00	817.00	955.25	923.25	988.50	982.75	840.50	897.25	798.25	770.00	887.25	778.50	702.00	712.25	738.25	646.00	736.25	638.00	749.00	783.25	655.00	621.50	544.25	465.75	411.50	431.00	478.00	598.25	626.25	577.50	568.25	497.75	362.25	369.50	465.25	587.75	690.00	657.75	648.00	720.25	757.50	889.25	968.75	930.75	707.25	534.00	698.75	725.00	577.50	485.25	574.00	607.00	604.75	610.75	659.75	627.50	787.75	820.75	860.25	991.25	1080.50	904.25	869.50	888.50	749.00	506.50	461.00	661.00	744.50	751.75	577.75	647.00	851.75	939.75	1015.00	948.25	736.00	599.50	546.75	522.75	553.75	744.25
1178.75	1178.25	1110.25	1171.00	1160.50	1102.25	1006.50	876.50	967.00	1161.00	1120.75	978.75	914.00	990.00	1068.00	999.25	1008.00	1183.00	1321.00	1412.75	1250.75	1129.00	1051.50	964.25	1023.50	1107.25	1219.00	1269.25	1351.25	1582.75	1517.50	1511.00	1618.25	1504.25	1458.00	1458.00	1561.75	1463.50	1443.25	1389.75	1288.25	1290.50	1281.75	1369.50	1522.25	1404.50	1323.00	1197.25	1351.50	1290.50	1316.00	1253.25	1310.00	1429.50	1431.00	1410.25	1276.25	1212.25	1132.00	1106.00	1041.25	1121.75	1237.00	1400.00	1359.50	1090.25	1025.75	1227.50	1273.75	1110.25	1257.00	1459.50	1588.00	1395.25	1194.50	1030.50	1299.50	1472.25	1481.75	1282.50	1167.25	1133.50	1067.00	992.75	967.75	1058.50	962.00	663.00	718.25	756.00	926.75	985.00	1228.00	1307.75	1224.50	1252.00	1393.75	1219.00	961.25	1063.00	962.50	831.25	717.50	682.25	783.75	894.75	1013.75	1192.50	1157.50	1051.50	944.50	999.75	924.75	899.50	856.75	758.75	647.75	530.00	629.50	841.75	887.75	778.25	652.00	503.75	534.00	771.50	732.00	810.75	713.75	795.75	713.25	642.25	783.75	852.00	952.75	958.25	869.00	848.00	755.25	678.25	715.00	680.00	686.50	773.00	778.50	850.75	925.50	890.00	844.75	927.00	874.25	932.75	1004.75	944.50	826.75	821.75	903.25	908.00	947.00	1076.25	1042.50	901.75	893.25	995.00	985.25	822.25	721.25	840.50	831.50	904.75	966.75	1066.00	1064.75	979.75	1033.00	901.50	1063.50	1115.50	1128.00	1017.25	972.50	963.25	839.00	769.50	720.50	726.25	647.75	613.75	586.00	579.50	537.25	536.50	598.75	666.75	596.50	631.00	527.50	415.50	479.75	580.50	567.50	772.25	765.75	670.00	554.50	476.25	440.00	377.75	347.50	357.25	393.50	403.75	448.25	522.75	583.75	684.75	791.75	729.75	735.25	513.50	631.50	650.00	499.00	471.50	582.50	702.25	823.00	859.25	904.50	821.00	757.75	840.75	974.00	1159.50	1032.50	869.50	706.00	797.25	762.75	528.75	438.75	497.50	518.50	519.75	549.75	619.50	647.50	683.00	825.00	874.00	733.25	658.50	737.25	671.75	713.50	751.50
1090.50	1091.50	1032.25	1216.25	1128.00	1016.50	951.75	862.50	959.50	1143.25	1074.75	1043.50	985.25	923.00	1002.75	923.75	1025.25	1208.50	1404.50	1443.25	1331.75	1151.75	1001.50	939.00	958.75	1085.00	1148.00	1295.50	1322.00	1519.25	1389.00	1418.50	1521.50	1454.25	1558.25	1548.75	1613.25	1607.50	1589.25	1454.75	1349.25	1409.00	1328.25	1388.25	1489.00	1465.75	1360.50	1167.50	1248.75	1174.25	1325.00	1162.00	1253.25	1365.00	1336.00	1438.25	1301.50	1272.25	1255.25	1267.00	1001.50	1104.00	1171.50	1370.75	1347.00	1111.00	964.50	1105.00	1115.75	1103.00	1186.50	1319.00	1517.75	1394.75	1250.25	1028.00	1275.00	1450.75	1501.00	1280.00	1068.50	1141.00	1138.75	1029.00	1045.75	981.50	880.75	670.25	676.75	851.50	1073.50	1046.00	1276.25	1350.00	1166.75	1272.25	1347.75	1133.75	969.50	927.00	910.00	816.00	759.75	703.75	728.25	912.50	1064.50	1212.50	1201.00	1096.25	909.25	887.75	907.00	961.00	856.00	771.75	786.25	594.25	551.25	720.25	809.75	697.50	583.25	501.25	600.00	817.00	837.00	829.75	708.00	851.00	787.25	638.25	709.25	797.00	941.00	1011.75	846.25	822.50	739.00	676.75	778.25	741.75	705.50	708.25	740.75	877.75	904.25	848.25	792.50	889.00	837.25	874.25	994.25	895.50	791.50	865.75	986.75	1003.25	1000.25	1066.25	1059.75	945.00	858.00	879.50	980.75	833.00	692.75	817.50	858.25	890.75	956.50	1048.25	1067.00	1082.75	1106.75	957.50	1127.00	1203.50	1142.50	1082.50	1089.00	937.50	857.75	829.00	685.75	675.25	675.50	705.75	643.50	680.00	571.75	521.50	507.75	529.25	519.25	558.25	488.50	430.75	544.75	663.75	645.50	784.50	831.00	680.75	557.00	546.50	532.50	422.25	367.75	340.50	339.50	347.25	374.00	451.00	521.00	606.75	676.75	704.25	691.50	518.25	576.00	572.25	438.50	480.25	591.25	657.25	862.25	959.75	1015.25	864.00	784.75	890.50	1006.75	1146.50	971.50	866.00	757.75	653.00	624.50	543.25	432.00	450.75	484.75	503.75	596.25	674.25	666.25	676.75	797.75	907.75	785.50	735.75	835.00	758.25	757.75	743.25
928.25	919.50	1088.50	1243.00	1008.50	898.00	847.00	1015.50	1152.75	1250.25	1215.00	1221.00	1112.50	863.00	869.75	997.00	1030.25	1132.00	1230.00	1200.75	1128.50	1073.75	908.75	952.75	1176.75	1085.50	1124.50	1150.50	1259.50	1477.75	1295.50	1246.75	1248.50	1312.50	1424.50	1335.00	1388.50	1446.50	1429.50	1460.50	1510.00	1567.25	1418.50	1504.25	1493.75	1579.50	1467.75	1317.75	1173.00	1057.25	1206.50	1076.25	1206.75	1158.75	1232.25	1445.50	1446.50	1421.25	1248.75	1193.25	1049.00	928.00	1060.25	1272.25	1369.75	1195.50	928.75	987.00	1095.50	1231.50	1286.00	1506.75	1522.25	1302.25	1179.50	1033.50	1148.75	1229.00	1516.00	1331.50	1036.50	984.25	1130.00	1088.75	1037.00	1106.75	1072.50	679.00	641.50	854.00	990.50	1237.50	1258.00	1124.00	1036.50	1248.25	1286.75	1175.00	934.50	882.25	959.25	956.25	898.25	783.00	684.75	824.50	1067.75	960.50	942.00	1004.50	888.00	816.75	724.50	840.00	979.75	952.25	817.25	690.25	496.50	524.75	644.50	621.75	517.25	554.00	694.00	813.75	930.50	889.50	752.00	896.50	741.50	717.25	694.75	682.25	849.50	985.50	937.50	858.00	777.25	665.00	823.25	887.50	841.00	741.25	807.00	887.75	869.75	833.25	774.75	782.25	750.50	864.75	928.25	816.75	752.00	942.00	940.50	942.75	904.50	958.00	980.50	907.00	873.25	790.00	758.00	830.25	675.25	761.25	807.75	795.50	895.75	946.00	928.25	974.00	1107.25	1116.50	1001.75	1111.00	997.25	1080.25	1127.25	839.00	813.75	773.25	760.50	872.25	851.00	859.25	789.00	839.50	706.75	678.25	606.25	543.00	523.75	448.75	449.00	580.75	629.75	656.00	816.75	846.50	747.25	665.25	681.75	713.00	587.50	569.00	460.00	393.25	382.00	342.00	328.50	329.00	380.50	425.25	509.00	704.50	589.75	499.75	456.75	429.25	404.75	570.00	625.75	660.00	786.75	930.75	1052.50	999.75	976.75	1009.00	1187.75	1075.75	815.75	690.00	701.75	648.50	555.50	451.25	415.75	463.25	605.00	674.25	623.00	710.25	853.00	928.50	986.50	1016.50	877.50	877.75	779.50	674.25	549.00	544.50
914.00	917.00	1163.50	1226.50	967.50	874.50	876.50	1091.50	1230.50	1331.00	1246.00	1204.50	1099.50	841.00	877.00	1056.50	1048.50	1163.00	1176.50	1169.50	1046.00	1030.50	871.00	1013.00	1274.50	1160.50	1192.50	1201.50	1311.50	1496.50	1333.00	1178.50	1196.00	1320.50	1385.50	1290.00	1370.50	1404.50	1366.50	1395.50	1485.00	1591.50	1462.50	1452.50	1512.00	1571.50	1512.50	1404.50	1232.00	1052.00	1117.50	1056.00	1163.50	1106.50	1208.00	1382.00	1383.00	1421.50	1305.00	1251.50	1073.00	932.00	1020.50	1209.00	1367.50	1206.00	915.50	1037.50	1179.50	1342.00	1361.00	1589.00	1524.00	1285.00	1227.00	1075.00	1081.00	1191.50	1502.00	1331.50	1044.00	978.50	1124.00	1034.50	975.00	1111.00	1069.50	665.00	638.50	798.50	925.00	1236.50	1171.00	1055.50	1058.00	1292.50	1339.00	1254.50	963.00	913.00	1052.50	1043.00	900.00	814.50	696.50	762.00	1014.50	887.00	849.50	997.00	906.50	893.50	706.50	781.50	1013.50	1015.00	847.00	708.00	499.00	500.50	603.00	593.00	503.00	559.50	749.50	876.00	943.00	912.50	776.00	903.50	730.50	739.00	727.00	667.00	811.50	964.50	988.50	877.50	776.50	667.50	815.00	921.00	880.50	760.50	831.50	920.00	857.50	864.00	799.00	751.50	727.00	854.00	896.00	773.00	774.50	985.50	929.50	921.00	858.50	915.50	978.50	936.00	905.50	839.00	730.50	827.00	674.50	764.50	825.50	773.00	856.00	885.50	949.00	963.00	1057.50	1125.00	961.50	1074.00	983.00	1092.50	1088.50	864.50	857.00	834.00	784.50	915.50	896.50	874.50	845.50	848.00	786.50	728.50	617.00	564.00	561.50	453.00	462.50	614.00	703.00	623.00	802.50	894.00	714.00	717.00	760.00	736.00	642.00	625.50	487.00	415.50	429.50	352.50	327.50	324.00	333.50	383.00	468.00	664.00	628.50	490.50	449.00	392.00	415.50	618.50	697.00	637.50	750.00	921.00	1014.00	1059.00	1009.50	1076.00	1185.00	1034.50	812.50	686.00	624.50	621.00	586.50	434.00	411.50	456.50	593.50	674.50	667.50	745.50	911.00	1000.50	1021.50	1014.50	921.00	878.00	739.00	616.00	517.00	500.00
873.25	885.00	1068.25	1088.25	1067.75	848.75	954.25	1154.75	1281.00	1205.25	1190.00	1071.50	969.75	828.25	947.50	1097.50	1213.25	1219.75	1070.75	1215.50	1046.75	882.75	1006.00	1113.75	1253.75	1332.00	1219.25	1317.50	1438.50	1388.00	1244.75	1125.00	1117.25	1425.25	1311.00	1292.00	1491.00	1383.50	1230.25	1362.25	1527.25	1533.75	1651.75	1611.25	1557.25	1421.00	1431.25	1293.75	1266.00	1142.75	1024.50	969.25	1038.50	1184.50	1299.75	1430.50	1318.00	1227.00	1246.25	1278.50	1222.75	1008.50	954.75	1143.50	1283.75	1129.50	916.75	1127.25	1274.50	1233.75	1235.25	1448.75	1530.25	1333.75	1102.75	1019.00	926.25	1085.25	1305.25	1166.75	937.50	1148.00	1232.00	995.50	820.00	788.00	763.75	631.75	627.75	888.50	1085.75	1222.00	976.25	944.50	1051.75	1171.25	1266.50	1348.00	1055.50	1023.00	1195.75	1034.25	1002.00	1022.25	816.25	650.50	671.75	693.00	827.75	933.00	975.00	1014.25	892.75	721.75	927.25	930.25	940.50	904.75	526.00	483.00	521.25	521.50	493.25	560.50	790.25	845.75	881.25	959.25	868.75	880.75	707.25	829.50	892.25	739.00	898.00	981.75	885.25	857.50	819.00	682.50	765.75	898.75	944.00	824.25	817.25	956.25	911.00	922.75	893.50	825.00	743.50	726.25	733.25	719.50	845.00	870.50	866.00	854.50	791.00	821.00	987.00	1087.00	1083.00	952.25	891.25	733.25	649.25	811.50	948.25	956.50	873.00	863.00	992.00	886.50	958.50	937.50	919.75	897.25	943.50	1009.25	1108.50	868.00	857.00	849.00	878.50	956.75	944.75	984.75	1030.00	943.00	873.75	876.25	736.00	630.50	516.00	446.50	531.00	660.75	710.00	789.00	787.50	971.25	856.75	813.75	742.50	672.25	637.25	585.50	508.50	588.75	442.25	345.25	357.75	335.50	321.00	323.00	441.75	595.75	721.00	637.75	566.50	391.25	447.25	637.50	753.75	808.00	920.25	898.75	879.00	839.75	969.75	1130.50	1151.75	897.00	749.00	638.00	608.50	534.25	498.50	473.50	431.00	410.75	512.00	640.50	858.25	856.75	989.75	1000.00	924.25	800.75	813.25	733.25	746.50	606.25	539.00	448.25
906.50	801.75	851.25	1030.25	1004.25	785.00	921.00	988.75	1125.25	1023.50	1004.75	1069.25	957.75	807.50	955.00	1086.00	1045.50	1118.00	991.25	1004.50	843.50	929.75	1024.25	1132.75	1477.00	1498.75	1427.25	1338.00	1303.25	1532.75	1406.75	1227.00	1056.00	1171.75	1166.50	1390.25	1313.25	1185.50	1277.25	1415.75	1336.75	1439.00	1418.75	1473.75	1482.75	1333.75	1456.75	1329.25	1174.25	1114.25	1044.50	918.50	1101.50	1383.25	1561.00	1590.25	1576.25	1330.50	1114.25	1129.50	1034.75	964.00	848.75	972.50	1168.75	977.00	919.50	1023.00	1084.00	1312.25	1419.00	1542.00	1358.50	1164.00	1122.00	1117.50	984.50	899.25	953.75	890.50	1020.75	1246.00	1382.50	1090.75	907.75	783.75	840.75	613.00	636.25	774.00	816.75	867.25	984.50	1170.75	1309.50	1308.75	1353.75	1399.00	1189.50	1302.75	1276.50	1255.75	1205.50	953.75	839.75	661.00	731.50	596.50	602.50	644.25	712.25	798.50	829.00	703.75	660.00	780.00	741.75	752.25	578.00	476.75	491.50	497.00	483.25	547.50	634.50	662.25	700.50	836.25	950.75	849.25	731.75	878.50	897.25	803.50	812.75	936.00	946.50	901.75	813.25	737.75	737.25	769.50	848.25	972.50	899.25	915.50	952.00	885.50	815.50	813.75	749.75	706.00	670.00	758.75	767.00	800.75	766.75	764.00	889.50	942.00	940.50	973.25	935.50	860.50	822.25	716.75	633.25	760.00	838.75	918.00	907.50	971.75	972.00	839.50	838.50	880.50	782.00	801.50	884.50	973.00	1024.50	872.75	789.25	700.50	733.25	881.25	763.75	946.50	900.50	843.25	754.25	668.50	586.00	507.25	474.75	490.75	602.75	720.75	772.00	823.50	936.50	977.75	808.75	794.00	834.00	813.50	727.25	653.50	492.50	401.25	387.50	414.75	486.00	426.75	340.25	316.25	322.00	525.75	636.50	585.75	489.25	362.75	442.25	559.25	610.25	729.25	783.25	798.00	678.25	800.50	998.00	1085.50	1013.50	804.00	683.25	623.75	560.75	602.00	691.50	640.75	533.00	406.50	523.50	724.25	804.75	787.50	916.25	863.25	746.25	672.00	731.75	614.25	749.25	735.00	678.25	509.00
898.50	801.00	870.00	968.50	914.00	750.75	866.75	959.25	1117.25	1070.25	918.50	951.25	877.50	828.25	969.00	982.50	927.00	1027.00	932.50	855.00	818.00	1006.25	1093.00	1125.75	1375.00	1423.50	1410.00	1248.75	1229.25	1446.50	1395.25	1297.50	1075.50	1104.75	1229.25	1246.50	1191.25	1141.75	1345.25	1376.25	1262.25	1342.75	1415.75	1560.25	1445.75	1301.50	1426.00	1378.00	1214.00	1140.25	1085.00	908.50	1091.75	1412.25	1572.00	1502.25	1552.00	1391.25	1225.00	1316.75	1182.00	1004.00	833.25	954.00	1153.25	914.25	954.25	1041.00	1132.00	1356.00	1400.00	1565.25	1468.00	1261.00	1285.75	1194.25	1103.25	961.75	825.25	845.25	1143.25	1331.50	1442.75	1195.00	993.25	874.75	852.50	608.00	638.50	801.25	891.00	991.50	1108.25	1173.25	1201.00	1230.25	1360.75	1443.50	1354.50	1367.25	1271.25	1301.00	1186.75	913.50	755.75	688.75	825.75	670.75	636.25	573.00	585.25	631.75	697.00	713.25	621.25	651.50	690.75	678.75	562.25	477.75	484.50	492.00	485.50	583.75	598.75	642.00	651.50	796.00	935.75	832.50	750.50	872.25	894.75	865.25	764.00	864.00	980.50	898.75	807.00	790.50	779.75	787.50	801.50	938.75	990.00	932.00	899.50	875.25	793.75	739.25	694.00	672.50	652.50	691.00	693.50	774.75	706.25	774.75	902.25	990.75	918.25	898.75	971.75	912.00	871.25	685.50	627.50	789.75	826.00	855.75	833.00	912.50	977.50	862.75	773.25	818.75	764.75	817.50	906.75	941.25	955.50	926.25	898.75	758.25	696.75	866.25	759.75	845.00	847.00	700.25	748.00	572.75	481.75	483.00	538.50	548.00	553.50	626.25	681.00	772.25	905.00	1027.00	840.00	783.00	834.50	807.00	680.25	568.75	383.50	382.75	459.50	475.50	554.75	475.75	368.75	321.00	316.25	430.25	617.50	589.25	476.75	364.00	436.75	517.00	587.75	699.25	690.25	721.25	686.75	842.75	921.75	905.75	958.50	787.75	669.50	595.50	608.50	766.25	829.75	700.50	570.75	415.75	514.75	690.25	678.25	729.75	834.25	795.25	772.50	617.25	709.00	590.00	695.00	721.00	682.25	549.25
808.00	785.50	889.25	838.75	730.50	788.00	912.00	950.75	1063.25	1105.75	912.50	759.75	769.75	1067.25	1122.50	882.00	814.75	808.50	761.75	859.25	1020.75	1011.75	1018.50	1077.50	1322.00	1204.00	1271.25	1192.50	1123.00	1357.50	1197.25	1119.50	1019.75	1014.75	1050.25	1090.75	1190.25	1173.50	1158.25	1231.50	1358.50	1439.50	1523.50	1610.75	1370.25	1277.75	1344.50	1270.75	1164.25	1080.25	1071.50	934.25	945.75	1244.25	1231.00	1328.75	1310.00	1376.50	1512.00	1614.75	1244.50	1011.75	811.00	969.00	975.75	817.75	1079.00	1235.25	1270.75	1227.75	1384.00	1507.75	1393.25	1272.25	1203.50	1236.50	1196.25	1072.25	846.75	787.50	1135.00	1238.00	1452.25	1409.25	1277.00	1115.50	949.00	720.75	600.25	754.25	829.00	826.00	877.25	987.75	1183.50	1330.00	1314.50	1269.25	1383.25	1200.00	998.50	975.75	900.75	804.25	762.25	952.25	978.00	830.00	902.75	771.00	810.25	711.00	574.75	543.00	612.75	602.00	560.25	601.00	546.50	488.00	466.75	466.00	537.50	712.75	729.25	890.25	805.25	826.75	895.25	890.50	929.50	926.00	1079.00	1033.50	861.75	858.50	1001.50	978.50	843.00	844.25	900.75	880.50	923.50	932.75	1032.50	912.75	853.25	762.75	726.75	791.25	807.00	798.50	728.75	671.50	620.75	668.50	799.00	892.25	928.75	1059.50	889.00	783.25	786.75	809.50	820.00	629.75	645.75	712.75	739.00	771.50	871.50	921.25	987.75	894.00	830.00	754.00	726.75	794.50	870.75	813.75	925.00	829.75	827.75	877.00	721.75	688.00	672.75	752.50	702.50	611.00	517.50	504.25	519.00	634.75	704.25	753.50	666.00	673.75	812.75	894.50	876.50	921.00	915.50	792.00	629.00	569.75	519.00	400.00	433.75	498.25	559.75	627.50	647.25	569.50	425.75	376.50	321.75	312.50	468.50	577.25	460.25	356.00	440.50	505.50	649.50	704.00	556.25	548.00	812.75	826.25	678.75	797.25	787.75	847.25	814.50	763.00	894.50	923.50	823.50	661.25	560.50	412.75	429.25	516.00	659.00	729.00	756.25	758.75	722.00	629.25	647.75	545.00	603.00	721.00	613.00	570.75
708.50	736.50	879.50	824.00	721.50	845.00	980.00	894.00	999.00	1061.00	892.25	725.75	825.50	1101.75	1058.75	838.25	738.75	737.25	803.00	881.00	967.00	1025.00	1114.50	1190.75	1265.75	1132.00	1273.50	1234.00	1088.00	1333.75	1254.25	1074.75	948.75	1020.50	1117.25	1205.75	1356.50	1290.25	1237.00	1348.25	1467.75	1395.50	1468.75	1497.00	1285.25	1306.25	1402.50	1291.25	1192.00	1162.50	1156.50	1054.75	908.00	1096.25	1153.75	1358.50	1342.75	1304.00	1533.50	1605.25	1250.50	1031.50	796.75	927.50	880.75	848.50	1127.25	1184.50	1221.50	1184.75	1312.25	1452.75	1294.00	1234.50	1087.50	1106.50	1239.75	1096.75	847.00	758.00	979.50	1074.50	1363.00	1293.25	1269.00	1182.50	1043.25	845.50	622.50	658.00	771.75	852.75	986.25	1127.25	1260.50	1206.50	1138.75	1208.25	1380.25	1227.25	1064.00	945.00	820.00	741.25	831.75	1075.00	1023.75	914.50	975.25	957.00	985.25	844.00	675.50	496.25	532.25	590.75	532.75	543.50	525.75	489.25	463.50	471.00	577.25	734.75	766.25	906.00	873.25	804.75	863.50	980.25	1081.50	1032.75	1192.75	1032.25	949.00	920.25	960.75	972.25	857.00	827.00	935.50	905.00	972.50	955.25	964.00	869.50	829.50	793.00	762.25	848.00	857.00	864.00	820.50	748.50	636.00	660.75	804.50	898.50	976.75	1024.25	897.50	852.25	752.50	719.75	709.00	611.00	723.50	803.25	826.50	825.25	928.50	965.00	1007.25	935.50	855.25	827.25	765.00	708.75	766.00	774.75	866.50	790.50	760.75	888.75	801.50	723.25	628.50	680.75	576.50	520.00	517.50	566.25	588.75	620.25	734.50	787.75	772.25	762.50	843.75	823.00	744.50	895.50	874.75	772.25	662.75	513.00	435.25	407.50	496.00	532.25	615.00	704.50	677.50	544.00	443.50	461.75	345.75	305.00	368.00	474.25	393.50	352.75	446.50	543.50	692.25	648.25	498.50	594.75	823.25	767.50	623.75	762.25	694.25	821.00	890.50	863.50	941.75	886.00	762.75	589.75	505.50	403.75	391.75	495.75	685.75	673.25	699.25	746.50	638.75	603.25	561.75	515.00	589.00	716.50	612.25	501.00
659.25	656.50	660.25	670.00	710.75	850.00	930.00	807.00	796.00	796.75	725.00	723.00	806.00	876.50	898.00	687.75	738.50	849.00	992.75	1092.00	1070.25	1091.00	1125.25	1233.75	1158.50	996.25	1184.25	1270.75	1031.75	1151.50	1066.50	906.00	1005.50	1328.00	1325.25	1512.25	1549.00	1472.00	1470.75	1497.50	1425.75	1271.50	1329.00	1237.75	1281.50	1411.25	1283.00	1191.50	1391.75	1444.25	1383.00	1218.25	955.75	943.50	1102.00	1297.25	1320.25	1170.75	1344.00	1421.25	1185.75	977.50	777.50	805.00	848.00	946.75	938.50	973.00	1072.25	1078.25	1193.50	1202.00	1233.25	1334.75	1251.75	1022.50	945.25	943.75	836.00	720.75	899.25	1048.50	1187.25	1302.25	1144.50	1096.50	974.75	1064.75	763.75	589.50	743.25	987.00	1244.75	1246.25	987.00	1035.75	1276.00	1342.50	1234.75	1085.50	1057.25	931.25	837.50	952.75	1044.75	1189.50	1121.50	1080.75	993.75	915.25	874.75	794.50	734.00	560.25	464.50	476.00	491.00	460.25	463.00	499.50	520.00	537.00	549.00	602.00	663.75	706.50	705.50	863.50	894.75	877.25	975.75	1109.50	1296.50	1111.50	1159.25	1023.50	959.50	1024.25	904.75	876.50	969.50	989.75	949.50	940.00	972.25	816.50	872.00	916.50	833.75	913.75	955.00	909.00	907.75	895.25	746.75	590.00	683.25	870.25	819.00	867.00	876.75	924.00	888.00	833.00	763.50	659.00	800.50	912.50	992.00	964.25	866.00	849.25	946.25	1003.75	985.25	909.75	820.25	741.25	684.00	661.50	657.25	617.00	634.00	619.00	591.00	580.75	558.25	537.50	569.75	602.50	581.00	616.25	754.00	751.75	630.50	691.75	801.25	953.50	897.75	823.75	668.75	770.75	664.50	679.00	527.50	439.25	424.25	528.50	593.25	637.50	722.25	776.75	606.25	496.00	583.25	526.00	400.75	310.25	300.25	316.00	328.50	465.00	590.25	671.50	613.25	485.25	598.00	697.50	679.50	660.75	522.75	577.50	643.25	801.75	814.75	814.75	733.50	810.25	755.25	641.50	595.50	419.00	358.50	525.25	642.00	527.50	627.25	705.50	623.75	527.75	481.25	590.50	675.50	628.25	547.50	442.00
810.75	750.00	700.50	660.00	675.75	732.75	808.00	730.25	720.50	795.50	792.25	689.50	677.75	750.25	748.75	746.00	866.75	906.00	975.50	1130.75	1235.25	1255.00	1211.25	1235.25	1079.25	935.00	1090.25	1210.50	1064.25	1000.75	951.00	958.50	1085.75	1223.00	1281.25	1462.00	1607.00	1514.75	1459.50	1459.75	1347.25	1201.75	1236.75	1247.00	1358.00	1365.25	1174.00	1098.25	1313.50	1432.25	1438.25	1221.00	1022.50	886.50	1134.00	1344.50	1343.50	1159.25	1148.50	1252.75	1005.25	830.50	767.50	819.00	959.50	1086.00	1084.50	1082.00	1034.25	1068.25	1161.75	1187.50	1278.75	1269.75	1172.50	1065.00	1029.75	978.75	898.50	778.25	798.75	912.00	1026.75	1268.50	1207.00	1074.00	935.25	1013.00	806.00	566.25	687.25	987.00	1091.25	1005.25	936.75	1084.50	1207.00	1284.25	1302.00	1184.75	1099.75	957.50	988.25	1034.50	1040.50	1054.25	994.75	920.00	852.00	753.75	709.75	689.50	681.25	556.00	459.50	452.00	480.00	515.25	586.25	646.00	609.00	647.75	610.00	598.25	645.00	766.00	706.25	820.25	800.00	892.25	1053.00	1179.25	1325.00	1253.00	1219.50	1087.25	1064.50	1061.00	943.25	954.25	994.25	949.50	878.25	936.75	984.50	900.75	972.00	1023.25	938.25	920.50	880.00	797.00	811.75	784.00	733.00	720.75	674.00	726.00	756.50	747.00	793.50	894.00	915.00	830.25	709.50	665.00	784.25	888.50	907.25	848.25	825.75	908.00	914.00	1052.50	1049.50	927.50	827.25	757.25	728.25	718.75	702.50	658.75	646.75	587.50	642.75	636.50	655.25	597.25	718.75	667.25	620.25	669.75	767.50	857.50	786.50	718.00	881.00	1035.75	872.25	760.75	629.00	640.00	569.00	625.50	481.00	448.50	543.50	571.00	683.75	726.50	790.75	723.00	594.50	625.00	645.00	527.75	458.75	372.25	302.50	309.50	341.75	519.00	611.50	605.00	492.50	431.25	601.75	585.50	644.00	568.00	503.25	601.50	729.25	791.75	692.00	656.75	635.25	689.75	663.00	578.00	541.75	397.50	345.75	436.75	501.75	456.25	531.50	577.25	543.25	489.75	544.50	657.50	730.50	662.00	545.75	449.25
1044.50	924.00	778.25	668.25	711.75	651.00	681.00	677.50	705.00	906.00	880.50	671.25	634.50	661.75	655.50	807.50	940.75	1003.25	973.00	1107.75	1327.50	1279.25	1169.50	1138.50	1053.25	872.75	1038.50	1179.00	1113.25	888.75	864.50	1018.25	1126.00	1147.50	1214.75	1426.25	1587.75	1434.00	1325.75	1394.50	1227.00	1095.50	1298.50	1363.75	1440.00	1321.75	1117.75	1025.25	1131.25	1291.75	1401.75	1113.75	1000.00	810.25	1054.25	1305.50	1316.00	1115.75	953.50	1116.50	828.75	757.75	822.50	840.25	928.25	996.25	1145.75	1255.75	1134.00	1156.75	1168.50	1230.00	1311.50	1195.25	1054.00	1017.25	1160.50	1111.25	994.00	866.50	689.75	705.75	879.25	1150.25	1244.00	1041.50	946.75	886.25	789.75	554.00	626.75	785.75	791.25	831.00	1004.50	1078.50	1034.50	1092.75	1296.25	1354.75	1246.25	1105.50	1161.50	1064.75	939.50	878.50	830.75	790.25	723.00	648.50	637.25	609.50	614.00	506.25	451.25	454.50	542.25	630.25	739.25	777.50	698.50	716.25	694.25	674.25	679.50	931.25	865.00	769.50	803.50	992.50	1242.50	1251.50	1257.50	1313.75	1192.00	1095.75	1097.75	1066.75	1032.00	1027.00	953.25	882.50	831.50	941.50	986.25	1009.75	1044.75	1104.25	1062.25	927.25	822.25	757.00	761.00	718.75	793.25	878.50	692.00	586.00	660.75	653.50	730.75	849.00	960.75	760.25	638.75	668.00	796.25	818.25	724.75	731.75	835.50	972.50	955.00	1087.00	1068.50	948.50	791.50	765.50	818.00	836.50	792.25	748.00	705.25	634.75	768.75	731.50	790.75	676.75	848.50	735.00	674.50	753.00	748.00	906.00	970.25	819.00	938.25	1020.25	851.75	661.00	635.50	663.00	526.00	496.50	430.00	517.00	636.50	632.00	668.50	770.50	851.50	699.25	643.75	737.75	712.50	591.25	510.00	386.25	318.25	354.75	323.50	452.75	526.25	513.25	392.00	437.50	560.00	465.00	628.25	486.00	517.25	668.75	750.00	707.25	583.00	519.50	539.00	575.75	547.25	477.25	428.50	355.00	360.75	396.25	393.50	395.50	429.75	441.25	433.00	460.50	573.00	649.00	739.25	682.25	550.25	500.25
1033.25	986.50	805.25	686.50	846.50	815.00	758.00	697.25	698.50	862.75	776.00	651.75	649.50	635.75	666.50	807.00	940.00	1083.50	1139.75	1125.00	1214.50	1146.25	1027.75	1088.50	943.75	878.00	1083.50	1108.25	1026.75	844.25	916.50	1087.25	1186.00	1306.50	1296.50	1426.75	1510.50	1373.25	1233.75	1201.25	1111.75	1136.75	1414.00	1492.50	1545.75	1348.25	1160.50	1107.25	1035.50	1083.00	1242.75	1144.75	1024.00	787.25	887.50	1119.50	1224.00	981.00	893.00	923.25	793.75	818.75	997.50	975.75	938.25	984.50	1010.75	1096.00	1076.75	1221.00	1292.50	1320.25	1330.00	1135.25	1011.75	920.25	991.50	970.50	936.75	904.00	791.75	701.00	759.50	1012.50	1197.25	1135.75	1005.25	776.75	805.50	566.00	571.25	764.50	839.50	889.75	964.50	974.00	893.25	998.75	1203.25	1351.75	1198.00	1208.50	1192.00	1087.25	920.25	799.50	787.25	721.00	635.25	601.00	607.00	546.00	515.00	459.00	468.50	510.50	569.25	670.00	809.25	878.00	860.75	762.00	784.75	775.00	707.00	828.75	870.50	865.75	912.00	1100.50	1214.00	1097.00	1096.50	1156.00	1108.50	1036.25	1057.75	965.75	983.50	991.75	891.75	807.75	862.25	956.75	1025.75	1053.50	1020.50	1027.25	1092.25	1012.75	897.25	852.50	829.75	827.25	855.25	914.75	777.50	588.75	593.50	669.25	769.75	951.25	983.75	714.50	596.75	671.75	750.25	753.25	788.25	849.25	924.00	1044.75	1019.25	1079.50	993.50	927.75	830.50	839.25	943.00	867.25	803.00	832.00	718.50	673.75	841.25	776.25	836.50	716.50	906.50	845.75	742.00	736.75	766.75	894.25	1004.50	985.00	906.25	834.50	792.75	733.25	748.25	684.25	491.75	479.25	485.00	616.00	716.50	732.50	626.75	718.75	870.00	786.75	715.75	668.25	632.75	560.50	426.00	342.75	408.00	424.00	308.00	350.50	379.25	398.25	355.75	440.25	487.75	407.00	550.25	412.75	525.75	626.75	637.25	640.75	602.75	503.75	441.00	500.25	423.25	365.25	356.25	406.00	481.25	484.25	507.75	505.25	443.75	478.50	479.50	503.75	592.25	655.50	647.75	641.50	642.00	664.25
948.25	912.25	787.75	732.25	952.50	1030.00	939.00	793.00	680.75	731.25	658.75	647.75	669.00	647.50	652.75	735.50	873.50	1045.50	1220.00	1058.50	1040.00	1062.25	899.00	1048.00	818.75	882.50	1112.25	1052.75	922.50	815.50	943.75	1079.50	1160.00	1355.50	1230.25	1340.50	1328.25	1366.75	1247.75	1076.75	1112.50	1290.75	1485.75	1490.25	1568.50	1397.50	1279.00	1254.00	1055.00	927.25	1006.50	1186.50	1134.75	853.75	765.75	899.00	1100.25	906.25	806.00	734.75	841.50	913.75	1064.50	1141.75	1114.75	1157.50	1030.50	1018.75	973.50	1138.00	1295.50	1354.00	1236.25	1023.75	954.75	903.25	962.75	945.75	977.75	991.50	847.75	756.25	683.50	839.25	1035.00	1110.25	984.75	703.75	802.75	608.50	541.50	770.25	951.00	876.00	817.75	816.50	772.50	928.25	1140.25	1286.50	1126.75	1124.25	1094.50	1069.00	928.25	837.25	844.25	709.75	651.25	614.75	570.75	492.50	443.75	452.25	516.50	596.25	556.50	662.75	843.00	960.25	996.75	862.00	891.00	886.00	775.25	734.75	775.25	931.75	1005.00	1170.50	1116.25	987.00	979.50	999.00	1029.00	985.50	1055.00	897.75	844.25	933.00	845.50	754.00	866.25	967.00	1056.50	991.00	934.75	959.25	1057.50	1081.00	1047.75	972.25	905.75	953.00	881.00	1022.75	881.25	614.25	581.75	703.00	809.75	998.25	984.00	738.00	580.00	684.25	765.00	844.75	942.00	959.75	1007.00	1133.50	970.50	1027.25	922.75	945.00	930.25	935.00	979.50	844.75	836.50	894.75	717.75	704.00	897.25	815.50	842.25	724.00	873.00	956.75	825.25	719.75	883.50	924.00	987.50	1055.25	914.75	709.75	735.75	809.25	709.50	545.00	468.50	522.75	587.25	670.25	775.50	814.75	666.75	764.75	850.50	827.50	732.25	589.25	486.75	416.00	337.25	370.25	509.25	439.50	317.75	291.75	289.75	305.75	333.00	382.00	391.75	358.00	462.75	357.75	532.75	550.00	514.25	576.75	604.75	500.25	378.75	430.50	321.50	327.50	374.75	480.00	616.50	557.50	637.25	648.75	527.75	554.00	545.25	590.25	672.50	725.75	592.50	658.50	778.50	782.00
998.75	869.50	739.75	813.00	1029.25	1159.25	1129.50	937.50	808.50	682.50	711.50	703.50	689.50	664.25	668.75	648.50	710.50	915.50	1071.75	938.25	889.00	993.25	821.25	948.75	783.50	920.00	1081.50	1003.25	848.00	884.50	944.00	993.00	1044.75	1201.50	1080.50	1184.25	1182.75	1304.75	1290.50	1071.25	1176.25	1382.25	1394.50	1326.00	1453.50	1387.75	1306.00	1325.00	1182.50	1044.75	1012.00	1006.00	971.25	846.25	764.25	793.75	848.75	799.25	744.50	842.50	1054.25	1117.50	1197.75	1231.00	1299.25	1306.25	1214.25	1193.00	1060.25	1144.25	1159.50	1288.75	1153.00	1044.00	1063.75	1002.75	1151.00	1104.50	1022.25	1013.00	959.00	953.75	736.50	703.25	802.75	869.00	825.00	666.50	696.00	643.75	552.25	600.00	783.50	710.75	706.50	789.50	868.25	957.75	1168.75	1283.50	1057.50	956.50	922.75	922.50	934.50	942.75	899.00	765.75	679.25	598.00	523.00	462.25	450.00	496.75	603.00	685.50	570.00	627.00	803.00	904.25	902.25	867.00	924.50	1039.75	897.50	912.25	907.00	931.25	1094.25	1092.25	1032.25	979.75	903.00	900.50	968.50	976.25	1050.25	958.00	857.25	841.00	754.00	757.50	857.25	940.50	1026.75	966.25	886.75	947.00	1045.75	1068.00	1108.75	1075.00	1085.50	1098.75	1010.50	1114.75	855.50	615.75	571.00	742.25	862.00	1032.25	945.50	717.50	605.75	661.00	759.75	815.00	842.25	908.50	987.00	1046.50	849.25	916.75	865.25	960.50	1031.00	1024.00	991.00	951.75	974.75	866.50	721.50	756.25	916.75	891.00	885.50	811.00	798.00	980.50	904.50	828.00	915.25	858.25	894.75	914.50	889.00	721.25	672.25	686.75	558.50	510.25	588.75	603.25	636.75	724.50	792.00	909.25	802.00	848.25	826.75	735.75	634.25	529.75	406.50	357.75	388.25	445.50	571.25	498.00	409.00	320.50	290.00	286.25	301.00	310.75	320.00	315.75	365.00	357.75	442.75	461.00	487.50	487.00	527.75	482.25	412.75	353.25	301.00	384.00	463.25	520.50	659.00	612.50	654.00	662.00	605.00	580.50	639.25	723.00	733.25	770.00	718.25	783.25	865.50	810.25
968.50	856.50	715.75	919.00	1120.25	1224.75	1268.00	1100.25	1006.50	746.50	891.25	810.75	740.00	693.75	736.00	624.50	628.00	760.00	831.25	814.00	770.75	853.00	740.50	802.75	751.50	912.00	1023.25	913.25	789.50	853.50	877.50	899.00	919.50	1004.00	996.75	987.50	1106.50	1180.75	1184.75	1059.00	1256.25	1385.00	1209.75	1299.25	1318.75	1417.50	1265.00	1260.75	1259.00	1235.25	1196.75	951.00	820.00	801.25	839.00	888.25	713.25	702.25	832.00	1034.50	1215.25	1292.50	1436.25	1433.50	1493.75	1394.00	1400.75	1272.50	1218.00	1245.75	1160.75	1262.25	1191.25	1169.75	1232.50	1102.00	1284.00	1159.75	1053.00	1057.75	1170.75	1059.00	768.25	756.75	657.00	625.75	629.25	606.00	595.00	607.25	555.75	517.00	592.00	651.75	722.50	819.75	951.50	1083.00	1270.25	1319.00	1028.25	900.50	792.00	816.25	919.75	1006.00	921.25	735.50	648.75	534.75	450.00	445.25	482.50	556.75	680.00	746.00	633.00	614.00	715.75	771.75	750.25	795.75	924.25	1124.75	1041.50	1118.50	1084.25	992.75	1166.50	1019.25	946.00	930.25	842.00	858.75	952.00	1002.25	1022.50	980.50	904.75	800.50	691.25	808.00	884.75	898.25	982.75	987.25	879.00	896.75	1020.25	1008.75	1038.25	1103.00	1193.25	1178.25	1017.75	1073.75	816.25	666.75	553.75	736.50	880.00	1045.00	897.25	685.25	612.50	612.25	676.50	687.00	729.00	846.75	912.75	914.00	830.75	796.50	815.25	917.75	1032.25	1096.25	1034.50	1007.50	999.00	845.50	721.00	760.25	832.75	924.75	958.75	891.75	851.00	986.50	886.25	863.25	859.25	755.75	749.50	793.25	761.25	678.00	602.75	545.50	495.25	576.75	725.25	743.75	657.50	813.00	912.25	974.75	856.00	833.75	765.50	676.50	542.00	424.00	360.75	409.75	451.00	551.00	651.50	584.25	464.50	376.50	325.75	283.75	279.50	279.25	277.25	279.25	289.50	330.75	341.50	395.00	459.00	405.25	500.25	479.25	400.75	296.00	307.25	417.25	465.50	545.50	665.25	662.25	669.50	690.25	672.50	617.00	737.25	805.00	734.00	804.00	835.00	883.75	876.25	798.75
929.75	752.50	857.75	917.00	940.75	1126.75	1358.00	1362.75	1201.00	1104.75	1183.25	1108.75	1025.50	818.25	631.25	617.00	642.50	652.50	669.75	678.50	677.50	712.50	752.75	748.50	717.00	724.50	793.25	763.25	747.00	809.00	794.25	828.75	829.50	816.00	839.50	864.00	873.00	914.00	941.25	947.75	1031.75	1115.00	1121.50	1189.25	1219.75	1316.25	1369.00	1339.50	1164.00	1050.00	1012.50	961.75	977.25	875.00	1056.75	1093.25	783.25	712.75	869.50	926.75	1098.75	1223.75	1358.50	1428.50	1595.25	1625.50	1552.25	1344.25	1483.00	1448.00	1358.25	1361.75	1479.00	1390.00	1394.25	1347.75	1259.50	1193.25	1175.50	1175.00	1029.25	812.75	876.75	1009.00	810.00	713.00	660.25	618.00	610.25	555.50	541.00	518.25	523.50	740.75	932.50	901.50	973.00	1202.75	1122.25	1108.25	921.00	803.75	720.50	684.00	699.50	823.50	919.75	737.50	600.75	442.00	432.00	476.00	523.50	624.00	724.25	761.00	799.25	806.75	663.75	689.50	707.75	843.00	938.25	1095.50	1248.00	1250.75	1252.75	1150.00	1067.25	1115.25	1094.75	950.00	766.25	866.75	842.75	975.00	930.75	816.00	824.75	704.50	672.25	755.00	823.25	910.75	977.25	987.75	928.75	812.75	858.00	982.25	967.75	924.75	1026.75	1195.75	997.75	778.00	758.00	725.50	569.25	556.75	710.50	853.50	930.50	727.75	568.00	642.50	753.00	832.00	837.25	839.00	731.50	800.75	728.50	751.75	829.50	860.50	949.00	1104.00	1045.25	945.25	897.75	814.25	697.75	869.25	885.50	885.25	1007.75	927.00	910.75	820.25	863.00	811.75	744.50	788.00	640.75	623.25	565.00	550.00	549.50	585.25	554.50	794.00	945.75	983.00	799.25	856.75	954.25	820.75	815.25	690.25	574.75	646.25	484.25	368.25	453.50	580.50	557.25	694.00	718.50	474.00	514.25	520.50	479.25	362.25	308.25	374.75	294.75	269.50	266.50	266.50	275.00	284.25	317.50	351.00	478.25	448.00	303.00	301.75	369.25	547.25	620.50	591.75	636.50	765.00	732.75	627.50	615.50	539.50	677.25	639.00	627.75	710.00	707.00	685.25	647.00	592.25
876.00	752.25	894.75	1031.50	950.50	1044.25	1200.75	1295.50	1196.25	1082.00	1095.50	1056.50	1011.75	783.75	634.00	691.25	732.50	720.50	756.75	806.75	730.25	825.75	896.00	848.50	848.00	744.75	729.00	737.75	799.75	900.50	827.25	931.25	917.75	832.25	898.25	937.00	941.75	891.75	899.25	958.00	998.75	1004.50	1055.00	1092.25	1202.25	1294.75	1467.25	1463.75	1251.00	1033.25	1008.25	1077.00	951.75	1010.00	1093.75	1131.00	799.75	684.25	800.25	927.50	1151.25	1293.00	1430.75	1492.75	1593.50	1738.75	1587.50	1514.00	1566.00	1493.25	1439.25	1448.50	1514.75	1420.00	1318.75	1418.00	1203.25	1071.25	1004.75	967.25	893.00	808.50	1017.75	1012.75	908.00	847.25	754.75	766.00	736.50	679.75	646.25	544.75	496.75	634.25	756.50	772.00	887.25	1151.25	1055.50	965.75	860.50	784.25	801.75	697.50	634.25	655.75	781.00	707.50	579.25	427.25	437.25	474.75	528.25	621.50	735.75	787.50	854.25	885.00	698.00	746.25	722.75	795.75	898.50	1049.25	1223.25	1115.75	1246.25	1113.25	974.75	1137.75	1083.00	969.25	772.50	760.75	788.25	921.50	874.50	745.50	785.25	641.50	715.25	829.75	903.25	935.25	967.50	907.75	856.00	789.25	903.25	987.00	929.25	840.75	1009.75	1155.50	986.75	744.75	708.25	683.00	591.00	523.25	712.50	894.50	887.50	614.50	515.50	640.50	722.25	810.00	763.25	732.75	670.25	693.75	713.25	833.75	867.75	885.50	952.00	1073.50	1134.50	999.75	976.25	859.75	718.75	870.50	949.25	922.25	974.00	863.00	875.50	788.75	778.75	841.00	664.75	683.75	590.75	565.75	592.00	623.00	617.25	675.00	612.50	797.00	935.25	1009.50	921.50	935.50	874.50	743.75	762.25	674.50	564.00	561.50	466.50	434.00	496.75	632.75	639.50	702.50	667.00	524.75	670.00	567.75	468.50	393.75	360.50	503.50	391.50	300.00	266.25	262.25	262.25	261.75	273.25	314.00	417.25	381.50	278.25	340.75	443.50	539.00	670.00	703.00	687.00	782.00	697.50	623.25	509.75	480.25	566.50	564.00	618.25	659.75	635.75	585.50	551.00	513.00
792.00	804.50	906.75	1010.00	1129.75	1170.25	1282.25	1316.50	1127.50	960.25	872.00	771.75	798.50	660.50	786.25	948.50	930.75	959.25	967.00	952.00	789.50	950.50	1078.25	933.00	996.00	1014.25	825.75	936.25	963.75	916.50	904.00	1118.50	1158.75	904.75	990.75	1170.50	1163.25	1130.75	1128.00	1082.50	1118.50	1179.25	1142.50	1084.50	1362.75	1469.50	1534.75	1400.25	1227.00	1245.75	1276.75	1091.75	946.75	1232.25	1402.25	1238.75	912.50	685.00	773.25	928.50	1166.75	1315.00	1429.25	1583.00	1638.00	1463.00	1478.25	1681.50	1492.75	1310.00	1224.50	1463.50	1267.75	1272.25	1214.25	1338.50	1357.75	1260.75	1134.00	1027.00	848.50	1008.25	1094.25	1206.25	1052.00	997.00	996.50	969.50	919.75	803.00	693.50	547.25	486.25	604.00	678.75	705.75	860.50	1063.75	1189.00	1043.50	959.75	1034.25	1035.25	923.50	750.00	626.50	562.25	531.00	471.25	428.00	446.75	484.50	549.00	663.00	736.25	810.50	986.00	994.50	780.50	772.50	889.50	797.75	873.00	1070.50	1031.00	1048.75	1067.00	1023.00	941.25	1048.00	1128.00	978.00	846.75	727.75	774.75	836.50	733.25	630.50	627.25	669.00	701.50	764.75	767.25	855.00	933.50	931.50	843.50	756.75	767.50	839.00	884.25	760.50	976.25	1011.25	931.00	966.25	909.25	765.00	652.00	507.75	682.00	846.25	773.00	496.25	528.25	583.50	582.50	600.75	617.00	701.25	750.50	819.00	811.75	841.50	917.00	1002.50	1131.50	1159.00	1105.25	941.00	923.75	780.00	812.25	869.00	947.25	996.75	872.25	869.50	735.00	813.00	689.25	658.00	618.25	647.25	598.25	694.50	847.00	805.75	678.25	717.75	742.50	629.75	785.00	889.50	814.25	783.00	664.00	622.75	546.25	524.75	456.75	422.00	410.75	530.00	550.75	569.25	706.00	688.50	782.25	752.50	781.50	670.00	577.25	419.00	463.25	533.00	587.75	479.00	312.50	376.25	341.25	308.50	274.00	256.75	278.00	272.75	285.25	449.25	547.00	638.00	656.75	695.25	691.50	695.25	558.00	583.00	499.75	424.25	447.00	531.50	593.50	584.75	541.25	492.25	454.50	494.25
789.50	794.50	893.00	1059.00	1140.00	1262.00	1362.00	1391.00	1164.50	1023.50	929.00	729.50	767.50	642.00	777.50	919.50	930.50	1018.00	1036.50	971.00	806.00	916.50	1100.50	955.00	941.50	1056.50	840.50	978.50	1006.50	907.50	933.00	1163.00	1219.00	932.50	984.00	1214.50	1236.50	1233.50	1206.50	1110.00	1078.50	1213.50	1204.50	1089.50	1343.50	1513.50	1529.50	1333.00	1245.00	1341.50	1312.50	1042.00	969.50	1223.00	1471.00	1280.50	974.50	701.50	751.00	905.50	1157.50	1279.50	1373.50	1557.00	1602.00	1354.50	1467.00	1642.50	1481.00	1346.00	1184.00	1490.00	1260.00	1183.50	1219.00	1331.00	1424.50	1289.00	1125.00	1025.50	884.00	1070.50	1131.50	1202.00	967.50	937.00	981.00	951.50	950.00	778.50	664.00	537.00	485.00	659.50	758.00	693.00	808.00	1019.50	1185.00	1108.50	982.00	1102.00	1087.00	967.50	776.50	690.50	593.00	495.50	468.00	427.00	448.00	491.00	550.50	697.00	765.00	809.00	1019.50	1019.00	811.00	777.50	927.50	821.50	836.00	1051.50	985.50	1035.50	992.50	1023.00	948.50	1031.50	1182.00	1055.00	898.00	754.00	751.50	809.50	677.50	587.50	630.50	707.50	673.00	701.00	719.50	825.50	905.00	939.00	840.50	767.00	699.00	761.00	844.50	751.50	989.00	958.00	966.50	1061.50	891.50	713.00	662.50	512.00	647.50	765.00	740.50	491.00	537.50	631.00	618.50	629.00	650.00	771.50	776.50	857.50	845.50	902.50	951.50	1039.50	1171.50	1190.00	1090.50	973.50	963.00	787.50	869.00	900.00	945.50	1013.00	829.50	831.00	719.00	798.00	688.50	602.00	653.50	724.50	626.50	709.50	892.50	846.50	676.50	714.00	724.00	616.50	815.50	868.50	742.00	725.00	622.00	591.50	493.50	465.00	404.50	400.00	394.00	482.50	571.50	530.50	694.00	716.50	851.50	838.00	783.00	703.00	541.00	410.00	524.50	535.00	626.50	481.50	328.50	430.50	418.00	358.00	292.50	254.50	255.00	264.00	293.00	452.00	560.50	676.00	642.00	645.50	625.00	678.50	520.00	552.50	489.00	418.00	445.50	570.50	568.00	577.50	525.50	488.00	444.50	517.50
782.00	953.25	1016.75	963.50	1039.25	1146.25	1341.00	1308.75	1137.50	1161.25	990.00	768.25	670.00	652.00	629.25	668.50	797.00	961.25	1063.25	1031.50	1024.00	968.00	974.50	989.50	1018.00	1079.50	933.25	1085.25	1101.50	928.50	906.50	1039.00	1233.00	1048.75	948.25	1015.50	1080.00	1225.50	1268.00	1172.00	1167.50	1219.00	1287.00	1258.00	1248.75	1325.00	1379.75	1354.00	1411.00	1288.00	1126.00	1105.00	1074.75	1317.25	1228.25	1113.75	998.00	708.75	750.00	957.00	1068.50	1163.25	1347.00	1470.00	1350.00	1215.00	1455.50	1547.75	1314.25	1218.50	1108.50	1468.25	1257.50	1139.00	1324.50	1500.50	1317.75	1140.00	1057.50	990.50	1037.75	1184.50	1241.75	1164.00	1110.25	967.75	872.00	753.75	720.75	694.75	632.75	515.50	512.50	798.00	928.00	885.00	927.00	1097.75	1094.75	1002.50	1158.75	1258.25	1154.75	1001.75	870.75	787.50	712.25	540.50	450.00	418.00	491.75	582.25	662.75	752.00	806.50	888.50	1035.75	1120.00	953.25	840.50	904.25	937.00	942.25	1017.50	980.75	860.50	808.25	1039.75	878.00	903.75	1050.25	887.50	859.75	759.00	646.25	686.00	588.75	667.25	688.25	808.75	779.75	797.50	844.00	798.50	897.00	901.00	850.50	845.50	778.00	710.00	702.75	823.50	850.25	823.50	1010.50	978.25	844.00	705.00	629.50	581.25	562.75	759.75	757.25	480.25	534.50	770.00	773.75	718.75	685.50	812.25	865.00	858.75	938.50	1024.50	990.25	1151.75	1003.75	1020.75	1107.75	1080.00	956.50	836.50	919.50	1016.75	1051.75	949.75	820.50	748.00	687.50	646.25	664.25	696.00	830.75	794.25	624.75	710.00	928.50	911.75	718.00	661.25	705.50	766.50	815.75	790.00	691.25	590.25	525.75	479.75	489.25	487.25	591.00	654.75	514.25	422.25	615.00	646.75	653.25	877.50	837.00	666.00	629.25	492.75	397.25	444.00	543.50	633.75	522.50	402.50	466.25	474.00	591.00	548.75	521.75	334.25	251.00	259.50	308.00	446.00	465.25	553.25	488.75	469.75	525.75	668.75	636.75	497.75	526.50	468.00	441.00	464.00	541.25	592.00	517.75	475.00	451.00	600.50
915.50	1103.50	1292.00	1199.00	1046.00	1176.50	1323.50	1280.50	1099.00	914.00	918.50	709.50	803.00	776.50	669.50	626.50	761.00	866.00	923.00	981.50	1051.50	1184.00	1163.50	1124.00	1151.50	1123.50	1089.00	1114.00	1043.00	1024.00	980.50	987.50	1152.50	1123.00	1026.00	1065.50	1066.00	1064.00	1145.00	1241.50	1332.00	1296.00	1422.50	1400.00	1347.00	1530.50	1558.50	1540.50	1634.50	1337.00	1235.50	1353.00	1232.50	1367.50	1226.00	971.00	857.50	666.00	678.50	802.00	1002.50	1174.50	1327.50	1335.50	1122.50	1188.50	1473.00	1593.00	1468.50	1265.50	1051.00	1271.50	1062.50	1139.50	1265.50	1474.00	1321.00	1316.50	1319.50	1259.50	1262.50	1260.00	1146.00	984.50	1061.00	1151.00	1037.00	914.50	867.00	783.00	717.50	498.00	545.00	821.00	884.00	1024.00	1139.00	1081.50	936.50	944.00	1300.00	1327.50	1079.50	886.00	848.00	757.50	684.50	480.00	418.50	440.00	461.50	564.50	659.50	701.50	688.50	845.50	885.00	999.00	1060.50	953.50	943.50	1017.00	1116.00	988.00	1025.50	1009.50	813.50	933.50	876.00	815.50	917.00	780.50	689.00	651.50	574.00	583.50	659.00	777.00	778.00	833.50	903.50	855.50	899.00	884.50	929.00	872.50	823.50	808.00	861.50	819.00	640.50	700.00	739.50	904.50	1049.50	830.00	769.50	834.00	806.50	661.50	529.00	595.00	753.50	474.00	515.00	779.00	888.00	830.00	768.00	840.50	990.00	987.50	1075.50	962.00	1025.50	1157.00	934.50	1058.50	1013.00	1061.00	1013.00	968.50	940.50	1114.00	970.50	930.50	878.00	756.50	662.00	699.50	799.00	754.50	839.50	770.50	645.50	716.00	922.00	985.50	761.50	777.00	852.50	794.50	690.00	672.50	583.50	494.50	462.50	485.00	619.00	686.50	805.50	834.50	585.50	415.00	618.50	785.50	810.00	809.00	640.00	529.00	446.00	406.50	416.50	554.50	675.50	716.00	479.00	429.00	589.50	599.50	693.50	509.50	416.00	352.50	257.50	244.50	249.00	300.50	355.50	424.00	378.50	491.00	618.00	721.00	549.50	470.50	487.50	506.00	370.50	409.50	562.50	600.50	561.00	456.50	510.50	748.00
1040.00	1158.75	1349.50	1373.75	1224.25	1204.25	1405.50	1200.50	1024.50	859.00	791.25	889.75	995.75	974.00	696.50	631.25	646.00	649.00	837.00	903.00	938.50	1093.75	1263.25	1367.75	1277.50	1331.25	1300.25	1237.25	1234.75	1203.00	1118.00	1019.50	1160.00	1339.75	1202.25	1351.00	1271.50	1199.25	1337.00	1385.75	1477.00	1396.50	1641.75	1494.75	1432.00	1683.25	1765.75	1751.00	1628.25	1328.75	1368.25	1505.75	1346.25	1343.75	1196.00	919.25	757.00	655.00	670.50	835.00	957.25	1024.00	1061.75	1040.50	1094.50	1334.75	1566.75	1653.75	1459.50	1300.75	1102.50	1034.75	1031.25	1243.50	1394.75	1518.25	1564.75	1358.75	1186.50	1124.25	1057.75	1039.75	977.50	847.50	814.00	799.50	735.00	663.00	672.00	678.50	633.00	490.50	495.50	664.50	800.75	944.75	1149.25	1020.50	844.75	1020.00	1151.75	1162.25	1088.50	942.50	803.25	695.75	619.75	448.00	436.75	530.75	590.25	567.75	644.75	630.75	650.25	668.50	711.50	764.25	847.25	913.00	1004.75	1089.00	1001.75	993.50	877.50	976.00	909.75	768.75	866.25	747.50	928.50	885.50	820.50	783.50	627.00	534.00	702.25	817.50	864.00	784.50	892.25	928.25	962.00	1014.00	1052.50	919.75	891.00	894.75	956.25	902.50	708.75	599.00	739.25	861.25	1033.25	935.00	751.00	671.75	687.75	665.25	534.50	504.00	642.25	474.00	585.25	712.75	784.25	877.75	963.25	855.00	851.25	948.75	932.75	803.50	987.75	929.00	848.50	927.50	894.75	1036.00	1041.75	1046.00	981.75	994.25	883.50	831.75	815.50	754.00	741.75	827.50	796.00	869.75	859.75	785.75	672.25	778.50	915.25	1052.75	880.75	858.50	828.00	732.50	621.50	590.25	513.25	548.00	640.25	574.75	570.25	668.00	840.50	822.50	654.25	440.25	506.25	643.25	717.25	711.00	576.00	483.00	448.50	504.75	532.75	696.75	698.25	603.25	584.25	635.00	620.50	723.50	712.00	621.50	607.25	495.75	329.00	246.75	241.25	250.25	277.50	356.25	387.50	513.00	642.50	742.75	565.00	459.75	382.75	432.75	393.75	481.50	552.50	507.00	410.75	398.25	525.50	697.50
1047.25	1147.00	1244.75	1440.75	1457.75	1414.50	1219.75	1138.50	1000.75	847.75	979.25	1166.25	1206.00	1062.75	932.25	745.00	799.50	647.00	717.25	841.00	997.75	1158.25	1262.00	1259.75	1088.75	1207.75	1495.50	1524.25	1544.75	1414.00	1273.25	1134.00	1134.00	1428.50	1312.25	1480.25	1296.75	1298.50	1378.00	1518.75	1773.75	1668.75	1719.50	1701.25	1595.75	1723.50	1795.00	1569.50	1524.75	1551.50	1569.00	1561.25	1356.25	1185.25	1059.50	1065.75	1067.50	739.00	607.75	697.25	880.75	998.50	1156.00	1243.25	1378.50	1462.75	1389.50	1613.25	1605.25	1283.00	1108.50	933.25	1113.50	1345.25	1553.25	1422.50	1368.75	1446.25	1470.75	1364.25	1231.25	1022.25	818.00	818.50	895.75	927.25	835.50	890.50	878.25	793.50	762.50	686.25	463.25	602.00	760.00	987.00	1149.50	1080.50	796.50	989.25	890.50	884.25	934.75	885.50	843.00	714.75	571.75	424.75	443.00	560.25	639.00	712.50	863.25	838.00	932.50	924.25	826.50	760.50	859.25	957.50	1105.25	1128.50	971.50	908.00	966.00	790.50	767.50	671.50	671.75	738.00	955.00	874.00	793.00	777.50	536.50	616.75	719.50	755.25	904.25	966.50	965.00	1036.25	1106.00	1010.00	958.00	1009.75	990.00	1010.75	961.00	867.25	742.75	678.75	630.25	768.75	768.25	901.00	851.00	804.25	775.00	734.75	626.75	450.75	464.50	557.00	620.75	699.50	728.00	894.25	900.75	720.75	687.00	669.25	664.75	662.25	712.50	712.25	747.75	770.75	797.75	842.00	855.50	1021.75	1107.25	1018.50	913.75	906.00	896.75	802.00	907.00	913.50	945.00	995.25	958.25	764.75	697.00	809.50	903.00	974.75	932.25	886.75	833.00	812.75	736.75	625.75	561.50	592.25	649.00	637.75	652.25	663.50	745.50	656.25	567.75	493.00	465.25	525.25	574.50	661.00	597.75	543.75	597.75	594.50	758.75	832.00	849.00	847.25	802.25	863.00	879.75	915.75	823.50	763.25	665.25	563.50	455.25	301.25	242.00	242.50	245.25	364.50	478.00	632.25	667.00	685.75	544.75	479.25	394.75	325.50	485.25	619.25	470.25	370.50	444.25	492.25	467.25	480.50
993.50	1185.75	1272.00	1468.50	1517.00	1438.75	1225.75	1108.50	962.25	906.50	1113.00	1270.75	1139.50	907.50	909.00	775.50	851.00	685.25	707.25	930.75	1109.50	1227.50	1125.00	1129.75	1128.25	1279.75	1508.25	1519.75	1626.75	1469.00	1311.50	1280.75	1151.00	1444.25	1405.25	1507.25	1356.00	1415.25	1492.00	1596.75	1820.75	1770.00	1704.25	1534.75	1642.25	1728.25	1699.25	1553.50	1382.50	1503.25	1506.25	1601.75	1459.75	1369.75	1259.75	1199.50	1111.75	776.25	595.50	664.50	919.75	1081.50	1302.75	1377.00	1389.25	1375.50	1368.25	1634.75	1614.50	1326.00	1117.75	967.25	1149.00	1322.75	1511.50	1317.00	1355.25	1457.25	1518.00	1330.75	1151.50	971.75	894.25	1013.50	1095.75	1005.50	905.50	1051.75	1052.00	995.75	932.25	758.25	482.00	541.75	764.00	989.25	1034.00	1044.00	749.00	945.75	839.25	764.50	818.00	799.25	781.50	665.25	542.25	424.50	492.75	486.50	584.25	707.00	845.25	876.50	964.00	1039.00	970.00	875.50	952.50	1055.75	1117.75	1083.50	993.75	850.75	892.50	846.25	811.00	754.00	684.75	675.25	837.00	833.75	715.00	705.00	570.00	717.00	809.50	839.75	860.00	963.75	996.75	956.25	1061.00	956.75	864.00	982.00	936.50	1019.75	922.50	810.75	738.50	730.50	594.75	616.00	670.25	793.00	853.00	896.00	815.50	757.75	619.75	446.75	456.25	594.75	730.75	813.00	746.00	924.25	853.00	684.25	604.50	614.25	646.75	640.25	721.50	701.00	754.75	867.25	852.50	929.25	935.75	1033.00	1135.25	1071.00	970.00	980.75	889.75	837.75	966.00	1001.25	1002.25	977.75	837.50	722.25	718.75	777.25	865.00	948.50	834.00	840.50	786.50	777.25	698.75	585.50	653.75	621.50	614.00	708.75	681.75	756.25	805.50	706.25	609.75	538.25	467.50	545.00	619.50	687.25	681.00	605.50	730.25	625.25	775.75	961.75	944.00	816.00	743.50	781.75	846.00	891.25	779.50	658.00	556.25	453.75	390.00	323.75	306.25	238.00	240.75	398.25	489.00	597.00	591.75	675.50	554.75	496.75	378.00	339.75	534.50	550.50	393.50	415.75	536.00	550.00	543.75	526.50
1013.00	1079.50	1254.25	1238.00	1371.25	1569.50	1278.75	1188.00	1044.75	1103.50	1262.75	1154.50	1009.75	835.75	644.25	641.25	620.75	656.00	714.00	941.25	958.50	938.25	893.00	957.25	1095.50	1206.00	1279.50	1410.25	1591.50	1680.25	1535.00	1429.50	1306.50	1331.25	1509.50	1636.25	1532.50	1573.00	1595.00	1514.50	1659.75	1546.75	1520.75	1446.25	1409.25	1473.25	1456.75	1441.00	1218.50	1326.25	1176.00	1525.75	1458.50	1262.25	1406.00	1193.50	902.25	812.00	616.00	580.75	850.75	980.00	987.75	1032.00	1107.75	1205.50	1459.75	1480.00	1381.25	1083.50	962.75	1015.25	1127.25	1238.00	1338.25	1174.25	1210.50	1268.25	1431.75	1359.25	1089.25	1120.75	1188.25	1312.25	1256.75	1179.00	1176.00	1211.75	1201.75	1080.00	967.00	776.50	520.75	463.00	702.25	1017.00	1020.25	822.00	697.00	939.75	873.75	713.00	591.00	521.00	534.75	504.25	445.50	504.75	620.00	548.25	500.75	563.75	685.00	713.75	791.25	861.00	886.00	1036.00	1222.25	1202.50	1113.00	944.50	863.75	778.00	734.50	721.00	741.25	903.75	902.25	774.50	641.50	620.00	624.00	612.00	594.75	806.25	848.00	718.00	810.50	926.25	972.25	796.00	818.50	909.50	796.25	953.00	827.25	901.50	877.75	706.75	636.00	634.25	713.00	715.25	570.50	552.25	734.25	842.50	713.25	671.75	613.50	440.50	438.25	630.25	779.25	1049.75	875.50	779.00	623.75	582.50	722.00	855.25	862.00	851.00	901.00	808.75	851.50	837.50	922.00	939.00	1066.00	1193.25	1121.00	1026.25	1102.00	1072.75	961.50	943.00	1026.75	999.25	976.50	877.00	956.00	796.75	896.50	930.50	1076.25	1017.25	811.25	653.25	635.25	617.50	582.50	597.50	757.00	802.00	748.00	771.25	890.50	961.50	847.75	753.50	626.50	509.00	484.00	570.00	659.25	822.25	975.75	725.00	902.75	772.75	777.50	1109.00	1178.00	1004.00	767.50	649.25	593.00	597.50	725.25	744.00	634.50	557.75	473.75	384.00	361.75	277.00	233.75	340.75	463.50	421.00	496.75	562.25	434.75	329.50	294.50	312.50	342.00	349.00	467.00	525.25	608.25	753.50	761.00	771.25
1125.00	1048.00	1150.00	1208.25	1361.50	1563.25	1302.00	1198.25	1053.00	1165.00	1330.00	1207.75	1072.50	830.25	612.50	693.75	620.75	622.00	700.75	808.00	845.50	874.25	893.50	1047.00	1140.50	1160.25	1325.00	1515.00	1545.50	1657.25	1565.25	1526.75	1467.75	1397.25	1512.50	1604.50	1413.50	1388.50	1456.50	1340.75	1525.75	1553.75	1365.75	1419.00	1286.00	1320.50	1428.75	1370.25	1151.50	1218.00	1105.50	1433.25	1427.75	1169.00	1262.25	1206.75	951.25	815.00	663.75	570.50	734.50	818.25	958.00	1023.50	1182.50	1267.00	1364.75	1272.25	1184.25	937.25	842.75	905.50	964.25	1055.75	1113.25	1073.75	1115.00	1248.75	1296.50	1387.25	1222.25	1267.50	1285.75	1314.00	1213.75	1182.75	1162.75	1076.00	1075.00	935.00	811.75	629.25	502.00	461.75	707.25	1040.50	1052.75	789.75	726.50	930.25	875.00	759.25	548.00	460.00	462.25	433.75	435.75	593.25	687.25	623.50	553.50	523.00	557.75	641.75	730.75	755.25	836.75	978.75	1225.00	1105.50	1147.00	1057.00	922.75	812.75	807.75	720.75	677.75	804.25	921.25	912.00	774.50	637.00	581.50	558.75	568.75	812.00	715.00	661.75	834.50	1048.75	1025.00	826.75	756.50	886.00	779.25	964.75	879.25	793.25	759.75	683.25	714.00	741.75	852.50	784.50	677.00	533.25	589.50	643.50	595.50	596.75	614.25	456.25	430.25	613.75	767.50	972.25	767.25	612.75	538.75	586.25	737.50	831.50	917.00	938.50	943.50	868.75	906.50	922.75	947.25	993.50	1115.00	1167.50	1097.00	999.25	1011.25	1060.75	1100.50	1055.00	1097.00	1079.50	1064.25	972.50	936.25	822.75	1022.50	1108.25	1126.75	973.25	785.25	659.25	629.75	643.00	576.00	618.25	731.75	839.75	889.75	816.25	1056.00	1094.75	897.00	796.25	652.50	508.25	502.75	590.00	676.25	828.50	1069.75	829.50	998.25	949.50	936.00	1176.00	1250.00	1091.00	812.50	767.25	641.50	533.00	620.50	732.75	723.00	623.25	471.50	368.75	420.00	330.25	255.25	283.75	408.50	352.25	425.25	510.50	335.00	279.25	290.50	308.25	315.75	355.25	533.75	635.75	666.00	818.25	862.75	799.75
1219.75	1109.50	1221.75	1390.00	1409.00	1375.00	1353.25	1345.50	1313.50	1372.75	1350.25	1132.50	1063.50	903.50	730.00	637.25	604.75	614.25	774.50	928.25	988.25	1120.00	1190.75	1131.50	1364.00	1490.00	1429.50	1309.25	1319.25	1515.50	1274.75	1330.50	1413.25	1639.50	1570.50	1420.25	1398.25	1177.00	1136.25	1287.50	1589.25	1734.50	1401.25	1197.00	1184.00	1400.50	1572.75	1359.50	1196.25	999.25	1053.75	1364.00	1373.75	1120.50	1034.75	1124.00	923.75	974.50	868.75	593.25	642.25	905.25	1188.50	1144.00	1060.75	1024.75	1053.50	1023.50	879.25	745.25	884.00	980.75	1000.75	1023.75	1001.25	1068.75	1179.75	1146.00	1328.50	1426.75	1145.25	1036.00	964.75	968.25	879.50	795.50	840.50	727.50	727.50	609.25	561.75	643.25	617.25	437.25	564.50	844.75	874.00	642.25	830.50	815.75	619.75	697.50	564.25	455.25	573.00	646.50	633.50	723.25	864.25	680.75	641.00	652.75	632.00	554.00	567.75	600.00	749.00	811.00	833.50	855.50	1077.75	1191.75	1027.00	998.00	1053.00	887.50	873.00	709.25	637.00	699.75	785.75	792.00	741.50	603.75	554.50	739.75	618.00	774.50	902.00	992.00	964.25	850.25	691.50	703.00	768.25	912.00	1005.25	925.00	774.75	780.25	964.50	1027.75	939.75	843.25	684.00	741.00	613.00	570.25	497.75	505.25	494.75	463.75	422.50	595.25	657.50	605.50	531.50	566.75	706.75	759.50	682.00	737.25	790.00	861.00	979.50	1081.75	1081.50	1172.50	1153.50	1182.50	1178.50	1087.75	1024.25	967.50	949.25	1124.00	1084.75	1175.25	1280.00	1334.50	1244.50	1080.25	919.50	946.25	1115.25	1129.75	896.50	811.25	832.25	786.75	709.50	733.50	650.75	770.50	671.75	732.75	838.00	885.50	1124.50	1128.50	871.00	740.50	640.25	521.50	527.25	608.50	686.50	863.00	1066.25	1030.50	1074.00	955.50	973.25	1062.25	916.50	978.50	1008.75	855.50	757.50	652.75	477.75	535.00	651.75	615.75	513.75	631.25	595.50	503.00	377.75	232.00	263.25	334.75	341.50	310.75	265.75	284.75	374.25	457.75	428.25	345.75	362.50	419.50	558.50	660.50	704.00	762.00
1240.50	1192.50	1291.25	1357.25	1381.25	1233.00	1166.00	1183.25	1273.50	1371.50	1327.25	1180.25	1052.25	972.75	889.25	705.50	651.50	669.00	679.75	763.00	827.00	992.50	1233.75	1272.50	1393.75	1493.75	1222.00	1127.25	1264.50	1344.50	1152.00	1234.75	1290.00	1514.75	1439.50	1192.25	1270.25	1085.25	1060.75	1334.00	1524.25	1679.25	1484.00	1240.25	1144.75	1394.75	1592.00	1386.25	1210.75	1001.75	988.75	1356.25	1467.00	1163.75	974.25	1141.50	998.75	893.75	803.00	638.50	601.25	835.25	1005.25	918.50	855.25	857.50	858.25	800.25	773.75	832.75	1015.50	1154.25	1140.25	1273.50	1218.25	1140.75	1335.50	1341.25	1318.25	1313.50	1108.75	1013.00	951.75	910.50	838.50	800.75	742.25	683.00	694.25	728.00	770.25	802.75	627.50	434.00	456.25	648.50	699.50	627.50	833.75	644.25	462.75	501.50	487.00	424.25	523.50	739.50	856.50	905.50	940.50	782.00	707.75	722.25	715.50	631.25	627.25	623.25	646.75	673.00	722.50	794.75	925.25	1012.75	1028.00	1053.75	964.50	892.25	842.75	758.50	700.50	694.50	694.00	686.25	653.75	563.75	543.50	629.00	651.00	782.00	957.50	902.25	915.00	894.75	678.75	730.25	811.50	982.75	1097.50	935.50	837.00	899.25	1034.75	1098.25	930.25	848.50	859.25	800.25	658.75	581.50	602.50	676.25	547.00	464.00	419.00	527.75	555.50	569.25	602.25	685.75	798.50	883.50	863.25	920.50	914.50	937.00	1019.00	1171.25	1306.75	1310.25	1194.50	1167.25	1199.25	1085.50	987.75	876.50	966.00	1084.50	1042.75	1286.75	1447.50	1509.75	1318.75	1154.75	969.25	1088.75	1109.75	1017.25	922.50	950.50	898.75	798.50	863.50	784.75	702.25	837.25	754.00	769.00	868.00	969.25	981.75	933.75	821.50	688.50	620.00	549.75	543.50	610.75	690.50	892.25	916.50	814.75	871.00	780.50	766.75	863.00	814.25	803.50	974.25	876.00	730.75	658.50	536.00	452.50	537.50	703.50	693.50	741.75	723.00	590.50	430.50	243.50	240.75	295.00	276.25	272.50	316.00	346.50	371.25	453.50	516.50	464.25	408.75	410.75	449.75	491.50	543.00	588.50
1290.25	1351.25	1368.00	1213.75	1407.75	1311.25	1106.50	1015.00	1153.50	1284.25	1387.50	1300.50	1144.75	1007.00	922.75	746.75	706.75	669.75	604.00	641.50	722.00	888.75	1117.50	1258.75	1280.50	1349.25	1052.50	997.75	1126.00	1086.75	1047.75	1233.50	1237.50	1493.00	1391.25	1044.25	1118.00	996.75	1068.25	1341.75	1309.25	1507.25	1512.75	1259.25	1104.75	1396.25	1597.25	1490.25	1278.00	1014.50	866.00	1249.50	1438.25	1122.50	920.25	1104.25	1032.25	845.75	681.75	649.25	556.00	696.50	745.25	698.50	671.00	692.50	706.75	703.00	778.75	933.25	1117.00	1283.25	1243.75	1447.50	1380.25	1200.25	1331.00	1444.25	1342.75	1208.75	1139.00	1129.25	1121.75	1026.25	959.00	886.50	737.75	742.25	820.25	956.50	939.75	818.75	581.50	448.75	411.75	502.75	544.75	642.25	772.25	498.50	407.00	450.75	416.50	408.25	518.50	797.50	933.50	1010.00	1016.50	939.75	805.50	798.75	779.50	714.75	734.00	704.50	621.25	615.25	665.75	703.00	761.75	937.75	1100.25	1061.25	956.75	868.50	806.50	811.25	837.50	862.75	767.25	725.50	667.00	565.75	499.00	611.25	717.00	805.50	971.75	839.25	835.50	881.75	643.00	837.50	943.75	1000.75	1052.75	913.25	907.50	1001.50	1120.75	1141.50	1006.50	993.50	1032.50	791.50	642.00	574.50	764.75	817.50	636.75	525.00	417.00	422.00	521.50	703.75	746.50	797.00	895.50	965.00	982.75	1013.50	1004.25	1036.50	1153.50	1263.25	1479.50	1366.00	1175.25	1037.25	1194.00	1116.25	1114.25	865.50	971.25	1022.50	1037.75	1347.00	1509.00	1510.00	1435.25	1309.50	1022.50	1173.00	1033.75	966.25	1011.75	1018.00	923.00	851.25	989.25	805.75	768.00	888.75	859.50	873.25	927.50	975.25	890.00	781.50	724.50	678.00	649.00	600.50	553.75	627.00	709.75	940.25	861.00	656.50	681.00	669.50	637.25	665.50	759.00	654.50	901.00	924.50	727.50	634.25	555.00	434.25	454.50	719.25	794.75	788.25	836.25	655.25	520.00	270.25	229.75	247.25	253.00	307.50	432.00	459.75	355.50	387.50	613.25	615.75	518.25	488.00	450.50	479.75	465.00	452.50
1280.25	1311.50	1260.50	1092.75	1361.00	1285.25	1214.50	1000.75	1110.50	1296.00	1297.75	1351.75	1160.25	944.50	877.75	811.50	747.00	593.00	596.25	610.50	718.75	925.75	1095.00	1248.75	1067.50	1026.00	885.25	879.50	986.00	1028.75	1012.75	1113.25	1143.50	1410.75	1352.00	1056.25	993.50	923.25	1051.75	1296.50	1207.50	1299.50	1330.75	1084.00	1154.25	1441.25	1504.00	1396.75	1338.75	1048.00	793.50	1171.75	1291.25	956.50	912.75	1062.75	935.00	913.50	779.75	688.50	536.50	621.50	739.50	739.50	739.50	679.00	854.75	879.50	947.25	1007.00	1052.25	1203.00	1247.50	1461.75	1481.50	1303.25	1367.75	1512.75	1440.50	1402.50	1334.75	1344.00	1340.75	1211.00	1089.00	945.50	825.00	959.25	985.25	901.25	837.50	760.25	655.25	536.50	418.75	436.50	468.75	537.50	547.75	424.50	392.25	455.75	446.00	463.75	559.00	717.00	744.25	876.00	980.75	965.25	931.25	918.75	910.50	879.00	876.00	824.00	684.00	725.75	771.00	726.75	786.50	987.25	1169.00	1162.50	1083.00	988.00	981.25	1020.00	1006.25	908.75	782.50	735.75	669.75	585.00	490.25	643.50	770.50	885.50	981.50	790.50	721.50	732.25	607.00	757.50	845.25	908.25	938.25	970.75	1014.50	1071.50	1071.75	1061.25	964.25	898.25	845.00	735.50	685.75	740.75	828.00	770.25	716.00	544.50	412.25	416.50	598.25	775.50	843.50	923.25	955.50	907.25	891.00	952.50	1046.25	1162.50	1252.00	1370.75	1308.50	1281.75	1141.00	968.50	1106.50	1294.75	1196.75	844.25	870.25	927.75	1006.25	1212.25	1351.50	1409.50	1501.50	1357.25	1128.00	1205.75	1134.00	1186.25	1192.25	1176.75	1131.50	965.00	972.00	906.25	858.50	892.00	860.50	836.75	824.50	920.75	870.00	839.50	743.75	757.75	776.50	667.25	581.75	630.00	708.25	929.00	870.00	698.75	681.00	610.75	549.00	546.25	635.75	582.00	744.25	807.00	707.50	661.25	554.75	496.50	431.00	591.00	671.75	730.50	755.75	555.50	510.75	254.50	252.75	330.50	328.50	346.75	512.25	587.50	446.00	376.00	550.50	636.25	648.00	530.50	551.25	687.25	622.75	504.00
1127.50	1109.50	1121.50	986.00	1222.75	1141.00	1241.75	1032.75	1069.75	1227.75	1118.25	1344.75	1193.00	955.25	878.25	839.75	738.00	598.50	603.25	586.00	785.50	975.75	1123.50	1297.75	958.00	782.25	872.25	917.50	1032.75	1078.00	1069.00	1056.00	1161.50	1337.00	1367.25	1144.00	991.25	871.25	1041.25	1262.50	1136.00	1100.00	1094.50	926.00	1230.00	1522.00	1380.50	1163.75	1313.00	1096.25	754.75	1101.25	1100.00	805.25	878.25	1055.50	1035.25	1018.75	846.25	699.00	524.25	627.75	921.75	960.50	924.50	758.25	990.75	1016.00	1060.50	1143.25	1020.50	1182.50	1221.50	1442.50	1613.50	1464.75	1452.75	1574.50	1396.00	1534.00	1430.25	1433.50	1484.75	1421.00	1219.25	1034.50	968.50	1179.00	1077.50	879.75	825.50	767.00	712.25	564.00	445.50	420.75	432.25	425.00	380.00	372.25	363.00	393.75	482.75	522.50	554.75	585.00	582.50	692.75	846.00	835.25	902.25	901.25	923.25	1002.75	1064.50	978.25	750.50	830.50	924.25	834.50	825.25	968.75	1122.25	1158.00	1084.75	996.25	1093.25	1151.75	1110.50	927.50	802.25	719.75	629.50	574.75	464.25	618.50	803.50	956.00	1015.00	773.25	654.50	575.25	650.25	736.75	747.25	949.25	972.75	1051.25	1149.75	1113.75	910.50	870.00	814.50	764.50	692.00	796.50	837.75	838.75	777.75	660.75	714.75	536.75	412.50	410.00	644.00	819.25	912.75	992.25	934.50	774.75	805.00	915.50	1079.00	1187.75	1348.75	1451.00	1100.25	1112.25	1044.75	905.25	1059.75	1347.25	1158.75	793.75	808.50	969.50	1037.50	1189.00	1361.50	1470.25	1344.00	1250.75	1251.75	1294.00	1317.50	1413.50	1348.50	1330.75	1310.75	1129.25	998.25	1036.50	898.50	851.25	792.50	758.25	729.00	850.00	811.75	897.75	879.25	831.75	862.75	727.50	615.75	617.00	707.75	968.00	902.75	853.00	762.50	614.50	516.75	478.50	498.25	512.50	578.00	652.25	637.50	642.50	595.75	622.75	455.75	429.00	518.50	577.00	545.25	373.25	372.00	224.25	271.25	419.00	438.50	388.00	473.00	594.25	519.25	399.00	512.25	632.75	725.25	596.25	622.25	792.00	748.00	606.50
1054.75	1051.50	1055.50	976.75	1022.75	997.50	1027.50	944.75	944.50	1015.75	1067.25	1296.50	1227.25	1043.50	974.75	878.25	882.25	796.50	698.50	592.75	787.25	944.75	1102.25	1195.75	836.25	831.25	1055.00	1180.25	1294.25	1233.00	1296.00	1286.00	1323.50	1424.50	1421.25	1186.75	1119.50	864.00	1027.25	1244.50	1155.25	995.75	922.50	959.25	1355.00	1565.50	1338.00	1062.50	1159.00	1153.00	764.75	932.25	856.25	797.50	936.75	1102.50	1231.25	1095.75	906.50	705.25	517.25	685.00	1035.25	1101.50	1032.00	912.50	927.25	944.25	1031.00	1232.25	1180.00	1237.00	1281.00	1460.25	1513.75	1494.25	1346.75	1467.50	1200.50	1306.50	1309.00	1236.00	1353.75	1432.00	1309.50	1284.00	1236.00	1169.50	1045.50	861.75	776.25	686.00	633.50	635.75	583.50	524.00	558.00	567.25	540.25	508.75	376.00	366.75	558.00	653.50	703.25	678.00	623.50	691.50	817.00	793.25	799.75	872.50	876.00	1097.50	1186.50	1054.25	855.50	870.25	1049.00	990.75	911.25	1004.75	1008.00	966.50	925.75	847.00	938.50	1032.25	963.25	967.25	880.75	779.75	693.00	626.25	453.25	539.00	754.50	922.75	1023.25	811.25	617.50	574.50	724.75	831.50	822.75	1031.00	1091.50	1135.75	1157.50	1124.75	963.25	938.50	891.50	792.25	834.25	894.00	831.25	752.00	727.25	636.00	609.00	530.75	416.75	407.00	594.25	830.75	915.50	858.00	748.25	722.00	834.00	940.25	1138.00	1235.25	1469.00	1388.25	1129.75	1018.25	922.00	939.25	1116.25	1248.25	1066.00	754.25	820.75	1029.25	1175.00	1339.75	1359.75	1296.00	1185.00	1176.00	1415.25	1450.75	1353.00	1312.00	1273.75	1216.75	1183.50	1155.00	1168.75	1055.00	923.50	877.25	887.75	891.25	793.00	740.75	765.25	881.50	998.75	952.25	887.75	805.25	668.00	670.00	781.25	973.50	1061.75	917.25	800.50	693.50	602.50	524.00	471.75	454.75	466.50	496.00	482.00	479.00	503.50	600.00	458.00	338.75	375.75	376.75	347.50	288.00	273.75	223.00	240.25	375.25	507.50	510.25	443.50	533.25	566.25	448.50	550.75	610.00	748.25	744.25	706.75	774.75	828.50	725.75
1134.00	1181.50	1154.75	1046.25	987.25	935.50	886.75	860.50	837.25	823.25	1045.25	1191.50	1216.75	1039.25	1102.00	1073.00	1102.00	964.25	818.25	628.00	697.25	889.75	1041.25	1003.50	760.50	923.50	1197.25	1391.00	1545.50	1471.50	1496.75	1507.00	1544.00	1431.50	1379.75	1145.25	1160.50	841.50	989.50	1209.00	1107.00	876.75	896.50	1073.25	1493.50	1548.75	1380.75	1083.00	984.75	1166.00	837.50	720.50	730.00	894.50	981.50	1185.00	1283.00	1099.50	997.25	784.25	513.25	724.00	1037.25	1072.50	1078.00	1097.00	943.25	881.75	1008.50	1222.75	1264.75	1268.50	1335.25	1452.25	1316.25	1355.25	1201.00	1368.00	1148.75	1061.50	1206.75	1058.75	1169.75	1324.25	1279.00	1455.00	1383.75	1008.00	923.25	728.00	651.00	688.75	663.75	800.75	703.00	670.50	772.50	804.75	751.25	647.50	382.75	365.50	686.00	858.50	917.25	877.75	758.50	802.75	912.00	914.75	815.75	977.50	991.00	1195.75	1284.50	1114.25	967.25	969.25	1186.25	1139.00	1056.25	1115.50	997.25	883.50	818.25	737.00	753.25	844.25	781.50	917.75	930.75	862.25	767.75	677.25	495.75	440.00	661.75	829.50	951.50	731.25	553.00	643.25	761.50	828.25	814.50	1067.50	1210.00	1263.75	1175.00	1200.25	1076.25	1023.75	911.50	806.25	995.75	884.00	835.25	803.25	733.25	619.50	596.25	529.50	406.50	395.50	567.25	831.25	851.75	684.25	650.25	743.00	840.25	945.25	1192.00	1326.75	1437.50	1335.25	1111.50	1008.00	827.25	1029.50	1186.00	1127.50	951.25	714.50	814.75	1007.75	1161.25	1346.75	1184.25	1025.00	1190.50	1284.25	1579.00	1580.50	1354.00	1147.00	1097.75	1074.75	980.25	1112.25	1302.50	1123.25	1040.25	992.50	1011.00	975.00	879.75	754.25	682.00	794.25	1021.00	993.25	903.00	866.50	708.25	710.50	818.00	1006.25	1124.00	865.50	787.00	696.25	618.75	539.75	471.50	434.50	475.50	439.75	449.50	421.25	374.50	432.25	384.00	342.00	365.50	328.25	322.50	282.00	262.75	220.00	213.00	297.50	488.25	606.25	497.00	541.25	618.00	499.00	616.25	608.00	764.25	831.50	760.25	778.00	867.00	785.25
1380.00	1535.00	1334.50	1265.75	1227.25	1232.25	1105.00	1014.00	1001.50	836.00	792.75	819.75	891.50	860.50	1013.75	1273.50	1198.75	961.25	805.25	736.75	629.00	649.75	691.00	699.25	1015.75	1187.00	1313.25	1420.50	1491.75	1427.00	1320.75	1373.00	1604.50	1390.25	1184.50	1060.00	1043.00	799.50	955.25	1105.00	799.75	835.00	1108.00	1329.75	1450.50	1220.50	1261.25	1155.75	867.25	1034.50	915.50	616.75	794.50	1009.75	1137.25	1169.25	1189.75	1045.25	846.25	657.00	544.75	734.00	801.00	918.50	980.25	1087.75	1074.00	996.25	1001.75	1057.50	1122.00	1288.00	1215.00	1235.00	1269.00	1136.75	1075.00	1253.00	1289.00	1096.00	909.75	897.00	1130.75	1093.00	1122.50	1339.25	1253.00	1027.75	877.25	803.00	789.75	948.00	928.50	891.50	831.50	934.50	948.50	840.50	639.25	501.50	353.25	432.00	626.25	725.75	810.25	965.75	978.75	968.25	962.25	1063.50	1016.75	1062.50	1213.50	1206.00	1316.75	1218.25	1199.50	1224.75	1304.75	1231.25	1162.75	1193.75	1180.25	1040.00	975.50	909.75	771.75	664.00	651.25	721.25	800.00	744.25	692.50	598.25	483.00	444.75	441.75	585.50	673.00	479.00	505.25	561.50	608.75	704.50	872.50	1059.50	1200.75	1411.75	1464.75	1406.25	1277.50	1065.25	967.00	1015.00	1150.75	949.75	816.75	713.50	671.50	739.50	650.00	442.00	373.50	446.00	647.50	639.00	555.75	606.75	765.00	843.00	978.00	1085.75	1173.75	1199.25	1079.00	1184.00	961.50	887.25	769.75	941.50	1044.25	897.00	763.75	691.50	796.25	934.00	1136.00	1209.25	1040.50	959.50	1242.75	1367.75	1362.25	1477.50	1233.50	1122.25	999.75	881.00	927.75	1210.00	1181.50	1126.75	1330.50	1219.75	1154.00	1018.25	894.75	776.75	655.00	637.75	877.25	793.50	943.75	971.50	833.25	796.50	830.75	1102.50	1047.50	803.25	710.00	696.50	669.00	557.25	544.75	583.75	725.25	648.25	733.25	580.25	429.25	589.75	494.75	495.75	560.25	547.00	544.25	390.75	344.75	210.00	210.50	272.50	465.75	683.75	739.50	708.00	695.00	669.25	767.00	773.75	640.25	632.00	614.50	690.50	649.75	834.75
1398.50	1597.25	1444.75	1458.00	1381.75	1338.25	1138.25	1183.50	1093.25	968.25	835.75	735.75	735.00	816.75	1005.25	1177.25	1229.50	1013.25	899.00	781.50	689.00	596.25	630.50	830.25	1109.50	1257.25	1368.75	1336.00	1320.75	1306.50	1200.25	1291.75	1533.50	1421.50	1127.25	970.00	976.75	781.50	990.25	1077.50	740.00	927.50	1287.50	1411.00	1342.75	1160.00	1077.50	1114.00	825.25	952.75	803.75	617.25	807.25	1012.25	1190.00	1050.50	1023.50	1012.25	872.75	605.50	547.75	661.50	765.00	857.50	861.00	984.25	1085.75	1092.50	1080.75	1096.00	1160.75	1231.00	1176.75	1157.75	1244.75	1086.50	1023.75	1174.25	1235.25	1174.00	895.75	836.50	1014.25	985.25	1159.75	1244.00	1255.25	1099.50	1050.50	930.50	916.50	1012.00	1010.50	941.75	939.25	978.75	910.50	807.75	580.75	407.25	371.25	482.25	568.25	667.50	770.50	923.75	1062.00	1090.75	1043.00	1137.75	1140.75	1167.75	1196.50	1157.75	1247.75	1120.75	1301.50	1251.25	1361.25	1280.75	1163.25	1051.50	1137.25	1145.50	1085.25	924.25	881.25	727.50	613.50	618.00	665.75	582.50	535.50	523.00	596.50	519.75	408.75	490.75	579.75	476.25	528.75	551.50	623.75	746.00	903.50	1127.50	1225.75	1339.50	1446.00	1388.00	1302.75	1103.50	1133.50	1169.50	1140.75	924.25	845.00	737.75	780.00	794.50	600.25	401.75	369.50	544.75	667.50	520.25	563.75	627.25	742.50	861.00	1048.25	1204.75	1284.25	1208.25	937.75	969.50	952.50	815.00	740.75	904.00	969.00	783.25	677.25	767.00	882.75	1020.50	1108.25	1077.25	932.25	987.50	1182.25	1194.50	1271.25	1462.75	1348.75	1257.50	1078.00	883.00	889.50	1105.25	1005.00	1081.00	1295.75	1146.50	1095.75	1055.00	1027.25	867.25	692.50	603.50	778.75	746.25	953.75	1008.00	988.25	904.50	883.25	1149.00	1108.75	932.25	773.75	779.75	695.50	640.50	684.25	693.50	789.00	821.00	786.50	587.25	486.75	663.50	535.50	571.25	624.25	692.75	639.75	440.75	369.50	208.25	208.00	278.25	506.75	722.50	781.00	688.75	797.75	726.50	691.75	712.50	609.50	518.50	534.50	592.50	654.75	813.75
1523.50	1483.25	1472.25	1580.50	1616.25	1465.00	1430.25	1421.75	1253.50	1058.25	878.25	893.75	878.75	706.50	756.50	904.00	1091.25	1124.00	1020.00	954.00	846.75	659.50	565.25	826.25	1124.25	1112.50	1107.50	1013.00	1034.50	1104.75	1010.00	1239.50	1271.75	1255.75	1234.50	960.75	800.25	709.25	867.00	888.25	701.00	915.50	1052.25	1114.75	1046.25	976.25	840.50	790.50	688.50	715.00	574.75	666.75	813.75	943.75	988.25	896.75	728.25	661.75	593.00	472.75	600.75	696.25	725.25	793.75	787.25	863.25	1080.75	1259.50	1331.75	1369.25	1376.50	1247.25	1119.75	1020.00	1084.50	1052.75	902.75	1003.00	1032.25	1013.00	951.25	745.75	866.50	1074.75	1127.25	1029.25	1110.25	904.50	984.00	1110.25	1046.00	990.50	802.50	864.75	920.50	871.75	809.50	650.25	446.75	348.25	480.50	653.75	784.25	819.75	912.50	1023.25	1054.75	1046.25	1081.25	1072.50	1083.75	1078.50	1069.25	958.75	1002.00	956.00	1047.25	1060.50	1382.25	1216.25	1115.50	1038.25	954.50	1109.00	1145.00	995.75	900.75	754.00	802.00	724.75	565.75	619.00	708.00	787.50	631.50	547.00	412.25	439.00	492.25	507.75	628.75	674.25	778.25	972.75	1061.00	1088.50	1033.25	1189.50	1232.75	1097.50	1219.50	1361.00	1185.75	1121.00	1229.25	1163.50	1010.25	794.50	856.25	813.50	598.50	362.50	374.25	478.75	464.00	608.50	678.50	793.25	853.00	925.50	1040.50	1181.00	1400.50	1281.50	963.00	791.75	810.00	698.75	699.50	854.00	793.75	620.75	686.75	875.00	977.50	982.00	913.75	817.75	844.50	923.50	997.75	1106.50	1434.50	1364.25	1266.00	1290.00	1090.25	896.75	762.50	842.25	839.00	996.50	1163.75	1192.75	1034.00	899.75	937.75	947.25	780.00	607.75	642.50	775.00	817.75	959.75	1058.25	1078.50	996.00	938.25	1114.25	1186.75	1072.75	940.00	841.25	938.50	896.50	875.50	983.50	982.25	687.75	556.75	786.25	698.75	568.50	672.75	802.00	728.00	592.50	484.75	386.75	218.00	205.75	233.50	457.25	604.75	599.25	475.00	781.50	642.00	535.00	462.75	481.50	419.00	513.50	603.00	722.50	666.75
1325.00	1352.00	1186.50	1338.50	1504.50	1637.50	1543.50	1340.50	1070.50	907.50	907.50	1099.00	990.00	862.50	734.00	763.50	997.50	1022.00	845.00	714.00	646.00	569.00	562.00	734.00	842.50	855.50	831.00	858.00	893.00	965.50	846.50	992.00	1067.50	959.50	1007.00	805.00	727.00	591.50	615.50	631.50	691.50	802.50	1009.00	1011.50	986.00	1005.50	925.50	878.50	760.50	586.00	535.00	862.00	900.00	692.50	733.50	935.00	976.50	845.50	581.50	460.00	712.50	929.50	843.00	1024.50	1072.50	932.00	1029.50	1250.50	1506.50	1468.50	1471.50	1382.50	1227.50	1028.50	920.50	973.50	836.00	924.50	1034.00	894.50	806.50	698.00	830.50	933.00	981.50	970.50	1113.00	802.00	945.50	1075.00	966.50	971.50	852.00	693.00	747.00	737.50	666.00	659.50	413.00	353.50	544.00	654.50	651.50	683.00	884.50	978.00	927.50	905.50	1068.00	965.00	1000.50	946.50	960.50	771.50	802.00	872.00	1054.50	1222.50	1398.00	1316.00	1086.50	981.50	865.00	899.50	954.00	1061.50	945.50	928.50	973.00	762.00	595.00	798.00	889.00	719.00	622.50	705.50	443.00	397.50	415.50	532.00	550.50	598.00	728.00	1023.00	1039.50	935.00	966.00	1053.00	1040.50	989.00	1103.00	1181.50	924.50	824.00	1101.50	999.50	781.50	623.50	584.00	568.00	492.50	357.00	387.00	563.00	521.00	671.50	695.00	785.50	875.00	1028.50	1213.00	1317.50	1314.50	1153.50	932.50	895.50	654.00	608.50	650.00	684.50	566.00	747.50	855.50	907.50	869.00	798.00	729.50	819.00	966.50	1157.50	1255.00	1429.50	1340.00	1228.50	1054.50	1178.50	1042.50	917.00	737.00	833.00	973.50	1168.50	1262.00	1189.50	1137.50	960.00	773.50	743.50	723.00	607.00	566.50	668.00	788.50	913.00	949.50	1048.50	887.00	794.50	1049.50	1284.50	1254.50	963.50	782.50	744.50	711.00	756.50	741.00	795.50	810.00	652.00	841.00	654.50	645.00	766.50	905.50	873.00	818.00	625.50	462.50	255.50	206.00	208.50	351.00	469.00	431.00	431.50	714.00	649.00	397.00	374.50	365.50	371.00	516.50	541.50	564.50	528.50
1211.25	1150.00	1106.75	1274.50	1524.75	1427.75	1339.50	1256.75	1054.25	1055.00	1190.50	1269.50	1207.75	992.75	915.00	683.00	795.00	844.75	828.75	731.00	557.75	547.75	629.50	702.25	694.75	688.25	709.00	724.25	751.25	821.75	785.50	1054.50	1025.25	867.25	1114.50	912.50	717.75	587.50	574.75	743.50	910.75	1024.50	1014.00	934.00	867.25	1064.50	1006.50	864.75	775.00	609.50	628.00	850.00	738.25	554.75	574.00	777.00	922.25	789.75	553.00	457.00	712.50	906.75	988.50	1039.50	1141.00	1212.75	1265.75	1387.75	1514.75	1300.25	1166.75	1350.50	1314.50	1109.00	916.75	872.50	758.75	811.00	933.75	854.50	738.75	626.75	720.25	842.50	866.00	992.50	1065.75	755.25	873.50	1019.50	960.00	809.00	894.75	679.75	630.75	763.50	642.50	531.50	354.00	404.00	547.50	598.00	717.50	871.25	936.50	874.50	757.75	974.50	1067.75	929.50	864.00	817.00	744.25	926.75	968.25	1074.00	1140.75	1284.75	1178.50	1220.75	1193.50	1103.50	900.75	761.00	830.00	955.25	1038.50	957.00	839.50	695.00	762.50	833.25	959.00	783.00	841.25	786.00	516.75	387.25	446.25	572.50	638.75	700.00	825.25	962.25	847.25	835.25	872.00	883.25	915.75	1055.25	1134.50	949.50	957.75	804.50	903.75	1017.00	796.50	606.25	587.75	549.00	484.50	366.00	368.25	653.00	726.75	822.25	881.00	906.50	977.25	1038.50	1209.75	1252.25	997.50	975.50	981.25	893.50	870.00	756.25	599.00	544.75	678.50	868.00	803.75	703.00	669.50	674.75	816.50	1034.75	1199.50	1336.75	1427.25	1325.50	1221.00	1027.75	908.50	1002.25	900.00	749.00	657.25	852.50	988.50	936.50	1133.25	990.50	903.00	986.25	908.00	817.25	792.50	724.25	529.75	630.50	768.25	779.50	1006.00	1093.75	860.25	714.25	930.25	1043.75	1062.75	1033.50	900.00	722.75	581.25	745.75	662.00	595.50	777.00	759.50	842.75	799.00	723.25	789.50	949.75	896.25	815.50	625.50	485.50	284.50	208.75	212.00	270.00	363.25	327.00	385.25	490.00	507.25	331.50	310.25	329.00	352.00	399.00	419.75	447.50	540.25
1261.50	1051.00	1089.75	1394.50	1547.00	1338.00	1205.50	1148.50	1105.00	1250.50	1357.25	1357.00	1241.25	1080.50	954.50	724.00	673.50	697.25	747.75	722.75	561.50	557.75	667.00	706.75	615.50	596.75	618.75	628.25	649.75	713.50	809.00	1049.75	899.25	888.00	1116.50	928.75	664.75	521.50	646.75	930.25	1054.50	979.75	830.25	833.00	793.00	1035.25	1072.00	929.50	733.25	543.00	619.75	622.00	600.75	500.00	491.50	619.50	829.50	719.75	519.75	454.00	631.75	741.50	900.50	974.50	1043.50	1177.75	1278.50	1378.25	1436.25	1306.75	1072.50	1306.75	1270.00	1074.00	918.25	815.25	705.00	735.75	855.50	789.75	694.25	602.00	739.75	869.50	832.50	936.50	997.00	739.25	836.25	934.25	908.00	760.50	867.25	719.50	555.00	696.25	730.00	559.50	341.75	434.75	624.75	693.75	787.25	888.00	894.25	770.25	743.00	1006.75	1001.75	904.50	756.75	722.75	728.00	988.75	1077.00	1123.25	1178.75	1250.25	1062.75	1130.50	1126.00	1078.50	943.25	750.00	773.00	954.50	1051.50	899.50	803.00	783.25	798.25	913.00	932.25	794.50	849.75	727.00	551.25	452.50	417.50	587.75	700.25	688.00	820.25	934.75	758.50	852.75	808.75	888.75	1068.25	1192.00	1122.25	904.25	829.00	786.00	773.50	1002.00	901.00	723.50	770.00	712.75	628.00	424.00	375.00	622.75	685.00	754.50	818.00	875.25	965.00	1115.75	1223.50	1113.75	856.75	888.00	904.75	945.50	946.50	791.00	603.00	515.75	714.75	731.75	646.75	611.00	643.00	716.25	845.00	1077.75	1270.00	1368.50	1317.50	1157.50	1201.75	1031.75	847.75	911.50	836.00	715.50	634.00	852.25	886.50	933.00	1139.75	982.00	827.50	869.00	943.75	950.75	847.00	752.50	520.50	643.75	726.00	794.75	1005.50	1116.00	941.25	675.50	831.50	898.00	930.25	888.00	894.50	795.25	550.50	630.00	699.50	529.50	678.75	740.75	738.75	752.50	728.50	827.75	890.25	758.75	765.25	728.75	591.50	330.25	217.75	207.75	243.25	288.50	273.00	297.75	343.75	349.25	291.25	312.00	396.25	393.00	378.75	387.50	435.00	545.25
1333.75	1048.25	1085.25	1450.00	1544.00	1384.25	1208.00	1146.25	1235.00	1360.00	1360.25	1300.75	1183.25	1144.75	977.00	828.75	706.75	622.25	647.25	682.25	585.25	552.75	621.00	628.50	551.50	545.50	551.00	549.00	555.50	632.00	820.00	974.00	761.75	890.25	1051.25	830.25	554.25	505.50	640.00	973.75	1057.75	837.00	646.25	667.25	739.25	1002.50	1069.00	980.25	765.50	501.50	524.75	476.50	480.75	457.00	445.50	479.75	693.25	664.25	493.75	454.50	661.25	724.25	804.00	882.00	983.50	1135.25	1174.00	1227.25	1330.25	1308.25	1042.00	1263.75	1264.75	1028.50	887.75	793.75	700.25	668.25	813.75	745.25	595.00	579.75	761.00	880.00	784.00	789.50	861.75	722.75	714.50	819.25	815.50	761.25	768.00	714.75	570.75	590.50	736.25	584.50	340.50	433.25	599.00	663.50	758.75	828.00	776.25	666.00	766.00	973.25	905.50	823.75	671.25	714.25	836.50	919.25	1050.00	1080.75	1076.75	1205.00	987.75	1062.50	1058.25	984.75	968.75	767.25	762.00	968.50	1036.00	957.00	893.75	913.50	845.50	943.50	888.25	889.50	834.00	727.50	685.50	575.25	397.25	540.50	703.75	651.00	822.50	972.00	746.50	808.25	765.75	1010.75	1206.25	1229.50	1152.50	943.50	757.75	714.50	667.00	906.50	914.25	816.50	822.50	833.00	749.00	496.75	378.50	526.50	583.75	723.00	754.25	828.75	970.25	1115.75	1138.75	1020.00	761.75	799.50	827.00	876.75	902.75	743.75	578.50	500.50	606.50	580.00	586.50	649.00	664.75	785.50	864.25	999.00	1151.25	1277.75	1193.25	1035.25	1122.00	971.50	809.50	821.25	794.75	666.00	621.50	793.00	784.75	918.50	1131.00	1069.00	868.75	778.00	858.75	959.75	782.25	676.75	513.75	590.50	670.50	771.75	959.25	1039.25	945.25	642.75	768.75	891.25	952.75	813.75	768.75	756.75	568.25	522.25	708.75	533.75	608.00	749.75	618.50	628.75	635.50	800.00	843.75	716.50	685.50	697.75	612.50	329.50	224.25	201.50	216.75	229.50	239.25	248.50	267.50	271.75	286.25	329.25	448.00	441.50	419.00	398.75	450.50	603.50
1335.50	1033.75	988.75	1146.75	1368.75	1183.00	1180.50	1400.00	1332.50	1211.00	1085.25	1050.00	977.50	994.25	919.25	829.75	777.00	645.50	572.50	570.75	549.75	541.25	544.50	536.50	532.25	537.75	600.50	644.25	658.25	634.75	590.25	651.50	642.50	781.00	900.75	718.25	531.50	508.00	512.00	709.00	873.00	663.00	481.00	529.50	567.00	756.75	853.75	850.25	690.50	534.00	455.50	508.50	581.75	562.50	453.75	460.50	693.50	725.00	477.25	467.25	733.25	888.75	1019.50	1055.25	1163.25	1188.75	1066.50	1291.75	1289.75	1025.00	942.00	1082.00	1221.00	1128.50	1060.00	979.00	907.00	709.75	596.50	572.00	513.50	543.25	686.75	733.50	644.50	601.50	659.00	715.25	639.25	674.25	697.75	703.50	626.25	637.50	597.50	496.25	524.00	433.50	333.50	402.00	519.50	595.50	724.00	762.00	608.00	704.75	808.25	786.25	649.00	601.50	706.50	855.00	991.25	1075.25	1113.25	1010.75	953.00	1150.00	932.50	911.00	1030.50	943.00	830.50	745.00	672.50	800.50	938.25	957.00	850.75	858.50	732.50	856.25	775.50	727.50	934.25	859.00	713.25	567.25	381.75	478.25	565.25	635.00	777.25	947.25	691.25	814.25	924.75	1017.00	993.25	993.00	1189.75	1037.00	1019.25	919.75	658.25	600.25	732.00	720.25	572.50	605.50	562.75	426.00	345.50	418.75	527.25	675.00	775.00	923.25	1063.75	994.00	875.50	996.00	812.75	656.75	787.50	830.00	654.25	536.25	487.50	546.00	576.50	666.50	659.00	905.25	906.50	809.00	833.75	973.00	1193.00	1169.50	996.50	905.50	1100.25	983.00	868.00	704.50	629.00	584.75	687.00	743.25	776.75	983.25	1175.00	1175.00	1036.50	795.25	657.25	788.75	898.50	764.75	534.25	509.25	651.25	771.50	792.50	753.00	709.25	592.25	751.25	844.50	1056.00	884.50	766.50	602.00	551.50	480.25	490.50	521.50	716.75	714.25	640.00	500.50	471.25	645.50	741.25	630.00	594.75	473.25	464.25	399.00	231.50	195.50	213.75	239.25	279.75	273.25	275.50	304.25	376.75	370.50	396.50	449.50	505.50	520.00	502.00	628.50
1215.25	999.00	903.75	1089.25	1143.00	1007.00	1081.50	1217.25	1165.00	1003.00	972.75	886.50	910.25	814.50	756.50	679.00	658.25	601.25	589.75	564.25	589.50	639.25	620.00	601.75	588.50	627.25	806.50	836.25	832.25	842.50	686.50	566.50	580.75	664.50	732.75	738.00	619.75	560.25	576.50	584.25	697.50	624.75	479.25	572.50	585.25	577.25	693.50	704.75	616.25	550.00	517.75	496.50	519.50	535.25	430.25	513.00	791.75	761.50	494.25	452.75	655.75	794.75	900.50	1003.50	1112.75	985.00	1062.50	1242.50	1313.50	1046.00	890.25	1045.50	1119.00	1148.75	1189.00	1102.50	968.50	812.75	625.75	586.00	540.50	487.00	586.25	619.25	568.75	561.00	645.25	693.75	635.00	613.50	648.75	703.25	629.75	610.00	619.00	541.25	454.50	372.25	335.00	381.75	463.25	506.75	579.75	599.00	536.25	600.25	621.00	638.25	628.25	670.00	788.25	849.25	955.50	1145.75	1124.50	990.00	863.50	994.75	961.75	876.25	871.00	870.75	815.50	691.25	647.25	841.25	962.00	896.75	781.25	726.25	617.50	758.00	721.75	613.50	859.00	817.75	658.00	490.50	368.50	533.25	641.25	719.00	758.00	771.00	610.00	744.50	813.25	844.75	826.00	977.50	1108.25	944.50	918.25	851.75	672.50	539.75	619.75	619.75	533.00	555.00	533.75	505.25	383.25	349.00	430.50	692.75	745.75	878.75	1012.00	846.50	751.25	926.00	882.75	713.50	632.25	713.75	536.50	472.00	568.25	711.50	700.75	853.00	797.75	823.75	910.50	928.00	1007.50	1076.50	1275.75	1157.25	901.25	809.50	998.00	895.25	858.50	731.75	606.75	664.75	810.25	969.00	967.25	1000.00	989.00	987.00	948.75	779.75	651.50	674.00	780.00	750.25	622.50	527.75	562.50	630.75	628.00	603.50	591.25	587.75	684.25	824.75	1048.00	903.00	802.75	743.25	626.50	562.00	447.00	443.00	559.00	590.25	653.75	538.75	433.75	521.25	600.25	563.50	575.25	481.50	419.75	356.50	203.00	193.00	224.25	317.75	354.75	331.25	300.00	311.75	377.25	417.75	483.00	527.00	596.75	681.25	634.25	572.75
1037.00	928.25	840.25	1004.00	983.25	991.75	905.50	1001.00	1006.75	831.00	813.25	729.75	757.00	661.25	609.75	582.75	580.00	606.25	669.50	574.25	634.00	756.75	720.25	736.00	667.75	776.00	1024.00	977.75	1002.25	1040.50	841.50	672.25	649.75	637.25	599.75	802.00	705.25	621.75	711.50	555.75	553.25	667.25	494.50	513.25	666.50	532.00	550.50	597.50	559.25	533.75	524.25	496.75	473.50	490.75	441.50	490.25	722.25	829.50	587.75	443.50	653.50	764.25	903.25	1016.50	1059.00	800.25	1009.75	1121.00	1267.00	1072.75	855.25	1003.00	1008.25	1107.25	1206.00	1106.25	1034.50	908.00	729.50	720.25	617.00	454.25	482.00	505.50	492.50	523.25	609.50	672.75	650.75	613.00	591.75	675.75	668.00	580.25	647.25	607.50	452.50	340.75	343.00	375.00	401.75	402.75	431.50	458.50	472.00	495.75	500.50	631.50	737.25	741.25	866.00	942.50	1028.25	1149.75	1085.50	972.00	758.00	823.25	984.50	941.50	786.50	717.00	759.00	635.75	643.00	886.75	943.25	892.00	812.75	701.00	582.75	628.50	661.00	535.00	777.25	802.75	617.75	400.75	371.25	538.25	624.00	651.75	627.00	558.50	549.00	735.00	799.50	851.25	825.00	987.75	1006.50	860.25	730.25	679.00	611.25	623.75	641.00	665.50	580.50	672.00	705.00	685.75	459.50	322.50	378.00	748.75	710.00	782.25	944.75	806.50	695.75	880.00	928.75	776.75	577.25	534.00	458.75	463.25	631.50	793.75	832.75	968.50	1019.75	766.25	852.75	998.75	1171.25	1205.75	1330.25	1189.50	898.50	764.00	855.25	788.75	740.00	688.00	610.50	763.50	867.75	1070.75	1040.50	925.25	806.00	812.00	834.50	768.00	646.25	587.25	615.25	717.00	661.00	533.50	468.75	494.75	516.00	533.50	545.25	663.00	734.25	827.00	1033.75	1063.00	941.50	856.75	749.25	639.00	514.75	478.25	388.00	493.00	591.25	575.50	435.00	388.50	425.25	440.00	542.00	520.00	403.50	234.75	187.50	194.00	272.25	429.00	441.75	407.00	338.50	332.50	366.50	420.00	509.75	562.50	668.50	805.75	774.00	582.75
832.25	804.00	773.25	826.00	880.00	918.75	786.50	874.00	841.75	712.50	673.75	677.50	685.50	675.00	656.50	677.50	711.50	755.50	766.00	599.50	722.50	868.00	908.75	936.50	772.75	946.75	1091.50	1000.00	1044.75	1012.00	827.75	758.25	750.00	719.00	570.00	680.75	628.00	636.25	769.50	596.50	644.75	752.50	615.00	513.50	701.75	661.25	565.00	522.50	511.25	504.00	523.25	534.25	567.00	594.75	596.00	473.50	559.75	725.25	669.25	466.50	639.00	801.00	980.50	1021.50	921.25	695.50	956.00	1070.75	1107.25	1031.25	847.00	859.00	829.50	988.75	1062.50	951.25	970.00	910.50	864.00	762.75	634.50	478.50	415.00	488.00	533.25	599.50	658.00	760.25	763.50	696.50	631.00	615.50	589.00	518.75	533.00	569.00	460.00	343.00	345.50	404.75	467.50	467.50	477.75	494.75	539.25	592.00	612.75	669.25	747.75	825.50	944.00	999.25	978.25	988.00	904.00	908.25	750.75	702.25	897.50	961.25	892.00	763.50	691.00	584.00	684.75	803.75	831.75	949.50	888.75	705.00	596.75	566.25	574.25	467.00	641.00	680.75	509.50	366.50	371.25	452.50	509.00	537.50	554.00	582.50	656.00	787.75	874.75	1003.00	1023.50	1042.00	1036.00	981.00	797.25	756.75	677.75	831.25	805.00	833.75	700.25	830.75	794.50	659.00	506.00	329.50	336.50	594.75	617.25	760.00	944.25	795.00	643.50	803.50	921.75	772.50	572.50	462.25	446.50	514.75	644.00	704.50	768.00	892.25	970.25	940.50	917.50	1037.50	1066.50	1103.50	1212.00	1132.50	931.25	796.50	689.25	717.25	680.00	591.00	590.00	776.75	860.50	961.75	950.75	814.75	693.00	726.75	755.25	786.00	692.50	610.25	554.00	681.25	570.50	473.50	495.50	556.50	569.75	649.25	691.00	775.25	828.50	827.25	881.75	956.00	943.75	813.50	715.50	579.25	540.00	497.25	366.25	390.25	493.50	589.75	522.75	407.25	360.75	365.25	476.00	449.50	419.25	194.25	185.25	225.25	344.25	517.75	555.25	508.50	389.75	387.00	452.25	459.00	510.25	547.50	629.25	775.75	842.25	736.00
713.50	706.00	701.00	704.50	723.50	720.00	701.25	714.75	672.75	623.50	664.75	743.00	766.25	821.50	803.00	863.75	879.25	930.25	851.00	649.25	796.25	935.75	1066.50	1097.75	883.75	1039.50	1072.75	962.25	946.00	827.50	755.75	730.50	692.50	641.50	571.25	623.75	619.50	718.25	770.50	577.25	700.50	745.00	700.25	536.50	740.75	725.00	603.75	526.00	524.50	585.50	555.75	608.25	668.75	745.75	786.50	548.75	455.00	523.75	600.50	501.00	579.50	781.25	870.25	877.25	772.50	642.00	969.75	968.00	945.75	1058.25	888.75	626.50	656.00	885.25	921.00	805.75	801.50	824.25	927.00	793.75	688.25	490.25	397.25	520.25	639.50	738.25	785.75	914.50	913.75	804.75	728.25	650.75	543.75	469.50	437.25	472.50	476.50	351.75	337.75	430.00	540.75	545.50	560.50	557.75	590.25	652.50	688.00	683.50	732.75	884.00	984.25	913.00	791.75	811.25	738.00	815.25	766.25	615.25	816.25	921.25	912.00	832.25	696.25	548.50	644.00	698.75	784.25	962.00	906.25	687.25	637.00	605.75	552.25	492.00	458.75	520.00	377.00	341.00	373.00	440.25	492.00	588.25	669.00	747.75	823.75	841.75	921.00	1076.50	1096.00	1016.75	1059.00	1179.00	930.00	926.75	851.50	1011.25	979.50	958.25	841.75	926.50	828.50	625.25	545.25	356.00	330.25	580.25	662.00	836.50	989.75	803.00	591.75	673.25	793.50	726.25	500.00	424.75	506.75	622.75	726.25	761.00	750.00	826.75	888.50	1076.50	1020.25	1020.25	926.00	894.00	976.00	1000.25	873.50	783.00	588.50	594.50	611.00	505.00	557.75	726.25	807.25	827.75	899.25	776.00	610.50	648.25	672.75	751.25	749.50	631.00	499.25	620.75	491.00	427.00	552.00	681.00	657.00	725.75	817.50	896.75	878.75	871.75	757.25	722.00	835.25	776.25	659.25	508.25	542.50	457.50	359.50	331.00	402.50	563.00	622.75	520.00	384.75	316.25	423.00	361.75	356.50	182.75	184.50	303.75	424.50	532.00	671.00	611.00	429.75	478.25	588.50	557.00	580.50	588.25	595.75	707.00	857.25	929.25
784.25	752.00	726.75	718.50	765.50	746.00	721.50	704.50	679.50	698.25	845.00	968.50	961.00	1032.75	972.75	1070.00	1071.25	1029.00	886.25	684.75	740.25	889.75	1055.75	1145.75	1057.25	1108.00	994.00	932.00	886.25	859.25	836.50	756.50	691.25	568.75	690.75	776.75	832.00	888.50	749.50	573.25	583.00	638.25	604.75	512.75	783.00	770.25	622.25	640.25	714.25	741.25	645.25	774.50	750.50	923.75	964.00	737.75	501.00	440.75	463.75	469.75	501.75	641.00	597.25	571.00	607.75	701.00	818.00	783.50	827.25	985.50	862.00	496.50	668.25	833.00	792.75	697.00	677.75	782.75	925.25	810.00	656.25	440.50	381.25	489.25	652.50	743.75	829.00	1084.75	1081.00	943.25	811.50	694.50	608.50	561.50	509.50	460.75	450.25	347.00	324.50	391.75	473.75	481.50	511.50	531.75	546.75	577.25	621.75	680.75	717.25	757.50	824.50	744.25	646.50	726.75	642.50	717.00	702.50	579.25	783.00	851.25	852.25	748.75	625.00	518.25	587.00	676.25	779.50	885.75	813.25	763.00	741.75	699.50	678.00	623.75	440.25	421.75	345.00	330.25	381.75	518.50	568.25	637.25	739.25	877.25	931.00	939.75	966.50	963.00	934.25	844.50	987.00	1156.75	1108.75	1071.50	928.50	1016.00	981.00	978.75	869.50	847.25	842.25	716.50	615.00	394.75	346.50	633.50	653.00	825.25	931.25	811.25	593.00	566.50	592.75	622.25	431.25	416.25	525.50	595.75	686.25	763.25	752.50	831.75	952.50	992.75	955.50	924.75	799.00	778.50	780.75	884.25	816.75	772.00	620.50	551.50	527.00	467.00	525.75	631.00	723.75	712.25	794.00	743.25	637.50	567.50	575.00	630.00	693.25	654.00	482.25	503.75	435.25	442.25	553.75	682.00	731.50	820.00	891.50	1048.00	905.50	855.75	825.50	739.25	703.00	718.75	618.75	513.50	498.00	514.25	384.50	342.00	339.25	429.75	499.25	453.50	368.50	274.75	356.50	400.75	368.25	190.00	184.50	353.00	555.75	662.50	845.25	700.75	531.00	584.00	825.25	786.25	751.75	676.50	654.00	696.50	851.25	1088.50
880.00	842.50	807.00	825.00	919.75	874.00	835.25	838.75	755.25	806.75	1013.00	1169.50	1178.75	1220.75	1083.50	1218.25	1233.00	1067.50	930.50	752.00	669.25	856.25	1031.50	1197.25	1246.25	1205.00	965.50	941.25	873.25	920.25	915.75	811.00	705.75	602.00	812.75	892.50	955.25	978.00	770.50	642.50	528.75	523.00	502.25	542.50	796.50	859.00	691.75	715.25	861.25	777.75	760.25	963.25	892.00	1077.75	1054.25	879.00	604.50	457.50	445.75	464.75	432.25	455.75	413.75	394.00	485.50	750.00	573.75	545.75	621.75	825.50	779.75	433.50	656.00	703.75	669.00	596.50	603.75	746.50	888.75	709.75	500.00	376.75	354.50	428.75	667.75	811.50	927.00	1190.00	1172.00	1021.75	868.50	730.25	675.50	697.50	607.50	532.00	433.50	345.00	313.50	360.00	435.50	447.50	443.50	461.75	500.50	517.50	571.75	626.00	668.75	620.00	641.00	613.00	556.50	648.25	563.50	626.50	596.50	539.50	712.50	774.25	798.75	684.00	529.50	497.50	618.75	724.75	780.75	786.50	707.00	765.00	763.75	690.00	685.75	651.00	457.50	442.25	373.00	319.25	362.25	505.50	559.75	630.00	752.75	935.50	928.75	895.75	886.00	771.00	738.50	775.50	926.50	1075.25	1145.50	1141.75	883.00	953.75	838.25	902.50	821.25	719.25	794.75	770.75	659.00	414.25	345.00	516.50	591.50	676.00	746.75	773.00	690.50	638.50	473.50	455.00	382.75	497.00	585.25	592.00	614.00	640.00	708.00	863.00	962.25	853.00	777.75	859.25	688.50	727.25	663.25	819.50	729.25	734.25	643.75	591.75	530.25	445.25	492.00	579.75	678.00	617.00	685.00	688.50	668.00	544.75	511.00	561.50	645.50	658.25	514.75	431.25	412.50	492.00	576.75	653.75	744.50	905.00	928.25	1085.25	947.50	759.50	801.75	791.50	609.00	656.50	609.50	614.25	430.75	522.50	422.50	380.00	310.75	303.00	310.75	304.50	283.25	245.50	278.25	411.75	409.25	202.00	180.50	368.75	635.25	755.00	982.75	843.25	696.00	660.75	1011.75	1009.75	957.75	761.50	777.50	774.75	845.50	1189.25
1099.25	1079.75	964.25	1030.00	1104.50	1046.75	1035.00	1015.00	779.00	825.00	941.50	1042.00	1174.25	1355.75	1272.25	1334.00	1198.75	1049.75	941.75	845.50	695.00	759.25	997.50	1164.00	1315.25	1095.75	987.00	1020.25	962.50	778.50	770.25	748.00	624.50	714.75	898.75	1055.25	1052.75	1066.75	888.00	772.50	763.25	637.00	692.25	732.50	711.00	887.75	898.00	854.00	762.00	679.75	731.00	865.75	991.25	1016.00	871.50	730.50	639.50	589.25	570.75	496.50	440.00	421.50	496.25	391.25	467.50	582.25	403.00	444.50	413.25	456.50	523.50	391.25	383.25	410.50	440.25	439.75	447.00	502.00	638.50	486.75	345.25	346.50	336.75	393.25	699.50	842.75	967.00	1060.50	1021.00	808.75	826.75	779.50	793.00	745.00	641.75	576.00	447.50	337.75	307.75	382.50	539.00	576.00	572.00	516.00	519.25	569.25	582.25	625.25	643.25	553.25	535.50	577.50	490.50	544.00	503.75	508.75	549.75	490.50	667.50	668.50	625.50	580.00	463.25	487.25	583.75	640.25	661.50	637.25	522.75	675.75	765.25	701.75	563.50	558.00	645.25	658.00	512.00	358.00	323.50	432.00	560.75	712.00	811.00	841.50	744.25	624.25	593.50	625.00	729.00	974.25	1063.25	1069.75	894.50	896.25	867.75	761.00	739.75	692.25	735.00	672.00	650.75	723.50	639.00	417.50	308.50	390.75	462.25	557.75	744.75	881.25	750.50	611.50	433.00	366.00	449.50	478.00	547.50	646.50	731.75	790.25	746.75	812.50	883.50	689.50	650.00	755.75	667.50	586.75	607.50	769.50	669.75	595.50	557.25	555.00	482.25	422.75	499.75	644.00	596.50	580.75	506.25	660.25	736.25	611.75	464.25	506.75	553.25	463.75	424.50	391.50	488.50	554.50	714.00	799.00	793.75	853.25	765.00	881.75	821.25	759.50	603.75	683.75	560.25	553.00	673.25	612.00	458.50	386.00	532.00	529.50	400.00	318.00	272.50	252.50	233.00	222.00	218.75	239.50	253.50	185.00	184.50	319.50	453.25	625.25	701.50	819.25	754.25	817.25	758.50	896.75	1086.50	1004.50	1057.50	1118.75	907.50	1003.00
1231.00	1199.50	1034.50	1076.25	1182.00	1139.25	1119.50	1036.25	783.50	850.25	972.75	1027.50	1121.50	1379.50	1362.00	1258.50	1122.25	1040.25	968.50	837.50	741.25	708.50	947.25	1119.00	1282.25	1064.50	952.50	907.75	921.00	786.00	696.50	716.50	665.75	693.00	804.00	1057.00	1085.25	1105.25	890.00	832.75	833.25	666.25	811.00	804.00	658.25	850.25	967.00	876.25	761.50	771.25	752.75	818.00	1011.25	1005.50	866.50	763.50	745.00	711.00	691.00	559.75	464.50	469.50	530.50	392.00	449.25	500.50	408.50	520.25	483.00	394.25	428.00	413.00	443.50	415.75	389.25	382.00	376.50	391.50	522.00	387.75	346.25	379.75	343.75	464.00	718.50	687.75	775.75	990.00	1036.25	727.25	676.25	667.75	692.00	673.00	631.50	539.50	415.50	327.50	305.75	411.75	598.75	642.75	641.00	582.00	534.25	568.00	608.00	649.00	647.50	562.50	508.75	517.50	464.00	483.75	483.75	469.00	549.25	470.50	619.75	617.00	540.75	502.75	444.00	513.75	580.75	533.00	571.00	602.25	474.50	584.25	687.25	725.50	678.75	689.25	776.25	714.50	590.50	390.50	311.00	435.50	626.00	804.75	808.00	719.75	637.00	530.25	620.25	735.75	816.50	960.75	973.50	913.50	951.75	809.75	785.25	647.00	652.25	567.00	583.75	570.00	556.00	623.75	606.75	416.75	306.75	355.25	516.25	697.75	862.75	833.00	621.50	519.75	368.50	368.50	601.75	567.75	510.25	537.25	591.75	678.00	653.50	784.25	883.25	702.25	630.00	724.50	748.00	556.50	628.50	772.50	760.00	637.75	523.25	528.25	457.25	409.00	508.25	667.75	590.00	571.00	490.75	608.50	695.00	567.75	472.50	452.50	478.25	391.00	396.75	408.50	490.50	500.75	623.00	695.75	753.25	822.25	711.25	733.50	694.00	719.75	577.00	653.50	545.50	518.25	695.75	693.50	524.75	430.50	434.00	510.00	429.75	351.75	313.25	300.75	246.00	219.75	210.00	202.75	208.00	175.75	186.25	305.50	467.00	594.50	622.75	717.00	658.75	751.00	725.25	932.25	1066.75	1084.00	1155.75	1241.25	1035.25	1033.25
1307.00	1398.00	1167.50	1298.25	1335.50	1202.00	1174.75	1081.50	787.25	834.75	1019.00	1073.00	1113.00	1296.25	1392.00	1171.75	1092.25	1015.00	948.00	905.00	826.75	682.50	788.00	939.75	1234.75	1129.00	996.75	884.75	747.50	741.25	837.50	884.00	779.50	654.00	858.50	888.00	1012.25	1076.00	1056.25	1079.00	987.50	751.75	979.00	916.75	708.25	710.00	946.25	1060.50	925.25	929.50	856.00	990.25	991.00	976.25	899.50	900.00	1008.25	965.75	894.00	728.50	480.25	433.00	437.50	405.25	394.00	416.25	511.25	740.00	728.75	502.50	423.00	468.50	534.50	612.75	566.25	431.25	375.50	359.75	351.00	375.75	379.75	341.00	426.75	587.50	569.00	686.25	804.00	994.75	944.25	974.50	792.25	642.75	537.75	494.00	481.25	490.50	463.25	333.75	396.75	509.75	649.50	741.75	717.50	673.00	629.00	589.50	590.00	630.75	650.00	602.00	609.00	640.25	636.75	530.00	442.25	414.00	456.75	428.75	624.50	613.25	496.75	402.50	493.50	624.75	681.00	476.25	437.25	508.75	423.00	454.00	504.75	601.25	661.50	671.50	811.50	760.25	599.50	444.25	296.25	379.25	555.25	596.25	523.75	460.25	496.00	744.00	831.00	900.25	950.00	819.50	708.00	793.50	946.75	936.75	704.25	773.50	763.75	691.50	655.00	581.25	485.25	447.00	444.50	413.00	301.75	336.75	537.25	799.00	981.25	817.50	539.00	353.00	377.25	457.50	534.50	601.00	741.00	771.75	704.50	725.50	738.25	896.75	906.50	769.50	645.00	571.00	649.25	527.75	504.50	593.00	667.50	655.00	579.00	484.50	418.00	387.50	480.25	619.75	678.50	565.75	461.75	528.00	683.25	665.50	587.00	447.50	353.75	386.25	553.75	596.75	530.75	498.25	533.50	605.25	696.25	759.00	680.50	573.75	566.25	584.75	517.75	549.50	490.25	482.00	565.25	667.00	490.75	462.00	337.50	338.75	454.75	407.25	424.75	421.00	311.00	248.50	221.50	192.00	181.25	171.75	170.50	219.75	305.00	353.50	605.00	503.50	576.25	503.25	623.00	699.00	759.00	829.50	953.75	1145.00	1302.75	1329.25
1360.25	1469.00	1270.50	1389.75	1243.50	1083.25	993.50	958.25	780.25	797.50	914.75	976.50	1047.00	1244.00	1390.25	1175.00	1100.75	1048.75	941.00	845.00	794.25	703.50	727.75	859.50	1159.50	1123.00	997.75	882.00	762.00	873.00	935.50	905.25	867.50	660.25	858.25	873.50	1002.50	1043.75	1199.00	1105.50	908.75	809.25	985.00	932.75	772.50	686.75	961.50	1132.50	975.50	997.25	952.25	1117.75	1114.00	1038.50	991.75	974.50	1025.75	964.75	820.25	667.00	481.50	561.50	502.25	432.25	435.75	419.50	646.00	851.25	823.75	569.50	513.00	488.50	517.25	531.50	455.00	377.25	378.25	352.75	401.25	480.50	377.75	329.50	424.00	494.00	525.50	694.25	775.00	915.00	899.50	1061.75	955.25	748.25	587.00	620.25	570.00	447.00	401.50	331.25	554.00	690.00	715.75	798.50	769.25	735.50	684.25	657.75	645.00	729.50	750.75	679.50	687.25	707.00	706.75	647.50	519.25	392.50	403.75	455.25	645.00	617.75	463.75	415.25	549.50	636.50	693.75	533.25	468.50	434.50	387.50	487.00	536.00	599.25	570.00	554.75	693.25	629.50	541.75	469.50	296.00	365.75	452.25	426.00	420.00	467.75	554.25	841.50	918.75	815.25	876.50	696.50	654.00	773.25	916.75	944.50	807.00	917.50	815.25	748.00	749.00	680.75	601.50	571.00	610.00	519.75	305.75	311.00	502.50	740.00	863.00	718.75	452.00	326.25	455.75	582.25	544.00	515.25	742.50	872.50	827.25	889.00	923.25	919.25	846.00	778.00	696.00	563.75	571.75	540.25	458.50	501.25	572.25	565.25	603.00	487.00	383.50	387.00	516.00	651.75	752.25	598.50	492.50	456.50	565.25	600.75	492.00	397.50	354.50	414.25	567.00	662.75	638.50	564.00	570.25	625.75	649.25	687.25	643.25	578.00	521.50	520.00	490.75	510.25	467.75	472.25	560.00	608.50	499.25	499.00	356.25	303.00	340.00	347.50	407.75	411.00	320.50	274.25	238.50	193.75	178.00	169.50	169.00	196.00	246.50	295.00	455.75	385.25	449.75	439.75	544.00	628.75	727.50	856.25	947.00	1143.50	1248.75	1281.50
1572.50	1383.25	1326.25	1388.50	1231.50	1136.50	1023.50	885.75	712.75	731.50	962.50	1125.00	1199.50	1337.50	1354.00	1298.50	1175.50	1081.00	1110.25	1060.50	967.00	805.00	694.00	692.25	872.75	917.75	917.50	882.50	916.00	1047.00	1150.00	1080.00	988.75	857.00	700.75	722.00	818.75	966.50	1215.25	1150.50	1053.75	990.50	1077.25	1234.00	1001.00	734.00	843.00	971.25	1123.00	1236.00	1203.25	1182.75	1235.00	1203.25	1191.00	1072.75	908.75	738.25	626.50	479.00	643.75	818.00	531.00	565.75	717.00	770.50	878.00	1025.25	893.25	849.00	757.00	479.25	391.25	420.25	481.00	426.75	401.50	479.75	695.75	689.00	446.25	340.75	484.25	537.00	566.50	640.75	648.50	810.50	930.25	1095.00	1137.50	838.00	810.00	746.00	597.25	524.75	401.75	311.75	582.00	698.00	812.75	754.25	830.25	790.50	693.00	727.25	756.75	914.00	805.75	793.25	752.00	609.75	553.50	621.75	630.25	427.50	529.50	628.50	618.00	512.00	385.50	473.00	643.75	710.25	589.00	626.75	531.75	348.50	420.25	644.00	660.50	703.00	645.25	521.50	455.50	432.75	398.75	386.25	296.50	322.50	452.50	556.50	640.50	687.50	766.25	820.25	752.00	644.75	653.00	617.25	721.00	909.25	719.25	758.50	983.50	1007.75	815.25	673.50	618.25	612.00	609.50	558.00	566.75	526.50	343.00	280.50	429.00	572.00	700.00	565.50	322.75	368.75	453.50	601.50	652.50	619.75	654.75	843.00	974.75	1027.75	1110.75	1008.25	809.25	661.50	601.50	570.00	492.50	483.25	468.75	416.75	563.50	557.50	489.00	411.00	374.50	498.25	553.50	679.50	806.50	740.00	696.00	484.50	406.25	427.75	332.75	349.25	433.75	601.00	668.00	603.25	843.00	902.50	786.50	749.50	627.00	598.75	587.75	540.50	546.00	489.25	465.25	541.75	463.50	469.75	559.50	504.50	481.00	471.00	357.75	395.00	370.00	266.25	282.25	392.75	339.75	272.75	229.75	185.75	166.25	167.00	163.25	193.50	217.25	244.75	331.75	381.00	472.50	520.75	633.50	776.50	940.00	1037.50	1135.00	1099.50	988.50	979.75
1310.00	1344.50	1113.00	1250.00	1036.00	987.50	900.50	740.00	754.00	712.00	787.00	911.00	1094.00	1138.00	1129.00	1176.00	1106.50	978.50	895.50	870.50	797.50	776.50	754.50	766.50	772.50	930.00	1049.00	1067.00	1002.50	1124.50	1168.00	1043.00	936.50	773.50	758.00	686.00	754.00	958.00	1105.50	1201.00	1161.50	1277.00	1198.00	1338.00	1013.50	794.50	1000.00	989.50	1193.50	1215.50	1053.50	1074.50	1023.00	941.50	1023.50	892.50	763.50	707.50	468.00	474.50	760.00	850.50	511.50	647.00	851.50	966.50	1033.00	1108.00	1034.50	901.00	769.00	401.50	517.00	634.00	591.50	636.00	712.50	762.50	914.50	896.00	673.00	454.50	344.50	402.50	540.50	625.50	649.50	721.50	829.00	860.50	955.50	1116.00	850.50	697.00	638.50	582.00	391.00	293.50	392.00	436.00	511.50	543.50	758.50	707.50	715.00	868.50	853.00	1003.50	950.00	1060.00	867.50	734.00	611.00	482.50	509.00	440.00	428.50	669.00	554.50	423.50	397.00	489.50	593.00	631.50	518.00	627.00	577.50	357.00	560.50	590.00	456.00	566.00	735.50	673.50	512.00	590.00	521.50	509.00	289.00	304.50	427.00	519.50	657.00	594.00	806.00	597.50	663.50	521.00	478.50	672.00	926.00	912.00	616.50	749.00	994.50	873.50	863.00	693.00	588.00	493.00	437.00	386.00	344.50	323.00	293.00	272.50	343.50	448.50	575.00	399.50	322.00	472.50	518.50	418.00	477.50	526.50	646.00	783.00	783.00	876.50	799.50	1018.00	875.50	864.00	780.00	750.50	603.00	450.50	432.50	398.00	545.00	693.50	579.50	385.00	379.50	474.50	644.00	708.50	754.00	614.00	680.00	535.50	401.50	330.50	329.00	391.50	530.00	679.50	957.50	866.00	878.00	1054.00	956.50	804.50	634.50	521.50	580.00	519.00	476.50	535.50	432.00	500.00	436.00	515.00	627.50	600.00	506.00	421.00	457.50	471.00	333.00	281.50	244.50	245.50	254.50	228.00	201.00	175.50	164.00	162.50	161.00	186.50	207.00	257.00	449.00	496.50	541.00	636.50	768.50	923.00	1031.50	1080.50	1140.00	921.50	886.00	843.00
1156.75	1194.50	1061.25	1088.25	1075.00	937.75	764.25	764.00	853.00	813.50	744.25	819.00	995.50	1011.75	1088.50	1192.00	1105.25	1045.25	987.00	903.00	857.50	874.75	888.25	780.00	754.00	939.75	1022.25	1154.50	1084.75	1164.50	1061.75	950.75	971.25	893.25	808.25	856.75	767.00	820.25	918.00	1159.75	1369.00	1466.75	1306.50	1139.00	932.50	883.75	1056.50	1129.75	1021.00	988.00	1084.00	866.75	902.00	865.00	830.25	833.50	787.00	589.25	543.50	672.00	786.00	672.00	561.50	634.25	678.00	773.75	1008.00	1067.00	922.00	774.25	652.25	529.00	670.75	791.75	799.25	853.25	1059.00	1066.50	1060.50	948.25	787.50	634.50	403.00	342.50	346.50	377.75	405.25	515.25	583.75	675.75	899.50	1045.50	939.50	731.00	627.25	498.75	380.00	312.00	465.50	520.75	649.50	720.00	674.25	585.00	753.00	893.00	945.75	1098.25	1125.75	1056.00	944.75	872.50	790.50	614.25	531.50	419.00	340.50	490.50	381.50	364.50	501.75	531.25	548.50	556.25	466.00	474.75	480.50	344.75	533.25	516.50	387.75	577.75	769.50	748.00	720.00	789.50	709.00	560.00	351.50	277.75	342.50	442.50	508.50	691.50	702.50	546.25	452.25	525.00	612.50	792.50	808.25	652.50	594.50	780.25	932.00	716.00	794.50	658.25	581.50	519.75	437.00	445.00	453.50	495.75	425.75	267.75	309.50	396.50	353.75	294.50	377.25	485.00	687.75	598.75	564.50	694.25	752.50	651.50	658.00	679.25	684.50	1003.00	1072.00	875.75	789.75	703.75	662.50	542.00	425.25	399.00	416.50	537.00	464.00	358.50	379.00	483.50	644.75	631.00	569.50	572.75	534.75	518.00	434.00	318.75	334.75	406.00	496.75	588.50	852.75	1028.00	857.00	847.25	831.00	625.50	538.50	627.50	672.25	582.75	576.50	460.50	425.75	426.00	399.75	467.75	495.75	457.50	511.25	432.50	407.75	424.50	367.25	352.75	330.25	246.00	209.00	196.25	186.75	173.50	166.00	159.00	159.00	171.50	187.50	234.75	368.25	433.50	464.00	603.25	748.00	758.75	744.75	938.25	948.50	960.00	786.00	758.75
1100.00	1189.50	1126.00	1004.50	1080.00	888.50	756.25	881.50	931.25	899.75	778.50	758.50	948.00	1007.25	1169.25	1317.00	1218.50	1108.00	1022.00	922.00	927.75	1020.50	923.00	758.00	747.25	846.00	991.25	1067.50	1147.25	1214.75	1056.75	1078.00	1096.50	871.75	846.00	948.25	833.50	804.25	902.25	1100.50	1314.50	1347.50	1337.75	1139.50	967.50	989.00	1157.50	1114.25	931.25	885.00	1098.50	867.75	859.75	831.75	832.00	797.75	791.00	562.25	581.50	768.50	769.25	613.50	670.25	714.00	762.00	842.25	1020.50	1021.50	918.50	717.75	638.75	591.75	716.00	819.25	916.00	950.00	1172.00	1169.75	1050.25	891.75	713.50	612.25	461.75	390.25	324.25	313.75	318.00	408.50	469.25	652.75	823.25	857.50	844.00	847.25	768.00	586.00	473.00	358.00	487.00	595.50	741.00	783.25	618.50	580.50	710.00	771.00	860.50	978.00	990.00	906.00	832.75	865.75	831.00	707.50	605.75	482.75	345.75	392.75	352.75	411.25	524.50	583.25	603.25	646.75	538.00	462.00	414.75	309.25	415.75	444.75	372.75	592.00	590.25	594.00	777.00	726.25	684.25	637.25	438.25	269.25	303.75	429.50	586.50	687.75	591.00	455.75	462.00	566.75	654.00	806.25	740.25	552.75	656.25	852.50	839.25	652.25	790.50	703.25	598.50	535.00	461.00	555.50	552.25	545.00	395.50	262.50	290.25	326.50	282.25	306.00	472.00	575.50	741.50	769.50	632.00	721.00	745.50	582.75	600.50	578.25	724.50	927.25	1001.75	968.75	793.00	720.75	619.50	516.75	439.00	455.25	416.25	395.75	373.50	336.50	394.75	561.50	626.75	600.50	487.00	510.00	470.00	432.00	376.25	306.25	330.50	417.75	493.75	572.25	781.50	985.25	837.00	717.25	751.25	638.00	540.50	666.75	779.25	672.00	629.00	485.00	476.00	408.50	379.75	427.25	464.00	407.25	453.00	426.25	402.00	388.75	377.50	365.50	385.25	283.50	216.50	195.75	197.50	201.75	177.25	157.75	156.75	159.75	173.00	236.50	310.50	306.25	405.00	508.00	620.50	612.25	733.50	842.25	771.25	975.25	823.00	707.50
1089.00	1099.00	1067.00	888.25	927.00	833.25	833.25	1031.00	1047.75	1020.00	886.00	760.75	932.25	1073.50	1224.50	1370.75	1344.75	1218.00	1061.50	1019.00	1066.50	1137.50	899.25	798.75	858.00	806.50	909.00	929.75	1081.75	1223.50	1184.75	1116.75	1034.75	952.75	956.75	983.25	925.25	885.25	928.25	983.75	1101.75	1156.00	1361.50	1196.50	1135.75	1148.75	1295.25	1117.50	984.25	901.50	898.25	826.75	773.25	750.50	813.75	745.00	644.25	530.25	594.25	738.25	749.50	692.75	857.75	823.25	893.25	977.50	996.25	883.75	809.75	594.25	527.75	671.25	740.50	858.00	1018.00	1047.25	1058.50	1078.75	966.75	885.75	775.25	665.75	538.00	468.50	378.25	350.50	337.50	334.00	397.50	596.25	696.25	699.00	697.25	792.25	761.75	648.75	586.00	438.00	387.00	507.00	697.50	691.25	548.50	578.00	698.25	800.25	869.75	845.25	755.50	820.00	741.75	747.25	811.00	749.75	621.75	555.25	393.50	327.25	439.25	529.75	610.00	628.75	596.50	625.75	595.75	506.25	422.25	321.00	315.50	336.00	312.50	421.00	385.25	461.25	671.00	541.75	536.25	606.25	603.50	322.50	274.75	381.50	499.00	476.75	452.75	416.00	516.75	621.75	714.25	720.00	586.50	498.00	675.50	743.00	685.50	571.50	731.50	747.25	660.50	584.25	506.75	616.50	713.00	603.00	456.00	254.25	265.00	273.00	319.50	405.75	507.00	557.75	734.50	813.25	632.75	659.25	629.25	509.25	522.00	543.75	672.00	768.75	896.75	1059.00	867.50	739.75	582.00	501.75	476.75	596.50	595.50	494.75	347.25	324.25	355.50	460.25	475.50	527.50	480.00	432.75	419.25	410.75	353.25	299.25	320.50	407.75	506.00	606.50	695.00	786.25	810.50	784.50	692.75	570.00	534.75	613.50	768.75	648.25	552.25	503.50	495.00	418.25	376.00	382.75	425.50	390.75	384.50	426.75	432.00	449.25	412.25	348.25	373.75	303.25	231.75	245.75	275.25	244.75	185.75	155.50	153.50	151.75	157.25	201.75	234.75	243.75	344.25	389.25	454.75	573.50	668.50	638.50	712.00	970.75	816.75	616.75
983.75	933.00	890.00	821.25	842.00	939.50	930.25	1136.75	1146.50	1171.75	999.00	772.25	899.00	1083.50	1157.25	1313.50	1420.25	1352.25	1196.00	1114.00	1192.25	1152.25	831.50	870.25	981.00	872.00	833.00	839.50	958.25	1152.25	1218.75	1059.00	988.00	1116.00	1101.25	1055.75	1078.50	995.75	1041.50	963.50	998.25	1096.00	1333.00	1220.75	1330.75	1304.25	1315.75	1124.25	1002.50	1005.50	751.25	704.75	655.75	644.00	657.25	638.75	534.25	536.75	640.75	688.75	746.50	811.25	963.50	993.50	1002.75	1061.00	951.50	852.00	719.25	528.00	503.25	799.75	781.25	904.75	1066.25	1065.75	896.50	941.75	855.75	865.25	885.00	779.50	635.25	532.25	442.00	421.00	408.50	334.50	346.25	530.50	593.00	565.50	623.25	698.00	727.25	659.00	566.25	414.00	291.50	358.25	598.00	594.75	493.25	600.25	728.00	857.75	887.50	769.75	611.25	781.25	681.00	614.50	726.50	707.50	577.00	542.25	386.50	322.25	547.25	641.25	695.25	640.75	548.25	484.25	533.50	460.25	396.00	337.75	290.25	261.00	248.50	253.00	265.25	322.50	505.75	450.50	414.25	535.50	718.25	376.50	254.00	289.25	340.75	374.75	465.25	462.00	524.25	678.75	724.50	627.75	478.50	443.25	593.50	574.00	549.75	494.00	612.25	712.50	697.50	593.75	548.00	685.25	807.00	655.25	562.50	248.25	252.75	296.25	408.75	441.75	482.00	519.25	711.75	751.75	546.00	573.00	523.00	434.75	448.25	508.00	556.00	693.75	897.75	1101.25	892.50	703.00	630.75	541.00	536.75	699.25	716.00	614.25	388.75	325.50	310.50	311.00	362.00	469.00	494.25	421.75	372.50	438.50	341.75	293.00	316.25	423.25	579.50	586.75	575.50	572.50	666.50	833.75	669.00	463.25	513.75	626.25	650.00	581.75	492.75	473.00	441.00	406.25	397.00	361.50	363.25	362.75	357.00	433.75	416.00	488.00	419.25	338.00	349.00	302.75	253.00	306.75	336.25	276.00	211.25	154.50	149.50	148.25	149.00	159.25	189.00	225.25	286.50	311.25	380.50	522.00	489.75	516.75	755.50	965.25	816.25	530.75
973.25	894.25	927.25	957.50	995.25	1141.25	1068.25	1228.00	1244.50	1202.75	1003.00	781.75	845.25	1026.00	1115.75	1308.00	1345.00	1445.00	1380.75	1243.75	1242.50	1047.00	815.50	885.25	1052.25	984.50	964.00	916.00	933.00	1094.75	1149.00	1159.50	1129.25	1242.00	1266.50	1163.75	1239.25	1172.50	1173.00	1095.50	1080.00	1162.00	1291.00	1341.50	1300.25	1198.75	1113.25	1004.00	931.25	907.25	757.00	789.75	781.25	659.25	658.50	600.50	601.00	694.50	740.75	849.50	841.00	899.00	1117.50	1205.25	1078.00	979.00	835.25	847.00	675.25	607.50	661.75	817.00	841.75	924.00	942.50	918.75	881.25	802.75	725.25	738.00	782.50	753.75	695.75	640.50	553.75	548.50	551.25	416.25	335.00	424.00	478.50	535.75	614.00	643.25	654.00	518.25	399.75	381.75	376.25	330.50	417.00	445.50	483.25	609.50	717.50	802.50	824.00	704.25	540.75	710.75	632.75	529.25	586.00	527.75	436.00	403.50	306.50	311.75	489.75	599.00	707.25	652.00	531.25	424.50	422.25	385.75	351.25	308.75	281.75	238.00	230.50	227.75	229.00	230.75	317.50	353.75	317.00	446.00	590.00	340.00	246.75	282.50	349.75	482.25	638.75	586.50	600.50	694.00	665.50	542.50	438.50	396.25	520.00	520.00	515.25	445.75	544.50	639.00	661.75	626.00	615.50	777.00	757.75	557.00	462.50	241.75	244.75	295.50	383.75	438.00	504.50	521.25	629.50	668.25	484.25	451.75	459.75	464.00	514.75	570.25	640.75	707.75	843.50	1056.25	959.25	827.75	751.00	657.25	613.25	674.25	562.00	499.50	405.75	365.00	361.25	331.00	325.50	382.50	410.25	401.25	336.00	478.25	309.25	285.75	335.25	463.50	583.25	500.50	559.25	571.50	616.75	808.25	660.00	442.50	461.50	555.75	504.75	521.25	500.00	452.75	426.25	432.75	440.00	376.25	335.50	332.75	336.25	371.25	357.25	443.00	381.50	314.25	354.75	335.50	297.75	294.25	287.25	254.25	222.25	199.50	186.25	146.50	146.50	154.25	183.75	215.75	253.25	289.00	405.75	396.75	388.00	494.50	662.50	824.25	862.25	546.75
1049.25	926.25	1081.50	1127.50	1098.00	1248.75	1244.00	1325.00	1369.50	1214.50	971.25	803.75	875.25	940.25	1107.25	1264.00	1248.25	1448.50	1451.50	1281.25	1159.00	945.50	827.25	930.50	1168.25	1126.75	1151.75	1067.00	979.00	1186.50	1228.25	1302.75	1304.50	1315.00	1401.75	1272.25	1306.50	1349.75	1283.00	1227.00	1191.75	1236.25	1283.25	1480.25	1214.00	1074.00	1047.75	927.25	864.50	758.75	816.25	1016.75	934.75	815.00	820.25	651.25	671.00	840.50	882.75	1018.25	994.50	1006.75	1280.00	1293.50	1049.50	873.75	746.75	708.75	566.50	720.50	829.75	849.00	901.25	976.75	818.75	776.00	859.00	752.50	622.25	619.00	636.50	660.00	671.00	694.00	682.25	667.75	648.25	468.50	342.25	347.75	427.00	564.25	589.75	554.75	537.00	381.25	345.00	477.75	501.75	371.75	292.25	333.25	507.25	648.50	733.75	759.75	747.25	644.25	492.25	601.75	573.50	457.50	431.75	364.75	331.25	299.25	263.25	282.50	468.75	613.75	807.00	726.50	573.75	488.75	416.75	327.75	311.25	281.00	253.75	230.25	226.00	226.00	228.25	226.50	221.00	233.75	251.75	298.50	393.00	308.75	239.50	288.25	359.25	502.75	670.75	611.75	634.25	629.00	638.25	477.25	380.50	374.25	488.75	471.50	458.00	408.75	489.25	534.00	604.50	693.50	697.75	768.50	688.00	531.25	457.75	244.75	236.00	252.75	296.00	418.50	456.75	439.00	558.75	555.25	410.50	354.00	488.75	579.25	617.75	655.75	790.25	798.50	829.50	1018.25	958.75	834.75	732.75	699.75	587.00	546.50	422.75	437.50	435.50	454.50	438.25	366.25	298.75	285.75	314.75	330.50	336.75	510.00	288.50	281.00	386.25	514.75	515.75	445.75	581.25	619.00	718.00	778.00	623.75	421.50	398.50	418.00	423.50	460.00	447.50	435.25	402.00	449.25	423.50	384.75	352.25	327.75	311.75	308.50	310.25	372.00	355.25	293.75	367.00	399.00	332.75	273.75	242.25	228.00	214.75	212.25	194.50	145.00	143.25	149.75	176.00	198.50	261.00	315.50	391.00	319.00	334.50	409.50	501.25	693.75	900.00	642.00
1035.75	951.00	1141.75	1272.75	1255.25	1304.75	1303.50	1300.75	1300.25	1106.00	897.50	840.75	1009.75	982.75	994.75	1058.25	1112.25	1238.00	1304.25	1171.25	1059.75	918.00	869.75	1076.25	1324.50	1411.25	1377.75	1192.25	1061.00	1206.50	1348.50	1496.25	1493.25	1325.75	1525.50	1344.00	1357.25	1504.25	1436.75	1362.75	1280.75	1310.75	1392.00	1416.75	1355.00	1251.25	1232.25	1075.75	864.50	804.25	1029.75	1164.75	1038.50	940.00	876.00	667.50	686.75	892.00	999.00	1100.00	982.50	964.75	1101.25	1076.75	999.00	856.75	680.25	576.25	577.50	819.00	908.50	1068.25	997.75	905.50	734.00	671.75	672.50	683.25	557.00	543.00	503.75	512.50	509.50	564.50	620.25	621.75	574.75	437.50	329.00	409.75	508.50	527.00	454.25	408.25	385.25	330.00	409.75	566.00	518.00	419.00	300.00	323.00	526.50	677.75	736.25	694.50	626.50	543.00	449.50	453.75	450.25	394.25	360.25	294.00	279.75	267.75	256.50	262.00	563.00	674.75	792.50	704.75	688.50	633.50	494.50	326.50	279.50	257.00	240.50	240.00	276.00	234.00	226.00	224.50	220.00	218.75	219.50	227.25	278.25	274.75	233.00	267.75	332.00	430.25	533.25	479.75	456.50	495.50	607.25	478.75	356.00	348.75	401.75	375.00	410.75	428.25	478.25	556.25	626.25	731.25	764.75	710.00	641.75	560.25	487.50	328.25	304.50	239.25	250.00	298.00	344.25	419.00	500.25	422.75	363.75	436.00	533.00	625.50	643.75	690.00	894.00	883.00	999.75	1022.00	894.75	768.75	635.50	630.50	543.50	566.25	474.25	545.50	511.25	462.75	443.75	363.75	309.50	275.50	281.75	309.50	384.50	472.25	273.25	280.75	378.75	470.00	410.75	414.00	557.75	615.25	658.00	615.00	520.00	397.00	367.75	395.25	443.00	453.75	378.50	365.75	364.50	408.50	356.50	394.00	402.75	372.50	332.75	343.75	294.25	303.25	309.75	281.25	345.00	408.75	346.75	303.25	290.00	304.75	301.75	191.25	153.00	143.75	139.50	143.50	160.50	182.50	272.00	304.50	294.25	293.00	338.25	379.00	496.25	711.50	852.50	635.75
1057.00	980.75	1135.50	1330.25	1316.00	1251.00	1199.75	1153.75	1070.50	899.50	868.75	857.50	1052.75	1121.75	950.75	961.00	980.50	1116.25	1286.25	1211.00	1059.50	984.50	891.25	1134.25	1434.25	1585.25	1505.25	1315.50	1175.50	1147.25	1388.75	1613.25	1630.50	1381.75	1641.75	1420.00	1478.50	1625.75	1463.25	1386.50	1290.50	1335.25	1413.50	1260.25	1522.50	1394.00	1212.00	1050.75	874.50	911.75	1206.25	1154.50	1117.75	986.00	825.00	655.25	725.00	944.00	1022.25	1129.75	930.75	829.00	847.00	862.00	945.50	838.00	583.00	545.50	645.25	923.25	1014.75	1177.25	975.00	782.75	750.75	710.25	613.00	541.00	500.50	461.00	423.25	397.25	383.25	412.00	452.25	480.75	458.75	380.75	309.50	410.25	474.00	392.50	315.75	299.25	292.75	326.25	432.50	617.75	554.00	500.50	329.25	298.50	486.50	587.75	612.00	577.75	513.75	418.00	378.50	345.25	341.00	329.50	300.75	261.75	303.75	303.25	257.75	247.75	553.25	566.75	620.25	541.50	672.00	651.00	483.50	311.25	252.50	235.25	232.75	276.50	346.50	281.00	232.50	228.50	220.25	216.75	216.00	215.00	220.50	231.00	227.25	248.25	322.25	358.50	412.25	385.25	344.00	456.00	559.25	468.50	359.25	311.75	326.50	352.50	404.50	505.50	528.00	579.75	626.25	724.75	760.75	661.75	610.00	512.00	402.50	365.75	331.25	240.75	223.25	232.00	290.00	408.75	388.00	315.00	409.75	538.00	598.50	628.75	712.25	776.50	951.50	880.75	1062.00	975.25	917.75	771.00	628.25	630.75	638.50	664.50	602.00	657.50	547.00	453.75	453.75	363.75	325.25	279.50	264.25	290.50	401.00	377.50	257.00	277.75	314.75	356.50	348.25	397.50	531.00	539.00	487.50	475.50	426.25	385.50	350.00	393.00	450.75	440.75	370.00	319.50	357.75	365.75	331.75	428.25	471.00	435.75	384.50	405.00	305.00	282.00	270.00	268.00	312.00	387.50	336.25	301.75	312.25	329.25	343.75	192.50	141.75	141.50	137.00	141.50	146.00	167.50	231.50	231.25	230.50	288.75	330.75	378.50	511.25	729.50	724.75	553.75
1032.75	1096.00	1243.25	1134.75	1077.00	1017.50	992.25	973.75	924.00	893.25	1019.25	895.00	942.50	1145.25	1221.00	1289.50	1105.25	1050.50	1255.50	1372.00	1207.00	1100.00	958.25	968.50	1232.00	1289.25	1447.50	1547.50	1282.00	1302.50	1319.50	1511.00	1651.00	1769.25	1643.50	1660.25	1694.75	1592.75	1463.25	1254.50	1107.50	1271.00	1235.50	1166.50	1327.50	1303.25	1152.25	1106.00	973.00	1122.00	1111.25	829.25	835.50	833.25	751.75	645.25	769.50	869.00	904.75	1066.50	991.75	872.00	757.00	679.75	690.00	660.25	562.25	697.00	825.50	908.75	1060.00	1022.50	948.00	998.75	922.75	722.25	562.00	469.50	484.25	574.50	635.25	609.50	521.25	461.00	394.00	346.00	338.00	315.25	307.50	298.50	297.50	296.75	295.75	304.00	331.75	410.50	584.50	703.50	534.00	445.75	318.50	281.25	305.00	325.50	324.00	320.25	305.75	275.25	271.00	301.00	279.50	262.25	284.75	434.25	502.25	391.25	289.75	257.00	292.25	283.50	291.00	277.50	308.75	294.75	268.50	239.50	235.50	232.50	231.50	355.75	430.00	530.75	406.75	334.75	537.50	418.75	221.00	215.75	215.25	220.00	220.00	227.50	251.75	279.25	318.25	295.75	319.00	385.00	415.50	353.75	300.75	295.75	400.75	451.75	475.50	556.25	653.75	670.00	696.25	826.50	758.00	673.00	637.00	618.00	542.00	555.75	445.00	327.00	231.25	217.50	255.75	292.75	283.50	343.00	489.75	626.75	882.25	823.00	931.25	891.25	691.75	865.50	999.00	675.25	672.50	730.25	763.25	864.00	942.00	870.75	770.00	625.00	616.50	532.50	437.75	390.00	354.00	295.50	270.50	254.50	272.00	274.00	251.50	291.50	362.00	430.00	471.75	425.75	451.00	433.50	395.25	398.75	406.00	339.25	344.00	383.50	433.25	404.00	338.75	318.00	286.50	322.25	397.50	519.75	547.25	482.75	491.25	432.00	345.00	331.75	288.50	259.75	268.00	340.00	326.00	291.00	259.25	215.75	206.00	160.00	137.75	138.50	135.50	139.75	141.00	157.00	174.50	197.00	261.25	251.00	287.00	347.50	489.75	624.75	611.75	446.50
1121.50	1159.50	1245.25	1194.75	1134.00	1041.50	1105.00	1078.00	1005.75	942.50	1106.75	954.75	947.50	1138.50	1314.50	1370.00	1150.75	1119.75	1179.75	1402.50	1271.50	1211.00	1068.25	945.00	1105.00	1175.25	1421.00	1529.25	1340.00	1470.75	1452.25	1494.25	1516.75	1762.00	1535.75	1532.00	1566.00	1522.50	1383.25	1223.50	1079.25	1162.25	1187.00	1113.50	1207.00	1325.50	1313.50	1178.50	1050.75	1232.50	1074.00	799.50	810.50	763.75	737.75	662.25	743.25	836.00	980.75	1038.75	1039.00	949.75	789.50	765.00	736.50	620.25	614.75	788.75	977.75	1009.00	1123.00	1005.50	940.25	944.75	847.00	734.00	463.25	476.50	641.75	716.25	742.25	689.25	597.00	554.50	466.00	376.25	328.25	343.25	349.50	302.75	298.75	298.00	303.25	327.00	366.50	463.25	620.50	663.00	550.25	433.25	313.50	284.50	278.00	279.00	275.50	273.25	269.25	265.75	265.25	272.25	262.50	262.75	370.25	552.00	541.25	440.25	301.75	261.00	245.50	244.00	244.75	247.75	243.00	239.00	239.75	236.25	234.25	232.50	246.25	422.25	556.25	670.00	556.00	391.50	672.00	528.50	239.75	219.00	214.75	215.25	215.50	216.50	225.50	241.75	263.50	286.00	290.00	325.75	374.50	317.00	273.50	318.75	464.75	520.75	569.25	598.50	658.00	731.50	768.75	818.75	795.00	780.25	768.75	742.50	667.75	575.75	448.75	316.00	221.00	216.75	237.75	257.00	317.25	371.75	439.25	566.50	829.50	963.00	929.25	797.25	599.25	857.00	969.00	629.25	587.25	700.25	746.75	887.25	949.75	911.50	752.00	561.75	615.00	497.50	406.50	380.50	348.00	301.75	282.50	250.00	248.50	252.75	248.75	291.00	357.25	430.50	457.75	389.50	408.25	399.50	365.75	351.50	358.00	322.25	340.75	380.25	422.75	363.25	340.75	292.25	278.25	335.75	432.75	525.00	577.50	585.25	530.25	481.75	397.75	356.25	296.50	260.00	251.25	320.50	351.75	332.75	304.25	244.50	196.25	167.00	154.00	136.75	133.25	136.25	135.50	147.25	163.25	188.00	260.50	228.75	269.25	324.75	461.75	543.00	594.75	469.50
1316.50	1311.25	1385.00	1442.25	1296.50	1144.75	1371.75	1444.75	1182.25	1049.00	1287.75	1132.50	977.50	1308.25	1430.50	1339.50	1308.75	1362.75	1191.50	1399.75	1538.25	1351.50	1134.75	1022.50	1221.75	1183.75	1328.50	1552.75	1489.50	1584.75	1356.75	1266.25	1464.75	1661.00	1485.25	1253.00	1278.50	1472.00	1512.00	1328.25	1146.25	1041.25	984.00	985.75	1227.75	1293.75	1213.75	1252.00	1302.50	1170.00	907.50	1046.00	989.75	918.00	794.25	722.25	683.75	790.00	821.00	864.50	1080.75	1029.25	901.25	1085.25	882.25	598.00	851.50	1012.25	1103.25	1315.00	1148.75	975.25	916.25	733.50	710.00	590.25	556.50	715.50	842.75	876.25	781.00	688.00	608.00	641.50	464.00	340.50	338.25	519.50	430.50	364.25	375.25	366.50	380.25	392.75	432.50	595.75	817.75	671.75	542.25	488.25	336.00	288.50	278.50	275.25	271.25	268.00	268.00	265.25	266.00	265.25	270.75	307.00	510.00	627.25	508.50	426.50	341.50	307.50	248.75	248.25	247.00	242.75	241.75	240.25	238.75	241.75	247.75	369.00	504.50	533.25	668.00	842.00	754.75	597.75	643.00	607.00	449.75	310.00	351.00	223.50	211.75	211.25	208.50	208.00	214.75	225.75	243.75	292.25	334.50	282.50	285.75	349.50	424.25	484.50	587.50	682.75	618.75	643.25	722.75	646.00	678.25	790.00	716.25	753.50	711.75	589.50	472.25	306.50	206.25	210.25	266.25	326.25	377.75	486.00	595.00	692.00	813.75	799.75	638.25	545.25	494.75	676.50	776.00	567.00	491.50	535.50	576.75	660.25	655.25	617.75	574.00	516.25	423.75	411.25	420.00	488.25	446.00	366.75	328.00	262.00	242.00	237.00	241.75	282.50	345.25	365.50	366.75	327.75	370.00	401.00	360.75	377.75	299.50	309.75	324.75	347.00	380.00	390.25	308.00	265.75	269.75	318.50	328.50	373.50	408.00	550.00	556.50	483.75	425.25	382.00	294.75	259.75	243.75	267.75	368.75	416.75	408.00	345.50	260.50	252.00	202.75	133.50	132.75	131.00	129.00	131.00	135.00	157.25	205.50	185.50	228.00	263.75	339.50	441.50	583.25	634.00
1526.00	1492.50	1515.00	1378.00	1317.50	1254.50	1514.00	1542.00	1163.50	1111.00	1338.00	1164.50	999.00	1148.50	1303.50	1489.00	1437.00	1526.00	1255.50	1415.00	1483.50	1291.00	1125.00	1084.50	1475.50	1343.00	1380.50	1571.00	1469.50	1312.50	1282.00	1162.00	1374.50	1411.00	1434.00	1248.50	1171.50	1329.50	1436.00	1376.50	1202.50	1079.00	1012.50	933.50	1135.50	1093.50	1080.00	1276.50	1236.00	997.00	1038.50	1152.00	1044.50	845.50	819.00	953.00	779.50	812.50	980.50	1009.00	1200.00	1138.50	1104.00	1093.00	797.00	603.50	771.00	900.00	1053.50	1261.00	1072.50	823.50	976.00	826.00	610.50	532.00	592.50	735.00	839.00	844.50	704.50	678.50	584.00	549.00	375.00	335.50	388.50	648.50	585.00	431.50	504.50	461.50	542.00	510.00	492.00	698.00	797.50	667.00	636.50	541.00	312.50	297.00	309.50	279.00	274.50	271.00	270.50	279.50	271.50	290.50	309.50	358.00	521.00	682.50	565.50	439.00	444.00	464.50	262.00	254.50	250.50	245.50	247.50	245.50	245.50	280.50	289.00	558.50	708.50	656.50	817.00	837.00	725.00	583.00	634.00	691.00	405.00	491.50	613.00	327.50	213.00	210.50	207.50	204.00	202.00	202.50	307.00	398.00	321.50	253.50	279.00	331.00	491.00	600.00	635.50	570.50	499.00	619.50	707.00	611.00	516.00	674.00	727.50	503.50	537.00	473.00	432.50	269.50	199.50	204.50	293.00	416.00	502.50	487.50	709.50	787.50	825.50	658.50	673.00	499.50	427.00	686.50	774.50	520.00	489.50	494.50	602.00	550.50	629.00	662.50	502.50	449.50	454.00	363.00	338.50	374.00	404.50	316.50	291.00	252.00	240.50	233.00	236.00	268.50	325.50	318.50	322.00	309.50	344.00	414.00	330.00	283.00	285.50	295.00	340.50	375.00	414.00	427.00	328.50	250.00	260.50	276.00	291.50	319.00	369.00	468.00	556.00	403.50	374.50	337.50	299.00	258.00	237.00	263.00	354.00	433.50	467.00	349.00	304.50	218.00	180.50	139.50	132.00	127.50	125.00	127.00	127.50	134.50	155.50	172.50	210.00	299.00	427.00	578.00	677.50	659.50
1545.25	1495.50	1571.25	1494.75	1515.25	1490.50	1309.00	1250.25	1134.25	1215.25	1334.75	1131.00	1098.50	1254.00	1283.75	1486.50	1675.50	1531.00	1311.50	1475.25	1552.75	1363.00	1205.00	1160.00	1392.75	1505.00	1501.00	1464.00	1339.25	1153.25	1102.75	1065.50	1172.25	1277.25	1368.75	1297.25	1105.75	1185.50	1301.00	1342.50	1259.00	1243.00	1132.50	986.75	970.00	1004.00	1115.75	1286.25	1302.25	1152.00	1249.00	1255.25	1061.25	845.50	931.50	1106.00	923.00	843.75	1102.75	1170.25	1224.50	1149.50	1027.00	1009.00	766.25	631.25	888.50	986.25	1122.25	1212.75	1001.75	784.25	752.25	721.75	720.75	592.25	554.25	766.75	784.50	640.00	609.25	528.25	461.00	405.50	356.00	428.50	554.75	649.50	691.00	476.75	632.75	688.75	609.25	541.75	550.00	688.75	742.75	572.00	441.50	395.75	316.25	417.00	401.25	366.75	322.75	327.25	319.75	313.25	279.50	308.50	339.00	441.00	574.25	711.50	553.75	471.00	469.50	412.25	320.25	276.25	273.50	295.00	288.50	355.50	458.25	483.00	391.25	386.50	465.75	731.00	916.00	1054.50	936.75	923.25	837.25	676.75	611.25	696.50	574.75	273.75	365.75	365.25	292.75	259.00	219.50	201.00	266.25	478.00	334.50	244.75	305.75	367.00	495.75	573.00	579.75	450.50	480.75	632.75	631.25	521.25	473.25	693.75	801.25	491.50	364.25	360.50	363.00	237.00	199.50	213.75	308.25	399.00	576.25	645.50	653.50	661.50	727.00	559.00	539.00	482.25	420.75	687.75	583.75	431.50	496.00	435.75	514.50	537.00	692.25	720.25	603.00	456.50	520.00	406.25	339.00	306.50	319.00	288.25	313.75	290.50	285.75	235.25	228.00	252.00	284.00	275.50	292.50	336.75	285.75	297.75	271.75	267.75	294.50	327.00	337.75	368.50	452.50	406.25	307.25	249.00	282.75	316.75	354.25	371.75	367.00	437.75	513.50	428.00	330.50	293.25	299.00	261.75	231.25	244.75	295.00	355.25	400.75	318.25	255.00	184.75	158.50	130.50	129.50	124.50	124.00	124.25	126.00	132.25	144.50	161.25	200.00	251.00	359.25	510.25	606.50	524.50
1331.00	1445.00	1306.50	1303.50	1392.50	1535.50	1212.50	1181.50	1195.50	1327.50	1318.50	1134.00	1310.50	1478.00	1525.00	1528.50	1720.50	1576.50	1382.50	1573.00	1416.00	1350.50	1259.00	1292.50	1562.50	1500.00	1428.50	1452.50	1206.00	1283.50	1068.50	1051.00	1191.00	1117.00	1211.00	1194.50	1062.50	1124.00	1349.00	1421.50	1411.50	1260.50	1070.00	960.50	1056.00	1124.00	1169.00	1270.00	1265.00	1250.00	1217.00	1202.50	1010.00	980.00	994.50	1085.50	860.50	806.00	876.00	1005.00	1129.50	937.00	808.50	798.00	687.50	682.50	877.50	1094.00	1277.00	1149.50	958.50	1051.50	865.00	695.00	576.50	531.50	530.00	662.00	833.00	768.00	692.00	644.00	488.50	363.50	440.00	535.50	582.00	695.50	745.00	572.00	624.50	843.50	759.50	735.00	726.50	696.50	557.00	522.00	400.00	322.00	414.00	585.50	493.50	414.50	353.50	371.50	357.00	329.50	289.50	325.50	377.50	497.50	554.00	716.50	705.00	678.50	502.00	477.00	364.50	296.50	315.50	386.50	390.00	358.50	536.50	667.50	522.50	565.00	413.50	694.00	929.50	1138.00	1093.00	1027.00	876.50	674.50	771.50	769.00	501.50	273.50	520.50	567.00	452.50	342.00	262.00	198.50	230.50	384.00	285.50	235.50	269.50	335.50	418.00	431.00	445.00	397.00	452.50	546.00	552.00	376.50	497.50	814.00	864.50	595.00	511.50	272.50	236.00	199.50	194.50	223.00	300.50	392.50	489.00	604.00	506.50	602.00	742.50	668.00	523.00	400.50	383.50	639.00	560.00	386.00	395.00	397.50	567.50	757.50	766.00	642.50	498.50	500.50	357.00	338.50	333.00	343.50	415.50	376.00	409.00	344.50	289.00	234.00	222.00	224.00	239.00	247.50	262.00	313.50	265.50	247.50	254.50	272.50	334.50	361.50	323.00	396.50	409.00	325.00	258.00	251.00	270.00	301.50	379.50	466.50	437.00	398.00	374.50	343.50	288.50	282.00	266.50	260.00	228.50	230.50	290.50	379.00	342.50	266.50	225.50	196.50	200.00	139.00	129.00	123.00	125.00	123.50	122.50	125.00	137.00	172.50	251.00	296.00	302.00	328.50	424.50	386.00
1452.00	1366.50	1248.25	1229.75	1347.25	1439.00	1332.75	1427.00	1347.00	1218.00	1300.50	1306.50	1447.50	1372.50	1524.50	1518.75	1462.25	1627.00	1589.50	1564.00	1574.00	1574.25	1456.50	1493.50	1473.50	1305.75	1187.25	1259.00	1278.75	1060.75	985.50	934.75	1009.00	942.50	1098.00	994.25	939.75	1159.75	1249.50	1259.50	1322.75	1229.75	1066.00	915.00	1037.00	1129.50	1168.75	1197.25	1217.25	1077.25	1185.25	1342.00	1182.00	1102.50	1250.00	1077.50	1040.75	965.25	925.75	1086.00	1116.50	1045.75	867.25	776.50	672.75	731.00	948.00	1091.00	1325.00	1193.00	1061.25	1080.25	887.25	763.50	576.25	566.25	692.25	853.50	843.75	782.00	661.75	556.00	408.50	367.75	480.50	611.25	669.25	708.25	747.00	737.00	750.75	776.75	696.25	663.75	649.75	576.00	525.75	457.50	343.75	345.25	504.25	642.50	571.00	406.50	432.25	430.50	411.00	401.50	300.25	314.50	388.00	456.00	493.00	638.75	827.00	742.25	622.00	600.50	355.25	362.00	364.75	520.25	511.25	369.75	485.00	642.00	724.50	760.50	539.75	625.50	893.25	1020.75	795.25	685.25	603.25	520.75	514.75	509.50	398.25	354.00	507.50	422.75	348.00	287.75	235.50	202.25	204.00	231.75	219.00	206.25	214.75	225.75	251.50	280.75	432.25	368.00	375.00	496.25	490.25	355.50	407.75	577.50	597.25	565.50	581.00	362.50	242.50	191.00	202.75	332.25	362.00	358.25	397.75	446.00	554.50	626.25	583.25	594.25	514.50	404.75	355.75	485.00	532.25	428.75	329.75	457.00	630.50	647.00	647.50	535.50	459.25	422.75	493.00	421.00	423.75	381.25	474.75	471.00	359.50	270.50	310.00	332.50	223.50	216.00	217.75	229.50	245.75	260.00	237.00	262.50	324.50	331.50	344.50	321.50	311.00	421.75	387.75	280.50	241.00	291.50	338.00	345.00	420.50	414.50	449.50	430.00	336.25	390.25	405.00	390.50	288.75	250.50	243.00	220.25	279.25	367.25	345.25	246.25	208.25	169.75	159.00	135.75	126.75	123.00	121.00	120.50	120.00	119.50	125.50	161.75	203.50	197.25	214.50	248.25	312.25	253.00
1259.00	1227.50	1154.50	1219.50	1201.00	1409.00	1419.00	1364.50	1434.50	1389.50	1465.50	1520.00	1480.50	1259.50	1465.00	1277.00	1410.50	1563.50	1652.00	1345.50	1396.50	1444.50	1466.50	1366.50	1552.50	1407.00	1073.50	1198.00	1312.00	1137.00	1020.00	1005.50	953.00	849.50	890.00	943.00	925.50	1152.50	1097.50	1168.50	1289.50	1261.50	1080.50	874.50	1047.50	1104.00	1116.00	1219.00	1088.50	1003.00	1167.00	1207.50	1188.00	1282.00	1240.00	1176.50	1224.50	1114.50	1074.50	1191.50	968.00	969.50	890.50	841.00	706.00	678.50	839.00	963.50	1194.00	1149.00	1016.50	1035.50	922.50	671.00	555.50	761.50	961.50	964.50	696.50	636.50	553.50	437.00	404.00	445.50	418.00	560.00	631.50	643.00	751.00	821.00	877.00	683.50	596.00	547.00	528.50	549.50	518.00	425.50	349.00	409.50	479.00	577.00	535.00	489.50	572.50	511.00	559.50	496.00	310.50	313.50	338.50	486.50	647.50	722.00	749.50	687.50	559.00	487.00	433.00	447.00	362.50	537.50	579.50	388.50	447.50	624.00	733.00	846.00	649.50	704.50	983.00	863.50	642.50	613.50	489.00	457.00	406.00	379.50	313.00	485.00	471.00	330.50	282.50	252.00	225.50	200.00	199.50	194.50	193.50	195.50	189.50	190.50	189.50	189.50	290.50	273.50	372.00	359.50	282.00	278.50	276.00	379.50	384.00	304.00	317.00	292.50	185.00	205.50	351.00	381.00	512.50	521.00	579.50	568.50	639.00	712.00	540.00	437.50	462.50	431.00	318.50	412.00	382.50	365.00	315.50	403.00	427.50	545.50	773.00	626.00	508.50	602.00	627.00	491.50	527.00	463.50	497.00	480.00	298.50	346.00	426.50	319.00	255.00	214.50	210.50	214.50	231.00	223.50	254.50	335.50	420.00	396.00	372.50	303.00	294.50	398.50	395.50	232.50	288.00	365.00	405.50	413.00	348.00	345.00	428.00	403.50	388.00	474.50	444.50	394.50	309.00	246.00	245.50	213.50	247.50	311.00	361.50	297.50	250.00	176.50	146.00	136.50	119.00	120.50	115.50	117.00	117.50	117.50	118.50	128.00	159.50	202.00	260.50	277.50	262.50	221.00
1135.00	1089.00	1019.75	1166.00	1312.25	1453.50	1284.25	1177.00	1324.50	1507.25	1372.00	1389.00	1263.50	1165.25	1284.00	1209.75	1343.00	1492.00	1570.50	1297.25	1173.50	1268.75	1401.00	1193.50	1425.25	1285.75	1030.75	1061.75	1237.00	1169.75	1217.50	1209.50	1130.50	900.25	838.75	830.50	877.25	1041.75	958.50	1072.00	1145.75	1138.50	883.00	899.75	1080.75	1049.50	1177.00	1191.75	1034.50	903.00	1008.00	1215.25	1157.75	1098.00	1033.50	1206.25	1387.50	1278.50	1289.00	1176.50	965.75	904.25	825.25	776.75	693.50	718.00	1059.50	1081.25	1151.50	1209.25	1011.50	777.25	815.50	622.25	667.00	861.75	800.25	822.75	701.00	640.50	545.00	415.00	511.50	542.25	445.25	434.50	467.00	605.50	660.00	749.75	769.75	694.50	547.00	509.75	496.50	481.50	462.50	397.75	400.75	461.50	554.75	651.75	586.75	676.25	690.00	644.50	613.50	363.50	386.00	453.25	326.00	429.25	609.50	732.75	754.50	732.00	599.00	481.50	527.50	476.00	365.50	473.75	572.25	433.00	534.00	722.00	848.00	1027.50	891.00	882.25	1044.75	881.00	835.75	743.00	589.00	559.25	545.00	437.50	375.50	512.00	417.75	344.75	270.75	231.50	215.00	203.50	198.50	197.00	199.25	199.00	197.50	193.25	189.25	189.50	188.25	207.25	275.50	218.50	185.75	182.00	208.25	343.25	255.25	196.00	183.25	199.75	179.00	322.50	521.00	495.50	530.75	668.50	836.00	818.50	654.75	795.25	558.25	486.00	414.50	339.75	303.00	358.75	305.75	312.75	306.50	356.50	465.00	582.25	628.25	644.00	678.25	805.00	644.25	537.50	435.75	366.25	366.75	332.50	290.00	398.25	442.50	288.75	385.50	253.00	209.50	207.25	210.00	216.50	271.75	339.75	352.75	339.25	342.00	295.50	259.75	305.00	259.75	222.00	286.25	323.25	355.25	398.75	314.25	321.50	353.25	400.25	477.50	523.75	439.00	362.50	300.75	254.00	216.00	206.25	230.50	295.50	340.50	275.75	215.25	183.50	209.00	200.25	160.25	118.25	118.75	113.50	114.75	114.50	116.50	122.25	216.75	250.00	236.00	192.50	210.50	267.25
1156.00	980.00	1129.00	1143.00	1433.00	1564.00	1273.00	1107.50	1282.00	1280.00	1242.00	1277.50	1258.50	1057.50	1104.00	1235.00	1363.50	1582.50	1525.50	1250.00	1114.50	1082.00	1291.50	1297.50	1192.50	1227.50	966.00	1020.50	1072.00	1320.50	1189.50	1014.50	955.00	985.00	1004.00	796.50	775.50	881.00	878.50	992.00	1078.00	985.00	790.50	960.50	1038.50	1101.50	1195.00	1108.50	997.50	867.00	958.50	1126.50	1067.50	935.50	1034.00	1104.50	1277.00	1482.50	1300.50	1088.50	1175.00	1118.50	1068.50	967.50	746.50	702.00	1057.50	1065.00	958.00	1134.00	1043.00	695.00	646.00	600.00	772.50	804.50	681.00	727.00	720.50	639.50	429.50	447.00	612.00	620.00	543.00	452.00	413.00	526.50	646.00	657.50	704.50	638.00	575.00	640.00	641.00	613.00	548.00	399.00	429.50	483.50	572.50	634.50	706.50	700.50	526.50	483.50	373.00	352.00	466.50	611.50	403.00	364.50	454.00	574.50	777.50	839.50	639.50	471.00	663.00	551.00	406.50	500.00	646.50	476.50	440.00	658.50	816.00	988.00	1053.50	1041.50	955.50	765.50	750.00	741.00	575.00	468.50	391.00	364.00	490.50	438.00	319.50	277.00	241.00	217.00	212.50	236.00	254.50	209.00	198.00	206.00	202.00	193.00	186.50	185.50	184.00	186.00	184.50	180.50	179.50	182.50	180.50	188.00	183.50	176.50	172.00	169.50	177.00	334.00	411.50	465.00	536.00	602.50	774.50	946.50	901.50	909.50	684.00	601.00	492.00	422.00	340.00	322.50	279.50	311.00	340.50	328.50	401.50	449.50	484.00	541.50	716.50	829.50	501.50	511.00	464.50	445.50	342.00	345.50	329.50	483.50	435.00	360.00	456.00	293.00	208.00	204.00	202.50	213.50	254.50	283.00	276.50	294.50	292.00	256.00	228.50	204.50	222.50	272.00	244.50	256.00	327.00	309.00	287.50	349.00	384.50	387.50	485.50	439.00	401.50	357.00	266.50	233.50	256.00	226.00	206.00	248.50	320.50	297.00	228.00	228.50	214.50	173.00	132.50	113.00	117.50	116.00	110.00	111.00	112.50	114.00	157.50	160.50	152.50	174.50	226.00	347.00
1001.75	994.75	1186.00	1386.50	1337.75	1415.25	1220.75	1070.75	1138.25	1202.50	1133.00	1156.75	1033.75	1158.25	1256.75	1284.25	1373.00	1542.50	1557.25	1400.00	1182.50	1036.50	1245.25	1338.00	990.25	1007.50	1003.25	1186.00	1177.00	1268.75	1160.75	1098.25	1223.75	1144.25	991.50	922.25	842.50	771.75	790.25	906.75	996.25	866.25	814.75	939.50	954.25	1067.00	1107.25	1024.00	922.50	882.25	952.50	947.75	912.50	1136.75	1232.50	1227.00	1303.75	1438.00	1301.50	1180.50	1200.25	1248.75	1187.25	1057.00	814.50	693.50	963.25	983.75	833.75	914.75	790.75	721.50	635.50	670.50	804.00	856.00	679.00	617.50	558.25	546.25	421.50	531.50	691.25	628.50	586.00	507.00	426.00	596.00	619.50	629.00	701.00	655.25	661.25	633.00	583.50	594.25	502.25	393.75	528.50	556.75	557.50	613.50	694.00	663.00	529.75	394.00	337.50	507.25	508.50	690.25	499.75	371.50	509.50	685.00	835.50	832.75	596.25	492.00	776.50	619.25	434.50	466.50	631.25	609.75	459.25	506.75	617.75	737.75	796.50	919.75	749.00	677.50	647.50	852.75	652.25	536.00	483.25	481.75	474.75	349.75	278.75	234.75	225.75	223.00	283.00	401.25	415.50	249.75	295.00	458.00	411.75	380.25	270.00	239.50	251.75	253.50	276.00	336.00	271.00	210.75	187.50	177.75	190.75	344.00	266.00	173.50	172.75	252.75	303.00	382.00	447.75	451.50	582.00	764.00	876.50	845.50	607.75	471.25	417.00	385.75	339.00	257.75	261.00	381.75	467.00	444.50	433.00	433.75	529.50	577.25	823.25	700.75	500.50	432.25	403.75	414.25	387.00	471.50	379.50	466.75	474.75	504.50	454.75	320.00	233.75	215.00	200.00	202.00	222.50	233.00	259.75	263.75	246.50	206.25	201.25	216.00	256.50	350.50	319.00	287.50	262.25	272.25	311.50	375.50	403.50	386.75	475.75	448.50	333.75	300.75	268.25	296.25	305.25	245.25	194.75	231.75	318.50	338.00	307.50	231.25	203.50	179.75	200.50	142.25	112.75	112.50	107.00	109.75	110.25	110.25	120.75	129.75	147.50	170.25	198.25	302.00
904.00	1110.75	1350.75	1466.25	1255.75	1430.25	1229.50	1139.75	1035.25	1042.50	1138.25	1016.50	1034.50	1392.50	1603.50	1454.00	1512.25	1574.75	1480.00	1280.75	1200.50	990.00	1163.75	1191.50	897.50	869.75	964.00	1039.25	1075.75	1249.75	1383.25	1349.00	1290.50	1126.75	1154.00	1152.25	1057.50	869.50	744.75	739.50	769.75	725.25	779.00	870.50	1015.25	1052.25	1008.50	917.25	842.00	797.50	882.75	995.25	1109.00	1065.25	1063.00	1202.75	1305.50	1458.25	1341.25	1162.25	974.50	932.50	880.50	854.25	818.50	715.75	915.00	935.25	830.50	764.25	818.75	674.00	782.25	776.00	903.75	993.75	844.75	744.50	614.75	490.75	453.75	652.00	749.50	708.75	652.75	487.75	484.50	557.25	592.00	705.25	750.50	641.75	600.50	574.75	518.25	452.50	415.25	412.75	560.75	628.25	687.50	668.75	543.50	530.50	402.00	349.75	429.50	578.00	670.25	764.00	568.50	379.00	463.75	618.00	739.00	894.00	622.00	603.25	797.25	589.00	464.00	554.00	690.75	756.75	544.50	489.50	543.75	616.00	700.50	899.75	740.75	569.75	703.50	750.50	693.00	597.25	474.50	452.25	363.50	249.75	241.00	237.25	239.00	263.75	382.00	461.00	256.50	250.25	391.00	610.25	740.50	638.00	403.25	539.50	497.50	505.75	357.00	470.25	385.75	272.25	270.25	300.25	419.50	644.00	371.50	172.00	170.00	181.50	261.50	364.25	366.75	335.00	463.25	540.75	528.00	538.75	544.75	593.00	463.25	368.00	326.75	251.75	289.25	469.25	568.50	636.50	582.50	536.75	500.25	634.50	707.50	520.50	474.75	552.50	568.75	566.25	486.75	595.75	450.75	483.00	581.50	539.50	401.50	289.75	249.25	215.25	196.25	195.25	196.25	204.25	216.00	241.00	210.00	194.25	208.50	238.75	305.00	385.25	368.50	424.25	369.50	289.50	305.25	354.25	382.75	422.00	484.25	447.00	335.75	298.00	345.75	376.75	310.00	250.50	194.75	193.00	241.75	347.75	413.00	335.50	284.25	264.75	238.25	156.25	108.25	108.75	108.00	103.50	105.25	106.25	110.25	114.75	124.00	153.75	226.00	287.00
929.75	1170.25	1443.25	1378.25	1266.50	1464.00	1278.00	1202.50	1035.75	974.00	1190.50	1021.50	999.00	1435.00	1544.50	1506.00	1523.25	1464.00	1330.25	1217.75	1159.50	969.00	1113.00	1125.25	864.00	910.25	1034.00	1112.25	1196.00	1364.50	1330.50	1274.50	1348.00	1294.25	1194.25	1034.75	986.50	888.75	822.50	766.50	762.50	780.25	738.75	861.00	979.50	1004.00	937.00	869.75	776.00	774.50	886.00	956.75	1031.75	986.75	1145.25	1241.75	1255.25	1407.50	1342.50	1160.50	1027.50	940.50	943.50	976.75	863.00	734.00	833.75	924.25	919.50	899.50	980.00	697.50	816.00	848.75	1007.25	938.50	758.00	736.50	642.00	484.75	490.50	655.00	797.00	740.50	625.75	484.50	554.25	497.75	593.50	722.00	744.75	652.50	631.00	582.00	518.50	466.75	424.25	430.00	606.25	656.75	723.00	630.00	487.50	458.00	364.25	384.75	490.25	643.00	754.00	786.50	606.25	411.00	443.50	727.50	796.25	918.75	638.75	638.00	831.25	621.75	491.50	622.25	787.00	786.75	562.25	541.50	593.25	681.25	747.25	831.25	710.50	553.75	636.00	624.25	669.00	567.00	404.00	342.25	286.75	249.75	246.75	253.00	252.25	309.75	392.25	428.75	254.50	251.75	334.00	497.50	704.25	730.50	474.75	653.25	674.00	600.50	375.00	460.25	450.50	319.00	366.25	354.75	475.25	650.00	383.25	171.75	172.00	199.25	286.25	347.00	307.00	291.75	423.50	487.25	424.25	432.25	472.25	600.25	482.50	392.75	401.50	240.50	309.75	529.00	572.75	570.75	626.75	659.50	564.00	698.00	586.75	489.00	420.25	516.25	649.25	591.00	507.75	529.25	433.00	504.75	554.75	415.00	361.00	263.75	227.75	212.75	202.00	192.25	188.25	192.50	206.00	234.25	199.25	203.75	227.25	230.50	292.75	382.75	405.25	447.50	374.75	304.50	295.25	326.75	357.75	429.50	478.50	438.25	338.50	313.50	377.25	374.75	303.75	253.25	206.50	183.25	245.50	396.50	454.50	412.25	360.75	294.75	229.75	188.50	106.00	104.50	108.25	102.75	103.00	103.75	104.75	108.50	120.25	164.00	225.50	221.25
1025.75	1165.00	1387.75	1314.50	1237.75	1414.25	1404.50	1350.75	1085.00	943.25	1172.50	1048.00	951.50	1344.00	1319.75	1436.25	1391.75	1383.25	1209.00	1142.50	1106.50	940.75	1048.75	1003.00	837.00	982.75	1152.50	1172.50	1310.00	1311.50	1192.50	1153.00	1364.25	1394.00	1207.75	1009.25	968.00	898.50	857.50	854.50	883.25	893.00	691.25	789.00	928.50	971.25	861.75	789.75	747.75	780.00	822.00	882.25	923.25	960.25	1114.00	1185.00	1307.50	1424.00	1395.50	1239.50	1153.00	1105.25	1063.00	984.75	813.75	766.75	836.50	982.25	1048.25	1034.00	1003.75	729.00	907.50	951.00	969.75	799.75	648.50	625.00	574.25	467.50	563.00	737.00	813.50	704.50	571.00	509.00	587.25	499.50	582.75	661.75	674.25	657.25	596.25	562.50	549.50	503.75	430.50	445.25	614.25	668.25	728.00	639.50	506.50	418.50	373.50	460.75	543.75	712.75	811.00	743.75	659.75	462.25	413.75	713.00	779.75	911.75	681.00	698.75	875.75	663.50	512.75	646.50	835.75	840.00	613.00	632.75	632.75	756.00	763.75	755.00	647.00	513.25	530.00	528.75	569.25	477.50	365.25	282.50	263.50	258.50	266.75	299.75	270.50	355.50	417.00	384.50	261.50	263.25	370.75	417.00	574.00	725.00	585.00	686.75	780.25	555.00	368.75	434.75	480.50	361.25	447.00	421.75	524.50	589.75	416.75	204.50	172.75	241.75	368.25	316.25	254.00	264.75	423.00	519.50	363.50	367.25	474.50	649.00	611.25	544.75	549.00	234.50	316.25	457.50	460.75	511.25	634.50	790.25	667.00	706.75	516.50	453.00	415.00	496.00	637.75	545.25	488.00	439.50	378.50	463.75	492.25	365.25	345.00	252.75	231.25	229.25	214.00	198.75	185.50	183.50	196.00	207.25	191.00	226.25	265.75	248.25	258.00	318.75	366.50	429.75	360.00	325.25	301.25	341.50	395.50	429.75	440.75	432.25	360.50	349.25	399.75	368.00	333.25	316.50	240.75	184.50	240.50	363.50	422.50	525.00	451.25	334.75	312.00	268.00	103.50	103.50	105.25	103.50	101.25	101.50	101.00	103.25	110.00	149.00	181.50	168.00
990.00	1081.00	1353.25	1275.50	1133.25	1245.75	1532.50	1357.00	1137.50	982.75	926.75	947.75	869.75	1053.50	1188.25	1386.50	1155.25	1268.25	1168.00	992.00	919.50	854.75	928.00	821.50	1004.50	1017.25	1025.75	1110.50	1229.75	1030.25	988.75	952.75	1139.00	1232.75	1157.75	1058.75	1105.25	1074.00	968.25	861.00	844.50	837.00	659.50	682.75	853.50	810.50	716.25	724.75	816.75	870.25	944.00	1059.00	1082.00	1107.50	1100.75	1161.50	1343.75	1354.75	1199.00	1134.75	1016.25	983.75	869.00	807.50	854.00	964.50	894.50	996.50	1124.25	937.75	809.75	854.75	925.00	1076.00	982.75	908.25	741.50	695.25	581.50	460.25	697.00	836.25	766.00	597.75	532.00	646.25	609.50	617.25	521.50	533.50	567.75	674.75	604.00	653.50	600.75	498.25	415.75	506.75	555.50	620.00	717.00	694.00	575.50	421.75	413.00	512.50	540.75	651.00	788.75	636.00	543.75	497.00	396.00	545.25	715.75	890.50	915.50	980.75	834.75	705.75	561.00	681.25	890.25	892.25	701.75	919.25	844.25	699.75	602.50	593.75	538.75	461.25	447.50	447.25	348.00	297.25	295.50	347.25	345.00	340.50	334.00	363.00	356.75	339.75	448.25	416.75	279.00	282.25	452.25	512.00	474.50	670.25	865.25	890.75	768.75	591.50	408.75	413.75	515.50	518.00	580.00	620.75	552.50	470.50	387.75	261.00	171.00	202.00	424.75	290.50	199.00	237.50	377.25	444.50	458.50	324.75	540.25	675.75	757.75	696.25	540.75	238.50	338.50	511.50	583.75	617.25	808.75	839.50	670.75	566.75	493.00	392.25	437.75	505.25	655.50	598.25	563.00	504.25	410.00	332.00	305.50	298.00	258.75	275.25	323.00	284.00	264.25	270.00	183.00	181.00	177.25	177.00	191.00	252.75	301.25	339.00	292.50	269.50	274.25	321.50	326.50	339.00	365.75	414.25	471.00	390.00	330.75	372.00	408.25	401.50	465.25	460.00	376.00	315.50	256.25	234.50	196.75	288.25	391.75	512.75	547.50	498.75	383.00	246.50	108.75	99.50	99.00	98.25	97.75	96.50	96.25	97.00	97.50	103.50	134.00	180.00
1238.00	1198.50	1369.00	1302.50	1117.50	1395.00	1558.50	1425.50	1197.00	1015.00	951.00	885.00	841.50	1147.00	1376.50	1253.00	1009.50	1204.50	1371.50	1189.00	1097.00	940.00	785.50	772.00	1192.00	1254.50	1175.00	1163.00	1163.50	1170.50	1050.00	875.50	900.50	1003.00	985.50	947.00	902.50	1010.50	1033.00	1034.00	817.00	709.00	648.00	654.50	757.50	677.50	688.00	758.00	864.50	929.50	1136.50	1301.00	1261.50	1280.00	1345.50	1328.50	1472.00	1426.00	1194.50	1049.00	971.00	935.50	923.00	859.50	976.00	1130.50	987.00	1013.50	1118.50	905.50	854.50	1042.00	1093.00	1028.00	919.00	1038.50	937.50	823.00	581.00	476.00	643.50	735.50	758.00	630.50	608.00	785.50	663.50	609.50	568.00	581.00	634.00	656.50	697.00	692.00	579.50	485.50	433.50	550.50	672.00	624.50	757.50	737.00	554.00	408.00	449.00	639.00	708.00	781.50	801.00	710.50	668.50	620.50	446.50	471.50	623.50	769.00	877.00	1081.00	746.00	601.50	580.00	704.50	908.50	965.50	831.50	1053.00	1037.00	682.00	626.00	470.50	441.00	446.50	374.50	376.50	298.50	339.50	350.00	405.50	409.00	430.50	430.50	411.00	396.00	382.00	465.50	422.50	279.50	280.50	378.50	574.50	554.00	579.00	887.00	894.00	630.00	507.00	420.50	426.00	551.00	739.00	748.00	704.50	694.00	605.00	420.00	206.00	167.50	167.00	282.00	217.00	164.50	158.00	158.00	164.50	369.00	335.00	498.50	447.00	506.50	400.00	277.50	302.00	363.50	485.50	638.00	802.50	863.50	630.00	597.00	489.00	509.50	406.50	398.50	454.00	548.00	541.50	582.50	414.50	392.50	295.50	303.00	334.50	285.50	356.50	344.50	319.50	372.00	396.00	193.50	176.50	176.50	172.00	180.50	206.50	256.00	350.00	347.50	323.50	305.50	339.50	306.00	357.00	365.50	399.00	378.00	346.00	277.00	318.50	353.50	348.00	456.00	389.00	372.50	332.00	378.50	401.50	279.50	184.00	251.00	473.50	460.00	342.00	287.50	216.50	123.00	96.50	95.50	98.00	95.50	96.00	92.50	92.50	93.00	95.00	166.00	261.00
1338.50	1365.25	1239.75	1129.75	1113.75	1240.75	1300.00	1468.75	1244.75	1134.25	1181.50	1064.25	868.75	890.00	1098.00	1107.50	942.75	1227.25	1299.50	1138.25	1070.25	914.75	770.00	759.50	1073.75	1080.50	1220.00	1296.00	1378.25	1332.75	1182.00	1013.25	832.50	888.75	1079.50	1077.25	954.75	871.25	842.75	884.00	1005.00	990.00	695.00	640.00	668.25	665.75	733.00	839.00	916.75	947.75	1190.50	1322.00	1248.25	1354.75	1349.75	1304.25	1273.00	1308.00	1279.00	1203.50	1087.50	1123.25	1098.00	927.50	1102.75	1240.25	1083.00	1090.00	1130.75	985.00	945.25	1236.00	1248.25	1068.00	805.50	803.50	795.75	723.00	505.25	576.25	551.75	703.50	862.50	634.25	681.25	884.50	753.75	646.00	631.00	624.00	690.25	649.25	649.50	613.25	595.25	520.50	471.25	583.75	674.50	710.75	763.50	736.25	609.00	475.75	427.75	540.50	580.50	722.75	796.50	617.50	589.75	532.25	450.00	441.50	553.50	604.00	783.00	932.50	856.75	758.00	622.25	768.75	931.00	1054.75	1019.75	1131.00	1049.75	774.00	696.75	677.25	563.75	460.00	360.25	325.75	372.50	385.50	417.25	424.50	443.75	549.25	556.75	510.50	427.25	410.75	512.50	382.00	272.00	301.75	386.00	543.00	754.50	697.75	938.25	910.25	745.00	649.50	497.25	575.00	696.00	842.25	853.25	661.00	591.25	466.00	375.25	208.00	175.50	164.50	174.50	171.25	161.50	159.00	159.75	160.50	194.25	266.50	330.25	305.50	267.00	216.75	203.00	306.75	455.00	563.00	652.00	889.00	809.25	572.75	475.50	454.25	439.00	411.75	350.25	449.00	396.25	490.25	516.75	380.00	366.50	398.75	391.75	327.50	349.75	383.00	287.75	280.75	313.25	346.75	276.50	207.25	173.00	172.75	174.25	213.00	291.25	317.75	340.25	358.00	351.75	409.00	383.50	360.50	407.25	403.25	340.75	307.75	267.75	253.00	296.00	356.75	414.00	492.00	426.00	425.50	519.00	485.75	341.50	166.50	226.50	415.75	412.25	296.00	211.50	174.00	122.25	102.50	93.25	93.25	95.25	92.75	89.50	89.75	89.25	92.00	129.75	174.75
1408.00	1335.50	1119.50	974.50	1093.50	1130.00	1374.50	1531.50	1393.00	1396.50	1330.00	1178.00	1036.00	774.50	852.00	1056.00	905.50	1094.00	1238.00	994.00	884.50	837.00	737.50	767.00	905.00	1023.00	1088.00	1217.00	1451.50	1444.00	1186.00	993.00	981.50	849.50	1122.50	1189.00	1046.50	1077.50	1077.00	841.00	796.50	952.50	654.00	630.00	676.00	687.50	712.50	761.50	782.00	844.00	985.50	1011.00	993.00	1071.00	1047.50	1048.50	1171.50	1260.50	1449.00	1359.50	1131.00	1227.50	1116.50	1000.50	1183.50	1350.00	1306.00	1181.50	1216.50	1067.50	1051.50	1117.50	985.50	933.00	842.00	679.50	629.50	557.50	503.50	570.50	636.50	637.50	841.00	652.00	694.00	934.00	848.00	694.00	682.00	661.50	703.50	714.50	669.00	614.00	593.00	506.00	521.00	579.00	730.00	752.50	830.50	773.00	635.50	468.50	424.00	591.00	733.00	741.00	807.00	707.00	686.00	528.50	542.00	430.00	487.50	569.50	725.50	831.00	992.50	701.00	739.00	731.00	784.50	1045.00	1077.00	885.00	860.50	908.00	950.50	794.50	704.50	520.50	334.00	319.50	400.50	459.00	474.50	445.50	469.50	590.00	686.50	577.00	432.00	473.00	563.50	384.50	279.50	337.00	437.00	542.00	756.50	951.00	1003.50	1068.00	772.50	607.00	556.00	723.50	915.50	960.50	721.00	496.00	487.00	392.50	377.50	290.00	185.00	170.50	161.50	166.50	184.00	187.00	156.00	159.50	157.00	165.50	225.50	208.00	182.50	184.00	214.00	354.00	411.00	578.50	693.00	840.00	686.50	609.50	505.00	414.00	354.50	428.50	300.50	322.00	347.50	428.50	502.00	497.50	449.00	488.50	517.00	368.50	403.50	373.00	302.50	256.50	234.00	239.00	218.00	187.50	169.00	168.50	168.00	217.50	340.00	421.00	437.00	469.50	508.50	483.50	423.00	407.00	390.50	443.50	369.50	311.00	261.50	250.00	284.00	330.50	330.50	427.50	542.50	561.50	548.00	408.00	325.00	167.00	214.00	397.50	374.50	345.00	276.00	196.50	125.00	104.00	92.00	90.50	91.50	93.00	86.50	86.00	87.50	90.00	103.00	185.50
1362.25	1393.50	1162.50	961.50	1166.75	1349.75	1472.75	1294.25	1344.25	1475.75	1312.75	1156.00	973.00	777.50	772.25	891.75	845.50	1011.00	1253.00	1121.00	927.75	762.00	808.75	984.50	919.75	980.75	1125.25	1277.50	1339.75	1246.00	1085.75	951.75	886.25	802.00	1007.00	1161.50	1133.50	1175.50	1063.00	982.75	732.75	694.75	621.50	674.00	867.50	904.25	778.25	782.50	902.50	924.50	927.25	865.50	881.00	938.50	967.50	1086.00	1284.50	1352.25	1381.50	1475.00	1360.25	1310.75	1247.75	1262.00	1294.50	1309.25	1403.75	1477.50	1312.50	1170.25	1231.50	1084.25	1042.50	865.25	738.00	681.50	573.25	527.75	598.50	689.00	687.50	623.25	774.50	720.25	681.00	912.50	944.25	827.75	779.25	726.25	750.75	693.25	602.00	575.25	552.50	486.25	530.25	612.75	699.25	796.25	873.25	768.25	635.75	529.25	422.75	512.25	657.75	853.75	861.25	684.25	632.50	621.75	636.75	449.00	468.75	541.75	651.25	768.75	965.00	788.50	793.50	870.75	1018.50	1045.50	876.25	745.25	665.50	833.00	848.75	658.25	515.75	398.75	337.75	388.50	406.00	511.75	529.00	551.00	525.75	548.25	667.75	541.50	438.25	573.50	569.50	378.75	291.75	359.75	466.00	545.25	637.00	824.00	1132.75	1068.00	819.75	643.25	682.00	719.75	777.75	693.75	630.00	453.50	399.00	556.25	587.00	263.50	183.25	193.50	193.50	271.75	425.75	245.25	156.50	158.25	155.25	151.75	167.00	164.75	172.75	199.75	270.25	521.75	586.50	723.50	831.00	1015.50	910.00	833.00	634.25	465.50	335.25	325.25	281.25	309.75	436.00	545.75	416.75	474.25	399.50	375.50	364.75	364.75	408.00	400.75	316.75	258.75	226.75	264.50	215.50	191.50	169.25	163.75	163.75	196.75	305.00	363.25	391.50	558.25	594.50	454.50	348.00	358.75	392.50	487.50	419.25	342.50	320.25	286.00	235.50	270.50	338.00	423.25	526.50	582.00	526.25	451.75	314.50	179.75	163.50	303.25	272.75	326.25	311.75	206.75	141.25	112.25	89.50	87.75	88.25	90.25	86.50	84.00	84.75	86.25	93.00	131.50
1280.00	1373.50	1147.00	917.50	1203.00	1433.00	1255.00	1128.00	1304.50	1413.00	1170.50	998.00	920.00	791.00	735.50	773.50	957.00	1131.50	1231.00	1096.50	915.00	715.50	849.50	951.00	1155.50	1111.00	1405.00	1411.50	1192.50	1012.00	1202.50	1159.00	945.50	725.50	910.50	1087.00	921.50	1029.00	810.50	755.50	687.50	621.50	627.00	688.00	831.50	946.50	804.50	800.50	958.50	1163.50	1234.50	1014.00	1021.50	1063.50	1117.00	1213.00	1436.50	1496.50	1585.00	1365.00	1305.50	1449.50	1254.00	1265.50	1089.00	1083.50	1325.50	1520.00	1364.50	1359.00	1284.50	1263.50	1170.50	998.50	747.00	639.00	552.50	567.50	778.00	796.50	765.00	707.50	766.50	811.00	677.00	863.00	1013.50	937.50	918.50	788.00	758.50	728.00	665.00	672.50	608.00	515.00	556.50	640.00	742.00	832.50	892.50	819.50	743.00	571.00	448.50	551.50	601.00	746.00	873.50	779.50	722.50	681.50	625.00	484.00	446.50	529.50	608.00	696.50	848.00	942.00	965.00	956.50	1084.00	1121.00	1038.50	976.00	739.50	588.00	722.00	557.00	416.00	394.50	449.50	441.50	453.00	538.00	559.00	636.00	620.50	588.00	666.00	508.50	529.50	663.50	589.00	386.00	306.00	373.50	486.00	583.50	663.50	714.00	866.00	846.00	613.00	523.50	531.00	493.00	511.50	536.50	571.50	504.50	375.00	378.50	429.50	197.50	193.00	260.50	385.00	506.50	572.50	289.00	160.50	154.50	153.50	154.00	154.00	153.50	172.50	217.00	268.00	414.50	484.50	664.50	805.50	1088.50	952.00	722.50	542.50	510.00	382.00	300.50	271.50	310.50	424.50	424.50	365.00	395.00	355.00	290.00	288.50	344.50	305.00	281.50	257.50	294.50	317.50	349.50	228.50	190.00	167.50	162.00	160.00	197.50	286.00	347.50	476.50	537.00	420.00	332.00	298.50	368.50	400.50	508.50	496.00	450.50	333.50	280.00	208.00	227.50	337.50	406.00	422.50	556.50	439.00	358.50	313.50	179.50	148.50	223.00	202.50	254.00	296.50	240.00	183.00	122.50	107.00	86.00	85.00	85.50	86.00	82.00	82.00	80.50	85.50	105.00
1296.75	1364.25	1112.75	905.50	1153.50	1180.00	1047.25	1115.75	1334.75	1492.25	1213.50	1016.50	938.50	785.50	737.00	737.75	828.50	928.25	1081.00	1029.25	783.25	696.25	823.25	985.00	1279.25	1270.25	1396.25	1288.00	1077.25	943.00	928.50	1008.25	918.50	707.50	942.00	1101.75	860.25	967.25	911.25	687.75	600.75	618.75	652.75	724.25	835.75	898.50	885.75	791.00	884.25	1008.00	1102.00	1214.25	1278.50	1255.75	1326.25	1343.00	1356.75	1285.75	1382.25	1309.25	1125.25	1229.50	1108.75	1164.00	1026.00	1048.50	1206.75	1231.25	1317.00	1417.25	1267.50	1034.00	919.25	844.75	851.75	710.00	621.50	757.25	828.75	959.75	1037.75	888.75	810.50	855.75	706.50	824.25	1058.75	1074.75	1059.50	901.00	898.75	807.00	781.25	749.25	661.25	547.75	553.25	674.25	781.25	886.25	831.25	736.75	668.75	603.75	468.75	554.00	703.75	825.25	855.75	932.50	827.00	773.25	676.25	527.75	472.75	480.25	590.75	648.00	738.00	892.75	1041.00	1130.75	1180.00	1119.50	1057.25	873.25	742.75	559.50	511.75	460.75	365.75	460.75	552.75	537.75	527.25	575.00	662.50	657.75	720.00	705.75	637.25	620.75	680.00	569.50	487.50	350.50	356.25	374.25	388.50	493.75	607.00	660.00	788.75	629.00	709.75	524.00	483.25	485.50	472.50	380.50	492.25	516.50	385.75	281.00	222.50	227.25	271.50	381.50	456.00	675.25	613.50	328.00	178.00	153.00	150.50	156.50	155.25	151.75	155.25	190.75	224.50	441.75	604.25	785.25	928.00	993.50	890.50	598.50	469.50	443.25	376.25	292.25	261.75	269.25	313.75	331.75	404.50	425.50	310.00	258.75	268.25	340.75	296.25	341.75	321.25	344.50	357.25	286.00	199.50	185.00	181.00	164.00	158.25	257.00	416.25	538.25	614.50	455.00	327.00	275.50	359.25	368.75	368.00	484.00	518.50	399.75	287.25	258.25	200.50	214.00	310.50	287.25	374.25	436.25	419.25	302.50	239.00	171.75	144.75	156.75	178.25	219.00	251.25	274.50	177.00	146.25	120.25	85.75	82.50	82.00	82.75	83.75	79.75	77.00	81.25	94.00
1257.00	1396.00	1122.00	869.50	936.00	945.00	1138.50	1303.50	1419.00	1370.00	1159.00	992.50	876.50	928.00	843.50	702.50	702.00	763.00	896.00	993.50	751.00	703.50	860.50	1043.50	1108.00	1013.50	1273.50	1212.00	1248.00	1123.50	947.00	757.00	739.50	697.50	883.50	1028.00	792.50	905.50	776.00	598.00	666.50	762.00	661.50	726.50	807.00	908.50	970.50	876.00	825.50	876.00	979.00	1076.50	1152.00	1312.50	1526.50	1304.50	1136.00	1138.00	1122.50	1122.00	1000.00	996.50	1001.50	1145.00	1006.50	937.00	1201.50	1043.00	1182.00	1343.50	1142.50	858.50	775.00	743.50	668.50	602.50	680.00	815.00	854.00	1017.50	1260.00	960.00	902.00	925.00	738.50	766.00	939.50	979.00	1096.50	1134.00	1079.00	903.00	961.50	840.00	735.00	575.00	551.00	722.00	869.50	876.50	729.00	730.50	628.50	523.00	477.00	485.50	641.00	725.50	867.50	1019.50	989.50	839.00	657.00	623.50	537.50	476.00	607.00	656.50	699.00	731.50	857.50	1070.50	1086.00	919.50	795.50	861.00	742.00	525.00	466.00	388.00	410.50	426.00	550.00	628.00	593.50	637.50	759.00	754.00	813.50	744.00	707.50	802.00	806.00	612.00	456.50	375.00	438.50	471.50	469.50	487.00	637.50	684.00	740.50	608.50	593.50	639.00	744.50	760.50	638.50	436.50	307.00	293.50	264.00	214.50	218.50	288.00	365.00	520.00	674.50	752.00	641.50	461.50	186.00	158.50	150.00	148.00	148.00	151.50	147.00	153.00	170.00	302.50	452.00	609.00	707.00	735.50	798.50	653.50	383.50	313.50	324.50	268.50	248.00	293.00	320.50	393.00	481.50	447.00	323.50	249.50	251.50	340.50	340.50	363.00	385.00	349.50	312.00	248.50	204.50	227.00	209.50	173.00	156.00	199.50	318.50	495.50	503.50	439.50	281.00	252.00	331.50	298.50	323.00	436.00	496.50	404.50	325.50	320.50	217.00	182.50	218.00	228.00	294.00	331.50	269.00	222.50	192.50	157.00	141.00	139.50	154.00	174.00	226.00	227.00	185.50	185.50	136.50	94.00	80.50	79.50	78.50	79.00	81.00	77.00	74.00	83.00
1201.75	1186.75	1080.25	821.25	969.25	1101.25	1328.00	1329.50	1203.50	1088.75	1117.25	1077.50	1095.75	1091.50	1058.00	817.75	714.00	682.00	719.25	820.00	695.00	700.25	869.50	1000.00	898.50	1007.25	1153.00	1104.00	1149.75	1090.25	924.25	867.25	768.50	668.00	927.50	963.25	788.00	712.00	602.75	668.75	771.00	872.00	782.75	705.25	773.25	895.00	950.25	887.25	857.00	863.00	940.25	1018.25	1128.25	1435.75	1416.50	1168.00	1027.00	1015.50	1010.50	982.00	923.25	942.25	1074.00	1189.25	1039.25	875.00	968.75	998.50	1155.75	1246.75	1064.75	932.50	914.50	780.50	669.00	678.25	674.00	718.75	944.50	1061.50	1211.00	996.50	1046.75	880.75	800.75	711.75	840.25	1140.50	1183.75	1330.00	1139.75	945.00	852.75	752.75	643.75	569.75	561.00	690.50	880.75	883.25	876.75	873.25	734.25	580.50	471.50	482.25	630.25	672.50	791.25	956.50	1044.00	885.00	758.75	662.50	606.00	516.25	589.25	643.75	672.50	718.25	886.25	1006.00	837.75	773.75	707.25	699.25	577.00	461.75	417.50	540.75	522.75	431.25	510.75	594.75	702.75	743.50	845.00	968.50	972.00	823.25	810.50	696.75	639.00	515.75	438.00	420.75	551.75	595.75	505.50	516.00	556.00	613.75	663.00	564.50	430.75	649.25	720.50	533.00	465.75	532.75	389.25	269.00	237.25	231.75	245.00	381.50	522.75	656.50	835.50	975.25	772.50	480.25	254.25	198.50	153.00	152.50	150.50	145.00	147.25	144.75	145.25	216.00	284.75	396.50	472.50	556.00	738.50	657.00	395.00	307.50	283.50	242.25	284.75	384.25	388.75	421.75	383.00	376.25	311.00	242.75	232.50	297.50	324.00	372.00	325.25	278.00	248.50	237.00	267.75	272.75	214.25	178.25	154.00	157.50	235.75	312.25	318.00	260.50	225.50	276.25	279.50	299.75	312.00	419.50	414.00	325.75	262.25	262.75	209.00	172.25	195.00	241.00	303.00	336.00	299.50	248.75	212.75	163.00	133.00	133.75	163.25	202.50	226.25	226.25	150.00	147.75	134.50	97.50	78.75	77.25	77.25	74.75	77.00	78.50	72.00	76.00
954.25	892.75	1016.25	788.75	934.75	1051.50	1146.00	1023.00	979.75	914.50	1022.00	1161.75	1213.00	1024.00	904.50	840.75	792.25	772.00	703.50	648.75	642.75	751.75	922.00	822.50	1033.25	1087.25	934.25	1005.00	959.50	908.00	807.25	768.50	754.00	617.75	768.50	763.50	772.75	625.00	604.50	899.25	1029.50	968.25	910.50	868.75	728.75	715.50	760.50	853.75	941.75	971.25	1018.75	1115.00	1166.75	1297.50	1119.50	996.50	900.00	895.00	932.75	934.25	896.00	979.00	1181.75	1150.75	1125.25	952.00	874.25	988.25	1130.00	1141.00	1154.75	848.50	738.00	725.00	783.75	866.75	867.00	795.75	815.75	950.50	1216.00	1102.25	1118.50	992.25	977.00	763.75	835.50	1134.25	1295.75	1359.75	1203.25	991.25	779.50	735.00	711.75	616.25	589.00	735.50	940.25	927.25	803.50	711.50	611.00	520.50	543.50	471.75	507.25	587.25	650.00	778.75	857.00	940.00	905.00	761.25	650.25	531.00	624.75	703.50	855.50	908.25	857.25	837.00	737.25	627.25	571.50	554.00	496.25	440.75	565.25	688.75	596.25	466.25	556.00	555.25	722.50	823.50	1043.75	1151.00	1007.75	843.75	711.50	602.50	573.25	590.75	524.00	457.25	543.75	623.50	572.00	693.50	669.00	648.75	624.75	517.50	388.50	412.75	406.75	325.25	314.75	309.00	271.25	249.75	253.50	253.25	283.25	347.25	413.25	495.75	689.25	806.25	615.25	448.25	317.00	275.75	208.00	161.50	150.25	145.00	143.00	146.25	142.50	164.50	196.25	255.75	311.25	377.25	413.50	347.00	251.25	236.25	225.75	251.50	391.25	432.25	434.50	318.25	327.75	407.25	358.25	255.50	215.50	253.25	317.25	413.00	421.50	304.25	279.25	277.75	281.00	273.75	246.25	192.25	154.50	147.00	152.75	204.75	238.00	207.75	292.25	374.25	485.00	427.75	429.00	442.75	398.75	337.50	294.00	271.25	273.50	221.50	175.00	235.25	272.00	265.00	211.50	191.00	175.25	164.25	125.50	126.25	134.75	156.75	189.25	226.75	190.75	160.00	127.00	105.25	111.75	105.00	73.25	72.00	71.25	74.75	71.00	69.50
815.75	815.75	975.50	775.00	930.50	1014.00	1131.25	1064.75	952.75	869.25	1015.00	1125.00	1168.75	1026.25	975.00	837.75	854.25	863.00	786.50	705.25	630.50	763.00	851.75	805.50	956.50	1013.00	864.75	893.25	920.00	934.25	892.00	807.75	710.75	606.00	672.50	708.25	662.25	587.00	660.00	974.50	1172.00	1056.75	961.00	895.75	754.25	728.50	740.25	836.75	933.25	979.50	1015.00	1061.25	1109.00	1178.25	1072.25	936.00	852.25	848.00	912.75	879.75	911.25	1068.50	1235.00	1059.75	1065.00	950.25	883.75	1044.75	1184.50	1005.75	1120.00	819.25	733.75	816.75	797.25	883.50	925.50	892.00	787.00	927.50	1255.75	1162.00	1183.25	1021.75	918.50	803.00	845.50	1071.00	1165.50	1303.75	1298.50	959.75	828.25	819.25	765.25	631.25	605.50	750.00	969.50	915.75	801.00	701.25	602.75	627.75	620.50	493.25	491.75	572.75	629.75	774.00	923.00	1004.50	979.00	786.75	676.00	533.00	681.25	788.75	808.75	893.25	920.25	794.25	687.25	657.00	648.50	582.25	479.25	482.00	640.75	799.75	634.50	468.25	574.75	622.75	774.25	895.25	1134.75	1134.00	931.25	770.00	684.25	667.00	657.00	711.75	601.25	487.75	515.75	633.25	638.75	722.25	695.00	670.50	586.25	496.75	394.25	337.50	315.75	294.25	285.50	281.75	275.25	258.25	261.50	266.50	303.75	413.00	470.50	532.00	631.50	641.00	480.50	390.25	293.00	256.25	209.75	178.50	159.75	145.50	140.75	145.75	142.75	161.25	203.75	275.25	331.75	374.25	311.25	249.50	213.00	212.25	274.25	288.25	435.00	466.25	402.50	328.00	293.00	380.25	368.75	250.00	208.25	248.75	310.00	391.25	426.25	322.00	303.25	267.25	231.50	221.75	200.50	181.75	162.50	147.75	144.75	175.75	182.50	241.50	350.75	391.75	449.50	398.75	385.50	396.75	392.75	326.50	278.75	285.25	291.75	233.50	159.50	194.00	230.75	260.25	222.50	181.75	171.00	143.75	121.50	124.25	129.00	147.00	178.25	233.50	259.25	215.50	155.75	125.75	145.50	126.75	73.25	70.50	69.00	73.25	72.25	66.50
611.50	729.00	854.00	808.25	1049.25	1158.50	1260.75	1137.75	932.00	794.25	935.50	1077.00	1163.00	1330.50	1194.00	1036.75	1043.50	1021.00	1023.50	878.50	632.75	654.00	705.75	825.25	754.50	842.00	748.75	822.00	957.50	979.75	1008.75	944.00	800.00	644.00	584.25	594.25	560.75	579.00	693.25	807.75	933.25	1117.50	1087.50	937.75	820.25	848.75	806.75	811.25	841.00	880.50	910.50	985.00	1039.75	1121.25	1083.25	1038.00	978.25	893.50	828.25	779.75	944.75	1070.00	1239.75	1161.75	963.50	822.75	926.25	1118.00	1062.25	957.75	1090.75	858.00	922.75	895.25	959.25	955.50	1049.50	922.50	937.25	968.25	1261.75	1300.25	1339.00	1035.50	1025.25	948.75	1010.75	1058.25	1046.00	1128.25	1249.75	1080.75	1051.25	886.00	751.25	654.75	630.50	778.00	876.50	785.75	705.75	683.25	710.25	828.75	628.25	541.00	588.50	571.75	658.00	801.25	993.00	1198.00	1043.00	778.50	669.25	547.00	628.00	660.50	724.00	772.75	880.50	808.25	850.50	878.25	858.50	638.00	478.00	647.50	695.75	922.75	683.75	503.50	557.00	626.00	721.00	800.75	1016.25	1032.50	934.00	873.25	845.25	849.50	873.00	801.50	666.50	561.00	561.75	623.75	788.50	718.75	614.25	529.50	434.00	391.50	424.00	411.50	360.00	336.50	376.25	408.50	399.75	312.00	283.25	294.00	364.00	531.25	652.25	836.25	808.75	590.00	410.50	342.50	278.00	237.00	237.75	240.50	164.25	158.00	156.25	137.25	140.00	155.75	292.00	592.75	603.75	540.00	323.50	197.25	229.00	265.25	294.75	339.25	411.25	373.50	302.00	238.75	284.50	347.00	292.75	218.75	198.50	237.25	287.00	368.25	421.50	350.75	276.50	249.75	216.50	206.00	250.75	301.50	216.00	143.75	139.50	142.25	172.25	249.25	358.00	329.00	288.00	312.50	346.75	377.75	316.75	259.00	226.50	216.75	229.50	207.50	153.50	153.25	182.00	256.25	267.00	261.25	283.00	190.50	130.75	117.25	122.25	152.50	195.75	257.75	353.75	333.00	198.75	152.25	138.75	125.25	77.50	67.75	66.50	66.75	73.00	62.75
668.25	725.50	874.75	832.25	1028.25	1128.50	1256.25	1168.50	1004.50	795.75	885.50	979.25	1091.75	1249.00	1104.00	1085.25	979.50	990.25	961.25	812.75	627.00	612.25	646.50	716.00	706.00	772.25	785.25	915.00	889.00	818.00	882.25	825.00	753.75	734.00	613.25	554.25	544.75	614.75	680.75	778.75	900.00	1019.75	1048.25	938.00	984.00	904.50	930.50	956.50	971.00	982.75	1079.00	1088.00	1181.00	1253.50	1235.75	1226.00	1144.25	1034.00	925.75	816.00	873.75	1042.50	1176.75	1082.50	937.75	764.75	899.50	963.25	934.75	973.50	1036.50	1051.25	1079.00	979.75	1058.75	1127.50	1159.50	1082.75	1096.00	1125.00	1219.25	1167.00	1232.25	1157.25	1187.00	1115.50	1188.00	1229.00	1275.50	1259.75	1271.50	1201.50	1075.75	872.00	738.50	680.75	669.00	834.25	883.25	832.75	770.50	731.00	729.75	799.00	620.00	650.75	719.25	612.50	625.25	808.75	997.75	1185.75	998.25	781.75	645.75	623.75	680.25	741.50	758.25	825.00	990.75	958.50	1012.00	843.75	786.00	625.00	492.75	681.50	768.25	942.50	674.00	518.75	590.50	654.50	768.75	812.50	1067.00	1087.50	1016.75	1064.25	981.25	980.50	962.25	848.25	733.50	710.25	767.00	736.75	768.75	673.75	583.50	483.25	434.25	502.25	550.00	451.75	402.00	448.50	539.25	596.00	553.00	432.25	336.75	308.50	405.00	639.00	764.25	945.00	958.25	681.00	507.50	391.25	309.50	303.25	293.50	223.00	171.00	172.00	165.00	141.25	137.50	165.75	349.00	556.50	481.25	378.00	232.25	259.25	328.75	347.75	362.00	420.75	411.00	336.75	256.50	210.25	279.75	287.00	223.25	195.75	200.50	236.25	276.00	324.00	364.25	382.50	313.75	280.75	250.00	239.00	264.75	293.75	242.25	170.25	141.00	137.50	149.75	196.50	254.50	303.50	362.25	459.50	465.75	487.25	357.50	322.00	257.25	224.00	194.00	185.00	154.75	141.50	161.75	212.25	271.25	262.00	254.75	213.00	145.00	112.50	117.50	165.50	206.00	243.50	364.50	329.25	195.50	147.25	113.25	100.00	74.25	66.50	64.75	64.00	68.00	61.25
749.50	719.75	890.00	800.50	1006.75	1105.75	1248.00	1184.75	1046.50	821.75	772.25	911.25	1046.25	1100.75	968.00	1047.25	922.75	844.00	868.25	766.75	624.25	593.00	628.50	705.75	693.00	739.75	866.75	953.00	832.00	697.50	795.00	690.50	699.25	723.75	614.50	535.25	553.75	622.75	664.50	768.75	872.00	951.25	1004.75	1003.25	1197.75	971.50	1045.25	1143.00	1132.00	1088.50	1237.25	1187.00	1322.00	1347.25	1433.75	1375.75	1294.25	1145.25	1028.00	876.50	813.00	965.00	1055.00	963.50	841.25	732.00	860.50	848.00	859.25	1005.00	1030.50	1258.00	1264.25	1136.50	1179.75	1210.50	1191.25	1243.00	1143.25	1197.50	1139.50	1043.00	1138.00	1324.50	1312.25	1275.00	1258.25	1356.50	1451.75	1286.50	1154.75	1127.00	968.75	814.50	749.50	721.50	690.25	813.75	946.00	943.00	775.00	731.00	768.00	730.25	635.50	776.75	823.25	717.75	605.75	755.50	909.25	1084.75	954.25	724.75	611.50	753.25	731.25	897.75	811.25	844.25	1093.00	1138.50	1036.75	790.25	722.75	617.50	510.75	690.50	790.50	910.25	629.25	528.50	601.50	677.00	849.25	911.75	1130.50	1160.50	1096.75	1230.75	1082.50	1089.50	989.25	937.00	806.75	867.25	1023.75	859.75	700.75	615.50	513.00	444.50	521.00	633.50	584.00	437.50	459.25	621.75	774.50	821.75	774.75	588.50	420.75	323.75	421.75	695.75	889.50	1063.25	978.75	730.25	614.00	482.50	365.75	382.75	310.50	217.25	185.25	183.00	179.25	152.25	136.00	189.50	338.25	361.25	278.75	202.75	203.25	310.25	388.50	432.25	481.25	489.50	394.25	315.50	235.50	192.00	259.75	232.75	174.75	189.75	205.50	234.25	255.50	279.25	335.75	411.75	378.50	315.00	296.75	279.00	263.25	241.25	254.75	188.75	182.50	160.25	135.25	150.25	208.50	341.75	465.75	620.00	641.75	608.50	419.00	389.00	281.50	237.00	204.25	194.25	161.50	137.50	142.50	186.75	257.50	234.00	198.75	202.00	162.50	108.75	110.25	161.50	188.00	204.50	314.25	274.00	182.25	139.50	96.00	79.25	69.75	65.25	63.00	62.00	62.25	60.75
706.25	712.00	867.25	750.50	972.00	1049.00	1087.25	1119.25	1025.00	820.50	732.50	834.75	964.25	1020.50	871.75	1035.00	1005.00	866.75	801.75	720.25	608.25	585.50	652.75	813.50	804.50	842.50	918.25	879.00	787.50	710.50	724.00	630.75	590.00	582.25	546.00	566.50	665.25	711.75	729.00	752.00	866.25	1008.25	1153.50	1106.25	1330.25	1044.50	1046.25	1181.50	1230.75	1294.50	1328.75	1314.75	1464.25	1502.50	1626.00	1483.00	1320.00	1181.50	1026.50	947.00	762.25	847.50	843.50	816.75	773.75	749.00	874.00	944.75	1020.50	1087.50	1122.75	1175.75	1232.50	1126.75	1186.75	1138.00	1058.75	1183.75	1006.00	1110.00	1041.25	993.75	1147.50	1274.75	1211.00	1138.50	1102.50	1310.75	1415.25	1320.25	1093.50	1076.75	883.00	878.75	950.00	841.25	738.00	816.50	1008.00	1005.50	821.25	773.50	781.75	705.50	679.00	880.75	955.25	742.25	653.50	829.00	857.25	996.25	946.00	690.50	665.25	818.00	852.50	982.25	917.50	956.00	1096.25	1129.25	945.25	808.25	734.00	597.00	576.50	707.50	787.25	858.00	604.75	594.75	693.75	738.75	887.00	972.00	1124.25	1278.25	1259.50	1352.25	1211.50	1103.00	1017.00	1044.50	900.00	944.75	1098.25	862.00	726.50	610.50	529.50	496.25	650.75	720.25	558.00	498.25	557.75	724.00	929.00	1096.00	976.75	673.50	491.00	350.50	411.75	738.00	903.00	1076.25	1040.25	915.25	799.50	642.00	419.75	378.00	292.25	240.25	202.50	212.50	261.25	226.75	151.50	178.00	221.75	215.25	203.75	192.50	261.75	330.00	414.25	522.50	518.50	420.75	328.50	272.00	217.25	177.25	222.25	193.50	164.75	184.25	203.50	249.50	333.50	326.00	345.00	461.50	524.25	420.00	357.25	329.00	275.50	235.50	221.00	204.25	242.75	220.50	155.25	134.25	181.50	318.75	419.25	512.00	563.25	492.25	345.00	375.50	316.25	279.25	284.50	257.75	192.75	158.50	134.50	166.50	234.50	217.00	183.50	155.75	147.75	105.75	103.00	127.75	139.25	159.00	221.75	211.00	162.25	136.50	93.00	75.50	68.75	64.25	61.00	60.00	61.00	59.25
622.25	759.75	857.75	736.25	952.25	953.75	886.50	1062.50	1078.00	853.75	741.50	722.75	877.50	943.25	776.50	1028.25	1061.50	932.00	769.25	644.75	581.75	579.50	701.00	855.00	971.75	997.75	981.00	851.25	744.00	756.00	651.50	559.50	513.00	521.00	541.50	709.00	813.00	885.25	898.50	888.25	959.25	1088.50	1311.50	1207.00	1388.25	1121.00	1046.75	1129.75	1270.50	1444.50	1526.25	1526.75	1566.75	1614.50	1659.75	1498.25	1340.75	1197.00	1020.25	963.75	733.00	694.50	702.00	742.00	803.50	846.00	987.00	1076.25	1154.50	1060.25	1111.50	1013.00	1123.50	978.00	1094.00	1057.25	950.50	1036.00	897.75	1027.50	935.75	959.00	1077.00	1088.00	1034.00	992.50	1078.25	1274.50	1386.25	1415.75	1142.25	1184.75	902.50	997.00	1114.25	917.25	805.50	873.00	1038.25	1063.25	975.00	870.50	830.00	750.00	747.00	899.00	1058.75	772.50	726.00	930.00	870.25	965.75	930.50	698.00	704.75	784.50	888.25	964.00	1025.75	1164.50	1204.50	1130.75	1004.50	913.50	841.00	607.50	630.25	799.25	837.75	860.75	616.25	674.50	857.25	910.25	987.00	1019.50	1179.75	1374.75	1507.75	1576.75	1416.50	1116.25	1093.75	1175.50	1027.50	1078.50	1029.75	814.25	728.00	610.25	582.00	553.75	772.75	802.75	571.00	617.00	668.00	792.25	1022.50	1251.50	1045.25	715.00	569.50	376.25	416.75	716.75	798.50	967.00	1121.00	1126.75	975.25	758.25	444.75	350.25	295.75	273.25	221.75	277.25	377.25	300.25	225.00	143.50	140.25	148.00	169.50	217.00	290.25	369.25	489.50	615.25	515.00	377.00	282.00	243.00	198.00	164.50	193.75	172.75	156.00	180.00	202.50	258.50	387.25	384.25	361.50	469.50	621.50	563.75	432.25	373.50	283.75	253.25	207.75	217.50	263.00	257.50	194.25	136.00	129.00	213.75	297.00	309.00	328.75	296.00	253.75	319.50	341.00	352.75	342.00	274.00	208.00	174.50	132.00	137.00	204.50	222.00	182.00	148.50	135.25	106.50	97.25	103.00	108.00	127.00	168.75	169.00	134.00	127.50	88.50	71.00	67.25	63.75	59.00	58.00	60.00	57.25
627.75	748.25	855.50	692.00	860.75	815.50	885.25	1008.75	1110.00	990.00	783.50	670.75	742.50	872.50	735.50	975.25	1021.25	864.00	720.50	609.25	566.00	621.50	785.75	845.25	960.75	956.25	920.75	918.00	777.75	662.75	589.00	505.25	534.50	661.25	702.00	735.50	791.25	968.75	1055.25	1049.75	1051.50	1103.00	1247.75	1168.25	1270.50	1207.25	1170.25	1231.50	1349.00	1477.75	1585.75	1517.00	1471.50	1453.75	1468.00	1331.50	1312.25	1204.00	1050.00	928.25	715.00	684.75	871.25	914.75	941.00	979.50	1000.50	1080.25	1076.00	926.50	992.25	975.00	1018.75	909.50	963.00	914.50	841.50	878.00	846.00	906.75	869.00	905.25	948.75	977.25	956.00	961.25	1052.50	1225.25	1363.00	1387.25	1253.00	1200.25	967.75	1096.50	1139.75	955.50	914.00	1021.25	1125.25	1082.75	959.25	937.75	925.75	888.00	844.75	944.00	1139.50	945.75	883.75	962.50	965.25	991.75	937.25	739.50	749.00	790.00	910.50	1022.75	1232.25	1233.00	1281.75	1197.75	1097.50	981.00	849.50	688.75	695.00	799.25	846.50	906.25	769.50	749.25	879.25	959.00	1129.25	1202.00	1346.75	1375.50	1526.75	1614.25	1483.00	1306.50	1345.00	1351.75	1190.25	1105.50	985.00	896.50	750.00	656.75	674.50	610.00	843.50	875.50	642.75	830.75	854.25	985.50	1059.25	1050.75	952.25	779.50	637.00	392.00	435.50	618.50	719.75	833.50	967.00	1109.25	919.75	688.25	452.00	359.00	316.50	280.50	261.75	402.25	561.00	488.00	441.00	143.00	132.25	140.25	140.50	177.50	242.25	393.00	550.75	630.00	469.00	375.75	284.00	247.50	190.50	154.50	200.50	209.00	149.00	179.50	218.75	287.50	392.25	452.00	446.25	585.50	730.00	741.25	528.75	438.25	325.00	296.75	255.50	232.25	238.25	225.50	194.75	149.25	127.75	138.25	170.50	191.00	217.00	214.25	209.50	232.25	281.00	360.50	305.00	275.25	240.75	198.00	142.50	122.50	172.75	217.75	190.25	152.50	136.25	103.75	95.50	97.25	101.25	117.75	163.25	149.75	110.75	101.50	80.25	68.50	65.00	63.75	58.25	56.00	56.75	55.00
643.50	697.00	873.25	654.00	694.75	730.25	967.75	947.75	1079.25	1029.50	837.00	681.75	647.75	815.00	705.25	865.50	936.75	793.50	643.75	566.00	561.25	696.00	865.00	892.25	832.00	816.00	781.50	899.25	837.75	599.00	511.50	503.00	587.25	759.00	828.25	742.00	709.00	921.25	1075.25	1148.75	1163.25	1049.75	1029.50	999.75	1173.00	1259.25	1263.75	1376.00	1388.75	1445.50	1454.50	1340.75	1331.50	1266.75	1294.00	1185.25	1184.50	1179.50	1075.50	927.75	680.75	732.25	981.50	1008.50	962.75	993.00	936.00	1025.50	968.50	831.25	861.25	908.75	854.00	826.50	806.50	778.75	764.00	795.25	838.75	844.50	868.25	895.75	920.00	984.50	961.50	963.75	985.25	1100.25	1243.75	1277.75	1314.50	1209.25	1052.00	1194.25	1143.00	1055.25	1013.25	1098.50	1141.00	1027.75	848.75	868.00	911.75	955.00	949.50	1068.25	1152.25	1032.50	1067.50	1070.25	1102.50	1043.25	924.75	802.50	824.00	874.75	1061.50	1226.75	1396.75	1237.75	1195.25	1166.50	1087.25	1017.75	889.50	777.75	792.25	831.75	825.50	983.00	953.50	821.50	882.00	923.00	1238.50	1395.00	1397.00	1307.75	1439.75	1419.75	1391.00	1404.50	1606.75	1450.75	1244.75	1015.75	966.00	1013.50	842.75	747.00	780.25	681.50	880.00	925.00	767.75	1006.25	960.25	1081.00	1023.25	874.75	818.50	765.00	613.50	415.75	492.25	558.00	657.00	694.00	783.00	976.75	817.25	600.25	457.25	381.50	318.75	274.25	307.50	490.50	737.50	710.75	587.50	165.50	130.25	138.25	135.00	134.25	223.75	407.75	554.25	558.00	418.50	350.50	260.75	230.25	179.50	143.50	198.25	244.00	142.50	171.75	222.75	284.50	423.75	529.75	578.00	748.00	803.00	838.75	579.75	497.25	377.25	328.00	286.50	247.50	214.50	192.50	176.75	154.50	131.00	121.25	120.00	126.50	152.75	167.25	182.25	208.00	278.75	344.00	256.75	268.50	247.25	208.50	147.75	114.25	143.25	182.00	175.50	140.00	122.25	94.50	93.25	93.50	96.25	107.25	141.75	124.75	105.00	85.25	74.00	67.50	63.75	62.50	58.25	54.00	53.50	53.25
575.50	766.50	859.00	629.00	697.00	814.25	1001.00	822.25	885.50	1048.00	926.25	769.25	619.00	763.50	714.25	708.00	780.50	699.50	565.50	554.00	641.25	816.75	959.50	1040.00	813.50	695.75	704.50	725.75	733.50	626.00	486.25	511.75	650.00	801.25	862.75	1041.75	840.25	813.25	918.25	1097.25	1034.50	853.50	986.25	1167.00	1230.75	999.50	1072.75	1222.25	1178.75	1286.00	1366.75	1134.25	1106.25	1104.50	1083.00	1012.75	970.75	1056.25	957.50	871.75	635.50	682.75	899.75	853.00	803.50	845.25	835.75	928.50	915.75	734.25	883.25	703.50	703.50	733.50	794.25	828.25	898.25	995.50	1010.75	907.50	1063.25	1109.50	1136.75	1141.50	1118.00	1080.50	1108.25	1107.25	1121.75	1270.00	1385.50	1224.25	1232.50	1361.50	1284.25	1256.75	1135.75	1010.75	962.75	881.75	997.75	906.25	836.25	841.00	893.75	911.25	912.25	1008.75	1125.00	1093.25	1204.00	1109.75	970.25	1022.75	967.75	1017.25	1117.50	1305.75	1201.00	1154.00	1050.50	1036.25	972.25	1020.50	1044.75	872.00	972.25	1061.00	975.25	1144.25	1057.25	922.75	978.50	1161.75	1287.25	1360.00	1189.00	1151.75	1300.25	1164.75	1190.00	1361.25	1629.00	1359.25	1128.75	939.25	907.50	967.50	1095.25	969.00	945.75	846.50	971.25	1009.75	1015.00	997.25	795.25	744.50	743.50	725.50	620.50	530.25	455.50	482.00	519.00	640.25	652.75	725.75	876.50	990.25	885.50	700.50	528.25	482.75	339.50	306.25	460.00	678.25	775.75	570.50	413.75	283.50	268.25	133.00	134.75	130.50	171.75	295.50	404.00	416.50	288.00	295.25	261.25	283.50	187.25	131.75	176.50	209.50	134.25	164.25	195.50	312.00	595.00	611.00	545.00	575.75	667.50	871.50	778.00	720.75	515.25	400.75	300.25	259.25	221.75	189.25	172.75	153.75	133.75	118.25	115.50	115.00	118.25	163.25	213.25	213.00	236.50	289.50	224.00	187.50	165.25	153.00	130.25	109.50	125.00	152.25	173.50	160.25	134.50	88.75	88.50	89.00	90.50	90.25	89.75	88.00	91.00	76.75	71.50	69.00	73.25	60.00	58.50	53.00	50.75	50.50
570.50	755.50	833.50	610.00	736.50	831.50	996.00	808.00	851.50	1041.50	936.50	797.50	628.50	747.50	714.00	680.00	727.50	688.50	542.50	563.00	664.00	865.50	1037.50	1019.50	782.50	696.00	701.00	702.50	700.50	586.50	483.50	517.50	671.00	892.50	893.50	1109.00	880.50	868.50	990.00	1066.50	934.50	804.00	1067.50	1261.50	1249.50	978.00	1022.50	1156.00	1130.50	1284.00	1361.50	1105.50	1042.50	1087.50	1033.00	975.50	937.00	1022.00	899.00	821.00	626.00	660.00	881.00	794.00	773.00	827.50	802.50	885.50	892.00	735.50	877.50	685.00	713.00	758.50	856.50	885.00	964.00	1063.50	1072.00	928.00	1132.50	1167.00	1216.50	1224.00	1173.00	1123.50	1141.50	1150.00	1155.00	1264.50	1446.50	1256.50	1236.50	1400.00	1363.50	1319.00	1161.50	1048.50	1028.00	909.50	1087.00	950.50	856.50	786.00	867.00	825.50	849.00	1031.00	1153.50	1018.00	1148.50	1167.00	1056.50	1082.50	1008.50	1089.00	1085.50	1248.00	1145.00	1156.00	1079.50	1113.50	984.50	946.00	990.50	910.50	1049.50	1103.50	1011.50	1169.00	1108.50	964.00	985.50	1207.50	1341.50	1362.00	1154.50	1117.00	1236.00	1121.50	1152.00	1375.50	1641.00	1348.00	1105.00	919.00	895.00	972.50	1192.00	1029.00	999.00	900.50	1010.00	1031.00	1079.50	1038.50	813.50	660.50	643.50	623.50	561.00	484.00	453.00	523.50	509.50	721.50	717.50	753.50	944.00	1031.50	897.50	701.00	527.50	494.00	347.50	313.50	506.00	743.00	796.50	594.00	453.00	355.00	350.00	130.50	134.50	130.50	141.00	250.00	386.50	363.00	254.00	260.00	277.00	300.50	185.00	127.50	175.00	188.50	133.50	164.00	204.00	334.00	644.00	615.00	491.00	529.50	714.00	890.00	900.00	733.50	584.00	424.00	306.50	276.50	227.50	185.50	168.00	153.00	134.50	118.00	114.50	114.50	115.00	165.00	206.00	188.00	226.00	300.00	228.00	177.00	158.50	141.50	125.00	107.50	125.50	149.00	169.50	164.50	144.00	90.00	88.00	88.00	89.00	88.00	85.50	83.00	85.50	74.50	71.00	69.50	74.00	59.00	58.50	53.00	50.00	48.50
583.00	585.00	655.75	565.25	703.75	795.75	912.50	850.25	829.50	955.25	820.75	763.50	607.50	807.75	726.00	614.50	598.50	583.75	526.25	636.25	808.50	841.50	932.75	897.75	810.00	844.50	698.25	631.00	633.50	627.25	492.50	553.00	711.50	828.00	995.25	1148.25	979.25	1010.25	1106.25	1083.25	875.75	779.25	1094.00	1195.75	1096.75	1038.50	887.50	962.00	1079.50	1206.00	1200.25	1066.75	936.00	928.00	896.50	910.25	808.00	866.25	758.50	691.25	586.50	626.50	796.25	714.25	721.25	778.00	776.75	764.75	791.25	696.00	743.75	744.00	841.50	826.50	917.00	1025.25	1156.50	1302.00	1116.50	1062.25	1067.75	1156.50	1239.25	1378.00	1264.00	1307.50	1230.50	1230.00	1290.75	1336.25	1463.75	1444.50	1382.75	1538.50	1366.50	1350.50	1279.50	1223.75	1023.00	1080.75	1138.00	1065.25	901.75	726.50	796.00	898.75	971.25	957.50	1022.75	988.75	1149.50	1097.75	1088.25	1229.25	1162.75	1217.75	1159.25	1237.50	1251.25	1333.75	1186.00	1292.75	1070.50	885.50	838.00	921.50	1042.75	1314.25	1275.25	1236.75	1189.25	1138.00	1111.25	1225.00	1396.00	1449.00	1243.75	1099.00	1062.00	1024.75	1146.25	1323.25	1504.00	1341.00	1064.00	890.50	838.00	955.75	1155.00	1162.50	1140.50	1088.75	991.50	897.50	1070.25	1101.25	840.25	799.00	752.00	640.00	575.75	519.50	620.75	684.75	535.00	855.50	776.00	923.00	1018.25	882.75	712.75	615.00	538.00	406.75	377.50	439.75	539.00	564.75	644.00	659.75	709.00	567.50	430.25	158.00	125.75	131.25	127.25	156.50	188.75	251.50	298.25	229.50	199.00	177.25	151.25	119.50	163.00	157.25	127.50	173.25	217.25	374.00	625.25	501.25	405.75	576.75	600.50	700.00	808.50	859.00	613.75	454.00	410.50	312.00	233.75	197.00	173.50	153.50	134.25	119.00	111.50	111.50	113.00	129.50	148.75	174.50	280.75	367.25	255.00	209.75	171.00	144.00	118.50	102.00	120.25	145.25	149.00	128.50	124.00	84.25	84.50	85.25	84.50	83.75	81.50	78.75	74.25	70.75	66.25	63.50	60.50	55.00	56.75	54.25	48.50	47.25
616.00	532.00	532.50	553.25	704.25	713.50	874.75	797.00	717.25	779.00	717.25	596.50	587.50	795.50	766.75	702.50	653.25	534.75	517.75	606.25	743.75	894.75	1064.75	1062.25	1089.75	979.25	906.75	874.00	717.00	521.00	472.00	608.75	888.75	944.75	1067.75	871.00	744.00	736.00	813.00	771.50	716.00	900.00	1076.25	1120.75	907.00	991.25	782.50	891.75	961.00	981.25	1010.50	973.75	859.75	744.75	721.50	773.75	791.00	719.25	810.25	795.75	571.75	592.75	667.75	675.50	683.75	680.25	723.75	687.75	660.50	684.00	765.25	918.00	1048.00	1001.75	916.50	1077.00	1300.00	1413.00	1284.75	1362.50	1170.75	1201.00	1352.75	1413.75	1527.75	1425.25	1426.25	1339.00	1504.50	1614.00	1553.00	1266.50	1368.00	1441.75	1272.50	1158.00	1272.25	1329.75	1311.25	1298.00	1195.00	1037.25	866.50	737.50	757.00	852.00	816.25	814.75	829.00	891.75	923.50	1060.00	1273.25	1321.25	1461.00	1436.75	1453.50	1427.25	1442.50	1421.75	1416.50	1343.25	1154.25	951.00	799.00	954.75	1137.25	1358.75	1425.00	1487.25	1402.00	1294.00	1187.75	1103.50	1387.75	1272.50	1241.00	1211.25	1051.75	935.25	1054.75	1144.00	1214.50	1196.50	1081.25	948.75	844.00	821.25	941.25	1119.50	1090.50	977.00	851.75	852.00	914.50	1012.50	1043.75	911.25	819.25	748.75	758.25	671.00	727.75	760.00	652.50	962.75	907.50	949.00	790.25	658.00	584.75	558.25	487.00	533.25	694.25	714.00	409.50	397.75	343.00	424.75	485.75	468.75	374.25	227.50	132.00	132.00	125.50	124.00	123.25	189.25	402.25	297.00	145.50	131.50	114.50	108.50	115.50	117.75	128.00	179.50	239.75	375.50	347.25	298.00	309.00	372.50	394.50	495.00	526.25	657.50	772.50	665.75	517.50	407.50	348.50	275.50	215.75	173.25	167.00	126.50	113.25	108.50	108.25	112.00	129.25	157.00	249.75	300.25	295.25	292.50	214.00	159.00	115.50	95.50	112.00	137.50	150.25	115.00	97.50	80.00	77.25	79.75	80.25	79.00	76.75	75.75	71.75	69.25	65.75	62.25	57.25	54.75	52.75	53.00	48.25	44.00
641.75	545.50	525.75	543.00	632.50	662.00	856.50	778.50	676.75	704.75	622.75	558.75	618.00	738.50	687.00	650.00	616.50	523.75	523.75	643.00	782.00	936.25	1069.00	1144.75	1157.25	1059.00	1024.75	916.50	746.25	527.75	468.00	565.25	746.75	758.25	893.25	872.75	814.25	701.50	743.50	673.75	721.50	893.75	912.25	1007.00	810.50	889.50	744.50	810.50	848.75	861.25	989.25	959.75	844.00	714.00	673.25	713.25	770.25	722.75	716.75	767.00	571.25	566.25	590.00	595.75	608.75	617.75	642.25	647.75	651.25	750.25	845.25	1038.00	1143.50	1096.75	954.50	1029.75	1222.50	1361.50	1452.25	1461.00	1205.25	1234.75	1408.00	1417.50	1627.75	1539.50	1589.50	1423.00	1601.25	1655.50	1481.00	1245.25	1348.75	1382.50	1154.75	1074.25	1141.25	1315.25	1421.50	1337.00	1260.75	1095.00	901.00	749.00	711.50	746.50	744.25	906.75	919.00	878.00	923.75	1053.00	1254.25	1420.00	1486.75	1358.25	1467.75	1560.75	1303.75	1357.50	1438.75	1317.75	1098.75	916.75	788.75	960.75	1223.25	1378.00	1279.50	1435.75	1466.75	1314.50	1218.75	1090.50	1239.75	1165.50	1142.50	1142.75	1065.25	888.75	973.75	1004.25	1133.50	1096.00	1091.75	1041.25	895.75	801.00	934.50	1039.75	1004.00	934.25	816.25	878.50	998.00	987.25	1083.25	923.50	937.75	812.50	812.75	733.00	734.00	848.75	726.50	1039.25	1059.50	1008.75	797.75	776.25	693.00	715.75	588.75	652.25	834.00	660.00	363.75	327.25	287.00	353.50	328.50	349.50	302.75	187.75	133.00	128.75	124.75	123.25	122.50	173.25	380.50	274.75	143.75	125.75	109.75	104.50	104.75	107.25	116.75	178.00	225.00	271.75	235.75	245.75	277.00	321.75	352.00	415.50	513.50	654.25	837.50	632.25	463.50	392.25	336.00	293.00	243.75	195.00	180.00	142.50	121.00	108.75	106.50	107.00	117.25	139.25	202.50	257.25	259.75	255.25	209.50	154.00	108.75	94.25	108.50	123.50	143.25	119.75	100.25	78.00	74.25	76.25	77.25	76.50	74.75	74.00	71.00	69.00	65.25	62.00	57.25	56.00	52.50	52.25	48.75	43.25
700.00	596.00	515.25	509.50	541.25	621.00	699.75	598.50	567.75	546.25	541.00	570.00	612.75	685.75	633.00	636.25	594.50	518.00	545.25	709.75	868.50	1033.75	1181.75	1255.75	1190.50	1111.25	970.00	881.00	767.50	528.25	461.25	488.00	614.00	836.25	909.00	1034.50	855.25	673.25	640.50	798.25	1000.25	957.25	730.75	822.75	718.50	706.50	649.75	682.50	739.50	817.50	947.50	923.25	832.25	792.50	756.75	662.50	642.00	654.75	565.25	568.00	573.50	671.50	719.00	738.25	692.50	637.25	625.25	714.25	815.25	940.25	1006.75	1144.25	1232.25	1283.25	1132.75	1076.75	1328.25	1414.00	1622.75	1577.75	1440.50	1349.25	1421.50	1567.50	1755.50	1728.75	1624.00	1634.00	1445.75	1452.50	1405.75	1121.00	1235.75	1385.75	1237.50	1011.50	1007.75	1115.00	1315.75	1269.25	1059.25	991.00	884.25	795.75	679.50	748.75	894.25	1024.25	1205.25	1141.25	1090.25	1059.75	1189.00	1488.00	1514.75	1267.50	1241.00	1512.75	1133.00	1049.25	1280.00	1275.25	1193.50	1053.25	822.50	839.25	1030.25	1042.00	994.75	1145.25	1413.50	1399.75	1190.25	1116.00	989.75	963.50	930.00	933.50	909.25	799.00	799.00	851.50	936.50	946.75	1122.00	1148.50	1099.50	861.75	793.75	809.25	745.00	759.75	961.75	1125.25	1051.75	1249.75	1175.25	1084.25	1100.25	985.25	987.25	887.00	901.25	1029.00	971.50	805.25	915.25	1017.00	1083.75	966.25	914.75	956.00	800.75	843.25	679.00	496.00	482.50	465.25	326.00	255.25	241.75	197.75	182.50	165.25	140.25	123.25	127.00	124.25	121.00	121.25	341.75	260.50	129.00	111.75	105.00	104.50	102.25	100.25	103.50	133.50	146.75	196.00	271.00	364.00	395.75	501.50	452.50	544.25	602.75	690.75	897.50	671.00	458.00	389.00	315.50	271.50	240.00	190.50	190.50	165.25	143.00	120.00	108.00	100.75	101.75	110.75	153.50	245.00	259.00	192.75	177.50	132.75	97.50	94.75	111.50	115.25	149.00	158.00	128.25	85.00	83.00	76.50	70.50	71.75	71.75	70.50	68.50	67.25	63.75	61.25	57.25	54.25	50.25	50.50	48.50	43.50
693.25	643.25	585.75	536.75	520.50	579.75	591.75	539.00	515.25	535.50	603.75	614.25	690.25	809.75	734.00	719.00	660.25	564.25	536.00	711.75	887.00	1059.50	1142.75	1136.00	1044.50	930.50	840.75	787.00	693.25	474.75	455.00	532.25	709.25	857.50	821.50	962.00	779.00	619.75	669.00	861.25	972.00	881.00	664.00	704.00	644.75	643.25	682.00	761.25	902.50	918.25	891.00	834.75	771.00	707.50	698.50	604.75	574.25	568.75	554.00	631.00	713.75	782.75	849.00	847.75	795.00	701.75	704.00	685.25	783.25	953.25	1051.00	1165.25	1186.50	1242.25	1210.50	1202.50	1273.25	1336.75	1559.50	1603.00	1652.25	1537.75	1499.75	1651.50	1716.00	1567.50	1417.75	1462.75	1372.50	1290.25	1262.25	1052.00	1203.75	1315.00	1289.50	1047.50	921.50	980.00	1243.75	1390.25	1185.50	1101.75	956.00	776.25	678.25	778.50	845.50	943.75	1138.00	1299.25	1330.50	1283.75	1191.75	1398.75	1320.00	1156.00	1141.50	1387.25	1060.50	958.25	1206.00	1262.00	1139.50	961.50	801.75	757.25	865.75	970.75	1059.25	1208.75	1447.50	1417.00	1250.75	1157.00	1043.25	957.00	922.50	886.25	873.50	820.75	760.75	754.25	785.25	829.50	943.75	974.75	1023.50	906.75	749.50	732.25	824.50	916.50	995.25	1210.75	1184.50	1316.00	1135.75	991.75	1000.75	1049.25	1137.50	1105.75	1023.50	928.00	841.75	728.00	764.25	944.75	1044.50	811.25	878.75	947.00	1013.75	951.25	647.25	629.25	566.25	478.25	370.00	357.75	352.00	232.50	206.75	222.75	164.00	123.00	124.50	122.00	120.50	123.75	359.25	270.25	116.00	108.50	103.50	124.50	104.00	100.75	101.25	111.75	162.25	264.25	347.00	482.75	568.50	639.75	666.25	700.00	828.25	851.00	950.50	718.50	571.00	470.00	363.75	319.75	271.50	209.50	170.75	158.75	149.50	131.25	116.75	103.25	98.00	98.50	117.50	170.50	252.75	197.25	168.00	131.25	93.50	93.75	105.00	103.25	128.50	149.00	119.75	84.25	80.50	74.50	68.50	68.00	68.25	67.75	66.25	65.00	62.00	59.75	56.00	52.25	47.00	47.75	47.75	42.75
762.75	747.25	680.00	611.75	579.25	559.50	519.50	485.75	491.75	590.00	706.50	738.00	732.75	867.75	897.75	788.50	704.50	683.00	572.50	631.25	815.25	975.50	986.50	931.00	858.50	764.50	702.75	662.50	614.00	456.00	447.75	552.25	730.75	831.25	709.00	806.00	739.75	588.50	622.00	783.75	840.00	826.50	685.75	594.25	606.50	722.00	796.50	878.50	956.50	855.25	689.00	602.25	566.00	519.00	519.25	521.75	522.00	536.75	594.25	752.50	868.00	866.75	960.50	933.25	835.75	752.25	789.75	655.50	690.75	873.50	984.25	1110.00	1107.50	1149.50	1230.75	1352.00	1297.50	1315.25	1462.25	1556.75	1761.75	1602.75	1535.25	1664.25	1590.75	1407.50	1290.00	1340.75	1244.50	1227.25	1082.75	964.75	1174.75	1163.75	1209.75	1069.75	844.50	879.50	1188.50	1406.50	1314.50	1163.75	989.50	761.00	666.25	744.00	793.75	956.25	1055.50	1250.50	1397.75	1518.00	1374.50	1349.25	1203.75	1132.00	1007.25	1189.75	955.75	892.25	1141.50	1162.00	1109.00	935.00	779.50	709.75	783.50	1055.50	1207.50	1255.00	1422.25	1429.00	1341.25	1214.25	1087.50	1047.50	975.00	902.75	941.25	862.75	790.00	721.50	695.75	684.75	726.50	808.00	868.75	872.50	732.00	715.00	984.50	1125.50	1081.25	1296.00	1396.00	1334.75	1113.75	1046.75	888.25	1008.25	1229.50	1322.50	1104.75	825.00	716.00	672.00	646.75	883.00	977.00	700.00	726.50	877.75	1076.25	940.75	784.75	818.75	562.00	545.75	446.00	486.00	453.75	251.75	236.50	315.25	203.75	129.75	124.00	119.75	118.75	138.50	344.00	257.75	111.25	108.25	103.50	158.75	120.00	101.25	101.50	100.00	138.75	282.75	394.25	527.50	681.00	772.50	904.75	931.50	1050.75	1045.25	981.75	729.25	613.00	471.25	417.00	401.75	350.75	268.25	187.75	185.50	174.75	155.25	139.00	111.00	96.00	93.25	98.50	114.75	210.00	199.00	151.00	136.25	93.25	88.75	89.25	91.00	108.50	130.00	104.25	80.75	75.75	68.00	65.25	64.25	64.25	65.00	63.50	62.00	60.50	58.00	55.25	51.50	44.25	44.50	47.00	42.75
726.25	728.25	660.50	681.50	693.00	614.75	533.25	478.75	482.00	644.75	806.50	881.00	818.50	869.75	932.50	894.00	836.75	884.25	708.25	551.50	616.50	708.50	732.25	720.50	691.50	651.50	625.50	598.25	562.50	446.50	442.75	518.75	646.75	728.75	630.00	650.25	636.25	548.50	561.75	667.00	733.00	765.50	697.50	560.50	657.00	757.00	720.50	707.50	689.00	613.50	541.50	505.00	497.50	503.25	515.25	528.50	530.50	624.75	660.25	794.00	899.00	910.50	1042.50	1016.50	871.50	832.75	795.50	708.00	708.00	766.00	856.50	955.25	999.25	1069.25	1197.50	1291.25	1324.25	1365.00	1471.50	1515.50	1618.25	1421.50	1469.25	1566.00	1472.50	1386.75	1291.50	1291.25	1140.75	1132.75	1047.25	919.25	1019.75	1032.00	1064.25	1026.75	824.25	814.00	1081.25	1241.25	1236.50	1107.75	944.50	743.75	656.75	751.50	768.75	983.00	1119.50	1288.25	1366.25	1593.50	1590.75	1408.25	1241.00	1159.50	980.00	989.75	852.75	826.50	982.25	997.00	1105.00	945.75	748.25	700.50	814.00	1132.25	1254.25	1068.50	1176.25	1309.25	1377.50	1393.25	1172.50	1114.50	1000.00	1022.00	1005.50	948.00	929.50	879.50	774.25	709.25	674.50	674.50	715.25	736.75	635.50	693.50	980.50	1182.50	1257.25	1269.25	1383.50	1345.25	1115.75	1109.25	848.75	932.50	1103.25	1266.00	1093.00	871.50	802.75	594.50	603.00	863.75	867.50	619.50	638.00	768.75	958.75	815.75	871.75	931.25	757.75	744.75	549.25	500.25	425.00	257.50	333.25	401.75	266.00	192.25	143.50	118.75	118.75	151.25	252.50	182.00	112.75	106.25	104.75	141.25	177.50	218.50	130.25	99.75	98.50	245.50	315.75	429.50	547.25	716.25	879.50	870.00	906.50	862.00	937.25	720.75	552.00	465.50	524.50	488.75	385.25	295.75	260.75	302.75	271.50	232.50	198.00	128.50	93.50	92.75	92.50	98.75	139.00	167.75	137.00	124.50	95.50	81.25	87.50	97.25	123.75	152.50	125.25	95.25	85.00	70.25	60.50	60.25	60.25	61.50	60.25	59.75	58.50	56.00	53.75	50.75	44.75	40.00	44.00	43.50
643.75	638.00	613.50	687.75	741.00	691.25	541.75	474.25	471.75	644.50	808.75	881.25	864.75	868.25	826.50	906.50	886.00	943.75	773.50	532.75	471.50	488.00	528.25	556.75	572.75	565.75	556.75	548.75	506.75	439.00	438.25	487.25	556.75	577.50	596.25	552.50	563.75	508.00	549.00	608.50	617.25	639.25	627.25	525.50	614.75	620.50	540.50	503.50	486.50	477.00	483.50	504.25	515.00	519.75	550.50	568.25	544.00	699.50	757.50	819.50	839.25	855.25	1017.50	1023.25	937.00	928.25	822.75	789.25	796.75	724.00	735.75	851.25	903.00	1023.25	1176.75	1141.00	1244.75	1321.75	1452.50	1443.75	1420.50	1292.00	1481.50	1453.75	1342.25	1325.50	1272.50	1169.50	1084.25	972.00	964.75	872.75	864.50	898.50	935.25	951.00	773.50	769.75	951.50	1062.00	1108.00	1085.00	926.50	710.00	643.25	747.50	758.25	983.25	1179.25	1321.25	1375.00	1616.00	1631.75	1525.50	1314.00	1162.00	1020.50	917.00	817.75	758.50	782.00	907.25	1019.50	859.50	695.75	708.00	864.50	1164.25	1138.00	933.25	1044.00	1182.75	1356.00	1551.75	1260.00	1137.25	1067.50	1180.50	1050.50	1105.50	1067.00	1001.25	931.50	845.00	761.00	597.50	580.75	601.75	558.75	701.75	951.50	1118.50	1242.50	1093.75	1292.25	1332.25	1051.50	1045.00	810.25	805.75	981.50	1125.50	934.50	794.50	773.75	534.75	550.75	796.50	733.75	541.50	554.25	649.25	908.25	728.00	817.50	973.25	890.75	802.75	557.25	433.50	363.25	294.50	440.00	459.00	356.50	283.75	202.50	119.75	119.00	136.75	170.00	117.00	112.50	106.00	107.25	110.00	221.25	322.00	169.75	98.50	98.00	179.00	205.50	307.25	409.75	586.25	710.25	627.00	673.25	619.50	899.00	734.75	521.75	427.50	514.25	443.25	325.25	319.50	336.75	402.75	400.50	332.00	253.25	155.25	93.25	92.00	88.00	90.50	100.00	134.00	126.50	110.75	101.00	77.25	86.75	103.50	135.50	159.00	136.75	98.75	85.75	71.75	58.75	57.00	55.75	57.25	57.25	57.00	55.75	54.25	52.50	49.50	45.75	38.75	39.50	43.00
687.75	667.75	683.25	679.25	639.00	625.50	507.00	467.25	459.25	505.25	609.25	700.00	647.75	778.00	678.25	801.00	669.75	657.75	610.25	522.25	469.25	460.25	457.50	460.25	479.00	481.75	487.75	499.25	457.25	431.50	431.50	459.50	485.75	551.75	612.75	539.75	499.50	482.25	570.25	534.75	505.25	530.00	526.75	500.50	477.50	464.25	461.75	470.25	491.50	496.75	529.25	591.00	624.25	534.00	598.75	663.00	597.50	597.75	659.75	666.50	747.50	792.00	804.00	911.75	1083.75	1096.25	984.25	962.75	978.75	816.75	759.25	744.00	793.00	918.50	977.75	974.00	1106.50	1147.75	1234.25	1337.00	1182.50	1219.25	1414.00	1401.00	1243.00	1134.00	1078.50	976.50	928.75	859.25	846.00	800.50	749.75	725.25	714.50	753.25	684.50	696.50	827.25	956.75	976.00	879.75	786.75	603.25	720.00	842.00	828.25	885.25	1005.50	1165.00	1385.00	1419.50	1404.50	1446.50	1333.00	1235.75	1088.25	1039.00	924.00	775.25	680.25	730.00	878.25	722.25	686.25	858.75	910.75	1005.25	838.25	985.50	975.25	1204.25	1440.50	1495.25	1455.00	1281.75	1277.25	1325.50	1168.00	1343.50	1257.50	1178.25	1133.00	1011.75	892.00	807.00	679.75	546.25	545.50	686.75	753.50	775.00	865.50	1024.75	1126.00	1221.00	946.75	796.75	706.75	729.00	968.75	1036.50	920.00	830.25	849.75	744.50	539.75	565.25	634.00	514.00	516.75	673.25	858.00	634.25	677.50	691.75	603.75	619.50	501.25	459.75	503.25	395.50	462.25	344.25	359.25	331.50	200.00	137.25	117.00	116.00	114.25	112.75	108.00	106.75	110.25	132.50	287.75	241.25	131.75	95.50	93.25	133.50	298.50	368.50	450.00	596.75	744.00	635.00	451.00	574.75	754.75	673.00	505.75	370.00	393.00	476.25	461.25	419.25	337.25	276.25	308.50	266.25	215.50	165.00	102.25	88.75	87.25	85.75	87.25	91.25	99.00	103.50	112.00	80.50	75.75	86.75	103.25	125.00	100.75	90.50	71.50	65.00	62.25	56.75	52.25	51.50	51.75	51.75	52.25	51.50	49.75	48.25	46.75	43.75	36.00	42.00
666.50	659.00	683.25	679.75	573.25	576.00	502.75	465.50	456.75	464.00	543.75	621.50	597.00	736.75	637.00	712.75	629.00	586.75	555.25	522.00	487.75	464.50	453.50	450.00	447.75	450.00	461.00	484.00	449.50	427.00	432.25	482.00	523.25	616.00	673.00	592.25	520.00	478.00	584.00	512.50	466.25	476.00	484.25	468.75	458.50	457.25	473.75	495.50	522.25	518.25	571.25	604.75	667.00	544.50	607.00	699.00	633.50	566.75	602.00	656.00	805.00	887.00	903.75	906.75	1009.25	1126.50	1065.00	1076.75	1077.00	876.00	858.25	738.75	767.50	819.25	853.00	900.75	1023.25	1085.00	1179.25	1223.25	1118.50	1215.75	1362.25	1302.00	1198.50	1101.00	1048.00	940.50	912.00	932.25	942.00	898.50	857.75	825.50	723.25	688.75	635.00	637.25	756.00	891.25	964.25	842.00	680.00	592.00	694.75	760.00	772.25	891.00	960.75	1183.75	1336.75	1273.50	1383.50	1287.50	1275.00	1301.75	1073.75	980.50	896.25	768.00	674.00	656.50	780.50	688.50	767.50	960.50	1027.25	894.25	758.00	948.25	969.50	1233.75	1321.50	1416.00	1570.25	1386.25	1368.75	1358.75	1213.75	1467.50	1407.00	1274.75	1102.75	916.75	838.50	782.25	679.25	558.75	525.50	620.50	705.25	790.50	939.25	1052.50	1042.00	1164.50	975.00	795.50	664.25	711.75	928.25	898.00	823.50	860.50	930.25	735.50	570.75	482.50	567.50	499.50	509.00	667.00	828.00	692.25	531.00	547.50	553.00	602.75	580.00	580.75	575.00	402.00	412.50	317.25	273.75	254.00	230.25	189.00	121.75	118.75	115.25	115.25	109.50	109.00	112.25	167.25	301.25	227.50	113.75	94.25	91.75	115.75	324.50	455.50	585.50	664.75	712.50	680.25	400.25	550.00	599.75	619.50	472.00	357.00	337.25	433.00	499.00	374.00	291.75	231.00	227.00	200.00	165.00	132.00	95.50	85.25	87.50	83.50	84.75	86.00	93.00	105.50	111.00	82.00	72.00	79.25	92.25	116.75	91.00	80.50	67.25	63.00	67.50	64.25	50.00	50.75	48.50	49.25	50.00	49.00	48.25	46.75	45.50	43.25	34.50	40.25
610.50	601.00	607.75	662.25	575.25	525.00	486.75	459.00	450.25	448.50	499.25	539.75	574.25	596.25	551.75	587.75	651.00	670.25	627.50	545.50	533.50	531.75	489.50	475.00	435.25	430.25	423.75	433.00	423.75	418.00	483.75	622.50	735.50	755.75	722.75	698.75	595.50	472.25	469.50	438.75	433.00	435.25	441.00	444.75	489.75	557.25	549.00	607.25	602.75	578.25	630.00	658.50	722.75	595.25	593.25	742.50	714.25	673.00	605.00	595.50	713.75	820.00	1009.75	1128.00	1153.50	1179.00	1352.50	1300.50	1162.00	1097.50	983.50	799.25	877.75	876.25	860.00	885.75	932.75	975.25	1014.75	1086.50	1204.25	1317.25	1428.75	1337.25	1154.75	1104.25	1082.50	1165.75	1175.75	1156.50	1186.50	1168.50	1182.50	1082.00	969.75	902.75	822.25	697.75	584.00	667.00	790.75	701.00	636.25	812.00	903.75	881.00	785.50	847.25	992.75	1151.25	1174.75	1116.00	1218.00	1071.25	1133.75	1090.25	957.00	875.75	764.50	740.50	694.75	638.25	619.00	627.75	789.50	1010.00	1032.75	762.50	742.75	876.75	1008.25	1223.00	1144.25	1293.75	1374.75	1454.00	1587.25	1422.25	1384.75	1398.75	1248.25	1191.00	1154.00	1001.25	895.75	717.25	633.00	547.75	489.25	696.75	952.25	1054.75	1030.50	922.75	1140.00	1106.75	855.00	707.50	624.25	758.00	948.25	836.50	660.75	696.00	878.25	673.75	553.25	454.50	410.25	403.25	457.50	525.50	697.00	734.50	539.00	430.00	481.00	548.50	677.75	632.25	549.25	425.00	374.25	283.25	261.00	342.75	458.25	265.00	134.00	134.50	121.00	115.75	116.75	117.00	155.50	253.75	295.25	163.75	97.75	92.75	93.50	90.50	233.50	361.75	494.25	497.50	499.00	550.75	322.75	322.00	450.50	531.25	449.00	324.75	289.25	327.75	361.50	350.25	292.50	207.50	177.00	162.00	154.50	132.25	116.00	103.00	80.50	80.25	80.00	82.50	88.00	98.25	98.75	77.75	64.75	70.50	77.50	90.00	91.00	61.75	56.50	58.50	70.25	72.25	49.25	45.50	45.25	44.25	43.75	43.50	44.25	43.75	43.00	42.50	34.50	35.00
634.50	591.00	526.00	595.50	533.00	527.50	490.50	458.50	445.50	441.50	459.50	499.00	527.00	517.00	537.00	604.50	662.50	681.50	594.50	606.00	628.00	573.00	586.50	604.00	476.00	446.00	419.50	413.50	409.00	448.00	675.00	827.00	754.00	706.50	595.00	494.50	445.50	427.00	424.00	545.00	505.50	557.50	544.00	588.00	648.50	682.00	621.00	771.00	727.50	638.50	646.50	711.00	810.50	640.00	594.00	741.00	778.50	770.00	703.50	601.00	675.00	750.00	892.00	1022.50	1102.00	1209.00	1260.00	1338.00	1314.50	1125.00	958.50	815.00	865.00	955.00	1003.50	1014.50	1110.50	1162.00	1088.50	1168.50	1371.50	1471.00	1561.50	1385.50	1259.00	1244.00	1223.00	1343.00	1416.50	1381.50	1421.50	1378.50	1299.00	1190.50	1124.50	1046.00	936.00	871.50	697.50	543.00	584.50	526.50	652.00	881.00	1090.00	1170.00	1029.00	869.50	1041.00	1075.50	1009.50	1020.50	1019.00	994.00	1197.00	1134.50	1104.00	917.50	761.50	702.50	793.00	859.50	768.00	622.50	680.00	937.50	938.00	695.50	745.00	829.50	1052.00	1176.50	1044.00	1058.00	1233.00	1258.00	1496.00	1603.00	1515.50	1325.00	1254.00	1099.00	960.50	936.50	926.50	778.00	764.00	636.00	466.50	680.00	904.00	1098.50	915.00	921.00	1066.00	1002.50	760.50	616.00	646.00	896.00	889.00	860.00	644.50	616.50	843.00	674.00	523.00	459.00	420.00	369.50	466.50	507.50	670.00	677.50	478.50	419.00	472.00	559.00	636.00	567.00	473.00	356.50	363.50	380.00	386.50	409.50	399.00	230.50	151.00	258.00	213.00	162.00	141.50	165.00	194.50	285.50	230.00	120.00	95.50	92.00	91.50	90.50	166.50	243.50	286.00	310.00	444.00	487.50	277.50	291.00	391.00	448.50	414.00	312.50	265.50	280.50	302.50	298.00	293.50	190.00	163.00	142.50	131.50	118.00	106.50	93.00	80.50	79.00	77.50	78.00	81.00	86.00	94.00	80.50	62.50	61.50	67.00	73.00	74.50	64.00	53.00	61.50	71.50	66.00	56.00	48.00	43.00	42.50	42.00	38.00	38.00	40.00	39.50	39.00	36.50	25.00
509.25	545.25	552.00	510.50	503.50	492.25	472.75	451.75	439.75	437.75	446.75	469.75	490.50	544.25	601.25	707.25	797.75	854.75	714.75	804.75	784.75	706.25	702.25	576.75	671.25	578.50	444.50	413.75	407.00	615.75	722.75	657.25	573.50	509.00	453.25	412.75	412.00	446.25	529.75	686.50	563.75	668.25	669.75	838.00	884.75	769.00	696.75	943.75	911.00	747.50	854.75	779.25	771.50	629.25	630.50	713.00	828.00	804.25	714.00	722.50	634.00	720.50	830.75	860.25	892.75	967.75	988.25	1008.50	1090.50	1039.25	948.75	912.00	1026.00	1178.00	1261.25	1239.00	1335.00	1450.00	1260.75	1199.75	1245.50	1316.00	1484.75	1559.50	1380.50	1404.75	1441.75	1365.50	1410.75	1451.00	1446.50	1521.00	1409.75	1320.50	1238.25	1140.75	1063.50	967.50	802.50	682.50	518.75	605.50	693.50	781.00	922.75	1075.25	1095.00	997.75	1011.25	1086.25	932.50	931.50	874.75	956.25	1071.25	1229.25	1077.25	907.50	790.75	895.25	944.25	895.00	819.00	739.50	607.00	688.50	821.75	637.00	685.25	829.50	1021.50	1025.00	968.75	1143.00	1262.50	1373.75	1613.50	1579.50	1479.25	1353.00	1177.75	1100.50	1027.50	905.00	801.25	678.00	650.00	584.25	462.25	571.50	777.00	989.75	815.25	977.75	859.25	905.75	741.75	537.25	671.50	860.75	764.50	825.75	679.50	552.25	709.25	766.25	724.25	623.25	499.75	379.75	400.00	474.25	681.75	622.00	460.00	392.75	437.00	516.00	611.25	561.50	478.75	378.50	302.50	410.50	407.25	317.50	268.25	185.50	188.00	288.75	314.00	319.25	193.50	275.25	234.50	208.00	178.25	110.25	94.50	90.75	90.00	91.50	116.50	170.00	202.00	238.75	301.25	348.00	233.25	263.25	391.75	452.00	383.25	277.25	244.25	247.25	261.25	243.50	207.75	153.25	136.00	117.25	106.25	96.75	87.25	81.50	77.75	76.00	74.75	75.00	76.75	78.75	86.75	88.00	73.50	59.00	58.00	59.75	61.50	61.75	51.75	63.50	68.00	61.50	53.50	50.00	49.75	46.75	37.50	37.00	35.00	33.00	33.75	34.00	32.75	24.00
452.00	457.50	508.50	542.50	502.50	520.50	499.50	460.50	434.00	431.00	443.00	478.50	509.50	627.50	756.50	906.50	926.50	1021.00	773.50	842.50	809.00	704.50	574.50	718.00	817.00	675.50	561.50	432.00	404.00	646.00	711.50	673.00	490.00	402.50	400.50	417.50	479.50	640.50	771.50	716.00	682.50	716.50	651.50	765.00	951.50	744.00	786.50	926.00	1012.00	826.00	1078.00	817.00	702.00	672.50	765.00	711.00	844.00	859.50	852.00	830.50	655.50	637.50	665.50	720.00	806.00	809.00	867.00	907.00	1037.50	1134.50	1081.50	987.50	1152.00	1356.00	1473.00	1419.50	1430.00	1560.00	1407.50	1496.00	1344.00	1335.00	1411.00	1529.00	1555.50	1587.50	1550.50	1177.50	1244.50	1325.50	1262.50	1342.00	1292.00	1392.00	1320.00	1228.00	1190.50	1028.50	870.50	695.00	521.00	577.00	622.00	656.00	743.00	822.00	988.50	963.50	880.00	1017.00	901.00	820.00	774.00	893.00	1024.50	1167.50	1026.50	935.00	980.00	1100.50	1046.00	942.50	948.00	863.00	697.00	546.00	605.50	592.00	673.50	877.00	1034.00	926.00	1071.00	1287.50	1310.50	1335.50	1505.50	1452.50	1337.00	1448.50	1149.00	925.50	871.50	927.50	920.50	843.00	819.50	606.50	456.50	719.50	889.50	978.00	763.50	846.00	683.50	786.50	671.00	512.00	690.00	724.50	680.50	805.50	674.50	514.00	610.50	843.00	922.00	732.50	561.00	411.00	379.50	445.00	632.00	584.50	413.00	359.00	454.50	539.50	581.00	511.50	416.50	397.50	299.50	361.00	421.50	306.00	218.00	168.50	193.00	211.00	340.00	417.50	295.50	331.50	212.00	144.00	121.50	97.50	93.50	90.00	88.50	88.00	86.00	124.50	154.50	170.00	223.00	253.50	204.00	280.50	366.00	418.50	369.00	274.50	239.50	226.00	221.00	213.00	207.00	176.50	134.00	118.50	116.00	98.50	83.50	79.00	85.50	74.00	72.00	71.50	73.00	74.00	80.50	88.00	85.50	86.00	60.00	53.50	52.50	49.00	50.50	57.00	61.00	62.00	57.50	57.00	44.00	46.00	45.50	36.00	33.00	31.50	30.00	28.50	26.50	22.00
501.25	461.25	450.25	445.00	433.25	436.25	490.50	460.25	435.75	425.25	436.25	521.00	610.75	728.00	781.50	828.50	914.25	1040.25	948.75	964.25	879.75	718.50	628.25	825.25	695.00	656.50	514.50	437.75	401.00	444.75	636.25	534.50	406.25	396.25	452.00	648.25	767.50	729.75	773.25	902.00	941.75	806.50	732.50	813.00	986.25	884.00	934.25	990.50	1080.75	993.75	1104.00	876.50	778.75	711.25	845.00	740.75	783.00	924.00	921.00	808.75	722.50	771.50	717.25	694.25	743.00	758.50	819.75	895.75	1013.75	1018.50	1067.00	1051.50	1138.00	1274.50	1360.75	1429.25	1557.50	1521.25	1360.75	1348.50	1363.00	1433.75	1573.00	1614.50	1722.75	1575.75	1424.50	1186.75	1121.25	1134.25	1060.50	1103.00	1122.50	1334.75	1386.25	1249.00	1149.75	1007.50	817.50	685.00	525.25	660.00	807.25	836.25	891.50	966.75	1025.00	893.00	788.50	951.75	910.75	763.50	755.25	883.75	970.50	1081.25	1073.50	982.25	978.50	1071.00	1030.50	1004.00	1045.25	868.25	752.00	512.00	568.50	744.00	849.00	934.25	905.00	849.25	1060.25	1154.50	1065.50	1181.25	1395.00	1324.50	1231.50	1349.25	1193.50	1066.00	929.25	790.75	716.75	760.00	757.75	531.75	528.50	908.00	1189.25	1118.75	782.25	728.25	687.50	576.25	521.75	474.50	600.25	643.75	624.25	761.00	644.50	524.50	541.25	954.75	846.00	665.25	544.00	418.75	329.00	406.25	609.50	542.00	368.75	326.25	417.00	494.25	580.75	519.75	417.00	292.00	245.50	339.00	433.50	374.75	271.00	217.25	286.00	254.00	375.25	458.00	343.75	270.25	196.00	159.00	110.00	96.25	92.25	88.25	86.75	86.75	84.50	91.75	103.50	134.25	178.50	167.75	196.00	234.50	321.25	392.50	384.50	303.25	238.00	207.25	205.75	193.50	186.50	174.75	149.50	147.50	155.00	108.75	84.50	87.00	81.75	71.75	70.50	68.50	69.75	70.00	72.75	82.50	86.50	84.00	72.00	56.25	51.00	46.75	44.75	46.25	49.75	52.50	56.50	56.50	52.75	42.00	45.75	45.25	39.75	41.75	29.25	24.50	23.25	21.50
502.75	458.25	473.75	456.00	433.75	429.50	435.25	434.50	428.75	421.75	429.00	511.50	610.25	797.00	880.00	849.75	899.25	992.50	968.50	975.50	937.25	746.50	729.25	790.00	578.00	550.75	533.25	440.50	400.00	408.50	582.25	429.25	390.00	405.75	543.75	763.50	752.00	679.50	819.00	965.00	948.75	890.25	875.75	940.25	962.00	910.25	912.50	1053.00	1171.50	1056.50	1034.00	1012.25	891.00	738.25	829.50	793.50	743.50	894.25	879.00	759.00	764.25	863.25	790.75	733.00	810.00	792.75	866.25	919.75	976.25	920.00	970.75	970.50	1061.00	1179.00	1210.00	1283.00	1453.25	1350.00	1212.75	1226.75	1416.50	1505.25	1679.50	1715.50	1622.50	1537.75	1469.00	1298.50	1156.25	993.25	930.75	951.50	1070.25	1229.75	1327.50	1209.75	1086.50	963.50	774.75	671.25	500.75	635.00	771.75	907.00	1036.75	1147.75	1114.75	882.25	740.00	885.25	864.25	732.00	771.75	897.75	1017.75	1053.25	1088.50	1020.50	894.50	869.25	886.25	964.00	1050.50	865.25	703.00	503.75	579.00	719.25	827.00	910.50	800.50	789.50	946.00	986.50	1005.25	1178.00	1309.50	1250.25	1156.25	1178.75	1130.00	1121.75	1038.75	888.75	719.50	604.75	602.75	473.25	566.75	925.50	1208.25	1100.25	791.75	713.25	788.00	577.75	487.25	455.25	538.00	569.50	580.75	719.00	581.25	485.75	560.00	923.50	861.75	701.25	551.50	432.25	315.25	401.75	548.00	479.00	338.50	320.00	448.25	541.25	564.00	531.50	427.25	284.00	224.75	303.75	379.50	361.75	264.00	224.50	307.00	306.25	374.50	415.50	277.50	218.00	168.25	133.25	103.75	94.50	91.50	87.75	86.75	86.25	87.00	85.50	85.75	113.75	147.25	147.00	185.50	221.25	308.00	374.75	361.75	303.50	249.75	201.75	195.50	183.50	169.25	158.00	164.00	166.75	170.75	107.25	87.50	88.25	80.00	73.75	70.00	67.00	67.25	68.00	70.25	76.50	84.00	81.75	74.25	64.50	55.75	50.50	48.00	43.25	43.00	45.50	50.25	49.75	49.50	41.50	39.50	43.00	42.25	40.75	26.75	22.25	21.75	21.50
474.75	463.50	503.25	463.75	455.50	441.25	426.75	420.00	418.00	416.00	418.50	460.00	533.50	709.00	715.00	743.25	842.50	864.25	787.00	901.50	893.50	791.75	779.00	694.50	610.25	601.25	644.25	485.00	396.00	393.00	461.25	391.50	393.00	503.75	636.00	689.75	654.75	694.75	855.50	929.50	791.00	829.25	917.25	912.50	802.75	834.75	941.50	1116.00	1162.50	981.00	852.75	1015.00	1026.00	823.75	871.50	870.75	781.25	879.75	828.50	816.75	828.75	968.00	872.50	791.25	933.25	959.75	1077.75	1161.25	1097.00	910.50	832.00	813.50	925.25	1022.00	1032.00	1222.25	1355.25	1220.75	1105.25	1225.00	1449.25	1509.50	1640.00	1573.25	1492.50	1437.75	1488.50	1432.00	1228.50	961.25	931.25	813.25	936.75	1068.75	1190.75	1150.25	1023.25	916.75	824.25	712.25	497.00	588.25	711.25	937.25	1133.75	1198.00	1058.00	940.00	822.50	730.75	733.50	726.25	835.25	985.75	1142.75	1201.75	1240.75	1210.75	1007.00	834.25	743.75	809.50	887.00	777.75	685.75	570.25	522.75	733.25	895.50	810.00	745.00	850.00	966.50	982.25	975.50	1113.00	1286.75	1227.00	1085.75	981.75	1000.75	1089.00	1126.75	925.25	746.50	660.00	556.75	438.25	620.75	890.25	1065.50	966.00	745.50	711.25	895.00	669.00	523.50	435.75	471.00	492.25	511.50	604.00	500.75	437.25	544.00	864.75	830.75	635.50	524.00	430.50	309.50	375.25	439.25	387.00	312.00	349.00	484.25	520.00	494.75	471.25	435.25	277.00	212.75	246.00	303.25	330.75	260.25	251.50	300.75	313.25	337.75	315.75	242.25	193.50	160.75	123.75	102.50	93.50	90.50	87.00	86.25	86.00	86.50	85.75	82.50	96.25	121.25	139.75	194.25	208.50	269.75	326.25	290.25	261.50	251.75	207.00	184.75	171.75	160.00	144.25	161.00	157.00	139.75	111.50	104.00	99.00	89.75	79.50	67.00	65.25	64.25	65.25	66.50	69.00	76.75	80.25	77.75	73.50	68.25	61.25	57.00	51.75	45.50	42.25	41.25	39.75	38.50	36.25	36.25	40.00	37.00	28.50	23.50	22.50	21.50	22.75
461.25	490.25	521.75	474.00	504.50	477.00	453.25	439.25	418.25	410.75	409.00	423.50	467.50	550.00	543.75	674.00	747.75	789.00	654.00	808.50	808.25	818.50	794.00	690.50	731.50	694.00	632.25	514.25	397.25	390.00	390.00	383.25	400.50	516.00	566.00	535.50	630.25	696.25	829.00	867.00	676.50	711.00	853.50	750.75	688.50	837.00	1027.50	1125.00	1077.25	948.00	736.75	971.00	1074.25	842.50	895.00	945.50	883.25	976.00	863.75	926.25	980.25	1091.25	989.00	890.00	963.00	976.75	1131.50	1294.00	1219.25	948.50	731.50	715.75	812.25	863.50	917.50	1225.25	1232.25	1087.50	1137.00	1287.50	1467.00	1413.25	1448.50	1381.25	1395.75	1322.50	1369.25	1514.75	1326.75	997.25	1028.25	766.50	775.25	925.25	1064.75	1116.25	1014.75	886.50	854.50	755.25	498.00	579.50	716.25	986.50	1148.75	1123.00	982.75	934.25	890.25	615.75	669.75	746.00	815.25	980.75	1160.75	1320.25	1395.75	1297.50	1057.25	866.75	683.00	647.25	668.75	630.75	629.00	607.50	480.50	735.50	958.00	707.25	795.25	1028.00	1143.50	1050.75	956.00	1049.75	1309.75	1274.75	1137.50	896.25	863.25	977.00	1100.00	927.50	817.50	774.50	576.75	444.50	668.75	846.00	891.25	845.50	659.50	685.00	897.25	694.25	546.75	426.25	419.00	428.50	437.25	458.50	420.00	415.50	512.00	816.25	824.75	645.00	553.75	434.50	300.75	340.00	349.75	310.75	312.50	397.25	460.50	402.75	409.75	387.00	373.50	240.75	193.00	197.75	249.25	287.25	263.00	279.75	278.25	267.25	294.25	256.25	231.00	211.25	205.50	137.00	103.00	92.00	89.00	86.00	85.25	84.75	84.00	82.25	81.50	85.75	106.75	129.25	202.50	179.00	226.25	275.00	231.50	217.25	248.50	216.50	181.50	161.25	155.50	145.25	135.00	130.50	102.75	120.50	127.50	120.00	100.50	83.25	64.75	63.75	62.50	62.25	62.00	63.50	68.25	76.25	76.75	75.75	75.25	69.25	64.75	62.00	53.50	51.00	41.75	38.00	36.00	36.75	34.75	38.25	33.25	22.75	23.25	22.75	21.75	24.00
501.25	544.75	504.50	525.50	584.50	526.50	536.75	560.50	476.25	424.00	445.50	415.50	399.25	405.25	443.75	535.00	561.00	656.00	592.75	651.00	584.25	701.50	847.00	852.00	789.25	709.00	627.75	543.75	448.00	379.75	380.25	382.25	533.25	593.75	606.50	616.25	658.50	745.50	819.00	781.50	623.25	676.25	633.25	620.50	790.00	857.00	932.25	928.50	871.25	949.75	700.00	858.25	805.75	752.25	844.00	939.00	1073.50	923.00	872.50	957.50	1013.25	1127.50	1083.50	1015.50	953.75	801.00	908.25	1099.75	918.75	709.75	669.00	867.50	901.50	957.25	975.75	1104.00	951.75	1095.00	1280.25	1427.25	1292.25	1224.00	1161.75	1203.75	1362.75	1308.75	1258.25	1242.00	1194.75	1078.25	1019.25	816.50	631.75	723.00	867.25	1063.75	1046.50	894.75	789.25	713.50	558.00	472.75	709.75	1065.25	1115.00	902.25	837.75	752.00	664.00	719.75	834.25	842.50	963.75	965.00	1021.75	1152.75	1318.50	1123.50	870.75	832.50	750.00	682.00	793.50	763.50	699.50	538.50	473.50	676.00	881.75	670.25	945.25	1017.25	881.00	767.75	970.50	1188.25	1234.25	1257.00	1153.00	957.00	779.25	746.00	869.75	1060.00	947.50	720.25	539.75	445.50	605.25	622.50	792.00	822.50	602.00	656.50	796.50	742.50	658.50	540.00	415.00	375.75	367.75	367.50	390.50	384.75	460.75	732.50	901.25	800.75	610.50	468.25	291.50	283.75	273.25	262.00	370.25	462.00	385.50	272.50	299.00	338.50	314.00	220.50	171.75	179.50	209.50	253.00	278.25	226.75	232.50	229.00	241.00	221.75	170.00	190.25	190.25	126.00	97.50	88.00	86.50	84.25	83.50	82.50	82.00	81.50	79.75	77.00	83.75	90.75	147.00	130.25	177.50	195.50	175.75	193.50	241.25	220.00	183.50	156.00	139.50	147.00	145.75	104.75	95.50	111.75	111.50	102.75	85.00	78.00	65.50	63.75	59.25	57.00	57.75	57.75	61.25	66.50	76.00	76.00	72.50	66.75	65.50	64.25	60.25	53.00	46.50	45.50	30.00	26.75	25.50	24.50	23.75	23.50	24.50	25.25	25.25	27.25
570.25	555.50	543.75	562.25	602.75	550.25	568.50	550.50	459.75	468.75	524.00	498.00	431.50	395.00	393.25	424.50	466.25	542.75	550.50	550.50	572.00	720.00	800.75	775.00	794.75	716.00	727.25	667.00	497.50	376.50	377.25	380.00	531.00	676.00	685.00	707.25	734.25	796.75	772.25	723.75	609.50	615.75	574.50	627.75	786.00	924.50	880.50	803.50	784.50	896.50	710.25	726.75	723.50	829.75	905.75	981.50	1026.50	853.00	771.25	852.00	865.00	1067.50	884.75	859.00	853.00	782.00	879.50	983.00	791.75	642.00	761.50	1002.00	1037.25	1119.50	1161.00	1093.25	945.75	1123.00	1188.00	1350.75	1219.25	1151.00	1093.25	1171.50	1304.50	1408.50	1387.50	1255.25	1293.50	1157.75	1047.00	871.75	643.25	652.00	823.00	1029.50	1040.00	897.75	788.00	719.25	566.00	462.00	768.00	1153.75	1062.25	952.75	841.75	674.25	596.50	827.00	919.75	904.00	1041.75	1165.25	1160.25	1188.25	1350.25	1183.00	950.50	874.50	741.25	777.75	936.00	954.00	870.25	561.25	478.25	740.50	878.75	656.75	947.75	880.75	705.25	743.75	1058.75	1158.25	1048.00	1173.50	1120.00	889.50	750.00	677.75	806.50	1015.25	929.50	691.25	511.50	399.00	482.75	577.50	754.00	719.75	590.50	695.75	787.75	745.00	686.00	553.00	471.50	417.50	359.75	350.75	403.00	369.50	458.50	740.75	850.50	804.25	589.50	428.00	283.25	267.75	251.75	264.75	372.00	455.50	379.50	267.25	259.25	309.75	302.75	235.00	169.50	169.50	188.25	231.25	247.25	194.75	217.75	237.00	198.50	193.75	144.50	150.50	138.50	109.50	92.50	86.00	85.75	83.00	82.25	81.75	81.00	81.00	79.75	76.50	79.50	80.50	106.25	109.50	143.75	151.50	151.75	180.00	232.75	219.75	183.25	150.50	137.50	134.25	145.75	106.00	92.50	102.50	109.25	92.50	78.50	72.25	71.00	65.75	59.00	56.50	55.75	56.00	58.50	63.75	70.75	76.50	71.25	59.50	59.00	59.25	49.25	39.75	34.00	32.50	26.50	26.50	25.25	24.75	25.00	25.75	26.25	26.75	26.75	23.00
589.25	560.75	640.50	623.25	653.00	649.75	674.50	502.25	497.75	581.00	614.75	694.25	625.25	449.50	406.75	385.25	385.25	401.75	451.75	546.25	678.00	776.50	685.00	594.25	809.00	647.00	565.75	570.75	528.00	379.50	370.50	375.00	518.50	652.00	644.00	571.00	669.50	696.00	636.00	540.50	529.25	565.25	639.50	714.75	822.00	812.75	740.00	639.25	708.00	827.75	629.50	760.50	867.00	901.50	868.50	977.00	877.25	937.00	866.75	691.00	929.75	1159.00	887.25	787.00	692.25	647.00	775.75	710.75	609.50	674.00	805.25	1021.75	1254.50	1395.75	1312.50	969.50	938.75	1035.75	1192.00	1363.25	1307.25	1055.25	1009.50	1270.50	1438.50	1549.25	1419.75	1179.50	1287.25	1139.75	1119.00	1028.00	743.00	591.00	673.75	887.50	1042.25	929.50	832.75	755.25	519.00	458.25	799.75	1134.75	959.50	715.50	662.25	579.75	678.75	940.25	1081.25	1146.25	1108.00	1175.75	1224.25	1417.75	1290.00	1186.50	915.50	889.50	950.25	1001.75	1148.25	947.00	730.50	492.00	483.50	816.50	905.75	605.50	701.75	648.50	834.00	967.00	837.75	819.75	966.00	1207.00	1179.50	911.25	814.75	669.00	677.50	868.50	859.25	680.25	520.25	370.50	399.50	596.50	669.00	551.00	624.25	698.25	932.00	758.25	631.75	520.50	603.00	504.00	410.75	327.25	328.00	340.25	437.00	543.75	664.75	659.00	512.00	387.25	263.25	240.25	231.50	262.50	318.25	364.25	339.50	270.25	211.50	212.00	227.00	192.50	147.50	150.00	161.00	194.25	217.75	179.00	161.25	167.50	146.25	137.50	115.25	111.25	103.75	94.75	88.25	85.00	85.00	81.25	80.50	79.75	78.75	79.75	77.75	79.50	75.50	74.25	74.25	73.25	84.50	106.00	122.50	146.75	183.75	208.50	177.00	140.00	131.75	119.75	114.75	102.50	94.75	87.75	87.75	95.50	94.75	80.50	70.50	70.75	62.75	60.00	53.00	51.50	52.75	55.25	59.00	81.25	78.50	68.75	52.00	39.25	35.25	32.50	30.75	29.25	27.25	26.75	27.00	29.25	27.50	27.50	26.50	24.00	20.00	19.00
573.50	580.25	662.25	692.25	713.00	738.50	649.75	474.25	527.50	614.25	658.25	721.50	654.50	500.50	448.75	385.50	383.50	382.50	408.50	548.00	638.75	695.00	624.50	569.75	856.25	713.50	559.25	550.25	485.50	381.50	367.75	371.75	549.25	605.00	552.50	518.50	644.25	610.75	545.75	508.25	572.75	682.75	613.00	674.50	813.00	731.50	704.25	607.50	727.25	810.50	604.50	763.25	819.50	776.00	819.00	963.75	807.50	836.75	944.50	689.00	954.50	1216.00	1021.75	894.00	713.50	594.25	722.50	612.50	598.75	736.75	787.75	972.75	1167.00	1275.25	1209.75	910.25	998.00	1145.75	1330.25	1434.75	1348.75	1025.75	1041.75	1328.25	1453.75	1514.00	1395.50	1047.00	1098.25	1016.25	1012.25	1021.25	774.50	587.25	598.00	813.25	957.50	920.75	889.00	792.50	526.25	442.50	774.75	1078.25	875.75	622.50	536.50	624.75	745.75	988.75	1138.00	1217.00	1104.50	1015.00	1129.75	1323.00	1173.50	1213.25	1055.75	991.75	1097.00	1161.25	1235.75	1020.00	757.00	495.50	457.00	746.50	905.25	583.25	564.25	681.50	910.50	912.00	726.50	818.25	1105.25	1285.50	1197.50	878.50	780.00	664.75	629.00	796.25	838.50	638.25	497.00	367.00	374.00	550.75	615.25	517.25	676.00	791.25	952.25	768.75	643.50	581.00	647.75	584.50	485.00	344.00	311.75	326.50	395.50	528.00	622.75	601.00	473.75	351.50	255.00	231.75	243.25	286.00	322.00	349.50	277.25	237.25	195.25	181.50	188.50	177.75	139.75	141.75	154.50	178.75	214.00	201.00	175.00	150.00	130.75	123.00	109.25	110.00	102.75	92.75	88.00	85.25	84.75	81.00	79.75	78.50	78.00	78.50	77.25	78.00	77.00	74.50	73.00	73.00	70.75	90.25	109.25	123.00	149.00	176.00	158.00	134.75	126.00	119.25	115.00	108.25	99.00	85.00	82.50	94.75	93.25	79.25	67.00	71.50	69.75	60.75	53.00	50.25	50.00	51.50	54.50	80.50	80.00	62.00	45.75	36.25	34.25	32.50	30.00	29.00	27.75	27.75	29.25	31.50	29.75	26.75	23.25	19.50	26.00	69.00
638.75	682.75	808.50	830.50	872.00	872.00	522.50	517.00	596.75	644.00	719.00	836.00	726.00	556.75	565.50	585.25	482.75	390.25	374.00	387.75	436.25	531.00	476.25	587.00	778.50	854.75	719.50	603.75	475.25	369.00	365.00	365.00	442.75	442.25	435.75	434.50	445.25	446.50	458.25	587.50	711.00	746.25	710.75	728.00	732.75	708.25	588.75	692.25	833.75	715.00	664.75	674.75	729.50	968.50	1023.75	1065.50	957.75	717.25	787.50	638.50	1018.25	1038.25	889.50	795.00	748.50	615.50	548.00	604.00	718.00	938.25	1001.00	1045.50	1158.25	1022.25	926.00	874.00	1151.50	1282.00	1481.00	1465.00	1153.00	941.00	961.50	1048.00	1104.50	1266.25	1209.25	1206.50	1121.50	883.00	790.25	855.00	747.75	608.75	497.25	601.50	721.00	840.25	885.25	741.25	616.25	470.25	632.75	835.25	598.25	533.50	647.50	876.00	733.25	888.50	1051.75	1067.75	921.75	924.50	1034.50	1201.00	1120.50	1032.50	1083.00	985.00	1129.75	1235.75	1081.75	987.50	894.00	535.00	503.50	824.25	843.50	586.00	534.25	705.75	693.25	627.50	838.75	1041.50	1093.50	1092.00	1182.25	939.50	776.75	620.25	557.25	758.25	743.25	565.00	471.25	352.50	350.50	559.25	539.75	530.75	669.75	771.75	968.25	773.75	668.50	663.25	733.00	667.25	521.75	371.50	313.25	345.25	462.25	510.00	460.25	431.50	467.00	382.00	249.50	215.00	234.25	283.00	349.25	357.00	269.25	209.50	175.50	152.50	144.25	132.75	127.50	146.50	162.50	199.75	246.50	260.50	227.25	184.75	156.75	137.50	134.25	129.75	116.75	94.00	87.50	83.50	82.75	80.75	78.50	77.25	76.50	76.00	75.75	75.00	74.25	73.25	72.50	72.50	70.75	68.50	80.25	97.50	114.50	125.75	147.50	146.00	119.75	110.50	111.25	108.50	101.50	84.50	74.50	77.25	78.50	73.75	61.50	67.50	71.50	62.25	52.25	51.75	47.00	45.00	47.00	50.50	53.25	42.50	37.25	34.00	31.50	30.75	29.50	28.25	28.50	28.75	25.50	26.25	27.25	25.75	21.00	22.75	143.25	197.25
735.00	711.00	921.50	957.50	933.50	814.00	493.00	573.00	693.50	651.50	736.00	789.50	647.50	691.50	802.00	761.50	657.50	459.50	383.00	369.00	369.50	408.50	545.50	612.00	594.00	798.50	726.00	687.50	464.50	362.50	358.00	363.00	386.00	408.00	457.00	489.00	467.50	541.50	467.50	520.00	588.50	644.50	770.00	730.50	603.50	671.50	574.00	729.50	629.00	555.00	694.50	772.50	918.50	910.50	1051.50	1084.50	806.00	650.00	579.00	595.00	773.50	718.00	698.50	709.50	643.00	607.00	560.00	603.00	743.00	1018.50	879.00	1100.50	1262.50	1129.50	811.50	921.50	1170.00	1199.00	1211.50	1299.00	1008.50	919.50	1116.00	1202.00	1248.00	1358.50	1393.50	1461.00	1348.50	990.00	824.50	661.00	616.00	574.50	493.00	502.50	622.50	783.00	843.00	756.00	703.00	524.00	561.50	564.00	542.00	797.50	948.50	1003.50	938.00	1059.50	1030.50	902.00	835.00	1017.50	1116.00	1268.50	1244.50	1087.00	925.00	953.50	1082.50	1004.00	879.00	788.00	734.00	462.50	509.50	844.00	756.00	550.50	482.00	518.00	575.00	681.00	1031.00	1049.50	850.00	815.00	968.00	872.00	776.50	687.00	550.00	686.00	643.50	567.00	517.50	347.50	339.50	551.00	520.00	515.00	640.00	752.50	887.00	708.00	622.00	639.00	663.00	586.50	562.50	411.50	304.00	347.50	504.50	434.00	336.00	300.50	361.00	351.50	229.00	203.00	261.50	296.50	288.50	342.50	323.50	253.00	213.00	226.50	147.00	119.50	125.50	164.50	175.00	217.50	226.00	243.00	268.00	240.00	179.00	155.50	114.50	112.50	101.00	92.50	90.00	83.00	81.50	79.50	78.50	77.00	75.50	75.00	74.00	73.50	73.50	72.50	71.00	71.00	70.50	71.50	74.00	86.50	99.50	122.00	122.00	122.00	106.00	103.50	103.00	102.50	97.50	82.00	67.50	69.00	70.50	61.00	57.50	65.00	70.00	64.00	54.50	50.50	47.00	43.50	43.50	42.50	41.00	35.00	31.50	30.50	28.50	31.50	29.00	23.50	22.50	23.50	23.50	21.50	20.50	20.00	19.00	62.00	183.00	137.00
855.75	742.50	877.00	971.75	874.75	712.50	524.75	647.75	731.75	844.25	828.50	856.75	782.75	825.75	850.75	597.50	539.25	465.25	466.25	374.75	365.50	375.00	447.75	540.00	524.00	705.00	562.75	585.75	456.00	356.00	355.50	425.50	538.25	555.75	556.50	615.25	524.50	615.50	574.25	505.75	546.25	617.75	674.50	680.25	576.25	542.25	591.50	654.25	564.25	663.75	658.50	971.25	1151.25	1175.25	1182.25	1174.00	846.25	704.25	681.75	573.50	568.75	602.75	689.75	605.75	580.00	507.50	587.25	697.25	735.75	795.75	725.25	933.75	1012.75	1032.25	766.50	787.25	913.75	959.00	1160.00	1326.00	998.75	907.25	1165.25	1183.50	1227.00	1346.00	1472.25	1409.75	1277.50	1029.75	883.50	798.75	679.25	598.50	523.75	480.25	578.00	686.75	676.75	760.75	673.75	429.25	440.75	496.25	553.75	614.75	671.00	716.50	827.50	1046.25	1151.25	1041.25	812.00	1029.50	1202.75	1158.25	1144.75	1152.00	1013.75	877.75	1011.00	918.75	761.50	681.50	582.25	418.50	565.25	882.25	822.75	511.75	465.00	577.50	699.00	848.75	1027.75	914.50	753.00	730.75	821.75	731.25	720.00	631.00	538.00	649.50	545.00	541.75	454.75	331.00	338.50	563.25	524.75	519.00	834.00	869.50	808.75	656.00	545.50	559.75	601.50	513.50	493.00	422.00	286.00	324.25	496.50	439.25	330.25	271.25	266.25	274.50	205.50	195.00	244.25	373.75	360.75	374.25	293.00	284.00	263.25	213.00	147.25	112.75	134.25	166.75	187.25	223.50	216.75	196.75	231.00	229.75	183.75	149.00	165.00	150.00	116.00	101.25	99.00	82.00	81.00	79.75	77.75	75.75	74.50	73.50	73.25	71.75	71.75	71.00	70.00	69.25	68.75	70.25	68.50	81.50	100.25	101.75	96.00	107.25	117.00	98.25	95.25	95.50	94.00	85.75	69.00	62.25	66.00	65.25	55.25	59.50	63.25	60.50	54.00	49.25	45.50	45.75	43.75	39.25	35.25	32.75	30.75	27.75	27.00	27.00	26.00	28.00	25.75	25.00	25.25	29.50	24.00	24.50	24.25	116.00	182.75	126.50
880.50	781.00	956.50	881.00	696.50	597.50	567.50	733.00	864.00	1013.00	907.00	972.50	919.50	888.00	767.00	701.00	557.50	527.50	642.00	443.00	363.50	359.50	357.50	370.00	529.00	662.50	536.50	477.50	434.50	351.00	353.00	451.50	595.00	630.00	595.50	646.50	617.00	635.50	635.50	606.50	621.50	621.00	611.50	599.50	502.00	483.00	526.50	508.00	600.50	796.50	841.00	996.50	1110.50	1040.50	957.00	982.50	950.50	955.00	833.00	698.00	496.00	544.00	625.00	659.50	514.50	491.50	609.00	580.00	588.00	624.50	706.00	735.00	882.50	937.00	710.00	861.00	1107.50	1063.50	1290.00	1319.50	1002.50	845.50	890.00	919.00	1002.50	1153.00	1434.50	1401.50	1251.50	1011.00	929.50	774.00	730.50	669.00	568.50	468.00	498.50	561.00	622.50	575.00	591.50	398.50	546.50	767.50	803.00	609.50	668.50	767.50	836.50	1090.00	1161.00	955.50	767.00	906.00	1103.50	1096.50	1000.50	1081.50	1122.00	853.50	945.00	915.50	732.50	549.00	494.50	474.00	670.50	865.50	735.50	495.00	464.50	578.00	710.50	914.00	994.50	779.00	642.00	791.00	790.50	699.00	640.50	549.00	501.50	613.50	478.00	446.00	441.00	322.00	340.00	567.50	522.00	488.50	732.50	712.00	685.50	558.50	480.00	478.50	594.00	557.00	403.00	334.50	273.50	287.00	381.50	517.50	437.50	348.50	232.50	206.50	188.00	189.50	261.50	325.50	258.00	317.00	282.00	216.00	190.50	153.00	129.50	107.50	127.50	170.50	218.50	238.00	210.00	167.50	177.50	172.50	193.00	185.00	206.50	158.50	125.50	109.50	97.50	82.00	79.00	78.50	76.00	74.50	73.50	72.50	72.00	72.00	71.00	70.00	69.00	68.50	67.00	67.50	67.50	63.00	81.50	101.00	86.50	104.00	119.50	102.00	88.50	88.00	87.50	83.50	75.00	60.50	60.00	65.00	58.00	51.00	56.00	53.00	45.50	45.00	46.00	44.50	44.00	36.50	34.50	28.50	28.50	30.50	33.50	31.50	33.50	30.50	33.50	31.00	28.50	27.00	26.00	27.00	27.00	68.00	128.00	119.50
882.25	858.75	943.25	855.75	712.75	572.25	642.50	766.00	903.75	1050.75	1067.50	1153.75	1170.50	986.25	881.00	685.00	530.25	667.25	630.25	514.00	410.75	360.25	354.50	357.25	476.75	600.25	529.00	481.25	371.50	349.50	350.25	382.50	461.00	487.25	521.50	717.00	804.75	757.50	717.75	733.25	703.25	658.75	560.25	511.25	459.25	474.75	521.50	552.75	608.75	708.25	791.50	917.25	859.75	719.00	777.50	875.50	713.75	832.50	721.75	592.00	501.50	489.00	640.75	630.75	478.00	520.25	559.50	628.75	657.00	775.00	904.25	928.25	1017.75	827.50	764.50	1036.00	1305.50	1286.00	1289.50	1247.00	1055.00	832.25	931.00	1036.50	1143.00	1247.00	1298.00	1244.00	1231.25	1074.25	985.50	846.75	815.75	702.75	597.50	509.00	433.75	445.75	690.50	576.25	436.75	409.75	546.75	599.25	796.00	821.50	810.75	972.75	944.50	1130.50	1087.25	954.75	748.00	940.75	1166.75	1126.25	1041.75	936.50	948.00	784.25	901.50	802.50	699.75	579.00	455.75	520.00	750.25	844.00	675.25	501.00	437.50	531.75	669.25	781.50	861.75	751.75	614.25	757.75	767.00	639.50	583.25	535.00	468.00	618.00	554.00	454.00	382.00	303.00	317.00	529.50	505.75	439.50	536.50	614.25	615.00	541.50	502.25	432.75	518.50	601.50	532.25	390.75	284.75	256.50	319.50	477.75	541.75	423.50	293.00	208.00	179.50	180.50	218.25	232.50	236.00	302.50	245.50	267.25	208.50	160.25	142.00	105.00	132.00	207.75	256.25	223.25	181.25	154.25	155.25	194.00	263.25	252.50	207.25	172.25	138.00	125.50	104.75	86.25	80.25	76.50	75.50	73.75	72.50	72.00	71.00	70.00	69.75	69.25	68.50	66.75	65.75	64.75	68.25	65.75	70.00	81.00	83.50	98.00	133.00	111.75	85.75	81.25	81.25	78.25	73.50	66.00	55.00	61.00	57.50	47.00	44.75	41.75	39.25	40.25	42.00	41.75	42.75	38.75	36.50	34.25	29.75	36.00	36.00	34.50	31.75	30.25	34.50	28.25	27.25	30.50	28.25	27.25	42.75	101.00	125.00	93.00
1010.00	966.50	828.00	671.00	628.00	536.00	774.50	969.50	1033.00	1174.00	1214.50	1195.50	1114.50	1043.50	785.50	653.50	574.00	730.50	712.00	599.50	518.00	410.00	353.00	353.50	364.00	521.00	517.50	404.50	347.00	345.50	346.50	404.50	428.50	509.00	617.50	800.00	832.00	694.00	640.00	679.00	559.00	546.50	510.00	437.00	466.00	578.50	668.50	699.00	657.50	647.00	744.50	790.00	841.50	594.00	725.00	810.00	642.00	608.00	693.00	603.00	483.00	467.00	615.50	561.00	465.00	496.00	672.00	819.50	745.50	759.00	877.00	1142.00	979.00	739.00	847.00	1013.50	1391.50	1271.00	948.50	924.00	788.50	831.00	1118.00	1253.00	1339.50	1166.50	1187.00	999.00	1004.50	1011.50	980.50	849.00	732.00	650.50	601.00	529.50	461.50	394.50	507.50	437.00	378.00	454.50	710.00	632.00	692.00	932.00	1032.00	1151.00	1143.00	1013.50	968.50	864.50	693.50	897.50	1084.00	961.00	1123.50	1039.50	812.00	737.00	888.00	888.50	805.50	711.50	538.50	453.50	612.50	719.00	609.00	442.50	426.50	572.50	679.00	741.00	743.00	648.00	568.50	685.50	742.00	669.50	569.50	456.00	452.00	613.50	603.00	586.50	439.50	294.00	298.00	475.50	456.50	406.00	558.50	681.00	674.00	700.50	573.50	447.00	411.00	532.00	562.50	430.50	310.50	241.50	272.50	442.50	507.00	392.00	306.50	204.50	169.50	171.50	168.50	177.50	246.50	276.50	199.00	216.00	233.50	145.00	110.00	105.00	134.00	204.50	271.00	239.50	162.50	137.50	171.50	209.50	291.50	287.00	182.50	161.00	137.50	120.00	104.00	91.50	82.00	77.50	75.00	73.00	71.00	71.00	70.00	69.50	68.00	68.00	68.00	65.50	65.00	63.50	65.50	68.00	60.00	74.00	89.00	109.50	145.50	113.00	85.50	75.00	73.50	73.00	70.50	66.50	51.00	56.00	47.00	41.50	39.00	38.00	37.00	38.00	38.50	39.50	38.50	36.50	29.50	30.50	31.50	37.00	34.50	36.50	36.00	31.00	28.00	29.50	30.00	31.00	31.00	55.50	94.00	121.00	119.50	88.50
945.50	825.25	749.00	645.50	620.50	555.00	767.75	815.50	857.25	1024.50	1088.25	903.25	890.00	975.00	932.75	719.75	775.75	790.25	656.75	656.00	651.75	491.75	370.25	354.25	345.50	358.25	430.00	380.75	342.00	340.50	363.25	486.75	557.00	668.00	771.75	836.50	756.75	604.75	579.75	648.50	623.25	516.25	449.50	427.25	478.00	559.75	619.50	684.00	776.75	849.25	822.50	627.25	670.50	558.00	628.50	691.50	674.25	560.25	627.50	635.75	559.00	444.50	607.25	464.50	480.00	621.00	726.50	841.25	886.25	907.50	976.75	1009.50	805.25	673.50	820.00	1016.75	1216.75	1017.00	754.50	729.00	763.25	870.00	980.00	1079.50	1229.50	1127.75	1029.00	880.75	868.75	857.25	838.00	806.75	682.00	614.50	550.50	480.25	435.25	391.25	374.25	375.00	528.75	629.75	870.50	858.75	719.25	807.25	1062.75	1175.50	1040.75	948.75	849.25	947.75	797.25	798.00	835.50	886.00	1044.00	1093.75	878.00	747.75	837.00	952.25	860.50	705.75	581.75	404.00	474.00	519.50	525.25	398.50	455.75	564.00	647.75	726.25	735.00	675.00	523.25	617.00	695.75	660.00	531.00	431.50	482.50	582.50	500.50	541.50	465.50	288.75	288.50	491.75	535.25	420.50	592.00	725.25	668.75	731.50	710.75	594.25	435.25	425.75	550.75	425.25	321.25	232.00	243.75	379.50	409.25	301.25	227.25	179.50	158.00	160.25	157.00	164.25	199.25	230.00	168.50	162.75	169.75	125.25	97.75	124.75	147.75	236.25	276.25	220.75	155.00	138.50	216.00	298.75	339.50	317.50	198.75	160.00	139.25	126.50	109.75	88.75	83.50	85.00	76.00	72.00	70.25	69.50	69.00	68.50	68.00	66.75	66.50	65.25	63.75	63.50	65.00	67.00	60.75	65.25	86.25	115.75	110.75	93.75	81.50	70.50	67.25	67.75	66.25	63.00	48.00	49.00	40.25	38.75	38.00	37.25	38.00	39.75	39.50	40.75	40.25	34.75	29.50	33.75	30.50	38.00	35.00	35.00	33.50	34.25	32.75	32.00	34.25	93.25	135.25	107.75	140.00	134.50	109.00	70.50
989.25	880.25	768.25	611.75	794.00	623.00	667.50	800.25	903.75	1011.25	1056.75	852.50	732.25	755.00	823.50	817.25	866.75	792.50	659.50	535.25	522.50	509.00	430.25	377.00	345.00	340.50	337.00	337.75	336.00	335.75	377.50	468.75	556.00	689.00	674.25	662.75	612.25	540.00	510.00	618.75	650.50	549.50	432.00	416.75	556.00	584.00	648.75	768.50	917.75	882.75	739.50	568.00	522.00	502.25	554.00	600.50	499.25	475.75	508.50	605.50	499.50	424.75	441.25	451.25	504.25	549.75	607.00	665.75	757.75	1023.25	1208.25	1032.75	794.50	677.50	935.75	1037.25	797.75	731.75	822.25	979.75	958.25	990.50	1002.00	1098.25	1073.50	956.00	961.75	708.75	713.75	829.75	687.75	716.00	629.25	540.50	476.50	447.75	412.50	371.50	359.25	432.50	619.00	739.75	961.50	1128.25	1013.50	938.50	985.75	1104.25	966.25	812.75	739.75	850.00	885.25	640.75	729.50	886.50	827.25	978.00	892.00	769.75	757.75	961.00	975.50	915.75	791.50	546.25	382.75	366.25	394.25	397.75	477.50	568.50	638.50	738.50	734.25	633.75	491.25	553.25	650.75	566.25	467.75	434.00	586.25	601.50	448.50	386.00	354.75	290.25	270.75	506.25	654.25	513.50	410.75	522.25	672.75	534.25	738.50	681.75	467.25	331.00	475.50	421.00	309.00	219.75	219.75	369.75	361.00	271.25	193.00	165.00	148.25	149.00	151.25	144.00	184.00	220.25	149.50	126.00	135.50	96.25	86.00	117.75	147.00	211.25	188.25	219.75	214.75	135.25	257.75	399.00	507.50	423.75	274.25	238.00	234.75	185.25	135.25	102.50	99.50	103.00	77.75	72.25	69.75	68.25	67.50	66.75	66.50	65.50	64.75	64.00	62.75	62.25	62.25	65.00	60.50	59.50	78.00	89.50	82.50	78.75	72.75	71.25	66.75	61.25	56.00	50.00	43.50	43.25	40.25	40.25	40.25	39.50	40.75	42.00	38.50	35.25	33.00	33.00	36.75	34.25	35.00	36.00	37.00	35.00	34.50	33.25	35.50	53.00	145.75	187.00	148.50	120.50	120.50	101.75	89.25	63.50
1056.00	899.00	796.50	624.00	827.25	736.00	643.75	776.75	926.25	1010.75	1033.00	947.75	800.00	651.00	749.25	779.00	763.00	737.25	661.50	583.25	531.00	471.00	429.50	409.25	350.75	340.75	336.25	337.25	334.25	333.75	420.25	525.50	600.00	635.00	591.00	564.00	522.00	484.50	499.50	621.25	612.75	537.75	421.75	404.75	538.75	629.00	759.25	894.75	1002.25	884.25	633.50	571.75	489.75	467.00	559.00	617.00	497.00	442.75	515.75	533.25	428.75	426.50	447.00	465.25	533.00	554.25	608.75	660.00	724.50	956.00	1163.75	983.50	775.75	682.00	937.75	1021.50	661.50	703.50	904.00	1071.75	1062.00	1117.25	1109.25	1220.25	1061.50	841.75	828.25	650.75	630.75	722.50	631.25	634.00	635.50	515.75	414.75	398.75	380.25	357.25	358.75	444.25	677.50	773.50	908.75	1169.25	1080.00	1011.75	1034.50	1056.25	1088.00	893.50	762.75	738.50	858.50	619.75	728.50	864.75	762.50	928.75	897.50	736.75	781.25	1006.25	1076.25	1013.00	835.75	582.50	406.00	343.75	353.75	406.25	464.00	534.50	580.25	695.50	783.50	648.00	489.00	504.75	615.25	513.50	423.00	478.00	616.25	624.25	540.75	449.25	380.50	299.75	264.00	453.00	599.25	619.00	404.00	396.00	561.50	472.25	690.00	701.50	500.25	321.50	427.50	418.25	312.50	216.25	212.00	405.00	389.25	307.25	207.25	159.00	143.25	143.50	146.50	139.00	201.00	220.25	139.25	112.50	115.00	87.50	83.75	120.00	169.50	206.25	140.75	218.75	202.50	129.25	231.00	344.00	503.00	445.00	303.25	288.75	268.50	180.25	141.75	124.25	113.25	93.00	82.50	84.75	72.75	67.75	67.00	66.50	65.75	64.75	64.00	63.50	62.25	61.75	61.00	65.00	60.75	56.75	74.75	74.50	66.75	67.75	68.25	66.75	66.00	59.00	48.75	46.50	43.50	43.75	42.25	43.00	42.75	41.50	42.25	41.25	37.75	36.00	32.50	34.50	37.75	37.25	37.00	37.75	36.75	34.25	36.25	39.25	65.25	114.00	176.75	168.25	135.00	106.00	104.25	95.75	80.50	65.00
1022.00	888.75	788.25	658.50	907.00	801.50	723.25	652.00	793.75	908.00	776.00	802.25	776.25	677.50	573.75	795.00	656.25	735.25	625.25	684.75	722.50	598.25	574.50	558.25	396.75	350.75	332.25	329.50	328.00	331.25	452.50	602.00	534.75	471.25	437.25	484.00	467.50	532.50	607.25	611.25	595.25	507.50	443.50	387.50	505.25	675.00	846.00	973.50	980.75	771.75	716.75	572.75	477.75	426.75	552.75	538.50	485.75	427.75	426.25	394.00	425.00	480.25	517.25	485.25	493.50	533.00	716.00	822.50	787.25	961.00	1095.00	1030.50	869.25	675.75	739.25	785.50	668.75	844.75	1004.75	1160.75	1391.00	1417.00	1357.50	1298.00	1044.75	872.25	736.25	611.25	562.25	540.75	485.75	460.00	464.00	458.00	467.75	476.00	441.25	355.75	362.25	479.50	729.75	918.50	999.00	897.75	869.50	783.25	879.50	920.00	1071.75	823.75	842.75	763.75	651.25	569.00	611.25	657.75	778.75	895.50	780.50	664.75	791.75	1036.75	1197.75	1083.25	835.25	611.25	457.00	330.75	333.50	433.00	491.00	516.00	568.75	681.75	729.25	641.25	476.75	416.50	507.25	438.00	414.00	586.75	650.75	506.00	521.50	544.25	426.25	294.00	254.00	350.25	502.75	627.25	484.25	398.50	314.75	389.25	446.50	579.75	560.50	343.25	362.75	398.50	303.75	206.75	198.50	395.75	506.75	351.25	217.25	161.50	134.25	132.75	136.00	128.25	168.00	178.75	123.00	96.50	93.50	79.00	78.50	130.50	189.00	126.75	96.25	135.75	108.75	135.25	232.75	386.00	508.00	431.75	205.00	237.25	222.25	152.50	110.50	101.25	115.50	119.00	107.50	131.00	129.50	88.50	67.25	64.75	64.50	63.75	62.50	62.25	60.75	60.75	59.75	61.00	59.00	55.75	62.50	59.25	56.50	53.75	52.00	50.00	49.50	47.75	46.25	45.00	44.00	43.75	46.50	46.50	45.25	45.50	42.75	37.50	36.00	33.75	34.25	38.50	40.25	37.75	37.50	34.50	34.50	53.00	70.75	92.75	194.25	204.00	148.75	137.75	120.50	107.25	98.50	90.75	78.25	88.00
1112.50	1017.00	903.50	710.50	873.00	903.00	804.00	688.00	804.50	887.00	731.25	701.25	689.75	646.00	535.00	661.25	563.25	630.25	567.00	571.75	614.00	525.50	485.00	489.00	382.50	355.50	335.50	331.00	326.00	328.00	386.50	477.25	432.75	445.75	489.25	582.25	553.00	577.75	612.50	625.00	619.50	535.50	455.25	378.75	496.50	627.75	700.00	841.00	906.50	863.75	761.00	586.50	475.75	399.75	500.00	473.00	403.50	394.50	384.25	407.75	511.00	578.50	654.00	573.25	540.50	542.75	679.00	774.75	901.00	938.50	1098.50	1073.25	858.50	682.25	615.00	645.75	721.00	886.50	1182.75	1309.00	1490.50	1589.25	1539.00	1282.25	1018.00	881.25	783.25	619.00	565.25	552.00	523.50	487.75	631.00	682.75	669.75	588.50	491.25	430.50	350.75	466.00	618.50	721.00	799.00	734.50	752.25	686.75	818.00	953.75	1079.25	922.00	915.25	809.50	700.25	631.75	532.50	594.75	780.50	874.75	790.75	660.75	740.50	963.50	1127.50	1030.25	836.00	651.25	502.75	321.75	323.00	380.50	456.25	524.50	607.25	699.50	671.50	589.75	455.50	394.25	434.50	381.50	404.00	515.00	580.50	510.50	452.75	463.75	436.75	303.25	247.25	326.75	462.50	595.75	580.75	470.50	355.50	307.50	333.50	440.25	463.75	325.50	309.75	365.75	295.75	198.50	189.25	340.50	444.50	351.25	251.00	191.25	141.25	125.50	126.75	123.25	128.50	133.00	111.50	91.75	86.75	77.50	75.50	97.25	122.75	87.50	76.75	88.25	79.00	126.25	228.25	346.00	445.25	377.00	211.50	248.00	198.75	149.00	94.00	92.00	124.50	124.25	105.25	131.25	139.00	106.25	74.25	65.75	63.50	62.50	61.50	61.25	60.00	59.75	58.75	58.25	58.25	54.25	56.25	60.50	59.00	57.00	56.00	53.75	52.50	50.25	49.25	48.25	46.50	46.25	44.25	44.50	43.75	43.00	38.75	35.75	36.25	36.50	38.00	39.75	39.00	38.00	37.50	42.00	56.50	75.25	135.75	197.00	203.50	177.75	162.00	149.25	138.00	131.50	122.75	112.00	84.75	118.25
1262.00	1110.75	952.00	750.75	854.25	1004.00	851.00	735.50	807.75	820.50	739.50	653.75	620.50	558.25	494.75	491.75	472.75	486.25	471.00	448.00	451.25	430.00	396.50	386.25	361.25	353.25	354.25	354.75	325.75	324.25	335.00	355.00	368.75	489.00	524.75	599.25	584.75	605.25	548.50	629.50	653.00	544.50	436.00	371.00	493.25	551.25	632.75	813.75	841.25	923.00	717.75	521.25	445.50	376.50	414.50	399.25	362.75	369.00	407.75	433.50	571.50	684.00	793.00	678.75	634.00	597.00	603.75	719.00	905.25	875.25	1026.50	1076.25	891.75	746.00	563.50	590.75	788.50	961.00	1323.00	1382.00	1432.25	1602.50	1640.25	1332.25	1083.25	938.25	886.50	663.00	581.00	583.75	609.25	594.50	854.50	894.75	766.75	611.25	512.75	513.25	339.00	489.50	669.75	709.75	672.25	589.75	639.25	634.00	867.75	1087.75	1166.00	1053.00	980.75	860.25	812.00	732.00	519.50	565.25	748.25	819.50	835.50	659.00	686.50	896.50	1054.50	960.25	771.00	620.00	516.75	314.75	313.00	348.00	441.75	555.75	655.75	709.75	650.00	575.25	448.25	390.25	368.00	341.25	386.75	461.00	552.75	539.25	463.25	350.75	371.50	286.75	240.25	292.25	414.75	518.00	638.50	515.25	373.50	264.25	262.50	304.50	350.75	313.50	270.25	348.25	308.50	194.25	182.00	280.50	335.75	313.25	286.50	238.50	161.50	119.00	119.00	118.50	111.25	107.25	97.50	90.25	83.00	77.00	73.00	69.50	67.75	65.25	66.00	66.50	66.00	101.25	202.50	294.50	371.25	284.25	218.00	238.25	184.25	178.75	87.25	93.50	127.50	106.75	90.75	116.75	120.50	118.25	90.00	72.25	65.25	66.00	61.00	60.00	59.50	59.00	57.75	56.00	58.50	53.50	52.75	59.25	58.25	58.75	57.75	57.50	55.25	54.00	52.75	51.25	49.00	45.00	39.25	39.00	38.50	37.25	36.25	37.50	40.00	40.50	41.50	39.25	38.50	47.50	54.00	77.00	112.00	139.75	241.50	275.25	192.50	181.75	191.25	174.25	168.75	168.25	154.00	133.00	94.50	148.25
1297.25	1154.75	973.25	814.00	996.25	1028.50	858.50	758.50	834.75	777.75	724.75	631.00	552.25	551.25	545.00	521.25	509.75	487.00	451.50	442.50	428.00	418.25	419.50	418.25	401.75	382.50	360.25	355.25	324.00	321.50	324.50	376.50	418.00	510.25	506.50	505.50	546.50	534.25	481.25	593.25	622.50	550.00	413.50	361.50	472.25	528.25	647.25	784.75	716.50	834.00	698.00	511.50	457.25	369.00	376.25	361.50	360.00	382.50	456.00	486.75	593.00	698.25	767.75	784.75	832.00	749.75	616.00	713.25	783.25	823.75	943.75	996.00	928.50	823.25	564.00	645.75	904.50	1084.00	1246.00	1181.25	1283.50	1449.75	1586.75	1364.50	1104.50	976.00	944.00	782.75	708.50	713.50	765.75	820.50	838.75	798.75	673.75	640.00	591.75	479.75	332.25	530.25	770.00	725.25	594.00	597.50	620.25	665.75	918.25	1135.75	1069.75	1140.25	1175.50	1016.25	861.75	701.25	575.25	519.00	746.75	860.75	843.00	613.75	648.50	865.00	1024.25	888.75	673.75	536.00	457.00	351.25	305.50	322.50	399.25	528.50	573.25	625.25	567.50	531.25	504.00	426.50	353.50	351.75	469.50	518.75	529.00	454.75	459.00	374.75	334.50	264.25	233.50	264.00	343.25	405.50	515.75	486.00	377.50	308.25	257.50	248.50	273.75	288.00	251.75	293.75	299.00	195.50	175.00	208.50	240.75	237.25	247.50	235.25	164.00	115.00	112.25	112.00	106.25	102.25	94.00	88.00	81.25	75.00	70.00	68.00	66.75	66.50	66.75	66.75	67.75	80.75	133.75	207.00	253.75	180.25	132.25	131.50	132.75	137.50	74.00	79.50	117.25	111.25	82.50	93.00	108.25	124.75	111.50	92.75	91.00	77.25	60.25	59.00	58.75	58.25	56.75	55.75	56.75	54.25	54.50	56.25	55.00	57.50	56.00	56.75	55.25	54.50	53.00	48.75	43.25	41.25	40.75	38.00	36.25	36.50	38.25	39.50	40.00	39.75	44.00	91.75	117.00	98.25	160.00	240.75	231.75	253.00	248.25	230.50	186.25	190.25	202.25	211.50	235.25	232.25	204.50	175.25	114.00	157.00
1275.00	1175.50	1023.50	877.00	1132.00	1047.50	834.00	759.50	856.00	759.00	684.00	564.00	525.00	560.00	606.00	577.50	565.50	530.50	472.50	464.50	449.00	443.00	455.50	461.50	442.50	408.50	352.50	334.50	321.50	320.00	320.00	411.50	460.50	516.00	513.00	431.50	524.50	474.50	452.00	557.50	614.00	568.50	392.00	355.50	441.00	548.50	628.00	730.50	636.00	766.00	698.00	526.00	480.00	367.50	367.50	347.50	360.00	398.50	477.50	530.50	626.50	685.00	693.50	860.00	978.50	854.50	649.50	692.50	689.00	754.00	864.50	921.00	916.50	844.00	556.50	698.00	978.00	1165.50	1148.00	1053.00	1200.50	1346.00	1534.50	1356.50	1086.00	960.00	927.00	864.00	809.00	804.50	880.00	994.50	798.00	682.50	604.00	681.00	641.00	431.00	326.50	545.00	764.00	653.00	519.00	641.00	636.50	685.00	933.00	1077.50	888.00	1190.00	1274.50	1082.50	824.50	648.00	621.50	500.50	713.00	904.50	839.00	575.00	628.00	846.50	1005.50	849.00	649.50	485.50	404.00	388.00	300.50	303.00	375.00	508.00	499.00	567.50	500.50	476.50	537.50	455.00	350.50	367.50	553.50	564.00	489.50	379.00	429.00	432.50	349.00	259.50	229.00	242.50	291.00	336.50	430.50	477.50	424.50	348.00	267.00	226.50	226.50	259.50	242.50	248.00	279.50	197.00	170.50	165.50	177.50	186.50	203.00	210.00	155.50	113.00	107.00	108.00	102.50	98.50	91.50	86.00	79.50	73.00	67.50	68.00	67.00	67.00	67.00	66.50	68.50	68.00	69.00	128.50	160.50	118.00	62.00	58.50	90.00	67.00	57.00	59.50	105.00	120.50	79.50	77.00	107.00	124.50	124.00	108.00	114.50	84.00	59.50	58.50	58.00	57.50	56.00	55.50	54.50	54.00	57.00	53.00	52.50	57.50	56.00	56.00	55.00	54.00	53.00	46.00	37.50	41.50	44.00	40.00	38.00	39.00	40.50	40.50	39.00	38.50	46.50	145.50	195.50	139.00	249.00	378.00	316.50	318.00	210.50	191.00	175.50	179.00	204.50	242.50	291.50	282.50	246.00	215.00	130.50	157.00
1272.50	1099.50	979.50	965.25	1128.75	962.75	857.75	889.75	844.50	744.75	616.25	574.00	638.75	697.25	718.75	716.00	674.50	578.75	566.75	549.00	531.25	491.75	482.25	474.00	403.50	359.50	337.25	336.00	327.00	317.50	316.75	331.75	370.25	446.50	420.00	461.75	440.25	440.25	538.75	588.50	514.25	455.75	372.75	347.00	415.25	498.75	599.25	673.75	557.25	640.50	737.00	580.25	495.25	438.75	347.00	343.25	374.00	408.00	458.50	504.00	590.25	694.50	831.25	969.75	1153.25	926.00	776.00	964.50	924.75	955.00	1109.50	827.75	718.25	772.50	531.50	659.50	1014.75	1006.00	895.25	989.00	1298.75	1524.75	1495.25	1229.75	1014.75	849.50	831.50	945.50	976.75	997.00	1057.50	1139.50	1006.50	848.50	587.75	507.00	557.75	376.50	368.75	544.75	517.00	443.75	584.50	723.75	832.50	805.50	924.50	881.00	779.25	955.50	1078.00	1011.25	974.50	774.00	637.25	530.25	657.75	734.25	777.25	523.50	571.50	769.25	888.75	765.25	650.50	500.25	448.00	399.25	313.50	289.25	322.25	431.50	432.75	551.25	506.75	411.00	435.75	390.75	325.25	374.50	527.25	547.25	494.75	384.50	342.00	388.00	340.75	253.25	219.50	222.75	292.75	330.00	340.75	415.50	403.50	312.50	272.50	229.50	209.25	208.00	209.00	223.25	279.25	209.75	165.50	155.50	156.50	155.25	150.50	147.00	124.75	112.50	103.50	101.00	99.75	94.50	86.25	82.25	78.00	71.25	68.25	69.50	65.00	63.50	66.75	65.00	63.50	64.50	61.00	60.25	61.50	63.25	63.50	62.25	61.00	59.75	61.25	62.25	64.00	123.75	93.50	67.25	69.25	107.00	115.00	87.25	116.25	89.00	58.25	57.25	56.50	56.25	55.50	55.00	53.50	52.50	53.25	53.00	47.75	52.75	55.25	55.50	55.75	52.75	49.00	41.25	41.75	44.50	42.50	38.75	44.00	42.50	40.50	40.00	54.75	82.50	134.50	304.00	334.25	243.75	359.75	392.50	318.50	250.25	229.00	206.50	173.00	167.50	191.00	232.75	276.00	263.50	266.75	206.25	130.75	175.25
1218.50	1133.25	1206.25	1200.50	1229.00	1073.25	947.50	895.00	777.75	612.25	652.75	790.75	820.25	777.00	823.50	771.50	696.75	631.50	535.00	454.75	406.75	388.50	386.50	386.25	371.25	412.00	525.00	481.50	378.50	314.75	312.00	311.25	313.75	339.00	362.00	405.00	424.25	511.00	584.50	613.50	620.50	535.25	560.50	444.50	343.75	361.50	474.50	552.75	453.75	565.50	680.50	567.25	577.00	416.00	326.00	376.00	480.50	464.00	482.25	561.50	712.50	884.00	991.25	1123.75	1153.50	1029.00	917.25	1057.25	1224.25	1134.50	1080.00	830.25	665.25	569.75	498.00	598.75	883.50	757.50	765.75	927.50	1203.25	1363.00	1289.50	1192.25	979.00	916.75	793.75	749.75	856.00	882.25	1096.50	963.50	786.25	741.00	722.25	516.25	364.00	309.50	341.50	387.50	448.50	542.25	711.00	766.50	839.25	938.50	890.25	680.50	733.75	850.75	968.00	1116.00	1209.75	864.75	748.00	657.50	469.25	579.50	764.00	487.00	473.75	561.75	647.25	692.75	586.00	426.25	404.75	393.00	368.50	277.75	281.75	344.25	464.75	540.25	508.00	439.75	343.75	306.25	314.25	489.75	516.75	434.50	381.75	358.75	302.75	274.00	268.50	234.00	209.50	208.75	262.00	265.25	325.25	402.50	447.75	392.00	332.00	277.75	217.50	189.75	180.50	187.00	222.50	213.75	176.75	147.00	143.00	140.75	135.75	126.50	118.00	111.25	102.25	97.00	91.00	90.75	83.25	79.00	73.25	69.25	69.25	70.75	64.50	72.50	72.25	68.75	67.25	66.75	66.75	65.75	65.00	64.25	65.25	63.75	63.00	62.75	63.00	63.75	61.00	55.75	62.75	56.00	54.00	54.75	58.75	57.25	72.75	63.50	55.00	55.50	55.00	55.25	54.75	53.25	53.25	52.25	50.75	50.75	50.25	47.75	46.50	48.50	48.50	49.25	40.50	44.25	43.25	44.25	41.75	43.50	41.25	40.25	44.75	90.00	146.00	233.50	383.25	402.25	454.50	362.75	354.00	314.25	300.75	285.50	254.50	222.00	186.25	178.50	154.00	177.25	169.50	149.25	131.25	136.00	176.75	275.75
1207.75	1097.50	1194.00	1217.50	1245.00	1102.75	898.25	816.75	715.75	619.75	739.75	884.50	863.75	726.00	742.75	734.25	633.25	605.00	507.50	425.25	406.00	428.00	440.25	443.75	421.50	523.50	625.00	556.25	407.25	313.75	310.25	308.75	310.50	335.00	406.00	471.25	508.50	538.00	520.00	541.75	597.25	637.50	659.75	547.50	399.00	323.75	385.75	482.50	429.25	570.50	605.50	493.50	565.75	370.00	317.50	378.75	566.50	573.00	518.75	638.50	827.00	994.25	1199.75	1220.50	1270.00	1158.50	1018.25	1183.75	1341.75	1319.00	1150.00	838.00	697.75	603.75	494.50	604.50	734.25	653.00	728.75	846.50	1055.75	1181.50	1109.25	1010.25	867.75	826.75	782.75	639.50	787.75	754.00	984.75	1044.50	833.00	677.25	632.00	515.75	440.75	308.00	347.50	433.25	561.25	571.00	714.75	714.00	780.00	899.75	800.75	655.25	727.50	785.00	861.25	1010.75	1219.00	952.75	750.50	631.00	443.25	553.50	759.50	504.00	429.50	492.00	569.25	645.25	597.25	430.75	376.75	348.00	335.50	274.50	273.75	330.25	452.00	499.00	497.75	462.25	367.75	291.75	321.50	444.25	486.75	421.75	358.00	321.50	305.25	280.75	260.25	226.00	206.75	204.25	229.75	248.25	338.25	414.25	454.50	424.00	350.50	295.00	224.75	185.50	175.00	171.75	193.75	221.75	179.50	142.50	138.50	134.50	130.50	124.25	116.50	110.50	101.50	95.75	88.25	87.50	82.75	76.00	71.00	69.75	69.00	72.00	66.75	68.25	70.50	68.00	67.00	65.75	66.50	64.25	64.50	64.75	65.50	64.00	63.00	63.25	62.50	62.50	62.75	58.75	55.25	54.25	54.75	58.25	59.50	54.25	59.75	57.75	55.25	55.50	53.75	54.00	54.00	52.50	52.75	52.25	50.75	49.50	50.00	52.00	46.75	45.25	42.75	44.25	40.75	45.00	44.50	44.00	43.25	44.00	41.50	40.75	56.00	111.75	236.25	360.75	481.50	447.25	394.50	293.75	270.00	290.50	360.50	316.00	249.00	219.25	192.75	183.75	141.50	145.75	139.25	128.50	135.75	174.50	243.75	330.75
1058.75	934.50	870.50	923.75	945.25	848.00	719.75	678.50	727.50	917.75	907.00	880.25	738.50	687.75	659.75	552.75	505.25	488.50	452.25	488.50	604.25	624.25	595.50	512.00	493.25	623.25	670.00	538.25	395.75	312.50	309.00	305.50	306.00	324.25	479.75	468.50	463.75	446.50	413.25	485.50	628.00	803.25	725.50	601.00	489.50	339.00	309.50	333.25	391.50	486.50	579.25	396.50	386.25	307.00	311.25	491.25	751.50	741.50	622.50	789.25	926.25	1053.75	1274.75	1352.75	1409.25	1345.50	1206.50	1398.25	1397.00	1218.50	1131.00	817.50	661.00	551.25	477.50	506.50	580.25	683.00	736.00	802.00	917.25	1084.75	1193.50	1082.50	933.75	717.75	606.25	521.50	567.00	746.00	959.25	1079.00	780.50	623.25	517.00	662.75	648.75	402.75	304.00	364.50	500.50	677.00	738.00	728.50	687.00	758.50	595.75	641.00	752.00	994.00	1093.75	1084.25	1006.50	782.50	741.00	682.00	465.00	440.00	714.75	536.25	380.75	381.00	429.75	512.75	471.25	395.50	360.75	322.75	303.25	263.25	262.75	269.50	324.75	363.50	462.75	452.00	331.75	270.50	291.00	344.25	389.75	427.50	386.00	328.25	336.75	315.75	275.50	226.00	200.00	196.25	197.25	233.50	311.50	355.75	361.00	344.50	311.75	276.75	247.25	189.00	166.25	158.75	157.50	195.00	212.50	140.25	130.25	126.50	122.75	117.50	113.75	105.25	98.00	93.25	85.00	83.25	77.75	76.25	71.75	70.25	68.75	69.25	74.75	73.25	65.75	67.75	67.50	67.75	68.00	69.75	68.50	69.50	69.00	67.75	67.00	67.00	67.00	65.25	66.75	63.00	60.75	57.00	56.50	63.75	62.25	55.75	59.25	57.25	57.00	55.50	54.75	54.50	53.25	52.25	52.50	51.50	50.00	49.50	49.50	51.00	52.50	46.50	39.50	44.50	49.00	51.75	52.75	51.25	48.50	50.25	114.50	75.50	69.75	131.00	307.25	396.75	438.75	331.75	334.75	335.50	345.75	290.50	278.50	305.00	302.75	280.00	235.75	191.75	166.50	176.00	149.50	153.25	183.25	179.25	255.75	378.50
1060.25	934.00	820.50	838.00	826.25	809.75	746.75	723.00	842.00	988.75	883.75	830.50	723.25	653.75	605.25	582.00	543.25	470.50	471.25	596.00	705.00	661.00	564.50	468.75	506.50	621.25	600.50	483.00	420.00	333.00	308.50	303.00	302.75	308.00	387.50	387.75	414.00	437.25	452.50	519.75	619.75	783.25	682.50	596.25	521.75	425.75	318.75	345.50	468.00	597.50	600.00	399.75	316.75	297.50	335.50	494.00	665.25	599.00	501.50	587.00	721.50	852.25	1018.75	1065.00	1171.00	1251.75	1238.50	1319.50	1225.50	1005.50	917.50	724.50	626.25	523.25	462.00	481.75	618.00	744.00	794.75	882.50	1019.75	1098.25	1117.25	1022.75	931.75	803.25	645.50	603.00	501.50	603.00	746.50	884.00	853.75	701.00	519.00	592.75	663.75	492.50	292.00	293.75	533.25	596.25	646.75	791.75	663.00	612.00	592.50	701.25	828.00	998.25	1031.50	960.00	991.50	742.00	607.50	595.00	450.25	412.00	611.25	495.50	384.75	347.25	381.25	502.75	530.75	439.50	387.00	344.25	318.00	255.50	254.25	253.75	269.00	308.00	403.75	431.00	340.25	260.25	288.00	375.50	385.50	418.25	386.75	330.75	321.50	293.00	257.25	215.00	193.50	188.50	188.75	213.00	291.50	306.75	294.25	289.00	270.75	279.50	238.75	184.00	159.25	151.25	148.25	166.50	205.25	155.00	127.25	121.00	116.75	111.75	108.00	100.25	97.25	91.25	82.25	79.50	72.75	72.25	71.75	71.50	69.75	68.50	74.75	84.75	71.00	69.50	70.25	71.00	70.50	72.25	72.00	72.50	72.25	70.25	69.25	70.50	69.25	69.25	68.75	63.75	62.25	57.25	57.00	60.75	58.25	54.75	55.00	56.25	57.00	58.50	55.50	54.75	54.00	51.50	53.00	52.50	50.50	50.50	49.75	49.00	49.75	45.75	42.00	52.25	55.75	56.50	65.25	73.00	67.25	70.75	139.50	92.50	98.75	171.75	268.75	298.75	336.75	349.25	395.25	383.25	365.50	302.00	235.75	258.00	270.00	279.00	213.25	186.25	206.75	199.00	167.25	186.75	195.25	222.25	287.75	352.25
1047.00	955.50	854.75	898.50	870.00	931.50	849.50	857.75	926.75	1006.75	897.00	813.75	758.00	643.75	558.00	659.50	585.50	486.25	544.75	704.75	754.00	654.00	525.75	429.00	533.25	604.50	514.25	446.75	474.75	381.00	323.75	300.75	299.75	302.25	318.25	394.50	473.75	518.75	556.25	597.50	673.00	739.25	627.00	611.00	605.75	501.50	333.00	362.75	533.75	681.25	564.25	364.25	290.00	305.75	354.25	431.25	495.50	418.25	398.00	433.00	553.50	670.00	789.50	837.50	916.50	999.75	1091.25	1154.75	1123.50	906.00	817.50	682.50	602.75	515.50	455.25	480.50	619.00	720.25	863.75	1020.25	1218.25	1162.25	1051.25	1022.50	889.75	844.75	755.75	697.00	537.75	454.50	504.50	725.25	886.25	763.00	538.75	478.25	581.25	533.00	316.50	275.25	536.25	459.50	578.00	835.75	700.50	507.50	594.00	731.75	879.75	847.50	826.50	777.00	937.50	797.75	575.50	499.00	437.75	394.25	499.75	435.00	375.25	327.50	347.00	475.50	570.00	492.50	421.25	377.25	359.00	250.50	246.75	247.00	240.00	261.50	352.75	419.25	365.75	250.75	289.00	418.00	373.75	399.00	395.00	338.00	318.50	288.50	265.75	213.25	187.00	181.50	183.25	192.00	261.75	257.50	239.00	230.25	222.25	253.25	220.50	185.50	154.50	143.75	141.25	145.25	197.00	170.00	127.75	115.50	111.00	107.00	101.75	94.75	93.00	89.00	79.75	74.00	71.00	72.25	73.50	72.75	70.00	67.50	70.50	87.50	89.50	83.25	74.00	74.00	73.75	74.75	75.00	75.00	74.50	72.50	72.00	74.75	72.00	73.50	71.50	65.00	64.00	58.50	57.25	56.25	57.50	56.50	56.50	54.50	54.00	56.50	55.25	52.75	52.00	51.25	53.00	53.50	52.25	50.25	47.75	45.50	44.25	43.50	49.25	58.00	60.00	61.25	90.00	115.75	109.25	89.25	117.25	111.25	147.50	221.50	240.50	247.00	255.75	311.25	376.50	355.75	306.00	269.00	275.75	273.00	294.50	306.25	218.25	223.50	239.50	213.25	196.25	269.00	212.00	262.75	321.25	338.75
1178.50	1116.00	1071.75	1114.00	1094.50	1147.25	1003.25	1012.50	1004.75	966.25	859.75	746.75	751.00	681.25	664.00	641.25	526.00	519.75	625.75	746.00	762.25	681.00	528.50	457.25	548.50	616.50	532.50	546.25	549.25	470.25	384.75	309.00	299.25	299.75	315.25	460.25	562.50	614.00	656.50	685.50	714.50	654.50	497.50	504.25	525.50	463.00	315.50	355.75	497.00	578.75	488.25	306.00	279.00	338.25	438.75	505.50	496.00	377.25	352.00	374.75	462.25	538.50	625.75	687.00	792.25	931.50	1091.50	1194.00	1183.00	990.00	920.50	814.50	710.25	594.00	473.00	520.50	666.25	719.50	919.25	1123.25	1392.25	1289.75	1093.75	1066.25	880.50	766.50	847.75	791.75	677.00	505.50	442.75	592.00	819.00	779.50	599.50	492.50	458.50	448.50	347.75	273.50	405.00	394.75	533.00	761.25	737.50	543.25	527.25	783.00	871.00	717.25	649.50	680.00	796.50	719.75	604.50	525.00	421.50	383.25	491.75	443.75	404.00	341.50	321.50	454.25	519.00	438.00	373.75	331.00	328.50	245.00	240.50	239.50	232.00	235.50	305.75	365.50	331.50	241.00	282.25	348.50	326.00	362.25	345.25	293.00	276.75	256.50	239.50	200.75	180.00	175.25	176.25	176.75	205.75	211.75	200.50	183.25	181.25	196.25	193.00	184.50	151.00	136.50	134.50	133.75	168.00	152.25	122.25	110.25	105.75	101.50	96.25	90.75	86.00	85.00	78.00	72.75	71.50	73.00	74.50	73.00	70.75	67.75	71.25	79.25	91.50	85.50	77.25	77.25	76.75	77.00	77.00	77.25	76.50	75.75	76.00	75.75	75.50	74.50	72.25	67.00	66.50	63.00	59.25	57.25	60.50	59.00	58.50	53.75	53.00	51.00	50.25	52.25	51.75	51.25	52.50	53.50	50.75	48.50	47.75	46.00	46.75	47.25	55.25	61.00	64.00	66.00	108.50	155.75	138.25	108.75	125.50	168.75	225.75	254.25	204.25	214.75	251.75	343.25	380.25	321.50	316.50	346.25	375.75	343.25	333.25	334.50	275.50	299.50	279.00	218.00	245.25	363.75	270.50	238.75	305.75	367.00
1314.50	1320.75	1278.50	1240.25	1259.75	1292.25	1085.00	1059.25	1080.75	988.00	876.75	757.25	781.25	771.25	739.00	580.25	492.75	579.50	696.50	746.75	716.75	640.75	500.50	529.00	542.00	646.25	617.75	662.25	617.75	566.00	451.00	347.50	322.00	296.00	317.50	490.00	602.50	634.00	672.25	665.25	635.75	536.00	375.25	369.50	377.25	363.75	285.75	347.75	408.00	408.75	371.50	274.25	271.75	360.25	520.50	583.75	509.00	366.75	309.00	328.50	400.00	440.50	536.75	612.75	754.50	935.25	1154.75	1269.50	1280.25	1122.25	1060.00	987.00	875.75	686.75	482.75	590.25	795.00	783.75	1012.50	1226.75	1357.00	1287.75	1080.00	945.75	815.50	682.25	884.00	914.75	766.00	546.50	424.00	489.25	808.75	832.25	707.00	590.25	452.75	375.25	324.75	271.50	370.75	402.00	562.75	729.00	753.25	555.75	480.25	768.50	787.00	635.75	511.50	629.50	652.25	634.50	576.50	531.50	389.75	372.25	502.25	462.00	429.75	363.25	300.50	425.00	484.75	385.50	330.25	283.25	277.00	238.00	233.25	233.00	226.00	222.25	263.00	303.00	276.75	231.00	258.25	277.75	302.50	325.00	287.00	248.25	232.75	213.00	202.25	192.50	174.75	169.50	167.50	167.75	167.50	180.75	168.25	152.75	154.50	155.25	162.75	174.00	146.00	129.75	127.25	124.00	126.50	125.50	116.00	113.00	106.00	97.25	91.25	86.75	82.00	78.25	75.00	73.75	70.50	71.25	71.00	70.50	69.00	73.00	76.75	79.00	80.25	78.25	79.75	80.00	78.75	79.00	79.50	80.00	79.25	79.25	79.25	77.25	78.25	75.25	72.75	69.75	68.50	66.25	63.25	59.50	60.00	59.25	58.50	56.25	56.00	51.75	47.75	51.50	50.50	48.75	50.75	49.75	48.75	46.25	48.50	49.25	51.25	53.75	62.75	63.75	68.25	70.75	94.00	128.75	131.25	132.75	144.75	220.25	288.25	247.25	178.25	214.00	265.00	383.00	393.00	337.75	396.25	470.50	470.00	396.00	354.50	367.75	388.50	391.50	315.50	224.00	309.25	423.75	348.00	252.25	272.50	362.50
1139.50	1325.00	1309.25	1073.25	1082.50	1098.00	955.50	965.25	1126.00	1137.75	1034.75	976.50	847.50	749.50	794.75	541.00	551.25	706.00	820.75	749.25	625.75	528.00	533.75	666.50	587.50	625.25	814.25	854.50	766.50	596.50	570.50	583.00	530.75	331.00	300.25	484.50	566.25	493.00	482.00	401.00	335.75	301.50	272.75	266.50	258.75	256.75	258.50	279.00	274.25	264.50	262.00	261.50	271.25	388.75	459.00	442.50	464.75	366.00	280.00	316.75	362.50	397.50	521.25	579.50	701.50	829.25	1056.00	1195.75	1278.75	1306.75	1259.25	1054.75	915.50	687.25	467.00	563.50	939.50	960.75	991.75	993.25	978.00	959.50	1010.50	979.00	815.00	637.00	884.50	1006.50	848.50	628.50	556.50	379.25	546.50	649.25	712.50	585.00	542.75	466.75	289.75	261.50	508.25	647.25	758.75	795.50	683.00	541.00	431.25	572.75	604.50	461.25	514.75	620.50	553.25	498.75	518.50	439.25	355.75	358.50	477.75	477.00	417.75	362.00	300.50	312.75	386.00	366.50	336.75	280.75	272.25	252.00	223.00	226.25	217.50	213.75	215.50	240.00	223.50	220.00	233.50	298.50	344.75	368.50	309.25	220.00	243.00	224.25	230.25	247.75	207.00	166.25	162.50	159.50	159.50	166.75	151.25	131.75	136.50	134.00	140.50	162.00	144.25	121.00	118.00	114.50	113.00	108.75	118.75	192.00	239.75	125.00	85.75	80.50	74.75	73.00	72.00	71.75	72.50	75.50	73.50	74.50	77.00	79.75	80.50	80.00	80.50	81.50	81.50	82.25	81.25	82.50	83.75	84.25	85.00	85.50	83.25	84.00	80.25	75.75	75.00	72.75	70.75	70.25	68.00	64.75	61.00	57.75	55.00	54.00	56.00	57.00	54.00	48.75	63.75	74.50	50.00	48.50	60.25	113.50	114.75	65.50	57.50	75.75	93.50	79.00	72.00	76.25	80.75	81.75	122.00	162.50	275.50	316.50	270.75	195.50	164.75	193.75	200.75	246.25	312.00	484.75	554.00	554.25	478.00	429.25	506.50	575.75	554.75	480.50	360.75	234.50	306.00	419.75	475.50	341.75	284.25	391.25
1044.75	1125.50	1152.25	1060.00	981.50	995.00	904.25	1018.50	1078.25	1023.50	991.50	985.00	870.25	700.25	712.75	532.00	606.25	727.00	828.25	730.50	610.00	539.50	609.75	735.00	656.75	680.75	835.50	897.00	811.50	727.00	706.00	653.00	537.75	331.00	329.50	523.75	550.00	432.75	369.75	305.25	272.75	267.00	268.00	268.25	267.25	271.25	266.25	253.75	251.75	249.25	252.00	255.50	304.00	461.25	436.25	382.75	415.25	349.50	272.00	334.00	317.75	372.50	466.00	550.00	655.00	797.75	1068.00	1132.75	1187.50	1256.25	1284.00	995.75	832.00	649.25	458.25	511.75	834.75	850.25	881.25	814.75	814.50	828.25	915.50	954.75	770.50	608.50	818.50	1032.50	910.00	705.50	638.75	418.00	393.00	475.75	598.00	544.75	467.00	433.75	264.50	256.00	448.25	643.25	721.00	701.25	676.50	589.00	456.50	497.50	545.75	428.00	535.00	590.00	534.25	458.50	432.00	377.75	346.50	350.50	459.75	447.75	419.75	399.00	309.75	284.00	332.50	345.00	337.00	268.75	262.25	264.25	218.75	220.50	214.50	209.75	205.75	220.25	214.50	213.00	228.00	280.50	330.25	386.50	357.75	211.75	237.50	232.50	234.75	277.50	260.00	177.25	158.25	157.25	156.00	156.00	161.50	128.25	122.75	123.50	130.00	155.00	143.00	116.25	113.25	110.50	109.00	103.75	108.75	186.25	211.50	109.00	81.75	77.50	74.00	74.75	71.25	73.00	77.75	75.00	74.75	77.00	78.00	82.00	81.50	81.25	82.00	84.00	83.00	84.25	83.25	84.00	85.25	87.75	87.75	90.00	86.25	86.00	82.25	78.00	76.00	74.50	74.00	72.75	70.50	67.50	63.75	60.00	55.50	54.25	54.00	55.75	55.25	53.25	103.75	131.00	73.00	75.75	91.25	158.75	144.00	77.25	65.75	75.50	95.25	90.75	77.75	76.75	83.75	82.75	131.50	207.75	368.75	375.50	253.75	164.50	162.50	201.00	225.50	264.25	323.50	511.75	514.25	542.25	535.00	498.00	603.25	639.50	567.00	480.50	337.50	237.00	354.00	434.25	481.75	367.00	305.75	353.00
965.00	943.25	912.50	920.00	858.00	820.00	897.25	1072.25	916.25	903.25	773.75	844.00	789.75	672.00	558.00	576.75	694.75	795.50	843.00	785.75	662.25	639.50	777.00	868.75	836.50	877.50	911.00	926.50	869.00	686.50	553.00	436.75	343.50	290.25	430.50	535.25	459.25	336.00	275.50	270.00	269.75	274.00	310.00	382.75	381.75	356.00	379.00	354.75	331.75	336.50	260.00	246.00	272.00	335.50	328.25	280.75	264.25	255.50	248.75	269.50	280.25	329.50	438.00	537.50	671.75	824.00	849.00	779.50	803.25	953.00	1126.75	913.75	732.50	571.00	454.75	418.50	558.75	649.00	736.25	639.25	603.25	651.00	842.75	953.75	768.25	549.50	711.00	1134.50	976.00	691.75	552.25	443.25	360.25	321.25	365.00	481.25	430.75	322.25	247.75	250.25	454.50	677.25	612.00	468.25	620.50	632.75	470.50	378.00	405.50	415.50	495.25	521.25	504.50	392.00	330.00	321.25	329.25	357.75	400.50	396.75	404.00	363.00	296.00	254.00	272.75	296.25	343.50	275.75	230.50	232.50	213.75	211.25	207.50	202.25	197.25	196.00	202.00	200.50	214.50	274.00	312.25	334.25	303.00	198.00	198.25	208.25	193.00	233.25	298.00	265.50	162.75	149.25	148.50	145.75	181.00	140.25	117.00	108.00	116.50	127.75	125.50	106.75	105.00	103.00	101.25	96.25	93.75	95.25	90.25	79.75	75.00	76.25	76.25	71.75	73.75	75.00	76.00	74.75	76.75	79.50	82.00	85.25	85.00	85.00	85.50	87.00	87.00	88.25	87.50	88.25	90.25	94.75	96.00	91.75	89.50	90.00	85.00	81.00	78.00	78.25	77.25	73.75	71.00	68.00	63.50	62.50	61.25	62.50	63.75	61.25	82.00	145.50	178.25	186.75	118.00	151.25	193.00	160.75	111.50	87.75	99.50	88.75	85.25	104.50	106.75	94.75	87.75	89.00	122.50	230.00	346.50	342.00	245.00	144.00	188.00	258.75	355.50	417.50	428.75	418.00	490.00	609.25	659.00	682.00	669.25	555.75	441.25	367.50	306.00	267.75	303.50	354.50	466.00	379.25	362.25	510.75
1041.50	1023.50	921.50	869.00	868.50	775.50	979.00	1031.50	808.50	780.00	726.50	693.00	653.50	585.50	615.00	680.00	632.50	681.50	826.00	803.50	778.50	670.50	799.50	924.50	794.50	750.00	761.50	775.50	730.50	575.50	415.00	332.00	294.50	290.00	397.00	360.50	289.00	276.50	276.00	307.50	296.00	325.00	363.50	448.50	492.50	439.00	501.00	573.00	513.50	514.00	366.50	246.00	244.50	240.00	240.00	239.00	236.50	235.00	235.50	245.50	307.00	365.50	461.50	535.50	605.50	675.00	661.00	602.00	690.00	959.50	1115.00	997.50	798.00	617.00	508.00	402.50	458.00	567.50	617.50	538.50	517.50	740.50	853.00	835.50	711.50	508.00	641.00	1074.00	915.50	618.00	491.50	597.00	510.00	386.00	293.50	315.50	373.00	320.50	243.50	244.50	423.50	631.00	528.50	418.50	585.50	573.00	467.00	339.50	335.50	397.50	467.50	493.00	478.00	339.50	309.00	314.50	346.00	452.00	329.00	322.00	378.00	350.00	275.00	240.50	240.50	266.00	307.50	279.50	231.50	206.00	201.50	206.50	201.00	195.50	190.50	189.00	196.00	192.50	209.00	257.00	289.00	312.00	289.50	193.50	165.50	161.00	170.50	197.00	246.50	297.50	239.00	157.50	143.00	141.50	204.50	184.00	132.00	105.00	103.00	106.50	108.00	100.50	99.00	97.50	96.50	91.50	88.50	87.50	83.00	76.50	76.00	76.50	75.00	74.00	73.00	76.00	75.50	76.00	79.00	82.00	82.50	87.00	87.50	88.00	88.50	89.50	90.50	91.00	91.00	91.50	93.50	99.00	94.50	94.50	96.50	94.00	86.50	84.00	78.00	78.00	77.00	72.00	69.50	67.50	65.50	65.50	65.00	65.50	70.00	67.00	101.50	132.50	200.00	205.00	193.00	202.50	210.00	117.50	113.50	120.00	130.00	110.00	83.50	104.00	118.50	116.00	102.50	93.00	95.50	106.50	303.00	227.50	163.50	162.50	234.50	312.50	407.50	480.50	412.00	490.00	507.50	559.50	611.00	599.50	617.00	593.00	481.00	409.00	354.50	273.00	351.00	450.50	460.00	471.00	471.50	612.00
1109.75	995.75	857.00	779.00	789.50	745.00	851.50	940.25	866.50	705.00	676.00	665.50	644.25	704.50	768.25	878.00	831.25	793.25	890.50	921.00	838.25	690.00	817.00	977.00	792.50	650.75	566.50	599.50	604.00	620.75	462.50	346.75	297.50	286.00	291.00	285.50	279.75	277.00	282.00	366.50	373.50	406.75	451.50	476.00	556.25	521.00	627.75	712.00	695.50	641.50	459.25	298.00	253.75	240.00	237.00	235.50	233.50	233.50	229.25	228.25	254.00	279.00	336.50	445.50	511.75	541.25	506.50	534.00	667.50	951.50	1137.00	914.75	885.50	855.50	714.75	518.50	393.25	433.75	465.00	483.00	590.00	822.00	793.50	678.75	706.50	550.00	516.00	942.25	960.50	694.25	599.75	563.50	457.75	386.25	326.00	283.00	273.50	264.00	237.00	238.25	380.50	474.00	408.25	367.50	466.00	511.75	433.50	346.25	316.75	361.75	416.50	444.00	399.00	299.50	301.50	319.75	444.50	506.25	348.50	306.75	289.25	304.00	288.75	228.75	228.00	241.75	279.00	286.75	238.75	198.00	194.25	196.75	195.00	191.00	185.25	182.75	183.75	184.00	204.00	241.00	262.25	258.50	231.25	182.00	151.50	145.00	164.00	174.50	209.75	285.50	304.50	277.25	152.00	135.75	207.00	195.25	139.00	108.50	98.50	96.75	94.75	95.00	93.50	92.25	91.50	87.50	84.75	82.00	79.25	77.25	77.00	73.00	72.25	77.00	78.50	76.50	75.00	77.75	80.25	83.00	85.25	90.00	90.75	91.50	92.00	93.25	93.50	93.75	94.00	94.75	98.00	103.25	98.00	102.75	95.75	92.75	91.50	90.00	85.75	78.50	75.75	72.50	71.25	69.50	69.75	72.25	76.50	72.50	72.50	73.00	88.00	133.25	183.75	196.00	205.00	222.25	171.00	150.00	181.25	190.75	191.00	140.75	93.75	112.75	137.25	138.00	127.75	115.75	103.00	105.25	121.75	133.00	135.25	190.25	269.25	341.00	448.25	537.75	455.25	343.50	439.75	523.50	451.75	460.50	615.25	596.50	401.00	341.50	299.25	287.25	439.50	535.25	610.75	634.00	518.50	598.75
1073.00	1020.50	860.50	760.00	672.50	667.00	809.50	897.00	887.00	851.00	831.50	845.50	745.00	891.00	954.50	1009.50	1007.50	970.50	1014.50	905.00	725.00	657.00	732.50	855.50	669.00	641.50	496.00	457.50	488.00	612.00	584.50	462.50	371.00	285.50	282.50	280.50	278.50	275.00	283.50	342.00	443.00	495.00	573.00	595.00	629.00	613.50	721.00	818.50	715.50	606.00	463.50	401.50	316.00	270.00	256.50	254.00	255.00	244.00	237.00	230.50	228.50	224.50	245.00	355.50	433.00	414.00	410.00	574.50	768.00	1067.50	1192.50	774.00	729.00	820.00	783.00	576.00	355.50	433.50	674.50	757.00	579.00	839.00	801.00	576.50	661.50	662.50	451.50	788.50	926.50	769.00	656.50	478.50	465.00	494.00	404.00	315.50	260.50	250.50	233.00	233.00	300.50	353.00	333.50	330.50	407.00	507.00	487.00	408.00	310.50	295.00	318.50	358.00	302.00	290.00	380.50	444.00	501.50	502.00	351.50	311.00	286.50	249.00	246.50	217.50	218.00	223.00	258.50	286.50	243.00	203.00	187.50	190.00	187.50	185.00	179.00	177.00	175.00	177.50	197.00	235.50	221.50	207.00	187.50	162.00	141.50	131.00	141.50	155.50	181.00	246.00	256.00	233.50	161.50	130.00	134.50	172.00	146.50	110.50	97.50	94.00	91.50	90.00	88.50	87.50	86.50	86.50	81.00	78.50	79.50	78.00	77.50	71.00	71.00	78.50	78.50	77.00	75.00	77.00	80.50	83.50	86.00	93.00	95.00	94.00	94.50	96.00	96.50	97.00	99.00	98.50	102.50	105.50	103.50	104.00	104.50	105.00	115.50	114.50	89.00	80.00	76.00	94.00	98.50	83.50	84.50	120.00	110.50	80.00	75.50	78.00	81.00	97.00	108.50	125.00	151.00	187.50	184.00	228.00	296.50	332.00	299.00	186.00	104.00	131.50	172.00	189.00	206.50	200.50	106.50	110.50	111.00	113.00	179.00	286.50	380.50	415.00	441.50	503.50	426.50	359.50	475.50	402.50	345.50	457.00	629.00	541.00	432.50	486.00	376.50	320.00	513.00	548.00	571.00	562.50	635.00	594.50
880.75	883.75	798.00	694.00	634.00	659.25	785.50	815.50	989.25	1084.50	986.00	921.50	884.75	855.50	896.75	829.25	903.50	918.00	1091.75	988.00	804.75	699.75	726.25	739.75	592.50	518.75	471.75	435.00	411.00	422.00	428.25	417.75	402.00	314.00	288.25	282.25	280.00	298.00	346.25	417.25	544.50	605.50	667.25	707.25	710.75	736.50	812.75	856.00	809.50	733.75	574.00	396.50	309.00	345.75	402.25	451.50	431.25	365.75	333.75	276.75	228.25	224.00	220.25	254.75	295.00	308.00	408.75	555.50	703.00	967.75	1183.50	908.50	708.50	619.00	630.00	618.00	350.50	377.25	650.00	798.00	711.25	726.50	811.50	733.00	549.00	540.25	424.50	693.75	829.00	809.00	662.50	543.50	451.00	406.00	353.00	316.75	276.50	256.75	231.25	227.50	235.25	281.50	306.25	312.75	405.50	489.50	480.50	485.25	420.00	299.50	277.75	280.50	271.00	342.50	435.50	506.75	627.75	560.25	415.50	409.00	363.25	309.75	236.75	208.00	209.25	209.75	232.25	267.50	261.50	227.75	189.75	181.00	184.50	178.50	174.00	171.00	169.50	170.25	182.75	211.75	191.50	174.50	156.00	142.75	130.25	119.00	127.00	143.25	156.50	210.25	225.25	179.50	130.25	126.75	127.50	160.25	151.00	107.25	99.50	95.25	90.50	87.50	86.00	83.50	83.00	79.75	79.25	79.50	81.75	79.75	77.75	72.50	78.25	73.50	76.50	74.00	72.75	81.75	85.00	87.25	89.50	93.50	95.50	98.75	98.00	98.50	99.75	101.50	101.75	102.00	109.00	106.25	110.00	104.00	108.00	136.00	169.75	142.00	101.25	86.50	80.25	86.25	112.25	132.50	125.25	149.75	110.50	109.00	116.25	88.50	85.50	91.75	121.00	168.00	192.25	225.25	268.25	369.25	344.75	248.50	205.00	140.75	144.00	195.75	263.75	277.25	292.50	305.75	142.75	131.25	113.50	117.25	223.75	366.75	439.25	441.50	364.50	441.00	451.50	283.75	330.75	325.50	437.25	564.25	605.50	577.00	541.75	427.50	352.25	323.75	372.75	380.25	441.50	429.50	572.00	630.75
844.50	749.50	831.50	685.50	611.00	704.00	954.00	1038.50	1038.50	1027.50	856.00	737.00	736.00	769.50	770.00	696.50	749.00	890.00	1069.00	1120.00	954.50	766.50	623.00	582.50	623.00	521.00	472.50	462.00	439.00	391.00	365.50	341.50	329.00	323.00	301.00	293.50	292.00	365.00	477.50	532.00	626.00	693.50	676.00	656.00	641.00	696.50	830.50	950.50	996.00	879.50	608.00	399.00	374.50	481.00	585.50	642.50	581.50	501.50	469.50	398.00	273.50	227.00	219.00	224.50	266.50	350.00	527.50	696.50	901.00	1152.50	1233.00	979.00	856.50	675.50	553.50	545.00	368.50	340.50	539.00	642.50	679.00	626.00	784.50	852.00	674.00	474.00	377.50	567.00	684.00	747.00	606.50	679.00	596.00	488.50	430.00	363.50	311.00	318.50	223.50	222.00	224.00	249.50	284.50	306.50	375.50	430.00	424.00	479.00	465.50	341.00	273.50	262.00	283.00	406.00	396.50	443.50	564.00	572.50	514.50	498.00	409.50	299.00	241.00	201.50	197.00	197.50	207.50	234.50	261.00	225.00	199.00	176.50	181.00	174.00	168.50	166.00	163.50	163.00	168.00	187.00	168.00	145.50	134.50	126.00	118.00	110.50	118.50	131.00	130.00	162.00	177.50	155.50	126.00	121.00	122.00	118.50	109.00	104.00	99.50	95.00	89.50	85.00	84.50	81.50	79.50	77.50	77.00	78.50	81.50	82.00	76.00	75.50	75.00	74.50	77.50	73.00	72.00	80.00	86.00	96.00	101.50	96.00	99.00	104.00	101.00	101.50	103.50	106.50	106.00	105.00	111.00	108.50	111.50	102.00	102.00	121.50	158.00	178.00	156.50	116.00	111.00	87.00	111.00	148.00	199.00	168.50	112.00	167.00	193.50	123.00	94.50	94.50	118.00	153.50	184.50	249.00	360.50	328.50	264.00	192.00	154.50	140.50	221.00	250.00	294.00	382.50	283.00	196.00	236.00	267.00	146.50	122.00	158.50	266.00	357.50	385.50	256.00	406.50	346.00	303.00	341.00	416.00	559.50	601.00	521.00	658.50	608.00	523.00	507.50	386.00	438.00	433.00	486.00	514.50	499.50	588.00
923.25	753.75	666.75	686.75	665.00	849.25	1024.50	1056.00	1101.25	1148.75	1024.25	877.00	710.25	647.00	678.75	793.50	831.75	892.50	942.25	957.00	912.25	854.75	797.25	654.25	560.75	572.50	555.75	559.75	537.00	471.25	470.75	427.75	372.75	322.25	310.00	298.00	305.25	350.75	452.25	580.00	691.25	680.25	581.50	534.00	546.50	609.25	665.25	857.00	976.25	849.75	620.50	457.25	512.75	615.00	708.75	796.25	726.75	667.50	611.25	535.50	363.75	246.25	219.00	218.50	279.00	432.50	618.50	781.25	956.25	1069.25	1160.75	1156.75	996.00	841.75	701.25	514.25	414.00	333.50	394.50	499.50	546.50	597.00	672.50	766.75	753.75	599.50	477.75	441.75	553.50	529.00	494.25	645.00	601.25	480.00	430.50	414.50	414.00	358.25	216.50	216.00	220.50	224.25	263.50	328.25	380.50	401.25	377.75	406.75	397.25	318.50	262.75	253.75	305.25	436.50	487.50	499.50	465.00	445.00	471.75	418.75	394.25	344.25	290.50	204.25	188.25	188.50	202.75	261.00	254.25	250.50	239.25	194.75	173.25	170.75	162.50	161.00	160.50	156.75	156.25	162.25	152.00	133.75	121.00	114.25	109.25	104.00	102.00	107.75	112.50	126.25	128.50	117.50	117.00	114.25	114.75	113.00	106.25	102.25	99.50	96.25	90.75	85.25	82.75	80.25	81.50	80.00	79.50	80.00	82.00	80.00	77.50	79.75	77.75	76.25	74.75	72.75	72.50	73.75	87.25	96.00	92.75	95.50	99.00	115.75	103.25	104.75	107.25	109.25	109.50	109.50	114.50	111.50	108.50	105.00	107.00	110.00	141.50	192.00	183.75	171.75	179.50	130.75	126.00	184.00	243.00	233.75	211.25	240.75	214.75	130.75	123.25	127.50	116.00	131.50	171.00	281.00	376.25	293.25	220.75	165.00	183.25	224.50	234.00	293.50	278.25	248.75	228.25	260.50	387.75	389.25	250.50	197.00	140.00	153.25	198.75	232.75	187.50	237.75	208.75	326.75	422.75	540.00	596.75	454.00	583.75	537.75	617.75	662.75	577.25	435.00	439.75	592.00	562.50	641.25	629.75	658.75
863.25	829.50	711.00	609.00	673.25	818.75	855.25	897.75	948.75	959.25	955.25	896.25	852.00	708.50	595.50	814.75	745.50	851.00	910.75	792.25	738.00	758.00	706.50	664.50	547.25	493.75	458.50	450.25	441.50	424.00	470.00	462.25	397.50	325.25	307.75	307.75	321.50	371.50	438.25	562.00	580.75	524.00	467.00	436.00	478.00	519.75	691.50	851.50	873.25	756.75	590.75	673.75	714.00	799.00	885.50	1013.25	995.25	849.75	712.50	579.75	405.00	268.00	221.50	222.00	237.25	328.50	507.50	688.00	772.00	879.25	1027.00	1088.25	942.25	819.75	685.50	602.00	424.50	333.25	321.00	405.25	404.50	472.75	489.25	568.00	690.00	743.50	603.25	322.25	375.25	407.75	411.50	611.75	577.25	498.75	375.50	371.00	366.00	290.50	210.00	209.00	215.25	217.75	249.00	278.50	326.50	370.25	323.75	328.50	301.25	250.75	239.50	242.00	265.25	369.50	462.75	428.75	353.75	324.25	371.25	337.00	349.75	384.00	316.00	215.50	177.25	177.00	186.00	200.25	203.25	240.25	213.25	178.25	162.00	160.75	158.00	153.75	153.00	150.00	148.00	146.75	153.00	146.75	132.50	118.00	117.50	102.00	96.25	95.50	95.00	98.25	101.75	105.50	107.75	106.00	108.00	108.00	104.00	98.50	97.00	92.75	89.25	84.25	80.25	79.75	81.75	82.50	82.25	79.50	78.75	77.50	77.00	79.00	76.75	75.50	74.50	73.25	74.00	79.25	87.00	93.25	103.50	95.00	105.50	118.75	107.00	109.25	110.50	113.00	113.75	113.25	117.25	114.25	122.75	116.00	112.25	113.00	124.50	141.75	134.75	169.00	208.00	215.25	204.50	227.50	250.50	263.00	259.75	277.00	216.50	135.25	173.25	198.75	181.75	161.50	149.50	197.75	219.50	263.00	231.25	190.50	262.75	315.50	346.75	327.00	319.25	292.25	390.50	431.50	458.25	456.00	352.50	279.75	176.50	151.50	248.50	247.50	232.25	242.75	203.75	325.75	422.50	448.00	381.75	385.25	466.00	433.75	651.50	523.50	615.50	568.50	502.25	466.50	529.75	558.50	599.75	640.25
745.25	818.25	787.25	664.50	610.50	697.50	802.00	893.00	910.50	887.75	939.50	979.75	892.75	712.00	571.50	673.25	717.50	854.25	861.25	728.00	662.75	696.75	629.75	592.00	620.75	555.25	455.50	426.25	405.75	382.25	408.75	427.75	364.75	316.75	303.75	316.25	341.75	413.75	475.25	543.75	520.00	465.50	422.75	410.25	457.75	523.00	659.25	737.00	878.75	804.50	667.50	803.50	828.25	892.50	982.75	1049.50	1000.00	838.00	686.00	552.00	364.00	246.00	219.75	220.25	233.00	349.25	577.25	739.50	695.25	875.00	1034.25	1109.25	968.75	798.75	643.50	612.25	492.50	333.25	313.00	350.50	384.00	441.25	443.75	500.00	575.50	685.00	585.50	324.25	327.25	401.25	406.75	582.50	497.25	478.25	362.75	320.75	297.75	245.25	207.00	206.00	210.75	213.75	228.50	247.00	285.75	328.00	303.00	297.75	271.50	233.75	235.25	236.75	242.50	334.00	377.75	382.00	344.00	337.75	308.50	281.25	300.50	336.25	326.25	219.00	173.25	171.75	176.25	178.50	197.50	223.75	199.75	169.75	156.75	156.00	156.75	151.25	148.25	146.75	145.50	142.00	145.75	147.00	142.50	131.25	130.50	102.25	95.25	93.25	92.50	95.00	100.50	101.75	103.75	102.50	104.25	103.50	102.75	97.00	94.50	92.00	88.25	83.00	80.00	79.25	78.00	84.25	81.00	77.75	76.75	76.00	78.50	77.75	75.75	75.25	74.75	73.50	74.50	80.25	96.25	113.50	126.50	98.25	108.75	127.00	109.25	111.00	112.25	115.25	115.75	115.50	117.75	118.00	143.50	122.50	117.00	116.25	119.50	125.00	129.25	162.75	183.25	214.75	214.50	204.00	200.00	206.50	216.25	267.50	241.75	148.50	195.25	241.25	266.50	242.50	186.50	160.50	184.75	244.25	259.75	232.75	248.50	358.00	329.50	341.00	379.75	355.50	439.25	429.25	489.50	454.00	345.25	281.50	196.75	147.25	240.50	284.00	275.50	322.00	295.75	265.50	298.25	296.75	269.50	357.00	382.50	469.00	574.25	432.00	538.25	558.50	554.00	514.00	515.25	510.00	535.50	594.75
659.00	751.75	812.50	672.00	582.25	662.25	804.50	873.75	846.00	836.00	912.75	977.00	892.75	720.50	584.25	607.00	726.25	810.00	797.00	660.75	626.00	683.00	587.50	527.00	618.50	596.25	530.25	491.25	458.50	399.25	362.50	381.75	339.75	309.50	301.00	331.25	368.50	421.25	478.00	510.25	493.25	426.25	392.50	398.25	448.50	504.75	594.75	718.25	935.25	926.00	810.75	946.75	930.00	973.00	1038.75	990.50	993.00	889.25	670.50	515.00	332.50	230.00	217.25	217.50	236.25	415.25	680.50	699.50	658.75	917.75	1061.75	1086.00	983.75	783.00	572.75	591.25	498.75	327.50	307.50	316.50	377.25	417.25	417.00	456.75	480.25	563.25	539.00	336.00	299.75	376.75	392.25	553.50	435.50	403.00	331.50	303.00	296.50	235.00	204.25	203.00	205.25	208.25	213.50	228.00	273.00	322.50	301.50	275.25	250.25	226.00	231.00	232.00	241.50	315.00	300.25	317.50	351.25	382.25	281.25	244.00	259.25	292.50	299.50	244.00	181.25	165.50	166.00	168.75	186.50	204.50	198.00	166.75	153.00	150.50	153.25	149.00	144.25	144.75	142.75	137.75	136.75	138.50	140.50	135.75	128.75	100.00	94.75	92.25	91.25	93.75	98.75	98.00	100.00	100.00	101.75	98.75	99.75	96.00	92.75	90.75	86.75	81.00	80.75	83.25	78.50	83.50	80.00	79.50	79.50	79.25	79.00	77.00	75.50	74.75	74.75	73.75	79.00	88.75	109.50	139.75	145.00	101.25	112.50	133.25	111.25	112.50	114.50	117.00	118.75	117.75	118.50	121.00	163.25	130.75	122.75	120.50	121.75	125.25	128.50	146.50	156.25	195.00	189.00	176.25	169.50	189.00	225.25	278.25	256.00	161.25	209.00	307.50	369.75	315.50	227.25	155.50	167.75	224.75	286.75	305.00	246.00	363.75	337.25	351.25	406.50	457.75	483.75	450.50	439.75	412.25	336.25	252.25	203.50	162.25	197.25	258.00	307.25	407.50	413.50	309.00	295.75	311.00	265.75	306.25	321.50	442.75	440.50	389.00	455.00	442.00	478.75	481.50	512.25	463.75	466.00	515.75
696.75	623.75	681.25	614.25	547.25	613.50	685.00	678.50	759.50	821.50	823.25	802.00	761.75	664.75	585.50	619.50	714.00	659.50	651.00	558.75	557.50	590.25	541.00	480.00	500.25	514.75	539.25	533.25	500.00	443.00	358.25	323.50	313.00	298.75	297.25	323.25	343.25	372.50	416.75	413.50	398.75	365.50	370.00	391.25	471.00	571.25	628.25	714.50	883.50	913.75	1062.25	1073.00	945.25	825.25	850.75	801.75	950.00	909.00	640.00	479.00	296.50	230.50	212.00	215.00	263.00	484.50	686.50	534.50	619.00	887.00	951.25	904.75	757.75	628.25	497.25	429.00	420.50	316.50	296.25	295.25	389.00	415.50	359.25	363.00	399.00	408.75	405.75	335.50	286.75	287.50	324.75	409.50	372.00	303.50	278.25	282.00	286.25	242.00	198.25	197.00	198.00	201.50	203.25	219.25	318.25	400.75	316.00	241.75	221.25	217.50	217.50	217.00	255.75	312.25	271.00	222.75	260.00	294.50	290.25	236.50	217.75	249.00	281.50	288.50	230.75	156.75	152.50	149.75	154.00	192.50	194.75	172.50	154.75	144.00	142.00	142.75	136.75	136.75	138.50	131.75	129.00	126.50	125.25	128.25	123.00	114.00	101.25	91.00	89.75	90.25	90.75	92.00	94.25	94.75	95.50	94.50	96.75	96.00	90.75	85.50	82.00	80.50	80.25	81.25	87.25	79.25	81.50	80.75	79.50	78.25	77.25	75.75	75.75	75.50	74.75	74.50	112.25	130.00	133.00	159.00	134.00	107.00	127.00	120.75	115.75	116.75	119.25	121.50	122.75	122.00	121.75	127.00	159.50	175.25	156.50	133.25	128.75	130.00	132.25	136.75	141.25	158.25	156.50	157.50	175.75	245.00	312.50	306.50	216.25	180.00	227.50	318.25	340.50	270.25	244.00	226.25	205.25	217.00	360.25	387.50	363.25	393.25	451.50	428.50	456.25	539.25	568.25	472.25	293.25	303.75	205.75	231.25	317.00	255.75	186.75	338.50	329.50	473.25	591.75	529.75	527.50	423.50	428.75	494.25	404.00	356.25	325.75	307.00	334.50	324.25	339.00	363.75	395.00	465.50	519.50	499.00
666.00	600.50	583.50	542.50	497.50	497.00	559.50	624.50	776.00	786.00	724.50	685.50	672.50	628.00	543.50	540.50	650.00	584.50	564.50	497.00	520.00	521.50	502.50	507.00	417.50	453.00	439.50	435.50	398.00	352.50	325.50	309.50	305.00	295.50	294.50	307.50	314.00	326.50	354.00	356.50	341.50	346.00	367.00	390.50	524.00	573.00	591.00	738.00	819.00	767.50	946.50	890.00	843.00	670.00	620.00	600.00	768.50	819.50	626.50	476.00	296.00	225.00	208.00	212.50	246.00	374.50	564.00	438.50	534.50	747.50	773.00	833.50	772.50	648.00	504.50	405.50	322.50	302.50	289.50	286.00	368.50	386.00	334.50	332.50	353.50	349.50	371.50	349.50	286.50	263.50	271.50	301.50	314.00	276.50	252.50	255.00	237.00	216.00	193.00	192.00	192.00	193.50	197.50	197.50	328.00	358.00	291.00	222.50	210.00	209.50	211.00	205.50	288.00	253.00	223.50	195.50	222.50	270.50	318.50	281.00	206.00	217.50	285.50	274.00	211.00	152.00	149.00	142.50	145.00	172.50	175.00	159.00	159.50	150.00	135.00	139.50	133.00	130.00	130.00	127.00	124.00	121.50	120.00	121.00	116.00	104.50	93.50	90.00	88.50	89.00	88.50	89.50	90.50	91.50	92.50	93.50	90.00	91.50	89.50	84.00	85.50	88.00	85.50	83.50	81.50	78.00	76.00	79.50	79.50	79.50	77.50	76.50	75.50	74.50	74.50	75.50	131.50	162.00	144.00	127.00	113.50	133.00	137.50	119.00	118.50	120.50	122.00	124.00	125.50	125.50	126.50	130.50	130.50	156.50	171.00	143.00	136.50	136.00	136.00	140.00	141.50	147.00	154.00	159.00	166.50	201.00	263.00	268.00	232.50	251.50	244.50	337.50	410.50	388.50	342.50	318.00	234.50	241.00	292.00	386.00	455.50	451.00	407.00	384.50	499.00	526.50	487.50	427.50	255.00	199.50	301.00	367.50	394.50	312.50	185.00	396.00	456.50	470.50	558.50	721.00	570.00	546.00	459.50	632.00	494.50	566.00	402.50	314.00	485.50	461.50	385.50	509.00	491.50	515.00	604.50	537.50
664.50	702.50	682.75	622.50	564.75	485.75	542.25	628.50	704.00	667.00	600.75	571.75	607.75	628.75	564.00	466.75	541.50	537.00	571.75	474.00	471.50	477.00	464.25	486.00	375.00	383.25	382.50	376.75	352.75	309.75	299.50	297.00	294.50	288.00	287.50	294.50	298.25	306.25	320.00	329.00	369.75	412.50	453.50	456.00	556.25	502.75	558.75	659.00	653.75	635.50	778.50	844.25	683.75	563.75	478.75	464.00	639.25	653.50	597.25	443.00	257.25	212.25	205.00	209.25	262.00	439.00	512.00	376.00	457.00	638.25	593.50	664.25	661.50	626.75	550.75	465.50	325.50	296.50	282.00	281.00	358.50	361.75	311.75	323.25	336.25	351.25	377.00	336.00	324.75	280.50	248.00	253.25	260.50	248.25	235.25	228.25	216.25	206.75	188.00	187.50	189.00	187.00	192.00	187.50	234.25	266.75	236.50	209.75	201.00	201.00	200.00	224.25	303.75	245.00	189.00	177.00	235.00	267.75	320.25	292.25	208.75	195.00	261.50	266.25	231.50	149.50	142.25	136.75	135.50	157.75	168.75	146.50	144.25	131.25	130.75	130.25	132.75	125.75	124.75	122.00	120.00	117.00	116.00	111.75	111.00	102.75	91.50	88.75	87.25	87.50	89.50	88.50	91.25	88.00	90.75	87.25	88.25	86.50	85.25	92.75	85.50	87.00	86.50	86.75	84.00	82.75	82.50	80.75	79.50	78.50	76.50	75.50	76.25	76.50	75.75	76.25	132.00	185.00	151.00	118.25	127.75	143.50	129.50	121.75	122.25	125.00	126.25	127.50	129.00	129.75	132.75	130.00	129.50	138.25	169.75	185.75	168.50	143.00	142.25	143.25	146.00	151.00	162.00	176.00	201.25	229.25	251.00	239.50	276.25	295.75	381.00	407.75	480.50	419.25	417.25	388.50	279.75	387.50	270.25	332.75	354.75	448.75	492.75	437.50	357.75	397.25	363.25	317.00	227.75	277.75	355.75	445.50	489.00	392.50	211.75	319.50	510.00	575.25	624.75	535.25	657.50	673.50	607.75	624.50	596.50	542.75	473.50	419.25	405.50	530.00	512.75	441.00	462.00	555.50	636.00	645.00
767.50	801.00	795.00	695.50	599.00	526.50	467.50	555.00	631.00	604.50	524.00	502.50	574.00	604.00	523.00	453.50	441.00	492.00	573.00	480.50	413.50	429.50	413.00	449.50	379.00	344.00	373.00	335.50	323.00	291.50	286.50	285.00	282.50	281.00	286.50	305.00	304.50	304.00	306.50	337.00	423.00	488.50	465.50	473.00	581.00	480.50	512.50	582.00	564.50	692.50	926.00	829.50	664.00	642.50	479.50	422.00	570.50	522.00	567.50	426.00	222.00	205.50	202.50	207.00	238.50	411.50	403.00	325.50	440.50	487.50	463.50	480.50	542.50	540.00	497.00	383.50	300.00	284.00	269.50	275.50	385.00	315.50	296.00	357.00	343.00	353.50	366.00	367.00	390.00	312.50	252.00	229.50	232.00	232.50	224.00	214.00	202.50	190.50	183.50	183.00	185.00	183.00	182.00	183.00	202.50	221.50	209.50	198.00	193.00	195.50	190.50	230.50	248.00	227.50	171.50	163.50	196.50	217.50	326.00	333.00	239.50	173.00	233.00	207.00	183.00	137.00	134.00	131.50	129.00	148.00	156.00	135.50	126.00	124.00	127.00	124.00	128.50	122.50	120.00	117.50	117.00	114.50	113.50	107.50	108.00	96.50	90.00	88.00	86.50	86.00	90.50	88.50	87.50	86.00	85.50	81.50	84.00	88.00	86.50	82.50	81.50	85.00	84.50	85.00	82.50	84.00	83.00	80.50	79.00	78.00	77.00	77.00	76.00	76.00	75.50	86.50	142.50	170.50	136.50	135.50	146.50	124.50	123.00	124.50	125.50	129.00	129.00	131.50	131.50	131.00	137.00	134.00	133.50	137.50	160.50	202.50	190.00	161.50	155.50	149.50	151.50	154.00	162.00	177.00	200.00	226.00	229.50	227.50	273.50	336.50	521.00	615.50	598.00	471.50	525.50	514.00	372.00	338.00	328.00	371.50	447.00	533.50	509.50	443.50	404.50	382.50	277.50	230.00	285.50	375.00	466.50	476.50	573.50	427.00	242.50	291.00	456.50	564.00	460.50	488.00	571.50	622.50	737.50	664.50	572.50	504.50	648.00	616.50	382.00	553.50	649.00	487.00	467.00	449.00	609.00	702.00
912.75	917.00	865.75	763.50	663.00	619.50	504.50	459.25	519.75	546.00	498.75	469.25	524.25	594.75	539.75	467.75	428.50	435.25	497.00	468.25	405.75	395.50	404.50	384.50	367.00	347.50	325.25	324.00	306.75	282.50	276.25	274.75	274.50	284.50	315.50	383.75	346.50	366.50	337.75	327.00	357.25	409.75	398.25	443.25	518.25	437.50	496.25	489.25	569.75	699.25	886.75	800.75	743.00	762.50	554.25	414.25	532.00	441.75	395.00	314.00	206.50	202.75	200.25	204.75	226.00	304.00	288.25	318.75	378.25	388.50	415.25	437.25	500.75	456.00	389.25	323.25	280.75	272.50	263.50	267.00	296.75	279.50	276.25	293.50	307.50	347.50	371.50	293.00	300.75	261.00	231.25	222.00	213.75	220.50	221.25	210.25	198.25	185.25	179.00	178.50	178.00	179.50	176.00	175.00	179.25	184.75	186.50	188.00	185.75	189.75	184.00	208.00	190.75	172.00	155.25	152.00	168.75	184.50	293.00	344.00	242.50	159.00	193.00	169.75	139.75	127.50	127.25	125.50	122.75	127.50	131.00	121.25	118.25	118.50	121.50	118.50	121.25	119.00	114.25	113.50	112.00	110.25	107.75	104.50	102.25	94.25	91.00	86.50	87.00	87.00	87.25	87.00	91.25	91.75	85.75	85.50	82.25	82.25	81.75	84.75	86.50	87.50	84.75	82.50	81.75	81.25	80.00	79.75	78.00	78.25	76.75	77.25	76.75	77.00	78.00	94.50	156.50	174.00	162.00	157.00	139.75	125.25	124.75	127.00	128.50	131.50	132.75	134.00	134.75	137.25	141.00	135.75	136.50	143.25	164.25	198.00	220.75	204.75	183.75	164.25	159.75	159.75	163.25	170.25	180.75	196.25	210.00	239.25	295.25	345.50	428.25	495.25	634.50	642.50	578.75	487.00	415.25	360.00	435.00	392.25	499.75	527.00	492.00	411.00	355.00	311.50	271.25	278.00	369.50	429.00	625.25	647.00	627.00	481.75	303.75	230.25	354.75	408.75	334.25	552.75	548.75	600.25	588.50	550.25	467.00	415.50	538.00	653.00	456.75	461.50	625.25	579.50	556.25	652.50	528.50	627.00
864.25	832.25	863.00	855.25	780.50	673.00	535.75	493.50	455.00	423.75	415.25	413.00	451.00	509.25	563.50	515.75	459.75	403.75	416.50	462.00	454.75	402.75	361.75	365.75	351.50	338.00	307.75	293.50	291.75	272.50	266.50	268.00	274.50	321.25	376.50	438.75	456.75	458.25	449.25	372.75	335.75	354.75	387.00	421.25	430.00	413.25	451.00	548.50	581.00	596.75	728.25	733.75	571.00	603.00	530.00	364.75	436.50	508.00	299.75	227.75	203.25	198.75	199.25	205.50	221.00	235.00	263.25	287.75	304.00	320.50	330.75	390.00	425.75	379.50	320.25	285.25	261.00	259.75	252.75	256.75	249.25	268.25	309.50	298.50	307.00	340.50	352.25	245.00	227.50	211.00	209.50	209.75	201.75	198.00	200.00	208.00	210.00	187.25	172.50	172.50	171.50	171.75	170.25	168.25	172.75	169.50	170.00	176.00	188.00	184.25	176.25	174.75	169.50	158.25	150.00	144.75	145.00	153.75	214.25	263.00	238.00	148.25	165.25	140.50	118.00	118.25	118.50	117.00	116.50	112.25	110.00	110.25	111.00	111.75	113.75	112.00	112.00	113.75	108.50	109.75	107.50	105.50	103.25	102.00	97.50	93.00	93.75	88.50	94.00	92.00	94.75	90.50	85.75	88.75	82.75	89.00	84.50	87.50	84.00	88.50	87.00	85.00	85.50	82.25	81.00	80.25	79.00	79.50	79.25	77.25	77.25	78.50	77.50	83.00	90.25	111.75	157.00	162.25	142.25	138.50	134.00	124.75	124.75	128.00	130.50	137.75	137.00	139.00	139.00	140.25	142.25	146.00	144.25	143.50	153.50	179.75	226.00	260.25	236.75	203.00	231.25	218.75	173.50	175.00	179.75	186.25	204.00	264.00	416.25	502.00	546.00	569.75	667.50	590.75	490.00	502.00	447.50	443.50	508.75	545.75	585.75	484.00	415.25	404.25	394.75	360.00	365.25	402.00	461.75	547.50	672.25	731.25	566.25	415.25	407.50	290.00	204.75	230.00	288.25	463.50	447.00	527.75	486.50	446.75	387.25	444.25	586.50	684.50	608.50	524.75	564.75	683.75	617.00	718.25	648.75	738.25
738.75	734.50	781.00	804.75	782.00	698.50	585.50	584.25	522.25	438.00	398.25	390.75	398.00	453.00	538.75	556.25	496.00	416.50	389.75	435.25	480.25	437.00	374.50	346.25	348.25	351.25	315.25	293.50	281.00	267.50	263.00	267.25	277.75	316.25	356.75	443.25	512.25	530.75	504.75	399.75	334.00	342.50	365.25	382.25	395.50	416.50	481.75	567.50	527.50	516.25	683.75	698.00	582.00	488.50	444.00	346.75	353.00	429.25	279.25	216.50	200.25	196.75	198.50	238.00	268.00	262.25	264.75	276.75	285.00	285.50	304.75	345.50	390.00	345.00	297.00	271.25	254.25	254.00	247.25	251.75	245.50	270.75	315.75	320.50	316.00	338.00	335.00	248.50	236.50	220.25	209.75	200.25	196.00	191.25	187.75	196.50	207.50	191.00	169.75	169.25	169.25	168.25	166.75	165.25	168.75	168.25	164.75	170.75	193.00	182.25	172.00	168.75	164.00	154.75	147.00	140.75	138.00	142.75	198.75	229.00	210.00	139.75	160.00	132.25	114.00	114.25	114.75	112.75	112.50	109.25	106.25	107.00	107.75	108.25	109.75	108.75	108.25	111.00	106.50	105.50	105.75	102.50	101.50	99.25	95.75	94.75	92.75	89.00	94.75	91.75	93.75	91.00	87.75	85.75	85.00	89.00	86.00	85.00	85.50	88.75	87.00	86.00	85.75	82.75	80.75	79.75	79.00	79.00	79.50	77.50	77.00	78.50	82.75	96.00	96.75	118.50	165.25	153.25	136.25	126.25	127.00	123.25	124.25	128.25	131.25	145.00	139.00	139.75	140.75	144.25	144.75	148.75	148.00	145.00	152.75	173.50	207.00	258.25	263.50	247.00	280.50	229.75	182.00	186.50	192.50	192.75	196.00	255.00	436.00	519.75	605.00	636.75	605.50	541.25	439.00	448.00	401.50	494.50	545.50	614.25	582.25	504.50	497.75	510.25	467.25	433.75	444.25	450.75	393.50	496.75	644.00	701.25	532.00	447.25	478.00	378.00	297.25	204.00	215.00	280.50	287.75	422.00	413.00	361.00	353.50	490.25	583.00	609.25	619.00	565.00	593.75	648.50	684.50	757.00	740.50	771.50
640.75	630.50	612.75	598.75	561.00	540.25	517.75	524.00	524.50	495.50	475.25	439.75	396.75	370.00	385.50	444.75	472.25	438.25	383.50	383.00	443.25	445.75	417.00	385.50	328.25	312.25	299.50	296.75	288.25	257.75	259.50	270.50	288.75	302.75	338.25	450.00	542.00	572.25	494.75	406.50	342.50	357.75	426.25	404.75	386.25	434.00	489.75	490.25	413.75	485.25	594.00	504.50	591.00	451.50	342.50	383.75	295.75	247.00	227.25	210.00	195.00	194.00	196.50	221.00	247.00	253.25	294.75	267.00	246.25	250.00	269.50	354.25	393.75	346.75	290.25	257.25	243.00	243.50	237.75	241.25	236.50	257.25	292.50	307.00	300.00	275.50	254.50	295.75	290.75	272.25	235.00	190.25	184.00	180.00	176.50	178.50	216.50	208.25	164.25	163.25	163.00	163.00	161.75	161.25	159.25	161.00	161.00	161.75	177.75	165.75	165.50	159.50	156.25	149.25	143.25	138.25	129.75	130.75	175.00	165.75	148.00	127.25	128.25	113.75	106.50	107.00	107.75	106.50	108.00	104.75	101.75	101.25	102.00	102.25	102.75	102.75	102.25	105.50	102.00	99.00	100.25	97.00	96.25	94.75	91.00	89.50	88.25	89.00	96.25	94.75	92.25	91.25	89.50	88.75	87.75	87.75	88.00	87.00	87.25	87.50	85.00	84.25	81.75	80.75	80.75	80.25	79.25	78.75	78.75	78.75	77.25	76.75	100.50	136.25	149.00	150.50	148.75	125.75	124.75	123.00	123.00	123.00	123.00	131.00	141.25	153.00	143.00	144.50	145.50	150.25	154.25	148.75	154.00	153.25	155.75	167.25	214.75	289.00	342.50	311.00	257.50	206.75	224.00	260.00	323.50	341.00	261.25	210.50	287.75	405.25	467.00	515.00	459.75	494.00	404.50	353.75	406.25	496.00	617.25	521.75	486.00	506.00	604.75	627.50	649.50	613.50	519.25	487.50	488.50	442.25	604.75	723.00	695.75	686.75	600.50	436.25	295.75	261.50	340.25	273.75	251.25	238.00	255.75	368.50	501.75	416.50	436.00	472.50	602.75	717.75	735.25	778.75	846.25	812.00	803.75	714.50
720.50	680.50	667.50	639.50	618.75	603.50	545.50	502.50	476.25	464.75	470.75	456.25	435.00	388.25	359.75	372.25	390.00	402.25	391.50	364.75	394.75	429.75	416.75	393.00	341.25	323.50	307.50	296.50	283.25	254.25	254.50	273.50	337.25	336.25	351.50	481.25	558.00	519.50	489.25	417.25	349.00	373.25	480.25	463.75	403.50	421.25	459.00	429.50	380.50	449.00	496.00	480.25	479.25	363.25	311.75	335.00	291.00	240.50	217.25	205.50	193.50	193.00	193.25	197.75	203.25	209.50	238.75	226.50	224.00	242.25	279.25	391.25	425.00	351.25	288.00	251.75	235.50	236.50	230.75	233.75	229.00	260.50	310.75	308.25	275.25	251.00	244.25	254.50	225.50	221.50	200.50	183.50	175.25	172.25	168.50	169.00	204.50	189.25	160.00	159.25	158.50	158.75	157.75	157.25	154.25	154.25	156.00	156.25	162.00	156.75	158.25	154.50	150.00	144.00	138.25	134.25	127.25	125.50	152.00	141.50	138.50	124.50	117.25	107.75	103.00	103.00	103.00	102.00	103.75	102.75	100.50	101.00	100.75	100.00	97.50	99.50	95.75	98.25	98.50	96.25	96.25	96.50	95.00	94.50	90.00	93.25	91.50	92.75	95.75	93.25	91.75	90.75	90.75	89.75	88.50	88.00	87.00	85.75	85.25	84.75	83.25	82.75	81.50	81.00	80.50	80.75	79.50	79.25	78.50	77.75	77.00	81.75	116.75	138.25	149.50	151.75	137.75	123.00	123.00	123.00	123.00	123.00	126.25	137.00	156.25	164.25	146.75	148.00	148.75	152.50	155.25	151.75	157.00	160.25	171.00	191.25	244.50	320.50	352.25	290.50	246.50	249.25	285.00	356.50	416.75	379.00	291.50	300.50	263.75	298.00	328.50	370.25	390.50	459.75	371.75	397.75	466.25	517.75	494.75	419.50	410.50	479.25	594.75	640.00	752.75	739.50	578.00	571.50	615.25	583.50	626.50	717.25	599.25	593.75	577.50	436.75	258.25	312.75	386.25	440.00	349.75	327.75	276.50	318.75	429.75	441.50	527.50	594.50	662.00	707.50	642.75	715.50	781.25	776.50	697.00	618.50
810.25	737.75	746.25	701.50	682.00	674.75	619.00	567.75	495.75	443.75	422.50	418.75	425.50	415.25	382.50	349.50	340.25	352.50	379.75	359.25	350.50	404.00	415.75	401.75	351.00	330.25	317.50	310.25	288.25	252.00	250.25	271.75	353.00	382.25	370.75	502.75	543.25	471.50	446.75	397.00	354.50	385.00	486.25	501.25	434.25	430.25	451.75	393.00	341.25	346.50	411.75	510.25	451.50	359.25	315.75	269.75	251.75	232.25	207.75	198.50	191.50	191.00	191.25	190.25	192.75	193.00	196.50	202.00	207.50	247.25	286.50	434.75	459.75	356.75	280.50	244.00	228.00	229.25	224.50	225.00	224.00	251.25	302.50	302.75	253.50	232.75	245.25	212.25	173.75	168.75	175.50	175.25	167.00	164.00	160.75	160.00	174.75	164.50	155.75	155.00	154.25	154.50	153.75	152.50	150.25	149.00	149.00	152.00	149.25	148.75	149.25	150.00	144.25	138.75	134.25	130.25	124.25	121.00	124.00	121.25	128.00	126.50	107.75	103.25	101.25	101.00	100.75	99.25	100.25	101.25	101.75	102.50	103.00	100.50	94.75	98.50	91.75	93.00	98.75	95.50	92.25	92.50	91.25	90.50	92.00	94.25	92.50	92.50	93.50	92.00	90.50	91.50	91.75	89.75	87.50	87.25	85.50	85.25	83.00	82.50	82.25	81.50	81.50	81.00	80.25	80.25	80.00	79.50	79.50	77.75	77.00	88.50	113.50	115.50	119.75	133.25	131.25	123.00	123.00	123.00	123.00	123.00	135.00	146.00	172.75	169.00	150.50	152.00	152.25	154.00	156.25	155.50	160.50	168.75	197.50	222.00	262.00	314.00	319.00	292.00	270.25	320.00	354.50	457.50	465.00	356.00	341.50	410.00	278.00	238.75	241.50	246.75	293.25	350.50	352.00	461.50	518.75	444.75	364.75	392.00	419.75	448.25	547.75	630.25	747.00	831.50	679.00	707.75	733.00	674.50	623.50	667.75	483.75	420.00	493.00	413.50	232.50	363.50	430.25	574.25	485.75	446.25	387.50	310.00	276.50	342.00	565.75	637.25	649.00	700.00	548.75	554.25	716.00	855.25	630.00	553.00
823.00	771.75	730.75	658.75	613.25	593.25	584.25	591.00	574.25	516.00	455.50	432.50	415.00	396.25	399.00	386.00	358.00	337.25	341.25	341.00	334.50	354.75	376.75	377.75	349.25	326.50	303.25	297.75	283.75	250.75	247.25	258.00	315.25	411.75	423.00	512.00	496.00	454.00	438.25	392.00	366.25	392.75	453.00	507.50	456.25	407.25	392.00	355.25	313.00	297.00	353.75	438.50	413.75	365.00	331.75	259.75	229.00	216.00	199.75	191.75	189.00	188.25	189.25	188.50	190.25	189.00	188.00	190.50	194.25	250.50	285.25	395.50	416.25	340.50	265.75	232.50	221.00	222.75	218.50	216.50	219.25	232.25	265.00	277.00	229.50	207.75	203.75	179.50	160.00	153.25	162.00	166.25	160.50	156.00	153.25	153.00	157.75	153.25	151.50	150.75	150.50	150.00	149.25	148.00	146.25	144.75	143.75	146.50	145.50	142.75	142.00	142.25	138.75	134.25	130.00	126.50	121.00	118.00	113.75	111.50	114.75	118.00	103.25	101.25	102.50	101.25	99.75	100.25	102.00	100.00	100.25	102.50	104.75	99.25	99.25	101.50	97.75	98.00	99.25	97.75	92.75	90.50	92.25	91.25	95.50	94.00	92.75	91.25	92.50	91.50	89.25	90.25	89.50	88.50	86.25	85.50	84.25	84.50	83.25	82.50	82.00	81.75	81.50	81.00	80.50	79.75	80.75	80.00	79.50	78.50	77.75	87.25	94.75	96.00	108.50	134.00	128.75	125.25	123.25	123.00	123.00	134.00	145.50	166.75	175.00	166.00	166.50	168.75	155.75	157.75	158.50	162.50	165.75	175.25	212.25	230.00	251.50	278.25	278.50	305.25	330.50	436.50	480.50	515.75	455.75	393.00	437.75	408.25	286.25	346.25	305.00	306.00	323.25	326.25	324.00	434.25	426.75	372.25	394.25	468.75	546.75	484.50	527.25	616.00	757.75	830.50	691.75	716.00	714.25	654.75	640.00	645.00	497.50	390.50	397.00	353.75	247.50	345.50	424.25	602.75	624.50	553.50	471.00	426.00	382.75	307.75	387.00	446.00	463.00	524.50	453.75	518.75	664.75	692.00	534.25	512.25
810.50	759.75	702.50	673.50	611.00	561.50	516.75	553.00	617.75	590.00	522.50	496.50	457.25	386.00	375.75	417.25	396.75	351.75	319.00	314.50	322.75	322.00	335.75	337.25	326.25	314.50	294.25	281.25	269.75	249.25	243.00	245.00	277.00	361.25	414.50	516.50	470.50	454.25	462.25	400.25	380.50	418.50	429.50	481.00	455.00	372.25	328.00	303.25	286.75	271.00	290.25	312.75	310.00	308.50	307.25	247.50	216.25	206.25	193.00	187.75	187.00	186.25	186.50	186.50	189.00	187.50	183.75	180.75	182.25	234.00	263.25	321.75	346.50	310.75	248.50	221.50	214.50	216.25	212.75	209.25	210.25	214.50	238.25	257.75	208.50	182.50	165.00	153.00	148.00	145.25	148.00	161.00	154.50	150.00	146.25	147.00	152.25	149.75	147.50	146.75	146.50	146.00	144.75	143.75	142.25	141.25	139.75	139.50	142.75	137.00	135.50	134.25	133.00	129.75	125.25	122.25	117.50	114.25	110.75	107.75	105.00	104.00	101.00	101.00	103.50	101.50	98.75	100.00	101.75	100.50	98.75	100.75	102.00	95.00	103.25	103.25	100.50	100.50	97.00	100.50	97.25	95.75	97.25	94.75	96.25	94.00	93.00	92.25	91.75	90.50	88.50	88.25	87.25	87.75	86.75	84.50	84.25	83.25	83.50	82.75	82.75	82.25	81.50	81.25	81.75	79.75	82.00	80.00	79.00	78.75	78.25	80.75	84.75	93.50	115.00	141.75	132.00	132.50	129.75	123.00	124.75	161.50	170.00	181.00	175.00	179.75	196.75	182.50	159.50	162.25	161.00	167.00	170.50	182.00	206.75	214.50	221.25	240.50	256.50	318.50	395.00	530.00	590.25	549.00	482.25	466.25	463.00	367.75	301.50	428.25	399.25	381.25	451.25	414.50	332.00	321.00	315.75	391.00	488.00	532.75	637.75	537.50	570.50	684.00	824.50	812.00	630.25	601.25	685.50	633.00	564.00	582.75	559.75	459.50	394.00	283.00	294.00	381.50	420.50	521.75	591.50	633.50	564.75	556.50	536.50	364.50	313.25	332.50	344.25	353.50	355.00	473.50	515.00	452.75	463.50	516.50
804.25	716.75	622.50	700.50	668.00	609.00	525.50	476.75	535.50	615.75	618.75	588.25	526.50	458.75	405.25	356.75	393.00	403.50	355.00	313.00	304.00	303.00	310.00	316.25	318.25	311.00	298.75	291.25	279.00	263.00	251.25	239.50	239.00	261.25	303.75	415.25	474.75	500.00	458.25	401.50	397.25	431.25	455.25	465.50	473.25	417.50	360.75	314.50	282.25	261.00	246.75	238.25	234.25	232.25	228.50	212.25	199.75	192.75	186.00	184.75	184.00	184.00	182.50	182.00	183.75	189.50	184.75	178.50	176.75	192.00	241.25	277.00	299.00	256.25	218.50	207.75	205.50	206.00	205.25	202.00	200.75	203.25	219.00	252.50	206.50	167.75	159.00	149.25	145.25	140.50	139.25	147.75	144.50	143.00	141.00	140.00	152.50	146.25	141.50	141.50	141.75	140.75	139.75	138.00	137.25	136.75	134.25	133.25	137.25	131.50	128.25	126.75	125.75	122.00	119.25	116.00	113.00	112.75	107.25	103.75	103.00	102.75	102.00	100.75	101.25	101.00	104.50	99.75	102.00	104.50	102.00	100.75	99.50	102.25	100.75	100.25	100.25	98.75	100.25	99.75	98.50	98.25	96.75	95.25	94.25	93.00	92.75	92.00	91.50	89.75	88.00	88.00	87.50	87.25	86.00	85.50	84.50	83.25	83.50	83.25	82.75	81.50	81.50	81.75	82.00	80.00	80.25	79.75	79.75	78.75	78.00	78.50	81.25	95.75	125.00	154.50	157.75	167.00	151.00	137.75	148.25	230.50	239.75	236.75	239.25	221.50	193.00	169.50	164.25	167.25	168.25	172.75	177.25	184.25	184.50	192.75	218.50	252.75	288.25	355.00	475.00	494.50	491.00	455.00	489.50	454.50	454.75	484.00	364.75	407.75	501.50	443.50	555.50	594.25	486.75	377.00	319.50	526.00	693.75	690.00	693.50	656.50	712.75	795.75	717.00	681.00	603.50	579.50	542.50	616.25	546.25	542.00	481.50	452.50	397.75	270.75	300.25	469.00	560.75	586.00	625.25	647.25	787.25	613.50	473.50	431.25	386.25	556.50	524.00	517.00	448.00	387.25	494.75	533.25	611.50	649.50
788.25	710.50	600.00	656.50	681.25	653.00	554.50	496.00	490.50	563.25	581.50	584.75	557.50	506.50	430.00	350.75	356.25	403.75	385.50	330.50	304.25	297.25	294.75	300.00	318.00	319.25	314.00	307.00	290.50	272.50	259.75	241.75	235.50	253.50	289.50	381.00	449.50	491.75	456.75	407.00	404.00	433.75	450.50	459.50	439.00	425.50	376.50	328.00	297.50	276.25	257.25	236.50	224.75	218.25	211.75	202.00	193.00	187.50	183.75	183.00	182.50	182.75	181.75	180.50	181.25	186.25	185.00	181.00	175.50	185.25	218.50	261.25	264.25	228.75	207.00	201.25	201.00	201.00	200.50	197.50	197.00	198.25	205.50	243.25	195.75	166.25	160.75	151.00	146.00	140.50	137.75	140.00	140.00	138.75	137.75	136.50	141.00	142.00	139.00	138.75	139.25	138.25	137.25	136.00	135.00	133.50	132.00	130.50	133.25	130.75	127.75	123.75	122.25	119.00	116.75	113.75	110.50	109.25	105.25	104.00	103.75	103.75	103.50	101.75	103.75	103.75	104.75	104.50	106.50	105.50	101.00	102.50	101.50	101.75	101.50	101.75	102.75	101.25	100.75	98.00	96.75	96.25	95.00	94.00	92.50	92.50	92.25	92.25	91.00	89.25	87.25	87.75	87.00	86.50	85.00	85.25	84.25	83.75	84.00	83.50	82.75	81.50	81.50	82.00	80.75	80.25	80.25	79.75	79.75	78.75	78.25	78.75	82.75	98.00	134.50	172.50	183.00	197.75	164.50	165.50	169.00	260.75	265.25	258.00	239.00	203.75	178.75	168.75	172.75	178.00	170.50	175.25	180.50	182.25	184.00	190.00	217.75	270.50	305.00	367.00	486.25	462.00	419.00	419.25	419.25	395.25	458.75	524.50	411.75	429.00	524.00	544.00	627.00	579.50	475.00	421.50	333.00	556.25	711.75	694.00	702.25	734.25	744.00	787.00	668.50	592.25	613.75	525.75	455.50	505.75	472.00	592.50	593.75	462.00	322.00	313.00	347.50	371.50	497.25	653.50	757.00	735.25	749.00	581.25	585.00	492.75	365.50	550.00	601.50	604.50	539.50	371.75	505.25	623.75	664.75	752.25
736.50	649.75	561.50	531.25	628.75	662.00	620.50	574.00	482.25	423.75	436.25	477.00	508.00	539.25	519.00	431.00	345.00	354.00	407.50	386.00	351.75	309.00	285.50	279.00	276.75	278.00	280.00	278.50	273.50	266.50	256.75	239.50	231.00	238.00	274.75	365.25	428.00	463.00	440.75	430.50	433.00	436.50	379.75	365.25	347.75	350.00	325.25	298.00	308.50	322.50	282.75	240.75	222.50	205.50	201.50	193.75	186.25	182.00	180.25	180.00	179.50	179.50	179.50	178.75	178.00	178.50	182.50	181.25	177.25	174.50	178.00	228.75	214.50	200.25	193.25	191.00	191.50	191.75	191.00	188.75	189.00	187.75	189.00	197.75	182.50	169.75	164.75	153.25	147.50	140.50	136.50	133.25	132.75	133.25	131.00	130.25	132.25	134.50	134.50	133.75	134.00	133.25	132.00	131.50	130.00	128.50	127.00	125.50	124.00	127.00	129.00	120.50	116.75	115.25	113.00	110.00	106.00	104.00	105.75	106.75	109.00	103.00	102.50	102.00	109.00	106.50	105.00	106.00	104.50	101.25	101.00	99.75	100.00	103.00	105.25	106.00	103.25	104.00	100.50	98.50	96.00	94.00	93.25	91.75	90.00	91.00	90.00	89.50	89.25	88.75	87.50	87.25	86.75	86.25	85.25	85.00	84.50	83.50	84.25	83.75	83.00	82.25	82.25	81.75	81.00	81.00	80.00	80.75	79.50	79.75	81.00	81.00	93.50	107.00	142.50	205.00	246.25	226.50	212.50	210.00	202.75	234.00	245.50	223.25	204.25	187.25	187.00	191.00	190.00	178.50	176.25	175.00	184.75	187.00	190.50	190.75	199.00	237.00	255.00	362.25	471.50	478.75	332.50	327.00	338.50	393.25	432.00	492.75	546.00	540.00	655.75	763.25	651.50	576.00	529.50	453.75	376.00	411.50	518.25	571.00	561.00	620.25	681.25	771.50	736.50	644.00	520.00	490.75	445.75	439.50	421.25	396.00	454.00	367.00	390.00	496.75	568.25	466.00	347.25	633.75	654.25	736.00	825.00	724.00	570.25	465.50	346.75	499.75	621.00	709.00	625.50	525.50	420.00	484.00	605.25	766.25
702.25	622.75	557.50	507.25	565.00	610.50	613.50	560.00	486.75	433.25	405.25	412.50	438.75	488.25	506.75	467.00	377.25	331.25	392.00	414.00	383.50	337.75	305.00	283.75	271.75	268.75	265.25	263.75	262.00	258.25	252.50	241.00	229.75	232.00	262.25	344.25	399.50	446.50	449.00	451.25	443.00	435.50	384.50	345.75	316.00	309.50	293.75	279.00	286.75	307.50	268.25	232.25	213.50	200.75	197.50	190.75	184.50	180.50	179.00	178.75	178.25	178.25	178.25	177.75	177.00	175.75	179.00	180.25	178.25	173.25	176.00	208.50	199.50	191.00	187.75	186.50	187.25	187.25	186.25	184.75	185.25	184.00	184.00	185.25	176.25	169.25	164.50	151.75	147.25	141.00	137.50	132.50	130.25	130.75	128.75	128.75	130.00	131.75	132.00	131.50	131.50	131.00	129.50	129.00	127.50	126.25	125.25	123.25	122.25	124.75	125.50	120.75	115.75	112.75	110.75	107.50	106.25	105.25	105.75	106.75	108.00	102.00	102.00	103.00	109.50	105.75	106.75	106.00	103.25	100.00	99.50	99.75	100.25	103.00	107.50	107.25	103.25	103.00	100.25	98.25	95.25	94.50	93.25	92.00	91.25	93.25	91.50	89.75	89.25	88.25	87.75	87.25	87.00	86.50	85.25	85.00	84.50	83.75	84.00	83.50	83.00	82.00	82.00	81.75	80.75	81.00	80.50	80.75	80.50	80.50	82.50	88.50	109.00	136.25	152.00	184.50	216.00	189.50	185.50	176.00	174.25	199.75	229.00	224.25	201.50	191.25	195.75	206.75	192.00	177.50	178.25	178.00	183.25	187.00	192.75	193.25	199.00	209.00	233.75	365.00	431.25	426.50	307.75	310.75	391.75	431.00	449.00	511.00	646.25	654.00	720.25	741.75	687.00	596.50	514.00	471.25	401.00	376.00	430.25	507.75	565.75	585.75	714.00	757.00	724.25	704.50	509.75	453.25	538.50	506.00	496.75	433.50	409.25	394.25	502.25	501.00	665.50	518.00	417.50	501.50	534.50	640.25	808.75	681.25	561.25	514.50	352.00	505.25	693.25	791.50	666.50	541.75	477.00	439.50	567.00	645.75
691.25	642.25	604.50	522.75	499.50	546.00	592.75	571.50	519.00	479.75	420.75	385.25	384.00	418.50	451.25	478.50	408.75	326.50	367.25	432.50	413.50	375.75	342.75	307.25	277.00	269.25	261.25	258.00	254.25	250.00	246.50	239.25	229.25	228.00	250.50	317.25	363.50	429.00	462.00	454.50	426.75	413.00	401.75	362.50	310.75	290.00	272.50	262.75	262.25	272.25	250.25	223.75	206.75	196.50	193.00	187.50	182.00	178.75	177.75	177.50	176.75	176.75	176.75	176.25	175.50	174.25	174.00	177.50	178.75	171.25	175.25	180.25	181.25	182.25	182.25	181.50	183.25	183.00	181.50	181.25	181.50	179.75	178.75	182.25	174.75	166.75	162.50	151.50	147.00	141.00	137.25	132.75	129.00	128.50	127.00	127.00	127.50	129.25	129.50	129.25	129.00	128.75	127.75	126.25	125.25	124.25	123.75	120.75	120.25	121.50	123.25	121.25	116.00	110.50	109.00	108.00	109.25	107.75	104.75	105.00	104.25	106.00	105.00	106.50	110.00	107.00	106.50	105.00	101.75	100.25	99.50	100.00	102.25	104.00	108.75	107.25	103.50	102.50	100.50	98.50	95.50	94.75	93.50	93.25	93.25	94.75	92.25	90.25	89.25	88.50	88.50	87.25	86.75	86.75	85.75	86.00	84.50	83.75	83.25	82.50	82.75	82.25	82.00	81.00	80.75	81.25	82.25	81.00	81.50	81.50	86.50	107.50	122.75	149.50	147.25	152.25	165.50	147.75	153.75	151.75	157.25	197.50	240.50	238.75	208.00	207.50	209.25	219.00	200.00	179.75	181.50	182.75	183.50	186.25	193.50	197.50	201.00	206.25	218.25	349.00	374.25	353.75	279.25	325.25	389.00	395.25	437.25	524.25	692.25	711.50	685.75	674.75	712.25	625.75	568.25	512.75	434.50	429.50	381.25	479.00	533.75	572.25	702.00	687.75	640.75	712.25	519.75	515.25	586.50	582.25	602.25	569.75	516.75	407.75	574.75	531.25	688.25	592.50	517.00	450.00	501.75	622.00	807.75	721.00	698.75	577.00	348.75	524.25	693.75	783.00	693.00	554.50	560.75	483.00	463.00	493.50
611.75	632.50	642.25	592.75	517.75	462.00	506.75	558.75	570.25	522.25	484.00	474.50	434.25	361.50	347.75	387.75	404.75	349.25	311.50	379.50	409.25	413.00	398.75	388.50	372.25	345.00	300.00	268.25	256.00	246.75	239.00	232.75	228.75	223.75	237.00	332.75	365.25	418.00	464.50	408.75	363.75	346.50	360.25	354.00	329.00	329.50	306.75	262.75	237.50	228.25	216.50	203.75	197.25	192.00	192.00	204.00	200.75	178.00	176.25	175.25	174.50	174.25	174.25	173.50	172.75	172.25	170.50	169.50	172.50	173.75	168.25	167.50	163.00	164.00	170.00	173.75	175.25	175.00	173.75	173.75	174.50	172.50	170.25	170.75	172.00	162.00	157.50	150.00	145.75	140.25	136.25	131.25	127.00	126.50	124.50	124.00	123.00	124.00	124.75	125.00	124.00	124.00	123.50	122.25	121.50	121.50	119.75	118.50	115.00	115.75	116.50	119.50	117.25	110.75	112.00	113.00	112.25	108.50	104.50	106.50	106.25	104.75	109.50	107.75	106.75	105.00	103.50	103.00	101.75	103.00	103.00	103.00	104.00	107.25	106.75	106.50	107.25	103.50	100.50	98.25	97.75	96.50	96.75	96.75	95.00	96.75	96.75	96.75	92.75	91.00	92.25	90.25	89.00	89.50	87.00	86.25	85.00	84.25	84.00	84.50	83.00	82.00	81.75	81.00	81.00	81.75	83.25	84.00	83.25	83.75	90.00	109.50	113.25	120.75	119.25	117.25	122.50	123.75	139.50	172.50	174.00	208.00	241.25	252.00	251.75	272.25	287.00	256.50	219.50	206.25	186.50	188.50	188.25	190.25	194.75	199.50	206.25	210.25	216.25	225.25	241.25	248.25	295.75	307.00	319.50	415.50	521.50	614.50	600.25	556.75	535.75	574.75	713.00	715.75	650.75	504.75	529.25	563.00	452.75	532.75	436.75	475.25	500.50	497.75	567.75	649.75	723.75	737.50	645.75	735.00	663.25	583.25	456.00	467.50	581.75	656.00	780.50	687.00	564.50	414.75	606.00	601.50	685.25	850.00	718.00	581.00	383.25	412.50	533.25	605.75	707.25	738.25	704.75	642.00	572.00	457.75
587.50	560.75	570.75	566.50	539.00	497.00	449.50	472.00	532.50	547.75	501.75	481.25	473.50	413.50	366.50	335.25	348.00	341.50	298.75	319.50	343.00	349.75	354.00	357.00	359.25	353.75	336.50	310.50	282.50	255.75	236.75	230.50	229.50	222.50	225.25	322.75	347.25	390.50	442.75	393.50	349.50	331.25	316.75	313.50	294.00	296.00	288.75	259.50	232.00	219.75	208.50	200.75	201.00	202.75	209.75	221.25	204.25	177.00	174.50	173.25	172.75	171.75	171.75	171.50	170.75	170.25	168.75	167.50	167.75	170.00	169.25	170.25	166.25	161.75	163.50	182.00	169.75	169.25	168.25	168.50	169.25	167.25	165.25	163.50	165.50	162.00	154.00	147.50	143.75	138.75	134.75	130.00	125.50	124.25	123.00	123.00	121.50	121.50	121.75	121.50	121.00	121.00	120.00	118.75	119.50	118.50	116.75	115.50	112.25	111.75	111.50	115.75	115.25	112.75	110.25	108.50	111.25	107.75	107.50	107.25	107.25	105.50	107.75	105.25	103.75	104.00	105.50	106.50	105.25	104.75	106.25	105.25	107.25	111.50	108.75	108.25	107.00	103.25	100.50	100.75	100.00	99.25	99.50	98.75	97.75	97.75	98.00	96.75	95.50	93.25	94.00	93.00	92.75	91.25	88.50	88.50	87.00	84.75	84.50	83.50	83.00	82.50	82.50	81.75	81.75	83.00	84.25	85.50	84.75	85.50	90.50	100.25	104.00	106.50	107.50	109.50	122.75	142.75	174.75	217.00	229.25	210.00	246.25	294.50	310.00	333.25	324.25	262.25	227.25	216.50	192.25	193.00	193.00	194.00	197.50	201.50	209.25	212.00	218.25	222.50	229.00	239.25	270.25	289.25	335.00	426.25	501.25	552.75	506.25	464.00	514.25	579.00	658.75	719.75	674.75	575.00	627.50	594.00	530.50	627.50	513.75	497.75	491.50	539.00	572.25	620.00	771.75	804.75	681.00	689.00	546.00	545.50	499.00	488.25	617.25	703.75	847.00	686.50	638.50	422.00	491.00	563.25	713.25	896.25	731.75	604.00	457.50	400.00	461.75	573.50	698.00	747.00	792.00	744.50	679.25	530.25
598.50	526.25	489.50	499.75	513.00	512.25	433.75	407.00	478.50	520.75	467.00	430.75	457.00	437.75	396.00	319.25	303.75	314.25	293.00	280.00	286.25	287.00	288.75	292.50	303.75	311.00	318.75	320.25	296.00	262.25	236.75	228.00	228.25	222.75	218.50	273.50	299.75	364.00	425.25	400.50	369.25	341.75	295.00	279.75	265.25	257.00	250.75	240.50	224.75	214.75	206.25	204.75	214.25	220.75	234.25	221.75	188.75	174.25	172.00	171.50	170.50	169.50	169.50	169.25	169.00	168.00	167.25	166.25	164.75	164.25	168.00	166.75	165.75	163.75	159.75	192.75	164.00	163.50	162.75	163.25	163.50	162.25	160.50	157.50	156.75	160.75	151.75	145.50	141.75	137.25	133.25	128.75	124.25	122.00	121.25	121.25	120.75	119.25	119.00	118.25	118.25	118.25	116.75	115.75	115.25	113.75	113.25	113.00	111.50	109.75	109.00	112.75	114.25	112.75	106.50	104.00	110.25	110.00	108.75	108.25	106.50	106.25	105.00	103.25	103.75	106.25	108.00	108.50	108.25	106.75	108.75	107.00	110.00	113.50	110.75	110.50	106.75	103.25	102.50	103.25	102.00	102.25	101.50	100.75	100.25	99.25	99.00	96.50	95.75	95.25	94.75	93.75	93.00	91.50	89.75	90.50	88.50	85.25	84.00	83.00	83.50	83.50	83.50	83.25	83.00	84.25	85.00	87.50	86.50	87.25	94.25	98.75	98.50	99.50	102.50	110.25	136.00	158.50	198.75	242.50	277.25	230.25	269.00	349.50	365.50	358.25	337.75	269.25	259.50	247.00	200.50	198.75	198.25	198.50	200.25	204.50	210.75	214.25	219.00	223.50	229.00	237.50	249.75	281.25	346.00	453.25	478.75	454.75	419.25	394.50	514.50	557.00	553.00	654.00	690.50	649.75	720.50	658.50	630.50	655.50	601.00	591.00	565.75	615.25	616.25	555.00	732.25	842.75	687.25	566.75	529.75	630.50	577.25	493.25	635.25	822.75	901.25	807.25	744.25	443.00	437.00	574.00	755.50	896.00	734.25	614.00	490.25	450.25	404.00	479.75	678.25	762.00	847.25	892.50	777.75	633.50
552.25	505.50	466.25	449.50	427.00	421.75	420.75	390.00	391.50	403.00	380.75	352.75	349.00	336.25	321.00	301.00	291.00	285.00	277.75	274.50	266.00	259.25	254.25	251.25	247.25	248.75	252.25	253.25	250.00	243.50	234.00	222.00	219.50	216.75	215.25	247.25	286.00	351.25	391.50	394.00	382.50	341.50	298.25	291.75	282.75	271.25	247.00	228.25	226.75	231.25	214.00	216.25	229.75	256.50	251.25	211.50	181.00	171.50	168.75	169.25	168.00	167.50	166.50	166.50	166.00	165.00	164.75	164.00	163.50	162.75	162.50	161.00	160.75	158.00	159.25	164.00	155.00	155.50	156.50	156.75	157.00	156.00	154.00	151.25	148.50	150.25	150.50	140.00	137.75	134.50	131.75	127.75	123.50	121.25	119.00	118.25	118.00	117.00	115.25	114.75	113.50	113.00	113.25	113.00	112.75	112.50	111.50	113.50	115.00	114.00	112.00	113.00	111.00	108.25	108.25	110.00	112.00	110.25	106.50	106.00	106.50	107.25	106.75	109.25	108.25	108.25	109.25	108.75	109.00	109.50	111.50	110.25	112.25	114.50	115.75	110.25	108.25	106.25	106.25	106.50	105.25	105.00	104.00	103.75	103.50	102.25	100.50	99.50	98.75	97.75	97.00	96.00	95.50	93.75	92.25	91.25	90.50	89.75	87.25	86.00	86.50	87.50	86.25	85.25	86.00	89.50	91.50	91.75	90.50	89.75	91.00	92.25	95.50	99.00	113.25	139.50	148.25	168.75	193.75	235.00	281.25	302.00	311.25	353.25	336.75	317.75	363.25	344.50	339.75	280.75	201.00	202.75	207.25	205.25	205.75	210.00	214.25	219.75	225.00	224.50	231.25	239.50	247.50	259.00	290.25	347.00	341.25	355.25	350.00	388.50	443.75	437.50	582.25	647.75	700.75	569.50	603.00	660.00	616.00	634.75	662.00	734.25	689.25	708.00	671.25	726.75	671.25	747.50	764.50	580.50	740.00	686.50	594.50	519.50	725.00	887.25	729.00	624.50	550.00	525.50	640.75	513.25	551.25	740.25	720.00	593.25	658.50	602.75	581.75	487.50	470.25	586.75	777.25	879.50	778.75	659.00
540.00	501.50	505.25	492.25	441.75	405.50	392.50	378.75	369.25	364.25	348.00	334.25	326.75	315.00	307.00	302.50	306.50	321.25	317.50	318.00	306.50	284.00	260.25	250.00	242.25	238.50	237.00	237.00	236.25	233.25	228.00	219.25	216.25	212.75	212.75	250.00	297.25	353.00	378.75	361.50	362.50	340.50	314.50	309.50	281.50	263.50	243.00	229.50	239.25	240.75	217.50	220.00	228.75	253.75	237.50	204.50	182.25	175.75	167.50	168.00	167.00	166.25	165.50	165.50	165.00	163.50	163.50	162.50	162.25	161.00	160.25	159.00	159.50	157.75	156.00	158.50	154.00	152.00	153.50	153.50	153.50	153.00	151.00	148.75	146.00	145.25	147.75	137.75	135.50	132.00	129.75	126.50	122.75	120.50	118.25	117.25	116.75	116.00	114.25	114.00	112.25	112.00	112.25	112.75	114.50	115.00	112.75	115.75	115.75	113.00	111.75	109.50	107.75	107.50	109.75	111.00	109.75	108.50	107.50	108.25	108.25	108.50	108.25	109.25	108.50	109.50	110.00	109.75	110.00	110.75	112.00	113.00	113.00	115.75	116.50	110.75	111.25	108.50	109.25	107.50	107.00	106.50	105.50	105.50	104.75	103.00	102.00	101.50	100.25	99.00	98.25	98.00	96.50	96.25	94.00	97.25	96.25	99.00	90.50	88.25	89.75	91.50	89.25	87.50	89.00	92.75	93.50	94.00	93.25	92.25	92.25	93.75	98.50	108.25	120.50	137.50	163.75	174.25	196.00	231.50	279.25	346.50	329.50	320.50	305.75	297.50	341.75	320.00	310.25	261.00	205.00	207.75	212.75	209.25	208.00	211.50	216.00	220.50	227.25	230.50	230.75	241.25	247.75	256.00	266.00	282.25	293.75	317.50	337.75	416.00	397.00	457.00	603.00	616.00	656.00	543.00	539.50	549.00	578.00	658.50	728.25	757.25	774.75	732.50	736.50	796.75	778.00	749.00	810.00	647.75	775.75	699.75	611.00	596.00	767.00	890.75	691.00	646.25	533.50	577.25	739.50	568.75	504.00	651.25	766.25	618.00	746.50	715.00	675.25	548.00	453.50	598.50	753.75	793.00	844.25	804.75
550.50	551.50	537.00	508.00	434.00	413.25	431.00	422.00	384.00	374.75	370.75	384.75	389.75	351.75	356.25	371.50	388.75	436.50	432.75	383.75	352.25	346.50	345.50	343.50	279.50	256.75	231.25	226.00	222.25	219.50	216.00	212.75	211.00	207.25	207.00	257.25	292.75	324.50	373.50	335.00	320.00	342.00	317.25	293.25	261.00	246.50	244.75	241.50	247.75	239.75	230.50	237.25	236.25	240.75	221.00	199.50	190.50	188.50	166.50	165.25	165.25	164.50	163.75	163.25	163.25	162.00	161.00	160.00	159.75	158.50	157.50	156.75	154.50	156.75	157.25	153.25	152.50	153.75	149.25	147.50	147.50	146.75	145.25	143.75	141.50	139.25	139.50	136.00	132.25	129.00	127.00	123.75	121.00	119.25	118.00	117.00	116.25	116.00	114.00	113.75	113.50	114.00	112.50	113.50	118.75	119.00	118.25	118.25	115.25	108.75	108.75	108.00	109.25	110.75	109.25	107.75	109.25	110.00	110.50	110.00	110.75	111.00	111.25	111.75	112.00	112.50	112.50	112.75	113.50	115.75	115.25	116.75	118.00	120.75	116.50	116.75	117.75	114.50	115.50	114.00	113.00	110.50	110.75	109.00	107.50	105.50	105.50	104.00	102.25	102.50	103.50	103.50	106.00	112.25	139.25	118.25	113.00	111.25	103.00	100.00	98.50	97.75	95.25	95.75	95.25	98.50	98.25	100.50	102.50	105.50	102.25	122.75	115.25	118.25	141.00	164.50	195.50	246.00	294.25	329.50	343.50	332.25	309.25	299.25	296.25	271.75	297.75	288.75	281.50	298.25	209.50	210.25	214.25	215.25	213.50	215.00	220.25	225.50	228.75	238.25	238.25	242.25	247.75	253.50	259.25	286.75	321.00	316.00	314.75	328.00	337.75	364.50	388.50	412.25	410.25	426.25	429.00	567.25	557.75	709.50	698.00	689.50	795.00	890.50	846.50	801.50	801.50	821.50	940.00	913.00	935.50	860.50	666.00	719.50	872.75	896.25	769.00	650.75	660.00	696.00	749.50	670.00	636.75	588.50	788.00	803.50	843.00	750.25	592.50	501.25	501.75	599.75	726.50	869.25	957.50	982.50
599.50	553.00	495.50	448.50	433.00	470.50	499.50	464.50	419.00	437.50	423.00	445.50	441.00	378.00	403.00	416.00	442.50	432.50	417.00	383.00	346.50	313.00	313.00	329.00	313.00	299.50	277.00	233.00	221.50	213.50	209.50	207.50	206.50	203.00	204.00	229.00	249.00	298.50	354.00	314.00	292.50	316.50	302.00	281.00	258.50	262.00	264.50	255.00	255.00	246.50	243.00	246.00	232.50	223.00	202.50	182.50	174.50	170.50	164.50	164.00	163.50	162.50	161.50	161.00	161.00	160.00	159.50	158.00	157.50	156.50	156.00	154.50	153.00	151.50	152.00	154.50	152.00	149.50	147.00	147.50	143.00	142.50	141.50	140.00	138.50	135.50	134.50	133.50	132.00	126.50	125.50	123.00	120.50	119.50	118.00	117.50	116.50	118.00	114.50	115.00	114.50	113.50	115.00	114.00	119.00	119.50	117.00	117.50	109.50	114.00	116.00	110.00	114.50	109.00	110.00	111.50	112.50	112.50	112.00	112.00	112.50	114.00	113.50	114.00	114.00	115.50	115.00	116.00	117.00	120.00	117.50	117.50	121.50	124.00	117.00	121.50	121.50	117.00	119.00	120.00	114.50	114.50	115.00	113.00	111.00	109.00	108.00	106.00	104.50	106.00	111.00	112.00	159.00	140.50	196.50	149.50	144.00	156.00	137.00	124.50	109.50	104.50	104.00	101.00	100.50	105.00	104.00	106.00	111.50	128.50	104.00	103.00	119.50	134.50	144.50	160.00	225.50	278.50	347.00	379.00	363.50	285.50	268.50	271.00	308.50	274.00	259.00	275.00	267.50	351.50	224.00	211.50	217.00	221.50	222.50	229.50	236.00	231.00	231.50	235.50	238.50	243.00	248.50	252.00	257.00	268.00	306.00	346.50	377.50	399.00	414.50	428.00	464.00	429.50	475.50	489.00	464.50	460.00	659.50	596.50	648.00	791.00	835.00	946.00	866.00	753.00	732.50	867.50	864.50	854.00	886.00	903.00	810.00	930.00	1026.50	912.50	806.50	777.50	745.00	781.00	813.50	819.50	636.00	551.50	807.50	897.50	768.00	633.00	546.50	608.00	530.50	683.00	722.00	828.00	908.50	992.00
571.25	512.00	483.75	449.75	489.50	508.00	484.75	451.25	445.75	468.00	461.75	464.00	438.75	403.50	410.00	411.25	404.50	389.25	362.50	356.00	338.50	303.25	282.50	285.00	291.00	271.00	266.50	256.00	230.50	212.50	208.75	203.50	202.00	199.25	202.00	231.50	260.25	298.50	338.75	291.50	271.25	300.00	317.75	303.00	277.75	287.00	283.50	275.75	266.75	244.75	241.75	220.25	205.75	200.00	195.25	179.75	168.00	164.50	162.50	162.25	162.00	161.00	159.75	159.25	159.25	158.75	158.50	157.25	156.00	155.00	154.25	152.50	151.50	150.00	149.25	149.50	151.25	151.25	149.00	146.25	143.25	142.00	139.25	136.75	135.25	133.50	131.75	128.50	129.50	129.75	125.00	123.75	123.00	122.00	119.75	118.50	117.75	116.50	116.00	115.00	116.75	116.25	114.00	115.75	112.75	114.25	115.00	111.50	113.75	113.50	114.75	110.50	111.25	110.25	112.75	112.50	112.50	114.50	114.75	114.25	115.00	115.50	116.25	116.00	116.00	117.25	117.75	119.25	119.50	123.25	118.75	121.25	126.25	126.50	118.00	121.00	124.25	118.50	122.50	120.50	117.75	118.25	115.75	114.50	113.75	112.00	112.00	109.00	107.25	110.50	115.50	120.00	150.25	161.25	215.50	212.25	190.50	174.25	171.75	163.50	126.25	115.00	113.25	110.25	111.00	120.25	113.50	110.75	113.00	125.00	131.00	126.00	118.25	133.75	174.50	190.25	230.00	291.00	312.25	325.25	352.25	319.25	289.25	251.50	266.00	279.50	246.50	281.75	292.00	251.50	244.75	215.25	222.50	228.25	229.25	264.25	295.75	341.75	306.75	253.25	242.00	247.25	252.75	256.25	259.00	265.50	277.50	310.25	398.25	453.25	488.00	521.00	566.50	600.75	561.50	655.75	623.50	449.50	565.75	652.75	721.75	821.00	939.00	963.25	853.50	729.25	812.75	861.00	743.00	737.50	891.25	993.25	973.50	891.50	952.50	1014.00	924.25	883.00	852.75	923.25	909.75	793.00	653.25	632.00	760.25	789.25	761.25	611.25	715.25	657.00	592.75	528.75	604.00	704.00	716.75	880.50
577.00	527.50	474.50	503.00	512.50	477.00	480.00	462.00	447.00	429.00	426.00	417.00	422.00	384.00	354.50	350.50	339.00	361.00	341.00	313.00	308.00	290.00	274.00	259.00	249.00	245.00	243.00	241.00	235.00	212.00	207.00	201.50	197.50	195.50	197.50	259.50	310.00	326.00	332.50	274.00	251.00	269.50	320.50	324.00	301.50	311.50	301.00	281.50	255.50	227.00	211.50	198.50	191.00	183.50	187.00	177.50	165.00	161.50	160.50	160.50	160.50	159.00	158.50	158.00	157.50	157.00	156.00	156.00	155.50	154.00	153.00	150.50	150.00	149.00	148.00	147.00	146.50	149.50	149.50	150.00	150.50	142.50	142.00	138.50	134.00	131.50	130.00	127.00	125.50	128.50	130.00	125.00	124.00	121.50	124.50	122.50	118.00	117.50	117.50	115.50	111.00	112.00	116.00	110.50	113.00	111.00	107.00	112.00	115.00	109.50	109.50	110.00	112.50	112.00	113.50	114.50	114.00	115.00	118.00	118.00	117.00	117.00	117.50	118.50	119.00	120.00	121.00	120.00	124.50	125.50	121.50	123.00	129.00	129.50	121.00	126.00	129.00	123.50	126.00	123.50	121.50	119.50	118.00	117.50	116.00	116.00	113.50	112.00	111.50	116.00	122.50	129.00	142.00	159.00	245.50	266.00	236.00	218.50	202.00	171.50	139.00	144.00	139.50	128.00	128.00	154.00	146.00	118.50	117.50	120.50	131.50	147.00	138.50	147.50	216.50	271.00	305.00	302.50	293.00	288.50	288.50	283.00	269.00	251.50	252.00	243.50	236.50	230.50	228.50	221.50	219.50	220.50	231.50	229.50	232.50	290.50	362.00	397.00	444.50	361.00	259.50	248.00	257.50	257.50	261.00	266.50	275.00	292.00	363.00	390.00	485.00	616.50	744.50	746.00	723.00	783.00	637.50	591.50	563.00	556.50	607.00	679.00	912.00	866.50	724.50	690.50	746.00	704.50	670.00	814.00	949.50	947.00	844.00	800.50	760.50	784.50	801.00	776.50	831.50	1008.00	882.00	741.50	671.50	722.50	952.00	947.00	766.00	669.50	744.50	630.50	662.50	587.00	539.00	536.50	555.50	683.00
599.50	576.00	519.75	547.00	469.50	417.75	422.00	416.00	393.75	377.00	374.25	357.50	361.75	329.00	309.25	300.75	295.75	307.50	307.25	291.50	287.00	300.00	308.25	284.25	241.00	229.00	226.25	228.25	224.50	225.75	208.00	200.50	197.25	195.00	195.00	251.75	269.75	286.00	324.75	280.00	232.75	241.75	268.50	267.25	293.00	297.50	269.00	251.50	230.25	211.00	194.75	185.25	180.00	173.75	172.50	167.50	162.00	158.75	159.25	158.75	158.50	157.50	157.25	156.50	156.00	155.50	154.75	154.25	153.50	152.50	151.50	149.75	148.75	147.50	146.25	145.00	144.25	144.75	145.25	145.50	145.25	141.00	139.75	137.00	133.00	130.75	129.25	131.00	127.75	124.50	128.25	126.50	122.75	120.50	119.25	118.75	120.25	119.00	119.25	119.50	115.75	118.75	118.50	115.50	117.75	116.50	118.50	114.25	112.50	111.75	112.75	111.75	114.00	115.50	114.00	115.75	117.25	116.50	120.50	119.00	119.00	119.25	120.50	121.25	121.50	124.00	123.50	121.75	127.50	129.25	122.50	128.00	127.25	125.75	127.25	126.50	131.00	131.25	131.00	128.75	125.25	122.75	120.50	120.75	121.00	116.00	116.50	124.25	128.75	142.75	146.50	153.75	188.25	215.00	212.25	271.50	306.50	239.25	190.50	161.50	177.50	232.00	233.50	198.00	162.75	220.50	171.50	136.50	126.25	127.75	142.75	180.25	189.25	170.50	255.50	328.50	342.50	331.00	312.50	293.75	284.50	276.50	275.25	287.00	288.25	285.00	290.75	284.75	236.50	228.75	244.50	241.50	236.25	234.50	238.50	278.25	373.25	448.50	458.00	391.75	312.00	253.00	256.00	263.75	266.50	272.75	275.25	288.00	363.50	480.75	625.00	693.00	652.75	598.75	727.50	909.50	835.50	643.00	510.75	698.50	760.75	775.50	887.50	948.50	884.00	763.75	611.25	611.50	756.75	755.75	866.75	934.25	925.00	782.75	745.00	666.75	728.25	918.75	969.00	984.75	915.25	813.75	754.50	785.25	1015.75	1007.50	767.75	870.25	880.25	701.25	727.50	763.25	683.75	713.50	635.50	615.75
573.50	543.00	558.50	510.00	443.00	403.50	361.00	357.00	346.00	337.50	331.00	318.00	308.50	286.50	274.00	265.00	264.00	262.50	261.00	259.00	257.50	263.00	279.50	275.00	240.00	224.00	213.00	214.50	214.00	224.00	207.50	194.50	195.50	194.00	192.00	221.50	233.50	288.00	296.50	278.00	228.50	217.50	232.50	258.00	296.50	272.00	229.50	232.00	235.50	213.50	189.50	176.00	172.50	166.50	164.00	161.00	158.50	157.00	157.00	157.00	157.00	156.00	155.00	155.00	154.50	154.00	153.00	152.00	152.00	151.00	150.00	148.00	147.00	145.50	145.00	143.50	142.00	141.00	140.50	140.50	142.00	143.00	141.00	136.50	137.00	136.00	135.00	132.00	133.00	124.50	126.00	123.50	122.00	121.00	119.50	121.00	121.50	117.00	112.50	116.50	117.50	118.50	118.00	121.50	118.00	118.00	120.00	115.50	112.00	111.50	112.50	113.50	114.50	115.50	115.50	116.00	119.50	120.00	121.50	122.50	121.00	121.00	122.50	124.50	125.50	125.00	124.00	123.50	127.50	132.50	126.50	129.50	127.00	128.50	126.50	129.00	133.50	135.50	136.00	132.50	126.50	126.00	125.50	125.50	123.50	121.00	132.50	145.00	160.00	193.00	206.00	209.00	214.00	279.00	234.50	275.00	294.00	236.50	244.00	203.50	219.50	243.00	278.00	220.50	195.00	235.50	189.00	162.50	143.50	138.00	147.50	178.00	218.50	226.50	241.50	281.00	321.50	365.50	366.50	334.50	329.50	330.00	313.50	344.50	357.00	345.50	323.50	252.00	238.50	250.00	276.50	290.50	237.50	237.50	242.50	287.00	356.00	402.50	414.50	376.50	334.00	266.00	259.50	264.50	272.00	273.00	278.50	284.00	301.50	390.00	495.50	537.00	514.50	608.00	692.50	906.00	839.00	664.00	516.00	580.00	631.50	709.50	860.50	940.50	873.00	853.00	612.50	615.00	723.00	782.50	861.00	947.00	978.00	853.00	737.00	630.00	717.50	906.00	918.00	868.50	827.50	864.50	917.00	883.00	901.50	1001.50	894.00	1095.50	1042.50	864.00	823.00	881.00	844.00	830.00	687.00	666.00
497.50	453.25	509.75	525.25	453.00	431.50	403.50	383.25	345.50	325.50	314.25	307.50	293.25	296.25	283.75	284.00	271.25	253.75	243.00	237.50	237.50	233.75	233.25	233.00	218.75	214.00	204.25	202.50	209.25	214.75	198.00	190.25	189.25	190.00	188.25	203.00	231.50	274.75	266.75	244.75	218.00	209.00	245.75	274.25	285.50	242.50	207.50	204.50	213.25	204.00	185.50	173.00	168.00	163.00	160.25	158.00	155.50	155.25	155.50	155.75	154.75	154.25	154.00	153.50	152.75	152.25	151.50	150.50	150.25	149.50	148.75	147.00	145.75	145.25	143.75	142.25	140.50	140.00	138.25	137.75	137.00	137.25	136.00	136.00	136.25	135.00	135.50	130.25	131.50	126.25	124.25	120.25	119.50	119.50	122.00	125.25	119.75	116.25	118.75	117.25	118.75	122.50	121.50	120.50	116.00	118.00	119.75	115.75	113.50	113.50	113.75	115.25	115.75	117.50	117.75	117.75	119.50	122.75	123.00	123.50	125.00	123.75	124.25	127.25	126.50	126.00	127.00	126.00	128.50	134.50	128.75	128.50	131.25	132.75	126.00	131.00	134.50	137.00	139.75	133.25	129.75	129.50	130.00	128.50	138.75	190.00	223.75	238.50	223.50	276.25	316.25	332.75	346.00	357.75	328.25	277.50	313.50	301.50	287.75	279.75	264.50	283.25	317.75	268.75	274.50	263.25	258.75	206.00	169.50	160.25	163.50	161.50	235.25	259.50	319.75	285.25	300.25	330.00	411.75	425.00	389.50	347.00	378.25	427.75	395.50	331.00	263.25	251.25	264.50	284.00	324.00	339.25	248.00	243.25	247.25	272.75	323.50	356.75	383.75	388.25	351.25	304.25	282.00	276.00	272.75	281.25	280.25	284.50	290.00	301.50	340.00	389.75	520.50	578.50	694.25	830.75	863.50	719.00	611.25	654.00	741.75	804.00	844.50	901.00	815.75	763.00	657.50	591.75	771.25	891.25	908.50	892.75	844.75	824.00	797.75	631.50	746.25	886.25	804.00	801.75	748.00	802.50	967.00	1087.00	1038.25	1047.00	993.50	1155.25	940.75	852.50	1022.75	1070.50	906.75	751.00	677.50	833.50
538.75	443.25	429.00	492.25	559.75	527.75	464.25	419.75	377.50	386.00	381.25	353.00	315.50	343.25	330.75	317.00	289.25	284.00	274.50	254.25	239.25	225.25	214.75	209.00	201.00	199.50	194.75	194.00	206.50	212.50	190.00	185.00	184.25	185.50	185.00	192.00	223.50	266.50	262.50	207.00	197.50	215.50	248.00	265.00	254.25	221.50	190.75	182.75	188.25	185.00	176.75	174.00	168.00	164.00	160.00	155.00	153.25	153.25	153.25	153.50	152.75	152.25	151.75	151.50	150.75	150.50	148.75	148.50	147.75	147.00	146.50	144.75	144.25	143.50	141.50	140.50	139.00	138.00	136.25	135.50	134.50	133.00	132.75	132.50	131.25	130.00	130.50	128.75	126.50	127.25	124.25	123.25	122.00	122.75	122.75	123.00	117.75	124.50	123.50	122.50	123.25	121.50	118.75	120.50	116.00	119.25	121.00	118.75	115.25	115.00	115.50	117.25	118.50	119.50	120.00	120.50	121.00	123.25	125.50	126.25	129.00	127.25	129.75	131.00	129.50	129.00	130.50	130.50	136.00	136.00	135.25	131.75	136.00	135.00	131.25	133.50	138.25	138.00	142.50	138.75	137.25	137.75	144.25	174.50	203.25	259.75	312.75	342.50	335.00	309.25	304.25	352.50	345.50	335.25	308.25	300.50	324.25	323.50	320.00	317.75	346.25	360.50	396.50	379.00	341.00	254.50	241.25	229.25	222.50	189.50	227.50	237.25	209.00	227.75	235.75	251.50	282.25	314.75	341.00	386.50	463.75	434.00	438.00	357.00	312.25	271.00	282.25	339.25	326.25	343.25	394.25	410.00	289.50	253.50	251.75	266.75	328.25	356.75	381.75	441.50	415.50	376.50	331.75	338.75	389.00	395.50	374.50	350.75	296.25	297.00	304.00	306.50	365.25	457.00	576.50	747.25	817.25	739.50	752.00	655.25	594.50	680.50	751.50	867.75	874.50	786.00	708.75	638.50	693.00	740.25	718.50	789.75	871.50	712.75	650.75	621.00	672.75	683.50	707.75	771.50	856.75	938.75	1033.00	1170.50	1203.25	1172.50	1244.25	1265.75	1084.50	1040.25	1097.25	957.50	913.50	861.00	746.25	999.75
521.50	450.00	383.25	452.25	532.25	515.75	467.75	435.25	421.00	425.00	417.50	376.25	360.75	385.25	351.50	310.00	292.25	278.00	255.00	240.75	236.00	223.25	211.75	208.00	202.75	197.75	190.25	188.75	196.25	211.25	188.00	181.50	180.75	181.50	181.50	191.75	218.75	256.00	243.00	196.75	201.00	225.50	248.25	243.25	225.00	219.00	193.25	174.50	175.25	173.75	164.25	160.50	158.25	157.75	156.00	152.50	151.50	151.50	152.00	152.00	151.00	150.75	150.00	150.00	149.25	149.00	147.50	147.00	146.25	145.25	145.00	143.75	143.25	142.25	140.50	139.50	137.50	136.50	134.75	134.25	133.00	132.00	131.25	130.50	129.75	128.50	128.75	128.25	126.25	123.75	125.00	123.00	123.50	122.75	121.50	120.00	119.00	125.75	122.75	121.25	121.00	120.00	117.50	118.75	116.75	118.50	121.50	121.50	117.50	116.50	116.75	118.50	119.75	121.25	122.25	122.50	123.50	125.25	127.50	129.75	131.00	131.75	133.50	133.00	132.75	132.75	132.75	135.75	140.25	137.50	137.25	134.25	136.50	135.75	133.75	136.25	141.50	143.00	145.25	147.75	165.50	196.50	213.50	259.75	287.50	292.75	297.75	307.50	315.50	275.00	283.75	319.50	306.50	316.75	323.50	297.50	310.75	321.75	297.00	289.25	328.50	334.25	362.75	352.50	330.75	271.50	252.00	243.75	236.50	237.75	281.00	320.25	286.50	335.00	282.75	347.25	348.25	399.25	385.25	444.00	481.50	460.50	420.25	361.25	294.00	297.75	335.00	415.25	407.75	403.75	420.25	424.00	318.75	265.50	256.00	262.00	332.00	362.00	381.75	438.75	447.75	418.25	392.75	425.25	501.00	428.75	444.75	487.75	360.50	371.00	323.50	314.25	317.25	333.25	398.00	501.75	574.50	556.50	749.75	771.00	728.25	759.25	806.00	932.00	891.75	781.75	640.00	569.25	686.00	720.00	802.75	889.50	851.75	692.25	614.50	721.50	802.75	807.50	810.00	827.75	903.75	1027.75	1126.50	1054.25	1126.00	1246.25	1297.75	1229.25	1176.75	1195.25	1128.00	980.25	951.75	912.50	821.25	894.50
482.50	428.25	356.75	413.75	488.25	475.00	481.75	472.50	458.00	416.00	402.00	382.75	406.75	394.50	346.75	282.75	276.25	254.50	227.50	213.00	211.25	208.00	203.25	203.50	204.25	200.50	188.25	184.50	185.00	200.00	183.25	177.50	177.25	176.75	179.25	187.75	210.00	236.00	204.25	187.00	214.75	235.00	226.75	203.50	192.75	206.00	193.25	169.75	164.50	162.75	155.25	151.00	150.75	150.00	150.00	149.50	149.75	149.50	150.25	150.50	149.50	149.25	148.25	148.50	147.75	147.50	146.25	145.00	144.50	143.50	143.25	142.75	141.75	141.00	139.50	138.00	136.25	135.25	134.00	133.00	131.75	131.00	130.00	129.00	127.75	127.50	128.50	125.50	124.25	123.25	128.25	124.25	123.75	121.50	122.50	122.25	122.75	123.25	122.25	121.00	119.50	119.25	118.75	117.75	117.75	118.75	122.50	123.50	119.50	118.25	118.25	120.00	121.00	122.75	124.00	125.25	126.00	127.75	129.75	132.50	134.00	136.00	135.25	134.75	136.50	137.00	135.50	141.00	143.00	140.75	140.25	136.25	138.50	135.25	135.25	136.75	141.25	148.50	149.25	177.75	211.75	261.75	271.00	307.25	312.25	265.50	281.25	258.25	280.50	249.50	263.00	268.50	294.75	328.25	352.75	282.25	273.25	314.75	293.50	264.25	298.75	296.00	313.25	309.75	304.75	312.50	297.50	273.00	285.50	318.50	350.00	418.50	383.50	452.50	375.75	455.50	425.25	503.25	482.50	506.75	476.25	448.75	378.00	364.50	292.25	324.25	405.00	472.75	479.50	443.50	408.75	398.25	318.50	276.00	260.75	267.25	343.50	383.75	395.50	433.25	463.00	481.25	472.75	511.25	590.50	472.25	437.25	553.00	461.25	509.75	408.75	366.25	331.00	324.75	328.25	342.00	373.75	450.50	702.25	775.75	847.00	883.75	882.25	947.00	878.25	789.00	604.75	590.75	736.00	865.25	897.00	984.25	834.50	713.00	621.00	765.75	863.25	934.50	917.75	909.50	976.25	1010.25	1081.00	938.00	1081.75	1187.00	1216.00	1132.25	1149.25	1243.50	1234.50	1038.75	1018.50	1030.00	967.25	808.75
460.75	407.00	341.25	398.75	440.50	407.50	433.75	435.50	410.75	355.00	360.00	337.75	369.00	339.50	322.50	284.75	272.00	241.50	225.00	206.75	198.50	195.50	191.75	191.75	193.50	192.50	185.00	181.00	179.25	182.75	176.25	174.25	174.25	173.25	177.00	176.75	188.50	198.50	178.25	176.25	193.25	199.50	186.00	175.00	169.75	182.25	186.25	171.50	160.00	155.75	152.25	150.00	149.75	149.00	148.25	148.00	148.00	148.50	148.25	148.75	148.25	148.00	147.25	146.75	146.25	146.00	144.75	143.25	143.00	141.75	141.75	141.25	140.25	139.50	138.25	137.00	135.25	134.50	133.50	132.00	131.00	129.75	128.50	128.25	127.00	127.00	126.75	125.25	125.25	122.25	128.25	128.75	124.25	122.75	125.50	124.50	124.25	123.25	122.25	122.25	121.50	120.25	121.00	119.75	119.75	120.00	122.50	125.50	120.50	119.75	120.00	121.50	122.75	124.25	126.25	128.00	128.50	129.75	132.50	133.75	135.00	137.75	136.75	137.75	138.50	139.25	138.25	143.75	146.50	145.25	141.75	138.00	141.25	136.00	136.25	136.75	145.00	150.00	150.50	176.50	194.50	215.75	217.25	223.00	222.25	202.75	233.00	215.25	224.25	225.50	246.00	259.00	326.00	355.75	324.25	266.25	263.75	279.25	271.50	263.75	280.75	278.75	295.25	302.25	305.00	323.25	340.25	347.50	362.25	422.00	438.50	471.75	430.50	459.75	416.00	453.50	491.50	534.25	478.00	456.75	404.25	382.00	342.75	340.75	347.25	354.50	401.25	502.00	492.00	441.50	406.25	396.50	341.00	291.00	268.50	272.50	354.50	370.50	382.75	426.75	464.00	525.75	543.25	595.25	661.00	568.25	452.75	531.75	622.75	661.75	559.00	472.25	378.75	366.75	346.75	339.00	339.25	387.00	606.00	647.75	755.50	870.00	803.00	841.75	857.25	793.50	581.75	616.00	855.50	936.00	826.25	904.50	766.00	679.25	620.00	785.50	786.00	845.50	909.25	896.75	916.00	868.00	869.50	829.75	953.50	983.00	1111.50	1062.00	1106.50	1215.50	1303.50	1264.25	1155.50	1159.00	1113.75	868.75
438.00	391.00	326.50	396.25	392.75	359.75	386.00	362.75	344.50	313.25	351.75	308.00	302.75	296.75	295.75	286.75	286.25	244.50	222.75	208.00	200.75	196.50	187.00	183.75	182.25	180.75	179.75	177.50	176.00	173.50	172.00	171.50	171.50	170.75	173.25	170.75	168.25	166.75	165.00	164.25	161.25	159.00	158.00	157.25	157.00	159.75	168.75	164.00	155.25	152.50	151.25	150.00	149.25	148.25	147.25	146.75	146.50	147.25	146.75	147.25	147.00	146.50	146.00	145.25	144.75	144.50	143.25	142.25	141.50	140.25	140.00	139.50	139.00	137.75	137.25	136.00	134.25	133.50	132.25	131.25	130.25	128.50	127.00	127.00	126.50	126.00	126.50	125.75	126.50	122.25	125.50	127.50	123.50	125.00	125.00	123.50	124.50	124.25	123.75	123.75	123.25	122.00	122.75	122.50	121.50	122.00	123.00	126.50	121.00	121.25	121.50	123.25	123.75	126.00	128.50	129.75	132.25	132.75	134.75	135.00	135.75	139.25	139.75	140.50	140.50	140.50	140.00	146.50	150.25	148.25	142.25	141.00	141.50	138.00	137.00	138.00	146.50	147.00	147.75	152.50	159.25	162.75	166.25	169.00	167.50	170.00	170.75	176.50	185.75	205.25	242.00	289.50	351.75	334.25	251.25	228.00	237.00	238.50	264.50	304.50	296.00	290.75	293.75	293.00	294.00	304.75	324.25	359.00	377.50	446.00	451.00	439.50	419.75	400.00	421.75	446.00	512.75	512.75	435.75	389.75	358.50	363.50	372.50	380.50	437.50	426.50	372.75	479.00	501.00	458.75	426.50	416.25	369.00	300.50	276.25	277.25	385.25	370.25	376.25	450.50	489.25	519.50	581.50	702.00	724.50	605.25	513.25	579.00	755.75	706.75	599.00	459.75	448.75	449.00	401.75	359.75	348.00	348.00	448.00	538.00	660.50	711.25	655.75	714.75	855.25	801.25	616.00	570.75	860.75	887.75	765.50	741.25	622.50	557.00	639.00	783.25	718.75	770.25	885.25	819.50	736.75	714.75	708.75	725.75	782.00	806.50	949.25	945.25	1051.25	1205.00	1277.50	1438.25	1271.50	1273.75	1152.00	984.50
399.00	350.25	304.50	374.25	353.75	322.00	367.00	350.75	294.75	290.75	341.00	327.25	268.50	270.50	252.75	245.75	269.25	278.50	245.25	231.25	225.50	210.25	199.00	195.25	178.50	177.00	175.25	173.75	172.75	170.75	169.75	168.50	167.75	169.00	171.00	166.50	167.75	170.00	169.25	165.00	162.25	159.25	158.00	157.75	156.50	156.00	155.25	154.00	153.50	153.00	151.25	150.50	150.00	148.50	147.50	146.50	145.75	146.00	145.50	145.50	145.50	145.00	144.25	143.50	142.75	142.50	141.00	140.50	140.25	139.25	138.00	137.25	137.00	135.75	135.25	134.25	133.50	133.00	131.00	129.75	129.25	127.25	125.75	126.50	129.75	129.00	130.75	124.50	127.75	127.00	127.25	128.75	125.00	124.00	124.75	125.50	126.50	126.00	125.50	125.75	124.50	125.75	126.00	126.50	126.75	125.50	125.00	128.50	123.50	122.50	123.25	125.00	126.25	128.50	130.50	132.25	137.00	136.75	136.75	137.75	139.50	142.75	143.25	141.50	144.75	143.50	143.75	148.50	152.50	149.00	147.00	145.25	143.25	141.50	140.50	140.00	142.50	145.50	149.75	162.50	181.25	185.75	179.00	176.25	180.75	187.75	191.00	198.75	198.50	191.75	225.75	303.00	225.50	205.50	219.00	230.50	222.25	226.50	259.50	283.50	270.25	263.00	263.50	283.00	331.50	329.25	337.75	341.25	328.75	329.75	343.75	341.00	360.25	432.25	514.75	517.75	474.75	424.25	413.25	486.00	446.00	430.25	419.00	483.50	556.75	574.00	453.50	394.25	520.75	494.75	435.50	409.25	373.00	342.50	287.75	283.50	317.75	371.25	428.00	450.00	461.25	562.25	646.25	775.00	876.75	743.00	733.50	699.75	686.50	541.75	402.75	453.00	594.50	647.25	528.00	503.25	435.75	366.25	363.25	390.75	452.25	489.50	495.00	492.00	519.25	497.50	517.00	503.25	643.75	668.75	561.50	507.25	554.25	691.25	581.75	568.75	676.75	747.00	732.50	633.50	664.25	722.25	835.25	835.25	954.75	992.50	933.00	927.25	914.75	988.00	1079.50	1250.25	1419.00	1385.00	1159.75	1126.00