150.00	150.00	150.00	152.50	153.00	149.50	149.00	149.50	148.50	147.00	149.50	148.00	148.00	147.00	146.50	144.50	143.50	142.00	139.00	126.00	112.50	112.00	112.00	110.50	110.50	110.00	111.00	112.00	111.50	112.50	113.00	122.50	124.50	121.00	117.00	116.50	113.00	112.00	125.50	137.50	147.00	150.50	151.50	151.00	151.00	150.50	151.50	151.50	151.00	151.50	152.00	152.50	152.00	152.50	153.00	152.00	151.00	150.00	149.00	149.00	149.00	148.00	148.00	147.00	147.00	147.00	149.00	146.00	146.00	144.50	144.00	144.00	144.50	146.50	147.50	149.00	149.00	147.50	146.00	144.00	144.00	145.00	143.50	143.50	144.00	144.00	143.50	143.00	143.00	142.00	142.00	141.50	141.00	140.00	142.00	141.50	140.50	140.50	140.00	140.00	140.00	140.50	141.00	140.50	139.00	139.00	139.00	138.50	140.00	140.00	140.50	140.50	141.00	140.00	139.00	139.50	139.50	137.50	137.50	137.00	137.00	136.00	135.00	132.50	132.00	131.00	131.00	130.50	130.00	130.00	129.50	129.50	132.00	133.00	133.00	132.50	131.50	131.50	130.00	127.50	126.00	125.00	125.50	130.00	131.00	130.00	130.00	129.50	129.00	128.50	126.00	123.50	122.00	121.50	119.00	119.00	119.00	118.50	119.00	119.00	120.00	120.00	120.00	120.50	121.00	121.50	122.00	122.50	122.00	123.00	124.00	124.00	125.50	125.50	126.00	126.50	127.50	129.00	130.00	131.00	131.00	131.50	131.00	131.50	133.00	132.50	134.00	134.00	134.00	134.00	134.00	134.00	135.00	135.00	135.00	136.00	136.00	135.50	135.50	135.50	136.00	136.00	136.00	135.50	135.00	135.00	136.00	136.00	136.50	137.00	136.50	135.00	133.00	132.50	133.00	133.00	133.00	133.00	132.50	133.00	133.00	133.00	133.00	133.00	133.00	133.00	134.50	135.00	138.50	140.50	141.50	142.00	141.00	140.00	139.00	138.00	137.50	136.50	136.00	135.50	135.50	135.00	135.00	134.00	134.00	134.00	134.00	133.50	133.50	132.50	132.00	131.50	131.00	130.50	130.50	130.50
151.00	151.50	150.25	150.00	149.25	149.25	149.00	149.75	149.75	147.25	147.75	147.25	147.00	147.00	146.00	145.25	144.25	142.25	135.75	120.00	112.25	111.75	111.50	111.25	110.75	110.75	111.50	111.75	112.00	112.75	119.25	125.50	125.50	123.00	119.25	115.75	114.00	119.50	136.25	143.50	151.75	153.25	153.50	152.50	152.25	152.50	153.00	152.00	152.75	152.50	153.00	153.50	153.75	153.50	153.75	153.00	151.75	150.50	150.00	150.00	149.25	149.00	148.25	147.75	149.00	147.50	146.75	146.25	146.00	144.50	144.50	143.75	145.75	148.50	151.00	151.50	151.25	149.75	147.75	147.75	147.50	146.75	143.75	144.50	146.00	145.50	145.00	144.00	143.75	143.25	142.75	142.50	141.50	140.00	142.50	143.25	141.25	141.25	141.00	141.00	141.00	141.25	141.75	141.00	140.00	139.50	139.00	139.25	140.50	141.75	143.25	142.50	141.75	141.50	140.25	140.00	138.75	138.50	137.50	137.75	137.75	137.25	136.00	134.75	134.25	132.75	132.00	130.50	129.25	129.00	129.00	129.00	130.50	130.50	129.50	129.75	130.25	130.50	128.50	126.25	126.00	125.00	125.50	129.25	129.50	129.50	129.25	129.00	129.00	128.25	126.50	123.75	122.50	121.75	120.25	119.00	119.00	118.75	119.00	119.00	119.25	119.50	120.00	121.00	122.00	122.25	122.50	122.50	123.25	123.50	124.50	125.50	126.00	126.00	126.50	127.50	128.00	129.00	129.50	129.75	130.25	130.75	131.00	131.75	132.00	133.00	134.00	134.00	134.00	134.00	133.50	133.25	135.00	135.00	135.50	135.75	136.00	135.50	136.00	136.00	136.00	135.75	135.75	135.25	135.25	135.25	136.00	136.00	137.25	135.00	133.00	132.75	131.75	132.75	133.00	133.00	133.00	133.00	133.00	133.00	133.00	133.00	133.00	133.00	133.00	133.00	133.50	133.00	135.25	136.75	138.00	139.25	139.50	140.50	140.50	140.25	139.50	138.75	137.00	136.75	136.50	136.50	136.25	135.75	133.75	133.75	135.00	135.00	134.25	134.00	133.50	134.00	133.50	132.25	131.50	131.75
150.50	150.25	149.75	149.00	150.00	149.75	150.00	150.00	149.50	149.50	149.75	148.25	146.75	144.75	143.50	141.75	139.75	134.50	123.75	113.25	112.25	112.50	112.25	111.75	111.50	115.75	123.50	125.25	127.75	128.25	126.50	125.00	125.50	125.75	126.50	127.75	130.75	139.00	146.50	150.75	156.25	156.25	155.00	155.00	154.00	154.00	154.25	153.75	152.00	151.75	152.50	154.00	154.50	155.00	154.75	153.25	152.00	151.50	151.25	151.00	150.50	149.50	149.00	148.25	148.00	147.00	146.25	146.25	146.25	146.00	145.50	147.00	149.50	153.50	153.50	153.50	153.00	152.75	152.00	150.25	148.50	146.75	146.50	146.50	146.25	145.50	145.00	144.75	145.00	144.00	143.75	143.25	141.75	141.00	143.25	142.50	141.75	141.50	142.00	142.25	143.25	143.00	143.75	143.00	141.50	141.00	140.50	141.50	142.50	143.50	143.00	142.50	142.50	143.00	141.00	140.50	138.75	138.75	138.50	138.75	138.75	137.50	137.00	137.00	137.00	135.50	133.75	133.00	131.50	130.00	129.50	129.50	129.50	129.50	129.00	128.75	128.75	128.50	127.50	126.50	126.50	126.50	127.00	128.25	128.50	128.75	128.50	128.75	127.50	127.25	125.75	124.75	123.00	122.25	122.00	119.75	119.50	119.50	119.50	120.25	119.75	120.00	121.00	121.50	121.75	123.00	123.25	123.50	124.75	125.25	126.75	127.25	127.50	127.75	128.50	128.50	129.50	129.25	129.25	129.25	129.50	130.25	131.00	132.00	132.75	133.25	133.75	133.75	134.25	134.50	134.25	134.75	135.75	135.75	136.50	137.00	136.25	136.00	136.00	136.00	136.00	135.75	135.75	135.50	135.75	136.00	136.50	137.00	132.50	132.25	132.25	132.25	132.25	133.00	132.25	132.25	132.50	132.75	132.75	133.00	132.75	133.00	133.00	133.00	133.00	132.00	132.00	132.75	133.00	133.50	133.75	135.50	136.25	138.00	140.00	139.50	139.50	140.00	140.00	139.25	138.00	137.50	137.50	137.00	137.00	137.25	136.75	135.75	134.25	132.50	131.00	133.75	135.75	134.25	133.50	132.75
150.00	149.75	149.75	148.75	149.75	149.00	149.00	149.00	149.25	149.50	149.25	147.00	146.50	142.25	138.00	131.75	125.75	122.50	116.00	112.75	112.50	112.25	112.00	111.75	111.50	116.00	127.75	134.75	136.50	134.75	131.00	129.50	130.00	133.00	134.25	137.00	141.25	147.75	152.75	155.50	157.75	157.25	156.00	156.25	154.50	153.75	153.75	153.50	152.50	152.25	153.50	154.50	155.00	155.00	155.00	153.75	152.75	152.75	152.25	151.50	151.50	150.25	149.25	148.50	148.25	147.75	147.25	147.50	147.75	147.50	148.00	149.75	152.25	154.25	154.25	154.50	154.00	154.00	152.50	151.00	149.50	148.00	147.00	146.50	146.75	145.75	145.50	145.50	145.25	144.50	144.00	144.00	143.75	143.00	144.00	143.50	142.50	142.50	142.50	143.25	144.75	144.25	144.25	143.50	142.75	143.00	142.50	142.75	143.00	143.25	143.00	143.00	143.25	143.25	141.75	141.25	139.50	139.50	139.50	139.25	138.75	137.75	137.50	137.25	137.50	136.75	136.75	136.25	134.75	133.50	131.75	130.75	130.25	129.75	129.25	128.50	128.50	128.00	128.00	127.25	127.25	126.25	126.75	127.50	128.00	128.50	128.25	128.00	127.50	127.75	126.50	124.75	123.25	122.75	122.50	121.00	121.00	121.00	121.00	121.00	120.75	120.75	121.50	121.75	122.25	123.50	124.00	124.50	126.00	126.75	128.25	128.50	128.50	128.50	128.75	129.50	130.00	129.75	129.75	129.75	129.75	130.75	131.50	132.50	133.00	133.25	134.00	134.00	134.50	135.00	135.00	135.50	135.75	136.00	136.25	136.50	136.25	136.50	136.50	136.00	136.00	136.25	136.25	135.75	136.25	136.50	136.75	135.50	132.00	132.50	132.25	131.50	131.50	132.00	131.50	132.00	132.25	132.75	132.50	132.75	132.75	133.00	133.00	133.25	133.00	132.25	132.00	132.25	132.50	133.25	133.00	134.25	134.50	135.25	137.25	137.25	137.75	138.50	139.00	139.25	139.25	139.00	138.50	138.25	138.50	138.50	138.00	137.00	135.50	134.50	132.75	134.00	135.25	133.75	133.00	130.50
150.75	149.00	149.25	148.75	149.00	148.75	148.75	148.75	148.50	147.75	148.00	148.25	147.00	137.75	127.00	120.00	114.75	114.00	113.00	113.50	112.50	112.00	112.00	112.00	111.50	115.00	125.25	136.00	140.50	139.25	136.50	135.75	136.75	140.00	142.25	145.50	150.25	155.50	158.00	159.75	159.00	158.25	156.25	157.25	156.00	155.50	154.50	154.50	153.25	153.50	155.00	155.00	155.00	155.00	154.75	154.25	153.75	153.25	153.00	152.25	152.00	150.50	149.50	148.75	149.00	149.00	149.00	149.75	150.25	150.50	151.25	152.25	153.75	154.75	155.00	155.00	155.00	154.75	153.25	152.00	151.00	148.75	146.75	146.00	146.50	145.75	146.00	146.25	145.75	145.25	144.25	145.50	146.00	145.75	146.50	145.50	144.00	143.50	143.75	144.75	145.75	146.00	145.50	144.25	144.75	144.75	144.25	144.00	143.25	143.50	143.50	143.50	143.50	143.50	142.25	141.50	140.50	140.25	140.25	139.50	138.75	138.25	138.00	137.75	137.75	138.00	138.75	138.00	137.50	135.75	133.50	131.75	131.00	130.75	130.00	129.00	128.75	128.75	128.50	127.75	127.75	126.75	127.00	127.25	128.00	128.25	127.75	128.00	129.00	129.00	127.75	125.25	123.75	123.50	122.75	122.00	122.50	122.25	122.00	121.50	121.75	121.75	122.00	122.50	123.00	124.00	125.25	126.00	127.50	128.25	129.00	129.00	129.25	129.00	129.25	130.00	130.00	130.25	130.75	130.00	130.50	131.50	132.00	132.75	133.00	133.25	134.25	134.25	134.75	135.25	135.75	136.00	135.75	136.25	136.50	136.25	136.25	136.50	136.50	136.50	136.25	136.75	137.00	136.25	136.25	136.75	136.00	132.75	132.00	132.50	132.25	131.00	131.00	131.00	131.00	132.00	132.50	132.50	132.75	132.50	133.00	133.00	133.00	133.25	132.75	132.75	131.75	132.00	132.50	132.75	132.50	133.25	134.00	133.50	134.75	135.25	135.75	136.75	137.50	137.50	139.50	140.00	139.50	139.50	139.50	139.25	139.50	138.25	137.25	136.75	135.50	135.75	135.25	133.50	132.25	130.25
150.50	149.00	149.00	149.75	150.25	149.25	148.25	147.75	148.25	148.00	148.00	148.50	145.75	128.75	117.00	114.75	113.50	113.50	113.25	114.00	112.75	112.50	112.50	112.00	112.50	117.50	126.25	135.25	144.50	144.00	141.50	141.75	143.25	146.50	149.00	150.75	155.00	158.25	159.50	160.50	159.00	159.25	158.00	157.50	157.25	157.25	155.75	156.00	155.50	155.50	156.25	156.50	155.25	155.00	154.50	154.00	153.50	153.50	153.00	152.75	152.75	151.00	150.25	150.00	150.75	151.50	152.00	152.25	152.75	152.75	152.75	153.50	154.00	154.50	154.75	155.00	154.50	154.25	152.75	152.00	150.50	149.00	147.50	147.00	147.50	147.25	148.00	148.00	147.00	145.75	145.25	147.75	148.00	147.75	148.00	147.00	146.00	145.25	145.50	146.00	146.75	147.25	146.75	146.25	146.25	145.25	144.75	144.50	143.75	144.00	144.00	144.00	143.75	143.50	141.75	141.50	141.75	142.25	141.75	140.25	140.00	139.50	138.25	138.50	138.50	138.75	139.00	138.25	137.50	135.50	134.00	133.00	132.00	131.50	131.00	130.25	130.00	130.25	129.25	129.00	128.50	127.75	128.00	127.75	128.50	128.25	128.75	129.00	129.50	129.50	128.75	127.50	125.50	125.50	124.25	123.00	123.50	123.25	122.75	123.00	123.00	123.25	123.50	123.75	124.50	126.00	127.25	128.25	128.75	129.25	129.75	129.75	129.75	129.50	129.50	130.00	130.50	130.75	131.25	130.50	131.50	132.25	132.75	133.75	134.00	134.25	135.00	135.25	135.50	136.00	136.75	136.50	137.00	137.25	137.50	136.50	136.50	136.50	136.75	137.00	136.75	137.00	137.00	136.75	136.25	136.50	133.50	132.00	132.00	132.00	132.00	131.25	131.25	131.00	131.00	132.25	133.00	132.50	133.00	132.75	133.00	133.00	133.00	133.00	132.75	132.75	131.75	132.25	132.25	132.25	132.25	132.75	133.50	133.50	135.00	134.50	135.00	135.25	136.00	136.50	138.25	139.25	140.00	140.75	141.00	140.25	140.50	139.25	139.00	138.00	137.25	137.25	136.75	134.00	133.00	131.50
150.00	150.00	150.50	150.25	148.50	149.00	147.75	147.50	147.75	147.25	146.75	145.50	142.25	121.00	114.00	114.00	113.50	114.00	114.00	114.00	113.25	112.75	112.75	111.50	113.75	120.50	130.00	136.00	145.00	147.00	146.00	147.50	149.50	152.50	154.25	154.50	156.75	159.00	160.00	160.50	159.25	160.50	160.00	157.50	158.00	158.25	156.50	156.75	157.00	157.25	157.00	156.75	155.25	155.00	154.75	154.00	153.25	153.75	152.50	152.50	152.75	151.50	151.25	151.75	152.50	153.50	154.00	153.75	153.75	153.00	152.50	153.75	154.00	154.00	154.00	154.50	153.25	152.25	151.25	150.75	149.75	149.75	149.50	149.25	150.00	150.00	150.50	149.00	147.75	145.75	146.50	149.00	149.25	148.25	148.00	147.75	147.50	147.00	146.75	146.75	147.75	148.00	147.50	147.00	146.00	145.25	145.00	144.75	144.25	144.25	144.00	144.25	144.00	143.00	141.75	141.75	143.25	144.50	143.50	141.25	141.00	140.50	138.75	139.00	139.25	139.00	139.00	138.00	136.50	135.75	134.75	134.50	133.25	132.25	131.75	131.00	131.00	131.00	130.50	130.25	129.25	128.75	129.00	128.75	129.25	129.00	130.00	129.75	129.50	130.00	129.25	129.00	127.75	128.00	126.75	124.75	124.50	124.25	123.75	124.25	124.25	124.75	125.00	125.00	126.00	128.00	128.75	129.75	129.75	130.00	130.75	130.50	130.50	130.50	130.00	130.25	131.00	131.25	131.50	131.75	132.50	133.25	134.00	134.75	135.00	135.25	135.75	136.00	136.50	136.75	137.50	137.50	138.00	138.00	138.00	137.25	136.75	137.00	137.50	137.00	137.50	137.50	137.00	137.00	136.75	136.50	132.00	132.00	132.25	132.25	132.00	131.75	131.50	131.00	131.00	132.50	132.50	132.75	133.00	133.00	133.00	133.00	133.00	133.00	133.00	132.25	132.25	132.50	132.00	132.00	132.00	132.50	133.00	133.25	135.00	133.50	134.25	134.50	134.50	136.00	137.25	138.25	139.75	141.25	141.75	141.00	141.00	140.25	140.25	139.50	138.75	138.50	138.25	135.25	134.00	132.25
150.00	149.00	150.75	150.00	148.25	148.00	147.25	146.75	147.50	144.00	140.75	138.75	131.75	115.50	114.00	114.25	114.50	114.50	114.00	114.00	113.50	113.25	113.25	112.50	114.75	126.50	133.00	136.75	140.50	144.00	148.25	152.75	154.50	156.50	157.50	157.50	157.50	158.00	160.25	159.50	160.00	158.75	158.50	158.50	158.50	159.00	159.25	158.50	158.25	157.00	158.00	156.75	155.25	154.75	154.50	154.25	153.00	152.75	152.25	153.75	152.25	151.75	152.50	153.25	153.50	153.75	154.50	154.00	153.50	152.25	152.00	152.25	153.75	153.25	152.50	151.75	150.75	151.25	152.50	152.00	152.00	153.75	151.50	150.50	150.75	150.75	149.50	147.50	146.25	145.25	146.50	148.50	149.00	148.50	148.25	148.00	149.00	148.50	148.00	147.75	147.50	148.00	147.50	146.00	146.25	145.50	145.00	144.75	144.75	144.00	144.00	144.25	144.00	143.50	143.25	143.50	144.75	144.50	142.75	141.00	141.00	140.00	139.00	139.00	139.00	138.00	138.00	137.00	136.25	135.75	134.75	134.75	132.75	132.00	131.50	131.75	131.75	131.75	131.50	131.00	130.00	129.25	129.00	130.00	130.00	130.00	130.25	130.25	130.00	130.00	129.75	129.75	129.25	128.75	128.00	127.25	127.00	128.25	128.50	128.50	127.75	126.25	126.50	127.50	128.50	129.75	130.00	130.50	131.00	131.00	130.75	131.00	131.25	131.75	131.50	131.50	131.75	132.50	133.25	134.00	134.25	135.00	135.50	136.00	136.50	137.25	137.00	137.00	138.00	138.00	138.25	138.50	138.75	139.00	138.50	137.50	137.75	138.25	137.75	138.00	138.00	137.75	138.00	137.25	137.50	134.50	132.25	132.50	132.25	132.25	131.25	131.00	131.00	131.00	131.00	131.50	132.00	132.75	132.75	132.50	132.50	133.00	133.00	132.75	132.00	132.50	133.25	132.75	132.00	132.00	132.00	132.50	132.50	133.00	133.25	133.00	133.00	133.00	134.00	135.00	136.25	136.75	138.50	141.00	141.75	142.00	141.25	140.75	140.50	139.50	139.50	139.75	139.50	137.50	136.00	134.25
151.50	150.75	151.25	149.75	148.50	147.75	148.00	148.50	149.25	146.00	141.25	134.75	126.25	114.25	114.00	114.50	114.50	114.25	114.25	114.50	114.00	113.50	113.00	112.75	116.00	127.50	132.25	136.00	139.50	145.00	149.75	154.50	156.00	157.25	158.25	158.25	158.00	157.75	159.00	157.75	156.50	155.50	155.25	156.50	156.50	157.25	159.75	159.25	159.00	157.50	158.00	156.00	155.75	154.50	153.75	154.50	153.25	152.25	151.75	154.00	152.25	152.25	153.50	153.75	153.75	153.25	155.50	154.00	153.50	152.50	152.25	152.75	153.75	153.00	152.25	151.75	150.75	151.50	152.50	152.25	152.50	153.25	151.50	150.00	150.25	150.00	148.50	146.75	145.75	145.50	147.50	149.50	149.25	148.50	148.75	148.25	148.50	148.25	148.00	148.00	147.75	147.75	147.00	145.75	146.00	145.25	145.00	145.00	144.50	144.50	144.50	144.00	144.00	143.75	144.25	145.25	144.75	143.75	141.75	141.00	141.00	140.75	139.25	139.00	139.00	138.00	137.75	137.00	136.00	135.75	134.75	134.25	132.25	131.25	131.50	132.00	132.00	132.00	131.50	131.00	130.25	129.75	129.50	130.50	130.50	130.25	130.00	130.00	130.00	130.50	130.50	130.25	129.50	128.75	128.50	128.25	128.00	129.75	129.75	129.50	128.75	126.75	127.50	128.50	129.25	130.25	130.75	131.25	131.50	131.50	131.50	131.00	131.75	132.00	132.00	132.50	133.25	133.50	134.25	134.75	135.50	136.25	136.50	137.00	137.75	137.75	137.75	137.50	138.25	138.50	138.75	139.00	139.50	139.50	139.00	138.50	138.50	138.25	138.75	138.00	138.00	138.00	137.75	137.75	137.25	133.00	132.00	132.25	132.75	132.00	131.00	131.00	131.00	131.00	131.25	131.75	132.00	133.00	132.50	132.50	132.75	133.00	133.00	132.50	132.75	133.50	133.00	132.50	132.00	132.00	132.00	132.25	132.25	133.00	133.50	133.00	133.00	133.00	134.00	135.25	136.75	137.00	138.75	141.50	142.25	142.00	141.00	141.00	140.25	139.50	139.75	139.25	139.25	138.00	136.75	135.25
152.00	151.50	150.75	150.25	150.00	149.25	150.75	150.00	148.75	147.75	143.00	133.00	118.25	114.50	114.50	115.00	114.75	114.00	114.25	113.50	113.50	113.75	113.00	113.50	122.50	130.50	132.25	137.00	143.75	148.75	154.00	157.25	159.75	158.75	159.75	160.25	159.00	157.75	156.00	155.75	153.25	153.00	153.75	153.75	155.25	157.00	160.00	158.75	160.50	158.50	157.50	156.75	155.00	153.75	153.25	153.00	152.25	153.00	152.00	152.50	152.00	153.25	154.25	154.25	154.00	154.00	154.50	153.75	153.25	153.50	153.50	154.00	154.00	153.25	152.00	152.00	151.25	151.25	150.50	151.00	150.75	151.50	150.25	150.00	149.25	148.50	148.00	145.50	145.25	146.75	149.50	150.00	150.00	150.00	150.25	150.00	148.25	148.25	148.25	149.50	149.25	148.25	146.00	144.75	145.00	145.75	145.25	145.25	145.75	145.50	145.50	144.50	144.00	143.50	145.00	145.50	145.00	144.75	143.50	141.50	140.75	140.25	139.25	138.25	137.75	136.75	136.50	137.75	136.75	134.50	132.75	131.00	128.50	127.75	130.50	132.00	132.50	132.75	132.50	132.00	131.25	131.00	131.00	131.25	131.00	131.00	131.00	131.00	131.25	131.25	132.00	131.25	129.25	129.25	129.50	130.00	130.50	131.50	131.25	130.50	130.25	130.00	130.00	130.00	130.25	131.00	131.25	131.50	131.50	131.75	132.25	132.50	132.75	133.50	133.75	134.50	135.50	136.25	136.75	137.25	137.75	138.75	138.50	138.50	139.00	138.75	139.50	139.75	139.50	139.50	139.75	140.00	140.25	140.50	140.00	139.50	139.00	139.00	138.75	138.50	138.50	138.00	137.75	137.75	136.25	132.00	132.50	132.25	132.25	132.50	131.25	131.00	131.00	131.00	131.00	132.25	132.50	132.75	132.50	132.25	132.50	132.75	132.25	132.75	134.00	134.00	133.50	132.50	132.75	132.00	132.25	132.00	132.25	133.00	134.25	133.00	133.50	135.00	136.00	137.25	139.25	140.00	141.25	141.50	141.00	141.50	142.00	141.75	141.25	140.75	140.50	139.00	139.50	138.75	138.25	136.75
153.50	151.50	150.50	153.00	153.50	154.00	152.00	149.50	147.00	142.00	136.00	117.00	114.50	115.00	114.00	114.00	115.00	114.50	115.00	116.50	118.50	114.50	114.00	116.00	128.50	133.50	135.00	139.50	145.00	151.50	158.00	160.00	159.00	160.50	160.50	159.00	157.00	157.00	157.00	155.50	153.00	153.00	153.00	153.00	154.50	157.00	158.00	158.00	158.00	157.00	157.50	155.50	155.00	154.00	153.00	153.00	152.50	153.50	152.00	152.00	154.00	153.00	153.50	154.00	154.50	154.00	154.00	153.50	154.00	154.00	154.50	154.50	153.00	153.00	152.50	152.50	152.00	151.50	151.00	150.50	150.50	150.50	151.00	150.00	150.00	148.50	147.50	145.00	145.50	147.00	149.50	150.00	150.00	150.50	151.00	150.00	148.00	148.00	148.00	149.00	148.50	147.50	145.50	146.50	145.00	145.00	145.00	145.00	145.50	145.50	146.00	144.50	145.00	144.50	146.00	144.50	145.00	145.00	143.50	141.00	140.50	138.50	137.00	138.00	137.50	137.00	137.00	137.00	133.50	130.50	129.50	128.50	127.00	127.00	127.50	128.50	132.00	135.00	134.50	133.50	132.50	132.00	132.00	132.00	132.00	131.50	131.50	131.50	132.00	132.00	132.50	132.00	130.50	130.00	131.50	131.50	131.50	132.00	132.00	131.50	131.50	131.50	131.00	131.00	131.50	131.50	132.00	132.00	132.00	132.00	133.00	133.50	135.00	135.00	135.50	136.50	137.00	137.00	138.00	139.50	140.00	139.50	140.00	140.00	140.50	140.50	140.50	140.50	141.00	141.00	141.00	141.00	140.50	141.00	140.50	140.00	139.50	139.50	138.50	139.00	139.00	138.00	138.00	137.50	135.50	132.50	132.00	132.50	132.50	132.00	131.50	131.00	131.00	131.00	131.50	132.00	132.00	133.00	133.00	132.50	133.00	133.00	132.00	133.00	133.50	134.00	134.00	134.00	133.50	132.50	132.00	132.00	132.00	133.00	133.00	134.50	136.50	137.50	138.00	140.00	142.00	142.00	143.00	142.00	143.00	143.00	142.00	142.00	142.00	141.50	141.50	140.00	140.50	140.00	140.00	138.00
151.25	152.50	151.75	154.25	152.25	151.25	151.00	149.75	147.50	144.25	127.25	114.50	115.25	115.25	112.75	116.00	119.75	126.00	129.25	131.00	128.00	124.25	123.00	125.25	129.25	133.75	138.00	143.25	148.25	154.75	158.25	160.75	161.00	160.00	159.00	159.25	159.25	157.75	157.50	155.50	152.75	152.50	151.75	152.25	154.25	157.00	157.50	159.50	156.75	157.25	156.75	157.00	154.50	154.00	153.50	153.50	153.25	153.50	152.75	152.25	154.75	152.75	154.25	154.25	154.50	154.50	154.00	154.50	154.00	154.00	154.25	153.50	153.00	153.00	153.00	152.25	151.50	151.50	150.75	150.75	150.25	150.50	150.75	150.50	149.25	147.75	146.75	145.75	145.50	148.00	149.50	149.75	149.75	150.25	150.50	149.50	147.75	148.00	147.50	147.25	146.75	146.00	145.50	144.75	145.00	144.75	144.25	145.00	144.00	144.00	144.25	145.75	146.50	146.00	144.50	143.50	143.00	143.00	141.75	140.25	139.50	138.50	137.50	136.25	136.50	136.00	136.25	134.00	131.75	130.50	129.00	127.00	127.00	127.00	127.00	127.00	128.25	133.50	135.50	135.00	133.25	132.75	132.75	132.75	132.50	132.00	131.75	132.00	131.75	132.00	132.25	132.25	131.75	132.00	132.25	131.75	132.25	132.50	132.50	131.75	132.00	132.25	132.00	132.00	131.75	132.00	132.75	133.25	133.25	133.50	134.00	134.75	135.75	136.25	137.00	137.50	138.25	139.50	139.75	140.50	140.50	140.75	140.75	141.25	141.50	142.50	141.75	141.75	141.50	141.75	141.50	141.25	140.50	140.75	140.50	140.00	140.00	139.75	139.50	139.50	138.75	138.50	137.75	137.75	134.25	132.25	132.50	132.75	132.50	132.00	132.00	131.75	131.50	132.00	132.00	132.25	132.50	132.50	132.75	132.75	132.25	132.25	132.75	134.00	134.25	133.25	134.75	134.25	133.75	133.00	132.25	132.25	132.00	132.00	133.00	137.00	139.25	140.25	141.00	142.00	142.75	143.25	144.00	144.50	144.25	143.50	142.75	142.75	143.00	142.75	142.75	142.50	143.00	142.00	141.50	140.00
152.50	152.50	152.00	152.50	151.50	151.50	151.50	149.50	145.50	140.00	117.50	115.00	115.00	114.00	113.50	117.00	123.00	129.50	138.00	135.00	127.00	129.00	132.50	133.50	135.00	137.00	143.00	148.00	153.00	158.00	160.00	161.50	160.00	159.50	159.00	158.50	158.50	158.00	157.00	155.00	153.00	152.50	151.00	151.00	153.50	156.00	157.50	160.00	160.00	156.50	156.50	155.00	155.00	155.00	154.50	155.00	154.50	154.50	153.50	153.00	153.00	153.00	154.50	154.50	155.00	154.50	154.00	154.00	154.00	153.00	153.00	152.50	152.50	152.00	152.50	151.00	150.00	151.50	151.00	150.00	150.00	149.50	148.50	147.00	146.50	147.50	146.50	146.50	146.50	148.00	149.00	149.00	149.50	150.00	150.00	149.50	148.00	148.00	148.00	148.00	147.50	146.00	145.00	144.50	144.00	144.50	145.00	144.00	144.00	144.50	146.00	146.50	145.50	144.00	143.50	142.50	142.00	141.50	141.00	141.00	139.00	137.00	137.00	135.50	134.00	135.50	135.50	133.50	131.50	130.50	129.00	127.00	127.00	127.00	127.00	127.00	128.00	131.50	135.00	135.50	134.00	133.00	132.50	132.50	133.00	132.00	132.50	132.50	132.00	132.50	132.50	132.00	132.50	132.50	133.00	132.50	132.50	133.00	133.00	132.00	133.00	132.50	134.00	133.00	133.00	133.50	134.50	134.00	134.50	135.00	135.00	136.00	137.00	138.00	138.50	139.00	139.50	140.50	142.00	141.00	141.50	141.00	141.50	142.00	143.00	143.00	142.50	142.00	142.00	142.00	142.00	141.00	141.00	140.50	141.00	140.50	141.00	140.50	140.00	140.00	140.00	139.50	138.50	137.50	133.50	132.50	133.00	132.50	132.50	132.50	132.00	132.00	132.00	132.00	132.50	132.50	132.00	132.00	132.50	133.00	133.00	132.50	133.50	134.00	133.00	133.00	135.00	134.50	134.00	133.00	133.00	133.00	132.50	132.00	134.50	139.50	141.00	141.00	141.50	142.50	144.00	144.50	145.00	145.00	145.00	144.50	144.00	143.50	143.00	143.00	143.50	143.50	144.00	143.50	142.50	141.50
152.50	152.00	152.75	152.25	151.00	151.00	149.50	146.75	143.00	134.50	115.75	114.75	114.75	115.50	115.25	114.50	115.50	126.75	139.00	132.75	129.25	136.25	140.50	140.75	141.25	143.50	147.75	153.00	157.75	160.25	160.50	160.50	161.25	161.25	160.00	159.25	158.75	158.50	158.50	157.75	155.00	154.00	151.75	151.75	154.00	156.75	156.75	157.50	158.00	159.25	156.75	156.75	158.75	156.75	155.25	155.50	156.00	156.00	155.00	154.25	154.75	154.75	155.50	155.00	154.75	154.50	154.25	154.50	154.00	152.75	153.00	152.50	151.75	151.00	148.75	148.00	148.00	148.75	150.50	150.50	149.50	149.00	148.25	147.75	148.00	148.50	148.00	148.50	148.00	149.00	149.50	149.50	150.25	150.25	150.00	149.25	148.75	148.25	148.00	148.00	148.25	146.75	145.75	145.75	145.25	144.00	143.00	142.25	143.50	144.50	145.50	145.75	145.00	144.00	142.50	142.00	142.25	142.50	142.00	141.00	138.75	136.75	136.25	136.50	138.00	137.50	136.75	134.50	131.75	129.50	128.25	127.00	127.00	127.00	127.00	127.00	127.50	131.75	134.50	134.25	134.00	133.25	133.00	132.75	132.50	132.75	132.75	132.75	132.00	131.50	132.50	132.25	133.75	133.50	133.75	133.50	134.00	134.00	133.25	133.50	134.00	133.75	134.00	133.75	133.25	133.75	133.50	133.75	134.50	134.50	134.75	136.75	138.00	138.50	139.50	140.25	141.25	142.50	143.50	143.25	142.75	142.50	142.50	142.50	143.00	142.75	142.50	142.00	142.75	142.25	142.00	141.00	141.75	141.50	141.50	140.50	140.75	140.25	140.00	140.00	140.50	140.25	139.75	138.25	133.75	132.50	132.50	132.50	132.75	132.50	132.25	132.00	132.25	132.00	132.00	132.25	132.75	132.25	132.25	132.25	132.25	132.25	133.25	133.00	132.75	133.00	133.00	133.50	133.75	133.25	133.00	132.25	132.75	134.50	137.50	139.75	140.50	140.75	141.00	143.50	145.00	145.75	145.75	145.75	146.00	145.75	145.25	144.75	145.00	144.75	145.00	144.50	145.50	144.25	143.75	142.25
153.00	152.75	153.00	152.50	150.50	149.75	147.00	144.25	141.75	125.25	114.75	114.75	115.00	115.50	116.00	115.50	115.25	124.00	131.25	125.75	133.75	141.25	145.75	145.75	146.75	149.75	153.75	158.50	160.75	161.00	161.25	161.00	160.25	160.75	160.50	160.25	160.75	158.75	159.50	159.00	157.00	156.75	155.50	156.00	156.75	156.50	158.00	159.00	159.00	158.50	158.50	157.00	157.50	157.50	157.00	155.25	156.75	155.50	156.75	155.50	156.00	156.25	156.00	155.00	155.25	155.75	155.00	153.75	153.25	153.25	153.50	153.25	151.75	149.50	148.00	148.00	148.00	148.00	148.00	149.00	151.00	150.00	150.00	150.75	151.25	150.00	149.00	149.75	150.50	150.50	151.00	151.00	151.00	151.00	150.75	150.75	149.25	148.75	148.75	148.50	148.50	147.50	146.75	145.75	145.25	144.25	142.50	142.25	142.00	142.50	144.25	144.00	144.00	143.25	142.25	142.75	143.50	144.50	143.00	141.00	138.75	137.25	136.25	137.75	138.00	137.00	136.25	135.50	134.00	131.50	128.50	127.25	127.00	127.00	127.00	127.00	128.50	133.25	134.50	134.00	134.00	134.00	133.75	133.25	133.50	133.50	133.50	133.25	131.75	132.00	131.25	132.50	133.50	134.00	134.75	135.25	135.00	135.25	134.00	132.00	130.50	126.75	124.75	123.25	123.25	125.50	127.00	127.50	130.00	132.00	135.75	137.75	137.50	137.75	138.50	140.25	141.50	143.25	143.50	144.00	143.75	143.75	144.00	143.75	143.50	143.25	143.00	142.75	143.00	142.75	142.00	141.75	141.50	141.25	141.50	141.25	141.00	140.75	140.50	140.75	141.00	140.75	139.50	138.75	136.50	131.75	132.75	132.75	132.50	132.25	131.75	132.00	132.00	132.25	132.25	132.25	132.50	132.00	132.00	131.75	132.75	135.00	135.50	135.50	135.50	134.75	134.00	133.25	133.25	133.25	132.75	134.00	136.25	137.00	137.25	138.75	139.25	141.00	142.50	144.00	144.75	145.00	145.50	146.50	147.00	147.50	147.75	146.50	146.00	146.00	145.75	145.00	145.00	144.00	143.50	142.75
153.00	152.25	152.50	152.50	150.75	149.00	146.00	143.50	140.75	123.50	114.75	115.00	115.50	116.25	116.25	116.75	117.50	125.75	131.00	130.50	136.50	143.50	147.50	147.25	149.00	153.00	156.50	160.25	162.00	162.00	161.50	161.75	160.50	162.00	160.00	159.75	160.50	159.50	160.25	160.00	158.50	157.75	157.00	157.50	157.75	157.50	157.75	159.00	159.00	158.75	159.00	157.50	158.25	158.25	157.75	155.75	155.75	155.50	157.50	155.75	156.50	157.00	156.00	155.50	155.75	156.25	154.75	153.75	153.25	153.50	153.75	153.25	152.00	149.50	148.00	148.00	148.00	148.00	148.00	148.00	150.50	152.00	151.50	151.75	151.75	150.75	150.50	151.00	151.25	151.50	151.50	151.00	151.25	151.00	150.50	150.75	149.50	149.00	149.00	148.75	148.50	147.75	146.25	145.75	146.50	145.25	143.25	142.25	142.00	142.50	143.75	143.75	143.50	142.75	142.25	142.50	144.50	145.00	143.25	140.50	138.50	137.00	136.75	137.75	138.00	137.00	136.50	136.50	135.00	133.25	130.75	129.00	127.25	127.00	127.00	127.25	130.00	133.75	134.50	134.25	134.00	134.25	134.50	133.75	134.50	134.50	134.50	133.50	133.25	134.25	131.00	131.50	132.00	133.25	134.00	134.00	133.50	132.50	128.50	123.50	122.25	121.50	120.75	120.25	120.00	121.75	124.00	125.25	128.00	130.25	134.75	137.00	137.00	137.25	138.50	139.75	141.50	142.50	143.25	144.25	144.25	144.50	144.50	144.00	143.75	143.75	143.25	143.00	142.75	142.50	141.75	141.50	141.75	141.50	141.75	141.50	141.25	141.00	140.75	140.75	140.75	140.50	139.50	139.00	137.75	132.00	132.50	132.50	132.50	132.00	132.25	132.00	132.00	132.50	132.00	132.00	132.50	132.00	132.25	132.50	134.50	136.50	136.25	136.00	136.00	135.50	134.25	133.25	133.50	133.50	133.00	133.75	135.25	136.75	136.75	138.25	139.50	141.00	142.50	144.50	145.00	145.25	145.75	146.25	147.00	148.00	148.50	147.50	146.50	146.25	146.25	145.25	145.50	144.25	144.00	142.75
153.25	152.25	152.25	152.00	150.25	147.50	144.50	141.75	137.25	120.00	115.25	115.25	116.25	116.25	118.00	119.00	120.75	125.50	130.00	134.50	140.00	146.00	148.75	148.50	151.75	155.50	158.75	160.25	161.50	163.50	161.50	161.75	161.75	161.25	160.50	159.75	160.50	160.00	160.00	159.75	159.50	158.00	159.00	158.75	158.75	158.00	158.25	160.50	159.00	158.50	159.00	158.50	158.75	158.75	157.75	157.00	156.00	155.75	157.50	156.25	157.00	157.25	156.25	156.25	156.00	155.75	154.50	154.00	154.00	154.25	154.00	153.75	152.25	149.50	148.00	148.00	148.00	148.00	148.00	148.00	149.00	152.75	153.50	153.50	153.00	152.75	152.75	152.50	152.25	152.50	152.25	152.25	151.75	151.00	150.25	150.25	149.50	149.25	148.75	148.75	147.75	147.00	146.00	146.00	146.25	145.50	143.50	142.25	142.25	142.50	143.50	143.75	143.25	142.75	142.00	142.25	144.50	145.00	143.25	139.75	137.75	136.75	137.00	138.00	138.00	137.00	137.00	137.25	136.25	135.00	133.00	132.00	129.00	128.00	127.50	128.50	132.00	134.25	134.50	134.75	134.50	134.75	135.00	135.00	135.00	135.25	135.00	134.75	135.25	135.25	127.00	126.50	129.75	131.50	132.50	128.50	126.75	124.00	119.50	116.25	116.50	120.50	121.75	120.25	117.50	119.25	123.75	125.75	126.75	128.75	133.25	136.25	137.00	137.00	138.50	139.50	141.50	142.25	143.00	144.00	144.75	145.00	145.00	144.00	144.00	144.00	143.75	143.25	142.75	142.00	141.25	141.25	141.50	141.25	141.00	141.75	141.50	141.00	141.00	140.75	140.75	140.50	140.00	139.00	138.00	132.50	132.50	132.25	132.25	132.25	132.50	132.00	132.00	132.50	132.00	132.00	132.00	132.00	132.25	133.75	136.50	137.00	136.50	136.25	136.00	135.50	134.00	133.75	133.75	134.00	133.25	133.00	134.50	136.00	136.50	137.75	139.50	140.75	142.00	144.00	145.25	145.75	146.00	146.00	147.25	147.75	148.50	148.00	147.25	146.75	146.50	145.75	145.75	144.50	143.75	142.50
153.50	152.25	151.25	150.25	149.25	146.50	142.25	139.00	132.00	116.50	115.75	115.50	115.75	116.00	117.00	122.25	122.50	123.50	127.50	134.50	143.75	148.00	149.50	151.25	156.00	159.00	160.25	161.75	162.75	162.25	162.50	163.25	161.75	161.75	160.50	160.50	161.25	159.75	158.75	159.75	159.75	160.00	159.75	160.50	161.25	160.75	159.50	161.00	160.50	159.75	160.75	159.75	159.75	161.00	158.75	158.00	157.75	156.75	156.50	157.00	157.75	157.25	157.25	156.00	156.50	155.75	155.50	155.75	155.50	155.00	154.00	154.25	152.75	150.25	148.00	148.00	148.00	148.00	148.00	148.00	148.00	148.50	156.00	157.50	157.50	156.75	156.25	155.50	154.75	154.75	154.00	153.25	152.25	151.00	150.25	150.00	149.00	148.25	147.00	146.25	145.75	146.25	146.50	145.75	145.25	145.00	143.75	143.00	143.00	142.25	142.25	143.25	143.00	142.50	142.00	141.75	143.25	142.75	140.75	138.00	138.00	137.75	138.00	138.50	138.25	138.25	138.50	138.50	138.00	137.25	136.50	136.50	134.75	134.00	133.75	135.50	135.50	136.00	135.50	135.75	136.00	136.25	136.25	136.25	136.75	136.25	135.50	134.75	133.25	130.50	127.50	122.00	119.25	123.75	121.25	118.50	115.75	115.00	115.00	115.00	115.00	119.50	123.25	119.25	116.00	116.00	119.75	126.00	127.00	126.25	131.75	136.00	137.00	137.75	139.00	140.00	141.25	143.00	143.50	143.75	144.00	144.00	144.25	143.50	143.50	143.50	142.75	142.50	142.25	141.50	141.00	140.25	140.50	141.00	141.25	141.00	141.25	141.25	140.50	141.50	141.00	141.00	140.25	139.50	138.25	132.75	132.50	132.50	132.75	133.00	132.75	132.25	132.25	132.00	132.00	132.00	132.25	132.00	133.50	135.25	135.50	135.00	134.50	134.75	135.00	134.50	133.25	133.00	133.50	133.00	133.00	133.00	134.00	137.00	136.00	135.75	138.00	139.75	141.00	142.75	144.50	145.25	146.00	147.00	147.25	148.00	148.75	149.00	148.25	147.25	146.50	146.00	145.25	144.50	143.75	141.75
154.00	152.00	150.50	149.50	147.00	144.50	143.00	140.00	135.00	116.50	116.00	117.00	116.50	116.50	117.50	117.50	119.00	120.50	126.00	138.00	147.00	149.00	150.50	154.50	160.00	161.50	161.00	162.50	161.50	162.00	164.00	162.50	162.50	163.00	161.50	161.00	160.50	160.00	159.00	158.00	161.00	161.50	162.00	163.50	162.00	161.00	161.00	161.00	164.00	161.50	161.50	161.00	161.50	160.50	159.50	159.50	158.00	157.50	157.00	157.00	158.50	157.00	157.00	157.00	157.00	156.50	156.50	156.50	156.50	155.00	154.50	155.00	153.00	150.50	148.50	148.00	148.00	148.00	148.00	148.00	148.00	148.00	152.50	159.00	159.50	158.50	158.00	156.00	156.00	155.00	155.00	154.00	152.00	151.00	150.00	149.50	149.00	147.00	145.00	144.00	144.00	144.00	144.50	144.50	145.00	144.50	143.50	143.00	142.50	142.00	142.00	142.50	142.50	143.00	142.00	141.00	140.00	140.00	139.00	139.00	139.00	139.00	139.00	138.50	139.00	139.00	139.00	138.00	139.00	138.50	138.00	138.00	137.00	137.00	137.00	137.00	137.00	137.00	137.00	137.00	137.00	137.00	137.50	137.00	137.00	137.50	137.00	136.50	134.00	137.50	131.00	123.50	119.00	120.50	117.00	115.00	115.00	115.00	115.00	115.00	115.00	116.50	122.00	118.50	116.00	116.00	117.50	123.50	125.00	125.00	130.50	135.50	137.50	138.50	139.50	140.50	141.50	144.50	145.00	145.00	144.50	144.00	143.00	142.50	142.00	142.00	142.00	141.50	141.00	141.00	141.00	140.00	140.00	140.00	141.00	140.50	141.00	141.00	141.00	141.50	141.50	141.00	139.50	138.50	138.00	133.00	133.00	132.50	132.50	132.00	133.00	132.50	132.00	132.00	132.50	132.00	132.00	133.50	134.50	134.00	134.50	133.50	134.00	134.50	134.50	133.50	133.00	133.00	133.50	133.00	133.00	133.00	136.00	138.00	134.50	134.50	136.50	138.50	140.00	142.50	144.00	145.50	145.50	146.50	148.00	148.00	148.50	149.00	148.50	147.00	146.50	145.50	145.00	144.00	143.00	141.50
155.25	152.00	150.25	149.25	145.25	144.75	143.00	141.75	138.75	129.00	117.75	116.75	117.00	116.75	117.75	116.75	120.25	119.75	126.25	140.75	149.25	151.50	153.25	157.00	161.50	162.25	161.50	163.50	163.75	164.00	163.25	163.25	163.50	162.25	161.50	161.00	161.75	160.75	160.00	160.75	161.50	161.50	161.00	161.50	162.00	162.50	161.75	162.00	162.50	162.00	161.25	160.25	161.00	160.50	159.00	160.00	158.25	157.75	157.50	157.75	158.75	158.00	158.50	158.00	157.75	157.75	157.25	157.75	157.00	156.25	156.25	155.25	152.75	151.00	149.00	148.00	148.00	148.00	148.00	148.00	148.00	148.00	148.50	155.00	157.25	157.75	157.50	155.75	155.25	154.75	154.75	153.25	151.50	151.25	150.00	149.00	147.75	146.25	144.25	143.75	144.00	143.25	144.00	144.50	145.25	144.25	143.25	143.00	143.00	142.50	142.00	142.25	142.25	141.75	141.00	140.75	140.50	140.50	140.50	140.75	140.00	139.50	139.50	140.00	140.50	140.75	140.25	140.25	140.00	139.75	139.50	139.50	138.75	138.50	138.25	138.25	138.25	138.00	138.25	138.25	138.50	139.00	138.50	137.50	138.75	139.25	139.25	137.00	136.25	137.00	129.00	125.50	123.00	120.50	115.75	115.00	115.00	115.00	115.00	115.00	115.00	115.25	120.75	118.50	116.00	116.00	117.25	122.25	123.75	125.50	130.50	133.50	136.50	137.75	138.75	140.00	142.75	144.50	145.00	145.00	144.00	143.50	143.00	142.50	141.75	141.25	141.75	142.00	142.25	141.50	141.25	139.75	140.25	140.75	140.25	140.25	140.75	141.25	141.00	141.00	141.50	140.75	138.50	135.75	137.50	133.00	132.00	132.50	132.25	132.75	132.25	132.50	132.25	132.25	132.25	132.00	133.00	135.25	135.00	133.50	132.50	133.25	135.25	135.25	134.00	133.75	133.50	134.00	134.00	133.50	133.25	134.00	135.00	134.75	134.75	135.00	136.00	137.75	139.25	142.00	143.50	145.25	146.00	146.75	147.25	148.00	148.00	148.00	147.50	147.00	146.00	145.00	144.25	143.25	142.50	140.75
153.50	151.50	150.50	147.50	145.00	143.50	142.00	141.00	138.50	135.00	122.00	117.00	117.50	117.50	117.50	116.50	119.50	122.00	132.00	144.00	150.50	152.50	156.00	161.50	161.50	164.50	163.50	162.50	164.50	164.00	163.50	162.50	162.50	162.00	163.00	162.50	162.50	161.00	160.50	162.50	164.00	163.50	161.50	163.00	164.00	163.50	163.00	163.50	163.00	163.00	162.50	162.00	160.50	160.50	160.00	159.50	159.00	158.50	158.50	158.50	158.00	157.00	157.00	157.00	158.50	158.50	158.50	158.00	158.50	157.50	156.00	155.00	153.50	151.50	150.50	149.50	148.00	148.00	148.00	148.00	148.00	148.00	148.00	149.50	155.50	157.50	156.50	156.00	156.00	155.50	155.00	153.50	152.00	151.00	149.50	148.00	146.50	145.50	144.50	144.00	144.00	144.00	144.50	145.00	145.00	144.00	144.00	143.50	143.00	143.00	143.00	142.50	143.00	142.50	142.00	142.00	142.50	142.50	142.00	141.00	140.50	140.50	140.00	141.50	141.00	141.00	141.00	141.50	141.00	141.00	140.50	140.00	139.50	139.50	139.50	139.00	139.00	140.00	140.00	140.50	140.50	140.50	139.00	138.00	139.00	139.50	138.00	138.50	138.50	138.00	129.50	124.50	121.00	118.00	115.00	115.00	115.00	115.00	115.00	115.00	115.00	115.00	118.50	119.00	116.00	116.00	118.00	120.50	124.00	126.00	128.00	129.50	134.00	137.50	139.50	141.00	144.00	145.00	145.00	145.00	144.00	143.50	142.50	141.50	141.00	141.00	141.50	142.00	142.00	142.00	140.50	139.50	139.50	140.00	139.50	139.50	140.50	141.00	141.00	139.50	142.00	140.50	139.00	137.50	137.00	133.50	132.00	132.00	132.50	132.50	132.50	132.50	132.50	132.00	132.00	134.50	135.50	134.50	134.50	132.50	132.00	133.50	135.50	134.50	134.00	134.00	133.00	134.00	134.00	134.50	134.50	135.00	134.50	133.00	133.50	136.50	137.00	138.00	139.00	141.00	143.50	145.00	145.50	146.00	147.00	147.50	147.00	147.50	147.00	146.00	145.50	144.50	144.50	143.00	142.00	140.00
151.00	150.25	149.00	146.25	143.75	142.25	140.50	139.75	135.50	128.25	119.25	117.50	117.50	116.75	117.50	117.25	118.25	123.75	134.50	142.75	149.50	151.75	157.25	161.00	161.00	162.25	166.00	164.00	165.25	164.25	164.00	162.50	163.75	161.75	161.50	162.00	163.50	162.50	161.75	163.75	163.50	164.00	164.75	164.00	163.75	163.75	163.50	164.00	162.75	163.00	162.00	161.25	160.75	160.25	160.25	159.75	158.75	158.25	157.50	157.50	156.75	156.00	156.50	158.00	159.50	159.25	159.50	159.25	158.25	156.75	156.50	155.50	154.25	152.50	151.50	150.50	148.75	148.00	148.00	148.00	148.00	148.00	148.00	149.00	157.50	156.75	156.00	156.00	155.75	155.75	155.75	154.50	152.50	151.50	150.00	148.75	147.50	147.25	146.00	145.25	145.25	145.00	144.75	145.00	145.00	144.25	144.50	144.75	143.75	143.75	143.50	143.00	142.50	142.50	142.75	142.75	143.00	143.00	142.25	142.00	141.25	141.25	141.50	141.75	142.00	141.75	142.00	142.00	142.00	141.75	141.50	141.50	141.25	141.00	140.50	140.50	141.25	140.75	141.25	141.25	141.00	140.75	140.25	140.00	140.00	139.25	139.75	140.50	140.00	138.75	128.25	124.50	120.75	118.00	115.00	115.00	115.00	115.00	115.00	115.00	115.00	115.00	116.75	118.75	117.25	116.25	118.50	120.25	122.75	124.75	127.00	130.25	135.75	138.50	140.75	142.75	144.50	144.75	144.25	144.00	143.50	142.75	142.50	141.50	141.00	141.50	141.75	142.00	141.75	141.50	140.75	139.50	139.00	139.25	139.50	140.00	140.00	141.00	140.25	138.50	140.00	139.50	138.25	137.00	135.75	133.25	132.00	132.25	132.25	133.00	132.75	132.75	133.00	133.25	134.75	135.25	135.50	135.00	134.75	133.25	133.00	134.00	134.75	134.00	133.50	134.00	133.75	133.75	133.75	133.75	133.50	134.25	134.50	134.25	134.50	135.75	138.50	140.00	139.75	141.25	143.50	144.50	145.50	146.25	147.00	147.00	146.75	147.00	146.25	146.25	145.25	144.00	143.75	142.00	140.75	139.25
149.25	149.25	147.50	146.00	143.75	142.00	140.25	138.00	130.50	124.00	117.50	117.25	116.75	117.25	117.50	117.75	121.25	128.25	136.75	146.00	150.25	153.50	158.00	161.25	163.50	164.75	165.25	165.50	163.75	163.75	165.75	163.50	163.50	162.75	163.50	165.00	162.50	162.50	163.00	163.25	164.75	164.75	165.25	164.75	164.50	162.75	163.00	163.00	163.00	162.25	162.00	160.75	161.75	160.50	160.25	159.75	159.00	159.25	158.75	158.50	158.75	158.50	159.25	159.75	160.50	160.25	160.00	158.75	158.25	157.00	156.25	155.25	153.75	152.00	150.75	151.00	150.25	149.25	148.00	148.00	148.00	148.00	148.00	151.00	159.50	158.25	157.50	156.75	156.75	156.25	156.00	155.50	154.50	153.50	152.00	151.25	149.25	148.00	147.00	146.25	146.50	146.00	145.75	145.00	145.25	145.00	145.25	145.00	144.50	144.50	144.25	143.75	144.00	143.75	144.25	144.00	143.50	143.50	142.50	142.25	142.25	142.50	143.00	142.50	142.75	143.00	142.75	142.75	142.75	143.25	143.50	143.50	143.25	142.50	142.00	142.50	142.00	142.25	141.75	141.75	141.75	141.25	141.50	141.50	141.25	141.00	141.00	141.75	141.75	140.25	130.00	125.00	121.75	119.25	115.50	115.00	115.00	115.00	115.00	115.00	115.00	115.25	118.00	118.75	119.00	118.75	120.25	121.50	124.00	126.00	128.00	130.75	137.75	140.25	142.50	143.00	144.00	144.00	143.75	143.50	143.25	143.00	142.50	142.25	141.75	141.75	142.50	142.50	142.00	141.75	140.25	139.00	139.00	139.00	139.75	140.00	140.00	140.50	140.25	140.50	140.00	139.00	138.50	136.25	133.00	132.50	132.00	132.00	133.00	132.75	133.00	133.25	135.00	137.00	136.50	135.25	135.25	135.00	134.50	134.75	134.75	134.50	134.75	133.75	133.00	134.25	134.00	133.25	133.25	134.00	133.25	133.50	133.75	134.00	136.25	136.75	138.50	139.75	139.50	140.75	142.75	143.75	144.75	145.50	146.75	147.25	147.00	146.25	146.00	145.00	144.00	143.50	142.25	140.50	140.00	138.50
148.75	148.75	147.00	145.25	143.25	142.00	140.00	137.25	129.50	125.50	121.50	118.00	117.25	117.75	117.00	119.00	124.75	133.00	140.00	146.50	150.00	154.00	159.75	162.75	165.00	165.25	165.25	165.50	165.00	164.25	165.75	164.25	164.00	163.75	165.00	166.25	163.75	162.50	162.75	162.75	164.50	164.25	164.75	164.00	163.25	162.00	163.00	162.50	162.25	162.00	161.75	161.25	161.00	161.00	160.75	161.25	161.00	160.75	160.25	160.25	160.00	160.25	160.50	161.25	161.00	160.25	160.00	159.25	158.25	156.75	155.75	154.50	153.00	151.75	150.75	151.00	149.50	148.75	148.00	148.00	148.00	148.00	149.75	156.25	160.50	158.75	157.75	157.00	156.75	156.00	156.00	155.75	154.50	154.00	152.25	151.00	149.50	148.50	147.25	147.00	147.25	146.75	146.50	145.75	146.25	146.00	146.00	145.75	146.00	145.75	145.25	145.25	145.50	145.75	146.25	146.25	145.50	144.75	143.50	143.25	143.50	143.75	143.75	143.75	143.75	143.50	144.00	143.75	143.50	144.25	144.25	144.25	143.75	143.50	143.00	143.25	142.50	142.75	142.50	142.50	142.75	142.25	142.50	142.25	142.00	141.50	141.50	142.75	142.75	141.50	130.75	125.75	121.50	119.25	118.00	117.25	116.50	115.50	115.00	115.25	115.75	117.50	119.50	119.25	120.00	120.75	122.25	123.75	126.25	128.00	130.25	132.25	137.00	140.00	142.75	143.00	143.50	143.50	143.50	143.50	143.75	143.00	142.50	142.00	142.75	142.75	143.00	142.75	142.25	142.00	141.00	140.25	140.00	140.00	140.50	140.00	140.50	141.25	141.00	141.25	141.00	140.00	138.75	136.25	132.50	132.75	132.25	132.50	133.00	133.00	134.75	135.25	136.50	137.00	136.50	135.75	135.75	135.00	134.50	135.00	134.75	134.75	134.75	134.25	134.00	134.75	134.25	133.50	133.50	133.75	133.50	134.50	134.00	134.25	136.50	136.50	137.25	137.00	138.50	140.25	142.25	143.25	143.75	144.50	146.25	146.50	146.50	146.00	145.50	144.25	143.25	142.50	140.75	139.25	138.50	137.00
148.25	147.75	146.00	144.00	142.50	141.25	139.50	137.00	130.50	127.50	126.25	121.00	117.75	117.75	116.75	119.50	125.25	133.75	141.00	144.50	150.00	154.50	162.00	164.50	166.75	166.00	164.75	166.00	166.00	165.50	166.00	165.50	164.25	164.25	165.25	165.50	164.00	163.00	162.50	162.75	164.75	164.75	164.50	163.50	163.50	162.25	163.50	163.50	162.50	161.75	161.25	162.00	162.00	161.75	162.25	163.00	162.50	161.75	161.50	162.25	161.25	161.75	161.75	162.25	161.25	160.00	160.00	159.75	158.75	157.25	156.00	154.00	152.75	152.00	151.75	151.50	149.25	148.25	148.00	148.00	148.00	148.00	152.25	160.00	160.25	158.25	157.50	157.00	156.25	156.00	156.00	155.75	154.25	153.25	152.00	151.00	149.00	148.25	147.75	147.75	147.75	147.75	147.75	147.75	147.75	148.00	147.25	147.75	148.00	147.25	146.50	147.00	147.50	148.00	147.75	147.75	147.50	146.25	145.00	144.50	144.75	144.75	144.50	144.75	144.75	144.50	145.00	144.75	144.50	145.00	144.75	145.00	144.50	144.50	143.50	143.50	143.25	143.00	143.25	143.75	143.75	143.50	143.25	142.75	142.75	142.25	142.75	144.25	143.75	143.00	133.50	127.25	122.25	120.25	120.50	119.75	119.25	118.50	117.25	117.25	117.75	119.25	120.50	120.50	121.50	122.50	124.25	126.00	128.50	130.00	132.75	134.50	138.00	140.75	142.75	143.00	143.00	143.25	143.00	143.25	143.75	142.75	142.75	142.50	143.25	143.75	143.75	143.25	142.50	142.25	142.00	141.50	141.50	141.00	141.25	140.75	141.00	141.75	141.75	141.75	141.75	140.50	138.50	137.00	132.75	133.00	132.50	132.50	133.25	133.75	136.50	137.00	137.00	136.75	137.00	136.00	136.25	135.25	134.75	135.00	134.75	134.75	134.75	134.75	135.25	135.25	134.75	134.50	134.00	133.75	133.75	135.00	134.00	134.25	136.00	135.75	136.00	135.25	138.00	140.00	142.00	142.75	143.00	144.25	146.00	145.75	146.00	145.25	144.75	143.50	142.50	141.25	140.00	138.25	137.25	135.50
147.50	147.00	145.75	143.25	141.25	139.50	138.00	135.25	130.50	128.50	124.50	120.00	118.25	117.75	118.00	118.50	121.25	126.00	135.50	143.50	151.25	155.50	162.25	165.25	166.25	166.75	166.00	167.50	166.50	165.75	165.00	166.25	165.50	166.75	164.50	164.00	163.00	163.25	162.75	163.25	165.00	164.75	164.75	164.00	164.25	163.25	163.75	163.75	163.00	162.25	162.00	162.50	162.25	163.00	164.25	163.50	162.50	162.50	162.25	162.75	162.00	162.50	162.25	162.00	161.50	160.25	160.25	159.25	158.00	155.50	154.75	154.50	154.50	153.75	153.50	153.50	151.00	149.75	149.50	148.50	148.25	149.00	155.25	159.75	159.00	158.00	157.25	156.50	155.75	155.50	155.50	154.50	153.00	151.75	151.25	150.50	148.75	148.25	148.50	148.50	148.50	148.75	149.75	149.50	149.50	150.00	149.50	149.00	149.25	148.50	148.00	148.25	148.75	149.25	148.50	148.25	148.25	147.50	146.50	145.50	145.75	145.50	145.50	145.50	145.75	145.75	145.50	145.50	145.50	145.50	145.50	145.75	145.50	145.50	144.75	144.75	144.50	144.50	144.75	144.75	144.25	144.00	143.75	143.75	143.75	143.75	144.75	145.25	144.75	144.25	138.50	132.75	126.25	123.75	122.75	122.00	122.25	122.00	121.00	120.50	120.75	121.00	121.50	123.00	124.25	125.75	125.75	127.25	130.50	132.00	136.50	138.50	141.00	142.00	142.75	143.00	143.50	143.75	143.25	143.50	143.75	143.00	143.00	143.25	143.50	144.25	144.25	144.00	142.75	142.75	142.75	142.00	142.25	142.00	141.75	141.75	141.50	142.50	142.50	142.50	142.00	140.75	139.00	137.75	134.75	133.00	132.75	132.75	133.50	134.00	136.25	136.75	137.00	136.50	137.50	136.00	136.50	135.00	135.25	135.50	135.25	134.75	135.25	135.00	135.50	135.50	134.75	135.00	134.25	134.00	133.75	134.50	134.00	134.00	135.25	135.25	136.00	135.75	138.50	140.00	141.75	142.50	143.50	144.50	145.25	144.75	145.00	143.75	144.00	142.50	141.25	140.25	139.00	137.00	136.50	134.50
147.50	147.50	145.50	143.25	140.50	138.50	137.25	133.50	129.25	127.00	119.25	117.50	118.25	118.00	119.00	119.00	118.50	119.25	130.50	144.50	152.25	156.25	162.50	166.00	166.00	166.00	166.50	166.75	165.75	165.25	164.25	165.25	166.50	167.00	165.00	164.25	163.75	163.25	163.00	163.25	164.25	164.25	164.50	164.00	164.75	164.50	164.00	163.25	163.25	163.25	163.25	163.00	162.75	163.25	165.25	163.25	162.00	163.00	162.50	162.50	162.50	162.50	162.25	162.00	161.75	160.75	159.50	156.25	155.50	154.50	154.75	156.25	156.75	155.75	155.75	156.25	154.50	152.50	152.25	151.00	151.75	153.75	158.00	159.00	158.25	157.50	157.00	155.75	155.50	155.00	155.00	153.50	152.00	151.25	150.25	149.50	149.00	148.75	149.00	149.00	149.25	149.75	151.00	150.50	151.25	151.00	151.00	149.50	149.50	149.25	149.25	149.25	150.00	151.00	149.25	148.50	148.75	148.00	147.50	146.50	146.75	146.50	146.25	146.50	146.75	146.50	146.25	146.50	146.50	146.25	146.50	146.00	146.25	146.25	146.00	145.75	145.75	146.00	145.75	145.00	144.75	144.25	144.50	144.50	144.25	145.25	145.75	145.75	145.50	145.50	142.75	139.00	131.75	128.50	126.00	125.00	124.50	124.00	123.25	123.00	123.75	124.25	124.25	125.50	127.50	129.50	127.50	128.50	132.75	134.75	140.00	142.25	143.00	143.00	143.00	143.00	143.75	143.75	144.00	144.00	144.00	143.50	143.50	143.75	144.50	144.25	144.50	144.00	143.00	143.00	142.50	142.50	142.75	142.75	142.50	142.50	142.25	143.00	143.25	143.00	141.75	140.75	139.25	138.50	137.00	134.50	133.25	133.00	134.00	133.75	134.75	135.50	136.25	136.25	137.25	135.25	135.50	133.75	135.75	136.25	135.75	135.25	135.50	135.50	135.75	135.25	134.75	135.00	134.50	134.00	133.75	134.00	134.00	134.50	134.75	134.50	135.00	136.25	139.25	140.00	141.25	142.50	143.75	143.75	144.50	144.25	143.75	142.75	143.00	141.00	139.75	139.25	137.50	136.50	135.75	134.00
146.50	146.25	143.50	142.50	141.00	140.50	138.50	136.75	129.75	124.50	117.25	118.50	118.50	118.50	118.25	119.75	118.50	118.75	131.00	146.75	154.00	158.25	163.00	165.75	165.75	163.50	164.25	165.25	164.75	165.00	166.00	164.00	165.25	164.00	164.75	164.75	164.25	164.25	164.50	165.00	165.75	165.75	166.25	165.75	166.00	165.25	165.00	164.25	164.00	164.50	163.75	163.00	163.00	163.00	163.00	163.25	164.25	164.50	164.25	162.50	162.25	162.00	162.00	162.00	161.25	159.00	156.50	158.00	158.75	159.75	159.50	160.00	160.00	160.25	160.50	161.00	160.50	160.00	158.25	159.50	160.00	159.25	158.25	158.50	158.50	157.50	156.75	155.50	154.75	154.50	154.00	153.25	152.00	151.50	150.75	150.00	150.00	150.00	150.00	149.75	150.50	151.50	152.00	152.25	152.00	151.25	150.75	150.50	150.75	150.25	150.50	151.25	152.00	151.50	150.00	149.00	148.50	148.00	148.25	147.75	147.25	147.00	147.00	147.00	147.00	147.00	147.25	147.00	147.25	147.50	147.50	146.25	147.00	147.25	146.25	146.00	146.25	146.00	145.75	146.25	146.25	144.75	144.00	144.25	144.50	145.75	145.75	145.75	146.75	146.75	145.00	143.75	138.50	135.25	133.25	130.00	128.75	128.25	128.50	128.75	129.75	131.75	132.00	130.25	131.00	132.75	131.00	132.25	135.75	139.00	142.50	143.75	144.00	143.50	143.00	143.50	143.75	144.00	145.25	144.75	144.75	144.00	144.25	144.25	144.75	145.25	145.25	144.50	143.00	143.00	143.00	143.00	143.25	143.75	144.00	143.50	142.75	143.00	143.00	142.75	141.50	140.50	140.50	141.25	141.00	138.25	135.50	136.00	135.25	133.50	134.00	134.00	134.25	134.75	136.00	136.25	134.75	133.75	135.75	136.50	136.50	136.25	136.50	136.00	135.50	135.00	135.00	134.75	134.50	134.75	134.50	133.75	134.25	134.25	134.50	134.50	134.00	136.50	138.75	139.00	140.00	140.25	140.50	140.00	141.00	141.75	142.50	142.00	141.75	141.00	139.75	138.00	136.00	135.50	135.00	134.00
143.75	144.25	142.75	141.50	141.25	140.75	139.50	137.75	129.50	124.75	118.25	119.25	119.25	118.75	117.50	119.25	118.00	118.75	132.50	147.00	155.25	159.50	163.00	165.00	164.75	163.75	164.00	164.75	164.75	164.25	164.50	163.75	164.25	164.25	164.75	164.75	164.75	164.75	165.50	166.25	167.25	167.50	168.00	167.50	167.00	166.00	167.00	165.25	164.50	165.50	164.00	164.00	163.00	163.25	162.75	163.50	163.75	164.50	163.75	163.00	162.25	162.00	161.75	160.75	159.75	157.50	159.75	160.00	160.50	161.00	161.25	161.25	161.25	161.75	162.25	162.25	161.50	160.50	159.25	160.00	160.00	159.00	158.25	158.50	158.50	157.75	156.50	155.00	154.50	153.75	153.50	153.00	152.00	151.50	151.00	150.25	150.50	151.00	150.75	151.00	151.25	152.00	152.50	152.75	152.00	151.25	151.00	151.00	151.25	150.75	151.00	151.75	152.75	151.25	150.25	149.00	148.75	148.25	148.50	148.00	147.75	147.50	147.50	147.00	147.50	147.25	147.50	147.75	147.75	148.00	147.50	146.75	147.50	147.75	146.50	146.50	146.50	146.25	146.25	146.75	146.00	144.25	143.75	144.25	144.75	145.50	145.50	146.50	147.50	147.00	146.25	145.25	141.50	139.25	137.00	132.75	131.25	131.50	131.75	131.75	133.00	134.50	134.25	132.50	132.75	133.75	132.50	133.75	137.75	141.25	143.25	144.00	144.50	144.25	143.75	144.50	144.25	144.75	145.75	145.50	145.50	144.50	144.75	144.75	145.50	145.75	145.75	145.00	143.25	143.00	143.25	143.50	143.50	144.00	144.00	143.50	143.00	142.75	142.50	142.50	141.00	141.25	142.00	142.50	142.25	140.00	136.00	136.00	135.00	133.50	133.75	134.00	134.25	134.50	136.00	137.50	136.25	134.00	134.25	136.25	136.00	136.50	136.25	135.75	135.00	135.00	135.00	134.50	134.25	135.00	134.75	134.25	134.25	133.50	134.25	135.00	134.00	137.00	137.75	138.25	139.00	139.25	139.25	138.50	139.75	140.00	141.00	140.50	140.75	139.75	139.50	138.00	136.00	134.75	134.25	134.00
125.00	129.25	133.75	130.75	135.25	136.75	137.50	134.00	126.25	119.00	117.50	119.00	119.00	118.50	118.75	118.75	118.00	126.00	140.00	147.00	156.50	161.50	162.75	163.75	164.00	164.75	164.50	164.00	164.00	164.50	164.25	164.25	164.50	165.75	166.50	165.75	166.00	166.75	167.25	167.25	167.75	168.25	169.00	169.00	169.00	168.50	168.00	167.50	166.00	164.75	165.25	164.25	164.25	164.00	164.25	164.50	164.00	164.00	163.50	163.50	161.75	161.75	161.25	160.25	158.00	160.75	162.00	162.25	162.75	162.00	162.00	161.50	161.00	161.75	162.50	162.50	161.50	160.50	161.00	161.00	160.75	160.25	159.00	159.00	158.75	158.00	156.75	156.00	155.75	155.00	154.75	154.25	153.25	153.25	153.00	153.00	153.00	152.75	152.75	152.25	152.00	152.25	153.25	153.50	153.00	151.75	152.50	152.25	151.25	151.00	151.00	151.50	152.00	150.50	150.25	149.00	149.25	149.50	149.00	149.00	149.25	148.25	148.00	148.00	148.00	148.25	148.50	148.75	149.00	148.00	148.50	148.00	148.25	147.50	147.50	148.25	148.00	147.50	147.00	147.00	145.75	145.50	144.75	145.00	144.75	144.50	144.50	145.00	147.00	148.00	148.25	148.25	147.00	145.50	142.50	137.25	137.00	136.75	136.50	136.00	136.75	137.25	136.75	135.75	135.75	135.50	134.75	137.50	141.75	144.00	145.50	145.75	145.50	145.25	145.25	145.50	145.75	145.75	146.50	146.50	147.50	146.25	146.00	146.25	147.25	147.00	146.50	145.75	144.75	144.00	143.50	143.50	143.25	143.00	143.00	142.75	142.25	142.75	141.75	142.25	142.25	143.00	144.00	144.50	144.00	143.00	137.75	135.75	135.25	133.50	133.75	133.75	133.25	134.00	135.25	137.75	136.00	134.25	134.00	135.00	137.00	136.50	135.50	135.50	135.00	134.75	135.00	135.00	135.00	134.75	135.00	134.00	133.75	133.50	134.50	136.75	136.50	138.00	137.50	137.00	137.50	137.75	138.00	138.25	138.75	138.50	138.00	138.50	139.75	139.25	137.75	136.75	135.25	134.75	134.00	133.50
121.00	120.00	120.00	119.50	120.50	121.00	126.50	128.50	122.50	118.50	120.00	121.00	122.00	121.50	121.50	122.50	131.50	135.50	140.00	151.00	160.00	162.00	163.50	163.00	165.00	164.50	164.00	163.50	164.00	166.00	166.00	164.50	164.50	166.00	168.00	168.50	168.00	167.50	168.00	168.00	169.00	169.00	169.00	169.00	169.00	169.50	167.50	166.50	165.50	165.00	164.50	166.00	166.50	166.00	167.50	165.00	164.00	163.50	163.50	163.00	162.50	162.00	162.00	159.00	158.00	160.50	161.00	162.00	162.00	161.50	162.00	161.50	161.00	161.50	162.00	161.50	161.50	162.00	161.00	161.50	161.00	161.00	160.00	159.50	158.50	158.50	158.00	157.50	157.50	157.50	156.00	155.50	155.00	155.50	155.00	155.00	154.00	153.50	153.00	153.00	152.50	152.50	152.50	153.50	153.00	153.00	153.50	153.00	152.00	151.00	151.00	151.50	151.50	150.50	150.00	150.50	150.50	150.00	150.00	150.00	149.50	149.00	149.00	149.00	149.00	149.50	149.00	150.00	150.50	149.50	149.50	149.00	148.00	148.00	148.50	149.00	150.00	149.00	148.00	147.00	146.00	145.50	145.50	145.00	144.00	144.00	144.00	144.50	146.00	148.50	149.50	149.50	149.50	148.50	144.50	140.50	141.00	143.00	142.50	138.50	138.50	137.00	136.50	137.00	138.00	137.00	137.00	139.00	144.50	145.50	145.50	147.00	146.00	146.00	146.50	146.00	146.50	147.00	147.50	147.50	147.50	147.50	147.00	147.00	148.50	148.50	147.50	147.00	145.50	145.00	145.00	144.50	144.00	144.00	143.00	143.00	142.50	142.50	142.00	142.50	143.50	145.00	145.00	145.00	145.00	144.00	141.00	137.50	136.00	134.00	134.00	134.00	134.00	133.50	136.00	136.50	135.00	134.50	134.00	135.50	136.50	136.00	135.50	135.50	135.00	135.00	135.00	135.00	135.00	135.00	135.00	134.50	134.00	133.00	133.50	137.00	136.50	138.00	137.50	137.50	137.50	136.00	135.00	136.50	138.50	139.00	139.00	140.00	138.50	137.00	136.50	135.50	135.00	135.00	134.50	134.00
121.00	121.00	120.75	120.75	119.50	117.00	118.75	119.75	119.50	118.00	125.75	134.75	140.25	141.25	143.25	146.00	149.50	151.50	146.75	158.00	161.00	162.75	164.00	165.25	167.25	166.75	167.00	165.25	164.00	165.75	166.25	165.00	165.25	166.25	166.50	167.25	167.75	168.25	168.25	168.25	168.50	169.00	168.25	169.00	168.50	169.00	167.50	166.50	165.75	165.00	164.75	164.75	165.00	164.50	165.00	164.50	165.25	164.25	163.50	163.00	162.75	161.00	159.25	158.75	158.50	159.00	160.50	161.00	161.75	162.00	162.75	162.25	161.75	161.50	161.25	161.50	162.00	162.00	162.00	161.75	161.00	161.25	160.50	160.00	159.25	159.50	159.50	158.75	158.25	158.00	157.25	156.75	156.50	156.00	156.00	155.75	154.75	155.00	154.75	154.25	153.25	153.25	153.25	153.25	153.00	153.00	153.50	153.00	152.75	153.50	153.50	153.50	152.25	152.00	151.50	152.25	152.25	151.75	151.00	150.50	150.75	150.50	149.75	149.75	150.50	150.50	150.25	150.75	151.00	150.50	150.25	149.25	149.25	149.00	149.50	149.75	149.75	149.00	149.25	148.50	147.00	145.25	145.00	144.75	145.00	144.75	144.50	145.25	146.50	148.25	151.00	151.00	150.75	149.75	147.50	147.50	148.50	148.25	146.50	142.75	140.25	138.75	138.25	138.75	138.75	139.00	138.50	140.75	145.25	146.50	146.75	147.25	147.50	148.00	147.50	147.00	147.25	147.50	147.75	148.25	148.25	148.25	147.75	147.75	147.75	148.25	148.25	147.50	146.75	146.50	146.50	146.25	145.00	144.25	143.50	144.00	143.75	143.00	143.50	144.00	145.00	144.75	146.00	146.00	145.75	145.25	143.25	140.25	136.25	135.75	134.00	133.50	134.00	135.00	136.50	136.75	136.00	135.00	134.75	136.50	136.25	136.00	136.00	135.50	135.25	134.75	135.00	135.00	135.50	135.00	135.00	135.00	133.75	133.25	134.00	135.75	137.25	138.50	137.50	137.25	137.75	136.00	133.50	134.25	138.25	138.50	138.50	138.50	137.25	136.00	135.75	135.50	135.75	134.75	134.00	133.50
122.00	121.50	121.00	120.00	117.50	119.00	120.00	118.50	120.00	130.50	136.00	146.00	150.00	152.00	154.50	157.00	159.00	160.00	150.00	157.50	163.00	164.00	164.00	164.50	167.00	168.00	168.50	166.00	166.00	167.50	166.50	166.00	165.50	166.00	167.50	168.00	169.00	168.50	168.00	167.50	167.50	168.00	169.00	168.50	168.00	168.50	167.50	166.00	165.50	165.00	165.50	165.50	166.00	164.50	165.00	164.50	164.50	164.00	164.00	163.00	161.50	159.50	159.50	159.00	159.50	159.50	159.50	162.00	162.50	163.00	162.00	162.00	162.00	162.00	162.00	162.00	162.50	162.50	162.00	162.00	161.50	162.00	161.00	161.00	161.00	161.00	160.00	159.50	159.00	158.50	157.50	157.50	157.00	157.00	156.00	155.00	155.00	155.00	154.50	155.00	154.50	154.00	154.00	153.50	153.00	154.00	154.00	154.00	154.00	155.00	155.00	154.00	153.00	153.00	153.00	153.00	153.00	153.00	152.00	152.00	152.00	151.00	151.00	151.00	151.00	150.50	151.00	151.00	151.00	151.00	151.00	150.00	149.50	150.00	149.50	150.00	149.50	149.00	149.00	148.00	148.00	146.00	145.00	144.50	145.00	145.00	145.50	146.50	147.50	149.50	152.00	151.50	151.50	150.00	150.00	151.00	151.00	150.50	149.00	147.50	143.00	140.00	140.00	140.00	140.50	140.00	140.50	143.00	147.50	147.50	148.00	148.00	148.00	148.50	148.50	148.50	148.00	149.00	149.00	149.00	149.00	149.00	148.50	148.50	148.00	148.00	148.00	148.00	147.50	147.00	147.00	147.00	146.00	144.00	144.00	144.50	144.50	145.00	144.00	145.00	145.00	146.00	146.50	147.00	147.00	146.50	144.50	143.50	137.50	137.00	136.50	134.00	136.00	137.00	136.00	137.00	137.00	135.50	135.50	137.00	137.00	136.00	136.00	135.50	135.00	135.00	135.00	135.00	135.00	135.50	135.00	135.00	134.00	134.00	134.00	136.50	138.50	138.50	138.00	138.00	139.00	139.00	138.00	138.00	137.50	138.00	137.00	137.00	136.50	135.50	135.00	135.00	136.00	135.50	135.00	133.50
120.50	118.75	118.00	118.25	119.50	120.50	121.25	122.50	128.75	139.00	142.75	149.50	154.00	158.75	161.25	162.50	163.50	164.50	161.75	157.00	164.25	165.50	166.75	167.25	166.00	167.00	167.25	167.25	167.75	168.00	167.75	166.75	166.75	167.50	168.75	168.75	169.50	169.00	168.25	168.50	167.25	166.75	167.50	167.75	168.25	167.25	166.25	166.50	166.25	166.75	166.25	164.75	165.25	164.25	164.50	163.25	163.50	163.50	162.50	161.75	161.75	160.50	159.50	159.75	160.00	160.50	160.50	162.25	162.50	162.75	162.50	163.00	162.50	162.25	162.50	163.00	163.50	162.50	163.00	162.75	162.50	162.50	162.75	162.75	162.75	162.00	161.25	160.00	159.50	158.50	158.50	158.00	157.00	157.25	156.25	156.00	156.25	155.75	155.75	155.50	155.50	155.00	155.75	155.50	154.75	155.00	156.00	156.00	155.75	155.50	155.00	154.50	154.25	154.25	154.25	154.25	154.00	154.00	154.00	154.00	152.75	152.00	151.50	152.25	151.75	151.50	151.50	151.00	151.00	151.00	150.75	150.50	150.25	150.00	151.00	150.25	149.00	149.25	149.75	149.00	148.25	146.25	146.25	145.75	145.75	146.50	147.50	148.50	149.00	150.50	152.25	153.00	152.00	150.75	150.50	151.00	152.00	152.00	151.25	148.75	144.25	142.50	141.75	142.25	142.50	142.00	142.25	144.00	147.00	147.75	148.00	148.50	149.25	149.50	149.50	149.25	149.50	149.75	149.75	149.75	149.50	149.00	149.25	148.50	149.00	149.25	149.00	148.25	147.50	147.50	147.50	147.75	145.75	144.75	144.75	145.00	145.25	145.00	145.00	145.00	145.75	146.25	147.50	148.00	148.25	147.50	146.00	144.00	137.75	137.25	137.00	135.00	136.50	137.50	137.00	137.25	137.75	137.00	136.00	136.75	137.00	136.75	136.00	135.50	136.25	135.75	135.25	135.50	136.75	137.00	136.25	135.75	135.50	134.50	134.50	137.25	139.25	139.75	140.25	140.25	139.75	139.75	139.00	138.75	137.75	138.00	137.25	137.00	136.75	136.50	135.25	135.75	135.75	135.00	134.00	133.00
118.00	121.50	120.25	121.00	125.00	126.75	127.00	132.00	139.00	144.00	149.50	156.75	161.25	164.50	165.25	165.50	165.50	165.75	165.25	162.25	166.00	167.25	167.75	168.00	168.50	169.25	170.75	171.00	169.75	167.75	168.50	168.50	168.75	170.25	172.75	173.50	173.00	171.75	169.00	168.50	167.75	167.25	167.25	167.25	167.25	166.75	166.50	167.75	168.25	167.00	165.50	165.50	164.50	163.25	161.25	160.25	160.50	163.50	164.75	164.50	164.00	160.50	160.25	160.75	161.00	160.75	161.25	162.50	163.75	164.00	163.50	163.00	162.75	163.25	163.00	163.75	164.00	164.00	164.50	164.50	164.75	164.75	164.25	164.00	163.75	162.50	161.25	160.25	160.00	159.75	159.00	158.25	158.00	157.50	157.50	157.00	156.75	157.00	156.75	156.50	156.75	157.00	157.00	157.50	157.50	156.75	156.75	156.50	156.25	156.25	155.75	155.75	156.25	156.25	156.25	156.25	156.50	156.50	156.75	156.25	155.25	153.50	153.50	154.50	154.00	152.50	152.25	151.00	151.00	151.00	151.00	151.00	151.00	150.25	151.75	150.75	150.50	150.00	150.50	150.25	149.50	147.75	147.25	147.00	147.50	147.75	149.00	149.50	150.50	152.00	153.25	152.75	152.00	151.75	151.50	151.00	150.50	150.50	149.50	146.50	147.00	144.75	144.50	145.00	144.75	144.25	144.50	145.00	146.25	147.75	148.75	150.00	150.75	151.25	151.25	151.00	151.25	152.25	151.50	151.50	150.25	149.75	149.75	149.50	149.50	150.00	149.50	149.00	148.50	148.50	146.50	145.75	146.00	146.75	147.00	147.00	146.25	146.50	146.50	146.50	147.00	147.50	148.25	148.50	148.75	148.00	147.00	145.00	141.25	139.50	138.00	136.50	137.50	138.00	137.75	138.25	138.75	138.75	136.50	137.25	138.00	137.00	137.50	137.00	137.00	136.75	137.50	137.50	137.75	137.50	137.25	137.00	136.50	136.25	136.75	138.00	139.25	141.25	141.75	141.00	140.50	140.50	141.00	140.25	139.25	139.00	138.25	137.75	137.00	136.25	136.50	135.50	134.75	133.25	133.25	133.50
120.75	124.25	121.00	121.25	129.25	130.50	134.50	140.50	146.75	149.25	154.25	162.25	164.50	167.25	167.50	167.25	166.25	166.50	165.75	165.00	166.50	167.25	168.00	169.00	169.50	170.50	171.25	170.25	169.50	169.00	169.75	171.00	171.00	171.75	172.75	173.50	174.00	173.75	171.00	170.75	168.50	167.75	167.75	168.00	167.75	167.75	167.25	167.50	167.50	166.25	165.25	165.00	164.00	162.00	160.00	160.00	160.00	162.25	165.25	165.00	164.25	160.75	161.00	161.50	161.50	162.00	162.50	163.50	164.00	163.50	163.50	163.25	163.25	163.75	163.50	164.50	164.50	165.00	166.00	166.00	166.50	165.75	165.00	164.50	164.25	162.50	161.25	160.75	160.25	159.75	159.50	158.75	158.50	158.00	157.75	157.00	157.00	157.50	157.50	158.00	158.00	158.25	157.75	158.00	158.00	157.25	157.50	157.25	157.25	157.25	157.25	157.25	157.75	157.75	157.25	157.25	157.75	158.00	157.75	157.00	156.00	155.50	155.50	155.25	155.00	153.75	153.00	151.50	151.00	151.00	151.00	151.00	151.00	150.75	151.50	151.00	151.00	150.50	151.00	151.25	150.25	148.75	148.00	147.50	148.50	148.50	149.50	149.50	151.00	152.50	153.00	152.00	152.00	151.50	151.00	151.00	150.50	149.75	149.25	148.00	149.25	146.25	146.00	146.00	146.25	147.50	147.50	147.25	148.00	149.00	150.75	151.25	152.00	152.25	152.00	152.25	152.50	153.75	153.00	152.00	151.00	150.50	150.25	150.25	150.50	150.50	150.25	149.75	149.75	149.25	146.75	146.25	147.50	148.25	148.25	148.25	147.50	148.25	147.75	147.50	147.50	148.00	149.00	149.75	149.50	148.50	148.00	147.75	145.25	143.00	140.50	138.25	137.75	138.00	138.25	138.75	139.00	139.50	137.75	137.75	138.25	138.00	138.50	138.00	137.50	137.25	138.25	138.00	138.00	137.75	137.75	137.25	137.50	137.25	137.50	138.75	140.25	142.75	142.75	142.25	142.00	141.50	141.50	140.25	139.75	139.00	138.25	138.00	137.50	136.25	135.75	135.25	134.75	134.25	134.25	134.25
122.50	126.50	121.50	121.00	130.50	132.50	139.00	145.00	150.50	153.00	157.50	165.50	166.00	169.00	169.50	168.50	166.50	166.50	166.00	166.00	167.00	167.00	169.00	171.00	170.50	171.00	170.00	169.00	169.00	169.50	170.50	173.00	173.00	172.00	171.00	172.50	174.00	174.00	172.50	172.00	168.50	168.00	168.00	168.50	168.50	168.00	167.50	167.00	167.00	166.00	165.00	164.50	163.50	161.00	160.00	160.00	160.00	161.50	165.00	165.00	164.00	161.00	161.50	162.00	162.00	162.50	163.50	164.00	164.00	163.00	163.00	163.50	164.00	164.00	164.00	165.00	165.00	166.00	167.00	167.00	167.50	166.50	165.00	165.00	164.50	162.50	161.50	161.00	160.50	159.50	160.00	159.00	159.00	158.00	158.00	157.00	157.00	158.00	158.00	159.00	159.00	159.00	158.50	158.00	158.00	157.50	158.00	158.00	158.00	158.00	158.50	158.50	159.00	158.50	158.00	158.00	158.50	159.00	158.50	157.50	156.50	157.00	157.00	155.50	155.50	154.50	153.50	152.00	151.00	151.00	151.00	151.00	151.00	151.00	151.00	151.00	151.00	151.00	151.00	152.00	151.00	149.00	148.50	148.00	149.00	149.00	150.00	149.50	151.50	152.50	152.50	151.50	152.00	151.50	151.00	151.00	151.00	150.00	149.00	149.50	150.50	147.00	147.00	146.50	147.50	149.50	149.50	148.50	149.50	150.00	152.00	152.00	153.00	153.00	152.50	153.00	153.50	154.50	154.00	152.00	152.00	151.00	151.00	151.00	151.00	151.00	150.50	150.50	150.50	150.00	147.00	147.00	148.50	149.00	149.00	149.00	148.50	149.50	148.50	148.00	148.00	148.50	149.50	150.50	150.00	149.00	149.00	149.50	147.50	145.50	142.50	139.50	138.00	138.00	138.50	139.00	139.00	140.00	138.50	138.00	138.50	139.00	139.00	138.50	138.00	138.00	138.50	138.00	138.00	138.00	138.00	137.50	138.00	138.00	138.00	139.50	141.00	143.50	143.50	143.00	143.00	142.00	141.50	140.00	140.00	139.00	138.00	138.00	138.00	136.50	135.50	135.00	135.00	135.00	135.00	134.50
129.75	127.50	121.00	121.50	131.50	138.00	142.75	148.00	153.75	159.00	161.75	166.25	168.50	169.25	168.75	168.50	168.50	168.25	166.25	166.50	167.50	167.75	170.00	170.50	171.25	171.25	169.75	170.50	169.75	172.25	174.75	173.00	171.75	172.75	172.50	173.50	173.75	172.00	171.75	171.75	169.25	168.75	168.00	169.25	168.75	167.50	167.25	166.75	166.25	165.75	164.25	163.75	162.75	161.50	160.25	160.00	160.00	161.75	165.00	165.00	164.75	162.00	162.50	162.50	162.75	163.50	164.50	165.25	166.00	164.75	163.75	164.00	164.25	164.75	165.50	166.25	167.75	168.00	169.00	169.00	168.25	167.25	166.50	165.50	165.00	163.25	162.25	161.00	160.50	160.00	160.00	160.25	159.50	159.25	158.75	158.25	158.50	159.00	160.00	160.25	160.25	160.00	159.50	159.00	159.00	158.50	158.50	158.50	159.00	159.50	160.00	159.75	159.50	159.50	159.25	159.50	159.25	159.75	158.75	158.25	157.25	156.75	156.50	156.00	155.75	155.25	154.50	153.25	152.25	151.25	151.25	151.25	151.25	151.50	151.25	151.75	151.75	151.50	151.50	151.50	151.00	150.00	149.50	149.50	149.50	149.75	150.00	150.50	150.75	151.50	152.25	152.25	152.00	152.25	152.00	152.00	150.50	150.00	151.25	151.50	150.75	149.50	149.25	147.75	148.50	151.25	150.75	150.00	150.00	150.00	152.00	152.75	153.50	154.00	154.00	154.25	154.75	155.00	153.75	153.00	152.50	151.25	151.50	152.00	152.00	151.75	151.50	151.75	151.50	151.25	149.00	148.50	149.25	150.00	150.25	149.75	149.25	149.75	149.75	149.75	149.00	150.00	151.25	151.25	151.25	150.75	149.75	150.25	148.50	147.00	145.50	142.75	140.00	139.50	139.00	139.75	140.00	140.25	139.50	138.25	137.75	139.00	139.75	139.00	138.50	139.00	138.75	138.25	138.00	138.00	138.00	138.00	138.50	138.75	139.00	142.00	143.50	143.75	143.50	143.00	143.25	143.00	141.50	140.50	139.50	139.00	138.75	138.00	138.00	137.50	136.50	135.75	135.00	135.00	135.00	134.00
131.00	129.00	124.50	128.00	139.50	145.00	148.50	153.50	160.00	165.00	164.00	166.50	167.50	169.00	170.00	171.00	169.50	167.50	166.50	167.50	168.50	168.50	169.50	171.00	171.50	170.50	170.00	170.00	171.00	172.00	171.50	171.50	175.00	171.00	172.50	172.00	171.50	170.50	171.00	171.50	171.50	169.00	169.00	169.00	171.50	168.00	167.50	166.50	166.00	165.50	165.00	164.50	163.00	162.00	162.00	160.50	162.00	164.50	166.00	165.50	165.50	163.00	163.50	163.50	163.50	164.00	165.50	166.00	167.50	167.50	166.00	166.50	168.00	168.00	168.50	168.00	169.50	170.50	171.50	170.50	170.00	168.50	167.50	167.00	166.00	164.50	163.50	162.00	161.50	161.00	161.00	160.50	160.00	161.00	160.00	159.00	160.00	161.00	161.50	161.00	161.00	161.00	160.50	161.00	161.00	160.50	160.00	160.00	160.50	161.00	162.00	161.00	160.50	160.00	159.00	159.00	159.00	159.00	159.00	158.50	158.00	157.00	156.00	156.00	156.50	156.50	155.00	153.50	152.50	152.00	152.50	153.00	152.00	153.00	152.50	152.00	152.00	151.00	151.50	151.00	151.00	151.00	150.50	150.50	151.00	151.00	150.50	151.00	151.50	151.50	153.00	152.50	152.00	153.00	152.50	151.50	151.00	152.50	152.00	152.00	151.00	152.00	151.50	150.50	151.00	151.00	150.00	150.00	150.00	151.50	153.50	152.50	154.00	154.50	155.00	155.00	155.00	154.50	154.00	154.00	153.00	152.50	152.00	152.00	153.00	153.00	153.00	153.00	152.00	152.00	150.00	150.00	150.50	151.50	151.50	150.00	149.50	150.50	150.00	150.00	149.50	151.00	151.50	151.50	152.50	151.50	151.00	151.00	149.50	148.00	147.00	145.00	143.00	141.00	141.50	140.00	140.50	140.00	140.50	139.50	138.00	139.50	140.00	140.00	139.00	139.00	139.00	139.00	138.00	138.00	138.50	139.50	140.00	139.50	140.50	143.50	144.00	144.00	143.50	143.00	143.00	143.50	142.00	141.50	141.00	140.50	139.00	138.50	137.50	137.50	137.00	136.00	135.50	135.00	135.00	134.00
133.00	132.00	133.00	139.25	147.25	150.00	154.75	160.00	164.75	167.00	167.75	167.00	168.00	168.00	168.50	168.00	167.50	167.00	167.25	168.75	168.75	169.50	171.00	171.25	171.50	170.25	171.00	171.25	171.00	172.25	171.50	171.00	171.75	172.25	172.75	172.00	172.50	170.75	170.50	170.50	171.25	169.75	168.75	169.00	169.50	168.50	168.25	167.25	166.75	165.75	166.25	165.50	164.50	163.50	163.50	164.50	166.00	166.75	166.25	166.00	165.00	163.75	164.00	164.50	164.75	165.50	165.50	166.25	167.25	170.00	171.00	172.75	174.00	170.75	170.50	171.00	172.50	172.50	171.00	170.75	170.50	170.50	169.50	168.75	168.25	167.00	166.75	165.00	163.75	162.75	162.00	161.50	162.25	162.50	161.75	162.00	162.00	163.00	163.25	162.75	162.75	163.25	163.00	162.75	163.00	162.50	162.50	163.50	163.50	163.25	163.00	162.25	161.25	160.75	160.25	159.75	159.00	158.25	158.50	158.25	157.25	157.00	157.00	157.25	157.50	157.50	156.50	154.50	154.00	153.75	154.00	154.50	154.00	153.75	152.75	152.25	152.25	152.25	152.00	151.50	151.25	151.25	151.50	151.50	151.25	152.50	152.75	152.50	152.50	152.50	153.00	153.00	153.00	153.00	152.50	152.25	152.00	152.00	153.25	152.75	152.75	152.50	152.25	152.25	152.00	152.25	151.75	151.50	153.75	154.25	153.75	153.50	154.25	154.75	155.50	154.75	155.25	154.75	155.00	155.25	154.50	153.50	153.75	153.75	153.50	153.50	153.50	153.25	152.75	152.75	152.00	151.50	152.25	152.50	152.25	151.50	151.00	151.25	151.50	151.00	151.25	151.75	152.00	153.00	153.00	153.00	152.50	152.25	150.75	150.00	148.25	146.25	144.25	142.50	142.50	142.00	141.75	140.50	141.25	140.00	138.75	139.25	140.00	140.00	140.00	139.50	139.00	138.00	138.50	138.75	139.75	140.50	141.00	140.75	143.75	144.75	144.75	145.50	144.25	143.25	143.00	143.00	142.25	141.75	141.00	141.00	140.50	140.75	140.50	139.50	138.00	137.50	136.75	135.50	135.00	134.00
137.75	140.00	144.50	149.75	153.50	157.00	162.50	165.50	167.25	168.75	168.25	167.75	167.25	168.00	167.00	167.00	167.00	167.00	168.50	168.75	170.00	170.50	170.50	171.00	170.75	172.00	171.50	171.25	171.50	172.50	171.50	171.75	172.00	171.75	171.50	172.50	172.00	171.50	171.50	171.25	170.25	169.75	170.00	170.00	169.75	169.50	169.00	168.75	168.25	167.75	167.50	166.50	165.25	165.75	166.25	167.00	167.00	166.75	165.75	165.50	164.75	164.50	165.00	166.00	166.50	166.50	167.00	168.00	168.00	169.50	171.50	173.25	173.50	173.50	173.50	173.25	173.75	172.25	170.75	170.00	169.00	169.50	168.00	167.75	168.50	169.00	168.50	167.00	165.50	164.75	164.00	165.00	165.50	166.00	165.75	165.00	165.25	165.50	165.75	165.75	166.00	166.00	165.50	165.25	164.50	164.50	165.25	166.75	166.50	165.50	164.50	163.75	162.50	161.25	160.00	159.50	158.00	157.75	156.75	156.00	156.00	156.25	157.25	159.25	159.50	159.25	157.50	157.25	156.75	156.75	157.00	156.75	156.50	156.50	154.75	153.75	153.50	153.50	153.00	152.50	152.00	151.75	152.25	153.50	153.50	155.75	156.75	157.25	156.25	155.50	154.75	154.25	153.25	153.50	152.75	153.00	152.75	153.75	154.75	154.00	155.00	154.75	154.25	153.50	154.25	155.00	155.00	155.25	155.00	154.75	154.25	154.75	156.00	156.25	156.25	156.50	157.00	156.50	157.00	157.00	157.25	156.00	155.50	155.50	155.25	154.50	155.00	154.25	154.50	154.50	154.00	152.75	153.25	154.25	154.00	152.50	152.50	152.50	152.75	152.50	152.50	152.25	152.25	153.25	153.75	154.00	154.00	153.50	152.25	151.50	149.75	146.50	145.00	144.00	143.00	142.00	141.50	141.75	142.00	141.75	140.25	139.75	140.25	140.75	140.50	140.50	139.75	139.50	140.00	140.50	141.00	141.50	141.50	144.75	146.50	146.25	146.50	146.25	145.25	144.25	144.00	143.75	143.50	143.50	141.50	142.25	142.75	143.00	142.25	141.00	140.25	139.25	138.75	137.00	135.50	134.00
143.00	147.25	151.50	152.25	156.75	160.75	165.25	166.75	167.50	169.00	168.50	168.00	168.00	167.75	167.50	167.50	167.00	167.50	168.75	170.25	170.25	170.25	171.25	171.00	171.25	171.25	171.00	171.25	171.75	173.50	172.25	173.50	172.25	171.50	171.25	172.25	173.25	171.75	172.00	171.00	170.50	170.50	170.50	171.00	170.00	169.75	169.25	168.75	168.75	168.50	167.75	166.00	165.75	167.25	167.25	167.25	167.25	166.75	165.50	165.00	164.75	165.50	166.00	166.50	167.50	167.50	167.75	168.75	169.00	170.00	171.75	174.50	175.50	175.25	174.50	174.25	174.00	172.00	170.50	170.00	169.00	168.25	167.25	166.50	167.25	168.25	168.00	167.50	166.25	165.25	164.75	166.00	166.50	166.75	167.25	166.50	167.25	167.00	167.25	167.75	167.50	167.25	166.75	166.25	165.75	166.00	166.75	167.00	167.00	166.50	165.50	164.75	163.25	161.50	160.25	159.25	158.00	157.50	155.25	153.75	153.00	152.75	155.00	159.50	160.25	159.50	159.00	158.75	158.25	158.25	158.50	158.25	157.00	157.00	156.00	154.50	154.00	153.25	153.00	153.25	152.75	152.50	153.25	153.75	154.00	156.00	157.50	158.50	158.00	157.50	156.25	155.00	153.75	153.75	153.25	153.25	153.75	155.00	155.50	154.75	156.00	155.75	155.25	154.75	155.00	156.25	156.25	156.00	155.50	156.00	156.00	156.75	157.00	157.25	157.50	157.25	157.50	157.50	158.25	158.25	157.75	156.75	156.00	155.50	155.75	155.00	155.25	155.00	155.25	155.00	154.50	153.50	153.50	154.50	154.50	153.25	153.00	153.50	153.75	153.50	153.50	153.00	152.75	153.25	153.75	154.25	154.00	153.75	153.00	152.25	150.25	147.00	145.75	144.00	143.00	142.50	142.00	142.25	142.50	142.00	140.75	140.25	141.00	141.00	141.00	141.00	140.50	140.75	141.25	141.50	142.00	142.75	143.75	146.50	147.50	146.75	146.75	146.50	145.75	145.00	144.25	144.00	143.75	143.50	142.50	142.75	143.50	143.00	142.25	141.00	140.50	139.75	139.00	136.75	135.50	134.75
156.00	157.00	155.00	156.50	161.00	166.00	170.00	169.75	169.50	169.50	169.75	168.00	168.00	168.00	167.75	168.00	168.75	169.00	171.00	172.00	172.25	172.50	171.75	172.50	172.25	171.75	172.25	171.25	172.00	172.75	173.25	173.75	174.25	172.75	171.50	172.75	171.75	171.25	171.75	172.25	171.50	171.00	171.00	172.25	170.75	170.00	169.50	168.75	169.00	168.25	167.50	167.75	168.25	168.00	168.00	167.75	169.00	167.75	165.50	165.75	166.00	166.00	167.00	168.50	168.75	168.50	169.25	170.50	172.00	173.75	178.00	183.00	184.50	180.25	177.50	177.25	176.75	175.00	171.75	170.25	168.75	167.75	167.50	167.25	167.25	169.25	169.25	167.25	166.00	165.75	165.25	166.75	168.75	169.25	169.75	169.25	170.50	171.25	171.75	172.00	171.50	170.50	170.50	170.00	169.75	169.50	170.00	169.75	168.25	167.50	166.75	165.50	164.50	163.50	161.25	160.50	159.00	156.75	153.50	152.00	151.00	150.00	151.00	157.75	160.00	161.25	161.75	161.50	160.75	160.00	159.25	158.50	158.75	158.00	156.75	156.25	155.50	155.00	155.00	155.25	154.50	155.00	155.75	155.25	155.50	157.00	159.25	159.75	160.00	160.25	158.75	158.00	155.25	155.00	155.25	154.75	155.50	156.50	156.25	157.25	157.00	157.25	157.50	156.25	156.25	157.25	157.50	157.75	157.75	158.25	158.75	158.50	158.50	158.50	158.50	158.25	158.25	158.75	159.00	159.00	158.75	158.00	157.00	156.50	156.75	157.75	157.50	157.75	157.00	157.00	156.00	155.25	154.50	154.50	155.50	155.75	155.50	155.00	155.50	155.75	154.50	154.50	154.00	154.00	154.25	155.75	155.50	155.00	154.25	152.75	149.00	147.00	146.50	145.00	143.50	142.75	143.25	143.00	143.00	142.25	142.00	141.75	142.25	142.25	142.50	142.25	142.00	142.75	143.75	145.50	146.25	146.50	147.00	148.25	148.00	147.25	146.75	146.25	146.00	145.25	144.75	144.25	144.00	143.50	143.50	144.25	144.00	142.75	142.25	141.00	139.75	138.75	137.75	136.50	136.75	138.50
156.50	155.75	156.00	159.00	163.00	167.00	169.50	169.75	170.00	170.25	169.75	168.50	168.25	168.00	168.00	168.50	169.75	170.25	171.25	172.50	173.25	173.50	172.25	172.50	172.75	172.00	173.00	173.50	172.50	172.50	174.00	174.00	173.75	174.25	172.75	173.00	172.50	171.75	171.50	171.75	171.25	171.75	172.25	173.00	171.25	170.00	169.50	168.50	168.00	167.25	167.50	168.50	168.25	168.50	169.00	168.00	168.00	168.00	165.50	166.00	167.00	167.25	168.25	169.50	170.00	170.00	171.25	173.00	175.75	181.75	188.00	192.00	188.25	184.25	181.25	181.25	179.50	177.50	174.00	172.25	170.00	168.75	169.25	169.75	169.50	170.25	169.75	167.75	167.25	167.25	168.50	170.00	171.25	171.50	171.75	171.75	172.75	173.75	175.25	175.75	175.00	174.50	173.75	172.75	172.75	173.00	172.75	171.00	169.25	167.75	167.00	165.75	165.50	164.75	162.75	161.75	159.75	157.00	153.75	152.50	151.75	150.75	150.75	153.50	154.75	156.75	159.50	161.75	161.50	160.25	159.00	158.00	159.00	158.75	158.75	157.75	157.00	155.75	156.25	156.25	156.25	156.50	157.00	157.00	157.25	158.75	160.25	160.75	160.75	161.50	160.75	160.00	157.50	156.50	157.00	156.25	156.75	157.25	157.75	157.75	158.00	158.25	158.00	157.25	158.00	158.50	158.50	159.00	159.25	159.75	160.00	159.75	159.00	159.25	159.50	159.50	159.25	159.50	159.50	159.50	159.25	158.50	157.75	157.00	157.25	158.50	158.25	158.50	157.75	157.25	157.50	157.25	156.50	157.00	156.50	156.50	156.25	156.25	157.00	157.00	156.00	155.25	154.75	154.00	154.75	155.50	156.00	155.50	154.50	152.75	149.75	148.25	147.00	144.75	143.50	143.50	143.75	143.00	142.50	142.50	142.25	143.00	143.25	143.50	145.00	144.50	144.25	145.00	145.50	146.75	147.00	147.00	147.00	148.25	148.25	148.25	147.75	147.00	146.25	145.75	145.00	145.00	145.00	144.75	144.50	144.50	143.75	142.75	141.50	139.75	139.25	138.75	138.50	138.25	138.50	139.50
156.75	156.00	157.25	162.00	165.50	169.00	169.75	169.50	170.50	170.50	169.50	168.75	168.75	168.00	168.50	170.00	171.00	172.00	171.75	173.25	173.75	173.75	173.25	173.75	174.25	172.50	172.75	174.25	174.75	173.00	174.25	174.00	173.00	174.50	174.25	173.25	173.75	172.50	172.00	172.25	170.75	171.75	172.25	172.50	170.75	169.75	169.00	167.50	166.50	166.75	168.00	168.50	168.00	169.00	169.50	168.00	168.00	167.25	165.75	166.50	167.75	168.75	169.50	170.00	171.00	172.00	173.75	175.75	178.25	189.50	198.50	197.75	191.00	187.50	186.00	185.50	183.25	180.25	176.75	174.50	171.50	172.00	172.00	171.25	171.50	171.00	170.75	170.00	169.25	170.50	172.75	173.00	173.75	174.00	173.75	173.75	175.00	176.75	178.75	179.75	179.00	178.00	176.25	174.75	175.00	175.50	174.50	172.00	170.00	168.25	167.25	166.25	166.00	165.25	163.75	162.75	160.00	157.00	154.50	153.00	152.50	151.50	150.25	150.00	150.00	151.25	156.75	161.25	162.00	160.50	158.75	158.50	159.25	159.50	159.50	159.00	158.00	157.25	157.50	157.50	158.00	158.50	159.00	159.00	159.50	160.25	161.50	161.50	161.75	162.25	162.50	161.75	160.00	158.50	158.25	157.25	157.75	158.50	159.00	158.00	159.25	160.00	159.00	159.00	159.75	160.50	160.00	160.25	160.25	161.00	161.50	160.75	159.75	160.00	160.75	161.00	160.50	160.50	160.75	160.50	160.25	159.00	159.00	157.50	157.75	157.75	158.00	159.00	159.00	158.00	159.00	159.00	158.75	159.00	157.00	157.00	156.75	158.00	158.00	157.75	157.50	155.50	155.25	154.25	154.50	155.00	156.00	156.25	154.75	153.25	151.00	149.75	147.25	143.75	144.00	143.50	144.00	143.50	142.25	143.50	143.25	144.75	145.00	146.25	148.00	147.25	147.25	147.00	147.00	147.00	147.00	147.00	147.00	148.50	149.00	149.25	148.75	148.00	147.00	146.25	145.00	145.75	146.00	146.00	144.75	144.25	143.00	141.75	140.50	139.00	139.25	139.50	140.25	140.00	139.75	139.75
157.25	157.00	161.50	165.50	168.25	171.25	171.00	170.50	170.25	171.00	169.25	168.00	167.75	168.25	169.00	170.50	171.50	172.00	173.00	174.00	174.75	174.50	173.25	174.50	174.75	176.00	173.25	173.25	175.00	174.50	174.00	173.50	173.50	173.25	173.50	173.25	173.75	173.50	171.75	173.00	171.00	171.75	172.25	171.50	169.75	168.25	167.25	167.00	167.00	167.50	168.00	168.75	169.00	169.00	169.25	168.50	168.00	168.25	168.00	167.75	169.00	170.00	170.75	172.00	173.25	175.50	176.25	179.25	183.00	189.50	194.00	194.00	191.50	189.50	189.50	188.50	187.75	185.25	179.50	177.75	176.00	178.75	176.00	173.00	172.50	172.25	173.00	173.75	174.50	176.00	176.75	177.00	176.75	176.25	176.50	177.00	178.75	179.75	181.00	179.75	179.00	177.75	176.75	177.25	179.00	178.00	176.00	173.75	171.00	169.25	168.25	167.00	165.75	165.50	163.25	161.75	157.75	156.50	156.00	154.75	154.00	153.00	151.00	150.00	150.00	150.75	156.50	160.50	161.75	159.75	159.50	160.25	160.50	160.25	159.50	159.25	159.50	159.25	159.25	161.00	162.50	161.50	161.50	162.25	162.25	163.00	163.25	163.50	163.50	163.75	163.50	164.00	163.75	161.50	159.75	159.25	159.25	159.00	159.50	159.00	160.75	164.75	164.25	163.00	162.25	161.75	161.00	161.50	161.25	161.75	162.25	162.25	162.25	163.00	162.75	162.75	162.00	161.75	162.50	162.00	161.75	159.25	159.00	159.00	159.00	159.25	159.00	159.75	159.75	159.00	160.00	160.25	160.25	159.50	158.25	158.25	159.25	160.00	159.25	158.75	157.50	156.50	156.00	156.00	154.75	154.50	154.75	155.25	156.00	154.00	150.50	147.25	145.50	144.75	145.00	144.75	144.50	144.00	143.25	144.75	148.25	150.50	151.00	151.50	151.50	151.50	150.75	149.00	148.00	147.50	146.75	147.25	147.50	149.75	149.50	150.00	150.00	149.25	148.50	146.50	146.00	144.75	144.25	144.00	142.25	141.75	141.50	141.50	141.75	141.75	141.25	141.00	141.00	140.75	140.50	140.00
156.75	157.50	163.25	166.75	169.25	170.75	171.25	171.75	171.50	171.75	169.75	168.25	167.50	169.00	168.75	170.75	171.50	171.75	173.75	175.75	174.25	174.25	174.50	174.25	174.75	176.50	174.50	174.25	175.25	174.75	173.75	173.25	173.25	173.25	173.75	173.00	172.75	173.50	172.75	172.00	171.25	172.00	171.00	170.50	169.25	168.00	167.00	166.75	167.00	168.00	168.25	169.00	169.00	169.00	169.75	169.00	169.00	168.75	169.00	168.25	169.75	170.00	171.50	172.75	174.50	175.75	177.00	179.25	184.00	189.00	191.25	191.50	190.00	189.50	190.25	189.25	189.25	186.25	181.00	179.50	178.50	182.25	178.75	174.50	173.75	173.25	174.75	175.50	176.25	177.50	178.50	178.50	177.50	176.75	177.00	177.25	178.25	177.50	175.75	174.75	175.50	175.25	177.00	180.00	181.25	179.00	176.75	174.00	171.25	170.00	168.75	167.25	166.50	165.50	162.25	160.25	157.75	157.50	157.00	155.75	155.00	153.50	152.00	150.00	150.00	151.75	157.75	161.00	161.25	160.50	161.00	161.75	161.25	160.75	160.50	160.50	160.75	161.25	161.75	162.75	164.00	163.00	163.00	164.00	164.25	164.50	164.50	164.25	164.25	164.25	164.25	165.00	164.00	161.75	160.50	159.75	160.00	159.50	160.25	159.75	160.50	164.75	165.25	164.75	163.50	162.75	162.00	162.00	162.00	162.50	163.25	162.75	162.75	164.00	164.00	163.50	163.00	162.75	163.00	162.25	162.00	160.00	159.50	159.25	159.25	159.75	159.75	160.50	160.00	159.75	160.75	161.00	160.50	159.50	158.50	158.75	160.00	160.25	159.75	159.25	158.25	157.75	156.75	156.25	155.25	154.25	154.50	155.25	155.75	152.00	148.25	146.50	145.75	145.00	145.00	145.25	145.00	145.00	143.75	147.00	151.75	153.25	153.75	154.00	154.00	153.75	153.00	152.00	150.75	149.00	147.75	147.75	148.75	150.50	150.00	150.25	150.00	149.25	148.25	146.75	145.50	144.25	143.25	143.25	142.00	141.75	143.00	142.75	142.75	142.50	142.00	141.00	141.00	141.00	141.00	140.00
155.50	159.50	167.00	169.50	171.75	171.75	171.75	170.50	171.75	173.00	172.75	169.50	170.50	169.25	169.50	170.75	171.50	172.25	173.00	177.50	175.00	174.75	176.50	176.50	177.50	177.50	176.00	174.50	174.50	175.25	175.25	173.75	173.50	174.75	173.50	174.25	172.25	171.50	170.50	170.75	170.75	171.50	170.75	170.00	169.00	168.00	167.50	168.50	168.50	169.00	169.25	169.25	169.25	169.75	171.00	170.25	170.50	170.50	170.00	169.75	170.75	172.00	173.25	174.50	176.00	177.25	179.00	182.50	185.50	188.75	189.75	189.75	187.50	190.00	192.50	193.50	192.50	188.75	184.50	185.75	187.50	191.25	182.75	178.50	178.00	177.75	178.75	179.50	180.25	181.25	180.75	179.75	176.00	174.25	171.25	169.50	162.50	156.00	154.25	161.25	168.25	171.00	178.00	182.75	183.00	181.00	178.25	175.00	173.00	172.00	170.75	169.25	167.00	164.75	162.50	161.50	159.75	159.25	158.50	157.75	156.25	156.00	154.75	154.75	155.25	160.00	161.75	162.50	161.50	162.25	162.00	162.25	162.50	162.50	163.25	163.25	164.50	165.50	166.25	166.50	167.75	168.00	167.75	168.00	167.25	166.75	166.50	166.00	166.50	167.25	166.75	166.50	164.75	164.00	163.00	161.50	162.25	161.50	161.25	161.00	160.75	161.75	163.25	165.00	166.25	164.75	164.75	164.50	164.25	165.00	164.25	164.00	164.25	165.50	165.50	165.00	164.50	164.25	164.00	163.00	162.75	161.75	161.00	160.25	160.50	161.50	160.75	161.25	161.50	161.50	162.00	162.25	161.00	160.50	158.75	159.50	160.00	160.00	159.75	160.75	160.00	159.50	158.25	157.25	157.25	154.25	153.75	154.25	149.75	148.75	147.75	147.25	146.25	146.00	145.75	145.75	146.50	148.50	151.25	154.75	155.50	155.75	155.75	155.75	155.50	155.00	155.50	155.25	154.75	151.00	149.50	150.00	152.00	151.50	150.75	149.75	149.00	148.00	146.50	146.00	145.50	145.25	144.50	144.25	143.50	143.50	145.00	144.50	144.25	143.75	143.00	142.00	141.50	141.25	141.00	139.75
153.50	158.50	168.00	172.00	172.00	172.00	172.00	173.00	173.50	173.50	172.50	170.50	171.50	171.50	170.50	170.50	174.50	173.00	174.50	176.50	178.00	176.50	175.50	178.00	177.50	176.00	175.00	176.00	175.50	176.50	176.00	176.00	174.00	175.00	173.50	172.00	171.00	170.50	170.00	169.50	170.50	170.00	170.00	169.50	169.00	169.00	169.00	168.50	168.50	169.00	169.50	169.50	170.00	170.50	170.00	170.50	170.50	171.50	171.00	170.00	172.00	173.50	177.00	178.50	176.50	178.50	183.00	184.00	186.00	188.00	189.00	189.50	191.50	195.00	196.50	198.00	194.00	189.00	189.50	190.50	193.50	195.50	188.50	183.00	181.50	182.00	183.00	182.00	183.00	182.50	181.50	180.00	174.00	169.50	160.50	156.00	149.50	149.00	149.00	153.50	162.50	171.00	178.00	182.50	183.00	182.00	179.50	176.50	175.00	172.50	171.00	169.50	168.00	166.50	164.00	162.00	161.00	160.00	161.00	159.50	160.50	163.00	162.00	162.50	162.50	163.00	163.00	162.50	162.00	163.00	163.00	163.00	163.50	164.50	166.00	166.50	167.50	169.00	169.50	170.50	171.00	171.00	171.00	171.00	170.00	169.50	169.00	169.00	169.50	169.50	168.00	167.50	166.50	167.00	165.50	163.50	163.50	163.00	162.50	162.00	162.00	161.00	161.50	165.00	166.50	165.50	165.00	165.50	166.50	166.00	166.00	165.50	165.50	166.00	166.00	166.50	166.00	164.50	165.00	164.00	164.00	163.00	162.50	161.50	161.50	162.00	161.50	162.00	162.00	162.00	163.00	162.50	161.50	161.00	161.00	160.50	160.00	160.50	160.00	161.00	161.00	160.00	158.50	159.50	159.50	159.00	154.50	152.50	148.00	148.00	147.50	147.50	147.00	147.50	148.00	149.00	150.50	153.00	156.50	157.00	157.00	156.00	156.50	157.00	157.00	156.00	156.00	156.00	155.50	153.00	152.00	154.00	153.50	152.00	150.00	149.50	147.50	147.00	146.00	146.00	146.00	146.00	145.00	145.00	144.50	145.00	146.00	146.00	145.50	144.00	143.50	142.00	143.00	141.00	141.50	136.50
153.50	159.25	167.75	173.25	174.00	173.00	171.25	174.00	173.75	173.00	173.00	171.00	170.25	171.75	172.00	172.00	173.50	175.25	175.50	177.50	179.50	177.50	176.75	177.75	177.25	177.00	175.75	174.75	176.75	175.75	176.25	177.25	175.25	174.50	173.50	172.75	171.00	170.50	169.50	169.25	170.75	169.50	169.50	169.50	169.00	169.25	169.25	169.50	169.25	169.50	169.75	170.75	171.00	170.75	171.00	171.25	171.25	172.25	171.25	171.50	172.75	174.75	175.50	176.25	177.50	178.75	180.25	182.75	185.25	187.75	191.00	193.75	196.25	198.75	199.75	200.25	195.00	192.25	194.50	196.00	197.50	198.50	194.25	189.75	187.25	186.75	186.50	185.25	185.00	184.25	183.50	181.50	172.50	166.25	161.25	160.25	155.00	150.75	149.00	152.00	162.25	171.25	178.00	183.00	184.00	182.50	180.25	177.00	174.50	172.75	171.25	169.75	168.50	166.75	165.50	164.00	162.00	163.25	162.75	162.00	164.75	166.50	165.75	164.25	164.00	164.00	164.00	164.00	164.25	164.50	164.75	165.00	166.00	167.00	168.75	169.75	171.00	172.50	173.00	174.00	173.75	173.25	173.50	172.75	172.25	171.50	171.50	171.25	171.50	171.00	169.00	168.25	167.50	167.50	166.75	165.00	164.50	164.75	165.50	165.25	164.50	165.75	166.25	165.75	167.00	167.00	166.50	167.00	167.25	167.50	167.25	166.25	166.75	166.25	166.75	166.00	166.25	165.50	165.00	164.25	165.00	164.00	163.75	163.00	162.50	162.75	162.50	162.75	162.50	162.75	164.00	163.00	162.25	162.00	162.50	163.00	162.75	160.75	160.75	160.75	161.25	160.50	159.75	161.00	160.50	158.25	153.50	150.00	148.25	148.00	148.50	149.50	151.25	153.00	152.50	152.25	155.00	157.25	157.00	157.25	157.00	157.00	157.25	157.75	157.25	157.00	156.00	156.00	156.25	155.25	154.25	153.75	152.25	151.00	149.00	148.00	147.50	146.50	146.00	145.75	145.00	144.75	145.00	144.25	145.00	145.75	146.25	146.00	145.50	144.25	143.50	143.00	143.00	141.00	139.00	129.75
153.00	159.50	168.50	172.00	174.00	173.50	172.50	173.50	173.50	171.00	171.50	171.00	171.50	174.50	173.50	172.50	174.50	174.00	177.00	176.00	177.50	179.00	175.00	176.00	177.00	176.00	175.50	175.00	175.00	175.50	178.00	176.50	176.00	174.00	172.00	171.50	171.00	171.00	169.50	169.00	170.50	170.00	170.00	170.00	169.50	169.50	170.50	171.00	170.50	170.00	171.50	171.00	171.00	171.00	171.50	172.00	172.50	173.00	172.00	173.50	173.00	175.50	176.50	176.50	177.50	179.50	181.00	184.00	186.00	189.50	193.00	197.00	199.50	202.50	202.50	202.50	197.00	195.50	199.50	202.00	203.00	203.00	199.50	198.50	197.00	193.50	191.50	190.00	189.00	187.50	188.00	186.00	179.50	174.50	165.00	163.00	158.00	154.00	152.00	156.00	165.00	174.00	180.50	184.50	184.50	183.00	180.50	176.50	174.50	173.50	172.00	171.00	169.00	167.50	166.50	164.50	164.50	165.00	165.50	164.50	165.50	167.50	166.00	166.00	166.00	167.00	166.50	166.50	166.00	167.50	168.00	168.50	170.00	170.50	173.00	174.50	175.50	176.50	176.00	176.00	176.00	175.00	174.50	174.50	174.00	173.00	173.00	172.50	172.00	171.00	169.00	170.00	169.50	169.00	167.50	166.50	166.00	166.00	167.00	166.50	166.50	166.00	166.50	168.00	168.50	169.00	168.50	169.00	169.00	168.50	168.00	168.00	167.00	167.00	167.00	166.00	166.00	165.50	166.00	166.00	166.00	165.00	164.50	164.00	163.50	164.00	163.50	163.00	164.00	163.50	164.50	163.00	164.00	164.00	163.50	163.00	162.00	163.00	163.00	162.00	162.00	160.50	159.00	157.50	155.00	152.50	150.50	149.50	148.50	149.00	150.50	153.50	154.50	155.00	154.00	157.00	158.50	158.50	158.00	157.50	157.50	158.00	158.00	158.50	158.00	158.00	156.00	156.50	156.00	156.00	155.00	153.50	152.50	149.50	148.50	148.00	147.50	146.50	146.00	145.50	144.50	144.50	144.00	144.00	144.00	145.00	146.50	146.00	145.50	144.50	143.50	143.00	143.00	139.00	135.50	124.00
154.50	160.75	167.75	172.50	173.00	172.25	173.25	173.75	173.00	172.25	173.75	172.00	172.50	173.00	173.25	173.50	174.75	175.25	177.25	179.00	176.50	176.75	177.00	178.00	176.25	176.00	175.50	177.25	175.00	176.50	176.50	175.25	174.75	173.25	172.75	171.50	171.25	170.50	170.00	170.00	170.00	170.00	170.50	170.50	170.75	172.00	171.75	171.25	171.50	170.75	171.50	171.50	171.50	171.50	171.25	172.25	172.00	172.25	172.50	174.00	174.00	175.50	176.25	177.00	178.25	180.25	181.25	184.75	186.25	189.00	194.00	198.50	203.25	205.00	205.25	202.75	199.75	198.75	201.25	205.00	207.50	207.50	210.25	217.25	214.50	203.75	199.50	196.50	197.00	198.25	204.00	205.25	213.25	217.75	180.50	169.75	161.75	160.25	162.50	164.50	171.50	177.75	181.25	183.50	184.00	182.50	180.25	176.75	176.25	174.50	172.50	170.75	169.25	169.00	166.75	167.00	167.50	167.50	167.50	167.25	167.25	168.50	168.00	168.75	169.25	169.00	169.00	169.00	169.75	170.50	171.50	171.75	173.25	173.75	177.25	178.75	180.25	180.00	179.25	178.75	177.75	176.50	176.25	175.75	174.75	173.75	173.25	172.50	171.50	170.75	170.50	171.50	171.00	170.50	170.00	167.75	167.75	168.00	168.00	167.00	166.75	166.75	167.00	167.75	168.25	169.75	169.75	170.00	168.75	169.50	169.00	168.75	168.50	168.25	167.75	167.00	167.50	166.50	166.75	167.75	167.50	166.50	165.75	165.00	165.25	165.00	164.75	164.50	164.25	163.75	164.00	163.75	164.50	165.50	165.25	163.75	163.00	164.25	162.50	162.00	162.00	160.75	158.25	156.00	154.00	152.00	150.25	149.00	150.00	152.75	155.75	155.75	156.75	157.00	158.25	159.50	159.25	159.25	158.25	158.25	158.75	159.00	158.50	159.00	158.00	157.75	156.50	156.75	156.25	155.00	154.25	153.50	151.75	149.25	149.50	148.00	147.75	147.00	146.50	146.25	145.50	145.50	144.50	144.00	144.50	144.75	146.50	146.25	145.50	143.75	143.00	142.75	141.00	135.50	130.50	122.75
160.50	167.00	170.25	171.75	172.25	174.00	174.00	173.75	173.00	172.75	171.25	171.25	172.25	174.75	175.50	175.75	176.00	177.00	176.25	176.75	174.25	175.00	175.00	175.25	176.25	177.50	177.00	175.50	175.50	175.25	174.50	175.25	176.25	174.00	172.75	171.75	171.25	171.00	170.50	170.00	170.50	170.75	171.50	171.75	172.25	172.50	172.00	172.00	172.00	172.00	171.75	172.50	172.00	171.50	171.25	172.75	173.75	173.50	174.00	173.75	174.75	175.75	176.50	178.00	179.50	181.25	182.25	184.50	186.00	190.75	193.00	199.00	205.25	206.75	205.75	202.75	201.75	203.00	205.50	209.50	211.25	213.25	229.50	241.00	227.75	212.75	207.75	204.25	206.50	210.75	221.50	224.00	238.50	286.50	230.50	197.25	176.75	173.75	174.00	175.25	179.25	181.50	183.00	183.75	184.00	182.50	181.25	178.25	175.50	174.50	172.75	172.25	170.50	169.25	170.00	171.50	171.25	171.00	171.50	171.25	171.25	171.25	172.75	172.50	172.75	173.25	173.25	173.75	174.50	175.75	176.25	177.25	178.25	179.50	182.00	182.75	184.00	183.75	183.25	182.00	180.75	179.00	178.00	177.00	176.00	175.50	174.50	174.00	172.25	171.50	172.00	172.00	172.00	171.50	171.00	169.75	169.50	169.50	169.00	168.75	169.25	168.75	169.50	169.50	170.25	171.00	171.50	171.50	170.00	170.25	169.25	169.75	169.75	169.00	169.25	168.75	168.75	168.50	168.50	167.25	167.25	166.50	166.25	166.50	166.50	166.50	165.50	164.75	165.50	165.25	165.25	165.25	166.50	166.25	166.75	166.00	165.25	164.50	163.50	162.75	162.75	162.75	158.50	154.00	152.25	151.50	150.50	150.50	154.75	157.50	158.50	159.00	159.00	160.25	160.75	160.75	160.25	159.75	159.50	159.00	159.25	159.00	159.00	158.50	158.00	157.50	156.50	156.75	155.50	155.00	154.25	152.50	151.25	149.75	149.50	148.25	148.00	147.25	147.25	148.50	148.00	148.00	147.00	147.00	145.25	145.75	146.75	146.75	146.00	144.50	143.75	142.25	139.25	133.00	128.25	121.50
164.75	170.25	172.00	172.25	172.00	174.75	174.25	174.00	172.75	171.75	171.25	171.25	172.50	175.75	176.50	176.50	175.25	176.75	176.50	175.50	174.75	177.00	175.75	176.25	176.25	176.25	176.75	175.25	175.75	175.00	174.25	174.00	175.00	173.25	172.75	171.75	171.25	171.25	170.75	170.50	170.75	171.25	171.25	172.00	172.00	171.75	171.75	171.50	171.25	171.75	171.75	172.50	171.75	171.25	172.00	173.75	174.00	173.50	174.50	174.75	175.25	176.75	177.50	179.00	180.50	181.25	182.75	184.50	186.75	192.00	194.00	199.25	204.50	206.75	205.75	204.75	204.75	206.75	210.75	212.25	213.75	217.25	232.50	236.25	228.25	218.75	213.25	208.75	210.00	213.00	219.25	225.75	242.00	261.75	228.25	204.50	191.75	184.75	182.75	183.00	184.25	185.25	185.50	185.00	184.50	183.50	182.25	179.25	176.50	175.50	173.25	173.00	172.25	171.75	172.50	173.50	173.75	173.50	174.50	174.75	174.00	174.75	175.75	175.75	175.75	176.75	176.75	177.75	178.75	179.50	180.25	181.00	182.00	182.00	182.50	182.75	184.00	183.75	183.50	182.75	182.25	181.25	180.50	179.00	178.25	177.50	176.25	174.75	173.25	173.00	173.00	172.50	172.25	172.00	171.50	171.00	170.75	170.75	170.75	169.75	170.00	170.50	170.75	170.25	171.00	171.75	172.75	172.50	171.50	171.25	170.00	171.00	170.75	170.75	170.75	171.00	170.75	169.50	169.25	167.75	167.50	166.50	167.00	167.50	167.50	167.25	166.25	166.00	166.25	166.00	166.25	166.25	167.25	166.75	167.50	166.75	165.75	164.50	164.25	164.00	163.75	163.00	158.50	154.00	152.00	151.50	152.50	153.50	157.75	159.75	160.25	161.00	161.00	162.00	162.00	161.25	160.75	160.50	160.50	159.75	159.75	159.50	159.25	159.00	158.50	157.75	157.25	156.75	155.50	154.75	154.00	152.50	151.25	150.50	149.50	148.25	147.50	146.00	145.25	148.50	149.75	149.25	150.00	149.75	147.50	147.50	147.50	147.50	147.25	146.00	145.00	144.00	140.75	133.25	127.50	121.00
167.75	171.50	174.00	172.00	172.75	174.75	174.25	174.00	173.25	172.25	173.25	173.50	173.25	176.25	177.00	177.00	176.75	176.75	177.00	176.50	175.25	177.25	176.75	177.00	177.00	176.25	175.25	174.50	175.50	176.00	174.25	174.25	173.75	172.75	172.50	172.00	171.50	171.00	171.00	171.00	171.00	171.25	171.50	172.00	172.00	171.75	171.50	170.75	170.25	171.50	171.75	172.00	171.75	172.00	173.25	174.00	173.75	173.25	174.75	175.50	176.00	177.50	178.75	180.25	181.00	181.75	183.00	185.00	187.00	192.00	195.00	199.25	203.75	206.25	206.25	207.75	209.00	211.50	215.25	215.50	215.75	219.50	229.00	229.75	227.00	223.25	218.75	213.25	213.50	214.50	222.00	230.00	237.75	236.50	216.50	207.25	199.75	192.50	189.50	189.00	188.50	188.25	187.75	186.50	185.25	184.00	182.50	179.25	177.50	175.75	174.00	173.75	174.00	174.50	175.50	176.00	176.50	176.25	177.00	178.00	177.75	178.25	179.00	179.50	179.50	180.50	181.25	182.00	183.25	183.75	184.50	184.00	184.25	183.50	181.50	181.25	183.00	183.25	183.00	183.25	183.75	182.75	182.50	181.25	180.50	179.25	177.75	175.75	174.50	174.50	174.25	173.50	173.25	172.75	173.00	172.50	172.25	171.50	171.75	170.75	171.00	172.00	171.50	171.00	171.50	172.25	173.00	172.75	172.00	171.25	171.25	172.00	171.75	172.00	172.75	172.75	172.50	171.00	169.75	169.00	168.50	167.75	168.00	168.50	168.50	167.50	167.25	167.25	167.00	166.75	167.00	166.75	167.75	167.50	168.00	167.00	166.25	165.00	165.00	165.50	164.50	163.25	158.25	153.00	152.75	152.50	154.50	156.50	160.00	161.50	162.25	161.75	162.50	163.25	162.50	161.75	161.50	161.00	161.00	160.75	160.25	160.50	159.75	159.75	159.50	158.25	157.25	157.00	155.75	154.25	153.75	152.50	152.00	150.75	149.50	149.50	149.00	145.75	143.00	146.75	150.75	150.50	152.00	151.25	149.50	149.00	148.75	148.25	148.25	147.25	146.50	145.50	142.25	133.50	127.75	122.50
170.00	173.00	174.25	172.75	173.75	174.75	174.00	174.00	173.50	173.25	174.00	173.50	174.00	178.00	178.50	177.75	177.25	178.00	178.25	177.50	176.00	176.75	176.75	177.25	178.00	176.00	174.50	174.00	174.50	175.75	174.00	174.00	173.50	173.00	172.25	172.25	172.00	171.50	171.75	171.50	172.00	172.00	172.75	172.50	172.50	171.75	171.25	170.50	170.25	171.00	171.50	172.50	172.50	173.00	173.75	174.00	174.00	173.75	174.75	176.00	177.00	177.25	179.25	181.00	181.75	182.50	183.00	185.00	186.00	190.50	194.25	199.00	203.75	206.75	209.25	209.75	211.50	214.50	215.25	215.75	216.00	219.50	225.25	224.75	223.75	224.75	222.25	219.00	218.75	219.50	227.25	231.75	230.50	225.75	214.50	208.50	201.75	195.75	192.50	191.50	190.50	189.75	188.50	187.25	186.00	183.50	181.50	179.25	178.25	177.25	176.25	176.00	176.25	177.25	178.00	178.75	179.50	179.00	180.00	181.25	182.25	182.50	183.25	183.75	184.25	186.00	186.50	187.50	188.50	189.50	190.25	188.50	186.75	185.50	184.00	183.25	183.75	184.00	184.00	183.75	183.75	183.00	183.00	182.50	181.75	180.50	179.25	177.50	176.00	175.75	175.50	175.50	175.25	174.75	174.75	173.50	173.75	173.75	173.25	171.50	171.50	172.00	172.00	171.75	172.25	172.75	173.50	173.00	173.00	172.50	172.25	172.75	172.75	172.75	173.00	173.00	172.50	172.00	171.50	171.25	170.50	169.75	169.75	169.75	169.50	168.50	168.25	168.25	167.75	167.75	167.75	167.75	168.00	168.50	168.00	167.25	167.00	166.00	166.00	166.00	165.00	162.00	156.75	153.25	153.25	153.50	156.50	159.50	161.75	162.50	163.25	162.75	163.25	164.00	164.00	163.00	163.00	162.50	162.00	162.00	161.75	162.00	161.00	160.50	160.25	159.00	157.75	157.50	156.50	154.50	153.50	152.25	152.50	151.00	150.50	151.25	150.75	149.00	147.00	148.75	152.00	152.50	152.50	151.50	150.50	150.00	149.50	149.25	149.25	148.25	147.25	146.50	144.00	135.00	129.50	124.50
171.50	175.50	174.00	173.50	174.50	175.00	174.00	173.50	173.00	173.50	174.00	172.50	175.00	180.00	180.00	178.00	176.00	178.00	178.00	177.00	176.50	177.00	176.50	177.50	178.00	175.50	174.50	174.00	174.50	174.50	174.00	173.50	173.50	173.00	172.00	172.50	172.00	172.00	172.50	172.00	173.00	173.00	173.50	173.00	173.00	171.50	171.00	170.50	170.50	170.50	171.50	173.00	173.00	173.50	174.00	174.00	174.00	174.50	175.00	176.50	177.50	177.00	179.50	181.00	182.50	183.00	183.00	185.00	185.50	189.50	193.50	199.00	203.50	207.00	211.50	210.50	212.50	216.00	214.00	214.50	216.00	219.50	223.00	223.00	223.00	226.50	224.50	223.00	223.00	224.00	228.50	230.00	227.00	221.50	213.50	209.50	203.50	197.50	194.00	193.00	191.50	191.00	189.00	187.50	186.50	183.50	181.00	179.50	179.00	179.50	178.00	177.50	178.50	179.00	179.50	180.50	181.50	180.50	182.50	183.50	185.50	185.50	186.00	186.50	187.50	190.00	190.00	191.50	192.00	194.00	194.50	192.00	189.00	187.50	187.00	186.00	185.00	185.00	185.00	184.00	183.50	183.00	183.00	183.00	182.50	181.50	180.50	178.50	177.00	176.50	176.50	177.00	176.50	176.50	175.50	174.00	175.00	176.00	175.00	171.50	171.50	172.00	172.50	172.00	173.00	173.00	174.00	173.00	173.50	173.50	172.50	173.00	173.00	173.00	172.50	173.00	172.50	172.50	173.00	173.00	172.00	171.00	171.00	170.50	170.00	169.50	169.00	169.00	168.00	168.50	168.50	168.50	168.00	169.00	168.00	167.50	167.50	166.50	167.00	166.00	165.50	161.00	155.50	154.00	153.50	154.00	158.00	161.50	163.00	163.00	163.50	163.50	163.50	164.50	165.00	164.00	164.00	164.00	163.00	163.00	163.00	163.00	162.00	161.00	160.50	159.50	158.50	158.00	157.00	155.00	153.50	152.00	152.50	151.50	151.50	151.50	150.50	151.00	151.00	151.00	153.00	153.50	153.00	152.00	151.00	150.50	150.00	150.00	150.00	149.00	147.50	147.00	145.00	136.00	130.50	125.50
173.50	174.25	173.75	174.75	174.00	173.50	175.50	174.50	173.25	174.50	176.00	174.00	175.75	179.75	177.25	179.25	178.00	178.75	178.25	177.75	177.25	177.75	177.25	177.50	176.75	175.75	175.25	175.00	174.75	174.25	173.50	172.75	172.50	172.25	172.25	172.25	172.25	172.25	172.50	173.00	173.00	173.50	173.50	173.50	172.75	172.00	171.25	170.50	170.00	171.00	172.75	172.75	172.00	173.25	174.25	174.50	174.75	175.00	176.00	177.00	178.00	178.25	179.25	180.50	181.50	182.00	182.50	184.00	185.50	189.25	190.75	196.50	201.75	205.75	208.75	209.25	211.50	212.50	209.25	210.75	213.75	216.75	223.00	226.25	227.00	227.50	226.25	227.00	227.50	230.00	230.75	229.75	223.25	220.75	216.25	216.50	211.00	205.25	196.75	194.25	192.25	191.25	189.25	187.25	186.00	184.50	183.00	181.25	182.25	181.25	181.00	181.00	181.75	182.00	182.75	183.50	183.75	184.75	186.50	188.50	190.25	190.50	190.75	193.00	195.00	197.00	198.75	199.50	201.25	206.00	206.75	203.75	197.50	196.00	193.25	191.50	190.00	188.50	187.75	185.50	184.25	183.00	183.00	183.00	183.00	182.25	181.00	179.50	179.25	178.75	178.25	177.75	178.50	177.50	176.50	176.25	176.50	176.00	176.00	175.00	173.50	172.50	172.25	173.00	173.25	173.75	173.75	174.75	173.50	174.00	174.00	173.50	173.25	173.25	173.00	173.25	173.25	173.00	173.75	173.50	173.25	172.25	172.00	171.75	172.25	171.75	170.25	169.75	169.50	169.00	169.00	169.25	169.50	169.50	168.25	167.50	167.00	167.50	167.00	166.00	163.50	159.75	155.50	154.75	154.75	155.50	159.25	162.00	163.50	164.75	164.50	164.50	163.75	165.00	165.25	165.25	165.25	164.50	164.25	164.00	164.00	163.00	162.25	161.50	159.25	159.25	159.00	158.50	157.00	155.75	154.25	153.50	152.50	152.50	152.75	152.00	152.25	153.00	152.75	154.25	155.00	154.25	153.00	152.75	152.00	151.25	150.75	150.00	150.00	149.50	148.75	147.00	145.50	138.25	133.25	128.00
174.50	173.25	174.25	175.25	176.50	174.50	175.00	174.75	173.75	174.50	177.00	176.00	177.50	181.00	179.75	179.75	179.00	179.00	180.00	177.00	177.25	177.25	176.75	176.50	176.25	175.50	175.50	175.50	175.25	174.50	173.25	172.75	172.00	172.25	172.75	172.75	172.75	172.25	172.25	173.00	173.25	173.25	173.75	173.50	173.25	172.75	172.00	171.75	172.00	171.50	172.50	173.00	171.75	174.75	176.00	176.25	176.50	176.75	178.00	178.75	179.00	181.25	181.25	181.50	182.50	183.25	183.50	184.00	185.25	186.25	187.25	190.75	195.00	197.25	201.50	204.75	206.75	207.50	208.25	210.75	215.00	218.75	225.25	228.00	230.00	228.50	228.00	232.75	233.75	233.50	231.50	228.00	220.50	218.50	217.25	220.50	213.50	207.00	200.75	196.50	194.00	191.75	189.50	188.50	187.50	185.50	184.50	184.50	184.50	184.50	185.00	185.75	186.50	186.50	187.25	188.75	190.00	192.25	196.25	199.50	200.75	201.75	203.75	207.50	207.25	208.25	211.25	212.50	217.00	232.50	229.25	219.50	211.25	207.50	203.00	201.50	197.50	194.75	193.25	190.50	187.50	183.75	183.25	182.75	183.00	182.50	181.75	181.00	180.75	180.25	179.50	178.75	179.00	178.75	178.25	178.00	177.25	177.00	176.75	176.50	175.25	175.00	174.00	173.75	173.75	173.25	173.00	173.00	173.75	174.25	175.25	174.50	174.50	175.00	173.50	172.50	172.25	172.75	172.75	172.75	173.25	173.25	172.75	172.50	172.00	170.75	170.00	170.25	170.00	170.25	170.25	170.25	170.00	170.25	169.50	169.25	168.50	167.00	166.25	166.00	162.50	159.00	155.50	155.25	155.75	156.50	160.25	163.25	164.50	165.75	166.25	165.25	165.75	166.50	167.00	166.50	166.25	166.00	165.25	164.75	163.25	163.00	161.50	161.25	159.25	159.00	158.75	158.25	156.50	155.00	154.75	154.25	154.50	154.50	153.75	153.50	154.00	154.50	154.75	155.75	155.00	154.50	153.75	153.25	152.25	152.25	151.25	151.25	150.50	150.75	148.75	147.00	144.75	138.00	133.75	130.75
174.25	173.00	173.50	175.50	177.00	175.25	175.50	174.75	174.50	176.00	177.50	177.00	179.00	181.25	181.00	180.25	179.25	178.25	181.00	177.00	177.00	177.00	176.50	176.00	175.50	175.75	175.50	175.00	175.00	174.25	173.75	172.75	172.50	172.75	173.00	173.00	173.25	173.00	172.50	173.00	173.25	173.50	173.75	174.00	173.75	173.50	172.50	172.75	172.75	172.50	172.25	171.75	170.50	174.00	176.00	176.50	177.50	178.25	179.25	179.25	180.75	184.50	183.25	183.00	184.25	185.75	186.00	186.25	187.25	187.50	187.75	188.00	191.00	195.00	200.00	204.25	207.00	208.75	210.50	212.00	216.75	221.75	225.00	225.75	227.25	229.75	230.75	234.50	236.00	236.50	233.50	229.75	219.50	217.25	214.75	213.25	211.50	205.75	200.50	197.25	194.25	192.50	190.50	189.25	188.00	186.50	185.50	186.00	186.00	186.00	187.25	187.75	188.25	189.00	190.25	192.50	195.75	199.00	202.25	204.75	205.50	207.25	210.00	213.25	213.25	214.00	216.75	218.75	223.00	237.00	236.25	224.00	215.00	211.75	208.50	205.75	200.75	198.00	197.25	193.25	190.00	185.75	184.25	183.50	182.75	182.50	182.00	181.50	181.25	180.25	179.75	179.25	179.00	179.25	179.00	178.75	178.25	178.00	178.25	177.75	176.75	175.75	174.50	174.50	173.75	174.00	174.50	175.25	174.75	176.00	175.50	173.00	175.00	174.50	173.50	172.25	172.75	172.25	172.50	173.25	173.25	173.25	172.75	172.50	172.00	171.25	170.50	170.75	170.00	170.50	170.00	170.75	170.50	170.50	170.25	170.25	168.75	167.75	167.00	166.00	161.75	159.00	156.00	155.00	156.25	157.50	161.25	163.50	165.50	166.00	166.25	166.25	166.75	167.50	167.25	167.00	166.75	166.00	165.00	164.00	163.00	163.00	162.00	161.25	160.25	160.00	158.50	158.00	156.50	155.50	155.75	155.25	155.00	154.75	154.25	154.75	155.25	155.25	155.25	156.00	155.25	154.75	154.50	154.00	152.75	152.75	152.25	151.50	150.75	150.00	147.75	145.25	142.25	136.75	134.25	132.25
174.50	173.50	172.75	174.25	175.75	175.25	175.50	175.25	176.00	176.75	177.00	179.00	179.75	179.75	180.50	181.25	182.00	181.75	177.75	180.25	177.75	176.75	176.50	176.00	175.75	175.25	175.00	175.00	174.25	174.00	174.00	174.00	174.00	174.00	174.75	174.75	174.50	173.50	173.75	174.25	174.50	175.25	174.75	174.75	174.75	174.25	174.25	174.25	174.00	173.50	172.25	171.75	172.00	174.25	176.00	178.50	181.00	182.25	183.00	185.00	184.00	188.25	189.00	187.75	189.25	190.00	189.75	190.00	190.50	191.00	190.75	190.25	192.50	198.00	202.00	203.50	206.75	210.50	213.25	213.75	218.25	223.50	223.25	223.00	225.75	229.75	232.50	235.75	236.25	235.00	234.50	227.50	217.50	213.00	210.75	207.50	204.25	202.25	201.00	198.50	196.50	194.00	192.00	191.25	190.50	189.25	188.50	189.50	190.75	190.75	192.00	192.75	193.75	196.50	201.75	203.50	207.75	210.25	210.25	210.50	212.75	217.00	219.50	224.25	223.50	223.25	224.25	227.25	230.75	234.75	236.25	231.25	223.50	220.25	216.25	213.00	209.25	208.25	206.50	199.50	194.75	190.00	187.25	185.50	184.75	184.00	182.75	182.00	181.00	180.75	180.75	180.50	181.25	181.00	180.75	181.00	181.00	180.75	179.75	178.75	178.25	177.50	177.25	177.25	175.75	177.00	177.75	177.75	177.00	177.00	176.00	174.75	175.75	175.25	174.25	174.75	174.75	173.00	173.00	174.00	174.00	173.25	172.50	172.00	172.50	171.75	170.75	170.75	170.00	170.00	170.50	170.75	171.25	171.25	171.00	170.75	169.00	169.50	168.50	164.75	161.50	159.00	156.50	156.00	157.25	159.75	164.75	166.75	167.50	167.50	167.00	167.00	167.75	168.50	168.25	166.25	165.50	164.50	163.00	163.25	164.25	164.75	164.50	163.25	160.75	160.25	159.25	158.50	157.00	156.50	156.25	157.75	157.50	155.25	155.75	155.75	156.50	155.00	155.50	155.75	155.75	156.00	155.75	155.25	153.50	153.00	151.75	151.25	149.75	147.00	141.25	137.75	136.00	137.75	136.75	133.00
174.75	174.50	174.00	175.00	177.25	175.50	175.00	175.75	176.00	176.50	177.75	180.00	179.00	178.75	179.75	180.00	178.75	179.75	178.00	180.50	178.75	176.75	176.25	176.25	176.00	175.25	175.25	174.75	174.00	173.75	174.00	174.25	174.75	175.75	176.00	176.00	176.00	175.50	176.25	176.50	177.50	176.75	175.75	175.75	175.75	175.75	175.25	175.25	175.25	174.50	173.75	173.50	174.50	176.50	178.25	180.50	182.50	184.75	187.75	189.75	188.00	191.00	192.50	192.50	194.50	194.00	192.00	192.50	192.50	192.75	192.50	191.25	193.25	198.75	203.00	205.25	208.75	211.75	214.25	214.75	217.75	221.25	223.00	223.25	226.00	228.50	230.50	233.25	233.25	230.75	228.25	223.00	215.50	211.50	209.50	208.00	204.00	202.75	202.00	200.00	197.50	195.50	194.25	193.50	192.50	192.00	192.75	194.00	197.00	198.00	199.25	198.50	200.75	205.00	209.00	210.00	212.50	213.50	213.75	214.25	216.00	219.75	222.00	226.50	227.50	227.50	228.25	230.25	233.00	235.00	235.50	232.50	228.00	226.50	222.25	219.50	215.25	212.75	208.75	201.75	198.25	194.00	191.75	188.75	186.75	185.75	184.00	183.00	182.00	182.25	182.25	182.00	183.00	182.00	182.00	182.25	181.25	181.00	180.25	179.50	179.00	179.00	178.75	179.00	178.25	178.00	178.25	178.25	177.50	178.00	177.25	176.25	176.50	176.50	176.00	176.00	175.25	174.25	174.25	174.00	174.25	173.75	173.25	172.50	172.50	172.25	171.25	171.00	170.50	170.25	170.50	170.75	171.00	171.25	170.75	171.00	170.25	170.00	169.25	164.25	161.50	159.00	156.75	157.25	160.00	162.25	167.00	168.75	169.00	168.75	168.00	167.75	168.75	169.25	167.25	165.50	164.50	164.00	163.25	163.75	164.75	164.75	164.50	163.50	161.25	160.25	158.50	158.25	157.25	157.00	156.75	158.00	157.50	157.00	157.50	157.50	156.75	156.00	157.00	156.50	156.00	156.00	156.00	155.75	154.50	153.25	151.25	150.25	148.25	144.50	139.00	136.00	135.25	135.75	133.50	128.25
174.25	175.00	176.50	176.00	177.50	176.50	177.00	176.25	176.25	176.50	177.50	180.25	178.50	178.50	179.50	178.50	176.75	177.50	178.25	178.25	178.25	177.00	176.00	176.00	176.25	175.75	175.50	174.75	174.00	173.75	174.50	174.75	175.75	177.25	177.75	178.00	177.75	177.50	178.25	178.50	179.75	178.25	176.75	176.75	177.00	176.75	176.50	176.50	176.75	175.50	175.75	176.50	177.75	179.50	180.75	182.50	184.50	187.75	192.00	194.00	192.75	195.25	195.75	196.50	199.00	197.75	195.00	195.25	195.00	194.50	194.00	192.25	194.25	200.75	205.00	207.50	211.00	213.00	215.25	216.00	218.00	219.75	224.75	225.75	226.50	228.00	229.00	229.75	230.00	227.00	221.75	218.75	215.00	211.75	209.00	208.00	204.50	203.25	202.00	201.00	198.25	197.00	196.50	195.50	194.00	195.75	199.00	201.50	204.75	207.00	207.50	204.50	207.75	211.50	214.50	215.25	215.50	215.50	216.50	216.50	218.00	220.00	223.25	227.50	229.50	230.25	231.75	232.75	233.50	234.50	235.00	232.75	231.00	231.50	227.50	225.00	219.75	215.50	210.50	204.50	201.50	198.75	196.50	191.75	190.00	188.25	186.00	184.50	183.50	183.25	183.00	183.25	184.25	183.50	182.75	182.25	181.00	181.00	180.75	180.50	180.00	180.25	180.50	180.50	179.75	178.50	178.50	178.25	178.25	178.75	178.25	178.00	177.75	177.50	177.25	176.75	175.50	175.50	175.00	174.25	175.50	175.00	174.50	173.75	172.75	173.00	172.00	171.50	170.75	171.00	171.25	171.00	170.50	171.00	170.50	171.00	171.00	170.50	169.75	164.75	162.00	159.00	157.25	159.50	163.50	165.25	169.50	170.50	170.25	169.75	168.50	168.75	169.75	169.50	166.50	165.00	164.25	164.00	164.00	164.00	164.75	164.25	163.75	163.00	161.50	160.00	158.25	158.00	158.00	157.75	157.75	157.75	157.25	158.75	159.75	159.50	158.75	158.25	158.25	156.75	155.50	155.75	156.00	156.00	154.50	152.75	148.50	148.00	147.50	143.00	138.50	135.25	134.50	131.25	127.75	122.25
175.75	175.75	178.00	178.25	176.75	176.50	178.25	176.50	177.25	180.25	179.00	180.25	179.25	180.50	179.00	180.00	179.00	178.25	177.75	177.00	177.00	177.00	176.00	176.50	177.00	177.00	176.25	176.00	175.50	175.75	175.25	175.75	176.75	178.25	179.25	179.25	180.00	179.75	179.50	179.50	180.00	179.50	177.50	177.50	177.75	176.75	175.50	175.75	178.25	177.50	180.00	181.50	181.50	182.25	183.75	186.75	188.00	190.25	195.00	196.75	198.25	199.00	199.75	200.50	201.00	200.50	197.75	197.75	197.25	196.75	196.25	194.25	196.25	203.25	209.00	211.25	213.25	213.75	215.50	216.50	220.75	223.50	228.00	228.00	227.75	229.00	229.25	228.00	226.75	223.75	218.50	216.75	215.75	213.00	208.75	207.50	206.00	203.50	201.50	202.25	200.50	199.25	198.25	196.75	197.75	202.00	206.75	212.00	212.00	211.50	208.75	209.00	211.50	215.25	217.75	218.00	217.00	217.25	218.00	218.50	219.25	219.25	221.00	225.25	228.25	229.50	230.75	231.75	232.75	234.00	231.75	230.50	230.75	231.75	229.75	227.00	223.25	219.50	215.00	209.75	207.00	204.25	202.00	197.50	195.25	192.50	191.25	189.50	187.00	185.75	184.25	184.25	184.75	184.50	182.00	182.75	183.25	182.75	182.00	182.50	182.25	182.25	182.50	182.25	181.00	181.00	179.75	179.50	179.00	179.25	179.25	178.25	178.00	178.00	177.75	177.25	176.00	175.25	175.75	175.75	175.25	175.25	173.75	174.25	174.00	173.00	174.25	173.25	171.75	171.25	170.75	170.75	171.00	171.50	171.25	171.75	171.75	172.00	170.25	164.00	160.00	158.50	162.00	165.50	167.25	169.00	171.00	171.00	170.50	170.50	169.75	170.00	170.25	168.00	166.00	165.75	165.00	165.00	165.25	165.50	166.25	164.25	162.75	162.25	160.75	160.50	160.75	160.50	160.25	160.25	160.25	160.25	160.50	161.25	162.25	161.50	161.50	160.00	157.75	154.25	152.50	151.50	151.00	150.50	148.75	148.50	145.75	144.75	143.00	139.50	136.25	134.25	134.00	133.00	129.00	128.25
176.75	177.00	178.75	179.00	176.50	176.00	176.75	178.25	177.25	180.50	178.00	178.00	178.00	179.50	179.25	178.50	178.75	179.25	177.75	176.50	177.00	176.75	176.25	177.00	178.00	177.50	176.50	176.50	176.75	177.00	176.50	177.00	177.75	179.00	179.50	180.00	180.50	180.50	180.50	180.75	180.25	180.00	178.75	178.00	177.50	177.25	176.25	177.25	178.25	178.75	182.00	183.50	183.25	184.25	184.75	188.25	189.00	191.75	196.00	197.25	200.25	200.75	202.75	203.25	202.75	202.25	199.75	199.25	198.75	197.00	196.00	195.00	198.00	204.00	208.50	210.50	213.25	215.25	216.50	218.50	222.75	225.00	226.75	226.50	226.00	227.00	227.00	227.00	226.00	222.25	218.00	217.00	214.25	212.25	208.00	207.00	206.00	204.00	201.50	201.75	200.50	199.25	198.25	198.25	200.25	204.25	209.50	214.50	214.00	211.75	209.50	210.75	212.00	215.50	218.00	217.50	217.25	217.75	219.25	220.00	220.00	219.25	221.50	225.25	227.75	228.25	229.50	230.75	231.50	233.00	230.50	228.75	228.75	228.50	226.75	225.25	224.50	221.50	217.75	212.00	208.75	206.75	204.50	200.25	198.00	195.75	194.25	191.25	188.50	186.75	185.00	184.75	185.50	185.75	183.50	184.25	184.50	183.75	183.50	183.75	183.50	183.75	184.00	183.00	182.00	181.50	179.75	178.75	179.25	179.25	179.50	178.25	178.00	177.75	177.75	177.75	176.50	176.25	175.75	176.00	175.50	175.25	174.25	174.25	173.50	173.50	175.00	173.50	172.00	171.25	171.00	171.50	171.75	172.00	171.50	172.25	172.00	171.25	167.75	161.00	159.25	160.00	164.50	168.25	169.00	170.00	171.25	171.00	170.25	170.75	170.50	170.75	170.75	167.50	166.50	166.50	166.25	167.25	166.75	166.75	166.00	164.00	162.25	162.75	162.25	162.25	162.25	162.25	162.00	161.75	161.75	161.50	161.50	162.25	163.00	163.00	162.75	160.75	156.75	152.50	150.75	149.50	148.00	147.50	146.50	146.75	143.75	142.00	140.25	137.50	136.00	136.50	137.25	134.00	129.50	132.50
177.50	176.75	177.50	177.25	176.75	176.75	177.25	179.00	178.50	178.50	179.00	178.75	179.00	179.50	180.75	179.75	179.25	179.75	179.00	177.75	178.00	178.50	178.00	179.75	179.00	178.75	179.75	181.25	182.00	181.00	180.75	181.25	181.00	181.25	182.25	182.25	182.25	182.50	183.00	183.00	183.25	182.25	180.75	179.75	179.75	180.50	181.00	181.50	182.75	186.00	187.75	187.00	188.00	190.00	190.75	190.50	193.00	195.50	199.75	201.75	205.25	206.50	207.25	206.25	206.00	206.50	204.00	200.75	199.00	196.50	196.75	197.00	200.75	204.25	208.00	210.00	213.00	216.25	219.00	222.00	225.75	226.25	225.50	225.25	226.25	226.00	226.25	229.00	226.50	223.50	221.00	217.75	214.25	211.75	208.25	206.50	204.25	203.00	201.00	200.25	199.25	199.00	198.75	200.50	202.75	209.50	212.75	215.50	214.75	213.50	213.25	214.50	213.75	214.50	216.25	217.00	217.25	218.00	220.00	220.50	219.75	220.00	221.00	222.25	222.50	224.75	225.75	226.25	227.50	231.00	229.25	227.25	223.50	222.50	220.25	219.75	220.00	221.50	221.25	216.50	212.50	209.50	208.00	204.75	202.25	199.00	195.75	193.25	190.00	188.00	186.75	186.00	185.75	185.25	185.25	184.75	183.25	181.75	181.25	182.50	184.25	186.50	185.50	184.25	182.75	181.25	179.50	179.75	179.25	177.25	179.75	178.75	178.25	178.25	177.25	177.25	177.50	177.00	177.25	177.00	176.50	175.50	175.75	175.75	174.50	174.50	175.00	174.75	172.50	171.75	172.00	172.00	172.25	173.00	172.75	172.50	172.25	166.00	161.50	160.00	162.75	167.00	170.25	172.00	172.50	172.50	172.25	170.75	171.00	171.75	172.00	172.50	172.50	169.00	168.00	168.75	170.25	169.25	167.00	166.00	165.25	164.75	164.25	164.75	164.75	163.75	162.75	162.00	162.25	162.50	162.75	162.75	163.00	163.25	163.50	163.50	162.25	160.50	156.00	152.50	150.25	148.50	146.25	144.75	141.75	140.75	139.75	138.50	138.50	138.25	139.75	139.75	137.50	133.25	133.00	137.00
176.50	177.00	177.50	181.00	178.50	177.50	179.00	178.50	179.50	179.00	180.00	179.50	179.00	179.50	179.50	181.00	181.50	180.50	179.50	178.50	178.50	179.00	180.00	181.50	177.00	177.00	177.00	179.50	184.00	186.00	184.50	183.00	183.00	183.00	182.50	183.00	182.50	183.50	184.00	185.00	185.00	184.00	183.50	183.50	182.50	183.00	183.00	186.50	189.50	191.50	192.50	190.50	191.50	193.00	193.00	193.50	196.50	199.50	203.00	206.50	207.00	208.00	207.00	204.50	204.00	204.50	204.50	200.00	198.50	197.00	197.00	197.50	199.50	202.00	205.00	206.50	212.50	216.50	220.50	223.50	226.50	228.00	228.00	228.50	227.50	231.00	231.00	230.00	227.50	223.00	222.50	219.50	215.50	213.00	209.50	207.50	204.50	202.50	200.50	200.50	199.50	199.00	199.00	201.50	205.00	211.00	215.00	214.00	215.00	216.50	218.50	218.00	217.50	215.50	217.00	216.50	217.50	218.50	220.00	221.00	219.50	220.00	221.50	221.50	221.00	224.50	226.00	227.00	227.50	228.00	226.50	225.00	222.50	220.50	219.00	216.50	214.50	215.50	215.00	217.00	215.50	211.50	211.00	206.50	204.50	199.50	196.00	193.50	192.00	190.00	188.00	187.50	185.50	184.50	184.00	180.00	176.00	174.50	175.00	176.50	182.00	186.50	185.50	184.00	182.50	182.00	180.50	180.00	178.50	175.00	177.50	178.00	177.50	177.50	177.50	176.50	177.00	177.00	177.00	177.50	177.00	176.00	177.00	176.50	176.50	177.00	177.00	176.50	175.50	174.00	173.00	172.00	173.00	173.00	173.50	172.50	169.50	161.00	160.50	166.00	168.50	170.50	172.00	174.00	174.00	174.00	173.00	172.00	172.00	172.00	173.00	174.00	173.00	170.50	170.50	171.50	170.50	169.50	167.50	166.00	165.00	165.50	165.50	164.50	163.50	163.00	162.00	161.50	161.00	161.50	162.00	162.50	162.00	163.00	163.00	163.00	162.50	161.00	159.00	156.50	153.00	150.00	147.50	145.50	144.00	142.50	141.00	141.00	139.50	139.50	141.00	136.50	134.50	135.50	137.50	140.50
178.50	178.50	179.00	181.00	179.75	179.00	179.50	180.00	181.00	179.75	179.25	182.75	180.50	182.25	182.00	182.25	182.75	180.25	179.75	179.25	179.25	179.50	181.00	177.75	177.00	177.00	177.00	177.00	180.25	186.00	185.25	182.75	183.00	183.50	183.50	183.00	183.25	184.00	185.00	185.50	185.00	185.25	184.25	184.25	183.00	183.00	185.00	188.50	190.25	192.00	193.00	192.00	191.75	193.75	194.75	197.50	201.50	203.50	206.50	207.25	208.00	207.75	207.00	204.75	203.50	205.50	204.00	200.00	197.50	197.25	197.00	197.75	199.25	200.75	202.25	203.75	209.75	215.50	220.75	223.75	225.50	225.50	226.25	226.25	226.25	225.75	225.75	225.25	221.75	220.75	223.00	223.00	218.00	215.75	211.50	208.25	205.00	204.00	202.25	200.50	200.00	199.75	199.75	201.50	205.00	209.75	211.75	215.75	217.25	218.50	220.50	221.00	220.50	220.75	220.75	219.00	217.25	217.25	218.75	221.25	221.00	221.50	222.50	223.75	224.00	225.75	227.25	228.50	227.75	227.00	226.50	224.50	221.00	219.25	216.25	214.75	213.25	212.25	211.75	213.50	213.00	212.25	210.75	208.50	206.50	202.00	198.25	195.50	194.75	192.50	188.75	187.50	184.50	181.75	179.00	175.25	174.00	174.25	174.00	174.75	181.00	186.75	186.00	182.75	181.75	180.75	180.50	180.25	179.75	178.50	177.50	178.25	178.50	178.75	178.25	178.25	178.00	177.75	177.75	178.00	178.00	178.25	178.00	177.50	177.50	177.50	176.75	176.75	175.50	175.25	173.25	174.00	173.50	173.75	173.75	169.50	163.75	161.50	166.50	170.00	172.25	173.75	174.50	174.75	174.50	174.50	173.50	173.50	173.00	173.75	173.75	174.50	174.00	173.00	172.50	171.50	170.25	169.00	168.25	167.25	166.00	165.50	165.50	163.50	163.00	162.75	163.00	161.50	160.25	159.75	160.00	159.75	160.25	161.00	163.75	162.50	161.75	161.50	160.75	159.00	155.50	152.00	149.00	146.75	145.25	144.50	143.25	142.25	141.00	140.00	139.50	139.25	140.50	141.75	142.75	140.25
179.00	180.00	180.00	180.00	181.50	180.00	182.50	179.50	181.50	180.00	180.00	181.00	181.00	182.50	183.00	183.00	185.00	182.00	179.50	180.00	180.50	181.00	180.00	177.00	177.00	177.00	177.00	177.00	177.50	183.50	184.50	181.50	182.00	182.50	182.50	183.00	183.00	183.50	184.00	183.50	183.50	185.50	185.00	184.50	184.50	184.50	186.00	189.00	189.50	192.00	192.00	191.50	193.50	195.50	197.50	202.00	206.00	207.50	207.00	209.00	209.00	208.00	207.50	204.50	206.00	209.50	205.00	201.00	198.00	197.00	197.50	198.50	199.00	199.50	201.00	203.00	208.00	214.50	222.00	224.00	224.50	225.00	226.00	227.50	226.50	224.50	223.00	223.00	221.00	221.00	223.00	223.00	218.50	217.00	213.50	211.50	208.50	206.00	205.00	203.00	202.50	200.00	200.00	200.50	202.00	206.50	210.50	213.50	216.50	218.00	220.00	220.50	221.00	221.00	220.00	218.00	215.50	215.50	219.00	221.50	223.00	221.00	221.00	224.00	226.00	227.00	227.00	228.00	226.50	225.50	225.00	223.50	219.00	217.00	215.50	216.00	213.50	211.00	209.00	208.00	208.00	207.50	210.00	207.50	205.50	205.00	201.00	199.50	198.50	195.00	189.50	186.50	183.50	181.00	178.50	176.50	175.50	174.50	174.00	174.00	181.00	186.50	184.50	183.00	182.50	182.00	181.50	181.00	180.00	179.50	179.50	179.00	179.50	179.00	179.00	178.00	178.50	178.50	178.00	177.50	178.00	179.00	179.00	179.00	178.00	177.50	177.00	177.50	177.00	175.50	173.50	173.00	172.50	173.50	169.00	163.00	162.00	168.50	171.50	174.00	175.50	176.00	175.00	175.50	175.00	175.00	175.00	174.00	174.00	174.00	174.50	175.00	175.00	173.00	171.50	171.00	170.00	170.00	171.00	169.00	167.00	167.50	167.50	165.00	163.50	164.00	163.00	162.50	161.50	161.00	160.50	160.00	160.00	157.50	159.00	158.50	159.00	159.50	161.00	158.50	155.50	152.50	148.50	148.00	148.00	147.00	144.50	141.50	142.00	143.50	144.00	144.50	145.50	147.00	146.00	140.50
180.00	180.00	180.00	179.75	182.75	181.00	180.50	181.75	182.00	181.25	181.75	180.25	180.25	183.00	183.00	182.50	183.75	183.50	183.00	182.50	182.00	181.25	177.75	177.00	177.00	177.00	177.00	177.00	177.00	179.75	182.00	181.00	180.50	180.75	180.75	181.25	182.25	182.25	182.00	182.75	183.00	184.00	185.00	185.25	185.25	187.00	188.00	189.00	190.50	191.25	191.75	193.50	195.00	198.00	200.25	202.75	206.75	207.25	207.25	209.00	207.00	209.00	210.50	208.00	209.00	211.75	209.25	203.50	201.00	198.25	198.75	199.75	200.75	201.00	201.00	202.25	207.75	213.25	221.25	223.00	224.50	227.25	231.50	230.75	228.25	226.25	223.50	220.00	220.00	222.00	224.00	225.25	221.00	218.75	216.25	215.00	212.25	211.25	209.50	207.50	204.25	201.50	200.75	200.00	201.00	207.75	210.25	213.75	216.75	218.50	218.75	218.25	217.25	216.25	215.50	214.00	213.50	214.75	218.00	217.00	215.25	214.50	217.50	220.50	221.50	223.25	224.50	223.75	222.75	221.50	220.25	219.50	217.25	216.25	213.75	213.50	210.50	207.75	207.00	205.00	204.25	202.75	202.75	202.00	203.00	205.50	202.75	200.75	198.25	195.00	189.50	187.25	183.50	180.50	179.50	178.00	177.00	175.00	174.25	175.25	182.00	183.25	181.75	180.50	182.00	183.50	183.00	182.00	180.50	179.00	178.75	178.25	179.25	179.50	180.00	179.25	179.50	179.25	178.75	178.75	178.75	179.00	179.75	178.75	177.50	178.00	178.25	178.00	177.25	176.00	174.25	174.00	173.50	167.25	164.75	166.50	169.25	173.75	174.25	175.75	177.00	177.25	176.75	176.50	176.25	175.50	175.25	175.00	175.25	176.25	175.75	176.00	174.50	173.00	172.75	171.50	171.50	172.00	171.75	171.25	170.50	170.50	168.25	167.25	167.25	167.00	165.50	165.25	164.50	163.75	163.00	162.00	161.50	159.25	158.00	158.00	158.00	157.25	156.75	154.25	152.25	151.25	151.50	150.75	148.50	146.75	144.75	146.00	146.75	146.25	147.25	149.00	149.00	147.75	146.00	143.50
181.75	180.00	180.50	180.50	181.25	180.25	180.25	181.25	181.25	180.75	181.50	181.25	182.00	183.25	183.50	183.75	184.25	183.75	184.00	183.75	182.25	180.75	177.75	177.00	177.00	177.00	177.00	177.00	177.00	177.25	178.50	179.50	179.25	179.50	179.75	180.25	180.50	181.50	182.00	183.25	184.50	185.50	186.50	188.25	188.75	189.75	190.50	191.50	191.50	192.25	193.75	195.50	197.50	202.00	205.50	206.50	208.75	208.00	210.25	210.75	208.00	212.50	214.25	213.25	213.75	215.75	212.00	206.50	204.50	202.50	201.25	201.75	202.75	203.50	203.75	203.50	205.75	211.50	220.75	221.50	221.25	226.50	233.75	232.50	230.50	226.00	223.00	220.00	219.75	222.25	226.50	226.75	225.75	222.75	219.75	217.75	216.00	215.25	211.75	208.25	204.50	202.00	200.75	200.25	201.75	207.75	211.75	215.25	218.50	219.00	219.50	218.00	215.00	213.75	211.50	211.00	211.50	211.50	211.00	209.75	208.75	209.75	211.75	216.75	220.25	221.00	221.25	221.00	221.00	220.50	220.00	218.75	216.25	215.00	211.25	209.00	208.25	206.00	203.75	201.75	201.00	199.50	199.00	199.00	199.00	199.25	198.00	195.00	192.25	190.50	189.75	188.50	183.00	181.50	180.50	180.00	178.50	175.50	175.75	180.50	182.00	179.25	177.00	177.00	178.75	183.00	184.00	182.75	181.25	180.50	178.75	178.75	179.50	179.50	180.25	180.25	179.75	180.00	179.75	179.50	178.50	178.75	179.00	177.25	176.25	178.25	178.25	178.25	178.00	177.25	175.00	174.25	170.50	165.50	165.50	170.50	173.50	175.00	176.00	176.50	176.75	178.00	178.50	177.50	177.50	176.75	176.25	176.50	177.00	177.00	176.75	176.00	175.75	174.50	175.00	175.25	174.50	175.50	176.50	177.25	176.25	175.00	173.50	172.50	173.50	173.75	173.00	172.25	170.25	167.25	165.25	163.25	162.00	160.50	157.50	158.75	159.75	158.50	156.25	155.25	155.00	153.25	151.75	151.00	149.75	148.75	149.00	150.00	149.25	150.00	152.50	152.50	152.00	149.50	149.00	149.00
181.25	180.25	182.50	181.25	181.75	182.00	183.00	184.00	183.25	182.50	182.25	182.75	184.50	184.00	184.00	183.75	184.25	183.75	184.00	184.00	182.75	181.25	178.50	177.00	177.00	177.00	177.00	177.00	177.00	177.00	177.50	178.50	178.75	179.50	180.25	180.75	181.25	182.00	182.25	183.25	184.25	185.75	189.00	191.25	191.25	191.25	192.00	193.00	193.75	195.75	197.25	198.75	201.00	203.75	207.00	208.00	209.50	209.50	211.50	211.75	210.25	214.25	216.50	216.75	216.75	217.50	212.75	209.75	207.50	205.75	205.00	204.00	204.50	205.00	205.00	205.25	206.00	209.00	213.50	214.25	217.00	222.50	231.25	232.50	230.00	226.25	223.75	224.50	225.25	226.50	226.75	226.50	225.00	222.50	219.00	216.75	215.75	215.25	213.25	210.75	207.00	204.25	203.25	203.50	205.25	209.75	212.75	213.75	217.75	218.75	219.00	217.50	214.75	212.75	211.00	211.25	211.50	211.25	209.50	208.50	207.50	207.75	210.25	218.75	221.25	221.25	221.50	221.25	220.75	220.50	219.75	218.50	216.25	215.00	211.50	210.25	208.25	206.00	204.00	202.00	201.25	199.00	198.00	197.25	196.00	194.25	193.25	191.50	189.75	188.75	188.50	187.00	183.50	182.25	181.25	180.75	180.00	179.25	180.25	182.50	181.50	178.25	177.00	176.75	178.25	182.75	183.50	182.50	181.75	181.75	180.75	180.50	181.00	181.25	181.50	181.25	181.00	180.50	180.50	180.50	179.50	180.00	179.75	178.50	178.25	178.25	178.75	179.25	177.50	177.25	176.25	175.50	170.00	166.75	166.25	170.75	173.00	175.25	176.00	177.50	177.50	179.00	179.75	178.50	178.75	178.00	177.25	177.50	177.50	177.25	177.50	177.00	177.50	177.50	178.50	178.25	178.75	180.00	180.75	182.25	181.75	181.25	180.50	179.00	178.75	179.25	179.75	180.25	180.50	176.75	173.75	169.75	166.75	164.25	162.50	161.75	161.50	160.50	158.75	156.75	156.50	154.75	154.25	154.00	154.00	152.25	151.50	152.25	152.25	153.50	155.00	154.25	153.75	152.75	152.50	150.25
180.00	180.50	184.00	181.00	181.50	183.00	185.50	186.00	185.00	184.00	183.50	184.00	186.50	184.00	184.00	183.50	184.00	183.50	184.00	184.00	183.00	181.50	179.00	177.00	177.00	177.00	177.00	177.00	177.00	177.00	177.00	178.00	179.00	180.00	180.50	181.00	182.00	182.50	182.50	183.50	184.00	185.50	190.00	192.50	192.00	191.50	192.50	194.00	195.50	198.00	199.50	201.50	203.50	205.00	207.50	208.50	210.00	210.50	212.00	212.50	212.00	215.00	218.00	219.00	219.00	218.00	213.50	212.00	209.50	208.00	207.50	205.50	206.00	206.00	206.00	206.00	207.00	207.00	207.50	210.00	214.50	220.00	228.00	231.50	229.00	226.00	224.50	229.00	230.50	230.50	226.50	226.00	224.00	222.00	218.00	216.00	215.00	215.00	215.00	213.50	210.50	206.50	205.50	206.50	209.00	211.50	213.50	212.50	217.00	218.00	218.00	216.50	214.50	212.00	211.00	212.00	212.00	211.00	209.00	208.00	207.00	206.50	209.50	220.50	222.00	221.50	222.00	221.50	220.50	220.00	219.00	218.00	216.50	215.00	212.00	211.00	208.50	206.50	204.50	202.00	201.50	198.50	198.00	196.50	194.50	192.00	191.00	190.00	188.00	188.00	186.00	184.50	183.50	183.00	181.50	181.50	181.00	182.00	183.50	183.50	181.00	177.50	177.00	176.50	178.50	182.50	183.00	182.50	182.50	182.50	182.00	182.00	182.00	182.50	182.50	182.00	182.00	181.00	181.00	181.00	180.50	181.00	180.50	179.50	179.50	178.50	179.50	180.00	177.00	177.00	177.50	177.00	170.50	167.50	167.50	171.50	172.00	175.00	176.00	178.00	178.00	179.50	181.00	179.50	179.50	179.00	178.00	178.00	178.00	177.50	178.00	178.00	178.50	180.00	181.00	180.50	182.50	183.50	183.50	185.50	186.00	186.00	185.50	183.50	182.50	183.00	184.50	186.50	189.50	185.00	181.00	175.50	171.00	166.50	166.00	164.00	162.50	161.50	160.50	157.50	157.00	156.00	157.50	157.00	156.50	154.50	153.00	153.50	154.50	156.00	156.00	155.00	155.00	155.50	155.00	150.50
181.50	181.75	182.50	182.75	183.75	187.00	188.25	187.75	186.00	185.50	185.00	185.50	185.75	184.25	183.50	182.25	182.00	182.25	183.50	183.00	182.75	181.75	179.50	179.25	178.25	177.00	177.00	177.00	177.00	177.75	179.25	180.75	181.00	181.25	182.00	182.50	183.00	183.50	184.75	184.75	185.75	186.00	186.50	188.25	189.50	190.75	191.25	192.75	194.00	197.00	199.75	203.00	203.00	206.00	207.50	208.25	209.00	209.25	211.25	212.25	214.00	216.50	218.50	218.50	216.75	216.00	213.75	214.00	212.75	209.75	209.25	207.75	207.25	207.25	207.50	207.75	208.25	209.50	209.75	209.25	210.75	213.00	221.75	225.00	223.00	224.75	228.00	236.50	237.00	237.00	232.00	229.50	227.25	225.25	222.50	220.50	218.75	218.00	218.25	224.25	224.50	216.25	212.25	211.50	211.50	210.00	209.25	210.25	213.50	214.50	215.00	213.00	210.00	210.00	209.75	210.75	212.00	211.75	211.75	211.25	211.25	213.75	219.00	223.00	223.00	224.00	223.50	222.75	221.75	220.50	218.50	218.50	218.00	216.25	215.00	212.75	210.25	207.50	203.25	203.00	201.25	199.25	198.00	195.00	193.00	192.50	192.00	190.75	189.75	188.25	186.25	186.25	186.25	185.25	183.75	183.50	184.25	184.25	184.25	183.00	180.75	178.25	177.75	178.75	179.25	181.25	183.00	182.25	182.50	182.50	182.25	182.00	182.00	182.25	182.50	182.50	182.75	182.50	182.50	181.75	182.00	182.50	182.00	181.00	180.25	180.50	180.75	180.00	178.00	177.75	178.00	177.25	172.25	168.75	169.50	169.00	169.00	174.00	176.25	178.00	178.00	180.00	181.00	180.50	180.50	180.25	179.25	178.75	178.50	179.00	179.75	179.75	182.00	183.25	184.50	186.75	188.50	187.75	189.25	190.75	193.50	195.00	195.75	195.50	193.25	194.50	197.50	201.75	207.50	204.50	194.75	182.25	176.00	171.50	168.50	166.00	164.00	163.00	161.75	159.25	157.25	158.25	160.25	160.00	159.00	157.75	155.75	156.00	158.00	159.25	158.25	158.25	158.00	156.75	155.75	154.75
182.00	183.50	182.50	184.50	186.00	188.50	188.50	190.00	188.50	187.00	186.50	184.50	185.00	184.00	182.50	181.00	181.00	181.00	182.50	182.50	181.50	180.50	181.00	183.00	183.00	181.00	178.00	178.00	178.50	181.50	183.50	185.00	185.50	184.50	184.50	185.50	186.50	187.50	187.00	187.00	187.00	187.00	188.00	188.00	188.50	190.00	190.50	192.00	194.00	195.00	196.50	200.00	201.00	204.00	207.00	208.00	208.00	209.00	210.50	211.50	214.00	216.00	215.50	216.00	214.50	214.00	213.00	216.50	216.50	213.00	210.50	209.00	209.00	209.00	209.50	211.00	212.00	211.50	211.50	211.50	211.50	212.00	211.00	213.00	212.00	220.50	227.50	235.00	238.50	242.50	239.00	236.00	232.50	230.50	227.50	224.00	221.50	220.50	224.00	228.50	228.00	220.50	215.50	213.00	210.50	207.50	208.00	208.00	209.50	211.50	212.00	210.00	209.50	209.50	209.00	211.50	214.00	215.00	219.00	220.00	221.50	222.00	223.50	223.00	224.00	224.00	224.50	221.50	220.50	219.50	218.50	217.50	218.50	216.50	215.00	212.50	209.50	207.00	205.00	204.00	201.50	199.00	199.00	195.50	194.00	193.50	192.50	191.50	190.50	188.50	187.50	187.50	186.50	186.00	186.50	189.50	188.50	187.50	186.00	182.50	180.50	179.00	179.00	180.00	181.00	181.50	183.00	183.00	182.50	183.00	183.00	182.50	183.00	184.00	184.00	183.00	183.00	183.50	183.50	183.00	183.00	183.00	182.50	181.50	181.00	181.00	181.00	180.50	179.00	179.00	179.00	177.50	175.50	171.50	167.00	168.00	168.00	173.00	175.50	178.00	179.00	181.00	182.50	182.00	181.50	181.50	180.00	180.00	180.50	181.00	181.50	183.00	185.00	187.50	189.50	190.50	191.00	193.00	195.00	197.50	203.00	205.50	207.50	208.50	208.00	210.50	214.00	215.00	215.50	207.00	193.50	185.00	181.50	175.50	172.50	168.50	167.50	165.00	164.00	161.00	158.50	161.50	163.00	162.50	161.00	160.50	158.50	160.50	160.00	161.00	160.50	161.00	159.50	157.50	158.50	159.00
183.00	183.75	184.25	186.00	187.00	188.25	188.00	189.00	190.50	188.00	188.75	187.25	184.75	183.75	182.75	182.25	182.50	183.00	183.50	182.00	181.00	181.25	182.50	184.00	185.00	184.50	183.75	182.75	183.75	185.25	187.00	188.25	189.00	189.75	190.00	190.00	190.00	189.25	188.50	187.50	188.50	188.25	188.25	188.50	189.25	190.75	191.00	191.75	192.75	195.50	196.50	199.25	200.75	202.50	204.00	206.50	207.75	210.00	210.75	211.50	214.00	214.25	215.25	214.25	211.75	210.00	211.50	215.00	215.00	212.00	211.00	210.00	208.25	209.50	211.75	213.75	213.50	212.75	212.50	212.25	213.25	213.50	213.50	212.25	212.00	217.00	225.50	236.00	239.00	240.75	245.25	242.25	237.25	233.00	228.25	225.50	223.50	224.25	227.25	227.25	223.75	220.75	217.00	213.25	208.75	208.25	208.00	206.75	209.00	211.00	211.50	210.00	209.00	209.25	210.50	213.25	216.75	218.75	220.75	222.25	222.50	222.00	221.75	223.50	224.00	222.75	222.25	222.25	223.00	223.25	223.00	221.75	219.50	218.25	214.75	213.00	210.50	209.75	207.75	206.00	204.50	200.75	199.50	196.25	196.25	194.00	192.00	190.75	189.25	189.00	187.75	187.75	187.00	188.00	192.00	193.75	191.25	189.25	188.00	184.25	183.25	181.75	181.50	181.75	182.75	183.50	183.50	183.75	184.75	185.25	185.25	184.50	184.75	184.75	185.00	184.25	184.50	184.00	184.25	183.00	183.00	182.75	182.50	183.00	183.00	183.00	181.75	180.50	180.75	181.00	180.75	179.50	177.25	174.50	171.50	170.75	169.25	172.75	175.25	177.75	179.75	181.50	183.00	182.50	181.75	181.00	182.25	183.25	185.00	185.50	185.50	186.25	189.00	192.25	193.00	194.75	195.50	197.25	199.75	204.25	208.25	211.00	212.75	215.25	216.75	219.00	222.50	221.00	212.25	200.00	192.75	188.25	185.00	180.75	175.50	170.75	169.25	166.50	164.75	162.00	161.50	164.50	165.00	164.75	162.75	161.25	161.50	162.50	162.50	162.25	162.50	161.50	160.50	161.25	162.25	162.25
185.00	185.25	187.00	186.25	189.75	190.25	189.75	190.25	191.50	191.50	189.75	187.25	186.25	185.25	185.00	184.75	184.50	185.00	184.25	182.50	181.50	181.50	182.50	184.50	186.50	188.00	188.00	188.75	188.75	190.25	192.25	192.25	192.75	193.75	193.75	192.75	192.50	191.00	190.25	190.50	189.75	189.25	190.25	190.25	190.75	192.00	192.50	193.25	193.50	194.25	196.00	198.25	199.25	201.25	202.25	204.25	206.75	208.00	209.75	211.50	212.50	213.25	211.50	209.75	208.50	208.25	210.25	213.00	212.25	211.00	208.75	206.75	206.50	208.75	210.50	212.75	213.75	213.50	214.50	214.50	215.25	215.50	215.75	216.25	213.25	217.75	221.50	232.25	235.00	237.25	241.50	244.00	241.50	236.50	233.00	230.75	229.00	227.00	225.75	224.25	222.00	220.25	215.50	211.50	209.25	209.00	209.25	209.00	211.25	212.50	212.50	211.50	211.25	212.00	214.50	215.75	216.50	217.50	221.00	223.75	224.50	226.50	229.25	229.00	227.75	226.00	225.00	224.75	225.50	225.75	225.50	226.00	224.25	222.25	219.50	217.00	215.50	214.25	212.75	210.25	207.50	204.50	202.50	196.75	194.00	193.75	193.50	194.00	192.75	192.00	189.00	189.00	188.75	190.25	195.00	195.75	195.25	194.00	192.25	191.25	190.50	189.00	188.25	187.50	187.50	187.25	188.25	188.50	189.00	188.50	189.00	188.25	187.50	187.25	186.75	186.25	186.25	185.75	185.50	184.75	184.75	184.50	184.75	185.00	184.50	184.00	182.25	181.75	181.50	182.00	181.00	180.50	179.00	178.00	174.75	171.00	172.50	175.25	176.75	179.00	180.75	181.50	181.75	182.00	182.75	184.00	187.00	187.25	187.75	189.50	191.00	192.00	194.50	197.00	198.75	200.50	201.75	204.25	208.25	210.50	212.50	214.25	217.00	219.00	221.25	220.75	223.00	219.25	210.00	201.00	195.50	191.75	188.00	184.00	177.75	172.00	169.75	167.75	166.75	165.75	167.00	167.25	167.25	166.50	166.00	164.25	165.25	165.25	164.50	164.00	163.50	163.75	165.00	166.00	166.50	170.50
186.25	186.50	187.25	187.25	188.50	191.00	191.25	191.75	192.50	192.50	190.25	188.25	187.25	187.00	186.25	185.75	186.00	186.00	185.00	182.50	181.75	181.75	183.00	185.00	187.75	190.00	190.25	191.25	191.50	193.00	194.50	194.25	194.75	195.25	194.75	194.50	193.25	192.25	192.00	192.00	191.25	191.00	191.75	191.75	192.00	192.75	193.25	194.00	194.50	195.00	195.50	196.75	197.75	199.75	201.25	202.50	205.75	208.75	211.50	212.25	212.00	213.00	211.75	210.00	209.00	210.00	212.25	214.00	212.25	209.00	206.50	206.00	206.00	207.50	210.50	212.25	213.75	214.50	215.50	215.50	215.50	216.00	216.50	217.50	213.75	215.00	220.75	230.50	231.75	233.50	236.50	242.25	243.25	240.75	238.50	236.50	231.75	228.00	226.25	223.25	220.25	218.75	215.00	211.50	210.75	209.75	209.75	212.00	214.25	213.75	213.75	212.75	213.25	214.00	214.25	215.75	216.25	217.25	222.00	226.75	229.00	232.25	234.75	234.25	233.50	230.25	228.00	227.25	227.25	227.50	226.75	227.25	225.75	224.00	221.00	219.25	217.25	216.00	213.75	210.75	207.50	204.00	202.25	196.00	194.00	195.00	195.25	195.50	193.75	193.25	190.75	190.00	190.00	191.50	195.50	196.25	196.50	195.75	195.50	195.00	193.75	191.75	190.25	189.00	188.25	188.25	190.25	192.00	191.75	190.25	190.25	190.00	189.25	188.50	187.75	187.25	187.00	186.50	186.75	186.25	186.00	185.50	185.25	185.00	184.25	184.00	183.00	182.00	182.00	182.00	181.25	180.75	179.75	178.25	173.75	172.00	174.75	177.00	178.50	180.00	181.50	182.50	182.00	182.50	183.25	184.50	188.00	188.25	188.75	191.00	192.75	194.50	197.25	199.00	200.75	202.50	204.25	207.50	211.50	213.75	215.75	216.50	218.00	219.75	221.00	221.00	222.25	217.00	209.50	201.75	196.75	192.25	189.75	185.00	178.25	172.00	170.50	169.50	169.00	169.25	169.75	169.25	168.50	168.00	167.00	166.25	166.50	165.75	165.50	165.25	165.50	165.75	167.00	168.00	168.75	171.25
186.25	187.25	188.25	189.75	190.75	192.50	193.00	194.25	194.75	193.75	192.75	191.50	191.00	189.50	186.75	186.25	186.50	186.00	186.00	183.75	183.00	183.00	184.75	187.00	190.50	193.00	194.75	195.75	196.75	197.25	198.00	198.50	198.00	197.00	197.00	196.25	196.00	195.00	195.25	195.50	194.25	194.50	195.25	195.00	195.50	195.50	195.25	196.25	196.50	197.00	197.00	198.50	199.50	200.00	200.25	202.00	205.75	209.75	212.25	213.50	213.50	215.25	214.50	214.75	215.50	217.00	215.75	211.75	209.75	207.25	207.00	205.25	205.00	207.75	213.50	213.50	215.75	216.50	216.75	217.25	216.25	217.50	217.75	217.75	214.50	221.00	226.50	228.75	228.75	231.50	234.75	240.75	249.50	250.50	245.50	240.25	235.50	233.50	228.50	224.00	222.25	222.75	221.75	218.50	216.75	215.25	214.25	215.75	216.25	216.75	217.25	216.75	217.50	217.75	219.50	221.00	222.25	224.75	231.25	239.50	246.75	247.75	245.75	242.25	241.50	237.50	233.25	230.75	230.25	230.00	228.50	227.75	226.00	224.00	221.25	219.25	218.00	215.75	212.75	209.25	204.75	201.50	200.25	199.00	199.00	198.75	199.00	198.00	197.75	197.00	195.25	194.50	195.75	196.50	197.75	198.75	198.50	198.00	198.50	198.50	197.75	195.25	194.00	192.75	190.75	191.75	196.75	196.75	197.25	196.75	194.25	192.50	191.75	191.00	189.75	188.75	188.50	188.00	188.00	188.00	187.25	186.25	186.50	186.25	185.50	185.25	184.50	182.75	183.00	183.00	182.00	181.75	179.50	176.75	173.25	176.50	178.00	180.25	180.75	182.00	182.75	182.75	182.75	184.50	185.25	186.25	190.00	191.75	194.25	195.25	196.50	198.75	200.25	202.00	203.75	206.25	208.25	212.25	214.00	217.25	219.25	220.50	220.50	219.75	219.00	218.25	213.25	209.75	206.75	202.00	197.50	193.75	192.00	186.50	182.25	177.25	176.00	173.25	171.50	173.25	173.50	172.75	172.50	172.25	170.50	170.50	168.50	167.75	167.75	168.75	169.75	169.75	169.75	171.00	171.50	172.25
187.25	186.75	189.00	190.75	192.25	193.25	193.50	194.00	194.50	194.25	193.75	192.75	192.75	189.00	186.75	186.75	186.25	187.25	187.50	185.75	185.25	185.75	188.00	190.00	193.50	196.00	197.75	199.00	199.75	199.50	200.00	201.50	200.75	199.75	199.00	199.25	198.50	197.75	199.00	199.25	197.50	197.50	197.50	197.25	197.50	197.50	197.50	197.75	197.00	199.00	200.25	200.50	201.50	201.75	202.25	203.00	205.50	208.25	210.50	212.00	214.25	217.00	218.25	220.25	220.50	220.00	216.50	212.00	210.25	209.00	209.00	208.75	209.25	212.25	217.00	216.50	218.00	218.00	218.75	219.00	217.75	218.50	218.50	217.00	215.00	223.75	228.50	229.25	229.25	232.75	235.75	240.75	248.50	249.00	246.75	244.50	239.50	236.50	231.50	230.00	230.75	232.50	230.75	227.25	225.50	223.00	221.50	220.75	220.75	222.00	223.00	225.50	228.25	229.50	232.00	232.50	237.25	242.25	249.25	252.00	253.00	250.75	248.50	247.00	245.50	241.25	238.00	234.50	233.25	231.50	230.00	228.00	225.75	223.50	221.00	218.25	217.50	214.75	210.75	208.25	205.75	203.75	204.75	203.50	203.00	201.75	201.75	200.75	200.75	200.00	199.00	198.00	198.50	198.25	199.00	200.00	199.75	199.50	199.75	200.00	199.50	197.75	196.50	194.50	192.75	193.75	197.25	198.25	198.50	199.00	197.25	194.50	193.25	192.00	191.25	190.00	189.75	188.75	188.50	188.25	187.75	188.00	188.00	187.25	186.50	186.50	185.50	183.75	183.75	183.50	182.25	181.75	179.50	175.75	174.50	177.25	178.25	181.00	182.00	183.25	183.00	183.00	184.00	185.50	187.25	188.00	191.00	193.25	196.50	197.75	199.00	200.00	201.25	203.00	205.25	208.75	211.00	214.75	216.75	217.75	219.00	220.00	218.75	217.25	217.00	215.25	211.50	209.50	206.50	201.50	199.00	195.75	193.75	189.75	185.00	180.25	179.00	176.50	175.00	175.50	175.75	175.25	174.25	174.50	174.00	174.25	171.25	170.25	170.75	170.75	170.75	170.50	170.25	170.25	170.25	169.25
188.50	187.50	189.50	191.75	192.25	193.25	194.00	193.00	194.00	195.00	194.00	193.50	192.75	187.25	187.00	187.00	187.00	189.25	189.50	187.50	187.75	189.75	192.00	193.75	196.75	198.75	200.25	201.75	202.25	201.75	202.50	204.75	204.50	202.50	201.75	202.25	201.50	201.00	203.25	203.50	201.00	200.25	200.25	199.25	199.50	200.25	200.25	199.25	197.75	201.75	204.75	203.75	204.25	204.00	204.00	204.50	205.00	206.00	208.75	210.00	213.00	216.50	220.25	223.75	225.00	224.00	218.50	214.25	213.25	212.75	214.00	215.75	217.25	219.25	220.50	220.75	221.00	220.25	220.50	221.25	220.25	220.00	219.25	216.75	218.25	228.00	230.75	230.00	229.75	233.25	237.00	240.50	244.00	246.25	249.00	248.00	242.50	238.25	235.00	237.00	238.75	240.25	237.25	234.50	234.25	231.25	228.50	225.75	227.25	228.25	229.50	235.75	242.00	244.00	246.00	246.75	256.25	263.00	263.00	258.25	253.50	250.50	250.25	251.25	250.00	246.00	242.75	238.50	236.25	233.25	231.25	229.00	226.00	224.25	221.25	219.00	217.50	214.00	210.00	210.00	209.25	207.75	208.75	207.25	206.00	205.50	205.50	204.50	203.25	202.25	201.50	201.00	200.25	199.75	199.75	201.25	201.00	201.25	202.00	202.50	201.75	200.00	198.00	195.25	194.00	195.75	197.75	199.25	200.00	200.50	199.00	197.00	195.00	193.25	192.50	191.75	191.00	190.25	189.75	189.00	188.50	189.50	189.25	188.25	188.00	188.00	186.25	185.00	185.00	184.25	182.75	181.75	179.25	174.25	175.75	178.50	178.75	182.00	183.00	184.00	184.00	183.75	185.25	187.25	188.75	190.50	193.25	194.75	198.00	199.25	200.50	200.50	201.50	204.00	206.25	210.75	213.75	216.50	218.75	218.25	218.75	218.25	215.25	215.00	216.75	215.75	212.50	210.50	207.00	202.00	199.50	197.00	194.50	191.25	185.75	183.00	183.50	181.00	180.50	180.00	179.75	179.00	177.50	177.50	177.00	176.75	174.50	173.25	174.25	173.00	172.00	171.50	171.00	169.00	168.00	166.00
189.75	189.25	190.75	193.00	193.75	195.50	195.75	197.00	196.75	196.25	194.25	193.25	191.25	188.50	186.25	187.25	188.75	191.50	192.00	191.00	193.00	195.25	197.25	198.75	201.00	202.50	203.25	204.50	205.00	205.50	207.00	208.50	207.75	206.50	205.75	206.00	206.75	207.25	209.25	209.25	205.50	206.75	206.25	205.00	203.50	203.25	202.50	201.50	200.00	204.75	207.75	208.00	209.25	208.00	206.75	206.75	206.75	206.50	207.75	208.25	210.75	214.75	218.00	222.00	225.00	225.00	222.00	219.75	219.25	222.00	225.00	227.75	230.00	230.25	231.25	232.00	231.50	229.25	226.75	224.75	222.25	219.25	218.50	216.25	219.50	224.50	225.25	228.00	230.25	232.75	237.00	238.75	240.00	240.25	243.75	243.00	240.50	235.50	234.50	234.50	237.00	241.75	243.75	242.75	239.25	234.75	232.00	232.25	239.00	239.00	237.75	246.00	258.25	267.50	260.25	257.25	257.25	258.00	259.50	263.25	263.25	261.50	260.75	259.50	258.00	253.25	248.75	244.50	241.00	234.75	232.25	230.75	228.50	226.25	222.75	220.75	217.50	214.50	217.00	216.25	215.00	213.75	213.00	212.75	211.50	210.75	210.25	208.25	207.75	206.75	206.00	204.50	203.75	203.00	203.50	203.50	204.25	204.50	204.50	205.00	205.00	203.25	200.75	197.25	197.00	199.50	201.25	201.75	201.75	201.75	201.00	199.75	197.50	195.75	195.25	194.25	193.25	192.00	191.50	190.50	190.75	190.50	190.50	190.00	189.75	188.25	187.25	187.25	186.25	185.50	183.50	182.00	177.50	174.75	178.25	180.00	181.50	183.00	183.75	184.75	186.00	186.50	187.50	190.00	191.50	193.25	195.25	197.00	199.00	198.75	198.75	199.00	200.00	202.75	206.00	210.50	213.25	215.50	216.25	215.50	213.75	211.50	210.75	213.00	213.00	212.50	210.50	210.00	205.25	200.75	198.25	195.50	193.50	190.75	188.75	188.75	189.75	190.75	190.50	189.50	189.75	188.75	186.25	183.25	181.50	179.50	182.25	183.50	183.25	181.25	178.25	175.25	173.25	170.25	168.50	165.75
191.50	191.50	192.50	195.00	195.50	197.50	199.00	198.00	197.50	197.00	195.50	194.00	191.50	189.00	188.00	188.50	192.00	194.50	195.00	195.00	198.00	199.00	200.50	201.50	204.00	205.50	206.00	207.50	206.00	206.00	209.00	210.50	210.00	208.50	209.00	209.00	210.00	210.50	211.00	211.50	212.00	211.50	211.50	209.00	206.50	204.50	204.50	203.50	201.50	207.00	211.50	211.50	211.00	208.50	208.00	208.00	208.50	208.50	208.00	208.00	210.50	211.00	214.50	219.00	222.50	225.00	222.50	223.50	223.00	228.50	231.00	233.50	236.50	237.00	239.50	239.00	236.00	233.00	230.00	226.00	221.00	216.50	216.50	216.00	218.50	220.50	221.50	226.50	229.50	233.00	237.00	236.50	235.00	235.00	236.00	236.00	234.00	233.50	234.00	234.00	238.00	242.50	244.00	241.50	238.50	237.00	237.50	238.50	240.50	241.50	243.50	249.00	254.00	256.00	252.50	252.50	252.50	255.50	260.00	268.50	268.50	266.50	266.00	262.50	261.00	259.00	256.50	249.00	243.00	238.00	236.00	233.50	229.50	227.50	224.50	222.00	220.00	223.50	223.50	221.50	221.50	217.50	218.50	220.00	218.50	216.50	214.50	213.00	214.00	214.00	209.50	207.50	205.50	205.50	205.50	205.50	206.00	206.00	206.00	205.50	206.00	205.00	202.50	199.50	199.50	202.00	203.00	203.00	202.50	204.00	203.00	201.00	199.50	198.50	197.50	197.00	196.00	195.00	194.00	192.50	192.00	191.50	192.50	191.50	190.50	189.00	188.50	187.00	186.00	185.50	183.50	182.00	177.00	176.00	179.00	182.00	184.00	184.50	185.50	185.00	186.00	188.00	190.00	193.00	194.50	196.00	196.50	197.00	199.50	197.00	196.50	197.00	198.50	200.50	204.00	210.00	210.00	212.00	209.50	206.00	203.50	203.50	203.50	206.00	206.50	206.00	206.50	208.00	203.00	199.50	197.50	195.50	193.50	194.00	193.50	193.50	194.50	194.50	193.00	192.50	194.50	193.50	188.50	186.00	184.00	185.50	191.00	193.00	190.50	187.50	184.00	180.50	177.00	172.00	171.00	167.00
190.50	191.50	194.00	194.75	197.00	199.00	199.25	199.50	198.00	197.00	197.25	195.00	193.00	191.00	191.75	194.50	197.50	198.75	199.50	200.00	202.00	202.50	204.50	205.75	207.50	208.00	207.25	207.50	208.00	209.00	210.00	211.50	211.75	212.00	211.75	212.50	213.00	213.50	214.00	213.50	214.50	214.25	211.75	211.75	209.00	205.50	205.00	203.75	203.50	206.25	211.75	211.00	211.50	210.00	209.25	210.00	209.75	210.00	209.50	209.50	210.00	211.75	214.25	217.50	221.75	223.25	225.25	228.00	229.25	232.75	235.00	239.00	243.25	245.50	246.25	243.50	238.50	234.00	229.25	223.75	220.75	218.25	218.50	217.50	217.25	219.00	219.25	222.75	225.00	229.50	231.00	230.00	229.25	230.00	232.25	234.25	236.25	237.50	237.00	238.00	242.50	245.75	243.00	240.75	239.50	237.75	237.00	238.25	241.00	244.00	244.75	247.25	249.25	250.50	251.25	250.50	254.50	258.75	261.00	265.25	266.25	265.25	263.50	262.50	261.00	259.75	258.25	252.25	246.25	241.50	238.50	235.25	231.25	229.50	224.50	223.25	226.75	229.25	228.00	226.00	224.00	222.00	224.50	227.00	226.00	224.00	222.25	221.75	221.25	219.25	215.25	212.25	210.75	210.00	210.00	209.50	209.00	209.50	208.50	208.00	208.00	206.50	204.25	201.50	201.00	203.00	204.50	204.50	204.50	204.75	204.50	203.25	201.50	200.75	199.50	198.75	198.00	196.50	196.00	194.25	193.50	193.25	193.00	192.00	191.25	190.25	188.75	188.25	187.25	185.50	183.00	182.00	177.25	179.75	181.75	182.75	183.75	185.50	185.00	186.25	188.25	190.25	193.00	195.25	196.50	197.00	196.25	195.75	196.75	194.75	194.00	196.25	199.00	199.75	201.50	207.00	208.25	204.25	199.00	197.50	198.50	201.25	203.25	205.50	205.75	204.50	203.75	201.75	199.75	197.75	197.25	196.50	196.00	196.25	197.25	197.75	198.00	197.25	195.75	195.00	193.50	191.50	189.25	188.75	188.25	187.50	190.00	192.25	192.50	193.00	191.00	186.75	181.50	176.00	171.50	168.00
191.00	192.00	194.50	196.50	198.00	198.00	199.00	198.00	198.00	196.50	196.50	197.00	196.00	196.00	199.00	201.00	201.50	204.00	203.50	205.00	207.50	207.50	209.50	211.00	212.00	210.50	210.00	211.00	210.00	211.50	211.50	215.50	214.50	213.50	215.00	215.00	215.50	215.50	216.50	217.50	217.50	215.00	212.50	210.00	208.00	208.00	206.00	205.00	203.50	207.50	213.50	213.00	213.00	213.00	212.00	213.00	212.50	212.00	214.00	212.50	214.00	215.50	217.50	219.00	222.00	224.50	228.00	231.50	234.00	238.50	239.50	242.50	247.00	247.50	247.00	247.00	241.50	236.50	231.00	227.00	223.00	220.50	219.50	220.00	218.50	218.50	218.50	220.50	221.00	224.50	225.00	227.00	229.00	231.50	235.00	237.50	240.50	241.50	244.50	246.50	248.00	247.50	242.50	240.50	237.00	231.50	233.00	236.50	241.00	243.50	243.50	244.50	246.00	246.50	250.00	251.50	253.00	255.00	259.00	262.50	262.50	262.00	262.00	258.50	257.50	257.00	254.00	251.00	249.00	243.50	240.00	236.50	233.50	229.50	226.00	227.00	230.50	232.00	231.00	230.00	228.00	228.00	230.00	233.50	234.00	234.00	232.00	228.50	226.00	225.00	221.00	218.00	217.00	217.00	216.50	217.00	216.00	214.50	213.50	213.00	211.00	209.00	207.50	204.50	203.50	207.00	207.00	206.50	206.00	205.50	205.00	204.50	204.00	203.00	202.50	201.50	200.00	197.50	196.00	196.00	195.00	193.50	193.50	192.00	191.50	190.50	189.50	190.00	187.50	186.00	181.50	180.00	180.00	182.00	182.50	183.50	184.50	185.00	186.50	189.00	190.50	193.00	195.00	196.00	197.00	197.00	196.00	195.00	193.50	190.00	192.50	196.50	200.00	199.50	198.50	199.00	202.00	192.00	191.50	194.50	198.00	201.50	205.00	205.00	205.00	204.00	202.50	200.50	199.00	199.00	200.00	198.50	199.00	199.00	200.50	201.00	202.00	200.50	197.50	198.00	196.50	193.50	192.00	192.50	190.50	191.00	195.00	197.00	198.00	196.50	190.00	184.00	178.00	174.50	173.00	169.50
192.00	193.75	194.75	197.25	198.50	197.50	196.25	195.50	196.75	198.25	198.50	199.75	199.50	200.50	202.50	204.00	204.25	206.25	206.50	210.25	212.25	213.50	215.50	216.25	216.75	216.00	214.25	213.25	212.50	213.50	212.75	215.75	217.50	216.50	217.50	217.25	219.25	218.25	220.25	219.75	218.75	217.25	214.00	212.50	210.75	209.25	207.25	205.50	204.00	211.00	216.00	216.50	216.50	215.25	215.50	216.00	215.00	216.25	217.75	219.75	219.25	218.75	219.00	220.75	223.00	225.50	229.50	234.25	236.00	240.00	242.25	246.50	249.50	248.25	245.25	243.75	239.25	235.00	230.25	226.75	222.50	220.75	220.00	220.75	219.50	219.25	218.50	219.75	221.50	224.50	229.25	231.00	235.25	238.75	242.50	244.25	250.00	252.50	252.25	249.50	248.75	245.75	242.50	237.50	231.75	229.50	230.00	231.50	238.25	241.25	242.75	243.75	245.25	248.25	250.75	250.50	251.50	253.50	258.25	261.00	260.00	259.50	258.25	256.50	254.75	251.75	249.00	248.75	249.50	245.00	240.75	236.75	232.75	230.00	229.75	232.25	234.00	234.75	234.00	232.25	231.25	233.25	234.75	237.75	239.25	240.25	240.00	236.50	233.50	233.50	229.75	227.00	223.75	222.25	221.00	222.00	220.25	218.50	217.00	216.75	215.00	212.25	211.50	211.00	214.00	213.75	211.25	208.75	207.25	207.00	206.00	205.50	205.50	204.50	204.25	203.50	202.50	200.25	199.25	197.00	196.25	195.50	195.00	194.00	192.00	191.00	190.00	189.00	187.00	185.25	182.00	179.25	182.75	183.25	183.50	183.75	184.50	186.00	187.25	190.25	193.25	195.25	196.00	196.25	196.25	196.75	196.00	193.75	190.00	188.25	190.25	194.75	197.25	197.25	195.25	191.00	188.00	182.00	182.75	190.75	196.00	201.00	202.75	202.25	203.75	204.00	202.75	201.50	202.25	202.75	201.75	202.25	202.25	202.75	204.25	204.25	204.00	203.50	204.00	201.00	197.00	195.75	193.50	192.50	191.50	193.00	196.25	197.00	197.75	196.75	193.75	189.00	184.00	177.25	174.50	171.50
193.75	195.25	196.75	195.75	195.75	194.50	195.00	196.50	199.00	201.75	203.00	202.75	203.25	204.50	205.25	207.00	208.50	209.75	210.75	212.75	217.25	219.00	221.50	223.00	223.50	221.75	219.25	217.50	215.75	217.00	216.50	218.75	219.50	219.75	220.25	221.00	222.75	222.50	223.00	224.25	219.25	219.50	216.00	214.25	212.50	210.00	208.25	205.75	207.25	214.25	220.25	220.00	219.25	217.75	216.50	218.00	221.75	223.25	225.00	224.75	223.50	221.00	220.00	221.75	223.75	227.75	233.00	237.50	239.50	245.00	247.75	251.00	250.50	247.50	243.25	240.00	236.50	233.00	229.25	225.50	222.75	220.75	221.25	220.50	221.00	220.25	219.25	220.50	223.50	229.50	234.00	237.25	242.00	245.00	248.25	252.00	257.25	257.50	256.50	254.00	250.50	247.75	240.75	232.50	230.25	229.00	230.50	229.50	234.75	238.75	241.75	243.50	246.50	248.25	249.50	250.00	253.75	256.75	260.50	262.00	259.75	259.50	258.25	254.50	252.00	250.25	248.75	247.75	245.25	242.25	238.50	235.25	232.50	231.75	234.75	238.00	237.75	237.25	237.00	237.00	236.75	238.75	239.25	240.50	242.25	244.50	245.75	245.00	245.25	245.25	239.25	235.75	230.50	228.75	227.00	226.00	224.50	222.50	222.50	222.00	220.50	218.75	217.25	218.25	219.75	218.25	215.00	214.50	211.25	210.00	209.25	206.25	207.50	207.25	206.25	204.75	204.25	202.25	201.25	199.25	198.50	196.75	196.25	195.75	194.00	193.00	191.25	189.25	187.75	187.00	184.00	180.25	182.75	184.00	185.00	185.50	186.75	189.25	190.00	192.75	194.50	195.50	195.50	195.50	196.00	196.75	194.00	191.75	188.75	187.75	189.25	193.25	195.50	194.75	192.50	192.00	189.75	182.00	182.75	187.75	192.25	195.50	197.50	200.25	205.75	207.25	205.00	204.25	204.00	205.75	204.50	204.00	203.00	203.50	205.00	205.75	205.50	204.00	203.00	200.25	197.00	192.75	188.50	183.25	188.00	192.00	196.75	197.75	196.75	194.00	192.50	191.50	190.00	181.25	175.50	178.50
193.00	193.50	194.00	192.00	192.25	192.50	193.75	197.25	200.50	203.00	203.75	204.00	204.75	206.25	206.75	208.25	209.75	211.50	213.25	214.75	219.25	221.25	223.25	225.50	225.25	224.75	222.75	220.00	218.00	218.50	218.25	220.00	221.00	221.75	222.00	223.75	225.25	224.25	225.00	225.00	220.75	220.25	217.50	214.25	212.50	210.25	209.00	207.25	209.50	214.50	220.00	221.25	220.75	218.50	217.75	221.75	226.25	227.25	227.00	226.25	224.25	222.25	221.75	223.25	225.50	229.25	234.25	239.00	241.25	247.00	249.75	251.50	250.00	246.75	242.25	239.50	236.00	232.00	228.00	225.25	222.75	221.25	221.50	220.75	221.00	220.75	220.00	221.25	225.25	230.25	234.25	237.50	243.00	246.00	249.25	252.25	253.50	255.25	256.00	255.25	251.00	248.00	239.50	232.00	230.25	229.00	230.00	229.50	233.75	237.75	241.75	244.75	247.00	249.50	251.25	252.75	255.25	258.00	261.25	261.25	260.00	259.50	259.00	255.25	252.25	249.75	248.75	246.75	243.50	240.50	236.00	234.25	233.50	233.50	237.25	240.00	239.50	239.75	240.00	240.75	241.00	241.75	241.25	242.00	244.25	248.25	249.75	249.50	249.75	248.75	241.00	237.50	234.25	232.25	230.00	228.75	226.25	224.50	224.25	224.50	222.25	221.00	218.25	221.25	222.25	220.25	218.25	218.00	213.75	211.75	210.25	208.50	208.75	208.25	207.25	205.75	205.00	203.25	202.50	200.25	199.25	197.25	197.00	196.50	195.25	194.00	192.00	190.25	188.25	186.75	184.25	181.00	182.75	184.50	185.25	186.25	187.50	191.25	191.00	193.25	194.75	196.00	196.50	196.75	198.00	197.50	193.75	191.75	189.00	188.50	189.75	194.00	196.25	196.00	195.00	195.50	194.00	185.00	185.25	189.25	192.00	194.75	197.00	200.25	204.75	206.00	206.00	205.50	204.50	205.50	205.00	204.00	203.00	202.75	204.75	205.00	204.00	202.75	201.00	198.00	192.75	188.50	184.50	180.50	186.75	190.00	195.75	196.25	194.00	191.00	189.00	187.50	186.25	180.00	178.00	181.25
183.00	184.25	186.25	187.75	187.50	189.75	194.00	198.25	202.00	204.00	204.75	206.75	207.00	209.25	211.75	211.50	214.50	216.00	217.75	218.50	220.50	224.25	228.00	228.50	229.25	229.25	227.00	224.25	222.50	223.50	222.00	223.25	224.50	224.75	226.00	229.50	229.00	229.50	228.00	225.75	225.00	223.75	218.50	216.25	212.75	212.25	210.25	210.50	212.00	215.75	220.00	222.25	222.25	221.75	224.25	232.00	232.25	230.75	227.25	225.25	223.25	224.75	226.00	229.00	231.50	232.75	237.00	241.00	243.75	248.00	251.25	251.25	247.50	245.00	242.00	239.50	235.00	232.50	229.00	226.50	224.00	222.50	222.00	221.75	222.25	221.25	220.00	223.25	226.75	230.00	234.50	238.25	244.50	246.00	247.25	247.25	249.00	249.75	252.50	251.25	250.00	246.00	238.25	231.75	230.50	229.75	229.25	231.00	234.25	238.75	242.75	246.25	249.75	252.50	255.00	256.50	258.00	259.50	261.00	260.75	259.50	256.75	257.75	253.75	251.00	247.25	244.50	242.75	240.75	237.25	236.25	236.25	238.00	238.50	243.25	244.75	247.25	249.25	249.00	248.00	246.25	245.25	245.25	244.75	246.50	250.00	252.75	253.25	251.75	249.75	245.50	244.00	241.75	239.50	235.75	232.50	231.25	229.75	229.00	227.75	225.25	223.75	222.00	222.75	225.00	223.50	221.50	220.50	218.00	215.75	213.00	213.00	212.00	210.50	209.50	208.00	206.25	204.50	203.75	203.00	201.00	198.75	198.25	197.50	196.25	195.00	193.25	192.00	189.50	188.00	185.00	182.00	183.75	185.50	187.00	187.75	189.25	191.75	194.25	198.00	198.25	199.00	199.25	199.25	199.00	197.25	196.50	195.50	193.00	192.00	193.75	196.50	198.25	199.25	198.75	199.75	198.50	195.75	195.50	195.50	196.75	200.75	203.00	204.25	206.25	207.00	206.00	205.75	206.00	205.75	204.50	203.25	202.25	198.00	200.00	203.00	201.50	200.75	200.50	197.25	192.75	187.75	181.25	180.50	183.75	188.00	191.25	192.00	190.50	189.00	187.50	186.75	186.00	186.25	185.00	183.50
184.75	186.25	190.25	191.25	191.00	191.25	193.75	195.25	199.50	204.25	206.00	209.50	209.50	211.50	214.50	215.25	216.25	218.75	220.50	222.25	223.00	224.50	228.75	230.25	231.50	231.50	229.00	225.75	225.00	224.50	224.50	226.00	226.50	227.75	229.50	232.50	230.50	231.00	229.75	228.50	224.50	223.50	217.75	215.00	212.25	211.25	211.00	211.00	214.00	218.75	222.00	225.25	226.25	228.25	231.75	236.00	234.25	232.00	228.75	227.50	228.00	232.00	232.25	233.50	234.75	236.25	238.25	242.25	245.00	249.00	252.25	251.00	246.75	244.75	242.50	239.50	235.25	232.75	228.75	226.25	224.75	223.00	223.00	223.00	222.75	221.50	221.50	227.25	230.75	234.75	239.75	243.75	246.50	246.00	246.25	244.50	244.25	245.50	247.75	248.50	247.00	245.50	238.75	233.25	232.00	230.75	230.50	232.50	235.00	240.25	245.25	249.25	251.50	253.00	256.50	258.50	259.00	259.25	260.00	258.50	257.00	255.00	254.25	251.00	248.50	246.00	244.25	242.50	240.75	239.50	240.50	241.25	242.50	243.00	246.50	249.00	251.25	252.00	251.00	249.00	247.25	246.25	245.75	245.25	246.25	249.25	252.25	254.50	253.75	253.25	253.25	252.00	247.75	244.75	241.25	236.00	233.75	232.25	231.25	228.75	227.00	226.00	225.00	224.50	225.50	224.50	223.25	222.50	221.00	219.50	217.25	215.25	213.75	212.75	210.75	209.00	208.00	206.00	204.75	202.50	201.00	198.50	198.75	197.75	196.75	196.00	194.00	192.50	189.75	187.75	184.25	181.75	184.25	186.75	188.50	190.25	191.25	193.50	196.50	199.75	200.00	201.25	201.75	201.00	200.25	200.00	199.75	199.25	196.75	196.25	197.50	198.50	200.75	202.50	201.75	202.00	200.75	200.00	200.25	200.00	201.75	204.50	204.00	203.00	207.00	206.50	206.50	206.50	207.50	206.75	205.25	204.00	203.50	201.25	202.00	202.00	201.00	200.25	199.75	196.75	191.50	187.25	182.25	181.00	183.75	189.00	192.00	192.25	192.25	191.75	191.00	191.00	190.25	189.00	187.75	187.50
191.50	193.75	195.00	195.50	195.75	195.25	195.00	194.25	197.00	203.50	206.75	212.25	212.50	214.50	215.75	219.00	218.50	221.00	222.75	225.25	224.75	227.00	230.75	231.75	232.75	232.00	230.00	227.50	226.75	224.75	227.25	228.50	229.25	231.75	233.75	234.00	232.00	232.25	229.50	228.75	224.50	220.75	216.25	213.50	211.75	210.50	211.75	212.75	218.50	224.25	226.25	229.50	230.75	234.25	237.75	238.00	236.50	234.25	231.75	231.75	235.50	239.25	237.50	237.50	238.00	238.75	240.00	242.50	246.00	250.00	252.00	251.50	248.25	245.25	242.25	239.25	235.25	232.00	229.00	226.75	225.75	224.50	224.00	224.00	223.25	223.00	225.50	232.00	235.50	240.50	245.50	249.50	248.25	246.25	244.75	242.00	241.25	241.75	245.00	246.75	245.00	243.25	239.25	235.25	234.00	232.50	232.50	234.00	236.75	242.75	247.50	251.00	253.75	255.00	258.25	260.50	260.75	259.75	259.00	256.25	255.00	253.75	252.25	250.00	248.25	248.25	246.25	244.50	243.00	243.00	245.50	246.00	246.75	247.50	249.00	251.50	253.50	253.00	251.00	248.25	247.00	245.75	245.25	245.00	246.25	249.00	251.75	256.50	259.00	260.25	261.25	258.50	252.50	248.75	244.75	239.00	236.50	234.50	232.50	230.50	229.50	228.25	227.25	226.00	226.50	226.25	226.00	225.00	224.00	222.50	221.00	218.25	216.50	215.25	213.00	211.50	209.50	207.75	206.25	203.25	201.75	199.25	199.50	198.75	197.25	196.50	194.50	192.50	188.75	186.50	183.25	180.50	184.50	187.50	189.50	192.00	193.00	195.75	198.25	201.25	202.00	202.75	203.50	202.25	202.25	202.50	202.25	202.00	199.25	199.00	200.25	201.25	203.00	204.75	205.00	204.75	203.25	204.50	205.00	204.75	205.75	206.75	203.25	202.00	206.25	206.00	207.50	208.50	208.75	208.00	205.75	204.25	205.00	204.75	203.75	201.25	199.75	199.00	198.25	194.50	189.50	186.25	184.50	183.50	187.00	192.00	194.00	194.50	195.25	195.75	195.00	193.50	192.75	191.25	191.25	192.75
198.50	198.25	199.50	200.75	200.75	202.50	200.50	198.50	198.75	202.25	206.25	212.25	215.00	217.50	219.00	221.25	221.00	223.25	226.00	229.00	229.50	230.50	232.50	234.00	231.75	231.00	230.00	227.50	225.75	225.75	228.50	232.00	234.25	237.25	237.25	235.00	233.25	231.75	230.50	228.00	223.25	220.00	215.25	213.50	211.75	213.00	212.75	218.25	223.75	230.00	233.75	233.00	234.50	238.50	240.50	240.00	240.25	239.50	238.75	240.75	242.75	240.50	239.25	240.50	242.25	241.75	244.25	246.50	249.00	250.50	252.25	251.75	248.75	245.50	242.50	240.00	235.50	233.75	232.00	231.50	229.75	228.00	225.00	226.75	230.50	233.00	236.00	239.75	241.00	243.50	247.75	249.00	246.75	245.25	242.50	241.25	241.00	242.00	244.25	245.25	245.50	243.50	241.50	244.25	242.50	239.50	238.25	239.25	241.25	245.75	250.00	254.00	257.25	260.00	264.75	266.75	264.25	260.75	259.75	257.75	256.50	255.50	254.75	258.25	258.50	254.75	253.50	250.50	249.00	248.50	250.25	250.25	250.00	249.75	252.25	253.00	252.50	250.50	248.75	246.00	244.25	242.50	242.50	244.25	246.50	249.50	253.25	261.25	265.75	264.25	258.75	257.00	254.25	250.25	246.75	242.25	239.25	237.50	237.25	235.00	233.25	230.00	229.50	228.00	228.50	229.00	228.00	226.75	226.25	226.50	225.00	223.00	221.75	218.75	217.00	216.25	214.50	211.50	210.00	205.75	204.75	201.00	200.00	198.50	197.75	196.75	193.50	190.25	187.25	185.75	182.50	181.25	187.50	190.25	191.50	194.00	196.50	201.50	203.25	205.00	204.75	206.50	205.25	204.75	205.75	205.75	205.25	204.50	201.25	200.75	201.25	202.25	204.75	206.75	208.00	209.00	208.00	208.75	211.00	210.00	208.75	207.25	207.50	207.50	206.50	207.25	208.75	211.00	210.75	209.25	207.50	206.00	206.75	207.25	205.75	203.75	202.25	199.75	196.25	191.75	188.25	189.75	193.00	194.25	195.00	198.00	200.25	201.25	201.25	200.25	198.50	197.00	197.00	196.25	195.50	197.25
198.50	199.00	200.25	202.50	201.75	203.25	202.50	201.25	199.50	202.75	207.25	214.50	216.50	219.00	219.50	221.50	222.25	225.00	227.75	230.50	232.50	231.25	232.50	234.25	232.50	233.00	230.00	227.00	225.25	225.25	229.50	235.00	235.75	237.00	236.00	234.75	233.00	231.75	231.50	229.00	223.00	219.50	215.00	213.75	212.25	213.75	214.50	219.50	224.00	231.50	233.25	232.00	235.00	237.00	239.50	240.50	242.50	242.25	243.75	245.50	244.50	240.00	239.75	242.25	244.25	246.00	247.75	250.25	251.00	250.50	252.50	252.25	249.75	246.50	244.00	241.50	237.75	236.75	234.50	233.75	232.00	228.50	226.00	229.25	235.00	238.00	240.25	243.00	243.25	244.00	247.25	249.50	248.50	246.50	243.25	242.25	242.25	243.75	246.25	246.50	245.50	243.25	244.75	248.50	247.25	243.00	242.25	243.25	244.25	247.50	252.25	256.75	260.50	264.50	270.00	269.50	265.50	262.75	260.75	258.75	257.25	256.75	257.50	261.50	260.25	258.50	257.75	253.75	252.25	250.75	252.00	251.75	251.50	251.25	253.25	253.25	251.50	248.75	247.00	244.25	242.50	242.00	241.75	243.50	246.00	250.50	255.50	263.50	267.00	264.75	258.00	256.00	253.75	252.00	248.25	244.75	241.50	238.25	238.75	238.25	235.75	231.50	230.75	228.50	228.75	230.25	229.25	228.75	228.00	228.25	226.50	224.25	222.75	220.25	218.75	218.75	218.50	215.50	213.25	208.25	206.50	202.00	200.75	198.00	197.25	195.25	192.00	188.25	186.75	185.00	182.75	183.75	189.50	192.25	193.25	196.50	198.50	203.75	205.00	206.25	206.00	206.75	206.00	206.00	206.50	207.00	206.50	206.25	202.50	202.25	202.75	203.75	206.75	209.00	210.25	211.00	210.25	212.00	212.25	211.50	210.50	209.00	209.00	209.00	208.00	208.50	210.50	211.50	211.75	210.50	209.75	207.75	208.00	208.00	206.00	204.50	202.75	199.00	195.00	191.00	190.00	194.50	198.25	199.00	198.00	199.75	202.25	204.25	204.50	203.25	200.75	199.75	198.25	198.00	198.00	198.00
197.25	199.50	201.75	202.75	202.75	203.75	203.75	203.75	200.75	204.25	209.00	216.50	218.75	220.00	220.25	222.00	224.75	227.00	229.00	232.00	233.50	233.00	234.00	235.00	234.75	234.75	230.75	227.00	224.75	224.75	230.00	236.25	235.25	236.00	234.50	234.25	233.75	232.50	231.75	229.25	222.50	218.75	214.50	212.50	212.75	214.50	216.00	218.75	223.00	230.00	230.75	231.25	234.25	235.50	237.75	241.50	244.25	245.25	249.25	249.25	246.25	242.00	240.50	244.25	247.00	249.75	251.50	252.50	252.75	251.50	253.00	252.75	251.75	248.50	246.25	244.25	240.25	239.50	236.75	235.00	233.00	228.00	227.50	232.00	238.00	242.00	243.50	246.00	245.25	245.75	249.50	252.25	251.50	248.50	245.00	244.75	245.00	247.00	248.25	247.75	245.50	244.00	246.00	249.00	249.25	247.00	246.00	247.00	247.50	250.50	254.50	259.50	263.25	268.75	275.75	273.25	267.50	264.50	262.00	259.00	258.50	258.00	259.00	262.75	262.50	260.50	259.50	256.00	252.75	253.25	254.25	254.25	253.25	253.00	253.50	252.75	250.25	247.50	245.25	242.50	242.00	242.25	241.75	243.25	246.00	251.50	257.00	265.25	267.75	265.00	257.50	255.75	253.75	253.00	250.00	247.50	245.00	240.75	240.00	239.75	237.50	232.50	231.00	228.50	229.00	230.75	230.50	230.00	228.75	229.00	227.00	225.25	223.75	222.00	220.75	221.50	221.50	218.50	216.00	210.00	207.75	202.75	201.50	198.00	196.25	193.25	189.50	186.25	185.00	183.25	185.50	187.75	191.50	194.00	195.00	197.50	199.75	205.75	206.25	207.25	207.00	206.75	206.25	206.75	206.75	207.25	207.50	207.25	204.00	203.50	204.25	205.25	208.00	210.25	211.50	212.25	212.25	213.25	212.25	212.50	212.00	210.25	209.75	210.25	209.75	209.75	212.00	213.00	213.25	212.75	211.50	209.25	209.00	208.50	206.25	204.00	202.00	197.50	193.75	191.75	193.00	198.00	201.50	202.50	200.50	202.75	205.50	206.50	206.50	205.50	202.50	201.00	199.25	201.00	201.00	199.75
200.25	201.25	204.25	204.50	205.75	205.50	205.75	208.00	203.75	208.25	214.25	219.50	221.75	223.00	224.50	226.00	228.00	230.75	232.50	234.75	238.00	239.00	240.25	241.25	240.25	234.75	231.75	228.25	225.75	225.75	229.25	235.50	236.50	235.75	232.75	232.00	231.50	230.75	231.25	228.00	221.25	217.75	215.75	216.00	218.00	218.50	219.50	220.25	220.75	223.00	226.50	230.50	232.50	235.00	238.00	243.25	248.25	251.00	252.75	249.50	245.75	241.50	243.25	250.50	253.75	255.25	257.00	257.50	254.50	254.50	254.00	254.50	254.50	252.50	250.25	249.00	244.75	242.25	237.25	234.00	231.00	229.00	231.25	239.00	245.00	248.00	251.75	252.75	249.75	252.50	255.25	257.25	256.50	253.50	251.25	251.50	251.50	252.50	253.50	252.50	254.25	251.00	250.25	253.75	255.50	255.25	254.75	253.25	255.25	256.00	258.75	263.25	266.75	277.75	281.00	277.00	271.00	267.50	264.25	262.50	261.75	262.75	264.50	264.00	263.25	259.50	258.50	255.75	256.00	259.50	260.50	261.25	260.25	259.00	255.25	252.25	248.25	245.25	243.00	242.00	241.25	242.75	242.50	245.00	248.75	254.50	260.00	266.00	267.50	265.50	262.50	263.75	261.25	258.50	257.00	252.00	247.50	243.50	241.75	238.50	235.75	231.50	230.25	230.25	230.50	231.25	231.00	230.75	230.00	229.00	228.25	227.50	225.75	225.25	224.25	223.50	223.00	218.75	215.00	209.75	208.00	203.75	201.50	198.00	193.25	189.25	185.50	183.75	184.00	186.00	191.25	193.75	197.50	200.00	203.00	205.25	206.00	207.00	206.75	206.50	207.75	207.25	207.25	206.75	207.50	206.75	207.00	208.50	206.00	205.50	206.25	207.75	209.75	211.25	211.25	212.75	213.50	211.25	214.00	214.50	215.50	214.75	213.75	212.75	212.25	212.25	212.00	211.50	213.00	213.50	211.00	209.25	207.75	205.00	201.75	198.50	197.00	194.50	194.00	196.50	199.50	201.25	204.00	206.75	205.50	206.25	209.75	211.00	210.50	209.25	206.50	204.25	204.50	206.50	205.00	202.00
202.50	203.00	205.25	206.25	207.50	207.00	208.00	209.00	206.25	208.50	216.00	220.50	223.00	224.25	225.75	228.25	229.50	232.00	235.25	237.50	242.00	242.50	242.25	242.75	239.25	234.50	231.75	229.75	226.75	227.25	232.25	237.75	238.00	236.75	234.50	232.25	229.75	226.50	225.50	224.25	222.25	219.75	222.75	223.25	225.25	223.50	222.75	222.25	221.50	223.00	226.25	232.50	234.25	237.50	242.00	247.50	250.50	251.25	252.75	250.00	246.00	244.00	247.00	253.25	256.50	259.25	260.25	259.75	256.50	255.50	254.00	254.25	253.00	252.25	250.25	248.75	243.00	240.00	235.25	232.50	231.25	230.75	235.00	241.25	247.75	251.75	258.00	256.25	253.50	257.00	259.50	260.25	258.75	256.75	255.75	256.50	255.75	256.50	258.50	259.00	259.50	256.25	254.75	256.75	258.25	259.50	258.75	258.00	259.50	260.25	261.25	264.75	268.25	277.00	280.75	278.25	273.25	270.50	267.50	265.50	265.50	266.75	268.50	266.75	264.00	261.00	260.00	258.00	258.75	262.50	265.00	267.25	267.75	265.00	259.00	255.00	251.00	248.00	246.25	245.25	244.00	245.75	246.25	249.25	253.00	259.75	264.50	267.75	267.25	264.25	261.50	262.75	260.50	258.25	256.75	251.75	247.25	243.50	241.25	237.25	235.25	232.50	232.00	232.50	232.50	232.50	232.25	231.75	230.50	230.00	229.25	229.00	227.25	226.25	224.25	222.75	221.50	217.75	214.50	210.25	207.75	203.00	200.75	196.25	190.00	186.75	186.00	186.25	186.75	188.75	194.75	198.50	203.50	206.00	208.00	209.25	209.25	208.50	208.25	208.00	209.00	208.75	209.00	208.50	209.00	208.75	208.00	209.75	209.00	207.00	207.25	208.75	210.75	212.25	212.50	214.00	214.50	213.50	214.50	215.75	217.75	217.50	216.75	215.50	214.00	213.25	212.00	211.75	211.50	210.75	208.25	205.25	204.00	202.00	199.75	199.00	199.25	198.75	199.50	202.25	204.25	205.50	207.50	210.00	208.25	209.50	213.25	214.25	213.25	211.75	208.75	208.50	208.50	209.25	207.50	204.75
205.00	205.25	207.00	207.50	209.25	208.75	209.50	210.00	208.75	208.25	216.25	220.75	224.00	226.00	227.75	229.75	230.75	232.25	236.25	239.00	244.25	244.50	242.50	241.50	237.00	235.00	232.50	230.50	227.75	229.25	233.75	239.00	239.00	236.75	233.75	232.00	228.75	222.50	219.75	220.25	221.75	223.50	230.50	231.50	231.75	227.75	225.25	223.50	222.00	224.25	229.00	236.25	237.00	241.00	245.75	250.75	251.00	250.75	253.50	251.00	248.00	249.00	251.25	255.50	258.25	261.25	263.25	262.50	259.00	256.50	255.25	252.00	251.25	250.25	248.50	246.25	240.00	236.25	233.50	231.75	231.75	232.75	238.00	243.00	249.50	255.25	262.00	259.50	259.50	263.00	265.25	264.25	261.50	260.50	260.75	261.25	257.75	259.50	262.75	264.50	262.75	260.50	259.25	260.75	261.50	264.00	263.25	263.00	262.00	263.25	263.75	266.00	269.50	275.00	280.50	279.75	275.00	273.00	272.25	269.50	270.00	271.25	272.50	270.25	266.00	263.75	262.25	260.75	261.00	264.25	268.00	275.50	275.00	271.25	263.50	259.25	255.75	253.75	252.75	250.25	248.50	250.00	250.75	253.25	257.25	265.75	269.25	269.50	266.00	262.75	259.25	258.25	256.50	255.50	253.25	249.75	246.00	243.50	240.75	236.00	234.50	234.75	234.50	235.25	234.75	234.25	233.25	232.75	231.50	231.25	231.50	230.25	228.25	227.25	224.75	223.00	220.75	217.25	214.50	211.00	208.00	201.50	198.25	193.25	187.50	187.75	192.00	191.25	190.00	191.00	198.00	203.75	210.75	212.25	211.50	211.25	211.25	210.50	210.50	210.00	210.50	209.75	209.50	210.00	210.50	210.50	210.00	210.50	211.75	208.75	208.50	209.75	212.75	214.75	215.25	215.50	215.75	216.25	215.50	216.00	217.75	218.25	219.00	217.75	215.25	213.75	213.25	212.75	210.25	207.75	206.00	203.25	203.25	201.75	201.00	203.25	205.50	205.00	205.75	207.75	209.00	211.00	211.75	212.00	210.75	212.00	216.00	215.75	215.50	213.25	211.75	213.00	211.00	210.50	210.00	208.00
208.75	208.75	209.50	209.75	210.50	211.00	212.00	212.00	211.00	209.75	216.50	221.50	224.50	227.25	230.00	230.25	233.00	234.25	235.50	238.50	242.75	243.50	242.50	242.00	238.75	237.25	232.25	231.50	231.50	231.75	232.50	235.50	236.25	236.25	235.50	232.75	225.75	220.25	219.00	219.50	219.75	225.50	235.50	237.50	234.25	229.75	228.00	227.00	228.50	226.50	230.25	238.00	239.75	244.25	245.75	249.25	253.00	254.00	256.75	258.00	255.00	255.00	258.25	261.00	264.00	264.75	264.75	261.00	259.75	255.00	253.00	251.00	247.00	245.00	243.25	241.25	238.50	237.50	234.75	234.25	234.25	236.50	243.00	249.25	254.25	260.25	264.25	266.50	269.75	272.25	272.00	270.50	267.50	266.75	264.75	259.25	257.25	260.25	266.00	267.75	266.50	265.50	263.75	266.00	268.75	270.50	270.50	267.00	266.25	268.50	271.00	271.75	273.25	277.50	282.00	283.50	282.50	281.25	281.00	278.50	277.25	277.25	277.00	274.75	271.50	268.50	266.50	265.00	265.25	267.75	271.25	280.50	285.75	280.25	270.00	266.25	265.50	265.25	260.75	258.75	256.50	257.00	258.75	258.50	258.25	262.00	261.50	262.50	261.25	262.00	258.25	256.00	254.25	252.50	250.50	246.00	244.25	240.00	237.75	237.25	236.25	239.25	240.50	240.00	238.50	237.75	237.00	237.25	237.50	236.50	234.50	233.50	232.00	230.50	227.00	225.00	222.00	217.50	214.50	209.50	206.00	197.75	192.75	189.50	188.25	199.75	205.50	202.25	195.50	194.75	200.50	206.25	213.00	215.25	215.50	215.00	213.50	210.75	210.25	210.25	210.75	211.00	212.00	213.00	213.50	213.25	212.00	212.75	212.25	212.00	210.50	212.25	215.25	216.25	217.00	215.50	215.50	218.25	217.25	217.00	217.25	217.25	217.75	218.50	218.75	218.25	216.00	214.00	212.00	209.25	207.25	207.50	209.25	208.00	207.25	209.50	211.00	211.25	213.50	215.00	216.00	217.00	216.25	216.25	215.75	217.00	217.50	217.25	217.25	216.25	214.50	215.25	213.50	212.25	211.25	210.50
210.25	210.50	211.00	211.50	212.50	212.25	212.75	213.00	210.75	211.50	216.50	221.25	224.00	226.75	230.00	230.25	233.00	234.50	235.75	237.50	240.75	242.00	242.25	242.75	240.00	237.25	233.50	234.50	234.25	233.25	232.25	234.00	233.50	236.00	234.75	231.75	224.25	219.75	219.00	219.50	219.50	222.25	231.00	235.25	233.00	230.25	230.50	230.00	232.00	229.00	230.25	236.00	239.25	244.75	246.25	249.25	253.50	255.25	258.25	260.75	258.25	259.25	262.25	266.25	268.00	266.75	263.00	260.50	259.00	255.00	252.50	249.25	246.00	244.50	243.25	242.25	240.50	239.00	236.75	236.25	236.00	238.25	246.75	252.50	256.00	261.50	264.75	267.75	271.00	271.00	272.50	272.25	269.25	268.50	262.00	257.00	256.50	259.50	267.00	269.75	269.25	268.50	266.75	268.25	271.00	273.00	272.25	268.75	269.25	272.25	274.50	275.75	276.25	279.25	284.25	287.75	287.00	284.00	283.50	281.00	280.00	279.75	279.25	279.00	277.00	272.50	270.75	269.50	268.75	268.25	272.00	280.00	288.25	282.75	272.00	268.25	267.50	266.00	263.00	262.25	260.50	261.50	262.75	260.50	257.75	258.75	258.00	259.25	259.50	261.50	258.00	255.00	253.00	251.00	249.00	245.00	242.75	240.00	239.75	239.25	238.75	241.25	243.00	241.50	240.50	240.50	240.25	241.25	242.25	240.75	237.25	235.75	235.50	235.00	231.50	228.75	224.75	218.75	214.50	209.75	206.50	196.25	191.00	191.25	194.00	205.50	207.75	205.25	199.75	198.50	203.00	209.00	212.50	214.75	215.25	214.75	213.25	208.75	208.50	210.50	212.00	213.25	214.00	214.25	214.75	214.75	213.00	213.00	212.00	211.25	209.00	210.75	214.75	217.00	216.50	213.75	215.50	218.50	219.00	219.00	217.25	217.00	217.25	218.50	219.75	219.00	216.50	215.25	213.25	211.00	208.75	209.25	210.50	210.00	209.00	209.50	211.00	211.50	215.75	218.00	218.50	218.75	217.50	216.50	217.50	218.25	217.75	218.25	217.50	217.25	216.00	216.25	215.25	213.75	211.75	210.50
213.75	212.50	215.50	214.00	213.50	214.25	214.00	213.25	210.75	213.00	215.00	218.00	220.00	226.00	228.00	228.75	230.50	230.50	232.25	234.75	236.50	238.25	241.50	241.00	239.50	239.50	242.00	242.75	240.50	234.25	230.75	230.75	231.00	234.00	233.75	230.00	224.50	221.00	219.75	219.00	219.25	219.25	220.75	226.75	228.75	232.75	234.50	236.00	235.00	232.75	232.75	235.00	238.75	243.25	247.25	250.50	255.25	257.75	260.25	261.50	262.25	265.25	270.00	273.25	270.50	265.50	262.75	259.50	256.75	253.75	252.25	249.50	247.75	248.50	247.50	246.25	245.75	243.00	242.25	241.25	241.50	241.75	248.50	253.00	257.25	265.50	268.00	270.50	272.75	274.00	278.25	277.25	272.00	266.25	256.75	256.00	255.75	257.75	263.25	267.00	270.50	272.25	271.00	272.50	274.00	275.75	275.00	274.25	274.50	277.50	279.75	282.00	281.50	282.50	287.00	287.75	284.25	284.75	283.50	282.00	280.75	279.25	280.00	283.75	282.25	280.75	279.50	279.00	276.00	271.50	274.25	279.25	282.50	278.25	272.00	267.75	266.75	267.00	267.00	265.25	263.25	263.25	263.00	262.50	261.00	258.00	256.50	256.25	256.00	256.75	255.25	252.75	250.25	248.00	246.25	243.75	243.25	243.00	244.00	245.75	246.25	246.50	246.25	245.25	246.00	246.25	245.75	246.25	247.25	245.75	243.50	243.00	241.25	238.75	238.00	236.00	229.50	221.50	214.75	209.00	206.75	198.00	201.50	203.50	206.25	215.00	220.50	212.25	210.50	209.75	208.75	210.75	214.00	215.75	215.75	215.50	214.50	211.75	213.50	216.00	217.00	216.00	215.25	215.00	215.00	215.00	214.00	213.25	211.25	210.00	205.75	206.75	215.50	220.50	219.50	219.50	218.50	218.50	220.75	220.50	219.00	217.75	216.00	215.75	217.25	217.25	218.00	218.50	218.00	215.25	214.50	215.25	215.25	213.00	210.75	208.50	210.25	213.75	218.75	219.75	220.00	219.25	218.00	216.50	219.00	218.00	218.25	216.75	218.75	218.50	219.25	219.50	217.75	215.75	213.25	211.00
213.00	214.50	216.50	215.50	216.00	215.50	215.00	212.00	210.00	212.00	214.50	215.00	216.00	218.00	223.00	221.00	221.00	224.00	229.00	230.00	235.00	236.50	239.50	240.00	238.50	240.00	246.00	247.50	244.00	238.00	231.00	230.50	230.00	233.00	233.50	231.50	227.50	222.00	220.00	219.00	219.00	219.00	219.00	225.00	230.00	235.50	237.50	236.00	235.50	234.00	234.50	239.00	239.50	242.00	245.00	250.50	255.50	255.50	256.50	258.50	261.00	267.00	271.50	274.50	270.50	266.50	262.50	258.50	256.00	255.50	254.00	252.00	253.50	254.00	252.00	250.50	249.00	246.50	245.00	244.50	244.50	243.50	251.00	257.50	261.00	268.00	269.00	287.00	282.50	283.00	291.50	286.50	272.50	266.00	257.50	256.50	256.00	257.00	261.50	267.50	271.50	276.00	275.50	276.00	277.50	279.00	279.50	278.50	278.00	280.00	282.00	284.00	283.50	284.00	286.50	285.50	285.50	287.50	284.50	281.00	280.50	278.50	278.50	281.00	281.00	282.00	281.00	278.50	276.00	271.00	272.00	276.50	277.00	275.00	271.00	268.50	267.00	265.50	267.00	266.50	264.00	262.50	260.50	263.00	261.00	259.00	258.00	256.00	254.50	253.50	252.00	251.00	248.50	247.50	246.00	247.00	246.00	246.50	246.50	248.00	244.50	248.00	248.50	247.00	249.00	248.50	248.50	249.00	247.50	245.50	245.50	245.00	241.50	238.50	235.00	232.50	227.50	220.00	213.50	208.50	206.50	204.50	201.00	196.00	193.50	196.50	221.00	217.50	218.00	218.50	218.50	218.00	227.50	228.00	225.00	222.50	221.50	220.00	219.50	218.50	218.50	217.00	216.00	216.00	215.00	213.00	212.00	210.50	210.00	209.50	207.50	210.50	218.50	224.00	224.50	224.00	223.50	221.50	223.00	221.50	221.00	220.00	218.00	217.00	217.50	218.00	217.50	219.00	218.00	216.00	216.50	218.50	219.50	216.50	213.00	209.50	212.50	214.50	217.50	219.50	219.50	221.50	220.50	220.00	220.50	219.50	218.50	217.00	219.50	219.50	220.00	218.00	217.50	215.00	213.00	211.00
214.25	215.00	218.00	217.50	215.75	216.00	213.75	211.25	210.00	210.50	212.00	213.25	213.75	215.75	217.00	218.25	219.75	222.50	226.00	229.00	233.50	234.50	236.50	237.25	238.25	240.50	245.50	248.75	246.00	238.50	233.25	230.75	232.25	237.50	237.25	234.50	231.00	224.50	219.75	219.25	218.75	218.75	219.25	224.50	231.25	238.75	237.50	235.75	236.50	237.50	237.75	242.75	243.25	243.75	244.50	247.50	250.75	251.00	253.00	255.75	263.75	269.50	273.00	273.75	270.00	265.75	262.00	260.75	260.25	261.00	258.25	258.50	258.50	256.75	254.75	254.75	250.75	249.50	247.25	246.75	245.75	246.50	259.50	262.25	262.25	264.75	267.25	282.00	282.50	285.75	289.75	284.00	271.75	269.50	260.50	257.75	257.00	259.50	267.50	272.75	277.50	279.00	279.00	280.75	281.75	283.00	282.50	283.00	282.25	283.50	283.75	283.50	285.50	285.25	287.25	289.00	289.25	289.00	286.50	284.25	280.75	280.25	280.00	279.25	280.25	280.25	277.50	276.25	275.00	269.25	269.00	270.25	270.75	270.00	270.50	268.00	266.00	264.50	266.50	267.25	265.75	262.50	262.00	261.00	261.75	259.50	257.75	258.00	256.50	255.00	251.50	250.25	248.50	248.50	249.75	250.00	250.25	249.75	249.25	248.75	250.00	249.75	250.00	250.75	252.75	251.25	249.75	249.25	246.00	244.75	244.75	244.75	240.75	236.50	230.75	227.50	223.50	217.00	212.00	208.25	206.00	202.00	199.50	194.75	194.25	207.50	223.00	229.75	229.00	230.25	229.00	228.00	235.50	247.00	239.75	241.25	242.00	233.00	227.50	224.25	223.25	222.00	221.00	220.00	217.50	215.50	212.00	211.75	210.25	210.00	210.00	213.25	221.25	226.00	227.00	227.25	226.50	226.25	224.75	223.25	222.50	222.00	220.00	220.00	218.50	218.00	217.75	216.25	214.50	216.25	219.50	221.50	221.50	220.25	216.50	214.50	215.50	217.25	218.75	219.75	221.00	222.50	222.75	223.50	220.75	220.50	219.50	219.25	225.50	224.50	224.25	220.75	218.50	216.00	213.75	211.50
216.00	216.00	218.75	221.25	219.00	217.75	215.00	212.75	212.50	213.25	213.00	216.00	215.75	219.00	220.50	219.75	218.25	222.00	223.75	227.50	230.50	231.50	234.75	237.25	240.50	244.50	250.00	250.75	247.00	240.50	237.25	238.00	241.00	240.00	238.25	235.25	229.75	224.75	221.00	219.25	218.75	218.50	221.50	230.25	235.75	238.50	240.00	242.25	244.00	245.00	246.00	246.75	246.50	246.50	246.50	247.25	247.75	248.25	251.50	256.50	263.25	270.75	273.75	273.00	271.25	269.00	267.25	268.50	269.00	267.25	266.00	265.50	263.50	261.00	258.50	256.25	253.50	251.50	250.00	248.50	249.25	256.50	259.00	260.50	261.50	263.50	266.25	280.25	291.00	291.00	285.00	280.00	273.25	269.25	262.00	261.00	264.75	270.75	278.25	282.50	282.75	282.00	282.50	285.50	286.75	287.25	286.25	284.50	285.25	285.50	286.25	285.00	285.00	287.00	288.50	290.00	289.50	287.50	287.25	285.50	281.25	278.75	279.50	279.50	284.00	286.00	281.50	277.25	273.00	269.50	268.25	267.75	264.75	266.75	267.00	266.25	264.00	263.00	264.50	266.25	263.25	260.00	259.50	262.00	263.50	262.75	263.00	264.75	259.50	257.25	254.50	252.50	251.25	251.50	254.25	254.75	255.50	254.50	253.75	250.75	253.75	257.00	256.00	254.50	253.75	249.75	247.00	244.50	242.50	241.75	243.00	241.50	235.25	230.75	226.75	224.75	219.00	214.00	210.75	205.25	201.75	196.50	193.75	195.50	204.50	220.75	233.50	237.00	236.75	234.75	230.00	230.25	234.50	239.25	244.75	248.00	255.50	267.50	259.25	241.50	239.25	233.75	229.25	224.75	222.00	219.75	217.25	215.75	213.75	212.50	213.00	215.50	219.00	220.75	224.50	227.25	229.00	229.25	229.00	228.25	226.75	225.00	222.00	219.50	217.25	216.50	213.50	209.00	209.50	215.25	223.00	224.25	223.50	222.50	220.75	221.25	221.50	221.75	223.25	222.50	222.75	223.50	223.75	223.00	222.00	223.00	222.00	224.00	229.75	229.50	224.00	220.75	221.25	217.00	214.50	212.50
217.00	217.00	218.75	221.00	220.50	219.50	216.50	214.00	213.25	213.75	213.50	216.50	216.75	219.75	221.50	221.00	219.00	221.25	223.75	226.75	229.75	231.25	234.75	238.00	241.75	245.50	251.50	252.00	246.75	242.25	240.00	239.75	241.75	239.25	237.50	233.75	229.00	225.00	221.75	220.00	219.00	219.25	224.75	232.50	237.25	240.00	242.00	246.00	247.00	248.00	249.00	248.00	247.50	247.75	248.00	249.00	248.25	248.50	251.00	255.75	263.50	270.25	275.25	276.50	275.00	273.25	271.75	272.00	272.50	269.00	269.75	267.75	265.25	262.75	259.75	257.25	255.75	252.50	250.75	248.25	249.50	253.50	257.50	261.25	262.75	264.25	267.25	280.50	291.25	288.00	282.75	276.75	271.50	267.75	264.50	266.50	271.75	277.00	283.75	286.75	286.25	285.50	285.25	288.00	289.25	289.25	287.50	285.75	285.25	286.00	286.75	285.00	284.50	285.75	287.75	287.50	290.75	286.25	285.50	284.25	280.25	278.00	278.25	279.50	285.75	288.50	283.75	278.50	272.75	268.50	267.50	265.75	264.00	266.75	267.00	265.50	263.00	261.00	262.50	264.50	262.25	259.00	258.25	262.75	264.75	265.50	265.75	265.50	263.00	260.75	258.25	256.25	254.00	253.00	254.50	256.25	256.25	254.25	253.75	252.00	255.50	257.00	256.25	253.00	252.00	248.25	244.50	241.50	239.00	238.75	241.75	239.00	232.75	229.75	226.25	223.25	217.50	212.50	209.25	202.25	198.75	194.50	194.25	199.25	207.50	219.75	233.00	236.50	234.75	232.00	227.75	228.75	233.25	236.50	241.75	247.00	256.00	266.75	267.00	257.25	258.75	248.00	237.00	229.00	224.75	221.50	219.50	218.50	216.00	214.75	214.50	215.25	214.00	213.50	218.00	224.50	228.25	230.75	231.00	230.50	228.25	227.25	223.75	219.00	216.00	214.75	213.00	209.25	210.00	215.75	222.75	225.50	224.00	222.50	221.00	222.25	223.25	224.00	224.50	224.75	224.50	223.00	222.00	222.25	222.75	223.25	223.00	224.25	230.75	230.00	223.00	221.50	222.00	218.75	215.75	212.50
219.25	220.25	221.50	223.00	222.00	221.75	219.25	216.50	215.00	215.00	214.75	217.50	219.75	222.50	224.50	221.75	220.75	220.75	223.00	225.00	228.50	232.50	237.00	238.50	242.75	246.00	251.75	253.50	251.00	247.50	244.00	241.50	240.50	239.00	237.25	234.00	232.25	229.50	226.50	224.00	221.75	222.50	227.50	230.25	233.75	239.00	245.75	250.25	250.75	249.75	248.75	250.75	252.50	253.25	254.25	254.00	251.75	251.25	256.00	259.75	269.75	278.25	283.25	283.25	282.50	280.00	275.00	275.25	274.75	273.75	271.00	269.00	266.25	264.50	262.00	259.25	255.50	252.25	248.25	248.25	251.25	257.25	269.50	271.00	271.75	273.00	274.50	280.25	284.75	284.00	281.25	277.75	272.25	270.75	273.00	278.00	284.75	288.50	291.25	293.00	293.25	293.00	293.50	293.75	293.75	292.75	289.75	286.25	284.75	285.75	283.75	283.50	283.00	284.25	285.25	284.75	287.00	286.00	284.75	283.75	281.00	278.50	278.00	280.25	286.25	287.25	284.50	280.50	274.00	268.75	266.50	264.50	262.25	261.50	265.50	264.00	261.50	259.00	259.50	262.25	261.00	260.50	261.75	267.75	269.00	270.25	270.75	268.25	266.25	266.75	265.00	261.25	257.50	254.25	255.75	256.25	253.00	250.50	250.50	252.25	254.00	254.75	254.50	251.75	249.75	245.25	242.25	239.75	234.75	232.50	231.75	228.75	224.75	223.25	219.75	216.25	211.00	205.25	201.50	197.00	195.75	199.75	203.75	209.25	216.25	224.25	231.50	229.50	224.50	227.00	232.00	231.00	234.75	235.75	239.25	244.50	248.50	254.00	259.25	269.00	273.50	269.25	263.25	250.50	237.50	230.25	224.25	225.00	220.75	219.25	217.50	213.75	208.75	205.25	206.50	215.75	222.25	231.00	233.00	232.50	231.75	229.75	225.25	221.25	217.75	217.25	215.50	214.50	214.75	217.00	220.50	224.25	225.25	219.50	214.75	218.25	222.00	225.00	225.75	226.50	225.50	224.00	223.75	223.75	221.50	223.25	225.00	224.25	226.50	225.75	223.25	223.25	222.50	217.25	213.50	208.50
221.00	221.75	223.00	224.00	224.00	223.25	220.25	218.50	217.00	217.25	218.00	221.75	223.25	224.25	224.50	222.75	221.75	221.75	223.00	224.50	228.50	232.75	236.50	238.00	241.50	245.00	249.75	253.75	253.75	248.75	245.25	242.75	241.25	240.25	239.25	237.75	235.25	232.75	228.75	227.75	223.00	222.75	224.50	224.75	229.50	237.00	243.25	246.75	246.50	246.50	249.25	255.75	257.50	259.50	259.50	257.75	256.75	257.50	262.25	267.50	276.25	283.75	285.50	285.00	284.00	280.75	276.50	276.50	275.75	275.00	272.25	270.00	267.25	264.25	260.25	258.25	253.25	251.25	249.00	251.75	259.00	263.50	273.50	281.50	286.00	287.25	284.50	288.00	296.00	297.25	290.75	285.50	279.25	277.50	280.75	285.25	292.50	293.25	295.25	295.25	295.00	295.75	295.75	296.75	296.75	295.00	292.25	288.00	285.50	285.25	283.50	282.25	282.25	284.50	284.25	284.50	287.50	288.75	288.25	284.75	281.00	278.00	277.75	279.75	282.75	285.75	285.00	281.50	277.00	272.50	268.75	265.25	262.00	260.00	261.00	260.25	258.75	258.25	259.25	262.00	260.25	260.25	262.25	265.50	266.00	269.25	267.25	263.25	260.75	261.75	264.75	261.00	257.25	254.00	253.50	252.50	250.00	247.75	247.75	249.75	252.00	254.00	253.25	250.00	248.00	243.50	241.25	237.75	233.50	230.25	227.25	223.75	220.00	217.00	212.75	207.75	204.25	200.50	198.25	198.00	199.00	204.75	209.75	216.75	224.00	228.75	231.25	231.00	232.50	233.75	235.50	235.25	236.25	237.00	238.50	240.25	241.75	248.50	251.75	259.75	266.25	268.50	270.75	263.75	247.50	239.50	236.50	233.50	226.25	223.75	220.00	216.75	211.25	205.25	205.00	210.75	217.00	223.75	227.25	229.00	231.75	230.50	227.50	225.25	223.00	222.25	219.50	218.25	218.25	219.00	220.50	224.25	225.00	218.00	214.50	218.25	222.50	226.25	228.75	228.25	227.50	226.00	226.75	225.75	224.00	225.00	225.50	223.50	223.25	221.75	218.50	215.75	215.00	212.75	210.25	206.75
222.00	223.25	224.25	224.50	226.25	224.00	221.25	220.25	218.50	219.75	222.00	225.75	226.75	225.50	225.25	224.00	223.00	222.50	223.50	224.50	227.75	231.25	234.50	235.75	240.00	243.50	248.25	252.25	255.00	249.50	247.25	245.00	243.50	243.25	242.25	240.75	238.25	234.75	230.50	230.50	223.75	222.25	222.25	221.00	224.50	233.75	238.50	239.50	238.50	244.00	251.00	259.75	262.00	264.50	265.50	262.50	262.50	264.25	269.50	274.50	280.75	285.00	284.25	285.00	283.50	280.25	277.75	277.50	277.50	274.75	272.75	271.00	267.75	263.75	259.50	256.25	252.00	251.25	252.00	257.50	266.50	268.50	274.75	286.50	294.00	301.25	294.00	294.25	303.75	309.75	302.75	297.50	290.50	286.25	288.50	292.75	297.50	296.75	296.75	296.25	294.75	296.50	296.50	298.25	297.00	295.25	293.75	289.75	286.00	284.50	283.50	282.00	282.00	283.50	284.25	283.50	287.25	289.00	287.75	283.75	280.00	276.50	276.75	277.25	279.25	283.25	283.75	280.75	280.25	276.00	271.00	267.25	261.75	260.00	257.25	255.75	254.75	255.75	257.00	259.50	258.25	258.00	260.25	261.75	262.25	265.50	262.25	258.00	256.75	256.25	263.50	260.25	256.00	253.50	250.75	249.75	247.50	245.50	245.50	247.50	250.25	252.75	251.75	247.50	244.50	241.25	240.00	237.50	235.00	231.25	225.75	221.25	216.50	212.25	205.75	200.50	199.00	197.75	198.75	201.75	204.25	211.25	216.00	223.75	230.25	233.50	234.00	236.25	239.25	237.75	237.00	237.75	236.75	237.00	236.50	235.75	236.00	242.00	244.75	254.25	260.75	264.25	266.75	264.00	252.50	250.00	254.50	245.25	233.75	232.75	230.25	226.25	220.50	213.50	208.75	210.25	213.25	216.25	219.75	225.00	230.75	230.75	230.00	229.25	227.25	225.75	223.75	221.75	221.00	221.25	221.50	224.50	224.75	219.25	216.75	220.75	225.25	227.75	230.50	229.75	229.00	228.00	228.00	227.50	226.25	226.50	225.00	223.25	222.25	220.75	215.50	210.75	211.00	209.25	208.50	209.75
222.75	224.50	225.50	226.50	226.50	224.75	222.75	220.75	222.00	225.00	226.50	227.75	230.00	229.00	227.75	227.00	225.50	224.50	224.50	225.75	225.50	229.25	231.00	234.25	237.75	240.75	246.25	251.00	252.75	249.75	248.50	248.00	247.25	247.00	244.75	242.00	239.00	235.50	233.25	231.75	224.25	221.75	221.00	220.25	220.75	227.25	230.75	234.25	235.50	242.25	251.75	258.50	263.50	270.00	272.00	270.00	271.25	273.00	280.50	281.50	284.25	284.00	283.00	281.75	281.25	281.75	280.00	280.25	279.00	276.75	275.50	270.25	265.75	263.25	259.75	256.75	253.25	252.50	258.75	264.00	270.25	275.25	281.75	287.75	292.50	300.50	299.75	309.50	314.50	321.00	326.25	322.75	309.00	302.50	299.25	298.25	301.00	301.00	297.25	295.50	294.75	294.25	295.00	295.75	294.75	292.50	291.75	289.50	286.25	284.50	281.50	282.00	281.00	280.75	282.50	282.25	283.25	283.75	282.25	279.75	277.75	275.50	274.00	273.50	276.25	278.75	281.00	282.50	282.25	274.00	270.25	267.25	264.25	262.50	260.50	259.00	255.25	251.50	250.75	251.25	253.00	256.25	257.75	258.00	260.00	265.50	260.50	255.00	252.75	252.00	255.50	255.50	253.50	252.25	249.50	248.75	246.75	244.25	242.00	243.75	245.25	248.25	247.75	243.75	238.75	237.00	238.50	239.75	237.50	232.00	226.50	218.75	210.00	204.25	201.00	200.50	200.75	202.50	203.75	209.75	216.25	229.25	231.00	232.50	233.75	235.00	236.75	238.75	242.75	242.00	240.25	238.75	236.75	235.25	235.00	235.00	235.00	236.50	243.25	252.50	257.75	260.50	263.50	262.00	259.00	262.00	270.75	265.25	248.25	247.00	253.50	245.00	237.25	230.75	224.00	217.75	215.75	214.50	217.75	223.25	231.00	233.25	233.25	232.25	230.75	229.00	229.25	228.00	225.75	225.25	224.75	225.75	225.00	224.25	222.25	222.50	226.00	227.50	229.50	231.00	231.25	230.00	228.00	228.00	226.50	226.25	226.00	224.50	222.00	219.75	218.50	220.25	221.00	220.25	220.75	215.25
224.50	226.00	226.50	226.00	226.00	225.50	223.00	223.00	225.00	229.00	228.00	233.00	232.00	232.50	232.00	230.00	229.00	227.00	226.50	226.50	228.50	229.00	231.50	231.50	236.00	241.50	245.00	251.50	251.00	247.50	247.00	247.50	248.00	246.50	242.50	240.00	239.50	237.50	236.00	233.00	225.00	222.50	221.50	220.00	222.00	226.50	236.50	242.50	239.50	243.50	249.50	257.00	267.50	276.00	274.50	273.50	275.00	279.50	285.00	287.50	287.00	286.00	285.50	285.00	283.50	282.00	283.50	280.50	278.50	274.00	272.00	268.50	264.50	262.00	258.00	256.50	253.50	255.00	260.50	268.50	276.50	281.50	288.00	292.00	292.50	294.00	295.00	311.50	311.50	321.50	335.00	331.00	316.50	310.00	305.50	305.00	311.50	305.00	298.50	295.50	295.00	294.00	293.50	293.50	292.00	290.50	289.00	288.50	287.00	284.50	283.00	283.00	279.50	279.50	281.50	280.50	281.50	281.50	283.50	280.50	276.50	275.50	274.00	271.00	273.00	277.50	280.50	285.00	282.00	272.00	268.00	267.00	271.00	273.00	271.00	264.50	258.50	252.50	249.00	248.00	250.00	255.50	254.50	257.00	263.50	265.50	259.50	254.00	251.50	249.00	251.50	252.00	252.00	251.50	248.50	245.00	245.00	242.50	240.50	240.00	244.00	246.50	243.50	240.50	237.50	235.00	236.00	236.00	232.00	229.00	222.50	211.50	202.50	201.00	202.50	203.50	204.50	206.00	208.00	217.00	223.00	233.50	237.00	237.00	237.50	238.50	239.50	244.00	245.00	244.00	240.00	237.50	237.00	235.50	235.00	235.00	235.00	235.00	241.00	250.00	254.00	258.00	264.00	266.50	266.50	270.50	264.50	261.00	252.00	257.50	259.00	255.50	241.50	234.50	231.50	227.50	223.00	216.50	219.00	224.50	228.00	232.50	237.00	236.50	234.50	232.50	233.50	232.00	230.50	228.50	227.50	227.00	228.50	225.50	224.00	226.50	229.50	229.50	232.00	233.50	232.50	232.00	231.50	230.50	229.00	229.00	227.50	224.50	222.00	220.50	220.00	219.00	218.50	218.00	213.50	215.00
226.75	227.50	226.25	229.00	226.75	226.25	225.50	225.00	228.00	228.75	231.25	233.00	234.50	236.75	237.75	235.25	233.75	231.50	229.00	229.50	231.25	228.75	230.00	232.50	236.00	240.25	246.75	250.75	250.50	247.50	245.50	245.75	245.50	239.75	236.75	234.00	233.25	236.25	238.00	236.25	229.00	225.00	222.50	222.50	224.75	231.25	243.50	248.00	242.00	245.50	250.50	259.50	270.25	281.00	271.75	274.50	282.25	286.50	293.25	296.00	294.50	289.75	287.25	286.00	284.75	284.25	283.50	280.25	277.75	274.00	271.50	268.50	263.25	261.25	258.25	257.25	254.25	258.00	269.00	279.50	285.50	286.00	289.75	292.75	291.00	290.25	291.50	304.00	305.50	309.50	322.75	330.00	318.00	311.75	305.25	308.75	306.25	302.25	296.75	294.50	293.75	293.00	292.50	292.50	290.25	290.50	289.00	289.00	286.25	284.00	282.50	282.25	280.25	277.50	278.00	279.00	279.50	280.50	281.75	279.50	276.00	273.50	272.75	270.50	270.25	272.00	272.75	273.50	273.25	269.00	266.50	268.25	272.75	272.00	269.00	264.25	257.25	252.00	249.75	247.75	247.50	249.75	250.75	254.25	259.00	258.75	256.75	252.75	249.25	247.75	250.25	249.50	249.00	247.75	244.75	242.25	240.50	239.50	236.50	237.25	242.00	239.50	238.25	238.25	235.00	230.50	229.50	228.75	224.25	220.25	212.00	204.50	202.25	207.25	214.25	209.25	210.75	211.25	210.75	219.25	227.25	237.00	240.25	242.00	241.50	239.50	241.25	244.25	241.75	242.50	242.00	240.50	238.00	235.75	235.00	235.00	235.00	235.00	239.00	247.25	249.00	252.50	257.75	260.25	264.50	271.25	278.25	270.25	262.25	267.75	283.25	278.25	254.75	242.50	238.00	232.25	227.75	221.50	219.00	221.00	224.50	230.50	235.50	239.50	241.00	238.25	236.75	237.00	234.00	234.00	234.25	233.00	231.00	229.00	227.50	228.25	229.75	231.00	231.75	231.75	233.75	233.50	233.25	232.50	233.00	231.25	229.00	226.25	221.75	221.25	220.00	217.75	215.00	209.75	204.50	194.00
226.00	227.50	228.00	226.50	227.00	228.50	227.50	228.00	229.00	231.50	232.50	235.00	236.00	242.00	242.00	240.00	238.00	234.50	233.00	232.50	233.00	230.50	231.50	234.00	236.00	242.00	247.50	249.00	248.50	248.50	247.50	245.00	241.00	233.50	231.50	230.00	230.00	232.00	237.50	237.50	233.50	230.50	229.00	232.00	240.50	241.00	248.50	249.00	245.00	249.50	253.00	261.00	268.00	268.00	269.50	276.00	286.50	291.00	301.00	306.00	297.50	292.00	289.50	288.00	286.00	286.00	284.50	282.00	279.00	276.00	272.00	268.00	264.00	262.50	259.50	257.50	256.00	260.50	274.50	286.00	288.00	290.50	291.50	289.00	289.00	287.50	287.50	293.00	294.50	303.00	322.00	330.50	319.00	312.00	306.00	303.50	301.50	296.50	291.00	290.50	292.00	293.00	292.00	292.00	290.00	290.00	289.50	289.50	288.00	286.50	282.00	279.00	277.50	275.50	275.00	276.00	277.50	278.00	279.50	278.00	276.00	273.00	272.50	268.00	266.50	267.00	267.00	265.00	266.50	267.00	265.00	265.00	264.00	263.00	259.00	259.50	260.00	257.00	253.00	249.50	245.50	246.00	248.50	249.50	250.00	251.00	253.00	252.50	248.50	246.00	247.00	247.00	245.50	243.50	241.50	239.50	237.50	233.00	230.00	212.50	237.50	238.50	238.00	235.00	230.00	225.00	222.00	218.50	213.00	208.50	205.50	203.50	206.50	217.50	221.00	214.50	218.00	216.50	214.00	225.00	233.00	239.50	242.00	244.00	243.00	242.50	243.00	240.00	238.00	243.50	246.00	245.50	240.00	236.00	235.00	235.00	235.00	235.00	236.00	241.50	244.50	246.50	251.50	259.50	265.00	272.00	285.50	287.00	281.00	283.00	275.50	264.00	252.00	240.50	234.50	229.00	225.50	222.00	220.00	221.00	224.50	228.50	236.00	244.00	248.00	247.50	243.00	242.00	237.50	237.00	236.50	234.50	233.50	232.00	232.50	233.50	236.00	237.50	235.50	233.00	233.00	234.00	233.00	233.00	233.00	232.00	231.00	230.00	226.50	222.50	219.50	216.00	212.00	203.00	197.00	182.00
229.50	229.50	229.50	229.25	227.25	227.00	228.75	231.00	232.75	236.00	237.50	237.75	238.75	243.25	246.00	243.00	240.75	238.50	235.50	233.50	233.25	231.50	230.50	233.50	236.75	239.75	244.25	246.25	248.50	249.00	248.00	240.50	234.50	231.25	230.25	230.00	230.00	230.25	235.25	237.25	237.75	238.00	241.00	251.00	295.75	281.00	264.50	260.25	258.75	259.25	261.50	267.75	269.75	270.50	270.00	275.25	285.75	295.00	301.50	302.75	297.00	293.00	292.75	291.00	291.25	288.00	283.50	280.75	278.50	275.25	272.50	267.50	263.75	261.25	258.00	255.50	256.75	261.75	272.50	279.50	287.00	292.75	287.00	284.50	283.50	283.00	284.75	288.75	292.75	302.00	314.75	326.00	317.25	310.50	303.75	301.00	296.25	291.00	288.25	288.75	291.00	290.75	292.25	291.00	291.00	293.25	291.25	290.75	288.75	288.75	285.00	279.75	277.00	274.25	273.00	274.25	274.25	274.50	276.50	275.50	275.25	272.00	270.00	266.50	263.75	262.00	261.50	260.50	259.75	258.00	259.00	258.00	254.75	252.00	250.75	255.00	258.75	256.25	253.25	249.75	246.75	244.75	246.50	245.75	245.00	245.75	246.50	249.00	248.00	246.75	245.50	245.75	241.75	240.50	240.50	241.00	238.75	231.50	227.25	222.00	231.00	234.25	231.75	227.75	222.25	218.00	214.00	210.50	206.50	206.00	205.00	205.00	225.75	232.50	223.50	220.50	225.00	221.00	220.75	227.00	233.00	239.00	242.25	243.25	244.00	244.00	243.25	243.00	247.50	250.25	253.50	250.00	241.75	236.00	235.00	235.50	235.75	237.50	239.00	242.25	245.50	248.25	252.25	261.25	265.75	269.00	274.50	283.50	288.50	281.75	268.75	259.50	249.50	239.50	235.50	230.75	228.75	223.00	220.25	220.75	224.00	230.25	237.50	245.75	253.25	252.75	250.75	246.75	244.25	243.00	241.75	238.25	236.75	234.00	234.50	236.00	239.25	240.50	238.25	237.25	236.50	235.50	234.50	232.75	231.00	231.00	228.50	228.00	224.75	221.50	215.75	209.50	205.00	197.25	193.25	179.50
230.00	228.50	229.25	229.00	227.25	227.25	229.00	231.50	234.50	237.75	239.00	239.00	241.00	243.25	246.25	245.75	243.00	240.25	236.50	234.25	232.75	232.00	231.25	233.25	237.50	241.50	245.75	247.25	248.00	247.75	245.75	236.75	232.25	230.25	230.00	230.00	230.00	230.00	234.00	238.25	241.50	242.50	248.25	261.75	310.25	309.00	297.25	277.25	271.00	265.00	265.25	273.00	278.75	274.25	271.75	276.00	285.75	295.50	301.00	301.50	297.75	297.00	295.75	293.25	294.00	288.25	284.00	280.50	278.75	275.25	271.75	267.00	262.25	259.25	257.00	255.75	257.50	262.25	271.00	277.25	284.25	287.50	282.00	279.75	280.00	281.25	283.25	289.00	294.75	303.25	312.75	324.00	316.75	313.75	307.25	305.00	297.50	290.00	288.00	288.00	290.50	290.50	290.75	291.00	291.50	293.25	291.50	290.50	288.50	288.75	286.00	280.00	277.00	274.25	272.25	272.25	272.00	272.00	273.75	273.00	273.25	271.75	269.25	265.25	262.50	260.00	259.00	257.75	256.75	252.50	252.50	252.00	245.25	243.00	244.50	249.00	254.00	252.50	251.75	249.50	247.00	245.25	245.00	243.75	243.00	243.00	246.25	247.50	247.00	246.00	245.00	246.50	241.50	239.50	239.00	240.50	238.50	232.75	228.00	228.50	228.75	228.25	226.25	222.00	217.25	213.00	209.25	207.25	205.50	205.75	206.25	209.00	229.75	235.75	226.25	226.00	228.25	225.50	226.25	229.75	233.00	239.50	242.50	244.00	245.50	245.50	245.75	247.25	251.50	254.50	254.25	249.25	243.00	238.00	236.25	238.75	239.25	241.00	241.75	243.00	246.50	248.50	252.00	258.50	262.75	265.25	269.50	275.75	282.25	276.50	270.00	261.25	251.00	242.50	238.75	235.00	233.00	224.50	220.00	220.75	224.50	231.00	237.75	246.25	252.25	254.00	253.25	250.00	247.75	245.00	243.50	241.75	241.00	237.75	237.50	239.00	241.50	241.50	239.75	239.50	239.75	238.25	236.00	233.00	230.00	230.00	225.00	224.50	221.75	219.25	214.25	206.00	199.75	192.75	188.75	178.75
226.75	228.00	229.00	229.75	231.00	231.00	233.50	235.75	237.25	239.75	241.00	242.75	246.50	247.50	248.00	248.50	245.50	241.75	237.50	235.25	233.75	233.25	232.00	234.50	238.75	244.00	248.50	249.00	245.75	242.75	239.75	233.25	232.25	230.75	230.25	230.00	230.00	231.00	236.50	240.75	247.50	252.00	258.50	264.25	280.75	300.50	301.75	286.25	277.25	267.75	272.00	288.50	291.00	278.25	277.50	282.75	291.25	296.25	302.75	306.25	305.25	302.25	301.50	298.00	293.75	289.75	284.50	278.50	275.50	270.75	268.50	264.75	260.25	257.75	257.75	257.25	259.50	263.75	270.75	274.00	276.00	276.25	276.25	278.50	279.50	280.75	282.50	299.50	306.25	310.75	319.25	324.25	317.50	321.25	315.75	311.00	300.75	293.50	289.25	289.25	291.00	292.00	291.25	291.75	291.00	292.50	290.50	288.25	285.00	282.00	281.00	279.00	275.75	273.25	268.75	270.00	267.25	266.25	268.50	268.50	267.25	265.75	264.00	262.75	260.50	260.50	259.75	256.50	251.75	242.50	240.25	238.00	234.00	233.50	236.75	240.00	245.00	248.50	249.75	249.25	246.25	244.25	243.50	241.75	241.00	238.25	243.75	244.75	242.75	241.00	240.75	240.00	236.25	234.25	234.25	237.25	235.25	234.00	230.50	228.00	224.25	220.75	219.00	216.50	212.75	209.50	210.00	213.75	215.25	219.25	226.50	224.00	231.00	246.50	242.00	240.50	237.25	233.75	233.50	235.50	237.75	244.00	248.00	249.75	249.00	249.00	250.00	251.25	254.00	255.00	251.00	248.75	244.75	244.25	244.25	247.50	247.50	247.75	247.50	248.50	248.75	251.00	253.00	256.75	258.25	259.75	265.00	272.50	275.00	271.25	267.75	263.50	256.25	250.25	246.75	242.75	239.00	229.50	223.75	223.50	226.00	229.50	234.00	240.25	247.00	249.50	252.50	253.50	253.00	252.75	251.25	249.00	247.25	245.75	249.25	248.00	247.50	246.50	244.75	241.75	239.25	238.50	237.75	235.00	230.75	228.00	220.50	216.75	212.50	208.25	203.25	197.00	192.50	188.75	185.75	182.25
228.50	229.50	231.00	231.00	233.50	234.50	235.00	237.00	238.00	240.50	244.50	247.00	247.00	249.00	251.50	252.50	248.50	244.50	240.00	236.50	235.00	234.50	232.00	234.00	239.50	246.50	249.00	248.50	248.00	244.50	240.50	234.50	232.00	231.50	231.00	230.50	231.50	235.00	238.00	241.00	246.50	251.50	256.50	261.50	268.00	276.50	276.50	273.50	271.00	274.50	284.50	302.00	299.00	285.00	283.50	290.50	301.00	305.50	308.00	308.50	304.50	304.50	300.50	295.50	293.00	289.50	286.00	277.50	274.00	269.50	266.50	263.00	259.50	258.50	259.50	260.50	262.00	264.50	266.50	268.00	269.50	270.50	276.00	277.00	279.00	281.00	283.50	305.00	315.50	314.00	313.50	308.50	307.00	314.50	319.50	316.50	303.00	297.00	292.50	292.50	294.50	293.50	293.00	294.00	291.50	290.50	289.00	286.50	282.00	280.00	278.00	276.00	273.00	271.00	268.00	266.50	264.00	262.50	265.00	263.50	262.00	261.00	260.50	259.00	255.50	257.00	256.50	250.50	243.50	241.00	237.50	232.00	229.00	229.00	229.50	232.50	240.00	246.00	248.50	246.00	244.50	243.50	243.00	241.50	240.50	238.00	240.00	241.00	240.00	236.50	235.50	234.50	230.50	230.00	230.00	232.00	232.00	232.00	232.50	231.00	224.50	222.00	220.50	217.00	211.00	214.50	220.00	226.00	225.00	235.00	239.00	233.50	245.00	254.00	258.00	249.00	242.50	238.00	239.00	241.00	244.00	248.50	251.00	251.00	250.00	250.50	253.00	253.00	253.50	251.50	250.00	249.00	248.50	248.50	248.50	249.00	251.00	251.00	252.00	252.00	252.50	253.50	254.00	256.00	256.50	259.00	263.50	274.00	274.00	269.00	265.00	265.00	259.50	252.50	247.00	242.00	237.00	230.50	225.50	225.50	229.00	231.00	233.50	237.00	243.00	245.00	246.50	252.00	253.00	255.00	253.50	250.50	248.00	245.50	247.50	249.00	248.00	247.50	244.00	239.50	234.50	232.00	228.00	227.00	224.50	222.00	215.50	211.00	206.00	199.50	194.00	191.00	188.50	191.00	195.00	192.50
230.75	232.00	234.00	233.50	236.75	237.00	240.25	240.50	241.25	241.00	243.25	244.00	247.00	251.00	253.50	252.50	250.00	245.75	242.25	238.75	237.00	235.00	233.25	234.25	241.75	251.75	252.25	248.75	250.00	247.75	244.50	236.25	232.50	231.50	231.25	232.50	234.25	236.25	238.75	241.75	247.50	252.25	256.50	261.75	266.50	270.75	272.50	274.50	278.50	287.50	300.00	317.50	309.00	295.00	289.75	299.00	305.25	306.50	305.75	307.00	306.00	302.50	301.25	296.25	293.50	290.00	282.50	274.50	271.75	266.25	264.75	262.25	260.00	262.50	264.50	265.25	260.25	256.50	258.25	260.75	264.25	268.00	271.75	275.00	278.50	281.50	282.00	289.75	290.50	290.50	292.00	294.00	299.50	305.75	313.00	310.25	302.00	299.00	296.25	296.25	295.75	295.00	295.00	294.75	293.50	290.25	288.00	285.50	284.25	280.25	278.25	276.75	273.50	272.50	268.50	265.50	263.25	260.25	259.50	258.00	256.50	255.50	254.50	249.75	246.75	246.50	245.50	242.50	239.50	237.25	231.50	229.25	229.00	229.00	229.00	229.25	233.75	241.00	246.50	247.00	245.00	244.25	243.75	241.75	241.00	240.50	240.75	238.50	236.75	235.00	233.75	233.50	231.00	229.00	228.75	223.75	223.25	225.50	226.50	221.75	223.50	222.75	220.75	215.25	210.25	219.50	224.75	229.25	222.00	225.00	238.25	239.25	244.00	253.50	253.75	248.00	245.75	245.50	246.50	247.50	250.50	253.25	253.75	253.75	252.75	253.00	254.75	255.25	256.50	255.75	253.50	254.50	253.00	251.50	252.75	251.25	253.25	255.00	254.25	254.25	254.25	255.25	257.75	259.50	260.50	261.25	264.25	271.50	272.25	268.50	265.25	263.00	256.75	250.25	247.00	241.25	237.25	232.00	227.75	229.25	233.25	236.50	236.75	237.50	240.75	243.00	245.75	248.75	250.00	253.00	252.75	251.25	249.25	248.25	249.75	250.75	250.25	248.00	244.00	238.25	233.00	228.75	225.50	224.00	217.50	214.50	210.75	206.75	201.50	197.25	193.50	192.25	193.75	201.00	207.50	207.00
234.50	233.00	236.50	236.00	238.00	241.50	242.50	243.50	242.00	242.00	242.50	244.00	247.00	251.00	254.00	253.50	251.50	247.50	244.00	240.50	238.00	234.50	236.00	238.00	247.00	253.00	253.00	252.00	251.50	250.50	248.00	241.00	235.00	232.00	232.50	233.00	235.50	237.00	240.50	242.00	253.00	258.50	262.00	264.00	269.00	271.50	277.00	282.50	290.00	306.50	337.50	350.50	342.00	319.50	306.00	307.00	309.00	308.00	306.00	307.50	305.50	303.00	300.50	296.00	292.00	286.00	280.00	272.00	269.00	265.00	263.50	262.00	262.50	265.50	267.50	267.50	255.00	252.00	252.50	255.00	262.50	266.00	269.50	274.50	279.00	279.50	279.50	277.50	276.50	278.00	281.00	287.00	301.50	305.00	306.50	303.00	303.00	301.00	298.50	300.50	297.50	296.50	296.00	295.00	296.00	292.50	290.00	287.50	288.50	284.00	281.00	278.50	276.00	273.50	268.00	265.50	263.00	261.00	256.50	255.50	252.00	249.00	247.50	245.50	245.00	243.00	239.00	236.50	236.00	234.50	229.50	229.00	229.00	229.00	229.00	229.00	231.00	237.00	244.50	248.50	246.50	247.00	246.00	246.00	245.00	242.50	240.50	238.00	236.00	236.00	240.00	240.00	234.50	230.00	224.00	219.00	219.00	218.00	217.50	216.50	218.00	221.00	216.00	212.00	216.00	218.50	218.50	220.00	226.00	227.50	233.50	241.50	247.50	250.50	250.50	249.00	250.00	252.00	252.00	250.50	251.50	255.50	257.50	257.00	258.00	257.00	258.00	262.00	263.00	262.50	262.00	261.50	261.00	256.00	254.00	251.00	254.00	256.50	253.50	255.50	256.00	260.00	264.00	264.50	263.50	263.00	265.00	268.50	267.50	265.50	264.00	264.50	258.00	252.00	248.00	243.00	239.50	236.50	233.50	233.50	235.50	240.50	239.50	240.00	241.00	243.00	245.50	246.50	248.50	251.00	254.50	253.00	251.00	250.00	252.00	253.50	252.50	250.50	246.00	242.50	238.00	233.00	230.50	229.50	217.50	212.00	207.00	206.00	202.50	196.00	196.00	196.50	199.50	211.00	216.50	230.50
236.50	236.25	237.25	239.00	240.75	242.50	244.75	244.25	243.25	244.25	245.00	244.50	246.25	249.50	253.25	253.00	253.00	248.25	244.50	241.50	238.00	235.75	239.50	243.00	249.75	254.75	254.50	254.25	255.75	254.75	252.50	247.00	240.25	235.00	234.25	234.50	236.50	240.50	242.50	245.00	262.50	262.00	265.00	268.25	274.25	283.50	299.75	309.25	312.00	341.25	353.00	357.50	357.00	344.50	325.75	320.50	313.00	310.00	309.00	306.75	306.25	300.50	297.50	292.50	289.50	286.00	279.00	272.50	268.25	265.25	263.75	262.75	265.00	270.00	271.00	267.75	254.00	252.00	252.00	252.25	255.50	263.50	266.75	270.50	272.50	273.75	273.00	271.00	272.00	275.50	281.50	291.50	300.00	303.75	305.75	306.75	304.00	301.25	299.25	298.50	298.00	297.75	296.50	294.25	292.75	292.50	291.75	291.25	292.25	290.50	285.50	282.00	279.75	274.75	268.75	266.25	262.75	260.75	256.75	253.50	251.00	249.00	250.50	249.00	245.50	240.50	237.50	235.00	233.75	232.00	229.50	229.00	229.00	229.00	229.00	229.00	229.25	234.25	242.50	248.50	248.50	249.00	249.25	248.00	247.00	243.00	240.25	239.25	238.00	241.50	248.50	250.25	242.50	233.25	224.75	218.50	219.00	217.50	216.25	214.25	214.25	214.75	216.75	219.75	220.50	222.25	221.75	220.00	223.00	228.50	238.00	247.50	249.50	251.50	251.00	249.75	251.50	254.00	252.25	252.00	253.00	258.00	259.00	259.00	260.25	259.75	262.25	268.75	271.75	270.75	269.75	269.50	265.00	261.75	258.00	256.25	257.75	254.25	253.00	256.75	261.00	269.25	270.00	267.00	266.00	267.00	269.25	270.00	267.50	264.25	260.75	258.25	256.00	250.00	244.00	239.25	239.25	237.50	235.50	235.25	238.50	241.25	241.75	242.50	243.50	243.75	245.50	246.25	248.50	249.50	252.75	251.25	251.25	249.75	251.00	252.50	251.50	249.50	246.00	242.50	238.25	234.00	230.75	228.00	217.25	213.00	208.50	205.75	201.00	201.75	205.25	205.25	206.25	211.75	220.50	241.75
238.75	239.75	240.75	246.00	247.25	246.75	247.00	246.50	246.25	248.50	248.25	247.75	248.75	250.75	251.00	253.50	253.75	250.25	245.25	239.25	236.50	236.50	241.00	243.00	248.00	251.75	256.00	256.75	257.25	259.25	256.50	250.50	247.50	244.25	244.00	243.25	244.75	246.75	248.75	251.25	259.75	264.25	270.25	272.75	283.50	311.75	340.75	345.50	348.50	346.25	348.00	340.00	347.25	345.00	334.75	326.75	315.00	313.00	307.25	306.75	303.25	301.00	297.25	292.50	287.00	284.25	275.00	270.75	267.50	264.50	263.75	263.75	266.75	273.25	273.75	268.25	252.25	252.00	252.00	252.00	252.25	254.75	263.00	265.75	267.75	267.25	266.50	271.25	274.00	278.25	282.75	290.75	295.75	301.00	301.00	302.50	302.50	303.00	299.75	299.25	298.00	297.00	294.50	292.25	291.00	291.00	291.75	292.25	291.00	292.75	289.50	284.00	280.75	276.25	269.50	267.00	263.25	260.75	257.50	253.75	253.75	260.50	259.00	252.75	246.50	243.50	242.50	237.75	234.25	230.75	229.00	229.00	229.00	229.00	229.00	229.00	229.00	232.50	242.25	248.75	250.50	252.00	252.50	250.75	249.00	246.50	244.50	242.75	243.00	249.50	259.50	257.25	250.00	240.25	224.50	218.50	219.25	215.25	214.00	214.75	214.25	214.25	221.50	223.25	223.75	224.00	222.25	221.50	228.25	233.50	244.50	250.75	250.50	251.00	250.75	249.75	249.50	249.00	248.00	252.50	255.25	262.75	265.25	265.75	265.50	267.50	271.00	276.00	275.25	274.50	279.00	278.50	273.50	271.00	268.75	266.50	265.00	259.25	257.50	261.25	266.75	272.00	273.00	267.25	267.00	268.75	271.25	269.50	265.75	263.75	258.75	252.75	245.25	233.75	228.50	228.25	230.25	234.75	238.50	241.25	243.50	246.25	248.75	247.50	247.25	248.00	252.50	255.75	256.50	257.00	256.50	254.75	253.25	252.25	248.50	246.75	245.25	243.00	239.00	235.75	231.75	228.75	226.50	222.75	213.75	211.50	206.50	204.50	206.50	217.25	224.00	223.00	218.50	218.25	221.25	227.50
240.25	242.25	243.75	249.25	251.00	249.50	248.25	249.75	249.00	251.25	251.25	250.75	251.75	252.25	252.50	255.50	255.75	250.75	244.75	238.50	235.75	236.50	238.75	241.25	247.00	253.25	255.75	256.25	258.00	258.50	256.25	251.75	251.50	250.00	249.50	248.00	249.25	250.25	252.75	255.25	259.75	265.00	272.00	276.75	288.50	320.50	339.00	339.25	342.75	340.50	338.75	336.50	342.50	336.75	329.25	322.75	314.25	314.50	307.00	305.25	303.00	298.00	294.25	289.25	284.50	280.50	272.50	270.00	267.25	265.00	264.00	264.75	267.25	274.75	274.75	268.50	252.00	252.00	252.00	252.00	252.00	252.75	260.75	264.75	266.50	265.50	267.00	273.50	277.00	282.25	285.50	290.75	298.50	302.25	303.50	303.50	303.00	303.50	299.75	299.25	297.00	295.00	292.25	291.25	291.00	288.00	288.50	292.00	290.75	292.25	290.50	284.50	280.75	277.00	270.00	266.75	262.75	260.75	257.25	253.50	256.75	263.25	261.00	254.25	249.00	254.75	256.75	242.50	236.00	230.75	229.00	229.00	229.00	229.00	229.00	229.00	229.00	232.75	242.25	249.00	251.25	253.25	253.50	252.25	250.75	249.00	247.25	246.00	246.50	252.75	262.50	258.75	250.75	241.00	224.25	217.50	218.25	214.75	214.00	215.00	214.00	213.75	221.00	223.50	224.00	223.75	222.50	222.25	234.25	238.75	249.25	254.00	252.75	254.00	252.50	251.25	250.25	248.25	248.75	253.25	256.50	268.75	270.25	268.25	269.50	271.50	274.00	276.75	275.75	275.75	278.75	279.25	278.50	277.00	276.25	274.00	270.00	264.00	260.50	263.50	267.75	271.50	274.50	269.50	268.25	267.25	267.25	266.50	262.00	261.00	255.25	247.50	238.25	229.00	228.00	228.00	228.50	233.50	239.00	244.00	247.00	251.25	254.00	251.00	249.75	252.25	258.25	263.00	263.50	260.75	257.75	256.00	253.75	251.25	248.00	243.50	241.75	241.00	237.25	232.50	228.75	224.75	222.00	218.50	212.50	210.25	206.50	206.25	211.00	223.00	228.50	225.50	221.50	220.25	221.50	226.75
245.50	248.25	249.50	251.00	256.00	253.00	252.50	253.00	256.00	258.50	257.75	256.75	254.75	256.00	256.00	256.50	254.25	249.75	241.75	237.75	237.25	236.75	236.75	238.25	242.75	248.75	251.25	255.00	255.00	253.25	253.75	255.50	256.75	256.00	257.75	253.75	255.00	256.25	258.00	261.25	261.75	267.00	274.50	281.25	296.00	326.00	334.75	338.00	337.50	335.00	329.00	335.50	333.00	327.50	322.25	320.50	315.75	314.00	309.25	306.00	300.00	295.00	289.75	285.00	280.00	275.50	271.50	269.25	267.00	266.25	265.50	266.50	271.75	279.75	274.00	266.00	252.00	252.00	252.00	252.00	252.00	252.00	257.75	261.25	262.75	267.00	270.00	281.25	286.75	290.25	294.00	297.00	304.00	306.50	308.75	310.75	306.75	306.50	301.00	298.50	294.00	291.25	289.75	288.25	286.00	284.50	284.25	290.75	289.75	288.00	287.75	284.25	279.00	276.25	270.00	266.25	262.50	260.25	258.00	266.25	273.50	271.75	267.75	261.00	259.00	271.75	276.50	262.50	255.50	236.00	230.75	229.75	230.50	229.75	229.00	229.00	229.75	235.50	242.50	249.25	252.25	255.00	256.25	256.00	254.75	252.50	251.00	250.25	251.50	253.25	260.00	255.75	244.25	238.00	224.00	217.25	216.25	214.50	213.75	215.00	215.00	215.25	217.75	223.00	223.50	224.00	224.75	225.25	232.25	238.25	244.50	250.00	253.00	255.75	255.50	253.00	251.00	250.50	251.75	257.25	264.00	272.00	272.25	271.50	273.00	274.75	275.00	275.75	276.25	274.75	275.75	277.75	280.25	281.25	283.25	284.00	280.25	271.75	270.25	268.25	269.50	272.25	275.25	277.75	272.25	265.50	260.50	258.25	251.50	247.25	240.50	236.75	231.25	228.00	228.00	228.00	228.00	232.75	246.00	253.75	256.00	257.75	255.75	253.75	257.75	264.00	269.00	269.50	265.75	261.00	254.75	249.00	245.00	240.75	239.75	236.00	234.50	233.00	231.75	227.25	223.75	219.75	215.75	212.75	209.50	210.25	212.25	213.75	217.25	221.50	225.50	226.50	226.50	224.00	225.25	226.50
250.75	253.00	252.25	252.75	253.75	251.75	251.75	253.25	257.00	259.00	259.50	259.75	256.50	258.75	259.50	259.25	256.00	250.50	242.00	238.25	237.50	238.50	237.75	238.75	240.50	243.75	246.50	248.50	249.00	248.50	250.25	254.50	257.25	258.75	260.00	258.00	260.00	259.75	261.25	263.25	267.00	271.50	279.75	285.50	300.50	325.50	330.25	331.25	330.50	327.50	324.75	331.75	330.25	326.00	323.75	320.00	316.25	313.50	309.75	308.00	302.00	295.25	290.00	284.50	280.25	276.00	272.50	271.00	271.25	269.25	269.25	269.50	273.50	277.00	272.25	266.25	252.25	252.00	252.00	252.00	252.00	252.00	256.75	260.50	263.50	268.50	271.75	282.00	286.75	293.50	301.00	304.75	309.25	312.50	316.25	317.00	314.00	313.25	300.25	297.25	292.50	290.75	290.00	288.75	287.25	285.00	285.00	288.75	287.75	285.00	284.00	282.75	276.75	274.25	268.75	265.75	261.50	259.00	261.25	271.25	276.75	274.25	271.50	265.75	264.00	273.25	282.00	284.25	299.00	252.00	242.50	237.25	236.75	241.75	232.00	233.75	235.00	238.50	243.75	249.50	253.50	256.25	257.25	256.50	255.75	254.25	254.75	255.75	256.50	254.75	254.50	253.50	242.50	234.50	223.25	218.25	216.25	214.75	215.25	216.00	216.25	215.25	217.75	221.75	222.25	223.75	225.25	227.00	230.50	236.50	241.50	244.25	248.25	250.25	250.75	250.75	248.50	249.75	254.75	262.25	268.50	271.75	271.75	271.00	271.75	272.75	273.25	273.50	274.50	274.00	275.00	276.50	279.75	279.75	281.75	282.25	282.50	284.00	283.25	277.25	274.50	275.75	277.00	276.00	270.25	265.50	258.00	253.25	245.25	241.00	238.00	235.00	230.25	228.00	228.00	228.00	228.00	234.00	247.25	254.75	257.50	258.25	258.25	256.50	260.00	265.00	268.75	268.00	261.50	254.00	248.25	243.25	240.25	235.75	234.75	232.00	230.50	229.25	228.00	225.00	221.00	216.75	215.00	213.50	212.50	214.00	217.75	219.75	219.75	222.00	226.00	229.00	230.50	231.50	231.50	225.00
256.50	257.50	254.25	253.25	250.75	249.75	250.25	253.00	256.75	260.00	261.75	262.00	259.00	260.00	260.75	260.75	258.00	251.75	242.75	238.00	238.50	240.00	239.75	239.25	239.50	240.25	242.25	243.50	245.00	246.50	248.75	253.00	256.50	260.00	262.25	262.50	265.25	263.75	263.50	265.25	272.50	276.50	284.50	289.25	299.25	317.75	325.00	323.75	322.75	319.50	321.00	329.00	328.50	324.25	323.75	319.75	316.25	313.75	312.00	310.00	303.50	295.50	290.75	285.00	281.00	277.25	273.75	274.50	277.50	274.25	274.75	273.50	275.00	275.50	272.75	268.25	253.50	252.00	252.00	252.00	252.00	252.00	256.75	260.50	264.00	271.75	275.00	283.00	287.50	296.50	306.25	311.00	314.50	319.25	326.75	325.75	322.00	316.25	301.25	296.00	292.00	292.25	292.25	291.25	290.50	287.75	287.25	287.00	286.00	283.50	281.25	279.25	275.25	272.25	268.00	265.50	260.25	259.75	265.25	272.50	276.75	275.25	274.25	269.50	270.00	272.50	280.25	301.00	325.75	268.25	258.50	249.00	244.50	255.25	247.25	249.50	247.25	244.75	247.25	251.50	255.75	256.75	257.00	256.50	256.25	256.25	259.25	262.00	261.75	257.50	251.25	250.50	240.25	233.50	224.50	218.75	216.50	215.75	216.50	217.50	218.00	216.50	218.25	220.50	220.25	220.75	223.75	227.00	231.75	235.50	239.00	239.75	243.50	245.75	247.50	248.50	247.75	251.25	257.75	265.25	269.00	271.25	270.25	270.75	271.00	271.25	272.25	272.00	272.75	273.50	274.00	275.50	277.50	278.50	281.50	281.75	284.00	291.75	293.75	289.50	280.75	279.00	278.25	272.75	272.00	267.75	255.50	250.50	243.00	240.25	238.50	236.00	233.25	228.75	228.00	228.25	228.75	236.50	249.00	255.75	258.50	261.75	264.00	260.25	259.75	262.25	264.25	263.75	257.25	249.50	243.75	239.50	238.00	233.25	232.00	230.00	228.75	227.25	226.00	224.25	219.50	216.00	216.00	216.25	217.25	218.50	224.25	226.00	222.75	224.00	227.50	231.00	234.50	238.50	236.50	223.50
261.25	262.50	257.00	254.00	250.00	250.00	250.25	250.50	254.25	259.25	259.25	259.25	259.75	261.50	262.75	262.00	260.00	255.75	243.00	238.00	239.50	239.25	239.75	239.50	239.50	240.75	244.00	246.25	246.25	247.50	251.00	256.75	259.75	262.75	262.50	269.00	276.00	272.50	269.75	272.50	278.75	284.00	287.25	290.75	299.50	317.00	315.75	315.50	313.50	313.75	320.00	328.75	326.75	323.50	320.75	320.00	318.75	314.50	310.25	305.75	300.75	296.00	291.75	286.50	282.50	278.25	277.50	284.75	288.50	288.00	286.00	283.00	283.50	280.75	274.00	268.25	256.00	252.00	252.00	252.00	252.00	252.50	258.25	260.75	265.50	273.75	278.75	294.00	301.00	305.75	303.75	311.00	315.00	321.50	328.25	329.75	325.00	311.50	300.75	294.25	294.00	296.50	295.50	295.00	293.50	292.75	289.50	286.00	282.50	280.50	278.75	276.00	273.25	271.25	267.50	264.25	263.50	269.00	276.00	279.50	281.25	279.00	277.25	273.75	274.25	278.25	282.25	295.00	305.50	276.00	265.75	253.00	251.75	256.00	261.75	263.50	260.50	260.75	260.75	260.75	260.75	259.25	258.75	257.50	257.75	259.50	262.25	264.25	263.25	260.50	252.75	247.50	239.75	234.75	227.00	220.00	218.00	216.75	217.00	218.25	219.00	217.75	218.50	219.00	218.75	218.50	219.75	225.25	235.50	237.50	239.00	239.00	242.25	244.25	245.50	248.25	253.75	259.50	262.25	264.75	266.75	268.75	267.25	267.75	268.25	268.00	268.00	269.00	268.75	270.00	270.75	272.00	272.00	273.50	275.50	277.50	278.00	279.75	286.50	292.75	287.75	283.50	280.75	274.00	269.50	261.75	255.25	259.50	249.75	246.25	241.25	238.50	242.25	240.25	234.25	233.25	232.75	239.25	250.75	261.75	267.25	270.25	268.00	261.25	259.25	257.75	257.75	256.00	253.75	250.00	251.75	253.00	250.50	242.50	233.75	229.00	227.50	226.50	226.00	225.50	222.50	221.00	220.50	224.75	227.75	227.50	229.25	229.75	228.25	229.75	232.50	233.00	233.00	234.25	233.50	227.25
263.00	266.50	257.50	254.00	249.50	250.00	250.00	250.00	252.50	255.50	257.00	261.00	262.00	263.50	263.00	262.00	260.50	253.00	244.00	239.00	239.50	239.50	239.00	240.50	240.00	243.50	246.00	252.50	251.50	254.00	260.00	265.50	269.00	270.50	270.00	275.50	279.00	276.00	276.00	280.00	284.00	289.00	295.00	298.00	304.50	312.00	310.50	306.50	307.50	318.50	324.00	330.50	328.00	325.50	322.50	319.50	317.50	314.50	309.00	307.00	306.50	303.00	293.50	288.00	283.00	280.00	282.50	297.00	304.50	299.00	294.50	291.50	290.00	282.00	274.00	267.50	258.00	253.00	252.00	252.00	252.50	255.00	258.50	260.50	265.50	271.50	278.00	300.50	308.00	301.50	300.00	309.50	309.50	318.50	318.00	322.50	325.00	314.50	299.50	298.50	301.50	303.00	301.50	299.50	296.50	291.00	290.00	286.50	282.00	279.50	277.50	275.50	274.00	271.50	266.00	265.50	273.00	275.00	280.00	283.00	283.00	281.50	278.50	277.00	277.00	280.00	289.00	306.00	308.00	282.00	266.00	261.50	264.50	264.00	263.00	263.00	266.50	271.50	270.00	268.00	266.50	264.00	262.50	260.50	260.50	263.00	265.00	265.50	262.50	259.50	255.00	253.50	246.50	239.50	230.00	222.50	219.00	218.00	218.00	218.00	219.50	220.00	220.00	220.00	219.50	219.00	222.50	228.00	239.00	243.50	242.00	241.00	241.50	243.00	246.00	250.50	256.50	263.00	266.00	266.50	270.50	270.50	266.50	266.00	265.50	266.00	265.50	265.50	266.00	267.00	268.00	268.00	268.00	268.50	273.00	278.00	278.00	279.00	283.00	293.50	288.00	285.00	284.50	278.50	268.00	266.00	262.00	272.50	259.00	253.00	246.00	242.00	241.50	239.50	237.50	246.00	242.00	242.50	255.00	265.50	282.00	274.00	269.50	267.50	263.00	260.00	258.00	258.00	256.50	256.00	267.00	275.00	264.50	249.50	236.00	231.00	228.50	226.50	224.50	225.00	224.50	223.50	222.50	226.50	234.50	232.00	234.00	234.00	238.50	232.00	228.50	230.00	232.00	239.00	238.50	231.50
263.75	265.75	258.25	256.00	253.75	252.25	252.50	254.25	255.25	258.00	261.00	262.75	265.50	264.50	264.00	262.75	258.00	253.25	246.50	242.75	240.50	240.25	240.50	241.50	244.25	248.00	253.50	258.75	260.00	263.75	269.50	276.75	279.25	276.75	277.25	278.75	280.25	279.75	280.00	288.75	292.50	295.50	305.25	305.75	307.25	305.00	303.50	304.50	307.25	318.00	326.75	331.25	329.50	327.25	325.50	320.75	318.00	316.50	312.00	311.00	304.75	298.25	293.50	289.00	285.25	284.00	289.75	299.75	307.50	307.50	301.00	299.25	294.00	283.50	274.50	268.00	259.75	257.25	254.75	254.00	255.50	258.00	260.75	264.50	266.75	273.25	278.00	295.75	296.25	294.00	294.75	298.25	303.75	312.25	315.75	319.75	322.75	312.25	302.50	302.75	307.75	303.75	301.50	298.25	295.25	291.00	288.75	285.25	282.50	279.50	277.75	276.00	273.50	271.00	270.75	276.50	284.75	284.50	283.00	284.25	283.00	282.50	281.00	280.25	280.75	285.00	293.25	305.00	312.00	293.50	275.75	270.25	275.75	271.00	268.25	268.25	274.50	286.25	286.00	280.50	272.50	270.25	267.75	265.00	265.00	269.25	270.25	268.50	262.00	258.25	253.50	251.50	244.50	241.00	240.50	237.50	228.00	221.00	220.50	219.75	221.75	223.25	222.75	221.25	221.25	221.25	224.00	222.25	231.00	238.25	237.00	237.50	239.50	242.00	246.25	251.75	257.00	262.00	263.75	265.75	267.00	266.50	265.50	264.75	264.00	263.50	263.00	263.50	263.75	263.00	264.75	264.25	265.75	269.75	275.75	280.25	282.25	282.50	281.50	283.75	284.00	285.25	288.00	283.25	277.50	277.75	272.50	277.25	284.00	267.50	256.75	249.00	244.50	240.75	239.75	252.75	248.50	246.75	257.50	266.75	275.25	274.25	278.25	274.50	265.00	265.00	266.00	265.50	264.25	263.50	264.25	261.25	254.50	247.75	241.00	233.00	223.00	220.75	224.25	223.75	224.50	224.00	222.75	225.75	231.00	233.00	235.25	235.75	235.25	229.00	231.50	235.25	234.00	239.50	238.50	235.50
264.00	264.50	261.50	258.00	257.50	257.50	257.50	258.50	259.00	260.00	263.00	266.50	264.50	266.00	267.00	262.00	256.50	255.50	252.00	245.00	240.00	241.00	242.00	242.50	247.00	254.50	259.00	262.00	263.00	268.00	272.50	280.50	283.00	279.50	279.50	280.50	282.50	283.50	285.00	290.50	301.00	305.50	308.00	307.00	304.00	301.50	305.00	307.50	310.00	323.00	327.50	333.50	334.50	333.00	325.50	320.50	320.00	317.00	315.50	311.50	307.00	301.50	294.50	290.50	289.00	287.00	294.50	301.00	306.00	314.50	307.00	303.00	293.50	285.00	273.50	267.00	264.00	263.00	261.50	261.00	261.50	262.00	266.00	269.00	272.50	275.50	278.50	289.00	288.00	288.00	291.50	296.00	306.00	310.50	316.00	317.00	319.50	310.50	307.50	314.00	309.50	302.50	299.00	294.50	293.50	290.00	287.00	284.50	281.50	279.50	278.50	275.50	272.50	269.50	274.50	284.50	290.50	290.50	286.00	286.50	285.00	285.50	284.00	283.00	284.00	287.00	291.50	300.00	312.50	298.50	283.00	278.50	279.50	278.50	273.00	275.50	282.50	296.00	294.50	288.50	283.50	278.50	276.00	273.50	271.50	272.00	271.50	268.50	263.00	261.00	252.50	250.00	246.50	247.00	251.00	249.00	237.00	225.50	224.00	223.50	228.00	228.00	224.00	222.50	222.00	221.00	221.00	220.50	223.00	227.00	228.50	234.00	239.50	243.00	248.00	252.50	257.00	260.50	261.50	263.50	263.50	262.50	262.50	263.00	262.50	262.00	259.50	259.00	261.00	260.00	262.50	262.50	263.50	269.00	276.00	281.50	284.50	283.50	278.50	279.50	284.00	286.00	291.00	286.50	285.00	284.50	279.00	282.00	293.00	281.00	265.50	257.00	246.50	242.00	245.00	250.00	255.50	253.00	259.50	266.50	267.50	271.50	281.00	276.00	265.50	268.00	273.00	281.00	273.50	265.50	264.50	255.50	251.00	250.00	238.00	219.50	216.00	216.00	220.00	226.00	226.00	226.00	224.00	224.50	229.50	231.50	233.50	237.00	235.00	233.50	233.00	233.00	231.50	236.50	230.50	225.50
257.75	262.75	261.75	259.75	260.00	260.50	261.50	263.50	262.75	262.25	266.25	267.00	266.25	266.75	265.25	263.25	260.75	256.50	250.75	243.75	241.25	241.75	243.75	244.00	248.75	256.25	258.75	259.50	262.50	268.50	274.75	277.00	278.25	278.50	277.25	278.00	280.00	283.75	288.00	291.50	301.25	309.00	303.25	301.00	301.25	310.75	315.00	319.25	318.25	322.75	332.00	335.75	335.50	332.75	328.25	321.00	320.00	321.25	315.25	311.50	304.75	301.25	297.25	295.00	290.50	290.50	294.25	301.00	305.25	307.50	307.50	300.75	289.50	281.50	274.50	271.25	270.25	267.50	266.75	266.00	265.75	266.75	270.50	274.75	276.25	279.00	280.50	283.25	284.75	287.50	293.00	299.00	305.00	307.50	310.75	322.50	326.75	317.00	315.25	312.75	307.50	305.00	297.25	292.25	290.00	288.75	285.50	283.50	280.25	278.00	275.50	273.75	272.25	271.75	278.00	286.50	291.00	290.25	287.75	289.25	291.00	291.00	289.25	287.25	288.00	291.00	295.50	304.50	306.50	301.75	290.75	284.50	285.50	282.25	283.50	284.25	289.75	296.75	295.75	289.75	286.00	282.75	281.75	278.25	274.00	272.00	271.25	266.25	261.50	258.50	254.00	251.00	249.75	251.25	251.50	245.50	239.25	234.25	230.75	230.00	232.00	227.50	224.75	223.25	222.25	221.75	221.25	221.25	221.75	223.75	227.00	230.50	237.75	243.25	248.25	252.00	257.00	259.50	261.00	261.75	261.00	259.75	259.75	259.75	259.00	255.25	253.00	254.50	257.00	258.50	261.50	260.75	263.75	269.75	278.25	281.00	281.75	276.75	276.25	280.50	286.25	290.50	291.00	287.25	283.00	281.00	280.00	281.50	286.25	274.50	267.00	261.00	250.25	246.25	246.25	248.25	253.50	259.50	262.00	268.00	273.25	276.25	276.25	270.00	268.25	271.50	269.50	274.75	269.25	260.50	254.00	248.50	242.25	234.50	227.00	216.00	216.00	216.00	216.75	226.50	234.00	229.50	225.25	225.50	227.00	229.00	231.50	232.75	234.25	233.00	228.00	224.50	222.75	220.00	218.75	220.00
252.00	257.75	257.50	257.25	259.50	260.75	262.50	263.00	263.25	262.75	266.00	267.00	266.50	265.25	263.50	264.00	262.00	256.25	249.75	244.00	242.75	243.25	245.25	244.75	248.25	252.25	255.00	255.75	260.50	268.00	271.00	272.75	275.50	274.25	274.25	276.25	277.25	280.75	285.25	288.25	297.50	302.75	298.00	297.75	301.50	321.75	325.50	325.50	323.25	327.75	335.25	341.00	335.75	333.25	329.75	322.75	320.75	320.00	314.75	311.50	305.25	301.25	300.00	297.50	292.50	291.50	296.00	302.00	304.50	308.00	306.50	297.25	287.25	281.75	276.75	275.25	274.50	270.75	268.50	267.75	268.50	269.50	273.00	276.25	277.50	280.25	282.00	284.00	285.00	288.75	293.50	296.75	301.00	303.50	309.00	319.00	325.50	318.50	317.75	310.50	305.75	304.25	297.00	293.25	290.50	288.00	285.00	283.25	279.50	277.75	275.00	273.75	273.50	273.00	281.75	288.25	289.50	290.75	290.00	291.00	293.00	294.25	292.50	290.00	290.00	293.25	297.25	305.25	308.25	305.25	298.00	294.50	293.25	290.00	291.00	291.50	296.00	300.50	297.75	291.75	285.75	282.00	279.50	277.00	273.50	270.75	271.00	266.00	260.75	258.00	253.50	251.00	251.00	252.00	250.75	245.75	243.50	240.00	235.75	233.25	232.50	227.00	225.25	223.25	222.75	221.75	220.50	220.75	221.50	223.00	226.25	229.50	236.00	241.50	247.50	253.50	258.00	259.50	260.50	260.00	259.50	258.50	258.25	257.25	253.50	250.75	251.75	254.25	257.50	259.50	261.25	261.25	264.50	269.50	274.75	276.00	276.00	275.00	278.50	285.50	288.50	292.00	290.25	285.25	281.00	278.50	278.75	278.75	280.00	272.00	263.75	257.75	250.75	247.25	247.50	249.00	253.75	261.75	266.75	269.00	275.50	280.50	278.50	270.50	265.75	265.50	265.00	270.00	265.75	257.25	250.00	243.00	237.50	229.75	223.25	216.75	216.00	216.00	216.75	226.75	234.50	229.50	226.50	225.50	226.25	227.75	228.50	230.00	231.25	227.75	222.25	219.50	215.00	213.50	213.75	220.25
236.75	242.75	245.75	252.25	255.75	256.75	259.25	260.75	262.50	263.50	264.25	265.25	265.25	263.00	262.25	265.00	262.75	256.50	250.75	248.00	248.75	248.50	248.00	248.00	246.75	248.75	250.75	253.25	254.75	258.50	259.75	262.50	263.25	265.50	267.50	270.75	273.25	277.00	281.50	284.25	290.25	293.75	297.75	299.00	306.50	337.75	333.00	326.75	326.00	329.25	329.00	333.00	333.50	331.00	327.50	322.75	318.25	314.50	313.00	308.00	302.00	298.75	300.25	302.25	301.25	299.00	300.50	302.75	303.50	305.50	303.50	296.25	291.75	288.50	288.00	287.50	281.00	275.50	270.00	270.50	270.25	272.50	275.00	277.75	280.25	282.75	284.00	286.50	288.25	291.25	294.75	294.50	295.75	297.75	304.50	310.25	315.25	323.25	317.00	308.75	303.75	298.00	296.00	294.00	292.00	288.25	285.75	282.75	280.75	279.00	276.75	276.00	275.00	276.50	281.50	286.00	291.50	293.50	293.00	296.00	296.25	298.75	298.00	295.00	295.75	297.50	300.50	308.00	316.75	315.00	312.00	309.50	307.25	304.25	299.00	297.00	298.50	297.75	295.00	290.00	283.00	278.75	277.50	271.75	269.50	268.25	266.50	265.00	260.50	258.00	254.25	252.00	251.75	251.75	252.00	251.25	250.25	247.50	241.00	235.50	230.75	227.00	225.50	224.25	223.00	221.25	220.00	220.00	220.00	220.75	225.50	227.00	232.00	237.75	246.25	254.00	257.00	257.75	257.00	257.75	259.25	255.50	253.00	248.00	249.00	255.25	261.00	265.25	266.00	266.00	266.25	265.50	265.00	266.25	266.75	267.00	268.75	278.00	282.00	284.75	288.00	294.00	292.50	284.50	278.25	274.75	278.00	278.75	271.50	265.50	258.75	255.00	251.50	251.25	251.25	250.50	252.00	263.00	270.00	269.75	274.75	277.25	278.25	272.25	260.00	257.25	258.00	257.75	255.25	251.75	243.50	236.50	231.25	225.50	222.00	220.00	217.00	216.75	220.25	230.50	233.75	231.25	227.75	229.00	227.75	225.75	223.50	223.75	222.50	217.75	213.25	210.00	209.00	209.75	212.00	220.00
219.00	230.00	240.50	247.00	253.00	255.00	257.50	261.50	262.00	262.00	262.00	263.50	262.50	261.50	263.00	262.00	261.50	257.00	254.00	252.50	252.00	250.00	251.50	250.00	249.50	250.00	250.50	252.00	254.50	257.50	258.50	262.00	264.50	266.00	269.00	273.50	280.00	280.00	283.50	286.50	297.50	300.50	305.00	306.50	312.00	328.50	330.50	323.50	319.50	315.50	317.50	328.00	334.00	333.00	329.50	324.00	319.00	312.00	304.00	298.00	297.00	294.50	299.50	302.50	303.50	303.00	301.00	301.00	301.00	302.00	302.00	297.50	295.00	300.00	304.00	297.00	284.50	279.50	271.50	270.00	270.50	272.50	277.00	280.00	281.50	284.50	287.50	288.00	289.50	290.50	290.50	291.50	294.50	297.00	306.00	309.00	313.50	317.00	313.00	309.00	305.50	301.00	297.00	296.50	294.00	290.50	288.00	284.50	281.50	279.50	279.00	278.00	279.00	281.50	283.00	287.00	293.50	295.50	297.50	299.00	301.50	301.00	301.50	300.50	300.00	301.50	304.50	310.50	318.00	317.00	316.00	314.50	306.50	303.50	297.00	296.00	294.00	292.50	287.50	284.50	281.00	278.00	276.00	272.50	270.50	266.00	265.00	264.50	262.50	259.50	257.50	255.50	255.00	255.50	256.00	254.50	251.00	247.00	242.00	235.50	232.50	232.00	226.50	225.50	223.00	221.50	220.00	220.00	220.00	220.00	222.50	229.00	232.00	239.50	245.00	248.00	251.00	250.00	251.50	256.50	257.00	251.00	246.50	246.00	250.50	255.50	263.50	268.50	268.50	270.00	268.00	265.50	264.50	263.00	264.00	266.50	269.00	277.50	279.50	283.50	287.50	293.50	291.00	281.50	274.50	270.00	274.50	272.00	267.00	263.00	259.00	256.00	254.50	254.50	254.00	253.00	252.50	260.00	262.50	271.00	274.00	270.50	270.50	263.50	256.00	254.00	250.00	250.00	249.00	245.50	241.00	236.50	231.00	227.50	227.50	224.00	222.00	221.50	224.00	229.00	232.00	229.00	228.00	228.50	228.50	227.00	224.00	223.50	222.50	216.00	211.00	209.50	209.00	216.50	223.00	228.50
217.25	225.25	234.00	241.50	249.25	251.25	254.50	256.50	256.50	259.50	262.75	260.25	260.00	261.00	259.75	257.50	256.75	257.50	256.25	253.25	253.25	252.00	251.75	252.75	253.25	253.75	254.00	255.50	258.00	259.75	261.25	266.50	269.75	271.25	276.25	284.50	286.75	286.00	287.25	291.25	311.50	317.00	315.25	316.00	320.75	328.25	320.50	314.00	310.50	310.00	311.50	325.25	333.75	331.25	327.25	319.50	311.75	306.25	288.50	284.25	288.50	293.75	299.50	301.00	301.25	301.00	300.00	298.50	298.50	304.75	304.00	300.00	300.50	311.50	316.00	304.25	288.50	280.00	273.50	271.50	272.00	274.00	276.50	274.75	275.50	280.75	285.25	288.75	288.50	288.50	289.00	291.75	296.75	299.75	305.00	308.75	312.00	313.75	309.25	307.00	306.00	304.00	300.75	297.50	295.50	294.25	292.25	287.25	284.25	282.75	281.50	280.00	283.50	287.50	288.50	289.75	292.50	296.00	303.75	307.50	307.75	308.00	308.25	315.00	315.75	309.50	311.00	320.00	321.75	315.00	312.25	310.75	307.00	302.50	295.75	296.25	294.50	291.00	287.50	283.25	280.75	279.00	280.50	276.75	271.00	263.75	262.00	263.25	264.25	261.75	258.50	257.50	258.00	258.25	258.75	256.75	253.75	249.25	244.50	233.50	232.75	236.25	242.25	239.50	226.50	222.00	220.00	220.00	220.00	220.00	220.25	227.50	230.00	234.00	237.50	238.75	241.00	242.00	246.50	249.75	248.75	243.25	241.75	245.50	250.50	256.50	260.75	265.00	269.50	269.75	266.50	264.25	261.00	262.25	266.50	274.00	282.25	279.75	280.25	286.00	290.25	290.50	286.75	275.25	268.00	265.50	271.00	272.50	274.25	270.25	265.25	259.75	258.25	258.00	256.00	255.75	253.75	256.00	267.50	272.00	271.00	268.25	261.75	256.25	252.25	250.25	246.75	246.50	243.75	241.50	238.50	235.75	232.75	230.00	227.00	225.00	224.00	224.25	225.00	227.50	229.75	230.00	230.75	232.50	233.50	231.75	229.75	228.75	226.25	219.75	213.75	212.25	213.25	222.50	225.75	231.25
222.50	218.50	224.50	237.00	245.00	247.50	244.00	244.00	249.00	257.00	259.00	259.50	258.00	257.50	255.50	254.00	256.00	256.00	255.50	263.00	256.00	257.00	255.50	259.00	258.50	259.50	259.00	260.50	263.00	264.50	271.50	277.50	275.00	273.00	276.50	285.00	293.50	290.00	293.50	303.50	330.50	324.00	316.50	317.50	314.00	312.00	307.50	307.00	302.50	303.50	302.50	313.50	319.50	317.50	315.50	312.00	304.50	290.50	272.50	272.00	280.00	292.00	297.00	299.50	301.00	300.50	301.50	297.50	299.50	301.50	300.00	300.50	310.00	318.50	319.00	309.50	294.50	285.50	280.00	276.00	275.50	275.00	274.50	273.00	273.00	274.00	283.00	288.50	287.00	287.00	289.50	294.50	299.50	304.00	308.00	310.50	309.50	311.50	309.50	306.00	304.00	306.50	302.00	299.00	297.50	296.50	295.00	289.50	286.50	283.50	280.50	283.00	289.50	292.00	291.00	292.50	295.00	298.50	310.50	317.00	318.00	319.00	318.00	327.00	325.00	318.50	318.00	322.50	322.50	320.00	315.00	310.50	304.00	300.00	295.50	294.50	295.00	292.00	289.00	286.00	286.00	283.00	281.00	273.00	268.00	262.50	259.50	260.00	262.50	259.00	254.50	252.50	253.00	252.50	253.00	254.00	253.00	251.50	246.00	233.50	246.50	238.50	249.50	251.50	233.00	225.00	220.00	220.00	220.00	220.00	220.00	227.00	228.50	229.00	229.50	230.50	231.50	233.00	237.50	241.00	240.50	237.50	240.00	243.50	249.00	254.00	258.50	261.50	265.50	266.00	265.50	261.00	257.50	262.50	266.00	274.50	287.00	285.00	282.00	286.50	290.00	286.50	279.50	269.50	262.00	261.00	266.50	274.50	279.50	274.00	273.00	267.50	261.50	259.50	259.50	257.50	256.50	258.00	261.50	264.50	268.00	269.00	261.00	253.00	246.00	244.00	243.50	243.00	240.50	237.50	237.00	236.50	232.50	227.50	226.00	228.00	227.00	227.00	227.50	230.50	232.50	233.50	235.50	239.50	242.50	238.00	236.00	238.50	232.50	220.50	216.00	213.00	214.50	221.50	223.50	227.50
224.25	219.00	223.00	234.00	235.50	230.50	228.00	233.75	246.50	256.00	257.25	258.25	255.75	253.00	251.00	250.75	252.75	254.00	261.25	268.00	262.25	265.25	262.50	263.25	263.00	262.50	263.25	265.75	269.00	274.50	286.00	284.75	281.00	279.75	280.75	286.00	292.25	298.25	306.00	315.25	321.50	315.75	309.75	311.00	308.50	304.25	300.50	300.50	299.00	296.50	298.50	304.25	305.00	305.00	304.00	300.50	283.25	274.00	272.00	272.00	272.25	280.75	292.50	297.25	299.75	301.50	300.75	296.50	298.50	301.25	299.75	301.25	308.00	312.25	313.25	316.00	302.25	293.75	285.25	284.75	278.25	276.75	275.00	273.00	273.00	273.00	279.25	284.25	287.25	289.75	293.25	300.75	304.25	310.25	310.75	309.50	310.50	310.50	308.75	307.50	306.00	305.50	302.25	298.75	297.00	295.75	294.25	290.50	286.00	284.00	284.75	293.50	297.00	300.00	303.25	304.00	302.25	304.50	315.00	327.50	332.00	329.25	331.25	330.50	329.50	325.25	322.25	324.00	325.75	322.00	317.00	311.50	305.00	300.50	296.00	295.25	297.75	297.00	291.25	287.25	284.75	282.25	279.00	272.00	267.75	261.75	258.50	255.75	254.75	253.00	250.50	250.25	250.00	249.00	246.75	246.00	248.75	249.00	239.25	242.75	246.00	249.50	263.00	255.50	250.50	243.50	229.25	224.25	220.00	220.00	221.00	226.75	227.00	227.50	228.00	229.50	229.75	229.75	231.50	234.25	234.00	238.00	243.75	249.75	254.50	257.75	255.75	254.50	255.25	260.25	261.50	260.25	258.50	264.75	268.75	274.00	277.75	280.50	278.50	283.75	286.00	277.75	269.75	263.25	258.00	257.25	264.25	270.00	287.50	284.50	281.25	275.25	266.25	262.75	261.25	259.75	258.25	258.50	259.50	262.25	269.50	272.25	264.50	256.00	246.50	244.00	241.75	240.75	238.00	237.25	236.75	234.25	232.00	232.00	231.25	233.00	231.00	230.00	230.50	234.25	239.25	239.50	240.25	246.25	246.75	244.50	242.50	240.00	231.50	224.00	221.25	214.00	213.25	219.75	222.00	219.75
227.50	227.50	224.75	222.75	221.00	221.00	221.00	228.25	243.50	255.25	257.00	257.00	252.75	246.50	245.75	249.50	254.00	256.00	264.00	270.25	277.50	274.00	268.50	267.50	270.00	267.50	270.00	271.25	273.50	276.50	282.75	287.25	290.00	287.75	293.50	305.75	311.75	312.00	310.75	306.25	303.50	305.00	307.75	308.50	301.25	292.25	293.25	294.50	293.50	301.25	301.25	298.50	297.50	297.50	295.75	284.25	272.50	272.00	272.00	272.00	272.00	272.25	282.25	295.75	301.50	300.75	298.75	296.25	297.50	297.75	298.75	301.50	304.75	306.00	305.50	307.25	311.25	303.75	290.00	288.00	284.50	281.00	276.50	273.00	273.00	273.00	274.25	285.75	291.25	295.25	304.00	320.25	316.75	314.25	312.25	311.00	309.25	308.50	307.75	307.75	305.75	304.00	302.50	301.00	298.50	295.25	293.50	290.25	288.50	288.50	293.00	300.75	304.75	310.50	315.50	311.50	307.00	308.50	318.00	333.00	341.50	334.00	329.00	329.25	327.50	321.75	319.25	320.75	318.75	317.00	314.25	312.25	312.00	309.50	303.00	300.25	298.50	293.75	291.25	285.50	281.25	281.50	277.50	269.75	264.75	259.50	257.75	258.00	256.25	254.75	253.75	253.50	252.75	248.75	243.50	241.75	243.00	244.00	239.25	246.00	261.00	262.50	264.00	274.00	272.75	264.25	261.50	262.00	235.00	224.00	228.00	231.25	231.75	230.50	229.00	229.25	229.25	230.75	230.25	230.50	231.50	237.00	240.50	247.25	252.25	253.00	248.00	245.75	249.75	252.75	250.75	250.75	256.25	267.50	276.25	285.75	294.75	292.25	292.25	288.00	283.50	274.75	265.75	260.00	255.00	255.00	260.50	270.25	283.25	289.50	291.25	281.00	272.50	267.50	265.25	264.00	261.50	260.75	263.75	264.25	268.00	277.75	280.00	267.50	253.00	252.50	244.50	243.00	238.25	235.50	234.50	234.25	234.25	240.50	244.50	243.25	243.75	240.00	237.00	239.00	240.50	240.25	241.25	248.75	251.25	248.25	241.25	235.50	230.75	226.75	222.25	218.25	215.00	218.25	220.50	212.00
229.50	229.25	226.00	222.75	222.75	224.25	224.25	224.00	241.25	253.25	253.75	250.25	247.00	246.25	248.75	253.00	256.75	260.25	270.50	280.50	284.00	278.75	272.25	271.75	272.50	269.75	271.75	272.50	273.75	276.50	281.50	282.50	286.25	296.50	308.25	316.00	313.00	308.50	304.00	298.75	297.00	300.00	303.75	304.00	296.50	288.25	289.50	290.50	294.25	302.00	302.75	306.75	305.75	308.75	311.50	296.75	273.00	272.00	272.00	272.00	272.00	272.00	277.25	289.00	294.50	295.25	295.00	291.50	291.75	294.25	295.25	298.00	300.50	301.75	303.50	305.25	310.75	304.75	293.00	290.25	286.75	283.25	278.00	273.25	273.00	273.25	276.25	287.25	293.25	298.75	309.50	321.75	318.75	314.75	312.00	311.75	308.50	308.00	309.50	309.00	306.50	305.25	304.00	302.25	300.75	297.75	295.75	293.75	292.25	298.50	309.75	317.50	318.75	316.75	315.25	310.75	306.50	306.75	314.25	323.75	327.75	323.00	318.75	318.25	318.50	317.50	317.00	317.25	314.00	312.75	310.50	310.75	313.00	311.25	303.25	298.25	293.50	290.00	289.25	282.75	276.50	274.75	271.75	265.75	263.00	262.50	264.75	262.50	259.00	257.75	255.00	254.00	249.25	244.25	240.25	239.25	240.25	241.25	238.25	255.75	273.50	265.50	265.00	275.75	284.75	287.25	281.25	290.75	261.00	237.75	233.75	233.75	234.25	231.75	230.00	228.50	229.50	232.00	231.00	231.00	230.50	234.50	235.75	238.75	242.50	243.75	242.00	242.75	248.00	249.25	247.00	248.00	254.00	262.25	272.25	281.00	290.25	292.00	295.50	294.00	297.75	285.50	267.50	261.25	256.50	255.75	262.25	271.75	281.00	285.25	291.25	286.25	278.25	271.00	268.00	267.75	267.50	264.25	265.25	266.50	268.75	277.00	286.50	272.00	261.50	261.75	253.25	251.50	247.75	245.25	245.00	242.75	241.25	248.00	255.25	254.75	252.25	247.00	241.75	240.50	239.25	239.25	241.50	247.00	245.75	242.75	241.50	239.75	235.00	233.50	228.00	228.25	225.00	221.50	216.25	211.00
230.50	229.25	227.50	225.75	227.50	228.75	227.00	222.25	239.25	249.25	246.50	241.25	240.75	250.25	253.00	256.25	258.25	265.00	274.50	288.25	288.50	281.25	275.75	274.75	271.50	269.25	271.00	271.50	271.75	275.00	277.50	279.75	283.25	303.25	316.50	313.75	309.75	301.25	296.00	293.75	293.25	296.00	298.00	299.00	291.75	286.00	286.00	289.75	295.25	299.50	307.00	319.25	314.50	322.00	339.25	316.25	276.75	272.00	272.00	272.00	272.00	272.00	272.25	278.25	286.75	289.25	288.00	286.00	286.00	289.00	291.75	294.00	296.50	297.75	302.25	306.25	308.50	305.75	299.25	297.75	291.75	287.25	279.50	274.50	274.00	275.00	279.75	290.50	294.75	301.25	310.25	320.00	318.75	315.00	311.75	310.50	309.50	309.25	312.00	310.25	307.00	307.00	305.50	305.00	303.50	300.75	299.75	297.75	297.75	309.25	324.25	328.75	325.50	317.25	310.75	307.25	304.25	303.00	306.00	311.75	312.50	307.75	304.75	307.25	311.25	315.00	314.25	312.00	308.75	310.25	306.75	306.00	309.50	308.75	297.25	292.75	288.75	286.50	286.00	280.50	274.75	270.50	267.75	265.00	266.25	268.50	271.25	267.50	263.00	260.75	255.25	253.00	245.50	241.50	238.75	237.75	238.25	240.75	243.75	258.00	263.00	262.00	267.75	281.00	299.50	315.50	312.50	300.25	270.00	251.50	238.75	236.75	238.50	235.00	232.75	229.75	230.75	232.75	232.25	230.75	230.50	232.75	233.25	234.25	235.00	236.50	237.75	241.25	245.00	244.25	244.25	248.75	255.50	260.75	267.00	273.00	279.00	282.50	289.75	296.75	311.75	292.75	270.50	263.75	259.25	258.50	265.75	273.00	279.75	283.25	289.25	291.50	285.50	274.75	272.50	273.50	274.75	269.25	267.50	269.25	272.00	275.75	284.25	271.25	273.25	273.75	267.25	260.25	256.75	257.50	256.75	251.00	248.50	258.75	266.75	263.75	258.75	252.75	245.75	242.75	238.00	237.75	239.75	241.25	237.00	238.00	249.75	250.75	244.00	242.75	237.00	247.75	235.50	223.75	215.75	211.25
231.00	231.25	229.75	228.50	231.75	231.25	229.25	223.50	232.25	233.50	229.25	232.75	241.00	257.00	256.00	257.00	258.00	265.25	273.50	282.25	283.75	280.00	272.25	271.00	267.50	266.50	267.50	269.50	271.00	274.00	275.25	279.50	285.00	301.50	305.50	302.50	297.75	296.25	296.75	297.25	298.75	296.50	296.75	293.25	288.75	284.75	283.50	284.50	289.50	299.00	309.50	310.00	311.00	317.25	336.00	311.00	285.50	276.75	292.00	289.25	272.00	272.00	272.00	273.25	279.75	282.75	282.00	283.00	283.75	287.00	288.75	291.50	297.00	299.75	305.00	310.50	313.25	313.25	312.00	305.75	296.75	290.50	283.75	281.25	280.25	284.00	288.75	296.50	296.75	300.50	306.00	313.00	312.75	313.00	312.00	309.50	308.50	309.50	312.00	309.75	310.25	309.25	308.00	310.25	309.00	305.75	303.25	299.50	302.50	309.50	314.25	318.25	319.25	321.25	341.00	316.25	306.25	304.00	299.75	298.50	294.25	290.25	289.25	297.50	305.75	310.25	310.00	306.75	303.25	301.75	301.75	300.25	301.25	301.00	294.25	293.75	291.25	288.00	284.50	279.50	276.50	275.25	273.75	276.75	283.50	284.50	281.00	274.25	270.50	266.50	257.00	254.00	247.00	243.00	240.25	240.00	241.00	246.75	253.75	260.00	252.75	259.50	271.00	289.50	299.50	309.50	323.25	314.00	274.75	260.50	248.50	245.75	248.00	242.25	246.50	251.25	240.50	236.25	235.75	234.25	235.75	234.75	235.50	236.00	236.00	236.00	237.50	239.25	239.75	241.25	245.00	249.00	257.50	262.00	264.50	266.00	265.25	272.75	279.00	284.75	289.00	279.50	269.50	262.25	261.25	265.75	270.25	273.75	283.25	287.50	292.50	296.75	291.50	282.25	284.25	287.00	283.25	279.25	274.50	275.25	278.00	276.75	274.50	273.25	284.75	283.50	271.00	262.75	259.25	258.00	253.25	247.00	249.75	263.50	262.25	259.50	257.75	254.25	252.00	246.50	238.50	238.00	235.75	235.50	245.75	251.00	274.75	274.75	249.25	247.00	262.00	259.50	240.25	225.00	225.50	221.00
232.00	232.75	230.25	230.50	233.00	232.00	229.50	224.75	225.75	227.25	227.50	231.50	241.50	256.00	254.50	255.75	257.50	264.25	270.00	286.00	281.00	277.75	269.75	267.75	265.25	265.25	266.00	269.50	271.00	272.50	274.00	280.25	289.25	305.50	304.75	301.25	296.25	298.50	304.75	308.75	303.25	298.00	296.50	291.75	286.50	282.75	281.50	282.25	288.50	298.25	304.00	306.75	306.75	310.00	313.75	298.75	286.00	282.25	306.75	308.50	272.50	272.00	272.00	274.00	281.50	284.50	284.00	282.75	283.50	287.00	289.25	291.75	296.25	300.50	307.00	312.00	318.75	318.00	313.50	306.00	298.00	292.00	287.25	283.25	284.25	292.25	295.00	300.25	298.25	299.25	301.50	306.75	311.25	311.75	312.00	311.00	312.50	312.75	311.50	310.00	311.00	310.00	308.75	310.00	310.50	308.00	304.00	300.25	304.75	309.75	315.00	319.75	322.50	331.25	370.00	327.50	312.25	307.25	300.25	297.50	292.25	289.00	289.00	294.50	303.75	308.50	309.00	305.75	303.25	306.25	305.75	302.25	302.25	304.25	302.25	298.75	294.50	290.25	286.25	283.00	282.25	282.00	280.50	286.00	297.00	302.25	292.50	280.50	275.00	269.25	262.50	259.00	251.50	245.00	240.50	242.25	243.75	250.00	255.75	259.75	252.50	256.00	269.50	283.25	295.75	299.75	307.50	307.00	292.75	270.75	252.75	256.25	252.00	249.75	258.25	269.00	248.50	240.50	242.50	241.25	241.00	238.25	237.50	237.50	237.25	236.50	237.75	239.25	239.25	241.50	245.00	248.50	256.25	261.25	262.75	261.50	260.75	271.75	278.25	278.50	279.50	272.75	265.50	260.50	261.00	265.75	269.25	273.25	280.00	285.75	290.75	294.00	291.50	289.00	295.75	294.75	291.75	286.50	278.75	279.50	282.75	279.75	276.25	276.75	284.25	279.75	269.25	263.75	258.75	255.25	251.25	247.00	252.50	267.25	263.75	260.50	260.50	256.75	254.25	247.00	240.50	239.75	239.50	245.75	261.50	257.50	272.50	268.00	247.25	256.75	271.50	258.50	238.75	228.25	229.25	230.25
234.00	233.75	232.25	233.75	234.25	233.50	231.00	227.50	226.75	228.75	229.00	233.50	244.00	251.50	253.75	255.75	257.50	263.25	266.75	274.50	273.00	270.00	268.25	263.75	263.00	264.25	265.00	266.75	270.50	273.25	276.25	286.00	305.00	318.75	304.25	297.50	307.50	323.75	324.25	312.50	297.25	294.25	289.25	287.25	286.25	281.50	279.25	279.00	281.00	290.75	301.75	301.00	299.75	296.75	296.00	290.25	290.50	293.75	311.25	301.50	273.75	272.00	274.00	283.25	291.00	291.00	288.50	284.50	283.75	288.75	291.75	292.75	295.00	302.00	306.00	309.75	316.50	322.50	313.75	306.50	300.25	295.00	289.25	289.00	290.75	295.75	302.00	318.00	314.75	310.25	309.25	308.75	312.00	313.25	317.00	317.00	315.75	313.25	310.00	309.50	310.75	310.00	311.50	311.50	309.50	306.75	304.25	305.50	309.50	315.50	321.75	329.00	334.00	338.00	354.75	339.25	329.75	317.75	312.25	312.00	302.00	292.25	290.25	303.00	304.25	306.50	303.25	302.25	303.75	310.75	310.75	308.25	316.50	314.25	305.75	302.75	298.50	294.50	301.25	301.00	296.00	289.75	291.50	294.25	310.50	308.75	298.75	296.25	304.75	293.75	280.00	296.00	280.50	295.75	272.75	250.00	250.50	254.25	258.00	258.25	250.25	253.25	260.75	271.50	280.00	288.00	298.25	304.75	303.75	290.00	265.50	283.50	289.25	269.50	269.00	257.50	248.00	250.25	258.00	257.50	259.75	251.00	243.25	241.25	239.50	237.75	238.75	239.75	240.75	242.50	251.75	252.75	255.50	256.50	252.75	254.00	257.75	265.25	272.25	274.25	270.75	266.00	261.75	260.00	260.75	262.00	265.50	269.00	275.75	279.25	282.25	285.75	295.75	305.25	308.75	314.50	313.00	313.25	299.00	294.75	291.25	288.50	280.75	276.75	272.25	269.00	265.50	263.75	260.00	256.50	255.25	253.75	255.50	262.50	261.75	262.75	260.00	255.75	252.50	246.25	245.00	251.50	247.25	252.25	249.00	248.75	251.50	260.50	257.25	263.50	250.50	242.75	242.00	261.50	267.50	259.25
235.00	234.50	233.50	235.00	234.00	233.50	230.50	229.50	228.50	230.50	230.50	236.50	242.50	250.50	255.50	255.50	257.50	263.00	267.00	266.00	267.00	266.00	266.00	264.00	263.50	263.50	266.00	271.50	272.50	275.00	279.00	288.00	300.00	299.50	298.00	296.50	303.50	309.00	301.00	297.50	295.50	291.50	289.50	291.50	292.50	283.50	278.00	276.50	276.50	282.00	292.50	296.00	298.50	296.00	294.50	290.00	294.00	307.00	331.50	309.00	275.00	272.00	274.50	283.00	291.50	293.00	291.00	288.50	288.50	295.00	297.00	294.00	293.50	299.50	303.50	303.50	313.50	319.50	308.50	301.50	297.50	292.00	292.00	295.50	294.50	299.00	306.00	338.00	361.50	344.00	321.50	317.00	314.50	317.00	318.00	316.00	310.50	310.00	306.50	309.00	311.00	312.00	312.00	311.50	311.00	307.00	306.00	308.50	315.50	319.00	330.50	343.00	346.50	336.50	336.50	334.00	335.50	328.50	339.50	360.00	339.50	319.50	312.50	309.00	310.00	304.00	303.00	303.50	311.50	313.00	312.50	313.00	313.50	312.50	307.00	304.50	302.00	300.50	299.00	296.00	293.00	292.00	292.00	297.00	305.50	302.50	301.00	310.50	335.50	326.50	295.50	333.00	315.50	289.00	274.50	257.00	255.50	257.00	259.00	256.00	253.50	265.50	276.00	284.50	278.00	286.50	294.00	295.50	295.50	280.00	279.50	311.00	293.50	271.00	256.50	252.00	251.50	256.50	273.00	277.00	283.50	256.00	249.50	249.50	244.00	242.00	241.50	241.00	242.00	243.50	260.00	262.00	248.50	248.00	251.00	265.00	268.50	271.50	270.50	269.50	268.50	265.50	261.50	259.50	260.50	261.50	265.50	270.00	275.00	278.00	279.50	282.00	291.00	304.00	305.00	313.50	319.50	330.00	305.50	298.00	293.00	286.00	281.50	277.50	269.50	266.50	263.00	261.50	259.50	257.00	255.50	253.50	252.50	258.00	256.50	255.00	253.00	250.50	247.50	247.50	245.50	247.50	243.50	242.00	239.00	242.00	252.00	255.50	252.00	247.50	245.50	246.00	261.50	295.00	278.50	264.50
236.25	235.25	235.00	235.50	234.50	232.25	230.50	231.25	226.50	229.00	230.75	237.50	244.00	250.50	250.75	249.25	249.75	256.00	260.25	260.50	264.00	264.00	263.75	262.75	262.75	264.50	267.75	271.75	274.00	276.75	280.50	289.00	294.00	293.00	291.50	290.25	291.75	293.00	294.25	295.75	291.75	289.25	291.50	299.50	297.00	287.75	279.00	276.00	276.00	279.50	292.00	296.25	295.25	292.00	291.75	289.50	292.75	308.75	335.00	310.25	279.00	273.50	275.00	278.75	288.75	294.25	294.25	295.00	297.00	301.00	300.50	296.25	295.75	297.50	300.75	303.25	308.00	310.25	305.75	301.00	296.75	293.25	297.00	300.75	303.75	316.50	333.50	341.75	347.25	334.50	322.25	317.75	315.00	315.25	313.75	312.75	309.25	305.75	307.25	310.75	312.00	312.25	312.25	313.00	311.50	307.00	308.25	312.50	317.50	327.75	339.00	348.75	341.75	335.75	333.25	336.75	338.50	330.75	344.25	358.75	342.25	326.00	319.00	317.00	313.50	303.75	304.00	318.50	323.25	315.00	320.00	319.25	320.00	318.00	315.50	313.50	307.00	302.75	299.50	300.25	304.50	307.75	305.00	304.25	306.00	307.75	315.50	323.50	355.00	360.25	334.25	318.25	315.75	314.00	285.25	264.75	260.75	261.25	261.50	253.75	259.25	278.50	287.50	280.50	275.00	284.00	287.25	297.00	291.50	294.50	299.00	307.50	288.75	265.25	261.25	259.25	257.00	265.00	275.25	277.75	271.25	259.00	265.75	279.25	264.75	251.25	246.50	244.25	243.50	245.25	248.25	247.75	248.50	251.50	254.50	263.75	268.50	270.50	266.50	267.50	268.00	266.00	261.50	260.00	260.75	261.75	268.25	270.50	273.25	273.50	273.75	276.25	283.25	294.00	302.75	312.25	316.25	317.00	301.00	294.50	296.75	291.00	287.50	282.25	272.25	267.75	264.00	262.25	260.25	258.00	256.50	255.00	255.25	255.25	254.50	253.50	253.25	251.50	247.00	245.50	240.75	241.50	238.50	239.25	238.75	240.25	249.25	247.25	243.50	249.75	255.25	264.75	273.50	308.25	295.00	265.00
237.50	238.50	238.00	236.75	234.00	232.25	232.25	232.50	228.00	229.75	237.00	245.25	247.00	241.25	240.50	246.00	251.25	253.00	255.00	256.50	259.75	261.00	263.50	264.75	266.75	271.50	271.75	273.25	274.50	279.00	282.00	287.75	289.00	288.25	287.00	287.50	286.50	287.75	291.25	291.25	288.75	289.25	296.00	302.00	296.50	289.25	283.25	277.25	277.25	289.75	295.25	294.75	291.00	291.25	290.25	289.25	295.75	306.25	327.25	313.50	289.75	281.00	282.75	287.00	289.75	292.75	293.75	298.75	299.50	304.00	313.50	304.25	301.00	298.75	299.00	301.00	308.00	315.00	312.50	310.75	307.25	301.25	312.25	323.50	327.25	337.00	334.25	338.50	333.25	325.75	322.25	323.75	319.75	317.00	309.75	310.25	306.75	304.50	304.25	308.50	311.50	313.50	315.00	314.50	312.50	312.25	315.00	318.00	323.50	335.00	346.00	344.50	340.75	341.25	334.25	331.00	329.75	327.75	330.00	331.50	331.75	328.25	324.75	316.75	310.25	305.50	305.75	309.75	312.25	314.25	318.25	320.25	325.50	327.00	328.75	321.00	315.75	328.00	324.75	317.50	332.00	344.50	327.25	317.50	321.25	334.75	354.75	357.75	368.75	412.00	356.50	343.25	323.75	302.75	285.25	270.00	266.00	264.00	262.00	251.75	265.25	283.00	278.75	271.50	272.25	280.50	293.25	302.75	306.00	301.25	305.75	302.50	282.00	278.00	268.75	263.75	271.50	284.75	291.50	277.00	271.00	290.00	287.50	297.50	283.25	269.00	272.50	261.00	250.75	250.00	250.75	250.75	251.00	254.00	255.50	255.00	255.50	260.25	259.00	266.75	268.00	267.50	260.75	260.75	261.75	263.00	263.25	265.25	267.00	268.00	272.75	275.25	281.00	287.25	292.75	303.50	300.50	300.50	290.50	291.00	296.50	296.50	294.00	287.50	277.25	273.25	269.50	266.25	265.25	263.00	260.00	260.00	259.25	255.75	253.00	251.00	248.50	245.75	243.50	242.00	237.25	238.25	237.00	237.25	239.75	238.75	247.50	253.75	252.75	251.50	246.75	255.75	265.75	273.75	265.25	256.50
239.50	240.50	239.75	237.25	234.75	234.75	234.50	234.00	231.00	231.00	234.00	237.00	236.00	237.75	243.25	251.00	256.50	258.00	258.25	258.00	260.50	263.00	264.75	265.75	269.75	273.75	273.50	276.00	277.75	281.25	283.75	286.00	287.00	284.75	286.25	286.25	284.50	284.00	285.75	284.00	284.25	287.00	292.75	297.00	293.50	289.25	284.25	280.25	279.00	290.75	294.25	292.00	287.75	288.25	289.75	294.75	307.00	310.25	315.25	305.25	292.50	288.25	290.00	291.25	292.50	293.25	293.50	298.00	297.75	305.00	318.50	309.25	304.50	303.75	311.50	318.75	321.25	327.00	319.25	320.00	320.25	309.50	316.75	327.25	330.25	327.50	326.75	332.25	331.50	325.00	325.50	328.00	318.25	315.50	309.50	312.00	311.50	309.25	310.00	312.75	314.75	316.75	317.50	315.25	314.00	320.50	321.00	322.00	328.00	337.00	347.75	343.00	345.25	344.25	338.25	335.50	332.25	331.75	332.50	334.75	334.50	329.75	324.75	316.25	311.25	309.75	310.25	316.75	321.25	320.25	321.25	324.00	332.50	337.75	333.75	329.75	330.25	337.25	330.00	322.50	334.75	343.75	334.75	329.00	330.75	339.50	358.75	374.50	386.25	403.50	355.75	344.25	310.50	297.25	283.50	270.50	266.50	263.00	259.25	251.75	263.00	272.00	270.50	269.75	277.00	283.75	294.25	302.75	301.00	297.00	304.50	318.75	314.50	300.50	285.50	282.50	280.00	285.50	283.25	276.50	280.00	302.75	300.00	303.00	291.75	280.50	282.00	269.75	256.50	254.50	253.50	253.50	254.25	255.50	256.25	256.25	257.50	260.00	258.75	262.25	263.75	263.75	263.75	265.25	265.25	265.75	265.50	265.75	266.25	270.75	280.25	284.50	287.00	291.75	295.25	296.00	296.00	296.00	286.00	290.00	293.25	293.75	291.25	287.75	279.75	276.50	274.25	271.25	269.50	265.25	261.75	261.00	260.00	256.75	253.25	249.75	247.00	245.25	243.50	243.00	239.00	239.75	237.50	237.00	241.75	241.75	246.50	258.00	259.50	251.25	247.00	248.50	255.00	258.75	251.25	244.25
241.50	241.50	240.50	237.00	236.25	237.75	236.75	235.50	234.00	233.25	231.00	228.25	228.25	238.50	248.75	255.50	262.00	262.75	260.75	260.75	261.50	263.75	265.25	266.50	272.25	274.75	276.00	278.25	281.50	283.25	284.75	284.00	284.25	282.50	285.50	285.00	281.75	279.50	279.50	277.75	280.75	287.00	289.75	291.25	289.50	286.75	282.50	279.50	280.50	288.50	293.00	287.25	284.00	285.00	287.50	297.75	309.75	305.75	301.00	299.75	295.00	294.75	297.00	295.50	295.00	295.00	294.75	299.00	299.25	304.75	316.25	311.50	309.25	310.00	320.50	327.75	331.75	329.25	326.25	327.75	328.75	316.75	317.75	326.00	319.00	314.75	318.00	324.25	332.00	329.50	327.00	326.50	318.25	315.00	314.75	318.75	319.00	317.25	317.75	319.75	319.75	320.25	319.50	315.75	317.50	325.25	324.50	325.25	331.75	337.25	345.75	343.25	347.25	347.00	342.00	339.75	337.25	338.25	337.75	337.25	333.50	327.25	322.50	316.00	315.25	319.50	319.75	328.50	331.75	329.25	326.00	327.75	337.75	343.75	339.75	338.75	342.00	332.25	323.00	322.00	328.50	338.50	340.25	334.25	332.75	340.00	355.75	382.25	390.50	376.00	346.75	330.00	304.25	293.50	281.25	269.75	264.50	260.50	255.25	250.00	258.50	262.50	264.25	272.00	281.50	285.50	295.00	299.00	290.75	290.25	302.25	333.50	348.75	322.00	306.50	310.75	294.00	284.75	279.25	277.25	283.75	296.00	297.00	297.25	290.50	283.50	283.00	272.50	262.25	258.75	256.00	255.75	258.25	257.75	257.25	257.25	258.75	261.00	260.25	260.75	264.25	265.75	274.00	275.00	271.75	270.75	269.25	268.75	267.75	273.75	284.25	290.00	293.00	300.75	303.25	293.75	291.25	292.00	282.75	287.75	286.75	289.25	290.50	290.00	284.50	280.25	277.75	276.25	275.00	268.00	264.50	262.50	260.50	257.25	253.25	249.00	248.00	246.75	244.75	244.25	241.50	241.75	237.75	237.25	244.00	248.75	247.50	257.25	262.25	250.75	249.50	243.75	245.25	244.75	245.00	238.25
243.00	243.00	240.25	238.50	239.25	239.75	238.25	237.25	236.25	235.50	234.75	232.25	229.75	241.50	252.25	256.25	263.50	263.25	262.25	262.25	262.50	263.75	266.00	268.25	272.50	276.50	277.50	279.75	282.50	283.50	283.50	282.00	280.75	279.75	282.25	281.75	277.00	272.25	270.75	270.25	278.50	283.25	284.25	284.25	283.50	280.00	279.50	280.50	282.00	286.25	286.75	282.50	282.75	280.50	283.00	288.00	294.00	291.75	293.75	296.25	297.75	297.50	300.50	299.25	297.00	298.00	298.25	303.25	304.75	306.25	314.00	316.00	314.25	317.50	320.50	324.25	329.00	324.50	325.50	324.75	320.75	315.25	312.00	316.00	309.00	307.75	310.25	318.25	327.00	323.00	320.25	321.00	318.25	319.50	324.00	325.50	324.25	322.00	322.50	324.75	321.75	322.25	321.75	318.75	322.50	327.50	327.75	329.75	334.00	339.75	343.75	345.75	347.50	348.50	343.25	341.25	340.25	340.00	338.00	333.75	330.75	327.50	324.75	321.75	326.00	335.00	335.75	339.25	338.50	333.00	328.00	329.25	343.50	352.50	344.00	342.00	341.00	330.00	322.00	322.00	328.00	337.00	340.25	341.25	341.00	343.25	353.00	365.25	366.50	351.00	324.75	314.25	298.25	288.50	279.50	267.25	260.50	255.75	251.50	249.75	255.25	258.50	261.50	269.50	274.75	282.00	292.00	291.50	286.00	290.50	302.00	317.75	330.75	317.00	311.00	320.50	310.00	294.00	283.00	280.75	282.25	284.50	289.75	291.25	287.50	285.25	288.75	278.00	266.75	262.00	261.50	261.25	265.75	266.50	263.25	261.25	259.75	262.00	262.50	262.25	266.75	271.50	279.25	278.50	275.25	274.50	271.75	270.25	272.00	277.00	283.75	286.00	291.50	300.50	303.00	296.75	293.50	290.25	282.75	284.00	287.25	289.50	291.75	294.25	291.50	286.25	283.50	283.25	280.75	273.25	270.25	266.00	263.75	257.50	253.25	252.25	253.50	253.50	249.00	249.50	243.75	245.50	241.25	241.25	246.00	251.50	253.75	256.25	260.25	251.00	248.25	246.50	249.00	252.50	255.00	244.50
244.25	243.75	240.00	241.50	241.50	241.25	240.00	239.25	238.75	238.25	237.50	235.50	232.25	244.00	253.25	256.75	263.00	262.50	263.75	264.50	266.00	267.00	267.25	269.25	272.25	276.50	277.50	280.50	282.25	282.25	281.00	280.50	277.75	275.25	276.75	275.50	270.25	261.75	259.50	263.00	273.25	275.75	277.75	277.25	275.50	272.50	276.25	281.25	281.75	282.00	282.25	278.25	281.50	276.25	277.00	279.00	282.75	283.50	288.50	290.50	297.75	297.00	299.00	300.00	300.00	302.50	302.50	307.75	308.50	309.25	315.50	322.25	321.25	329.75	327.50	326.50	321.00	316.50	319.75	315.00	310.00	309.00	305.00	305.00	305.00	305.00	305.25	312.75	316.50	310.50	312.25	316.75	318.50	323.00	327.75	328.25	327.50	324.25	324.75	326.25	323.50	323.75	323.00	325.75	328.50	335.75	334.00	335.50	338.25	343.75	347.25	350.25	349.75	349.00	345.75	344.00	342.25	339.75	337.25	333.50	332.25	331.25	329.75	330.00	337.50	358.75	358.25	355.50	350.50	337.00	331.50	333.25	348.25	357.50	346.75	347.25	340.25	329.00	323.50	327.75	337.50	343.25	344.00	353.00	348.25	340.25	341.50	342.25	338.25	329.50	308.00	299.50	290.25	282.50	277.00	263.25	256.75	252.25	249.75	251.00	254.25	257.25	260.50	264.50	268.50	276.75	284.25	284.25	284.25	290.50	299.75	303.75	306.25	303.50	306.75	314.50	312.00	296.00	285.75	286.25	284.75	283.75	290.00	296.25	292.50	289.00	287.75	279.75	270.25	267.50	274.00	273.00	278.25	280.25	273.00	267.75	264.25	265.50	266.00	263.75	270.00	273.25	273.25	274.25	276.00	276.00	273.25	271.50	275.50	281.75	284.00	282.75	288.25	293.75	298.00	299.25	297.00	290.00	285.50	284.75	291.50	292.75	293.75	297.50	299.25	293.25	290.50	292.00	286.00	279.75	276.50	271.00	266.75	257.75	253.75	253.75	256.75	260.00	253.25	252.50	245.50	250.25	246.75	246.25	247.75	249.50	256.25	256.25	258.50	254.75	253.25	254.50	256.25	265.00	261.00	252.00
244.00	243.25	243.50	245.75	244.75	244.25	244.00	243.50	244.00	244.25	243.25	240.75	239.00	236.25	243.25	255.00	261.75	267.25	275.75	282.75	274.25	269.00	269.00	270.50	271.75	272.00	272.50	275.75	276.50	276.50	276.50	275.00	272.75	265.00	260.75	256.25	253.25	252.00	252.75	255.00	264.00	265.50	265.50	265.50	265.50	268.25	271.00	276.25	278.00	278.25	278.75	275.00	274.00	271.50	271.00	272.00	276.25	278.00	285.25	288.00	290.50	293.50	294.75	298.50	301.50	301.50	300.75	303.25	305.25	310.50	319.25	324.50	330.00	327.75	323.25	316.25	306.75	305.00	305.00	305.00	305.00	305.00	305.00	305.00	305.00	305.00	305.00	305.75	313.50	321.00	317.50	316.00	319.50	323.00	326.75	327.25	328.25	327.25	326.50	326.50	325.75	325.00	325.75	331.00	333.25	340.75	343.50	344.25	346.25	351.00	357.75	359.50	357.50	360.25	365.00	359.75	350.25	345.50	341.75	344.75	347.75	341.25	338.00	342.50	352.75	381.75	399.00	386.75	360.75	344.25	337.75	336.75	345.75	346.50	343.00	338.75	330.25	325.00	332.75	346.00	349.00	339.25	334.00	330.75	327.00	318.75	313.75	310.75	309.25	306.25	293.25	283.50	277.25	273.50	270.75	259.00	254.75	250.25	250.75	258.25	260.00	262.00	262.50	265.50	269.75	274.00	276.75	278.25	283.50	286.00	289.50	295.75	295.00	293.50	299.00	307.00	306.75	292.75	289.75	291.25	294.50	300.00	300.75	303.75	297.00	291.00	282.75	278.00	275.50	280.25	303.50	294.25	317.50	315.75	290.50	276.75	274.50	271.50	270.50	266.75	268.50	270.50	271.00	269.75	271.75	272.75	272.50	272.50	276.00	280.50	279.75	279.00	283.00	288.50	295.50	298.50	297.00	288.75	286.25	287.00	289.75	296.00	302.50	302.25	307.25	305.00	302.00	303.00	297.00	293.25	290.50	279.50	271.50	262.25	258.50	255.00	255.50	256.00	259.00	256.00	254.00	256.00	254.00	255.25	256.25	256.00	260.25	264.00	266.25	267.75	270.50	270.00	269.50	272.25	264.75	261.25
244.25	245.25	246.50	248.50	246.50	246.00	246.00	246.00	246.75	247.00	246.00	243.25	240.50	234.50	236.00	253.75	262.75	269.50	283.50	286.25	270.00	266.25	268.00	269.25	270.00	268.75	269.75	270.75	270.75	271.50	272.00	270.00	266.50	254.75	254.25	251.75	254.25	257.00	257.00	253.25	260.25	262.50	261.75	263.25	265.50	266.75	269.00	275.00	276.50	275.50	275.25	273.75	272.25	269.25	269.50	271.00	274.25	278.25	285.25	287.50	289.50	291.25	294.00	297.25	299.50	300.00	299.00	302.75	303.50	309.50	315.25	322.50	325.50	320.00	316.50	310.00	305.00	305.00	305.00	305.00	305.00	305.00	305.00	305.00	305.00	305.75	305.00	308.00	321.00	323.00	311.50	313.00	317.75	322.50	327.00	327.25	328.50	327.50	327.50	327.75	327.00	326.75	327.00	331.75	333.75	341.25	345.00	346.50	352.50	361.50	363.00	363.25	362.50	369.00	371.75	363.00	352.50	347.75	344.50	346.50	349.25	343.00	340.25	346.75	355.00	369.50	386.50	378.75	357.25	342.00	335.75	334.00	337.75	335.50	331.00	326.75	322.75	323.50	331.75	337.50	334.50	328.00	324.25	319.50	316.50	308.75	303.00	300.00	298.50	295.75	286.25	277.75	272.00	269.50	269.50	257.50	253.25	251.00	254.00	263.75	266.25	268.25	266.00	266.75	271.00	274.50	276.25	278.50	283.00	285.00	285.00	297.50	292.75	290.75	295.50	302.25	306.00	297.50	296.00	292.25	294.25	305.25	305.75	303.00	295.25	288.75	282.25	280.00	280.00	284.75	294.00	293.50	319.50	314.50	291.00	279.25	278.50	274.50	273.25	270.25	272.00	273.50	274.00	270.00	269.25	270.00	272.75	273.75	275.75	277.50	276.50	278.25	284.00	289.75	295.25	297.00	294.75	286.75	286.00	286.00	287.75	295.00	304.00	304.75	309.75	310.25	310.75	312.00	308.75	306.50	307.25	295.00	280.00	270.00	267.00	257.75	256.50	256.25	261.75	263.00	262.50	265.00	263.25	262.50	260.00	264.50	272.50	280.25	277.25	288.25	294.75	291.50	283.25	285.75	279.00	267.25
247.25	249.00	249.75	251.00	248.50	248.50	249.00	249.50	250.25	250.00	248.25	243.50	240.25	237.00	232.50	247.25	259.25	262.00	266.75	265.00	257.75	258.75	264.25	266.25	266.25	263.75	263.25	262.75	263.25	261.50	260.25	257.75	256.50	253.75	258.50	262.25	264.75	262.50	259.50	256.00	257.00	258.75	260.00	261.50	263.25	265.00	267.25	270.50	271.75	272.75	271.00	270.00	268.75	268.00	268.75	271.25	275.50	280.25	284.75	286.75	287.50	290.25	292.75	294.75	295.50	296.00	297.25	302.00	302.50	306.75	310.25	316.50	318.50	314.00	310.00	306.25	305.00	305.00	305.00	305.00	305.00	305.25	312.75	320.75	330.00	331.00	320.00	307.50	313.75	312.50	306.00	310.50	316.75	322.50	328.75	330.00	331.50	330.50	329.75	329.00	328.75	328.25	328.50	331.00	335.50	345.75	352.25	352.75	362.50	366.50	362.50	361.75	362.75	369.00	369.25	363.75	355.50	352.00	348.75	347.25	346.25	344.50	343.25	346.50	350.50	356.00	361.50	356.75	346.00	333.75	328.00	324.25	321.25	319.00	317.00	315.00	314.50	318.50	322.50	323.25	321.25	316.50	314.00	308.75	305.25	296.75	290.00	286.50	283.75	281.25	276.00	270.75	266.25	263.75	262.50	255.00	253.25	254.75	260.00	271.50	276.25	276.00	273.25	269.75	271.50	275.00	277.75	281.00	288.00	289.75	292.50	300.25	292.50	290.00	293.50	301.25	309.00	306.50	308.25	301.75	297.50	307.25	311.00	302.50	296.50	291.50	285.25	284.00	289.50	296.25	301.00	299.75	304.00	300.25	288.75	282.25	280.50	278.50	278.00	277.75	282.00	284.00	282.00	277.00	274.75	274.25	276.00	276.25	276.50	277.25	276.50	278.50	287.50	293.75	296.00	293.25	289.50	282.75	284.00	286.00	288.75	296.00	306.00	312.50	318.00	324.00	337.25	342.00	334.00	328.50	320.75	307.50	292.25	277.00	269.50	261.00	260.00	261.00	268.50	284.50	296.00	307.75	300.50	288.50	280.00	292.75	298.25	306.00	302.25	319.75	321.75	316.50	307.75	317.25	301.75	291.25
250.50	252.50	252.00	252.75	250.50	251.00	252.00	253.50	253.50	253.00	250.00	243.25	240.75	239.00	235.00	240.00	250.00	249.75	246.25	245.50	247.75	252.50	261.75	265.00	264.00	260.25	257.00	254.50	255.75	251.25	249.25	250.00	254.75	261.25	270.00	280.25	275.50	266.25	260.00	257.00	254.75	257.00	258.75	260.00	261.00	263.50	264.75	266.25	266.75	268.50	267.00	266.25	266.00	268.00	269.50	272.00	277.75	280.00	282.50	283.75	285.00	292.25	293.25	292.25	292.50	293.25	295.75	301.75	302.00	304.75	306.25	313.25	317.75	312.25	307.50	305.50	305.00	305.00	305.00	305.00	309.75	320.50	335.00	340.25	362.50	356.50	335.50	305.00	305.00	305.00	306.00	310.75	318.50	324.75	331.25	333.00	335.75	334.50	332.50	330.00	330.75	329.00	330.25	333.00	337.50	353.25	361.00	356.75	363.75	358.75	355.75	356.50	359.75	364.00	366.50	364.25	358.50	356.25	352.75	350.00	347.50	346.00	345.25	344.25	344.25	344.50	343.50	340.00	334.25	324.75	319.50	313.75	308.00	305.25	305.00	305.50	309.00	314.75	317.00	316.25	313.25	308.25	305.75	299.50	295.25	286.00	278.50	274.00	269.25	266.75	266.75	265.25	262.75	257.00	255.50	254.25	257.00	259.25	264.25	275.50	278.50	279.50	278.25	272.50	272.75	276.25	279.00	284.50	294.50	298.75	309.50	302.75	294.50	291.75	294.00	302.50	309.00	309.00	312.50	311.25	303.75	309.00	311.25	301.50	296.00	292.75	289.25	290.75	302.00	310.25	316.25	310.25	296.75	291.50	287.00	284.00	282.25	281.50	282.25	284.00	291.25	294.75	292.25	285.25	282.00	281.00	279.25	278.50	279.75	280.00	278.75	280.75	289.75	297.75	298.25	289.75	285.75	280.00	281.50	288.00	292.25	301.00	313.75	326.75	332.75	341.75	368.75	366.75	347.25	335.00	317.50	302.25	291.25	276.75	266.50	263.25	263.50	266.75	280.25	312.50	334.75	342.50	331.75	313.75	305.00	328.75	319.25	323.00	332.75	349.50	350.50	340.50	332.50	340.00	322.50	327.50
253.25	255.25	254.75	255.00	253.75	254.75	255.75	257.25	257.00	255.75	251.50	244.75	241.25	239.50	235.75	238.00	245.50	245.25	244.00	244.50	259.50	265.25	269.75	269.50	265.75	260.25	255.00	249.50	250.25	249.50	250.50	255.75	262.00	271.25	280.50	287.00	276.25	266.00	260.25	257.50	253.75	256.25	257.25	258.25	258.75	260.00	261.25	262.25	262.25	264.25	264.75	266.00	266.25	269.25	271.50	273.75	278.25	279.00	280.25	281.75	285.25	292.75	291.50	290.50	292.25	294.00	296.50	301.75	302.75	305.75	308.00	319.25	322.75	313.75	309.00	306.50	305.00	306.75	316.25	321.00	337.75	349.75	367.75	357.50	369.25	354.50	335.25	310.00	307.00	312.25	316.00	316.00	324.25	330.25	335.75	337.50	339.50	338.00	335.50	334.50	336.75	334.00	335.00	339.25	343.75	352.50	354.50	349.50	349.00	344.75	343.75	346.75	353.50	360.25	362.25	359.25	356.75	357.50	356.25	353.75	350.75	347.75	345.75	342.50	340.25	337.75	334.75	330.75	325.50	318.00	312.75	307.50	299.00	296.25	299.00	302.75	309.25	314.00	315.00	313.25	309.00	302.25	298.50	291.00	286.00	276.00	269.50	265.25	263.75	262.00	261.75	261.50	261.50	257.50	258.75	261.00	263.25	263.50	265.75	273.00	275.75	280.25	282.00	279.25	278.00	278.50	281.50	287.50	296.25	305.00	319.50	312.25	301.50	296.25	296.50	300.75	304.50	306.00	309.00	312.50	312.75	312.75	306.75	300.50	295.25	294.00	296.00	300.25	315.00	326.75	331.25	320.00	304.00	295.50	290.75	287.50	286.25	283.25	285.25	289.00	294.00	297.50	294.75	288.00	285.50	284.00	281.25	280.50	280.75	281.00	279.75	281.25	294.00	303.25	298.25	289.50	284.25	280.25	281.50	289.75	297.75	311.50	328.00	336.25	339.50	350.75	364.75	359.00	336.75	321.25	305.50	291.75	282.25	273.25	266.75	267.25	268.00	272.00	284.75	314.25	333.25	337.00	343.75	323.25	315.50	333.75	337.75	340.75	361.50	370.50	368.25	355.50	345.25	344.25	338.50	348.25
256.25	258.75	257.75	258.25	257.75	258.75	259.75	260.75	260.50	258.25	253.00	246.50	242.00	238.75	235.25	239.00	248.00	247.00	245.00	246.25	283.00	283.00	278.50	275.25	268.25	260.75	254.25	246.50	248.00	251.25	255.25	261.75	266.75	277.00	282.50	281.75	272.75	264.75	260.25	257.75	254.25	254.75	256.75	257.00	257.75	257.75	258.50	259.50	259.50	261.00	262.75	265.75	266.75	269.75	272.75	275.75	278.50	280.50	280.75	282.75	286.25	289.75	288.75	290.25	292.75	295.00	298.00	301.25	303.75	306.75	310.25	321.25	320.50	313.50	310.75	308.50	307.50	319.25	349.75	348.75	365.00	361.75	381.00	374.25	368.75	360.00	341.00	325.25	313.00	323.25	326.00	323.50	331.75	335.75	341.00	342.75	342.75	341.25	339.25	341.75	345.75	343.00	343.75	347.00	349.00	347.50	345.50	343.25	338.50	336.50	336.00	338.25	348.00	356.00	353.75	350.00	353.50	357.75	359.00	356.75	353.25	349.25	346.00	341.00	337.00	332.25	328.50	323.75	319.25	313.00	307.75	301.75	292.75	290.25	295.75	302.00	308.50	311.25	312.25	311.00	306.00	297.75	292.50	283.50	277.25	267.75	262.50	262.25	264.75	263.50	261.25	260.75	262.00	263.25	266.75	268.75	269.00	268.00	270.25	275.00	280.25	284.75	288.00	285.75	282.25	280.25	283.25	288.25	298.25	306.25	320.25	321.25	308.00	301.50	302.00	302.75	308.25	305.25	307.25	314.00	321.50	316.00	308.00	302.25	295.75	296.75	302.50	307.25	321.25	335.50	337.00	328.25	315.00	305.75	298.75	292.75	290.25	286.75	289.50	293.50	294.75	296.50	293.25	290.50	288.00	285.50	282.50	281.25	278.75	281.75	281.00	281.00	297.50	303.25	295.75	288.00	282.00	280.25	283.25	291.00	301.75	320.25	335.25	335.25	335.75	349.50	346.25	344.25	326.75	310.00	295.50	285.00	278.50	274.00	271.00	273.50	273.50	277.25	285.25	304.75	321.00	334.25	353.75	330.50	319.25	326.25	347.00	354.75	372.50	369.25	361.00	353.00	345.50	349.75	349.25	352.25
260.75	262.00	263.50	264.25	264.50	264.75	265.50	264.50	264.00	260.00	253.75	247.25	242.75	239.25	235.00	241.50	251.50	252.00	246.75	257.75	291.75	284.25	280.00	276.50	269.00	259.25	249.50	245.50	250.25	255.75	261.25	267.25	270.75	274.50	275.75	274.25	269.25	264.00	260.50	259.00	258.75	258.25	258.75	259.00	260.25	260.75	261.00	261.75	262.25	262.50	262.50	263.00	265.00	269.00	274.25	277.75	281.25	281.00	282.75	283.75	285.25	286.50	289.00	292.25	294.50	296.75	298.75	303.00	304.75	307.50	310.25	314.25	314.75	314.50	315.00	315.50	323.25	334.50	349.00	351.00	354.00	362.00	367.75	358.75	356.00	393.75	389.50	344.75	325.75	336.50	338.75	337.00	342.00	346.25	349.50	348.50	347.25	345.00	348.00	356.00	365.75	382.00	381.50	361.50	356.25	353.00	350.00	343.75	339.50	337.75	336.50	337.25	343.75	342.75	334.00	334.75	347.50	354.25	357.50	355.75	353.00	349.25	345.75	340.00	335.75	329.50	326.00	320.25	315.00	306.50	298.50	292.75	285.25	283.00	288.50	294.25	301.50	307.75	309.75	308.50	302.50	294.50	288.75	278.00	269.50	263.75	269.50	275.25	272.50	272.75	267.00	266.50	269.50	276.00	288.75	283.75	275.25	272.75	282.50	297.00	302.50	306.50	299.00	290.75	285.00	283.50	284.50	288.25	302.25	310.25	321.75	324.25	313.75	316.00	313.25	318.25	319.25	310.75	309.25	312.75	318.50	311.25	307.25	300.50	297.75	300.00	305.00	312.25	326.75	332.00	338.75	344.50	336.75	332.75	314.00	304.75	297.50	292.75	298.50	298.50	298.00	297.25	297.25	294.50	291.25	288.25	284.50	281.75	280.00	282.25	281.25	280.75	289.00	290.25	286.00	281.50	280.75	280.50	283.75	291.50	303.00	314.75	325.75	324.00	324.25	329.50	328.00	326.25	316.50	308.75	299.75	288.50	295.25	319.25	295.75	287.00	284.75	285.25	290.50	305.00	331.75	348.50	347.75	337.00	317.50	326.25	345.50	359.75	359.00	348.75	346.25	351.75	342.75	354.75	351.50	352.00
264.00	265.00	267.00	268.50	269.00	269.00	268.00	266.50	264.00	259.50	253.00	246.00	241.50	239.50	235.50	241.50	252.00	250.00	247.50	273.00	271.50	275.00	276.00	274.00	265.50	253.00	245.50	250.50	255.50	262.50	267.50	271.50	273.00	274.00	275.00	272.50	269.50	266.00	261.50	260.00	259.00	259.00	259.00	260.50	261.50	263.00	262.50	263.00	264.00	265.00	265.00	264.50	264.50	266.50	273.50	277.50	280.00	281.50	283.50	283.00	284.50	287.50	290.50	294.50	296.50	298.00	301.50	309.50	306.50	310.00	311.50	314.00	315.00	315.50	318.50	320.00	322.50	332.00	342.50	344.00	348.50	363.50	379.00	369.00	371.50	365.50	377.00	351.50	337.00	341.00	344.00	343.00	346.50	349.50	351.50	350.50	350.50	348.50	354.50	366.50	386.00	420.50	413.00	371.00	362.00	361.50	361.50	348.50	344.50	343.00	341.50	340.00	340.00	335.00	330.00	330.00	341.00	348.50	353.50	355.00	353.00	350.50	347.50	341.50	336.50	331.00	326.50	320.50	314.00	306.50	297.50	291.50	283.50	283.00	282.50	287.50	296.00	305.00	307.50	305.00	299.00	292.00	286.50	273.00	263.50	272.50	284.50	288.00	284.50	289.00	275.50	272.00	276.50	285.50	295.50	294.00	281.50	276.50	283.00	302.00	314.50	324.00	305.50	293.00	289.50	287.00	287.00	294.00	314.00	319.00	322.50	321.50	324.50	327.50	322.00	328.50	326.00	313.50	311.00	313.00	311.50	311.00	304.00	299.00	299.50	303.00	308.00	313.00	325.00	330.50	340.00	341.00	334.50	330.00	327.00	323.50	307.50	296.50	301.00	298.00	296.00	298.00	302.00	301.50	298.00	293.00	286.50	283.50	282.50	282.00	282.00	281.00	281.00	281.50	282.00	282.00	281.50	282.00	285.00	293.50	301.00	308.50	314.50	314.50	323.00	321.00	323.00	323.50	322.50	326.50	306.50	302.00	328.00	358.50	318.00	303.50	298.00	296.50	297.00	308.00	320.50	343.50	364.50	372.50	329.50	331.50	359.00	364.00	359.50	343.00	341.50	339.50	327.50	336.50	345.00	333.00
268.75	270.00	270.50	273.25	273.50	272.25	268.50	266.25	263.75	260.00	254.25	244.50	241.25	238.75	237.25	236.50	240.00	238.50	240.00	255.75	268.25	274.00	274.50	269.25	255.25	244.75	251.25	259.25	263.75	269.50	274.00	276.75	276.25	276.00	276.25	275.00	271.25	267.75	269.50	267.00	264.75	266.25	270.50	271.00	268.75	266.25	265.50	265.75	266.25	267.25	266.75	265.75	265.75	266.50	271.00	275.75	278.75	280.00	281.25	283.75	287.25	290.50	293.25	297.00	298.50	301.25	304.50	309.00	312.75	311.75	313.75	316.75	318.00	319.00	321.00	321.75	323.25	329.75	337.75	342.25	349.00	359.00	371.25	381.50	414.75	379.25	370.75	349.25	340.75	344.50	347.25	346.50	350.50	352.25	355.00	353.75	352.00	353.75	361.75	385.25	409.00	442.00	419.00	379.00	370.50	369.50	365.25	356.75	353.00	348.75	346.50	344.75	341.50	337.75	332.25	336.00	345.75	349.25	350.50	350.25	350.25	349.75	350.00	345.50	339.25	331.25	326.75	320.75	314.00	305.50	298.00	290.75	283.50	282.50	281.50	284.25	294.50	303.00	305.00	301.00	294.75	286.25	278.75	265.75	268.50	280.75	294.75	304.75	309.50	307.75	287.00	282.50	285.25	289.75	297.25	299.25	285.25	279.75	286.25	305.00	314.25	335.00	318.75	303.00	295.00	295.00	292.75	294.50	307.00	308.25	317.25	322.50	332.25	333.75	331.00	334.25	327.25	321.50	317.00	314.75	319.75	309.00	305.50	302.75	303.00	305.50	310.00	314.75	322.25	328.25	339.50	342.75	364.25	351.75	332.00	316.50	309.00	300.00	298.00	297.75	297.75	300.00	307.50	321.00	316.00	307.25	298.50	291.25	286.50	285.75	282.50	281.00	281.25	282.25	282.00	281.50	281.75	282.75	287.50	291.75	296.50	301.50	304.50	310.25	319.75	323.75	323.75	324.75	333.75	328.50	317.75	321.75	328.75	360.00	348.25	322.75	324.50	312.75	308.25	319.50	340.50	379.75	380.00	381.75	337.00	349.00	356.25	361.00	352.50	339.00	331.75	334.50	323.25	331.25	330.00	327.25
277.00	277.50	278.50	284.00	281.25	275.75	271.25	268.50	268.25	264.75	261.00	255.00	243.25	240.25	242.75	244.75	245.00	241.00	239.00	256.75	261.75	263.00	250.25	246.50	246.50	253.25	261.50	267.00	271.25	277.75	281.25	281.75	280.25	278.75	278.00	274.25	268.75	269.50	276.25	273.25	280.25	286.75	289.75	286.25	279.50	273.25	272.75	272.50	272.50	271.00	270.00	267.00	266.25	266.50	268.75	273.00	276.75	279.25	283.25	286.50	291.50	295.25	298.50	301.25	304.50	307.50	310.00	311.25	313.25	318.75	318.75	322.50	322.75	323.75	324.75	327.00	325.50	328.75	335.25	341.25	346.50	359.25	367.00	384.75	407.00	396.75	384.75	354.00	344.75	346.50	349.50	353.25	356.00	358.00	359.75	357.50	358.00	360.50	373.25	391.75	404.25	422.00	412.00	390.25	385.50	377.25	374.25	364.75	361.25	357.75	361.75	365.00	358.25	359.00	353.00	350.00	347.25	343.75	338.50	337.25	343.00	346.25	347.25	344.25	337.25	327.25	321.25	314.00	307.75	300.25	294.25	291.00	285.50	283.25	284.75	289.75	297.75	302.50	302.50	297.75	291.25	277.75	269.00	267.25	270.75	286.25	303.00	307.50	315.25	310.00	295.75	294.75	301.00	305.25	317.75	307.25	290.00	288.00	294.50	295.75	306.25	330.75	325.25	313.25	311.25	304.00	296.50	296.00	299.25	305.00	310.75	317.75	325.50	331.00	338.50	344.00	344.00	334.75	326.50	333.25	340.25	320.25	315.50	312.75	310.75	313.75	320.75	324.75	332.25	336.00	345.25	351.50	377.25	394.00	356.50	331.00	318.50	307.75	304.25	303.25	302.75	304.00	311.50	326.25	333.25	322.50	305.25	295.25	308.50	301.00	289.00	283.25	282.50	282.50	282.75	283.50	283.50	284.75	287.25	290.75	293.25	298.25	303.75	310.00	315.00	316.25	318.75	327.50	331.50	338.75	348.50	356.00	352.75	347.00	362.75	383.25	422.25	391.25	343.50	352.00	377.00	370.25	362.25	360.50	354.25	352.75	335.00	342.00	335.00	322.75	314.00	302.25	300.25	317.00	312.25	331.00
279.50	279.75	283.00	292.50	286.25	280.00	276.75	274.00	271.75	268.25	269.50	268.50	253.50	250.25	252.00	249.00	245.00	241.50	238.25	246.25	245.75	245.75	240.75	244.00	249.00	256.25	263.75	269.00	274.25	280.25	282.75	282.25	280.75	278.50	277.25	272.75	268.50	269.00	271.25	272.50	283.50	290.75	292.50	288.75	282.75	278.50	277.50	277.50	276.50	273.75	270.75	267.50	266.50	266.75	267.75	271.75	276.25	279.25	284.25	288.25	294.25	297.25	300.50	303.50	307.25	310.00	312.50	313.75	315.00	319.75	322.00	324.25	325.25	325.75	329.00	337.25	328.25	329.75	334.50	341.25	346.50	361.75	373.50	393.25	411.50	404.25	381.50	354.25	350.50	354.25	354.75	356.50	358.00	359.75	360.50	360.00	362.00	364.50	375.50	391.00	409.75	427.00	412.75	397.50	388.25	380.00	376.50	369.00	366.75	364.50	372.50	377.25	365.00	361.25	353.50	348.25	343.50	340.00	335.25	333.25	338.50	342.75	345.00	341.75	335.75	325.25	318.75	311.00	304.50	298.00	294.50	294.50	294.50	289.50	292.75	297.50	301.75	303.00	300.25	294.75	286.50	271.75	269.50	271.50	273.25	285.00	294.75	299.75	306.00	304.50	299.75	301.00	306.00	317.75	329.00	308.75	292.75	296.25	305.75	301.75	303.25	315.25	322.75	320.25	317.00	305.50	299.00	297.75	300.00	303.75	311.25	318.25	326.50	332.25	343.50	349.75	359.50	347.00	335.00	349.75	355.50	336.25	330.75	324.25	321.25	326.50	334.75	336.00	340.75	343.00	350.75	353.25	367.00	379.75	365.75	341.75	327.00	312.75	309.25	307.00	305.50	307.50	311.50	318.00	319.75	313.50	306.25	301.50	316.75	310.50	292.75	286.00	286.75	283.75	283.75	284.25	284.25	285.50	288.00	290.75	293.75	298.50	303.75	308.25	312.25	314.25	320.00	324.75	329.75	341.50	356.75	365.75	359.50	350.00	368.00	396.75	421.25	410.25	360.00	367.00	369.75	361.00	351.75	349.75	349.75	351.75	329.00	335.50	317.75	304.00	300.25	299.50	299.25	324.00	322.50	317.50
278.25	278.75	286.75	314.75	303.50	293.00	286.25	281.25	278.50	281.75	295.50	326.25	315.00	279.75	263.25	251.75	246.00	242.50	238.50	241.25	243.25	244.50	243.25	246.75	250.00	256.25	263.50	269.25	274.25	278.75	280.00	281.00	281.25	280.75	279.00	275.25	272.50	271.50	273.00	276.25	285.25	290.25	293.25	291.00	287.25	288.25	288.00	283.75	281.75	278.25	275.00	269.25	268.25	268.00	268.50	271.00	274.50	279.00	286.50	291.75	296.50	299.75	303.75	307.75	311.75	315.00	320.00	319.50	319.75	322.75	326.25	329.00	333.25	332.50	344.25	357.50	340.00	334.50	338.25	347.50	351.00	360.00	386.50	393.25	385.50	376.25	368.50	367.00	365.75	370.00	367.75	367.00	365.75	367.00	364.50	366.25	367.75	373.75	384.75	405.50	437.25	445.25	441.75	424.25	411.75	403.75	398.75	388.75	385.75	390.00	384.75	379.00	373.50	372.25	355.75	349.00	343.50	341.00	335.25	333.00	334.00	348.00	352.25	345.75	339.25	332.25	326.75	318.25	310.50	304.75	303.50	302.25	304.25	300.50	299.00	299.75	300.25	298.25	293.25	283.75	272.75	272.50	283.75	291.00	288.50	284.75	287.75	293.50	300.00	301.50	306.25	309.25	315.00	324.25	349.50	324.25	310.00	307.00	317.75	312.75	304.50	319.25	330.25	337.75	326.25	316.50	308.75	305.75	303.00	308.00	320.25	324.25	332.75	338.75	350.00	363.00	378.75	373.75	370.75	365.75	358.00	354.75	352.00	344.25	345.75	348.25	347.75	342.50	351.25	351.00	353.50	352.75	350.75	351.50	351.00	340.75	333.75	323.50	319.25	314.75	313.00	321.25	321.00	317.50	314.75	311.00	313.00	317.25	319.00	309.50	297.50	296.75	301.75	289.50	286.75	285.75	285.50	285.25	287.50	292.00	294.50	298.75	302.00	305.75	313.25	317.25	324.75	332.00	335.50	344.25	352.50	352.50	358.50	362.25	363.50	375.00	382.00	374.50	363.25	365.75	350.50	343.50	331.25	332.00	337.75	336.75	321.00	314.75	294.50	294.00	294.50	295.00	300.25	305.75	310.25	301.00
277.50	277.75	285.25	310.25	305.75	298.75	295.75	294.50	293.75	297.00	305.00	324.50	307.75	280.00	265.75	253.25	246.50	243.25	240.75	241.00	244.25	245.00	243.50	246.25	248.75	253.50	260.00	266.50	271.75	276.25	278.00	280.00	281.50	283.25	281.25	278.50	277.25	278.00	278.75	281.25	286.00	289.75	292.25	290.75	291.00	291.75	290.00	286.75	285.00	283.25	281.50	270.75	269.50	269.25	269.25	270.75	273.75	278.00	285.50	290.00	295.25	302.00	306.25	310.25	314.00	318.25	322.25	324.50	322.50	326.00	328.75	332.50	336.50	341.25	353.75	359.00	343.75	340.75	342.25	350.25	358.00	367.00	385.75	389.00	382.75	384.00	384.25	381.00	375.75	375.50	373.50	372.25	370.75	370.50	370.00	374.50	377.50	385.50	394.00	408.50	434.25	446.25	444.25	431.00	437.00	443.75	438.00	419.25	408.00	402.25	392.50	386.50	384.50	383.75	364.25	355.75	350.75	355.25	355.50	346.00	344.75	356.50	358.25	353.25	347.00	354.50	357.00	337.00	324.75	314.75	310.25	308.50	306.75	302.50	298.50	297.25	294.75	291.25	284.50	276.00	273.50	284.25	299.75	305.00	300.25	288.25	287.75	292.50	297.50	299.25	304.75	307.75	314.75	324.00	345.75	334.75	320.00	323.50	329.25	327.00	314.50	316.50	324.50	330.50	329.75	326.75	319.25	312.75	307.25	313.00	324.75	328.00	336.00	343.00	355.75	379.25	384.75	375.00	372.50	363.75	357.75	350.50	348.75	344.00	343.00	341.75	339.00	337.50	346.75	349.25	349.50	348.00	344.75	342.50	339.00	332.25	330.50	330.25	325.75	321.00	315.50	322.75	328.75	321.75	315.25	316.50	318.75	324.50	322.25	311.25	301.25	299.00	305.50	296.25	289.50	289.50	289.50	288.00	290.25	292.75	296.75	300.75	304.75	309.25	319.25	328.00	334.00	339.50	340.00	344.75	348.75	353.00	366.75	379.25	378.25	368.00	366.00	360.25	353.00	352.50	337.00	332.00	327.00	327.75	319.25	319.25	319.50	302.75	294.00	294.00	294.25	294.00	294.75	296.75	298.25	298.50
278.00	278.75	287.25	306.00	310.00	308.75	312.50	318.75	311.25	307.00	305.00	300.00	291.50	276.75	266.25	255.25	247.25	245.00	243.75	242.25	244.75	244.50	244.00	244.75	247.00	250.50	255.75	262.50	267.25	270.00	272.50	274.75	278.75	283.25	281.25	281.25	282.25	284.25	284.50	286.25	287.00	289.75	290.00	289.75	293.25	293.00	291.75	289.75	288.25	289.25	286.25	271.50	270.50	271.00	270.50	270.00	272.25	276.50	282.50	287.00	295.25	304.50	307.50	311.25	315.00	320.25	324.00	329.25	325.75	329.75	332.25	336.75	341.25	348.75	360.50	365.50	350.25	349.25	347.50	353.50	364.75	379.25	383.75	382.25	384.75	396.25	397.75	386.25	379.75	378.00	376.50	373.75	374.75	374.75	378.75	385.50	386.50	398.25	403.50	408.00	422.25	433.75	432.50	433.50	451.00	471.25	472.25	454.75	433.00	417.00	402.50	398.25	400.00	394.00	375.50	369.75	360.50	369.00	380.00	365.50	363.75	362.25	358.00	354.00	350.50	372.00	390.75	370.00	350.25	331.75	322.00	319.00	317.25	308.50	298.75	295.25	291.50	286.25	277.00	273.50	280.25	297.50	311.75	310.50	302.50	288.75	285.25	290.25	295.00	296.75	303.75	307.25	316.50	324.00	332.25	338.00	327.50	334.75	344.00	335.00	322.00	322.75	329.00	327.50	330.25	332.75	328.25	316.25	311.75	315.00	324.75	329.50	339.50	348.50	370.50	400.50	395.75	377.75	376.25	368.25	359.50	347.50	345.00	344.75	342.25	341.00	338.75	338.00	343.25	346.50	346.00	346.00	346.00	342.00	334.50	328.75	327.00	334.50	329.75	326.00	316.25	322.75	332.25	324.00	314.25	319.75	321.50	321.25	318.75	309.25	302.00	299.25	303.00	298.25	293.75	297.50	297.50	294.00	296.75	301.00	302.75	306.50	309.25	314.25	329.25	347.75	340.50	342.75	347.00	349.50	356.00	375.50	391.25	386.50	380.50	358.75	350.75	348.25	340.00	338.25	331.00	321.50	323.75	313.50	306.50	306.75	312.25	303.25	296.50	296.00	294.50	294.00	294.00	294.00	294.50	303.25
292.00	293.50	308.50	328.75	333.75	325.50	323.25	320.00	309.75	301.50	296.75	289.25	283.25	271.25	266.50	259.00	249.25	246.75	246.00	243.75	246.50	245.75	245.00	245.25	246.50	248.50	251.50	254.75	260.00	264.75	266.50	266.75	269.25	275.75	278.25	283.25	285.00	286.00	288.25	288.00	290.00	292.25	296.25	298.00	297.75	294.75	294.00	293.00	292.75	291.25	286.75	275.00	273.25	272.00	271.00	270.25	269.00	271.25	277.50	284.00	300.00	307.75	308.50	312.25	317.50	323.00	326.75	332.50	332.75	341.25	350.50	349.00	355.00	361.25	379.25	403.75	366.25	379.25	366.00	370.00	385.25	398.75	371.25	372.50	378.00	388.50	388.50	381.75	380.00	379.50	376.75	376.50	376.75	383.50	389.50	392.00	392.25	400.50	405.00	408.50	412.50	413.50	414.50	425.50	433.25	447.25	450.75	461.25	453.50	447.75	441.75	429.75	434.00	418.75	406.00	392.75	378.00	375.75	373.25	369.00	369.00	362.75	354.75	347.25	346.50	358.75	372.75	384.75	384.25	371.75	356.00	349.50	333.50	321.25	304.25	299.50	292.50	283.75	277.25	287.75	307.25	314.50	312.00	301.25	295.25	286.00	282.75	288.25	293.00	297.00	302.75	305.25	313.25	314.00	319.00	332.50	337.75	336.50	331.25	324.75	318.75	322.25	332.50	345.75	350.75	340.00	323.75	317.00	316.25	317.25	321.75	330.25	341.25	356.25	385.50	400.00	398.75	389.00	381.00	367.00	356.00	358.00	361.50	360.25	352.25	351.00	350.00	350.75	350.50	352.50	357.75	360.75	368.00	355.25	342.50	332.75	327.25	324.75	322.25	323.25	319.25	319.00	321.75	322.00	326.25	331.00	322.50	317.00	308.75	304.50	301.25	298.00	298.00	297.50	300.50	326.75	340.25	319.25	324.50	322.75	315.00	321.25	325.00	326.00	346.50	350.25	348.75	353.00	359.50	367.75	400.50	423.50	410.25	393.75	387.50	378.75	358.75	344.50	344.50	340.25	321.25	304.00	301.25	304.00	306.00	307.25	324.50	324.25	298.75	296.25	296.25	295.00	294.50	294.00	294.00	295.75
307.50	308.00	318.50	324.50	323.00	318.00	313.50	309.00	301.50	294.00	288.50	281.00	276.50	271.00	265.50	260.00	253.00	248.50	244.50	246.50	249.00	246.50	245.50	245.00	245.50	247.50	250.00	255.00	263.50	269.00	270.00	269.00	269.50	273.50	277.50	281.00	282.50	285.50	286.50	289.50	298.00	302.00	314.50	314.00	309.50	301.50	296.50	294.50	295.00	294.50	298.50	284.00	275.50	273.00	270.50	269.50	269.00	269.00	272.50	278.00	302.50	308.50	313.50	318.00	323.00	328.50	331.00	332.50	338.50	351.50	366.00	366.50	369.50	377.00	403.00	469.50	380.50	411.50	419.00	402.00	418.50	393.50	369.00	369.00	370.50	383.50	382.00	385.00	382.00	378.50	376.50	376.00	381.00	388.00	397.50	399.50	397.00	401.00	409.50	420.00	422.50	419.00	416.50	420.50	419.00	427.00	430.50	429.00	434.50	437.50	448.00	457.00	444.00	430.50	456.50	425.00	408.50	395.50	379.50	379.00	378.50	370.50	360.50	351.00	346.50	350.00	356.50	362.50	361.50	358.50	356.50	357.00	342.00	340.50	314.00	303.00	293.00	281.50	284.00	295.50	315.00	314.50	305.50	296.50	293.50	289.00	286.50	288.50	296.50	302.00	306.50	304.00	305.50	308.50	312.00	324.00	327.50	333.00	333.00	322.00	319.00	320.50	327.00	335.00	343.50	341.00	328.00	321.00	319.00	321.50	323.50	330.00	340.00	351.50	367.00	375.00	380.50	375.00	367.00	360.00	360.50	381.00	397.50	382.00	363.00	354.50	348.00	351.00	354.50	358.00	366.00	372.00	385.00	370.00	351.50	336.50	330.00	321.50	318.50	317.00	316.00	316.00	325.00	325.50	332.00	338.00	327.00	319.50	308.00	306.00	301.50	298.00	299.50	302.00	300.50	309.50	326.00	320.50	324.00	321.00	324.50	337.50	342.50	341.50	347.50	349.50	355.50	363.50	395.50	395.50	405.00	420.00	443.50	437.50	409.00	382.00	374.00	361.50	360.50	322.00	298.50	298.00	298.00	298.00	306.00	318.00	367.50	425.50	317.50	294.00	294.50	295.00	294.50	294.00	294.00	294.00
318.75	316.25	321.25	321.25	315.50	309.75	305.00	300.25	293.00	286.00	283.50	279.00	279.00	274.25	269.50	263.00	255.75	251.00	246.75	250.75	255.75	260.00	264.75	259.50	251.00	248.00	250.75	256.25	264.25	271.25	274.00	270.00	271.75	276.00	279.00	282.00	284.00	286.00	287.75	291.00	303.00	309.25	335.25	332.75	320.00	307.00	301.00	297.25	294.50	288.00	286.00	281.75	280.75	276.00	269.00	269.25	269.00	270.25	278.00	295.00	313.00	322.75	328.25	328.75	330.50	333.75	336.25	339.50	345.00	355.75	367.00	366.25	365.50	377.75	409.75	434.75	396.50	417.50	440.50	416.75	416.00	390.00	369.00	369.00	373.00	381.75	381.25	383.25	382.00	377.25	376.75	380.00	389.50	400.50	416.00	408.50	407.50	417.25	427.50	439.00	460.00	458.00	430.50	417.00	413.50	414.25	412.00	413.50	419.00	420.25	432.00	446.50	458.25	439.75	440.75	432.00	407.00	399.00	392.75	405.00	411.00	386.75	371.25	365.75	359.00	362.25	367.75	359.25	352.25	350.50	345.50	340.75	337.25	341.00	311.75	298.75	287.25	281.75	313.00	323.25	337.00	328.75	311.50	299.50	297.75	291.00	283.25	283.25	292.75	299.25	316.00	307.50	306.50	308.25	310.50	314.00	322.75	334.00	336.50	328.50	323.50	326.75	330.00	336.25	340.75	344.50	342.75	333.50	326.50	325.00	327.25	330.25	338.50	345.00	353.00	359.50	367.25	373.25	377.25	372.50	371.25	405.00	411.25	391.00	379.50	363.25	353.50	350.00	348.50	350.50	360.00	363.50	364.75	356.50	354.00	342.00	331.75	325.00	322.75	318.50	316.25	314.75	315.25	323.50	333.50	328.25	328.50	327.50	319.00	316.75	308.75	302.25	301.75	303.25	305.75	305.75	306.00	306.50	314.75	330.50	342.00	351.50	351.25	355.25	349.00	350.50	361.00	370.50	389.50	418.50	433.75	422.75	419.00	398.50	379.75	366.25	356.75	337.00	327.00	302.00	298.00	298.00	302.00	306.75	418.00	533.25	587.00	644.00	463.00	335.00	328.25	342.50	341.25	319.25	300.50	298.50
323.50	327.50	334.00	328.00	313.50	305.00	299.00	294.00	289.50	286.50	286.50	285.00	284.00	279.50	272.00	264.50	258.50	250.00	251.00	260.50	267.00	283.50	307.00	296.50	290.50	268.50	262.50	263.50	268.50	275.00	275.00	271.50	274.50	279.00	281.00	284.00	286.00	287.50	289.00	293.00	301.00	308.50	327.00	331.50	320.00	309.50	303.50	298.50	291.50	281.00	280.50	284.00	284.50	278.00	272.00	270.00	270.00	281.50	300.00	309.00	331.50	332.50	342.00	336.50	336.00	339.00	340.50	350.50	354.50	359.50	363.00	362.00	363.00	374.50	397.50	408.00	401.00	407.00	435.50	424.50	406.00	378.50	369.00	372.00	377.50	380.00	380.50	378.00	373.50	374.50	377.00	384.00	399.00	414.50	415.00	419.00	431.50	444.00	461.50	474.00	491.00	462.00	431.00	413.00	407.50	404.50	400.00	400.50	404.00	408.00	416.00	426.00	437.00	441.00	429.50	420.00	403.00	395.50	405.50	422.50	406.00	388.50	385.00	366.00	358.00	375.00	377.00	366.50	348.00	333.00	330.00	327.50	320.00	312.50	293.00	283.50	280.50	288.50	318.00	343.50	331.00	330.50	335.50	306.00	296.50	288.00	282.00	281.00	286.50	295.50	317.00	314.50	313.50	313.00	313.00	313.50	321.00	338.00	350.00	348.50	332.50	338.00	351.50	360.50	366.50	367.50	351.50	338.50	334.50	329.00	330.00	331.50	338.00	343.00	349.00	354.50	364.00	380.00	393.50	383.50	390.50	408.00	424.00	403.50	386.00	370.50	358.50	353.50	351.00	349.00	347.00	345.50	351.00	347.50	356.00	345.50	342.50	333.50	327.00	319.00	316.50	315.00	309.50	310.00	314.00	313.50	324.50	328.00	336.00	334.50	319.00	310.50	303.50	305.00	308.00	309.00	308.50	311.00	316.50	327.50	335.50	342.00	358.00	355.00	344.50	351.50	373.50	394.50	420.00	427.50	420.50	403.50	391.00	376.00	369.50	364.50	334.50	314.50	299.00	298.00	298.00	302.50	346.50	396.50	604.00	683.00	806.00	752.00	554.00	408.00	357.00	366.00	338.00	323.00	321.50	322.00
345.25	347.50	352.25	331.75	311.50	303.25	300.25	295.50	292.25	293.00	295.00	291.50	289.25	278.25	271.75	265.25	256.25	253.00	259.50	267.75	273.00	286.00	309.25	344.75	354.50	308.25	285.00	277.00	277.75	279.50	276.00	275.50	279.75	284.25	286.50	288.00	289.00	290.00	290.50	292.25	299.50	305.00	314.00	319.50	316.25	305.75	296.25	288.75	284.75	279.25	282.25	288.75	291.00	284.50	290.25	310.75	304.25	300.50	304.50	309.25	322.00	329.75	335.25	337.75	340.00	342.25	344.25	348.25	351.00	356.50	360.25	360.50	364.25	375.00	385.25	393.25	395.50	401.25	422.25	425.75	403.75	380.00	376.25	377.75	378.75	381.00	385.00	372.25	370.75	373.75	380.50	393.75	414.00	419.50	431.50	434.75	440.50	450.00	452.25	437.75	425.75	419.50	412.75	402.75	400.25	396.75	394.00	393.25	395.50	399.00	404.25	409.00	413.75	430.00	430.75	419.50	397.25	387.50	385.75	388.50	383.25	377.25	376.50	358.25	351.25	363.00	383.75	364.50	344.25	322.25	313.00	310.75	304.25	292.00	284.25	283.25	281.25	284.25	303.75	318.25	313.25	310.00	313.00	308.75	306.00	298.00	294.75	290.50	291.50	296.50	322.75	327.25	327.50	322.75	335.25	322.00	322.75	339.75	365.50	359.75	340.00	343.00	354.25	358.25	363.50	364.00	349.25	338.75	333.25	333.25	335.50	336.00	340.75	344.75	350.50	358.50	367.75	376.50	381.50	376.25	384.00	398.50	403.75	397.25	386.75	376.00	364.25	357.50	352.00	348.50	344.25	338.50	341.25	337.75	340.75	340.25	339.25	340.25	328.25	320.50	318.50	314.50	307.00	300.75	298.00	299.50	305.50	312.75	331.50	332.50	326.50	313.50	309.25	310.50	311.00	311.50	312.00	314.50	314.25	316.00	324.25	350.25	360.50	343.75	340.75	357.25	382.25	401.75	408.50	402.25	395.25	382.50	373.00	359.00	348.00	333.00	319.50	303.50	298.00	298.00	299.00	365.00	499.25	626.75	793.25	733.25	538.50	455.00	375.50	342.75	317.75	315.75	315.00	315.25	318.25	322.00
339.25	338.75	339.00	325.25	310.50	303.75	300.00	297.50	302.75	306.25	299.00	288.50	282.75	273.75	266.75	261.25	252.00	258.50	267.00	278.75	286.25	291.75	312.50	335.50	343.25	312.75	297.50	290.75	287.75	281.75	280.25	287.50	290.75	292.50	293.25	294.25	293.25	293.25	294.25	294.75	298.75	302.50	308.75	314.25	310.00	295.75	288.25	284.75	282.00	281.75	284.25	291.75	293.00	302.25	321.25	353.00	362.25	335.00	321.00	320.00	325.00	330.50	335.75	339.75	341.25	341.50	342.00	343.00	344.25	348.50	350.75	355.75	359.50	367.00	373.50	383.75	386.00	391.50	405.50	425.75	404.75	391.00	391.00	386.50	383.25	378.00	374.00	369.00	369.00	372.00	384.00	403.25	435.75	435.75	433.00	430.25	426.75	425.00	419.50	406.50	394.75	390.00	390.75	391.50	391.50	391.50	389.50	387.50	386.00	387.00	388.50	388.75	390.50	395.25	398.25	398.75	381.00	371.50	365.50	361.50	358.50	355.50	356.00	347.75	338.25	341.00	344.50	336.25	323.25	303.50	297.25	296.25	292.50	288.50	285.75	283.50	282.75	293.50	312.75	325.00	307.25	297.00	296.25	298.25	302.50	316.25	339.25	322.25	309.00	310.50	322.50	331.25	337.25	343.25	362.00	342.50	333.00	345.00	350.50	350.25	343.75	345.00	350.00	357.00	361.25	357.50	346.75	344.50	344.25	346.75	345.50	343.75	351.75	364.00	389.50	381.50	382.00	388.50	387.25	381.00	378.75	378.75	377.25	375.25	373.50	366.00	359.50	352.50	349.25	346.75	342.50	339.25	336.00	332.25	332.00	334.50	348.00	346.00	334.25	324.50	317.25	308.50	300.75	293.50	289.00	288.75	294.50	302.75	315.25	315.25	314.75	315.25	315.50	315.25	315.25	314.75	314.75	315.75	317.00	316.50	318.75	331.00	323.00	321.25	328.75	343.00	358.75	366.75	370.25	370.50	368.75	362.50	355.25	344.25	329.00	318.50	302.75	298.00	298.00	298.25	327.75	424.00	552.50	634.00	663.50	488.75	382.75	382.25	348.25	331.00	322.50	315.00	315.00	315.00	315.00	323.75
331.75	335.50	338.75	327.50	312.50	304.75	301.25	299.75	301.50	299.00	291.75	280.75	275.75	268.75	262.00	257.00	254.75	264.00	274.00	288.75	294.00	304.25	332.00	356.75	343.25	311.75	300.50	294.50	288.75	283.25	285.25	293.00	295.75	296.75	296.75	297.50	296.75	297.25	297.00	297.00	299.50	301.75	306.25	307.50	303.00	290.75	286.75	285.00	283.00	284.50	286.75	292.50	295.25	306.00	327.25	351.25	346.50	336.00	326.25	325.00	328.00	332.50	336.25	335.75	334.00	333.75	335.50	337.25	339.25	343.25	345.00	351.00	354.25	359.25	368.00	374.25	380.00	387.25	401.75	410.50	397.75	388.00	386.75	382.00	379.25	374.00	371.50	369.25	372.75	381.50	395.75	404.50	427.50	428.50	423.00	419.50	414.50	408.00	399.25	387.00	381.25	378.25	381.75	388.75	389.25	390.00	388.75	386.75	383.50	380.50	378.50	376.50	376.50	377.25	377.25	375.25	365.00	359.25	356.25	350.75	347.00	344.75	345.50	339.00	329.50	326.75	327.75	317.50	310.25	303.00	300.25	297.75	291.25	287.75	284.50	282.25	283.25	290.75	306.00	310.75	296.50	290.75	290.25	294.25	298.25	308.75	322.75	317.50	313.50	317.75	334.25	347.75	381.75	368.75	361.25	345.50	345.25	357.50	361.00	359.50	361.00	363.50	366.50	370.00	382.75	376.00	364.75	359.75	351.75	360.25	354.00	351.50	361.50	374.25	401.75	404.25	410.00	415.00	407.00	393.00	390.00	385.00	373.25	366.25	362.75	357.75	352.50	348.25	346.25	344.50	342.75	340.50	338.00	337.25	339.00	339.75	350.00	353.00	338.25	323.75	314.75	309.25	300.75	288.75	284.25	283.75	286.75	293.50	304.75	309.50	313.25	315.75	316.75	318.00	318.25	317.50	316.75	317.00	319.75	323.25	325.50	323.75	322.00	322.00	322.00	329.75	342.75	348.75	356.50	361.75	360.75	356.00	349.00	341.75	331.50	314.00	299.50	298.00	298.00	309.25	375.75	557.50	562.50	578.25	511.00	424.00	388.00	394.50	382.75	354.25	328.50	315.00	315.00	315.00	315.00	324.00
329.00	336.00	341.50	329.50	314.00	306.00	302.50	301.50	297.50	292.50	286.00	274.00	271.00	265.50	259.00	254.50	259.00	268.50	278.50	293.50	298.50	312.00	349.00	378.00	342.50	311.00	301.50	296.00	288.50	284.50	287.00	295.00	298.00	299.00	299.00	299.50	299.00	300.00	298.50	298.00	300.00	301.50	304.50	303.50	298.50	288.50	286.00	285.00	284.00	286.50	288.50	293.50	296.50	304.00	326.50	350.50	340.50	335.50	329.00	328.00	329.50	333.50	335.50	331.00	327.50	327.50	330.50	333.50	336.00	339.50	341.50	347.50	351.50	355.00	364.50	367.50	375.00	385.00	397.00	397.50	391.50	385.50	383.00	378.00	376.00	371.00	370.50	369.50	376.50	391.00	410.00	407.50	416.00	419.00	414.50	413.00	406.50	397.00	387.50	376.50	372.50	372.00	377.00	387.50	388.50	389.00	388.50	386.50	383.00	377.00	372.50	369.00	368.00	366.50	364.50	362.50	355.00	351.50	351.00	344.50	340.00	338.00	338.50	334.00	324.00	318.50	319.00	306.00	304.00	306.50	303.00	296.50	288.50	286.50	283.00	281.00	280.00	284.00	297.50	294.50	287.00	287.00	287.00	291.50	295.50	304.00	309.00	311.00	315.50	321.50	342.00	359.50	420.50	392.00	372.00	353.00	353.00	361.50	368.50	367.50	373.00	379.00	379.00	374.50	396.50	389.50	379.00	371.00	356.50	368.50	359.00	356.50	368.00	378.00	395.00	416.00	430.00	433.50	421.50	401.50	399.00	393.00	373.50	362.00	356.50	353.00	348.50	346.50	344.00	343.00	343.00	342.00	340.50	342.00	346.00	345.00	347.50	353.00	339.50	321.50	313.00	311.50	302.50	285.00	281.00	281.00	281.00	285.00	299.00	307.50	312.50	315.00	316.50	319.50	320.00	319.00	317.50	318.00	322.50	328.00	333.00	330.00	327.00	324.00	320.00	324.50	332.50	338.00	351.00	359.00	357.00	351.50	345.00	340.00	336.50	306.50	298.00	298.00	298.00	320.00	403.50	635.00	577.50	553.00	447.00	410.50	395.00	399.00	415.00	370.50	327.00	315.00	315.00	315.00	315.00	325.00
328.50	334.75	333.25	330.00	316.50	308.75	303.00	299.00	295.25	289.25	285.50	279.25	276.25	265.25	256.25	259.50	269.50	280.75	287.00	295.25	307.00	321.25	360.00	381.50	343.50	312.25	302.50	295.75	291.75	289.25	291.00	296.25	297.50	299.50	300.25	301.75	302.25	302.50	301.75	301.75	303.50	304.75	305.25	304.25	300.25	295.00	299.25	292.00	288.75	287.50	293.50	294.25	298.25	306.25	331.75	347.00	342.75	336.75	332.25	332.25	333.50	333.25	328.75	323.50	322.25	322.00	324.50	329.75	332.75	336.75	339.50	342.00	346.00	353.00	360.50	365.25	374.00	380.75	383.50	383.75	382.25	377.75	373.50	369.50	370.50	373.25	375.50	384.25	399.75	420.50	431.25	421.00	421.25	418.75	409.00	404.00	393.50	382.75	374.75	372.00	372.00	372.00	374.00	383.25	387.25	388.50	387.75	385.50	379.75	373.25	367.00	363.50	359.75	356.50	351.50	353.25	345.50	342.50	344.00	338.50	333.75	333.00	333.25	326.75	317.75	311.50	312.00	311.75	311.00	306.00	298.25	291.75	286.25	285.00	281.75	282.25	283.25	282.50	285.25	285.25	285.25	286.00	286.25	288.75	291.75	300.75	305.75	308.25	312.25	324.75	351.75	376.75	412.50	372.25	360.75	358.25	354.75	361.00	362.25	365.50	365.50	368.25	375.00	382.75	394.50	409.75	419.00	405.75	374.00	371.25	364.75	369.25	412.25	423.25	418.50	418.75	420.75	419.50	410.00	400.25	405.00	388.00	376.50	366.00	358.00	352.00	346.75	344.75	344.25	345.00	345.75	345.50	346.75	351.75	353.25	348.75	344.75	339.50	332.50	328.50	322.25	329.25	313.00	285.50	281.00	281.00	281.00	281.75	296.75	304.75	311.75	315.75	319.25	322.50	322.50	322.00	322.25	326.75	331.50	342.25	369.75	362.50	345.75	333.25	326.25	334.00	342.75	352.50	379.50	384.75	363.50	350.75	345.00	338.75	322.00	299.50	298.00	298.00	298.00	378.25	537.25	680.00	585.50	588.75	443.00	412.25	399.25	404.50	404.50	377.50	351.50	351.50	346.25	343.50	335.75	335.50
324.50	323.50	326.50	328.50	315.50	307.75	301.50	297.25	293.50	290.00	287.00	277.50	271.75	260.50	265.00	282.75	294.00	295.50	295.00	300.75	314.75	328.25	353.25	380.50	344.50	315.25	303.00	294.25	288.50	292.50	296.00	297.75	299.25	300.75	302.75	305.00	307.25	308.00	308.00	309.00	309.75	309.50	308.00	306.25	304.00	303.25	318.00	314.50	300.25	291.75	294.75	302.00	302.50	311.50	333.50	348.25	336.75	337.00	342.00	344.50	342.25	333.75	324.50	321.00	321.00	321.00	321.00	322.00	325.00	330.50	333.25	336.00	344.50	350.50	355.50	360.00	367.50	375.25	376.50	374.25	372.00	369.00	364.50	367.00	373.25	384.00	395.25	414.50	440.50	451.25	439.25	424.00	416.50	413.75	397.75	394.00	383.50	375.25	372.00	372.00	372.00	372.00	372.00	377.25	385.00	387.50	386.25	385.00	377.25	371.00	366.75	362.25	358.50	354.00	346.50	340.75	336.50	333.25	331.75	329.00	325.25	325.50	321.00	317.50	318.00	318.50	317.50	315.75	312.50	300.75	291.75	293.00	301.50	292.50	286.25	289.50	287.75	286.25	286.50	285.75	285.50	286.50	287.25	289.25	291.75	296.50	299.75	301.25	304.00	308.00	337.25	350.25	369.00	350.75	338.50	339.50	342.75	350.50	356.25	362.50	360.00	368.00	373.50	381.25	390.25	413.75	444.50	451.25	411.50	411.25	395.75	383.25	405.00	404.25	404.00	400.50	399.50	394.75	386.00	379.50	379.75	380.25	380.25	371.75	367.00	362.25	355.00	348.75	349.00	350.50	351.75	351.25	353.25	358.75	358.50	352.75	344.75	335.00	333.75	348.50	337.50	334.25	313.25	290.75	281.50	281.00	281.00	281.75	298.25	306.50	313.50	318.00	324.25	329.00	329.75	331.00	334.50	347.75	361.00	359.00	372.00	365.50	349.25	335.75	376.00	398.00	386.75	400.50	386.00	369.75	358.25	349.75	345.75	339.50	326.25	312.75	305.25	298.25	309.25	442.75	599.00	629.25	552.50	519.75	443.25	426.00	413.25	412.25	412.00	399.00	380.25	378.00	372.25	367.00	353.75	342.75
321.50	320.00	321.50	324.25	313.75	307.50	301.75	298.00	293.75	287.25	281.50	271.75	265.75	261.25	277.50	296.50	299.50	297.00	297.50	302.50	318.75	335.00	359.25	380.75	343.25	314.25	301.25	292.25	292.00	298.25	300.00	299.75	300.25	301.75	304.25	306.75	309.25	308.75	308.75	310.25	312.00	311.75	309.50	307.50	305.75	304.50	314.75	314.75	301.75	303.50	305.00	305.00	306.25	312.00	333.50	342.50	336.00	340.00	348.50	352.00	346.50	334.50	323.50	321.00	321.00	321.00	321.00	321.00	321.75	324.75	328.00	332.50	342.00	347.50	352.00	357.00	364.75	370.50	371.50	369.00	367.75	365.75	364.00	369.25	384.00	397.25	403.75	424.00	472.50	456.25	434.75	420.75	410.25	409.50	398.75	393.25	384.25	377.00	372.00	372.00	372.00	372.00	372.00	374.50	383.25	386.75	385.75	385.00	377.25	372.00	367.75	362.25	356.75	351.25	342.75	338.50	334.75	332.75	330.75	327.50	324.00	322.75	321.25	322.00	322.75	319.25	317.50	315.50	310.50	296.50	290.25	300.75	304.25	293.25	292.25	292.75	290.25	288.00	287.50	284.75	285.50	286.75	288.00	290.00	292.00	295.50	298.00	301.00	303.25	306.00	323.75	328.25	355.25	334.25	330.25	333.00	340.25	350.25	354.50	357.50	359.00	368.75	373.50	380.75	387.50	403.75	423.00	433.50	416.75	417.00	407.75	401.25	410.00	414.00	406.50	399.25	392.50	385.00	378.00	369.50	367.25	369.25	370.25	364.00	361.75	362.00	358.50	352.50	353.00	354.75	355.00	353.75	354.00	355.25	355.75	350.25	342.25	337.00	336.75	354.25	345.25	338.25	322.75	304.50	285.25	281.00	281.25	283.50	300.75	306.25	311.50	318.00	326.25	331.75	332.75	335.75	341.50	367.75	376.75	361.50	360.75	354.50	342.50	333.25	366.25	380.00	374.75	380.75	370.75	360.50	353.75	348.50	345.50	342.25	334.50	318.00	306.50	300.75	321.75	418.25	538.75	550.00	515.25	487.75	426.75	423.75	421.50	430.75	424.75	405.50	384.00	379.25	373.75	361.75	347.50	340.75
317.25	314.50	314.50	321.25	320.25	313.50	306.00	299.50	289.50	278.00	270.25	266.75	267.50	270.50	274.25	287.75	289.75	294.25	300.50	309.25	334.00	360.50	369.50	365.50	334.25	310.25	299.50	294.50	313.25	320.50	311.75	308.00	306.50	304.75	306.25	306.25	302.00	301.00	304.50	307.75	312.25	312.50	310.50	308.75	308.00	307.75	311.50	310.75	312.50	308.75	307.75	309.00	308.00	311.00	329.50	337.25	334.25	341.50	353.75	355.50	348.50	337.25	325.25	321.00	321.00	321.00	321.00	321.00	321.00	321.00	321.25	322.75	328.50	336.75	345.00	350.75	358.00	363.00	362.25	367.75	375.25	378.00	373.50	382.25	407.25	437.25	453.25	463.50	473.25	448.50	429.25	414.00	403.50	405.50	414.75	409.50	393.25	386.75	385.50	377.75	372.00	372.00	372.00	372.75	381.25	385.50	384.00	383.75	378.25	373.25	367.00	360.25	354.25	348.00	342.75	341.75	340.25	337.75	333.25	329.50	328.25	328.50	329.50	328.50	325.00	322.00	319.00	313.25	301.00	293.75	296.25	308.75	307.25	312.50	307.75	303.00	298.25	295.50	311.75	324.75	322.75	297.75	296.50	293.50	295.50	296.75	298.75	303.00	307.50	311.25	311.25	317.25	329.25	325.75	327.25	343.75	353.50	358.25	351.25	351.25	360.00	365.75	374.75	383.25	386.75	394.50	404.50	420.75	427.50	422.25	426.00	450.75	440.00	440.00	416.50	402.50	382.50	372.50	372.50	368.25	365.25	350.75	352.50	345.50	344.25	349.50	355.50	356.75	357.75	360.00	359.25	358.00	353.50	351.00	349.00	346.25	344.00	341.25	340.50	358.50	357.50	365.00	365.75	349.75	321.75	294.75	287.50	292.75	295.50	298.25	305.50	314.50	325.25	332.00	336.25	349.25	359.50	376.00	370.25	358.75	349.50	339.75	330.25	328.00	335.25	339.50	343.25	346.25	347.00	346.75	347.25	347.75	348.75	349.50	344.50	314.75	301.25	308.00	327.75	370.50	427.25	450.00	472.25	456.00	424.50	427.75	449.50	450.25	439.50	409.00	388.75	382.00	378.50	362.00	362.25	360.00
314.50	312.00	310.75	320.00	320.25	315.00	305.25	295.25	282.75	273.75	272.50	271.75	270.50	274.50	273.75	277.50	283.25	291.25	300.00	311.75	337.75	358.75	361.25	355.00	329.00	309.25	301.25	302.00	330.25	338.75	328.25	318.75	311.25	306.00	305.00	301.00	297.00	297.00	299.75	303.25	308.50	309.50	309.75	309.75	309.50	309.75	312.25	313.25	314.50	314.75	315.00	316.00	315.25	315.75	321.75	326.25	331.00	337.50	346.50	350.25	348.50	339.75	330.25	322.25	321.00	321.00	321.00	321.00	321.00	321.00	321.00	321.25	322.75	330.00	343.75	345.25	354.25	357.75	364.00	375.75	396.50	425.25	394.25	392.50	401.00	421.25	438.25	470.75	474.50	446.25	427.75	414.50	407.00	415.25	425.75	424.75	405.50	394.00	385.00	375.50	372.00	372.00	372.00	375.75	383.00	385.00	384.25	381.75	376.75	371.25	364.50	358.50	355.25	351.25	347.25	344.75	340.25	337.25	334.25	331.75	331.25	329.75	330.00	326.50	322.25	317.75	314.25	305.75	297.75	306.50	311.50	316.75	326.00	363.00	327.50	316.00	309.25	307.75	329.75	370.00	394.75	335.00	326.50	315.50	309.50	309.00	305.75	307.50	311.50	315.75	319.00	323.00	333.75	332.50	336.00	346.00	351.75	350.75	349.00	352.00	357.00	367.00	374.50	380.50	384.00	387.75	394.50	401.25	418.25	414.00	426.50	439.50	429.25	423.50	407.25	395.75	386.75	383.50	381.50	369.50	363.00	346.25	343.75	340.50	340.00	342.00	349.50	353.25	356.50	358.50	360.25	359.50	357.75	354.00	350.25	347.50	346.25	342.25	342.50	356.75	363.75	383.50	386.25	355.75	341.00	314.25	294.50	293.50	293.00	295.50	301.25	309.25	321.00	331.75	343.75	369.75	374.75	368.25	359.75	352.00	344.50	335.00	329.25	328.50	332.50	333.25	335.00	336.75	340.00	342.00	344.50	348.25	350.50	352.00	351.75	324.50	306.25	313.75	342.75	449.00	523.75	499.50	488.00	458.00	435.25	432.00	453.50	459.50	457.75	438.25	423.25	405.25	390.25	375.75	385.25	371.50
311.75	309.50	308.25	312.50	315.50	313.00	301.25	287.25	276.25	274.50	277.50	274.50	274.25	277.25	278.25	276.75	278.50	287.50	297.75	311.25	334.50	344.75	344.25	339.50	323.00	309.75	304.75	310.25	341.00	356.25	345.50	328.25	315.25	306.50	302.00	296.75	296.00	296.00	296.00	297.75	304.25	306.00	309.75	311.00	312.00	313.00	313.50	313.75	315.25	318.00	321.25	320.25	319.25	319.25	317.50	317.50	327.50	332.25	339.25	344.00	347.25	341.75	337.75	327.25	321.00	321.00	321.00	321.00	321.00	321.00	321.00	321.00	321.00	324.25	337.25	339.25	348.75	352.50	368.00	383.25	415.00	445.75	408.75	401.25	406.00	413.25	420.75	458.50	459.50	438.75	424.25	415.00	413.25	422.25	424.50	426.00	412.00	394.75	382.25	373.50	372.00	373.50	378.50	384.25	388.25	386.50	385.00	380.50	373.50	367.75	362.25	359.00	357.50	354.50	348.50	345.25	339.75	337.50	336.50	334.25	332.50	330.25	329.75	324.00	317.00	307.75	305.25	298.25	298.75	326.00	329.00	322.00	357.25	400.25	352.50	339.25	327.75	323.00	329.75	392.75	432.25	376.00	361.25	338.00	325.75	321.50	314.00	312.75	314.75	319.50	328.50	330.25	334.50	336.25	343.50	346.00	344.50	342.50	344.50	351.00	354.75	365.75	371.00	374.50	377.50	379.50	387.50	391.25	398.75	406.25	427.00	423.00	425.50	415.50	403.00	399.50	399.75	392.75	380.00	361.25	354.00	346.25	340.75	340.00	340.00	340.00	346.25	351.25	355.00	357.25	361.25	362.50	363.75	358.50	352.50	348.75	347.25	339.50	340.50	350.75	362.50	387.75	390.00	349.75	333.25	320.00	300.75	294.00	293.50	295.00	298.25	305.50	319.25	335.00	350.25	374.75	373.25	360.75	353.00	348.00	342.25	333.25	329.50	329.25	331.00	331.25	331.50	332.50	336.00	339.00	342.00	346.75	350.25	353.75	355.50	334.00	312.75	318.00	350.25	530.25	666.00	597.00	505.00	464.25	440.50	435.50	466.50	477.00	483.75	471.00	456.25	421.25	406.00	395.75	402.25	380.75
311.50	308.25	305.50	302.00	306.00	299.25	288.00	281.50	281.50	283.50	281.75	280.50	280.00	287.00	283.50	281.00	278.75	282.25	292.75	307.25	319.00	324.25	330.00	325.25	317.75	312.00	308.75	319.25	341.50	359.25	353.25	335.75	324.75	311.50	301.50	296.00	296.00	296.00	296.00	296.00	299.75	304.50	310.50	313.25	315.50	317.00	317.00	317.50	318.00	318.25	318.50	320.50	322.25	320.75	316.50	315.50	322.25	326.25	331.75	336.00	340.00	346.75	342.25	332.75	322.00	321.00	321.00	322.00	321.00	321.00	321.00	321.00	321.00	321.25	325.50	330.75	341.00	353.00	375.75	382.75	402.50	402.50	405.50	416.75	411.00	409.50	410.50	425.00	423.00	416.25	411.00	410.50	402.50	402.75	404.75	402.75	403.25	398.00	391.75	387.75	386.50	391.00	397.00	398.25	394.25	386.25	383.25	377.25	371.75	368.25	364.75	362.25	358.00	353.00	350.50	348.25	343.50	341.50	341.75	341.50	339.50	333.50	329.00	319.75	306.75	298.00	298.00	301.75	305.75	362.50	380.50	365.25	379.75	386.00	382.75	374.75	358.50	347.50	342.00	364.50	394.00	377.25	370.25	348.75	337.75	328.00	323.25	323.00	326.50	330.50	338.00	339.50	341.00	340.50	346.50	356.50	348.50	347.00	347.75	352.25	360.25	362.50	360.50	360.75	365.00	371.25	378.50	384.00	394.25	410.75	410.75	404.25	415.25	417.50	418.00	421.25	406.50	386.50	371.75	375.00	363.25	352.50	345.50	343.75	343.25	343.50	348.75	354.50	360.75	363.75	367.50	367.00	357.75	354.50	354.00	350.00	345.00	336.25	336.00	347.75	356.00	367.00	372.50	357.25	326.50	321.75	322.50	305.75	295.75	297.25	300.75	315.00	332.00	343.25	347.50	350.75	351.75	353.00	350.25	346.75	341.00	334.75	331.75	330.00	328.50	329.75	329.75	331.50	334.00	336.25	340.00	344.75	349.75	354.25	357.00	343.25	326.25	323.00	353.75	499.75	644.00	617.50	500.00	462.00	416.25	426.75	468.00	473.00	470.75	470.00	444.50	422.50	415.75	428.00	416.25	390.75
314.00	310.50	306.00	299.50	293.00	291.50	290.00	289.00	287.50	288.00	287.50	283.50	285.00	290.00	288.50	288.00	286.50	285.00	296.00	308.50	318.50	324.00	325.00	320.50	314.50	310.50	310.50	320.00	332.50	344.00	352.00	343.00	336.00	318.50	307.00	297.00	296.00	296.00	296.00	296.00	298.50	302.50	309.50	314.00	317.50	320.00	320.50	320.50	321.00	320.50	321.50	323.50	322.00	317.50	312.50	316.00	319.50	321.50	325.50	328.00	334.50	336.50	335.50	329.00	323.00	321.00	322.50	329.00	321.00	321.00	321.00	321.00	321.00	321.00	324.00	329.00	337.00	350.50	366.00	373.50	380.00	384.50	396.50	405.00	410.50	402.00	399.00	404.50	405.50	399.50	396.50	398.00	391.00	395.50	392.50	391.50	396.00	406.50	401.00	398.50	403.50	402.00	399.50	395.50	391.00	385.00	382.00	375.00	371.50	372.50	361.50	362.50	360.00	357.00	358.50	351.50	346.00	345.50	350.00	350.50	342.00	335.00	331.00	316.50	303.00	301.00	309.00	310.50	313.50	339.50	369.00	389.50	371.00	394.00	420.50	389.00	375.50	360.00	352.50	368.50	373.50	366.50	361.50	353.00	344.00	336.00	332.00	333.50	337.00	338.00	342.00	344.00	345.00	345.00	348.00	356.00	352.50	350.00	352.00	351.50	353.00	362.50	369.00	360.50	362.50	369.00	375.50	380.50	390.00	395.00	394.00	395.50	398.50	401.00	404.00	407.50	404.00	388.50	375.50	376.50	368.50	366.50	360.00	360.00	349.00	357.00	363.50	361.00	365.00	369.00	366.50	364.00	358.50	357.00	354.50	349.00	342.00	337.00	337.00	346.50	354.00	370.00	382.00	352.00	334.50	345.50	388.50	358.00	298.50	298.50	303.50	324.00	338.00	340.50	338.50	345.00	349.50	351.50	349.50	345.00	344.00	340.00	339.00	335.50	330.00	330.50	330.00	331.00	332.00	335.00	343.00	351.00	352.50	356.00	357.00	349.50	333.50	325.50	355.00	420.50	508.50	560.00	444.00	412.50	388.50	402.00	441.50	438.50	437.00	446.00	438.00	428.00	425.00	436.50	429.00	391.00
317.75	313.00	305.75	300.75	297.50	296.25	295.50	291.25	292.25	293.75	290.75	289.00	291.75	293.75	295.50	295.25	290.00	290.00	302.25	313.00	321.00	323.50	321.25	319.25	314.50	310.75	312.00	320.25	328.00	335.25	340.00	345.00	346.25	336.25	342.25	321.00	304.50	298.50	296.00	296.00	301.00	305.50	311.00	315.25	319.75	323.00	324.00	324.25	324.75	324.00	325.25	324.00	318.50	316.50	318.25	324.75	330.75	334.50	335.75	333.75	330.50	330.00	328.50	326.25	324.75	327.25	329.25	335.25	329.00	321.25	321.00	321.00	321.00	321.00	322.25	323.25	330.00	341.50	355.00	360.00	365.50	371.25	376.75	396.25	402.25	389.00	384.50	390.75	389.75	386.25	384.75	385.25	386.75	389.50	392.50	397.25	398.50	405.75	407.75	406.50	410.75	406.25	401.75	398.50	390.75	386.25	385.00	373.25	371.50	365.75	360.25	361.50	358.25	358.75	357.50	347.50	342.75	342.50	349.50	347.75	342.00	335.50	325.00	305.25	303.75	313.00	317.75	322.25	323.75	324.50	341.25	357.75	363.25	384.75	410.50	385.25	381.75	370.75	366.25	367.75	366.00	361.25	357.50	353.00	350.00	342.75	341.75	342.25	344.25	345.00	347.25	348.00	348.50	348.50	351.25	354.75	356.00	354.50	355.50	357.50	359.25	374.50	365.00	361.50	364.50	372.25	378.00	378.50	380.25	382.25	385.50	389.00	390.25	391.50	394.25	395.75	406.00	398.50	399.25	389.50	383.00	374.75	363.00	358.00	352.75	359.00	358.75	360.00	366.75	368.50	366.50	365.00	361.75	358.25	353.25	346.00	341.00	339.25	341.50	349.25	359.50	385.00	395.25	380.25	371.25	368.25	391.50	355.75	309.00	303.00	305.50	317.25	332.75	342.50	344.25	350.50	352.25	350.50	347.25	346.25	346.00	347.25	347.00	345.25	337.75	332.25	332.25	332.50	334.25	342.00	347.50	353.00	357.75	353.50	356.25	357.00	352.00	337.00	349.00	438.50	611.25	524.25	419.50	390.00	388.00	389.75	433.25	426.25	424.50	437.25	439.75	438.25	449.75	469.50	448.50	402.50
325.25	320.25	316.50	311.50	305.25	302.00	298.50	298.25	299.50	296.50	294.50	299.75	299.25	300.00	300.25	295.50	291.00	291.00	298.75	312.00	321.00	323.00	320.75	318.00	314.75	310.00	313.50	319.00	324.25	330.00	334.25	337.75	341.75	357.75	380.25	390.50	352.50	324.00	310.50	307.50	310.50	314.75	317.50	320.50	324.00	328.00	329.25	328.00	328.00	331.00	331.25	326.00	329.00	337.25	340.75	347.25	353.00	364.50	351.50	344.25	337.25	336.50	334.50	332.25	328.25	328.00	334.00	359.75	354.25	333.50	321.75	321.00	321.00	321.75	321.00	321.00	322.00	330.75	344.00	358.25	359.00	352.25	362.00	368.00	368.25	368.75	368.75	375.25	378.50	382.00	384.00	386.00	392.00	399.00	410.25	414.25	414.75	418.00	419.50	418.50	413.00	406.25	401.25	398.75	397.50	412.75	401.00	379.75	372.75	365.25	360.75	356.50	351.00	357.50	343.75	339.00	335.50	335.50	333.75	329.75	324.25	313.25	307.25	312.00	319.00	327.75	330.50	332.25	334.50	332.50	330.25	341.00	358.75	367.50	382.25	375.50	373.25	379.00	380.00	377.00	365.25	358.75	356.50	353.00	352.00	351.75	352.00	351.50	351.50	354.25	352.75	352.75	353.00	354.25	356.00	357.50	359.25	359.25	360.75	362.25	364.00	365.50	362.75	361.50	365.00	371.25	374.75	380.50	380.50	381.50	383.75	384.75	388.50	391.00	393.75	396.25	401.25	413.00	443.25	473.50	415.75	379.25	375.50	367.00	361.75	360.00	362.25	369.00	370.25	371.50	371.50	368.75	363.50	358.25	353.00	347.50	345.00	345.25	347.25	357.50	369.25	391.75	407.75	395.00	379.00	365.25	346.75	330.75	311.75	310.00	318.25	317.75	334.00	353.75	353.25	351.50	351.25	354.25	349.00	350.00	351.75	354.75	354.00	350.75	344.25	339.75	335.75	334.00	335.00	338.25	339.75	342.75	344.00	345.50	350.75	357.50	361.00	348.25	338.75	419.00	552.75	586.25	497.00	424.50	388.00	388.00	402.25	416.75	409.50	424.00	439.75	462.00	486.50	483.50	467.00	422.25
333.00	329.75	329.50	318.75	309.25	304.00	302.75	303.25	301.25	298.25	299.25	303.50	302.50	302.75	300.75	295.00	294.50	293.50	296.25	310.00	321.00	323.25	322.50	320.00	315.25	310.50	314.00	318.00	323.00	329.75	334.00	337.00	341.25	359.50	376.25	387.00	359.25	337.50	324.00	320.25	319.25	319.75	321.75	323.50	327.00	330.25	331.50	329.50	329.75	333.50	333.50	333.00	336.50	347.50	352.75	357.50	364.75	369.75	359.50	350.75	346.00	347.25	341.00	336.75	333.00	331.25	335.25	353.00	349.50	328.75	325.00	323.50	322.25	326.25	321.00	321.00	321.25	327.25	347.25	364.50	357.00	355.25	365.25	367.25	367.25	369.50	366.50	374.50	379.50	382.00	382.75	387.25	395.00	403.25	414.00	419.00	422.00	426.25	425.75	422.25	415.00	407.25	407.25	403.00	403.50	417.25	402.75	383.25	374.50	367.25	360.75	352.50	346.50	347.00	337.25	335.50	331.75	329.75	325.25	321.25	313.25	306.25	310.25	319.00	327.50	334.75	335.50	336.25	338.50	336.50	331.75	341.00	354.25	362.00	371.75	371.25	370.25	375.75	382.00	376.25	364.50	358.50	356.75	354.75	354.50	355.00	354.75	354.75	355.00	357.25	355.25	354.75	355.50	356.50	358.50	359.50	361.00	363.00	364.00	364.75	365.75	365.00	363.50	362.50	365.50	369.75	374.75	384.00	383.25	382.00	385.25	385.75	388.75	392.00	397.00	400.50	404.50	418.50	445.00	480.50	429.00	391.50	387.25	377.25	367.75	365.00	369.00	375.00	374.25	374.00	373.50	370.25	364.50	359.00	354.00	349.50	349.00	349.25	351.50	362.50	373.50	392.50	403.00	388.00	394.00	379.25	342.25	328.75	320.25	314.50	322.75	323.75	336.50	353.00	350.50	348.75	350.50	354.00	351.50	351.00	353.50	355.50	354.50	350.50	345.50	342.00	336.75	334.25	337.75	342.25	343.00	343.00	342.00	343.50	347.75	354.50	359.25	353.25	345.75	378.75	473.50	573.25	546.25	465.25	388.00	388.00	393.00	402.50	398.50	417.25	440.00	464.00	481.50	486.75	469.00	430.00
346.25	352.25	345.25	329.50	317.50	313.00	311.00	307.50	305.00	305.25	308.00	308.50	308.25	302.50	296.50	299.00	301.25	301.50	302.50	313.75	325.00	327.75	330.00	327.25	317.00	311.00	314.25	319.00	323.50	328.50	331.50	337.75	342.00	354.50	375.75	394.50	379.50	359.50	347.25	345.50	332.25	330.75	329.00	329.50	332.50	333.50	335.00	333.00	333.75	336.50	338.00	340.50	342.00	339.25	342.00	351.25	359.50	367.00	368.00	365.50	371.75	362.75	358.25	362.00	369.75	353.25	340.50	336.50	336.00	333.75	337.75	326.50	321.25	322.00	321.00	321.00	321.25	330.25	337.00	343.50	349.75	356.50	365.50	370.50	371.75	370.25	367.75	373.25	376.25	378.75	382.50	388.25	397.25	402.25	412.50	421.00	432.50	436.50	433.75	425.75	419.00	415.25	418.00	403.50	405.75	398.00	391.00	387.50	381.25	372.25	363.25	357.25	351.00	341.75	330.00	324.75	318.25	315.00	313.00	309.50	309.25	309.00	319.00	330.50	338.25	344.00	344.50	347.25	346.50	338.75	337.00	344.00	352.50	357.50	362.75	364.25	366.50	369.25	370.75	369.50	366.00	363.00	359.50	359.75	360.00	360.00	360.25	360.25	360.75	361.75	360.25	361.00	362.00	363.00	364.50	364.75	367.25	369.75	370.00	369.75	368.50	365.50	363.25	363.75	367.00	371.50	377.00	378.25	381.50	387.25	392.75	396.75	394.75	396.75	401.25	407.75	413.25	421.50	432.00	441.00	424.25	417.50	394.75	385.00	375.00	372.00	374.00	379.00	379.50	379.25	376.00	372.50	367.00	362.50	358.25	356.75	356.00	357.75	360.75	368.50	374.75	388.25	410.00	416.25	412.00	386.00	346.50	353.25	375.25	341.25	347.25	341.00	340.50	347.00	353.25	353.00	352.25	353.25	352.25	353.25	354.25	353.00	352.75	350.75	346.75	343.00	337.50	341.25	356.75	368.00	359.50	352.00	348.25	346.50	346.50	352.25	359.00	364.25	367.50	377.00	419.50	447.75	539.75	517.50	388.00	388.00	388.00	388.00	388.00	403.50	430.50	449.25	470.75	480.50	472.75	444.50
344.50	348.75	341.75	333.00	322.25	317.50	313.25	310.00	310.50	310.50	312.00	310.50	308.25	302.75	301.25	304.00	307.25	308.50	308.00	325.50	330.50	331.50	333.00	328.50	319.00	313.00	314.75	318.50	322.25	327.25	330.50	336.00	340.50	350.25	367.00	383.50	373.50	358.25	348.00	346.25	337.25	334.25	332.75	334.25	335.75	337.00	338.00	338.25	338.50	340.75	342.50	343.00	342.75	339.50	340.75	347.25	353.50	359.75	364.50	367.75	380.00	370.00	375.75	389.25	389.00	357.75	352.50	358.25	346.00	349.00	356.75	339.50	321.00	321.00	321.00	321.50	321.50	327.75	335.75	343.25	347.25	355.00	366.00	371.50	373.00	371.50	369.75	372.50	375.00	378.00	383.50	389.75	404.00	409.50	416.75	422.75	430.25	430.25	428.25	423.75	418.00	414.50	412.25	399.50	399.50	391.50	387.50	387.00	379.25	371.00	364.00	356.00	346.75	336.25	325.50	318.50	313.00	311.25	311.00	311.75	312.50	317.25	326.25	336.75	343.50	348.00	349.00	351.00	348.75	340.25	341.75	346.00	353.75	358.00	363.25	365.00	366.25	368.25	371.75	373.00	370.25	368.50	368.50	364.75	364.00	364.25	363.25	363.75	364.25	364.25	363.00	364.50	366.00	367.00	368.75	370.00	371.50	373.00	372.75	371.00	368.25	366.00	364.50	364.75	367.75	377.50	386.00	383.75	386.25	390.00	397.25	400.25	402.00	409.00	421.00	416.75	424.50	451.00	467.00	445.00	437.50	423.50	399.50	387.75	377.75	375.50	376.25	379.75	381.00	379.75	378.00	375.25	370.50	367.00	364.50	363.25	363.00	364.75	369.50	374.75	380.00	395.75	410.50	410.25	395.00	381.50	364.25	374.50	392.50	371.50	358.75	348.50	346.25	351.50	359.00	359.25	357.25	357.50	355.25	354.25	354.00	352.00	350.50	349.50	345.00	341.75	341.50	351.50	384.25	396.25	374.25	359.25	353.25	347.50	351.25	357.00	363.25	369.75	376.00	381.00	401.75	423.75	493.75	506.00	395.50	388.00	388.00	388.00	388.00	394.75	422.25	445.00	466.50	477.25	473.75	463.00
341.75	342.75	338.00	332.00	324.25	318.25	314.25	314.25	315.50	315.00	314.50	310.25	305.75	305.75	307.00	309.00	312.50	315.25	312.25	335.25	333.00	333.00	334.50	330.00	321.25	315.50	316.00	318.25	321.50	326.50	330.00	334.25	338.00	345.25	354.25	360.00	358.25	354.50	350.50	349.50	341.00	337.50	337.25	338.25	339.25	344.50	348.00	345.75	344.75	346.00	346.75	345.00	343.75	339.50	340.00	344.50	349.00	352.50	359.50	368.50	387.50	379.75	393.50	409.25	394.25	368.00	361.25	382.50	373.25	372.50	382.25	373.50	323.25	321.00	321.75	327.75	322.25	325.50	341.00	346.75	349.50	359.25	368.25	373.50	374.50	373.50	372.00	372.50	374.00	377.25	383.00	394.25	413.00	417.50	421.75	424.25	424.00	421.50	423.00	422.00	416.25	408.00	400.00	392.00	391.00	384.25	380.75	378.25	370.50	364.75	359.75	351.75	340.25	330.00	319.25	315.00	316.75	312.00	313.25	313.25	316.50	326.00	332.25	342.00	348.25	351.00	350.75	351.00	349.25	343.00	346.25	349.00	354.50	358.00	364.25	366.25	368.00	370.50	378.25	380.00	373.75	374.00	377.75	370.75	370.25	371.50	367.25	367.50	367.50	367.50	366.50	367.75	369.75	370.50	371.50	375.00	375.25	375.50	374.25	371.50	368.00	366.25	366.75	366.25	369.75	381.25	394.50	390.00	391.50	393.75	401.75	403.50	410.25	423.50	442.00	431.50	440.25	477.00	506.75	457.00	454.25	427.50	401.50	388.25	381.25	379.25	378.75	380.75	380.50	378.75	377.50	376.25	372.75	371.75	371.25	370.00	369.75	372.25	379.25	384.50	388.75	402.75	403.25	392.75	391.75	399.00	386.50	384.00	391.75	386.00	365.50	353.75	351.75	356.25	366.50	367.25	361.00	364.00	357.00	354.00	352.75	350.25	347.25	346.00	342.75	341.00	345.25	357.50	394.50	402.50	379.50	362.25	355.75	347.75	356.25	365.00	370.75	376.25	382.25	389.25	398.00	416.25	450.75	498.75	412.25	388.00	388.00	388.00	388.00	390.00	420.75	445.25	458.00	471.25	472.00	479.25
349.00	345.75	339.25	329.50	322.25	320.75	322.25	322.25	320.50	316.75	314.50	308.75	310.00	313.00	315.00	315.75	319.00	321.75	322.25	324.25	329.25	332.75	341.75	340.25	331.50	321.25	319.25	320.00	322.25	326.25	331.00	333.75	336.75	341.75	344.25	349.00	355.75	364.00	363.50	358.25	347.00	345.50	344.50	343.75	345.50	360.50	357.25	353.50	353.25	352.00	349.25	344.00	339.75	341.00	341.75	347.00	351.50	353.25	362.00	368.00	380.25	387.50	397.25	407.50	411.50	387.00	372.00	413.50	428.25	424.25	481.75	467.00	398.00	322.00	325.25	337.75	335.75	338.00	365.75	369.25	367.25	370.00	374.75	378.50	379.00	376.75	375.75	373.75	375.00	378.50	385.25	397.25	408.00	408.25	416.00	414.25	415.75	418.75	419.50	416.00	411.50	401.75	391.25	385.25	382.00	375.75	371.75	366.00	361.00	355.50	348.25	341.00	333.50	325.50	344.75	343.75	326.25	315.50	313.75	314.00	322.25	328.25	334.25	350.50	355.75	355.50	355.75	353.25	350.50	347.50	351.75	354.50	358.50	361.25	366.75	370.00	376.00	378.00	382.75	388.50	386.50	384.25	380.50	377.50	382.25	378.50	373.50	374.25	373.50	373.25	373.50	375.75	377.75	378.00	377.75	379.25	377.75	376.25	374.00	371.00	369.00	367.00	368.50	368.75	371.50	378.00	384.50	384.50	387.75	393.75	404.75	414.00	442.00	454.75	459.25	450.25	461.25	474.25	500.25	501.00	463.50	423.00	406.25	392.25	386.25	382.25	379.25	377.75	373.75	370.75	369.25	369.00	371.75	374.00	376.25	378.50	377.75	385.25	395.00	406.25	406.75	399.00	389.75	386.75	389.50	393.50	396.00	386.75	379.25	371.00	365.75	359.50	362.50	368.25	369.25	363.50	360.00	360.75	354.00	349.50	346.50	344.50	344.25	343.50	345.00	345.25	350.00	361.75	376.75	372.50	365.00	358.00	354.50	353.25	358.00	371.00	375.50	380.50	386.75	396.00	404.75	415.75	435.50	485.25	501.25	438.00	390.25	388.00	388.00	393.50	415.50	421.75	435.00	447.00	457.25	481.50
344.50	345.25	340.50	329.75	323.50	325.25	326.00	325.50	323.75	318.00	314.50	311.00	314.25	317.25	319.00	320.00	322.50	325.00	324.75	326.50	329.00	333.50	346.75	350.75	342.75	330.25	325.75	323.75	324.25	327.75	331.75	335.25	337.75	341.00	343.25	350.25	359.25	368.00	365.00	359.00	353.00	350.50	347.50	347.00	347.50	355.25	356.50	356.50	355.75	353.75	349.75	343.50	338.75	342.75	343.75	349.00	351.25	352.75	362.75	366.25	372.75	381.25	390.50	398.00	399.75	382.25	376.00	412.00	441.00	422.00	487.50	508.50	438.00	332.25	333.75	344.00	338.25	340.75	377.75	374.00	367.00	369.25	376.00	379.75	380.50	378.50	377.50	375.00	376.00	379.50	385.50	393.25	400.75	402.00	407.50	407.75	411.75	415.75	416.00	419.25	417.75	404.25	392.50	384.00	380.50	374.25	370.50	365.50	361.25	355.50	348.00	339.50	332.25	328.25	363.50	363.25	324.75	317.50	315.00	317.50	324.75	329.50	335.75	352.50	360.25	359.00	357.50	355.25	352.75	352.50	354.75	357.00	361.00	363.50	369.00	372.75	380.50	384.00	384.50	392.00	390.00	384.75	382.75	377.75	378.50	376.75	374.25	375.75	376.00	376.50	377.00	379.00	382.75	384.50	383.25	380.50	378.75	375.75	373.75	371.25	370.25	368.50	371.25	369.50	370.75	376.25	380.25	381.75	386.00	392.50	399.75	423.00	457.75	462.75	449.50	444.00	454.75	467.50	483.50	507.00	492.50	428.00	409.25	397.00	389.25	383.75	378.50	374.50	369.50	367.00	365.75	366.25	371.50	375.00	379.25	381.00	380.50	386.00	392.50	403.50	403.75	392.75	384.50	380.75	381.00	384.00	398.00	385.75	380.50	372.50	367.75	362.50	373.75	378.25	368.50	363.00	364.00	360.00	354.50	349.75	345.50	344.00	345.25	347.25	347.25	348.00	355.75	371.50	374.75	367.25	362.00	357.00	354.50	353.00	358.50	367.50	372.00	379.50	385.75	395.50	404.75	414.25	427.50	453.50	520.50	505.25	403.75	388.00	388.75	400.50	417.50	421.50	429.75	441.00	451.75	477.50
345.25	343.75	339.00	330.75	330.00	330.75	329.75	329.25	326.50	319.75	317.25	318.25	321.50	323.50	325.00	325.50	327.25	328.50	328.00	330.00	330.50	334.50	347.75	359.25	360.00	348.25	338.25	330.50	330.25	336.25	340.75	342.25	342.50	343.50	347.50	352.75	357.50	364.50	365.25	365.50	362.00	357.50	352.25	351.00	352.00	357.50	359.25	358.00	356.25	352.75	348.50	344.25	340.25	342.75	345.00	347.25	349.25	351.50	358.50	361.75	367.00	374.75	383.00	385.00	379.75	375.75	392.00	441.00	475.75	437.75	460.50	494.00	435.50	355.00	341.00	356.25	351.00	350.25	369.75	364.75	362.75	367.00	375.50	380.50	382.25	381.50	380.00	378.00	378.25	381.00	385.00	390.75	397.25	400.50	405.25	402.50	407.25	412.00	415.25	426.00	430.75	418.50	402.25	386.50	380.75	375.25	372.00	367.75	361.25	354.25	346.75	338.00	333.75	338.50	372.50	364.00	325.50	318.50	316.75	321.75	328.25	333.25	339.25	356.25	363.00	362.25	361.75	359.75	356.75	356.25	357.50	360.25	363.50	366.25	372.50	377.50	387.00	388.75	387.50	393.50	397.00	392.75	383.25	374.50	373.00	373.50	372.50	375.00	377.75	380.00	383.50	385.00	390.25	391.75	389.00	383.25	380.50	376.25	374.00	372.00	371.75	370.00	372.50	370.25	370.25	373.75	376.50	379.00	384.25	389.75	399.75	427.25	446.50	445.00	433.50	433.00	442.50	454.75	468.75	484.50	493.25	455.25	430.00	414.25	397.00	386.25	376.50	370.25	366.00	363.50	362.50	363.75	371.00	375.50	379.50	381.25	380.50	383.00	385.00	389.25	387.25	380.25	375.00	372.75	374.50	379.00	385.25	380.00	384.25	374.50	368.00	368.00	383.50	385.50	376.25	371.75	369.50	364.25	363.00	358.50	349.75	345.75	346.00	349.25	349.50	349.75	359.50	375.00	376.25	368.25	362.25	356.00	354.50	352.50	356.25	364.50	369.00	377.00	384.25	393.25	401.50	408.75	418.50	430.50	470.50	485.75	424.25	399.50	404.50	423.25	432.00	430.50	430.50	438.00	451.25	476.50
347.25	342.75	337.25	333.25	336.50	335.00	333.00	332.00	327.00	321.50	322.00	326.50	329.00	329.75	330.50	330.75	331.75	331.25	331.00	333.25	332.00	334.75	346.50	364.75	372.25	361.75	349.50	339.25	337.75	344.25	348.50	348.50	348.50	349.50	356.25	356.50	353.75	358.75	366.75	374.75	368.50	363.00	356.50	355.25	358.50	364.25	362.50	358.00	355.50	350.75	347.00	345.75	342.50	342.75	344.75	345.50	350.00	352.50	356.50	358.50	363.00	369.75	376.25	375.25	370.00	370.25	435.50	487.50	486.00	463.50	469.75	490.75	455.25	368.00	347.50	373.25	374.25	366.00	365.75	364.00	363.25	365.25	374.50	380.50	383.75	384.50	383.25	382.00	382.00	383.25	386.50	392.75	402.75	408.50	411.75	404.00	405.75	411.50	416.00	426.25	435.00	424.00	406.00	389.00	384.25	378.75	374.75	369.50	360.50	352.50	343.75	336.25	337.75	350.00	379.25	356.75	325.00	318.00	318.00	323.50	329.50	335.25	343.50	359.25	364.75	368.50	368.00	364.00	360.75	357.50	360.25	363.50	366.00	369.25	376.00	381.75	389.25	390.50	390.25	396.50	406.50	398.25	381.25	370.00	370.75	372.50	371.50	373.25	376.50	379.50	389.25	393.00	396.50	397.00	392.75	385.50	381.50	377.75	375.00	373.50	372.75	371.00	371.00	370.00	371.00	372.75	375.50	378.50	383.25	387.75	400.50	429.00	429.00	424.25	422.75	426.25	434.75	444.50	456.75	462.75	471.00	472.50	450.25	433.50	406.25	387.25	373.75	367.75	364.00	361.50	360.75	361.25	369.50	375.00	379.00	380.50	379.00	381.00	380.25	378.25	373.50	368.75	366.75	368.25	374.75	382.00	379.00	378.75	382.50	373.25	368.75	373.00	387.00	388.50	389.75	383.50	375.50	377.50	393.25	373.00	357.25	350.00	348.75	349.00	351.75	351.50	358.25	365.75	370.75	368.50	362.50	355.75	354.25	352.75	355.50	361.25	366.00	373.75	382.00	389.50	396.25	402.00	408.50	411.25	425.25	433.00	428.50	413.25	431.25	448.50	449.75	446.25	441.50	442.25	455.00	479.00
346.25	341.25	341.75	338.75	341.25	339.25	336.50	334.50	329.00	327.25	329.75	333.75	335.50	336.00	335.50	335.00	334.25	333.75	334.75	336.50	334.00	336.75	346.25	360.50	370.75	372.00	361.00	348.75	344.25	345.75	347.00	350.25	354.25	363.25	364.00	357.75	351.25	356.00	365.50	373.75	370.50	366.50	361.00	363.25	369.50	367.75	363.25	358.00	354.25	349.25	346.75	345.50	344.00	345.75	345.25	346.00	350.00	352.50	355.75	357.75	362.00	368.00	373.00	375.00	373.25	377.75	440.25	477.25	455.25	486.50	478.75	484.75	468.50	375.00	359.25	381.75	403.25	386.75	373.75	369.75	367.50	367.75	375.50	381.00	385.00	387.50	387.75	387.75	386.75	387.75	392.75	399.00	415.50	426.75	416.00	409.25	409.75	412.50	414.75	418.25	421.50	412.00	401.75	393.75	390.50	381.50	376.00	368.50	357.00	348.75	343.50	342.25	345.50	360.50	372.25	345.00	322.75	319.50	320.75	325.25	329.50	334.75	342.25	359.50	368.25	370.00	367.50	366.00	363.75	360.50	362.50	365.75	370.25	373.50	378.50	382.25	386.25	389.75	392.50	400.75	408.25	398.75	382.00	368.00	369.25	374.75	369.50	369.50	371.00	374.00	390.25	396.50	397.50	397.75	394.25	388.75	383.50	380.00	378.00	375.75	374.75	375.25	373.50	375.00	375.25	374.50	377.50	382.50	389.00	390.25	398.75	416.75	415.75	415.75	419.75	426.00	435.75	448.25	458.75	463.50	463.75	454.75	443.50	425.75	404.25	391.50	382.00	372.25	364.50	361.75	361.25	360.75	373.25	379.25	379.00	378.75	377.25	380.25	378.00	374.25	368.75	364.75	364.75	370.25	385.75	401.00	386.00	380.75	374.50	369.50	368.00	373.00	380.00	381.50	388.00	389.00	384.25	396.00	404.00	379.25	365.00	357.50	354.25	352.75	353.75	353.75	356.25	360.25	365.00	366.25	364.75	360.25	355.50	353.25	355.50	359.25	363.75	370.50	378.25	384.25	389.75	394.50	397.50	399.75	412.75	418.00	414.50	411.50	430.00	443.25	444.25	447.00	449.50	451.75	459.75	472.50
346.25	344.50	348.25	344.25	344.50	344.50	339.25	334.50	332.50	334.75	337.50	340.50	341.75	341.25	340.00	338.50	336.50	337.00	339.25	338.50	336.75	340.00	345.75	351.25	362.50	373.00	364.75	353.75	348.25	346.50	345.25	349.50	355.00	366.00	360.25	352.00	348.25	353.75	361.00	367.00	372.50	370.50	367.00	370.75	376.25	367.75	363.25	357.75	353.00	348.25	346.75	345.25	344.50	348.25	346.25	346.75	349.25	351.25	355.25	358.25	362.50	368.25	372.75	376.50	379.25	387.50	411.75	444.50	445.50	482.00	458.50	464.00	447.50	385.50	372.75	381.25	414.25	396.25	382.50	375.00	372.75	372.25	377.75	383.00	386.75	390.75	392.25	392.75	391.50	393.00	398.75	406.25	421.00	431.50	415.25	411.50	413.25	413.25	413.75	412.75	409.75	404.50	399.50	396.25	393.00	381.00	375.25	365.00	352.50	348.25	348.50	349.75	350.25	364.50	354.75	336.25	322.00	321.25	324.25	329.25	331.75	334.75	339.50	355.75	365.00	366.00	367.50	370.00	367.25	363.50	364.50	367.25	374.50	378.00	381.25	383.25	385.75	389.25	394.50	403.00	409.75	409.50	389.00	367.50	367.00	378.50	367.25	367.00	367.25	369.75	389.50	396.50	396.00	396.00	393.25	392.00	386.50	383.25	382.00	378.25	383.25	385.00	380.00	380.50	378.25	377.25	379.75	387.25	392.75	393.75	397.25	402.50	407.00	412.00	420.25	429.25	443.75	461.50	472.00	469.75	462.25	437.75	429.75	411.75	402.25	406.75	405.50	383.50	368.25	362.75	361.75	362.00	377.75	382.25	380.25	378.25	377.25	378.75	376.75	371.75	366.00	361.75	361.25	370.50	392.50	413.25	389.50	381.00	370.25	366.75	367.00	370.00	370.25	373.50	380.75	390.50	396.75	401.75	388.25	377.50	369.50	362.75	358.75	357.00	356.50	356.25	356.50	359.50	363.50	365.75	370.75	367.75	357.75	354.25	355.50	358.50	361.25	367.50	374.00	378.50	384.00	387.00	388.75	393.00	402.75	406.25	402.50	404.25	413.50	427.00	428.00	435.25	446.75	453.75	458.75	463.00
353.75	357.50	354.50	350.50	345.50	342.00	337.25	336.00	340.25	344.50	347.00	349.00	348.75	346.25	344.75	343.00	343.50	344.25	341.25	338.25	340.25	343.50	346.75	350.00	353.50	352.75	352.50	350.00	345.25	342.50	342.75	341.75	343.50	342.00	340.00	342.25	346.00	349.50	356.25	363.75	381.75	379.00	373.00	370.50	368.25	368.50	362.75	356.00	353.25	351.75	349.75	346.75	347.00	347.75	348.00	349.00	350.00	351.25	356.75	359.00	363.25	368.00	371.75	376.75	383.75	393.25	406.75	421.50	441.25	436.75	436.00	432.25	415.75	404.25	396.50	398.00	412.00	412.25	426.00	392.25	382.50	381.25	384.50	387.25	390.00	394.50	396.00	399.25	400.50	406.50	406.75	425.00	426.25	423.00	417.00	415.50	418.00	416.00	415.00	410.75	405.75	400.50	393.00	386.50	381.25	372.00	366.75	358.50	357.75	358.25	356.25	350.75	347.75	352.00	364.50	341.00	327.00	327.25	328.00	332.50	335.25	336.00	339.50	350.00	361.50	375.50	381.00	381.25	381.00	371.50	367.25	371.25	378.75	383.25	387.50	388.50	390.00	391.75	396.00	408.00	415.00	410.25	391.25	372.00	367.50	368.25	367.00	367.00	367.00	367.75	385.50	393.75	392.00	390.50	390.25	390.00	392.75	391.50	389.75	386.25	399.75	393.00	387.75	382.50	380.75	383.75	386.25	388.50	394.25	397.75	400.75	403.25	407.25	411.75	422.00	440.50	464.50	473.50	468.00	454.00	445.50	436.25	430.75	423.75	424.00	421.00	422.50	414.25	390.50	376.75	369.25	369.00	387.50	385.00	382.25	380.00	380.25	379.50	379.00	371.50	363.75	359.50	358.25	376.50	403.25	393.00	379.50	375.75	371.25	369.00	368.25	368.75	380.25	386.50	393.75	388.75	388.00	380.25	369.50	366.25	368.00	366.75	364.50	362.50	360.25	359.25	358.50	359.50	362.00	370.75	388.00	373.75	362.00	356.50	356.75	358.75	360.50	364.50	369.75	374.75	379.50	381.50	384.00	387.00	390.50	391.00	391.25	394.25	401.75	409.25	423.75	440.75	446.50	449.25	453.00	458.25
361.50	360.50	359.50	350.50	346.00	344.00	340.00	343.00	346.50	351.50	353.50	354.50	353.00	350.00	348.00	346.50	347.00	345.50	344.50	341.00	341.50	344.00	345.50	346.00	348.50	349.00	346.50	343.50	341.50	338.50	338.50	334.00	333.50	330.50	335.50	342.00	345.50	349.50	358.00	368.50	391.50	384.50	372.50	367.00	366.00	363.50	361.00	358.50	359.00	357.50	353.50	349.50	350.00	352.00	349.00	350.00	351.50	352.50	355.00	357.50	360.50	365.00	371.50	378.50	384.00	390.50	395.00	396.50	405.50	417.00	417.50	422.00	416.50	413.50	407.00	410.00	434.50	461.00	450.00	415.00	400.00	392.00	388.50	390.50	393.50	397.00	398.50	403.00	404.50	413.00	413.50	439.00	432.50	427.00	421.00	418.50	422.00	425.00	418.50	412.00	405.00	396.00	386.50	378.00	376.00	372.00	368.00	365.00	365.00	363.50	356.00	346.50	344.00	344.00	380.50	349.00	331.50	328.50	331.00	336.50	340.00	339.50	355.50	353.50	366.00	379.00	383.50	389.00	388.00	374.50	369.50	374.50	383.00	387.00	391.00	392.00	389.00	389.50	395.00	396.00	396.00	397.00	396.00	384.50	378.00	367.00	367.00	367.00	367.00	368.00	389.00	391.00	390.00	391.00	390.00	392.50	397.00	396.00	394.00	392.50	393.50	390.50	385.00	384.50	386.00	389.50	392.00	393.50	399.00	401.50	404.50	406.50	410.00	414.50	422.00	432.50	447.50	452.00	448.50	440.00	437.50	428.00	430.00	442.00	446.50	433.00	432.00	424.00	420.00	398.50	380.00	376.00	383.00	383.00	381.00	381.50	385.00	387.00	384.50	378.00	367.50	359.50	358.50	374.50	378.50	370.50	367.50	373.50	381.00	378.00	376.50	378.50	402.50	402.50	393.50	386.00	378.50	367.00	359.00	361.50	366.50	367.50	367.00	364.00	360.50	359.00	359.50	360.50	363.50	373.00	383.00	375.50	365.50	358.00	358.00	358.50	360.50	363.50	367.50	370.00	372.50	375.00	379.00	381.50	383.00	383.00	389.00	392.00	398.00	409.50	431.50	452.00	454.00	453.00	453.00	460.50
356.25	355.75	355.75	351.25	348.00	346.00	345.50	350.25	355.50	358.50	359.25	358.75	357.00	354.75	352.75	349.25	348.00	347.25	345.75	345.50	345.25	345.50	343.75	342.00	340.75	341.00	340.25	337.00	338.50	337.00	332.75	326.25	325.00	330.50	337.25	342.75	343.25	349.50	359.50	374.75	386.50	378.00	369.00	364.25	361.75	361.25	361.50	361.25	363.75	359.75	355.50	354.50	352.75	352.00	351.00	351.00	352.75	353.50	356.00	357.50	360.00	364.00	370.50	374.25	377.25	383.50	385.00	389.25	397.25	407.00	413.00	417.25	411.25	415.00	420.00	435.00	449.25	461.00	451.75	427.25	411.50	399.75	395.75	396.75	398.25	399.75	401.25	404.25	407.25	413.00	415.75	432.00	432.50	428.00	424.00	422.25	428.25	426.00	418.50	408.50	399.75	391.50	385.00	383.50	382.25	376.50	373.75	372.75	369.75	359.25	349.25	347.50	349.25	346.25	355.25	340.50	334.00	334.75	333.50	339.75	343.00	346.75	349.00	351.25	356.75	365.00	371.50	378.50	378.75	375.50	376.00	381.50	388.00	390.50	393.25	393.00	392.25	401.75	416.25	408.25	415.00	437.25	438.00	429.75	409.50	397.50	371.00	367.00	367.00	369.25	382.50	385.75	390.25	390.75	392.75	399.00	401.50	400.00	398.00	394.50	392.00	388.25	388.00	389.25	392.50	395.25	397.50	398.75	402.75	405.50	407.75	409.25	412.50	416.75	423.50	430.75	436.50	443.75	444.00	441.25	436.50	425.50	425.25	438.25	436.50	427.25	431.50	434.75	429.00	411.25	399.00	392.25	388.00	388.00	385.00	389.75	395.50	396.00	391.50	382.25	374.00	367.25	367.00	367.00	363.00	364.25	367.00	369.25	374.75	377.50	390.00	387.75	400.50	410.25	396.75	388.50	384.00	376.50	365.00	365.00	368.25	369.00	367.25	364.25	361.75	360.50	360.50	361.75	366.75	372.75	378.75	380.25	375.75	358.50	358.75	359.25	360.25	362.50	365.00	367.00	368.50	371.00	373.25	375.25	381.00	384.00	387.75	391.75	399.00	414.00	437.00	447.75	450.75	443.50	443.50	461.00
353.50	353.75	355.75	355.50	355.25	356.50	359.50	362.50	366.25	367.75	366.00	363.00	360.50	354.50	353.25	353.25	350.00	347.75	347.25	348.25	348.25	348.00	340.00	338.00	334.25	333.00	332.25	333.25	335.50	330.75	324.00	318.00	323.00	336.75	340.00	341.00	340.00	347.00	360.25	374.00	374.75	374.50	364.50	360.75	360.75	361.75	360.75	360.25	364.00	360.50	361.50	358.25	354.75	353.25	352.50	353.00	354.50	356.50	358.00	360.50	364.50	368.50	371.25	372.75	379.75	387.25	394.75	398.00	400.00	403.75	408.00	408.75	409.00	422.50	434.00	442.25	448.25	455.50	454.75	438.25	425.00	423.00	416.00	408.50	405.00	404.25	406.75	411.00	415.50	420.50	423.50	438.25	442.50	431.25	425.25	423.50	422.75	418.75	411.75	404.25	398.25	394.75	392.00	389.50	387.00	382.50	380.50	374.75	358.50	349.75	351.25	355.00	360.75	366.25	384.00	358.50	340.50	339.25	344.50	354.25	355.75	352.75	353.25	358.00	360.00	362.00	368.00	375.25	378.00	382.75	385.75	388.00	391.50	393.50	394.75	396.00	398.25	403.75	420.00	424.00	429.25	439.00	445.50	455.25	432.75	409.50	392.00	382.00	372.25	378.50	389.00	390.25	395.50	400.75	405.00	409.25	407.50	403.50	399.75	393.75	392.00	393.00	393.50	397.00	401.00	402.75	404.50	405.00	407.00	410.00	412.25	414.50	417.50	419.75	424.50	432.75	438.75	447.25	457.25	454.25	444.50	436.00	430.25	429.00	429.75	440.25	448.50	476.75	460.00	453.25	437.25	417.25	401.00	393.75	397.00	407.50	410.50	401.00	392.50	379.75	371.75	372.50	375.75	375.75	375.50	373.00	369.00	368.00	375.25	385.50	396.75	403.25	408.00	404.00	397.00	393.50	390.25	384.00	378.00	377.00	376.25	371.75	367.75	364.25	362.50	362.75	364.50	368.75	376.50	381.50	392.50	392.75	378.50	362.25	359.75	360.00	361.25	363.25	363.75	366.75	369.50	372.75	378.75	383.75	390.25	390.25	390.50	393.75	404.00	418.50	427.25	434.00	437.50	440.25	447.00	460.50
352.25	354.00	357.25	358.25	362.75	366.00	370.50	373.00	373.50	372.25	369.25	364.75	361.50	354.75	354.75	353.75	350.75	348.50	349.00	347.25	346.25	345.25	336.00	333.50	329.75	327.50	329.50	332.50	331.50	323.25	317.00	318.00	325.75	336.50	337.00	335.75	335.25	344.50	354.50	361.00	369.25	369.00	364.25	362.00	362.25	361.50	359.00	359.50	360.00	360.75	361.50	357.75	355.75	355.00	354.50	355.75	357.75	359.75	361.50	361.75	365.50	369.75	373.50	376.50	381.25	386.00	392.25	395.25	398.25	402.75	404.00	405.50	414.25	427.75	432.25	437.00	448.00	452.00	443.50	438.25	437.25	438.00	428.75	420.25	418.25	415.75	414.50	419.50	421.75	431.75	439.75	448.00	445.75	432.50	425.75	423.50	421.25	420.00	414.00	406.50	403.00	400.25	396.25	391.75	388.00	382.50	377.50	368.25	354.75	350.75	352.75	377.50	385.00	397.50	396.50	367.25	346.50	344.75	351.50	360.00	361.25	363.00	363.25	365.75	365.00	366.25	370.00	376.75	382.75	388.00	390.00	390.50	394.75	397.00	398.50	400.50	402.50	406.25	418.75	431.25	440.50	448.00	454.75	503.00	458.75	434.75	411.00	392.50	388.25	399.50	399.00	397.75	400.50	406.50	410.25	412.00	407.75	402.00	398.25	394.50	395.50	398.50	401.75	405.25	407.00	407.75	408.25	408.75	411.25	414.00	415.50	418.25	420.75	422.75	428.00	439.00	445.50	454.50	466.00	462.75	460.00	448.25	441.00	437.25	434.75	439.50	446.25	465.75	445.00	438.00	425.50	413.00	404.50	398.50	397.75	404.50	404.25	388.25	381.00	374.00	370.50	375.50	378.00	377.75	378.50	376.75	381.50	391.50	409.75	396.00	399.25	405.00	403.50	397.75	396.75	394.25	389.75	381.25	383.00	382.75	379.25	374.00	369.00	365.25	364.25	365.00	368.00	372.50	379.75	386.50	398.50	395.75	382.00	368.00	367.50	366.75	365.50	366.00	366.00	368.50	371.75	376.25	382.75	388.75	399.50	401.00	399.75	400.75	410.75	422.75	430.50	440.75	443.75	448.50	457.75	485.50
353.00	355.25	358.50	362.00	369.50	376.25	381.25	382.25	378.75	375.00	372.00	367.00	363.25	356.00	357.00	354.50	352.00	349.75	349.50	345.00	343.25	341.50	332.50	329.25	325.25	322.50	326.25	329.00	325.25	315.75	312.00	320.75	327.25	332.00	331.75	329.50	333.50	342.00	347.25	348.75	359.75	360.50	366.25	363.75	363.25	359.50	356.50	357.25	356.00	360.25	359.25	358.00	357.50	357.00	356.75	359.00	361.75	362.75	365.75	363.75	366.50	371.00	373.75	377.50	381.00	384.25	388.50	392.00	395.75	400.75	403.75	407.25	419.00	429.00	426.50	434.00	446.00	446.75	434.25	436.50	441.00	443.75	440.25	435.25	434.25	428.25	423.00	427.50	431.50	447.25	459.00	465.00	450.50	436.50	428.00	426.50	427.75	427.75	420.50	413.00	408.75	405.25	399.75	392.50	387.50	381.00	373.25	365.00	354.00	356.25	372.25	402.50	411.75	436.00	400.75	369.50	352.00	349.75	359.00	368.50	369.50	376.25	377.75	379.00	374.75	373.75	374.00	378.50	389.00	400.00	400.00	398.25	399.00	401.75	401.75	405.75	412.00	411.75	422.75	435.75	448.50	461.75	476.50	530.75	488.00	460.00	425.75	399.00	403.50	417.25	409.75	407.75	407.00	411.25	414.00	413.00	406.25	400.00	397.25	398.00	399.75	405.50	412.75	414.00	412.50	412.75	412.25	412.50	415.50	418.00	419.00	421.00	423.75	426.00	432.25	447.75	452.25	457.75	463.75	466.25	473.25	458.50	452.75	447.00	441.50	441.50	444.75	445.00	435.25	427.50	416.00	411.25	409.00	404.25	395.25	389.75	386.00	374.25	371.25	369.50	372.50	380.25	379.50	379.50	381.25	381.50	391.25	417.50	427.25	405.00	402.25	404.25	394.00	390.75	391.50	389.75	387.75	383.50	389.00	386.25	380.50	375.00	370.00	366.50	366.75	368.00	371.50	374.00	381.00	390.00	399.75	405.00	387.25	378.50	381.50	376.75	372.25	371.50	371.00	371.75	374.50	379.50	388.00	396.75	412.75	413.50	409.75	410.50	417.00	426.00	438.25	448.75	451.00	458.25	471.75	516.25
355.00	358.00	361.50	368.00	375.50	382.25	388.00	389.25	384.25	377.50	374.00	369.25	366.25	357.75	356.25	355.75	353.25	351.25	349.50	343.50	339.25	336.75	330.25	326.75	322.50	318.50	319.00	321.00	317.00	311.75	314.50	322.25	325.00	324.75	323.75	325.50	333.50	338.75	341.00	339.25	350.25	355.50	363.00	361.25	359.25	356.00	352.50	352.25	355.00	357.75	358.75	360.75	359.25	358.75	359.50	362.25	364.00	364.75	368.25	367.25	368.50	373.50	377.00	379.25	382.75	387.75	391.00	397.25	402.25	406.25	409.25	415.25	420.25	423.50	425.75	431.50	441.00	439.50	434.75	437.00	440.50	443.50	441.75	443.00	439.75	434.50	430.00	435.75	447.75	458.25	471.75	477.00	455.25	444.50	438.75	437.75	447.50	445.25	434.25	424.50	413.50	405.25	397.00	388.00	384.00	376.50	371.50	368.00	355.50	383.75	446.00	425.75	448.25	490.75	419.50	376.75	359.25	357.75	374.25	386.75	382.25	387.00	387.00	397.75	388.75	384.00	382.00	385.50	396.25	419.25	417.00	414.75	413.25	411.00	405.75	412.75	424.00	429.00	438.00	442.50	456.00	475.25	484.25	500.00	490.25	469.25	438.00	413.00	421.00	428.75	419.50	416.50	414.25	416.25	416.00	411.75	405.00	401.25	400.50	404.25	404.75	412.00	421.25	418.00	415.50	416.50	416.50	417.25	422.50	423.25	424.50	423.00	426.25	428.25	435.00	448.50	454.50	456.25	458.00	465.50	469.75	465.50	463.50	458.25	454.50	455.25	450.50	442.25	433.25	426.50	421.00	424.00	440.00	425.25	399.00	386.75	381.25	372.00	369.25	366.00	367.75	375.75	378.00	382.00	387.75	398.25	402.00	428.50	416.75	402.25	395.75	393.25	386.75	384.00	383.75	385.25	385.75	389.25	390.50	387.25	382.00	376.75	373.00	371.50	371.75	372.75	375.25	376.25	381.00	387.50	400.00	407.75	395.25	390.50	388.50	385.50	383.75	379.25	375.50	376.00	379.75	384.00	392.75	404.75	423.50	422.25	416.50	415.75	418.75	425.50	444.00	460.25	464.50	469.50	480.25	518.50
357.75	361.25	366.75	374.50	384.25	389.00	394.75	396.75	390.25	377.00	372.25	369.50	367.50	359.25	355.25	353.50	351.50	351.50	349.25	342.25	336.00	331.75	327.25	324.00	319.50	314.50	311.75	312.00	309.00	310.50	317.75	321.75	320.50	316.75	317.25	324.00	331.75	335.75	334.50	331.00	349.25	355.00	356.25	355.25	354.25	351.75	348.50	350.25	355.00	356.50	360.50	362.25	361.25	361.75	363.75	365.75	366.25	366.00	369.75	370.25	370.25	375.50	381.50	384.75	386.75	393.25	396.00	405.00	410.75	420.75	419.00	423.75	423.25	420.50	426.00	427.75	435.75	434.25	437.75	438.00	437.50	436.00	439.75	444.50	440.00	439.25	435.50	445.75	462.50	463.25	476.00	490.25	460.00	452.25	446.00	444.00	454.25	451.75	441.25	429.00	413.00	400.50	391.00	383.50	379.75	372.00	371.00	367.75	362.50	409.25	528.00	482.75	511.50	547.75	444.75	390.75	368.25	370.50	391.00	403.50	397.00	401.75	397.00	408.75	399.00	393.00	389.00	393.75	402.50	426.25	429.75	427.50	425.75	418.00	411.00	417.50	432.00	444.50	450.00	446.00	457.50	475.25	476.25	485.50	486.00	467.00	439.75	425.75	441.00	441.50	425.25	422.25	420.50	420.25	416.50	409.75	405.25	404.25	404.75	408.75	411.00	417.50	425.75	420.00	417.50	419.50	421.00	423.50	433.75	432.00	432.00	426.25	428.25	429.75	435.75	443.50	451.25	453.75	456.00	464.50	467.00	469.50	471.00	471.00	470.50	469.25	455.50	444.50	434.25	428.75	429.75	438.00	464.75	439.25	403.75	390.25	384.75	372.00	367.50	364.00	363.50	367.75	376.50	384.00	395.75	416.25	414.75	430.25	423.25	408.00	396.75	391.00	387.00	379.25	378.75	380.50	382.75	389.00	390.50	389.25	385.00	380.25	378.00	376.50	376.00	377.25	379.25	379.25	381.50	389.25	401.25	402.75	405.25	395.00	390.25	393.25	390.50	382.25	377.25	379.25	385.50	389.50	397.75	410.00	425.75	424.75	419.00	417.75	419.25	426.00	444.75	469.00	484.50	482.25	483.25	506.50
366.50	371.25	377.25	386.00	398.50	402.50	406.00	403.25	381.00	363.50	362.25	361.50	359.50	351.50	345.50	341.75	341.50	340.50	340.50	339.25	332.50	327.50	320.50	316.75	312.75	309.00	305.25	302.50	304.75	312.25	317.50	316.00	311.25	313.75	319.25	324.75	329.00	327.25	323.25	324.25	349.50	344.75	348.00	351.25	351.00	344.00	349.00	352.25	353.00	357.00	358.25	360.50	364.25	366.50	369.75	369.25	368.75	369.00	369.25	370.75	374.50	381.75	390.25	396.00	398.50	405.00	412.25	413.50	421.50	436.00	426.75	432.00	437.25	430.00	430.50	433.00	438.00	434.75	431.50	432.00	424.50	428.75	443.75	439.00	434.00	433.50	439.00	467.50	475.75	466.25	472.25	493.75	475.25	460.50	442.75	438.75	436.50	436.00	426.75	416.00	402.25	394.75	389.75	381.50	373.25	367.75	367.00	371.25	389.50	423.00	491.00	493.00	498.50	506.50	459.75	404.75	384.00	398.00	424.75	428.50	420.00	416.50	419.75	434.50	439.00	409.75	402.25	402.00	412.50	426.25	432.75	431.25	423.50	417.25	416.75	419.25	430.75	437.25	443.75	449.25	451.75	460.50	469.25	485.00	496.25	470.50	456.00	456.25	450.50	445.50	430.25	427.75	424.50	421.25	416.25	410.25	409.00	410.00	411.00	416.00	423.75	431.00	430.75	427.50	423.75	424.75	427.25	432.50	444.25	448.50	444.25	441.25	436.00	436.50	438.25	440.50	446.25	457.50	467.00	472.50	472.75	468.75	475.00	475.75	466.50	463.25	456.75	450.50	443.50	438.75	437.75	446.50	471.50	461.00	433.00	429.25	414.50	382.00	369.50	362.00	362.00	364.50	376.50	384.75	394.25	401.75	407.25	415.75	430.00	416.00	406.75	404.75	395.50	383.00	380.00	379.25	382.50	390.00	390.00	386.50	383.00	381.25	379.50	377.00	378.75	382.00	386.00	387.75	401.25	418.00	408.25	398.00	394.00	386.50	393.00	387.75	382.50	380.25	381.00	385.00	392.25	398.50	404.25	411.75	422.75	422.25	416.75	417.50	419.75	425.25	441.25	461.75	488.00	486.75	481.25	486.75
375.00	380.00	386.00	397.00	406.00	404.00	402.00	401.50	374.00	354.00	351.50	348.00	344.50	338.00	333.50	330.50	331.00	330.00	332.00	334.50	329.50	323.50	315.00	310.00	306.00	304.50	300.50	297.50	306.00	314.50	316.00	308.00	308.00	314.50	315.50	320.00	321.00	318.00	315.50	317.50	331.50	335.50	347.50	349.50	345.00	343.00	349.50	348.50	350.50	347.00	347.50	361.00	363.50	367.00	369.50	369.50	371.50	371.00	371.00	373.00	377.00	388.50	396.50	414.00	420.00	414.00	413.00	413.00	421.50	426.50	426.00	428.50	434.00	442.00	441.50	439.00	437.50	429.50	420.00	420.00	424.00	434.00	436.00	431.00	431.00	433.00	439.50	467.00	474.50	464.50	470.00	482.50	468.50	456.50	444.00	434.50	428.50	424.00	416.00	409.50	403.00	395.00	385.50	374.50	375.00	375.00	372.50	382.50	393.00	405.00	439.50	447.00	462.00	513.00	492.00	425.50	402.00	417.00	445.00	454.50	442.50	441.50	441.00	468.50	463.50	427.50	419.00	408.50	417.00	429.50	428.00	425.50	418.00	417.50	422.00	424.00	433.00	439.00	451.00	459.50	457.00	454.00	462.50	479.50	490.00	487.50	484.00	470.50	456.00	453.00	434.50	433.50	426.00	422.00	417.50	414.00	414.00	413.50	415.50	423.50	438.50	443.50	436.50	430.50	428.50	428.50	431.00	433.50	442.50	463.00	474.50	465.00	450.00	447.00	445.50	442.50	444.50	458.00	469.50	467.00	464.00	468.00	471.50	470.50	461.00	456.00	452.50	451.00	444.50	440.50	440.00	446.00	465.50	478.50	454.00	445.50	424.00	384.00	372.00	362.50	362.00	369.00	376.00	384.50	389.50	392.00	398.00	403.00	408.00	412.50	419.00	421.50	400.50	388.50	386.50	387.00	386.00	386.50	379.50	376.50	380.00	383.00	384.00	382.50	386.00	392.00	391.50	398.00	422.50	420.50	403.50	398.00	391.00	387.50	389.50	384.00	383.50	381.50	383.50	390.50	399.00	407.00	415.00	417.50	422.50	419.00	416.50	415.00	416.00	423.50	435.00	450.00	467.50	486.00	477.00	467.00
380.50	388.75	396.75	406.25	403.00	400.25	397.25	393.00	378.25	361.75	356.00	351.75	344.75	339.25	333.75	331.75	325.25	321.25	321.50	330.00	327.25	320.75	311.50	307.00	302.50	298.75	297.25	303.50	310.50	313.75	308.25	303.75	303.75	306.50	307.00	310.75	309.75	308.75	307.00	311.50	319.75	330.75	340.75	339.75	334.00	340.25	340.75	341.25	340.25	342.50	353.50	362.50	365.00	369.25	371.00	372.25	370.50	372.25	377.25	380.50	388.00	397.50	401.25	408.75	413.50	412.75	412.00	410.25	417.50	415.50	414.50	422.25	429.25	441.75	451.25	444.00	429.75	420.50	415.50	417.25	421.25	426.50	432.50	430.75	433.75	440.75	446.75	464.25	462.25	463.00	474.75	467.00	454.50	448.00	442.00	434.25	430.50	425.00	414.75	409.00	401.25	392.75	383.00	384.00	398.25	402.00	388.25	379.25	388.75	399.00	414.50	434.75	465.50	497.00	482.25	436.00	422.50	428.25	462.75	479.25	473.75	473.00	470.25	479.25	478.25	474.00	453.00	427.50	425.50	437.25	432.25	431.75	430.25	425.75	430.25	429.75	432.00	439.75	452.50	465.50	470.50	465.50	464.00	471.00	484.75	493.25	477.00	467.50	461.25	455.75	442.00	436.75	426.25	422.25	419.25	418.50	417.75	418.25	420.75	428.25	437.50	442.75	439.25	437.75	434.75	434.50	435.00	435.50	446.50	464.25	490.00	472.00	460.25	453.25	448.75	444.00	443.75	448.50	457.25	467.25	470.25	470.00	473.00	467.25	457.50	451.25	445.25	445.25	444.00	446.25	442.25	438.25	436.50	437.00	429.25	415.00	397.50	370.50	365.25	366.75	369.75	372.25	374.25	380.75	384.25	386.50	390.50	394.00	402.50	410.25	432.75	445.50	427.75	406.00	399.00	391.50	386.75	375.75	374.50	374.00	375.25	382.25	385.75	384.75	388.75	394.75	406.25	426.25	430.75	419.50	416.75	406.00	399.50	400.50	393.25	387.50	385.50	384.25	389.00	398.25	413.25	420.75	423.75	421.75	419.00	417.00	413.50	412.25	413.50	420.75	429.00	440.00	451.50	470.75	463.25	453.75
388.00	395.50	401.75	401.25	399.00	397.00	394.50	389.75	377.75	368.50	361.00	353.50	349.50	340.25	332.00	324.00	318.75	315.25	317.75	321.00	315.25	310.75	307.50	305.00	298.25	294.25	302.25	306.00	308.50	302.75	295.00	295.00	293.75	296.25	296.50	297.75	298.00	298.25	299.75	302.50	309.00	314.00	326.25	324.75	322.25	324.00	328.75	336.25	342.25	350.50	359.25	366.00	368.75	370.75	374.50	375.00	374.25	379.00	385.50	394.25	402.25	404.00	404.75	403.25	405.25	408.25	407.75	401.50	407.75	404.50	414.00	417.50	428.25	441.50	442.25	431.75	415.25	413.50	415.25	417.25	420.25	423.00	427.75	429.75	432.25	445.00	452.50	457.25	452.25	454.00	459.75	453.25	447.25	444.75	442.75	437.75	431.00	423.25	411.75	405.00	398.00	388.50	391.75	398.75	415.00	464.00	459.50	430.25	407.25	405.25	411.75	428.25	444.25	467.00	478.00	466.00	459.50	459.75	477.00	496.75	504.75	504.50	495.50	490.75	494.50	494.75	486.50	476.25	464.50	473.25	461.00	451.00	456.00	443.75	455.00	447.25	443.50	444.25	462.50	487.00	494.25	480.50	476.00	482.25	490.25	485.00	475.75	469.75	462.50	452.75	444.25	438.50	431.00	427.25	425.00	422.00	421.00	423.50	425.25	431.00	439.00	468.00	464.50	459.50	449.00	445.75	445.00	442.75	453.75	463.25	468.50	459.75	452.50	448.75	445.75	443.00	442.75	448.50	455.75	480.75	486.00	494.25	497.25	472.75	455.25	448.75	437.25	436.75	442.50	448.75	442.25	434.25	419.00	407.75	399.25	393.00	385.00	361.00	361.00	361.00	363.50	367.75	374.00	380.25	384.25	389.50	403.50	400.50	407.00	420.50	433.25	426.00	418.00	408.50	402.75	391.50	382.25	374.00	374.00	374.00	374.00	376.25	382.25	387.50	400.00	415.25	440.00	438.50	445.50	431.25	421.25	418.75	417.25	404.25	398.75	398.75	392.50	393.00	398.75	415.50	437.00	430.00	424.50	423.25	413.25	412.00	412.75	409.75	410.25	417.25	423.75	429.00	433.75	437.00	437.50	438.75
389.00	393.25	398.25	398.50	404.00	403.50	393.50	378.00	364.25	355.75	350.00	343.00	339.00	330.25	325.00	317.75	313.25	311.00	312.75	309.50	304.50	301.75	299.50	298.25	293.00	293.50	298.00	299.50	298.50	293.50	291.00	290.75	291.50	294.75	295.25	297.00	299.25	300.00	302.75	306.00	308.50	309.75	314.50	316.75	321.25	327.50	336.25	343.00	347.75	356.50	363.25	370.00	371.50	372.25	373.00	377.50	381.50	386.00	391.00	400.75	405.50	407.50	407.50	404.75	404.50	403.75	405.50	396.50	400.25	402.50	406.25	416.00	422.50	424.50	420.25	416.75	415.25	417.50	421.50	424.25	426.00	427.25	427.75	430.75	435.00	441.50	448.50	448.50	446.75	451.75	458.75	458.50	452.75	453.00	450.25	448.00	433.00	419.25	407.00	401.50	394.75	391.25	397.75	402.50	412.25	442.00	449.50	432.75	414.25	413.75	422.00	436.75	456.50	477.00	483.00	471.50	472.75	477.00	489.25	500.75	504.50	503.50	495.00	489.50	491.50	497.25	497.00	494.25	492.25	497.50	494.75	489.75	480.00	482.25	492.75	468.75	461.25	455.00	475.50	497.00	498.50	491.75	493.50	500.50	487.50	479.75	472.25	467.25	461.50	454.75	448.50	443.50	438.25	436.00	433.00	431.00	429.00	428.25	429.75	435.50	444.25	471.75	482.00	480.75	463.75	453.75	457.25	459.75	458.25	456.25	455.75	452.00	444.75	447.50	445.00	441.75	441.50	449.25	454.50	473.25	485.00	502.25	504.75	486.25	462.25	455.50	439.75	434.75	437.75	445.25	437.25	426.75	410.00	399.75	389.00	382.75	375.00	361.00	361.00	361.00	361.50	364.75	372.50	381.75	386.75	392.00	407.50	407.00	417.75	426.50	429.00	421.25	414.00	406.50	397.25	386.00	378.00	374.00	374.00	374.00	374.50	386.25	404.00	403.75	419.00	432.25	460.00	470.00	453.50	433.50	428.50	421.25	415.25	408.50	408.75	407.25	400.50	402.25	408.75	421.00	428.50	421.75	418.00	415.50	409.50	408.75	410.25	407.75	408.50	414.75	418.75	419.50	421.25	423.00	424.75	426.50
386.75	390.00	398.25	402.75	414.00	410.75	388.50	365.75	350.75	344.00	340.00	333.00	331.75	326.25	323.25	317.75	313.75	310.50	308.25	302.75	298.50	296.75	294.00	292.25	289.00	291.25	291.50	292.00	289.00	288.00	289.50	290.50	293.75	297.00	299.25	302.25	305.00	304.25	306.25	310.75	311.50	310.50	310.25	313.25	326.50	336.25	341.75	345.75	350.75	361.50	368.50	372.25	372.50	372.75	373.25	377.75	385.25	387.75	398.25	406.50	408.00	411.00	411.50	407.00	405.50	400.75	399.75	391.75	392.50	402.50	400.00	411.75	413.50	409.00	408.00	411.25	424.00	424.00	429.25	434.25	433.75	434.50	430.50	432.00	437.50	437.25	443.50	445.75	446.50	453.50	464.25	468.25	463.50	462.25	458.50	454.75	434.25	413.00	402.25	397.50	395.00	397.25	400.75	404.00	410.25	422.00	427.50	430.25	425.00	421.50	427.25	444.00	474.50	482.50	476.75	466.50	471.75	480.25	492.00	500.25	495.75	490.50	485.75	484.00	483.00	489.75	490.00	494.50	502.75	515.75	528.25	527.50	502.00	517.00	531.25	507.50	479.75	471.50	485.75	503.25	508.00	513.25	508.50	500.00	485.75	473.00	466.25	461.50	458.50	457.00	448.25	446.50	444.25	443.50	441.50	443.25	439.00	435.50	435.00	440.50	445.50	465.75	482.00	485.00	471.50	460.75	468.25	483.25	464.25	455.50	447.00	444.75	441.00	443.25	441.50	439.00	440.75	447.50	450.75	467.00	476.25	501.25	509.00	506.00	469.50	466.50	445.00	434.25	434.50	440.75	429.25	418.00	402.25	393.00	382.50	374.25	366.25	361.00	361.00	361.00	361.50	362.25	370.75	384.75	390.75	394.50	411.75	417.00	427.75	428.00	424.25	418.00	411.50	404.00	393.25	381.25	376.50	377.50	374.25	374.00	374.75	391.50	415.00	420.75	448.75	453.25	480.00	484.25	456.50	440.50	434.75	425.50	419.50	419.00	420.25	413.50	409.00	412.25	420.00	424.50	419.25	412.50	409.25	406.25	404.75	406.25	407.00	405.25	406.50	409.75	411.00	410.50	412.00	413.50	415.25	417.50
388.00	392.50	397.25	406.50	419.50	407.25	382.75	369.25	359.25	350.00	344.75	342.00	339.00	332.00	327.75	323.75	319.50	315.50	310.50	305.00	301.25	300.25	295.25	293.75	288.75	284.50	286.25	286.00	287.75	291.50	295.00	299.00	302.25	307.25	308.75	311.50	313.00	311.50	309.75	311.50	316.00	316.25	318.50	317.75	320.75	325.00	327.25	337.00	354.75	368.75	369.75	367.25	368.00	370.50	373.75	376.00	381.50	385.00	398.50	399.25	405.75	414.25	415.25	407.75	402.75	400.25	396.00	385.25	391.25	395.00	396.25	404.75	403.50	407.00	411.00	418.75	428.25	432.75	451.75	466.25	457.50	446.50	441.50	435.00	435.25	438.25	440.75	447.50	452.00	461.00	472.00	472.50	473.25	465.00	459.50	458.75	433.50	415.25	402.75	404.00	402.25	404.00	404.50	413.00	421.00	448.25	465.00	455.50	451.25	455.75	465.75	484.25	492.50	484.75	471.00	464.75	465.50	468.00	477.75	483.75	484.25	477.75	472.25	468.25	464.25	465.25	470.75	480.50	491.00	511.50	520.75	521.50	510.25	512.50	527.00	534.00	521.25	514.25	507.00	521.00	509.75	499.50	485.00	478.75	472.50	461.00	454.75	451.25	450.25	448.75	443.00	446.50	445.00	445.75	451.25	454.50	448.50	444.00	442.00	439.00	442.75	454.50	462.50	467.00	466.00	460.25	465.75	470.75	458.25	450.75	446.25	440.25	438.25	436.25	436.00	436.25	439.50	444.75	449.25	460.50	472.00	506.75	501.75	498.25	470.75	460.50	445.00	439.25	445.25	447.00	431.50	423.75	403.00	390.75	382.75	369.75	365.00	361.00	361.00	361.00	364.50	365.25	377.25	397.75	403.00	402.75	436.75	448.25	427.75	426.25	417.75	411.00	406.25	399.00	395.25	393.75	397.25	423.75	397.00	389.25	398.50	393.00	397.75	420.00	435.00	439.50	448.00	451.75	456.25	456.25	448.50	447.25	444.75	439.75	432.00	420.50	418.00	424.50	434.25	423.75	411.25	401.50	397.50	397.25	398.00	404.25	403.75	403.50	405.25	406.75	406.25	403.75	404.25	405.00	406.75	408.75
388.00	392.50	395.50	405.00	415.00	406.50	386.50	376.00	362.50	352.00	347.00	343.00	340.00	332.00	328.00	323.50	319.00	315.00	311.00	306.00	302.00	300.00	296.00	293.50	288.50	283.50	284.50	285.00	289.50	294.50	297.00	300.50	304.00	308.50	310.50	313.50	315.00	313.00	311.00	312.00	316.00	316.50	319.50	320.50	321.50	322.50	325.50	337.50	356.50	369.50	367.50	365.00	367.00	372.00	374.50	376.00	382.50	386.00	394.50	395.50	402.00	412.00	414.50	404.50	401.00	397.00	392.00	384.00	389.00	393.00	394.50	401.50	404.00	408.00	411.50	419.00	426.50	434.50	457.00	478.00	467.50	450.50	444.50	436.00	435.00	438.50	439.50	448.00	453.00	461.50	471.50	472.50	470.50	464.50	459.00	459.50	434.50	415.50	403.50	405.00	404.50	407.50	406.50	417.00	427.50	465.50	482.50	458.00	453.00	467.00	479.50	497.00	495.50	485.00	472.00	467.50	463.00	466.50	472.50	479.00	484.50	478.00	472.00	465.00	460.50	460.50	466.00	476.50	488.00	507.00	514.00	519.50	511.00	509.00	524.50	543.50	531.00	518.00	514.50	530.50	507.50	491.00	481.50	475.00	468.00	460.00	451.50	449.50	448.50	447.00	442.50	445.00	443.50	446.50	454.00	456.50	449.50	445.50	443.00	439.00	441.00	453.50	460.00	463.00	462.00	459.00	462.00	462.50	455.50	449.50	445.50	438.50	437.00	435.00	435.00	436.00	440.00	444.50	449.50	460.50	472.50	498.50	494.50	489.50	471.50	457.00	444.50	442.00	447.50	449.50	434.00	426.50	403.50	392.50	384.50	369.50	367.50	361.00	361.00	361.00	366.50	367.50	378.00	405.00	410.50	404.50	422.50	444.00	428.00	427.00	416.50	409.00	404.50	398.50	398.00	398.00	406.50	447.00	407.50	403.00	412.50	396.50	399.50	417.50	424.50	435.00	441.00	447.00	455.00	461.50	455.00	449.50	449.50	438.50	432.50	422.50	419.00	427.50	435.00	421.50	409.50	399.50	396.00	395.50	395.50	402.00	403.00	403.00	405.50	406.50	406.50	402.50	402.00	403.00	405.00	407.00
389.75	388.25	387.50	394.25	402.50	410.25	400.00	381.25	366.25	356.25	349.75	341.25	337.75	330.25	325.25	321.00	317.00	313.75	310.75	306.75	302.50	300.25	294.00	291.25	286.50	284.50	283.50	284.75	291.50	298.00	303.00	307.25	311.00	314.25	316.25	319.00	319.75	317.50	315.75	316.50	317.75	318.25	323.00	325.00	324.75	326.75	329.50	336.00	347.25	351.75	359.25	358.50	367.50	375.00	373.25	377.75	382.75	383.25	385.00	388.25	393.50	412.75	413.00	408.00	406.75	394.00	383.75	386.00	388.25	391.75	396.50	401.75	408.25	412.00	415.75	419.50	428.50	443.00	468.25	491.50	480.00	458.00	443.25	439.25	438.75	440.25	444.00	447.25	453.00	461.25	469.50	473.25	470.25	463.50	456.00	451.00	432.25	417.25	410.75	415.75	418.25	421.50	414.25	418.50	434.50	467.00	465.75	460.25	449.75	461.00	473.50	489.50	490.25	486.00	484.50	482.00	474.50	467.75	470.50	490.00	485.00	473.75	465.25	455.75	448.75	455.25	464.00	470.25	478.25	492.50	510.25	517.50	501.75	494.75	516.25	529.25	520.75	509.25	510.50	502.75	491.00	478.00	473.50	467.00	460.75	459.50	454.75	453.25	457.75	452.25	440.25	437.00	441.50	453.00	456.75	457.00	450.50	447.25	440.25	436.00	437.75	444.75	448.75	452.25	454.75	455.75	454.25	451.25	449.25	443.50	440.50	437.00	434.75	434.50	434.25	436.75	440.50	443.75	448.75	461.25	467.75	482.00	479.25	473.25	464.50	455.00	447.25	443.75	441.50	439.75	442.00	427.00	413.50	400.00	388.50	387.50	417.25	438.50	402.75	399.25	388.75	375.75	379.50	398.50	414.25	433.00	437.25	437.00	422.50	419.50	413.00	408.50	408.00	408.00	410.00	416.75	440.75	468.00	448.50	426.25	403.75	398.50	400.00	405.25	413.25	422.25	438.50	441.50	452.75	459.50	449.75	444.00	447.25	442.50	431.25	422.75	421.25	423.25	425.75	420.50	406.00	397.00	395.00	394.00	394.00	397.75	403.00	403.75	405.00	405.75	405.75	403.00	398.75	399.25	399.25	402.25
388.50	384.00	377.75	378.75	391.50	398.25	391.00	372.75	356.25	347.25	342.25	336.50	332.75	324.50	319.50	313.75	309.75	307.25	306.00	301.75	296.75	292.50	287.25	285.50	282.50	281.50	283.25	289.00	293.75	303.25	310.75	320.50	322.50	322.25	324.25	326.00	326.25	323.75	323.00	323.25	322.25	321.50	325.25	327.25	327.75	330.75	333.75	337.50	340.50	344.50	344.00	353.50	367.25	368.50	367.25	378.50	384.25	375.75	373.75	380.00	394.75	404.25	403.75	399.75	400.50	385.25	393.75	391.50	392.00	396.75	401.75	409.00	413.00	419.75	422.50	424.75	438.25	450.50	458.75	461.25	457.00	447.25	445.25	447.75	446.75	446.50	451.25	454.00	460.25	470.75	481.25	479.00	468.00	459.25	448.00	440.75	443.50	437.50	442.00	449.25	445.00	432.75	426.50	429.75	438.75	462.00	466.75	463.50	460.25	453.50	460.50	474.25	490.25	491.75	491.75	483.00	467.50	457.00	467.00	476.00	465.00	459.25	451.25	443.75	443.75	447.75	455.00	461.25	466.50	476.75	488.00	485.75	478.50	484.75	500.00	508.50	499.25	483.50	473.50	473.00	476.25	472.00	468.00	458.50	455.50	448.00	445.00	448.25	450.00	455.50	440.75	436.00	437.00	445.75	454.75	465.25	452.75	443.25	438.75	433.50	433.75	437.50	445.00	451.50	453.50	452.50	447.75	444.00	439.50	440.25	437.00	435.75	434.75	433.50	433.25	435.00	435.25	441.25	447.00	453.75	459.50	468.50	467.50	461.50	455.50	450.50	442.50	439.75	437.75	436.50	435.00	433.75	416.75	406.00	412.75	423.75	438.25	480.00	441.25	412.75	394.50	389.75	390.50	403.50	442.00	483.25	474.00	452.75	432.75	436.25	420.75	414.75	421.50	429.50	442.50	470.50	467.75	452.50	430.25	418.25	410.00	409.50	409.00	408.50	410.00	418.00	424.75	431.25	452.25	455.25	446.00	439.50	434.25	432.00	433.75	423.50	418.75	417.25	417.75	409.50	398.25	394.75	393.00	393.00	393.00	393.25	402.00	405.75	407.00	408.25	403.50	398.75	394.25	393.50	393.25	396.50
383.25	382.25	375.00	371.75	381.50	386.50	377.00	361.25	348.25	339.25	334.50	328.75	324.75	315.75	311.00	305.75	301.25	298.25	296.75	293.00	288.00	285.50	283.00	282.50	283.25	285.25	286.00	290.75	298.00	307.50	316.25	328.75	324.25	324.00	326.75	329.25	330.75	329.25	328.50	328.00	324.75	324.75	328.00	330.75	332.25	335.75	338.25	341.00	343.25	345.50	345.00	356.75	361.00	359.50	368.00	375.00	376.25	368.00	373.00	383.00	395.25	396.75	392.50	388.00	389.00	392.00	399.00	398.25	398.75	406.00	410.75	418.75	422.75	427.75	430.50	428.25	436.25	442.75	444.00	444.75	444.00	443.75	449.25	452.75	455.75	465.25	467.25	461.50	465.75	480.75	492.50	482.00	466.50	458.25	449.00	445.00	447.50	448.50	460.00	472.50	467.75	449.75	467.50	469.00	464.50	485.75	483.25	476.50	471.25	458.25	457.00	465.00	476.00	471.75	473.00	465.25	453.25	449.25	455.75	457.00	452.00	448.75	444.00	438.00	441.25	451.50	459.00	466.50	468.75	473.75	474.25	469.75	470.75	475.00	483.50	485.50	478.50	469.50	463.75	465.25	473.50	472.75	469.50	455.00	451.00	445.50	442.25	441.50	445.50	452.50	446.75	440.25	438.00	443.75	452.00	468.50	465.00	452.75	443.00	436.25	432.25	434.25	441.00	446.00	448.00	446.25	442.25	439.50	437.75	437.75	434.00	434.00	434.25	432.75	431.75	431.75	433.75	439.00	441.50	451.25	458.75	458.75	458.75	457.00	451.75	446.50	439.75	436.25	438.75	438.25	437.50	438.75	420.50	416.50	427.25	436.25	448.00	466.50	444.50	415.75	402.00	398.25	398.25	414.00	455.75	489.25	468.00	454.25	446.75	443.75	427.00	425.75	442.75	453.25	461.50	471.75	457.75	443.75	437.25	427.75	418.00	415.50	417.25	418.00	415.50	416.25	420.50	427.50	446.25	453.75	441.75	435.00	431.25	428.00	429.25	422.00	416.75	416.50	417.75	408.00	397.00	394.00	393.00	393.00	393.00	393.00	401.50	405.25	406.00	404.75	399.25	394.25	391.25	390.00	391.25	392.75
379.50	379.50	375.00	367.00	369.50	370.50	363.25	351.75	341.50	334.00	328.25	320.50	315.75	307.50	302.75	298.50	294.00	292.50	291.00	285.75	280.75	280.25	279.75	280.50	286.00	290.25	290.00	294.00	302.00	310.50	317.75	325.50	321.25	322.50	327.00	331.50	334.25	334.50	333.00	331.75	327.50	328.75	332.00	335.00	337.50	341.75	343.50	345.00	345.25	346.75	346.00	353.50	351.75	353.00	367.25	367.00	365.25	362.50	372.75	382.25	392.50	389.00	383.50	376.00	384.25	401.75	407.50	407.25	407.50	416.75	421.25	427.75	433.75	433.00	435.75	430.25	430.25	432.50	431.50	432.00	436.25	441.75	451.00	457.00	463.75	477.75	484.00	468.50	473.50	493.25	502.00	482.75	465.25	459.00	450.75	449.25	449.00	456.50	467.00	482.00	482.25	468.25	500.00	508.75	495.75	500.75	497.00	487.75	474.00	463.00	458.00	456.00	456.50	453.50	450.00	448.75	441.50	443.00	448.50	444.25	441.25	438.75	437.25	435.25	443.75	459.50	463.75	472.25	474.50	472.00	464.50	461.50	462.75	466.00	467.00	464.25	460.50	459.25	457.25	464.25	474.50	473.25	465.00	455.75	448.75	446.50	442.75	438.00	444.00	447.50	448.75	442.75	438.25	440.75	450.75	465.75	474.25	469.50	450.75	441.50	433.50	431.50	436.25	439.00	440.75	439.25	436.75	435.25	435.00	435.25	431.75	433.00	433.25	434.00	431.25	429.50	431.25	433.75	435.75	446.75	458.00	452.50	450.50	450.50	447.25	443.25	436.50	435.00	443.50	446.00	444.00	442.25	426.75	429.00	437.00	436.25	439.50	449.25	444.25	417.00	410.00	407.00	406.75	420.75	449.25	469.50	453.50	449.75	451.00	439.50	433.75	442.25	459.25	470.25	472.75	460.25	449.50	444.50	447.50	438.00	428.00	427.75	429.50	436.50	425.00	419.50	420.00	425.50	443.00	449.25	436.75	431.25	429.00	423.50	422.25	420.00	415.25	416.50	418.00	407.75	396.75	394.75	393.25	393.00	393.00	393.00	401.25	404.25	403.00	398.75	393.75	389.75	387.75	387.75	389.50	389.00
376.50	374.25	366.75	358.50	366.50	361.50	353.25	342.25	334.50	328.50	323.00	315.25	310.00	304.50	300.75	299.25	298.50	295.75	288.00	281.75	276.50	277.50	280.00	284.00	289.25	294.50	298.25	298.50	302.75	307.75	311.75	315.25	322.50	323.75	328.25	334.75	336.75	337.00	337.25	334.25	332.75	335.00	338.75	341.50	344.75	348.00	348.75	348.00	348.25	349.50	348.50	346.00	345.00	352.50	354.00	354.50	356.00	360.25	371.00	374.00	385.00	380.00	371.25	378.50	395.50	406.00	413.75	412.50	421.25	431.25	436.50	440.25	438.75	434.00	432.00	426.50	423.75	424.00	424.25	428.50	439.00	446.75	457.00	466.75	474.75	485.50	506.50	487.25	501.25	501.00	487.75	481.25	467.50	462.25	450.75	450.75	455.00	465.50	487.25	502.50	490.00	475.00	475.50	484.50	484.00	487.00	494.75	498.75	477.25	461.75	450.50	447.75	447.50	444.75	439.75	439.25	435.00	434.50	438.25	435.75	431.50	430.25	431.25	436.00	451.50	459.00	460.00	467.00	467.50	448.75	447.00	452.00	451.50	447.25	446.00	445.25	442.50	446.25	457.00	468.00	471.50	471.75	470.25	461.25	453.00	441.25	437.00	434.75	436.75	436.00	440.75	437.00	435.00	440.25	448.75	463.00	484.25	498.50	470.50	464.00	453.25	435.00	430.50	430.50	432.75	431.75	429.50	427.75	428.50	430.75	429.75	433.50	435.00	432.50	430.75	429.00	426.75	426.00	431.25	445.50	453.25	448.00	444.00	445.25	440.50	434.50	437.00	445.00	452.50	453.25	452.50	454.00	443.50	445.00	436.00	430.25	428.50	428.25	425.25	422.00	419.50	417.25	416.75	430.75	447.00	443.75	446.50	448.00	451.75	448.25	454.00	459.00	452.50	456.25	457.00	456.25	446.00	454.00	461.50	460.50	448.25	455.75	467.75	474.75	444.25	432.25	430.75	441.75	442.00	440.00	434.50	424.50	421.25	419.00	417.50	415.50	412.50	412.50	410.50	403.00	399.50	398.75	395.00	393.00	395.50	400.25	402.25	401.50	397.25	390.50	386.50	385.75	384.25	385.50	384.50	385.25
372.00	368.50	359.00	348.50	350.50	352.00	346.00	337.00	329.50	324.00	322.00	317.00	313.50	308.00	306.00	304.50	299.50	290.50	279.50	276.00	279.50	282.00	287.00	289.50	292.00	297.00	302.50	304.50	307.00	313.50	322.50	324.00	324.50	326.50	330.00	335.50	336.00	337.50	338.50	337.50	338.00	341.00	347.00	349.50	350.50	351.50	351.50	351.00	351.00	351.00	350.50	350.00	348.00	346.50	349.00	351.00	353.00	355.50	358.50	365.00	379.50	375.00	368.00	381.00	396.50	401.00	406.50	415.00	425.50	439.50	439.50	440.00	438.00	427.50	422.50	426.00	422.00	420.00	422.00	429.00	451.00	467.50	470.00	482.00	498.00	516.00	536.50	513.00	501.50	489.00	476.00	480.50	466.50	459.00	449.50	447.00	455.50	478.00	503.50	516.50	498.50	480.00	464.00	464.50	475.50	501.00	496.00	479.00	471.00	455.50	447.00	444.50	442.50	438.00	435.00	432.50	431.00	430.00	437.00	437.00	426.50	425.00	425.50	434.50	446.00	448.00	449.00	456.00	457.50	441.50	453.00	452.50	446.00	438.50	439.50	439.00	438.50	443.00	452.00	462.00	464.50	466.00	464.50	461.50	450.50	436.50	436.00	431.50	430.50	434.00	439.00	433.00	434.50	442.00	447.50	460.00	480.50	510.00	491.00	495.00	475.00	439.50	432.00	429.50	428.00	426.50	424.00	424.00	423.50	425.50	432.00	444.50	436.50	432.50	429.00	425.50	424.00	425.00	434.50	446.50	448.50	440.50	438.50	438.50	432.50	433.50	449.50	458.00	461.00	467.00	462.50	463.50	458.00	449.00	437.00	429.00	423.50	421.50	424.00	429.00	423.50	421.00	426.50	439.50	441.00	440.50	442.50	450.00	457.50	453.50	452.00	456.50	447.50	448.50	452.50	448.50	442.50	456.00	465.50	462.50	458.50	475.00	469.00	460.00	450.00	443.50	445.00	455.50	447.50	433.00	428.00	427.00	424.00	421.00	418.50	415.00	412.50	408.00	404.50	403.00	405.50	408.00	404.50	404.50	421.00	412.00	404.50	402.00	397.00	390.50	386.00	384.00	384.00	382.50	382.50	386.50
365.00	359.50	351.00	342.25	343.00	343.00	340.50	335.00	328.75	324.50	321.75	318.75	315.00	309.00	305.25	300.25	293.25	282.50	275.50	278.00	283.50	285.75	292.00	294.50	296.75	300.00	308.00	309.75	313.00	318.50	325.50	328.50	330.75	332.25	333.50	335.75	337.00	339.00	340.75	341.75	345.50	349.00	353.50	353.75	353.75	353.50	352.50	351.50	351.50	352.75	354.00	354.00	352.00	349.75	349.00	350.50	352.25	353.50	355.25	360.25	368.00	366.00	373.25	382.75	390.00	394.00	407.75	426.25	437.50	437.25	433.75	430.75	428.75	423.25	418.50	418.50	418.25	417.50	424.75	434.75	454.25	467.50	465.75	484.00	519.25	528.25	522.50	493.25	482.50	473.25	467.25	468.75	459.25	451.50	447.00	447.50	453.00	473.00	499.50	496.00	475.00	459.25	455.75	465.25	479.25	493.25	486.50	470.25	458.25	451.25	444.25	440.75	437.75	436.25	435.00	434.25	432.00	430.25	428.50	426.50	424.00	423.25	427.75	436.50	437.50	433.75	434.25	437.00	437.00	436.25	446.50	450.50	438.75	430.75	434.00	435.00	433.25	442.00	454.50	463.00	458.50	459.00	454.50	456.00	445.00	438.25	434.00	431.25	427.75	427.00	430.75	429.75	432.25	438.75	445.75	461.50	478.00	498.25	497.25	492.75	477.50	445.75	436.50	429.75	426.00	422.75	420.75	420.25	420.25	423.75	434.25	443.75	432.50	427.50	424.00	422.25	420.50	424.00	431.75	437.75	436.50	433.25	433.25	430.25	426.50	435.25	461.75	483.75	474.50	478.75	478.25	463.75	458.75	444.00	433.50	424.00	420.25	422.50	428.25	425.75	423.50	420.75	423.00	431.75	433.25	436.75	442.75	451.50	454.00	450.00	451.00	458.00	459.25	450.00	445.50	439.50	443.75	452.00	450.00	454.00	458.25	458.75	450.50	454.00	455.50	452.50	462.75	463.00	451.25	443.50	437.50	439.75	436.75	432.50	428.00	417.75	413.25	408.50	407.50	411.25	415.75	423.75	426.50	431.00	419.50	412.00	403.75	400.25	394.50	388.50	383.75	381.75	381.50	378.75	380.25	386.50
355.00	349.50	341.00	336.50	336.00	339.00	339.50	334.00	327.50	321.00	318.50	314.50	311.00	303.00	296.50	291.00	284.00	276.50	276.00	283.50	289.50	290.00	296.00	299.50	302.00	304.50	307.50	312.00	317.00	320.50	325.00	331.00	334.00	337.00	341.00	340.00	338.00	340.00	343.50	346.00	349.50	351.50	354.50	355.00	355.50	353.50	352.00	351.50	352.00	353.50	355.50	356.50	355.50	353.50	352.00	353.00	354.00	356.00	359.00	361.00	366.00	365.00	372.50	380.50	387.50	398.50	420.00	431.50	438.50	430.50	430.00	425.00	422.00	419.00	416.50	414.50	414.00	415.50	421.50	430.00	444.00	453.50	459.50	475.00	494.50	504.00	499.50	479.00	465.50	461.00	458.00	453.00	460.50	458.00	451.00	445.50	451.50	461.00	473.00	469.50	457.00	446.00	450.00	470.50	478.50	480.50	475.00	464.00	451.00	442.00	435.00	433.50	436.00	436.50	436.50	433.50	430.50	428.50	426.00	424.50	423.00	422.00	429.00	438.50	439.00	423.50	424.00	423.00	425.50	430.00	443.50	440.50	430.00	426.50	429.00	427.00	430.00	439.50	454.00	459.50	454.00	448.50	448.50	448.00	445.00	444.00	439.50	431.50	425.00	423.00	426.00	427.50	432.00	436.50	443.50	458.00	480.50	482.00	483.00	477.00	465.00	445.00	436.00	429.00	423.50	420.50	418.00	417.00	417.50	421.50	430.00	434.00	430.50	426.50	423.50	420.50	418.50	422.50	427.00	427.00	425.00	425.50	427.50	421.50	425.50	438.00	468.50	480.00	479.00	480.00	467.00	460.00	454.50	442.50	433.00	424.00	420.00	422.00	425.50	422.50	419.50	420.00	421.50	427.50	435.50	441.50	455.00	457.00	452.00	446.00	452.50	462.50	457.50	442.50	435.50	449.00	441.00	437.00	435.00	435.00	435.50	435.00	437.00	443.50	454.00	465.00	475.00	458.00	447.50	448.00	449.00	450.00	444.00	444.00	429.00	417.50	412.50	412.00	418.00	428.50	432.50	430.50	431.00	424.50	412.00	407.00	399.00	394.50	389.50	384.00	381.50	380.50	378.50	376.00	377.00	387.00
344.00	338.50	334.00	330.75	337.00	340.75	338.75	334.25	327.25	321.50	318.00	312.25	307.00	296.75	287.00	282.25	277.00	276.25	284.50	291.00	296.00	297.50	299.00	303.75	307.75	310.25	311.25	314.75	319.50	324.00	327.25	332.00	336.00	340.75	343.25	343.25	340.50	342.50	345.75	348.50	351.75	354.00	354.75	356.25	356.50	351.25	349.75	349.00	350.00	352.75	354.75	356.50	356.25	355.75	355.25	356.75	357.75	359.75	364.00	364.75	369.50	368.75	371.50	382.00	390.00	396.25	422.50	434.25	428.50	426.00	426.25	422.50	417.00	415.75	415.75	414.00	411.75	413.50	424.25	427.00	435.75	444.50	452.25	462.75	473.00	486.00	480.75	482.50	457.75	451.25	450.25	451.25	466.00	469.00	452.50	445.00	438.25	446.75	453.75	447.00	443.50	437.25	447.75	464.00	465.50	466.50	462.75	454.75	436.75	431.00	429.75	429.50	429.50	431.50	433.00	428.00	427.50	424.50	423.25	422.75	422.25	421.25	424.50	431.50	434.00	423.00	413.25	414.25	422.25	426.00	438.75	433.75	422.00	420.00	425.00	426.25	433.75	444.75	457.00	456.50	447.75	447.50	448.50	447.00	447.00	447.50	442.00	430.75	423.50	423.00	424.50	426.25	430.00	432.50	440.50	458.50	476.50	463.75	463.50	462.75	456.25	439.75	433.25	427.50	423.50	421.00	418.25	417.00	415.25	418.50	424.50	428.50	429.00	427.00	422.00	418.00	415.50	417.00	419.75	419.50	418.00	418.25	417.50	419.50	433.50	437.75	449.25	461.25	471.50	462.25	448.25	448.25	451.25	444.75	434.75	423.50	418.50	416.25	418.00	417.25	416.50	420.00	427.00	438.75	452.00	468.25	469.50	461.50	442.75	439.75	446.50	453.00	442.75	433.75	427.75	433.00	431.50	427.25	423.00	423.75	425.75	430.50	444.75	456.25	456.25	467.75	466.25	455.75	446.25	443.50	453.00	455.25	452.00	445.50	429.25	417.50	416.25	419.00	425.00	448.00	457.25	440.50	428.00	420.00	410.25	404.50	397.75	393.00	388.00	383.50	380.25	378.75	377.25	380.00	384.50	384.25
330.00	326.75	326.00	332.25	336.75	339.00	338.25	334.50	328.00	323.25	320.25	313.25	307.00	291.50	281.25	276.50	273.50	280.00	288.50	296.00	303.50	306.00	305.50	308.50	311.75	314.50	316.25	319.50	323.75	329.75	333.25	336.00	341.25	345.50	346.75	344.25	343.50	345.50	346.75	348.75	359.25	357.50	357.00	357.25	357.00	349.50	349.00	349.00	349.00	350.75	353.50	356.25	357.50	359.00	360.00	362.00	363.00	365.75	369.25	370.25	373.00	375.25	377.75	384.25	390.75	401.00	421.75	416.75	418.75	427.00	421.25	416.25	418.00	416.00	414.00	413.00	409.25	410.00	417.00	421.25	427.75	434.00	442.75	449.00	449.75	457.25	464.50	482.75	454.50	437.25	434.50	440.50	462.25	474.25	448.25	434.25	427.25	430.00	433.25	431.25	431.00	435.75	445.25	452.50	452.00	454.50	456.75	453.00	436.75	432.00	429.00	429.00	429.00	429.00	433.00	431.00	426.25	423.00	421.50	420.00	421.00	428.25	428.75	425.25	412.00	413.25	404.00	410.75	419.00	418.75	424.75	421.75	416.50	417.25	424.75	434.00	445.00	453.25	456.50	449.00	438.50	442.00	445.25	452.50	447.50	442.75	438.50	429.00	423.00	423.00	423.00	423.50	430.25	431.75	432.50	442.25	449.25	448.25	443.00	443.00	438.50	433.75	427.50	422.50	420.25	418.75	416.25	415.75	413.75	416.50	420.50	420.00	424.50	423.00	419.00	415.75	413.75	412.50	413.25	414.00	412.25	418.25	428.50	427.25	428.75	433.00	451.25	463.25	449.50	438.25	432.75	437.25	448.25	439.50	431.25	423.25	419.75	414.25	414.00	417.75	422.25	428.00	435.50	457.00	471.25	472.00	465.75	452.00	447.50	444.75	444.25	439.00	435.75	425.25	417.75	415.75	415.50	417.50	414.75	419.00	426.00	433.50	447.50	460.50	463.50	468.50	456.50	447.50	442.00	446.00	455.75	461.50	461.50	446.75	430.25	426.25	428.00	431.75	435.50	449.75	456.25	447.75	430.00	419.25	409.00	403.50	393.50	389.75	386.25	382.75	379.00	375.75	377.00	379.75	382.00	383.50
325.50	324.00	322.25	324.50	330.00	332.50	332.75	330.00	327.25	323.75	319.75	312.25	306.75	291.00	279.25	275.00	277.75	286.00	294.75	300.00	308.00	311.00	311.75	312.75	315.00	317.50	319.50	323.50	328.00	333.50	338.00	340.75	344.50	348.25	348.75	346.25	345.75	349.50	351.75	358.75	366.50	364.00	361.75	362.25	360.00	350.75	349.00	349.00	349.00	349.75	353.75	358.25	359.75	362.00	363.75	366.25	367.75	370.00	373.50	375.00	378.00	380.50	380.75	383.25	388.25	400.25	412.00	409.00	413.75	415.75	413.50	415.00	418.75	415.00	412.75	412.75	409.00	406.75	413.00	419.00	426.75	433.50	440.00	439.00	437.00	443.75	451.00	462.00	440.50	429.50	433.50	435.50	443.50	449.00	436.25	427.25	422.50	424.75	425.75	427.50	430.75	435.00	441.00	445.00	448.00	455.25	460.75	457.00	451.75	441.00	429.75	429.00	429.00	429.00	431.50	429.00	424.75	423.00	422.25	420.50	422.50	428.75	426.75	416.75	409.75	403.75	400.50	408.00	412.25	415.00	416.00	414.00	415.00	418.50	432.75	443.25	454.75	461.00	455.00	441.50	432.75	439.50	443.25	446.25	441.25	438.25	436.00	428.00	423.00	423.00	423.00	423.00	428.75	432.25	429.75	433.75	439.00	436.75	432.75	431.00	427.75	425.75	422.50	418.25	416.50	415.25	413.25	412.75	412.25	414.50	414.50	415.00	416.50	416.25	417.00	417.25	414.00	411.00	410.50	410.75	409.00	424.00	430.75	423.50	421.00	431.50	453.00	452.00	434.25	427.25	425.75	430.50	440.75	436.75	430.75	428.00	420.75	412.50	413.50	423.25	430.00	438.75	439.25	446.00	456.75	462.00	463.75	452.00	452.00	449.50	443.50	433.00	429.25	419.25	413.25	410.50	412.00	413.50	415.25	418.75	424.25	430.25	439.25	446.50	456.50	458.25	453.00	446.50	440.75	447.25	457.00	461.50	463.00	449.00	445.00	446.25	446.00	450.00	455.00	455.50	451.25	441.75	426.00	419.50	413.75	406.25	394.25	389.75	386.50	383.00	378.50	375.25	373.75	375.25	379.00	383.50
325.75	324.50	321.25	316.25	323.00	325.00	324.25	322.50	323.75	320.25	315.25	309.25	305.75	289.50	275.75	276.25	283.75	294.00	306.50	307.75	313.75	316.50	318.00	317.50	319.00	321.25	323.50	327.00	332.25	337.50	342.50	344.75	346.25	350.50	349.00	347.50	348.50	353.75	358.50	371.00	376.50	372.75	369.50	369.75	365.25	355.25	350.75	349.25	349.00	351.25	356.25	361.25	363.75	366.25	368.00	371.75	373.25	375.25	378.00	379.50	383.00	385.50	385.25	382.25	387.25	399.50	401.00	405.50	408.25	408.00	410.75	415.75	418.00	415.50	412.50	410.75	407.75	404.25	412.25	419.75	429.00	435.50	438.00	431.75	427.25	431.00	437.50	437.00	425.25	428.50	437.50	441.25	434.00	432.75	429.00	423.25	420.00	420.75	422.25	426.00	429.50	434.25	438.00	442.00	448.50	458.00	468.00	465.50	466.50	452.50	437.75	430.25	429.00	429.00	429.75	426.50	425.00	424.75	423.75	421.50	421.25	421.50	420.75	409.75	409.50	399.25	397.25	403.25	408.75	411.50	410.25	411.25	418.75	421.75	442.00	453.50	465.25	465.25	451.50	434.75	428.25	436.25	439.75	436.25	432.50	432.00	433.75	426.50	423.00	423.00	423.00	423.00	427.50	432.50	427.50	428.00	429.50	426.00	425.25	421.25	419.75	419.25	416.75	414.25	412.50	411.25	410.50	410.00	410.75	412.25	410.00	411.50	411.00	411.50	414.75	419.75	417.00	413.00	410.50	408.00	406.75	425.25	424.75	415.75	415.25	427.75	441.50	433.50	422.25	419.25	420.25	420.75	431.25	434.75	429.25	426.75	418.75	410.50	414.50	426.75	435.25	442.50	439.50	436.25	448.00	467.25	467.25	453.25	446.25	445.50	441.75	426.75	420.25	413.00	409.50	407.25	408.25	411.25	414.25	416.00	419.50	425.00	433.50	443.75	457.50	454.50	450.25	445.00	439.50	448.50	457.50	459.75	460.50	451.00	459.00	468.75	465.25	471.25	475.75	462.25	441.25	430.00	420.50	419.75	416.00	406.75	395.00	389.75	387.25	382.75	377.50	374.00	371.00	374.50	380.00	383.75
326.75	324.25	320.50	314.50	321.50	315.50	304.50	304.00	301.50	293.50	292.75	292.25	290.50	278.00	275.25	285.00	298.75	311.00	325.75	328.25	324.50	323.75	324.25	323.75	326.00	329.50	332.25	334.50	340.00	347.50	353.00	353.00	353.50	354.75	351.00	350.75	357.25	366.00	372.25	380.25	401.50	405.25	397.25	392.75	400.50	384.00	393.25	396.00	389.50	375.25	371.50	373.75	373.25	373.25	375.00	380.25	380.25	382.25	384.25	384.75	387.50	389.75	388.25	384.75	384.75	388.75	394.50	403.75	405.00	410.25	413.50	418.75	419.75	416.25	411.75	408.50	404.75	408.50	419.25	424.00	431.25	435.50	430.50	419.75	417.25	421.75	419.75	419.25	429.25	446.50	475.00	483.75	441.00	432.00	422.50	419.00	418.25	421.50	427.25	429.00	432.25	437.25	444.00	451.00	454.75	465.75	473.25	473.50	466.00	454.25	449.75	438.00	431.50	431.50	432.00	430.50	426.50	425.00	423.00	420.00	420.00	421.00	419.50	414.25	409.50	397.25	395.25	404.00	411.50	408.50	414.25	424.00	438.75	442.25	455.75	459.75	460.00	456.75	442.25	428.25	426.00	430.00	431.00	428.00	427.50	430.75	436.75	427.75	423.00	423.00	423.00	423.00	427.25	428.00	425.00	423.50	422.50	422.00	419.75	417.00	415.00	414.25	412.75	410.75	410.25	408.75	407.50	408.00	407.00	407.25	409.50	411.50	407.00	407.25	410.50	414.00	413.75	412.00	409.50	408.75	406.25	415.75	411.25	407.75	410.25	416.25	418.75	417.25	412.75	413.75	412.75	413.75	429.00	433.75	424.25	418.00	414.25	409.25	417.50	423.00	427.00	424.75	424.75	434.75	444.75	460.25	456.25	444.75	435.00	447.25	461.75	437.50	415.50	406.75	406.75	405.50	405.75	407.75	411.50	414.75	420.50	429.75	439.75	452.00	469.00	458.25	444.50	438.50	437.00	448.25	456.25	454.00	450.50	447.50	466.25	490.75	483.75	483.25	473.50	451.75	432.75	422.75	414.75	410.75	407.75	399.00	390.50	387.25	385.75	382.50	377.75	375.25	371.25	376.25	378.75	375.00
324.50	322.00	319.50	320.00	312.50	313.00	296.00	287.50	284.00	283.00	280.50	274.00	273.00	276.00	289.50	302.50	323.00	329.50	328.00	335.00	333.00	332.00	332.00	334.00	337.00	340.00	344.00	355.00	377.50	374.50	373.00	364.50	361.50	358.50	353.50	355.50	362.50	375.50	382.00	384.00	408.00	431.00	422.50	422.00	412.00	393.00	400.50	421.50	411.50	401.00	386.50	387.50	385.00	383.50	383.00	385.50	385.50	386.50	388.50	389.00	390.50	391.00	389.00	387.00	387.50	388.50	394.50	402.50	410.50	417.50	420.50	420.00	419.50	414.00	410.00	406.00	405.50	416.00	424.50	429.00	431.50	429.00	419.00	410.00	411.00	408.00	410.50	428.00	448.50	503.00	539.00	484.50	442.50	430.00	419.00	417.00	428.50	428.50	432.00	435.50	436.00	445.50	452.00	459.00	468.00	479.00	475.50	468.50	456.50	453.00	453.00	444.50	438.00	435.50	429.50	428.50	423.50	420.50	418.50	416.50	419.00	419.50	417.50	411.50	400.00	392.50	400.50	413.00	412.00	418.00	433.00	435.50	443.00	446.00	456.00	454.00	448.00	443.50	437.00	426.50	423.00	426.00	424.50	427.00	430.50	439.50	439.50	428.50	423.00	423.00	423.00	423.00	426.00	426.00	425.00	429.50	431.50	427.50	421.50	417.50	415.50	414.50	414.00	413.00	411.50	410.00	407.50	406.00	405.50	405.00	408.00	406.00	403.50	404.50	406.00	405.00	408.00	407.50	407.50	406.00	403.00	407.50	404.00	404.50	406.50	409.50	411.50	411.50	409.50	407.50	409.00	414.00	424.00	432.50	425.00	417.00	412.00	409.00	421.00	413.00	419.00	419.00	433.00	436.50	438.00	443.50	447.50	442.50	428.50	435.50	454.00	442.00	412.00	404.00	405.50	405.00	404.50	407.50	413.50	419.00	425.50	439.50	466.50	464.00	458.00	448.00	438.50	433.50	431.00	435.00	445.50	442.50	441.00	448.00	466.50	482.00	487.00	477.00	476.00	452.00	434.00	423.50	412.50	408.00	397.50	394.50	392.00	388.00	383.50	381.00	377.50	373.50	370.00	371.50	372.00	366.50
325.75	326.25	325.50	322.25	316.50	309.00	304.00	296.25	290.75	285.25	281.50	277.50	277.25	283.25	305.75	327.25	333.25	334.25	333.00	338.50	347.00	348.50	351.75	358.75	366.00	372.75	392.50	410.75	404.00	395.00	386.75	371.25	367.50	361.75	359.50	361.50	365.75	375.25	379.00	379.00	394.75	406.50	417.25	436.00	417.75	394.00	392.25	405.25	422.75	416.25	408.50	400.25	399.75	400.50	412.75	398.75	395.50	395.50	396.25	397.00	396.50	394.50	392.25	390.50	389.25	393.00	399.00	408.00	418.25	424.50	422.50	417.75	414.50	410.50	406.25	402.50	403.25	422.00	420.75	421.75	414.50	410.00	405.25	401.75	403.75	410.75	416.00	441.75	470.75	533.50	498.25	461.50	437.50	426.25	417.00	434.00	455.50	441.00	436.50	441.50	448.75	453.00	460.75	472.00	481.25	478.50	469.75	461.25	453.75	450.75	451.00	446.75	438.75	434.50	428.00	425.75	422.75	420.50	416.75	412.25	411.75	411.00	408.75	402.75	397.75	391.25	402.00	412.75	410.25	420.75	427.00	433.75	447.00	451.75	450.25	446.25	441.25	434.25	429.75	426.25	423.25	423.25	423.25	430.50	437.75	442.75	440.25	429.00	426.25	425.00	424.25	424.50	425.50	426.75	431.50	441.75	456.25	447.50	434.75	421.25	417.50	417.25	418.25	416.75	414.50	411.00	408.25	407.25	405.50	404.50	403.50	402.75	401.75	401.75	402.75	404.75	405.25	402.50	402.00	401.50	400.25	401.50	400.75	402.00	403.50	405.50	409.25	414.75	406.25	403.50	404.75	408.75	425.75	430.00	425.50	416.25	409.75	409.75	411.50	414.25	416.75	425.25	434.00	427.75	427.50	440.75	438.25	430.00	420.25	422.00	435.75	429.75	404.50	401.50	402.50	405.00	407.25	410.50	416.25	423.25	431.25	448.25	464.75	460.75	450.50	443.00	434.00	428.75	426.00	428.25	432.50	436.00	436.00	447.00	454.25	469.00	480.50	478.50	473.00	453.50	440.50	428.50	425.25	428.00	402.50	393.25	388.25	387.00	384.25	379.50	376.25	372.25	368.75	368.75	368.50	368.75
330.50	329.75	325.75	320.25	314.25	309.75	303.50	298.50	292.25	283.25	284.75	279.25	279.50	287.75	311.00	323.75	325.00	331.50	341.00	348.50	356.75	356.00	361.25	375.50	385.25	398.00	412.50	411.75	407.25	397.50	384.50	374.00	369.75	362.00	361.00	363.75	366.50	372.00	375.00	375.50	388.25	398.75	405.00	417.25	405.50	388.75	385.75	397.00	412.75	423.25	421.00	411.00	406.00	410.75	422.75	407.25	408.00	404.00	403.75	403.75	401.25	398.75	395.50	391.75	390.50	394.25	405.00	413.25	422.75	425.25	420.50	415.25	410.75	407.00	402.00	397.50	395.00	410.00	403.00	401.00	397.75	397.75	398.50	400.00	405.25	413.00	418.50	446.50	474.75	516.25	478.50	452.00	432.50	423.50	416.50	440.75	456.75	444.25	444.25	449.00	457.25	462.00	469.00	479.00	479.50	475.25	470.50	458.25	452.50	449.50	449.50	449.25	438.50	433.50	428.75	427.75	424.25	420.50	415.00	410.75	408.25	406.75	407.00	405.50	401.75	391.25	397.00	407.00	406.00	419.75	428.50	439.75	457.00	454.75	442.25	438.75	434.50	429.25	426.00	424.50	421.00	421.25	424.50	435.25	443.50	447.75	443.75	433.50	429.00	426.75	425.50	425.50	426.25	428.75	434.25	455.50	464.00	451.00	437.25	422.75	419.50	420.00	420.75	420.25	416.75	412.00	408.25	407.75	406.50	405.50	403.50	403.25	401.00	400.25	401.50	404.50	403.50	400.00	399.25	399.25	398.50	399.75	400.75	402.25	402.50	403.00	407.50	413.25	403.75	402.50	405.00	410.00	427.00	428.00	420.75	412.75	407.75	403.75	404.75	420.25	421.75	431.00	429.50	421.25	423.75	433.50	429.50	421.75	414.75	413.50	426.25	420.75	402.75	401.25	402.50	405.25	408.00	412.50	418.00	426.00	436.75	450.25	459.00	458.50	446.25	442.00	431.75	426.50	425.00	425.50	427.25	432.50	436.25	443.00	449.00	464.50	473.00	477.50	468.75	452.50	446.75	441.50	444.50	445.00	403.75	393.25	387.50	385.25	382.75	378.50	374.75	370.75	368.50	367.25	366.75	375.50
340.25	333.75	325.00	318.00	309.75	304.75	298.75	294.50	290.25	288.75	289.00	288.25	281.25	275.50	285.50	297.25	314.75	337.25	351.75	352.75	361.00	359.00	367.00	376.75	380.75	389.00	410.00	412.00	403.50	387.00	375.25	372.25	369.25	363.75	367.25	366.00	365.25	368.00	369.25	371.25	379.50	379.00	383.50	387.00	383.75	374.75	372.75	377.25	382.75	393.50	411.75	427.50	425.75	441.75	438.25	434.50	432.75	425.25	421.25	415.50	410.50	403.25	396.75	393.50	395.75	401.00	418.00	430.75	436.75	423.75	416.75	409.25	402.75	397.25	391.00	384.50	385.25	388.75	395.25	395.50	394.75	394.00	396.25	401.00	404.25	409.75	416.50	444.25	465.75	475.25	459.00	440.00	430.50	422.25	417.25	424.75	436.75	449.50	467.75	474.50	475.25	474.75	478.50	487.50	481.50	473.25	468.50	458.75	455.75	453.00	449.50	447.00	439.25	438.25	434.25	430.00	422.50	418.50	415.75	415.00	411.50	408.25	407.25	399.50	394.50	393.00	393.50	397.50	405.75	426.25	441.00	449.50	457.25	445.75	430.00	425.50	423.75	421.00	419.25	418.75	418.25	421.25	428.25	439.25	445.75	448.75	453.25	445.75	437.25	430.75	426.25	426.75	428.25	432.25	441.00	455.50	451.25	443.25	436.25	430.00	429.00	428.00	426.25	423.50	419.75	414.00	409.75	408.25	407.00	405.00	404.25	402.50	402.00	400.75	400.75	400.25	400.25	397.25	396.50	397.25	397.50	399.75	401.75	399.25	398.25	399.25	401.00	401.75	399.50	404.50	410.75	418.00	428.25	425.00	418.75	408.00	403.50	397.50	398.75	415.25	428.25	428.00	417.75	418.75	427.00	431.50	416.25	412.00	407.25	404.25	404.50	400.00	399.00	399.75	401.25	405.50	410.50	416.00	427.50	436.50	458.00	459.50	456.75	454.50	440.75	435.75	435.25	432.25	426.00	425.00	425.00	429.25	437.25	442.50	448.75	467.50	480.50	475.50	460.75	458.00	464.00	463.00	462.50	440.25	404.50	394.50	386.75	383.25	379.25	376.00	372.25	369.25	368.25	366.25	368.25	384.00
344.50	335.50	328.00	318.00	308.00	302.50	296.00	292.00	297.00	298.50	297.50	285.00	272.00	276.00	285.00	299.50	314.00	333.00	343.50	344.00	352.50	353.50	355.50	362.50	371.00	388.50	407.00	412.00	396.50	385.50	377.50	372.00	368.00	365.50	368.50	365.00	364.00	365.50	366.00	367.00	369.00	368.00	375.00	375.50	375.50	367.00	363.00	362.00	368.00	380.00	391.50	411.00	418.00	440.50	471.00	453.00	436.00	425.50	416.00	415.00	408.00	401.00	397.50	397.50	401.00	407.50	430.00	443.00	427.50	420.00	413.00	406.00	399.00	393.00	386.50	379.50	386.50	394.50	400.50	401.00	400.50	398.50	396.50	398.50	402.00	408.50	414.50	428.50	437.50	442.00	436.50	428.00	423.50	420.50	416.00	412.50	426.00	452.50	478.00	480.50	473.00	463.50	475.00	484.50	480.50	471.00	463.00	457.00	460.00	456.00	452.50	448.50	445.00	443.50	434.00	427.50	421.00	421.50	420.50	416.00	410.00	406.50	401.50	391.00	390.00	395.00	396.50	401.00	410.50	433.50	445.50	438.50	442.00	431.50	420.50	419.00	416.50	415.00	415.00	419.00	418.50	422.50	426.50	434.00	434.50	448.50	447.50	446.00	442.50	434.50	428.00	429.00	430.50	433.50	439.50	452.00	449.00	445.50	440.50	437.50	435.50	432.00	429.50	424.00	419.50	415.00	411.50	409.50	407.50	406.50	404.50	404.00	404.50	402.50	401.00	399.50	399.00	397.50	396.50	396.00	396.50	399.50	398.00	396.00	395.50	395.50	397.00	398.00	399.00	405.50	430.00	429.50	419.00	414.50	410.50	403.50	399.50	396.00	398.00	415.00	428.50	422.50	409.50	416.50	432.00	440.00	416.50	416.00	400.00	398.50	400.50	402.50	400.00	401.00	401.50	406.50	416.00	420.50	431.00	446.50	465.00	460.50	455.00	448.00	438.00	436.50	443.00	441.00	430.00	425.00	425.00	431.50	446.00	447.00	456.50	462.00	469.50	487.00	470.00	451.00	450.50	468.50	464.50	439.50	403.50	393.00	386.00	382.00	378.00	373.00	370.50	369.00	368.00	363.50	375.00	385.00
346.00	338.00	326.75	316.25	303.25	299.25	298.75	300.50	302.00	298.00	290.25	274.25	271.50	284.50	297.75	315.25	323.50	328.00	334.25	336.75	345.50	344.00	347.00	351.75	359.00	372.00	395.00	427.50	395.00	379.75	373.50	370.00	368.00	368.00	367.50	366.00	364.00	363.00	362.25	361.25	359.75	364.25	368.75	367.25	367.50	361.75	355.50	354.75	359.75	368.75	379.50	396.25	406.75	419.00	435.25	434.00	424.25	418.75	415.25	409.75	405.25	404.25	400.75	400.25	403.00	410.00	432.50	432.75	424.25	414.00	409.50	404.50	395.25	388.25	382.75	381.25	387.50	392.25	397.00	399.00	399.75	400.50	399.25	398.75	402.00	408.50	409.00	416.50	422.00	425.25	428.00	424.25	422.25	420.50	415.50	410.75	433.00	453.00	467.00	467.75	459.75	452.75	470.50	474.75	471.50	468.00	463.75	459.75	461.25	458.25	454.25	450.50	446.25	440.50	431.00	428.25	427.00	424.50	417.00	409.50	405.25	403.25	398.00	391.00	388.50	392.50	394.50	405.50	422.00	435.50	429.50	427.75	428.25	421.50	414.25	415.25	413.75	412.50	415.50	419.25	420.75	421.75	424.25	427.00	430.25	436.75	440.75	442.25	440.50	439.75	431.75	432.25	434.75	437.50	441.75	448.50	449.25	447.25	445.75	443.00	439.50	434.50	430.75	425.75	421.00	417.00	412.75	410.25	409.00	408.50	407.50	406.50	406.25	405.25	403.25	401.50	399.75	397.50	396.25	395.00	394.50	395.75	395.25	394.75	393.75	395.00	396.75	398.75	402.25	409.75	437.00	435.50	422.50	415.50	406.25	399.75	396.75	394.00	395.25	406.75	410.00	408.75	406.25	416.25	424.00	433.25	412.75	408.25	394.00	399.75	419.25	432.50	407.50	403.75	404.50	413.25	425.25	430.25	447.75	474.00	473.25	462.50	452.25	448.75	447.50	447.00	449.75	447.25	438.25	429.25	430.75	437.25	447.50	445.50	459.75	453.75	464.75	469.75	456.50	448.25	459.25	472.50	452.50	431.50	405.50	394.00	385.00	381.25	377.25	372.75	369.50	367.50	365.50	369.25	375.00	377.25
345.00	339.00	326.00	312.50	305.50	307.00	308.00	308.00	302.50	290.00	278.50	268.50	278.50	295.00	308.50	323.00	322.50	327.50	333.50	333.50	333.50	338.00	338.50	341.50	349.00	365.00	382.50	392.00	387.00	380.50	376.00	373.50	370.50	366.00	364.50	363.50	363.50	366.50	362.50	360.00	355.50	364.00	362.50	360.00	364.00	356.50	349.50	351.50	356.00	363.50	372.50	387.50	396.00	409.50	428.00	425.50	419.00	421.00	413.50	407.00	403.00	406.00	402.50	402.50	405.50	411.50	434.50	428.00	418.00	409.50	404.00	396.00	383.50	376.00	377.50	384.00	389.00	391.50	397.00	399.50	401.50	402.50	401.00	402.50	403.00	404.50	406.00	410.50	415.00	421.50	421.50	422.50	422.50	421.00	415.00	410.00	423.50	440.50	455.50	458.00	446.00	454.00	468.50	464.00	463.00	469.50	468.50	461.00	459.00	455.50	451.50	448.50	442.50	439.50	437.50	435.50	427.50	421.00	414.00	410.00	408.00	405.00	399.50	392.50	386.50	391.50	395.00	408.50	420.00	421.50	417.50	418.00	416.50	408.50	408.00	411.50	413.50	413.00	415.00	419.00	421.50	423.50	425.50	427.50	429.50	434.50	439.50	441.50	447.00	448.50	436.00	437.50	441.50	445.50	443.50	451.00	453.00	452.00	449.00	446.50	442.00	438.50	432.00	425.00	420.50	416.50	414.00	411.50	412.00	412.00	410.50	409.50	408.50	407.00	406.00	404.50	401.50	398.50	396.50	395.50	394.50	393.50	394.00	394.00	394.00	396.00	403.50	408.00	404.50	410.50	431.50	445.50	418.00	414.50	405.50	400.00	394.50	391.00	393.50	399.00	400.50	397.50	397.50	403.50	415.50	426.00	403.00	396.50	397.00	408.50	422.50	434.50	423.50	418.50	420.00	434.50	442.00	443.50	460.50	481.50	469.00	468.50	463.00	464.00	458.50	458.00	441.00	439.00	435.00	431.00	431.50	441.00	455.50	448.50	446.00	445.00	444.00	443.00	442.00	452.00	478.00	474.00	448.50	435.00	410.00	396.50	384.00	379.50	375.00	371.00	367.50	366.50	364.00	366.00	371.50	374.50
341.75	333.50	320.25	314.00	316.50	318.00	315.75	311.25	301.00	284.50	272.50	276.50	287.25	298.50	310.25	313.25	312.00	316.75	320.25	325.75	323.25	326.50	330.75	335.00	347.25	360.25	372.25	380.00	390.00	388.75	384.00	377.50	371.75	366.75	369.00	368.50	366.00	364.75	361.25	355.75	358.25	359.00	355.25	355.75	354.00	347.75	350.50	357.50	363.00	371.00	375.25	384.25	390.25	410.00	427.75	417.00	410.50	409.50	407.75	405.00	409.75	409.25	404.00	404.75	406.00	410.00	414.50	413.25	409.50	401.50	393.25	381.00	377.50	383.50	387.75	389.75	393.00	396.25	408.00	412.25	406.50	405.00	404.00	405.50	406.00	406.50	407.25	411.00	414.75	420.50	423.25	424.25	423.75	420.25	410.75	404.50	420.50	439.00	451.00	438.50	444.25	457.50	456.00	458.25	462.25	466.00	467.50	462.25	459.75	453.75	450.00	447.00	446.50	446.75	445.00	439.25	428.50	423.75	418.50	411.50	406.00	402.50	401.00	390.75	386.50	396.75	407.75	421.25	413.75	412.25	407.25	406.25	406.75	408.75	411.75	413.75	415.00	416.00	417.00	418.50	421.25	425.75	428.50	430.25	433.00	437.25	442.25	448.00	452.50	451.50	444.25	445.50	452.25	452.00	452.25	455.25	454.50	452.00	451.00	446.75	441.75	433.00	428.00	424.00	420.75	418.50	415.25	413.25	415.75	415.25	414.50	413.25	411.75	410.25	407.00	405.00	402.75	400.75	399.50	396.50	395.75	393.00	391.75	392.75	393.75	395.75	401.50	401.50	404.50	410.75	424.00	428.50	411.75	404.50	400.00	395.25	392.25	389.50	393.00	399.25	397.75	393.25	392.75	398.00	404.25	406.25	395.00	393.50	403.50	410.50	423.50	438.25	455.25	460.25	456.50	455.75	462.25	456.00	455.00	460.50	462.00	477.50	478.00	468.50	452.00	448.75	433.00	430.25	427.25	424.75	431.00	444.50	462.50	458.50	448.50	446.75	443.25	438.25	436.75	445.00	454.50	449.50	444.00	436.00	409.00	396.25	384.50	380.25	374.75	369.75	367.75	367.50	365.75	372.50	371.50	371.75
329.25	324.00	327.00	334.75	335.00	328.25	319.50	311.50	294.75	276.50	270.75	274.50	290.25	301.25	307.25	298.25	299.00	306.50	312.00	316.75	321.75	325.75	333.00	344.50	357.50	369.00	379.25	384.25	387.75	386.25	384.75	373.00	368.00	366.00	369.00	368.00	364.75	361.25	356.00	349.25	350.25	349.25	349.00	342.25	341.50	348.25	365.00	373.00	375.50	382.75	377.50	383.75	390.75	398.50	401.50	402.00	402.25	401.25	401.00	399.00	404.25	401.50	403.75	405.00	406.25	407.75	410.25	402.50	397.25	380.50	373.75	383.25	392.00	394.25	394.25	395.50	399.75	407.25	414.75	408.50	408.00	407.25	412.00	410.75	413.00	414.00	411.00	416.00	423.50	433.00	430.75	428.50	421.75	415.50	406.75	409.25	429.25	436.75	426.25	416.75	425.50	433.50	453.00	464.25	464.50	462.25	465.75	465.75	460.25	455.75	453.50	454.25	452.00	451.50	446.75	441.25	433.00	427.75	420.50	414.00	407.00	400.75	393.00	392.00	397.00	414.75	417.75	412.00	403.50	401.50	404.25	406.50	408.50	410.25	414.75	415.50	417.00	418.75	420.25	422.00	424.75	430.50	433.50	437.50	440.00	442.00	443.50	446.75	450.75	453.75	455.75	458.75	463.25	462.00	463.25	458.50	453.75	454.00	452.25	445.50	438.50	431.25	428.75	427.50	425.75	420.00	419.25	417.75	419.50	418.25	416.25	414.00	414.00	412.25	409.25	406.00	404.00	401.50	398.75	397.25	396.25	393.75	391.25	393.00	393.50	396.50	401.25	404.50	413.25	416.75	423.25	432.25	413.75	401.75	396.00	390.50	389.00	388.25	393.75	395.00	394.50	390.00	388.25	389.25	391.25	392.00	396.50	401.75	414.25	419.50	429.50	452.25	461.75	450.50	444.50	445.25	452.50	455.25	447.75	443.25	451.00	457.50	455.25	446.00	434.25	433.00	429.00	423.00	420.75	422.00	431.75	433.00	435.75	459.50	462.75	473.75	456.75	448.50	436.00	427.00	425.50	430.25	431.25	419.00	407.25	397.25	389.00	381.75	373.00	368.00	365.50	364.25	362.75	359.25	361.50	362.25
330.50	328.00	337.25	336.75	329.50	324.25	314.25	303.25	283.75	269.00	267.75	277.75	289.00	295.00	297.25	296.50	301.50	310.25	315.00	319.25	324.50	328.75	338.50	349.00	359.50	370.00	383.00	382.00	380.75	378.50	374.75	371.00	370.50	372.50	371.00	365.25	361.00	357.75	353.00	344.50	343.25	345.75	339.75	337.50	340.75	353.50	367.00	369.00	367.75	374.00	376.00	388.75	393.00	397.00	399.75	399.25	398.75	396.00	392.00	391.25	393.50	397.50	401.00	401.75	401.25	402.00	402.50	390.25	380.50	374.00	378.50	388.75	394.00	396.50	399.50	406.50	419.50	421.25	417.50	412.25	411.75	409.75	419.75	420.75	417.25	414.50	414.50	424.75	432.50	436.75	431.25	425.00	415.75	410.00	403.00	413.25	426.50	419.50	412.75	414.50	420.25	427.75	457.50	475.75	471.25	469.50	476.25	477.00	466.50	459.75	456.75	457.25	453.00	450.25	445.25	441.25	433.25	429.50	422.25	411.50	399.75	391.00	385.75	395.75	393.25	401.50	400.00	399.25	401.00	401.75	405.75	407.00	409.25	410.50	415.75	417.25	419.75	422.00	424.75	425.25	428.50	433.75	436.50	441.50	443.50	447.25	447.25	449.50	453.00	456.75	464.00	472.00	477.50	473.75	472.75	465.00	457.75	455.25	452.75	449.75	439.00	426.00	427.00	431.00	430.75	424.00	423.00	421.00	422.25	421.25	418.50	415.00	414.50	412.00	410.00	406.00	404.50	401.00	398.50	396.75	395.50	393.25	390.75	394.50	396.75	403.00	407.50	409.75	416.25	423.00	439.00	454.00	421.75	406.75	397.00	389.50	387.50	389.00	396.00	391.25	389.75	387.75	390.00	391.25	393.25	396.75	405.50	414.75	425.50	432.50	443.50	457.25	451.75	441.75	437.50	439.00	453.00	448.00	438.25	436.50	443.50	443.00	440.75	433.00	424.25	426.00	421.00	415.25	417.75	419.75	427.00	424.00	422.50	442.00	465.00	472.25	466.00	450.50	432.75	421.50	412.75	416.25	417.75	406.50	402.50	395.00	388.00	382.25	378.75	370.75	365.25	362.25	361.00	361.00	364.50	362.50
331.25	329.50	334.25	324.75	317.50	317.00	303.00	290.00	274.00	264.75	266.00	275.75	280.25	287.00	289.50	297.00	305.25	311.50	315.25	319.75	325.75	331.50	341.25	349.00	357.25	369.00	378.25	376.25	376.00	372.75	369.50	373.50	377.50	380.25	373.00	362.50	357.75	355.25	350.00	340.00	339.00	340.00	333.00	336.50	340.25	352.50	357.50	358.00	360.25	368.75	376.25	395.50	398.00	402.00	400.00	397.25	396.00	391.00	384.25	383.25	387.75	393.50	395.00	394.00	391.75	393.50	388.75	374.75	368.00	375.00	381.75	388.50	394.75	398.25	407.75	417.75	450.00	447.50	426.00	418.00	415.25	412.00	422.00	424.25	419.25	415.00	418.25	436.75	439.25	435.00	426.75	419.50	409.50	404.50	401.50	413.75	408.25	401.00	408.50	416.75	423.50	430.50	452.25	475.25	472.00	476.00	485.75	488.50	471.00	463.50	458.25	457.00	452.75	447.50	442.25	440.50	435.75	433.25	422.00	407.25	395.00	383.75	384.25	396.00	388.50	391.00	392.50	395.75	401.25	404.75	407.25	409.00	411.25	411.75	417.00	421.50	424.00	427.00	430.00	429.25	432.00	438.25	441.25	447.50	449.25	452.50	453.00	454.75	456.75	459.50	470.00	479.25	485.50	483.25	476.25	468.50	460.50	454.50	451.75	458.00	439.25	422.25	427.75	435.25	435.00	430.00	428.25	425.75	425.50	424.25	419.75	417.50	414.50	411.50	410.25	407.25	404.50	400.00	398.00	396.00	394.00	392.00	390.75	397.00	401.25	412.75	418.75	418.50	423.00	433.50	454.50	472.75	426.50	410.75	398.25	389.50	386.50	388.00	392.00	385.25	384.50	390.50	398.50	398.75	397.50	402.50	416.50	431.50	437.50	447.75	461.25	457.50	443.25	432.75	429.25	436.25	454.75	441.00	427.75	431.25	438.25	428.50	427.50	422.75	414.75	417.00	411.25	408.25	416.75	415.50	424.25	423.75	415.00	431.50	465.25	466.50	467.50	445.50	426.00	413.00	402.50	404.25	402.75	395.50	398.25	394.00	390.50	390.25	387.00	372.75	363.50	360.00	359.25	360.25	366.00	363.75
324.00	321.25	317.50	311.50	302.25	295.00	281.00	271.25	270.00	270.25	270.50	271.25	270.25	278.50	283.75	289.75	296.75	304.25	312.00	319.25	326.50	332.00	343.00	350.50	357.50	364.75	367.50	367.50	367.75	368.25	376.25	396.75	403.25	388.50	369.75	355.00	350.75	348.00	344.25	339.25	332.25	329.25	332.75	333.50	336.00	342.00	347.25	353.50	360.50	380.75	384.25	401.25	401.75	396.75	391.50	391.00	388.50	379.50	369.50	367.25	382.75	384.75	379.00	376.00	377.25	373.25	363.75	368.75	378.50	383.00	381.75	386.75	393.50	405.75	425.00	426.25	446.50	453.25	432.25	424.50	420.50	414.50	415.50	413.75	415.00	416.50	424.25	436.00	428.50	425.00	421.50	416.00	404.00	399.75	395.00	396.00	392.00	399.25	412.00	420.00	429.25	440.00	459.25	479.25	483.00	488.25	495.75	486.50	474.75	468.25	465.25	464.50	458.75	452.50	445.75	441.50	431.50	425.75	415.25	401.50	389.75	384.50	397.50	403.50	392.75	391.25	392.25	396.25	403.50	411.00	414.50	418.25	421.25	424.00	427.50	431.25	433.25	436.00	436.00	435.00	438.75	449.25	457.00	461.75	461.50	461.00	465.00	465.75	465.50	466.00	479.25	484.25	490.75	491.50	480.25	462.75	452.00	441.25	437.00	436.00	426.75	425.00	424.50	430.00	435.00	434.75	431.25	429.75	424.50	424.50	421.25	418.25	413.75	411.50	409.00	406.50	402.75	399.25	398.25	394.75	393.00	391.00	396.25	405.75	411.50	427.75	443.25	437.75	425.00	430.50	443.00	450.75	420.50	407.00	396.75	389.00	386.00	385.00	384.50	382.25	390.75	413.75	420.50	410.75	407.50	415.00	428.50	443.50	453.25	461.25	459.25	446.75	434.75	425.25	423.25	427.00	430.25	422.25	417.50	423.00	427.00	421.25	416.50	414.50	407.50	405.50	403.25	407.25	410.75	407.75	410.75	410.00	406.50	421.75	444.75	448.25	431.75	420.25	411.75	402.00	395.50	395.50	395.50	397.50	399.75	400.75	389.00	385.00	374.50	365.00	358.25	356.25	357.25	354.25	355.00	355.50
325.50	324.00	319.00	311.00	300.50	290.00	276.00	265.00	272.50	278.00	274.00	277.00	272.00	273.50	280.50	289.50	300.00	309.50	317.00	325.00	331.00	335.00	343.50	349.00	356.50	363.00	363.50	361.50	360.00	368.00	383.00	422.00	431.50	385.00	362.50	347.00	341.50	338.50	337.00	332.00	327.00	327.50	330.50	337.50	338.50	349.00	352.50	359.00	365.00	386.50	392.50	395.50	389.00	386.50	386.00	385.00	379.50	366.00	357.00	359.00	380.50	366.00	356.50	363.00	367.00	359.50	366.50	392.50	408.00	390.50	389.50	392.50	399.50	406.00	411.50	418.50	428.50	435.50	437.50	430.50	420.50	414.00	415.50	409.00	409.00	416.50	428.50	426.50	432.00	436.00	429.50	417.00	402.00	400.50	400.50	400.50	387.00	397.50	411.00	420.50	434.50	454.50	489.00	505.00	501.50	512.50	508.00	493.00	480.00	485.00	493.00	492.50	483.00	469.00	454.00	440.00	424.00	416.50	402.50	399.00	391.00	414.50	424.00	402.00	406.50	403.50	402.50	402.50	408.00	416.50	424.50	426.50	429.50	432.00	435.00	438.00	440.50	441.50	442.50	442.00	451.00	457.50	463.00	467.50	470.50	470.50	482.50	486.50	485.00	481.00	482.50	485.00	488.00	487.50	477.00	455.00	439.50	430.00	427.00	423.50	422.00	424.00	423.00	426.50	431.50	432.50	432.50	430.50	423.50	425.00	421.00	417.50	413.50	411.50	408.50	405.00	402.00	399.50	398.00	396.00	394.50	398.00	401.50	404.00	412.50	429.50	436.50	438.00	424.00	419.00	424.00	425.50	411.50	401.00	394.00	388.50	385.50	384.50	383.00	388.50	399.50	426.50	425.00	412.50	414.00	421.00	432.50	435.00	442.50	448.50	439.50	437.50	431.00	421.50	416.50	417.50	420.50	417.50	413.00	418.00	426.00	417.50	412.00	411.00	409.00	405.50	402.50	404.50	405.00	405.00	403.00	398.50	400.50	410.50	417.00	418.00	417.50	411.50	403.50	397.00	394.50	392.00	393.00	393.50	398.50	396.50	377.50	374.00	369.50	363.00	357.00	354.00	354.50	355.50	352.50	351.00
341.50	335.75	320.25	304.75	291.25	281.75	269.50	263.50	270.75	272.50	275.00	280.75	276.00	274.00	275.00	288.75	300.75	309.50	319.25	327.75	333.50	337.50	345.75	352.00	357.75	360.75	359.25	355.75	359.25	369.50	382.25	413.25	426.75	381.25	360.00	342.25	335.00	331.25	328.00	328.50	324.50	326.25	329.75	332.75	339.75	351.50	353.75	362.25	370.25	385.75	385.50	385.25	381.50	382.00	382.25	380.50	371.25	356.00	356.00	356.00	361.00	361.50	356.00	356.00	358.50	363.50	380.75	472.50	457.25	407.75	404.50	406.00	409.75	412.00	413.50	416.25	428.00	443.00	450.50	431.00	415.75	407.50	404.75	402.50	406.50	413.25	415.25	425.75	452.75	452.25	428.50	413.25	404.75	404.75	401.50	393.75	390.25	402.25	413.50	425.50	448.75	481.75	511.00	534.50	498.50	499.75	496.25	499.50	500.25	491.25	487.00	488.25	468.00	469.25	462.25	436.75	415.00	415.75	412.25	414.75	401.50	392.75	391.00	394.00	400.25	410.75	416.75	416.75	417.50	423.50	430.25	433.00	436.75	439.00	441.50	445.00	447.00	446.75	446.00	449.75	462.50	464.50	467.75	477.00	485.50	496.00	507.75	507.50	499.25	489.75	481.50	481.75	485.75	486.50	470.75	446.50	437.75	430.25	428.50	423.50	421.50	422.00	422.50	423.50	426.50	431.25	431.75	429.50	428.75	429.75	425.00	419.00	412.50	409.25	406.50	403.50	400.00	396.50	395.25	394.00	392.25	400.00	402.25	402.75	410.50	423.25	445.25	449.50	432.25	418.50	412.75	411.00	402.75	394.25	392.50	388.75	382.75	380.50	382.00	398.50	401.50	410.00	414.00	415.25	416.00	418.75	425.75	423.50	425.75	427.75	427.25	430.50	429.50	420.00	413.25	411.25	411.50	411.00	415.25	424.75	429.25	422.25	415.25	417.50	418.50	411.75	404.50	401.25	400.50	401.75	400.75	397.25	397.50	404.50	405.75	403.75	408.00	410.25	404.00	402.50	397.25	391.50	391.50	392.50	396.50	386.25	372.25	371.00	369.00	363.75	355.50	352.00	351.50	353.50	350.75	348.50
335.75	327.25	311.00	300.25	290.00	273.75	264.50	268.25	270.00	275.25	280.75	285.25	280.50	284.50	280.00	280.75	291.50	302.50	316.00	326.75	336.00	341.75	353.00	357.50	358.75	356.50	351.75	349.25	356.75	365.00	372.50	388.50	398.50	381.50	361.25	341.25	329.75	323.50	321.50	323.50	325.50	326.00	328.50	335.75	345.00	346.00	353.25	370.50	388.75	386.50	388.00	384.75	386.25	385.50	376.00	374.00	358.75	356.00	356.00	356.00	356.00	356.00	356.00	356.00	356.25	366.00	385.00	417.75	442.25	436.50	434.50	421.75	417.00	416.00	416.00	418.25	435.25	431.50	420.75	413.50	403.00	398.50	395.25	396.25	401.25	407.00	407.50	415.50	435.50	430.50	415.50	410.00	405.50	400.75	388.50	382.25	395.25	404.75	417.25	432.25	467.50	482.00	502.50	534.50	489.50	462.50	479.25	508.25	498.00	475.00	456.25	452.75	448.50	454.75	433.50	421.25	421.50	429.75	429.00	419.25	406.25	392.00	377.25	381.75	394.25	411.75	425.50	423.25	424.75	433.25	439.00	442.50	446.25	446.00	448.50	450.75	454.50	455.50	456.00	459.00	467.75	474.50	482.25	502.25	518.25	520.50	518.50	506.75	496.00	488.25	480.75	486.50	486.25	480.75	463.00	449.75	439.75	438.50	436.00	429.00	427.00	423.25	419.00	418.75	421.50	424.00	428.00	431.75	436.75	434.75	427.25	418.00	411.00	408.25	405.50	402.50	398.25	394.75	393.25	391.50	390.75	398.75	398.25	405.75	420.75	435.75	432.50	429.50	418.25	410.25	402.75	399.00	400.00	392.50	385.75	383.75	380.50	379.75	384.00	392.00	398.00	410.25	424.25	428.50	427.25	426.00	420.00	416.25	415.00	416.25	418.50	425.75	420.50	411.50	407.75	406.00	406.50	408.75	415.00	425.75	427.50	425.00	420.50	414.25	416.75	415.00	410.75	402.75	399.00	399.00	398.50	396.50	393.50	394.75	397.25	395.75	398.25	406.00	404.00	405.25	399.25	393.25	390.75	387.50	389.75	379.50	369.75	368.00	365.50	361.00	354.75	351.50	350.75	349.50	347.75	349.00
328.00	320.25	308.50	299.75	284.25	268.00	265.75	269.00	272.25	278.50	284.25	287.25	284.00	289.50	284.50	279.75	289.00	302.25	315.50	328.50	340.00	347.00	356.00	358.50	357.25	353.25	348.00	346.25	352.75	360.00	365.75	376.75	380.75	369.75	353.00	334.00	323.50	322.00	327.00	330.00	329.75	328.75	332.50	343.50	345.75	344.50	351.25	362.50	381.75	389.00	393.75	391.00	392.25	383.00	374.00	370.50	358.25	356.00	356.00	356.00	356.00	356.00	356.00	356.00	356.00	362.00	380.00	400.00	414.75	429.50	433.50	421.00	416.00	415.25	415.50	418.50	427.50	421.50	409.50	404.00	397.75	395.00	391.50	395.75	401.25	406.50	403.25	405.75	414.50	414.00	409.50	408.25	403.25	395.00	382.00	385.00	395.25	404.50	422.00	439.50	456.00	456.50	476.75	500.50	470.75	464.50	500.75	501.25	487.75	467.75	455.25	450.50	447.25	444.00	430.50	425.50	434.75	437.75	430.25	414.25	404.00	392.75	375.25	381.00	389.25	412.75	428.25	430.00	430.00	439.75	446.00	449.25	451.75	450.25	449.75	452.00	456.50	459.75	461.75	464.25	474.00	483.75	490.75	516.00	529.25	522.00	516.25	504.25	494.25	486.25	478.50	485.00	480.75	477.50	472.25	459.75	449.25	444.50	442.25	432.25	429.00	424.75	419.50	416.50	417.75	421.75	428.00	434.00	439.25	437.00	427.50	417.75	410.25	407.25	404.75	401.75	398.00	395.00	393.50	391.75	392.25	402.00	400.75	407.00	420.00	426.75	425.75	424.00	411.25	408.50	403.75	397.75	395.25	389.50	382.00	380.75	378.75	381.00	384.75	391.75	397.00	407.25	419.25	426.75	425.50	422.50	414.50	413.75	411.50	414.75	416.25	420.25	417.25	410.25	407.00	404.00	404.75	407.25	412.75	426.50	429.00	424.75	420.50	411.75	410.25	409.75	409.00	404.25	400.00	399.00	398.25	395.50	392.75	393.50	395.75	393.75	395.75	401.75	398.75	405.25	403.50	394.50	390.00	386.25	388.75	379.75	369.50	366.50	363.50	361.25	356.25	352.75	352.00	348.25	347.00	347.75
323.00	315.25	305.00	289.50	267.75	264.00	268.25	271.25	277.75	285.25	289.50	288.75	287.25	297.25	295.50	284.50	298.75	314.25	327.50	345.25	362.50	358.25	358.75	357.25	352.25	344.75	341.50	345.00	349.75	353.25	353.00	355.75	355.50	344.00	330.00	319.25	319.50	333.00	348.50	349.00	342.25	338.75	341.75	340.75	338.25	340.50	343.00	347.25	360.50	376.75	391.50	385.50	383.50	367.50	365.25	358.75	356.50	356.00	356.00	356.00	356.00	356.00	356.00	356.00	356.00	356.50	369.50	381.00	390.00	401.75	407.50	410.75	412.50	415.50	414.75	414.00	415.00	410.50	399.50	394.25	391.00	389.00	389.50	397.25	398.50	398.50	393.50	391.50	393.25	397.75	403.50	401.75	392.50	383.50	381.75	386.50	392.75	399.50	416.50	422.75	432.50	447.00	462.00	449.50	453.00	534.25	524.00	513.00	483.75	472.25	457.00	450.25	444.75	438.00	437.25	442.00	443.50	439.75	426.25	415.25	411.25	394.50	377.75	403.00	403.25	411.50	425.25	442.50	451.25	464.25	466.50	466.75	462.75	458.50	454.75	455.50	461.25	467.50	472.25	474.00	481.25	489.25	501.00	527.75	535.00	516.75	509.25	500.50	491.00	484.00	476.75	476.50	486.00	502.00	516.00	528.25	492.75	502.50	483.50	457.25	433.75	426.25	422.75	417.75	413.75	420.50	429.25	434.50	436.25	433.50	423.75	414.00	408.75	405.50	403.00	399.75	396.75	394.75	392.25	390.75	391.25	393.00	392.25	396.00	404.50	418.25	427.75	421.25	405.50	407.25	396.25	390.50	386.00	383.00	379.50	376.75	377.25	382.50	388.00	394.25	400.75	405.25	411.00	418.25	418.50	413.75	412.50	411.00	408.25	411.00	411.50	417.50	425.50	418.50	412.50	404.00	401.25	403.75	405.50	414.25	416.00	415.00	421.25	410.50	408.00	410.75	423.25	422.00	410.00	403.50	400.50	395.75	392.25	389.50	389.00	387.25	385.50	388.25	391.00	399.00	399.25	388.75	384.75	383.50	398.50	381.25	370.00	365.50	361.50	359.00	356.25	354.25	352.25	348.25	345.75	348.25
324.00	315.00	296.00	276.75	265.25	266.75	269.75	274.75	283.25	291.00	294.25	290.50	291.75	320.25	307.25	291.25	307.75	330.00	349.25	363.75	364.00	360.25	358.25	354.00	347.00	340.25	341.50	346.75	349.25	347.25	343.25	342.50	338.50	325.75	320.25	317.75	323.75	338.75	352.50	349.00	344.75	340.25	336.25	335.50	337.00	340.25	344.75	349.25	357.50	365.75	375.25	373.50	368.25	366.50	359.00	356.00	356.00	356.00	356.00	356.00	356.00	356.00	356.00	356.00	356.00	356.00	368.75	380.75	390.00	399.75	404.75	409.00	411.75	413.25	411.25	407.75	408.75	404.25	395.00	390.00	387.00	385.50	388.25	393.50	394.75	394.50	390.25	387.25	389.75	395.50	399.00	396.25	386.50	378.25	380.75	385.00	393.50	400.00	409.75	416.75	435.50	444.75	448.50	444.50	477.25	554.25	532.75	500.75	476.00	465.75	457.25	453.50	450.75	444.25	437.75	438.50	437.00	431.50	421.50	413.00	406.00	389.50	373.75	407.50	415.00	420.75	429.50	441.00	456.00	469.50	468.75	474.00	473.25	470.75	465.75	464.25	474.25	480.25	488.00	489.25	489.75	491.75	502.00	519.00	520.75	508.50	502.00	497.00	492.75	485.00	477.50	481.75	492.75	507.50	517.50	518.50	501.75	506.00	503.50	478.75	441.00	445.00	428.50	419.50	412.50	418.50	421.25	422.75	426.75	427.25	420.25	411.25	406.50	403.75	401.25	398.25	395.25	393.75	392.75	391.50	390.75	388.25	391.25	396.75	406.25	416.00	418.50	411.50	398.75	398.50	390.00	386.50	382.50	380.25	377.50	377.50	381.25	387.25	391.50	399.75	411.50	410.75	416.00	428.50	422.75	417.25	411.75	409.00	405.25	405.25	406.75	414.75	420.00	415.25	410.50	403.50	400.25	400.25	401.25	405.25	407.75	409.25	411.75	407.75	408.75	413.75	419.00	419.25	414.75	409.50	407.00	401.25	396.75	389.25	388.50	387.50	383.25	382.75	386.50	392.25	394.25	389.00	383.00	381.25	395.25	382.75	371.00	366.50	362.00	357.25	353.00	351.75	350.75	347.75	345.50	350.00
327.25	309.75	282.50	267.75	264.75	268.25	272.50	279.75	289.25	296.75	299.25	293.75	301.25	332.50	312.50	297.00	317.25	344.50	373.50	369.75	360.25	360.25	356.50	350.50	342.75	336.25	344.00	348.50	347.50	338.50	331.50	328.50	322.00	312.50	315.25	318.75	326.25	340.25	345.00	340.00	336.25	335.25	334.75	337.00	339.50	343.50	348.25	351.75	356.00	357.25	360.25	367.25	363.50	381.00	378.00	364.75	358.25	357.75	356.25	356.00	356.00	356.00	356.00	356.00	356.00	357.25	370.00	384.75	394.00	404.00	407.50	410.50	410.50	407.50	406.50	401.50	402.25	401.25	392.50	388.00	385.00	383.00	387.00	390.00	391.25	391.50	388.75	385.00	389.50	393.50	393.25	390.75	382.50	374.50	380.50	385.75	400.00	407.50	414.50	413.25	430.00	429.75	430.75	457.25	524.00	560.25	534.75	492.00	473.25	464.50	463.25	461.75	461.25	447.25	429.50	426.50	422.50	416.75	409.75	400.50	392.00	383.25	374.25	402.50	415.50	436.00	439.75	439.50	451.75	462.25	467.75	476.25	483.00	484.00	477.75	475.25	488.75	498.75	509.50	503.75	496.25	493.50	499.75	506.00	506.75	500.50	498.00	496.50	494.00	485.75	479.00	487.75	497.25	498.75	506.75	515.75	515.25	502.75	505.75	467.50	446.50	453.50	437.75	422.75	413.75	417.25	412.75	412.25	416.00	420.50	419.00	409.50	406.00	403.00	400.25	397.50	395.25	395.00	394.75	393.50	392.00	388.25	393.25	399.50	408.50	410.50	406.00	399.75	391.50	392.00	386.50	384.00	380.25	378.00	376.25	381.75	391.50	395.50	396.25	406.25	421.75	417.50	421.25	435.25	427.00	419.50	410.75	408.50	400.75	399.75	401.50	407.25	408.00	408.75	406.00	402.25	399.50	397.00	398.25	399.75	404.50	406.75	403.00	404.50	408.00	411.50	414.50	421.00	423.75	421.75	413.50	403.75	399.00	389.25	385.75	386.25	383.00	379.75	381.25	389.00	393.25	388.50	380.50	377.75	386.50	385.00	371.25	366.00	360.75	355.00	349.25	348.25	348.75	346.25	345.50	352.00
291.75	291.00	267.00	263.75	271.25	275.75	282.00	289.75	298.75	306.75	309.50	299.75	308.25	313.50	295.25	293.50	315.00	347.75	368.50	354.25	356.50	357.75	354.25	349.25	337.75	331.25	341.75	343.25	336.75	320.00	315.00	311.25	309.75	311.25	313.25	316.25	324.75	334.25	329.00	325.00	333.25	336.50	340.25	342.75	345.25	348.75	353.50	357.00	356.75	361.50	367.00	377.75	380.25	394.50	422.50	503.00	480.75	422.25	369.25	361.75	356.00	356.00	356.00	356.00	356.00	356.00	369.25	387.25	400.75	417.75	420.75	419.25	411.50	402.75	397.25	396.75	408.25	407.50	398.25	390.00	384.00	381.75	381.25	381.75	384.50	388.00	386.50	381.75	388.00	386.00	384.50	383.50	376.75	374.00	381.75	389.50	409.25	409.50	406.00	402.25	410.50	419.25	434.50	485.00	539.50	518.50	490.00	480.25	474.00	483.50	499.00	494.25	476.00	438.00	418.25	414.50	408.75	403.50	398.00	392.50	389.00	376.75	372.00	394.75	421.50	437.00	424.50	427.25	439.00	451.25	463.00	469.00	478.50	491.00	495.00	496.75	504.00	523.50	522.50	510.75	506.75	499.00	497.50	494.00	492.50	495.50	501.25	493.25	488.50	487.75	480.00	485.25	490.75	494.00	510.75	538.25	560.75	530.00	481.50	483.75	470.75	436.25	442.00	424.25	417.00	414.25	412.00	407.00	411.75	418.75	420.75	410.25	404.00	401.50	398.50	398.50	400.00	398.00	396.75	394.00	391.75	389.00	396.50	400.50	405.25	403.25	396.75	389.75	383.75	386.25	381.00	381.25	377.50	375.25	379.00	387.00	396.75	402.75	396.75	399.75	406.00	416.25	417.25	417.25	411.75	407.00	407.25	407.25	397.50	394.25	395.50	398.25	400.25	404.25	401.50	405.50	398.75	394.25	395.25	397.25	402.25	405.75	404.50	403.00	405.00	407.75	420.50	429.75	424.50	424.50	410.25	399.75	394.75	387.75	383.00	381.00	381.25	377.50	374.25	381.50	388.00	381.00	373.50	369.00	369.00	366.75	364.00	362.00	355.00	350.25	347.00	346.00	345.75	344.00	346.00	355.50
264.50	259.00	264.00	272.00	280.00	284.50	291.00	298.00	312.00	323.00	321.50	310.00	311.00	302.00	289.00	294.50	314.00	350.50	353.00	346.50	357.00	355.00	350.50	345.50	332.00	332.50	336.00	330.00	316.50	307.00	308.50	310.50	312.00	313.00	313.50	316.00	319.50	321.50	322.00	327.00	335.00	339.50	344.00	344.50	348.00	355.00	358.00	362.00	360.00	367.00	383.50	416.00	401.50	418.00	496.00	629.00	655.00	599.00	475.50	404.50	356.00	356.00	356.00	356.00	356.00	356.50	371.00	388.50	402.50	434.50	435.00	419.50	405.00	397.00	393.00	393.50	418.50	406.50	397.00	391.50	386.50	383.50	379.50	381.50	385.00	384.00	385.00	381.00	377.50	380.00	379.50	380.00	371.50	374.50	382.50	387.00	391.50	391.50	398.00	404.00	411.50	420.50	442.50	497.50	506.00	472.50	467.50	470.50	486.50	509.00	515.50	511.50	481.00	444.00	424.50	417.00	410.00	410.50	408.50	405.50	390.00	369.00	380.50	421.50	447.00	434.50	422.50	431.00	439.50	455.50	459.50	464.50	478.50	501.50	507.50	510.00	514.50	520.00	513.00	500.00	503.00	489.00	484.00	480.00	480.00	488.50	496.50	490.00	486.50	485.00	480.50	480.00	496.50	518.50	520.50	556.50	537.00	507.00	513.50	514.50	478.00	431.00	423.50	421.50	417.00	406.00	405.00	404.50	407.00	416.50	420.00	410.50	403.50	401.00	397.50	398.50	401.00	398.50	397.00	394.50	391.50	391.00	392.00	394.50	401.00	398.50	391.00	385.50	379.50	378.00	374.50	375.00	378.00	384.00	386.50	403.50	407.50	408.50	405.50	406.00	407.00	413.00	414.50	412.50	405.00	402.50	405.00	403.00	398.00	393.00	394.00	395.50	397.00	397.00	398.50	402.50	396.00	393.50	393.50	398.00	410.50	414.00	407.50	401.00	404.00	412.00	422.00	422.50	419.50	418.00	407.00	397.00	395.50	389.00	382.50	379.00	380.00	377.50	372.00	375.00	378.50	378.50	368.50	363.00	365.00	362.00	358.50	354.00	351.50	348.50	347.00	346.00	345.00	344.50	346.50	352.00
260.75	261.50	266.25	276.50	287.00	293.00	299.25	306.00	319.75	326.00	320.50	316.00	314.00	301.75	293.00	292.25	314.00	332.25	333.50	337.25	344.25	342.00	338.50	332.75	327.50	328.00	320.00	309.50	307.75	312.00	315.00	315.50	314.50	316.00	315.50	315.75	317.50	319.75	325.00	330.25	337.75	343.00	348.50	350.00	358.25	367.00	363.00	365.75	364.25	373.75	395.75	407.25	409.75	428.25	506.25	565.50	584.75	629.25	592.25	414.00	383.25	429.50	365.50	356.00	356.25	360.50	380.00	396.00	406.00	422.75	423.50	411.75	399.75	393.25	389.75	388.75	398.50	406.75	403.00	396.50	386.50	377.75	374.50	378.25	384.00	388.00	384.75	376.25	375.25	377.50	377.25	374.75	372.00	374.50	379.25	381.75	385.00	390.25	396.50	402.25	412.00	448.25	491.50	488.50	472.50	457.50	461.50	477.00	500.50	512.50	502.75	493.00	479.00	466.75	448.50	417.00	403.50	405.50	400.75	394.25	382.25	369.00	400.25	440.25	432.25	416.25	436.00	444.50	447.00	465.75	469.25	470.25	485.25	495.00	508.50	509.00	503.75	501.75	497.50	493.75	490.00	473.25	469.75	466.50	471.50	485.00	492.00	490.75	486.00	477.25	480.75	489.25	496.00	522.00	531.50	536.25	526.75	527.75	533.00	509.75	468.25	436.75	434.50	424.00	413.50	408.75	404.50	405.00	406.50	411.25	410.50	405.50	401.00	402.25	404.50	403.75	400.50	398.00	395.75	392.25	389.75	381.00	384.00	388.25	396.50	392.75	383.75	379.75	375.25	373.50	374.75	377.75	383.75	386.00	391.00	403.50	407.50	403.75	403.75	409.75	416.50	411.50	408.75	405.50	401.00	400.75	400.50	399.00	393.25	392.00	391.75	392.50	392.75	391.50	392.25	397.00	396.00	393.50	393.00	398.00	408.25	410.00	405.50	399.50	402.00	407.75	413.50	415.00	410.00	409.75	406.25	400.75	397.25	391.00	383.25	378.00	376.75	376.50	372.75	369.25	366.75	370.75	367.75	364.25	367.25	365.50	360.50	357.00	354.00	350.00	347.00	345.50	344.00	345.50	348.50	359.75
262.50	264.25	268.50	281.75	292.00	298.00	304.50	310.00	318.00	320.25	318.50	316.75	313.25	300.25	293.75	290.75	309.75	316.50	325.25	330.50	335.75	333.50	327.50	322.75	323.75	319.25	309.00	304.75	309.75	313.50	317.00	318.25	316.75	318.75	318.25	317.50	319.50	322.00	329.75	336.00	341.00	345.75	352.50	354.25	365.50	369.50	365.50	368.00	368.00	377.25	393.00	408.75	418.00	437.50	491.75	524.25	545.75	565.50	527.75	411.00	396.25	449.25	376.25	356.00	358.50	366.00	384.25	400.50	413.75	426.75	424.00	412.00	399.25	393.00	389.00	387.00	392.50	409.75	402.50	394.50	382.75	373.75	372.00	376.25	385.50	386.50	381.25	374.50	373.50	374.50	373.75	371.00	372.00	374.00	378.50	381.00	384.25	389.00	395.50	404.00	422.75	447.25	487.00	458.75	455.25	462.25	475.25	497.25	508.50	508.25	496.25	486.75	489.00	483.75	456.50	413.25	397.50	394.50	387.25	382.75	374.00	369.25	413.25	426.00	412.00	418.25	434.00	445.00	460.50	478.50	476.25	476.00	489.50	494.50	503.75	502.50	499.25	494.50	490.25	483.25	474.00	469.50	465.00	460.75	469.75	491.75	496.75	490.25	480.50	469.75	482.25	488.75	485.75	506.50	527.25	526.25	520.75	523.75	536.25	505.50	468.00	455.75	441.25	431.50	412.75	410.50	404.50	404.25	407.25	408.00	399.00	395.00	392.75	399.75	406.75	406.50	401.50	397.00	395.25	392.25	390.75	381.75	380.50	385.00	393.50	387.50	380.50	376.50	373.00	372.50	376.75	378.00	382.75	386.00	390.50	399.00	402.25	402.00	402.50	408.75	412.75	408.25	409.00	405.50	399.50	399.25	398.25	397.00	392.50	391.75	391.75	391.00	390.25	389.50	389.75	393.75	394.75	393.25	392.75	397.25	406.00	406.00	403.75	397.50	399.50	401.50	408.75	409.25	406.25	410.75	410.25	405.50	401.25	396.50	388.25	381.25	377.00	375.25	371.50	368.25	363.25	364.50	365.50	363.50	371.25	368.50	360.75	355.75	352.50	349.50	346.50	345.50	343.50	348.50	353.50	363.25
276.50	280.00	285.00	294.50	302.25	307.25	315.00	320.50	327.25	330.25	328.50	321.75	312.00	301.50	298.25	294.75	293.50	296.75	310.00	305.25	316.50	311.00	304.00	304.50	310.00	305.50	308.25	309.75	312.00	315.75	319.00	321.25	321.00	323.75	320.75	321.50	323.50	341.00	365.25	362.00	357.50	356.50	361.75	366.25	369.00	372.50	372.50	371.75	374.75	382.00	391.75	408.25	422.00	442.75	466.25	487.00	510.25	478.75	436.25	422.25	416.00	406.50	390.25	373.25	372.75	380.00	393.00	410.75	431.75	450.00	431.75	411.75	397.50	392.75	388.50	386.25	386.75	396.50	389.00	381.25	372.25	366.75	373.25	380.50	383.25	380.25	377.25	375.00	372.75	369.75	365.75	369.00	368.75	372.00	377.00	380.00	386.50	390.50	398.00	408.00	421.00	422.50	434.50	448.25	461.50	486.50	491.75	503.50	499.25	499.75	484.00	473.25	489.25	471.25	432.25	417.75	406.75	401.50	394.75	376.50	367.75	389.00	405.75	395.25	408.25	436.25	439.25	456.75	481.50	493.25	499.50	490.75	485.50	484.25	486.50	488.75	490.50	487.75	483.50	479.75	463.50	455.00	454.75	460.00	482.75	507.25	491.50	477.25	464.75	457.00	478.25	473.25	476.25	502.25	521.00	517.75	508.25	519.25	523.25	498.50	500.50	496.75	466.00	442.00	419.25	412.75	407.00	401.50	402.75	405.75	396.50	386.50	385.00	392.25	405.75	408.00	402.25	395.50	393.25	391.25	389.25	382.50	379.50	384.00	385.25	379.50	375.50	373.00	370.75	373.50	374.75	375.00	381.00	386.00	389.50	393.25	395.50	400.00	400.00	399.50	400.25	401.50	403.25	400.00	401.50	406.25	402.75	400.00	392.75	391.50	390.75	390.50	389.75	389.00	389.00	387.25	389.00	393.25	391.25	391.75	394.50	394.00	393.00	394.00	395.25	396.25	399.50	405.75	413.00	419.75	418.25	409.25	406.00	401.00	393.75	385.00	380.25	376.50	374.25	371.00	367.25	364.25	362.00	361.25	368.25	369.25	361.50	356.50	352.00	348.75	344.75	347.25	351.25	360.00	367.00	369.50
284.00	287.00	292.00	298.50	308.00	316.00	328.00	341.50	356.50	348.50	339.00	323.50	311.50	302.50	302.50	299.50	302.00	303.00	294.50	302.50	298.00	298.50	301.00	302.00	305.50	311.50	314.50	314.00	316.00	318.00	321.50	323.50	325.00	326.50	322.50	325.50	327.00	335.50	363.50	401.50	387.50	381.50	374.00	378.00	384.00	384.50	384.00	379.50	380.50	387.00	395.00	407.50	417.50	436.50	449.50	476.50	525.50	478.50	445.00	436.50	437.00	399.00	392.00	387.00	387.00	390.00	396.50	406.50	421.00	433.50	421.00	404.00	392.50	387.50	384.50	381.50	376.50	374.50	373.50	366.50	362.50	365.50	379.00	382.50	381.00	379.50	379.00	374.50	373.00	372.00	370.00	365.00	364.00	373.00	381.00	384.50	390.00	396.00	402.50	421.00	420.00	425.50	441.00	483.00	495.50	498.00	493.50	493.50	484.00	481.50	467.00	467.00	457.00	433.50	434.00	429.50	418.50	412.50	393.50	367.50	375.00	389.50	382.50	401.50	415.50	426.50	438.50	456.50	490.00	506.00	517.00	501.00	488.00	480.00	481.50	486.00	488.50	493.50	487.50	468.50	458.00	446.50	445.00	479.00	488.00	479.50	494.00	478.50	459.00	455.00	455.00	458.50	478.00	496.50	518.00	538.00	506.50	499.50	503.00	492.00	500.50	497.50	461.00	430.50	444.00	419.00	404.50	399.00	399.00	399.50	404.00	392.50	383.50	385.50	395.00	402.00	399.50	394.50	391.50	387.50	386.00	379.00	382.50	387.50	378.50	376.50	374.00	371.50	370.00	371.50	373.50	374.50	381.00	388.00	391.50	394.50	398.00	399.00	397.00	397.50	396.00	395.50	396.00	403.00	412.50	416.00	408.50	405.00	396.50	394.50	394.00	394.50	393.00	389.50	389.00	386.00	386.00	390.00	393.00	390.00	391.00	394.00	393.00	391.50	393.00	401.50	406.00	402.00	415.00	425.00	417.50	408.50	401.50	395.50	391.00	385.00	379.50	383.50	386.00	380.50	373.50	367.50	364.00	362.50	360.00	365.00	365.50	362.50	354.50	348.50	345.50	343.00	340.50	350.50	354.50	362.50
290.00	293.75	297.50	305.00	314.50	325.50	353.25	374.25	363.50	348.00	336.50	318.50	309.25	305.00	304.50	303.75	306.25	306.75	305.00	307.75	307.75	307.25	306.00	306.00	312.25	317.25	318.00	319.00	319.25	321.50	323.75	328.25	330.50	328.00	327.00	331.50	334.25	338.25	358.50	388.75	395.75	397.50	402.50	403.50	418.75	417.25	398.25	389.25	387.00	389.50	398.75	412.00	419.50	431.50	448.00	471.50	504.75	482.75	455.00	448.00	466.00	425.00	406.75	397.75	395.25	395.75	396.75	401.25	408.00	414.00	405.00	392.50	385.50	379.75	374.50	372.00	366.50	364.50	361.75	362.50	365.25	368.50	376.50	380.75	381.50	380.25	378.75	383.50	379.25	375.25	372.25	369.75	366.75	384.75	406.00	399.00	396.00	402.00	408.50	416.75	421.00	429.25	469.00	515.25	509.50	498.50	489.00	480.75	473.50	462.50	449.75	434.50	424.50	419.00	423.75	416.75	412.75	403.25	380.50	364.25	370.75	381.00	390.00	401.75	406.25	424.50	449.50	477.50	502.25	538.75	525.50	506.50	487.75	480.75	480.00	483.00	495.50	511.50	507.75	474.00	465.50	455.50	450.00	452.00	452.50	462.25	474.00	459.75	447.75	444.75	452.25	471.50	486.25	502.00	513.75	504.25	507.50	493.00	489.75	480.50	487.00	488.50	457.25	433.75	433.25	414.50	403.50	401.00	398.50	395.00	404.00	396.75	384.75	383.50	385.00	388.00	389.25	386.00	383.25	381.00	381.50	380.00	387.75	382.50	374.00	374.25	374.00	371.25	368.75	372.50	373.50	376.25	383.75	392.50	396.25	401.75	408.00	402.25	398.50	395.25	393.75	393.50	396.50	404.25	412.75	424.00	423.00	413.75	406.50	408.75	407.25	405.25	397.25	389.50	388.75	386.00	386.00	388.75	392.00	388.50	391.25	394.00	392.25	389.00	392.00	400.50	397.50	397.75	407.50	417.75	412.75	405.00	398.50	393.75	392.25	385.25	383.50	392.75	395.25	385.00	376.00	371.25	366.75	363.75	359.50	357.75	367.50	364.00	355.75	349.25	346.75	345.00	343.00	339.25	345.00	354.50
301.00	303.00	306.00	318.00	332.50	344.50	362.00	357.00	348.50	336.50	328.50	315.50	310.50	309.00	309.50	309.00	312.00	312.50	311.50	312.00	314.00	312.50	308.50	310.50	316.00	320.50	321.50	322.00	322.50	327.00	329.00	333.50	334.00	328.50	330.00	335.00	340.00	340.00	350.00	364.00	377.00	394.00	421.00	452.00	456.50	473.50	426.00	400.50	393.50	394.50	403.50	416.50	423.50	431.50	444.00	462.50	469.00	462.50	452.00	443.00	460.00	442.50	414.50	401.50	396.50	394.50	395.50	404.00	410.50	406.50	396.50	385.50	376.50	371.00	364.50	363.00	360.00	358.00	362.50	366.50	369.00	371.00	376.00	378.50	383.00	383.00	382.00	388.50	379.50	375.00	375.50	373.50	365.00	396.50	430.00	412.50	404.00	406.00	413.50	422.00	429.00	438.00	481.00	490.00	493.00	501.50	484.00	474.00	466.50	454.50	439.50	430.50	417.00	402.50	405.50	400.50	399.00	387.00	369.00	370.00	382.00	391.00	399.00	409.50	411.00	436.00	485.00	527.50	540.00	533.00	510.50	498.00	480.00	479.50	478.00	481.00	486.50	488.00	489.50	474.50	469.00	458.50	452.00	441.50	429.00	440.00	443.00	441.00	436.50	437.50	453.50	463.00	477.00	486.00	491.00	492.50	512.50	489.00	476.50	474.50	473.50	474.50	444.50	427.00	418.00	418.50	405.00	397.50	396.00	393.00	394.00	392.00	386.00	386.00	382.00	380.50	380.00	378.00	379.00	379.00	379.50	375.00	375.00	372.50	370.00	371.00	373.50	370.50	372.50	375.00	375.00	380.00	391.50	401.00	408.50	412.50	411.50	400.50	397.00	395.00	392.50	392.50	395.50	403.00	409.50	424.50	424.00	414.50	412.00	415.00	406.50	401.00	394.50	390.00	388.50	386.00	386.00	390.50	389.50	386.00	390.00	391.00	390.50	386.50	396.00	400.50	399.50	399.50	400.00	403.50	403.50	400.50	401.50	404.50	411.50	393.50	391.50	395.00	393.50	386.50	375.50	372.50	369.00	363.00	358.00	355.50	368.00	361.50	352.50	347.00	345.50	345.50	344.50	339.00	340.00	361.50
317.00	315.25	316.25	336.00	340.25	339.00	342.00	340.00	334.25	328.50	323.50	316.00	314.75	315.50	315.75	315.75	316.00	314.75	313.25	315.50	317.50	316.50	312.75	316.75	321.25	324.75	325.25	326.00	331.25	335.00	337.25	336.50	333.50	331.75	333.25	337.25	342.00	343.75	353.25	362.75	394.75	403.50	411.00	423.50	451.75	479.00	437.25	412.00	402.75	403.75	410.25	418.50	422.00	427.75	442.25	458.00	452.75	455.75	459.00	451.50	441.50	432.00	408.25	395.75	390.75	389.25	399.00	433.50	436.50	405.25	390.00	380.25	372.00	364.50	359.75	357.50	362.50	365.75	369.50	371.75	373.50	374.75	381.50	383.50	383.50	384.50	384.00	385.50	381.00	378.50	378.00	373.50	367.50	421.50	418.50	422.00	406.75	409.50	419.00	434.75	459.75	488.25	477.25	470.25	479.50	502.50	486.00	469.75	461.25	449.25	441.50	430.00	413.25	397.50	382.50	385.50	386.75	374.75	365.75	375.75	385.00	395.75	403.75	418.25	429.25	446.50	478.00	501.00	512.00	506.00	489.00	479.50	470.75	473.25	472.25	473.50	473.50	472.50	471.75	466.25	459.75	451.25	445.25	438.25	434.75	428.00	426.00	425.25	428.50	430.75	436.00	447.75	465.75	481.00	474.25	499.75	511.75	494.00	480.75	471.25	467.25	462.25	435.75	427.50	432.75	429.00	406.00	404.00	397.25	394.00	393.75	390.00	386.00	385.00	383.25	382.50	380.50	378.75	377.25	376.50	376.00	374.75	375.25	374.50	371.50	368.75	369.00	369.50	373.75	374.75	379.00	384.75	415.50	425.25	425.00	415.00	406.00	397.25	396.00	393.50	391.50	391.75	394.75	399.00	406.75	420.75	420.00	420.25	419.50	414.00	409.25	402.25	397.75	395.75	392.50	389.50	389.25	392.00	388.00	387.25	390.25	389.00	385.50	387.50	405.25	405.50	397.75	394.50	396.50	399.00	399.75	399.75	407.00	408.50	412.75	406.50	399.00	397.25	387.50	381.25	374.50	367.25	363.50	359.50	355.50	353.25	360.50	353.75	346.75	342.25	342.00	342.75	340.75	340.00	342.50	354.75
321.25	321.50	322.25	326.00	327.00	327.75	327.75	325.75	324.50	324.00	321.75	321.00	323.75	324.25	324.25	321.00	318.75	317.25	318.25	321.50	321.75	321.50	317.25	323.25	332.50	331.75	332.75	336.00	342.00	341.75	340.00	336.75	335.25	342.00	342.25	344.75	347.75	348.25	353.50	368.50	409.50	419.50	411.50	417.50	429.25	442.50	434.25	422.50	415.75	410.75	411.75	413.00	414.00	417.00	422.00	430.00	446.25	452.75	448.00	439.25	412.75	399.25	391.50	385.75	381.00	378.50	395.75	416.25	418.50	390.50	378.50	370.00	363.75	357.25	356.25	366.75	371.75	373.00	375.25	377.50	379.50	380.25	385.75	385.75	386.00	387.25	388.50	385.50	383.25	380.00	378.25	377.00	367.25	401.50	401.00	410.50	401.75	407.25	418.00	428.25	451.25	459.50	452.00	459.25	488.50	484.50	473.25	467.75	481.00	454.75	430.25	416.75	404.25	393.25	375.00	372.50	368.75	361.75	372.25	384.75	388.25	398.75	421.00	449.50	452.25	453.50	461.50	465.25	479.50	491.50	479.00	469.50	463.50	465.75	463.50	463.75	461.25	461.00	458.25	457.00	455.50	449.25	444.50	438.00	435.50	430.00	425.25	420.75	417.75	415.25	436.25	438.75	454.25	450.00	462.50	486.50	476.75	470.50	468.50	464.00	476.50	493.50	484.25	455.25	441.25	418.75	407.25	402.50	399.00	399.50	401.75	400.50	395.25	393.50	392.50	391.75	388.50	387.00	384.50	381.75	380.50	376.00	375.50	373.25	371.25	372.25	369.50	371.25	378.75	378.75	387.75	400.25	421.75	417.00	415.25	408.50	405.25	401.00	396.25	390.00	389.50	390.50	392.75	395.00	401.00	412.75	419.00	433.50	426.75	418.75	412.50	406.50	413.50	423.75	417.25	408.25	401.25	394.25	390.25	386.75	383.50	381.75	381.00	388.75	395.75	390.75	388.25	389.00	392.00	394.25	397.50	398.25	400.50	413.00	421.00	412.00	405.50	404.00	392.25	381.00	372.00	367.00	364.25	363.25	356.00	352.25	349.00	346.00	344.75	342.25	340.25	340.00	339.00	339.75	343.00	349.50
320.75	322.25	322.50	324.00	324.00	324.25	323.25	322.75	322.50	322.25	321.50	325.75	327.00	326.00	325.25	323.50	323.25	326.50	330.00	328.50	325.00	322.75	319.75	325.00	336.50	340.50	342.50	344.00	344.75	343.75	342.00	342.75	340.50	354.00	352.00	352.00	352.25	352.25	357.25	370.75	399.50	403.50	408.50	414.75	424.00	441.50	432.50	422.50	416.50	411.25	409.50	407.25	407.50	409.00	409.25	417.25	432.50	436.50	431.75	419.25	396.25	385.50	382.50	383.00	377.75	373.00	381.25	391.50	393.00	377.50	370.50	363.50	356.75	357.50	374.50	374.00	375.75	378.50	380.50	382.75	384.75	385.75	386.75	387.50	391.75	392.50	389.00	384.50	383.00	381.50	381.25	375.75	373.25	379.50	388.75	399.75	396.75	398.00	413.50	434.25	443.50	442.75	444.50	463.25	474.50	472.50	475.25	474.50	480.75	460.00	430.50	417.75	404.00	393.75	379.25	370.25	361.00	361.75	376.50	389.75	397.75	412.25	433.00	444.25	442.00	443.75	455.75	484.75	530.00	509.50	478.00	463.25	462.50	462.00	456.50	459.25	458.25	456.25	458.25	455.00	452.50	447.00	442.00	436.50	435.50	432.25	428.75	424.75	418.50	413.50	426.50	424.75	435.75	443.75	467.25	480.00	465.25	463.50	461.75	458.00	470.50	488.25	486.25	459.75	447.50	425.75	407.25	401.50	400.25	403.00	405.75	405.75	401.75	398.75	396.25	394.25	390.25	387.25	384.75	382.50	381.00	377.25	375.50	373.25	371.75	371.25	370.25	369.25	380.25	386.25	393.00	402.75	408.75	408.00	414.25	411.75	407.25	399.50	393.25	388.75	388.50	389.25	393.50	397.50	402.00	409.50	423.50	438.50	431.25	425.25	417.50	413.00	420.00	425.75	417.00	405.75	399.25	393.00	389.25	385.75	382.75	380.25	378.75	383.75	389.00	390.25	391.00	393.00	393.75	394.50	396.75	397.25	399.00	413.50	417.25	412.75	410.00	405.00	396.25	387.50	380.00	372.75	369.75	369.25	357.00	352.50	348.50	347.00	344.75	342.25	340.00	338.00	337.75	342.50	343.75	349.75
321.00	322.25	323.25	323.00	322.00	321.75	320.75	321.75	321.50	320.75	322.50	329.25	328.25	327.50	326.50	329.25	332.25	342.75	342.75	334.00	327.50	323.50	322.75	325.50	340.00	352.00	353.00	350.50	348.50	347.75	347.50	348.50	346.50	358.75	358.25	357.50	357.25	357.00	362.50	376.00	394.00	395.25	406.50	413.75	427.75	448.75	438.25	428.25	421.50	412.25	408.00	403.50	402.25	401.75	399.75	406.50	415.25	416.50	410.75	402.75	385.50	378.75	375.25	377.50	372.75	367.75	369.75	372.00	369.75	365.25	363.00	357.75	351.50	362.00	385.50	383.00	383.00	384.75	386.75	389.50	390.25	390.50	389.25	391.00	396.75	393.00	386.00	382.50	382.00	381.50	381.75	375.75	369.50	365.25	385.25	390.75	388.00	390.25	418.25	442.75	435.75	425.00	437.25	459.50	450.00	461.75	476.50	478.25	470.50	465.25	431.25	414.25	398.50	390.50	380.25	367.50	362.00	366.25	385.50	398.25	409.25	423.00	434.00	427.25	428.50	442.75	464.50	522.50	568.50	516.75	476.00	458.75	461.25	458.00	451.00	454.75	453.75	450.25	459.00	452.25	449.00	444.75	441.00	438.25	438.75	435.75	430.75	425.00	418.50	414.75	414.75	411.75	420.50	441.50	464.00	468.50	454.25	454.25	452.25	448.25	459.75	477.75	478.50	464.50	463.00	431.25	407.25	402.50	402.50	403.50	408.25	409.00	404.50	400.50	396.50	393.00	388.25	385.00	383.00	381.50	379.75	377.50	376.25	373.75	371.50	370.75	369.75	366.25	377.75	389.25	392.75	395.25	400.75	410.25	419.00	412.50	405.25	395.75	390.75	388.00	388.00	388.25	396.25	404.25	410.25	415.50	428.50	440.50	438.00	435.25	425.00	420.75	420.00	418.25	412.00	401.75	396.75	392.00	387.25	384.75	382.00	381.25	378.50	376.75	389.25	397.50	397.00	398.00	395.75	397.00	396.25	397.25	399.00	413.00	410.00	414.75	411.00	402.00	398.75	391.75	385.25	377.00	373.00	370.75	357.75	352.50	349.00	347.50	346.25	343.00	339.50	337.00	341.25	346.25	345.00	349.75
325.50	326.50	324.75	322.00	319.50	318.00	319.00	320.50	320.25	325.25	334.75	334.75	334.75	337.00	344.50	348.75	347.00	345.50	342.25	334.25	326.75	324.75	327.25	329.25	337.00	346.50	352.25	355.50	353.25	353.75	354.00	352.50	355.75	361.75	360.50	361.75	362.25	363.75	368.00	373.25	390.00	405.00	413.75	421.25	435.25	462.75	464.00	452.00	441.50	416.75	407.75	402.75	401.00	398.25	395.50	394.50	395.25	392.75	387.75	381.25	375.75	372.50	368.75	365.75	363.25	359.75	360.00	362.00	360.75	356.75	354.25	351.75	363.50	375.50	385.50	392.00	391.00	392.50	396.00	396.25	394.50	392.75	393.00	400.25	399.75	386.50	382.75	378.50	377.25	374.00	374.00	371.50	360.75	396.00	385.00	373.00	384.00	400.25	422.75	423.25	417.25	412.00	421.50	426.25	426.50	453.25	473.75	466.75	454.00	450.00	430.00	410.00	395.25	382.25	362.75	360.00	385.00	390.75	408.25	410.25	403.50	410.00	412.75	424.25	432.75	467.75	507.25	538.50	511.25	479.25	460.00	452.00	456.75	452.25	446.25	446.75	443.50	438.25	448.75	449.00	449.50	450.50	452.00	444.75	439.75	432.50	428.25	425.75	424.25	423.50	415.50	405.50	414.75	430.75	449.25	445.50	439.75	436.00	436.25	450.00	465.00	471.50	455.25	460.75	454.75	420.50	408.25	405.00	402.00	401.00	401.50	406.50	400.00	393.75	391.75	392.25	388.75	384.00	382.50	379.25	377.75	376.50	375.00	372.75	371.00	369.75	368.50	366.00	375.00	386.50	385.75	387.75	415.00	430.25	423.50	410.50	405.00	393.50	390.50	389.00	389.25	397.50	410.75	420.75	430.25	446.75	443.00	445.00	480.25	476.50	442.00	436.25	430.25	421.25	415.75	404.00	397.25	390.75	387.50	384.50	382.00	380.25	378.75	375.00	392.00	400.50	400.00	396.00	394.75	395.25	397.00	396.75	397.75	401.75	405.75	404.50	398.00	396.00	396.50	390.50	387.50	382.50	377.00	372.25	358.50	353.00	347.75	346.25	344.25	342.50	338.50	336.00	341.00	346.00	349.25	353.25
329.50	326.50	318.50	317.50	316.50	318.00	318.00	317.50	322.00	337.00	343.50	345.00	351.00	345.00	351.00	353.00	352.00	347.50	342.00	333.00	328.50	329.00	331.00	332.00	338.00	342.50	351.00	356.50	358.50	358.50	357.00	357.50	363.00	364.50	364.00	366.50	366.50	368.50	372.00	377.00	397.50	419.00	420.50	422.50	432.50	467.00	471.50	454.00	442.50	416.50	408.50	401.50	398.50	396.00	394.50	390.00	389.50	386.00	383.50	385.50	385.00	378.50	373.00	371.00	370.00	362.50	355.00	358.50	357.00	352.50	347.00	357.00	371.00	378.00	389.00	389.50	391.00	395.50	397.50	396.00	395.00	395.50	395.50	396.50	391.50	385.50	383.00	376.50	377.00	369.50	365.50	362.50	360.50	389.50	364.50	371.00	389.00	402.00	410.00	405.50	404.00	402.00	407.00	414.50	428.50	459.50	465.00	465.00	447.50	445.50	440.50	421.50	419.50	384.00	359.00	364.00	386.00	394.00	396.00	394.50	398.00	403.00	405.50	425.50	435.50	470.50	505.00	519.50	511.50	451.50	444.00	446.00	450.00	448.00	440.50	438.00	437.00	432.50	444.00	448.50	451.00	452.00	452.50	444.50	440.50	436.00	432.50	428.00	423.50	419.00	405.00	398.50	407.50	421.50	442.50	436.50	437.50	443.00	443.50	460.50	469.00	456.00	442.50	442.50	439.50	415.50	409.00	406.00	401.50	401.00	402.00	402.00	394.50	388.50	391.00	393.50	387.50	381.00	380.00	377.00	376.50	374.00	374.00	373.00	370.50	370.50	370.50	366.50	373.00	378.00	372.50	381.00	420.00	427.00	417.00	409.50	405.00	394.50	392.00	394.50	400.00	411.00	421.00	429.50	438.00	454.00	447.00	442.50	492.50	481.00	451.50	447.50	436.00	425.00	418.00	406.50	397.00	391.00	387.00	382.50	380.50	379.50	374.50	376.00	388.00	392.50	395.50	394.50	393.50	395.50	396.00	393.00	394.50	395.00	396.50	393.50	390.00	393.00	394.00	390.00	387.50	390.00	382.50	374.50	356.50	350.50	345.00	343.50	341.50	339.00	337.50	335.50	340.00	350.00	351.50	349.50
327.00	317.00	313.50	313.00	313.25	314.50	315.75	317.50	321.25	326.75	333.00	354.25	358.00	350.75	355.00	353.50	354.25	347.00	340.00	334.75	333.00	333.50	333.00	333.75	337.00	345.00	354.25	364.25	366.75	362.25	360.00	366.75	373.00	369.00	369.75	372.25	373.75	374.00	376.25	385.50	402.75	411.50	413.50	417.25	426.00	440.50	446.50	443.00	442.50	419.50	410.75	402.50	399.50	394.25	391.75	388.50	387.50	388.25	398.00	399.50	390.00	380.00	373.25	371.25	367.50	359.50	353.00	355.00	353.75	348.00	346.50	355.50	362.25	371.25	381.00	382.00	385.25	390.25	396.00	396.75	398.25	400.00	398.50	395.25	391.00	383.25	379.00	372.25	369.50	365.25	363.75	364.75	360.00	352.50	360.25	363.50	380.50	393.75	390.25	393.25	396.00	401.50	409.00	417.00	424.00	438.00	438.25	450.25	442.00	441.00	435.75	427.25	403.25	369.75	363.50	367.00	375.75	385.75	393.25	399.75	405.00	406.25	409.75	429.50	453.75	480.75	495.75	495.25	485.25	442.00	435.50	442.00	445.00	443.75	430.50	427.00	431.25	441.75	446.50	448.75	447.00	446.50	446.50	448.25	445.50	433.75	424.50	419.75	415.25	409.00	401.25	400.50	406.75	415.00	425.75	430.00	445.75	455.00	452.75	482.50	474.25	462.75	450.00	434.25	424.25	413.75	408.50	406.25	404.00	403.75	402.50	397.00	394.25	389.75	388.00	389.00	385.50	380.00	378.75	377.50	378.25	377.50	374.50	371.50	371.75	372.75	372.25	370.75	367.25	366.25	363.00	377.25	424.25	424.00	413.25	407.00	403.00	394.75	392.25	392.50	396.50	405.50	415.75	428.00	429.50	432.25	437.75	438.75	458.25	456.50	443.00	434.25	433.75	426.00	418.00	408.00	400.50	390.00	384.75	382.00	379.50	377.50	374.75	373.00	393.00	394.00	394.50	393.75	393.75	393.50	394.50	391.25	391.50	391.00	391.50	387.50	385.50	386.00	387.50	385.25	383.75	385.50	378.25	370.00	355.75	350.50	344.50	342.00	339.75	338.25	336.50	336.25	342.75	345.00	344.75	344.00
315.50	310.50	309.75	310.50	311.00	311.75	313.00	315.75	319.75	325.50	333.75	352.25	350.25	349.25	349.00	347.75	347.00	342.00	339.25	341.75	340.50	338.25	336.25	336.25	341.00	353.50	362.75	369.00	368.50	360.00	360.25	368.75	373.50	379.00	384.00	386.00	385.25	383.00	384.50	392.00	401.50	402.00	406.75	410.25	415.00	426.25	436.50	446.25	443.75	420.75	410.25	403.00	398.75	395.00	392.00	389.50	388.00	392.75	411.75	396.25	379.25	369.00	363.50	359.75	357.50	355.75	351.25	349.00	348.25	343.25	346.75	358.25	370.50	381.25	377.00	375.25	385.25	392.50	400.75	404.50	406.00	406.25	402.25	396.00	389.50	383.00	378.25	372.25	371.25	369.25	366.75	363.50	351.75	354.00	364.50	368.25	375.25	382.75	384.25	389.50	395.00	398.00	402.75	408.50	412.25	417.50	419.50	423.25	420.75	418.75	422.25	413.75	382.75	362.25	379.25	381.00	379.00	387.25	395.25	404.50	416.00	414.50	416.25	434.50	453.75	475.25	463.50	452.50	446.50	428.50	428.25	434.50	439.75	436.75	422.50	419.25	435.25	447.00	441.00	437.75	436.00	439.25	439.75	439.00	434.00	422.00	416.25	410.00	404.00	399.75	412.50	406.00	402.25	398.75	408.50	438.00	435.75	441.00	449.50	472.00	478.25	478.25	460.50	438.00	426.00	416.75	410.75	410.50	409.75	407.00	399.00	395.25	386.50	385.00	387.25	385.25	381.75	379.50	378.75	375.75	375.25	372.75	372.50	373.00	375.50	376.00	373.50	371.25	371.00	369.25	373.25	377.75	398.00	410.75	403.50	401.50	400.25	394.75	390.25	388.25	392.75	402.25	407.50	411.00	411.00	421.75	445.00	442.50	435.75	435.75	429.25	423.50	429.75	428.50	421.00	407.50	397.50	387.00	380.50	377.50	376.50	376.00	376.50	373.00	382.75	396.00	407.75	406.50	400.75	395.00	391.50	388.75	388.50	388.50	388.00	385.00	383.25	381.00	380.25	378.25	374.00	372.00	371.00	366.75	354.75	350.50	345.50	343.50	340.00	336.25	334.75	336.75	338.00	338.25	340.25	343.50
310.00	308.50	308.50	310.25	311.25	311.25	312.00	314.00	318.00	324.00	328.25	337.25	338.25	340.50	341.50	341.75	340.75	338.75	341.75	347.50	344.25	341.75	341.25	339.75	346.50	356.50	360.50	361.25	359.00	359.50	366.00	375.25	381.50	391.00	394.50	394.25	391.25	390.75	392.75	395.00	398.00	400.25	405.75	405.50	412.00	426.75	440.00	453.75	445.00	428.00	418.50	408.75	402.50	396.50	392.75	388.75	385.75	385.00	387.25	381.50	372.75	365.50	365.00	362.75	359.50	357.25	355.25	350.75	349.00	343.75	352.25	358.00	369.25	374.25	371.00	375.25	389.25	399.50	406.50	409.50	410.50	408.25	402.00	396.00	390.75	384.50	381.25	372.75	369.75	365.75	363.75	360.00	350.00	355.00	364.00	369.50	379.75	381.00	377.25	381.25	388.50	390.00	394.25	399.25	403.25	406.00	407.50	409.75	407.50	411.50	414.75	396.75	367.25	362.25	380.25	389.50	387.50	392.00	403.25	414.75	426.25	420.50	425.75	470.75	502.75	485.25	469.00	443.50	435.00	424.75	420.75	425.50	435.00	434.50	418.75	414.50	423.75	432.00	428.75	428.25	430.00	433.50	434.75	430.75	424.00	413.75	409.00	402.00	396.25	402.00	415.50	410.00	400.00	397.75	410.50	447.50	448.75	445.50	445.75	456.75	471.25	476.75	457.00	438.50	427.75	417.25	413.00	411.50	411.00	409.75	406.75	401.75	392.25	390.50	389.75	387.50	384.00	381.25	379.25	376.75	376.00	374.25	375.25	378.25	380.75	379.75	376.75	375.50	374.25	370.50	379.75	376.00	402.25	415.25	402.75	398.50	398.00	393.00	388.50	387.25	394.25	402.75	401.00	401.50	407.25	421.00	444.75	445.50	431.25	426.75	420.50	416.00	419.25	417.00	410.00	398.50	391.50	383.25	378.25	375.75	374.75	373.50	372.25	369.25	379.75	392.50	407.00	407.75	403.25	397.00	394.75	393.25	395.00	396.50	394.75	392.00	387.50	382.75	380.00	377.00	372.75	367.75	365.75	361.75	352.25	347.75	343.25	342.00	339.00	335.75	334.00	335.75	337.50	341.50	343.75	348.25
307.50	308.00	307.25	309.50	312.00	311.75	312.00	313.00	315.75	320.25	323.25	329.00	332.00	332.75	335.50	338.25	336.50	336.50	342.75	348.25	345.25	346.00	346.25	343.50	349.50	354.50	354.50	351.50	352.25	364.50	376.25	383.75	390.00	396.25	397.25	396.25	394.00	395.25	396.75	395.00	395.00	400.25	403.00	399.75	408.00	423.50	439.25	457.00	446.25	435.75	432.75	421.25	410.25	400.75	393.75	387.25	383.25	380.75	377.50	376.00	373.00	370.50	369.50	365.75	361.75	359.00	355.75	352.25	349.75	344.00	350.25	352.50	365.25	369.00	366.75	375.50	393.25	404.75	410.75	412.50	412.50	408.50	400.50	395.00	390.75	386.00	383.50	370.75	367.25	364.00	363.25	359.50	349.75	355.75	364.75	372.00	374.00	369.75	370.00	377.25	383.75	384.25	388.25	391.50	394.25	396.25	397.50	397.25	396.25	402.50	401.00	375.75	357.75	376.25	386.00	401.75	396.75	403.50	414.75	432.75	436.50	425.50	438.75	504.75	532.25	486.25	457.00	435.25	431.50	423.00	412.25	418.00	430.75	431.25	413.75	407.50	413.50	417.00	418.75	422.50	426.50	428.75	428.50	422.25	415.00	407.00	402.25	396.25	390.75	395.75	410.75	404.75	397.25	398.75	410.50	453.75	463.00	444.75	441.00	450.75	461.50	467.00	450.00	437.00	429.00	420.00	417.25	413.00	414.25	416.25	416.75	409.00	401.50	398.75	395.25	390.75	385.75	382.25	380.50	379.50	378.75	376.75	380.75	386.00	386.75	385.25	382.00	380.25	376.75	373.25	368.50	363.75	397.00	413.50	399.75	395.50	395.25	389.75	385.25	387.75	394.50	397.00	392.75	396.25	407.75	419.00	440.25	440.50	424.00	418.25	412.00	409.50	406.25	402.00	397.25	389.75	385.75	381.25	377.75	375.75	374.00	371.50	369.00	366.75	378.50	385.75	394.00	399.00	401.50	398.75	402.00	399.50	407.50	415.00	407.50	402.50	394.50	387.00	383.00	377.00	372.00	365.75	360.75	356.00	348.75	345.50	342.00	341.00	337.75	335.25	333.75	337.25	339.75	346.00	349.00	354.00
306.25	306.00	306.00	306.75	308.25	310.25	310.25	310.50	311.75	315.50	318.25	321.50	323.75	326.00	333.25	335.00	332.50	331.50	335.50	339.50	343.00	345.75	346.50	345.50	348.00	348.75	346.50	345.25	353.75	364.50	368.25	373.50	380.50	385.00	388.75	388.50	389.00	389.75	390.25	391.25	393.75	396.75	394.50	396.25	407.25	413.25	422.25	428.75	425.00	439.50	456.25	429.00	415.25	403.00	396.75	393.75	391.25	387.75	381.75	379.00	381.00	375.25	368.25	363.25	359.50	357.50	358.50	358.75	357.50	347.25	340.75	341.75	349.50	358.75	364.50	372.25	387.50	399.25	409.25	408.75	406.50	403.00	395.00	390.75	388.25	385.25	383.75	375.50	369.50	361.50	357.25	354.50	350.75	364.50	365.50	363.75	360.00	368.00	380.25	385.00	385.00	385.25	385.50	386.75	385.50	388.75	389.50	387.75	385.50	380.75	375.75	360.00	369.25	398.75	421.25	455.00	422.75	441.50	450.75	463.25	472.50	446.00	465.50	462.50	453.75	436.75	428.25	421.50	418.50	415.00	406.75	415.50	425.75	424.00	406.00	401.50	409.50	418.75	426.75	431.50	431.50	426.00	420.25	411.25	406.00	399.50	396.25	391.50	387.75	384.50	382.75	387.50	388.50	393.75	405.50	438.25	435.25	426.75	433.00	445.50	452.00	467.00	461.00	462.00	430.00	421.50	417.00	417.25	421.50	424.25	419.00	413.00	409.25	406.25	401.00	394.25	388.25	385.50	383.75	381.00	379.50	382.25	385.50	387.25	388.25	389.25	386.25	382.25	378.75	377.75	373.50	364.75	378.25	384.00	381.25	387.00	388.25	382.50	376.50	383.50	383.25	382.50	387.75	400.25	416.25	433.25	434.25	421.75	411.25	406.75	401.25	397.25	393.00	389.75	386.25	384.50	382.00	379.25	376.25	374.00	371.25	368.50	366.25	364.25	370.00	376.25	380.25	384.50	386.75	388.50	394.00	395.00	408.50	428.50	436.25	425.75	414.00	400.25	387.25	377.50	368.50	362.00	356.75	354.00	348.75	347.50	345.75	342.00	336.00	335.25	342.00	347.75	350.00	354.25	359.50	369.25