837.00	840.00	842.00	844.00	846.00	849.00	851.00	852.00	854.50	855.50	857.00	858.50	860.00	862.00	863.00	864.50	865.00	867.00	869.00	871.00	874.50	876.00	878.00	880.00	884.00	886.00	890.00	891.50	893.00	896.00	896.00	898.00	899.00	900.50	901.00	901.50	903.50	904.50	906.00	907.00	908.00	908.50	910.50	911.50	912.00	913.00	914.50	916.00	917.50	919.00	920.50	922.00	923.00	924.00	926.00	927.50	929.00	931.50	934.00	935.50	938.00	939.00	941.00	943.00	945.00	946.50	947.50	950.00	951.50	954.00	955.00	956.50	957.50	959.50	961.50	962.50	965.00	966.00	968.00	969.00	970.50	971.50	972.50	974.00	974.50	976.00	976.00	977.50	978.50	980.50	981.50	982.50	984.00	985.50	987.00	988.00	989.50	990.50	992.00	993.50	994.50	996.00	996.50	997.50	998.50	999.50	1000.50	1002.00	1003.00	1004.00	1005.00	1005.50	1006.50	1007.00	1008.00	1009.50	1010.00	1011.00	1012.00	1012.50	1014.00	1015.00	1015.50	1017.00	1017.00	1018.50	1019.00	1020.50	1021.00	1021.50	1023.00	1023.50	1024.00	1025.00	1025.50	1026.50	1027.00	1027.50	1028.00	1029.00	1029.50	1030.00	1031.00	1032.00	1032.00	1033.00	1033.50	1034.00	1035.00	1035.50	1036.50	1037.00	1038.00	1038.50	1040.00	1041.00	1042.50	1044.00	1044.50	1045.50	1046.00	1047.00	1048.50	1050.00	1051.00	1051.50	1052.50	1053.50	1054.50	1055.00	1056.00	1056.00	1057.00	1058.00	1058.50	1059.00	1059.50	1060.00	1061.00	1061.00	1062.00	1062.00	1062.50	1063.00	1063.50	1064.00	1064.00	1064.00	1065.00	1065.00	1065.00	1065.00	1065.00	1065.00	1065.00	1065.00	1066.50	1067.00	1067.50	1069.00	1069.50	1071.00	1072.00	1073.50	1075.00	1077.50	1078.50	1079.50	1081.00	1083.50	1085.00	1086.00	1087.50	1088.50	1090.00	1091.50	1092.50	1094.00	1095.00	1096.00	1097.00	1098.00	1098.50	1099.00	1100.00	1100.50	1101.00	1102.00	1103.00	1103.00	1104.00	1105.50	1106.50	1108.00	1108.00	1109.50	1111.00	1112.50	1113.50	1114.50	1116.00	1117.50	1119.00	1120.00	1121.00	1121.50	1123.50	1124.50	1125.50	1127.00	1128.50	1129.00	1130.00	1131.50	1132.50	1134.00
837.00	840.00	842.00	844.00	846.00	849.00	851.00	852.00	854.50	855.50	857.00	858.50	860.00	862.00	863.00	864.50	865.00	867.00	869.00	871.00	874.50	876.00	878.00	880.00	884.00	886.00	890.00	891.50	893.00	896.00	896.00	898.00	899.00	900.50	901.00	901.50	903.50	904.50	906.00	907.00	908.00	908.50	910.50	911.50	912.00	913.00	914.50	916.00	917.50	919.00	920.50	922.00	923.00	924.00	926.00	927.50	929.00	931.50	934.00	935.50	938.00	939.00	941.00	943.00	945.00	946.50	947.50	950.00	951.50	954.00	955.00	956.50	957.50	959.50	961.50	962.50	965.00	966.00	968.00	969.00	970.50	971.50	972.50	974.00	974.50	976.00	976.00	977.50	978.50	980.50	981.50	982.50	984.00	985.50	987.00	988.00	989.50	990.50	992.00	993.50	994.50	996.00	996.50	997.50	998.50	999.50	1000.50	1002.00	1003.00	1004.00	1005.00	1005.50	1006.50	1007.00	1008.00	1009.50	1010.00	1011.00	1012.00	1012.50	1014.00	1015.00	1015.50	1017.00	1017.00	1018.50	1019.00	1020.50	1021.00	1021.50	1023.00	1023.50	1024.00	1025.00	1025.50	1026.50	1027.00	1027.50	1028.00	1029.00	1029.50	1030.00	1031.00	1032.00	1032.00	1033.00	1033.50	1034.00	1035.00	1035.50	1036.50	1037.00	1038.00	1038.50	1040.00	1041.00	1042.50	1044.00	1044.50	1045.50	1046.00	1047.00	1048.50	1050.00	1051.00	1051.50	1052.50	1053.50	1054.50	1055.00	1056.00	1056.00	1057.00	1058.00	1058.50	1059.00	1059.50	1060.00	1061.00	1061.00	1062.00	1062.00	1062.50	1063.00	1063.50	1064.00	1064.00	1064.00	1065.00	1065.00	1065.00	1065.00	1065.00	1065.00	1065.00	1065.00	1066.50	1067.00	1067.50	1069.00	1069.50	1071.00	1072.00	1073.50	1075.00	1077.50	1078.50	1079.50	1081.00	1083.50	1085.00	1086.00	1087.50	1088.50	1090.00	1091.50	1092.50	1094.00	1095.00	1096.00	1097.00	1098.00	1098.50	1099.00	1100.00	1100.50	1101.00	1102.00	1103.00	1103.00	1104.00	1105.50	1106.50	1108.00	1108.00	1109.50	1111.00	1112.50	1113.50	1114.50	1116.00	1117.50	1119.00	1120.00	1121.00	1121.50	1123.50	1124.50	1125.50	1127.00	1128.50	1129.00	1130.00	1131.50	1132.50	1134.00
842.00	844.50	846.50	848.50	850.50	853.25	855.00	856.50	858.50	859.50	861.00	862.50	863.75	865.50	866.50	868.00	869.50	872.00	874.00	876.00	879.75	881.50	884.00	885.50	888.75	890.50	894.00	895.75	897.25	899.50	900.00	902.00	903.00	904.00	904.75	905.50	907.75	909.00	910.50	911.50	912.75	913.50	915.50	916.50	917.00	918.00	919.50	921.00	922.50	923.75	925.25	927.00	928.25	929.50	931.00	933.00	934.25	936.50	939.00	940.50	942.50	944.00	945.75	948.00	949.75	951.25	952.50	954.50	956.50	958.50	960.00	961.50	962.50	964.50	966.50	967.50	969.50	971.00	973.00	974.00	975.50	976.50	977.25	978.75	979.25	980.50	981.00	982.50	983.50	985.00	986.00	987.00	988.50	990.00	991.50	992.50	994.00	995.00	996.50	998.00	999.00	1000.50	1001.25	1002.00	1003.00	1004.50	1005.50	1007.00	1007.50	1008.75	1009.50	1010.50	1011.25	1011.75	1013.00	1014.00	1015.00	1015.50	1016.75	1017.50	1018.75	1019.75	1020.50	1022.00	1022.00	1023.25	1024.00	1025.00	1025.75	1026.50	1027.50	1028.25	1029.00	1029.50	1030.25	1031.00	1031.75	1032.50	1033.00	1034.00	1034.50	1035.50	1036.00	1036.75	1037.00	1038.00	1038.25	1038.75	1039.50	1040.25	1041.00	1041.50	1042.50	1043.00	1044.00	1045.00	1046.25	1047.50	1048.25	1049.00	1049.75	1051.00	1052.25	1053.50	1054.50	1055.50	1056.50	1057.50	1058.50	1059.25	1060.50	1060.50	1061.75	1062.50	1063.50	1064.00	1064.50	1065.00	1066.00	1066.00	1067.00	1067.00	1067.25	1067.75	1068.25	1068.75	1069.00	1069.00	1069.50	1069.50	1069.50	1069.50	1069.50	1069.50	1069.50	1069.50	1070.75	1071.25	1071.75	1073.25	1073.75	1075.00	1076.00	1077.75	1079.50	1081.75	1083.00	1084.00	1086.00	1088.00	1089.50	1090.50	1092.25	1093.25	1094.50	1096.00	1096.75	1098.00	1099.00	1100.00	1101.00	1102.00	1102.50	1103.00	1104.00	1104.50	1105.00	1106.00	1106.75	1107.25	1108.50	1109.75	1110.50	1112.00	1112.50	1114.00	1115.50	1117.00	1118.00	1119.00	1120.50	1122.00	1123.50	1124.50	1125.75	1126.25	1128.00	1129.00	1130.00	1131.00	1132.50	1133.25	1134.00	1135.50	1136.50	1138.00
851.00	853.25	855.00	857.00	859.00	861.50	863.50	865.00	866.50	867.50	869.00	870.50	871.50	873.00	874.00	876.25	879.00	882.00	884.00	885.75	889.50	891.50	894.50	895.50	898.00	899.25	902.25	903.50	904.50	906.00	907.00	909.00	910.00	911.25	912.50	913.50	916.25	917.50	919.00	920.00	921.50	922.50	924.50	925.75	926.75	928.00	929.50	931.00	932.50	933.50	934.75	936.50	938.00	940.00	941.00	943.00	944.00	946.00	948.50	950.00	952.00	953.50	955.00	957.00	959.00	960.50	962.00	964.00	966.00	968.00	969.50	971.00	972.00	974.00	976.00	977.00	979.00	980.50	982.50	983.50	984.75	985.50	986.25	988.00	988.75	989.50	990.50	992.00	993.00	994.25	995.00	996.00	997.50	999.00	1000.50	1001.50	1003.00	1004.00	1005.50	1007.00	1008.00	1009.50	1010.75	1011.25	1012.00	1014.00	1015.00	1016.00	1016.50	1018.00	1019.00	1020.00	1020.75	1021.25	1022.50	1023.25	1024.50	1025.00	1026.25	1027.00	1028.00	1029.00	1030.00	1031.00	1031.50	1032.50	1033.50	1034.25	1035.00	1036.00	1037.00	1037.75	1038.50	1039.00	1039.75	1040.25	1041.50	1042.25	1042.75	1044.00	1044.75	1045.50	1046.00	1046.50	1047.00	1047.50	1048.00	1048.50	1049.00	1049.75	1050.25	1050.75	1051.50	1052.00	1052.50	1053.50	1054.25	1055.00	1056.00	1056.50	1057.50	1059.00	1060.00	1061.00	1062.00	1063.50	1064.50	1065.75	1067.00	1068.00	1069.50	1070.00	1071.25	1072.00	1073.50	1074.00	1074.50	1075.00	1075.75	1076.00	1076.50	1076.75	1077.00	1077.50	1078.25	1078.75	1079.50	1079.50	1079.50	1079.50	1079.50	1079.50	1079.50	1079.50	1080.00	1080.00	1081.00	1081.50	1082.00	1083.50	1084.25	1085.50	1086.50	1088.25	1090.00	1091.75	1093.25	1094.50	1096.50	1098.00	1100.00	1101.00	1102.50	1103.25	1104.25	1105.25	1105.75	1106.50	1107.50	1108.75	1109.50	1110.50	1111.00	1111.75	1112.50	1113.50	1114.00	1115.00	1115.50	1116.50	1117.75	1118.75	1119.50	1121.00	1122.00	1123.50	1125.00	1126.50	1127.50	1128.50	1129.50	1131.00	1132.50	1133.50	1135.00	1135.75	1137.00	1137.75	1138.50	1139.50	1140.50	1141.50	1142.00	1143.50	1144.50	1145.50
855.00	857.50	859.00	861.00	863.00	865.50	868.00	869.00	870.50	871.50	873.00	874.50	875.50	877.00	878.00	881.00	884.00	887.00	889.00	890.50	894.00	896.00	899.00	900.00	902.50	903.50	906.50	907.00	907.50	909.00	910.00	912.00	913.00	915.00	916.50	917.50	920.50	921.50	923.00	924.00	925.50	926.50	928.50	930.00	931.50	933.00	934.50	936.00	937.50	938.50	939.50	941.00	942.50	945.00	946.00	947.50	948.50	950.50	953.00	954.50	957.00	958.00	959.50	961.00	963.50	965.00	966.50	969.00	970.50	973.00	974.00	975.50	976.50	978.50	980.50	981.50	984.00	985.00	987.00	988.00	989.00	989.50	990.50	992.50	993.50	994.00	995.00	996.50	997.50	999.00	999.50	1000.50	1002.00	1003.50	1005.00	1006.00	1007.50	1008.50	1010.00	1011.50	1012.50	1014.00	1015.50	1016.00	1016.50	1018.50	1019.50	1020.00	1021.00	1022.50	1024.00	1024.50	1025.50	1026.00	1027.00	1028.00	1029.00	1030.00	1031.00	1031.50	1032.50	1033.50	1034.50	1035.00	1036.00	1037.00	1038.00	1039.00	1039.50	1040.50	1042.00	1042.50	1043.00	1044.00	1044.50	1045.00	1046.50	1047.00	1047.50	1049.00	1050.00	1050.00	1051.00	1051.50	1052.00	1052.00	1053.00	1053.50	1054.00	1054.50	1055.00	1055.50	1056.00	1056.50	1057.00	1058.00	1058.50	1059.00	1060.00	1060.50	1061.50	1063.00	1064.00	1065.00	1066.00	1067.50	1068.50	1070.00	1071.50	1072.50	1074.00	1075.00	1076.00	1077.00	1078.50	1079.00	1079.50	1080.00	1080.50	1081.00	1081.00	1081.50	1082.00	1082.50	1083.50	1084.00	1085.00	1085.00	1085.00	1085.00	1085.00	1085.00	1085.00	1085.00	1086.00	1086.00	1087.00	1087.50	1088.00	1089.50	1090.50	1092.00	1093.00	1094.50	1096.00	1097.50	1099.00	1100.50	1102.00	1103.50	1106.00	1107.00	1108.00	1108.50	1109.50	1110.00	1110.50	1111.00	1112.00	1113.50	1114.00	1115.00	1115.50	1116.50	1117.00	1118.50	1119.00	1120.00	1120.50	1121.50	1122.50	1123.50	1124.50	1126.00	1127.00	1128.50	1130.00	1131.50	1132.50	1133.50	1134.00	1135.50	1137.00	1138.00	1139.50	1140.50	1141.50	1142.00	1142.50	1144.00	1144.50	1145.50	1146.00	1147.50	1148.50	1149.00
855.00	857.50	859.00	861.00	863.00	865.50	868.00	869.00	870.50	871.50	873.00	874.50	875.50	877.00	878.00	881.00	884.00	887.00	889.00	890.50	894.00	896.00	899.00	900.00	902.50	903.50	906.50	907.00	907.50	909.00	910.00	912.00	913.00	915.00	916.50	917.50	920.50	921.50	923.00	924.00	925.50	926.50	928.50	930.00	931.50	933.00	934.50	936.00	937.50	938.50	939.50	941.00	942.50	945.00	946.00	947.50	948.50	950.50	953.00	954.50	957.00	958.00	959.50	961.00	963.50	965.00	966.50	969.00	970.50	973.00	974.00	975.50	976.50	978.50	980.50	981.50	984.00	985.00	987.00	988.00	989.00	989.50	990.50	992.50	993.50	994.00	995.00	996.50	997.50	999.00	999.50	1000.50	1002.00	1003.50	1005.00	1006.00	1007.50	1008.50	1010.00	1011.50	1012.50	1014.00	1015.50	1016.00	1016.50	1018.50	1019.50	1020.00	1021.00	1022.50	1024.00	1024.50	1025.50	1026.00	1027.00	1028.00	1029.00	1030.00	1031.00	1031.50	1032.50	1033.50	1034.50	1035.00	1036.00	1037.00	1038.00	1039.00	1039.50	1040.50	1042.00	1042.50	1043.00	1044.00	1044.50	1045.00	1046.50	1047.00	1047.50	1049.00	1050.00	1050.00	1051.00	1051.50	1052.00	1052.00	1053.00	1053.50	1054.00	1054.50	1055.00	1055.50	1056.00	1056.50	1057.00	1058.00	1058.50	1059.00	1060.00	1060.50	1061.50	1063.00	1064.00	1065.00	1066.00	1067.50	1068.50	1070.00	1071.50	1072.50	1074.00	1075.00	1076.00	1077.00	1078.50	1079.00	1079.50	1080.00	1080.50	1081.00	1081.00	1081.50	1082.00	1082.50	1083.50	1084.00	1085.00	1085.00	1085.00	1085.00	1085.00	1085.00	1085.00	1085.00	1086.00	1086.00	1087.00	1087.50	1088.00	1089.50	1090.50	1092.00	1093.00	1094.50	1096.00	1097.50	1099.00	1100.50	1102.00	1103.50	1106.00	1107.00	1108.00	1108.50	1109.50	1110.00	1110.50	1111.00	1112.00	1113.50	1114.00	1115.00	1115.50	1116.50	1117.00	1118.50	1119.00	1120.00	1120.50	1121.50	1122.50	1123.50	1124.50	1126.00	1127.00	1128.50	1130.00	1131.50	1132.50	1133.50	1134.00	1135.50	1137.00	1138.00	1139.50	1140.50	1141.50	1142.00	1142.50	1144.00	1144.50	1145.50	1146.00	1147.50	1148.50	1149.00
855.00	857.50	859.00	861.00	863.00	865.50	868.00	869.00	870.50	871.50	873.00	874.50	875.50	877.00	878.00	881.00	884.00	887.00	889.00	890.50	894.00	896.00	899.00	900.00	902.50	903.50	906.50	907.00	907.50	909.00	910.00	912.00	913.00	915.00	916.50	917.50	920.50	921.50	923.00	924.00	925.50	926.50	928.50	930.00	931.50	933.00	934.50	936.00	937.50	938.50	939.50	941.00	942.50	945.00	946.00	947.50	948.50	950.50	953.00	954.50	957.00	958.00	959.50	961.00	963.50	965.00	966.50	969.00	970.50	973.00	974.00	975.50	976.50	978.50	980.50	981.50	984.00	985.00	987.00	988.00	989.00	989.50	990.50	992.50	993.50	994.00	995.00	996.50	997.50	999.00	999.50	1000.50	1002.00	1003.50	1005.00	1006.00	1007.50	1008.50	1010.00	1011.50	1012.50	1014.00	1015.50	1016.00	1016.50	1018.50	1019.50	1020.00	1021.00	1022.50	1024.00	1024.50	1025.50	1026.00	1027.00	1028.00	1029.00	1030.00	1031.00	1031.50	1032.50	1033.50	1034.50	1035.00	1036.00	1037.00	1038.00	1039.00	1039.50	1040.50	1042.00	1042.50	1043.00	1044.00	1044.50	1045.00	1046.50	1047.00	1047.50	1049.00	1050.00	1050.00	1051.00	1051.50	1052.00	1052.00	1053.00	1053.50	1054.00	1054.50	1055.00	1055.50	1056.00	1056.50	1057.00	1058.00	1058.50	1059.00	1060.00	1060.50	1061.50	1063.00	1064.00	1065.00	1066.00	1067.50	1068.50	1070.00	1071.50	1072.50	1074.00	1075.00	1076.00	1077.00	1078.50	1079.00	1079.50	1080.00	1080.50	1081.00	1081.00	1081.50	1082.00	1082.50	1083.50	1084.00	1085.00	1085.00	1085.00	1085.00	1085.00	1085.00	1085.00	1085.00	1086.00	1086.00	1087.00	1087.50	1088.00	1089.50	1090.50	1092.00	1093.00	1094.50	1096.00	1097.50	1099.00	1100.50	1102.00	1103.50	1106.00	1107.00	1108.00	1108.50	1109.50	1110.00	1110.50	1111.00	1112.00	1113.50	1114.00	1115.00	1115.50	1116.50	1117.00	1118.50	1119.00	1120.00	1120.50	1121.50	1122.50	1123.50	1124.50	1126.00	1127.00	1128.50	1130.00	1131.50	1132.50	1133.50	1134.00	1135.50	1137.00	1138.00	1139.50	1140.50	1141.50	1142.00	1142.50	1144.00	1144.50	1145.50	1146.00	1147.50	1148.50	1149.00
862.00	865.00	867.00	869.00	871.00	873.50	876.00	877.00	878.50	879.50	881.50	884.00	885.50	887.00	889.00	891.00	894.00	896.00	897.50	899.00	902.00	903.50	906.00	908.00	910.00	911.50	913.50	914.50	915.50	917.00	918.00	921.00	922.00	923.50	924.50	925.50	928.50	929.50	932.00	933.00	934.50	935.50	938.00	939.50	940.50	942.00	943.50	945.00	947.00	948.50	949.50	951.00	952.50	954.00	955.00	956.50	958.00	960.00	961.50	963.00	965.00	967.00	969.00	971.00	972.50	974.00	975.50	977.00	979.50	982.00	983.00	984.50	985.50	987.00	989.00	990.50	992.00	993.00	996.00	997.00	998.00	998.50	999.50	1001.50	1002.00	1003.00	1004.00	1005.50	1006.50	1008.50	1009.50	1010.50	1011.00	1012.50	1014.00	1015.00	1017.50	1018.00	1019.00	1020.50	1021.50	1023.00	1024.50	1025.50	1026.00	1027.50	1028.50	1030.00	1030.00	1031.50	1033.00	1034.00	1034.50	1035.50	1036.00	1037.50	1038.00	1039.00	1040.00	1040.50	1041.50	1042.50	1043.00	1044.00	1045.00	1045.50	1047.00	1048.00	1048.50	1049.50	1050.00	1051.00	1052.00	1053.00	1053.50	1054.50	1055.50	1056.00	1056.50	1057.00	1058.50	1059.00	1060.00	1061.00	1061.50	1062.00	1062.50	1063.00	1064.00	1064.50	1065.00	1065.00	1065.50	1066.00	1066.00	1067.00	1067.50	1068.00	1069.00	1069.50	1070.50	1072.00	1072.50	1074.00	1075.00	1076.50	1077.50	1079.00	1080.50	1081.50	1083.00	1084.00	1085.50	1087.00	1087.50	1088.50	1089.00	1090.00	1090.50	1091.00	1091.00	1092.50	1093.00	1093.50	1094.50	1095.00	1096.00	1096.00	1096.50	1097.00	1097.00	1097.00	1098.00	1098.00	1099.00	1100.00	1100.50	1101.50	1102.50	1103.50	1104.00	1105.00	1106.00	1107.50	1109.00	1110.50	1111.50	1112.50	1113.00	1114.50	1116.00	1117.00	1118.00	1118.50	1119.50	1120.00	1120.50	1121.00	1121.00	1122.50	1124.00	1125.00	1125.50	1126.50	1128.00	1128.50	1129.00	1130.00	1131.00	1131.50	1133.00	1134.50	1135.00	1136.00	1137.00	1138.50	1140.00	1141.00	1141.50	1142.50	1144.00	1144.50	1146.00	1147.00	1147.50	1148.50	1149.50	1150.50	1151.00	1152.00	1152.50	1153.50	1154.00	1155.00	1155.50	1156.00
862.00	865.00	867.00	869.00	871.00	873.50	876.00	877.00	878.50	879.50	881.50	884.00	885.50	887.00	889.00	891.00	894.00	896.00	897.50	899.00	902.00	903.50	906.00	908.00	910.00	911.50	913.50	914.50	915.50	917.00	918.00	921.00	922.00	923.50	924.50	925.50	928.50	929.50	932.00	933.00	934.50	935.50	938.00	939.50	940.50	942.00	943.50	945.00	947.00	948.50	949.50	951.00	952.50	954.00	955.00	956.50	958.00	960.00	961.50	963.00	965.00	967.00	969.00	971.00	972.50	974.00	975.50	977.00	979.50	982.00	983.00	984.50	985.50	987.00	989.00	990.50	992.00	993.00	996.00	997.00	998.00	998.50	999.50	1001.50	1002.00	1003.00	1004.00	1005.50	1006.50	1008.50	1009.50	1010.50	1011.00	1012.50	1014.00	1015.00	1017.50	1018.00	1019.00	1020.50	1021.50	1023.00	1024.50	1025.50	1026.00	1027.50	1028.50	1030.00	1030.00	1031.50	1033.00	1034.00	1034.50	1035.50	1036.00	1037.50	1038.00	1039.00	1040.00	1040.50	1041.50	1042.50	1043.00	1044.00	1045.00	1045.50	1047.00	1048.00	1048.50	1049.50	1050.00	1051.00	1052.00	1053.00	1053.50	1054.50	1055.50	1056.00	1056.50	1057.00	1058.50	1059.00	1060.00	1061.00	1061.50	1062.00	1062.50	1063.00	1064.00	1064.50	1065.00	1065.00	1065.50	1066.00	1066.00	1067.00	1067.50	1068.00	1069.00	1069.50	1070.50	1072.00	1072.50	1074.00	1075.00	1076.50	1077.50	1079.00	1080.50	1081.50	1083.00	1084.00	1085.50	1087.00	1087.50	1088.50	1089.00	1090.00	1090.50	1091.00	1091.00	1092.50	1093.00	1093.50	1094.50	1095.00	1096.00	1096.00	1096.50	1097.00	1097.00	1097.00	1098.00	1098.00	1099.00	1100.00	1100.50	1101.50	1102.50	1103.50	1104.00	1105.00	1106.00	1107.50	1109.00	1110.50	1111.50	1112.50	1113.00	1114.50	1116.00	1117.00	1118.00	1118.50	1119.50	1120.00	1120.50	1121.00	1121.00	1122.50	1124.00	1125.00	1125.50	1126.50	1128.00	1128.50	1129.00	1130.00	1131.00	1131.50	1133.00	1134.50	1135.00	1136.00	1137.00	1138.50	1140.00	1141.00	1141.50	1142.50	1144.00	1144.50	1146.00	1147.00	1147.50	1148.50	1149.50	1150.50	1151.00	1152.00	1152.50	1153.50	1154.00	1155.00	1155.50	1156.00
862.00	865.00	867.00	869.00	871.00	873.50	876.00	877.00	878.50	879.50	881.50	884.00	885.50	887.00	889.00	891.00	894.00	896.00	897.50	899.00	902.00	903.50	906.00	908.00	910.00	911.50	913.50	914.50	915.50	917.00	918.00	921.00	922.00	923.50	924.50	925.50	928.50	929.50	932.00	933.00	934.50	935.50	938.00	939.50	940.50	942.00	943.50	945.00	947.00	948.50	949.50	951.00	952.50	954.00	955.00	956.50	958.00	960.00	961.50	963.00	965.00	967.00	969.00	971.00	972.50	974.00	975.50	977.00	979.50	982.00	983.00	984.50	985.50	987.00	989.00	990.50	992.00	993.00	996.00	997.00	998.00	998.50	999.50	1001.50	1002.00	1003.00	1004.00	1005.50	1006.50	1008.50	1009.50	1010.50	1011.00	1012.50	1014.00	1015.00	1017.50	1018.00	1019.00	1020.50	1021.50	1023.00	1024.50	1025.50	1026.00	1027.50	1028.50	1030.00	1030.00	1031.50	1033.00	1034.00	1034.50	1035.50	1036.00	1037.50	1038.00	1039.00	1040.00	1040.50	1041.50	1042.50	1043.00	1044.00	1045.00	1045.50	1047.00	1048.00	1048.50	1049.50	1050.00	1051.00	1052.00	1053.00	1053.50	1054.50	1055.50	1056.00	1056.50	1057.00	1058.50	1059.00	1060.00	1061.00	1061.50	1062.00	1062.50	1063.00	1064.00	1064.50	1065.00	1065.00	1065.50	1066.00	1066.00	1067.00	1067.50	1068.00	1069.00	1069.50	1070.50	1072.00	1072.50	1074.00	1075.00	1076.50	1077.50	1079.00	1080.50	1081.50	1083.00	1084.00	1085.50	1087.00	1087.50	1088.50	1089.00	1090.00	1090.50	1091.00	1091.00	1092.50	1093.00	1093.50	1094.50	1095.00	1096.00	1096.00	1096.50	1097.00	1097.00	1097.00	1098.00	1098.00	1099.00	1100.00	1100.50	1101.50	1102.50	1103.50	1104.00	1105.00	1106.00	1107.50	1109.00	1110.50	1111.50	1112.50	1113.00	1114.50	1116.00	1117.00	1118.00	1118.50	1119.50	1120.00	1120.50	1121.00	1121.00	1122.50	1124.00	1125.00	1125.50	1126.50	1128.00	1128.50	1129.00	1130.00	1131.00	1131.50	1133.00	1134.50	1135.00	1136.00	1137.00	1138.50	1140.00	1141.00	1141.50	1142.50	1144.00	1144.50	1146.00	1147.00	1147.50	1148.50	1149.50	1150.50	1151.00	1152.00	1152.50	1153.50	1154.00	1155.00	1155.50	1156.00
868.00	871.00	873.00	875.00	878.00	880.00	883.00	884.00	886.50	888.00	890.50	892.50	894.00	896.00	897.00	899.00	901.00	903.00	904.50	906.00	909.00	910.50	913.00	914.00	916.50	917.50	920.50	922.00	923.50	925.00	927.00	930.00	931.00	932.50	934.00	935.50	938.00	939.50	941.00	942.00	944.50	945.50	947.50	949.00	950.50	952.00	953.50	955.00	956.50	957.50	958.50	960.00	961.50	963.00	964.00	966.00	967.50	969.00	970.50	972.00	974.00	976.00	977.50	979.00	981.50	982.50	983.50	986.00	987.50	989.00	991.00	992.50	993.50	995.50	997.50	998.50	1001.00	1002.00	1004.00	1005.00	1006.50	1007.50	1008.50	1010.00	1010.50	1012.00	1013.00	1014.50	1015.50	1017.50	1018.50	1019.50	1021.00	1022.50	1024.00	1025.00	1026.00	1026.50	1028.00	1029.50	1030.50	1032.00	1032.50	1033.50	1034.50	1036.50	1037.00	1038.00	1039.00	1040.50	1042.00	1043.00	1043.50	1044.50	1045.00	1046.00	1047.00	1048.00	1048.50	1049.00	1049.50	1050.50	1051.50	1052.00	1053.00	1054.50	1055.00	1056.50	1057.00	1057.50	1058.00	1059.50	1060.00	1061.00	1062.50	1063.00	1064.00	1064.50	1065.00	1066.00	1066.50	1068.00	1068.00	1069.50	1070.00	1071.00	1071.50	1072.00	1073.00	1073.50	1074.00	1074.00	1075.00	1075.00	1076.00	1076.00	1077.00	1078.00	1078.50	1079.00	1079.50	1081.00	1082.00	1083.00	1084.00	1085.50	1086.50	1088.00	1089.50	1091.00	1093.00	1094.00	1095.00	1096.00	1097.50	1098.00	1098.50	1100.00	1100.00	1101.00	1102.00	1102.50	1103.00	1104.00	1105.00	1105.50	1107.00	1107.00	1108.00	1109.00	1109.50	1110.00	1111.00	1112.00	1112.50	1114.00	1114.50	1115.50	1116.00	1117.00	1117.50	1118.00	1119.00	1119.50	1121.00	1122.00	1122.50	1123.50	1125.00	1126.00	1127.00	1127.00	1128.00	1128.50	1130.00	1131.50	1132.50	1133.00	1134.00	1134.50	1135.00	1136.50	1137.50	1138.50	1139.00	1140.00	1141.00	1141.00	1142.50	1143.00	1144.00	1145.00	1145.50	1147.00	1148.00	1148.50	1150.00	1150.50	1151.00	1151.50	1153.00	1153.50	1154.00	1155.00	1155.50	1156.00	1157.00	1157.50	1158.00	1159.00	1159.50	1160.50	1161.00	1162.50	1163.00	1164.00
868.00	871.00	873.00	875.00	878.00	880.00	883.00	884.00	886.50	888.00	890.50	892.50	894.00	896.00	897.00	899.00	901.00	903.00	904.50	906.00	909.00	910.50	913.00	914.00	916.50	917.50	920.50	922.00	923.50	925.00	927.00	930.00	931.00	932.50	934.00	935.50	938.00	939.50	941.00	942.00	944.50	945.50	947.50	949.00	950.50	952.00	953.50	955.00	956.50	957.50	958.50	960.00	961.50	963.00	964.00	966.00	967.50	969.00	970.50	972.00	974.00	976.00	977.50	979.00	981.50	982.50	983.50	986.00	987.50	989.00	991.00	992.50	993.50	995.50	997.50	998.50	1001.00	1002.00	1004.00	1005.00	1006.50	1007.50	1008.50	1010.00	1010.50	1012.00	1013.00	1014.50	1015.50	1017.50	1018.50	1019.50	1021.00	1022.50	1024.00	1025.00	1026.00	1026.50	1028.00	1029.50	1030.50	1032.00	1032.50	1033.50	1034.50	1036.50	1037.00	1038.00	1039.00	1040.50	1042.00	1043.00	1043.50	1044.50	1045.00	1046.00	1047.00	1048.00	1048.50	1049.00	1049.50	1050.50	1051.50	1052.00	1053.00	1054.50	1055.00	1056.50	1057.00	1057.50	1058.00	1059.50	1060.00	1061.00	1062.50	1063.00	1064.00	1064.50	1065.00	1066.00	1066.50	1068.00	1068.00	1069.50	1070.00	1071.00	1071.50	1072.00	1073.00	1073.50	1074.00	1074.00	1075.00	1075.00	1076.00	1076.00	1077.00	1078.00	1078.50	1079.00	1079.50	1081.00	1082.00	1083.00	1084.00	1085.50	1086.50	1088.00	1089.50	1091.00	1093.00	1094.00	1095.00	1096.00	1097.50	1098.00	1098.50	1100.00	1100.00	1101.00	1102.00	1102.50	1103.00	1104.00	1105.00	1105.50	1107.00	1107.00	1108.00	1109.00	1109.50	1110.00	1111.00	1112.00	1112.50	1114.00	1114.50	1115.50	1116.00	1117.00	1117.50	1118.00	1119.00	1119.50	1121.00	1122.00	1122.50	1123.50	1125.00	1126.00	1127.00	1127.00	1128.00	1128.50	1130.00	1131.50	1132.50	1133.00	1134.00	1134.50	1135.00	1136.50	1137.50	1138.50	1139.00	1140.00	1141.00	1141.00	1142.50	1143.00	1144.00	1145.00	1145.50	1147.00	1148.00	1148.50	1150.00	1150.50	1151.00	1151.50	1153.00	1153.50	1154.00	1155.00	1155.50	1156.00	1157.00	1157.50	1158.00	1159.00	1159.50	1160.50	1161.00	1162.50	1163.00	1164.00
868.00	871.00	873.00	875.00	878.00	880.00	883.00	884.00	886.50	888.00	890.50	892.50	894.00	896.00	897.00	899.00	901.00	903.00	904.50	906.00	909.00	910.50	913.00	914.00	916.50	917.50	920.50	922.00	923.50	925.00	927.00	930.00	931.00	932.50	934.00	935.50	938.00	939.50	941.00	942.00	944.50	945.50	947.50	949.00	950.50	952.00	953.50	955.00	956.50	957.50	958.50	960.00	961.50	963.00	964.00	966.00	967.50	969.00	970.50	972.00	974.00	976.00	977.50	979.00	981.50	982.50	983.50	986.00	987.50	989.00	991.00	992.50	993.50	995.50	997.50	998.50	1001.00	1002.00	1004.00	1005.00	1006.50	1007.50	1008.50	1010.00	1010.50	1012.00	1013.00	1014.50	1015.50	1017.50	1018.50	1019.50	1021.00	1022.50	1024.00	1025.00	1026.00	1026.50	1028.00	1029.50	1030.50	1032.00	1032.50	1033.50	1034.50	1036.50	1037.00	1038.00	1039.00	1040.50	1042.00	1043.00	1043.50	1044.50	1045.00	1046.00	1047.00	1048.00	1048.50	1049.00	1049.50	1050.50	1051.50	1052.00	1053.00	1054.50	1055.00	1056.50	1057.00	1057.50	1058.00	1059.50	1060.00	1061.00	1062.50	1063.00	1064.00	1064.50	1065.00	1066.00	1066.50	1068.00	1068.00	1069.50	1070.00	1071.00	1071.50	1072.00	1073.00	1073.50	1074.00	1074.00	1075.00	1075.00	1076.00	1076.00	1077.00	1078.00	1078.50	1079.00	1079.50	1081.00	1082.00	1083.00	1084.00	1085.50	1086.50	1088.00	1089.50	1091.00	1093.00	1094.00	1095.00	1096.00	1097.50	1098.00	1098.50	1100.00	1100.00	1101.00	1102.00	1102.50	1103.00	1104.00	1105.00	1105.50	1107.00	1107.00	1108.00	1109.00	1109.50	1110.00	1111.00	1112.00	1112.50	1114.00	1114.50	1115.50	1116.00	1117.00	1117.50	1118.00	1119.00	1119.50	1121.00	1122.00	1122.50	1123.50	1125.00	1126.00	1127.00	1127.00	1128.00	1128.50	1130.00	1131.50	1132.50	1133.00	1134.00	1134.50	1135.00	1136.50	1137.50	1138.50	1139.00	1140.00	1141.00	1141.00	1142.50	1143.00	1144.00	1145.00	1145.50	1147.00	1148.00	1148.50	1150.00	1150.50	1151.00	1151.50	1153.00	1153.50	1154.00	1155.00	1155.50	1156.00	1157.00	1157.50	1158.00	1159.00	1159.50	1160.50	1161.00	1162.50	1163.00	1164.00
870.50	873.50	875.50	877.50	880.50	883.00	885.50	887.00	889.50	891.00	893.50	895.50	897.00	899.00	900.00	902.00	904.00	906.00	907.50	909.00	912.00	913.50	916.00	917.50	920.00	921.25	924.50	926.00	927.50	929.50	931.00	934.00	935.50	937.25	938.75	940.00	942.50	944.00	945.50	947.00	949.25	950.50	952.50	953.75	955.25	957.00	958.25	959.50	961.00	962.00	963.00	964.50	966.00	967.50	968.50	970.25	971.50	973.00	974.75	976.25	978.00	979.50	981.50	983.00	985.50	986.50	987.75	990.00	991.75	993.50	995.00	996.75	998.00	999.75	1001.75	1003.00	1005.00	1006.00	1008.00	1009.00	1010.50	1011.50	1012.50	1014.50	1015.50	1017.00	1018.00	1019.50	1020.50	1022.00	1023.00	1024.00	1025.50	1027.00	1028.50	1029.00	1030.25	1031.00	1032.00	1033.50	1034.50	1036.00	1037.00	1038.00	1039.00	1040.50	1041.25	1042.50	1043.50	1045.00	1046.50	1047.25	1048.00	1048.75	1049.50	1050.50	1051.50	1052.00	1052.75	1053.25	1054.00	1054.75	1055.50	1056.50	1057.50	1058.50	1059.00	1060.50	1061.00	1061.50	1062.00	1063.25	1064.00	1064.50	1066.00	1066.50	1067.50	1068.00	1068.50	1069.50	1070.00	1071.50	1071.50	1073.00	1073.75	1074.50	1075.50	1076.00	1077.00	1077.75	1078.25	1078.75	1079.75	1080.00	1081.00	1081.00	1082.00	1083.00	1083.50	1084.00	1084.50	1086.00	1087.25	1088.00	1089.00	1090.50	1091.50	1093.00	1094.50	1095.75	1097.50	1098.50	1099.75	1101.00	1102.25	1102.75	1103.50	1105.00	1105.50	1106.00	1107.00	1107.50	1108.25	1109.25	1110.00	1110.50	1112.00	1112.50	1113.50	1114.50	1115.25	1115.75	1117.00	1118.00	1118.50	1120.00	1120.75	1121.50	1122.00	1122.75	1123.25	1124.00	1124.50	1125.25	1126.50	1127.25	1127.75	1128.50	1130.00	1130.75	1132.00	1132.00	1133.25	1134.00	1135.50	1137.00	1138.00	1139.00	1139.50	1140.50	1141.50	1142.75	1143.50	1144.50	1145.50	1146.25	1147.00	1147.50	1148.50	1149.00	1149.75	1150.75	1151.25	1152.00	1153.00	1153.50	1154.50	1155.00	1155.50	1156.00	1157.00	1157.50	1158.00	1158.50	1159.00	1159.50	1160.50	1161.00	1161.50	1162.50	1163.50	1164.25	1165.00	1166.50	1167.25	1168.50
873.00	876.00	878.00	880.00	883.00	886.00	888.00	890.00	892.50	894.00	896.50	898.50	900.00	902.00	903.00	905.00	907.00	909.00	910.50	912.00	915.00	916.50	919.00	921.00	923.50	925.00	928.50	930.00	931.50	934.00	935.00	938.00	940.00	942.00	943.50	944.50	947.00	948.50	950.00	952.00	954.00	955.50	957.50	958.50	960.00	962.00	963.00	964.00	965.50	966.50	967.50	969.00	970.50	972.00	973.00	974.50	975.50	977.00	979.00	980.50	982.00	983.00	985.50	987.00	989.50	990.50	992.00	994.00	996.00	998.00	999.00	1001.00	1002.50	1004.00	1006.00	1007.50	1009.00	1010.00	1012.00	1013.00	1014.50	1015.50	1016.50	1019.00	1020.50	1022.00	1023.00	1024.50	1025.50	1026.50	1027.50	1028.50	1030.00	1031.50	1033.00	1033.00	1034.50	1035.50	1036.00	1037.50	1038.50	1040.00	1041.50	1042.50	1043.50	1044.50	1045.50	1047.00	1048.00	1049.50	1051.00	1051.50	1052.50	1053.00	1054.00	1055.00	1056.00	1056.00	1057.00	1057.50	1058.50	1059.00	1059.50	1061.00	1062.00	1062.50	1063.00	1064.50	1065.00	1065.50	1066.00	1067.00	1068.00	1068.00	1069.50	1070.00	1071.00	1071.50	1072.00	1073.00	1073.50	1075.00	1075.00	1076.50	1077.50	1078.00	1079.50	1080.00	1081.00	1082.00	1082.50	1083.50	1084.50	1085.00	1086.00	1086.00	1087.00	1088.00	1088.50	1089.00	1089.50	1091.00	1092.50	1093.00	1094.00	1095.50	1096.50	1098.00	1099.50	1100.50	1102.00	1103.00	1104.50	1106.00	1107.00	1107.50	1108.50	1110.00	1111.00	1111.00	1112.00	1112.50	1113.50	1114.50	1115.00	1115.50	1117.00	1118.00	1119.00	1120.00	1121.00	1121.50	1123.00	1124.00	1124.50	1126.00	1127.00	1127.50	1128.00	1128.50	1129.00	1130.00	1130.00	1131.00	1132.00	1132.50	1133.00	1133.50	1135.00	1135.50	1137.00	1137.00	1138.50	1139.50	1141.00	1142.50	1143.50	1145.00	1145.00	1146.50	1148.00	1149.00	1149.50	1150.50	1152.00	1152.50	1153.00	1154.00	1154.50	1155.00	1155.50	1156.50	1157.00	1157.00	1158.00	1158.50	1159.00	1159.50	1160.00	1160.50	1161.00	1161.50	1162.00	1162.00	1162.50	1163.00	1164.00	1164.50	1165.00	1166.00	1167.50	1168.00	1169.00	1170.50	1171.50	1173.00
873.00	876.00	878.00	880.00	883.00	886.00	888.00	890.00	892.50	894.00	896.50	898.50	900.00	902.00	903.00	905.00	907.00	909.00	910.50	912.00	915.00	916.50	919.00	921.00	923.50	925.00	928.50	930.00	931.50	934.00	935.00	938.00	940.00	942.00	943.50	944.50	947.00	948.50	950.00	952.00	954.00	955.50	957.50	958.50	960.00	962.00	963.00	964.00	965.50	966.50	967.50	969.00	970.50	972.00	973.00	974.50	975.50	977.00	979.00	980.50	982.00	983.00	985.50	987.00	989.50	990.50	992.00	994.00	996.00	998.00	999.00	1001.00	1002.50	1004.00	1006.00	1007.50	1009.00	1010.00	1012.00	1013.00	1014.50	1015.50	1016.50	1019.00	1020.50	1022.00	1023.00	1024.50	1025.50	1026.50	1027.50	1028.50	1030.00	1031.50	1033.00	1033.00	1034.50	1035.50	1036.00	1037.50	1038.50	1040.00	1041.50	1042.50	1043.50	1044.50	1045.50	1047.00	1048.00	1049.50	1051.00	1051.50	1052.50	1053.00	1054.00	1055.00	1056.00	1056.00	1057.00	1057.50	1058.50	1059.00	1059.50	1061.00	1062.00	1062.50	1063.00	1064.50	1065.00	1065.50	1066.00	1067.00	1068.00	1068.00	1069.50	1070.00	1071.00	1071.50	1072.00	1073.00	1073.50	1075.00	1075.00	1076.50	1077.50	1078.00	1079.50	1080.00	1081.00	1082.00	1082.50	1083.50	1084.50	1085.00	1086.00	1086.00	1087.00	1088.00	1088.50	1089.00	1089.50	1091.00	1092.50	1093.00	1094.00	1095.50	1096.50	1098.00	1099.50	1100.50	1102.00	1103.00	1104.50	1106.00	1107.00	1107.50	1108.50	1110.00	1111.00	1111.00	1112.00	1112.50	1113.50	1114.50	1115.00	1115.50	1117.00	1118.00	1119.00	1120.00	1121.00	1121.50	1123.00	1124.00	1124.50	1126.00	1127.00	1127.50	1128.00	1128.50	1129.00	1130.00	1130.00	1131.00	1132.00	1132.50	1133.00	1133.50	1135.00	1135.50	1137.00	1137.00	1138.50	1139.50	1141.00	1142.50	1143.50	1145.00	1145.00	1146.50	1148.00	1149.00	1149.50	1150.50	1152.00	1152.50	1153.00	1154.00	1154.50	1155.00	1155.50	1156.50	1157.00	1157.00	1158.00	1158.50	1159.00	1159.50	1160.00	1160.50	1161.00	1161.50	1162.00	1162.00	1162.50	1163.00	1164.00	1164.50	1165.00	1166.00	1167.50	1168.00	1169.00	1170.50	1171.50	1173.00
873.00	876.00	878.00	880.00	883.00	886.00	888.00	890.00	892.50	894.00	896.50	898.50	900.00	902.00	903.00	905.00	907.00	909.00	910.50	912.00	915.00	916.50	919.00	921.00	923.50	925.00	928.50	930.00	931.50	934.00	935.00	938.00	940.00	942.00	943.50	944.50	947.00	948.50	950.00	952.00	954.00	955.50	957.50	958.50	960.00	962.00	963.00	964.00	965.50	966.50	967.50	969.00	970.50	972.00	973.00	974.50	975.50	977.00	979.00	980.50	982.00	983.00	985.50	987.00	989.50	990.50	992.00	994.00	996.00	998.00	999.00	1001.00	1002.50	1004.00	1006.00	1007.50	1009.00	1010.00	1012.00	1013.00	1014.50	1015.50	1016.50	1019.00	1020.50	1022.00	1023.00	1024.50	1025.50	1026.50	1027.50	1028.50	1030.00	1031.50	1033.00	1033.00	1034.50	1035.50	1036.00	1037.50	1038.50	1040.00	1041.50	1042.50	1043.50	1044.50	1045.50	1047.00	1048.00	1049.50	1051.00	1051.50	1052.50	1053.00	1054.00	1055.00	1056.00	1056.00	1057.00	1057.50	1058.50	1059.00	1059.50	1061.00	1062.00	1062.50	1063.00	1064.50	1065.00	1065.50	1066.00	1067.00	1068.00	1068.00	1069.50	1070.00	1071.00	1071.50	1072.00	1073.00	1073.50	1075.00	1075.00	1076.50	1077.50	1078.00	1079.50	1080.00	1081.00	1082.00	1082.50	1083.50	1084.50	1085.00	1086.00	1086.00	1087.00	1088.00	1088.50	1089.00	1089.50	1091.00	1092.50	1093.00	1094.00	1095.50	1096.50	1098.00	1099.50	1100.50	1102.00	1103.00	1104.50	1106.00	1107.00	1107.50	1108.50	1110.00	1111.00	1111.00	1112.00	1112.50	1113.50	1114.50	1115.00	1115.50	1117.00	1118.00	1119.00	1120.00	1121.00	1121.50	1123.00	1124.00	1124.50	1126.00	1127.00	1127.50	1128.00	1128.50	1129.00	1130.00	1130.00	1131.00	1132.00	1132.50	1133.00	1133.50	1135.00	1135.50	1137.00	1137.00	1138.50	1139.50	1141.00	1142.50	1143.50	1145.00	1145.00	1146.50	1148.00	1149.00	1149.50	1150.50	1152.00	1152.50	1153.00	1154.00	1154.50	1155.00	1155.50	1156.50	1157.00	1157.00	1158.00	1158.50	1159.00	1159.50	1160.00	1160.50	1161.00	1161.50	1162.00	1162.00	1162.50	1163.00	1164.00	1164.50	1165.00	1166.00	1167.50	1168.00	1169.00	1170.50	1171.50	1173.00
876.00	879.50	882.00	884.00	887.00	890.00	893.00	894.00	897.00	898.50	901.00	903.50	905.00	907.00	909.00	910.50	913.00	915.00	916.50	918.00	921.00	923.00	926.00	928.00	931.00	932.50	935.50	937.00	939.00	941.00	943.00	946.00	948.00	950.00	951.50	953.00	955.50	957.00	959.00	960.00	962.50	963.50	965.50	966.50	967.50	969.00	971.50	973.00	974.00	974.50	975.50	977.00	978.50	980.00	980.00	982.50	983.50	985.50	987.50	988.50	990.00	991.00	993.00	995.00	997.00	998.50	999.50	1002.00	1003.50	1006.00	1007.00	1009.00	1010.50	1012.00	1014.00	1015.50	1017.00	1018.00	1020.00	1022.00	1023.50	1024.50	1025.50	1028.50	1029.50	1031.00	1032.00	1033.50	1034.50	1036.50	1037.00	1037.50	1039.00	1040.00	1041.00	1042.00	1043.00	1043.50	1045.00	1046.00	1046.50	1048.00	1049.50	1050.50	1051.50	1053.50	1054.50	1056.00	1057.00	1058.00	1059.00	1060.50	1061.00	1061.50	1062.00	1063.50	1064.00	1065.00	1065.50	1066.00	1066.50	1067.50	1068.50	1069.00	1070.00	1070.50	1072.00	1072.00	1072.50	1073.00	1073.00	1074.00	1075.00	1075.00	1075.50	1076.50	1077.50	1078.00	1078.50	1080.00	1080.50	1082.00	1083.00	1083.50	1084.50	1085.00	1086.50	1087.50	1089.00	1090.50	1091.50	1092.50	1094.00	1094.50	1096.00	1096.00	1097.50	1098.00	1099.00	1099.50	1100.50	1101.00	1102.50	1104.00	1105.00	1105.50	1106.50	1108.00	1109.50	1110.50	1112.00	1113.00	1114.50	1116.00	1117.00	1117.50	1118.50	1119.00	1120.50	1121.00	1122.00	1122.50	1123.50	1124.50	1125.50	1126.50	1128.00	1128.00	1129.00	1130.00	1131.00	1131.50	1133.00	1134.00	1135.50	1136.00	1136.50	1137.00	1137.00	1138.00	1138.50	1139.00	1140.00	1140.50	1141.00	1141.50	1142.00	1142.50	1143.00	1144.50	1146.00	1147.00	1148.50	1149.50	1151.00	1152.50	1154.00	1156.00	1157.00	1158.50	1160.00	1161.50	1162.00	1162.50	1163.00	1164.00	1165.00	1165.00	1165.50	1166.00	1166.50	1167.00	1167.50	1168.00	1168.00	1168.00	1168.00	1168.50	1169.00	1169.00	1169.00	1170.00	1170.00	1170.00	1170.50	1171.00	1172.00	1172.50	1173.50	1175.00	1176.50	1177.50	1179.00	1180.50	1181.50	1183.00
876.00	879.50	882.00	884.00	887.00	890.00	893.00	894.00	897.00	898.50	901.00	903.50	905.00	907.00	909.00	910.50	913.00	915.00	916.50	918.00	921.00	923.00	926.00	928.00	931.00	932.50	935.50	937.00	939.00	941.00	943.00	946.00	948.00	950.00	951.50	953.00	955.50	957.00	959.00	960.00	962.50	963.50	965.50	966.50	967.50	969.00	971.50	973.00	974.00	974.50	975.50	977.00	978.50	980.00	980.00	982.50	983.50	985.50	987.50	988.50	990.00	991.00	993.00	995.00	997.00	998.50	999.50	1002.00	1003.50	1006.00	1007.00	1009.00	1010.50	1012.00	1014.00	1015.50	1017.00	1018.00	1020.00	1022.00	1023.50	1024.50	1025.50	1028.50	1029.50	1031.00	1032.00	1033.50	1034.50	1036.50	1037.00	1037.50	1039.00	1040.00	1041.00	1042.00	1043.00	1043.50	1045.00	1046.00	1046.50	1048.00	1049.50	1050.50	1051.50	1053.50	1054.50	1056.00	1057.00	1058.00	1059.00	1060.50	1061.00	1061.50	1062.00	1063.50	1064.00	1065.00	1065.50	1066.00	1066.50	1067.50	1068.50	1069.00	1070.00	1070.50	1072.00	1072.00	1072.50	1073.00	1073.00	1074.00	1075.00	1075.00	1075.50	1076.50	1077.50	1078.00	1078.50	1080.00	1080.50	1082.00	1083.00	1083.50	1084.50	1085.00	1086.50	1087.50	1089.00	1090.50	1091.50	1092.50	1094.00	1094.50	1096.00	1096.00	1097.50	1098.00	1099.00	1099.50	1100.50	1101.00	1102.50	1104.00	1105.00	1105.50	1106.50	1108.00	1109.50	1110.50	1112.00	1113.00	1114.50	1116.00	1117.00	1117.50	1118.50	1119.00	1120.50	1121.00	1122.00	1122.50	1123.50	1124.50	1125.50	1126.50	1128.00	1128.00	1129.00	1130.00	1131.00	1131.50	1133.00	1134.00	1135.50	1136.00	1136.50	1137.00	1137.00	1138.00	1138.50	1139.00	1140.00	1140.50	1141.00	1141.50	1142.00	1142.50	1143.00	1144.50	1146.00	1147.00	1148.50	1149.50	1151.00	1152.50	1154.00	1156.00	1157.00	1158.50	1160.00	1161.50	1162.00	1162.50	1163.00	1164.00	1165.00	1165.00	1165.50	1166.00	1166.50	1167.00	1167.50	1168.00	1168.00	1168.00	1168.00	1168.50	1169.00	1169.00	1169.00	1170.00	1170.00	1170.00	1170.50	1171.00	1172.00	1172.50	1173.50	1175.00	1176.50	1177.50	1179.00	1180.50	1181.50	1183.00
879.00	882.25	884.50	886.50	889.50	892.50	895.50	897.00	899.75	901.25	903.75	906.25	908.00	910.00	911.50	913.50	916.00	918.25	919.75	921.50	925.00	927.00	930.00	932.00	934.75	936.25	939.50	941.00	943.00	945.50	947.00	950.50	952.00	954.50	956.00	957.25	959.50	961.00	963.00	964.00	966.00	967.00	969.00	970.00	971.25	973.00	975.00	976.00	977.25	978.00	979.00	980.50	982.00	983.50	984.00	986.00	987.25	989.25	991.00	992.25	994.00	995.00	996.75	999.00	1000.75	1002.25	1003.50	1006.00	1007.50	1010.00	1011.00	1012.75	1014.25	1016.00	1017.75	1019.25	1021.00	1022.00	1024.50	1026.00	1027.50	1028.75	1030.00	1032.50	1033.50	1035.50	1036.50	1038.00	1039.00	1041.00	1041.75	1042.25	1043.50	1044.25	1045.50	1046.00	1047.25	1048.00	1049.00	1050.25	1051.00	1052.50	1054.00	1054.75	1055.50	1057.50	1058.50	1060.00	1061.00	1062.25	1063.50	1064.50	1065.00	1065.50	1066.00	1067.50	1068.00	1069.00	1069.50	1070.25	1071.00	1071.75	1072.50	1073.00	1073.50	1074.25	1075.50	1075.50	1076.00	1076.50	1076.50	1077.50	1078.00	1078.50	1079.25	1080.00	1081.00	1081.50	1082.00	1083.50	1084.00	1085.50	1086.50	1087.50	1088.50	1089.50	1091.00	1092.00	1093.50	1095.00	1096.00	1097.00	1098.75	1099.50	1101.00	1101.00	1102.50	1103.50	1104.50	1105.00	1106.00	1106.50	1108.00	1109.00	1110.00	1111.00	1112.00	1113.25	1114.50	1115.50	1117.00	1118.00	1119.50	1120.50	1121.75	1122.50	1123.50	1124.00	1125.50	1126.00	1127.00	1127.50	1128.25	1129.25	1130.25	1131.00	1132.00	1132.50	1133.25	1134.50	1135.25	1136.00	1137.50	1138.50	1139.50	1140.00	1140.50	1141.00	1141.25	1142.00	1142.50	1143.00	1144.00	1144.25	1145.00	1145.50	1146.25	1146.75	1147.50	1149.00	1150.50	1151.50	1153.25	1154.50	1156.25	1158.00	1159.25	1161.00	1162.00	1164.00	1165.50	1166.50	1167.25	1168.00	1168.50	1169.25	1170.00	1170.00	1170.75	1171.00	1171.50	1172.00	1172.25	1172.50	1172.50	1172.50	1172.50	1172.75	1173.00	1173.00	1173.50	1174.00	1174.00	1174.00	1174.75	1175.00	1176.25	1177.00	1178.00	1180.00	1181.50	1182.50	1184.50	1186.00	1187.00	1188.50
882.00	885.00	887.00	889.00	892.00	895.00	898.00	900.00	902.50	904.00	906.50	909.00	911.00	913.00	914.00	916.50	919.00	921.50	923.00	925.00	929.00	931.00	934.00	936.00	938.50	940.00	943.50	945.00	947.00	950.00	951.00	955.00	956.00	959.00	960.50	961.50	963.50	965.00	967.00	968.00	969.50	970.50	972.50	973.50	975.00	977.00	978.50	979.00	980.50	981.50	982.50	984.00	985.50	987.00	988.00	989.50	991.00	993.00	994.50	996.00	998.00	999.00	1000.50	1003.00	1004.50	1006.00	1007.50	1010.00	1011.50	1014.00	1015.00	1016.50	1018.00	1020.00	1021.50	1023.00	1025.00	1026.00	1029.00	1030.00	1031.50	1033.00	1034.50	1036.50	1037.50	1040.00	1041.00	1042.50	1043.50	1045.50	1046.50	1047.00	1048.00	1048.50	1050.00	1050.00	1051.50	1052.50	1053.00	1054.50	1055.50	1057.00	1058.50	1059.00	1059.50	1061.50	1062.50	1064.00	1065.00	1066.50	1068.00	1068.50	1069.00	1069.50	1070.00	1071.50	1072.00	1073.00	1073.50	1074.50	1075.50	1076.00	1076.50	1077.00	1077.00	1078.00	1079.00	1079.00	1079.50	1080.00	1080.00	1081.00	1081.00	1082.00	1083.00	1083.50	1084.50	1085.00	1085.50	1087.00	1087.50	1089.00	1090.00	1091.50	1092.50	1094.00	1095.50	1096.50	1098.00	1099.50	1100.50	1101.50	1103.50	1104.50	1106.00	1106.00	1107.50	1109.00	1110.00	1110.50	1111.50	1112.00	1113.50	1114.00	1115.00	1116.50	1117.50	1118.50	1119.50	1120.50	1122.00	1123.00	1124.50	1125.00	1126.50	1127.50	1128.50	1129.00	1130.50	1131.00	1132.00	1132.50	1133.00	1134.00	1135.00	1135.50	1136.00	1137.00	1137.50	1139.00	1139.50	1140.50	1142.00	1143.00	1143.50	1144.00	1144.50	1145.00	1145.50	1146.00	1146.50	1147.00	1148.00	1148.00	1149.00	1149.50	1150.50	1151.00	1152.00	1153.50	1155.00	1156.00	1158.00	1159.50	1161.50	1163.50	1164.50	1166.00	1167.00	1169.50	1171.00	1171.50	1172.50	1173.50	1174.00	1174.50	1175.00	1175.00	1176.00	1176.00	1176.50	1177.00	1177.00	1177.00	1177.00	1177.00	1177.00	1177.00	1177.00	1177.00	1178.00	1178.00	1178.00	1178.00	1179.00	1179.00	1180.50	1181.50	1182.50	1185.00	1186.50	1187.50	1190.00	1191.50	1192.50	1194.00
882.00	885.00	887.00	889.00	892.00	895.00	898.00	900.00	902.50	904.00	906.50	909.00	911.00	913.00	914.00	916.50	919.00	921.50	923.00	925.00	929.00	931.00	934.00	936.00	938.50	940.00	943.50	945.00	947.00	950.00	951.00	955.00	956.00	959.00	960.50	961.50	963.50	965.00	967.00	968.00	969.50	970.50	972.50	973.50	975.00	977.00	978.50	979.00	980.50	981.50	982.50	984.00	985.50	987.00	988.00	989.50	991.00	993.00	994.50	996.00	998.00	999.00	1000.50	1003.00	1004.50	1006.00	1007.50	1010.00	1011.50	1014.00	1015.00	1016.50	1018.00	1020.00	1021.50	1023.00	1025.00	1026.00	1029.00	1030.00	1031.50	1033.00	1034.50	1036.50	1037.50	1040.00	1041.00	1042.50	1043.50	1045.50	1046.50	1047.00	1048.00	1048.50	1050.00	1050.00	1051.50	1052.50	1053.00	1054.50	1055.50	1057.00	1058.50	1059.00	1059.50	1061.50	1062.50	1064.00	1065.00	1066.50	1068.00	1068.50	1069.00	1069.50	1070.00	1071.50	1072.00	1073.00	1073.50	1074.50	1075.50	1076.00	1076.50	1077.00	1077.00	1078.00	1079.00	1079.00	1079.50	1080.00	1080.00	1081.00	1081.00	1082.00	1083.00	1083.50	1084.50	1085.00	1085.50	1087.00	1087.50	1089.00	1090.00	1091.50	1092.50	1094.00	1095.50	1096.50	1098.00	1099.50	1100.50	1101.50	1103.50	1104.50	1106.00	1106.00	1107.50	1109.00	1110.00	1110.50	1111.50	1112.00	1113.50	1114.00	1115.00	1116.50	1117.50	1118.50	1119.50	1120.50	1122.00	1123.00	1124.50	1125.00	1126.50	1127.50	1128.50	1129.00	1130.50	1131.00	1132.00	1132.50	1133.00	1134.00	1135.00	1135.50	1136.00	1137.00	1137.50	1139.00	1139.50	1140.50	1142.00	1143.00	1143.50	1144.00	1144.50	1145.00	1145.50	1146.00	1146.50	1147.00	1148.00	1148.00	1149.00	1149.50	1150.50	1151.00	1152.00	1153.50	1155.00	1156.00	1158.00	1159.50	1161.50	1163.50	1164.50	1166.00	1167.00	1169.50	1171.00	1171.50	1172.50	1173.50	1174.00	1174.50	1175.00	1175.00	1176.00	1176.00	1176.50	1177.00	1177.00	1177.00	1177.00	1177.00	1177.00	1177.00	1177.00	1177.00	1178.00	1178.00	1178.00	1178.00	1179.00	1179.00	1180.50	1181.50	1182.50	1185.00	1186.50	1187.50	1190.00	1191.50	1192.50	1194.00
882.00	885.00	887.00	889.00	892.00	895.00	898.00	900.00	902.50	904.00	906.50	909.00	911.00	913.00	914.00	916.50	919.00	921.50	923.00	925.00	929.00	931.00	934.00	936.00	938.50	940.00	943.50	945.00	947.00	950.00	951.00	955.00	956.00	959.00	960.50	961.50	963.50	965.00	967.00	968.00	969.50	970.50	972.50	973.50	975.00	977.00	978.50	979.00	980.50	981.50	982.50	984.00	985.50	987.00	988.00	989.50	991.00	993.00	994.50	996.00	998.00	999.00	1000.50	1003.00	1004.50	1006.00	1007.50	1010.00	1011.50	1014.00	1015.00	1016.50	1018.00	1020.00	1021.50	1023.00	1025.00	1026.00	1029.00	1030.00	1031.50	1033.00	1034.50	1036.50	1037.50	1040.00	1041.00	1042.50	1043.50	1045.50	1046.50	1047.00	1048.00	1048.50	1050.00	1050.00	1051.50	1052.50	1053.00	1054.50	1055.50	1057.00	1058.50	1059.00	1059.50	1061.50	1062.50	1064.00	1065.00	1066.50	1068.00	1068.50	1069.00	1069.50	1070.00	1071.50	1072.00	1073.00	1073.50	1074.50	1075.50	1076.00	1076.50	1077.00	1077.00	1078.00	1079.00	1079.00	1079.50	1080.00	1080.00	1081.00	1081.00	1082.00	1083.00	1083.50	1084.50	1085.00	1085.50	1087.00	1087.50	1089.00	1090.00	1091.50	1092.50	1094.00	1095.50	1096.50	1098.00	1099.50	1100.50	1101.50	1103.50	1104.50	1106.00	1106.00	1107.50	1109.00	1110.00	1110.50	1111.50	1112.00	1113.50	1114.00	1115.00	1116.50	1117.50	1118.50	1119.50	1120.50	1122.00	1123.00	1124.50	1125.00	1126.50	1127.50	1128.50	1129.00	1130.50	1131.00	1132.00	1132.50	1133.00	1134.00	1135.00	1135.50	1136.00	1137.00	1137.50	1139.00	1139.50	1140.50	1142.00	1143.00	1143.50	1144.00	1144.50	1145.00	1145.50	1146.00	1146.50	1147.00	1148.00	1148.00	1149.00	1149.50	1150.50	1151.00	1152.00	1153.50	1155.00	1156.00	1158.00	1159.50	1161.50	1163.50	1164.50	1166.00	1167.00	1169.50	1171.00	1171.50	1172.50	1173.50	1174.00	1174.50	1175.00	1175.00	1176.00	1176.00	1176.50	1177.00	1177.00	1177.00	1177.00	1177.00	1177.00	1177.00	1177.00	1177.00	1178.00	1178.00	1178.00	1178.00	1179.00	1179.00	1180.50	1181.50	1182.50	1185.00	1186.50	1187.50	1190.00	1191.50	1192.50	1194.00
892.00	894.50	896.00	898.00	901.00	903.00	906.00	908.00	910.50	912.00	914.50	917.00	918.50	921.00	922.00	924.50	927.00	929.50	931.00	933.00	937.00	939.00	942.00	943.00	946.00	948.00	952.00	953.50	955.00	958.00	960.00	963.00	965.00	966.50	968.00	969.50	972.00	973.50	975.00	976.00	977.50	978.50	980.50	981.50	982.50	984.00	985.00	986.00	987.50	989.00	990.00	991.00	993.50	995.00	996.00	997.50	998.50	1000.50	1003.00	1004.50	1006.00	1008.00	1009.50	1011.00	1013.50	1015.00	1016.50	1018.00	1020.50	1022.00	1023.00	1025.00	1026.50	1028.00	1029.50	1030.50	1033.00	1034.00	1037.00	1038.00	1040.50	1041.50	1042.50	1045.50	1046.50	1048.00	1049.00	1050.50	1052.00	1054.00	1054.50	1055.50	1056.00	1057.00	1058.00	1059.00	1060.00	1060.50	1062.00	1063.00	1063.50	1065.00	1066.50	1067.50	1068.50	1070.50	1071.50	1073.00	1074.00	1075.00	1076.00	1077.00	1077.50	1078.00	1079.00	1079.50	1080.00	1081.00	1081.50	1082.50	1083.50	1084.00	1084.00	1085.00	1085.00	1085.50	1086.00	1087.00	1087.00	1087.50	1088.00	1088.50	1090.00	1090.00	1091.50	1092.00	1093.50	1094.50	1095.00	1096.00	1097.50	1098.00	1099.00	1100.50	1101.50	1104.00	1105.50	1106.50	1108.00	1108.50	1109.50	1110.50	1113.00	1114.50	1116.00	1117.00	1118.50	1120.00	1121.00	1121.50	1122.00	1123.00	1123.50	1125.00	1126.00	1126.50	1127.50	1128.50	1129.50	1130.50	1131.00	1132.00	1133.50	1134.00	1135.50	1136.50	1137.00	1138.00	1139.00	1140.00	1141.00	1141.50	1142.00	1142.50	1143.50	1144.00	1145.00	1145.00	1146.50	1147.00	1148.50	1149.00	1150.00	1151.00	1151.50	1152.00	1153.00	1153.00	1153.50	1154.00	1154.50	1155.00	1156.00	1156.50	1158.00	1159.00	1159.50	1160.50	1162.00	1163.00	1164.00	1165.00	1168.00	1169.50	1171.50	1173.50	1174.50	1176.00	1177.00	1178.50	1180.00	1181.50	1182.50	1183.00	1184.00	1184.00	1185.00	1185.00	1185.00	1185.50	1186.00	1186.00	1186.00	1186.00	1186.00	1186.00	1186.00	1186.00	1186.00	1186.00	1186.00	1186.00	1187.00	1187.00	1188.50	1189.00	1190.50	1192.00	1193.50	1195.00	1197.50	1198.50	1201.00	1202.50	1203.50	1204.00
892.00	894.50	896.00	898.00	901.00	903.00	906.00	908.00	910.50	912.00	914.50	917.00	918.50	921.00	922.00	924.50	927.00	929.50	931.00	933.00	937.00	939.00	942.00	943.00	946.00	948.00	952.00	953.50	955.00	958.00	960.00	963.00	965.00	966.50	968.00	969.50	972.00	973.50	975.00	976.00	977.50	978.50	980.50	981.50	982.50	984.00	985.00	986.00	987.50	989.00	990.00	991.00	993.50	995.00	996.00	997.50	998.50	1000.50	1003.00	1004.50	1006.00	1008.00	1009.50	1011.00	1013.50	1015.00	1016.50	1018.00	1020.50	1022.00	1023.00	1025.00	1026.50	1028.00	1029.50	1030.50	1033.00	1034.00	1037.00	1038.00	1040.50	1041.50	1042.50	1045.50	1046.50	1048.00	1049.00	1050.50	1052.00	1054.00	1054.50	1055.50	1056.00	1057.00	1058.00	1059.00	1060.00	1060.50	1062.00	1063.00	1063.50	1065.00	1066.50	1067.50	1068.50	1070.50	1071.50	1073.00	1074.00	1075.00	1076.00	1077.00	1077.50	1078.00	1079.00	1079.50	1080.00	1081.00	1081.50	1082.50	1083.50	1084.00	1084.00	1085.00	1085.00	1085.50	1086.00	1087.00	1087.00	1087.50	1088.00	1088.50	1090.00	1090.00	1091.50	1092.00	1093.50	1094.50	1095.00	1096.00	1097.50	1098.00	1099.00	1100.50	1101.50	1104.00	1105.50	1106.50	1108.00	1108.50	1109.50	1110.50	1113.00	1114.50	1116.00	1117.00	1118.50	1120.00	1121.00	1121.50	1122.00	1123.00	1123.50	1125.00	1126.00	1126.50	1127.50	1128.50	1129.50	1130.50	1131.00	1132.00	1133.50	1134.00	1135.50	1136.50	1137.00	1138.00	1139.00	1140.00	1141.00	1141.50	1142.00	1142.50	1143.50	1144.00	1145.00	1145.00	1146.50	1147.00	1148.50	1149.00	1150.00	1151.00	1151.50	1152.00	1153.00	1153.00	1153.50	1154.00	1154.50	1155.00	1156.00	1156.50	1158.00	1159.00	1159.50	1160.50	1162.00	1163.00	1164.00	1165.00	1168.00	1169.50	1171.50	1173.50	1174.50	1176.00	1177.00	1178.50	1180.00	1181.50	1182.50	1183.00	1184.00	1184.00	1185.00	1185.00	1185.00	1185.50	1186.00	1186.00	1186.00	1186.00	1186.00	1186.00	1186.00	1186.00	1186.00	1186.00	1186.00	1186.00	1187.00	1187.00	1188.50	1189.00	1190.50	1192.00	1193.50	1195.00	1197.50	1198.50	1201.00	1202.50	1203.50	1204.00
892.00	894.50	896.00	898.00	901.00	903.00	906.00	908.00	910.50	912.00	914.50	917.00	918.50	921.00	922.00	924.50	927.00	929.50	931.00	933.00	937.00	939.00	942.00	943.00	946.00	948.00	952.00	953.50	955.00	958.00	960.00	963.00	965.00	966.50	968.00	969.50	972.00	973.50	975.00	976.00	977.50	978.50	980.50	981.50	982.50	984.00	985.00	986.00	987.50	989.00	990.00	991.00	993.50	995.00	996.00	997.50	998.50	1000.50	1003.00	1004.50	1006.00	1008.00	1009.50	1011.00	1013.50	1015.00	1016.50	1018.00	1020.50	1022.00	1023.00	1025.00	1026.50	1028.00	1029.50	1030.50	1033.00	1034.00	1037.00	1038.00	1040.50	1041.50	1042.50	1045.50	1046.50	1048.00	1049.00	1050.50	1052.00	1054.00	1054.50	1055.50	1056.00	1057.00	1058.00	1059.00	1060.00	1060.50	1062.00	1063.00	1063.50	1065.00	1066.50	1067.50	1068.50	1070.50	1071.50	1073.00	1074.00	1075.00	1076.00	1077.00	1077.50	1078.00	1079.00	1079.50	1080.00	1081.00	1081.50	1082.50	1083.50	1084.00	1084.00	1085.00	1085.00	1085.50	1086.00	1087.00	1087.00	1087.50	1088.00	1088.50	1090.00	1090.00	1091.50	1092.00	1093.50	1094.50	1095.00	1096.00	1097.50	1098.00	1099.00	1100.50	1101.50	1104.00	1105.50	1106.50	1108.00	1108.50	1109.50	1110.50	1113.00	1114.50	1116.00	1117.00	1118.50	1120.00	1121.00	1121.50	1122.00	1123.00	1123.50	1125.00	1126.00	1126.50	1127.50	1128.50	1129.50	1130.50	1131.00	1132.00	1133.50	1134.00	1135.50	1136.50	1137.00	1138.00	1139.00	1140.00	1141.00	1141.50	1142.00	1142.50	1143.50	1144.00	1145.00	1145.00	1146.50	1147.00	1148.50	1149.00	1150.00	1151.00	1151.50	1152.00	1153.00	1153.00	1153.50	1154.00	1154.50	1155.00	1156.00	1156.50	1158.00	1159.00	1159.50	1160.50	1162.00	1163.00	1164.00	1165.00	1168.00	1169.50	1171.50	1173.50	1174.50	1176.00	1177.00	1178.50	1180.00	1181.50	1182.50	1183.00	1184.00	1184.00	1185.00	1185.00	1185.00	1185.50	1186.00	1186.00	1186.00	1186.00	1186.00	1186.00	1186.00	1186.00	1186.00	1186.00	1186.00	1186.00	1187.00	1187.00	1188.50	1189.00	1190.50	1192.00	1193.50	1195.00	1197.50	1198.50	1201.00	1202.50	1203.50	1204.00
903.00	905.50	907.00	909.00	911.00	913.50	916.00	917.00	920.00	921.50	924.00	926.50	928.00	930.00	932.00	934.00	936.00	939.00	940.50	942.00	946.00	947.50	950.00	952.00	954.00	956.00	960.00	962.00	964.00	966.00	968.00	971.00	972.00	974.50	975.50	977.00	979.50	981.00	983.00	984.00	985.00	985.50	987.50	988.50	989.50	991.00	992.50	994.00	995.50	996.50	998.00	1000.00	1001.50	1004.00	1005.00	1006.50	1007.50	1009.50	1012.00	1013.50	1016.00	1017.00	1018.50	1021.00	1022.50	1023.50	1025.00	1027.00	1028.50	1030.00	1032.00	1033.50	1034.50	1036.00	1037.50	1038.50	1041.00	1042.00	1044.00	1046.00	1047.50	1049.00	1050.50	1052.50	1054.00	1056.00	1057.00	1058.50	1059.50	1061.00	1061.50	1062.50	1064.00	1065.50	1066.00	1067.00	1068.50	1069.50	1070.00	1071.50	1072.50	1074.00	1075.50	1076.50	1077.50	1079.50	1080.50	1082.00	1082.00	1083.50	1085.00	1085.50	1086.50	1087.00	1088.00	1088.50	1089.00	1089.00	1090.00	1090.50	1091.50	1092.00	1092.50	1093.00	1093.00	1094.00	1094.00	1095.00	1095.50	1096.00	1097.00	1098.00	1099.00	1100.00	1101.50	1102.50	1103.50	1104.50	1105.50	1107.00	1108.50	1109.00	1110.00	1111.50	1112.50	1114.00	1115.50	1116.50	1118.00	1119.50	1120.50	1121.50	1123.50	1124.50	1126.00	1127.00	1128.50	1130.00	1131.00	1131.50	1132.50	1133.00	1133.50	1135.00	1135.00	1136.50	1137.00	1138.00	1139.00	1139.50	1141.00	1141.00	1142.50	1143.00	1144.00	1144.50	1145.50	1146.00	1147.00	1148.00	1149.00	1150.00	1150.50	1151.50	1152.50	1153.00	1154.00	1154.00	1155.50	1157.00	1157.50	1158.50	1159.00	1160.00	1161.00	1162.00	1162.00	1162.50	1163.00	1164.50	1165.00	1166.00	1166.00	1167.50	1168.00	1169.50	1170.50	1171.50	1173.00	1174.50	1176.00	1177.00	1179.00	1180.50	1182.00	1183.50	1184.50	1186.00	1187.00	1188.50	1190.00	1191.00	1191.00	1191.50	1192.00	1192.50	1193.00	1193.00	1193.00	1193.00	1193.50	1194.00	1194.00	1194.00	1194.00	1194.00	1194.00	1194.00	1194.50	1194.50	1195.00	1195.50	1197.00	1197.00	1198.50	1199.50	1201.50	1202.50	1204.00	1206.00	1208.50	1210.00	1212.00	1213.50	1214.50	1216.00
903.00	905.50	907.00	909.00	911.00	913.50	916.00	917.00	920.00	921.50	924.00	926.50	928.00	930.00	932.00	934.00	936.00	939.00	940.50	942.00	946.00	947.50	950.00	952.00	954.00	956.00	960.00	962.00	964.00	966.00	968.00	971.00	972.00	974.50	975.50	977.00	979.50	981.00	983.00	984.00	985.00	985.50	987.50	988.50	989.50	991.00	992.50	994.00	995.50	996.50	998.00	1000.00	1001.50	1004.00	1005.00	1006.50	1007.50	1009.50	1012.00	1013.50	1016.00	1017.00	1018.50	1021.00	1022.50	1023.50	1025.00	1027.00	1028.50	1030.00	1032.00	1033.50	1034.50	1036.00	1037.50	1038.50	1041.00	1042.00	1044.00	1046.00	1047.50	1049.00	1050.50	1052.50	1054.00	1056.00	1057.00	1058.50	1059.50	1061.00	1061.50	1062.50	1064.00	1065.50	1066.00	1067.00	1068.50	1069.50	1070.00	1071.50	1072.50	1074.00	1075.50	1076.50	1077.50	1079.50	1080.50	1082.00	1082.00	1083.50	1085.00	1085.50	1086.50	1087.00	1088.00	1088.50	1089.00	1089.00	1090.00	1090.50	1091.50	1092.00	1092.50	1093.00	1093.00	1094.00	1094.00	1095.00	1095.50	1096.00	1097.00	1098.00	1099.00	1100.00	1101.50	1102.50	1103.50	1104.50	1105.50	1107.00	1108.50	1109.00	1110.00	1111.50	1112.50	1114.00	1115.50	1116.50	1118.00	1119.50	1120.50	1121.50	1123.50	1124.50	1126.00	1127.00	1128.50	1130.00	1131.00	1131.50	1132.50	1133.00	1133.50	1135.00	1135.00	1136.50	1137.00	1138.00	1139.00	1139.50	1141.00	1141.00	1142.50	1143.00	1144.00	1144.50	1145.50	1146.00	1147.00	1148.00	1149.00	1150.00	1150.50	1151.50	1152.50	1153.00	1154.00	1154.00	1155.50	1157.00	1157.50	1158.50	1159.00	1160.00	1161.00	1162.00	1162.00	1162.50	1163.00	1164.50	1165.00	1166.00	1166.00	1167.50	1168.00	1169.50	1170.50	1171.50	1173.00	1174.50	1176.00	1177.00	1179.00	1180.50	1182.00	1183.50	1184.50	1186.00	1187.00	1188.50	1190.00	1191.00	1191.00	1191.50	1192.00	1192.50	1193.00	1193.00	1193.00	1193.00	1193.50	1194.00	1194.00	1194.00	1194.00	1194.00	1194.00	1194.00	1194.50	1194.50	1195.00	1195.50	1197.00	1197.00	1198.50	1199.50	1201.50	1202.50	1204.00	1206.00	1208.50	1210.00	1212.00	1213.50	1214.50	1216.00
903.00	905.50	907.00	909.00	911.00	913.50	916.00	917.00	920.00	921.50	924.00	926.50	928.00	930.00	932.00	934.00	936.00	939.00	940.50	942.00	946.00	947.50	950.00	952.00	954.00	956.00	960.00	962.00	964.00	966.00	968.00	971.00	972.00	974.50	975.50	977.00	979.50	981.00	983.00	984.00	985.00	985.50	987.50	988.50	989.50	991.00	992.50	994.00	995.50	996.50	998.00	1000.00	1001.50	1004.00	1005.00	1006.50	1007.50	1009.50	1012.00	1013.50	1016.00	1017.00	1018.50	1021.00	1022.50	1023.50	1025.00	1027.00	1028.50	1030.00	1032.00	1033.50	1034.50	1036.00	1037.50	1038.50	1041.00	1042.00	1044.00	1046.00	1047.50	1049.00	1050.50	1052.50	1054.00	1056.00	1057.00	1058.50	1059.50	1061.00	1061.50	1062.50	1064.00	1065.50	1066.00	1067.00	1068.50	1069.50	1070.00	1071.50	1072.50	1074.00	1075.50	1076.50	1077.50	1079.50	1080.50	1082.00	1082.00	1083.50	1085.00	1085.50	1086.50	1087.00	1088.00	1088.50	1089.00	1089.00	1090.00	1090.50	1091.50	1092.00	1092.50	1093.00	1093.00	1094.00	1094.00	1095.00	1095.50	1096.00	1097.00	1098.00	1099.00	1100.00	1101.50	1102.50	1103.50	1104.50	1105.50	1107.00	1108.50	1109.00	1110.00	1111.50	1112.50	1114.00	1115.50	1116.50	1118.00	1119.50	1120.50	1121.50	1123.50	1124.50	1126.00	1127.00	1128.50	1130.00	1131.00	1131.50	1132.50	1133.00	1133.50	1135.00	1135.00	1136.50	1137.00	1138.00	1139.00	1139.50	1141.00	1141.00	1142.50	1143.00	1144.00	1144.50	1145.50	1146.00	1147.00	1148.00	1149.00	1150.00	1150.50	1151.50	1152.50	1153.00	1154.00	1154.00	1155.50	1157.00	1157.50	1158.50	1159.00	1160.00	1161.00	1162.00	1162.00	1162.50	1163.00	1164.50	1165.00	1166.00	1166.00	1167.50	1168.00	1169.50	1170.50	1171.50	1173.00	1174.50	1176.00	1177.00	1179.00	1180.50	1182.00	1183.50	1184.50	1186.00	1187.00	1188.50	1190.00	1191.00	1191.00	1191.50	1192.00	1192.50	1193.00	1193.00	1193.00	1193.00	1193.50	1194.00	1194.00	1194.00	1194.00	1194.00	1194.00	1194.00	1194.50	1194.50	1195.00	1195.50	1197.00	1197.00	1198.50	1199.50	1201.50	1202.50	1204.00	1206.00	1208.50	1210.00	1212.00	1213.50	1214.50	1216.00
909.00	911.50	913.00	914.75	916.50	919.00	921.00	922.50	925.00	926.75	929.25	931.50	933.00	935.00	937.00	939.00	941.00	943.25	944.75	946.50	950.00	951.75	954.00	956.00	958.50	960.25	964.00	965.75	967.50	970.00	972.00	975.00	976.00	978.25	979.50	980.75	983.50	984.75	986.50	988.00	989.25	989.75	991.50	992.50	993.50	995.00	997.00	998.50	1000.00	1001.00	1002.50	1004.50	1006.25	1008.50	1009.50	1011.50	1012.50	1014.50	1016.75	1018.25	1020.50	1021.50	1023.25	1025.50	1027.00	1028.00	1029.25	1031.50	1033.00	1034.50	1036.00	1037.50	1038.50	1040.00	1041.50	1042.75	1045.00	1046.00	1048.00	1049.50	1051.25	1052.75	1054.00	1056.00	1057.25	1059.00	1060.50	1062.00	1063.00	1064.25	1065.00	1066.00	1067.50	1069.00	1070.00	1071.00	1072.50	1073.50	1074.50	1076.00	1077.00	1079.00	1080.25	1081.00	1082.00	1084.00	1084.75	1086.00	1086.50	1088.00	1089.00	1090.00	1090.75	1091.25	1092.00	1092.75	1093.50	1093.50	1094.50	1095.00	1096.00	1096.50	1097.00	1097.50	1098.00	1098.75	1099.00	1100.00	1100.50	1101.25	1102.50	1103.75	1105.00	1106.00	1107.50	1108.50	1110.00	1111.00	1111.75	1113.00	1114.50	1115.50	1116.50	1118.00	1119.00	1120.50	1121.75	1122.50	1124.00	1125.00	1126.00	1126.75	1128.25	1129.00	1130.50	1131.50	1133.00	1134.50	1135.75	1136.50	1137.50	1138.00	1138.75	1140.00	1140.00	1141.00	1141.75	1142.75	1143.50	1144.00	1145.00	1145.50	1146.50	1147.00	1148.25	1148.75	1149.50	1150.00	1151.25	1152.00	1153.00	1154.25	1155.00	1156.00	1157.00	1157.50	1158.50	1159.00	1160.25	1161.50	1162.25	1163.00	1164.00	1164.50	1165.75	1166.50	1167.00	1167.50	1168.25	1169.75	1170.25	1171.50	1172.00	1173.25	1174.00	1175.50	1176.50	1177.50	1179.00	1180.50	1182.50	1183.50	1185.25	1186.50	1188.00	1189.50	1190.50	1191.50	1192.50	1193.75	1195.00	1195.50	1195.50	1196.00	1196.50	1196.75	1197.00	1197.00	1197.00	1197.00	1197.50	1198.00	1198.00	1198.00	1198.00	1198.25	1198.50	1198.50	1198.75	1199.00	1200.00	1200.75	1202.00	1202.50	1204.00	1205.25	1207.50	1208.50	1210.00	1212.00	1214.25	1215.25	1217.00	1219.00	1219.75	1221.00
915.00	917.50	919.00	920.50	922.00	924.50	926.00	928.00	930.00	932.00	934.50	936.50	938.00	940.00	942.00	944.00	946.00	947.50	949.00	951.00	954.00	956.00	958.00	960.00	963.00	964.50	968.00	969.50	971.00	974.00	976.00	979.00	980.00	982.00	983.50	984.50	987.50	988.50	990.00	992.00	993.50	994.00	995.50	996.50	997.50	999.00	1001.50	1003.00	1004.50	1005.50	1007.00	1009.00	1011.00	1013.00	1014.00	1016.50	1017.50	1019.50	1021.50	1023.00	1025.00	1026.00	1028.00	1030.00	1031.50	1032.50	1033.50	1036.00	1037.50	1039.00	1040.00	1041.50	1042.50	1044.00	1045.50	1047.00	1049.00	1050.00	1052.00	1053.00	1055.00	1056.50	1057.50	1059.50	1060.50	1062.00	1064.00	1065.50	1066.50	1067.50	1068.50	1069.50	1071.00	1072.50	1074.00	1075.00	1076.50	1077.50	1079.00	1080.50	1081.50	1084.00	1085.00	1085.50	1086.50	1088.50	1089.00	1090.00	1091.00	1092.50	1093.00	1094.50	1095.00	1095.50	1096.00	1097.00	1098.00	1098.00	1099.00	1099.50	1100.50	1101.00	1101.50	1102.00	1103.00	1103.50	1104.00	1105.00	1105.50	1106.50	1108.00	1109.50	1111.00	1112.00	1113.50	1114.50	1116.50	1117.50	1118.00	1119.00	1120.50	1122.00	1123.00	1124.50	1125.50	1127.00	1128.00	1128.50	1130.00	1130.50	1131.50	1132.00	1133.00	1133.50	1135.00	1136.00	1137.50	1139.00	1140.50	1141.50	1142.50	1143.00	1144.00	1145.00	1145.00	1145.50	1146.50	1147.50	1148.00	1148.50	1149.00	1150.00	1150.50	1151.00	1152.50	1153.00	1153.50	1154.00	1155.50	1156.00	1157.00	1158.50	1159.50	1160.50	1161.50	1162.00	1163.00	1164.00	1165.00	1166.00	1167.00	1167.50	1169.00	1169.00	1170.50	1171.00	1172.00	1172.50	1173.50	1175.00	1175.50	1177.00	1178.00	1179.00	1180.00	1181.50	1182.50	1183.50	1185.00	1186.50	1189.00	1190.00	1191.50	1192.50	1194.00	1195.50	1196.50	1197.00	1198.00	1199.00	1200.00	1200.00	1200.00	1200.50	1201.00	1201.00	1201.00	1201.00	1201.00	1201.00	1201.50	1202.00	1202.00	1202.00	1202.00	1202.50	1203.00	1203.00	1203.00	1203.50	1205.00	1206.00	1207.00	1208.00	1209.50	1211.00	1213.50	1214.50	1216.00	1218.00	1220.00	1220.50	1222.00	1224.50	1225.00	1226.00
915.00	917.50	919.00	920.50	922.00	924.50	926.00	928.00	930.00	932.00	934.50	936.50	938.00	940.00	942.00	944.00	946.00	947.50	949.00	951.00	954.00	956.00	958.00	960.00	963.00	964.50	968.00	969.50	971.00	974.00	976.00	979.00	980.00	982.00	983.50	984.50	987.50	988.50	990.00	992.00	993.50	994.00	995.50	996.50	997.50	999.00	1001.50	1003.00	1004.50	1005.50	1007.00	1009.00	1011.00	1013.00	1014.00	1016.50	1017.50	1019.50	1021.50	1023.00	1025.00	1026.00	1028.00	1030.00	1031.50	1032.50	1033.50	1036.00	1037.50	1039.00	1040.00	1041.50	1042.50	1044.00	1045.50	1047.00	1049.00	1050.00	1052.00	1053.00	1055.00	1056.50	1057.50	1059.50	1060.50	1062.00	1064.00	1065.50	1066.50	1067.50	1068.50	1069.50	1071.00	1072.50	1074.00	1075.00	1076.50	1077.50	1079.00	1080.50	1081.50	1084.00	1085.00	1085.50	1086.50	1088.50	1089.00	1090.00	1091.00	1092.50	1093.00	1094.50	1095.00	1095.50	1096.00	1097.00	1098.00	1098.00	1099.00	1099.50	1100.50	1101.00	1101.50	1102.00	1103.00	1103.50	1104.00	1105.00	1105.50	1106.50	1108.00	1109.50	1111.00	1112.00	1113.50	1114.50	1116.50	1117.50	1118.00	1119.00	1120.50	1122.00	1123.00	1124.50	1125.50	1127.00	1128.00	1128.50	1130.00	1130.50	1131.50	1132.00	1133.00	1133.50	1135.00	1136.00	1137.50	1139.00	1140.50	1141.50	1142.50	1143.00	1144.00	1145.00	1145.00	1145.50	1146.50	1147.50	1148.00	1148.50	1149.00	1150.00	1150.50	1151.00	1152.50	1153.00	1153.50	1154.00	1155.50	1156.00	1157.00	1158.50	1159.50	1160.50	1161.50	1162.00	1163.00	1164.00	1165.00	1166.00	1167.00	1167.50	1169.00	1169.00	1170.50	1171.00	1172.00	1172.50	1173.50	1175.00	1175.50	1177.00	1178.00	1179.00	1180.00	1181.50	1182.50	1183.50	1185.00	1186.50	1189.00	1190.00	1191.50	1192.50	1194.00	1195.50	1196.50	1197.00	1198.00	1199.00	1200.00	1200.00	1200.00	1200.50	1201.00	1201.00	1201.00	1201.00	1201.00	1201.00	1201.50	1202.00	1202.00	1202.00	1202.00	1202.50	1203.00	1203.00	1203.00	1203.50	1205.00	1206.00	1207.00	1208.00	1209.50	1211.00	1213.50	1214.50	1216.00	1218.00	1220.00	1220.50	1222.00	1224.50	1225.00	1226.00
915.00	917.50	919.00	920.50	922.00	924.50	926.00	928.00	930.00	932.00	934.50	936.50	938.00	940.00	942.00	944.00	946.00	947.50	949.00	951.00	954.00	956.00	958.00	960.00	963.00	964.50	968.00	969.50	971.00	974.00	976.00	979.00	980.00	982.00	983.50	984.50	987.50	988.50	990.00	992.00	993.50	994.00	995.50	996.50	997.50	999.00	1001.50	1003.00	1004.50	1005.50	1007.00	1009.00	1011.00	1013.00	1014.00	1016.50	1017.50	1019.50	1021.50	1023.00	1025.00	1026.00	1028.00	1030.00	1031.50	1032.50	1033.50	1036.00	1037.50	1039.00	1040.00	1041.50	1042.50	1044.00	1045.50	1047.00	1049.00	1050.00	1052.00	1053.00	1055.00	1056.50	1057.50	1059.50	1060.50	1062.00	1064.00	1065.50	1066.50	1067.50	1068.50	1069.50	1071.00	1072.50	1074.00	1075.00	1076.50	1077.50	1079.00	1080.50	1081.50	1084.00	1085.00	1085.50	1086.50	1088.50	1089.00	1090.00	1091.00	1092.50	1093.00	1094.50	1095.00	1095.50	1096.00	1097.00	1098.00	1098.00	1099.00	1099.50	1100.50	1101.00	1101.50	1102.00	1103.00	1103.50	1104.00	1105.00	1105.50	1106.50	1108.00	1109.50	1111.00	1112.00	1113.50	1114.50	1116.50	1117.50	1118.00	1119.00	1120.50	1122.00	1123.00	1124.50	1125.50	1127.00	1128.00	1128.50	1130.00	1130.50	1131.50	1132.00	1133.00	1133.50	1135.00	1136.00	1137.50	1139.00	1140.50	1141.50	1142.50	1143.00	1144.00	1145.00	1145.00	1145.50	1146.50	1147.50	1148.00	1148.50	1149.00	1150.00	1150.50	1151.00	1152.50	1153.00	1153.50	1154.00	1155.50	1156.00	1157.00	1158.50	1159.50	1160.50	1161.50	1162.00	1163.00	1164.00	1165.00	1166.00	1167.00	1167.50	1169.00	1169.00	1170.50	1171.00	1172.00	1172.50	1173.50	1175.00	1175.50	1177.00	1178.00	1179.00	1180.00	1181.50	1182.50	1183.50	1185.00	1186.50	1189.00	1190.00	1191.50	1192.50	1194.00	1195.50	1196.50	1197.00	1198.00	1199.00	1200.00	1200.00	1200.00	1200.50	1201.00	1201.00	1201.00	1201.00	1201.00	1201.00	1201.50	1202.00	1202.00	1202.00	1202.00	1202.50	1203.00	1203.00	1203.00	1203.50	1205.00	1206.00	1207.00	1208.00	1209.50	1211.00	1213.50	1214.50	1216.00	1218.00	1220.00	1220.50	1222.00	1224.50	1225.00	1226.00
926.00	928.50	930.00	931.50	933.00	935.00	937.00	939.00	940.50	942.00	944.50	946.50	948.00	950.00	952.00	953.50	956.00	957.50	959.00	960.50	963.00	965.00	967.00	969.00	971.50	973.00	976.00	978.00	979.50	982.00	983.00	986.00	988.00	990.00	991.50	993.00	995.50	997.00	999.00	1000.00	1001.50	1002.50	1004.50	1005.50	1006.50	1009.00	1010.50	1012.00	1014.00	1015.50	1016.50	1019.00	1021.00	1023.00	1024.00	1026.50	1027.50	1029.50	1031.50	1033.00	1035.00	1036.00	1037.50	1039.00	1040.50	1042.00	1043.50	1045.00	1046.00	1048.00	1049.00	1050.50	1051.00	1052.00	1053.50	1054.50	1056.00	1057.00	1059.00	1061.00	1062.50	1063.50	1064.50	1066.50	1067.50	1070.00	1071.00	1072.50	1073.50	1075.50	1076.50	1077.50	1079.00	1080.50	1082.00	1083.00	1084.50	1086.00	1088.00	1089.50	1091.00	1093.00	1094.00	1094.50	1095.50	1097.50	1098.50	1099.00	1100.00	1101.50	1102.00	1103.00	1103.50	1104.50	1105.00	1106.00	1107.00	1107.00	1108.00	1108.50	1109.50	1110.50	1111.50	1113.00	1113.00	1114.00	1115.00	1116.00	1116.50	1117.50	1119.00	1121.50	1123.00	1124.00	1125.50	1126.50	1128.50	1129.50	1130.50	1132.00	1133.00	1134.00	1136.00	1136.50	1137.50	1138.00	1139.00	1139.50	1141.00	1141.50	1142.00	1142.50	1143.50	1144.00	1145.00	1146.00	1147.50	1149.00	1150.00	1150.50	1151.50	1152.00	1153.00	1154.00	1154.00	1155.00	1155.50	1156.50	1157.00	1157.50	1158.00	1159.00	1159.50	1160.00	1161.00	1161.50	1162.00	1163.00	1164.50	1166.00	1166.00	1167.50	1168.50	1169.50	1170.50	1171.50	1173.00	1174.00	1175.00	1176.00	1177.00	1177.50	1179.00	1179.00	1180.50	1182.00	1183.00	1183.50	1184.00	1185.50	1186.50	1188.00	1189.00	1190.50	1192.00	1193.50	1194.50	1195.50	1197.00	1198.50	1201.00	1201.00	1202.50	1203.50	1205.00	1206.00	1206.50	1207.00	1208.00	1208.50	1209.00	1209.00	1209.00	1209.50	1210.00	1210.00	1210.00	1210.00	1210.00	1210.00	1210.00	1210.00	1210.00	1210.00	1211.00	1211.50	1212.00	1213.00	1213.50	1214.50	1216.00	1217.50	1219.00	1220.00	1221.50	1223.00	1225.50	1227.00	1228.50	1230.00	1231.50	1232.50	1234.00	1235.00	1235.50	1236.00
926.00	928.50	930.00	931.50	933.00	935.00	937.00	939.00	940.50	942.00	944.50	946.50	948.00	950.00	952.00	953.50	956.00	957.50	959.00	960.50	963.00	965.00	967.00	969.00	971.50	973.00	976.00	978.00	979.50	982.00	983.00	986.00	988.00	990.00	991.50	993.00	995.50	997.00	999.00	1000.00	1001.50	1002.50	1004.50	1005.50	1006.50	1009.00	1010.50	1012.00	1014.00	1015.50	1016.50	1019.00	1021.00	1023.00	1024.00	1026.50	1027.50	1029.50	1031.50	1033.00	1035.00	1036.00	1037.50	1039.00	1040.50	1042.00	1043.50	1045.00	1046.00	1048.00	1049.00	1050.50	1051.00	1052.00	1053.50	1054.50	1056.00	1057.00	1059.00	1061.00	1062.50	1063.50	1064.50	1066.50	1067.50	1070.00	1071.00	1072.50	1073.50	1075.50	1076.50	1077.50	1079.00	1080.50	1082.00	1083.00	1084.50	1086.00	1088.00	1089.50	1091.00	1093.00	1094.00	1094.50	1095.50	1097.50	1098.50	1099.00	1100.00	1101.50	1102.00	1103.00	1103.50	1104.50	1105.00	1106.00	1107.00	1107.00	1108.00	1108.50	1109.50	1110.50	1111.50	1113.00	1113.00	1114.00	1115.00	1116.00	1116.50	1117.50	1119.00	1121.50	1123.00	1124.00	1125.50	1126.50	1128.50	1129.50	1130.50	1132.00	1133.00	1134.00	1136.00	1136.50	1137.50	1138.00	1139.00	1139.50	1141.00	1141.50	1142.00	1142.50	1143.50	1144.00	1145.00	1146.00	1147.50	1149.00	1150.00	1150.50	1151.50	1152.00	1153.00	1154.00	1154.00	1155.00	1155.50	1156.50	1157.00	1157.50	1158.00	1159.00	1159.50	1160.00	1161.00	1161.50	1162.00	1163.00	1164.50	1166.00	1166.00	1167.50	1168.50	1169.50	1170.50	1171.50	1173.00	1174.00	1175.00	1176.00	1177.00	1177.50	1179.00	1179.00	1180.50	1182.00	1183.00	1183.50	1184.00	1185.50	1186.50	1188.00	1189.00	1190.50	1192.00	1193.50	1194.50	1195.50	1197.00	1198.50	1201.00	1201.00	1202.50	1203.50	1205.00	1206.00	1206.50	1207.00	1208.00	1208.50	1209.00	1209.00	1209.00	1209.50	1210.00	1210.00	1210.00	1210.00	1210.00	1210.00	1210.00	1210.00	1210.00	1210.00	1211.00	1211.50	1212.00	1213.00	1213.50	1214.50	1216.00	1217.50	1219.00	1220.00	1221.50	1223.00	1225.50	1227.00	1228.50	1230.00	1231.50	1232.50	1234.00	1235.00	1235.50	1236.00
931.50	933.50	934.75	936.25	938.00	940.25	942.50	944.00	946.00	947.25	949.50	951.50	952.75	955.00	956.50	958.25	960.50	962.00	963.25	964.75	967.50	969.50	971.50	973.50	976.00	977.50	980.75	982.50	984.00	986.00	987.50	990.50	992.00	994.00	995.50	997.00	999.50	1001.00	1003.00	1004.00	1006.00	1007.00	1009.00	1010.25	1011.50	1013.50	1015.00	1017.00	1018.75	1020.25	1021.50	1024.00	1025.75	1028.00	1029.00	1031.25	1032.50	1034.50	1036.50	1037.75	1040.00	1041.00	1042.50	1044.00	1045.50	1046.75	1047.75	1049.00	1050.25	1052.00	1053.00	1054.50	1055.25	1056.50	1057.75	1058.50	1060.00	1061.00	1063.00	1064.50	1066.00	1067.00	1068.00	1070.25	1071.50	1073.50	1074.50	1076.50	1077.50	1079.50	1080.50	1081.50	1083.00	1084.75	1086.50	1087.50	1089.00	1090.50	1092.50	1094.25	1095.75	1097.00	1098.25	1099.00	1100.00	1102.00	1102.75	1103.50	1104.50	1105.75	1106.50	1107.50	1108.00	1109.00	1109.50	1110.75	1111.50	1112.00	1113.00	1113.50	1114.50	1115.50	1116.50	1118.00	1118.00	1119.25	1120.00	1121.25	1122.00	1123.00	1124.50	1126.50	1128.00	1129.00	1130.50	1131.50	1133.50	1134.50	1135.50	1137.00	1138.25	1139.50	1140.50	1141.25	1142.00	1142.50	1143.75	1144.25	1145.50	1146.25	1146.75	1147.25	1148.25	1148.75	1150.00	1151.00	1152.50	1153.50	1154.75	1155.50	1156.25	1157.00	1157.75	1158.50	1158.50	1159.50	1160.00	1161.00	1161.50	1161.75	1162.50	1163.00	1164.00	1164.50	1165.50	1166.00	1166.50	1167.50	1169.00	1170.00	1170.50	1172.00	1173.00	1174.25	1175.50	1176.50	1177.50	1178.50	1179.75	1181.00	1182.00	1182.50	1184.00	1184.50	1185.75	1187.00	1188.00	1188.50	1189.25	1191.00	1192.00	1193.50	1194.50	1196.00	1197.50	1199.00	1200.00	1201.00	1202.00	1203.50	1205.50	1205.50	1207.00	1207.75	1208.75	1209.75	1210.50	1211.00	1212.00	1212.25	1213.00	1213.00	1213.25	1213.75	1214.00	1214.00	1214.00	1214.00	1214.00	1214.00	1214.25	1214.50	1214.75	1215.00	1216.00	1217.00	1217.50	1218.75	1219.50	1220.25	1221.50	1223.50	1225.00	1226.50	1228.00	1229.25	1232.00	1233.25	1234.50	1236.00	1237.75	1238.75	1239.50	1240.25	1240.75	1241.00
937.00	938.50	939.50	941.00	943.00	945.50	948.00	949.00	951.50	952.50	954.50	956.50	957.50	960.00	961.00	963.00	965.00	966.50	967.50	969.00	972.00	974.00	976.00	978.00	980.50	982.00	985.50	987.00	988.50	990.00	992.00	995.00	996.00	998.00	999.50	1001.00	1003.50	1005.00	1007.00	1008.00	1010.50	1011.50	1013.50	1015.00	1016.50	1018.00	1019.50	1022.00	1023.50	1025.00	1026.50	1029.00	1030.50	1033.00	1034.00	1036.00	1037.50	1039.50	1041.50	1042.50	1045.00	1046.00	1047.50	1049.00	1050.50	1051.50	1052.00	1053.00	1054.50	1056.00	1057.00	1058.50	1059.50	1061.00	1062.00	1062.50	1064.00	1065.00	1067.00	1068.00	1069.50	1070.50	1071.50	1074.00	1075.50	1077.00	1078.00	1080.50	1081.50	1083.50	1084.50	1085.50	1087.00	1089.00	1091.00	1092.00	1093.50	1095.00	1097.00	1099.00	1100.50	1101.00	1102.50	1103.50	1104.50	1106.50	1107.00	1108.00	1109.00	1110.00	1111.00	1112.00	1112.50	1113.50	1114.00	1115.50	1116.00	1117.00	1118.00	1118.50	1119.50	1120.50	1121.50	1123.00	1123.00	1124.50	1125.00	1126.50	1127.50	1128.50	1130.00	1131.50	1133.00	1134.00	1135.50	1136.50	1138.50	1139.50	1140.50	1142.00	1143.50	1145.00	1145.00	1146.00	1146.50	1147.00	1148.50	1149.00	1150.00	1151.00	1151.50	1152.00	1153.00	1153.50	1155.00	1156.00	1157.50	1158.00	1159.50	1160.50	1161.00	1162.00	1162.50	1163.00	1163.00	1164.00	1164.50	1165.50	1166.00	1166.00	1167.00	1167.00	1168.50	1169.00	1170.00	1170.50	1171.00	1172.00	1173.50	1174.00	1175.00	1176.50	1177.50	1179.00	1180.50	1181.50	1182.00	1183.00	1184.50	1186.00	1187.00	1187.50	1189.00	1190.00	1191.00	1192.00	1193.00	1193.50	1194.50	1196.50	1197.50	1199.00	1200.00	1201.50	1203.00	1204.50	1205.50	1206.50	1207.00	1208.50	1210.00	1210.00	1211.50	1212.00	1212.50	1213.50	1214.50	1215.00	1216.00	1216.00	1217.00	1217.00	1217.50	1218.00	1218.00	1218.00	1218.00	1218.00	1218.00	1218.00	1218.50	1219.00	1219.50	1220.00	1221.00	1222.50	1223.00	1224.50	1225.50	1226.00	1227.00	1229.50	1231.00	1233.00	1234.50	1235.50	1238.50	1239.50	1240.50	1242.00	1244.00	1245.00	1245.00	1245.50	1246.00	1246.00
937.00	938.50	939.50	941.00	943.00	945.50	948.00	949.00	951.50	952.50	954.50	956.50	957.50	960.00	961.00	963.00	965.00	966.50	967.50	969.00	972.00	974.00	976.00	978.00	980.50	982.00	985.50	987.00	988.50	990.00	992.00	995.00	996.00	998.00	999.50	1001.00	1003.50	1005.00	1007.00	1008.00	1010.50	1011.50	1013.50	1015.00	1016.50	1018.00	1019.50	1022.00	1023.50	1025.00	1026.50	1029.00	1030.50	1033.00	1034.00	1036.00	1037.50	1039.50	1041.50	1042.50	1045.00	1046.00	1047.50	1049.00	1050.50	1051.50	1052.00	1053.00	1054.50	1056.00	1057.00	1058.50	1059.50	1061.00	1062.00	1062.50	1064.00	1065.00	1067.00	1068.00	1069.50	1070.50	1071.50	1074.00	1075.50	1077.00	1078.00	1080.50	1081.50	1083.50	1084.50	1085.50	1087.00	1089.00	1091.00	1092.00	1093.50	1095.00	1097.00	1099.00	1100.50	1101.00	1102.50	1103.50	1104.50	1106.50	1107.00	1108.00	1109.00	1110.00	1111.00	1112.00	1112.50	1113.50	1114.00	1115.50	1116.00	1117.00	1118.00	1118.50	1119.50	1120.50	1121.50	1123.00	1123.00	1124.50	1125.00	1126.50	1127.50	1128.50	1130.00	1131.50	1133.00	1134.00	1135.50	1136.50	1138.50	1139.50	1140.50	1142.00	1143.50	1145.00	1145.00	1146.00	1146.50	1147.00	1148.50	1149.00	1150.00	1151.00	1151.50	1152.00	1153.00	1153.50	1155.00	1156.00	1157.50	1158.00	1159.50	1160.50	1161.00	1162.00	1162.50	1163.00	1163.00	1164.00	1164.50	1165.50	1166.00	1166.00	1167.00	1167.00	1168.50	1169.00	1170.00	1170.50	1171.00	1172.00	1173.50	1174.00	1175.00	1176.50	1177.50	1179.00	1180.50	1181.50	1182.00	1183.00	1184.50	1186.00	1187.00	1187.50	1189.00	1190.00	1191.00	1192.00	1193.00	1193.50	1194.50	1196.50	1197.50	1199.00	1200.00	1201.50	1203.00	1204.50	1205.50	1206.50	1207.00	1208.50	1210.00	1210.00	1211.50	1212.00	1212.50	1213.50	1214.50	1215.00	1216.00	1216.00	1217.00	1217.00	1217.50	1218.00	1218.00	1218.00	1218.00	1218.00	1218.00	1218.00	1218.50	1219.00	1219.50	1220.00	1221.00	1222.50	1223.00	1224.50	1225.50	1226.00	1227.00	1229.50	1231.00	1233.00	1234.50	1235.50	1238.50	1239.50	1240.50	1242.00	1244.00	1245.00	1245.00	1245.50	1246.00	1246.00
937.00	938.50	939.50	941.00	943.00	945.50	948.00	949.00	951.50	952.50	954.50	956.50	957.50	960.00	961.00	963.00	965.00	966.50	967.50	969.00	972.00	974.00	976.00	978.00	980.50	982.00	985.50	987.00	988.50	990.00	992.00	995.00	996.00	998.00	999.50	1001.00	1003.50	1005.00	1007.00	1008.00	1010.50	1011.50	1013.50	1015.00	1016.50	1018.00	1019.50	1022.00	1023.50	1025.00	1026.50	1029.00	1030.50	1033.00	1034.00	1036.00	1037.50	1039.50	1041.50	1042.50	1045.00	1046.00	1047.50	1049.00	1050.50	1051.50	1052.00	1053.00	1054.50	1056.00	1057.00	1058.50	1059.50	1061.00	1062.00	1062.50	1064.00	1065.00	1067.00	1068.00	1069.50	1070.50	1071.50	1074.00	1075.50	1077.00	1078.00	1080.50	1081.50	1083.50	1084.50	1085.50	1087.00	1089.00	1091.00	1092.00	1093.50	1095.00	1097.00	1099.00	1100.50	1101.00	1102.50	1103.50	1104.50	1106.50	1107.00	1108.00	1109.00	1110.00	1111.00	1112.00	1112.50	1113.50	1114.00	1115.50	1116.00	1117.00	1118.00	1118.50	1119.50	1120.50	1121.50	1123.00	1123.00	1124.50	1125.00	1126.50	1127.50	1128.50	1130.00	1131.50	1133.00	1134.00	1135.50	1136.50	1138.50	1139.50	1140.50	1142.00	1143.50	1145.00	1145.00	1146.00	1146.50	1147.00	1148.50	1149.00	1150.00	1151.00	1151.50	1152.00	1153.00	1153.50	1155.00	1156.00	1157.50	1158.00	1159.50	1160.50	1161.00	1162.00	1162.50	1163.00	1163.00	1164.00	1164.50	1165.50	1166.00	1166.00	1167.00	1167.00	1168.50	1169.00	1170.00	1170.50	1171.00	1172.00	1173.50	1174.00	1175.00	1176.50	1177.50	1179.00	1180.50	1181.50	1182.00	1183.00	1184.50	1186.00	1187.00	1187.50	1189.00	1190.00	1191.00	1192.00	1193.00	1193.50	1194.50	1196.50	1197.50	1199.00	1200.00	1201.50	1203.00	1204.50	1205.50	1206.50	1207.00	1208.50	1210.00	1210.00	1211.50	1212.00	1212.50	1213.50	1214.50	1215.00	1216.00	1216.00	1217.00	1217.00	1217.50	1218.00	1218.00	1218.00	1218.00	1218.00	1218.00	1218.00	1218.50	1219.00	1219.50	1220.00	1221.00	1222.50	1223.00	1224.50	1225.50	1226.00	1227.00	1229.50	1231.00	1233.00	1234.50	1235.50	1238.50	1239.50	1240.50	1242.00	1244.00	1245.00	1245.00	1245.50	1246.00	1246.00
946.00	948.00	949.50	951.00	953.00	955.50	958.00	959.00	961.00	962.50	964.00	965.50	966.50	968.00	970.00	971.50	973.00	975.50	976.50	977.50	980.50	982.00	984.00	986.00	988.00	990.00	993.00	995.00	996.50	999.00	1000.00	1003.00	1005.00	1006.50	1008.00	1009.50	1011.50	1013.00	1015.00	1017.00	1019.00	1020.50	1023.00	1024.50	1025.50	1027.00	1029.50	1031.00	1033.50	1035.00	1036.50	1038.00	1040.00	1042.00	1043.00	1045.50	1046.50	1048.50	1050.50	1051.50	1053.00	1054.00	1055.50	1057.00	1058.50	1059.50	1060.50	1062.00	1063.00	1064.00	1065.00	1066.50	1067.50	1069.00	1070.50	1071.50	1073.00	1074.00	1076.00	1077.00	1078.50	1079.50	1080.50	1083.50	1084.50	1086.00	1087.00	1088.50	1089.50	1091.50	1092.50	1093.50	1096.00	1097.50	1099.00	1101.00	1102.50	1103.50	1105.00	1107.50	1108.50	1110.00	1111.50	1112.50	1113.00	1114.50	1115.50	1117.00	1117.00	1118.50	1119.00	1120.50	1121.50	1122.00	1123.00	1124.00	1125.00	1126.00	1126.50	1127.50	1129.00	1130.00	1130.50	1132.00	1133.00	1134.50	1135.00	1136.50	1137.50	1138.50	1140.00	1141.50	1143.00	1144.00	1145.00	1145.50	1147.50	1148.00	1148.50	1150.00	1151.00	1152.00	1153.00	1153.50	1154.50	1156.00	1156.50	1157.50	1158.00	1159.50	1160.50	1161.00	1162.50	1163.50	1165.00	1166.00	1167.50	1169.00	1170.00	1170.50	1171.50	1172.00	1173.00	1173.00	1174.00	1174.50	1175.00	1175.50	1176.00	1176.50	1177.00	1178.00	1178.50	1179.00	1180.00	1180.50	1181.00	1181.00	1182.50	1184.00	1184.00	1185.50	1186.50	1188.00	1189.50	1190.50	1192.00	1193.00	1193.50	1195.00	1196.50	1197.50	1198.00	1199.00	1200.50	1202.00	1203.50	1204.00	1204.50	1206.50	1207.50	1210.00	1211.00	1212.50	1214.00	1214.50	1215.00	1215.50	1216.00	1216.50	1217.00	1218.00	1218.00	1218.50	1219.50	1220.00	1220.50	1221.00	1222.00	1222.50	1224.00	1224.00	1224.50	1225.00	1226.00	1226.00	1227.00	1227.00	1227.50	1228.00	1228.50	1229.50	1230.50	1231.00	1232.00	1233.50	1235.00	1236.50	1237.50	1238.50	1240.00	1242.00	1244.00	1245.00	1247.50	1248.50	1251.50	1252.50	1253.50	1255.00	1256.00	1256.00	1256.00	1256.00	1256.00	1256.00
946.00	948.00	949.50	951.00	953.00	955.50	958.00	959.00	961.00	962.50	964.00	965.50	966.50	968.00	970.00	971.50	973.00	975.50	976.50	977.50	980.50	982.00	984.00	986.00	988.00	990.00	993.00	995.00	996.50	999.00	1000.00	1003.00	1005.00	1006.50	1008.00	1009.50	1011.50	1013.00	1015.00	1017.00	1019.00	1020.50	1023.00	1024.50	1025.50	1027.00	1029.50	1031.00	1033.50	1035.00	1036.50	1038.00	1040.00	1042.00	1043.00	1045.50	1046.50	1048.50	1050.50	1051.50	1053.00	1054.00	1055.50	1057.00	1058.50	1059.50	1060.50	1062.00	1063.00	1064.00	1065.00	1066.50	1067.50	1069.00	1070.50	1071.50	1073.00	1074.00	1076.00	1077.00	1078.50	1079.50	1080.50	1083.50	1084.50	1086.00	1087.00	1088.50	1089.50	1091.50	1092.50	1093.50	1096.00	1097.50	1099.00	1101.00	1102.50	1103.50	1105.00	1107.50	1108.50	1110.00	1111.50	1112.50	1113.00	1114.50	1115.50	1117.00	1117.00	1118.50	1119.00	1120.50	1121.50	1122.00	1123.00	1124.00	1125.00	1126.00	1126.50	1127.50	1129.00	1130.00	1130.50	1132.00	1133.00	1134.50	1135.00	1136.50	1137.50	1138.50	1140.00	1141.50	1143.00	1144.00	1145.00	1145.50	1147.50	1148.00	1148.50	1150.00	1151.00	1152.00	1153.00	1153.50	1154.50	1156.00	1156.50	1157.50	1158.00	1159.50	1160.50	1161.00	1162.50	1163.50	1165.00	1166.00	1167.50	1169.00	1170.00	1170.50	1171.50	1172.00	1173.00	1173.00	1174.00	1174.50	1175.00	1175.50	1176.00	1176.50	1177.00	1178.00	1178.50	1179.00	1180.00	1180.50	1181.00	1181.00	1182.50	1184.00	1184.00	1185.50	1186.50	1188.00	1189.50	1190.50	1192.00	1193.00	1193.50	1195.00	1196.50	1197.50	1198.00	1199.00	1200.50	1202.00	1203.50	1204.00	1204.50	1206.50	1207.50	1210.00	1211.00	1212.50	1214.00	1214.50	1215.00	1215.50	1216.00	1216.50	1217.00	1218.00	1218.00	1218.50	1219.50	1220.00	1220.50	1221.00	1222.00	1222.50	1224.00	1224.00	1224.50	1225.00	1226.00	1226.00	1227.00	1227.00	1227.50	1228.00	1228.50	1229.50	1230.50	1231.00	1232.00	1233.50	1235.00	1236.50	1237.50	1238.50	1240.00	1242.00	1244.00	1245.00	1247.50	1248.50	1251.50	1252.50	1253.50	1255.00	1256.00	1256.00	1256.00	1256.00	1256.00	1256.00
946.00	948.00	949.50	951.00	953.00	955.50	958.00	959.00	961.00	962.50	964.00	965.50	966.50	968.00	970.00	971.50	973.00	975.50	976.50	977.50	980.50	982.00	984.00	986.00	988.00	990.00	993.00	995.00	996.50	999.00	1000.00	1003.00	1005.00	1006.50	1008.00	1009.50	1011.50	1013.00	1015.00	1017.00	1019.00	1020.50	1023.00	1024.50	1025.50	1027.00	1029.50	1031.00	1033.50	1035.00	1036.50	1038.00	1040.00	1042.00	1043.00	1045.50	1046.50	1048.50	1050.50	1051.50	1053.00	1054.00	1055.50	1057.00	1058.50	1059.50	1060.50	1062.00	1063.00	1064.00	1065.00	1066.50	1067.50	1069.00	1070.50	1071.50	1073.00	1074.00	1076.00	1077.00	1078.50	1079.50	1080.50	1083.50	1084.50	1086.00	1087.00	1088.50	1089.50	1091.50	1092.50	1093.50	1096.00	1097.50	1099.00	1101.00	1102.50	1103.50	1105.00	1107.50	1108.50	1110.00	1111.50	1112.50	1113.00	1114.50	1115.50	1117.00	1117.00	1118.50	1119.00	1120.50	1121.50	1122.00	1123.00	1124.00	1125.00	1126.00	1126.50	1127.50	1129.00	1130.00	1130.50	1132.00	1133.00	1134.50	1135.00	1136.50	1137.50	1138.50	1140.00	1141.50	1143.00	1144.00	1145.00	1145.50	1147.50	1148.00	1148.50	1150.00	1151.00	1152.00	1153.00	1153.50	1154.50	1156.00	1156.50	1157.50	1158.00	1159.50	1160.50	1161.00	1162.50	1163.50	1165.00	1166.00	1167.50	1169.00	1170.00	1170.50	1171.50	1172.00	1173.00	1173.00	1174.00	1174.50	1175.00	1175.50	1176.00	1176.50	1177.00	1178.00	1178.50	1179.00	1180.00	1180.50	1181.00	1181.00	1182.50	1184.00	1184.00	1185.50	1186.50	1188.00	1189.50	1190.50	1192.00	1193.00	1193.50	1195.00	1196.50	1197.50	1198.00	1199.00	1200.50	1202.00	1203.50	1204.00	1204.50	1206.50	1207.50	1210.00	1211.00	1212.50	1214.00	1214.50	1215.00	1215.50	1216.00	1216.50	1217.00	1218.00	1218.00	1218.50	1219.50	1220.00	1220.50	1221.00	1222.00	1222.50	1224.00	1224.00	1224.50	1225.00	1226.00	1226.00	1227.00	1227.00	1227.50	1228.00	1228.50	1229.50	1230.50	1231.00	1232.00	1233.50	1235.00	1236.50	1237.50	1238.50	1240.00	1242.00	1244.00	1245.00	1247.50	1248.50	1251.50	1252.50	1253.50	1255.00	1256.00	1256.00	1256.00	1256.00	1256.00	1256.00
954.00	956.50	958.00	960.00	962.00	964.50	967.00	968.00	969.50	970.50	972.00	974.00	975.50	977.00	978.00	980.00	982.00	983.50	984.50	985.50	988.50	990.00	992.00	994.00	996.50	998.00	1001.50	1003.00	1004.50	1007.00	1008.00	1011.00	1013.00	1015.00	1016.50	1017.50	1020.50	1022.00	1024.00	1026.00	1027.50	1029.00	1032.00	1033.50	1035.00	1037.00	1039.00	1041.00	1043.50	1044.50	1045.50	1047.00	1049.50	1051.00	1052.00	1053.50	1054.50	1056.50	1058.50	1059.50	1061.00	1061.00	1062.50	1064.00	1066.50	1067.50	1068.50	1070.00	1071.50	1073.00	1074.00	1075.50	1076.50	1078.00	1079.50	1080.50	1082.00	1083.00	1085.00	1086.00	1087.50	1088.50	1090.00	1092.50	1093.50	1095.00	1096.00	1097.50	1098.50	1100.50	1101.50	1102.50	1105.00	1106.50	1108.00	1109.00	1111.00	1112.50	1114.00	1115.50	1116.50	1118.00	1119.50	1120.50	1121.50	1122.50	1123.50	1124.00	1125.00	1126.00	1127.00	1128.00	1128.50	1129.50	1131.00	1132.50	1133.00	1134.00	1135.50	1136.00	1137.00	1138.50	1139.50	1141.00	1142.00	1142.50	1144.00	1145.00	1145.50	1146.50	1148.00	1149.00	1150.00	1151.00	1152.50	1153.00	1154.50	1155.50	1156.50	1157.00	1158.00	1159.00	1160.00	1161.50	1162.50	1164.00	1165.00	1165.50	1167.00	1168.50	1169.50	1171.00	1173.50	1174.50	1176.00	1177.00	1179.00	1181.00	1182.00	1182.50	1183.00	1184.00	1184.00	1185.00	1185.00	1186.00	1186.00	1186.00	1186.50	1187.00	1188.00	1188.00	1189.00	1189.00	1190.50	1191.00	1191.50	1192.00	1192.50	1193.00	1194.00	1195.00	1195.50	1197.00	1198.50	1199.50	1200.00	1201.00	1202.50	1203.00	1204.50	1205.50	1207.00	1208.00	1208.50	1210.00	1211.50	1213.00	1214.50	1216.50	1217.50	1219.00	1220.00	1221.00	1222.00	1222.50	1223.00	1223.00	1223.00	1224.00	1224.00	1224.00	1225.00	1225.00	1225.50	1226.50	1227.00	1228.00	1228.00	1229.50	1231.00	1231.50	1232.50	1233.50	1235.00	1235.50	1237.00	1237.00	1238.00	1238.50	1239.50	1240.50	1241.50	1243.00	1244.00	1245.50	1247.00	1249.50	1250.00	1250.50	1252.00	1254.00	1256.00	1257.00	1259.00	1260.50	1262.50	1263.50	1264.00	1264.00	1264.00	1264.00	1264.00	1264.50	1265.00	1265.00
954.00	956.50	958.00	960.00	962.00	964.50	967.00	968.00	969.50	970.50	972.00	974.00	975.50	977.00	978.00	980.00	982.00	983.50	984.50	985.50	988.50	990.00	992.00	994.00	996.50	998.00	1001.50	1003.00	1004.50	1007.00	1008.00	1011.00	1013.00	1015.00	1016.50	1017.50	1020.50	1022.00	1024.00	1026.00	1027.50	1029.00	1032.00	1033.50	1035.00	1037.00	1039.00	1041.00	1043.50	1044.50	1045.50	1047.00	1049.50	1051.00	1052.00	1053.50	1054.50	1056.50	1058.50	1059.50	1061.00	1061.00	1062.50	1064.00	1066.50	1067.50	1068.50	1070.00	1071.50	1073.00	1074.00	1075.50	1076.50	1078.00	1079.50	1080.50	1082.00	1083.00	1085.00	1086.00	1087.50	1088.50	1090.00	1092.50	1093.50	1095.00	1096.00	1097.50	1098.50	1100.50	1101.50	1102.50	1105.00	1106.50	1108.00	1109.00	1111.00	1112.50	1114.00	1115.50	1116.50	1118.00	1119.50	1120.50	1121.50	1122.50	1123.50	1124.00	1125.00	1126.00	1127.00	1128.00	1128.50	1129.50	1131.00	1132.50	1133.00	1134.00	1135.50	1136.00	1137.00	1138.50	1139.50	1141.00	1142.00	1142.50	1144.00	1145.00	1145.50	1146.50	1148.00	1149.00	1150.00	1151.00	1152.50	1153.00	1154.50	1155.50	1156.50	1157.00	1158.00	1159.00	1160.00	1161.50	1162.50	1164.00	1165.00	1165.50	1167.00	1168.50	1169.50	1171.00	1173.50	1174.50	1176.00	1177.00	1179.00	1181.00	1182.00	1182.50	1183.00	1184.00	1184.00	1185.00	1185.00	1186.00	1186.00	1186.00	1186.50	1187.00	1188.00	1188.00	1189.00	1189.00	1190.50	1191.00	1191.50	1192.00	1192.50	1193.00	1194.00	1195.00	1195.50	1197.00	1198.50	1199.50	1200.00	1201.00	1202.50	1203.00	1204.50	1205.50	1207.00	1208.00	1208.50	1210.00	1211.50	1213.00	1214.50	1216.50	1217.50	1219.00	1220.00	1221.00	1222.00	1222.50	1223.00	1223.00	1223.00	1224.00	1224.00	1224.00	1225.00	1225.00	1225.50	1226.50	1227.00	1228.00	1228.00	1229.50	1231.00	1231.50	1232.50	1233.50	1235.00	1235.50	1237.00	1237.00	1238.00	1238.50	1239.50	1240.50	1241.50	1243.00	1244.00	1245.50	1247.00	1249.50	1250.00	1250.50	1252.00	1254.00	1256.00	1257.00	1259.00	1260.50	1262.50	1263.50	1264.00	1264.00	1264.00	1264.00	1264.00	1264.50	1265.00	1265.00
954.00	956.50	958.00	960.00	962.00	964.50	967.00	968.00	969.50	970.50	972.00	974.00	975.50	977.00	978.00	980.00	982.00	983.50	984.50	985.50	988.50	990.00	992.00	994.00	996.50	998.00	1001.50	1003.00	1004.50	1007.00	1008.00	1011.00	1013.00	1015.00	1016.50	1017.50	1020.50	1022.00	1024.00	1026.00	1027.50	1029.00	1032.00	1033.50	1035.00	1037.00	1039.00	1041.00	1043.50	1044.50	1045.50	1047.00	1049.50	1051.00	1052.00	1053.50	1054.50	1056.50	1058.50	1059.50	1061.00	1061.00	1062.50	1064.00	1066.50	1067.50	1068.50	1070.00	1071.50	1073.00	1074.00	1075.50	1076.50	1078.00	1079.50	1080.50	1082.00	1083.00	1085.00	1086.00	1087.50	1088.50	1090.00	1092.50	1093.50	1095.00	1096.00	1097.50	1098.50	1100.50	1101.50	1102.50	1105.00	1106.50	1108.00	1109.00	1111.00	1112.50	1114.00	1115.50	1116.50	1118.00	1119.50	1120.50	1121.50	1122.50	1123.50	1124.00	1125.00	1126.00	1127.00	1128.00	1128.50	1129.50	1131.00	1132.50	1133.00	1134.00	1135.50	1136.00	1137.00	1138.50	1139.50	1141.00	1142.00	1142.50	1144.00	1145.00	1145.50	1146.50	1148.00	1149.00	1150.00	1151.00	1152.50	1153.00	1154.50	1155.50	1156.50	1157.00	1158.00	1159.00	1160.00	1161.50	1162.50	1164.00	1165.00	1165.50	1167.00	1168.50	1169.50	1171.00	1173.50	1174.50	1176.00	1177.00	1179.00	1181.00	1182.00	1182.50	1183.00	1184.00	1184.00	1185.00	1185.00	1186.00	1186.00	1186.00	1186.50	1187.00	1188.00	1188.00	1189.00	1189.00	1190.50	1191.00	1191.50	1192.00	1192.50	1193.00	1194.00	1195.00	1195.50	1197.00	1198.50	1199.50	1200.00	1201.00	1202.50	1203.00	1204.50	1205.50	1207.00	1208.00	1208.50	1210.00	1211.50	1213.00	1214.50	1216.50	1217.50	1219.00	1220.00	1221.00	1222.00	1222.50	1223.00	1223.00	1223.00	1224.00	1224.00	1224.00	1225.00	1225.00	1225.50	1226.50	1227.00	1228.00	1228.00	1229.50	1231.00	1231.50	1232.50	1233.50	1235.00	1235.50	1237.00	1237.00	1238.00	1238.50	1239.50	1240.50	1241.50	1243.00	1244.00	1245.50	1247.00	1249.50	1250.00	1250.50	1252.00	1254.00	1256.00	1257.00	1259.00	1260.50	1262.50	1263.50	1264.00	1264.00	1264.00	1264.00	1264.00	1264.50	1265.00	1265.00
958.50	960.75	962.50	964.25	966.50	968.75	971.50	972.50	974.00	975.00	976.50	978.25	979.50	981.00	982.00	983.75	985.50	987.00	988.25	989.50	992.50	994.00	996.00	998.00	1000.50	1002.00	1005.50	1007.00	1008.50	1011.00	1012.50	1015.50	1017.00	1019.25	1020.50	1021.75	1024.50	1026.00	1028.00	1030.00	1032.00	1033.50	1036.50	1038.00	1039.25	1041.50	1043.50	1045.50	1048.00	1049.00	1050.00	1051.50	1053.50	1055.00	1056.00	1057.50	1058.50	1060.25	1062.00	1063.00	1064.50	1065.00	1066.50	1068.50	1070.50	1071.50	1072.50	1074.00	1075.50	1077.00	1078.00	1080.00	1081.00	1082.50	1084.00	1085.25	1087.00	1088.00	1090.00	1091.00	1092.50	1093.50	1094.75	1097.00	1098.00	1099.50	1100.50	1102.00	1103.00	1105.00	1106.25	1107.50	1109.50	1111.00	1112.50	1113.50	1115.25	1116.50	1118.50	1119.50	1120.50	1121.50	1123.00	1124.00	1124.75	1126.00	1127.00	1128.00	1128.50	1129.75	1130.50	1131.75	1132.50	1133.50	1135.00	1136.00	1137.00	1138.00	1139.00	1139.75	1141.00	1142.50	1143.50	1144.50	1145.50	1146.50	1147.50	1148.75	1149.50	1150.50	1151.50	1152.75	1153.50	1154.50	1156.00	1156.75	1158.50	1159.50	1160.50	1161.50	1162.25	1163.50	1164.50	1166.00	1167.00	1168.50	1170.00	1171.00	1172.50	1174.25	1175.50	1177.00	1179.50	1180.50	1182.00	1182.50	1184.25	1186.00	1187.25	1188.00	1188.50	1189.50	1189.50	1190.50	1190.50	1191.00	1191.25	1191.50	1191.75	1192.25	1193.00	1193.50	1194.00	1194.50	1195.50	1196.00	1196.50	1197.00	1197.50	1198.00	1199.00	1199.50	1200.00	1201.25	1202.50	1203.50	1204.00	1205.00	1206.50	1207.00	1208.50	1209.25	1210.50	1211.50	1212.50	1214.00	1215.50	1216.75	1218.25	1220.50	1221.50	1223.00	1224.00	1224.50	1225.50	1226.00	1226.50	1226.50	1227.00	1227.50	1228.00	1228.00	1228.75	1229.00	1229.50	1230.50	1231.00	1232.00	1232.50	1234.00	1235.50	1236.50	1237.50	1238.50	1240.00	1241.00	1242.00	1242.50	1243.75	1244.25	1245.25	1246.50	1247.50	1249.00	1250.00	1251.50	1253.00	1255.00	1255.75	1256.50	1258.00	1259.75	1261.50	1262.50	1263.75	1264.75	1266.50	1267.25	1267.50	1267.50	1267.50	1267.50	1267.50	1267.75	1268.00	1268.00
963.00	965.00	967.00	968.50	971.00	973.00	976.00	977.00	978.50	979.50	981.00	982.50	983.50	985.00	986.00	987.50	989.00	990.50	992.00	993.50	996.50	998.00	1000.00	1002.00	1004.50	1006.00	1009.50	1011.00	1012.50	1015.00	1017.00	1020.00	1021.00	1023.50	1024.50	1026.00	1028.50	1030.00	1032.00	1034.00	1036.50	1038.00	1041.00	1042.50	1043.50	1046.00	1048.00	1050.00	1052.50	1053.50	1054.50	1056.00	1057.50	1059.00	1060.00	1061.50	1062.50	1064.00	1065.50	1066.50	1068.00	1069.00	1070.50	1073.00	1074.50	1075.50	1076.50	1078.00	1079.50	1081.00	1082.00	1084.50	1085.50	1087.00	1088.50	1090.00	1092.00	1093.00	1095.00	1096.00	1097.50	1098.50	1099.50	1101.50	1102.50	1104.00	1105.00	1106.50	1107.50	1109.50	1111.00	1112.50	1114.00	1115.50	1117.00	1118.00	1119.50	1120.50	1123.00	1123.50	1124.50	1125.00	1126.50	1127.50	1128.00	1129.50	1130.50	1132.00	1132.00	1133.50	1134.00	1135.50	1136.50	1137.50	1139.00	1139.50	1141.00	1142.00	1142.50	1143.50	1145.00	1146.50	1147.50	1148.00	1149.00	1150.50	1151.00	1152.50	1153.50	1154.50	1155.00	1156.50	1157.00	1158.00	1159.50	1160.50	1162.50	1163.50	1164.50	1166.00	1166.50	1168.00	1169.00	1170.50	1171.50	1173.00	1175.00	1176.50	1178.00	1180.00	1181.50	1183.00	1185.50	1186.50	1188.00	1188.00	1189.50	1191.00	1192.50	1193.50	1194.00	1195.00	1195.00	1196.00	1196.00	1196.00	1196.50	1197.00	1197.00	1197.50	1198.00	1199.00	1199.00	1200.00	1200.50	1201.00	1201.50	1202.00	1202.50	1203.00	1204.00	1204.00	1204.50	1205.50	1206.50	1207.50	1208.00	1209.00	1210.50	1211.00	1212.50	1213.00	1214.00	1215.00	1216.50	1218.00	1219.50	1220.50	1222.00	1224.50	1225.50	1227.00	1228.00	1228.00	1229.00	1229.50	1230.00	1230.00	1231.00	1231.00	1232.00	1232.00	1232.50	1233.00	1233.50	1234.50	1235.00	1236.00	1237.00	1238.50	1240.00	1241.50	1242.50	1243.50	1245.00	1246.50	1247.00	1248.00	1249.50	1250.00	1251.00	1252.50	1253.50	1255.00	1256.00	1257.50	1259.00	1260.50	1261.50	1262.50	1264.00	1265.50	1267.00	1268.00	1268.50	1269.00	1270.50	1271.00	1271.00	1271.00	1271.00	1271.00	1271.00	1271.00	1271.00	1271.00
963.00	965.00	967.00	968.50	971.00	973.00	976.00	977.00	978.50	979.50	981.00	982.50	983.50	985.00	986.00	987.50	989.00	990.50	992.00	993.50	996.50	998.00	1000.00	1002.00	1004.50	1006.00	1009.50	1011.00	1012.50	1015.00	1017.00	1020.00	1021.00	1023.50	1024.50	1026.00	1028.50	1030.00	1032.00	1034.00	1036.50	1038.00	1041.00	1042.50	1043.50	1046.00	1048.00	1050.00	1052.50	1053.50	1054.50	1056.00	1057.50	1059.00	1060.00	1061.50	1062.50	1064.00	1065.50	1066.50	1068.00	1069.00	1070.50	1073.00	1074.50	1075.50	1076.50	1078.00	1079.50	1081.00	1082.00	1084.50	1085.50	1087.00	1088.50	1090.00	1092.00	1093.00	1095.00	1096.00	1097.50	1098.50	1099.50	1101.50	1102.50	1104.00	1105.00	1106.50	1107.50	1109.50	1111.00	1112.50	1114.00	1115.50	1117.00	1118.00	1119.50	1120.50	1123.00	1123.50	1124.50	1125.00	1126.50	1127.50	1128.00	1129.50	1130.50	1132.00	1132.00	1133.50	1134.00	1135.50	1136.50	1137.50	1139.00	1139.50	1141.00	1142.00	1142.50	1143.50	1145.00	1146.50	1147.50	1148.00	1149.00	1150.50	1151.00	1152.50	1153.50	1154.50	1155.00	1156.50	1157.00	1158.00	1159.50	1160.50	1162.50	1163.50	1164.50	1166.00	1166.50	1168.00	1169.00	1170.50	1171.50	1173.00	1175.00	1176.50	1178.00	1180.00	1181.50	1183.00	1185.50	1186.50	1188.00	1188.00	1189.50	1191.00	1192.50	1193.50	1194.00	1195.00	1195.00	1196.00	1196.00	1196.00	1196.50	1197.00	1197.00	1197.50	1198.00	1199.00	1199.00	1200.00	1200.50	1201.00	1201.50	1202.00	1202.50	1203.00	1204.00	1204.00	1204.50	1205.50	1206.50	1207.50	1208.00	1209.00	1210.50	1211.00	1212.50	1213.00	1214.00	1215.00	1216.50	1218.00	1219.50	1220.50	1222.00	1224.50	1225.50	1227.00	1228.00	1228.00	1229.00	1229.50	1230.00	1230.00	1231.00	1231.00	1232.00	1232.00	1232.50	1233.00	1233.50	1234.50	1235.00	1236.00	1237.00	1238.50	1240.00	1241.50	1242.50	1243.50	1245.00	1246.50	1247.00	1248.00	1249.50	1250.00	1251.00	1252.50	1253.50	1255.00	1256.00	1257.50	1259.00	1260.50	1261.50	1262.50	1264.00	1265.50	1267.00	1268.00	1268.50	1269.00	1270.50	1271.00	1271.00	1271.00	1271.00	1271.00	1271.00	1271.00	1271.00	1271.00
963.00	965.00	967.00	968.50	971.00	973.00	976.00	977.00	978.50	979.50	981.00	982.50	983.50	985.00	986.00	987.50	989.00	990.50	992.00	993.50	996.50	998.00	1000.00	1002.00	1004.50	1006.00	1009.50	1011.00	1012.50	1015.00	1017.00	1020.00	1021.00	1023.50	1024.50	1026.00	1028.50	1030.00	1032.00	1034.00	1036.50	1038.00	1041.00	1042.50	1043.50	1046.00	1048.00	1050.00	1052.50	1053.50	1054.50	1056.00	1057.50	1059.00	1060.00	1061.50	1062.50	1064.00	1065.50	1066.50	1068.00	1069.00	1070.50	1073.00	1074.50	1075.50	1076.50	1078.00	1079.50	1081.00	1082.00	1084.50	1085.50	1087.00	1088.50	1090.00	1092.00	1093.00	1095.00	1096.00	1097.50	1098.50	1099.50	1101.50	1102.50	1104.00	1105.00	1106.50	1107.50	1109.50	1111.00	1112.50	1114.00	1115.50	1117.00	1118.00	1119.50	1120.50	1123.00	1123.50	1124.50	1125.00	1126.50	1127.50	1128.00	1129.50	1130.50	1132.00	1132.00	1133.50	1134.00	1135.50	1136.50	1137.50	1139.00	1139.50	1141.00	1142.00	1142.50	1143.50	1145.00	1146.50	1147.50	1148.00	1149.00	1150.50	1151.00	1152.50	1153.50	1154.50	1155.00	1156.50	1157.00	1158.00	1159.50	1160.50	1162.50	1163.50	1164.50	1166.00	1166.50	1168.00	1169.00	1170.50	1171.50	1173.00	1175.00	1176.50	1178.00	1180.00	1181.50	1183.00	1185.50	1186.50	1188.00	1188.00	1189.50	1191.00	1192.50	1193.50	1194.00	1195.00	1195.00	1196.00	1196.00	1196.00	1196.50	1197.00	1197.00	1197.50	1198.00	1199.00	1199.00	1200.00	1200.50	1201.00	1201.50	1202.00	1202.50	1203.00	1204.00	1204.00	1204.50	1205.50	1206.50	1207.50	1208.00	1209.00	1210.50	1211.00	1212.50	1213.00	1214.00	1215.00	1216.50	1218.00	1219.50	1220.50	1222.00	1224.50	1225.50	1227.00	1228.00	1228.00	1229.00	1229.50	1230.00	1230.00	1231.00	1231.00	1232.00	1232.00	1232.50	1233.00	1233.50	1234.50	1235.00	1236.00	1237.00	1238.50	1240.00	1241.50	1242.50	1243.50	1245.00	1246.50	1247.00	1248.00	1249.50	1250.00	1251.00	1252.50	1253.50	1255.00	1256.00	1257.50	1259.00	1260.50	1261.50	1262.50	1264.00	1265.50	1267.00	1268.00	1268.50	1269.00	1270.50	1271.00	1271.00	1271.00	1271.00	1271.00	1271.00	1271.00	1271.00	1271.00
963.00	965.00	967.00	968.50	971.00	973.00	976.00	977.00	978.50	979.50	981.00	982.50	983.50	985.00	986.00	987.50	989.00	990.50	992.00	993.50	996.50	998.00	1000.00	1002.00	1004.50	1006.00	1009.50	1011.00	1012.50	1015.00	1017.00	1020.00	1021.00	1023.50	1024.50	1026.00	1028.50	1030.00	1032.00	1034.00	1036.50	1038.00	1041.00	1042.50	1043.50	1046.00	1048.00	1050.00	1052.50	1053.50	1054.50	1056.00	1057.50	1059.00	1060.00	1061.50	1062.50	1064.00	1065.50	1066.50	1068.00	1069.00	1070.50	1073.00	1074.50	1075.50	1076.50	1078.00	1079.50	1081.00	1082.00	1084.50	1085.50	1087.00	1088.50	1090.00	1092.00	1093.00	1095.00	1096.00	1097.50	1098.50	1099.50	1101.50	1102.50	1104.00	1105.00	1106.50	1107.50	1109.50	1111.00	1112.50	1114.00	1115.50	1117.00	1118.00	1119.50	1120.50	1123.00	1123.50	1124.50	1125.00	1126.50	1127.50	1128.00	1129.50	1130.50	1132.00	1132.00	1133.50	1134.00	1135.50	1136.50	1137.50	1139.00	1139.50	1141.00	1142.00	1142.50	1143.50	1145.00	1146.50	1147.50	1148.00	1149.00	1150.50	1151.00	1152.50	1153.50	1154.50	1155.00	1156.50	1157.00	1158.00	1159.50	1160.50	1162.50	1163.50	1164.50	1166.00	1166.50	1168.00	1169.00	1170.50	1171.50	1173.00	1175.00	1176.50	1178.00	1180.00	1181.50	1183.00	1185.50	1186.50	1188.00	1188.00	1189.50	1191.00	1192.50	1193.50	1194.00	1195.00	1195.00	1196.00	1196.00	1196.00	1196.50	1197.00	1197.00	1197.50	1198.00	1199.00	1199.00	1200.00	1200.50	1201.00	1201.50	1202.00	1202.50	1203.00	1204.00	1204.00	1204.50	1205.50	1206.50	1207.50	1208.00	1209.00	1210.50	1211.00	1212.50	1213.00	1214.00	1215.00	1216.50	1218.00	1219.50	1220.50	1222.00	1224.50	1225.50	1227.00	1228.00	1228.00	1229.00	1229.50	1230.00	1230.00	1231.00	1231.00	1232.00	1232.00	1232.50	1233.00	1233.50	1234.50	1235.00	1236.00	1237.00	1238.50	1240.00	1241.50	1242.50	1243.50	1245.00	1246.50	1247.00	1248.00	1249.50	1250.00	1251.00	1252.50	1253.50	1255.00	1256.00	1257.50	1259.00	1260.50	1261.50	1262.50	1264.00	1265.50	1267.00	1268.00	1268.50	1269.00	1270.50	1271.00	1271.00	1271.00	1271.00	1271.00	1271.00	1271.00	1271.00	1271.00
963.00	965.00	967.00	968.50	971.00	973.00	976.00	977.00	978.50	979.50	981.00	982.50	983.50	985.00	986.00	987.50	989.00	990.50	992.00	993.50	996.50	998.00	1000.00	1002.00	1004.50	1006.00	1009.50	1011.00	1012.50	1015.00	1017.00	1020.00	1021.00	1023.50	1024.50	1026.00	1028.50	1030.00	1032.00	1034.00	1036.50	1038.00	1041.00	1042.50	1043.50	1046.00	1048.00	1050.00	1052.50	1053.50	1054.50	1056.00	1057.50	1059.00	1060.00	1061.50	1062.50	1064.00	1065.50	1066.50	1068.00	1069.00	1070.50	1073.00	1074.50	1075.50	1076.50	1078.00	1079.50	1081.00	1082.00	1084.50	1085.50	1087.00	1088.50	1090.00	1092.00	1093.00	1095.00	1096.00	1097.50	1098.50	1099.50	1101.50	1102.50	1104.00	1105.00	1106.50	1107.50	1109.50	1111.00	1112.50	1114.00	1115.50	1117.00	1118.00	1119.50	1120.50	1123.00	1123.50	1124.50	1125.00	1126.50	1127.50	1128.00	1129.50	1130.50	1132.00	1132.00	1133.50	1134.00	1135.50	1136.50	1137.50	1139.00	1139.50	1141.00	1142.00	1142.50	1143.50	1145.00	1146.50	1147.50	1148.00	1149.00	1150.50	1151.00	1152.50	1153.50	1154.50	1155.00	1156.50	1157.00	1158.00	1159.50	1160.50	1162.50	1163.50	1164.50	1166.00	1166.50	1168.00	1169.00	1170.50	1171.50	1173.00	1175.00	1176.50	1178.00	1180.00	1181.50	1183.00	1185.50	1186.50	1188.00	1188.00	1189.50	1191.00	1192.50	1193.50	1194.00	1195.00	1195.00	1196.00	1196.00	1196.00	1196.50	1197.00	1197.00	1197.50	1198.00	1199.00	1199.00	1200.00	1200.50	1201.00	1201.50	1202.00	1202.50	1203.00	1204.00	1204.00	1204.50	1205.50	1206.50	1207.50	1208.00	1209.00	1210.50	1211.00	1212.50	1213.00	1214.00	1215.00	1216.50	1218.00	1219.50	1220.50	1222.00	1224.50	1225.50	1227.00	1228.00	1228.00	1229.00	1229.50	1230.00	1230.00	1231.00	1231.00	1232.00	1232.00	1232.50	1233.00	1233.50	1234.50	1235.00	1236.00	1237.00	1238.50	1240.00	1241.50	1242.50	1243.50	1245.00	1246.50	1247.00	1248.00	1249.50	1250.00	1251.00	1252.50	1253.50	1255.00	1256.00	1257.50	1259.00	1260.50	1261.50	1262.50	1264.00	1265.50	1267.00	1268.00	1268.50	1269.00	1270.50	1271.00	1271.00	1271.00	1271.00	1271.00	1271.00	1271.00	1271.00	1271.00
967.50	969.75	971.25	972.50	975.00	976.75	979.50	980.50	982.00	983.00	984.75	986.50	987.50	989.00	990.00	991.00	992.50	994.50	995.75	997.25	1000.25	1001.75	1004.00	1006.00	1008.25	1010.00	1013.25	1015.00	1016.50	1019.00	1020.50	1023.50	1025.00	1027.00	1028.25	1029.75	1032.50	1034.00	1036.50	1038.50	1040.75	1042.25	1045.25	1046.75	1048.00	1050.50	1052.50	1054.50	1056.50	1057.50	1058.50	1060.00	1061.50	1063.00	1064.00	1065.50	1066.50	1068.00	1069.50	1070.50	1072.00	1073.00	1075.00	1077.00	1078.50	1079.50	1080.50	1082.00	1083.50	1085.50	1086.50	1088.50	1089.75	1091.50	1093.00	1094.25	1096.00	1097.00	1099.00	1100.00	1101.75	1103.00	1104.00	1106.00	1107.00	1108.50	1109.50	1111.00	1112.00	1114.00	1115.25	1116.50	1118.00	1119.50	1121.00	1121.50	1123.00	1124.00	1126.00	1127.00	1128.00	1128.50	1130.00	1131.00	1131.50	1133.00	1134.00	1135.50	1135.50	1137.00	1138.00	1139.50	1140.25	1141.00	1142.50	1143.00	1144.50	1145.50	1146.25	1147.00	1148.50	1150.00	1151.00	1152.00	1152.50	1154.50	1155.50	1157.00	1158.00	1159.00	1160.00	1161.00	1162.00	1163.00	1164.00	1165.00	1167.00	1168.00	1169.00	1170.50	1171.50	1173.00	1174.50	1176.00	1177.00	1178.50	1180.25	1181.50	1183.50	1185.50	1187.00	1188.25	1190.50	1191.50	1193.00	1193.50	1194.50	1196.00	1197.50	1198.25	1198.75	1199.50	1200.00	1201.00	1201.00	1201.00	1201.50	1202.00	1202.00	1202.25	1203.00	1203.50	1204.00	1205.00	1205.25	1205.75	1206.25	1207.00	1207.50	1208.00	1208.50	1209.00	1209.50	1210.25	1211.00	1211.75	1212.50	1213.00	1214.50	1215.00	1216.50	1217.00	1218.00	1219.00	1220.50	1222.00	1223.50	1224.50	1225.75	1228.00	1229.00	1230.50	1231.00	1231.75	1232.50	1233.25	1233.75	1234.00	1234.50	1235.25	1236.00	1236.50	1237.25	1237.75	1238.50	1239.50	1240.25	1241.50	1242.50	1244.00	1245.50	1247.00	1248.25	1249.50	1251.00	1252.25	1253.00	1254.00	1255.25	1255.75	1257.00	1258.50	1259.50	1261.00	1262.00	1263.25	1264.50	1265.75	1266.50	1267.50	1269.00	1270.50	1272.00	1272.50	1273.25	1273.50	1274.25	1274.50	1274.50	1274.50	1274.50	1274.75	1275.00	1275.00	1275.00	1275.00
972.00	974.50	975.50	976.50	979.00	980.50	983.00	984.00	985.50	986.50	988.50	990.50	991.50	993.00	994.00	994.50	996.00	998.50	999.50	1001.00	1004.00	1005.50	1008.00	1010.00	1012.00	1014.00	1017.00	1019.00	1020.50	1023.00	1024.00	1027.00	1029.00	1030.50	1032.00	1033.50	1036.50	1038.00	1041.00	1043.00	1045.00	1046.50	1049.50	1051.00	1052.50	1055.00	1057.00	1059.00	1060.50	1061.50	1062.50	1064.00	1065.50	1067.00	1068.00	1069.50	1070.50	1072.00	1073.50	1074.50	1076.00	1077.00	1079.50	1081.00	1082.50	1083.50	1084.50	1086.00	1087.50	1090.00	1091.00	1092.50	1094.00	1096.00	1097.50	1098.50	1100.00	1101.00	1103.00	1104.00	1106.00	1107.50	1108.50	1110.50	1111.50	1113.00	1114.00	1115.50	1116.50	1118.50	1119.50	1120.50	1122.00	1123.50	1125.00	1125.00	1126.50	1127.50	1129.00	1130.50	1131.50	1132.00	1133.50	1134.50	1135.00	1136.50	1137.50	1139.00	1139.00	1140.50	1142.00	1143.50	1144.00	1144.50	1146.00	1146.50	1148.00	1149.00	1150.00	1150.50	1152.00	1153.50	1154.50	1156.00	1156.00	1158.50	1160.00	1161.50	1162.50	1163.50	1165.00	1165.50	1167.00	1168.00	1168.50	1169.50	1171.50	1172.50	1173.50	1175.00	1176.50	1178.00	1180.00	1181.50	1182.50	1184.00	1185.50	1186.50	1189.00	1191.00	1192.50	1193.50	1195.50	1196.50	1198.00	1199.00	1199.50	1201.00	1202.50	1203.00	1203.50	1204.00	1205.00	1206.00	1206.00	1206.00	1206.50	1207.00	1207.00	1207.00	1208.00	1208.00	1209.00	1210.00	1210.00	1210.50	1211.00	1212.00	1212.50	1213.00	1213.00	1214.00	1214.50	1215.00	1215.50	1216.00	1217.00	1217.00	1218.50	1219.00	1220.50	1221.00	1222.00	1223.00	1224.50	1226.00	1227.50	1228.50	1229.50	1231.50	1232.50	1234.00	1234.00	1235.50	1236.00	1237.00	1237.50	1238.00	1238.00	1239.50	1240.00	1241.00	1242.00	1242.50	1243.50	1244.50	1245.50	1247.00	1248.00	1249.50	1251.00	1252.50	1254.00	1255.50	1257.00	1258.00	1259.00	1260.00	1261.00	1261.50	1263.00	1264.50	1265.50	1267.00	1268.00	1269.00	1270.00	1271.00	1271.50	1272.50	1274.00	1275.50	1277.00	1277.00	1278.00	1278.00	1278.00	1278.00	1278.00	1278.00	1278.00	1278.50	1279.00	1279.00	1279.00	1279.00
972.00	974.50	975.50	976.50	979.00	980.50	983.00	984.00	985.50	986.50	988.50	990.50	991.50	993.00	994.00	994.50	996.00	998.50	999.50	1001.00	1004.00	1005.50	1008.00	1010.00	1012.00	1014.00	1017.00	1019.00	1020.50	1023.00	1024.00	1027.00	1029.00	1030.50	1032.00	1033.50	1036.50	1038.00	1041.00	1043.00	1045.00	1046.50	1049.50	1051.00	1052.50	1055.00	1057.00	1059.00	1060.50	1061.50	1062.50	1064.00	1065.50	1067.00	1068.00	1069.50	1070.50	1072.00	1073.50	1074.50	1076.00	1077.00	1079.50	1081.00	1082.50	1083.50	1084.50	1086.00	1087.50	1090.00	1091.00	1092.50	1094.00	1096.00	1097.50	1098.50	1100.00	1101.00	1103.00	1104.00	1106.00	1107.50	1108.50	1110.50	1111.50	1113.00	1114.00	1115.50	1116.50	1118.50	1119.50	1120.50	1122.00	1123.50	1125.00	1125.00	1126.50	1127.50	1129.00	1130.50	1131.50	1132.00	1133.50	1134.50	1135.00	1136.50	1137.50	1139.00	1139.00	1140.50	1142.00	1143.50	1144.00	1144.50	1146.00	1146.50	1148.00	1149.00	1150.00	1150.50	1152.00	1153.50	1154.50	1156.00	1156.00	1158.50	1160.00	1161.50	1162.50	1163.50	1165.00	1165.50	1167.00	1168.00	1168.50	1169.50	1171.50	1172.50	1173.50	1175.00	1176.50	1178.00	1180.00	1181.50	1182.50	1184.00	1185.50	1186.50	1189.00	1191.00	1192.50	1193.50	1195.50	1196.50	1198.00	1199.00	1199.50	1201.00	1202.50	1203.00	1203.50	1204.00	1205.00	1206.00	1206.00	1206.00	1206.50	1207.00	1207.00	1207.00	1208.00	1208.00	1209.00	1210.00	1210.00	1210.50	1211.00	1212.00	1212.50	1213.00	1213.00	1214.00	1214.50	1215.00	1215.50	1216.00	1217.00	1217.00	1218.50	1219.00	1220.50	1221.00	1222.00	1223.00	1224.50	1226.00	1227.50	1228.50	1229.50	1231.50	1232.50	1234.00	1234.00	1235.50	1236.00	1237.00	1237.50	1238.00	1238.00	1239.50	1240.00	1241.00	1242.00	1242.50	1243.50	1244.50	1245.50	1247.00	1248.00	1249.50	1251.00	1252.50	1254.00	1255.50	1257.00	1258.00	1259.00	1260.00	1261.00	1261.50	1263.00	1264.50	1265.50	1267.00	1268.00	1269.00	1270.00	1271.00	1271.50	1272.50	1274.00	1275.50	1277.00	1277.00	1278.00	1278.00	1278.00	1278.00	1278.00	1278.00	1278.00	1278.50	1279.00	1279.00	1279.00	1279.00
972.00	974.50	975.50	976.50	979.00	980.50	983.00	984.00	985.50	986.50	988.50	990.50	991.50	993.00	994.00	994.50	996.00	998.50	999.50	1001.00	1004.00	1005.50	1008.00	1010.00	1012.00	1014.00	1017.00	1019.00	1020.50	1023.00	1024.00	1027.00	1029.00	1030.50	1032.00	1033.50	1036.50	1038.00	1041.00	1043.00	1045.00	1046.50	1049.50	1051.00	1052.50	1055.00	1057.00	1059.00	1060.50	1061.50	1062.50	1064.00	1065.50	1067.00	1068.00	1069.50	1070.50	1072.00	1073.50	1074.50	1076.00	1077.00	1079.50	1081.00	1082.50	1083.50	1084.50	1086.00	1087.50	1090.00	1091.00	1092.50	1094.00	1096.00	1097.50	1098.50	1100.00	1101.00	1103.00	1104.00	1106.00	1107.50	1108.50	1110.50	1111.50	1113.00	1114.00	1115.50	1116.50	1118.50	1119.50	1120.50	1122.00	1123.50	1125.00	1125.00	1126.50	1127.50	1129.00	1130.50	1131.50	1132.00	1133.50	1134.50	1135.00	1136.50	1137.50	1139.00	1139.00	1140.50	1142.00	1143.50	1144.00	1144.50	1146.00	1146.50	1148.00	1149.00	1150.00	1150.50	1152.00	1153.50	1154.50	1156.00	1156.00	1158.50	1160.00	1161.50	1162.50	1163.50	1165.00	1165.50	1167.00	1168.00	1168.50	1169.50	1171.50	1172.50	1173.50	1175.00	1176.50	1178.00	1180.00	1181.50	1182.50	1184.00	1185.50	1186.50	1189.00	1191.00	1192.50	1193.50	1195.50	1196.50	1198.00	1199.00	1199.50	1201.00	1202.50	1203.00	1203.50	1204.00	1205.00	1206.00	1206.00	1206.00	1206.50	1207.00	1207.00	1207.00	1208.00	1208.00	1209.00	1210.00	1210.00	1210.50	1211.00	1212.00	1212.50	1213.00	1213.00	1214.00	1214.50	1215.00	1215.50	1216.00	1217.00	1217.00	1218.50	1219.00	1220.50	1221.00	1222.00	1223.00	1224.50	1226.00	1227.50	1228.50	1229.50	1231.50	1232.50	1234.00	1234.00	1235.50	1236.00	1237.00	1237.50	1238.00	1238.00	1239.50	1240.00	1241.00	1242.00	1242.50	1243.50	1244.50	1245.50	1247.00	1248.00	1249.50	1251.00	1252.50	1254.00	1255.50	1257.00	1258.00	1259.00	1260.00	1261.00	1261.50	1263.00	1264.50	1265.50	1267.00	1268.00	1269.00	1270.00	1271.00	1271.50	1272.50	1274.00	1275.50	1277.00	1277.00	1278.00	1278.00	1278.00	1278.00	1278.00	1278.00	1278.00	1278.50	1279.00	1279.00	1279.00	1279.00
981.00	982.50	983.50	985.00	987.00	988.50	990.00	991.00	993.00	994.50	996.00	997.50	998.50	1000.00	1001.00	1002.50	1005.00	1006.50	1008.00	1009.50	1013.00	1014.50	1017.00	1018.00	1020.50	1022.00	1025.00	1026.50	1028.00	1030.00	1032.00	1035.00	1036.00	1038.50	1040.00	1041.50	1045.00	1047.00	1049.00	1051.00	1053.50	1055.00	1058.50	1060.00	1061.50	1064.00	1065.50	1067.00	1069.50	1070.50	1071.50	1073.00	1074.50	1076.00	1077.00	1078.00	1078.50	1080.00	1081.50	1082.50	1085.00	1086.00	1087.50	1089.00	1090.50	1091.50	1092.50	1094.00	1096.50	1098.00	1099.00	1101.50	1102.50	1104.00	1106.00	1107.50	1109.00	1110.00	1112.00	1113.00	1114.50	1115.50	1116.50	1118.50	1119.50	1121.00	1121.00	1122.50	1123.50	1125.50	1126.00	1126.50	1128.00	1129.50	1131.00	1132.00	1133.50	1134.50	1136.00	1136.50	1137.50	1139.00	1140.50	1141.50	1142.50	1144.00	1144.50	1146.00	1147.00	1148.50	1150.00	1150.50	1151.50	1152.00	1153.00	1154.50	1155.00	1156.00	1157.50	1158.50	1160.00	1161.00	1161.50	1164.00	1165.00	1166.50	1169.00	1170.50	1172.00	1173.50	1175.00	1176.50	1178.00	1178.00	1179.50	1180.50	1182.50	1183.50	1184.50	1186.00	1187.50	1189.00	1190.00	1191.50	1192.50	1194.00	1195.50	1196.50	1199.00	1200.50	1201.50	1202.50	1204.50	1205.50	1207.00	1207.00	1208.50	1209.00	1210.50	1211.00	1211.50	1212.00	1213.00	1214.00	1214.00	1214.50	1215.00	1215.00	1215.50	1216.00	1217.00	1217.00	1218.00	1219.00	1219.50	1220.00	1220.50	1221.00	1222.00	1223.00	1223.00	1223.50	1224.00	1224.50	1225.00	1225.00	1226.00	1226.00	1226.50	1228.00	1229.00	1229.50	1231.00	1232.00	1232.50	1234.00	1235.50	1236.50	1237.50	1238.50	1239.50	1241.00	1242.00	1243.50	1245.00	1246.00	1246.50	1247.50	1248.00	1249.50	1251.00	1251.00	1252.50	1253.50	1255.00	1256.50	1257.50	1259.00	1260.00	1261.50	1263.00	1264.50	1266.00	1267.50	1269.00	1270.50	1271.00	1272.00	1273.00	1273.50	1274.50	1275.50	1276.50	1278.00	1278.00	1279.50	1280.00	1281.00	1281.50	1282.00	1283.00	1284.00	1285.00	1285.00	1286.00	1286.50	1287.00	1287.00	1287.00	1287.00	1288.00	1288.00	1288.00	1288.00	1288.00	1289.00
981.00	982.50	983.50	985.00	987.00	988.50	990.00	991.00	993.00	994.50	996.00	997.50	998.50	1000.00	1001.00	1002.50	1005.00	1006.50	1008.00	1009.50	1013.00	1014.50	1017.00	1018.00	1020.50	1022.00	1025.00	1026.50	1028.00	1030.00	1032.00	1035.00	1036.00	1038.50	1040.00	1041.50	1045.00	1047.00	1049.00	1051.00	1053.50	1055.00	1058.50	1060.00	1061.50	1064.00	1065.50	1067.00	1069.50	1070.50	1071.50	1073.00	1074.50	1076.00	1077.00	1078.00	1078.50	1080.00	1081.50	1082.50	1085.00	1086.00	1087.50	1089.00	1090.50	1091.50	1092.50	1094.00	1096.50	1098.00	1099.00	1101.50	1102.50	1104.00	1106.00	1107.50	1109.00	1110.00	1112.00	1113.00	1114.50	1115.50	1116.50	1118.50	1119.50	1121.00	1121.00	1122.50	1123.50	1125.50	1126.00	1126.50	1128.00	1129.50	1131.00	1132.00	1133.50	1134.50	1136.00	1136.50	1137.50	1139.00	1140.50	1141.50	1142.50	1144.00	1144.50	1146.00	1147.00	1148.50	1150.00	1150.50	1151.50	1152.00	1153.00	1154.50	1155.00	1156.00	1157.50	1158.50	1160.00	1161.00	1161.50	1164.00	1165.00	1166.50	1169.00	1170.50	1172.00	1173.50	1175.00	1176.50	1178.00	1178.00	1179.50	1180.50	1182.50	1183.50	1184.50	1186.00	1187.50	1189.00	1190.00	1191.50	1192.50	1194.00	1195.50	1196.50	1199.00	1200.50	1201.50	1202.50	1204.50	1205.50	1207.00	1207.00	1208.50	1209.00	1210.50	1211.00	1211.50	1212.00	1213.00	1214.00	1214.00	1214.50	1215.00	1215.00	1215.50	1216.00	1217.00	1217.00	1218.00	1219.00	1219.50	1220.00	1220.50	1221.00	1222.00	1223.00	1223.00	1223.50	1224.00	1224.50	1225.00	1225.00	1226.00	1226.00	1226.50	1228.00	1229.00	1229.50	1231.00	1232.00	1232.50	1234.00	1235.50	1236.50	1237.50	1238.50	1239.50	1241.00	1242.00	1243.50	1245.00	1246.00	1246.50	1247.50	1248.00	1249.50	1251.00	1251.00	1252.50	1253.50	1255.00	1256.50	1257.50	1259.00	1260.00	1261.50	1263.00	1264.50	1266.00	1267.50	1269.00	1270.50	1271.00	1272.00	1273.00	1273.50	1274.50	1275.50	1276.50	1278.00	1278.00	1279.50	1280.00	1281.00	1281.50	1282.00	1283.00	1284.00	1285.00	1285.00	1286.00	1286.50	1287.00	1287.00	1287.00	1287.00	1288.00	1288.00	1288.00	1288.00	1288.00	1289.00
981.00	982.50	983.50	985.00	987.00	988.50	990.00	991.00	993.00	994.50	996.00	997.50	998.50	1000.00	1001.00	1002.50	1005.00	1006.50	1008.00	1009.50	1013.00	1014.50	1017.00	1018.00	1020.50	1022.00	1025.00	1026.50	1028.00	1030.00	1032.00	1035.00	1036.00	1038.50	1040.00	1041.50	1045.00	1047.00	1049.00	1051.00	1053.50	1055.00	1058.50	1060.00	1061.50	1064.00	1065.50	1067.00	1069.50	1070.50	1071.50	1073.00	1074.50	1076.00	1077.00	1078.00	1078.50	1080.00	1081.50	1082.50	1085.00	1086.00	1087.50	1089.00	1090.50	1091.50	1092.50	1094.00	1096.50	1098.00	1099.00	1101.50	1102.50	1104.00	1106.00	1107.50	1109.00	1110.00	1112.00	1113.00	1114.50	1115.50	1116.50	1118.50	1119.50	1121.00	1121.00	1122.50	1123.50	1125.50	1126.00	1126.50	1128.00	1129.50	1131.00	1132.00	1133.50	1134.50	1136.00	1136.50	1137.50	1139.00	1140.50	1141.50	1142.50	1144.00	1144.50	1146.00	1147.00	1148.50	1150.00	1150.50	1151.50	1152.00	1153.00	1154.50	1155.00	1156.00	1157.50	1158.50	1160.00	1161.00	1161.50	1164.00	1165.00	1166.50	1169.00	1170.50	1172.00	1173.50	1175.00	1176.50	1178.00	1178.00	1179.50	1180.50	1182.50	1183.50	1184.50	1186.00	1187.50	1189.00	1190.00	1191.50	1192.50	1194.00	1195.50	1196.50	1199.00	1200.50	1201.50	1202.50	1204.50	1205.50	1207.00	1207.00	1208.50	1209.00	1210.50	1211.00	1211.50	1212.00	1213.00	1214.00	1214.00	1214.50	1215.00	1215.00	1215.50	1216.00	1217.00	1217.00	1218.00	1219.00	1219.50	1220.00	1220.50	1221.00	1222.00	1223.00	1223.00	1223.50	1224.00	1224.50	1225.00	1225.00	1226.00	1226.00	1226.50	1228.00	1229.00	1229.50	1231.00	1232.00	1232.50	1234.00	1235.50	1236.50	1237.50	1238.50	1239.50	1241.00	1242.00	1243.50	1245.00	1246.00	1246.50	1247.50	1248.00	1249.50	1251.00	1251.00	1252.50	1253.50	1255.00	1256.50	1257.50	1259.00	1260.00	1261.50	1263.00	1264.50	1266.00	1267.50	1269.00	1270.50	1271.00	1272.00	1273.00	1273.50	1274.50	1275.50	1276.50	1278.00	1278.00	1279.50	1280.00	1281.00	1281.50	1282.00	1283.00	1284.00	1285.00	1285.00	1286.00	1286.50	1287.00	1287.00	1287.00	1287.00	1288.00	1288.00	1288.00	1288.00	1288.00	1289.00
989.00	990.50	991.50	992.50	994.00	995.50	997.00	998.00	999.50	1000.50	1002.50	1004.50	1006.00	1008.00	1010.00	1012.00	1014.00	1016.50	1018.00	1019.50	1022.50	1024.00	1026.00	1027.00	1029.50	1030.50	1033.50	1035.00	1036.50	1039.00	1040.00	1043.00	1044.00	1046.50	1048.00	1050.00	1053.50	1055.00	1058.00	1059.00	1062.00	1063.50	1067.00	1068.50	1070.00	1072.00	1073.50	1076.00	1077.50	1078.50	1079.50	1081.00	1082.50	1084.00	1085.00	1085.50	1086.50	1088.00	1090.00	1091.50	1093.00	1094.00	1095.50	1097.00	1098.50	1099.50	1101.00	1103.00	1104.50	1106.00	1107.00	1109.50	1110.50	1112.00	1113.50	1114.50	1117.00	1118.00	1120.00	1121.00	1122.00	1122.50	1123.50	1125.50	1126.50	1127.00	1128.00	1129.50	1130.50	1132.00	1132.50	1133.50	1135.00	1136.50	1138.00	1139.00	1140.50	1141.50	1143.00	1144.50	1145.50	1147.00	1148.50	1149.50	1150.50	1152.00	1152.50	1154.00	1155.00	1156.00	1157.00	1158.50	1159.00	1159.50	1161.00	1162.00	1163.00	1164.00	1165.50	1166.50	1168.00	1169.50	1170.50	1173.00	1174.00	1176.00	1178.00	1180.50	1181.50	1183.00	1185.00	1186.50	1189.00	1190.00	1191.50	1192.50	1194.00	1194.50	1195.50	1197.00	1198.50	1199.00	1200.00	1201.50	1202.50	1204.00	1204.50	1205.50	1207.00	1208.50	1209.50	1210.50	1212.00	1212.50	1214.00	1215.00	1215.50	1216.00	1217.50	1218.00	1218.50	1219.00	1220.00	1221.00	1221.00	1222.00	1222.50	1223.50	1224.00	1224.00	1225.00	1225.00	1226.00	1227.00	1228.00	1228.50	1229.00	1230.00	1231.00	1231.00	1232.00	1232.00	1232.50	1233.50	1234.00	1234.50	1235.00	1236.00	1236.50	1237.00	1238.00	1238.50	1240.00	1240.00	1241.50	1242.00	1243.50	1244.00	1244.50	1246.50	1247.50	1249.00	1250.00	1251.50	1253.00	1254.50	1255.50	1256.50	1258.00	1259.50	1261.00	1262.00	1263.50	1264.50	1266.00	1267.50	1268.50	1270.00	1271.00	1273.50	1275.00	1276.50	1277.50	1278.50	1280.00	1281.00	1282.00	1283.00	1283.50	1284.00	1285.00	1286.00	1286.50	1287.00	1288.00	1288.50	1289.00	1290.00	1290.00	1290.50	1291.00	1292.00	1293.00	1294.00	1294.50	1295.00	1296.00	1296.00	1296.50	1297.00	1297.50	1298.00	1298.00	1298.50	1299.00	1299.00
989.00	990.50	991.50	992.50	994.00	995.50	997.00	998.00	999.50	1000.50	1002.50	1004.50	1006.00	1008.00	1010.00	1012.00	1014.00	1016.50	1018.00	1019.50	1022.50	1024.00	1026.00	1027.00	1029.50	1030.50	1033.50	1035.00	1036.50	1039.00	1040.00	1043.00	1044.00	1046.50	1048.00	1050.00	1053.50	1055.00	1058.00	1059.00	1062.00	1063.50	1067.00	1068.50	1070.00	1072.00	1073.50	1076.00	1077.50	1078.50	1079.50	1081.00	1082.50	1084.00	1085.00	1085.50	1086.50	1088.00	1090.00	1091.50	1093.00	1094.00	1095.50	1097.00	1098.50	1099.50	1101.00	1103.00	1104.50	1106.00	1107.00	1109.50	1110.50	1112.00	1113.50	1114.50	1117.00	1118.00	1120.00	1121.00	1122.00	1122.50	1123.50	1125.50	1126.50	1127.00	1128.00	1129.50	1130.50	1132.00	1132.50	1133.50	1135.00	1136.50	1138.00	1139.00	1140.50	1141.50	1143.00	1144.50	1145.50	1147.00	1148.50	1149.50	1150.50	1152.00	1152.50	1154.00	1155.00	1156.00	1157.00	1158.50	1159.00	1159.50	1161.00	1162.00	1163.00	1164.00	1165.50	1166.50	1168.00	1169.50	1170.50	1173.00	1174.00	1176.00	1178.00	1180.50	1181.50	1183.00	1185.00	1186.50	1189.00	1190.00	1191.50	1192.50	1194.00	1194.50	1195.50	1197.00	1198.50	1199.00	1200.00	1201.50	1202.50	1204.00	1204.50	1205.50	1207.00	1208.50	1209.50	1210.50	1212.00	1212.50	1214.00	1215.00	1215.50	1216.00	1217.50	1218.00	1218.50	1219.00	1220.00	1221.00	1221.00	1222.00	1222.50	1223.50	1224.00	1224.00	1225.00	1225.00	1226.00	1227.00	1228.00	1228.50	1229.00	1230.00	1231.00	1231.00	1232.00	1232.00	1232.50	1233.50	1234.00	1234.50	1235.00	1236.00	1236.50	1237.00	1238.00	1238.50	1240.00	1240.00	1241.50	1242.00	1243.50	1244.00	1244.50	1246.50	1247.50	1249.00	1250.00	1251.50	1253.00	1254.50	1255.50	1256.50	1258.00	1259.50	1261.00	1262.00	1263.50	1264.50	1266.00	1267.50	1268.50	1270.00	1271.00	1273.50	1275.00	1276.50	1277.50	1278.50	1280.00	1281.00	1282.00	1283.00	1283.50	1284.00	1285.00	1286.00	1286.50	1287.00	1288.00	1288.50	1289.00	1290.00	1290.00	1290.50	1291.00	1292.00	1293.00	1294.00	1294.50	1295.00	1296.00	1296.00	1296.50	1297.00	1297.50	1298.00	1298.00	1298.50	1299.00	1299.00
989.00	990.50	991.50	992.50	994.00	995.50	997.00	998.00	999.50	1000.50	1002.50	1004.50	1006.00	1008.00	1010.00	1012.00	1014.00	1016.50	1018.00	1019.50	1022.50	1024.00	1026.00	1027.00	1029.50	1030.50	1033.50	1035.00	1036.50	1039.00	1040.00	1043.00	1044.00	1046.50	1048.00	1050.00	1053.50	1055.00	1058.00	1059.00	1062.00	1063.50	1067.00	1068.50	1070.00	1072.00	1073.50	1076.00	1077.50	1078.50	1079.50	1081.00	1082.50	1084.00	1085.00	1085.50	1086.50	1088.00	1090.00	1091.50	1093.00	1094.00	1095.50	1097.00	1098.50	1099.50	1101.00	1103.00	1104.50	1106.00	1107.00	1109.50	1110.50	1112.00	1113.50	1114.50	1117.00	1118.00	1120.00	1121.00	1122.00	1122.50	1123.50	1125.50	1126.50	1127.00	1128.00	1129.50	1130.50	1132.00	1132.50	1133.50	1135.00	1136.50	1138.00	1139.00	1140.50	1141.50	1143.00	1144.50	1145.50	1147.00	1148.50	1149.50	1150.50	1152.00	1152.50	1154.00	1155.00	1156.00	1157.00	1158.50	1159.00	1159.50	1161.00	1162.00	1163.00	1164.00	1165.50	1166.50	1168.00	1169.50	1170.50	1173.00	1174.00	1176.00	1178.00	1180.50	1181.50	1183.00	1185.00	1186.50	1189.00	1190.00	1191.50	1192.50	1194.00	1194.50	1195.50	1197.00	1198.50	1199.00	1200.00	1201.50	1202.50	1204.00	1204.50	1205.50	1207.00	1208.50	1209.50	1210.50	1212.00	1212.50	1214.00	1215.00	1215.50	1216.00	1217.50	1218.00	1218.50	1219.00	1220.00	1221.00	1221.00	1222.00	1222.50	1223.50	1224.00	1224.00	1225.00	1225.00	1226.00	1227.00	1228.00	1228.50	1229.00	1230.00	1231.00	1231.00	1232.00	1232.00	1232.50	1233.50	1234.00	1234.50	1235.00	1236.00	1236.50	1237.00	1238.00	1238.50	1240.00	1240.00	1241.50	1242.00	1243.50	1244.00	1244.50	1246.50	1247.50	1249.00	1250.00	1251.50	1253.00	1254.50	1255.50	1256.50	1258.00	1259.50	1261.00	1262.00	1263.50	1264.50	1266.00	1267.50	1268.50	1270.00	1271.00	1273.50	1275.00	1276.50	1277.50	1278.50	1280.00	1281.00	1282.00	1283.00	1283.50	1284.00	1285.00	1286.00	1286.50	1287.00	1288.00	1288.50	1289.00	1290.00	1290.00	1290.50	1291.00	1292.00	1293.00	1294.00	1294.50	1295.00	1296.00	1296.00	1296.50	1297.00	1297.50	1298.00	1298.00	1298.50	1299.00	1299.00
993.00	994.25	995.00	996.00	997.50	999.00	1000.50	1001.50	1003.25	1004.50	1006.50	1008.75	1010.50	1013.00	1014.50	1017.00	1019.00	1021.50	1023.00	1024.50	1027.50	1029.00	1031.00	1032.00	1034.25	1035.50	1038.00	1039.50	1041.00	1043.00	1044.50	1047.50	1048.50	1051.00	1052.50	1054.25	1057.75	1059.25	1062.00	1063.50	1066.00	1067.75	1071.25	1072.75	1074.25	1076.00	1077.50	1079.50	1081.00	1082.00	1083.00	1084.50	1086.00	1087.50	1088.50	1089.50	1090.50	1092.25	1094.25	1095.50	1097.00	1098.00	1099.50	1101.00	1102.50	1103.50	1104.75	1106.50	1108.00	1110.00	1111.00	1113.00	1114.00	1115.50	1117.00	1118.00	1120.00	1121.00	1123.00	1124.00	1125.25	1126.00	1127.00	1128.50	1129.50	1130.50	1131.50	1133.00	1134.00	1135.75	1136.50	1137.50	1139.00	1140.75	1142.50	1143.50	1145.00	1146.00	1147.50	1149.00	1150.00	1151.50	1153.00	1153.75	1154.50	1156.25	1157.00	1158.50	1159.00	1160.25	1161.50	1162.50	1163.25	1163.75	1165.00	1165.75	1167.00	1168.00	1169.50	1170.50	1172.00	1173.50	1174.75	1177.00	1178.00	1180.25	1182.00	1184.50	1185.75	1187.25	1189.50	1191.50	1193.50	1195.00	1196.50	1197.50	1199.00	1199.50	1200.50	1202.00	1203.00	1204.00	1204.50	1205.75	1206.50	1208.00	1208.50	1209.50	1211.00	1212.50	1213.25	1214.00	1215.25	1216.00	1217.00	1218.00	1218.75	1219.50	1220.50	1221.25	1221.75	1222.50	1223.50	1224.50	1225.00	1226.00	1226.50	1227.50	1228.00	1228.25	1229.50	1229.50	1230.50	1231.50	1232.25	1233.00	1233.50	1234.50	1235.50	1235.50	1236.50	1236.75	1237.25	1238.00	1238.50	1239.00	1239.50	1240.50	1241.00	1241.50	1242.50	1243.00	1244.00	1244.50	1245.75	1246.50	1247.75	1248.25	1249.00	1250.75	1251.50	1253.00	1254.00	1255.50	1257.00	1258.75	1260.00	1261.00	1262.50	1264.25	1266.00	1267.00	1268.50	1269.50	1271.25	1273.00	1274.00	1275.50	1276.50	1278.50	1280.00	1281.50	1282.50	1283.50	1284.50	1285.50	1286.50	1287.50	1288.00	1288.75	1289.75	1290.50	1290.75	1291.50	1292.00	1292.75	1293.50	1294.25	1294.50	1294.75	1295.50	1296.00	1297.00	1297.50	1298.25	1298.75	1300.25	1300.50	1301.00	1301.50	1302.25	1302.75	1303.00	1303.75	1304.25	1305.00
997.00	998.00	998.50	999.50	1001.00	1002.50	1004.00	1005.00	1007.00	1008.50	1010.50	1013.00	1015.00	1018.00	1019.00	1022.00	1024.00	1026.50	1028.00	1029.50	1032.50	1034.00	1036.00	1037.00	1039.00	1040.50	1042.50	1044.00	1045.50	1047.00	1049.00	1052.00	1053.00	1055.50	1057.00	1058.50	1062.00	1063.50	1066.00	1068.00	1070.00	1072.00	1075.50	1077.00	1078.50	1080.00	1081.50	1083.00	1084.50	1085.50	1086.50	1088.00	1089.50	1091.00	1092.00	1093.50	1094.50	1096.50	1098.50	1099.50	1101.00	1102.00	1103.50	1105.00	1106.50	1107.50	1108.50	1110.00	1111.50	1114.00	1115.00	1116.50	1117.50	1119.00	1120.50	1121.50	1123.00	1124.00	1126.00	1127.00	1128.50	1129.50	1130.50	1131.50	1132.50	1134.00	1135.00	1136.50	1137.50	1139.50	1140.50	1141.50	1143.00	1145.00	1147.00	1148.00	1149.50	1150.50	1152.00	1153.50	1154.50	1156.00	1157.50	1158.00	1158.50	1160.50	1161.50	1163.00	1163.00	1164.50	1166.00	1166.50	1167.50	1168.00	1169.00	1169.50	1171.00	1172.00	1173.50	1174.50	1176.00	1177.50	1179.00	1181.00	1182.00	1184.50	1186.00	1188.50	1190.00	1191.50	1194.00	1196.50	1198.00	1200.00	1201.50	1202.50	1204.00	1204.50	1205.50	1207.00	1207.50	1209.00	1209.00	1210.00	1210.50	1212.00	1212.50	1213.50	1215.00	1216.50	1217.00	1217.50	1218.50	1219.50	1220.00	1221.00	1222.00	1223.00	1223.50	1224.50	1225.00	1226.00	1227.00	1228.00	1229.00	1230.00	1230.50	1231.50	1232.00	1232.50	1234.00	1234.00	1235.00	1236.00	1236.50	1237.50	1238.00	1239.00	1240.00	1240.00	1241.00	1241.50	1242.00	1242.50	1243.00	1243.50	1244.00	1245.00	1245.50	1246.00	1247.00	1247.50	1248.00	1249.00	1250.00	1251.00	1252.00	1252.50	1253.50	1255.00	1255.50	1257.00	1258.00	1259.50	1261.00	1263.00	1264.50	1265.50	1267.00	1269.00	1271.00	1272.00	1273.50	1274.50	1276.50	1278.50	1279.50	1281.00	1282.00	1283.50	1285.00	1286.50	1287.50	1288.50	1289.00	1290.00	1291.00	1292.00	1292.50	1293.50	1294.50	1295.00	1295.00	1296.00	1296.00	1297.00	1298.00	1298.50	1299.00	1299.00	1300.00	1300.00	1301.00	1301.00	1302.00	1302.50	1304.50	1305.00	1305.50	1306.00	1307.00	1307.50	1308.00	1309.00	1309.50	1311.00
997.00	998.00	998.50	999.50	1001.00	1002.50	1004.00	1005.00	1007.00	1008.50	1010.50	1013.00	1015.00	1018.00	1019.00	1022.00	1024.00	1026.50	1028.00	1029.50	1032.50	1034.00	1036.00	1037.00	1039.00	1040.50	1042.50	1044.00	1045.50	1047.00	1049.00	1052.00	1053.00	1055.50	1057.00	1058.50	1062.00	1063.50	1066.00	1068.00	1070.00	1072.00	1075.50	1077.00	1078.50	1080.00	1081.50	1083.00	1084.50	1085.50	1086.50	1088.00	1089.50	1091.00	1092.00	1093.50	1094.50	1096.50	1098.50	1099.50	1101.00	1102.00	1103.50	1105.00	1106.50	1107.50	1108.50	1110.00	1111.50	1114.00	1115.00	1116.50	1117.50	1119.00	1120.50	1121.50	1123.00	1124.00	1126.00	1127.00	1128.50	1129.50	1130.50	1131.50	1132.50	1134.00	1135.00	1136.50	1137.50	1139.50	1140.50	1141.50	1143.00	1145.00	1147.00	1148.00	1149.50	1150.50	1152.00	1153.50	1154.50	1156.00	1157.50	1158.00	1158.50	1160.50	1161.50	1163.00	1163.00	1164.50	1166.00	1166.50	1167.50	1168.00	1169.00	1169.50	1171.00	1172.00	1173.50	1174.50	1176.00	1177.50	1179.00	1181.00	1182.00	1184.50	1186.00	1188.50	1190.00	1191.50	1194.00	1196.50	1198.00	1200.00	1201.50	1202.50	1204.00	1204.50	1205.50	1207.00	1207.50	1209.00	1209.00	1210.00	1210.50	1212.00	1212.50	1213.50	1215.00	1216.50	1217.00	1217.50	1218.50	1219.50	1220.00	1221.00	1222.00	1223.00	1223.50	1224.50	1225.00	1226.00	1227.00	1228.00	1229.00	1230.00	1230.50	1231.50	1232.00	1232.50	1234.00	1234.00	1235.00	1236.00	1236.50	1237.50	1238.00	1239.00	1240.00	1240.00	1241.00	1241.50	1242.00	1242.50	1243.00	1243.50	1244.00	1245.00	1245.50	1246.00	1247.00	1247.50	1248.00	1249.00	1250.00	1251.00	1252.00	1252.50	1253.50	1255.00	1255.50	1257.00	1258.00	1259.50	1261.00	1263.00	1264.50	1265.50	1267.00	1269.00	1271.00	1272.00	1273.50	1274.50	1276.50	1278.50	1279.50	1281.00	1282.00	1283.50	1285.00	1286.50	1287.50	1288.50	1289.00	1290.00	1291.00	1292.00	1292.50	1293.50	1294.50	1295.00	1295.00	1296.00	1296.00	1297.00	1298.00	1298.50	1299.00	1299.00	1300.00	1300.00	1301.00	1301.00	1302.00	1302.50	1304.50	1305.00	1305.50	1306.00	1307.00	1307.50	1308.00	1309.00	1309.50	1311.00
1001.00	1002.25	1003.00	1004.00	1005.50	1007.00	1008.50	1010.00	1012.00	1013.50	1015.75	1018.25	1020.00	1023.00	1024.50	1027.25	1029.50	1031.75	1033.25	1034.75	1037.75	1039.25	1041.00	1042.00	1043.75	1045.00	1047.00	1048.50	1050.00	1051.50	1053.50	1056.50	1057.50	1059.75	1061.25	1062.75	1066.00	1067.75	1070.00	1072.00	1074.00	1076.00	1079.00	1080.50	1082.00	1084.00	1085.50	1087.00	1088.50	1089.50	1090.50	1092.00	1093.50	1095.00	1096.00	1097.50	1098.50	1100.25	1102.00	1103.00	1104.50	1105.50	1107.50	1109.00	1110.50	1111.50	1112.50	1114.00	1115.50	1117.50	1118.00	1119.50	1120.50	1122.00	1123.50	1124.50	1126.00	1127.00	1129.00	1130.00	1132.00	1132.75	1133.50	1135.00	1136.00	1137.50	1138.50	1140.00	1141.00	1143.50	1144.50	1145.50	1147.50	1149.25	1151.00	1152.50	1154.00	1155.00	1156.50	1157.75	1158.50	1160.00	1161.50	1162.25	1163.00	1164.75	1165.50	1167.00	1167.00	1168.50	1170.00	1170.50	1171.25	1171.75	1173.00	1173.50	1174.50	1175.50	1176.75	1177.50	1179.00	1180.75	1182.25	1184.00	1185.50	1187.50	1189.50	1191.75	1193.50	1195.25	1197.50	1200.00	1201.50	1203.00	1205.00	1206.00	1207.75	1208.50	1209.50	1211.00	1211.50	1213.00	1213.00	1213.75	1214.25	1215.50	1216.50	1217.50	1218.50	1220.00	1220.50	1221.00	1222.00	1223.00	1224.00	1224.50	1225.75	1227.00	1227.50	1228.50	1229.00	1230.00	1231.25	1232.00	1233.00	1234.25	1234.75	1235.75	1236.75	1237.25	1238.50	1239.00	1239.75	1240.50	1241.25	1242.00	1242.75	1243.50	1244.50	1245.00	1245.50	1246.25	1246.75	1247.50	1248.00	1248.25	1249.00	1249.50	1250.25	1251.00	1251.50	1252.00	1253.00	1253.50	1254.75	1255.50	1256.75	1257.25	1258.00	1259.75	1260.25	1261.50	1262.50	1264.00	1265.50	1267.25	1268.50	1269.75	1271.50	1273.50	1275.50	1276.50	1278.25	1279.50	1281.25	1283.00	1283.75	1285.00	1286.00	1287.50	1289.00	1290.50	1291.50	1292.25	1293.00	1294.25	1295.00	1296.00	1296.50	1297.25	1298.00	1298.75	1299.00	1300.00	1300.00	1301.25	1302.00	1302.50	1303.00	1303.00	1303.50	1304.25	1305.00	1305.50	1306.25	1306.75	1308.50	1309.00	1309.50	1310.50	1311.50	1312.00	1313.00	1314.00	1314.50	1316.00
1005.00	1006.50	1007.50	1008.50	1010.00	1011.50	1013.00	1015.00	1017.00	1018.50	1021.00	1023.50	1025.00	1028.00	1030.00	1032.50	1035.00	1037.00	1038.50	1040.00	1043.00	1044.50	1046.00	1047.00	1048.50	1049.50	1051.50	1053.00	1054.50	1056.00	1058.00	1061.00	1062.00	1064.00	1065.50	1067.00	1070.00	1072.00	1074.00	1076.00	1078.00	1080.00	1082.50	1084.00	1085.50	1088.00	1089.50	1091.00	1092.50	1093.50	1094.50	1096.00	1097.50	1099.00	1100.00	1101.50	1102.50	1104.00	1105.50	1106.50	1108.00	1109.00	1111.50	1113.00	1114.50	1115.50	1116.50	1118.00	1119.50	1121.00	1121.00	1122.50	1123.50	1125.00	1126.50	1127.50	1129.00	1130.00	1132.00	1133.00	1135.50	1136.00	1136.50	1138.50	1139.50	1141.00	1142.00	1143.50	1144.50	1147.50	1148.50	1149.50	1152.00	1153.50	1155.00	1157.00	1158.50	1159.50	1161.00	1162.00	1162.50	1164.00	1165.50	1166.50	1167.50	1169.00	1169.50	1171.00	1171.00	1172.50	1174.00	1174.50	1175.00	1175.50	1177.00	1177.50	1178.00	1179.00	1180.00	1180.50	1182.00	1184.00	1185.50	1187.00	1189.00	1190.50	1193.00	1195.00	1197.00	1199.00	1201.00	1203.50	1205.00	1206.00	1208.50	1209.50	1211.50	1212.50	1213.50	1215.00	1215.50	1217.00	1217.00	1217.50	1218.00	1219.00	1220.50	1221.50	1222.00	1223.50	1224.00	1224.50	1225.50	1226.50	1228.00	1228.00	1229.50	1231.00	1231.50	1232.50	1233.00	1234.00	1235.50	1236.00	1237.00	1238.50	1239.00	1240.00	1241.50	1242.00	1243.00	1244.00	1244.50	1245.00	1246.00	1246.50	1247.50	1248.00	1249.00	1250.00	1250.00	1251.00	1251.50	1252.50	1253.00	1253.00	1254.00	1254.00	1255.00	1256.00	1256.00	1256.50	1258.00	1258.00	1259.50	1260.00	1261.50	1262.00	1262.50	1264.50	1265.00	1266.00	1267.00	1268.50	1270.00	1271.50	1272.50	1274.00	1276.00	1278.00	1280.00	1281.00	1283.00	1284.50	1286.00	1287.50	1288.00	1289.00	1290.00	1291.50	1293.00	1294.50	1295.50	1296.00	1297.00	1298.50	1299.00	1300.00	1300.50	1301.00	1301.50	1302.50	1303.00	1304.00	1304.00	1305.50	1306.00	1306.50	1307.00	1307.00	1307.00	1308.50	1309.00	1310.00	1310.50	1311.00	1312.50	1313.00	1313.50	1315.00	1316.00	1316.50	1318.00	1319.00	1319.50	1321.00
1005.00	1006.50	1007.50	1008.50	1010.00	1011.50	1013.00	1015.00	1017.00	1018.50	1021.00	1023.50	1025.00	1028.00	1030.00	1032.50	1035.00	1037.00	1038.50	1040.00	1043.00	1044.50	1046.00	1047.00	1048.50	1049.50	1051.50	1053.00	1054.50	1056.00	1058.00	1061.00	1062.00	1064.00	1065.50	1067.00	1070.00	1072.00	1074.00	1076.00	1078.00	1080.00	1082.50	1084.00	1085.50	1088.00	1089.50	1091.00	1092.50	1093.50	1094.50	1096.00	1097.50	1099.00	1100.00	1101.50	1102.50	1104.00	1105.50	1106.50	1108.00	1109.00	1111.50	1113.00	1114.50	1115.50	1116.50	1118.00	1119.50	1121.00	1121.00	1122.50	1123.50	1125.00	1126.50	1127.50	1129.00	1130.00	1132.00	1133.00	1135.50	1136.00	1136.50	1138.50	1139.50	1141.00	1142.00	1143.50	1144.50	1147.50	1148.50	1149.50	1152.00	1153.50	1155.00	1157.00	1158.50	1159.50	1161.00	1162.00	1162.50	1164.00	1165.50	1166.50	1167.50	1169.00	1169.50	1171.00	1171.00	1172.50	1174.00	1174.50	1175.00	1175.50	1177.00	1177.50	1178.00	1179.00	1180.00	1180.50	1182.00	1184.00	1185.50	1187.00	1189.00	1190.50	1193.00	1195.00	1197.00	1199.00	1201.00	1203.50	1205.00	1206.00	1208.50	1209.50	1211.50	1212.50	1213.50	1215.00	1215.50	1217.00	1217.00	1217.50	1218.00	1219.00	1220.50	1221.50	1222.00	1223.50	1224.00	1224.50	1225.50	1226.50	1228.00	1228.00	1229.50	1231.00	1231.50	1232.50	1233.00	1234.00	1235.50	1236.00	1237.00	1238.50	1239.00	1240.00	1241.50	1242.00	1243.00	1244.00	1244.50	1245.00	1246.00	1246.50	1247.50	1248.00	1249.00	1250.00	1250.00	1251.00	1251.50	1252.50	1253.00	1253.00	1254.00	1254.00	1255.00	1256.00	1256.00	1256.50	1258.00	1258.00	1259.50	1260.00	1261.50	1262.00	1262.50	1264.50	1265.00	1266.00	1267.00	1268.50	1270.00	1271.50	1272.50	1274.00	1276.00	1278.00	1280.00	1281.00	1283.00	1284.50	1286.00	1287.50	1288.00	1289.00	1290.00	1291.50	1293.00	1294.50	1295.50	1296.00	1297.00	1298.50	1299.00	1300.00	1300.50	1301.00	1301.50	1302.50	1303.00	1304.00	1304.00	1305.50	1306.00	1306.50	1307.00	1307.00	1307.00	1308.50	1309.00	1310.00	1310.50	1311.00	1312.50	1313.00	1313.50	1315.00	1316.00	1316.50	1318.00	1319.00	1319.50	1321.00
1010.00	1011.50	1012.50	1013.75	1015.50	1017.00	1019.00	1020.50	1022.75	1024.25	1026.75	1029.25	1031.00	1034.00	1035.50	1038.00	1040.50	1042.50	1044.00	1045.25	1048.00	1049.50	1051.00	1052.00	1053.50	1054.25	1056.00	1057.25	1058.50	1060.00	1061.50	1064.50	1066.00	1068.00	1069.50	1071.00	1074.25	1075.75	1078.00	1079.50	1081.75	1083.25	1086.00	1087.50	1089.00	1091.00	1092.50	1094.50	1095.50	1096.50	1097.50	1099.00	1100.50	1102.00	1103.00	1104.50	1105.50	1107.25	1109.00	1110.00	1111.50	1112.50	1114.50	1116.00	1117.50	1118.75	1120.00	1121.50	1122.75	1124.00	1124.50	1126.00	1127.00	1128.50	1130.00	1131.00	1132.50	1133.50	1135.50	1136.50	1138.50	1139.25	1140.00	1142.00	1143.00	1144.50	1145.50	1147.25	1148.50	1151.25	1152.50	1153.50	1156.00	1157.50	1159.00	1160.50	1162.00	1163.00	1164.50	1165.75	1166.50	1168.00	1169.00	1170.00	1171.00	1172.25	1173.00	1174.50	1174.50	1176.00	1177.00	1177.75	1178.25	1178.75	1180.00	1180.75	1181.50	1182.00	1183.00	1183.50	1184.75	1186.25	1187.75	1189.50	1191.50	1193.00	1195.50	1197.75	1199.50	1201.25	1203.50	1206.00	1208.00	1209.00	1211.25	1212.50	1214.75	1216.00	1217.00	1218.50	1219.25	1220.50	1220.50	1221.00	1221.75	1222.50	1224.00	1224.75	1225.50	1227.00	1227.75	1228.25	1229.50	1230.25	1231.50	1232.00	1233.50	1235.00	1235.50	1236.50	1237.25	1238.00	1239.50	1240.50	1241.50	1242.50	1243.25	1244.25	1245.50	1246.25	1247.50	1248.00	1249.00	1249.50	1250.75	1251.25	1252.00	1253.00	1253.75	1254.50	1255.00	1255.75	1256.25	1257.00	1257.75	1258.00	1259.00	1259.00	1259.75	1260.50	1261.00	1261.50	1262.50	1263.00	1264.00	1264.50	1266.00	1266.50	1267.00	1269.00	1269.75	1270.50	1271.50	1273.00	1274.50	1276.00	1277.00	1278.25	1280.50	1282.25	1284.00	1285.00	1287.25	1288.50	1290.00	1291.50	1292.00	1293.00	1294.00	1295.50	1297.00	1298.50	1299.50	1300.25	1301.00	1302.50	1303.00	1304.00	1304.50	1305.25	1306.00	1306.75	1307.00	1308.00	1308.00	1309.50	1310.00	1310.50	1311.00	1311.25	1311.50	1313.00	1314.00	1314.50	1315.50	1316.00	1317.50	1318.25	1318.75	1320.00	1321.00	1321.50	1323.00	1324.25	1324.75	1325.50
1015.00	1016.50	1017.50	1019.00	1021.00	1022.50	1025.00	1026.00	1028.50	1030.00	1032.50	1035.00	1037.00	1040.00	1041.00	1043.50	1046.00	1048.00	1049.50	1050.50	1053.00	1054.50	1056.00	1057.00	1058.50	1059.00	1060.50	1061.50	1062.50	1064.00	1065.00	1068.00	1070.00	1072.00	1073.50	1075.00	1078.50	1079.50	1082.00	1083.00	1085.50	1086.50	1089.50	1091.00	1092.50	1094.00	1095.50	1098.00	1098.50	1099.50	1100.50	1102.00	1103.50	1105.00	1106.00	1107.50	1108.50	1110.50	1112.50	1113.50	1115.00	1116.00	1117.50	1119.00	1120.50	1122.00	1123.50	1125.00	1126.00	1127.00	1128.00	1129.50	1130.50	1132.00	1133.50	1134.50	1136.00	1137.00	1139.00	1140.00	1141.50	1142.50	1143.50	1145.50	1146.50	1148.00	1149.00	1151.00	1152.50	1155.00	1156.50	1157.50	1160.00	1161.50	1163.00	1164.00	1165.50	1166.50	1168.00	1169.50	1170.50	1172.00	1172.50	1173.50	1174.50	1175.50	1176.50	1178.00	1178.00	1179.50	1180.00	1181.00	1181.50	1182.00	1183.00	1184.00	1185.00	1185.00	1186.00	1186.50	1187.50	1188.50	1190.00	1192.00	1194.00	1195.50	1198.00	1200.50	1202.00	1203.50	1206.00	1208.50	1211.00	1212.00	1214.00	1215.50	1218.00	1219.50	1220.50	1222.00	1223.00	1224.00	1224.00	1224.50	1225.50	1226.00	1227.50	1228.00	1229.00	1230.50	1231.50	1232.00	1233.50	1234.00	1235.00	1236.00	1237.50	1239.00	1239.50	1240.50	1241.50	1242.00	1243.50	1245.00	1246.00	1246.50	1247.50	1248.50	1249.50	1250.50	1252.00	1252.00	1253.50	1254.00	1255.50	1256.00	1256.50	1258.00	1258.50	1259.00	1260.00	1260.50	1261.00	1261.50	1262.50	1263.00	1264.00	1264.00	1264.50	1265.00	1266.00	1266.50	1267.00	1268.00	1268.50	1269.00	1270.50	1271.00	1271.50	1273.50	1274.50	1275.00	1276.00	1277.50	1279.00	1280.50	1281.50	1282.50	1285.00	1286.50	1288.00	1289.00	1291.50	1292.50	1294.00	1295.50	1296.00	1297.00	1298.00	1299.50	1301.00	1302.50	1303.50	1304.50	1305.00	1306.50	1307.00	1308.00	1308.50	1309.50	1310.50	1311.00	1311.00	1312.00	1312.00	1313.50	1314.00	1314.50	1315.00	1315.50	1316.00	1317.50	1319.00	1319.00	1320.50	1321.00	1322.50	1323.50	1324.00	1325.00	1326.00	1326.50	1328.00	1329.50	1330.00	1330.00
1015.00	1016.50	1017.50	1019.00	1021.00	1022.50	1025.00	1026.00	1028.50	1030.00	1032.50	1035.00	1037.00	1040.00	1041.00	1043.50	1046.00	1048.00	1049.50	1050.50	1053.00	1054.50	1056.00	1057.00	1058.50	1059.00	1060.50	1061.50	1062.50	1064.00	1065.00	1068.00	1070.00	1072.00	1073.50	1075.00	1078.50	1079.50	1082.00	1083.00	1085.50	1086.50	1089.50	1091.00	1092.50	1094.00	1095.50	1098.00	1098.50	1099.50	1100.50	1102.00	1103.50	1105.00	1106.00	1107.50	1108.50	1110.50	1112.50	1113.50	1115.00	1116.00	1117.50	1119.00	1120.50	1122.00	1123.50	1125.00	1126.00	1127.00	1128.00	1129.50	1130.50	1132.00	1133.50	1134.50	1136.00	1137.00	1139.00	1140.00	1141.50	1142.50	1143.50	1145.50	1146.50	1148.00	1149.00	1151.00	1152.50	1155.00	1156.50	1157.50	1160.00	1161.50	1163.00	1164.00	1165.50	1166.50	1168.00	1169.50	1170.50	1172.00	1172.50	1173.50	1174.50	1175.50	1176.50	1178.00	1178.00	1179.50	1180.00	1181.00	1181.50	1182.00	1183.00	1184.00	1185.00	1185.00	1186.00	1186.50	1187.50	1188.50	1190.00	1192.00	1194.00	1195.50	1198.00	1200.50	1202.00	1203.50	1206.00	1208.50	1211.00	1212.00	1214.00	1215.50	1218.00	1219.50	1220.50	1222.00	1223.00	1224.00	1224.00	1224.50	1225.50	1226.00	1227.50	1228.00	1229.00	1230.50	1231.50	1232.00	1233.50	1234.00	1235.00	1236.00	1237.50	1239.00	1239.50	1240.50	1241.50	1242.00	1243.50	1245.00	1246.00	1246.50	1247.50	1248.50	1249.50	1250.50	1252.00	1252.00	1253.50	1254.00	1255.50	1256.00	1256.50	1258.00	1258.50	1259.00	1260.00	1260.50	1261.00	1261.50	1262.50	1263.00	1264.00	1264.00	1264.50	1265.00	1266.00	1266.50	1267.00	1268.00	1268.50	1269.00	1270.50	1271.00	1271.50	1273.50	1274.50	1275.00	1276.00	1277.50	1279.00	1280.50	1281.50	1282.50	1285.00	1286.50	1288.00	1289.00	1291.50	1292.50	1294.00	1295.50	1296.00	1297.00	1298.00	1299.50	1301.00	1302.50	1303.50	1304.50	1305.00	1306.50	1307.00	1308.00	1308.50	1309.50	1310.50	1311.00	1311.00	1312.00	1312.00	1313.50	1314.00	1314.50	1315.00	1315.50	1316.00	1317.50	1319.00	1319.00	1320.50	1321.00	1322.50	1323.50	1324.00	1325.00	1326.00	1326.50	1328.00	1329.50	1330.00	1330.00
1015.00	1016.50	1017.50	1019.00	1021.00	1022.50	1025.00	1026.00	1028.50	1030.00	1032.50	1035.00	1037.00	1040.00	1041.00	1043.50	1046.00	1048.00	1049.50	1050.50	1053.00	1054.50	1056.00	1057.00	1058.50	1059.00	1060.50	1061.50	1062.50	1064.00	1065.00	1068.00	1070.00	1072.00	1073.50	1075.00	1078.50	1079.50	1082.00	1083.00	1085.50	1086.50	1089.50	1091.00	1092.50	1094.00	1095.50	1098.00	1098.50	1099.50	1100.50	1102.00	1103.50	1105.00	1106.00	1107.50	1108.50	1110.50	1112.50	1113.50	1115.00	1116.00	1117.50	1119.00	1120.50	1122.00	1123.50	1125.00	1126.00	1127.00	1128.00	1129.50	1130.50	1132.00	1133.50	1134.50	1136.00	1137.00	1139.00	1140.00	1141.50	1142.50	1143.50	1145.50	1146.50	1148.00	1149.00	1151.00	1152.50	1155.00	1156.50	1157.50	1160.00	1161.50	1163.00	1164.00	1165.50	1166.50	1168.00	1169.50	1170.50	1172.00	1172.50	1173.50	1174.50	1175.50	1176.50	1178.00	1178.00	1179.50	1180.00	1181.00	1181.50	1182.00	1183.00	1184.00	1185.00	1185.00	1186.00	1186.50	1187.50	1188.50	1190.00	1192.00	1194.00	1195.50	1198.00	1200.50	1202.00	1203.50	1206.00	1208.50	1211.00	1212.00	1214.00	1215.50	1218.00	1219.50	1220.50	1222.00	1223.00	1224.00	1224.00	1224.50	1225.50	1226.00	1227.50	1228.00	1229.00	1230.50	1231.50	1232.00	1233.50	1234.00	1235.00	1236.00	1237.50	1239.00	1239.50	1240.50	1241.50	1242.00	1243.50	1245.00	1246.00	1246.50	1247.50	1248.50	1249.50	1250.50	1252.00	1252.00	1253.50	1254.00	1255.50	1256.00	1256.50	1258.00	1258.50	1259.00	1260.00	1260.50	1261.00	1261.50	1262.50	1263.00	1264.00	1264.00	1264.50	1265.00	1266.00	1266.50	1267.00	1268.00	1268.50	1269.00	1270.50	1271.00	1271.50	1273.50	1274.50	1275.00	1276.00	1277.50	1279.00	1280.50	1281.50	1282.50	1285.00	1286.50	1288.00	1289.00	1291.50	1292.50	1294.00	1295.50	1296.00	1297.00	1298.00	1299.50	1301.00	1302.50	1303.50	1304.50	1305.00	1306.50	1307.00	1308.00	1308.50	1309.50	1310.50	1311.00	1311.00	1312.00	1312.00	1313.50	1314.00	1314.50	1315.00	1315.50	1316.00	1317.50	1319.00	1319.00	1320.50	1321.00	1322.50	1323.50	1324.00	1325.00	1326.00	1326.50	1328.00	1329.50	1330.00	1330.00
1026.00	1028.50	1030.00	1031.50	1033.00	1035.00	1037.00	1038.00	1041.00	1042.50	1045.00	1047.50	1049.00	1051.00	1053.00	1054.50	1057.00	1058.50	1059.50	1060.50	1062.50	1063.50	1065.00	1065.00	1066.50	1067.50	1069.50	1070.00	1070.50	1072.00	1073.00	1075.00	1076.00	1078.00	1079.50	1081.00	1084.50	1086.00	1089.00	1090.00	1092.00	1093.50	1096.00	1097.50	1098.50	1101.00	1102.50	1104.00	1105.50	1106.50	1107.50	1109.00	1110.50	1112.00	1113.00	1114.50	1115.50	1117.00	1118.50	1120.00	1122.00	1123.00	1124.50	1126.00	1127.50	1128.50	1129.50	1131.00	1132.50	1134.00	1135.00	1136.50	1137.50	1139.00	1140.50	1141.50	1143.00	1144.00	1145.00	1146.00	1148.00	1149.50	1150.50	1152.50	1153.50	1155.00	1156.00	1157.50	1159.00	1161.50	1163.00	1164.50	1167.00	1168.00	1169.00	1170.00	1171.50	1172.50	1174.00	1175.50	1176.50	1178.00	1179.00	1179.50	1180.50	1181.50	1182.00	1183.00	1184.00	1184.50	1185.00	1186.00	1186.50	1187.50	1188.00	1189.50	1190.00	1191.00	1191.00	1191.50	1193.00	1194.50	1195.50	1197.00	1198.00	1200.00	1202.00	1204.50	1206.00	1208.00	1210.00	1213.00	1215.00	1217.00	1219.00	1220.50	1223.50	1225.00	1226.50	1228.00	1229.00	1230.00	1231.00	1232.00	1232.50	1234.00	1234.50	1235.50	1236.00	1237.50	1238.50	1239.00	1240.50	1241.50	1243.00	1244.00	1244.50	1246.00	1247.50	1248.50	1249.50	1251.00	1251.50	1253.00	1254.00	1255.00	1255.50	1257.00	1258.00	1258.50	1260.00	1260.00	1261.50	1262.00	1263.00	1263.50	1264.50	1265.00	1266.00	1267.00	1268.00	1268.50	1269.00	1270.00	1271.00	1271.50	1273.00	1273.00	1274.00	1275.00	1275.00	1275.50	1276.00	1276.00	1277.00	1278.00	1279.00	1279.50	1280.50	1281.50	1283.00	1285.00	1286.00	1287.50	1289.00	1290.50	1291.50	1292.50	1294.00	1295.50	1297.00	1298.00	1300.50	1301.50	1303.00	1304.50	1305.50	1307.00	1308.00	1309.50	1311.00	1312.00	1312.50	1313.50	1315.00	1316.00	1317.00	1317.00	1318.00	1318.00	1318.50	1319.50	1320.00	1321.00	1321.00	1322.00	1323.00	1323.50	1324.50	1325.50	1327.00	1328.50	1330.00	1331.00	1332.00	1332.50	1334.50	1335.50	1336.50	1338.00	1338.50	1339.50	1340.00	1340.00	1340.50	1341.00
1026.00	1028.50	1030.00	1031.50	1033.00	1035.00	1037.00	1038.00	1041.00	1042.50	1045.00	1047.50	1049.00	1051.00	1053.00	1054.50	1057.00	1058.50	1059.50	1060.50	1062.50	1063.50	1065.00	1065.00	1066.50	1067.50	1069.50	1070.00	1070.50	1072.00	1073.00	1075.00	1076.00	1078.00	1079.50	1081.00	1084.50	1086.00	1089.00	1090.00	1092.00	1093.50	1096.00	1097.50	1098.50	1101.00	1102.50	1104.00	1105.50	1106.50	1107.50	1109.00	1110.50	1112.00	1113.00	1114.50	1115.50	1117.00	1118.50	1120.00	1122.00	1123.00	1124.50	1126.00	1127.50	1128.50	1129.50	1131.00	1132.50	1134.00	1135.00	1136.50	1137.50	1139.00	1140.50	1141.50	1143.00	1144.00	1145.00	1146.00	1148.00	1149.50	1150.50	1152.50	1153.50	1155.00	1156.00	1157.50	1159.00	1161.50	1163.00	1164.50	1167.00	1168.00	1169.00	1170.00	1171.50	1172.50	1174.00	1175.50	1176.50	1178.00	1179.00	1179.50	1180.50	1181.50	1182.00	1183.00	1184.00	1184.50	1185.00	1186.00	1186.50	1187.50	1188.00	1189.50	1190.00	1191.00	1191.00	1191.50	1193.00	1194.50	1195.50	1197.00	1198.00	1200.00	1202.00	1204.50	1206.00	1208.00	1210.00	1213.00	1215.00	1217.00	1219.00	1220.50	1223.50	1225.00	1226.50	1228.00	1229.00	1230.00	1231.00	1232.00	1232.50	1234.00	1234.50	1235.50	1236.00	1237.50	1238.50	1239.00	1240.50	1241.50	1243.00	1244.00	1244.50	1246.00	1247.50	1248.50	1249.50	1251.00	1251.50	1253.00	1254.00	1255.00	1255.50	1257.00	1258.00	1258.50	1260.00	1260.00	1261.50	1262.00	1263.00	1263.50	1264.50	1265.00	1266.00	1267.00	1268.00	1268.50	1269.00	1270.00	1271.00	1271.50	1273.00	1273.00	1274.00	1275.00	1275.00	1275.50	1276.00	1276.00	1277.00	1278.00	1279.00	1279.50	1280.50	1281.50	1283.00	1285.00	1286.00	1287.50	1289.00	1290.50	1291.50	1292.50	1294.00	1295.50	1297.00	1298.00	1300.50	1301.50	1303.00	1304.50	1305.50	1307.00	1308.00	1309.50	1311.00	1312.00	1312.50	1313.50	1315.00	1316.00	1317.00	1317.00	1318.00	1318.00	1318.50	1319.50	1320.00	1321.00	1321.00	1322.00	1323.00	1323.50	1324.50	1325.50	1327.00	1328.50	1330.00	1331.00	1332.00	1332.50	1334.50	1335.50	1336.50	1338.00	1338.50	1339.50	1340.00	1340.00	1340.50	1341.00
1026.00	1028.50	1030.00	1031.50	1033.00	1035.00	1037.00	1038.00	1041.00	1042.50	1045.00	1047.50	1049.00	1051.00	1053.00	1054.50	1057.00	1058.50	1059.50	1060.50	1062.50	1063.50	1065.00	1065.00	1066.50	1067.50	1069.50	1070.00	1070.50	1072.00	1073.00	1075.00	1076.00	1078.00	1079.50	1081.00	1084.50	1086.00	1089.00	1090.00	1092.00	1093.50	1096.00	1097.50	1098.50	1101.00	1102.50	1104.00	1105.50	1106.50	1107.50	1109.00	1110.50	1112.00	1113.00	1114.50	1115.50	1117.00	1118.50	1120.00	1122.00	1123.00	1124.50	1126.00	1127.50	1128.50	1129.50	1131.00	1132.50	1134.00	1135.00	1136.50	1137.50	1139.00	1140.50	1141.50	1143.00	1144.00	1145.00	1146.00	1148.00	1149.50	1150.50	1152.50	1153.50	1155.00	1156.00	1157.50	1159.00	1161.50	1163.00	1164.50	1167.00	1168.00	1169.00	1170.00	1171.50	1172.50	1174.00	1175.50	1176.50	1178.00	1179.00	1179.50	1180.50	1181.50	1182.00	1183.00	1184.00	1184.50	1185.00	1186.00	1186.50	1187.50	1188.00	1189.50	1190.00	1191.00	1191.00	1191.50	1193.00	1194.50	1195.50	1197.00	1198.00	1200.00	1202.00	1204.50	1206.00	1208.00	1210.00	1213.00	1215.00	1217.00	1219.00	1220.50	1223.50	1225.00	1226.50	1228.00	1229.00	1230.00	1231.00	1232.00	1232.50	1234.00	1234.50	1235.50	1236.00	1237.50	1238.50	1239.00	1240.50	1241.50	1243.00	1244.00	1244.50	1246.00	1247.50	1248.50	1249.50	1251.00	1251.50	1253.00	1254.00	1255.00	1255.50	1257.00	1258.00	1258.50	1260.00	1260.00	1261.50	1262.00	1263.00	1263.50	1264.50	1265.00	1266.00	1267.00	1268.00	1268.50	1269.00	1270.00	1271.00	1271.50	1273.00	1273.00	1274.00	1275.00	1275.00	1275.50	1276.00	1276.00	1277.00	1278.00	1279.00	1279.50	1280.50	1281.50	1283.00	1285.00	1286.00	1287.50	1289.00	1290.50	1291.50	1292.50	1294.00	1295.50	1297.00	1298.00	1300.50	1301.50	1303.00	1304.50	1305.50	1307.00	1308.00	1309.50	1311.00	1312.00	1312.50	1313.50	1315.00	1316.00	1317.00	1317.00	1318.00	1318.00	1318.50	1319.50	1320.00	1321.00	1321.00	1322.00	1323.00	1323.50	1324.50	1325.50	1327.00	1328.50	1330.00	1331.00	1332.00	1332.50	1334.50	1335.50	1336.50	1338.00	1338.50	1339.50	1340.00	1340.00	1340.50	1341.00
1031.50	1034.00	1035.50	1037.00	1038.50	1040.75	1042.50	1044.00	1046.50	1048.00	1050.25	1052.50	1054.00	1056.00	1057.50	1059.00	1061.00	1063.00	1063.75	1064.50	1066.50	1067.25	1068.50	1068.50	1069.75	1070.50	1072.00	1072.50	1073.00	1074.50	1075.50	1077.50	1078.50	1080.50	1082.00	1083.50	1086.75	1088.50	1091.00	1092.50	1094.75	1096.25	1099.00	1100.50	1101.75	1104.00	1105.50	1107.00	1108.50	1109.50	1110.50	1112.00	1113.50	1115.00	1116.00	1117.50	1118.50	1120.25	1122.00	1123.25	1125.00	1126.00	1127.75	1129.50	1131.00	1132.00	1133.00	1134.50	1136.00	1137.50	1138.50	1140.00	1141.00	1142.50	1144.00	1145.00	1146.00	1147.00	1148.50	1149.50	1151.25	1152.75	1154.00	1156.00	1157.00	1158.50	1159.50	1161.00	1162.25	1164.50	1165.75	1167.25	1169.00	1170.25	1171.50	1172.50	1174.00	1175.00	1176.50	1178.00	1179.00	1180.50	1181.25	1182.00	1182.75	1184.00	1184.50	1185.50	1186.00	1187.00	1187.50	1188.75	1189.50	1190.25	1191.00	1192.25	1193.00	1193.50	1194.00	1194.50	1195.75	1196.75	1197.50	1199.50	1200.50	1202.25	1204.00	1206.50	1207.75	1209.50	1212.00	1215.00	1217.00	1219.00	1221.25	1222.75	1226.25	1227.75	1229.25	1231.00	1232.25	1233.50	1234.50	1235.50	1236.00	1237.50	1238.00	1239.00	1239.50	1241.00	1241.75	1242.25	1244.00	1244.75	1246.00	1247.00	1248.00	1249.50	1251.00	1252.00	1253.00	1254.50	1255.00	1256.50	1257.50	1258.25	1258.75	1260.00	1261.00	1261.50	1262.50	1263.00	1264.00	1265.00	1265.75	1266.50	1267.25	1268.00	1269.25	1270.50	1271.00	1272.00	1272.50	1273.50	1274.75	1275.50	1277.00	1277.50	1278.50	1279.50	1279.75	1280.25	1281.00	1281.00	1281.75	1283.00	1283.75	1284.25	1285.00	1286.75	1288.25	1290.00	1291.00	1292.50	1294.00	1295.75	1297.00	1298.00	1299.50	1301.00	1302.50	1304.00	1306.00	1307.00	1308.50	1310.00	1311.00	1312.50	1313.00	1314.50	1316.00	1317.00	1317.50	1318.25	1319.50	1320.25	1321.00	1321.50	1322.25	1322.75	1323.50	1324.50	1325.00	1326.50	1327.00	1328.25	1329.50	1330.50	1331.50	1332.25	1333.50	1335.50	1337.00	1338.00	1339.25	1340.25	1342.50	1343.50	1344.50	1345.50	1346.50	1347.25	1348.00	1348.00	1348.25	1348.50
1037.00	1039.50	1041.00	1042.50	1044.00	1046.50	1048.00	1050.00	1052.00	1053.50	1055.50	1057.50	1059.00	1061.00	1062.00	1063.50	1065.00	1067.50	1068.00	1068.50	1070.50	1071.00	1072.00	1072.00	1073.00	1073.50	1074.50	1075.00	1075.50	1077.00	1078.00	1080.00	1081.00	1083.00	1084.50	1086.00	1089.00	1091.00	1093.00	1095.00	1097.50	1099.00	1102.00	1103.50	1105.00	1107.00	1108.50	1110.00	1111.50	1112.50	1113.50	1115.00	1116.50	1118.00	1119.00	1120.50	1121.50	1123.50	1125.50	1126.50	1128.00	1129.00	1131.00	1133.00	1134.50	1135.50	1136.50	1138.00	1139.50	1141.00	1142.00	1143.50	1144.50	1146.00	1147.50	1148.50	1149.00	1150.00	1152.00	1153.00	1154.50	1156.00	1157.50	1159.50	1160.50	1162.00	1163.00	1164.50	1165.50	1167.50	1168.50	1170.00	1171.00	1172.50	1174.00	1175.00	1176.50	1177.50	1179.00	1180.50	1181.50	1183.00	1183.50	1184.50	1185.00	1186.50	1187.00	1188.00	1188.00	1189.50	1190.00	1191.50	1192.50	1193.00	1194.00	1195.00	1196.00	1196.00	1197.00	1197.50	1198.50	1199.00	1199.50	1202.00	1203.00	1204.50	1206.00	1208.50	1209.50	1211.00	1214.00	1217.00	1219.00	1221.00	1223.50	1225.00	1229.00	1230.50	1232.00	1234.00	1235.50	1237.00	1238.00	1239.00	1239.50	1241.00	1241.50	1242.50	1243.00	1244.50	1245.00	1245.50	1247.50	1248.00	1249.00	1250.00	1251.50	1253.00	1254.50	1255.50	1256.50	1258.00	1258.50	1260.00	1261.00	1261.50	1262.00	1263.00	1264.00	1264.50	1265.00	1266.00	1266.50	1268.00	1268.50	1269.50	1270.00	1271.00	1272.50	1274.00	1274.00	1275.50	1276.00	1277.00	1278.50	1279.50	1281.00	1282.00	1283.00	1284.00	1284.50	1285.00	1286.00	1286.00	1286.50	1288.00	1288.50	1289.00	1289.50	1292.00	1293.50	1295.00	1296.00	1297.50	1299.00	1301.00	1302.50	1303.50	1305.00	1306.50	1308.00	1310.00	1311.50	1312.50	1314.00	1315.50	1316.50	1318.00	1318.00	1319.50	1321.00	1322.00	1322.50	1323.00	1324.00	1324.50	1325.00	1326.00	1326.50	1327.50	1328.50	1329.50	1330.00	1332.00	1333.00	1334.50	1336.00	1337.50	1338.50	1339.00	1340.00	1342.50	1344.00	1345.00	1346.50	1348.00	1350.50	1351.50	1352.50	1353.00	1354.50	1355.00	1356.00	1356.00	1356.00	1356.00
1037.00	1039.50	1041.00	1042.50	1044.00	1046.50	1048.00	1050.00	1052.00	1053.50	1055.50	1057.50	1059.00	1061.00	1062.00	1063.50	1065.00	1067.50	1068.00	1068.50	1070.50	1071.00	1072.00	1072.00	1073.00	1073.50	1074.50	1075.00	1075.50	1077.00	1078.00	1080.00	1081.00	1083.00	1084.50	1086.00	1089.00	1091.00	1093.00	1095.00	1097.50	1099.00	1102.00	1103.50	1105.00	1107.00	1108.50	1110.00	1111.50	1112.50	1113.50	1115.00	1116.50	1118.00	1119.00	1120.50	1121.50	1123.50	1125.50	1126.50	1128.00	1129.00	1131.00	1133.00	1134.50	1135.50	1136.50	1138.00	1139.50	1141.00	1142.00	1143.50	1144.50	1146.00	1147.50	1148.50	1149.00	1150.00	1152.00	1153.00	1154.50	1156.00	1157.50	1159.50	1160.50	1162.00	1163.00	1164.50	1165.50	1167.50	1168.50	1170.00	1171.00	1172.50	1174.00	1175.00	1176.50	1177.50	1179.00	1180.50	1181.50	1183.00	1183.50	1184.50	1185.00	1186.50	1187.00	1188.00	1188.00	1189.50	1190.00	1191.50	1192.50	1193.00	1194.00	1195.00	1196.00	1196.00	1197.00	1197.50	1198.50	1199.00	1199.50	1202.00	1203.00	1204.50	1206.00	1208.50	1209.50	1211.00	1214.00	1217.00	1219.00	1221.00	1223.50	1225.00	1229.00	1230.50	1232.00	1234.00	1235.50	1237.00	1238.00	1239.00	1239.50	1241.00	1241.50	1242.50	1243.00	1244.50	1245.00	1245.50	1247.50	1248.00	1249.00	1250.00	1251.50	1253.00	1254.50	1255.50	1256.50	1258.00	1258.50	1260.00	1261.00	1261.50	1262.00	1263.00	1264.00	1264.50	1265.00	1266.00	1266.50	1268.00	1268.50	1269.50	1270.00	1271.00	1272.50	1274.00	1274.00	1275.50	1276.00	1277.00	1278.50	1279.50	1281.00	1282.00	1283.00	1284.00	1284.50	1285.00	1286.00	1286.00	1286.50	1288.00	1288.50	1289.00	1289.50	1292.00	1293.50	1295.00	1296.00	1297.50	1299.00	1301.00	1302.50	1303.50	1305.00	1306.50	1308.00	1310.00	1311.50	1312.50	1314.00	1315.50	1316.50	1318.00	1318.00	1319.50	1321.00	1322.00	1322.50	1323.00	1324.00	1324.50	1325.00	1326.00	1326.50	1327.50	1328.50	1329.50	1330.00	1332.00	1333.00	1334.50	1336.00	1337.50	1338.50	1339.00	1340.00	1342.50	1344.00	1345.00	1346.50	1348.00	1350.50	1351.50	1352.50	1353.00	1354.50	1355.00	1356.00	1356.00	1356.00	1356.00
1042.00	1044.50	1045.75	1047.25	1049.00	1051.50	1053.00	1054.50	1056.50	1058.00	1059.75	1061.50	1063.00	1064.50	1065.50	1067.00	1069.00	1070.50	1071.25	1072.00	1073.50	1074.00	1075.00	1075.00	1076.00	1076.50	1077.50	1078.00	1078.50	1080.00	1081.00	1083.00	1084.00	1086.00	1087.50	1089.00	1092.00	1094.00	1096.50	1098.00	1100.50	1102.00	1105.50	1107.00	1108.50	1110.50	1112.50	1114.00	1115.50	1116.50	1117.50	1119.00	1120.50	1121.50	1122.50	1124.00	1125.00	1127.00	1129.00	1130.00	1131.50	1132.50	1134.50	1136.50	1138.00	1139.00	1140.00	1141.50	1143.00	1144.50	1145.50	1147.00	1148.00	1149.50	1151.00	1152.00	1153.00	1154.00	1156.00	1157.00	1158.50	1159.75	1161.00	1163.00	1164.00	1165.00	1166.00	1167.50	1168.50	1170.50	1171.50	1172.75	1174.00	1175.50	1177.00	1177.50	1179.00	1180.00	1181.50	1182.75	1183.50	1185.00	1186.00	1187.00	1187.50	1189.00	1189.50	1190.50	1191.00	1192.00	1193.00	1194.00	1195.00	1195.75	1197.00	1197.75	1199.00	1199.00	1199.75	1200.25	1201.00	1201.75	1202.50	1204.50	1205.50	1207.25	1209.00	1211.00	1212.25	1214.00	1217.00	1220.00	1222.50	1224.00	1226.75	1228.25	1232.00	1233.75	1235.25	1237.50	1239.00	1240.50	1241.50	1242.75	1243.25	1244.50	1245.25	1246.00	1246.50	1247.75	1248.25	1248.75	1250.50	1251.25	1252.50	1253.00	1254.50	1256.00	1257.50	1258.25	1259.00	1260.50	1261.50	1262.50	1263.50	1263.75	1264.25	1265.25	1266.25	1267.00	1267.50	1268.50	1269.00	1270.50	1271.00	1272.00	1272.75	1274.00	1275.50	1277.00	1277.50	1278.75	1279.25	1280.75	1282.50	1283.50	1285.00	1286.00	1287.25	1288.50	1289.25	1289.75	1291.00	1291.00	1292.00	1293.00	1294.00	1294.75	1295.50	1297.75	1299.25	1301.00	1302.00	1303.50	1305.00	1307.00	1308.50	1309.50	1311.00	1312.50	1314.00	1316.00	1317.50	1318.25	1319.50	1321.00	1321.75	1323.00	1323.50	1324.50	1325.50	1326.50	1327.00	1327.50	1328.50	1329.00	1329.50	1330.50	1331.00	1332.00	1333.00	1334.25	1335.25	1337.50	1338.50	1340.25	1342.50	1344.00	1345.25	1346.25	1347.50	1350.00	1351.50	1353.00	1354.50	1356.00	1358.50	1359.75	1361.00	1362.00	1363.50	1364.00	1365.00	1365.25	1365.50	1366.00
1047.00	1049.50	1050.50	1052.00	1054.00	1056.50	1058.00	1059.00	1061.00	1062.50	1064.00	1065.50	1067.00	1068.00	1069.00	1070.50	1073.00	1073.50	1074.50	1075.50	1076.50	1077.00	1078.00	1078.00	1079.00	1079.50	1080.50	1081.00	1081.50	1083.00	1084.00	1086.00	1087.00	1089.00	1090.50	1092.00	1095.00	1097.00	1100.00	1101.00	1103.50	1105.00	1109.00	1110.50	1112.00	1114.00	1116.50	1118.00	1119.50	1120.50	1121.50	1123.00	1124.50	1125.00	1126.00	1127.50	1128.50	1130.50	1132.50	1133.50	1135.00	1136.00	1138.00	1140.00	1141.50	1142.50	1143.50	1145.00	1146.50	1148.00	1149.00	1150.50	1151.50	1153.00	1154.50	1155.50	1157.00	1158.00	1160.00	1161.00	1162.50	1163.50	1164.50	1166.50	1167.50	1168.00	1169.00	1170.50	1171.50	1173.50	1174.50	1175.50	1177.00	1178.50	1180.00	1180.00	1181.50	1182.50	1184.00	1185.00	1185.50	1187.00	1188.50	1189.50	1190.00	1191.50	1192.00	1193.00	1194.00	1194.50	1196.00	1196.50	1197.50	1198.50	1200.00	1200.50	1202.00	1202.00	1202.50	1203.00	1203.50	1204.50	1205.50	1207.00	1208.00	1210.00	1212.00	1213.50	1215.00	1217.00	1220.00	1223.00	1226.00	1227.00	1230.00	1231.50	1235.00	1237.00	1238.50	1241.00	1242.50	1244.00	1245.00	1246.50	1247.00	1248.00	1249.00	1249.50	1250.00	1251.00	1251.50	1252.00	1253.50	1254.50	1256.00	1256.00	1257.50	1259.00	1260.50	1261.00	1261.50	1263.00	1264.50	1265.00	1266.00	1266.00	1266.50	1267.50	1268.50	1269.50	1270.00	1271.00	1271.50	1273.00	1273.50	1274.50	1275.50	1277.00	1278.50	1280.00	1281.00	1282.00	1282.50	1284.50	1286.50	1287.50	1289.00	1290.00	1291.50	1293.00	1294.00	1294.50	1296.00	1296.00	1297.50	1298.00	1299.50	1300.50	1301.50	1303.50	1305.00	1307.00	1308.00	1309.50	1311.00	1313.00	1314.50	1315.50	1317.00	1318.50	1320.00	1322.00	1323.50	1324.00	1325.00	1326.50	1327.00	1328.00	1329.00	1329.50	1330.00	1331.00	1331.50	1332.00	1333.00	1333.50	1334.00	1335.00	1335.50	1336.50	1337.50	1339.00	1340.50	1343.00	1344.00	1346.00	1349.00	1350.50	1352.00	1353.50	1355.00	1357.50	1359.00	1361.00	1362.50	1364.00	1366.50	1368.00	1369.50	1371.00	1372.50	1373.00	1374.00	1374.50	1375.00	1376.00
1047.00	1049.50	1050.50	1052.00	1054.00	1056.50	1058.00	1059.00	1061.00	1062.50	1064.00	1065.50	1067.00	1068.00	1069.00	1070.50	1073.00	1073.50	1074.50	1075.50	1076.50	1077.00	1078.00	1078.00	1079.00	1079.50	1080.50	1081.00	1081.50	1083.00	1084.00	1086.00	1087.00	1089.00	1090.50	1092.00	1095.00	1097.00	1100.00	1101.00	1103.50	1105.00	1109.00	1110.50	1112.00	1114.00	1116.50	1118.00	1119.50	1120.50	1121.50	1123.00	1124.50	1125.00	1126.00	1127.50	1128.50	1130.50	1132.50	1133.50	1135.00	1136.00	1138.00	1140.00	1141.50	1142.50	1143.50	1145.00	1146.50	1148.00	1149.00	1150.50	1151.50	1153.00	1154.50	1155.50	1157.00	1158.00	1160.00	1161.00	1162.50	1163.50	1164.50	1166.50	1167.50	1168.00	1169.00	1170.50	1171.50	1173.50	1174.50	1175.50	1177.00	1178.50	1180.00	1180.00	1181.50	1182.50	1184.00	1185.00	1185.50	1187.00	1188.50	1189.50	1190.00	1191.50	1192.00	1193.00	1194.00	1194.50	1196.00	1196.50	1197.50	1198.50	1200.00	1200.50	1202.00	1202.00	1202.50	1203.00	1203.50	1204.50	1205.50	1207.00	1208.00	1210.00	1212.00	1213.50	1215.00	1217.00	1220.00	1223.00	1226.00	1227.00	1230.00	1231.50	1235.00	1237.00	1238.50	1241.00	1242.50	1244.00	1245.00	1246.50	1247.00	1248.00	1249.00	1249.50	1250.00	1251.00	1251.50	1252.00	1253.50	1254.50	1256.00	1256.00	1257.50	1259.00	1260.50	1261.00	1261.50	1263.00	1264.50	1265.00	1266.00	1266.00	1266.50	1267.50	1268.50	1269.50	1270.00	1271.00	1271.50	1273.00	1273.50	1274.50	1275.50	1277.00	1278.50	1280.00	1281.00	1282.00	1282.50	1284.50	1286.50	1287.50	1289.00	1290.00	1291.50	1293.00	1294.00	1294.50	1296.00	1296.00	1297.50	1298.00	1299.50	1300.50	1301.50	1303.50	1305.00	1307.00	1308.00	1309.50	1311.00	1313.00	1314.50	1315.50	1317.00	1318.50	1320.00	1322.00	1323.50	1324.00	1325.00	1326.50	1327.00	1328.00	1329.00	1329.50	1330.00	1331.00	1331.50	1332.00	1333.00	1333.50	1334.00	1335.00	1335.50	1336.50	1337.50	1339.00	1340.50	1343.00	1344.00	1346.00	1349.00	1350.50	1352.00	1353.50	1355.00	1357.50	1359.00	1361.00	1362.50	1364.00	1366.50	1368.00	1369.50	1371.00	1372.50	1373.00	1374.00	1374.50	1375.00	1376.00
1051.00	1053.50	1054.75	1056.25	1058.00	1060.00	1062.00	1062.50	1064.25	1065.50	1067.00	1068.50	1069.75	1071.00	1072.00	1073.50	1075.50	1076.50	1077.50	1078.25	1079.50	1080.00	1081.00	1081.50	1082.75	1083.50	1084.50	1085.25	1086.00	1087.50	1088.50	1090.50	1092.00	1094.00	1095.50	1097.00	1100.25	1102.00	1105.00	1106.00	1108.75	1110.50	1114.00	1115.50	1117.00	1119.00	1121.50	1123.00	1124.50	1125.50	1126.50	1128.00	1129.50	1130.00	1131.00	1132.50	1133.50	1135.25	1137.00	1138.00	1139.50	1140.50	1142.25	1144.00	1145.50	1146.50	1147.50	1149.00	1150.50	1152.00	1153.00	1154.50	1155.50	1157.00	1158.50	1159.50	1161.00	1162.00	1164.00	1165.00	1166.50	1167.50	1168.50	1170.00	1171.00	1172.00	1172.50	1174.00	1175.00	1176.75	1177.50	1178.50	1180.00	1181.50	1183.00	1183.00	1184.50	1185.50	1187.00	1187.75	1188.50	1190.00	1191.50	1192.50	1193.00	1194.25	1194.75	1195.50	1196.50	1197.25	1198.50	1199.00	1200.00	1201.00	1202.50	1203.25	1204.50	1205.00	1205.75	1206.25	1207.25	1208.50	1209.25	1211.00	1212.00	1213.75	1216.00	1217.75	1219.25	1221.00	1223.50	1226.50	1229.50	1231.00	1234.00	1235.75	1239.00	1241.00	1242.50	1244.50	1246.50	1248.00	1249.00	1250.00	1250.75	1251.50	1252.50	1253.00	1253.50	1254.50	1254.75	1255.25	1256.50	1257.25	1258.50	1259.00	1260.50	1261.50	1263.00	1263.50	1264.00	1265.50	1266.50	1267.50	1268.00	1268.75	1269.25	1270.00	1271.00	1272.00	1273.00	1273.50	1274.50	1276.00	1277.00	1277.75	1278.50	1280.00	1281.75	1283.50	1284.50	1286.25	1287.00	1288.75	1290.50	1291.50	1293.00	1294.50	1296.00	1297.50	1298.75	1299.50	1301.00	1302.00	1303.50	1304.50	1306.00	1307.00	1308.00	1310.00	1311.25	1313.50	1314.50	1316.00	1317.50	1319.25	1320.50	1321.50	1323.00	1324.50	1326.00	1327.50	1329.00	1329.75	1330.75	1332.00	1332.50	1333.00	1334.00	1334.50	1335.00	1335.75	1336.25	1336.75	1337.50	1338.25	1339.00	1340.00	1340.75	1341.50	1343.00	1344.75	1346.25	1348.50	1350.00	1352.25	1355.00	1357.25	1358.75	1360.25	1362.50	1364.75	1366.50	1368.00	1369.75	1371.25	1373.75	1375.25	1376.75	1378.50	1380.00	1380.75	1382.00	1382.75	1383.25	1384.50
1055.00	1057.50	1059.00	1060.50	1062.00	1063.50	1066.00	1066.00	1067.50	1068.50	1070.00	1071.50	1072.50	1074.00	1075.00	1076.50	1078.00	1079.50	1080.50	1081.00	1082.50	1083.00	1084.00	1085.00	1086.50	1087.50	1088.50	1089.50	1090.50	1092.00	1093.00	1095.00	1097.00	1099.00	1100.50	1102.00	1105.50	1107.00	1110.00	1111.00	1114.00	1116.00	1119.00	1120.50	1122.00	1124.00	1126.50	1128.00	1129.50	1130.50	1131.50	1133.00	1134.50	1135.00	1136.00	1137.50	1138.50	1140.00	1141.50	1142.50	1144.00	1145.00	1146.50	1148.00	1149.50	1150.50	1151.50	1153.00	1154.50	1156.00	1157.00	1158.50	1159.50	1161.00	1162.50	1163.50	1165.00	1166.00	1168.00	1169.00	1170.50	1171.50	1172.50	1173.50	1174.50	1176.00	1176.00	1177.50	1178.50	1180.00	1180.50	1181.50	1183.00	1184.50	1186.00	1186.00	1187.50	1188.50	1190.00	1190.50	1191.50	1193.00	1194.50	1195.50	1196.00	1197.00	1197.50	1198.00	1199.00	1200.00	1201.00	1201.50	1202.50	1203.50	1205.00	1206.00	1207.00	1208.00	1209.00	1209.50	1211.00	1212.50	1213.00	1215.00	1216.00	1217.50	1220.00	1222.00	1223.50	1225.00	1227.00	1230.00	1233.00	1235.00	1238.00	1240.00	1243.00	1245.00	1246.50	1248.00	1250.50	1252.00	1253.00	1253.50	1254.50	1255.00	1256.00	1256.50	1257.00	1258.00	1258.00	1258.50	1259.50	1260.00	1261.00	1262.00	1263.50	1264.00	1265.50	1266.00	1266.50	1268.00	1268.50	1270.00	1270.00	1271.50	1272.00	1272.50	1273.50	1274.50	1276.00	1276.00	1277.50	1279.00	1280.50	1281.00	1281.50	1283.00	1285.00	1287.00	1288.00	1290.50	1291.50	1293.00	1294.50	1295.50	1297.00	1299.00	1300.50	1302.00	1303.50	1304.50	1306.00	1308.00	1309.50	1311.00	1312.50	1313.50	1314.50	1316.50	1317.50	1320.00	1321.00	1322.50	1324.00	1325.50	1326.50	1327.50	1329.00	1330.50	1332.00	1333.00	1334.50	1335.50	1336.50	1337.50	1338.00	1338.00	1339.00	1339.50	1340.00	1340.50	1341.00	1341.50	1342.00	1343.00	1344.00	1345.00	1346.00	1346.50	1348.50	1350.50	1352.00	1354.00	1356.00	1358.50	1361.00	1364.00	1365.50	1367.00	1370.00	1372.00	1374.00	1375.00	1377.00	1378.50	1381.00	1382.50	1384.00	1386.00	1387.50	1388.50	1390.00	1391.00	1391.50	1393.00
1055.00	1057.50	1059.00	1060.50	1062.00	1063.50	1066.00	1066.00	1067.50	1068.50	1070.00	1071.50	1072.50	1074.00	1075.00	1076.50	1078.00	1079.50	1080.50	1081.00	1082.50	1083.00	1084.00	1085.00	1086.50	1087.50	1088.50	1089.50	1090.50	1092.00	1093.00	1095.00	1097.00	1099.00	1100.50	1102.00	1105.50	1107.00	1110.00	1111.00	1114.00	1116.00	1119.00	1120.50	1122.00	1124.00	1126.50	1128.00	1129.50	1130.50	1131.50	1133.00	1134.50	1135.00	1136.00	1137.50	1138.50	1140.00	1141.50	1142.50	1144.00	1145.00	1146.50	1148.00	1149.50	1150.50	1151.50	1153.00	1154.50	1156.00	1157.00	1158.50	1159.50	1161.00	1162.50	1163.50	1165.00	1166.00	1168.00	1169.00	1170.50	1171.50	1172.50	1173.50	1174.50	1176.00	1176.00	1177.50	1178.50	1180.00	1180.50	1181.50	1183.00	1184.50	1186.00	1186.00	1187.50	1188.50	1190.00	1190.50	1191.50	1193.00	1194.50	1195.50	1196.00	1197.00	1197.50	1198.00	1199.00	1200.00	1201.00	1201.50	1202.50	1203.50	1205.00	1206.00	1207.00	1208.00	1209.00	1209.50	1211.00	1212.50	1213.00	1215.00	1216.00	1217.50	1220.00	1222.00	1223.50	1225.00	1227.00	1230.00	1233.00	1235.00	1238.00	1240.00	1243.00	1245.00	1246.50	1248.00	1250.50	1252.00	1253.00	1253.50	1254.50	1255.00	1256.00	1256.50	1257.00	1258.00	1258.00	1258.50	1259.50	1260.00	1261.00	1262.00	1263.50	1264.00	1265.50	1266.00	1266.50	1268.00	1268.50	1270.00	1270.00	1271.50	1272.00	1272.50	1273.50	1274.50	1276.00	1276.00	1277.50	1279.00	1280.50	1281.00	1281.50	1283.00	1285.00	1287.00	1288.00	1290.50	1291.50	1293.00	1294.50	1295.50	1297.00	1299.00	1300.50	1302.00	1303.50	1304.50	1306.00	1308.00	1309.50	1311.00	1312.50	1313.50	1314.50	1316.50	1317.50	1320.00	1321.00	1322.50	1324.00	1325.50	1326.50	1327.50	1329.00	1330.50	1332.00	1333.00	1334.50	1335.50	1336.50	1337.50	1338.00	1338.00	1339.00	1339.50	1340.00	1340.50	1341.00	1341.50	1342.00	1343.00	1344.00	1345.00	1346.00	1346.50	1348.50	1350.50	1352.00	1354.00	1356.00	1358.50	1361.00	1364.00	1365.50	1367.00	1370.00	1372.00	1374.00	1375.00	1377.00	1378.50	1381.00	1382.50	1384.00	1386.00	1387.50	1388.50	1390.00	1391.00	1391.50	1393.00
1059.00	1061.00	1062.25	1063.50	1065.00	1066.25	1068.00	1068.50	1070.00	1071.00	1072.50	1074.00	1075.00	1076.50	1077.50	1079.50	1081.00	1082.75	1084.00	1084.75	1086.50	1087.25	1088.50	1089.50	1091.00	1092.25	1094.00	1095.00	1096.00	1098.00	1099.00	1101.50	1103.50	1105.50	1107.00	1108.50	1111.75	1113.25	1116.00	1117.50	1120.25	1122.00	1125.25	1126.75	1128.25	1130.00	1132.25	1134.00	1135.50	1136.50	1137.50	1139.00	1140.00	1141.00	1141.50	1143.00	1144.00	1145.25	1146.50	1147.50	1148.50	1149.50	1151.00	1152.50	1154.00	1155.25	1156.50	1158.00	1159.00	1160.50	1161.50	1163.00	1164.00	1165.25	1166.50	1167.50	1169.00	1170.00	1172.00	1173.00	1174.25	1175.00	1176.00	1177.50	1178.25	1179.50	1180.00	1181.00	1182.00	1183.75	1184.25	1185.00	1186.50	1188.00	1189.50	1190.00	1191.00	1192.00	1193.50	1194.50	1195.25	1196.50	1198.00	1198.75	1199.25	1200.50	1201.00	1201.50	1202.50	1203.25	1204.00	1204.75	1205.50	1206.50	1208.00	1209.25	1210.00	1211.00	1212.75	1213.50	1215.00	1216.50	1217.25	1219.50	1220.50	1222.25	1224.50	1226.50	1228.00	1229.50	1231.50	1234.25	1237.00	1239.00	1241.75	1243.50	1247.00	1248.75	1250.25	1252.00	1254.25	1255.50	1256.50	1257.25	1258.00	1258.50	1259.25	1259.75	1260.00	1260.75	1261.00	1261.25	1262.25	1262.75	1264.00	1265.00	1266.00	1266.50	1267.75	1268.25	1269.00	1270.50	1271.25	1272.50	1273.00	1274.50	1275.00	1275.75	1277.00	1278.00	1279.50	1280.00	1281.50	1283.00	1284.50	1285.25	1286.00	1287.50	1289.75	1291.50	1293.00	1295.00	1296.25	1298.25	1300.00	1301.00	1302.50	1304.00	1305.50	1307.00	1308.75	1310.00	1312.00	1313.50	1315.25	1317.00	1318.50	1319.75	1321.00	1323.00	1324.00	1326.50	1327.50	1329.00	1330.50	1332.00	1332.75	1333.50	1335.00	1336.50	1338.00	1339.00	1340.50	1341.50	1342.25	1342.75	1343.00	1343.00	1344.00	1344.25	1345.00	1345.50	1346.25	1346.75	1347.50	1348.75	1349.50	1350.50	1351.75	1352.50	1354.50	1356.50	1357.75	1360.00	1362.00	1364.75	1367.00	1370.00	1371.50	1373.00	1375.50	1377.75	1379.50	1380.50	1382.75	1384.00	1386.75	1388.25	1389.75	1391.50	1393.00	1394.00	1395.50	1396.75	1397.75	1399.50
1063.00	1064.50	1065.50	1066.50	1068.00	1069.00	1070.00	1071.00	1072.50	1073.50	1075.00	1076.50	1077.50	1079.00	1080.00	1082.50	1084.00	1086.00	1087.50	1088.50	1090.50	1091.50	1093.00	1094.00	1095.50	1097.00	1099.50	1100.50	1101.50	1104.00	1105.00	1108.00	1110.00	1112.00	1113.50	1115.00	1118.00	1119.50	1122.00	1124.00	1126.50	1128.00	1131.50	1133.00	1134.50	1136.00	1138.00	1140.00	1141.50	1142.50	1143.50	1145.00	1145.50	1147.00	1147.00	1148.50	1149.50	1150.50	1151.50	1152.50	1153.00	1154.00	1155.50	1157.00	1158.50	1160.00	1161.50	1163.00	1163.50	1165.00	1166.00	1167.50	1168.50	1169.50	1170.50	1171.50	1173.00	1174.00	1176.00	1177.00	1178.00	1178.50	1179.50	1181.50	1182.00	1183.00	1184.00	1184.50	1185.50	1187.50	1188.00	1188.50	1190.00	1191.50	1193.00	1194.00	1194.50	1195.50	1197.00	1198.50	1199.00	1200.00	1201.50	1202.00	1202.50	1204.00	1204.50	1205.00	1206.00	1206.50	1207.00	1208.00	1208.50	1209.50	1211.00	1212.50	1213.00	1214.00	1216.50	1217.50	1219.00	1220.50	1221.50	1224.00	1225.00	1227.00	1229.00	1231.00	1232.50	1234.00	1236.00	1238.50	1241.00	1243.00	1245.50	1247.00	1251.00	1252.50	1254.00	1256.00	1258.00	1259.00	1260.00	1261.00	1261.50	1262.00	1262.50	1263.00	1263.00	1263.50	1264.00	1264.00	1265.00	1265.50	1267.00	1268.00	1268.50	1269.00	1270.00	1270.50	1271.50	1273.00	1274.00	1275.00	1276.00	1277.50	1278.00	1279.00	1280.50	1281.50	1283.00	1284.00	1285.50	1287.00	1288.50	1289.50	1290.50	1292.00	1294.50	1296.00	1298.00	1299.50	1301.00	1303.50	1305.50	1306.50	1308.00	1309.00	1310.50	1312.00	1314.00	1315.50	1318.00	1319.00	1321.00	1323.00	1324.50	1326.00	1327.50	1329.50	1330.50	1333.00	1334.00	1335.50	1337.00	1338.50	1339.00	1339.50	1341.00	1342.50	1344.00	1345.00	1346.50	1347.50	1348.00	1348.00	1348.00	1348.00	1349.00	1349.00	1350.00	1350.50	1351.50	1352.00	1353.00	1354.50	1355.00	1356.00	1357.50	1358.50	1360.50	1362.50	1363.50	1366.00	1368.00	1371.00	1373.00	1376.00	1377.50	1379.00	1381.00	1383.50	1385.00	1386.00	1388.50	1389.50	1392.50	1394.00	1395.50	1397.00	1398.50	1399.50	1401.00	1402.50	1404.00	1406.00
1063.00	1064.50	1065.50	1066.50	1068.00	1069.00	1070.00	1071.00	1072.50	1073.50	1075.00	1076.50	1077.50	1079.00	1080.00	1082.50	1084.00	1086.00	1087.50	1088.50	1090.50	1091.50	1093.00	1094.00	1095.50	1097.00	1099.50	1100.50	1101.50	1104.00	1105.00	1108.00	1110.00	1112.00	1113.50	1115.00	1118.00	1119.50	1122.00	1124.00	1126.50	1128.00	1131.50	1133.00	1134.50	1136.00	1138.00	1140.00	1141.50	1142.50	1143.50	1145.00	1145.50	1147.00	1147.00	1148.50	1149.50	1150.50	1151.50	1152.50	1153.00	1154.00	1155.50	1157.00	1158.50	1160.00	1161.50	1163.00	1163.50	1165.00	1166.00	1167.50	1168.50	1169.50	1170.50	1171.50	1173.00	1174.00	1176.00	1177.00	1178.00	1178.50	1179.50	1181.50	1182.00	1183.00	1184.00	1184.50	1185.50	1187.50	1188.00	1188.50	1190.00	1191.50	1193.00	1194.00	1194.50	1195.50	1197.00	1198.50	1199.00	1200.00	1201.50	1202.00	1202.50	1204.00	1204.50	1205.00	1206.00	1206.50	1207.00	1208.00	1208.50	1209.50	1211.00	1212.50	1213.00	1214.00	1216.50	1217.50	1219.00	1220.50	1221.50	1224.00	1225.00	1227.00	1229.00	1231.00	1232.50	1234.00	1236.00	1238.50	1241.00	1243.00	1245.50	1247.00	1251.00	1252.50	1254.00	1256.00	1258.00	1259.00	1260.00	1261.00	1261.50	1262.00	1262.50	1263.00	1263.00	1263.50	1264.00	1264.00	1265.00	1265.50	1267.00	1268.00	1268.50	1269.00	1270.00	1270.50	1271.50	1273.00	1274.00	1275.00	1276.00	1277.50	1278.00	1279.00	1280.50	1281.50	1283.00	1284.00	1285.50	1287.00	1288.50	1289.50	1290.50	1292.00	1294.50	1296.00	1298.00	1299.50	1301.00	1303.50	1305.50	1306.50	1308.00	1309.00	1310.50	1312.00	1314.00	1315.50	1318.00	1319.00	1321.00	1323.00	1324.50	1326.00	1327.50	1329.50	1330.50	1333.00	1334.00	1335.50	1337.00	1338.50	1339.00	1339.50	1341.00	1342.50	1344.00	1345.00	1346.50	1347.50	1348.00	1348.00	1348.00	1348.00	1349.00	1349.00	1350.00	1350.50	1351.50	1352.00	1353.00	1354.50	1355.00	1356.00	1357.50	1358.50	1360.50	1362.50	1363.50	1366.00	1368.00	1371.00	1373.00	1376.00	1377.50	1379.00	1381.00	1383.50	1385.00	1386.00	1388.50	1389.50	1392.50	1394.00	1395.50	1397.00	1398.50	1399.50	1401.00	1402.50	1404.00	1406.00
1063.00	1064.50	1065.50	1066.50	1068.00	1069.00	1070.00	1071.00	1072.50	1073.50	1075.00	1076.50	1077.50	1079.00	1080.00	1082.50	1084.00	1086.00	1087.50	1088.50	1090.50	1091.50	1093.00	1094.00	1095.50	1097.00	1099.50	1100.50	1101.50	1104.00	1105.00	1108.00	1110.00	1112.00	1113.50	1115.00	1118.00	1119.50	1122.00	1124.00	1126.50	1128.00	1131.50	1133.00	1134.50	1136.00	1138.00	1140.00	1141.50	1142.50	1143.50	1145.00	1145.50	1147.00	1147.00	1148.50	1149.50	1150.50	1151.50	1152.50	1153.00	1154.00	1155.50	1157.00	1158.50	1160.00	1161.50	1163.00	1163.50	1165.00	1166.00	1167.50	1168.50	1169.50	1170.50	1171.50	1173.00	1174.00	1176.00	1177.00	1178.00	1178.50	1179.50	1181.50	1182.00	1183.00	1184.00	1184.50	1185.50	1187.50	1188.00	1188.50	1190.00	1191.50	1193.00	1194.00	1194.50	1195.50	1197.00	1198.50	1199.00	1200.00	1201.50	1202.00	1202.50	1204.00	1204.50	1205.00	1206.00	1206.50	1207.00	1208.00	1208.50	1209.50	1211.00	1212.50	1213.00	1214.00	1216.50	1217.50	1219.00	1220.50	1221.50	1224.00	1225.00	1227.00	1229.00	1231.00	1232.50	1234.00	1236.00	1238.50	1241.00	1243.00	1245.50	1247.00	1251.00	1252.50	1254.00	1256.00	1258.00	1259.00	1260.00	1261.00	1261.50	1262.00	1262.50	1263.00	1263.00	1263.50	1264.00	1264.00	1265.00	1265.50	1267.00	1268.00	1268.50	1269.00	1270.00	1270.50	1271.50	1273.00	1274.00	1275.00	1276.00	1277.50	1278.00	1279.00	1280.50	1281.50	1283.00	1284.00	1285.50	1287.00	1288.50	1289.50	1290.50	1292.00	1294.50	1296.00	1298.00	1299.50	1301.00	1303.50	1305.50	1306.50	1308.00	1309.00	1310.50	1312.00	1314.00	1315.50	1318.00	1319.00	1321.00	1323.00	1324.50	1326.00	1327.50	1329.50	1330.50	1333.00	1334.00	1335.50	1337.00	1338.50	1339.00	1339.50	1341.00	1342.50	1344.00	1345.00	1346.50	1347.50	1348.00	1348.00	1348.00	1348.00	1349.00	1349.00	1350.00	1350.50	1351.50	1352.00	1353.00	1354.50	1355.00	1356.00	1357.50	1358.50	1360.50	1362.50	1363.50	1366.00	1368.00	1371.00	1373.00	1376.00	1377.50	1379.00	1381.00	1383.50	1385.00	1386.00	1388.50	1389.50	1392.50	1394.00	1395.50	1397.00	1398.50	1399.50	1401.00	1402.50	1404.00	1406.00
1070.00	1071.00	1071.50	1072.50	1074.00	1074.50	1075.00	1076.00	1077.50	1078.50	1080.00	1081.50	1083.00	1085.00	1087.00	1089.00	1092.00	1094.50	1096.00	1097.50	1101.00	1102.50	1105.00	1106.00	1108.00	1109.50	1112.50	1114.00	1115.50	1118.00	1119.00	1122.00	1124.00	1126.00	1127.50	1128.50	1131.50	1133.00	1135.00	1137.00	1139.50	1141.00	1144.00	1145.50	1146.50	1148.00	1149.50	1151.00	1152.50	1153.50	1154.50	1156.00	1157.50	1159.00	1160.00	1160.50	1161.00	1161.50	1162.50	1163.00	1164.00	1165.00	1165.50	1167.00	1168.50	1169.50	1170.50	1172.00	1173.50	1175.00	1176.00	1177.00	1177.50	1179.00	1180.50	1181.50	1183.00	1183.00	1185.00	1186.00	1187.50	1188.00	1188.50	1190.00	1190.50	1191.00	1192.00	1193.00	1193.50	1194.50	1195.50	1196.50	1198.00	1199.50	1201.00	1202.00	1203.50	1204.50	1205.00	1206.50	1207.50	1208.00	1209.00	1209.50	1210.00	1211.00	1211.00	1212.00	1212.00	1213.00	1214.00	1214.50	1215.50	1216.50	1218.00	1219.50	1221.00	1222.00	1224.50	1225.50	1227.50	1229.50	1231.00	1233.00	1234.00	1236.50	1238.00	1240.50	1241.50	1243.00	1245.00	1246.50	1249.00	1251.00	1253.00	1255.00	1257.50	1259.00	1260.50	1263.00	1264.50	1265.00	1266.00	1267.50	1268.00	1268.00	1269.00	1269.00	1270.00	1270.00	1270.00	1270.50	1271.50	1272.00	1273.00	1273.00	1274.00	1275.00	1275.50	1276.50	1278.00	1280.00	1281.50	1283.00	1284.00	1285.50	1286.50	1288.00	1289.50	1290.50	1293.00	1294.00	1295.50	1297.00	1299.00	1300.50	1301.50	1304.00	1305.50	1308.00	1309.00	1310.50	1312.00	1314.50	1316.50	1317.50	1319.00	1320.00	1322.50	1324.00	1325.50	1327.00	1329.00	1330.00	1332.50	1335.00	1336.50	1338.00	1339.50	1341.50	1342.50	1345.00	1345.00	1346.50	1348.00	1349.50	1350.50	1351.50	1353.00	1353.50	1355.00	1356.00	1357.00	1357.00	1357.50	1358.00	1358.00	1359.00	1359.00	1360.00	1361.00	1362.00	1362.50	1363.50	1365.00	1366.50	1368.00	1369.00	1370.50	1371.50	1373.00	1375.00	1376.50	1379.00	1380.00	1382.50	1384.00	1386.50	1387.50	1388.50	1390.00	1391.50	1393.00	1395.00	1396.50	1398.00	1400.50	1401.50	1402.50	1404.00	1405.50	1406.50	1408.00	1410.50	1411.50	1413.00
1070.00	1071.00	1071.50	1072.50	1074.00	1074.50	1075.00	1076.00	1077.50	1078.50	1080.00	1081.50	1083.00	1085.00	1087.00	1089.00	1092.00	1094.50	1096.00	1097.50	1101.00	1102.50	1105.00	1106.00	1108.00	1109.50	1112.50	1114.00	1115.50	1118.00	1119.00	1122.00	1124.00	1126.00	1127.50	1128.50	1131.50	1133.00	1135.00	1137.00	1139.50	1141.00	1144.00	1145.50	1146.50	1148.00	1149.50	1151.00	1152.50	1153.50	1154.50	1156.00	1157.50	1159.00	1160.00	1160.50	1161.00	1161.50	1162.50	1163.00	1164.00	1165.00	1165.50	1167.00	1168.50	1169.50	1170.50	1172.00	1173.50	1175.00	1176.00	1177.00	1177.50	1179.00	1180.50	1181.50	1183.00	1183.00	1185.00	1186.00	1187.50	1188.00	1188.50	1190.00	1190.50	1191.00	1192.00	1193.00	1193.50	1194.50	1195.50	1196.50	1198.00	1199.50	1201.00	1202.00	1203.50	1204.50	1205.00	1206.50	1207.50	1208.00	1209.00	1209.50	1210.00	1211.00	1211.00	1212.00	1212.00	1213.00	1214.00	1214.50	1215.50	1216.50	1218.00	1219.50	1221.00	1222.00	1224.50	1225.50	1227.50	1229.50	1231.00	1233.00	1234.00	1236.50	1238.00	1240.50	1241.50	1243.00	1245.00	1246.50	1249.00	1251.00	1253.00	1255.00	1257.50	1259.00	1260.50	1263.00	1264.50	1265.00	1266.00	1267.50	1268.00	1268.00	1269.00	1269.00	1270.00	1270.00	1270.00	1270.50	1271.50	1272.00	1273.00	1273.00	1274.00	1275.00	1275.50	1276.50	1278.00	1280.00	1281.50	1283.00	1284.00	1285.50	1286.50	1288.00	1289.50	1290.50	1293.00	1294.00	1295.50	1297.00	1299.00	1300.50	1301.50	1304.00	1305.50	1308.00	1309.00	1310.50	1312.00	1314.50	1316.50	1317.50	1319.00	1320.00	1322.50	1324.00	1325.50	1327.00	1329.00	1330.00	1332.50	1335.00	1336.50	1338.00	1339.50	1341.50	1342.50	1345.00	1345.00	1346.50	1348.00	1349.50	1350.50	1351.50	1353.00	1353.50	1355.00	1356.00	1357.00	1357.00	1357.50	1358.00	1358.00	1359.00	1359.00	1360.00	1361.00	1362.00	1362.50	1363.50	1365.00	1366.50	1368.00	1369.00	1370.50	1371.50	1373.00	1375.00	1376.50	1379.00	1380.00	1382.50	1384.00	1386.50	1387.50	1388.50	1390.00	1391.50	1393.00	1395.00	1396.50	1398.00	1400.50	1401.50	1402.50	1404.00	1405.50	1406.50	1408.00	1410.50	1411.50	1413.00
1070.00	1071.00	1071.50	1072.50	1074.00	1074.50	1075.00	1076.00	1077.50	1078.50	1080.00	1081.50	1083.00	1085.00	1087.00	1089.00	1092.00	1094.50	1096.00	1097.50	1101.00	1102.50	1105.00	1106.00	1108.00	1109.50	1112.50	1114.00	1115.50	1118.00	1119.00	1122.00	1124.00	1126.00	1127.50	1128.50	1131.50	1133.00	1135.00	1137.00	1139.50	1141.00	1144.00	1145.50	1146.50	1148.00	1149.50	1151.00	1152.50	1153.50	1154.50	1156.00	1157.50	1159.00	1160.00	1160.50	1161.00	1161.50	1162.50	1163.00	1164.00	1165.00	1165.50	1167.00	1168.50	1169.50	1170.50	1172.00	1173.50	1175.00	1176.00	1177.00	1177.50	1179.00	1180.50	1181.50	1183.00	1183.00	1185.00	1186.00	1187.50	1188.00	1188.50	1190.00	1190.50	1191.00	1192.00	1193.00	1193.50	1194.50	1195.50	1196.50	1198.00	1199.50	1201.00	1202.00	1203.50	1204.50	1205.00	1206.50	1207.50	1208.00	1209.00	1209.50	1210.00	1211.00	1211.00	1212.00	1212.00	1213.00	1214.00	1214.50	1215.50	1216.50	1218.00	1219.50	1221.00	1222.00	1224.50	1225.50	1227.50	1229.50	1231.00	1233.00	1234.00	1236.50	1238.00	1240.50	1241.50	1243.00	1245.00	1246.50	1249.00	1251.00	1253.00	1255.00	1257.50	1259.00	1260.50	1263.00	1264.50	1265.00	1266.00	1267.50	1268.00	1268.00	1269.00	1269.00	1270.00	1270.00	1270.00	1270.50	1271.50	1272.00	1273.00	1273.00	1274.00	1275.00	1275.50	1276.50	1278.00	1280.00	1281.50	1283.00	1284.00	1285.50	1286.50	1288.00	1289.50	1290.50	1293.00	1294.00	1295.50	1297.00	1299.00	1300.50	1301.50	1304.00	1305.50	1308.00	1309.00	1310.50	1312.00	1314.50	1316.50	1317.50	1319.00	1320.00	1322.50	1324.00	1325.50	1327.00	1329.00	1330.00	1332.50	1335.00	1336.50	1338.00	1339.50	1341.50	1342.50	1345.00	1345.00	1346.50	1348.00	1349.50	1350.50	1351.50	1353.00	1353.50	1355.00	1356.00	1357.00	1357.00	1357.50	1358.00	1358.00	1359.00	1359.00	1360.00	1361.00	1362.00	1362.50	1363.50	1365.00	1366.50	1368.00	1369.00	1370.50	1371.50	1373.00	1375.00	1376.50	1379.00	1380.00	1382.50	1384.00	1386.50	1387.50	1388.50	1390.00	1391.50	1393.00	1395.00	1396.50	1398.00	1400.50	1401.50	1402.50	1404.00	1405.50	1406.50	1408.00	1410.50	1411.50	1413.00
1073.50	1074.25	1075.00	1075.75	1077.00	1077.50	1078.00	1079.00	1080.50	1081.50	1083.25	1085.25	1087.00	1089.50	1091.00	1094.00	1097.00	1099.75	1101.50	1103.25	1107.00	1108.50	1111.00	1112.50	1114.75	1116.25	1119.50	1120.75	1122.25	1124.50	1126.00	1129.00	1130.50	1132.75	1134.00	1135.25	1138.00	1139.25	1141.00	1143.00	1145.25	1146.75	1149.25	1150.50	1151.75	1153.00	1154.50	1156.00	1157.50	1158.50	1159.50	1161.50	1163.00	1164.00	1165.00	1165.50	1166.00	1166.50	1167.50	1168.25	1169.00	1170.00	1170.75	1172.00	1173.25	1174.00	1175.00	1176.50	1178.00	1179.50	1180.50	1181.25	1182.00	1183.50	1185.00	1186.00	1187.50	1188.00	1189.50	1190.50	1191.75	1192.25	1193.00	1194.25	1194.75	1195.50	1196.50	1197.25	1198.00	1199.25	1200.00	1201.00	1202.50	1204.00	1205.50	1206.50	1208.00	1208.75	1209.50	1210.75	1211.50	1212.00	1212.50	1212.75	1213.25	1214.00	1214.00	1214.50	1215.00	1215.75	1216.50	1217.50	1218.50	1219.50	1221.00	1223.25	1225.00	1226.50	1228.75	1230.00	1232.00	1234.25	1235.75	1238.00	1239.00	1241.00	1242.50	1245.00	1246.00	1247.50	1249.50	1251.00	1253.50	1255.00	1257.00	1258.75	1261.50	1262.75	1264.25	1266.50	1268.00	1269.00	1269.50	1270.75	1271.25	1271.50	1272.50	1272.50	1273.50	1273.50	1273.75	1274.25	1275.00	1275.50	1276.50	1277.00	1277.75	1279.00	1280.00	1281.00	1282.25	1284.00	1285.50	1287.50	1288.50	1290.25	1291.50	1293.25	1295.00	1296.00	1298.50	1299.50	1301.50	1303.00	1305.25	1306.50	1307.75	1310.00	1311.75	1314.00	1315.00	1316.50	1318.00	1320.25	1322.00	1323.00	1325.00	1326.00	1328.00	1329.50	1331.50	1332.75	1334.50	1335.50	1338.00	1340.00	1341.75	1343.25	1344.50	1346.50	1347.50	1350.00	1350.50	1351.75	1353.00	1354.50	1355.50	1356.50	1357.50	1358.25	1359.50	1360.00	1361.00	1361.25	1362.00	1362.50	1362.75	1363.50	1364.00	1365.25	1366.00	1367.25	1368.00	1369.00	1370.50	1372.00	1373.50	1374.50	1376.00	1377.00	1378.75	1380.75	1382.25	1384.50	1385.50	1388.00	1389.50	1391.25	1392.00	1392.75	1394.00	1395.50	1396.50	1398.00	1399.50	1400.75	1403.00	1404.00	1405.00	1406.50	1408.00	1409.00	1410.50	1412.50	1413.50	1415.00
1077.00	1077.50	1078.50	1079.00	1080.00	1080.50	1081.00	1082.00	1083.50	1084.50	1086.50	1089.00	1091.00	1094.00	1095.00	1099.00	1102.00	1105.00	1107.00	1109.00	1113.00	1114.50	1117.00	1119.00	1121.50	1123.00	1126.50	1127.50	1129.00	1131.00	1133.00	1136.00	1137.00	1139.50	1140.50	1142.00	1144.50	1145.50	1147.00	1149.00	1151.00	1152.50	1154.50	1155.50	1157.00	1158.00	1159.50	1161.00	1162.50	1163.50	1164.50	1167.00	1168.50	1169.00	1170.00	1170.50	1171.00	1171.50	1172.50	1173.50	1174.00	1175.00	1176.00	1177.00	1178.00	1178.50	1179.50	1181.00	1182.50	1184.00	1185.00	1185.50	1186.50	1188.00	1189.50	1190.50	1192.00	1193.00	1194.00	1195.00	1196.00	1196.50	1197.50	1198.50	1199.00	1200.00	1201.00	1201.50	1202.50	1204.00	1204.50	1205.50	1207.00	1208.50	1210.00	1211.00	1212.50	1213.00	1214.00	1215.00	1215.50	1216.00	1216.00	1216.00	1216.50	1217.00	1217.00	1217.00	1218.00	1218.50	1219.00	1220.50	1221.50	1222.50	1224.00	1227.00	1229.00	1231.00	1233.00	1234.50	1236.50	1239.00	1240.50	1243.00	1244.00	1245.50	1247.00	1249.50	1250.50	1252.00	1254.00	1255.50	1258.00	1259.00	1261.00	1262.50	1265.50	1266.50	1268.00	1270.00	1271.50	1273.00	1273.00	1274.00	1274.50	1275.00	1276.00	1276.00	1277.00	1277.00	1277.50	1278.00	1278.50	1279.00	1280.00	1281.00	1281.50	1283.00	1284.50	1285.50	1286.50	1288.00	1289.50	1292.00	1293.00	1295.00	1296.50	1298.50	1300.50	1301.50	1304.00	1305.00	1307.50	1309.00	1311.50	1312.50	1314.00	1316.00	1318.00	1320.00	1321.00	1322.50	1324.00	1326.00	1327.50	1328.50	1331.00	1332.00	1333.50	1335.00	1337.50	1338.50	1340.00	1341.00	1343.50	1345.00	1347.00	1348.50	1349.50	1351.50	1352.50	1355.00	1356.00	1357.00	1358.00	1359.50	1360.50	1361.50	1362.00	1363.00	1364.00	1364.00	1365.00	1365.50	1366.50	1367.00	1367.50	1368.00	1369.00	1370.50	1371.00	1372.50	1373.50	1374.50	1376.00	1377.50	1379.00	1380.00	1381.50	1382.50	1384.50	1386.50	1388.00	1390.00	1391.00	1393.50	1395.00	1396.00	1396.50	1397.00	1398.00	1399.50	1400.00	1401.00	1402.50	1403.50	1405.50	1406.50	1407.50	1409.00	1410.50	1411.50	1413.00	1414.50	1415.50	1417.00
1077.00	1077.50	1078.50	1079.00	1080.00	1080.50	1081.00	1082.00	1083.50	1084.50	1086.50	1089.00	1091.00	1094.00	1095.00	1099.00	1102.00	1105.00	1107.00	1109.00	1113.00	1114.50	1117.00	1119.00	1121.50	1123.00	1126.50	1127.50	1129.00	1131.00	1133.00	1136.00	1137.00	1139.50	1140.50	1142.00	1144.50	1145.50	1147.00	1149.00	1151.00	1152.50	1154.50	1155.50	1157.00	1158.00	1159.50	1161.00	1162.50	1163.50	1164.50	1167.00	1168.50	1169.00	1170.00	1170.50	1171.00	1171.50	1172.50	1173.50	1174.00	1175.00	1176.00	1177.00	1178.00	1178.50	1179.50	1181.00	1182.50	1184.00	1185.00	1185.50	1186.50	1188.00	1189.50	1190.50	1192.00	1193.00	1194.00	1195.00	1196.00	1196.50	1197.50	1198.50	1199.00	1200.00	1201.00	1201.50	1202.50	1204.00	1204.50	1205.50	1207.00	1208.50	1210.00	1211.00	1212.50	1213.00	1214.00	1215.00	1215.50	1216.00	1216.00	1216.00	1216.50	1217.00	1217.00	1217.00	1218.00	1218.50	1219.00	1220.50	1221.50	1222.50	1224.00	1227.00	1229.00	1231.00	1233.00	1234.50	1236.50	1239.00	1240.50	1243.00	1244.00	1245.50	1247.00	1249.50	1250.50	1252.00	1254.00	1255.50	1258.00	1259.00	1261.00	1262.50	1265.50	1266.50	1268.00	1270.00	1271.50	1273.00	1273.00	1274.00	1274.50	1275.00	1276.00	1276.00	1277.00	1277.00	1277.50	1278.00	1278.50	1279.00	1280.00	1281.00	1281.50	1283.00	1284.50	1285.50	1286.50	1288.00	1289.50	1292.00	1293.00	1295.00	1296.50	1298.50	1300.50	1301.50	1304.00	1305.00	1307.50	1309.00	1311.50	1312.50	1314.00	1316.00	1318.00	1320.00	1321.00	1322.50	1324.00	1326.00	1327.50	1328.50	1331.00	1332.00	1333.50	1335.00	1337.50	1338.50	1340.00	1341.00	1343.50	1345.00	1347.00	1348.50	1349.50	1351.50	1352.50	1355.00	1356.00	1357.00	1358.00	1359.50	1360.50	1361.50	1362.00	1363.00	1364.00	1364.00	1365.00	1365.50	1366.50	1367.00	1367.50	1368.00	1369.00	1370.50	1371.00	1372.50	1373.50	1374.50	1376.00	1377.50	1379.00	1380.00	1381.50	1382.50	1384.50	1386.50	1388.00	1390.00	1391.00	1393.50	1395.00	1396.00	1396.50	1397.00	1398.00	1399.50	1400.00	1401.00	1402.50	1403.50	1405.50	1406.50	1407.50	1409.00	1410.50	1411.50	1413.00	1414.50	1415.50	1417.00
1080.50	1081.25	1082.00	1082.50	1083.50	1084.50	1085.50	1086.50	1087.75	1089.00	1091.25	1094.00	1095.75	1099.00	1100.50	1104.00	1107.00	1110.50	1112.50	1114.50	1118.50	1120.25	1123.00	1125.00	1127.75	1129.25	1132.50	1133.75	1135.25	1137.00	1138.50	1141.50	1142.50	1144.50	1145.50	1146.75	1149.00	1150.00	1151.50	1153.50	1155.25	1156.50	1158.50	1159.50	1160.75	1162.00	1163.50	1165.00	1166.50	1167.75	1169.00	1171.00	1172.25	1173.00	1174.00	1174.50	1175.00	1175.75	1176.75	1177.50	1178.50	1179.50	1180.25	1181.50	1182.50	1183.00	1184.00	1185.50	1187.00	1188.00	1189.00	1190.00	1191.00	1192.50	1194.00	1195.00	1196.50	1197.50	1198.50	1199.50	1200.50	1201.00	1202.00	1203.00	1203.75	1204.50	1205.50	1206.25	1207.00	1208.50	1209.00	1210.00	1211.50	1213.00	1214.50	1215.50	1217.00	1217.75	1218.50	1219.00	1219.25	1219.50	1219.50	1219.50	1219.75	1220.00	1220.00	1220.00	1220.50	1221.50	1222.50	1224.00	1225.00	1226.25	1228.00	1231.00	1233.00	1235.00	1237.50	1239.00	1241.25	1243.75	1245.00	1247.50	1248.50	1250.00	1251.50	1254.00	1255.00	1256.25	1258.00	1260.00	1262.00	1263.00	1265.25	1266.50	1269.25	1270.50	1271.75	1273.50	1275.00	1276.00	1276.50	1277.50	1278.00	1278.50	1279.25	1279.50	1280.50	1280.75	1281.25	1281.50	1282.50	1283.00	1284.00	1285.00	1286.00	1287.50	1289.00	1290.00	1291.00	1293.00	1294.50	1297.00	1298.50	1300.50	1302.00	1304.00	1306.25	1307.50	1309.50	1311.00	1313.25	1315.00	1317.25	1318.50	1319.75	1322.00	1323.75	1326.00	1327.00	1328.50	1329.75	1331.50	1333.00	1334.00	1336.00	1337.00	1338.50	1340.00	1342.00	1343.00	1345.00	1346.00	1348.00	1349.50	1351.50	1353.00	1354.00	1356.00	1357.00	1359.00	1360.00	1361.25	1362.50	1363.75	1364.50	1365.50	1366.00	1367.00	1368.00	1368.00	1368.75	1369.50	1370.50	1371.25	1372.00	1373.00	1374.00	1375.25	1376.00	1377.75	1379.00	1380.00	1381.50	1383.00	1384.50	1385.50	1387.00	1388.00	1390.00	1392.00	1393.25	1395.00	1396.00	1398.00	1399.00	1400.00	1400.50	1401.00	1402.00	1403.00	1403.50	1404.50	1405.75	1406.50	1408.50	1409.50	1410.50	1412.00	1413.50	1414.50	1416.00	1417.50	1418.50	1420.00
1084.00	1085.00	1085.50	1086.00	1087.00	1088.50	1090.00	1091.00	1092.00	1093.50	1096.00	1099.00	1100.50	1104.00	1106.00	1109.00	1112.00	1116.00	1118.00	1120.00	1124.00	1126.00	1129.00	1131.00	1134.00	1135.50	1138.50	1140.00	1141.50	1143.00	1144.00	1147.00	1148.00	1149.50	1150.50	1151.50	1153.50	1154.50	1156.00	1158.00	1159.50	1160.50	1162.50	1163.50	1164.50	1166.00	1167.50	1169.00	1170.50	1172.00	1173.50	1175.00	1176.00	1177.00	1178.00	1178.50	1179.00	1180.00	1181.00	1181.50	1183.00	1184.00	1184.50	1186.00	1187.00	1187.50	1188.50	1190.00	1191.50	1192.00	1193.00	1194.50	1195.50	1197.00	1198.50	1199.50	1201.00	1202.00	1203.00	1204.00	1205.00	1205.50	1206.50	1207.50	1208.50	1209.00	1210.00	1211.00	1211.50	1213.00	1213.50	1214.50	1216.00	1217.50	1219.00	1220.00	1221.50	1222.50	1223.00	1223.00	1223.00	1223.00	1223.00	1223.00	1223.00	1223.00	1223.00	1223.00	1223.00	1224.50	1226.00	1227.50	1228.50	1230.00	1232.00	1235.00	1237.00	1239.00	1242.00	1243.50	1246.00	1248.50	1249.50	1252.00	1253.00	1254.50	1256.00	1258.50	1259.50	1260.50	1262.00	1264.50	1266.00	1267.00	1269.50	1270.50	1273.00	1274.50	1275.50	1277.00	1278.50	1279.00	1280.00	1281.00	1281.50	1282.00	1282.50	1283.00	1284.00	1284.50	1285.00	1285.00	1286.50	1287.00	1288.00	1289.00	1290.50	1292.00	1293.50	1294.50	1295.50	1298.00	1299.50	1302.00	1304.00	1306.00	1307.50	1309.50	1312.00	1313.50	1315.00	1317.00	1319.00	1321.00	1323.00	1324.50	1325.50	1328.00	1329.50	1332.00	1333.00	1334.50	1335.50	1337.00	1338.50	1339.50	1341.00	1342.00	1343.50	1345.00	1346.50	1347.50	1350.00	1351.00	1352.50	1354.00	1356.00	1357.50	1358.50	1360.50	1361.50	1363.00	1364.00	1365.50	1367.00	1368.00	1368.50	1369.50	1370.00	1371.00	1372.00	1372.00	1372.50	1373.50	1374.50	1375.50	1376.50	1378.00	1379.00	1380.00	1381.00	1383.00	1384.50	1385.50	1387.00	1388.50	1390.00	1391.00	1392.50	1393.50	1395.50	1397.50	1398.50	1400.00	1401.00	1402.50	1403.00	1404.00	1404.50	1405.00	1406.00	1406.50	1407.00	1408.00	1409.00	1409.50	1411.50	1412.50	1413.50	1415.00	1416.50	1417.50	1419.00	1420.50	1421.50	1423.00
1088.50	1089.50	1090.00	1090.75	1092.00	1093.50	1095.00	1096.00	1097.50	1099.25	1101.75	1104.50	1106.25	1109.50	1111.50	1114.50	1117.50	1121.00	1123.00	1125.00	1128.75	1130.50	1133.50	1135.50	1138.00	1139.50	1142.50	1143.75	1145.25	1147.00	1148.00	1150.50	1151.50	1153.00	1154.00	1155.00	1157.00	1158.00	1159.50	1161.00	1162.25	1163.00	1165.00	1166.00	1167.00	1168.50	1170.50	1172.00	1173.50	1174.75	1176.00	1177.50	1178.75	1180.00	1181.00	1182.00	1182.50	1183.50	1184.75	1185.50	1187.00	1187.50	1188.50	1190.00	1191.00	1191.50	1192.50	1194.00	1195.50	1196.50	1197.00	1198.50	1199.50	1201.00	1202.50	1203.50	1205.00	1206.00	1207.50	1208.50	1209.50	1210.00	1211.00	1212.25	1213.00	1214.00	1214.50	1215.75	1216.25	1217.75	1218.25	1219.00	1220.50	1222.00	1223.50	1224.50	1225.50	1226.25	1226.50	1226.50	1226.75	1226.50	1226.50	1226.50	1226.50	1226.50	1226.50	1226.50	1226.50	1228.00	1229.50	1231.00	1232.25	1234.00	1236.50	1239.25	1241.50	1243.50	1246.50	1248.00	1250.50	1253.00	1254.25	1256.50	1257.50	1259.00	1261.00	1263.00	1264.00	1265.00	1266.50	1268.50	1270.00	1271.00	1273.00	1274.00	1276.75	1278.00	1279.00	1280.50	1281.75	1282.50	1283.50	1284.25	1284.75	1285.50	1286.00	1286.50	1287.50	1288.00	1288.50	1288.75	1290.50	1291.25	1292.50	1293.50	1295.00	1296.50	1298.25	1299.75	1301.00	1303.50	1305.50	1307.50	1309.50	1311.50	1313.25	1315.25	1317.50	1319.00	1321.00	1322.50	1324.50	1326.50	1328.25	1329.50	1330.75	1333.00	1334.50	1336.50	1337.50	1339.00	1340.00	1341.25	1342.50	1343.50	1345.50	1346.50	1348.00	1349.50	1351.00	1352.00	1354.00	1355.00	1356.50	1358.00	1360.00	1361.50	1362.50	1364.50	1365.50	1367.00	1367.50	1369.00	1370.50	1371.50	1372.00	1373.00	1373.50	1374.50	1375.50	1375.50	1376.50	1377.25	1378.25	1379.50	1380.50	1382.00	1383.00	1384.25	1385.50	1387.75	1389.00	1390.25	1392.00	1393.75	1395.50	1396.50	1398.00	1399.00	1400.75	1402.50	1403.50	1405.00	1406.00	1407.25	1408.00	1408.50	1408.75	1409.25	1410.00	1410.75	1411.50	1412.00	1413.25	1414.00	1415.50	1416.50	1417.25	1418.50	1419.75	1420.50	1422.00	1423.25	1424.00	1425.50
1093.00	1094.00	1094.50	1095.50	1097.00	1098.50	1100.00	1101.00	1103.00	1105.00	1107.50	1110.00	1112.00	1115.00	1117.00	1120.00	1123.00	1126.00	1128.00	1130.00	1133.50	1135.00	1138.00	1140.00	1142.00	1143.50	1146.50	1147.50	1149.00	1151.00	1152.00	1154.00	1155.00	1156.50	1157.50	1158.50	1160.50	1161.50	1163.00	1164.00	1165.00	1165.50	1167.50	1168.50	1169.50	1171.00	1173.50	1175.00	1176.50	1177.50	1178.50	1180.00	1181.50	1183.00	1184.00	1185.50	1186.00	1187.00	1188.50	1189.50	1191.00	1191.00	1192.50	1194.00	1195.00	1195.50	1196.50	1198.00	1199.50	1201.00	1201.00	1202.50	1203.50	1205.00	1206.50	1207.50	1209.00	1210.00	1212.00	1213.00	1214.00	1214.50	1215.50	1217.00	1217.50	1219.00	1219.00	1220.50	1221.00	1222.50	1223.00	1223.50	1225.00	1226.50	1228.00	1229.00	1229.50	1230.00	1230.00	1230.00	1230.50	1230.00	1230.00	1230.00	1230.00	1230.00	1230.00	1230.00	1230.00	1231.50	1233.00	1234.50	1236.00	1238.00	1241.00	1243.50	1246.00	1248.00	1251.00	1252.50	1255.00	1257.50	1259.00	1261.00	1262.00	1263.50	1266.00	1267.50	1268.50	1269.50	1271.00	1272.50	1274.00	1275.00	1276.50	1277.50	1280.50	1281.50	1282.50	1284.00	1285.00	1286.00	1287.00	1287.50	1288.00	1289.00	1289.50	1290.00	1291.00	1291.50	1292.00	1292.50	1294.50	1295.50	1297.00	1298.00	1299.50	1301.00	1303.00	1305.00	1306.50	1309.00	1311.50	1313.00	1315.00	1317.00	1319.00	1321.00	1323.00	1324.50	1327.00	1328.00	1330.00	1332.00	1333.50	1334.50	1336.00	1338.00	1339.50	1341.00	1342.00	1343.50	1344.50	1345.50	1346.50	1347.50	1350.00	1351.00	1352.50	1354.00	1355.50	1356.50	1358.00	1359.00	1360.50	1362.00	1364.00	1365.50	1366.50	1368.50	1369.50	1371.00	1371.00	1372.50	1374.00	1375.00	1375.50	1376.50	1377.00	1378.00	1379.00	1379.00	1380.50	1381.00	1382.00	1383.50	1384.50	1386.00	1387.00	1388.50	1390.00	1392.50	1393.50	1395.00	1397.00	1399.00	1401.00	1402.00	1403.50	1404.50	1406.00	1407.50	1408.50	1410.00	1411.00	1412.00	1413.00	1413.00	1413.00	1413.50	1414.00	1415.00	1416.00	1416.00	1417.50	1418.50	1419.50	1420.50	1421.00	1422.00	1423.00	1423.50	1425.00	1426.00	1426.50	1428.00
1093.00	1094.00	1094.50	1095.50	1097.00	1098.50	1100.00	1101.00	1103.00	1105.00	1107.50	1110.00	1112.00	1115.00	1117.00	1120.00	1123.00	1126.00	1128.00	1130.00	1133.50	1135.00	1138.00	1140.00	1142.00	1143.50	1146.50	1147.50	1149.00	1151.00	1152.00	1154.00	1155.00	1156.50	1157.50	1158.50	1160.50	1161.50	1163.00	1164.00	1165.00	1165.50	1167.50	1168.50	1169.50	1171.00	1173.50	1175.00	1176.50	1177.50	1178.50	1180.00	1181.50	1183.00	1184.00	1185.50	1186.00	1187.00	1188.50	1189.50	1191.00	1191.00	1192.50	1194.00	1195.00	1195.50	1196.50	1198.00	1199.50	1201.00	1201.00	1202.50	1203.50	1205.00	1206.50	1207.50	1209.00	1210.00	1212.00	1213.00	1214.00	1214.50	1215.50	1217.00	1217.50	1219.00	1219.00	1220.50	1221.00	1222.50	1223.00	1223.50	1225.00	1226.50	1228.00	1229.00	1229.50	1230.00	1230.00	1230.00	1230.50	1230.00	1230.00	1230.00	1230.00	1230.00	1230.00	1230.00	1230.00	1231.50	1233.00	1234.50	1236.00	1238.00	1241.00	1243.50	1246.00	1248.00	1251.00	1252.50	1255.00	1257.50	1259.00	1261.00	1262.00	1263.50	1266.00	1267.50	1268.50	1269.50	1271.00	1272.50	1274.00	1275.00	1276.50	1277.50	1280.50	1281.50	1282.50	1284.00	1285.00	1286.00	1287.00	1287.50	1288.00	1289.00	1289.50	1290.00	1291.00	1291.50	1292.00	1292.50	1294.50	1295.50	1297.00	1298.00	1299.50	1301.00	1303.00	1305.00	1306.50	1309.00	1311.50	1313.00	1315.00	1317.00	1319.00	1321.00	1323.00	1324.50	1327.00	1328.00	1330.00	1332.00	1333.50	1334.50	1336.00	1338.00	1339.50	1341.00	1342.00	1343.50	1344.50	1345.50	1346.50	1347.50	1350.00	1351.00	1352.50	1354.00	1355.50	1356.50	1358.00	1359.00	1360.50	1362.00	1364.00	1365.50	1366.50	1368.50	1369.50	1371.00	1371.00	1372.50	1374.00	1375.00	1375.50	1376.50	1377.00	1378.00	1379.00	1379.00	1380.50	1381.00	1382.00	1383.50	1384.50	1386.00	1387.00	1388.50	1390.00	1392.50	1393.50	1395.00	1397.00	1399.00	1401.00	1402.00	1403.50	1404.50	1406.00	1407.50	1408.50	1410.00	1411.00	1412.00	1413.00	1413.00	1413.00	1413.50	1414.00	1415.00	1416.00	1416.00	1417.50	1418.50	1419.50	1420.50	1421.00	1422.00	1423.00	1423.50	1425.00	1426.00	1426.50	1428.00
1098.00	1099.25	1100.00	1101.00	1102.50	1104.00	1106.00	1107.00	1109.50	1111.25	1113.50	1116.00	1118.00	1121.00	1122.50	1125.50	1128.50	1131.00	1133.00	1134.75	1138.00	1139.50	1142.00	1143.50	1145.50	1147.00	1149.50	1150.50	1152.00	1154.00	1155.00	1156.50	1157.50	1159.00	1160.25	1161.50	1163.50	1164.50	1166.00	1167.00	1168.25	1169.00	1171.00	1172.00	1172.75	1174.00	1176.00	1177.50	1179.00	1180.25	1181.50	1183.00	1184.50	1186.00	1187.00	1188.25	1188.75	1190.00	1191.50	1192.50	1194.00	1194.50	1196.00	1197.50	1198.25	1199.00	1200.00	1201.50	1203.00	1204.50	1205.00	1206.50	1207.50	1208.75	1210.00	1211.00	1212.50	1213.50	1216.00	1217.00	1218.25	1219.00	1219.75	1221.25	1221.75	1223.00	1223.50	1224.75	1225.25	1226.75	1227.25	1227.75	1229.00	1230.50	1231.50	1232.50	1233.00	1233.50	1233.50	1234.00	1234.25	1233.50	1233.50	1233.75	1234.00	1234.00	1234.00	1234.50	1235.00	1236.00	1237.50	1239.75	1241.25	1243.00	1246.00	1248.75	1251.00	1253.00	1256.00	1257.50	1259.75	1262.25	1263.75	1265.50	1266.50	1268.00	1270.00	1271.50	1272.50	1273.50	1275.00	1276.50	1278.00	1279.00	1280.50	1281.50	1284.00	1285.00	1286.00	1287.50	1288.25	1289.00	1290.00	1290.50	1291.25	1292.00	1292.75	1293.25	1294.50	1295.00	1295.75	1296.75	1299.00	1300.00	1301.50	1302.50	1304.50	1306.50	1308.50	1310.50	1312.00	1314.50	1317.00	1319.00	1320.50	1322.75	1324.50	1326.50	1328.50	1330.00	1332.00	1333.00	1335.00	1336.50	1338.00	1339.25	1340.50	1342.00	1343.50	1345.00	1346.00	1347.00	1348.00	1349.25	1350.50	1351.50	1353.50	1354.50	1356.00	1357.50	1359.00	1360.25	1362.00	1363.00	1364.00	1365.50	1367.75	1369.00	1370.00	1372.00	1373.00	1374.00	1374.50	1376.00	1377.00	1378.25	1379.00	1379.75	1380.50	1381.50	1382.50	1382.50	1384.00	1384.75	1385.75	1387.00	1388.00	1389.50	1390.50	1392.25	1394.00	1396.50	1397.75	1399.25	1401.50	1403.50	1405.50	1407.00	1408.50	1409.50	1411.00	1412.50	1413.50	1415.00	1416.00	1416.75	1417.50	1418.00	1418.00	1418.50	1419.00	1419.75	1421.00	1421.00	1422.50	1423.25	1424.00	1424.75	1425.00	1426.00	1426.75	1427.25	1428.50	1429.25	1429.75	1431.00
1103.00	1104.50	1105.50	1106.50	1108.00	1109.50	1112.00	1113.00	1116.00	1117.50	1119.50	1122.00	1124.00	1127.00	1128.00	1131.00	1134.00	1136.00	1138.00	1139.50	1142.50	1144.00	1146.00	1147.00	1149.00	1150.50	1152.50	1153.50	1155.00	1157.00	1158.00	1159.00	1160.00	1161.50	1163.00	1164.50	1166.50	1167.50	1169.00	1170.00	1171.50	1172.50	1174.50	1175.50	1176.00	1177.00	1178.50	1180.00	1181.50	1183.00	1184.50	1186.00	1187.50	1189.00	1190.00	1191.00	1191.50	1193.00	1194.50	1195.50	1197.00	1198.00	1199.50	1201.00	1201.50	1202.50	1203.50	1205.00	1206.50	1208.00	1209.00	1210.50	1211.50	1212.50	1213.50	1214.50	1216.00	1217.00	1220.00	1221.00	1222.50	1223.50	1224.00	1225.50	1226.00	1227.00	1228.00	1229.00	1229.50	1231.00	1231.50	1232.00	1233.00	1234.50	1235.00	1236.00	1236.50	1237.00	1237.00	1238.00	1238.00	1237.00	1237.00	1237.50	1238.00	1238.00	1238.00	1239.00	1240.00	1240.50	1242.00	1245.00	1246.50	1248.00	1251.00	1254.00	1256.00	1258.00	1261.00	1262.50	1264.50	1267.00	1268.50	1270.00	1271.00	1272.50	1274.00	1275.50	1276.50	1277.50	1279.00	1280.50	1282.00	1283.00	1284.50	1285.50	1287.50	1288.50	1289.50	1291.00	1291.50	1292.00	1293.00	1293.50	1294.50	1295.00	1296.00	1296.50	1298.00	1298.50	1299.50	1301.00	1303.50	1304.50	1306.00	1307.00	1309.50	1312.00	1314.00	1316.00	1317.50	1320.00	1322.50	1325.00	1326.00	1328.50	1330.00	1332.00	1334.00	1335.50	1337.00	1338.00	1340.00	1341.00	1342.50	1344.00	1345.00	1346.00	1347.50	1349.00	1350.00	1350.50	1351.50	1353.00	1354.50	1355.50	1357.00	1358.00	1359.50	1361.00	1362.50	1364.00	1366.00	1367.00	1367.50	1369.00	1371.50	1372.50	1373.50	1375.50	1376.50	1377.00	1378.00	1379.50	1380.00	1381.50	1382.50	1383.00	1384.00	1385.00	1386.00	1386.00	1387.50	1388.50	1389.50	1390.50	1391.50	1393.00	1394.00	1396.00	1398.00	1400.50	1402.00	1403.50	1406.00	1408.00	1410.00	1412.00	1413.50	1414.50	1416.00	1417.50	1418.50	1420.00	1421.00	1421.50	1422.00	1423.00	1423.00	1423.50	1424.00	1424.50	1426.00	1426.00	1427.50	1428.00	1428.50	1429.00	1429.00	1430.00	1430.50	1431.00	1432.00	1432.50	1433.00	1434.00
1103.00	1104.50	1105.50	1106.50	1108.00	1109.50	1112.00	1113.00	1116.00	1117.50	1119.50	1122.00	1124.00	1127.00	1128.00	1131.00	1134.00	1136.00	1138.00	1139.50	1142.50	1144.00	1146.00	1147.00	1149.00	1150.50	1152.50	1153.50	1155.00	1157.00	1158.00	1159.00	1160.00	1161.50	1163.00	1164.50	1166.50	1167.50	1169.00	1170.00	1171.50	1172.50	1174.50	1175.50	1176.00	1177.00	1178.50	1180.00	1181.50	1183.00	1184.50	1186.00	1187.50	1189.00	1190.00	1191.00	1191.50	1193.00	1194.50	1195.50	1197.00	1198.00	1199.50	1201.00	1201.50	1202.50	1203.50	1205.00	1206.50	1208.00	1209.00	1210.50	1211.50	1212.50	1213.50	1214.50	1216.00	1217.00	1220.00	1221.00	1222.50	1223.50	1224.00	1225.50	1226.00	1227.00	1228.00	1229.00	1229.50	1231.00	1231.50	1232.00	1233.00	1234.50	1235.00	1236.00	1236.50	1237.00	1237.00	1238.00	1238.00	1237.00	1237.00	1237.50	1238.00	1238.00	1238.00	1239.00	1240.00	1240.50	1242.00	1245.00	1246.50	1248.00	1251.00	1254.00	1256.00	1258.00	1261.00	1262.50	1264.50	1267.00	1268.50	1270.00	1271.00	1272.50	1274.00	1275.50	1276.50	1277.50	1279.00	1280.50	1282.00	1283.00	1284.50	1285.50	1287.50	1288.50	1289.50	1291.00	1291.50	1292.00	1293.00	1293.50	1294.50	1295.00	1296.00	1296.50	1298.00	1298.50	1299.50	1301.00	1303.50	1304.50	1306.00	1307.00	1309.50	1312.00	1314.00	1316.00	1317.50	1320.00	1322.50	1325.00	1326.00	1328.50	1330.00	1332.00	1334.00	1335.50	1337.00	1338.00	1340.00	1341.00	1342.50	1344.00	1345.00	1346.00	1347.50	1349.00	1350.00	1350.50	1351.50	1353.00	1354.50	1355.50	1357.00	1358.00	1359.50	1361.00	1362.50	1364.00	1366.00	1367.00	1367.50	1369.00	1371.50	1372.50	1373.50	1375.50	1376.50	1377.00	1378.00	1379.50	1380.00	1381.50	1382.50	1383.00	1384.00	1385.00	1386.00	1386.00	1387.50	1388.50	1389.50	1390.50	1391.50	1393.00	1394.00	1396.00	1398.00	1400.50	1402.00	1403.50	1406.00	1408.00	1410.00	1412.00	1413.50	1414.50	1416.00	1417.50	1418.50	1420.00	1421.00	1421.50	1422.00	1423.00	1423.00	1423.50	1424.00	1424.50	1426.00	1426.00	1427.50	1428.00	1428.50	1429.00	1429.00	1430.00	1430.50	1431.00	1432.00	1432.50	1433.00	1434.00
1108.50	1110.00	1111.25	1112.50	1114.00	1116.00	1118.50	1119.50	1122.25	1123.50	1125.50	1128.00	1129.75	1132.50	1133.50	1136.25	1138.50	1140.75	1142.50	1144.00	1146.50	1148.00	1150.00	1151.00	1152.75	1154.00	1155.50	1156.50	1157.75	1159.50	1160.50	1162.00	1163.00	1164.75	1166.25	1167.50	1169.50	1170.50	1172.00	1173.00	1174.50	1175.50	1177.50	1178.50	1179.25	1180.50	1182.00	1183.50	1185.00	1186.25	1187.50	1189.00	1190.50	1192.00	1193.00	1194.25	1195.00	1196.50	1198.00	1199.00	1200.50	1201.50	1203.00	1204.50	1205.50	1206.50	1207.50	1208.50	1210.00	1211.50	1212.50	1213.75	1214.50	1215.75	1217.00	1218.00	1219.50	1220.50	1223.50	1224.50	1226.00	1226.75	1227.25	1229.00	1229.75	1231.00	1231.50	1232.50	1233.00	1234.50	1235.00	1235.50	1236.50	1237.50	1238.00	1239.00	1239.75	1240.00	1240.50	1241.00	1241.00	1240.50	1241.00	1241.25	1241.50	1242.25	1242.75	1244.50	1245.50	1246.50	1248.50	1251.25	1252.75	1254.25	1257.00	1260.00	1262.50	1264.00	1266.75	1268.25	1270.25	1272.25	1273.50	1275.00	1276.00	1277.00	1278.50	1280.00	1281.00	1282.00	1283.50	1285.00	1286.50	1287.50	1289.00	1289.75	1291.50	1292.50	1293.25	1294.50	1295.00	1296.00	1296.50	1297.50	1298.25	1299.00	1299.75	1300.50	1302.00	1302.75	1303.50	1305.00	1307.75	1309.25	1311.00	1312.50	1315.00	1317.50	1319.75	1321.50	1323.25	1325.50	1328.25	1330.50	1332.00	1334.25	1335.75	1337.50	1339.25	1340.50	1342.00	1343.00	1344.75	1345.50	1347.00	1348.00	1348.75	1350.00	1351.50	1352.50	1353.50	1354.50	1355.50	1356.75	1358.00	1359.00	1361.00	1362.00	1363.50	1365.00	1366.50	1367.75	1369.50	1370.50	1371.50	1373.00	1375.00	1376.00	1377.00	1379.00	1380.00	1381.00	1381.50	1383.00	1384.00	1385.00	1385.75	1386.25	1387.50	1388.25	1389.50	1390.00	1391.00	1392.00	1393.00	1394.00	1395.00	1396.50	1397.50	1399.50	1401.50	1404.00	1405.50	1407.00	1409.50	1411.75	1414.00	1416.00	1417.75	1419.00	1420.50	1422.00	1423.00	1424.50	1425.50	1426.50	1427.00	1428.00	1428.25	1428.75	1429.50	1430.00	1431.00	1431.00	1431.75	1432.00	1432.75	1433.00	1433.00	1433.50	1434.00	1434.50	1435.50	1436.00	1436.50	1437.00
1114.00	1115.50	1117.00	1118.50	1120.00	1122.50	1125.00	1126.00	1128.50	1129.50	1131.50	1134.00	1135.50	1138.00	1139.00	1141.50	1143.00	1145.50	1147.00	1148.50	1150.50	1152.00	1154.00	1155.00	1156.50	1157.50	1158.50	1159.50	1160.50	1162.00	1163.00	1165.00	1166.00	1168.00	1169.50	1170.50	1172.50	1173.50	1175.00	1176.00	1177.50	1178.50	1180.50	1181.50	1182.50	1184.00	1185.50	1187.00	1188.50	1189.50	1190.50	1192.00	1193.50	1195.00	1196.00	1197.50	1198.50	1200.00	1201.50	1202.50	1204.00	1205.00	1206.50	1208.00	1209.50	1210.50	1211.50	1212.00	1213.50	1215.00	1216.00	1217.00	1217.50	1219.00	1220.50	1221.50	1223.00	1224.00	1227.00	1228.00	1229.50	1230.00	1230.50	1232.50	1233.50	1235.00	1235.00	1236.00	1236.50	1238.00	1238.50	1239.00	1240.00	1240.50	1241.00	1242.00	1243.00	1243.00	1244.00	1244.00	1244.00	1244.00	1245.00	1245.00	1245.00	1246.50	1247.50	1250.00	1251.00	1252.50	1255.00	1257.50	1259.00	1260.50	1263.00	1266.00	1269.00	1270.00	1272.50	1274.00	1276.00	1277.50	1278.50	1280.00	1281.00	1281.50	1283.00	1284.50	1285.50	1286.50	1288.00	1289.50	1291.00	1292.00	1293.50	1294.00	1295.50	1296.50	1297.00	1298.00	1298.50	1300.00	1300.00	1301.50	1302.00	1303.00	1303.50	1304.50	1306.00	1307.00	1307.50	1309.00	1312.00	1314.00	1316.00	1318.00	1320.50	1323.00	1325.50	1327.00	1329.00	1331.00	1334.00	1336.00	1338.00	1340.00	1341.50	1343.00	1344.50	1345.50	1347.00	1348.00	1349.50	1350.00	1351.50	1352.00	1352.50	1354.00	1355.50	1356.00	1357.00	1358.50	1359.50	1360.50	1361.50	1362.50	1365.00	1366.00	1367.50	1369.00	1370.50	1371.50	1373.00	1374.00	1375.50	1377.00	1378.50	1379.50	1380.50	1382.50	1383.50	1385.00	1385.00	1386.50	1388.00	1388.50	1389.00	1389.50	1391.00	1391.50	1393.00	1394.00	1394.50	1395.50	1396.50	1397.50	1398.50	1400.00	1401.00	1403.00	1405.00	1407.50	1409.00	1410.50	1413.00	1415.50	1418.00	1420.00	1422.00	1423.50	1425.00	1426.50	1427.50	1429.00	1430.00	1431.50	1432.00	1433.00	1433.50	1434.00	1435.00	1435.50	1436.00	1436.00	1436.00	1436.00	1437.00	1437.00	1437.00	1437.00	1437.50	1438.00	1439.00	1439.50	1440.00	1440.00
1114.00	1115.50	1117.00	1118.50	1120.00	1122.50	1125.00	1126.00	1128.50	1129.50	1131.50	1134.00	1135.50	1138.00	1139.00	1141.50	1143.00	1145.50	1147.00	1148.50	1150.50	1152.00	1154.00	1155.00	1156.50	1157.50	1158.50	1159.50	1160.50	1162.00	1163.00	1165.00	1166.00	1168.00	1169.50	1170.50	1172.50	1173.50	1175.00	1176.00	1177.50	1178.50	1180.50	1181.50	1182.50	1184.00	1185.50	1187.00	1188.50	1189.50	1190.50	1192.00	1193.50	1195.00	1196.00	1197.50	1198.50	1200.00	1201.50	1202.50	1204.00	1205.00	1206.50	1208.00	1209.50	1210.50	1211.50	1212.00	1213.50	1215.00	1216.00	1217.00	1217.50	1219.00	1220.50	1221.50	1223.00	1224.00	1227.00	1228.00	1229.50	1230.00	1230.50	1232.50	1233.50	1235.00	1235.00	1236.00	1236.50	1238.00	1238.50	1239.00	1240.00	1240.50	1241.00	1242.00	1243.00	1243.00	1244.00	1244.00	1244.00	1244.00	1245.00	1245.00	1245.00	1246.50	1247.50	1250.00	1251.00	1252.50	1255.00	1257.50	1259.00	1260.50	1263.00	1266.00	1269.00	1270.00	1272.50	1274.00	1276.00	1277.50	1278.50	1280.00	1281.00	1281.50	1283.00	1284.50	1285.50	1286.50	1288.00	1289.50	1291.00	1292.00	1293.50	1294.00	1295.50	1296.50	1297.00	1298.00	1298.50	1300.00	1300.00	1301.50	1302.00	1303.00	1303.50	1304.50	1306.00	1307.00	1307.50	1309.00	1312.00	1314.00	1316.00	1318.00	1320.50	1323.00	1325.50	1327.00	1329.00	1331.00	1334.00	1336.00	1338.00	1340.00	1341.50	1343.00	1344.50	1345.50	1347.00	1348.00	1349.50	1350.00	1351.50	1352.00	1352.50	1354.00	1355.50	1356.00	1357.00	1358.50	1359.50	1360.50	1361.50	1362.50	1365.00	1366.00	1367.50	1369.00	1370.50	1371.50	1373.00	1374.00	1375.50	1377.00	1378.50	1379.50	1380.50	1382.50	1383.50	1385.00	1385.00	1386.50	1388.00	1388.50	1389.00	1389.50	1391.00	1391.50	1393.00	1394.00	1394.50	1395.50	1396.50	1397.50	1398.50	1400.00	1401.00	1403.00	1405.00	1407.50	1409.00	1410.50	1413.00	1415.50	1418.00	1420.00	1422.00	1423.50	1425.00	1426.50	1427.50	1429.00	1430.00	1431.50	1432.00	1433.00	1433.50	1434.00	1435.00	1435.50	1436.00	1436.00	1436.00	1436.00	1437.00	1437.00	1437.00	1437.00	1437.50	1438.00	1439.00	1439.50	1440.00	1440.00
1114.00	1115.50	1117.00	1118.50	1120.00	1122.50	1125.00	1126.00	1128.50	1129.50	1131.50	1134.00	1135.50	1138.00	1139.00	1141.50	1143.00	1145.50	1147.00	1148.50	1150.50	1152.00	1154.00	1155.00	1156.50	1157.50	1158.50	1159.50	1160.50	1162.00	1163.00	1165.00	1166.00	1168.00	1169.50	1170.50	1172.50	1173.50	1175.00	1176.00	1177.50	1178.50	1180.50	1181.50	1182.50	1184.00	1185.50	1187.00	1188.50	1189.50	1190.50	1192.00	1193.50	1195.00	1196.00	1197.50	1198.50	1200.00	1201.50	1202.50	1204.00	1205.00	1206.50	1208.00	1209.50	1210.50	1211.50	1212.00	1213.50	1215.00	1216.00	1217.00	1217.50	1219.00	1220.50	1221.50	1223.00	1224.00	1227.00	1228.00	1229.50	1230.00	1230.50	1232.50	1233.50	1235.00	1235.00	1236.00	1236.50	1238.00	1238.50	1239.00	1240.00	1240.50	1241.00	1242.00	1243.00	1243.00	1244.00	1244.00	1244.00	1244.00	1245.00	1245.00	1245.00	1246.50	1247.50	1250.00	1251.00	1252.50	1255.00	1257.50	1259.00	1260.50	1263.00	1266.00	1269.00	1270.00	1272.50	1274.00	1276.00	1277.50	1278.50	1280.00	1281.00	1281.50	1283.00	1284.50	1285.50	1286.50	1288.00	1289.50	1291.00	1292.00	1293.50	1294.00	1295.50	1296.50	1297.00	1298.00	1298.50	1300.00	1300.00	1301.50	1302.00	1303.00	1303.50	1304.50	1306.00	1307.00	1307.50	1309.00	1312.00	1314.00	1316.00	1318.00	1320.50	1323.00	1325.50	1327.00	1329.00	1331.00	1334.00	1336.00	1338.00	1340.00	1341.50	1343.00	1344.50	1345.50	1347.00	1348.00	1349.50	1350.00	1351.50	1352.00	1352.50	1354.00	1355.50	1356.00	1357.00	1358.50	1359.50	1360.50	1361.50	1362.50	1365.00	1366.00	1367.50	1369.00	1370.50	1371.50	1373.00	1374.00	1375.50	1377.00	1378.50	1379.50	1380.50	1382.50	1383.50	1385.00	1385.00	1386.50	1388.00	1388.50	1389.00	1389.50	1391.00	1391.50	1393.00	1394.00	1394.50	1395.50	1396.50	1397.50	1398.50	1400.00	1401.00	1403.00	1405.00	1407.50	1409.00	1410.50	1413.00	1415.50	1418.00	1420.00	1422.00	1423.50	1425.00	1426.50	1427.50	1429.00	1430.00	1431.50	1432.00	1433.00	1433.50	1434.00	1435.00	1435.50	1436.00	1436.00	1436.00	1436.00	1437.00	1437.00	1437.00	1437.00	1437.50	1438.00	1439.00	1439.50	1440.00	1440.00
1124.00	1126.50	1128.00	1129.50	1132.00	1134.00	1136.00	1137.00	1138.50	1140.00	1142.00	1143.50	1145.00	1147.00	1149.00	1150.50	1152.00	1153.50	1154.50	1156.00	1158.50	1159.50	1161.00	1162.00	1163.50	1164.00	1166.00	1167.50	1168.50	1170.00	1171.00	1173.00	1173.00	1174.50	1176.00	1177.50	1179.50	1180.50	1182.00	1182.00	1183.50	1184.50	1186.50	1187.50	1188.50	1190.00	1191.50	1193.00	1194.50	1195.50	1196.50	1198.00	1199.50	1201.00	1203.00	1204.50	1206.00	1208.00	1209.50	1210.50	1212.00	1213.00	1213.50	1215.00	1216.50	1217.50	1218.50	1219.00	1220.50	1222.00	1222.00	1223.50	1224.50	1226.00	1227.50	1228.50	1230.00	1231.00	1233.00	1234.00	1235.50	1236.50	1237.50	1239.50	1240.00	1241.00	1242.00	1242.50	1243.00	1244.00	1244.00	1244.50	1245.00	1246.00	1247.00	1247.00	1248.00	1248.50	1249.00	1250.00	1250.50	1252.00	1252.50	1253.50	1254.50	1257.50	1259.00	1261.00	1263.00	1265.50	1268.00	1271.00	1272.50	1274.00	1277.00	1279.00	1281.00	1283.00	1285.00	1286.50	1288.00	1289.00	1289.50	1291.00	1292.00	1292.50	1293.00	1294.50	1295.00	1295.50	1297.00	1298.00	1299.00	1300.00	1300.50	1301.50	1302.50	1303.50	1304.00	1305.00	1306.00	1307.00	1308.00	1309.50	1310.00	1311.00	1312.50	1313.50	1316.00	1317.50	1319.00	1320.50	1323.50	1325.00	1327.00	1329.00	1331.50	1334.00	1336.50	1338.00	1339.50	1342.00	1344.00	1346.00	1348.00	1350.50	1351.50	1353.00	1354.50	1355.50	1357.00	1357.00	1358.50	1360.00	1360.50	1361.50	1362.00	1363.00	1364.00	1365.00	1365.00	1366.50	1367.50	1369.00	1370.50	1371.50	1373.00	1374.00	1375.50	1377.00	1378.50	1379.50	1381.00	1382.00	1383.50	1384.00	1385.50	1386.50	1387.50	1389.50	1390.00	1391.00	1392.00	1393.00	1394.00	1394.50	1395.50	1396.00	1397.00	1398.00	1399.00	1400.00	1401.50	1402.50	1404.00	1405.50	1406.50	1408.00	1409.00	1411.50	1414.00	1416.00	1417.50	1419.00	1421.00	1423.50	1426.00	1427.00	1429.00	1430.50	1432.50	1434.50	1435.50	1437.00	1438.00	1439.50	1441.00	1442.50	1443.00	1443.50	1444.00	1444.50	1445.00	1445.00	1445.00	1445.00	1445.00	1445.00	1445.00	1445.00	1445.50	1446.00	1446.00	1446.50	1447.00	1447.00
1124.00	1126.50	1128.00	1129.50	1132.00	1134.00	1136.00	1137.00	1138.50	1140.00	1142.00	1143.50	1145.00	1147.00	1149.00	1150.50	1152.00	1153.50	1154.50	1156.00	1158.50	1159.50	1161.00	1162.00	1163.50	1164.00	1166.00	1167.50	1168.50	1170.00	1171.00	1173.00	1173.00	1174.50	1176.00	1177.50	1179.50	1180.50	1182.00	1182.00	1183.50	1184.50	1186.50	1187.50	1188.50	1190.00	1191.50	1193.00	1194.50	1195.50	1196.50	1198.00	1199.50	1201.00	1203.00	1204.50	1206.00	1208.00	1209.50	1210.50	1212.00	1213.00	1213.50	1215.00	1216.50	1217.50	1218.50	1219.00	1220.50	1222.00	1222.00	1223.50	1224.50	1226.00	1227.50	1228.50	1230.00	1231.00	1233.00	1234.00	1235.50	1236.50	1237.50	1239.50	1240.00	1241.00	1242.00	1242.50	1243.00	1244.00	1244.00	1244.50	1245.00	1246.00	1247.00	1247.00	1248.00	1248.50	1249.00	1250.00	1250.50	1252.00	1252.50	1253.50	1254.50	1257.50	1259.00	1261.00	1263.00	1265.50	1268.00	1271.00	1272.50	1274.00	1277.00	1279.00	1281.00	1283.00	1285.00	1286.50	1288.00	1289.00	1289.50	1291.00	1292.00	1292.50	1293.00	1294.50	1295.00	1295.50	1297.00	1298.00	1299.00	1300.00	1300.50	1301.50	1302.50	1303.50	1304.00	1305.00	1306.00	1307.00	1308.00	1309.50	1310.00	1311.00	1312.50	1313.50	1316.00	1317.50	1319.00	1320.50	1323.50	1325.00	1327.00	1329.00	1331.50	1334.00	1336.50	1338.00	1339.50	1342.00	1344.00	1346.00	1348.00	1350.50	1351.50	1353.00	1354.50	1355.50	1357.00	1357.00	1358.50	1360.00	1360.50	1361.50	1362.00	1363.00	1364.00	1365.00	1365.00	1366.50	1367.50	1369.00	1370.50	1371.50	1373.00	1374.00	1375.50	1377.00	1378.50	1379.50	1381.00	1382.00	1383.50	1384.00	1385.50	1386.50	1387.50	1389.50	1390.00	1391.00	1392.00	1393.00	1394.00	1394.50	1395.50	1396.00	1397.00	1398.00	1399.00	1400.00	1401.50	1402.50	1404.00	1405.50	1406.50	1408.00	1409.00	1411.50	1414.00	1416.00	1417.50	1419.00	1421.00	1423.50	1426.00	1427.00	1429.00	1430.50	1432.50	1434.50	1435.50	1437.00	1438.00	1439.50	1441.00	1442.50	1443.00	1443.50	1444.00	1444.50	1445.00	1445.00	1445.00	1445.00	1445.00	1445.00	1445.00	1445.00	1445.50	1446.00	1446.00	1446.50	1447.00	1447.00
1124.00	1126.50	1128.00	1129.50	1132.00	1134.00	1136.00	1137.00	1138.50	1140.00	1142.00	1143.50	1145.00	1147.00	1149.00	1150.50	1152.00	1153.50	1154.50	1156.00	1158.50	1159.50	1161.00	1162.00	1163.50	1164.00	1166.00	1167.50	1168.50	1170.00	1171.00	1173.00	1173.00	1174.50	1176.00	1177.50	1179.50	1180.50	1182.00	1182.00	1183.50	1184.50	1186.50	1187.50	1188.50	1190.00	1191.50	1193.00	1194.50	1195.50	1196.50	1198.00	1199.50	1201.00	1203.00	1204.50	1206.00	1208.00	1209.50	1210.50	1212.00	1213.00	1213.50	1215.00	1216.50	1217.50	1218.50	1219.00	1220.50	1222.00	1222.00	1223.50	1224.50	1226.00	1227.50	1228.50	1230.00	1231.00	1233.00	1234.00	1235.50	1236.50	1237.50	1239.50	1240.00	1241.00	1242.00	1242.50	1243.00	1244.00	1244.00	1244.50	1245.00	1246.00	1247.00	1247.00	1248.00	1248.50	1249.00	1250.00	1250.50	1252.00	1252.50	1253.50	1254.50	1257.50	1259.00	1261.00	1263.00	1265.50	1268.00	1271.00	1272.50	1274.00	1277.00	1279.00	1281.00	1283.00	1285.00	1286.50	1288.00	1289.00	1289.50	1291.00	1292.00	1292.50	1293.00	1294.50	1295.00	1295.50	1297.00	1298.00	1299.00	1300.00	1300.50	1301.50	1302.50	1303.50	1304.00	1305.00	1306.00	1307.00	1308.00	1309.50	1310.00	1311.00	1312.50	1313.50	1316.00	1317.50	1319.00	1320.50	1323.50	1325.00	1327.00	1329.00	1331.50	1334.00	1336.50	1338.00	1339.50	1342.00	1344.00	1346.00	1348.00	1350.50	1351.50	1353.00	1354.50	1355.50	1357.00	1357.00	1358.50	1360.00	1360.50	1361.50	1362.00	1363.00	1364.00	1365.00	1365.00	1366.50	1367.50	1369.00	1370.50	1371.50	1373.00	1374.00	1375.50	1377.00	1378.50	1379.50	1381.00	1382.00	1383.50	1384.00	1385.50	1386.50	1387.50	1389.50	1390.00	1391.00	1392.00	1393.00	1394.00	1394.50	1395.50	1396.00	1397.00	1398.00	1399.00	1400.00	1401.50	1402.50	1404.00	1405.50	1406.50	1408.00	1409.00	1411.50	1414.00	1416.00	1417.50	1419.00	1421.00	1423.50	1426.00	1427.00	1429.00	1430.50	1432.50	1434.50	1435.50	1437.00	1438.00	1439.50	1441.00	1442.50	1443.00	1443.50	1444.00	1444.50	1445.00	1445.00	1445.00	1445.00	1445.00	1445.00	1445.00	1445.00	1445.50	1446.00	1446.00	1446.50	1447.00	1447.00
1129.00	1131.50	1133.00	1134.50	1136.50	1138.75	1140.50	1141.50	1143.00	1144.50	1146.50	1148.00	1149.50	1151.50	1153.00	1154.50	1156.00	1157.50	1158.50	1160.00	1162.50	1163.25	1164.50	1165.50	1167.00	1167.75	1169.75	1171.00	1172.00	1173.50	1174.50	1176.50	1176.50	1178.00	1179.25	1180.50	1182.50	1183.50	1184.50	1185.00	1186.50	1187.50	1189.00	1190.00	1191.00	1192.50	1194.00	1195.50	1197.00	1198.25	1199.50	1201.00	1202.75	1204.50	1206.50	1208.00	1209.25	1211.25	1213.00	1214.00	1215.50	1216.50	1217.50	1219.00	1220.25	1221.00	1222.00	1223.00	1224.25	1225.50	1226.00	1227.50	1228.50	1229.75	1231.00	1232.00	1233.50	1234.50	1236.50	1237.50	1239.00	1240.00	1241.00	1242.50	1243.25	1244.00	1245.00	1245.50	1246.00	1247.00	1247.25	1247.75	1248.00	1249.00	1250.00	1250.00	1251.00	1251.50	1252.50	1253.75	1254.50	1255.50	1256.75	1258.25	1259.50	1262.50	1264.00	1266.50	1268.50	1271.25	1274.00	1277.00	1278.75	1280.25	1283.00	1285.25	1287.50	1289.00	1290.75	1292.00	1293.25	1294.25	1295.00	1296.00	1297.00	1297.50	1298.00	1299.25	1299.50	1300.00	1301.00	1302.25	1303.00	1304.00	1304.50	1305.25	1306.25	1307.00	1307.75	1308.50	1309.75	1311.00	1312.00	1313.50	1314.25	1316.00	1317.50	1318.75	1321.00	1323.00	1324.50	1326.00	1329.00	1330.50	1332.50	1334.00	1336.50	1339.00	1341.25	1343.00	1344.50	1346.50	1348.75	1350.50	1352.50	1354.50	1355.50	1357.25	1359.00	1359.75	1361.00	1361.50	1363.00	1364.00	1364.75	1365.50	1366.25	1367.00	1368.00	1369.00	1369.50	1370.75	1371.50	1373.00	1374.50	1375.50	1377.00	1378.00	1379.50	1381.00	1382.50	1383.50	1385.00	1385.50	1387.00	1388.00	1389.50	1390.50	1391.50	1393.00	1393.50	1394.50	1395.00	1396.00	1397.00	1397.50	1398.50	1399.25	1400.50	1401.75	1403.00	1404.00	1405.50	1406.50	1408.00	1409.50	1410.50	1412.50	1413.50	1415.50	1418.00	1420.00	1421.50	1423.00	1425.00	1427.50	1430.00	1431.50	1433.50	1435.00	1436.75	1438.50	1439.50	1441.00	1442.00	1443.50	1445.00	1446.00	1446.50	1447.00	1447.50	1448.25	1448.50	1448.50	1448.75	1449.00	1449.00	1449.00	1449.00	1449.50	1449.75	1450.00	1450.00	1450.75	1451.00	1451.00
1134.00	1136.50	1138.00	1139.50	1141.00	1143.50	1145.00	1146.00	1147.50	1149.00	1151.00	1152.50	1154.00	1156.00	1157.00	1158.50	1160.00	1161.50	1162.50	1164.00	1166.50	1167.00	1168.00	1169.00	1170.50	1171.50	1173.50	1174.50	1175.50	1177.00	1178.00	1180.00	1180.00	1181.50	1182.50	1183.50	1185.50	1186.50	1187.00	1188.00	1189.50	1190.50	1191.50	1192.50	1193.50	1195.00	1196.50	1198.00	1199.50	1201.00	1202.50	1204.00	1206.00	1208.00	1210.00	1211.50	1212.50	1214.50	1216.50	1217.50	1219.00	1220.00	1221.50	1223.00	1224.00	1224.50	1225.50	1227.00	1228.00	1229.00	1230.00	1231.50	1232.50	1233.50	1234.50	1235.50	1237.00	1238.00	1240.00	1241.00	1242.50	1243.50	1244.50	1245.50	1246.50	1247.00	1248.00	1248.50	1249.00	1250.00	1250.50	1251.00	1251.00	1252.00	1253.00	1253.00	1254.00	1254.50	1256.00	1257.50	1258.50	1259.00	1261.00	1263.00	1264.50	1267.50	1269.00	1272.00	1274.00	1277.00	1280.00	1283.00	1285.00	1286.50	1289.00	1291.50	1294.00	1295.00	1296.50	1297.50	1298.50	1299.50	1300.50	1301.00	1302.00	1302.50	1303.00	1304.00	1304.00	1304.50	1305.00	1306.50	1307.00	1308.00	1308.50	1309.00	1310.00	1310.50	1311.50	1312.00	1313.50	1315.00	1316.00	1317.50	1318.50	1321.00	1322.50	1324.00	1326.00	1328.50	1330.00	1331.50	1334.50	1336.00	1338.00	1339.00	1341.50	1344.00	1346.00	1348.00	1349.50	1351.00	1353.50	1355.00	1357.00	1358.50	1359.50	1361.50	1363.50	1364.00	1365.00	1366.00	1367.50	1368.00	1369.00	1369.50	1370.50	1371.00	1372.00	1373.00	1374.00	1375.00	1375.50	1377.00	1378.50	1379.50	1381.00	1382.00	1383.50	1385.00	1386.50	1387.50	1389.00	1389.00	1390.50	1392.00	1393.50	1394.50	1395.50	1396.50	1397.00	1398.00	1398.00	1399.00	1400.00	1400.50	1401.50	1402.50	1404.00	1405.50	1407.00	1408.00	1409.50	1410.50	1412.00	1413.50	1414.50	1417.00	1418.00	1419.50	1422.00	1424.00	1425.50	1427.00	1429.00	1431.50	1434.00	1436.00	1438.00	1439.50	1441.00	1442.50	1443.50	1445.00	1446.00	1447.50	1449.00	1449.50	1450.00	1450.50	1451.00	1452.00	1452.00	1452.00	1452.50	1453.00	1453.00	1453.00	1453.00	1454.00	1454.00	1454.00	1454.00	1455.00	1455.00	1455.00
1134.00	1136.50	1138.00	1139.50	1141.00	1143.50	1145.00	1146.00	1147.50	1149.00	1151.00	1152.50	1154.00	1156.00	1157.00	1158.50	1160.00	1161.50	1162.50	1164.00	1166.50	1167.00	1168.00	1169.00	1170.50	1171.50	1173.50	1174.50	1175.50	1177.00	1178.00	1180.00	1180.00	1181.50	1182.50	1183.50	1185.50	1186.50	1187.00	1188.00	1189.50	1190.50	1191.50	1192.50	1193.50	1195.00	1196.50	1198.00	1199.50	1201.00	1202.50	1204.00	1206.00	1208.00	1210.00	1211.50	1212.50	1214.50	1216.50	1217.50	1219.00	1220.00	1221.50	1223.00	1224.00	1224.50	1225.50	1227.00	1228.00	1229.00	1230.00	1231.50	1232.50	1233.50	1234.50	1235.50	1237.00	1238.00	1240.00	1241.00	1242.50	1243.50	1244.50	1245.50	1246.50	1247.00	1248.00	1248.50	1249.00	1250.00	1250.50	1251.00	1251.00	1252.00	1253.00	1253.00	1254.00	1254.50	1256.00	1257.50	1258.50	1259.00	1261.00	1263.00	1264.50	1267.50	1269.00	1272.00	1274.00	1277.00	1280.00	1283.00	1285.00	1286.50	1289.00	1291.50	1294.00	1295.00	1296.50	1297.50	1298.50	1299.50	1300.50	1301.00	1302.00	1302.50	1303.00	1304.00	1304.00	1304.50	1305.00	1306.50	1307.00	1308.00	1308.50	1309.00	1310.00	1310.50	1311.50	1312.00	1313.50	1315.00	1316.00	1317.50	1318.50	1321.00	1322.50	1324.00	1326.00	1328.50	1330.00	1331.50	1334.50	1336.00	1338.00	1339.00	1341.50	1344.00	1346.00	1348.00	1349.50	1351.00	1353.50	1355.00	1357.00	1358.50	1359.50	1361.50	1363.50	1364.00	1365.00	1366.00	1367.50	1368.00	1369.00	1369.50	1370.50	1371.00	1372.00	1373.00	1374.00	1375.00	1375.50	1377.00	1378.50	1379.50	1381.00	1382.00	1383.50	1385.00	1386.50	1387.50	1389.00	1389.00	1390.50	1392.00	1393.50	1394.50	1395.50	1396.50	1397.00	1398.00	1398.00	1399.00	1400.00	1400.50	1401.50	1402.50	1404.00	1405.50	1407.00	1408.00	1409.50	1410.50	1412.00	1413.50	1414.50	1417.00	1418.00	1419.50	1422.00	1424.00	1425.50	1427.00	1429.00	1431.50	1434.00	1436.00	1438.00	1439.50	1441.00	1442.50	1443.50	1445.00	1446.00	1447.50	1449.00	1449.50	1450.00	1450.50	1451.00	1452.00	1452.00	1452.00	1452.50	1453.00	1453.00	1453.00	1453.00	1454.00	1454.00	1454.00	1454.00	1455.00	1455.00	1455.00
1138.50	1140.50	1142.00	1143.50	1145.00	1147.00	1148.50	1150.00	1151.50	1152.75	1154.75	1156.50	1157.75	1159.50	1160.50	1162.25	1164.00	1165.50	1166.50	1167.75	1170.00	1170.75	1172.00	1173.00	1174.50	1175.50	1177.50	1178.25	1179.00	1180.50	1181.50	1183.00	1183.50	1184.75	1185.50	1186.50	1188.00	1189.00	1190.00	1190.50	1192.00	1192.75	1194.00	1195.00	1196.00	1197.50	1199.00	1201.00	1202.75	1204.25	1205.50	1207.50	1209.50	1211.50	1213.00	1215.00	1216.00	1217.75	1219.75	1221.00	1222.50	1223.50	1225.00	1226.50	1227.75	1228.50	1229.25	1230.50	1231.50	1232.50	1233.50	1235.00	1236.00	1237.25	1238.50	1239.50	1241.00	1241.50	1243.50	1244.50	1246.00	1247.00	1248.00	1249.00	1250.00	1250.50	1251.50	1252.00	1252.50	1253.50	1253.75	1254.25	1254.50	1255.50	1256.00	1256.50	1257.25	1258.00	1259.50	1261.00	1262.00	1263.50	1265.50	1267.25	1268.75	1272.00	1273.50	1276.50	1278.50	1281.50	1284.50	1287.50	1289.50	1291.00	1293.50	1296.25	1298.50	1299.50	1301.00	1302.00	1303.25	1304.25	1305.00	1305.50	1306.50	1307.00	1307.50	1308.25	1308.50	1308.75	1309.50	1310.50	1311.00	1311.50	1312.00	1312.50	1313.75	1314.25	1315.00	1316.00	1317.50	1319.00	1320.50	1322.25	1323.50	1326.00	1327.75	1329.25	1331.50	1334.00	1335.50	1337.00	1340.00	1341.25	1343.50	1344.50	1346.75	1349.00	1351.00	1352.75	1354.00	1355.50	1357.50	1359.50	1361.00	1362.75	1364.00	1365.50	1367.00	1367.75	1369.00	1370.00	1371.50	1372.00	1373.25	1373.75	1374.50	1375.00	1376.25	1377.00	1378.00	1379.25	1380.00	1381.25	1382.50	1383.50	1385.00	1386.00	1387.50	1389.00	1390.50	1391.50	1393.00	1393.50	1394.50	1396.00	1397.50	1398.25	1399.00	1399.75	1400.25	1401.00	1401.50	1402.50	1403.50	1404.00	1405.00	1406.00	1407.50	1409.00	1410.50	1411.50	1413.25	1414.50	1416.00	1417.50	1418.75	1421.00	1422.00	1423.75	1426.00	1428.00	1429.50	1431.00	1433.00	1435.25	1437.50	1439.50	1441.25	1442.50	1444.00	1445.50	1446.50	1448.00	1448.50	1450.00	1451.50	1452.50	1453.00	1453.50	1454.50	1455.25	1455.50	1456.00	1456.50	1457.00	1457.00	1457.25	1457.50	1458.00	1458.50	1458.75	1459.00	1460.00	1460.00	1460.50
1143.00	1144.50	1146.00	1147.50	1149.00	1150.50	1152.00	1154.00	1155.50	1156.50	1158.50	1160.50	1161.50	1163.00	1164.00	1166.00	1168.00	1169.50	1170.50	1171.50	1173.50	1174.50	1176.00	1177.00	1178.50	1179.50	1181.50	1182.00	1182.50	1184.00	1185.00	1186.00	1187.00	1188.00	1188.50	1189.50	1190.50	1191.50	1193.00	1193.00	1194.50	1195.00	1196.50	1197.50	1198.50	1200.00	1201.50	1204.00	1206.00	1207.50	1208.50	1211.00	1213.00	1215.00	1216.00	1218.50	1219.50	1221.00	1223.00	1224.50	1226.00	1227.00	1228.50	1230.00	1231.50	1232.50	1233.00	1234.00	1235.00	1236.00	1237.00	1238.50	1239.50	1241.00	1242.50	1243.50	1245.00	1245.00	1247.00	1248.00	1249.50	1250.50	1251.50	1252.50	1253.50	1254.00	1255.00	1255.50	1256.00	1257.00	1257.00	1257.50	1258.00	1259.00	1259.00	1260.00	1260.50	1261.50	1263.00	1264.50	1265.50	1268.00	1270.00	1271.50	1273.00	1276.50	1278.00	1281.00	1283.00	1286.00	1289.00	1292.00	1294.00	1295.50	1298.00	1301.00	1303.00	1304.00	1305.50	1306.50	1308.00	1309.00	1309.50	1310.00	1311.00	1311.50	1312.00	1312.50	1313.00	1313.00	1314.00	1314.50	1315.00	1315.00	1315.50	1316.00	1317.50	1318.00	1318.50	1320.00	1321.50	1323.00	1325.00	1327.00	1328.50	1331.00	1333.00	1334.50	1337.00	1339.50	1341.00	1342.50	1345.50	1346.50	1349.00	1350.00	1352.00	1354.00	1356.00	1357.50	1358.50	1360.00	1361.50	1364.00	1365.00	1367.00	1368.50	1369.50	1370.50	1371.50	1373.00	1374.00	1375.50	1376.00	1377.50	1378.00	1378.50	1379.00	1380.50	1381.00	1382.00	1383.50	1384.50	1385.50	1386.50	1387.50	1389.00	1390.00	1391.50	1393.00	1394.50	1395.50	1397.00	1398.00	1398.50	1400.00	1401.50	1402.00	1402.50	1403.00	1403.50	1404.00	1405.00	1406.00	1407.00	1407.50	1408.50	1409.50	1411.00	1412.50	1414.00	1415.00	1417.00	1418.50	1420.00	1421.50	1423.00	1425.00	1426.00	1428.00	1430.00	1432.00	1433.50	1435.00	1437.00	1439.00	1441.00	1443.00	1444.50	1445.50	1447.00	1448.50	1449.50	1451.00	1451.00	1452.50	1454.00	1455.50	1456.00	1456.50	1458.00	1458.50	1459.00	1460.00	1460.50	1461.00	1461.00	1461.50	1462.00	1462.00	1463.00	1463.50	1464.00	1465.00	1465.00	1466.00
1143.00	1144.50	1146.00	1147.50	1149.00	1150.50	1152.00	1154.00	1155.50	1156.50	1158.50	1160.50	1161.50	1163.00	1164.00	1166.00	1168.00	1169.50	1170.50	1171.50	1173.50	1174.50	1176.00	1177.00	1178.50	1179.50	1181.50	1182.00	1182.50	1184.00	1185.00	1186.00	1187.00	1188.00	1188.50	1189.50	1190.50	1191.50	1193.00	1193.00	1194.50	1195.00	1196.50	1197.50	1198.50	1200.00	1201.50	1204.00	1206.00	1207.50	1208.50	1211.00	1213.00	1215.00	1216.00	1218.50	1219.50	1221.00	1223.00	1224.50	1226.00	1227.00	1228.50	1230.00	1231.50	1232.50	1233.00	1234.00	1235.00	1236.00	1237.00	1238.50	1239.50	1241.00	1242.50	1243.50	1245.00	1245.00	1247.00	1248.00	1249.50	1250.50	1251.50	1252.50	1253.50	1254.00	1255.00	1255.50	1256.00	1257.00	1257.00	1257.50	1258.00	1259.00	1259.00	1260.00	1260.50	1261.50	1263.00	1264.50	1265.50	1268.00	1270.00	1271.50	1273.00	1276.50	1278.00	1281.00	1283.00	1286.00	1289.00	1292.00	1294.00	1295.50	1298.00	1301.00	1303.00	1304.00	1305.50	1306.50	1308.00	1309.00	1309.50	1310.00	1311.00	1311.50	1312.00	1312.50	1313.00	1313.00	1314.00	1314.50	1315.00	1315.00	1315.50	1316.00	1317.50	1318.00	1318.50	1320.00	1321.50	1323.00	1325.00	1327.00	1328.50	1331.00	1333.00	1334.50	1337.00	1339.50	1341.00	1342.50	1345.50	1346.50	1349.00	1350.00	1352.00	1354.00	1356.00	1357.50	1358.50	1360.00	1361.50	1364.00	1365.00	1367.00	1368.50	1369.50	1370.50	1371.50	1373.00	1374.00	1375.50	1376.00	1377.50	1378.00	1378.50	1379.00	1380.50	1381.00	1382.00	1383.50	1384.50	1385.50	1386.50	1387.50	1389.00	1390.00	1391.50	1393.00	1394.50	1395.50	1397.00	1398.00	1398.50	1400.00	1401.50	1402.00	1402.50	1403.00	1403.50	1404.00	1405.00	1406.00	1407.00	1407.50	1408.50	1409.50	1411.00	1412.50	1414.00	1415.00	1417.00	1418.50	1420.00	1421.50	1423.00	1425.00	1426.00	1428.00	1430.00	1432.00	1433.50	1435.00	1437.00	1439.00	1441.00	1443.00	1444.50	1445.50	1447.00	1448.50	1449.50	1451.00	1451.00	1452.50	1454.00	1455.50	1456.00	1456.50	1458.00	1458.50	1459.00	1460.00	1460.50	1461.00	1461.00	1461.50	1462.00	1462.00	1463.00	1463.50	1464.00	1465.00	1465.00	1466.00
1147.00	1148.50	1149.75	1151.00	1152.50	1154.00	1156.00	1157.50	1159.00	1160.00	1162.00	1164.00	1165.00	1166.50	1167.50	1169.75	1171.50	1173.00	1174.00	1175.00	1177.00	1178.00	1179.50	1180.50	1182.00	1183.00	1184.75	1185.25	1186.00	1187.00	1188.00	1189.00	1189.50	1190.75	1191.25	1192.00	1193.25	1194.00	1195.00	1195.50	1196.50	1197.25	1199.00	1200.00	1201.00	1202.50	1204.25	1206.50	1208.75	1210.25	1211.50	1214.00	1216.00	1218.00	1219.50	1221.75	1223.00	1224.50	1226.25	1227.50	1229.00	1230.00	1231.50	1233.00	1234.50	1235.50	1236.25	1237.00	1238.25	1239.50	1240.50	1242.00	1243.00	1244.50	1246.00	1247.00	1248.50	1249.00	1250.50	1251.50	1253.00	1253.75	1254.50	1255.75	1256.50	1257.50	1258.00	1259.00	1259.50	1260.25	1260.50	1261.00	1262.00	1262.75	1263.00	1263.50	1264.50	1265.50	1267.00	1268.50	1269.50	1271.50	1273.50	1275.25	1276.75	1280.25	1282.00	1284.50	1286.50	1289.25	1292.00	1295.00	1297.00	1298.50	1301.00	1303.75	1305.50	1307.00	1308.50	1309.50	1310.75	1311.75	1312.50	1313.50	1314.00	1315.00	1315.50	1316.25	1316.50	1316.75	1317.50	1318.00	1318.50	1318.50	1319.00	1319.75	1321.00	1321.75	1322.50	1324.00	1325.75	1327.50	1329.00	1331.50	1333.00	1335.50	1337.75	1339.25	1342.00	1344.50	1345.75	1347.25	1350.00	1351.25	1353.50	1354.50	1356.50	1358.50	1360.25	1361.50	1362.50	1364.00	1365.50	1368.00	1369.00	1370.75	1371.75	1372.75	1374.00	1375.00	1376.50	1377.50	1378.75	1379.50	1381.00	1381.50	1382.00	1383.00	1384.25	1385.00	1386.00	1387.50	1388.25	1389.25	1390.50	1391.50	1393.00	1394.00	1395.75	1397.50	1399.00	1400.00	1401.00	1402.00	1403.00	1404.50	1405.50	1406.00	1406.50	1407.25	1407.75	1408.50	1409.00	1410.25	1411.00	1412.00	1412.75	1413.50	1415.00	1416.50	1418.00	1419.00	1421.25	1422.75	1424.50	1426.00	1427.25	1429.00	1430.00	1432.25	1434.00	1436.00	1437.50	1438.75	1440.50	1442.25	1444.50	1445.50	1447.00	1448.00	1449.50	1451.00	1452.00	1453.00	1453.50	1455.00	1456.50	1458.00	1458.75	1459.50	1461.00	1461.50	1462.50	1463.50	1464.25	1464.75	1465.75	1466.25	1466.75	1467.00	1468.00	1468.50	1469.50	1470.00	1470.25	1471.00
1151.00	1152.50	1153.50	1154.50	1156.00	1157.50	1160.00	1161.00	1162.50	1163.50	1165.50	1167.50	1168.50	1170.00	1171.00	1173.50	1175.00	1176.50	1177.50	1178.50	1180.50	1181.50	1183.00	1184.00	1185.50	1186.50	1188.00	1188.50	1189.50	1190.00	1191.00	1192.00	1192.00	1193.50	1194.00	1194.50	1196.00	1196.50	1197.00	1198.00	1198.50	1199.50	1201.50	1202.50	1203.50	1205.00	1207.00	1209.00	1211.50	1213.00	1214.50	1217.00	1219.00	1221.00	1223.00	1225.00	1226.50	1228.00	1229.50	1230.50	1232.00	1233.00	1234.50	1236.00	1237.50	1238.50	1239.50	1240.00	1241.50	1243.00	1244.00	1245.50	1246.50	1248.00	1249.50	1250.50	1252.00	1253.00	1254.00	1255.00	1256.50	1257.00	1257.50	1259.00	1259.50	1261.00	1261.00	1262.50	1263.00	1263.50	1264.00	1264.50	1266.00	1266.50	1267.00	1267.00	1268.50	1269.50	1271.00	1272.50	1273.50	1275.00	1277.00	1279.00	1280.50	1284.00	1286.00	1288.00	1290.00	1292.50	1295.00	1298.00	1300.00	1301.50	1304.00	1306.50	1308.00	1310.00	1311.50	1312.50	1313.50	1314.50	1315.50	1317.00	1317.00	1318.50	1319.00	1320.00	1320.00	1320.50	1321.00	1321.50	1322.00	1322.00	1322.50	1323.50	1324.50	1325.50	1326.50	1328.00	1330.00	1332.00	1333.00	1336.00	1337.50	1340.00	1342.50	1344.00	1347.00	1349.50	1350.50	1352.00	1354.50	1356.00	1358.00	1359.00	1361.00	1363.00	1364.50	1365.50	1366.50	1368.00	1369.50	1372.00	1373.00	1374.50	1375.00	1376.00	1377.50	1378.50	1380.00	1381.00	1382.00	1383.00	1384.50	1385.00	1385.50	1387.00	1388.00	1389.00	1390.00	1391.50	1392.00	1393.00	1394.50	1395.50	1397.00	1398.00	1400.00	1402.00	1403.50	1404.50	1405.00	1406.00	1407.50	1409.00	1409.50	1410.00	1410.50	1411.50	1412.00	1413.00	1413.00	1414.50	1415.00	1416.50	1417.00	1417.50	1419.00	1420.50	1422.00	1423.00	1425.50	1427.00	1429.00	1430.50	1431.50	1433.00	1434.00	1436.50	1438.00	1440.00	1441.50	1442.50	1444.00	1445.50	1448.00	1448.00	1449.50	1450.50	1452.00	1453.50	1454.50	1455.00	1456.00	1457.50	1459.00	1460.50	1461.50	1462.50	1464.00	1464.50	1466.00	1467.00	1468.00	1468.50	1470.50	1471.00	1471.50	1472.00	1473.00	1473.50	1475.00	1475.00	1475.50	1476.00
1151.00	1152.50	1153.50	1154.50	1156.00	1157.50	1160.00	1161.00	1162.50	1163.50	1165.50	1167.50	1168.50	1170.00	1171.00	1173.50	1175.00	1176.50	1177.50	1178.50	1180.50	1181.50	1183.00	1184.00	1185.50	1186.50	1188.00	1188.50	1189.50	1190.00	1191.00	1192.00	1192.00	1193.50	1194.00	1194.50	1196.00	1196.50	1197.00	1198.00	1198.50	1199.50	1201.50	1202.50	1203.50	1205.00	1207.00	1209.00	1211.50	1213.00	1214.50	1217.00	1219.00	1221.00	1223.00	1225.00	1226.50	1228.00	1229.50	1230.50	1232.00	1233.00	1234.50	1236.00	1237.50	1238.50	1239.50	1240.00	1241.50	1243.00	1244.00	1245.50	1246.50	1248.00	1249.50	1250.50	1252.00	1253.00	1254.00	1255.00	1256.50	1257.00	1257.50	1259.00	1259.50	1261.00	1261.00	1262.50	1263.00	1263.50	1264.00	1264.50	1266.00	1266.50	1267.00	1267.00	1268.50	1269.50	1271.00	1272.50	1273.50	1275.00	1277.00	1279.00	1280.50	1284.00	1286.00	1288.00	1290.00	1292.50	1295.00	1298.00	1300.00	1301.50	1304.00	1306.50	1308.00	1310.00	1311.50	1312.50	1313.50	1314.50	1315.50	1317.00	1317.00	1318.50	1319.00	1320.00	1320.00	1320.50	1321.00	1321.50	1322.00	1322.00	1322.50	1323.50	1324.50	1325.50	1326.50	1328.00	1330.00	1332.00	1333.00	1336.00	1337.50	1340.00	1342.50	1344.00	1347.00	1349.50	1350.50	1352.00	1354.50	1356.00	1358.00	1359.00	1361.00	1363.00	1364.50	1365.50	1366.50	1368.00	1369.50	1372.00	1373.00	1374.50	1375.00	1376.00	1377.50	1378.50	1380.00	1381.00	1382.00	1383.00	1384.50	1385.00	1385.50	1387.00	1388.00	1389.00	1390.00	1391.50	1392.00	1393.00	1394.50	1395.50	1397.00	1398.00	1400.00	1402.00	1403.50	1404.50	1405.00	1406.00	1407.50	1409.00	1409.50	1410.00	1410.50	1411.50	1412.00	1413.00	1413.00	1414.50	1415.00	1416.50	1417.00	1417.50	1419.00	1420.50	1422.00	1423.00	1425.50	1427.00	1429.00	1430.50	1431.50	1433.00	1434.00	1436.50	1438.00	1440.00	1441.50	1442.50	1444.00	1445.50	1448.00	1448.00	1449.50	1450.50	1452.00	1453.50	1454.50	1455.00	1456.00	1457.50	1459.00	1460.50	1461.50	1462.50	1464.00	1464.50	1466.00	1467.00	1468.00	1468.50	1470.50	1471.00	1471.50	1472.00	1473.00	1473.50	1475.00	1475.00	1475.50	1476.00
1154.00	1156.00	1157.00	1158.00	1159.50	1161.00	1163.50	1164.50	1166.00	1167.25	1169.25	1171.00	1172.00	1173.50	1175.00	1177.00	1178.50	1180.00	1181.00	1182.00	1183.75	1184.50	1186.00	1187.00	1188.50	1189.50	1191.00	1191.50	1192.25	1193.00	1193.50	1194.50	1195.00	1196.00	1196.50	1197.00	1198.25	1198.75	1199.50	1200.00	1201.00	1202.00	1204.00	1205.00	1206.00	1208.00	1209.75	1212.00	1214.25	1216.00	1217.50	1220.00	1222.00	1224.00	1226.00	1228.00	1229.50	1231.25	1233.00	1234.00	1235.50	1236.50	1238.00	1239.50	1240.50	1241.50	1242.50	1243.50	1245.00	1246.50	1247.50	1249.00	1250.00	1251.50	1253.00	1254.00	1255.50	1256.00	1257.50	1258.00	1259.50	1260.25	1260.75	1262.25	1262.75	1264.00	1264.50	1265.50	1266.25	1267.00	1267.50	1268.00	1269.50	1270.00	1271.00	1271.50	1273.00	1274.00	1275.00	1276.50	1277.50	1279.00	1281.25	1282.75	1284.25	1287.50	1289.25	1291.50	1293.00	1295.50	1298.00	1300.50	1302.50	1304.00	1306.00	1308.00	1309.50	1311.00	1313.00	1314.00	1315.25	1316.50	1317.50	1319.00	1319.00	1320.50	1321.50	1322.75	1323.00	1323.50	1324.00	1324.75	1325.50	1326.00	1326.50	1327.25	1328.50	1329.50	1330.50	1332.50	1334.25	1336.50	1338.00	1340.50	1342.25	1344.50	1347.25	1349.00	1351.50	1354.00	1355.00	1356.25	1359.00	1360.25	1362.00	1363.00	1364.75	1366.50	1368.00	1369.00	1370.00	1371.50	1373.00	1375.00	1376.00	1377.50	1378.25	1379.25	1380.50	1381.50	1383.00	1384.00	1385.25	1386.00	1387.50	1388.25	1389.00	1390.50	1391.75	1393.00	1393.50	1395.00	1395.75	1397.00	1398.50	1399.50	1401.00	1402.50	1404.25	1406.00	1407.50	1408.50	1409.50	1410.50	1411.75	1413.00	1413.75	1414.25	1415.00	1416.00	1416.75	1417.50	1418.00	1419.00	1420.00	1421.00	1421.75	1422.50	1424.00	1425.50	1427.00	1428.00	1430.50	1431.75	1433.50	1435.25	1436.50	1438.00	1439.00	1441.00	1442.50	1444.25	1445.50	1446.25	1447.50	1449.00	1451.50	1452.00	1453.25	1454.00	1455.50	1456.75	1457.50	1458.50	1459.50	1461.00	1462.50	1464.00	1465.00	1466.00	1467.50	1468.50	1470.00	1471.00	1472.25	1473.00	1475.00	1475.75	1476.50	1477.00	1478.25	1478.75	1480.00	1480.00	1480.50	1481.00
1157.00	1159.50	1160.50	1161.50	1163.00	1164.50	1167.00	1168.00	1169.50	1171.00	1173.00	1174.50	1175.50	1177.00	1179.00	1180.50	1182.00	1183.50	1184.50	1185.50	1187.00	1187.50	1189.00	1190.00	1191.50	1192.50	1194.00	1194.50	1195.00	1196.00	1196.00	1197.00	1198.00	1198.50	1199.00	1199.50	1200.50	1201.00	1202.00	1202.00	1203.50	1204.50	1206.50	1207.50	1208.50	1211.00	1212.50	1215.00	1217.00	1219.00	1220.50	1223.00	1225.00	1227.00	1229.00	1231.00	1232.50	1234.50	1236.50	1237.50	1239.00	1240.00	1241.50	1243.00	1243.50	1244.50	1245.50	1247.00	1248.50	1250.00	1251.00	1252.50	1253.50	1255.00	1256.50	1257.50	1259.00	1259.00	1261.00	1261.00	1262.50	1263.50	1264.00	1265.50	1266.00	1267.00	1268.00	1268.50	1269.50	1270.50	1271.00	1271.50	1273.00	1273.50	1275.00	1276.00	1277.50	1278.50	1279.00	1280.50	1281.50	1283.00	1285.50	1286.50	1288.00	1291.00	1292.50	1295.00	1296.00	1298.50	1301.00	1303.00	1305.00	1306.50	1308.00	1309.50	1311.00	1312.00	1314.50	1315.50	1317.00	1318.50	1319.50	1321.00	1321.00	1322.50	1324.00	1325.50	1326.00	1326.50	1327.00	1328.00	1329.00	1330.00	1330.50	1331.00	1332.50	1333.50	1334.50	1337.00	1338.50	1341.00	1343.00	1345.00	1347.00	1349.00	1352.00	1354.00	1356.00	1358.50	1359.50	1360.50	1363.50	1364.50	1366.00	1367.00	1368.50	1370.00	1371.50	1372.50	1373.50	1375.00	1376.50	1378.00	1379.00	1380.50	1381.50	1382.50	1383.50	1384.50	1386.00	1387.00	1388.50	1389.00	1390.50	1391.50	1392.50	1394.00	1395.50	1397.00	1397.00	1398.50	1399.50	1401.00	1402.50	1403.50	1405.00	1407.00	1408.50	1410.00	1411.50	1412.50	1414.00	1415.00	1416.00	1417.00	1418.00	1418.50	1419.50	1420.50	1421.50	1422.00	1423.00	1423.50	1425.00	1425.50	1426.50	1427.50	1429.00	1430.50	1432.00	1433.00	1435.50	1436.50	1438.00	1440.00	1441.50	1443.00	1444.00	1445.50	1447.00	1448.50	1449.50	1450.00	1451.00	1452.50	1455.00	1456.00	1457.00	1457.50	1459.00	1460.00	1460.50	1462.00	1463.00	1464.50	1466.00	1467.50	1468.50	1469.50	1471.00	1472.50	1474.00	1475.00	1476.50	1477.50	1479.50	1480.50	1481.50	1482.00	1483.50	1484.00	1485.00	1485.00	1485.50	1486.00
1157.00	1159.50	1160.50	1161.50	1163.00	1164.50	1167.00	1168.00	1169.50	1171.00	1173.00	1174.50	1175.50	1177.00	1179.00	1180.50	1182.00	1183.50	1184.50	1185.50	1187.00	1187.50	1189.00	1190.00	1191.50	1192.50	1194.00	1194.50	1195.00	1196.00	1196.00	1197.00	1198.00	1198.50	1199.00	1199.50	1200.50	1201.00	1202.00	1202.00	1203.50	1204.50	1206.50	1207.50	1208.50	1211.00	1212.50	1215.00	1217.00	1219.00	1220.50	1223.00	1225.00	1227.00	1229.00	1231.00	1232.50	1234.50	1236.50	1237.50	1239.00	1240.00	1241.50	1243.00	1243.50	1244.50	1245.50	1247.00	1248.50	1250.00	1251.00	1252.50	1253.50	1255.00	1256.50	1257.50	1259.00	1259.00	1261.00	1261.00	1262.50	1263.50	1264.00	1265.50	1266.00	1267.00	1268.00	1268.50	1269.50	1270.50	1271.00	1271.50	1273.00	1273.50	1275.00	1276.00	1277.50	1278.50	1279.00	1280.50	1281.50	1283.00	1285.50	1286.50	1288.00	1291.00	1292.50	1295.00	1296.00	1298.50	1301.00	1303.00	1305.00	1306.50	1308.00	1309.50	1311.00	1312.00	1314.50	1315.50	1317.00	1318.50	1319.50	1321.00	1321.00	1322.50	1324.00	1325.50	1326.00	1326.50	1327.00	1328.00	1329.00	1330.00	1330.50	1331.00	1332.50	1333.50	1334.50	1337.00	1338.50	1341.00	1343.00	1345.00	1347.00	1349.00	1352.00	1354.00	1356.00	1358.50	1359.50	1360.50	1363.50	1364.50	1366.00	1367.00	1368.50	1370.00	1371.50	1372.50	1373.50	1375.00	1376.50	1378.00	1379.00	1380.50	1381.50	1382.50	1383.50	1384.50	1386.00	1387.00	1388.50	1389.00	1390.50	1391.50	1392.50	1394.00	1395.50	1397.00	1397.00	1398.50	1399.50	1401.00	1402.50	1403.50	1405.00	1407.00	1408.50	1410.00	1411.50	1412.50	1414.00	1415.00	1416.00	1417.00	1418.00	1418.50	1419.50	1420.50	1421.50	1422.00	1423.00	1423.50	1425.00	1425.50	1426.50	1427.50	1429.00	1430.50	1432.00	1433.00	1435.50	1436.50	1438.00	1440.00	1441.50	1443.00	1444.00	1445.50	1447.00	1448.50	1449.50	1450.00	1451.00	1452.50	1455.00	1456.00	1457.00	1457.50	1459.00	1460.00	1460.50	1462.00	1463.00	1464.50	1466.00	1467.50	1468.50	1469.50	1471.00	1472.50	1474.00	1475.00	1476.50	1477.50	1479.50	1480.50	1481.50	1482.00	1483.50	1484.00	1485.00	1485.00	1485.50	1486.00
1157.00	1159.50	1160.50	1161.50	1163.00	1164.50	1167.00	1168.00	1169.50	1171.00	1173.00	1174.50	1175.50	1177.00	1179.00	1180.50	1182.00	1183.50	1184.50	1185.50	1187.00	1187.50	1189.00	1190.00	1191.50	1192.50	1194.00	1194.50	1195.00	1196.00	1196.00	1197.00	1198.00	1198.50	1199.00	1199.50	1200.50	1201.00	1202.00	1202.00	1203.50	1204.50	1206.50	1207.50	1208.50	1211.00	1212.50	1215.00	1217.00	1219.00	1220.50	1223.00	1225.00	1227.00	1229.00	1231.00	1232.50	1234.50	1236.50	1237.50	1239.00	1240.00	1241.50	1243.00	1243.50	1244.50	1245.50	1247.00	1248.50	1250.00	1251.00	1252.50	1253.50	1255.00	1256.50	1257.50	1259.00	1259.00	1261.00	1261.00	1262.50	1263.50	1264.00	1265.50	1266.00	1267.00	1268.00	1268.50	1269.50	1270.50	1271.00	1271.50	1273.00	1273.50	1275.00	1276.00	1277.50	1278.50	1279.00	1280.50	1281.50	1283.00	1285.50	1286.50	1288.00	1291.00	1292.50	1295.00	1296.00	1298.50	1301.00	1303.00	1305.00	1306.50	1308.00	1309.50	1311.00	1312.00	1314.50	1315.50	1317.00	1318.50	1319.50	1321.00	1321.00	1322.50	1324.00	1325.50	1326.00	1326.50	1327.00	1328.00	1329.00	1330.00	1330.50	1331.00	1332.50	1333.50	1334.50	1337.00	1338.50	1341.00	1343.00	1345.00	1347.00	1349.00	1352.00	1354.00	1356.00	1358.50	1359.50	1360.50	1363.50	1364.50	1366.00	1367.00	1368.50	1370.00	1371.50	1372.50	1373.50	1375.00	1376.50	1378.00	1379.00	1380.50	1381.50	1382.50	1383.50	1384.50	1386.00	1387.00	1388.50	1389.00	1390.50	1391.50	1392.50	1394.00	1395.50	1397.00	1397.00	1398.50	1399.50	1401.00	1402.50	1403.50	1405.00	1407.00	1408.50	1410.00	1411.50	1412.50	1414.00	1415.00	1416.00	1417.00	1418.00	1418.50	1419.50	1420.50	1421.50	1422.00	1423.00	1423.50	1425.00	1425.50	1426.50	1427.50	1429.00	1430.50	1432.00	1433.00	1435.50	1436.50	1438.00	1440.00	1441.50	1443.00	1444.00	1445.50	1447.00	1448.50	1449.50	1450.00	1451.00	1452.50	1455.00	1456.00	1457.00	1457.50	1459.00	1460.00	1460.50	1462.00	1463.00	1464.50	1466.00	1467.50	1468.50	1469.50	1471.00	1472.50	1474.00	1475.00	1476.50	1477.50	1479.50	1480.50	1481.50	1482.00	1483.50	1484.00	1485.00	1485.00	1485.50	1486.00
1165.00	1166.50	1167.50	1169.00	1171.00	1173.00	1175.00	1176.00	1178.00	1179.50	1181.00	1182.50	1183.50	1185.00	1186.00	1187.50	1189.00	1190.50	1191.50	1192.00	1193.50	1194.00	1195.00	1196.00	1197.50	1198.00	1199.00	1199.50	1200.00	1201.00	1201.00	1202.00	1202.00	1203.00	1203.50	1204.00	1205.00	1205.00	1206.00	1207.00	1208.50	1209.50	1212.50	1213.50	1215.00	1217.00	1219.50	1222.00	1225.00	1226.50	1228.00	1230.00	1232.50	1235.00	1236.00	1238.00	1239.50	1241.00	1243.00	1244.50	1246.00	1247.00	1248.00	1249.00	1250.50	1251.50	1252.50	1254.00	1255.50	1257.00	1258.00	1259.00	1259.50	1261.00	1262.50	1263.50	1265.00	1265.00	1267.00	1267.00	1268.00	1268.50	1269.50	1270.50	1271.50	1272.00	1273.00	1274.50	1275.50	1277.50	1278.00	1278.50	1280.00	1281.50	1283.00	1284.00	1285.50	1287.00	1289.00	1290.50	1291.50	1293.00	1294.50	1295.50	1296.50	1299.00	1300.50	1303.00	1304.00	1305.50	1307.00	1308.50	1309.50	1310.50	1312.00	1312.50	1314.00	1315.00	1317.50	1318.50	1320.00	1321.50	1322.50	1324.00	1325.00	1326.50	1328.00	1329.50	1330.50	1331.50	1333.00	1334.50	1335.00	1336.00	1337.00	1338.00	1340.50	1342.00	1343.50	1346.00	1348.00	1350.00	1352.00	1354.00	1356.00	1359.00	1361.50	1362.50	1365.00	1366.50	1367.50	1368.50	1370.50	1371.50	1373.00	1374.00	1375.00	1376.00	1377.50	1378.50	1379.50	1381.00	1382.50	1384.00	1385.00	1386.50	1387.50	1389.00	1390.00	1390.50	1392.00	1393.00	1394.50	1395.00	1396.50	1397.50	1398.50	1400.00	1401.50	1403.00	1404.00	1405.50	1406.50	1408.50	1410.50	1411.50	1413.00	1414.00	1416.50	1418.00	1419.50	1421.00	1423.00	1424.00	1425.50	1426.00	1427.50	1428.50	1429.00	1430.50	1431.50	1432.00	1433.00	1434.50	1436.00	1437.00	1437.50	1438.50	1440.00	1441.50	1443.00	1444.00	1445.50	1446.50	1448.00	1449.50	1450.50	1452.00	1453.00	1454.50	1456.00	1457.50	1458.50	1459.50	1461.00	1462.50	1464.00	1466.00	1466.50	1467.50	1468.50	1469.50	1470.50	1472.00	1473.00	1474.50	1476.00	1476.50	1477.50	1478.50	1480.00	1481.50	1483.00	1484.00	1485.50	1486.50	1488.50	1489.00	1489.50	1491.00	1492.00	1492.50	1493.00	1494.00	1494.50	1495.00
1165.00	1166.50	1167.50	1169.00	1171.00	1173.00	1175.00	1176.00	1178.00	1179.50	1181.00	1182.50	1183.50	1185.00	1186.00	1187.50	1189.00	1190.50	1191.50	1192.00	1193.50	1194.00	1195.00	1196.00	1197.50	1198.00	1199.00	1199.50	1200.00	1201.00	1201.00	1202.00	1202.00	1203.00	1203.50	1204.00	1205.00	1205.00	1206.00	1207.00	1208.50	1209.50	1212.50	1213.50	1215.00	1217.00	1219.50	1222.00	1225.00	1226.50	1228.00	1230.00	1232.50	1235.00	1236.00	1238.00	1239.50	1241.00	1243.00	1244.50	1246.00	1247.00	1248.00	1249.00	1250.50	1251.50	1252.50	1254.00	1255.50	1257.00	1258.00	1259.00	1259.50	1261.00	1262.50	1263.50	1265.00	1265.00	1267.00	1267.00	1268.00	1268.50	1269.50	1270.50	1271.50	1272.00	1273.00	1274.50	1275.50	1277.50	1278.00	1278.50	1280.00	1281.50	1283.00	1284.00	1285.50	1287.00	1289.00	1290.50	1291.50	1293.00	1294.50	1295.50	1296.50	1299.00	1300.50	1303.00	1304.00	1305.50	1307.00	1308.50	1309.50	1310.50	1312.00	1312.50	1314.00	1315.00	1317.50	1318.50	1320.00	1321.50	1322.50	1324.00	1325.00	1326.50	1328.00	1329.50	1330.50	1331.50	1333.00	1334.50	1335.00	1336.00	1337.00	1338.00	1340.50	1342.00	1343.50	1346.00	1348.00	1350.00	1352.00	1354.00	1356.00	1359.00	1361.50	1362.50	1365.00	1366.50	1367.50	1368.50	1370.50	1371.50	1373.00	1374.00	1375.00	1376.00	1377.50	1378.50	1379.50	1381.00	1382.50	1384.00	1385.00	1386.50	1387.50	1389.00	1390.00	1390.50	1392.00	1393.00	1394.50	1395.00	1396.50	1397.50	1398.50	1400.00	1401.50	1403.00	1404.00	1405.50	1406.50	1408.50	1410.50	1411.50	1413.00	1414.00	1416.50	1418.00	1419.50	1421.00	1423.00	1424.00	1425.50	1426.00	1427.50	1428.50	1429.00	1430.50	1431.50	1432.00	1433.00	1434.50	1436.00	1437.00	1437.50	1438.50	1440.00	1441.50	1443.00	1444.00	1445.50	1446.50	1448.00	1449.50	1450.50	1452.00	1453.00	1454.50	1456.00	1457.50	1458.50	1459.50	1461.00	1462.50	1464.00	1466.00	1466.50	1467.50	1468.50	1469.50	1470.50	1472.00	1473.00	1474.50	1476.00	1476.50	1477.50	1478.50	1480.00	1481.50	1483.00	1484.00	1485.50	1486.50	1488.50	1489.00	1489.50	1491.00	1492.00	1492.50	1493.00	1494.00	1494.50	1495.00
1165.00	1166.50	1167.50	1169.00	1171.00	1173.00	1175.00	1176.00	1178.00	1179.50	1181.00	1182.50	1183.50	1185.00	1186.00	1187.50	1189.00	1190.50	1191.50	1192.00	1193.50	1194.00	1195.00	1196.00	1197.50	1198.00	1199.00	1199.50	1200.00	1201.00	1201.00	1202.00	1202.00	1203.00	1203.50	1204.00	1205.00	1205.00	1206.00	1207.00	1208.50	1209.50	1212.50	1213.50	1215.00	1217.00	1219.50	1222.00	1225.00	1226.50	1228.00	1230.00	1232.50	1235.00	1236.00	1238.00	1239.50	1241.00	1243.00	1244.50	1246.00	1247.00	1248.00	1249.00	1250.50	1251.50	1252.50	1254.00	1255.50	1257.00	1258.00	1259.00	1259.50	1261.00	1262.50	1263.50	1265.00	1265.00	1267.00	1267.00	1268.00	1268.50	1269.50	1270.50	1271.50	1272.00	1273.00	1274.50	1275.50	1277.50	1278.00	1278.50	1280.00	1281.50	1283.00	1284.00	1285.50	1287.00	1289.00	1290.50	1291.50	1293.00	1294.50	1295.50	1296.50	1299.00	1300.50	1303.00	1304.00	1305.50	1307.00	1308.50	1309.50	1310.50	1312.00	1312.50	1314.00	1315.00	1317.50	1318.50	1320.00	1321.50	1322.50	1324.00	1325.00	1326.50	1328.00	1329.50	1330.50	1331.50	1333.00	1334.50	1335.00	1336.00	1337.00	1338.00	1340.50	1342.00	1343.50	1346.00	1348.00	1350.00	1352.00	1354.00	1356.00	1359.00	1361.50	1362.50	1365.00	1366.50	1367.50	1368.50	1370.50	1371.50	1373.00	1374.00	1375.00	1376.00	1377.50	1378.50	1379.50	1381.00	1382.50	1384.00	1385.00	1386.50	1387.50	1389.00	1390.00	1390.50	1392.00	1393.00	1394.50	1395.00	1396.50	1397.50	1398.50	1400.00	1401.50	1403.00	1404.00	1405.50	1406.50	1408.50	1410.50	1411.50	1413.00	1414.00	1416.50	1418.00	1419.50	1421.00	1423.00	1424.00	1425.50	1426.00	1427.50	1428.50	1429.00	1430.50	1431.50	1432.00	1433.00	1434.50	1436.00	1437.00	1437.50	1438.50	1440.00	1441.50	1443.00	1444.00	1445.50	1446.50	1448.00	1449.50	1450.50	1452.00	1453.00	1454.50	1456.00	1457.50	1458.50	1459.50	1461.00	1462.50	1464.00	1466.00	1466.50	1467.50	1468.50	1469.50	1470.50	1472.00	1473.00	1474.50	1476.00	1476.50	1477.50	1478.50	1480.00	1481.50	1483.00	1484.00	1485.50	1486.50	1488.50	1489.00	1489.50	1491.00	1492.00	1492.50	1493.00	1494.00	1494.50	1495.00
1174.00	1175.50	1176.50	1177.50	1180.00	1181.50	1184.00	1185.00	1186.50	1187.50	1189.00	1190.50	1191.50	1193.00	1194.00	1195.00	1196.00	1197.50	1198.00	1198.50	1199.50	1200.50	1201.00	1202.00	1203.00	1203.50	1204.00	1204.50	1205.00	1206.00	1206.00	1207.00	1208.00	1208.50	1209.00	1209.50	1210.50	1211.50	1213.00	1214.00	1215.50	1217.00	1220.00	1221.50	1223.00	1225.00	1227.50	1230.00	1232.50	1234.00	1236.00	1238.00	1240.50	1242.00	1243.00	1245.50	1246.50	1248.00	1250.00	1251.50	1252.00	1253.00	1254.50	1256.00	1257.50	1258.50	1259.50	1261.00	1262.50	1263.00	1264.00	1265.50	1266.50	1267.50	1268.50	1269.50	1270.00	1271.00	1272.00	1272.00	1273.50	1274.50	1275.00	1276.50	1277.50	1279.00	1280.00	1281.50	1282.50	1284.50	1285.50	1286.50	1288.00	1289.50	1291.00	1293.00	1294.50	1296.00	1298.00	1299.50	1300.50	1302.00	1303.50	1304.50	1305.50	1308.00	1309.50	1310.00	1311.00	1311.50	1313.00	1314.50	1315.50	1316.00	1317.00	1318.50	1320.00	1320.00	1321.50	1322.50	1324.00	1325.50	1326.50	1328.00	1330.00	1331.50	1334.00	1335.50	1336.50	1337.50	1339.00	1340.50	1342.00	1343.00	1344.50	1346.00	1348.50	1350.00	1352.00	1355.00	1357.00	1360.00	1362.00	1364.00	1366.00	1368.00	1370.00	1371.50	1373.00	1374.50	1375.50	1376.00	1377.50	1378.50	1379.00	1380.00	1381.50	1382.00	1383.50	1384.50	1385.50	1387.00	1388.50	1390.00	1391.00	1392.00	1392.50	1394.00	1395.50	1396.50	1397.00	1398.00	1399.50	1400.00	1401.50	1402.50	1403.50	1405.00	1406.50	1408.00	1409.00	1411.50	1412.50	1414.50	1416.50	1418.00	1420.00	1421.00	1423.50	1425.00	1427.50	1428.50	1431.00	1432.00	1433.50	1435.00	1436.50	1437.50	1438.50	1440.50	1441.00	1442.00	1443.00	1444.50	1445.00	1446.50	1447.50	1448.50	1450.00	1451.50	1453.00	1454.00	1455.50	1456.50	1458.00	1459.50	1460.50	1462.00	1463.00	1464.50	1466.00	1467.50	1468.50	1470.00	1472.00	1473.50	1475.00	1476.00	1478.00	1479.00	1480.00	1481.50	1482.50	1484.00	1485.00	1485.50	1486.00	1487.50	1488.00	1488.50	1490.00	1490.50	1492.00	1493.00	1494.50	1495.00	1496.50	1497.50	1498.50	1499.00	1500.00	1500.50	1501.00	1501.50	1502.00	1503.00
1174.00	1175.50	1176.50	1177.50	1180.00	1181.50	1184.00	1185.00	1186.50	1187.50	1189.00	1190.50	1191.50	1193.00	1194.00	1195.00	1196.00	1197.50	1198.00	1198.50	1199.50	1200.50	1201.00	1202.00	1203.00	1203.50	1204.00	1204.50	1205.00	1206.00	1206.00	1207.00	1208.00	1208.50	1209.00	1209.50	1210.50	1211.50	1213.00	1214.00	1215.50	1217.00	1220.00	1221.50	1223.00	1225.00	1227.50	1230.00	1232.50	1234.00	1236.00	1238.00	1240.50	1242.00	1243.00	1245.50	1246.50	1248.00	1250.00	1251.50	1252.00	1253.00	1254.50	1256.00	1257.50	1258.50	1259.50	1261.00	1262.50	1263.00	1264.00	1265.50	1266.50	1267.50	1268.50	1269.50	1270.00	1271.00	1272.00	1272.00	1273.50	1274.50	1275.00	1276.50	1277.50	1279.00	1280.00	1281.50	1282.50	1284.50	1285.50	1286.50	1288.00	1289.50	1291.00	1293.00	1294.50	1296.00	1298.00	1299.50	1300.50	1302.00	1303.50	1304.50	1305.50	1308.00	1309.50	1310.00	1311.00	1311.50	1313.00	1314.50	1315.50	1316.00	1317.00	1318.50	1320.00	1320.00	1321.50	1322.50	1324.00	1325.50	1326.50	1328.00	1330.00	1331.50	1334.00	1335.50	1336.50	1337.50	1339.00	1340.50	1342.00	1343.00	1344.50	1346.00	1348.50	1350.00	1352.00	1355.00	1357.00	1360.00	1362.00	1364.00	1366.00	1368.00	1370.00	1371.50	1373.00	1374.50	1375.50	1376.00	1377.50	1378.50	1379.00	1380.00	1381.50	1382.00	1383.50	1384.50	1385.50	1387.00	1388.50	1390.00	1391.00	1392.00	1392.50	1394.00	1395.50	1396.50	1397.00	1398.00	1399.50	1400.00	1401.50	1402.50	1403.50	1405.00	1406.50	1408.00	1409.00	1411.50	1412.50	1414.50	1416.50	1418.00	1420.00	1421.00	1423.50	1425.00	1427.50	1428.50	1431.00	1432.00	1433.50	1435.00	1436.50	1437.50	1438.50	1440.50	1441.00	1442.00	1443.00	1444.50	1445.00	1446.50	1447.50	1448.50	1450.00	1451.50	1453.00	1454.00	1455.50	1456.50	1458.00	1459.50	1460.50	1462.00	1463.00	1464.50	1466.00	1467.50	1468.50	1470.00	1472.00	1473.50	1475.00	1476.00	1478.00	1479.00	1480.00	1481.50	1482.50	1484.00	1485.00	1485.50	1486.00	1487.50	1488.00	1488.50	1490.00	1490.50	1492.00	1493.00	1494.50	1495.00	1496.50	1497.50	1498.50	1499.00	1500.00	1500.50	1501.00	1501.50	1502.00	1503.00
1174.00	1175.50	1176.50	1177.50	1180.00	1181.50	1184.00	1185.00	1186.50	1187.50	1189.00	1190.50	1191.50	1193.00	1194.00	1195.00	1196.00	1197.50	1198.00	1198.50	1199.50	1200.50	1201.00	1202.00	1203.00	1203.50	1204.00	1204.50	1205.00	1206.00	1206.00	1207.00	1208.00	1208.50	1209.00	1209.50	1210.50	1211.50	1213.00	1214.00	1215.50	1217.00	1220.00	1221.50	1223.00	1225.00	1227.50	1230.00	1232.50	1234.00	1236.00	1238.00	1240.50	1242.00	1243.00	1245.50	1246.50	1248.00	1250.00	1251.50	1252.00	1253.00	1254.50	1256.00	1257.50	1258.50	1259.50	1261.00	1262.50	1263.00	1264.00	1265.50	1266.50	1267.50	1268.50	1269.50	1270.00	1271.00	1272.00	1272.00	1273.50	1274.50	1275.00	1276.50	1277.50	1279.00	1280.00	1281.50	1282.50	1284.50	1285.50	1286.50	1288.00	1289.50	1291.00	1293.00	1294.50	1296.00	1298.00	1299.50	1300.50	1302.00	1303.50	1304.50	1305.50	1308.00	1309.50	1310.00	1311.00	1311.50	1313.00	1314.50	1315.50	1316.00	1317.00	1318.50	1320.00	1320.00	1321.50	1322.50	1324.00	1325.50	1326.50	1328.00	1330.00	1331.50	1334.00	1335.50	1336.50	1337.50	1339.00	1340.50	1342.00	1343.00	1344.50	1346.00	1348.50	1350.00	1352.00	1355.00	1357.00	1360.00	1362.00	1364.00	1366.00	1368.00	1370.00	1371.50	1373.00	1374.50	1375.50	1376.00	1377.50	1378.50	1379.00	1380.00	1381.50	1382.00	1383.50	1384.50	1385.50	1387.00	1388.50	1390.00	1391.00	1392.00	1392.50	1394.00	1395.50	1396.50	1397.00	1398.00	1399.50	1400.00	1401.50	1402.50	1403.50	1405.00	1406.50	1408.00	1409.00	1411.50	1412.50	1414.50	1416.50	1418.00	1420.00	1421.00	1423.50	1425.00	1427.50	1428.50	1431.00	1432.00	1433.50	1435.00	1436.50	1437.50	1438.50	1440.50	1441.00	1442.00	1443.00	1444.50	1445.00	1446.50	1447.50	1448.50	1450.00	1451.50	1453.00	1454.00	1455.50	1456.50	1458.00	1459.50	1460.50	1462.00	1463.00	1464.50	1466.00	1467.50	1468.50	1470.00	1472.00	1473.50	1475.00	1476.00	1478.00	1479.00	1480.00	1481.50	1482.50	1484.00	1485.00	1485.50	1486.00	1487.50	1488.00	1488.50	1490.00	1490.50	1492.00	1493.00	1494.50	1495.00	1496.50	1497.50	1498.50	1499.00	1500.00	1500.50	1501.00	1501.50	1502.00	1503.00
1178.00	1180.00	1181.00	1182.00	1184.50	1186.00	1188.00	1189.00	1190.75	1192.00	1193.50	1195.00	1195.75	1197.00	1198.00	1198.75	1200.00	1201.00	1201.75	1202.25	1203.00	1203.75	1204.00	1205.00	1205.75	1206.25	1207.00	1207.50	1208.00	1208.50	1209.00	1210.00	1210.50	1211.50	1212.00	1212.50	1214.00	1215.00	1216.50	1217.50	1219.50	1221.00	1224.00	1225.50	1227.00	1229.00	1231.50	1234.00	1236.25	1238.00	1239.75	1242.00	1244.25	1246.00	1247.00	1249.00	1250.00	1251.50	1253.25	1254.50	1255.50	1256.50	1257.50	1259.00	1260.50	1261.50	1262.50	1264.00	1265.50	1266.00	1267.00	1268.50	1269.50	1270.50	1271.50	1272.50	1273.00	1274.00	1275.50	1276.00	1277.25	1278.00	1278.75	1280.50	1281.50	1283.00	1284.00	1286.00	1287.00	1289.00	1290.00	1291.25	1293.00	1294.50	1296.00	1297.50	1299.00	1300.25	1302.00	1303.50	1304.75	1306.00	1307.50	1308.50	1309.50	1311.50	1312.50	1313.50	1314.00	1315.00	1316.50	1317.50	1318.50	1319.25	1320.50	1322.00	1323.00	1323.50	1325.00	1326.00	1327.75	1329.50	1330.50	1332.00	1334.00	1335.50	1337.50	1339.25	1340.50	1341.50	1343.50	1345.00	1346.50	1347.50	1349.00	1350.25	1352.75	1354.50	1356.25	1359.00	1361.50	1364.50	1366.50	1368.50	1370.25	1372.00	1374.25	1375.50	1377.00	1378.00	1378.75	1379.25	1380.75	1381.50	1382.50	1383.00	1384.50	1385.50	1386.75	1387.50	1388.50	1389.50	1391.00	1392.50	1393.50	1394.25	1395.00	1396.50	1398.00	1399.00	1400.00	1400.50	1402.00	1403.00	1404.00	1405.00	1406.00	1407.50	1409.25	1411.00	1412.00	1414.25	1415.50	1417.50	1419.75	1421.25	1423.50	1424.50	1427.00	1429.00	1431.00	1432.25	1434.50	1436.00	1437.50	1439.00	1440.50	1441.50	1442.50	1444.50	1445.25	1446.50	1447.00	1448.50	1449.50	1451.00	1452.00	1453.00	1454.50	1456.00	1457.50	1458.50	1459.75	1460.50	1462.25	1464.00	1465.00	1466.50	1468.00	1469.50	1471.00	1472.50	1473.75	1475.25	1477.00	1478.75	1480.50	1481.50	1483.75	1484.75	1485.75	1487.00	1488.00	1489.50	1490.00	1491.00	1491.50	1493.00	1493.50	1494.00	1495.00	1495.75	1496.50	1497.50	1498.75	1499.25	1500.50	1501.25	1502.00	1503.00	1503.75	1504.25	1505.00	1505.25	1505.50	1506.00
1182.00	1184.50	1185.50	1186.50	1189.00	1190.50	1192.00	1193.00	1195.00	1196.50	1198.00	1199.50	1200.00	1201.00	1202.00	1202.50	1204.00	1204.50	1205.50	1206.00	1206.50	1207.00	1207.00	1208.00	1208.50	1209.00	1210.00	1210.50	1211.00	1211.00	1212.00	1213.00	1213.00	1214.50	1215.00	1215.50	1217.50	1218.50	1220.00	1221.00	1223.50	1225.00	1228.00	1229.50	1231.00	1233.00	1235.50	1238.00	1240.00	1242.00	1243.50	1246.00	1248.00	1250.00	1251.00	1252.50	1253.50	1255.00	1256.50	1257.50	1259.00	1260.00	1260.50	1262.00	1263.50	1264.50	1265.50	1267.00	1268.50	1269.00	1270.00	1271.50	1272.50	1273.50	1274.50	1275.50	1276.00	1277.00	1279.00	1280.00	1281.00	1281.50	1282.50	1284.50	1285.50	1287.00	1288.00	1290.50	1291.50	1293.50	1294.50	1296.00	1298.00	1299.50	1301.00	1302.00	1303.50	1304.50	1306.00	1307.50	1309.00	1310.00	1311.50	1312.50	1313.50	1315.00	1315.50	1317.00	1317.00	1318.50	1320.00	1320.50	1321.50	1322.50	1324.00	1325.50	1326.00	1327.00	1328.50	1329.50	1331.50	1333.50	1334.50	1336.00	1338.00	1339.50	1341.00	1343.00	1344.50	1345.50	1348.00	1349.50	1351.00	1352.00	1353.50	1354.50	1357.00	1359.00	1360.50	1363.00	1366.00	1369.00	1371.00	1373.00	1374.50	1376.00	1378.50	1379.50	1381.00	1381.50	1382.00	1382.50	1384.00	1384.50	1386.00	1386.00	1387.50	1389.00	1390.00	1390.50	1391.50	1392.00	1393.50	1395.00	1396.00	1396.50	1397.50	1399.00	1400.50	1401.50	1403.00	1403.00	1404.50	1406.00	1406.50	1407.50	1408.50	1410.00	1412.00	1414.00	1415.00	1417.00	1418.50	1420.50	1423.00	1424.50	1427.00	1428.00	1430.50	1433.00	1434.50	1436.00	1438.00	1440.00	1441.50	1443.00	1444.50	1445.50	1446.50	1448.50	1449.50	1451.00	1451.00	1452.50	1454.00	1455.50	1456.50	1457.50	1459.00	1460.50	1462.00	1463.00	1464.00	1464.50	1466.50	1468.50	1469.50	1471.00	1473.00	1474.50	1476.00	1477.50	1479.00	1480.50	1482.00	1484.00	1486.00	1487.00	1489.50	1490.50	1491.50	1492.50	1493.50	1495.00	1495.00	1496.50	1497.00	1498.50	1499.00	1499.50	1500.00	1501.00	1501.00	1502.00	1503.00	1503.50	1504.50	1505.00	1505.50	1507.00	1507.50	1508.00	1509.00	1509.00	1509.00	1509.00
1182.00	1184.50	1185.50	1186.50	1189.00	1190.50	1192.00	1193.00	1195.00	1196.50	1198.00	1199.50	1200.00	1201.00	1202.00	1202.50	1204.00	1204.50	1205.50	1206.00	1206.50	1207.00	1207.00	1208.00	1208.50	1209.00	1210.00	1210.50	1211.00	1211.00	1212.00	1213.00	1213.00	1214.50	1215.00	1215.50	1217.50	1218.50	1220.00	1221.00	1223.50	1225.00	1228.00	1229.50	1231.00	1233.00	1235.50	1238.00	1240.00	1242.00	1243.50	1246.00	1248.00	1250.00	1251.00	1252.50	1253.50	1255.00	1256.50	1257.50	1259.00	1260.00	1260.50	1262.00	1263.50	1264.50	1265.50	1267.00	1268.50	1269.00	1270.00	1271.50	1272.50	1273.50	1274.50	1275.50	1276.00	1277.00	1279.00	1280.00	1281.00	1281.50	1282.50	1284.50	1285.50	1287.00	1288.00	1290.50	1291.50	1293.50	1294.50	1296.00	1298.00	1299.50	1301.00	1302.00	1303.50	1304.50	1306.00	1307.50	1309.00	1310.00	1311.50	1312.50	1313.50	1315.00	1315.50	1317.00	1317.00	1318.50	1320.00	1320.50	1321.50	1322.50	1324.00	1325.50	1326.00	1327.00	1328.50	1329.50	1331.50	1333.50	1334.50	1336.00	1338.00	1339.50	1341.00	1343.00	1344.50	1345.50	1348.00	1349.50	1351.00	1352.00	1353.50	1354.50	1357.00	1359.00	1360.50	1363.00	1366.00	1369.00	1371.00	1373.00	1374.50	1376.00	1378.50	1379.50	1381.00	1381.50	1382.00	1382.50	1384.00	1384.50	1386.00	1386.00	1387.50	1389.00	1390.00	1390.50	1391.50	1392.00	1393.50	1395.00	1396.00	1396.50	1397.50	1399.00	1400.50	1401.50	1403.00	1403.00	1404.50	1406.00	1406.50	1407.50	1408.50	1410.00	1412.00	1414.00	1415.00	1417.00	1418.50	1420.50	1423.00	1424.50	1427.00	1428.00	1430.50	1433.00	1434.50	1436.00	1438.00	1440.00	1441.50	1443.00	1444.50	1445.50	1446.50	1448.50	1449.50	1451.00	1451.00	1452.50	1454.00	1455.50	1456.50	1457.50	1459.00	1460.50	1462.00	1463.00	1464.00	1464.50	1466.50	1468.50	1469.50	1471.00	1473.00	1474.50	1476.00	1477.50	1479.00	1480.50	1482.00	1484.00	1486.00	1487.00	1489.50	1490.50	1491.50	1492.50	1493.50	1495.00	1495.00	1496.50	1497.00	1498.50	1499.00	1499.50	1500.00	1501.00	1501.00	1502.00	1503.00	1503.50	1504.50	1505.00	1505.50	1507.00	1507.50	1508.00	1509.00	1509.00	1509.00	1509.00
1182.00	1184.50	1185.50	1186.50	1189.00	1190.50	1192.00	1193.00	1195.00	1196.50	1198.00	1199.50	1200.00	1201.00	1202.00	1202.50	1204.00	1204.50	1205.50	1206.00	1206.50	1207.00	1207.00	1208.00	1208.50	1209.00	1210.00	1210.50	1211.00	1211.00	1212.00	1213.00	1213.00	1214.50	1215.00	1215.50	1217.50	1218.50	1220.00	1221.00	1223.50	1225.00	1228.00	1229.50	1231.00	1233.00	1235.50	1238.00	1240.00	1242.00	1243.50	1246.00	1248.00	1250.00	1251.00	1252.50	1253.50	1255.00	1256.50	1257.50	1259.00	1260.00	1260.50	1262.00	1263.50	1264.50	1265.50	1267.00	1268.50	1269.00	1270.00	1271.50	1272.50	1273.50	1274.50	1275.50	1276.00	1277.00	1279.00	1280.00	1281.00	1281.50	1282.50	1284.50	1285.50	1287.00	1288.00	1290.50	1291.50	1293.50	1294.50	1296.00	1298.00	1299.50	1301.00	1302.00	1303.50	1304.50	1306.00	1307.50	1309.00	1310.00	1311.50	1312.50	1313.50	1315.00	1315.50	1317.00	1317.00	1318.50	1320.00	1320.50	1321.50	1322.50	1324.00	1325.50	1326.00	1327.00	1328.50	1329.50	1331.50	1333.50	1334.50	1336.00	1338.00	1339.50	1341.00	1343.00	1344.50	1345.50	1348.00	1349.50	1351.00	1352.00	1353.50	1354.50	1357.00	1359.00	1360.50	1363.00	1366.00	1369.00	1371.00	1373.00	1374.50	1376.00	1378.50	1379.50	1381.00	1381.50	1382.00	1382.50	1384.00	1384.50	1386.00	1386.00	1387.50	1389.00	1390.00	1390.50	1391.50	1392.00	1393.50	1395.00	1396.00	1396.50	1397.50	1399.00	1400.50	1401.50	1403.00	1403.00	1404.50	1406.00	1406.50	1407.50	1408.50	1410.00	1412.00	1414.00	1415.00	1417.00	1418.50	1420.50	1423.00	1424.50	1427.00	1428.00	1430.50	1433.00	1434.50	1436.00	1438.00	1440.00	1441.50	1443.00	1444.50	1445.50	1446.50	1448.50	1449.50	1451.00	1451.00	1452.50	1454.00	1455.50	1456.50	1457.50	1459.00	1460.50	1462.00	1463.00	1464.00	1464.50	1466.50	1468.50	1469.50	1471.00	1473.00	1474.50	1476.00	1477.50	1479.00	1480.50	1482.00	1484.00	1486.00	1487.00	1489.50	1490.50	1491.50	1492.50	1493.50	1495.00	1495.00	1496.50	1497.00	1498.50	1499.00	1499.50	1500.00	1501.00	1501.00	1502.00	1503.00	1503.50	1504.50	1505.00	1505.50	1507.00	1507.50	1508.00	1509.00	1509.00	1509.00	1509.00
1190.00	1192.00	1193.50	1194.50	1196.00	1198.50	1200.00	1202.00	1203.50	1204.50	1206.00	1207.00	1207.50	1209.00	1209.00	1209.50	1210.00	1211.00	1211.00	1211.50	1212.00	1212.50	1213.00	1213.00	1213.50	1214.00	1214.00	1214.50	1215.00	1215.00	1216.00	1217.00	1218.00	1218.50	1219.50	1220.50	1223.50	1224.50	1226.00	1228.00	1230.00	1231.50	1235.00	1236.50	1238.00	1240.00	1242.50	1245.00	1247.50	1248.50	1250.00	1252.00	1253.50	1255.00	1256.00	1258.00	1259.50	1261.00	1262.50	1263.50	1265.00	1266.00	1267.50	1268.00	1269.50	1270.50	1271.50	1273.00	1274.50	1276.00	1276.00	1277.50	1278.00	1279.00	1280.50	1281.50	1283.00	1285.00	1287.00	1288.00	1289.50	1290.50	1291.50	1294.50	1295.50	1298.00	1299.00	1300.50	1301.50	1304.00	1305.50	1306.50	1308.00	1308.50	1310.00	1311.00	1312.50	1313.50	1315.00	1316.00	1316.50	1318.00	1319.50	1320.50	1321.00	1322.50	1323.00	1324.00	1325.00	1326.00	1327.00	1328.50	1329.50	1330.50	1332.00	1333.50	1335.00	1335.00	1336.50	1338.00	1340.00	1341.50	1343.00	1345.00	1346.00	1347.50	1349.00	1351.00	1352.50	1353.50	1356.00	1358.00	1360.00	1361.00	1363.50	1364.50	1367.50	1369.00	1371.00	1373.00	1375.50	1378.00	1380.00	1381.50	1382.50	1385.00	1386.50	1387.00	1387.00	1388.00	1388.50	1389.00	1390.00	1390.50	1391.00	1392.00	1393.50	1395.00	1395.50	1396.50	1397.50	1398.00	1399.50	1401.00	1402.00	1403.50	1404.50	1405.50	1406.50	1407.50	1409.00	1410.00	1411.00	1412.00	1413.50	1414.00	1414.50	1416.00	1418.50	1421.00	1422.00	1424.50	1426.00	1428.50	1430.50	1432.00	1434.00	1435.00	1437.50	1439.00	1441.50	1443.00	1445.00	1446.00	1448.50	1450.00	1452.50	1453.00	1453.50	1455.50	1456.50	1458.00	1459.00	1459.50	1461.00	1462.50	1463.50	1464.50	1466.00	1467.50	1469.00	1470.00	1472.50	1473.50	1475.50	1477.50	1478.50	1480.00	1481.00	1482.50	1485.00	1486.50	1487.50	1489.00	1491.00	1492.50	1495.00	1496.00	1497.50	1499.00	1501.00	1502.00	1502.50	1504.00	1505.00	1506.50	1507.00	1508.00	1508.50	1509.00	1509.00	1510.00	1510.00	1511.00	1511.00	1511.50	1512.50	1513.00	1513.50	1514.00	1515.00	1515.00	1516.00	1516.00	1516.50	1517.00
1190.00	1192.00	1193.50	1194.50	1196.00	1198.50	1200.00	1202.00	1203.50	1204.50	1206.00	1207.00	1207.50	1209.00	1209.00	1209.50	1210.00	1211.00	1211.00	1211.50	1212.00	1212.50	1213.00	1213.00	1213.50	1214.00	1214.00	1214.50	1215.00	1215.00	1216.00	1217.00	1218.00	1218.50	1219.50	1220.50	1223.50	1224.50	1226.00	1228.00	1230.00	1231.50	1235.00	1236.50	1238.00	1240.00	1242.50	1245.00	1247.50	1248.50	1250.00	1252.00	1253.50	1255.00	1256.00	1258.00	1259.50	1261.00	1262.50	1263.50	1265.00	1266.00	1267.50	1268.00	1269.50	1270.50	1271.50	1273.00	1274.50	1276.00	1276.00	1277.50	1278.00	1279.00	1280.50	1281.50	1283.00	1285.00	1287.00	1288.00	1289.50	1290.50	1291.50	1294.50	1295.50	1298.00	1299.00	1300.50	1301.50	1304.00	1305.50	1306.50	1308.00	1308.50	1310.00	1311.00	1312.50	1313.50	1315.00	1316.00	1316.50	1318.00	1319.50	1320.50	1321.00	1322.50	1323.00	1324.00	1325.00	1326.00	1327.00	1328.50	1329.50	1330.50	1332.00	1333.50	1335.00	1335.00	1336.50	1338.00	1340.00	1341.50	1343.00	1345.00	1346.00	1347.50	1349.00	1351.00	1352.50	1353.50	1356.00	1358.00	1360.00	1361.00	1363.50	1364.50	1367.50	1369.00	1371.00	1373.00	1375.50	1378.00	1380.00	1381.50	1382.50	1385.00	1386.50	1387.00	1387.00	1388.00	1388.50	1389.00	1390.00	1390.50	1391.00	1392.00	1393.50	1395.00	1395.50	1396.50	1397.50	1398.00	1399.50	1401.00	1402.00	1403.50	1404.50	1405.50	1406.50	1407.50	1409.00	1410.00	1411.00	1412.00	1413.50	1414.00	1414.50	1416.00	1418.50	1421.00	1422.00	1424.50	1426.00	1428.50	1430.50	1432.00	1434.00	1435.00	1437.50	1439.00	1441.50	1443.00	1445.00	1446.00	1448.50	1450.00	1452.50	1453.00	1453.50	1455.50	1456.50	1458.00	1459.00	1459.50	1461.00	1462.50	1463.50	1464.50	1466.00	1467.50	1469.00	1470.00	1472.50	1473.50	1475.50	1477.50	1478.50	1480.00	1481.00	1482.50	1485.00	1486.50	1487.50	1489.00	1491.00	1492.50	1495.00	1496.00	1497.50	1499.00	1501.00	1502.00	1502.50	1504.00	1505.00	1506.50	1507.00	1508.00	1508.50	1509.00	1509.00	1510.00	1510.00	1511.00	1511.00	1511.50	1512.50	1513.00	1513.50	1514.00	1515.00	1515.00	1516.00	1516.00	1516.50	1517.00
1190.00	1192.00	1193.50	1194.50	1196.00	1198.50	1200.00	1202.00	1203.50	1204.50	1206.00	1207.00	1207.50	1209.00	1209.00	1209.50	1210.00	1211.00	1211.00	1211.50	1212.00	1212.50	1213.00	1213.00	1213.50	1214.00	1214.00	1214.50	1215.00	1215.00	1216.00	1217.00	1218.00	1218.50	1219.50	1220.50	1223.50	1224.50	1226.00	1228.00	1230.00	1231.50	1235.00	1236.50	1238.00	1240.00	1242.50	1245.00	1247.50	1248.50	1250.00	1252.00	1253.50	1255.00	1256.00	1258.00	1259.50	1261.00	1262.50	1263.50	1265.00	1266.00	1267.50	1268.00	1269.50	1270.50	1271.50	1273.00	1274.50	1276.00	1276.00	1277.50	1278.00	1279.00	1280.50	1281.50	1283.00	1285.00	1287.00	1288.00	1289.50	1290.50	1291.50	1294.50	1295.50	1298.00	1299.00	1300.50	1301.50	1304.00	1305.50	1306.50	1308.00	1308.50	1310.00	1311.00	1312.50	1313.50	1315.00	1316.00	1316.50	1318.00	1319.50	1320.50	1321.00	1322.50	1323.00	1324.00	1325.00	1326.00	1327.00	1328.50	1329.50	1330.50	1332.00	1333.50	1335.00	1335.00	1336.50	1338.00	1340.00	1341.50	1343.00	1345.00	1346.00	1347.50	1349.00	1351.00	1352.50	1353.50	1356.00	1358.00	1360.00	1361.00	1363.50	1364.50	1367.50	1369.00	1371.00	1373.00	1375.50	1378.00	1380.00	1381.50	1382.50	1385.00	1386.50	1387.00	1387.00	1388.00	1388.50	1389.00	1390.00	1390.50	1391.00	1392.00	1393.50	1395.00	1395.50	1396.50	1397.50	1398.00	1399.50	1401.00	1402.00	1403.50	1404.50	1405.50	1406.50	1407.50	1409.00	1410.00	1411.00	1412.00	1413.50	1414.00	1414.50	1416.00	1418.50	1421.00	1422.00	1424.50	1426.00	1428.50	1430.50	1432.00	1434.00	1435.00	1437.50	1439.00	1441.50	1443.00	1445.00	1446.00	1448.50	1450.00	1452.50	1453.00	1453.50	1455.50	1456.50	1458.00	1459.00	1459.50	1461.00	1462.50	1463.50	1464.50	1466.00	1467.50	1469.00	1470.00	1472.50	1473.50	1475.50	1477.50	1478.50	1480.00	1481.00	1482.50	1485.00	1486.50	1487.50	1489.00	1491.00	1492.50	1495.00	1496.00	1497.50	1499.00	1501.00	1502.00	1502.50	1504.00	1505.00	1506.50	1507.00	1508.00	1508.50	1509.00	1509.00	1510.00	1510.00	1511.00	1511.00	1511.50	1512.50	1513.00	1513.50	1514.00	1515.00	1515.00	1516.00	1516.00	1516.50	1517.00
1196.00	1198.50	1200.00	1201.50	1204.00	1205.50	1208.00	1209.00	1211.00	1211.50	1213.00	1214.50	1215.00	1216.00	1216.00	1216.50	1217.00	1217.00	1217.00	1217.50	1217.50	1217.00	1217.00	1217.00	1217.00	1217.00	1218.00	1218.00	1218.50	1219.00	1220.00	1221.00	1221.00	1223.00	1224.50	1225.50	1228.00	1230.00	1232.00	1234.00	1236.00	1237.50	1240.50	1242.00	1243.50	1246.00	1248.00	1250.00	1252.00	1253.50	1254.50	1256.00	1257.50	1259.00	1260.00	1261.50	1263.00	1265.00	1266.50	1268.00	1270.00	1271.00	1272.50	1274.00	1275.50	1276.50	1277.00	1278.00	1279.50	1281.00	1282.00	1282.50	1283.50	1285.00	1286.50	1288.00	1290.00	1291.00	1293.00	1295.00	1297.00	1298.50	1299.50	1303.00	1305.00	1307.00	1309.00	1310.50	1311.50	1314.00	1315.50	1316.00	1317.00	1318.50	1320.00	1320.00	1321.00	1321.50	1323.00	1323.50	1324.50	1326.00	1327.00	1327.50	1328.00	1329.50	1330.50	1332.00	1332.00	1333.50	1335.00	1336.50	1337.50	1338.50	1340.00	1341.50	1343.00	1344.00	1345.50	1346.50	1348.00	1350.00	1351.50	1353.00	1354.00	1356.50	1358.00	1360.00	1361.50	1362.50	1364.00	1366.50	1369.00	1370.00	1372.50	1374.00	1377.00	1378.50	1380.00	1382.00	1385.00	1387.00	1388.00	1389.50	1390.50	1392.00	1392.50	1393.00	1394.00	1394.50	1395.00	1395.00	1396.00	1396.50	1398.00	1398.00	1399.50	1401.00	1402.50	1403.50	1404.50	1406.00	1407.50	1408.00	1409.00	1410.50	1411.50	1413.00	1414.00	1414.50	1416.00	1416.00	1417.50	1419.00	1420.00	1420.50	1421.50	1424.00	1425.50	1428.00	1429.00	1432.00	1433.50	1436.00	1438.50	1439.50	1442.00	1443.00	1445.00	1447.00	1449.50	1451.00	1453.00	1454.00	1455.50	1457.00	1458.50	1459.50	1460.00	1461.50	1462.50	1464.00	1465.00	1466.50	1468.00	1469.50	1470.50	1471.50	1473.00	1474.50	1477.00	1478.00	1480.50	1481.50	1483.50	1485.50	1486.50	1488.00	1489.00	1491.00	1493.00	1494.50	1496.00	1497.50	1499.00	1501.00	1503.00	1504.00	1505.50	1507.00	1508.50	1509.50	1510.50	1512.00	1513.00	1514.00	1515.00	1515.50	1516.00	1516.00	1517.00	1517.00	1518.00	1518.00	1519.00	1519.00	1520.00	1520.50	1521.00	1522.00	1522.00	1522.50	1523.00	1523.50	1524.00	1524.00
1196.00	1198.50	1200.00	1201.50	1204.00	1205.50	1208.00	1209.00	1211.00	1211.50	1213.00	1214.50	1215.00	1216.00	1216.00	1216.50	1217.00	1217.00	1217.00	1217.50	1217.50	1217.00	1217.00	1217.00	1217.00	1217.00	1218.00	1218.00	1218.50	1219.00	1220.00	1221.00	1221.00	1223.00	1224.50	1225.50	1228.00	1230.00	1232.00	1234.00	1236.00	1237.50	1240.50	1242.00	1243.50	1246.00	1248.00	1250.00	1252.00	1253.50	1254.50	1256.00	1257.50	1259.00	1260.00	1261.50	1263.00	1265.00	1266.50	1268.00	1270.00	1271.00	1272.50	1274.00	1275.50	1276.50	1277.00	1278.00	1279.50	1281.00	1282.00	1282.50	1283.50	1285.00	1286.50	1288.00	1290.00	1291.00	1293.00	1295.00	1297.00	1298.50	1299.50	1303.00	1305.00	1307.00	1309.00	1310.50	1311.50	1314.00	1315.50	1316.00	1317.00	1318.50	1320.00	1320.00	1321.00	1321.50	1323.00	1323.50	1324.50	1326.00	1327.00	1327.50	1328.00	1329.50	1330.50	1332.00	1332.00	1333.50	1335.00	1336.50	1337.50	1338.50	1340.00	1341.50	1343.00	1344.00	1345.50	1346.50	1348.00	1350.00	1351.50	1353.00	1354.00	1356.50	1358.00	1360.00	1361.50	1362.50	1364.00	1366.50	1369.00	1370.00	1372.50	1374.00	1377.00	1378.50	1380.00	1382.00	1385.00	1387.00	1388.00	1389.50	1390.50	1392.00	1392.50	1393.00	1394.00	1394.50	1395.00	1395.00	1396.00	1396.50	1398.00	1398.00	1399.50	1401.00	1402.50	1403.50	1404.50	1406.00	1407.50	1408.00	1409.00	1410.50	1411.50	1413.00	1414.00	1414.50	1416.00	1416.00	1417.50	1419.00	1420.00	1420.50	1421.50	1424.00	1425.50	1428.00	1429.00	1432.00	1433.50	1436.00	1438.50	1439.50	1442.00	1443.00	1445.00	1447.00	1449.50	1451.00	1453.00	1454.00	1455.50	1457.00	1458.50	1459.50	1460.00	1461.50	1462.50	1464.00	1465.00	1466.50	1468.00	1469.50	1470.50	1471.50	1473.00	1474.50	1477.00	1478.00	1480.50	1481.50	1483.50	1485.50	1486.50	1488.00	1489.00	1491.00	1493.00	1494.50	1496.00	1497.50	1499.00	1501.00	1503.00	1504.00	1505.50	1507.00	1508.50	1509.50	1510.50	1512.00	1513.00	1514.00	1515.00	1515.50	1516.00	1516.00	1517.00	1517.00	1518.00	1518.00	1519.00	1519.00	1520.00	1520.50	1521.00	1522.00	1522.00	1522.50	1523.00	1523.50	1524.00	1524.00
1196.00	1198.50	1200.00	1201.50	1204.00	1205.50	1208.00	1209.00	1211.00	1211.50	1213.00	1214.50	1215.00	1216.00	1216.00	1216.50	1217.00	1217.00	1217.00	1217.50	1217.50	1217.00	1217.00	1217.00	1217.00	1217.00	1218.00	1218.00	1218.50	1219.00	1220.00	1221.00	1221.00	1223.00	1224.50	1225.50	1228.00	1230.00	1232.00	1234.00	1236.00	1237.50	1240.50	1242.00	1243.50	1246.00	1248.00	1250.00	1252.00	1253.50	1254.50	1256.00	1257.50	1259.00	1260.00	1261.50	1263.00	1265.00	1266.50	1268.00	1270.00	1271.00	1272.50	1274.00	1275.50	1276.50	1277.00	1278.00	1279.50	1281.00	1282.00	1282.50	1283.50	1285.00	1286.50	1288.00	1290.00	1291.00	1293.00	1295.00	1297.00	1298.50	1299.50	1303.00	1305.00	1307.00	1309.00	1310.50	1311.50	1314.00	1315.50	1316.00	1317.00	1318.50	1320.00	1320.00	1321.00	1321.50	1323.00	1323.50	1324.50	1326.00	1327.00	1327.50	1328.00	1329.50	1330.50	1332.00	1332.00	1333.50	1335.00	1336.50	1337.50	1338.50	1340.00	1341.50	1343.00	1344.00	1345.50	1346.50	1348.00	1350.00	1351.50	1353.00	1354.00	1356.50	1358.00	1360.00	1361.50	1362.50	1364.00	1366.50	1369.00	1370.00	1372.50	1374.00	1377.00	1378.50	1380.00	1382.00	1385.00	1387.00	1388.00	1389.50	1390.50	1392.00	1392.50	1393.00	1394.00	1394.50	1395.00	1395.00	1396.00	1396.50	1398.00	1398.00	1399.50	1401.00	1402.50	1403.50	1404.50	1406.00	1407.50	1408.00	1409.00	1410.50	1411.50	1413.00	1414.00	1414.50	1416.00	1416.00	1417.50	1419.00	1420.00	1420.50	1421.50	1424.00	1425.50	1428.00	1429.00	1432.00	1433.50	1436.00	1438.50	1439.50	1442.00	1443.00	1445.00	1447.00	1449.50	1451.00	1453.00	1454.00	1455.50	1457.00	1458.50	1459.50	1460.00	1461.50	1462.50	1464.00	1465.00	1466.50	1468.00	1469.50	1470.50	1471.50	1473.00	1474.50	1477.00	1478.00	1480.50	1481.50	1483.50	1485.50	1486.50	1488.00	1489.00	1491.00	1493.00	1494.50	1496.00	1497.50	1499.00	1501.00	1503.00	1504.00	1505.50	1507.00	1508.50	1509.50	1510.50	1512.00	1513.00	1514.00	1515.00	1515.50	1516.00	1516.00	1517.00	1517.00	1518.00	1518.00	1519.00	1519.00	1520.00	1520.50	1521.00	1522.00	1522.00	1522.50	1523.00	1523.50	1524.00	1524.00
1198.50	1201.25	1202.75	1204.25	1207.00	1209.00	1211.50	1212.50	1214.25	1215.00	1216.25	1217.50	1218.25	1219.00	1219.50	1219.75	1220.00	1220.00	1220.00	1220.25	1219.75	1219.50	1219.00	1219.50	1219.50	1219.50	1220.25	1220.75	1221.25	1222.00	1223.00	1224.50	1225.00	1226.75	1228.00	1229.00	1231.75	1233.25	1235.00	1236.50	1238.25	1239.75	1242.50	1243.75	1245.25	1247.50	1249.25	1251.50	1253.25	1254.50	1255.50	1257.00	1259.00	1260.50	1261.50	1263.50	1264.75	1266.75	1268.50	1270.00	1272.00	1273.50	1275.00	1277.00	1278.25	1279.00	1279.75	1281.00	1282.00	1283.50	1284.00	1285.00	1285.75	1287.00	1288.50	1289.75	1292.00	1293.00	1295.50	1297.50	1300.00	1301.75	1303.25	1306.50	1308.50	1310.50	1312.50	1314.50	1315.75	1318.50	1320.00	1320.50	1321.50	1322.75	1324.00	1324.50	1325.25	1325.75	1327.00	1327.50	1328.50	1329.50	1330.50	1331.00	1331.75	1333.50	1334.50	1336.00	1336.50	1338.00	1339.00	1340.50	1341.50	1342.50	1344.00	1345.50	1347.00	1348.00	1349.50	1350.50	1352.25	1354.25	1355.50	1357.50	1358.50	1360.50	1362.50	1364.25	1365.50	1366.50	1368.50	1370.50	1373.00	1374.00	1376.50	1377.75	1381.00	1382.75	1384.25	1386.50	1388.75	1390.50	1391.50	1393.00	1393.75	1395.00	1395.50	1396.00	1397.00	1397.75	1398.25	1398.50	1399.75	1400.25	1401.50	1402.00	1403.50	1404.50	1406.00	1407.00	1408.25	1410.00	1411.50	1412.50	1413.50	1414.50	1415.50	1416.75	1417.75	1418.50	1420.00	1420.50	1421.50	1423.00	1424.25	1425.00	1426.00	1428.00	1429.75	1432.50	1433.50	1436.25	1437.75	1440.25	1442.50	1443.75	1446.00	1447.00	1449.25	1451.00	1453.50	1454.75	1456.50	1457.50	1459.00	1460.50	1462.00	1463.00	1463.75	1465.50	1466.25	1467.50	1468.50	1470.00	1471.50	1473.00	1474.00	1475.25	1477.00	1478.75	1481.00	1482.00	1484.50	1485.75	1487.75	1489.50	1490.75	1492.50	1493.50	1495.25	1497.00	1498.50	1499.75	1501.00	1503.00	1504.75	1506.50	1507.50	1509.00	1510.25	1511.50	1512.50	1513.50	1515.00	1516.00	1516.75	1518.00	1518.75	1519.25	1519.50	1520.50	1520.75	1521.50	1521.50	1522.25	1522.50	1523.50	1524.00	1524.50	1525.50	1525.75	1526.25	1527.00	1527.50	1528.00	1528.00
1201.00	1204.00	1205.50	1207.00	1210.00	1212.50	1215.00	1216.00	1217.50	1218.50	1219.50	1220.50	1221.50	1222.00	1223.00	1223.00	1223.00	1223.00	1223.00	1223.00	1222.00	1222.00	1221.00	1222.00	1222.00	1222.00	1222.50	1223.50	1224.00	1225.00	1226.00	1228.00	1229.00	1230.50	1231.50	1232.50	1235.50	1236.50	1238.00	1239.00	1240.50	1242.00	1244.50	1245.50	1247.00	1249.00	1250.50	1253.00	1254.50	1255.50	1256.50	1258.00	1260.50	1262.00	1263.00	1265.50	1266.50	1268.50	1270.50	1272.00	1274.00	1276.00	1277.50	1280.00	1281.00	1281.50	1282.50	1284.00	1284.50	1286.00	1286.00	1287.50	1288.00	1289.00	1290.50	1291.50	1294.00	1295.00	1298.00	1300.00	1303.00	1305.00	1307.00	1310.00	1312.00	1314.00	1316.00	1318.50	1320.00	1323.00	1324.50	1325.00	1326.00	1327.00	1328.00	1329.00	1329.50	1330.00	1331.00	1331.50	1332.50	1333.00	1334.00	1334.50	1335.50	1337.50	1338.50	1340.00	1341.00	1342.50	1343.00	1344.50	1345.50	1346.50	1348.00	1349.50	1351.00	1352.00	1353.50	1354.50	1356.50	1358.50	1359.50	1362.00	1363.00	1364.50	1367.00	1368.50	1369.50	1370.50	1373.00	1374.50	1377.00	1378.00	1380.50	1381.50	1385.00	1387.00	1388.50	1391.00	1392.50	1394.00	1395.00	1396.50	1397.00	1398.00	1398.50	1399.00	1400.00	1401.00	1401.50	1402.00	1403.50	1404.00	1405.00	1406.00	1407.50	1408.00	1409.50	1410.50	1412.00	1414.00	1415.50	1417.00	1418.00	1418.50	1419.50	1420.50	1421.50	1422.50	1424.00	1425.00	1425.50	1427.00	1428.50	1429.50	1430.50	1432.00	1434.00	1437.00	1438.00	1440.50	1442.00	1444.50	1446.50	1448.00	1450.00	1451.00	1453.50	1455.00	1457.50	1458.50	1460.00	1461.00	1462.50	1464.00	1465.50	1466.50	1467.50	1469.50	1470.00	1471.00	1472.00	1473.50	1475.00	1476.50	1477.50	1479.00	1481.00	1483.00	1485.00	1486.00	1488.50	1490.00	1492.00	1493.50	1495.00	1497.00	1498.00	1499.50	1501.00	1502.50	1503.50	1504.50	1507.00	1508.50	1510.00	1511.00	1512.50	1513.50	1514.50	1515.50	1516.50	1518.00	1519.00	1519.50	1521.00	1522.00	1522.50	1523.00	1524.00	1524.50	1525.00	1525.00	1525.50	1526.00	1527.00	1527.50	1528.00	1529.00	1529.50	1530.00	1531.00	1531.50	1532.00	1532.00
1201.00	1204.00	1205.50	1207.00	1210.00	1212.50	1215.00	1216.00	1217.50	1218.50	1219.50	1220.50	1221.50	1222.00	1223.00	1223.00	1223.00	1223.00	1223.00	1223.00	1222.00	1222.00	1221.00	1222.00	1222.00	1222.00	1222.50	1223.50	1224.00	1225.00	1226.00	1228.00	1229.00	1230.50	1231.50	1232.50	1235.50	1236.50	1238.00	1239.00	1240.50	1242.00	1244.50	1245.50	1247.00	1249.00	1250.50	1253.00	1254.50	1255.50	1256.50	1258.00	1260.50	1262.00	1263.00	1265.50	1266.50	1268.50	1270.50	1272.00	1274.00	1276.00	1277.50	1280.00	1281.00	1281.50	1282.50	1284.00	1284.50	1286.00	1286.00	1287.50	1288.00	1289.00	1290.50	1291.50	1294.00	1295.00	1298.00	1300.00	1303.00	1305.00	1307.00	1310.00	1312.00	1314.00	1316.00	1318.50	1320.00	1323.00	1324.50	1325.00	1326.00	1327.00	1328.00	1329.00	1329.50	1330.00	1331.00	1331.50	1332.50	1333.00	1334.00	1334.50	1335.50	1337.50	1338.50	1340.00	1341.00	1342.50	1343.00	1344.50	1345.50	1346.50	1348.00	1349.50	1351.00	1352.00	1353.50	1354.50	1356.50	1358.50	1359.50	1362.00	1363.00	1364.50	1367.00	1368.50	1369.50	1370.50	1373.00	1374.50	1377.00	1378.00	1380.50	1381.50	1385.00	1387.00	1388.50	1391.00	1392.50	1394.00	1395.00	1396.50	1397.00	1398.00	1398.50	1399.00	1400.00	1401.00	1401.50	1402.00	1403.50	1404.00	1405.00	1406.00	1407.50	1408.00	1409.50	1410.50	1412.00	1414.00	1415.50	1417.00	1418.00	1418.50	1419.50	1420.50	1421.50	1422.50	1424.00	1425.00	1425.50	1427.00	1428.50	1429.50	1430.50	1432.00	1434.00	1437.00	1438.00	1440.50	1442.00	1444.50	1446.50	1448.00	1450.00	1451.00	1453.50	1455.00	1457.50	1458.50	1460.00	1461.00	1462.50	1464.00	1465.50	1466.50	1467.50	1469.50	1470.00	1471.00	1472.00	1473.50	1475.00	1476.50	1477.50	1479.00	1481.00	1483.00	1485.00	1486.00	1488.50	1490.00	1492.00	1493.50	1495.00	1497.00	1498.00	1499.50	1501.00	1502.50	1503.50	1504.50	1507.00	1508.50	1510.00	1511.00	1512.50	1513.50	1514.50	1515.50	1516.50	1518.00	1519.00	1519.50	1521.00	1522.00	1522.50	1523.00	1524.00	1524.50	1525.00	1525.00	1525.50	1526.00	1527.00	1527.50	1528.00	1529.00	1529.50	1530.00	1531.00	1531.50	1532.00	1532.00
1203.50	1206.50	1208.25	1209.75	1212.50	1215.00	1217.00	1218.50	1220.00	1221.00	1222.25	1223.50	1224.50	1225.00	1225.50	1225.50	1225.50	1225.50	1225.50	1225.50	1225.00	1225.00	1224.50	1225.00	1225.00	1225.25	1226.50	1227.25	1227.75	1229.00	1230.00	1232.00	1233.50	1235.25	1236.50	1237.50	1240.50	1241.25	1242.50	1243.50	1244.75	1245.75	1247.50	1248.25	1249.25	1251.00	1252.25	1254.50	1256.00	1257.25	1258.50	1260.00	1262.00	1264.00	1265.00	1267.00	1268.25	1270.75	1273.25	1274.75	1277.00	1278.50	1280.25	1282.50	1283.75	1284.50	1285.50	1286.50	1287.25	1288.00	1288.50	1289.25	1289.75	1291.00	1292.50	1293.50	1295.50	1296.50	1299.50	1301.50	1304.50	1306.50	1308.50	1312.00	1314.00	1316.50	1318.50	1321.25	1323.00	1326.00	1327.50	1328.25	1329.50	1330.50	1331.50	1332.50	1333.00	1333.50	1334.50	1335.25	1336.00	1336.50	1337.50	1338.00	1339.00	1340.50	1341.50	1343.00	1344.00	1345.50	1346.50	1348.00	1349.25	1350.50	1352.00	1353.75	1355.50	1356.50	1358.00	1359.00	1361.00	1363.00	1364.00	1366.50	1367.50	1369.50	1371.50	1373.00	1374.00	1375.00	1377.00	1379.00	1381.00	1382.50	1384.75	1386.25	1389.50	1391.25	1392.50	1394.50	1396.00	1397.50	1398.50	1399.75	1400.25	1401.50	1402.00	1402.75	1403.50	1404.50	1405.00	1405.50	1407.00	1407.75	1409.00	1410.00	1411.50	1412.50	1414.00	1415.00	1416.25	1418.00	1419.50	1421.00	1422.00	1423.00	1424.00	1425.25	1426.50	1427.25	1428.50	1429.50	1430.00	1431.50	1433.00	1434.00	1435.00	1437.00	1439.00	1441.50	1443.00	1445.25	1446.75	1449.00	1451.00	1452.25	1454.00	1455.50	1457.50	1459.00	1461.00	1462.00	1463.50	1464.50	1466.00	1467.50	1469.00	1470.00	1471.00	1473.00	1473.75	1475.00	1476.00	1477.50	1479.00	1480.50	1481.75	1483.25	1485.00	1487.25	1489.50	1490.50	1493.00	1494.50	1496.50	1498.00	1499.25	1501.00	1502.00	1503.50	1505.00	1506.50	1507.25	1508.00	1510.00	1511.50	1513.00	1514.00	1515.50	1516.50	1517.75	1519.00	1519.75	1521.00	1522.00	1523.00	1524.50	1525.25	1526.00	1526.50	1527.50	1528.00	1528.50	1528.50	1529.25	1529.50	1530.50	1531.00	1531.50	1532.50	1533.00	1533.50	1534.50	1535.00	1535.50	1536.00
1206.00	1209.00	1211.00	1212.50	1215.00	1217.50	1219.00	1221.00	1222.50	1223.50	1225.00	1226.50	1227.50	1228.00	1228.00	1228.00	1228.00	1228.00	1228.00	1228.00	1228.00	1228.00	1228.00	1228.00	1228.00	1228.50	1230.50	1231.00	1231.50	1233.00	1234.00	1236.00	1238.00	1240.00	1241.50	1242.50	1245.50	1246.00	1247.00	1248.00	1249.00	1249.50	1250.50	1251.00	1251.50	1253.00	1254.00	1256.00	1257.50	1259.00	1260.50	1262.00	1263.50	1266.00	1267.00	1268.50	1270.00	1273.00	1276.00	1277.50	1280.00	1281.00	1283.00	1285.00	1286.50	1287.50	1288.50	1289.00	1290.00	1290.00	1291.00	1291.00	1291.50	1293.00	1294.50	1295.50	1297.00	1298.00	1301.00	1303.00	1306.00	1308.00	1310.00	1314.00	1316.00	1319.00	1321.00	1324.00	1326.00	1329.00	1330.50	1331.50	1333.00	1334.00	1335.00	1336.00	1336.50	1337.00	1338.00	1339.00	1339.50	1340.00	1341.00	1341.50	1342.50	1343.50	1344.50	1346.00	1347.00	1348.50	1350.00	1351.50	1353.00	1354.50	1356.00	1358.00	1360.00	1361.00	1362.50	1363.50	1365.50	1367.50	1368.50	1371.00	1372.00	1374.50	1376.00	1377.50	1378.50	1379.50	1381.00	1383.50	1385.00	1387.00	1389.00	1391.00	1394.00	1395.50	1396.50	1398.00	1399.50	1401.00	1402.00	1403.00	1403.50	1405.00	1405.50	1406.50	1407.00	1408.00	1408.50	1409.00	1410.50	1411.50	1413.00	1414.00	1415.50	1417.00	1418.50	1419.50	1420.50	1422.00	1423.50	1425.00	1426.00	1427.50	1428.50	1430.00	1431.50	1432.00	1433.00	1434.00	1434.50	1436.00	1437.50	1438.50	1439.50	1442.00	1444.00	1446.00	1448.00	1450.00	1451.50	1453.50	1455.50	1456.50	1458.00	1460.00	1461.50	1463.00	1464.50	1465.50	1467.00	1468.00	1469.50	1471.00	1472.50	1473.50	1474.50	1476.50	1477.50	1479.00	1480.00	1481.50	1483.00	1484.50	1486.00	1487.50	1489.00	1491.50	1494.00	1495.00	1497.50	1499.00	1501.00	1502.50	1503.50	1505.00	1506.00	1507.50	1509.00	1510.50	1511.00	1511.50	1513.00	1514.50	1516.00	1517.00	1518.50	1519.50	1521.00	1522.50	1523.00	1524.00	1525.00	1526.50	1528.00	1528.50	1529.50	1530.00	1531.00	1531.50	1532.00	1532.00	1533.00	1533.00	1534.00	1534.50	1535.00	1536.00	1536.50	1537.00	1538.00	1538.50	1539.00	1540.00
1206.00	1209.00	1211.00	1212.50	1215.00	1217.50	1219.00	1221.00	1222.50	1223.50	1225.00	1226.50	1227.50	1228.00	1228.00	1228.00	1228.00	1228.00	1228.00	1228.00	1228.00	1228.00	1228.00	1228.00	1228.00	1228.50	1230.50	1231.00	1231.50	1233.00	1234.00	1236.00	1238.00	1240.00	1241.50	1242.50	1245.50	1246.00	1247.00	1248.00	1249.00	1249.50	1250.50	1251.00	1251.50	1253.00	1254.00	1256.00	1257.50	1259.00	1260.50	1262.00	1263.50	1266.00	1267.00	1268.50	1270.00	1273.00	1276.00	1277.50	1280.00	1281.00	1283.00	1285.00	1286.50	1287.50	1288.50	1289.00	1290.00	1290.00	1291.00	1291.00	1291.50	1293.00	1294.50	1295.50	1297.00	1298.00	1301.00	1303.00	1306.00	1308.00	1310.00	1314.00	1316.00	1319.00	1321.00	1324.00	1326.00	1329.00	1330.50	1331.50	1333.00	1334.00	1335.00	1336.00	1336.50	1337.00	1338.00	1339.00	1339.50	1340.00	1341.00	1341.50	1342.50	1343.50	1344.50	1346.00	1347.00	1348.50	1350.00	1351.50	1353.00	1354.50	1356.00	1358.00	1360.00	1361.00	1362.50	1363.50	1365.50	1367.50	1368.50	1371.00	1372.00	1374.50	1376.00	1377.50	1378.50	1379.50	1381.00	1383.50	1385.00	1387.00	1389.00	1391.00	1394.00	1395.50	1396.50	1398.00	1399.50	1401.00	1402.00	1403.00	1403.50	1405.00	1405.50	1406.50	1407.00	1408.00	1408.50	1409.00	1410.50	1411.50	1413.00	1414.00	1415.50	1417.00	1418.50	1419.50	1420.50	1422.00	1423.50	1425.00	1426.00	1427.50	1428.50	1430.00	1431.50	1432.00	1433.00	1434.00	1434.50	1436.00	1437.50	1438.50	1439.50	1442.00	1444.00	1446.00	1448.00	1450.00	1451.50	1453.50	1455.50	1456.50	1458.00	1460.00	1461.50	1463.00	1464.50	1465.50	1467.00	1468.00	1469.50	1471.00	1472.50	1473.50	1474.50	1476.50	1477.50	1479.00	1480.00	1481.50	1483.00	1484.50	1486.00	1487.50	1489.00	1491.50	1494.00	1495.00	1497.50	1499.00	1501.00	1502.50	1503.50	1505.00	1506.00	1507.50	1509.00	1510.50	1511.00	1511.50	1513.00	1514.50	1516.00	1517.00	1518.50	1519.50	1521.00	1522.50	1523.00	1524.00	1525.00	1526.50	1528.00	1528.50	1529.50	1530.00	1531.00	1531.50	1532.00	1532.00	1533.00	1533.00	1534.00	1534.50	1535.00	1536.00	1536.50	1537.00	1538.00	1538.50	1539.00	1540.00
1209.50	1212.25	1213.75	1215.25	1217.50	1220.00	1221.50	1223.50	1225.00	1226.00	1227.50	1228.75	1229.50	1230.00	1230.00	1230.00	1230.00	1230.50	1230.50	1230.50	1230.75	1231.00	1231.00	1231.50	1232.25	1233.00	1234.75	1235.50	1236.50	1238.00	1239.50	1242.00	1243.50	1246.00	1247.75	1249.00	1251.50	1252.00	1253.00	1254.00	1254.50	1254.75	1255.25	1255.50	1255.75	1257.00	1257.75	1259.50	1261.50	1262.75	1264.00	1265.50	1267.25	1269.50	1270.50	1272.75	1274.50	1277.25	1280.00	1281.50	1283.50	1284.50	1286.25	1288.50	1290.00	1291.00	1291.75	1292.50	1293.00	1293.00	1293.50	1293.75	1294.25	1295.25	1296.50	1297.50	1299.00	1300.00	1303.00	1305.00	1308.00	1310.00	1312.00	1316.25	1318.50	1321.50	1323.50	1326.25	1328.00	1331.25	1332.50	1333.50	1335.00	1336.25	1337.50	1338.00	1339.00	1339.75	1340.50	1341.75	1342.25	1343.00	1343.75	1344.50	1345.25	1346.50	1347.50	1349.00	1350.00	1351.50	1353.50	1355.25	1356.75	1358.00	1360.00	1361.75	1364.00	1365.00	1366.75	1368.00	1370.00	1372.00	1373.25	1375.50	1376.50	1379.00	1380.50	1382.50	1383.50	1384.50	1386.00	1388.25	1390.00	1392.00	1394.00	1395.75	1398.75	1400.00	1401.00	1402.50	1404.00	1405.00	1406.00	1407.25	1407.75	1409.00	1409.75	1410.50	1411.00	1412.25	1412.75	1413.25	1415.00	1416.00	1417.00	1418.00	1419.50	1421.00	1422.75	1424.00	1425.00	1426.50	1428.00	1429.50	1430.50	1432.00	1433.00	1434.25	1435.50	1436.25	1437.50	1438.00	1439.00	1440.50	1442.00	1443.00	1444.25	1446.50	1448.75	1450.50	1452.50	1454.25	1455.50	1457.50	1459.50	1460.50	1462.00	1463.50	1465.25	1467.00	1468.50	1469.50	1471.00	1472.00	1473.50	1475.00	1476.50	1477.50	1478.50	1480.50	1481.50	1483.00	1484.00	1485.50	1487.00	1489.00	1490.25	1491.50	1493.50	1495.75	1498.00	1499.50	1501.75	1503.25	1505.00	1506.50	1507.50	1509.00	1510.00	1511.25	1512.50	1513.50	1514.25	1515.00	1516.00	1517.50	1519.00	1520.00	1521.50	1522.50	1524.00	1525.50	1526.25	1527.50	1528.50	1530.00	1531.50	1532.50	1533.25	1533.75	1534.50	1535.25	1536.00	1536.00	1536.50	1536.75	1537.75	1538.50	1539.00	1540.00	1540.25	1540.75	1541.50	1542.50	1543.25	1544.00
1213.00	1215.50	1216.50	1218.00	1220.00	1222.50	1224.00	1226.00	1227.50	1228.50	1230.00	1231.00	1231.50	1232.00	1232.00	1232.00	1232.00	1233.00	1233.00	1233.00	1233.50	1234.00	1234.00	1235.00	1236.50	1237.50	1239.00	1240.00	1241.50	1243.00	1245.00	1248.00	1249.00	1252.00	1254.00	1255.50	1257.50	1258.00	1259.00	1260.00	1260.00	1260.00	1260.00	1260.00	1260.00	1261.00	1261.50	1263.00	1265.50	1266.50	1267.50	1269.00	1271.00	1273.00	1274.00	1277.00	1279.00	1281.50	1284.00	1285.50	1287.00	1288.00	1289.50	1292.00	1293.50	1294.50	1295.00	1296.00	1296.00	1296.00	1296.00	1296.50	1297.00	1297.50	1298.50	1299.50	1301.00	1302.00	1305.00	1307.00	1310.00	1312.00	1314.00	1318.50	1321.00	1324.00	1326.00	1328.50	1330.00	1333.50	1334.50	1335.50	1337.00	1338.50	1340.00	1340.00	1341.50	1342.50	1343.00	1344.50	1345.00	1346.00	1346.50	1347.50	1348.00	1349.50	1350.50	1352.00	1353.00	1354.50	1357.00	1359.00	1360.50	1361.50	1364.00	1365.50	1368.00	1369.00	1371.00	1372.50	1374.50	1376.50	1378.00	1380.00	1381.00	1383.50	1385.00	1387.50	1388.50	1389.50	1391.00	1393.00	1395.00	1397.00	1399.00	1400.50	1403.50	1404.50	1405.50	1407.00	1408.50	1409.00	1410.00	1411.50	1412.00	1413.00	1414.00	1414.50	1415.00	1416.50	1417.00	1417.50	1419.50	1420.50	1421.00	1422.00	1423.50	1425.00	1427.00	1428.50	1429.50	1431.00	1432.50	1434.00	1435.00	1436.50	1437.50	1438.50	1439.50	1440.50	1442.00	1442.00	1443.50	1445.00	1446.50	1447.50	1449.00	1451.00	1453.50	1455.00	1457.00	1458.50	1459.50	1461.50	1463.50	1464.50	1466.00	1467.00	1469.00	1471.00	1472.50	1473.50	1475.00	1476.00	1477.50	1479.00	1480.50	1481.50	1482.50	1484.50	1485.50	1487.00	1488.00	1489.50	1491.00	1493.50	1494.50	1495.50	1498.00	1500.00	1502.00	1504.00	1506.00	1507.50	1509.00	1510.50	1511.50	1513.00	1514.00	1515.00	1516.00	1516.50	1517.50	1518.50	1519.00	1520.50	1522.00	1523.00	1524.50	1525.50	1527.00	1528.50	1529.50	1531.00	1532.00	1533.50	1535.00	1536.50	1537.00	1537.50	1538.00	1539.00	1540.00	1540.00	1540.00	1540.50	1541.50	1542.50	1543.00	1544.00	1544.00	1544.50	1545.00	1546.50	1547.50	1548.00
1213.00	1215.50	1216.50	1218.00	1220.00	1222.50	1224.00	1226.00	1227.50	1228.50	1230.00	1231.00	1231.50	1232.00	1232.00	1232.00	1232.00	1233.00	1233.00	1233.00	1233.50	1234.00	1234.00	1235.00	1236.50	1237.50	1239.00	1240.00	1241.50	1243.00	1245.00	1248.00	1249.00	1252.00	1254.00	1255.50	1257.50	1258.00	1259.00	1260.00	1260.00	1260.00	1260.00	1260.00	1260.00	1261.00	1261.50	1263.00	1265.50	1266.50	1267.50	1269.00	1271.00	1273.00	1274.00	1277.00	1279.00	1281.50	1284.00	1285.50	1287.00	1288.00	1289.50	1292.00	1293.50	1294.50	1295.00	1296.00	1296.00	1296.00	1296.00	1296.50	1297.00	1297.50	1298.50	1299.50	1301.00	1302.00	1305.00	1307.00	1310.00	1312.00	1314.00	1318.50	1321.00	1324.00	1326.00	1328.50	1330.00	1333.50	1334.50	1335.50	1337.00	1338.50	1340.00	1340.00	1341.50	1342.50	1343.00	1344.50	1345.00	1346.00	1346.50	1347.50	1348.00	1349.50	1350.50	1352.00	1353.00	1354.50	1357.00	1359.00	1360.50	1361.50	1364.00	1365.50	1368.00	1369.00	1371.00	1372.50	1374.50	1376.50	1378.00	1380.00	1381.00	1383.50	1385.00	1387.50	1388.50	1389.50	1391.00	1393.00	1395.00	1397.00	1399.00	1400.50	1403.50	1404.50	1405.50	1407.00	1408.50	1409.00	1410.00	1411.50	1412.00	1413.00	1414.00	1414.50	1415.00	1416.50	1417.00	1417.50	1419.50	1420.50	1421.00	1422.00	1423.50	1425.00	1427.00	1428.50	1429.50	1431.00	1432.50	1434.00	1435.00	1436.50	1437.50	1438.50	1439.50	1440.50	1442.00	1442.00	1443.50	1445.00	1446.50	1447.50	1449.00	1451.00	1453.50	1455.00	1457.00	1458.50	1459.50	1461.50	1463.50	1464.50	1466.00	1467.00	1469.00	1471.00	1472.50	1473.50	1475.00	1476.00	1477.50	1479.00	1480.50	1481.50	1482.50	1484.50	1485.50	1487.00	1488.00	1489.50	1491.00	1493.50	1494.50	1495.50	1498.00	1500.00	1502.00	1504.00	1506.00	1507.50	1509.00	1510.50	1511.50	1513.00	1514.00	1515.00	1516.00	1516.50	1517.50	1518.50	1519.00	1520.50	1522.00	1523.00	1524.50	1525.50	1527.00	1528.50	1529.50	1531.00	1532.00	1533.50	1535.00	1536.50	1537.00	1537.50	1538.00	1539.00	1540.00	1540.00	1540.00	1540.50	1541.50	1542.50	1543.00	1544.00	1544.00	1544.50	1545.00	1546.50	1547.50	1548.00
1213.00	1215.50	1216.50	1218.00	1220.00	1222.50	1224.00	1226.00	1227.50	1228.50	1230.00	1231.00	1231.50	1232.00	1232.00	1232.00	1232.00	1233.00	1233.00	1233.00	1233.50	1234.00	1234.00	1235.00	1236.50	1237.50	1239.00	1240.00	1241.50	1243.00	1245.00	1248.00	1249.00	1252.00	1254.00	1255.50	1257.50	1258.00	1259.00	1260.00	1260.00	1260.00	1260.00	1260.00	1260.00	1261.00	1261.50	1263.00	1265.50	1266.50	1267.50	1269.00	1271.00	1273.00	1274.00	1277.00	1279.00	1281.50	1284.00	1285.50	1287.00	1288.00	1289.50	1292.00	1293.50	1294.50	1295.00	1296.00	1296.00	1296.00	1296.00	1296.50	1297.00	1297.50	1298.50	1299.50	1301.00	1302.00	1305.00	1307.00	1310.00	1312.00	1314.00	1318.50	1321.00	1324.00	1326.00	1328.50	1330.00	1333.50	1334.50	1335.50	1337.00	1338.50	1340.00	1340.00	1341.50	1342.50	1343.00	1344.50	1345.00	1346.00	1346.50	1347.50	1348.00	1349.50	1350.50	1352.00	1353.00	1354.50	1357.00	1359.00	1360.50	1361.50	1364.00	1365.50	1368.00	1369.00	1371.00	1372.50	1374.50	1376.50	1378.00	1380.00	1381.00	1383.50	1385.00	1387.50	1388.50	1389.50	1391.00	1393.00	1395.00	1397.00	1399.00	1400.50	1403.50	1404.50	1405.50	1407.00	1408.50	1409.00	1410.00	1411.50	1412.00	1413.00	1414.00	1414.50	1415.00	1416.50	1417.00	1417.50	1419.50	1420.50	1421.00	1422.00	1423.50	1425.00	1427.00	1428.50	1429.50	1431.00	1432.50	1434.00	1435.00	1436.50	1437.50	1438.50	1439.50	1440.50	1442.00	1442.00	1443.50	1445.00	1446.50	1447.50	1449.00	1451.00	1453.50	1455.00	1457.00	1458.50	1459.50	1461.50	1463.50	1464.50	1466.00	1467.00	1469.00	1471.00	1472.50	1473.50	1475.00	1476.00	1477.50	1479.00	1480.50	1481.50	1482.50	1484.50	1485.50	1487.00	1488.00	1489.50	1491.00	1493.50	1494.50	1495.50	1498.00	1500.00	1502.00	1504.00	1506.00	1507.50	1509.00	1510.50	1511.50	1513.00	1514.00	1515.00	1516.00	1516.50	1517.50	1518.50	1519.00	1520.50	1522.00	1523.00	1524.50	1525.50	1527.00	1528.50	1529.50	1531.00	1532.00	1533.50	1535.00	1536.50	1537.00	1537.50	1538.00	1539.00	1540.00	1540.00	1540.00	1540.50	1541.50	1542.50	1543.00	1544.00	1544.00	1544.50	1545.00	1546.50	1547.50	1548.00
1217.50	1219.00	1220.00	1221.25	1223.00	1225.00	1226.50	1228.00	1229.75	1231.00	1232.25	1233.00	1233.50	1234.00	1234.00	1234.50	1234.50	1235.25	1235.50	1235.75	1236.75	1237.25	1238.00	1239.50	1241.00	1242.00	1244.50	1246.00	1247.75	1249.50	1251.50	1254.50	1256.00	1258.75	1260.25	1261.75	1264.00	1264.50	1265.00	1265.50	1265.50	1265.50	1266.00	1266.25	1266.50	1267.00	1268.00	1269.50	1271.50	1272.50	1273.50	1275.00	1276.75	1278.50	1280.00	1282.50	1284.50	1286.75	1288.75	1290.25	1292.00	1293.00	1294.50	1296.50	1298.00	1298.75	1299.25	1300.00	1300.00	1300.00	1300.00	1300.75	1301.00	1301.50	1302.50	1303.25	1304.50	1305.50	1308.50	1310.50	1313.00	1315.00	1317.00	1321.25	1323.50	1326.00	1328.00	1330.75	1332.50	1335.50	1336.75	1338.00	1339.50	1340.50	1341.50	1342.00	1343.25	1344.00	1345.00	1346.25	1346.75	1348.00	1349.00	1350.00	1350.75	1352.50	1353.50	1355.00	1356.50	1358.25	1360.50	1362.75	1364.25	1365.50	1368.00	1369.50	1372.00	1373.50	1375.25	1376.75	1378.75	1380.50	1382.00	1384.00	1385.50	1387.75	1390.00	1392.25	1393.50	1394.50	1396.50	1398.25	1400.50	1402.50	1404.50	1406.00	1408.50	1409.50	1410.50	1412.00	1413.00	1414.00	1414.50	1416.00	1416.50	1417.50	1418.50	1419.00	1420.00	1421.00	1421.75	1422.50	1424.00	1425.00	1426.00	1427.00	1428.50	1430.00	1431.75	1432.75	1433.50	1435.00	1436.50	1438.00	1439.00	1440.25	1441.00	1442.25	1443.50	1444.50	1446.00	1446.00	1447.50	1449.00	1450.50	1451.75	1453.25	1455.00	1457.50	1459.00	1460.50	1462.25	1463.50	1465.25	1467.00	1468.00	1469.50	1470.50	1472.25	1474.00	1476.00	1477.00	1478.50	1479.50	1481.00	1482.50	1484.00	1485.00	1486.25	1488.50	1489.50	1491.00	1492.00	1493.50	1495.00	1497.50	1498.50	1499.75	1502.00	1504.25	1506.00	1507.50	1509.50	1511.00	1512.50	1514.00	1515.00	1516.00	1517.00	1518.00	1519.00	1519.75	1520.50	1521.50	1522.50	1524.00	1525.50	1526.50	1528.00	1529.00	1530.75	1532.50	1533.50	1535.00	1536.00	1537.50	1539.00	1540.50	1541.00	1541.50	1542.00	1543.00	1543.50	1544.00	1544.00	1544.50	1545.50	1546.50	1547.00	1548.00	1548.25	1548.75	1549.50	1550.75	1551.50	1552.50
1222.00	1222.50	1223.50	1224.50	1226.00	1227.50	1229.00	1230.00	1232.00	1233.50	1234.50	1235.00	1235.50	1236.00	1236.00	1237.00	1237.00	1237.50	1238.00	1238.50	1240.00	1240.50	1242.00	1244.00	1245.50	1246.50	1250.00	1252.00	1254.00	1256.00	1258.00	1261.00	1263.00	1265.50	1266.50	1268.00	1270.50	1271.00	1271.00	1271.00	1271.00	1271.00	1272.00	1272.50	1273.00	1273.00	1274.50	1276.00	1277.50	1278.50	1279.50	1281.00	1282.50	1284.00	1286.00	1288.00	1290.00	1292.00	1293.50	1295.00	1297.00	1298.00	1299.50	1301.00	1302.50	1303.00	1303.50	1304.00	1304.00	1304.00	1304.00	1305.00	1305.00	1305.50	1306.50	1307.00	1308.00	1309.00	1312.00	1314.00	1316.00	1318.00	1320.00	1324.00	1326.00	1328.00	1330.00	1333.00	1335.00	1337.50	1339.00	1340.50	1342.00	1342.50	1343.00	1344.00	1345.00	1345.50	1347.00	1348.00	1348.50	1350.00	1351.50	1352.50	1353.50	1355.50	1356.50	1358.00	1360.00	1362.00	1364.00	1366.50	1368.00	1369.50	1372.00	1373.50	1376.00	1378.00	1379.50	1381.00	1383.00	1384.50	1386.00	1388.00	1390.00	1392.00	1395.00	1397.00	1398.50	1399.50	1402.00	1403.50	1406.00	1408.00	1410.00	1411.50	1413.50	1414.50	1415.50	1417.00	1417.50	1419.00	1419.00	1420.50	1421.00	1422.00	1423.00	1423.50	1425.00	1425.50	1426.50	1427.50	1428.50	1429.50	1431.00	1432.00	1433.50	1435.00	1436.50	1437.00	1437.50	1439.00	1440.50	1442.00	1443.00	1444.00	1444.50	1446.00	1447.50	1448.50	1450.00	1450.00	1451.50	1453.00	1454.50	1456.00	1457.50	1459.00	1461.50	1463.00	1464.00	1466.00	1467.50	1469.00	1470.50	1471.50	1473.00	1474.00	1475.50	1477.00	1479.50	1480.50	1482.00	1483.00	1484.50	1486.00	1487.50	1488.50	1490.00	1492.50	1493.50	1495.00	1496.00	1497.50	1499.00	1501.50	1502.50	1504.00	1506.00	1508.50	1510.00	1511.00	1513.00	1514.50	1516.00	1517.50	1518.50	1519.00	1520.00	1521.00	1522.00	1523.00	1523.50	1524.50	1526.00	1527.50	1529.00	1530.00	1531.50	1532.50	1534.50	1536.50	1537.50	1539.00	1540.00	1541.50	1543.00	1544.50	1545.00	1545.50	1546.00	1547.00	1547.00	1548.00	1548.00	1548.50	1549.50	1550.50	1551.00	1552.00	1552.50	1553.00	1554.00	1555.00	1555.50	1557.00
1222.00	1222.50	1223.50	1224.50	1226.00	1227.50	1229.00	1230.00	1232.00	1233.50	1234.50	1235.00	1235.50	1236.00	1236.00	1237.00	1237.00	1237.50	1238.00	1238.50	1240.00	1240.50	1242.00	1244.00	1245.50	1246.50	1250.00	1252.00	1254.00	1256.00	1258.00	1261.00	1263.00	1265.50	1266.50	1268.00	1270.50	1271.00	1271.00	1271.00	1271.00	1271.00	1272.00	1272.50	1273.00	1273.00	1274.50	1276.00	1277.50	1278.50	1279.50	1281.00	1282.50	1284.00	1286.00	1288.00	1290.00	1292.00	1293.50	1295.00	1297.00	1298.00	1299.50	1301.00	1302.50	1303.00	1303.50	1304.00	1304.00	1304.00	1304.00	1305.00	1305.00	1305.50	1306.50	1307.00	1308.00	1309.00	1312.00	1314.00	1316.00	1318.00	1320.00	1324.00	1326.00	1328.00	1330.00	1333.00	1335.00	1337.50	1339.00	1340.50	1342.00	1342.50	1343.00	1344.00	1345.00	1345.50	1347.00	1348.00	1348.50	1350.00	1351.50	1352.50	1353.50	1355.50	1356.50	1358.00	1360.00	1362.00	1364.00	1366.50	1368.00	1369.50	1372.00	1373.50	1376.00	1378.00	1379.50	1381.00	1383.00	1384.50	1386.00	1388.00	1390.00	1392.00	1395.00	1397.00	1398.50	1399.50	1402.00	1403.50	1406.00	1408.00	1410.00	1411.50	1413.50	1414.50	1415.50	1417.00	1417.50	1419.00	1419.00	1420.50	1421.00	1422.00	1423.00	1423.50	1425.00	1425.50	1426.50	1427.50	1428.50	1429.50	1431.00	1432.00	1433.50	1435.00	1436.50	1437.00	1437.50	1439.00	1440.50	1442.00	1443.00	1444.00	1444.50	1446.00	1447.50	1448.50	1450.00	1450.00	1451.50	1453.00	1454.50	1456.00	1457.50	1459.00	1461.50	1463.00	1464.00	1466.00	1467.50	1469.00	1470.50	1471.50	1473.00	1474.00	1475.50	1477.00	1479.50	1480.50	1482.00	1483.00	1484.50	1486.00	1487.50	1488.50	1490.00	1492.50	1493.50	1495.00	1496.00	1497.50	1499.00	1501.50	1502.50	1504.00	1506.00	1508.50	1510.00	1511.00	1513.00	1514.50	1516.00	1517.50	1518.50	1519.00	1520.00	1521.00	1522.00	1523.00	1523.50	1524.50	1526.00	1527.50	1529.00	1530.00	1531.50	1532.50	1534.50	1536.50	1537.50	1539.00	1540.00	1541.50	1543.00	1544.50	1545.00	1545.50	1546.00	1547.00	1547.00	1548.00	1548.00	1548.50	1549.50	1550.50	1551.00	1552.00	1552.50	1553.00	1554.00	1555.00	1555.50	1557.00
1227.00	1227.50	1228.25	1228.75	1230.00	1231.00	1232.00	1233.00	1234.25	1235.50	1236.50	1237.25	1238.00	1238.50	1239.00	1239.75	1240.00	1241.00	1241.50	1242.00	1244.00	1245.00	1247.00	1248.50	1250.75	1252.25	1256.00	1257.75	1259.50	1262.00	1264.00	1267.50	1269.00	1271.50	1272.50	1273.75	1276.00	1276.50	1276.50	1276.50	1276.50	1276.75	1278.25	1278.75	1279.25	1279.50	1281.00	1282.50	1283.50	1284.50	1285.50	1287.00	1288.50	1290.00	1291.50	1293.75	1295.25	1297.25	1299.00	1300.50	1302.50	1303.50	1305.00	1306.50	1307.75	1308.00	1308.50	1309.00	1309.25	1309.50	1309.50	1310.00	1310.25	1310.75	1311.25	1311.75	1313.00	1314.00	1317.00	1318.50	1320.50	1322.50	1324.25	1327.75	1329.50	1332.00	1334.00	1336.75	1338.25	1341.00	1342.25	1343.50	1344.50	1345.25	1346.00	1346.50	1347.50	1347.75	1349.00	1350.25	1351.00	1352.50	1354.00	1355.00	1356.00	1358.50	1359.50	1361.50	1363.00	1365.25	1367.50	1370.25	1371.75	1373.25	1376.00	1377.75	1380.50	1382.50	1384.25	1385.75	1387.50	1389.00	1390.50	1393.00	1394.50	1397.00	1399.50	1402.00	1403.50	1404.75	1407.00	1409.00	1411.50	1413.00	1415.25	1416.50	1418.50	1419.25	1420.00	1421.50	1422.00	1423.50	1424.00	1425.00	1425.75	1426.50	1427.75	1428.25	1429.50	1430.50	1431.25	1432.00	1433.50	1434.50	1436.00	1437.00	1438.25	1439.50	1441.00	1441.50	1442.00	1443.50	1444.50	1446.00	1446.50	1447.75	1448.50	1450.00	1451.50	1452.25	1453.50	1454.00	1455.50	1457.00	1458.75	1460.25	1461.50	1463.00	1465.25	1467.00	1468.00	1469.75	1471.25	1473.00	1474.25	1475.00	1476.50	1477.50	1479.00	1480.50	1482.50	1483.50	1485.50	1486.50	1488.00	1490.00	1491.50	1492.50	1493.75	1496.50	1497.50	1499.00	1500.00	1501.50	1503.50	1505.50	1506.50	1507.75	1510.00	1512.00	1513.50	1514.50	1516.25	1517.50	1519.00	1520.25	1521.00	1522.00	1523.00	1524.00	1525.00	1526.00	1526.50	1527.50	1529.00	1530.50	1532.00	1533.50	1535.00	1536.25	1538.25	1540.00	1541.25	1543.00	1544.00	1545.50	1546.50	1548.00	1548.50	1549.00	1549.50	1550.50	1551.00	1551.50	1552.00	1552.50	1553.50	1554.50	1555.00	1556.00	1556.50	1557.25	1558.00	1559.00	1559.50	1561.00
1232.00	1232.50	1233.00	1233.00	1234.00	1234.50	1235.00	1236.00	1236.50	1237.50	1238.50	1239.50	1240.50	1241.00	1242.00	1242.50	1243.00	1244.50	1245.00	1245.50	1248.00	1249.50	1252.00	1253.00	1256.00	1258.00	1262.00	1263.50	1265.00	1268.00	1270.00	1274.00	1275.00	1277.50	1278.50	1279.50	1281.50	1282.00	1282.00	1282.00	1282.00	1282.50	1284.50	1285.00	1285.50	1286.00	1287.50	1289.00	1289.50	1290.50	1291.50	1293.00	1294.50	1296.00	1297.00	1299.50	1300.50	1302.50	1304.50	1306.00	1308.00	1309.00	1310.50	1312.00	1313.00	1313.00	1313.50	1314.00	1314.50	1315.00	1315.00	1315.00	1315.50	1316.00	1316.00	1316.50	1318.00	1319.00	1322.00	1323.00	1325.00	1327.00	1328.50	1331.50	1333.00	1336.00	1338.00	1340.50	1341.50	1344.50	1345.50	1346.50	1347.00	1348.00	1349.00	1349.00	1350.00	1350.00	1351.00	1352.50	1353.50	1355.00	1356.50	1357.50	1358.50	1361.50	1362.50	1365.00	1366.00	1368.50	1371.00	1374.00	1375.50	1377.00	1380.00	1382.00	1385.00	1387.00	1389.00	1390.50	1392.00	1393.50	1395.00	1398.00	1399.00	1402.00	1404.00	1407.00	1408.50	1410.00	1412.00	1414.50	1417.00	1418.00	1420.50	1421.50	1423.50	1424.00	1424.50	1426.00	1426.50	1428.00	1429.00	1429.50	1430.50	1431.00	1432.50	1433.00	1434.00	1435.50	1436.00	1436.50	1438.50	1439.50	1441.00	1442.00	1443.00	1444.00	1445.50	1446.00	1446.50	1448.00	1448.50	1450.00	1450.00	1451.50	1452.50	1454.00	1455.50	1456.00	1457.00	1458.00	1459.50	1461.00	1463.00	1464.50	1465.50	1467.00	1469.00	1471.00	1472.00	1473.50	1475.00	1477.00	1478.00	1478.50	1480.00	1481.00	1482.50	1484.00	1485.50	1486.50	1489.00	1490.00	1491.50	1494.00	1495.50	1496.50	1497.50	1500.50	1501.50	1503.00	1504.00	1505.50	1508.00	1509.50	1510.50	1511.50	1514.00	1515.50	1517.00	1518.00	1519.50	1520.50	1522.00	1523.00	1523.50	1525.00	1526.00	1527.00	1528.00	1529.00	1529.50	1530.50	1532.00	1533.50	1535.00	1537.00	1538.50	1540.00	1542.00	1543.50	1545.00	1547.00	1548.00	1549.50	1550.00	1551.50	1552.00	1552.50	1553.00	1554.00	1555.00	1555.00	1556.00	1556.50	1557.50	1558.50	1559.00	1560.00	1560.50	1561.50	1562.00	1563.00	1563.50	1565.00
1232.00	1232.50	1233.00	1233.00	1234.00	1234.50	1235.00	1236.00	1236.50	1237.50	1238.50	1239.50	1240.50	1241.00	1242.00	1242.50	1243.00	1244.50	1245.00	1245.50	1248.00	1249.50	1252.00	1253.00	1256.00	1258.00	1262.00	1263.50	1265.00	1268.00	1270.00	1274.00	1275.00	1277.50	1278.50	1279.50	1281.50	1282.00	1282.00	1282.00	1282.00	1282.50	1284.50	1285.00	1285.50	1286.00	1287.50	1289.00	1289.50	1290.50	1291.50	1293.00	1294.50	1296.00	1297.00	1299.50	1300.50	1302.50	1304.50	1306.00	1308.00	1309.00	1310.50	1312.00	1313.00	1313.00	1313.50	1314.00	1314.50	1315.00	1315.00	1315.00	1315.50	1316.00	1316.00	1316.50	1318.00	1319.00	1322.00	1323.00	1325.00	1327.00	1328.50	1331.50	1333.00	1336.00	1338.00	1340.50	1341.50	1344.50	1345.50	1346.50	1347.00	1348.00	1349.00	1349.00	1350.00	1350.00	1351.00	1352.50	1353.50	1355.00	1356.50	1357.50	1358.50	1361.50	1362.50	1365.00	1366.00	1368.50	1371.00	1374.00	1375.50	1377.00	1380.00	1382.00	1385.00	1387.00	1389.00	1390.50	1392.00	1393.50	1395.00	1398.00	1399.00	1402.00	1404.00	1407.00	1408.50	1410.00	1412.00	1414.50	1417.00	1418.00	1420.50	1421.50	1423.50	1424.00	1424.50	1426.00	1426.50	1428.00	1429.00	1429.50	1430.50	1431.00	1432.50	1433.00	1434.00	1435.50	1436.00	1436.50	1438.50	1439.50	1441.00	1442.00	1443.00	1444.00	1445.50	1446.00	1446.50	1448.00	1448.50	1450.00	1450.00	1451.50	1452.50	1454.00	1455.50	1456.00	1457.00	1458.00	1459.50	1461.00	1463.00	1464.50	1465.50	1467.00	1469.00	1471.00	1472.00	1473.50	1475.00	1477.00	1478.00	1478.50	1480.00	1481.00	1482.50	1484.00	1485.50	1486.50	1489.00	1490.00	1491.50	1494.00	1495.50	1496.50	1497.50	1500.50	1501.50	1503.00	1504.00	1505.50	1508.00	1509.50	1510.50	1511.50	1514.00	1515.50	1517.00	1518.00	1519.50	1520.50	1522.00	1523.00	1523.50	1525.00	1526.00	1527.00	1528.00	1529.00	1529.50	1530.50	1532.00	1533.50	1535.00	1537.00	1538.50	1540.00	1542.00	1543.50	1545.00	1547.00	1548.00	1549.50	1550.00	1551.50	1552.00	1552.50	1553.00	1554.00	1555.00	1555.00	1556.00	1556.50	1557.50	1558.50	1559.00	1560.00	1560.50	1561.50	1562.00	1563.00	1563.50	1565.00
1237.00	1237.25	1237.50	1237.50	1238.00	1238.50	1239.00	1239.50	1240.50	1241.25	1242.25	1243.25	1244.00	1244.50	1245.50	1246.00	1247.00	1248.50	1249.25	1250.00	1253.00	1254.50	1256.50	1258.00	1261.00	1263.00	1267.00	1268.75	1270.25	1273.00	1275.00	1278.50	1280.00	1282.00	1283.00	1284.00	1285.75	1286.25	1287.00	1287.00	1287.50	1288.00	1289.50	1290.00	1290.50	1291.00	1292.50	1294.00	1295.00	1295.75	1296.50	1298.00	1299.50	1301.00	1302.00	1304.00	1305.00	1307.00	1309.00	1310.25	1312.50	1313.50	1315.25	1316.50	1317.50	1317.75	1318.50	1319.00	1319.75	1320.50	1320.50	1320.75	1321.25	1321.75	1322.00	1322.50	1324.00	1324.50	1327.50	1328.50	1330.50	1332.25	1333.75	1336.75	1338.25	1341.00	1342.50	1345.00	1346.00	1348.50	1349.25	1350.00	1350.50	1351.50	1352.00	1352.00	1353.00	1353.00	1354.00	1355.25	1356.00	1357.50	1359.00	1360.25	1361.50	1364.25	1365.75	1368.00	1369.50	1371.75	1374.50	1377.50	1379.25	1381.00	1384.00	1386.25	1389.00	1391.00	1393.00	1394.50	1396.25	1398.25	1399.75	1402.50	1404.00	1406.50	1408.50	1411.50	1413.00	1414.50	1416.50	1419.00	1421.50	1422.50	1424.50	1425.50	1427.50	1428.25	1429.00	1430.50	1431.25	1432.50	1433.50	1434.25	1435.00	1436.00	1437.00	1437.75	1438.50	1440.00	1440.75	1441.50	1443.25	1444.00	1445.50	1446.50	1447.25	1448.50	1449.75	1450.25	1451.00	1452.00	1452.75	1454.00	1454.50	1455.75	1456.50	1458.00	1459.50	1460.25	1461.50	1462.50	1464.00	1465.50	1467.25	1468.50	1469.50	1471.00	1472.75	1474.50	1475.50	1477.25	1478.75	1480.25	1481.25	1482.00	1483.50	1484.50	1486.00	1487.50	1489.00	1490.00	1492.50	1493.50	1495.25	1497.50	1499.25	1500.50	1501.50	1504.00	1505.25	1507.00	1508.00	1509.50	1511.50	1513.00	1514.25	1515.50	1517.50	1519.00	1520.50	1521.50	1522.75	1523.50	1525.00	1526.00	1526.50	1528.00	1528.50	1529.75	1531.00	1531.75	1532.50	1533.50	1535.00	1536.50	1538.50	1540.00	1542.00	1543.25	1545.25	1547.00	1548.25	1550.00	1551.00	1552.50	1553.50	1554.75	1555.25	1556.00	1556.50	1557.50	1558.50	1559.00	1559.75	1560.50	1561.50	1562.50	1563.00	1564.00	1564.50	1565.50	1566.00	1567.25	1567.75	1569.00
1242.00	1242.00	1242.00	1242.00	1242.00	1242.50	1243.00	1243.00	1244.50	1245.00	1246.00	1247.00	1247.50	1248.00	1249.00	1249.50	1251.00	1252.50	1253.50	1254.50	1258.00	1259.50	1261.00	1263.00	1266.00	1268.00	1272.00	1274.00	1275.50	1278.00	1280.00	1283.00	1285.00	1286.50	1287.50	1288.50	1290.00	1290.50	1292.00	1292.00	1293.00	1293.50	1294.50	1295.00	1295.50	1296.00	1297.50	1299.00	1300.50	1301.00	1301.50	1303.00	1304.50	1306.00	1307.00	1308.50	1309.50	1311.50	1313.50	1314.50	1317.00	1318.00	1320.00	1321.00	1322.00	1322.50	1323.50	1324.00	1325.00	1326.00	1326.00	1326.50	1327.00	1327.50	1328.00	1328.50	1330.00	1330.00	1333.00	1334.00	1336.00	1337.50	1339.00	1342.00	1343.50	1346.00	1347.00	1349.50	1350.50	1352.50	1353.00	1353.50	1354.00	1355.00	1355.00	1355.00	1356.00	1356.00	1357.00	1358.00	1358.50	1360.00	1361.50	1363.00	1364.50	1367.00	1369.00	1371.00	1373.00	1375.00	1378.00	1381.00	1383.00	1385.00	1388.00	1390.50	1393.00	1395.00	1397.00	1398.50	1400.50	1403.00	1404.50	1407.00	1409.00	1411.00	1413.00	1416.00	1417.50	1419.00	1421.00	1423.50	1426.00	1427.00	1428.50	1429.50	1431.50	1432.50	1433.50	1435.00	1436.00	1437.00	1438.00	1439.00	1439.50	1441.00	1441.50	1442.50	1443.00	1444.50	1445.50	1446.50	1448.00	1448.50	1450.00	1451.00	1451.50	1453.00	1454.00	1454.50	1455.50	1456.00	1457.00	1458.00	1459.00	1460.00	1460.50	1462.00	1463.50	1464.50	1466.00	1467.00	1468.50	1470.00	1471.50	1472.50	1473.50	1475.00	1476.50	1478.00	1479.00	1481.00	1482.50	1483.50	1484.50	1485.50	1487.00	1488.00	1489.50	1491.00	1492.50	1493.50	1496.00	1497.00	1499.00	1501.00	1503.00	1504.50	1505.50	1507.50	1509.00	1511.00	1512.00	1513.50	1515.00	1516.50	1518.00	1519.50	1521.00	1522.50	1524.00	1525.00	1526.00	1526.50	1528.00	1529.00	1529.50	1531.00	1531.00	1532.50	1534.00	1534.50	1535.50	1536.50	1538.00	1539.50	1542.00	1543.00	1545.50	1546.50	1548.50	1550.50	1551.50	1553.00	1554.00	1555.50	1557.00	1558.00	1558.50	1559.50	1560.00	1561.00	1562.00	1563.00	1563.50	1564.50	1565.50	1566.50	1567.00	1568.00	1568.50	1569.50	1570.00	1571.50	1572.00	1573.00
1242.00	1242.00	1242.00	1242.00	1242.00	1242.50	1243.00	1243.00	1244.50	1245.00	1246.00	1247.00	1247.50	1248.00	1249.00	1249.50	1251.00	1252.50	1253.50	1254.50	1258.00	1259.50	1261.00	1263.00	1266.00	1268.00	1272.00	1274.00	1275.50	1278.00	1280.00	1283.00	1285.00	1286.50	1287.50	1288.50	1290.00	1290.50	1292.00	1292.00	1293.00	1293.50	1294.50	1295.00	1295.50	1296.00	1297.50	1299.00	1300.50	1301.00	1301.50	1303.00	1304.50	1306.00	1307.00	1308.50	1309.50	1311.50	1313.50	1314.50	1317.00	1318.00	1320.00	1321.00	1322.00	1322.50	1323.50	1324.00	1325.00	1326.00	1326.00	1326.50	1327.00	1327.50	1328.00	1328.50	1330.00	1330.00	1333.00	1334.00	1336.00	1337.50	1339.00	1342.00	1343.50	1346.00	1347.00	1349.50	1350.50	1352.50	1353.00	1353.50	1354.00	1355.00	1355.00	1355.00	1356.00	1356.00	1357.00	1358.00	1358.50	1360.00	1361.50	1363.00	1364.50	1367.00	1369.00	1371.00	1373.00	1375.00	1378.00	1381.00	1383.00	1385.00	1388.00	1390.50	1393.00	1395.00	1397.00	1398.50	1400.50	1403.00	1404.50	1407.00	1409.00	1411.00	1413.00	1416.00	1417.50	1419.00	1421.00	1423.50	1426.00	1427.00	1428.50	1429.50	1431.50	1432.50	1433.50	1435.00	1436.00	1437.00	1438.00	1439.00	1439.50	1441.00	1441.50	1442.50	1443.00	1444.50	1445.50	1446.50	1448.00	1448.50	1450.00	1451.00	1451.50	1453.00	1454.00	1454.50	1455.50	1456.00	1457.00	1458.00	1459.00	1460.00	1460.50	1462.00	1463.50	1464.50	1466.00	1467.00	1468.50	1470.00	1471.50	1472.50	1473.50	1475.00	1476.50	1478.00	1479.00	1481.00	1482.50	1483.50	1484.50	1485.50	1487.00	1488.00	1489.50	1491.00	1492.50	1493.50	1496.00	1497.00	1499.00	1501.00	1503.00	1504.50	1505.50	1507.50	1509.00	1511.00	1512.00	1513.50	1515.00	1516.50	1518.00	1519.50	1521.00	1522.50	1524.00	1525.00	1526.00	1526.50	1528.00	1529.00	1529.50	1531.00	1531.00	1532.50	1534.00	1534.50	1535.50	1536.50	1538.00	1539.50	1542.00	1543.00	1545.50	1546.50	1548.50	1550.50	1551.50	1553.00	1554.00	1555.50	1557.00	1558.00	1558.50	1559.50	1560.00	1561.00	1562.00	1563.00	1563.50	1564.50	1565.50	1566.50	1567.00	1568.00	1568.50	1569.50	1570.00	1571.50	1572.00	1573.00
1242.00	1242.00	1242.00	1242.00	1242.00	1242.50	1243.00	1243.00	1244.50	1245.00	1246.00	1247.00	1247.50	1248.00	1249.00	1249.50	1251.00	1252.50	1253.50	1254.50	1258.00	1259.50	1261.00	1263.00	1266.00	1268.00	1272.00	1274.00	1275.50	1278.00	1280.00	1283.00	1285.00	1286.50	1287.50	1288.50	1290.00	1290.50	1292.00	1292.00	1293.00	1293.50	1294.50	1295.00	1295.50	1296.00	1297.50	1299.00	1300.50	1301.00	1301.50	1303.00	1304.50	1306.00	1307.00	1308.50	1309.50	1311.50	1313.50	1314.50	1317.00	1318.00	1320.00	1321.00	1322.00	1322.50	1323.50	1324.00	1325.00	1326.00	1326.00	1326.50	1327.00	1327.50	1328.00	1328.50	1330.00	1330.00	1333.00	1334.00	1336.00	1337.50	1339.00	1342.00	1343.50	1346.00	1347.00	1349.50	1350.50	1352.50	1353.00	1353.50	1354.00	1355.00	1355.00	1355.00	1356.00	1356.00	1357.00	1358.00	1358.50	1360.00	1361.50	1363.00	1364.50	1367.00	1369.00	1371.00	1373.00	1375.00	1378.00	1381.00	1383.00	1385.00	1388.00	1390.50	1393.00	1395.00	1397.00	1398.50	1400.50	1403.00	1404.50	1407.00	1409.00	1411.00	1413.00	1416.00	1417.50	1419.00	1421.00	1423.50	1426.00	1427.00	1428.50	1429.50	1431.50	1432.50	1433.50	1435.00	1436.00	1437.00	1438.00	1439.00	1439.50	1441.00	1441.50	1442.50	1443.00	1444.50	1445.50	1446.50	1448.00	1448.50	1450.00	1451.00	1451.50	1453.00	1454.00	1454.50	1455.50	1456.00	1457.00	1458.00	1459.00	1460.00	1460.50	1462.00	1463.50	1464.50	1466.00	1467.00	1468.50	1470.00	1471.50	1472.50	1473.50	1475.00	1476.50	1478.00	1479.00	1481.00	1482.50	1483.50	1484.50	1485.50	1487.00	1488.00	1489.50	1491.00	1492.50	1493.50	1496.00	1497.00	1499.00	1501.00	1503.00	1504.50	1505.50	1507.50	1509.00	1511.00	1512.00	1513.50	1515.00	1516.50	1518.00	1519.50	1521.00	1522.50	1524.00	1525.00	1526.00	1526.50	1528.00	1529.00	1529.50	1531.00	1531.00	1532.50	1534.00	1534.50	1535.50	1536.50	1538.00	1539.50	1542.00	1543.00	1545.50	1546.50	1548.50	1550.50	1551.50	1553.00	1554.00	1555.50	1557.00	1558.00	1558.50	1559.50	1560.00	1561.00	1562.00	1563.00	1563.50	1564.50	1565.50	1566.50	1567.00	1568.00	1568.50	1569.50	1570.00	1571.50	1572.00	1573.00
1252.00	1252.00	1252.00	1252.00	1252.00	1252.00	1253.00	1253.00	1254.00	1254.50	1255.50	1256.50	1257.00	1258.00	1259.00	1260.50	1262.00	1263.50	1265.00	1266.50	1269.00	1270.50	1273.00	1274.00	1277.00	1278.50	1282.00	1284.00	1285.50	1288.00	1289.00	1291.00	1292.00	1293.50	1294.50	1295.50	1297.50	1298.50	1300.00	1302.00	1303.50	1304.00	1304.00	1304.00	1304.00	1305.00	1306.50	1308.00	1309.50	1310.50	1311.50	1312.00	1313.50	1315.00	1316.00	1317.50	1318.50	1320.00	1321.50	1323.00	1325.00	1326.00	1328.50	1330.00	1331.50	1332.50	1333.00	1334.00	1335.50	1337.00	1337.00	1338.50	1339.50	1340.50	1341.00	1341.50	1343.00	1343.00	1345.00	1347.00	1348.50	1349.50	1350.50	1353.50	1354.50	1357.00	1358.00	1360.00	1361.00	1361.50	1362.00	1362.00	1363.00	1363.00	1363.00	1363.00	1363.50	1364.00	1365.00	1365.50	1366.50	1368.00	1369.50	1370.50	1372.00	1375.00	1377.00	1379.00	1381.00	1384.00	1387.00	1389.50	1391.00	1393.00	1396.00	1399.00	1401.00	1403.00	1405.50	1407.00	1409.50	1412.00	1413.50	1416.00	1417.00	1418.50	1421.00	1423.00	1424.50	1426.00	1428.00	1430.50	1432.00	1434.00	1435.50	1436.50	1439.50	1440.50	1441.50	1443.00	1444.50	1446.00	1447.00	1447.50	1448.50	1449.00	1450.50	1451.00	1452.00	1453.50	1454.50	1455.50	1456.50	1457.50	1458.00	1459.00	1460.50	1461.00	1462.50	1463.00	1463.50	1464.00	1465.50	1466.00	1467.00	1468.50	1469.50	1471.00	1472.50	1473.50	1475.00	1476.00	1477.50	1478.00	1479.50	1480.50	1481.50	1483.00	1484.50	1485.00	1486.00	1487.50	1488.50	1489.50	1490.50	1491.50	1493.00	1495.00	1496.50	1498.00	1500.00	1501.50	1503.00	1504.00	1506.50	1509.00	1511.00	1512.50	1513.50	1515.50	1516.50	1518.00	1520.00	1521.50	1523.00	1524.50	1525.50	1527.00	1529.00	1529.50	1531.00	1532.00	1533.00	1533.50	1535.00	1536.00	1536.50	1538.00	1538.00	1539.50	1541.00	1541.50	1542.50	1543.50	1545.00	1546.50	1549.00	1550.00	1551.50	1553.00	1555.00	1556.50	1557.50	1559.00	1560.00	1561.00	1562.00	1563.50	1564.50	1565.50	1566.00	1567.50	1568.00	1569.00	1570.50	1571.00	1572.50	1573.50	1574.00	1575.00	1576.50	1577.00	1578.00	1579.50	1580.00	1581.00
1252.00	1252.00	1252.00	1252.00	1252.00	1252.00	1253.00	1253.00	1254.00	1254.50	1255.50	1256.50	1257.00	1258.00	1259.00	1260.50	1262.00	1263.50	1265.00	1266.50	1269.00	1270.50	1273.00	1274.00	1277.00	1278.50	1282.00	1284.00	1285.50	1288.00	1289.00	1291.00	1292.00	1293.50	1294.50	1295.50	1297.50	1298.50	1300.00	1302.00	1303.50	1304.00	1304.00	1304.00	1304.00	1305.00	1306.50	1308.00	1309.50	1310.50	1311.50	1312.00	1313.50	1315.00	1316.00	1317.50	1318.50	1320.00	1321.50	1323.00	1325.00	1326.00	1328.50	1330.00	1331.50	1332.50	1333.00	1334.00	1335.50	1337.00	1337.00	1338.50	1339.50	1340.50	1341.00	1341.50	1343.00	1343.00	1345.00	1347.00	1348.50	1349.50	1350.50	1353.50	1354.50	1357.00	1358.00	1360.00	1361.00	1361.50	1362.00	1362.00	1363.00	1363.00	1363.00	1363.00	1363.50	1364.00	1365.00	1365.50	1366.50	1368.00	1369.50	1370.50	1372.00	1375.00	1377.00	1379.00	1381.00	1384.00	1387.00	1389.50	1391.00	1393.00	1396.00	1399.00	1401.00	1403.00	1405.50	1407.00	1409.50	1412.00	1413.50	1416.00	1417.00	1418.50	1421.00	1423.00	1424.50	1426.00	1428.00	1430.50	1432.00	1434.00	1435.50	1436.50	1439.50	1440.50	1441.50	1443.00	1444.50	1446.00	1447.00	1447.50	1448.50	1449.00	1450.50	1451.00	1452.00	1453.50	1454.50	1455.50	1456.50	1457.50	1458.00	1459.00	1460.50	1461.00	1462.50	1463.00	1463.50	1464.00	1465.50	1466.00	1467.00	1468.50	1469.50	1471.00	1472.50	1473.50	1475.00	1476.00	1477.50	1478.00	1479.50	1480.50	1481.50	1483.00	1484.50	1485.00	1486.00	1487.50	1488.50	1489.50	1490.50	1491.50	1493.00	1495.00	1496.50	1498.00	1500.00	1501.50	1503.00	1504.00	1506.50	1509.00	1511.00	1512.50	1513.50	1515.50	1516.50	1518.00	1520.00	1521.50	1523.00	1524.50	1525.50	1527.00	1529.00	1529.50	1531.00	1532.00	1533.00	1533.50	1535.00	1536.00	1536.50	1538.00	1538.00	1539.50	1541.00	1541.50	1542.50	1543.50	1545.00	1546.50	1549.00	1550.00	1551.50	1553.00	1555.00	1556.50	1557.50	1559.00	1560.00	1561.00	1562.00	1563.50	1564.50	1565.50	1566.00	1567.50	1568.00	1569.00	1570.50	1571.00	1572.50	1573.50	1574.00	1575.00	1576.50	1577.00	1578.00	1579.50	1580.00	1581.00
1252.00	1252.00	1252.00	1252.00	1252.00	1252.00	1253.00	1253.00	1254.00	1254.50	1255.50	1256.50	1257.00	1258.00	1259.00	1260.50	1262.00	1263.50	1265.00	1266.50	1269.00	1270.50	1273.00	1274.00	1277.00	1278.50	1282.00	1284.00	1285.50	1288.00	1289.00	1291.00	1292.00	1293.50	1294.50	1295.50	1297.50	1298.50	1300.00	1302.00	1303.50	1304.00	1304.00	1304.00	1304.00	1305.00	1306.50	1308.00	1309.50	1310.50	1311.50	1312.00	1313.50	1315.00	1316.00	1317.50	1318.50	1320.00	1321.50	1323.00	1325.00	1326.00	1328.50	1330.00	1331.50	1332.50	1333.00	1334.00	1335.50	1337.00	1337.00	1338.50	1339.50	1340.50	1341.00	1341.50	1343.00	1343.00	1345.00	1347.00	1348.50	1349.50	1350.50	1353.50	1354.50	1357.00	1358.00	1360.00	1361.00	1361.50	1362.00	1362.00	1363.00	1363.00	1363.00	1363.00	1363.50	1364.00	1365.00	1365.50	1366.50	1368.00	1369.50	1370.50	1372.00	1375.00	1377.00	1379.00	1381.00	1384.00	1387.00	1389.50	1391.00	1393.00	1396.00	1399.00	1401.00	1403.00	1405.50	1407.00	1409.50	1412.00	1413.50	1416.00	1417.00	1418.50	1421.00	1423.00	1424.50	1426.00	1428.00	1430.50	1432.00	1434.00	1435.50	1436.50	1439.50	1440.50	1441.50	1443.00	1444.50	1446.00	1447.00	1447.50	1448.50	1449.00	1450.50	1451.00	1452.00	1453.50	1454.50	1455.50	1456.50	1457.50	1458.00	1459.00	1460.50	1461.00	1462.50	1463.00	1463.50	1464.00	1465.50	1466.00	1467.00	1468.50	1469.50	1471.00	1472.50	1473.50	1475.00	1476.00	1477.50	1478.00	1479.50	1480.50	1481.50	1483.00	1484.50	1485.00	1486.00	1487.50	1488.50	1489.50	1490.50	1491.50	1493.00	1495.00	1496.50	1498.00	1500.00	1501.50	1503.00	1504.00	1506.50	1509.00	1511.00	1512.50	1513.50	1515.50	1516.50	1518.00	1520.00	1521.50	1523.00	1524.50	1525.50	1527.00	1529.00	1529.50	1531.00	1532.00	1533.00	1533.50	1535.00	1536.00	1536.50	1538.00	1538.00	1539.50	1541.00	1541.50	1542.50	1543.50	1545.00	1546.50	1549.00	1550.00	1551.50	1553.00	1555.00	1556.50	1557.50	1559.00	1560.00	1561.00	1562.00	1563.50	1564.50	1565.50	1566.00	1567.50	1568.00	1569.00	1570.50	1571.00	1572.50	1573.50	1574.00	1575.00	1576.50	1577.00	1578.00	1579.50	1580.00	1581.00
1261.00	1261.00	1261.00	1261.00	1262.00	1262.50	1264.00	1264.00	1265.50	1266.00	1267.00	1268.00	1268.50	1270.00	1271.00	1272.50	1274.00	1276.50	1277.50	1278.50	1281.50	1282.50	1285.00	1286.00	1288.50	1290.00	1293.00	1294.50	1295.50	1296.00	1297.00	1299.00	1300.00	1301.50	1302.50	1303.50	1305.50	1306.50	1307.00	1309.00	1310.50	1311.00	1312.00	1312.50	1313.00	1314.00	1315.50	1317.00	1318.50	1319.00	1319.50	1321.00	1322.50	1324.00	1325.00	1326.50	1327.50	1329.50	1331.50	1332.50	1334.00	1336.00	1337.50	1339.00	1341.00	1342.50	1343.50	1345.00	1346.50	1348.00	1349.00	1350.50	1351.00	1352.00	1353.50	1354.00	1355.00	1356.00	1358.00	1359.00	1360.50	1362.00	1363.50	1364.50	1365.50	1367.00	1369.00	1369.50	1370.50	1371.00	1371.50	1372.00	1372.00	1372.00	1372.00	1372.00	1373.00	1373.00	1374.00	1375.50	1376.50	1378.00	1379.50	1380.50	1382.00	1385.00	1386.50	1389.00	1391.00	1394.00	1397.00	1399.00	1401.00	1402.50	1405.00	1408.00	1410.00	1412.00	1414.50	1415.50	1417.50	1419.50	1420.50	1422.00	1424.00	1425.50	1427.00	1428.50	1429.50	1431.00	1433.00	1435.50	1438.00	1439.00	1440.50	1442.00	1444.50	1446.00	1447.50	1449.00	1451.50	1453.00	1454.00	1455.00	1455.50	1457.00	1457.50	1458.50	1460.00	1461.50	1462.00	1462.50	1464.00	1464.50	1466.00	1467.00	1467.50	1469.00	1470.00	1470.50	1471.50	1472.00	1473.50	1474.00	1475.00	1476.50	1477.50	1479.00	1480.50	1481.50	1483.00	1484.00	1485.50	1486.00	1487.50	1488.50	1489.00	1490.00	1491.00	1492.00	1492.00	1493.50	1494.00	1495.00	1496.50	1497.50	1500.00	1501.00	1503.00	1505.00	1507.50	1509.00	1511.00	1512.00	1514.50	1516.00	1518.50	1519.50	1521.00	1523.50	1524.50	1526.00	1527.00	1528.50	1530.00	1531.50	1533.00	1534.50	1535.00	1536.50	1538.00	1539.00	1540.00	1540.50	1542.00	1543.50	1544.00	1545.00	1546.00	1546.50	1548.00	1548.50	1549.50	1550.50	1552.00	1553.50	1555.00	1556.00	1558.00	1559.50	1561.00	1562.50	1563.50	1565.00	1566.00	1567.00	1568.00	1569.50	1570.00	1570.50	1572.00	1573.50	1575.00	1575.00	1576.50	1577.50	1578.50	1579.50	1580.50	1582.00	1582.50	1583.50	1585.00	1586.50	1587.00	1588.00
1261.00	1261.00	1261.00	1261.00	1262.00	1262.50	1264.00	1264.00	1265.50	1266.00	1267.00	1268.00	1268.50	1270.00	1271.00	1272.50	1274.00	1276.50	1277.50	1278.50	1281.50	1282.50	1285.00	1286.00	1288.50	1290.00	1293.00	1294.50	1295.50	1296.00	1297.00	1299.00	1300.00	1301.50	1302.50	1303.50	1305.50	1306.50	1307.00	1309.00	1310.50	1311.00	1312.00	1312.50	1313.00	1314.00	1315.50	1317.00	1318.50	1319.00	1319.50	1321.00	1322.50	1324.00	1325.00	1326.50	1327.50	1329.50	1331.50	1332.50	1334.00	1336.00	1337.50	1339.00	1341.00	1342.50	1343.50	1345.00	1346.50	1348.00	1349.00	1350.50	1351.00	1352.00	1353.50	1354.00	1355.00	1356.00	1358.00	1359.00	1360.50	1362.00	1363.50	1364.50	1365.50	1367.00	1369.00	1369.50	1370.50	1371.00	1371.50	1372.00	1372.00	1372.00	1372.00	1372.00	1373.00	1373.00	1374.00	1375.50	1376.50	1378.00	1379.50	1380.50	1382.00	1385.00	1386.50	1389.00	1391.00	1394.00	1397.00	1399.00	1401.00	1402.50	1405.00	1408.00	1410.00	1412.00	1414.50	1415.50	1417.50	1419.50	1420.50	1422.00	1424.00	1425.50	1427.00	1428.50	1429.50	1431.00	1433.00	1435.50	1438.00	1439.00	1440.50	1442.00	1444.50	1446.00	1447.50	1449.00	1451.50	1453.00	1454.00	1455.00	1455.50	1457.00	1457.50	1458.50	1460.00	1461.50	1462.00	1462.50	1464.00	1464.50	1466.00	1467.00	1467.50	1469.00	1470.00	1470.50	1471.50	1472.00	1473.50	1474.00	1475.00	1476.50	1477.50	1479.00	1480.50	1481.50	1483.00	1484.00	1485.50	1486.00	1487.50	1488.50	1489.00	1490.00	1491.00	1492.00	1492.00	1493.50	1494.00	1495.00	1496.50	1497.50	1500.00	1501.00	1503.00	1505.00	1507.50	1509.00	1511.00	1512.00	1514.50	1516.00	1518.50	1519.50	1521.00	1523.50	1524.50	1526.00	1527.00	1528.50	1530.00	1531.50	1533.00	1534.50	1535.00	1536.50	1538.00	1539.00	1540.00	1540.50	1542.00	1543.50	1544.00	1545.00	1546.00	1546.50	1548.00	1548.50	1549.50	1550.50	1552.00	1553.50	1555.00	1556.00	1558.00	1559.50	1561.00	1562.50	1563.50	1565.00	1566.00	1567.00	1568.00	1569.50	1570.00	1570.50	1572.00	1573.50	1575.00	1575.00	1576.50	1577.50	1578.50	1579.50	1580.50	1582.00	1582.50	1583.50	1585.00	1586.50	1587.00	1588.00
1261.00	1261.00	1261.00	1261.00	1262.00	1262.50	1264.00	1264.00	1265.50	1266.00	1267.00	1268.00	1268.50	1270.00	1271.00	1272.50	1274.00	1276.50	1277.50	1278.50	1281.50	1282.50	1285.00	1286.00	1288.50	1290.00	1293.00	1294.50	1295.50	1296.00	1297.00	1299.00	1300.00	1301.50	1302.50	1303.50	1305.50	1306.50	1307.00	1309.00	1310.50	1311.00	1312.00	1312.50	1313.00	1314.00	1315.50	1317.00	1318.50	1319.00	1319.50	1321.00	1322.50	1324.00	1325.00	1326.50	1327.50	1329.50	1331.50	1332.50	1334.00	1336.00	1337.50	1339.00	1341.00	1342.50	1343.50	1345.00	1346.50	1348.00	1349.00	1350.50	1351.00	1352.00	1353.50	1354.00	1355.00	1356.00	1358.00	1359.00	1360.50	1362.00	1363.50	1364.50	1365.50	1367.00	1369.00	1369.50	1370.50	1371.00	1371.50	1372.00	1372.00	1372.00	1372.00	1372.00	1373.00	1373.00	1374.00	1375.50	1376.50	1378.00	1379.50	1380.50	1382.00	1385.00	1386.50	1389.00	1391.00	1394.00	1397.00	1399.00	1401.00	1402.50	1405.00	1408.00	1410.00	1412.00	1414.50	1415.50	1417.50	1419.50	1420.50	1422.00	1424.00	1425.50	1427.00	1428.50	1429.50	1431.00	1433.00	1435.50	1438.00	1439.00	1440.50	1442.00	1444.50	1446.00	1447.50	1449.00	1451.50	1453.00	1454.00	1455.00	1455.50	1457.00	1457.50	1458.50	1460.00	1461.50	1462.00	1462.50	1464.00	1464.50	1466.00	1467.00	1467.50	1469.00	1470.00	1470.50	1471.50	1472.00	1473.50	1474.00	1475.00	1476.50	1477.50	1479.00	1480.50	1481.50	1483.00	1484.00	1485.50	1486.00	1487.50	1488.50	1489.00	1490.00	1491.00	1492.00	1492.00	1493.50	1494.00	1495.00	1496.50	1497.50	1500.00	1501.00	1503.00	1505.00	1507.50	1509.00	1511.00	1512.00	1514.50	1516.00	1518.50	1519.50	1521.00	1523.50	1524.50	1526.00	1527.00	1528.50	1530.00	1531.50	1533.00	1534.50	1535.00	1536.50	1538.00	1539.00	1540.00	1540.50	1542.00	1543.50	1544.00	1545.00	1546.00	1546.50	1548.00	1548.50	1549.50	1550.50	1552.00	1553.50	1555.00	1556.00	1558.00	1559.50	1561.00	1562.50	1563.50	1565.00	1566.00	1567.00	1568.00	1569.50	1570.00	1570.50	1572.00	1573.50	1575.00	1575.00	1576.50	1577.50	1578.50	1579.50	1580.50	1582.00	1582.50	1583.50	1585.00	1586.50	1587.00	1588.00
1266.00	1266.50	1266.75	1267.00	1267.50	1268.25	1269.50	1270.00	1271.50	1272.00	1273.00	1274.25	1275.00	1276.50	1277.50	1279.00	1280.50	1282.50	1283.50	1284.50	1287.50	1288.50	1290.50	1292.00	1294.00	1295.50	1298.25	1299.50	1300.25	1301.00	1302.00	1304.00	1305.00	1306.50	1307.50	1308.25	1310.00	1310.75	1311.50	1313.00	1314.50	1315.25	1316.00	1316.00	1316.00	1316.00	1317.75	1320.00	1322.00	1323.00	1324.00	1325.50	1327.00	1328.50	1329.50	1331.00	1332.00	1334.00	1336.25	1337.50	1339.50	1341.00	1342.75	1344.50	1346.75	1348.00	1349.00	1350.50	1352.25	1353.50	1354.50	1356.00	1356.50	1357.50	1358.75	1359.25	1360.50	1361.00	1363.50	1364.50	1366.00	1367.25	1368.50	1370.00	1371.00	1372.00	1373.50	1374.00	1374.75	1375.50	1376.00	1376.50	1376.50	1377.00	1377.50	1377.50	1378.25	1378.75	1380.00	1381.25	1382.00	1383.50	1385.50	1386.50	1387.75	1391.00	1392.50	1395.00	1396.50	1399.50	1402.00	1404.25	1406.00	1407.50	1409.50	1412.25	1414.50	1416.00	1418.25	1419.50	1421.25	1423.00	1423.75	1425.00	1426.50	1428.00	1429.50	1431.00	1432.00	1433.25	1435.00	1437.50	1439.50	1441.00	1442.75	1444.25	1446.75	1448.25	1449.75	1452.00	1454.25	1456.00	1457.00	1458.25	1459.00	1460.50	1461.00	1462.00	1463.50	1465.00	1465.50	1466.00	1467.75	1468.25	1469.50	1470.50	1471.00	1472.50	1473.25	1474.00	1475.00	1475.50	1477.00	1478.00	1479.00	1480.50	1481.50	1483.00	1484.50	1485.50	1487.00	1487.50	1489.00	1489.50	1491.00	1491.75	1492.25	1493.00	1494.00	1495.00	1495.00	1496.25	1496.75	1498.25	1500.00	1501.00	1503.50	1504.50	1506.75	1509.00	1511.25	1513.00	1515.00	1516.50	1518.75	1520.50	1522.50	1523.75	1525.25	1527.50	1528.50	1530.00	1531.00	1532.50	1534.00	1535.00	1536.25	1537.50	1538.50	1540.00	1541.50	1542.50	1543.25	1544.00	1545.25	1546.50	1547.25	1548.50	1549.00	1549.75	1551.00	1552.00	1552.75	1553.50	1555.00	1556.50	1558.00	1559.50	1561.25	1562.50	1564.00	1565.50	1566.50	1568.00	1568.50	1569.75	1570.50	1572.00	1572.75	1573.50	1575.00	1576.00	1577.50	1578.00	1579.50	1580.50	1581.75	1582.50	1583.50	1585.00	1585.75	1586.50	1588.00	1589.50	1590.00	1591.00
1271.00	1272.00	1272.50	1273.00	1273.00	1274.00	1275.00	1276.00	1277.50	1278.00	1279.00	1280.50	1281.50	1283.00	1284.00	1285.50	1287.00	1288.50	1289.50	1290.50	1293.50	1294.50	1296.00	1298.00	1299.50	1301.00	1303.50	1304.50	1305.00	1306.00	1307.00	1309.00	1310.00	1311.50	1312.50	1313.00	1314.50	1315.00	1316.00	1317.00	1318.50	1319.50	1320.00	1319.50	1319.00	1318.00	1320.00	1323.00	1325.50	1327.00	1328.50	1330.00	1331.50	1333.00	1334.00	1335.50	1336.50	1338.50	1341.00	1342.50	1345.00	1346.00	1348.00	1350.00	1352.50	1353.50	1354.50	1356.00	1358.00	1359.00	1360.00	1361.50	1362.00	1363.00	1364.00	1364.50	1366.00	1366.00	1369.00	1370.00	1371.50	1372.50	1373.50	1375.50	1376.50	1377.00	1378.00	1378.50	1379.00	1380.00	1380.50	1381.00	1381.00	1382.00	1383.00	1383.00	1383.50	1384.50	1386.00	1387.00	1387.50	1389.00	1391.50	1392.50	1393.50	1397.00	1398.50	1401.00	1402.00	1405.00	1407.00	1409.50	1411.00	1412.50	1414.00	1416.50	1419.00	1420.00	1422.00	1423.50	1425.00	1426.50	1427.00	1428.00	1429.00	1430.50	1432.00	1433.50	1434.50	1435.50	1437.00	1439.50	1441.00	1443.00	1445.00	1446.50	1449.00	1450.50	1452.00	1455.00	1457.00	1459.00	1460.00	1461.50	1462.50	1464.00	1464.50	1465.50	1467.00	1468.50	1469.00	1469.50	1471.50	1472.00	1473.00	1474.00	1474.50	1476.00	1476.50	1477.50	1478.50	1479.00	1480.50	1482.00	1483.00	1484.50	1485.50	1487.00	1488.50	1489.50	1491.00	1491.00	1492.50	1493.00	1494.50	1495.00	1495.50	1496.00	1497.00	1498.00	1498.00	1499.00	1499.50	1501.50	1503.50	1504.50	1507.00	1508.00	1510.50	1513.00	1515.00	1517.00	1519.00	1521.00	1523.00	1525.00	1526.50	1528.00	1529.50	1531.50	1532.50	1534.00	1535.00	1536.50	1538.00	1538.50	1539.50	1540.50	1542.00	1543.50	1545.00	1546.00	1546.50	1547.50	1548.50	1549.50	1550.50	1552.00	1552.00	1553.00	1554.00	1555.50	1556.00	1556.50	1558.00	1559.50	1561.00	1563.00	1564.50	1565.50	1567.00	1568.50	1569.50	1571.00	1571.00	1572.50	1573.00	1574.50	1575.50	1576.50	1578.00	1578.50	1580.00	1581.00	1582.50	1583.50	1585.00	1585.50	1586.50	1588.00	1589.00	1589.50	1591.00	1592.50	1593.00	1594.00
1271.00	1272.00	1272.50	1273.00	1273.00	1274.00	1275.00	1276.00	1277.50	1278.00	1279.00	1280.50	1281.50	1283.00	1284.00	1285.50	1287.00	1288.50	1289.50	1290.50	1293.50	1294.50	1296.00	1298.00	1299.50	1301.00	1303.50	1304.50	1305.00	1306.00	1307.00	1309.00	1310.00	1311.50	1312.50	1313.00	1314.50	1315.00	1316.00	1317.00	1318.50	1319.50	1320.00	1319.50	1319.00	1318.00	1320.00	1323.00	1325.50	1327.00	1328.50	1330.00	1331.50	1333.00	1334.00	1335.50	1336.50	1338.50	1341.00	1342.50	1345.00	1346.00	1348.00	1350.00	1352.50	1353.50	1354.50	1356.00	1358.00	1359.00	1360.00	1361.50	1362.00	1363.00	1364.00	1364.50	1366.00	1366.00	1369.00	1370.00	1371.50	1372.50	1373.50	1375.50	1376.50	1377.00	1378.00	1378.50	1379.00	1380.00	1380.50	1381.00	1381.00	1382.00	1383.00	1383.00	1383.50	1384.50	1386.00	1387.00	1387.50	1389.00	1391.50	1392.50	1393.50	1397.00	1398.50	1401.00	1402.00	1405.00	1407.00	1409.50	1411.00	1412.50	1414.00	1416.50	1419.00	1420.00	1422.00	1423.50	1425.00	1426.50	1427.00	1428.00	1429.00	1430.50	1432.00	1433.50	1434.50	1435.50	1437.00	1439.50	1441.00	1443.00	1445.00	1446.50	1449.00	1450.50	1452.00	1455.00	1457.00	1459.00	1460.00	1461.50	1462.50	1464.00	1464.50	1465.50	1467.00	1468.50	1469.00	1469.50	1471.50	1472.00	1473.00	1474.00	1474.50	1476.00	1476.50	1477.50	1478.50	1479.00	1480.50	1482.00	1483.00	1484.50	1485.50	1487.00	1488.50	1489.50	1491.00	1491.00	1492.50	1493.00	1494.50	1495.00	1495.50	1496.00	1497.00	1498.00	1498.00	1499.00	1499.50	1501.50	1503.50	1504.50	1507.00	1508.00	1510.50	1513.00	1515.00	1517.00	1519.00	1521.00	1523.00	1525.00	1526.50	1528.00	1529.50	1531.50	1532.50	1534.00	1535.00	1536.50	1538.00	1538.50	1539.50	1540.50	1542.00	1543.50	1545.00	1546.00	1546.50	1547.50	1548.50	1549.50	1550.50	1552.00	1552.00	1553.00	1554.00	1555.50	1556.00	1556.50	1558.00	1559.50	1561.00	1563.00	1564.50	1565.50	1567.00	1568.50	1569.50	1571.00	1571.00	1572.50	1573.00	1574.50	1575.50	1576.50	1578.00	1578.50	1580.00	1581.00	1582.50	1583.50	1585.00	1585.50	1586.50	1588.00	1589.00	1589.50	1591.00	1592.50	1593.00	1594.00
1271.00	1272.00	1272.50	1273.00	1273.00	1274.00	1275.00	1276.00	1277.50	1278.00	1279.00	1280.50	1281.50	1283.00	1284.00	1285.50	1287.00	1288.50	1289.50	1290.50	1293.50	1294.50	1296.00	1298.00	1299.50	1301.00	1303.50	1304.50	1305.00	1306.00	1307.00	1309.00	1310.00	1311.50	1312.50	1313.00	1314.50	1315.00	1316.00	1317.00	1318.50	1319.50	1320.00	1319.50	1319.00	1318.00	1320.00	1323.00	1325.50	1327.00	1328.50	1330.00	1331.50	1333.00	1334.00	1335.50	1336.50	1338.50	1341.00	1342.50	1345.00	1346.00	1348.00	1350.00	1352.50	1353.50	1354.50	1356.00	1358.00	1359.00	1360.00	1361.50	1362.00	1363.00	1364.00	1364.50	1366.00	1366.00	1369.00	1370.00	1371.50	1372.50	1373.50	1375.50	1376.50	1377.00	1378.00	1378.50	1379.00	1380.00	1380.50	1381.00	1381.00	1382.00	1383.00	1383.00	1383.50	1384.50	1386.00	1387.00	1387.50	1389.00	1391.50	1392.50	1393.50	1397.00	1398.50	1401.00	1402.00	1405.00	1407.00	1409.50	1411.00	1412.50	1414.00	1416.50	1419.00	1420.00	1422.00	1423.50	1425.00	1426.50	1427.00	1428.00	1429.00	1430.50	1432.00	1433.50	1434.50	1435.50	1437.00	1439.50	1441.00	1443.00	1445.00	1446.50	1449.00	1450.50	1452.00	1455.00	1457.00	1459.00	1460.00	1461.50	1462.50	1464.00	1464.50	1465.50	1467.00	1468.50	1469.00	1469.50	1471.50	1472.00	1473.00	1474.00	1474.50	1476.00	1476.50	1477.50	1478.50	1479.00	1480.50	1482.00	1483.00	1484.50	1485.50	1487.00	1488.50	1489.50	1491.00	1491.00	1492.50	1493.00	1494.50	1495.00	1495.50	1496.00	1497.00	1498.00	1498.00	1499.00	1499.50	1501.50	1503.50	1504.50	1507.00	1508.00	1510.50	1513.00	1515.00	1517.00	1519.00	1521.00	1523.00	1525.00	1526.50	1528.00	1529.50	1531.50	1532.50	1534.00	1535.00	1536.50	1538.00	1538.50	1539.50	1540.50	1542.00	1543.50	1545.00	1546.00	1546.50	1547.50	1548.50	1549.50	1550.50	1552.00	1552.00	1553.00	1554.00	1555.50	1556.00	1556.50	1558.00	1559.50	1561.00	1563.00	1564.50	1565.50	1567.00	1568.50	1569.50	1571.00	1571.00	1572.50	1573.00	1574.50	1575.50	1576.50	1578.00	1578.50	1580.00	1581.00	1582.50	1583.50	1585.00	1585.50	1586.50	1588.00	1589.00	1589.50	1591.00	1592.50	1593.00	1594.00
1281.00	1281.50	1282.50	1283.00	1284.00	1284.50	1286.00	1287.00	1288.50	1289.50	1291.00	1292.50	1293.50	1295.00	1296.00	1296.50	1298.00	1299.50	1301.00	1302.50	1304.50	1305.50	1307.00	1308.00	1310.50	1311.50	1313.50	1314.00	1314.50	1316.00	1317.00	1319.00	1320.00	1321.00	1321.50	1322.50	1323.50	1324.50	1326.00	1326.00	1327.50	1328.00	1328.50	1329.00	1329.00	1330.00	1331.50	1333.00	1334.50	1335.50	1337.00	1339.00	1340.50	1342.00	1344.00	1345.50	1347.00	1349.50	1351.50	1353.00	1356.00	1357.00	1359.00	1361.00	1363.00	1364.50	1365.50	1367.00	1368.50	1370.00	1370.00	1371.00	1371.50	1372.50	1373.00	1373.50	1375.00	1376.00	1378.00	1379.00	1380.50	1381.50	1383.00	1385.50	1386.00	1387.00	1388.00	1388.50	1389.50	1390.50	1391.00	1391.00	1392.00	1392.50	1393.00	1394.00	1395.00	1395.50	1397.00	1398.50	1399.50	1401.00	1402.50	1404.00	1405.50	1407.50	1409.00	1411.00	1412.00	1414.50	1417.00	1418.50	1419.50	1420.50	1423.00	1424.50	1426.00	1428.00	1429.50	1430.50	1432.00	1433.50	1434.50	1435.00	1436.00	1436.50	1437.00	1438.50	1439.50	1440.00	1441.00	1443.00	1445.00	1447.00	1449.00	1450.50	1453.50	1455.00	1456.50	1459.00	1462.00	1464.00	1466.00	1468.00	1469.50	1471.00	1472.50	1473.50	1474.00	1475.50	1476.50	1477.50	1478.50	1479.50	1481.00	1481.00	1482.50	1484.00	1484.50	1485.50	1486.00	1487.00	1488.50	1490.00	1491.00	1492.50	1493.50	1495.00	1496.50	1497.00	1498.00	1499.00	1499.50	1501.00	1501.00	1501.50	1502.00	1503.00	1503.50	1505.00	1505.00	1506.50	1507.50	1509.00	1511.00	1512.50	1515.00	1517.00	1519.00	1521.00	1523.50	1525.00	1528.00	1529.00	1531.50	1533.00	1534.50	1535.50	1536.50	1538.50	1539.50	1541.00	1541.00	1542.50	1544.00	1545.50	1546.50	1547.50	1549.00	1550.50	1551.00	1552.00	1553.50	1554.00	1555.00	1556.50	1557.00	1558.00	1558.00	1559.00	1560.00	1561.50	1562.50	1563.00	1564.00	1566.50	1568.00	1569.00	1570.00	1570.50	1572.00	1573.50	1574.50	1576.00	1577.00	1578.00	1579.00	1580.50	1581.50	1582.50	1584.00	1585.50	1586.00	1587.00	1588.50	1589.50	1591.50	1592.50	1593.00	1594.00	1595.50	1596.50	1597.00	1598.50	1599.50	1600.00
1281.00	1281.50	1282.50	1283.00	1284.00	1284.50	1286.00	1287.00	1288.50	1289.50	1291.00	1292.50	1293.50	1295.00	1296.00	1296.50	1298.00	1299.50	1301.00	1302.50	1304.50	1305.50	1307.00	1308.00	1310.50	1311.50	1313.50	1314.00	1314.50	1316.00	1317.00	1319.00	1320.00	1321.00	1321.50	1322.50	1323.50	1324.50	1326.00	1326.00	1327.50	1328.00	1328.50	1329.00	1329.00	1330.00	1331.50	1333.00	1334.50	1335.50	1337.00	1339.00	1340.50	1342.00	1344.00	1345.50	1347.00	1349.50	1351.50	1353.00	1356.00	1357.00	1359.00	1361.00	1363.00	1364.50	1365.50	1367.00	1368.50	1370.00	1370.00	1371.00	1371.50	1372.50	1373.00	1373.50	1375.00	1376.00	1378.00	1379.00	1380.50	1381.50	1383.00	1385.50	1386.00	1387.00	1388.00	1388.50	1389.50	1390.50	1391.00	1391.00	1392.00	1392.50	1393.00	1394.00	1395.00	1395.50	1397.00	1398.50	1399.50	1401.00	1402.50	1404.00	1405.50	1407.50	1409.00	1411.00	1412.00	1414.50	1417.00	1418.50	1419.50	1420.50	1423.00	1424.50	1426.00	1428.00	1429.50	1430.50	1432.00	1433.50	1434.50	1435.00	1436.00	1436.50	1437.00	1438.50	1439.50	1440.00	1441.00	1443.00	1445.00	1447.00	1449.00	1450.50	1453.50	1455.00	1456.50	1459.00	1462.00	1464.00	1466.00	1468.00	1469.50	1471.00	1472.50	1473.50	1474.00	1475.50	1476.50	1477.50	1478.50	1479.50	1481.00	1481.00	1482.50	1484.00	1484.50	1485.50	1486.00	1487.00	1488.50	1490.00	1491.00	1492.50	1493.50	1495.00	1496.50	1497.00	1498.00	1499.00	1499.50	1501.00	1501.00	1501.50	1502.00	1503.00	1503.50	1505.00	1505.00	1506.50	1507.50	1509.00	1511.00	1512.50	1515.00	1517.00	1519.00	1521.00	1523.50	1525.00	1528.00	1529.00	1531.50	1533.00	1534.50	1535.50	1536.50	1538.50	1539.50	1541.00	1541.00	1542.50	1544.00	1545.50	1546.50	1547.50	1549.00	1550.50	1551.00	1552.00	1553.50	1554.00	1555.00	1556.50	1557.00	1558.00	1558.00	1559.00	1560.00	1561.50	1562.50	1563.00	1564.00	1566.50	1568.00	1569.00	1570.00	1570.50	1572.00	1573.50	1574.50	1576.00	1577.00	1578.00	1579.00	1580.50	1581.50	1582.50	1584.00	1585.50	1586.00	1587.00	1588.50	1589.50	1591.50	1592.50	1593.00	1594.00	1595.50	1596.50	1597.00	1598.50	1599.50	1600.00
1281.00	1281.50	1282.50	1283.00	1284.00	1284.50	1286.00	1287.00	1288.50	1289.50	1291.00	1292.50	1293.50	1295.00	1296.00	1296.50	1298.00	1299.50	1301.00	1302.50	1304.50	1305.50	1307.00	1308.00	1310.50	1311.50	1313.50	1314.00	1314.50	1316.00	1317.00	1319.00	1320.00	1321.00	1321.50	1322.50	1323.50	1324.50	1326.00	1326.00	1327.50	1328.00	1328.50	1329.00	1329.00	1330.00	1331.50	1333.00	1334.50	1335.50	1337.00	1339.00	1340.50	1342.00	1344.00	1345.50	1347.00	1349.50	1351.50	1353.00	1356.00	1357.00	1359.00	1361.00	1363.00	1364.50	1365.50	1367.00	1368.50	1370.00	1370.00	1371.00	1371.50	1372.50	1373.00	1373.50	1375.00	1376.00	1378.00	1379.00	1380.50	1381.50	1383.00	1385.50	1386.00	1387.00	1388.00	1388.50	1389.50	1390.50	1391.00	1391.00	1392.00	1392.50	1393.00	1394.00	1395.00	1395.50	1397.00	1398.50	1399.50	1401.00	1402.50	1404.00	1405.50	1407.50	1409.00	1411.00	1412.00	1414.50	1417.00	1418.50	1419.50	1420.50	1423.00	1424.50	1426.00	1428.00	1429.50	1430.50	1432.00	1433.50	1434.50	1435.00	1436.00	1436.50	1437.00	1438.50	1439.50	1440.00	1441.00	1443.00	1445.00	1447.00	1449.00	1450.50	1453.50	1455.00	1456.50	1459.00	1462.00	1464.00	1466.00	1468.00	1469.50	1471.00	1472.50	1473.50	1474.00	1475.50	1476.50	1477.50	1478.50	1479.50	1481.00	1481.00	1482.50	1484.00	1484.50	1485.50	1486.00	1487.00	1488.50	1490.00	1491.00	1492.50	1493.50	1495.00	1496.50	1497.00	1498.00	1499.00	1499.50	1501.00	1501.00	1501.50	1502.00	1503.00	1503.50	1505.00	1505.00	1506.50	1507.50	1509.00	1511.00	1512.50	1515.00	1517.00	1519.00	1521.00	1523.50	1525.00	1528.00	1529.00	1531.50	1533.00	1534.50	1535.50	1536.50	1538.50	1539.50	1541.00	1541.00	1542.50	1544.00	1545.50	1546.50	1547.50	1549.00	1550.50	1551.00	1552.00	1553.50	1554.00	1555.00	1556.50	1557.00	1558.00	1558.00	1559.00	1560.00	1561.50	1562.50	1563.00	1564.00	1566.50	1568.00	1569.00	1570.00	1570.50	1572.00	1573.50	1574.50	1576.00	1577.00	1578.00	1579.00	1580.50	1581.50	1582.50	1584.00	1585.50	1586.00	1587.00	1588.50	1589.50	1591.50	1592.50	1593.00	1594.00	1595.50	1596.50	1597.00	1598.50	1599.50	1600.00
1288.00	1289.50	1290.50	1291.50	1293.00	1293.50	1295.00	1296.00	1297.50	1298.50	1300.00	1301.50	1302.50	1304.00	1305.00	1307.50	1309.00	1310.50	1311.00	1311.50	1313.50	1314.50	1317.00	1318.00	1319.50	1320.50	1322.00	1322.50	1323.50	1325.00	1326.00	1327.00	1328.00	1329.50	1330.50	1331.00	1332.50	1333.50	1335.00	1335.00	1336.50	1337.50	1339.50	1340.00	1340.50	1342.00	1343.00	1344.00	1345.00	1345.50	1346.50	1349.00	1351.00	1353.00	1355.00	1357.00	1358.50	1360.50	1363.00	1365.00	1367.00	1369.00	1371.50	1373.00	1374.50	1375.50	1376.50	1377.00	1378.50	1380.00	1380.00	1381.00	1381.50	1382.00	1382.50	1383.50	1385.00	1386.00	1388.00	1389.00	1390.50	1391.50	1392.50	1394.50	1395.50	1397.00	1398.00	1399.50	1400.00	1401.00	1401.50	1402.00	1403.00	1403.50	1404.00	1405.00	1405.50	1406.50	1408.00	1409.50	1410.50	1412.00	1413.50	1414.50	1415.50	1417.50	1418.50	1420.00	1421.00	1423.00	1425.00	1426.50	1427.50	1428.50	1430.00	1432.50	1434.00	1435.00	1436.50	1437.50	1439.00	1440.00	1440.50	1441.00	1442.00	1442.50	1443.00	1444.00	1444.50	1445.50	1447.00	1448.50	1450.00	1452.00	1454.00	1455.50	1459.00	1461.00	1463.00	1466.00	1468.50	1471.00	1473.00	1475.50	1477.00	1479.00	1480.50	1481.50	1483.00	1484.00	1484.50	1485.50	1486.50	1487.50	1488.00	1489.00	1490.00	1491.00	1492.00	1492.50	1493.50	1495.00	1495.50	1497.00	1498.00	1499.50	1500.50	1502.00	1503.00	1503.50	1505.00	1506.00	1506.50	1507.00	1508.00	1508.50	1509.00	1510.00	1511.00	1512.00	1513.00	1515.50	1516.50	1518.50	1520.50	1522.00	1524.00	1526.00	1528.00	1530.00	1532.00	1533.50	1536.00	1537.00	1539.50	1541.00	1542.50	1543.50	1544.00	1545.50	1546.50	1548.00	1548.00	1549.50	1551.00	1552.50	1553.50	1554.50	1555.00	1556.50	1558.00	1558.00	1559.50	1560.50	1561.50	1562.50	1563.00	1564.00	1564.00	1565.50	1567.00	1567.50	1568.50	1569.50	1571.00	1572.50	1574.00	1575.00	1576.50	1577.50	1578.50	1579.50	1580.50	1582.00	1583.00	1584.50	1586.00	1586.50	1587.50	1588.50	1591.00	1592.00	1593.00	1594.00	1595.50	1596.50	1598.50	1599.50	1600.00	1601.00	1602.50	1603.00	1604.00	1605.00	1605.50	1607.00
1288.00	1289.50	1290.50	1291.50	1293.00	1293.50	1295.00	1296.00	1297.50	1298.50	1300.00	1301.50	1302.50	1304.00	1305.00	1307.50	1309.00	1310.50	1311.00	1311.50	1313.50	1314.50	1317.00	1318.00	1319.50	1320.50	1322.00	1322.50	1323.50	1325.00	1326.00	1327.00	1328.00	1329.50	1330.50	1331.00	1332.50	1333.50	1335.00	1335.00	1336.50	1337.50	1339.50	1340.00	1340.50	1342.00	1343.00	1344.00	1345.00	1345.50	1346.50	1349.00	1351.00	1353.00	1355.00	1357.00	1358.50	1360.50	1363.00	1365.00	1367.00	1369.00	1371.50	1373.00	1374.50	1375.50	1376.50	1377.00	1378.50	1380.00	1380.00	1381.00	1381.50	1382.00	1382.50	1383.50	1385.00	1386.00	1388.00	1389.00	1390.50	1391.50	1392.50	1394.50	1395.50	1397.00	1398.00	1399.50	1400.00	1401.00	1401.50	1402.00	1403.00	1403.50	1404.00	1405.00	1405.50	1406.50	1408.00	1409.50	1410.50	1412.00	1413.50	1414.50	1415.50	1417.50	1418.50	1420.00	1421.00	1423.00	1425.00	1426.50	1427.50	1428.50	1430.00	1432.50	1434.00	1435.00	1436.50	1437.50	1439.00	1440.00	1440.50	1441.00	1442.00	1442.50	1443.00	1444.00	1444.50	1445.50	1447.00	1448.50	1450.00	1452.00	1454.00	1455.50	1459.00	1461.00	1463.00	1466.00	1468.50	1471.00	1473.00	1475.50	1477.00	1479.00	1480.50	1481.50	1483.00	1484.00	1484.50	1485.50	1486.50	1487.50	1488.00	1489.00	1490.00	1491.00	1492.00	1492.50	1493.50	1495.00	1495.50	1497.00	1498.00	1499.50	1500.50	1502.00	1503.00	1503.50	1505.00	1506.00	1506.50	1507.00	1508.00	1508.50	1509.00	1510.00	1511.00	1512.00	1513.00	1515.50	1516.50	1518.50	1520.50	1522.00	1524.00	1526.00	1528.00	1530.00	1532.00	1533.50	1536.00	1537.00	1539.50	1541.00	1542.50	1543.50	1544.00	1545.50	1546.50	1548.00	1548.00	1549.50	1551.00	1552.50	1553.50	1554.50	1555.00	1556.50	1558.00	1558.00	1559.50	1560.50	1561.50	1562.50	1563.00	1564.00	1564.00	1565.50	1567.00	1567.50	1568.50	1569.50	1571.00	1572.50	1574.00	1575.00	1576.50	1577.50	1578.50	1579.50	1580.50	1582.00	1583.00	1584.50	1586.00	1586.50	1587.50	1588.50	1591.00	1592.00	1593.00	1594.00	1595.50	1596.50	1598.50	1599.50	1600.00	1601.00	1602.50	1603.00	1604.00	1605.00	1605.50	1607.00
1288.00	1289.50	1290.50	1291.50	1293.00	1293.50	1295.00	1296.00	1297.50	1298.50	1300.00	1301.50	1302.50	1304.00	1305.00	1307.50	1309.00	1310.50	1311.00	1311.50	1313.50	1314.50	1317.00	1318.00	1319.50	1320.50	1322.00	1322.50	1323.50	1325.00	1326.00	1327.00	1328.00	1329.50	1330.50	1331.00	1332.50	1333.50	1335.00	1335.00	1336.50	1337.50	1339.50	1340.00	1340.50	1342.00	1343.00	1344.00	1345.00	1345.50	1346.50	1349.00	1351.00	1353.00	1355.00	1357.00	1358.50	1360.50	1363.00	1365.00	1367.00	1369.00	1371.50	1373.00	1374.50	1375.50	1376.50	1377.00	1378.50	1380.00	1380.00	1381.00	1381.50	1382.00	1382.50	1383.50	1385.00	1386.00	1388.00	1389.00	1390.50	1391.50	1392.50	1394.50	1395.50	1397.00	1398.00	1399.50	1400.00	1401.00	1401.50	1402.00	1403.00	1403.50	1404.00	1405.00	1405.50	1406.50	1408.00	1409.50	1410.50	1412.00	1413.50	1414.50	1415.50	1417.50	1418.50	1420.00	1421.00	1423.00	1425.00	1426.50	1427.50	1428.50	1430.00	1432.50	1434.00	1435.00	1436.50	1437.50	1439.00	1440.00	1440.50	1441.00	1442.00	1442.50	1443.00	1444.00	1444.50	1445.50	1447.00	1448.50	1450.00	1452.00	1454.00	1455.50	1459.00	1461.00	1463.00	1466.00	1468.50	1471.00	1473.00	1475.50	1477.00	1479.00	1480.50	1481.50	1483.00	1484.00	1484.50	1485.50	1486.50	1487.50	1488.00	1489.00	1490.00	1491.00	1492.00	1492.50	1493.50	1495.00	1495.50	1497.00	1498.00	1499.50	1500.50	1502.00	1503.00	1503.50	1505.00	1506.00	1506.50	1507.00	1508.00	1508.50	1509.00	1510.00	1511.00	1512.00	1513.00	1515.50	1516.50	1518.50	1520.50	1522.00	1524.00	1526.00	1528.00	1530.00	1532.00	1533.50	1536.00	1537.00	1539.50	1541.00	1542.50	1543.50	1544.00	1545.50	1546.50	1548.00	1548.00	1549.50	1551.00	1552.50	1553.50	1554.50	1555.00	1556.50	1558.00	1558.00	1559.50	1560.50	1561.50	1562.50	1563.00	1564.00	1564.00	1565.50	1567.00	1567.50	1568.50	1569.50	1571.00	1572.50	1574.00	1575.00	1576.50	1577.50	1578.50	1579.50	1580.50	1582.00	1583.00	1584.50	1586.00	1586.50	1587.50	1588.50	1591.00	1592.00	1593.00	1594.00	1595.50	1596.50	1598.50	1599.50	1600.00	1601.00	1602.50	1603.00	1604.00	1605.00	1605.50	1607.00
1292.50	1293.75	1294.50	1295.50	1297.00	1298.00	1299.50	1300.50	1302.00	1303.00	1304.50	1306.00	1307.00	1308.50	1309.50	1311.50	1313.00	1314.50	1315.25	1316.00	1318.00	1319.00	1320.50	1321.50	1323.00	1324.00	1325.75	1326.25	1327.00	1328.50	1329.50	1331.00	1332.00	1333.25	1334.00	1334.75	1336.00	1337.00	1338.50	1339.00	1340.50	1341.50	1343.50	1344.25	1345.25	1347.00	1348.25	1349.50	1350.75	1351.50	1352.50	1354.50	1356.25	1358.50	1360.50	1362.50	1364.25	1366.50	1368.75	1370.50	1372.50	1374.50	1376.50	1378.50	1380.00	1381.00	1382.00	1382.50	1383.75	1385.00	1385.50	1386.25	1387.00	1387.75	1388.50	1389.25	1390.50	1391.50	1393.50	1394.50	1396.00	1397.00	1398.00	1400.00	1401.00	1402.50	1403.50	1405.00	1405.50	1406.50	1407.00	1407.50	1408.50	1409.00	1409.50	1410.50	1411.00	1411.75	1413.00	1414.25	1415.00	1416.50	1418.00	1419.00	1420.00	1422.00	1423.00	1424.50	1425.50	1427.25	1429.00	1430.50	1431.50	1432.50	1434.00	1436.00	1437.50	1438.50	1440.00	1441.00	1442.25	1443.00	1443.50	1444.00	1445.00	1445.50	1446.00	1446.75	1447.50	1448.50	1450.00	1451.50	1453.50	1455.00	1457.50	1459.00	1462.50	1464.50	1466.50	1469.50	1472.25	1475.00	1477.00	1479.50	1480.75	1482.50	1484.50	1485.50	1486.50	1487.75	1488.25	1489.00	1490.50	1491.50	1492.50	1493.00	1494.00	1495.00	1495.75	1496.50	1497.25	1498.50	1499.50	1500.50	1501.50	1503.00	1503.75	1505.00	1506.25	1507.00	1508.00	1509.00	1510.00	1511.00	1512.00	1512.50	1513.25	1514.00	1515.25	1516.50	1517.50	1520.00	1521.00	1523.00	1525.00	1526.50	1528.50	1530.50	1532.50	1534.50	1536.75	1538.00	1540.00	1541.00	1543.00	1544.50	1545.75	1546.50	1547.25	1548.75	1549.50	1551.00	1551.50	1552.75	1554.00	1555.50	1556.50	1557.50	1558.50	1560.00	1561.50	1561.50	1563.00	1564.00	1565.00	1566.00	1566.50	1567.50	1568.00	1569.00	1570.50	1571.00	1572.00	1573.00	1574.50	1575.50	1577.00	1578.00	1579.50	1580.50	1581.75	1583.00	1584.00	1585.50	1586.00	1587.50	1589.00	1590.00	1591.00	1592.00	1594.00	1595.25	1596.50	1597.50	1598.75	1599.50	1601.50	1602.50	1603.25	1604.50	1605.50	1606.25	1607.50	1608.25	1609.00	1610.00
1297.00	1298.00	1298.50	1299.50	1301.00	1302.50	1304.00	1305.00	1306.50	1307.50	1309.00	1310.50	1311.50	1313.00	1314.00	1315.50	1317.00	1318.50	1319.50	1320.50	1322.50	1323.50	1324.00	1325.00	1326.50	1327.50	1329.50	1330.00	1330.50	1332.00	1333.00	1335.00	1336.00	1337.00	1337.50	1338.50	1339.50	1340.50	1342.00	1343.00	1344.50	1345.50	1347.50	1348.50	1350.00	1352.00	1353.50	1355.00	1356.50	1357.50	1358.50	1360.00	1361.50	1364.00	1366.00	1368.00	1370.00	1372.50	1374.50	1376.00	1378.00	1380.00	1381.50	1384.00	1385.50	1386.50	1387.50	1388.00	1389.00	1390.00	1391.00	1391.50	1392.50	1393.50	1394.50	1395.00	1396.00	1397.00	1399.00	1400.00	1401.50	1402.50	1403.50	1405.50	1406.50	1408.00	1409.00	1410.50	1411.00	1412.00	1412.50	1413.00	1414.00	1414.50	1415.00	1416.00	1416.50	1417.00	1418.00	1419.00	1419.50	1421.00	1422.50	1423.50	1424.50	1426.50	1427.50	1429.00	1430.00	1431.50	1433.00	1434.50	1435.50	1436.50	1438.00	1439.50	1441.00	1442.00	1443.50	1444.50	1445.50	1446.00	1446.50	1447.00	1448.00	1448.50	1449.00	1449.50	1450.50	1451.50	1453.00	1454.50	1457.00	1458.00	1461.00	1462.50	1466.00	1468.00	1470.00	1473.00	1476.00	1479.00	1481.00	1483.50	1484.50	1486.00	1488.50	1489.50	1490.00	1491.50	1492.00	1492.50	1494.50	1495.50	1497.00	1497.00	1498.00	1499.00	1499.50	1500.50	1501.00	1502.00	1503.50	1504.00	1505.00	1506.50	1507.00	1508.00	1509.50	1510.50	1511.00	1512.00	1513.50	1515.00	1516.00	1516.50	1517.50	1518.00	1519.50	1521.00	1522.00	1524.50	1525.50	1527.50	1529.50	1531.00	1533.00	1535.00	1537.00	1539.00	1541.50	1542.50	1544.00	1545.00	1546.50	1548.00	1549.00	1549.50	1550.50	1552.00	1552.50	1554.00	1555.00	1556.00	1557.00	1558.50	1559.50	1560.50	1562.00	1563.50	1565.00	1565.00	1566.50	1567.50	1568.50	1569.50	1570.00	1571.00	1572.00	1572.50	1574.00	1574.50	1575.50	1576.50	1578.00	1578.50	1580.00	1581.00	1582.50	1583.50	1585.00	1586.50	1587.50	1589.00	1589.00	1590.50	1592.00	1593.50	1594.50	1595.50	1597.00	1598.50	1600.00	1601.00	1602.00	1602.50	1604.50	1605.50	1606.50	1608.00	1608.50	1609.50	1611.00	1611.50	1612.50	1613.00
1297.00	1298.00	1298.50	1299.50	1301.00	1302.50	1304.00	1305.00	1306.50	1307.50	1309.00	1310.50	1311.50	1313.00	1314.00	1315.50	1317.00	1318.50	1319.50	1320.50	1322.50	1323.50	1324.00	1325.00	1326.50	1327.50	1329.50	1330.00	1330.50	1332.00	1333.00	1335.00	1336.00	1337.00	1337.50	1338.50	1339.50	1340.50	1342.00	1343.00	1344.50	1345.50	1347.50	1348.50	1350.00	1352.00	1353.50	1355.00	1356.50	1357.50	1358.50	1360.00	1361.50	1364.00	1366.00	1368.00	1370.00	1372.50	1374.50	1376.00	1378.00	1380.00	1381.50	1384.00	1385.50	1386.50	1387.50	1388.00	1389.00	1390.00	1391.00	1391.50	1392.50	1393.50	1394.50	1395.00	1396.00	1397.00	1399.00	1400.00	1401.50	1402.50	1403.50	1405.50	1406.50	1408.00	1409.00	1410.50	1411.00	1412.00	1412.50	1413.00	1414.00	1414.50	1415.00	1416.00	1416.50	1417.00	1418.00	1419.00	1419.50	1421.00	1422.50	1423.50	1424.50	1426.50	1427.50	1429.00	1430.00	1431.50	1433.00	1434.50	1435.50	1436.50	1438.00	1439.50	1441.00	1442.00	1443.50	1444.50	1445.50	1446.00	1446.50	1447.00	1448.00	1448.50	1449.00	1449.50	1450.50	1451.50	1453.00	1454.50	1457.00	1458.00	1461.00	1462.50	1466.00	1468.00	1470.00	1473.00	1476.00	1479.00	1481.00	1483.50	1484.50	1486.00	1488.50	1489.50	1490.00	1491.50	1492.00	1492.50	1494.50	1495.50	1497.00	1497.00	1498.00	1499.00	1499.50	1500.50	1501.00	1502.00	1503.50	1504.00	1505.00	1506.50	1507.00	1508.00	1509.50	1510.50	1511.00	1512.00	1513.50	1515.00	1516.00	1516.50	1517.50	1518.00	1519.50	1521.00	1522.00	1524.50	1525.50	1527.50	1529.50	1531.00	1533.00	1535.00	1537.00	1539.00	1541.50	1542.50	1544.00	1545.00	1546.50	1548.00	1549.00	1549.50	1550.50	1552.00	1552.50	1554.00	1555.00	1556.00	1557.00	1558.50	1559.50	1560.50	1562.00	1563.50	1565.00	1565.00	1566.50	1567.50	1568.50	1569.50	1570.00	1571.00	1572.00	1572.50	1574.00	1574.50	1575.50	1576.50	1578.00	1578.50	1580.00	1581.00	1582.50	1583.50	1585.00	1586.50	1587.50	1589.00	1589.00	1590.50	1592.00	1593.50	1594.50	1595.50	1597.00	1598.50	1600.00	1601.00	1602.00	1602.50	1604.50	1605.50	1606.50	1608.00	1608.50	1609.50	1611.00	1611.50	1612.50	1613.00
1301.50	1302.25	1303.00	1303.75	1305.00	1306.50	1308.00	1309.00	1310.50	1311.50	1313.00	1314.50	1315.50	1317.00	1318.00	1319.50	1321.00	1322.50	1323.50	1324.50	1326.25	1327.00	1328.00	1329.00	1330.25	1331.00	1333.00	1333.50	1334.00	1335.00	1336.00	1337.50	1338.50	1339.75	1340.25	1341.00	1342.50	1343.50	1345.00	1346.00	1347.50	1348.50	1351.00	1352.00	1353.50	1355.50	1357.50	1359.50	1361.00	1362.00	1363.00	1365.00	1366.50	1368.50	1370.50	1372.50	1374.50	1377.25	1379.50	1381.00	1383.00	1384.50	1386.50	1388.50	1390.25	1391.50	1392.50	1393.50	1394.25	1395.50	1396.50	1397.50	1398.50	1399.75	1401.00	1401.50	1402.50	1403.00	1405.00	1405.50	1407.00	1408.00	1409.00	1411.00	1412.00	1413.50	1414.50	1415.50	1416.00	1416.50	1417.00	1417.50	1418.50	1419.25	1420.00	1421.00	1421.25	1421.75	1422.50	1423.75	1424.25	1425.50	1427.00	1427.75	1428.50	1430.50	1431.50	1433.00	1434.00	1435.50	1437.00	1438.50	1439.50	1440.50	1442.00	1443.50	1444.50	1445.50	1446.75	1447.50	1448.50	1449.25	1449.75	1450.50	1451.00	1451.75	1452.50	1453.50	1454.25	1455.00	1456.50	1458.50	1461.00	1462.00	1465.00	1466.75	1470.50	1472.50	1474.50	1477.00	1480.00	1483.00	1485.00	1487.00	1488.25	1490.00	1492.00	1492.75	1493.50	1495.00	1495.50	1496.00	1498.00	1498.75	1500.00	1500.50	1501.25	1502.50	1503.25	1504.00	1504.75	1506.00	1507.00	1508.00	1508.50	1510.00	1510.75	1511.75	1513.00	1514.00	1515.00	1516.00	1517.50	1519.00	1520.00	1520.50	1521.50	1522.50	1524.25	1526.00	1527.00	1529.25	1530.50	1532.50	1534.50	1535.75	1537.50	1539.50	1541.50	1543.50	1545.50	1546.50	1548.00	1548.50	1550.00	1551.00	1552.25	1553.00	1553.75	1555.25	1556.00	1557.00	1558.00	1559.25	1560.00	1561.50	1562.50	1563.50	1565.00	1567.00	1568.50	1569.00	1570.00	1571.00	1572.00	1573.00	1573.50	1574.50	1575.50	1576.00	1577.50	1578.00	1579.00	1580.00	1581.00	1582.00	1583.50	1584.50	1586.00	1586.75	1588.00	1589.50	1590.50	1592.00	1592.50	1594.00	1595.50	1597.00	1597.75	1598.50	1600.00	1601.50	1603.00	1604.00	1605.25	1606.00	1607.50	1608.50	1609.50	1610.50	1611.50	1612.50	1613.50	1614.50	1615.50	1616.00
1306.00	1306.50	1307.50	1308.00	1309.00	1310.50	1312.00	1313.00	1314.50	1315.50	1317.00	1318.50	1319.50	1321.00	1322.00	1323.50	1325.00	1326.50	1327.50	1328.50	1330.00	1330.50	1332.00	1333.00	1334.00	1334.50	1336.50	1337.00	1337.50	1338.00	1339.00	1340.00	1341.00	1342.50	1343.00	1343.50	1345.50	1346.50	1348.00	1349.00	1350.50	1351.50	1354.50	1355.50	1357.00	1359.00	1361.50	1364.00	1365.50	1366.50	1367.50	1370.00	1371.50	1373.00	1375.00	1377.00	1379.00	1382.00	1384.50	1386.00	1388.00	1389.00	1391.50	1393.00	1395.00	1396.50	1397.50	1399.00	1399.50	1401.00	1402.00	1403.50	1404.50	1406.00	1407.50	1408.00	1409.00	1409.00	1411.00	1411.00	1412.50	1413.50	1414.50	1416.50	1417.50	1419.00	1420.00	1420.50	1421.00	1421.00	1421.50	1422.00	1423.00	1424.00	1425.00	1426.00	1426.00	1426.50	1427.00	1428.50	1429.00	1430.00	1431.50	1432.00	1432.50	1434.50	1435.50	1437.00	1438.00	1439.50	1441.00	1442.50	1443.50	1444.50	1446.00	1447.50	1448.00	1449.00	1450.00	1450.50	1451.50	1452.50	1453.00	1454.00	1454.00	1455.00	1456.00	1457.50	1458.00	1458.50	1460.00	1462.50	1465.00	1466.00	1469.00	1471.00	1475.00	1477.00	1479.00	1481.00	1484.00	1487.00	1489.00	1490.50	1492.00	1494.00	1495.50	1496.00	1497.00	1498.50	1499.00	1499.50	1501.50	1502.00	1503.00	1504.00	1504.50	1506.00	1507.00	1507.50	1508.50	1510.00	1510.50	1512.00	1512.00	1513.50	1514.50	1515.50	1516.50	1517.50	1519.00	1520.00	1521.50	1523.00	1524.00	1524.50	1525.50	1527.00	1529.00	1531.00	1532.00	1534.00	1535.50	1537.50	1539.50	1540.50	1542.00	1544.00	1546.00	1548.00	1549.50	1550.50	1552.00	1552.00	1553.50	1554.00	1555.50	1556.50	1557.00	1558.50	1559.50	1560.00	1561.00	1562.50	1563.00	1564.50	1565.50	1566.50	1568.00	1570.50	1572.00	1573.00	1573.50	1574.50	1575.50	1576.50	1577.00	1578.00	1579.00	1579.50	1581.00	1581.50	1582.50	1583.50	1584.00	1585.50	1587.00	1588.00	1589.50	1590.00	1591.00	1592.50	1593.50	1595.00	1596.00	1597.50	1599.00	1600.50	1601.00	1601.50	1603.00	1604.50	1606.00	1607.00	1608.50	1609.50	1610.50	1611.50	1612.50	1613.00	1614.50	1615.50	1616.00	1617.50	1618.50	1619.00
1306.00	1306.50	1307.50	1308.00	1309.00	1310.50	1312.00	1313.00	1314.50	1315.50	1317.00	1318.50	1319.50	1321.00	1322.00	1323.50	1325.00	1326.50	1327.50	1328.50	1330.00	1330.50	1332.00	1333.00	1334.00	1334.50	1336.50	1337.00	1337.50	1338.00	1339.00	1340.00	1341.00	1342.50	1343.00	1343.50	1345.50	1346.50	1348.00	1349.00	1350.50	1351.50	1354.50	1355.50	1357.00	1359.00	1361.50	1364.00	1365.50	1366.50	1367.50	1370.00	1371.50	1373.00	1375.00	1377.00	1379.00	1382.00	1384.50	1386.00	1388.00	1389.00	1391.50	1393.00	1395.00	1396.50	1397.50	1399.00	1399.50	1401.00	1402.00	1403.50	1404.50	1406.00	1407.50	1408.00	1409.00	1409.00	1411.00	1411.00	1412.50	1413.50	1414.50	1416.50	1417.50	1419.00	1420.00	1420.50	1421.00	1421.00	1421.50	1422.00	1423.00	1424.00	1425.00	1426.00	1426.00	1426.50	1427.00	1428.50	1429.00	1430.00	1431.50	1432.00	1432.50	1434.50	1435.50	1437.00	1438.00	1439.50	1441.00	1442.50	1443.50	1444.50	1446.00	1447.50	1448.00	1449.00	1450.00	1450.50	1451.50	1452.50	1453.00	1454.00	1454.00	1455.00	1456.00	1457.50	1458.00	1458.50	1460.00	1462.50	1465.00	1466.00	1469.00	1471.00	1475.00	1477.00	1479.00	1481.00	1484.00	1487.00	1489.00	1490.50	1492.00	1494.00	1495.50	1496.00	1497.00	1498.50	1499.00	1499.50	1501.50	1502.00	1503.00	1504.00	1504.50	1506.00	1507.00	1507.50	1508.50	1510.00	1510.50	1512.00	1512.00	1513.50	1514.50	1515.50	1516.50	1517.50	1519.00	1520.00	1521.50	1523.00	1524.00	1524.50	1525.50	1527.00	1529.00	1531.00	1532.00	1534.00	1535.50	1537.50	1539.50	1540.50	1542.00	1544.00	1546.00	1548.00	1549.50	1550.50	1552.00	1552.00	1553.50	1554.00	1555.50	1556.50	1557.00	1558.50	1559.50	1560.00	1561.00	1562.50	1563.00	1564.50	1565.50	1566.50	1568.00	1570.50	1572.00	1573.00	1573.50	1574.50	1575.50	1576.50	1577.00	1578.00	1579.00	1579.50	1581.00	1581.50	1582.50	1583.50	1584.00	1585.50	1587.00	1588.00	1589.50	1590.00	1591.00	1592.50	1593.50	1595.00	1596.00	1597.50	1599.00	1600.50	1601.00	1601.50	1603.00	1604.50	1606.00	1607.00	1608.50	1609.50	1610.50	1611.50	1612.50	1613.00	1614.50	1615.50	1616.00	1617.50	1618.50	1619.00
1310.00	1310.75	1311.50	1312.25	1314.00	1315.50	1317.00	1317.50	1319.00	1319.75	1321.00	1322.50	1323.75	1325.50	1326.50	1327.75	1329.00	1330.50	1331.50	1332.50	1333.75	1334.50	1336.00	1336.50	1337.75	1338.25	1339.75	1340.25	1340.75	1341.00	1342.00	1343.50	1344.00	1345.50	1346.25	1347.00	1349.00	1350.00	1351.50	1352.50	1354.25	1355.50	1358.00	1359.25	1360.75	1363.00	1365.00	1367.50	1369.25	1370.50	1371.75	1374.00	1375.75	1377.50	1379.50	1381.50	1383.50	1386.50	1389.00	1390.25	1392.50	1393.50	1395.75	1397.50	1399.50	1401.00	1402.00	1404.00	1405.00	1406.50	1407.50	1409.50	1410.50	1412.00	1413.25	1413.75	1415.00	1415.00	1416.50	1417.00	1418.00	1418.75	1419.50	1421.25	1422.00	1423.50	1424.00	1424.75	1425.00	1425.50	1426.00	1426.50	1427.50	1428.25	1429.00	1430.00	1430.25	1430.75	1431.50	1432.50	1433.00	1434.00	1435.25	1435.75	1436.50	1438.50	1439.50	1441.00	1441.50	1443.25	1445.00	1446.25	1447.00	1448.00	1449.50	1451.00	1452.00	1452.50	1453.50	1454.00	1455.00	1455.75	1456.25	1457.50	1457.50	1458.50	1459.50	1461.00	1461.75	1462.50	1464.50	1466.75	1469.00	1470.50	1473.25	1475.00	1479.00	1481.00	1483.00	1485.00	1488.00	1490.50	1492.00	1494.00	1495.25	1497.00	1498.50	1499.25	1500.00	1501.50	1502.25	1502.75	1504.50	1505.25	1506.00	1507.00	1508.00	1509.00	1510.25	1510.75	1511.50	1513.00	1514.00	1515.00	1515.50	1517.00	1517.75	1518.75	1520.00	1521.00	1522.50	1523.50	1525.00	1526.50	1527.75	1528.50	1529.75	1531.50	1533.25	1535.00	1536.00	1538.25	1539.50	1541.50	1543.50	1544.50	1546.00	1547.50	1549.25	1551.00	1552.75	1553.75	1555.00	1555.50	1556.50	1557.50	1558.50	1559.50	1560.25	1561.50	1562.50	1563.50	1564.00	1565.50	1566.50	1568.00	1569.00	1570.00	1571.50	1573.50	1575.00	1576.00	1577.00	1578.00	1579.00	1580.00	1580.75	1581.50	1582.50	1583.25	1584.50	1585.00	1586.00	1586.75	1587.50	1588.50	1590.00	1591.00	1592.25	1592.75	1594.00	1595.50	1596.50	1598.00	1598.50	1600.50	1602.00	1603.50	1604.25	1604.75	1606.00	1607.50	1609.00	1610.00	1611.50	1612.50	1613.75	1614.50	1615.50	1616.50	1617.50	1618.50	1619.50	1620.50	1621.50	1622.00
1314.00	1315.00	1315.50	1316.50	1319.00	1320.50	1322.00	1322.00	1323.50	1324.00	1325.00	1326.50	1328.00	1330.00	1331.00	1332.00	1333.00	1334.50	1335.50	1336.50	1337.50	1338.50	1340.00	1340.00	1341.50	1342.00	1343.00	1343.50	1344.00	1344.00	1345.00	1347.00	1347.00	1348.50	1349.50	1350.50	1352.50	1353.50	1355.00	1356.00	1358.00	1359.50	1361.50	1363.00	1364.50	1367.00	1368.50	1371.00	1373.00	1374.50	1376.00	1378.00	1380.00	1382.00	1384.00	1386.00	1388.00	1391.00	1393.50	1394.50	1397.00	1398.00	1400.00	1402.00	1404.00	1405.50	1406.50	1409.00	1410.50	1412.00	1413.00	1415.50	1416.50	1418.00	1419.00	1419.50	1421.00	1421.00	1422.00	1423.00	1423.50	1424.00	1424.50	1426.00	1426.50	1428.00	1428.00	1429.00	1429.00	1430.00	1430.50	1431.00	1432.00	1432.50	1433.00	1434.00	1434.50	1435.00	1436.00	1436.50	1437.00	1438.00	1439.00	1439.50	1440.50	1442.50	1443.50	1445.00	1445.00	1447.00	1449.00	1450.00	1450.50	1451.50	1453.00	1454.50	1456.00	1456.00	1457.00	1457.50	1458.50	1459.00	1459.50	1461.00	1461.00	1462.00	1463.00	1464.50	1465.50	1466.50	1469.00	1471.00	1473.00	1475.00	1477.50	1479.00	1483.00	1485.00	1487.00	1489.00	1492.00	1494.00	1495.00	1497.50	1498.50	1500.00	1501.50	1502.50	1503.00	1504.50	1505.50	1506.00	1507.50	1508.50	1509.00	1510.00	1511.50	1512.00	1513.50	1514.00	1514.50	1516.00	1517.50	1518.00	1519.00	1520.50	1521.00	1522.00	1523.50	1524.50	1526.00	1527.00	1528.50	1530.00	1531.50	1532.50	1534.00	1536.00	1537.50	1539.00	1540.00	1542.50	1543.50	1545.50	1547.50	1548.50	1550.00	1551.00	1552.50	1554.00	1556.00	1557.00	1558.00	1559.00	1559.50	1561.00	1561.50	1562.50	1563.50	1564.50	1565.50	1567.00	1567.00	1568.50	1570.00	1571.50	1572.50	1573.50	1575.00	1576.50	1578.00	1579.00	1580.50	1581.50	1582.50	1583.50	1584.50	1585.00	1586.00	1587.00	1588.00	1588.50	1589.50	1590.00	1591.00	1591.50	1593.00	1594.00	1595.00	1595.50	1597.00	1598.50	1599.50	1601.00	1601.00	1603.50	1605.00	1606.50	1607.50	1608.00	1609.00	1610.50	1612.00	1613.00	1614.50	1615.50	1617.00	1617.50	1618.50	1620.00	1620.50	1621.50	1623.00	1623.50	1624.50	1625.00
1314.00	1315.00	1315.50	1316.50	1319.00	1320.50	1322.00	1322.00	1323.50	1324.00	1325.00	1326.50	1328.00	1330.00	1331.00	1332.00	1333.00	1334.50	1335.50	1336.50	1337.50	1338.50	1340.00	1340.00	1341.50	1342.00	1343.00	1343.50	1344.00	1344.00	1345.00	1347.00	1347.00	1348.50	1349.50	1350.50	1352.50	1353.50	1355.00	1356.00	1358.00	1359.50	1361.50	1363.00	1364.50	1367.00	1368.50	1371.00	1373.00	1374.50	1376.00	1378.00	1380.00	1382.00	1384.00	1386.00	1388.00	1391.00	1393.50	1394.50	1397.00	1398.00	1400.00	1402.00	1404.00	1405.50	1406.50	1409.00	1410.50	1412.00	1413.00	1415.50	1416.50	1418.00	1419.00	1419.50	1421.00	1421.00	1422.00	1423.00	1423.50	1424.00	1424.50	1426.00	1426.50	1428.00	1428.00	1429.00	1429.00	1430.00	1430.50	1431.00	1432.00	1432.50	1433.00	1434.00	1434.50	1435.00	1436.00	1436.50	1437.00	1438.00	1439.00	1439.50	1440.50	1442.50	1443.50	1445.00	1445.00	1447.00	1449.00	1450.00	1450.50	1451.50	1453.00	1454.50	1456.00	1456.00	1457.00	1457.50	1458.50	1459.00	1459.50	1461.00	1461.00	1462.00	1463.00	1464.50	1465.50	1466.50	1469.00	1471.00	1473.00	1475.00	1477.50	1479.00	1483.00	1485.00	1487.00	1489.00	1492.00	1494.00	1495.00	1497.50	1498.50	1500.00	1501.50	1502.50	1503.00	1504.50	1505.50	1506.00	1507.50	1508.50	1509.00	1510.00	1511.50	1512.00	1513.50	1514.00	1514.50	1516.00	1517.50	1518.00	1519.00	1520.50	1521.00	1522.00	1523.50	1524.50	1526.00	1527.00	1528.50	1530.00	1531.50	1532.50	1534.00	1536.00	1537.50	1539.00	1540.00	1542.50	1543.50	1545.50	1547.50	1548.50	1550.00	1551.00	1552.50	1554.00	1556.00	1557.00	1558.00	1559.00	1559.50	1561.00	1561.50	1562.50	1563.50	1564.50	1565.50	1567.00	1567.00	1568.50	1570.00	1571.50	1572.50	1573.50	1575.00	1576.50	1578.00	1579.00	1580.50	1581.50	1582.50	1583.50	1584.50	1585.00	1586.00	1587.00	1588.00	1588.50	1589.50	1590.00	1591.00	1591.50	1593.00	1594.00	1595.00	1595.50	1597.00	1598.50	1599.50	1601.00	1601.00	1603.50	1605.00	1606.50	1607.50	1608.00	1609.00	1610.50	1612.00	1613.00	1614.50	1615.50	1617.00	1617.50	1618.50	1620.00	1620.50	1621.50	1623.00	1623.50	1624.50	1625.00
1314.00	1315.00	1315.50	1316.50	1319.00	1320.50	1322.00	1322.00	1323.50	1324.00	1325.00	1326.50	1328.00	1330.00	1331.00	1332.00	1333.00	1334.50	1335.50	1336.50	1337.50	1338.50	1340.00	1340.00	1341.50	1342.00	1343.00	1343.50	1344.00	1344.00	1345.00	1347.00	1347.00	1348.50	1349.50	1350.50	1352.50	1353.50	1355.00	1356.00	1358.00	1359.50	1361.50	1363.00	1364.50	1367.00	1368.50	1371.00	1373.00	1374.50	1376.00	1378.00	1380.00	1382.00	1384.00	1386.00	1388.00	1391.00	1393.50	1394.50	1397.00	1398.00	1400.00	1402.00	1404.00	1405.50	1406.50	1409.00	1410.50	1412.00	1413.00	1415.50	1416.50	1418.00	1419.00	1419.50	1421.00	1421.00	1422.00	1423.00	1423.50	1424.00	1424.50	1426.00	1426.50	1428.00	1428.00	1429.00	1429.00	1430.00	1430.50	1431.00	1432.00	1432.50	1433.00	1434.00	1434.50	1435.00	1436.00	1436.50	1437.00	1438.00	1439.00	1439.50	1440.50	1442.50	1443.50	1445.00	1445.00	1447.00	1449.00	1450.00	1450.50	1451.50	1453.00	1454.50	1456.00	1456.00	1457.00	1457.50	1458.50	1459.00	1459.50	1461.00	1461.00	1462.00	1463.00	1464.50	1465.50	1466.50	1469.00	1471.00	1473.00	1475.00	1477.50	1479.00	1483.00	1485.00	1487.00	1489.00	1492.00	1494.00	1495.00	1497.50	1498.50	1500.00	1501.50	1502.50	1503.00	1504.50	1505.50	1506.00	1507.50	1508.50	1509.00	1510.00	1511.50	1512.00	1513.50	1514.00	1514.50	1516.00	1517.50	1518.00	1519.00	1520.50	1521.00	1522.00	1523.50	1524.50	1526.00	1527.00	1528.50	1530.00	1531.50	1532.50	1534.00	1536.00	1537.50	1539.00	1540.00	1542.50	1543.50	1545.50	1547.50	1548.50	1550.00	1551.00	1552.50	1554.00	1556.00	1557.00	1558.00	1559.00	1559.50	1561.00	1561.50	1562.50	1563.50	1564.50	1565.50	1567.00	1567.00	1568.50	1570.00	1571.50	1572.50	1573.50	1575.00	1576.50	1578.00	1579.00	1580.50	1581.50	1582.50	1583.50	1584.50	1585.00	1586.00	1587.00	1588.00	1588.50	1589.50	1590.00	1591.00	1591.50	1593.00	1594.00	1595.00	1595.50	1597.00	1598.50	1599.50	1601.00	1601.00	1603.50	1605.00	1606.50	1607.50	1608.00	1609.00	1610.50	1612.00	1613.00	1614.50	1615.50	1617.00	1617.50	1618.50	1620.00	1620.50	1621.50	1623.00	1623.50	1624.50	1625.00
1318.00	1319.25	1320.25	1321.50	1323.50	1325.00	1326.00	1326.50	1327.75	1328.25	1329.50	1331.00	1332.25	1334.00	1335.00	1335.75	1337.00	1338.50	1339.25	1340.00	1341.50	1342.25	1343.50	1343.50	1344.75	1345.25	1346.50	1347.00	1347.50	1348.00	1348.50	1350.50	1350.50	1352.00	1353.00	1354.00	1356.00	1357.00	1359.00	1360.00	1362.00	1363.50	1366.00	1367.25	1368.75	1371.00	1372.75	1375.00	1377.00	1378.50	1380.00	1382.00	1384.25	1386.50	1388.50	1390.50	1392.50	1395.00	1397.25	1398.50	1401.00	1402.00	1404.25	1406.50	1408.50	1410.00	1411.25	1413.50	1415.50	1417.50	1418.50	1421.00	1422.00	1423.25	1424.25	1425.00	1426.00	1426.50	1427.00	1428.00	1428.50	1429.00	1429.50	1430.50	1431.00	1432.00	1432.50	1433.25	1433.50	1434.25	1434.75	1435.00	1436.00	1436.50	1437.00	1437.50	1438.25	1438.75	1439.50	1440.25	1440.75	1441.50	1442.50	1443.00	1444.00	1446.00	1447.00	1448.50	1449.00	1450.75	1452.50	1453.75	1454.50	1455.50	1457.00	1458.25	1459.50	1459.50	1460.25	1460.75	1461.50	1462.25	1462.75	1464.00	1464.50	1465.50	1466.50	1468.00	1469.25	1470.50	1473.00	1475.00	1477.00	1479.00	1481.75	1483.25	1487.00	1489.00	1491.00	1493.00	1495.50	1497.50	1498.50	1500.50	1501.50	1503.00	1504.50	1505.25	1506.00	1507.25	1508.00	1508.75	1510.00	1511.00	1512.00	1513.00	1514.00	1515.00	1516.00	1516.75	1517.50	1519.00	1520.25	1521.00	1522.00	1523.50	1524.25	1525.50	1527.00	1528.00	1529.50	1530.50	1532.00	1533.50	1535.25	1536.50	1537.75	1540.00	1541.50	1543.00	1544.00	1546.25	1547.50	1549.25	1551.00	1552.00	1553.50	1554.50	1556.00	1557.00	1558.75	1559.75	1561.00	1562.00	1562.50	1564.00	1565.00	1565.75	1566.50	1568.00	1568.75	1570.00	1570.50	1572.00	1573.50	1575.00	1576.00	1577.00	1578.50	1580.00	1581.00	1582.00	1583.50	1584.50	1585.75	1586.75	1587.50	1588.50	1589.00	1590.00	1591.00	1591.75	1592.50	1593.00	1594.00	1594.50	1596.00	1596.50	1597.75	1598.50	1600.00	1601.25	1602.00	1603.50	1604.00	1606.00	1607.50	1609.50	1610.50	1611.25	1612.50	1613.75	1615.00	1616.00	1617.50	1618.50	1620.25	1620.75	1621.50	1623.00	1623.50	1624.25	1625.50	1626.50	1627.25	1628.00
1322.00	1323.50	1325.00	1326.50	1328.00	1329.50	1330.00	1331.00	1332.00	1332.50	1334.00	1335.50	1336.50	1338.00	1339.00	1339.50	1341.00	1342.50	1343.00	1343.50	1345.50	1346.00	1347.00	1347.00	1348.00	1348.50	1350.00	1350.50	1351.00	1352.00	1352.00	1354.00	1354.00	1355.50	1356.50	1357.50	1359.50	1360.50	1363.00	1364.00	1366.00	1367.50	1370.50	1371.50	1373.00	1375.00	1377.00	1379.00	1381.00	1382.50	1384.00	1386.00	1388.50	1391.00	1393.00	1395.00	1397.00	1399.00	1401.00	1402.50	1405.00	1406.00	1408.50	1411.00	1413.00	1414.50	1416.00	1418.00	1420.50	1423.00	1424.00	1426.50	1427.50	1428.50	1429.50	1430.50	1431.00	1432.00	1432.00	1433.00	1433.50	1434.00	1434.50	1435.00	1435.50	1436.00	1437.00	1437.50	1438.00	1438.50	1439.00	1439.00	1440.00	1440.50	1441.00	1441.00	1442.00	1442.50	1443.00	1444.00	1444.50	1445.00	1446.00	1446.50	1447.50	1449.50	1450.50	1452.00	1453.00	1454.50	1456.00	1457.50	1458.50	1459.50	1461.00	1462.00	1463.00	1463.00	1463.50	1464.00	1464.50	1465.50	1466.00	1467.00	1468.00	1469.00	1470.00	1471.50	1473.00	1474.50	1477.00	1479.00	1481.00	1483.00	1486.00	1487.50	1491.00	1493.00	1495.00	1497.00	1499.00	1501.00	1502.00	1503.50	1504.50	1506.00	1507.50	1508.00	1509.00	1510.00	1510.50	1511.50	1512.50	1513.50	1515.00	1516.00	1516.50	1518.00	1518.50	1519.50	1520.50	1522.00	1523.00	1524.00	1525.00	1526.50	1527.50	1529.00	1530.50	1531.50	1533.00	1534.00	1535.50	1537.00	1539.00	1540.50	1541.50	1544.00	1545.50	1547.00	1548.00	1550.00	1551.50	1553.00	1554.50	1555.50	1557.00	1558.00	1559.50	1560.00	1561.50	1562.50	1564.00	1565.00	1565.50	1567.00	1568.50	1569.00	1569.50	1571.50	1572.00	1573.00	1574.00	1575.50	1577.00	1578.50	1579.50	1580.50	1582.00	1583.50	1584.00	1585.00	1586.50	1587.50	1589.00	1590.00	1590.50	1592.00	1592.00	1593.00	1594.00	1595.00	1595.50	1596.00	1597.00	1597.50	1599.00	1599.00	1600.50	1601.50	1603.00	1604.00	1604.50	1606.00	1607.00	1608.50	1610.00	1612.50	1613.50	1614.50	1616.00	1617.00	1618.00	1619.00	1620.50	1621.50	1623.50	1624.00	1624.50	1626.00	1626.50	1627.00	1628.00	1629.50	1630.00	1631.00
1322.00	1323.50	1325.00	1326.50	1328.00	1329.50	1330.00	1331.00	1332.00	1332.50	1334.00	1335.50	1336.50	1338.00	1339.00	1339.50	1341.00	1342.50	1343.00	1343.50	1345.50	1346.00	1347.00	1347.00	1348.00	1348.50	1350.00	1350.50	1351.00	1352.00	1352.00	1354.00	1354.00	1355.50	1356.50	1357.50	1359.50	1360.50	1363.00	1364.00	1366.00	1367.50	1370.50	1371.50	1373.00	1375.00	1377.00	1379.00	1381.00	1382.50	1384.00	1386.00	1388.50	1391.00	1393.00	1395.00	1397.00	1399.00	1401.00	1402.50	1405.00	1406.00	1408.50	1411.00	1413.00	1414.50	1416.00	1418.00	1420.50	1423.00	1424.00	1426.50	1427.50	1428.50	1429.50	1430.50	1431.00	1432.00	1432.00	1433.00	1433.50	1434.00	1434.50	1435.00	1435.50	1436.00	1437.00	1437.50	1438.00	1438.50	1439.00	1439.00	1440.00	1440.50	1441.00	1441.00	1442.00	1442.50	1443.00	1444.00	1444.50	1445.00	1446.00	1446.50	1447.50	1449.50	1450.50	1452.00	1453.00	1454.50	1456.00	1457.50	1458.50	1459.50	1461.00	1462.00	1463.00	1463.00	1463.50	1464.00	1464.50	1465.50	1466.00	1467.00	1468.00	1469.00	1470.00	1471.50	1473.00	1474.50	1477.00	1479.00	1481.00	1483.00	1486.00	1487.50	1491.00	1493.00	1495.00	1497.00	1499.00	1501.00	1502.00	1503.50	1504.50	1506.00	1507.50	1508.00	1509.00	1510.00	1510.50	1511.50	1512.50	1513.50	1515.00	1516.00	1516.50	1518.00	1518.50	1519.50	1520.50	1522.00	1523.00	1524.00	1525.00	1526.50	1527.50	1529.00	1530.50	1531.50	1533.00	1534.00	1535.50	1537.00	1539.00	1540.50	1541.50	1544.00	1545.50	1547.00	1548.00	1550.00	1551.50	1553.00	1554.50	1555.50	1557.00	1558.00	1559.50	1560.00	1561.50	1562.50	1564.00	1565.00	1565.50	1567.00	1568.50	1569.00	1569.50	1571.50	1572.00	1573.00	1574.00	1575.50	1577.00	1578.50	1579.50	1580.50	1582.00	1583.50	1584.00	1585.00	1586.50	1587.50	1589.00	1590.00	1590.50	1592.00	1592.00	1593.00	1594.00	1595.00	1595.50	1596.00	1597.00	1597.50	1599.00	1599.00	1600.50	1601.50	1603.00	1604.00	1604.50	1606.00	1607.00	1608.50	1610.00	1612.50	1613.50	1614.50	1616.00	1617.00	1618.00	1619.00	1620.50	1621.50	1623.50	1624.00	1624.50	1626.00	1626.50	1627.00	1628.00	1629.50	1630.00	1631.00
1326.00	1328.00	1329.25	1330.50	1332.00	1333.25	1334.00	1335.00	1336.00	1336.50	1337.75	1339.00	1340.00	1341.50	1342.00	1343.00	1344.50	1346.00	1346.50	1347.00	1348.50	1349.00	1350.00	1350.50	1351.25	1352.00	1353.25	1354.00	1354.50	1355.50	1355.50	1357.50	1358.00	1359.00	1360.00	1361.00	1363.25	1364.50	1366.50	1368.00	1369.75	1371.25	1374.25	1375.50	1376.75	1378.50	1380.50	1382.50	1384.25	1385.75	1387.25	1389.00	1391.50	1394.00	1395.50	1398.00	1399.75	1402.00	1404.25	1405.75	1408.50	1410.00	1412.25	1414.50	1416.75	1418.25	1419.75	1422.00	1424.25	1427.00	1428.00	1430.25	1431.50	1432.75	1434.00	1434.75	1435.50	1436.00	1436.50	1437.50	1438.00	1438.50	1438.75	1439.50	1439.75	1440.00	1441.00	1441.50	1442.00	1442.75	1443.00	1443.25	1444.00	1444.25	1445.00	1445.00	1445.75	1446.25	1447.00	1447.50	1448.00	1448.50	1449.75	1450.50	1451.50	1453.00	1454.00	1455.50	1456.50	1458.25	1459.50	1461.00	1462.00	1463.00	1464.00	1465.25	1466.00	1466.50	1467.00	1467.50	1468.00	1469.00	1469.50	1470.50	1471.50	1472.25	1474.00	1475.50	1476.75	1478.25	1480.50	1483.00	1485.00	1487.00	1489.50	1491.25	1494.75	1496.50	1498.25	1500.00	1502.25	1504.00	1505.00	1506.50	1507.50	1508.50	1509.75	1510.25	1511.00	1512.25	1513.00	1513.75	1515.00	1516.00	1517.00	1518.00	1519.00	1520.50	1521.50	1522.50	1523.25	1524.50	1525.75	1527.00	1528.00	1529.50	1530.50	1532.00	1533.75	1535.00	1536.50	1537.50	1539.00	1540.50	1542.50	1544.00	1545.00	1547.00	1548.75	1550.50	1551.50	1553.25	1554.50	1556.00	1557.50	1558.50	1560.00	1560.50	1562.00	1563.00	1564.50	1565.50	1566.50	1567.50	1568.50	1570.00	1571.00	1571.75	1572.50	1574.50	1575.00	1576.00	1577.00	1578.50	1580.00	1581.50	1582.50	1583.50	1585.00	1586.25	1587.00	1588.00	1589.50	1590.50	1591.75	1592.75	1593.50	1594.50	1595.00	1596.00	1597.00	1597.75	1598.25	1598.75	1599.50	1600.25	1601.50	1602.00	1603.25	1604.00	1605.50	1606.75	1607.50	1609.00	1610.00	1611.50	1613.00	1615.00	1616.00	1617.00	1619.00	1620.00	1621.00	1622.00	1623.50	1624.50	1626.50	1627.25	1628.00	1629.00	1630.00	1630.50	1631.50	1632.75	1633.25	1634.50
1330.00	1332.50	1333.50	1334.50	1336.00	1337.00	1338.00	1339.00	1340.00	1340.50	1341.50	1342.50	1343.50	1345.00	1345.00	1346.50	1348.00	1349.50	1350.00	1350.50	1351.50	1352.00	1353.00	1354.00	1354.50	1355.50	1356.50	1357.50	1358.00	1359.00	1359.00	1361.00	1362.00	1362.50	1363.50	1364.50	1367.00	1368.50	1370.00	1372.00	1373.50	1375.00	1378.00	1379.50	1380.50	1382.00	1384.00	1386.00	1387.50	1389.00	1390.50	1392.00	1394.50	1397.00	1398.00	1401.00	1402.50	1405.00	1407.50	1409.00	1412.00	1414.00	1416.00	1418.00	1420.50	1422.00	1423.50	1426.00	1428.00	1431.00	1432.00	1434.00	1435.50	1437.00	1438.50	1439.00	1440.00	1440.00	1441.00	1442.00	1442.50	1443.00	1443.00	1444.00	1444.00	1444.00	1445.00	1445.50	1446.00	1447.00	1447.00	1447.50	1448.00	1448.00	1449.00	1449.00	1449.50	1450.00	1451.00	1451.00	1451.50	1452.00	1453.50	1454.50	1455.50	1456.50	1457.50	1459.00	1460.00	1462.00	1463.00	1464.50	1465.50	1466.50	1467.00	1468.50	1469.00	1470.00	1470.50	1471.00	1471.50	1472.50	1473.00	1474.00	1475.00	1475.50	1478.00	1479.50	1480.50	1482.00	1484.00	1487.00	1489.00	1491.00	1493.00	1495.00	1498.50	1500.00	1501.50	1503.00	1505.50	1507.00	1508.00	1509.50	1510.50	1511.00	1512.00	1512.50	1513.00	1514.50	1515.50	1516.00	1517.50	1518.50	1519.00	1520.00	1521.50	1523.00	1524.50	1525.50	1526.00	1527.00	1528.50	1530.00	1531.00	1532.50	1533.50	1535.00	1537.00	1538.50	1540.00	1541.00	1542.50	1544.00	1546.00	1547.50	1548.50	1550.00	1552.00	1554.00	1555.00	1556.50	1557.50	1559.00	1560.50	1561.50	1563.00	1563.00	1564.50	1566.00	1567.50	1568.50	1569.00	1570.00	1571.50	1573.00	1573.50	1574.50	1575.50	1577.50	1578.00	1579.00	1580.00	1581.50	1583.00	1584.50	1585.50	1586.50	1588.00	1589.00	1590.00	1591.00	1592.50	1593.50	1594.50	1595.50	1596.50	1597.00	1598.00	1599.00	1600.00	1600.50	1601.00	1601.50	1602.00	1603.00	1604.00	1605.00	1606.00	1606.50	1608.00	1609.50	1610.50	1612.00	1613.00	1614.50	1616.00	1617.50	1618.50	1619.50	1622.00	1623.00	1624.00	1625.00	1626.50	1627.50	1629.50	1630.50	1631.50	1632.00	1633.50	1634.00	1635.00	1636.00	1636.50	1638.00
1338.00	1339.50	1340.50	1341.50	1343.00	1343.50	1345.00	1346.00	1347.50	1348.00	1349.00	1350.00	1350.50	1351.00	1352.00	1352.50	1354.00	1354.50	1355.50	1356.50	1357.50	1358.50	1359.00	1360.00	1361.00	1361.50	1363.50	1364.50	1365.00	1366.00	1367.00	1369.00	1369.00	1370.50	1371.50	1372.50	1374.50	1375.50	1377.00	1378.00	1379.50	1380.50	1382.50	1383.50	1384.50	1386.00	1388.00	1390.00	1391.50	1393.00	1394.50	1397.00	1398.50	1401.00	1403.00	1405.50	1407.00	1410.00	1413.00	1415.00	1417.00	1419.00	1421.50	1424.00	1426.00	1427.50	1429.00	1431.00	1434.00	1436.00	1437.00	1439.50	1440.50	1442.50	1444.50	1445.50	1446.00	1447.00	1448.00	1449.00	1449.50	1450.00	1450.50	1451.00	1451.50	1452.00	1453.00	1453.00	1453.50	1454.50	1455.00	1455.00	1455.00	1456.00	1456.00	1457.00	1457.00	1457.00	1457.00	1458.00	1458.00	1459.00	1459.50	1460.50	1461.00	1463.50	1464.50	1466.00	1467.00	1468.50	1470.00	1471.50	1472.00	1472.50	1473.00	1474.50	1475.00	1476.00	1477.00	1477.50	1478.50	1479.50	1480.00	1481.00	1481.00	1482.50	1484.00	1486.50	1487.50	1488.50	1491.00	1493.00	1496.00	1497.00	1500.00	1501.50	1504.50	1506.00	1507.50	1510.00	1511.50	1513.00	1514.00	1515.00	1515.50	1517.00	1517.50	1518.00	1519.00	1519.50	1520.00	1520.50	1522.50	1523.00	1524.00	1525.00	1526.50	1528.00	1529.50	1530.50	1531.00	1532.00	1533.50	1535.00	1537.00	1538.50	1539.50	1541.50	1543.50	1544.50	1546.00	1548.00	1549.50	1551.00	1553.50	1554.50	1555.50	1557.00	1558.50	1560.00	1561.00	1562.50	1563.50	1565.00	1566.50	1567.00	1568.00	1569.00	1570.50	1572.00	1573.50	1574.50	1576.00	1577.00	1577.50	1579.00	1580.00	1580.50	1581.50	1583.00	1583.50	1585.00	1586.00	1587.50	1589.00	1590.50	1591.50	1592.50	1593.00	1594.50	1596.00	1596.00	1597.50	1598.50	1599.50	1600.50	1601.50	1602.00	1603.00	1603.50	1604.00	1605.00	1605.50	1606.50	1608.00	1608.50	1610.00	1610.00	1611.50	1612.50	1614.00	1615.50	1616.50	1618.00	1619.00	1620.50	1622.00	1623.50	1624.50	1625.50	1627.00	1628.50	1631.00	1632.00	1633.50	1634.50	1635.50	1636.50	1637.50	1639.00	1639.50	1640.50	1641.00	1642.50	1643.00	1644.00
1338.00	1339.50	1340.50	1341.50	1343.00	1343.50	1345.00	1346.00	1347.50	1348.00	1349.00	1350.00	1350.50	1351.00	1352.00	1352.50	1354.00	1354.50	1355.50	1356.50	1357.50	1358.50	1359.00	1360.00	1361.00	1361.50	1363.50	1364.50	1365.00	1366.00	1367.00	1369.00	1369.00	1370.50	1371.50	1372.50	1374.50	1375.50	1377.00	1378.00	1379.50	1380.50	1382.50	1383.50	1384.50	1386.00	1388.00	1390.00	1391.50	1393.00	1394.50	1397.00	1398.50	1401.00	1403.00	1405.50	1407.00	1410.00	1413.00	1415.00	1417.00	1419.00	1421.50	1424.00	1426.00	1427.50	1429.00	1431.00	1434.00	1436.00	1437.00	1439.50	1440.50	1442.50	1444.50	1445.50	1446.00	1447.00	1448.00	1449.00	1449.50	1450.00	1450.50	1451.00	1451.50	1452.00	1453.00	1453.00	1453.50	1454.50	1455.00	1455.00	1455.00	1456.00	1456.00	1457.00	1457.00	1457.00	1457.00	1458.00	1458.00	1459.00	1459.50	1460.50	1461.00	1463.50	1464.50	1466.00	1467.00	1468.50	1470.00	1471.50	1472.00	1472.50	1473.00	1474.50	1475.00	1476.00	1477.00	1477.50	1478.50	1479.50	1480.00	1481.00	1481.00	1482.50	1484.00	1486.50	1487.50	1488.50	1491.00	1493.00	1496.00	1497.00	1500.00	1501.50	1504.50	1506.00	1507.50	1510.00	1511.50	1513.00	1514.00	1515.00	1515.50	1517.00	1517.50	1518.00	1519.00	1519.50	1520.00	1520.50	1522.50	1523.00	1524.00	1525.00	1526.50	1528.00	1529.50	1530.50	1531.00	1532.00	1533.50	1535.00	1537.00	1538.50	1539.50	1541.50	1543.50	1544.50	1546.00	1548.00	1549.50	1551.00	1553.50	1554.50	1555.50	1557.00	1558.50	1560.00	1561.00	1562.50	1563.50	1565.00	1566.50	1567.00	1568.00	1569.00	1570.50	1572.00	1573.50	1574.50	1576.00	1577.00	1577.50	1579.00	1580.00	1580.50	1581.50	1583.00	1583.50	1585.00	1586.00	1587.50	1589.00	1590.50	1591.50	1592.50	1593.00	1594.50	1596.00	1596.00	1597.50	1598.50	1599.50	1600.50	1601.50	1602.00	1603.00	1603.50	1604.00	1605.00	1605.50	1606.50	1608.00	1608.50	1610.00	1610.00	1611.50	1612.50	1614.00	1615.50	1616.50	1618.00	1619.00	1620.50	1622.00	1623.50	1624.50	1625.50	1627.00	1628.50	1631.00	1632.00	1633.50	1634.50	1635.50	1636.50	1637.50	1639.00	1639.50	1640.50	1641.00	1642.50	1643.00	1644.00
1338.00	1339.50	1340.50	1341.50	1343.00	1343.50	1345.00	1346.00	1347.50	1348.00	1349.00	1350.00	1350.50	1351.00	1352.00	1352.50	1354.00	1354.50	1355.50	1356.50	1357.50	1358.50	1359.00	1360.00	1361.00	1361.50	1363.50	1364.50	1365.00	1366.00	1367.00	1369.00	1369.00	1370.50	1371.50	1372.50	1374.50	1375.50	1377.00	1378.00	1379.50	1380.50	1382.50	1383.50	1384.50	1386.00	1388.00	1390.00	1391.50	1393.00	1394.50	1397.00	1398.50	1401.00	1403.00	1405.50	1407.00	1410.00	1413.00	1415.00	1417.00	1419.00	1421.50	1424.00	1426.00	1427.50	1429.00	1431.00	1434.00	1436.00	1437.00	1439.50	1440.50	1442.50	1444.50	1445.50	1446.00	1447.00	1448.00	1449.00	1449.50	1450.00	1450.50	1451.00	1451.50	1452.00	1453.00	1453.00	1453.50	1454.50	1455.00	1455.00	1455.00	1456.00	1456.00	1457.00	1457.00	1457.00	1457.00	1458.00	1458.00	1459.00	1459.50	1460.50	1461.00	1463.50	1464.50	1466.00	1467.00	1468.50	1470.00	1471.50	1472.00	1472.50	1473.00	1474.50	1475.00	1476.00	1477.00	1477.50	1478.50	1479.50	1480.00	1481.00	1481.00	1482.50	1484.00	1486.50	1487.50	1488.50	1491.00	1493.00	1496.00	1497.00	1500.00	1501.50	1504.50	1506.00	1507.50	1510.00	1511.50	1513.00	1514.00	1515.00	1515.50	1517.00	1517.50	1518.00	1519.00	1519.50	1520.00	1520.50	1522.50	1523.00	1524.00	1525.00	1526.50	1528.00	1529.50	1530.50	1531.00	1532.00	1533.50	1535.00	1537.00	1538.50	1539.50	1541.50	1543.50	1544.50	1546.00	1548.00	1549.50	1551.00	1553.50	1554.50	1555.50	1557.00	1558.50	1560.00	1561.00	1562.50	1563.50	1565.00	1566.50	1567.00	1568.00	1569.00	1570.50	1572.00	1573.50	1574.50	1576.00	1577.00	1577.50	1579.00	1580.00	1580.50	1581.50	1583.00	1583.50	1585.00	1586.00	1587.50	1589.00	1590.50	1591.50	1592.50	1593.00	1594.50	1596.00	1596.00	1597.50	1598.50	1599.50	1600.50	1601.50	1602.00	1603.00	1603.50	1604.00	1605.00	1605.50	1606.50	1608.00	1608.50	1610.00	1610.00	1611.50	1612.50	1614.00	1615.50	1616.50	1618.00	1619.00	1620.50	1622.00	1623.50	1624.50	1625.50	1627.00	1628.50	1631.00	1632.00	1633.50	1634.50	1635.50	1636.50	1637.50	1639.00	1639.50	1640.50	1641.00	1642.50	1643.00	1644.00
1341.50	1343.00	1344.00	1345.00	1346.00	1347.00	1348.50	1349.50	1350.75	1351.25	1352.50	1353.50	1354.00	1354.50	1355.50	1356.00	1357.00	1358.00	1359.00	1359.75	1361.00	1361.75	1362.50	1363.50	1364.25	1365.00	1367.00	1368.00	1368.75	1370.00	1371.00	1372.50	1373.00	1374.00	1374.75	1375.50	1377.50	1378.25	1379.50	1380.50	1381.75	1382.50	1384.00	1385.00	1386.00	1387.50	1389.25	1391.00	1392.75	1394.25	1395.75	1398.00	1400.25	1403.00	1405.00	1407.75	1409.50	1412.50	1415.25	1417.00	1419.50	1421.50	1423.75	1426.50	1428.25	1429.75	1431.25	1433.50	1435.75	1438.00	1439.00	1441.50	1442.75	1444.75	1446.50	1447.50	1448.50	1449.50	1451.00	1451.50	1452.50	1453.00	1453.50	1454.25	1454.75	1455.50	1456.00	1456.25	1456.75	1457.75	1458.25	1458.50	1459.00	1459.50	1459.50	1460.50	1460.50	1460.50	1460.50	1461.50	1461.50	1462.50	1463.25	1464.00	1464.75	1467.00	1468.00	1469.50	1470.00	1471.50	1473.00	1474.00	1474.50	1475.00	1476.00	1477.00	1477.50	1478.50	1479.50	1480.00	1481.00	1482.00	1482.75	1483.50	1484.00	1485.50	1487.00	1489.50	1490.50	1491.75	1494.00	1496.00	1499.00	1500.00	1502.75	1504.25	1507.00	1508.50	1510.00	1512.00	1513.50	1515.00	1516.00	1517.25	1518.00	1519.50	1520.25	1520.75	1522.00	1522.50	1523.00	1523.50	1525.00	1525.50	1526.50	1527.50	1529.00	1530.50	1532.00	1533.00	1533.50	1534.50	1536.25	1538.00	1539.50	1541.25	1542.50	1544.50	1546.50	1547.75	1549.50	1551.00	1553.00	1554.50	1556.50	1557.50	1558.50	1560.00	1561.50	1563.00	1564.00	1565.50	1566.50	1568.00	1569.50	1570.25	1571.50	1572.00	1573.50	1575.00	1576.50	1577.50	1579.00	1580.00	1581.00	1582.50	1583.25	1584.00	1584.75	1586.25	1586.75	1588.00	1589.00	1590.50	1592.00	1593.00	1594.00	1595.00	1596.00	1597.25	1598.50	1599.00	1600.00	1600.75	1601.75	1602.75	1603.50	1604.50	1605.00	1606.00	1606.50	1607.75	1608.50	1609.50	1610.50	1611.50	1613.00	1613.00	1614.50	1615.50	1617.00	1618.50	1619.50	1621.00	1622.00	1623.50	1625.00	1626.50	1627.50	1628.50	1630.00	1631.50	1633.50	1634.50	1636.00	1637.00	1638.50	1639.50	1640.25	1641.50	1642.00	1642.75	1643.50	1645.00	1645.50	1646.50
1345.00	1346.50	1347.50	1348.50	1349.00	1350.50	1352.00	1353.00	1354.00	1354.50	1356.00	1357.00	1357.50	1358.00	1359.00	1359.50	1360.00	1361.50	1362.50	1363.00	1364.50	1365.00	1366.00	1367.00	1367.50	1368.50	1370.50	1371.50	1372.50	1374.00	1375.00	1376.00	1377.00	1377.50	1378.00	1378.50	1380.50	1381.00	1382.00	1383.00	1384.00	1384.50	1385.50	1386.50	1387.50	1389.00	1390.50	1392.00	1394.00	1395.50	1397.00	1399.00	1402.00	1405.00	1407.00	1410.00	1412.00	1415.00	1417.50	1419.00	1422.00	1424.00	1426.00	1429.00	1430.50	1432.00	1433.50	1436.00	1437.50	1440.00	1441.00	1443.50	1445.00	1447.00	1448.50	1449.50	1451.00	1452.00	1454.00	1454.00	1455.50	1456.00	1456.50	1457.50	1458.00	1459.00	1459.00	1459.50	1460.00	1461.00	1461.50	1462.00	1463.00	1463.00	1463.00	1464.00	1464.00	1464.00	1464.00	1465.00	1465.00	1466.00	1467.00	1467.50	1468.50	1470.50	1471.50	1473.00	1473.00	1474.50	1476.00	1476.50	1477.00	1477.50	1479.00	1479.50	1480.00	1481.00	1482.00	1482.50	1483.50	1484.50	1485.50	1486.00	1487.00	1488.50	1490.00	1492.50	1493.50	1495.00	1497.00	1499.00	1502.00	1503.00	1505.50	1507.00	1509.50	1511.00	1512.50	1514.00	1515.50	1517.00	1518.00	1519.50	1520.50	1522.00	1523.00	1523.50	1525.00	1525.50	1526.00	1526.50	1527.50	1528.00	1529.00	1530.00	1531.50	1533.00	1534.50	1535.50	1536.00	1537.00	1539.00	1541.00	1542.00	1544.00	1545.50	1547.50	1549.50	1551.00	1553.00	1554.00	1556.50	1558.00	1559.50	1560.50	1561.50	1563.00	1564.50	1566.00	1567.00	1568.50	1569.50	1571.00	1572.50	1573.50	1575.00	1575.00	1576.50	1578.00	1579.50	1580.50	1582.00	1583.00	1584.50	1586.00	1586.50	1587.50	1588.00	1589.50	1590.00	1591.00	1592.00	1593.50	1595.00	1595.50	1596.50	1597.50	1599.00	1600.00	1601.00	1602.00	1602.50	1603.00	1604.00	1605.00	1605.50	1607.00	1607.00	1608.50	1609.00	1610.50	1611.50	1612.50	1613.00	1614.50	1616.00	1616.00	1617.50	1618.50	1620.00	1621.50	1622.50	1624.00	1625.00	1626.50	1628.00	1629.50	1630.50	1631.50	1633.00	1634.50	1636.00	1637.00	1638.50	1639.50	1641.50	1642.50	1643.00	1644.00	1644.50	1645.00	1646.00	1647.50	1648.00	1649.00
1345.00	1346.50	1347.50	1348.50	1349.00	1350.50	1352.00	1353.00	1354.00	1354.50	1356.00	1357.00	1357.50	1358.00	1359.00	1359.50	1360.00	1361.50	1362.50	1363.00	1364.50	1365.00	1366.00	1367.00	1367.50	1368.50	1370.50	1371.50	1372.50	1374.00	1375.00	1376.00	1377.00	1377.50	1378.00	1378.50	1380.50	1381.00	1382.00	1383.00	1384.00	1384.50	1385.50	1386.50	1387.50	1389.00	1390.50	1392.00	1394.00	1395.50	1397.00	1399.00	1402.00	1405.00	1407.00	1410.00	1412.00	1415.00	1417.50	1419.00	1422.00	1424.00	1426.00	1429.00	1430.50	1432.00	1433.50	1436.00	1437.50	1440.00	1441.00	1443.50	1445.00	1447.00	1448.50	1449.50	1451.00	1452.00	1454.00	1454.00	1455.50	1456.00	1456.50	1457.50	1458.00	1459.00	1459.00	1459.50	1460.00	1461.00	1461.50	1462.00	1463.00	1463.00	1463.00	1464.00	1464.00	1464.00	1464.00	1465.00	1465.00	1466.00	1467.00	1467.50	1468.50	1470.50	1471.50	1473.00	1473.00	1474.50	1476.00	1476.50	1477.00	1477.50	1479.00	1479.50	1480.00	1481.00	1482.00	1482.50	1483.50	1484.50	1485.50	1486.00	1487.00	1488.50	1490.00	1492.50	1493.50	1495.00	1497.00	1499.00	1502.00	1503.00	1505.50	1507.00	1509.50	1511.00	1512.50	1514.00	1515.50	1517.00	1518.00	1519.50	1520.50	1522.00	1523.00	1523.50	1525.00	1525.50	1526.00	1526.50	1527.50	1528.00	1529.00	1530.00	1531.50	1533.00	1534.50	1535.50	1536.00	1537.00	1539.00	1541.00	1542.00	1544.00	1545.50	1547.50	1549.50	1551.00	1553.00	1554.00	1556.50	1558.00	1559.50	1560.50	1561.50	1563.00	1564.50	1566.00	1567.00	1568.50	1569.50	1571.00	1572.50	1573.50	1575.00	1575.00	1576.50	1578.00	1579.50	1580.50	1582.00	1583.00	1584.50	1586.00	1586.50	1587.50	1588.00	1589.50	1590.00	1591.00	1592.00	1593.50	1595.00	1595.50	1596.50	1597.50	1599.00	1600.00	1601.00	1602.00	1602.50	1603.00	1604.00	1605.00	1605.50	1607.00	1607.00	1608.50	1609.00	1610.50	1611.50	1612.50	1613.00	1614.50	1616.00	1616.00	1617.50	1618.50	1620.00	1621.50	1622.50	1624.00	1625.00	1626.50	1628.00	1629.50	1630.50	1631.50	1633.00	1634.50	1636.00	1637.00	1638.50	1639.50	1641.50	1642.50	1643.00	1644.00	1644.50	1645.00	1646.00	1647.50	1648.00	1649.00
1348.50	1350.00	1351.00	1352.00	1353.00	1354.50	1356.00	1356.50	1357.75	1358.50	1359.75	1360.75	1361.50	1362.00	1363.00	1363.50	1364.50	1365.50	1366.50	1367.00	1368.25	1368.75	1369.50	1370.50	1371.50	1372.50	1374.50	1375.50	1376.25	1377.50	1378.50	1379.00	1380.00	1380.50	1381.00	1381.50	1383.00	1383.50	1384.50	1385.00	1386.00	1386.50	1387.50	1388.50	1389.50	1391.00	1392.50	1394.00	1396.00	1397.50	1399.00	1401.50	1405.00	1408.00	1410.00	1412.75	1414.50	1417.50	1420.25	1422.00	1425.00	1426.50	1428.75	1431.50	1433.00	1434.50	1436.00	1438.50	1440.00	1442.50	1443.50	1446.00	1447.50	1449.50	1451.25	1452.50	1454.00	1455.00	1456.50	1457.00	1458.00	1458.75	1459.25	1460.00	1460.50	1461.50	1461.50	1462.25	1462.75	1464.00	1464.50	1465.00	1465.50	1466.00	1466.50	1467.00	1467.50	1467.75	1468.00	1468.75	1469.00	1469.50	1470.75	1471.25	1472.00	1474.00	1474.75	1476.00	1476.50	1477.75	1478.50	1479.25	1479.75	1480.25	1481.50	1481.75	1482.50	1483.00	1484.25	1484.75	1485.75	1487.00	1488.00	1489.00	1490.00	1491.25	1493.00	1495.00	1496.25	1497.75	1500.00	1502.00	1504.50	1506.00	1508.00	1509.25	1512.00	1513.25	1514.50	1516.50	1518.00	1519.50	1520.50	1522.00	1523.00	1524.50	1525.25	1526.00	1527.00	1528.00	1528.50	1529.00	1530.00	1530.75	1532.00	1532.50	1534.00	1535.50	1537.00	1538.00	1538.75	1540.00	1542.25	1544.00	1545.00	1547.25	1548.75	1550.75	1552.75	1554.25	1556.50	1557.50	1559.75	1561.50	1563.00	1564.00	1565.00	1566.50	1568.00	1569.50	1570.50	1572.00	1573.00	1574.25	1575.50	1576.50	1578.00	1578.50	1580.00	1581.50	1583.50	1584.50	1585.50	1586.50	1588.00	1589.50	1590.00	1591.00	1591.75	1593.00	1593.50	1594.50	1595.50	1596.50	1597.50	1598.25	1599.00	1600.00	1601.00	1602.25	1603.50	1604.50	1605.00	1605.75	1606.75	1607.75	1608.50	1609.50	1610.00	1611.50	1612.00	1613.50	1614.50	1615.25	1616.00	1617.50	1619.00	1619.00	1620.50	1621.50	1623.00	1624.50	1625.50	1627.00	1628.00	1629.50	1631.00	1632.00	1633.00	1634.00	1635.50	1637.00	1638.50	1639.50	1641.00	1642.00	1643.75	1644.50	1645.25	1646.00	1646.75	1647.25	1648.50	1649.50	1650.25	1651.00
1352.00	1353.50	1354.50	1355.50	1357.00	1358.50	1360.00	1360.00	1361.50	1362.50	1363.50	1364.50	1365.50	1366.00	1367.00	1367.50	1369.00	1369.50	1370.50	1371.00	1372.00	1372.50	1373.00	1374.00	1375.50	1376.50	1378.50	1379.50	1380.00	1381.00	1382.00	1382.00	1383.00	1383.50	1384.00	1384.50	1385.50	1386.00	1387.00	1387.00	1388.00	1388.50	1389.50	1390.50	1391.50	1393.00	1394.50	1396.00	1398.00	1399.50	1401.00	1404.00	1408.00	1411.00	1413.00	1415.50	1417.00	1420.00	1423.00	1425.00	1428.00	1429.00	1431.50	1434.00	1435.50	1437.00	1438.50	1441.00	1442.50	1445.00	1446.00	1448.50	1450.00	1452.00	1454.00	1455.50	1457.00	1458.00	1459.00	1460.00	1460.50	1461.50	1462.00	1462.50	1463.00	1464.00	1464.00	1465.00	1465.50	1467.00	1467.50	1468.00	1468.00	1469.00	1470.00	1470.00	1471.00	1471.50	1472.00	1472.50	1473.00	1473.00	1474.50	1475.00	1475.50	1477.50	1478.00	1479.00	1480.00	1481.00	1481.00	1482.00	1482.50	1483.00	1484.00	1484.00	1485.00	1485.00	1486.50	1487.00	1488.00	1489.50	1490.50	1492.00	1493.00	1494.00	1496.00	1497.50	1499.00	1500.50	1503.00	1505.00	1507.00	1509.00	1510.50	1511.50	1514.50	1515.50	1516.50	1519.00	1520.50	1522.00	1523.00	1524.50	1525.50	1527.00	1527.50	1528.50	1529.00	1530.50	1531.00	1531.50	1532.50	1533.50	1535.00	1535.00	1536.50	1538.00	1539.50	1540.50	1541.50	1543.00	1545.50	1547.00	1548.00	1550.50	1552.00	1554.00	1556.00	1557.50	1560.00	1561.00	1563.00	1565.00	1566.50	1567.50	1568.50	1570.00	1571.50	1573.00	1574.00	1575.50	1576.50	1577.50	1578.50	1579.50	1581.00	1582.00	1583.50	1585.00	1587.50	1588.50	1589.00	1590.00	1591.50	1593.00	1593.50	1594.50	1595.50	1596.50	1597.00	1598.00	1599.00	1599.50	1600.00	1601.00	1601.50	1602.50	1603.00	1604.50	1606.00	1607.00	1607.50	1608.50	1609.50	1610.50	1611.50	1612.00	1613.00	1614.50	1615.00	1616.50	1617.50	1618.00	1619.00	1620.50	1622.00	1622.00	1623.50	1624.50	1626.00	1627.50	1628.50	1630.00	1631.00	1632.50	1634.00	1634.50	1635.50	1636.50	1638.00	1639.50	1641.00	1642.00	1643.50	1644.50	1646.00	1646.50	1647.50	1648.00	1649.00	1649.50	1651.00	1651.50	1652.50	1653.00
1352.00	1353.50	1354.50	1355.50	1357.00	1358.50	1360.00	1360.00	1361.50	1362.50	1363.50	1364.50	1365.50	1366.00	1367.00	1367.50	1369.00	1369.50	1370.50	1371.00	1372.00	1372.50	1373.00	1374.00	1375.50	1376.50	1378.50	1379.50	1380.00	1381.00	1382.00	1382.00	1383.00	1383.50	1384.00	1384.50	1385.50	1386.00	1387.00	1387.00	1388.00	1388.50	1389.50	1390.50	1391.50	1393.00	1394.50	1396.00	1398.00	1399.50	1401.00	1404.00	1408.00	1411.00	1413.00	1415.50	1417.00	1420.00	1423.00	1425.00	1428.00	1429.00	1431.50	1434.00	1435.50	1437.00	1438.50	1441.00	1442.50	1445.00	1446.00	1448.50	1450.00	1452.00	1454.00	1455.50	1457.00	1458.00	1459.00	1460.00	1460.50	1461.50	1462.00	1462.50	1463.00	1464.00	1464.00	1465.00	1465.50	1467.00	1467.50	1468.00	1468.00	1469.00	1470.00	1470.00	1471.00	1471.50	1472.00	1472.50	1473.00	1473.00	1474.50	1475.00	1475.50	1477.50	1478.00	1479.00	1480.00	1481.00	1481.00	1482.00	1482.50	1483.00	1484.00	1484.00	1485.00	1485.00	1486.50	1487.00	1488.00	1489.50	1490.50	1492.00	1493.00	1494.00	1496.00	1497.50	1499.00	1500.50	1503.00	1505.00	1507.00	1509.00	1510.50	1511.50	1514.50	1515.50	1516.50	1519.00	1520.50	1522.00	1523.00	1524.50	1525.50	1527.00	1527.50	1528.50	1529.00	1530.50	1531.00	1531.50	1532.50	1533.50	1535.00	1535.00	1536.50	1538.00	1539.50	1540.50	1541.50	1543.00	1545.50	1547.00	1548.00	1550.50	1552.00	1554.00	1556.00	1557.50	1560.00	1561.00	1563.00	1565.00	1566.50	1567.50	1568.50	1570.00	1571.50	1573.00	1574.00	1575.50	1576.50	1577.50	1578.50	1579.50	1581.00	1582.00	1583.50	1585.00	1587.50	1588.50	1589.00	1590.00	1591.50	1593.00	1593.50	1594.50	1595.50	1596.50	1597.00	1598.00	1599.00	1599.50	1600.00	1601.00	1601.50	1602.50	1603.00	1604.50	1606.00	1607.00	1607.50	1608.50	1609.50	1610.50	1611.50	1612.00	1613.00	1614.50	1615.00	1616.50	1617.50	1618.00	1619.00	1620.50	1622.00	1622.00	1623.50	1624.50	1626.00	1627.50	1628.50	1630.00	1631.00	1632.50	1634.00	1634.50	1635.50	1636.50	1638.00	1639.50	1641.00	1642.00	1643.50	1644.50	1646.00	1646.50	1647.50	1648.00	1649.00	1649.50	1651.00	1651.50	1652.50	1653.00
1355.50	1357.00	1358.00	1359.25	1361.00	1362.50	1364.00	1364.50	1366.00	1366.75	1367.75	1369.00	1370.00	1370.50	1371.50	1372.25	1373.50	1374.00	1375.00	1375.50	1376.50	1377.00	1377.50	1378.50	1379.75	1380.50	1382.50	1383.50	1384.00	1385.00	1385.50	1386.00	1386.50	1387.25	1387.50	1387.75	1388.75	1389.00	1390.00	1390.00	1390.75	1391.25	1392.50	1393.25	1394.00	1395.50	1397.50	1399.00	1401.25	1403.00	1405.00	1408.00	1411.50	1414.50	1416.50	1419.75	1421.50	1424.25	1427.00	1428.75	1431.50	1432.50	1435.00	1437.00	1438.75	1440.25	1441.75	1444.00	1446.00	1448.50	1449.50	1452.00	1453.50	1455.50	1457.25	1458.50	1460.00	1461.00	1462.00	1463.00	1463.75	1464.25	1464.75	1465.25	1465.75	1466.50	1467.00	1467.75	1468.25	1469.50	1470.00	1470.75	1471.00	1472.00	1473.00	1473.00	1474.00	1474.50	1475.00	1475.75	1476.25	1476.50	1477.75	1478.25	1479.00	1480.50	1481.25	1482.50	1483.00	1483.75	1484.00	1484.75	1485.25	1485.50	1486.00	1486.00	1487.00	1487.00	1488.50	1489.00	1490.25	1492.00	1493.00	1494.50	1495.50	1497.00	1499.00	1500.75	1502.50	1504.00	1506.50	1508.25	1510.50	1512.00	1513.50	1514.75	1517.50	1518.50	1519.50	1521.50	1523.00	1524.50	1525.50	1527.00	1527.75	1529.00	1529.75	1530.50	1531.50	1533.00	1533.50	1534.00	1535.50	1536.50	1538.00	1538.50	1540.00	1541.50	1543.00	1544.00	1545.00	1546.50	1549.00	1550.50	1552.00	1554.00	1555.50	1557.50	1559.50	1561.25	1563.50	1564.50	1566.50	1568.50	1570.00	1571.00	1571.75	1573.00	1574.50	1576.00	1577.00	1578.50	1579.50	1580.75	1582.00	1583.00	1584.50	1585.50	1587.00	1588.50	1590.50	1591.50	1592.50	1593.50	1594.50	1596.00	1596.75	1597.50	1598.50	1599.50	1600.25	1601.00	1602.00	1602.25	1603.00	1603.50	1604.00	1605.00	1606.00	1607.50	1608.50	1609.50	1610.50	1611.50	1612.50	1613.50	1614.50	1615.50	1616.50	1617.50	1618.50	1619.75	1620.50	1621.25	1622.50	1623.50	1625.00	1625.50	1627.00	1628.00	1629.25	1630.50	1631.50	1633.00	1634.00	1635.50	1637.00	1637.50	1638.50	1639.50	1641.00	1642.50	1643.50	1644.50	1645.75	1646.50	1648.25	1648.75	1649.50	1650.50	1651.25	1651.75	1653.00	1653.50	1654.50	1655.50
1359.00	1360.50	1361.50	1363.00	1365.00	1366.50	1368.00	1369.00	1370.50	1371.00	1372.00	1373.50	1374.50	1375.00	1376.00	1377.00	1378.00	1378.50	1379.50	1380.00	1381.00	1381.50	1382.00	1383.00	1384.00	1384.50	1386.50	1387.50	1388.00	1389.00	1389.00	1390.00	1390.00	1391.00	1391.00	1391.00	1392.00	1392.00	1393.00	1393.00	1393.50	1394.00	1395.50	1396.00	1396.50	1398.00	1400.50	1402.00	1404.50	1406.50	1409.00	1412.00	1415.00	1418.00	1420.00	1424.00	1426.00	1428.50	1431.00	1432.50	1435.00	1436.00	1438.50	1440.00	1442.00	1443.50	1445.00	1447.00	1449.50	1452.00	1453.00	1455.50	1457.00	1459.00	1460.50	1461.50	1463.00	1464.00	1465.00	1466.00	1467.00	1467.00	1467.50	1468.00	1468.50	1469.00	1470.00	1470.50	1471.00	1472.00	1472.50	1473.50	1474.00	1475.00	1476.00	1476.00	1477.00	1477.50	1478.00	1479.00	1479.50	1480.00	1481.00	1481.50	1482.50	1483.50	1484.50	1486.00	1486.00	1486.50	1487.00	1487.50	1488.00	1488.00	1488.00	1488.00	1489.00	1489.00	1490.50	1491.00	1492.50	1494.50	1495.50	1497.00	1498.00	1500.00	1502.00	1504.00	1506.00	1507.50	1510.00	1511.50	1514.00	1515.00	1516.50	1518.00	1520.50	1521.50	1522.50	1524.00	1525.50	1527.00	1528.00	1529.50	1530.00	1531.00	1532.00	1532.50	1534.00	1535.50	1536.00	1536.50	1538.50	1539.50	1541.00	1542.00	1543.50	1545.00	1546.50	1547.50	1548.50	1550.00	1552.50	1554.00	1556.00	1557.50	1559.00	1561.00	1563.00	1565.00	1567.00	1568.00	1570.00	1572.00	1573.50	1574.50	1575.00	1576.00	1577.50	1579.00	1580.00	1581.50	1582.50	1584.00	1585.50	1586.50	1588.00	1589.00	1590.50	1592.00	1593.50	1594.50	1596.00	1597.00	1597.50	1599.00	1600.00	1600.50	1601.50	1602.50	1603.50	1604.00	1605.00	1605.00	1606.00	1606.00	1606.50	1607.50	1609.00	1610.50	1611.00	1612.00	1613.50	1614.50	1615.50	1616.50	1617.50	1619.00	1620.00	1620.50	1622.00	1623.00	1623.50	1624.50	1626.00	1626.50	1628.00	1629.00	1630.50	1631.50	1632.50	1633.50	1634.50	1636.00	1637.00	1638.50	1640.00	1640.50	1641.50	1642.50	1644.00	1645.50	1646.00	1647.00	1648.00	1648.50	1650.50	1651.00	1651.50	1653.00	1653.50	1654.00	1655.00	1655.50	1656.50	1658.00
1359.00	1360.50	1361.50	1363.00	1365.00	1366.50	1368.00	1369.00	1370.50	1371.00	1372.00	1373.50	1374.50	1375.00	1376.00	1377.00	1378.00	1378.50	1379.50	1380.00	1381.00	1381.50	1382.00	1383.00	1384.00	1384.50	1386.50	1387.50	1388.00	1389.00	1389.00	1390.00	1390.00	1391.00	1391.00	1391.00	1392.00	1392.00	1393.00	1393.00	1393.50	1394.00	1395.50	1396.00	1396.50	1398.00	1400.50	1402.00	1404.50	1406.50	1409.00	1412.00	1415.00	1418.00	1420.00	1424.00	1426.00	1428.50	1431.00	1432.50	1435.00	1436.00	1438.50	1440.00	1442.00	1443.50	1445.00	1447.00	1449.50	1452.00	1453.00	1455.50	1457.00	1459.00	1460.50	1461.50	1463.00	1464.00	1465.00	1466.00	1467.00	1467.00	1467.50	1468.00	1468.50	1469.00	1470.00	1470.50	1471.00	1472.00	1472.50	1473.50	1474.00	1475.00	1476.00	1476.00	1477.00	1477.50	1478.00	1479.00	1479.50	1480.00	1481.00	1481.50	1482.50	1483.50	1484.50	1486.00	1486.00	1486.50	1487.00	1487.50	1488.00	1488.00	1488.00	1488.00	1489.00	1489.00	1490.50	1491.00	1492.50	1494.50	1495.50	1497.00	1498.00	1500.00	1502.00	1504.00	1506.00	1507.50	1510.00	1511.50	1514.00	1515.00	1516.50	1518.00	1520.50	1521.50	1522.50	1524.00	1525.50	1527.00	1528.00	1529.50	1530.00	1531.00	1532.00	1532.50	1534.00	1535.50	1536.00	1536.50	1538.50	1539.50	1541.00	1542.00	1543.50	1545.00	1546.50	1547.50	1548.50	1550.00	1552.50	1554.00	1556.00	1557.50	1559.00	1561.00	1563.00	1565.00	1567.00	1568.00	1570.00	1572.00	1573.50	1574.50	1575.00	1576.00	1577.50	1579.00	1580.00	1581.50	1582.50	1584.00	1585.50	1586.50	1588.00	1589.00	1590.50	1592.00	1593.50	1594.50	1596.00	1597.00	1597.50	1599.00	1600.00	1600.50	1601.50	1602.50	1603.50	1604.00	1605.00	1605.00	1606.00	1606.00	1606.50	1607.50	1609.00	1610.50	1611.00	1612.00	1613.50	1614.50	1615.50	1616.50	1617.50	1619.00	1620.00	1620.50	1622.00	1623.00	1623.50	1624.50	1626.00	1626.50	1628.00	1629.00	1630.50	1631.50	1632.50	1633.50	1634.50	1636.00	1637.00	1638.50	1640.00	1640.50	1641.50	1642.50	1644.00	1645.50	1646.00	1647.00	1648.00	1648.50	1650.50	1651.00	1651.50	1653.00	1653.50	1654.00	1655.00	1655.50	1656.50	1658.00
1359.00	1360.50	1361.50	1363.00	1365.00	1366.50	1368.00	1369.00	1370.50	1371.00	1372.00	1373.50	1374.50	1375.00	1376.00	1377.00	1378.00	1378.50	1379.50	1380.00	1381.00	1381.50	1382.00	1383.00	1384.00	1384.50	1386.50	1387.50	1388.00	1389.00	1389.00	1390.00	1390.00	1391.00	1391.00	1391.00	1392.00	1392.00	1393.00	1393.00	1393.50	1394.00	1395.50	1396.00	1396.50	1398.00	1400.50	1402.00	1404.50	1406.50	1409.00	1412.00	1415.00	1418.00	1420.00	1424.00	1426.00	1428.50	1431.00	1432.50	1435.00	1436.00	1438.50	1440.00	1442.00	1443.50	1445.00	1447.00	1449.50	1452.00	1453.00	1455.50	1457.00	1459.00	1460.50	1461.50	1463.00	1464.00	1465.00	1466.00	1467.00	1467.00	1467.50	1468.00	1468.50	1469.00	1470.00	1470.50	1471.00	1472.00	1472.50	1473.50	1474.00	1475.00	1476.00	1476.00	1477.00	1477.50	1478.00	1479.00	1479.50	1480.00	1481.00	1481.50	1482.50	1483.50	1484.50	1486.00	1486.00	1486.50	1487.00	1487.50	1488.00	1488.00	1488.00	1488.00	1489.00	1489.00	1490.50	1491.00	1492.50	1494.50	1495.50	1497.00	1498.00	1500.00	1502.00	1504.00	1506.00	1507.50	1510.00	1511.50	1514.00	1515.00	1516.50	1518.00	1520.50	1521.50	1522.50	1524.00	1525.50	1527.00	1528.00	1529.50	1530.00	1531.00	1532.00	1532.50	1534.00	1535.50	1536.00	1536.50	1538.50	1539.50	1541.00	1542.00	1543.50	1545.00	1546.50	1547.50	1548.50	1550.00	1552.50	1554.00	1556.00	1557.50	1559.00	1561.00	1563.00	1565.00	1567.00	1568.00	1570.00	1572.00	1573.50	1574.50	1575.00	1576.00	1577.50	1579.00	1580.00	1581.50	1582.50	1584.00	1585.50	1586.50	1588.00	1589.00	1590.50	1592.00	1593.50	1594.50	1596.00	1597.00	1597.50	1599.00	1600.00	1600.50	1601.50	1602.50	1603.50	1604.00	1605.00	1605.00	1606.00	1606.00	1606.50	1607.50	1609.00	1610.50	1611.00	1612.00	1613.50	1614.50	1615.50	1616.50	1617.50	1619.00	1620.00	1620.50	1622.00	1623.00	1623.50	1624.50	1626.00	1626.50	1628.00	1629.00	1630.50	1631.50	1632.50	1633.50	1634.50	1636.00	1637.00	1638.50	1640.00	1640.50	1641.50	1642.50	1644.00	1645.50	1646.00	1647.00	1648.00	1648.50	1650.50	1651.00	1651.50	1653.00	1653.50	1654.00	1655.00	1655.50	1656.50	1658.00
1362.50	1364.00	1365.25	1366.75	1368.50	1370.50	1372.00	1373.50	1375.00	1375.75	1377.00	1378.25	1379.00	1380.00	1380.50	1381.50	1382.50	1383.00	1383.75	1384.25	1385.25	1385.75	1386.50	1387.00	1388.00	1388.50	1390.25	1391.00	1391.50	1392.00	1392.50	1393.50	1393.50	1394.25	1394.50	1394.50	1395.50	1395.75	1396.50	1396.50	1397.25	1397.75	1399.00	1399.75	1400.50	1402.50	1404.50	1406.50	1409.25	1411.25	1413.50	1416.50	1419.50	1422.50	1425.00	1428.25	1430.00	1432.50	1435.00	1436.75	1439.00	1440.00	1442.50	1444.50	1446.25	1447.75	1449.25	1451.00	1453.50	1455.50	1457.00	1459.00	1460.25	1462.00	1463.50	1464.50	1466.00	1467.00	1468.00	1469.00	1469.75	1470.00	1470.25	1471.00	1471.50	1472.00	1472.50	1473.25	1473.75	1475.00	1475.50	1476.50	1477.00	1478.00	1479.00	1479.00	1480.25	1481.00	1481.50	1482.50	1483.00	1483.50	1484.25	1485.00	1485.75	1487.00	1487.75	1488.50	1489.00	1489.25	1490.00	1490.25	1490.50	1490.50	1490.50	1490.75	1491.50	1492.00	1493.00	1493.75	1495.50	1497.50	1498.50	1500.50	1502.00	1504.25	1506.50	1509.00	1510.75	1512.25	1514.50	1516.25	1518.50	1519.50	1521.00	1522.25	1524.00	1525.00	1526.00	1527.00	1528.50	1530.00	1531.00	1532.00	1532.75	1533.50	1534.75	1535.50	1537.00	1538.50	1539.25	1540.00	1542.00	1543.00	1544.50	1545.50	1547.00	1548.50	1550.25	1551.50	1552.50	1554.00	1556.00	1557.50	1559.50	1561.00	1562.50	1564.75	1566.75	1568.25	1570.50	1571.50	1573.25	1575.00	1576.50	1577.50	1578.25	1579.50	1580.75	1582.00	1583.00	1584.25	1585.00	1586.50	1588.00	1589.00	1590.50	1591.50	1593.50	1595.00	1596.50	1597.50	1599.00	1600.00	1600.75	1602.00	1603.25	1603.75	1604.50	1605.50	1606.25	1606.50	1607.50	1607.75	1608.50	1609.25	1610.00	1610.75	1612.00	1613.50	1614.00	1615.00	1616.50	1617.50	1618.75	1620.00	1620.75	1622.00	1623.00	1623.75	1625.00	1626.25	1627.00	1628.00	1629.50	1630.25	1631.50	1632.50	1633.75	1634.50	1635.75	1636.75	1637.50	1639.00	1640.00	1641.50	1643.00	1643.75	1644.50	1645.50	1647.00	1648.25	1649.00	1650.00	1651.00	1651.50	1653.00	1653.50	1654.00	1655.50	1656.00	1656.50	1657.50	1658.25	1659.00	1660.50
1366.00	1367.50	1369.00	1370.50	1372.00	1374.50	1376.00	1378.00	1379.50	1380.50	1382.00	1383.00	1383.50	1385.00	1385.00	1386.00	1387.00	1387.50	1388.00	1388.50	1389.50	1390.00	1391.00	1391.00	1392.00	1392.50	1394.00	1394.50	1395.00	1395.00	1396.00	1397.00	1397.00	1397.50	1398.00	1398.00	1399.00	1399.50	1400.00	1400.00	1401.00	1401.50	1402.50	1403.50	1404.50	1407.00	1408.50	1411.00	1414.00	1416.00	1418.00	1421.00	1424.00	1427.00	1430.00	1432.50	1434.00	1436.50	1439.00	1441.00	1443.00	1444.00	1446.50	1449.00	1450.50	1452.00	1453.50	1455.00	1457.50	1459.00	1461.00	1462.50	1463.50	1465.00	1466.50	1467.50	1469.00	1470.00	1471.00	1472.00	1472.50	1473.00	1473.00	1474.00	1474.50	1475.00	1475.00	1476.00	1476.50	1478.00	1478.50	1479.50	1480.00	1481.00	1482.00	1482.00	1483.50	1484.50	1485.00	1486.00	1486.50	1487.00	1487.50	1488.50	1489.00	1490.50	1491.00	1491.00	1492.00	1492.00	1493.00	1493.00	1493.00	1493.00	1493.00	1493.50	1494.00	1495.00	1495.50	1496.50	1498.50	1500.50	1501.50	1504.00	1506.00	1508.50	1511.00	1514.00	1515.50	1517.00	1519.00	1521.00	1523.00	1524.00	1525.50	1526.50	1527.50	1528.50	1529.50	1530.00	1531.50	1533.00	1534.00	1534.50	1535.50	1536.00	1537.50	1538.50	1540.00	1541.50	1542.50	1543.50	1545.50	1546.50	1548.00	1549.00	1550.50	1552.00	1554.00	1555.50	1556.50	1558.00	1559.50	1561.00	1563.00	1564.50	1566.00	1568.50	1570.50	1571.50	1574.00	1575.00	1576.50	1578.00	1579.50	1580.50	1581.50	1583.00	1584.00	1585.00	1586.00	1587.00	1587.50	1589.00	1590.50	1591.50	1593.00	1594.00	1596.50	1598.00	1599.50	1600.50	1602.00	1603.00	1604.00	1605.00	1606.50	1607.00	1607.50	1608.50	1609.00	1609.00	1610.00	1610.50	1611.00	1612.50	1613.50	1614.00	1615.00	1616.50	1617.00	1618.00	1619.50	1620.50	1622.00	1623.50	1624.00	1625.00	1626.00	1627.00	1628.00	1629.50	1630.50	1631.50	1633.00	1634.00	1635.00	1636.00	1637.00	1637.50	1639.00	1640.00	1640.50	1642.00	1643.00	1644.50	1646.00	1647.00	1647.50	1648.50	1650.00	1651.00	1652.00	1653.00	1654.00	1654.50	1655.50	1656.00	1656.50	1658.00	1658.50	1659.00	1660.00	1661.00	1661.50	1663.00
1366.00	1367.50	1369.00	1370.50	1372.00	1374.50	1376.00	1378.00	1379.50	1380.50	1382.00	1383.00	1383.50	1385.00	1385.00	1386.00	1387.00	1387.50	1388.00	1388.50	1389.50	1390.00	1391.00	1391.00	1392.00	1392.50	1394.00	1394.50	1395.00	1395.00	1396.00	1397.00	1397.00	1397.50	1398.00	1398.00	1399.00	1399.50	1400.00	1400.00	1401.00	1401.50	1402.50	1403.50	1404.50	1407.00	1408.50	1411.00	1414.00	1416.00	1418.00	1421.00	1424.00	1427.00	1430.00	1432.50	1434.00	1436.50	1439.00	1441.00	1443.00	1444.00	1446.50	1449.00	1450.50	1452.00	1453.50	1455.00	1457.50	1459.00	1461.00	1462.50	1463.50	1465.00	1466.50	1467.50	1469.00	1470.00	1471.00	1472.00	1472.50	1473.00	1473.00	1474.00	1474.50	1475.00	1475.00	1476.00	1476.50	1478.00	1478.50	1479.50	1480.00	1481.00	1482.00	1482.00	1483.50	1484.50	1485.00	1486.00	1486.50	1487.00	1487.50	1488.50	1489.00	1490.50	1491.00	1491.00	1492.00	1492.00	1493.00	1493.00	1493.00	1493.00	1493.00	1493.50	1494.00	1495.00	1495.50	1496.50	1498.50	1500.50	1501.50	1504.00	1506.00	1508.50	1511.00	1514.00	1515.50	1517.00	1519.00	1521.00	1523.00	1524.00	1525.50	1526.50	1527.50	1528.50	1529.50	1530.00	1531.50	1533.00	1534.00	1534.50	1535.50	1536.00	1537.50	1538.50	1540.00	1541.50	1542.50	1543.50	1545.50	1546.50	1548.00	1549.00	1550.50	1552.00	1554.00	1555.50	1556.50	1558.00	1559.50	1561.00	1563.00	1564.50	1566.00	1568.50	1570.50	1571.50	1574.00	1575.00	1576.50	1578.00	1579.50	1580.50	1581.50	1583.00	1584.00	1585.00	1586.00	1587.00	1587.50	1589.00	1590.50	1591.50	1593.00	1594.00	1596.50	1598.00	1599.50	1600.50	1602.00	1603.00	1604.00	1605.00	1606.50	1607.00	1607.50	1608.50	1609.00	1609.00	1610.00	1610.50	1611.00	1612.50	1613.50	1614.00	1615.00	1616.50	1617.00	1618.00	1619.50	1620.50	1622.00	1623.50	1624.00	1625.00	1626.00	1627.00	1628.00	1629.50	1630.50	1631.50	1633.00	1634.00	1635.00	1636.00	1637.00	1637.50	1639.00	1640.00	1640.50	1642.00	1643.00	1644.50	1646.00	1647.00	1647.50	1648.50	1650.00	1651.00	1652.00	1653.00	1654.00	1654.50	1655.50	1656.00	1656.50	1658.00	1658.50	1659.00	1660.00	1661.00	1661.50	1663.00
1366.00	1367.50	1369.00	1370.50	1372.00	1374.50	1376.00	1378.00	1379.50	1380.50	1382.00	1383.00	1383.50	1385.00	1385.00	1386.00	1387.00	1387.50	1388.00	1388.50	1389.50	1390.00	1391.00	1391.00	1392.00	1392.50	1394.00	1394.50	1395.00	1395.00	1396.00	1397.00	1397.00	1397.50	1398.00	1398.00	1399.00	1399.50	1400.00	1400.00	1401.00	1401.50	1402.50	1403.50	1404.50	1407.00	1408.50	1411.00	1414.00	1416.00	1418.00	1421.00	1424.00	1427.00	1430.00	1432.50	1434.00	1436.50	1439.00	1441.00	1443.00	1444.00	1446.50	1449.00	1450.50	1452.00	1453.50	1455.00	1457.50	1459.00	1461.00	1462.50	1463.50	1465.00	1466.50	1467.50	1469.00	1470.00	1471.00	1472.00	1472.50	1473.00	1473.00	1474.00	1474.50	1475.00	1475.00	1476.00	1476.50	1478.00	1478.50	1479.50	1480.00	1481.00	1482.00	1482.00	1483.50	1484.50	1485.00	1486.00	1486.50	1487.00	1487.50	1488.50	1489.00	1490.50	1491.00	1491.00	1492.00	1492.00	1493.00	1493.00	1493.00	1493.00	1493.00	1493.50	1494.00	1495.00	1495.50	1496.50	1498.50	1500.50	1501.50	1504.00	1506.00	1508.50	1511.00	1514.00	1515.50	1517.00	1519.00	1521.00	1523.00	1524.00	1525.50	1526.50	1527.50	1528.50	1529.50	1530.00	1531.50	1533.00	1534.00	1534.50	1535.50	1536.00	1537.50	1538.50	1540.00	1541.50	1542.50	1543.50	1545.50	1546.50	1548.00	1549.00	1550.50	1552.00	1554.00	1555.50	1556.50	1558.00	1559.50	1561.00	1563.00	1564.50	1566.00	1568.50	1570.50	1571.50	1574.00	1575.00	1576.50	1578.00	1579.50	1580.50	1581.50	1583.00	1584.00	1585.00	1586.00	1587.00	1587.50	1589.00	1590.50	1591.50	1593.00	1594.00	1596.50	1598.00	1599.50	1600.50	1602.00	1603.00	1604.00	1605.00	1606.50	1607.00	1607.50	1608.50	1609.00	1609.00	1610.00	1610.50	1611.00	1612.50	1613.50	1614.00	1615.00	1616.50	1617.00	1618.00	1619.50	1620.50	1622.00	1623.50	1624.00	1625.00	1626.00	1627.00	1628.00	1629.50	1630.50	1631.50	1633.00	1634.00	1635.00	1636.00	1637.00	1637.50	1639.00	1640.00	1640.50	1642.00	1643.00	1644.50	1646.00	1647.00	1647.50	1648.50	1650.00	1651.00	1652.00	1653.00	1654.00	1654.50	1655.50	1656.00	1656.50	1658.00	1658.50	1659.00	1660.00	1661.00	1661.50	1663.00
1372.00	1374.50	1376.00	1378.00	1380.00	1382.50	1385.00	1386.00	1388.00	1389.50	1391.00	1392.00	1392.50	1394.00	1395.00	1395.00	1396.00	1396.50	1397.00	1397.00	1398.00	1398.00	1398.00	1399.00	1399.00	1399.50	1400.50	1401.00	1401.00	1402.00	1402.00	1403.00	1404.00	1404.00	1404.50	1405.00	1406.00	1406.50	1407.00	1408.00	1408.50	1409.50	1411.50	1412.50	1413.50	1415.00	1418.00	1420.00	1423.00	1425.00	1427.00	1430.00	1433.00	1436.00	1438.00	1440.50	1442.00	1445.00	1447.50	1449.00	1451.00	1452.00	1454.50	1456.00	1457.50	1459.00	1460.50	1462.00	1463.50	1465.00	1467.00	1468.50	1469.50	1471.00	1472.50	1473.50	1474.00	1475.00	1477.00	1478.00	1478.50	1479.00	1479.50	1480.00	1480.50	1481.00	1482.00	1482.50	1483.50	1484.50	1485.00	1485.50	1487.00	1487.50	1489.00	1490.00	1490.50	1491.50	1492.00	1493.00	1493.50	1494.00	1495.00	1495.50	1496.50	1497.50	1498.00	1498.00	1499.00	1499.00	1499.00	1499.00	1499.00	1499.00	1499.00	1499.50	1500.00	1501.00	1503.50	1505.00	1507.50	1509.50	1511.00	1514.00	1516.00	1519.50	1523.00	1526.00	1527.50	1529.00	1531.00	1532.50	1535.00	1536.00	1536.50	1537.50	1538.00	1538.50	1539.00	1539.00	1540.00	1541.00	1541.00	1541.50	1542.50	1543.00	1544.50	1545.50	1547.00	1548.50	1549.50	1550.50	1552.00	1553.50	1555.00	1557.00	1558.50	1560.00	1561.50	1563.00	1564.00	1565.00	1566.50	1568.00	1570.00	1571.50	1573.00	1575.00	1576.50	1578.00	1580.00	1581.00	1582.50	1584.00	1585.50	1586.50	1587.50	1589.00	1589.50	1590.00	1591.00	1592.00	1592.50	1594.00	1595.50	1596.50	1598.00	1599.00	1600.50	1603.00	1604.50	1605.50	1607.00	1608.00	1608.50	1610.00	1611.00	1611.50	1612.00	1613.00	1613.50	1614.00	1615.00	1615.50	1617.00	1618.00	1618.50	1619.50	1621.00	1622.50	1624.00	1625.00	1626.50	1627.00	1628.00	1629.50	1630.50	1632.00	1632.00	1633.50	1635.00	1636.50	1637.50	1638.00	1639.00	1640.00	1641.00	1642.00	1642.50	1643.50	1644.50	1645.50	1646.50	1648.00	1648.00	1649.50	1652.00	1653.50	1654.50	1655.00	1656.00	1657.50	1659.00	1659.00	1660.50	1661.00	1662.00	1662.50	1663.00	1664.00	1664.00	1664.50	1665.00	1666.00	1666.50	1668.00
1372.00	1374.50	1376.00	1378.00	1380.00	1382.50	1385.00	1386.00	1388.00	1389.50	1391.00	1392.00	1392.50	1394.00	1395.00	1395.00	1396.00	1396.50	1397.00	1397.00	1398.00	1398.00	1398.00	1399.00	1399.00	1399.50	1400.50	1401.00	1401.00	1402.00	1402.00	1403.00	1404.00	1404.00	1404.50	1405.00	1406.00	1406.50	1407.00	1408.00	1408.50	1409.50	1411.50	1412.50	1413.50	1415.00	1418.00	1420.00	1423.00	1425.00	1427.00	1430.00	1433.00	1436.00	1438.00	1440.50	1442.00	1445.00	1447.50	1449.00	1451.00	1452.00	1454.50	1456.00	1457.50	1459.00	1460.50	1462.00	1463.50	1465.00	1467.00	1468.50	1469.50	1471.00	1472.50	1473.50	1474.00	1475.00	1477.00	1478.00	1478.50	1479.00	1479.50	1480.00	1480.50	1481.00	1482.00	1482.50	1483.50	1484.50	1485.00	1485.50	1487.00	1487.50	1489.00	1490.00	1490.50	1491.50	1492.00	1493.00	1493.50	1494.00	1495.00	1495.50	1496.50	1497.50	1498.00	1498.00	1499.00	1499.00	1499.00	1499.00	1499.00	1499.00	1499.00	1499.50	1500.00	1501.00	1503.50	1505.00	1507.50	1509.50	1511.00	1514.00	1516.00	1519.50	1523.00	1526.00	1527.50	1529.00	1531.00	1532.50	1535.00	1536.00	1536.50	1537.50	1538.00	1538.50	1539.00	1539.00	1540.00	1541.00	1541.00	1541.50	1542.50	1543.00	1544.50	1545.50	1547.00	1548.50	1549.50	1550.50	1552.00	1553.50	1555.00	1557.00	1558.50	1560.00	1561.50	1563.00	1564.00	1565.00	1566.50	1568.00	1570.00	1571.50	1573.00	1575.00	1576.50	1578.00	1580.00	1581.00	1582.50	1584.00	1585.50	1586.50	1587.50	1589.00	1589.50	1590.00	1591.00	1592.00	1592.50	1594.00	1595.50	1596.50	1598.00	1599.00	1600.50	1603.00	1604.50	1605.50	1607.00	1608.00	1608.50	1610.00	1611.00	1611.50	1612.00	1613.00	1613.50	1614.00	1615.00	1615.50	1617.00	1618.00	1618.50	1619.50	1621.00	1622.50	1624.00	1625.00	1626.50	1627.00	1628.00	1629.50	1630.50	1632.00	1632.00	1633.50	1635.00	1636.50	1637.50	1638.00	1639.00	1640.00	1641.00	1642.00	1642.50	1643.50	1644.50	1645.50	1646.50	1648.00	1648.00	1649.50	1652.00	1653.50	1654.50	1655.00	1656.00	1657.50	1659.00	1659.00	1660.50	1661.00	1662.00	1662.50	1663.00	1664.00	1664.00	1664.50	1665.00	1666.00	1666.50	1668.00
1372.00	1374.50	1376.00	1378.00	1380.00	1382.50	1385.00	1386.00	1388.00	1389.50	1391.00	1392.00	1392.50	1394.00	1395.00	1395.00	1396.00	1396.50	1397.00	1397.00	1398.00	1398.00	1398.00	1399.00	1399.00	1399.50	1400.50	1401.00	1401.00	1402.00	1402.00	1403.00	1404.00	1404.00	1404.50	1405.00	1406.00	1406.50	1407.00	1408.00	1408.50	1409.50	1411.50	1412.50	1413.50	1415.00	1418.00	1420.00	1423.00	1425.00	1427.00	1430.00	1433.00	1436.00	1438.00	1440.50	1442.00	1445.00	1447.50	1449.00	1451.00	1452.00	1454.50	1456.00	1457.50	1459.00	1460.50	1462.00	1463.50	1465.00	1467.00	1468.50	1469.50	1471.00	1472.50	1473.50	1474.00	1475.00	1477.00	1478.00	1478.50	1479.00	1479.50	1480.00	1480.50	1481.00	1482.00	1482.50	1483.50	1484.50	1485.00	1485.50	1487.00	1487.50	1489.00	1490.00	1490.50	1491.50	1492.00	1493.00	1493.50	1494.00	1495.00	1495.50	1496.50	1497.50	1498.00	1498.00	1499.00	1499.00	1499.00	1499.00	1499.00	1499.00	1499.00	1499.50	1500.00	1501.00	1503.50	1505.00	1507.50	1509.50	1511.00	1514.00	1516.00	1519.50	1523.00	1526.00	1527.50	1529.00	1531.00	1532.50	1535.00	1536.00	1536.50	1537.50	1538.00	1538.50	1539.00	1539.00	1540.00	1541.00	1541.00	1541.50	1542.50	1543.00	1544.50	1545.50	1547.00	1548.50	1549.50	1550.50	1552.00	1553.50	1555.00	1557.00	1558.50	1560.00	1561.50	1563.00	1564.00	1565.00	1566.50	1568.00	1570.00	1571.50	1573.00	1575.00	1576.50	1578.00	1580.00	1581.00	1582.50	1584.00	1585.50	1586.50	1587.50	1589.00	1589.50	1590.00	1591.00	1592.00	1592.50	1594.00	1595.50	1596.50	1598.00	1599.00	1600.50	1603.00	1604.50	1605.50	1607.00	1608.00	1608.50	1610.00	1611.00	1611.50	1612.00	1613.00	1613.50	1614.00	1615.00	1615.50	1617.00	1618.00	1618.50	1619.50	1621.00	1622.50	1624.00	1625.00	1626.50	1627.00	1628.00	1629.50	1630.50	1632.00	1632.00	1633.50	1635.00	1636.50	1637.50	1638.00	1639.00	1640.00	1641.00	1642.00	1642.50	1643.50	1644.50	1645.50	1646.50	1648.00	1648.00	1649.50	1652.00	1653.50	1654.50	1655.00	1656.00	1657.50	1659.00	1659.00	1660.50	1661.00	1662.00	1662.50	1663.00	1664.00	1664.00	1664.50	1665.00	1666.00	1666.50	1668.00
1379.00	1382.00	1384.00	1386.00	1389.00	1391.00	1393.00	1395.00	1396.50	1397.50	1399.00	1400.50	1401.50	1403.00	1403.00	1404.00	1405.00	1405.00	1405.00	1405.00	1405.00	1405.00	1406.00	1406.00	1406.00	1406.00	1407.00	1407.00	1407.50	1408.00	1409.00	1410.00	1410.00	1411.00	1411.00	1411.00	1412.50	1413.00	1414.00	1415.00	1416.50	1417.50	1420.50	1421.50	1423.00	1425.00	1427.50	1430.00	1432.00	1434.00	1435.50	1438.00	1441.00	1444.00	1446.00	1449.00	1450.50	1452.50	1455.00	1456.50	1459.00	1460.00	1461.50	1463.00	1464.00	1464.50	1465.50	1467.00	1468.50	1470.00	1471.00	1472.50	1473.50	1475.00	1476.50	1477.50	1479.00	1480.00	1482.00	1483.00	1484.50	1485.00	1485.50	1486.50	1487.00	1488.00	1489.00	1489.50	1490.50	1491.50	1492.50	1493.00	1494.00	1495.50	1496.00	1497.00	1498.00	1498.50	1500.00	1500.50	1501.00	1502.00	1502.50	1503.00	1503.50	1504.00	1504.50	1505.00	1506.00	1506.00	1506.00	1506.00	1506.00	1506.50	1507.00	1507.50	1509.00	1511.00	1513.00	1514.50	1517.50	1521.00	1523.00	1526.00	1528.00	1531.50	1535.00	1538.50	1540.00	1542.00	1545.00	1546.50	1548.00	1548.00	1549.50	1550.00	1550.00	1550.00	1550.00	1550.00	1550.00	1550.00	1550.00	1550.00	1550.50	1551.00	1552.00	1552.50	1554.00	1555.00	1555.50	1557.00	1559.50	1560.50	1562.00	1563.00	1564.50	1567.00	1568.50	1569.50	1570.50	1572.00	1573.50	1576.00	1577.00	1579.00	1580.50	1582.00	1583.50	1584.50	1586.00	1587.00	1588.50	1590.00	1591.50	1592.00	1592.50	1593.00	1594.00	1595.00	1596.00	1596.50	1597.00	1598.00	1599.50	1600.50	1602.00	1603.00	1604.50	1606.00	1608.00	1608.50	1610.00	1611.00	1612.50	1613.00	1614.50	1615.00	1615.50	1617.00	1617.50	1618.00	1619.00	1620.50	1622.00	1623.50	1624.50	1625.50	1627.00	1628.50	1630.00	1631.00	1632.50	1633.00	1634.00	1635.50	1636.50	1638.00	1639.00	1639.50	1641.00	1642.00	1642.50	1643.50	1644.00	1645.50	1646.00	1647.00	1648.00	1648.50	1650.00	1651.00	1651.50	1653.00	1654.00	1655.50	1657.00	1658.50	1659.50	1660.50	1662.00	1663.00	1664.00	1665.00	1666.50	1667.00	1668.00	1668.50	1669.00	1670.00	1670.50	1671.00	1671.00	1672.00	1672.50	1674.00
1379.00	1382.00	1384.00	1386.00	1389.00	1391.00	1393.00	1395.00	1396.50	1397.50	1399.00	1400.50	1401.50	1403.00	1403.00	1404.00	1405.00	1405.00	1405.00	1405.00	1405.00	1405.00	1406.00	1406.00	1406.00	1406.00	1407.00	1407.00	1407.50	1408.00	1409.00	1410.00	1410.00	1411.00	1411.00	1411.00	1412.50	1413.00	1414.00	1415.00	1416.50	1417.50	1420.50	1421.50	1423.00	1425.00	1427.50	1430.00	1432.00	1434.00	1435.50	1438.00	1441.00	1444.00	1446.00	1449.00	1450.50	1452.50	1455.00	1456.50	1459.00	1460.00	1461.50	1463.00	1464.00	1464.50	1465.50	1467.00	1468.50	1470.00	1471.00	1472.50	1473.50	1475.00	1476.50	1477.50	1479.00	1480.00	1482.00	1483.00	1484.50	1485.00	1485.50	1486.50	1487.00	1488.00	1489.00	1489.50	1490.50	1491.50	1492.50	1493.00	1494.00	1495.50	1496.00	1497.00	1498.00	1498.50	1500.00	1500.50	1501.00	1502.00	1502.50	1503.00	1503.50	1504.00	1504.50	1505.00	1506.00	1506.00	1506.00	1506.00	1506.00	1506.50	1507.00	1507.50	1509.00	1511.00	1513.00	1514.50	1517.50	1521.00	1523.00	1526.00	1528.00	1531.50	1535.00	1538.50	1540.00	1542.00	1545.00	1546.50	1548.00	1548.00	1549.50	1550.00	1550.00	1550.00	1550.00	1550.00	1550.00	1550.00	1550.00	1550.00	1550.50	1551.00	1552.00	1552.50	1554.00	1555.00	1555.50	1557.00	1559.50	1560.50	1562.00	1563.00	1564.50	1567.00	1568.50	1569.50	1570.50	1572.00	1573.50	1576.00	1577.00	1579.00	1580.50	1582.00	1583.50	1584.50	1586.00	1587.00	1588.50	1590.00	1591.50	1592.00	1592.50	1593.00	1594.00	1595.00	1596.00	1596.50	1597.00	1598.00	1599.50	1600.50	1602.00	1603.00	1604.50	1606.00	1608.00	1608.50	1610.00	1611.00	1612.50	1613.00	1614.50	1615.00	1615.50	1617.00	1617.50	1618.00	1619.00	1620.50	1622.00	1623.50	1624.50	1625.50	1627.00	1628.50	1630.00	1631.00	1632.50	1633.00	1634.00	1635.50	1636.50	1638.00	1639.00	1639.50	1641.00	1642.00	1642.50	1643.50	1644.00	1645.50	1646.00	1647.00	1648.00	1648.50	1650.00	1651.00	1651.50	1653.00	1654.00	1655.50	1657.00	1658.50	1659.50	1660.50	1662.00	1663.00	1664.00	1665.00	1666.50	1667.00	1668.00	1668.50	1669.00	1670.00	1670.50	1671.00	1671.00	1672.00	1672.50	1674.00
1379.00	1382.00	1384.00	1386.00	1389.00	1391.00	1393.00	1395.00	1396.50	1397.50	1399.00	1400.50	1401.50	1403.00	1403.00	1404.00	1405.00	1405.00	1405.00	1405.00	1405.00	1405.00	1406.00	1406.00	1406.00	1406.00	1407.00	1407.00	1407.50	1408.00	1409.00	1410.00	1410.00	1411.00	1411.00	1411.00	1412.50	1413.00	1414.00	1415.00	1416.50	1417.50	1420.50	1421.50	1423.00	1425.00	1427.50	1430.00	1432.00	1434.00	1435.50	1438.00	1441.00	1444.00	1446.00	1449.00	1450.50	1452.50	1455.00	1456.50	1459.00	1460.00	1461.50	1463.00	1464.00	1464.50	1465.50	1467.00	1468.50	1470.00	1471.00	1472.50	1473.50	1475.00	1476.50	1477.50	1479.00	1480.00	1482.00	1483.00	1484.50	1485.00	1485.50	1486.50	1487.00	1488.00	1489.00	1489.50	1490.50	1491.50	1492.50	1493.00	1494.00	1495.50	1496.00	1497.00	1498.00	1498.50	1500.00	1500.50	1501.00	1502.00	1502.50	1503.00	1503.50	1504.00	1504.50	1505.00	1506.00	1506.00	1506.00	1506.00	1506.00	1506.50	1507.00	1507.50	1509.00	1511.00	1513.00	1514.50	1517.50	1521.00	1523.00	1526.00	1528.00	1531.50	1535.00	1538.50	1540.00	1542.00	1545.00	1546.50	1548.00	1548.00	1549.50	1550.00	1550.00	1550.00	1550.00	1550.00	1550.00	1550.00	1550.00	1550.00	1550.50	1551.00	1552.00	1552.50	1554.00	1555.00	1555.50	1557.00	1559.50	1560.50	1562.00	1563.00	1564.50	1567.00	1568.50	1569.50	1570.50	1572.00	1573.50	1576.00	1577.00	1579.00	1580.50	1582.00	1583.50	1584.50	1586.00	1587.00	1588.50	1590.00	1591.50	1592.00	1592.50	1593.00	1594.00	1595.00	1596.00	1596.50	1597.00	1598.00	1599.50	1600.50	1602.00	1603.00	1604.50	1606.00	1608.00	1608.50	1610.00	1611.00	1612.50	1613.00	1614.50	1615.00	1615.50	1617.00	1617.50	1618.00	1619.00	1620.50	1622.00	1623.50	1624.50	1625.50	1627.00	1628.50	1630.00	1631.00	1632.50	1633.00	1634.00	1635.50	1636.50	1638.00	1639.00	1639.50	1641.00	1642.00	1642.50	1643.50	1644.00	1645.50	1646.00	1647.00	1648.00	1648.50	1650.00	1651.00	1651.50	1653.00	1654.00	1655.50	1657.00	1658.50	1659.50	1660.50	1662.00	1663.00	1664.00	1665.00	1666.50	1667.00	1668.00	1668.50	1669.00	1670.00	1670.50	1671.00	1671.00	1672.00	1672.50	1674.00
1384.50	1387.00	1389.00	1390.75	1393.50	1395.75	1398.00	1399.50	1401.00	1402.00	1403.50	1405.00	1406.00	1407.00	1407.50	1408.00	1408.50	1409.00	1409.00	1409.00	1409.00	1408.75	1409.00	1409.00	1409.25	1409.50	1410.25	1410.50	1411.00	1411.50	1412.50	1413.50	1413.50	1414.50	1414.50	1414.75	1416.50	1417.25	1418.00	1419.50	1421.00	1422.25	1425.25	1426.50	1428.00	1430.00	1432.50	1435.00	1437.25	1439.00	1440.75	1443.00	1445.50	1448.50	1450.00	1452.50	1454.00	1456.00	1458.25	1459.50	1461.50	1462.50	1463.75	1465.00	1466.25	1467.00	1467.75	1469.00	1470.50	1472.00	1473.00	1474.75	1476.00	1477.25	1478.75	1480.00	1481.50	1482.50	1485.00	1486.00	1487.50	1488.25	1489.00	1490.00	1490.75	1491.50	1492.50	1493.50	1494.25	1495.50	1496.50	1497.00	1498.00	1499.25	1500.00	1500.50	1501.50	1502.00	1503.50	1504.00	1504.50	1505.50	1506.00	1506.50	1507.00	1507.75	1508.25	1509.00	1509.50	1509.75	1510.00	1510.25	1510.50	1510.75	1511.50	1512.50	1514.00	1515.50	1518.00	1519.75	1522.75	1526.00	1528.00	1531.50	1533.50	1537.00	1540.50	1544.00	1546.00	1548.00	1550.50	1552.00	1553.50	1554.00	1554.75	1555.00	1555.25	1555.50	1555.25	1555.00	1554.50	1554.50	1554.50	1554.50	1555.00	1555.50	1556.25	1556.75	1558.00	1559.00	1559.50	1560.75	1563.00	1564.00	1565.50	1566.50	1568.00	1570.00	1571.50	1572.50	1573.75	1575.50	1577.00	1579.00	1580.50	1582.25	1583.50	1585.00	1586.25	1587.00	1588.50	1589.50	1591.00	1592.50	1593.50	1594.25	1594.75	1595.50	1596.25	1597.50	1598.00	1598.75	1599.25	1600.25	1601.50	1602.50	1604.00	1605.00	1606.00	1607.50	1609.25	1610.00	1611.50	1612.50	1613.50	1614.50	1615.50	1616.25	1617.00	1618.75	1619.50	1620.50	1621.50	1623.00	1624.50	1626.00	1627.25	1628.50	1630.00	1631.50	1633.00	1634.00	1635.50	1636.25	1637.25	1638.50	1639.50	1641.00	1641.50	1642.50	1643.50	1644.75	1645.25	1646.00	1646.50	1648.00	1648.50	1649.50	1650.50	1651.00	1652.50	1653.50	1654.00	1655.50	1656.50	1658.00	1659.50	1661.00	1662.00	1663.00	1664.00	1665.25	1666.50	1667.50	1669.00	1669.50	1670.75	1671.25	1671.75	1672.50	1673.25	1673.75	1674.00	1675.00	1675.25	1676.50
1390.00	1392.00	1394.00	1395.50	1398.00	1400.50	1403.00	1404.00	1405.50	1406.50	1408.00	1409.50	1410.50	1411.00	1412.00	1412.00	1412.00	1413.00	1413.00	1413.00	1413.00	1412.50	1412.00	1412.00	1412.50	1413.00	1413.50	1414.00	1414.50	1415.00	1416.00	1417.00	1417.00	1418.00	1418.00	1418.50	1420.50	1421.50	1422.00	1424.00	1425.50	1427.00	1430.00	1431.50	1433.00	1435.00	1437.50	1440.00	1442.50	1444.00	1446.00	1448.00	1450.00	1453.00	1454.00	1456.00	1457.50	1459.50	1461.50	1462.50	1464.00	1465.00	1466.00	1467.00	1468.50	1469.50	1470.00	1471.00	1472.50	1474.00	1475.00	1477.00	1478.50	1479.50	1481.00	1482.50	1484.00	1485.00	1488.00	1489.00	1490.50	1491.50	1492.50	1493.50	1494.50	1495.00	1496.00	1497.50	1498.00	1499.50	1500.50	1501.00	1502.00	1503.00	1504.00	1504.00	1505.00	1505.50	1507.00	1507.50	1508.00	1509.00	1509.50	1510.00	1510.50	1511.50	1512.00	1513.00	1513.00	1513.50	1514.00	1514.50	1515.00	1515.00	1516.00	1517.50	1519.00	1520.00	1523.00	1525.00	1528.00	1531.00	1533.00	1537.00	1539.00	1542.50	1546.00	1549.50	1552.00	1554.00	1556.00	1557.50	1559.00	1560.00	1560.00	1560.00	1560.50	1561.00	1560.50	1560.00	1559.00	1559.00	1559.00	1559.00	1559.50	1560.00	1560.50	1561.00	1562.00	1563.00	1563.50	1564.50	1566.50	1567.50	1569.00	1570.00	1571.50	1573.00	1574.50	1575.50	1577.00	1579.00	1580.50	1582.00	1584.00	1585.50	1586.50	1588.00	1589.00	1589.50	1591.00	1592.00	1593.50	1595.00	1595.50	1596.50	1597.00	1598.00	1598.50	1600.00	1600.00	1601.00	1601.50	1602.50	1603.50	1604.50	1606.00	1607.00	1607.50	1609.00	1610.50	1611.50	1613.00	1614.00	1614.50	1616.00	1616.50	1617.50	1618.50	1620.50	1621.50	1623.00	1624.00	1625.50	1627.00	1628.50	1630.00	1631.50	1633.00	1634.50	1636.00	1637.00	1638.50	1639.50	1640.50	1641.50	1642.50	1644.00	1644.00	1645.50	1646.00	1647.50	1648.00	1648.50	1649.00	1650.50	1651.00	1652.00	1653.00	1653.50	1655.00	1656.00	1656.50	1658.00	1659.00	1660.50	1662.00	1663.50	1664.50	1665.50	1666.00	1667.50	1669.00	1670.00	1671.50	1672.00	1673.50	1674.00	1674.50	1675.00	1676.00	1676.50	1677.00	1678.00	1678.00	1679.00
1390.00	1392.00	1394.00	1395.50	1398.00	1400.50	1403.00	1404.00	1405.50	1406.50	1408.00	1409.50	1410.50	1411.00	1412.00	1412.00	1412.00	1413.00	1413.00	1413.00	1413.00	1412.50	1412.00	1412.00	1412.50	1413.00	1413.50	1414.00	1414.50	1415.00	1416.00	1417.00	1417.00	1418.00	1418.00	1418.50	1420.50	1421.50	1422.00	1424.00	1425.50	1427.00	1430.00	1431.50	1433.00	1435.00	1437.50	1440.00	1442.50	1444.00	1446.00	1448.00	1450.00	1453.00	1454.00	1456.00	1457.50	1459.50	1461.50	1462.50	1464.00	1465.00	1466.00	1467.00	1468.50	1469.50	1470.00	1471.00	1472.50	1474.00	1475.00	1477.00	1478.50	1479.50	1481.00	1482.50	1484.00	1485.00	1488.00	1489.00	1490.50	1491.50	1492.50	1493.50	1494.50	1495.00	1496.00	1497.50	1498.00	1499.50	1500.50	1501.00	1502.00	1503.00	1504.00	1504.00	1505.00	1505.50	1507.00	1507.50	1508.00	1509.00	1509.50	1510.00	1510.50	1511.50	1512.00	1513.00	1513.00	1513.50	1514.00	1514.50	1515.00	1515.00	1516.00	1517.50	1519.00	1520.00	1523.00	1525.00	1528.00	1531.00	1533.00	1537.00	1539.00	1542.50	1546.00	1549.50	1552.00	1554.00	1556.00	1557.50	1559.00	1560.00	1560.00	1560.00	1560.50	1561.00	1560.50	1560.00	1559.00	1559.00	1559.00	1559.00	1559.50	1560.00	1560.50	1561.00	1562.00	1563.00	1563.50	1564.50	1566.50	1567.50	1569.00	1570.00	1571.50	1573.00	1574.50	1575.50	1577.00	1579.00	1580.50	1582.00	1584.00	1585.50	1586.50	1588.00	1589.00	1589.50	1591.00	1592.00	1593.50	1595.00	1595.50	1596.50	1597.00	1598.00	1598.50	1600.00	1600.00	1601.00	1601.50	1602.50	1603.50	1604.50	1606.00	1607.00	1607.50	1609.00	1610.50	1611.50	1613.00	1614.00	1614.50	1616.00	1616.50	1617.50	1618.50	1620.50	1621.50	1623.00	1624.00	1625.50	1627.00	1628.50	1630.00	1631.50	1633.00	1634.50	1636.00	1637.00	1638.50	1639.50	1640.50	1641.50	1642.50	1644.00	1644.00	1645.50	1646.00	1647.50	1648.00	1648.50	1649.00	1650.50	1651.00	1652.00	1653.00	1653.50	1655.00	1656.00	1656.50	1658.00	1659.00	1660.50	1662.00	1663.50	1664.50	1665.50	1666.00	1667.50	1669.00	1670.00	1671.50	1672.00	1673.50	1674.00	1674.50	1675.00	1676.00	1676.50	1677.00	1678.00	1678.00	1679.00
1395.50	1397.75	1399.50	1401.25	1404.00	1406.25	1408.50	1409.50	1411.00	1412.00	1413.50	1414.75	1415.50	1416.00	1416.50	1416.75	1417.00	1417.50	1417.50	1417.25	1417.00	1416.75	1416.50	1416.50	1416.75	1417.25	1417.75	1418.25	1418.75	1419.00	1420.00	1421.00	1421.50	1422.25	1422.75	1423.50	1425.50	1426.50	1427.50	1429.50	1431.00	1432.50	1435.75	1437.25	1438.75	1441.00	1443.25	1445.50	1448.25	1449.75	1451.25	1453.00	1455.00	1457.50	1458.00	1460.00	1461.50	1463.00	1464.50	1465.50	1466.50	1467.50	1468.50	1469.50	1470.75	1471.50	1472.25	1473.50	1475.00	1476.50	1478.00	1479.75	1481.25	1482.75	1484.25	1485.50	1487.00	1488.50	1491.00	1492.50	1494.00	1495.00	1496.00	1497.50	1498.50	1499.00	1500.00	1501.25	1501.75	1503.00	1503.75	1504.25	1505.00	1506.00	1507.00	1507.00	1508.00	1508.50	1509.50	1510.50	1511.00	1512.00	1512.75	1513.25	1514.00	1515.25	1515.75	1516.50	1517.00	1517.50	1518.50	1519.00	1519.50	1519.75	1521.00	1522.50	1524.00	1525.50	1528.25	1530.00	1533.00	1536.00	1538.00	1541.50	1543.50	1547.00	1550.50	1553.75	1556.00	1557.75	1559.50	1561.50	1563.00	1563.50	1564.00	1564.00	1564.25	1564.50	1564.25	1564.00	1563.50	1563.50	1563.50	1563.50	1563.75	1564.50	1565.00	1565.50	1566.50	1567.25	1567.75	1568.25	1570.00	1571.00	1572.50	1573.50	1574.50	1576.00	1577.50	1578.50	1579.75	1581.50	1583.00	1584.50	1586.00	1587.50	1588.50	1590.00	1591.25	1592.00	1593.50	1594.50	1595.75	1597.00	1598.00	1598.75	1599.25	1600.00	1600.75	1602.00	1602.00	1603.00	1603.50	1604.50	1605.50	1606.50	1607.50	1608.50	1609.50	1610.50	1612.00	1613.00	1614.00	1615.00	1616.00	1617.50	1618.50	1619.50	1620.50	1622.50	1623.50	1625.00	1626.00	1627.50	1629.50	1631.00	1632.50	1634.00	1635.50	1637.00	1638.50	1639.50	1641.00	1642.00	1643.25	1644.50	1645.25	1646.50	1646.50	1648.00	1648.50	1650.00	1650.50	1651.00	1651.50	1653.00	1653.50	1654.50	1655.25	1656.00	1657.25	1658.25	1658.75	1660.00	1661.00	1662.50	1664.00	1665.50	1666.50	1667.50	1668.50	1670.00	1671.00	1672.00	1673.50	1674.25	1675.50	1676.25	1676.75	1677.50	1678.25	1678.75	1679.50	1680.25	1680.50	1681.50
1401.00	1403.50	1405.00	1407.00	1410.00	1412.00	1414.00	1415.00	1416.50	1417.50	1419.00	1420.00	1420.50	1421.00	1421.00	1421.50	1422.00	1422.00	1422.00	1421.50	1421.00	1421.00	1421.00	1421.00	1421.00	1421.50	1422.00	1422.50	1423.00	1423.00	1424.00	1425.00	1426.00	1426.50	1427.50	1428.50	1430.50	1431.50	1433.00	1435.00	1436.50	1438.00	1441.50	1443.00	1444.50	1447.00	1449.00	1451.00	1454.00	1455.50	1456.50	1458.00	1460.00	1462.00	1462.00	1464.00	1465.50	1466.50	1467.50	1468.50	1469.00	1470.00	1471.00	1472.00	1473.00	1473.50	1474.50	1476.00	1477.50	1479.00	1481.00	1482.50	1484.00	1486.00	1487.50	1488.50	1490.00	1492.00	1494.00	1496.00	1497.50	1498.50	1499.50	1501.50	1502.50	1503.00	1504.00	1505.00	1505.50	1506.50	1507.00	1507.50	1508.00	1509.00	1510.00	1510.00	1511.00	1511.50	1512.00	1513.50	1514.00	1515.00	1516.00	1516.50	1517.50	1519.00	1519.50	1520.00	1521.00	1521.50	1523.00	1523.50	1524.00	1524.50	1526.00	1527.50	1529.00	1531.00	1533.50	1535.00	1538.00	1541.00	1543.00	1546.00	1548.00	1551.50	1555.00	1558.00	1560.00	1561.50	1563.00	1565.50	1567.00	1567.00	1568.00	1568.00	1568.00	1568.00	1568.00	1568.00	1568.00	1568.00	1568.00	1568.00	1568.00	1569.00	1569.50	1570.00	1571.00	1571.50	1572.00	1572.00	1573.50	1574.50	1576.00	1577.00	1577.50	1579.00	1580.50	1581.50	1582.50	1584.00	1585.50	1587.00	1588.00	1589.50	1590.50	1592.00	1593.50	1594.50	1596.00	1597.00	1598.00	1599.00	1600.50	1601.00	1601.50	1602.00	1603.00	1604.00	1604.00	1605.00	1605.50	1606.50	1607.50	1608.50	1609.00	1610.00	1611.50	1612.00	1613.50	1614.50	1615.00	1616.00	1617.50	1619.00	1620.50	1621.50	1622.50	1624.50	1625.50	1627.00	1628.00	1629.50	1632.00	1633.50	1635.00	1636.50	1638.00	1639.50	1641.00	1642.00	1643.50	1644.50	1646.00	1647.50	1648.00	1649.00	1649.00	1650.50	1651.00	1652.50	1653.00	1653.50	1654.00	1655.50	1656.00	1657.00	1657.50	1658.50	1659.50	1660.50	1661.00	1662.00	1663.00	1664.50	1666.00	1667.50	1668.50	1669.50	1671.00	1672.50	1673.00	1674.00	1675.50	1676.50	1677.50	1678.50	1679.00	1680.00	1680.50	1681.00	1682.00	1682.50	1683.00	1684.00
1401.00	1403.50	1405.00	1407.00	1410.00	1412.00	1414.00	1415.00	1416.50	1417.50	1419.00	1420.00	1420.50	1421.00	1421.00	1421.50	1422.00	1422.00	1422.00	1421.50	1421.00	1421.00	1421.00	1421.00	1421.00	1421.50	1422.00	1422.50	1423.00	1423.00	1424.00	1425.00	1426.00	1426.50	1427.50	1428.50	1430.50	1431.50	1433.00	1435.00	1436.50	1438.00	1441.50	1443.00	1444.50	1447.00	1449.00	1451.00	1454.00	1455.50	1456.50	1458.00	1460.00	1462.00	1462.00	1464.00	1465.50	1466.50	1467.50	1468.50	1469.00	1470.00	1471.00	1472.00	1473.00	1473.50	1474.50	1476.00	1477.50	1479.00	1481.00	1482.50	1484.00	1486.00	1487.50	1488.50	1490.00	1492.00	1494.00	1496.00	1497.50	1498.50	1499.50	1501.50	1502.50	1503.00	1504.00	1505.00	1505.50	1506.50	1507.00	1507.50	1508.00	1509.00	1510.00	1510.00	1511.00	1511.50	1512.00	1513.50	1514.00	1515.00	1516.00	1516.50	1517.50	1519.00	1519.50	1520.00	1521.00	1521.50	1523.00	1523.50	1524.00	1524.50	1526.00	1527.50	1529.00	1531.00	1533.50	1535.00	1538.00	1541.00	1543.00	1546.00	1548.00	1551.50	1555.00	1558.00	1560.00	1561.50	1563.00	1565.50	1567.00	1567.00	1568.00	1568.00	1568.00	1568.00	1568.00	1568.00	1568.00	1568.00	1568.00	1568.00	1568.00	1569.00	1569.50	1570.00	1571.00	1571.50	1572.00	1572.00	1573.50	1574.50	1576.00	1577.00	1577.50	1579.00	1580.50	1581.50	1582.50	1584.00	1585.50	1587.00	1588.00	1589.50	1590.50	1592.00	1593.50	1594.50	1596.00	1597.00	1598.00	1599.00	1600.50	1601.00	1601.50	1602.00	1603.00	1604.00	1604.00	1605.00	1605.50	1606.50	1607.50	1608.50	1609.00	1610.00	1611.50	1612.00	1613.50	1614.50	1615.00	1616.00	1617.50	1619.00	1620.50	1621.50	1622.50	1624.50	1625.50	1627.00	1628.00	1629.50	1632.00	1633.50	1635.00	1636.50	1638.00	1639.50	1641.00	1642.00	1643.50	1644.50	1646.00	1647.50	1648.00	1649.00	1649.00	1650.50	1651.00	1652.50	1653.00	1653.50	1654.00	1655.50	1656.00	1657.00	1657.50	1658.50	1659.50	1660.50	1661.00	1662.00	1663.00	1664.50	1666.00	1667.50	1668.50	1669.50	1671.00	1672.50	1673.00	1674.00	1675.50	1676.50	1677.50	1678.50	1679.00	1680.00	1680.50	1681.00	1682.00	1682.50	1683.00	1684.00
1407.00	1409.75	1411.50	1413.25	1416.00	1418.00	1420.00	1421.50	1422.50	1423.25	1424.50	1425.50	1425.75	1426.00	1426.00	1426.75	1426.50	1426.50	1426.50	1426.25	1426.00	1426.00	1426.00	1425.50	1426.00	1426.25	1427.00	1427.50	1428.00	1428.50	1429.00	1430.00	1431.00	1432.00	1433.00	1434.00	1436.50	1437.50	1439.50	1441.00	1443.00	1444.50	1447.75	1449.25	1450.75	1453.00	1455.25	1457.50	1459.75	1461.00	1462.00	1463.50	1464.75	1466.50	1466.50	1468.25	1469.25	1470.00	1471.00	1472.00	1472.50	1473.00	1473.75	1474.50	1475.75	1476.75	1478.00	1479.50	1481.25	1483.00	1485.00	1486.50	1488.00	1490.00	1491.75	1493.00	1494.50	1496.00	1498.50	1500.00	1501.50	1502.50	1503.50	1505.50	1506.25	1507.00	1508.00	1508.75	1509.25	1509.75	1510.00	1510.50	1511.00	1512.00	1513.00	1513.00	1514.00	1514.50	1515.50	1516.50	1517.25	1518.50	1519.50	1520.00	1521.00	1522.75	1523.50	1524.00	1525.00	1526.00	1527.00	1528.00	1528.75	1529.50	1531.00	1532.50	1534.00	1535.50	1538.00	1539.50	1542.50	1545.25	1547.00	1550.00	1552.00	1555.25	1558.50	1561.25	1562.75	1564.00	1566.00	1568.00	1569.50	1570.00	1571.00	1571.25	1571.50	1571.75	1572.00	1572.00	1572.00	1572.50	1572.50	1572.50	1572.75	1573.50	1574.00	1574.50	1575.00	1575.50	1576.00	1576.25	1577.50	1578.25	1579.50	1580.50	1581.00	1582.50	1583.50	1584.50	1585.50	1587.00	1588.50	1589.50	1590.50	1592.00	1593.00	1594.50	1596.00	1597.00	1598.50	1599.00	1600.25	1601.00	1602.50	1603.00	1603.50	1604.00	1605.25	1606.00	1606.50	1607.25	1608.00	1609.00	1610.00	1610.75	1611.50	1612.50	1614.00	1614.50	1616.00	1616.75	1617.50	1618.50	1619.50	1621.00	1622.50	1623.25	1624.00	1626.50	1627.50	1629.00	1630.00	1632.00	1634.00	1635.75	1637.25	1638.75	1640.50	1642.00	1643.50	1644.50	1646.00	1647.00	1648.50	1650.00	1650.50	1651.50	1652.00	1653.00	1654.00	1655.00	1655.50	1656.00	1656.50	1657.50	1658.50	1659.00	1660.00	1660.75	1661.75	1662.75	1663.25	1664.50	1665.50	1666.50	1668.00	1669.50	1670.50	1671.50	1673.00	1674.50	1675.50	1676.50	1677.50	1678.50	1679.75	1680.50	1681.25	1682.00	1682.75	1683.00	1684.00	1684.50	1685.00	1686.00
1413.00	1416.00	1418.00	1419.50	1422.00	1424.00	1426.00	1428.00	1428.50	1429.00	1430.00	1431.00	1431.00	1431.00	1431.00	1432.00	1431.00	1431.00	1431.00	1431.00	1431.00	1431.00	1431.00	1430.00	1431.00	1431.00	1432.00	1432.50	1433.00	1434.00	1434.00	1435.00	1436.00	1437.50	1438.50	1439.50	1442.50	1443.50	1446.00	1447.00	1449.50	1451.00	1454.00	1455.50	1457.00	1459.00	1461.50	1464.00	1465.50	1466.50	1467.50	1469.00	1469.50	1471.00	1471.00	1472.50	1473.00	1473.50	1474.50	1475.50	1476.00	1476.00	1476.50	1477.00	1478.50	1480.00	1481.50	1483.00	1485.00	1487.00	1489.00	1490.50	1492.00	1494.00	1496.00	1497.50	1499.00	1500.00	1503.00	1504.00	1505.50	1506.50	1507.50	1509.50	1510.00	1511.00	1512.00	1512.50	1513.00	1513.00	1513.00	1513.50	1514.00	1515.00	1516.00	1516.00	1517.00	1517.50	1519.00	1519.50	1520.50	1522.00	1523.00	1523.50	1524.50	1526.50	1527.50	1528.00	1529.00	1530.50	1531.00	1532.50	1533.50	1534.50	1536.00	1537.50	1539.00	1540.00	1542.50	1544.00	1547.00	1549.50	1551.00	1554.00	1556.00	1559.00	1562.00	1564.50	1565.50	1566.50	1569.00	1570.50	1572.00	1573.00	1574.00	1574.50	1575.00	1575.50	1576.00	1576.00	1576.00	1577.00	1577.00	1577.00	1577.50	1578.00	1578.50	1579.00	1579.00	1579.50	1580.00	1580.50	1581.50	1582.00	1583.00	1584.00	1584.50	1586.00	1586.50	1587.50	1588.50	1590.00	1591.50	1592.00	1593.00	1594.50	1595.50	1597.00	1598.50	1599.50	1601.00	1601.00	1602.50	1603.00	1604.50	1605.00	1605.50	1606.00	1607.50	1608.00	1609.00	1609.50	1610.50	1611.50	1612.50	1613.00	1614.00	1615.00	1616.50	1617.00	1618.50	1619.00	1620.00	1621.00	1621.50	1623.00	1624.50	1625.00	1625.50	1628.50	1629.50	1631.00	1632.00	1634.50	1636.00	1638.00	1639.50	1641.00	1643.00	1644.50	1646.00	1647.00	1648.50	1649.50	1651.00	1652.50	1653.00	1654.00	1655.00	1655.50	1657.00	1657.50	1658.00	1658.50	1659.00	1659.50	1661.00	1661.00	1662.50	1663.00	1664.00	1665.00	1665.50	1667.00	1668.00	1668.50	1670.00	1671.50	1672.50	1673.50	1675.00	1676.50	1678.00	1679.00	1679.50	1680.50	1682.00	1682.50	1683.50	1684.00	1685.00	1685.00	1686.00	1686.50	1687.00	1688.00
1413.00	1416.00	1418.00	1419.50	1422.00	1424.00	1426.00	1428.00	1428.50	1429.00	1430.00	1431.00	1431.00	1431.00	1431.00	1432.00	1431.00	1431.00	1431.00	1431.00	1431.00	1431.00	1431.00	1430.00	1431.00	1431.00	1432.00	1432.50	1433.00	1434.00	1434.00	1435.00	1436.00	1437.50	1438.50	1439.50	1442.50	1443.50	1446.00	1447.00	1449.50	1451.00	1454.00	1455.50	1457.00	1459.00	1461.50	1464.00	1465.50	1466.50	1467.50	1469.00	1469.50	1471.00	1471.00	1472.50	1473.00	1473.50	1474.50	1475.50	1476.00	1476.00	1476.50	1477.00	1478.50	1480.00	1481.50	1483.00	1485.00	1487.00	1489.00	1490.50	1492.00	1494.00	1496.00	1497.50	1499.00	1500.00	1503.00	1504.00	1505.50	1506.50	1507.50	1509.50	1510.00	1511.00	1512.00	1512.50	1513.00	1513.00	1513.00	1513.50	1514.00	1515.00	1516.00	1516.00	1517.00	1517.50	1519.00	1519.50	1520.50	1522.00	1523.00	1523.50	1524.50	1526.50	1527.50	1528.00	1529.00	1530.50	1531.00	1532.50	1533.50	1534.50	1536.00	1537.50	1539.00	1540.00	1542.50	1544.00	1547.00	1549.50	1551.00	1554.00	1556.00	1559.00	1562.00	1564.50	1565.50	1566.50	1569.00	1570.50	1572.00	1573.00	1574.00	1574.50	1575.00	1575.50	1576.00	1576.00	1576.00	1577.00	1577.00	1577.00	1577.50	1578.00	1578.50	1579.00	1579.00	1579.50	1580.00	1580.50	1581.50	1582.00	1583.00	1584.00	1584.50	1586.00	1586.50	1587.50	1588.50	1590.00	1591.50	1592.00	1593.00	1594.50	1595.50	1597.00	1598.50	1599.50	1601.00	1601.00	1602.50	1603.00	1604.50	1605.00	1605.50	1606.00	1607.50	1608.00	1609.00	1609.50	1610.50	1611.50	1612.50	1613.00	1614.00	1615.00	1616.50	1617.00	1618.50	1619.00	1620.00	1621.00	1621.50	1623.00	1624.50	1625.00	1625.50	1628.50	1629.50	1631.00	1632.00	1634.50	1636.00	1638.00	1639.50	1641.00	1643.00	1644.50	1646.00	1647.00	1648.50	1649.50	1651.00	1652.50	1653.00	1654.00	1655.00	1655.50	1657.00	1657.50	1658.00	1658.50	1659.00	1659.50	1661.00	1661.00	1662.50	1663.00	1664.00	1665.00	1665.50	1667.00	1668.00	1668.50	1670.00	1671.50	1672.50	1673.50	1675.00	1676.50	1678.00	1679.00	1679.50	1680.50	1682.00	1682.50	1683.50	1684.00	1685.00	1685.00	1686.00	1686.50	1687.00	1688.00
1413.00	1416.00	1418.00	1419.50	1422.00	1424.00	1426.00	1428.00	1428.50	1429.00	1430.00	1431.00	1431.00	1431.00	1431.00	1432.00	1431.00	1431.00	1431.00	1431.00	1431.00	1431.00	1431.00	1430.00	1431.00	1431.00	1432.00	1432.50	1433.00	1434.00	1434.00	1435.00	1436.00	1437.50	1438.50	1439.50	1442.50	1443.50	1446.00	1447.00	1449.50	1451.00	1454.00	1455.50	1457.00	1459.00	1461.50	1464.00	1465.50	1466.50	1467.50	1469.00	1469.50	1471.00	1471.00	1472.50	1473.00	1473.50	1474.50	1475.50	1476.00	1476.00	1476.50	1477.00	1478.50	1480.00	1481.50	1483.00	1485.00	1487.00	1489.00	1490.50	1492.00	1494.00	1496.00	1497.50	1499.00	1500.00	1503.00	1504.00	1505.50	1506.50	1507.50	1509.50	1510.00	1511.00	1512.00	1512.50	1513.00	1513.00	1513.00	1513.50	1514.00	1515.00	1516.00	1516.00	1517.00	1517.50	1519.00	1519.50	1520.50	1522.00	1523.00	1523.50	1524.50	1526.50	1527.50	1528.00	1529.00	1530.50	1531.00	1532.50	1533.50	1534.50	1536.00	1537.50	1539.00	1540.00	1542.50	1544.00	1547.00	1549.50	1551.00	1554.00	1556.00	1559.00	1562.00	1564.50	1565.50	1566.50	1569.00	1570.50	1572.00	1573.00	1574.00	1574.50	1575.00	1575.50	1576.00	1576.00	1576.00	1577.00	1577.00	1577.00	1577.50	1578.00	1578.50	1579.00	1579.00	1579.50	1580.00	1580.50	1581.50	1582.00	1583.00	1584.00	1584.50	1586.00	1586.50	1587.50	1588.50	1590.00	1591.50	1592.00	1593.00	1594.50	1595.50	1597.00	1598.50	1599.50	1601.00	1601.00	1602.50	1603.00	1604.50	1605.00	1605.50	1606.00	1607.50	1608.00	1609.00	1609.50	1610.50	1611.50	1612.50	1613.00	1614.00	1615.00	1616.50	1617.00	1618.50	1619.00	1620.00	1621.00	1621.50	1623.00	1624.50	1625.00	1625.50	1628.50	1629.50	1631.00	1632.00	1634.50	1636.00	1638.00	1639.50	1641.00	1643.00	1644.50	1646.00	1647.00	1648.50	1649.50	1651.00	1652.50	1653.00	1654.00	1655.00	1655.50	1657.00	1657.50	1658.00	1658.50	1659.00	1659.50	1661.00	1661.00	1662.50	1663.00	1664.00	1665.00	1665.50	1667.00	1668.00	1668.50	1670.00	1671.50	1672.50	1673.50	1675.00	1676.50	1678.00	1679.00	1679.50	1680.50	1682.00	1682.50	1683.50	1684.00	1685.00	1685.00	1686.00	1686.50	1687.00	1688.00
1418.50	1422.00	1423.75	1425.25	1427.50	1430.00	1431.50	1433.00	1433.50	1434.25	1435.00	1435.75	1436.00	1436.00	1436.00	1436.50	1436.00	1436.00	1436.00	1436.00	1436.00	1436.00	1436.00	1435.50	1436.00	1436.00	1437.00	1437.50	1438.00	1439.00	1439.00	1441.00	1442.00	1443.50	1444.75	1446.00	1449.25	1450.50	1453.00	1454.00	1456.00	1457.50	1460.50	1462.00	1463.50	1465.50	1467.75	1469.50	1471.00	1472.00	1472.75	1474.00	1474.50	1475.50	1476.00	1476.75	1477.25	1478.00	1478.75	1479.50	1480.00	1480.50	1481.00	1482.00	1483.50	1484.75	1486.00	1488.00	1490.00	1492.00	1493.50	1495.50	1496.75	1498.75	1500.75	1502.00	1503.50	1504.50	1507.00	1508.00	1509.50	1510.50	1511.50	1513.25	1513.75	1515.00	1515.50	1516.25	1516.50	1516.75	1517.00	1517.25	1518.00	1518.50	1519.50	1520.00	1520.75	1521.25	1522.50	1523.25	1524.00	1525.50	1526.75	1527.50	1528.25	1530.00	1531.00	1532.00	1533.00	1534.50	1535.50	1537.00	1538.00	1539.00	1540.50	1542.00	1543.50	1545.00	1547.00	1548.50	1551.25	1553.50	1554.75	1557.50	1559.00	1562.00	1564.50	1566.75	1568.00	1569.00	1571.00	1572.50	1574.00	1575.00	1576.25	1577.00	1578.00	1578.50	1579.00	1579.50	1579.75	1580.50	1581.00	1581.00	1581.50	1582.00	1582.50	1583.00	1583.00	1583.75	1584.25	1584.75	1585.50	1586.00	1586.50	1587.50	1588.00	1589.00	1589.75	1590.50	1591.50	1592.50	1594.00	1594.50	1595.50	1597.00	1598.00	1599.50	1601.00	1601.75	1603.00	1603.50	1604.50	1605.50	1606.75	1607.25	1608.00	1609.00	1610.00	1610.50	1611.50	1612.50	1613.25	1614.25	1615.25	1615.75	1617.00	1617.50	1619.00	1620.00	1621.25	1621.75	1623.00	1623.50	1624.25	1625.50	1626.50	1627.50	1628.50	1631.00	1632.00	1633.50	1634.50	1636.50	1638.50	1640.25	1641.50	1642.75	1645.00	1646.50	1648.00	1649.00	1650.50	1651.50	1653.00	1654.50	1655.25	1656.00	1657.00	1658.00	1659.50	1660.00	1660.75	1661.25	1662.00	1662.50	1664.00	1664.00	1665.50	1666.25	1667.25	1668.25	1669.00	1670.50	1671.50	1672.00	1673.50	1675.00	1675.75	1676.50	1678.00	1679.50	1680.50	1681.50	1682.25	1683.00	1684.50	1685.00	1685.75	1686.50	1687.25	1687.50	1688.00	1688.75	1689.25	1690.00
1424.00	1428.00	1429.50	1431.00	1433.00	1436.00	1437.00	1438.00	1438.50	1439.50	1440.00	1440.50	1441.00	1441.00	1441.00	1441.00	1441.00	1441.00	1441.00	1441.00	1441.00	1441.00	1441.00	1441.00	1441.00	1441.00	1442.00	1442.50	1443.00	1444.00	1444.00	1447.00	1448.00	1449.50	1451.00	1452.50	1456.00	1457.50	1460.00	1461.00	1462.50	1464.00	1467.00	1468.50	1470.00	1472.00	1474.00	1475.00	1476.50	1477.50	1478.00	1479.00	1479.50	1480.00	1481.00	1481.00	1481.50	1482.50	1483.00	1483.50	1484.00	1485.00	1485.50	1487.00	1488.50	1489.50	1490.50	1493.00	1495.00	1497.00	1498.00	1500.50	1501.50	1503.50	1505.50	1506.50	1508.00	1509.00	1511.00	1512.00	1513.50	1514.50	1515.50	1517.00	1517.50	1519.00	1519.00	1520.00	1520.00	1520.50	1521.00	1521.00	1522.00	1522.00	1523.00	1524.00	1524.50	1525.00	1526.00	1527.00	1527.50	1529.00	1530.50	1531.50	1532.00	1533.50	1534.50	1536.00	1537.00	1538.50	1540.00	1541.50	1542.50	1543.50	1545.00	1546.50	1548.00	1550.00	1551.50	1553.00	1555.50	1557.50	1558.50	1561.00	1562.00	1565.00	1567.00	1569.00	1570.50	1571.50	1573.00	1574.50	1576.00	1577.00	1578.50	1579.50	1581.00	1581.50	1582.00	1583.00	1583.50	1584.00	1585.00	1585.00	1585.50	1586.00	1586.50	1587.00	1587.00	1588.00	1588.50	1589.00	1589.50	1590.00	1590.00	1591.00	1591.50	1592.00	1593.00	1593.50	1594.50	1595.00	1596.50	1597.00	1598.00	1599.50	1600.50	1602.00	1603.50	1604.00	1605.00	1606.00	1606.50	1608.00	1609.00	1609.50	1610.50	1612.00	1612.50	1613.00	1614.00	1615.50	1616.00	1617.00	1618.00	1618.50	1620.00	1620.00	1621.50	1623.00	1624.00	1624.50	1626.00	1626.00	1627.00	1628.00	1628.50	1630.00	1631.50	1633.50	1634.50	1636.00	1637.00	1638.50	1641.00	1642.50	1643.50	1644.50	1647.00	1648.50	1650.00	1651.00	1652.50	1653.50	1655.00	1656.50	1657.50	1658.00	1659.00	1660.50	1662.00	1662.50	1663.50	1664.00	1665.00	1665.50	1667.00	1667.00	1668.50	1669.50	1670.50	1671.50	1672.50	1674.00	1675.00	1675.50	1677.00	1678.50	1679.00	1679.50	1681.00	1682.50	1683.00	1684.00	1685.00	1685.50	1687.00	1687.50	1688.00	1689.00	1689.50	1690.00	1690.00	1691.00	1691.50	1692.00
1424.00	1428.00	1429.50	1431.00	1433.00	1436.00	1437.00	1438.00	1438.50	1439.50	1440.00	1440.50	1441.00	1441.00	1441.00	1441.00	1441.00	1441.00	1441.00	1441.00	1441.00	1441.00	1441.00	1441.00	1441.00	1441.00	1442.00	1442.50	1443.00	1444.00	1444.00	1447.00	1448.00	1449.50	1451.00	1452.50	1456.00	1457.50	1460.00	1461.00	1462.50	1464.00	1467.00	1468.50	1470.00	1472.00	1474.00	1475.00	1476.50	1477.50	1478.00	1479.00	1479.50	1480.00	1481.00	1481.00	1481.50	1482.50	1483.00	1483.50	1484.00	1485.00	1485.50	1487.00	1488.50	1489.50	1490.50	1493.00	1495.00	1497.00	1498.00	1500.50	1501.50	1503.50	1505.50	1506.50	1508.00	1509.00	1511.00	1512.00	1513.50	1514.50	1515.50	1517.00	1517.50	1519.00	1519.00	1520.00	1520.00	1520.50	1521.00	1521.00	1522.00	1522.00	1523.00	1524.00	1524.50	1525.00	1526.00	1527.00	1527.50	1529.00	1530.50	1531.50	1532.00	1533.50	1534.50	1536.00	1537.00	1538.50	1540.00	1541.50	1542.50	1543.50	1545.00	1546.50	1548.00	1550.00	1551.50	1553.00	1555.50	1557.50	1558.50	1561.00	1562.00	1565.00	1567.00	1569.00	1570.50	1571.50	1573.00	1574.50	1576.00	1577.00	1578.50	1579.50	1581.00	1581.50	1582.00	1583.00	1583.50	1584.00	1585.00	1585.00	1585.50	1586.00	1586.50	1587.00	1587.00	1588.00	1588.50	1589.00	1589.50	1590.00	1590.00	1591.00	1591.50	1592.00	1593.00	1593.50	1594.50	1595.00	1596.50	1597.00	1598.00	1599.50	1600.50	1602.00	1603.50	1604.00	1605.00	1606.00	1606.50	1608.00	1609.00	1609.50	1610.50	1612.00	1612.50	1613.00	1614.00	1615.50	1616.00	1617.00	1618.00	1618.50	1620.00	1620.00	1621.50	1623.00	1624.00	1624.50	1626.00	1626.00	1627.00	1628.00	1628.50	1630.00	1631.50	1633.50	1634.50	1636.00	1637.00	1638.50	1641.00	1642.50	1643.50	1644.50	1647.00	1648.50	1650.00	1651.00	1652.50	1653.50	1655.00	1656.50	1657.50	1658.00	1659.00	1660.50	1662.00	1662.50	1663.50	1664.00	1665.00	1665.50	1667.00	1667.00	1668.50	1669.50	1670.50	1671.50	1672.50	1674.00	1675.00	1675.50	1677.00	1678.50	1679.00	1679.50	1681.00	1682.50	1683.00	1684.00	1685.00	1685.50	1687.00	1687.50	1688.00	1689.00	1689.50	1690.00	1690.00	1691.00	1691.50	1692.00
1430.00	1432.75	1434.25	1435.75	1438.00	1440.00	1441.00	1442.00	1442.50	1443.25	1443.75	1444.25	1444.50	1444.50	1444.50	1445.00	1445.00	1445.25	1445.50	1445.50	1445.50	1445.50	1445.50	1445.50	1445.50	1445.75	1446.50	1446.75	1447.25	1448.50	1449.50	1452.00	1453.00	1455.25	1456.75	1458.25	1461.75	1463.25	1465.50	1467.00	1469.00	1470.25	1473.25	1474.75	1476.25	1478.00	1479.75	1480.50	1482.00	1482.75	1483.00	1484.00	1484.50	1485.00	1485.50	1486.00	1486.25	1487.00	1487.75	1488.25	1489.00	1490.00	1491.00	1492.00	1493.50	1494.50	1495.75	1498.00	1499.75	1501.50	1502.50	1505.00	1506.00	1507.75	1509.75	1511.00	1512.50	1513.50	1515.00	1516.00	1517.50	1518.25	1519.00	1520.75	1521.25	1522.50	1522.50	1523.50	1523.75	1524.25	1524.50	1524.75	1525.50	1526.00	1527.00	1528.00	1528.50	1529.00	1530.00	1530.75	1531.50	1532.50	1534.00	1535.00	1535.75	1537.50	1538.50	1540.00	1541.00	1542.50	1544.00	1545.50	1546.75	1548.00	1549.50	1551.00	1552.50	1554.00	1555.75	1557.25	1559.25	1561.00	1562.25	1564.50	1565.50	1568.25	1570.00	1572.25	1573.50	1574.50	1576.00	1577.50	1579.00	1580.00	1581.50	1582.50	1584.00	1584.50	1585.25	1586.50	1587.00	1587.50	1588.00	1588.50	1589.00	1589.50	1590.25	1590.75	1591.00	1591.50	1592.00	1592.50	1592.75	1593.25	1593.50	1594.00	1594.75	1595.00	1596.25	1596.75	1597.25	1598.00	1599.00	1600.00	1600.50	1602.00	1603.00	1604.25	1605.50	1606.25	1607.50	1608.50	1609.50	1610.50	1611.75	1612.50	1613.25	1614.50	1615.50	1616.00	1617.00	1618.50	1619.00	1620.00	1621.25	1621.75	1623.00	1623.50	1624.75	1626.00	1627.00	1627.50	1628.50	1629.00	1630.00	1631.00	1632.00	1633.00	1634.00	1636.00	1637.00	1638.50	1639.50	1641.00	1643.50	1645.00	1646.00	1647.00	1649.00	1650.50	1652.00	1653.00	1654.50	1655.50	1657.00	1658.50	1659.50	1660.50	1661.50	1663.00	1664.50	1665.50	1666.50	1667.25	1668.00	1669.00	1670.00	1670.50	1672.00	1673.00	1674.00	1675.00	1676.00	1677.50	1678.00	1679.00	1680.50	1681.50	1682.25	1683.00	1684.00	1685.50	1686.00	1687.00	1688.00	1688.50	1689.50	1690.00	1690.50	1691.50	1691.75	1692.25	1692.50	1693.50	1694.00	1694.50
1436.00	1437.50	1439.00	1440.50	1443.00	1444.00	1445.00	1446.00	1446.50	1447.00	1447.50	1448.00	1448.00	1448.00	1448.00	1449.00	1449.00	1449.50	1450.00	1450.00	1450.00	1450.00	1450.00	1450.00	1450.00	1450.50	1451.00	1451.00	1451.50	1453.00	1455.00	1457.00	1458.00	1461.00	1462.50	1464.00	1467.50	1469.00	1471.00	1473.00	1475.50	1476.50	1479.50	1481.00	1482.50	1484.00	1485.50	1486.00	1487.50	1488.00	1488.00	1489.00	1489.50	1490.00	1490.00	1491.00	1491.00	1491.50	1492.50	1493.00	1494.00	1495.00	1496.50	1497.00	1498.50	1499.50	1501.00	1503.00	1504.50	1506.00	1507.00	1509.50	1510.50	1512.00	1514.00	1515.50	1517.00	1518.00	1519.00	1520.00	1521.50	1522.00	1522.50	1524.50	1525.00	1526.00	1526.00	1527.00	1527.50	1528.00	1528.00	1528.50	1529.00	1530.00	1531.00	1532.00	1532.50	1533.00	1534.00	1534.50	1535.50	1536.00	1537.50	1538.50	1539.50	1541.50	1542.50	1544.00	1545.00	1546.50	1548.00	1549.50	1551.00	1552.50	1554.00	1555.50	1557.00	1558.00	1560.00	1561.50	1563.00	1564.50	1566.00	1568.00	1569.00	1571.50	1573.00	1575.50	1576.50	1577.50	1579.00	1580.50	1582.00	1583.00	1584.50	1585.50	1587.00	1587.50	1588.50	1590.00	1590.50	1591.00	1591.00	1592.00	1592.50	1593.00	1594.00	1594.50	1595.00	1595.00	1595.50	1596.00	1596.00	1596.50	1597.00	1597.00	1598.00	1598.00	1599.50	1600.00	1600.00	1601.00	1601.50	1603.00	1603.00	1604.50	1605.50	1606.50	1607.50	1608.50	1610.00	1611.00	1612.50	1613.00	1614.50	1615.50	1616.00	1617.00	1618.50	1619.00	1620.00	1621.50	1622.00	1623.00	1624.50	1625.00	1626.00	1627.00	1628.00	1629.00	1630.00	1630.50	1631.00	1632.00	1633.00	1634.00	1635.50	1636.00	1636.50	1638.50	1639.50	1641.00	1642.00	1643.50	1646.00	1647.50	1648.50	1649.50	1651.00	1652.50	1654.00	1655.00	1656.50	1657.50	1659.00	1660.50	1661.50	1663.00	1664.00	1665.50	1667.00	1668.50	1669.50	1670.50	1671.00	1672.50	1673.00	1674.00	1675.50	1676.50	1677.50	1678.50	1679.50	1681.00	1681.00	1682.50	1684.00	1684.50	1685.50	1686.50	1687.00	1688.50	1689.00	1690.00	1691.00	1691.50	1692.00	1692.50	1693.00	1694.00	1694.00	1694.50	1695.00	1696.00	1696.50	1697.00
1436.00	1437.50	1439.00	1440.50	1443.00	1444.00	1445.00	1446.00	1446.50	1447.00	1447.50	1448.00	1448.00	1448.00	1448.00	1449.00	1449.00	1449.50	1450.00	1450.00	1450.00	1450.00	1450.00	1450.00	1450.00	1450.50	1451.00	1451.00	1451.50	1453.00	1455.00	1457.00	1458.00	1461.00	1462.50	1464.00	1467.50	1469.00	1471.00	1473.00	1475.50	1476.50	1479.50	1481.00	1482.50	1484.00	1485.50	1486.00	1487.50	1488.00	1488.00	1489.00	1489.50	1490.00	1490.00	1491.00	1491.00	1491.50	1492.50	1493.00	1494.00	1495.00	1496.50	1497.00	1498.50	1499.50	1501.00	1503.00	1504.50	1506.00	1507.00	1509.50	1510.50	1512.00	1514.00	1515.50	1517.00	1518.00	1519.00	1520.00	1521.50	1522.00	1522.50	1524.50	1525.00	1526.00	1526.00	1527.00	1527.50	1528.00	1528.00	1528.50	1529.00	1530.00	1531.00	1532.00	1532.50	1533.00	1534.00	1534.50	1535.50	1536.00	1537.50	1538.50	1539.50	1541.50	1542.50	1544.00	1545.00	1546.50	1548.00	1549.50	1551.00	1552.50	1554.00	1555.50	1557.00	1558.00	1560.00	1561.50	1563.00	1564.50	1566.00	1568.00	1569.00	1571.50	1573.00	1575.50	1576.50	1577.50	1579.00	1580.50	1582.00	1583.00	1584.50	1585.50	1587.00	1587.50	1588.50	1590.00	1590.50	1591.00	1591.00	1592.00	1592.50	1593.00	1594.00	1594.50	1595.00	1595.00	1595.50	1596.00	1596.00	1596.50	1597.00	1597.00	1598.00	1598.00	1599.50	1600.00	1600.00	1601.00	1601.50	1603.00	1603.00	1604.50	1605.50	1606.50	1607.50	1608.50	1610.00	1611.00	1612.50	1613.00	1614.50	1615.50	1616.00	1617.00	1618.50	1619.00	1620.00	1621.50	1622.00	1623.00	1624.50	1625.00	1626.00	1627.00	1628.00	1629.00	1630.00	1630.50	1631.00	1632.00	1633.00	1634.00	1635.50	1636.00	1636.50	1638.50	1639.50	1641.00	1642.00	1643.50	1646.00	1647.50	1648.50	1649.50	1651.00	1652.50	1654.00	1655.00	1656.50	1657.50	1659.00	1660.50	1661.50	1663.00	1664.00	1665.50	1667.00	1668.50	1669.50	1670.50	1671.00	1672.50	1673.00	1674.00	1675.50	1676.50	1677.50	1678.50	1679.50	1681.00	1681.00	1682.50	1684.00	1684.50	1685.50	1686.50	1687.00	1688.50	1689.00	1690.00	1691.00	1691.50	1692.00	1692.50	1693.00	1694.00	1694.00	1694.50	1695.00	1696.00	1696.50	1697.00
1439.00	1440.75	1442.25	1443.50	1445.50	1446.25	1447.50	1448.00	1448.75	1449.00	1449.50	1450.00	1450.25	1450.50	1451.00	1451.75	1452.00	1452.75	1453.00	1453.25	1453.50	1453.50	1454.00	1454.00	1454.25	1454.75	1455.25	1455.75	1456.50	1458.00	1459.50	1462.00	1463.00	1465.75	1467.25	1469.00	1472.25	1474.00	1476.00	1478.00	1480.25	1481.50	1484.50	1485.75	1487.00	1488.50	1490.25	1491.00	1492.00	1492.75	1493.00	1494.00	1494.25	1494.50	1494.50	1495.50	1495.75	1496.50	1497.25	1497.75	1499.00	1500.00	1501.00	1502.00	1503.50	1504.50	1505.75	1507.50	1509.25	1511.00	1512.00	1514.00	1515.00	1516.50	1518.25	1519.25	1520.50	1521.50	1522.50	1523.50	1524.50	1525.25	1525.75	1527.50	1528.00	1529.00	1529.00	1530.25	1530.75	1531.50	1531.75	1532.25	1533.00	1534.25	1535.00	1536.00	1536.50	1537.00	1538.00	1538.75	1539.50	1540.50	1541.75	1542.50	1543.50	1545.50	1546.25	1547.50	1548.50	1550.00	1551.50	1553.25	1554.75	1556.00	1557.50	1559.25	1561.00	1562.00	1564.00	1565.50	1567.25	1569.00	1570.25	1572.00	1573.00	1575.50	1577.00	1579.25	1580.50	1581.50	1583.00	1584.50	1586.00	1587.00	1588.50	1589.25	1590.75	1591.50	1592.25	1593.50	1593.75	1594.50	1594.50	1595.50	1595.75	1596.50	1597.25	1597.75	1598.00	1598.50	1598.75	1599.00	1599.25	1599.75	1600.00	1600.00	1601.00	1601.50	1602.25	1602.75	1603.00	1603.50	1604.50	1606.00	1606.50	1607.75	1608.50	1609.75	1610.75	1611.50	1613.00	1614.00	1615.50	1616.50	1618.00	1619.00	1619.50	1620.50	1622.00	1622.50	1623.50	1624.75	1625.25	1626.50	1628.00	1628.75	1629.50	1630.50	1631.25	1632.00	1633.00	1633.25	1634.00	1634.50	1635.75	1637.00	1638.00	1638.75	1639.50	1641.50	1642.25	1643.50	1644.50	1646.25	1648.50	1650.00	1650.75	1651.50	1653.00	1654.50	1656.00	1657.50	1659.00	1660.00	1661.75	1663.50	1664.50	1666.00	1667.00	1668.50	1670.00	1671.50	1672.50	1673.50	1674.50	1675.75	1676.50	1677.50	1678.75	1679.50	1680.75	1681.75	1682.50	1684.00	1684.50	1685.50	1687.00	1687.75	1688.50	1689.50	1690.50	1691.50	1692.00	1693.00	1693.75	1694.25	1695.00	1695.25	1695.75	1696.50	1697.00	1697.25	1698.00	1698.50	1699.00	1699.50
1442.00	1444.00	1445.50	1446.50	1448.00	1448.50	1450.00	1450.00	1451.00	1451.00	1451.50	1452.00	1452.50	1453.00	1454.00	1454.50	1455.00	1456.00	1456.00	1456.50	1457.00	1457.00	1458.00	1458.00	1458.50	1459.00	1459.50	1460.50	1461.50	1463.00	1464.00	1467.00	1468.00	1470.50	1472.00	1474.00	1477.00	1479.00	1481.00	1483.00	1485.00	1486.50	1489.50	1490.50	1491.50	1493.00	1495.00	1496.00	1496.50	1497.50	1498.00	1499.00	1499.00	1499.00	1499.00	1500.00	1500.50	1501.50	1502.00	1502.50	1504.00	1505.00	1505.50	1507.00	1508.50	1509.50	1510.50	1512.00	1514.00	1516.00	1517.00	1518.50	1519.50	1521.00	1522.50	1523.00	1524.00	1525.00	1526.00	1527.00	1527.50	1528.50	1529.00	1530.50	1531.00	1532.00	1532.00	1533.50	1534.00	1535.00	1535.50	1536.00	1537.00	1538.50	1539.00	1540.00	1540.50	1541.00	1542.00	1543.00	1543.50	1545.00	1546.00	1546.50	1547.50	1549.50	1550.00	1551.00	1552.00	1553.50	1555.00	1557.00	1558.50	1559.50	1561.00	1563.00	1565.00	1566.00	1568.00	1569.50	1571.50	1573.50	1574.50	1576.00	1577.00	1579.50	1581.00	1583.00	1584.50	1585.50	1587.00	1588.50	1590.00	1591.00	1592.50	1593.00	1594.50	1595.50	1596.00	1597.00	1597.00	1598.00	1598.00	1599.00	1599.00	1600.00	1600.50	1601.00	1601.00	1602.00	1602.00	1602.00	1602.50	1603.00	1603.00	1603.00	1604.00	1605.00	1605.00	1605.50	1606.00	1606.00	1607.50	1609.00	1610.00	1611.00	1611.50	1613.00	1614.00	1614.50	1616.00	1617.00	1618.50	1620.00	1621.50	1622.50	1623.00	1624.00	1625.50	1626.00	1627.00	1628.00	1628.50	1630.00	1631.50	1632.50	1633.00	1634.00	1634.50	1635.00	1636.00	1636.00	1637.00	1637.00	1638.50	1640.00	1640.50	1641.50	1642.50	1644.50	1645.00	1646.00	1647.00	1649.00	1651.00	1652.50	1653.00	1653.50	1655.00	1656.50	1658.00	1660.00	1661.50	1662.50	1664.50	1666.50	1667.50	1669.00	1670.00	1671.50	1673.00	1674.50	1675.50	1676.50	1678.00	1679.00	1680.00	1681.00	1682.00	1682.50	1684.00	1685.00	1685.50	1687.00	1688.00	1688.50	1690.00	1691.00	1691.50	1692.50	1694.00	1694.50	1695.00	1696.00	1696.50	1697.00	1698.00	1698.00	1698.50	1699.00	1700.00	1700.00	1701.00	1701.00	1701.50	1702.00
1442.00	1444.00	1445.50	1446.50	1448.00	1448.50	1450.00	1450.00	1451.00	1451.00	1451.50	1452.00	1452.50	1453.00	1454.00	1454.50	1455.00	1456.00	1456.00	1456.50	1457.00	1457.00	1458.00	1458.00	1458.50	1459.00	1459.50	1460.50	1461.50	1463.00	1464.00	1467.00	1468.00	1470.50	1472.00	1474.00	1477.00	1479.00	1481.00	1483.00	1485.00	1486.50	1489.50	1490.50	1491.50	1493.00	1495.00	1496.00	1496.50	1497.50	1498.00	1499.00	1499.00	1499.00	1499.00	1500.00	1500.50	1501.50	1502.00	1502.50	1504.00	1505.00	1505.50	1507.00	1508.50	1509.50	1510.50	1512.00	1514.00	1516.00	1517.00	1518.50	1519.50	1521.00	1522.50	1523.00	1524.00	1525.00	1526.00	1527.00	1527.50	1528.50	1529.00	1530.50	1531.00	1532.00	1532.00	1533.50	1534.00	1535.00	1535.50	1536.00	1537.00	1538.50	1539.00	1540.00	1540.50	1541.00	1542.00	1543.00	1543.50	1545.00	1546.00	1546.50	1547.50	1549.50	1550.00	1551.00	1552.00	1553.50	1555.00	1557.00	1558.50	1559.50	1561.00	1563.00	1565.00	1566.00	1568.00	1569.50	1571.50	1573.50	1574.50	1576.00	1577.00	1579.50	1581.00	1583.00	1584.50	1585.50	1587.00	1588.50	1590.00	1591.00	1592.50	1593.00	1594.50	1595.50	1596.00	1597.00	1597.00	1598.00	1598.00	1599.00	1599.00	1600.00	1600.50	1601.00	1601.00	1602.00	1602.00	1602.00	1602.50	1603.00	1603.00	1603.00	1604.00	1605.00	1605.00	1605.50	1606.00	1606.00	1607.50	1609.00	1610.00	1611.00	1611.50	1613.00	1614.00	1614.50	1616.00	1617.00	1618.50	1620.00	1621.50	1622.50	1623.00	1624.00	1625.50	1626.00	1627.00	1628.00	1628.50	1630.00	1631.50	1632.50	1633.00	1634.00	1634.50	1635.00	1636.00	1636.00	1637.00	1637.00	1638.50	1640.00	1640.50	1641.50	1642.50	1644.50	1645.00	1646.00	1647.00	1649.00	1651.00	1652.50	1653.00	1653.50	1655.00	1656.50	1658.00	1660.00	1661.50	1662.50	1664.50	1666.50	1667.50	1669.00	1670.00	1671.50	1673.00	1674.50	1675.50	1676.50	1678.00	1679.00	1680.00	1681.00	1682.00	1682.50	1684.00	1685.00	1685.50	1687.00	1688.00	1688.50	1690.00	1691.00	1691.50	1692.50	1694.00	1694.50	1695.00	1696.00	1696.50	1697.00	1698.00	1698.00	1698.50	1699.00	1700.00	1700.00	1701.00	1701.00	1701.50	1702.00
1442.00	1444.00	1445.50	1446.50	1448.00	1448.50	1450.00	1450.00	1451.00	1451.00	1451.50	1452.00	1452.50	1453.00	1454.00	1454.50	1455.00	1456.00	1456.00	1456.50	1457.00	1457.00	1458.00	1458.00	1458.50	1459.00	1459.50	1460.50	1461.50	1463.00	1464.00	1467.00	1468.00	1470.50	1472.00	1474.00	1477.00	1479.00	1481.00	1483.00	1485.00	1486.50	1489.50	1490.50	1491.50	1493.00	1495.00	1496.00	1496.50	1497.50	1498.00	1499.00	1499.00	1499.00	1499.00	1500.00	1500.50	1501.50	1502.00	1502.50	1504.00	1505.00	1505.50	1507.00	1508.50	1509.50	1510.50	1512.00	1514.00	1516.00	1517.00	1518.50	1519.50	1521.00	1522.50	1523.00	1524.00	1525.00	1526.00	1527.00	1527.50	1528.50	1529.00	1530.50	1531.00	1532.00	1532.00	1533.50	1534.00	1535.00	1535.50	1536.00	1537.00	1538.50	1539.00	1540.00	1540.50	1541.00	1542.00	1543.00	1543.50	1545.00	1546.00	1546.50	1547.50	1549.50	1550.00	1551.00	1552.00	1553.50	1555.00	1557.00	1558.50	1559.50	1561.00	1563.00	1565.00	1566.00	1568.00	1569.50	1571.50	1573.50	1574.50	1576.00	1577.00	1579.50	1581.00	1583.00	1584.50	1585.50	1587.00	1588.50	1590.00	1591.00	1592.50	1593.00	1594.50	1595.50	1596.00	1597.00	1597.00	1598.00	1598.00	1599.00	1599.00	1600.00	1600.50	1601.00	1601.00	1602.00	1602.00	1602.00	1602.50	1603.00	1603.00	1603.00	1604.00	1605.00	1605.00	1605.50	1606.00	1606.00	1607.50	1609.00	1610.00	1611.00	1611.50	1613.00	1614.00	1614.50	1616.00	1617.00	1618.50	1620.00	1621.50	1622.50	1623.00	1624.00	1625.50	1626.00	1627.00	1628.00	1628.50	1630.00	1631.50	1632.50	1633.00	1634.00	1634.50	1635.00	1636.00	1636.00	1637.00	1637.00	1638.50	1640.00	1640.50	1641.50	1642.50	1644.50	1645.00	1646.00	1647.00	1649.00	1651.00	1652.50	1653.00	1653.50	1655.00	1656.50	1658.00	1660.00	1661.50	1662.50	1664.50	1666.50	1667.50	1669.00	1670.00	1671.50	1673.00	1674.50	1675.50	1676.50	1678.00	1679.00	1680.00	1681.00	1682.00	1682.50	1684.00	1685.00	1685.50	1687.00	1688.00	1688.50	1690.00	1691.00	1691.50	1692.50	1694.00	1694.50	1695.00	1696.00	1696.50	1697.00	1698.00	1698.00	1698.50	1699.00	1700.00	1700.00	1701.00	1701.00	1701.50	1702.00
1447.00	1448.50	1449.50	1450.50	1451.00	1452.50	1453.00	1453.00	1453.00	1453.50	1454.50	1455.50	1456.50	1458.00	1459.00	1460.00	1461.00	1462.00	1462.50	1463.00	1464.00	1464.00	1465.00	1465.00	1466.50	1467.00	1468.50	1469.50	1470.00	1471.00	1473.00	1475.00	1477.00	1479.00	1480.50	1482.00	1485.50	1487.00	1489.00	1491.00	1493.00	1494.50	1497.50	1498.50	1499.50	1502.00	1502.50	1503.00	1504.00	1504.50	1505.00	1506.00	1506.50	1507.00	1508.00	1509.00	1509.50	1510.50	1511.50	1512.50	1514.00	1514.00	1515.50	1517.00	1518.50	1519.00	1519.50	1521.00	1522.50	1524.00	1525.00	1526.50	1527.50	1528.50	1529.00	1529.50	1530.00	1530.00	1532.00	1532.00	1533.00	1533.50	1534.50	1536.50	1537.00	1538.00	1539.00	1540.50	1541.00	1542.50	1543.50	1544.50	1545.00	1546.50	1547.00	1548.00	1548.50	1549.00	1550.00	1550.50	1551.50	1552.00	1553.50	1554.50	1555.50	1556.50	1557.50	1559.00	1559.00	1560.50	1562.00	1563.50	1564.50	1565.50	1568.00	1570.00	1572.00	1573.00	1575.50	1577.00	1579.00	1581.00	1582.50	1584.00	1586.00	1588.00	1590.00	1592.00	1593.50	1594.50	1596.00	1597.50	1599.00	1600.00	1600.50	1601.50	1602.50	1603.00	1603.00	1604.00	1604.00	1604.00	1605.00	1605.00	1605.00	1605.00	1606.00	1606.00	1606.00	1606.50	1607.00	1607.00	1607.50	1608.00	1608.00	1608.00	1609.00	1610.00	1610.50	1611.00	1611.50	1613.00	1613.50	1615.00	1616.00	1617.50	1618.50	1620.00	1621.50	1622.50	1623.00	1624.00	1625.50	1627.00	1628.50	1629.50	1630.50	1632.00	1633.00	1634.00	1635.00	1635.50	1636.50	1637.50	1638.50	1639.00	1639.00	1640.00	1640.50	1641.00	1641.50	1642.00	1642.00	1643.00	1643.50	1645.00	1645.50	1646.50	1647.50	1649.50	1650.50	1651.00	1652.00	1653.50	1655.00	1656.50	1657.50	1658.50	1660.00	1661.50	1664.00	1665.00	1666.50	1668.00	1670.00	1671.50	1672.50	1675.00	1676.00	1677.50	1679.00	1680.50	1681.50	1682.50	1684.00	1685.00	1686.00	1687.00	1688.50	1689.00	1690.00	1691.50	1692.00	1693.00	1694.00	1694.50	1696.00	1696.50	1697.50	1698.00	1699.00	1699.00	1700.00	1700.00	1701.50	1702.00	1703.50	1704.00	1704.00	1704.00	1705.00	1705.00	1706.00	1706.00	1706.00	1707.00
1447.00	1448.50	1449.50	1450.50	1451.00	1452.50	1453.00	1453.00	1453.00	1453.50	1454.50	1455.50	1456.50	1458.00	1459.00	1460.00	1461.00	1462.00	1462.50	1463.00	1464.00	1464.00	1465.00	1465.00	1466.50	1467.00	1468.50	1469.50	1470.00	1471.00	1473.00	1475.00	1477.00	1479.00	1480.50	1482.00	1485.50	1487.00	1489.00	1491.00	1493.00	1494.50	1497.50	1498.50	1499.50	1502.00	1502.50	1503.00	1504.00	1504.50	1505.00	1506.00	1506.50	1507.00	1508.00	1509.00	1509.50	1510.50	1511.50	1512.50	1514.00	1514.00	1515.50	1517.00	1518.50	1519.00	1519.50	1521.00	1522.50	1524.00	1525.00	1526.50	1527.50	1528.50	1529.00	1529.50	1530.00	1530.00	1532.00	1532.00	1533.00	1533.50	1534.50	1536.50	1537.00	1538.00	1539.00	1540.50	1541.00	1542.50	1543.50	1544.50	1545.00	1546.50	1547.00	1548.00	1548.50	1549.00	1550.00	1550.50	1551.50	1552.00	1553.50	1554.50	1555.50	1556.50	1557.50	1559.00	1559.00	1560.50	1562.00	1563.50	1564.50	1565.50	1568.00	1570.00	1572.00	1573.00	1575.50	1577.00	1579.00	1581.00	1582.50	1584.00	1586.00	1588.00	1590.00	1592.00	1593.50	1594.50	1596.00	1597.50	1599.00	1600.00	1600.50	1601.50	1602.50	1603.00	1603.00	1604.00	1604.00	1604.00	1605.00	1605.00	1605.00	1605.00	1606.00	1606.00	1606.00	1606.50	1607.00	1607.00	1607.50	1608.00	1608.00	1608.00	1609.00	1610.00	1610.50	1611.00	1611.50	1613.00	1613.50	1615.00	1616.00	1617.50	1618.50	1620.00	1621.50	1622.50	1623.00	1624.00	1625.50	1627.00	1628.50	1629.50	1630.50	1632.00	1633.00	1634.00	1635.00	1635.50	1636.50	1637.50	1638.50	1639.00	1639.00	1640.00	1640.50	1641.00	1641.50	1642.00	1642.00	1643.00	1643.50	1645.00	1645.50	1646.50	1647.50	1649.50	1650.50	1651.00	1652.00	1653.50	1655.00	1656.50	1657.50	1658.50	1660.00	1661.50	1664.00	1665.00	1666.50	1668.00	1670.00	1671.50	1672.50	1675.00	1676.00	1677.50	1679.00	1680.50	1681.50	1682.50	1684.00	1685.00	1686.00	1687.00	1688.50	1689.00	1690.00	1691.50	1692.00	1693.00	1694.00	1694.50	1696.00	1696.50	1697.50	1698.00	1699.00	1699.00	1700.00	1700.00	1701.50	1702.00	1703.50	1704.00	1704.00	1704.00	1705.00	1705.00	1706.00	1706.00	1706.00	1707.00
1447.00	1448.50	1449.50	1450.50	1451.00	1452.50	1453.00	1453.00	1453.00	1453.50	1454.50	1455.50	1456.50	1458.00	1459.00	1460.00	1461.00	1462.00	1462.50	1463.00	1464.00	1464.00	1465.00	1465.00	1466.50	1467.00	1468.50	1469.50	1470.00	1471.00	1473.00	1475.00	1477.00	1479.00	1480.50	1482.00	1485.50	1487.00	1489.00	1491.00	1493.00	1494.50	1497.50	1498.50	1499.50	1502.00	1502.50	1503.00	1504.00	1504.50	1505.00	1506.00	1506.50	1507.00	1508.00	1509.00	1509.50	1510.50	1511.50	1512.50	1514.00	1514.00	1515.50	1517.00	1518.50	1519.00	1519.50	1521.00	1522.50	1524.00	1525.00	1526.50	1527.50	1528.50	1529.00	1529.50	1530.00	1530.00	1532.00	1532.00	1533.00	1533.50	1534.50	1536.50	1537.00	1538.00	1539.00	1540.50	1541.00	1542.50	1543.50	1544.50	1545.00	1546.50	1547.00	1548.00	1548.50	1549.00	1550.00	1550.50	1551.50	1552.00	1553.50	1554.50	1555.50	1556.50	1557.50	1559.00	1559.00	1560.50	1562.00	1563.50	1564.50	1565.50	1568.00	1570.00	1572.00	1573.00	1575.50	1577.00	1579.00	1581.00	1582.50	1584.00	1586.00	1588.00	1590.00	1592.00	1593.50	1594.50	1596.00	1597.50	1599.00	1600.00	1600.50	1601.50	1602.50	1603.00	1603.00	1604.00	1604.00	1604.00	1605.00	1605.00	1605.00	1605.00	1606.00	1606.00	1606.00	1606.50	1607.00	1607.00	1607.50	1608.00	1608.00	1608.00	1609.00	1610.00	1610.50	1611.00	1611.50	1613.00	1613.50	1615.00	1616.00	1617.50	1618.50	1620.00	1621.50	1622.50	1623.00	1624.00	1625.50	1627.00	1628.50	1629.50	1630.50	1632.00	1633.00	1634.00	1635.00	1635.50	1636.50	1637.50	1638.50	1639.00	1639.00	1640.00	1640.50	1641.00	1641.50	1642.00	1642.00	1643.00	1643.50	1645.00	1645.50	1646.50	1647.50	1649.50	1650.50	1651.00	1652.00	1653.50	1655.00	1656.50	1657.50	1658.50	1660.00	1661.50	1664.00	1665.00	1666.50	1668.00	1670.00	1671.50	1672.50	1675.00	1676.00	1677.50	1679.00	1680.50	1681.50	1682.50	1684.00	1685.00	1686.00	1687.00	1688.50	1689.00	1690.00	1691.50	1692.00	1693.00	1694.00	1694.50	1696.00	1696.50	1697.50	1698.00	1699.00	1699.00	1700.00	1700.00	1701.50	1702.00	1703.50	1704.00	1704.00	1704.00	1705.00	1705.00	1706.00	1706.00	1706.00	1707.00
1447.00	1448.50	1449.50	1450.50	1451.00	1452.50	1453.00	1453.00	1453.00	1453.50	1454.50	1455.50	1456.50	1458.00	1459.00	1460.00	1461.00	1462.00	1462.50	1463.00	1464.00	1464.00	1465.00	1465.00	1466.50	1467.00	1468.50	1469.50	1470.00	1471.00	1473.00	1475.00	1477.00	1479.00	1480.50	1482.00	1485.50	1487.00	1489.00	1491.00	1493.00	1494.50	1497.50	1498.50	1499.50	1502.00	1502.50	1503.00	1504.00	1504.50	1505.00	1506.00	1506.50	1507.00	1508.00	1509.00	1509.50	1510.50	1511.50	1512.50	1514.00	1514.00	1515.50	1517.00	1518.50	1519.00	1519.50	1521.00	1522.50	1524.00	1525.00	1526.50	1527.50	1528.50	1529.00	1529.50	1530.00	1530.00	1532.00	1532.00	1533.00	1533.50	1534.50	1536.50	1537.00	1538.00	1539.00	1540.50	1541.00	1542.50	1543.50	1544.50	1545.00	1546.50	1547.00	1548.00	1548.50	1549.00	1550.00	1550.50	1551.50	1552.00	1553.50	1554.50	1555.50	1556.50	1557.50	1559.00	1559.00	1560.50	1562.00	1563.50	1564.50	1565.50	1568.00	1570.00	1572.00	1573.00	1575.50	1577.00	1579.00	1581.00	1582.50	1584.00	1586.00	1588.00	1590.00	1592.00	1593.50	1594.50	1596.00	1597.50	1599.00	1600.00	1600.50	1601.50	1602.50	1603.00	1603.00	1604.00	1604.00	1604.00	1605.00	1605.00	1605.00	1605.00	1606.00	1606.00	1606.00	1606.50	1607.00	1607.00	1607.50	1608.00	1608.00	1608.00	1609.00	1610.00	1610.50	1611.00	1611.50	1613.00	1613.50	1615.00	1616.00	1617.50	1618.50	1620.00	1621.50	1622.50	1623.00	1624.00	1625.50	1627.00	1628.50	1629.50	1630.50	1632.00	1633.00	1634.00	1635.00	1635.50	1636.50	1637.50	1638.50	1639.00	1639.00	1640.00	1640.50	1641.00	1641.50	1642.00	1642.00	1643.00	1643.50	1645.00	1645.50	1646.50	1647.50	1649.50	1650.50	1651.00	1652.00	1653.50	1655.00	1656.50	1657.50	1658.50	1660.00	1661.50	1664.00	1665.00	1666.50	1668.00	1670.00	1671.50	1672.50	1675.00	1676.00	1677.50	1679.00	1680.50	1681.50	1682.50	1684.00	1685.00	1686.00	1687.00	1688.50	1689.00	1690.00	1691.50	1692.00	1693.00	1694.00	1694.50	1696.00	1696.50	1697.50	1698.00	1699.00	1699.00	1700.00	1700.00	1701.50	1702.00	1703.50	1704.00	1704.00	1704.00	1705.00	1705.00	1706.00	1706.00	1706.00	1707.00
1447.00	1448.50	1449.50	1450.50	1451.00	1452.50	1453.00	1453.00	1453.00	1453.50	1454.50	1455.50	1456.50	1458.00	1459.00	1460.00	1461.00	1462.00	1462.50	1463.00	1464.00	1464.00	1465.00	1465.00	1466.50	1467.00	1468.50	1469.50	1470.00	1471.00	1473.00	1475.00	1477.00	1479.00	1480.50	1482.00	1485.50	1487.00	1489.00	1491.00	1493.00	1494.50	1497.50	1498.50	1499.50	1502.00	1502.50	1503.00	1504.00	1504.50	1505.00	1506.00	1506.50	1507.00	1508.00	1509.00	1509.50	1510.50	1511.50	1512.50	1514.00	1514.00	1515.50	1517.00	1518.50	1519.00	1519.50	1521.00	1522.50	1524.00	1525.00	1526.50	1527.50	1528.50	1529.00	1529.50	1530.00	1530.00	1532.00	1532.00	1533.00	1533.50	1534.50	1536.50	1537.00	1538.00	1539.00	1540.50	1541.00	1542.50	1543.50	1544.50	1545.00	1546.50	1547.00	1548.00	1548.50	1549.00	1550.00	1550.50	1551.50	1552.00	1553.50	1554.50	1555.50	1556.50	1557.50	1559.00	1559.00	1560.50	1562.00	1563.50	1564.50	1565.50	1568.00	1570.00	1572.00	1573.00	1575.50	1577.00	1579.00	1581.00	1582.50	1584.00	1586.00	1588.00	1590.00	1592.00	1593.50	1594.50	1596.00	1597.50	1599.00	1600.00	1600.50	1601.50	1602.50	1603.00	1603.00	1604.00	1604.00	1604.00	1605.00	1605.00	1605.00	1605.00	1606.00	1606.00	1606.00	1606.50	1607.00	1607.00	1607.50	1608.00	1608.00	1608.00	1609.00	1610.00	1610.50	1611.00	1611.50	1613.00	1613.50	1615.00	1616.00	1617.50	1618.50	1620.00	1621.50	1622.50	1623.00	1624.00	1625.50	1627.00	1628.50	1629.50	1630.50	1632.00	1633.00	1634.00	1635.00	1635.50	1636.50	1637.50	1638.50	1639.00	1639.00	1640.00	1640.50	1641.00	1641.50	1642.00	1642.00	1643.00	1643.50	1645.00	1645.50	1646.50	1647.50	1649.50	1650.50	1651.00	1652.00	1653.50	1655.00	1656.50	1657.50	1658.50	1660.00	1661.50	1664.00	1665.00	1666.50	1668.00	1670.00	1671.50	1672.50	1675.00	1676.00	1677.50	1679.00	1680.50	1681.50	1682.50	1684.00	1685.00	1686.00	1687.00	1688.50	1689.00	1690.00	1691.50	1692.00	1693.00	1694.00	1694.50	1696.00	1696.50	1697.50	1698.00	1699.00	1699.00	1700.00	1700.00	1701.50	1702.00	1703.50	1704.00	1704.00	1704.00	1705.00	1705.00	1706.00	1706.00	1706.00	1707.00
1447.00	1448.50	1449.50	1450.50	1451.00	1452.50	1453.00	1453.00	1453.00	1453.50	1454.50	1455.50	1456.50	1458.00	1459.00	1460.00	1461.00	1462.00	1462.50	1463.00	1464.00	1464.00	1465.00	1465.00	1466.50	1467.00	1468.50	1469.50	1470.00	1471.00	1473.00	1475.00	1477.00	1479.00	1480.50	1482.00	1485.50	1487.00	1489.00	1491.00	1493.00	1494.50	1497.50	1498.50	1499.50	1502.00	1502.50	1503.00	1504.00	1504.50	1505.00	1506.00	1506.50	1507.00	1508.00	1509.00	1509.50	1510.50	1511.50	1512.50	1514.00	1514.00	1515.50	1517.00	1518.50	1519.00	1519.50	1521.00	1522.50	1524.00	1525.00	1526.50	1527.50	1528.50	1529.00	1529.50	1530.00	1530.00	1532.00	1532.00	1533.00	1533.50	1534.50	1536.50	1537.00	1538.00	1539.00	1540.50	1541.00	1542.50	1543.50	1544.50	1545.00	1546.50	1547.00	1548.00	1548.50	1549.00	1550.00	1550.50	1551.50	1552.00	1553.50	1554.50	1555.50	1556.50	1557.50	1559.00	1559.00	1560.50	1562.00	1563.50	1564.50	1565.50	1568.00	1570.00	1572.00	1573.00	1575.50	1577.00	1579.00	1581.00	1582.50	1584.00	1586.00	1588.00	1590.00	1592.00	1593.50	1594.50	1596.00	1597.50	1599.00	1600.00	1600.50	1601.50	1602.50	1603.00	1603.00	1604.00	1604.00	1604.00	1605.00	1605.00	1605.00	1605.00	1606.00	1606.00	1606.00	1606.50	1607.00	1607.00	1607.50	1608.00	1608.00	1608.00	1609.00	1610.00	1610.50	1611.00	1611.50	1613.00	1613.50	1615.00	1616.00	1617.50	1618.50	1620.00	1621.50	1622.50	1623.00	1624.00	1625.50	1627.00	1628.50	1629.50	1630.50	1632.00	1633.00	1634.00	1635.00	1635.50	1636.50	1637.50	1638.50	1639.00	1639.00	1640.00	1640.50	1641.00	1641.50	1642.00	1642.00	1643.00	1643.50	1645.00	1645.50	1646.50	1647.50	1649.50	1650.50	1651.00	1652.00	1653.50	1655.00	1656.50	1657.50	1658.50	1660.00	1661.50	1664.00	1665.00	1666.50	1668.00	1670.00	1671.50	1672.50	1675.00	1676.00	1677.50	1679.00	1680.50	1681.50	1682.50	1684.00	1685.00	1686.00	1687.00	1688.50	1689.00	1690.00	1691.50	1692.00	1693.00	1694.00	1694.50	1696.00	1696.50	1697.50	1698.00	1699.00	1699.00	1700.00	1700.00	1701.50	1702.00	1703.50	1704.00	1704.00	1704.00	1705.00	1705.00	1706.00	1706.00	1706.00	1707.00
1447.00	1448.50	1449.50	1450.50	1451.00	1452.50	1453.00	1453.00	1453.00	1453.50	1454.50	1455.50	1456.50	1458.00	1459.00	1460.00	1461.00	1462.00	1462.50	1463.00	1464.00	1464.00	1465.00	1465.00	1466.50	1467.00	1468.50	1469.50	1470.00	1471.00	1473.00	1475.00	1477.00	1479.00	1480.50	1482.00	1485.50	1487.00	1489.00	1491.00	1493.00	1494.50	1497.50	1498.50	1499.50	1502.00	1502.50	1503.00	1504.00	1504.50	1505.00	1506.00	1506.50	1507.00	1508.00	1509.00	1509.50	1510.50	1511.50	1512.50	1514.00	1514.00	1515.50	1517.00	1518.50	1519.00	1519.50	1521.00	1522.50	1524.00	1525.00	1526.50	1527.50	1528.50	1529.00	1529.50	1530.00	1530.00	1532.00	1532.00	1533.00	1533.50	1534.50	1536.50	1537.00	1538.00	1539.00	1540.50	1541.00	1542.50	1543.50	1544.50	1545.00	1546.50	1547.00	1548.00	1548.50	1549.00	1550.00	1550.50	1551.50	1552.00	1553.50	1554.50	1555.50	1556.50	1557.50	1559.00	1559.00	1560.50	1562.00	1563.50	1564.50	1565.50	1568.00	1570.00	1572.00	1573.00	1575.50	1577.00	1579.00	1581.00	1582.50	1584.00	1586.00	1588.00	1590.00	1592.00	1593.50	1594.50	1596.00	1597.50	1599.00	1600.00	1600.50	1601.50	1602.50	1603.00	1603.00	1604.00	1604.00	1604.00	1605.00	1605.00	1605.00	1605.00	1606.00	1606.00	1606.00	1606.50	1607.00	1607.00	1607.50	1608.00	1608.00	1608.00	1609.00	1610.00	1610.50	1611.00	1611.50	1613.00	1613.50	1615.00	1616.00	1617.50	1618.50	1620.00	1621.50	1622.50	1623.00	1624.00	1625.50	1627.00	1628.50	1629.50	1630.50	1632.00	1633.00	1634.00	1635.00	1635.50	1636.50	1637.50	1638.50	1639.00	1639.00	1640.00	1640.50	1641.00	1641.50	1642.00	1642.00	1643.00	1643.50	1645.00	1645.50	1646.50	1647.50	1649.50	1650.50	1651.00	1652.00	1653.50	1655.00	1656.50	1657.50	1658.50	1660.00	1661.50	1664.00	1665.00	1666.50	1668.00	1670.00	1671.50	1672.50	1675.00	1676.00	1677.50	1679.00	1680.50	1681.50	1682.50	1684.00	1685.00	1686.00	1687.00	1688.50	1689.00	1690.00	1691.50	1692.00	1693.00	1694.00	1694.50	1696.00	1696.50	1697.50	1698.00	1699.00	1699.00	1700.00	1700.00	1701.50	1702.00	1703.50	1704.00	1704.00	1704.00	1705.00	1705.00	1706.00	1706.00	1706.00	1707.00
1451.00	1452.50	1453.50	1454.00	1455.00	1455.00	1456.00	1456.00	1457.50	1458.50	1459.50	1460.50	1461.50	1463.00	1464.00	1465.50	1467.00	1468.50	1469.50	1470.50	1471.50	1472.00	1473.00	1474.00	1474.50	1475.00	1476.50	1477.00	1478.00	1480.00	1482.00	1484.00	1486.00	1488.00	1489.50	1491.00	1494.00	1495.50	1498.00	1499.00	1501.00	1502.50	1504.50	1506.00	1507.00	1508.00	1508.50	1509.00	1510.50	1511.50	1512.50	1513.00	1514.50	1516.00	1516.00	1517.50	1518.50	1520.00	1521.50	1522.00	1523.00	1524.00	1525.50	1527.00	1528.50	1529.50	1530.00	1531.00	1531.50	1532.00	1533.00	1533.50	1534.00	1534.50	1535.00	1535.00	1536.00	1537.00	1538.00	1538.00	1539.50	1540.50	1541.00	1542.50	1543.50	1545.00	1546.00	1547.50	1548.50	1550.50	1551.00	1551.50	1553.00	1554.00	1555.00	1555.00	1556.00	1556.50	1557.00	1557.50	1558.50	1560.00	1560.50	1561.50	1562.00	1563.50	1564.50	1565.00	1566.00	1567.00	1568.00	1569.50	1571.00	1572.50	1575.00	1576.50	1579.00	1581.00	1583.00	1584.50	1586.50	1589.00	1590.50	1593.00	1594.00	1597.00	1599.00	1601.50	1602.50	1603.50	1605.00	1606.50	1607.00	1608.00	1608.50	1609.00	1609.00	1609.50	1610.00	1610.00	1610.00	1610.00	1610.00	1610.50	1611.00	1611.00	1611.00	1611.00	1611.00	1611.50	1612.00	1612.00	1612.00	1612.00	1613.00	1613.00	1614.00	1615.00	1616.00	1616.50	1617.50	1619.00	1620.00	1622.00	1623.00	1624.50	1625.50	1627.00	1628.50	1629.50	1632.00	1633.00	1634.00	1635.00	1636.50	1637.50	1638.00	1639.00	1640.50	1641.00	1642.00	1642.50	1643.00	1643.50	1644.50	1645.00	1645.00	1645.00	1646.00	1646.00	1646.00	1646.50	1647.00	1648.00	1648.50	1649.00	1650.00	1650.50	1651.50	1653.50	1654.50	1656.00	1656.00	1658.50	1660.00	1661.50	1662.50	1663.50	1665.00	1666.50	1669.00	1670.00	1672.00	1673.50	1675.50	1677.50	1678.50	1680.00	1682.00	1683.50	1685.00	1686.50	1687.00	1687.50	1689.00	1690.50	1691.00	1692.00	1693.50	1694.00	1695.00	1696.00	1696.50	1698.00	1699.00	1699.50	1701.00	1701.50	1702.00	1702.50	1703.00	1704.00	1705.00	1705.00	1706.50	1707.00	1708.00	1708.50	1709.00	1709.00	1710.00	1710.00	1711.00	1711.00	1711.50	1712.00
1451.00	1452.50	1453.50	1454.00	1455.00	1455.00	1456.00	1456.00	1457.50	1458.50	1459.50	1460.50	1461.50	1463.00	1464.00	1465.50	1467.00	1468.50	1469.50	1470.50	1471.50	1472.00	1473.00	1474.00	1474.50	1475.00	1476.50	1477.00	1478.00	1480.00	1482.00	1484.00	1486.00	1488.00	1489.50	1491.00	1494.00	1495.50	1498.00	1499.00	1501.00	1502.50	1504.50	1506.00	1507.00	1508.00	1508.50	1509.00	1510.50	1511.50	1512.50	1513.00	1514.50	1516.00	1516.00	1517.50	1518.50	1520.00	1521.50	1522.00	1523.00	1524.00	1525.50	1527.00	1528.50	1529.50	1530.00	1531.00	1531.50	1532.00	1533.00	1533.50	1534.00	1534.50	1535.00	1535.00	1536.00	1537.00	1538.00	1538.00	1539.50	1540.50	1541.00	1542.50	1543.50	1545.00	1546.00	1547.50	1548.50	1550.50	1551.00	1551.50	1553.00	1554.00	1555.00	1555.00	1556.00	1556.50	1557.00	1557.50	1558.50	1560.00	1560.50	1561.50	1562.00	1563.50	1564.50	1565.00	1566.00	1567.00	1568.00	1569.50	1571.00	1572.50	1575.00	1576.50	1579.00	1581.00	1583.00	1584.50	1586.50	1589.00	1590.50	1593.00	1594.00	1597.00	1599.00	1601.50	1602.50	1603.50	1605.00	1606.50	1607.00	1608.00	1608.50	1609.00	1609.00	1609.50	1610.00	1610.00	1610.00	1610.00	1610.00	1610.50	1611.00	1611.00	1611.00	1611.00	1611.00	1611.50	1612.00	1612.00	1612.00	1612.00	1613.00	1613.00	1614.00	1615.00	1616.00	1616.50	1617.50	1619.00	1620.00	1622.00	1623.00	1624.50	1625.50	1627.00	1628.50	1629.50	1632.00	1633.00	1634.00	1635.00	1636.50	1637.50	1638.00	1639.00	1640.50	1641.00	1642.00	1642.50	1643.00	1643.50	1644.50	1645.00	1645.00	1645.00	1646.00	1646.00	1646.00	1646.50	1647.00	1648.00	1648.50	1649.00	1650.00	1650.50	1651.50	1653.50	1654.50	1656.00	1656.00	1658.50	1660.00	1661.50	1662.50	1663.50	1665.00	1666.50	1669.00	1670.00	1672.00	1673.50	1675.50	1677.50	1678.50	1680.00	1682.00	1683.50	1685.00	1686.50	1687.00	1687.50	1689.00	1690.50	1691.00	1692.00	1693.50	1694.00	1695.00	1696.00	1696.50	1698.00	1699.00	1699.50	1701.00	1701.50	1702.00	1702.50	1703.00	1704.00	1705.00	1705.00	1706.50	1707.00	1708.00	1708.50	1709.00	1709.00	1710.00	1710.00	1711.00	1711.00	1711.50	1712.00
1451.00	1452.50	1453.50	1454.00	1455.00	1455.00	1456.00	1456.00	1457.50	1458.50	1459.50	1460.50	1461.50	1463.00	1464.00	1465.50	1467.00	1468.50	1469.50	1470.50	1471.50	1472.00	1473.00	1474.00	1474.50	1475.00	1476.50	1477.00	1478.00	1480.00	1482.00	1484.00	1486.00	1488.00	1489.50	1491.00	1494.00	1495.50	1498.00	1499.00	1501.00	1502.50	1504.50	1506.00	1507.00	1508.00	1508.50	1509.00	1510.50	1511.50	1512.50	1513.00	1514.50	1516.00	1516.00	1517.50	1518.50	1520.00	1521.50	1522.00	1523.00	1524.00	1525.50	1527.00	1528.50	1529.50	1530.00	1531.00	1531.50	1532.00	1533.00	1533.50	1534.00	1534.50	1535.00	1535.00	1536.00	1537.00	1538.00	1538.00	1539.50	1540.50	1541.00	1542.50	1543.50	1545.00	1546.00	1547.50	1548.50	1550.50	1551.00	1551.50	1553.00	1554.00	1555.00	1555.00	1556.00	1556.50	1557.00	1557.50	1558.50	1560.00	1560.50	1561.50	1562.00	1563.50	1564.50	1565.00	1566.00	1567.00	1568.00	1569.50	1571.00	1572.50	1575.00	1576.50	1579.00	1581.00	1583.00	1584.50	1586.50	1589.00	1590.50	1593.00	1594.00	1597.00	1599.00	1601.50	1602.50	1603.50	1605.00	1606.50	1607.00	1608.00	1608.50	1609.00	1609.00	1609.50	1610.00	1610.00	1610.00	1610.00	1610.00	1610.50	1611.00	1611.00	1611.00	1611.00	1611.00	1611.50	1612.00	1612.00	1612.00	1612.00	1613.00	1613.00	1614.00	1615.00	1616.00	1616.50	1617.50	1619.00	1620.00	1622.00	1623.00	1624.50	1625.50	1627.00	1628.50	1629.50	1632.00	1633.00	1634.00	1635.00	1636.50	1637.50	1638.00	1639.00	1640.50	1641.00	1642.00	1642.50	1643.00	1643.50	1644.50	1645.00	1645.00	1645.00	1646.00	1646.00	1646.00	1646.50	1647.00	1648.00	1648.50	1649.00	1650.00	1650.50	1651.50	1653.50	1654.50	1656.00	1656.00	1658.50	1660.00	1661.50	1662.50	1663.50	1665.00	1666.50	1669.00	1670.00	1672.00	1673.50	1675.50	1677.50	1678.50	1680.00	1682.00	1683.50	1685.00	1686.50	1687.00	1687.50	1689.00	1690.50	1691.00	1692.00	1693.50	1694.00	1695.00	1696.00	1696.50	1698.00	1699.00	1699.50	1701.00	1701.50	1702.00	1702.50	1703.00	1704.00	1705.00	1705.00	1706.50	1707.00	1708.00	1708.50	1709.00	1709.00	1710.00	1710.00	1711.00	1711.00	1711.50	1712.00
1453.00	1454.50	1455.50	1456.25	1457.00	1457.50	1458.50	1459.00	1460.50	1461.50	1462.75	1464.00	1465.00	1467.00	1468.00	1469.25	1470.50	1472.00	1473.00	1474.00	1475.25	1475.75	1476.50	1477.50	1478.25	1478.75	1480.50	1481.50	1482.75	1485.00	1486.50	1489.00	1490.50	1492.75	1494.25	1495.75	1498.50	1500.00	1502.00	1503.00	1504.75	1506.25	1508.25	1509.25	1510.25	1511.50	1512.00	1513.00	1514.25	1515.00	1516.00	1517.00	1518.50	1519.50	1520.00	1521.50	1522.50	1524.00	1525.50	1526.25	1527.50	1528.50	1530.00	1531.50	1532.75	1533.50	1534.25	1535.00	1535.50	1536.00	1536.50	1537.25	1537.75	1538.50	1539.00	1539.25	1540.00	1541.00	1542.00	1542.00	1543.50	1544.25	1544.75	1546.50	1547.50	1549.00	1550.00	1551.00	1552.00	1553.50	1554.25	1555.00	1556.00	1557.25	1558.00	1558.50	1559.00	1559.50	1560.00	1560.75	1561.50	1562.50	1563.50	1564.50	1565.00	1566.50	1567.50	1568.00	1569.00	1569.75	1571.00	1573.00	1574.25	1575.75	1578.00	1580.00	1582.00	1584.00	1586.00	1587.75	1590.00	1592.50	1594.25	1596.50	1598.00	1600.50	1602.50	1605.00	1606.00	1607.25	1608.50	1609.75	1610.50	1611.00	1611.75	1612.00	1612.50	1612.75	1613.00	1613.00	1613.00	1613.00	1613.50	1613.75	1614.00	1614.00	1614.00	1614.00	1614.00	1614.25	1614.50	1614.50	1614.75	1615.00	1615.50	1616.00	1617.00	1618.00	1619.25	1619.75	1620.50	1622.00	1623.50	1625.50	1626.50	1628.00	1629.00	1630.75	1632.50	1633.50	1635.50	1636.50	1637.75	1639.00	1640.00	1641.00	1641.50	1642.50	1643.75	1644.50	1645.50	1646.00	1646.50	1646.75	1647.50	1648.00	1648.00	1648.00	1648.50	1648.50	1648.75	1649.25	1649.50	1650.50	1650.75	1651.50	1652.25	1653.00	1654.00	1655.50	1656.50	1658.00	1658.50	1661.00	1662.50	1664.00	1665.25	1666.50	1668.00	1669.75	1672.00	1673.00	1674.75	1676.25	1678.25	1680.00	1681.00	1683.00	1684.50	1686.00	1687.50	1688.75	1689.25	1690.00	1691.00	1692.50	1693.50	1694.00	1695.50	1696.00	1697.00	1698.00	1698.50	1700.00	1700.50	1701.25	1702.50	1703.25	1703.75	1704.50	1705.00	1706.25	1707.00	1707.50	1708.50	1709.00	1710.00	1710.50	1711.00	1711.50	1712.25	1712.50	1713.00	1713.50	1713.75	1714.00
1455.00	1456.50	1457.50	1458.50	1459.00	1460.00	1461.00	1462.00	1463.50	1464.50	1466.00	1467.50	1468.50	1471.00	1472.00	1473.00	1474.00	1475.50	1476.50	1477.50	1479.00	1479.50	1480.00	1481.00	1482.00	1482.50	1484.50	1486.00	1487.50	1490.00	1491.00	1494.00	1495.00	1497.50	1499.00	1500.50	1503.00	1504.50	1506.00	1507.00	1508.50	1510.00	1512.00	1512.50	1513.50	1515.00	1515.50	1517.00	1518.00	1518.50	1519.50	1521.00	1522.50	1523.00	1524.00	1525.50	1526.50	1528.00	1529.50	1530.50	1532.00	1533.00	1534.50	1536.00	1537.00	1537.50	1538.50	1539.00	1539.50	1540.00	1540.00	1541.00	1541.50	1542.50	1543.00	1543.50	1544.00	1545.00	1546.00	1546.00	1547.50	1548.00	1548.50	1550.50	1551.50	1553.00	1554.00	1554.50	1555.50	1556.50	1557.50	1558.50	1559.00	1560.50	1561.00	1562.00	1562.00	1562.50	1563.00	1564.00	1564.50	1565.00	1566.50	1567.50	1568.00	1569.50	1570.50	1571.00	1572.00	1572.50	1574.00	1576.50	1577.50	1579.00	1581.00	1583.50	1585.00	1587.00	1589.00	1591.00	1593.50	1596.00	1598.00	1600.00	1602.00	1604.00	1606.00	1608.50	1609.50	1611.00	1612.00	1613.00	1614.00	1614.00	1615.00	1615.00	1616.00	1616.00	1616.00	1616.00	1616.00	1616.00	1617.00	1617.00	1617.00	1617.00	1617.00	1617.00	1617.00	1617.00	1617.00	1617.00	1617.50	1618.00	1618.00	1619.00	1620.00	1621.00	1622.50	1623.00	1623.50	1625.00	1627.00	1629.00	1630.00	1631.50	1632.50	1634.50	1636.50	1637.50	1639.00	1640.00	1641.50	1643.00	1643.50	1644.50	1645.00	1646.00	1647.00	1648.00	1649.00	1649.50	1650.00	1650.00	1650.50	1651.00	1651.00	1651.00	1651.00	1651.00	1651.50	1652.00	1652.00	1653.00	1653.00	1654.00	1654.50	1655.50	1656.50	1657.50	1658.50	1660.00	1661.00	1663.50	1665.00	1666.50	1668.00	1669.50	1671.00	1673.00	1675.00	1676.00	1677.50	1679.00	1681.00	1682.50	1683.50	1686.00	1687.00	1688.50	1690.00	1691.00	1691.50	1692.50	1693.00	1694.50	1696.00	1696.00	1697.50	1698.00	1699.00	1700.00	1700.50	1702.00	1702.00	1703.00	1704.00	1705.00	1705.50	1706.50	1707.00	1708.50	1709.00	1710.00	1710.50	1711.00	1712.00	1712.50	1713.00	1714.00	1714.50	1715.00	1715.00	1716.00	1716.00	1716.00
1455.00	1456.50	1457.50	1458.50	1459.00	1460.00	1461.00	1462.00	1463.50	1464.50	1466.00	1467.50	1468.50	1471.00	1472.00	1473.00	1474.00	1475.50	1476.50	1477.50	1479.00	1479.50	1480.00	1481.00	1482.00	1482.50	1484.50	1486.00	1487.50	1490.00	1491.00	1494.00	1495.00	1497.50	1499.00	1500.50	1503.00	1504.50	1506.00	1507.00	1508.50	1510.00	1512.00	1512.50	1513.50	1515.00	1515.50	1517.00	1518.00	1518.50	1519.50	1521.00	1522.50	1523.00	1524.00	1525.50	1526.50	1528.00	1529.50	1530.50	1532.00	1533.00	1534.50	1536.00	1537.00	1537.50	1538.50	1539.00	1539.50	1540.00	1540.00	1541.00	1541.50	1542.50	1543.00	1543.50	1544.00	1545.00	1546.00	1546.00	1547.50	1548.00	1548.50	1550.50	1551.50	1553.00	1554.00	1554.50	1555.50	1556.50	1557.50	1558.50	1559.00	1560.50	1561.00	1562.00	1562.00	1562.50	1563.00	1564.00	1564.50	1565.00	1566.50	1567.50	1568.00	1569.50	1570.50	1571.00	1572.00	1572.50	1574.00	1576.50	1577.50	1579.00	1581.00	1583.50	1585.00	1587.00	1589.00	1591.00	1593.50	1596.00	1598.00	1600.00	1602.00	1604.00	1606.00	1608.50	1609.50	1611.00	1612.00	1613.00	1614.00	1614.00	1615.00	1615.00	1616.00	1616.00	1616.00	1616.00	1616.00	1616.00	1617.00	1617.00	1617.00	1617.00	1617.00	1617.00	1617.00	1617.00	1617.00	1617.00	1617.50	1618.00	1618.00	1619.00	1620.00	1621.00	1622.50	1623.00	1623.50	1625.00	1627.00	1629.00	1630.00	1631.50	1632.50	1634.50	1636.50	1637.50	1639.00	1640.00	1641.50	1643.00	1643.50	1644.50	1645.00	1646.00	1647.00	1648.00	1649.00	1649.50	1650.00	1650.00	1650.50	1651.00	1651.00	1651.00	1651.00	1651.00	1651.50	1652.00	1652.00	1653.00	1653.00	1654.00	1654.50	1655.50	1656.50	1657.50	1658.50	1660.00	1661.00	1663.50	1665.00	1666.50	1668.00	1669.50	1671.00	1673.00	1675.00	1676.00	1677.50	1679.00	1681.00	1682.50	1683.50	1686.00	1687.00	1688.50	1690.00	1691.00	1691.50	1692.50	1693.00	1694.50	1696.00	1696.00	1697.50	1698.00	1699.00	1700.00	1700.50	1702.00	1702.00	1703.00	1704.00	1705.00	1705.50	1706.50	1707.00	1708.50	1709.00	1710.00	1710.50	1711.00	1712.00	1712.50	1713.00	1714.00	1714.50	1715.00	1715.00	1716.00	1716.00	1716.00
1458.00	1459.50	1460.50	1461.50	1462.00	1463.25	1464.50	1465.50	1467.00	1468.00	1469.50	1471.00	1472.00	1474.00	1475.00	1476.25	1477.50	1479.00	1479.75	1480.50	1482.25	1482.75	1483.50	1484.50	1485.25	1486.00	1488.50	1489.75	1491.25	1493.50	1495.00	1498.00	1499.00	1501.50	1502.75	1504.25	1506.75	1508.00	1509.50	1510.50	1512.00	1513.25	1514.75	1515.50	1516.50	1518.00	1518.75	1520.00	1521.25	1522.00	1523.00	1524.50	1526.00	1527.00	1528.00	1529.50	1530.50	1532.00	1533.50	1534.50	1536.00	1537.00	1538.50	1540.00	1540.75	1541.50	1542.25	1543.00	1543.25	1544.00	1544.50	1545.50	1546.00	1547.00	1547.50	1548.00	1548.50	1549.50	1550.00	1550.50	1551.50	1552.00	1552.50	1554.00	1555.00	1556.00	1556.50	1557.50	1558.25	1559.25	1560.00	1560.75	1561.50	1562.75	1563.50	1564.50	1564.75	1565.25	1566.00	1566.50	1567.00	1568.00	1569.25	1570.00	1570.75	1572.50	1573.25	1574.00	1575.00	1576.00	1577.50	1579.50	1580.50	1582.00	1584.00	1586.75	1588.50	1590.50	1592.50	1594.50	1597.00	1599.50	1601.50	1603.50	1605.50	1607.50	1609.50	1611.75	1613.00	1614.00	1615.00	1616.00	1617.00	1617.00	1617.75	1618.00	1618.75	1619.00	1619.00	1619.00	1619.00	1619.00	1619.50	1619.50	1619.50	1619.50	1619.50	1619.50	1619.50	1619.50	1619.50	1619.75	1620.25	1620.75	1621.00	1622.00	1623.00	1624.00	1625.50	1626.25	1627.00	1628.50	1630.75	1632.50	1633.50	1635.00	1636.25	1638.25	1640.00	1641.00	1642.50	1643.50	1645.00	1646.00	1647.00	1648.00	1648.50	1649.50	1650.25	1651.00	1652.00	1652.25	1652.75	1653.00	1653.50	1654.00	1654.00	1654.00	1654.00	1654.00	1654.50	1655.00	1655.00	1655.50	1655.75	1656.50	1657.25	1658.00	1659.00	1660.50	1661.50	1663.00	1664.00	1666.25	1668.00	1669.50	1671.00	1672.50	1674.00	1676.25	1678.00	1679.00	1680.50	1681.75	1683.50	1685.00	1686.00	1688.00	1689.00	1690.50	1692.00	1692.75	1693.25	1694.00	1695.00	1696.25	1697.50	1698.00	1699.25	1699.75	1700.75	1701.75	1702.25	1703.50	1703.50	1704.75	1706.00	1706.75	1707.50	1708.25	1709.00	1710.50	1711.00	1712.00	1712.75	1713.25	1714.50	1714.75	1715.25	1716.00	1716.75	1717.00	1717.50	1718.00	1718.00	1718.00
1461.00	1462.50	1463.50	1464.50	1465.00	1466.50	1468.00	1469.00	1470.50	1471.50	1473.00	1474.50	1475.50	1477.00	1478.00	1479.50	1481.00	1482.50	1483.00	1483.50	1485.50	1486.00	1487.00	1488.00	1488.50	1489.50	1492.50	1493.50	1495.00	1497.00	1499.00	1502.00	1503.00	1505.50	1506.50	1508.00	1510.50	1511.50	1513.00	1514.00	1515.50	1516.50	1517.50	1518.50	1519.50	1521.00	1522.00	1523.00	1524.50	1525.50	1526.50	1528.00	1529.50	1531.00	1532.00	1533.50	1534.50	1536.00	1537.50	1538.50	1540.00	1541.00	1542.50	1544.00	1544.50	1545.50	1546.00	1547.00	1547.00	1548.00	1549.00	1550.00	1550.50	1551.50	1552.00	1552.50	1553.00	1554.00	1554.00	1555.00	1555.50	1556.00	1556.50	1557.50	1558.50	1559.00	1559.00	1560.50	1561.00	1562.00	1562.50	1563.00	1564.00	1565.00	1566.00	1567.00	1567.50	1568.00	1569.00	1569.00	1569.50	1571.00	1572.00	1572.50	1573.50	1575.50	1576.00	1577.00	1578.00	1579.50	1581.00	1582.50	1583.50	1585.00	1587.00	1590.00	1592.00	1594.00	1596.00	1598.00	1600.50	1603.00	1605.00	1607.00	1609.00	1611.00	1613.00	1615.00	1616.50	1617.00	1618.00	1619.00	1620.00	1620.00	1620.50	1621.00	1621.50	1622.00	1622.00	1622.00	1622.00	1622.00	1622.00	1622.00	1622.00	1622.00	1622.00	1622.00	1622.00	1622.00	1622.00	1622.50	1623.00	1623.50	1624.00	1625.00	1626.00	1627.00	1628.50	1629.50	1630.50	1632.00	1634.50	1636.00	1637.00	1638.50	1640.00	1642.00	1643.50	1644.50	1646.00	1647.00	1648.50	1649.00	1650.50	1651.50	1652.00	1653.00	1653.50	1654.00	1655.00	1655.00	1655.50	1656.00	1656.50	1657.00	1657.00	1657.00	1657.00	1657.00	1657.50	1658.00	1658.00	1658.00	1658.50	1659.00	1660.00	1660.50	1661.50	1663.50	1664.50	1666.00	1667.00	1669.00	1671.00	1672.50	1674.00	1675.50	1677.00	1679.50	1681.00	1682.00	1683.50	1684.50	1686.00	1687.50	1688.50	1690.00	1691.00	1692.50	1694.00	1694.50	1695.00	1695.50	1697.00	1698.00	1699.00	1700.00	1701.00	1701.50	1702.50	1703.50	1704.00	1705.00	1705.00	1706.50	1708.00	1708.50	1709.50	1710.00	1711.00	1712.50	1713.00	1714.00	1715.00	1715.50	1717.00	1717.00	1717.50	1718.00	1719.00	1719.00	1720.00	1720.00	1720.00	1720.00
1461.00	1462.50	1463.50	1464.50	1465.00	1466.50	1468.00	1469.00	1470.50	1471.50	1473.00	1474.50	1475.50	1477.00	1478.00	1479.50	1481.00	1482.50	1483.00	1483.50	1485.50	1486.00	1487.00	1488.00	1488.50	1489.50	1492.50	1493.50	1495.00	1497.00	1499.00	1502.00	1503.00	1505.50	1506.50	1508.00	1510.50	1511.50	1513.00	1514.00	1515.50	1516.50	1517.50	1518.50	1519.50	1521.00	1522.00	1523.00	1524.50	1525.50	1526.50	1528.00	1529.50	1531.00	1532.00	1533.50	1534.50	1536.00	1537.50	1538.50	1540.00	1541.00	1542.50	1544.00	1544.50	1545.50	1546.00	1547.00	1547.00	1548.00	1549.00	1550.00	1550.50	1551.50	1552.00	1552.50	1553.00	1554.00	1554.00	1555.00	1555.50	1556.00	1556.50	1557.50	1558.50	1559.00	1559.00	1560.50	1561.00	1562.00	1562.50	1563.00	1564.00	1565.00	1566.00	1567.00	1567.50	1568.00	1569.00	1569.00	1569.50	1571.00	1572.00	1572.50	1573.50	1575.50	1576.00	1577.00	1578.00	1579.50	1581.00	1582.50	1583.50	1585.00	1587.00	1590.00	1592.00	1594.00	1596.00	1598.00	1600.50	1603.00	1605.00	1607.00	1609.00	1611.00	1613.00	1615.00	1616.50	1617.00	1618.00	1619.00	1620.00	1620.00	1620.50	1621.00	1621.50	1622.00	1622.00	1622.00	1622.00	1622.00	1622.00	1622.00	1622.00	1622.00	1622.00	1622.00	1622.00	1622.00	1622.00	1622.50	1623.00	1623.50	1624.00	1625.00	1626.00	1627.00	1628.50	1629.50	1630.50	1632.00	1634.50	1636.00	1637.00	1638.50	1640.00	1642.00	1643.50	1644.50	1646.00	1647.00	1648.50	1649.00	1650.50	1651.50	1652.00	1653.00	1653.50	1654.00	1655.00	1655.00	1655.50	1656.00	1656.50	1657.00	1657.00	1657.00	1657.00	1657.00	1657.50	1658.00	1658.00	1658.00	1658.50	1659.00	1660.00	1660.50	1661.50	1663.50	1664.50	1666.00	1667.00	1669.00	1671.00	1672.50	1674.00	1675.50	1677.00	1679.50	1681.00	1682.00	1683.50	1684.50	1686.00	1687.50	1688.50	1690.00	1691.00	1692.50	1694.00	1694.50	1695.00	1695.50	1697.00	1698.00	1699.00	1700.00	1701.00	1701.50	1702.50	1703.50	1704.00	1705.00	1705.00	1706.50	1708.00	1708.50	1709.50	1710.00	1711.00	1712.50	1713.00	1714.00	1715.00	1715.50	1717.00	1717.00	1717.50	1718.00	1719.00	1719.00	1720.00	1720.00	1720.00	1720.00
1463.50	1465.25	1466.50	1467.50	1468.50	1470.00	1471.50	1472.50	1473.75	1474.50	1476.00	1477.50	1478.50	1480.00	1481.00	1482.50	1483.50	1485.00	1485.50	1486.00	1488.00	1488.50	1489.50	1490.50	1491.75	1493.00	1496.00	1497.00	1498.50	1500.50	1502.00	1505.00	1506.00	1508.50	1509.50	1510.75	1513.00	1514.00	1515.50	1516.50	1517.75	1518.50	1520.00	1521.00	1522.00	1523.00	1524.25	1525.50	1527.00	1528.00	1529.25	1531.00	1532.50	1534.00	1535.50	1537.00	1538.00	1539.50	1541.00	1542.00	1543.50	1544.50	1546.00	1547.50	1548.50	1549.25	1549.75	1550.50	1551.25	1552.00	1553.00	1553.75	1554.50	1555.50	1556.25	1556.75	1557.00	1558.00	1558.50	1559.00	1559.25	1559.50	1559.75	1560.75	1561.25	1561.50	1561.50	1562.50	1563.00	1564.00	1564.50	1565.00	1566.00	1567.00	1568.00	1569.00	1569.75	1570.25	1571.00	1571.75	1572.50	1573.50	1574.75	1575.50	1576.50	1578.00	1578.75	1580.00	1581.00	1582.50	1584.00	1586.00	1587.00	1588.25	1590.50	1593.00	1595.50	1597.00	1599.50	1601.25	1603.50	1606.00	1608.00	1610.00	1611.50	1613.75	1616.00	1617.50	1618.50	1619.25	1620.50	1621.50	1622.50	1622.50	1623.00	1623.50	1624.00	1624.50	1624.50	1624.50	1624.50	1624.50	1624.50	1624.50	1624.50	1625.00	1625.00	1625.00	1625.00	1625.25	1625.50	1625.75	1626.25	1626.75	1627.50	1628.00	1629.25	1630.00	1631.50	1632.50	1633.50	1635.00	1637.25	1639.00	1640.00	1642.00	1643.25	1645.00	1646.50	1647.50	1649.00	1650.00	1651.50	1652.00	1653.50	1654.25	1654.75	1655.50	1656.00	1656.50	1657.50	1657.75	1658.25	1658.75	1659.25	1659.75	1660.00	1660.00	1660.00	1660.50	1660.75	1661.00	1661.50	1661.50	1662.00	1662.50	1663.75	1664.25	1665.00	1667.25	1668.50	1670.00	1671.00	1673.00	1675.00	1676.75	1678.25	1679.50	1681.00	1683.00	1684.50	1685.50	1687.00	1688.00	1689.25	1690.50	1691.50	1692.50	1693.50	1694.50	1696.00	1696.50	1697.00	1697.50	1699.00	1699.75	1700.50	1701.50	1702.50	1703.00	1704.00	1705.00	1705.50	1706.50	1707.00	1708.00	1709.50	1710.50	1711.50	1712.25	1713.50	1715.00	1715.50	1716.50	1717.25	1717.75	1719.00	1719.25	1719.75	1720.50	1721.00	1721.00	1721.50	1721.75	1721.50	1721.50
1466.00	1468.00	1469.50	1470.50	1472.00	1473.50	1475.00	1476.00	1477.00	1477.50	1479.00	1480.50	1481.50	1483.00	1484.00	1485.50	1486.00	1487.50	1488.00	1488.50	1490.50	1491.00	1492.00	1493.00	1495.00	1496.50	1499.50	1500.50	1502.00	1504.00	1505.00	1508.00	1509.00	1511.50	1512.50	1513.50	1515.50	1516.50	1518.00	1519.00	1520.00	1520.50	1522.50	1523.50	1524.50	1525.00	1526.50	1528.00	1529.50	1530.50	1532.00	1534.00	1535.50	1537.00	1539.00	1540.50	1541.50	1543.00	1544.50	1545.50	1547.00	1548.00	1549.50	1551.00	1552.50	1553.00	1553.50	1554.00	1555.50	1556.00	1557.00	1557.50	1558.50	1559.50	1560.50	1561.00	1561.00	1562.00	1563.00	1563.00	1563.00	1563.00	1563.00	1564.00	1564.00	1564.00	1564.00	1564.50	1565.00	1566.00	1566.50	1567.00	1568.00	1569.00	1570.00	1571.00	1572.00	1572.50	1573.00	1574.50	1575.50	1576.00	1577.50	1578.50	1579.50	1580.50	1581.50	1583.00	1584.00	1585.50	1587.00	1589.50	1590.50	1591.50	1594.00	1596.00	1599.00	1600.00	1603.00	1604.50	1606.50	1609.00	1611.00	1613.00	1614.00	1616.50	1619.00	1620.00	1620.50	1621.50	1623.00	1624.00	1625.00	1625.00	1625.50	1626.00	1626.50	1627.00	1627.00	1627.00	1627.00	1627.00	1627.00	1627.00	1627.00	1628.00	1628.00	1628.00	1628.00	1628.50	1629.00	1629.00	1629.50	1630.00	1631.00	1631.00	1632.50	1633.00	1634.50	1635.50	1636.50	1638.00	1640.00	1642.00	1643.00	1645.50	1646.50	1648.00	1649.50	1650.50	1652.00	1653.00	1654.50	1655.00	1656.50	1657.00	1657.50	1658.00	1658.50	1659.00	1660.00	1660.50	1661.00	1661.50	1662.00	1662.50	1663.00	1663.00	1663.00	1664.00	1664.00	1664.00	1665.00	1665.00	1665.50	1666.00	1667.50	1668.00	1668.50	1671.00	1672.50	1674.00	1675.00	1677.00	1679.00	1681.00	1682.50	1683.50	1685.00	1686.50	1688.00	1689.00	1690.50	1691.50	1692.50	1693.50	1694.50	1695.00	1696.00	1696.50	1698.00	1698.50	1699.00	1699.50	1701.00	1701.50	1702.00	1703.00	1704.00	1704.50	1705.50	1706.50	1707.00	1708.00	1709.00	1709.50	1711.00	1712.50	1713.50	1714.50	1716.00	1717.50	1718.00	1719.00	1719.50	1720.00	1721.00	1721.50	1722.00	1723.00	1723.00	1723.00	1723.00	1723.50	1723.00	1723.00
1466.00	1468.00	1469.50	1470.50	1472.00	1473.50	1475.00	1476.00	1477.00	1477.50	1479.00	1480.50	1481.50	1483.00	1484.00	1485.50	1486.00	1487.50	1488.00	1488.50	1490.50	1491.00	1492.00	1493.00	1495.00	1496.50	1499.50	1500.50	1502.00	1504.00	1505.00	1508.00	1509.00	1511.50	1512.50	1513.50	1515.50	1516.50	1518.00	1519.00	1520.00	1520.50	1522.50	1523.50	1524.50	1525.00	1526.50	1528.00	1529.50	1530.50	1532.00	1534.00	1535.50	1537.00	1539.00	1540.50	1541.50	1543.00	1544.50	1545.50	1547.00	1548.00	1549.50	1551.00	1552.50	1553.00	1553.50	1554.00	1555.50	1556.00	1557.00	1557.50	1558.50	1559.50	1560.50	1561.00	1561.00	1562.00	1563.00	1563.00	1563.00	1563.00	1563.00	1564.00	1564.00	1564.00	1564.00	1564.50	1565.00	1566.00	1566.50	1567.00	1568.00	1569.00	1570.00	1571.00	1572.00	1572.50	1573.00	1574.50	1575.50	1576.00	1577.50	1578.50	1579.50	1580.50	1581.50	1583.00	1584.00	1585.50	1587.00	1589.50	1590.50	1591.50	1594.00	1596.00	1599.00	1600.00	1603.00	1604.50	1606.50	1609.00	1611.00	1613.00	1614.00	1616.50	1619.00	1620.00	1620.50	1621.50	1623.00	1624.00	1625.00	1625.00	1625.50	1626.00	1626.50	1627.00	1627.00	1627.00	1627.00	1627.00	1627.00	1627.00	1627.00	1628.00	1628.00	1628.00	1628.00	1628.50	1629.00	1629.00	1629.50	1630.00	1631.00	1631.00	1632.50	1633.00	1634.50	1635.50	1636.50	1638.00	1640.00	1642.00	1643.00	1645.50	1646.50	1648.00	1649.50	1650.50	1652.00	1653.00	1654.50	1655.00	1656.50	1657.00	1657.50	1658.00	1658.50	1659.00	1660.00	1660.50	1661.00	1661.50	1662.00	1662.50	1663.00	1663.00	1663.00	1664.00	1664.00	1664.00	1665.00	1665.00	1665.50	1666.00	1667.50	1668.00	1668.50	1671.00	1672.50	1674.00	1675.00	1677.00	1679.00	1681.00	1682.50	1683.50	1685.00	1686.50	1688.00	1689.00	1690.50	1691.50	1692.50	1693.50	1694.50	1695.00	1696.00	1696.50	1698.00	1698.50	1699.00	1699.50	1701.00	1701.50	1702.00	1703.00	1704.00	1704.50	1705.50	1706.50	1707.00	1708.00	1709.00	1709.50	1711.00	1712.50	1713.50	1714.50	1716.00	1717.50	1718.00	1719.00	1719.50	1720.00	1721.00	1721.50	1722.00	1723.00	1723.00	1723.00	1723.00	1723.50	1723.00	1723.00
1466.00	1468.00	1469.50	1470.50	1472.00	1473.50	1475.00	1476.00	1477.00	1477.50	1479.00	1480.50	1481.50	1483.00	1484.00	1485.50	1486.00	1487.50	1488.00	1488.50	1490.50	1491.00	1492.00	1493.00	1495.00	1496.50	1499.50	1500.50	1502.00	1504.00	1505.00	1508.00	1509.00	1511.50	1512.50	1513.50	1515.50	1516.50	1518.00	1519.00	1520.00	1520.50	1522.50	1523.50	1524.50	1525.00	1526.50	1528.00	1529.50	1530.50	1532.00	1534.00	1535.50	1537.00	1539.00	1540.50	1541.50	1543.00	1544.50	1545.50	1547.00	1548.00	1549.50	1551.00	1552.50	1553.00	1553.50	1554.00	1555.50	1556.00	1557.00	1557.50	1558.50	1559.50	1560.50	1561.00	1561.00	1562.00	1563.00	1563.00	1563.00	1563.00	1563.00	1564.00	1564.00	1564.00	1564.00	1564.50	1565.00	1566.00	1566.50	1567.00	1568.00	1569.00	1570.00	1571.00	1572.00	1572.50	1573.00	1574.50	1575.50	1576.00	1577.50	1578.50	1579.50	1580.50	1581.50	1583.00	1584.00	1585.50	1587.00	1589.50	1590.50	1591.50	1594.00	1596.00	1599.00	1600.00	1603.00	1604.50	1606.50	1609.00	1611.00	1613.00	1614.00	1616.50	1619.00	1620.00	1620.50	1621.50	1623.00	1624.00	1625.00	1625.00	1625.50	1626.00	1626.50	1627.00	1627.00	1627.00	1627.00	1627.00	1627.00	1627.00	1627.00	1628.00	1628.00	1628.00	1628.00	1628.50	1629.00	1629.00	1629.50	1630.00	1631.00	1631.00	1632.50	1633.00	1634.50	1635.50	1636.50	1638.00	1640.00	1642.00	1643.00	1645.50	1646.50	1648.00	1649.50	1650.50	1652.00	1653.00	1654.50	1655.00	1656.50	1657.00	1657.50	1658.00	1658.50	1659.00	1660.00	1660.50	1661.00	1661.50	1662.00	1662.50	1663.00	1663.00	1663.00	1664.00	1664.00	1664.00	1665.00	1665.00	1665.50	1666.00	1667.50	1668.00	1668.50	1671.00	1672.50	1674.00	1675.00	1677.00	1679.00	1681.00	1682.50	1683.50	1685.00	1686.50	1688.00	1689.00	1690.50	1691.50	1692.50	1693.50	1694.50	1695.00	1696.00	1696.50	1698.00	1698.50	1699.00	1699.50	1701.00	1701.50	1702.00	1703.00	1704.00	1704.50	1705.50	1706.50	1707.00	1708.00	1709.00	1709.50	1711.00	1712.50	1713.50	1714.50	1716.00	1717.50	1718.00	1719.00	1719.50	1720.00	1721.00	1721.50	1722.00	1723.00	1723.00	1723.00	1723.00	1723.50	1723.00	1723.00
1471.00	1472.50	1474.00	1475.50	1477.00	1478.50	1480.00	1481.00	1483.50	1484.00	1484.50	1485.50	1486.50	1488.00	1488.00	1489.00	1490.00	1491.00	1491.50	1492.50	1494.50	1495.50	1497.00	1498.00	1500.00	1501.50	1504.00	1505.50	1507.00	1509.00	1510.00	1513.00	1514.00	1515.50	1516.50	1517.50	1519.50	1520.50	1522.00	1523.00	1523.50	1524.50	1526.50	1527.00	1527.50	1529.00	1530.50	1532.00	1533.50	1535.00	1536.50	1539.00	1540.50	1543.00	1544.00	1546.00	1547.50	1549.50	1551.50	1553.00	1555.00	1556.00	1557.50	1559.00	1560.00	1560.50	1561.50	1562.00	1563.50	1564.00	1565.00	1565.50	1566.50	1567.50	1568.00	1568.00	1568.00	1569.00	1569.00	1569.00	1569.00	1569.00	1569.00	1569.00	1569.00	1569.00	1569.00	1570.00	1570.00	1570.50	1571.00	1571.50	1572.00	1573.00	1574.00	1575.00	1576.50	1577.00	1578.00	1579.50	1580.50	1582.00	1583.50	1584.00	1584.50	1586.50	1587.50	1590.00	1591.00	1592.50	1594.00	1596.50	1598.00	1599.50	1601.00	1603.50	1605.00	1607.00	1609.00	1610.50	1612.50	1614.50	1615.50	1617.00	1619.00	1620.50	1622.00	1623.50	1624.50	1625.00	1626.00	1627.00	1628.00	1628.00	1629.00	1629.50	1630.50	1631.00	1631.00	1632.00	1632.00	1632.00	1632.00	1632.50	1633.00	1633.00	1633.00	1633.00	1634.00	1634.00	1634.00	1634.50	1635.00	1635.50	1637.00	1638.00	1638.50	1640.00	1641.00	1641.50	1642.50	1644.00	1645.50	1648.00	1649.00	1650.50	1651.50	1653.00	1654.50	1655.50	1657.00	1658.00	1659.50	1660.00	1661.00	1661.50	1662.00	1663.00	1663.00	1664.00	1664.00	1665.00	1665.50	1666.50	1667.00	1667.50	1668.00	1668.00	1669.00	1670.00	1670.50	1671.00	1672.00	1672.00	1673.50	1674.00	1675.50	1676.50	1677.50	1679.50	1680.50	1683.00	1684.00	1685.50	1688.00	1689.50	1690.50	1692.00	1694.00	1695.00	1696.00	1697.00	1698.00	1698.50	1699.00	1699.50	1700.00	1700.00	1701.00	1701.50	1702.00	1702.00	1702.50	1703.00	1704.00	1704.50	1706.00	1706.00	1707.50	1708.00	1708.50	1709.50	1710.50	1712.00	1713.00	1713.50	1715.00	1716.50	1717.50	1718.50	1720.00	1720.50	1722.00	1723.00	1723.50	1724.00	1725.00	1725.50	1726.00	1726.00	1726.00	1726.50	1726.00	1726.00	1726.00	1726.00
1471.00	1472.50	1474.00	1475.50	1477.00	1478.50	1480.00	1481.00	1483.50	1484.00	1484.50	1485.50	1486.50	1488.00	1488.00	1489.00	1490.00	1491.00	1491.50	1492.50	1494.50	1495.50	1497.00	1498.00	1500.00	1501.50	1504.00	1505.50	1507.00	1509.00	1510.00	1513.00	1514.00	1515.50	1516.50	1517.50	1519.50	1520.50	1522.00	1523.00	1523.50	1524.50	1526.50	1527.00	1527.50	1529.00	1530.50	1532.00	1533.50	1535.00	1536.50	1539.00	1540.50	1543.00	1544.00	1546.00	1547.50	1549.50	1551.50	1553.00	1555.00	1556.00	1557.50	1559.00	1560.00	1560.50	1561.50	1562.00	1563.50	1564.00	1565.00	1565.50	1566.50	1567.50	1568.00	1568.00	1568.00	1569.00	1569.00	1569.00	1569.00	1569.00	1569.00	1569.00	1569.00	1569.00	1569.00	1570.00	1570.00	1570.50	1571.00	1571.50	1572.00	1573.00	1574.00	1575.00	1576.50	1577.00	1578.00	1579.50	1580.50	1582.00	1583.50	1584.00	1584.50	1586.50	1587.50	1590.00	1591.00	1592.50	1594.00	1596.50	1598.00	1599.50	1601.00	1603.50	1605.00	1607.00	1609.00	1610.50	1612.50	1614.50	1615.50	1617.00	1619.00	1620.50	1622.00	1623.50	1624.50	1625.00	1626.00	1627.00	1628.00	1628.00	1629.00	1629.50	1630.50	1631.00	1631.00	1632.00	1632.00	1632.00	1632.00	1632.50	1633.00	1633.00	1633.00	1633.00	1634.00	1634.00	1634.00	1634.50	1635.00	1635.50	1637.00	1638.00	1638.50	1640.00	1641.00	1641.50	1642.50	1644.00	1645.50	1648.00	1649.00	1650.50	1651.50	1653.00	1654.50	1655.50	1657.00	1658.00	1659.50	1660.00	1661.00	1661.50	1662.00	1663.00	1663.00	1664.00	1664.00	1665.00	1665.50	1666.50	1667.00	1667.50	1668.00	1668.00	1669.00	1670.00	1670.50	1671.00	1672.00	1672.00	1673.50	1674.00	1675.50	1676.50	1677.50	1679.50	1680.50	1683.00	1684.00	1685.50	1688.00	1689.50	1690.50	1692.00	1694.00	1695.00	1696.00	1697.00	1698.00	1698.50	1699.00	1699.50	1700.00	1700.00	1701.00	1701.50	1702.00	1702.00	1702.50	1703.00	1704.00	1704.50	1706.00	1706.00	1707.50	1708.00	1708.50	1709.50	1710.50	1712.00	1713.00	1713.50	1715.00	1716.50	1717.50	1718.50	1720.00	1720.50	1722.00	1723.00	1723.50	1724.00	1725.00	1725.50	1726.00	1726.00	1726.00	1726.50	1726.00	1726.00	1726.00	1726.00
1471.00	1472.50	1474.00	1475.50	1477.00	1478.50	1480.00	1481.00	1483.50	1484.00	1484.50	1485.50	1486.50	1488.00	1488.00	1489.00	1490.00	1491.00	1491.50	1492.50	1494.50	1495.50	1497.00	1498.00	1500.00	1501.50	1504.00	1505.50	1507.00	1509.00	1510.00	1513.00	1514.00	1515.50	1516.50	1517.50	1519.50	1520.50	1522.00	1523.00	1523.50	1524.50	1526.50	1527.00	1527.50	1529.00	1530.50	1532.00	1533.50	1535.00	1536.50	1539.00	1540.50	1543.00	1544.00	1546.00	1547.50	1549.50	1551.50	1553.00	1555.00	1556.00	1557.50	1559.00	1560.00	1560.50	1561.50	1562.00	1563.50	1564.00	1565.00	1565.50	1566.50	1567.50	1568.00	1568.00	1568.00	1569.00	1569.00	1569.00	1569.00	1569.00	1569.00	1569.00	1569.00	1569.00	1569.00	1570.00	1570.00	1570.50	1571.00	1571.50	1572.00	1573.00	1574.00	1575.00	1576.50	1577.00	1578.00	1579.50	1580.50	1582.00	1583.50	1584.00	1584.50	1586.50	1587.50	1590.00	1591.00	1592.50	1594.00	1596.50	1598.00	1599.50	1601.00	1603.50	1605.00	1607.00	1609.00	1610.50	1612.50	1614.50	1615.50	1617.00	1619.00	1620.50	1622.00	1623.50	1624.50	1625.00	1626.00	1627.00	1628.00	1628.00	1629.00	1629.50	1630.50	1631.00	1631.00	1632.00	1632.00	1632.00	1632.00	1632.50	1633.00	1633.00	1633.00	1633.00	1634.00	1634.00	1634.00	1634.50	1635.00	1635.50	1637.00	1638.00	1638.50	1640.00	1641.00	1641.50	1642.50	1644.00	1645.50	1648.00	1649.00	1650.50	1651.50	1653.00	1654.50	1655.50	1657.00	1658.00	1659.50	1660.00	1661.00	1661.50	1662.00	1663.00	1663.00	1664.00	1664.00	1665.00	1665.50	1666.50	1667.00	1667.50	1668.00	1668.00	1669.00	1670.00	1670.50	1671.00	1672.00	1672.00	1673.50	1674.00	1675.50	1676.50	1677.50	1679.50	1680.50	1683.00	1684.00	1685.50	1688.00	1689.50	1690.50	1692.00	1694.00	1695.00	1696.00	1697.00	1698.00	1698.50	1699.00	1699.50	1700.00	1700.00	1701.00	1701.50	1702.00	1702.00	1702.50	1703.00	1704.00	1704.50	1706.00	1706.00	1707.50	1708.00	1708.50	1709.50	1710.50	1712.00	1713.00	1713.50	1715.00	1716.50	1717.50	1718.50	1720.00	1720.50	1722.00	1723.00	1723.50	1724.00	1725.00	1725.50	1726.00	1726.00	1726.00	1726.50	1726.00	1726.00	1726.00	1726.00
1477.00	1478.50	1480.00	1481.50	1483.00	1483.50	1485.00	1486.00	1487.50	1488.50	1489.50	1490.00	1490.50	1492.00	1492.00	1493.00	1494.00	1495.50	1496.50	1497.50	1499.50	1500.50	1502.00	1503.00	1504.50	1506.00	1508.50	1510.00	1511.50	1513.00	1514.00	1516.00	1518.00	1519.50	1520.50	1521.00	1522.50	1523.50	1525.00	1526.00	1527.50	1528.50	1529.50	1530.50	1531.50	1533.00	1534.50	1536.00	1537.50	1539.00	1540.50	1542.00	1545.00	1547.00	1549.00	1551.50	1553.00	1555.50	1557.50	1559.00	1561.00	1562.00	1563.50	1565.00	1566.50	1567.50	1568.50	1570.00	1570.50	1571.00	1572.00	1572.50	1573.00	1573.50	1574.00	1574.50	1575.00	1575.00	1574.00	1574.00	1574.00	1574.00	1574.00	1574.50	1574.50	1575.00	1575.00	1575.50	1576.00	1576.50	1577.00	1577.50	1578.00	1579.50	1580.00	1581.00	1582.50	1583.50	1585.00	1586.50	1587.00	1588.00	1589.50	1590.50	1591.50	1593.50	1594.50	1596.00	1597.00	1598.50	1601.00	1602.50	1604.00	1605.50	1608.00	1609.50	1612.00	1613.00	1614.50	1616.00	1618.00	1619.50	1620.50	1622.00	1623.00	1624.50	1626.00	1627.00	1627.50	1628.50	1629.00	1630.00	1631.00	1632.00	1632.50	1633.50	1634.50	1635.00	1635.50	1636.00	1636.50	1637.00	1637.00	1637.50	1638.00	1638.00	1638.50	1639.00	1639.00	1639.50	1640.00	1640.00	1641.00	1641.50	1642.00	1643.00	1644.00	1645.00	1646.00	1646.50	1647.50	1649.00	1651.00	1653.00	1654.00	1655.50	1656.50	1657.50	1658.50	1659.50	1661.00	1662.00	1663.00	1664.00	1664.50	1665.00	1665.00	1666.00	1666.50	1667.00	1668.00	1668.50	1669.00	1670.00	1671.00	1671.50	1672.00	1673.00	1673.50	1675.00	1676.00	1676.50	1678.00	1679.00	1680.00	1681.00	1683.00	1684.50	1685.50	1687.50	1689.00	1691.00	1692.00	1693.50	1695.00	1697.00	1698.50	1699.50	1700.00	1701.50	1703.00	1703.00	1704.00	1704.00	1704.50	1705.00	1705.00	1705.00	1706.00	1706.00	1706.00	1707.00	1707.00	1707.50	1708.00	1709.50	1710.00	1711.00	1712.00	1712.50	1713.50	1714.50	1715.50	1717.00	1718.00	1718.50	1720.00	1721.50	1722.00	1722.50	1724.00	1725.00	1726.00	1727.00	1727.50	1728.00	1729.00	1729.00	1729.00	1729.00	1729.00	1729.00	1729.00	1729.00	1729.00	1729.00
1477.00	1478.50	1480.00	1481.50	1483.00	1483.50	1485.00	1486.00	1487.50	1488.50	1489.50	1490.00	1490.50	1492.00	1492.00	1493.00	1494.00	1495.50	1496.50	1497.50	1499.50	1500.50	1502.00	1503.00	1504.50	1506.00	1508.50	1510.00	1511.50	1513.00	1514.00	1516.00	1518.00	1519.50	1520.50	1521.00	1522.50	1523.50	1525.00	1526.00	1527.50	1528.50	1529.50	1530.50	1531.50	1533.00	1534.50	1536.00	1537.50	1539.00	1540.50	1542.00	1545.00	1547.00	1549.00	1551.50	1553.00	1555.50	1557.50	1559.00	1561.00	1562.00	1563.50	1565.00	1566.50	1567.50	1568.50	1570.00	1570.50	1571.00	1572.00	1572.50	1573.00	1573.50	1574.00	1574.50	1575.00	1575.00	1574.00	1574.00	1574.00	1574.00	1574.00	1574.50	1574.50	1575.00	1575.00	1575.50	1576.00	1576.50	1577.00	1577.50	1578.00	1579.50	1580.00	1581.00	1582.50	1583.50	1585.00	1586.50	1587.00	1588.00	1589.50	1590.50	1591.50	1593.50	1594.50	1596.00	1597.00	1598.50	1601.00	1602.50	1604.00	1605.50	1608.00	1609.50	1612.00	1613.00	1614.50	1616.00	1618.00	1619.50	1620.50	1622.00	1623.00	1624.50	1626.00	1627.00	1627.50	1628.50	1629.00	1630.00	1631.00	1632.00	1632.50	1633.50	1634.50	1635.00	1635.50	1636.00	1636.50	1637.00	1637.00	1637.50	1638.00	1638.00	1638.50	1639.00	1639.00	1639.50	1640.00	1640.00	1641.00	1641.50	1642.00	1643.00	1644.00	1645.00	1646.00	1646.50	1647.50	1649.00	1651.00	1653.00	1654.00	1655.50	1656.50	1657.50	1658.50	1659.50	1661.00	1662.00	1663.00	1664.00	1664.50	1665.00	1665.00	1666.00	1666.50	1667.00	1668.00	1668.50	1669.00	1670.00	1671.00	1671.50	1672.00	1673.00	1673.50	1675.00	1676.00	1676.50	1678.00	1679.00	1680.00	1681.00	1683.00	1684.50	1685.50	1687.50	1689.00	1691.00	1692.00	1693.50	1695.00	1697.00	1698.50	1699.50	1700.00	1701.50	1703.00	1703.00	1704.00	1704.00	1704.50	1705.00	1705.00	1705.00	1706.00	1706.00	1706.00	1707.00	1707.00	1707.50	1708.00	1709.50	1710.00	1711.00	1712.00	1712.50	1713.50	1714.50	1715.50	1717.00	1718.00	1718.50	1720.00	1721.50	1722.00	1722.50	1724.00	1725.00	1726.00	1727.00	1727.50	1728.00	1729.00	1729.00	1729.00	1729.00	1729.00	1729.00	1729.00	1729.00	1729.00	1729.00