2887.50	2887.00	2886.00	2885.50	2884.00	2884.00	2883.00	2882.00	2881.00	2880.50	2879.50	2879.00	2878.00	2877.00	2877.00	2876.00	2875.50	2875.00	2874.50	2874.00	2874.00	2874.00	2874.00	2873.00	2873.00	2873.00	2872.50	2872.00	2872.00	2871.00	2871.00	2870.50	2870.00	2869.50	2868.50	2867.50	2867.00	2866.00	2865.00	2864.00	2863.50	2863.00	2862.50	2862.00	2861.00	2860.00	2860.00	2859.00	2859.00	2858.00	2857.50	2857.00	2857.00	2856.00	2855.50	2855.00	2855.00	2855.00	2854.00	2854.00	2854.00	2854.00	2854.00	2854.00	2853.50	2853.00	2853.00	2853.00	2853.00	2853.00	2853.00	2853.00	2853.00	2853.00	2853.00	2853.00	2852.00	2852.00	2851.50	2851.00	2850.50	2850.00	2849.50	2849.00	2849.00	2848.00	2847.00	2846.50	2845.50	2844.50	2844.00	2842.50	2841.00	2840.00	2838.50	2837.50	2835.50	2834.50	2833.50	2832.00	2830.50	2829.50	2828.00	2826.50	2825.50	2824.00	2823.00	2821.50	2821.00	2819.50	2818.50	2818.00	2817.00	2816.50	2816.00	2815.00	2814.50	2814.00	2813.00	2813.00	2813.00	2812.00	2812.00	2812.00	2811.00	2811.00	2811.00	2810.50	2810.00	2809.50	2809.00	2809.00	2808.00	2808.00	2807.50	2807.00	2807.00	2807.00	2806.00	2805.00	2805.00	2804.00	2803.50	2802.50	2802.00	2801.50	2801.00	2800.00	2799.50	2799.00	2798.00	2797.50	2797.00	2796.00	2796.00	2795.00	2795.00	2795.00	2795.00	2795.00	2795.00	2795.00	2795.00	2795.00	2795.00	2795.00	2795.00	2795.00	2795.00	2795.00	2794.00	2794.00	2794.00	2794.00	2794.00	2793.50	2793.00	2793.00	2793.00	2792.50	2792.00	2792.00	2791.50	2791.00	2790.00	2789.50	2789.00	2788.00	2787.50	2787.00	2786.50	2786.00	2785.50	2785.00	2784.00	2783.50	2783.00	2783.00	2783.00	2783.00	2782.00	2782.00	2782.00	2782.00	2782.00	2782.00	2781.00	2781.00	2781.00	2781.00	2780.50	2780.00	2780.00	2779.50	2779.00	2779.00	2779.00	2778.00	2777.00	2776.50	2776.00	2775.50	2775.00	2774.50	2774.00	2773.00	2772.50	2772.00	2770.50	2770.00	2769.50	2768.00	2768.00	2767.00	2766.00	2765.00	2764.50	2764.00	2763.00	2762.50	2762.00	2761.00	2761.00	2760.00	2759.00	2758.50	2758.00	2757.00	2757.00	2756.00	2755.00	2754.50	2754.00	2753.00	2753.00	2752.50
2887.50	2887.00	2886.00	2885.50	2884.00	2884.00	2883.00	2882.00	2881.00	2880.50	2879.50	2879.00	2878.00	2877.00	2877.00	2876.00	2875.50	2875.00	2874.50	2874.00	2874.00	2874.00	2874.00	2873.00	2873.00	2873.00	2872.50	2872.00	2872.00	2871.00	2871.00	2870.50	2870.00	2869.50	2868.50	2867.50	2867.00	2866.00	2865.00	2864.00	2863.50	2863.00	2862.50	2862.00	2861.00	2860.00	2860.00	2859.00	2859.00	2858.00	2857.50	2857.00	2857.00	2856.00	2855.50	2855.00	2855.00	2855.00	2854.00	2854.00	2854.00	2854.00	2854.00	2854.00	2853.50	2853.00	2853.00	2853.00	2853.00	2853.00	2853.00	2853.00	2853.00	2853.00	2853.00	2853.00	2852.00	2852.00	2851.50	2851.00	2850.50	2850.00	2849.50	2849.00	2849.00	2848.00	2847.00	2846.50	2845.50	2844.50	2844.00	2842.50	2841.00	2840.00	2838.50	2837.50	2835.50	2834.50	2833.50	2832.00	2830.50	2829.50	2828.00	2826.50	2825.50	2824.00	2823.00	2821.50	2821.00	2819.50	2818.50	2818.00	2817.00	2816.50	2816.00	2815.00	2814.50	2814.00	2813.00	2813.00	2813.00	2812.00	2812.00	2812.00	2811.00	2811.00	2811.00	2810.50	2810.00	2809.50	2809.00	2809.00	2808.00	2808.00	2807.50	2807.00	2807.00	2807.00	2806.00	2805.00	2805.00	2804.00	2803.50	2802.50	2802.00	2801.50	2801.00	2800.00	2799.50	2799.00	2798.00	2797.50	2797.00	2796.00	2796.00	2795.00	2795.00	2795.00	2795.00	2795.00	2795.00	2795.00	2795.00	2795.00	2795.00	2795.00	2795.00	2795.00	2795.00	2795.00	2794.00	2794.00	2794.00	2794.00	2794.00	2793.50	2793.00	2793.00	2793.00	2792.50	2792.00	2792.00	2791.50	2791.00	2790.00	2789.50	2789.00	2788.00	2787.50	2787.00	2786.50	2786.00	2785.50	2785.00	2784.00	2783.50	2783.00	2783.00	2783.00	2783.00	2782.00	2782.00	2782.00	2782.00	2782.00	2782.00	2781.00	2781.00	2781.00	2781.00	2780.50	2780.00	2780.00	2779.50	2779.00	2779.00	2779.00	2778.00	2777.00	2776.50	2776.00	2775.50	2775.00	2774.50	2774.00	2773.00	2772.50	2772.00	2770.50	2770.00	2769.50	2768.00	2768.00	2767.00	2766.00	2765.00	2764.50	2764.00	2763.00	2762.50	2762.00	2761.00	2761.00	2760.00	2759.00	2758.50	2758.00	2757.00	2757.00	2756.00	2755.00	2754.50	2754.00	2753.00	2753.00	2752.50
2887.50	2887.00	2886.00	2885.50	2884.00	2884.00	2883.00	2882.00	2881.00	2880.50	2879.50	2879.00	2878.00	2877.00	2877.00	2876.00	2875.50	2875.00	2874.50	2874.00	2874.00	2874.00	2874.00	2873.00	2873.00	2873.00	2872.50	2872.00	2872.00	2871.00	2871.00	2870.50	2870.00	2869.50	2868.50	2867.50	2867.00	2866.00	2865.00	2864.00	2863.50	2863.00	2862.50	2862.00	2861.00	2860.00	2860.00	2859.00	2859.00	2858.00	2857.50	2857.00	2857.00	2856.00	2855.50	2855.00	2855.00	2855.00	2854.00	2854.00	2854.00	2854.00	2854.00	2854.00	2853.50	2853.00	2853.00	2853.00	2853.00	2853.00	2853.00	2853.00	2853.00	2853.00	2853.00	2853.00	2852.00	2852.00	2851.50	2851.00	2850.50	2850.00	2849.50	2849.00	2849.00	2848.00	2847.00	2846.50	2845.50	2844.50	2844.00	2842.50	2841.00	2840.00	2838.50	2837.50	2835.50	2834.50	2833.50	2832.00	2830.50	2829.50	2828.00	2826.50	2825.50	2824.00	2823.00	2821.50	2821.00	2819.50	2818.50	2818.00	2817.00	2816.50	2816.00	2815.00	2814.50	2814.00	2813.00	2813.00	2813.00	2812.00	2812.00	2812.00	2811.00	2811.00	2811.00	2810.50	2810.00	2809.50	2809.00	2809.00	2808.00	2808.00	2807.50	2807.00	2807.00	2807.00	2806.00	2805.00	2805.00	2804.00	2803.50	2802.50	2802.00	2801.50	2801.00	2800.00	2799.50	2799.00	2798.00	2797.50	2797.00	2796.00	2796.00	2795.00	2795.00	2795.00	2795.00	2795.00	2795.00	2795.00	2795.00	2795.00	2795.00	2795.00	2795.00	2795.00	2795.00	2795.00	2794.00	2794.00	2794.00	2794.00	2794.00	2793.50	2793.00	2793.00	2793.00	2792.50	2792.00	2792.00	2791.50	2791.00	2790.00	2789.50	2789.00	2788.00	2787.50	2787.00	2786.50	2786.00	2785.50	2785.00	2784.00	2783.50	2783.00	2783.00	2783.00	2783.00	2782.00	2782.00	2782.00	2782.00	2782.00	2782.00	2781.00	2781.00	2781.00	2781.00	2780.50	2780.00	2780.00	2779.50	2779.00	2779.00	2779.00	2778.00	2777.00	2776.50	2776.00	2775.50	2775.00	2774.50	2774.00	2773.00	2772.50	2772.00	2770.50	2770.00	2769.50	2768.00	2768.00	2767.00	2766.00	2765.00	2764.50	2764.00	2763.00	2762.50	2762.00	2761.00	2761.00	2760.00	2759.00	2758.50	2758.00	2757.00	2757.00	2756.00	2755.00	2754.50	2754.00	2753.00	2753.00	2752.50
2886.75	2886.25	2885.25	2884.75	2883.50	2883.50	2882.50	2881.50	2880.50	2880.00	2879.00	2878.50	2877.50	2876.50	2876.00	2875.25	2874.75	2874.25	2873.75	2873.50	2873.00	2873.00	2873.00	2872.50	2872.50	2872.50	2872.25	2871.50	2871.50	2871.00	2871.00	2870.50	2870.00	2869.50	2868.50	2867.75	2867.00	2866.50	2865.50	2864.50	2864.00	2863.50	2863.00	2862.50	2861.50	2860.50	2860.50	2859.25	2859.00	2858.25	2857.75	2857.25	2857.00	2856.25	2855.75	2855.00	2855.00	2854.75	2854.00	2854.00	2853.50	2853.50	2853.50	2853.50	2853.25	2853.00	2853.00	2853.00	2853.00	2853.00	2853.00	2852.75	2852.50	2852.50	2852.50	2852.50	2852.00	2851.50	2851.25	2850.75	2850.00	2849.50	2849.25	2848.50	2848.50	2847.50	2846.50	2846.00	2845.00	2844.25	2843.50	2842.00	2840.50	2839.50	2838.00	2837.00	2834.50	2833.50	2832.50	2831.00	2829.50	2828.50	2827.00	2825.50	2824.50	2823.00	2822.00	2820.50	2819.50	2818.50	2817.75	2817.25	2816.00	2815.50	2814.50	2814.00	2813.75	2813.25	2812.50	2812.50	2812.25	2811.50	2811.50	2811.00	2810.50	2810.50	2810.25	2809.75	2809.50	2809.25	2809.00	2808.50	2808.00	2808.00	2807.25	2807.00	2807.00	2806.50	2806.00	2805.00	2805.00	2804.00	2803.75	2802.75	2802.25	2801.75	2801.00	2800.00	2799.50	2799.00	2798.00	2797.50	2797.00	2796.00	2796.00	2795.00	2795.00	2795.00	2794.75	2794.50	2794.50	2794.50	2794.50	2794.50	2794.50	2794.50	2794.50	2794.75	2795.00	2795.00	2794.50	2794.50	2794.25	2794.00	2794.00	2793.50	2793.00	2793.00	2793.00	2792.25	2792.00	2791.50	2791.00	2790.50	2789.50	2789.00	2788.50	2787.50	2787.00	2786.50	2786.00	2785.25	2784.75	2784.00	2783.50	2783.25	2782.50	2782.50	2782.50	2782.50	2781.50	2781.50	2781.50	2781.00	2781.00	2781.00	2780.50	2780.50	2780.50	2780.50	2779.75	2779.50	2779.25	2778.75	2778.50	2778.50	2778.00	2777.00	2776.50	2776.00	2775.50	2775.25	2774.50	2774.00	2773.50	2773.00	2772.00	2771.50	2770.25	2769.75	2769.25	2768.50	2768.00	2767.00	2766.00	2765.00	2764.50	2764.00	2763.25	2762.75	2762.00	2761.50	2761.25	2760.50	2759.75	2759.25	2758.75	2758.00	2757.75	2757.00	2756.00	2755.50	2755.00	2753.75	2753.50	2753.00
2886.00	2885.50	2884.50	2884.00	2883.00	2883.00	2882.00	2881.00	2880.00	2879.50	2878.50	2878.00	2877.00	2876.00	2875.00	2874.50	2874.00	2873.50	2873.00	2873.00	2872.00	2872.00	2872.00	2872.00	2872.00	2872.00	2872.00	2871.00	2871.00	2871.00	2871.00	2870.50	2870.00	2869.50	2868.50	2868.00	2867.00	2867.00	2866.00	2865.00	2864.50	2864.00	2863.50	2863.00	2862.00	2861.00	2861.00	2859.50	2859.00	2858.50	2858.00	2857.50	2857.00	2856.50	2856.00	2855.00	2855.00	2854.50	2854.00	2854.00	2853.00	2853.00	2853.00	2853.00	2853.00	2853.00	2853.00	2853.00	2853.00	2853.00	2853.00	2852.50	2852.00	2852.00	2852.00	2852.00	2852.00	2851.00	2851.00	2850.50	2849.50	2849.00	2849.00	2848.00	2848.00	2847.00	2846.00	2845.50	2844.50	2844.00	2843.00	2841.50	2840.00	2839.00	2837.50	2836.50	2833.50	2832.50	2831.50	2830.00	2828.50	2827.50	2826.00	2824.50	2823.50	2822.00	2821.00	2819.50	2818.00	2817.50	2817.00	2816.50	2815.00	2814.50	2813.00	2813.00	2813.00	2812.50	2812.00	2812.00	2811.50	2811.00	2811.00	2810.00	2810.00	2810.00	2809.50	2809.00	2809.00	2809.00	2809.00	2808.00	2808.00	2808.00	2807.00	2807.00	2807.00	2806.00	2806.00	2805.00	2805.00	2804.00	2804.00	2803.00	2802.50	2802.00	2801.00	2800.00	2799.50	2799.00	2798.00	2797.50	2797.00	2796.00	2796.00	2795.00	2795.00	2795.00	2794.50	2794.00	2794.00	2794.00	2794.00	2794.00	2794.00	2794.00	2794.00	2794.50	2795.00	2795.00	2795.00	2795.00	2794.50	2794.00	2794.00	2793.50	2793.00	2793.00	2793.00	2792.00	2792.00	2791.00	2790.50	2790.00	2789.00	2788.50	2788.00	2787.00	2786.50	2786.00	2785.50	2784.50	2784.00	2783.00	2783.00	2783.00	2782.00	2782.00	2782.00	2782.00	2781.00	2781.00	2781.00	2780.00	2780.00	2780.00	2780.00	2780.00	2780.00	2780.00	2779.00	2779.00	2778.50	2778.00	2778.00	2778.00	2777.00	2776.00	2776.00	2775.50	2775.00	2775.00	2774.00	2773.50	2773.00	2773.00	2771.50	2771.00	2770.00	2769.50	2769.00	2769.00	2768.00	2767.00	2766.00	2765.00	2764.50	2764.00	2763.50	2763.00	2762.00	2762.00	2761.50	2761.00	2760.50	2760.00	2759.50	2759.00	2758.50	2758.00	2757.00	2756.50	2756.00	2754.50	2754.00	2753.50
2886.00	2885.50	2884.50	2884.00	2883.00	2883.00	2882.00	2881.00	2880.00	2879.50	2878.50	2878.00	2877.00	2876.00	2875.00	2874.50	2874.00	2873.50	2873.00	2873.00	2872.00	2872.00	2872.00	2872.00	2872.00	2872.00	2872.00	2871.00	2871.00	2871.00	2871.00	2870.50	2870.00	2869.50	2868.50	2868.00	2867.00	2867.00	2866.00	2865.00	2864.50	2864.00	2863.50	2863.00	2862.00	2861.00	2861.00	2859.50	2859.00	2858.50	2858.00	2857.50	2857.00	2856.50	2856.00	2855.00	2855.00	2854.50	2854.00	2854.00	2853.00	2853.00	2853.00	2853.00	2853.00	2853.00	2853.00	2853.00	2853.00	2853.00	2853.00	2852.50	2852.00	2852.00	2852.00	2852.00	2852.00	2851.00	2851.00	2850.50	2849.50	2849.00	2849.00	2848.00	2848.00	2847.00	2846.00	2845.50	2844.50	2844.00	2843.00	2841.50	2840.00	2839.00	2837.50	2836.50	2833.50	2832.50	2831.50	2830.00	2828.50	2827.50	2826.00	2824.50	2823.50	2822.00	2821.00	2819.50	2818.00	2817.50	2817.00	2816.50	2815.00	2814.50	2813.00	2813.00	2813.00	2812.50	2812.00	2812.00	2811.50	2811.00	2811.00	2810.00	2810.00	2810.00	2809.50	2809.00	2809.00	2809.00	2809.00	2808.00	2808.00	2808.00	2807.00	2807.00	2807.00	2806.00	2806.00	2805.00	2805.00	2804.00	2804.00	2803.00	2802.50	2802.00	2801.00	2800.00	2799.50	2799.00	2798.00	2797.50	2797.00	2796.00	2796.00	2795.00	2795.00	2795.00	2794.50	2794.00	2794.00	2794.00	2794.00	2794.00	2794.00	2794.00	2794.00	2794.50	2795.00	2795.00	2795.00	2795.00	2794.50	2794.00	2794.00	2793.50	2793.00	2793.00	2793.00	2792.00	2792.00	2791.00	2790.50	2790.00	2789.00	2788.50	2788.00	2787.00	2786.50	2786.00	2785.50	2784.50	2784.00	2783.00	2783.00	2783.00	2782.00	2782.00	2782.00	2782.00	2781.00	2781.00	2781.00	2780.00	2780.00	2780.00	2780.00	2780.00	2780.00	2780.00	2779.00	2779.00	2778.50	2778.00	2778.00	2778.00	2777.00	2776.00	2776.00	2775.50	2775.00	2775.00	2774.00	2773.50	2773.00	2773.00	2771.50	2771.00	2770.00	2769.50	2769.00	2769.00	2768.00	2767.00	2766.00	2765.00	2764.50	2764.00	2763.50	2763.00	2762.00	2762.00	2761.50	2761.00	2760.50	2760.00	2759.50	2759.00	2758.50	2758.00	2757.00	2756.50	2756.00	2754.50	2754.00	2753.50
2886.00	2885.50	2884.50	2884.00	2883.00	2883.00	2882.00	2881.00	2880.00	2879.50	2878.50	2878.00	2877.00	2876.00	2875.00	2874.50	2874.00	2873.50	2873.00	2873.00	2872.00	2872.00	2872.00	2872.00	2872.00	2872.00	2872.00	2871.00	2871.00	2871.00	2871.00	2870.50	2870.00	2869.50	2868.50	2868.00	2867.00	2867.00	2866.00	2865.00	2864.50	2864.00	2863.50	2863.00	2862.00	2861.00	2861.00	2859.50	2859.00	2858.50	2858.00	2857.50	2857.00	2856.50	2856.00	2855.00	2855.00	2854.50	2854.00	2854.00	2853.00	2853.00	2853.00	2853.00	2853.00	2853.00	2853.00	2853.00	2853.00	2853.00	2853.00	2852.50	2852.00	2852.00	2852.00	2852.00	2852.00	2851.00	2851.00	2850.50	2849.50	2849.00	2849.00	2848.00	2848.00	2847.00	2846.00	2845.50	2844.50	2844.00	2843.00	2841.50	2840.00	2839.00	2837.50	2836.50	2833.50	2832.50	2831.50	2830.00	2828.50	2827.50	2826.00	2824.50	2823.50	2822.00	2821.00	2819.50	2818.00	2817.50	2817.00	2816.50	2815.00	2814.50	2813.00	2813.00	2813.00	2812.50	2812.00	2812.00	2811.50	2811.00	2811.00	2810.00	2810.00	2810.00	2809.50	2809.00	2809.00	2809.00	2809.00	2808.00	2808.00	2808.00	2807.00	2807.00	2807.00	2806.00	2806.00	2805.00	2805.00	2804.00	2804.00	2803.00	2802.50	2802.00	2801.00	2800.00	2799.50	2799.00	2798.00	2797.50	2797.00	2796.00	2796.00	2795.00	2795.00	2795.00	2794.50	2794.00	2794.00	2794.00	2794.00	2794.00	2794.00	2794.00	2794.00	2794.50	2795.00	2795.00	2795.00	2795.00	2794.50	2794.00	2794.00	2793.50	2793.00	2793.00	2793.00	2792.00	2792.00	2791.00	2790.50	2790.00	2789.00	2788.50	2788.00	2787.00	2786.50	2786.00	2785.50	2784.50	2784.00	2783.00	2783.00	2783.00	2782.00	2782.00	2782.00	2782.00	2781.00	2781.00	2781.00	2780.00	2780.00	2780.00	2780.00	2780.00	2780.00	2780.00	2779.00	2779.00	2778.50	2778.00	2778.00	2778.00	2777.00	2776.00	2776.00	2775.50	2775.00	2775.00	2774.00	2773.50	2773.00	2773.00	2771.50	2771.00	2770.00	2769.50	2769.00	2769.00	2768.00	2767.00	2766.00	2765.00	2764.50	2764.00	2763.50	2763.00	2762.00	2762.00	2761.50	2761.00	2760.50	2760.00	2759.50	2759.00	2758.50	2758.00	2757.00	2756.50	2756.00	2754.50	2754.00	2753.50
2884.50	2884.00	2883.00	2882.50	2882.00	2882.00	2880.50	2880.00	2878.50	2878.00	2877.50	2877.00	2876.00	2875.00	2875.00	2874.00	2873.50	2872.50	2872.00	2872.00	2872.00	2872.00	2871.50	2871.00	2871.00	2871.00	2871.00	2871.00	2871.00	2871.00	2871.00	2870.00	2870.00	2869.50	2869.00	2868.50	2868.00	2867.00	2866.00	2865.00	2864.50	2864.00	2864.00	2863.00	2862.50	2862.00	2862.00	2861.00	2860.50	2859.00	2858.50	2858.00	2858.00	2857.00	2856.50	2856.00	2855.50	2855.00	2854.00	2854.00	2853.50	2853.00	2852.00	2852.00	2852.00	2852.00	2852.00	2852.00	2852.00	2851.00	2851.00	2851.00	2851.00	2851.00	2851.00	2850.50	2850.00	2850.00	2850.00	2849.50	2849.00	2848.50	2848.00	2847.00	2847.00	2846.50	2845.00	2844.00	2843.50	2842.50	2841.00	2839.50	2838.00	2837.00	2835.50	2834.50	2832.00	2830.50	2829.50	2828.00	2826.50	2825.50	2824.00	2822.50	2821.50	2820.00	2819.00	2817.50	2817.00	2816.00	2815.50	2815.00	2814.00	2814.00	2813.00	2813.00	2812.00	2812.00	2811.50	2811.00	2811.00	2811.00	2810.00	2810.00	2810.00	2809.00	2809.00	2809.00	2809.00	2809.00	2809.00	2808.00	2808.00	2808.00	2807.00	2807.00	2807.00	2806.00	2806.00	2806.00	2805.00	2804.50	2804.00	2803.50	2803.00	2802.50	2801.00	2800.50	2800.00	2800.00	2799.00	2798.50	2797.00	2797.00	2796.00	2795.00	2795.00	2795.00	2794.50	2794.00	2794.00	2794.00	2794.00	2794.00	2794.00	2794.00	2794.50	2795.00	2795.00	2795.00	2795.00	2795.00	2795.00	2795.00	2795.00	2794.00	2794.00	2793.00	2793.00	2792.00	2792.00	2791.00	2790.50	2789.50	2789.00	2787.50	2787.00	2786.00	2785.50	2785.00	2784.50	2783.50	2783.00	2783.00	2782.00	2782.00	2781.00	2781.00	2781.00	2780.50	2780.00	2780.00	2779.00	2779.00	2779.00	2778.50	2778.00	2778.00	2778.00	2778.00	2777.00	2777.00	2777.00	2777.00	2776.50	2776.00	2776.00	2776.00	2775.00	2775.00	2774.50	2774.00	2773.00	2773.00	2772.00	2772.00	2771.00	2770.50	2769.50	2769.00	2768.50	2768.00	2767.00	2766.00	2766.00	2765.50	2765.00	2764.50	2764.00	2763.50	2763.00	2763.00	2762.50	2762.00	2762.00	2761.50	2761.00	2761.00	2760.00	2760.00	2759.00	2758.50	2758.00	2756.50	2756.00	2755.50
2884.50	2884.00	2883.00	2882.50	2882.00	2882.00	2880.50	2880.00	2878.50	2878.00	2877.50	2877.00	2876.00	2875.00	2875.00	2874.00	2873.50	2872.50	2872.00	2872.00	2872.00	2872.00	2871.50	2871.00	2871.00	2871.00	2871.00	2871.00	2871.00	2871.00	2871.00	2870.00	2870.00	2869.50	2869.00	2868.50	2868.00	2867.00	2866.00	2865.00	2864.50	2864.00	2864.00	2863.00	2862.50	2862.00	2862.00	2861.00	2860.50	2859.00	2858.50	2858.00	2858.00	2857.00	2856.50	2856.00	2855.50	2855.00	2854.00	2854.00	2853.50	2853.00	2852.00	2852.00	2852.00	2852.00	2852.00	2852.00	2852.00	2851.00	2851.00	2851.00	2851.00	2851.00	2851.00	2850.50	2850.00	2850.00	2850.00	2849.50	2849.00	2848.50	2848.00	2847.00	2847.00	2846.50	2845.00	2844.00	2843.50	2842.50	2841.00	2839.50	2838.00	2837.00	2835.50	2834.50	2832.00	2830.50	2829.50	2828.00	2826.50	2825.50	2824.00	2822.50	2821.50	2820.00	2819.00	2817.50	2817.00	2816.00	2815.50	2815.00	2814.00	2814.00	2813.00	2813.00	2812.00	2812.00	2811.50	2811.00	2811.00	2811.00	2810.00	2810.00	2810.00	2809.00	2809.00	2809.00	2809.00	2809.00	2809.00	2808.00	2808.00	2808.00	2807.00	2807.00	2807.00	2806.00	2806.00	2806.00	2805.00	2804.50	2804.00	2803.50	2803.00	2802.50	2801.00	2800.50	2800.00	2800.00	2799.00	2798.50	2797.00	2797.00	2796.00	2795.00	2795.00	2795.00	2794.50	2794.00	2794.00	2794.00	2794.00	2794.00	2794.00	2794.00	2794.50	2795.00	2795.00	2795.00	2795.00	2795.00	2795.00	2795.00	2795.00	2794.00	2794.00	2793.00	2793.00	2792.00	2792.00	2791.00	2790.50	2789.50	2789.00	2787.50	2787.00	2786.00	2785.50	2785.00	2784.50	2783.50	2783.00	2783.00	2782.00	2782.00	2781.00	2781.00	2781.00	2780.50	2780.00	2780.00	2779.00	2779.00	2779.00	2778.50	2778.00	2778.00	2778.00	2778.00	2777.00	2777.00	2777.00	2777.00	2776.50	2776.00	2776.00	2776.00	2775.00	2775.00	2774.50	2774.00	2773.00	2773.00	2772.00	2772.00	2771.00	2770.50	2769.50	2769.00	2768.50	2768.00	2767.00	2766.00	2766.00	2765.50	2765.00	2764.50	2764.00	2763.50	2763.00	2763.00	2762.50	2762.00	2762.00	2761.50	2761.00	2761.00	2760.00	2760.00	2759.00	2758.50	2758.00	2756.50	2756.00	2755.50
2884.50	2884.00	2883.00	2882.50	2882.00	2882.00	2880.50	2880.00	2878.50	2878.00	2877.50	2877.00	2876.00	2875.00	2875.00	2874.00	2873.50	2872.50	2872.00	2872.00	2872.00	2872.00	2871.50	2871.00	2871.00	2871.00	2871.00	2871.00	2871.00	2871.00	2871.00	2870.00	2870.00	2869.50	2869.00	2868.50	2868.00	2867.00	2866.00	2865.00	2864.50	2864.00	2864.00	2863.00	2862.50	2862.00	2862.00	2861.00	2860.50	2859.00	2858.50	2858.00	2858.00	2857.00	2856.50	2856.00	2855.50	2855.00	2854.00	2854.00	2853.50	2853.00	2852.00	2852.00	2852.00	2852.00	2852.00	2852.00	2852.00	2851.00	2851.00	2851.00	2851.00	2851.00	2851.00	2850.50	2850.00	2850.00	2850.00	2849.50	2849.00	2848.50	2848.00	2847.00	2847.00	2846.50	2845.00	2844.00	2843.50	2842.50	2841.00	2839.50	2838.00	2837.00	2835.50	2834.50	2832.00	2830.50	2829.50	2828.00	2826.50	2825.50	2824.00	2822.50	2821.50	2820.00	2819.00	2817.50	2817.00	2816.00	2815.50	2815.00	2814.00	2814.00	2813.00	2813.00	2812.00	2812.00	2811.50	2811.00	2811.00	2811.00	2810.00	2810.00	2810.00	2809.00	2809.00	2809.00	2809.00	2809.00	2809.00	2808.00	2808.00	2808.00	2807.00	2807.00	2807.00	2806.00	2806.00	2806.00	2805.00	2804.50	2804.00	2803.50	2803.00	2802.50	2801.00	2800.50	2800.00	2800.00	2799.00	2798.50	2797.00	2797.00	2796.00	2795.00	2795.00	2795.00	2794.50	2794.00	2794.00	2794.00	2794.00	2794.00	2794.00	2794.00	2794.50	2795.00	2795.00	2795.00	2795.00	2795.00	2795.00	2795.00	2795.00	2794.00	2794.00	2793.00	2793.00	2792.00	2792.00	2791.00	2790.50	2789.50	2789.00	2787.50	2787.00	2786.00	2785.50	2785.00	2784.50	2783.50	2783.00	2783.00	2782.00	2782.00	2781.00	2781.00	2781.00	2780.50	2780.00	2780.00	2779.00	2779.00	2779.00	2778.50	2778.00	2778.00	2778.00	2778.00	2777.00	2777.00	2777.00	2777.00	2776.50	2776.00	2776.00	2776.00	2775.00	2775.00	2774.50	2774.00	2773.00	2773.00	2772.00	2772.00	2771.00	2770.50	2769.50	2769.00	2768.50	2768.00	2767.00	2766.00	2766.00	2765.50	2765.00	2764.50	2764.00	2763.50	2763.00	2763.00	2762.50	2762.00	2762.00	2761.50	2761.00	2761.00	2760.00	2760.00	2759.00	2758.50	2758.00	2756.50	2756.00	2755.50
2884.50	2884.00	2883.00	2882.50	2882.00	2882.00	2880.50	2880.00	2878.50	2878.00	2877.50	2877.00	2876.00	2875.00	2875.00	2874.00	2873.50	2872.50	2872.00	2872.00	2872.00	2872.00	2871.50	2871.00	2871.00	2871.00	2871.00	2871.00	2871.00	2871.00	2871.00	2870.00	2870.00	2869.50	2869.00	2868.50	2868.00	2867.00	2866.00	2865.00	2864.50	2864.00	2864.00	2863.00	2862.50	2862.00	2862.00	2861.00	2860.50	2859.00	2858.50	2858.00	2858.00	2857.00	2856.50	2856.00	2855.50	2855.00	2854.00	2854.00	2853.50	2853.00	2852.00	2852.00	2852.00	2852.00	2852.00	2852.00	2852.00	2851.00	2851.00	2851.00	2851.00	2851.00	2851.00	2850.50	2850.00	2850.00	2850.00	2849.50	2849.00	2848.50	2848.00	2847.00	2847.00	2846.50	2845.00	2844.00	2843.50	2842.50	2841.00	2839.50	2838.00	2837.00	2835.50	2834.50	2832.00	2830.50	2829.50	2828.00	2826.50	2825.50	2824.00	2822.50	2821.50	2820.00	2819.00	2817.50	2817.00	2816.00	2815.50	2815.00	2814.00	2814.00	2813.00	2813.00	2812.00	2812.00	2811.50	2811.00	2811.00	2811.00	2810.00	2810.00	2810.00	2809.00	2809.00	2809.00	2809.00	2809.00	2809.00	2808.00	2808.00	2808.00	2807.00	2807.00	2807.00	2806.00	2806.00	2806.00	2805.00	2804.50	2804.00	2803.50	2803.00	2802.50	2801.00	2800.50	2800.00	2800.00	2799.00	2798.50	2797.00	2797.00	2796.00	2795.00	2795.00	2795.00	2794.50	2794.00	2794.00	2794.00	2794.00	2794.00	2794.00	2794.00	2794.50	2795.00	2795.00	2795.00	2795.00	2795.00	2795.00	2795.00	2795.00	2794.00	2794.00	2793.00	2793.00	2792.00	2792.00	2791.00	2790.50	2789.50	2789.00	2787.50	2787.00	2786.00	2785.50	2785.00	2784.50	2783.50	2783.00	2783.00	2782.00	2782.00	2781.00	2781.00	2781.00	2780.50	2780.00	2780.00	2779.00	2779.00	2779.00	2778.50	2778.00	2778.00	2778.00	2778.00	2777.00	2777.00	2777.00	2777.00	2776.50	2776.00	2776.00	2776.00	2775.00	2775.00	2774.50	2774.00	2773.00	2773.00	2772.00	2772.00	2771.00	2770.50	2769.50	2769.00	2768.50	2768.00	2767.00	2766.00	2766.00	2765.50	2765.00	2764.50	2764.00	2763.50	2763.00	2763.00	2762.50	2762.00	2762.00	2761.50	2761.00	2761.00	2760.00	2760.00	2759.00	2758.50	2758.00	2756.50	2756.00	2755.50
2883.00	2882.50	2881.50	2881.00	2880.00	2880.00	2879.00	2878.00	2877.50	2877.00	2876.50	2876.00	2875.00	2874.00	2874.00	2873.00	2872.50	2872.00	2871.50	2871.00	2871.00	2871.00	2871.00	2871.00	2871.00	2871.00	2871.00	2871.00	2871.00	2871.00	2870.00	2870.00	2869.50	2869.00	2868.50	2868.00	2868.00	2867.00	2866.50	2866.00	2865.00	2864.50	2864.00	2863.00	2862.50	2862.00	2862.00	2861.00	2861.00	2860.00	2859.50	2859.00	2858.00	2857.50	2857.00	2856.00	2855.50	2855.00	2854.00	2854.00	2853.00	2852.00	2852.00	2852.00	2851.50	2851.00	2851.00	2851.00	2851.00	2850.00	2850.00	2850.00	2849.50	2849.00	2849.00	2849.00	2849.00	2849.00	2848.50	2848.00	2847.50	2847.00	2847.00	2846.00	2846.00	2845.00	2844.00	2843.50	2842.50	2841.50	2840.00	2838.50	2837.00	2836.00	2833.50	2832.50	2830.00	2828.50	2827.50	2826.00	2824.50	2823.50	2822.00	2820.50	2819.50	2818.00	2817.00	2816.50	2816.00	2815.00	2814.50	2814.00	2813.50	2813.00	2813.00	2813.00	2812.00	2812.00	2811.50	2811.00	2811.00	2811.00	2810.00	2810.00	2810.00	2809.00	2809.00	2809.00	2809.00	2809.00	2808.00	2808.00	2808.00	2808.00	2807.00	2807.00	2806.50	2806.00	2806.00	2805.00	2805.00	2804.50	2804.00	2803.00	2802.50	2802.00	2801.00	2800.50	2800.00	2799.00	2798.50	2798.00	2797.00	2797.00	2796.00	2795.00	2795.00	2794.50	2794.00	2794.00	2794.00	2794.00	2794.00	2794.00	2794.00	2794.00	2794.50	2795.00	2795.00	2795.00	2795.00	2795.00	2795.00	2795.00	2795.00	2794.00	2794.00	2794.00	2793.00	2792.50	2792.00	2791.00	2790.50	2789.50	2789.00	2787.50	2787.00	2786.00	2785.00	2784.50	2784.00	2783.50	2783.00	2782.00	2782.00	2781.00	2780.00	2780.00	2779.50	2779.00	2779.00	2778.00	2778.00	2777.50	2777.00	2777.00	2777.00	2776.50	2776.00	2776.00	2775.50	2775.00	2775.00	2775.00	2775.00	2775.00	2775.00	2774.00	2774.00	2773.50	2773.00	2773.00	2772.50	2772.00	2772.00	2771.00	2770.50	2770.00	2769.50	2769.00	2768.50	2768.00	2767.00	2766.00	2766.00	2765.50	2765.00	2765.00	2764.00	2764.00	2764.00	2763.00	2763.00	2763.00	2762.00	2762.00	2762.00	2762.00	2761.00	2761.00	2760.00	2759.50	2759.00	2758.00	2757.50	2756.50
2883.00	2882.50	2881.50	2881.00	2880.00	2880.00	2879.00	2878.00	2877.50	2877.00	2876.50	2876.00	2875.00	2874.00	2874.00	2873.00	2872.50	2872.00	2871.50	2871.00	2871.00	2871.00	2871.00	2871.00	2871.00	2871.00	2871.00	2871.00	2871.00	2871.00	2870.00	2870.00	2869.50	2869.00	2868.50	2868.00	2868.00	2867.00	2866.50	2866.00	2865.00	2864.50	2864.00	2863.00	2862.50	2862.00	2862.00	2861.00	2861.00	2860.00	2859.50	2859.00	2858.00	2857.50	2857.00	2856.00	2855.50	2855.00	2854.00	2854.00	2853.00	2852.00	2852.00	2852.00	2851.50	2851.00	2851.00	2851.00	2851.00	2850.00	2850.00	2850.00	2849.50	2849.00	2849.00	2849.00	2849.00	2849.00	2848.50	2848.00	2847.50	2847.00	2847.00	2846.00	2846.00	2845.00	2844.00	2843.50	2842.50	2841.50	2840.00	2838.50	2837.00	2836.00	2833.50	2832.50	2830.00	2828.50	2827.50	2826.00	2824.50	2823.50	2822.00	2820.50	2819.50	2818.00	2817.00	2816.50	2816.00	2815.00	2814.50	2814.00	2813.50	2813.00	2813.00	2813.00	2812.00	2812.00	2811.50	2811.00	2811.00	2811.00	2810.00	2810.00	2810.00	2809.00	2809.00	2809.00	2809.00	2809.00	2808.00	2808.00	2808.00	2808.00	2807.00	2807.00	2806.50	2806.00	2806.00	2805.00	2805.00	2804.50	2804.00	2803.00	2802.50	2802.00	2801.00	2800.50	2800.00	2799.00	2798.50	2798.00	2797.00	2797.00	2796.00	2795.00	2795.00	2794.50	2794.00	2794.00	2794.00	2794.00	2794.00	2794.00	2794.00	2794.00	2794.50	2795.00	2795.00	2795.00	2795.00	2795.00	2795.00	2795.00	2795.00	2794.00	2794.00	2794.00	2793.00	2792.50	2792.00	2791.00	2790.50	2789.50	2789.00	2787.50	2787.00	2786.00	2785.00	2784.50	2784.00	2783.50	2783.00	2782.00	2782.00	2781.00	2780.00	2780.00	2779.50	2779.00	2779.00	2778.00	2778.00	2777.50	2777.00	2777.00	2777.00	2776.50	2776.00	2776.00	2775.50	2775.00	2775.00	2775.00	2775.00	2775.00	2775.00	2774.00	2774.00	2773.50	2773.00	2773.00	2772.50	2772.00	2772.00	2771.00	2770.50	2770.00	2769.50	2769.00	2768.50	2768.00	2767.00	2766.00	2766.00	2765.50	2765.00	2765.00	2764.00	2764.00	2764.00	2763.00	2763.00	2763.00	2762.00	2762.00	2762.00	2762.00	2761.00	2761.00	2760.00	2759.50	2759.00	2758.00	2757.50	2756.50
2883.00	2882.50	2881.50	2881.00	2880.00	2880.00	2879.00	2878.00	2877.50	2877.00	2876.50	2876.00	2875.00	2874.00	2874.00	2873.00	2872.50	2872.00	2871.50	2871.00	2871.00	2871.00	2871.00	2871.00	2871.00	2871.00	2871.00	2871.00	2871.00	2871.00	2870.00	2870.00	2869.50	2869.00	2868.50	2868.00	2868.00	2867.00	2866.50	2866.00	2865.00	2864.50	2864.00	2863.00	2862.50	2862.00	2862.00	2861.00	2861.00	2860.00	2859.50	2859.00	2858.00	2857.50	2857.00	2856.00	2855.50	2855.00	2854.00	2854.00	2853.00	2852.00	2852.00	2852.00	2851.50	2851.00	2851.00	2851.00	2851.00	2850.00	2850.00	2850.00	2849.50	2849.00	2849.00	2849.00	2849.00	2849.00	2848.50	2848.00	2847.50	2847.00	2847.00	2846.00	2846.00	2845.00	2844.00	2843.50	2842.50	2841.50	2840.00	2838.50	2837.00	2836.00	2833.50	2832.50	2830.00	2828.50	2827.50	2826.00	2824.50	2823.50	2822.00	2820.50	2819.50	2818.00	2817.00	2816.50	2816.00	2815.00	2814.50	2814.00	2813.50	2813.00	2813.00	2813.00	2812.00	2812.00	2811.50	2811.00	2811.00	2811.00	2810.00	2810.00	2810.00	2809.00	2809.00	2809.00	2809.00	2809.00	2808.00	2808.00	2808.00	2808.00	2807.00	2807.00	2806.50	2806.00	2806.00	2805.00	2805.00	2804.50	2804.00	2803.00	2802.50	2802.00	2801.00	2800.50	2800.00	2799.00	2798.50	2798.00	2797.00	2797.00	2796.00	2795.00	2795.00	2794.50	2794.00	2794.00	2794.00	2794.00	2794.00	2794.00	2794.00	2794.00	2794.50	2795.00	2795.00	2795.00	2795.00	2795.00	2795.00	2795.00	2795.00	2794.00	2794.00	2794.00	2793.00	2792.50	2792.00	2791.00	2790.50	2789.50	2789.00	2787.50	2787.00	2786.00	2785.00	2784.50	2784.00	2783.50	2783.00	2782.00	2782.00	2781.00	2780.00	2780.00	2779.50	2779.00	2779.00	2778.00	2778.00	2777.50	2777.00	2777.00	2777.00	2776.50	2776.00	2776.00	2775.50	2775.00	2775.00	2775.00	2775.00	2775.00	2775.00	2774.00	2774.00	2773.50	2773.00	2773.00	2772.50	2772.00	2772.00	2771.00	2770.50	2770.00	2769.50	2769.00	2768.50	2768.00	2767.00	2766.00	2766.00	2765.50	2765.00	2765.00	2764.00	2764.00	2764.00	2763.00	2763.00	2763.00	2762.00	2762.00	2762.00	2762.00	2761.00	2761.00	2760.00	2759.50	2759.00	2758.00	2757.50	2756.50
2883.00	2882.50	2881.50	2881.00	2880.00	2880.00	2879.00	2878.00	2877.50	2877.00	2876.50	2876.00	2875.00	2874.00	2874.00	2873.00	2872.50	2872.00	2871.50	2871.00	2871.00	2871.00	2871.00	2871.00	2871.00	2871.00	2871.00	2871.00	2871.00	2871.00	2870.00	2870.00	2869.50	2869.00	2868.50	2868.00	2868.00	2867.00	2866.50	2866.00	2865.00	2864.50	2864.00	2863.00	2862.50	2862.00	2862.00	2861.00	2861.00	2860.00	2859.50	2859.00	2858.00	2857.50	2857.00	2856.00	2855.50	2855.00	2854.00	2854.00	2853.00	2852.00	2852.00	2852.00	2851.50	2851.00	2851.00	2851.00	2851.00	2850.00	2850.00	2850.00	2849.50	2849.00	2849.00	2849.00	2849.00	2849.00	2848.50	2848.00	2847.50	2847.00	2847.00	2846.00	2846.00	2845.00	2844.00	2843.50	2842.50	2841.50	2840.00	2838.50	2837.00	2836.00	2833.50	2832.50	2830.00	2828.50	2827.50	2826.00	2824.50	2823.50	2822.00	2820.50	2819.50	2818.00	2817.00	2816.50	2816.00	2815.00	2814.50	2814.00	2813.50	2813.00	2813.00	2813.00	2812.00	2812.00	2811.50	2811.00	2811.00	2811.00	2810.00	2810.00	2810.00	2809.00	2809.00	2809.00	2809.00	2809.00	2808.00	2808.00	2808.00	2808.00	2807.00	2807.00	2806.50	2806.00	2806.00	2805.00	2805.00	2804.50	2804.00	2803.00	2802.50	2802.00	2801.00	2800.50	2800.00	2799.00	2798.50	2798.00	2797.00	2797.00	2796.00	2795.00	2795.00	2794.50	2794.00	2794.00	2794.00	2794.00	2794.00	2794.00	2794.00	2794.00	2794.50	2795.00	2795.00	2795.00	2795.00	2795.00	2795.00	2795.00	2795.00	2794.00	2794.00	2794.00	2793.00	2792.50	2792.00	2791.00	2790.50	2789.50	2789.00	2787.50	2787.00	2786.00	2785.00	2784.50	2784.00	2783.50	2783.00	2782.00	2782.00	2781.00	2780.00	2780.00	2779.50	2779.00	2779.00	2778.00	2778.00	2777.50	2777.00	2777.00	2777.00	2776.50	2776.00	2776.00	2775.50	2775.00	2775.00	2775.00	2775.00	2775.00	2775.00	2774.00	2774.00	2773.50	2773.00	2773.00	2772.50	2772.00	2772.00	2771.00	2770.50	2770.00	2769.50	2769.00	2768.50	2768.00	2767.00	2766.00	2766.00	2765.50	2765.00	2765.00	2764.00	2764.00	2764.00	2763.00	2763.00	2763.00	2762.00	2762.00	2762.00	2762.00	2761.00	2761.00	2760.00	2759.50	2759.00	2758.00	2757.50	2756.50
2881.50	2881.00	2880.00	2880.00	2879.00	2879.00	2878.00	2877.00	2876.50	2876.00	2875.50	2875.00	2874.00	2874.00	2873.00	2872.50	2872.00	2871.50	2871.00	2870.50	2870.00	2870.00	2870.00	2870.00	2870.00	2870.00	2870.00	2870.00	2870.00	2870.00	2870.00	2869.00	2869.00	2868.50	2867.50	2867.00	2867.00	2866.00	2865.50	2865.00	2864.00	2863.50	2863.00	2862.00	2862.00	2861.00	2861.00	2860.50	2860.00	2859.00	2858.50	2858.00	2858.00	2856.50	2856.00	2856.00	2855.00	2854.50	2854.00	2853.00	2852.50	2852.00	2851.00	2850.50	2850.00	2850.00	2849.50	2849.00	2849.00	2849.00	2848.00	2848.00	2848.00	2847.50	2847.00	2847.00	2847.00	2847.00	2846.00	2846.00	2845.50	2845.00	2845.00	2844.00	2844.00	2843.00	2842.00	2840.50	2840.00	2839.50	2838.00	2836.00	2834.00	2833.00	2831.50	2830.50	2828.00	2826.50	2825.50	2824.00	2822.50	2821.50	2820.00	2819.00	2818.50	2817.00	2816.00	2815.50	2815.00	2814.50	2814.00	2814.00	2813.00	2813.00	2813.00	2812.00	2812.00	2812.00	2811.00	2811.00	2811.00	2811.00	2810.00	2810.00	2810.00	2810.00	2810.00	2809.50	2809.00	2809.00	2808.00	2808.00	2808.00	2807.00	2807.00	2807.00	2806.50	2806.00	2806.00	2805.00	2805.00	2804.50	2804.00	2803.00	2803.00	2802.50	2802.00	2801.50	2800.50	2800.00	2799.00	2798.50	2798.00	2797.00	2797.00	2796.00	2795.50	2795.00	2795.00	2795.00	2795.00	2795.00	2795.00	2795.00	2795.00	2795.00	2795.00	2795.00	2795.00	2795.00	2796.00	2795.00	2795.00	2795.00	2795.00	2795.00	2794.50	2794.00	2794.00	2793.00	2792.50	2791.50	2790.50	2790.00	2789.00	2788.00	2787.00	2787.00	2786.00	2785.50	2784.50	2784.00	2783.50	2783.00	2782.00	2781.00	2781.00	2780.00	2779.50	2779.00	2778.00	2777.50	2777.00	2776.00	2776.00	2776.00	2775.00	2774.50	2774.00	2774.00	2773.50	2773.00	2773.00	2773.00	2773.00	2773.00	2773.00	2772.00	2772.00	2772.00	2772.00	2772.00	2771.00	2771.00	2771.00	2770.00	2770.00	2769.50	2769.00	2768.50	2768.00	2767.00	2767.00	2766.00	2766.00	2765.00	2765.00	2765.00	2764.00	2764.00	2764.00	2763.00	2763.00	2763.00	2762.00	2762.00	2762.00	2762.00	2762.00	2761.00	2761.00	2760.50	2760.00	2759.00	2758.50	2758.00
2881.50	2881.00	2880.00	2880.00	2879.00	2879.00	2878.00	2877.00	2876.50	2876.00	2875.50	2875.00	2874.00	2874.00	2873.00	2872.50	2872.00	2871.50	2871.00	2870.50	2870.00	2870.00	2870.00	2870.00	2870.00	2870.00	2870.00	2870.00	2870.00	2870.00	2870.00	2869.00	2869.00	2868.50	2867.50	2867.00	2867.00	2866.00	2865.50	2865.00	2864.00	2863.50	2863.00	2862.00	2862.00	2861.00	2861.00	2860.50	2860.00	2859.00	2858.50	2858.00	2858.00	2856.50	2856.00	2856.00	2855.00	2854.50	2854.00	2853.00	2852.50	2852.00	2851.00	2850.50	2850.00	2850.00	2849.50	2849.00	2849.00	2849.00	2848.00	2848.00	2848.00	2847.50	2847.00	2847.00	2847.00	2847.00	2846.00	2846.00	2845.50	2845.00	2845.00	2844.00	2844.00	2843.00	2842.00	2840.50	2840.00	2839.50	2838.00	2836.00	2834.00	2833.00	2831.50	2830.50	2828.00	2826.50	2825.50	2824.00	2822.50	2821.50	2820.00	2819.00	2818.50	2817.00	2816.00	2815.50	2815.00	2814.50	2814.00	2814.00	2813.00	2813.00	2813.00	2812.00	2812.00	2812.00	2811.00	2811.00	2811.00	2811.00	2810.00	2810.00	2810.00	2810.00	2810.00	2809.50	2809.00	2809.00	2808.00	2808.00	2808.00	2807.00	2807.00	2807.00	2806.50	2806.00	2806.00	2805.00	2805.00	2804.50	2804.00	2803.00	2803.00	2802.50	2802.00	2801.50	2800.50	2800.00	2799.00	2798.50	2798.00	2797.00	2797.00	2796.00	2795.50	2795.00	2795.00	2795.00	2795.00	2795.00	2795.00	2795.00	2795.00	2795.00	2795.00	2795.00	2795.00	2795.00	2796.00	2795.00	2795.00	2795.00	2795.00	2795.00	2794.50	2794.00	2794.00	2793.00	2792.50	2791.50	2790.50	2790.00	2789.00	2788.00	2787.00	2787.00	2786.00	2785.50	2784.50	2784.00	2783.50	2783.00	2782.00	2781.00	2781.00	2780.00	2779.50	2779.00	2778.00	2777.50	2777.00	2776.00	2776.00	2776.00	2775.00	2774.50	2774.00	2774.00	2773.50	2773.00	2773.00	2773.00	2773.00	2773.00	2773.00	2772.00	2772.00	2772.00	2772.00	2772.00	2771.00	2771.00	2771.00	2770.00	2770.00	2769.50	2769.00	2768.50	2768.00	2767.00	2767.00	2766.00	2766.00	2765.00	2765.00	2765.00	2764.00	2764.00	2764.00	2763.00	2763.00	2763.00	2762.00	2762.00	2762.00	2762.00	2762.00	2761.00	2761.00	2760.50	2760.00	2759.00	2758.50	2758.00
2881.50	2881.00	2880.00	2880.00	2879.00	2879.00	2878.00	2877.00	2876.50	2876.00	2875.50	2875.00	2874.00	2874.00	2873.00	2872.50	2872.00	2871.50	2871.00	2870.50	2870.00	2870.00	2870.00	2870.00	2870.00	2870.00	2870.00	2870.00	2870.00	2870.00	2870.00	2869.00	2869.00	2868.50	2867.50	2867.00	2867.00	2866.00	2865.50	2865.00	2864.00	2863.50	2863.00	2862.00	2862.00	2861.00	2861.00	2860.50	2860.00	2859.00	2858.50	2858.00	2858.00	2856.50	2856.00	2856.00	2855.00	2854.50	2854.00	2853.00	2852.50	2852.00	2851.00	2850.50	2850.00	2850.00	2849.50	2849.00	2849.00	2849.00	2848.00	2848.00	2848.00	2847.50	2847.00	2847.00	2847.00	2847.00	2846.00	2846.00	2845.50	2845.00	2845.00	2844.00	2844.00	2843.00	2842.00	2840.50	2840.00	2839.50	2838.00	2836.00	2834.00	2833.00	2831.50	2830.50	2828.00	2826.50	2825.50	2824.00	2822.50	2821.50	2820.00	2819.00	2818.50	2817.00	2816.00	2815.50	2815.00	2814.50	2814.00	2814.00	2813.00	2813.00	2813.00	2812.00	2812.00	2812.00	2811.00	2811.00	2811.00	2811.00	2810.00	2810.00	2810.00	2810.00	2810.00	2809.50	2809.00	2809.00	2808.00	2808.00	2808.00	2807.00	2807.00	2807.00	2806.50	2806.00	2806.00	2805.00	2805.00	2804.50	2804.00	2803.00	2803.00	2802.50	2802.00	2801.50	2800.50	2800.00	2799.00	2798.50	2798.00	2797.00	2797.00	2796.00	2795.50	2795.00	2795.00	2795.00	2795.00	2795.00	2795.00	2795.00	2795.00	2795.00	2795.00	2795.00	2795.00	2795.00	2796.00	2795.00	2795.00	2795.00	2795.00	2795.00	2794.50	2794.00	2794.00	2793.00	2792.50	2791.50	2790.50	2790.00	2789.00	2788.00	2787.00	2787.00	2786.00	2785.50	2784.50	2784.00	2783.50	2783.00	2782.00	2781.00	2781.00	2780.00	2779.50	2779.00	2778.00	2777.50	2777.00	2776.00	2776.00	2776.00	2775.00	2774.50	2774.00	2774.00	2773.50	2773.00	2773.00	2773.00	2773.00	2773.00	2773.00	2772.00	2772.00	2772.00	2772.00	2772.00	2771.00	2771.00	2771.00	2770.00	2770.00	2769.50	2769.00	2768.50	2768.00	2767.00	2767.00	2766.00	2766.00	2765.00	2765.00	2765.00	2764.00	2764.00	2764.00	2763.00	2763.00	2763.00	2762.00	2762.00	2762.00	2762.00	2762.00	2761.00	2761.00	2760.50	2760.00	2759.00	2758.50	2758.00
2880.75	2880.50	2879.50	2879.50	2878.50	2878.50	2877.75	2877.00	2876.25	2875.75	2875.25	2874.50	2873.75	2873.50	2873.00	2872.25	2871.75	2871.25	2871.00	2870.50	2870.00	2870.00	2870.00	2870.00	2870.00	2870.00	2870.00	2870.00	2869.50	2869.50	2869.50	2868.50	2868.50	2868.00	2867.25	2866.75	2866.50	2865.50	2864.75	2864.00	2863.25	2862.75	2862.25	2861.50	2861.00	2860.00	2860.00	2859.25	2859.00	2858.00	2857.50	2857.00	2856.50	2855.75	2855.25	2855.00	2854.25	2853.75	2853.00	2852.00	2851.50	2851.00	2850.00	2849.50	2849.00	2848.75	2848.25	2848.00	2847.50	2847.50	2847.00	2847.00	2846.75	2846.25	2846.00	2846.00	2845.50	2845.50	2844.75	2844.50	2844.25	2843.75	2843.50	2842.50	2842.50	2841.50	2840.50	2839.00	2838.50	2838.00	2836.50	2834.75	2832.50	2831.50	2830.00	2829.00	2826.50	2825.00	2824.00	2822.50	2821.25	2820.50	2819.00	2818.25	2817.75	2816.50	2816.00	2815.25	2815.00	2814.25	2814.00	2814.00	2813.00	2813.00	2813.00	2812.00	2812.00	2812.00	2811.50	2811.25	2811.00	2811.00	2810.50	2810.50	2810.00	2810.00	2810.00	2809.50	2809.00	2809.00	2808.00	2808.00	2808.00	2807.00	2807.00	2807.00	2806.50	2806.00	2806.00	2805.00	2805.00	2804.25	2804.00	2803.00	2802.75	2802.25	2802.00	2801.25	2800.50	2800.00	2799.25	2798.75	2798.50	2797.50	2797.25	2796.50	2796.00	2795.50	2795.50	2795.25	2795.00	2795.00	2795.00	2795.00	2795.00	2795.50	2795.50	2795.50	2795.50	2795.50	2796.00	2795.50	2795.50	2795.50	2795.50	2795.00	2794.75	2794.00	2794.00	2793.00	2792.50	2791.50	2790.75	2790.50	2789.50	2788.75	2788.00	2787.50	2786.75	2786.00	2785.00	2784.50	2784.00	2783.00	2782.00	2781.25	2781.00	2780.00	2779.50	2779.00	2778.00	2777.50	2777.00	2776.00	2775.75	2775.50	2774.50	2774.00	2773.50	2773.50	2772.75	2772.25	2772.00	2772.00	2772.00	2772.00	2772.00	2771.00	2771.00	2771.00	2771.00	2771.00	2770.50	2770.50	2770.00	2769.50	2769.50	2769.00	2768.50	2768.00	2767.50	2767.00	2766.50	2766.00	2765.50	2765.00	2764.75	2764.50	2764.00	2764.00	2763.50	2763.00	2762.75	2762.50	2762.00	2762.00	2762.00	2762.00	2761.50	2761.00	2761.00	2760.75	2760.25	2759.25	2758.75	2758.25
2880.00	2880.00	2879.00	2879.00	2878.00	2878.00	2877.50	2877.00	2876.00	2875.50	2875.00	2874.00	2873.50	2873.00	2873.00	2872.00	2871.50	2871.00	2871.00	2870.50	2870.00	2870.00	2870.00	2870.00	2870.00	2870.00	2870.00	2870.00	2869.00	2869.00	2869.00	2868.00	2868.00	2867.50	2867.00	2866.50	2866.00	2865.00	2864.00	2863.00	2862.50	2862.00	2861.50	2861.00	2860.00	2859.00	2859.00	2858.00	2858.00	2857.00	2856.50	2856.00	2855.00	2855.00	2854.50	2854.00	2853.50	2853.00	2852.00	2851.00	2850.50	2850.00	2849.00	2848.50	2848.00	2847.50	2847.00	2847.00	2846.00	2846.00	2846.00	2846.00	2845.50	2845.00	2845.00	2845.00	2844.00	2844.00	2843.50	2843.00	2843.00	2842.50	2842.00	2841.00	2841.00	2840.00	2839.00	2837.50	2837.00	2836.50	2835.00	2833.50	2831.00	2830.00	2828.50	2827.50	2825.00	2823.50	2822.50	2821.00	2820.00	2819.50	2818.00	2817.50	2817.00	2816.00	2816.00	2815.00	2815.00	2814.00	2814.00	2814.00	2813.00	2813.00	2813.00	2812.00	2812.00	2812.00	2812.00	2811.50	2811.00	2811.00	2811.00	2811.00	2810.00	2810.00	2810.00	2809.50	2809.00	2809.00	2808.00	2808.00	2808.00	2807.00	2807.00	2807.00	2806.50	2806.00	2806.00	2805.00	2805.00	2804.00	2804.00	2803.00	2802.50	2802.00	2802.00	2801.00	2800.50	2800.00	2799.50	2799.00	2799.00	2798.00	2797.50	2797.00	2796.50	2796.00	2796.00	2795.50	2795.00	2795.00	2795.00	2795.00	2795.00	2796.00	2796.00	2796.00	2796.00	2796.00	2796.00	2796.00	2796.00	2796.00	2796.00	2795.00	2795.00	2794.00	2794.00	2793.00	2792.50	2791.50	2791.00	2791.00	2790.00	2789.50	2789.00	2788.00	2787.50	2786.50	2785.50	2785.00	2784.50	2783.00	2782.00	2781.50	2781.00	2780.00	2779.50	2779.00	2778.00	2777.50	2777.00	2776.00	2775.50	2775.00	2774.00	2773.50	2773.00	2773.00	2772.00	2771.50	2771.00	2771.00	2771.00	2771.00	2771.00	2770.00	2770.00	2770.00	2770.00	2770.00	2770.00	2770.00	2769.00	2769.00	2769.00	2768.50	2768.00	2767.50	2767.00	2767.00	2766.00	2766.00	2765.00	2765.00	2764.50	2764.00	2764.00	2764.00	2763.00	2763.00	2762.50	2762.00	2762.00	2762.00	2762.00	2762.00	2761.00	2761.00	2761.00	2761.00	2760.50	2759.50	2759.00	2758.50
2880.00	2880.00	2879.00	2879.00	2878.00	2878.00	2877.50	2877.00	2876.00	2875.50	2875.00	2874.00	2873.50	2873.00	2873.00	2872.00	2871.50	2871.00	2871.00	2870.50	2870.00	2870.00	2870.00	2870.00	2870.00	2870.00	2870.00	2870.00	2869.00	2869.00	2869.00	2868.00	2868.00	2867.50	2867.00	2866.50	2866.00	2865.00	2864.00	2863.00	2862.50	2862.00	2861.50	2861.00	2860.00	2859.00	2859.00	2858.00	2858.00	2857.00	2856.50	2856.00	2855.00	2855.00	2854.50	2854.00	2853.50	2853.00	2852.00	2851.00	2850.50	2850.00	2849.00	2848.50	2848.00	2847.50	2847.00	2847.00	2846.00	2846.00	2846.00	2846.00	2845.50	2845.00	2845.00	2845.00	2844.00	2844.00	2843.50	2843.00	2843.00	2842.50	2842.00	2841.00	2841.00	2840.00	2839.00	2837.50	2837.00	2836.50	2835.00	2833.50	2831.00	2830.00	2828.50	2827.50	2825.00	2823.50	2822.50	2821.00	2820.00	2819.50	2818.00	2817.50	2817.00	2816.00	2816.00	2815.00	2815.00	2814.00	2814.00	2814.00	2813.00	2813.00	2813.00	2812.00	2812.00	2812.00	2812.00	2811.50	2811.00	2811.00	2811.00	2811.00	2810.00	2810.00	2810.00	2809.50	2809.00	2809.00	2808.00	2808.00	2808.00	2807.00	2807.00	2807.00	2806.50	2806.00	2806.00	2805.00	2805.00	2804.00	2804.00	2803.00	2802.50	2802.00	2802.00	2801.00	2800.50	2800.00	2799.50	2799.00	2799.00	2798.00	2797.50	2797.00	2796.50	2796.00	2796.00	2795.50	2795.00	2795.00	2795.00	2795.00	2795.00	2796.00	2796.00	2796.00	2796.00	2796.00	2796.00	2796.00	2796.00	2796.00	2796.00	2795.00	2795.00	2794.00	2794.00	2793.00	2792.50	2791.50	2791.00	2791.00	2790.00	2789.50	2789.00	2788.00	2787.50	2786.50	2785.50	2785.00	2784.50	2783.00	2782.00	2781.50	2781.00	2780.00	2779.50	2779.00	2778.00	2777.50	2777.00	2776.00	2775.50	2775.00	2774.00	2773.50	2773.00	2773.00	2772.00	2771.50	2771.00	2771.00	2771.00	2771.00	2771.00	2770.00	2770.00	2770.00	2770.00	2770.00	2770.00	2770.00	2769.00	2769.00	2769.00	2768.50	2768.00	2767.50	2767.00	2767.00	2766.00	2766.00	2765.00	2765.00	2764.50	2764.00	2764.00	2764.00	2763.00	2763.00	2762.50	2762.00	2762.00	2762.00	2762.00	2762.00	2761.00	2761.00	2761.00	2761.00	2760.50	2759.50	2759.00	2758.50
2880.00	2880.00	2879.00	2879.00	2878.00	2878.00	2877.50	2877.00	2876.00	2875.50	2875.00	2874.00	2873.50	2873.00	2873.00	2872.00	2871.50	2871.00	2871.00	2870.50	2870.00	2870.00	2870.00	2870.00	2870.00	2870.00	2870.00	2870.00	2869.00	2869.00	2869.00	2868.00	2868.00	2867.50	2867.00	2866.50	2866.00	2865.00	2864.00	2863.00	2862.50	2862.00	2861.50	2861.00	2860.00	2859.00	2859.00	2858.00	2858.00	2857.00	2856.50	2856.00	2855.00	2855.00	2854.50	2854.00	2853.50	2853.00	2852.00	2851.00	2850.50	2850.00	2849.00	2848.50	2848.00	2847.50	2847.00	2847.00	2846.00	2846.00	2846.00	2846.00	2845.50	2845.00	2845.00	2845.00	2844.00	2844.00	2843.50	2843.00	2843.00	2842.50	2842.00	2841.00	2841.00	2840.00	2839.00	2837.50	2837.00	2836.50	2835.00	2833.50	2831.00	2830.00	2828.50	2827.50	2825.00	2823.50	2822.50	2821.00	2820.00	2819.50	2818.00	2817.50	2817.00	2816.00	2816.00	2815.00	2815.00	2814.00	2814.00	2814.00	2813.00	2813.00	2813.00	2812.00	2812.00	2812.00	2812.00	2811.50	2811.00	2811.00	2811.00	2811.00	2810.00	2810.00	2810.00	2809.50	2809.00	2809.00	2808.00	2808.00	2808.00	2807.00	2807.00	2807.00	2806.50	2806.00	2806.00	2805.00	2805.00	2804.00	2804.00	2803.00	2802.50	2802.00	2802.00	2801.00	2800.50	2800.00	2799.50	2799.00	2799.00	2798.00	2797.50	2797.00	2796.50	2796.00	2796.00	2795.50	2795.00	2795.00	2795.00	2795.00	2795.00	2796.00	2796.00	2796.00	2796.00	2796.00	2796.00	2796.00	2796.00	2796.00	2796.00	2795.00	2795.00	2794.00	2794.00	2793.00	2792.50	2791.50	2791.00	2791.00	2790.00	2789.50	2789.00	2788.00	2787.50	2786.50	2785.50	2785.00	2784.50	2783.00	2782.00	2781.50	2781.00	2780.00	2779.50	2779.00	2778.00	2777.50	2777.00	2776.00	2775.50	2775.00	2774.00	2773.50	2773.00	2773.00	2772.00	2771.50	2771.00	2771.00	2771.00	2771.00	2771.00	2770.00	2770.00	2770.00	2770.00	2770.00	2770.00	2770.00	2769.00	2769.00	2769.00	2768.50	2768.00	2767.50	2767.00	2767.00	2766.00	2766.00	2765.00	2765.00	2764.50	2764.00	2764.00	2764.00	2763.00	2763.00	2762.50	2762.00	2762.00	2762.00	2762.00	2762.00	2761.00	2761.00	2761.00	2761.00	2760.50	2759.50	2759.00	2758.50
2879.50	2879.50	2878.50	2878.50	2878.00	2877.50	2877.00	2876.50	2875.75	2875.25	2874.75	2874.00	2873.25	2872.50	2872.50	2871.50	2871.25	2870.75	2870.50	2870.25	2870.00	2870.00	2869.75	2869.50	2869.50	2869.50	2869.50	2869.50	2868.75	2868.50	2868.50	2867.75	2867.50	2867.00	2866.50	2866.00	2865.50	2864.50	2863.50	2862.50	2861.75	2861.25	2860.50	2859.50	2858.75	2858.00	2857.50	2856.75	2856.50	2855.50	2855.00	2854.50	2853.50	2853.50	2853.00	2852.50	2852.00	2851.50	2851.00	2850.00	2849.50	2849.00	2848.00	2847.50	2846.75	2846.25	2846.00	2846.00	2845.00	2845.00	2845.00	2845.00	2844.75	2844.25	2844.00	2844.00	2843.00	2843.00	2842.50	2842.00	2841.75	2841.25	2840.75	2840.00	2839.50	2838.75	2837.50	2836.25	2835.75	2835.00	2833.50	2832.00	2830.00	2829.00	2827.00	2826.00	2824.25	2823.00	2822.00	2820.50	2819.25	2818.75	2817.50	2817.00	2816.50	2816.00	2815.50	2815.00	2815.00	2814.00	2814.00	2814.00	2813.00	2813.00	2813.00	2812.50	2812.50	2812.25	2812.00	2811.75	2811.50	2811.50	2811.00	2811.00	2810.00	2810.00	2809.75	2809.25	2809.00	2808.75	2808.00	2808.00	2807.75	2807.00	2807.00	2806.75	2806.25	2806.00	2805.75	2805.00	2805.00	2804.25	2804.00	2803.25	2802.75	2802.50	2802.00	2801.25	2800.75	2800.50	2799.75	2799.50	2799.00	2798.50	2798.00	2797.50	2797.25	2796.75	2796.50	2796.25	2796.00	2796.00	2796.00	2795.50	2795.50	2796.00	2796.00	2796.00	2796.00	2796.00	2796.00	2796.00	2795.75	2795.50	2795.50	2794.50	2794.50	2793.50	2793.50	2792.75	2792.25	2791.50	2791.00	2791.00	2790.00	2789.75	2789.50	2788.50	2788.00	2787.25	2786.50	2785.75	2785.25	2784.00	2783.00	2782.50	2781.50	2780.75	2780.00	2779.50	2778.50	2777.75	2777.00	2775.75	2775.25	2774.75	2773.75	2773.25	2772.50	2772.50	2771.50	2771.25	2770.50	2770.50	2770.25	2770.00	2770.00	2769.50	2769.50	2769.25	2769.00	2769.00	2769.00	2769.00	2768.50	2768.00	2768.00	2767.75	2767.25	2766.75	2766.50	2766.50	2766.00	2765.50	2765.00	2764.50	2764.25	2764.00	2763.50	2763.50	2763.00	2762.50	2762.25	2762.00	2762.00	2762.00	2762.00	2761.50	2761.00	2760.50	2760.50	2760.50	2760.00	2759.25	2758.75	2758.25
2879.00	2879.00	2878.00	2878.00	2878.00	2877.00	2876.50	2876.00	2875.50	2875.00	2874.50	2874.00	2873.00	2872.00	2872.00	2871.00	2871.00	2870.50	2870.00	2870.00	2870.00	2870.00	2869.50	2869.00	2869.00	2869.00	2869.00	2869.00	2868.50	2868.00	2868.00	2867.50	2867.00	2866.50	2866.00	2865.50	2865.00	2864.00	2863.00	2862.00	2861.00	2860.50	2859.50	2858.00	2857.50	2857.00	2856.00	2855.50	2855.00	2854.00	2853.50	2853.00	2852.00	2852.00	2851.50	2851.00	2850.50	2850.00	2850.00	2849.00	2848.50	2848.00	2847.00	2846.50	2845.50	2845.00	2845.00	2845.00	2844.00	2844.00	2844.00	2844.00	2844.00	2843.50	2843.00	2843.00	2842.00	2842.00	2841.50	2841.00	2840.50	2840.00	2839.50	2839.00	2838.00	2837.50	2836.00	2835.00	2834.50	2833.50	2832.00	2830.50	2829.00	2828.00	2825.50	2824.50	2823.50	2822.50	2821.50	2820.00	2818.50	2818.00	2817.00	2816.50	2816.00	2816.00	2815.00	2815.00	2815.00	2814.00	2814.00	2814.00	2813.00	2813.00	2813.00	2813.00	2813.00	2812.50	2812.00	2812.00	2812.00	2812.00	2811.00	2811.00	2810.00	2810.00	2809.50	2809.00	2809.00	2808.50	2808.00	2808.00	2807.50	2807.00	2807.00	2806.50	2806.00	2806.00	2805.50	2805.00	2805.00	2804.50	2804.00	2803.50	2803.00	2803.00	2802.00	2801.50	2801.00	2801.00	2800.00	2800.00	2799.00	2799.00	2798.50	2798.00	2798.00	2797.50	2797.00	2797.00	2797.00	2797.00	2797.00	2796.00	2796.00	2796.00	2796.00	2796.00	2796.00	2796.00	2796.00	2796.00	2795.50	2795.00	2795.00	2794.00	2794.00	2793.00	2793.00	2792.50	2792.00	2791.50	2791.00	2791.00	2790.00	2790.00	2790.00	2789.00	2788.50	2788.00	2787.50	2786.50	2786.00	2785.00	2784.00	2783.50	2782.00	2781.50	2780.50	2780.00	2779.00	2778.00	2777.00	2775.50	2775.00	2774.50	2773.50	2773.00	2772.00	2772.00	2771.00	2771.00	2770.00	2770.00	2769.50	2769.00	2769.00	2769.00	2769.00	2768.50	2768.00	2768.00	2768.00	2768.00	2768.00	2767.00	2767.00	2767.00	2766.50	2766.00	2766.00	2766.00	2766.00	2765.00	2765.00	2764.00	2764.00	2764.00	2763.00	2763.00	2763.00	2762.00	2762.00	2762.00	2762.00	2762.00	2762.00	2761.00	2761.00	2760.00	2760.00	2760.00	2759.50	2759.00	2758.50	2758.00
2879.00	2879.00	2878.00	2878.00	2878.00	2877.00	2876.50	2876.00	2875.50	2875.00	2874.50	2874.00	2873.00	2872.00	2872.00	2871.00	2871.00	2870.50	2870.00	2870.00	2870.00	2870.00	2869.50	2869.00	2869.00	2869.00	2869.00	2869.00	2868.50	2868.00	2868.00	2867.50	2867.00	2866.50	2866.00	2865.50	2865.00	2864.00	2863.00	2862.00	2861.00	2860.50	2859.50	2858.00	2857.50	2857.00	2856.00	2855.50	2855.00	2854.00	2853.50	2853.00	2852.00	2852.00	2851.50	2851.00	2850.50	2850.00	2850.00	2849.00	2848.50	2848.00	2847.00	2846.50	2845.50	2845.00	2845.00	2845.00	2844.00	2844.00	2844.00	2844.00	2844.00	2843.50	2843.00	2843.00	2842.00	2842.00	2841.50	2841.00	2840.50	2840.00	2839.50	2839.00	2838.00	2837.50	2836.00	2835.00	2834.50	2833.50	2832.00	2830.50	2829.00	2828.00	2825.50	2824.50	2823.50	2822.50	2821.50	2820.00	2818.50	2818.00	2817.00	2816.50	2816.00	2816.00	2815.00	2815.00	2815.00	2814.00	2814.00	2814.00	2813.00	2813.00	2813.00	2813.00	2813.00	2812.50	2812.00	2812.00	2812.00	2812.00	2811.00	2811.00	2810.00	2810.00	2809.50	2809.00	2809.00	2808.50	2808.00	2808.00	2807.50	2807.00	2807.00	2806.50	2806.00	2806.00	2805.50	2805.00	2805.00	2804.50	2804.00	2803.50	2803.00	2803.00	2802.00	2801.50	2801.00	2801.00	2800.00	2800.00	2799.00	2799.00	2798.50	2798.00	2798.00	2797.50	2797.00	2797.00	2797.00	2797.00	2797.00	2796.00	2796.00	2796.00	2796.00	2796.00	2796.00	2796.00	2796.00	2796.00	2795.50	2795.00	2795.00	2794.00	2794.00	2793.00	2793.00	2792.50	2792.00	2791.50	2791.00	2791.00	2790.00	2790.00	2790.00	2789.00	2788.50	2788.00	2787.50	2786.50	2786.00	2785.00	2784.00	2783.50	2782.00	2781.50	2780.50	2780.00	2779.00	2778.00	2777.00	2775.50	2775.00	2774.50	2773.50	2773.00	2772.00	2772.00	2771.00	2771.00	2770.00	2770.00	2769.50	2769.00	2769.00	2769.00	2769.00	2768.50	2768.00	2768.00	2768.00	2768.00	2768.00	2767.00	2767.00	2767.00	2766.50	2766.00	2766.00	2766.00	2766.00	2765.00	2765.00	2764.00	2764.00	2764.00	2763.00	2763.00	2763.00	2762.00	2762.00	2762.00	2762.00	2762.00	2762.00	2761.00	2761.00	2760.00	2760.00	2760.00	2759.50	2759.00	2758.50	2758.00
2879.00	2879.00	2878.00	2878.00	2878.00	2877.00	2876.50	2876.00	2875.50	2875.00	2874.50	2874.00	2873.00	2872.00	2872.00	2871.00	2871.00	2870.50	2870.00	2870.00	2870.00	2870.00	2869.50	2869.00	2869.00	2869.00	2869.00	2869.00	2868.50	2868.00	2868.00	2867.50	2867.00	2866.50	2866.00	2865.50	2865.00	2864.00	2863.00	2862.00	2861.00	2860.50	2859.50	2858.00	2857.50	2857.00	2856.00	2855.50	2855.00	2854.00	2853.50	2853.00	2852.00	2852.00	2851.50	2851.00	2850.50	2850.00	2850.00	2849.00	2848.50	2848.00	2847.00	2846.50	2845.50	2845.00	2845.00	2845.00	2844.00	2844.00	2844.00	2844.00	2844.00	2843.50	2843.00	2843.00	2842.00	2842.00	2841.50	2841.00	2840.50	2840.00	2839.50	2839.00	2838.00	2837.50	2836.00	2835.00	2834.50	2833.50	2832.00	2830.50	2829.00	2828.00	2825.50	2824.50	2823.50	2822.50	2821.50	2820.00	2818.50	2818.00	2817.00	2816.50	2816.00	2816.00	2815.00	2815.00	2815.00	2814.00	2814.00	2814.00	2813.00	2813.00	2813.00	2813.00	2813.00	2812.50	2812.00	2812.00	2812.00	2812.00	2811.00	2811.00	2810.00	2810.00	2809.50	2809.00	2809.00	2808.50	2808.00	2808.00	2807.50	2807.00	2807.00	2806.50	2806.00	2806.00	2805.50	2805.00	2805.00	2804.50	2804.00	2803.50	2803.00	2803.00	2802.00	2801.50	2801.00	2801.00	2800.00	2800.00	2799.00	2799.00	2798.50	2798.00	2798.00	2797.50	2797.00	2797.00	2797.00	2797.00	2797.00	2796.00	2796.00	2796.00	2796.00	2796.00	2796.00	2796.00	2796.00	2796.00	2795.50	2795.00	2795.00	2794.00	2794.00	2793.00	2793.00	2792.50	2792.00	2791.50	2791.00	2791.00	2790.00	2790.00	2790.00	2789.00	2788.50	2788.00	2787.50	2786.50	2786.00	2785.00	2784.00	2783.50	2782.00	2781.50	2780.50	2780.00	2779.00	2778.00	2777.00	2775.50	2775.00	2774.50	2773.50	2773.00	2772.00	2772.00	2771.00	2771.00	2770.00	2770.00	2769.50	2769.00	2769.00	2769.00	2769.00	2768.50	2768.00	2768.00	2768.00	2768.00	2768.00	2767.00	2767.00	2767.00	2766.50	2766.00	2766.00	2766.00	2766.00	2765.00	2765.00	2764.00	2764.00	2764.00	2763.00	2763.00	2763.00	2762.00	2762.00	2762.00	2762.00	2762.00	2762.00	2761.00	2761.00	2760.00	2760.00	2760.00	2759.50	2759.00	2758.50	2758.00
2879.00	2879.00	2878.00	2878.00	2878.00	2877.00	2876.50	2876.00	2875.50	2875.00	2874.50	2874.00	2873.00	2872.00	2872.00	2871.00	2871.00	2870.50	2870.00	2870.00	2870.00	2870.00	2869.50	2869.00	2869.00	2869.00	2869.00	2869.00	2868.50	2868.00	2868.00	2867.50	2867.00	2866.50	2866.00	2865.50	2865.00	2864.00	2863.00	2862.00	2861.00	2860.50	2859.50	2858.00	2857.50	2857.00	2856.00	2855.50	2855.00	2854.00	2853.50	2853.00	2852.00	2852.00	2851.50	2851.00	2850.50	2850.00	2850.00	2849.00	2848.50	2848.00	2847.00	2846.50	2845.50	2845.00	2845.00	2845.00	2844.00	2844.00	2844.00	2844.00	2844.00	2843.50	2843.00	2843.00	2842.00	2842.00	2841.50	2841.00	2840.50	2840.00	2839.50	2839.00	2838.00	2837.50	2836.00	2835.00	2834.50	2833.50	2832.00	2830.50	2829.00	2828.00	2825.50	2824.50	2823.50	2822.50	2821.50	2820.00	2818.50	2818.00	2817.00	2816.50	2816.00	2816.00	2815.00	2815.00	2815.00	2814.00	2814.00	2814.00	2813.00	2813.00	2813.00	2813.00	2813.00	2812.50	2812.00	2812.00	2812.00	2812.00	2811.00	2811.00	2810.00	2810.00	2809.50	2809.00	2809.00	2808.50	2808.00	2808.00	2807.50	2807.00	2807.00	2806.50	2806.00	2806.00	2805.50	2805.00	2805.00	2804.50	2804.00	2803.50	2803.00	2803.00	2802.00	2801.50	2801.00	2801.00	2800.00	2800.00	2799.00	2799.00	2798.50	2798.00	2798.00	2797.50	2797.00	2797.00	2797.00	2797.00	2797.00	2796.00	2796.00	2796.00	2796.00	2796.00	2796.00	2796.00	2796.00	2796.00	2795.50	2795.00	2795.00	2794.00	2794.00	2793.00	2793.00	2792.50	2792.00	2791.50	2791.00	2791.00	2790.00	2790.00	2790.00	2789.00	2788.50	2788.00	2787.50	2786.50	2786.00	2785.00	2784.00	2783.50	2782.00	2781.50	2780.50	2780.00	2779.00	2778.00	2777.00	2775.50	2775.00	2774.50	2773.50	2773.00	2772.00	2772.00	2771.00	2771.00	2770.00	2770.00	2769.50	2769.00	2769.00	2769.00	2769.00	2768.50	2768.00	2768.00	2768.00	2768.00	2768.00	2767.00	2767.00	2767.00	2766.50	2766.00	2766.00	2766.00	2766.00	2765.00	2765.00	2764.00	2764.00	2764.00	2763.00	2763.00	2763.00	2762.00	2762.00	2762.00	2762.00	2762.00	2762.00	2761.00	2761.00	2760.00	2760.00	2760.00	2759.50	2759.00	2758.50	2758.00
2879.00	2879.00	2878.00	2878.00	2878.00	2877.00	2876.50	2876.00	2875.50	2875.00	2874.50	2874.00	2873.00	2872.00	2872.00	2871.00	2871.00	2870.50	2870.00	2870.00	2870.00	2870.00	2869.50	2869.00	2869.00	2869.00	2869.00	2869.00	2868.50	2868.00	2868.00	2867.50	2867.00	2866.50	2866.00	2865.50	2865.00	2864.00	2863.00	2862.00	2861.00	2860.50	2859.50	2858.00	2857.50	2857.00	2856.00	2855.50	2855.00	2854.00	2853.50	2853.00	2852.00	2852.00	2851.50	2851.00	2850.50	2850.00	2850.00	2849.00	2848.50	2848.00	2847.00	2846.50	2845.50	2845.00	2845.00	2845.00	2844.00	2844.00	2844.00	2844.00	2844.00	2843.50	2843.00	2843.00	2842.00	2842.00	2841.50	2841.00	2840.50	2840.00	2839.50	2839.00	2838.00	2837.50	2836.00	2835.00	2834.50	2833.50	2832.00	2830.50	2829.00	2828.00	2825.50	2824.50	2823.50	2822.50	2821.50	2820.00	2818.50	2818.00	2817.00	2816.50	2816.00	2816.00	2815.00	2815.00	2815.00	2814.00	2814.00	2814.00	2813.00	2813.00	2813.00	2813.00	2813.00	2812.50	2812.00	2812.00	2812.00	2812.00	2811.00	2811.00	2810.00	2810.00	2809.50	2809.00	2809.00	2808.50	2808.00	2808.00	2807.50	2807.00	2807.00	2806.50	2806.00	2806.00	2805.50	2805.00	2805.00	2804.50	2804.00	2803.50	2803.00	2803.00	2802.00	2801.50	2801.00	2801.00	2800.00	2800.00	2799.00	2799.00	2798.50	2798.00	2798.00	2797.50	2797.00	2797.00	2797.00	2797.00	2797.00	2796.00	2796.00	2796.00	2796.00	2796.00	2796.00	2796.00	2796.00	2796.00	2795.50	2795.00	2795.00	2794.00	2794.00	2793.00	2793.00	2792.50	2792.00	2791.50	2791.00	2791.00	2790.00	2790.00	2790.00	2789.00	2788.50	2788.00	2787.50	2786.50	2786.00	2785.00	2784.00	2783.50	2782.00	2781.50	2780.50	2780.00	2779.00	2778.00	2777.00	2775.50	2775.00	2774.50	2773.50	2773.00	2772.00	2772.00	2771.00	2771.00	2770.00	2770.00	2769.50	2769.00	2769.00	2769.00	2769.00	2768.50	2768.00	2768.00	2768.00	2768.00	2768.00	2767.00	2767.00	2767.00	2766.50	2766.00	2766.00	2766.00	2766.00	2765.00	2765.00	2764.00	2764.00	2764.00	2763.00	2763.00	2763.00	2762.00	2762.00	2762.00	2762.00	2762.00	2762.00	2761.00	2761.00	2760.00	2760.00	2760.00	2759.50	2759.00	2758.50	2758.00
2879.00	2879.00	2878.00	2878.00	2878.00	2877.00	2876.50	2876.00	2875.50	2875.00	2874.50	2874.00	2873.00	2872.00	2872.00	2871.00	2871.00	2870.50	2870.00	2870.00	2870.00	2870.00	2869.50	2869.00	2869.00	2869.00	2869.00	2869.00	2868.50	2868.00	2868.00	2867.50	2867.00	2866.50	2866.00	2865.50	2865.00	2864.00	2863.00	2862.00	2861.00	2860.50	2859.50	2858.00	2857.50	2857.00	2856.00	2855.50	2855.00	2854.00	2853.50	2853.00	2852.00	2852.00	2851.50	2851.00	2850.50	2850.00	2850.00	2849.00	2848.50	2848.00	2847.00	2846.50	2845.50	2845.00	2845.00	2845.00	2844.00	2844.00	2844.00	2844.00	2844.00	2843.50	2843.00	2843.00	2842.00	2842.00	2841.50	2841.00	2840.50	2840.00	2839.50	2839.00	2838.00	2837.50	2836.00	2835.00	2834.50	2833.50	2832.00	2830.50	2829.00	2828.00	2825.50	2824.50	2823.50	2822.50	2821.50	2820.00	2818.50	2818.00	2817.00	2816.50	2816.00	2816.00	2815.00	2815.00	2815.00	2814.00	2814.00	2814.00	2813.00	2813.00	2813.00	2813.00	2813.00	2812.50	2812.00	2812.00	2812.00	2812.00	2811.00	2811.00	2810.00	2810.00	2809.50	2809.00	2809.00	2808.50	2808.00	2808.00	2807.50	2807.00	2807.00	2806.50	2806.00	2806.00	2805.50	2805.00	2805.00	2804.50	2804.00	2803.50	2803.00	2803.00	2802.00	2801.50	2801.00	2801.00	2800.00	2800.00	2799.00	2799.00	2798.50	2798.00	2798.00	2797.50	2797.00	2797.00	2797.00	2797.00	2797.00	2796.00	2796.00	2796.00	2796.00	2796.00	2796.00	2796.00	2796.00	2796.00	2795.50	2795.00	2795.00	2794.00	2794.00	2793.00	2793.00	2792.50	2792.00	2791.50	2791.00	2791.00	2790.00	2790.00	2790.00	2789.00	2788.50	2788.00	2787.50	2786.50	2786.00	2785.00	2784.00	2783.50	2782.00	2781.50	2780.50	2780.00	2779.00	2778.00	2777.00	2775.50	2775.00	2774.50	2773.50	2773.00	2772.00	2772.00	2771.00	2771.00	2770.00	2770.00	2769.50	2769.00	2769.00	2769.00	2769.00	2768.50	2768.00	2768.00	2768.00	2768.00	2768.00	2767.00	2767.00	2767.00	2766.50	2766.00	2766.00	2766.00	2766.00	2765.00	2765.00	2764.00	2764.00	2764.00	2763.00	2763.00	2763.00	2762.00	2762.00	2762.00	2762.00	2762.00	2762.00	2761.00	2761.00	2760.00	2760.00	2760.00	2759.50	2759.00	2758.50	2758.00
2879.00	2879.00	2878.00	2878.00	2878.00	2877.00	2876.50	2876.00	2875.50	2875.00	2874.50	2874.00	2873.00	2872.00	2872.00	2871.00	2871.00	2870.50	2870.00	2870.00	2870.00	2870.00	2869.50	2869.00	2869.00	2869.00	2869.00	2869.00	2868.50	2868.00	2868.00	2867.50	2867.00	2866.50	2866.00	2865.50	2865.00	2864.00	2863.00	2862.00	2861.00	2860.50	2859.50	2858.00	2857.50	2857.00	2856.00	2855.50	2855.00	2854.00	2853.50	2853.00	2852.00	2852.00	2851.50	2851.00	2850.50	2850.00	2850.00	2849.00	2848.50	2848.00	2847.00	2846.50	2845.50	2845.00	2845.00	2845.00	2844.00	2844.00	2844.00	2844.00	2844.00	2843.50	2843.00	2843.00	2842.00	2842.00	2841.50	2841.00	2840.50	2840.00	2839.50	2839.00	2838.00	2837.50	2836.00	2835.00	2834.50	2833.50	2832.00	2830.50	2829.00	2828.00	2825.50	2824.50	2823.50	2822.50	2821.50	2820.00	2818.50	2818.00	2817.00	2816.50	2816.00	2816.00	2815.00	2815.00	2815.00	2814.00	2814.00	2814.00	2813.00	2813.00	2813.00	2813.00	2813.00	2812.50	2812.00	2812.00	2812.00	2812.00	2811.00	2811.00	2810.00	2810.00	2809.50	2809.00	2809.00	2808.50	2808.00	2808.00	2807.50	2807.00	2807.00	2806.50	2806.00	2806.00	2805.50	2805.00	2805.00	2804.50	2804.00	2803.50	2803.00	2803.00	2802.00	2801.50	2801.00	2801.00	2800.00	2800.00	2799.00	2799.00	2798.50	2798.00	2798.00	2797.50	2797.00	2797.00	2797.00	2797.00	2797.00	2796.00	2796.00	2796.00	2796.00	2796.00	2796.00	2796.00	2796.00	2796.00	2795.50	2795.00	2795.00	2794.00	2794.00	2793.00	2793.00	2792.50	2792.00	2791.50	2791.00	2791.00	2790.00	2790.00	2790.00	2789.00	2788.50	2788.00	2787.50	2786.50	2786.00	2785.00	2784.00	2783.50	2782.00	2781.50	2780.50	2780.00	2779.00	2778.00	2777.00	2775.50	2775.00	2774.50	2773.50	2773.00	2772.00	2772.00	2771.00	2771.00	2770.00	2770.00	2769.50	2769.00	2769.00	2769.00	2769.00	2768.50	2768.00	2768.00	2768.00	2768.00	2768.00	2767.00	2767.00	2767.00	2766.50	2766.00	2766.00	2766.00	2766.00	2765.00	2765.00	2764.00	2764.00	2764.00	2763.00	2763.00	2763.00	2762.00	2762.00	2762.00	2762.00	2762.00	2762.00	2761.00	2761.00	2760.00	2760.00	2760.00	2759.50	2759.00	2758.50	2758.00
2878.50	2878.50	2877.75	2877.50	2877.50	2876.50	2876.25	2875.50	2875.00	2874.50	2874.25	2873.50	2872.75	2871.50	2871.50	2870.75	2870.50	2870.00	2869.50	2869.50	2869.00	2869.00	2868.75	2868.50	2868.50	2868.50	2868.50	2868.50	2868.25	2868.00	2867.50	2867.00	2866.50	2866.00	2865.50	2865.00	2864.00	2863.50	2862.25	2861.00	2859.75	2859.00	2858.25	2857.00	2856.00	2855.00	2854.50	2853.75	2853.25	2852.25	2851.75	2851.25	2850.50	2850.25	2849.75	2849.50	2848.75	2848.50	2848.50	2847.50	2847.25	2846.50	2845.75	2845.25	2844.75	2844.50	2844.25	2844.00	2843.50	2843.50	2843.00	2843.00	2843.00	2842.50	2842.00	2842.00	2841.50	2841.00	2840.75	2840.25	2839.75	2839.25	2838.75	2838.00	2837.00	2836.25	2835.00	2833.75	2833.00	2832.00	2830.50	2829.00	2827.50	2826.50	2824.50	2823.50	2822.25	2821.50	2820.50	2819.00	2818.00	2817.50	2816.50	2816.25	2816.00	2815.50	2815.00	2815.00	2815.00	2814.00	2814.00	2814.00	2813.50	2813.50	2813.50	2813.00	2813.00	2812.75	2812.50	2812.50	2812.25	2812.00	2811.50	2811.00	2810.50	2810.25	2809.75	2809.25	2809.00	2808.75	2808.50	2808.00	2807.75	2807.00	2807.00	2806.75	2806.25	2806.00	2805.75	2805.00	2805.00	2804.75	2804.25	2803.75	2803.25	2803.00	2802.50	2801.75	2801.25	2801.00	2800.25	2800.00	2799.50	2799.50	2798.75	2798.50	2798.50	2798.25	2798.00	2797.75	2797.50	2797.50	2797.50	2797.00	2797.00	2796.50	2796.50	2796.50	2796.00	2796.00	2796.00	2795.50	2795.25	2794.75	2794.50	2793.75	2793.50	2793.00	2792.50	2792.25	2791.75	2791.25	2790.75	2790.50	2790.00	2790.00	2789.50	2789.00	2788.75	2788.25	2787.75	2787.00	2786.50	2785.50	2785.00	2784.25	2783.00	2782.25	2781.50	2780.75	2779.50	2778.25	2777.00	2776.00	2775.25	2774.50	2773.50	2772.75	2772.00	2771.50	2770.75	2770.50	2769.75	2769.50	2769.25	2768.50	2768.50	2768.50	2768.00	2767.75	2767.50	2767.50	2767.00	2767.00	2767.00	2766.00	2766.00	2766.00	2765.75	2765.50	2765.50	2765.50	2765.50	2764.50	2764.50	2764.00	2764.00	2763.75	2763.00	2763.00	2762.50	2762.00	2762.00	2762.00	2762.00	2762.00	2761.75	2761.00	2761.00	2760.00	2760.00	2759.75	2759.25	2758.50	2758.25	2757.75
2878.00	2878.00	2877.50	2877.00	2877.00	2876.00	2876.00	2875.00	2874.50	2874.00	2874.00	2873.00	2872.50	2871.00	2871.00	2870.50	2870.00	2869.50	2869.00	2869.00	2868.00	2868.00	2868.00	2868.00	2868.00	2868.00	2868.00	2868.00	2868.00	2868.00	2867.00	2866.50	2866.00	2865.50	2865.00	2864.50	2863.00	2863.00	2861.50	2860.00	2858.50	2857.50	2857.00	2856.00	2854.50	2853.00	2853.00	2852.00	2851.50	2850.50	2850.00	2849.50	2849.00	2848.50	2848.00	2848.00	2847.00	2847.00	2847.00	2846.00	2846.00	2845.00	2844.50	2844.00	2844.00	2844.00	2843.50	2843.00	2843.00	2843.00	2842.00	2842.00	2842.00	2841.50	2841.00	2841.00	2841.00	2840.00	2840.00	2839.50	2839.00	2838.50	2838.00	2837.00	2836.00	2835.00	2834.00	2832.50	2831.50	2830.50	2829.00	2827.50	2826.00	2825.00	2823.50	2822.50	2821.00	2820.50	2819.50	2818.00	2817.50	2817.00	2816.00	2816.00	2816.00	2815.00	2815.00	2815.00	2815.00	2814.00	2814.00	2814.00	2814.00	2814.00	2814.00	2813.00	2813.00	2813.00	2813.00	2813.00	2812.50	2812.00	2812.00	2811.00	2811.00	2810.50	2810.00	2809.50	2809.00	2809.00	2809.00	2808.00	2808.00	2807.00	2807.00	2807.00	2806.50	2806.00	2806.00	2805.00	2805.00	2805.00	2804.50	2804.00	2803.50	2803.00	2803.00	2802.00	2801.50	2801.00	2800.50	2800.00	2800.00	2800.00	2799.00	2799.00	2799.00	2799.00	2799.00	2798.50	2798.00	2798.00	2798.00	2798.00	2798.00	2797.00	2797.00	2797.00	2796.00	2796.00	2796.00	2795.00	2795.00	2794.50	2794.00	2793.50	2793.00	2793.00	2792.00	2792.00	2791.50	2791.00	2790.50	2790.00	2790.00	2790.00	2789.00	2789.00	2789.00	2788.50	2788.00	2787.50	2787.00	2786.00	2786.00	2785.00	2784.00	2783.00	2782.50	2781.50	2780.00	2778.50	2777.00	2776.50	2775.50	2774.50	2773.50	2772.50	2772.00	2771.00	2770.50	2770.00	2769.50	2769.00	2769.00	2768.00	2768.00	2768.00	2767.00	2767.00	2767.00	2767.00	2766.00	2766.00	2766.00	2765.00	2765.00	2765.00	2765.00	2765.00	2765.00	2765.00	2765.00	2764.00	2764.00	2764.00	2764.00	2763.50	2763.00	2763.00	2762.00	2762.00	2762.00	2762.00	2762.00	2762.00	2761.50	2761.00	2761.00	2760.00	2760.00	2759.50	2759.00	2758.00	2758.00	2757.50
2878.00	2878.00	2877.50	2877.00	2877.00	2876.00	2876.00	2875.00	2874.50	2874.00	2874.00	2873.00	2872.50	2871.00	2871.00	2870.50	2870.00	2869.50	2869.00	2869.00	2868.00	2868.00	2868.00	2868.00	2868.00	2868.00	2868.00	2868.00	2868.00	2868.00	2867.00	2866.50	2866.00	2865.50	2865.00	2864.50	2863.00	2863.00	2861.50	2860.00	2858.50	2857.50	2857.00	2856.00	2854.50	2853.00	2853.00	2852.00	2851.50	2850.50	2850.00	2849.50	2849.00	2848.50	2848.00	2848.00	2847.00	2847.00	2847.00	2846.00	2846.00	2845.00	2844.50	2844.00	2844.00	2844.00	2843.50	2843.00	2843.00	2843.00	2842.00	2842.00	2842.00	2841.50	2841.00	2841.00	2841.00	2840.00	2840.00	2839.50	2839.00	2838.50	2838.00	2837.00	2836.00	2835.00	2834.00	2832.50	2831.50	2830.50	2829.00	2827.50	2826.00	2825.00	2823.50	2822.50	2821.00	2820.50	2819.50	2818.00	2817.50	2817.00	2816.00	2816.00	2816.00	2815.00	2815.00	2815.00	2815.00	2814.00	2814.00	2814.00	2814.00	2814.00	2814.00	2813.00	2813.00	2813.00	2813.00	2813.00	2812.50	2812.00	2812.00	2811.00	2811.00	2810.50	2810.00	2809.50	2809.00	2809.00	2809.00	2808.00	2808.00	2807.00	2807.00	2807.00	2806.50	2806.00	2806.00	2805.00	2805.00	2805.00	2804.50	2804.00	2803.50	2803.00	2803.00	2802.00	2801.50	2801.00	2800.50	2800.00	2800.00	2800.00	2799.00	2799.00	2799.00	2799.00	2799.00	2798.50	2798.00	2798.00	2798.00	2798.00	2798.00	2797.00	2797.00	2797.00	2796.00	2796.00	2796.00	2795.00	2795.00	2794.50	2794.00	2793.50	2793.00	2793.00	2792.00	2792.00	2791.50	2791.00	2790.50	2790.00	2790.00	2790.00	2789.00	2789.00	2789.00	2788.50	2788.00	2787.50	2787.00	2786.00	2786.00	2785.00	2784.00	2783.00	2782.50	2781.50	2780.00	2778.50	2777.00	2776.50	2775.50	2774.50	2773.50	2772.50	2772.00	2771.00	2770.50	2770.00	2769.50	2769.00	2769.00	2768.00	2768.00	2768.00	2767.00	2767.00	2767.00	2767.00	2766.00	2766.00	2766.00	2765.00	2765.00	2765.00	2765.00	2765.00	2765.00	2765.00	2765.00	2764.00	2764.00	2764.00	2764.00	2763.50	2763.00	2763.00	2762.00	2762.00	2762.00	2762.00	2762.00	2762.00	2761.50	2761.00	2761.00	2760.00	2760.00	2759.50	2759.00	2758.00	2758.00	2757.50
2878.00	2878.00	2877.50	2877.00	2877.00	2876.00	2876.00	2875.00	2874.50	2874.00	2874.00	2873.00	2872.50	2871.00	2871.00	2870.50	2870.00	2869.50	2869.00	2869.00	2868.00	2868.00	2868.00	2868.00	2868.00	2868.00	2868.00	2868.00	2868.00	2868.00	2867.00	2866.50	2866.00	2865.50	2865.00	2864.50	2863.00	2863.00	2861.50	2860.00	2858.50	2857.50	2857.00	2856.00	2854.50	2853.00	2853.00	2852.00	2851.50	2850.50	2850.00	2849.50	2849.00	2848.50	2848.00	2848.00	2847.00	2847.00	2847.00	2846.00	2846.00	2845.00	2844.50	2844.00	2844.00	2844.00	2843.50	2843.00	2843.00	2843.00	2842.00	2842.00	2842.00	2841.50	2841.00	2841.00	2841.00	2840.00	2840.00	2839.50	2839.00	2838.50	2838.00	2837.00	2836.00	2835.00	2834.00	2832.50	2831.50	2830.50	2829.00	2827.50	2826.00	2825.00	2823.50	2822.50	2821.00	2820.50	2819.50	2818.00	2817.50	2817.00	2816.00	2816.00	2816.00	2815.00	2815.00	2815.00	2815.00	2814.00	2814.00	2814.00	2814.00	2814.00	2814.00	2813.00	2813.00	2813.00	2813.00	2813.00	2812.50	2812.00	2812.00	2811.00	2811.00	2810.50	2810.00	2809.50	2809.00	2809.00	2809.00	2808.00	2808.00	2807.00	2807.00	2807.00	2806.50	2806.00	2806.00	2805.00	2805.00	2805.00	2804.50	2804.00	2803.50	2803.00	2803.00	2802.00	2801.50	2801.00	2800.50	2800.00	2800.00	2800.00	2799.00	2799.00	2799.00	2799.00	2799.00	2798.50	2798.00	2798.00	2798.00	2798.00	2798.00	2797.00	2797.00	2797.00	2796.00	2796.00	2796.00	2795.00	2795.00	2794.50	2794.00	2793.50	2793.00	2793.00	2792.00	2792.00	2791.50	2791.00	2790.50	2790.00	2790.00	2790.00	2789.00	2789.00	2789.00	2788.50	2788.00	2787.50	2787.00	2786.00	2786.00	2785.00	2784.00	2783.00	2782.50	2781.50	2780.00	2778.50	2777.00	2776.50	2775.50	2774.50	2773.50	2772.50	2772.00	2771.00	2770.50	2770.00	2769.50	2769.00	2769.00	2768.00	2768.00	2768.00	2767.00	2767.00	2767.00	2767.00	2766.00	2766.00	2766.00	2765.00	2765.00	2765.00	2765.00	2765.00	2765.00	2765.00	2765.00	2764.00	2764.00	2764.00	2764.00	2763.50	2763.00	2763.00	2762.00	2762.00	2762.00	2762.00	2762.00	2762.00	2761.50	2761.00	2761.00	2760.00	2760.00	2759.50	2759.00	2758.00	2758.00	2757.50
2877.50	2877.00	2877.00	2876.50	2876.00	2875.00	2875.00	2874.00	2874.00	2873.50	2873.00	2872.00	2871.50	2871.00	2870.00	2869.50	2869.00	2868.50	2868.00	2868.00	2868.00	2867.00	2867.00	2867.00	2867.00	2867.00	2867.00	2867.00	2866.00	2866.00	2866.00	2865.50	2865.00	2864.50	2863.50	2862.50	2861.00	2860.00	2858.50	2858.00	2856.50	2855.50	2854.50	2853.00	2851.50	2851.00	2850.00	2849.00	2848.50	2847.50	2847.00	2846.50	2846.00	2845.50	2845.00	2845.00	2845.00	2844.50	2844.00	2844.00	2843.50	2843.00	2842.50	2842.00	2842.00	2842.00	2842.00	2842.00	2841.00	2841.00	2841.00	2841.00	2841.00	2840.50	2840.00	2840.00	2840.00	2840.00	2839.00	2839.00	2838.50	2837.50	2837.00	2836.00	2835.00	2834.00	2833.00	2831.50	2830.50	2829.50	2828.00	2826.50	2825.00	2824.00	2822.50	2821.50	2820.00	2819.50	2818.50	2818.00	2817.00	2817.00	2816.00	2816.00	2816.00	2815.00	2815.00	2815.00	2815.00	2815.00	2815.00	2815.00	2815.00	2815.00	2815.00	2815.00	2814.50	2814.00	2813.50	2813.00	2813.00	2813.00	2812.50	2812.00	2812.00	2811.00	2811.00	2810.50	2810.00	2810.00	2809.00	2809.00	2808.50	2808.00	2807.50	2807.00	2807.00	2807.00	2806.00	2806.00	2806.00	2805.00	2805.00	2804.50	2804.00	2804.00	2803.00	2802.50	2802.00	2802.00	2801.00	2801.00	2800.00	2800.00	2800.00	2800.00	2799.50	2799.00	2799.00	2799.00	2799.00	2799.00	2798.00	2798.00	2798.00	2798.00	2798.00	2797.50	2797.00	2796.00	2796.00	2795.00	2795.00	2794.50	2794.00	2793.00	2792.50	2792.00	2791.00	2791.00	2790.50	2790.00	2790.00	2790.00	2789.00	2789.00	2789.00	2789.00	2789.00	2788.50	2788.00	2788.00	2787.50	2787.00	2786.00	2785.50	2784.00	2783.00	2782.50	2781.50	2780.00	2779.00	2778.00	2776.50	2776.00	2775.50	2773.50	2772.50	2772.00	2771.00	2770.00	2769.50	2768.50	2768.00	2768.00	2767.00	2767.00	2766.00	2766.00	2766.00	2765.50	2765.00	2765.00	2764.50	2764.00	2764.00	2764.00	2764.00	2764.00	2764.00	2764.00	2764.00	2764.00	2764.00	2764.00	2763.00	2763.00	2763.00	2763.00	2763.00	2762.00	2762.00	2762.00	2762.00	2762.00	2762.00	2761.50	2761.00	2761.00	2760.00	2760.00	2759.50	2759.00	2758.00	2757.50	2757.00
2877.50	2877.00	2877.00	2876.50	2876.00	2875.00	2875.00	2874.00	2874.00	2873.50	2873.00	2872.00	2871.50	2871.00	2870.00	2869.50	2869.00	2868.50	2868.00	2868.00	2868.00	2867.00	2867.00	2867.00	2867.00	2867.00	2867.00	2867.00	2866.00	2866.00	2866.00	2865.50	2865.00	2864.50	2863.50	2862.50	2861.00	2860.00	2858.50	2858.00	2856.50	2855.50	2854.50	2853.00	2851.50	2851.00	2850.00	2849.00	2848.50	2847.50	2847.00	2846.50	2846.00	2845.50	2845.00	2845.00	2845.00	2844.50	2844.00	2844.00	2843.50	2843.00	2842.50	2842.00	2842.00	2842.00	2842.00	2842.00	2841.00	2841.00	2841.00	2841.00	2841.00	2840.50	2840.00	2840.00	2840.00	2840.00	2839.00	2839.00	2838.50	2837.50	2837.00	2836.00	2835.00	2834.00	2833.00	2831.50	2830.50	2829.50	2828.00	2826.50	2825.00	2824.00	2822.50	2821.50	2820.00	2819.50	2818.50	2818.00	2817.00	2817.00	2816.00	2816.00	2816.00	2815.00	2815.00	2815.00	2815.00	2815.00	2815.00	2815.00	2815.00	2815.00	2815.00	2815.00	2814.50	2814.00	2813.50	2813.00	2813.00	2813.00	2812.50	2812.00	2812.00	2811.00	2811.00	2810.50	2810.00	2810.00	2809.00	2809.00	2808.50	2808.00	2807.50	2807.00	2807.00	2807.00	2806.00	2806.00	2806.00	2805.00	2805.00	2804.50	2804.00	2804.00	2803.00	2802.50	2802.00	2802.00	2801.00	2801.00	2800.00	2800.00	2800.00	2800.00	2799.50	2799.00	2799.00	2799.00	2799.00	2799.00	2798.00	2798.00	2798.00	2798.00	2798.00	2797.50	2797.00	2796.00	2796.00	2795.00	2795.00	2794.50	2794.00	2793.00	2792.50	2792.00	2791.00	2791.00	2790.50	2790.00	2790.00	2790.00	2789.00	2789.00	2789.00	2789.00	2789.00	2788.50	2788.00	2788.00	2787.50	2787.00	2786.00	2785.50	2784.00	2783.00	2782.50	2781.50	2780.00	2779.00	2778.00	2776.50	2776.00	2775.50	2773.50	2772.50	2772.00	2771.00	2770.00	2769.50	2768.50	2768.00	2768.00	2767.00	2767.00	2766.00	2766.00	2766.00	2765.50	2765.00	2765.00	2764.50	2764.00	2764.00	2764.00	2764.00	2764.00	2764.00	2764.00	2764.00	2764.00	2764.00	2764.00	2763.00	2763.00	2763.00	2763.00	2763.00	2762.00	2762.00	2762.00	2762.00	2762.00	2762.00	2761.50	2761.00	2761.00	2760.00	2760.00	2759.50	2759.00	2758.00	2757.50	2757.00
2877.50	2877.00	2877.00	2876.50	2876.00	2875.00	2875.00	2874.00	2874.00	2873.50	2873.00	2872.00	2871.50	2871.00	2870.00	2869.50	2869.00	2868.50	2868.00	2868.00	2868.00	2867.00	2867.00	2867.00	2867.00	2867.00	2867.00	2867.00	2866.00	2866.00	2866.00	2865.50	2865.00	2864.50	2863.50	2862.50	2861.00	2860.00	2858.50	2858.00	2856.50	2855.50	2854.50	2853.00	2851.50	2851.00	2850.00	2849.00	2848.50	2847.50	2847.00	2846.50	2846.00	2845.50	2845.00	2845.00	2845.00	2844.50	2844.00	2844.00	2843.50	2843.00	2842.50	2842.00	2842.00	2842.00	2842.00	2842.00	2841.00	2841.00	2841.00	2841.00	2841.00	2840.50	2840.00	2840.00	2840.00	2840.00	2839.00	2839.00	2838.50	2837.50	2837.00	2836.00	2835.00	2834.00	2833.00	2831.50	2830.50	2829.50	2828.00	2826.50	2825.00	2824.00	2822.50	2821.50	2820.00	2819.50	2818.50	2818.00	2817.00	2817.00	2816.00	2816.00	2816.00	2815.00	2815.00	2815.00	2815.00	2815.00	2815.00	2815.00	2815.00	2815.00	2815.00	2815.00	2814.50	2814.00	2813.50	2813.00	2813.00	2813.00	2812.50	2812.00	2812.00	2811.00	2811.00	2810.50	2810.00	2810.00	2809.00	2809.00	2808.50	2808.00	2807.50	2807.00	2807.00	2807.00	2806.00	2806.00	2806.00	2805.00	2805.00	2804.50	2804.00	2804.00	2803.00	2802.50	2802.00	2802.00	2801.00	2801.00	2800.00	2800.00	2800.00	2800.00	2799.50	2799.00	2799.00	2799.00	2799.00	2799.00	2798.00	2798.00	2798.00	2798.00	2798.00	2797.50	2797.00	2796.00	2796.00	2795.00	2795.00	2794.50	2794.00	2793.00	2792.50	2792.00	2791.00	2791.00	2790.50	2790.00	2790.00	2790.00	2789.00	2789.00	2789.00	2789.00	2789.00	2788.50	2788.00	2788.00	2787.50	2787.00	2786.00	2785.50	2784.00	2783.00	2782.50	2781.50	2780.00	2779.00	2778.00	2776.50	2776.00	2775.50	2773.50	2772.50	2772.00	2771.00	2770.00	2769.50	2768.50	2768.00	2768.00	2767.00	2767.00	2766.00	2766.00	2766.00	2765.50	2765.00	2765.00	2764.50	2764.00	2764.00	2764.00	2764.00	2764.00	2764.00	2764.00	2764.00	2764.00	2764.00	2764.00	2763.00	2763.00	2763.00	2763.00	2763.00	2762.00	2762.00	2762.00	2762.00	2762.00	2762.00	2761.50	2761.00	2761.00	2760.00	2760.00	2759.50	2759.00	2758.00	2757.50	2757.00
2877.50	2877.00	2877.00	2876.50	2876.00	2875.00	2875.00	2874.00	2874.00	2873.50	2873.00	2872.00	2871.50	2871.00	2870.00	2869.50	2869.00	2868.50	2868.00	2868.00	2868.00	2867.00	2867.00	2867.00	2867.00	2867.00	2867.00	2867.00	2866.00	2866.00	2866.00	2865.50	2865.00	2864.50	2863.50	2862.50	2861.00	2860.00	2858.50	2858.00	2856.50	2855.50	2854.50	2853.00	2851.50	2851.00	2850.00	2849.00	2848.50	2847.50	2847.00	2846.50	2846.00	2845.50	2845.00	2845.00	2845.00	2844.50	2844.00	2844.00	2843.50	2843.00	2842.50	2842.00	2842.00	2842.00	2842.00	2842.00	2841.00	2841.00	2841.00	2841.00	2841.00	2840.50	2840.00	2840.00	2840.00	2840.00	2839.00	2839.00	2838.50	2837.50	2837.00	2836.00	2835.00	2834.00	2833.00	2831.50	2830.50	2829.50	2828.00	2826.50	2825.00	2824.00	2822.50	2821.50	2820.00	2819.50	2818.50	2818.00	2817.00	2817.00	2816.00	2816.00	2816.00	2815.00	2815.00	2815.00	2815.00	2815.00	2815.00	2815.00	2815.00	2815.00	2815.00	2815.00	2814.50	2814.00	2813.50	2813.00	2813.00	2813.00	2812.50	2812.00	2812.00	2811.00	2811.00	2810.50	2810.00	2810.00	2809.00	2809.00	2808.50	2808.00	2807.50	2807.00	2807.00	2807.00	2806.00	2806.00	2806.00	2805.00	2805.00	2804.50	2804.00	2804.00	2803.00	2802.50	2802.00	2802.00	2801.00	2801.00	2800.00	2800.00	2800.00	2800.00	2799.50	2799.00	2799.00	2799.00	2799.00	2799.00	2798.00	2798.00	2798.00	2798.00	2798.00	2797.50	2797.00	2796.00	2796.00	2795.00	2795.00	2794.50	2794.00	2793.00	2792.50	2792.00	2791.00	2791.00	2790.50	2790.00	2790.00	2790.00	2789.00	2789.00	2789.00	2789.00	2789.00	2788.50	2788.00	2788.00	2787.50	2787.00	2786.00	2785.50	2784.00	2783.00	2782.50	2781.50	2780.00	2779.00	2778.00	2776.50	2776.00	2775.50	2773.50	2772.50	2772.00	2771.00	2770.00	2769.50	2768.50	2768.00	2768.00	2767.00	2767.00	2766.00	2766.00	2766.00	2765.50	2765.00	2765.00	2764.50	2764.00	2764.00	2764.00	2764.00	2764.00	2764.00	2764.00	2764.00	2764.00	2764.00	2764.00	2763.00	2763.00	2763.00	2763.00	2763.00	2762.00	2762.00	2762.00	2762.00	2762.00	2762.00	2761.50	2761.00	2761.00	2760.00	2760.00	2759.50	2759.00	2758.00	2757.50	2757.00
2877.00	2877.00	2876.50	2876.00	2875.00	2875.00	2874.50	2874.00	2873.00	2872.50	2872.00	2872.00	2871.00	2870.00	2870.00	2869.00	2868.50	2867.50	2867.00	2867.00	2867.00	2867.00	2866.00	2866.00	2865.50	2865.00	2865.00	2865.00	2865.00	2865.00	2865.00	2864.00	2863.50	2862.50	2862.00	2861.50	2860.00	2859.00	2857.50	2856.00	2854.50	2853.50	2852.50	2851.00	2849.50	2848.00	2848.00	2847.00	2846.50	2845.50	2845.00	2844.50	2844.00	2844.00	2844.00	2844.00	2843.00	2843.00	2843.00	2843.00	2842.00	2842.00	2841.50	2841.00	2841.00	2841.00	2841.00	2841.00	2841.00	2840.00	2840.00	2840.00	2840.00	2840.00	2840.00	2839.00	2839.00	2839.00	2838.00	2838.00	2837.50	2836.50	2836.00	2835.00	2835.00	2833.50	2832.00	2830.50	2829.50	2828.50	2827.00	2825.50	2824.00	2823.00	2822.00	2821.50	2819.50	2819.00	2818.50	2818.00	2817.00	2817.00	2816.00	2816.00	2816.00	2815.00	2815.00	2815.00	2815.00	2815.00	2815.00	2815.00	2815.00	2815.00	2815.00	2815.00	2815.00	2814.50	2814.00	2814.00	2814.00	2814.00	2813.00	2813.00	2813.00	2812.50	2812.00	2811.50	2811.00	2810.50	2810.00	2809.00	2809.00	2809.00	2808.00	2808.00	2808.00	2807.00	2807.00	2807.00	2806.00	2806.00	2805.50	2805.00	2804.50	2804.00	2804.00	2803.00	2803.00	2802.00	2801.50	2801.00	2800.00	2800.00	2799.50	2799.00	2799.00	2799.00	2799.00	2798.00	2798.00	2798.00	2798.00	2798.00	2798.00	2797.00	2797.00	2797.00	2796.00	2796.00	2796.00	2795.00	2794.50	2794.00	2794.00	2793.00	2792.50	2792.00	2791.00	2791.00	2790.50	2790.00	2790.00	2789.50	2789.00	2789.00	2788.00	2788.00	2788.00	2788.00	2787.50	2787.00	2787.00	2786.00	2786.00	2784.50	2784.00	2782.50	2782.00	2781.50	2780.00	2779.00	2778.00	2776.50	2776.00	2775.50	2773.50	2773.00	2772.00	2771.00	2770.00	2769.50	2768.00	2767.50	2767.00	2767.00	2766.00	2765.00	2765.00	2764.50	2764.00	2764.00	2764.00	2764.00	2763.00	2763.00	2763.00	2763.00	2763.00	2763.00	2763.00	2763.00	2763.00	2763.00	2763.00	2763.00	2763.00	2763.00	2763.00	2763.00	2762.00	2762.00	2762.00	2761.00	2761.00	2761.00	2761.00	2761.00	2761.00	2760.00	2760.00	2759.00	2759.00	2757.50	2757.00	2756.50
2877.00	2877.00	2876.50	2876.00	2875.00	2875.00	2874.50	2874.00	2873.00	2872.50	2872.00	2872.00	2871.00	2870.00	2870.00	2869.00	2868.50	2867.50	2867.00	2867.00	2867.00	2867.00	2866.00	2866.00	2865.50	2865.00	2865.00	2865.00	2865.00	2865.00	2865.00	2864.00	2863.50	2862.50	2862.00	2861.50	2860.00	2859.00	2857.50	2856.00	2854.50	2853.50	2852.50	2851.00	2849.50	2848.00	2848.00	2847.00	2846.50	2845.50	2845.00	2844.50	2844.00	2844.00	2844.00	2844.00	2843.00	2843.00	2843.00	2843.00	2842.00	2842.00	2841.50	2841.00	2841.00	2841.00	2841.00	2841.00	2841.00	2840.00	2840.00	2840.00	2840.00	2840.00	2840.00	2839.00	2839.00	2839.00	2838.00	2838.00	2837.50	2836.50	2836.00	2835.00	2835.00	2833.50	2832.00	2830.50	2829.50	2828.50	2827.00	2825.50	2824.00	2823.00	2822.00	2821.50	2819.50	2819.00	2818.50	2818.00	2817.00	2817.00	2816.00	2816.00	2816.00	2815.00	2815.00	2815.00	2815.00	2815.00	2815.00	2815.00	2815.00	2815.00	2815.00	2815.00	2815.00	2814.50	2814.00	2814.00	2814.00	2814.00	2813.00	2813.00	2813.00	2812.50	2812.00	2811.50	2811.00	2810.50	2810.00	2809.00	2809.00	2809.00	2808.00	2808.00	2808.00	2807.00	2807.00	2807.00	2806.00	2806.00	2805.50	2805.00	2804.50	2804.00	2804.00	2803.00	2803.00	2802.00	2801.50	2801.00	2800.00	2800.00	2799.50	2799.00	2799.00	2799.00	2799.00	2798.00	2798.00	2798.00	2798.00	2798.00	2798.00	2797.00	2797.00	2797.00	2796.00	2796.00	2796.00	2795.00	2794.50	2794.00	2794.00	2793.00	2792.50	2792.00	2791.00	2791.00	2790.50	2790.00	2790.00	2789.50	2789.00	2789.00	2788.00	2788.00	2788.00	2788.00	2787.50	2787.00	2787.00	2786.00	2786.00	2784.50	2784.00	2782.50	2782.00	2781.50	2780.00	2779.00	2778.00	2776.50	2776.00	2775.50	2773.50	2773.00	2772.00	2771.00	2770.00	2769.50	2768.00	2767.50	2767.00	2767.00	2766.00	2765.00	2765.00	2764.50	2764.00	2764.00	2764.00	2764.00	2763.00	2763.00	2763.00	2763.00	2763.00	2763.00	2763.00	2763.00	2763.00	2763.00	2763.00	2763.00	2763.00	2763.00	2763.00	2763.00	2762.00	2762.00	2762.00	2761.00	2761.00	2761.00	2761.00	2761.00	2761.00	2760.00	2760.00	2759.00	2759.00	2757.50	2757.00	2756.50
2877.00	2877.00	2876.50	2876.00	2875.00	2875.00	2874.50	2874.00	2873.00	2872.50	2872.00	2872.00	2871.00	2870.00	2870.00	2869.00	2868.50	2867.50	2867.00	2867.00	2867.00	2867.00	2866.00	2866.00	2865.50	2865.00	2865.00	2865.00	2865.00	2865.00	2865.00	2864.00	2863.50	2862.50	2862.00	2861.50	2860.00	2859.00	2857.50	2856.00	2854.50	2853.50	2852.50	2851.00	2849.50	2848.00	2848.00	2847.00	2846.50	2845.50	2845.00	2844.50	2844.00	2844.00	2844.00	2844.00	2843.00	2843.00	2843.00	2843.00	2842.00	2842.00	2841.50	2841.00	2841.00	2841.00	2841.00	2841.00	2841.00	2840.00	2840.00	2840.00	2840.00	2840.00	2840.00	2839.00	2839.00	2839.00	2838.00	2838.00	2837.50	2836.50	2836.00	2835.00	2835.00	2833.50	2832.00	2830.50	2829.50	2828.50	2827.00	2825.50	2824.00	2823.00	2822.00	2821.50	2819.50	2819.00	2818.50	2818.00	2817.00	2817.00	2816.00	2816.00	2816.00	2815.00	2815.00	2815.00	2815.00	2815.00	2815.00	2815.00	2815.00	2815.00	2815.00	2815.00	2815.00	2814.50	2814.00	2814.00	2814.00	2814.00	2813.00	2813.00	2813.00	2812.50	2812.00	2811.50	2811.00	2810.50	2810.00	2809.00	2809.00	2809.00	2808.00	2808.00	2808.00	2807.00	2807.00	2807.00	2806.00	2806.00	2805.50	2805.00	2804.50	2804.00	2804.00	2803.00	2803.00	2802.00	2801.50	2801.00	2800.00	2800.00	2799.50	2799.00	2799.00	2799.00	2799.00	2798.00	2798.00	2798.00	2798.00	2798.00	2798.00	2797.00	2797.00	2797.00	2796.00	2796.00	2796.00	2795.00	2794.50	2794.00	2794.00	2793.00	2792.50	2792.00	2791.00	2791.00	2790.50	2790.00	2790.00	2789.50	2789.00	2789.00	2788.00	2788.00	2788.00	2788.00	2787.50	2787.00	2787.00	2786.00	2786.00	2784.50	2784.00	2782.50	2782.00	2781.50	2780.00	2779.00	2778.00	2776.50	2776.00	2775.50	2773.50	2773.00	2772.00	2771.00	2770.00	2769.50	2768.00	2767.50	2767.00	2767.00	2766.00	2765.00	2765.00	2764.50	2764.00	2764.00	2764.00	2764.00	2763.00	2763.00	2763.00	2763.00	2763.00	2763.00	2763.00	2763.00	2763.00	2763.00	2763.00	2763.00	2763.00	2763.00	2763.00	2763.00	2762.00	2762.00	2762.00	2761.00	2761.00	2761.00	2761.00	2761.00	2761.00	2760.00	2760.00	2759.00	2759.00	2757.50	2757.00	2756.50
2877.00	2877.00	2876.25	2876.00	2875.00	2875.00	2874.25	2873.50	2872.75	2872.25	2871.75	2871.50	2870.50	2869.50	2869.50	2868.50	2868.25	2867.50	2867.00	2867.00	2866.50	2866.50	2865.75	2865.50	2865.25	2864.75	2864.50	2864.50	2864.50	2864.00	2864.00	2863.25	2862.75	2862.00	2861.25	2860.50	2859.00	2858.50	2857.00	2855.50	2853.75	2852.50	2851.50	2850.50	2849.00	2848.00	2847.50	2846.50	2846.00	2845.25	2844.75	2844.25	2844.00	2843.75	2843.50	2843.50	2843.00	2843.00	2843.00	2842.50	2842.00	2842.00	2841.50	2841.00	2841.00	2840.75	2840.50	2840.50	2840.50	2840.00	2840.00	2839.50	2839.50	2839.50	2839.50	2839.00	2839.00	2838.50	2838.00	2837.75	2837.00	2836.25	2835.75	2835.00	2834.50	2833.25	2832.00	2830.50	2829.50	2828.50	2827.00	2825.50	2824.00	2823.00	2821.75	2821.00	2819.50	2819.00	2818.50	2817.50	2817.00	2817.00	2816.00	2816.00	2816.00	2815.50	2815.50	2815.50	2815.50	2815.50	2815.75	2816.00	2816.00	2815.75	2815.50	2815.50	2815.50	2815.25	2814.50	2814.50	2814.25	2814.00	2813.50	2813.50	2813.00	2812.75	2812.25	2811.75	2811.25	2810.75	2810.50	2810.00	2809.50	2809.50	2808.75	2808.50	2808.50	2808.00	2807.50	2807.50	2806.50	2806.50	2806.00	2805.25	2804.75	2804.50	2804.00	2803.25	2803.00	2802.00	2801.50	2801.00	2800.00	2800.00	2799.25	2799.00	2798.50	2798.50	2798.50	2797.50	2797.50	2797.50	2797.50	2797.00	2797.00	2796.50	2796.50	2796.50	2796.00	2795.50	2795.50	2795.00	2794.50	2794.00	2794.00	2793.00	2792.75	2792.00	2791.50	2791.00	2790.50	2789.75	2789.50	2789.00	2788.50	2788.50	2788.00	2787.50	2787.50	2787.25	2786.75	2786.25	2786.00	2785.50	2785.00	2784.00	2783.00	2782.00	2781.50	2781.00	2779.50	2778.75	2777.50	2776.25	2775.75	2775.00	2773.25	2772.75	2771.50	2770.50	2769.75	2769.25	2768.00	2767.50	2767.00	2766.50	2766.00	2765.00	2765.00	2764.25	2764.00	2764.00	2763.50	2763.50	2763.00	2763.00	2762.75	2762.50	2762.50	2762.50	2762.50	2762.50	2762.50	2762.50	2762.50	2762.50	2762.50	2762.50	2762.50	2762.50	2762.00	2762.00	2761.75	2761.00	2761.00	2760.75	2760.50	2760.50	2760.50	2759.50	2759.50	2758.75	2758.50	2757.25	2756.75	2756.00
2877.00	2877.00	2876.00	2876.00	2875.00	2875.00	2874.00	2873.00	2872.50	2872.00	2871.50	2871.00	2870.00	2869.00	2869.00	2868.00	2868.00	2867.50	2867.00	2867.00	2866.00	2866.00	2865.50	2865.00	2865.00	2864.50	2864.00	2864.00	2864.00	2863.00	2863.00	2862.50	2862.00	2861.50	2860.50	2859.50	2858.00	2858.00	2856.50	2855.00	2853.00	2851.50	2850.50	2850.00	2848.50	2848.00	2847.00	2846.00	2845.50	2845.00	2844.50	2844.00	2844.00	2843.50	2843.00	2843.00	2843.00	2843.00	2843.00	2842.00	2842.00	2842.00	2841.50	2841.00	2841.00	2840.50	2840.00	2840.00	2840.00	2840.00	2840.00	2839.00	2839.00	2839.00	2839.00	2839.00	2839.00	2838.00	2838.00	2837.50	2836.50	2836.00	2835.50	2835.00	2834.00	2833.00	2832.00	2830.50	2829.50	2828.50	2827.00	2825.50	2824.00	2823.00	2821.50	2820.50	2819.50	2819.00	2818.50	2817.00	2817.00	2817.00	2816.00	2816.00	2816.00	2816.00	2816.00	2816.00	2816.00	2816.00	2816.50	2817.00	2817.00	2816.50	2816.00	2816.00	2816.00	2816.00	2815.00	2815.00	2814.50	2814.00	2814.00	2814.00	2813.00	2813.00	2812.50	2812.00	2811.50	2811.00	2811.00	2811.00	2810.00	2810.00	2809.50	2809.00	2809.00	2809.00	2808.00	2808.00	2807.00	2807.00	2806.50	2805.50	2805.00	2805.00	2804.00	2803.50	2803.00	2802.00	2801.50	2801.00	2800.00	2800.00	2799.00	2799.00	2798.00	2798.00	2798.00	2797.00	2797.00	2797.00	2797.00	2796.00	2796.00	2796.00	2796.00	2796.00	2796.00	2795.00	2795.00	2795.00	2794.50	2794.00	2794.00	2793.00	2793.00	2792.00	2792.00	2791.00	2790.50	2789.50	2789.00	2788.50	2788.00	2788.00	2788.00	2787.00	2787.00	2786.50	2786.00	2785.50	2785.00	2785.00	2784.00	2783.50	2782.00	2781.50	2781.00	2780.50	2779.00	2778.50	2777.00	2776.00	2775.50	2774.50	2773.00	2772.50	2771.00	2770.00	2769.50	2769.00	2768.00	2767.50	2767.00	2766.00	2766.00	2765.00	2765.00	2764.00	2764.00	2764.00	2763.00	2763.00	2763.00	2763.00	2762.50	2762.00	2762.00	2762.00	2762.00	2762.00	2762.00	2762.00	2762.00	2762.00	2762.00	2762.00	2762.00	2762.00	2762.00	2762.00	2761.50	2761.00	2761.00	2760.50	2760.00	2760.00	2760.00	2759.00	2759.00	2758.50	2758.00	2757.00	2756.50	2755.50
2877.00	2877.00	2876.00	2876.00	2875.00	2875.00	2874.00	2873.00	2872.50	2872.00	2871.50	2871.00	2870.00	2869.00	2869.00	2868.00	2868.00	2867.50	2867.00	2867.00	2866.00	2866.00	2865.50	2865.00	2865.00	2864.50	2864.00	2864.00	2864.00	2863.00	2863.00	2862.50	2862.00	2861.50	2860.50	2859.50	2858.00	2858.00	2856.50	2855.00	2853.00	2851.50	2850.50	2850.00	2848.50	2848.00	2847.00	2846.00	2845.50	2845.00	2844.50	2844.00	2844.00	2843.50	2843.00	2843.00	2843.00	2843.00	2843.00	2842.00	2842.00	2842.00	2841.50	2841.00	2841.00	2840.50	2840.00	2840.00	2840.00	2840.00	2840.00	2839.00	2839.00	2839.00	2839.00	2839.00	2839.00	2838.00	2838.00	2837.50	2836.50	2836.00	2835.50	2835.00	2834.00	2833.00	2832.00	2830.50	2829.50	2828.50	2827.00	2825.50	2824.00	2823.00	2821.50	2820.50	2819.50	2819.00	2818.50	2817.00	2817.00	2817.00	2816.00	2816.00	2816.00	2816.00	2816.00	2816.00	2816.00	2816.00	2816.50	2817.00	2817.00	2816.50	2816.00	2816.00	2816.00	2816.00	2815.00	2815.00	2814.50	2814.00	2814.00	2814.00	2813.00	2813.00	2812.50	2812.00	2811.50	2811.00	2811.00	2811.00	2810.00	2810.00	2809.50	2809.00	2809.00	2809.00	2808.00	2808.00	2807.00	2807.00	2806.50	2805.50	2805.00	2805.00	2804.00	2803.50	2803.00	2802.00	2801.50	2801.00	2800.00	2800.00	2799.00	2799.00	2798.00	2798.00	2798.00	2797.00	2797.00	2797.00	2797.00	2796.00	2796.00	2796.00	2796.00	2796.00	2796.00	2795.00	2795.00	2795.00	2794.50	2794.00	2794.00	2793.00	2793.00	2792.00	2792.00	2791.00	2790.50	2789.50	2789.00	2788.50	2788.00	2788.00	2788.00	2787.00	2787.00	2786.50	2786.00	2785.50	2785.00	2785.00	2784.00	2783.50	2782.00	2781.50	2781.00	2780.50	2779.00	2778.50	2777.00	2776.00	2775.50	2774.50	2773.00	2772.50	2771.00	2770.00	2769.50	2769.00	2768.00	2767.50	2767.00	2766.00	2766.00	2765.00	2765.00	2764.00	2764.00	2764.00	2763.00	2763.00	2763.00	2763.00	2762.50	2762.00	2762.00	2762.00	2762.00	2762.00	2762.00	2762.00	2762.00	2762.00	2762.00	2762.00	2762.00	2762.00	2762.00	2762.00	2761.50	2761.00	2761.00	2760.50	2760.00	2760.00	2760.00	2759.00	2759.00	2758.50	2758.00	2757.00	2756.50	2755.50
2877.00	2877.00	2876.00	2876.00	2875.00	2875.00	2874.00	2873.00	2872.50	2872.00	2871.50	2871.00	2870.00	2869.00	2869.00	2868.00	2868.00	2867.50	2867.00	2867.00	2866.00	2866.00	2865.50	2865.00	2865.00	2864.50	2864.00	2864.00	2864.00	2863.00	2863.00	2862.50	2862.00	2861.50	2860.50	2859.50	2858.00	2858.00	2856.50	2855.00	2853.00	2851.50	2850.50	2850.00	2848.50	2848.00	2847.00	2846.00	2845.50	2845.00	2844.50	2844.00	2844.00	2843.50	2843.00	2843.00	2843.00	2843.00	2843.00	2842.00	2842.00	2842.00	2841.50	2841.00	2841.00	2840.50	2840.00	2840.00	2840.00	2840.00	2840.00	2839.00	2839.00	2839.00	2839.00	2839.00	2839.00	2838.00	2838.00	2837.50	2836.50	2836.00	2835.50	2835.00	2834.00	2833.00	2832.00	2830.50	2829.50	2828.50	2827.00	2825.50	2824.00	2823.00	2821.50	2820.50	2819.50	2819.00	2818.50	2817.00	2817.00	2817.00	2816.00	2816.00	2816.00	2816.00	2816.00	2816.00	2816.00	2816.00	2816.50	2817.00	2817.00	2816.50	2816.00	2816.00	2816.00	2816.00	2815.00	2815.00	2814.50	2814.00	2814.00	2814.00	2813.00	2813.00	2812.50	2812.00	2811.50	2811.00	2811.00	2811.00	2810.00	2810.00	2809.50	2809.00	2809.00	2809.00	2808.00	2808.00	2807.00	2807.00	2806.50	2805.50	2805.00	2805.00	2804.00	2803.50	2803.00	2802.00	2801.50	2801.00	2800.00	2800.00	2799.00	2799.00	2798.00	2798.00	2798.00	2797.00	2797.00	2797.00	2797.00	2796.00	2796.00	2796.00	2796.00	2796.00	2796.00	2795.00	2795.00	2795.00	2794.50	2794.00	2794.00	2793.00	2793.00	2792.00	2792.00	2791.00	2790.50	2789.50	2789.00	2788.50	2788.00	2788.00	2788.00	2787.00	2787.00	2786.50	2786.00	2785.50	2785.00	2785.00	2784.00	2783.50	2782.00	2781.50	2781.00	2780.50	2779.00	2778.50	2777.00	2776.00	2775.50	2774.50	2773.00	2772.50	2771.00	2770.00	2769.50	2769.00	2768.00	2767.50	2767.00	2766.00	2766.00	2765.00	2765.00	2764.00	2764.00	2764.00	2763.00	2763.00	2763.00	2763.00	2762.50	2762.00	2762.00	2762.00	2762.00	2762.00	2762.00	2762.00	2762.00	2762.00	2762.00	2762.00	2762.00	2762.00	2762.00	2762.00	2761.50	2761.00	2761.00	2760.50	2760.00	2760.00	2760.00	2759.00	2759.00	2758.50	2758.00	2757.00	2756.50	2755.50
2876.75	2876.50	2875.50	2875.50	2874.50	2874.50	2873.50	2872.50	2872.00	2871.50	2871.00	2870.50	2869.75	2869.00	2869.00	2868.00	2868.00	2867.50	2866.75	2866.50	2866.00	2865.50	2865.25	2864.50	2864.50	2864.25	2863.75	2863.50	2863.50	2862.50	2862.50	2861.75	2861.25	2860.50	2859.50	2858.75	2857.50	2857.00	2855.50	2854.00	2852.75	2851.50	2850.50	2849.50	2848.25	2847.50	2847.00	2845.75	2845.25	2844.75	2844.25	2844.00	2844.00	2843.75	2843.50	2843.50	2843.00	2843.00	2843.00	2842.50	2842.50	2842.00	2841.75	2841.50	2841.25	2840.75	2840.50	2840.00	2840.00	2840.00	2840.00	2839.50	2839.25	2839.00	2839.00	2839.00	2839.00	2838.00	2838.00	2837.50	2836.50	2836.00	2835.50	2835.00	2834.00	2832.75	2831.50	2830.00	2829.00	2828.00	2827.00	2825.50	2824.00	2823.00	2821.50	2820.50	2819.50	2818.75	2818.25	2817.50	2817.00	2817.00	2816.50	2816.50	2816.50	2816.50	2816.50	2816.50	2816.50	2816.50	2816.75	2817.00	2817.00	2816.75	2816.50	2816.50	2816.25	2816.00	2815.50	2815.50	2815.25	2814.50	2814.50	2814.50	2813.50	2813.50	2813.00	2812.50	2812.25	2811.75	2811.50	2811.50	2810.75	2810.50	2810.25	2809.75	2809.50	2809.00	2808.50	2808.00	2807.50	2807.00	2806.75	2805.75	2805.25	2805.00	2804.50	2803.75	2803.25	2802.50	2801.50	2801.00	2800.00	2799.50	2799.00	2798.50	2797.75	2797.50	2797.25	2796.50	2796.25	2796.00	2796.00	2795.50	2795.50	2795.50	2795.50	2795.25	2795.00	2795.00	2794.50	2794.50	2794.25	2793.75	2793.50	2793.00	2792.75	2792.00	2792.00	2791.00	2790.50	2789.50	2789.00	2788.50	2788.00	2787.75	2787.50	2787.00	2786.50	2786.00	2785.25	2784.75	2784.25	2784.00	2783.00	2782.25	2781.00	2780.50	2779.75	2779.25	2778.00	2777.25	2776.00	2775.25	2774.50	2773.75	2772.25	2771.75	2770.50	2769.50	2769.00	2768.50	2767.75	2767.25	2766.75	2766.00	2766.00	2765.00	2765.00	2764.00	2764.00	2764.00	2763.00	2763.00	2762.50	2762.50	2762.25	2762.00	2762.00	2762.00	2762.00	2762.00	2762.00	2762.00	2762.00	2761.50	2761.50	2761.50	2761.50	2761.50	2761.50	2761.50	2761.00	2760.50	2760.50	2760.00	2759.50	2759.50	2759.00	2758.00	2758.00	2757.50	2757.00	2756.00	2755.50	2754.75
2876.50	2876.00	2875.00	2875.00	2874.00	2874.00	2873.00	2872.00	2871.50	2871.00	2870.50	2870.00	2869.50	2869.00	2869.00	2868.00	2868.00	2867.50	2866.50	2866.00	2866.00	2865.00	2865.00	2864.00	2864.00	2864.00	2863.50	2863.00	2863.00	2862.00	2862.00	2861.00	2860.50	2859.50	2858.50	2858.00	2857.00	2856.00	2854.50	2853.00	2852.50	2851.50	2850.50	2849.00	2848.00	2847.00	2847.00	2845.50	2845.00	2844.50	2844.00	2844.00	2844.00	2844.00	2844.00	2844.00	2843.00	2843.00	2843.00	2843.00	2843.00	2842.00	2842.00	2842.00	2841.50	2841.00	2841.00	2840.00	2840.00	2840.00	2840.00	2840.00	2839.50	2839.00	2839.00	2839.00	2839.00	2838.00	2838.00	2837.50	2836.50	2836.00	2835.50	2835.00	2834.00	2832.50	2831.00	2829.50	2828.50	2827.50	2827.00	2825.50	2824.00	2823.00	2821.50	2820.50	2819.50	2818.50	2818.00	2818.00	2817.00	2817.00	2817.00	2817.00	2817.00	2817.00	2817.00	2817.00	2817.00	2817.00	2817.00	2817.00	2817.00	2817.00	2817.00	2817.00	2816.50	2816.00	2816.00	2816.00	2816.00	2815.00	2815.00	2815.00	2814.00	2814.00	2813.50	2813.00	2813.00	2812.50	2812.00	2812.00	2811.50	2811.00	2811.00	2810.50	2810.00	2809.00	2809.00	2808.00	2808.00	2807.00	2807.00	2806.00	2805.50	2805.00	2805.00	2804.00	2803.50	2803.00	2801.50	2801.00	2800.00	2799.00	2799.00	2798.00	2797.50	2797.00	2796.50	2796.00	2795.50	2795.00	2795.00	2795.00	2795.00	2795.00	2795.00	2794.50	2794.00	2795.00	2794.00	2794.00	2794.00	2793.50	2793.00	2793.00	2792.50	2792.00	2792.00	2791.00	2790.50	2789.50	2789.00	2788.50	2788.00	2787.50	2787.00	2787.00	2786.00	2785.50	2784.50	2784.00	2783.50	2783.00	2782.00	2781.00	2780.00	2779.50	2778.50	2778.00	2777.00	2776.00	2775.00	2774.50	2773.50	2773.00	2771.50	2771.00	2770.00	2769.00	2768.50	2768.00	2767.50	2767.00	2766.50	2766.00	2766.00	2765.00	2765.00	2764.00	2764.00	2764.00	2763.00	2763.00	2762.00	2762.00	2762.00	2762.00	2762.00	2762.00	2762.00	2762.00	2762.00	2762.00	2762.00	2761.00	2761.00	2761.00	2761.00	2761.00	2761.00	2761.00	2760.50	2760.00	2760.00	2759.50	2759.00	2759.00	2758.00	2757.00	2757.00	2756.50	2756.00	2755.00	2754.50	2754.00
2876.50	2876.00	2875.00	2875.00	2874.00	2874.00	2873.00	2872.00	2871.50	2871.00	2870.50	2870.00	2869.50	2869.00	2869.00	2868.00	2868.00	2867.50	2866.50	2866.00	2866.00	2865.00	2865.00	2864.00	2864.00	2864.00	2863.50	2863.00	2863.00	2862.00	2862.00	2861.00	2860.50	2859.50	2858.50	2858.00	2857.00	2856.00	2854.50	2853.00	2852.50	2851.50	2850.50	2849.00	2848.00	2847.00	2847.00	2845.50	2845.00	2844.50	2844.00	2844.00	2844.00	2844.00	2844.00	2844.00	2843.00	2843.00	2843.00	2843.00	2843.00	2842.00	2842.00	2842.00	2841.50	2841.00	2841.00	2840.00	2840.00	2840.00	2840.00	2840.00	2839.50	2839.00	2839.00	2839.00	2839.00	2838.00	2838.00	2837.50	2836.50	2836.00	2835.50	2835.00	2834.00	2832.50	2831.00	2829.50	2828.50	2827.50	2827.00	2825.50	2824.00	2823.00	2821.50	2820.50	2819.50	2818.50	2818.00	2818.00	2817.00	2817.00	2817.00	2817.00	2817.00	2817.00	2817.00	2817.00	2817.00	2817.00	2817.00	2817.00	2817.00	2817.00	2817.00	2817.00	2816.50	2816.00	2816.00	2816.00	2816.00	2815.00	2815.00	2815.00	2814.00	2814.00	2813.50	2813.00	2813.00	2812.50	2812.00	2812.00	2811.50	2811.00	2811.00	2810.50	2810.00	2809.00	2809.00	2808.00	2808.00	2807.00	2807.00	2806.00	2805.50	2805.00	2805.00	2804.00	2803.50	2803.00	2801.50	2801.00	2800.00	2799.00	2799.00	2798.00	2797.50	2797.00	2796.50	2796.00	2795.50	2795.00	2795.00	2795.00	2795.00	2795.00	2795.00	2794.50	2794.00	2795.00	2794.00	2794.00	2794.00	2793.50	2793.00	2793.00	2792.50	2792.00	2792.00	2791.00	2790.50	2789.50	2789.00	2788.50	2788.00	2787.50	2787.00	2787.00	2786.00	2785.50	2784.50	2784.00	2783.50	2783.00	2782.00	2781.00	2780.00	2779.50	2778.50	2778.00	2777.00	2776.00	2775.00	2774.50	2773.50	2773.00	2771.50	2771.00	2770.00	2769.00	2768.50	2768.00	2767.50	2767.00	2766.50	2766.00	2766.00	2765.00	2765.00	2764.00	2764.00	2764.00	2763.00	2763.00	2762.00	2762.00	2762.00	2762.00	2762.00	2762.00	2762.00	2762.00	2762.00	2762.00	2762.00	2761.00	2761.00	2761.00	2761.00	2761.00	2761.00	2761.00	2760.50	2760.00	2760.00	2759.50	2759.00	2759.00	2758.00	2757.00	2757.00	2756.50	2756.00	2755.00	2754.50	2754.00
2876.50	2876.00	2875.00	2875.00	2874.00	2874.00	2873.00	2872.00	2871.50	2871.00	2870.50	2870.00	2869.50	2869.00	2869.00	2868.00	2868.00	2867.50	2866.50	2866.00	2866.00	2865.00	2865.00	2864.00	2864.00	2864.00	2863.50	2863.00	2863.00	2862.00	2862.00	2861.00	2860.50	2859.50	2858.50	2858.00	2857.00	2856.00	2854.50	2853.00	2852.50	2851.50	2850.50	2849.00	2848.00	2847.00	2847.00	2845.50	2845.00	2844.50	2844.00	2844.00	2844.00	2844.00	2844.00	2844.00	2843.00	2843.00	2843.00	2843.00	2843.00	2842.00	2842.00	2842.00	2841.50	2841.00	2841.00	2840.00	2840.00	2840.00	2840.00	2840.00	2839.50	2839.00	2839.00	2839.00	2839.00	2838.00	2838.00	2837.50	2836.50	2836.00	2835.50	2835.00	2834.00	2832.50	2831.00	2829.50	2828.50	2827.50	2827.00	2825.50	2824.00	2823.00	2821.50	2820.50	2819.50	2818.50	2818.00	2818.00	2817.00	2817.00	2817.00	2817.00	2817.00	2817.00	2817.00	2817.00	2817.00	2817.00	2817.00	2817.00	2817.00	2817.00	2817.00	2817.00	2816.50	2816.00	2816.00	2816.00	2816.00	2815.00	2815.00	2815.00	2814.00	2814.00	2813.50	2813.00	2813.00	2812.50	2812.00	2812.00	2811.50	2811.00	2811.00	2810.50	2810.00	2809.00	2809.00	2808.00	2808.00	2807.00	2807.00	2806.00	2805.50	2805.00	2805.00	2804.00	2803.50	2803.00	2801.50	2801.00	2800.00	2799.00	2799.00	2798.00	2797.50	2797.00	2796.50	2796.00	2795.50	2795.00	2795.00	2795.00	2795.00	2795.00	2795.00	2794.50	2794.00	2795.00	2794.00	2794.00	2794.00	2793.50	2793.00	2793.00	2792.50	2792.00	2792.00	2791.00	2790.50	2789.50	2789.00	2788.50	2788.00	2787.50	2787.00	2787.00	2786.00	2785.50	2784.50	2784.00	2783.50	2783.00	2782.00	2781.00	2780.00	2779.50	2778.50	2778.00	2777.00	2776.00	2775.00	2774.50	2773.50	2773.00	2771.50	2771.00	2770.00	2769.00	2768.50	2768.00	2767.50	2767.00	2766.50	2766.00	2766.00	2765.00	2765.00	2764.00	2764.00	2764.00	2763.00	2763.00	2762.00	2762.00	2762.00	2762.00	2762.00	2762.00	2762.00	2762.00	2762.00	2762.00	2762.00	2761.00	2761.00	2761.00	2761.00	2761.00	2761.00	2761.00	2760.50	2760.00	2760.00	2759.50	2759.00	2759.00	2758.00	2757.00	2757.00	2756.50	2756.00	2755.00	2754.50	2754.00
2876.25	2875.75	2875.00	2874.75	2874.00	2873.50	2872.75	2872.00	2871.25	2870.75	2870.25	2869.50	2869.25	2868.50	2868.50	2867.75	2867.50	2867.00	2866.25	2865.75	2865.50	2864.50	2864.50	2863.50	2863.50	2863.50	2863.25	2862.50	2862.50	2861.50	2861.50	2860.50	2860.00	2859.00	2858.00	2857.25	2856.50	2855.50	2854.00	2853.00	2852.00	2851.00	2850.25	2849.00	2847.75	2847.00	2846.50	2845.50	2845.00	2844.50	2844.00	2844.00	2844.00	2844.00	2844.00	2844.00	2843.50	2843.50	2843.50	2843.00	2843.00	2842.50	2842.50	2842.25	2841.75	2841.25	2841.00	2840.50	2840.50	2840.50	2840.00	2840.00	2839.75	2839.50	2839.00	2839.00	2839.00	2838.00	2838.00	2837.50	2836.50	2835.75	2835.25	2834.50	2833.50	2832.00	2831.00	2829.50	2828.50	2827.50	2826.50	2825.00	2823.50	2823.00	2821.50	2820.50	2819.25	2818.50	2818.00	2817.50	2817.00	2817.00	2817.00	2817.00	2817.00	2817.00	2817.00	2817.00	2817.00	2817.00	2817.00	2817.00	2817.00	2817.00	2817.00	2817.00	2816.25	2816.00	2816.00	2816.00	2816.00	2815.50	2815.50	2815.50	2814.50	2814.50	2814.25	2813.75	2813.50	2813.25	2812.50	2812.50	2812.00	2811.50	2811.00	2810.75	2810.25	2809.50	2809.00	2808.50	2808.00	2807.50	2807.25	2806.25	2805.75	2805.50	2805.00	2804.25	2803.75	2803.00	2801.75	2801.25	2800.00	2799.50	2799.00	2798.00	2797.25	2796.75	2796.25	2795.50	2795.25	2794.50	2794.50	2794.50	2794.50	2794.00	2794.00	2793.75	2793.50	2794.00	2793.50	2793.50	2793.50	2793.25	2793.00	2793.00	2792.50	2792.00	2791.50	2791.00	2790.50	2789.50	2788.75	2788.25	2787.50	2787.00	2786.50	2786.00	2785.25	2784.75	2783.75	2783.00	2782.50	2781.50	2781.00	2780.00	2779.00	2778.00	2777.25	2776.75	2775.50	2774.50	2773.50	2773.25	2772.50	2772.00	2770.75	2770.25	2769.50	2768.50	2768.25	2768.00	2767.25	2767.00	2766.50	2766.00	2766.00	2765.00	2765.00	2764.50	2764.25	2764.00	2763.25	2763.00	2762.50	2762.50	2762.50	2762.25	2762.00	2762.00	2761.75	2761.50	2761.50	2761.50	2761.50	2761.00	2760.75	2760.50	2760.50	2760.50	2760.50	2760.50	2760.00	2759.50	2759.50	2759.00	2758.50	2758.50	2757.50	2757.00	2756.50	2756.00	2755.50	2754.75	2754.00	2753.50
2876.00	2875.50	2875.00	2874.50	2874.00	2873.00	2872.50	2872.00	2871.00	2870.50	2870.00	2869.00	2869.00	2868.00	2868.00	2867.50	2867.00	2866.50	2866.00	2865.50	2865.00	2864.00	2864.00	2863.00	2863.00	2863.00	2863.00	2862.00	2862.00	2861.00	2861.00	2860.00	2859.50	2858.50	2857.50	2856.50	2856.00	2855.00	2853.50	2853.00	2851.50	2850.50	2850.00	2849.00	2847.50	2847.00	2846.00	2845.50	2845.00	2844.50	2844.00	2844.00	2844.00	2844.00	2844.00	2844.00	2844.00	2844.00	2844.00	2843.00	2843.00	2843.00	2843.00	2842.50	2842.00	2841.50	2841.00	2841.00	2841.00	2841.00	2840.00	2840.00	2840.00	2840.00	2839.00	2839.00	2839.00	2838.00	2838.00	2837.50	2836.50	2835.50	2835.00	2834.00	2833.00	2831.50	2831.00	2829.50	2828.50	2827.50	2826.00	2824.50	2823.00	2823.00	2821.50	2820.50	2819.00	2818.50	2818.00	2817.00	2817.00	2817.00	2817.00	2817.00	2817.00	2817.00	2817.00	2817.00	2817.00	2817.00	2817.00	2817.00	2817.00	2817.00	2817.00	2817.00	2816.00	2816.00	2816.00	2816.00	2816.00	2816.00	2816.00	2816.00	2815.00	2815.00	2815.00	2814.50	2814.00	2814.00	2813.00	2813.00	2812.50	2812.00	2811.00	2811.00	2810.50	2810.00	2809.00	2809.00	2808.00	2808.00	2807.50	2806.50	2806.00	2806.00	2805.00	2804.50	2804.00	2803.00	2802.00	2801.50	2800.00	2800.00	2799.00	2798.00	2797.00	2796.50	2796.00	2795.00	2795.00	2794.00	2794.00	2794.00	2794.00	2793.00	2793.00	2793.00	2793.00	2793.00	2793.00	2793.00	2793.00	2793.00	2793.00	2793.00	2792.50	2792.00	2791.00	2791.00	2790.50	2789.50	2788.50	2788.00	2787.00	2786.50	2786.00	2785.00	2784.50	2784.00	2783.00	2782.00	2781.50	2780.00	2780.00	2779.00	2778.00	2776.50	2776.00	2775.50	2774.00	2773.00	2772.00	2772.00	2771.50	2771.00	2770.00	2769.50	2769.00	2768.00	2768.00	2768.00	2767.00	2767.00	2766.50	2766.00	2766.00	2765.00	2765.00	2765.00	2764.50	2764.00	2763.50	2763.00	2763.00	2763.00	2763.00	2762.50	2762.00	2762.00	2761.50	2761.00	2761.00	2761.00	2761.00	2761.00	2760.50	2760.00	2760.00	2760.00	2760.00	2760.00	2759.50	2759.00	2759.00	2758.50	2758.00	2758.00	2757.00	2757.00	2756.00	2755.50	2755.00	2754.50	2753.50	2753.00
2876.00	2875.50	2875.00	2874.50	2874.00	2873.00	2872.50	2872.00	2871.00	2870.50	2870.00	2869.00	2869.00	2868.00	2868.00	2867.50	2867.00	2866.50	2866.00	2865.50	2865.00	2864.00	2864.00	2863.00	2863.00	2863.00	2863.00	2862.00	2862.00	2861.00	2861.00	2860.00	2859.50	2858.50	2857.50	2856.50	2856.00	2855.00	2853.50	2853.00	2851.50	2850.50	2850.00	2849.00	2847.50	2847.00	2846.00	2845.50	2845.00	2844.50	2844.00	2844.00	2844.00	2844.00	2844.00	2844.00	2844.00	2844.00	2844.00	2843.00	2843.00	2843.00	2843.00	2842.50	2842.00	2841.50	2841.00	2841.00	2841.00	2841.00	2840.00	2840.00	2840.00	2840.00	2839.00	2839.00	2839.00	2838.00	2838.00	2837.50	2836.50	2835.50	2835.00	2834.00	2833.00	2831.50	2831.00	2829.50	2828.50	2827.50	2826.00	2824.50	2823.00	2823.00	2821.50	2820.50	2819.00	2818.50	2818.00	2817.00	2817.00	2817.00	2817.00	2817.00	2817.00	2817.00	2817.00	2817.00	2817.00	2817.00	2817.00	2817.00	2817.00	2817.00	2817.00	2817.00	2816.00	2816.00	2816.00	2816.00	2816.00	2816.00	2816.00	2816.00	2815.00	2815.00	2815.00	2814.50	2814.00	2814.00	2813.00	2813.00	2812.50	2812.00	2811.00	2811.00	2810.50	2810.00	2809.00	2809.00	2808.00	2808.00	2807.50	2806.50	2806.00	2806.00	2805.00	2804.50	2804.00	2803.00	2802.00	2801.50	2800.00	2800.00	2799.00	2798.00	2797.00	2796.50	2796.00	2795.00	2795.00	2794.00	2794.00	2794.00	2794.00	2793.00	2793.00	2793.00	2793.00	2793.00	2793.00	2793.00	2793.00	2793.00	2793.00	2793.00	2792.50	2792.00	2791.00	2791.00	2790.50	2789.50	2788.50	2788.00	2787.00	2786.50	2786.00	2785.00	2784.50	2784.00	2783.00	2782.00	2781.50	2780.00	2780.00	2779.00	2778.00	2776.50	2776.00	2775.50	2774.00	2773.00	2772.00	2772.00	2771.50	2771.00	2770.00	2769.50	2769.00	2768.00	2768.00	2768.00	2767.00	2767.00	2766.50	2766.00	2766.00	2765.00	2765.00	2765.00	2764.50	2764.00	2763.50	2763.00	2763.00	2763.00	2763.00	2762.50	2762.00	2762.00	2761.50	2761.00	2761.00	2761.00	2761.00	2761.00	2760.50	2760.00	2760.00	2760.00	2760.00	2760.00	2759.50	2759.00	2759.00	2758.50	2758.00	2758.00	2757.00	2757.00	2756.00	2755.50	2755.00	2754.50	2753.50	2753.00
2876.00	2875.50	2875.00	2874.50	2874.00	2873.00	2872.50	2872.00	2871.00	2870.50	2870.00	2869.00	2869.00	2868.00	2868.00	2867.50	2867.00	2866.50	2866.00	2865.50	2865.00	2864.00	2864.00	2863.00	2863.00	2863.00	2863.00	2862.00	2862.00	2861.00	2861.00	2860.00	2859.50	2858.50	2857.50	2856.50	2856.00	2855.00	2853.50	2853.00	2851.50	2850.50	2850.00	2849.00	2847.50	2847.00	2846.00	2845.50	2845.00	2844.50	2844.00	2844.00	2844.00	2844.00	2844.00	2844.00	2844.00	2844.00	2844.00	2843.00	2843.00	2843.00	2843.00	2842.50	2842.00	2841.50	2841.00	2841.00	2841.00	2841.00	2840.00	2840.00	2840.00	2840.00	2839.00	2839.00	2839.00	2838.00	2838.00	2837.50	2836.50	2835.50	2835.00	2834.00	2833.00	2831.50	2831.00	2829.50	2828.50	2827.50	2826.00	2824.50	2823.00	2823.00	2821.50	2820.50	2819.00	2818.50	2818.00	2817.00	2817.00	2817.00	2817.00	2817.00	2817.00	2817.00	2817.00	2817.00	2817.00	2817.00	2817.00	2817.00	2817.00	2817.00	2817.00	2817.00	2816.00	2816.00	2816.00	2816.00	2816.00	2816.00	2816.00	2816.00	2815.00	2815.00	2815.00	2814.50	2814.00	2814.00	2813.00	2813.00	2812.50	2812.00	2811.00	2811.00	2810.50	2810.00	2809.00	2809.00	2808.00	2808.00	2807.50	2806.50	2806.00	2806.00	2805.00	2804.50	2804.00	2803.00	2802.00	2801.50	2800.00	2800.00	2799.00	2798.00	2797.00	2796.50	2796.00	2795.00	2795.00	2794.00	2794.00	2794.00	2794.00	2793.00	2793.00	2793.00	2793.00	2793.00	2793.00	2793.00	2793.00	2793.00	2793.00	2793.00	2792.50	2792.00	2791.00	2791.00	2790.50	2789.50	2788.50	2788.00	2787.00	2786.50	2786.00	2785.00	2784.50	2784.00	2783.00	2782.00	2781.50	2780.00	2780.00	2779.00	2778.00	2776.50	2776.00	2775.50	2774.00	2773.00	2772.00	2772.00	2771.50	2771.00	2770.00	2769.50	2769.00	2768.00	2768.00	2768.00	2767.00	2767.00	2766.50	2766.00	2766.00	2765.00	2765.00	2765.00	2764.50	2764.00	2763.50	2763.00	2763.00	2763.00	2763.00	2762.50	2762.00	2762.00	2761.50	2761.00	2761.00	2761.00	2761.00	2761.00	2760.50	2760.00	2760.00	2760.00	2760.00	2760.00	2759.50	2759.00	2759.00	2758.50	2758.00	2758.00	2757.00	2757.00	2756.00	2755.50	2755.00	2754.50	2753.50	2753.00
2876.00	2875.50	2874.75	2874.25	2874.00	2873.00	2872.50	2872.00	2871.00	2870.50	2870.00	2869.00	2869.00	2868.00	2868.00	2867.25	2866.75	2866.00	2865.50	2865.00	2864.50	2864.00	2863.50	2863.00	2862.50	2862.25	2862.00	2861.50	2861.25	2860.50	2860.50	2859.50	2859.00	2858.00	2857.00	2856.25	2855.50	2854.50	2853.00	2852.50	2851.00	2850.25	2849.75	2849.00	2847.50	2847.00	2846.00	2845.25	2845.00	2844.50	2844.00	2844.00	2844.00	2844.00	2844.00	2844.00	2844.00	2844.25	2844.50	2844.00	2844.00	2843.50	2843.50	2843.00	2842.50	2842.25	2841.75	2841.50	2841.50	2841.25	2840.50	2840.25	2840.00	2840.00	2839.50	2839.00	2838.50	2838.00	2837.75	2837.25	2836.50	2835.50	2834.75	2833.50	2832.50	2831.00	2830.50	2829.00	2828.00	2827.00	2825.50	2824.00	2822.50	2822.00	2820.50	2819.75	2818.50	2818.25	2817.75	2817.00	2817.00	2817.00	2817.00	2816.50	2816.50	2816.50	2816.50	2817.00	2817.00	2817.00	2817.00	2817.00	2817.00	2817.00	2817.00	2817.00	2816.00	2816.00	2816.00	2816.00	2816.00	2816.00	2816.00	2816.00	2815.50	2815.00	2815.00	2814.75	2814.25	2814.00	2813.50	2813.00	2812.75	2812.00	2811.50	2811.25	2810.75	2810.00	2809.50	2809.00	2808.50	2808.00	2807.75	2806.75	2806.25	2806.00	2805.50	2804.75	2804.25	2803.00	2802.25	2801.75	2800.50	2800.00	2799.00	2798.00	2797.00	2796.50	2796.00	2795.00	2794.75	2794.00	2793.50	2793.50	2793.25	2792.50	2792.50	2792.50	2792.50	2792.50	2792.50	2792.50	2792.50	2792.50	2792.50	2792.25	2791.75	2791.50	2791.00	2790.50	2790.00	2789.00	2788.25	2787.75	2786.50	2786.00	2785.00	2784.00	2783.50	2782.75	2781.75	2780.75	2780.25	2779.00	2778.50	2777.50	2776.50	2775.25	2774.75	2774.25	2773.00	2772.25	2771.50	2771.00	2770.75	2770.50	2769.50	2769.25	2769.00	2768.00	2768.00	2768.00	2767.25	2767.00	2766.75	2766.50	2766.00	2765.50	2765.50	2765.00	2764.75	2764.50	2763.75	2763.50	2763.50	2763.00	2763.00	2762.50	2762.00	2762.00	2761.75	2761.00	2761.00	2761.00	2761.00	2761.00	2760.50	2760.00	2760.00	2759.75	2759.50	2759.50	2759.25	2759.00	2758.50	2758.25	2757.75	2757.50	2756.75	2756.50	2755.50	2755.25	2754.75	2754.00	2753.25	2752.75
2876.00	2875.50	2874.50	2874.00	2874.00	2873.00	2872.50	2872.00	2871.00	2870.50	2870.00	2869.00	2869.00	2868.00	2868.00	2867.00	2866.50	2865.50	2865.00	2864.50	2864.00	2864.00	2863.00	2863.00	2862.00	2861.50	2861.00	2861.00	2860.50	2860.00	2860.00	2859.00	2858.50	2857.50	2856.50	2856.00	2855.00	2854.00	2852.50	2852.00	2850.50	2850.00	2849.50	2849.00	2847.50	2847.00	2846.00	2845.00	2845.00	2844.50	2844.00	2844.00	2844.00	2844.00	2844.00	2844.00	2844.00	2844.50	2845.00	2845.00	2845.00	2844.00	2844.00	2843.50	2843.00	2843.00	2842.50	2842.00	2842.00	2841.50	2841.00	2840.50	2840.00	2840.00	2840.00	2839.00	2838.00	2838.00	2837.50	2837.00	2836.50	2835.50	2834.50	2833.00	2832.00	2830.50	2830.00	2828.50	2827.50	2826.50	2825.00	2823.50	2822.00	2821.00	2819.50	2819.00	2818.00	2818.00	2817.50	2817.00	2817.00	2817.00	2817.00	2816.00	2816.00	2816.00	2816.00	2817.00	2817.00	2817.00	2817.00	2817.00	2817.00	2817.00	2817.00	2817.00	2816.00	2816.00	2816.00	2816.00	2816.00	2816.00	2816.00	2816.00	2816.00	2815.00	2815.00	2815.00	2814.50	2814.00	2814.00	2813.00	2813.00	2812.00	2812.00	2811.50	2811.00	2810.00	2810.00	2809.00	2809.00	2808.00	2808.00	2807.00	2806.50	2806.00	2806.00	2805.00	2804.50	2803.00	2802.50	2802.00	2801.00	2800.00	2799.00	2798.00	2797.00	2796.50	2796.00	2795.00	2794.50	2794.00	2793.00	2793.00	2792.50	2792.00	2792.00	2792.00	2792.00	2792.00	2792.00	2792.00	2792.00	2792.00	2792.00	2791.50	2791.00	2791.00	2791.00	2790.00	2789.50	2788.50	2788.00	2787.50	2786.00	2785.50	2784.00	2783.00	2782.50	2781.50	2780.50	2779.50	2779.00	2778.00	2777.00	2776.00	2775.00	2774.00	2773.50	2773.00	2772.00	2771.50	2771.00	2770.00	2770.00	2770.00	2769.00	2769.00	2769.00	2768.00	2768.00	2768.00	2767.50	2767.00	2767.00	2767.00	2766.00	2766.00	2766.00	2765.00	2765.00	2765.00	2764.00	2764.00	2764.00	2763.00	2763.00	2762.50	2762.00	2762.00	2762.00	2761.00	2761.00	2761.00	2761.00	2761.00	2760.50	2760.00	2760.00	2759.50	2759.00	2759.00	2759.00	2759.00	2758.00	2758.00	2757.50	2757.00	2756.50	2756.00	2755.00	2755.00	2754.50	2753.50	2753.00	2752.50
2876.00	2875.50	2874.50	2874.00	2874.00	2873.00	2872.50	2872.00	2871.00	2870.50	2870.00	2869.00	2869.00	2868.00	2868.00	2867.00	2866.50	2865.50	2865.00	2864.50	2864.00	2864.00	2863.00	2863.00	2862.00	2861.50	2861.00	2861.00	2860.50	2860.00	2860.00	2859.00	2858.50	2857.50	2856.50	2856.00	2855.00	2854.00	2852.50	2852.00	2850.50	2850.00	2849.50	2849.00	2847.50	2847.00	2846.00	2845.00	2845.00	2844.50	2844.00	2844.00	2844.00	2844.00	2844.00	2844.00	2844.00	2844.50	2845.00	2845.00	2845.00	2844.00	2844.00	2843.50	2843.00	2843.00	2842.50	2842.00	2842.00	2841.50	2841.00	2840.50	2840.00	2840.00	2840.00	2839.00	2838.00	2838.00	2837.50	2837.00	2836.50	2835.50	2834.50	2833.00	2832.00	2830.50	2830.00	2828.50	2827.50	2826.50	2825.00	2823.50	2822.00	2821.00	2819.50	2819.00	2818.00	2818.00	2817.50	2817.00	2817.00	2817.00	2817.00	2816.00	2816.00	2816.00	2816.00	2817.00	2817.00	2817.00	2817.00	2817.00	2817.00	2817.00	2817.00	2817.00	2816.00	2816.00	2816.00	2816.00	2816.00	2816.00	2816.00	2816.00	2816.00	2815.00	2815.00	2815.00	2814.50	2814.00	2814.00	2813.00	2813.00	2812.00	2812.00	2811.50	2811.00	2810.00	2810.00	2809.00	2809.00	2808.00	2808.00	2807.00	2806.50	2806.00	2806.00	2805.00	2804.50	2803.00	2802.50	2802.00	2801.00	2800.00	2799.00	2798.00	2797.00	2796.50	2796.00	2795.00	2794.50	2794.00	2793.00	2793.00	2792.50	2792.00	2792.00	2792.00	2792.00	2792.00	2792.00	2792.00	2792.00	2792.00	2792.00	2791.50	2791.00	2791.00	2791.00	2790.00	2789.50	2788.50	2788.00	2787.50	2786.00	2785.50	2784.00	2783.00	2782.50	2781.50	2780.50	2779.50	2779.00	2778.00	2777.00	2776.00	2775.00	2774.00	2773.50	2773.00	2772.00	2771.50	2771.00	2770.00	2770.00	2770.00	2769.00	2769.00	2769.00	2768.00	2768.00	2768.00	2767.50	2767.00	2767.00	2767.00	2766.00	2766.00	2766.00	2765.00	2765.00	2765.00	2764.00	2764.00	2764.00	2763.00	2763.00	2762.50	2762.00	2762.00	2762.00	2761.00	2761.00	2761.00	2761.00	2761.00	2760.50	2760.00	2760.00	2759.50	2759.00	2759.00	2759.00	2759.00	2758.00	2758.00	2757.50	2757.00	2756.50	2756.00	2755.00	2755.00	2754.50	2753.50	2753.00	2752.50
2876.00	2875.50	2874.50	2874.00	2874.00	2873.00	2872.50	2872.00	2871.00	2870.50	2870.00	2869.00	2869.00	2868.00	2868.00	2867.00	2866.50	2865.50	2865.00	2864.50	2864.00	2864.00	2863.00	2863.00	2862.00	2861.50	2861.00	2861.00	2860.50	2860.00	2860.00	2859.00	2858.50	2857.50	2856.50	2856.00	2855.00	2854.00	2852.50	2852.00	2850.50	2850.00	2849.50	2849.00	2847.50	2847.00	2846.00	2845.00	2845.00	2844.50	2844.00	2844.00	2844.00	2844.00	2844.00	2844.00	2844.00	2844.50	2845.00	2845.00	2845.00	2844.00	2844.00	2843.50	2843.00	2843.00	2842.50	2842.00	2842.00	2841.50	2841.00	2840.50	2840.00	2840.00	2840.00	2839.00	2838.00	2838.00	2837.50	2837.00	2836.50	2835.50	2834.50	2833.00	2832.00	2830.50	2830.00	2828.50	2827.50	2826.50	2825.00	2823.50	2822.00	2821.00	2819.50	2819.00	2818.00	2818.00	2817.50	2817.00	2817.00	2817.00	2817.00	2816.00	2816.00	2816.00	2816.00	2817.00	2817.00	2817.00	2817.00	2817.00	2817.00	2817.00	2817.00	2817.00	2816.00	2816.00	2816.00	2816.00	2816.00	2816.00	2816.00	2816.00	2816.00	2815.00	2815.00	2815.00	2814.50	2814.00	2814.00	2813.00	2813.00	2812.00	2812.00	2811.50	2811.00	2810.00	2810.00	2809.00	2809.00	2808.00	2808.00	2807.00	2806.50	2806.00	2806.00	2805.00	2804.50	2803.00	2802.50	2802.00	2801.00	2800.00	2799.00	2798.00	2797.00	2796.50	2796.00	2795.00	2794.50	2794.00	2793.00	2793.00	2792.50	2792.00	2792.00	2792.00	2792.00	2792.00	2792.00	2792.00	2792.00	2792.00	2792.00	2791.50	2791.00	2791.00	2791.00	2790.00	2789.50	2788.50	2788.00	2787.50	2786.00	2785.50	2784.00	2783.00	2782.50	2781.50	2780.50	2779.50	2779.00	2778.00	2777.00	2776.00	2775.00	2774.00	2773.50	2773.00	2772.00	2771.50	2771.00	2770.00	2770.00	2770.00	2769.00	2769.00	2769.00	2768.00	2768.00	2768.00	2767.50	2767.00	2767.00	2767.00	2766.00	2766.00	2766.00	2765.00	2765.00	2765.00	2764.00	2764.00	2764.00	2763.00	2763.00	2762.50	2762.00	2762.00	2762.00	2761.00	2761.00	2761.00	2761.00	2761.00	2760.50	2760.00	2760.00	2759.50	2759.00	2759.00	2759.00	2759.00	2758.00	2758.00	2757.50	2757.00	2756.50	2756.00	2755.00	2755.00	2754.50	2753.50	2753.00	2752.50
2875.75	2875.25	2874.50	2874.00	2873.50	2873.00	2872.25	2871.50	2870.75	2870.25	2869.75	2869.00	2868.50	2867.50	2867.50	2866.50	2866.00	2865.00	2864.50	2864.25	2863.50	2863.50	2862.50	2862.50	2861.50	2861.25	2860.75	2860.50	2860.00	2859.50	2859.00	2858.50	2858.00	2857.00	2856.00	2855.50	2854.50	2853.50	2852.50	2851.50	2850.00	2849.50	2849.00	2848.50	2847.25	2846.50	2846.00	2845.00	2845.00	2844.25	2844.00	2844.00	2844.00	2844.00	2844.00	2844.50	2844.50	2844.75	2845.00	2845.00	2845.00	2844.50	2844.50	2844.25	2843.75	2843.50	2843.25	2842.50	2842.50	2842.00	2841.50	2841.25	2840.75	2840.50	2840.50	2839.50	2838.50	2838.00	2837.50	2837.00	2836.25	2835.00	2834.00	2832.50	2831.50	2830.00	2829.00	2827.50	2826.50	2825.50	2824.00	2822.50	2821.00	2820.00	2819.00	2818.25	2817.25	2817.00	2816.75	2816.50	2816.50	2816.50	2816.50	2816.00	2816.00	2816.00	2816.00	2816.50	2816.50	2816.50	2816.75	2817.00	2817.00	2817.00	2817.00	2817.00	2816.25	2816.00	2816.50	2816.50	2816.50	2816.00	2816.00	2816.00	2816.00	2815.50	2815.50	2815.25	2814.75	2814.50	2814.50	2813.50	2813.50	2813.00	2812.50	2812.25	2811.75	2811.00	2810.25	2809.50	2809.00	2808.50	2808.25	2807.50	2807.00	2806.50	2806.00	2805.25	2804.75	2803.50	2802.75	2802.25	2801.00	2800.50	2799.25	2798.00	2797.00	2796.50	2795.75	2794.75	2794.25	2793.50	2793.00	2792.50	2792.25	2791.50	2791.50	2791.50	2791.50	2791.50	2791.50	2791.50	2791.50	2791.50	2791.50	2790.75	2790.50	2790.50	2790.00	2789.50	2789.25	2788.00	2787.25	2786.75	2785.50	2784.50	2783.50	2782.50	2781.50	2780.50	2779.25	2778.25	2777.75	2776.50	2776.00	2774.75	2774.00	2773.00	2772.50	2772.00	2771.50	2770.75	2770.50	2769.75	2769.50	2769.50	2769.00	2769.00	2769.00	2768.50	2768.50	2768.50	2767.75	2767.50	2767.50	2767.50	2766.50	2766.50	2766.50	2765.50	2765.50	2765.50	2764.50	2764.50	2764.50	2763.50	2763.25	2762.75	2762.50	2762.25	2762.00	2761.50	2761.50	2761.00	2761.00	2761.00	2760.50	2760.00	2760.00	2759.75	2759.00	2759.00	2759.00	2759.00	2758.25	2758.00	2757.50	2757.00	2756.50	2756.00	2755.00	2754.75	2754.25	2753.25	2752.75	2752.25
2875.50	2875.00	2874.50	2874.00	2873.00	2873.00	2872.00	2871.00	2870.50	2870.00	2869.50	2869.00	2868.00	2867.00	2867.00	2866.00	2865.50	2864.50	2864.00	2864.00	2863.00	2863.00	2862.00	2862.00	2861.00	2861.00	2860.50	2860.00	2859.50	2859.00	2858.00	2858.00	2857.50	2856.50	2855.50	2855.00	2854.00	2853.00	2852.50	2851.00	2849.50	2849.00	2848.50	2848.00	2847.00	2846.00	2846.00	2845.00	2845.00	2844.00	2844.00	2844.00	2844.00	2844.00	2844.00	2845.00	2845.00	2845.00	2845.00	2845.00	2845.00	2845.00	2845.00	2845.00	2844.50	2844.00	2844.00	2843.00	2843.00	2842.50	2842.00	2842.00	2841.50	2841.00	2841.00	2840.00	2839.00	2838.00	2837.50	2837.00	2836.00	2834.50	2833.50	2832.00	2831.00	2829.50	2828.00	2826.50	2825.50	2824.50	2823.00	2821.50	2820.00	2819.00	2818.50	2817.50	2816.50	2816.00	2816.00	2816.00	2816.00	2816.00	2816.00	2816.00	2816.00	2816.00	2816.00	2816.00	2816.00	2816.00	2816.50	2817.00	2817.00	2817.00	2817.00	2817.00	2816.50	2816.00	2817.00	2817.00	2817.00	2816.00	2816.00	2816.00	2816.00	2816.00	2816.00	2815.50	2815.00	2815.00	2815.00	2814.00	2814.00	2814.00	2813.00	2813.00	2812.50	2812.00	2810.50	2810.00	2809.00	2809.00	2808.50	2808.00	2807.50	2807.00	2806.00	2805.50	2805.00	2804.00	2803.00	2802.50	2801.00	2801.00	2799.50	2798.00	2797.00	2796.50	2795.50	2794.50	2794.00	2793.00	2793.00	2792.00	2792.00	2791.00	2791.00	2791.00	2791.00	2791.00	2791.00	2791.00	2791.00	2791.00	2791.00	2790.00	2790.00	2790.00	2789.00	2789.00	2789.00	2787.50	2786.50	2786.00	2785.00	2783.50	2783.00	2782.00	2780.50	2779.50	2778.00	2777.00	2776.50	2775.00	2775.00	2773.50	2773.00	2772.00	2771.50	2771.00	2771.00	2770.00	2770.00	2769.50	2769.00	2769.00	2769.00	2769.00	2769.00	2769.00	2769.00	2769.00	2768.00	2768.00	2768.00	2768.00	2767.00	2767.00	2767.00	2766.00	2766.00	2766.00	2765.00	2765.00	2765.00	2764.00	2763.50	2763.00	2763.00	2762.50	2762.00	2762.00	2762.00	2761.00	2761.00	2761.00	2760.50	2760.00	2760.00	2760.00	2759.00	2759.00	2759.00	2759.00	2758.50	2758.00	2757.50	2757.00	2756.50	2756.00	2755.00	2754.50	2754.00	2753.00	2752.50	2752.00
2875.50	2875.00	2874.50	2874.00	2873.00	2873.00	2872.00	2871.00	2870.50	2870.00	2869.50	2869.00	2868.00	2867.00	2867.00	2866.00	2865.50	2864.50	2864.00	2864.00	2863.00	2863.00	2862.00	2862.00	2861.00	2861.00	2860.50	2860.00	2859.50	2859.00	2858.00	2858.00	2857.50	2856.50	2855.50	2855.00	2854.00	2853.00	2852.50	2851.00	2849.50	2849.00	2848.50	2848.00	2847.00	2846.00	2846.00	2845.00	2845.00	2844.00	2844.00	2844.00	2844.00	2844.00	2844.00	2845.00	2845.00	2845.00	2845.00	2845.00	2845.00	2845.00	2845.00	2845.00	2844.50	2844.00	2844.00	2843.00	2843.00	2842.50	2842.00	2842.00	2841.50	2841.00	2841.00	2840.00	2839.00	2838.00	2837.50	2837.00	2836.00	2834.50	2833.50	2832.00	2831.00	2829.50	2828.00	2826.50	2825.50	2824.50	2823.00	2821.50	2820.00	2819.00	2818.50	2817.50	2816.50	2816.00	2816.00	2816.00	2816.00	2816.00	2816.00	2816.00	2816.00	2816.00	2816.00	2816.00	2816.00	2816.00	2816.50	2817.00	2817.00	2817.00	2817.00	2817.00	2816.50	2816.00	2817.00	2817.00	2817.00	2816.00	2816.00	2816.00	2816.00	2816.00	2816.00	2815.50	2815.00	2815.00	2815.00	2814.00	2814.00	2814.00	2813.00	2813.00	2812.50	2812.00	2810.50	2810.00	2809.00	2809.00	2808.50	2808.00	2807.50	2807.00	2806.00	2805.50	2805.00	2804.00	2803.00	2802.50	2801.00	2801.00	2799.50	2798.00	2797.00	2796.50	2795.50	2794.50	2794.00	2793.00	2793.00	2792.00	2792.00	2791.00	2791.00	2791.00	2791.00	2791.00	2791.00	2791.00	2791.00	2791.00	2791.00	2790.00	2790.00	2790.00	2789.00	2789.00	2789.00	2787.50	2786.50	2786.00	2785.00	2783.50	2783.00	2782.00	2780.50	2779.50	2778.00	2777.00	2776.50	2775.00	2775.00	2773.50	2773.00	2772.00	2771.50	2771.00	2771.00	2770.00	2770.00	2769.50	2769.00	2769.00	2769.00	2769.00	2769.00	2769.00	2769.00	2769.00	2768.00	2768.00	2768.00	2768.00	2767.00	2767.00	2767.00	2766.00	2766.00	2766.00	2765.00	2765.00	2765.00	2764.00	2763.50	2763.00	2763.00	2762.50	2762.00	2762.00	2762.00	2761.00	2761.00	2761.00	2760.50	2760.00	2760.00	2760.00	2759.00	2759.00	2759.00	2759.00	2758.50	2758.00	2757.50	2757.00	2756.50	2756.00	2755.00	2754.50	2754.00	2753.00	2752.50	2752.00
2875.50	2875.00	2874.50	2874.00	2873.00	2873.00	2872.00	2871.00	2870.50	2870.00	2869.50	2869.00	2868.00	2867.00	2867.00	2866.00	2865.50	2864.50	2864.00	2864.00	2863.00	2863.00	2862.00	2862.00	2861.00	2861.00	2860.50	2860.00	2859.50	2859.00	2858.00	2858.00	2857.50	2856.50	2855.50	2855.00	2854.00	2853.00	2852.50	2851.00	2849.50	2849.00	2848.50	2848.00	2847.00	2846.00	2846.00	2845.00	2845.00	2844.00	2844.00	2844.00	2844.00	2844.00	2844.00	2845.00	2845.00	2845.00	2845.00	2845.00	2845.00	2845.00	2845.00	2845.00	2844.50	2844.00	2844.00	2843.00	2843.00	2842.50	2842.00	2842.00	2841.50	2841.00	2841.00	2840.00	2839.00	2838.00	2837.50	2837.00	2836.00	2834.50	2833.50	2832.00	2831.00	2829.50	2828.00	2826.50	2825.50	2824.50	2823.00	2821.50	2820.00	2819.00	2818.50	2817.50	2816.50	2816.00	2816.00	2816.00	2816.00	2816.00	2816.00	2816.00	2816.00	2816.00	2816.00	2816.00	2816.00	2816.00	2816.50	2817.00	2817.00	2817.00	2817.00	2817.00	2816.50	2816.00	2817.00	2817.00	2817.00	2816.00	2816.00	2816.00	2816.00	2816.00	2816.00	2815.50	2815.00	2815.00	2815.00	2814.00	2814.00	2814.00	2813.00	2813.00	2812.50	2812.00	2810.50	2810.00	2809.00	2809.00	2808.50	2808.00	2807.50	2807.00	2806.00	2805.50	2805.00	2804.00	2803.00	2802.50	2801.00	2801.00	2799.50	2798.00	2797.00	2796.50	2795.50	2794.50	2794.00	2793.00	2793.00	2792.00	2792.00	2791.00	2791.00	2791.00	2791.00	2791.00	2791.00	2791.00	2791.00	2791.00	2791.00	2790.00	2790.00	2790.00	2789.00	2789.00	2789.00	2787.50	2786.50	2786.00	2785.00	2783.50	2783.00	2782.00	2780.50	2779.50	2778.00	2777.00	2776.50	2775.00	2775.00	2773.50	2773.00	2772.00	2771.50	2771.00	2771.00	2770.00	2770.00	2769.50	2769.00	2769.00	2769.00	2769.00	2769.00	2769.00	2769.00	2769.00	2768.00	2768.00	2768.00	2768.00	2767.00	2767.00	2767.00	2766.00	2766.00	2766.00	2765.00	2765.00	2765.00	2764.00	2763.50	2763.00	2763.00	2762.50	2762.00	2762.00	2762.00	2761.00	2761.00	2761.00	2760.50	2760.00	2760.00	2760.00	2759.00	2759.00	2759.00	2759.00	2758.50	2758.00	2757.50	2757.00	2756.50	2756.00	2755.00	2754.50	2754.00	2753.00	2752.50	2752.00
2875.25	2874.75	2874.25	2873.75	2873.00	2872.50	2871.75	2871.00	2870.25	2869.75	2869.25	2869.00	2867.75	2867.00	2866.50	2865.50	2865.00	2864.00	2863.50	2863.50	2862.50	2862.50	2861.75	2861.50	2860.75	2860.50	2860.00	2859.50	2859.00	2858.50	2858.00	2857.50	2857.25	2856.50	2855.50	2855.00	2854.00	2853.50	2852.50	2851.50	2850.00	2849.25	2848.50	2848.00	2847.00	2846.00	2846.00	2845.00	2845.00	2844.00	2844.00	2844.00	2844.00	2844.00	2844.00	2844.50	2844.50	2844.75	2845.00	2845.00	2845.00	2845.00	2845.00	2845.00	2844.75	2844.50	2844.50	2843.50	2843.50	2843.25	2842.50	2842.50	2842.00	2841.50	2841.00	2840.25	2839.00	2838.50	2837.50	2836.75	2835.75	2834.50	2833.50	2832.00	2831.00	2829.00	2827.50	2825.50	2824.50	2823.50	2822.00	2820.75	2819.50	2818.50	2817.75	2817.00	2816.00	2815.50	2815.50	2815.50	2815.50	2815.50	2816.00	2816.00	2816.00	2816.00	2816.00	2816.00	2816.00	2816.00	2816.25	2816.50	2817.00	2817.00	2817.00	2817.00	2816.75	2816.50	2817.00	2817.00	2817.00	2816.50	2816.50	2816.50	2816.50	2816.50	2816.50	2816.00	2815.50	2815.50	2815.50	2815.00	2814.50	2814.50	2813.50	2813.50	2813.00	2812.50	2811.25	2811.00	2810.00	2809.75	2809.25	2808.50	2808.00	2807.25	2806.50	2805.75	2805.25	2804.00	2803.25	2802.50	2801.50	2801.00	2799.50	2798.00	2797.25	2796.50	2795.75	2794.50	2794.00	2793.00	2793.00	2792.00	2791.75	2791.00	2790.75	2790.50	2790.50	2790.50	2790.50	2790.50	2790.00	2790.00	2790.00	2789.50	2789.50	2789.00	2788.50	2788.25	2788.00	2786.75	2786.00	2785.25	2784.00	2782.75	2782.00	2781.00	2779.50	2778.50	2777.25	2776.25	2775.50	2774.00	2774.00	2772.75	2772.00	2771.25	2770.75	2770.50	2770.00	2769.50	2769.50	2769.25	2769.00	2769.00	2769.00	2769.00	2769.00	2769.00	2769.00	2769.00	2768.50	2768.50	2768.50	2768.50	2767.50	2767.50	2767.50	2766.75	2766.50	2766.50	2765.75	2765.50	2765.50	2764.50	2764.00	2763.50	2763.25	2762.75	2762.50	2762.00	2762.00	2761.50	2761.00	2761.00	2760.75	2760.50	2760.00	2760.00	2759.50	2759.50	2759.50	2759.00	2758.75	2758.25	2757.75	2757.00	2756.50	2756.00	2755.00	2754.50	2754.00	2752.75	2752.25	2751.75
2875.00	2874.50	2874.00	2873.50	2873.00	2872.00	2871.50	2871.00	2870.00	2869.50	2869.00	2869.00	2867.50	2867.00	2866.00	2865.00	2864.50	2863.50	2863.00	2863.00	2862.00	2862.00	2861.50	2861.00	2860.50	2860.00	2859.50	2859.00	2858.50	2858.00	2858.00	2857.00	2857.00	2856.50	2855.50	2855.00	2854.00	2854.00	2852.50	2852.00	2850.50	2849.50	2848.50	2848.00	2847.00	2846.00	2846.00	2845.00	2845.00	2844.00	2844.00	2844.00	2844.00	2844.00	2844.00	2844.00	2844.00	2844.50	2845.00	2845.00	2845.00	2845.00	2845.00	2845.00	2845.00	2845.00	2845.00	2844.00	2844.00	2844.00	2843.00	2843.00	2842.50	2842.00	2841.00	2840.50	2839.00	2839.00	2837.50	2836.50	2835.50	2834.50	2833.50	2832.00	2831.00	2828.50	2827.00	2824.50	2823.50	2822.50	2821.00	2820.00	2819.00	2818.00	2817.00	2816.50	2815.50	2815.00	2815.00	2815.00	2815.00	2815.00	2816.00	2816.00	2816.00	2816.00	2816.00	2816.00	2816.00	2816.00	2816.00	2816.00	2817.00	2817.00	2817.00	2817.00	2817.00	2817.00	2817.00	2817.00	2817.00	2817.00	2817.00	2817.00	2817.00	2817.00	2817.00	2816.50	2816.00	2816.00	2816.00	2816.00	2815.00	2815.00	2814.00	2814.00	2813.50	2813.00	2812.00	2812.00	2811.00	2810.50	2810.00	2809.00	2808.50	2807.50	2807.00	2806.00	2805.50	2804.00	2803.50	2802.50	2802.00	2801.00	2799.50	2798.00	2797.50	2796.50	2796.00	2794.50	2794.00	2793.00	2793.00	2792.00	2791.50	2791.00	2790.50	2790.00	2790.00	2790.00	2790.00	2790.00	2789.00	2789.00	2789.00	2789.00	2789.00	2788.00	2788.00	2787.50	2787.00	2786.00	2785.50	2784.50	2783.00	2782.00	2781.00	2780.00	2778.50	2777.50	2776.50	2775.50	2774.50	2773.00	2773.00	2772.00	2771.00	2770.50	2770.00	2770.00	2769.00	2769.00	2769.00	2769.00	2769.00	2769.00	2769.00	2769.00	2769.00	2769.00	2769.00	2769.00	2769.00	2769.00	2769.00	2769.00	2768.00	2768.00	2768.00	2767.50	2767.00	2767.00	2766.50	2766.00	2766.00	2765.00	2764.50	2764.00	2763.50	2763.00	2763.00	2762.00	2762.00	2762.00	2761.00	2761.00	2761.00	2761.00	2760.00	2760.00	2760.00	2760.00	2760.00	2759.00	2759.00	2758.50	2758.00	2757.00	2756.50	2756.00	2755.00	2754.50	2754.00	2752.50	2752.00	2751.50
2875.00	2874.50	2874.00	2873.50	2873.00	2872.00	2871.50	2871.00	2870.00	2869.50	2869.00	2869.00	2867.50	2867.00	2866.00	2865.00	2864.50	2863.50	2863.00	2863.00	2862.00	2862.00	2861.50	2861.00	2860.50	2860.00	2859.50	2859.00	2858.50	2858.00	2858.00	2857.00	2857.00	2856.50	2855.50	2855.00	2854.00	2854.00	2852.50	2852.00	2850.50	2849.50	2848.50	2848.00	2847.00	2846.00	2846.00	2845.00	2845.00	2844.00	2844.00	2844.00	2844.00	2844.00	2844.00	2844.00	2844.00	2844.50	2845.00	2845.00	2845.00	2845.00	2845.00	2845.00	2845.00	2845.00	2845.00	2844.00	2844.00	2844.00	2843.00	2843.00	2842.50	2842.00	2841.00	2840.50	2839.00	2839.00	2837.50	2836.50	2835.50	2834.50	2833.50	2832.00	2831.00	2828.50	2827.00	2824.50	2823.50	2822.50	2821.00	2820.00	2819.00	2818.00	2817.00	2816.50	2815.50	2815.00	2815.00	2815.00	2815.00	2815.00	2816.00	2816.00	2816.00	2816.00	2816.00	2816.00	2816.00	2816.00	2816.00	2816.00	2817.00	2817.00	2817.00	2817.00	2817.00	2817.00	2817.00	2817.00	2817.00	2817.00	2817.00	2817.00	2817.00	2817.00	2817.00	2816.50	2816.00	2816.00	2816.00	2816.00	2815.00	2815.00	2814.00	2814.00	2813.50	2813.00	2812.00	2812.00	2811.00	2810.50	2810.00	2809.00	2808.50	2807.50	2807.00	2806.00	2805.50	2804.00	2803.50	2802.50	2802.00	2801.00	2799.50	2798.00	2797.50	2796.50	2796.00	2794.50	2794.00	2793.00	2793.00	2792.00	2791.50	2791.00	2790.50	2790.00	2790.00	2790.00	2790.00	2790.00	2789.00	2789.00	2789.00	2789.00	2789.00	2788.00	2788.00	2787.50	2787.00	2786.00	2785.50	2784.50	2783.00	2782.00	2781.00	2780.00	2778.50	2777.50	2776.50	2775.50	2774.50	2773.00	2773.00	2772.00	2771.00	2770.50	2770.00	2770.00	2769.00	2769.00	2769.00	2769.00	2769.00	2769.00	2769.00	2769.00	2769.00	2769.00	2769.00	2769.00	2769.00	2769.00	2769.00	2769.00	2768.00	2768.00	2768.00	2767.50	2767.00	2767.00	2766.50	2766.00	2766.00	2765.00	2764.50	2764.00	2763.50	2763.00	2763.00	2762.00	2762.00	2762.00	2761.00	2761.00	2761.00	2761.00	2760.00	2760.00	2760.00	2760.00	2760.00	2759.00	2759.00	2758.50	2758.00	2757.00	2756.50	2756.00	2755.00	2754.50	2754.00	2752.50	2752.00	2751.50
2875.00	2874.50	2874.00	2873.50	2873.00	2872.00	2871.50	2871.00	2870.00	2869.50	2869.00	2869.00	2867.50	2867.00	2866.00	2865.00	2864.50	2863.50	2863.00	2863.00	2862.00	2862.00	2861.50	2861.00	2860.50	2860.00	2859.50	2859.00	2858.50	2858.00	2858.00	2857.00	2857.00	2856.50	2855.50	2855.00	2854.00	2854.00	2852.50	2852.00	2850.50	2849.50	2848.50	2848.00	2847.00	2846.00	2846.00	2845.00	2845.00	2844.00	2844.00	2844.00	2844.00	2844.00	2844.00	2844.00	2844.00	2844.50	2845.00	2845.00	2845.00	2845.00	2845.00	2845.00	2845.00	2845.00	2845.00	2844.00	2844.00	2844.00	2843.00	2843.00	2842.50	2842.00	2841.00	2840.50	2839.00	2839.00	2837.50	2836.50	2835.50	2834.50	2833.50	2832.00	2831.00	2828.50	2827.00	2824.50	2823.50	2822.50	2821.00	2820.00	2819.00	2818.00	2817.00	2816.50	2815.50	2815.00	2815.00	2815.00	2815.00	2815.00	2816.00	2816.00	2816.00	2816.00	2816.00	2816.00	2816.00	2816.00	2816.00	2816.00	2817.00	2817.00	2817.00	2817.00	2817.00	2817.00	2817.00	2817.00	2817.00	2817.00	2817.00	2817.00	2817.00	2817.00	2817.00	2816.50	2816.00	2816.00	2816.00	2816.00	2815.00	2815.00	2814.00	2814.00	2813.50	2813.00	2812.00	2812.00	2811.00	2810.50	2810.00	2809.00	2808.50	2807.50	2807.00	2806.00	2805.50	2804.00	2803.50	2802.50	2802.00	2801.00	2799.50	2798.00	2797.50	2796.50	2796.00	2794.50	2794.00	2793.00	2793.00	2792.00	2791.50	2791.00	2790.50	2790.00	2790.00	2790.00	2790.00	2790.00	2789.00	2789.00	2789.00	2789.00	2789.00	2788.00	2788.00	2787.50	2787.00	2786.00	2785.50	2784.50	2783.00	2782.00	2781.00	2780.00	2778.50	2777.50	2776.50	2775.50	2774.50	2773.00	2773.00	2772.00	2771.00	2770.50	2770.00	2770.00	2769.00	2769.00	2769.00	2769.00	2769.00	2769.00	2769.00	2769.00	2769.00	2769.00	2769.00	2769.00	2769.00	2769.00	2769.00	2769.00	2768.00	2768.00	2768.00	2767.50	2767.00	2767.00	2766.50	2766.00	2766.00	2765.00	2764.50	2764.00	2763.50	2763.00	2763.00	2762.00	2762.00	2762.00	2761.00	2761.00	2761.00	2761.00	2760.00	2760.00	2760.00	2760.00	2760.00	2759.00	2759.00	2758.50	2758.00	2757.00	2756.50	2756.00	2755.00	2754.50	2754.00	2752.50	2752.00	2751.50
2874.50	2874.25	2873.50	2873.00	2872.50	2871.50	2871.00	2870.50	2869.50	2869.00	2868.50	2868.00	2867.00	2866.50	2865.50	2864.75	2864.00	2863.00	2862.25	2862.00	2861.50	2861.00	2860.75	2860.00	2859.75	2859.25	2858.75	2858.50	2858.25	2858.00	2857.50	2857.00	2857.00	2856.50	2855.75	2855.25	2854.50	2854.00	2852.75	2852.00	2851.00	2850.00	2849.00	2848.50	2847.25	2846.00	2845.50	2845.00	2844.75	2844.00	2844.00	2844.00	2844.00	2844.00	2844.00	2844.00	2844.00	2844.50	2845.00	2845.00	2845.00	2845.00	2845.00	2845.00	2845.00	2845.00	2845.00	2844.50	2844.00	2844.00	2843.00	2843.00	2842.50	2842.00	2841.00	2840.50	2839.00	2839.00	2837.50	2836.50	2835.25	2834.00	2833.00	2831.50	2830.50	2828.25	2826.50	2824.50	2823.25	2822.00	2820.50	2819.25	2818.50	2817.50	2816.75	2816.25	2815.50	2815.00	2815.00	2815.00	2815.00	2815.00	2815.50	2815.50	2815.50	2815.50	2816.00	2816.00	2816.00	2816.50	2816.50	2816.50	2817.00	2817.00	2817.00	2817.00	2817.00	2817.00	2817.00	2817.00	2817.00	2817.00	2817.00	2817.00	2817.00	2817.00	2817.00	2816.75	2816.50	2816.50	2816.50	2816.50	2815.75	2815.50	2814.50	2814.50	2814.00	2813.50	2812.50	2812.50	2811.50	2811.00	2810.25	2809.25	2808.75	2808.00	2807.00	2806.25	2805.50	2804.50	2803.50	2802.75	2802.00	2801.00	2799.75	2798.50	2797.50	2796.75	2796.25	2794.75	2794.25	2793.00	2793.00	2791.75	2791.25	2790.75	2790.25	2790.00	2790.00	2789.50	2789.50	2789.50	2788.75	2788.50	2788.50	2788.25	2788.00	2787.50	2787.50	2786.75	2786.25	2785.25	2784.50	2783.50	2782.50	2781.25	2780.00	2779.00	2777.50	2776.75	2775.75	2774.75	2774.00	2773.00	2772.50	2771.75	2771.00	2770.50	2770.00	2770.00	2769.50	2769.50	2769.50	2769.50	2769.50	2769.50	2769.50	2769.50	2769.50	2769.50	2769.50	2769.50	2769.50	2769.50	2769.50	2769.50	2769.00	2768.50	2768.50	2768.00	2767.50	2767.50	2767.00	2766.50	2766.50	2765.50	2765.00	2764.50	2764.00	2763.50	2763.50	2762.50	2762.50	2762.00	2761.50	2761.25	2761.00	2761.00	2760.50	2760.50	2760.50	2760.50	2760.00	2759.50	2759.00	2758.50	2758.00	2757.00	2756.50	2755.50	2755.00	2754.25	2753.75	2752.25	2751.75	2751.00
2874.00	2874.00	2873.00	2872.50	2872.00	2871.00	2870.50	2870.00	2869.00	2868.50	2868.00	2867.00	2866.50	2866.00	2865.00	2864.50	2863.50	2862.50	2861.50	2861.00	2861.00	2860.00	2860.00	2859.00	2859.00	2858.50	2858.00	2858.00	2858.00	2858.00	2857.00	2857.00	2857.00	2856.50	2856.00	2855.50	2855.00	2854.00	2853.00	2852.00	2851.50	2850.50	2849.50	2849.00	2847.50	2846.00	2845.00	2845.00	2844.50	2844.00	2844.00	2844.00	2844.00	2844.00	2844.00	2844.00	2844.00	2844.50	2845.00	2845.00	2845.00	2845.00	2845.00	2845.00	2845.00	2845.00	2845.00	2845.00	2844.00	2844.00	2843.00	2843.00	2842.50	2842.00	2841.00	2840.50	2839.00	2839.00	2837.50	2836.50	2835.00	2833.50	2832.50	2831.00	2830.00	2828.00	2826.00	2824.50	2823.00	2821.50	2820.00	2818.50	2818.00	2817.00	2816.50	2816.00	2815.50	2815.00	2815.00	2815.00	2815.00	2815.00	2815.00	2815.00	2815.00	2815.00	2816.00	2816.00	2816.00	2817.00	2817.00	2817.00	2817.00	2817.00	2817.00	2817.00	2817.00	2817.00	2817.00	2817.00	2817.00	2817.00	2817.00	2817.00	2817.00	2817.00	2817.00	2817.00	2817.00	2817.00	2817.00	2817.00	2816.50	2816.00	2815.00	2815.00	2814.50	2814.00	2813.00	2813.00	2812.00	2811.50	2810.50	2809.50	2809.00	2808.50	2807.00	2806.50	2805.50	2805.00	2803.50	2803.00	2802.00	2801.00	2800.00	2799.00	2797.50	2797.00	2796.50	2795.00	2794.50	2793.00	2793.00	2791.50	2791.00	2790.50	2790.00	2790.00	2790.00	2789.00	2789.00	2789.00	2788.50	2788.00	2788.00	2787.50	2787.00	2787.00	2787.00	2786.00	2785.50	2784.50	2783.50	2782.50	2782.00	2780.50	2779.00	2778.00	2776.50	2776.00	2775.00	2774.00	2773.50	2773.00	2772.00	2771.50	2771.00	2770.50	2770.00	2770.00	2770.00	2770.00	2770.00	2770.00	2770.00	2770.00	2770.00	2770.00	2770.00	2770.00	2770.00	2770.00	2770.00	2770.00	2770.00	2770.00	2770.00	2769.00	2769.00	2768.50	2768.00	2768.00	2767.50	2767.00	2767.00	2766.00	2765.50	2765.00	2764.50	2764.00	2764.00	2763.00	2763.00	2762.00	2762.00	2761.50	2761.00	2761.00	2761.00	2761.00	2761.00	2761.00	2760.00	2760.00	2759.00	2758.50	2758.00	2757.00	2756.50	2755.00	2755.00	2754.00	2753.50	2752.00	2751.50	2750.50
2874.00	2874.00	2873.00	2872.50	2872.00	2871.00	2870.50	2870.00	2869.00	2868.50	2868.00	2867.00	2866.50	2866.00	2865.00	2864.50	2863.50	2862.50	2861.50	2861.00	2861.00	2860.00	2860.00	2859.00	2859.00	2858.50	2858.00	2858.00	2858.00	2858.00	2857.00	2857.00	2857.00	2856.50	2856.00	2855.50	2855.00	2854.00	2853.00	2852.00	2851.50	2850.50	2849.50	2849.00	2847.50	2846.00	2845.00	2845.00	2844.50	2844.00	2844.00	2844.00	2844.00	2844.00	2844.00	2844.00	2844.00	2844.50	2845.00	2845.00	2845.00	2845.00	2845.00	2845.00	2845.00	2845.00	2845.00	2845.00	2844.00	2844.00	2843.00	2843.00	2842.50	2842.00	2841.00	2840.50	2839.00	2839.00	2837.50	2836.50	2835.00	2833.50	2832.50	2831.00	2830.00	2828.00	2826.00	2824.50	2823.00	2821.50	2820.00	2818.50	2818.00	2817.00	2816.50	2816.00	2815.50	2815.00	2815.00	2815.00	2815.00	2815.00	2815.00	2815.00	2815.00	2815.00	2816.00	2816.00	2816.00	2817.00	2817.00	2817.00	2817.00	2817.00	2817.00	2817.00	2817.00	2817.00	2817.00	2817.00	2817.00	2817.00	2817.00	2817.00	2817.00	2817.00	2817.00	2817.00	2817.00	2817.00	2817.00	2817.00	2816.50	2816.00	2815.00	2815.00	2814.50	2814.00	2813.00	2813.00	2812.00	2811.50	2810.50	2809.50	2809.00	2808.50	2807.00	2806.50	2805.50	2805.00	2803.50	2803.00	2802.00	2801.00	2800.00	2799.00	2797.50	2797.00	2796.50	2795.00	2794.50	2793.00	2793.00	2791.50	2791.00	2790.50	2790.00	2790.00	2790.00	2789.00	2789.00	2789.00	2788.50	2788.00	2788.00	2787.50	2787.00	2787.00	2787.00	2786.00	2785.50	2784.50	2783.50	2782.50	2782.00	2780.50	2779.00	2778.00	2776.50	2776.00	2775.00	2774.00	2773.50	2773.00	2772.00	2771.50	2771.00	2770.50	2770.00	2770.00	2770.00	2770.00	2770.00	2770.00	2770.00	2770.00	2770.00	2770.00	2770.00	2770.00	2770.00	2770.00	2770.00	2770.00	2770.00	2770.00	2770.00	2769.00	2769.00	2768.50	2768.00	2768.00	2767.50	2767.00	2767.00	2766.00	2765.50	2765.00	2764.50	2764.00	2764.00	2763.00	2763.00	2762.00	2762.00	2761.50	2761.00	2761.00	2761.00	2761.00	2761.00	2761.00	2760.00	2760.00	2759.00	2758.50	2758.00	2757.00	2756.50	2755.00	2755.00	2754.00	2753.50	2752.00	2751.50	2750.50
2874.00	2874.00	2873.00	2872.50	2872.00	2871.00	2870.50	2870.00	2869.00	2868.50	2868.00	2867.00	2866.50	2866.00	2865.00	2864.50	2863.50	2862.50	2861.50	2861.00	2861.00	2860.00	2860.00	2859.00	2859.00	2858.50	2858.00	2858.00	2858.00	2858.00	2857.00	2857.00	2857.00	2856.50	2856.00	2855.50	2855.00	2854.00	2853.00	2852.00	2851.50	2850.50	2849.50	2849.00	2847.50	2846.00	2845.00	2845.00	2844.50	2844.00	2844.00	2844.00	2844.00	2844.00	2844.00	2844.00	2844.00	2844.50	2845.00	2845.00	2845.00	2845.00	2845.00	2845.00	2845.00	2845.00	2845.00	2845.00	2844.00	2844.00	2843.00	2843.00	2842.50	2842.00	2841.00	2840.50	2839.00	2839.00	2837.50	2836.50	2835.00	2833.50	2832.50	2831.00	2830.00	2828.00	2826.00	2824.50	2823.00	2821.50	2820.00	2818.50	2818.00	2817.00	2816.50	2816.00	2815.50	2815.00	2815.00	2815.00	2815.00	2815.00	2815.00	2815.00	2815.00	2815.00	2816.00	2816.00	2816.00	2817.00	2817.00	2817.00	2817.00	2817.00	2817.00	2817.00	2817.00	2817.00	2817.00	2817.00	2817.00	2817.00	2817.00	2817.00	2817.00	2817.00	2817.00	2817.00	2817.00	2817.00	2817.00	2817.00	2816.50	2816.00	2815.00	2815.00	2814.50	2814.00	2813.00	2813.00	2812.00	2811.50	2810.50	2809.50	2809.00	2808.50	2807.00	2806.50	2805.50	2805.00	2803.50	2803.00	2802.00	2801.00	2800.00	2799.00	2797.50	2797.00	2796.50	2795.00	2794.50	2793.00	2793.00	2791.50	2791.00	2790.50	2790.00	2790.00	2790.00	2789.00	2789.00	2789.00	2788.50	2788.00	2788.00	2787.50	2787.00	2787.00	2787.00	2786.00	2785.50	2784.50	2783.50	2782.50	2782.00	2780.50	2779.00	2778.00	2776.50	2776.00	2775.00	2774.00	2773.50	2773.00	2772.00	2771.50	2771.00	2770.50	2770.00	2770.00	2770.00	2770.00	2770.00	2770.00	2770.00	2770.00	2770.00	2770.00	2770.00	2770.00	2770.00	2770.00	2770.00	2770.00	2770.00	2770.00	2770.00	2769.00	2769.00	2768.50	2768.00	2768.00	2767.50	2767.00	2767.00	2766.00	2765.50	2765.00	2764.50	2764.00	2764.00	2763.00	2763.00	2762.00	2762.00	2761.50	2761.00	2761.00	2761.00	2761.00	2761.00	2761.00	2760.00	2760.00	2759.00	2758.50	2758.00	2757.00	2756.50	2755.00	2755.00	2754.00	2753.50	2752.00	2751.50	2750.50
2873.75	2873.50	2872.50	2872.25	2871.50	2871.00	2870.00	2869.50	2868.25	2867.75	2867.25	2866.50	2865.75	2865.00	2864.50	2863.75	2863.00	2862.00	2861.25	2860.75	2860.50	2859.50	2859.50	2859.00	2858.50	2858.25	2858.00	2857.50	2857.50	2857.50	2857.00	2856.75	2856.50	2856.25	2856.00	2855.50	2855.00	2854.00	2853.50	2852.50	2851.75	2851.00	2850.00	2849.50	2848.00	2846.50	2846.00	2845.25	2844.75	2844.00	2844.00	2844.00	2843.50	2843.50	2843.50	2843.50	2843.50	2843.75	2844.00	2844.50	2844.50	2844.50	2844.50	2844.50	2844.50	2844.50	2844.50	2844.50	2844.00	2843.50	2843.00	2842.50	2842.25	2841.75	2841.00	2840.00	2838.50	2838.50	2837.00	2836.00	2834.50	2833.00	2832.00	2830.50	2829.50	2827.25	2825.50	2823.75	2822.25	2821.00	2819.50	2818.50	2817.50	2816.50	2816.00	2815.50	2815.25	2815.00	2815.00	2815.00	2815.00	2815.00	2815.00	2815.25	2815.50	2815.50	2816.50	2816.50	2816.50	2817.00	2817.00	2817.25	2817.50	2817.50	2817.50	2817.50	2817.50	2817.50	2817.50	2817.50	2817.50	2817.50	2817.50	2817.50	2817.50	2817.50	2817.50	2817.50	2817.50	2817.50	2817.00	2817.00	2816.75	2816.00	2815.50	2815.25	2814.75	2814.50	2813.75	2813.50	2813.00	2812.00	2811.25	2810.00	2809.50	2809.00	2807.50	2807.00	2806.00	2805.00	2804.00	2803.25	2802.00	2801.50	2800.25	2799.00	2797.50	2796.75	2796.25	2794.75	2794.25	2793.00	2792.50	2791.50	2791.00	2790.25	2789.75	2789.50	2789.00	2788.50	2788.50	2788.00	2787.75	2787.50	2787.25	2786.75	2786.25	2786.00	2786.00	2785.00	2784.50	2783.50	2782.50	2781.75	2781.00	2779.75	2778.50	2777.50	2776.00	2775.50	2774.50	2773.50	2773.25	2772.50	2772.00	2771.75	2771.00	2770.75	2770.50	2770.50	2770.00	2770.25	2770.50	2770.50	2770.50	2770.25	2770.00	2770.00	2770.00	2770.00	2770.00	2770.00	2770.00	2770.00	2770.00	2770.00	2770.00	2769.00	2769.00	2768.75	2768.25	2768.00	2767.75	2767.25	2767.00	2766.50	2765.75	2765.50	2764.75	2764.25	2764.00	2763.50	2763.00	2762.50	2762.00	2761.75	2761.50	2761.50	2761.00	2760.75	2760.50	2760.50	2759.50	2759.50	2758.50	2758.00	2757.25	2756.50	2755.75	2754.50	2754.00	2753.25	2752.50	2751.25	2750.75	2750.00
2873.50	2873.00	2872.00	2872.00	2871.00	2871.00	2869.50	2869.00	2867.50	2867.00	2866.50	2866.00	2865.00	2864.00	2864.00	2863.00	2862.50	2861.50	2861.00	2860.50	2860.00	2859.00	2859.00	2859.00	2858.00	2858.00	2858.00	2857.00	2857.00	2857.00	2857.00	2856.50	2856.00	2856.00	2856.00	2855.50	2855.00	2854.00	2854.00	2853.00	2852.00	2851.50	2850.50	2850.00	2848.50	2847.00	2847.00	2845.50	2845.00	2844.00	2844.00	2844.00	2843.00	2843.00	2843.00	2843.00	2843.00	2843.00	2843.00	2844.00	2844.00	2844.00	2844.00	2844.00	2844.00	2844.00	2844.00	2844.00	2844.00	2843.00	2843.00	2842.00	2842.00	2841.50	2841.00	2839.50	2838.00	2838.00	2836.50	2835.50	2834.00	2832.50	2831.50	2830.00	2829.00	2826.50	2825.00	2823.00	2821.50	2820.50	2819.00	2818.50	2817.00	2816.00	2815.50	2815.00	2815.00	2815.00	2815.00	2815.00	2815.00	2815.00	2815.00	2815.50	2816.00	2816.00	2817.00	2817.00	2817.00	2817.00	2817.00	2817.50	2818.00	2818.00	2818.00	2818.00	2818.00	2818.00	2818.00	2818.00	2818.00	2818.00	2818.00	2818.00	2818.00	2818.00	2818.00	2818.00	2818.00	2818.00	2817.00	2817.00	2817.00	2816.00	2816.00	2815.50	2815.00	2815.00	2814.50	2814.00	2814.00	2812.50	2812.00	2810.50	2810.00	2809.50	2808.00	2807.50	2806.50	2805.00	2804.50	2803.50	2802.00	2802.00	2800.50	2799.00	2797.50	2796.50	2796.00	2794.50	2794.00	2793.00	2792.00	2791.50	2791.00	2790.00	2789.50	2789.00	2788.00	2788.00	2788.00	2787.00	2787.00	2787.00	2786.50	2786.00	2785.50	2785.00	2785.00	2784.00	2783.50	2782.50	2781.50	2781.00	2780.00	2779.00	2778.00	2777.00	2775.50	2775.00	2774.00	2773.00	2773.00	2772.00	2772.00	2772.00	2771.00	2771.00	2771.00	2771.00	2770.00	2770.50	2771.00	2771.00	2771.00	2770.50	2770.00	2770.00	2770.00	2770.00	2770.00	2770.00	2770.00	2770.00	2770.00	2770.00	2770.00	2769.00	2769.00	2769.00	2768.50	2768.00	2768.00	2767.50	2767.00	2767.00	2766.00	2766.00	2765.00	2764.50	2764.00	2764.00	2763.00	2763.00	2762.00	2762.00	2762.00	2762.00	2761.00	2760.50	2760.00	2760.00	2759.00	2759.00	2758.00	2757.50	2756.50	2756.00	2755.00	2754.00	2753.00	2752.50	2751.50	2750.50	2750.00	2749.50
2873.50	2873.00	2872.00	2872.00	2871.00	2871.00	2869.50	2869.00	2867.50	2867.00	2866.50	2866.00	2865.00	2864.00	2864.00	2863.00	2862.50	2861.50	2861.00	2860.50	2860.00	2859.00	2859.00	2859.00	2858.00	2858.00	2858.00	2857.00	2857.00	2857.00	2857.00	2856.50	2856.00	2856.00	2856.00	2855.50	2855.00	2854.00	2854.00	2853.00	2852.00	2851.50	2850.50	2850.00	2848.50	2847.00	2847.00	2845.50	2845.00	2844.00	2844.00	2844.00	2843.00	2843.00	2843.00	2843.00	2843.00	2843.00	2843.00	2844.00	2844.00	2844.00	2844.00	2844.00	2844.00	2844.00	2844.00	2844.00	2844.00	2843.00	2843.00	2842.00	2842.00	2841.50	2841.00	2839.50	2838.00	2838.00	2836.50	2835.50	2834.00	2832.50	2831.50	2830.00	2829.00	2826.50	2825.00	2823.00	2821.50	2820.50	2819.00	2818.50	2817.00	2816.00	2815.50	2815.00	2815.00	2815.00	2815.00	2815.00	2815.00	2815.00	2815.00	2815.50	2816.00	2816.00	2817.00	2817.00	2817.00	2817.00	2817.00	2817.50	2818.00	2818.00	2818.00	2818.00	2818.00	2818.00	2818.00	2818.00	2818.00	2818.00	2818.00	2818.00	2818.00	2818.00	2818.00	2818.00	2818.00	2818.00	2817.00	2817.00	2817.00	2816.00	2816.00	2815.50	2815.00	2815.00	2814.50	2814.00	2814.00	2812.50	2812.00	2810.50	2810.00	2809.50	2808.00	2807.50	2806.50	2805.00	2804.50	2803.50	2802.00	2802.00	2800.50	2799.00	2797.50	2796.50	2796.00	2794.50	2794.00	2793.00	2792.00	2791.50	2791.00	2790.00	2789.50	2789.00	2788.00	2788.00	2788.00	2787.00	2787.00	2787.00	2786.50	2786.00	2785.50	2785.00	2785.00	2784.00	2783.50	2782.50	2781.50	2781.00	2780.00	2779.00	2778.00	2777.00	2775.50	2775.00	2774.00	2773.00	2773.00	2772.00	2772.00	2772.00	2771.00	2771.00	2771.00	2771.00	2770.00	2770.50	2771.00	2771.00	2771.00	2770.50	2770.00	2770.00	2770.00	2770.00	2770.00	2770.00	2770.00	2770.00	2770.00	2770.00	2770.00	2769.00	2769.00	2769.00	2768.50	2768.00	2768.00	2767.50	2767.00	2767.00	2766.00	2766.00	2765.00	2764.50	2764.00	2764.00	2763.00	2763.00	2762.00	2762.00	2762.00	2762.00	2761.00	2760.50	2760.00	2760.00	2759.00	2759.00	2758.00	2757.50	2756.50	2756.00	2755.00	2754.00	2753.00	2752.50	2751.50	2750.50	2750.00	2749.50
2873.50	2873.00	2872.00	2872.00	2871.00	2871.00	2869.50	2869.00	2867.50	2867.00	2866.50	2866.00	2865.00	2864.00	2864.00	2863.00	2862.50	2861.50	2861.00	2860.50	2860.00	2859.00	2859.00	2859.00	2858.00	2858.00	2858.00	2857.00	2857.00	2857.00	2857.00	2856.50	2856.00	2856.00	2856.00	2855.50	2855.00	2854.00	2854.00	2853.00	2852.00	2851.50	2850.50	2850.00	2848.50	2847.00	2847.00	2845.50	2845.00	2844.00	2844.00	2844.00	2843.00	2843.00	2843.00	2843.00	2843.00	2843.00	2843.00	2844.00	2844.00	2844.00	2844.00	2844.00	2844.00	2844.00	2844.00	2844.00	2844.00	2843.00	2843.00	2842.00	2842.00	2841.50	2841.00	2839.50	2838.00	2838.00	2836.50	2835.50	2834.00	2832.50	2831.50	2830.00	2829.00	2826.50	2825.00	2823.00	2821.50	2820.50	2819.00	2818.50	2817.00	2816.00	2815.50	2815.00	2815.00	2815.00	2815.00	2815.00	2815.00	2815.00	2815.00	2815.50	2816.00	2816.00	2817.00	2817.00	2817.00	2817.00	2817.00	2817.50	2818.00	2818.00	2818.00	2818.00	2818.00	2818.00	2818.00	2818.00	2818.00	2818.00	2818.00	2818.00	2818.00	2818.00	2818.00	2818.00	2818.00	2818.00	2817.00	2817.00	2817.00	2816.00	2816.00	2815.50	2815.00	2815.00	2814.50	2814.00	2814.00	2812.50	2812.00	2810.50	2810.00	2809.50	2808.00	2807.50	2806.50	2805.00	2804.50	2803.50	2802.00	2802.00	2800.50	2799.00	2797.50	2796.50	2796.00	2794.50	2794.00	2793.00	2792.00	2791.50	2791.00	2790.00	2789.50	2789.00	2788.00	2788.00	2788.00	2787.00	2787.00	2787.00	2786.50	2786.00	2785.50	2785.00	2785.00	2784.00	2783.50	2782.50	2781.50	2781.00	2780.00	2779.00	2778.00	2777.00	2775.50	2775.00	2774.00	2773.00	2773.00	2772.00	2772.00	2772.00	2771.00	2771.00	2771.00	2771.00	2770.00	2770.50	2771.00	2771.00	2771.00	2770.50	2770.00	2770.00	2770.00	2770.00	2770.00	2770.00	2770.00	2770.00	2770.00	2770.00	2770.00	2769.00	2769.00	2769.00	2768.50	2768.00	2768.00	2767.50	2767.00	2767.00	2766.00	2766.00	2765.00	2764.50	2764.00	2764.00	2763.00	2763.00	2762.00	2762.00	2762.00	2762.00	2761.00	2760.50	2760.00	2760.00	2759.00	2759.00	2758.00	2757.50	2756.50	2756.00	2755.00	2754.00	2753.00	2752.50	2751.50	2750.50	2750.00	2749.50
2872.50	2872.00	2871.50	2871.00	2870.00	2870.00	2868.50	2868.00	2867.00	2866.50	2865.50	2865.00	2863.50	2863.00	2862.00	2861.50	2861.00	2860.50	2860.00	2859.50	2859.00	2859.00	2858.00	2858.00	2858.00	2857.50	2857.00	2857.00	2856.50	2856.00	2856.00	2856.00	2856.00	2855.50	2855.00	2855.00	2855.00	2855.00	2854.00	2853.00	2852.50	2852.00	2851.50	2850.00	2849.50	2848.00	2847.00	2846.50	2845.50	2844.50	2844.00	2843.50	2843.00	2842.00	2842.00	2842.00	2842.00	2842.00	2842.00	2842.00	2842.00	2842.00	2842.50	2843.00	2843.00	2843.00	2842.50	2842.00	2842.00	2842.00	2842.00	2841.00	2840.50	2839.50	2839.00	2838.00	2837.00	2836.00	2835.00	2834.50	2833.00	2831.50	2830.50	2829.00	2827.00	2825.50	2824.00	2822.50	2821.50	2820.50	2819.00	2818.00	2817.00	2817.00	2816.00	2816.00	2815.00	2815.00	2815.00	2815.00	2816.00	2816.00	2816.00	2816.00	2816.50	2817.00	2817.00	2817.50	2818.00	2818.00	2818.00	2818.00	2818.00	2818.50	2819.00	2819.00	2819.00	2819.00	2818.00	2818.00	2818.00	2818.00	2818.00	2818.00	2818.00	2818.00	2818.00	2818.00	2818.00	2818.00	2818.00	2818.00	2817.50	2817.00	2817.00	2816.50	2816.00	2816.00	2815.00	2815.00	2814.00	2813.00	2812.50	2811.50	2810.50	2810.00	2809.00	2807.50	2806.50	2805.00	2804.50	2803.50	2802.00	2802.00	2800.50	2799.00	2797.50	2796.50	2796.00	2794.50	2793.50	2793.00	2792.00	2791.00	2790.50	2789.50	2789.00	2788.50	2788.00	2787.00	2786.00	2786.00	2785.50	2785.00	2785.00	2784.00	2783.50	2783.00	2782.00	2781.50	2781.00	2780.00	2779.50	2779.00	2778.00	2777.50	2776.00	2776.00	2775.00	2774.50	2774.00	2773.50	2773.00	2772.00	2772.00	2772.00	2772.00	2771.00	2771.00	2771.00	2771.00	2771.00	2771.00	2771.00	2771.00	2771.00	2771.00	2770.50	2770.00	2770.00	2769.50	2769.00	2769.00	2769.00	2769.00	2769.00	2769.00	2769.00	2769.00	2769.00	2768.50	2768.00	2767.50	2767.00	2767.00	2767.00	2766.00	2766.00	2765.00	2764.50	2764.00	2763.00	2763.00	2762.00	2762.00	2761.00	2761.00	2760.50	2759.50	2759.00	2758.00	2758.00	2757.00	2756.00	2755.50	2755.00	2754.50	2754.00	2752.50	2752.00	2751.00	2750.50	2749.50	2748.50	2748.00	2747.50
2872.50	2872.00	2871.50	2871.00	2870.00	2870.00	2868.50	2868.00	2867.00	2866.50	2865.50	2865.00	2863.50	2863.00	2862.00	2861.50	2861.00	2860.50	2860.00	2859.50	2859.00	2859.00	2858.00	2858.00	2858.00	2857.50	2857.00	2857.00	2856.50	2856.00	2856.00	2856.00	2856.00	2855.50	2855.00	2855.00	2855.00	2855.00	2854.00	2853.00	2852.50	2852.00	2851.50	2850.00	2849.50	2848.00	2847.00	2846.50	2845.50	2844.50	2844.00	2843.50	2843.00	2842.00	2842.00	2842.00	2842.00	2842.00	2842.00	2842.00	2842.00	2842.00	2842.50	2843.00	2843.00	2843.00	2842.50	2842.00	2842.00	2842.00	2842.00	2841.00	2840.50	2839.50	2839.00	2838.00	2837.00	2836.00	2835.00	2834.50	2833.00	2831.50	2830.50	2829.00	2827.00	2825.50	2824.00	2822.50	2821.50	2820.50	2819.00	2818.00	2817.00	2817.00	2816.00	2816.00	2815.00	2815.00	2815.00	2815.00	2816.00	2816.00	2816.00	2816.00	2816.50	2817.00	2817.00	2817.50	2818.00	2818.00	2818.00	2818.00	2818.00	2818.50	2819.00	2819.00	2819.00	2819.00	2818.00	2818.00	2818.00	2818.00	2818.00	2818.00	2818.00	2818.00	2818.00	2818.00	2818.00	2818.00	2818.00	2818.00	2817.50	2817.00	2817.00	2816.50	2816.00	2816.00	2815.00	2815.00	2814.00	2813.00	2812.50	2811.50	2810.50	2810.00	2809.00	2807.50	2806.50	2805.00	2804.50	2803.50	2802.00	2802.00	2800.50	2799.00	2797.50	2796.50	2796.00	2794.50	2793.50	2793.00	2792.00	2791.00	2790.50	2789.50	2789.00	2788.50	2788.00	2787.00	2786.00	2786.00	2785.50	2785.00	2785.00	2784.00	2783.50	2783.00	2782.00	2781.50	2781.00	2780.00	2779.50	2779.00	2778.00	2777.50	2776.00	2776.00	2775.00	2774.50	2774.00	2773.50	2773.00	2772.00	2772.00	2772.00	2772.00	2771.00	2771.00	2771.00	2771.00	2771.00	2771.00	2771.00	2771.00	2771.00	2771.00	2770.50	2770.00	2770.00	2769.50	2769.00	2769.00	2769.00	2769.00	2769.00	2769.00	2769.00	2769.00	2769.00	2768.50	2768.00	2767.50	2767.00	2767.00	2767.00	2766.00	2766.00	2765.00	2764.50	2764.00	2763.00	2763.00	2762.00	2762.00	2761.00	2761.00	2760.50	2759.50	2759.00	2758.00	2758.00	2757.00	2756.00	2755.50	2755.00	2754.50	2754.00	2752.50	2752.00	2751.00	2750.50	2749.50	2748.50	2748.00	2747.50
2872.50	2872.00	2871.50	2871.00	2870.00	2870.00	2868.50	2868.00	2867.00	2866.50	2865.50	2865.00	2863.50	2863.00	2862.00	2861.50	2861.00	2860.50	2860.00	2859.50	2859.00	2859.00	2858.00	2858.00	2858.00	2857.50	2857.00	2857.00	2856.50	2856.00	2856.00	2856.00	2856.00	2855.50	2855.00	2855.00	2855.00	2855.00	2854.00	2853.00	2852.50	2852.00	2851.50	2850.00	2849.50	2848.00	2847.00	2846.50	2845.50	2844.50	2844.00	2843.50	2843.00	2842.00	2842.00	2842.00	2842.00	2842.00	2842.00	2842.00	2842.00	2842.00	2842.50	2843.00	2843.00	2843.00	2842.50	2842.00	2842.00	2842.00	2842.00	2841.00	2840.50	2839.50	2839.00	2838.00	2837.00	2836.00	2835.00	2834.50	2833.00	2831.50	2830.50	2829.00	2827.00	2825.50	2824.00	2822.50	2821.50	2820.50	2819.00	2818.00	2817.00	2817.00	2816.00	2816.00	2815.00	2815.00	2815.00	2815.00	2816.00	2816.00	2816.00	2816.00	2816.50	2817.00	2817.00	2817.50	2818.00	2818.00	2818.00	2818.00	2818.00	2818.50	2819.00	2819.00	2819.00	2819.00	2818.00	2818.00	2818.00	2818.00	2818.00	2818.00	2818.00	2818.00	2818.00	2818.00	2818.00	2818.00	2818.00	2818.00	2817.50	2817.00	2817.00	2816.50	2816.00	2816.00	2815.00	2815.00	2814.00	2813.00	2812.50	2811.50	2810.50	2810.00	2809.00	2807.50	2806.50	2805.00	2804.50	2803.50	2802.00	2802.00	2800.50	2799.00	2797.50	2796.50	2796.00	2794.50	2793.50	2793.00	2792.00	2791.00	2790.50	2789.50	2789.00	2788.50	2788.00	2787.00	2786.00	2786.00	2785.50	2785.00	2785.00	2784.00	2783.50	2783.00	2782.00	2781.50	2781.00	2780.00	2779.50	2779.00	2778.00	2777.50	2776.00	2776.00	2775.00	2774.50	2774.00	2773.50	2773.00	2772.00	2772.00	2772.00	2772.00	2771.00	2771.00	2771.00	2771.00	2771.00	2771.00	2771.00	2771.00	2771.00	2771.00	2770.50	2770.00	2770.00	2769.50	2769.00	2769.00	2769.00	2769.00	2769.00	2769.00	2769.00	2769.00	2769.00	2768.50	2768.00	2767.50	2767.00	2767.00	2767.00	2766.00	2766.00	2765.00	2764.50	2764.00	2763.00	2763.00	2762.00	2762.00	2761.00	2761.00	2760.50	2759.50	2759.00	2758.00	2758.00	2757.00	2756.00	2755.50	2755.00	2754.50	2754.00	2752.50	2752.00	2751.00	2750.50	2749.50	2748.50	2748.00	2747.50
2872.50	2872.00	2871.50	2871.00	2870.00	2870.00	2868.50	2868.00	2867.00	2866.50	2865.50	2865.00	2863.50	2863.00	2862.00	2861.50	2861.00	2860.50	2860.00	2859.50	2859.00	2859.00	2858.00	2858.00	2858.00	2857.50	2857.00	2857.00	2856.50	2856.00	2856.00	2856.00	2856.00	2855.50	2855.00	2855.00	2855.00	2855.00	2854.00	2853.00	2852.50	2852.00	2851.50	2850.00	2849.50	2848.00	2847.00	2846.50	2845.50	2844.50	2844.00	2843.50	2843.00	2842.00	2842.00	2842.00	2842.00	2842.00	2842.00	2842.00	2842.00	2842.00	2842.50	2843.00	2843.00	2843.00	2842.50	2842.00	2842.00	2842.00	2842.00	2841.00	2840.50	2839.50	2839.00	2838.00	2837.00	2836.00	2835.00	2834.50	2833.00	2831.50	2830.50	2829.00	2827.00	2825.50	2824.00	2822.50	2821.50	2820.50	2819.00	2818.00	2817.00	2817.00	2816.00	2816.00	2815.00	2815.00	2815.00	2815.00	2816.00	2816.00	2816.00	2816.00	2816.50	2817.00	2817.00	2817.50	2818.00	2818.00	2818.00	2818.00	2818.00	2818.50	2819.00	2819.00	2819.00	2819.00	2818.00	2818.00	2818.00	2818.00	2818.00	2818.00	2818.00	2818.00	2818.00	2818.00	2818.00	2818.00	2818.00	2818.00	2817.50	2817.00	2817.00	2816.50	2816.00	2816.00	2815.00	2815.00	2814.00	2813.00	2812.50	2811.50	2810.50	2810.00	2809.00	2807.50	2806.50	2805.00	2804.50	2803.50	2802.00	2802.00	2800.50	2799.00	2797.50	2796.50	2796.00	2794.50	2793.50	2793.00	2792.00	2791.00	2790.50	2789.50	2789.00	2788.50	2788.00	2787.00	2786.00	2786.00	2785.50	2785.00	2785.00	2784.00	2783.50	2783.00	2782.00	2781.50	2781.00	2780.00	2779.50	2779.00	2778.00	2777.50	2776.00	2776.00	2775.00	2774.50	2774.00	2773.50	2773.00	2772.00	2772.00	2772.00	2772.00	2771.00	2771.00	2771.00	2771.00	2771.00	2771.00	2771.00	2771.00	2771.00	2771.00	2770.50	2770.00	2770.00	2769.50	2769.00	2769.00	2769.00	2769.00	2769.00	2769.00	2769.00	2769.00	2769.00	2768.50	2768.00	2767.50	2767.00	2767.00	2767.00	2766.00	2766.00	2765.00	2764.50	2764.00	2763.00	2763.00	2762.00	2762.00	2761.00	2761.00	2760.50	2759.50	2759.00	2758.00	2758.00	2757.00	2756.00	2755.50	2755.00	2754.50	2754.00	2752.50	2752.00	2751.00	2750.50	2749.50	2748.50	2748.00	2747.50
2872.00	2871.50	2870.50	2870.00	2869.00	2869.00	2867.50	2867.00	2866.00	2865.50	2864.50	2864.00	2863.00	2862.00	2861.00	2860.50	2859.50	2858.50	2858.00	2858.00	2858.00	2857.00	2857.00	2857.00	2856.00	2856.00	2856.00	2856.00	2856.00	2855.00	2855.00	2855.00	2855.00	2855.00	2855.00	2855.00	2854.00	2854.00	2854.00	2854.00	2853.00	2852.50	2851.50	2850.00	2849.50	2848.00	2847.00	2846.50	2845.50	2844.00	2843.50	2842.50	2842.00	2841.00	2841.00	2840.00	2840.00	2840.00	2840.00	2840.00	2840.00	2840.00	2840.00	2840.00	2840.00	2840.00	2840.00	2840.00	2840.00	2839.50	2839.00	2838.50	2838.00	2837.50	2837.00	2835.50	2835.00	2834.00	2833.50	2832.50	2831.00	2829.50	2828.50	2827.00	2826.00	2824.50	2823.00	2821.50	2820.50	2820.00	2819.00	2818.00	2817.00	2817.00	2816.50	2816.00	2816.00	2816.00	2816.00	2816.00	2816.00	2816.00	2817.00	2817.00	2817.00	2818.00	2818.00	2818.00	2818.00	2819.00	2819.00	2819.00	2819.00	2819.00	2819.00	2819.00	2819.00	2819.00	2819.00	2819.00	2818.50	2818.00	2818.00	2818.00	2818.00	2818.00	2818.00	2818.00	2818.00	2818.00	2818.00	2818.00	2817.50	2817.00	2817.00	2817.00	2817.00	2816.00	2815.50	2815.00	2814.00	2813.50	2813.00	2811.50	2811.00	2810.50	2809.00	2807.50	2806.50	2805.00	2804.50	2803.50	2802.00	2801.00	2799.50	2799.00	2797.50	2796.50	2795.50	2793.50	2793.00	2792.00	2791.00	2790.50	2789.50	2788.50	2787.50	2787.00	2786.00	2786.00	2785.00	2785.00	2784.00	2784.00	2783.50	2782.50	2782.00	2781.00	2781.00	2780.00	2779.50	2778.50	2778.00	2777.50	2777.00	2776.50	2776.00	2776.00	2775.00	2774.50	2774.00	2774.00	2774.00	2773.00	2773.00	2773.00	2772.00	2772.00	2772.00	2772.00	2772.00	2771.00	2771.00	2771.00	2771.00	2770.50	2770.00	2770.00	2769.00	2769.00	2769.00	2769.00	2768.50	2768.00	2768.00	2768.00	2768.00	2768.00	2768.00	2768.00	2767.50	2767.00	2767.00	2766.50	2766.00	2766.00	2765.00	2764.50	2763.50	2763.00	2762.50	2762.00	2761.00	2761.00	2760.00	2759.50	2759.00	2758.50	2757.50	2757.00	2756.00	2755.00	2754.50	2754.00	2753.00	2752.50	2752.00	2751.00	2750.50	2750.00	2749.00	2748.50	2747.50	2746.50	2746.00	2745.50
2872.00	2871.50	2870.50	2870.00	2869.00	2869.00	2867.50	2867.00	2866.00	2865.50	2864.50	2864.00	2863.00	2862.00	2861.00	2860.50	2859.50	2858.50	2858.00	2858.00	2858.00	2857.00	2857.00	2857.00	2856.00	2856.00	2856.00	2856.00	2856.00	2855.00	2855.00	2855.00	2855.00	2855.00	2855.00	2855.00	2854.00	2854.00	2854.00	2854.00	2853.00	2852.50	2851.50	2850.00	2849.50	2848.00	2847.00	2846.50	2845.50	2844.00	2843.50	2842.50	2842.00	2841.00	2841.00	2840.00	2840.00	2840.00	2840.00	2840.00	2840.00	2840.00	2840.00	2840.00	2840.00	2840.00	2840.00	2840.00	2840.00	2839.50	2839.00	2838.50	2838.00	2837.50	2837.00	2835.50	2835.00	2834.00	2833.50	2832.50	2831.00	2829.50	2828.50	2827.00	2826.00	2824.50	2823.00	2821.50	2820.50	2820.00	2819.00	2818.00	2817.00	2817.00	2816.50	2816.00	2816.00	2816.00	2816.00	2816.00	2816.00	2816.00	2817.00	2817.00	2817.00	2818.00	2818.00	2818.00	2818.00	2819.00	2819.00	2819.00	2819.00	2819.00	2819.00	2819.00	2819.00	2819.00	2819.00	2819.00	2818.50	2818.00	2818.00	2818.00	2818.00	2818.00	2818.00	2818.00	2818.00	2818.00	2818.00	2818.00	2817.50	2817.00	2817.00	2817.00	2817.00	2816.00	2815.50	2815.00	2814.00	2813.50	2813.00	2811.50	2811.00	2810.50	2809.00	2807.50	2806.50	2805.00	2804.50	2803.50	2802.00	2801.00	2799.50	2799.00	2797.50	2796.50	2795.50	2793.50	2793.00	2792.00	2791.00	2790.50	2789.50	2788.50	2787.50	2787.00	2786.00	2786.00	2785.00	2785.00	2784.00	2784.00	2783.50	2782.50	2782.00	2781.00	2781.00	2780.00	2779.50	2778.50	2778.00	2777.50	2777.00	2776.50	2776.00	2776.00	2775.00	2774.50	2774.00	2774.00	2774.00	2773.00	2773.00	2773.00	2772.00	2772.00	2772.00	2772.00	2772.00	2771.00	2771.00	2771.00	2771.00	2770.50	2770.00	2770.00	2769.00	2769.00	2769.00	2769.00	2768.50	2768.00	2768.00	2768.00	2768.00	2768.00	2768.00	2768.00	2767.50	2767.00	2767.00	2766.50	2766.00	2766.00	2765.00	2764.50	2763.50	2763.00	2762.50	2762.00	2761.00	2761.00	2760.00	2759.50	2759.00	2758.50	2757.50	2757.00	2756.00	2755.00	2754.50	2754.00	2753.00	2752.50	2752.00	2751.00	2750.50	2750.00	2749.00	2748.50	2747.50	2746.50	2746.00	2745.50
2872.00	2871.50	2870.50	2870.00	2869.00	2869.00	2867.50	2867.00	2866.00	2865.50	2864.50	2864.00	2863.00	2862.00	2861.00	2860.50	2859.50	2858.50	2858.00	2858.00	2858.00	2857.00	2857.00	2857.00	2856.00	2856.00	2856.00	2856.00	2856.00	2855.00	2855.00	2855.00	2855.00	2855.00	2855.00	2855.00	2854.00	2854.00	2854.00	2854.00	2853.00	2852.50	2851.50	2850.00	2849.50	2848.00	2847.00	2846.50	2845.50	2844.00	2843.50	2842.50	2842.00	2841.00	2841.00	2840.00	2840.00	2840.00	2840.00	2840.00	2840.00	2840.00	2840.00	2840.00	2840.00	2840.00	2840.00	2840.00	2840.00	2839.50	2839.00	2838.50	2838.00	2837.50	2837.00	2835.50	2835.00	2834.00	2833.50	2832.50	2831.00	2829.50	2828.50	2827.00	2826.00	2824.50	2823.00	2821.50	2820.50	2820.00	2819.00	2818.00	2817.00	2817.00	2816.50	2816.00	2816.00	2816.00	2816.00	2816.00	2816.00	2816.00	2817.00	2817.00	2817.00	2818.00	2818.00	2818.00	2818.00	2819.00	2819.00	2819.00	2819.00	2819.00	2819.00	2819.00	2819.00	2819.00	2819.00	2819.00	2818.50	2818.00	2818.00	2818.00	2818.00	2818.00	2818.00	2818.00	2818.00	2818.00	2818.00	2818.00	2817.50	2817.00	2817.00	2817.00	2817.00	2816.00	2815.50	2815.00	2814.00	2813.50	2813.00	2811.50	2811.00	2810.50	2809.00	2807.50	2806.50	2805.00	2804.50	2803.50	2802.00	2801.00	2799.50	2799.00	2797.50	2796.50	2795.50	2793.50	2793.00	2792.00	2791.00	2790.50	2789.50	2788.50	2787.50	2787.00	2786.00	2786.00	2785.00	2785.00	2784.00	2784.00	2783.50	2782.50	2782.00	2781.00	2781.00	2780.00	2779.50	2778.50	2778.00	2777.50	2777.00	2776.50	2776.00	2776.00	2775.00	2774.50	2774.00	2774.00	2774.00	2773.00	2773.00	2773.00	2772.00	2772.00	2772.00	2772.00	2772.00	2771.00	2771.00	2771.00	2771.00	2770.50	2770.00	2770.00	2769.00	2769.00	2769.00	2769.00	2768.50	2768.00	2768.00	2768.00	2768.00	2768.00	2768.00	2768.00	2767.50	2767.00	2767.00	2766.50	2766.00	2766.00	2765.00	2764.50	2763.50	2763.00	2762.50	2762.00	2761.00	2761.00	2760.00	2759.50	2759.00	2758.50	2757.50	2757.00	2756.00	2755.00	2754.50	2754.00	2753.00	2752.50	2752.00	2751.00	2750.50	2750.00	2749.00	2748.50	2747.50	2746.50	2746.00	2745.50
2871.50	2871.00	2870.00	2869.25	2868.50	2868.00	2867.00	2866.00	2865.25	2864.75	2864.00	2863.00	2862.25	2861.50	2860.50	2860.00	2859.25	2858.50	2858.00	2857.75	2857.50	2857.00	2856.75	2856.50	2856.00	2855.75	2855.50	2855.50	2855.50	2855.00	2855.00	2854.50	2854.50	2854.50	2854.50	2854.50	2853.50	2853.50	2853.50	2853.00	2852.25	2851.75	2851.25	2850.00	2849.25	2848.00	2847.00	2846.25	2845.50	2843.75	2843.25	2842.50	2841.50	2840.50	2840.25	2839.50	2839.00	2839.00	2839.00	2839.00	2838.50	2838.50	2838.50	2838.75	2839.00	2839.00	2839.00	2838.50	2838.50	2838.25	2838.00	2837.25	2836.75	2836.25	2835.50	2834.50	2834.00	2833.00	2832.25	2831.50	2830.00	2828.75	2828.00	2826.50	2825.50	2824.00	2822.50	2821.50	2820.50	2820.00	2819.00	2818.50	2817.50	2817.50	2817.25	2816.75	2816.50	2816.50	2816.50	2816.50	2816.50	2816.50	2817.50	2817.50	2817.50	2818.00	2818.50	2818.50	2818.50	2819.00	2819.00	2819.25	2819.25	2819.00	2819.00	2819.00	2819.00	2819.00	2819.00	2818.75	2818.25	2818.00	2818.00	2818.00	2817.50	2817.50	2817.50	2817.50	2817.50	2817.50	2817.50	2817.50	2817.25	2817.00	2817.00	2816.75	2816.50	2816.00	2815.50	2815.00	2814.00	2813.50	2812.75	2811.25	2810.75	2810.00	2808.50	2807.00	2806.00	2805.00	2804.00	2803.00	2801.50	2800.50	2799.00	2798.50	2797.00	2796.00	2795.00	2793.00	2792.25	2791.50	2790.50	2789.50	2788.75	2787.50	2786.75	2786.25	2785.50	2785.00	2784.00	2784.00	2783.00	2782.75	2782.25	2781.50	2781.00	2780.50	2780.00	2779.50	2779.00	2778.00	2777.50	2777.25	2776.50	2776.25	2775.50	2775.50	2775.00	2774.75	2774.50	2774.50	2774.25	2773.50	2773.50	2773.25	2772.50	2772.50	2772.25	2772.00	2772.00	2771.25	2771.00	2771.00	2770.75	2770.25	2770.00	2769.75	2769.00	2769.00	2768.75	2768.50	2768.25	2768.00	2767.75	2767.50	2767.50	2767.50	2767.50	2767.50	2767.00	2766.50	2766.25	2765.75	2765.50	2765.00	2764.25	2763.75	2762.75	2762.25	2761.75	2761.00	2760.50	2760.00	2759.00	2758.50	2758.00	2757.50	2756.50	2756.00	2755.00	2754.00	2753.50	2753.00	2752.00	2751.50	2751.00	2750.00	2749.50	2749.00	2748.00	2747.50	2746.75	2745.75	2745.25	2744.75
2871.00	2870.50	2869.50	2868.50	2868.00	2867.00	2866.50	2865.00	2864.50	2864.00	2863.50	2862.00	2861.50	2861.00	2860.00	2859.50	2859.00	2858.50	2858.00	2857.50	2857.00	2857.00	2856.50	2856.00	2856.00	2855.50	2855.00	2855.00	2855.00	2855.00	2855.00	2854.00	2854.00	2854.00	2854.00	2854.00	2853.00	2853.00	2853.00	2852.00	2851.50	2851.00	2851.00	2850.00	2849.00	2848.00	2847.00	2846.00	2845.50	2843.50	2843.00	2842.50	2841.00	2840.00	2839.50	2839.00	2838.00	2838.00	2838.00	2838.00	2837.00	2837.00	2837.00	2837.50	2838.00	2838.00	2838.00	2837.00	2837.00	2837.00	2837.00	2836.00	2835.50	2835.00	2834.00	2833.50	2833.00	2832.00	2831.00	2830.50	2829.00	2828.00	2827.50	2826.00	2825.00	2823.50	2822.00	2821.50	2820.50	2820.00	2819.00	2819.00	2818.00	2818.00	2818.00	2817.50	2817.00	2817.00	2817.00	2817.00	2817.00	2817.00	2818.00	2818.00	2818.00	2818.00	2819.00	2819.00	2819.00	2819.00	2819.00	2819.50	2819.50	2819.00	2819.00	2819.00	2819.00	2819.00	2819.00	2818.50	2818.00	2818.00	2818.00	2818.00	2817.00	2817.00	2817.00	2817.00	2817.00	2817.00	2817.00	2817.00	2817.00	2817.00	2817.00	2816.50	2816.00	2816.00	2815.50	2815.00	2814.00	2813.50	2812.50	2811.00	2810.50	2809.50	2808.00	2806.50	2805.50	2805.00	2803.50	2802.50	2801.00	2800.00	2798.50	2798.00	2796.50	2795.50	2794.50	2792.50	2791.50	2791.00	2790.00	2788.50	2788.00	2786.50	2786.00	2785.50	2785.00	2784.00	2783.00	2783.00	2782.00	2781.50	2781.00	2780.50	2780.00	2780.00	2779.00	2779.00	2778.50	2777.50	2777.00	2777.00	2776.00	2776.00	2775.00	2775.00	2775.00	2775.00	2775.00	2775.00	2774.50	2774.00	2774.00	2773.50	2773.00	2773.00	2772.50	2772.00	2772.00	2771.50	2771.00	2771.00	2770.50	2770.00	2770.00	2769.50	2769.00	2769.00	2768.50	2768.00	2768.00	2768.00	2767.50	2767.00	2767.00	2767.00	2767.00	2767.00	2766.50	2766.00	2765.50	2765.00	2765.00	2764.00	2763.50	2763.00	2762.00	2761.50	2761.00	2760.00	2760.00	2759.00	2758.00	2757.50	2757.00	2756.50	2755.50	2755.00	2754.00	2753.00	2752.50	2752.00	2751.00	2750.50	2750.00	2749.00	2748.50	2748.00	2747.00	2746.50	2746.00	2745.00	2744.50	2744.00
2870.25	2869.75	2868.75	2868.00	2867.00	2866.50	2865.50	2864.50	2863.75	2863.25	2862.50	2861.50	2860.75	2860.00	2859.50	2858.75	2858.25	2857.75	2857.50	2857.00	2856.50	2856.50	2856.00	2855.50	2855.50	2855.25	2854.75	2854.50	2854.50	2854.50	2854.50	2854.00	2853.75	2853.50	2853.50	2853.25	2852.50	2852.50	2852.25	2851.50	2851.25	2850.75	2850.50	2849.50	2848.75	2847.50	2847.00	2845.75	2845.00	2843.50	2842.75	2842.00	2841.00	2839.75	2839.25	2838.50	2837.75	2837.50	2837.00	2837.00	2836.50	2836.00	2836.00	2836.25	2836.50	2836.50	2836.50	2836.00	2836.00	2835.50	2835.50	2834.75	2834.25	2834.00	2833.00	2832.50	2831.50	2831.00	2830.00	2829.50	2828.25	2827.25	2826.50	2825.50	2824.50	2823.50	2822.00	2821.50	2820.75	2820.25	2819.50	2819.00	2818.50	2818.50	2818.25	2817.75	2817.50	2817.50	2817.50	2817.50	2817.75	2818.00	2818.50	2818.50	2818.50	2818.50	2819.50	2819.50	2819.50	2819.50	2819.50	2819.75	2819.75	2819.25	2819.00	2819.00	2819.00	2819.00	2818.50	2818.25	2817.75	2817.50	2817.50	2817.50	2817.00	2817.00	2817.00	2817.00	2817.00	2817.00	2817.00	2817.00	2816.75	2816.50	2816.50	2816.25	2816.00	2815.50	2815.00	2814.50	2813.50	2813.00	2812.00	2810.75	2810.00	2809.00	2808.00	2806.50	2805.50	2804.50	2803.00	2802.00	2800.50	2799.50	2798.00	2797.50	2796.00	2795.00	2794.00	2792.00	2791.25	2790.50	2789.50	2788.00	2787.50	2786.00	2785.50	2785.00	2784.50	2783.50	2782.50	2782.50	2781.50	2781.00	2780.50	2779.75	2779.50	2779.00	2778.50	2778.50	2778.00	2777.25	2777.00	2776.75	2776.00	2776.00	2775.00	2775.00	2775.00	2775.00	2775.00	2774.75	2774.25	2774.00	2774.00	2773.50	2773.00	2773.00	2772.50	2772.00	2772.00	2771.50	2771.00	2771.00	2770.50	2770.00	2770.00	2769.50	2769.00	2769.00	2768.50	2768.00	2768.00	2767.75	2767.25	2767.00	2767.00	2766.50	2766.50	2766.50	2766.25	2765.75	2765.00	2764.50	2764.00	2763.50	2762.75	2762.25	2761.25	2760.75	2760.25	2759.50	2759.00	2758.00	2757.50	2756.50	2756.00	2755.50	2754.50	2754.00	2753.00	2752.50	2751.75	2751.00	2750.25	2749.75	2749.25	2748.50	2747.75	2747.00	2746.50	2745.75	2745.25	2744.50	2744.00	2743.50
2869.50	2869.00	2868.00	2867.50	2866.00	2866.00	2864.50	2864.00	2863.00	2862.50	2861.50	2861.00	2860.00	2859.00	2859.00	2858.00	2857.50	2857.00	2857.00	2856.50	2856.00	2856.00	2855.50	2855.00	2855.00	2855.00	2854.50	2854.00	2854.00	2854.00	2854.00	2854.00	2853.50	2853.00	2853.00	2852.50	2852.00	2852.00	2851.50	2851.00	2851.00	2850.50	2850.00	2849.00	2848.50	2847.00	2847.00	2845.50	2844.50	2843.50	2842.50	2841.50	2841.00	2839.50	2839.00	2838.00	2837.50	2837.00	2836.00	2836.00	2836.00	2835.00	2835.00	2835.00	2835.00	2835.00	2835.00	2835.00	2835.00	2834.00	2834.00	2833.50	2833.00	2833.00	2832.00	2831.50	2830.00	2830.00	2829.00	2828.50	2827.50	2826.50	2825.50	2825.00	2824.00	2823.50	2822.00	2821.50	2821.00	2820.50	2820.00	2819.00	2819.00	2819.00	2818.50	2818.00	2818.00	2818.00	2818.00	2818.00	2818.50	2819.00	2819.00	2819.00	2819.00	2819.00	2820.00	2820.00	2820.00	2820.00	2820.00	2820.00	2820.00	2819.50	2819.00	2819.00	2819.00	2819.00	2818.00	2818.00	2817.50	2817.00	2817.00	2817.00	2817.00	2817.00	2817.00	2817.00	2817.00	2817.00	2817.00	2817.00	2816.50	2816.00	2816.00	2816.00	2816.00	2815.00	2814.50	2814.00	2813.00	2812.50	2811.50	2810.50	2809.50	2808.50	2808.00	2806.50	2805.50	2804.00	2802.50	2801.50	2800.00	2799.00	2797.50	2797.00	2795.50	2794.50	2793.50	2791.50	2791.00	2790.00	2789.00	2787.50	2787.00	2785.50	2785.00	2784.50	2784.00	2783.00	2782.00	2782.00	2781.00	2780.50	2780.00	2779.00	2779.00	2778.00	2778.00	2778.00	2777.50	2777.00	2777.00	2776.50	2776.00	2776.00	2775.00	2775.00	2775.00	2775.00	2775.00	2774.50	2774.00	2774.00	2774.00	2773.50	2773.00	2773.00	2772.50	2772.00	2772.00	2771.50	2771.00	2771.00	2770.50	2770.00	2770.00	2769.50	2769.00	2769.00	2768.50	2768.00	2768.00	2767.50	2767.00	2767.00	2767.00	2766.00	2766.00	2766.00	2766.00	2765.50	2764.50	2764.00	2763.00	2763.00	2762.00	2761.50	2760.50	2760.00	2759.50	2759.00	2758.00	2757.00	2757.00	2755.50	2755.00	2754.50	2753.50	2753.00	2752.00	2752.00	2751.00	2750.00	2749.50	2749.00	2748.50	2748.00	2747.00	2746.00	2746.00	2745.00	2744.50	2744.00	2743.50	2743.00
2869.50	2869.00	2868.00	2867.50	2866.00	2866.00	2864.50	2864.00	2863.00	2862.50	2861.50	2861.00	2860.00	2859.00	2859.00	2858.00	2857.50	2857.00	2857.00	2856.50	2856.00	2856.00	2855.50	2855.00	2855.00	2855.00	2854.50	2854.00	2854.00	2854.00	2854.00	2854.00	2853.50	2853.00	2853.00	2852.50	2852.00	2852.00	2851.50	2851.00	2851.00	2850.50	2850.00	2849.00	2848.50	2847.00	2847.00	2845.50	2844.50	2843.50	2842.50	2841.50	2841.00	2839.50	2839.00	2838.00	2837.50	2837.00	2836.00	2836.00	2836.00	2835.00	2835.00	2835.00	2835.00	2835.00	2835.00	2835.00	2835.00	2834.00	2834.00	2833.50	2833.00	2833.00	2832.00	2831.50	2830.00	2830.00	2829.00	2828.50	2827.50	2826.50	2825.50	2825.00	2824.00	2823.50	2822.00	2821.50	2821.00	2820.50	2820.00	2819.00	2819.00	2819.00	2818.50	2818.00	2818.00	2818.00	2818.00	2818.00	2818.50	2819.00	2819.00	2819.00	2819.00	2819.00	2820.00	2820.00	2820.00	2820.00	2820.00	2820.00	2820.00	2819.50	2819.00	2819.00	2819.00	2819.00	2818.00	2818.00	2817.50	2817.00	2817.00	2817.00	2817.00	2817.00	2817.00	2817.00	2817.00	2817.00	2817.00	2817.00	2816.50	2816.00	2816.00	2816.00	2816.00	2815.00	2814.50	2814.00	2813.00	2812.50	2811.50	2810.50	2809.50	2808.50	2808.00	2806.50	2805.50	2804.00	2802.50	2801.50	2800.00	2799.00	2797.50	2797.00	2795.50	2794.50	2793.50	2791.50	2791.00	2790.00	2789.00	2787.50	2787.00	2785.50	2785.00	2784.50	2784.00	2783.00	2782.00	2782.00	2781.00	2780.50	2780.00	2779.00	2779.00	2778.00	2778.00	2778.00	2777.50	2777.00	2777.00	2776.50	2776.00	2776.00	2775.00	2775.00	2775.00	2775.00	2775.00	2774.50	2774.00	2774.00	2774.00	2773.50	2773.00	2773.00	2772.50	2772.00	2772.00	2771.50	2771.00	2771.00	2770.50	2770.00	2770.00	2769.50	2769.00	2769.00	2768.50	2768.00	2768.00	2767.50	2767.00	2767.00	2767.00	2766.00	2766.00	2766.00	2766.00	2765.50	2764.50	2764.00	2763.00	2763.00	2762.00	2761.50	2760.50	2760.00	2759.50	2759.00	2758.00	2757.00	2757.00	2755.50	2755.00	2754.50	2753.50	2753.00	2752.00	2752.00	2751.00	2750.00	2749.50	2749.00	2748.50	2748.00	2747.00	2746.00	2746.00	2745.00	2744.50	2744.00	2743.50	2743.00
2869.50	2869.00	2868.00	2867.50	2866.00	2866.00	2864.50	2864.00	2863.00	2862.50	2861.50	2861.00	2860.00	2859.00	2859.00	2858.00	2857.50	2857.00	2857.00	2856.50	2856.00	2856.00	2855.50	2855.00	2855.00	2855.00	2854.50	2854.00	2854.00	2854.00	2854.00	2854.00	2853.50	2853.00	2853.00	2852.50	2852.00	2852.00	2851.50	2851.00	2851.00	2850.50	2850.00	2849.00	2848.50	2847.00	2847.00	2845.50	2844.50	2843.50	2842.50	2841.50	2841.00	2839.50	2839.00	2838.00	2837.50	2837.00	2836.00	2836.00	2836.00	2835.00	2835.00	2835.00	2835.00	2835.00	2835.00	2835.00	2835.00	2834.00	2834.00	2833.50	2833.00	2833.00	2832.00	2831.50	2830.00	2830.00	2829.00	2828.50	2827.50	2826.50	2825.50	2825.00	2824.00	2823.50	2822.00	2821.50	2821.00	2820.50	2820.00	2819.00	2819.00	2819.00	2818.50	2818.00	2818.00	2818.00	2818.00	2818.00	2818.50	2819.00	2819.00	2819.00	2819.00	2819.00	2820.00	2820.00	2820.00	2820.00	2820.00	2820.00	2820.00	2819.50	2819.00	2819.00	2819.00	2819.00	2818.00	2818.00	2817.50	2817.00	2817.00	2817.00	2817.00	2817.00	2817.00	2817.00	2817.00	2817.00	2817.00	2817.00	2816.50	2816.00	2816.00	2816.00	2816.00	2815.00	2814.50	2814.00	2813.00	2812.50	2811.50	2810.50	2809.50	2808.50	2808.00	2806.50	2805.50	2804.00	2802.50	2801.50	2800.00	2799.00	2797.50	2797.00	2795.50	2794.50	2793.50	2791.50	2791.00	2790.00	2789.00	2787.50	2787.00	2785.50	2785.00	2784.50	2784.00	2783.00	2782.00	2782.00	2781.00	2780.50	2780.00	2779.00	2779.00	2778.00	2778.00	2778.00	2777.50	2777.00	2777.00	2776.50	2776.00	2776.00	2775.00	2775.00	2775.00	2775.00	2775.00	2774.50	2774.00	2774.00	2774.00	2773.50	2773.00	2773.00	2772.50	2772.00	2772.00	2771.50	2771.00	2771.00	2770.50	2770.00	2770.00	2769.50	2769.00	2769.00	2768.50	2768.00	2768.00	2767.50	2767.00	2767.00	2767.00	2766.00	2766.00	2766.00	2766.00	2765.50	2764.50	2764.00	2763.00	2763.00	2762.00	2761.50	2760.50	2760.00	2759.50	2759.00	2758.00	2757.00	2757.00	2755.50	2755.00	2754.50	2753.50	2753.00	2752.00	2752.00	2751.00	2750.00	2749.50	2749.00	2748.50	2748.00	2747.00	2746.00	2746.00	2745.00	2744.50	2744.00	2743.50	2743.00
2869.50	2869.00	2868.00	2867.50	2866.00	2866.00	2864.50	2864.00	2863.00	2862.50	2861.50	2861.00	2860.00	2859.00	2859.00	2858.00	2857.50	2857.00	2857.00	2856.50	2856.00	2856.00	2855.50	2855.00	2855.00	2855.00	2854.50	2854.00	2854.00	2854.00	2854.00	2854.00	2853.50	2853.00	2853.00	2852.50	2852.00	2852.00	2851.50	2851.00	2851.00	2850.50	2850.00	2849.00	2848.50	2847.00	2847.00	2845.50	2844.50	2843.50	2842.50	2841.50	2841.00	2839.50	2839.00	2838.00	2837.50	2837.00	2836.00	2836.00	2836.00	2835.00	2835.00	2835.00	2835.00	2835.00	2835.00	2835.00	2835.00	2834.00	2834.00	2833.50	2833.00	2833.00	2832.00	2831.50	2830.00	2830.00	2829.00	2828.50	2827.50	2826.50	2825.50	2825.00	2824.00	2823.50	2822.00	2821.50	2821.00	2820.50	2820.00	2819.00	2819.00	2819.00	2818.50	2818.00	2818.00	2818.00	2818.00	2818.00	2818.50	2819.00	2819.00	2819.00	2819.00	2819.00	2820.00	2820.00	2820.00	2820.00	2820.00	2820.00	2820.00	2819.50	2819.00	2819.00	2819.00	2819.00	2818.00	2818.00	2817.50	2817.00	2817.00	2817.00	2817.00	2817.00	2817.00	2817.00	2817.00	2817.00	2817.00	2817.00	2816.50	2816.00	2816.00	2816.00	2816.00	2815.00	2814.50	2814.00	2813.00	2812.50	2811.50	2810.50	2809.50	2808.50	2808.00	2806.50	2805.50	2804.00	2802.50	2801.50	2800.00	2799.00	2797.50	2797.00	2795.50	2794.50	2793.50	2791.50	2791.00	2790.00	2789.00	2787.50	2787.00	2785.50	2785.00	2784.50	2784.00	2783.00	2782.00	2782.00	2781.00	2780.50	2780.00	2779.00	2779.00	2778.00	2778.00	2778.00	2777.50	2777.00	2777.00	2776.50	2776.00	2776.00	2775.00	2775.00	2775.00	2775.00	2775.00	2774.50	2774.00	2774.00	2774.00	2773.50	2773.00	2773.00	2772.50	2772.00	2772.00	2771.50	2771.00	2771.00	2770.50	2770.00	2770.00	2769.50	2769.00	2769.00	2768.50	2768.00	2768.00	2767.50	2767.00	2767.00	2767.00	2766.00	2766.00	2766.00	2766.00	2765.50	2764.50	2764.00	2763.00	2763.00	2762.00	2761.50	2760.50	2760.00	2759.50	2759.00	2758.00	2757.00	2757.00	2755.50	2755.00	2754.50	2753.50	2753.00	2752.00	2752.00	2751.00	2750.00	2749.50	2749.00	2748.50	2748.00	2747.00	2746.00	2746.00	2745.00	2744.50	2744.00	2743.50	2743.00
2868.50	2868.00	2867.00	2866.50	2865.00	2865.00	2864.00	2863.00	2862.00	2861.50	2860.50	2860.00	2859.00	2858.00	2858.00	2857.00	2856.50	2856.00	2856.00	2856.00	2856.00	2856.00	2855.00	2855.00	2854.50	2854.00	2854.00	2854.00	2853.50	2853.00	2853.00	2853.00	2853.00	2852.50	2852.00	2852.00	2851.00	2851.00	2851.00	2851.00	2850.00	2849.50	2849.00	2849.00	2848.00	2847.00	2846.00	2845.50	2844.50	2843.00	2842.50	2841.50	2840.00	2839.50	2839.00	2838.00	2837.00	2836.50	2836.00	2835.00	2835.00	2835.00	2834.00	2834.00	2834.00	2834.00	2833.50	2833.00	2833.00	2832.50	2832.00	2831.00	2831.00	2830.50	2830.00	2829.50	2829.00	2828.00	2827.50	2827.00	2826.50	2825.50	2825.00	2824.00	2824.00	2823.00	2823.00	2822.00	2822.00	2821.50	2821.00	2820.00	2820.00	2820.00	2819.50	2819.00	2819.00	2819.00	2819.00	2820.00	2820.00	2820.00	2820.00	2820.00	2820.00	2820.00	2820.00	2820.00	2820.00	2820.00	2820.00	2820.00	2820.00	2819.50	2819.00	2819.00	2819.00	2819.00	2818.50	2818.00	2817.50	2817.00	2816.50	2816.00	2816.00	2816.00	2816.00	2815.50	2815.00	2815.00	2815.00	2815.00	2815.00	2815.00	2815.00	2815.00	2814.50	2814.00	2813.50	2813.00	2813.00	2811.50	2811.00	2809.50	2809.00	2808.50	2807.00	2805.50	2804.50	2804.00	2802.50	2801.50	2800.00	2799.00	2797.50	2796.00	2795.50	2794.50	2793.50	2791.50	2790.50	2789.00	2788.00	2786.50	2786.00	2785.00	2784.50	2783.50	2783.00	2782.00	2781.00	2781.00	2780.50	2780.00	2780.00	2779.00	2778.50	2778.00	2778.00	2777.50	2777.00	2777.00	2776.50	2776.00	2776.00	2776.00	2776.00	2776.00	2775.00	2775.00	2775.00	2774.50	2774.00	2774.00	2774.00	2773.00	2773.00	2772.50	2772.00	2772.00	2772.00	2771.00	2771.00	2770.50	2770.00	2769.50	2769.00	2768.50	2768.00	2768.00	2768.00	2768.00	2767.00	2767.00	2767.00	2767.00	2766.00	2766.00	2766.00	2765.00	2765.00	2764.50	2763.50	2763.00	2762.00	2761.00	2760.50	2760.00	2759.00	2758.50	2758.00	2757.00	2757.00	2756.00	2755.00	2754.00	2753.50	2753.00	2752.00	2751.50	2751.00	2750.00	2749.50	2749.00	2748.00	2747.50	2747.00	2746.00	2745.50	2745.00	2744.00	2744.00	2743.50	2743.00	2743.00	2742.50
2868.50	2868.00	2867.00	2866.50	2865.00	2865.00	2864.00	2863.00	2862.00	2861.50	2860.50	2860.00	2859.00	2858.00	2858.00	2857.00	2856.50	2856.00	2856.00	2856.00	2856.00	2856.00	2855.00	2855.00	2854.50	2854.00	2854.00	2854.00	2853.50	2853.00	2853.00	2853.00	2853.00	2852.50	2852.00	2852.00	2851.00	2851.00	2851.00	2851.00	2850.00	2849.50	2849.00	2849.00	2848.00	2847.00	2846.00	2845.50	2844.50	2843.00	2842.50	2841.50	2840.00	2839.50	2839.00	2838.00	2837.00	2836.50	2836.00	2835.00	2835.00	2835.00	2834.00	2834.00	2834.00	2834.00	2833.50	2833.00	2833.00	2832.50	2832.00	2831.00	2831.00	2830.50	2830.00	2829.50	2829.00	2828.00	2827.50	2827.00	2826.50	2825.50	2825.00	2824.00	2824.00	2823.00	2823.00	2822.00	2822.00	2821.50	2821.00	2820.00	2820.00	2820.00	2819.50	2819.00	2819.00	2819.00	2819.00	2820.00	2820.00	2820.00	2820.00	2820.00	2820.00	2820.00	2820.00	2820.00	2820.00	2820.00	2820.00	2820.00	2820.00	2819.50	2819.00	2819.00	2819.00	2819.00	2818.50	2818.00	2817.50	2817.00	2816.50	2816.00	2816.00	2816.00	2816.00	2815.50	2815.00	2815.00	2815.00	2815.00	2815.00	2815.00	2815.00	2815.00	2814.50	2814.00	2813.50	2813.00	2813.00	2811.50	2811.00	2809.50	2809.00	2808.50	2807.00	2805.50	2804.50	2804.00	2802.50	2801.50	2800.00	2799.00	2797.50	2796.00	2795.50	2794.50	2793.50	2791.50	2790.50	2789.00	2788.00	2786.50	2786.00	2785.00	2784.50	2783.50	2783.00	2782.00	2781.00	2781.00	2780.50	2780.00	2780.00	2779.00	2778.50	2778.00	2778.00	2777.50	2777.00	2777.00	2776.50	2776.00	2776.00	2776.00	2776.00	2776.00	2775.00	2775.00	2775.00	2774.50	2774.00	2774.00	2774.00	2773.00	2773.00	2772.50	2772.00	2772.00	2772.00	2771.00	2771.00	2770.50	2770.00	2769.50	2769.00	2768.50	2768.00	2768.00	2768.00	2768.00	2767.00	2767.00	2767.00	2767.00	2766.00	2766.00	2766.00	2765.00	2765.00	2764.50	2763.50	2763.00	2762.00	2761.00	2760.50	2760.00	2759.00	2758.50	2758.00	2757.00	2757.00	2756.00	2755.00	2754.00	2753.50	2753.00	2752.00	2751.50	2751.00	2750.00	2749.50	2749.00	2748.00	2747.50	2747.00	2746.00	2745.50	2745.00	2744.00	2744.00	2743.50	2743.00	2743.00	2742.50
2868.50	2868.00	2867.00	2866.50	2865.00	2865.00	2864.00	2863.00	2862.00	2861.50	2860.50	2860.00	2859.00	2858.00	2858.00	2857.00	2856.50	2856.00	2856.00	2856.00	2856.00	2856.00	2855.00	2855.00	2854.50	2854.00	2854.00	2854.00	2853.50	2853.00	2853.00	2853.00	2853.00	2852.50	2852.00	2852.00	2851.00	2851.00	2851.00	2851.00	2850.00	2849.50	2849.00	2849.00	2848.00	2847.00	2846.00	2845.50	2844.50	2843.00	2842.50	2841.50	2840.00	2839.50	2839.00	2838.00	2837.00	2836.50	2836.00	2835.00	2835.00	2835.00	2834.00	2834.00	2834.00	2834.00	2833.50	2833.00	2833.00	2832.50	2832.00	2831.00	2831.00	2830.50	2830.00	2829.50	2829.00	2828.00	2827.50	2827.00	2826.50	2825.50	2825.00	2824.00	2824.00	2823.00	2823.00	2822.00	2822.00	2821.50	2821.00	2820.00	2820.00	2820.00	2819.50	2819.00	2819.00	2819.00	2819.00	2820.00	2820.00	2820.00	2820.00	2820.00	2820.00	2820.00	2820.00	2820.00	2820.00	2820.00	2820.00	2820.00	2820.00	2819.50	2819.00	2819.00	2819.00	2819.00	2818.50	2818.00	2817.50	2817.00	2816.50	2816.00	2816.00	2816.00	2816.00	2815.50	2815.00	2815.00	2815.00	2815.00	2815.00	2815.00	2815.00	2815.00	2814.50	2814.00	2813.50	2813.00	2813.00	2811.50	2811.00	2809.50	2809.00	2808.50	2807.00	2805.50	2804.50	2804.00	2802.50	2801.50	2800.00	2799.00	2797.50	2796.00	2795.50	2794.50	2793.50	2791.50	2790.50	2789.00	2788.00	2786.50	2786.00	2785.00	2784.50	2783.50	2783.00	2782.00	2781.00	2781.00	2780.50	2780.00	2780.00	2779.00	2778.50	2778.00	2778.00	2777.50	2777.00	2777.00	2776.50	2776.00	2776.00	2776.00	2776.00	2776.00	2775.00	2775.00	2775.00	2774.50	2774.00	2774.00	2774.00	2773.00	2773.00	2772.50	2772.00	2772.00	2772.00	2771.00	2771.00	2770.50	2770.00	2769.50	2769.00	2768.50	2768.00	2768.00	2768.00	2768.00	2767.00	2767.00	2767.00	2767.00	2766.00	2766.00	2766.00	2765.00	2765.00	2764.50	2763.50	2763.00	2762.00	2761.00	2760.50	2760.00	2759.00	2758.50	2758.00	2757.00	2757.00	2756.00	2755.00	2754.00	2753.50	2753.00	2752.00	2751.50	2751.00	2750.00	2749.50	2749.00	2748.00	2747.50	2747.00	2746.00	2745.50	2745.00	2744.00	2744.00	2743.50	2743.00	2743.00	2742.50
2868.00	2867.25	2866.25	2865.75	2864.50	2864.00	2863.25	2862.50	2861.50	2861.00	2860.25	2859.50	2858.75	2858.00	2858.00	2857.00	2856.50	2856.00	2855.75	2855.50	2855.50	2855.50	2854.75	2854.50	2854.25	2853.75	2853.50	2853.50	2853.25	2852.50	2852.50	2852.50	2852.25	2851.75	2851.50	2851.25	2850.50	2850.50	2850.50	2850.00	2849.50	2849.25	2848.75	2848.50	2847.50	2846.50	2846.00	2845.25	2844.50	2843.00	2842.50	2841.50	2840.50	2839.75	2839.25	2838.00	2837.25	2836.50	2836.00	2835.00	2835.00	2834.50	2834.00	2834.00	2833.75	2833.50	2833.25	2832.50	2832.50	2832.00	2831.50	2830.50	2830.50	2830.00	2829.50	2828.75	2828.00	2827.50	2827.00	2826.50	2826.00	2825.25	2824.75	2824.00	2824.00	2823.25	2823.00	2822.50	2822.25	2821.75	2821.50	2821.00	2821.00	2821.00	2820.25	2820.00	2820.00	2820.00	2820.00	2821.00	2820.75	2820.50	2820.50	2820.50	2820.50	2820.50	2820.50	2820.00	2820.00	2820.00	2820.00	2820.00	2819.75	2819.25	2819.00	2819.00	2819.00	2819.00	2818.50	2818.00	2817.75	2817.00	2816.75	2816.00	2816.00	2815.75	2815.50	2815.25	2815.00	2815.00	2814.50	2814.50	2814.50	2814.50	2814.50	2814.25	2813.75	2813.50	2812.75	2812.50	2812.00	2811.00	2810.50	2809.00	2808.50	2808.00	2806.50	2805.25	2804.50	2803.50	2802.00	2801.00	2800.00	2799.00	2797.50	2796.00	2795.00	2794.00	2793.00	2791.25	2790.50	2789.00	2788.00	2786.50	2785.75	2784.50	2784.00	2783.25	2782.50	2782.00	2781.00	2780.50	2780.25	2779.75	2779.50	2779.00	2778.50	2778.00	2778.00	2777.75	2777.25	2777.00	2776.75	2776.50	2776.50	2776.25	2776.00	2776.00	2775.25	2775.00	2775.00	2774.50	2774.00	2774.00	2774.00	2773.00	2773.00	2772.50	2772.00	2772.00	2771.50	2771.00	2770.50	2770.00	2769.50	2769.25	2768.75	2768.25	2768.00	2768.00	2767.50	2767.50	2767.00	2766.75	2766.50	2766.50	2766.00	2765.50	2765.50	2764.50	2764.50	2764.00	2763.00	2762.50	2761.50	2761.00	2760.00	2759.50	2758.50	2758.00	2757.50	2756.50	2756.50	2755.50	2754.50	2753.75	2753.00	2752.50	2751.50	2751.00	2750.50	2749.50	2749.00	2748.50	2747.50	2747.00	2746.50	2745.50	2745.00	2744.50	2743.50	2743.25	2742.75	2742.50	2742.25	2741.75
2867.50	2866.50	2865.50	2865.00	2864.00	2863.00	2862.50	2862.00	2861.00	2860.50	2860.00	2859.00	2858.50	2858.00	2858.00	2857.00	2856.50	2856.00	2855.50	2855.00	2855.00	2855.00	2854.50	2854.00	2854.00	2853.50	2853.00	2853.00	2853.00	2852.00	2852.00	2852.00	2851.50	2851.00	2851.00	2850.50	2850.00	2850.00	2850.00	2849.00	2849.00	2849.00	2848.50	2848.00	2847.00	2846.00	2846.00	2845.00	2844.50	2843.00	2842.50	2841.50	2841.00	2840.00	2839.50	2838.00	2837.50	2836.50	2836.00	2835.00	2835.00	2834.00	2834.00	2834.00	2833.50	2833.00	2833.00	2832.00	2832.00	2831.50	2831.00	2830.00	2830.00	2829.50	2829.00	2828.00	2827.00	2827.00	2826.50	2826.00	2825.50	2825.00	2824.50	2824.00	2824.00	2823.50	2823.00	2823.00	2822.50	2822.00	2822.00	2822.00	2822.00	2822.00	2821.00	2821.00	2821.00	2821.00	2821.00	2822.00	2821.50	2821.00	2821.00	2821.00	2821.00	2821.00	2821.00	2820.00	2820.00	2820.00	2820.00	2820.00	2819.50	2819.00	2819.00	2819.00	2819.00	2819.00	2818.50	2818.00	2818.00	2817.00	2817.00	2816.00	2816.00	2815.50	2815.00	2815.00	2815.00	2815.00	2814.00	2814.00	2814.00	2814.00	2814.00	2813.50	2813.00	2813.00	2812.00	2812.00	2811.00	2810.50	2810.00	2808.50	2808.00	2807.50	2806.00	2805.00	2804.50	2803.00	2801.50	2800.50	2800.00	2799.00	2797.50	2796.00	2794.50	2793.50	2792.50	2791.00	2790.50	2789.00	2788.00	2786.50	2785.50	2784.00	2783.50	2783.00	2782.00	2782.00	2781.00	2780.00	2780.00	2779.50	2779.00	2779.00	2778.50	2778.00	2778.00	2778.00	2777.50	2777.00	2777.00	2777.00	2777.00	2776.50	2776.00	2776.00	2775.50	2775.00	2775.00	2774.50	2774.00	2774.00	2774.00	2773.00	2773.00	2772.50	2772.00	2772.00	2771.00	2771.00	2770.00	2769.50	2769.00	2769.00	2768.50	2768.00	2768.00	2768.00	2767.00	2767.00	2767.00	2766.50	2766.00	2766.00	2766.00	2765.00	2765.00	2764.00	2764.00	2763.50	2762.50	2762.00	2761.00	2761.00	2759.50	2759.00	2758.00	2757.50	2757.00	2756.00	2756.00	2755.00	2754.00	2753.50	2752.50	2752.00	2751.00	2750.50	2750.00	2749.00	2748.50	2748.00	2747.00	2746.50	2746.00	2745.00	2744.50	2744.00	2743.00	2742.50	2742.00	2742.00	2741.50	2741.00
2867.50	2866.50	2865.50	2865.00	2864.00	2863.00	2862.50	2862.00	2861.00	2860.50	2860.00	2859.00	2858.50	2858.00	2858.00	2857.00	2856.50	2856.00	2855.50	2855.00	2855.00	2855.00	2854.50	2854.00	2854.00	2853.50	2853.00	2853.00	2853.00	2852.00	2852.00	2852.00	2851.50	2851.00	2851.00	2850.50	2850.00	2850.00	2850.00	2849.00	2849.00	2849.00	2848.50	2848.00	2847.00	2846.00	2846.00	2845.00	2844.50	2843.00	2842.50	2841.50	2841.00	2840.00	2839.50	2838.00	2837.50	2836.50	2836.00	2835.00	2835.00	2834.00	2834.00	2834.00	2833.50	2833.00	2833.00	2832.00	2832.00	2831.50	2831.00	2830.00	2830.00	2829.50	2829.00	2828.00	2827.00	2827.00	2826.50	2826.00	2825.50	2825.00	2824.50	2824.00	2824.00	2823.50	2823.00	2823.00	2822.50	2822.00	2822.00	2822.00	2822.00	2822.00	2821.00	2821.00	2821.00	2821.00	2821.00	2822.00	2821.50	2821.00	2821.00	2821.00	2821.00	2821.00	2821.00	2820.00	2820.00	2820.00	2820.00	2820.00	2819.50	2819.00	2819.00	2819.00	2819.00	2819.00	2818.50	2818.00	2818.00	2817.00	2817.00	2816.00	2816.00	2815.50	2815.00	2815.00	2815.00	2815.00	2814.00	2814.00	2814.00	2814.00	2814.00	2813.50	2813.00	2813.00	2812.00	2812.00	2811.00	2810.50	2810.00	2808.50	2808.00	2807.50	2806.00	2805.00	2804.50	2803.00	2801.50	2800.50	2800.00	2799.00	2797.50	2796.00	2794.50	2793.50	2792.50	2791.00	2790.50	2789.00	2788.00	2786.50	2785.50	2784.00	2783.50	2783.00	2782.00	2782.00	2781.00	2780.00	2780.00	2779.50	2779.00	2779.00	2778.50	2778.00	2778.00	2778.00	2777.50	2777.00	2777.00	2777.00	2777.00	2776.50	2776.00	2776.00	2775.50	2775.00	2775.00	2774.50	2774.00	2774.00	2774.00	2773.00	2773.00	2772.50	2772.00	2772.00	2771.00	2771.00	2770.00	2769.50	2769.00	2769.00	2768.50	2768.00	2768.00	2768.00	2767.00	2767.00	2767.00	2766.50	2766.00	2766.00	2766.00	2765.00	2765.00	2764.00	2764.00	2763.50	2762.50	2762.00	2761.00	2761.00	2759.50	2759.00	2758.00	2757.50	2757.00	2756.00	2756.00	2755.00	2754.00	2753.50	2752.50	2752.00	2751.00	2750.50	2750.00	2749.00	2748.50	2748.00	2747.00	2746.50	2746.00	2745.00	2744.50	2744.00	2743.00	2742.50	2742.00	2742.00	2741.50	2741.00
2867.50	2866.50	2865.50	2865.00	2864.00	2863.00	2862.50	2862.00	2861.00	2860.50	2860.00	2859.00	2858.50	2858.00	2858.00	2857.00	2856.50	2856.00	2855.50	2855.00	2855.00	2855.00	2854.50	2854.00	2854.00	2853.50	2853.00	2853.00	2853.00	2852.00	2852.00	2852.00	2851.50	2851.00	2851.00	2850.50	2850.00	2850.00	2850.00	2849.00	2849.00	2849.00	2848.50	2848.00	2847.00	2846.00	2846.00	2845.00	2844.50	2843.00	2842.50	2841.50	2841.00	2840.00	2839.50	2838.00	2837.50	2836.50	2836.00	2835.00	2835.00	2834.00	2834.00	2834.00	2833.50	2833.00	2833.00	2832.00	2832.00	2831.50	2831.00	2830.00	2830.00	2829.50	2829.00	2828.00	2827.00	2827.00	2826.50	2826.00	2825.50	2825.00	2824.50	2824.00	2824.00	2823.50	2823.00	2823.00	2822.50	2822.00	2822.00	2822.00	2822.00	2822.00	2821.00	2821.00	2821.00	2821.00	2821.00	2822.00	2821.50	2821.00	2821.00	2821.00	2821.00	2821.00	2821.00	2820.00	2820.00	2820.00	2820.00	2820.00	2819.50	2819.00	2819.00	2819.00	2819.00	2819.00	2818.50	2818.00	2818.00	2817.00	2817.00	2816.00	2816.00	2815.50	2815.00	2815.00	2815.00	2815.00	2814.00	2814.00	2814.00	2814.00	2814.00	2813.50	2813.00	2813.00	2812.00	2812.00	2811.00	2810.50	2810.00	2808.50	2808.00	2807.50	2806.00	2805.00	2804.50	2803.00	2801.50	2800.50	2800.00	2799.00	2797.50	2796.00	2794.50	2793.50	2792.50	2791.00	2790.50	2789.00	2788.00	2786.50	2785.50	2784.00	2783.50	2783.00	2782.00	2782.00	2781.00	2780.00	2780.00	2779.50	2779.00	2779.00	2778.50	2778.00	2778.00	2778.00	2777.50	2777.00	2777.00	2777.00	2777.00	2776.50	2776.00	2776.00	2775.50	2775.00	2775.00	2774.50	2774.00	2774.00	2774.00	2773.00	2773.00	2772.50	2772.00	2772.00	2771.00	2771.00	2770.00	2769.50	2769.00	2769.00	2768.50	2768.00	2768.00	2768.00	2767.00	2767.00	2767.00	2766.50	2766.00	2766.00	2766.00	2765.00	2765.00	2764.00	2764.00	2763.50	2762.50	2762.00	2761.00	2761.00	2759.50	2759.00	2758.00	2757.50	2757.00	2756.00	2756.00	2755.00	2754.00	2753.50	2752.50	2752.00	2751.00	2750.50	2750.00	2749.00	2748.50	2748.00	2747.00	2746.50	2746.00	2745.00	2744.50	2744.00	2743.00	2742.50	2742.00	2742.00	2741.50	2741.00
2866.75	2866.00	2864.75	2864.25	2863.00	2862.50	2861.75	2861.00	2860.25	2859.75	2859.50	2858.50	2858.25	2857.50	2857.50	2856.50	2856.25	2855.75	2855.25	2855.00	2855.00	2854.50	2854.25	2854.00	2853.50	2853.25	2853.00	2852.50	2852.50	2852.00	2851.50	2851.50	2851.25	2850.75	2850.50	2850.25	2849.50	2849.50	2849.50	2848.50	2848.50	2848.50	2848.00	2847.50	2846.75	2846.00	2845.50	2844.75	2844.25	2843.00	2842.50	2841.75	2841.00	2840.25	2839.50	2838.50	2837.50	2836.75	2836.00	2835.50	2835.00	2834.00	2834.00	2833.75	2833.25	2832.75	2832.50	2831.50	2831.50	2831.00	2830.50	2829.50	2829.25	2828.75	2828.00	2827.25	2826.50	2826.50	2826.00	2825.50	2825.25	2824.75	2824.25	2824.00	2824.00	2823.75	2823.50	2823.00	2822.75	2822.50	2822.50	2822.50	2822.50	2822.50	2822.00	2822.00	2822.00	2822.00	2822.00	2822.50	2821.75	2821.50	2821.50	2821.50	2821.25	2821.00	2821.00	2820.50	2820.50	2820.25	2820.00	2820.00	2819.50	2819.00	2819.00	2819.00	2819.00	2819.00	2818.50	2818.00	2818.00	2817.50	2817.00	2816.50	2816.00	2815.75	2815.25	2815.00	2814.75	2814.50	2814.00	2814.00	2813.50	2813.50	2813.50	2813.25	2812.75	2812.50	2811.50	2811.50	2810.50	2810.25	2809.75	2808.25	2807.75	2807.00	2806.00	2804.75	2804.25	2803.00	2801.50	2800.50	2799.50	2798.50	2797.00	2795.50	2794.00	2793.00	2792.00	2790.50	2790.00	2788.50	2787.50	2786.25	2785.50	2784.00	2783.50	2783.00	2782.00	2782.00	2781.00	2780.50	2780.00	2779.75	2779.25	2779.00	2778.75	2778.50	2778.00	2778.00	2777.75	2777.50	2777.25	2777.00	2777.00	2776.50	2776.00	2776.00	2775.50	2775.00	2775.00	2774.50	2774.00	2774.00	2773.50	2773.00	2772.50	2772.25	2771.75	2771.50	2771.00	2770.50	2769.50	2769.25	2768.75	2768.50	2768.25	2768.00	2767.50	2767.50	2767.00	2766.75	2766.50	2766.25	2765.75	2765.50	2765.00	2764.50	2764.00	2763.50	2763.25	2762.75	2761.75	2761.25	2760.50	2760.50	2759.25	2758.75	2757.50	2757.00	2756.50	2755.50	2755.50	2754.50	2753.50	2753.00	2752.25	2752.00	2751.00	2750.50	2749.50	2749.00	2748.25	2747.50	2746.50	2746.00	2745.50	2745.00	2744.25	2743.50	2742.50	2742.25	2741.75	2741.25	2740.75	2740.50
2866.00	2865.50	2864.00	2863.50	2862.00	2862.00	2861.00	2860.00	2859.50	2859.00	2859.00	2858.00	2858.00	2857.00	2857.00	2856.00	2856.00	2855.50	2855.00	2855.00	2855.00	2854.00	2854.00	2854.00	2853.00	2853.00	2853.00	2852.00	2852.00	2852.00	2851.00	2851.00	2851.00	2850.50	2850.00	2850.00	2849.00	2849.00	2849.00	2848.00	2848.00	2848.00	2847.50	2847.00	2846.50	2846.00	2845.00	2844.50	2844.00	2843.00	2842.50	2842.00	2841.00	2840.50	2839.50	2839.00	2837.50	2837.00	2836.00	2836.00	2835.00	2834.00	2834.00	2833.50	2833.00	2832.50	2832.00	2831.00	2831.00	2830.50	2830.00	2829.00	2828.50	2828.00	2827.00	2826.50	2826.00	2826.00	2825.50	2825.00	2825.00	2824.50	2824.00	2824.00	2824.00	2824.00	2824.00	2823.00	2823.00	2823.00	2823.00	2823.00	2823.00	2823.00	2823.00	2823.00	2823.00	2823.00	2823.00	2823.00	2822.00	2822.00	2822.00	2822.00	2821.50	2821.00	2821.00	2821.00	2821.00	2820.50	2820.00	2820.00	2819.50	2819.00	2819.00	2819.00	2819.00	2819.00	2818.50	2818.00	2818.00	2818.00	2817.00	2817.00	2816.00	2816.00	2815.50	2815.00	2814.50	2814.00	2814.00	2814.00	2813.00	2813.00	2813.00	2813.00	2812.50	2812.00	2811.00	2811.00	2810.00	2810.00	2809.50	2808.00	2807.50	2806.50	2806.00	2804.50	2804.00	2803.00	2801.50	2800.50	2799.00	2798.00	2796.50	2795.00	2793.50	2792.50	2791.50	2790.00	2789.50	2788.00	2787.00	2786.00	2785.50	2784.00	2783.50	2783.00	2782.00	2782.00	2781.00	2781.00	2780.00	2780.00	2779.50	2779.00	2779.00	2779.00	2778.00	2778.00	2778.00	2778.00	2777.50	2777.00	2777.00	2776.50	2776.00	2776.00	2775.50	2775.00	2775.00	2774.50	2774.00	2774.00	2773.00	2773.00	2772.00	2772.00	2771.50	2771.00	2771.00	2770.00	2769.00	2769.00	2768.50	2768.00	2768.00	2768.00	2767.00	2767.00	2767.00	2766.50	2766.00	2766.00	2765.50	2765.00	2764.00	2764.00	2763.00	2763.00	2762.50	2762.00	2761.00	2760.50	2760.00	2760.00	2759.00	2758.50	2757.00	2756.50	2756.00	2755.00	2755.00	2754.00	2753.00	2752.50	2752.00	2752.00	2751.00	2750.50	2749.00	2749.00	2748.00	2747.00	2746.00	2745.50	2745.00	2745.00	2744.00	2743.00	2742.00	2742.00	2741.50	2740.50	2740.00	2740.00
2866.00	2865.50	2864.00	2863.50	2862.00	2862.00	2861.00	2860.00	2859.50	2859.00	2859.00	2858.00	2858.00	2857.00	2857.00	2856.00	2856.00	2855.50	2855.00	2855.00	2855.00	2854.00	2854.00	2854.00	2853.00	2853.00	2853.00	2852.00	2852.00	2852.00	2851.00	2851.00	2851.00	2850.50	2850.00	2850.00	2849.00	2849.00	2849.00	2848.00	2848.00	2848.00	2847.50	2847.00	2846.50	2846.00	2845.00	2844.50	2844.00	2843.00	2842.50	2842.00	2841.00	2840.50	2839.50	2839.00	2837.50	2837.00	2836.00	2836.00	2835.00	2834.00	2834.00	2833.50	2833.00	2832.50	2832.00	2831.00	2831.00	2830.50	2830.00	2829.00	2828.50	2828.00	2827.00	2826.50	2826.00	2826.00	2825.50	2825.00	2825.00	2824.50	2824.00	2824.00	2824.00	2824.00	2824.00	2823.00	2823.00	2823.00	2823.00	2823.00	2823.00	2823.00	2823.00	2823.00	2823.00	2823.00	2823.00	2823.00	2822.00	2822.00	2822.00	2822.00	2821.50	2821.00	2821.00	2821.00	2821.00	2820.50	2820.00	2820.00	2819.50	2819.00	2819.00	2819.00	2819.00	2819.00	2818.50	2818.00	2818.00	2818.00	2817.00	2817.00	2816.00	2816.00	2815.50	2815.00	2814.50	2814.00	2814.00	2814.00	2813.00	2813.00	2813.00	2813.00	2812.50	2812.00	2811.00	2811.00	2810.00	2810.00	2809.50	2808.00	2807.50	2806.50	2806.00	2804.50	2804.00	2803.00	2801.50	2800.50	2799.00	2798.00	2796.50	2795.00	2793.50	2792.50	2791.50	2790.00	2789.50	2788.00	2787.00	2786.00	2785.50	2784.00	2783.50	2783.00	2782.00	2782.00	2781.00	2781.00	2780.00	2780.00	2779.50	2779.00	2779.00	2779.00	2778.00	2778.00	2778.00	2778.00	2777.50	2777.00	2777.00	2776.50	2776.00	2776.00	2775.50	2775.00	2775.00	2774.50	2774.00	2774.00	2773.00	2773.00	2772.00	2772.00	2771.50	2771.00	2771.00	2770.00	2769.00	2769.00	2768.50	2768.00	2768.00	2768.00	2767.00	2767.00	2767.00	2766.50	2766.00	2766.00	2765.50	2765.00	2764.00	2764.00	2763.00	2763.00	2762.50	2762.00	2761.00	2760.50	2760.00	2760.00	2759.00	2758.50	2757.00	2756.50	2756.00	2755.00	2755.00	2754.00	2753.00	2752.50	2752.00	2752.00	2751.00	2750.50	2749.00	2749.00	2748.00	2747.00	2746.00	2745.50	2745.00	2745.00	2744.00	2743.00	2742.00	2742.00	2741.50	2740.50	2740.00	2740.00
2866.00	2865.50	2864.00	2863.50	2862.00	2862.00	2861.00	2860.00	2859.50	2859.00	2859.00	2858.00	2858.00	2857.00	2857.00	2856.00	2856.00	2855.50	2855.00	2855.00	2855.00	2854.00	2854.00	2854.00	2853.00	2853.00	2853.00	2852.00	2852.00	2852.00	2851.00	2851.00	2851.00	2850.50	2850.00	2850.00	2849.00	2849.00	2849.00	2848.00	2848.00	2848.00	2847.50	2847.00	2846.50	2846.00	2845.00	2844.50	2844.00	2843.00	2842.50	2842.00	2841.00	2840.50	2839.50	2839.00	2837.50	2837.00	2836.00	2836.00	2835.00	2834.00	2834.00	2833.50	2833.00	2832.50	2832.00	2831.00	2831.00	2830.50	2830.00	2829.00	2828.50	2828.00	2827.00	2826.50	2826.00	2826.00	2825.50	2825.00	2825.00	2824.50	2824.00	2824.00	2824.00	2824.00	2824.00	2823.00	2823.00	2823.00	2823.00	2823.00	2823.00	2823.00	2823.00	2823.00	2823.00	2823.00	2823.00	2823.00	2822.00	2822.00	2822.00	2822.00	2821.50	2821.00	2821.00	2821.00	2821.00	2820.50	2820.00	2820.00	2819.50	2819.00	2819.00	2819.00	2819.00	2819.00	2818.50	2818.00	2818.00	2818.00	2817.00	2817.00	2816.00	2816.00	2815.50	2815.00	2814.50	2814.00	2814.00	2814.00	2813.00	2813.00	2813.00	2813.00	2812.50	2812.00	2811.00	2811.00	2810.00	2810.00	2809.50	2808.00	2807.50	2806.50	2806.00	2804.50	2804.00	2803.00	2801.50	2800.50	2799.00	2798.00	2796.50	2795.00	2793.50	2792.50	2791.50	2790.00	2789.50	2788.00	2787.00	2786.00	2785.50	2784.00	2783.50	2783.00	2782.00	2782.00	2781.00	2781.00	2780.00	2780.00	2779.50	2779.00	2779.00	2779.00	2778.00	2778.00	2778.00	2778.00	2777.50	2777.00	2777.00	2776.50	2776.00	2776.00	2775.50	2775.00	2775.00	2774.50	2774.00	2774.00	2773.00	2773.00	2772.00	2772.00	2771.50	2771.00	2771.00	2770.00	2769.00	2769.00	2768.50	2768.00	2768.00	2768.00	2767.00	2767.00	2767.00	2766.50	2766.00	2766.00	2765.50	2765.00	2764.00	2764.00	2763.00	2763.00	2762.50	2762.00	2761.00	2760.50	2760.00	2760.00	2759.00	2758.50	2757.00	2756.50	2756.00	2755.00	2755.00	2754.00	2753.00	2752.50	2752.00	2752.00	2751.00	2750.50	2749.00	2749.00	2748.00	2747.00	2746.00	2745.50	2745.00	2745.00	2744.00	2743.00	2742.00	2742.00	2741.50	2740.50	2740.00	2740.00
2864.50	2864.00	2863.00	2862.50	2862.00	2861.00	2860.00	2859.00	2859.00	2858.50	2858.00	2857.00	2857.00	2856.00	2856.00	2855.50	2855.00	2855.00	2855.00	2854.50	2854.00	2854.00	2853.50	2853.00	2853.00	2853.00	2852.50	2852.00	2851.50	2851.00	2850.00	2850.00	2850.00	2849.50	2849.00	2849.00	2848.00	2848.00	2848.00	2848.00	2847.00	2847.00	2847.00	2846.00	2846.00	2845.00	2845.00	2844.50	2844.00	2843.00	2842.50	2842.00	2841.00	2840.50	2840.00	2839.00	2838.00	2837.50	2836.00	2836.00	2835.00	2834.00	2834.00	2833.50	2833.00	2832.50	2832.00	2831.00	2830.00	2829.50	2828.00	2827.50	2827.00	2827.00	2826.00	2826.00	2825.00	2825.00	2825.00	2825.00	2824.50	2824.00	2824.00	2824.00	2824.00	2824.00	2824.00	2824.50	2824.50	2824.00	2824.00	2824.00	2824.00	2824.00	2824.00	2824.00	2824.00	2824.00	2824.00	2824.00	2823.00	2823.00	2822.00	2822.00	2822.00	2822.00	2821.00	2821.00	2821.00	2820.00	2820.00	2820.00	2819.50	2819.00	2819.00	2819.00	2819.00	2819.00	2818.00	2818.00	2818.00	2817.00	2817.00	2817.00	2816.00	2816.00	2815.50	2814.50	2814.00	2814.00	2813.00	2813.00	2812.50	2812.00	2811.50	2811.00	2811.00	2810.00	2809.50	2809.00	2809.00	2808.50	2808.00	2807.00	2806.50	2806.00	2805.00	2803.50	2803.00	2802.00	2800.50	2799.50	2798.00	2797.00	2796.50	2795.00	2793.50	2792.50	2791.50	2789.50	2788.50	2788.00	2787.00	2785.50	2785.00	2784.00	2783.50	2783.00	2782.00	2782.00	2781.00	2781.00	2780.50	2780.00	2780.00	2779.50	2779.00	2779.00	2779.00	2778.00	2778.00	2777.50	2777.00	2777.00	2777.00	2776.00	2776.00	2776.00	2775.00	2775.00	2774.50	2774.00	2773.50	2773.00	2773.00	2772.00	2772.00	2771.00	2771.00	2770.50	2770.00	2769.00	2769.00	2768.00	2767.50	2767.00	2766.50	2766.00	2766.00	2766.00	2765.50	2765.00	2765.00	2764.50	2764.00	2763.00	2763.00	2762.00	2762.00	2761.50	2761.00	2761.00	2760.00	2759.50	2759.00	2758.00	2757.50	2757.00	2756.00	2755.50	2755.00	2754.00	2754.00	2753.00	2752.00	2752.00	2751.50	2751.00	2750.00	2749.50	2749.00	2748.00	2747.50	2747.00	2746.00	2745.50	2745.00	2744.00	2743.50	2743.00	2742.00	2741.50	2741.00	2740.00	2739.50	2739.00
2864.50	2864.00	2863.00	2862.50	2862.00	2861.00	2860.00	2859.00	2859.00	2858.50	2858.00	2857.00	2857.00	2856.00	2856.00	2855.50	2855.00	2855.00	2855.00	2854.50	2854.00	2854.00	2853.50	2853.00	2853.00	2853.00	2852.50	2852.00	2851.50	2851.00	2850.00	2850.00	2850.00	2849.50	2849.00	2849.00	2848.00	2848.00	2848.00	2848.00	2847.00	2847.00	2847.00	2846.00	2846.00	2845.00	2845.00	2844.50	2844.00	2843.00	2842.50	2842.00	2841.00	2840.50	2840.00	2839.00	2838.00	2837.50	2836.00	2836.00	2835.00	2834.00	2834.00	2833.50	2833.00	2832.50	2832.00	2831.00	2830.00	2829.50	2828.00	2827.50	2827.00	2827.00	2826.00	2826.00	2825.00	2825.00	2825.00	2825.00	2824.50	2824.00	2824.00	2824.00	2824.00	2824.00	2824.00	2824.50	2824.50	2824.00	2824.00	2824.00	2824.00	2824.00	2824.00	2824.00	2824.00	2824.00	2824.00	2824.00	2823.00	2823.00	2822.00	2822.00	2822.00	2822.00	2821.00	2821.00	2821.00	2820.00	2820.00	2820.00	2819.50	2819.00	2819.00	2819.00	2819.00	2819.00	2818.00	2818.00	2818.00	2817.00	2817.00	2817.00	2816.00	2816.00	2815.50	2814.50	2814.00	2814.00	2813.00	2813.00	2812.50	2812.00	2811.50	2811.00	2811.00	2810.00	2809.50	2809.00	2809.00	2808.50	2808.00	2807.00	2806.50	2806.00	2805.00	2803.50	2803.00	2802.00	2800.50	2799.50	2798.00	2797.00	2796.50	2795.00	2793.50	2792.50	2791.50	2789.50	2788.50	2788.00	2787.00	2785.50	2785.00	2784.00	2783.50	2783.00	2782.00	2782.00	2781.00	2781.00	2780.50	2780.00	2780.00	2779.50	2779.00	2779.00	2779.00	2778.00	2778.00	2777.50	2777.00	2777.00	2777.00	2776.00	2776.00	2776.00	2775.00	2775.00	2774.50	2774.00	2773.50	2773.00	2773.00	2772.00	2772.00	2771.00	2771.00	2770.50	2770.00	2769.00	2769.00	2768.00	2767.50	2767.00	2766.50	2766.00	2766.00	2766.00	2765.50	2765.00	2765.00	2764.50	2764.00	2763.00	2763.00	2762.00	2762.00	2761.50	2761.00	2761.00	2760.00	2759.50	2759.00	2758.00	2757.50	2757.00	2756.00	2755.50	2755.00	2754.00	2754.00	2753.00	2752.00	2752.00	2751.50	2751.00	2750.00	2749.50	2749.00	2748.00	2747.50	2747.00	2746.00	2745.50	2745.00	2744.00	2743.50	2743.00	2742.00	2741.50	2741.00	2740.00	2739.50	2739.00
2864.50	2864.00	2863.00	2862.50	2862.00	2861.00	2860.00	2859.00	2859.00	2858.50	2858.00	2857.00	2857.00	2856.00	2856.00	2855.50	2855.00	2855.00	2855.00	2854.50	2854.00	2854.00	2853.50	2853.00	2853.00	2853.00	2852.50	2852.00	2851.50	2851.00	2850.00	2850.00	2850.00	2849.50	2849.00	2849.00	2848.00	2848.00	2848.00	2848.00	2847.00	2847.00	2847.00	2846.00	2846.00	2845.00	2845.00	2844.50	2844.00	2843.00	2842.50	2842.00	2841.00	2840.50	2840.00	2839.00	2838.00	2837.50	2836.00	2836.00	2835.00	2834.00	2834.00	2833.50	2833.00	2832.50	2832.00	2831.00	2830.00	2829.50	2828.00	2827.50	2827.00	2827.00	2826.00	2826.00	2825.00	2825.00	2825.00	2825.00	2824.50	2824.00	2824.00	2824.00	2824.00	2824.00	2824.00	2824.50	2824.50	2824.00	2824.00	2824.00	2824.00	2824.00	2824.00	2824.00	2824.00	2824.00	2824.00	2824.00	2823.00	2823.00	2822.00	2822.00	2822.00	2822.00	2821.00	2821.00	2821.00	2820.00	2820.00	2820.00	2819.50	2819.00	2819.00	2819.00	2819.00	2819.00	2818.00	2818.00	2818.00	2817.00	2817.00	2817.00	2816.00	2816.00	2815.50	2814.50	2814.00	2814.00	2813.00	2813.00	2812.50	2812.00	2811.50	2811.00	2811.00	2810.00	2809.50	2809.00	2809.00	2808.50	2808.00	2807.00	2806.50	2806.00	2805.00	2803.50	2803.00	2802.00	2800.50	2799.50	2798.00	2797.00	2796.50	2795.00	2793.50	2792.50	2791.50	2789.50	2788.50	2788.00	2787.00	2785.50	2785.00	2784.00	2783.50	2783.00	2782.00	2782.00	2781.00	2781.00	2780.50	2780.00	2780.00	2779.50	2779.00	2779.00	2779.00	2778.00	2778.00	2777.50	2777.00	2777.00	2777.00	2776.00	2776.00	2776.00	2775.00	2775.00	2774.50	2774.00	2773.50	2773.00	2773.00	2772.00	2772.00	2771.00	2771.00	2770.50	2770.00	2769.00	2769.00	2768.00	2767.50	2767.00	2766.50	2766.00	2766.00	2766.00	2765.50	2765.00	2765.00	2764.50	2764.00	2763.00	2763.00	2762.00	2762.00	2761.50	2761.00	2761.00	2760.00	2759.50	2759.00	2758.00	2757.50	2757.00	2756.00	2755.50	2755.00	2754.00	2754.00	2753.00	2752.00	2752.00	2751.50	2751.00	2750.00	2749.50	2749.00	2748.00	2747.50	2747.00	2746.00	2745.50	2745.00	2744.00	2743.50	2743.00	2742.00	2741.50	2741.00	2740.00	2739.50	2739.00
2864.50	2864.00	2863.00	2862.50	2862.00	2861.00	2860.00	2859.00	2859.00	2858.50	2858.00	2857.00	2857.00	2856.00	2856.00	2855.50	2855.00	2855.00	2855.00	2854.50	2854.00	2854.00	2853.50	2853.00	2853.00	2853.00	2852.50	2852.00	2851.50	2851.00	2850.00	2850.00	2850.00	2849.50	2849.00	2849.00	2848.00	2848.00	2848.00	2848.00	2847.00	2847.00	2847.00	2846.00	2846.00	2845.00	2845.00	2844.50	2844.00	2843.00	2842.50	2842.00	2841.00	2840.50	2840.00	2839.00	2838.00	2837.50	2836.00	2836.00	2835.00	2834.00	2834.00	2833.50	2833.00	2832.50	2832.00	2831.00	2830.00	2829.50	2828.00	2827.50	2827.00	2827.00	2826.00	2826.00	2825.00	2825.00	2825.00	2825.00	2824.50	2824.00	2824.00	2824.00	2824.00	2824.00	2824.00	2824.50	2824.50	2824.00	2824.00	2824.00	2824.00	2824.00	2824.00	2824.00	2824.00	2824.00	2824.00	2824.00	2823.00	2823.00	2822.00	2822.00	2822.00	2822.00	2821.00	2821.00	2821.00	2820.00	2820.00	2820.00	2819.50	2819.00	2819.00	2819.00	2819.00	2819.00	2818.00	2818.00	2818.00	2817.00	2817.00	2817.00	2816.00	2816.00	2815.50	2814.50	2814.00	2814.00	2813.00	2813.00	2812.50	2812.00	2811.50	2811.00	2811.00	2810.00	2809.50	2809.00	2809.00	2808.50	2808.00	2807.00	2806.50	2806.00	2805.00	2803.50	2803.00	2802.00	2800.50	2799.50	2798.00	2797.00	2796.50	2795.00	2793.50	2792.50	2791.50	2789.50	2788.50	2788.00	2787.00	2785.50	2785.00	2784.00	2783.50	2783.00	2782.00	2782.00	2781.00	2781.00	2780.50	2780.00	2780.00	2779.50	2779.00	2779.00	2779.00	2778.00	2778.00	2777.50	2777.00	2777.00	2777.00	2776.00	2776.00	2776.00	2775.00	2775.00	2774.50	2774.00	2773.50	2773.00	2773.00	2772.00	2772.00	2771.00	2771.00	2770.50	2770.00	2769.00	2769.00	2768.00	2767.50	2767.00	2766.50	2766.00	2766.00	2766.00	2765.50	2765.00	2765.00	2764.50	2764.00	2763.00	2763.00	2762.00	2762.00	2761.50	2761.00	2761.00	2760.00	2759.50	2759.00	2758.00	2757.50	2757.00	2756.00	2755.50	2755.00	2754.00	2754.00	2753.00	2752.00	2752.00	2751.50	2751.00	2750.00	2749.50	2749.00	2748.00	2747.50	2747.00	2746.00	2745.50	2745.00	2744.00	2743.50	2743.00	2742.00	2741.50	2741.00	2740.00	2739.50	2739.00
2862.50	2862.00	2861.50	2861.00	2860.00	2860.00	2859.00	2858.00	2857.50	2857.00	2857.00	2856.00	2856.00	2856.00	2855.00	2855.00	2855.00	2854.50	2854.00	2854.00	2853.00	2853.00	2853.00	2852.00	2852.00	2852.00	2851.50	2851.00	2850.50	2850.00	2850.00	2849.00	2849.00	2849.00	2848.50	2848.00	2848.00	2848.00	2847.00	2847.00	2847.00	2846.50	2846.00	2846.00	2845.00	2845.00	2845.00	2844.00	2843.50	2842.50	2842.00	2841.50	2841.00	2840.00	2839.50	2839.00	2837.50	2837.00	2836.00	2836.00	2835.00	2834.00	2833.50	2833.00	2832.50	2832.00	2831.50	2831.00	2830.00	2829.50	2828.00	2827.50	2827.00	2826.50	2826.00	2825.00	2825.00	2825.00	2824.00	2824.00	2824.00	2824.00	2824.00	2824.00	2825.00	2825.00	2825.00	2825.00	2825.00	2825.00	2826.00	2826.00	2826.00	2826.00	2825.00	2825.00	2825.00	2825.00	2824.50	2824.00	2823.50	2823.00	2823.00	2822.00	2822.00	2822.00	2821.00	2821.00	2821.00	2820.00	2820.00	2820.00	2819.00	2819.00	2819.00	2819.00	2818.50	2818.00	2818.00	2818.00	2818.00	2817.00	2817.00	2817.00	2816.00	2816.00	2815.50	2814.50	2814.00	2813.50	2813.00	2812.00	2812.00	2811.00	2810.50	2810.00	2809.50	2809.00	2808.00	2808.00	2807.00	2807.00	2806.50	2805.50	2805.00	2804.50	2804.00	2802.50	2802.00	2801.00	2799.50	2798.50	2797.00	2796.00	2795.50	2794.00	2792.50	2791.50	2790.50	2789.50	2788.50	2787.00	2787.00	2785.50	2784.50	2783.50	2783.00	2783.00	2782.00	2782.00	2781.00	2781.00	2780.50	2780.00	2780.00	2779.50	2779.00	2779.00	2779.00	2778.00	2778.00	2777.50	2777.00	2777.00	2777.00	2776.00	2776.00	2775.00	2775.00	2774.50	2773.50	2773.00	2773.00	2772.00	2772.00	2771.50	2771.00	2770.00	2770.00	2769.50	2769.00	2768.00	2767.00	2766.50	2766.00	2766.00	2765.00	2765.00	2765.00	2764.00	2764.00	2764.00	2763.00	2762.50	2762.00	2762.00	2761.00	2761.00	2760.00	2760.00	2759.50	2759.00	2758.50	2758.00	2757.00	2757.00	2756.00	2755.50	2754.50	2754.00	2753.50	2753.00	2753.00	2752.00	2752.00	2751.00	2750.50	2750.00	2749.50	2749.00	2748.00	2748.00	2747.00	2746.00	2745.50	2745.00	2744.50	2744.00	2743.00	2742.00	2742.00	2740.50	2740.00	2739.00	2738.50	2737.50
2862.50	2862.00	2861.50	2861.00	2860.00	2860.00	2859.00	2858.00	2857.50	2857.00	2857.00	2856.00	2856.00	2856.00	2855.00	2855.00	2855.00	2854.50	2854.00	2854.00	2853.00	2853.00	2853.00	2852.00	2852.00	2852.00	2851.50	2851.00	2850.50	2850.00	2850.00	2849.00	2849.00	2849.00	2848.50	2848.00	2848.00	2848.00	2847.00	2847.00	2847.00	2846.50	2846.00	2846.00	2845.00	2845.00	2845.00	2844.00	2843.50	2842.50	2842.00	2841.50	2841.00	2840.00	2839.50	2839.00	2837.50	2837.00	2836.00	2836.00	2835.00	2834.00	2833.50	2833.00	2832.50	2832.00	2831.50	2831.00	2830.00	2829.50	2828.00	2827.50	2827.00	2826.50	2826.00	2825.00	2825.00	2825.00	2824.00	2824.00	2824.00	2824.00	2824.00	2824.00	2825.00	2825.00	2825.00	2825.00	2825.00	2825.00	2826.00	2826.00	2826.00	2826.00	2825.00	2825.00	2825.00	2825.00	2824.50	2824.00	2823.50	2823.00	2823.00	2822.00	2822.00	2822.00	2821.00	2821.00	2821.00	2820.00	2820.00	2820.00	2819.00	2819.00	2819.00	2819.00	2818.50	2818.00	2818.00	2818.00	2818.00	2817.00	2817.00	2817.00	2816.00	2816.00	2815.50	2814.50	2814.00	2813.50	2813.00	2812.00	2812.00	2811.00	2810.50	2810.00	2809.50	2809.00	2808.00	2808.00	2807.00	2807.00	2806.50	2805.50	2805.00	2804.50	2804.00	2802.50	2802.00	2801.00	2799.50	2798.50	2797.00	2796.00	2795.50	2794.00	2792.50	2791.50	2790.50	2789.50	2788.50	2787.00	2787.00	2785.50	2784.50	2783.50	2783.00	2783.00	2782.00	2782.00	2781.00	2781.00	2780.50	2780.00	2780.00	2779.50	2779.00	2779.00	2779.00	2778.00	2778.00	2777.50	2777.00	2777.00	2777.00	2776.00	2776.00	2775.00	2775.00	2774.50	2773.50	2773.00	2773.00	2772.00	2772.00	2771.50	2771.00	2770.00	2770.00	2769.50	2769.00	2768.00	2767.00	2766.50	2766.00	2766.00	2765.00	2765.00	2765.00	2764.00	2764.00	2764.00	2763.00	2762.50	2762.00	2762.00	2761.00	2761.00	2760.00	2760.00	2759.50	2759.00	2758.50	2758.00	2757.00	2757.00	2756.00	2755.50	2754.50	2754.00	2753.50	2753.00	2753.00	2752.00	2752.00	2751.00	2750.50	2750.00	2749.50	2749.00	2748.00	2748.00	2747.00	2746.00	2745.50	2745.00	2744.50	2744.00	2743.00	2742.00	2742.00	2740.50	2740.00	2739.00	2738.50	2737.50
2862.50	2862.00	2861.50	2861.00	2860.00	2860.00	2859.00	2858.00	2857.50	2857.00	2857.00	2856.00	2856.00	2856.00	2855.00	2855.00	2855.00	2854.50	2854.00	2854.00	2853.00	2853.00	2853.00	2852.00	2852.00	2852.00	2851.50	2851.00	2850.50	2850.00	2850.00	2849.00	2849.00	2849.00	2848.50	2848.00	2848.00	2848.00	2847.00	2847.00	2847.00	2846.50	2846.00	2846.00	2845.00	2845.00	2845.00	2844.00	2843.50	2842.50	2842.00	2841.50	2841.00	2840.00	2839.50	2839.00	2837.50	2837.00	2836.00	2836.00	2835.00	2834.00	2833.50	2833.00	2832.50	2832.00	2831.50	2831.00	2830.00	2829.50	2828.00	2827.50	2827.00	2826.50	2826.00	2825.00	2825.00	2825.00	2824.00	2824.00	2824.00	2824.00	2824.00	2824.00	2825.00	2825.00	2825.00	2825.00	2825.00	2825.00	2826.00	2826.00	2826.00	2826.00	2825.00	2825.00	2825.00	2825.00	2824.50	2824.00	2823.50	2823.00	2823.00	2822.00	2822.00	2822.00	2821.00	2821.00	2821.00	2820.00	2820.00	2820.00	2819.00	2819.00	2819.00	2819.00	2818.50	2818.00	2818.00	2818.00	2818.00	2817.00	2817.00	2817.00	2816.00	2816.00	2815.50	2814.50	2814.00	2813.50	2813.00	2812.00	2812.00	2811.00	2810.50	2810.00	2809.50	2809.00	2808.00	2808.00	2807.00	2807.00	2806.50	2805.50	2805.00	2804.50	2804.00	2802.50	2802.00	2801.00	2799.50	2798.50	2797.00	2796.00	2795.50	2794.00	2792.50	2791.50	2790.50	2789.50	2788.50	2787.00	2787.00	2785.50	2784.50	2783.50	2783.00	2783.00	2782.00	2782.00	2781.00	2781.00	2780.50	2780.00	2780.00	2779.50	2779.00	2779.00	2779.00	2778.00	2778.00	2777.50	2777.00	2777.00	2777.00	2776.00	2776.00	2775.00	2775.00	2774.50	2773.50	2773.00	2773.00	2772.00	2772.00	2771.50	2771.00	2770.00	2770.00	2769.50	2769.00	2768.00	2767.00	2766.50	2766.00	2766.00	2765.00	2765.00	2765.00	2764.00	2764.00	2764.00	2763.00	2762.50	2762.00	2762.00	2761.00	2761.00	2760.00	2760.00	2759.50	2759.00	2758.50	2758.00	2757.00	2757.00	2756.00	2755.50	2754.50	2754.00	2753.50	2753.00	2753.00	2752.00	2752.00	2751.00	2750.50	2750.00	2749.50	2749.00	2748.00	2748.00	2747.00	2746.00	2745.50	2745.00	2744.50	2744.00	2743.00	2742.00	2742.00	2740.50	2740.00	2739.00	2738.50	2737.50
2862.50	2862.00	2861.50	2861.00	2860.00	2860.00	2859.00	2858.00	2857.50	2857.00	2857.00	2856.00	2856.00	2856.00	2855.00	2855.00	2855.00	2854.50	2854.00	2854.00	2853.00	2853.00	2853.00	2852.00	2852.00	2852.00	2851.50	2851.00	2850.50	2850.00	2850.00	2849.00	2849.00	2849.00	2848.50	2848.00	2848.00	2848.00	2847.00	2847.00	2847.00	2846.50	2846.00	2846.00	2845.00	2845.00	2845.00	2844.00	2843.50	2842.50	2842.00	2841.50	2841.00	2840.00	2839.50	2839.00	2837.50	2837.00	2836.00	2836.00	2835.00	2834.00	2833.50	2833.00	2832.50	2832.00	2831.50	2831.00	2830.00	2829.50	2828.00	2827.50	2827.00	2826.50	2826.00	2825.00	2825.00	2825.00	2824.00	2824.00	2824.00	2824.00	2824.00	2824.00	2825.00	2825.00	2825.00	2825.00	2825.00	2825.00	2826.00	2826.00	2826.00	2826.00	2825.00	2825.00	2825.00	2825.00	2824.50	2824.00	2823.50	2823.00	2823.00	2822.00	2822.00	2822.00	2821.00	2821.00	2821.00	2820.00	2820.00	2820.00	2819.00	2819.00	2819.00	2819.00	2818.50	2818.00	2818.00	2818.00	2818.00	2817.00	2817.00	2817.00	2816.00	2816.00	2815.50	2814.50	2814.00	2813.50	2813.00	2812.00	2812.00	2811.00	2810.50	2810.00	2809.50	2809.00	2808.00	2808.00	2807.00	2807.00	2806.50	2805.50	2805.00	2804.50	2804.00	2802.50	2802.00	2801.00	2799.50	2798.50	2797.00	2796.00	2795.50	2794.00	2792.50	2791.50	2790.50	2789.50	2788.50	2787.00	2787.00	2785.50	2784.50	2783.50	2783.00	2783.00	2782.00	2782.00	2781.00	2781.00	2780.50	2780.00	2780.00	2779.50	2779.00	2779.00	2779.00	2778.00	2778.00	2777.50	2777.00	2777.00	2777.00	2776.00	2776.00	2775.00	2775.00	2774.50	2773.50	2773.00	2773.00	2772.00	2772.00	2771.50	2771.00	2770.00	2770.00	2769.50	2769.00	2768.00	2767.00	2766.50	2766.00	2766.00	2765.00	2765.00	2765.00	2764.00	2764.00	2764.00	2763.00	2762.50	2762.00	2762.00	2761.00	2761.00	2760.00	2760.00	2759.50	2759.00	2758.50	2758.00	2757.00	2757.00	2756.00	2755.50	2754.50	2754.00	2753.50	2753.00	2753.00	2752.00	2752.00	2751.00	2750.50	2750.00	2749.50	2749.00	2748.00	2748.00	2747.00	2746.00	2745.50	2745.00	2744.50	2744.00	2743.00	2742.00	2742.00	2740.50	2740.00	2739.00	2738.50	2737.50
2861.00	2860.50	2860.00	2859.50	2859.00	2859.00	2858.00	2857.00	2856.50	2856.00	2856.00	2855.00	2855.00	2855.00	2854.00	2854.00	2853.50	2853.00	2853.00	2853.00	2852.00	2852.00	2852.00	2852.00	2851.00	2851.00	2851.00	2850.00	2850.00	2849.00	2849.00	2849.00	2848.50	2848.00	2848.00	2847.50	2847.00	2847.00	2846.50	2846.00	2846.00	2845.50	2845.00	2845.00	2844.50	2844.00	2844.00	2843.00	2842.50	2841.50	2841.00	2840.50	2840.00	2839.00	2838.50	2838.00	2837.00	2836.50	2836.00	2835.00	2834.50	2834.00	2833.00	2832.50	2831.50	2830.50	2830.00	2829.00	2829.00	2828.00	2828.00	2827.00	2826.50	2826.00	2825.00	2825.00	2824.00	2824.00	2824.00	2824.00	2824.00	2824.00	2824.00	2824.00	2825.00	2825.00	2825.00	2826.00	2826.00	2826.00	2826.00	2826.00	2826.00	2826.00	2826.00	2826.00	2825.50	2825.00	2825.00	2825.00	2824.00	2823.50	2823.00	2822.50	2822.00	2822.00	2821.00	2821.00	2820.00	2820.00	2820.00	2819.50	2819.00	2819.00	2818.00	2818.00	2818.00	2818.00	2818.00	2818.00	2817.50	2817.00	2817.00	2816.00	2816.00	2815.00	2814.50	2813.50	2812.50	2812.00	2811.00	2811.00	2810.50	2810.00	2809.00	2808.50	2808.00	2807.00	2806.50	2806.00	2805.00	2805.00	2804.50	2803.50	2803.00	2802.50	2802.00	2800.50	2800.00	2799.00	2798.50	2797.50	2796.00	2795.00	2794.50	2793.00	2792.00	2791.50	2790.50	2789.00	2788.50	2787.00	2787.00	2785.50	2785.00	2784.00	2784.00	2783.50	2783.00	2782.00	2782.00	2781.00	2780.50	2780.00	2780.00	2779.50	2779.00	2779.00	2779.00	2778.00	2778.00	2777.00	2777.00	2776.50	2776.00	2775.50	2775.00	2774.00	2774.00	2773.50	2773.00	2772.50	2772.00	2772.00	2771.00	2770.50	2770.00	2769.00	2768.50	2768.00	2767.00	2766.50	2766.00	2765.00	2765.00	2764.50	2764.00	2764.00	2763.00	2763.00	2762.50	2762.00	2761.00	2761.00	2760.50	2760.00	2760.00	2759.00	2759.00	2758.00	2757.50	2757.00	2756.50	2756.00	2756.00	2755.00	2754.50	2754.00	2753.50	2753.00	2753.00	2752.00	2752.00	2751.00	2751.00	2751.00	2750.50	2750.00	2749.50	2749.00	2748.00	2748.00	2747.00	2746.00	2745.50	2745.00	2744.50	2743.00	2742.50	2742.00	2741.00	2740.00	2739.50	2738.00	2737.50	2737.00
2861.00	2860.50	2860.00	2859.50	2859.00	2859.00	2858.00	2857.00	2856.50	2856.00	2856.00	2855.00	2855.00	2855.00	2854.00	2854.00	2853.50	2853.00	2853.00	2853.00	2852.00	2852.00	2852.00	2852.00	2851.00	2851.00	2851.00	2850.00	2850.00	2849.00	2849.00	2849.00	2848.50	2848.00	2848.00	2847.50	2847.00	2847.00	2846.50	2846.00	2846.00	2845.50	2845.00	2845.00	2844.50	2844.00	2844.00	2843.00	2842.50	2841.50	2841.00	2840.50	2840.00	2839.00	2838.50	2838.00	2837.00	2836.50	2836.00	2835.00	2834.50	2834.00	2833.00	2832.50	2831.50	2830.50	2830.00	2829.00	2829.00	2828.00	2828.00	2827.00	2826.50	2826.00	2825.00	2825.00	2824.00	2824.00	2824.00	2824.00	2824.00	2824.00	2824.00	2824.00	2825.00	2825.00	2825.00	2826.00	2826.00	2826.00	2826.00	2826.00	2826.00	2826.00	2826.00	2826.00	2825.50	2825.00	2825.00	2825.00	2824.00	2823.50	2823.00	2822.50	2822.00	2822.00	2821.00	2821.00	2820.00	2820.00	2820.00	2819.50	2819.00	2819.00	2818.00	2818.00	2818.00	2818.00	2818.00	2818.00	2817.50	2817.00	2817.00	2816.00	2816.00	2815.00	2814.50	2813.50	2812.50	2812.00	2811.00	2811.00	2810.50	2810.00	2809.00	2808.50	2808.00	2807.00	2806.50	2806.00	2805.00	2805.00	2804.50	2803.50	2803.00	2802.50	2802.00	2800.50	2800.00	2799.00	2798.50	2797.50	2796.00	2795.00	2794.50	2793.00	2792.00	2791.50	2790.50	2789.00	2788.50	2787.00	2787.00	2785.50	2785.00	2784.00	2784.00	2783.50	2783.00	2782.00	2782.00	2781.00	2780.50	2780.00	2780.00	2779.50	2779.00	2779.00	2779.00	2778.00	2778.00	2777.00	2777.00	2776.50	2776.00	2775.50	2775.00	2774.00	2774.00	2773.50	2773.00	2772.50	2772.00	2772.00	2771.00	2770.50	2770.00	2769.00	2768.50	2768.00	2767.00	2766.50	2766.00	2765.00	2765.00	2764.50	2764.00	2764.00	2763.00	2763.00	2762.50	2762.00	2761.00	2761.00	2760.50	2760.00	2760.00	2759.00	2759.00	2758.00	2757.50	2757.00	2756.50	2756.00	2756.00	2755.00	2754.50	2754.00	2753.50	2753.00	2753.00	2752.00	2752.00	2751.00	2751.00	2751.00	2750.50	2750.00	2749.50	2749.00	2748.00	2748.00	2747.00	2746.00	2745.50	2745.00	2744.50	2743.00	2742.50	2742.00	2741.00	2740.00	2739.50	2738.00	2737.50	2737.00
2861.00	2860.50	2860.00	2859.50	2859.00	2859.00	2858.00	2857.00	2856.50	2856.00	2856.00	2855.00	2855.00	2855.00	2854.00	2854.00	2853.50	2853.00	2853.00	2853.00	2852.00	2852.00	2852.00	2852.00	2851.00	2851.00	2851.00	2850.00	2850.00	2849.00	2849.00	2849.00	2848.50	2848.00	2848.00	2847.50	2847.00	2847.00	2846.50	2846.00	2846.00	2845.50	2845.00	2845.00	2844.50	2844.00	2844.00	2843.00	2842.50	2841.50	2841.00	2840.50	2840.00	2839.00	2838.50	2838.00	2837.00	2836.50	2836.00	2835.00	2834.50	2834.00	2833.00	2832.50	2831.50	2830.50	2830.00	2829.00	2829.00	2828.00	2828.00	2827.00	2826.50	2826.00	2825.00	2825.00	2824.00	2824.00	2824.00	2824.00	2824.00	2824.00	2824.00	2824.00	2825.00	2825.00	2825.00	2826.00	2826.00	2826.00	2826.00	2826.00	2826.00	2826.00	2826.00	2826.00	2825.50	2825.00	2825.00	2825.00	2824.00	2823.50	2823.00	2822.50	2822.00	2822.00	2821.00	2821.00	2820.00	2820.00	2820.00	2819.50	2819.00	2819.00	2818.00	2818.00	2818.00	2818.00	2818.00	2818.00	2817.50	2817.00	2817.00	2816.00	2816.00	2815.00	2814.50	2813.50	2812.50	2812.00	2811.00	2811.00	2810.50	2810.00	2809.00	2808.50	2808.00	2807.00	2806.50	2806.00	2805.00	2805.00	2804.50	2803.50	2803.00	2802.50	2802.00	2800.50	2800.00	2799.00	2798.50	2797.50	2796.00	2795.00	2794.50	2793.00	2792.00	2791.50	2790.50	2789.00	2788.50	2787.00	2787.00	2785.50	2785.00	2784.00	2784.00	2783.50	2783.00	2782.00	2782.00	2781.00	2780.50	2780.00	2780.00	2779.50	2779.00	2779.00	2779.00	2778.00	2778.00	2777.00	2777.00	2776.50	2776.00	2775.50	2775.00	2774.00	2774.00	2773.50	2773.00	2772.50	2772.00	2772.00	2771.00	2770.50	2770.00	2769.00	2768.50	2768.00	2767.00	2766.50	2766.00	2765.00	2765.00	2764.50	2764.00	2764.00	2763.00	2763.00	2762.50	2762.00	2761.00	2761.00	2760.50	2760.00	2760.00	2759.00	2759.00	2758.00	2757.50	2757.00	2756.50	2756.00	2756.00	2755.00	2754.50	2754.00	2753.50	2753.00	2753.00	2752.00	2752.00	2751.00	2751.00	2751.00	2750.50	2750.00	2749.50	2749.00	2748.00	2748.00	2747.00	2746.00	2745.50	2745.00	2744.50	2743.00	2742.50	2742.00	2741.00	2740.00	2739.50	2738.00	2737.50	2737.00
2861.00	2860.50	2860.00	2859.50	2859.00	2859.00	2858.00	2857.00	2856.50	2856.00	2856.00	2855.00	2855.00	2855.00	2854.00	2854.00	2853.50	2853.00	2853.00	2853.00	2852.00	2852.00	2852.00	2852.00	2851.00	2851.00	2851.00	2850.00	2850.00	2849.00	2849.00	2849.00	2848.50	2848.00	2848.00	2847.50	2847.00	2847.00	2846.50	2846.00	2846.00	2845.50	2845.00	2845.00	2844.50	2844.00	2844.00	2843.00	2842.50	2841.50	2841.00	2840.50	2840.00	2839.00	2838.50	2838.00	2837.00	2836.50	2836.00	2835.00	2834.50	2834.00	2833.00	2832.50	2831.50	2830.50	2830.00	2829.00	2829.00	2828.00	2828.00	2827.00	2826.50	2826.00	2825.00	2825.00	2824.00	2824.00	2824.00	2824.00	2824.00	2824.00	2824.00	2824.00	2825.00	2825.00	2825.00	2826.00	2826.00	2826.00	2826.00	2826.00	2826.00	2826.00	2826.00	2826.00	2825.50	2825.00	2825.00	2825.00	2824.00	2823.50	2823.00	2822.50	2822.00	2822.00	2821.00	2821.00	2820.00	2820.00	2820.00	2819.50	2819.00	2819.00	2818.00	2818.00	2818.00	2818.00	2818.00	2818.00	2817.50	2817.00	2817.00	2816.00	2816.00	2815.00	2814.50	2813.50	2812.50	2812.00	2811.00	2811.00	2810.50	2810.00	2809.00	2808.50	2808.00	2807.00	2806.50	2806.00	2805.00	2805.00	2804.50	2803.50	2803.00	2802.50	2802.00	2800.50	2800.00	2799.00	2798.50	2797.50	2796.00	2795.00	2794.50	2793.00	2792.00	2791.50	2790.50	2789.00	2788.50	2787.00	2787.00	2785.50	2785.00	2784.00	2784.00	2783.50	2783.00	2782.00	2782.00	2781.00	2780.50	2780.00	2780.00	2779.50	2779.00	2779.00	2779.00	2778.00	2778.00	2777.00	2777.00	2776.50	2776.00	2775.50	2775.00	2774.00	2774.00	2773.50	2773.00	2772.50	2772.00	2772.00	2771.00	2770.50	2770.00	2769.00	2768.50	2768.00	2767.00	2766.50	2766.00	2765.00	2765.00	2764.50	2764.00	2764.00	2763.00	2763.00	2762.50	2762.00	2761.00	2761.00	2760.50	2760.00	2760.00	2759.00	2759.00	2758.00	2757.50	2757.00	2756.50	2756.00	2756.00	2755.00	2754.50	2754.00	2753.50	2753.00	2753.00	2752.00	2752.00	2751.00	2751.00	2751.00	2750.50	2750.00	2749.50	2749.00	2748.00	2748.00	2747.00	2746.00	2745.50	2745.00	2744.50	2743.00	2742.50	2742.00	2741.00	2740.00	2739.50	2738.00	2737.50	2737.00
2859.00	2859.00	2858.00	2858.00	2858.00	2857.00	2857.00	2856.00	2855.50	2855.00	2855.00	2855.00	2854.00	2854.00	2854.00	2853.00	2852.50	2852.00	2852.00	2852.00	2851.00	2851.00	2851.00	2851.00	2850.50	2850.00	2850.00	2849.00	2849.00	2848.00	2848.00	2848.00	2847.50	2847.00	2847.00	2846.50	2846.00	2846.00	2845.50	2845.00	2845.00	2845.00	2844.50	2844.00	2844.00	2843.00	2843.00	2842.00	2841.50	2841.00	2840.50	2840.00	2839.00	2838.00	2837.50	2836.00	2835.50	2835.00	2834.00	2834.00	2833.00	2832.00	2831.50	2831.00	2830.50	2829.50	2829.00	2828.00	2828.00	2827.50	2827.00	2826.50	2826.00	2826.00	2826.00	2825.00	2825.00	2825.00	2824.00	2824.00	2824.00	2824.00	2824.00	2824.00	2825.00	2825.00	2825.00	2826.00	2826.00	2826.00	2827.00	2827.00	2827.00	2826.00	2826.00	2826.00	2826.00	2826.00	2825.50	2825.00	2824.00	2824.00	2823.00	2823.00	2822.50	2822.00	2821.00	2821.00	2820.00	2820.00	2820.00	2819.50	2819.00	2819.00	2818.00	2818.00	2818.00	2818.00	2817.50	2817.00	2817.00	2816.00	2816.00	2815.00	2815.00	2814.00	2813.50	2812.50	2811.50	2811.00	2810.00	2810.00	2809.00	2808.00	2807.50	2807.00	2806.50	2806.00	2805.00	2804.00	2804.00	2803.00	2802.50	2801.50	2801.00	2800.50	2800.00	2799.00	2799.00	2798.00	2796.50	2796.00	2795.00	2794.00	2793.50	2792.00	2791.00	2790.50	2790.00	2788.50	2788.00	2787.00	2786.00	2785.50	2785.00	2784.00	2784.00	2783.50	2783.00	2782.00	2782.00	2782.00	2781.00	2781.00	2780.50	2779.50	2779.00	2779.00	2778.00	2778.00	2777.50	2776.50	2776.00	2776.00	2775.00	2774.50	2774.00	2774.00	2773.00	2773.00	2772.50	2771.50	2771.00	2770.00	2770.00	2769.00	2768.00	2767.50	2767.00	2766.50	2766.00	2765.00	2764.00	2764.00	2763.50	2763.00	2762.50	2762.00	2762.00	2762.00	2761.00	2760.50	2760.00	2759.50	2759.00	2759.00	2759.00	2758.00	2758.00	2757.00	2757.00	2756.50	2756.00	2755.50	2755.00	2754.00	2754.00	2753.50	2753.00	2753.00	2752.50	2752.00	2752.00	2751.00	2751.00	2751.00	2750.50	2750.00	2749.00	2749.00	2748.00	2748.00	2747.00	2746.00	2745.50	2745.00	2744.50	2743.00	2742.50	2741.00	2741.00	2739.50	2738.50	2737.50	2737.00	2736.50
2859.00	2859.00	2858.00	2858.00	2858.00	2857.00	2857.00	2856.00	2855.50	2855.00	2855.00	2855.00	2854.00	2854.00	2854.00	2853.00	2852.50	2852.00	2852.00	2852.00	2851.00	2851.00	2851.00	2851.00	2850.50	2850.00	2850.00	2849.00	2849.00	2848.00	2848.00	2848.00	2847.50	2847.00	2847.00	2846.50	2846.00	2846.00	2845.50	2845.00	2845.00	2845.00	2844.50	2844.00	2844.00	2843.00	2843.00	2842.00	2841.50	2841.00	2840.50	2840.00	2839.00	2838.00	2837.50	2836.00	2835.50	2835.00	2834.00	2834.00	2833.00	2832.00	2831.50	2831.00	2830.50	2829.50	2829.00	2828.00	2828.00	2827.50	2827.00	2826.50	2826.00	2826.00	2826.00	2825.00	2825.00	2825.00	2824.00	2824.00	2824.00	2824.00	2824.00	2824.00	2825.00	2825.00	2825.00	2826.00	2826.00	2826.00	2827.00	2827.00	2827.00	2826.00	2826.00	2826.00	2826.00	2826.00	2825.50	2825.00	2824.00	2824.00	2823.00	2823.00	2822.50	2822.00	2821.00	2821.00	2820.00	2820.00	2820.00	2819.50	2819.00	2819.00	2818.00	2818.00	2818.00	2818.00	2817.50	2817.00	2817.00	2816.00	2816.00	2815.00	2815.00	2814.00	2813.50	2812.50	2811.50	2811.00	2810.00	2810.00	2809.00	2808.00	2807.50	2807.00	2806.50	2806.00	2805.00	2804.00	2804.00	2803.00	2802.50	2801.50	2801.00	2800.50	2800.00	2799.00	2799.00	2798.00	2796.50	2796.00	2795.00	2794.00	2793.50	2792.00	2791.00	2790.50	2790.00	2788.50	2788.00	2787.00	2786.00	2785.50	2785.00	2784.00	2784.00	2783.50	2783.00	2782.00	2782.00	2782.00	2781.00	2781.00	2780.50	2779.50	2779.00	2779.00	2778.00	2778.00	2777.50	2776.50	2776.00	2776.00	2775.00	2774.50	2774.00	2774.00	2773.00	2773.00	2772.50	2771.50	2771.00	2770.00	2770.00	2769.00	2768.00	2767.50	2767.00	2766.50	2766.00	2765.00	2764.00	2764.00	2763.50	2763.00	2762.50	2762.00	2762.00	2762.00	2761.00	2760.50	2760.00	2759.50	2759.00	2759.00	2759.00	2758.00	2758.00	2757.00	2757.00	2756.50	2756.00	2755.50	2755.00	2754.00	2754.00	2753.50	2753.00	2753.00	2752.50	2752.00	2752.00	2751.00	2751.00	2751.00	2750.50	2750.00	2749.00	2749.00	2748.00	2748.00	2747.00	2746.00	2745.50	2745.00	2744.50	2743.00	2742.50	2741.00	2741.00	2739.50	2738.50	2737.50	2737.00	2736.50
2859.00	2859.00	2858.00	2858.00	2858.00	2857.00	2857.00	2856.00	2855.50	2855.00	2855.00	2855.00	2854.00	2854.00	2854.00	2853.00	2852.50	2852.00	2852.00	2852.00	2851.00	2851.00	2851.00	2851.00	2850.50	2850.00	2850.00	2849.00	2849.00	2848.00	2848.00	2848.00	2847.50	2847.00	2847.00	2846.50	2846.00	2846.00	2845.50	2845.00	2845.00	2845.00	2844.50	2844.00	2844.00	2843.00	2843.00	2842.00	2841.50	2841.00	2840.50	2840.00	2839.00	2838.00	2837.50	2836.00	2835.50	2835.00	2834.00	2834.00	2833.00	2832.00	2831.50	2831.00	2830.50	2829.50	2829.00	2828.00	2828.00	2827.50	2827.00	2826.50	2826.00	2826.00	2826.00	2825.00	2825.00	2825.00	2824.00	2824.00	2824.00	2824.00	2824.00	2824.00	2825.00	2825.00	2825.00	2826.00	2826.00	2826.00	2827.00	2827.00	2827.00	2826.00	2826.00	2826.00	2826.00	2826.00	2825.50	2825.00	2824.00	2824.00	2823.00	2823.00	2822.50	2822.00	2821.00	2821.00	2820.00	2820.00	2820.00	2819.50	2819.00	2819.00	2818.00	2818.00	2818.00	2818.00	2817.50	2817.00	2817.00	2816.00	2816.00	2815.00	2815.00	2814.00	2813.50	2812.50	2811.50	2811.00	2810.00	2810.00	2809.00	2808.00	2807.50	2807.00	2806.50	2806.00	2805.00	2804.00	2804.00	2803.00	2802.50	2801.50	2801.00	2800.50	2800.00	2799.00	2799.00	2798.00	2796.50	2796.00	2795.00	2794.00	2793.50	2792.00	2791.00	2790.50	2790.00	2788.50	2788.00	2787.00	2786.00	2785.50	2785.00	2784.00	2784.00	2783.50	2783.00	2782.00	2782.00	2782.00	2781.00	2781.00	2780.50	2779.50	2779.00	2779.00	2778.00	2778.00	2777.50	2776.50	2776.00	2776.00	2775.00	2774.50	2774.00	2774.00	2773.00	2773.00	2772.50	2771.50	2771.00	2770.00	2770.00	2769.00	2768.00	2767.50	2767.00	2766.50	2766.00	2765.00	2764.00	2764.00	2763.50	2763.00	2762.50	2762.00	2762.00	2762.00	2761.00	2760.50	2760.00	2759.50	2759.00	2759.00	2759.00	2758.00	2758.00	2757.00	2757.00	2756.50	2756.00	2755.50	2755.00	2754.00	2754.00	2753.50	2753.00	2753.00	2752.50	2752.00	2752.00	2751.00	2751.00	2751.00	2750.50	2750.00	2749.00	2749.00	2748.00	2748.00	2747.00	2746.00	2745.50	2745.00	2744.50	2743.00	2742.50	2741.00	2741.00	2739.50	2738.50	2737.50	2737.00	2736.50
2859.00	2859.00	2858.00	2858.00	2858.00	2857.00	2857.00	2856.00	2855.50	2855.00	2855.00	2855.00	2854.00	2854.00	2854.00	2853.00	2852.50	2852.00	2852.00	2852.00	2851.00	2851.00	2851.00	2851.00	2850.50	2850.00	2850.00	2849.00	2849.00	2848.00	2848.00	2848.00	2847.50	2847.00	2847.00	2846.50	2846.00	2846.00	2845.50	2845.00	2845.00	2845.00	2844.50	2844.00	2844.00	2843.00	2843.00	2842.00	2841.50	2841.00	2840.50	2840.00	2839.00	2838.00	2837.50	2836.00	2835.50	2835.00	2834.00	2834.00	2833.00	2832.00	2831.50	2831.00	2830.50	2829.50	2829.00	2828.00	2828.00	2827.50	2827.00	2826.50	2826.00	2826.00	2826.00	2825.00	2825.00	2825.00	2824.00	2824.00	2824.00	2824.00	2824.00	2824.00	2825.00	2825.00	2825.00	2826.00	2826.00	2826.00	2827.00	2827.00	2827.00	2826.00	2826.00	2826.00	2826.00	2826.00	2825.50	2825.00	2824.00	2824.00	2823.00	2823.00	2822.50	2822.00	2821.00	2821.00	2820.00	2820.00	2820.00	2819.50	2819.00	2819.00	2818.00	2818.00	2818.00	2818.00	2817.50	2817.00	2817.00	2816.00	2816.00	2815.00	2815.00	2814.00	2813.50	2812.50	2811.50	2811.00	2810.00	2810.00	2809.00	2808.00	2807.50	2807.00	2806.50	2806.00	2805.00	2804.00	2804.00	2803.00	2802.50	2801.50	2801.00	2800.50	2800.00	2799.00	2799.00	2798.00	2796.50	2796.00	2795.00	2794.00	2793.50	2792.00	2791.00	2790.50	2790.00	2788.50	2788.00	2787.00	2786.00	2785.50	2785.00	2784.00	2784.00	2783.50	2783.00	2782.00	2782.00	2782.00	2781.00	2781.00	2780.50	2779.50	2779.00	2779.00	2778.00	2778.00	2777.50	2776.50	2776.00	2776.00	2775.00	2774.50	2774.00	2774.00	2773.00	2773.00	2772.50	2771.50	2771.00	2770.00	2770.00	2769.00	2768.00	2767.50	2767.00	2766.50	2766.00	2765.00	2764.00	2764.00	2763.50	2763.00	2762.50	2762.00	2762.00	2762.00	2761.00	2760.50	2760.00	2759.50	2759.00	2759.00	2759.00	2758.00	2758.00	2757.00	2757.00	2756.50	2756.00	2755.50	2755.00	2754.00	2754.00	2753.50	2753.00	2753.00	2752.50	2752.00	2752.00	2751.00	2751.00	2751.00	2750.50	2750.00	2749.00	2749.00	2748.00	2748.00	2747.00	2746.00	2745.50	2745.00	2744.50	2743.00	2742.50	2741.00	2741.00	2739.50	2738.50	2737.50	2737.00	2736.50
2857.50	2857.00	2857.00	2856.50	2856.00	2856.00	2856.00	2855.00	2855.00	2855.00	2854.50	2854.00	2853.50	2853.00	2853.00	2852.50	2852.00	2852.00	2852.00	2851.50	2851.00	2851.00	2850.50	2850.00	2850.00	2849.50	2849.00	2849.00	2848.00	2848.00	2847.00	2847.00	2847.00	2846.50	2846.00	2846.00	2845.00	2845.00	2844.50	2844.00	2843.50	2843.00	2843.00	2843.00	2842.00	2842.00	2841.00	2841.00	2840.50	2839.50	2839.00	2838.50	2837.00	2836.50	2835.50	2834.00	2833.50	2833.00	2832.00	2831.00	2831.00	2830.00	2830.00	2829.50	2829.00	2828.50	2828.00	2828.00	2827.00	2827.00	2827.00	2826.00	2826.00	2826.00	2825.00	2825.00	2825.00	2824.00	2824.00	2824.00	2824.00	2824.00	2824.00	2825.00	2825.00	2825.00	2825.00	2826.00	2826.00	2826.00	2826.00	2826.00	2826.00	2826.00	2826.00	2826.00	2825.00	2825.00	2825.00	2824.00	2824.00	2823.50	2823.00	2822.50	2822.00	2822.00	2821.00	2820.50	2820.00	2819.50	2819.00	2819.00	2818.00	2818.00	2818.00	2817.00	2817.00	2816.50	2816.00	2816.00	2815.50	2815.00	2815.00	2815.00	2814.00	2813.50	2812.50	2811.50	2811.00	2810.50	2809.00	2809.00	2808.00	2807.00	2806.50	2806.00	2805.50	2805.00	2804.00	2803.00	2802.00	2801.50	2801.00	2800.00	2799.50	2799.00	2798.00	2797.50	2797.00	2796.00	2795.50	2794.50	2794.00	2793.00	2792.00	2791.00	2790.50	2789.50	2789.00	2788.00	2787.50	2787.00	2786.00	2785.50	2785.00	2784.00	2783.50	2783.00	2783.00	2782.00	2782.00	2782.00	2781.00	2781.00	2780.50	2779.50	2779.00	2779.00	2778.00	2778.00	2777.50	2776.50	2776.00	2775.50	2775.00	2774.00	2773.00	2773.00	2772.00	2771.50	2770.50	2770.00	2769.50	2769.00	2768.00	2767.50	2767.00	2766.00	2765.50	2765.00	2764.00	2764.00	2763.00	2763.00	2763.00	2762.50	2761.50	2761.00	2761.00	2760.00	2760.00	2759.50	2759.00	2759.00	2758.50	2758.00	2758.00	2757.00	2757.00	2756.50	2756.00	2755.50	2755.00	2754.50	2754.00	2754.00	2753.50	2753.00	2753.00	2752.50	2752.00	2752.00	2752.00	2751.00	2751.00	2750.50	2750.00	2750.00	2749.00	2749.00	2748.00	2748.00	2747.50	2747.00	2746.00	2745.50	2745.00	2744.00	2743.00	2742.00	2741.00	2740.00	2739.50	2737.50	2737.00	2736.50
2857.50	2857.00	2857.00	2856.50	2856.00	2856.00	2856.00	2855.00	2855.00	2855.00	2854.50	2854.00	2853.50	2853.00	2853.00	2852.50	2852.00	2852.00	2852.00	2851.50	2851.00	2851.00	2850.50	2850.00	2850.00	2849.50	2849.00	2849.00	2848.00	2848.00	2847.00	2847.00	2847.00	2846.50	2846.00	2846.00	2845.00	2845.00	2844.50	2844.00	2843.50	2843.00	2843.00	2843.00	2842.00	2842.00	2841.00	2841.00	2840.50	2839.50	2839.00	2838.50	2837.00	2836.50	2835.50	2834.00	2833.50	2833.00	2832.00	2831.00	2831.00	2830.00	2830.00	2829.50	2829.00	2828.50	2828.00	2828.00	2827.00	2827.00	2827.00	2826.00	2826.00	2826.00	2825.00	2825.00	2825.00	2824.00	2824.00	2824.00	2824.00	2824.00	2824.00	2825.00	2825.00	2825.00	2825.00	2826.00	2826.00	2826.00	2826.00	2826.00	2826.00	2826.00	2826.00	2826.00	2825.00	2825.00	2825.00	2824.00	2824.00	2823.50	2823.00	2822.50	2822.00	2822.00	2821.00	2820.50	2820.00	2819.50	2819.00	2819.00	2818.00	2818.00	2818.00	2817.00	2817.00	2816.50	2816.00	2816.00	2815.50	2815.00	2815.00	2815.00	2814.00	2813.50	2812.50	2811.50	2811.00	2810.50	2809.00	2809.00	2808.00	2807.00	2806.50	2806.00	2805.50	2805.00	2804.00	2803.00	2802.00	2801.50	2801.00	2800.00	2799.50	2799.00	2798.00	2797.50	2797.00	2796.00	2795.50	2794.50	2794.00	2793.00	2792.00	2791.00	2790.50	2789.50	2789.00	2788.00	2787.50	2787.00	2786.00	2785.50	2785.00	2784.00	2783.50	2783.00	2783.00	2782.00	2782.00	2782.00	2781.00	2781.00	2780.50	2779.50	2779.00	2779.00	2778.00	2778.00	2777.50	2776.50	2776.00	2775.50	2775.00	2774.00	2773.00	2773.00	2772.00	2771.50	2770.50	2770.00	2769.50	2769.00	2768.00	2767.50	2767.00	2766.00	2765.50	2765.00	2764.00	2764.00	2763.00	2763.00	2763.00	2762.50	2761.50	2761.00	2761.00	2760.00	2760.00	2759.50	2759.00	2759.00	2758.50	2758.00	2758.00	2757.00	2757.00	2756.50	2756.00	2755.50	2755.00	2754.50	2754.00	2754.00	2753.50	2753.00	2753.00	2752.50	2752.00	2752.00	2752.00	2751.00	2751.00	2750.50	2750.00	2750.00	2749.00	2749.00	2748.00	2748.00	2747.50	2747.00	2746.00	2745.50	2745.00	2744.00	2743.00	2742.00	2741.00	2740.00	2739.50	2737.50	2737.00	2736.50
2857.50	2857.00	2857.00	2856.50	2856.00	2856.00	2856.00	2855.00	2855.00	2855.00	2854.50	2854.00	2853.50	2853.00	2853.00	2852.50	2852.00	2852.00	2852.00	2851.50	2851.00	2851.00	2850.50	2850.00	2850.00	2849.50	2849.00	2849.00	2848.00	2848.00	2847.00	2847.00	2847.00	2846.50	2846.00	2846.00	2845.00	2845.00	2844.50	2844.00	2843.50	2843.00	2843.00	2843.00	2842.00	2842.00	2841.00	2841.00	2840.50	2839.50	2839.00	2838.50	2837.00	2836.50	2835.50	2834.00	2833.50	2833.00	2832.00	2831.00	2831.00	2830.00	2830.00	2829.50	2829.00	2828.50	2828.00	2828.00	2827.00	2827.00	2827.00	2826.00	2826.00	2826.00	2825.00	2825.00	2825.00	2824.00	2824.00	2824.00	2824.00	2824.00	2824.00	2825.00	2825.00	2825.00	2825.00	2826.00	2826.00	2826.00	2826.00	2826.00	2826.00	2826.00	2826.00	2826.00	2825.00	2825.00	2825.00	2824.00	2824.00	2823.50	2823.00	2822.50	2822.00	2822.00	2821.00	2820.50	2820.00	2819.50	2819.00	2819.00	2818.00	2818.00	2818.00	2817.00	2817.00	2816.50	2816.00	2816.00	2815.50	2815.00	2815.00	2815.00	2814.00	2813.50	2812.50	2811.50	2811.00	2810.50	2809.00	2809.00	2808.00	2807.00	2806.50	2806.00	2805.50	2805.00	2804.00	2803.00	2802.00	2801.50	2801.00	2800.00	2799.50	2799.00	2798.00	2797.50	2797.00	2796.00	2795.50	2794.50	2794.00	2793.00	2792.00	2791.00	2790.50	2789.50	2789.00	2788.00	2787.50	2787.00	2786.00	2785.50	2785.00	2784.00	2783.50	2783.00	2783.00	2782.00	2782.00	2782.00	2781.00	2781.00	2780.50	2779.50	2779.00	2779.00	2778.00	2778.00	2777.50	2776.50	2776.00	2775.50	2775.00	2774.00	2773.00	2773.00	2772.00	2771.50	2770.50	2770.00	2769.50	2769.00	2768.00	2767.50	2767.00	2766.00	2765.50	2765.00	2764.00	2764.00	2763.00	2763.00	2763.00	2762.50	2761.50	2761.00	2761.00	2760.00	2760.00	2759.50	2759.00	2759.00	2758.50	2758.00	2758.00	2757.00	2757.00	2756.50	2756.00	2755.50	2755.00	2754.50	2754.00	2754.00	2753.50	2753.00	2753.00	2752.50	2752.00	2752.00	2752.00	2751.00	2751.00	2750.50	2750.00	2750.00	2749.00	2749.00	2748.00	2748.00	2747.50	2747.00	2746.00	2745.50	2745.00	2744.00	2743.00	2742.00	2741.00	2740.00	2739.50	2737.50	2737.00	2736.50
2856.75	2856.50	2856.50	2856.25	2855.50	2855.50	2855.50	2855.00	2854.75	2854.50	2854.25	2853.50	2853.25	2852.50	2852.50	2852.25	2851.75	2851.50	2851.50	2851.00	2850.50	2850.50	2850.25	2849.50	2849.50	2849.00	2848.50	2848.50	2847.50	2847.50	2846.50	2846.50	2846.25	2845.75	2845.50	2845.25	2844.50	2844.50	2843.75	2843.50	2842.75	2842.50	2842.50	2842.00	2841.50	2841.00	2840.50	2840.00	2839.50	2838.50	2838.00	2837.50	2836.00	2835.50	2834.75	2833.50	2832.75	2832.25	2831.00	2830.50	2830.00	2829.50	2829.25	2828.75	2828.50	2828.00	2827.50	2827.50	2827.00	2827.00	2827.00	2826.50	2826.25	2826.00	2825.50	2825.00	2825.00	2824.50	2824.50	2824.25	2824.00	2824.00	2824.00	2824.50	2824.50	2825.00	2825.00	2825.50	2825.50	2825.50	2825.50	2825.50	2825.50	2825.50	2825.50	2825.50	2825.00	2824.75	2824.50	2824.00	2824.00	2823.50	2823.00	2822.50	2822.00	2821.50	2821.00	2820.50	2820.00	2819.50	2819.00	2818.75	2818.00	2817.75	2817.50	2817.00	2816.50	2816.25	2815.50	2815.50	2815.00	2814.50	2814.00	2814.00	2813.00	2812.75	2812.00	2811.00	2810.50	2810.00	2808.50	2808.50	2807.50	2806.50	2806.00	2805.50	2805.00	2804.50	2803.50	2802.50	2802.00	2801.00	2800.50	2799.50	2799.25	2798.75	2798.00	2797.00	2796.50	2795.50	2795.00	2794.00	2793.50	2792.50	2791.75	2791.00	2790.25	2789.50	2789.00	2788.00	2787.50	2787.00	2786.00	2785.50	2785.00	2784.00	2783.50	2783.00	2783.00	2782.00	2782.00	2782.00	2781.00	2781.00	2780.50	2779.50	2779.00	2779.00	2778.00	2778.00	2777.50	2776.50	2776.00	2775.50	2775.00	2774.00	2773.00	2773.00	2771.75	2771.25	2770.25	2769.50	2769.00	2768.50	2767.50	2766.75	2766.00	2765.25	2764.75	2764.25	2763.50	2763.25	2762.50	2762.50	2762.25	2761.75	2761.25	2760.75	2760.50	2760.00	2759.75	2759.25	2759.00	2759.00	2758.50	2758.00	2758.00	2757.00	2756.50	2756.25	2755.75	2755.25	2755.00	2754.50	2754.00	2754.00	2753.50	2753.00	2753.00	2752.50	2752.00	2752.00	2752.00	2751.00	2751.00	2750.25	2749.75	2749.50	2748.75	2748.50	2748.00	2748.00	2747.25	2747.00	2746.00	2745.50	2745.00	2744.00	2743.00	2742.00	2741.00	2740.00	2739.50	2737.50	2737.00	2736.50
2856.00	2856.00	2856.00	2856.00	2855.00	2855.00	2855.00	2855.00	2854.50	2854.00	2854.00	2853.00	2853.00	2852.00	2852.00	2852.00	2851.50	2851.00	2851.00	2850.50	2850.00	2850.00	2850.00	2849.00	2849.00	2848.50	2848.00	2848.00	2847.00	2847.00	2846.00	2846.00	2845.50	2845.00	2845.00	2844.50	2844.00	2844.00	2843.00	2843.00	2842.00	2842.00	2842.00	2841.00	2841.00	2840.00	2840.00	2839.00	2838.50	2837.50	2837.00	2836.50	2835.00	2834.50	2834.00	2833.00	2832.00	2831.50	2830.00	2830.00	2829.00	2829.00	2828.50	2828.00	2828.00	2827.50	2827.00	2827.00	2827.00	2827.00	2827.00	2827.00	2826.50	2826.00	2826.00	2825.00	2825.00	2825.00	2825.00	2824.50	2824.00	2824.00	2824.00	2824.00	2824.00	2825.00	2825.00	2825.00	2825.00	2825.00	2825.00	2825.00	2825.00	2825.00	2825.00	2825.00	2825.00	2824.50	2824.00	2824.00	2824.00	2823.50	2823.00	2822.50	2822.00	2821.00	2821.00	2820.50	2820.00	2819.50	2819.00	2818.50	2818.00	2817.50	2817.00	2817.00	2816.00	2816.00	2815.00	2815.00	2814.50	2814.00	2813.00	2813.00	2812.00	2812.00	2811.50	2810.50	2810.00	2809.50	2808.00	2808.00	2807.00	2806.00	2805.50	2805.00	2804.50	2804.00	2803.00	2802.00	2802.00	2800.50	2800.00	2799.00	2799.00	2798.50	2798.00	2796.50	2796.00	2795.00	2794.50	2793.50	2793.00	2792.00	2791.50	2791.00	2790.00	2789.50	2789.00	2788.00	2787.50	2787.00	2786.00	2785.50	2785.00	2784.00	2783.50	2783.00	2783.00	2782.00	2782.00	2782.00	2781.00	2781.00	2780.50	2779.50	2779.00	2779.00	2778.00	2778.00	2777.50	2776.50	2776.00	2775.50	2775.00	2774.00	2773.00	2773.00	2771.50	2771.00	2770.00	2769.00	2768.50	2768.00	2767.00	2766.00	2765.00	2764.50	2764.00	2763.50	2763.00	2762.50	2762.00	2762.00	2761.50	2761.00	2761.00	2760.50	2760.00	2760.00	2759.50	2759.00	2759.00	2759.00	2758.50	2758.00	2758.00	2757.00	2756.00	2756.00	2755.50	2755.00	2755.00	2754.50	2754.00	2754.00	2753.50	2753.00	2753.00	2752.50	2752.00	2752.00	2752.00	2751.00	2751.00	2750.00	2749.50	2749.00	2748.50	2748.00	2748.00	2748.00	2747.00	2747.00	2746.00	2745.50	2745.00	2744.00	2743.00	2742.00	2741.00	2740.00	2739.50	2737.50	2737.00	2736.50
2856.00	2856.00	2856.00	2856.00	2855.00	2855.00	2855.00	2855.00	2854.50	2854.00	2854.00	2853.00	2853.00	2852.00	2852.00	2852.00	2851.50	2851.00	2851.00	2850.50	2850.00	2850.00	2850.00	2849.00	2849.00	2848.50	2848.00	2848.00	2847.00	2847.00	2846.00	2846.00	2845.50	2845.00	2845.00	2844.50	2844.00	2844.00	2843.00	2843.00	2842.00	2842.00	2842.00	2841.00	2841.00	2840.00	2840.00	2839.00	2838.50	2837.50	2837.00	2836.50	2835.00	2834.50	2834.00	2833.00	2832.00	2831.50	2830.00	2830.00	2829.00	2829.00	2828.50	2828.00	2828.00	2827.50	2827.00	2827.00	2827.00	2827.00	2827.00	2827.00	2826.50	2826.00	2826.00	2825.00	2825.00	2825.00	2825.00	2824.50	2824.00	2824.00	2824.00	2824.00	2824.00	2825.00	2825.00	2825.00	2825.00	2825.00	2825.00	2825.00	2825.00	2825.00	2825.00	2825.00	2825.00	2824.50	2824.00	2824.00	2824.00	2823.50	2823.00	2822.50	2822.00	2821.00	2821.00	2820.50	2820.00	2819.50	2819.00	2818.50	2818.00	2817.50	2817.00	2817.00	2816.00	2816.00	2815.00	2815.00	2814.50	2814.00	2813.00	2813.00	2812.00	2812.00	2811.50	2810.50	2810.00	2809.50	2808.00	2808.00	2807.00	2806.00	2805.50	2805.00	2804.50	2804.00	2803.00	2802.00	2802.00	2800.50	2800.00	2799.00	2799.00	2798.50	2798.00	2796.50	2796.00	2795.00	2794.50	2793.50	2793.00	2792.00	2791.50	2791.00	2790.00	2789.50	2789.00	2788.00	2787.50	2787.00	2786.00	2785.50	2785.00	2784.00	2783.50	2783.00	2783.00	2782.00	2782.00	2782.00	2781.00	2781.00	2780.50	2779.50	2779.00	2779.00	2778.00	2778.00	2777.50	2776.50	2776.00	2775.50	2775.00	2774.00	2773.00	2773.00	2771.50	2771.00	2770.00	2769.00	2768.50	2768.00	2767.00	2766.00	2765.00	2764.50	2764.00	2763.50	2763.00	2762.50	2762.00	2762.00	2761.50	2761.00	2761.00	2760.50	2760.00	2760.00	2759.50	2759.00	2759.00	2759.00	2758.50	2758.00	2758.00	2757.00	2756.00	2756.00	2755.50	2755.00	2755.00	2754.50	2754.00	2754.00	2753.50	2753.00	2753.00	2752.50	2752.00	2752.00	2752.00	2751.00	2751.00	2750.00	2749.50	2749.00	2748.50	2748.00	2748.00	2748.00	2747.00	2747.00	2746.00	2745.50	2745.00	2744.00	2743.00	2742.00	2741.00	2740.00	2739.50	2737.50	2737.00	2736.50
2856.00	2856.00	2856.00	2856.00	2855.00	2855.00	2855.00	2855.00	2854.50	2854.00	2854.00	2853.00	2853.00	2852.00	2852.00	2852.00	2851.50	2851.00	2851.00	2850.50	2850.00	2850.00	2850.00	2849.00	2849.00	2848.50	2848.00	2848.00	2847.00	2847.00	2846.00	2846.00	2845.50	2845.00	2845.00	2844.50	2844.00	2844.00	2843.00	2843.00	2842.00	2842.00	2842.00	2841.00	2841.00	2840.00	2840.00	2839.00	2838.50	2837.50	2837.00	2836.50	2835.00	2834.50	2834.00	2833.00	2832.00	2831.50	2830.00	2830.00	2829.00	2829.00	2828.50	2828.00	2828.00	2827.50	2827.00	2827.00	2827.00	2827.00	2827.00	2827.00	2826.50	2826.00	2826.00	2825.00	2825.00	2825.00	2825.00	2824.50	2824.00	2824.00	2824.00	2824.00	2824.00	2825.00	2825.00	2825.00	2825.00	2825.00	2825.00	2825.00	2825.00	2825.00	2825.00	2825.00	2825.00	2824.50	2824.00	2824.00	2824.00	2823.50	2823.00	2822.50	2822.00	2821.00	2821.00	2820.50	2820.00	2819.50	2819.00	2818.50	2818.00	2817.50	2817.00	2817.00	2816.00	2816.00	2815.00	2815.00	2814.50	2814.00	2813.00	2813.00	2812.00	2812.00	2811.50	2810.50	2810.00	2809.50	2808.00	2808.00	2807.00	2806.00	2805.50	2805.00	2804.50	2804.00	2803.00	2802.00	2802.00	2800.50	2800.00	2799.00	2799.00	2798.50	2798.00	2796.50	2796.00	2795.00	2794.50	2793.50	2793.00	2792.00	2791.50	2791.00	2790.00	2789.50	2789.00	2788.00	2787.50	2787.00	2786.00	2785.50	2785.00	2784.00	2783.50	2783.00	2783.00	2782.00	2782.00	2782.00	2781.00	2781.00	2780.50	2779.50	2779.00	2779.00	2778.00	2778.00	2777.50	2776.50	2776.00	2775.50	2775.00	2774.00	2773.00	2773.00	2771.50	2771.00	2770.00	2769.00	2768.50	2768.00	2767.00	2766.00	2765.00	2764.50	2764.00	2763.50	2763.00	2762.50	2762.00	2762.00	2761.50	2761.00	2761.00	2760.50	2760.00	2760.00	2759.50	2759.00	2759.00	2759.00	2758.50	2758.00	2758.00	2757.00	2756.00	2756.00	2755.50	2755.00	2755.00	2754.50	2754.00	2754.00	2753.50	2753.00	2753.00	2752.50	2752.00	2752.00	2752.00	2751.00	2751.00	2750.00	2749.50	2749.00	2748.50	2748.00	2748.00	2748.00	2747.00	2747.00	2746.00	2745.50	2745.00	2744.00	2743.00	2742.00	2741.00	2740.00	2739.50	2737.50	2737.00	2736.50
2856.00	2856.00	2856.00	2856.00	2855.00	2855.00	2855.00	2855.00	2854.50	2854.00	2854.00	2853.00	2853.00	2852.00	2852.00	2852.00	2851.50	2851.00	2851.00	2850.50	2850.00	2850.00	2850.00	2849.00	2849.00	2848.50	2848.00	2848.00	2847.00	2847.00	2846.00	2846.00	2845.50	2845.00	2845.00	2844.50	2844.00	2844.00	2843.00	2843.00	2842.00	2842.00	2842.00	2841.00	2841.00	2840.00	2840.00	2839.00	2838.50	2837.50	2837.00	2836.50	2835.00	2834.50	2834.00	2833.00	2832.00	2831.50	2830.00	2830.00	2829.00	2829.00	2828.50	2828.00	2828.00	2827.50	2827.00	2827.00	2827.00	2827.00	2827.00	2827.00	2826.50	2826.00	2826.00	2825.00	2825.00	2825.00	2825.00	2824.50	2824.00	2824.00	2824.00	2824.00	2824.00	2825.00	2825.00	2825.00	2825.00	2825.00	2825.00	2825.00	2825.00	2825.00	2825.00	2825.00	2825.00	2824.50	2824.00	2824.00	2824.00	2823.50	2823.00	2822.50	2822.00	2821.00	2821.00	2820.50	2820.00	2819.50	2819.00	2818.50	2818.00	2817.50	2817.00	2817.00	2816.00	2816.00	2815.00	2815.00	2814.50	2814.00	2813.00	2813.00	2812.00	2812.00	2811.50	2810.50	2810.00	2809.50	2808.00	2808.00	2807.00	2806.00	2805.50	2805.00	2804.50	2804.00	2803.00	2802.00	2802.00	2800.50	2800.00	2799.00	2799.00	2798.50	2798.00	2796.50	2796.00	2795.00	2794.50	2793.50	2793.00	2792.00	2791.50	2791.00	2790.00	2789.50	2789.00	2788.00	2787.50	2787.00	2786.00	2785.50	2785.00	2784.00	2783.50	2783.00	2783.00	2782.00	2782.00	2782.00	2781.00	2781.00	2780.50	2779.50	2779.00	2779.00	2778.00	2778.00	2777.50	2776.50	2776.00	2775.50	2775.00	2774.00	2773.00	2773.00	2771.50	2771.00	2770.00	2769.00	2768.50	2768.00	2767.00	2766.00	2765.00	2764.50	2764.00	2763.50	2763.00	2762.50	2762.00	2762.00	2761.50	2761.00	2761.00	2760.50	2760.00	2760.00	2759.50	2759.00	2759.00	2759.00	2758.50	2758.00	2758.00	2757.00	2756.00	2756.00	2755.50	2755.00	2755.00	2754.50	2754.00	2754.00	2753.50	2753.00	2753.00	2752.50	2752.00	2752.00	2752.00	2751.00	2751.00	2750.00	2749.50	2749.00	2748.50	2748.00	2748.00	2748.00	2747.00	2747.00	2746.00	2745.50	2745.00	2744.00	2743.00	2742.00	2741.00	2740.00	2739.50	2737.50	2737.00	2736.50
2854.50	2854.00	2854.00	2854.00	2854.00	2854.00	2854.00	2853.00	2853.00	2853.00	2853.00	2853.00	2852.50	2852.00	2852.00	2851.50	2851.00	2851.00	2850.50	2850.00	2850.00	2850.00	2849.00	2849.00	2848.00	2848.00	2847.50	2847.00	2846.50	2846.00	2845.00	2845.00	2844.50	2844.00	2843.50	2843.00	2843.00	2842.00	2842.00	2841.00	2841.00	2840.50	2840.00	2840.00	2839.50	2839.00	2838.00	2837.50	2837.00	2835.50	2835.00	2834.50	2834.00	2832.50	2832.00	2831.00	2830.00	2829.50	2829.00	2829.00	2828.00	2828.00	2827.00	2827.00	2827.00	2827.00	2827.00	2827.00	2827.00	2827.00	2827.00	2827.00	2827.00	2827.00	2827.00	2826.50	2826.00	2826.00	2825.00	2825.00	2824.50	2824.00	2824.00	2824.00	2824.00	2824.00	2824.00	2824.00	2824.00	2824.00	2824.00	2824.00	2824.00	2824.00	2824.00	2824.00	2824.00	2824.00	2824.00	2824.00	2823.00	2823.00	2823.00	2822.50	2822.00	2821.00	2821.00	2820.00	2819.00	2819.00	2818.50	2818.00	2817.00	2817.00	2816.00	2816.00	2815.50	2815.00	2814.00	2813.50	2813.00	2812.00	2811.50	2811.00	2811.00	2810.00	2810.00	2809.50	2809.00	2808.50	2808.00	2807.00	2806.00	2805.00	2805.00	2804.50	2804.00	2803.00	2802.50	2802.00	2801.00	2800.50	2800.00	2799.00	2798.50	2797.50	2797.00	2796.00	2795.50	2794.00	2793.50	2793.00	2792.00	2791.00	2790.50	2790.00	2789.00	2789.00	2788.50	2787.50	2787.00	2786.00	2786.00	2785.00	2785.00	2784.00	2784.00	2783.50	2783.00	2782.00	2782.00	2781.00	2781.00	2780.50	2780.00	2779.00	2779.00	2778.00	2778.00	2777.50	2777.00	2776.00	2775.50	2775.00	2774.00	2773.50	2772.00	2772.00	2770.50	2770.00	2769.50	2768.50	2767.50	2767.00	2766.00	2765.50	2764.00	2763.50	2763.00	2763.00	2762.00	2762.00	2761.00	2761.00	2761.00	2760.50	2760.00	2760.00	2759.00	2759.00	2759.00	2758.50	2758.00	2758.00	2758.00	2758.00	2758.00	2757.00	2757.00	2756.00	2756.00	2755.50	2755.00	2754.50	2754.00	2754.00	2753.50	2753.00	2752.50	2752.00	2752.00	2751.00	2751.00	2750.00	2750.00	2749.50	2749.00	2749.00	2748.50	2748.00	2748.00	2747.00	2747.00	2746.00	2746.00	2745.50	2745.00	2744.00	2743.00	2742.00	2741.00	2740.50	2739.50	2738.50	2737.50	2736.50
2854.50	2854.00	2854.00	2854.00	2854.00	2854.00	2854.00	2853.00	2853.00	2853.00	2853.00	2853.00	2852.50	2852.00	2852.00	2851.50	2851.00	2851.00	2850.50	2850.00	2850.00	2850.00	2849.00	2849.00	2848.00	2848.00	2847.50	2847.00	2846.50	2846.00	2845.00	2845.00	2844.50	2844.00	2843.50	2843.00	2843.00	2842.00	2842.00	2841.00	2841.00	2840.50	2840.00	2840.00	2839.50	2839.00	2838.00	2837.50	2837.00	2835.50	2835.00	2834.50	2834.00	2832.50	2832.00	2831.00	2830.00	2829.50	2829.00	2829.00	2828.00	2828.00	2827.00	2827.00	2827.00	2827.00	2827.00	2827.00	2827.00	2827.00	2827.00	2827.00	2827.00	2827.00	2827.00	2826.50	2826.00	2826.00	2825.00	2825.00	2824.50	2824.00	2824.00	2824.00	2824.00	2824.00	2824.00	2824.00	2824.00	2824.00	2824.00	2824.00	2824.00	2824.00	2824.00	2824.00	2824.00	2824.00	2824.00	2824.00	2823.00	2823.00	2823.00	2822.50	2822.00	2821.00	2821.00	2820.00	2819.00	2819.00	2818.50	2818.00	2817.00	2817.00	2816.00	2816.00	2815.50	2815.00	2814.00	2813.50	2813.00	2812.00	2811.50	2811.00	2811.00	2810.00	2810.00	2809.50	2809.00	2808.50	2808.00	2807.00	2806.00	2805.00	2805.00	2804.50	2804.00	2803.00	2802.50	2802.00	2801.00	2800.50	2800.00	2799.00	2798.50	2797.50	2797.00	2796.00	2795.50	2794.00	2793.50	2793.00	2792.00	2791.00	2790.50	2790.00	2789.00	2789.00	2788.50	2787.50	2787.00	2786.00	2786.00	2785.00	2785.00	2784.00	2784.00	2783.50	2783.00	2782.00	2782.00	2781.00	2781.00	2780.50	2780.00	2779.00	2779.00	2778.00	2778.00	2777.50	2777.00	2776.00	2775.50	2775.00	2774.00	2773.50	2772.00	2772.00	2770.50	2770.00	2769.50	2768.50	2767.50	2767.00	2766.00	2765.50	2764.00	2763.50	2763.00	2763.00	2762.00	2762.00	2761.00	2761.00	2761.00	2760.50	2760.00	2760.00	2759.00	2759.00	2759.00	2758.50	2758.00	2758.00	2758.00	2758.00	2758.00	2757.00	2757.00	2756.00	2756.00	2755.50	2755.00	2754.50	2754.00	2754.00	2753.50	2753.00	2752.50	2752.00	2752.00	2751.00	2751.00	2750.00	2750.00	2749.50	2749.00	2749.00	2748.50	2748.00	2748.00	2747.00	2747.00	2746.00	2746.00	2745.50	2745.00	2744.00	2743.00	2742.00	2741.00	2740.50	2739.50	2738.50	2737.50	2736.50
2854.50	2854.00	2854.00	2854.00	2854.00	2854.00	2854.00	2853.00	2853.00	2853.00	2853.00	2853.00	2852.50	2852.00	2852.00	2851.50	2851.00	2851.00	2850.50	2850.00	2850.00	2850.00	2849.00	2849.00	2848.00	2848.00	2847.50	2847.00	2846.50	2846.00	2845.00	2845.00	2844.50	2844.00	2843.50	2843.00	2843.00	2842.00	2842.00	2841.00	2841.00	2840.50	2840.00	2840.00	2839.50	2839.00	2838.00	2837.50	2837.00	2835.50	2835.00	2834.50	2834.00	2832.50	2832.00	2831.00	2830.00	2829.50	2829.00	2829.00	2828.00	2828.00	2827.00	2827.00	2827.00	2827.00	2827.00	2827.00	2827.00	2827.00	2827.00	2827.00	2827.00	2827.00	2827.00	2826.50	2826.00	2826.00	2825.00	2825.00	2824.50	2824.00	2824.00	2824.00	2824.00	2824.00	2824.00	2824.00	2824.00	2824.00	2824.00	2824.00	2824.00	2824.00	2824.00	2824.00	2824.00	2824.00	2824.00	2824.00	2823.00	2823.00	2823.00	2822.50	2822.00	2821.00	2821.00	2820.00	2819.00	2819.00	2818.50	2818.00	2817.00	2817.00	2816.00	2816.00	2815.50	2815.00	2814.00	2813.50	2813.00	2812.00	2811.50	2811.00	2811.00	2810.00	2810.00	2809.50	2809.00	2808.50	2808.00	2807.00	2806.00	2805.00	2805.00	2804.50	2804.00	2803.00	2802.50	2802.00	2801.00	2800.50	2800.00	2799.00	2798.50	2797.50	2797.00	2796.00	2795.50	2794.00	2793.50	2793.00	2792.00	2791.00	2790.50	2790.00	2789.00	2789.00	2788.50	2787.50	2787.00	2786.00	2786.00	2785.00	2785.00	2784.00	2784.00	2783.50	2783.00	2782.00	2782.00	2781.00	2781.00	2780.50	2780.00	2779.00	2779.00	2778.00	2778.00	2777.50	2777.00	2776.00	2775.50	2775.00	2774.00	2773.50	2772.00	2772.00	2770.50	2770.00	2769.50	2768.50	2767.50	2767.00	2766.00	2765.50	2764.00	2763.50	2763.00	2763.00	2762.00	2762.00	2761.00	2761.00	2761.00	2760.50	2760.00	2760.00	2759.00	2759.00	2759.00	2758.50	2758.00	2758.00	2758.00	2758.00	2758.00	2757.00	2757.00	2756.00	2756.00	2755.50	2755.00	2754.50	2754.00	2754.00	2753.50	2753.00	2752.50	2752.00	2752.00	2751.00	2751.00	2750.00	2750.00	2749.50	2749.00	2749.00	2748.50	2748.00	2748.00	2747.00	2747.00	2746.00	2746.00	2745.50	2745.00	2744.00	2743.00	2742.00	2741.00	2740.50	2739.50	2738.50	2737.50	2736.50
2854.50	2854.00	2854.00	2854.00	2854.00	2854.00	2854.00	2853.00	2853.00	2853.00	2853.00	2853.00	2852.50	2852.00	2852.00	2851.50	2851.00	2851.00	2850.50	2850.00	2850.00	2850.00	2849.00	2849.00	2848.00	2848.00	2847.50	2847.00	2846.50	2846.00	2845.00	2845.00	2844.50	2844.00	2843.50	2843.00	2843.00	2842.00	2842.00	2841.00	2841.00	2840.50	2840.00	2840.00	2839.50	2839.00	2838.00	2837.50	2837.00	2835.50	2835.00	2834.50	2834.00	2832.50	2832.00	2831.00	2830.00	2829.50	2829.00	2829.00	2828.00	2828.00	2827.00	2827.00	2827.00	2827.00	2827.00	2827.00	2827.00	2827.00	2827.00	2827.00	2827.00	2827.00	2827.00	2826.50	2826.00	2826.00	2825.00	2825.00	2824.50	2824.00	2824.00	2824.00	2824.00	2824.00	2824.00	2824.00	2824.00	2824.00	2824.00	2824.00	2824.00	2824.00	2824.00	2824.00	2824.00	2824.00	2824.00	2824.00	2823.00	2823.00	2823.00	2822.50	2822.00	2821.00	2821.00	2820.00	2819.00	2819.00	2818.50	2818.00	2817.00	2817.00	2816.00	2816.00	2815.50	2815.00	2814.00	2813.50	2813.00	2812.00	2811.50	2811.00	2811.00	2810.00	2810.00	2809.50	2809.00	2808.50	2808.00	2807.00	2806.00	2805.00	2805.00	2804.50	2804.00	2803.00	2802.50	2802.00	2801.00	2800.50	2800.00	2799.00	2798.50	2797.50	2797.00	2796.00	2795.50	2794.00	2793.50	2793.00	2792.00	2791.00	2790.50	2790.00	2789.00	2789.00	2788.50	2787.50	2787.00	2786.00	2786.00	2785.00	2785.00	2784.00	2784.00	2783.50	2783.00	2782.00	2782.00	2781.00	2781.00	2780.50	2780.00	2779.00	2779.00	2778.00	2778.00	2777.50	2777.00	2776.00	2775.50	2775.00	2774.00	2773.50	2772.00	2772.00	2770.50	2770.00	2769.50	2768.50	2767.50	2767.00	2766.00	2765.50	2764.00	2763.50	2763.00	2763.00	2762.00	2762.00	2761.00	2761.00	2761.00	2760.50	2760.00	2760.00	2759.00	2759.00	2759.00	2758.50	2758.00	2758.00	2758.00	2758.00	2758.00	2757.00	2757.00	2756.00	2756.00	2755.50	2755.00	2754.50	2754.00	2754.00	2753.50	2753.00	2752.50	2752.00	2752.00	2751.00	2751.00	2750.00	2750.00	2749.50	2749.00	2749.00	2748.50	2748.00	2748.00	2747.00	2747.00	2746.00	2746.00	2745.50	2745.00	2744.00	2743.00	2742.00	2741.00	2740.50	2739.50	2738.50	2737.50	2736.50
2854.00	2853.50	2853.00	2853.00	2853.00	2853.00	2853.00	2853.00	2852.00	2852.00	2852.00	2852.00	2852.00	2851.00	2851.00	2851.00	2850.50	2850.00	2850.00	2850.00	2849.00	2849.00	2848.50	2848.00	2847.50	2847.00	2846.50	2846.00	2845.50	2845.00	2845.00	2844.00	2843.50	2843.00	2842.50	2842.00	2842.00	2841.00	2841.00	2840.00	2840.00	2839.50	2839.00	2839.00	2838.00	2837.00	2837.00	2836.50	2836.00	2834.50	2834.00	2833.50	2833.00	2832.00	2831.50	2831.00	2829.50	2829.00	2828.00	2828.00	2827.00	2827.00	2827.00	2827.00	2827.00	2827.00	2827.00	2828.00	2828.00	2828.00	2828.00	2828.00	2828.00	2828.00	2827.00	2827.00	2826.00	2826.00	2825.50	2825.00	2824.50	2823.50	2823.00	2823.00	2822.00	2822.00	2822.00	2822.00	2822.50	2823.00	2823.00	2823.00	2823.00	2824.00	2824.00	2823.50	2823.00	2823.00	2823.00	2823.00	2823.00	2822.50	2822.00	2822.00	2821.50	2821.00	2821.00	2820.00	2819.00	2818.50	2818.00	2817.50	2816.50	2816.00	2815.00	2815.00	2814.00	2813.50	2812.50	2812.00	2811.50	2811.00	2810.00	2810.00	2809.00	2809.00	2808.50	2808.00	2807.50	2807.00	2806.00	2806.00	2805.00	2804.00	2804.00	2803.50	2803.00	2803.00	2802.00	2802.00	2801.00	2800.00	2799.50	2798.50	2797.50	2797.00	2796.00	2795.50	2795.00	2794.00	2793.50	2793.00	2792.00	2791.00	2790.50	2789.00	2788.50	2788.00	2788.00	2787.00	2787.00	2786.00	2786.00	2785.00	2785.00	2784.00	2783.50	2783.00	2783.00	2782.00	2782.00	2781.00	2781.00	2780.50	2780.00	2779.00	2779.00	2778.00	2778.00	2777.50	2777.00	2776.00	2775.50	2775.00	2774.00	2773.50	2772.00	2772.00	2770.50	2769.50	2768.50	2767.50	2767.00	2766.00	2766.00	2764.50	2764.00	2763.00	2762.50	2762.00	2761.00	2761.00	2760.00	2760.00	2760.00	2760.00	2759.50	2759.00	2759.00	2759.00	2759.00	2758.50	2758.00	2758.00	2758.00	2758.00	2758.00	2757.00	2757.00	2756.00	2756.00	2755.50	2754.50	2754.00	2754.00	2753.00	2753.00	2752.50	2752.00	2751.50	2751.00	2751.00	2751.00	2750.00	2750.00	2749.50	2749.00	2749.00	2748.00	2747.50	2747.00	2747.00	2746.00	2746.00	2745.00	2745.00	2744.50	2744.00	2743.50	2743.00	2742.00	2741.00	2740.50	2739.00	2738.50	2737.50
2854.00	2853.50	2853.00	2853.00	2853.00	2853.00	2853.00	2853.00	2852.00	2852.00	2852.00	2852.00	2852.00	2851.00	2851.00	2851.00	2850.50	2850.00	2850.00	2850.00	2849.00	2849.00	2848.50	2848.00	2847.50	2847.00	2846.50	2846.00	2845.50	2845.00	2845.00	2844.00	2843.50	2843.00	2842.50	2842.00	2842.00	2841.00	2841.00	2840.00	2840.00	2839.50	2839.00	2839.00	2838.00	2837.00	2837.00	2836.50	2836.00	2834.50	2834.00	2833.50	2833.00	2832.00	2831.50	2831.00	2829.50	2829.00	2828.00	2828.00	2827.00	2827.00	2827.00	2827.00	2827.00	2827.00	2827.00	2828.00	2828.00	2828.00	2828.00	2828.00	2828.00	2828.00	2827.00	2827.00	2826.00	2826.00	2825.50	2825.00	2824.50	2823.50	2823.00	2823.00	2822.00	2822.00	2822.00	2822.00	2822.50	2823.00	2823.00	2823.00	2823.00	2824.00	2824.00	2823.50	2823.00	2823.00	2823.00	2823.00	2823.00	2822.50	2822.00	2822.00	2821.50	2821.00	2821.00	2820.00	2819.00	2818.50	2818.00	2817.50	2816.50	2816.00	2815.00	2815.00	2814.00	2813.50	2812.50	2812.00	2811.50	2811.00	2810.00	2810.00	2809.00	2809.00	2808.50	2808.00	2807.50	2807.00	2806.00	2806.00	2805.00	2804.00	2804.00	2803.50	2803.00	2803.00	2802.00	2802.00	2801.00	2800.00	2799.50	2798.50	2797.50	2797.00	2796.00	2795.50	2795.00	2794.00	2793.50	2793.00	2792.00	2791.00	2790.50	2789.00	2788.50	2788.00	2788.00	2787.00	2787.00	2786.00	2786.00	2785.00	2785.00	2784.00	2783.50	2783.00	2783.00	2782.00	2782.00	2781.00	2781.00	2780.50	2780.00	2779.00	2779.00	2778.00	2778.00	2777.50	2777.00	2776.00	2775.50	2775.00	2774.00	2773.50	2772.00	2772.00	2770.50	2769.50	2768.50	2767.50	2767.00	2766.00	2766.00	2764.50	2764.00	2763.00	2762.50	2762.00	2761.00	2761.00	2760.00	2760.00	2760.00	2760.00	2759.50	2759.00	2759.00	2759.00	2759.00	2758.50	2758.00	2758.00	2758.00	2758.00	2758.00	2757.00	2757.00	2756.00	2756.00	2755.50	2754.50	2754.00	2754.00	2753.00	2753.00	2752.50	2752.00	2751.50	2751.00	2751.00	2751.00	2750.00	2750.00	2749.50	2749.00	2749.00	2748.00	2747.50	2747.00	2747.00	2746.00	2746.00	2745.00	2745.00	2744.50	2744.00	2743.50	2743.00	2742.00	2741.00	2740.50	2739.00	2738.50	2737.50
2854.00	2853.50	2853.00	2853.00	2853.00	2853.00	2853.00	2853.00	2852.00	2852.00	2852.00	2852.00	2852.00	2851.00	2851.00	2851.00	2850.50	2850.00	2850.00	2850.00	2849.00	2849.00	2848.50	2848.00	2847.50	2847.00	2846.50	2846.00	2845.50	2845.00	2845.00	2844.00	2843.50	2843.00	2842.50	2842.00	2842.00	2841.00	2841.00	2840.00	2840.00	2839.50	2839.00	2839.00	2838.00	2837.00	2837.00	2836.50	2836.00	2834.50	2834.00	2833.50	2833.00	2832.00	2831.50	2831.00	2829.50	2829.00	2828.00	2828.00	2827.00	2827.00	2827.00	2827.00	2827.00	2827.00	2827.00	2828.00	2828.00	2828.00	2828.00	2828.00	2828.00	2828.00	2827.00	2827.00	2826.00	2826.00	2825.50	2825.00	2824.50	2823.50	2823.00	2823.00	2822.00	2822.00	2822.00	2822.00	2822.50	2823.00	2823.00	2823.00	2823.00	2824.00	2824.00	2823.50	2823.00	2823.00	2823.00	2823.00	2823.00	2822.50	2822.00	2822.00	2821.50	2821.00	2821.00	2820.00	2819.00	2818.50	2818.00	2817.50	2816.50	2816.00	2815.00	2815.00	2814.00	2813.50	2812.50	2812.00	2811.50	2811.00	2810.00	2810.00	2809.00	2809.00	2808.50	2808.00	2807.50	2807.00	2806.00	2806.00	2805.00	2804.00	2804.00	2803.50	2803.00	2803.00	2802.00	2802.00	2801.00	2800.00	2799.50	2798.50	2797.50	2797.00	2796.00	2795.50	2795.00	2794.00	2793.50	2793.00	2792.00	2791.00	2790.50	2789.00	2788.50	2788.00	2788.00	2787.00	2787.00	2786.00	2786.00	2785.00	2785.00	2784.00	2783.50	2783.00	2783.00	2782.00	2782.00	2781.00	2781.00	2780.50	2780.00	2779.00	2779.00	2778.00	2778.00	2777.50	2777.00	2776.00	2775.50	2775.00	2774.00	2773.50	2772.00	2772.00	2770.50	2769.50	2768.50	2767.50	2767.00	2766.00	2766.00	2764.50	2764.00	2763.00	2762.50	2762.00	2761.00	2761.00	2760.00	2760.00	2760.00	2760.00	2759.50	2759.00	2759.00	2759.00	2759.00	2758.50	2758.00	2758.00	2758.00	2758.00	2758.00	2757.00	2757.00	2756.00	2756.00	2755.50	2754.50	2754.00	2754.00	2753.00	2753.00	2752.50	2752.00	2751.50	2751.00	2751.00	2751.00	2750.00	2750.00	2749.50	2749.00	2749.00	2748.00	2747.50	2747.00	2747.00	2746.00	2746.00	2745.00	2745.00	2744.50	2744.00	2743.50	2743.00	2742.00	2741.00	2740.50	2739.00	2738.50	2737.50
2853.50	2853.25	2852.75	2852.50	2852.50	2852.50	2852.50	2852.50	2852.00	2851.75	2851.50	2851.50	2851.50	2851.00	2851.00	2850.50	2850.25	2849.75	2849.50	2849.50	2849.00	2848.50	2848.00	2847.50	2847.00	2846.50	2846.25	2845.50	2845.00	2844.50	2844.00	2843.25	2842.75	2842.25	2841.75	2841.25	2841.00	2840.50	2840.25	2839.50	2839.50	2839.00	2838.50	2838.50	2837.50	2837.00	2836.50	2836.00	2835.50	2834.25	2833.75	2833.25	2832.50	2831.75	2831.25	2831.00	2829.75	2829.50	2828.50	2828.50	2827.50	2827.50	2827.50	2827.50	2827.50	2827.50	2827.50	2828.50	2828.50	2828.50	2828.50	2828.25	2828.00	2828.00	2827.50	2827.25	2826.50	2826.00	2825.50	2825.00	2824.50	2823.50	2823.00	2822.50	2822.00	2821.75	2821.50	2821.50	2821.75	2822.00	2822.50	2822.50	2822.50	2823.00	2823.00	2823.00	2823.00	2823.00	2823.00	2823.00	2822.75	2822.25	2822.00	2821.75	2821.25	2821.00	2821.00	2820.00	2819.00	2818.50	2818.00	2817.50	2816.25	2815.75	2815.00	2814.50	2813.50	2813.00	2812.00	2811.25	2810.75	2810.50	2809.50	2809.00	2808.50	2808.25	2807.75	2807.25	2806.75	2806.50	2805.50	2805.50	2804.50	2804.00	2803.50	2803.25	2802.75	2802.50	2801.75	2801.50	2800.50	2800.00	2799.50	2798.50	2797.75	2797.25	2796.00	2795.50	2794.75	2794.00	2793.25	2792.75	2792.00	2791.00	2790.50	2789.50	2788.75	2788.25	2788.00	2787.00	2787.00	2786.00	2786.00	2785.00	2784.75	2783.75	2783.25	2783.00	2782.50	2782.00	2782.00	2781.00	2781.00	2780.50	2780.00	2779.00	2779.00	2778.00	2778.00	2777.50	2777.00	2776.00	2775.50	2775.00	2774.00	2773.25	2772.00	2771.50	2770.50	2769.75	2768.75	2767.75	2767.25	2766.00	2766.00	2764.50	2764.00	2762.75	2762.25	2761.75	2761.00	2760.75	2760.00	2760.00	2759.75	2759.50	2759.25	2759.00	2759.00	2759.00	2758.75	2758.25	2758.00	2758.00	2757.75	2757.50	2757.50	2756.50	2756.50	2755.75	2755.50	2755.25	2754.50	2754.00	2754.00	2753.00	2752.75	2752.25	2751.50	2751.25	2750.75	2750.50	2750.50	2749.50	2749.50	2749.25	2748.75	2748.50	2747.50	2747.25	2747.00	2746.50	2746.00	2746.00	2745.00	2745.00	2744.50	2744.00	2743.25	2742.50	2742.00	2741.00	2740.50	2739.00	2738.50	2737.50
2853.00	2853.00	2852.50	2852.00	2852.00	2852.00	2852.00	2852.00	2852.00	2851.50	2851.00	2851.00	2851.00	2851.00	2851.00	2850.00	2850.00	2849.50	2849.00	2849.00	2849.00	2848.00	2847.50	2847.00	2846.50	2846.00	2846.00	2845.00	2844.50	2844.00	2843.00	2842.50	2842.00	2841.50	2841.00	2840.50	2840.00	2840.00	2839.50	2839.00	2839.00	2838.50	2838.00	2838.00	2837.00	2837.00	2836.00	2835.50	2835.00	2834.00	2833.50	2833.00	2832.00	2831.50	2831.00	2831.00	2830.00	2830.00	2829.00	2829.00	2828.00	2828.00	2828.00	2828.00	2828.00	2828.00	2828.00	2829.00	2829.00	2829.00	2829.00	2828.50	2828.00	2828.00	2828.00	2827.50	2827.00	2826.00	2825.50	2825.00	2824.50	2823.50	2823.00	2822.00	2822.00	2821.50	2821.00	2821.00	2821.00	2821.00	2822.00	2822.00	2822.00	2822.00	2822.00	2822.50	2823.00	2823.00	2823.00	2823.00	2822.50	2822.00	2822.00	2821.50	2821.00	2821.00	2821.00	2820.00	2819.00	2818.50	2818.00	2817.50	2816.00	2815.50	2815.00	2814.00	2813.00	2812.50	2811.50	2810.50	2810.00	2810.00	2809.00	2808.00	2808.00	2807.50	2807.00	2806.50	2806.00	2806.00	2805.00	2805.00	2804.00	2804.00	2803.00	2803.00	2802.50	2802.00	2801.50	2801.00	2800.00	2800.00	2799.50	2798.50	2798.00	2797.50	2796.00	2795.50	2794.50	2794.00	2793.00	2792.50	2792.00	2791.00	2790.50	2790.00	2789.00	2788.50	2788.00	2787.00	2787.00	2786.00	2786.00	2785.00	2784.50	2783.50	2783.00	2783.00	2782.00	2782.00	2782.00	2781.00	2781.00	2780.50	2780.00	2779.00	2779.00	2778.00	2778.00	2777.50	2777.00	2776.00	2775.50	2775.00	2774.00	2773.00	2772.00	2771.00	2770.50	2770.00	2769.00	2768.00	2767.50	2766.00	2766.00	2764.50	2764.00	2762.50	2762.00	2761.50	2761.00	2760.50	2760.00	2760.00	2759.50	2759.00	2759.00	2759.00	2759.00	2759.00	2758.50	2758.00	2758.00	2758.00	2757.50	2757.00	2757.00	2756.00	2756.00	2755.50	2755.00	2755.00	2754.50	2754.00	2754.00	2753.00	2752.50	2752.00	2751.00	2751.00	2750.50	2750.00	2750.00	2749.00	2749.00	2749.00	2748.50	2748.00	2747.00	2747.00	2747.00	2746.00	2746.00	2746.00	2745.00	2745.00	2744.50	2744.00	2743.00	2742.00	2742.00	2741.00	2740.50	2739.00	2738.50	2737.50
2853.00	2853.00	2852.50	2852.00	2852.00	2852.00	2852.00	2852.00	2852.00	2851.50	2851.00	2851.00	2851.00	2851.00	2851.00	2850.00	2850.00	2849.50	2849.00	2849.00	2849.00	2848.00	2847.50	2847.00	2846.50	2846.00	2846.00	2845.00	2844.50	2844.00	2843.00	2842.50	2842.00	2841.50	2841.00	2840.50	2840.00	2840.00	2839.50	2839.00	2839.00	2838.50	2838.00	2838.00	2837.00	2837.00	2836.00	2835.50	2835.00	2834.00	2833.50	2833.00	2832.00	2831.50	2831.00	2831.00	2830.00	2830.00	2829.00	2829.00	2828.00	2828.00	2828.00	2828.00	2828.00	2828.00	2828.00	2829.00	2829.00	2829.00	2829.00	2828.50	2828.00	2828.00	2828.00	2827.50	2827.00	2826.00	2825.50	2825.00	2824.50	2823.50	2823.00	2822.00	2822.00	2821.50	2821.00	2821.00	2821.00	2821.00	2822.00	2822.00	2822.00	2822.00	2822.00	2822.50	2823.00	2823.00	2823.00	2823.00	2822.50	2822.00	2822.00	2821.50	2821.00	2821.00	2821.00	2820.00	2819.00	2818.50	2818.00	2817.50	2816.00	2815.50	2815.00	2814.00	2813.00	2812.50	2811.50	2810.50	2810.00	2810.00	2809.00	2808.00	2808.00	2807.50	2807.00	2806.50	2806.00	2806.00	2805.00	2805.00	2804.00	2804.00	2803.00	2803.00	2802.50	2802.00	2801.50	2801.00	2800.00	2800.00	2799.50	2798.50	2798.00	2797.50	2796.00	2795.50	2794.50	2794.00	2793.00	2792.50	2792.00	2791.00	2790.50	2790.00	2789.00	2788.50	2788.00	2787.00	2787.00	2786.00	2786.00	2785.00	2784.50	2783.50	2783.00	2783.00	2782.00	2782.00	2782.00	2781.00	2781.00	2780.50	2780.00	2779.00	2779.00	2778.00	2778.00	2777.50	2777.00	2776.00	2775.50	2775.00	2774.00	2773.00	2772.00	2771.00	2770.50	2770.00	2769.00	2768.00	2767.50	2766.00	2766.00	2764.50	2764.00	2762.50	2762.00	2761.50	2761.00	2760.50	2760.00	2760.00	2759.50	2759.00	2759.00	2759.00	2759.00	2759.00	2758.50	2758.00	2758.00	2758.00	2757.50	2757.00	2757.00	2756.00	2756.00	2755.50	2755.00	2755.00	2754.50	2754.00	2754.00	2753.00	2752.50	2752.00	2751.00	2751.00	2750.50	2750.00	2750.00	2749.00	2749.00	2749.00	2748.50	2748.00	2747.00	2747.00	2747.00	2746.00	2746.00	2746.00	2745.00	2745.00	2744.50	2744.00	2743.00	2742.00	2742.00	2741.00	2740.50	2739.00	2738.50	2737.50
2853.00	2853.00	2852.50	2852.00	2852.00	2852.00	2852.00	2852.00	2852.00	2851.50	2851.00	2851.00	2851.00	2851.00	2851.00	2850.00	2850.00	2849.50	2849.00	2849.00	2849.00	2848.00	2847.50	2847.00	2846.50	2846.00	2846.00	2845.00	2844.50	2844.00	2843.00	2842.50	2842.00	2841.50	2841.00	2840.50	2840.00	2840.00	2839.50	2839.00	2839.00	2838.50	2838.00	2838.00	2837.00	2837.00	2836.00	2835.50	2835.00	2834.00	2833.50	2833.00	2832.00	2831.50	2831.00	2831.00	2830.00	2830.00	2829.00	2829.00	2828.00	2828.00	2828.00	2828.00	2828.00	2828.00	2828.00	2829.00	2829.00	2829.00	2829.00	2828.50	2828.00	2828.00	2828.00	2827.50	2827.00	2826.00	2825.50	2825.00	2824.50	2823.50	2823.00	2822.00	2822.00	2821.50	2821.00	2821.00	2821.00	2821.00	2822.00	2822.00	2822.00	2822.00	2822.00	2822.50	2823.00	2823.00	2823.00	2823.00	2822.50	2822.00	2822.00	2821.50	2821.00	2821.00	2821.00	2820.00	2819.00	2818.50	2818.00	2817.50	2816.00	2815.50	2815.00	2814.00	2813.00	2812.50	2811.50	2810.50	2810.00	2810.00	2809.00	2808.00	2808.00	2807.50	2807.00	2806.50	2806.00	2806.00	2805.00	2805.00	2804.00	2804.00	2803.00	2803.00	2802.50	2802.00	2801.50	2801.00	2800.00	2800.00	2799.50	2798.50	2798.00	2797.50	2796.00	2795.50	2794.50	2794.00	2793.00	2792.50	2792.00	2791.00	2790.50	2790.00	2789.00	2788.50	2788.00	2787.00	2787.00	2786.00	2786.00	2785.00	2784.50	2783.50	2783.00	2783.00	2782.00	2782.00	2782.00	2781.00	2781.00	2780.50	2780.00	2779.00	2779.00	2778.00	2778.00	2777.50	2777.00	2776.00	2775.50	2775.00	2774.00	2773.00	2772.00	2771.00	2770.50	2770.00	2769.00	2768.00	2767.50	2766.00	2766.00	2764.50	2764.00	2762.50	2762.00	2761.50	2761.00	2760.50	2760.00	2760.00	2759.50	2759.00	2759.00	2759.00	2759.00	2759.00	2758.50	2758.00	2758.00	2758.00	2757.50	2757.00	2757.00	2756.00	2756.00	2755.50	2755.00	2755.00	2754.50	2754.00	2754.00	2753.00	2752.50	2752.00	2751.00	2751.00	2750.50	2750.00	2750.00	2749.00	2749.00	2749.00	2748.50	2748.00	2747.00	2747.00	2747.00	2746.00	2746.00	2746.00	2745.00	2745.00	2744.50	2744.00	2743.00	2742.00	2742.00	2741.00	2740.50	2739.00	2738.50	2737.50
2852.50	2852.50	2852.25	2852.00	2852.00	2851.50	2851.50	2851.50	2851.50	2851.25	2851.00	2851.00	2850.50	2850.50	2850.50	2850.00	2849.75	2849.25	2848.75	2848.50	2848.50	2847.50	2847.25	2846.50	2846.25	2845.75	2845.50	2844.50	2844.00	2843.50	2842.50	2842.00	2841.50	2841.00	2840.50	2840.25	2839.50	2839.50	2839.25	2838.50	2838.50	2838.25	2837.75	2837.50	2837.00	2836.50	2836.00	2835.25	2835.00	2834.00	2833.75	2833.25	2832.50	2832.00	2831.50	2831.00	2830.50	2830.25	2829.50	2829.50	2828.50	2828.50	2828.50	2828.50	2828.50	2828.50	2828.50	2829.00	2829.00	2829.00	2829.00	2828.75	2828.50	2828.50	2828.00	2827.75	2827.00	2826.50	2825.75	2825.25	2824.50	2823.50	2823.00	2822.00	2822.00	2821.25	2821.00	2820.75	2820.50	2820.50	2821.00	2821.25	2821.50	2821.50	2821.50	2821.75	2822.25	2822.50	2822.50	2822.50	2822.25	2822.00	2822.00	2821.25	2821.00	2820.50	2820.50	2819.75	2819.00	2818.00	2817.50	2817.00	2815.75	2815.00	2814.50	2813.50	2812.75	2812.00	2811.00	2810.25	2809.75	2809.50	2808.50	2808.00	2807.50	2807.25	2806.75	2806.00	2805.50	2805.50	2805.00	2804.50	2804.00	2804.00	2803.00	2803.00	2802.50	2802.00	2801.25	2801.00	2800.00	2800.00	2799.50	2798.50	2797.75	2797.25	2796.00	2795.50	2794.50	2794.00	2793.00	2792.50	2792.00	2791.00	2790.50	2790.00	2789.00	2788.50	2787.75	2786.75	2786.50	2786.00	2785.50	2784.75	2784.25	2783.50	2783.00	2782.75	2782.00	2782.00	2781.50	2781.00	2780.50	2780.25	2779.75	2779.00	2778.75	2778.00	2777.50	2777.25	2776.75	2775.75	2775.25	2774.75	2774.00	2773.00	2772.50	2771.50	2770.75	2770.25	2769.00	2768.00	2767.50	2766.00	2765.50	2764.50	2763.50	2762.50	2762.00	2761.50	2761.00	2760.50	2760.00	2760.00	2759.50	2759.00	2759.00	2759.00	2759.00	2759.00	2758.50	2758.00	2758.00	2757.75	2757.25	2757.00	2757.00	2756.00	2756.00	2755.50	2755.00	2755.00	2754.25	2753.75	2753.50	2752.50	2752.00	2751.50	2750.50	2750.50	2750.00	2749.50	2749.50	2748.50	2748.50	2748.25	2747.75	2747.50	2746.75	2746.50	2746.50	2746.00	2745.75	2745.50	2744.75	2744.50	2744.25	2743.50	2742.75	2742.00	2741.50	2740.75	2740.00	2738.75	2738.25	2737.50
2852.00	2852.00	2852.00	2852.00	2852.00	2851.00	2851.00	2851.00	2851.00	2851.00	2851.00	2851.00	2850.00	2850.00	2850.00	2850.00	2849.50	2849.00	2848.50	2848.00	2848.00	2847.00	2847.00	2846.00	2846.00	2845.50	2845.00	2844.00	2843.50	2843.00	2842.00	2841.50	2841.00	2840.50	2840.00	2840.00	2839.00	2839.00	2839.00	2838.00	2838.00	2838.00	2837.50	2837.00	2837.00	2836.00	2836.00	2835.00	2835.00	2834.00	2834.00	2833.50	2833.00	2832.50	2832.00	2831.00	2831.00	2830.50	2830.00	2830.00	2829.00	2829.00	2829.00	2829.00	2829.00	2829.00	2829.00	2829.00	2829.00	2829.00	2829.00	2829.00	2829.00	2829.00	2828.00	2828.00	2827.00	2827.00	2826.00	2825.50	2824.50	2823.50	2823.00	2822.00	2822.00	2821.00	2821.00	2820.50	2820.00	2820.00	2820.00	2820.50	2821.00	2821.00	2821.00	2821.00	2821.50	2822.00	2822.00	2822.00	2822.00	2822.00	2822.00	2821.00	2821.00	2820.00	2820.00	2819.50	2819.00	2817.50	2817.00	2816.50	2815.50	2814.50	2814.00	2813.00	2812.50	2811.50	2810.50	2810.00	2809.50	2809.00	2808.00	2808.00	2807.00	2807.00	2806.50	2805.50	2805.00	2805.00	2805.00	2804.00	2804.00	2804.00	2803.00	2803.00	2802.50	2802.00	2801.00	2801.00	2800.00	2800.00	2799.50	2798.50	2797.50	2797.00	2796.00	2795.50	2794.50	2794.00	2793.00	2792.50	2792.00	2791.00	2790.50	2790.00	2789.00	2788.50	2787.50	2786.50	2786.00	2786.00	2785.00	2784.50	2784.00	2783.50	2783.00	2782.50	2782.00	2782.00	2781.00	2781.00	2780.00	2780.00	2779.50	2779.00	2778.50	2778.00	2777.00	2777.00	2776.50	2775.50	2775.00	2774.50	2774.00	2773.00	2773.00	2772.00	2771.00	2770.50	2769.00	2768.00	2767.50	2766.00	2765.00	2764.50	2763.00	2762.50	2762.00	2761.50	2761.00	2760.50	2760.00	2760.00	2759.50	2759.00	2759.00	2759.00	2759.00	2759.00	2758.50	2758.00	2758.00	2757.50	2757.00	2757.00	2757.00	2756.00	2756.00	2755.50	2755.00	2755.00	2754.00	2753.50	2753.00	2752.00	2751.50	2751.00	2750.00	2750.00	2749.50	2749.00	2749.00	2748.00	2748.00	2747.50	2747.00	2747.00	2746.50	2746.00	2746.00	2746.00	2745.50	2745.00	2744.50	2744.00	2744.00	2743.00	2742.50	2742.00	2741.00	2740.50	2739.50	2738.50	2738.00	2737.50
2852.00	2852.00	2852.00	2852.00	2852.00	2851.00	2851.00	2851.00	2851.00	2851.00	2851.00	2851.00	2850.00	2850.00	2850.00	2850.00	2849.50	2849.00	2848.50	2848.00	2848.00	2847.00	2847.00	2846.00	2846.00	2845.50	2845.00	2844.00	2843.50	2843.00	2842.00	2841.50	2841.00	2840.50	2840.00	2840.00	2839.00	2839.00	2839.00	2838.00	2838.00	2838.00	2837.50	2837.00	2837.00	2836.00	2836.00	2835.00	2835.00	2834.00	2834.00	2833.50	2833.00	2832.50	2832.00	2831.00	2831.00	2830.50	2830.00	2830.00	2829.00	2829.00	2829.00	2829.00	2829.00	2829.00	2829.00	2829.00	2829.00	2829.00	2829.00	2829.00	2829.00	2829.00	2828.00	2828.00	2827.00	2827.00	2826.00	2825.50	2824.50	2823.50	2823.00	2822.00	2822.00	2821.00	2821.00	2820.50	2820.00	2820.00	2820.00	2820.50	2821.00	2821.00	2821.00	2821.00	2821.50	2822.00	2822.00	2822.00	2822.00	2822.00	2822.00	2821.00	2821.00	2820.00	2820.00	2819.50	2819.00	2817.50	2817.00	2816.50	2815.50	2814.50	2814.00	2813.00	2812.50	2811.50	2810.50	2810.00	2809.50	2809.00	2808.00	2808.00	2807.00	2807.00	2806.50	2805.50	2805.00	2805.00	2805.00	2804.00	2804.00	2804.00	2803.00	2803.00	2802.50	2802.00	2801.00	2801.00	2800.00	2800.00	2799.50	2798.50	2797.50	2797.00	2796.00	2795.50	2794.50	2794.00	2793.00	2792.50	2792.00	2791.00	2790.50	2790.00	2789.00	2788.50	2787.50	2786.50	2786.00	2786.00	2785.00	2784.50	2784.00	2783.50	2783.00	2782.50	2782.00	2782.00	2781.00	2781.00	2780.00	2780.00	2779.50	2779.00	2778.50	2778.00	2777.00	2777.00	2776.50	2775.50	2775.00	2774.50	2774.00	2773.00	2773.00	2772.00	2771.00	2770.50	2769.00	2768.00	2767.50	2766.00	2765.00	2764.50	2763.00	2762.50	2762.00	2761.50	2761.00	2760.50	2760.00	2760.00	2759.50	2759.00	2759.00	2759.00	2759.00	2759.00	2758.50	2758.00	2758.00	2757.50	2757.00	2757.00	2757.00	2756.00	2756.00	2755.50	2755.00	2755.00	2754.00	2753.50	2753.00	2752.00	2751.50	2751.00	2750.00	2750.00	2749.50	2749.00	2749.00	2748.00	2748.00	2747.50	2747.00	2747.00	2746.50	2746.00	2746.00	2746.00	2745.50	2745.00	2744.50	2744.00	2744.00	2743.00	2742.50	2742.00	2741.00	2740.50	2739.50	2738.50	2738.00	2737.50
2852.00	2852.00	2852.00	2852.00	2852.00	2851.00	2851.00	2851.00	2851.00	2851.00	2851.00	2851.00	2850.00	2850.00	2850.00	2850.00	2849.50	2849.00	2848.50	2848.00	2848.00	2847.00	2847.00	2846.00	2846.00	2845.50	2845.00	2844.00	2843.50	2843.00	2842.00	2841.50	2841.00	2840.50	2840.00	2840.00	2839.00	2839.00	2839.00	2838.00	2838.00	2838.00	2837.50	2837.00	2837.00	2836.00	2836.00	2835.00	2835.00	2834.00	2834.00	2833.50	2833.00	2832.50	2832.00	2831.00	2831.00	2830.50	2830.00	2830.00	2829.00	2829.00	2829.00	2829.00	2829.00	2829.00	2829.00	2829.00	2829.00	2829.00	2829.00	2829.00	2829.00	2829.00	2828.00	2828.00	2827.00	2827.00	2826.00	2825.50	2824.50	2823.50	2823.00	2822.00	2822.00	2821.00	2821.00	2820.50	2820.00	2820.00	2820.00	2820.50	2821.00	2821.00	2821.00	2821.00	2821.50	2822.00	2822.00	2822.00	2822.00	2822.00	2822.00	2821.00	2821.00	2820.00	2820.00	2819.50	2819.00	2817.50	2817.00	2816.50	2815.50	2814.50	2814.00	2813.00	2812.50	2811.50	2810.50	2810.00	2809.50	2809.00	2808.00	2808.00	2807.00	2807.00	2806.50	2805.50	2805.00	2805.00	2805.00	2804.00	2804.00	2804.00	2803.00	2803.00	2802.50	2802.00	2801.00	2801.00	2800.00	2800.00	2799.50	2798.50	2797.50	2797.00	2796.00	2795.50	2794.50	2794.00	2793.00	2792.50	2792.00	2791.00	2790.50	2790.00	2789.00	2788.50	2787.50	2786.50	2786.00	2786.00	2785.00	2784.50	2784.00	2783.50	2783.00	2782.50	2782.00	2782.00	2781.00	2781.00	2780.00	2780.00	2779.50	2779.00	2778.50	2778.00	2777.00	2777.00	2776.50	2775.50	2775.00	2774.50	2774.00	2773.00	2773.00	2772.00	2771.00	2770.50	2769.00	2768.00	2767.50	2766.00	2765.00	2764.50	2763.00	2762.50	2762.00	2761.50	2761.00	2760.50	2760.00	2760.00	2759.50	2759.00	2759.00	2759.00	2759.00	2759.00	2758.50	2758.00	2758.00	2757.50	2757.00	2757.00	2757.00	2756.00	2756.00	2755.50	2755.00	2755.00	2754.00	2753.50	2753.00	2752.00	2751.50	2751.00	2750.00	2750.00	2749.50	2749.00	2749.00	2748.00	2748.00	2747.50	2747.00	2747.00	2746.50	2746.00	2746.00	2746.00	2745.50	2745.00	2744.50	2744.00	2744.00	2743.00	2742.50	2742.00	2741.00	2740.50	2739.50	2738.50	2738.00	2737.50
2851.75	2851.50	2851.50	2851.50	2851.50	2851.00	2851.00	2850.50	2850.50	2850.50	2850.50	2850.50	2850.00	2850.00	2849.50	2849.50	2849.25	2848.75	2848.25	2847.75	2847.50	2847.00	2846.50	2845.50	2845.50	2845.00	2844.50	2843.50	2843.00	2842.50	2841.50	2841.25	2840.75	2840.25	2840.00	2839.75	2839.00	2839.00	2838.75	2838.00	2838.00	2837.75	2837.25	2837.00	2837.00	2836.00	2836.00	2835.50	2835.50	2834.50	2834.50	2834.00	2833.50	2833.00	2832.50	2831.50	2831.50	2831.00	2830.50	2830.50	2829.50	2829.50	2829.50	2829.50	2829.50	2829.50	2829.50	2829.50	2829.50	2829.50	2829.50	2829.50	2829.25	2829.00	2828.50	2828.25	2827.50	2827.00	2826.25	2825.75	2824.75	2823.75	2823.25	2822.50	2822.00	2821.25	2821.00	2820.50	2820.00	2820.00	2820.00	2820.25	2820.50	2820.50	2820.50	2820.50	2821.00	2821.50	2821.50	2821.50	2821.50	2821.50	2821.50	2820.50	2820.50	2819.50	2819.50	2819.00	2818.50	2817.25	2816.75	2816.00	2815.00	2814.00	2813.50	2812.50	2812.00	2811.00	2810.00	2809.50	2809.00	2808.50	2807.75	2807.50	2806.50	2806.50	2806.00	2805.25	2805.00	2804.75	2804.50	2804.00	2803.75	2803.50	2802.75	2802.50	2802.25	2801.50	2801.00	2800.50	2800.00	2799.75	2799.25	2798.25	2797.50	2797.00	2796.00	2795.25	2794.50	2794.00	2793.00	2792.50	2792.00	2791.00	2790.50	2790.00	2788.75	2788.25	2787.50	2786.25	2785.75	2785.50	2784.50	2784.25	2783.75	2783.25	2782.75	2782.25	2781.50	2781.50	2780.50	2780.50	2779.75	2779.50	2779.25	2778.50	2778.00	2777.50	2777.00	2776.75	2776.25	2775.50	2775.00	2774.50	2774.00	2773.00	2772.50	2772.00	2770.75	2770.25	2769.00	2768.00	2767.50	2766.00	2765.50	2764.50	2763.50	2762.75	2762.25	2761.75	2761.00	2760.50	2760.00	2759.75	2759.25	2759.00	2758.75	2758.50	2758.50	2758.50	2758.25	2758.00	2757.75	2757.25	2757.00	2757.00	2757.00	2756.00	2755.50	2755.25	2754.75	2754.50	2753.75	2753.25	2752.50	2752.00	2751.25	2750.75	2749.75	2749.50	2749.25	2748.50	2748.50	2747.50	2747.50	2747.25	2747.00	2746.75	2746.25	2746.00	2745.50	2745.50	2745.25	2744.50	2744.25	2743.75	2743.50	2743.00	2742.25	2741.50	2741.00	2740.25	2739.50	2738.50	2738.00	2737.50
2851.50	2851.00	2851.00	2851.00	2851.00	2851.00	2851.00	2850.00	2850.00	2850.00	2850.00	2850.00	2850.00	2850.00	2849.00	2849.00	2849.00	2848.50	2848.00	2847.50	2847.00	2847.00	2846.00	2845.00	2845.00	2844.50	2844.00	2843.00	2842.50	2842.00	2841.00	2841.00	2840.50	2840.00	2840.00	2839.50	2839.00	2839.00	2838.50	2838.00	2838.00	2837.50	2837.00	2837.00	2837.00	2836.00	2836.00	2836.00	2836.00	2835.00	2835.00	2834.50	2834.00	2833.50	2833.00	2832.00	2832.00	2831.50	2831.00	2831.00	2830.00	2830.00	2830.00	2830.00	2830.00	2830.00	2830.00	2830.00	2830.00	2830.00	2830.00	2830.00	2829.50	2829.00	2829.00	2828.50	2828.00	2827.00	2826.50	2826.00	2825.00	2824.00	2823.50	2823.00	2822.00	2821.50	2821.00	2820.50	2820.00	2820.00	2820.00	2820.00	2820.00	2820.00	2820.00	2820.00	2820.50	2821.00	2821.00	2821.00	2821.00	2821.00	2821.00	2820.00	2820.00	2819.00	2819.00	2818.50	2818.00	2817.00	2816.50	2815.50	2814.50	2813.50	2813.00	2812.00	2811.50	2810.50	2809.50	2809.00	2808.50	2808.00	2807.50	2807.00	2806.00	2806.00	2805.50	2805.00	2805.00	2804.50	2804.00	2804.00	2803.50	2803.00	2802.50	2802.00	2802.00	2801.00	2801.00	2800.00	2800.00	2799.50	2799.00	2798.00	2797.50	2797.00	2796.00	2795.00	2794.50	2794.00	2793.00	2792.50	2792.00	2791.00	2790.50	2790.00	2788.50	2788.00	2787.50	2786.00	2785.50	2785.00	2784.00	2784.00	2783.50	2783.00	2782.50	2782.00	2781.00	2781.00	2780.00	2780.00	2779.50	2779.00	2779.00	2778.00	2777.50	2777.00	2777.00	2776.50	2776.00	2775.50	2775.00	2774.50	2774.00	2773.00	2772.00	2772.00	2770.50	2770.00	2769.00	2768.00	2767.50	2766.00	2766.00	2764.50	2764.00	2763.00	2762.50	2762.00	2761.00	2760.50	2760.00	2759.50	2759.00	2759.00	2758.50	2758.00	2758.00	2758.00	2758.00	2758.00	2757.50	2757.00	2757.00	2757.00	2757.00	2756.00	2755.00	2755.00	2754.50	2754.00	2753.50	2753.00	2752.00	2752.00	2751.00	2750.50	2749.50	2749.00	2749.00	2748.00	2748.00	2747.00	2747.00	2747.00	2747.00	2746.50	2746.00	2746.00	2745.00	2745.00	2745.00	2744.00	2744.00	2743.50	2743.00	2743.00	2742.00	2741.00	2741.00	2740.00	2739.50	2738.50	2738.00	2737.50
2851.50	2851.00	2851.00	2851.00	2851.00	2851.00	2851.00	2850.00	2850.00	2850.00	2850.00	2850.00	2850.00	2850.00	2849.00	2849.00	2849.00	2848.50	2848.00	2847.50	2847.00	2847.00	2846.00	2845.00	2845.00	2844.50	2844.00	2843.00	2842.50	2842.00	2841.00	2841.00	2840.50	2840.00	2840.00	2839.50	2839.00	2839.00	2838.50	2838.00	2838.00	2837.50	2837.00	2837.00	2837.00	2836.00	2836.00	2836.00	2836.00	2835.00	2835.00	2834.50	2834.00	2833.50	2833.00	2832.00	2832.00	2831.50	2831.00	2831.00	2830.00	2830.00	2830.00	2830.00	2830.00	2830.00	2830.00	2830.00	2830.00	2830.00	2830.00	2830.00	2829.50	2829.00	2829.00	2828.50	2828.00	2827.00	2826.50	2826.00	2825.00	2824.00	2823.50	2823.00	2822.00	2821.50	2821.00	2820.50	2820.00	2820.00	2820.00	2820.00	2820.00	2820.00	2820.00	2820.00	2820.50	2821.00	2821.00	2821.00	2821.00	2821.00	2821.00	2820.00	2820.00	2819.00	2819.00	2818.50	2818.00	2817.00	2816.50	2815.50	2814.50	2813.50	2813.00	2812.00	2811.50	2810.50	2809.50	2809.00	2808.50	2808.00	2807.50	2807.00	2806.00	2806.00	2805.50	2805.00	2805.00	2804.50	2804.00	2804.00	2803.50	2803.00	2802.50	2802.00	2802.00	2801.00	2801.00	2800.00	2800.00	2799.50	2799.00	2798.00	2797.50	2797.00	2796.00	2795.00	2794.50	2794.00	2793.00	2792.50	2792.00	2791.00	2790.50	2790.00	2788.50	2788.00	2787.50	2786.00	2785.50	2785.00	2784.00	2784.00	2783.50	2783.00	2782.50	2782.00	2781.00	2781.00	2780.00	2780.00	2779.50	2779.00	2779.00	2778.00	2777.50	2777.00	2777.00	2776.50	2776.00	2775.50	2775.00	2774.50	2774.00	2773.00	2772.00	2772.00	2770.50	2770.00	2769.00	2768.00	2767.50	2766.00	2766.00	2764.50	2764.00	2763.00	2762.50	2762.00	2761.00	2760.50	2760.00	2759.50	2759.00	2759.00	2758.50	2758.00	2758.00	2758.00	2758.00	2758.00	2757.50	2757.00	2757.00	2757.00	2757.00	2756.00	2755.00	2755.00	2754.50	2754.00	2753.50	2753.00	2752.00	2752.00	2751.00	2750.50	2749.50	2749.00	2749.00	2748.00	2748.00	2747.00	2747.00	2747.00	2747.00	2746.50	2746.00	2746.00	2745.00	2745.00	2745.00	2744.00	2744.00	2743.50	2743.00	2743.00	2742.00	2741.00	2741.00	2740.00	2739.50	2738.50	2738.00	2737.50
2851.50	2851.00	2851.00	2851.00	2851.00	2851.00	2851.00	2850.00	2850.00	2850.00	2850.00	2850.00	2850.00	2850.00	2849.00	2849.00	2849.00	2848.50	2848.00	2847.50	2847.00	2847.00	2846.00	2845.00	2845.00	2844.50	2844.00	2843.00	2842.50	2842.00	2841.00	2841.00	2840.50	2840.00	2840.00	2839.50	2839.00	2839.00	2838.50	2838.00	2838.00	2837.50	2837.00	2837.00	2837.00	2836.00	2836.00	2836.00	2836.00	2835.00	2835.00	2834.50	2834.00	2833.50	2833.00	2832.00	2832.00	2831.50	2831.00	2831.00	2830.00	2830.00	2830.00	2830.00	2830.00	2830.00	2830.00	2830.00	2830.00	2830.00	2830.00	2830.00	2829.50	2829.00	2829.00	2828.50	2828.00	2827.00	2826.50	2826.00	2825.00	2824.00	2823.50	2823.00	2822.00	2821.50	2821.00	2820.50	2820.00	2820.00	2820.00	2820.00	2820.00	2820.00	2820.00	2820.00	2820.50	2821.00	2821.00	2821.00	2821.00	2821.00	2821.00	2820.00	2820.00	2819.00	2819.00	2818.50	2818.00	2817.00	2816.50	2815.50	2814.50	2813.50	2813.00	2812.00	2811.50	2810.50	2809.50	2809.00	2808.50	2808.00	2807.50	2807.00	2806.00	2806.00	2805.50	2805.00	2805.00	2804.50	2804.00	2804.00	2803.50	2803.00	2802.50	2802.00	2802.00	2801.00	2801.00	2800.00	2800.00	2799.50	2799.00	2798.00	2797.50	2797.00	2796.00	2795.00	2794.50	2794.00	2793.00	2792.50	2792.00	2791.00	2790.50	2790.00	2788.50	2788.00	2787.50	2786.00	2785.50	2785.00	2784.00	2784.00	2783.50	2783.00	2782.50	2782.00	2781.00	2781.00	2780.00	2780.00	2779.50	2779.00	2779.00	2778.00	2777.50	2777.00	2777.00	2776.50	2776.00	2775.50	2775.00	2774.50	2774.00	2773.00	2772.00	2772.00	2770.50	2770.00	2769.00	2768.00	2767.50	2766.00	2766.00	2764.50	2764.00	2763.00	2762.50	2762.00	2761.00	2760.50	2760.00	2759.50	2759.00	2759.00	2758.50	2758.00	2758.00	2758.00	2758.00	2758.00	2757.50	2757.00	2757.00	2757.00	2757.00	2756.00	2755.00	2755.00	2754.50	2754.00	2753.50	2753.00	2752.00	2752.00	2751.00	2750.50	2749.50	2749.00	2749.00	2748.00	2748.00	2747.00	2747.00	2747.00	2747.00	2746.50	2746.00	2746.00	2745.00	2745.00	2745.00	2744.00	2744.00	2743.50	2743.00	2743.00	2742.00	2741.00	2741.00	2740.00	2739.50	2738.50	2738.00	2737.50
2851.25	2851.00	2850.50	2850.50	2850.50	2850.50	2850.50	2850.00	2849.75	2849.50	2849.50	2849.50	2849.50	2849.50	2849.00	2848.50	2848.50	2848.00	2847.50	2847.00	2846.50	2846.50	2845.50	2845.00	2844.50	2844.25	2843.75	2843.00	2842.25	2842.00	2841.00	2841.00	2840.50	2840.00	2840.00	2839.50	2839.00	2839.00	2838.50	2838.00	2838.00	2837.50	2837.00	2837.00	2837.00	2836.50	2836.50	2836.25	2836.00	2835.25	2835.00	2834.50	2834.00	2833.50	2833.00	2832.50	2832.00	2831.50	2831.00	2831.00	2830.00	2830.00	2830.00	2830.00	2830.00	2830.00	2830.00	2830.00	2830.00	2830.00	2830.00	2830.00	2829.75	2829.50	2829.50	2828.75	2828.00	2827.50	2827.00	2826.50	2825.50	2824.50	2824.00	2823.00	2822.50	2821.75	2821.00	2820.75	2820.25	2820.00	2820.00	2819.50	2819.50	2819.50	2819.50	2819.50	2819.75	2820.00	2820.00	2820.50	2820.50	2820.25	2820.00	2819.50	2819.50	2818.50	2818.50	2818.00	2817.50	2816.50	2816.00	2815.00	2814.00	2813.25	2812.50	2811.50	2811.00	2810.25	2809.00	2808.50	2808.25	2807.50	2807.00	2806.50	2806.00	2805.50	2805.25	2804.75	2804.50	2804.00	2803.50	2803.50	2802.75	2802.50	2802.00	2801.50	2801.50	2801.00	2800.50	2799.50	2799.50	2799.00	2798.50	2797.75	2797.25	2796.75	2795.50	2794.75	2794.25	2793.50	2792.75	2792.25	2791.50	2791.00	2790.25	2789.50	2788.25	2787.75	2787.25	2785.75	2785.25	2784.50	2784.00	2783.50	2783.25	2782.50	2782.00	2781.50	2781.00	2780.50	2780.00	2779.50	2779.25	2778.75	2778.50	2778.00	2777.50	2777.00	2777.00	2776.50	2776.00	2775.50	2775.00	2774.50	2774.00	2773.00	2772.00	2772.00	2771.00	2770.25	2769.25	2768.25	2767.75	2766.50	2766.00	2765.00	2764.50	2763.50	2763.00	2762.50	2761.50	2761.00	2760.50	2759.75	2759.25	2759.00	2758.50	2758.00	2758.00	2758.00	2757.50	2757.50	2757.25	2757.00	2756.75	2756.50	2756.50	2755.50	2755.00	2754.50	2754.25	2753.75	2753.00	2752.50	2751.50	2751.50	2750.50	2750.00	2749.25	2748.75	2748.50	2747.50	2747.50	2747.00	2747.00	2746.50	2746.50	2746.25	2745.50	2745.25	2744.50	2744.50	2744.25	2743.50	2743.50	2743.00	2742.50	2742.00	2741.25	2740.50	2740.00	2739.25	2738.75	2737.75	2737.25	2736.75
2851.00	2851.00	2850.00	2850.00	2850.00	2850.00	2850.00	2850.00	2849.50	2849.00	2849.00	2849.00	2849.00	2849.00	2849.00	2848.00	2848.00	2847.50	2847.00	2846.50	2846.00	2846.00	2845.00	2845.00	2844.00	2844.00	2843.50	2843.00	2842.00	2842.00	2841.00	2841.00	2840.50	2840.00	2840.00	2839.50	2839.00	2839.00	2838.50	2838.00	2838.00	2837.50	2837.00	2837.00	2837.00	2837.00	2837.00	2836.50	2836.00	2835.50	2835.00	2834.50	2834.00	2833.50	2833.00	2833.00	2832.00	2831.50	2831.00	2831.00	2830.00	2830.00	2830.00	2830.00	2830.00	2830.00	2830.00	2830.00	2830.00	2830.00	2830.00	2830.00	2830.00	2830.00	2830.00	2829.00	2828.00	2828.00	2827.50	2827.00	2826.00	2825.00	2824.50	2823.00	2823.00	2822.00	2821.00	2821.00	2820.50	2820.00	2820.00	2819.00	2819.00	2819.00	2819.00	2819.00	2819.00	2819.00	2819.00	2820.00	2820.00	2819.50	2819.00	2819.00	2819.00	2818.00	2818.00	2817.50	2817.00	2816.00	2815.50	2814.50	2813.50	2813.00	2812.00	2811.00	2810.50	2810.00	2808.50	2808.00	2808.00	2807.00	2806.50	2806.00	2806.00	2805.00	2805.00	2804.50	2804.00	2803.50	2803.00	2803.00	2802.00	2802.00	2801.50	2801.00	2801.00	2801.00	2800.00	2799.00	2799.00	2798.50	2798.00	2797.50	2797.00	2796.50	2795.00	2794.50	2794.00	2793.00	2792.50	2792.00	2791.00	2791.00	2790.00	2789.00	2788.00	2787.50	2787.00	2785.50	2785.00	2784.00	2784.00	2783.00	2783.00	2782.00	2781.50	2781.00	2781.00	2780.00	2780.00	2779.00	2779.00	2778.50	2778.00	2778.00	2777.50	2777.00	2777.00	2776.50	2776.00	2775.50	2775.00	2774.50	2774.00	2773.00	2772.00	2772.00	2771.50	2770.50	2769.50	2768.50	2768.00	2767.00	2766.00	2765.50	2765.00	2764.00	2763.50	2763.00	2762.00	2761.50	2761.00	2760.00	2759.50	2759.00	2758.50	2758.00	2758.00	2758.00	2757.00	2757.00	2757.00	2757.00	2756.50	2756.00	2756.00	2755.00	2755.00	2754.00	2754.00	2753.50	2752.50	2752.00	2751.00	2751.00	2750.00	2749.50	2749.00	2748.50	2748.00	2747.00	2747.00	2747.00	2747.00	2746.00	2746.00	2746.00	2745.00	2744.50	2744.00	2744.00	2743.50	2743.00	2743.00	2742.50	2742.00	2741.00	2740.50	2740.00	2739.00	2738.50	2738.00	2737.00	2736.50	2736.00
2851.00	2851.00	2850.00	2850.00	2850.00	2850.00	2850.00	2850.00	2849.50	2849.00	2849.00	2849.00	2849.00	2849.00	2849.00	2848.00	2848.00	2847.50	2847.00	2846.50	2846.00	2846.00	2845.00	2845.00	2844.00	2844.00	2843.50	2843.00	2842.00	2842.00	2841.00	2841.00	2840.50	2840.00	2840.00	2839.50	2839.00	2839.00	2838.50	2838.00	2838.00	2837.50	2837.00	2837.00	2837.00	2837.00	2837.00	2836.50	2836.00	2835.50	2835.00	2834.50	2834.00	2833.50	2833.00	2833.00	2832.00	2831.50	2831.00	2831.00	2830.00	2830.00	2830.00	2830.00	2830.00	2830.00	2830.00	2830.00	2830.00	2830.00	2830.00	2830.00	2830.00	2830.00	2830.00	2829.00	2828.00	2828.00	2827.50	2827.00	2826.00	2825.00	2824.50	2823.00	2823.00	2822.00	2821.00	2821.00	2820.50	2820.00	2820.00	2819.00	2819.00	2819.00	2819.00	2819.00	2819.00	2819.00	2819.00	2820.00	2820.00	2819.50	2819.00	2819.00	2819.00	2818.00	2818.00	2817.50	2817.00	2816.00	2815.50	2814.50	2813.50	2813.00	2812.00	2811.00	2810.50	2810.00	2808.50	2808.00	2808.00	2807.00	2806.50	2806.00	2806.00	2805.00	2805.00	2804.50	2804.00	2803.50	2803.00	2803.00	2802.00	2802.00	2801.50	2801.00	2801.00	2801.00	2800.00	2799.00	2799.00	2798.50	2798.00	2797.50	2797.00	2796.50	2795.00	2794.50	2794.00	2793.00	2792.50	2792.00	2791.00	2791.00	2790.00	2789.00	2788.00	2787.50	2787.00	2785.50	2785.00	2784.00	2784.00	2783.00	2783.00	2782.00	2781.50	2781.00	2781.00	2780.00	2780.00	2779.00	2779.00	2778.50	2778.00	2778.00	2777.50	2777.00	2777.00	2776.50	2776.00	2775.50	2775.00	2774.50	2774.00	2773.00	2772.00	2772.00	2771.50	2770.50	2769.50	2768.50	2768.00	2767.00	2766.00	2765.50	2765.00	2764.00	2763.50	2763.00	2762.00	2761.50	2761.00	2760.00	2759.50	2759.00	2758.50	2758.00	2758.00	2758.00	2757.00	2757.00	2757.00	2757.00	2756.50	2756.00	2756.00	2755.00	2755.00	2754.00	2754.00	2753.50	2752.50	2752.00	2751.00	2751.00	2750.00	2749.50	2749.00	2748.50	2748.00	2747.00	2747.00	2747.00	2747.00	2746.00	2746.00	2746.00	2745.00	2744.50	2744.00	2744.00	2743.50	2743.00	2743.00	2742.50	2742.00	2741.00	2740.50	2740.00	2739.00	2738.50	2738.00	2737.00	2736.50	2736.00
2851.00	2851.00	2850.00	2850.00	2850.00	2850.00	2850.00	2850.00	2849.50	2849.00	2849.00	2849.00	2849.00	2849.00	2849.00	2848.00	2848.00	2847.50	2847.00	2846.50	2846.00	2846.00	2845.00	2845.00	2844.00	2844.00	2843.50	2843.00	2842.00	2842.00	2841.00	2841.00	2840.50	2840.00	2840.00	2839.50	2839.00	2839.00	2838.50	2838.00	2838.00	2837.50	2837.00	2837.00	2837.00	2837.00	2837.00	2836.50	2836.00	2835.50	2835.00	2834.50	2834.00	2833.50	2833.00	2833.00	2832.00	2831.50	2831.00	2831.00	2830.00	2830.00	2830.00	2830.00	2830.00	2830.00	2830.00	2830.00	2830.00	2830.00	2830.00	2830.00	2830.00	2830.00	2830.00	2829.00	2828.00	2828.00	2827.50	2827.00	2826.00	2825.00	2824.50	2823.00	2823.00	2822.00	2821.00	2821.00	2820.50	2820.00	2820.00	2819.00	2819.00	2819.00	2819.00	2819.00	2819.00	2819.00	2819.00	2820.00	2820.00	2819.50	2819.00	2819.00	2819.00	2818.00	2818.00	2817.50	2817.00	2816.00	2815.50	2814.50	2813.50	2813.00	2812.00	2811.00	2810.50	2810.00	2808.50	2808.00	2808.00	2807.00	2806.50	2806.00	2806.00	2805.00	2805.00	2804.50	2804.00	2803.50	2803.00	2803.00	2802.00	2802.00	2801.50	2801.00	2801.00	2801.00	2800.00	2799.00	2799.00	2798.50	2798.00	2797.50	2797.00	2796.50	2795.00	2794.50	2794.00	2793.00	2792.50	2792.00	2791.00	2791.00	2790.00	2789.00	2788.00	2787.50	2787.00	2785.50	2785.00	2784.00	2784.00	2783.00	2783.00	2782.00	2781.50	2781.00	2781.00	2780.00	2780.00	2779.00	2779.00	2778.50	2778.00	2778.00	2777.50	2777.00	2777.00	2776.50	2776.00	2775.50	2775.00	2774.50	2774.00	2773.00	2772.00	2772.00	2771.50	2770.50	2769.50	2768.50	2768.00	2767.00	2766.00	2765.50	2765.00	2764.00	2763.50	2763.00	2762.00	2761.50	2761.00	2760.00	2759.50	2759.00	2758.50	2758.00	2758.00	2758.00	2757.00	2757.00	2757.00	2757.00	2756.50	2756.00	2756.00	2755.00	2755.00	2754.00	2754.00	2753.50	2752.50	2752.00	2751.00	2751.00	2750.00	2749.50	2749.00	2748.50	2748.00	2747.00	2747.00	2747.00	2747.00	2746.00	2746.00	2746.00	2745.00	2744.50	2744.00	2744.00	2743.50	2743.00	2743.00	2742.50	2742.00	2741.00	2740.50	2740.00	2739.00	2738.50	2738.00	2737.00	2736.50	2736.00
2850.25	2850.00	2849.50	2849.50	2849.50	2849.50	2849.50	2849.50	2849.25	2849.00	2849.00	2848.50	2848.50	2848.50	2848.50	2847.75	2847.50	2847.00	2846.50	2846.25	2845.50	2845.50	2844.75	2844.50	2843.50	2843.50	2843.00	2842.50	2841.75	2841.50	2841.00	2840.75	2840.25	2840.00	2839.75	2839.25	2839.00	2839.00	2838.25	2838.00	2837.75	2837.25	2837.00	2837.00	2837.00	2837.00	2837.00	2836.25	2836.00	2835.25	2835.00	2834.50	2834.00	2833.50	2833.00	2833.00	2832.00	2831.50	2831.00	2831.00	2830.00	2830.00	2830.00	2830.00	2829.75	2829.50	2829.50	2829.50	2829.50	2830.00	2830.00	2829.75	2829.50	2829.50	2829.50	2829.00	2828.50	2828.00	2827.75	2827.25	2826.25	2825.25	2824.75	2823.50	2823.00	2822.25	2821.50	2820.75	2820.25	2820.00	2819.50	2818.75	2818.50	2818.50	2818.00	2818.25	2818.50	2818.50	2818.50	2819.00	2819.00	2818.50	2818.00	2818.00	2818.00	2817.50	2817.50	2816.75	2816.50	2815.25	2814.75	2814.00	2812.75	2812.25	2811.50	2810.50	2810.00	2809.50	2808.25	2807.75	2807.50	2806.50	2806.00	2805.50	2805.50	2804.50	2804.50	2804.00	2803.50	2803.00	2802.50	2802.50	2801.50	2801.50	2800.75	2800.50	2800.50	2800.00	2799.50	2799.00	2798.50	2798.25	2797.75	2797.25	2796.75	2796.25	2795.00	2794.50	2794.00	2793.00	2792.25	2791.75	2791.00	2790.50	2789.50	2788.50	2787.75	2787.00	2786.50	2785.25	2784.75	2783.50	2783.50	2782.50	2782.25	2781.25	2780.75	2780.25	2780.00	2779.50	2779.00	2778.50	2778.50	2778.00	2777.50	2777.50	2777.25	2776.50	2776.50	2776.00	2775.50	2775.25	2774.75	2774.25	2774.00	2773.25	2772.50	2772.00	2771.75	2771.00	2770.25	2769.50	2768.75	2768.00	2767.00	2766.25	2765.50	2764.75	2764.25	2763.75	2762.50	2762.00	2761.50	2760.50	2760.00	2759.50	2758.75	2758.25	2758.00	2758.00	2757.00	2757.00	2756.75	2756.50	2756.25	2755.50	2755.50	2754.50	2754.50	2753.75	2753.50	2753.00	2752.00	2751.50	2750.50	2750.50	2749.50	2749.25	2748.50	2748.25	2748.00	2747.00	2747.00	2747.00	2746.50	2746.00	2745.75	2745.50	2744.50	2744.25	2743.50	2743.50	2743.00	2742.50	2742.25	2741.75	2741.25	2740.50	2739.75	2739.00	2738.50	2738.00	2737.50	2736.25	2735.75	2735.25
2849.50	2849.00	2849.00	2849.00	2849.00	2849.00	2849.00	2849.00	2849.00	2849.00	2849.00	2848.00	2848.00	2848.00	2848.00	2847.50	2847.00	2846.50	2846.00	2846.00	2845.00	2845.00	2844.50	2844.00	2843.00	2843.00	2842.50	2842.00	2841.50	2841.00	2841.00	2840.50	2840.00	2840.00	2839.50	2839.00	2839.00	2839.00	2838.00	2838.00	2837.50	2837.00	2837.00	2837.00	2837.00	2837.00	2837.00	2836.00	2836.00	2835.00	2835.00	2834.50	2834.00	2833.50	2833.00	2833.00	2832.00	2831.50	2831.00	2831.00	2830.00	2830.00	2830.00	2830.00	2829.50	2829.00	2829.00	2829.00	2829.00	2830.00	2830.00	2829.50	2829.00	2829.00	2829.00	2829.00	2829.00	2828.00	2828.00	2827.50	2826.50	2825.50	2825.00	2824.00	2823.00	2822.50	2822.00	2820.50	2820.00	2820.00	2819.00	2818.50	2818.00	2818.00	2817.00	2817.50	2818.00	2818.00	2818.00	2818.00	2818.00	2817.50	2817.00	2817.00	2817.00	2817.00	2817.00	2816.00	2816.00	2814.50	2814.00	2813.50	2812.00	2811.50	2811.00	2810.00	2809.50	2809.00	2808.00	2807.50	2807.00	2806.00	2805.50	2805.00	2805.00	2804.00	2804.00	2803.50	2803.00	2802.50	2802.00	2802.00	2801.00	2801.00	2800.00	2800.00	2800.00	2799.00	2799.00	2799.00	2798.00	2798.00	2797.50	2797.00	2796.50	2796.00	2795.00	2794.50	2794.00	2793.00	2792.00	2791.50	2791.00	2790.00	2789.00	2788.00	2787.50	2786.50	2786.00	2785.00	2784.50	2783.00	2783.00	2782.00	2781.50	2780.50	2780.00	2779.50	2779.00	2779.00	2778.00	2778.00	2778.00	2777.50	2777.00	2777.00	2777.00	2776.00	2776.00	2775.50	2775.00	2775.00	2774.50	2774.00	2774.00	2773.50	2773.00	2772.00	2772.00	2771.50	2771.00	2770.50	2769.50	2769.00	2768.00	2767.00	2766.00	2765.50	2765.00	2764.50	2763.00	2762.50	2762.00	2761.00	2760.50	2760.00	2759.00	2758.50	2758.00	2758.00	2757.00	2757.00	2756.50	2756.00	2756.00	2755.00	2755.00	2754.00	2754.00	2753.50	2753.00	2752.50	2751.50	2751.00	2750.00	2750.00	2749.00	2749.00	2748.00	2748.00	2748.00	2747.00	2747.00	2747.00	2746.00	2746.00	2745.50	2745.00	2744.00	2744.00	2743.00	2743.00	2742.50	2742.00	2741.50	2741.00	2740.50	2740.00	2739.00	2738.00	2738.00	2737.50	2737.00	2735.50	2735.00	2734.50
2849.50	2849.00	2849.00	2849.00	2849.00	2849.00	2849.00	2849.00	2849.00	2849.00	2849.00	2848.00	2848.00	2848.00	2848.00	2847.50	2847.00	2846.50	2846.00	2846.00	2845.00	2845.00	2844.50	2844.00	2843.00	2843.00	2842.50	2842.00	2841.50	2841.00	2841.00	2840.50	2840.00	2840.00	2839.50	2839.00	2839.00	2839.00	2838.00	2838.00	2837.50	2837.00	2837.00	2837.00	2837.00	2837.00	2837.00	2836.00	2836.00	2835.00	2835.00	2834.50	2834.00	2833.50	2833.00	2833.00	2832.00	2831.50	2831.00	2831.00	2830.00	2830.00	2830.00	2830.00	2829.50	2829.00	2829.00	2829.00	2829.00	2830.00	2830.00	2829.50	2829.00	2829.00	2829.00	2829.00	2829.00	2828.00	2828.00	2827.50	2826.50	2825.50	2825.00	2824.00	2823.00	2822.50	2822.00	2820.50	2820.00	2820.00	2819.00	2818.50	2818.00	2818.00	2817.00	2817.50	2818.00	2818.00	2818.00	2818.00	2818.00	2817.50	2817.00	2817.00	2817.00	2817.00	2817.00	2816.00	2816.00	2814.50	2814.00	2813.50	2812.00	2811.50	2811.00	2810.00	2809.50	2809.00	2808.00	2807.50	2807.00	2806.00	2805.50	2805.00	2805.00	2804.00	2804.00	2803.50	2803.00	2802.50	2802.00	2802.00	2801.00	2801.00	2800.00	2800.00	2800.00	2799.00	2799.00	2799.00	2798.00	2798.00	2797.50	2797.00	2796.50	2796.00	2795.00	2794.50	2794.00	2793.00	2792.00	2791.50	2791.00	2790.00	2789.00	2788.00	2787.50	2786.50	2786.00	2785.00	2784.50	2783.00	2783.00	2782.00	2781.50	2780.50	2780.00	2779.50	2779.00	2779.00	2778.00	2778.00	2778.00	2777.50	2777.00	2777.00	2777.00	2776.00	2776.00	2775.50	2775.00	2775.00	2774.50	2774.00	2774.00	2773.50	2773.00	2772.00	2772.00	2771.50	2771.00	2770.50	2769.50	2769.00	2768.00	2767.00	2766.00	2765.50	2765.00	2764.50	2763.00	2762.50	2762.00	2761.00	2760.50	2760.00	2759.00	2758.50	2758.00	2758.00	2757.00	2757.00	2756.50	2756.00	2756.00	2755.00	2755.00	2754.00	2754.00	2753.50	2753.00	2752.50	2751.50	2751.00	2750.00	2750.00	2749.00	2749.00	2748.00	2748.00	2748.00	2747.00	2747.00	2747.00	2746.00	2746.00	2745.50	2745.00	2744.00	2744.00	2743.00	2743.00	2742.50	2742.00	2741.50	2741.00	2740.50	2740.00	2739.00	2738.00	2738.00	2737.50	2737.00	2735.50	2735.00	2734.50
2849.50	2849.00	2849.00	2849.00	2849.00	2849.00	2849.00	2849.00	2849.00	2849.00	2849.00	2848.00	2848.00	2848.00	2848.00	2847.50	2847.00	2846.50	2846.00	2846.00	2845.00	2845.00	2844.50	2844.00	2843.00	2843.00	2842.50	2842.00	2841.50	2841.00	2841.00	2840.50	2840.00	2840.00	2839.50	2839.00	2839.00	2839.00	2838.00	2838.00	2837.50	2837.00	2837.00	2837.00	2837.00	2837.00	2837.00	2836.00	2836.00	2835.00	2835.00	2834.50	2834.00	2833.50	2833.00	2833.00	2832.00	2831.50	2831.00	2831.00	2830.00	2830.00	2830.00	2830.00	2829.50	2829.00	2829.00	2829.00	2829.00	2830.00	2830.00	2829.50	2829.00	2829.00	2829.00	2829.00	2829.00	2828.00	2828.00	2827.50	2826.50	2825.50	2825.00	2824.00	2823.00	2822.50	2822.00	2820.50	2820.00	2820.00	2819.00	2818.50	2818.00	2818.00	2817.00	2817.50	2818.00	2818.00	2818.00	2818.00	2818.00	2817.50	2817.00	2817.00	2817.00	2817.00	2817.00	2816.00	2816.00	2814.50	2814.00	2813.50	2812.00	2811.50	2811.00	2810.00	2809.50	2809.00	2808.00	2807.50	2807.00	2806.00	2805.50	2805.00	2805.00	2804.00	2804.00	2803.50	2803.00	2802.50	2802.00	2802.00	2801.00	2801.00	2800.00	2800.00	2800.00	2799.00	2799.00	2799.00	2798.00	2798.00	2797.50	2797.00	2796.50	2796.00	2795.00	2794.50	2794.00	2793.00	2792.00	2791.50	2791.00	2790.00	2789.00	2788.00	2787.50	2786.50	2786.00	2785.00	2784.50	2783.00	2783.00	2782.00	2781.50	2780.50	2780.00	2779.50	2779.00	2779.00	2778.00	2778.00	2778.00	2777.50	2777.00	2777.00	2777.00	2776.00	2776.00	2775.50	2775.00	2775.00	2774.50	2774.00	2774.00	2773.50	2773.00	2772.00	2772.00	2771.50	2771.00	2770.50	2769.50	2769.00	2768.00	2767.00	2766.00	2765.50	2765.00	2764.50	2763.00	2762.50	2762.00	2761.00	2760.50	2760.00	2759.00	2758.50	2758.00	2758.00	2757.00	2757.00	2756.50	2756.00	2756.00	2755.00	2755.00	2754.00	2754.00	2753.50	2753.00	2752.50	2751.50	2751.00	2750.00	2750.00	2749.00	2749.00	2748.00	2748.00	2748.00	2747.00	2747.00	2747.00	2746.00	2746.00	2745.50	2745.00	2744.00	2744.00	2743.00	2743.00	2742.50	2742.00	2741.50	2741.00	2740.50	2740.00	2739.00	2738.00	2738.00	2737.50	2737.00	2735.50	2735.00	2734.50
2849.00	2848.50	2848.50	2848.50	2848.50	2848.50	2848.50	2848.50	2848.50	2848.50	2848.50	2848.00	2847.75	2847.50	2847.50	2847.25	2846.75	2846.00	2845.50	2845.50	2844.50	2844.50	2844.00	2843.50	2843.00	2842.75	2842.25	2842.00	2841.50	2841.00	2841.00	2840.50	2840.00	2840.00	2839.50	2839.00	2839.00	2839.00	2838.00	2838.00	2837.75	2837.50	2837.50	2837.50	2837.00	2837.00	2836.50	2835.75	2835.50	2834.75	2834.50	2834.25	2833.50	2833.25	2832.75	2832.50	2831.75	2831.25	2830.50	2830.50	2830.00	2829.50	2829.50	2829.50	2829.25	2829.00	2829.00	2829.00	2829.00	2829.50	2829.50	2829.25	2829.00	2829.00	2829.00	2829.00	2829.00	2828.00	2828.00	2827.50	2826.50	2825.75	2825.25	2824.00	2823.50	2822.50	2822.00	2820.50	2820.00	2819.75	2819.00	2818.25	2817.50	2817.50	2817.00	2817.00	2817.00	2817.00	2817.00	2817.00	2817.00	2816.75	2816.50	2816.50	2816.50	2816.00	2816.00	2815.25	2815.00	2813.75	2813.25	2812.75	2811.25	2810.75	2810.00	2809.50	2808.75	2808.25	2807.25	2806.75	2806.25	2805.50	2804.75	2804.50	2804.00	2803.50	2803.50	2803.00	2802.50	2802.25	2801.50	2801.50	2800.75	2800.50	2800.00	2799.75	2799.50	2799.00	2798.75	2798.50	2798.00	2797.50	2797.00	2796.50	2796.00	2795.50	2794.50	2794.00	2793.50	2792.50	2791.75	2791.00	2790.50	2789.50	2788.75	2787.50	2787.00	2786.25	2785.75	2784.50	2784.00	2782.50	2782.50	2781.50	2781.00	2780.00	2779.50	2779.00	2778.50	2778.50	2777.50	2777.50	2777.50	2777.00	2776.50	2776.50	2776.50	2776.00	2776.00	2775.25	2775.00	2775.00	2774.75	2774.50	2774.50	2773.75	2773.50	2773.00	2772.50	2772.25	2771.75	2771.00	2770.25	2769.50	2769.00	2768.00	2767.00	2766.25	2765.75	2765.00	2764.00	2763.25	2762.50	2761.75	2761.25	2760.75	2759.75	2759.25	2758.50	2758.50	2757.25	2757.00	2756.25	2755.75	2755.50	2755.00	2754.50	2753.50	2753.50	2752.75	2752.25	2751.75	2750.75	2750.50	2749.50	2749.50	2748.75	2748.50	2747.50	2747.50	2747.25	2746.50	2746.50	2746.50	2745.50	2745.50	2745.00	2744.50	2743.75	2743.50	2743.00	2742.50	2742.00	2741.50	2740.75	2740.25	2739.75	2739.00	2738.50	2737.50	2737.50	2736.75	2736.25	2735.00	2734.25	2733.75
2848.50	2848.00	2848.00	2848.00	2848.00	2848.00	2848.00	2848.00	2848.00	2848.00	2848.00	2848.00	2847.50	2847.00	2847.00	2847.00	2846.50	2845.50	2845.00	2845.00	2844.00	2844.00	2843.50	2843.00	2843.00	2842.50	2842.00	2842.00	2841.50	2841.00	2841.00	2840.50	2840.00	2840.00	2839.50	2839.00	2839.00	2839.00	2838.00	2838.00	2838.00	2838.00	2838.00	2838.00	2837.00	2837.00	2836.00	2835.50	2835.00	2834.50	2834.00	2834.00	2833.00	2833.00	2832.50	2832.00	2831.50	2831.00	2830.00	2830.00	2830.00	2829.00	2829.00	2829.00	2829.00	2829.00	2829.00	2829.00	2829.00	2829.00	2829.00	2829.00	2829.00	2829.00	2829.00	2829.00	2829.00	2828.00	2828.00	2827.50	2826.50	2826.00	2825.50	2824.00	2824.00	2822.50	2822.00	2820.50	2820.00	2819.50	2819.00	2818.00	2817.00	2817.00	2817.00	2816.50	2816.00	2816.00	2816.00	2816.00	2816.00	2816.00	2816.00	2816.00	2816.00	2815.00	2815.00	2814.50	2814.00	2813.00	2812.50	2812.00	2810.50	2810.00	2809.00	2809.00	2808.00	2807.50	2806.50	2806.00	2805.50	2805.00	2804.00	2804.00	2803.00	2803.00	2803.00	2802.50	2802.00	2802.00	2801.00	2801.00	2800.50	2800.00	2800.00	2799.50	2799.00	2799.00	2798.50	2798.00	2798.00	2797.00	2796.50	2796.00	2795.50	2795.00	2794.00	2793.50	2793.00	2792.00	2791.50	2790.50	2790.00	2789.00	2788.50	2787.00	2786.50	2786.00	2785.50	2784.00	2783.50	2782.00	2782.00	2781.00	2780.50	2779.50	2779.00	2778.50	2778.00	2778.00	2777.00	2777.00	2777.00	2776.50	2776.00	2776.00	2776.00	2776.00	2776.00	2775.00	2775.00	2775.00	2775.00	2775.00	2775.00	2774.00	2774.00	2774.00	2773.00	2773.00	2772.50	2771.50	2771.00	2770.00	2770.00	2769.00	2768.00	2767.00	2766.50	2765.50	2765.00	2764.00	2763.00	2762.50	2762.00	2761.50	2760.50	2760.00	2759.00	2759.00	2757.50	2757.00	2756.00	2755.50	2755.00	2755.00	2754.00	2753.00	2753.00	2752.00	2751.50	2751.00	2750.00	2750.00	2749.00	2749.00	2748.50	2748.00	2747.00	2747.00	2746.50	2746.00	2746.00	2746.00	2745.00	2745.00	2744.50	2744.00	2743.50	2743.00	2743.00	2742.00	2741.50	2741.00	2740.00	2739.50	2739.00	2738.00	2738.00	2737.00	2737.00	2736.00	2735.50	2734.50	2733.50	2733.00
2848.50	2848.00	2848.00	2848.00	2848.00	2848.00	2848.00	2848.00	2848.00	2848.00	2848.00	2848.00	2847.50	2847.00	2847.00	2847.00	2846.50	2845.50	2845.00	2845.00	2844.00	2844.00	2843.50	2843.00	2843.00	2842.50	2842.00	2842.00	2841.50	2841.00	2841.00	2840.50	2840.00	2840.00	2839.50	2839.00	2839.00	2839.00	2838.00	2838.00	2838.00	2838.00	2838.00	2838.00	2837.00	2837.00	2836.00	2835.50	2835.00	2834.50	2834.00	2834.00	2833.00	2833.00	2832.50	2832.00	2831.50	2831.00	2830.00	2830.00	2830.00	2829.00	2829.00	2829.00	2829.00	2829.00	2829.00	2829.00	2829.00	2829.00	2829.00	2829.00	2829.00	2829.00	2829.00	2829.00	2829.00	2828.00	2828.00	2827.50	2826.50	2826.00	2825.50	2824.00	2824.00	2822.50	2822.00	2820.50	2820.00	2819.50	2819.00	2818.00	2817.00	2817.00	2817.00	2816.50	2816.00	2816.00	2816.00	2816.00	2816.00	2816.00	2816.00	2816.00	2816.00	2815.00	2815.00	2814.50	2814.00	2813.00	2812.50	2812.00	2810.50	2810.00	2809.00	2809.00	2808.00	2807.50	2806.50	2806.00	2805.50	2805.00	2804.00	2804.00	2803.00	2803.00	2803.00	2802.50	2802.00	2802.00	2801.00	2801.00	2800.50	2800.00	2800.00	2799.50	2799.00	2799.00	2798.50	2798.00	2798.00	2797.00	2796.50	2796.00	2795.50	2795.00	2794.00	2793.50	2793.00	2792.00	2791.50	2790.50	2790.00	2789.00	2788.50	2787.00	2786.50	2786.00	2785.50	2784.00	2783.50	2782.00	2782.00	2781.00	2780.50	2779.50	2779.00	2778.50	2778.00	2778.00	2777.00	2777.00	2777.00	2776.50	2776.00	2776.00	2776.00	2776.00	2776.00	2775.00	2775.00	2775.00	2775.00	2775.00	2775.00	2774.00	2774.00	2774.00	2773.00	2773.00	2772.50	2771.50	2771.00	2770.00	2770.00	2769.00	2768.00	2767.00	2766.50	2765.50	2765.00	2764.00	2763.00	2762.50	2762.00	2761.50	2760.50	2760.00	2759.00	2759.00	2757.50	2757.00	2756.00	2755.50	2755.00	2755.00	2754.00	2753.00	2753.00	2752.00	2751.50	2751.00	2750.00	2750.00	2749.00	2749.00	2748.50	2748.00	2747.00	2747.00	2746.50	2746.00	2746.00	2746.00	2745.00	2745.00	2744.50	2744.00	2743.50	2743.00	2743.00	2742.00	2741.50	2741.00	2740.00	2739.50	2739.00	2738.00	2738.00	2737.00	2737.00	2736.00	2735.50	2734.50	2733.50	2733.00
2848.50	2848.00	2848.00	2848.00	2848.00	2848.00	2848.00	2848.00	2848.00	2848.00	2848.00	2848.00	2847.50	2847.00	2847.00	2847.00	2846.50	2845.50	2845.00	2845.00	2844.00	2844.00	2843.50	2843.00	2843.00	2842.50	2842.00	2842.00	2841.50	2841.00	2841.00	2840.50	2840.00	2840.00	2839.50	2839.00	2839.00	2839.00	2838.00	2838.00	2838.00	2838.00	2838.00	2838.00	2837.00	2837.00	2836.00	2835.50	2835.00	2834.50	2834.00	2834.00	2833.00	2833.00	2832.50	2832.00	2831.50	2831.00	2830.00	2830.00	2830.00	2829.00	2829.00	2829.00	2829.00	2829.00	2829.00	2829.00	2829.00	2829.00	2829.00	2829.00	2829.00	2829.00	2829.00	2829.00	2829.00	2828.00	2828.00	2827.50	2826.50	2826.00	2825.50	2824.00	2824.00	2822.50	2822.00	2820.50	2820.00	2819.50	2819.00	2818.00	2817.00	2817.00	2817.00	2816.50	2816.00	2816.00	2816.00	2816.00	2816.00	2816.00	2816.00	2816.00	2816.00	2815.00	2815.00	2814.50	2814.00	2813.00	2812.50	2812.00	2810.50	2810.00	2809.00	2809.00	2808.00	2807.50	2806.50	2806.00	2805.50	2805.00	2804.00	2804.00	2803.00	2803.00	2803.00	2802.50	2802.00	2802.00	2801.00	2801.00	2800.50	2800.00	2800.00	2799.50	2799.00	2799.00	2798.50	2798.00	2798.00	2797.00	2796.50	2796.00	2795.50	2795.00	2794.00	2793.50	2793.00	2792.00	2791.50	2790.50	2790.00	2789.00	2788.50	2787.00	2786.50	2786.00	2785.50	2784.00	2783.50	2782.00	2782.00	2781.00	2780.50	2779.50	2779.00	2778.50	2778.00	2778.00	2777.00	2777.00	2777.00	2776.50	2776.00	2776.00	2776.00	2776.00	2776.00	2775.00	2775.00	2775.00	2775.00	2775.00	2775.00	2774.00	2774.00	2774.00	2773.00	2773.00	2772.50	2771.50	2771.00	2770.00	2770.00	2769.00	2768.00	2767.00	2766.50	2765.50	2765.00	2764.00	2763.00	2762.50	2762.00	2761.50	2760.50	2760.00	2759.00	2759.00	2757.50	2757.00	2756.00	2755.50	2755.00	2755.00	2754.00	2753.00	2753.00	2752.00	2751.50	2751.00	2750.00	2750.00	2749.00	2749.00	2748.50	2748.00	2747.00	2747.00	2746.50	2746.00	2746.00	2746.00	2745.00	2745.00	2744.50	2744.00	2743.50	2743.00	2743.00	2742.00	2741.50	2741.00	2740.00	2739.50	2739.00	2738.00	2738.00	2737.00	2737.00	2736.00	2735.50	2734.50	2733.50	2733.00
2848.50	2848.00	2848.00	2848.00	2848.00	2848.00	2848.00	2848.00	2847.50	2847.50	2847.50	2847.50	2847.25	2847.00	2846.50	2846.50	2846.00	2845.25	2844.75	2844.50	2844.00	2843.50	2843.25	2842.50	2842.50	2842.25	2842.00	2842.00	2841.25	2841.00	2841.00	2840.25	2840.00	2840.00	2839.75	2839.25	2839.00	2839.00	2838.50	2838.50	2838.00	2838.00	2838.00	2837.50	2837.00	2836.50	2836.00	2835.25	2834.75	2834.25	2833.75	2833.50	2833.00	2832.50	2832.00	2831.50	2831.00	2830.50	2830.00	2829.50	2829.50	2829.00	2828.75	2828.50	2828.50	2828.50	2828.50	2828.50	2828.50	2828.75	2829.00	2829.00	2829.00	2829.00	2829.00	2829.00	2828.50	2828.00	2828.00	2827.50	2826.50	2826.00	2825.50	2824.00	2823.50	2822.50	2821.50	2820.50	2819.75	2819.25	2818.50	2817.75	2817.00	2816.50	2816.50	2816.25	2815.50	2815.50	2815.50	2815.50	2815.50	2815.50	2815.50	2815.25	2815.00	2814.50	2814.50	2814.00	2813.50	2812.50	2812.00	2811.50	2810.25	2809.75	2808.50	2808.50	2807.25	2806.75	2805.75	2805.50	2805.00	2804.50	2804.00	2803.50	2803.00	2803.00	2802.75	2802.25	2802.00	2801.75	2801.00	2801.00	2800.50	2800.00	2799.75	2799.25	2799.00	2798.50	2798.00	2797.50	2797.50	2796.50	2796.25	2795.50	2795.25	2794.75	2794.00	2793.25	2792.75	2792.00	2791.25	2790.50	2790.00	2789.00	2788.25	2787.00	2786.00	2785.50	2785.00	2783.50	2783.00	2782.00	2781.50	2780.50	2780.00	2779.00	2778.50	2778.25	2777.50	2777.50	2776.50	2776.50	2776.50	2776.25	2776.00	2775.75	2775.50	2775.50	2775.50	2775.00	2775.00	2775.00	2775.00	2775.00	2775.00	2774.50	2774.50	2774.50	2773.50	2773.50	2773.00	2772.00	2771.50	2771.00	2770.50	2769.75	2769.00	2767.75	2767.25	2766.50	2765.50	2764.75	2764.00	2763.00	2762.50	2762.00	2761.00	2760.25	2759.50	2759.00	2757.75	2757.25	2756.00	2755.50	2755.00	2754.50	2753.50	2752.50	2752.50	2751.50	2751.00	2750.25	2749.50	2749.25	2748.50	2748.50	2748.00	2747.50	2746.75	2746.50	2746.25	2745.50	2745.50	2745.00	2744.50	2744.25	2743.75	2743.50	2743.00	2742.50	2742.00	2741.50	2740.75	2740.00	2739.50	2739.00	2738.50	2737.50	2737.25	2736.50	2736.00	2735.25	2734.75	2733.75	2733.00	2732.50
2848.50	2848.00	2848.00	2848.00	2848.00	2848.00	2848.00	2848.00	2847.00	2847.00	2847.00	2847.00	2847.00	2847.00	2846.00	2846.00	2845.50	2845.00	2844.50	2844.00	2844.00	2843.00	2843.00	2842.00	2842.00	2842.00	2842.00	2842.00	2841.00	2841.00	2841.00	2840.00	2840.00	2840.00	2840.00	2839.50	2839.00	2839.00	2839.00	2839.00	2838.00	2838.00	2838.00	2837.00	2837.00	2836.00	2836.00	2835.00	2834.50	2834.00	2833.50	2833.00	2833.00	2832.00	2831.50	2831.00	2830.50	2830.00	2830.00	2829.00	2829.00	2829.00	2828.50	2828.00	2828.00	2828.00	2828.00	2828.00	2828.00	2828.50	2829.00	2829.00	2829.00	2829.00	2829.00	2829.00	2828.00	2828.00	2828.00	2827.50	2826.50	2826.00	2825.50	2824.00	2823.00	2822.50	2821.00	2820.50	2819.50	2819.00	2818.00	2817.50	2817.00	2816.00	2816.00	2816.00	2815.00	2815.00	2815.00	2815.00	2815.00	2815.00	2815.00	2814.50	2814.00	2814.00	2814.00	2813.50	2813.00	2812.00	2811.50	2811.00	2810.00	2809.50	2808.00	2808.00	2806.50	2806.00	2805.00	2805.00	2804.50	2804.00	2804.00	2803.00	2803.00	2803.00	2802.50	2802.00	2802.00	2801.50	2801.00	2801.00	2800.50	2800.00	2799.50	2799.00	2799.00	2798.00	2797.50	2797.00	2797.00	2796.00	2796.00	2795.00	2795.00	2794.50	2794.00	2793.00	2792.50	2792.00	2791.00	2790.50	2790.00	2789.00	2788.00	2787.00	2785.50	2785.00	2784.50	2783.00	2782.50	2782.00	2781.00	2780.00	2779.50	2778.50	2778.00	2778.00	2777.00	2777.00	2776.00	2776.00	2776.00	2776.00	2776.00	2775.50	2775.00	2775.00	2775.00	2775.00	2775.00	2775.00	2775.00	2775.00	2775.00	2775.00	2775.00	2775.00	2774.00	2774.00	2773.50	2772.50	2772.00	2772.00	2771.00	2770.50	2770.00	2768.50	2768.00	2767.50	2766.00	2765.50	2765.00	2763.50	2763.00	2762.50	2761.50	2760.50	2760.00	2759.00	2758.00	2757.50	2756.00	2755.50	2755.00	2754.00	2753.00	2752.00	2752.00	2751.00	2750.50	2749.50	2749.00	2748.50	2748.00	2748.00	2747.50	2747.00	2746.50	2746.00	2746.00	2745.00	2745.00	2744.00	2744.00	2743.50	2743.00	2743.00	2742.50	2742.00	2741.00	2741.00	2740.00	2739.00	2739.00	2738.50	2738.00	2737.00	2736.50	2736.00	2735.00	2734.50	2734.00	2733.00	2732.50	2732.00
2848.50	2848.00	2848.00	2848.00	2848.00	2848.00	2848.00	2848.00	2847.00	2847.00	2847.00	2847.00	2847.00	2847.00	2846.00	2846.00	2845.50	2845.00	2844.50	2844.00	2844.00	2843.00	2843.00	2842.00	2842.00	2842.00	2842.00	2842.00	2841.00	2841.00	2841.00	2840.00	2840.00	2840.00	2840.00	2839.50	2839.00	2839.00	2839.00	2839.00	2838.00	2838.00	2838.00	2837.00	2837.00	2836.00	2836.00	2835.00	2834.50	2834.00	2833.50	2833.00	2833.00	2832.00	2831.50	2831.00	2830.50	2830.00	2830.00	2829.00	2829.00	2829.00	2828.50	2828.00	2828.00	2828.00	2828.00	2828.00	2828.00	2828.50	2829.00	2829.00	2829.00	2829.00	2829.00	2829.00	2828.00	2828.00	2828.00	2827.50	2826.50	2826.00	2825.50	2824.00	2823.00	2822.50	2821.00	2820.50	2819.50	2819.00	2818.00	2817.50	2817.00	2816.00	2816.00	2816.00	2815.00	2815.00	2815.00	2815.00	2815.00	2815.00	2815.00	2814.50	2814.00	2814.00	2814.00	2813.50	2813.00	2812.00	2811.50	2811.00	2810.00	2809.50	2808.00	2808.00	2806.50	2806.00	2805.00	2805.00	2804.50	2804.00	2804.00	2803.00	2803.00	2803.00	2802.50	2802.00	2802.00	2801.50	2801.00	2801.00	2800.50	2800.00	2799.50	2799.00	2799.00	2798.00	2797.50	2797.00	2797.00	2796.00	2796.00	2795.00	2795.00	2794.50	2794.00	2793.00	2792.50	2792.00	2791.00	2790.50	2790.00	2789.00	2788.00	2787.00	2785.50	2785.00	2784.50	2783.00	2782.50	2782.00	2781.00	2780.00	2779.50	2778.50	2778.00	2778.00	2777.00	2777.00	2776.00	2776.00	2776.00	2776.00	2776.00	2775.50	2775.00	2775.00	2775.00	2775.00	2775.00	2775.00	2775.00	2775.00	2775.00	2775.00	2775.00	2775.00	2774.00	2774.00	2773.50	2772.50	2772.00	2772.00	2771.00	2770.50	2770.00	2768.50	2768.00	2767.50	2766.00	2765.50	2765.00	2763.50	2763.00	2762.50	2761.50	2760.50	2760.00	2759.00	2758.00	2757.50	2756.00	2755.50	2755.00	2754.00	2753.00	2752.00	2752.00	2751.00	2750.50	2749.50	2749.00	2748.50	2748.00	2748.00	2747.50	2747.00	2746.50	2746.00	2746.00	2745.00	2745.00	2744.00	2744.00	2743.50	2743.00	2743.00	2742.50	2742.00	2741.00	2741.00	2740.00	2739.00	2739.00	2738.50	2738.00	2737.00	2736.50	2736.00	2735.00	2734.50	2734.00	2733.00	2732.50	2732.00
2848.50	2848.00	2848.00	2848.00	2848.00	2848.00	2848.00	2848.00	2847.00	2847.00	2847.00	2847.00	2847.00	2847.00	2846.00	2846.00	2845.50	2845.00	2844.50	2844.00	2844.00	2843.00	2843.00	2842.00	2842.00	2842.00	2842.00	2842.00	2841.00	2841.00	2841.00	2840.00	2840.00	2840.00	2840.00	2839.50	2839.00	2839.00	2839.00	2839.00	2838.00	2838.00	2838.00	2837.00	2837.00	2836.00	2836.00	2835.00	2834.50	2834.00	2833.50	2833.00	2833.00	2832.00	2831.50	2831.00	2830.50	2830.00	2830.00	2829.00	2829.00	2829.00	2828.50	2828.00	2828.00	2828.00	2828.00	2828.00	2828.00	2828.50	2829.00	2829.00	2829.00	2829.00	2829.00	2829.00	2828.00	2828.00	2828.00	2827.50	2826.50	2826.00	2825.50	2824.00	2823.00	2822.50	2821.00	2820.50	2819.50	2819.00	2818.00	2817.50	2817.00	2816.00	2816.00	2816.00	2815.00	2815.00	2815.00	2815.00	2815.00	2815.00	2815.00	2814.50	2814.00	2814.00	2814.00	2813.50	2813.00	2812.00	2811.50	2811.00	2810.00	2809.50	2808.00	2808.00	2806.50	2806.00	2805.00	2805.00	2804.50	2804.00	2804.00	2803.00	2803.00	2803.00	2802.50	2802.00	2802.00	2801.50	2801.00	2801.00	2800.50	2800.00	2799.50	2799.00	2799.00	2798.00	2797.50	2797.00	2797.00	2796.00	2796.00	2795.00	2795.00	2794.50	2794.00	2793.00	2792.50	2792.00	2791.00	2790.50	2790.00	2789.00	2788.00	2787.00	2785.50	2785.00	2784.50	2783.00	2782.50	2782.00	2781.00	2780.00	2779.50	2778.50	2778.00	2778.00	2777.00	2777.00	2776.00	2776.00	2776.00	2776.00	2776.00	2775.50	2775.00	2775.00	2775.00	2775.00	2775.00	2775.00	2775.00	2775.00	2775.00	2775.00	2775.00	2775.00	2774.00	2774.00	2773.50	2772.50	2772.00	2772.00	2771.00	2770.50	2770.00	2768.50	2768.00	2767.50	2766.00	2765.50	2765.00	2763.50	2763.00	2762.50	2761.50	2760.50	2760.00	2759.00	2758.00	2757.50	2756.00	2755.50	2755.00	2754.00	2753.00	2752.00	2752.00	2751.00	2750.50	2749.50	2749.00	2748.50	2748.00	2748.00	2747.50	2747.00	2746.50	2746.00	2746.00	2745.00	2745.00	2744.00	2744.00	2743.50	2743.00	2743.00	2742.50	2742.00	2741.00	2741.00	2740.00	2739.00	2739.00	2738.50	2738.00	2737.00	2736.50	2736.00	2735.00	2734.50	2734.00	2733.00	2732.50	2732.00
2848.25	2848.00	2848.00	2848.00	2848.00	2848.00	2847.50	2847.50	2847.00	2847.00	2846.75	2846.50	2846.50	2846.50	2846.00	2845.50	2845.25	2844.75	2844.00	2843.50	2843.50	2842.50	2842.50	2842.00	2841.50	2841.50	2841.50	2841.50	2841.00	2841.00	2841.00	2840.00	2840.00	2840.00	2840.00	2839.75	2839.50	2839.00	2839.00	2839.00	2838.00	2838.00	2838.00	2837.00	2837.00	2836.00	2836.00	2835.00	2834.50	2833.75	2833.25	2832.75	2832.50	2831.50	2831.25	2830.50	2830.25	2829.75	2829.50	2829.00	2828.50	2828.50	2828.25	2828.00	2827.75	2827.50	2827.75	2828.00	2828.00	2828.25	2828.50	2828.50	2828.50	2828.50	2828.50	2828.50	2828.00	2827.50	2827.50	2827.25	2826.50	2825.75	2825.25	2824.00	2823.00	2822.25	2821.00	2820.25	2819.50	2819.00	2818.00	2817.50	2817.00	2816.00	2816.00	2815.75	2815.00	2815.00	2814.75	2814.50	2814.50	2814.50	2814.50	2814.25	2813.75	2813.50	2813.50	2813.00	2812.50	2811.75	2811.00	2810.50	2809.50	2809.00	2807.50	2807.50	2806.25	2806.00	2805.00	2805.00	2804.50	2804.00	2803.75	2803.00	2803.00	2803.00	2802.50	2802.00	2802.00	2801.50	2801.00	2801.00	2800.50	2800.00	2799.50	2799.00	2798.75	2798.00	2797.25	2796.50	2796.50	2795.75	2795.50	2794.75	2794.50	2794.00	2793.50	2792.50	2792.00	2791.50	2790.50	2790.00	2789.50	2788.50	2787.75	2787.00	2785.50	2784.75	2784.25	2782.75	2782.00	2781.50	2780.50	2779.75	2779.25	2778.25	2777.75	2777.50	2777.00	2776.50	2776.00	2776.00	2775.50	2775.50	2775.50	2775.25	2775.00	2775.50	2775.50	2775.50	2775.50	2775.50	2775.50	2775.50	2775.50	2775.50	2775.50	2775.50	2774.50	2774.50	2774.00	2773.25	2772.75	2772.50	2772.00	2771.25	2770.50	2769.50	2768.75	2768.25	2767.00	2766.50	2765.50	2764.50	2763.75	2763.25	2762.00	2761.25	2760.50	2759.50	2758.50	2758.00	2756.25	2755.75	2755.25	2754.00	2753.00	2752.00	2751.50	2750.50	2750.00	2749.25	2748.50	2748.00	2747.50	2747.00	2746.75	2746.50	2745.75	2745.50	2745.25	2744.50	2744.00	2743.50	2743.50	2742.75	2742.50	2742.50	2741.75	2741.25	2740.50	2740.50	2739.50	2738.50	2738.25	2737.75	2737.25	2736.50	2735.75	2735.00	2734.50	2733.75	2733.25	2732.50	2732.00	2731.50
2848.00	2848.00	2848.00	2848.00	2848.00	2848.00	2847.00	2847.00	2847.00	2847.00	2846.50	2846.00	2846.00	2846.00	2846.00	2845.00	2845.00	2844.50	2843.50	2843.00	2843.00	2842.00	2842.00	2842.00	2841.00	2841.00	2841.00	2841.00	2841.00	2841.00	2841.00	2840.00	2840.00	2840.00	2840.00	2840.00	2840.00	2839.00	2839.00	2839.00	2838.00	2838.00	2838.00	2837.00	2837.00	2836.00	2836.00	2835.00	2834.50	2833.50	2833.00	2832.50	2832.00	2831.00	2831.00	2830.00	2830.00	2829.50	2829.00	2829.00	2828.00	2828.00	2828.00	2828.00	2827.50	2827.00	2827.50	2828.00	2828.00	2828.00	2828.00	2828.00	2828.00	2828.00	2828.00	2828.00	2828.00	2827.00	2827.00	2827.00	2826.50	2825.50	2825.00	2824.00	2823.00	2822.00	2821.00	2820.00	2819.50	2819.00	2818.00	2817.50	2817.00	2816.00	2816.00	2815.50	2815.00	2815.00	2814.50	2814.00	2814.00	2814.00	2814.00	2814.00	2813.50	2813.00	2813.00	2812.50	2812.00	2811.50	2810.50	2810.00	2809.00	2808.50	2807.00	2807.00	2806.00	2806.00	2805.00	2805.00	2804.50	2804.00	2803.50	2803.00	2803.00	2803.00	2802.50	2802.00	2802.00	2801.50	2801.00	2801.00	2800.50	2800.00	2799.50	2799.00	2798.50	2798.00	2797.00	2796.00	2796.00	2795.50	2795.00	2794.50	2794.00	2793.50	2793.00	2792.00	2791.50	2791.00	2790.00	2789.50	2789.00	2788.00	2787.50	2787.00	2785.50	2784.50	2784.00	2782.50	2781.50	2781.00	2780.00	2779.50	2779.00	2778.00	2777.50	2777.00	2777.00	2776.00	2776.00	2776.00	2775.00	2775.00	2775.00	2775.00	2775.00	2776.00	2776.00	2776.00	2776.00	2776.00	2776.00	2776.00	2776.00	2776.00	2776.00	2776.00	2775.00	2775.00	2774.50	2774.00	2773.50	2773.00	2773.00	2772.00	2771.00	2770.50	2769.50	2769.00	2768.00	2767.50	2766.00	2765.50	2764.50	2764.00	2762.50	2762.00	2761.00	2760.00	2759.00	2758.50	2756.50	2756.00	2755.50	2754.00	2753.00	2752.00	2751.00	2750.00	2749.50	2749.00	2748.00	2747.50	2747.00	2746.00	2746.00	2746.00	2745.00	2745.00	2744.50	2744.00	2743.00	2743.00	2743.00	2742.00	2742.00	2742.00	2741.00	2740.50	2740.00	2740.00	2739.00	2738.00	2737.50	2737.00	2736.50	2736.00	2735.00	2734.00	2734.00	2733.00	2732.50	2732.00	2731.50	2731.00
2848.00	2848.00	2848.00	2848.00	2848.00	2848.00	2847.00	2847.00	2847.00	2847.00	2846.50	2846.00	2846.00	2846.00	2846.00	2845.00	2845.00	2844.50	2843.50	2843.00	2843.00	2842.00	2842.00	2842.00	2841.00	2841.00	2841.00	2841.00	2841.00	2841.00	2841.00	2840.00	2840.00	2840.00	2840.00	2840.00	2840.00	2839.00	2839.00	2839.00	2838.00	2838.00	2838.00	2837.00	2837.00	2836.00	2836.00	2835.00	2834.50	2833.50	2833.00	2832.50	2832.00	2831.00	2831.00	2830.00	2830.00	2829.50	2829.00	2829.00	2828.00	2828.00	2828.00	2828.00	2827.50	2827.00	2827.50	2828.00	2828.00	2828.00	2828.00	2828.00	2828.00	2828.00	2828.00	2828.00	2828.00	2827.00	2827.00	2827.00	2826.50	2825.50	2825.00	2824.00	2823.00	2822.00	2821.00	2820.00	2819.50	2819.00	2818.00	2817.50	2817.00	2816.00	2816.00	2815.50	2815.00	2815.00	2814.50	2814.00	2814.00	2814.00	2814.00	2814.00	2813.50	2813.00	2813.00	2812.50	2812.00	2811.50	2810.50	2810.00	2809.00	2808.50	2807.00	2807.00	2806.00	2806.00	2805.00	2805.00	2804.50	2804.00	2803.50	2803.00	2803.00	2803.00	2802.50	2802.00	2802.00	2801.50	2801.00	2801.00	2800.50	2800.00	2799.50	2799.00	2798.50	2798.00	2797.00	2796.00	2796.00	2795.50	2795.00	2794.50	2794.00	2793.50	2793.00	2792.00	2791.50	2791.00	2790.00	2789.50	2789.00	2788.00	2787.50	2787.00	2785.50	2784.50	2784.00	2782.50	2781.50	2781.00	2780.00	2779.50	2779.00	2778.00	2777.50	2777.00	2777.00	2776.00	2776.00	2776.00	2775.00	2775.00	2775.00	2775.00	2775.00	2776.00	2776.00	2776.00	2776.00	2776.00	2776.00	2776.00	2776.00	2776.00	2776.00	2776.00	2775.00	2775.00	2774.50	2774.00	2773.50	2773.00	2773.00	2772.00	2771.00	2770.50	2769.50	2769.00	2768.00	2767.50	2766.00	2765.50	2764.50	2764.00	2762.50	2762.00	2761.00	2760.00	2759.00	2758.50	2756.50	2756.00	2755.50	2754.00	2753.00	2752.00	2751.00	2750.00	2749.50	2749.00	2748.00	2747.50	2747.00	2746.00	2746.00	2746.00	2745.00	2745.00	2744.50	2744.00	2743.00	2743.00	2743.00	2742.00	2742.00	2742.00	2741.00	2740.50	2740.00	2740.00	2739.00	2738.00	2737.50	2737.00	2736.50	2736.00	2735.00	2734.00	2734.00	2733.00	2732.50	2732.00	2731.50	2731.00
2848.00	2848.00	2848.00	2848.00	2848.00	2848.00	2847.00	2847.00	2847.00	2847.00	2846.50	2846.00	2846.00	2846.00	2846.00	2845.00	2845.00	2844.50	2843.50	2843.00	2843.00	2842.00	2842.00	2842.00	2841.00	2841.00	2841.00	2841.00	2841.00	2841.00	2841.00	2840.00	2840.00	2840.00	2840.00	2840.00	2840.00	2839.00	2839.00	2839.00	2838.00	2838.00	2838.00	2837.00	2837.00	2836.00	2836.00	2835.00	2834.50	2833.50	2833.00	2832.50	2832.00	2831.00	2831.00	2830.00	2830.00	2829.50	2829.00	2829.00	2828.00	2828.00	2828.00	2828.00	2827.50	2827.00	2827.50	2828.00	2828.00	2828.00	2828.00	2828.00	2828.00	2828.00	2828.00	2828.00	2828.00	2827.00	2827.00	2827.00	2826.50	2825.50	2825.00	2824.00	2823.00	2822.00	2821.00	2820.00	2819.50	2819.00	2818.00	2817.50	2817.00	2816.00	2816.00	2815.50	2815.00	2815.00	2814.50	2814.00	2814.00	2814.00	2814.00	2814.00	2813.50	2813.00	2813.00	2812.50	2812.00	2811.50	2810.50	2810.00	2809.00	2808.50	2807.00	2807.00	2806.00	2806.00	2805.00	2805.00	2804.50	2804.00	2803.50	2803.00	2803.00	2803.00	2802.50	2802.00	2802.00	2801.50	2801.00	2801.00	2800.50	2800.00	2799.50	2799.00	2798.50	2798.00	2797.00	2796.00	2796.00	2795.50	2795.00	2794.50	2794.00	2793.50	2793.00	2792.00	2791.50	2791.00	2790.00	2789.50	2789.00	2788.00	2787.50	2787.00	2785.50	2784.50	2784.00	2782.50	2781.50	2781.00	2780.00	2779.50	2779.00	2778.00	2777.50	2777.00	2777.00	2776.00	2776.00	2776.00	2775.00	2775.00	2775.00	2775.00	2775.00	2776.00	2776.00	2776.00	2776.00	2776.00	2776.00	2776.00	2776.00	2776.00	2776.00	2776.00	2775.00	2775.00	2774.50	2774.00	2773.50	2773.00	2773.00	2772.00	2771.00	2770.50	2769.50	2769.00	2768.00	2767.50	2766.00	2765.50	2764.50	2764.00	2762.50	2762.00	2761.00	2760.00	2759.00	2758.50	2756.50	2756.00	2755.50	2754.00	2753.00	2752.00	2751.00	2750.00	2749.50	2749.00	2748.00	2747.50	2747.00	2746.00	2746.00	2746.00	2745.00	2745.00	2744.50	2744.00	2743.00	2743.00	2743.00	2742.00	2742.00	2742.00	2741.00	2740.50	2740.00	2740.00	2739.00	2738.00	2737.50	2737.00	2736.50	2736.00	2735.00	2734.00	2734.00	2733.00	2732.50	2732.00	2731.50	2731.00
2848.00	2848.00	2848.00	2848.00	2848.00	2848.00	2847.00	2847.00	2846.75	2846.50	2846.25	2846.00	2845.50	2845.50	2845.50	2844.50	2844.50	2844.00	2843.25	2842.75	2842.50	2842.00	2841.50	2841.50	2841.00	2841.00	2840.75	2840.50	2840.50	2840.50	2840.50	2840.00	2840.00	2839.75	2839.50	2839.50	2839.50	2839.00	2839.00	2838.50	2838.00	2838.00	2837.75	2837.00	2836.75	2836.00	2836.00	2835.00	2834.50	2833.50	2833.00	2832.50	2832.00	2831.00	2831.00	2830.00	2830.00	2829.50	2829.00	2828.50	2828.00	2827.50	2827.50	2827.50	2827.25	2827.00	2827.25	2827.50	2827.50	2827.50	2827.50	2828.00	2828.00	2827.75	2827.50	2827.50	2827.50	2827.00	2826.75	2826.50	2826.00	2825.00	2824.50	2823.50	2823.00	2821.75	2821.00	2820.00	2819.50	2818.75	2818.00	2817.25	2817.00	2816.00	2816.00	2815.50	2815.00	2815.00	2814.75	2814.00	2814.00	2814.00	2814.00	2814.00	2813.50	2813.00	2812.50	2812.25	2811.50	2811.00	2810.25	2809.75	2808.75	2808.25	2807.00	2807.00	2806.00	2805.75	2805.00	2804.75	2804.25	2804.00	2803.50	2803.00	2803.00	2803.00	2802.50	2802.00	2802.00	2801.50	2801.00	2801.00	2800.25	2800.00	2799.25	2798.75	2798.25	2797.50	2796.75	2796.00	2795.50	2795.00	2794.50	2794.00	2793.50	2793.00	2792.50	2791.50	2791.00	2790.50	2789.50	2789.25	2788.50	2788.00	2787.00	2786.50	2785.25	2784.50	2783.75	2782.50	2781.50	2781.00	2780.00	2779.50	2779.00	2778.25	2777.75	2777.25	2777.00	2776.50	2776.00	2776.00	2775.50	2775.50	2775.75	2776.00	2776.00	2776.50	2776.50	2776.50	2776.50	2776.50	2776.50	2776.50	2776.50	2776.50	2776.00	2776.00	2775.50	2775.25	2774.75	2774.25	2773.75	2773.50	2773.00	2772.25	2771.50	2770.75	2770.00	2769.50	2768.50	2768.00	2767.00	2766.00	2765.25	2764.75	2763.25	2762.75	2761.50	2760.50	2759.25	2758.75	2757.00	2756.25	2755.50	2754.00	2753.00	2752.00	2751.00	2750.00	2749.50	2748.75	2747.50	2747.00	2746.50	2746.00	2745.50	2745.50	2744.50	2744.25	2743.75	2743.50	2742.50	2742.50	2742.00	2741.50	2741.25	2741.00	2740.25	2739.75	2739.50	2739.00	2738.25	2737.50	2737.00	2736.50	2736.00	2735.50	2734.50	2733.50	2733.50	2732.50	2732.25	2731.50	2731.00	2730.50
2848.00	2848.00	2848.00	2848.00	2848.00	2848.00	2847.00	2847.00	2846.50	2846.00	2846.00	2846.00	2845.00	2845.00	2845.00	2844.00	2844.00	2843.50	2843.00	2842.50	2842.00	2842.00	2841.00	2841.00	2841.00	2841.00	2840.50	2840.00	2840.00	2840.00	2840.00	2840.00	2840.00	2839.50	2839.00	2839.00	2839.00	2839.00	2839.00	2838.00	2838.00	2838.00	2837.50	2837.00	2836.50	2836.00	2836.00	2835.00	2834.50	2833.50	2833.00	2832.50	2832.00	2831.00	2831.00	2830.00	2830.00	2829.50	2829.00	2828.00	2828.00	2827.00	2827.00	2827.00	2827.00	2827.00	2827.00	2827.00	2827.00	2827.00	2827.00	2828.00	2828.00	2827.50	2827.00	2827.00	2827.00	2827.00	2826.50	2826.00	2825.50	2824.50	2824.00	2823.00	2823.00	2821.50	2821.00	2820.00	2819.50	2818.50	2818.00	2817.00	2817.00	2816.00	2816.00	2815.50	2815.00	2815.00	2815.00	2814.00	2814.00	2814.00	2814.00	2814.00	2813.50	2813.00	2812.00	2812.00	2811.00	2810.50	2810.00	2809.50	2808.50	2808.00	2807.00	2807.00	2806.00	2805.50	2805.00	2804.50	2804.00	2804.00	2803.50	2803.00	2803.00	2803.00	2802.50	2802.00	2802.00	2801.50	2801.00	2801.00	2800.00	2800.00	2799.00	2798.50	2798.00	2797.00	2796.50	2796.00	2795.00	2794.50	2794.00	2793.50	2793.00	2792.50	2792.00	2791.00	2790.50	2790.00	2789.00	2789.00	2788.00	2788.00	2786.50	2786.00	2785.00	2784.50	2783.50	2782.50	2781.50	2781.00	2780.00	2779.50	2779.00	2778.50	2778.00	2777.50	2777.00	2777.00	2776.00	2776.00	2776.00	2776.00	2776.50	2777.00	2777.00	2777.00	2777.00	2777.00	2777.00	2777.00	2777.00	2777.00	2777.00	2777.00	2776.00	2776.00	2776.00	2775.50	2775.00	2774.50	2774.00	2774.00	2773.00	2772.50	2772.00	2771.00	2770.50	2770.00	2769.00	2768.50	2768.00	2766.50	2766.00	2765.50	2764.00	2763.50	2762.00	2761.00	2759.50	2759.00	2757.50	2756.50	2755.50	2754.00	2753.00	2752.00	2751.00	2750.00	2749.50	2748.50	2747.00	2746.50	2746.00	2746.00	2745.00	2745.00	2744.00	2743.50	2743.00	2743.00	2742.00	2742.00	2741.00	2741.00	2740.50	2740.00	2739.50	2739.00	2739.00	2738.00	2737.50	2737.00	2736.50	2736.00	2735.50	2735.00	2734.00	2733.00	2733.00	2732.00	2732.00	2731.00	2730.50	2730.00
2848.00	2848.00	2848.00	2848.00	2848.00	2848.00	2847.00	2847.00	2846.50	2846.00	2846.00	2846.00	2845.00	2845.00	2845.00	2844.00	2844.00	2843.50	2843.00	2842.50	2842.00	2842.00	2841.00	2841.00	2841.00	2841.00	2840.50	2840.00	2840.00	2840.00	2840.00	2840.00	2840.00	2839.50	2839.00	2839.00	2839.00	2839.00	2839.00	2838.00	2838.00	2838.00	2837.50	2837.00	2836.50	2836.00	2836.00	2835.00	2834.50	2833.50	2833.00	2832.50	2832.00	2831.00	2831.00	2830.00	2830.00	2829.50	2829.00	2828.00	2828.00	2827.00	2827.00	2827.00	2827.00	2827.00	2827.00	2827.00	2827.00	2827.00	2827.00	2828.00	2828.00	2827.50	2827.00	2827.00	2827.00	2827.00	2826.50	2826.00	2825.50	2824.50	2824.00	2823.00	2823.00	2821.50	2821.00	2820.00	2819.50	2818.50	2818.00	2817.00	2817.00	2816.00	2816.00	2815.50	2815.00	2815.00	2815.00	2814.00	2814.00	2814.00	2814.00	2814.00	2813.50	2813.00	2812.00	2812.00	2811.00	2810.50	2810.00	2809.50	2808.50	2808.00	2807.00	2807.00	2806.00	2805.50	2805.00	2804.50	2804.00	2804.00	2803.50	2803.00	2803.00	2803.00	2802.50	2802.00	2802.00	2801.50	2801.00	2801.00	2800.00	2800.00	2799.00	2798.50	2798.00	2797.00	2796.50	2796.00	2795.00	2794.50	2794.00	2793.50	2793.00	2792.50	2792.00	2791.00	2790.50	2790.00	2789.00	2789.00	2788.00	2788.00	2786.50	2786.00	2785.00	2784.50	2783.50	2782.50	2781.50	2781.00	2780.00	2779.50	2779.00	2778.50	2778.00	2777.50	2777.00	2777.00	2776.00	2776.00	2776.00	2776.00	2776.50	2777.00	2777.00	2777.00	2777.00	2777.00	2777.00	2777.00	2777.00	2777.00	2777.00	2777.00	2776.00	2776.00	2776.00	2775.50	2775.00	2774.50	2774.00	2774.00	2773.00	2772.50	2772.00	2771.00	2770.50	2770.00	2769.00	2768.50	2768.00	2766.50	2766.00	2765.50	2764.00	2763.50	2762.00	2761.00	2759.50	2759.00	2757.50	2756.50	2755.50	2754.00	2753.00	2752.00	2751.00	2750.00	2749.50	2748.50	2747.00	2746.50	2746.00	2746.00	2745.00	2745.00	2744.00	2743.50	2743.00	2743.00	2742.00	2742.00	2741.00	2741.00	2740.50	2740.00	2739.50	2739.00	2739.00	2738.00	2737.50	2737.00	2736.50	2736.00	2735.50	2735.00	2734.00	2733.00	2733.00	2732.00	2732.00	2731.00	2730.50	2730.00
2848.00	2848.00	2848.00	2848.00	2848.00	2848.00	2847.00	2847.00	2846.50	2846.00	2846.00	2846.00	2845.00	2845.00	2845.00	2844.00	2844.00	2843.50	2843.00	2842.50	2842.00	2842.00	2841.00	2841.00	2841.00	2841.00	2840.50	2840.00	2840.00	2840.00	2840.00	2840.00	2840.00	2839.50	2839.00	2839.00	2839.00	2839.00	2839.00	2838.00	2838.00	2838.00	2837.50	2837.00	2836.50	2836.00	2836.00	2835.00	2834.50	2833.50	2833.00	2832.50	2832.00	2831.00	2831.00	2830.00	2830.00	2829.50	2829.00	2828.00	2828.00	2827.00	2827.00	2827.00	2827.00	2827.00	2827.00	2827.00	2827.00	2827.00	2827.00	2828.00	2828.00	2827.50	2827.00	2827.00	2827.00	2827.00	2826.50	2826.00	2825.50	2824.50	2824.00	2823.00	2823.00	2821.50	2821.00	2820.00	2819.50	2818.50	2818.00	2817.00	2817.00	2816.00	2816.00	2815.50	2815.00	2815.00	2815.00	2814.00	2814.00	2814.00	2814.00	2814.00	2813.50	2813.00	2812.00	2812.00	2811.00	2810.50	2810.00	2809.50	2808.50	2808.00	2807.00	2807.00	2806.00	2805.50	2805.00	2804.50	2804.00	2804.00	2803.50	2803.00	2803.00	2803.00	2802.50	2802.00	2802.00	2801.50	2801.00	2801.00	2800.00	2800.00	2799.00	2798.50	2798.00	2797.00	2796.50	2796.00	2795.00	2794.50	2794.00	2793.50	2793.00	2792.50	2792.00	2791.00	2790.50	2790.00	2789.00	2789.00	2788.00	2788.00	2786.50	2786.00	2785.00	2784.50	2783.50	2782.50	2781.50	2781.00	2780.00	2779.50	2779.00	2778.50	2778.00	2777.50	2777.00	2777.00	2776.00	2776.00	2776.00	2776.00	2776.50	2777.00	2777.00	2777.00	2777.00	2777.00	2777.00	2777.00	2777.00	2777.00	2777.00	2777.00	2776.00	2776.00	2776.00	2775.50	2775.00	2774.50	2774.00	2774.00	2773.00	2772.50	2772.00	2771.00	2770.50	2770.00	2769.00	2768.50	2768.00	2766.50	2766.00	2765.50	2764.00	2763.50	2762.00	2761.00	2759.50	2759.00	2757.50	2756.50	2755.50	2754.00	2753.00	2752.00	2751.00	2750.00	2749.50	2748.50	2747.00	2746.50	2746.00	2746.00	2745.00	2745.00	2744.00	2743.50	2743.00	2743.00	2742.00	2742.00	2741.00	2741.00	2740.50	2740.00	2739.50	2739.00	2739.00	2738.00	2737.50	2737.00	2736.50	2736.00	2735.50	2735.00	2734.00	2733.00	2733.00	2732.00	2732.00	2731.00	2730.50	2730.00
2848.50	2848.25	2848.00	2848.00	2848.00	2848.00	2847.00	2847.00	2846.25	2846.00	2846.00	2845.50	2845.00	2845.00	2844.50	2844.00	2843.75	2843.25	2842.75	2842.25	2841.50	2841.50	2841.00	2841.00	2840.50	2840.50	2840.25	2840.00	2839.50	2839.50	2839.50	2839.50	2839.50	2839.25	2838.75	2838.50	2838.50	2838.50	2838.50	2838.00	2837.75	2837.50	2837.25	2836.50	2836.25	2835.50	2835.50	2834.75	2834.25	2833.25	2832.75	2832.25	2831.50	2830.75	2830.50	2830.00	2829.50	2829.25	2828.50	2828.00	2828.00	2827.00	2827.00	2827.00	2827.00	2827.00	2827.00	2827.00	2827.00	2827.00	2827.00	2827.50	2827.50	2827.25	2827.00	2826.75	2826.50	2826.50	2826.25	2825.75	2825.00	2824.25	2823.75	2822.50	2822.50	2821.25	2820.50	2819.75	2819.25	2818.50	2818.00	2817.00	2816.50	2816.00	2816.00	2815.75	2815.25	2815.00	2815.00	2814.50	2814.50	2814.25	2814.00	2814.00	2813.50	2813.00	2812.50	2812.00	2811.00	2810.50	2809.75	2809.25	2808.25	2808.00	2807.00	2807.00	2806.25	2805.75	2805.00	2804.75	2804.50	2804.00	2803.75	2803.50	2803.50	2803.25	2802.75	2802.50	2802.25	2801.75	2801.00	2801.00	2800.25	2800.00	2799.00	2798.75	2798.25	2797.50	2796.50	2796.00	2795.00	2794.25	2793.75	2793.00	2792.25	2791.75	2791.00	2790.25	2789.75	2789.00	2788.50	2788.25	2787.50	2787.00	2786.00	2785.50	2784.50	2784.00	2783.00	2782.25	2781.50	2781.00	2780.50	2779.75	2779.25	2778.75	2778.50	2778.25	2777.50	2777.50	2777.00	2777.00	2777.00	2777.00	2777.25	2777.50	2777.50	2777.50	2777.50	2777.50	2777.50	2777.50	2777.50	2777.50	2777.50	2777.50	2776.50	2776.50	2776.25	2775.75	2775.25	2774.75	2774.25	2774.00	2773.00	2772.50	2772.00	2771.00	2770.50	2770.00	2769.00	2768.50	2768.00	2766.75	2766.25	2765.50	2764.25	2763.50	2762.00	2761.50	2760.00	2759.25	2757.50	2756.50	2755.75	2754.50	2753.50	2752.00	2751.00	2749.75	2749.25	2748.50	2747.00	2746.50	2746.00	2745.50	2744.75	2744.50	2743.50	2743.25	2742.75	2742.50	2742.00	2741.50	2741.00	2740.50	2740.00	2739.50	2739.00	2738.50	2738.00	2737.50	2737.00	2736.50	2736.00	2735.50	2735.00	2734.50	2733.50	2732.50	2732.50	2731.75	2731.50	2731.00	2730.50	2730.00
2849.00	2848.50	2848.00	2848.00	2848.00	2848.00	2847.00	2847.00	2846.00	2846.00	2846.00	2845.00	2845.00	2845.00	2844.00	2844.00	2843.50	2843.00	2842.50	2842.00	2841.00	2841.00	2841.00	2841.00	2840.00	2840.00	2840.00	2840.00	2839.00	2839.00	2839.00	2839.00	2839.00	2839.00	2838.50	2838.00	2838.00	2838.00	2838.00	2838.00	2837.50	2837.00	2837.00	2836.00	2836.00	2835.00	2835.00	2834.50	2834.00	2833.00	2832.50	2832.00	2831.00	2830.50	2830.00	2830.00	2829.00	2829.00	2828.00	2828.00	2828.00	2827.00	2827.00	2827.00	2827.00	2827.00	2827.00	2827.00	2827.00	2827.00	2827.00	2827.00	2827.00	2827.00	2827.00	2826.50	2826.00	2826.00	2826.00	2825.50	2824.50	2824.00	2823.50	2822.00	2822.00	2821.00	2820.00	2819.50	2819.00	2818.50	2818.00	2817.00	2816.00	2816.00	2816.00	2816.00	2815.50	2815.00	2815.00	2815.00	2815.00	2814.50	2814.00	2814.00	2813.50	2813.00	2813.00	2812.00	2811.00	2810.50	2809.50	2809.00	2808.00	2808.00	2807.00	2807.00	2806.50	2806.00	2805.00	2805.00	2805.00	2804.00	2804.00	2804.00	2804.00	2803.50	2803.00	2803.00	2802.50	2802.00	2801.00	2801.00	2800.50	2800.00	2799.00	2799.00	2798.50	2798.00	2796.50	2796.00	2795.00	2794.00	2793.50	2792.50	2791.50	2791.00	2790.00	2789.50	2789.00	2788.00	2788.00	2787.50	2787.00	2786.00	2785.50	2785.00	2784.00	2783.50	2782.50	2782.00	2781.50	2781.00	2781.00	2780.00	2779.50	2779.00	2779.00	2779.00	2778.00	2778.00	2778.00	2778.00	2778.00	2778.00	2778.00	2778.00	2778.00	2778.00	2778.00	2778.00	2778.00	2778.00	2778.00	2778.00	2778.00	2778.00	2777.00	2777.00	2776.50	2776.00	2775.50	2775.00	2774.50	2774.00	2773.00	2772.50	2772.00	2771.00	2770.50	2770.00	2769.00	2768.50	2768.00	2767.00	2766.50	2765.50	2764.50	2763.50	2762.00	2762.00	2760.50	2759.50	2757.50	2756.50	2756.00	2755.00	2754.00	2752.00	2751.00	2749.50	2749.00	2748.50	2747.00	2746.50	2746.00	2745.00	2744.50	2744.00	2743.00	2743.00	2742.50	2742.00	2742.00	2741.00	2741.00	2740.00	2739.50	2739.00	2738.50	2738.00	2737.00	2737.00	2736.50	2736.00	2735.50	2735.00	2734.50	2734.00	2733.00	2732.00	2732.00	2731.50	2731.00	2731.00	2730.50	2730.00
2849.00	2848.50	2848.00	2848.00	2848.00	2848.00	2847.00	2847.00	2846.00	2846.00	2846.00	2845.00	2845.00	2845.00	2844.00	2844.00	2843.50	2843.00	2842.50	2842.00	2841.00	2841.00	2841.00	2841.00	2840.00	2840.00	2840.00	2840.00	2839.00	2839.00	2839.00	2839.00	2839.00	2839.00	2838.50	2838.00	2838.00	2838.00	2838.00	2838.00	2837.50	2837.00	2837.00	2836.00	2836.00	2835.00	2835.00	2834.50	2834.00	2833.00	2832.50	2832.00	2831.00	2830.50	2830.00	2830.00	2829.00	2829.00	2828.00	2828.00	2828.00	2827.00	2827.00	2827.00	2827.00	2827.00	2827.00	2827.00	2827.00	2827.00	2827.00	2827.00	2827.00	2827.00	2827.00	2826.50	2826.00	2826.00	2826.00	2825.50	2824.50	2824.00	2823.50	2822.00	2822.00	2821.00	2820.00	2819.50	2819.00	2818.50	2818.00	2817.00	2816.00	2816.00	2816.00	2816.00	2815.50	2815.00	2815.00	2815.00	2815.00	2814.50	2814.00	2814.00	2813.50	2813.00	2813.00	2812.00	2811.00	2810.50	2809.50	2809.00	2808.00	2808.00	2807.00	2807.00	2806.50	2806.00	2805.00	2805.00	2805.00	2804.00	2804.00	2804.00	2804.00	2803.50	2803.00	2803.00	2802.50	2802.00	2801.00	2801.00	2800.50	2800.00	2799.00	2799.00	2798.50	2798.00	2796.50	2796.00	2795.00	2794.00	2793.50	2792.50	2791.50	2791.00	2790.00	2789.50	2789.00	2788.00	2788.00	2787.50	2787.00	2786.00	2785.50	2785.00	2784.00	2783.50	2782.50	2782.00	2781.50	2781.00	2781.00	2780.00	2779.50	2779.00	2779.00	2779.00	2778.00	2778.00	2778.00	2778.00	2778.00	2778.00	2778.00	2778.00	2778.00	2778.00	2778.00	2778.00	2778.00	2778.00	2778.00	2778.00	2778.00	2778.00	2777.00	2777.00	2776.50	2776.00	2775.50	2775.00	2774.50	2774.00	2773.00	2772.50	2772.00	2771.00	2770.50	2770.00	2769.00	2768.50	2768.00	2767.00	2766.50	2765.50	2764.50	2763.50	2762.00	2762.00	2760.50	2759.50	2757.50	2756.50	2756.00	2755.00	2754.00	2752.00	2751.00	2749.50	2749.00	2748.50	2747.00	2746.50	2746.00	2745.00	2744.50	2744.00	2743.00	2743.00	2742.50	2742.00	2742.00	2741.00	2741.00	2740.00	2739.50	2739.00	2738.50	2738.00	2737.00	2737.00	2736.50	2736.00	2735.50	2735.00	2734.50	2734.00	2733.00	2732.00	2732.00	2731.50	2731.00	2731.00	2730.50	2730.00
2849.00	2848.50	2848.00	2848.00	2848.00	2848.00	2847.00	2847.00	2846.00	2846.00	2846.00	2845.00	2845.00	2845.00	2844.00	2844.00	2843.50	2843.00	2842.50	2842.00	2841.00	2841.00	2841.00	2841.00	2840.00	2840.00	2840.00	2840.00	2839.00	2839.00	2839.00	2839.00	2839.00	2839.00	2838.50	2838.00	2838.00	2838.00	2838.00	2838.00	2837.50	2837.00	2837.00	2836.00	2836.00	2835.00	2835.00	2834.50	2834.00	2833.00	2832.50	2832.00	2831.00	2830.50	2830.00	2830.00	2829.00	2829.00	2828.00	2828.00	2828.00	2827.00	2827.00	2827.00	2827.00	2827.00	2827.00	2827.00	2827.00	2827.00	2827.00	2827.00	2827.00	2827.00	2827.00	2826.50	2826.00	2826.00	2826.00	2825.50	2824.50	2824.00	2823.50	2822.00	2822.00	2821.00	2820.00	2819.50	2819.00	2818.50	2818.00	2817.00	2816.00	2816.00	2816.00	2816.00	2815.50	2815.00	2815.00	2815.00	2815.00	2814.50	2814.00	2814.00	2813.50	2813.00	2813.00	2812.00	2811.00	2810.50	2809.50	2809.00	2808.00	2808.00	2807.00	2807.00	2806.50	2806.00	2805.00	2805.00	2805.00	2804.00	2804.00	2804.00	2804.00	2803.50	2803.00	2803.00	2802.50	2802.00	2801.00	2801.00	2800.50	2800.00	2799.00	2799.00	2798.50	2798.00	2796.50	2796.00	2795.00	2794.00	2793.50	2792.50	2791.50	2791.00	2790.00	2789.50	2789.00	2788.00	2788.00	2787.50	2787.00	2786.00	2785.50	2785.00	2784.00	2783.50	2782.50	2782.00	2781.50	2781.00	2781.00	2780.00	2779.50	2779.00	2779.00	2779.00	2778.00	2778.00	2778.00	2778.00	2778.00	2778.00	2778.00	2778.00	2778.00	2778.00	2778.00	2778.00	2778.00	2778.00	2778.00	2778.00	2778.00	2778.00	2777.00	2777.00	2776.50	2776.00	2775.50	2775.00	2774.50	2774.00	2773.00	2772.50	2772.00	2771.00	2770.50	2770.00	2769.00	2768.50	2768.00	2767.00	2766.50	2765.50	2764.50	2763.50	2762.00	2762.00	2760.50	2759.50	2757.50	2756.50	2756.00	2755.00	2754.00	2752.00	2751.00	2749.50	2749.00	2748.50	2747.00	2746.50	2746.00	2745.00	2744.50	2744.00	2743.00	2743.00	2742.50	2742.00	2742.00	2741.00	2741.00	2740.00	2739.50	2739.00	2738.50	2738.00	2737.00	2737.00	2736.50	2736.00	2735.50	2735.00	2734.50	2734.00	2733.00	2732.00	2732.00	2731.50	2731.00	2731.00	2730.50	2730.00
2849.00	2848.75	2848.50	2848.25	2848.00	2848.00	2847.50	2847.00	2846.50	2846.25	2846.00	2845.00	2845.00	2845.00	2844.00	2844.00	2843.50	2842.75	2842.25	2842.00	2841.00	2841.00	2841.00	2840.50	2840.00	2840.00	2839.75	2839.50	2839.00	2839.00	2839.00	2839.00	2838.75	2838.50	2838.25	2838.00	2838.00	2838.00	2837.75	2837.50	2837.25	2836.75	2836.50	2836.00	2835.50	2835.00	2834.50	2834.00	2833.50	2832.75	2832.25	2832.00	2831.00	2830.50	2830.00	2829.50	2829.00	2828.75	2828.00	2828.00	2827.75	2827.00	2827.00	2827.00	2826.75	2826.50	2826.50	2826.50	2826.50	2826.50	2826.50	2826.50	2826.50	2826.50	2826.50	2826.00	2825.50	2825.50	2825.50	2825.00	2824.00	2823.50	2823.00	2822.00	2821.50	2820.75	2820.00	2819.50	2819.00	2818.50	2818.00	2817.00	2816.00	2816.00	2816.00	2816.00	2815.75	2815.25	2815.00	2815.00	2815.00	2814.75	2814.50	2814.25	2813.75	2813.00	2813.00	2812.25	2811.50	2810.75	2810.00	2809.50	2808.50	2808.25	2807.50	2807.00	2806.75	2806.25	2805.50	2805.25	2805.00	2804.50	2804.25	2804.00	2804.00	2803.75	2803.50	2803.25	2802.75	2802.25	2801.50	2801.50	2800.75	2800.00	2799.25	2799.00	2798.50	2798.00	2796.50	2795.50	2795.00	2793.75	2793.00	2792.00	2791.25	2790.75	2789.50	2789.00	2788.25	2787.50	2787.25	2786.75	2786.50	2785.50	2785.25	2784.50	2783.75	2783.25	2782.75	2782.00	2781.75	2781.50	2781.00	2780.50	2780.25	2780.00	2780.00	2780.00	2779.00	2779.00	2779.00	2779.00	2779.00	2779.00	2779.00	2779.00	2779.00	2779.00	2779.00	2779.00	2779.00	2778.75	2778.50	2778.50	2778.50	2778.25	2777.50	2777.50	2776.75	2776.25	2775.50	2775.00	2774.50	2774.00	2773.00	2772.25	2771.50	2770.75	2770.25	2769.75	2769.00	2768.50	2767.50	2766.75	2766.25	2765.50	2764.25	2763.50	2762.00	2761.50	2760.50	2759.50	2757.75	2757.00	2756.25	2755.00	2754.00	2752.00	2751.50	2750.00	2749.25	2748.50	2747.25	2746.50	2745.50	2745.00	2744.25	2744.00	2743.00	2742.75	2742.25	2741.50	2741.50	2740.50	2740.50	2739.50	2739.25	2738.75	2738.00	2737.50	2736.50	2736.50	2736.00	2735.50	2735.00	2734.50	2734.00	2733.50	2732.75	2732.00	2732.00	2731.50	2731.00	2730.75	2730.25	2730.00
2849.00	2849.00	2849.00	2848.50	2848.00	2848.00	2848.00	2847.00	2847.00	2846.50	2846.00	2845.00	2845.00	2845.00	2844.00	2844.00	2843.50	2842.50	2842.00	2842.00	2841.00	2841.00	2841.00	2840.00	2840.00	2840.00	2839.50	2839.00	2839.00	2839.00	2839.00	2839.00	2838.50	2838.00	2838.00	2838.00	2838.00	2838.00	2837.50	2837.00	2837.00	2836.50	2836.00	2836.00	2835.00	2835.00	2834.00	2833.50	2833.00	2832.50	2832.00	2832.00	2831.00	2830.50	2830.00	2829.00	2829.00	2828.50	2828.00	2828.00	2827.50	2827.00	2827.00	2827.00	2826.50	2826.00	2826.00	2826.00	2826.00	2826.00	2826.00	2826.00	2826.00	2826.00	2826.00	2825.50	2825.00	2825.00	2825.00	2824.50	2823.50	2823.00	2822.50	2822.00	2821.00	2820.50	2820.00	2819.50	2819.00	2818.50	2818.00	2817.00	2816.00	2816.00	2816.00	2816.00	2816.00	2815.50	2815.00	2815.00	2815.00	2815.00	2815.00	2814.50	2814.00	2813.00	2813.00	2812.50	2812.00	2811.00	2810.50	2810.00	2809.00	2808.50	2808.00	2807.00	2807.00	2806.50	2806.00	2805.50	2805.00	2805.00	2804.50	2804.00	2804.00	2804.00	2804.00	2803.50	2803.00	2802.50	2802.00	2802.00	2801.00	2800.00	2799.50	2799.00	2798.50	2798.00	2796.50	2795.00	2795.00	2793.50	2792.50	2791.50	2791.00	2790.50	2789.00	2788.50	2787.50	2787.00	2786.50	2786.00	2786.00	2785.00	2785.00	2784.00	2783.50	2783.00	2783.00	2782.00	2782.00	2782.00	2781.00	2781.00	2781.00	2781.00	2781.00	2781.00	2780.00	2780.00	2780.00	2780.00	2780.00	2780.00	2780.00	2780.00	2780.00	2780.00	2780.00	2780.00	2780.00	2779.50	2779.00	2779.00	2779.00	2778.50	2778.00	2778.00	2777.00	2776.50	2775.50	2775.00	2774.50	2774.00	2773.00	2772.00	2771.00	2770.50	2770.00	2769.50	2769.00	2768.50	2767.00	2766.50	2766.00	2765.50	2764.00	2763.50	2762.00	2761.00	2760.50	2759.50	2758.00	2757.50	2756.50	2755.00	2754.00	2752.00	2752.00	2750.50	2749.50	2748.50	2747.50	2746.50	2745.00	2745.00	2744.00	2744.00	2743.00	2742.50	2742.00	2741.00	2741.00	2740.00	2740.00	2739.00	2739.00	2738.50	2737.50	2737.00	2736.00	2736.00	2735.50	2735.00	2734.50	2734.00	2733.50	2733.00	2732.50	2732.00	2732.00	2731.50	2731.00	2730.50	2730.00	2730.00
2849.00	2849.00	2849.00	2848.50	2848.00	2848.00	2848.00	2847.00	2847.00	2846.50	2846.00	2845.00	2845.00	2845.00	2844.00	2844.00	2843.50	2842.50	2842.00	2842.00	2841.00	2841.00	2841.00	2840.00	2840.00	2840.00	2839.50	2839.00	2839.00	2839.00	2839.00	2839.00	2838.50	2838.00	2838.00	2838.00	2838.00	2838.00	2837.50	2837.00	2837.00	2836.50	2836.00	2836.00	2835.00	2835.00	2834.00	2833.50	2833.00	2832.50	2832.00	2832.00	2831.00	2830.50	2830.00	2829.00	2829.00	2828.50	2828.00	2828.00	2827.50	2827.00	2827.00	2827.00	2826.50	2826.00	2826.00	2826.00	2826.00	2826.00	2826.00	2826.00	2826.00	2826.00	2826.00	2825.50	2825.00	2825.00	2825.00	2824.50	2823.50	2823.00	2822.50	2822.00	2821.00	2820.50	2820.00	2819.50	2819.00	2818.50	2818.00	2817.00	2816.00	2816.00	2816.00	2816.00	2816.00	2815.50	2815.00	2815.00	2815.00	2815.00	2815.00	2814.50	2814.00	2813.00	2813.00	2812.50	2812.00	2811.00	2810.50	2810.00	2809.00	2808.50	2808.00	2807.00	2807.00	2806.50	2806.00	2805.50	2805.00	2805.00	2804.50	2804.00	2804.00	2804.00	2804.00	2803.50	2803.00	2802.50	2802.00	2802.00	2801.00	2800.00	2799.50	2799.00	2798.50	2798.00	2796.50	2795.00	2795.00	2793.50	2792.50	2791.50	2791.00	2790.50	2789.00	2788.50	2787.50	2787.00	2786.50	2786.00	2786.00	2785.00	2785.00	2784.00	2783.50	2783.00	2783.00	2782.00	2782.00	2782.00	2781.00	2781.00	2781.00	2781.00	2781.00	2781.00	2780.00	2780.00	2780.00	2780.00	2780.00	2780.00	2780.00	2780.00	2780.00	2780.00	2780.00	2780.00	2780.00	2779.50	2779.00	2779.00	2779.00	2778.50	2778.00	2778.00	2777.00	2776.50	2775.50	2775.00	2774.50	2774.00	2773.00	2772.00	2771.00	2770.50	2770.00	2769.50	2769.00	2768.50	2767.00	2766.50	2766.00	2765.50	2764.00	2763.50	2762.00	2761.00	2760.50	2759.50	2758.00	2757.50	2756.50	2755.00	2754.00	2752.00	2752.00	2750.50	2749.50	2748.50	2747.50	2746.50	2745.00	2745.00	2744.00	2744.00	2743.00	2742.50	2742.00	2741.00	2741.00	2740.00	2740.00	2739.00	2739.00	2738.50	2737.50	2737.00	2736.00	2736.00	2735.50	2735.00	2734.50	2734.00	2733.50	2733.00	2732.50	2732.00	2732.00	2731.50	2731.00	2730.50	2730.00	2730.00
2849.00	2849.00	2849.00	2848.50	2848.00	2848.00	2848.00	2847.00	2847.00	2846.50	2846.00	2845.00	2845.00	2845.00	2844.00	2844.00	2843.50	2842.50	2842.00	2842.00	2841.00	2841.00	2841.00	2840.00	2840.00	2840.00	2839.50	2839.00	2839.00	2839.00	2839.00	2839.00	2838.50	2838.00	2838.00	2838.00	2838.00	2838.00	2837.50	2837.00	2837.00	2836.50	2836.00	2836.00	2835.00	2835.00	2834.00	2833.50	2833.00	2832.50	2832.00	2832.00	2831.00	2830.50	2830.00	2829.00	2829.00	2828.50	2828.00	2828.00	2827.50	2827.00	2827.00	2827.00	2826.50	2826.00	2826.00	2826.00	2826.00	2826.00	2826.00	2826.00	2826.00	2826.00	2826.00	2825.50	2825.00	2825.00	2825.00	2824.50	2823.50	2823.00	2822.50	2822.00	2821.00	2820.50	2820.00	2819.50	2819.00	2818.50	2818.00	2817.00	2816.00	2816.00	2816.00	2816.00	2816.00	2815.50	2815.00	2815.00	2815.00	2815.00	2815.00	2814.50	2814.00	2813.00	2813.00	2812.50	2812.00	2811.00	2810.50	2810.00	2809.00	2808.50	2808.00	2807.00	2807.00	2806.50	2806.00	2805.50	2805.00	2805.00	2804.50	2804.00	2804.00	2804.00	2804.00	2803.50	2803.00	2802.50	2802.00	2802.00	2801.00	2800.00	2799.50	2799.00	2798.50	2798.00	2796.50	2795.00	2795.00	2793.50	2792.50	2791.50	2791.00	2790.50	2789.00	2788.50	2787.50	2787.00	2786.50	2786.00	2786.00	2785.00	2785.00	2784.00	2783.50	2783.00	2783.00	2782.00	2782.00	2782.00	2781.00	2781.00	2781.00	2781.00	2781.00	2781.00	2780.00	2780.00	2780.00	2780.00	2780.00	2780.00	2780.00	2780.00	2780.00	2780.00	2780.00	2780.00	2780.00	2779.50	2779.00	2779.00	2779.00	2778.50	2778.00	2778.00	2777.00	2776.50	2775.50	2775.00	2774.50	2774.00	2773.00	2772.00	2771.00	2770.50	2770.00	2769.50	2769.00	2768.50	2767.00	2766.50	2766.00	2765.50	2764.00	2763.50	2762.00	2761.00	2760.50	2759.50	2758.00	2757.50	2756.50	2755.00	2754.00	2752.00	2752.00	2750.50	2749.50	2748.50	2747.50	2746.50	2745.00	2745.00	2744.00	2744.00	2743.00	2742.50	2742.00	2741.00	2741.00	2740.00	2740.00	2739.00	2739.00	2738.50	2737.50	2737.00	2736.00	2736.00	2735.50	2735.00	2734.50	2734.00	2733.50	2733.00	2732.50	2732.00	2732.00	2731.50	2731.00	2730.50	2730.00	2730.00
2849.00	2849.00	2849.00	2848.75	2848.00	2848.00	2848.00	2847.00	2847.00	2846.50	2846.00	2845.50	2845.00	2845.00	2844.00	2843.75	2843.25	2842.50	2842.00	2842.00	2841.00	2841.00	2841.00	2840.00	2840.00	2840.00	2839.50	2839.00	2839.00	2839.00	2839.00	2839.00	2838.50	2838.00	2838.00	2838.00	2838.00	2838.00	2837.25	2837.00	2836.50	2836.25	2836.00	2836.00	2835.00	2834.50	2834.00	2833.25	2832.75	2832.25	2831.75	2831.50	2830.50	2830.25	2829.75	2829.00	2828.75	2828.25	2828.00	2827.50	2827.25	2826.50	2826.50	2826.50	2826.25	2825.75	2825.50	2825.50	2825.50	2825.50	2825.50	2825.50	2825.50	2825.25	2825.00	2824.75	2824.50	2824.50	2824.25	2823.75	2823.00	2822.50	2822.00	2821.50	2820.50	2820.25	2819.50	2819.25	2818.75	2818.25	2817.50	2817.00	2816.00	2816.00	2816.00	2816.00	2816.00	2815.50	2815.00	2815.00	2815.00	2815.00	2815.00	2814.25	2814.00	2813.50	2813.50	2812.75	2812.00	2811.50	2811.00	2810.50	2809.50	2809.00	2808.00	2807.50	2807.25	2806.75	2806.25	2805.75	2805.50	2805.00	2804.75	2804.50	2804.50	2804.25	2804.00	2803.75	2803.25	2802.75	2802.00	2802.00	2801.00	2800.00	2799.50	2799.00	2798.50	2797.50	2796.50	2795.00	2794.50	2793.50	2792.50	2791.25	2790.75	2790.00	2788.50	2788.00	2787.25	2786.50	2786.00	2785.50	2785.50	2784.50	2784.50	2784.00	2783.25	2783.00	2783.00	2782.50	2782.50	2782.00	2781.50	2781.50	2781.50	2781.50	2781.50	2781.50	2781.00	2781.00	2781.00	2781.00	2781.00	2781.00	2781.00	2781.00	2781.00	2781.00	2780.50	2780.50	2780.50	2780.25	2779.75	2779.50	2779.00	2778.50	2777.50	2777.50	2776.50	2776.00	2775.00	2774.50	2774.00	2773.00	2772.50	2771.50	2770.50	2769.75	2769.50	2769.00	2768.50	2767.75	2766.50	2766.00	2765.50	2765.00	2763.50	2763.00	2762.00	2761.00	2760.25	2759.50	2758.00	2757.50	2756.50	2755.00	2754.50	2752.50	2752.00	2750.75	2750.00	2749.00	2748.00	2747.00	2746.00	2745.50	2744.50	2744.25	2743.25	2742.75	2742.25	2741.50	2741.00	2740.00	2740.00	2739.00	2738.75	2738.25	2737.25	2736.75	2736.00	2736.00	2735.25	2735.00	2734.25	2734.00	2733.50	2733.00	2732.50	2732.00	2732.00	2731.50	2731.00	2730.25	2730.00	2729.75
2849.00	2849.00	2849.00	2849.00	2848.00	2848.00	2848.00	2847.00	2847.00	2846.50	2846.00	2846.00	2845.00	2845.00	2844.00	2843.50	2843.00	2842.50	2842.00	2842.00	2841.00	2841.00	2841.00	2840.00	2840.00	2840.00	2839.50	2839.00	2839.00	2839.00	2839.00	2839.00	2838.50	2838.00	2838.00	2838.00	2838.00	2838.00	2837.00	2837.00	2836.00	2836.00	2836.00	2836.00	2835.00	2834.00	2834.00	2833.00	2832.50	2832.00	2831.50	2831.00	2830.00	2830.00	2829.50	2829.00	2828.50	2828.00	2828.00	2827.00	2827.00	2826.00	2826.00	2826.00	2826.00	2825.50	2825.00	2825.00	2825.00	2825.00	2825.00	2825.00	2825.00	2824.50	2824.00	2824.00	2824.00	2824.00	2823.50	2823.00	2822.50	2822.00	2821.50	2821.00	2820.00	2820.00	2819.00	2819.00	2818.50	2818.00	2817.00	2817.00	2816.00	2816.00	2816.00	2816.00	2816.00	2815.50	2815.00	2815.00	2815.00	2815.00	2815.00	2814.00	2814.00	2814.00	2814.00	2813.00	2812.00	2812.00	2811.50	2811.00	2810.00	2809.50	2808.00	2808.00	2807.50	2807.00	2806.50	2806.00	2806.00	2805.00	2805.00	2805.00	2805.00	2804.50	2804.00	2804.00	2803.50	2803.00	2802.00	2802.00	2801.00	2800.00	2799.50	2799.00	2798.50	2797.00	2796.50	2795.00	2794.00	2793.50	2792.50	2791.00	2790.50	2789.50	2788.00	2787.50	2787.00	2786.00	2785.50	2785.00	2785.00	2784.00	2784.00	2784.00	2783.00	2783.00	2783.00	2783.00	2783.00	2782.00	2782.00	2782.00	2782.00	2782.00	2782.00	2782.00	2782.00	2782.00	2782.00	2782.00	2782.00	2782.00	2782.00	2782.00	2782.00	2782.00	2781.00	2781.00	2781.00	2781.00	2780.50	2780.00	2779.00	2778.50	2777.00	2777.00	2776.00	2775.50	2774.50	2774.00	2773.50	2772.00	2772.00	2771.00	2770.00	2769.00	2769.00	2768.50	2768.00	2767.00	2766.00	2765.50	2765.00	2764.50	2763.00	2762.50	2762.00	2761.00	2760.00	2759.50	2758.00	2757.50	2756.50	2755.00	2755.00	2753.00	2752.00	2751.00	2750.50	2749.50	2748.50	2747.50	2747.00	2746.00	2745.00	2744.50	2743.50	2743.00	2742.50	2742.00	2741.00	2740.00	2740.00	2739.00	2738.50	2738.00	2737.00	2736.50	2736.00	2736.00	2735.00	2735.00	2734.00	2734.00	2733.50	2733.00	2732.50	2732.00	2732.00	2731.50	2731.00	2730.00	2730.00	2729.50
2849.00	2849.00	2849.00	2849.00	2848.00	2848.00	2848.00	2847.00	2847.00	2846.50	2846.00	2846.00	2845.00	2845.00	2844.00	2843.50	2843.00	2842.50	2842.00	2842.00	2841.00	2841.00	2841.00	2840.00	2840.00	2840.00	2839.50	2839.00	2839.00	2839.00	2839.00	2839.00	2838.50	2838.00	2838.00	2838.00	2838.00	2838.00	2837.00	2837.00	2836.00	2836.00	2836.00	2836.00	2835.00	2834.00	2834.00	2833.00	2832.50	2832.00	2831.50	2831.00	2830.00	2830.00	2829.50	2829.00	2828.50	2828.00	2828.00	2827.00	2827.00	2826.00	2826.00	2826.00	2826.00	2825.50	2825.00	2825.00	2825.00	2825.00	2825.00	2825.00	2825.00	2824.50	2824.00	2824.00	2824.00	2824.00	2823.50	2823.00	2822.50	2822.00	2821.50	2821.00	2820.00	2820.00	2819.00	2819.00	2818.50	2818.00	2817.00	2817.00	2816.00	2816.00	2816.00	2816.00	2816.00	2815.50	2815.00	2815.00	2815.00	2815.00	2815.00	2814.00	2814.00	2814.00	2814.00	2813.00	2812.00	2812.00	2811.50	2811.00	2810.00	2809.50	2808.00	2808.00	2807.50	2807.00	2806.50	2806.00	2806.00	2805.00	2805.00	2805.00	2805.00	2804.50	2804.00	2804.00	2803.50	2803.00	2802.00	2802.00	2801.00	2800.00	2799.50	2799.00	2798.50	2797.00	2796.50	2795.00	2794.00	2793.50	2792.50	2791.00	2790.50	2789.50	2788.00	2787.50	2787.00	2786.00	2785.50	2785.00	2785.00	2784.00	2784.00	2784.00	2783.00	2783.00	2783.00	2783.00	2783.00	2782.00	2782.00	2782.00	2782.00	2782.00	2782.00	2782.00	2782.00	2782.00	2782.00	2782.00	2782.00	2782.00	2782.00	2782.00	2782.00	2782.00	2781.00	2781.00	2781.00	2781.00	2780.50	2780.00	2779.00	2778.50	2777.00	2777.00	2776.00	2775.50	2774.50	2774.00	2773.50	2772.00	2772.00	2771.00	2770.00	2769.00	2769.00	2768.50	2768.00	2767.00	2766.00	2765.50	2765.00	2764.50	2763.00	2762.50	2762.00	2761.00	2760.00	2759.50	2758.00	2757.50	2756.50	2755.00	2755.00	2753.00	2752.00	2751.00	2750.50	2749.50	2748.50	2747.50	2747.00	2746.00	2745.00	2744.50	2743.50	2743.00	2742.50	2742.00	2741.00	2740.00	2740.00	2739.00	2738.50	2738.00	2737.00	2736.50	2736.00	2736.00	2735.00	2735.00	2734.00	2734.00	2733.50	2733.00	2732.50	2732.00	2732.00	2731.50	2731.00	2730.00	2730.00	2729.50
2849.00	2849.00	2849.00	2849.00	2848.00	2848.00	2848.00	2847.00	2847.00	2846.50	2846.00	2846.00	2845.00	2845.00	2844.00	2843.50	2843.00	2842.50	2842.00	2842.00	2841.00	2841.00	2841.00	2840.00	2840.00	2840.00	2839.50	2839.00	2839.00	2839.00	2839.00	2839.00	2838.50	2838.00	2838.00	2838.00	2838.00	2838.00	2837.00	2837.00	2836.00	2836.00	2836.00	2836.00	2835.00	2834.00	2834.00	2833.00	2832.50	2832.00	2831.50	2831.00	2830.00	2830.00	2829.50	2829.00	2828.50	2828.00	2828.00	2827.00	2827.00	2826.00	2826.00	2826.00	2826.00	2825.50	2825.00	2825.00	2825.00	2825.00	2825.00	2825.00	2825.00	2824.50	2824.00	2824.00	2824.00	2824.00	2823.50	2823.00	2822.50	2822.00	2821.50	2821.00	2820.00	2820.00	2819.00	2819.00	2818.50	2818.00	2817.00	2817.00	2816.00	2816.00	2816.00	2816.00	2816.00	2815.50	2815.00	2815.00	2815.00	2815.00	2815.00	2814.00	2814.00	2814.00	2814.00	2813.00	2812.00	2812.00	2811.50	2811.00	2810.00	2809.50	2808.00	2808.00	2807.50	2807.00	2806.50	2806.00	2806.00	2805.00	2805.00	2805.00	2805.00	2804.50	2804.00	2804.00	2803.50	2803.00	2802.00	2802.00	2801.00	2800.00	2799.50	2799.00	2798.50	2797.00	2796.50	2795.00	2794.00	2793.50	2792.50	2791.00	2790.50	2789.50	2788.00	2787.50	2787.00	2786.00	2785.50	2785.00	2785.00	2784.00	2784.00	2784.00	2783.00	2783.00	2783.00	2783.00	2783.00	2782.00	2782.00	2782.00	2782.00	2782.00	2782.00	2782.00	2782.00	2782.00	2782.00	2782.00	2782.00	2782.00	2782.00	2782.00	2782.00	2782.00	2781.00	2781.00	2781.00	2781.00	2780.50	2780.00	2779.00	2778.50	2777.00	2777.00	2776.00	2775.50	2774.50	2774.00	2773.50	2772.00	2772.00	2771.00	2770.00	2769.00	2769.00	2768.50	2768.00	2767.00	2766.00	2765.50	2765.00	2764.50	2763.00	2762.50	2762.00	2761.00	2760.00	2759.50	2758.00	2757.50	2756.50	2755.00	2755.00	2753.00	2752.00	2751.00	2750.50	2749.50	2748.50	2747.50	2747.00	2746.00	2745.00	2744.50	2743.50	2743.00	2742.50	2742.00	2741.00	2740.00	2740.00	2739.00	2738.50	2738.00	2737.00	2736.50	2736.00	2736.00	2735.00	2735.00	2734.00	2734.00	2733.50	2733.00	2732.50	2732.00	2732.00	2731.50	2731.00	2730.00	2730.00	2729.50
2849.00	2848.75	2848.50	2848.50	2848.00	2847.50	2847.50	2847.00	2846.50	2846.25	2845.75	2845.50	2845.00	2844.50	2844.00	2843.50	2843.00	2842.50	2842.00	2841.75	2841.00	2841.00	2840.75	2840.00	2840.00	2839.75	2839.25	2839.00	2838.75	2838.50	2838.50	2838.50	2838.25	2837.75	2837.50	2837.50	2837.50	2837.50	2836.50	2836.50	2835.75	2835.50	2835.50	2835.50	2834.75	2834.00	2833.50	2833.00	2832.50	2831.75	2831.25	2830.75	2830.00	2829.75	2829.25	2829.00	2828.25	2827.75	2827.50	2827.00	2826.50	2826.00	2825.75	2825.50	2825.50	2825.25	2825.00	2825.00	2824.50	2824.50	2824.50	2824.50	2824.50	2824.25	2824.00	2823.50	2823.50	2823.50	2823.25	2823.00	2822.50	2822.00	2821.50	2821.00	2820.00	2819.75	2819.00	2818.50	2818.00	2817.50	2817.00	2816.50	2816.00	2816.00	2816.00	2815.75	2815.50	2815.25	2815.00	2815.00	2815.00	2815.00	2815.00	2814.00	2814.00	2814.00	2813.50	2813.00	2812.50	2812.00	2811.75	2811.25	2810.00	2809.50	2808.50	2808.00	2807.75	2807.25	2806.75	2806.25	2806.00	2805.50	2805.50	2805.50	2805.00	2804.75	2804.50	2804.25	2803.75	2803.25	2802.50	2802.50	2801.50	2800.50	2799.75	2799.25	2798.50	2797.00	2796.25	2795.00	2794.00	2793.00	2792.00	2790.50	2790.00	2789.00	2788.00	2787.25	2786.75	2785.50	2785.00	2784.50	2784.50	2784.00	2784.00	2783.50	2783.00	2783.00	2783.00	2783.00	2783.00	2782.00	2782.00	2782.00	2782.00	2782.00	2782.00	2782.00	2782.50	2782.50	2782.50	2782.50	2782.50	2782.50	2782.25	2782.00	2782.00	2782.00	2781.50	2781.25	2781.00	2780.75	2780.25	2780.00	2779.00	2778.50	2777.00	2776.50	2775.50	2775.00	2774.00	2773.25	2772.50	2771.50	2771.00	2769.75	2769.00	2768.00	2768.00	2767.50	2767.00	2766.00	2765.00	2764.50	2764.00	2763.50	2762.25	2761.75	2761.00	2760.50	2759.50	2759.00	2757.50	2757.00	2756.00	2755.00	2754.50	2753.00	2752.00	2751.00	2750.50	2749.50	2748.50	2747.75	2747.00	2746.50	2745.25	2744.75	2743.75	2743.25	2742.50	2742.00	2741.00	2740.00	2740.00	2739.00	2738.50	2738.00	2737.00	2736.50	2736.00	2736.00	2735.00	2735.00	2734.00	2734.00	2733.50	2733.00	2732.50	2732.00	2732.00	2731.25	2731.00	2730.00	2729.75	2729.25
2849.00	2848.50	2848.00	2848.00	2848.00	2847.00	2847.00	2847.00	2846.00	2846.00	2845.50	2845.00	2845.00	2844.00	2844.00	2843.50	2843.00	2842.50	2842.00	2841.50	2841.00	2841.00	2840.50	2840.00	2840.00	2839.50	2839.00	2839.00	2838.50	2838.00	2838.00	2838.00	2838.00	2837.50	2837.00	2837.00	2837.00	2837.00	2836.00	2836.00	2835.50	2835.00	2835.00	2835.00	2834.50	2834.00	2833.00	2833.00	2832.50	2831.50	2831.00	2830.50	2830.00	2829.50	2829.00	2829.00	2828.00	2827.50	2827.00	2827.00	2826.00	2826.00	2825.50	2825.00	2825.00	2825.00	2825.00	2825.00	2824.00	2824.00	2824.00	2824.00	2824.00	2824.00	2824.00	2823.00	2823.00	2823.00	2823.00	2823.00	2822.50	2822.00	2821.50	2821.00	2820.00	2819.50	2819.00	2818.00	2817.50	2817.00	2817.00	2816.00	2816.00	2816.00	2816.00	2815.50	2815.00	2815.00	2815.00	2815.00	2815.00	2815.00	2815.00	2814.00	2814.00	2814.00	2813.00	2813.00	2813.00	2812.00	2812.00	2811.50	2810.00	2809.50	2809.00	2808.00	2808.00	2807.50	2807.00	2806.50	2806.00	2806.00	2806.00	2806.00	2805.00	2805.00	2805.00	2804.50	2804.00	2803.50	2803.00	2803.00	2802.00	2801.00	2800.00	2799.50	2798.50	2797.00	2796.00	2795.00	2794.00	2792.50	2791.50	2790.00	2789.50	2788.50	2788.00	2787.00	2786.50	2785.00	2784.50	2784.00	2784.00	2784.00	2784.00	2783.00	2783.00	2783.00	2783.00	2783.00	2783.00	2782.00	2782.00	2782.00	2782.00	2782.00	2782.00	2782.00	2783.00	2783.00	2783.00	2783.00	2783.00	2783.00	2782.50	2782.00	2782.00	2782.00	2782.00	2781.50	2781.00	2780.50	2780.00	2780.00	2779.00	2778.50	2777.00	2776.00	2775.00	2774.50	2773.50	2772.50	2771.50	2771.00	2770.00	2768.50	2768.00	2767.00	2767.00	2766.50	2766.00	2765.00	2764.00	2763.50	2763.00	2762.50	2761.50	2761.00	2760.00	2760.00	2759.00	2758.50	2757.00	2756.50	2755.50	2755.00	2754.00	2753.00	2752.00	2751.00	2750.50	2749.50	2748.50	2748.00	2747.00	2747.00	2745.50	2745.00	2744.00	2743.50	2742.50	2742.00	2741.00	2740.00	2740.00	2739.00	2738.50	2738.00	2737.00	2736.50	2736.00	2736.00	2735.00	2735.00	2734.00	2734.00	2733.50	2733.00	2732.50	2732.00	2732.00	2731.00	2731.00	2730.00	2729.50	2729.00
2849.00	2848.50	2848.00	2848.00	2848.00	2847.00	2847.00	2847.00	2846.00	2846.00	2845.50	2845.00	2845.00	2844.00	2844.00	2843.50	2843.00	2842.50	2842.00	2841.50	2841.00	2841.00	2840.50	2840.00	2840.00	2839.50	2839.00	2839.00	2838.50	2838.00	2838.00	2838.00	2838.00	2837.50	2837.00	2837.00	2837.00	2837.00	2836.00	2836.00	2835.50	2835.00	2835.00	2835.00	2834.50	2834.00	2833.00	2833.00	2832.50	2831.50	2831.00	2830.50	2830.00	2829.50	2829.00	2829.00	2828.00	2827.50	2827.00	2827.00	2826.00	2826.00	2825.50	2825.00	2825.00	2825.00	2825.00	2825.00	2824.00	2824.00	2824.00	2824.00	2824.00	2824.00	2824.00	2823.00	2823.00	2823.00	2823.00	2823.00	2822.50	2822.00	2821.50	2821.00	2820.00	2819.50	2819.00	2818.00	2817.50	2817.00	2817.00	2816.00	2816.00	2816.00	2816.00	2815.50	2815.00	2815.00	2815.00	2815.00	2815.00	2815.00	2815.00	2814.00	2814.00	2814.00	2813.00	2813.00	2813.00	2812.00	2812.00	2811.50	2810.00	2809.50	2809.00	2808.00	2808.00	2807.50	2807.00	2806.50	2806.00	2806.00	2806.00	2806.00	2805.00	2805.00	2805.00	2804.50	2804.00	2803.50	2803.00	2803.00	2802.00	2801.00	2800.00	2799.50	2798.50	2797.00	2796.00	2795.00	2794.00	2792.50	2791.50	2790.00	2789.50	2788.50	2788.00	2787.00	2786.50	2785.00	2784.50	2784.00	2784.00	2784.00	2784.00	2783.00	2783.00	2783.00	2783.00	2783.00	2783.00	2782.00	2782.00	2782.00	2782.00	2782.00	2782.00	2782.00	2783.00	2783.00	2783.00	2783.00	2783.00	2783.00	2782.50	2782.00	2782.00	2782.00	2782.00	2781.50	2781.00	2780.50	2780.00	2780.00	2779.00	2778.50	2777.00	2776.00	2775.00	2774.50	2773.50	2772.50	2771.50	2771.00	2770.00	2768.50	2768.00	2767.00	2767.00	2766.50	2766.00	2765.00	2764.00	2763.50	2763.00	2762.50	2761.50	2761.00	2760.00	2760.00	2759.00	2758.50	2757.00	2756.50	2755.50	2755.00	2754.00	2753.00	2752.00	2751.00	2750.50	2749.50	2748.50	2748.00	2747.00	2747.00	2745.50	2745.00	2744.00	2743.50	2742.50	2742.00	2741.00	2740.00	2740.00	2739.00	2738.50	2738.00	2737.00	2736.50	2736.00	2736.00	2735.00	2735.00	2734.00	2734.00	2733.50	2733.00	2732.50	2732.00	2732.00	2731.00	2731.00	2730.00	2729.50	2729.00
2849.00	2848.50	2848.00	2848.00	2848.00	2847.00	2847.00	2847.00	2846.00	2846.00	2845.50	2845.00	2845.00	2844.00	2844.00	2843.50	2843.00	2842.50	2842.00	2841.50	2841.00	2841.00	2840.50	2840.00	2840.00	2839.50	2839.00	2839.00	2838.50	2838.00	2838.00	2838.00	2838.00	2837.50	2837.00	2837.00	2837.00	2837.00	2836.00	2836.00	2835.50	2835.00	2835.00	2835.00	2834.50	2834.00	2833.00	2833.00	2832.50	2831.50	2831.00	2830.50	2830.00	2829.50	2829.00	2829.00	2828.00	2827.50	2827.00	2827.00	2826.00	2826.00	2825.50	2825.00	2825.00	2825.00	2825.00	2825.00	2824.00	2824.00	2824.00	2824.00	2824.00	2824.00	2824.00	2823.00	2823.00	2823.00	2823.00	2823.00	2822.50	2822.00	2821.50	2821.00	2820.00	2819.50	2819.00	2818.00	2817.50	2817.00	2817.00	2816.00	2816.00	2816.00	2816.00	2815.50	2815.00	2815.00	2815.00	2815.00	2815.00	2815.00	2815.00	2814.00	2814.00	2814.00	2813.00	2813.00	2813.00	2812.00	2812.00	2811.50	2810.00	2809.50	2809.00	2808.00	2808.00	2807.50	2807.00	2806.50	2806.00	2806.00	2806.00	2806.00	2805.00	2805.00	2805.00	2804.50	2804.00	2803.50	2803.00	2803.00	2802.00	2801.00	2800.00	2799.50	2798.50	2797.00	2796.00	2795.00	2794.00	2792.50	2791.50	2790.00	2789.50	2788.50	2788.00	2787.00	2786.50	2785.00	2784.50	2784.00	2784.00	2784.00	2784.00	2783.00	2783.00	2783.00	2783.00	2783.00	2783.00	2782.00	2782.00	2782.00	2782.00	2782.00	2782.00	2782.00	2783.00	2783.00	2783.00	2783.00	2783.00	2783.00	2782.50	2782.00	2782.00	2782.00	2782.00	2781.50	2781.00	2780.50	2780.00	2780.00	2779.00	2778.50	2777.00	2776.00	2775.00	2774.50	2773.50	2772.50	2771.50	2771.00	2770.00	2768.50	2768.00	2767.00	2767.00	2766.50	2766.00	2765.00	2764.00	2763.50	2763.00	2762.50	2761.50	2761.00	2760.00	2760.00	2759.00	2758.50	2757.00	2756.50	2755.50	2755.00	2754.00	2753.00	2752.00	2751.00	2750.50	2749.50	2748.50	2748.00	2747.00	2747.00	2745.50	2745.00	2744.00	2743.50	2742.50	2742.00	2741.00	2740.00	2740.00	2739.00	2738.50	2738.00	2737.00	2736.50	2736.00	2736.00	2735.00	2735.00	2734.00	2734.00	2733.50	2733.00	2732.50	2732.00	2732.00	2731.00	2731.00	2730.00	2729.50	2729.00
2848.75	2848.25	2848.00	2847.75	2847.50	2847.00	2846.75	2846.50	2846.00	2845.75	2845.25	2845.00	2844.75	2844.00	2844.00	2843.25	2843.00	2842.50	2842.00	2841.50	2841.00	2840.50	2840.25	2840.00	2839.50	2839.25	2839.00	2839.00	2838.50	2838.00	2838.00	2837.75	2837.50	2837.25	2837.00	2836.75	2836.50	2836.50	2835.75	2835.50	2835.25	2834.75	2834.50	2834.50	2834.00	2833.50	2833.00	2832.50	2832.25	2831.25	2830.75	2830.25	2830.00	2829.25	2829.00	2828.50	2828.00	2827.50	2827.00	2827.00	2826.00	2826.00	2825.50	2825.00	2825.00	2824.75	2824.50	2824.50	2824.00	2824.00	2823.50	2823.50	2823.50	2823.50	2823.50	2822.50	2822.50	2822.50	2822.25	2822.00	2821.75	2821.25	2820.75	2820.50	2819.50	2819.00	2818.50	2817.50	2817.25	2817.00	2816.50	2816.00	2816.00	2815.50	2815.50	2815.25	2815.00	2815.00	2815.00	2815.00	2815.00	2815.00	2815.00	2814.00	2814.00	2814.00	2813.00	2813.00	2813.00	2812.00	2811.75	2811.25	2810.25	2809.75	2809.00	2808.50	2808.25	2807.75	2807.00	2806.75	2806.50	2806.00	2806.00	2806.00	2805.00	2805.00	2805.00	2804.50	2804.00	2803.50	2803.00	2802.50	2801.75	2801.00	2800.00	2799.50	2798.50	2797.50	2796.25	2795.00	2794.00	2792.50	2791.50	2790.25	2789.50	2788.75	2788.00	2786.75	2786.25	2785.00	2784.50	2784.00	2783.50	2783.50	2783.50	2783.00	2782.75	2782.50	2782.50	2782.50	2782.50	2782.00	2782.00	2782.00	2782.25	2782.50	2782.50	2782.50	2783.00	2783.00	2782.50	2782.50	2782.50	2782.50	2782.25	2782.00	2781.75	2781.50	2781.50	2781.25	2780.75	2780.00	2779.50	2779.25	2778.50	2777.50	2776.50	2775.50	2774.25	2773.75	2772.75	2771.75	2771.00	2770.00	2769.00	2768.00	2767.00	2766.25	2766.00	2765.50	2765.00	2764.00	2763.00	2762.50	2762.00	2761.50	2760.50	2760.00	2759.50	2759.00	2758.25	2757.75	2756.25	2755.75	2755.00	2754.50	2753.50	2752.50	2752.00	2750.75	2750.25	2749.50	2748.50	2748.00	2747.00	2747.00	2745.75	2745.25	2744.25	2743.50	2742.75	2742.00	2741.50	2740.00	2740.00	2739.25	2738.75	2738.25	2737.25	2736.75	2736.00	2736.00	2735.25	2735.00	2734.50	2734.25	2733.75	2733.50	2732.75	2732.00	2732.00	2731.25	2731.00	2730.25	2729.75	2729.25
2848.50	2848.00	2848.00	2847.50	2847.00	2847.00	2846.50	2846.00	2846.00	2845.50	2845.00	2845.00	2844.50	2844.00	2844.00	2843.00	2843.00	2842.50	2842.00	2841.50	2841.00	2840.00	2840.00	2840.00	2839.00	2839.00	2839.00	2839.00	2838.50	2838.00	2838.00	2837.50	2837.00	2837.00	2837.00	2836.50	2836.00	2836.00	2835.50	2835.00	2835.00	2834.50	2834.00	2834.00	2833.50	2833.00	2833.00	2832.00	2832.00	2831.00	2830.50	2830.00	2830.00	2829.00	2829.00	2828.00	2828.00	2827.50	2827.00	2827.00	2826.00	2826.00	2825.50	2825.00	2825.00	2824.50	2824.00	2824.00	2824.00	2824.00	2823.00	2823.00	2823.00	2823.00	2823.00	2822.00	2822.00	2822.00	2821.50	2821.00	2821.00	2820.50	2820.00	2820.00	2819.00	2818.50	2818.00	2817.00	2817.00	2817.00	2816.00	2816.00	2816.00	2815.00	2815.00	2815.00	2815.00	2815.00	2815.00	2815.00	2815.00	2815.00	2815.00	2814.00	2814.00	2814.00	2813.00	2813.00	2813.00	2812.00	2811.50	2811.00	2810.50	2810.00	2809.00	2809.00	2808.50	2808.00	2807.00	2807.00	2807.00	2806.00	2806.00	2806.00	2805.00	2805.00	2805.00	2804.50	2804.00	2803.50	2803.00	2802.00	2801.50	2801.00	2800.00	2799.50	2798.50	2798.00	2796.50	2795.00	2794.00	2792.50	2791.50	2790.50	2789.50	2789.00	2788.00	2786.50	2786.00	2785.00	2784.50	2784.00	2783.00	2783.00	2783.00	2783.00	2782.50	2782.00	2782.00	2782.00	2782.00	2782.00	2782.00	2782.00	2782.50	2783.00	2783.00	2783.00	2783.00	2783.00	2782.00	2782.00	2782.00	2782.00	2782.00	2782.00	2781.50	2781.00	2781.00	2781.00	2780.50	2779.50	2779.00	2778.50	2778.00	2776.50	2776.00	2775.00	2773.50	2773.00	2772.00	2771.00	2770.50	2769.00	2768.00	2767.50	2766.00	2765.50	2765.00	2764.50	2764.00	2763.00	2762.00	2761.50	2761.00	2760.50	2759.50	2759.00	2759.00	2758.00	2757.50	2757.00	2755.50	2755.00	2754.50	2754.00	2753.00	2752.00	2752.00	2750.50	2750.00	2749.50	2748.50	2748.00	2747.00	2747.00	2746.00	2745.50	2744.50	2743.50	2743.00	2742.00	2742.00	2740.00	2740.00	2739.50	2739.00	2738.50	2737.50	2737.00	2736.00	2736.00	2735.50	2735.00	2735.00	2734.50	2734.00	2734.00	2733.00	2732.00	2732.00	2731.50	2731.00	2730.50	2730.00	2729.50
2848.50	2848.00	2848.00	2847.50	2847.00	2847.00	2846.50	2846.00	2846.00	2845.50	2845.00	2845.00	2844.50	2844.00	2844.00	2843.00	2843.00	2842.50	2842.00	2841.50	2841.00	2840.00	2840.00	2840.00	2839.00	2839.00	2839.00	2839.00	2838.50	2838.00	2838.00	2837.50	2837.00	2837.00	2837.00	2836.50	2836.00	2836.00	2835.50	2835.00	2835.00	2834.50	2834.00	2834.00	2833.50	2833.00	2833.00	2832.00	2832.00	2831.00	2830.50	2830.00	2830.00	2829.00	2829.00	2828.00	2828.00	2827.50	2827.00	2827.00	2826.00	2826.00	2825.50	2825.00	2825.00	2824.50	2824.00	2824.00	2824.00	2824.00	2823.00	2823.00	2823.00	2823.00	2823.00	2822.00	2822.00	2822.00	2821.50	2821.00	2821.00	2820.50	2820.00	2820.00	2819.00	2818.50	2818.00	2817.00	2817.00	2817.00	2816.00	2816.00	2816.00	2815.00	2815.00	2815.00	2815.00	2815.00	2815.00	2815.00	2815.00	2815.00	2815.00	2814.00	2814.00	2814.00	2813.00	2813.00	2813.00	2812.00	2811.50	2811.00	2810.50	2810.00	2809.00	2809.00	2808.50	2808.00	2807.00	2807.00	2807.00	2806.00	2806.00	2806.00	2805.00	2805.00	2805.00	2804.50	2804.00	2803.50	2803.00	2802.00	2801.50	2801.00	2800.00	2799.50	2798.50	2798.00	2796.50	2795.00	2794.00	2792.50	2791.50	2790.50	2789.50	2789.00	2788.00	2786.50	2786.00	2785.00	2784.50	2784.00	2783.00	2783.00	2783.00	2783.00	2782.50	2782.00	2782.00	2782.00	2782.00	2782.00	2782.00	2782.00	2782.50	2783.00	2783.00	2783.00	2783.00	2783.00	2782.00	2782.00	2782.00	2782.00	2782.00	2782.00	2781.50	2781.00	2781.00	2781.00	2780.50	2779.50	2779.00	2778.50	2778.00	2776.50	2776.00	2775.00	2773.50	2773.00	2772.00	2771.00	2770.50	2769.00	2768.00	2767.50	2766.00	2765.50	2765.00	2764.50	2764.00	2763.00	2762.00	2761.50	2761.00	2760.50	2759.50	2759.00	2759.00	2758.00	2757.50	2757.00	2755.50	2755.00	2754.50	2754.00	2753.00	2752.00	2752.00	2750.50	2750.00	2749.50	2748.50	2748.00	2747.00	2747.00	2746.00	2745.50	2744.50	2743.50	2743.00	2742.00	2742.00	2740.00	2740.00	2739.50	2739.00	2738.50	2737.50	2737.00	2736.00	2736.00	2735.50	2735.00	2735.00	2734.50	2734.00	2734.00	2733.00	2732.00	2732.00	2731.50	2731.00	2730.50	2730.00	2729.50
2848.50	2848.00	2848.00	2847.50	2847.00	2847.00	2846.50	2846.00	2846.00	2845.50	2845.00	2845.00	2844.50	2844.00	2844.00	2843.00	2843.00	2842.50	2842.00	2841.50	2841.00	2840.00	2840.00	2840.00	2839.00	2839.00	2839.00	2839.00	2838.50	2838.00	2838.00	2837.50	2837.00	2837.00	2837.00	2836.50	2836.00	2836.00	2835.50	2835.00	2835.00	2834.50	2834.00	2834.00	2833.50	2833.00	2833.00	2832.00	2832.00	2831.00	2830.50	2830.00	2830.00	2829.00	2829.00	2828.00	2828.00	2827.50	2827.00	2827.00	2826.00	2826.00	2825.50	2825.00	2825.00	2824.50	2824.00	2824.00	2824.00	2824.00	2823.00	2823.00	2823.00	2823.00	2823.00	2822.00	2822.00	2822.00	2821.50	2821.00	2821.00	2820.50	2820.00	2820.00	2819.00	2818.50	2818.00	2817.00	2817.00	2817.00	2816.00	2816.00	2816.00	2815.00	2815.00	2815.00	2815.00	2815.00	2815.00	2815.00	2815.00	2815.00	2815.00	2814.00	2814.00	2814.00	2813.00	2813.00	2813.00	2812.00	2811.50	2811.00	2810.50	2810.00	2809.00	2809.00	2808.50	2808.00	2807.00	2807.00	2807.00	2806.00	2806.00	2806.00	2805.00	2805.00	2805.00	2804.50	2804.00	2803.50	2803.00	2802.00	2801.50	2801.00	2800.00	2799.50	2798.50	2798.00	2796.50	2795.00	2794.00	2792.50	2791.50	2790.50	2789.50	2789.00	2788.00	2786.50	2786.00	2785.00	2784.50	2784.00	2783.00	2783.00	2783.00	2783.00	2782.50	2782.00	2782.00	2782.00	2782.00	2782.00	2782.00	2782.00	2782.50	2783.00	2783.00	2783.00	2783.00	2783.00	2782.00	2782.00	2782.00	2782.00	2782.00	2782.00	2781.50	2781.00	2781.00	2781.00	2780.50	2779.50	2779.00	2778.50	2778.00	2776.50	2776.00	2775.00	2773.50	2773.00	2772.00	2771.00	2770.50	2769.00	2768.00	2767.50	2766.00	2765.50	2765.00	2764.50	2764.00	2763.00	2762.00	2761.50	2761.00	2760.50	2759.50	2759.00	2759.00	2758.00	2757.50	2757.00	2755.50	2755.00	2754.50	2754.00	2753.00	2752.00	2752.00	2750.50	2750.00	2749.50	2748.50	2748.00	2747.00	2747.00	2746.00	2745.50	2744.50	2743.50	2743.00	2742.00	2742.00	2740.00	2740.00	2739.50	2739.00	2738.50	2737.50	2737.00	2736.00	2736.00	2735.50	2735.00	2735.00	2734.50	2734.00	2734.00	2733.00	2732.00	2732.00	2731.50	2731.00	2730.50	2730.00	2729.50
2848.25	2848.00	2847.50	2847.25	2847.00	2846.50	2846.25	2846.00	2845.75	2845.25	2845.00	2844.50	2844.25	2843.50	2843.50	2842.75	2842.50	2842.25	2841.75	2841.25	2841.00	2840.00	2839.75	2839.50	2838.75	2838.50	2838.50	2838.50	2838.25	2838.00	2837.50	2837.25	2836.75	2836.50	2836.50	2836.25	2835.50	2835.50	2835.25	2834.50	2834.50	2834.25	2834.00	2833.50	2833.25	2832.50	2832.50	2831.75	2831.50	2830.50	2830.25	2829.75	2829.50	2828.75	2828.50	2828.00	2827.50	2827.25	2826.50	2826.50	2825.75	2825.50	2825.25	2825.00	2824.75	2824.25	2824.00	2824.00	2823.50	2823.50	2823.00	2822.75	2822.50	2822.50	2822.50	2821.50	2821.50	2821.00	2820.75	2820.50	2820.25	2819.75	2819.50	2819.00	2818.50	2818.25	2817.50	2817.00	2817.00	2817.00	2816.00	2816.00	2816.00	2815.00	2815.00	2815.00	2815.00	2815.00	2815.00	2815.00	2815.00	2815.00	2814.50	2814.00	2814.00	2813.50	2813.00	2813.00	2812.50	2812.00	2811.75	2811.25	2810.75	2810.25	2809.50	2809.00	2808.75	2808.25	2807.50	2807.50	2807.25	2806.50	2806.50	2806.00	2805.50	2805.25	2805.00	2804.50	2804.00	2803.50	2803.00	2802.00	2801.50	2801.00	2800.00	2799.50	2798.50	2798.00	2796.50	2795.00	2794.00	2793.00	2792.00	2790.50	2789.75	2789.25	2788.00	2786.75	2786.25	2785.00	2784.25	2783.75	2783.00	2783.00	2783.00	2782.50	2782.25	2782.00	2782.00	2782.00	2782.00	2782.00	2782.00	2782.00	2782.25	2782.50	2782.50	2782.50	2782.50	2782.50	2782.00	2781.50	2781.50	2781.50	2781.50	2781.50	2781.00	2780.50	2780.50	2780.00	2779.75	2778.75	2778.25	2777.75	2777.00	2775.75	2775.00	2774.00	2773.00	2772.25	2771.25	2770.25	2769.50	2768.50	2767.50	2766.50	2765.50	2764.75	2764.25	2763.75	2763.00	2762.25	2761.50	2760.75	2760.25	2759.75	2758.75	2758.50	2758.00	2757.50	2756.75	2756.25	2755.00	2754.50	2754.00	2753.50	2752.50	2751.50	2751.50	2750.25	2749.75	2749.25	2748.25	2748.00	2747.00	2747.00	2746.00	2745.75	2744.75	2744.00	2743.50	2742.50	2742.50	2741.00	2740.50	2740.00	2739.50	2739.00	2738.00	2737.50	2736.50	2736.50	2736.00	2735.50	2735.25	2734.75	2734.25	2734.00	2733.25	2732.50	2732.50	2731.75	2731.25	2730.75	2730.25	2729.75
2848.00	2848.00	2847.00	2847.00	2847.00	2846.00	2846.00	2846.00	2845.50	2845.00	2845.00	2844.00	2844.00	2843.00	2843.00	2842.50	2842.00	2842.00	2841.50	2841.00	2841.00	2840.00	2839.50	2839.00	2838.50	2838.00	2838.00	2838.00	2838.00	2838.00	2837.00	2837.00	2836.50	2836.00	2836.00	2836.00	2835.00	2835.00	2835.00	2834.00	2834.00	2834.00	2834.00	2833.00	2833.00	2832.00	2832.00	2831.50	2831.00	2830.00	2830.00	2829.50	2829.00	2828.50	2828.00	2828.00	2827.00	2827.00	2826.00	2826.00	2825.50	2825.00	2825.00	2825.00	2824.50	2824.00	2824.00	2824.00	2823.00	2823.00	2823.00	2822.50	2822.00	2822.00	2822.00	2821.00	2821.00	2820.00	2820.00	2820.00	2819.50	2819.00	2819.00	2818.00	2818.00	2818.00	2817.00	2817.00	2817.00	2817.00	2816.00	2816.00	2816.00	2815.00	2815.00	2815.00	2815.00	2815.00	2815.00	2815.00	2815.00	2815.00	2814.00	2814.00	2814.00	2813.00	2813.00	2813.00	2812.00	2812.00	2812.00	2811.50	2811.00	2810.50	2810.00	2809.00	2809.00	2808.50	2808.00	2808.00	2807.50	2807.00	2807.00	2806.00	2806.00	2805.50	2805.00	2804.50	2804.00	2803.50	2803.00	2802.00	2801.50	2801.00	2800.00	2799.50	2798.50	2798.00	2796.50	2795.00	2794.00	2793.50	2792.50	2790.50	2790.00	2789.50	2788.00	2787.00	2786.50	2785.00	2784.00	2783.50	2783.00	2783.00	2783.00	2782.00	2782.00	2782.00	2782.00	2782.00	2782.00	2782.00	2782.00	2782.00	2782.00	2782.00	2782.00	2782.00	2782.00	2782.00	2782.00	2781.00	2781.00	2781.00	2781.00	2781.00	2780.50	2780.00	2780.00	2779.00	2779.00	2778.00	2777.50	2777.00	2776.00	2775.00	2774.00	2773.00	2772.50	2771.50	2770.50	2769.50	2768.50	2768.00	2767.00	2765.50	2765.00	2764.00	2763.50	2763.00	2762.00	2761.50	2761.00	2760.00	2759.50	2759.00	2758.00	2758.00	2757.00	2757.00	2756.00	2755.50	2754.50	2754.00	2753.50	2753.00	2752.00	2751.00	2751.00	2750.00	2749.50	2749.00	2748.00	2748.00	2747.00	2747.00	2746.00	2746.00	2745.00	2744.50	2744.00	2743.00	2743.00	2742.00	2741.00	2740.50	2740.00	2739.50	2738.50	2738.00	2737.00	2737.00	2736.50	2736.00	2735.50	2735.00	2734.50	2734.00	2733.50	2733.00	2733.00	2732.00	2731.50	2731.00	2730.50	2730.00
2848.00	2848.00	2847.00	2847.00	2847.00	2846.00	2846.00	2846.00	2845.50	2845.00	2845.00	2844.00	2844.00	2843.00	2843.00	2842.50	2842.00	2842.00	2841.50	2841.00	2841.00	2840.00	2839.50	2839.00	2838.50	2838.00	2838.00	2838.00	2838.00	2838.00	2837.00	2837.00	2836.50	2836.00	2836.00	2836.00	2835.00	2835.00	2835.00	2834.00	2834.00	2834.00	2834.00	2833.00	2833.00	2832.00	2832.00	2831.50	2831.00	2830.00	2830.00	2829.50	2829.00	2828.50	2828.00	2828.00	2827.00	2827.00	2826.00	2826.00	2825.50	2825.00	2825.00	2825.00	2824.50	2824.00	2824.00	2824.00	2823.00	2823.00	2823.00	2822.50	2822.00	2822.00	2822.00	2821.00	2821.00	2820.00	2820.00	2820.00	2819.50	2819.00	2819.00	2818.00	2818.00	2818.00	2817.00	2817.00	2817.00	2817.00	2816.00	2816.00	2816.00	2815.00	2815.00	2815.00	2815.00	2815.00	2815.00	2815.00	2815.00	2815.00	2814.00	2814.00	2814.00	2813.00	2813.00	2813.00	2812.00	2812.00	2812.00	2811.50	2811.00	2810.50	2810.00	2809.00	2809.00	2808.50	2808.00	2808.00	2807.50	2807.00	2807.00	2806.00	2806.00	2805.50	2805.00	2804.50	2804.00	2803.50	2803.00	2802.00	2801.50	2801.00	2800.00	2799.50	2798.50	2798.00	2796.50	2795.00	2794.00	2793.50	2792.50	2790.50	2790.00	2789.50	2788.00	2787.00	2786.50	2785.00	2784.00	2783.50	2783.00	2783.00	2783.00	2782.00	2782.00	2782.00	2782.00	2782.00	2782.00	2782.00	2782.00	2782.00	2782.00	2782.00	2782.00	2782.00	2782.00	2782.00	2782.00	2781.00	2781.00	2781.00	2781.00	2781.00	2780.50	2780.00	2780.00	2779.00	2779.00	2778.00	2777.50	2777.00	2776.00	2775.00	2774.00	2773.00	2772.50	2771.50	2770.50	2769.50	2768.50	2768.00	2767.00	2765.50	2765.00	2764.00	2763.50	2763.00	2762.00	2761.50	2761.00	2760.00	2759.50	2759.00	2758.00	2758.00	2757.00	2757.00	2756.00	2755.50	2754.50	2754.00	2753.50	2753.00	2752.00	2751.00	2751.00	2750.00	2749.50	2749.00	2748.00	2748.00	2747.00	2747.00	2746.00	2746.00	2745.00	2744.50	2744.00	2743.00	2743.00	2742.00	2741.00	2740.50	2740.00	2739.50	2738.50	2738.00	2737.00	2737.00	2736.50	2736.00	2735.50	2735.00	2734.50	2734.00	2733.50	2733.00	2733.00	2732.00	2731.50	2731.00	2730.50	2730.00
2848.00	2848.00	2847.00	2847.00	2847.00	2846.00	2846.00	2846.00	2845.50	2845.00	2845.00	2844.00	2844.00	2843.00	2843.00	2842.50	2842.00	2842.00	2841.50	2841.00	2841.00	2840.00	2839.50	2839.00	2838.50	2838.00	2838.00	2838.00	2838.00	2838.00	2837.00	2837.00	2836.50	2836.00	2836.00	2836.00	2835.00	2835.00	2835.00	2834.00	2834.00	2834.00	2834.00	2833.00	2833.00	2832.00	2832.00	2831.50	2831.00	2830.00	2830.00	2829.50	2829.00	2828.50	2828.00	2828.00	2827.00	2827.00	2826.00	2826.00	2825.50	2825.00	2825.00	2825.00	2824.50	2824.00	2824.00	2824.00	2823.00	2823.00	2823.00	2822.50	2822.00	2822.00	2822.00	2821.00	2821.00	2820.00	2820.00	2820.00	2819.50	2819.00	2819.00	2818.00	2818.00	2818.00	2817.00	2817.00	2817.00	2817.00	2816.00	2816.00	2816.00	2815.00	2815.00	2815.00	2815.00	2815.00	2815.00	2815.00	2815.00	2815.00	2814.00	2814.00	2814.00	2813.00	2813.00	2813.00	2812.00	2812.00	2812.00	2811.50	2811.00	2810.50	2810.00	2809.00	2809.00	2808.50	2808.00	2808.00	2807.50	2807.00	2807.00	2806.00	2806.00	2805.50	2805.00	2804.50	2804.00	2803.50	2803.00	2802.00	2801.50	2801.00	2800.00	2799.50	2798.50	2798.00	2796.50	2795.00	2794.00	2793.50	2792.50	2790.50	2790.00	2789.50	2788.00	2787.00	2786.50	2785.00	2784.00	2783.50	2783.00	2783.00	2783.00	2782.00	2782.00	2782.00	2782.00	2782.00	2782.00	2782.00	2782.00	2782.00	2782.00	2782.00	2782.00	2782.00	2782.00	2782.00	2782.00	2781.00	2781.00	2781.00	2781.00	2781.00	2780.50	2780.00	2780.00	2779.00	2779.00	2778.00	2777.50	2777.00	2776.00	2775.00	2774.00	2773.00	2772.50	2771.50	2770.50	2769.50	2768.50	2768.00	2767.00	2765.50	2765.00	2764.00	2763.50	2763.00	2762.00	2761.50	2761.00	2760.00	2759.50	2759.00	2758.00	2758.00	2757.00	2757.00	2756.00	2755.50	2754.50	2754.00	2753.50	2753.00	2752.00	2751.00	2751.00	2750.00	2749.50	2749.00	2748.00	2748.00	2747.00	2747.00	2746.00	2746.00	2745.00	2744.50	2744.00	2743.00	2743.00	2742.00	2741.00	2740.50	2740.00	2739.50	2738.50	2738.00	2737.00	2737.00	2736.50	2736.00	2735.50	2735.00	2734.50	2734.00	2733.50	2733.00	2733.00	2732.00	2731.50	2731.00	2730.50	2730.00
2847.50	2847.50	2846.75	2846.50	2846.50	2846.00	2845.50	2845.50	2845.00	2844.50	2844.50	2844.00	2843.50	2843.00	2843.00	2842.25	2842.00	2841.75	2841.25	2841.00	2840.50	2840.00	2839.50	2839.00	2838.50	2838.00	2838.00	2838.00	2837.50	2837.50	2837.00	2836.50	2836.00	2835.50	2835.50	2835.25	2834.50	2834.50	2834.50	2834.00	2833.50	2833.50	2833.50	2832.50	2832.50	2831.50	2831.50	2831.00	2830.50	2829.75	2829.50	2829.25	2828.50	2828.25	2827.75	2827.50	2826.75	2826.50	2826.00	2825.50	2825.25	2825.00	2824.50	2824.50	2824.25	2823.75	2823.50	2823.50	2823.00	2822.50	2822.50	2822.00	2821.50	2821.50	2821.00	2820.50	2820.00	2819.50	2819.50	2819.25	2818.75	2818.50	2818.25	2817.50	2817.50	2817.50	2817.00	2816.50	2816.50	2816.50	2815.50	2815.50	2815.50	2815.00	2815.00	2815.00	2815.00	2815.00	2815.00	2815.00	2815.00	2814.75	2814.00	2814.00	2814.00	2813.00	2813.00	2813.00	2812.00	2812.00	2812.00	2811.50	2811.00	2810.50	2810.00	2809.00	2809.00	2808.50	2808.00	2808.00	2807.50	2807.00	2807.00	2806.00	2806.00	2805.50	2805.00	2804.50	2804.00	2803.50	2803.00	2802.00	2801.50	2801.00	2800.00	2799.50	2798.75	2798.00	2796.50	2795.50	2794.50	2793.50	2792.75	2791.00	2790.50	2790.00	2788.50	2787.50	2787.00	2785.50	2784.75	2784.00	2783.50	2783.00	2782.75	2782.00	2782.00	2781.75	2781.50	2781.50	2781.50	2781.50	2781.50	2781.50	2781.50	2781.25	2781.00	2781.00	2781.00	2781.00	2781.00	2780.50	2780.50	2780.25	2780.00	2780.00	2779.50	2779.00	2779.00	2778.25	2778.00	2777.25	2776.75	2776.25	2775.50	2774.25	2773.50	2772.50	2771.50	2770.75	2769.75	2768.75	2768.00	2767.00	2766.00	2765.00	2764.00	2763.25	2762.75	2762.25	2761.50	2760.75	2760.00	2759.25	2758.75	2758.50	2757.50	2757.50	2756.50	2756.50	2755.50	2755.00	2754.00	2753.50	2753.00	2752.50	2751.50	2750.50	2750.50	2749.50	2749.25	2748.75	2747.75	2747.50	2747.00	2746.50	2746.00	2745.75	2745.00	2744.50	2744.00	2743.00	2743.00	2742.00	2741.00	2740.50	2740.00	2739.50	2738.50	2738.00	2737.00	2737.00	2736.25	2736.00	2735.25	2735.00	2734.50	2734.00	2733.50	2733.00	2732.50	2732.00	2731.50	2731.00	2730.50	2730.00
2847.00	2847.00	2846.50	2846.00	2846.00	2846.00	2845.00	2845.00	2844.50	2844.00	2844.00	2844.00	2843.00	2843.00	2843.00	2842.00	2842.00	2841.50	2841.00	2841.00	2840.00	2840.00	2839.50	2839.00	2838.50	2838.00	2838.00	2838.00	2837.00	2837.00	2837.00	2836.00	2835.50	2835.00	2835.00	2834.50	2834.00	2834.00	2834.00	2834.00	2833.00	2833.00	2833.00	2832.00	2832.00	2831.00	2831.00	2830.50	2830.00	2829.50	2829.00	2829.00	2828.00	2828.00	2827.50	2827.00	2826.50	2826.00	2826.00	2825.00	2825.00	2825.00	2824.00	2824.00	2824.00	2823.50	2823.00	2823.00	2823.00	2822.00	2822.00	2821.50	2821.00	2821.00	2820.00	2820.00	2819.00	2819.00	2819.00	2818.50	2818.00	2818.00	2817.50	2817.00	2817.00	2817.00	2817.00	2816.00	2816.00	2816.00	2815.00	2815.00	2815.00	2815.00	2815.00	2815.00	2815.00	2815.00	2815.00	2815.00	2815.00	2814.50	2814.00	2814.00	2814.00	2813.00	2813.00	2813.00	2812.00	2812.00	2812.00	2811.50	2811.00	2810.50	2810.00	2809.00	2809.00	2808.50	2808.00	2808.00	2807.50	2807.00	2807.00	2806.00	2806.00	2805.50	2805.00	2804.50	2804.00	2803.50	2803.00	2802.00	2801.50	2801.00	2800.00	2799.50	2799.00	2798.00	2796.50	2796.00	2795.00	2793.50	2793.00	2791.50	2791.00	2790.50	2789.00	2788.00	2787.50	2786.00	2785.50	2784.50	2784.00	2783.00	2782.50	2782.00	2782.00	2781.50	2781.00	2781.00	2781.00	2781.00	2781.00	2781.00	2781.00	2780.50	2780.00	2780.00	2780.00	2780.00	2780.00	2780.00	2780.00	2779.50	2779.00	2779.00	2778.50	2778.00	2778.00	2777.50	2777.00	2776.50	2776.00	2775.50	2775.00	2773.50	2773.00	2772.00	2770.50	2770.00	2769.00	2768.00	2767.50	2766.00	2765.00	2764.50	2763.00	2762.50	2762.00	2761.50	2761.00	2760.00	2759.00	2758.50	2758.00	2758.00	2757.00	2757.00	2756.00	2756.00	2755.00	2754.50	2753.50	2753.00	2752.50	2752.00	2751.00	2750.00	2750.00	2749.00	2749.00	2748.50	2747.50	2747.00	2747.00	2746.00	2746.00	2745.50	2745.00	2744.50	2744.00	2743.00	2743.00	2742.00	2741.00	2740.50	2740.00	2739.50	2738.50	2738.00	2737.00	2737.00	2736.00	2736.00	2735.00	2735.00	2734.50	2734.00	2733.50	2733.00	2732.00	2732.00	2731.50	2731.00	2730.50	2730.00
2847.00	2847.00	2846.50	2846.00	2846.00	2846.00	2845.00	2845.00	2844.50	2844.00	2844.00	2844.00	2843.00	2843.00	2843.00	2842.00	2842.00	2841.50	2841.00	2841.00	2840.00	2840.00	2839.50	2839.00	2838.50	2838.00	2838.00	2838.00	2837.00	2837.00	2837.00	2836.00	2835.50	2835.00	2835.00	2834.50	2834.00	2834.00	2834.00	2834.00	2833.00	2833.00	2833.00	2832.00	2832.00	2831.00	2831.00	2830.50	2830.00	2829.50	2829.00	2829.00	2828.00	2828.00	2827.50	2827.00	2826.50	2826.00	2826.00	2825.00	2825.00	2825.00	2824.00	2824.00	2824.00	2823.50	2823.00	2823.00	2823.00	2822.00	2822.00	2821.50	2821.00	2821.00	2820.00	2820.00	2819.00	2819.00	2819.00	2818.50	2818.00	2818.00	2817.50	2817.00	2817.00	2817.00	2817.00	2816.00	2816.00	2816.00	2815.00	2815.00	2815.00	2815.00	2815.00	2815.00	2815.00	2815.00	2815.00	2815.00	2815.00	2814.50	2814.00	2814.00	2814.00	2813.00	2813.00	2813.00	2812.00	2812.00	2812.00	2811.50	2811.00	2810.50	2810.00	2809.00	2809.00	2808.50	2808.00	2808.00	2807.50	2807.00	2807.00	2806.00	2806.00	2805.50	2805.00	2804.50	2804.00	2803.50	2803.00	2802.00	2801.50	2801.00	2800.00	2799.50	2799.00	2798.00	2796.50	2796.00	2795.00	2793.50	2793.00	2791.50	2791.00	2790.50	2789.00	2788.00	2787.50	2786.00	2785.50	2784.50	2784.00	2783.00	2782.50	2782.00	2782.00	2781.50	2781.00	2781.00	2781.00	2781.00	2781.00	2781.00	2781.00	2780.50	2780.00	2780.00	2780.00	2780.00	2780.00	2780.00	2780.00	2779.50	2779.00	2779.00	2778.50	2778.00	2778.00	2777.50	2777.00	2776.50	2776.00	2775.50	2775.00	2773.50	2773.00	2772.00	2770.50	2770.00	2769.00	2768.00	2767.50	2766.00	2765.00	2764.50	2763.00	2762.50	2762.00	2761.50	2761.00	2760.00	2759.00	2758.50	2758.00	2758.00	2757.00	2757.00	2756.00	2756.00	2755.00	2754.50	2753.50	2753.00	2752.50	2752.00	2751.00	2750.00	2750.00	2749.00	2749.00	2748.50	2747.50	2747.00	2747.00	2746.00	2746.00	2745.50	2745.00	2744.50	2744.00	2743.00	2743.00	2742.00	2741.00	2740.50	2740.00	2739.50	2738.50	2738.00	2737.00	2737.00	2736.00	2736.00	2735.00	2735.00	2734.50	2734.00	2733.50	2733.00	2732.00	2732.00	2731.50	2731.00	2730.50	2730.00
2847.00	2847.00	2846.50	2846.00	2846.00	2846.00	2845.00	2845.00	2844.50	2844.00	2844.00	2844.00	2843.00	2843.00	2843.00	2842.00	2842.00	2841.50	2841.00	2841.00	2840.00	2840.00	2839.50	2839.00	2838.50	2838.00	2838.00	2838.00	2837.00	2837.00	2837.00	2836.00	2835.50	2835.00	2835.00	2834.50	2834.00	2834.00	2834.00	2834.00	2833.00	2833.00	2833.00	2832.00	2832.00	2831.00	2831.00	2830.50	2830.00	2829.50	2829.00	2829.00	2828.00	2828.00	2827.50	2827.00	2826.50	2826.00	2826.00	2825.00	2825.00	2825.00	2824.00	2824.00	2824.00	2823.50	2823.00	2823.00	2823.00	2822.00	2822.00	2821.50	2821.00	2821.00	2820.00	2820.00	2819.00	2819.00	2819.00	2818.50	2818.00	2818.00	2817.50	2817.00	2817.00	2817.00	2817.00	2816.00	2816.00	2816.00	2815.00	2815.00	2815.00	2815.00	2815.00	2815.00	2815.00	2815.00	2815.00	2815.00	2815.00	2814.50	2814.00	2814.00	2814.00	2813.00	2813.00	2813.00	2812.00	2812.00	2812.00	2811.50	2811.00	2810.50	2810.00	2809.00	2809.00	2808.50	2808.00	2808.00	2807.50	2807.00	2807.00	2806.00	2806.00	2805.50	2805.00	2804.50	2804.00	2803.50	2803.00	2802.00	2801.50	2801.00	2800.00	2799.50	2799.00	2798.00	2796.50	2796.00	2795.00	2793.50	2793.00	2791.50	2791.00	2790.50	2789.00	2788.00	2787.50	2786.00	2785.50	2784.50	2784.00	2783.00	2782.50	2782.00	2782.00	2781.50	2781.00	2781.00	2781.00	2781.00	2781.00	2781.00	2781.00	2780.50	2780.00	2780.00	2780.00	2780.00	2780.00	2780.00	2780.00	2779.50	2779.00	2779.00	2778.50	2778.00	2778.00	2777.50	2777.00	2776.50	2776.00	2775.50	2775.00	2773.50	2773.00	2772.00	2770.50	2770.00	2769.00	2768.00	2767.50	2766.00	2765.00	2764.50	2763.00	2762.50	2762.00	2761.50	2761.00	2760.00	2759.00	2758.50	2758.00	2758.00	2757.00	2757.00	2756.00	2756.00	2755.00	2754.50	2753.50	2753.00	2752.50	2752.00	2751.00	2750.00	2750.00	2749.00	2749.00	2748.50	2747.50	2747.00	2747.00	2746.00	2746.00	2745.50	2745.00	2744.50	2744.00	2743.00	2743.00	2742.00	2741.00	2740.50	2740.00	2739.50	2738.50	2738.00	2737.00	2737.00	2736.00	2736.00	2735.00	2735.00	2734.50	2734.00	2733.50	2733.00	2732.00	2732.00	2731.50	2731.00	2730.50	2730.00
2847.00	2846.50	2846.00	2846.00	2846.00	2846.00	2845.00	2845.00	2844.50	2844.00	2844.00	2844.00	2843.00	2843.00	2843.00	2842.00	2842.00	2841.50	2841.00	2841.00	2840.00	2840.00	2839.00	2839.00	2838.00	2838.00	2837.50	2837.00	2836.50	2836.00	2836.00	2835.00	2835.00	2834.50	2834.00	2834.00	2833.00	2833.00	2833.00	2833.00	2832.50	2832.00	2832.00	2832.00	2831.00	2831.00	2830.00	2830.00	2830.00	2829.00	2829.00	2829.00	2828.00	2828.00	2827.50	2827.00	2826.00	2826.00	2825.00	2825.00	2825.00	2824.00	2824.00	2824.00	2823.50	2823.00	2823.00	2822.00	2822.00	2821.50	2821.00	2820.00	2820.00	2819.50	2819.00	2818.50	2818.00	2818.00	2817.00	2817.00	2817.00	2817.00	2816.50	2816.00	2816.00	2816.00	2816.00	2815.50	2815.00	2815.00	2815.00	2815.00	2815.00	2815.00	2815.00	2815.00	2814.50	2814.00	2814.00	2814.00	2814.00	2814.00	2814.00	2813.00	2813.00	2813.00	2813.00	2812.50	2812.00	2811.50	2811.00	2811.00	2810.00	2809.50	2809.00	2809.00	2809.00	2808.50	2808.00	2808.00	2807.50	2807.00	2806.50	2806.00	2805.00	2805.00	2804.50	2804.00	2803.50	2803.00	2802.00	2802.00	2801.00	2800.00	2799.50	2799.00	2798.50	2798.00	2796.50	2796.00	2795.00	2794.50	2793.50	2792.50	2792.00	2791.50	2790.00	2789.00	2788.50	2787.00	2786.50	2786.00	2785.00	2784.00	2783.50	2783.00	2782.00	2781.50	2781.00	2781.00	2780.50	2780.00	2780.00	2779.50	2779.00	2779.00	2779.00	2779.00	2778.00	2778.00	2778.00	2778.00	2778.00	2778.00	2777.50	2777.00	2777.00	2777.00	2776.00	2776.00	2776.00	2775.00	2774.50	2774.00	2773.00	2772.00	2771.00	2770.00	2769.50	2769.00	2768.00	2767.00	2766.50	2766.00	2765.00	2764.00	2763.00	2762.00	2761.50	2761.00	2760.00	2759.50	2759.00	2758.00	2757.50	2757.00	2756.50	2756.00	2756.00	2755.00	2754.50	2754.00	2753.00	2752.50	2752.00	2751.00	2751.00	2750.00	2750.00	2749.00	2748.50	2748.00	2747.00	2746.50	2746.00	2746.00	2745.00	2745.00	2744.00	2743.50	2743.00	2743.00	2742.00	2741.00	2741.00	2740.00	2739.50	2739.00	2738.50	2738.00	2737.00	2737.00	2736.00	2735.00	2734.50	2734.00	2734.00	2733.00	2732.50	2732.00	2732.00	2731.00	2731.00	2730.00	2729.50	2729.00
2847.00	2846.50	2846.00	2846.00	2846.00	2846.00	2845.00	2845.00	2844.50	2844.00	2844.00	2844.00	2843.00	2843.00	2843.00	2842.00	2842.00	2841.50	2841.00	2841.00	2840.00	2840.00	2839.00	2839.00	2838.00	2838.00	2837.50	2837.00	2836.50	2836.00	2836.00	2835.00	2835.00	2834.50	2834.00	2834.00	2833.00	2833.00	2833.00	2833.00	2832.50	2832.00	2832.00	2832.00	2831.00	2831.00	2830.00	2830.00	2830.00	2829.00	2829.00	2829.00	2828.00	2828.00	2827.50	2827.00	2826.00	2826.00	2825.00	2825.00	2825.00	2824.00	2824.00	2824.00	2823.50	2823.00	2823.00	2822.00	2822.00	2821.50	2821.00	2820.00	2820.00	2819.50	2819.00	2818.50	2818.00	2818.00	2817.00	2817.00	2817.00	2817.00	2816.50	2816.00	2816.00	2816.00	2816.00	2815.50	2815.00	2815.00	2815.00	2815.00	2815.00	2815.00	2815.00	2815.00	2814.50	2814.00	2814.00	2814.00	2814.00	2814.00	2814.00	2813.00	2813.00	2813.00	2813.00	2812.50	2812.00	2811.50	2811.00	2811.00	2810.00	2809.50	2809.00	2809.00	2809.00	2808.50	2808.00	2808.00	2807.50	2807.00	2806.50	2806.00	2805.00	2805.00	2804.50	2804.00	2803.50	2803.00	2802.00	2802.00	2801.00	2800.00	2799.50	2799.00	2798.50	2798.00	2796.50	2796.00	2795.00	2794.50	2793.50	2792.50	2792.00	2791.50	2790.00	2789.00	2788.50	2787.00	2786.50	2786.00	2785.00	2784.00	2783.50	2783.00	2782.00	2781.50	2781.00	2781.00	2780.50	2780.00	2780.00	2779.50	2779.00	2779.00	2779.00	2779.00	2778.00	2778.00	2778.00	2778.00	2778.00	2778.00	2777.50	2777.00	2777.00	2777.00	2776.00	2776.00	2776.00	2775.00	2774.50	2774.00	2773.00	2772.00	2771.00	2770.00	2769.50	2769.00	2768.00	2767.00	2766.50	2766.00	2765.00	2764.00	2763.00	2762.00	2761.50	2761.00	2760.00	2759.50	2759.00	2758.00	2757.50	2757.00	2756.50	2756.00	2756.00	2755.00	2754.50	2754.00	2753.00	2752.50	2752.00	2751.00	2751.00	2750.00	2750.00	2749.00	2748.50	2748.00	2747.00	2746.50	2746.00	2746.00	2745.00	2745.00	2744.00	2743.50	2743.00	2743.00	2742.00	2741.00	2741.00	2740.00	2739.50	2739.00	2738.50	2738.00	2737.00	2737.00	2736.00	2735.00	2734.50	2734.00	2734.00	2733.00	2732.50	2732.00	2732.00	2731.00	2731.00	2730.00	2729.50	2729.00
2846.00	2846.00	2846.00	2846.00	2846.00	2845.00	2845.00	2845.00	2845.00	2844.50	2844.00	2844.00	2844.00	2844.00	2843.00	2843.00	2842.50	2842.00	2842.00	2841.50	2841.00	2840.00	2839.50	2839.00	2838.00	2838.00	2837.50	2837.00	2836.00	2835.00	2835.00	2834.50	2834.00	2833.50	2833.00	2832.50	2832.00	2832.00	2832.00	2831.00	2831.00	2831.00	2831.00	2830.00	2830.00	2830.00	2829.00	2829.00	2829.00	2829.00	2829.00	2828.50	2828.00	2828.00	2827.50	2827.00	2826.50	2826.00	2826.00	2826.00	2825.00	2825.00	2824.00	2824.00	2823.50	2823.00	2822.50	2822.00	2821.00	2820.50	2820.00	2819.50	2819.00	2819.00	2818.00	2818.00	2817.00	2817.00	2816.00	2816.00	2815.50	2815.00	2815.00	2815.00	2815.00	2815.00	2815.00	2814.00	2814.00	2814.00	2814.00	2813.50	2813.00	2813.00	2813.00	2813.50	2814.00	2814.00	2813.50	2813.00	2813.00	2813.00	2813.00	2813.00	2812.50	2812.00	2812.00	2811.50	2811.00	2811.00	2810.50	2810.00	2809.50	2809.00	2808.00	2808.00	2808.00	2808.00	2807.00	2807.00	2806.50	2806.00	2806.00	2805.00	2805.00	2805.00	2804.50	2804.00	2803.50	2803.00	2802.00	2802.00	2801.00	2800.00	2799.50	2799.00	2798.50	2798.00	2797.50	2797.00	2796.00	2795.50	2795.00	2793.50	2793.00	2792.50	2791.00	2790.00	2789.50	2788.00	2787.50	2786.50	2786.00	2785.00	2784.50	2783.00	2782.50	2782.00	2781.50	2780.50	2780.00	2779.00	2779.00	2778.50	2778.00	2778.00	2778.00	2777.50	2777.00	2777.00	2776.00	2776.00	2776.00	2776.00	2775.50	2775.00	2775.00	2775.00	2775.00	2774.00	2774.00	2773.00	2773.00	2772.50	2772.00	2771.00	2770.00	2770.00	2768.50	2768.00	2767.50	2766.50	2765.50	2765.00	2764.00	2763.50	2763.00	2762.00	2761.50	2761.00	2760.00	2759.50	2759.00	2758.00	2758.00	2757.50	2757.00	2756.50	2756.00	2755.00	2754.50	2754.00	2753.00	2752.50	2752.00	2751.00	2751.00	2750.00	2749.00	2748.50	2748.00	2747.50	2746.50	2746.00	2745.00	2745.00	2744.50	2744.00	2743.00	2743.00	2742.50	2741.00	2741.00	2740.00	2740.00	2739.00	2738.50	2738.00	2737.50	2737.00	2737.00	2736.00	2735.50	2735.00	2734.00	2733.50	2733.00	2732.00	2732.00	2731.00	2731.00	2730.00	2729.50	2728.50	2728.00	2727.50
2846.00	2846.00	2846.00	2846.00	2846.00	2845.00	2845.00	2845.00	2845.00	2844.50	2844.00	2844.00	2844.00	2844.00	2843.00	2843.00	2842.50	2842.00	2842.00	2841.50	2841.00	2840.00	2839.50	2839.00	2838.00	2838.00	2837.50	2837.00	2836.00	2835.00	2835.00	2834.50	2834.00	2833.50	2833.00	2832.50	2832.00	2832.00	2832.00	2831.00	2831.00	2831.00	2831.00	2830.00	2830.00	2830.00	2829.00	2829.00	2829.00	2829.00	2829.00	2828.50	2828.00	2828.00	2827.50	2827.00	2826.50	2826.00	2826.00	2826.00	2825.00	2825.00	2824.00	2824.00	2823.50	2823.00	2822.50	2822.00	2821.00	2820.50	2820.00	2819.50	2819.00	2819.00	2818.00	2818.00	2817.00	2817.00	2816.00	2816.00	2815.50	2815.00	2815.00	2815.00	2815.00	2815.00	2815.00	2814.00	2814.00	2814.00	2814.00	2813.50	2813.00	2813.00	2813.00	2813.50	2814.00	2814.00	2813.50	2813.00	2813.00	2813.00	2813.00	2813.00	2812.50	2812.00	2812.00	2811.50	2811.00	2811.00	2810.50	2810.00	2809.50	2809.00	2808.00	2808.00	2808.00	2808.00	2807.00	2807.00	2806.50	2806.00	2806.00	2805.00	2805.00	2805.00	2804.50	2804.00	2803.50	2803.00	2802.00	2802.00	2801.00	2800.00	2799.50	2799.00	2798.50	2798.00	2797.50	2797.00	2796.00	2795.50	2795.00	2793.50	2793.00	2792.50	2791.00	2790.00	2789.50	2788.00	2787.50	2786.50	2786.00	2785.00	2784.50	2783.00	2782.50	2782.00	2781.50	2780.50	2780.00	2779.00	2779.00	2778.50	2778.00	2778.00	2778.00	2777.50	2777.00	2777.00	2776.00	2776.00	2776.00	2776.00	2775.50	2775.00	2775.00	2775.00	2775.00	2774.00	2774.00	2773.00	2773.00	2772.50	2772.00	2771.00	2770.00	2770.00	2768.50	2768.00	2767.50	2766.50	2765.50	2765.00	2764.00	2763.50	2763.00	2762.00	2761.50	2761.00	2760.00	2759.50	2759.00	2758.00	2758.00	2757.50	2757.00	2756.50	2756.00	2755.00	2754.50	2754.00	2753.00	2752.50	2752.00	2751.00	2751.00	2750.00	2749.00	2748.50	2748.00	2747.50	2746.50	2746.00	2745.00	2745.00	2744.50	2744.00	2743.00	2743.00	2742.50	2741.00	2741.00	2740.00	2740.00	2739.00	2738.50	2738.00	2737.50	2737.00	2737.00	2736.00	2735.50	2735.00	2734.00	2733.50	2733.00	2732.00	2732.00	2731.00	2731.00	2730.00	2729.50	2728.50	2728.00	2727.50
2846.00	2846.00	2846.00	2846.00	2846.00	2845.00	2845.00	2845.00	2845.00	2844.50	2844.00	2844.00	2844.00	2844.00	2843.00	2843.00	2842.50	2842.00	2842.00	2841.50	2841.00	2840.00	2839.50	2839.00	2838.00	2838.00	2837.50	2837.00	2836.00	2835.00	2835.00	2834.50	2834.00	2833.50	2833.00	2832.50	2832.00	2832.00	2832.00	2831.00	2831.00	2831.00	2831.00	2830.00	2830.00	2830.00	2829.00	2829.00	2829.00	2829.00	2829.00	2828.50	2828.00	2828.00	2827.50	2827.00	2826.50	2826.00	2826.00	2826.00	2825.00	2825.00	2824.00	2824.00	2823.50	2823.00	2822.50	2822.00	2821.00	2820.50	2820.00	2819.50	2819.00	2819.00	2818.00	2818.00	2817.00	2817.00	2816.00	2816.00	2815.50	2815.00	2815.00	2815.00	2815.00	2815.00	2815.00	2814.00	2814.00	2814.00	2814.00	2813.50	2813.00	2813.00	2813.00	2813.50	2814.00	2814.00	2813.50	2813.00	2813.00	2813.00	2813.00	2813.00	2812.50	2812.00	2812.00	2811.50	2811.00	2811.00	2810.50	2810.00	2809.50	2809.00	2808.00	2808.00	2808.00	2808.00	2807.00	2807.00	2806.50	2806.00	2806.00	2805.00	2805.00	2805.00	2804.50	2804.00	2803.50	2803.00	2802.00	2802.00	2801.00	2800.00	2799.50	2799.00	2798.50	2798.00	2797.50	2797.00	2796.00	2795.50	2795.00	2793.50	2793.00	2792.50	2791.00	2790.00	2789.50	2788.00	2787.50	2786.50	2786.00	2785.00	2784.50	2783.00	2782.50	2782.00	2781.50	2780.50	2780.00	2779.00	2779.00	2778.50	2778.00	2778.00	2778.00	2777.50	2777.00	2777.00	2776.00	2776.00	2776.00	2776.00	2775.50	2775.00	2775.00	2775.00	2775.00	2774.00	2774.00	2773.00	2773.00	2772.50	2772.00	2771.00	2770.00	2770.00	2768.50	2768.00	2767.50	2766.50	2765.50	2765.00	2764.00	2763.50	2763.00	2762.00	2761.50	2761.00	2760.00	2759.50	2759.00	2758.00	2758.00	2757.50	2757.00	2756.50	2756.00	2755.00	2754.50	2754.00	2753.00	2752.50	2752.00	2751.00	2751.00	2750.00	2749.00	2748.50	2748.00	2747.50	2746.50	2746.00	2745.00	2745.00	2744.50	2744.00	2743.00	2743.00	2742.50	2741.00	2741.00	2740.00	2740.00	2739.00	2738.50	2738.00	2737.50	2737.00	2737.00	2736.00	2735.50	2735.00	2734.00	2733.50	2733.00	2732.00	2732.00	2731.00	2731.00	2730.00	2729.50	2728.50	2728.00	2727.50
2846.00	2846.00	2846.00	2846.00	2846.00	2845.00	2845.00	2845.00	2845.00	2844.50	2844.00	2844.00	2844.00	2844.00	2843.00	2843.00	2842.50	2842.00	2842.00	2841.50	2841.00	2840.00	2839.50	2839.00	2838.00	2838.00	2837.50	2837.00	2836.00	2835.00	2835.00	2834.50	2834.00	2833.50	2833.00	2832.50	2832.00	2832.00	2832.00	2831.00	2831.00	2831.00	2831.00	2830.00	2830.00	2830.00	2829.00	2829.00	2829.00	2829.00	2829.00	2828.50	2828.00	2828.00	2827.50	2827.00	2826.50	2826.00	2826.00	2826.00	2825.00	2825.00	2824.00	2824.00	2823.50	2823.00	2822.50	2822.00	2821.00	2820.50	2820.00	2819.50	2819.00	2819.00	2818.00	2818.00	2817.00	2817.00	2816.00	2816.00	2815.50	2815.00	2815.00	2815.00	2815.00	2815.00	2815.00	2814.00	2814.00	2814.00	2814.00	2813.50	2813.00	2813.00	2813.00	2813.50	2814.00	2814.00	2813.50	2813.00	2813.00	2813.00	2813.00	2813.00	2812.50	2812.00	2812.00	2811.50	2811.00	2811.00	2810.50	2810.00	2809.50	2809.00	2808.00	2808.00	2808.00	2808.00	2807.00	2807.00	2806.50	2806.00	2806.00	2805.00	2805.00	2805.00	2804.50	2804.00	2803.50	2803.00	2802.00	2802.00	2801.00	2800.00	2799.50	2799.00	2798.50	2798.00	2797.50	2797.00	2796.00	2795.50	2795.00	2793.50	2793.00	2792.50	2791.00	2790.00	2789.50	2788.00	2787.50	2786.50	2786.00	2785.00	2784.50	2783.00	2782.50	2782.00	2781.50	2780.50	2780.00	2779.00	2779.00	2778.50	2778.00	2778.00	2778.00	2777.50	2777.00	2777.00	2776.00	2776.00	2776.00	2776.00	2775.50	2775.00	2775.00	2775.00	2775.00	2774.00	2774.00	2773.00	2773.00	2772.50	2772.00	2771.00	2770.00	2770.00	2768.50	2768.00	2767.50	2766.50	2765.50	2765.00	2764.00	2763.50	2763.00	2762.00	2761.50	2761.00	2760.00	2759.50	2759.00	2758.00	2758.00	2757.50	2757.00	2756.50	2756.00	2755.00	2754.50	2754.00	2753.00	2752.50	2752.00	2751.00	2751.00	2750.00	2749.00	2748.50	2748.00	2747.50	2746.50	2746.00	2745.00	2745.00	2744.50	2744.00	2743.00	2743.00	2742.50	2741.00	2741.00	2740.00	2740.00	2739.00	2738.50	2738.00	2737.50	2737.00	2737.00	2736.00	2735.50	2735.00	2734.00	2733.50	2733.00	2732.00	2732.00	2731.00	2731.00	2730.00	2729.50	2728.50	2728.00	2727.50
2846.00	2846.00	2846.00	2846.00	2846.00	2845.00	2845.00	2845.00	2845.00	2844.75	2844.50	2844.00	2844.00	2844.00	2843.00	2843.00	2842.75	2842.25	2842.00	2841.50	2841.00	2840.00	2839.50	2839.00	2838.00	2837.75	2837.25	2836.50	2835.75	2835.00	2834.50	2834.00	2833.50	2833.00	2832.50	2832.25	2831.50	2831.50	2831.50	2830.50	2830.50	2830.50	2830.50	2830.00	2830.00	2829.50	2829.00	2829.00	2828.75	2828.50	2828.50	2828.25	2828.00	2828.00	2827.50	2827.00	2826.75	2826.25	2826.00	2826.00	2825.00	2824.50	2824.00	2823.75	2823.25	2822.75	2822.25	2822.00	2821.00	2820.50	2820.00	2819.25	2818.75	2818.50	2817.50	2817.50	2816.50	2816.50	2815.75	2815.50	2815.25	2814.75	2814.50	2814.50	2814.50	2814.25	2814.00	2813.50	2813.25	2813.00	2813.00	2812.75	2812.50	2812.50	2812.50	2812.75	2813.00	2813.00	2812.75	2812.50	2812.50	2812.50	2812.50	2812.50	2812.25	2812.00	2811.50	2811.25	2811.00	2810.50	2810.25	2810.00	2809.50	2809.00	2808.00	2808.00	2807.75	2807.50	2806.75	2806.50	2806.25	2806.00	2805.50	2805.00	2805.00	2804.75	2804.25	2803.75	2803.25	2802.75	2802.00	2801.50	2801.00	2800.00	2799.75	2799.25	2798.75	2798.50	2797.75	2797.00	2796.50	2796.00	2795.50	2794.00	2793.50	2793.00	2791.50	2790.75	2790.25	2789.00	2788.25	2787.50	2786.50	2785.50	2784.50	2783.50	2782.50	2782.00	2781.50	2780.25	2779.75	2779.00	2778.50	2778.00	2777.50	2777.00	2777.00	2776.50	2776.00	2776.00	2775.00	2775.00	2775.00	2775.00	2774.50	2774.00	2774.00	2774.00	2774.00	2773.00	2773.00	2772.50	2772.25	2771.75	2771.00	2770.50	2769.50	2769.50	2768.25	2767.75	2767.00	2766.00	2765.25	2764.50	2764.00	2763.25	2762.50	2762.00	2761.50	2761.00	2760.00	2759.75	2759.00	2758.50	2758.25	2757.75	2757.00	2756.75	2756.00	2755.50	2755.00	2754.50	2753.50	2753.00	2752.25	2751.50	2751.00	2750.00	2749.00	2748.75	2748.25	2747.50	2746.50	2746.00	2745.00	2745.00	2744.25	2743.75	2742.75	2742.50	2742.00	2741.00	2740.50	2739.50	2739.50	2738.50	2738.25	2737.75	2737.25	2736.75	2736.50	2736.00	2735.25	2734.50	2733.75	2733.25	2732.75	2732.00	2731.50	2731.00	2730.50	2730.00	2729.50	2728.50	2728.00	2727.50
2846.00	2846.00	2846.00	2846.00	2846.00	2845.00	2845.00	2845.00	2845.00	2845.00	2845.00	2844.00	2844.00	2844.00	2843.00	2843.00	2843.00	2842.50	2842.00	2841.50	2841.00	2840.00	2839.50	2839.00	2838.00	2837.50	2837.00	2836.00	2835.50	2835.00	2834.00	2833.50	2833.00	2832.50	2832.00	2832.00	2831.00	2831.00	2831.00	2830.00	2830.00	2830.00	2830.00	2830.00	2830.00	2829.00	2829.00	2829.00	2828.50	2828.00	2828.00	2828.00	2828.00	2828.00	2827.50	2827.00	2827.00	2826.50	2826.00	2826.00	2825.00	2824.00	2824.00	2823.50	2823.00	2822.50	2822.00	2822.00	2821.00	2820.50	2820.00	2819.00	2818.50	2818.00	2817.00	2817.00	2816.00	2816.00	2815.50	2815.00	2815.00	2814.50	2814.00	2814.00	2814.00	2813.50	2813.00	2813.00	2812.50	2812.00	2812.00	2812.00	2812.00	2812.00	2812.00	2812.00	2812.00	2812.00	2812.00	2812.00	2812.00	2812.00	2812.00	2812.00	2812.00	2812.00	2811.00	2811.00	2811.00	2810.00	2810.00	2810.00	2809.50	2809.00	2808.00	2808.00	2807.50	2807.00	2806.50	2806.00	2806.00	2806.00	2805.00	2805.00	2805.00	2804.50	2804.00	2803.50	2803.00	2802.50	2802.00	2801.00	2801.00	2800.00	2800.00	2799.50	2799.00	2799.00	2798.00	2797.00	2797.00	2796.50	2796.00	2794.50	2794.00	2793.50	2792.00	2791.50	2791.00	2790.00	2789.00	2788.50	2787.00	2786.00	2784.50	2784.00	2782.50	2782.00	2781.50	2780.00	2779.50	2779.00	2778.00	2777.50	2777.00	2776.00	2776.00	2775.50	2775.00	2775.00	2774.00	2774.00	2774.00	2774.00	2773.50	2773.00	2773.00	2773.00	2773.00	2772.00	2772.00	2772.00	2771.50	2771.00	2770.00	2770.00	2769.00	2769.00	2768.00	2767.50	2766.50	2765.50	2765.00	2764.00	2764.00	2763.00	2762.00	2762.00	2761.50	2761.00	2760.00	2760.00	2759.00	2759.00	2758.50	2758.00	2757.00	2757.00	2756.00	2756.00	2755.50	2755.00	2754.00	2753.50	2752.50	2752.00	2751.00	2750.00	2749.00	2749.00	2748.50	2747.50	2746.50	2746.00	2745.00	2745.00	2744.00	2743.50	2742.50	2742.00	2741.50	2741.00	2740.00	2739.00	2739.00	2738.00	2738.00	2737.50	2737.00	2736.50	2736.00	2736.00	2735.00	2734.00	2733.50	2733.00	2732.50	2732.00	2731.00	2731.00	2730.00	2730.00	2729.50	2728.50	2728.00	2727.50
2846.00	2846.00	2846.00	2846.00	2846.00	2845.00	2845.00	2845.00	2845.00	2845.00	2845.00	2844.00	2844.00	2844.00	2843.00	2843.00	2843.00	2842.50	2842.00	2841.50	2841.00	2840.00	2839.50	2839.00	2838.00	2837.50	2837.00	2836.00	2835.50	2835.00	2834.00	2833.50	2833.00	2832.50	2832.00	2832.00	2831.00	2831.00	2831.00	2830.00	2830.00	2830.00	2830.00	2830.00	2830.00	2829.00	2829.00	2829.00	2828.50	2828.00	2828.00	2828.00	2828.00	2828.00	2827.50	2827.00	2827.00	2826.50	2826.00	2826.00	2825.00	2824.00	2824.00	2823.50	2823.00	2822.50	2822.00	2822.00	2821.00	2820.50	2820.00	2819.00	2818.50	2818.00	2817.00	2817.00	2816.00	2816.00	2815.50	2815.00	2815.00	2814.50	2814.00	2814.00	2814.00	2813.50	2813.00	2813.00	2812.50	2812.00	2812.00	2812.00	2812.00	2812.00	2812.00	2812.00	2812.00	2812.00	2812.00	2812.00	2812.00	2812.00	2812.00	2812.00	2812.00	2812.00	2811.00	2811.00	2811.00	2810.00	2810.00	2810.00	2809.50	2809.00	2808.00	2808.00	2807.50	2807.00	2806.50	2806.00	2806.00	2806.00	2805.00	2805.00	2805.00	2804.50	2804.00	2803.50	2803.00	2802.50	2802.00	2801.00	2801.00	2800.00	2800.00	2799.50	2799.00	2799.00	2798.00	2797.00	2797.00	2796.50	2796.00	2794.50	2794.00	2793.50	2792.00	2791.50	2791.00	2790.00	2789.00	2788.50	2787.00	2786.00	2784.50	2784.00	2782.50	2782.00	2781.50	2780.00	2779.50	2779.00	2778.00	2777.50	2777.00	2776.00	2776.00	2775.50	2775.00	2775.00	2774.00	2774.00	2774.00	2774.00	2773.50	2773.00	2773.00	2773.00	2773.00	2772.00	2772.00	2772.00	2771.50	2771.00	2770.00	2770.00	2769.00	2769.00	2768.00	2767.50	2766.50	2765.50	2765.00	2764.00	2764.00	2763.00	2762.00	2762.00	2761.50	2761.00	2760.00	2760.00	2759.00	2759.00	2758.50	2758.00	2757.00	2757.00	2756.00	2756.00	2755.50	2755.00	2754.00	2753.50	2752.50	2752.00	2751.00	2750.00	2749.00	2749.00	2748.50	2747.50	2746.50	2746.00	2745.00	2745.00	2744.00	2743.50	2742.50	2742.00	2741.50	2741.00	2740.00	2739.00	2739.00	2738.00	2738.00	2737.50	2737.00	2736.50	2736.00	2736.00	2735.00	2734.00	2733.50	2733.00	2732.50	2732.00	2731.00	2731.00	2730.00	2730.00	2729.50	2728.50	2728.00	2727.50
2846.00	2846.00	2846.00	2846.00	2846.00	2845.00	2845.00	2845.00	2845.00	2845.00	2845.00	2844.00	2844.00	2844.00	2843.00	2843.00	2843.00	2842.50	2842.00	2841.50	2841.00	2840.00	2839.50	2839.00	2838.00	2837.50	2837.00	2836.00	2835.50	2835.00	2834.00	2833.50	2833.00	2832.50	2832.00	2832.00	2831.00	2831.00	2831.00	2830.00	2830.00	2830.00	2830.00	2830.00	2830.00	2829.00	2829.00	2829.00	2828.50	2828.00	2828.00	2828.00	2828.00	2828.00	2827.50	2827.00	2827.00	2826.50	2826.00	2826.00	2825.00	2824.00	2824.00	2823.50	2823.00	2822.50	2822.00	2822.00	2821.00	2820.50	2820.00	2819.00	2818.50	2818.00	2817.00	2817.00	2816.00	2816.00	2815.50	2815.00	2815.00	2814.50	2814.00	2814.00	2814.00	2813.50	2813.00	2813.00	2812.50	2812.00	2812.00	2812.00	2812.00	2812.00	2812.00	2812.00	2812.00	2812.00	2812.00	2812.00	2812.00	2812.00	2812.00	2812.00	2812.00	2812.00	2811.00	2811.00	2811.00	2810.00	2810.00	2810.00	2809.50	2809.00	2808.00	2808.00	2807.50	2807.00	2806.50	2806.00	2806.00	2806.00	2805.00	2805.00	2805.00	2804.50	2804.00	2803.50	2803.00	2802.50	2802.00	2801.00	2801.00	2800.00	2800.00	2799.50	2799.00	2799.00	2798.00	2797.00	2797.00	2796.50	2796.00	2794.50	2794.00	2793.50	2792.00	2791.50	2791.00	2790.00	2789.00	2788.50	2787.00	2786.00	2784.50	2784.00	2782.50	2782.00	2781.50	2780.00	2779.50	2779.00	2778.00	2777.50	2777.00	2776.00	2776.00	2775.50	2775.00	2775.00	2774.00	2774.00	2774.00	2774.00	2773.50	2773.00	2773.00	2773.00	2773.00	2772.00	2772.00	2772.00	2771.50	2771.00	2770.00	2770.00	2769.00	2769.00	2768.00	2767.50	2766.50	2765.50	2765.00	2764.00	2764.00	2763.00	2762.00	2762.00	2761.50	2761.00	2760.00	2760.00	2759.00	2759.00	2758.50	2758.00	2757.00	2757.00	2756.00	2756.00	2755.50	2755.00	2754.00	2753.50	2752.50	2752.00	2751.00	2750.00	2749.00	2749.00	2748.50	2747.50	2746.50	2746.00	2745.00	2745.00	2744.00	2743.50	2742.50	2742.00	2741.50	2741.00	2740.00	2739.00	2739.00	2738.00	2738.00	2737.50	2737.00	2736.50	2736.00	2736.00	2735.00	2734.00	2733.50	2733.00	2732.50	2732.00	2731.00	2731.00	2730.00	2730.00	2729.50	2728.50	2728.00	2727.50
2846.00	2846.00	2846.00	2846.00	2845.50	2845.00	2845.00	2845.00	2845.00	2845.00	2844.75	2844.00	2844.00	2843.50	2843.00	2843.00	2843.00	2842.50	2842.00	2841.50	2841.00	2840.00	2839.50	2839.00	2838.00	2837.50	2837.00	2836.00	2835.50	2835.00	2834.00	2833.50	2833.00	2832.50	2832.00	2831.75	2831.00	2831.00	2830.75	2830.00	2830.00	2829.75	2829.50	2829.50	2829.50	2829.00	2829.00	2829.00	2828.75	2828.50	2828.25	2828.00	2828.00	2828.00	2827.75	2827.00	2827.00	2826.75	2826.00	2826.00	2825.00	2824.50	2824.00	2823.75	2823.25	2822.50	2822.00	2821.50	2821.00	2820.25	2819.50	2818.75	2818.25	2818.00	2817.00	2817.00	2816.00	2816.00	2815.25	2815.00	2814.75	2814.25	2813.75	2813.50	2813.50	2813.00	2812.50	2812.25	2811.75	2811.50	2811.50	2811.50	2811.50	2811.50	2811.50	2811.50	2811.50	2811.50	2811.50	2811.50	2811.50	2811.50	2811.50	2811.50	2811.50	2811.50	2811.00	2810.50	2810.50	2809.75	2809.50	2809.50	2809.25	2808.75	2808.00	2808.00	2807.50	2807.00	2806.50	2806.00	2805.75	2805.50	2804.75	2804.50	2804.50	2804.00	2803.50	2803.00	2802.50	2802.25	2801.50	2801.00	2800.75	2800.00	2799.75	2799.25	2799.00	2799.00	2798.00	2797.50	2797.50	2796.75	2796.25	2795.25	2794.75	2794.25	2793.00	2792.25	2791.75	2790.50	2789.50	2789.00	2787.50	2786.50	2785.00	2784.00	2782.50	2781.75	2781.25	2779.75	2779.00	2778.50	2777.50	2776.75	2776.25	2775.25	2775.00	2774.75	2774.00	2774.00	2773.50	2773.00	2773.00	2773.00	2772.75	2772.00	2772.00	2772.00	2772.00	2771.50	2771.50	2771.00	2770.75	2770.25	2769.50	2769.25	2768.50	2768.00	2767.50	2767.00	2766.25	2765.50	2765.00	2764.00	2764.00	2763.00	2762.50	2762.00	2761.75	2761.25	2760.50	2760.25	2759.50	2759.00	2758.75	2758.25	2757.50	2757.25	2756.50	2756.00	2755.75	2755.25	2754.50	2754.00	2753.25	2752.50	2751.50	2750.50	2749.50	2749.25	2748.75	2748.00	2746.75	2746.25	2745.00	2744.50	2743.50	2743.00	2742.00	2741.50	2741.00	2740.50	2739.50	2738.50	2738.50	2737.75	2737.50	2737.25	2736.50	2736.25	2735.50	2735.50	2734.50	2734.00	2733.25	2732.75	2732.25	2732.00	2731.00	2731.00	2730.00	2730.00	2729.50	2728.50	2728.00	2727.50
2846.00	2846.00	2846.00	2846.00	2845.00	2845.00	2845.00	2845.00	2845.00	2845.00	2844.50	2844.00	2844.00	2843.00	2843.00	2843.00	2843.00	2842.50	2842.00	2841.50	2841.00	2840.00	2839.50	2839.00	2838.00	2837.50	2837.00	2836.00	2835.50	2835.00	2834.00	2833.50	2833.00	2832.50	2832.00	2831.50	2831.00	2831.00	2830.50	2830.00	2830.00	2829.50	2829.00	2829.00	2829.00	2829.00	2829.00	2829.00	2829.00	2829.00	2828.50	2828.00	2828.00	2828.00	2828.00	2827.00	2827.00	2827.00	2826.00	2826.00	2825.00	2825.00	2824.00	2824.00	2823.50	2822.50	2822.00	2821.00	2821.00	2820.00	2819.00	2818.50	2818.00	2818.00	2817.00	2817.00	2816.00	2816.00	2815.00	2815.00	2814.50	2814.00	2813.50	2813.00	2813.00	2812.50	2812.00	2811.50	2811.00	2811.00	2811.00	2811.00	2811.00	2811.00	2811.00	2811.00	2811.00	2811.00	2811.00	2811.00	2811.00	2811.00	2811.00	2811.00	2811.00	2811.00	2811.00	2810.00	2810.00	2809.50	2809.00	2809.00	2809.00	2808.50	2808.00	2808.00	2807.50	2807.00	2806.50	2806.00	2805.50	2805.00	2804.50	2804.00	2804.00	2803.50	2803.00	2802.50	2802.00	2802.00	2801.00	2801.00	2800.50	2800.00	2799.50	2799.00	2799.00	2799.00	2798.00	2798.00	2798.00	2797.00	2796.50	2796.00	2795.50	2795.00	2794.00	2793.00	2792.50	2791.00	2790.00	2789.50	2788.00	2787.00	2785.50	2784.00	2782.50	2781.50	2781.00	2779.50	2778.50	2778.00	2777.00	2776.00	2775.50	2774.50	2774.00	2774.00	2773.00	2773.00	2773.00	2772.00	2772.00	2772.00	2772.00	2771.00	2771.00	2771.00	2771.00	2771.00	2771.00	2770.00	2770.00	2769.50	2769.00	2768.50	2768.00	2767.00	2767.00	2766.50	2766.00	2765.50	2765.00	2764.00	2764.00	2763.00	2763.00	2762.00	2762.00	2761.50	2761.00	2760.50	2760.00	2759.00	2759.00	2758.50	2758.00	2757.50	2757.00	2756.00	2756.00	2755.50	2755.00	2754.50	2754.00	2753.00	2752.00	2751.00	2750.00	2749.50	2749.00	2748.50	2747.00	2746.50	2745.00	2744.00	2743.00	2742.50	2741.50	2741.00	2740.50	2740.00	2739.00	2738.00	2738.00	2737.50	2737.00	2737.00	2736.00	2736.00	2735.00	2735.00	2734.00	2734.00	2733.00	2732.50	2732.00	2732.00	2731.00	2731.00	2730.00	2730.00	2729.50	2728.50	2728.00	2727.50
2846.00	2846.00	2846.00	2846.00	2845.00	2845.00	2845.00	2845.00	2845.00	2845.00	2844.50	2844.00	2844.00	2843.00	2843.00	2843.00	2843.00	2842.50	2842.00	2841.50	2841.00	2840.00	2839.50	2839.00	2838.00	2837.50	2837.00	2836.00	2835.50	2835.00	2834.00	2833.50	2833.00	2832.50	2832.00	2831.50	2831.00	2831.00	2830.50	2830.00	2830.00	2829.50	2829.00	2829.00	2829.00	2829.00	2829.00	2829.00	2829.00	2829.00	2828.50	2828.00	2828.00	2828.00	2828.00	2827.00	2827.00	2827.00	2826.00	2826.00	2825.00	2825.00	2824.00	2824.00	2823.50	2822.50	2822.00	2821.00	2821.00	2820.00	2819.00	2818.50	2818.00	2818.00	2817.00	2817.00	2816.00	2816.00	2815.00	2815.00	2814.50	2814.00	2813.50	2813.00	2813.00	2812.50	2812.00	2811.50	2811.00	2811.00	2811.00	2811.00	2811.00	2811.00	2811.00	2811.00	2811.00	2811.00	2811.00	2811.00	2811.00	2811.00	2811.00	2811.00	2811.00	2811.00	2811.00	2810.00	2810.00	2809.50	2809.00	2809.00	2809.00	2808.50	2808.00	2808.00	2807.50	2807.00	2806.50	2806.00	2805.50	2805.00	2804.50	2804.00	2804.00	2803.50	2803.00	2802.50	2802.00	2802.00	2801.00	2801.00	2800.50	2800.00	2799.50	2799.00	2799.00	2799.00	2798.00	2798.00	2798.00	2797.00	2796.50	2796.00	2795.50	2795.00	2794.00	2793.00	2792.50	2791.00	2790.00	2789.50	2788.00	2787.00	2785.50	2784.00	2782.50	2781.50	2781.00	2779.50	2778.50	2778.00	2777.00	2776.00	2775.50	2774.50	2774.00	2774.00	2773.00	2773.00	2773.00	2772.00	2772.00	2772.00	2772.00	2771.00	2771.00	2771.00	2771.00	2771.00	2771.00	2770.00	2770.00	2769.50	2769.00	2768.50	2768.00	2767.00	2767.00	2766.50	2766.00	2765.50	2765.00	2764.00	2764.00	2763.00	2763.00	2762.00	2762.00	2761.50	2761.00	2760.50	2760.00	2759.00	2759.00	2758.50	2758.00	2757.50	2757.00	2756.00	2756.00	2755.50	2755.00	2754.50	2754.00	2753.00	2752.00	2751.00	2750.00	2749.50	2749.00	2748.50	2747.00	2746.50	2745.00	2744.00	2743.00	2742.50	2741.50	2741.00	2740.50	2740.00	2739.00	2738.00	2738.00	2737.50	2737.00	2737.00	2736.00	2736.00	2735.00	2735.00	2734.00	2734.00	2733.00	2732.50	2732.00	2732.00	2731.00	2731.00	2730.00	2730.00	2729.50	2728.50	2728.00	2727.50
2846.00	2846.00	2846.00	2846.00	2845.00	2845.00	2845.00	2845.00	2845.00	2845.00	2844.50	2844.00	2844.00	2843.00	2843.00	2843.00	2843.00	2842.50	2842.00	2841.50	2841.00	2840.00	2839.50	2839.00	2838.00	2837.50	2837.00	2836.00	2835.50	2835.00	2834.00	2833.50	2833.00	2832.50	2832.00	2831.50	2831.00	2831.00	2830.50	2830.00	2830.00	2829.50	2829.00	2829.00	2829.00	2829.00	2829.00	2829.00	2829.00	2829.00	2828.50	2828.00	2828.00	2828.00	2828.00	2827.00	2827.00	2827.00	2826.00	2826.00	2825.00	2825.00	2824.00	2824.00	2823.50	2822.50	2822.00	2821.00	2821.00	2820.00	2819.00	2818.50	2818.00	2818.00	2817.00	2817.00	2816.00	2816.00	2815.00	2815.00	2814.50	2814.00	2813.50	2813.00	2813.00	2812.50	2812.00	2811.50	2811.00	2811.00	2811.00	2811.00	2811.00	2811.00	2811.00	2811.00	2811.00	2811.00	2811.00	2811.00	2811.00	2811.00	2811.00	2811.00	2811.00	2811.00	2811.00	2810.00	2810.00	2809.50	2809.00	2809.00	2809.00	2808.50	2808.00	2808.00	2807.50	2807.00	2806.50	2806.00	2805.50	2805.00	2804.50	2804.00	2804.00	2803.50	2803.00	2802.50	2802.00	2802.00	2801.00	2801.00	2800.50	2800.00	2799.50	2799.00	2799.00	2799.00	2798.00	2798.00	2798.00	2797.00	2796.50	2796.00	2795.50	2795.00	2794.00	2793.00	2792.50	2791.00	2790.00	2789.50	2788.00	2787.00	2785.50	2784.00	2782.50	2781.50	2781.00	2779.50	2778.50	2778.00	2777.00	2776.00	2775.50	2774.50	2774.00	2774.00	2773.00	2773.00	2773.00	2772.00	2772.00	2772.00	2772.00	2771.00	2771.00	2771.00	2771.00	2771.00	2771.00	2770.00	2770.00	2769.50	2769.00	2768.50	2768.00	2767.00	2767.00	2766.50	2766.00	2765.50	2765.00	2764.00	2764.00	2763.00	2763.00	2762.00	2762.00	2761.50	2761.00	2760.50	2760.00	2759.00	2759.00	2758.50	2758.00	2757.50	2757.00	2756.00	2756.00	2755.50	2755.00	2754.50	2754.00	2753.00	2752.00	2751.00	2750.00	2749.50	2749.00	2748.50	2747.00	2746.50	2745.00	2744.00	2743.00	2742.50	2741.50	2741.00	2740.50	2740.00	2739.00	2738.00	2738.00	2737.50	2737.00	2737.00	2736.00	2736.00	2735.00	2735.00	2734.00	2734.00	2733.00	2732.50	2732.00	2732.00	2731.00	2731.00	2730.00	2730.00	2729.50	2728.50	2728.00	2727.50
2846.25	2846.00	2846.00	2846.00	2845.00	2845.00	2845.00	2845.00	2845.00	2845.00	2844.50	2844.00	2844.00	2843.00	2843.00	2843.00	2842.75	2842.25	2842.00	2841.50	2841.00	2840.00	2839.50	2839.00	2837.75	2837.25	2836.75	2836.00	2835.25	2834.50	2834.00	2833.50	2833.00	2832.50	2831.75	2831.25	2831.00	2831.00	2830.25	2830.00	2830.00	2829.50	2829.00	2829.00	2829.00	2829.00	2829.00	2829.00	2829.00	2829.00	2828.75	2828.50	2828.50	2828.25	2828.00	2827.50	2827.25	2827.00	2826.50	2826.00	2825.50	2825.00	2824.25	2824.00	2823.50	2822.50	2822.00	2821.00	2821.00	2820.00	2819.50	2818.75	2818.25	2818.00	2817.50	2817.00	2816.50	2816.00	2815.25	2815.00	2814.50	2814.00	2813.50	2813.00	2812.50	2812.00	2811.50	2811.00	2810.50	2810.50	2810.00	2810.00	2810.00	2810.00	2810.00	2810.00	2810.00	2810.00	2810.00	2810.00	2810.25	2810.50	2810.50	2810.50	2810.50	2810.50	2810.50	2810.00	2810.00	2809.25	2809.00	2809.00	2808.50	2808.25	2808.00	2808.00	2807.25	2807.00	2806.25	2805.75	2805.25	2805.00	2804.25	2804.00	2803.50	2803.25	2802.75	2802.25	2801.75	2801.50	2801.00	2801.00	2800.25	2800.00	2799.50	2799.00	2799.00	2799.00	2798.00	2798.00	2798.00	2797.00	2796.75	2796.25	2795.75	2795.25	2794.50	2793.25	2792.75	2791.50	2790.25	2789.50	2788.50	2787.50	2786.00	2784.50	2783.00	2782.00	2781.25	2779.50	2778.50	2777.50	2777.00	2775.75	2775.00	2774.00	2773.50	2773.25	2772.50	2772.50	2772.00	2771.50	2771.50	2771.25	2771.00	2770.50	2770.50	2770.50	2770.50	2770.00	2770.00	2769.50	2769.50	2769.00	2768.50	2768.00	2767.50	2767.00	2766.50	2766.25	2765.75	2765.25	2764.75	2764.00	2764.00	2763.00	2763.00	2762.00	2762.00	2761.75	2761.00	2760.75	2760.00	2759.50	2759.50	2759.00	2758.50	2758.25	2757.50	2757.00	2756.50	2756.00	2755.25	2754.75	2754.25	2753.50	2752.50	2751.50	2751.00	2750.00	2749.50	2749.00	2747.25	2746.50	2745.50	2744.50	2743.25	2742.75	2741.50	2741.00	2740.50	2740.00	2739.00	2738.00	2738.00	2737.25	2736.75	2736.50	2735.75	2735.50	2734.50	2734.50	2734.00	2733.50	2733.00	2732.50	2732.00	2731.50	2731.00	2730.50	2730.00	2729.75	2729.25	2728.25	2728.00	2727.50
2846.50	2846.00	2846.00	2846.00	2845.00	2845.00	2845.00	2845.00	2845.00	2845.00	2844.50	2844.00	2844.00	2843.00	2843.00	2843.00	2842.50	2842.00	2842.00	2841.50	2841.00	2840.00	2839.50	2839.00	2837.50	2837.00	2836.50	2836.00	2835.00	2834.00	2834.00	2833.50	2833.00	2832.50	2831.50	2831.00	2831.00	2831.00	2830.00	2830.00	2830.00	2829.50	2829.00	2829.00	2829.00	2829.00	2829.00	2829.00	2829.00	2829.00	2829.00	2829.00	2829.00	2828.50	2828.00	2828.00	2827.50	2827.00	2827.00	2826.00	2826.00	2825.00	2824.50	2824.00	2823.50	2822.50	2822.00	2821.00	2821.00	2820.00	2820.00	2819.00	2818.50	2818.00	2818.00	2817.00	2817.00	2816.00	2815.50	2815.00	2814.50	2814.00	2813.50	2813.00	2812.00	2811.50	2811.00	2810.50	2810.00	2810.00	2809.00	2809.00	2809.00	2809.00	2809.00	2809.00	2809.00	2809.00	2809.00	2809.00	2809.50	2810.00	2810.00	2810.00	2810.00	2810.00	2810.00	2810.00	2810.00	2809.00	2809.00	2809.00	2808.00	2808.00	2808.00	2808.00	2807.00	2807.00	2806.00	2805.50	2805.00	2805.00	2804.00	2804.00	2803.00	2803.00	2802.50	2802.00	2801.50	2801.00	2801.00	2801.00	2800.00	2800.00	2799.50	2799.00	2799.00	2799.00	2798.00	2798.00	2798.00	2797.00	2797.00	2796.50	2796.00	2795.50	2795.00	2793.50	2793.00	2792.00	2790.50	2789.50	2789.00	2788.00	2786.50	2785.00	2783.50	2782.50	2781.50	2779.50	2778.50	2777.00	2777.00	2775.50	2774.50	2773.50	2773.00	2772.50	2772.00	2772.00	2771.00	2771.00	2771.00	2770.50	2770.00	2770.00	2770.00	2770.00	2770.00	2769.00	2769.00	2769.00	2769.00	2768.50	2768.00	2767.50	2767.00	2767.00	2766.00	2766.00	2765.50	2765.00	2764.50	2764.00	2764.00	2763.00	2763.00	2762.00	2762.00	2762.00	2761.00	2761.00	2760.00	2760.00	2760.00	2759.50	2759.00	2759.00	2758.00	2758.00	2757.00	2756.50	2755.50	2755.00	2754.50	2754.00	2753.00	2752.00	2752.00	2750.50	2750.00	2749.50	2747.50	2746.50	2746.00	2745.00	2743.50	2743.00	2741.50	2741.00	2740.50	2740.00	2739.00	2738.00	2738.00	2737.00	2736.50	2736.00	2735.50	2735.00	2734.00	2734.00	2734.00	2733.00	2733.00	2732.50	2732.00	2731.00	2731.00	2730.00	2730.00	2729.50	2729.00	2728.00	2728.00	2727.50
2846.50	2846.00	2846.00	2846.00	2845.00	2845.00	2845.00	2845.00	2845.00	2845.00	2844.50	2844.00	2844.00	2843.00	2843.00	2843.00	2842.50	2842.00	2842.00	2841.50	2841.00	2840.00	2839.50	2839.00	2837.50	2837.00	2836.50	2836.00	2835.00	2834.00	2834.00	2833.50	2833.00	2832.50	2831.50	2831.00	2831.00	2831.00	2830.00	2830.00	2830.00	2829.50	2829.00	2829.00	2829.00	2829.00	2829.00	2829.00	2829.00	2829.00	2829.00	2829.00	2829.00	2828.50	2828.00	2828.00	2827.50	2827.00	2827.00	2826.00	2826.00	2825.00	2824.50	2824.00	2823.50	2822.50	2822.00	2821.00	2821.00	2820.00	2820.00	2819.00	2818.50	2818.00	2818.00	2817.00	2817.00	2816.00	2815.50	2815.00	2814.50	2814.00	2813.50	2813.00	2812.00	2811.50	2811.00	2810.50	2810.00	2810.00	2809.00	2809.00	2809.00	2809.00	2809.00	2809.00	2809.00	2809.00	2809.00	2809.00	2809.50	2810.00	2810.00	2810.00	2810.00	2810.00	2810.00	2810.00	2810.00	2809.00	2809.00	2809.00	2808.00	2808.00	2808.00	2808.00	2807.00	2807.00	2806.00	2805.50	2805.00	2805.00	2804.00	2804.00	2803.00	2803.00	2802.50	2802.00	2801.50	2801.00	2801.00	2801.00	2800.00	2800.00	2799.50	2799.00	2799.00	2799.00	2798.00	2798.00	2798.00	2797.00	2797.00	2796.50	2796.00	2795.50	2795.00	2793.50	2793.00	2792.00	2790.50	2789.50	2789.00	2788.00	2786.50	2785.00	2783.50	2782.50	2781.50	2779.50	2778.50	2777.00	2777.00	2775.50	2774.50	2773.50	2773.00	2772.50	2772.00	2772.00	2771.00	2771.00	2771.00	2770.50	2770.00	2770.00	2770.00	2770.00	2770.00	2769.00	2769.00	2769.00	2769.00	2768.50	2768.00	2767.50	2767.00	2767.00	2766.00	2766.00	2765.50	2765.00	2764.50	2764.00	2764.00	2763.00	2763.00	2762.00	2762.00	2762.00	2761.00	2761.00	2760.00	2760.00	2760.00	2759.50	2759.00	2759.00	2758.00	2758.00	2757.00	2756.50	2755.50	2755.00	2754.50	2754.00	2753.00	2752.00	2752.00	2750.50	2750.00	2749.50	2747.50	2746.50	2746.00	2745.00	2743.50	2743.00	2741.50	2741.00	2740.50	2740.00	2739.00	2738.00	2738.00	2737.00	2736.50	2736.00	2735.50	2735.00	2734.00	2734.00	2734.00	2733.00	2733.00	2732.50	2732.00	2731.00	2731.00	2730.00	2730.00	2729.50	2729.00	2728.00	2728.00	2727.50
2846.50	2846.00	2846.00	2846.00	2845.00	2845.00	2845.00	2845.00	2845.00	2845.00	2844.50	2844.00	2844.00	2843.00	2843.00	2843.00	2842.50	2842.00	2842.00	2841.50	2841.00	2840.00	2839.50	2839.00	2837.50	2837.00	2836.50	2836.00	2835.00	2834.00	2834.00	2833.50	2833.00	2832.50	2831.50	2831.00	2831.00	2831.00	2830.00	2830.00	2830.00	2829.50	2829.00	2829.00	2829.00	2829.00	2829.00	2829.00	2829.00	2829.00	2829.00	2829.00	2829.00	2828.50	2828.00	2828.00	2827.50	2827.00	2827.00	2826.00	2826.00	2825.00	2824.50	2824.00	2823.50	2822.50	2822.00	2821.00	2821.00	2820.00	2820.00	2819.00	2818.50	2818.00	2818.00	2817.00	2817.00	2816.00	2815.50	2815.00	2814.50	2814.00	2813.50	2813.00	2812.00	2811.50	2811.00	2810.50	2810.00	2810.00	2809.00	2809.00	2809.00	2809.00	2809.00	2809.00	2809.00	2809.00	2809.00	2809.00	2809.50	2810.00	2810.00	2810.00	2810.00	2810.00	2810.00	2810.00	2810.00	2809.00	2809.00	2809.00	2808.00	2808.00	2808.00	2808.00	2807.00	2807.00	2806.00	2805.50	2805.00	2805.00	2804.00	2804.00	2803.00	2803.00	2802.50	2802.00	2801.50	2801.00	2801.00	2801.00	2800.00	2800.00	2799.50	2799.00	2799.00	2799.00	2798.00	2798.00	2798.00	2797.00	2797.00	2796.50	2796.00	2795.50	2795.00	2793.50	2793.00	2792.00	2790.50	2789.50	2789.00	2788.00	2786.50	2785.00	2783.50	2782.50	2781.50	2779.50	2778.50	2777.00	2777.00	2775.50	2774.50	2773.50	2773.00	2772.50	2772.00	2772.00	2771.00	2771.00	2771.00	2770.50	2770.00	2770.00	2770.00	2770.00	2770.00	2769.00	2769.00	2769.00	2769.00	2768.50	2768.00	2767.50	2767.00	2767.00	2766.00	2766.00	2765.50	2765.00	2764.50	2764.00	2764.00	2763.00	2763.00	2762.00	2762.00	2762.00	2761.00	2761.00	2760.00	2760.00	2760.00	2759.50	2759.00	2759.00	2758.00	2758.00	2757.00	2756.50	2755.50	2755.00	2754.50	2754.00	2753.00	2752.00	2752.00	2750.50	2750.00	2749.50	2747.50	2746.50	2746.00	2745.00	2743.50	2743.00	2741.50	2741.00	2740.50	2740.00	2739.00	2738.00	2738.00	2737.00	2736.50	2736.00	2735.50	2735.00	2734.00	2734.00	2734.00	2733.00	2733.00	2732.50	2732.00	2731.00	2731.00	2730.00	2730.00	2729.50	2729.00	2728.00	2728.00	2727.50
2846.50	2846.00	2846.00	2845.50	2845.00	2845.00	2845.00	2845.00	2845.00	2844.50	2844.00	2844.00	2843.00	2843.00	2843.00	2842.50	2842.00	2841.50	2841.00	2841.00	2840.00	2840.00	2838.50	2838.00	2837.00	2836.50	2836.00	2835.00	2834.50	2834.00	2834.00	2833.00	2832.50	2831.50	2831.00	2830.50	2830.00	2830.00	2830.00	2830.00	2829.50	2829.00	2829.00	2829.00	2829.00	2830.00	2830.00	2830.00	2830.00	2830.00	2830.00	2829.50	2829.00	2829.00	2829.00	2829.00	2828.00	2827.50	2827.00	2827.00	2826.00	2826.00	2825.00	2824.50	2823.50	2823.00	2822.50	2822.00	2821.00	2820.50	2820.00	2819.50	2819.00	2819.00	2818.00	2817.50	2817.00	2817.00	2816.00	2815.50	2814.50	2814.00	2813.50	2813.00	2812.00	2811.00	2810.00	2809.50	2808.50	2808.00	2808.00	2807.50	2807.00	2807.00	2807.00	2807.00	2807.00	2807.00	2807.00	2808.00	2808.00	2808.00	2808.00	2809.00	2809.00	2809.00	2809.00	2808.50	2808.00	2808.00	2808.00	2808.00	2807.50	2807.00	2807.00	2807.00	2806.00	2806.00	2805.00	2805.00	2804.50	2804.00	2803.50	2803.00	2803.00	2802.00	2801.50	2801.00	2800.50	2800.00	2800.00	2800.00	2800.00	2800.00	2799.00	2799.00	2799.00	2799.00	2798.00	2798.00	2798.00	2797.00	2797.00	2796.50	2796.00	2795.50	2795.00	2793.50	2793.00	2792.00	2790.50	2789.50	2789.00	2788.00	2786.50	2785.00	2783.50	2782.50	2781.50	2779.50	2778.50	2777.00	2776.00	2775.50	2774.50	2773.50	2772.50	2772.00	2771.00	2771.00	2770.00	2770.00	2770.00	2770.00	2769.50	2769.00	2769.00	2769.00	2769.00	2769.00	2769.00	2768.00	2768.00	2768.00	2767.00	2767.00	2767.00	2766.00	2766.00	2766.00	2765.50	2765.00	2765.00	2764.00	2764.00	2763.50	2763.00	2762.50	2762.00	2761.50	2761.00	2761.00	2761.00	2760.00	2760.00	2760.00	2759.00	2759.00	2759.00	2758.00	2758.00	2757.50	2756.00	2755.50	2755.00	2755.00	2754.00	2753.00	2752.00	2751.50	2751.00	2750.50	2749.00	2748.50	2747.00	2746.00	2744.50	2743.50	2742.00	2741.50	2740.50	2740.00	2739.00	2738.00	2737.00	2736.00	2735.50	2735.00	2735.00	2735.00	2734.00	2734.00	2734.00	2733.00	2733.00	2733.00	2732.50	2732.00	2731.50	2731.00	2730.00	2730.00	2729.50	2729.00	2728.50	2728.00
2846.50	2846.00	2846.00	2845.50	2845.00	2845.00	2845.00	2845.00	2845.00	2844.50	2844.00	2844.00	2843.00	2843.00	2843.00	2842.50	2842.00	2841.50	2841.00	2841.00	2840.00	2840.00	2838.50	2838.00	2837.00	2836.50	2836.00	2835.00	2834.50	2834.00	2834.00	2833.00	2832.50	2831.50	2831.00	2830.50	2830.00	2830.00	2830.00	2830.00	2829.50	2829.00	2829.00	2829.00	2829.00	2830.00	2830.00	2830.00	2830.00	2830.00	2830.00	2829.50	2829.00	2829.00	2829.00	2829.00	2828.00	2827.50	2827.00	2827.00	2826.00	2826.00	2825.00	2824.50	2823.50	2823.00	2822.50	2822.00	2821.00	2820.50	2820.00	2819.50	2819.00	2819.00	2818.00	2817.50	2817.00	2817.00	2816.00	2815.50	2814.50	2814.00	2813.50	2813.00	2812.00	2811.00	2810.00	2809.50	2808.50	2808.00	2808.00	2807.50	2807.00	2807.00	2807.00	2807.00	2807.00	2807.00	2807.00	2808.00	2808.00	2808.00	2808.00	2809.00	2809.00	2809.00	2809.00	2808.50	2808.00	2808.00	2808.00	2808.00	2807.50	2807.00	2807.00	2807.00	2806.00	2806.00	2805.00	2805.00	2804.50	2804.00	2803.50	2803.00	2803.00	2802.00	2801.50	2801.00	2800.50	2800.00	2800.00	2800.00	2800.00	2800.00	2799.00	2799.00	2799.00	2799.00	2798.00	2798.00	2798.00	2797.00	2797.00	2796.50	2796.00	2795.50	2795.00	2793.50	2793.00	2792.00	2790.50	2789.50	2789.00	2788.00	2786.50	2785.00	2783.50	2782.50	2781.50	2779.50	2778.50	2777.00	2776.00	2775.50	2774.50	2773.50	2772.50	2772.00	2771.00	2771.00	2770.00	2770.00	2770.00	2770.00	2769.50	2769.00	2769.00	2769.00	2769.00	2769.00	2769.00	2768.00	2768.00	2768.00	2767.00	2767.00	2767.00	2766.00	2766.00	2766.00	2765.50	2765.00	2765.00	2764.00	2764.00	2763.50	2763.00	2762.50	2762.00	2761.50	2761.00	2761.00	2761.00	2760.00	2760.00	2760.00	2759.00	2759.00	2759.00	2758.00	2758.00	2757.50	2756.00	2755.50	2755.00	2755.00	2754.00	2753.00	2752.00	2751.50	2751.00	2750.50	2749.00	2748.50	2747.00	2746.00	2744.50	2743.50	2742.00	2741.50	2740.50	2740.00	2739.00	2738.00	2737.00	2736.00	2735.50	2735.00	2735.00	2735.00	2734.00	2734.00	2734.00	2733.00	2733.00	2733.00	2732.50	2732.00	2731.50	2731.00	2730.00	2730.00	2729.50	2729.00	2728.50	2728.00
2846.50	2846.00	2846.00	2845.50	2845.00	2845.00	2845.00	2845.00	2845.00	2844.50	2844.00	2844.00	2843.00	2843.00	2843.00	2842.50	2842.00	2841.50	2841.00	2841.00	2840.00	2840.00	2838.50	2838.00	2837.00	2836.50	2836.00	2835.00	2834.50	2834.00	2834.00	2833.00	2832.50	2831.50	2831.00	2830.50	2830.00	2830.00	2830.00	2830.00	2829.50	2829.00	2829.00	2829.00	2829.00	2830.00	2830.00	2830.00	2830.00	2830.00	2830.00	2829.50	2829.00	2829.00	2829.00	2829.00	2828.00	2827.50	2827.00	2827.00	2826.00	2826.00	2825.00	2824.50	2823.50	2823.00	2822.50	2822.00	2821.00	2820.50	2820.00	2819.50	2819.00	2819.00	2818.00	2817.50	2817.00	2817.00	2816.00	2815.50	2814.50	2814.00	2813.50	2813.00	2812.00	2811.00	2810.00	2809.50	2808.50	2808.00	2808.00	2807.50	2807.00	2807.00	2807.00	2807.00	2807.00	2807.00	2807.00	2808.00	2808.00	2808.00	2808.00	2809.00	2809.00	2809.00	2809.00	2808.50	2808.00	2808.00	2808.00	2808.00	2807.50	2807.00	2807.00	2807.00	2806.00	2806.00	2805.00	2805.00	2804.50	2804.00	2803.50	2803.00	2803.00	2802.00	2801.50	2801.00	2800.50	2800.00	2800.00	2800.00	2800.00	2800.00	2799.00	2799.00	2799.00	2799.00	2798.00	2798.00	2798.00	2797.00	2797.00	2796.50	2796.00	2795.50	2795.00	2793.50	2793.00	2792.00	2790.50	2789.50	2789.00	2788.00	2786.50	2785.00	2783.50	2782.50	2781.50	2779.50	2778.50	2777.00	2776.00	2775.50	2774.50	2773.50	2772.50	2772.00	2771.00	2771.00	2770.00	2770.00	2770.00	2770.00	2769.50	2769.00	2769.00	2769.00	2769.00	2769.00	2769.00	2768.00	2768.00	2768.00	2767.00	2767.00	2767.00	2766.00	2766.00	2766.00	2765.50	2765.00	2765.00	2764.00	2764.00	2763.50	2763.00	2762.50	2762.00	2761.50	2761.00	2761.00	2761.00	2760.00	2760.00	2760.00	2759.00	2759.00	2759.00	2758.00	2758.00	2757.50	2756.00	2755.50	2755.00	2755.00	2754.00	2753.00	2752.00	2751.50	2751.00	2750.50	2749.00	2748.50	2747.00	2746.00	2744.50	2743.50	2742.00	2741.50	2740.50	2740.00	2739.00	2738.00	2737.00	2736.00	2735.50	2735.00	2735.00	2735.00	2734.00	2734.00	2734.00	2733.00	2733.00	2733.00	2732.50	2732.00	2731.50	2731.00	2730.00	2730.00	2729.50	2729.00	2728.50	2728.00
2846.50	2846.00	2846.00	2845.50	2845.00	2845.00	2845.00	2845.00	2845.00	2844.50	2844.00	2844.00	2843.00	2843.00	2843.00	2842.50	2842.00	2841.50	2841.00	2841.00	2840.00	2840.00	2838.50	2838.00	2837.00	2836.50	2836.00	2835.00	2834.50	2834.00	2834.00	2833.00	2832.50	2831.50	2831.00	2830.50	2830.00	2830.00	2830.00	2830.00	2829.50	2829.00	2829.00	2829.00	2829.00	2830.00	2830.00	2830.00	2830.00	2830.00	2830.00	2829.50	2829.00	2829.00	2829.00	2829.00	2828.00	2827.50	2827.00	2827.00	2826.00	2826.00	2825.00	2824.50	2823.50	2823.00	2822.50	2822.00	2821.00	2820.50	2820.00	2819.50	2819.00	2819.00	2818.00	2817.50	2817.00	2817.00	2816.00	2815.50	2814.50	2814.00	2813.50	2813.00	2812.00	2811.00	2810.00	2809.50	2808.50	2808.00	2808.00	2807.50	2807.00	2807.00	2807.00	2807.00	2807.00	2807.00	2807.00	2808.00	2808.00	2808.00	2808.00	2809.00	2809.00	2809.00	2809.00	2808.50	2808.00	2808.00	2808.00	2808.00	2807.50	2807.00	2807.00	2807.00	2806.00	2806.00	2805.00	2805.00	2804.50	2804.00	2803.50	2803.00	2803.00	2802.00	2801.50	2801.00	2800.50	2800.00	2800.00	2800.00	2800.00	2800.00	2799.00	2799.00	2799.00	2799.00	2798.00	2798.00	2798.00	2797.00	2797.00	2796.50	2796.00	2795.50	2795.00	2793.50	2793.00	2792.00	2790.50	2789.50	2789.00	2788.00	2786.50	2785.00	2783.50	2782.50	2781.50	2779.50	2778.50	2777.00	2776.00	2775.50	2774.50	2773.50	2772.50	2772.00	2771.00	2771.00	2770.00	2770.00	2770.00	2770.00	2769.50	2769.00	2769.00	2769.00	2769.00	2769.00	2769.00	2768.00	2768.00	2768.00	2767.00	2767.00	2767.00	2766.00	2766.00	2766.00	2765.50	2765.00	2765.00	2764.00	2764.00	2763.50	2763.00	2762.50	2762.00	2761.50	2761.00	2761.00	2761.00	2760.00	2760.00	2760.00	2759.00	2759.00	2759.00	2758.00	2758.00	2757.50	2756.00	2755.50	2755.00	2755.00	2754.00	2753.00	2752.00	2751.50	2751.00	2750.50	2749.00	2748.50	2747.00	2746.00	2744.50	2743.50	2742.00	2741.50	2740.50	2740.00	2739.00	2738.00	2737.00	2736.00	2735.50	2735.00	2735.00	2735.00	2734.00	2734.00	2734.00	2733.00	2733.00	2733.00	2732.50	2732.00	2731.50	2731.00	2730.00	2730.00	2729.50	2729.00	2728.50	2728.00
2846.25	2845.75	2845.50	2845.25	2845.00	2845.00	2844.75	2844.50	2844.50	2844.00	2843.50	2843.50	2842.75	2842.50	2842.50	2842.00	2841.50	2841.00	2840.50	2840.25	2839.50	2839.00	2838.00	2837.50	2836.50	2836.00	2835.50	2834.50	2834.00	2833.50	2833.50	2832.75	2832.25	2831.75	2831.25	2830.75	2830.50	2830.50	2830.00	2830.00	2829.75	2829.50	2829.50	2829.50	2829.50	2830.00	2830.00	2830.00	2830.00	2830.00	2830.00	2829.75	2829.50	2829.00	2829.00	2828.50	2827.75	2827.25	2827.00	2826.50	2825.75	2825.50	2824.50	2824.00	2823.00	2822.50	2822.25	2821.50	2821.00	2820.50	2820.00	2819.50	2819.00	2819.00	2818.50	2817.75	2817.50	2817.00	2816.25	2815.75	2814.75	2814.00	2813.50	2812.50	2811.50	2810.75	2809.50	2808.75	2808.00	2807.50	2807.00	2806.50	2806.00	2806.00	2806.00	2806.00	2806.00	2806.00	2806.00	2807.00	2807.00	2807.25	2807.50	2808.00	2808.00	2808.00	2808.00	2807.75	2807.50	2807.50	2807.50	2807.50	2807.25	2806.75	2806.50	2806.50	2805.75	2805.50	2804.75	2804.50	2804.25	2803.50	2803.25	2802.50	2802.50	2801.75	2801.25	2801.00	2800.75	2800.25	2800.00	2800.00	2800.00	2800.00	2799.00	2799.00	2799.00	2798.50	2798.00	2798.00	2797.50	2797.00	2797.00	2796.25	2796.00	2795.50	2794.50	2793.50	2792.75	2792.00	2790.50	2789.50	2788.50	2787.50	2786.25	2785.00	2783.50	2782.50	2781.50	2779.50	2778.50	2777.00	2776.50	2775.50	2774.50	2773.50	2772.50	2772.00	2771.50	2771.00	2770.50	2770.50	2770.00	2770.00	2769.75	2769.50	2769.25	2769.00	2769.00	2769.00	2769.00	2768.00	2768.00	2768.00	2767.00	2767.00	2767.00	2766.00	2766.00	2766.00	2765.50	2765.00	2765.00	2764.00	2764.00	2763.75	2763.00	2762.75	2762.25	2761.75	2761.50	2761.00	2760.50	2760.00	2760.00	2759.75	2759.00	2759.00	2758.50	2758.00	2757.75	2757.25	2756.25	2755.75	2755.25	2755.00	2754.50	2753.00	2752.50	2751.75	2751.25	2750.50	2749.25	2748.50	2747.00	2746.00	2745.00	2744.00	2742.25	2741.50	2740.50	2740.00	2739.00	2737.50	2737.00	2736.00	2735.50	2734.75	2734.50	2734.50	2734.00	2733.50	2733.50	2732.50	2732.50	2732.50	2732.25	2731.50	2731.25	2731.00	2730.00	2730.00	2729.50	2728.75	2728.25	2727.75
2846.00	2845.50	2845.00	2845.00	2845.00	2845.00	2844.50	2844.00	2844.00	2843.50	2843.00	2843.00	2842.50	2842.00	2842.00	2841.50	2841.00	2840.50	2840.00	2839.50	2839.00	2838.00	2837.50	2837.00	2836.00	2835.50	2835.00	2834.00	2833.50	2833.00	2833.00	2832.50	2832.00	2832.00	2831.50	2831.00	2831.00	2831.00	2830.00	2830.00	2830.00	2830.00	2830.00	2830.00	2830.00	2830.00	2830.00	2830.00	2830.00	2830.00	2830.00	2830.00	2830.00	2829.00	2829.00	2828.00	2827.50	2827.00	2827.00	2826.00	2825.50	2825.00	2824.00	2823.50	2822.50	2822.00	2822.00	2821.00	2821.00	2820.50	2820.00	2819.50	2819.00	2819.00	2819.00	2818.00	2818.00	2817.00	2816.50	2816.00	2815.00	2814.00	2813.50	2812.00	2811.00	2810.50	2809.00	2808.00	2807.50	2807.00	2806.00	2805.50	2805.00	2805.00	2805.00	2805.00	2805.00	2805.00	2805.00	2806.00	2806.00	2806.50	2807.00	2807.00	2807.00	2807.00	2807.00	2807.00	2807.00	2807.00	2807.00	2807.00	2807.00	2806.50	2806.00	2806.00	2805.50	2805.00	2804.50	2804.00	2804.00	2803.00	2803.00	2802.00	2802.00	2801.50	2801.00	2801.00	2801.00	2800.50	2800.00	2800.00	2800.00	2800.00	2799.00	2799.00	2799.00	2798.00	2798.00	2798.00	2797.00	2797.00	2797.00	2796.00	2796.00	2795.50	2794.00	2793.50	2792.50	2792.00	2790.50	2789.50	2788.00	2787.00	2786.00	2785.00	2783.50	2782.50	2781.50	2779.50	2778.50	2777.00	2777.00	2775.50	2774.50	2773.50	2772.50	2772.00	2772.00	2771.00	2771.00	2771.00	2770.00	2770.00	2770.00	2770.00	2769.50	2769.00	2769.00	2769.00	2769.00	2768.00	2768.00	2768.00	2767.00	2767.00	2767.00	2766.00	2766.00	2766.00	2765.50	2765.00	2765.00	2764.00	2764.00	2764.00	2763.00	2763.00	2762.50	2762.00	2762.00	2761.00	2760.00	2760.00	2760.00	2759.50	2759.00	2759.00	2758.00	2758.00	2757.50	2757.00	2756.50	2756.00	2755.50	2755.00	2755.00	2753.00	2753.00	2752.00	2751.50	2750.50	2749.50	2748.50	2747.00	2746.00	2745.50	2744.50	2742.50	2741.50	2740.50	2740.00	2739.00	2737.00	2737.00	2736.00	2735.50	2734.50	2734.00	2734.00	2734.00	2733.00	2733.00	2732.00	2732.00	2732.00	2732.00	2731.00	2731.00	2731.00	2730.00	2730.00	2729.50	2728.50	2728.00	2727.50
2846.00	2845.50	2845.00	2845.00	2845.00	2845.00	2844.50	2844.00	2844.00	2843.50	2843.00	2843.00	2842.50	2842.00	2842.00	2841.50	2841.00	2840.50	2840.00	2839.50	2839.00	2838.00	2837.50	2837.00	2836.00	2835.50	2835.00	2834.00	2833.50	2833.00	2833.00	2832.50	2832.00	2832.00	2831.50	2831.00	2831.00	2831.00	2830.00	2830.00	2830.00	2830.00	2830.00	2830.00	2830.00	2830.00	2830.00	2830.00	2830.00	2830.00	2830.00	2830.00	2830.00	2829.00	2829.00	2828.00	2827.50	2827.00	2827.00	2826.00	2825.50	2825.00	2824.00	2823.50	2822.50	2822.00	2822.00	2821.00	2821.00	2820.50	2820.00	2819.50	2819.00	2819.00	2819.00	2818.00	2818.00	2817.00	2816.50	2816.00	2815.00	2814.00	2813.50	2812.00	2811.00	2810.50	2809.00	2808.00	2807.50	2807.00	2806.00	2805.50	2805.00	2805.00	2805.00	2805.00	2805.00	2805.00	2805.00	2806.00	2806.00	2806.50	2807.00	2807.00	2807.00	2807.00	2807.00	2807.00	2807.00	2807.00	2807.00	2807.00	2807.00	2806.50	2806.00	2806.00	2805.50	2805.00	2804.50	2804.00	2804.00	2803.00	2803.00	2802.00	2802.00	2801.50	2801.00	2801.00	2801.00	2800.50	2800.00	2800.00	2800.00	2800.00	2799.00	2799.00	2799.00	2798.00	2798.00	2798.00	2797.00	2797.00	2797.00	2796.00	2796.00	2795.50	2794.00	2793.50	2792.50	2792.00	2790.50	2789.50	2788.00	2787.00	2786.00	2785.00	2783.50	2782.50	2781.50	2779.50	2778.50	2777.00	2777.00	2775.50	2774.50	2773.50	2772.50	2772.00	2772.00	2771.00	2771.00	2771.00	2770.00	2770.00	2770.00	2770.00	2769.50	2769.00	2769.00	2769.00	2769.00	2768.00	2768.00	2768.00	2767.00	2767.00	2767.00	2766.00	2766.00	2766.00	2765.50	2765.00	2765.00	2764.00	2764.00	2764.00	2763.00	2763.00	2762.50	2762.00	2762.00	2761.00	2760.00	2760.00	2760.00	2759.50	2759.00	2759.00	2758.00	2758.00	2757.50	2757.00	2756.50	2756.00	2755.50	2755.00	2755.00	2753.00	2753.00	2752.00	2751.50	2750.50	2749.50	2748.50	2747.00	2746.00	2745.50	2744.50	2742.50	2741.50	2740.50	2740.00	2739.00	2737.00	2737.00	2736.00	2735.50	2734.50	2734.00	2734.00	2734.00	2733.00	2733.00	2732.00	2732.00	2732.00	2732.00	2731.00	2731.00	2731.00	2730.00	2730.00	2729.50	2728.50	2728.00	2727.50
2846.00	2845.50	2845.00	2845.00	2845.00	2845.00	2844.50	2844.00	2844.00	2843.50	2843.00	2843.00	2842.50	2842.00	2842.00	2841.50	2841.00	2840.50	2840.00	2839.50	2839.00	2838.00	2837.50	2837.00	2836.00	2835.50	2835.00	2834.00	2833.50	2833.00	2833.00	2832.50	2832.00	2832.00	2831.50	2831.00	2831.00	2831.00	2830.00	2830.00	2830.00	2830.00	2830.00	2830.00	2830.00	2830.00	2830.00	2830.00	2830.00	2830.00	2830.00	2830.00	2830.00	2829.00	2829.00	2828.00	2827.50	2827.00	2827.00	2826.00	2825.50	2825.00	2824.00	2823.50	2822.50	2822.00	2822.00	2821.00	2821.00	2820.50	2820.00	2819.50	2819.00	2819.00	2819.00	2818.00	2818.00	2817.00	2816.50	2816.00	2815.00	2814.00	2813.50	2812.00	2811.00	2810.50	2809.00	2808.00	2807.50	2807.00	2806.00	2805.50	2805.00	2805.00	2805.00	2805.00	2805.00	2805.00	2805.00	2806.00	2806.00	2806.50	2807.00	2807.00	2807.00	2807.00	2807.00	2807.00	2807.00	2807.00	2807.00	2807.00	2807.00	2806.50	2806.00	2806.00	2805.50	2805.00	2804.50	2804.00	2804.00	2803.00	2803.00	2802.00	2802.00	2801.50	2801.00	2801.00	2801.00	2800.50	2800.00	2800.00	2800.00	2800.00	2799.00	2799.00	2799.00	2798.00	2798.00	2798.00	2797.00	2797.00	2797.00	2796.00	2796.00	2795.50	2794.00	2793.50	2792.50	2792.00	2790.50	2789.50	2788.00	2787.00	2786.00	2785.00	2783.50	2782.50	2781.50	2779.50	2778.50	2777.00	2777.00	2775.50	2774.50	2773.50	2772.50	2772.00	2772.00	2771.00	2771.00	2771.00	2770.00	2770.00	2770.00	2770.00	2769.50	2769.00	2769.00	2769.00	2769.00	2768.00	2768.00	2768.00	2767.00	2767.00	2767.00	2766.00	2766.00	2766.00	2765.50	2765.00	2765.00	2764.00	2764.00	2764.00	2763.00	2763.00	2762.50	2762.00	2762.00	2761.00	2760.00	2760.00	2760.00	2759.50	2759.00	2759.00	2758.00	2758.00	2757.50	2757.00	2756.50	2756.00	2755.50	2755.00	2755.00	2753.00	2753.00	2752.00	2751.50	2750.50	2749.50	2748.50	2747.00	2746.00	2745.50	2744.50	2742.50	2741.50	2740.50	2740.00	2739.00	2737.00	2737.00	2736.00	2735.50	2734.50	2734.00	2734.00	2734.00	2733.00	2733.00	2732.00	2732.00	2732.00	2732.00	2731.00	2731.00	2731.00	2730.00	2730.00	2729.50	2728.50	2728.00	2727.50
2845.50	2845.25	2844.50	2844.50	2844.50	2844.50	2844.25	2843.50	2843.50	2843.25	2842.75	2842.50	2842.25	2842.00	2841.50	2841.25	2840.75	2840.00	2839.50	2839.00	2838.50	2837.50	2837.00	2836.50	2835.75	2835.25	2835.00	2834.00	2833.50	2833.00	2833.00	2832.25	2832.00	2832.00	2831.75	2831.25	2831.00	2831.00	2830.50	2830.50	2830.50	2830.50	2830.50	2830.50	2830.50	2830.50	2830.50	2830.00	2830.00	2830.00	2830.00	2830.00	2830.00	2829.00	2829.00	2828.00	2827.50	2827.00	2826.50	2826.00	2825.25	2824.50	2823.75	2823.25	2822.50	2821.75	2821.50	2821.00	2820.50	2820.25	2820.00	2819.25	2819.00	2819.00	2819.00	2818.00	2818.00	2817.50	2816.75	2816.25	2815.00	2813.75	2813.00	2811.50	2811.00	2810.00	2808.50	2807.25	2806.75	2806.25	2805.50	2804.75	2804.00	2804.00	2804.00	2804.00	2804.00	2804.00	2804.00	2804.50	2805.00	2805.25	2806.00	2806.00	2806.00	2806.50	2806.50	2806.50	2806.50	2806.50	2806.50	2806.50	2806.25	2805.75	2805.50	2805.50	2805.25	2804.75	2804.25	2804.00	2804.00	2803.00	2803.00	2802.00	2802.00	2801.50	2801.00	2801.00	2801.00	2800.75	2800.50	2800.00	2800.00	2800.00	2799.00	2799.00	2799.00	2798.00	2798.00	2798.00	2797.00	2797.00	2796.75	2795.75	2795.50	2795.00	2794.00	2793.25	2792.50	2791.50	2790.00	2789.00	2788.00	2787.00	2785.75	2784.50	2783.50	2782.50	2781.75	2780.00	2779.00	2777.50	2777.50	2776.00	2775.25	2774.25	2773.50	2773.00	2772.50	2772.00	2771.50	2771.50	2770.75	2770.50	2770.50	2770.25	2769.75	2769.50	2769.50	2769.25	2769.00	2768.50	2768.50	2768.50	2767.50	2767.50	2767.50	2766.50	2766.50	2766.25	2765.75	2765.50	2765.25	2764.50	2764.50	2764.25	2763.50	2763.25	2762.75	2762.25	2762.00	2761.25	2760.50	2760.00	2760.00	2759.50	2759.00	2759.00	2758.00	2758.00	2757.50	2757.00	2756.25	2756.00	2755.50	2755.00	2754.50	2753.00	2753.00	2752.00	2751.50	2750.50	2749.50	2748.50	2747.00	2746.00	2745.00	2744.00	2742.25	2741.50	2740.50	2739.50	2739.00	2737.00	2736.50	2735.75	2735.25	2734.50	2734.00	2733.75	2733.50	2733.00	2732.50	2732.00	2731.75	2731.50	2731.50	2731.00	2730.75	2730.50	2730.00	2729.50	2729.00	2728.25	2727.75	2727.25
2845.00	2845.00	2844.00	2844.00	2844.00	2844.00	2844.00	2843.00	2843.00	2843.00	2842.50	2842.00	2842.00	2842.00	2841.00	2841.00	2840.50	2839.50	2839.00	2838.50	2838.00	2837.00	2836.50	2836.00	2835.50	2835.00	2835.00	2834.00	2833.50	2833.00	2833.00	2832.00	2832.00	2832.00	2832.00	2831.50	2831.00	2831.00	2831.00	2831.00	2831.00	2831.00	2831.00	2831.00	2831.00	2831.00	2831.00	2830.00	2830.00	2830.00	2830.00	2830.00	2830.00	2829.00	2829.00	2828.00	2827.50	2827.00	2826.00	2826.00	2825.00	2824.00	2823.50	2823.00	2822.50	2821.50	2821.00	2821.00	2820.00	2820.00	2820.00	2819.00	2819.00	2819.00	2819.00	2818.00	2818.00	2818.00	2817.00	2816.50	2815.00	2813.50	2812.50	2811.00	2811.00	2809.50	2808.00	2806.50	2806.00	2805.50	2805.00	2804.00	2803.00	2803.00	2803.00	2803.00	2803.00	2803.00	2803.00	2803.00	2804.00	2804.00	2805.00	2805.00	2805.00	2806.00	2806.00	2806.00	2806.00	2806.00	2806.00	2806.00	2805.50	2805.00	2805.00	2805.00	2805.00	2804.50	2804.00	2804.00	2804.00	2803.00	2803.00	2802.00	2802.00	2801.50	2801.00	2801.00	2801.00	2801.00	2801.00	2800.00	2800.00	2800.00	2799.00	2799.00	2799.00	2798.00	2798.00	2798.00	2797.00	2797.00	2796.50	2795.50	2795.00	2794.50	2794.00	2793.00	2792.50	2791.00	2789.50	2788.50	2788.00	2787.00	2785.50	2784.00	2783.50	2782.50	2782.00	2780.50	2779.50	2778.00	2778.00	2776.50	2776.00	2775.00	2774.50	2774.00	2773.00	2773.00	2772.00	2772.00	2771.50	2771.00	2771.00	2770.50	2770.00	2770.00	2770.00	2769.50	2769.00	2769.00	2769.00	2769.00	2768.00	2768.00	2768.00	2767.00	2767.00	2766.50	2766.00	2766.00	2765.50	2765.00	2765.00	2764.50	2764.00	2763.50	2763.00	2762.50	2762.00	2761.50	2761.00	2760.00	2760.00	2759.50	2759.00	2759.00	2758.00	2758.00	2757.50	2757.00	2756.00	2756.00	2755.50	2755.00	2754.00	2753.00	2753.00	2752.00	2751.50	2750.50	2749.50	2748.50	2747.00	2746.00	2744.50	2743.50	2742.00	2741.50	2740.50	2739.00	2739.00	2737.00	2736.00	2735.50	2735.00	2734.50	2734.00	2733.50	2733.00	2733.00	2732.00	2732.00	2731.50	2731.00	2731.00	2731.00	2730.50	2730.00	2730.00	2729.00	2728.50	2728.00	2727.50	2727.00
2845.00	2845.00	2844.00	2844.00	2844.00	2844.00	2844.00	2843.00	2843.00	2843.00	2842.50	2842.00	2842.00	2842.00	2841.00	2841.00	2840.50	2839.50	2839.00	2838.50	2838.00	2837.00	2836.50	2836.00	2835.50	2835.00	2835.00	2834.00	2833.50	2833.00	2833.00	2832.00	2832.00	2832.00	2832.00	2831.50	2831.00	2831.00	2831.00	2831.00	2831.00	2831.00	2831.00	2831.00	2831.00	2831.00	2831.00	2830.00	2830.00	2830.00	2830.00	2830.00	2830.00	2829.00	2829.00	2828.00	2827.50	2827.00	2826.00	2826.00	2825.00	2824.00	2823.50	2823.00	2822.50	2821.50	2821.00	2821.00	2820.00	2820.00	2820.00	2819.00	2819.00	2819.00	2819.00	2818.00	2818.00	2818.00	2817.00	2816.50	2815.00	2813.50	2812.50	2811.00	2811.00	2809.50	2808.00	2806.50	2806.00	2805.50	2805.00	2804.00	2803.00	2803.00	2803.00	2803.00	2803.00	2803.00	2803.00	2803.00	2804.00	2804.00	2805.00	2805.00	2805.00	2806.00	2806.00	2806.00	2806.00	2806.00	2806.00	2806.00	2805.50	2805.00	2805.00	2805.00	2805.00	2804.50	2804.00	2804.00	2804.00	2803.00	2803.00	2802.00	2802.00	2801.50	2801.00	2801.00	2801.00	2801.00	2801.00	2800.00	2800.00	2800.00	2799.00	2799.00	2799.00	2798.00	2798.00	2798.00	2797.00	2797.00	2796.50	2795.50	2795.00	2794.50	2794.00	2793.00	2792.50	2791.00	2789.50	2788.50	2788.00	2787.00	2785.50	2784.00	2783.50	2782.50	2782.00	2780.50	2779.50	2778.00	2778.00	2776.50	2776.00	2775.00	2774.50	2774.00	2773.00	2773.00	2772.00	2772.00	2771.50	2771.00	2771.00	2770.50	2770.00	2770.00	2770.00	2769.50	2769.00	2769.00	2769.00	2769.00	2768.00	2768.00	2768.00	2767.00	2767.00	2766.50	2766.00	2766.00	2765.50	2765.00	2765.00	2764.50	2764.00	2763.50	2763.00	2762.50	2762.00	2761.50	2761.00	2760.00	2760.00	2759.50	2759.00	2759.00	2758.00	2758.00	2757.50	2757.00	2756.00	2756.00	2755.50	2755.00	2754.00	2753.00	2753.00	2752.00	2751.50	2750.50	2749.50	2748.50	2747.00	2746.00	2744.50	2743.50	2742.00	2741.50	2740.50	2739.00	2739.00	2737.00	2736.00	2735.50	2735.00	2734.50	2734.00	2733.50	2733.00	2733.00	2732.00	2732.00	2731.50	2731.00	2731.00	2731.00	2730.50	2730.00	2730.00	2729.00	2728.50	2728.00	2727.50	2727.00
2845.00	2845.00	2844.00	2844.00	2844.00	2844.00	2844.00	2843.00	2843.00	2843.00	2842.50	2842.00	2842.00	2842.00	2841.00	2841.00	2840.50	2839.50	2839.00	2838.50	2838.00	2837.00	2836.50	2836.00	2835.50	2835.00	2835.00	2834.00	2833.50	2833.00	2833.00	2832.00	2832.00	2832.00	2832.00	2831.50	2831.00	2831.00	2831.00	2831.00	2831.00	2831.00	2831.00	2831.00	2831.00	2831.00	2831.00	2830.00	2830.00	2830.00	2830.00	2830.00	2830.00	2829.00	2829.00	2828.00	2827.50	2827.00	2826.00	2826.00	2825.00	2824.00	2823.50	2823.00	2822.50	2821.50	2821.00	2821.00	2820.00	2820.00	2820.00	2819.00	2819.00	2819.00	2819.00	2818.00	2818.00	2818.00	2817.00	2816.50	2815.00	2813.50	2812.50	2811.00	2811.00	2809.50	2808.00	2806.50	2806.00	2805.50	2805.00	2804.00	2803.00	2803.00	2803.00	2803.00	2803.00	2803.00	2803.00	2803.00	2804.00	2804.00	2805.00	2805.00	2805.00	2806.00	2806.00	2806.00	2806.00	2806.00	2806.00	2806.00	2805.50	2805.00	2805.00	2805.00	2805.00	2804.50	2804.00	2804.00	2804.00	2803.00	2803.00	2802.00	2802.00	2801.50	2801.00	2801.00	2801.00	2801.00	2801.00	2800.00	2800.00	2800.00	2799.00	2799.00	2799.00	2798.00	2798.00	2798.00	2797.00	2797.00	2796.50	2795.50	2795.00	2794.50	2794.00	2793.00	2792.50	2791.00	2789.50	2788.50	2788.00	2787.00	2785.50	2784.00	2783.50	2782.50	2782.00	2780.50	2779.50	2778.00	2778.00	2776.50	2776.00	2775.00	2774.50	2774.00	2773.00	2773.00	2772.00	2772.00	2771.50	2771.00	2771.00	2770.50	2770.00	2770.00	2770.00	2769.50	2769.00	2769.00	2769.00	2769.00	2768.00	2768.00	2768.00	2767.00	2767.00	2766.50	2766.00	2766.00	2765.50	2765.00	2765.00	2764.50	2764.00	2763.50	2763.00	2762.50	2762.00	2761.50	2761.00	2760.00	2760.00	2759.50	2759.00	2759.00	2758.00	2758.00	2757.50	2757.00	2756.00	2756.00	2755.50	2755.00	2754.00	2753.00	2753.00	2752.00	2751.50	2750.50	2749.50	2748.50	2747.00	2746.00	2744.50	2743.50	2742.00	2741.50	2740.50	2739.00	2739.00	2737.00	2736.00	2735.50	2735.00	2734.50	2734.00	2733.50	2733.00	2733.00	2732.00	2732.00	2731.50	2731.00	2731.00	2731.00	2730.50	2730.00	2730.00	2729.00	2728.50	2728.00	2727.50	2727.00
2844.50	2844.50	2844.00	2843.75	2843.50	2843.50	2843.50	2843.00	2842.75	2842.50	2842.25	2842.00	2841.50	2841.50	2841.00	2840.50	2840.25	2839.50	2838.75	2838.25	2837.50	2837.00	2836.50	2836.00	2835.25	2835.00	2834.75	2834.00	2833.50	2833.00	2833.00	2832.50	2832.50	2832.25	2832.00	2831.75	2831.50	2831.50	2831.25	2831.00	2831.00	2831.00	2831.00	2831.00	2831.00	2831.00	2830.50	2830.00	2830.00	2830.00	2829.75	2829.50	2829.50	2828.75	2828.50	2827.50	2827.25	2826.75	2826.00	2826.00	2825.00	2824.00	2823.50	2823.00	2822.50	2821.50	2821.00	2820.50	2820.00	2819.50	2819.50	2819.00	2819.00	2819.00	2818.50	2818.00	2817.50	2817.50	2816.75	2816.00	2814.75	2813.50	2812.50	2811.00	2810.50	2809.00	2807.50	2806.00	2805.50	2805.00	2804.00	2803.25	2802.50	2802.00	2802.00	2802.00	2802.00	2802.00	2802.00	2802.00	2803.00	2803.00	2804.00	2804.25	2804.50	2805.00	2805.00	2805.50	2805.50	2805.50	2805.50	2805.50	2805.00	2804.50	2804.50	2804.50	2804.50	2804.25	2803.75	2803.50	2803.50	2803.00	2802.50	2802.00	2802.00	2801.25	2801.00	2801.00	2801.00	2801.00	2801.00	2800.00	2800.00	2800.00	2799.50	2799.25	2799.00	2798.50	2798.00	2797.50	2797.00	2796.75	2796.25	2795.50	2794.75	2794.00	2793.50	2792.25	2791.50	2790.50	2789.00	2788.25	2787.50	2786.50	2785.25	2784.00	2783.25	2782.50	2782.00	2780.50	2779.75	2778.50	2778.00	2777.00	2776.50	2775.75	2775.25	2774.75	2774.00	2774.00	2773.00	2773.00	2772.25	2771.75	2771.50	2771.00	2770.50	2770.50	2770.50	2770.00	2769.50	2769.50	2769.50	2769.25	2768.50	2768.50	2768.00	2767.50	2767.25	2766.75	2766.25	2766.00	2765.75	2765.50	2765.00	2764.75	2764.00	2763.75	2763.25	2762.75	2762.00	2761.50	2761.00	2760.00	2759.75	2759.25	2758.75	2758.50	2758.00	2757.50	2757.00	2756.50	2755.75	2755.50	2755.25	2754.50	2754.00	2753.00	2752.50	2751.50	2751.00	2750.25	2749.00	2748.00	2747.00	2746.00	2744.50	2743.50	2741.75	2741.25	2740.50	2739.00	2738.50	2737.00	2736.00	2735.50	2735.00	2734.50	2733.75	2733.25	2732.50	2732.50	2731.75	2731.50	2731.25	2730.75	2730.50	2730.50	2730.00	2729.50	2729.50	2728.50	2728.25	2727.50	2727.25	2726.75
2844.00	2844.00	2844.00	2843.50	2843.00	2843.00	2843.00	2843.00	2842.50	2842.00	2842.00	2842.00	2841.00	2841.00	2841.00	2840.00	2840.00	2839.50	2838.50	2838.00	2837.00	2837.00	2836.50	2836.00	2835.00	2835.00	2834.50	2834.00	2833.50	2833.00	2833.00	2833.00	2833.00	2832.50	2832.00	2832.00	2832.00	2832.00	2831.50	2831.00	2831.00	2831.00	2831.00	2831.00	2831.00	2831.00	2830.00	2830.00	2830.00	2830.00	2829.50	2829.00	2829.00	2828.50	2828.00	2827.00	2827.00	2826.50	2826.00	2826.00	2825.00	2824.00	2823.50	2823.00	2822.50	2821.50	2821.00	2820.00	2820.00	2819.00	2819.00	2819.00	2819.00	2819.00	2818.00	2818.00	2817.00	2817.00	2816.50	2815.50	2814.50	2813.50	2812.50	2811.00	2810.00	2808.50	2807.00	2805.50	2805.00	2804.50	2803.00	2802.50	2802.00	2801.00	2801.00	2801.00	2801.00	2801.00	2801.00	2801.00	2802.00	2802.00	2803.00	2803.50	2804.00	2804.00	2804.00	2805.00	2805.00	2805.00	2805.00	2805.00	2804.50	2804.00	2804.00	2804.00	2804.00	2804.00	2803.50	2803.00	2803.00	2803.00	2802.00	2802.00	2802.00	2801.00	2801.00	2801.00	2801.00	2801.00	2801.00	2800.00	2800.00	2800.00	2800.00	2799.50	2799.00	2799.00	2798.00	2797.00	2797.00	2796.50	2796.00	2795.50	2794.50	2793.50	2793.00	2791.50	2790.50	2790.00	2788.50	2788.00	2787.00	2786.00	2785.00	2784.00	2783.00	2782.50	2782.00	2780.50	2780.00	2779.00	2778.00	2777.50	2777.00	2776.50	2776.00	2775.50	2775.00	2775.00	2774.00	2774.00	2773.00	2772.50	2772.00	2771.50	2771.00	2771.00	2771.00	2770.50	2770.00	2770.00	2770.00	2769.50	2769.00	2769.00	2768.00	2768.00	2767.50	2767.00	2766.50	2766.00	2766.00	2766.00	2765.00	2765.00	2764.00	2764.00	2763.50	2763.00	2762.00	2761.50	2761.00	2760.00	2759.50	2759.00	2758.50	2758.00	2758.00	2757.00	2756.50	2756.00	2755.50	2755.00	2755.00	2754.00	2754.00	2753.00	2752.00	2751.00	2750.50	2750.00	2748.50	2747.50	2747.00	2746.00	2744.50	2743.50	2741.50	2741.00	2740.50	2739.00	2738.00	2737.00	2736.00	2735.50	2735.00	2734.50	2733.50	2733.00	2732.00	2732.00	2731.50	2731.00	2731.00	2730.50	2730.00	2730.00	2729.50	2729.00	2729.00	2728.00	2728.00	2727.00	2727.00	2726.50
2844.00	2844.00	2844.00	2843.50	2843.00	2843.00	2843.00	2843.00	2842.50	2842.00	2842.00	2842.00	2841.00	2841.00	2841.00	2840.00	2840.00	2839.50	2838.50	2838.00	2837.00	2837.00	2836.50	2836.00	2835.00	2835.00	2834.50	2834.00	2833.50	2833.00	2833.00	2833.00	2833.00	2832.50	2832.00	2832.00	2832.00	2832.00	2831.50	2831.00	2831.00	2831.00	2831.00	2831.00	2831.00	2831.00	2830.00	2830.00	2830.00	2830.00	2829.50	2829.00	2829.00	2828.50	2828.00	2827.00	2827.00	2826.50	2826.00	2826.00	2825.00	2824.00	2823.50	2823.00	2822.50	2821.50	2821.00	2820.00	2820.00	2819.00	2819.00	2819.00	2819.00	2819.00	2818.00	2818.00	2817.00	2817.00	2816.50	2815.50	2814.50	2813.50	2812.50	2811.00	2810.00	2808.50	2807.00	2805.50	2805.00	2804.50	2803.00	2802.50	2802.00	2801.00	2801.00	2801.00	2801.00	2801.00	2801.00	2801.00	2802.00	2802.00	2803.00	2803.50	2804.00	2804.00	2804.00	2805.00	2805.00	2805.00	2805.00	2805.00	2804.50	2804.00	2804.00	2804.00	2804.00	2804.00	2803.50	2803.00	2803.00	2803.00	2802.00	2802.00	2802.00	2801.00	2801.00	2801.00	2801.00	2801.00	2801.00	2800.00	2800.00	2800.00	2800.00	2799.50	2799.00	2799.00	2798.00	2797.00	2797.00	2796.50	2796.00	2795.50	2794.50	2793.50	2793.00	2791.50	2790.50	2790.00	2788.50	2788.00	2787.00	2786.00	2785.00	2784.00	2783.00	2782.50	2782.00	2780.50	2780.00	2779.00	2778.00	2777.50	2777.00	2776.50	2776.00	2775.50	2775.00	2775.00	2774.00	2774.00	2773.00	2772.50	2772.00	2771.50	2771.00	2771.00	2771.00	2770.50	2770.00	2770.00	2770.00	2769.50	2769.00	2769.00	2768.00	2768.00	2767.50	2767.00	2766.50	2766.00	2766.00	2766.00	2765.00	2765.00	2764.00	2764.00	2763.50	2763.00	2762.00	2761.50	2761.00	2760.00	2759.50	2759.00	2758.50	2758.00	2758.00	2757.00	2756.50	2756.00	2755.50	2755.00	2755.00	2754.00	2754.00	2753.00	2752.00	2751.00	2750.50	2750.00	2748.50	2747.50	2747.00	2746.00	2744.50	2743.50	2741.50	2741.00	2740.50	2739.00	2738.00	2737.00	2736.00	2735.50	2735.00	2734.50	2733.50	2733.00	2732.00	2732.00	2731.50	2731.00	2731.00	2730.50	2730.00	2730.00	2729.50	2729.00	2729.00	2728.00	2728.00	2727.00	2727.00	2726.50
2844.00	2844.00	2844.00	2843.50	2843.00	2843.00	2843.00	2843.00	2842.50	2842.00	2842.00	2842.00	2841.00	2841.00	2841.00	2840.00	2840.00	2839.50	2838.50	2838.00	2837.00	2837.00	2836.50	2836.00	2835.00	2835.00	2834.50	2834.00	2833.50	2833.00	2833.00	2833.00	2833.00	2832.50	2832.00	2832.00	2832.00	2832.00	2831.50	2831.00	2831.00	2831.00	2831.00	2831.00	2831.00	2831.00	2830.00	2830.00	2830.00	2830.00	2829.50	2829.00	2829.00	2828.50	2828.00	2827.00	2827.00	2826.50	2826.00	2826.00	2825.00	2824.00	2823.50	2823.00	2822.50	2821.50	2821.00	2820.00	2820.00	2819.00	2819.00	2819.00	2819.00	2819.00	2818.00	2818.00	2817.00	2817.00	2816.50	2815.50	2814.50	2813.50	2812.50	2811.00	2810.00	2808.50	2807.00	2805.50	2805.00	2804.50	2803.00	2802.50	2802.00	2801.00	2801.00	2801.00	2801.00	2801.00	2801.00	2801.00	2802.00	2802.00	2803.00	2803.50	2804.00	2804.00	2804.00	2805.00	2805.00	2805.00	2805.00	2805.00	2804.50	2804.00	2804.00	2804.00	2804.00	2804.00	2803.50	2803.00	2803.00	2803.00	2802.00	2802.00	2802.00	2801.00	2801.00	2801.00	2801.00	2801.00	2801.00	2800.00	2800.00	2800.00	2800.00	2799.50	2799.00	2799.00	2798.00	2797.00	2797.00	2796.50	2796.00	2795.50	2794.50	2793.50	2793.00	2791.50	2790.50	2790.00	2788.50	2788.00	2787.00	2786.00	2785.00	2784.00	2783.00	2782.50	2782.00	2780.50	2780.00	2779.00	2778.00	2777.50	2777.00	2776.50	2776.00	2775.50	2775.00	2775.00	2774.00	2774.00	2773.00	2772.50	2772.00	2771.50	2771.00	2771.00	2771.00	2770.50	2770.00	2770.00	2770.00	2769.50	2769.00	2769.00	2768.00	2768.00	2767.50	2767.00	2766.50	2766.00	2766.00	2766.00	2765.00	2765.00	2764.00	2764.00	2763.50	2763.00	2762.00	2761.50	2761.00	2760.00	2759.50	2759.00	2758.50	2758.00	2758.00	2757.00	2756.50	2756.00	2755.50	2755.00	2755.00	2754.00	2754.00	2753.00	2752.00	2751.00	2750.50	2750.00	2748.50	2747.50	2747.00	2746.00	2744.50	2743.50	2741.50	2741.00	2740.50	2739.00	2738.00	2737.00	2736.00	2735.50	2735.00	2734.50	2733.50	2733.00	2732.00	2732.00	2731.50	2731.00	2731.00	2730.50	2730.00	2730.00	2729.50	2729.00	2729.00	2728.00	2728.00	2727.00	2727.00	2726.50
2843.50	2843.50	2843.50	2843.25	2843.00	2843.00	2842.50	2842.50	2842.25	2842.00	2842.00	2841.50	2841.00	2841.00	2840.50	2840.00	2840.00	2839.50	2838.75	2838.25	2837.50	2837.00	2836.75	2836.00	2835.50	2835.25	2834.75	2834.50	2834.25	2833.50	2833.50	2833.25	2833.00	2832.75	2832.50	2832.50	2832.00	2832.00	2831.75	2831.50	2831.00	2831.00	2831.00	2831.00	2831.00	2830.50	2830.00	2830.00	2829.75	2829.50	2829.25	2828.75	2828.50	2828.00	2827.50	2827.00	2826.50	2826.25	2825.50	2825.50	2824.50	2823.50	2823.00	2822.50	2822.00	2821.25	2820.75	2820.00	2820.00	2819.00	2819.00	2819.00	2818.75	2818.50	2818.00	2817.50	2817.00	2816.50	2816.00	2815.25	2814.25	2813.00	2812.00	2811.00	2810.00	2808.50	2806.50	2805.25	2804.75	2804.00	2802.50	2801.75	2801.00	2800.50	2800.50	2800.25	2800.00	2800.00	2800.25	2800.50	2801.25	2801.50	2802.50	2802.75	2803.25	2803.50	2803.50	2804.00	2804.50	2804.50	2804.50	2804.50	2804.25	2804.00	2804.00	2803.50	2803.50	2803.50	2803.25	2803.00	2803.00	2802.50	2802.00	2802.00	2802.00	2801.50	2801.50	2801.25	2801.00	2801.00	2801.00	2800.50	2800.50	2800.00	2800.00	2799.50	2799.00	2798.50	2798.00	2797.00	2797.00	2796.25	2795.75	2795.00	2794.00	2793.00	2792.50	2791.00	2790.00	2789.50	2788.00	2787.50	2786.50	2785.50	2784.75	2784.00	2783.00	2782.50	2782.00	2780.75	2780.25	2779.50	2779.00	2778.25	2778.00	2777.25	2777.00	2776.50	2776.00	2775.50	2775.00	2774.50	2774.00	2773.50	2773.00	2772.50	2772.00	2772.00	2772.00	2771.25	2771.00	2770.50	2770.25	2769.75	2769.50	2769.25	2768.50	2768.00	2767.75	2767.25	2766.75	2766.50	2766.25	2766.00	2765.50	2765.00	2764.00	2763.75	2763.25	2763.00	2762.00	2761.50	2761.00	2760.00	2759.50	2759.00	2758.25	2757.75	2757.50	2756.50	2756.25	2755.75	2755.25	2754.75	2754.50	2753.50	2753.50	2752.50	2751.50	2750.75	2750.00	2749.50	2748.25	2747.50	2746.50	2746.00	2744.50	2743.50	2741.50	2740.75	2740.25	2739.00	2738.00	2737.00	2736.00	2735.50	2735.00	2734.50	2733.50	2733.00	2732.00	2732.00	2731.50	2731.00	2731.00	2730.50	2730.00	2729.50	2729.25	2728.50	2728.50	2727.75	2727.50	2726.75	2726.50	2726.25
2843.00	2843.00	2843.00	2843.00	2843.00	2843.00	2842.00	2842.00	2842.00	2842.00	2842.00	2841.00	2841.00	2841.00	2840.00	2840.00	2840.00	2839.50	2839.00	2838.50	2838.00	2837.00	2837.00	2836.00	2836.00	2835.50	2835.00	2835.00	2835.00	2834.00	2834.00	2833.50	2833.00	2833.00	2833.00	2833.00	2832.00	2832.00	2832.00	2832.00	2831.00	2831.00	2831.00	2831.00	2831.00	2830.00	2830.00	2830.00	2829.50	2829.00	2829.00	2828.50	2828.00	2827.50	2827.00	2827.00	2826.00	2826.00	2825.00	2825.00	2824.00	2823.00	2822.50	2822.00	2821.50	2821.00	2820.50	2820.00	2820.00	2819.00	2819.00	2819.00	2818.50	2818.00	2818.00	2817.00	2817.00	2816.00	2815.50	2815.00	2814.00	2812.50	2811.50	2811.00	2810.00	2808.50	2806.00	2805.00	2804.50	2803.50	2802.00	2801.00	2800.00	2800.00	2800.00	2799.50	2799.00	2799.00	2799.50	2800.00	2800.50	2801.00	2802.00	2802.00	2802.50	2803.00	2803.00	2803.00	2804.00	2804.00	2804.00	2804.00	2804.00	2804.00	2804.00	2803.00	2803.00	2803.00	2803.00	2803.00	2803.00	2802.00	2802.00	2802.00	2802.00	2802.00	2802.00	2801.50	2801.00	2801.00	2801.00	2801.00	2801.00	2800.00	2800.00	2799.50	2799.00	2798.00	2798.00	2797.00	2797.00	2796.00	2795.50	2794.50	2793.50	2792.50	2792.00	2790.50	2789.50	2789.00	2787.50	2787.00	2786.00	2785.00	2784.50	2784.00	2783.00	2782.50	2782.00	2781.00	2780.50	2780.00	2780.00	2779.00	2779.00	2778.00	2778.00	2777.50	2777.00	2776.00	2776.00	2775.00	2775.00	2774.50	2774.00	2773.50	2773.00	2773.00	2773.00	2772.00	2772.00	2771.00	2770.50	2770.00	2770.00	2769.50	2769.00	2768.00	2768.00	2767.50	2767.00	2767.00	2766.50	2766.00	2766.00	2765.00	2764.00	2763.50	2763.00	2763.00	2762.00	2761.50	2761.00	2760.00	2759.50	2759.00	2758.00	2757.50	2757.00	2756.00	2756.00	2755.50	2755.00	2754.50	2754.00	2753.00	2753.00	2752.00	2751.00	2750.50	2749.50	2749.00	2748.00	2747.50	2746.00	2746.00	2744.50	2743.50	2741.50	2740.50	2740.00	2739.00	2738.00	2737.00	2736.00	2735.50	2735.00	2734.50	2733.50	2733.00	2732.00	2732.00	2731.50	2731.00	2731.00	2730.50	2730.00	2729.00	2729.00	2728.00	2728.00	2727.50	2727.00	2726.50	2726.00	2726.00
2843.00	2843.00	2843.00	2843.00	2843.00	2843.00	2842.00	2842.00	2842.00	2842.00	2842.00	2841.00	2841.00	2841.00	2840.00	2840.00	2840.00	2839.50	2839.00	2838.50	2838.00	2837.00	2837.00	2836.00	2836.00	2835.50	2835.00	2835.00	2835.00	2834.00	2834.00	2833.50	2833.00	2833.00	2833.00	2833.00	2832.00	2832.00	2832.00	2832.00	2831.00	2831.00	2831.00	2831.00	2831.00	2830.00	2830.00	2830.00	2829.50	2829.00	2829.00	2828.50	2828.00	2827.50	2827.00	2827.00	2826.00	2826.00	2825.00	2825.00	2824.00	2823.00	2822.50	2822.00	2821.50	2821.00	2820.50	2820.00	2820.00	2819.00	2819.00	2819.00	2818.50	2818.00	2818.00	2817.00	2817.00	2816.00	2815.50	2815.00	2814.00	2812.50	2811.50	2811.00	2810.00	2808.50	2806.00	2805.00	2804.50	2803.50	2802.00	2801.00	2800.00	2800.00	2800.00	2799.50	2799.00	2799.00	2799.50	2800.00	2800.50	2801.00	2802.00	2802.00	2802.50	2803.00	2803.00	2803.00	2804.00	2804.00	2804.00	2804.00	2804.00	2804.00	2804.00	2803.00	2803.00	2803.00	2803.00	2803.00	2803.00	2802.00	2802.00	2802.00	2802.00	2802.00	2802.00	2801.50	2801.00	2801.00	2801.00	2801.00	2801.00	2800.00	2800.00	2799.50	2799.00	2798.00	2798.00	2797.00	2797.00	2796.00	2795.50	2794.50	2793.50	2792.50	2792.00	2790.50	2789.50	2789.00	2787.50	2787.00	2786.00	2785.00	2784.50	2784.00	2783.00	2782.50	2782.00	2781.00	2780.50	2780.00	2780.00	2779.00	2779.00	2778.00	2778.00	2777.50	2777.00	2776.00	2776.00	2775.00	2775.00	2774.50	2774.00	2773.50	2773.00	2773.00	2773.00	2772.00	2772.00	2771.00	2770.50	2770.00	2770.00	2769.50	2769.00	2768.00	2768.00	2767.50	2767.00	2767.00	2766.50	2766.00	2766.00	2765.00	2764.00	2763.50	2763.00	2763.00	2762.00	2761.50	2761.00	2760.00	2759.50	2759.00	2758.00	2757.50	2757.00	2756.00	2756.00	2755.50	2755.00	2754.50	2754.00	2753.00	2753.00	2752.00	2751.00	2750.50	2749.50	2749.00	2748.00	2747.50	2746.00	2746.00	2744.50	2743.50	2741.50	2740.50	2740.00	2739.00	2738.00	2737.00	2736.00	2735.50	2735.00	2734.50	2733.50	2733.00	2732.00	2732.00	2731.50	2731.00	2731.00	2730.50	2730.00	2729.00	2729.00	2728.00	2728.00	2727.50	2727.00	2726.50	2726.00	2726.00
2843.00	2843.00	2843.00	2843.00	2843.00	2843.00	2842.00	2842.00	2842.00	2842.00	2842.00	2841.00	2841.00	2841.00	2840.00	2840.00	2840.00	2839.50	2839.00	2838.50	2838.00	2837.00	2837.00	2836.00	2836.00	2835.50	2835.00	2835.00	2835.00	2834.00	2834.00	2833.50	2833.00	2833.00	2833.00	2833.00	2832.00	2832.00	2832.00	2832.00	2831.00	2831.00	2831.00	2831.00	2831.00	2830.00	2830.00	2830.00	2829.50	2829.00	2829.00	2828.50	2828.00	2827.50	2827.00	2827.00	2826.00	2826.00	2825.00	2825.00	2824.00	2823.00	2822.50	2822.00	2821.50	2821.00	2820.50	2820.00	2820.00	2819.00	2819.00	2819.00	2818.50	2818.00	2818.00	2817.00	2817.00	2816.00	2815.50	2815.00	2814.00	2812.50	2811.50	2811.00	2810.00	2808.50	2806.00	2805.00	2804.50	2803.50	2802.00	2801.00	2800.00	2800.00	2800.00	2799.50	2799.00	2799.00	2799.50	2800.00	2800.50	2801.00	2802.00	2802.00	2802.50	2803.00	2803.00	2803.00	2804.00	2804.00	2804.00	2804.00	2804.00	2804.00	2804.00	2803.00	2803.00	2803.00	2803.00	2803.00	2803.00	2802.00	2802.00	2802.00	2802.00	2802.00	2802.00	2801.50	2801.00	2801.00	2801.00	2801.00	2801.00	2800.00	2800.00	2799.50	2799.00	2798.00	2798.00	2797.00	2797.00	2796.00	2795.50	2794.50	2793.50	2792.50	2792.00	2790.50	2789.50	2789.00	2787.50	2787.00	2786.00	2785.00	2784.50	2784.00	2783.00	2782.50	2782.00	2781.00	2780.50	2780.00	2780.00	2779.00	2779.00	2778.00	2778.00	2777.50	2777.00	2776.00	2776.00	2775.00	2775.00	2774.50	2774.00	2773.50	2773.00	2773.00	2773.00	2772.00	2772.00	2771.00	2770.50	2770.00	2770.00	2769.50	2769.00	2768.00	2768.00	2767.50	2767.00	2767.00	2766.50	2766.00	2766.00	2765.00	2764.00	2763.50	2763.00	2763.00	2762.00	2761.50	2761.00	2760.00	2759.50	2759.00	2758.00	2757.50	2757.00	2756.00	2756.00	2755.50	2755.00	2754.50	2754.00	2753.00	2753.00	2752.00	2751.00	2750.50	2749.50	2749.00	2748.00	2747.50	2746.00	2746.00	2744.50	2743.50	2741.50	2740.50	2740.00	2739.00	2738.00	2737.00	2736.00	2735.50	2735.00	2734.50	2733.50	2733.00	2732.00	2732.00	2731.50	2731.00	2731.00	2730.50	2730.00	2729.00	2729.00	2728.00	2728.00	2727.50	2727.00	2726.50	2726.00	2726.00
2843.00	2842.50	2842.00	2842.00	2842.00	2842.00	2842.00	2842.00	2842.00	2842.00	2842.00	2841.00	2841.00	2841.00	2840.00	2840.00	2840.00	2839.50	2839.00	2839.00	2838.00	2838.00	2837.00	2837.00	2836.00	2836.00	2836.00	2835.00	2835.00	2835.00	2834.00	2834.00	2834.00	2833.50	2833.00	2833.00	2832.00	2832.00	2832.00	2831.00	2831.00	2831.00	2830.50	2830.00	2830.00	2829.00	2829.00	2829.00	2829.00	2828.00	2828.00	2828.00	2827.00	2827.00	2826.50	2826.00	2825.00	2825.00	2824.00	2824.00	2823.50	2823.00	2822.00	2821.50	2820.50	2820.00	2820.00	2819.00	2819.00	2819.00	2818.00	2818.00	2818.00	2817.50	2817.00	2816.50	2816.00	2816.00	2815.00	2814.50	2813.00	2812.00	2811.50	2810.00	2809.00	2806.50	2805.00	2804.00	2803.50	2802.50	2802.00	2800.50	2800.00	2799.00	2799.00	2799.00	2799.00	2799.00	2799.00	2799.00	2799.50	2800.00	2800.00	2801.00	2801.50	2802.00	2802.00	2802.00	2802.00	2803.00	2803.00	2803.00	2803.00	2803.00	2803.00	2803.00	2803.00	2803.00	2803.00	2803.00	2802.50	2802.00	2802.00	2802.00	2802.00	2802.00	2801.50	2801.00	2801.00	2801.00	2801.00	2801.00	2800.50	2800.00	2800.00	2799.50	2799.00	2798.00	2797.50	2797.00	2796.00	2795.50	2794.50	2793.00	2792.50	2791.50	2791.00	2789.50	2789.00	2788.00	2787.00	2786.50	2786.00	2785.00	2784.00	2784.00	2783.00	2783.00	2782.50	2781.50	2781.00	2781.00	2781.00	2780.50	2780.00	2780.00	2779.50	2779.00	2779.00	2778.00	2778.00	2777.00	2776.50	2776.00	2776.00	2775.00	2775.00	2774.00	2774.00	2773.00	2773.00	2772.00	2771.50	2771.00	2770.00	2770.00	2769.00	2769.00	2768.50	2768.00	2767.50	2767.00	2766.50	2766.00	2766.00	2765.00	2764.00	2764.00	2763.50	2763.00	2763.00	2762.00	2761.00	2760.00	2759.50	2759.00	2757.50	2757.00	2756.00	2756.00	2755.00	2755.00	2754.00	2753.50	2753.00	2753.00	2752.00	2751.00	2750.00	2749.50	2749.00	2748.50	2747.00	2746.50	2745.00	2745.00	2743.50	2742.50	2741.50	2740.50	2739.50	2739.00	2738.00	2736.00	2736.00	2735.00	2734.50	2734.00	2733.00	2732.50	2732.00	2732.00	2731.00	2731.00	2730.00	2729.50	2729.00	2729.00	2728.00	2728.00	2727.00	2727.00	2726.50	2726.00	2725.50	2725.00
2843.00	2842.50	2842.00	2842.00	2842.00	2842.00	2842.00	2842.00	2842.00	2842.00	2842.00	2841.00	2841.00	2841.00	2840.00	2840.00	2840.00	2839.50	2839.00	2839.00	2838.00	2838.00	2837.00	2837.00	2836.00	2836.00	2836.00	2835.00	2835.00	2835.00	2834.00	2834.00	2834.00	2833.50	2833.00	2833.00	2832.00	2832.00	2832.00	2831.00	2831.00	2831.00	2830.50	2830.00	2830.00	2829.00	2829.00	2829.00	2829.00	2828.00	2828.00	2828.00	2827.00	2827.00	2826.50	2826.00	2825.00	2825.00	2824.00	2824.00	2823.50	2823.00	2822.00	2821.50	2820.50	2820.00	2820.00	2819.00	2819.00	2819.00	2818.00	2818.00	2818.00	2817.50	2817.00	2816.50	2816.00	2816.00	2815.00	2814.50	2813.00	2812.00	2811.50	2810.00	2809.00	2806.50	2805.00	2804.00	2803.50	2802.50	2802.00	2800.50	2800.00	2799.00	2799.00	2799.00	2799.00	2799.00	2799.00	2799.00	2799.50	2800.00	2800.00	2801.00	2801.50	2802.00	2802.00	2802.00	2802.00	2803.00	2803.00	2803.00	2803.00	2803.00	2803.00	2803.00	2803.00	2803.00	2803.00	2803.00	2802.50	2802.00	2802.00	2802.00	2802.00	2802.00	2801.50	2801.00	2801.00	2801.00	2801.00	2801.00	2800.50	2800.00	2800.00	2799.50	2799.00	2798.00	2797.50	2797.00	2796.00	2795.50	2794.50	2793.00	2792.50	2791.50	2791.00	2789.50	2789.00	2788.00	2787.00	2786.50	2786.00	2785.00	2784.00	2784.00	2783.00	2783.00	2782.50	2781.50	2781.00	2781.00	2781.00	2780.50	2780.00	2780.00	2779.50	2779.00	2779.00	2778.00	2778.00	2777.00	2776.50	2776.00	2776.00	2775.00	2775.00	2774.00	2774.00	2773.00	2773.00	2772.00	2771.50	2771.00	2770.00	2770.00	2769.00	2769.00	2768.50	2768.00	2767.50	2767.00	2766.50	2766.00	2766.00	2765.00	2764.00	2764.00	2763.50	2763.00	2763.00	2762.00	2761.00	2760.00	2759.50	2759.00	2757.50	2757.00	2756.00	2756.00	2755.00	2755.00	2754.00	2753.50	2753.00	2753.00	2752.00	2751.00	2750.00	2749.50	2749.00	2748.50	2747.00	2746.50	2745.00	2745.00	2743.50	2742.50	2741.50	2740.50	2739.50	2739.00	2738.00	2736.00	2736.00	2735.00	2734.50	2734.00	2733.00	2732.50	2732.00	2732.00	2731.00	2731.00	2730.00	2729.50	2729.00	2729.00	2728.00	2728.00	2727.00	2727.00	2726.50	2726.00	2725.50	2725.00
2843.00	2842.50	2842.00	2842.00	2842.00	2842.00	2842.00	2842.00	2842.00	2842.00	2842.00	2841.00	2841.00	2841.00	2840.00	2840.00	2840.00	2839.50	2839.00	2839.00	2838.00	2838.00	2837.00	2837.00	2836.00	2836.00	2836.00	2835.00	2835.00	2835.00	2834.00	2834.00	2834.00	2833.50	2833.00	2833.00	2832.00	2832.00	2832.00	2831.00	2831.00	2831.00	2830.50	2830.00	2830.00	2829.00	2829.00	2829.00	2829.00	2828.00	2828.00	2828.00	2827.00	2827.00	2826.50	2826.00	2825.00	2825.00	2824.00	2824.00	2823.50	2823.00	2822.00	2821.50	2820.50	2820.00	2820.00	2819.00	2819.00	2819.00	2818.00	2818.00	2818.00	2817.50	2817.00	2816.50	2816.00	2816.00	2815.00	2814.50	2813.00	2812.00	2811.50	2810.00	2809.00	2806.50	2805.00	2804.00	2803.50	2802.50	2802.00	2800.50	2800.00	2799.00	2799.00	2799.00	2799.00	2799.00	2799.00	2799.00	2799.50	2800.00	2800.00	2801.00	2801.50	2802.00	2802.00	2802.00	2802.00	2803.00	2803.00	2803.00	2803.00	2803.00	2803.00	2803.00	2803.00	2803.00	2803.00	2803.00	2802.50	2802.00	2802.00	2802.00	2802.00	2802.00	2801.50	2801.00	2801.00	2801.00	2801.00	2801.00	2800.50	2800.00	2800.00	2799.50	2799.00	2798.00	2797.50	2797.00	2796.00	2795.50	2794.50	2793.00	2792.50	2791.50	2791.00	2789.50	2789.00	2788.00	2787.00	2786.50	2786.00	2785.00	2784.00	2784.00	2783.00	2783.00	2782.50	2781.50	2781.00	2781.00	2781.00	2780.50	2780.00	2780.00	2779.50	2779.00	2779.00	2778.00	2778.00	2777.00	2776.50	2776.00	2776.00	2775.00	2775.00	2774.00	2774.00	2773.00	2773.00	2772.00	2771.50	2771.00	2770.00	2770.00	2769.00	2769.00	2768.50	2768.00	2767.50	2767.00	2766.50	2766.00	2766.00	2765.00	2764.00	2764.00	2763.50	2763.00	2763.00	2762.00	2761.00	2760.00	2759.50	2759.00	2757.50	2757.00	2756.00	2756.00	2755.00	2755.00	2754.00	2753.50	2753.00	2753.00	2752.00	2751.00	2750.00	2749.50	2749.00	2748.50	2747.00	2746.50	2745.00	2745.00	2743.50	2742.50	2741.50	2740.50	2739.50	2739.00	2738.00	2736.00	2736.00	2735.00	2734.50	2734.00	2733.00	2732.50	2732.00	2732.00	2731.00	2731.00	2730.00	2729.50	2729.00	2729.00	2728.00	2728.00	2727.00	2727.00	2726.50	2726.00	2725.50	2725.00
2843.00	2842.50	2842.00	2842.00	2842.00	2842.00	2842.00	2842.00	2842.00	2842.00	2842.00	2841.00	2841.00	2841.00	2840.00	2840.00	2840.00	2839.50	2839.00	2839.00	2838.00	2838.00	2837.00	2837.00	2836.00	2836.00	2836.00	2835.00	2835.00	2835.00	2834.00	2834.00	2834.00	2833.50	2833.00	2833.00	2832.00	2832.00	2832.00	2831.00	2831.00	2831.00	2830.50	2830.00	2830.00	2829.00	2829.00	2829.00	2829.00	2828.00	2828.00	2828.00	2827.00	2827.00	2826.50	2826.00	2825.00	2825.00	2824.00	2824.00	2823.50	2823.00	2822.00	2821.50	2820.50	2820.00	2820.00	2819.00	2819.00	2819.00	2818.00	2818.00	2818.00	2817.50	2817.00	2816.50	2816.00	2816.00	2815.00	2814.50	2813.00	2812.00	2811.50	2810.00	2809.00	2806.50	2805.00	2804.00	2803.50	2802.50	2802.00	2800.50	2800.00	2799.00	2799.00	2799.00	2799.00	2799.00	2799.00	2799.00	2799.50	2800.00	2800.00	2801.00	2801.50	2802.00	2802.00	2802.00	2802.00	2803.00	2803.00	2803.00	2803.00	2803.00	2803.00	2803.00	2803.00	2803.00	2803.00	2803.00	2802.50	2802.00	2802.00	2802.00	2802.00	2802.00	2801.50	2801.00	2801.00	2801.00	2801.00	2801.00	2800.50	2800.00	2800.00	2799.50	2799.00	2798.00	2797.50	2797.00	2796.00	2795.50	2794.50	2793.00	2792.50	2791.50	2791.00	2789.50	2789.00	2788.00	2787.00	2786.50	2786.00	2785.00	2784.00	2784.00	2783.00	2783.00	2782.50	2781.50	2781.00	2781.00	2781.00	2780.50	2780.00	2780.00	2779.50	2779.00	2779.00	2778.00	2778.00	2777.00	2776.50	2776.00	2776.00	2775.00	2775.00	2774.00	2774.00	2773.00	2773.00	2772.00	2771.50	2771.00	2770.00	2770.00	2769.00	2769.00	2768.50	2768.00	2767.50	2767.00	2766.50	2766.00	2766.00	2765.00	2764.00	2764.00	2763.50	2763.00	2763.00	2762.00	2761.00	2760.00	2759.50	2759.00	2757.50	2757.00	2756.00	2756.00	2755.00	2755.00	2754.00	2753.50	2753.00	2753.00	2752.00	2751.00	2750.00	2749.50	2749.00	2748.50	2747.00	2746.50	2745.00	2745.00	2743.50	2742.50	2741.50	2740.50	2739.50	2739.00	2738.00	2736.00	2736.00	2735.00	2734.50	2734.00	2733.00	2732.50	2732.00	2732.00	2731.00	2731.00	2730.00	2729.50	2729.00	2729.00	2728.00	2728.00	2727.00	2727.00	2726.50	2726.00	2725.50	2725.00
2843.00	2842.75	2842.25	2842.00	2842.00	2842.00	2842.00	2842.00	2842.00	2842.00	2841.75	2841.00	2841.00	2840.50	2840.00	2840.00	2840.00	2839.50	2839.00	2839.00	2838.00	2838.00	2837.50	2837.00	2836.50	2836.50	2836.25	2835.50	2835.50	2835.50	2834.50	2834.50	2834.50	2834.00	2833.50	2833.25	2832.50	2832.50	2832.25	2831.50	2831.50	2831.25	2830.75	2830.00	2829.75	2829.00	2828.50	2828.50	2828.50	2827.75	2827.50	2827.50	2826.50	2826.50	2826.00	2825.50	2824.75	2824.50	2824.00	2823.50	2823.25	2822.50	2822.00	2821.50	2820.75	2820.25	2820.00	2819.00	2819.00	2819.00	2818.00	2818.00	2818.00	2817.50	2817.00	2816.50	2816.00	2815.50	2814.50	2814.00	2812.75	2811.75	2811.00	2809.50	2808.50	2806.50	2805.00	2803.75	2803.00	2802.25	2801.50	2800.25	2799.50	2799.00	2798.50	2798.50	2798.50	2798.50	2798.50	2798.50	2799.00	2799.50	2800.00	2800.50	2800.75	2801.50	2801.50	2801.75	2802.00	2802.50	2802.50	2802.50	2802.50	2802.50	2802.50	2802.50	2802.50	2802.50	2802.50	2802.50	2802.25	2802.00	2802.00	2802.00	2802.00	2801.75	2801.25	2801.00	2801.00	2801.00	2801.00	2800.50	2800.25	2800.00	2799.50	2799.00	2798.50	2798.00	2797.00	2796.50	2795.50	2794.75	2794.00	2792.25	2791.75	2791.00	2790.50	2789.00	2788.50	2787.50	2786.75	2786.25	2786.00	2785.00	2784.50	2784.00	2783.50	2783.50	2783.00	2782.25	2782.00	2782.00	2782.00	2781.50	2781.00	2781.00	2780.50	2780.00	2779.50	2779.00	2778.50	2778.00	2777.50	2777.00	2776.75	2776.00	2775.75	2775.00	2774.50	2773.75	2773.50	2772.50	2772.00	2771.50	2770.50	2770.25	2769.50	2769.50	2768.75	2768.25	2767.50	2767.00	2766.50	2766.00	2765.50	2764.75	2764.00	2763.75	2763.25	2762.75	2762.50	2761.50	2760.50	2759.75	2759.00	2758.50	2757.25	2757.00	2756.00	2756.00	2755.00	2754.75	2753.75	2753.25	2752.75	2752.50	2751.50	2750.50	2750.00	2749.00	2748.50	2748.00	2746.75	2746.00	2745.00	2744.50	2743.50	2742.50	2741.25	2740.50	2739.50	2738.50	2738.00	2736.00	2736.00	2735.00	2734.50	2734.00	2733.00	2732.50	2732.00	2731.50	2730.75	2730.50	2729.75	2729.25	2729.00	2728.50	2727.75	2727.50	2727.00	2726.50	2726.00	2725.50	2725.00	2724.50
2843.00	2843.00	2842.50	2842.00	2842.00	2842.00	2842.00	2842.00	2842.00	2842.00	2841.50	2841.00	2841.00	2840.00	2840.00	2840.00	2840.00	2839.50	2839.00	2839.00	2838.00	2838.00	2838.00	2837.00	2837.00	2837.00	2836.50	2836.00	2836.00	2836.00	2835.00	2835.00	2835.00	2834.50	2834.00	2833.50	2833.00	2833.00	2832.50	2832.00	2832.00	2831.50	2831.00	2830.00	2829.50	2829.00	2828.00	2828.00	2828.00	2827.50	2827.00	2827.00	2826.00	2826.00	2825.50	2825.00	2824.50	2824.00	2824.00	2823.00	2823.00	2822.00	2822.00	2821.50	2821.00	2820.50	2820.00	2819.00	2819.00	2819.00	2818.00	2818.00	2818.00	2817.50	2817.00	2816.50	2816.00	2815.00	2814.00	2813.50	2812.50	2811.50	2810.50	2809.00	2808.00	2806.50	2805.00	2803.50	2802.50	2802.00	2801.00	2800.00	2799.00	2799.00	2798.00	2798.00	2798.00	2798.00	2798.00	2798.00	2798.50	2799.00	2800.00	2800.00	2800.00	2801.00	2801.00	2801.50	2802.00	2802.00	2802.00	2802.00	2802.00	2802.00	2802.00	2802.00	2802.00	2802.00	2802.00	2802.00	2802.00	2802.00	2802.00	2802.00	2802.00	2801.50	2801.00	2801.00	2801.00	2801.00	2801.00	2800.00	2800.00	2800.00	2799.00	2798.50	2798.00	2798.00	2796.50	2796.00	2795.00	2794.00	2793.50	2791.50	2791.00	2790.50	2790.00	2788.50	2788.00	2787.00	2786.50	2786.00	2786.00	2785.00	2785.00	2784.00	2784.00	2784.00	2783.50	2783.00	2783.00	2783.00	2783.00	2782.50	2782.00	2782.00	2781.50	2781.00	2780.00	2780.00	2779.00	2779.00	2778.50	2778.00	2777.50	2777.00	2776.50	2776.00	2775.00	2774.50	2774.00	2773.00	2772.50	2772.00	2771.00	2770.50	2770.00	2770.00	2769.00	2768.50	2767.50	2767.00	2766.50	2766.00	2765.00	2764.50	2764.00	2763.50	2763.00	2762.50	2762.00	2761.00	2760.00	2759.50	2758.50	2758.00	2757.00	2757.00	2756.00	2756.00	2755.00	2754.50	2753.50	2753.00	2752.50	2752.00	2751.00	2750.00	2750.00	2748.50	2748.00	2747.50	2746.50	2745.50	2745.00	2744.00	2743.50	2742.50	2741.00	2740.50	2739.50	2738.00	2738.00	2736.00	2736.00	2735.00	2734.50	2734.00	2733.00	2732.50	2732.00	2731.00	2730.50	2730.00	2729.50	2729.00	2729.00	2728.00	2727.50	2727.00	2727.00	2726.00	2725.50	2725.00	2724.50	2724.00
2843.00	2843.00	2842.50	2842.00	2842.00	2842.00	2842.00	2842.00	2842.00	2842.00	2841.50	2841.00	2841.00	2840.00	2840.00	2840.00	2840.00	2839.50	2839.00	2839.00	2838.00	2838.00	2838.00	2837.00	2837.00	2837.00	2836.50	2836.00	2836.00	2836.00	2835.00	2835.00	2835.00	2834.50	2834.00	2833.50	2833.00	2833.00	2832.50	2832.00	2832.00	2831.50	2831.00	2830.00	2829.50	2829.00	2828.00	2828.00	2828.00	2827.50	2827.00	2827.00	2826.00	2826.00	2825.50	2825.00	2824.50	2824.00	2824.00	2823.00	2823.00	2822.00	2822.00	2821.50	2821.00	2820.50	2820.00	2819.00	2819.00	2819.00	2818.00	2818.00	2818.00	2817.50	2817.00	2816.50	2816.00	2815.00	2814.00	2813.50	2812.50	2811.50	2810.50	2809.00	2808.00	2806.50	2805.00	2803.50	2802.50	2802.00	2801.00	2800.00	2799.00	2799.00	2798.00	2798.00	2798.00	2798.00	2798.00	2798.00	2798.50	2799.00	2800.00	2800.00	2800.00	2801.00	2801.00	2801.50	2802.00	2802.00	2802.00	2802.00	2802.00	2802.00	2802.00	2802.00	2802.00	2802.00	2802.00	2802.00	2802.00	2802.00	2802.00	2802.00	2802.00	2801.50	2801.00	2801.00	2801.00	2801.00	2801.00	2800.00	2800.00	2800.00	2799.00	2798.50	2798.00	2798.00	2796.50	2796.00	2795.00	2794.00	2793.50	2791.50	2791.00	2790.50	2790.00	2788.50	2788.00	2787.00	2786.50	2786.00	2786.00	2785.00	2785.00	2784.00	2784.00	2784.00	2783.50	2783.00	2783.00	2783.00	2783.00	2782.50	2782.00	2782.00	2781.50	2781.00	2780.00	2780.00	2779.00	2779.00	2778.50	2778.00	2777.50	2777.00	2776.50	2776.00	2775.00	2774.50	2774.00	2773.00	2772.50	2772.00	2771.00	2770.50	2770.00	2770.00	2769.00	2768.50	2767.50	2767.00	2766.50	2766.00	2765.00	2764.50	2764.00	2763.50	2763.00	2762.50	2762.00	2761.00	2760.00	2759.50	2758.50	2758.00	2757.00	2757.00	2756.00	2756.00	2755.00	2754.50	2753.50	2753.00	2752.50	2752.00	2751.00	2750.00	2750.00	2748.50	2748.00	2747.50	2746.50	2745.50	2745.00	2744.00	2743.50	2742.50	2741.00	2740.50	2739.50	2738.00	2738.00	2736.00	2736.00	2735.00	2734.50	2734.00	2733.00	2732.50	2732.00	2731.00	2730.50	2730.00	2729.50	2729.00	2729.00	2728.00	2727.50	2727.00	2727.00	2726.00	2725.50	2725.00	2724.50	2724.00
2843.00	2843.00	2842.50	2842.00	2842.00	2842.00	2842.00	2842.00	2842.00	2842.00	2841.50	2841.00	2841.00	2840.00	2840.00	2840.00	2840.00	2839.50	2839.00	2839.00	2838.00	2838.00	2838.00	2837.00	2837.00	2837.00	2836.50	2836.00	2836.00	2836.00	2835.00	2835.00	2835.00	2834.50	2834.00	2833.50	2833.00	2833.00	2832.50	2832.00	2832.00	2831.50	2831.00	2830.00	2829.50	2829.00	2828.00	2828.00	2828.00	2827.50	2827.00	2827.00	2826.00	2826.00	2825.50	2825.00	2824.50	2824.00	2824.00	2823.00	2823.00	2822.00	2822.00	2821.50	2821.00	2820.50	2820.00	2819.00	2819.00	2819.00	2818.00	2818.00	2818.00	2817.50	2817.00	2816.50	2816.00	2815.00	2814.00	2813.50	2812.50	2811.50	2810.50	2809.00	2808.00	2806.50	2805.00	2803.50	2802.50	2802.00	2801.00	2800.00	2799.00	2799.00	2798.00	2798.00	2798.00	2798.00	2798.00	2798.00	2798.50	2799.00	2800.00	2800.00	2800.00	2801.00	2801.00	2801.50	2802.00	2802.00	2802.00	2802.00	2802.00	2802.00	2802.00	2802.00	2802.00	2802.00	2802.00	2802.00	2802.00	2802.00	2802.00	2802.00	2802.00	2801.50	2801.00	2801.00	2801.00	2801.00	2801.00	2800.00	2800.00	2800.00	2799.00	2798.50	2798.00	2798.00	2796.50	2796.00	2795.00	2794.00	2793.50	2791.50	2791.00	2790.50	2790.00	2788.50	2788.00	2787.00	2786.50	2786.00	2786.00	2785.00	2785.00	2784.00	2784.00	2784.00	2783.50	2783.00	2783.00	2783.00	2783.00	2782.50	2782.00	2782.00	2781.50	2781.00	2780.00	2780.00	2779.00	2779.00	2778.50	2778.00	2777.50	2777.00	2776.50	2776.00	2775.00	2774.50	2774.00	2773.00	2772.50	2772.00	2771.00	2770.50	2770.00	2770.00	2769.00	2768.50	2767.50	2767.00	2766.50	2766.00	2765.00	2764.50	2764.00	2763.50	2763.00	2762.50	2762.00	2761.00	2760.00	2759.50	2758.50	2758.00	2757.00	2757.00	2756.00	2756.00	2755.00	2754.50	2753.50	2753.00	2752.50	2752.00	2751.00	2750.00	2750.00	2748.50	2748.00	2747.50	2746.50	2745.50	2745.00	2744.00	2743.50	2742.50	2741.00	2740.50	2739.50	2738.00	2738.00	2736.00	2736.00	2735.00	2734.50	2734.00	2733.00	2732.50	2732.00	2731.00	2730.50	2730.00	2729.50	2729.00	2729.00	2728.00	2727.50	2727.00	2727.00	2726.00	2725.50	2725.00	2724.50	2724.00
2843.00	2843.00	2842.75	2842.50	2842.50	2842.50	2842.00	2842.00	2842.00	2842.00	2841.50	2841.00	2841.00	2840.00	2840.00	2840.00	2839.75	2839.25	2839.00	2838.75	2838.00	2838.00	2837.75	2837.00	2837.00	2836.75	2836.25	2836.00	2836.00	2836.00	2835.50	2835.50	2835.25	2834.75	2834.50	2834.00	2833.50	2833.50	2832.75	2832.00	2831.75	2831.25	2830.75	2830.00	2829.25	2829.00	2828.00	2828.00	2827.75	2827.25	2826.75	2826.50	2826.00	2825.50	2825.25	2824.50	2824.25	2823.75	2823.50	2823.00	2822.75	2822.00	2822.00	2821.50	2821.00	2820.50	2820.00	2819.00	2819.00	2818.75	2818.00	2818.00	2817.75	2817.25	2817.00	2816.25	2816.00	2815.00	2814.00	2813.50	2812.50	2811.50	2810.50	2809.00	2808.00	2806.50	2805.00	2803.50	2802.50	2801.75	2801.00	2799.75	2799.00	2798.50	2798.00	2797.75	2797.50	2797.50	2797.50	2797.50	2798.00	2798.50	2799.00	2799.50	2799.50	2800.50	2800.50	2800.75	2801.00	2801.50	2801.50	2801.50	2801.50	2801.50	2801.50	2801.50	2801.50	2801.50	2801.50	2801.50	2801.50	2801.50	2801.50	2801.50	2801.50	2801.25	2801.00	2800.75	2800.50	2800.50	2800.50	2800.00	2799.50	2799.00	2798.25	2797.75	2797.50	2797.00	2796.00	2795.50	2794.50	2793.75	2793.00	2791.50	2790.75	2790.25	2789.50	2788.50	2788.00	2787.50	2786.75	2786.50	2786.00	2785.50	2785.50	2785.00	2785.00	2784.75	2784.25	2784.00	2784.00	2784.00	2784.00	2783.25	2783.00	2782.75	2782.25	2782.00	2781.00	2781.00	2780.00	2780.00	2779.25	2778.75	2778.25	2777.50	2777.00	2776.50	2775.50	2775.00	2774.25	2773.25	2772.75	2772.25	2771.50	2770.75	2770.00	2769.50	2768.75	2768.25	2767.50	2766.75	2766.25	2765.50	2765.00	2764.25	2763.50	2763.00	2762.50	2762.25	2761.50	2760.75	2759.50	2759.00	2758.25	2757.75	2756.75	2756.50	2755.50	2755.50	2754.50	2754.00	2753.00	2752.50	2752.00	2751.50	2750.50	2749.50	2749.50	2748.25	2747.75	2747.25	2746.25	2745.50	2745.00	2744.00	2743.25	2742.50	2740.75	2740.25	2739.50	2738.00	2738.00	2736.00	2736.00	2735.00	2734.50	2734.00	2733.00	2732.50	2732.00	2731.00	2730.50	2730.00	2729.50	2729.00	2729.00	2728.00	2727.50	2727.00	2726.50	2725.75	2725.25	2724.50	2724.25	2724.00
2843.00	2843.00	2843.00	2843.00	2843.00	2843.00	2842.00	2842.00	2842.00	2842.00	2841.50	2841.00	2841.00	2840.00	2840.00	2840.00	2839.50	2839.00	2839.00	2838.50	2838.00	2838.00	2837.50	2837.00	2837.00	2836.50	2836.00	2836.00	2836.00	2836.00	2836.00	2836.00	2835.50	2835.00	2835.00	2834.50	2834.00	2834.00	2833.00	2832.00	2831.50	2831.00	2830.50	2830.00	2829.00	2829.00	2828.00	2828.00	2827.50	2827.00	2826.50	2826.00	2826.00	2825.00	2825.00	2824.00	2824.00	2823.50	2823.00	2823.00	2822.50	2822.00	2822.00	2821.50	2821.00	2820.50	2820.00	2819.00	2819.00	2818.50	2818.00	2818.00	2817.50	2817.00	2817.00	2816.00	2816.00	2815.00	2814.00	2813.50	2812.50	2811.50	2810.50	2809.00	2808.00	2806.50	2805.00	2803.50	2802.50	2801.50	2801.00	2799.50	2799.00	2798.00	2798.00	2797.50	2797.00	2797.00	2797.00	2797.00	2797.50	2798.00	2798.00	2799.00	2799.00	2800.00	2800.00	2800.00	2800.00	2801.00	2801.00	2801.00	2801.00	2801.00	2801.00	2801.00	2801.00	2801.00	2801.00	2801.00	2801.00	2801.00	2801.00	2801.00	2801.00	2801.00	2801.00	2800.50	2800.00	2800.00	2800.00	2800.00	2799.00	2798.00	2797.50	2797.00	2797.00	2796.00	2795.50	2795.00	2794.00	2793.50	2792.50	2791.50	2790.50	2790.00	2789.00	2788.50	2788.00	2788.00	2787.00	2787.00	2786.00	2786.00	2786.00	2786.00	2786.00	2785.50	2785.00	2785.00	2785.00	2785.00	2785.00	2784.00	2784.00	2783.50	2783.00	2783.00	2782.00	2782.00	2781.00	2781.00	2780.00	2779.50	2779.00	2778.00	2777.50	2777.00	2776.00	2775.50	2774.50	2773.50	2773.00	2772.50	2772.00	2771.00	2770.00	2769.00	2768.50	2768.00	2767.50	2766.50	2766.00	2765.00	2765.00	2764.00	2763.00	2762.50	2762.00	2762.00	2761.00	2760.50	2759.00	2758.50	2758.00	2757.50	2756.50	2756.00	2755.00	2755.00	2754.00	2753.50	2752.50	2752.00	2751.50	2751.00	2750.00	2749.00	2749.00	2748.00	2747.50	2747.00	2746.00	2745.50	2745.00	2744.00	2743.00	2742.50	2740.50	2740.00	2739.50	2738.00	2738.00	2736.00	2736.00	2735.00	2734.50	2734.00	2733.00	2732.50	2732.00	2731.00	2730.50	2730.00	2729.50	2729.00	2729.00	2728.00	2727.50	2727.00	2726.00	2725.50	2725.00	2724.00	2724.00	2724.00
2843.00	2843.00	2843.00	2843.00	2843.00	2843.00	2842.00	2842.00	2842.00	2842.00	2841.50	2841.00	2841.00	2840.00	2840.00	2840.00	2839.50	2839.00	2839.00	2838.50	2838.00	2838.00	2837.50	2837.00	2837.00	2836.50	2836.00	2836.00	2836.00	2836.00	2836.00	2836.00	2835.50	2835.00	2835.00	2834.50	2834.00	2834.00	2833.00	2832.00	2831.50	2831.00	2830.50	2830.00	2829.00	2829.00	2828.00	2828.00	2827.50	2827.00	2826.50	2826.00	2826.00	2825.00	2825.00	2824.00	2824.00	2823.50	2823.00	2823.00	2822.50	2822.00	2822.00	2821.50	2821.00	2820.50	2820.00	2819.00	2819.00	2818.50	2818.00	2818.00	2817.50	2817.00	2817.00	2816.00	2816.00	2815.00	2814.00	2813.50	2812.50	2811.50	2810.50	2809.00	2808.00	2806.50	2805.00	2803.50	2802.50	2801.50	2801.00	2799.50	2799.00	2798.00	2798.00	2797.50	2797.00	2797.00	2797.00	2797.00	2797.50	2798.00	2798.00	2799.00	2799.00	2800.00	2800.00	2800.00	2800.00	2801.00	2801.00	2801.00	2801.00	2801.00	2801.00	2801.00	2801.00	2801.00	2801.00	2801.00	2801.00	2801.00	2801.00	2801.00	2801.00	2801.00	2801.00	2800.50	2800.00	2800.00	2800.00	2800.00	2799.00	2798.00	2797.50	2797.00	2797.00	2796.00	2795.50	2795.00	2794.00	2793.50	2792.50	2791.50	2790.50	2790.00	2789.00	2788.50	2788.00	2788.00	2787.00	2787.00	2786.00	2786.00	2786.00	2786.00	2786.00	2785.50	2785.00	2785.00	2785.00	2785.00	2785.00	2784.00	2784.00	2783.50	2783.00	2783.00	2782.00	2782.00	2781.00	2781.00	2780.00	2779.50	2779.00	2778.00	2777.50	2777.00	2776.00	2775.50	2774.50	2773.50	2773.00	2772.50	2772.00	2771.00	2770.00	2769.00	2768.50	2768.00	2767.50	2766.50	2766.00	2765.00	2765.00	2764.00	2763.00	2762.50	2762.00	2762.00	2761.00	2760.50	2759.00	2758.50	2758.00	2757.50	2756.50	2756.00	2755.00	2755.00	2754.00	2753.50	2752.50	2752.00	2751.50	2751.00	2750.00	2749.00	2749.00	2748.00	2747.50	2747.00	2746.00	2745.50	2745.00	2744.00	2743.00	2742.50	2740.50	2740.00	2739.50	2738.00	2738.00	2736.00	2736.00	2735.00	2734.50	2734.00	2733.00	2732.50	2732.00	2731.00	2730.50	2730.00	2729.50	2729.00	2729.00	2728.00	2727.50	2727.00	2726.00	2725.50	2725.00	2724.00	2724.00	2724.00
2843.00	2843.00	2843.00	2843.00	2843.00	2843.00	2842.00	2842.00	2842.00	2842.00	2841.50	2841.00	2841.00	2840.00	2840.00	2840.00	2839.50	2839.00	2839.00	2838.50	2838.00	2838.00	2837.50	2837.00	2837.00	2836.50	2836.00	2836.00	2836.00	2836.00	2836.00	2836.00	2835.50	2835.00	2835.00	2834.50	2834.00	2834.00	2833.00	2832.00	2831.50	2831.00	2830.50	2830.00	2829.00	2829.00	2828.00	2828.00	2827.50	2827.00	2826.50	2826.00	2826.00	2825.00	2825.00	2824.00	2824.00	2823.50	2823.00	2823.00	2822.50	2822.00	2822.00	2821.50	2821.00	2820.50	2820.00	2819.00	2819.00	2818.50	2818.00	2818.00	2817.50	2817.00	2817.00	2816.00	2816.00	2815.00	2814.00	2813.50	2812.50	2811.50	2810.50	2809.00	2808.00	2806.50	2805.00	2803.50	2802.50	2801.50	2801.00	2799.50	2799.00	2798.00	2798.00	2797.50	2797.00	2797.00	2797.00	2797.00	2797.50	2798.00	2798.00	2799.00	2799.00	2800.00	2800.00	2800.00	2800.00	2801.00	2801.00	2801.00	2801.00	2801.00	2801.00	2801.00	2801.00	2801.00	2801.00	2801.00	2801.00	2801.00	2801.00	2801.00	2801.00	2801.00	2801.00	2800.50	2800.00	2800.00	2800.00	2800.00	2799.00	2798.00	2797.50	2797.00	2797.00	2796.00	2795.50	2795.00	2794.00	2793.50	2792.50	2791.50	2790.50	2790.00	2789.00	2788.50	2788.00	2788.00	2787.00	2787.00	2786.00	2786.00	2786.00	2786.00	2786.00	2785.50	2785.00	2785.00	2785.00	2785.00	2785.00	2784.00	2784.00	2783.50	2783.00	2783.00	2782.00	2782.00	2781.00	2781.00	2780.00	2779.50	2779.00	2778.00	2777.50	2777.00	2776.00	2775.50	2774.50	2773.50	2773.00	2772.50	2772.00	2771.00	2770.00	2769.00	2768.50	2768.00	2767.50	2766.50	2766.00	2765.00	2765.00	2764.00	2763.00	2762.50	2762.00	2762.00	2761.00	2760.50	2759.00	2758.50	2758.00	2757.50	2756.50	2756.00	2755.00	2755.00	2754.00	2753.50	2752.50	2752.00	2751.50	2751.00	2750.00	2749.00	2749.00	2748.00	2747.50	2747.00	2746.00	2745.50	2745.00	2744.00	2743.00	2742.50	2740.50	2740.00	2739.50	2738.00	2738.00	2736.00	2736.00	2735.00	2734.50	2734.00	2733.00	2732.50	2732.00	2731.00	2730.50	2730.00	2729.50	2729.00	2729.00	2728.00	2727.50	2727.00	2726.00	2725.50	2725.00	2724.00	2724.00	2724.00
2843.50	2843.50	2843.50	2843.25	2843.00	2843.00	2842.50	2842.50	2842.00	2842.00	2841.50	2841.00	2840.75	2840.00	2840.00	2840.00	2839.50	2839.00	2838.75	2838.25	2838.00	2838.00	2837.25	2837.00	2837.00	2836.50	2836.00	2836.00	2836.00	2836.00	2836.00	2836.00	2835.50	2835.00	2834.75	2834.25	2834.00	2833.50	2833.00	2832.00	2831.75	2831.25	2830.75	2830.00	2829.25	2828.50	2828.00	2827.75	2827.25	2826.75	2826.25	2825.75	2825.50	2824.75	2824.50	2824.00	2823.75	2823.25	2823.00	2823.00	2822.25	2822.00	2822.00	2821.50	2821.00	2820.50	2820.00	2819.00	2819.00	2818.50	2818.00	2818.00	2817.50	2817.00	2817.00	2816.25	2816.00	2815.00	2814.25	2813.75	2812.75	2811.75	2811.00	2809.50	2808.50	2807.00	2805.50	2804.00	2803.00	2802.00	2801.50	2800.00	2799.00	2798.50	2798.00	2797.75	2797.25	2797.00	2797.00	2797.00	2797.25	2797.50	2798.00	2798.50	2798.50	2799.00	2799.50	2799.50	2799.50	2800.00	2800.00	2800.00	2800.00	2800.25	2800.50	2800.50	2800.50	2800.50	2800.50	2800.50	2800.50	2800.50	2800.50	2800.50	2800.50	2800.50	2800.50	2800.25	2799.75	2799.50	2799.50	2799.00	2798.25	2797.50	2797.00	2796.50	2796.25	2795.50	2794.75	2794.00	2793.50	2793.00	2792.25	2791.25	2790.75	2790.25	2789.50	2788.75	2788.50	2788.50	2787.50	2787.50	2787.00	2787.00	2787.00	2787.00	2786.75	2786.25	2786.00	2786.00	2786.00	2785.50	2785.50	2785.00	2784.75	2784.25	2784.00	2783.75	2783.00	2782.50	2781.50	2781.50	2780.50	2780.00	2779.50	2778.50	2778.00	2777.00	2776.50	2775.50	2774.75	2773.75	2773.25	2772.50	2772.00	2771.00	2770.00	2769.00	2768.25	2767.75	2767.00	2766.00	2765.25	2764.50	2764.00	2763.25	2762.50	2762.00	2761.50	2761.25	2760.50	2759.75	2758.50	2758.00	2757.50	2757.00	2756.00	2755.50	2754.50	2754.50	2753.75	2753.25	2752.25	2751.75	2751.25	2751.00	2750.00	2749.00	2749.00	2748.00	2747.50	2747.00	2746.00	2745.50	2744.50	2744.00	2742.75	2742.25	2740.75	2740.25	2739.50	2738.50	2738.00	2736.50	2736.00	2735.25	2734.50	2734.00	2733.00	2732.50	2732.00	2731.00	2730.50	2730.00	2729.25	2728.75	2728.50	2727.50	2727.25	2726.50	2726.00	2725.50	2725.00	2724.00	2723.75	2723.50
2844.00	2844.00	2844.00	2843.50	2843.00	2843.00	2843.00	2843.00	2842.00	2842.00	2841.50	2841.00	2840.50	2840.00	2840.00	2840.00	2839.50	2839.00	2838.50	2838.00	2838.00	2838.00	2837.00	2837.00	2837.00	2836.50	2836.00	2836.00	2836.00	2836.00	2836.00	2836.00	2835.50	2835.00	2834.50	2834.00	2834.00	2833.00	2833.00	2832.00	2832.00	2831.50	2831.00	2830.00	2829.50	2828.00	2828.00	2827.50	2827.00	2826.50	2826.00	2825.50	2825.00	2824.50	2824.00	2824.00	2823.50	2823.00	2823.00	2823.00	2822.00	2822.00	2822.00	2821.50	2821.00	2820.50	2820.00	2819.00	2819.00	2818.50	2818.00	2818.00	2817.50	2817.00	2817.00	2816.50	2816.00	2815.00	2814.50	2814.00	2813.00	2812.00	2811.50	2810.00	2809.00	2807.50	2806.00	2804.50	2803.50	2802.50	2802.00	2800.50	2799.00	2799.00	2798.00	2798.00	2797.50	2797.00	2797.00	2797.00	2797.00	2797.00	2798.00	2798.00	2798.00	2798.00	2799.00	2799.00	2799.00	2799.00	2799.00	2799.00	2799.00	2799.50	2800.00	2800.00	2800.00	2800.00	2800.00	2800.00	2800.00	2800.00	2800.00	2800.00	2800.00	2800.00	2800.00	2800.00	2799.50	2799.00	2799.00	2798.00	2797.50	2797.00	2796.50	2796.00	2795.50	2795.00	2794.00	2793.00	2793.00	2792.50	2792.00	2791.00	2791.00	2790.50	2790.00	2789.00	2789.00	2789.00	2788.00	2788.00	2788.00	2788.00	2788.00	2788.00	2787.50	2787.00	2787.00	2787.00	2787.00	2786.00	2786.00	2786.00	2785.50	2785.00	2785.00	2784.50	2784.00	2783.00	2782.00	2782.00	2781.00	2780.50	2780.00	2779.00	2778.50	2777.00	2777.00	2775.50	2775.00	2774.00	2773.50	2772.50	2772.00	2771.00	2770.00	2769.00	2768.00	2767.50	2766.50	2765.50	2764.50	2764.00	2763.00	2762.50	2762.00	2761.50	2761.00	2760.50	2760.00	2759.00	2758.00	2757.50	2757.00	2756.50	2755.50	2755.00	2754.00	2754.00	2753.50	2753.00	2752.00	2751.50	2751.00	2751.00	2750.00	2749.00	2749.00	2748.00	2747.50	2747.00	2746.00	2745.50	2744.00	2744.00	2742.50	2742.00	2741.00	2740.50	2739.50	2739.00	2738.00	2737.00	2736.00	2735.50	2734.50	2734.00	2733.00	2732.50	2732.00	2731.00	2730.50	2730.00	2729.00	2728.50	2728.00	2727.00	2727.00	2726.00	2726.00	2725.50	2725.00	2724.00	2723.50	2723.00
2844.00	2844.00	2844.00	2843.50	2843.00	2843.00	2843.00	2843.00	2842.00	2842.00	2841.50	2841.00	2840.50	2840.00	2840.00	2840.00	2839.50	2839.00	2838.50	2838.00	2838.00	2838.00	2837.00	2837.00	2837.00	2836.50	2836.00	2836.00	2836.00	2836.00	2836.00	2836.00	2835.50	2835.00	2834.50	2834.00	2834.00	2833.00	2833.00	2832.00	2832.00	2831.50	2831.00	2830.00	2829.50	2828.00	2828.00	2827.50	2827.00	2826.50	2826.00	2825.50	2825.00	2824.50	2824.00	2824.00	2823.50	2823.00	2823.00	2823.00	2822.00	2822.00	2822.00	2821.50	2821.00	2820.50	2820.00	2819.00	2819.00	2818.50	2818.00	2818.00	2817.50	2817.00	2817.00	2816.50	2816.00	2815.00	2814.50	2814.00	2813.00	2812.00	2811.50	2810.00	2809.00	2807.50	2806.00	2804.50	2803.50	2802.50	2802.00	2800.50	2799.00	2799.00	2798.00	2798.00	2797.50	2797.00	2797.00	2797.00	2797.00	2797.00	2798.00	2798.00	2798.00	2798.00	2799.00	2799.00	2799.00	2799.00	2799.00	2799.00	2799.00	2799.50	2800.00	2800.00	2800.00	2800.00	2800.00	2800.00	2800.00	2800.00	2800.00	2800.00	2800.00	2800.00	2800.00	2800.00	2799.50	2799.00	2799.00	2798.00	2797.50	2797.00	2796.50	2796.00	2795.50	2795.00	2794.00	2793.00	2793.00	2792.50	2792.00	2791.00	2791.00	2790.50	2790.00	2789.00	2789.00	2789.00	2788.00	2788.00	2788.00	2788.00	2788.00	2788.00	2787.50	2787.00	2787.00	2787.00	2787.00	2786.00	2786.00	2786.00	2785.50	2785.00	2785.00	2784.50	2784.00	2783.00	2782.00	2782.00	2781.00	2780.50	2780.00	2779.00	2778.50	2777.00	2777.00	2775.50	2775.00	2774.00	2773.50	2772.50	2772.00	2771.00	2770.00	2769.00	2768.00	2767.50	2766.50	2765.50	2764.50	2764.00	2763.00	2762.50	2762.00	2761.50	2761.00	2760.50	2760.00	2759.00	2758.00	2757.50	2757.00	2756.50	2755.50	2755.00	2754.00	2754.00	2753.50	2753.00	2752.00	2751.50	2751.00	2751.00	2750.00	2749.00	2749.00	2748.00	2747.50	2747.00	2746.00	2745.50	2744.00	2744.00	2742.50	2742.00	2741.00	2740.50	2739.50	2739.00	2738.00	2737.00	2736.00	2735.50	2734.50	2734.00	2733.00	2732.50	2732.00	2731.00	2730.50	2730.00	2729.00	2728.50	2728.00	2727.00	2727.00	2726.00	2726.00	2725.50	2725.00	2724.00	2723.50	2723.00
2844.00	2844.00	2844.00	2843.50	2843.00	2843.00	2843.00	2843.00	2842.00	2842.00	2841.50	2841.00	2840.50	2840.00	2840.00	2840.00	2839.50	2839.00	2838.50	2838.00	2838.00	2838.00	2837.00	2837.00	2837.00	2836.50	2836.00	2836.00	2836.00	2836.00	2836.00	2836.00	2835.50	2835.00	2834.50	2834.00	2834.00	2833.00	2833.00	2832.00	2832.00	2831.50	2831.00	2830.00	2829.50	2828.00	2828.00	2827.50	2827.00	2826.50	2826.00	2825.50	2825.00	2824.50	2824.00	2824.00	2823.50	2823.00	2823.00	2823.00	2822.00	2822.00	2822.00	2821.50	2821.00	2820.50	2820.00	2819.00	2819.00	2818.50	2818.00	2818.00	2817.50	2817.00	2817.00	2816.50	2816.00	2815.00	2814.50	2814.00	2813.00	2812.00	2811.50	2810.00	2809.00	2807.50	2806.00	2804.50	2803.50	2802.50	2802.00	2800.50	2799.00	2799.00	2798.00	2798.00	2797.50	2797.00	2797.00	2797.00	2797.00	2797.00	2798.00	2798.00	2798.00	2798.00	2799.00	2799.00	2799.00	2799.00	2799.00	2799.00	2799.00	2799.50	2800.00	2800.00	2800.00	2800.00	2800.00	2800.00	2800.00	2800.00	2800.00	2800.00	2800.00	2800.00	2800.00	2800.00	2799.50	2799.00	2799.00	2798.00	2797.50	2797.00	2796.50	2796.00	2795.50	2795.00	2794.00	2793.00	2793.00	2792.50	2792.00	2791.00	2791.00	2790.50	2790.00	2789.00	2789.00	2789.00	2788.00	2788.00	2788.00	2788.00	2788.00	2788.00	2787.50	2787.00	2787.00	2787.00	2787.00	2786.00	2786.00	2786.00	2785.50	2785.00	2785.00	2784.50	2784.00	2783.00	2782.00	2782.00	2781.00	2780.50	2780.00	2779.00	2778.50	2777.00	2777.00	2775.50	2775.00	2774.00	2773.50	2772.50	2772.00	2771.00	2770.00	2769.00	2768.00	2767.50	2766.50	2765.50	2764.50	2764.00	2763.00	2762.50	2762.00	2761.50	2761.00	2760.50	2760.00	2759.00	2758.00	2757.50	2757.00	2756.50	2755.50	2755.00	2754.00	2754.00	2753.50	2753.00	2752.00	2751.50	2751.00	2751.00	2750.00	2749.00	2749.00	2748.00	2747.50	2747.00	2746.00	2745.50	2744.00	2744.00	2742.50	2742.00	2741.00	2740.50	2739.50	2739.00	2738.00	2737.00	2736.00	2735.50	2734.50	2734.00	2733.00	2732.50	2732.00	2731.00	2730.50	2730.00	2729.00	2728.50	2728.00	2727.00	2727.00	2726.00	2726.00	2725.50	2725.00	2724.00	2723.50	2723.00
2844.00	2844.00	2844.00	2843.75	2843.50	2843.50	2843.25	2843.00	2842.00	2842.00	2841.50	2841.00	2840.50	2840.00	2840.00	2839.75	2839.25	2838.75	2838.25	2838.00	2837.50	2837.50	2837.00	2837.00	2836.75	2836.25	2836.00	2836.00	2836.00	2836.00	2836.00	2836.00	2835.75	2835.25	2834.75	2834.50	2834.00	2833.50	2833.00	2832.50	2832.00	2831.50	2831.00	2830.00	2829.50	2828.50	2828.00	2827.50	2827.00	2826.50	2826.00	2825.50	2825.00	2824.50	2824.00	2824.00	2823.25	2823.00	2822.50	2822.50	2822.00	2822.00	2821.50	2821.25	2820.75	2820.25	2819.75	2819.00	2819.00	2818.75	2818.00	2818.00	2817.75	2817.50	2817.50	2816.75	2816.00	2815.50	2815.00	2814.50	2813.50	2812.50	2812.00	2810.50	2809.50	2808.50	2807.00	2805.50	2804.50	2803.50	2802.50	2801.25	2800.00	2799.50	2798.75	2798.25	2797.75	2797.25	2797.00	2797.00	2796.75	2796.50	2797.00	2797.25	2797.50	2797.50	2798.00	2798.00	2798.00	2798.00	2798.25	2798.50	2798.50	2798.75	2799.00	2799.00	2799.00	2799.00	2799.00	2799.00	2799.00	2799.00	2799.00	2799.50	2799.50	2799.25	2799.00	2799.00	2798.75	2798.50	2798.50	2797.50	2797.25	2796.50	2796.00	2795.50	2795.25	2794.50	2794.00	2793.00	2793.00	2792.50	2792.00	2791.25	2791.00	2790.75	2790.50	2789.50	2789.50	2789.50	2788.75	2788.50	2788.50	2788.50	2788.50	2788.50	2788.25	2788.00	2787.75	2787.50	2787.50	2787.00	2786.50	2786.50	2786.25	2785.50	2785.50	2785.00	2784.50	2784.00	2782.50	2782.50	2781.25	2780.75	2780.25	2779.25	2778.50	2777.50	2777.00	2776.00	2775.25	2774.25	2773.50	2772.75	2772.00	2770.75	2769.50	2768.50	2767.50	2767.00	2766.00	2765.00	2764.00	2763.50	2762.50	2762.00	2761.50	2760.50	2760.00	2759.50	2759.00	2757.75	2757.00	2756.50	2756.00	2755.75	2754.75	2754.50	2753.50	2753.50	2752.75	2752.50	2751.75	2751.25	2751.00	2750.50	2750.00	2749.00	2749.00	2748.25	2747.75	2747.25	2746.25	2745.50	2744.50	2744.00	2742.75	2742.25	2741.25	2740.50	2739.75	2739.00	2738.00	2737.00	2736.00	2735.50	2734.75	2734.25	2733.25	2732.50	2732.00	2731.00	2730.50	2729.50	2728.75	2728.25	2728.00	2727.00	2726.75	2726.00	2725.50	2725.00	2724.50	2723.50	2723.00	2722.50
2844.00	2844.00	2844.00	2844.00	2844.00	2844.00	2843.50	2843.00	2842.00	2842.00	2841.50	2841.00	2840.50	2840.00	2840.00	2839.50	2839.00	2838.50	2838.00	2838.00	2837.00	2837.00	2837.00	2837.00	2836.50	2836.00	2836.00	2836.00	2836.00	2836.00	2836.00	2836.00	2836.00	2835.50	2835.00	2835.00	2834.00	2834.00	2833.00	2833.00	2832.00	2831.50	2831.00	2830.00	2829.50	2829.00	2828.00	2827.50	2827.00	2826.50	2826.00	2825.50	2825.00	2824.50	2824.00	2824.00	2823.00	2823.00	2822.00	2822.00	2822.00	2822.00	2821.00	2821.00	2820.50	2820.00	2819.50	2819.00	2819.00	2819.00	2818.00	2818.00	2818.00	2818.00	2818.00	2817.00	2816.00	2816.00	2815.50	2815.00	2814.00	2813.00	2812.50	2811.00	2810.00	2809.50	2808.00	2806.50	2805.50	2804.50	2803.00	2802.00	2801.00	2800.00	2799.50	2798.50	2798.00	2797.50	2797.00	2797.00	2796.50	2796.00	2796.00	2796.50	2797.00	2797.00	2797.00	2797.00	2797.00	2797.00	2797.50	2798.00	2798.00	2798.00	2798.00	2798.00	2798.00	2798.00	2798.00	2798.00	2798.00	2798.00	2798.00	2799.00	2799.00	2798.50	2798.00	2798.00	2798.00	2798.00	2798.00	2797.00	2797.00	2796.00	2795.50	2795.00	2795.00	2794.00	2794.00	2793.00	2793.00	2792.50	2792.00	2791.50	2791.00	2791.00	2791.00	2790.00	2790.00	2790.00	2789.50	2789.00	2789.00	2789.00	2789.00	2789.00	2789.00	2789.00	2788.50	2788.00	2788.00	2788.00	2787.00	2787.00	2787.00	2786.00	2786.00	2785.50	2785.00	2785.00	2783.00	2783.00	2781.50	2781.00	2780.50	2779.50	2778.50	2778.00	2777.00	2776.50	2775.50	2774.50	2773.50	2773.00	2772.00	2770.50	2769.00	2768.00	2767.00	2766.50	2765.50	2764.50	2763.50	2763.00	2762.00	2761.50	2761.00	2759.50	2759.00	2758.50	2758.00	2756.50	2756.00	2755.50	2755.00	2755.00	2754.00	2754.00	2753.00	2753.00	2752.00	2752.00	2751.50	2751.00	2751.00	2750.00	2750.00	2749.00	2749.00	2748.50	2748.00	2747.50	2746.50	2745.50	2745.00	2744.00	2743.00	2742.50	2741.50	2740.50	2740.00	2739.00	2738.00	2737.00	2736.00	2735.50	2735.00	2734.50	2733.50	2732.50	2732.00	2731.00	2730.50	2729.00	2728.50	2728.00	2728.00	2727.00	2726.50	2726.00	2725.00	2724.50	2724.00	2723.00	2722.50	2722.00
2844.00	2844.00	2844.00	2844.00	2844.00	2844.00	2843.50	2843.00	2842.00	2842.00	2841.50	2841.00	2840.50	2840.00	2840.00	2839.50	2839.00	2838.50	2838.00	2838.00	2837.00	2837.00	2837.00	2837.00	2836.50	2836.00	2836.00	2836.00	2836.00	2836.00	2836.00	2836.00	2836.00	2835.50	2835.00	2835.00	2834.00	2834.00	2833.00	2833.00	2832.00	2831.50	2831.00	2830.00	2829.50	2829.00	2828.00	2827.50	2827.00	2826.50	2826.00	2825.50	2825.00	2824.50	2824.00	2824.00	2823.00	2823.00	2822.00	2822.00	2822.00	2822.00	2821.00	2821.00	2820.50	2820.00	2819.50	2819.00	2819.00	2819.00	2818.00	2818.00	2818.00	2818.00	2818.00	2817.00	2816.00	2816.00	2815.50	2815.00	2814.00	2813.00	2812.50	2811.00	2810.00	2809.50	2808.00	2806.50	2805.50	2804.50	2803.00	2802.00	2801.00	2800.00	2799.50	2798.50	2798.00	2797.50	2797.00	2797.00	2796.50	2796.00	2796.00	2796.50	2797.00	2797.00	2797.00	2797.00	2797.00	2797.00	2797.50	2798.00	2798.00	2798.00	2798.00	2798.00	2798.00	2798.00	2798.00	2798.00	2798.00	2798.00	2798.00	2799.00	2799.00	2798.50	2798.00	2798.00	2798.00	2798.00	2798.00	2797.00	2797.00	2796.00	2795.50	2795.00	2795.00	2794.00	2794.00	2793.00	2793.00	2792.50	2792.00	2791.50	2791.00	2791.00	2791.00	2790.00	2790.00	2790.00	2789.50	2789.00	2789.00	2789.00	2789.00	2789.00	2789.00	2789.00	2788.50	2788.00	2788.00	2788.00	2787.00	2787.00	2787.00	2786.00	2786.00	2785.50	2785.00	2785.00	2783.00	2783.00	2781.50	2781.00	2780.50	2779.50	2778.50	2778.00	2777.00	2776.50	2775.50	2774.50	2773.50	2773.00	2772.00	2770.50	2769.00	2768.00	2767.00	2766.50	2765.50	2764.50	2763.50	2763.00	2762.00	2761.50	2761.00	2759.50	2759.00	2758.50	2758.00	2756.50	2756.00	2755.50	2755.00	2755.00	2754.00	2754.00	2753.00	2753.00	2752.00	2752.00	2751.50	2751.00	2751.00	2750.00	2750.00	2749.00	2749.00	2748.50	2748.00	2747.50	2746.50	2745.50	2745.00	2744.00	2743.00	2742.50	2741.50	2740.50	2740.00	2739.00	2738.00	2737.00	2736.00	2735.50	2735.00	2734.50	2733.50	2732.50	2732.00	2731.00	2730.50	2729.00	2728.50	2728.00	2728.00	2727.00	2726.50	2726.00	2725.00	2724.50	2724.00	2723.00	2722.50	2722.00
2844.00	2844.00	2844.00	2844.00	2844.00	2844.00	2843.50	2843.00	2842.00	2842.00	2841.50	2841.00	2840.50	2840.00	2840.00	2839.50	2839.00	2838.50	2838.00	2838.00	2837.00	2837.00	2837.00	2837.00	2836.50	2836.00	2836.00	2836.00	2836.00	2836.00	2836.00	2836.00	2836.00	2835.50	2835.00	2835.00	2834.00	2834.00	2833.00	2833.00	2832.00	2831.50	2831.00	2830.00	2829.50	2829.00	2828.00	2827.50	2827.00	2826.50	2826.00	2825.50	2825.00	2824.50	2824.00	2824.00	2823.00	2823.00	2822.00	2822.00	2822.00	2822.00	2821.00	2821.00	2820.50	2820.00	2819.50	2819.00	2819.00	2819.00	2818.00	2818.00	2818.00	2818.00	2818.00	2817.00	2816.00	2816.00	2815.50	2815.00	2814.00	2813.00	2812.50	2811.00	2810.00	2809.50	2808.00	2806.50	2805.50	2804.50	2803.00	2802.00	2801.00	2800.00	2799.50	2798.50	2798.00	2797.50	2797.00	2797.00	2796.50	2796.00	2796.00	2796.50	2797.00	2797.00	2797.00	2797.00	2797.00	2797.00	2797.50	2798.00	2798.00	2798.00	2798.00	2798.00	2798.00	2798.00	2798.00	2798.00	2798.00	2798.00	2798.00	2799.00	2799.00	2798.50	2798.00	2798.00	2798.00	2798.00	2798.00	2797.00	2797.00	2796.00	2795.50	2795.00	2795.00	2794.00	2794.00	2793.00	2793.00	2792.50	2792.00	2791.50	2791.00	2791.00	2791.00	2790.00	2790.00	2790.00	2789.50	2789.00	2789.00	2789.00	2789.00	2789.00	2789.00	2789.00	2788.50	2788.00	2788.00	2788.00	2787.00	2787.00	2787.00	2786.00	2786.00	2785.50	2785.00	2785.00	2783.00	2783.00	2781.50	2781.00	2780.50	2779.50	2778.50	2778.00	2777.00	2776.50	2775.50	2774.50	2773.50	2773.00	2772.00	2770.50	2769.00	2768.00	2767.00	2766.50	2765.50	2764.50	2763.50	2763.00	2762.00	2761.50	2761.00	2759.50	2759.00	2758.50	2758.00	2756.50	2756.00	2755.50	2755.00	2755.00	2754.00	2754.00	2753.00	2753.00	2752.00	2752.00	2751.50	2751.00	2751.00	2750.00	2750.00	2749.00	2749.00	2748.50	2748.00	2747.50	2746.50	2745.50	2745.00	2744.00	2743.00	2742.50	2741.50	2740.50	2740.00	2739.00	2738.00	2737.00	2736.00	2735.50	2735.00	2734.50	2733.50	2732.50	2732.00	2731.00	2730.50	2729.00	2728.50	2728.00	2728.00	2727.00	2726.50	2726.00	2725.00	2724.50	2724.00	2723.00	2722.50	2722.00
2844.00	2844.00	2844.00	2844.00	2844.00	2844.00	2843.50	2843.00	2842.00	2842.00	2841.50	2841.00	2840.50	2840.00	2840.00	2839.50	2839.00	2838.50	2838.00	2838.00	2837.00	2837.00	2837.00	2837.00	2836.50	2836.00	2836.00	2836.00	2836.00	2836.00	2836.00	2836.00	2836.00	2835.50	2835.00	2835.00	2834.00	2834.00	2833.00	2833.00	2832.00	2831.50	2831.00	2830.00	2829.50	2829.00	2828.00	2827.50	2827.00	2826.50	2826.00	2825.50	2825.00	2824.50	2824.00	2824.00	2823.00	2823.00	2822.00	2822.00	2822.00	2822.00	2821.00	2821.00	2820.50	2820.00	2819.50	2819.00	2819.00	2819.00	2818.00	2818.00	2818.00	2818.00	2818.00	2817.00	2816.00	2816.00	2815.50	2815.00	2814.00	2813.00	2812.50	2811.00	2810.00	2809.50	2808.00	2806.50	2805.50	2804.50	2803.00	2802.00	2801.00	2800.00	2799.50	2798.50	2798.00	2797.50	2797.00	2797.00	2796.50	2796.00	2796.00	2796.50	2797.00	2797.00	2797.00	2797.00	2797.00	2797.00	2797.50	2798.00	2798.00	2798.00	2798.00	2798.00	2798.00	2798.00	2798.00	2798.00	2798.00	2798.00	2798.00	2799.00	2799.00	2798.50	2798.00	2798.00	2798.00	2798.00	2798.00	2797.00	2797.00	2796.00	2795.50	2795.00	2795.00	2794.00	2794.00	2793.00	2793.00	2792.50	2792.00	2791.50	2791.00	2791.00	2791.00	2790.00	2790.00	2790.00	2789.50	2789.00	2789.00	2789.00	2789.00	2789.00	2789.00	2789.00	2788.50	2788.00	2788.00	2788.00	2787.00	2787.00	2787.00	2786.00	2786.00	2785.50	2785.00	2785.00	2783.00	2783.00	2781.50	2781.00	2780.50	2779.50	2778.50	2778.00	2777.00	2776.50	2775.50	2774.50	2773.50	2773.00	2772.00	2770.50	2769.00	2768.00	2767.00	2766.50	2765.50	2764.50	2763.50	2763.00	2762.00	2761.50	2761.00	2759.50	2759.00	2758.50	2758.00	2756.50	2756.00	2755.50	2755.00	2755.00	2754.00	2754.00	2753.00	2753.00	2752.00	2752.00	2751.50	2751.00	2751.00	2750.00	2750.00	2749.00	2749.00	2748.50	2748.00	2747.50	2746.50	2745.50	2745.00	2744.00	2743.00	2742.50	2741.50	2740.50	2740.00	2739.00	2738.00	2737.00	2736.00	2735.50	2735.00	2734.50	2733.50	2732.50	2732.00	2731.00	2730.50	2729.00	2728.50	2728.00	2728.00	2727.00	2726.50	2726.00	2725.00	2724.50	2724.00	2723.00	2722.50	2722.00
2844.00	2844.00	2844.00	2844.00	2844.00	2844.00	2843.50	2843.00	2842.00	2842.00	2841.50	2841.00	2840.50	2840.00	2840.00	2839.50	2839.00	2838.50	2838.00	2838.00	2837.00	2837.00	2837.00	2837.00	2836.50	2836.00	2836.00	2836.00	2836.00	2836.00	2836.00	2836.00	2836.00	2835.50	2835.00	2835.00	2834.00	2834.00	2833.00	2833.00	2832.00	2831.50	2831.00	2830.00	2829.50	2829.00	2828.00	2827.50	2827.00	2826.50	2826.00	2825.50	2825.00	2824.50	2824.00	2824.00	2823.00	2823.00	2822.00	2822.00	2822.00	2822.00	2821.00	2821.00	2820.50	2820.00	2819.50	2819.00	2819.00	2819.00	2818.00	2818.00	2818.00	2818.00	2818.00	2817.00	2816.00	2816.00	2815.50	2815.00	2814.00	2813.00	2812.50	2811.00	2810.00	2809.50	2808.00	2806.50	2805.50	2804.50	2803.00	2802.00	2801.00	2800.00	2799.50	2798.50	2798.00	2797.50	2797.00	2797.00	2796.50	2796.00	2796.00	2796.50	2797.00	2797.00	2797.00	2797.00	2797.00	2797.00	2797.50	2798.00	2798.00	2798.00	2798.00	2798.00	2798.00	2798.00	2798.00	2798.00	2798.00	2798.00	2798.00	2799.00	2799.00	2798.50	2798.00	2798.00	2798.00	2798.00	2798.00	2797.00	2797.00	2796.00	2795.50	2795.00	2795.00	2794.00	2794.00	2793.00	2793.00	2792.50	2792.00	2791.50	2791.00	2791.00	2791.00	2790.00	2790.00	2790.00	2789.50	2789.00	2789.00	2789.00	2789.00	2789.00	2789.00	2789.00	2788.50	2788.00	2788.00	2788.00	2787.00	2787.00	2787.00	2786.00	2786.00	2785.50	2785.00	2785.00	2783.00	2783.00	2781.50	2781.00	2780.50	2779.50	2778.50	2778.00	2777.00	2776.50	2775.50	2774.50	2773.50	2773.00	2772.00	2770.50	2769.00	2768.00	2767.00	2766.50	2765.50	2764.50	2763.50	2763.00	2762.00	2761.50	2761.00	2759.50	2759.00	2758.50	2758.00	2756.50	2756.00	2755.50	2755.00	2755.00	2754.00	2754.00	2753.00	2753.00	2752.00	2752.00	2751.50	2751.00	2751.00	2750.00	2750.00	2749.00	2749.00	2748.50	2748.00	2747.50	2746.50	2745.50	2745.00	2744.00	2743.00	2742.50	2741.50	2740.50	2740.00	2739.00	2738.00	2737.00	2736.00	2735.50	2735.00	2734.50	2733.50	2732.50	2732.00	2731.00	2730.50	2729.00	2728.50	2728.00	2728.00	2727.00	2726.50	2726.00	2725.00	2724.50	2724.00	2723.00	2722.50	2722.00
2844.00	2844.00	2844.00	2844.00	2844.00	2844.00	2843.50	2843.00	2842.00	2842.00	2841.50	2841.00	2840.50	2840.00	2840.00	2839.50	2839.00	2838.50	2838.00	2838.00	2837.00	2837.00	2837.00	2837.00	2836.50	2836.00	2836.00	2836.00	2836.00	2836.00	2836.00	2836.00	2836.00	2835.50	2835.00	2835.00	2834.00	2834.00	2833.00	2833.00	2832.00	2831.50	2831.00	2830.00	2829.50	2829.00	2828.00	2827.50	2827.00	2826.50	2826.00	2825.50	2825.00	2824.50	2824.00	2824.00	2823.00	2823.00	2822.00	2822.00	2822.00	2822.00	2821.00	2821.00	2820.50	2820.00	2819.50	2819.00	2819.00	2819.00	2818.00	2818.00	2818.00	2818.00	2818.00	2817.00	2816.00	2816.00	2815.50	2815.00	2814.00	2813.00	2812.50	2811.00	2810.00	2809.50	2808.00	2806.50	2805.50	2804.50	2803.00	2802.00	2801.00	2800.00	2799.50	2798.50	2798.00	2797.50	2797.00	2797.00	2796.50	2796.00	2796.00	2796.50	2797.00	2797.00	2797.00	2797.00	2797.00	2797.00	2797.50	2798.00	2798.00	2798.00	2798.00	2798.00	2798.00	2798.00	2798.00	2798.00	2798.00	2798.00	2798.00	2799.00	2799.00	2798.50	2798.00	2798.00	2798.00	2798.00	2798.00	2797.00	2797.00	2796.00	2795.50	2795.00	2795.00	2794.00	2794.00	2793.00	2793.00	2792.50	2792.00	2791.50	2791.00	2791.00	2791.00	2790.00	2790.00	2790.00	2789.50	2789.00	2789.00	2789.00	2789.00	2789.00	2789.00	2789.00	2788.50	2788.00	2788.00	2788.00	2787.00	2787.00	2787.00	2786.00	2786.00	2785.50	2785.00	2785.00	2783.00	2783.00	2781.50	2781.00	2780.50	2779.50	2778.50	2778.00	2777.00	2776.50	2775.50	2774.50	2773.50	2773.00	2772.00	2770.50	2769.00	2768.00	2767.00	2766.50	2765.50	2764.50	2763.50	2763.00	2762.00	2761.50	2761.00	2759.50	2759.00	2758.50	2758.00	2756.50	2756.00	2755.50	2755.00	2755.00	2754.00	2754.00	2753.00	2753.00	2752.00	2752.00	2751.50	2751.00	2751.00	2750.00	2750.00	2749.00	2749.00	2748.50	2748.00	2747.50	2746.50	2745.50	2745.00	2744.00	2743.00	2742.50	2741.50	2740.50	2740.00	2739.00	2738.00	2737.00	2736.00	2735.50	2735.00	2734.50	2733.50	2732.50	2732.00	2731.00	2730.50	2729.00	2728.50	2728.00	2728.00	2727.00	2726.50	2726.00	2725.00	2724.50	2724.00	2723.00	2722.50	2722.00
2844.00	2844.00	2844.00	2844.00	2844.00	2844.00	2843.50	2843.00	2842.00	2842.00	2841.50	2841.00	2840.50	2840.00	2840.00	2839.50	2839.00	2838.50	2838.00	2838.00	2837.00	2837.00	2837.00	2837.00	2836.50	2836.00	2836.00	2836.00	2836.00	2836.00	2836.00	2836.00	2836.00	2835.50	2835.00	2835.00	2834.00	2834.00	2833.00	2833.00	2832.00	2831.50	2831.00	2830.00	2829.50	2829.00	2828.00	2827.50	2827.00	2826.50	2826.00	2825.50	2825.00	2824.50	2824.00	2824.00	2823.00	2823.00	2822.00	2822.00	2822.00	2822.00	2821.00	2821.00	2820.50	2820.00	2819.50	2819.00	2819.00	2819.00	2818.00	2818.00	2818.00	2818.00	2818.00	2817.00	2816.00	2816.00	2815.50	2815.00	2814.00	2813.00	2812.50	2811.00	2810.00	2809.50	2808.00	2806.50	2805.50	2804.50	2803.00	2802.00	2801.00	2800.00	2799.50	2798.50	2798.00	2797.50	2797.00	2797.00	2796.50	2796.00	2796.00	2796.50	2797.00	2797.00	2797.00	2797.00	2797.00	2797.00	2797.50	2798.00	2798.00	2798.00	2798.00	2798.00	2798.00	2798.00	2798.00	2798.00	2798.00	2798.00	2798.00	2799.00	2799.00	2798.50	2798.00	2798.00	2798.00	2798.00	2798.00	2797.00	2797.00	2796.00	2795.50	2795.00	2795.00	2794.00	2794.00	2793.00	2793.00	2792.50	2792.00	2791.50	2791.00	2791.00	2791.00	2790.00	2790.00	2790.00	2789.50	2789.00	2789.00	2789.00	2789.00	2789.00	2789.00	2789.00	2788.50	2788.00	2788.00	2788.00	2787.00	2787.00	2787.00	2786.00	2786.00	2785.50	2785.00	2785.00	2783.00	2783.00	2781.50	2781.00	2780.50	2779.50	2778.50	2778.00	2777.00	2776.50	2775.50	2774.50	2773.50	2773.00	2772.00	2770.50	2769.00	2768.00	2767.00	2766.50	2765.50	2764.50	2763.50	2763.00	2762.00	2761.50	2761.00	2759.50	2759.00	2758.50	2758.00	2756.50	2756.00	2755.50	2755.00	2755.00	2754.00	2754.00	2753.00	2753.00	2752.00	2752.00	2751.50	2751.00	2751.00	2750.00	2750.00	2749.00	2749.00	2748.50	2748.00	2747.50	2746.50	2745.50	2745.00	2744.00	2743.00	2742.50	2741.50	2740.50	2740.00	2739.00	2738.00	2737.00	2736.00	2735.50	2735.00	2734.50	2733.50	2732.50	2732.00	2731.00	2730.50	2729.00	2728.50	2728.00	2728.00	2727.00	2726.50	2726.00	2725.00	2724.50	2724.00	2723.00	2722.50	2722.00
2844.50	2844.50	2844.25	2844.00	2844.00	2844.00	2843.25	2843.00	2842.00	2842.00	2841.50	2841.00	2840.50	2840.00	2840.00	2839.50	2839.00	2838.75	2838.25	2838.00	2837.50	2837.50	2837.00	2837.00	2836.75	2836.50	2836.50	2836.50	2836.00	2836.00	2836.00	2836.00	2836.00	2835.50	2835.00	2835.00	2834.50	2834.00	2833.50	2833.00	2832.25	2831.75	2831.25	2830.50	2829.50	2829.00	2828.00	2827.50	2827.00	2826.25	2825.75	2825.25	2824.50	2824.00	2823.50	2823.50	2822.50	2822.50	2822.00	2822.00	2821.50	2821.50	2820.75	2820.50	2820.25	2819.75	2819.25	2819.00	2819.00	2819.00	2818.50	2818.25	2818.00	2818.00	2818.00	2817.00	2816.50	2816.50	2815.75	2815.25	2814.25	2813.50	2813.00	2811.50	2810.50	2810.00	2808.50	2807.25	2806.50	2805.50	2804.00	2802.75	2801.50	2800.50	2800.00	2799.00	2798.25	2797.75	2797.25	2797.00	2796.25	2796.00	2796.00	2796.25	2796.50	2796.50	2796.50	2796.50	2796.50	2796.50	2796.75	2797.00	2797.00	2797.25	2797.50	2797.50	2797.50	2797.50	2797.50	2797.50	2797.75	2798.00	2798.00	2798.50	2798.50	2798.25	2798.00	2797.75	2797.50	2797.50	2797.50	2797.00	2796.50	2796.00	2795.50	2795.00	2795.00	2794.00	2793.75	2793.00	2793.00	2792.25	2792.00	2791.50	2791.00	2791.00	2791.00	2790.50	2790.50	2790.00	2789.75	2789.50	2789.50	2789.50	2789.50	2789.50	2789.50	2789.50	2789.25	2788.50	2788.50	2788.50	2787.50	2787.50	2787.50	2786.50	2786.25	2785.75	2785.00	2785.00	2783.50	2783.00	2781.75	2781.25	2780.75	2779.50	2778.75	2778.00	2777.00	2776.50	2775.50	2774.00	2773.00	2772.50	2771.50	2770.00	2768.50	2767.50	2766.75	2766.00	2765.00	2764.00	2763.00	2762.50	2761.50	2760.75	2760.00	2759.00	2758.50	2758.00	2757.50	2756.25	2755.50	2755.00	2754.50	2754.50	2753.50	2753.50	2752.50	2752.50	2751.50	2751.50	2751.25	2750.75	2750.50	2750.00	2750.00	2749.00	2749.00	2748.25	2748.00	2747.50	2746.50	2745.75	2745.00	2744.50	2743.25	2742.75	2741.50	2740.75	2740.25	2739.00	2738.00	2737.00	2736.00	2735.50	2735.00	2734.50	2733.50	2732.75	2732.00	2731.00	2730.50	2729.00	2728.50	2728.00	2727.75	2727.00	2726.25	2725.50	2725.00	2724.25	2724.00	2723.00	2722.50	2722.00