2692.00	2692.00	2692.00	2692.00	2691.00	2691.00	2691.00	2690.00	2690.00	2689.50	2689.00	2688.50	2688.00	2687.00	2686.50	2686.00	2685.00	2685.00	2684.50	2684.00	2683.00	2683.00	2683.00	2682.00	2682.00	2681.50	2681.00	2681.00	2681.00	2681.00	2681.00	2681.00	2681.00	2680.50	2680.00	2680.00	2680.00	2680.00	2680.00	2680.00	2680.00	2680.00	2680.00	2680.00	2680.00	2680.00	2680.00	2680.00	2680.00	2680.00	2681.00	2681.00	2681.00	2680.00	2680.00	2680.00	2680.00	2679.00	2679.00	2678.00	2678.00	2676.50	2676.00	2675.00	2674.50	2674.00	2673.00	2673.00	2672.00	2672.00	2672.00	2671.50	2671.00	2671.00	2671.00	2671.00	2671.00	2671.00	2671.00	2671.00	2671.00	2671.50	2672.00	2672.00	2672.00	2672.00	2672.00	2672.00	2672.00	2672.00	2672.00	2672.00	2671.00	2671.00	2671.00	2670.50	2670.00	2670.00	2669.00	2669.00	2668.00	2668.00	2667.50	2667.00	2667.00	2666.50	2666.00	2666.00	2666.00	2666.00	2666.00	2666.00	2666.00	2666.00	2666.00	2666.00	2665.00	2665.00	2665.00	2665.00	2664.00	2663.50	2663.00	2662.00	2661.50	2660.50	2659.50	2658.50	2658.00	2657.00	2656.50	2655.00	2655.00	2654.00	2654.00	2653.50	2653.00	2653.00	2653.00	2653.00	2652.00	2652.00	2652.00	2652.50	2653.00	2653.00	2653.00	2653.00	2653.50	2654.00	2654.00	2654.00	2654.00	2654.00	2654.00	2653.50	2653.00	2653.00	2653.00	2653.00	2653.00	2652.00	2652.00	2652.00	2652.00	2652.00	2652.00	2652.00	2652.00	2652.00	2652.00	2652.00	2651.50	2651.00	2651.00	2651.00	2651.00	2651.00	2650.00	2650.00	2650.00	2650.00	2649.50	2649.00	2648.50	2648.00	2648.00	2647.50	2647.00	2647.00	2647.00	2647.00	2646.00	2646.00	2646.00	2646.00	2646.00	2646.00	2646.00	2646.00	2646.00	2646.00	2646.00	2646.00	2646.00	2646.00	2646.50	2647.00	2647.00	2647.00	2647.00	2647.00	2647.00	2647.00	2647.00	2647.00	2647.00	2646.00	2646.00	2646.00	2646.00	2646.00	2646.00	2646.00	2646.00	2645.00	2645.00	2645.00	2644.50	2644.00	2643.50	2643.00	2643.00	2643.00	2643.00	2643.00	2643.00	2643.00	2643.00	2643.00	2643.00	2643.00	2643.00	2643.00	2643.00	2643.00	2643.00	2642.50	2642.00	2642.00	2642.00	2641.00	2641.00	2641.00	2641.00	2640.00
2692.00	2691.75	2691.50	2691.50	2691.00	2691.00	2691.00	2690.00	2690.00	2689.50	2689.00	2688.75	2688.00	2687.50	2687.00	2686.50	2685.50	2685.25	2684.75	2684.50	2683.50	2683.50	2683.00	2682.50	2682.25	2681.75	2681.50	2681.25	2681.00	2681.00	2681.00	2681.00	2681.00	2680.75	2680.50	2680.50	2680.00	2680.00	2680.00	2680.00	2680.00	2680.00	2680.00	2680.00	2680.00	2680.00	2680.00	2680.00	2680.00	2680.00	2680.00	2680.00	2680.00	2679.50	2679.50	2679.50	2679.25	2678.50	2678.25	2677.50	2677.00	2676.00	2675.50	2674.50	2674.25	2673.75	2673.00	2673.00	2672.00	2672.00	2671.75	2671.25	2671.00	2671.00	2671.00	2671.00	2671.00	2671.00	2671.00	2671.00	2671.00	2671.50	2672.00	2672.00	2671.50	2671.50	2671.50	2671.50	2671.25	2671.00	2671.00	2671.00	2670.50	2670.50	2670.50	2669.75	2669.50	2669.00	2668.50	2668.50	2667.50	2667.50	2667.00	2666.50	2666.25	2665.75	2665.50	2665.50	2665.50	2665.50	2665.50	2665.50	2665.50	2665.50	2665.50	2665.50	2665.00	2664.50	2664.50	2664.25	2663.50	2663.00	2662.50	2661.50	2660.75	2660.00	2659.00	2658.00	2657.50	2656.50	2656.00	2655.00	2654.50	2653.75	2653.50	2653.25	2653.00	2653.00	2652.50	2652.50	2652.00	2652.00	2652.50	2652.75	2653.00	2653.00	2653.25	2653.50	2653.75	2654.00	2654.00	2654.00	2654.00	2654.00	2654.00	2653.75	2653.50	2653.50	2653.50	2653.25	2653.00	2652.50	2652.50	2652.50	2652.50	2652.50	2652.50	2652.50	2652.50	2652.50	2652.00	2652.00	2651.75	2651.50	2651.50	2651.50	2651.00	2651.00	2650.50	2650.50	2650.00	2650.00	2649.50	2649.00	2648.50	2648.00	2648.00	2647.50	2647.00	2647.00	2647.00	2647.00	2646.50	2646.00	2646.00	2646.00	2646.00	2646.00	2646.25	2646.50	2646.50	2646.50	2646.50	2646.50	2646.50	2646.50	2646.75	2647.00	2647.00	2647.00	2647.00	2647.00	2647.00	2647.00	2647.00	2647.00	2647.00	2646.50	2646.00	2646.00	2646.00	2646.00	2646.00	2645.50	2645.50	2645.00	2645.00	2644.50	2644.25	2643.75	2643.25	2643.00	2642.50	2642.50	2642.50	2642.50	2642.50	2642.50	2642.50	2642.50	2642.50	2642.50	2642.50	2642.50	2642.25	2642.00	2642.00	2641.75	2641.50	2641.25	2641.00	2640.50	2640.00	2640.00	2640.00	2639.00
2692.00	2691.50	2691.00	2691.00	2691.00	2691.00	2691.00	2690.00	2690.00	2689.50	2689.00	2689.00	2688.00	2688.00	2687.50	2687.00	2686.00	2685.50	2685.00	2685.00	2684.00	2684.00	2683.00	2683.00	2682.50	2682.00	2682.00	2681.50	2681.00	2681.00	2681.00	2681.00	2681.00	2681.00	2681.00	2681.00	2680.00	2680.00	2680.00	2680.00	2680.00	2680.00	2680.00	2680.00	2680.00	2680.00	2680.00	2680.00	2680.00	2680.00	2679.00	2679.00	2679.00	2679.00	2679.00	2679.00	2678.50	2678.00	2677.50	2677.00	2676.00	2675.50	2675.00	2674.00	2674.00	2673.50	2673.00	2673.00	2672.00	2672.00	2671.50	2671.00	2671.00	2671.00	2671.00	2671.00	2671.00	2671.00	2671.00	2671.00	2671.00	2671.50	2672.00	2672.00	2671.00	2671.00	2671.00	2671.00	2670.50	2670.00	2670.00	2670.00	2670.00	2670.00	2670.00	2669.00	2669.00	2668.00	2668.00	2668.00	2667.00	2667.00	2666.50	2666.00	2665.50	2665.00	2665.00	2665.00	2665.00	2665.00	2665.00	2665.00	2665.00	2665.00	2665.00	2665.00	2665.00	2664.00	2664.00	2663.50	2663.00	2662.50	2662.00	2661.00	2660.00	2659.50	2658.50	2657.50	2657.00	2656.00	2655.50	2655.00	2654.00	2653.50	2653.00	2653.00	2653.00	2653.00	2652.00	2652.00	2652.00	2652.00	2653.00	2653.00	2653.00	2653.00	2653.50	2654.00	2654.00	2654.00	2654.00	2654.00	2654.00	2654.00	2654.00	2654.00	2654.00	2654.00	2654.00	2653.50	2653.00	2653.00	2653.00	2653.00	2653.00	2653.00	2653.00	2653.00	2653.00	2653.00	2652.00	2652.00	2652.00	2652.00	2652.00	2652.00	2651.00	2651.00	2651.00	2651.00	2650.00	2650.00	2649.50	2649.00	2648.50	2648.00	2648.00	2647.50	2647.00	2647.00	2647.00	2647.00	2647.00	2646.00	2646.00	2646.00	2646.00	2646.00	2646.50	2647.00	2647.00	2647.00	2647.00	2647.00	2647.00	2647.00	2647.00	2647.00	2647.00	2647.00	2647.00	2647.00	2647.00	2647.00	2647.00	2647.00	2647.00	2647.00	2646.00	2646.00	2646.00	2646.00	2646.00	2645.00	2645.00	2645.00	2645.00	2644.00	2644.00	2643.50	2643.00	2643.00	2642.00	2642.00	2642.00	2642.00	2642.00	2642.00	2642.00	2642.00	2642.00	2642.00	2642.00	2642.00	2641.50	2641.00	2641.00	2641.00	2641.00	2640.50	2640.00	2640.00	2639.00	2639.00	2639.00	2638.00
2692.00	2691.50	2691.00	2691.00	2691.00	2691.00	2691.00	2690.00	2690.00	2689.50	2689.00	2689.00	2688.00	2688.00	2687.50	2687.00	2686.00	2685.50	2685.00	2685.00	2684.00	2684.00	2683.00	2683.00	2682.50	2682.00	2682.00	2681.50	2681.00	2681.00	2681.00	2681.00	2681.00	2681.00	2681.00	2681.00	2680.00	2680.00	2680.00	2680.00	2680.00	2680.00	2680.00	2680.00	2680.00	2680.00	2680.00	2680.00	2680.00	2680.00	2679.00	2679.00	2679.00	2679.00	2679.00	2679.00	2678.50	2678.00	2677.50	2677.00	2676.00	2675.50	2675.00	2674.00	2674.00	2673.50	2673.00	2673.00	2672.00	2672.00	2671.50	2671.00	2671.00	2671.00	2671.00	2671.00	2671.00	2671.00	2671.00	2671.00	2671.00	2671.50	2672.00	2672.00	2671.00	2671.00	2671.00	2671.00	2670.50	2670.00	2670.00	2670.00	2670.00	2670.00	2670.00	2669.00	2669.00	2668.00	2668.00	2668.00	2667.00	2667.00	2666.50	2666.00	2665.50	2665.00	2665.00	2665.00	2665.00	2665.00	2665.00	2665.00	2665.00	2665.00	2665.00	2665.00	2665.00	2664.00	2664.00	2663.50	2663.00	2662.50	2662.00	2661.00	2660.00	2659.50	2658.50	2657.50	2657.00	2656.00	2655.50	2655.00	2654.00	2653.50	2653.00	2653.00	2653.00	2653.00	2652.00	2652.00	2652.00	2652.00	2653.00	2653.00	2653.00	2653.00	2653.50	2654.00	2654.00	2654.00	2654.00	2654.00	2654.00	2654.00	2654.00	2654.00	2654.00	2654.00	2654.00	2653.50	2653.00	2653.00	2653.00	2653.00	2653.00	2653.00	2653.00	2653.00	2653.00	2653.00	2652.00	2652.00	2652.00	2652.00	2652.00	2652.00	2651.00	2651.00	2651.00	2651.00	2650.00	2650.00	2649.50	2649.00	2648.50	2648.00	2648.00	2647.50	2647.00	2647.00	2647.00	2647.00	2647.00	2646.00	2646.00	2646.00	2646.00	2646.00	2646.50	2647.00	2647.00	2647.00	2647.00	2647.00	2647.00	2647.00	2647.00	2647.00	2647.00	2647.00	2647.00	2647.00	2647.00	2647.00	2647.00	2647.00	2647.00	2647.00	2646.00	2646.00	2646.00	2646.00	2646.00	2645.00	2645.00	2645.00	2645.00	2644.00	2644.00	2643.50	2643.00	2643.00	2642.00	2642.00	2642.00	2642.00	2642.00	2642.00	2642.00	2642.00	2642.00	2642.00	2642.00	2642.00	2641.50	2641.00	2641.00	2641.00	2641.00	2640.50	2640.00	2640.00	2639.00	2639.00	2639.00	2638.00
2692.00	2691.50	2691.00	2691.00	2691.00	2691.00	2691.00	2690.00	2690.00	2689.50	2689.00	2689.00	2688.00	2688.00	2687.50	2687.00	2686.00	2685.50	2685.00	2685.00	2684.00	2684.00	2683.00	2683.00	2682.50	2682.00	2682.00	2681.50	2681.00	2681.00	2681.00	2681.00	2681.00	2681.00	2681.00	2681.00	2680.00	2680.00	2680.00	2680.00	2680.00	2680.00	2680.00	2680.00	2680.00	2680.00	2680.00	2680.00	2680.00	2680.00	2679.00	2679.00	2679.00	2679.00	2679.00	2679.00	2678.50	2678.00	2677.50	2677.00	2676.00	2675.50	2675.00	2674.00	2674.00	2673.50	2673.00	2673.00	2672.00	2672.00	2671.50	2671.00	2671.00	2671.00	2671.00	2671.00	2671.00	2671.00	2671.00	2671.00	2671.00	2671.50	2672.00	2672.00	2671.00	2671.00	2671.00	2671.00	2670.50	2670.00	2670.00	2670.00	2670.00	2670.00	2670.00	2669.00	2669.00	2668.00	2668.00	2668.00	2667.00	2667.00	2666.50	2666.00	2665.50	2665.00	2665.00	2665.00	2665.00	2665.00	2665.00	2665.00	2665.00	2665.00	2665.00	2665.00	2665.00	2664.00	2664.00	2663.50	2663.00	2662.50	2662.00	2661.00	2660.00	2659.50	2658.50	2657.50	2657.00	2656.00	2655.50	2655.00	2654.00	2653.50	2653.00	2653.00	2653.00	2653.00	2652.00	2652.00	2652.00	2652.00	2653.00	2653.00	2653.00	2653.00	2653.50	2654.00	2654.00	2654.00	2654.00	2654.00	2654.00	2654.00	2654.00	2654.00	2654.00	2654.00	2654.00	2653.50	2653.00	2653.00	2653.00	2653.00	2653.00	2653.00	2653.00	2653.00	2653.00	2653.00	2652.00	2652.00	2652.00	2652.00	2652.00	2652.00	2651.00	2651.00	2651.00	2651.00	2650.00	2650.00	2649.50	2649.00	2648.50	2648.00	2648.00	2647.50	2647.00	2647.00	2647.00	2647.00	2647.00	2646.00	2646.00	2646.00	2646.00	2646.00	2646.50	2647.00	2647.00	2647.00	2647.00	2647.00	2647.00	2647.00	2647.00	2647.00	2647.00	2647.00	2647.00	2647.00	2647.00	2647.00	2647.00	2647.00	2647.00	2647.00	2646.00	2646.00	2646.00	2646.00	2646.00	2645.00	2645.00	2645.00	2645.00	2644.00	2644.00	2643.50	2643.00	2643.00	2642.00	2642.00	2642.00	2642.00	2642.00	2642.00	2642.00	2642.00	2642.00	2642.00	2642.00	2642.00	2641.50	2641.00	2641.00	2641.00	2641.00	2640.50	2640.00	2640.00	2639.00	2639.00	2639.00	2638.00
2692.00	2691.75	2691.50	2691.00	2691.00	2691.00	2691.00	2690.25	2690.00	2689.50	2689.00	2689.00	2688.50	2688.00	2687.75	2687.00	2686.50	2686.00	2685.50	2685.00	2684.25	2684.00	2683.50	2683.25	2682.75	2682.25	2682.00	2681.75	2681.50	2681.50	2681.25	2681.00	2681.00	2681.00	2681.00	2681.00	2680.00	2680.00	2680.00	2680.00	2680.00	2680.00	2679.75	2679.50	2679.50	2679.50	2679.50	2679.50	2679.50	2679.50	2679.00	2678.50	2678.50	2678.50	2678.50	2678.25	2677.75	2677.25	2676.75	2676.00	2675.50	2674.75	2674.50	2673.50	2673.50	2673.00	2672.50	2672.50	2671.50	2671.50	2671.25	2670.75	2670.50	2670.50	2670.75	2671.00	2671.00	2671.00	2671.00	2671.00	2671.00	2671.25	2671.50	2671.50	2671.00	2671.00	2670.50	2670.50	2670.25	2670.00	2670.00	2669.50	2669.50	2669.50	2669.50	2668.50	2668.50	2667.50	2667.50	2667.25	2666.50	2666.25	2665.75	2665.50	2665.25	2665.00	2665.00	2665.00	2665.00	2665.00	2664.50	2664.50	2664.50	2664.50	2664.50	2664.50	2664.50	2663.75	2663.50	2663.00	2662.50	2662.00	2661.50	2660.50	2659.75	2659.25	2658.25	2657.50	2656.75	2656.00	2655.25	2654.50	2654.00	2653.50	2653.00	2653.00	2653.00	2653.00	2652.50	2652.50	2652.50	2652.50	2653.00	2653.00	2653.50	2653.50	2653.75	2654.00	2654.25	2654.50	2654.50	2654.50	2654.50	2654.50	2654.50	2654.50	2654.50	2654.00	2654.00	2653.75	2653.50	2653.50	2653.50	2653.50	2653.50	2653.50	2653.50	2653.50	2653.25	2653.00	2652.50	2652.50	2652.50	2652.50	2652.25	2652.00	2651.50	2651.50	2651.00	2651.00	2650.50	2650.25	2649.75	2649.50	2649.00	2648.50	2648.50	2647.75	2647.50	2647.50	2647.25	2647.00	2647.00	2646.50	2646.50	2646.50	2646.50	2646.50	2646.75	2647.00	2647.00	2647.00	2647.00	2647.00	2647.00	2647.00	2647.25	2647.50	2647.00	2647.00	2647.00	2647.00	2647.00	2647.00	2647.00	2646.75	2646.50	2646.50	2646.00	2646.00	2645.75	2645.50	2645.50	2645.00	2645.00	2644.50	2644.50	2644.00	2643.75	2643.25	2642.75	2642.50	2642.00	2641.50	2641.50	2641.50	2641.25	2641.00	2641.00	2641.00	2641.00	2641.00	2641.00	2641.00	2640.75	2640.50	2640.50	2640.50	2640.50	2639.75	2639.50	2639.00	2638.50	2638.25	2638.00	2637.50
2692.00	2692.00	2692.00	2691.00	2691.00	2691.00	2691.00	2690.50	2690.00	2689.50	2689.00	2689.00	2689.00	2688.00	2688.00	2687.00	2687.00	2686.50	2686.00	2685.00	2684.50	2684.00	2684.00	2683.50	2683.00	2682.50	2682.00	2682.00	2682.00	2682.00	2681.50	2681.00	2681.00	2681.00	2681.00	2681.00	2680.00	2680.00	2680.00	2680.00	2680.00	2680.00	2679.50	2679.00	2679.00	2679.00	2679.00	2679.00	2679.00	2679.00	2679.00	2678.00	2678.00	2678.00	2678.00	2677.50	2677.00	2676.50	2676.00	2675.00	2675.00	2674.00	2674.00	2673.00	2673.00	2672.50	2672.00	2672.00	2671.00	2671.00	2671.00	2670.50	2670.00	2670.00	2670.50	2671.00	2671.00	2671.00	2671.00	2671.00	2671.00	2671.00	2671.00	2671.00	2671.00	2671.00	2670.00	2670.00	2670.00	2670.00	2670.00	2669.00	2669.00	2669.00	2669.00	2668.00	2668.00	2667.00	2667.00	2666.50	2666.00	2665.50	2665.00	2665.00	2665.00	2665.00	2665.00	2665.00	2665.00	2665.00	2664.00	2664.00	2664.00	2664.00	2664.00	2664.00	2664.00	2663.50	2663.00	2662.50	2662.00	2661.50	2661.00	2660.00	2659.50	2659.00	2658.00	2657.50	2656.50	2656.00	2655.00	2654.00	2654.00	2653.50	2653.00	2653.00	2653.00	2653.00	2653.00	2653.00	2653.00	2653.00	2653.00	2653.00	2654.00	2654.00	2654.00	2654.00	2654.50	2655.00	2655.00	2655.00	2655.00	2655.00	2655.00	2655.00	2655.00	2654.00	2654.00	2654.00	2654.00	2654.00	2654.00	2654.00	2654.00	2654.00	2654.00	2654.00	2653.50	2653.00	2653.00	2653.00	2653.00	2653.00	2652.50	2652.00	2652.00	2652.00	2651.00	2651.00	2651.00	2650.50	2650.00	2650.00	2649.50	2649.00	2649.00	2648.00	2648.00	2648.00	2647.50	2647.00	2647.00	2647.00	2647.00	2647.00	2647.00	2647.00	2647.00	2647.00	2647.00	2647.00	2647.00	2647.00	2647.00	2647.00	2647.50	2648.00	2647.00	2647.00	2647.00	2647.00	2647.00	2647.00	2647.00	2646.50	2646.00	2646.00	2646.00	2646.00	2645.50	2645.00	2645.00	2645.00	2645.00	2644.00	2644.00	2644.00	2643.50	2643.00	2642.50	2642.00	2642.00	2641.00	2641.00	2641.00	2640.50	2640.00	2640.00	2640.00	2640.00	2640.00	2640.00	2640.00	2640.00	2640.00	2640.00	2640.00	2640.00	2639.00	2639.00	2638.00	2638.00	2637.50	2637.00	2637.00
2692.00	2692.00	2692.00	2691.00	2691.00	2691.00	2691.00	2690.50	2690.00	2689.50	2689.00	2689.00	2689.00	2688.00	2688.00	2687.00	2687.00	2686.50	2686.00	2685.00	2684.50	2684.00	2684.00	2683.50	2683.00	2682.50	2682.00	2682.00	2682.00	2682.00	2681.50	2681.00	2681.00	2681.00	2681.00	2681.00	2680.00	2680.00	2680.00	2680.00	2680.00	2680.00	2679.50	2679.00	2679.00	2679.00	2679.00	2679.00	2679.00	2679.00	2679.00	2678.00	2678.00	2678.00	2678.00	2677.50	2677.00	2676.50	2676.00	2675.00	2675.00	2674.00	2674.00	2673.00	2673.00	2672.50	2672.00	2672.00	2671.00	2671.00	2671.00	2670.50	2670.00	2670.00	2670.50	2671.00	2671.00	2671.00	2671.00	2671.00	2671.00	2671.00	2671.00	2671.00	2671.00	2671.00	2670.00	2670.00	2670.00	2670.00	2670.00	2669.00	2669.00	2669.00	2669.00	2668.00	2668.00	2667.00	2667.00	2666.50	2666.00	2665.50	2665.00	2665.00	2665.00	2665.00	2665.00	2665.00	2665.00	2665.00	2664.00	2664.00	2664.00	2664.00	2664.00	2664.00	2664.00	2663.50	2663.00	2662.50	2662.00	2661.50	2661.00	2660.00	2659.50	2659.00	2658.00	2657.50	2656.50	2656.00	2655.00	2654.00	2654.00	2653.50	2653.00	2653.00	2653.00	2653.00	2653.00	2653.00	2653.00	2653.00	2653.00	2653.00	2654.00	2654.00	2654.00	2654.00	2654.50	2655.00	2655.00	2655.00	2655.00	2655.00	2655.00	2655.00	2655.00	2654.00	2654.00	2654.00	2654.00	2654.00	2654.00	2654.00	2654.00	2654.00	2654.00	2654.00	2653.50	2653.00	2653.00	2653.00	2653.00	2653.00	2652.50	2652.00	2652.00	2652.00	2651.00	2651.00	2651.00	2650.50	2650.00	2650.00	2649.50	2649.00	2649.00	2648.00	2648.00	2648.00	2647.50	2647.00	2647.00	2647.00	2647.00	2647.00	2647.00	2647.00	2647.00	2647.00	2647.00	2647.00	2647.00	2647.00	2647.00	2647.00	2647.50	2648.00	2647.00	2647.00	2647.00	2647.00	2647.00	2647.00	2647.00	2646.50	2646.00	2646.00	2646.00	2646.00	2645.50	2645.00	2645.00	2645.00	2645.00	2644.00	2644.00	2644.00	2643.50	2643.00	2642.50	2642.00	2642.00	2641.00	2641.00	2641.00	2640.50	2640.00	2640.00	2640.00	2640.00	2640.00	2640.00	2640.00	2640.00	2640.00	2640.00	2640.00	2640.00	2639.00	2639.00	2638.00	2638.00	2637.50	2637.00	2637.00
2692.00	2692.00	2692.00	2691.50	2691.50	2691.00	2691.00	2690.75	2690.50	2690.00	2689.50	2689.50	2689.00	2688.50	2688.50	2687.50	2687.25	2686.75	2686.25	2685.50	2685.00	2684.50	2684.50	2683.75	2683.50	2683.00	2682.50	2682.25	2682.00	2682.00	2681.50	2681.00	2681.00	2681.00	2680.75	2680.50	2680.00	2680.00	2680.00	2679.75	2679.50	2679.50	2679.25	2679.00	2678.50	2678.50	2678.50	2678.50	2678.50	2678.50	2678.00	2677.50	2677.50	2677.50	2677.25	2676.75	2676.50	2676.00	2675.50	2674.50	2674.50	2673.50	2673.25	2672.50	2672.50	2672.00	2671.50	2671.50	2670.50	2670.50	2670.50	2670.25	2670.00	2670.00	2670.25	2670.50	2670.50	2670.50	2670.50	2670.50	2670.50	2670.50	2670.50	2670.50	2670.50	2670.50	2670.00	2670.00	2669.50	2669.50	2669.50	2669.00	2668.50	2668.50	2668.00	2667.50	2667.25	2666.50	2666.50	2665.75	2665.50	2665.25	2664.75	2664.50	2664.50	2664.50	2664.50	2664.50	2664.50	2664.50	2664.00	2664.00	2664.00	2663.50	2663.50	2663.50	2663.50	2663.00	2662.50	2662.25	2661.50	2661.25	2660.50	2660.00	2659.25	2658.75	2657.75	2657.25	2656.50	2655.50	2655.00	2654.00	2654.00	2653.50	2653.00	2653.25	2653.50	2653.50	2653.50	2653.50	2653.50	2653.50	2653.50	2653.50	2654.00	2654.50	2654.50	2654.50	2654.75	2655.00	2655.00	2655.00	2655.00	2655.00	2655.00	2655.00	2655.00	2654.50	2654.50	2654.50	2654.50	2654.50	2654.50	2654.50	2654.50	2654.50	2654.50	2654.00	2653.75	2653.50	2653.50	2653.50	2653.25	2653.00	2652.75	2652.50	2652.50	2652.50	2651.50	2651.50	2651.00	2650.75	2650.50	2650.00	2649.75	2649.00	2649.00	2648.25	2648.00	2648.00	2647.50	2647.00	2647.00	2647.00	2647.00	2647.00	2647.00	2647.00	2647.50	2647.50	2647.50	2647.50	2647.50	2647.50	2647.50	2647.50	2647.75	2648.00	2647.00	2647.00	2647.00	2647.00	2647.00	2647.00	2647.00	2646.50	2646.00	2646.00	2646.00	2646.00	2645.50	2645.00	2645.00	2644.50	2644.50	2643.50	2643.50	2643.25	2642.75	2642.50	2641.75	2641.50	2641.50	2640.50	2640.50	2640.25	2639.75	2639.50	2639.50	2639.50	2639.50	2639.00	2639.00	2639.00	2639.00	2639.00	2639.00	2639.00	2639.00	2638.00	2638.00	2637.50	2637.00	2636.50	2636.00	2636.00
2692.00	2692.00	2692.00	2692.00	2692.00	2691.00	2691.00	2691.00	2691.00	2690.50	2690.00	2690.00	2689.00	2689.00	2689.00	2688.00	2687.50	2687.00	2686.50	2686.00	2685.50	2685.00	2685.00	2684.00	2684.00	2683.50	2683.00	2682.50	2682.00	2682.00	2681.50	2681.00	2681.00	2681.00	2680.50	2680.00	2680.00	2680.00	2680.00	2679.50	2679.00	2679.00	2679.00	2679.00	2678.00	2678.00	2678.00	2678.00	2678.00	2678.00	2677.00	2677.00	2677.00	2677.00	2676.50	2676.00	2676.00	2675.50	2675.00	2674.00	2674.00	2673.00	2672.50	2672.00	2672.00	2671.50	2671.00	2671.00	2670.00	2670.00	2670.00	2670.00	2670.00	2670.00	2670.00	2670.00	2670.00	2670.00	2670.00	2670.00	2670.00	2670.00	2670.00	2670.00	2670.00	2670.00	2670.00	2670.00	2669.00	2669.00	2669.00	2669.00	2668.00	2668.00	2667.00	2667.00	2666.50	2666.00	2666.00	2665.00	2665.00	2665.00	2664.50	2664.00	2664.00	2664.00	2664.00	2664.00	2664.00	2664.00	2664.00	2664.00	2664.00	2663.00	2663.00	2663.00	2663.00	2662.50	2662.00	2662.00	2661.00	2661.00	2660.00	2660.00	2659.00	2658.50	2657.50	2657.00	2656.50	2655.00	2655.00	2654.00	2654.00	2653.50	2653.00	2653.50	2654.00	2654.00	2654.00	2654.00	2654.00	2654.00	2654.00	2654.00	2654.00	2655.00	2655.00	2655.00	2655.00	2655.00	2655.00	2655.00	2655.00	2655.00	2655.00	2655.00	2655.00	2655.00	2655.00	2655.00	2655.00	2655.00	2655.00	2655.00	2655.00	2655.00	2655.00	2654.00	2654.00	2654.00	2654.00	2654.00	2653.50	2653.00	2653.00	2653.00	2653.00	2653.00	2652.00	2652.00	2651.00	2651.00	2651.00	2650.00	2650.00	2649.00	2649.00	2648.50	2648.00	2648.00	2647.50	2647.00	2647.00	2647.00	2647.00	2647.00	2647.00	2647.00	2648.00	2648.00	2648.00	2648.00	2648.00	2648.00	2648.00	2648.00	2648.00	2648.00	2647.00	2647.00	2647.00	2647.00	2647.00	2647.00	2647.00	2646.50	2646.00	2646.00	2646.00	2646.00	2645.50	2645.00	2645.00	2644.00	2644.00	2643.00	2643.00	2642.50	2642.00	2642.00	2641.00	2641.00	2641.00	2640.00	2640.00	2639.50	2639.00	2639.00	2639.00	2639.00	2639.00	2638.00	2638.00	2638.00	2638.00	2638.00	2638.00	2638.00	2638.00	2637.00	2637.00	2637.00	2636.00	2635.50	2635.00	2635.00
2692.00	2692.00	2692.00	2692.00	2692.00	2691.00	2691.00	2691.00	2691.00	2690.50	2690.00	2690.00	2689.00	2689.00	2689.00	2688.00	2687.50	2687.00	2686.50	2686.00	2685.50	2685.00	2685.00	2684.00	2684.00	2683.50	2683.00	2682.50	2682.00	2682.00	2681.50	2681.00	2681.00	2681.00	2680.50	2680.00	2680.00	2680.00	2680.00	2679.50	2679.00	2679.00	2679.00	2679.00	2678.00	2678.00	2678.00	2678.00	2678.00	2678.00	2677.00	2677.00	2677.00	2677.00	2676.50	2676.00	2676.00	2675.50	2675.00	2674.00	2674.00	2673.00	2672.50	2672.00	2672.00	2671.50	2671.00	2671.00	2670.00	2670.00	2670.00	2670.00	2670.00	2670.00	2670.00	2670.00	2670.00	2670.00	2670.00	2670.00	2670.00	2670.00	2670.00	2670.00	2670.00	2670.00	2670.00	2670.00	2669.00	2669.00	2669.00	2669.00	2668.00	2668.00	2667.00	2667.00	2666.50	2666.00	2666.00	2665.00	2665.00	2665.00	2664.50	2664.00	2664.00	2664.00	2664.00	2664.00	2664.00	2664.00	2664.00	2664.00	2664.00	2663.00	2663.00	2663.00	2663.00	2662.50	2662.00	2662.00	2661.00	2661.00	2660.00	2660.00	2659.00	2658.50	2657.50	2657.00	2656.50	2655.00	2655.00	2654.00	2654.00	2653.50	2653.00	2653.50	2654.00	2654.00	2654.00	2654.00	2654.00	2654.00	2654.00	2654.00	2654.00	2655.00	2655.00	2655.00	2655.00	2655.00	2655.00	2655.00	2655.00	2655.00	2655.00	2655.00	2655.00	2655.00	2655.00	2655.00	2655.00	2655.00	2655.00	2655.00	2655.00	2655.00	2655.00	2654.00	2654.00	2654.00	2654.00	2654.00	2653.50	2653.00	2653.00	2653.00	2653.00	2653.00	2652.00	2652.00	2651.00	2651.00	2651.00	2650.00	2650.00	2649.00	2649.00	2648.50	2648.00	2648.00	2647.50	2647.00	2647.00	2647.00	2647.00	2647.00	2647.00	2647.00	2648.00	2648.00	2648.00	2648.00	2648.00	2648.00	2648.00	2648.00	2648.00	2648.00	2647.00	2647.00	2647.00	2647.00	2647.00	2647.00	2647.00	2646.50	2646.00	2646.00	2646.00	2646.00	2645.50	2645.00	2645.00	2644.00	2644.00	2643.00	2643.00	2642.50	2642.00	2642.00	2641.00	2641.00	2641.00	2640.00	2640.00	2639.50	2639.00	2639.00	2639.00	2639.00	2639.00	2638.00	2638.00	2638.00	2638.00	2638.00	2638.00	2638.00	2638.00	2637.00	2637.00	2637.00	2636.00	2635.50	2635.00	2635.00
2692.00	2692.00	2692.00	2692.00	2692.00	2691.00	2691.00	2691.00	2691.00	2690.50	2690.00	2690.00	2689.50	2689.00	2689.00	2688.00	2687.50	2687.00	2686.50	2686.00	2685.50	2685.00	2684.50	2683.75	2683.50	2683.00	2682.50	2682.25	2681.50	2681.50	2681.25	2681.00	2680.50	2680.50	2680.25	2680.00	2679.75	2679.50	2679.50	2679.25	2679.00	2678.50	2678.50	2678.50	2678.00	2678.00	2677.75	2677.50	2677.50	2677.50	2677.00	2676.50	2676.50	2676.50	2676.00	2675.50	2675.50	2674.75	2674.25	2673.50	2673.50	2672.50	2672.00	2671.50	2671.50	2671.00	2670.50	2670.50	2670.00	2670.00	2670.00	2670.00	2670.00	2670.00	2670.00	2670.00	2670.00	2670.00	2670.00	2670.00	2670.00	2670.00	2670.00	2670.00	2670.00	2669.50	2669.50	2669.50	2668.75	2668.50	2668.50	2668.00	2667.50	2667.50	2666.50	2666.25	2665.75	2665.50	2665.50	2665.00	2664.50	2664.50	2664.25	2664.00	2664.00	2664.00	2664.00	2664.00	2664.00	2664.00	2664.00	2664.00	2663.75	2663.00	2663.00	2662.50	2662.50	2662.00	2661.50	2661.50	2660.50	2660.50	2659.50	2659.50	2658.75	2658.25	2657.25	2656.75	2656.25	2655.50	2655.00	2654.00	2654.00	2653.75	2653.50	2653.75	2654.00	2654.00	2654.00	2654.00	2654.00	2654.00	2654.50	2654.50	2655.00	2655.50	2655.50	2655.50	2655.50	2655.50	2655.50	2655.50	2655.50	2655.50	2655.50	2655.50	2655.50	2655.50	2655.50	2655.50	2655.50	2655.50	2655.50	2655.50	2655.50	2655.25	2655.00	2654.50	2654.50	2654.50	2654.50	2654.00	2653.75	2653.50	2653.50	2653.25	2653.00	2653.00	2652.00	2652.00	2651.25	2651.00	2651.00	2650.00	2650.00	2649.00	2649.00	2648.75	2648.00	2648.00	2647.50	2647.00	2647.00	2647.00	2647.00	2647.00	2647.00	2647.00	2647.75	2648.00	2648.00	2648.00	2648.00	2648.00	2648.00	2648.00	2648.00	2648.00	2647.50	2647.00	2647.00	2647.00	2647.00	2646.75	2646.50	2646.00	2645.50	2645.50	2645.50	2645.25	2644.75	2644.50	2644.25	2643.50	2643.00	2642.00	2642.00	2641.50	2641.00	2641.00	2640.00	2640.00	2640.00	2639.50	2639.00	2638.75	2638.50	2638.25	2638.00	2638.00	2638.00	2637.50	2637.50	2637.50	2637.50	2637.50	2637.50	2637.25	2637.00	2636.50	2636.50	2636.00	2635.50	2635.00	2634.50	2634.00
2692.00	2692.00	2692.00	2692.00	2692.00	2691.00	2691.00	2691.00	2691.00	2690.50	2690.00	2690.00	2690.00	2689.00	2689.00	2688.00	2687.50	2687.00	2686.50	2686.00	2685.50	2685.00	2684.00	2683.50	2683.00	2682.50	2682.00	2682.00	2681.00	2681.00	2681.00	2681.00	2680.00	2680.00	2680.00	2680.00	2679.50	2679.00	2679.00	2679.00	2679.00	2678.00	2678.00	2678.00	2678.00	2678.00	2677.50	2677.00	2677.00	2677.00	2677.00	2676.00	2676.00	2676.00	2675.50	2675.00	2675.00	2674.00	2673.50	2673.00	2673.00	2672.00	2671.50	2671.00	2671.00	2670.50	2670.00	2670.00	2670.00	2670.00	2670.00	2670.00	2670.00	2670.00	2670.00	2670.00	2670.00	2670.00	2670.00	2670.00	2670.00	2670.00	2670.00	2670.00	2670.00	2669.00	2669.00	2669.00	2668.50	2668.00	2668.00	2667.00	2667.00	2667.00	2666.00	2665.50	2665.00	2665.00	2665.00	2665.00	2664.00	2664.00	2664.00	2664.00	2664.00	2664.00	2664.00	2664.00	2664.00	2664.00	2664.00	2664.00	2663.50	2663.00	2663.00	2662.00	2662.00	2661.50	2661.00	2661.00	2660.00	2660.00	2659.00	2659.00	2658.50	2658.00	2657.00	2656.50	2656.00	2656.00	2655.00	2654.00	2654.00	2654.00	2654.00	2654.00	2654.00	2654.00	2654.00	2654.00	2654.00	2654.00	2655.00	2655.00	2656.00	2656.00	2656.00	2656.00	2656.00	2656.00	2656.00	2656.00	2656.00	2656.00	2656.00	2656.00	2656.00	2656.00	2656.00	2656.00	2656.00	2656.00	2656.00	2656.00	2656.00	2655.50	2655.00	2655.00	2655.00	2655.00	2655.00	2654.00	2654.00	2654.00	2654.00	2653.50	2653.00	2653.00	2652.00	2652.00	2651.50	2651.00	2651.00	2650.00	2650.00	2649.00	2649.00	2649.00	2648.00	2648.00	2647.50	2647.00	2647.00	2647.00	2647.00	2647.00	2647.00	2647.00	2647.50	2648.00	2648.00	2648.00	2648.00	2648.00	2648.00	2648.00	2648.00	2648.00	2648.00	2647.00	2647.00	2647.00	2647.00	2646.50	2646.00	2645.50	2645.00	2645.00	2645.00	2644.50	2644.00	2644.00	2643.50	2643.00	2642.00	2641.00	2641.00	2640.50	2640.00	2640.00	2639.00	2639.00	2639.00	2639.00	2638.00	2638.00	2638.00	2637.50	2637.00	2637.00	2637.00	2637.00	2637.00	2637.00	2637.00	2637.00	2637.00	2636.50	2636.00	2636.00	2636.00	2635.00	2635.00	2634.50	2634.00	2633.00
2692.00	2692.00	2692.00	2692.00	2692.00	2691.00	2691.00	2691.00	2691.00	2690.50	2690.00	2690.00	2690.00	2689.00	2689.00	2688.00	2687.50	2687.00	2686.50	2686.00	2685.50	2685.00	2684.00	2683.50	2683.00	2682.50	2682.00	2682.00	2681.00	2681.00	2681.00	2681.00	2680.00	2680.00	2680.00	2680.00	2679.50	2679.00	2679.00	2679.00	2679.00	2678.00	2678.00	2678.00	2678.00	2678.00	2677.50	2677.00	2677.00	2677.00	2677.00	2676.00	2676.00	2676.00	2675.50	2675.00	2675.00	2674.00	2673.50	2673.00	2673.00	2672.00	2671.50	2671.00	2671.00	2670.50	2670.00	2670.00	2670.00	2670.00	2670.00	2670.00	2670.00	2670.00	2670.00	2670.00	2670.00	2670.00	2670.00	2670.00	2670.00	2670.00	2670.00	2670.00	2670.00	2669.00	2669.00	2669.00	2668.50	2668.00	2668.00	2667.00	2667.00	2667.00	2666.00	2665.50	2665.00	2665.00	2665.00	2665.00	2664.00	2664.00	2664.00	2664.00	2664.00	2664.00	2664.00	2664.00	2664.00	2664.00	2664.00	2664.00	2663.50	2663.00	2663.00	2662.00	2662.00	2661.50	2661.00	2661.00	2660.00	2660.00	2659.00	2659.00	2658.50	2658.00	2657.00	2656.50	2656.00	2656.00	2655.00	2654.00	2654.00	2654.00	2654.00	2654.00	2654.00	2654.00	2654.00	2654.00	2654.00	2654.00	2655.00	2655.00	2656.00	2656.00	2656.00	2656.00	2656.00	2656.00	2656.00	2656.00	2656.00	2656.00	2656.00	2656.00	2656.00	2656.00	2656.00	2656.00	2656.00	2656.00	2656.00	2656.00	2656.00	2655.50	2655.00	2655.00	2655.00	2655.00	2655.00	2654.00	2654.00	2654.00	2654.00	2653.50	2653.00	2653.00	2652.00	2652.00	2651.50	2651.00	2651.00	2650.00	2650.00	2649.00	2649.00	2649.00	2648.00	2648.00	2647.50	2647.00	2647.00	2647.00	2647.00	2647.00	2647.00	2647.00	2647.50	2648.00	2648.00	2648.00	2648.00	2648.00	2648.00	2648.00	2648.00	2648.00	2648.00	2647.00	2647.00	2647.00	2647.00	2646.50	2646.00	2645.50	2645.00	2645.00	2645.00	2644.50	2644.00	2644.00	2643.50	2643.00	2642.00	2641.00	2641.00	2640.50	2640.00	2640.00	2639.00	2639.00	2639.00	2639.00	2638.00	2638.00	2638.00	2637.50	2637.00	2637.00	2637.00	2637.00	2637.00	2637.00	2637.00	2637.00	2637.00	2636.50	2636.00	2636.00	2636.00	2635.00	2635.00	2634.50	2634.00	2633.00
2692.00	2692.00	2692.00	2692.00	2692.00	2691.00	2691.00	2691.00	2691.00	2690.50	2690.00	2690.00	2690.00	2689.00	2689.00	2688.00	2687.50	2687.00	2686.50	2686.00	2685.50	2685.00	2684.00	2683.50	2683.00	2682.50	2682.00	2682.00	2681.00	2681.00	2681.00	2681.00	2680.00	2680.00	2680.00	2680.00	2679.50	2679.00	2679.00	2679.00	2679.00	2678.00	2678.00	2678.00	2678.00	2678.00	2677.50	2677.00	2677.00	2677.00	2677.00	2676.00	2676.00	2676.00	2675.50	2675.00	2675.00	2674.00	2673.50	2673.00	2673.00	2672.00	2671.50	2671.00	2671.00	2670.50	2670.00	2670.00	2670.00	2670.00	2670.00	2670.00	2670.00	2670.00	2670.00	2670.00	2670.00	2670.00	2670.00	2670.00	2670.00	2670.00	2670.00	2670.00	2670.00	2669.00	2669.00	2669.00	2668.50	2668.00	2668.00	2667.00	2667.00	2667.00	2666.00	2665.50	2665.00	2665.00	2665.00	2665.00	2664.00	2664.00	2664.00	2664.00	2664.00	2664.00	2664.00	2664.00	2664.00	2664.00	2664.00	2664.00	2663.50	2663.00	2663.00	2662.00	2662.00	2661.50	2661.00	2661.00	2660.00	2660.00	2659.00	2659.00	2658.50	2658.00	2657.00	2656.50	2656.00	2656.00	2655.00	2654.00	2654.00	2654.00	2654.00	2654.00	2654.00	2654.00	2654.00	2654.00	2654.00	2654.00	2655.00	2655.00	2656.00	2656.00	2656.00	2656.00	2656.00	2656.00	2656.00	2656.00	2656.00	2656.00	2656.00	2656.00	2656.00	2656.00	2656.00	2656.00	2656.00	2656.00	2656.00	2656.00	2656.00	2655.50	2655.00	2655.00	2655.00	2655.00	2655.00	2654.00	2654.00	2654.00	2654.00	2653.50	2653.00	2653.00	2652.00	2652.00	2651.50	2651.00	2651.00	2650.00	2650.00	2649.00	2649.00	2649.00	2648.00	2648.00	2647.50	2647.00	2647.00	2647.00	2647.00	2647.00	2647.00	2647.00	2647.50	2648.00	2648.00	2648.00	2648.00	2648.00	2648.00	2648.00	2648.00	2648.00	2648.00	2647.00	2647.00	2647.00	2647.00	2646.50	2646.00	2645.50	2645.00	2645.00	2645.00	2644.50	2644.00	2644.00	2643.50	2643.00	2642.00	2641.00	2641.00	2640.50	2640.00	2640.00	2639.00	2639.00	2639.00	2639.00	2638.00	2638.00	2638.00	2637.50	2637.00	2637.00	2637.00	2637.00	2637.00	2637.00	2637.00	2637.00	2637.00	2636.50	2636.00	2636.00	2636.00	2635.00	2635.00	2634.50	2634.00	2633.00
2692.00	2692.00	2692.00	2692.00	2692.00	2692.00	2692.00	2691.50	2691.00	2690.50	2690.00	2690.00	2689.00	2689.00	2688.00	2688.00	2687.00	2687.00	2686.50	2686.00	2685.50	2685.00	2684.00	2683.50	2683.00	2682.50	2682.00	2681.50	2681.00	2681.00	2680.00	2680.00	2680.00	2679.50	2679.00	2679.00	2679.00	2679.00	2678.00	2678.00	2678.00	2678.00	2678.00	2677.50	2677.00	2677.00	2677.00	2677.00	2676.00	2676.00	2676.00	2676.00	2675.00	2675.00	2674.00	2674.00	2674.00	2673.00	2673.00	2672.00	2672.00	2671.50	2671.00	2670.50	2670.00	2670.00	2670.00	2670.00	2669.00	2669.00	2669.00	2669.00	2669.00	2669.00	2669.00	2669.00	2669.00	2669.00	2669.00	2669.00	2669.00	2669.00	2669.00	2669.00	2669.00	2669.00	2669.00	2668.50	2668.00	2668.00	2667.50	2667.00	2666.50	2666.00	2666.00	2665.50	2665.00	2665.00	2665.00	2665.00	2665.00	2664.00	2664.00	2664.00	2664.00	2664.00	2664.00	2664.00	2664.00	2664.00	2663.50	2663.00	2663.00	2662.00	2662.00	2662.00	2661.00	2661.00	2660.50	2660.00	2659.00	2659.00	2658.00	2658.00	2657.50	2657.00	2656.50	2656.00	2656.00	2655.00	2655.00	2655.00	2655.00	2655.00	2655.00	2655.00	2655.00	2655.00	2655.00	2655.00	2655.00	2655.00	2656.00	2656.00	2656.00	2657.00	2657.00	2657.00	2657.00	2657.00	2657.00	2657.00	2657.00	2657.00	2658.00	2658.00	2658.00	2657.50	2657.00	2657.00	2657.00	2657.00	2656.00	2656.00	2656.00	2656.00	2656.00	2655.50	2655.00	2655.00	2655.00	2655.00	2655.00	2654.00	2654.00	2653.50	2653.00	2653.00	2652.00	2652.00	2651.50	2651.00	2650.50	2650.00	2649.50	2649.00	2649.00	2649.00	2648.00	2648.00	2648.00	2647.50	2647.00	2647.00	2647.00	2647.00	2647.00	2647.00	2647.00	2647.00	2647.00	2647.00	2647.00	2647.50	2648.00	2648.00	2648.00	2647.00	2647.00	2647.00	2647.00	2646.50	2646.00	2646.00	2645.00	2645.00	2644.00	2644.00	2644.00	2643.50	2642.50	2642.00	2641.50	2641.00	2641.00	2640.00	2639.00	2638.50	2638.00	2638.00	2637.00	2637.00	2637.00	2637.00	2636.00	2636.00	2636.00	2636.00	2636.00	2636.00	2635.00	2635.00	2635.00	2635.00	2635.00	2635.00	2635.00	2635.00	2635.00	2635.00	2634.50	2634.00	2633.50	2633.00	2632.00	2632.00
2692.00	2692.00	2692.00	2692.00	2692.00	2692.00	2692.00	2691.50	2691.00	2690.50	2690.00	2690.00	2689.00	2689.00	2688.00	2688.00	2687.00	2687.00	2686.50	2686.00	2685.50	2685.00	2684.00	2683.50	2683.00	2682.50	2682.00	2681.50	2681.00	2681.00	2680.00	2680.00	2680.00	2679.50	2679.00	2679.00	2679.00	2679.00	2678.00	2678.00	2678.00	2678.00	2678.00	2677.50	2677.00	2677.00	2677.00	2677.00	2676.00	2676.00	2676.00	2676.00	2675.00	2675.00	2674.00	2674.00	2674.00	2673.00	2673.00	2672.00	2672.00	2671.50	2671.00	2670.50	2670.00	2670.00	2670.00	2670.00	2669.00	2669.00	2669.00	2669.00	2669.00	2669.00	2669.00	2669.00	2669.00	2669.00	2669.00	2669.00	2669.00	2669.00	2669.00	2669.00	2669.00	2669.00	2669.00	2668.50	2668.00	2668.00	2667.50	2667.00	2666.50	2666.00	2666.00	2665.50	2665.00	2665.00	2665.00	2665.00	2665.00	2664.00	2664.00	2664.00	2664.00	2664.00	2664.00	2664.00	2664.00	2664.00	2663.50	2663.00	2663.00	2662.00	2662.00	2662.00	2661.00	2661.00	2660.50	2660.00	2659.00	2659.00	2658.00	2658.00	2657.50	2657.00	2656.50	2656.00	2656.00	2655.00	2655.00	2655.00	2655.00	2655.00	2655.00	2655.00	2655.00	2655.00	2655.00	2655.00	2655.00	2655.00	2656.00	2656.00	2656.00	2657.00	2657.00	2657.00	2657.00	2657.00	2657.00	2657.00	2657.00	2657.00	2658.00	2658.00	2658.00	2657.50	2657.00	2657.00	2657.00	2657.00	2656.00	2656.00	2656.00	2656.00	2656.00	2655.50	2655.00	2655.00	2655.00	2655.00	2655.00	2654.00	2654.00	2653.50	2653.00	2653.00	2652.00	2652.00	2651.50	2651.00	2650.50	2650.00	2649.50	2649.00	2649.00	2649.00	2648.00	2648.00	2648.00	2647.50	2647.00	2647.00	2647.00	2647.00	2647.00	2647.00	2647.00	2647.00	2647.00	2647.00	2647.00	2647.50	2648.00	2648.00	2648.00	2647.00	2647.00	2647.00	2647.00	2646.50	2646.00	2646.00	2645.00	2645.00	2644.00	2644.00	2644.00	2643.50	2642.50	2642.00	2641.50	2641.00	2641.00	2640.00	2639.00	2638.50	2638.00	2638.00	2637.00	2637.00	2637.00	2637.00	2636.00	2636.00	2636.00	2636.00	2636.00	2636.00	2635.00	2635.00	2635.00	2635.00	2635.00	2635.00	2635.00	2635.00	2635.00	2635.00	2634.50	2634.00	2633.50	2633.00	2632.00	2632.00
2692.00	2692.00	2692.00	2692.00	2692.00	2692.00	2692.00	2691.50	2691.00	2690.50	2690.00	2690.00	2689.00	2689.00	2688.00	2688.00	2687.00	2687.00	2686.50	2686.00	2685.50	2685.00	2684.00	2683.50	2683.00	2682.50	2682.00	2681.50	2681.00	2681.00	2680.00	2680.00	2680.00	2679.50	2679.00	2679.00	2679.00	2679.00	2678.00	2678.00	2678.00	2678.00	2678.00	2677.50	2677.00	2677.00	2677.00	2677.00	2676.00	2676.00	2676.00	2676.00	2675.00	2675.00	2674.00	2674.00	2674.00	2673.00	2673.00	2672.00	2672.00	2671.50	2671.00	2670.50	2670.00	2670.00	2670.00	2670.00	2669.00	2669.00	2669.00	2669.00	2669.00	2669.00	2669.00	2669.00	2669.00	2669.00	2669.00	2669.00	2669.00	2669.00	2669.00	2669.00	2669.00	2669.00	2669.00	2668.50	2668.00	2668.00	2667.50	2667.00	2666.50	2666.00	2666.00	2665.50	2665.00	2665.00	2665.00	2665.00	2665.00	2664.00	2664.00	2664.00	2664.00	2664.00	2664.00	2664.00	2664.00	2664.00	2663.50	2663.00	2663.00	2662.00	2662.00	2662.00	2661.00	2661.00	2660.50	2660.00	2659.00	2659.00	2658.00	2658.00	2657.50	2657.00	2656.50	2656.00	2656.00	2655.00	2655.00	2655.00	2655.00	2655.00	2655.00	2655.00	2655.00	2655.00	2655.00	2655.00	2655.00	2655.00	2656.00	2656.00	2656.00	2657.00	2657.00	2657.00	2657.00	2657.00	2657.00	2657.00	2657.00	2657.00	2658.00	2658.00	2658.00	2657.50	2657.00	2657.00	2657.00	2657.00	2656.00	2656.00	2656.00	2656.00	2656.00	2655.50	2655.00	2655.00	2655.00	2655.00	2655.00	2654.00	2654.00	2653.50	2653.00	2653.00	2652.00	2652.00	2651.50	2651.00	2650.50	2650.00	2649.50	2649.00	2649.00	2649.00	2648.00	2648.00	2648.00	2647.50	2647.00	2647.00	2647.00	2647.00	2647.00	2647.00	2647.00	2647.00	2647.00	2647.00	2647.00	2647.50	2648.00	2648.00	2648.00	2647.00	2647.00	2647.00	2647.00	2646.50	2646.00	2646.00	2645.00	2645.00	2644.00	2644.00	2644.00	2643.50	2642.50	2642.00	2641.50	2641.00	2641.00	2640.00	2639.00	2638.50	2638.00	2638.00	2637.00	2637.00	2637.00	2637.00	2636.00	2636.00	2636.00	2636.00	2636.00	2636.00	2635.00	2635.00	2635.00	2635.00	2635.00	2635.00	2635.00	2635.00	2635.00	2635.00	2634.50	2634.00	2633.50	2633.00	2632.00	2632.00
2692.00	2692.00	2692.00	2692.00	2692.00	2692.00	2691.00	2691.00	2691.00	2690.50	2690.00	2689.50	2689.00	2688.00	2688.00	2687.00	2687.00	2687.00	2686.50	2686.00	2685.00	2684.00	2684.00	2683.50	2683.00	2682.50	2681.50	2681.00	2680.00	2680.00	2679.50	2679.00	2679.00	2679.00	2679.00	2679.00	2678.00	2678.00	2678.00	2678.00	2677.50	2677.00	2677.00	2677.00	2676.00	2676.00	2676.00	2676.00	2675.50	2675.00	2675.00	2674.00	2674.00	2674.00	2673.00	2673.00	2672.50	2672.00	2671.50	2671.00	2671.00	2670.00	2670.00	2670.00	2669.50	2669.00	2669.00	2669.00	2669.00	2669.00	2668.00	2668.00	2668.50	2669.00	2669.00	2669.00	2669.00	2669.00	2669.00	2669.00	2669.00	2669.00	2669.00	2669.00	2668.00	2668.00	2668.00	2668.00	2667.50	2667.00	2667.00	2667.00	2666.50	2666.00	2666.00	2665.50	2665.00	2665.00	2665.00	2665.00	2665.00	2664.00	2664.00	2664.00	2664.00	2664.00	2664.00	2664.00	2663.50	2663.00	2663.00	2662.50	2662.00	2662.00	2662.00	2661.00	2660.00	2659.50	2659.00	2658.50	2658.00	2657.50	2657.00	2657.00	2656.00	2656.00	2655.50	2655.00	2655.00	2655.00	2655.00	2655.00	2655.00	2655.00	2655.00	2655.00	2655.00	2655.00	2655.00	2655.00	2655.00	2655.00	2656.00	2656.00	2656.00	2657.00	2657.00	2657.00	2657.00	2657.00	2657.00	2657.50	2658.00	2658.00	2658.00	2658.00	2658.00	2657.00	2657.00	2657.00	2657.00	2657.00	2656.00	2656.00	2656.00	2656.00	2655.50	2655.00	2655.00	2655.00	2655.00	2654.00	2654.00	2654.00	2653.50	2653.00	2653.00	2652.00	2652.00	2651.00	2651.00	2650.50	2650.00	2649.50	2649.00	2649.00	2648.00	2648.00	2648.00	2647.50	2647.00	2647.00	2647.00	2647.00	2647.00	2647.00	2647.00	2647.00	2647.00	2647.00	2647.00	2647.00	2647.00	2647.00	2647.00	2647.00	2647.00	2647.00	2647.00	2646.00	2646.00	2646.00	2645.50	2645.00	2644.50	2644.00	2644.00	2643.00	2642.50	2642.00	2641.00	2640.50	2640.00	2639.00	2639.00	2638.00	2637.00	2636.50	2636.00	2636.00	2635.50	2635.00	2635.00	2635.00	2634.50	2634.00	2634.00	2634.00	2634.00	2634.00	2634.00	2635.00	2635.00	2635.00	2635.00	2635.00	2634.50	2634.00	2634.00	2634.00	2633.50	2633.00	2632.00	2631.50	2631.00	2630.00
2692.00	2692.00	2692.00	2692.00	2692.00	2692.00	2691.00	2691.00	2691.00	2690.50	2690.00	2689.50	2689.00	2688.00	2688.00	2687.00	2687.00	2687.00	2686.50	2686.00	2685.00	2684.00	2684.00	2683.50	2683.00	2682.50	2681.50	2681.00	2680.00	2680.00	2679.50	2679.00	2679.00	2679.00	2679.00	2679.00	2678.00	2678.00	2678.00	2678.00	2677.50	2677.00	2677.00	2677.00	2676.00	2676.00	2676.00	2676.00	2675.50	2675.00	2675.00	2674.00	2674.00	2674.00	2673.00	2673.00	2672.50	2672.00	2671.50	2671.00	2671.00	2670.00	2670.00	2670.00	2669.50	2669.00	2669.00	2669.00	2669.00	2669.00	2668.00	2668.00	2668.50	2669.00	2669.00	2669.00	2669.00	2669.00	2669.00	2669.00	2669.00	2669.00	2669.00	2669.00	2668.00	2668.00	2668.00	2668.00	2667.50	2667.00	2667.00	2667.00	2666.50	2666.00	2666.00	2665.50	2665.00	2665.00	2665.00	2665.00	2665.00	2664.00	2664.00	2664.00	2664.00	2664.00	2664.00	2664.00	2663.50	2663.00	2663.00	2662.50	2662.00	2662.00	2662.00	2661.00	2660.00	2659.50	2659.00	2658.50	2658.00	2657.50	2657.00	2657.00	2656.00	2656.00	2655.50	2655.00	2655.00	2655.00	2655.00	2655.00	2655.00	2655.00	2655.00	2655.00	2655.00	2655.00	2655.00	2655.00	2655.00	2655.00	2656.00	2656.00	2656.00	2657.00	2657.00	2657.00	2657.00	2657.00	2657.00	2657.50	2658.00	2658.00	2658.00	2658.00	2658.00	2657.00	2657.00	2657.00	2657.00	2657.00	2656.00	2656.00	2656.00	2656.00	2655.50	2655.00	2655.00	2655.00	2655.00	2654.00	2654.00	2654.00	2653.50	2653.00	2653.00	2652.00	2652.00	2651.00	2651.00	2650.50	2650.00	2649.50	2649.00	2649.00	2648.00	2648.00	2648.00	2647.50	2647.00	2647.00	2647.00	2647.00	2647.00	2647.00	2647.00	2647.00	2647.00	2647.00	2647.00	2647.00	2647.00	2647.00	2647.00	2647.00	2647.00	2647.00	2647.00	2646.00	2646.00	2646.00	2645.50	2645.00	2644.50	2644.00	2644.00	2643.00	2642.50	2642.00	2641.00	2640.50	2640.00	2639.00	2639.00	2638.00	2637.00	2636.50	2636.00	2636.00	2635.50	2635.00	2635.00	2635.00	2634.50	2634.00	2634.00	2634.00	2634.00	2634.00	2634.00	2635.00	2635.00	2635.00	2635.00	2635.00	2634.50	2634.00	2634.00	2634.00	2633.50	2633.00	2632.00	2631.50	2631.00	2630.00
2692.00	2692.00	2692.00	2692.00	2692.00	2692.00	2691.00	2691.00	2691.00	2690.50	2690.00	2689.50	2689.00	2688.00	2688.00	2687.00	2687.00	2687.00	2686.50	2686.00	2685.00	2684.00	2684.00	2683.50	2683.00	2682.50	2681.50	2681.00	2680.00	2680.00	2679.50	2679.00	2679.00	2679.00	2679.00	2679.00	2678.00	2678.00	2678.00	2678.00	2677.50	2677.00	2677.00	2677.00	2676.00	2676.00	2676.00	2676.00	2675.50	2675.00	2675.00	2674.00	2674.00	2674.00	2673.00	2673.00	2672.50	2672.00	2671.50	2671.00	2671.00	2670.00	2670.00	2670.00	2669.50	2669.00	2669.00	2669.00	2669.00	2669.00	2668.00	2668.00	2668.50	2669.00	2669.00	2669.00	2669.00	2669.00	2669.00	2669.00	2669.00	2669.00	2669.00	2669.00	2668.00	2668.00	2668.00	2668.00	2667.50	2667.00	2667.00	2667.00	2666.50	2666.00	2666.00	2665.50	2665.00	2665.00	2665.00	2665.00	2665.00	2664.00	2664.00	2664.00	2664.00	2664.00	2664.00	2664.00	2663.50	2663.00	2663.00	2662.50	2662.00	2662.00	2662.00	2661.00	2660.00	2659.50	2659.00	2658.50	2658.00	2657.50	2657.00	2657.00	2656.00	2656.00	2655.50	2655.00	2655.00	2655.00	2655.00	2655.00	2655.00	2655.00	2655.00	2655.00	2655.00	2655.00	2655.00	2655.00	2655.00	2655.00	2656.00	2656.00	2656.00	2657.00	2657.00	2657.00	2657.00	2657.00	2657.00	2657.50	2658.00	2658.00	2658.00	2658.00	2658.00	2657.00	2657.00	2657.00	2657.00	2657.00	2656.00	2656.00	2656.00	2656.00	2655.50	2655.00	2655.00	2655.00	2655.00	2654.00	2654.00	2654.00	2653.50	2653.00	2653.00	2652.00	2652.00	2651.00	2651.00	2650.50	2650.00	2649.50	2649.00	2649.00	2648.00	2648.00	2648.00	2647.50	2647.00	2647.00	2647.00	2647.00	2647.00	2647.00	2647.00	2647.00	2647.00	2647.00	2647.00	2647.00	2647.00	2647.00	2647.00	2647.00	2647.00	2647.00	2647.00	2646.00	2646.00	2646.00	2645.50	2645.00	2644.50	2644.00	2644.00	2643.00	2642.50	2642.00	2641.00	2640.50	2640.00	2639.00	2639.00	2638.00	2637.00	2636.50	2636.00	2636.00	2635.50	2635.00	2635.00	2635.00	2634.50	2634.00	2634.00	2634.00	2634.00	2634.00	2634.00	2635.00	2635.00	2635.00	2635.00	2635.00	2634.50	2634.00	2634.00	2634.00	2633.50	2633.00	2632.00	2631.50	2631.00	2630.00
2692.00	2692.00	2692.00	2691.50	2691.50	2691.50	2691.00	2690.50	2690.50	2690.00	2689.50	2689.00	2688.50	2688.00	2687.50	2687.00	2686.75	2686.50	2686.25	2685.50	2684.75	2684.00	2683.50	2683.25	2682.75	2682.00	2681.25	2680.75	2680.00	2679.50	2679.25	2679.00	2678.75	2678.50	2678.50	2678.50	2677.75	2677.50	2677.50	2677.50	2677.25	2676.50	2676.50	2676.25	2675.50	2675.50	2675.50	2675.00	2674.75	2674.50	2674.50	2673.50	2673.50	2673.00	2672.50	2672.25	2671.75	2671.25	2670.75	2670.50	2670.50	2669.75	2669.50	2669.50	2669.25	2669.00	2669.00	2668.50	2668.50	2668.50	2668.00	2668.00	2668.25	2668.50	2668.50	2668.50	2668.50	2668.50	2668.50	2668.50	2668.50	2668.50	2668.50	2668.50	2668.00	2668.00	2667.50	2667.50	2667.25	2667.00	2667.00	2666.50	2666.25	2666.00	2666.00	2665.75	2665.50	2665.50	2665.50	2665.00	2665.00	2664.50	2664.50	2664.25	2664.00	2664.00	2663.50	2663.50	2663.25	2662.75	2662.50	2662.00	2661.50	2661.00	2661.00	2660.00	2659.50	2658.75	2658.25	2657.75	2657.25	2656.75	2656.50	2656.50	2655.50	2655.50	2654.75	2654.50	2654.50	2654.50	2654.50	2654.50	2654.50	2654.50	2654.50	2654.50	2654.50	2654.75	2655.00	2655.00	2655.00	2655.00	2655.75	2656.00	2656.00	2657.00	2657.00	2657.00	2657.00	2657.00	2657.25	2657.75	2658.00	2658.00	2658.00	2658.00	2658.00	2657.25	2657.00	2657.00	2657.00	2657.00	2656.00	2656.00	2655.50	2655.50	2655.25	2654.50	2654.50	2654.00	2654.00	2653.50	2653.50	2653.25	2652.75	2652.50	2652.00	2651.50	2651.00	2650.50	2650.50	2650.25	2649.75	2649.25	2649.00	2649.00	2648.00	2648.00	2647.50	2647.25	2647.00	2647.00	2647.00	2646.50	2647.00	2647.00	2646.75	2646.50	2646.50	2646.50	2646.50	2646.50	2646.50	2646.50	2646.50	2646.50	2646.50	2646.50	2646.50	2646.00	2645.50	2645.50	2645.00	2644.50	2643.75	2643.50	2643.00	2642.50	2641.75	2641.25	2640.00	2639.50	2639.00	2638.00	2638.00	2636.50	2636.00	2635.25	2635.00	2635.00	2634.50	2634.00	2634.00	2634.00	2633.75	2633.50	2633.50	2633.50	2633.50	2633.50	2634.00	2634.50	2634.50	2634.50	2634.50	2634.50	2634.25	2633.75	2633.50	2633.25	2632.75	2632.50	2631.50	2631.00	2630.50	2629.50
2692.00	2692.00	2692.00	2691.00	2691.00	2691.00	2691.00	2690.00	2690.00	2689.50	2689.00	2688.50	2688.00	2688.00	2687.00	2687.00	2686.50	2686.00	2686.00	2685.00	2684.50	2684.00	2683.00	2683.00	2682.50	2681.50	2681.00	2680.50	2680.00	2679.00	2679.00	2679.00	2678.50	2678.00	2678.00	2678.00	2677.50	2677.00	2677.00	2677.00	2677.00	2676.00	2676.00	2675.50	2675.00	2675.00	2675.00	2674.00	2674.00	2674.00	2674.00	2673.00	2673.00	2672.00	2672.00	2671.50	2671.00	2670.50	2670.00	2670.00	2670.00	2669.50	2669.00	2669.00	2669.00	2669.00	2669.00	2668.00	2668.00	2668.00	2668.00	2668.00	2668.00	2668.00	2668.00	2668.00	2668.00	2668.00	2668.00	2668.00	2668.00	2668.00	2668.00	2668.00	2668.00	2668.00	2667.00	2667.00	2667.00	2667.00	2667.00	2666.00	2666.00	2666.00	2666.00	2666.00	2666.00	2666.00	2666.00	2665.00	2665.00	2665.00	2665.00	2664.50	2664.00	2664.00	2663.00	2663.00	2663.00	2662.50	2662.00	2661.50	2661.00	2660.00	2660.00	2659.00	2659.00	2658.00	2657.50	2657.00	2656.50	2656.00	2656.00	2656.00	2655.00	2655.00	2654.00	2654.00	2654.00	2654.00	2654.00	2654.00	2654.00	2654.00	2654.00	2654.00	2654.00	2654.50	2655.00	2655.00	2655.00	2655.00	2655.50	2656.00	2656.00	2657.00	2657.00	2657.00	2657.00	2657.00	2657.50	2658.00	2658.00	2658.00	2658.00	2658.00	2658.00	2657.50	2657.00	2657.00	2657.00	2657.00	2656.00	2656.00	2655.00	2655.00	2655.00	2654.00	2654.00	2653.00	2653.00	2653.00	2653.00	2652.50	2652.00	2652.00	2651.00	2651.00	2650.00	2650.00	2650.00	2650.00	2649.50	2649.00	2649.00	2649.00	2648.00	2648.00	2647.00	2647.00	2647.00	2647.00	2647.00	2646.00	2647.00	2647.00	2646.50	2646.00	2646.00	2646.00	2646.00	2646.00	2646.00	2646.00	2646.00	2646.00	2646.00	2646.00	2646.00	2646.00	2645.00	2645.00	2644.50	2644.00	2643.00	2643.00	2642.00	2642.00	2641.00	2640.50	2639.00	2638.50	2638.00	2637.00	2637.00	2635.00	2635.00	2634.00	2634.00	2634.00	2633.50	2633.00	2633.00	2633.00	2633.00	2633.00	2633.00	2633.00	2633.00	2633.00	2634.00	2634.00	2634.00	2634.00	2634.00	2634.00	2634.00	2633.50	2633.00	2632.50	2632.00	2632.00	2631.00	2630.50	2630.00	2629.00
2692.00	2692.00	2692.00	2691.00	2691.00	2691.00	2691.00	2690.00	2690.00	2689.50	2689.00	2688.50	2688.00	2688.00	2687.00	2687.00	2686.50	2686.00	2686.00	2685.00	2684.50	2684.00	2683.00	2683.00	2682.50	2681.50	2681.00	2680.50	2680.00	2679.00	2679.00	2679.00	2678.50	2678.00	2678.00	2678.00	2677.50	2677.00	2677.00	2677.00	2677.00	2676.00	2676.00	2675.50	2675.00	2675.00	2675.00	2674.00	2674.00	2674.00	2674.00	2673.00	2673.00	2672.00	2672.00	2671.50	2671.00	2670.50	2670.00	2670.00	2670.00	2669.50	2669.00	2669.00	2669.00	2669.00	2669.00	2668.00	2668.00	2668.00	2668.00	2668.00	2668.00	2668.00	2668.00	2668.00	2668.00	2668.00	2668.00	2668.00	2668.00	2668.00	2668.00	2668.00	2668.00	2668.00	2667.00	2667.00	2667.00	2667.00	2667.00	2666.00	2666.00	2666.00	2666.00	2666.00	2666.00	2666.00	2666.00	2665.00	2665.00	2665.00	2665.00	2664.50	2664.00	2664.00	2663.00	2663.00	2663.00	2662.50	2662.00	2661.50	2661.00	2660.00	2660.00	2659.00	2659.00	2658.00	2657.50	2657.00	2656.50	2656.00	2656.00	2656.00	2655.00	2655.00	2654.00	2654.00	2654.00	2654.00	2654.00	2654.00	2654.00	2654.00	2654.00	2654.00	2654.00	2654.50	2655.00	2655.00	2655.00	2655.00	2655.50	2656.00	2656.00	2657.00	2657.00	2657.00	2657.00	2657.00	2657.50	2658.00	2658.00	2658.00	2658.00	2658.00	2658.00	2657.50	2657.00	2657.00	2657.00	2657.00	2656.00	2656.00	2655.00	2655.00	2655.00	2654.00	2654.00	2653.00	2653.00	2653.00	2653.00	2652.50	2652.00	2652.00	2651.00	2651.00	2650.00	2650.00	2650.00	2650.00	2649.50	2649.00	2649.00	2649.00	2648.00	2648.00	2647.00	2647.00	2647.00	2647.00	2647.00	2646.00	2647.00	2647.00	2646.50	2646.00	2646.00	2646.00	2646.00	2646.00	2646.00	2646.00	2646.00	2646.00	2646.00	2646.00	2646.00	2646.00	2645.00	2645.00	2644.50	2644.00	2643.00	2643.00	2642.00	2642.00	2641.00	2640.50	2639.00	2638.50	2638.00	2637.00	2637.00	2635.00	2635.00	2634.00	2634.00	2634.00	2633.50	2633.00	2633.00	2633.00	2633.00	2633.00	2633.00	2633.00	2633.00	2633.00	2634.00	2634.00	2634.00	2634.00	2634.00	2634.00	2634.00	2633.50	2633.00	2632.50	2632.00	2632.00	2631.00	2630.50	2630.00	2629.00
2692.00	2692.00	2692.00	2691.00	2691.00	2691.00	2691.00	2690.00	2690.00	2689.50	2689.00	2688.50	2688.00	2688.00	2687.00	2687.00	2686.50	2686.00	2686.00	2685.00	2684.50	2684.00	2683.00	2683.00	2682.50	2681.50	2681.00	2680.50	2680.00	2679.00	2679.00	2679.00	2678.50	2678.00	2678.00	2678.00	2677.50	2677.00	2677.00	2677.00	2677.00	2676.00	2676.00	2675.50	2675.00	2675.00	2675.00	2674.00	2674.00	2674.00	2674.00	2673.00	2673.00	2672.00	2672.00	2671.50	2671.00	2670.50	2670.00	2670.00	2670.00	2669.50	2669.00	2669.00	2669.00	2669.00	2669.00	2668.00	2668.00	2668.00	2668.00	2668.00	2668.00	2668.00	2668.00	2668.00	2668.00	2668.00	2668.00	2668.00	2668.00	2668.00	2668.00	2668.00	2668.00	2668.00	2667.00	2667.00	2667.00	2667.00	2667.00	2666.00	2666.00	2666.00	2666.00	2666.00	2666.00	2666.00	2666.00	2665.00	2665.00	2665.00	2665.00	2664.50	2664.00	2664.00	2663.00	2663.00	2663.00	2662.50	2662.00	2661.50	2661.00	2660.00	2660.00	2659.00	2659.00	2658.00	2657.50	2657.00	2656.50	2656.00	2656.00	2656.00	2655.00	2655.00	2654.00	2654.00	2654.00	2654.00	2654.00	2654.00	2654.00	2654.00	2654.00	2654.00	2654.00	2654.50	2655.00	2655.00	2655.00	2655.00	2655.50	2656.00	2656.00	2657.00	2657.00	2657.00	2657.00	2657.00	2657.50	2658.00	2658.00	2658.00	2658.00	2658.00	2658.00	2657.50	2657.00	2657.00	2657.00	2657.00	2656.00	2656.00	2655.00	2655.00	2655.00	2654.00	2654.00	2653.00	2653.00	2653.00	2653.00	2652.50	2652.00	2652.00	2651.00	2651.00	2650.00	2650.00	2650.00	2650.00	2649.50	2649.00	2649.00	2649.00	2648.00	2648.00	2647.00	2647.00	2647.00	2647.00	2647.00	2646.00	2647.00	2647.00	2646.50	2646.00	2646.00	2646.00	2646.00	2646.00	2646.00	2646.00	2646.00	2646.00	2646.00	2646.00	2646.00	2646.00	2645.00	2645.00	2644.50	2644.00	2643.00	2643.00	2642.00	2642.00	2641.00	2640.50	2639.00	2638.50	2638.00	2637.00	2637.00	2635.00	2635.00	2634.00	2634.00	2634.00	2633.50	2633.00	2633.00	2633.00	2633.00	2633.00	2633.00	2633.00	2633.00	2633.00	2634.00	2634.00	2634.00	2634.00	2634.00	2634.00	2634.00	2633.50	2633.00	2632.50	2632.00	2632.00	2631.00	2630.50	2630.00	2629.00
2691.50	2691.50	2691.50	2691.00	2690.50	2690.50	2690.00	2689.50	2689.25	2688.75	2688.25	2687.75	2687.50	2687.50	2686.50	2686.50	2685.75	2685.50	2685.50	2684.50	2684.25	2683.50	2683.00	2682.50	2682.25	2681.50	2680.75	2680.25	2680.00	2679.00	2679.00	2678.50	2678.25	2677.75	2677.50	2677.50	2676.75	2676.50	2676.50	2676.25	2676.00	2675.50	2675.25	2674.75	2674.50	2674.25	2674.00	2673.50	2673.50	2673.50	2673.00	2672.50	2672.25	2671.50	2671.25	2670.75	2670.50	2670.25	2669.75	2669.50	2669.50	2669.25	2669.00	2668.75	2668.50	2668.50	2668.50	2668.00	2668.00	2668.00	2668.00	2668.00	2668.00	2668.00	2668.00	2668.00	2668.00	2668.00	2668.00	2668.00	2668.00	2668.00	2668.00	2667.50	2667.50	2667.50	2667.00	2667.00	2667.00	2667.00	2667.00	2666.00	2666.00	2666.00	2666.00	2666.00	2666.00	2666.00	2666.00	2665.00	2665.00	2665.00	2664.75	2664.25	2664.00	2663.75	2663.00	2663.00	2662.50	2662.00	2661.25	2660.75	2660.50	2659.50	2659.50	2658.00	2658.00	2657.00	2656.75	2656.25	2655.75	2655.25	2655.00	2655.00	2654.00	2654.00	2653.50	2653.50	2653.50	2653.50	2653.50	2653.50	2653.50	2653.50	2653.50	2653.75	2654.00	2654.50	2655.00	2655.00	2655.00	2655.00	2655.50	2656.00	2656.00	2656.50	2657.00	2657.00	2657.00	2657.00	2657.25	2657.50	2657.75	2658.00	2658.00	2657.75	2657.50	2657.25	2657.00	2656.75	2656.50	2656.50	2655.50	2655.50	2654.50	2654.50	2654.25	2653.50	2653.25	2652.50	2652.50	2652.00	2652.00	2651.50	2651.00	2651.00	2650.50	2650.50	2649.50	2649.50	2649.50	2649.50	2649.25	2649.00	2648.75	2648.50	2648.00	2647.50	2647.00	2647.00	2647.00	2647.00	2646.50	2646.00	2646.50	2646.50	2646.25	2646.00	2646.00	2646.00	2646.00	2646.00	2646.00	2646.00	2646.00	2646.00	2646.00	2646.00	2645.50	2645.50	2645.00	2644.75	2644.25	2643.75	2643.00	2642.75	2641.50	2641.50	2640.25	2639.75	2638.50	2638.00	2637.25	2636.50	2636.00	2634.50	2634.50	2633.50	2633.25	2633.00	2632.75	2632.50	2633.00	2633.00	2633.00	2633.00	2633.00	2633.00	2633.00	2633.00	2633.50	2633.50	2633.50	2633.50	2633.50	2633.50	2633.50	2633.00	2632.50	2632.00	2631.50	2631.50	2630.50	2630.00	2629.50	2628.50
2691.00	2691.00	2691.00	2691.00	2690.00	2690.00	2689.00	2689.00	2688.50	2688.00	2687.50	2687.00	2687.00	2687.00	2686.00	2686.00	2685.00	2685.00	2685.00	2684.00	2684.00	2683.00	2683.00	2682.00	2682.00	2681.50	2680.50	2680.00	2680.00	2679.00	2679.00	2678.00	2678.00	2677.50	2677.00	2677.00	2676.00	2676.00	2676.00	2675.50	2675.00	2675.00	2674.50	2674.00	2674.00	2673.50	2673.00	2673.00	2673.00	2673.00	2672.00	2672.00	2671.50	2671.00	2670.50	2670.00	2670.00	2670.00	2669.50	2669.00	2669.00	2669.00	2669.00	2668.50	2668.00	2668.00	2668.00	2668.00	2668.00	2668.00	2668.00	2668.00	2668.00	2668.00	2668.00	2668.00	2668.00	2668.00	2668.00	2668.00	2668.00	2668.00	2668.00	2667.00	2667.00	2667.00	2667.00	2667.00	2667.00	2667.00	2667.00	2666.00	2666.00	2666.00	2666.00	2666.00	2666.00	2666.00	2666.00	2665.00	2665.00	2665.00	2664.50	2664.00	2664.00	2663.50	2663.00	2663.00	2662.00	2661.50	2660.50	2660.00	2660.00	2659.00	2659.00	2657.00	2657.00	2656.00	2656.00	2655.50	2655.00	2654.50	2654.00	2654.00	2653.00	2653.00	2653.00	2653.00	2653.00	2653.00	2653.00	2653.00	2653.00	2653.00	2653.00	2653.50	2654.00	2654.50	2655.00	2655.00	2655.00	2655.00	2655.50	2656.00	2656.00	2656.00	2657.00	2657.00	2657.00	2657.00	2657.00	2657.00	2657.50	2658.00	2658.00	2657.50	2657.00	2657.00	2657.00	2656.50	2656.00	2656.00	2655.00	2655.00	2654.00	2654.00	2653.50	2653.00	2652.50	2652.00	2652.00	2651.00	2651.00	2650.50	2650.00	2650.00	2650.00	2650.00	2649.00	2649.00	2649.00	2649.00	2649.00	2649.00	2648.50	2648.00	2648.00	2647.00	2647.00	2647.00	2647.00	2647.00	2646.00	2646.00	2646.00	2646.00	2646.00	2646.00	2646.00	2646.00	2646.00	2646.00	2646.00	2646.00	2646.00	2646.00	2646.00	2646.00	2645.00	2645.00	2645.00	2644.50	2644.00	2643.50	2643.00	2642.50	2641.00	2641.00	2639.50	2639.00	2638.00	2637.50	2636.50	2636.00	2635.00	2634.00	2634.00	2633.00	2632.50	2632.00	2632.00	2632.00	2633.00	2633.00	2633.00	2633.00	2633.00	2633.00	2633.00	2633.00	2633.00	2633.00	2633.00	2633.00	2633.00	2633.00	2633.00	2632.50	2632.00	2631.50	2631.00	2631.00	2630.00	2629.50	2629.00	2628.00
2690.00	2690.00	2690.00	2689.00	2689.00	2688.00	2688.00	2687.50	2687.00	2687.00	2687.00	2686.50	2686.00	2686.00	2686.00	2685.00	2685.00	2684.50	2684.00	2684.00	2683.50	2683.00	2682.00	2681.50	2681.00	2681.00	2680.50	2680.00	2680.00	2679.00	2678.50	2678.00	2677.50	2677.00	2676.50	2676.00	2675.00	2674.00	2674.00	2674.00	2674.00	2673.50	2673.00	2673.00	2673.00	2672.00	2672.00	2671.00	2671.00	2671.00	2671.00	2671.00	2670.00	2670.00	2670.00	2669.50	2669.00	2669.00	2669.00	2669.00	2669.00	2668.00	2668.00	2668.00	2668.00	2667.50	2667.00	2667.00	2667.00	2667.00	2667.00	2667.00	2667.00	2667.00	2667.00	2667.00	2667.00	2667.00	2667.00	2667.00	2667.00	2667.00	2667.00	2667.00	2667.00	2667.00	2667.00	2667.00	2667.00	2666.50	2666.00	2666.00	2666.00	2666.00	2666.00	2666.00	2666.00	2666.00	2665.00	2665.00	2664.00	2664.00	2664.00	2663.50	2663.00	2662.50	2662.00	2662.00	2661.00	2660.50	2659.50	2659.00	2658.50	2658.00	2657.00	2656.00	2656.00	2655.00	2654.50	2654.00	2653.00	2653.00	2653.00	2653.00	2652.00	2652.00	2652.00	2652.00	2652.00	2653.00	2653.00	2653.00	2653.00	2653.00	2653.00	2653.50	2654.00	2654.00	2655.00	2655.00	2655.00	2655.00	2655.50	2656.00	2656.00	2656.00	2657.00	2657.00	2657.00	2657.00	2657.00	2657.00	2657.00	2657.00	2657.00	2657.00	2656.50	2656.00	2655.50	2655.00	2655.00	2654.00	2654.00	2653.00	2653.00	2652.50	2652.00	2652.00	2651.50	2651.00	2651.00	2650.00	2650.00	2649.00	2649.00	2649.00	2649.00	2648.00	2648.00	2648.00	2648.00	2648.00	2648.00	2648.00	2648.00	2648.00	2647.00	2647.00	2647.00	2647.00	2647.00	2646.50	2646.00	2646.00	2646.00	2646.00	2645.00	2645.00	2645.00	2645.00	2645.00	2645.00	2645.00	2645.00	2645.00	2645.00	2645.00	2644.00	2644.00	2644.00	2644.00	2643.00	2643.00	2642.50	2641.50	2641.00	2640.00	2640.00	2638.50	2638.00	2637.00	2636.50	2635.50	2635.00	2634.00	2633.00	2633.00	2633.00	2632.50	2632.00	2632.00	2632.00	2632.00	2632.00	2632.00	2632.00	2633.00	2633.00	2633.00	2633.00	2633.00	2633.00	2633.00	2632.00	2632.00	2632.00	2631.50	2631.00	2631.00	2630.00	2630.00	2629.00	2628.50	2628.00	2627.00	2627.00
2690.00	2690.00	2690.00	2689.00	2689.00	2688.00	2688.00	2687.50	2687.00	2687.00	2687.00	2686.50	2686.00	2686.00	2686.00	2685.00	2685.00	2684.50	2684.00	2684.00	2683.50	2683.00	2682.00	2681.50	2681.00	2681.00	2680.50	2680.00	2680.00	2679.00	2678.50	2678.00	2677.50	2677.00	2676.50	2676.00	2675.00	2674.00	2674.00	2674.00	2674.00	2673.50	2673.00	2673.00	2673.00	2672.00	2672.00	2671.00	2671.00	2671.00	2671.00	2671.00	2670.00	2670.00	2670.00	2669.50	2669.00	2669.00	2669.00	2669.00	2669.00	2668.00	2668.00	2668.00	2668.00	2667.50	2667.00	2667.00	2667.00	2667.00	2667.00	2667.00	2667.00	2667.00	2667.00	2667.00	2667.00	2667.00	2667.00	2667.00	2667.00	2667.00	2667.00	2667.00	2667.00	2667.00	2667.00	2667.00	2667.00	2666.50	2666.00	2666.00	2666.00	2666.00	2666.00	2666.00	2666.00	2666.00	2665.00	2665.00	2664.00	2664.00	2664.00	2663.50	2663.00	2662.50	2662.00	2662.00	2661.00	2660.50	2659.50	2659.00	2658.50	2658.00	2657.00	2656.00	2656.00	2655.00	2654.50	2654.00	2653.00	2653.00	2653.00	2653.00	2652.00	2652.00	2652.00	2652.00	2652.00	2653.00	2653.00	2653.00	2653.00	2653.00	2653.00	2653.50	2654.00	2654.00	2655.00	2655.00	2655.00	2655.00	2655.50	2656.00	2656.00	2656.00	2657.00	2657.00	2657.00	2657.00	2657.00	2657.00	2657.00	2657.00	2657.00	2657.00	2656.50	2656.00	2655.50	2655.00	2655.00	2654.00	2654.00	2653.00	2653.00	2652.50	2652.00	2652.00	2651.50	2651.00	2651.00	2650.00	2650.00	2649.00	2649.00	2649.00	2649.00	2648.00	2648.00	2648.00	2648.00	2648.00	2648.00	2648.00	2648.00	2648.00	2647.00	2647.00	2647.00	2647.00	2647.00	2646.50	2646.00	2646.00	2646.00	2646.00	2645.00	2645.00	2645.00	2645.00	2645.00	2645.00	2645.00	2645.00	2645.00	2645.00	2645.00	2644.00	2644.00	2644.00	2644.00	2643.00	2643.00	2642.50	2641.50	2641.00	2640.00	2640.00	2638.50	2638.00	2637.00	2636.50	2635.50	2635.00	2634.00	2633.00	2633.00	2633.00	2632.50	2632.00	2632.00	2632.00	2632.00	2632.00	2632.00	2632.00	2633.00	2633.00	2633.00	2633.00	2633.00	2633.00	2633.00	2632.00	2632.00	2632.00	2631.50	2631.00	2631.00	2630.00	2630.00	2629.00	2628.50	2628.00	2627.00	2627.00
2690.00	2690.00	2690.00	2689.00	2689.00	2688.00	2688.00	2687.50	2687.00	2687.00	2687.00	2686.50	2686.00	2686.00	2686.00	2685.00	2685.00	2684.50	2684.00	2684.00	2683.50	2683.00	2682.00	2681.50	2681.00	2681.00	2680.50	2680.00	2680.00	2679.00	2678.50	2678.00	2677.50	2677.00	2676.50	2676.00	2675.00	2674.00	2674.00	2674.00	2674.00	2673.50	2673.00	2673.00	2673.00	2672.00	2672.00	2671.00	2671.00	2671.00	2671.00	2671.00	2670.00	2670.00	2670.00	2669.50	2669.00	2669.00	2669.00	2669.00	2669.00	2668.00	2668.00	2668.00	2668.00	2667.50	2667.00	2667.00	2667.00	2667.00	2667.00	2667.00	2667.00	2667.00	2667.00	2667.00	2667.00	2667.00	2667.00	2667.00	2667.00	2667.00	2667.00	2667.00	2667.00	2667.00	2667.00	2667.00	2667.00	2666.50	2666.00	2666.00	2666.00	2666.00	2666.00	2666.00	2666.00	2666.00	2665.00	2665.00	2664.00	2664.00	2664.00	2663.50	2663.00	2662.50	2662.00	2662.00	2661.00	2660.50	2659.50	2659.00	2658.50	2658.00	2657.00	2656.00	2656.00	2655.00	2654.50	2654.00	2653.00	2653.00	2653.00	2653.00	2652.00	2652.00	2652.00	2652.00	2652.00	2653.00	2653.00	2653.00	2653.00	2653.00	2653.00	2653.50	2654.00	2654.00	2655.00	2655.00	2655.00	2655.00	2655.50	2656.00	2656.00	2656.00	2657.00	2657.00	2657.00	2657.00	2657.00	2657.00	2657.00	2657.00	2657.00	2657.00	2656.50	2656.00	2655.50	2655.00	2655.00	2654.00	2654.00	2653.00	2653.00	2652.50	2652.00	2652.00	2651.50	2651.00	2651.00	2650.00	2650.00	2649.00	2649.00	2649.00	2649.00	2648.00	2648.00	2648.00	2648.00	2648.00	2648.00	2648.00	2648.00	2648.00	2647.00	2647.00	2647.00	2647.00	2647.00	2646.50	2646.00	2646.00	2646.00	2646.00	2645.00	2645.00	2645.00	2645.00	2645.00	2645.00	2645.00	2645.00	2645.00	2645.00	2645.00	2644.00	2644.00	2644.00	2644.00	2643.00	2643.00	2642.50	2641.50	2641.00	2640.00	2640.00	2638.50	2638.00	2637.00	2636.50	2635.50	2635.00	2634.00	2633.00	2633.00	2633.00	2632.50	2632.00	2632.00	2632.00	2632.00	2632.00	2632.00	2632.00	2633.00	2633.00	2633.00	2633.00	2633.00	2633.00	2633.00	2632.00	2632.00	2632.00	2631.50	2631.00	2631.00	2630.00	2630.00	2629.00	2628.50	2628.00	2627.00	2627.00
2689.00	2689.00	2688.50	2688.00	2688.00	2687.00	2687.00	2686.50	2686.00	2686.00	2686.00	2685.50	2685.00	2685.00	2684.50	2684.00	2684.00	2684.00	2683.50	2683.00	2683.00	2682.00	2682.00	2682.00	2681.50	2680.50	2680.00	2679.50	2679.00	2679.00	2678.00	2677.00	2676.50	2676.00	2675.50	2675.00	2674.50	2674.00	2673.00	2672.50	2672.00	2672.00	2672.00	2672.00	2671.00	2671.00	2670.50	2670.00	2670.00	2670.00	2670.00	2669.00	2669.00	2669.00	2669.00	2668.50	2668.00	2668.00	2668.00	2668.00	2667.00	2667.50	2667.00	2667.00	2667.00	2667.00	2667.00	2667.00	2667.00	2667.00	2667.00	2667.00	2667.00	2667.00	2667.00	2667.00	2667.00	2667.00	2667.00	2667.00	2667.00	2667.00	2666.00	2666.00	2666.00	2666.00	2666.00	2666.00	2666.00	2666.00	2666.00	2666.00	2666.00	2666.00	2666.00	2665.00	2665.00	2665.00	2664.00	2664.00	2664.00	2663.50	2663.00	2663.00	2662.00	2661.50	2661.00	2661.00	2660.00	2659.50	2658.00	2657.50	2657.00	2656.00	2656.00	2655.00	2654.00	2653.50	2653.00	2653.00	2652.50	2652.00	2652.00	2652.00	2652.00	2652.00	2652.00	2652.00	2652.00	2652.00	2652.00	2652.00	2652.00	2653.00	2653.00	2653.50	2654.00	2654.00	2655.00	2655.00	2655.00	2655.00	2655.00	2655.50	2656.00	2656.00	2656.00	2656.00	2656.00	2656.50	2657.00	2657.00	2657.00	2657.00	2657.00	2656.00	2656.00	2655.50	2655.00	2655.00	2654.00	2654.00	2653.00	2652.00	2652.00	2651.50	2651.00	2650.50	2650.00	2649.00	2649.00	2648.00	2648.00	2648.00	2648.00	2647.50	2647.00	2647.00	2647.00	2647.00	2647.00	2647.00	2647.00	2647.00	2647.00	2647.00	2647.00	2647.00	2647.00	2646.50	2646.00	2646.00	2646.00	2645.00	2645.00	2645.00	2645.00	2644.50	2644.00	2644.00	2644.00	2644.00	2644.00	2644.00	2644.00	2644.00	2644.00	2643.00	2643.00	2643.00	2643.00	2642.00	2642.00	2641.50	2640.50	2640.00	2639.00	2639.00	2637.50	2637.00	2636.00	2635.50	2634.50	2634.00	2633.00	2633.00	2632.00	2632.00	2632.00	2632.00	2632.00	2632.00	2632.00	2632.00	2632.00	2632.00	2632.00	2632.00	2632.00	2632.00	2632.00	2631.00	2631.00	2631.00	2631.00	2631.00	2630.00	2630.00	2629.00	2628.50	2628.00	2627.00	2627.00	2626.50	2626.00	2625.00
2689.00	2689.00	2688.50	2688.00	2688.00	2687.00	2687.00	2686.50	2686.00	2686.00	2686.00	2685.50	2685.00	2685.00	2684.50	2684.00	2684.00	2684.00	2683.50	2683.00	2683.00	2682.00	2682.00	2682.00	2681.50	2680.50	2680.00	2679.50	2679.00	2679.00	2678.00	2677.00	2676.50	2676.00	2675.50	2675.00	2674.50	2674.00	2673.00	2672.50	2672.00	2672.00	2672.00	2672.00	2671.00	2671.00	2670.50	2670.00	2670.00	2670.00	2670.00	2669.00	2669.00	2669.00	2669.00	2668.50	2668.00	2668.00	2668.00	2668.00	2667.00	2667.50	2667.00	2667.00	2667.00	2667.00	2667.00	2667.00	2667.00	2667.00	2667.00	2667.00	2667.00	2667.00	2667.00	2667.00	2667.00	2667.00	2667.00	2667.00	2667.00	2667.00	2666.00	2666.00	2666.00	2666.00	2666.00	2666.00	2666.00	2666.00	2666.00	2666.00	2666.00	2666.00	2666.00	2665.00	2665.00	2665.00	2664.00	2664.00	2664.00	2663.50	2663.00	2663.00	2662.00	2661.50	2661.00	2661.00	2660.00	2659.50	2658.00	2657.50	2657.00	2656.00	2656.00	2655.00	2654.00	2653.50	2653.00	2653.00	2652.50	2652.00	2652.00	2652.00	2652.00	2652.00	2652.00	2652.00	2652.00	2652.00	2652.00	2652.00	2652.00	2653.00	2653.00	2653.50	2654.00	2654.00	2655.00	2655.00	2655.00	2655.00	2655.00	2655.50	2656.00	2656.00	2656.00	2656.00	2656.00	2656.50	2657.00	2657.00	2657.00	2657.00	2657.00	2656.00	2656.00	2655.50	2655.00	2655.00	2654.00	2654.00	2653.00	2652.00	2652.00	2651.50	2651.00	2650.50	2650.00	2649.00	2649.00	2648.00	2648.00	2648.00	2648.00	2647.50	2647.00	2647.00	2647.00	2647.00	2647.00	2647.00	2647.00	2647.00	2647.00	2647.00	2647.00	2647.00	2647.00	2646.50	2646.00	2646.00	2646.00	2645.00	2645.00	2645.00	2645.00	2644.50	2644.00	2644.00	2644.00	2644.00	2644.00	2644.00	2644.00	2644.00	2644.00	2643.00	2643.00	2643.00	2643.00	2642.00	2642.00	2641.50	2640.50	2640.00	2639.00	2639.00	2637.50	2637.00	2636.00	2635.50	2634.50	2634.00	2633.00	2633.00	2632.00	2632.00	2632.00	2632.00	2632.00	2632.00	2632.00	2632.00	2632.00	2632.00	2632.00	2632.00	2632.00	2632.00	2632.00	2631.00	2631.00	2631.00	2631.00	2631.00	2630.00	2630.00	2629.00	2628.50	2628.00	2627.00	2627.00	2626.50	2626.00	2625.00
2689.00	2689.00	2688.50	2688.00	2688.00	2687.00	2687.00	2686.50	2686.00	2686.00	2686.00	2685.50	2685.00	2685.00	2684.50	2684.00	2684.00	2684.00	2683.50	2683.00	2683.00	2682.00	2682.00	2682.00	2681.50	2680.50	2680.00	2679.50	2679.00	2679.00	2678.00	2677.00	2676.50	2676.00	2675.50	2675.00	2674.50	2674.00	2673.00	2672.50	2672.00	2672.00	2672.00	2672.00	2671.00	2671.00	2670.50	2670.00	2670.00	2670.00	2670.00	2669.00	2669.00	2669.00	2669.00	2668.50	2668.00	2668.00	2668.00	2668.00	2667.00	2667.50	2667.00	2667.00	2667.00	2667.00	2667.00	2667.00	2667.00	2667.00	2667.00	2667.00	2667.00	2667.00	2667.00	2667.00	2667.00	2667.00	2667.00	2667.00	2667.00	2667.00	2666.00	2666.00	2666.00	2666.00	2666.00	2666.00	2666.00	2666.00	2666.00	2666.00	2666.00	2666.00	2666.00	2665.00	2665.00	2665.00	2664.00	2664.00	2664.00	2663.50	2663.00	2663.00	2662.00	2661.50	2661.00	2661.00	2660.00	2659.50	2658.00	2657.50	2657.00	2656.00	2656.00	2655.00	2654.00	2653.50	2653.00	2653.00	2652.50	2652.00	2652.00	2652.00	2652.00	2652.00	2652.00	2652.00	2652.00	2652.00	2652.00	2652.00	2652.00	2653.00	2653.00	2653.50	2654.00	2654.00	2655.00	2655.00	2655.00	2655.00	2655.00	2655.50	2656.00	2656.00	2656.00	2656.00	2656.00	2656.50	2657.00	2657.00	2657.00	2657.00	2657.00	2656.00	2656.00	2655.50	2655.00	2655.00	2654.00	2654.00	2653.00	2652.00	2652.00	2651.50	2651.00	2650.50	2650.00	2649.00	2649.00	2648.00	2648.00	2648.00	2648.00	2647.50	2647.00	2647.00	2647.00	2647.00	2647.00	2647.00	2647.00	2647.00	2647.00	2647.00	2647.00	2647.00	2647.00	2646.50	2646.00	2646.00	2646.00	2645.00	2645.00	2645.00	2645.00	2644.50	2644.00	2644.00	2644.00	2644.00	2644.00	2644.00	2644.00	2644.00	2644.00	2643.00	2643.00	2643.00	2643.00	2642.00	2642.00	2641.50	2640.50	2640.00	2639.00	2639.00	2637.50	2637.00	2636.00	2635.50	2634.50	2634.00	2633.00	2633.00	2632.00	2632.00	2632.00	2632.00	2632.00	2632.00	2632.00	2632.00	2632.00	2632.00	2632.00	2632.00	2632.00	2632.00	2632.00	2631.00	2631.00	2631.00	2631.00	2631.00	2630.00	2630.00	2629.00	2628.50	2628.00	2627.00	2627.00	2626.50	2626.00	2625.00
2688.50	2688.25	2687.75	2687.50	2687.50	2686.50	2686.50	2685.75	2685.50	2685.50	2685.25	2684.75	2684.50	2684.50	2684.25	2683.50	2683.50	2683.50	2683.25	2683.00	2682.75	2682.00	2682.00	2681.75	2681.25	2680.25	2679.50	2679.00	2678.50	2678.00	2677.25	2676.50	2675.75	2675.25	2674.75	2674.00	2673.50	2673.00	2672.50	2671.75	2671.50	2671.50	2671.25	2671.00	2670.50	2670.50	2670.00	2669.50	2669.50	2669.50	2669.00	2668.50	2668.50	2668.50	2668.25	2667.75	2667.50	2667.50	2667.50	2667.50	2667.00	2667.25	2667.00	2667.00	2666.75	2666.50	2666.50	2666.50	2666.50	2666.50	2667.00	2667.00	2667.00	2667.00	2667.00	2667.00	2667.00	2667.00	2667.00	2666.50	2666.50	2666.50	2666.00	2666.00	2665.50	2665.50	2665.75	2665.75	2665.50	2665.50	2665.50	2665.50	2665.50	2665.25	2665.00	2664.50	2664.50	2664.50	2663.50	2663.50	2663.50	2663.00	2662.50	2662.25	2661.25	2660.75	2660.50	2660.00	2659.25	2658.75	2657.50	2657.00	2656.50	2655.50	2655.50	2654.50	2654.00	2653.25	2653.00	2652.75	2652.25	2652.00	2652.00	2651.50	2651.50	2651.50	2651.50	2651.75	2652.00	2652.00	2652.00	2652.00	2652.50	2653.00	2653.00	2653.50	2654.00	2654.00	2655.00	2655.00	2655.00	2655.00	2655.50	2655.75	2656.00	2656.00	2656.00	2656.00	2656.00	2656.25	2656.50	2656.50	2656.50	2656.50	2656.50	2655.75	2655.50	2655.00	2654.50	2654.50	2653.50	2653.50	2652.50	2651.50	2651.25	2650.75	2650.50	2649.75	2649.50	2648.50	2648.50	2648.00	2647.75	2647.50	2647.50	2647.25	2647.00	2647.00	2647.00	2647.00	2647.00	2647.00	2647.00	2647.00	2647.00	2647.00	2647.00	2647.00	2647.00	2646.50	2646.00	2646.00	2646.00	2645.00	2645.00	2644.50	2644.50	2644.25	2644.00	2643.75	2643.50	2643.50	2643.50	2643.50	2643.50	2643.50	2643.50	2643.00	2643.00	2642.75	2642.50	2642.00	2641.75	2641.25	2640.00	2639.50	2638.50	2638.50	2637.25	2636.75	2635.75	2635.25	2634.50	2634.00	2633.00	2633.00	2632.50	2632.00	2632.00	2632.00	2632.00	2632.00	2632.00	2632.00	2632.00	2632.00	2632.00	2631.75	2631.50	2631.50	2631.50	2631.00	2630.50	2630.50	2630.50	2630.50	2629.50	2629.50	2628.50	2628.00	2627.50	2626.50	2626.50	2626.00	2625.50	2624.50
2688.00	2687.50	2687.00	2687.00	2687.00	2686.00	2686.00	2685.00	2685.00	2685.00	2684.50	2684.00	2684.00	2684.00	2684.00	2683.00	2683.00	2683.00	2683.00	2683.00	2682.50	2682.00	2682.00	2681.50	2681.00	2680.00	2679.00	2678.50	2678.00	2677.00	2676.50	2676.00	2675.00	2674.50	2674.00	2673.00	2672.50	2672.00	2672.00	2671.00	2671.00	2671.00	2670.50	2670.00	2670.00	2670.00	2669.50	2669.00	2669.00	2669.00	2668.00	2668.00	2668.00	2668.00	2667.50	2667.00	2667.00	2667.00	2667.00	2667.00	2667.00	2667.00	2667.00	2667.00	2666.50	2666.00	2666.00	2666.00	2666.00	2666.00	2667.00	2667.00	2667.00	2667.00	2667.00	2667.00	2667.00	2667.00	2667.00	2666.00	2666.00	2666.00	2666.00	2666.00	2665.00	2665.00	2665.50	2665.50	2665.00	2665.00	2665.00	2665.00	2665.00	2664.50	2664.00	2664.00	2664.00	2664.00	2663.00	2663.00	2663.00	2662.50	2662.00	2661.50	2660.50	2660.00	2660.00	2659.00	2658.50	2658.00	2657.00	2656.50	2656.00	2655.00	2655.00	2654.00	2654.00	2653.00	2653.00	2652.50	2652.00	2652.00	2652.00	2651.00	2651.00	2651.00	2651.00	2651.50	2652.00	2652.00	2652.00	2652.00	2653.00	2653.00	2653.00	2653.50	2654.00	2654.00	2655.00	2655.00	2655.00	2655.00	2656.00	2656.00	2656.00	2656.00	2656.00	2656.00	2656.00	2656.00	2656.00	2656.00	2656.00	2656.00	2656.00	2655.50	2655.00	2654.50	2654.00	2654.00	2653.00	2653.00	2652.00	2651.00	2650.50	2650.00	2650.00	2649.00	2649.00	2648.00	2648.00	2648.00	2647.50	2647.00	2647.00	2647.00	2647.00	2647.00	2647.00	2647.00	2647.00	2647.00	2647.00	2647.00	2647.00	2647.00	2647.00	2647.00	2647.00	2646.50	2646.00	2646.00	2646.00	2645.00	2645.00	2644.00	2644.00	2644.00	2644.00	2643.50	2643.00	2643.00	2643.00	2643.00	2643.00	2643.00	2643.00	2643.00	2643.00	2642.50	2642.00	2642.00	2641.50	2641.00	2639.50	2639.00	2638.00	2638.00	2637.00	2636.50	2635.50	2635.00	2634.50	2634.00	2633.00	2633.00	2633.00	2632.00	2632.00	2632.00	2632.00	2632.00	2632.00	2632.00	2632.00	2632.00	2632.00	2631.50	2631.00	2631.00	2631.00	2631.00	2630.00	2630.00	2630.00	2630.00	2629.00	2629.00	2628.00	2627.50	2627.00	2626.00	2626.00	2625.50	2625.00	2624.00
2688.00	2687.50	2687.00	2687.00	2687.00	2686.00	2686.00	2685.00	2685.00	2685.00	2684.50	2684.00	2684.00	2684.00	2684.00	2683.00	2683.00	2683.00	2683.00	2683.00	2682.50	2682.00	2682.00	2681.50	2681.00	2680.00	2679.00	2678.50	2678.00	2677.00	2676.50	2676.00	2675.00	2674.50	2674.00	2673.00	2672.50	2672.00	2672.00	2671.00	2671.00	2671.00	2670.50	2670.00	2670.00	2670.00	2669.50	2669.00	2669.00	2669.00	2668.00	2668.00	2668.00	2668.00	2667.50	2667.00	2667.00	2667.00	2667.00	2667.00	2667.00	2667.00	2667.00	2667.00	2666.50	2666.00	2666.00	2666.00	2666.00	2666.00	2667.00	2667.00	2667.00	2667.00	2667.00	2667.00	2667.00	2667.00	2667.00	2666.00	2666.00	2666.00	2666.00	2666.00	2665.00	2665.00	2665.50	2665.50	2665.00	2665.00	2665.00	2665.00	2665.00	2664.50	2664.00	2664.00	2664.00	2664.00	2663.00	2663.00	2663.00	2662.50	2662.00	2661.50	2660.50	2660.00	2660.00	2659.00	2658.50	2658.00	2657.00	2656.50	2656.00	2655.00	2655.00	2654.00	2654.00	2653.00	2653.00	2652.50	2652.00	2652.00	2652.00	2651.00	2651.00	2651.00	2651.00	2651.50	2652.00	2652.00	2652.00	2652.00	2653.00	2653.00	2653.00	2653.50	2654.00	2654.00	2655.00	2655.00	2655.00	2655.00	2656.00	2656.00	2656.00	2656.00	2656.00	2656.00	2656.00	2656.00	2656.00	2656.00	2656.00	2656.00	2656.00	2655.50	2655.00	2654.50	2654.00	2654.00	2653.00	2653.00	2652.00	2651.00	2650.50	2650.00	2650.00	2649.00	2649.00	2648.00	2648.00	2648.00	2647.50	2647.00	2647.00	2647.00	2647.00	2647.00	2647.00	2647.00	2647.00	2647.00	2647.00	2647.00	2647.00	2647.00	2647.00	2647.00	2647.00	2646.50	2646.00	2646.00	2646.00	2645.00	2645.00	2644.00	2644.00	2644.00	2644.00	2643.50	2643.00	2643.00	2643.00	2643.00	2643.00	2643.00	2643.00	2643.00	2643.00	2642.50	2642.00	2642.00	2641.50	2641.00	2639.50	2639.00	2638.00	2638.00	2637.00	2636.50	2635.50	2635.00	2634.50	2634.00	2633.00	2633.00	2633.00	2632.00	2632.00	2632.00	2632.00	2632.00	2632.00	2632.00	2632.00	2632.00	2632.00	2631.50	2631.00	2631.00	2631.00	2631.00	2630.00	2630.00	2630.00	2630.00	2629.00	2629.00	2628.00	2627.50	2627.00	2626.00	2626.00	2625.50	2625.00	2624.00
2688.00	2687.50	2687.00	2687.00	2687.00	2686.00	2686.00	2685.00	2685.00	2685.00	2684.50	2684.00	2684.00	2684.00	2684.00	2683.00	2683.00	2683.00	2683.00	2683.00	2682.50	2682.00	2682.00	2681.50	2681.00	2680.00	2679.00	2678.50	2678.00	2677.00	2676.50	2676.00	2675.00	2674.50	2674.00	2673.00	2672.50	2672.00	2672.00	2671.00	2671.00	2671.00	2670.50	2670.00	2670.00	2670.00	2669.50	2669.00	2669.00	2669.00	2668.00	2668.00	2668.00	2668.00	2667.50	2667.00	2667.00	2667.00	2667.00	2667.00	2667.00	2667.00	2667.00	2667.00	2666.50	2666.00	2666.00	2666.00	2666.00	2666.00	2667.00	2667.00	2667.00	2667.00	2667.00	2667.00	2667.00	2667.00	2667.00	2666.00	2666.00	2666.00	2666.00	2666.00	2665.00	2665.00	2665.50	2665.50	2665.00	2665.00	2665.00	2665.00	2665.00	2664.50	2664.00	2664.00	2664.00	2664.00	2663.00	2663.00	2663.00	2662.50	2662.00	2661.50	2660.50	2660.00	2660.00	2659.00	2658.50	2658.00	2657.00	2656.50	2656.00	2655.00	2655.00	2654.00	2654.00	2653.00	2653.00	2652.50	2652.00	2652.00	2652.00	2651.00	2651.00	2651.00	2651.00	2651.50	2652.00	2652.00	2652.00	2652.00	2653.00	2653.00	2653.00	2653.50	2654.00	2654.00	2655.00	2655.00	2655.00	2655.00	2656.00	2656.00	2656.00	2656.00	2656.00	2656.00	2656.00	2656.00	2656.00	2656.00	2656.00	2656.00	2656.00	2655.50	2655.00	2654.50	2654.00	2654.00	2653.00	2653.00	2652.00	2651.00	2650.50	2650.00	2650.00	2649.00	2649.00	2648.00	2648.00	2648.00	2647.50	2647.00	2647.00	2647.00	2647.00	2647.00	2647.00	2647.00	2647.00	2647.00	2647.00	2647.00	2647.00	2647.00	2647.00	2647.00	2647.00	2646.50	2646.00	2646.00	2646.00	2645.00	2645.00	2644.00	2644.00	2644.00	2644.00	2643.50	2643.00	2643.00	2643.00	2643.00	2643.00	2643.00	2643.00	2643.00	2643.00	2642.50	2642.00	2642.00	2641.50	2641.00	2639.50	2639.00	2638.00	2638.00	2637.00	2636.50	2635.50	2635.00	2634.50	2634.00	2633.00	2633.00	2633.00	2632.00	2632.00	2632.00	2632.00	2632.00	2632.00	2632.00	2632.00	2632.00	2632.00	2631.50	2631.00	2631.00	2631.00	2631.00	2630.00	2630.00	2630.00	2630.00	2629.00	2629.00	2628.00	2627.50	2627.00	2626.00	2626.00	2625.50	2625.00	2624.00
2686.00	2686.00	2686.00	2686.00	2685.00	2685.00	2685.00	2684.50	2684.00	2684.00	2684.00	2684.00	2683.00	2683.00	2683.00	2683.00	2683.00	2683.00	2683.00	2682.00	2682.00	2681.00	2681.00	2680.00	2679.50	2678.50	2678.00	2678.00	2677.00	2677.00	2675.50	2675.00	2674.00	2673.50	2673.00	2672.00	2671.50	2671.00	2670.00	2670.00	2670.00	2669.00	2669.00	2669.00	2669.00	2669.00	2669.00	2668.00	2668.00	2668.00	2668.00	2668.00	2667.00	2667.00	2667.00	2667.00	2667.00	2666.00	2666.00	2666.00	2666.00	2666.00	2666.00	2666.00	2666.00	2666.00	2666.00	2666.00	2666.00	2666.00	2666.00	2666.00	2666.00	2666.00	2666.00	2666.00	2666.00	2666.00	2666.00	2666.00	2665.50	2665.00	2665.00	2665.00	2665.00	2664.00	2664.00	2664.00	2664.00	2664.00	2664.00	2663.00	2663.00	2663.00	2663.00	2662.50	2662.00	2662.00	2662.00	2661.50	2661.00	2660.50	2660.00	2660.00	2659.00	2659.00	2658.00	2658.00	2657.50	2657.00	2656.00	2655.50	2654.50	2654.00	2654.00	2653.00	2653.00	2652.50	2652.00	2652.00	2651.00	2651.00	2651.00	2651.00	2651.00	2651.00	2651.00	2651.00	2651.50	2652.00	2652.50	2653.00	2653.00	2653.00	2653.50	2654.00	2654.00	2654.00	2655.00	2655.00	2655.00	2656.00	2656.00	2656.00	2656.00	2656.00	2656.00	2656.00	2656.00	2656.00	2656.00	2656.00	2655.50	2655.00	2655.00	2654.00	2654.00	2653.00	2653.00	2652.50	2652.00	2652.00	2651.00	2650.00	2649.50	2649.00	2649.00	2648.50	2648.00	2648.00	2648.00	2648.00	2647.50	2647.00	2647.00	2647.00	2647.00	2647.00	2648.00	2648.00	2647.00	2647.00	2647.50	2648.00	2648.00	2648.00	2648.00	2647.50	2647.00	2647.00	2646.50	2646.00	2646.00	2645.00	2645.00	2644.00	2644.00	2643.50	2643.00	2643.00	2643.00	2643.00	2642.00	2642.00	2642.00	2642.00	2642.00	2642.00	2642.00	2641.50	2641.00	2640.50	2640.00	2640.00	2639.00	2638.50	2638.00	2637.00	2636.50	2636.00	2635.00	2635.00	2634.50	2634.00	2633.00	2633.00	2633.00	2632.00	2632.00	2632.00	2632.00	2632.00	2632.00	2632.00	2632.00	2631.50	2631.00	2631.00	2631.00	2631.00	2630.00	2630.00	2630.00	2629.50	2629.00	2629.00	2628.00	2628.00	2627.00	2627.00	2626.50	2626.00	2625.50	2625.00	2624.00	2624.00
2686.00	2686.00	2686.00	2686.00	2685.00	2685.00	2685.00	2684.50	2684.00	2684.00	2684.00	2684.00	2683.00	2683.00	2683.00	2683.00	2683.00	2683.00	2683.00	2682.00	2682.00	2681.00	2681.00	2680.00	2679.50	2678.50	2678.00	2678.00	2677.00	2677.00	2675.50	2675.00	2674.00	2673.50	2673.00	2672.00	2671.50	2671.00	2670.00	2670.00	2670.00	2669.00	2669.00	2669.00	2669.00	2669.00	2669.00	2668.00	2668.00	2668.00	2668.00	2668.00	2667.00	2667.00	2667.00	2667.00	2667.00	2666.00	2666.00	2666.00	2666.00	2666.00	2666.00	2666.00	2666.00	2666.00	2666.00	2666.00	2666.00	2666.00	2666.00	2666.00	2666.00	2666.00	2666.00	2666.00	2666.00	2666.00	2666.00	2666.00	2665.50	2665.00	2665.00	2665.00	2665.00	2664.00	2664.00	2664.00	2664.00	2664.00	2664.00	2663.00	2663.00	2663.00	2663.00	2662.50	2662.00	2662.00	2662.00	2661.50	2661.00	2660.50	2660.00	2660.00	2659.00	2659.00	2658.00	2658.00	2657.50	2657.00	2656.00	2655.50	2654.50	2654.00	2654.00	2653.00	2653.00	2652.50	2652.00	2652.00	2651.00	2651.00	2651.00	2651.00	2651.00	2651.00	2651.00	2651.00	2651.50	2652.00	2652.50	2653.00	2653.00	2653.00	2653.50	2654.00	2654.00	2654.00	2655.00	2655.00	2655.00	2656.00	2656.00	2656.00	2656.00	2656.00	2656.00	2656.00	2656.00	2656.00	2656.00	2656.00	2655.50	2655.00	2655.00	2654.00	2654.00	2653.00	2653.00	2652.50	2652.00	2652.00	2651.00	2650.00	2649.50	2649.00	2649.00	2648.50	2648.00	2648.00	2648.00	2648.00	2647.50	2647.00	2647.00	2647.00	2647.00	2647.00	2648.00	2648.00	2647.00	2647.00	2647.50	2648.00	2648.00	2648.00	2648.00	2647.50	2647.00	2647.00	2646.50	2646.00	2646.00	2645.00	2645.00	2644.00	2644.00	2643.50	2643.00	2643.00	2643.00	2643.00	2642.00	2642.00	2642.00	2642.00	2642.00	2642.00	2642.00	2641.50	2641.00	2640.50	2640.00	2640.00	2639.00	2638.50	2638.00	2637.00	2636.50	2636.00	2635.00	2635.00	2634.50	2634.00	2633.00	2633.00	2633.00	2632.00	2632.00	2632.00	2632.00	2632.00	2632.00	2632.00	2632.00	2631.50	2631.00	2631.00	2631.00	2631.00	2630.00	2630.00	2630.00	2629.50	2629.00	2629.00	2628.00	2628.00	2627.00	2627.00	2626.50	2626.00	2625.50	2625.00	2624.00	2624.00
2686.00	2686.00	2686.00	2686.00	2685.00	2685.00	2685.00	2684.50	2684.00	2684.00	2684.00	2684.00	2683.00	2683.00	2683.00	2683.00	2683.00	2683.00	2683.00	2682.00	2682.00	2681.00	2681.00	2680.00	2679.50	2678.50	2678.00	2678.00	2677.00	2677.00	2675.50	2675.00	2674.00	2673.50	2673.00	2672.00	2671.50	2671.00	2670.00	2670.00	2670.00	2669.00	2669.00	2669.00	2669.00	2669.00	2669.00	2668.00	2668.00	2668.00	2668.00	2668.00	2667.00	2667.00	2667.00	2667.00	2667.00	2666.00	2666.00	2666.00	2666.00	2666.00	2666.00	2666.00	2666.00	2666.00	2666.00	2666.00	2666.00	2666.00	2666.00	2666.00	2666.00	2666.00	2666.00	2666.00	2666.00	2666.00	2666.00	2666.00	2665.50	2665.00	2665.00	2665.00	2665.00	2664.00	2664.00	2664.00	2664.00	2664.00	2664.00	2663.00	2663.00	2663.00	2663.00	2662.50	2662.00	2662.00	2662.00	2661.50	2661.00	2660.50	2660.00	2660.00	2659.00	2659.00	2658.00	2658.00	2657.50	2657.00	2656.00	2655.50	2654.50	2654.00	2654.00	2653.00	2653.00	2652.50	2652.00	2652.00	2651.00	2651.00	2651.00	2651.00	2651.00	2651.00	2651.00	2651.00	2651.50	2652.00	2652.50	2653.00	2653.00	2653.00	2653.50	2654.00	2654.00	2654.00	2655.00	2655.00	2655.00	2656.00	2656.00	2656.00	2656.00	2656.00	2656.00	2656.00	2656.00	2656.00	2656.00	2656.00	2655.50	2655.00	2655.00	2654.00	2654.00	2653.00	2653.00	2652.50	2652.00	2652.00	2651.00	2650.00	2649.50	2649.00	2649.00	2648.50	2648.00	2648.00	2648.00	2648.00	2647.50	2647.00	2647.00	2647.00	2647.00	2647.00	2648.00	2648.00	2647.00	2647.00	2647.50	2648.00	2648.00	2648.00	2648.00	2647.50	2647.00	2647.00	2646.50	2646.00	2646.00	2645.00	2645.00	2644.00	2644.00	2643.50	2643.00	2643.00	2643.00	2643.00	2642.00	2642.00	2642.00	2642.00	2642.00	2642.00	2642.00	2641.50	2641.00	2640.50	2640.00	2640.00	2639.00	2638.50	2638.00	2637.00	2636.50	2636.00	2635.00	2635.00	2634.50	2634.00	2633.00	2633.00	2633.00	2632.00	2632.00	2632.00	2632.00	2632.00	2632.00	2632.00	2632.00	2631.50	2631.00	2631.00	2631.00	2631.00	2630.00	2630.00	2630.00	2629.50	2629.00	2629.00	2628.00	2628.00	2627.00	2627.00	2626.50	2626.00	2625.50	2625.00	2624.00	2624.00
2685.50	2685.50	2685.50	2685.50	2685.00	2684.50	2684.50	2684.25	2684.00	2683.75	2683.50	2683.50	2683.00	2683.00	2683.00	2683.00	2683.00	2683.00	2682.75	2682.00	2681.50	2681.00	2680.50	2679.50	2679.00	2678.00	2677.50	2677.25	2676.50	2676.00	2674.75	2674.00	2673.25	2672.75	2672.25	2671.50	2670.75	2670.50	2669.50	2669.50	2669.25	2668.50	2668.50	2668.50	2668.50	2668.50	2668.50	2668.00	2667.75	2667.50	2667.50	2667.50	2667.00	2667.00	2666.50	2666.50	2666.50	2666.00	2665.75	2665.50	2665.50	2665.50	2665.50	2665.50	2665.50	2665.50	2665.50	2665.50	2665.50	2665.50	2665.50	2665.50	2665.50	2665.50	2665.50	2665.50	2665.50	2665.50	2665.50	2665.00	2664.75	2664.50	2664.50	2664.50	2664.00	2663.50	2663.50	2663.25	2663.00	2663.00	2663.00	2662.50	2662.00	2662.00	2662.00	2661.75	2661.50	2661.50	2661.00	2660.75	2660.50	2659.75	2659.50	2659.25	2658.50	2658.50	2657.50	2657.50	2657.00	2656.50	2655.50	2655.25	2654.75	2654.00	2654.00	2653.00	2653.00	2652.50	2652.00	2652.00	2651.25	2651.00	2651.00	2651.00	2651.00	2651.00	2651.25	2651.50	2651.75	2652.00	2652.50	2653.00	2653.00	2653.25	2653.75	2654.00	2654.25	2654.50	2655.00	2655.00	2655.00	2656.00	2656.00	2656.00	2656.00	2656.00	2656.00	2656.00	2656.00	2656.00	2655.75	2655.50	2655.00	2654.50	2654.50	2653.50	2653.50	2652.50	2652.50	2652.25	2651.50	2651.50	2650.50	2650.00	2649.50	2649.00	2649.00	2648.25	2648.00	2648.00	2648.00	2648.00	2647.75	2647.50	2647.50	2647.50	2647.50	2647.50	2648.00	2648.00	2647.50	2647.50	2647.75	2648.00	2648.00	2648.00	2648.00	2647.75	2647.00	2647.00	2646.50	2646.00	2646.00	2645.00	2644.50	2644.00	2643.50	2643.25	2642.75	2642.50	2642.50	2642.50	2642.00	2641.75	2641.50	2641.50	2641.50	2641.50	2641.50	2641.25	2641.00	2640.50	2640.00	2640.00	2639.00	2638.75	2638.00	2637.00	2636.50	2636.00	2635.00	2634.75	2634.25	2634.00	2633.50	2633.00	2633.00	2632.00	2632.00	2632.00	2632.00	2632.00	2631.50	2631.50	2631.50	2631.25	2631.00	2631.00	2631.00	2631.00	2630.00	2630.00	2629.50	2629.25	2629.00	2628.50	2627.75	2627.50	2626.50	2626.50	2626.00	2625.50	2625.25	2624.75	2624.00	2624.00
2685.00	2685.00	2685.00	2685.00	2685.00	2684.00	2684.00	2684.00	2684.00	2683.50	2683.00	2683.00	2683.00	2683.00	2683.00	2683.00	2683.00	2683.00	2682.50	2682.00	2681.00	2681.00	2680.00	2679.00	2678.50	2677.50	2677.00	2676.50	2676.00	2675.00	2674.00	2673.00	2672.50	2672.00	2671.50	2671.00	2670.00	2670.00	2669.00	2669.00	2668.50	2668.00	2668.00	2668.00	2668.00	2668.00	2668.00	2668.00	2667.50	2667.00	2667.00	2667.00	2667.00	2667.00	2666.00	2666.00	2666.00	2666.00	2665.50	2665.00	2665.00	2665.00	2665.00	2665.00	2665.00	2665.00	2665.00	2665.00	2665.00	2665.00	2665.00	2665.00	2665.00	2665.00	2665.00	2665.00	2665.00	2665.00	2665.00	2664.00	2664.00	2664.00	2664.00	2664.00	2663.00	2663.00	2663.00	2662.50	2662.00	2662.00	2662.00	2662.00	2661.00	2661.00	2661.00	2661.00	2661.00	2661.00	2660.00	2660.00	2660.00	2659.00	2659.00	2658.50	2658.00	2658.00	2657.00	2657.00	2656.50	2656.00	2655.00	2655.00	2655.00	2654.00	2654.00	2653.00	2653.00	2652.50	2652.00	2652.00	2651.50	2651.00	2651.00	2651.00	2651.00	2651.00	2651.50	2652.00	2652.00	2652.00	2652.50	2653.00	2653.00	2653.50	2654.00	2654.00	2654.50	2655.00	2655.00	2655.00	2655.00	2656.00	2656.00	2656.00	2656.00	2656.00	2656.00	2656.00	2656.00	2656.00	2655.50	2655.00	2654.50	2654.00	2654.00	2653.00	2653.00	2652.00	2652.00	2652.00	2651.00	2651.00	2650.00	2650.00	2649.50	2649.00	2649.00	2648.00	2648.00	2648.00	2648.00	2648.00	2648.00	2648.00	2648.00	2648.00	2648.00	2648.00	2648.00	2648.00	2648.00	2648.00	2648.00	2648.00	2648.00	2648.00	2648.00	2648.00	2647.00	2647.00	2646.50	2646.00	2646.00	2645.00	2644.00	2644.00	2643.00	2643.00	2642.50	2642.00	2642.00	2642.00	2642.00	2641.50	2641.00	2641.00	2641.00	2641.00	2641.00	2641.00	2641.00	2640.50	2640.00	2640.00	2639.00	2639.00	2638.00	2637.00	2636.50	2636.00	2635.00	2634.50	2634.00	2634.00	2634.00	2633.00	2633.00	2632.00	2632.00	2632.00	2632.00	2632.00	2631.00	2631.00	2631.00	2631.00	2631.00	2631.00	2631.00	2631.00	2630.00	2630.00	2629.00	2629.00	2629.00	2628.00	2627.50	2627.00	2626.00	2626.00	2625.50	2625.00	2625.00	2624.50	2624.00	2624.00
2685.00	2685.00	2685.00	2685.00	2685.00	2684.00	2684.00	2684.00	2684.00	2683.50	2683.00	2683.00	2683.00	2683.00	2683.00	2683.00	2683.00	2683.00	2682.50	2682.00	2681.00	2681.00	2680.00	2679.00	2678.50	2677.50	2677.00	2676.50	2676.00	2675.00	2674.00	2673.00	2672.50	2672.00	2671.50	2671.00	2670.00	2670.00	2669.00	2669.00	2668.50	2668.00	2668.00	2668.00	2668.00	2668.00	2668.00	2668.00	2667.50	2667.00	2667.00	2667.00	2667.00	2667.00	2666.00	2666.00	2666.00	2666.00	2665.50	2665.00	2665.00	2665.00	2665.00	2665.00	2665.00	2665.00	2665.00	2665.00	2665.00	2665.00	2665.00	2665.00	2665.00	2665.00	2665.00	2665.00	2665.00	2665.00	2665.00	2664.00	2664.00	2664.00	2664.00	2664.00	2663.00	2663.00	2663.00	2662.50	2662.00	2662.00	2662.00	2662.00	2661.00	2661.00	2661.00	2661.00	2661.00	2661.00	2660.00	2660.00	2660.00	2659.00	2659.00	2658.50	2658.00	2658.00	2657.00	2657.00	2656.50	2656.00	2655.00	2655.00	2655.00	2654.00	2654.00	2653.00	2653.00	2652.50	2652.00	2652.00	2651.50	2651.00	2651.00	2651.00	2651.00	2651.00	2651.50	2652.00	2652.00	2652.00	2652.50	2653.00	2653.00	2653.50	2654.00	2654.00	2654.50	2655.00	2655.00	2655.00	2655.00	2656.00	2656.00	2656.00	2656.00	2656.00	2656.00	2656.00	2656.00	2656.00	2655.50	2655.00	2654.50	2654.00	2654.00	2653.00	2653.00	2652.00	2652.00	2652.00	2651.00	2651.00	2650.00	2650.00	2649.50	2649.00	2649.00	2648.00	2648.00	2648.00	2648.00	2648.00	2648.00	2648.00	2648.00	2648.00	2648.00	2648.00	2648.00	2648.00	2648.00	2648.00	2648.00	2648.00	2648.00	2648.00	2648.00	2648.00	2647.00	2647.00	2646.50	2646.00	2646.00	2645.00	2644.00	2644.00	2643.00	2643.00	2642.50	2642.00	2642.00	2642.00	2642.00	2641.50	2641.00	2641.00	2641.00	2641.00	2641.00	2641.00	2641.00	2640.50	2640.00	2640.00	2639.00	2639.00	2638.00	2637.00	2636.50	2636.00	2635.00	2634.50	2634.00	2634.00	2634.00	2633.00	2633.00	2632.00	2632.00	2632.00	2632.00	2632.00	2631.00	2631.00	2631.00	2631.00	2631.00	2631.00	2631.00	2631.00	2630.00	2630.00	2629.00	2629.00	2629.00	2628.00	2627.50	2627.00	2626.00	2626.00	2625.50	2625.00	2625.00	2624.50	2624.00	2624.00
2684.50	2684.50	2684.25	2684.00	2684.00	2684.00	2683.50	2683.50	2683.50	2683.25	2683.00	2682.75	2682.50	2682.50	2682.50	2682.50	2682.50	2682.25	2681.75	2681.50	2680.50	2680.00	2679.50	2678.50	2678.00	2677.00	2676.25	2675.75	2675.00	2674.50	2673.50	2672.50	2672.00	2671.50	2671.00	2670.50	2669.75	2669.50	2669.00	2668.75	2668.25	2667.75	2667.50	2667.50	2667.50	2667.50	2667.50	2667.50	2667.25	2667.00	2667.00	2666.50	2666.50	2666.50	2666.00	2665.75	2665.50	2665.50	2665.25	2665.00	2665.00	2664.50	2664.50	2664.50	2664.75	2665.00	2665.00	2665.00	2665.00	2665.00	2665.00	2665.00	2665.00	2665.00	2665.00	2664.50	2664.50	2664.50	2664.50	2663.50	2663.50	2663.50	2663.50	2663.00	2662.50	2662.00	2662.00	2661.75	2661.00	2661.00	2661.00	2661.00	2660.00	2660.00	2660.00	2660.00	2660.00	2660.00	2659.50	2659.50	2659.50	2658.50	2658.50	2658.25	2657.75	2657.50	2657.00	2657.00	2656.25	2656.00	2655.00	2655.00	2655.00	2654.00	2654.00	2653.00	2653.00	2652.75	2652.25	2652.00	2651.50	2651.00	2651.00	2651.00	2651.50	2651.50	2651.75	2652.00	2652.25	2652.50	2652.75	2653.00	2653.00	2653.50	2654.00	2654.00	2654.50	2655.00	2655.00	2655.50	2655.50	2656.00	2656.00	2656.00	2656.00	2656.00	2656.00	2656.00	2655.50	2655.50	2655.25	2654.50	2654.25	2653.50	2653.50	2653.00	2652.75	2652.00	2651.75	2651.50	2651.00	2651.00	2650.00	2650.00	2649.75	2649.25	2649.00	2648.50	2648.50	2648.50	2648.50	2648.50	2648.50	2648.50	2648.50	2648.50	2648.50	2648.00	2648.00	2648.00	2648.00	2648.00	2648.00	2648.00	2648.00	2648.00	2648.00	2647.50	2647.00	2646.75	2646.25	2646.00	2645.50	2644.75	2644.00	2644.00	2643.00	2643.00	2642.50	2642.00	2642.00	2641.50	2641.50	2641.25	2641.00	2641.00	2641.00	2641.00	2641.00	2641.00	2640.50	2640.25	2640.00	2640.00	2639.00	2638.75	2638.00	2637.00	2636.50	2636.00	2635.00	2634.75	2634.25	2634.00	2634.00	2633.00	2633.00	2632.25	2632.00	2632.00	2632.00	2632.00	2631.50	2631.00	2631.00	2631.00	2631.00	2631.00	2630.75	2630.50	2629.75	2629.50	2629.00	2628.75	2628.50	2628.00	2627.25	2627.00	2626.00	2626.00	2625.75	2625.00	2625.00	2624.50	2624.00	2624.00
2684.00	2684.00	2683.50	2683.00	2683.00	2684.00	2683.00	2683.00	2683.00	2683.00	2683.00	2682.50	2682.00	2682.00	2682.00	2682.00	2682.00	2681.50	2681.00	2681.00	2680.00	2679.00	2679.00	2678.00	2677.50	2676.50	2675.50	2675.00	2674.00	2674.00	2673.00	2672.00	2671.50	2671.00	2670.50	2670.00	2669.50	2669.00	2669.00	2668.50	2668.00	2667.50	2667.00	2667.00	2667.00	2667.00	2667.00	2667.00	2667.00	2667.00	2667.00	2666.00	2666.00	2666.00	2666.00	2665.50	2665.00	2665.00	2665.00	2665.00	2665.00	2664.00	2664.00	2664.00	2664.50	2665.00	2665.00	2665.00	2665.00	2665.00	2665.00	2665.00	2665.00	2665.00	2665.00	2664.00	2664.00	2664.00	2664.00	2663.00	2663.00	2663.00	2663.00	2662.00	2662.00	2661.00	2661.00	2661.00	2660.00	2660.00	2660.00	2660.00	2659.00	2659.00	2659.00	2659.00	2659.00	2659.00	2659.00	2659.00	2659.00	2658.00	2658.00	2658.00	2657.50	2657.00	2657.00	2657.00	2656.00	2656.00	2655.00	2655.00	2655.00	2654.00	2654.00	2653.00	2653.00	2653.00	2652.50	2652.00	2651.50	2651.00	2651.00	2651.00	2652.00	2652.00	2652.00	2652.00	2652.50	2653.00	2653.00	2653.00	2653.00	2653.50	2654.00	2654.00	2654.50	2655.00	2655.00	2656.00	2656.00	2656.00	2656.00	2656.00	2656.00	2656.00	2656.00	2656.00	2655.00	2655.00	2655.00	2654.00	2654.00	2653.00	2653.00	2653.00	2652.50	2652.00	2651.50	2651.00	2651.00	2651.00	2650.00	2650.00	2650.00	2649.50	2649.00	2649.00	2649.00	2649.00	2649.00	2649.00	2649.00	2649.00	2649.00	2649.00	2649.00	2648.00	2648.00	2648.00	2648.00	2648.00	2648.00	2648.00	2648.00	2648.00	2648.00	2647.00	2647.00	2646.50	2646.00	2646.00	2645.00	2644.50	2644.00	2644.00	2643.00	2643.00	2642.50	2642.00	2642.00	2641.00	2641.00	2641.00	2641.00	2641.00	2641.00	2641.00	2641.00	2641.00	2640.00	2640.00	2640.00	2640.00	2639.00	2638.50	2638.00	2637.00	2636.50	2636.00	2635.00	2635.00	2634.50	2634.00	2634.00	2633.00	2633.00	2632.50	2632.00	2632.00	2632.00	2632.00	2632.00	2631.00	2631.00	2631.00	2631.00	2631.00	2630.50	2630.00	2629.50	2629.00	2629.00	2628.50	2628.00	2628.00	2627.00	2627.00	2626.00	2626.00	2626.00	2625.00	2625.00	2624.50	2624.00	2624.00
2684.00	2684.00	2683.50	2683.00	2683.00	2684.00	2683.00	2683.00	2683.00	2683.00	2683.00	2682.50	2682.00	2682.00	2682.00	2682.00	2682.00	2681.50	2681.00	2681.00	2680.00	2679.00	2679.00	2678.00	2677.50	2676.50	2675.50	2675.00	2674.00	2674.00	2673.00	2672.00	2671.50	2671.00	2670.50	2670.00	2669.50	2669.00	2669.00	2668.50	2668.00	2667.50	2667.00	2667.00	2667.00	2667.00	2667.00	2667.00	2667.00	2667.00	2667.00	2666.00	2666.00	2666.00	2666.00	2665.50	2665.00	2665.00	2665.00	2665.00	2665.00	2664.00	2664.00	2664.00	2664.50	2665.00	2665.00	2665.00	2665.00	2665.00	2665.00	2665.00	2665.00	2665.00	2665.00	2664.00	2664.00	2664.00	2664.00	2663.00	2663.00	2663.00	2663.00	2662.00	2662.00	2661.00	2661.00	2661.00	2660.00	2660.00	2660.00	2660.00	2659.00	2659.00	2659.00	2659.00	2659.00	2659.00	2659.00	2659.00	2659.00	2658.00	2658.00	2658.00	2657.50	2657.00	2657.00	2657.00	2656.00	2656.00	2655.00	2655.00	2655.00	2654.00	2654.00	2653.00	2653.00	2653.00	2652.50	2652.00	2651.50	2651.00	2651.00	2651.00	2652.00	2652.00	2652.00	2652.00	2652.50	2653.00	2653.00	2653.00	2653.00	2653.50	2654.00	2654.00	2654.50	2655.00	2655.00	2656.00	2656.00	2656.00	2656.00	2656.00	2656.00	2656.00	2656.00	2656.00	2655.00	2655.00	2655.00	2654.00	2654.00	2653.00	2653.00	2653.00	2652.50	2652.00	2651.50	2651.00	2651.00	2651.00	2650.00	2650.00	2650.00	2649.50	2649.00	2649.00	2649.00	2649.00	2649.00	2649.00	2649.00	2649.00	2649.00	2649.00	2649.00	2648.00	2648.00	2648.00	2648.00	2648.00	2648.00	2648.00	2648.00	2648.00	2648.00	2647.00	2647.00	2646.50	2646.00	2646.00	2645.00	2644.50	2644.00	2644.00	2643.00	2643.00	2642.50	2642.00	2642.00	2641.00	2641.00	2641.00	2641.00	2641.00	2641.00	2641.00	2641.00	2641.00	2640.00	2640.00	2640.00	2640.00	2639.00	2638.50	2638.00	2637.00	2636.50	2636.00	2635.00	2635.00	2634.50	2634.00	2634.00	2633.00	2633.00	2632.50	2632.00	2632.00	2632.00	2632.00	2632.00	2631.00	2631.00	2631.00	2631.00	2631.00	2630.50	2630.00	2629.50	2629.00	2629.00	2628.50	2628.00	2628.00	2627.00	2627.00	2626.00	2626.00	2626.00	2625.00	2625.00	2624.50	2624.00	2624.00
2684.00	2684.00	2683.50	2683.00	2683.00	2684.00	2683.00	2683.00	2683.00	2683.00	2683.00	2682.50	2682.00	2682.00	2682.00	2682.00	2682.00	2681.50	2681.00	2681.00	2680.00	2679.00	2679.00	2678.00	2677.50	2676.50	2675.50	2675.00	2674.00	2674.00	2673.00	2672.00	2671.50	2671.00	2670.50	2670.00	2669.50	2669.00	2669.00	2668.50	2668.00	2667.50	2667.00	2667.00	2667.00	2667.00	2667.00	2667.00	2667.00	2667.00	2667.00	2666.00	2666.00	2666.00	2666.00	2665.50	2665.00	2665.00	2665.00	2665.00	2665.00	2664.00	2664.00	2664.00	2664.50	2665.00	2665.00	2665.00	2665.00	2665.00	2665.00	2665.00	2665.00	2665.00	2665.00	2664.00	2664.00	2664.00	2664.00	2663.00	2663.00	2663.00	2663.00	2662.00	2662.00	2661.00	2661.00	2661.00	2660.00	2660.00	2660.00	2660.00	2659.00	2659.00	2659.00	2659.00	2659.00	2659.00	2659.00	2659.00	2659.00	2658.00	2658.00	2658.00	2657.50	2657.00	2657.00	2657.00	2656.00	2656.00	2655.00	2655.00	2655.00	2654.00	2654.00	2653.00	2653.00	2653.00	2652.50	2652.00	2651.50	2651.00	2651.00	2651.00	2652.00	2652.00	2652.00	2652.00	2652.50	2653.00	2653.00	2653.00	2653.00	2653.50	2654.00	2654.00	2654.50	2655.00	2655.00	2656.00	2656.00	2656.00	2656.00	2656.00	2656.00	2656.00	2656.00	2656.00	2655.00	2655.00	2655.00	2654.00	2654.00	2653.00	2653.00	2653.00	2652.50	2652.00	2651.50	2651.00	2651.00	2651.00	2650.00	2650.00	2650.00	2649.50	2649.00	2649.00	2649.00	2649.00	2649.00	2649.00	2649.00	2649.00	2649.00	2649.00	2649.00	2648.00	2648.00	2648.00	2648.00	2648.00	2648.00	2648.00	2648.00	2648.00	2648.00	2647.00	2647.00	2646.50	2646.00	2646.00	2645.00	2644.50	2644.00	2644.00	2643.00	2643.00	2642.50	2642.00	2642.00	2641.00	2641.00	2641.00	2641.00	2641.00	2641.00	2641.00	2641.00	2641.00	2640.00	2640.00	2640.00	2640.00	2639.00	2638.50	2638.00	2637.00	2636.50	2636.00	2635.00	2635.00	2634.50	2634.00	2634.00	2633.00	2633.00	2632.50	2632.00	2632.00	2632.00	2632.00	2632.00	2631.00	2631.00	2631.00	2631.00	2631.00	2630.50	2630.00	2629.50	2629.00	2629.00	2628.50	2628.00	2628.00	2627.00	2627.00	2626.00	2626.00	2626.00	2625.00	2625.00	2624.50	2624.00	2624.00
2683.00	2683.00	2683.00	2683.00	2683.00	2683.00	2683.00	2683.00	2682.50	2682.00	2682.00	2682.00	2682.00	2682.00	2682.00	2682.00	2681.50	2681.00	2680.50	2680.00	2679.00	2679.00	2678.00	2677.50	2677.00	2676.50	2675.50	2674.50	2674.00	2673.00	2672.50	2671.00	2670.50	2670.00	2669.50	2669.00	2669.00	2669.00	2668.00	2668.00	2667.50	2667.00	2667.00	2667.00	2667.00	2667.00	2667.00	2667.00	2666.00	2666.00	2666.00	2666.00	2665.50	2665.00	2665.00	2665.00	2665.00	2664.50	2664.00	2664.00	2664.00	2664.00	2664.00	2664.00	2664.00	2664.00	2664.00	2664.00	2664.00	2664.00	2664.00	2664.00	2664.00	2664.00	2664.00	2663.00	2663.00	2662.50	2662.00	2661.50	2661.00	2661.00	2661.00	2660.50	2660.00	2660.00	2659.00	2659.00	2658.00	2658.00	2658.00	2658.00	2658.00	2658.00	2658.00	2658.00	2658.00	2658.00	2658.00	2658.00	2658.00	2658.00	2658.00	2658.00	2658.00	2657.50	2657.00	2657.00	2656.00	2656.00	2655.50	2655.00	2655.00	2654.00	2654.00	2654.00	2653.00	2653.00	2652.50	2652.00	2652.00	2652.00	2652.00	2652.00	2652.00	2652.00	2652.00	2652.00	2652.00	2653.00	2653.00	2653.00	2653.00	2653.00	2653.50	2654.00	2654.50	2655.00	2655.00	2655.00	2655.00	2655.00	2655.00	2655.00	2655.00	2655.00	2655.00	2655.00	2654.50	2654.00	2654.00	2653.00	2653.00	2653.00	2653.00	2652.00	2652.00	2651.50	2651.00	2651.00	2651.00	2651.00	2651.00	2650.00	2650.00	2650.00	2650.00	2650.00	2650.00	2650.00	2650.00	2650.00	2650.00	2650.00	2649.50	2649.00	2649.00	2649.00	2649.00	2649.00	2648.50	2648.00	2648.00	2648.00	2648.00	2648.00	2647.00	2646.50	2646.00	2645.50	2645.00	2645.00	2644.00	2644.00	2643.00	2643.00	2643.00	2643.00	2642.00	2642.00	2642.00	2642.00	2641.00	2641.00	2641.00	2641.00	2641.00	2641.00	2641.00	2640.50	2640.00	2640.00	2639.50	2639.00	2638.50	2638.00	2638.00	2637.00	2637.00	2636.50	2635.50	2635.00	2634.50	2634.00	2634.00	2633.00	2633.00	2632.50	2632.00	2632.00	2632.00	2632.00	2632.00	2631.00	2631.00	2631.00	2630.00	2630.00	2630.00	2630.00	2629.00	2629.00	2628.00	2628.00	2627.50	2627.00	2626.50	2626.00	2626.00	2625.50	2625.00	2625.00	2624.00	2624.00	2624.00	2623.00
2683.00	2683.00	2683.00	2683.00	2683.00	2683.00	2683.00	2683.00	2682.50	2682.00	2682.00	2682.00	2682.00	2682.00	2682.00	2682.00	2681.50	2681.00	2680.50	2680.00	2679.00	2679.00	2678.00	2677.50	2677.00	2676.50	2675.50	2674.50	2674.00	2673.00	2672.50	2671.00	2670.50	2670.00	2669.50	2669.00	2669.00	2669.00	2668.00	2668.00	2667.50	2667.00	2667.00	2667.00	2667.00	2667.00	2667.00	2667.00	2666.00	2666.00	2666.00	2666.00	2665.50	2665.00	2665.00	2665.00	2665.00	2664.50	2664.00	2664.00	2664.00	2664.00	2664.00	2664.00	2664.00	2664.00	2664.00	2664.00	2664.00	2664.00	2664.00	2664.00	2664.00	2664.00	2664.00	2663.00	2663.00	2662.50	2662.00	2661.50	2661.00	2661.00	2661.00	2660.50	2660.00	2660.00	2659.00	2659.00	2658.00	2658.00	2658.00	2658.00	2658.00	2658.00	2658.00	2658.00	2658.00	2658.00	2658.00	2658.00	2658.00	2658.00	2658.00	2658.00	2658.00	2657.50	2657.00	2657.00	2656.00	2656.00	2655.50	2655.00	2655.00	2654.00	2654.00	2654.00	2653.00	2653.00	2652.50	2652.00	2652.00	2652.00	2652.00	2652.00	2652.00	2652.00	2652.00	2652.00	2652.00	2653.00	2653.00	2653.00	2653.00	2653.00	2653.50	2654.00	2654.50	2655.00	2655.00	2655.00	2655.00	2655.00	2655.00	2655.00	2655.00	2655.00	2655.00	2655.00	2654.50	2654.00	2654.00	2653.00	2653.00	2653.00	2653.00	2652.00	2652.00	2651.50	2651.00	2651.00	2651.00	2651.00	2651.00	2650.00	2650.00	2650.00	2650.00	2650.00	2650.00	2650.00	2650.00	2650.00	2650.00	2650.00	2649.50	2649.00	2649.00	2649.00	2649.00	2649.00	2648.50	2648.00	2648.00	2648.00	2648.00	2648.00	2647.00	2646.50	2646.00	2645.50	2645.00	2645.00	2644.00	2644.00	2643.00	2643.00	2643.00	2643.00	2642.00	2642.00	2642.00	2642.00	2641.00	2641.00	2641.00	2641.00	2641.00	2641.00	2641.00	2640.50	2640.00	2640.00	2639.50	2639.00	2638.50	2638.00	2638.00	2637.00	2637.00	2636.50	2635.50	2635.00	2634.50	2634.00	2634.00	2633.00	2633.00	2632.50	2632.00	2632.00	2632.00	2632.00	2632.00	2631.00	2631.00	2631.00	2630.00	2630.00	2630.00	2630.00	2629.00	2629.00	2628.00	2628.00	2627.50	2627.00	2626.50	2626.00	2626.00	2625.50	2625.00	2625.00	2624.00	2624.00	2624.00	2623.00
2683.00	2683.00	2683.00	2683.00	2683.00	2683.00	2683.00	2683.00	2682.50	2682.00	2682.00	2682.00	2682.00	2682.00	2682.00	2682.00	2681.50	2681.00	2680.50	2680.00	2679.00	2679.00	2678.00	2677.50	2677.00	2676.50	2675.50	2674.50	2674.00	2673.00	2672.50	2671.00	2670.50	2670.00	2669.50	2669.00	2669.00	2669.00	2668.00	2668.00	2667.50	2667.00	2667.00	2667.00	2667.00	2667.00	2667.00	2667.00	2666.00	2666.00	2666.00	2666.00	2665.50	2665.00	2665.00	2665.00	2665.00	2664.50	2664.00	2664.00	2664.00	2664.00	2664.00	2664.00	2664.00	2664.00	2664.00	2664.00	2664.00	2664.00	2664.00	2664.00	2664.00	2664.00	2664.00	2663.00	2663.00	2662.50	2662.00	2661.50	2661.00	2661.00	2661.00	2660.50	2660.00	2660.00	2659.00	2659.00	2658.00	2658.00	2658.00	2658.00	2658.00	2658.00	2658.00	2658.00	2658.00	2658.00	2658.00	2658.00	2658.00	2658.00	2658.00	2658.00	2658.00	2657.50	2657.00	2657.00	2656.00	2656.00	2655.50	2655.00	2655.00	2654.00	2654.00	2654.00	2653.00	2653.00	2652.50	2652.00	2652.00	2652.00	2652.00	2652.00	2652.00	2652.00	2652.00	2652.00	2652.00	2653.00	2653.00	2653.00	2653.00	2653.00	2653.50	2654.00	2654.50	2655.00	2655.00	2655.00	2655.00	2655.00	2655.00	2655.00	2655.00	2655.00	2655.00	2655.00	2654.50	2654.00	2654.00	2653.00	2653.00	2653.00	2653.00	2652.00	2652.00	2651.50	2651.00	2651.00	2651.00	2651.00	2651.00	2650.00	2650.00	2650.00	2650.00	2650.00	2650.00	2650.00	2650.00	2650.00	2650.00	2650.00	2649.50	2649.00	2649.00	2649.00	2649.00	2649.00	2648.50	2648.00	2648.00	2648.00	2648.00	2648.00	2647.00	2646.50	2646.00	2645.50	2645.00	2645.00	2644.00	2644.00	2643.00	2643.00	2643.00	2643.00	2642.00	2642.00	2642.00	2642.00	2641.00	2641.00	2641.00	2641.00	2641.00	2641.00	2641.00	2640.50	2640.00	2640.00	2639.50	2639.00	2638.50	2638.00	2638.00	2637.00	2637.00	2636.50	2635.50	2635.00	2634.50	2634.00	2634.00	2633.00	2633.00	2632.50	2632.00	2632.00	2632.00	2632.00	2632.00	2631.00	2631.00	2631.00	2630.00	2630.00	2630.00	2630.00	2629.00	2629.00	2628.00	2628.00	2627.50	2627.00	2626.50	2626.00	2626.00	2625.50	2625.00	2625.00	2624.00	2624.00	2624.00	2623.00
2683.00	2683.00	2683.00	2683.00	2682.00	2682.00	2682.00	2682.00	2682.00	2681.50	2681.00	2681.00	2681.00	2681.00	2681.00	2680.00	2680.00	2680.00	2679.50	2679.00	2678.00	2677.00	2677.00	2676.50	2676.00	2675.50	2674.50	2673.50	2673.00	2672.00	2671.50	2670.00	2669.50	2669.00	2669.00	2669.00	2668.00	2668.00	2668.00	2667.50	2667.00	2667.00	2667.00	2667.00	2667.00	2666.00	2666.00	2666.00	2666.00	2665.50	2665.00	2665.00	2665.00	2665.00	2664.50	2664.00	2664.00	2664.00	2664.00	2664.00	2664.00	2664.00	2664.00	2664.00	2663.50	2663.00	2664.00	2664.00	2664.00	2663.00	2663.00	2663.00	2662.50	2662.00	2662.00	2661.00	2661.00	2660.50	2660.00	2660.00	2659.50	2659.00	2659.00	2659.00	2659.00	2658.00	2658.00	2658.00	2658.00	2658.00	2658.00	2658.00	2658.00	2658.00	2658.00	2658.00	2658.00	2658.00	2658.00	2658.00	2658.00	2658.00	2658.00	2658.00	2658.00	2657.50	2657.00	2657.00	2656.50	2656.00	2655.50	2655.00	2655.00	2655.00	2654.00	2654.00	2654.00	2653.00	2653.00	2653.00	2653.00	2652.50	2652.00	2652.00	2652.00	2652.00	2652.00	2652.00	2652.00	2653.00	2653.00	2653.00	2653.00	2653.00	2653.50	2654.00	2654.00	2654.00	2654.00	2655.00	2655.00	2655.00	2654.00	2654.00	2654.00	2654.00	2654.00	2654.00	2653.00	2653.00	2653.00	2652.50	2652.00	2652.00	2652.00	2652.00	2651.50	2651.00	2651.00	2651.00	2651.00	2651.00	2651.00	2651.00	2651.00	2651.00	2651.00	2650.50	2650.00	2650.00	2650.00	2650.00	2650.00	2650.00	2650.00	2650.00	2649.00	2649.00	2649.00	2649.00	2648.50	2648.00	2648.00	2648.00	2647.50	2647.00	2647.00	2646.00	2646.00	2645.00	2645.00	2644.50	2644.00	2643.50	2643.00	2643.00	2642.00	2642.00	2642.00	2641.50	2641.00	2641.00	2641.00	2641.00	2641.00	2641.00	2641.00	2641.00	2641.00	2640.50	2640.00	2640.00	2639.50	2639.00	2638.50	2638.00	2638.00	2637.00	2636.50	2636.00	2635.50	2635.00	2635.00	2634.00	2634.00	2633.00	2633.00	2633.00	2632.50	2632.00	2632.00	2632.00	2631.00	2631.00	2630.50	2630.00	2630.00	2630.00	2629.50	2629.00	2628.50	2628.00	2628.00	2627.50	2627.00	2627.00	2626.00	2626.00	2625.00	2625.00	2625.00	2624.00	2624.00	2623.50	2623.00	2623.00
2683.00	2683.00	2683.00	2683.00	2682.00	2682.00	2682.00	2682.00	2682.00	2681.50	2681.00	2681.00	2681.00	2681.00	2681.00	2680.00	2680.00	2680.00	2679.50	2679.00	2678.00	2677.00	2677.00	2676.50	2676.00	2675.50	2674.50	2673.50	2673.00	2672.00	2671.50	2670.00	2669.50	2669.00	2669.00	2669.00	2668.00	2668.00	2668.00	2667.50	2667.00	2667.00	2667.00	2667.00	2667.00	2666.00	2666.00	2666.00	2666.00	2665.50	2665.00	2665.00	2665.00	2665.00	2664.50	2664.00	2664.00	2664.00	2664.00	2664.00	2664.00	2664.00	2664.00	2664.00	2663.50	2663.00	2664.00	2664.00	2664.00	2663.00	2663.00	2663.00	2662.50	2662.00	2662.00	2661.00	2661.00	2660.50	2660.00	2660.00	2659.50	2659.00	2659.00	2659.00	2659.00	2658.00	2658.00	2658.00	2658.00	2658.00	2658.00	2658.00	2658.00	2658.00	2658.00	2658.00	2658.00	2658.00	2658.00	2658.00	2658.00	2658.00	2658.00	2658.00	2658.00	2657.50	2657.00	2657.00	2656.50	2656.00	2655.50	2655.00	2655.00	2655.00	2654.00	2654.00	2654.00	2653.00	2653.00	2653.00	2653.00	2652.50	2652.00	2652.00	2652.00	2652.00	2652.00	2652.00	2652.00	2653.00	2653.00	2653.00	2653.00	2653.00	2653.50	2654.00	2654.00	2654.00	2654.00	2655.00	2655.00	2655.00	2654.00	2654.00	2654.00	2654.00	2654.00	2654.00	2653.00	2653.00	2653.00	2652.50	2652.00	2652.00	2652.00	2652.00	2651.50	2651.00	2651.00	2651.00	2651.00	2651.00	2651.00	2651.00	2651.00	2651.00	2651.00	2650.50	2650.00	2650.00	2650.00	2650.00	2650.00	2650.00	2650.00	2650.00	2649.00	2649.00	2649.00	2649.00	2648.50	2648.00	2648.00	2648.00	2647.50	2647.00	2647.00	2646.00	2646.00	2645.00	2645.00	2644.50	2644.00	2643.50	2643.00	2643.00	2642.00	2642.00	2642.00	2641.50	2641.00	2641.00	2641.00	2641.00	2641.00	2641.00	2641.00	2641.00	2641.00	2640.50	2640.00	2640.00	2639.50	2639.00	2638.50	2638.00	2638.00	2637.00	2636.50	2636.00	2635.50	2635.00	2635.00	2634.00	2634.00	2633.00	2633.00	2633.00	2632.50	2632.00	2632.00	2632.00	2631.00	2631.00	2630.50	2630.00	2630.00	2630.00	2629.50	2629.00	2628.50	2628.00	2628.00	2627.50	2627.00	2627.00	2626.00	2626.00	2625.00	2625.00	2625.00	2624.00	2624.00	2623.50	2623.00	2623.00
2683.00	2683.00	2683.00	2683.00	2682.00	2682.00	2682.00	2682.00	2682.00	2681.50	2681.00	2681.00	2681.00	2681.00	2681.00	2680.00	2680.00	2680.00	2679.50	2679.00	2678.00	2677.00	2677.00	2676.50	2676.00	2675.50	2674.50	2673.50	2673.00	2672.00	2671.50	2670.00	2669.50	2669.00	2669.00	2669.00	2668.00	2668.00	2668.00	2667.50	2667.00	2667.00	2667.00	2667.00	2667.00	2666.00	2666.00	2666.00	2666.00	2665.50	2665.00	2665.00	2665.00	2665.00	2664.50	2664.00	2664.00	2664.00	2664.00	2664.00	2664.00	2664.00	2664.00	2664.00	2663.50	2663.00	2664.00	2664.00	2664.00	2663.00	2663.00	2663.00	2662.50	2662.00	2662.00	2661.00	2661.00	2660.50	2660.00	2660.00	2659.50	2659.00	2659.00	2659.00	2659.00	2658.00	2658.00	2658.00	2658.00	2658.00	2658.00	2658.00	2658.00	2658.00	2658.00	2658.00	2658.00	2658.00	2658.00	2658.00	2658.00	2658.00	2658.00	2658.00	2658.00	2657.50	2657.00	2657.00	2656.50	2656.00	2655.50	2655.00	2655.00	2655.00	2654.00	2654.00	2654.00	2653.00	2653.00	2653.00	2653.00	2652.50	2652.00	2652.00	2652.00	2652.00	2652.00	2652.00	2652.00	2653.00	2653.00	2653.00	2653.00	2653.00	2653.50	2654.00	2654.00	2654.00	2654.00	2655.00	2655.00	2655.00	2654.00	2654.00	2654.00	2654.00	2654.00	2654.00	2653.00	2653.00	2653.00	2652.50	2652.00	2652.00	2652.00	2652.00	2651.50	2651.00	2651.00	2651.00	2651.00	2651.00	2651.00	2651.00	2651.00	2651.00	2651.00	2650.50	2650.00	2650.00	2650.00	2650.00	2650.00	2650.00	2650.00	2650.00	2649.00	2649.00	2649.00	2649.00	2648.50	2648.00	2648.00	2648.00	2647.50	2647.00	2647.00	2646.00	2646.00	2645.00	2645.00	2644.50	2644.00	2643.50	2643.00	2643.00	2642.00	2642.00	2642.00	2641.50	2641.00	2641.00	2641.00	2641.00	2641.00	2641.00	2641.00	2641.00	2641.00	2640.50	2640.00	2640.00	2639.50	2639.00	2638.50	2638.00	2638.00	2637.00	2636.50	2636.00	2635.50	2635.00	2635.00	2634.00	2634.00	2633.00	2633.00	2633.00	2632.50	2632.00	2632.00	2632.00	2631.00	2631.00	2630.50	2630.00	2630.00	2630.00	2629.50	2629.00	2628.50	2628.00	2628.00	2627.50	2627.00	2627.00	2626.00	2626.00	2625.00	2625.00	2625.00	2624.00	2624.00	2623.50	2623.00	2623.00
2682.50	2682.50	2682.25	2682.00	2681.50	2681.50	2681.50	2681.50	2681.25	2680.75	2680.50	2680.50	2680.50	2680.50	2680.00	2679.50	2679.50	2679.50	2679.00	2678.50	2677.50	2676.50	2676.50	2675.75	2675.50	2675.00	2674.00	2673.25	2672.50	2672.00	2671.25	2670.00	2669.75	2669.25	2669.00	2669.00	2668.00	2668.00	2667.50	2667.25	2667.00	2667.00	2667.00	2666.75	2666.50	2666.00	2665.75	2665.50	2665.50	2665.25	2665.00	2665.00	2664.50	2664.50	2664.25	2664.00	2663.75	2663.50	2663.50	2663.50	2663.50	2663.50	2663.50	2663.50	2663.25	2663.00	2663.50	2663.50	2663.50	2663.00	2662.50	2662.50	2662.00	2661.50	2661.25	2660.50	2660.50	2660.00	2659.50	2659.50	2659.25	2658.75	2658.50	2658.50	2658.50	2658.00	2657.50	2657.50	2657.50	2657.50	2657.75	2658.00	2658.00	2658.00	2658.00	2658.25	2658.50	2658.50	2658.50	2658.25	2658.50	2658.50	2658.50	2658.25	2658.00	2657.75	2657.50	2657.50	2656.75	2656.50	2655.75	2655.50	2655.50	2655.00	2654.50	2654.00	2654.00	2653.50	2653.50	2653.25	2653.00	2652.50	2652.00	2652.00	2652.00	2652.00	2652.00	2652.00	2652.00	2652.50	2652.50	2652.50	2653.00	2653.00	2653.25	2653.50	2653.50	2653.50	2653.50	2654.00	2654.00	2654.00	2653.50	2653.50	2653.50	2653.50	2653.50	2653.50	2652.75	2652.50	2652.50	2652.25	2652.00	2652.00	2651.50	2651.50	2651.25	2651.00	2651.00	2651.00	2651.00	2651.00	2651.00	2651.00	2651.00	2651.00	2651.00	2650.75	2650.50	2650.50	2650.50	2650.00	2650.00	2650.00	2650.00	2650.00	2649.00	2649.00	2649.00	2649.00	2648.75	2648.25	2648.00	2647.75	2647.25	2647.00	2646.50	2645.75	2645.50	2644.75	2644.50	2644.25	2643.50	2643.25	2642.50	2642.50	2642.00	2641.75	2641.50	2641.25	2641.00	2641.00	2641.00	2641.00	2641.00	2641.00	2640.75	2640.50	2640.50	2640.25	2640.00	2639.75	2639.25	2639.00	2638.50	2638.00	2637.50	2637.00	2636.25	2636.00	2635.50	2635.00	2635.00	2634.00	2634.00	2633.00	2633.00	2633.00	2632.50	2632.00	2631.75	2631.50	2631.00	2631.00	2630.25	2630.00	2629.50	2629.50	2629.25	2628.50	2628.25	2627.50	2627.50	2627.00	2626.50	2626.50	2625.50	2625.50	2624.50	2624.50	2624.25	2623.50	2623.50	2623.25	2622.50	2622.50
2682.00	2682.00	2681.50	2681.00	2681.00	2681.00	2681.00	2681.00	2680.50	2680.00	2680.00	2680.00	2680.00	2680.00	2679.00	2679.00	2679.00	2679.00	2678.50	2678.00	2677.00	2676.00	2676.00	2675.00	2675.00	2674.50	2673.50	2673.00	2672.00	2672.00	2671.00	2670.00	2670.00	2669.50	2669.00	2669.00	2668.00	2668.00	2667.00	2667.00	2667.00	2667.00	2667.00	2666.50	2666.00	2666.00	2665.50	2665.00	2665.00	2665.00	2665.00	2665.00	2664.00	2664.00	2664.00	2664.00	2663.50	2663.00	2663.00	2663.00	2663.00	2663.00	2663.00	2663.00	2663.00	2663.00	2663.00	2663.00	2663.00	2663.00	2662.00	2662.00	2661.50	2661.00	2660.50	2660.00	2660.00	2659.50	2659.00	2659.00	2659.00	2658.50	2658.00	2658.00	2658.00	2658.00	2657.00	2657.00	2657.00	2657.00	2657.50	2658.00	2658.00	2658.00	2658.00	2658.50	2659.00	2659.00	2659.00	2658.50	2659.00	2659.00	2659.00	2658.50	2658.00	2658.00	2658.00	2658.00	2657.00	2657.00	2656.00	2656.00	2656.00	2655.00	2655.00	2654.00	2654.00	2654.00	2654.00	2653.50	2653.00	2652.50	2652.00	2652.00	2652.00	2652.00	2652.00	2652.00	2652.00	2652.00	2652.00	2652.00	2653.00	2653.00	2653.00	2653.00	2653.00	2653.00	2653.00	2653.00	2653.00	2653.00	2653.00	2653.00	2653.00	2653.00	2653.00	2653.00	2652.50	2652.00	2652.00	2652.00	2652.00	2652.00	2651.00	2651.00	2651.00	2651.00	2651.00	2651.00	2651.00	2651.00	2651.00	2651.00	2651.00	2651.00	2651.00	2651.00	2651.00	2651.00	2651.00	2650.00	2650.00	2650.00	2650.00	2650.00	2649.00	2649.00	2649.00	2649.00	2649.00	2648.50	2648.00	2647.50	2647.00	2647.00	2646.00	2645.50	2645.00	2644.50	2644.00	2644.00	2643.00	2643.00	2642.00	2642.00	2642.00	2641.50	2641.00	2641.00	2641.00	2641.00	2641.00	2641.00	2641.00	2641.00	2640.50	2640.00	2640.00	2640.00	2640.00	2639.50	2639.00	2639.00	2638.50	2638.00	2637.00	2637.00	2636.00	2636.00	2635.50	2635.00	2635.00	2634.00	2634.00	2633.00	2633.00	2633.00	2632.50	2632.00	2631.50	2631.00	2631.00	2631.00	2630.00	2630.00	2629.00	2629.00	2629.00	2628.00	2628.00	2627.00	2627.00	2626.50	2626.00	2626.00	2625.00	2625.00	2624.00	2624.00	2623.50	2623.00	2623.00	2623.00	2622.00	2622.00
2682.00	2682.00	2681.50	2681.00	2681.00	2681.00	2681.00	2681.00	2680.50	2680.00	2680.00	2680.00	2680.00	2680.00	2679.00	2679.00	2679.00	2679.00	2678.50	2678.00	2677.00	2676.00	2676.00	2675.00	2675.00	2674.50	2673.50	2673.00	2672.00	2672.00	2671.00	2670.00	2670.00	2669.50	2669.00	2669.00	2668.00	2668.00	2667.00	2667.00	2667.00	2667.00	2667.00	2666.50	2666.00	2666.00	2665.50	2665.00	2665.00	2665.00	2665.00	2665.00	2664.00	2664.00	2664.00	2664.00	2663.50	2663.00	2663.00	2663.00	2663.00	2663.00	2663.00	2663.00	2663.00	2663.00	2663.00	2663.00	2663.00	2663.00	2662.00	2662.00	2661.50	2661.00	2660.50	2660.00	2660.00	2659.50	2659.00	2659.00	2659.00	2658.50	2658.00	2658.00	2658.00	2658.00	2657.00	2657.00	2657.00	2657.00	2657.50	2658.00	2658.00	2658.00	2658.00	2658.50	2659.00	2659.00	2659.00	2658.50	2659.00	2659.00	2659.00	2658.50	2658.00	2658.00	2658.00	2658.00	2657.00	2657.00	2656.00	2656.00	2656.00	2655.00	2655.00	2654.00	2654.00	2654.00	2654.00	2653.50	2653.00	2652.50	2652.00	2652.00	2652.00	2652.00	2652.00	2652.00	2652.00	2652.00	2652.00	2652.00	2653.00	2653.00	2653.00	2653.00	2653.00	2653.00	2653.00	2653.00	2653.00	2653.00	2653.00	2653.00	2653.00	2653.00	2653.00	2653.00	2652.50	2652.00	2652.00	2652.00	2652.00	2652.00	2651.00	2651.00	2651.00	2651.00	2651.00	2651.00	2651.00	2651.00	2651.00	2651.00	2651.00	2651.00	2651.00	2651.00	2651.00	2651.00	2651.00	2650.00	2650.00	2650.00	2650.00	2650.00	2649.00	2649.00	2649.00	2649.00	2649.00	2648.50	2648.00	2647.50	2647.00	2647.00	2646.00	2645.50	2645.00	2644.50	2644.00	2644.00	2643.00	2643.00	2642.00	2642.00	2642.00	2641.50	2641.00	2641.00	2641.00	2641.00	2641.00	2641.00	2641.00	2641.00	2640.50	2640.00	2640.00	2640.00	2640.00	2639.50	2639.00	2639.00	2638.50	2638.00	2637.00	2637.00	2636.00	2636.00	2635.50	2635.00	2635.00	2634.00	2634.00	2633.00	2633.00	2633.00	2632.50	2632.00	2631.50	2631.00	2631.00	2631.00	2630.00	2630.00	2629.00	2629.00	2629.00	2628.00	2628.00	2627.00	2627.00	2626.50	2626.00	2626.00	2625.00	2625.00	2624.00	2624.00	2623.50	2623.00	2623.00	2623.00	2622.00	2622.00
2682.00	2682.00	2681.50	2681.00	2681.00	2681.00	2681.00	2681.00	2680.50	2680.00	2680.00	2680.00	2680.00	2680.00	2679.00	2679.00	2679.00	2679.00	2678.50	2678.00	2677.00	2676.00	2676.00	2675.00	2675.00	2674.50	2673.50	2673.00	2672.00	2672.00	2671.00	2670.00	2670.00	2669.50	2669.00	2669.00	2668.00	2668.00	2667.00	2667.00	2667.00	2667.00	2667.00	2666.50	2666.00	2666.00	2665.50	2665.00	2665.00	2665.00	2665.00	2665.00	2664.00	2664.00	2664.00	2664.00	2663.50	2663.00	2663.00	2663.00	2663.00	2663.00	2663.00	2663.00	2663.00	2663.00	2663.00	2663.00	2663.00	2663.00	2662.00	2662.00	2661.50	2661.00	2660.50	2660.00	2660.00	2659.50	2659.00	2659.00	2659.00	2658.50	2658.00	2658.00	2658.00	2658.00	2657.00	2657.00	2657.00	2657.00	2657.50	2658.00	2658.00	2658.00	2658.00	2658.50	2659.00	2659.00	2659.00	2658.50	2659.00	2659.00	2659.00	2658.50	2658.00	2658.00	2658.00	2658.00	2657.00	2657.00	2656.00	2656.00	2656.00	2655.00	2655.00	2654.00	2654.00	2654.00	2654.00	2653.50	2653.00	2652.50	2652.00	2652.00	2652.00	2652.00	2652.00	2652.00	2652.00	2652.00	2652.00	2652.00	2653.00	2653.00	2653.00	2653.00	2653.00	2653.00	2653.00	2653.00	2653.00	2653.00	2653.00	2653.00	2653.00	2653.00	2653.00	2653.00	2652.50	2652.00	2652.00	2652.00	2652.00	2652.00	2651.00	2651.00	2651.00	2651.00	2651.00	2651.00	2651.00	2651.00	2651.00	2651.00	2651.00	2651.00	2651.00	2651.00	2651.00	2651.00	2651.00	2650.00	2650.00	2650.00	2650.00	2650.00	2649.00	2649.00	2649.00	2649.00	2649.00	2648.50	2648.00	2647.50	2647.00	2647.00	2646.00	2645.50	2645.00	2644.50	2644.00	2644.00	2643.00	2643.00	2642.00	2642.00	2642.00	2641.50	2641.00	2641.00	2641.00	2641.00	2641.00	2641.00	2641.00	2641.00	2640.50	2640.00	2640.00	2640.00	2640.00	2639.50	2639.00	2639.00	2638.50	2638.00	2637.00	2637.00	2636.00	2636.00	2635.50	2635.00	2635.00	2634.00	2634.00	2633.00	2633.00	2633.00	2632.50	2632.00	2631.50	2631.00	2631.00	2631.00	2630.00	2630.00	2629.00	2629.00	2629.00	2628.00	2628.00	2627.00	2627.00	2626.50	2626.00	2626.00	2625.00	2625.00	2624.00	2624.00	2623.50	2623.00	2623.00	2623.00	2622.00	2622.00
2681.50	2681.00	2680.75	2680.50	2680.50	2680.00	2680.00	2680.00	2679.75	2679.25	2679.00	2679.00	2679.00	2679.00	2678.25	2678.00	2678.00	2678.00	2677.50	2677.00	2676.25	2675.50	2675.50	2674.50	2674.25	2673.50	2672.75	2672.50	2671.50	2671.50	2671.00	2670.00	2670.00	2669.50	2669.00	2669.00	2668.00	2668.00	2667.50	2667.00	2667.00	2667.00	2667.00	2666.50	2666.00	2666.00	2665.50	2665.00	2664.75	2664.50	2664.50	2664.50	2664.00	2663.50	2663.50	2663.50	2663.25	2663.00	2662.75	2662.50	2662.50	2662.50	2662.50	2662.50	2662.50	2662.50	2662.50	2662.50	2662.50	2662.00	2661.50	2661.50	2661.00	2660.50	2660.25	2659.50	2659.50	2659.25	2658.50	2658.50	2658.50	2658.25	2658.00	2658.00	2658.00	2658.00	2657.00	2657.25	2657.50	2657.50	2657.75	2658.00	2658.25	2658.50	2658.50	2658.75	2659.00	2659.00	2659.00	2658.75	2659.00	2659.00	2659.00	2658.50	2658.00	2658.00	2658.00	2658.00	2657.25	2657.00	2656.50	2656.25	2656.00	2655.50	2655.00	2654.50	2654.00	2653.75	2653.50	2653.25	2653.00	2652.50	2652.00	2652.00	2652.00	2652.00	2652.00	2652.00	2652.00	2652.00	2652.00	2652.00	2652.50	2652.50	2652.50	2652.50	2652.50	2652.50	2652.50	2652.50	2652.50	2653.00	2653.00	2653.00	2653.00	2653.00	2652.50	2652.50	2652.25	2652.00	2652.00	2652.00	2651.75	2651.50	2651.00	2651.00	2651.00	2651.00	2651.00	2651.00	2651.00	2651.00	2651.00	2651.00	2651.00	2651.00	2651.00	2651.00	2651.00	2651.00	2650.50	2650.00	2650.00	2650.00	2650.00	2649.75	2649.00	2649.00	2649.00	2648.50	2648.50	2648.25	2647.75	2647.25	2646.75	2646.50	2646.00	2645.25	2645.00	2644.50	2644.00	2644.00	2643.00	2643.00	2642.50	2642.00	2642.00	2641.50	2641.00	2641.00	2641.00	2641.00	2641.00	2641.00	2640.50	2640.50	2640.25	2640.00	2640.00	2639.50	2639.50	2639.25	2639.00	2638.75	2638.25	2637.75	2637.00	2637.00	2636.25	2636.00	2635.50	2635.00	2634.75	2634.00	2633.50	2633.00	2633.00	2632.50	2632.25	2631.75	2631.25	2631.00	2630.50	2630.50	2629.75	2629.50	2628.50	2628.50	2628.25	2627.50	2627.25	2626.50	2626.50	2626.00	2625.50	2625.00	2624.50	2624.50	2623.50	2623.50	2623.00	2622.50	2622.25	2622.00	2621.50	2621.50
2681.00	2680.00	2680.00	2680.00	2680.00	2679.00	2679.00	2679.00	2679.00	2678.50	2678.00	2678.00	2678.00	2678.00	2677.50	2677.00	2677.00	2677.00	2676.50	2676.00	2675.50	2675.00	2675.00	2674.00	2673.50	2672.50	2672.00	2672.00	2671.00	2671.00	2671.00	2670.00	2670.00	2669.50	2669.00	2669.00	2668.00	2668.00	2668.00	2667.00	2667.00	2667.00	2667.00	2666.50	2666.00	2666.00	2665.50	2665.00	2664.50	2664.00	2664.00	2664.00	2664.00	2663.00	2663.00	2663.00	2663.00	2663.00	2662.50	2662.00	2662.00	2662.00	2662.00	2662.00	2662.00	2662.00	2662.00	2662.00	2662.00	2661.00	2661.00	2661.00	2660.50	2660.00	2660.00	2659.00	2659.00	2659.00	2658.00	2658.00	2658.00	2658.00	2658.00	2658.00	2658.00	2658.00	2657.00	2657.50	2658.00	2658.00	2658.00	2658.00	2658.50	2659.00	2659.00	2659.00	2659.00	2659.00	2659.00	2659.00	2659.00	2659.00	2659.00	2658.50	2658.00	2658.00	2658.00	2658.00	2657.50	2657.00	2657.00	2656.50	2656.00	2656.00	2655.00	2655.00	2654.00	2653.50	2653.00	2653.00	2653.00	2652.50	2652.00	2652.00	2652.00	2652.00	2652.00	2652.00	2652.00	2652.00	2652.00	2652.00	2652.00	2652.00	2652.00	2652.00	2652.00	2652.00	2652.00	2652.00	2652.00	2653.00	2653.00	2653.00	2653.00	2653.00	2652.00	2652.00	2652.00	2652.00	2652.00	2652.00	2651.50	2651.00	2651.00	2651.00	2651.00	2651.00	2651.00	2651.00	2651.00	2651.00	2651.00	2651.00	2651.00	2651.00	2651.00	2651.00	2651.00	2651.00	2650.00	2650.00	2650.00	2650.00	2650.00	2649.50	2649.00	2649.00	2649.00	2648.00	2648.00	2648.00	2647.50	2647.00	2646.50	2646.00	2646.00	2645.00	2645.00	2644.50	2644.00	2644.00	2643.00	2643.00	2643.00	2642.00	2642.00	2641.50	2641.00	2641.00	2641.00	2641.00	2641.00	2641.00	2640.00	2640.00	2640.00	2640.00	2640.00	2639.00	2639.00	2639.00	2639.00	2638.50	2638.00	2637.50	2637.00	2637.00	2636.50	2636.00	2635.50	2635.00	2634.50	2634.00	2633.00	2633.00	2633.00	2632.00	2632.00	2631.50	2631.00	2631.00	2630.00	2630.00	2629.50	2629.00	2628.00	2628.00	2627.50	2627.00	2626.50	2626.00	2626.00	2625.50	2625.00	2624.00	2624.00	2624.00	2623.00	2623.00	2622.50	2622.00	2621.50	2621.00	2621.00	2621.00
2681.00	2680.00	2680.00	2680.00	2680.00	2679.00	2679.00	2679.00	2679.00	2678.50	2678.00	2678.00	2678.00	2678.00	2677.50	2677.00	2677.00	2677.00	2676.50	2676.00	2675.50	2675.00	2675.00	2674.00	2673.50	2672.50	2672.00	2672.00	2671.00	2671.00	2671.00	2670.00	2670.00	2669.50	2669.00	2669.00	2668.00	2668.00	2668.00	2667.00	2667.00	2667.00	2667.00	2666.50	2666.00	2666.00	2665.50	2665.00	2664.50	2664.00	2664.00	2664.00	2664.00	2663.00	2663.00	2663.00	2663.00	2663.00	2662.50	2662.00	2662.00	2662.00	2662.00	2662.00	2662.00	2662.00	2662.00	2662.00	2662.00	2661.00	2661.00	2661.00	2660.50	2660.00	2660.00	2659.00	2659.00	2659.00	2658.00	2658.00	2658.00	2658.00	2658.00	2658.00	2658.00	2658.00	2657.00	2657.50	2658.00	2658.00	2658.00	2658.00	2658.50	2659.00	2659.00	2659.00	2659.00	2659.00	2659.00	2659.00	2659.00	2659.00	2659.00	2658.50	2658.00	2658.00	2658.00	2658.00	2657.50	2657.00	2657.00	2656.50	2656.00	2656.00	2655.00	2655.00	2654.00	2653.50	2653.00	2653.00	2653.00	2652.50	2652.00	2652.00	2652.00	2652.00	2652.00	2652.00	2652.00	2652.00	2652.00	2652.00	2652.00	2652.00	2652.00	2652.00	2652.00	2652.00	2652.00	2652.00	2652.00	2653.00	2653.00	2653.00	2653.00	2653.00	2652.00	2652.00	2652.00	2652.00	2652.00	2652.00	2651.50	2651.00	2651.00	2651.00	2651.00	2651.00	2651.00	2651.00	2651.00	2651.00	2651.00	2651.00	2651.00	2651.00	2651.00	2651.00	2651.00	2651.00	2650.00	2650.00	2650.00	2650.00	2650.00	2649.50	2649.00	2649.00	2649.00	2648.00	2648.00	2648.00	2647.50	2647.00	2646.50	2646.00	2646.00	2645.00	2645.00	2644.50	2644.00	2644.00	2643.00	2643.00	2643.00	2642.00	2642.00	2641.50	2641.00	2641.00	2641.00	2641.00	2641.00	2641.00	2640.00	2640.00	2640.00	2640.00	2640.00	2639.00	2639.00	2639.00	2639.00	2638.50	2638.00	2637.50	2637.00	2637.00	2636.50	2636.00	2635.50	2635.00	2634.50	2634.00	2633.00	2633.00	2633.00	2632.00	2632.00	2631.50	2631.00	2631.00	2630.00	2630.00	2629.50	2629.00	2628.00	2628.00	2627.50	2627.00	2626.50	2626.00	2626.00	2625.50	2625.00	2624.00	2624.00	2624.00	2623.00	2623.00	2622.50	2622.00	2621.50	2621.00	2621.00	2621.00
2680.00	2679.25	2679.00	2679.00	2679.00	2678.50	2678.00	2678.00	2678.00	2677.75	2677.50	2677.25	2677.00	2677.00	2676.75	2676.50	2676.25	2676.00	2675.75	2675.50	2675.00	2674.50	2674.50	2673.50	2673.25	2672.50	2671.75	2671.50	2671.00	2671.00	2670.50	2670.00	2669.50	2669.25	2669.00	2669.00	2668.00	2668.00	2668.00	2667.00	2667.00	2666.50	2666.50	2666.25	2666.00	2665.75	2665.25	2665.00	2664.50	2664.00	2664.00	2663.50	2663.50	2663.00	2663.00	2662.75	2662.50	2662.50	2662.25	2662.00	2662.00	2662.00	2662.00	2662.00	2662.00	2661.75	2661.50	2661.50	2661.50	2661.00	2660.50	2660.50	2660.25	2660.00	2660.00	2659.00	2659.00	2658.75	2658.00	2658.00	2658.00	2658.00	2658.00	2658.00	2658.00	2658.00	2657.50	2657.75	2658.00	2658.25	2658.50	2658.50	2658.75	2659.00	2659.00	2659.00	2659.00	2659.00	2659.00	2659.00	2659.00	2659.00	2659.00	2658.75	2658.00	2658.00	2658.00	2658.00	2657.25	2657.00	2656.50	2656.25	2656.00	2655.50	2655.00	2654.50	2654.00	2653.25	2653.00	2652.75	2652.50	2652.25	2652.00	2652.00	2651.50	2651.50	2651.50	2651.50	2651.50	2651.50	2651.50	2651.50	2651.50	2651.50	2651.50	2651.50	2651.50	2651.50	2651.50	2651.50	2652.00	2652.50	2652.50	2652.50	2652.50	2652.50	2652.00	2652.00	2652.00	2652.00	2652.00	2652.00	2651.50	2651.00	2651.00	2651.00	2651.00	2651.00	2651.00	2651.00	2651.00	2651.00	2651.00	2651.00	2651.00	2651.00	2651.00	2650.50	2650.50	2650.50	2650.00	2650.00	2649.75	2649.50	2649.50	2649.25	2649.00	2648.50	2648.50	2648.00	2648.00	2648.00	2647.50	2647.00	2646.50	2646.00	2646.00	2645.25	2645.00	2644.50	2644.00	2644.00	2643.50	2643.00	2643.00	2642.00	2642.00	2641.50	2641.00	2641.00	2641.00	2640.50	2640.50	2640.50	2640.00	2639.75	2639.50	2639.50	2639.50	2639.00	2638.50	2638.50	2638.50	2638.25	2637.50	2637.25	2636.50	2636.50	2636.25	2635.75	2635.25	2634.75	2634.25	2633.50	2633.00	2632.50	2632.50	2632.00	2631.75	2631.25	2630.75	2630.50	2630.00	2629.50	2629.00	2628.50	2627.50	2627.50	2627.00	2626.50	2626.00	2625.50	2625.00	2624.75	2624.25	2623.50	2623.00	2623.00	2622.50	2622.25	2621.75	2621.50	2621.00	2620.50	2620.50	2620.50
2679.00	2678.50	2678.00	2678.00	2678.00	2678.00	2677.00	2677.00	2677.00	2677.00	2677.00	2676.50	2676.00	2676.00	2676.00	2676.00	2675.50	2675.00	2675.00	2675.00	2674.50	2674.00	2674.00	2673.00	2673.00	2672.50	2671.50	2671.00	2671.00	2671.00	2670.00	2670.00	2669.00	2669.00	2669.00	2669.00	2668.00	2668.00	2668.00	2667.00	2667.00	2666.00	2666.00	2666.00	2666.00	2665.50	2665.00	2665.00	2664.50	2664.00	2664.00	2663.00	2663.00	2663.00	2663.00	2662.50	2662.00	2662.00	2662.00	2662.00	2662.00	2662.00	2662.00	2662.00	2662.00	2661.50	2661.00	2661.00	2661.00	2661.00	2660.00	2660.00	2660.00	2660.00	2660.00	2659.00	2659.00	2658.50	2658.00	2658.00	2658.00	2658.00	2658.00	2658.00	2658.00	2658.00	2658.00	2658.00	2658.00	2658.50	2659.00	2659.00	2659.00	2659.00	2659.00	2659.00	2659.00	2659.00	2659.00	2659.00	2659.00	2659.00	2659.00	2659.00	2658.00	2658.00	2658.00	2658.00	2657.00	2657.00	2656.00	2656.00	2656.00	2655.00	2655.00	2654.00	2654.00	2653.00	2653.00	2652.50	2652.00	2652.00	2652.00	2652.00	2651.00	2651.00	2651.00	2651.00	2651.00	2651.00	2651.00	2651.00	2651.00	2651.00	2651.00	2651.00	2651.00	2651.00	2651.00	2651.00	2652.00	2652.00	2652.00	2652.00	2652.00	2652.00	2652.00	2652.00	2652.00	2652.00	2652.00	2652.00	2651.50	2651.00	2651.00	2651.00	2651.00	2651.00	2651.00	2651.00	2651.00	2651.00	2651.00	2651.00	2651.00	2651.00	2651.00	2650.00	2650.00	2650.00	2650.00	2650.00	2649.50	2649.00	2649.00	2649.00	2649.00	2648.00	2648.00	2648.00	2648.00	2648.00	2647.50	2647.00	2646.50	2646.00	2646.00	2645.50	2645.00	2644.50	2644.00	2644.00	2644.00	2643.00	2643.00	2642.00	2642.00	2641.50	2641.00	2641.00	2641.00	2640.00	2640.00	2640.00	2640.00	2639.50	2639.00	2639.00	2639.00	2639.00	2638.00	2638.00	2638.00	2638.00	2637.00	2637.00	2636.00	2636.00	2636.00	2635.50	2635.00	2634.50	2634.00	2633.00	2633.00	2632.00	2632.00	2632.00	2631.50	2631.00	2630.50	2630.00	2630.00	2629.00	2628.50	2628.00	2627.00	2627.00	2626.50	2626.00	2625.50	2625.00	2624.00	2624.00	2623.50	2623.00	2622.00	2622.00	2622.00	2621.50	2621.00	2621.00	2620.50	2620.00	2620.00	2620.00
2679.00	2678.50	2678.00	2678.00	2678.00	2678.00	2677.00	2677.00	2677.00	2677.00	2677.00	2676.50	2676.00	2676.00	2676.00	2676.00	2675.50	2675.00	2675.00	2675.00	2674.50	2674.00	2674.00	2673.00	2673.00	2672.50	2671.50	2671.00	2671.00	2671.00	2670.00	2670.00	2669.00	2669.00	2669.00	2669.00	2668.00	2668.00	2668.00	2667.00	2667.00	2666.00	2666.00	2666.00	2666.00	2665.50	2665.00	2665.00	2664.50	2664.00	2664.00	2663.00	2663.00	2663.00	2663.00	2662.50	2662.00	2662.00	2662.00	2662.00	2662.00	2662.00	2662.00	2662.00	2662.00	2661.50	2661.00	2661.00	2661.00	2661.00	2660.00	2660.00	2660.00	2660.00	2660.00	2659.00	2659.00	2658.50	2658.00	2658.00	2658.00	2658.00	2658.00	2658.00	2658.00	2658.00	2658.00	2658.00	2658.00	2658.50	2659.00	2659.00	2659.00	2659.00	2659.00	2659.00	2659.00	2659.00	2659.00	2659.00	2659.00	2659.00	2659.00	2659.00	2658.00	2658.00	2658.00	2658.00	2657.00	2657.00	2656.00	2656.00	2656.00	2655.00	2655.00	2654.00	2654.00	2653.00	2653.00	2652.50	2652.00	2652.00	2652.00	2652.00	2651.00	2651.00	2651.00	2651.00	2651.00	2651.00	2651.00	2651.00	2651.00	2651.00	2651.00	2651.00	2651.00	2651.00	2651.00	2651.00	2652.00	2652.00	2652.00	2652.00	2652.00	2652.00	2652.00	2652.00	2652.00	2652.00	2652.00	2652.00	2651.50	2651.00	2651.00	2651.00	2651.00	2651.00	2651.00	2651.00	2651.00	2651.00	2651.00	2651.00	2651.00	2651.00	2651.00	2650.00	2650.00	2650.00	2650.00	2650.00	2649.50	2649.00	2649.00	2649.00	2649.00	2648.00	2648.00	2648.00	2648.00	2648.00	2647.50	2647.00	2646.50	2646.00	2646.00	2645.50	2645.00	2644.50	2644.00	2644.00	2644.00	2643.00	2643.00	2642.00	2642.00	2641.50	2641.00	2641.00	2641.00	2640.00	2640.00	2640.00	2640.00	2639.50	2639.00	2639.00	2639.00	2639.00	2638.00	2638.00	2638.00	2638.00	2637.00	2637.00	2636.00	2636.00	2636.00	2635.50	2635.00	2634.50	2634.00	2633.00	2633.00	2632.00	2632.00	2632.00	2631.50	2631.00	2630.50	2630.00	2630.00	2629.00	2628.50	2628.00	2627.00	2627.00	2626.50	2626.00	2625.50	2625.00	2624.00	2624.00	2623.50	2623.00	2622.00	2622.00	2622.00	2621.50	2621.00	2621.00	2620.50	2620.00	2620.00	2620.00
2678.00	2677.50	2677.00	2677.00	2677.00	2677.00	2676.50	2676.50	2676.50	2676.50	2676.50	2676.25	2676.00	2675.50	2675.50	2675.50	2675.25	2674.75	2674.50	2674.50	2674.25	2674.00	2673.50	2672.75	2672.50	2672.00	2671.25	2671.00	2670.50	2670.50	2670.00	2669.50	2669.00	2669.00	2669.00	2669.00	2668.25	2668.00	2668.00	2667.00	2667.00	2666.25	2666.00	2666.00	2665.50	2665.25	2665.00	2664.50	2664.25	2663.75	2663.50	2663.00	2662.75	2662.50	2662.50	2662.25	2662.00	2661.50	2661.50	2661.50	2661.50	2661.50	2661.50	2661.50	2661.50	2661.25	2661.00	2660.50	2660.50	2660.50	2660.00	2660.00	2659.75	2659.50	2659.50	2659.00	2659.00	2658.50	2658.00	2658.00	2658.00	2658.00	2658.00	2658.00	2658.00	2658.00	2658.25	2658.50	2658.50	2658.75	2659.00	2659.00	2659.00	2659.00	2659.00	2659.00	2659.00	2659.00	2659.00	2659.00	2659.00	2658.50	2658.50	2658.50	2658.00	2658.00	2657.50	2657.50	2657.00	2656.75	2656.00	2655.75	2655.50	2655.00	2654.50	2654.00	2654.00	2653.00	2653.00	2652.50	2652.00	2651.75	2651.50	2651.50	2651.00	2651.00	2650.50	2650.50	2650.50	2650.50	2650.50	2650.50	2650.50	2650.50	2650.50	2650.50	2650.50	2650.50	2651.00	2651.00	2651.50	2651.50	2651.50	2651.50	2651.50	2651.50	2651.50	2651.50	2651.50	2651.50	2651.50	2651.50	2651.25	2651.00	2651.00	2651.00	2651.00	2651.00	2651.00	2651.00	2651.00	2651.00	2651.00	2651.00	2650.75	2650.50	2650.50	2650.00	2650.00	2649.50	2649.50	2649.50	2649.25	2648.75	2648.50	2648.50	2648.50	2648.00	2648.00	2647.50	2647.50	2647.50	2647.25	2646.75	2646.25	2646.00	2646.00	2645.50	2645.00	2644.50	2644.00	2644.00	2644.00	2643.00	2643.00	2642.00	2642.00	2641.50	2640.75	2640.50	2640.50	2640.00	2639.75	2639.50	2639.50	2639.25	2638.75	2638.50	2638.50	2638.00	2637.50	2637.50	2637.50	2637.25	2636.50	2636.50	2636.00	2635.50	2635.50	2635.25	2634.75	2634.25	2633.75	2633.00	2632.50	2632.00	2632.00	2631.50	2631.25	2630.75	2630.00	2629.50	2629.50	2628.50	2628.00	2627.50	2626.50	2626.25	2625.75	2625.50	2624.75	2624.00	2623.50	2623.00	2622.75	2622.00	2621.50	2621.50	2621.50	2621.00	2620.50	2620.50	2619.75	2619.50	2619.50	2619.50
2677.00	2676.50	2676.00	2676.00	2676.00	2676.00	2676.00	2676.00	2676.00	2676.00	2676.00	2676.00	2676.00	2675.00	2675.00	2675.00	2675.00	2674.50	2674.00	2674.00	2674.00	2674.00	2673.00	2672.50	2672.00	2671.50	2671.00	2671.00	2670.00	2670.00	2670.00	2669.00	2669.00	2669.00	2669.00	2669.00	2668.50	2668.00	2668.00	2667.00	2667.00	2666.50	2666.00	2666.00	2665.00	2665.00	2665.00	2664.00	2664.00	2663.50	2663.00	2663.00	2662.50	2662.00	2662.00	2662.00	2662.00	2661.00	2661.00	2661.00	2661.00	2661.00	2661.00	2661.00	2661.00	2661.00	2661.00	2660.00	2660.00	2660.00	2660.00	2660.00	2659.50	2659.00	2659.00	2659.00	2659.00	2658.50	2658.00	2658.00	2658.00	2658.00	2658.00	2658.00	2658.00	2658.00	2658.50	2659.00	2659.00	2659.00	2659.00	2659.00	2659.00	2659.00	2659.00	2659.00	2659.00	2659.00	2659.00	2659.00	2659.00	2658.00	2658.00	2658.00	2658.00	2658.00	2657.00	2657.00	2657.00	2656.50	2656.00	2655.50	2655.00	2655.00	2654.00	2654.00	2654.00	2653.00	2653.00	2652.50	2652.00	2651.50	2651.00	2651.00	2651.00	2651.00	2650.00	2650.00	2650.00	2650.00	2650.00	2650.00	2650.00	2650.00	2650.00	2650.00	2650.00	2650.00	2651.00	2651.00	2651.00	2651.00	2651.00	2651.00	2651.00	2651.00	2651.00	2651.00	2651.00	2651.00	2651.00	2651.00	2651.00	2651.00	2651.00	2651.00	2651.00	2651.00	2651.00	2651.00	2651.00	2651.00	2651.00	2651.00	2650.50	2650.00	2650.00	2650.00	2650.00	2649.00	2649.00	2649.00	2649.00	2648.50	2648.00	2648.00	2648.00	2648.00	2648.00	2647.00	2647.00	2647.00	2647.00	2646.50	2646.00	2646.00	2646.00	2645.50	2645.00	2644.50	2644.00	2644.00	2644.00	2643.00	2643.00	2642.00	2642.00	2641.50	2640.50	2640.00	2640.00	2640.00	2639.50	2639.00	2639.00	2639.00	2638.50	2638.00	2638.00	2637.00	2637.00	2637.00	2637.00	2636.50	2636.00	2636.00	2636.00	2635.00	2635.00	2635.00	2634.50	2634.00	2633.50	2633.00	2632.00	2632.00	2632.00	2631.00	2631.00	2630.50	2629.50	2629.00	2629.00	2628.00	2627.50	2627.00	2626.00	2625.50	2625.00	2625.00	2624.00	2623.00	2623.00	2622.00	2622.00	2621.00	2621.00	2621.00	2621.00	2620.50	2620.00	2620.00	2619.00	2619.00	2619.00	2619.00
2677.00	2676.50	2676.00	2676.00	2676.00	2676.00	2676.00	2676.00	2676.00	2676.00	2676.00	2676.00	2676.00	2675.00	2675.00	2675.00	2675.00	2674.50	2674.00	2674.00	2674.00	2674.00	2673.00	2672.50	2672.00	2671.50	2671.00	2671.00	2670.00	2670.00	2670.00	2669.00	2669.00	2669.00	2669.00	2669.00	2668.50	2668.00	2668.00	2667.00	2667.00	2666.50	2666.00	2666.00	2665.00	2665.00	2665.00	2664.00	2664.00	2663.50	2663.00	2663.00	2662.50	2662.00	2662.00	2662.00	2662.00	2661.00	2661.00	2661.00	2661.00	2661.00	2661.00	2661.00	2661.00	2661.00	2661.00	2660.00	2660.00	2660.00	2660.00	2660.00	2659.50	2659.00	2659.00	2659.00	2659.00	2658.50	2658.00	2658.00	2658.00	2658.00	2658.00	2658.00	2658.00	2658.00	2658.50	2659.00	2659.00	2659.00	2659.00	2659.00	2659.00	2659.00	2659.00	2659.00	2659.00	2659.00	2659.00	2659.00	2659.00	2658.00	2658.00	2658.00	2658.00	2658.00	2657.00	2657.00	2657.00	2656.50	2656.00	2655.50	2655.00	2655.00	2654.00	2654.00	2654.00	2653.00	2653.00	2652.50	2652.00	2651.50	2651.00	2651.00	2651.00	2651.00	2650.00	2650.00	2650.00	2650.00	2650.00	2650.00	2650.00	2650.00	2650.00	2650.00	2650.00	2650.00	2651.00	2651.00	2651.00	2651.00	2651.00	2651.00	2651.00	2651.00	2651.00	2651.00	2651.00	2651.00	2651.00	2651.00	2651.00	2651.00	2651.00	2651.00	2651.00	2651.00	2651.00	2651.00	2651.00	2651.00	2651.00	2651.00	2650.50	2650.00	2650.00	2650.00	2650.00	2649.00	2649.00	2649.00	2649.00	2648.50	2648.00	2648.00	2648.00	2648.00	2648.00	2647.00	2647.00	2647.00	2647.00	2646.50	2646.00	2646.00	2646.00	2645.50	2645.00	2644.50	2644.00	2644.00	2644.00	2643.00	2643.00	2642.00	2642.00	2641.50	2640.50	2640.00	2640.00	2640.00	2639.50	2639.00	2639.00	2639.00	2638.50	2638.00	2638.00	2637.00	2637.00	2637.00	2637.00	2636.50	2636.00	2636.00	2636.00	2635.00	2635.00	2635.00	2634.50	2634.00	2633.50	2633.00	2632.00	2632.00	2632.00	2631.00	2631.00	2630.50	2629.50	2629.00	2629.00	2628.00	2627.50	2627.00	2626.00	2625.50	2625.00	2625.00	2624.00	2623.00	2623.00	2622.00	2622.00	2621.00	2621.00	2621.00	2621.00	2620.50	2620.00	2620.00	2619.00	2619.00	2619.00	2619.00
2677.00	2676.50	2676.00	2676.00	2676.00	2676.00	2676.00	2676.00	2676.00	2676.00	2676.00	2676.00	2676.00	2675.00	2675.00	2675.00	2675.00	2674.50	2674.00	2674.00	2674.00	2674.00	2673.00	2672.50	2672.00	2671.50	2671.00	2671.00	2670.00	2670.00	2670.00	2669.00	2669.00	2669.00	2669.00	2669.00	2668.50	2668.00	2668.00	2667.00	2667.00	2666.50	2666.00	2666.00	2665.00	2665.00	2665.00	2664.00	2664.00	2663.50	2663.00	2663.00	2662.50	2662.00	2662.00	2662.00	2662.00	2661.00	2661.00	2661.00	2661.00	2661.00	2661.00	2661.00	2661.00	2661.00	2661.00	2660.00	2660.00	2660.00	2660.00	2660.00	2659.50	2659.00	2659.00	2659.00	2659.00	2658.50	2658.00	2658.00	2658.00	2658.00	2658.00	2658.00	2658.00	2658.00	2658.50	2659.00	2659.00	2659.00	2659.00	2659.00	2659.00	2659.00	2659.00	2659.00	2659.00	2659.00	2659.00	2659.00	2659.00	2658.00	2658.00	2658.00	2658.00	2658.00	2657.00	2657.00	2657.00	2656.50	2656.00	2655.50	2655.00	2655.00	2654.00	2654.00	2654.00	2653.00	2653.00	2652.50	2652.00	2651.50	2651.00	2651.00	2651.00	2651.00	2650.00	2650.00	2650.00	2650.00	2650.00	2650.00	2650.00	2650.00	2650.00	2650.00	2650.00	2650.00	2651.00	2651.00	2651.00	2651.00	2651.00	2651.00	2651.00	2651.00	2651.00	2651.00	2651.00	2651.00	2651.00	2651.00	2651.00	2651.00	2651.00	2651.00	2651.00	2651.00	2651.00	2651.00	2651.00	2651.00	2651.00	2651.00	2650.50	2650.00	2650.00	2650.00	2650.00	2649.00	2649.00	2649.00	2649.00	2648.50	2648.00	2648.00	2648.00	2648.00	2648.00	2647.00	2647.00	2647.00	2647.00	2646.50	2646.00	2646.00	2646.00	2645.50	2645.00	2644.50	2644.00	2644.00	2644.00	2643.00	2643.00	2642.00	2642.00	2641.50	2640.50	2640.00	2640.00	2640.00	2639.50	2639.00	2639.00	2639.00	2638.50	2638.00	2638.00	2637.00	2637.00	2637.00	2637.00	2636.50	2636.00	2636.00	2636.00	2635.00	2635.00	2635.00	2634.50	2634.00	2633.50	2633.00	2632.00	2632.00	2632.00	2631.00	2631.00	2630.50	2629.50	2629.00	2629.00	2628.00	2627.50	2627.00	2626.00	2625.50	2625.00	2625.00	2624.00	2623.00	2623.00	2622.00	2622.00	2621.00	2621.00	2621.00	2621.00	2620.50	2620.00	2620.00	2619.00	2619.00	2619.00	2619.00
2675.00	2675.00	2675.00	2675.00	2675.00	2675.00	2675.00	2675.00	2675.00	2675.00	2675.00	2675.00	2675.00	2675.00	2675.00	2674.00	2674.00	2674.00	2674.00	2674.00	2673.50	2673.00	2673.00	2672.50	2672.00	2671.50	2671.00	2671.00	2671.00	2670.00	2670.00	2669.00	2669.00	2669.00	2668.50	2668.00	2668.00	2668.00	2667.00	2667.00	2666.50	2666.00	2666.00	2665.50	2665.00	2664.50	2664.00	2664.00	2663.50	2663.00	2662.00	2662.00	2662.00	2662.00	2661.00	2661.00	2661.00	2661.00	2661.00	2660.00	2660.00	2660.00	2660.00	2660.00	2660.00	2660.00	2660.00	2660.00	2660.00	2660.00	2660.00	2660.00	2659.50	2659.00	2659.00	2659.00	2659.00	2659.00	2659.00	2659.00	2659.00	2659.00	2659.00	2659.00	2659.00	2659.00	2659.00	2659.00	2658.50	2658.00	2658.00	2658.00	2658.50	2658.00	2658.00	2658.00	2658.00	2658.00	2658.00	2658.00	2658.00	2658.00	2658.00	2657.50	2657.00	2657.00	2657.00	2657.00	2656.00	2656.00	2655.00	2654.50	2654.00	2654.00	2654.00	2653.00	2653.00	2652.00	2652.00	2651.50	2651.00	2651.00	2651.00	2650.00	2650.00	2650.00	2650.00	2649.50	2649.00	2649.00	2649.00	2649.00	2649.00	2649.00	2649.00	2649.50	2650.00	2650.00	2650.00	2650.00	2650.00	2651.00	2651.00	2651.00	2651.00	2651.00	2651.00	2651.00	2651.00	2651.00	2651.00	2651.00	2651.00	2651.00	2651.00	2651.00	2651.00	2650.00	2650.00	2650.00	2650.00	2650.00	2650.00	2650.00	2650.00	2650.00	2649.50	2649.00	2649.00	2649.00	2649.00	2648.50	2648.00	2648.00	2648.00	2648.00	2647.00	2647.00	2647.00	2647.00	2646.50	2646.00	2646.00	2646.00	2646.00	2646.00	2645.00	2645.00	2645.00	2645.00	2644.50	2644.00	2644.00	2643.00	2643.00	2642.00	2641.50	2641.00	2640.00	2640.00	2639.50	2639.00	2639.00	2638.50	2638.00	2638.00	2637.50	2637.00	2637.00	2636.00	2636.00	2636.00	2636.00	2636.00	2635.50	2635.00	2635.00	2635.00	2634.00	2634.00	2633.50	2633.00	2633.00	2632.00	2632.00	2631.00	2631.00	2630.50	2630.00	2629.50	2628.50	2628.00	2627.00	2627.00	2626.00	2625.50	2624.50	2624.00	2623.50	2623.00	2622.00	2622.00	2621.00	2621.00	2620.50	2620.00	2620.00	2620.00	2619.00	2619.00	2619.00	2619.00	2618.50	2618.00	2618.00	2618.00
2675.00	2675.00	2675.00	2675.00	2675.00	2675.00	2675.00	2675.00	2675.00	2675.00	2675.00	2675.00	2675.00	2675.00	2675.00	2674.00	2674.00	2674.00	2674.00	2674.00	2673.50	2673.00	2673.00	2672.50	2672.00	2671.50	2671.00	2671.00	2671.00	2670.00	2670.00	2669.00	2669.00	2669.00	2668.50	2668.00	2668.00	2668.00	2667.00	2667.00	2666.50	2666.00	2666.00	2665.50	2665.00	2664.50	2664.00	2664.00	2663.50	2663.00	2662.00	2662.00	2662.00	2662.00	2661.00	2661.00	2661.00	2661.00	2661.00	2660.00	2660.00	2660.00	2660.00	2660.00	2660.00	2660.00	2660.00	2660.00	2660.00	2660.00	2660.00	2660.00	2659.50	2659.00	2659.00	2659.00	2659.00	2659.00	2659.00	2659.00	2659.00	2659.00	2659.00	2659.00	2659.00	2659.00	2659.00	2659.00	2658.50	2658.00	2658.00	2658.00	2658.50	2658.00	2658.00	2658.00	2658.00	2658.00	2658.00	2658.00	2658.00	2658.00	2658.00	2657.50	2657.00	2657.00	2657.00	2657.00	2656.00	2656.00	2655.00	2654.50	2654.00	2654.00	2654.00	2653.00	2653.00	2652.00	2652.00	2651.50	2651.00	2651.00	2651.00	2650.00	2650.00	2650.00	2650.00	2649.50	2649.00	2649.00	2649.00	2649.00	2649.00	2649.00	2649.00	2649.50	2650.00	2650.00	2650.00	2650.00	2650.00	2651.00	2651.00	2651.00	2651.00	2651.00	2651.00	2651.00	2651.00	2651.00	2651.00	2651.00	2651.00	2651.00	2651.00	2651.00	2651.00	2650.00	2650.00	2650.00	2650.00	2650.00	2650.00	2650.00	2650.00	2650.00	2649.50	2649.00	2649.00	2649.00	2649.00	2648.50	2648.00	2648.00	2648.00	2648.00	2647.00	2647.00	2647.00	2647.00	2646.50	2646.00	2646.00	2646.00	2646.00	2646.00	2645.00	2645.00	2645.00	2645.00	2644.50	2644.00	2644.00	2643.00	2643.00	2642.00	2641.50	2641.00	2640.00	2640.00	2639.50	2639.00	2639.00	2638.50	2638.00	2638.00	2637.50	2637.00	2637.00	2636.00	2636.00	2636.00	2636.00	2636.00	2635.50	2635.00	2635.00	2635.00	2634.00	2634.00	2633.50	2633.00	2633.00	2632.00	2632.00	2631.00	2631.00	2630.50	2630.00	2629.50	2628.50	2628.00	2627.00	2627.00	2626.00	2625.50	2624.50	2624.00	2623.50	2623.00	2622.00	2622.00	2621.00	2621.00	2620.50	2620.00	2620.00	2620.00	2619.00	2619.00	2619.00	2619.00	2618.50	2618.00	2618.00	2618.00
2675.00	2675.00	2675.00	2675.00	2675.00	2675.00	2675.00	2675.00	2675.00	2675.00	2675.00	2675.00	2675.00	2675.00	2675.00	2674.00	2674.00	2674.00	2674.00	2674.00	2673.50	2673.00	2673.00	2672.50	2672.00	2671.50	2671.00	2671.00	2671.00	2670.00	2670.00	2669.00	2669.00	2669.00	2668.50	2668.00	2668.00	2668.00	2667.00	2667.00	2666.50	2666.00	2666.00	2665.50	2665.00	2664.50	2664.00	2664.00	2663.50	2663.00	2662.00	2662.00	2662.00	2662.00	2661.00	2661.00	2661.00	2661.00	2661.00	2660.00	2660.00	2660.00	2660.00	2660.00	2660.00	2660.00	2660.00	2660.00	2660.00	2660.00	2660.00	2660.00	2659.50	2659.00	2659.00	2659.00	2659.00	2659.00	2659.00	2659.00	2659.00	2659.00	2659.00	2659.00	2659.00	2659.00	2659.00	2659.00	2658.50	2658.00	2658.00	2658.00	2658.50	2658.00	2658.00	2658.00	2658.00	2658.00	2658.00	2658.00	2658.00	2658.00	2658.00	2657.50	2657.00	2657.00	2657.00	2657.00	2656.00	2656.00	2655.00	2654.50	2654.00	2654.00	2654.00	2653.00	2653.00	2652.00	2652.00	2651.50	2651.00	2651.00	2651.00	2650.00	2650.00	2650.00	2650.00	2649.50	2649.00	2649.00	2649.00	2649.00	2649.00	2649.00	2649.00	2649.50	2650.00	2650.00	2650.00	2650.00	2650.00	2651.00	2651.00	2651.00	2651.00	2651.00	2651.00	2651.00	2651.00	2651.00	2651.00	2651.00	2651.00	2651.00	2651.00	2651.00	2651.00	2650.00	2650.00	2650.00	2650.00	2650.00	2650.00	2650.00	2650.00	2650.00	2649.50	2649.00	2649.00	2649.00	2649.00	2648.50	2648.00	2648.00	2648.00	2648.00	2647.00	2647.00	2647.00	2647.00	2646.50	2646.00	2646.00	2646.00	2646.00	2646.00	2645.00	2645.00	2645.00	2645.00	2644.50	2644.00	2644.00	2643.00	2643.00	2642.00	2641.50	2641.00	2640.00	2640.00	2639.50	2639.00	2639.00	2638.50	2638.00	2638.00	2637.50	2637.00	2637.00	2636.00	2636.00	2636.00	2636.00	2636.00	2635.50	2635.00	2635.00	2635.00	2634.00	2634.00	2633.50	2633.00	2633.00	2632.00	2632.00	2631.00	2631.00	2630.50	2630.00	2629.50	2628.50	2628.00	2627.00	2627.00	2626.00	2625.50	2624.50	2624.00	2623.50	2623.00	2622.00	2622.00	2621.00	2621.00	2620.50	2620.00	2620.00	2620.00	2619.00	2619.00	2619.00	2619.00	2618.50	2618.00	2618.00	2618.00
2674.50	2674.50	2674.50	2674.50	2674.50	2675.00	2675.00	2675.00	2675.00	2675.00	2675.00	2675.00	2675.00	2675.00	2675.00	2674.50	2674.50	2674.25	2674.00	2674.00	2673.75	2673.50	2673.00	2672.75	2672.25	2671.50	2671.00	2671.00	2671.00	2670.00	2670.00	2669.00	2669.00	2669.00	2668.50	2668.00	2667.75	2667.50	2667.00	2666.75	2666.25	2665.75	2665.50	2665.25	2664.50	2664.25	2664.00	2663.50	2663.25	2662.75	2662.00	2662.00	2661.75	2661.50	2661.00	2661.00	2661.00	2660.50	2660.50	2660.00	2660.00	2660.00	2660.00	2660.00	2660.00	2660.00	2660.00	2660.00	2660.00	2660.00	2660.00	2660.00	2659.50	2659.00	2659.00	2659.00	2659.00	2659.00	2659.00	2659.00	2659.00	2658.75	2658.50	2658.50	2658.50	2658.50	2658.50	2658.50	2658.25	2658.00	2658.00	2658.00	2658.25	2658.00	2658.00	2657.75	2657.50	2657.50	2657.50	2657.50	2657.50	2657.50	2657.50	2657.25	2657.00	2656.75	2656.50	2656.50	2655.75	2655.50	2654.75	2654.25	2653.75	2653.50	2653.50	2652.50	2652.50	2651.75	2651.50	2651.25	2650.50	2650.50	2650.50	2650.00	2649.75	2649.50	2649.50	2649.25	2649.00	2649.00	2649.00	2649.00	2649.00	2649.00	2649.00	2649.50	2650.00	2650.00	2650.00	2650.00	2650.00	2651.00	2651.00	2651.00	2651.00	2651.00	2651.00	2651.00	2651.00	2651.00	2651.00	2651.00	2651.00	2651.00	2651.00	2651.00	2651.00	2650.00	2650.00	2650.00	2650.00	2650.00	2650.00	2649.50	2649.50	2649.50	2649.25	2649.00	2648.75	2648.50	2648.50	2648.25	2648.00	2647.50	2647.50	2647.50	2647.00	2647.00	2646.50	2646.50	2646.25	2646.00	2646.00	2645.50	2645.50	2645.50	2645.00	2644.75	2644.50	2644.50	2644.25	2644.00	2643.50	2642.75	2642.50	2642.00	2641.25	2640.75	2639.75	2639.50	2639.25	2638.50	2638.50	2638.00	2637.50	2637.25	2636.75	2636.50	2636.00	2635.50	2635.50	2635.50	2635.50	2635.25	2634.75	2634.50	2634.50	2634.50	2633.50	2633.50	2633.25	2632.75	2632.50	2632.00	2632.00	2631.00	2630.50	2630.00	2629.50	2629.00	2628.00	2627.25	2626.50	2626.00	2625.25	2624.75	2623.75	2623.25	2622.75	2622.00	2621.50	2621.00	2620.50	2620.50	2620.25	2619.50	2619.50	2619.50	2619.00	2618.75	2618.50	2618.50	2618.25	2618.00	2618.00	2618.00
2674.00	2674.00	2674.00	2674.00	2674.00	2675.00	2675.00	2675.00	2675.00	2675.00	2675.00	2675.00	2675.00	2675.00	2675.00	2675.00	2675.00	2674.50	2674.00	2674.00	2674.00	2674.00	2673.00	2673.00	2672.50	2671.50	2671.00	2671.00	2671.00	2670.00	2670.00	2669.00	2669.00	2669.00	2668.50	2668.00	2667.50	2667.00	2667.00	2666.50	2666.00	2665.50	2665.00	2665.00	2664.00	2664.00	2664.00	2663.00	2663.00	2662.50	2662.00	2662.00	2661.50	2661.00	2661.00	2661.00	2661.00	2660.00	2660.00	2660.00	2660.00	2660.00	2660.00	2660.00	2660.00	2660.00	2660.00	2660.00	2660.00	2660.00	2660.00	2660.00	2659.50	2659.00	2659.00	2659.00	2659.00	2659.00	2659.00	2659.00	2659.00	2658.50	2658.00	2658.00	2658.00	2658.00	2658.00	2658.00	2658.00	2658.00	2658.00	2658.00	2658.00	2658.00	2658.00	2657.50	2657.00	2657.00	2657.00	2657.00	2657.00	2657.00	2657.00	2657.00	2657.00	2656.50	2656.00	2656.00	2655.50	2655.00	2654.50	2654.00	2653.50	2653.00	2653.00	2652.00	2652.00	2651.50	2651.00	2651.00	2650.00	2650.00	2650.00	2650.00	2649.50	2649.00	2649.00	2649.00	2649.00	2649.00	2649.00	2649.00	2649.00	2649.00	2649.00	2649.50	2650.00	2650.00	2650.00	2650.00	2650.00	2651.00	2651.00	2651.00	2651.00	2651.00	2651.00	2651.00	2651.00	2651.00	2651.00	2651.00	2651.00	2651.00	2651.00	2651.00	2651.00	2650.00	2650.00	2650.00	2650.00	2650.00	2650.00	2649.00	2649.00	2649.00	2649.00	2649.00	2648.50	2648.00	2648.00	2648.00	2648.00	2647.00	2647.00	2647.00	2647.00	2647.00	2646.00	2646.00	2646.00	2646.00	2646.00	2645.00	2645.00	2645.00	2645.00	2644.50	2644.00	2644.00	2644.00	2644.00	2643.00	2642.50	2642.00	2642.00	2641.00	2640.50	2639.50	2639.00	2639.00	2638.00	2638.00	2637.50	2637.00	2636.50	2636.00	2636.00	2635.00	2635.00	2635.00	2635.00	2635.00	2634.50	2634.00	2634.00	2634.00	2634.00	2633.00	2633.00	2633.00	2632.50	2632.00	2632.00	2632.00	2631.00	2630.00	2629.50	2629.00	2628.50	2627.50	2626.50	2626.00	2625.00	2624.50	2624.00	2623.00	2622.50	2622.00	2621.00	2621.00	2620.00	2620.00	2620.00	2620.00	2619.00	2619.00	2619.00	2619.00	2618.50	2618.00	2618.00	2618.00	2618.00	2618.00	2618.00
2674.00	2674.00	2674.00	2674.00	2674.00	2675.00	2675.00	2675.00	2675.00	2675.00	2675.00	2675.00	2675.00	2675.00	2675.00	2675.00	2675.00	2674.50	2674.00	2674.00	2674.00	2674.00	2673.00	2673.00	2672.50	2671.50	2671.00	2671.00	2671.00	2670.00	2670.00	2669.00	2669.00	2669.00	2668.50	2668.00	2667.50	2667.00	2667.00	2666.50	2666.00	2665.50	2665.00	2665.00	2664.00	2664.00	2664.00	2663.00	2663.00	2662.50	2662.00	2662.00	2661.50	2661.00	2661.00	2661.00	2661.00	2660.00	2660.00	2660.00	2660.00	2660.00	2660.00	2660.00	2660.00	2660.00	2660.00	2660.00	2660.00	2660.00	2660.00	2660.00	2659.50	2659.00	2659.00	2659.00	2659.00	2659.00	2659.00	2659.00	2659.00	2658.50	2658.00	2658.00	2658.00	2658.00	2658.00	2658.00	2658.00	2658.00	2658.00	2658.00	2658.00	2658.00	2658.00	2657.50	2657.00	2657.00	2657.00	2657.00	2657.00	2657.00	2657.00	2657.00	2657.00	2656.50	2656.00	2656.00	2655.50	2655.00	2654.50	2654.00	2653.50	2653.00	2653.00	2652.00	2652.00	2651.50	2651.00	2651.00	2650.00	2650.00	2650.00	2650.00	2649.50	2649.00	2649.00	2649.00	2649.00	2649.00	2649.00	2649.00	2649.00	2649.00	2649.00	2649.50	2650.00	2650.00	2650.00	2650.00	2650.00	2651.00	2651.00	2651.00	2651.00	2651.00	2651.00	2651.00	2651.00	2651.00	2651.00	2651.00	2651.00	2651.00	2651.00	2651.00	2651.00	2650.00	2650.00	2650.00	2650.00	2650.00	2650.00	2649.00	2649.00	2649.00	2649.00	2649.00	2648.50	2648.00	2648.00	2648.00	2648.00	2647.00	2647.00	2647.00	2647.00	2647.00	2646.00	2646.00	2646.00	2646.00	2646.00	2645.00	2645.00	2645.00	2645.00	2644.50	2644.00	2644.00	2644.00	2644.00	2643.00	2642.50	2642.00	2642.00	2641.00	2640.50	2639.50	2639.00	2639.00	2638.00	2638.00	2637.50	2637.00	2636.50	2636.00	2636.00	2635.00	2635.00	2635.00	2635.00	2635.00	2634.50	2634.00	2634.00	2634.00	2634.00	2633.00	2633.00	2633.00	2632.50	2632.00	2632.00	2632.00	2631.00	2630.00	2629.50	2629.00	2628.50	2627.50	2626.50	2626.00	2625.00	2624.50	2624.00	2623.00	2622.50	2622.00	2621.00	2621.00	2620.00	2620.00	2620.00	2620.00	2619.00	2619.00	2619.00	2619.00	2618.50	2618.00	2618.00	2618.00	2618.00	2618.00	2618.00
2674.00	2674.00	2674.00	2674.00	2674.00	2675.00	2675.00	2675.00	2675.00	2675.00	2675.00	2675.00	2675.00	2675.00	2675.00	2675.00	2675.00	2674.50	2674.00	2674.00	2674.00	2674.00	2673.00	2673.00	2672.50	2671.50	2671.00	2671.00	2671.00	2670.00	2670.00	2669.00	2669.00	2669.00	2668.50	2668.00	2667.50	2667.00	2667.00	2666.50	2666.00	2665.50	2665.00	2665.00	2664.00	2664.00	2664.00	2663.00	2663.00	2662.50	2662.00	2662.00	2661.50	2661.00	2661.00	2661.00	2661.00	2660.00	2660.00	2660.00	2660.00	2660.00	2660.00	2660.00	2660.00	2660.00	2660.00	2660.00	2660.00	2660.00	2660.00	2660.00	2659.50	2659.00	2659.00	2659.00	2659.00	2659.00	2659.00	2659.00	2659.00	2658.50	2658.00	2658.00	2658.00	2658.00	2658.00	2658.00	2658.00	2658.00	2658.00	2658.00	2658.00	2658.00	2658.00	2657.50	2657.00	2657.00	2657.00	2657.00	2657.00	2657.00	2657.00	2657.00	2657.00	2656.50	2656.00	2656.00	2655.50	2655.00	2654.50	2654.00	2653.50	2653.00	2653.00	2652.00	2652.00	2651.50	2651.00	2651.00	2650.00	2650.00	2650.00	2650.00	2649.50	2649.00	2649.00	2649.00	2649.00	2649.00	2649.00	2649.00	2649.00	2649.00	2649.00	2649.50	2650.00	2650.00	2650.00	2650.00	2650.00	2651.00	2651.00	2651.00	2651.00	2651.00	2651.00	2651.00	2651.00	2651.00	2651.00	2651.00	2651.00	2651.00	2651.00	2651.00	2651.00	2650.00	2650.00	2650.00	2650.00	2650.00	2650.00	2649.00	2649.00	2649.00	2649.00	2649.00	2648.50	2648.00	2648.00	2648.00	2648.00	2647.00	2647.00	2647.00	2647.00	2647.00	2646.00	2646.00	2646.00	2646.00	2646.00	2645.00	2645.00	2645.00	2645.00	2644.50	2644.00	2644.00	2644.00	2644.00	2643.00	2642.50	2642.00	2642.00	2641.00	2640.50	2639.50	2639.00	2639.00	2638.00	2638.00	2637.50	2637.00	2636.50	2636.00	2636.00	2635.00	2635.00	2635.00	2635.00	2635.00	2634.50	2634.00	2634.00	2634.00	2634.00	2633.00	2633.00	2633.00	2632.50	2632.00	2632.00	2632.00	2631.00	2630.00	2629.50	2629.00	2628.50	2627.50	2626.50	2626.00	2625.00	2624.50	2624.00	2623.00	2622.50	2622.00	2621.00	2621.00	2620.00	2620.00	2620.00	2620.00	2619.00	2619.00	2619.00	2619.00	2618.50	2618.00	2618.00	2618.00	2618.00	2618.00	2618.00
2674.00	2674.00	2674.00	2674.00	2675.00	2675.00	2675.00	2675.50	2676.00	2676.00	2676.00	2676.00	2676.00	2676.00	2676.00	2676.00	2675.50	2675.00	2675.00	2675.00	2675.00	2674.00	2674.00	2673.50	2673.00	2672.50	2672.00	2671.50	2671.00	2670.00	2670.00	2669.00	2669.00	2668.50	2668.00	2667.00	2667.00	2666.00	2666.00	2665.50	2665.00	2664.50	2664.00	2664.00	2664.00	2663.00	2663.00	2663.00	2662.50	2662.00	2662.00	2662.00	2661.50	2661.00	2661.00	2661.00	2661.00	2661.00	2661.00	2661.00	2660.00	2660.00	2660.00	2660.00	2660.00	2660.00	2660.00	2660.00	2660.00	2660.00	2660.00	2660.00	2659.50	2659.00	2659.00	2659.00	2659.00	2659.00	2659.00	2659.00	2659.00	2658.50	2658.00	2658.00	2658.00	2658.00	2658.00	2657.50	2657.00	2657.00	2657.00	2657.00	2657.00	2657.00	2657.00	2657.00	2657.00	2657.00	2657.00	2657.00	2657.00	2657.00	2656.50	2656.00	2656.00	2656.00	2655.00	2655.00	2654.50	2654.00	2653.50	2653.00	2653.00	2652.00	2652.00	2651.00	2651.00	2651.00	2650.50	2650.00	2650.00	2649.50	2649.00	2649.00	2649.00	2649.00	2649.00	2649.00	2649.00	2649.00	2649.00	2649.00	2649.00	2649.00	2649.00	2649.50	2650.00	2650.00	2650.00	2650.00	2650.00	2651.00	2651.00	2651.00	2651.00	2651.00	2651.50	2652.00	2652.00	2651.50	2651.00	2651.00	2651.00	2651.00	2651.00	2650.50	2650.00	2650.00	2650.00	2650.00	2650.00	2649.00	2649.00	2649.00	2649.00	2648.50	2648.00	2648.00	2648.00	2648.00	2647.00	2647.00	2647.00	2647.00	2647.00	2646.50	2646.00	2646.00	2646.00	2646.00	2645.00	2645.00	2645.00	2645.00	2645.00	2644.00	2644.00	2644.00	2644.00	2643.50	2643.00	2643.00	2643.00	2642.00	2642.00	2641.00	2640.50	2640.00	2639.00	2638.50	2638.00	2638.00	2637.00	2636.50	2636.00	2635.50	2635.00	2635.00	2635.00	2634.00	2634.00	2634.00	2634.00	2633.50	2633.00	2633.00	2633.00	2633.00	2632.50	2632.00	2632.00	2632.00	2631.50	2631.00	2631.00	2630.00	2629.00	2628.50	2628.00	2627.50	2626.50	2625.50	2625.00	2624.00	2623.00	2622.50	2621.50	2621.00	2621.00	2620.00	2620.00	2619.00	2619.00	2618.50	2618.00	2618.00	2618.00	2618.00	2618.00	2618.00	2618.00	2618.00	2618.00	2618.00	2618.00	2618.00
2674.00	2674.00	2674.00	2674.00	2675.00	2675.00	2675.00	2675.50	2676.00	2676.00	2676.00	2676.00	2676.00	2676.00	2676.00	2676.00	2675.50	2675.00	2675.00	2675.00	2675.00	2674.00	2674.00	2673.50	2673.00	2672.50	2672.00	2671.50	2671.00	2670.00	2670.00	2669.00	2669.00	2668.50	2668.00	2667.00	2667.00	2666.00	2666.00	2665.50	2665.00	2664.50	2664.00	2664.00	2664.00	2663.00	2663.00	2663.00	2662.50	2662.00	2662.00	2662.00	2661.50	2661.00	2661.00	2661.00	2661.00	2661.00	2661.00	2661.00	2660.00	2660.00	2660.00	2660.00	2660.00	2660.00	2660.00	2660.00	2660.00	2660.00	2660.00	2660.00	2659.50	2659.00	2659.00	2659.00	2659.00	2659.00	2659.00	2659.00	2659.00	2658.50	2658.00	2658.00	2658.00	2658.00	2658.00	2657.50	2657.00	2657.00	2657.00	2657.00	2657.00	2657.00	2657.00	2657.00	2657.00	2657.00	2657.00	2657.00	2657.00	2657.00	2656.50	2656.00	2656.00	2656.00	2655.00	2655.00	2654.50	2654.00	2653.50	2653.00	2653.00	2652.00	2652.00	2651.00	2651.00	2651.00	2650.50	2650.00	2650.00	2649.50	2649.00	2649.00	2649.00	2649.00	2649.00	2649.00	2649.00	2649.00	2649.00	2649.00	2649.00	2649.00	2649.00	2649.50	2650.00	2650.00	2650.00	2650.00	2650.00	2651.00	2651.00	2651.00	2651.00	2651.00	2651.50	2652.00	2652.00	2651.50	2651.00	2651.00	2651.00	2651.00	2651.00	2650.50	2650.00	2650.00	2650.00	2650.00	2650.00	2649.00	2649.00	2649.00	2649.00	2648.50	2648.00	2648.00	2648.00	2648.00	2647.00	2647.00	2647.00	2647.00	2647.00	2646.50	2646.00	2646.00	2646.00	2646.00	2645.00	2645.00	2645.00	2645.00	2645.00	2644.00	2644.00	2644.00	2644.00	2643.50	2643.00	2643.00	2643.00	2642.00	2642.00	2641.00	2640.50	2640.00	2639.00	2638.50	2638.00	2638.00	2637.00	2636.50	2636.00	2635.50	2635.00	2635.00	2635.00	2634.00	2634.00	2634.00	2634.00	2633.50	2633.00	2633.00	2633.00	2633.00	2632.50	2632.00	2632.00	2632.00	2631.50	2631.00	2631.00	2630.00	2629.00	2628.50	2628.00	2627.50	2626.50	2625.50	2625.00	2624.00	2623.00	2622.50	2621.50	2621.00	2621.00	2620.00	2620.00	2619.00	2619.00	2618.50	2618.00	2618.00	2618.00	2618.00	2618.00	2618.00	2618.00	2618.00	2618.00	2618.00	2618.00	2618.00
2674.00	2674.00	2674.00	2674.00	2675.00	2675.00	2675.00	2675.50	2676.00	2676.00	2676.00	2676.00	2676.00	2676.00	2676.00	2676.00	2675.50	2675.00	2675.00	2675.00	2675.00	2674.00	2674.00	2673.50	2673.00	2672.50	2672.00	2671.50	2671.00	2670.00	2670.00	2669.00	2669.00	2668.50	2668.00	2667.00	2667.00	2666.00	2666.00	2665.50	2665.00	2664.50	2664.00	2664.00	2664.00	2663.00	2663.00	2663.00	2662.50	2662.00	2662.00	2662.00	2661.50	2661.00	2661.00	2661.00	2661.00	2661.00	2661.00	2661.00	2660.00	2660.00	2660.00	2660.00	2660.00	2660.00	2660.00	2660.00	2660.00	2660.00	2660.00	2660.00	2659.50	2659.00	2659.00	2659.00	2659.00	2659.00	2659.00	2659.00	2659.00	2658.50	2658.00	2658.00	2658.00	2658.00	2658.00	2657.50	2657.00	2657.00	2657.00	2657.00	2657.00	2657.00	2657.00	2657.00	2657.00	2657.00	2657.00	2657.00	2657.00	2657.00	2656.50	2656.00	2656.00	2656.00	2655.00	2655.00	2654.50	2654.00	2653.50	2653.00	2653.00	2652.00	2652.00	2651.00	2651.00	2651.00	2650.50	2650.00	2650.00	2649.50	2649.00	2649.00	2649.00	2649.00	2649.00	2649.00	2649.00	2649.00	2649.00	2649.00	2649.00	2649.00	2649.00	2649.50	2650.00	2650.00	2650.00	2650.00	2650.00	2651.00	2651.00	2651.00	2651.00	2651.00	2651.50	2652.00	2652.00	2651.50	2651.00	2651.00	2651.00	2651.00	2651.00	2650.50	2650.00	2650.00	2650.00	2650.00	2650.00	2649.00	2649.00	2649.00	2649.00	2648.50	2648.00	2648.00	2648.00	2648.00	2647.00	2647.00	2647.00	2647.00	2647.00	2646.50	2646.00	2646.00	2646.00	2646.00	2645.00	2645.00	2645.00	2645.00	2645.00	2644.00	2644.00	2644.00	2644.00	2643.50	2643.00	2643.00	2643.00	2642.00	2642.00	2641.00	2640.50	2640.00	2639.00	2638.50	2638.00	2638.00	2637.00	2636.50	2636.00	2635.50	2635.00	2635.00	2635.00	2634.00	2634.00	2634.00	2634.00	2633.50	2633.00	2633.00	2633.00	2633.00	2632.50	2632.00	2632.00	2632.00	2631.50	2631.00	2631.00	2630.00	2629.00	2628.50	2628.00	2627.50	2626.50	2625.50	2625.00	2624.00	2623.00	2622.50	2621.50	2621.00	2621.00	2620.00	2620.00	2619.00	2619.00	2618.50	2618.00	2618.00	2618.00	2618.00	2618.00	2618.00	2618.00	2618.00	2618.00	2618.00	2618.00	2618.00
2674.50	2674.50	2674.50	2675.00	2675.50	2676.00	2676.00	2676.50	2677.00	2677.00	2677.00	2677.00	2677.00	2677.00	2676.50	2676.50	2676.25	2676.00	2675.75	2675.50	2675.25	2674.50	2674.50	2674.00	2673.50	2673.00	2672.25	2671.75	2671.00	2670.50	2670.00	2669.00	2668.75	2668.25	2667.75	2667.00	2666.50	2665.50	2665.50	2664.75	2664.50	2664.00	2663.50	2663.50	2663.50	2662.75	2662.50	2662.50	2662.25	2662.00	2661.50	2661.50	2661.25	2661.00	2661.00	2661.00	2661.00	2661.00	2661.00	2661.00	2660.50	2660.50	2660.50	2660.00	2660.00	2660.00	2660.00	2660.00	2660.00	2660.00	2660.00	2660.00	2659.75	2659.25	2659.00	2659.00	2659.00	2659.00	2659.00	2658.75	2658.50	2658.25	2658.00	2658.00	2657.50	2657.50	2657.50	2657.25	2657.00	2657.00	2657.00	2657.00	2657.00	2657.00	2657.00	2657.00	2657.00	2657.00	2657.00	2656.75	2656.50	2656.50	2656.25	2655.75	2655.50	2655.25	2654.50	2654.50	2653.75	2653.50	2652.75	2652.50	2652.50	2651.50	2651.50	2650.50	2650.50	2650.50	2650.25	2649.75	2649.50	2649.25	2649.00	2649.00	2648.50	2648.50	2648.50	2648.50	2648.75	2649.00	2649.00	2649.00	2649.00	2649.25	2649.50	2649.75	2650.00	2650.00	2650.50	2650.50	2650.50	2651.00	2651.00	2651.25	2651.50	2651.50	2651.75	2652.00	2652.00	2651.50	2651.00	2651.00	2651.00	2651.00	2650.50	2650.25	2650.00	2649.75	2649.50	2649.50	2649.50	2649.00	2648.50	2648.50	2648.50	2648.25	2648.00	2647.75	2647.50	2647.50	2647.00	2647.00	2646.75	2646.50	2646.50	2646.25	2646.00	2645.50	2645.50	2645.50	2645.00	2645.00	2644.75	2644.50	2644.50	2644.00	2644.00	2643.50	2643.50	2643.25	2643.00	2642.75	2642.50	2642.00	2641.50	2641.00	2640.25	2639.75	2638.75	2638.25	2637.75	2637.50	2636.75	2636.25	2635.50	2635.00	2634.50	2634.00	2634.00	2633.50	2633.50	2633.25	2633.00	2632.75	2632.50	2632.50	2632.50	2632.50	2632.25	2631.75	2631.50	2631.25	2630.75	2630.50	2630.00	2629.00	2628.50	2627.75	2627.25	2626.75	2625.50	2624.75	2624.00	2623.00	2622.25	2621.75	2621.00	2620.50	2620.25	2619.50	2619.25	2618.50	2618.50	2618.25	2618.00	2618.00	2618.00	2618.00	2618.00	2618.00	2618.00	2618.00	2618.00	2618.00	2617.50	2617.50
2675.00	2675.00	2675.00	2676.00	2676.00	2677.00	2677.00	2677.50	2678.00	2678.00	2678.00	2678.00	2678.00	2678.00	2677.00	2677.00	2677.00	2677.00	2676.50	2676.00	2675.50	2675.00	2675.00	2674.50	2674.00	2673.50	2672.50	2672.00	2671.00	2671.00	2670.00	2669.00	2668.50	2668.00	2667.50	2667.00	2666.00	2665.00	2665.00	2664.00	2664.00	2663.50	2663.00	2663.00	2663.00	2662.50	2662.00	2662.00	2662.00	2662.00	2661.00	2661.00	2661.00	2661.00	2661.00	2661.00	2661.00	2661.00	2661.00	2661.00	2661.00	2661.00	2661.00	2660.00	2660.00	2660.00	2660.00	2660.00	2660.00	2660.00	2660.00	2660.00	2660.00	2659.50	2659.00	2659.00	2659.00	2659.00	2659.00	2658.50	2658.00	2658.00	2658.00	2658.00	2657.00	2657.00	2657.00	2657.00	2657.00	2657.00	2657.00	2657.00	2657.00	2657.00	2657.00	2657.00	2657.00	2657.00	2657.00	2656.50	2656.00	2656.00	2656.00	2655.50	2655.00	2654.50	2654.00	2654.00	2653.00	2653.00	2652.00	2652.00	2652.00	2651.00	2651.00	2650.00	2650.00	2650.00	2650.00	2649.50	2649.00	2649.00	2649.00	2649.00	2648.00	2648.00	2648.00	2648.00	2648.50	2649.00	2649.00	2649.00	2649.00	2649.50	2650.00	2650.00	2650.00	2650.00	2651.00	2651.00	2651.00	2651.00	2651.00	2651.50	2652.00	2652.00	2652.00	2652.00	2652.00	2651.50	2651.00	2651.00	2651.00	2651.00	2650.00	2650.00	2650.00	2649.50	2649.00	2649.00	2649.00	2649.00	2648.00	2648.00	2648.00	2648.00	2648.00	2647.50	2647.00	2647.00	2647.00	2647.00	2646.50	2646.00	2646.00	2646.00	2646.00	2645.00	2645.00	2645.00	2645.00	2645.00	2644.50	2644.00	2644.00	2644.00	2644.00	2643.00	2643.00	2643.00	2643.00	2642.50	2642.00	2642.00	2641.00	2641.00	2640.00	2639.50	2638.50	2638.00	2637.50	2637.00	2636.50	2636.00	2635.00	2634.50	2634.00	2633.00	2633.00	2633.00	2633.00	2632.50	2632.00	2632.00	2632.00	2632.00	2632.00	2632.00	2632.00	2631.50	2631.00	2630.50	2630.00	2630.00	2629.00	2628.00	2628.00	2627.00	2626.50	2626.00	2624.50	2624.00	2623.00	2622.00	2621.50	2621.00	2620.50	2620.00	2619.50	2619.00	2618.50	2618.00	2618.00	2618.00	2618.00	2618.00	2618.00	2618.00	2618.00	2618.00	2618.00	2618.00	2618.00	2618.00	2617.00	2617.00
2675.00	2675.00	2675.00	2676.00	2676.00	2677.00	2677.00	2677.50	2678.00	2678.00	2678.00	2678.00	2678.00	2678.00	2677.00	2677.00	2677.00	2677.00	2676.50	2676.00	2675.50	2675.00	2675.00	2674.50	2674.00	2673.50	2672.50	2672.00	2671.00	2671.00	2670.00	2669.00	2668.50	2668.00	2667.50	2667.00	2666.00	2665.00	2665.00	2664.00	2664.00	2663.50	2663.00	2663.00	2663.00	2662.50	2662.00	2662.00	2662.00	2662.00	2661.00	2661.00	2661.00	2661.00	2661.00	2661.00	2661.00	2661.00	2661.00	2661.00	2661.00	2661.00	2661.00	2660.00	2660.00	2660.00	2660.00	2660.00	2660.00	2660.00	2660.00	2660.00	2660.00	2659.50	2659.00	2659.00	2659.00	2659.00	2659.00	2658.50	2658.00	2658.00	2658.00	2658.00	2657.00	2657.00	2657.00	2657.00	2657.00	2657.00	2657.00	2657.00	2657.00	2657.00	2657.00	2657.00	2657.00	2657.00	2657.00	2656.50	2656.00	2656.00	2656.00	2655.50	2655.00	2654.50	2654.00	2654.00	2653.00	2653.00	2652.00	2652.00	2652.00	2651.00	2651.00	2650.00	2650.00	2650.00	2650.00	2649.50	2649.00	2649.00	2649.00	2649.00	2648.00	2648.00	2648.00	2648.00	2648.50	2649.00	2649.00	2649.00	2649.00	2649.50	2650.00	2650.00	2650.00	2650.00	2651.00	2651.00	2651.00	2651.00	2651.00	2651.50	2652.00	2652.00	2652.00	2652.00	2652.00	2651.50	2651.00	2651.00	2651.00	2651.00	2650.00	2650.00	2650.00	2649.50	2649.00	2649.00	2649.00	2649.00	2648.00	2648.00	2648.00	2648.00	2648.00	2647.50	2647.00	2647.00	2647.00	2647.00	2646.50	2646.00	2646.00	2646.00	2646.00	2645.00	2645.00	2645.00	2645.00	2645.00	2644.50	2644.00	2644.00	2644.00	2644.00	2643.00	2643.00	2643.00	2643.00	2642.50	2642.00	2642.00	2641.00	2641.00	2640.00	2639.50	2638.50	2638.00	2637.50	2637.00	2636.50	2636.00	2635.00	2634.50	2634.00	2633.00	2633.00	2633.00	2633.00	2632.50	2632.00	2632.00	2632.00	2632.00	2632.00	2632.00	2632.00	2631.50	2631.00	2630.50	2630.00	2630.00	2629.00	2628.00	2628.00	2627.00	2626.50	2626.00	2624.50	2624.00	2623.00	2622.00	2621.50	2621.00	2620.50	2620.00	2619.50	2619.00	2618.50	2618.00	2618.00	2618.00	2618.00	2618.00	2618.00	2618.00	2618.00	2618.00	2618.00	2618.00	2618.00	2618.00	2617.00	2617.00
2675.50	2676.00	2676.00	2676.50	2677.00	2677.50	2677.50	2678.25	2678.50	2678.50	2678.50	2678.50	2678.50	2678.00	2677.50	2677.50	2677.50	2677.25	2676.75	2676.50	2676.25	2675.50	2675.50	2674.75	2674.25	2673.50	2672.75	2672.25	2671.50	2671.00	2670.00	2669.00	2668.25	2667.75	2667.25	2666.50	2665.50	2664.50	2664.50	2663.50	2663.50	2663.00	2662.50	2662.50	2662.50	2662.25	2662.00	2661.50	2661.50	2661.50	2661.00	2661.00	2661.00	2661.00	2661.00	2661.00	2661.00	2661.00	2661.00	2661.00	2661.00	2661.00	2661.00	2660.00	2660.00	2660.00	2660.00	2660.00	2660.00	2660.00	2660.00	2660.00	2659.75	2659.25	2659.00	2659.00	2659.00	2658.50	2658.50	2658.25	2658.00	2658.00	2657.50	2657.50	2657.00	2657.00	2657.00	2657.00	2657.00	2657.00	2657.00	2657.00	2657.00	2657.00	2657.00	2657.00	2656.75	2656.50	2656.50	2656.25	2655.50	2655.50	2655.25	2654.75	2654.25	2653.75	2653.50	2653.00	2652.50	2652.50	2651.50	2651.50	2651.25	2650.50	2650.50	2649.50	2649.50	2649.50	2649.50	2649.25	2648.75	2648.50	2648.50	2648.50	2648.00	2648.00	2648.00	2648.00	2648.25	2649.00	2649.00	2649.00	2649.00	2649.50	2650.00	2650.25	2650.50	2650.50	2651.00	2651.00	2651.25	2651.50	2651.50	2651.75	2652.00	2652.00	2652.00	2652.00	2652.00	2651.50	2651.00	2651.00	2651.00	2651.00	2650.50	2650.00	2650.00	2649.50	2649.00	2649.00	2648.50	2648.50	2648.00	2648.00	2647.75	2647.50	2647.50	2647.25	2647.00	2646.50	2646.50	2646.50	2646.25	2646.00	2645.75	2645.50	2645.50	2645.00	2645.00	2644.50	2644.50	2644.50	2644.25	2643.75	2643.50	2643.50	2643.50	2643.00	2643.00	2642.50	2642.50	2642.25	2642.00	2641.50	2641.00	2640.50	2639.75	2639.25	2638.25	2637.75	2637.25	2637.00	2636.25	2635.75	2635.00	2634.25	2633.75	2633.00	2633.00	2632.50	2632.50	2632.25	2631.75	2631.50	2631.50	2631.50	2631.50	2631.50	2631.00	2630.75	2630.25	2629.75	2629.25	2629.00	2628.00	2627.00	2627.00	2626.00	2625.75	2625.25	2623.75	2623.25	2622.50	2621.50	2620.75	2620.50	2619.75	2619.50	2619.00	2618.50	2618.25	2618.00	2618.00	2618.00	2618.00	2618.00	2618.00	2618.00	2618.00	2618.00	2618.00	2617.50	2617.50	2617.50	2617.00	2617.00
2676.00	2677.00	2677.00	2677.00	2678.00	2678.00	2678.00	2679.00	2679.00	2679.00	2679.00	2679.00	2679.00	2678.00	2678.00	2678.00	2678.00	2677.50	2677.00	2677.00	2677.00	2676.00	2676.00	2675.00	2674.50	2673.50	2673.00	2672.50	2672.00	2671.00	2670.00	2669.00	2668.00	2667.50	2667.00	2666.00	2665.00	2664.00	2664.00	2663.00	2663.00	2662.50	2662.00	2662.00	2662.00	2662.00	2662.00	2661.00	2661.00	2661.00	2661.00	2661.00	2661.00	2661.00	2661.00	2661.00	2661.00	2661.00	2661.00	2661.00	2661.00	2661.00	2661.00	2660.00	2660.00	2660.00	2660.00	2660.00	2660.00	2660.00	2660.00	2660.00	2659.50	2659.00	2659.00	2659.00	2659.00	2658.00	2658.00	2658.00	2658.00	2658.00	2657.00	2657.00	2657.00	2657.00	2657.00	2657.00	2657.00	2657.00	2657.00	2657.00	2657.00	2657.00	2657.00	2657.00	2656.50	2656.00	2656.00	2656.00	2655.00	2655.00	2654.50	2654.00	2653.50	2653.00	2653.00	2652.00	2652.00	2652.00	2651.00	2651.00	2650.50	2650.00	2650.00	2649.00	2649.00	2649.00	2649.00	2649.00	2648.50	2648.00	2648.00	2648.00	2648.00	2648.00	2648.00	2648.00	2648.00	2649.00	2649.00	2649.00	2649.00	2649.50	2650.00	2650.50	2651.00	2651.00	2651.00	2651.00	2651.50	2652.00	2652.00	2652.00	2652.00	2652.00	2652.00	2652.00	2652.00	2651.50	2651.00	2651.00	2651.00	2651.00	2651.00	2650.00	2650.00	2649.50	2649.00	2649.00	2648.00	2648.00	2648.00	2648.00	2647.50	2647.00	2647.00	2647.00	2647.00	2646.00	2646.00	2646.00	2646.00	2646.00	2645.50	2645.00	2645.00	2645.00	2645.00	2644.00	2644.00	2644.00	2644.00	2643.50	2643.00	2643.00	2643.00	2643.00	2643.00	2642.00	2642.00	2642.00	2642.00	2641.00	2641.00	2640.00	2639.50	2639.00	2638.00	2637.50	2637.00	2637.00	2636.00	2635.50	2635.00	2634.00	2633.50	2633.00	2633.00	2632.00	2632.00	2632.00	2631.50	2631.00	2631.00	2631.00	2631.00	2631.00	2630.00	2630.00	2629.50	2629.00	2628.50	2628.00	2627.00	2626.00	2626.00	2625.00	2625.00	2624.50	2623.00	2622.50	2622.00	2621.00	2620.00	2620.00	2619.00	2619.00	2618.50	2618.00	2618.00	2618.00	2618.00	2618.00	2618.00	2618.00	2618.00	2618.00	2618.00	2618.00	2618.00	2617.00	2617.00	2617.00	2617.00	2617.00
2676.00	2677.00	2677.00	2677.00	2678.00	2678.00	2678.00	2679.00	2679.00	2679.00	2679.00	2679.00	2679.00	2678.00	2678.00	2678.00	2678.00	2677.50	2677.00	2677.00	2677.00	2676.00	2676.00	2675.00	2674.50	2673.50	2673.00	2672.50	2672.00	2671.00	2670.00	2669.00	2668.00	2667.50	2667.00	2666.00	2665.00	2664.00	2664.00	2663.00	2663.00	2662.50	2662.00	2662.00	2662.00	2662.00	2662.00	2661.00	2661.00	2661.00	2661.00	2661.00	2661.00	2661.00	2661.00	2661.00	2661.00	2661.00	2661.00	2661.00	2661.00	2661.00	2661.00	2660.00	2660.00	2660.00	2660.00	2660.00	2660.00	2660.00	2660.00	2660.00	2659.50	2659.00	2659.00	2659.00	2659.00	2658.00	2658.00	2658.00	2658.00	2658.00	2657.00	2657.00	2657.00	2657.00	2657.00	2657.00	2657.00	2657.00	2657.00	2657.00	2657.00	2657.00	2657.00	2657.00	2656.50	2656.00	2656.00	2656.00	2655.00	2655.00	2654.50	2654.00	2653.50	2653.00	2653.00	2652.00	2652.00	2652.00	2651.00	2651.00	2650.50	2650.00	2650.00	2649.00	2649.00	2649.00	2649.00	2649.00	2648.50	2648.00	2648.00	2648.00	2648.00	2648.00	2648.00	2648.00	2648.00	2649.00	2649.00	2649.00	2649.00	2649.50	2650.00	2650.50	2651.00	2651.00	2651.00	2651.00	2651.50	2652.00	2652.00	2652.00	2652.00	2652.00	2652.00	2652.00	2652.00	2651.50	2651.00	2651.00	2651.00	2651.00	2651.00	2650.00	2650.00	2649.50	2649.00	2649.00	2648.00	2648.00	2648.00	2648.00	2647.50	2647.00	2647.00	2647.00	2647.00	2646.00	2646.00	2646.00	2646.00	2646.00	2645.50	2645.00	2645.00	2645.00	2645.00	2644.00	2644.00	2644.00	2644.00	2643.50	2643.00	2643.00	2643.00	2643.00	2643.00	2642.00	2642.00	2642.00	2642.00	2641.00	2641.00	2640.00	2639.50	2639.00	2638.00	2637.50	2637.00	2637.00	2636.00	2635.50	2635.00	2634.00	2633.50	2633.00	2633.00	2632.00	2632.00	2632.00	2631.50	2631.00	2631.00	2631.00	2631.00	2631.00	2630.00	2630.00	2629.50	2629.00	2628.50	2628.00	2627.00	2626.00	2626.00	2625.00	2625.00	2624.50	2623.00	2622.50	2622.00	2621.00	2620.00	2620.00	2619.00	2619.00	2618.50	2618.00	2618.00	2618.00	2618.00	2618.00	2618.00	2618.00	2618.00	2618.00	2618.00	2618.00	2618.00	2617.00	2617.00	2617.00	2617.00	2617.00
2676.00	2677.00	2677.00	2677.00	2678.00	2678.00	2678.00	2679.00	2679.00	2679.00	2679.00	2679.00	2679.00	2678.00	2678.00	2678.00	2678.00	2677.50	2677.00	2677.00	2677.00	2676.00	2676.00	2675.00	2674.50	2673.50	2673.00	2672.50	2672.00	2671.00	2670.00	2669.00	2668.00	2667.50	2667.00	2666.00	2665.00	2664.00	2664.00	2663.00	2663.00	2662.50	2662.00	2662.00	2662.00	2662.00	2662.00	2661.00	2661.00	2661.00	2661.00	2661.00	2661.00	2661.00	2661.00	2661.00	2661.00	2661.00	2661.00	2661.00	2661.00	2661.00	2661.00	2660.00	2660.00	2660.00	2660.00	2660.00	2660.00	2660.00	2660.00	2660.00	2659.50	2659.00	2659.00	2659.00	2659.00	2658.00	2658.00	2658.00	2658.00	2658.00	2657.00	2657.00	2657.00	2657.00	2657.00	2657.00	2657.00	2657.00	2657.00	2657.00	2657.00	2657.00	2657.00	2657.00	2656.50	2656.00	2656.00	2656.00	2655.00	2655.00	2654.50	2654.00	2653.50	2653.00	2653.00	2652.00	2652.00	2652.00	2651.00	2651.00	2650.50	2650.00	2650.00	2649.00	2649.00	2649.00	2649.00	2649.00	2648.50	2648.00	2648.00	2648.00	2648.00	2648.00	2648.00	2648.00	2648.00	2649.00	2649.00	2649.00	2649.00	2649.50	2650.00	2650.50	2651.00	2651.00	2651.00	2651.00	2651.50	2652.00	2652.00	2652.00	2652.00	2652.00	2652.00	2652.00	2652.00	2651.50	2651.00	2651.00	2651.00	2651.00	2651.00	2650.00	2650.00	2649.50	2649.00	2649.00	2648.00	2648.00	2648.00	2648.00	2647.50	2647.00	2647.00	2647.00	2647.00	2646.00	2646.00	2646.00	2646.00	2646.00	2645.50	2645.00	2645.00	2645.00	2645.00	2644.00	2644.00	2644.00	2644.00	2643.50	2643.00	2643.00	2643.00	2643.00	2643.00	2642.00	2642.00	2642.00	2642.00	2641.00	2641.00	2640.00	2639.50	2639.00	2638.00	2637.50	2637.00	2637.00	2636.00	2635.50	2635.00	2634.00	2633.50	2633.00	2633.00	2632.00	2632.00	2632.00	2631.50	2631.00	2631.00	2631.00	2631.00	2631.00	2630.00	2630.00	2629.50	2629.00	2628.50	2628.00	2627.00	2626.00	2626.00	2625.00	2625.00	2624.50	2623.00	2622.50	2622.00	2621.00	2620.00	2620.00	2619.00	2619.00	2618.50	2618.00	2618.00	2618.00	2618.00	2618.00	2618.00	2618.00	2618.00	2618.00	2618.00	2618.00	2618.00	2617.00	2617.00	2617.00	2617.00	2617.00
2678.00	2679.00	2679.00	2679.00	2680.00	2680.00	2680.00	2680.00	2680.00	2680.00	2680.00	2680.00	2680.00	2680.00	2679.50	2679.00	2679.00	2678.50	2678.00	2678.00	2677.50	2677.00	2677.00	2676.00	2675.50	2674.50	2673.50	2673.00	2672.00	2671.00	2669.50	2668.00	2667.50	2666.50	2666.00	2665.00	2664.00	2663.00	2663.00	2662.00	2661.50	2661.00	2661.00	2661.00	2661.00	2661.00	2661.00	2661.00	2661.00	2661.00	2661.00	2661.00	2661.00	2661.00	2661.00	2661.00	2661.00	2661.00	2661.00	2661.00	2661.00	2661.00	2661.00	2660.50	2660.00	2660.00	2660.00	2660.00	2660.00	2659.00	2659.00	2659.00	2659.00	2658.50	2658.00	2658.00	2658.00	2658.00	2658.00	2657.00	2657.00	2657.00	2657.00	2657.00	2657.00	2657.00	2657.00	2657.00	2657.00	2657.00	2657.00	2657.00	2656.50	2656.00	2656.00	2656.00	2655.50	2655.00	2655.00	2654.00	2654.00	2653.00	2653.00	2652.50	2652.00	2652.00	2651.00	2651.00	2650.50	2650.00	2649.50	2649.00	2649.00	2649.00	2649.00	2648.00	2648.00	2648.00	2648.00	2648.00	2648.00	2648.00	2648.00	2648.00	2648.00	2648.00	2648.00	2648.50	2649.00	2649.00	2649.00	2649.00	2650.00	2650.00	2650.50	2651.00	2651.00	2651.50	2652.00	2652.00	2652.00	2652.00	2652.00	2652.00	2652.00	2652.00	2652.00	2652.00	2652.00	2652.00	2651.50	2651.00	2651.00	2651.00	2651.00	2650.00	2650.00	2649.00	2649.00	2649.00	2648.00	2648.00	2648.00	2647.00	2647.00	2647.00	2646.50	2646.00	2646.00	2646.00	2646.00	2645.50	2645.00	2645.00	2645.00	2645.00	2644.00	2644.00	2644.00	2644.00	2644.00	2643.50	2643.00	2643.00	2643.00	2643.00	2642.00	2642.00	2642.00	2642.00	2641.50	2641.00	2641.00	2641.00	2640.00	2640.00	2639.00	2638.50	2637.50	2637.00	2637.00	2636.00	2635.50	2635.00	2634.00	2633.50	2633.00	2633.00	2632.00	2632.00	2631.00	2631.00	2631.00	2631.00	2630.00	2630.00	2629.00	2629.00	2629.00	2628.50	2628.00	2627.50	2627.00	2626.00	2626.00	2625.00	2624.00	2623.50	2623.00	2622.50	2621.50	2621.00	2620.00	2620.00	2619.00	2618.50	2618.00	2618.00	2618.00	2617.00	2617.00	2617.00	2617.00	2617.00	2617.00	2617.00	2617.00	2617.00	2617.00	2617.00	2617.00	2617.00	2617.00	2617.00	2617.00	2617.00
2678.00	2679.00	2679.00	2679.00	2680.00	2680.00	2680.00	2680.00	2680.00	2680.00	2680.00	2680.00	2680.00	2680.00	2679.50	2679.00	2679.00	2678.50	2678.00	2678.00	2677.50	2677.00	2677.00	2676.00	2675.50	2674.50	2673.50	2673.00	2672.00	2671.00	2669.50	2668.00	2667.50	2666.50	2666.00	2665.00	2664.00	2663.00	2663.00	2662.00	2661.50	2661.00	2661.00	2661.00	2661.00	2661.00	2661.00	2661.00	2661.00	2661.00	2661.00	2661.00	2661.00	2661.00	2661.00	2661.00	2661.00	2661.00	2661.00	2661.00	2661.00	2661.00	2661.00	2660.50	2660.00	2660.00	2660.00	2660.00	2660.00	2659.00	2659.00	2659.00	2659.00	2658.50	2658.00	2658.00	2658.00	2658.00	2658.00	2657.00	2657.00	2657.00	2657.00	2657.00	2657.00	2657.00	2657.00	2657.00	2657.00	2657.00	2657.00	2657.00	2656.50	2656.00	2656.00	2656.00	2655.50	2655.00	2655.00	2654.00	2654.00	2653.00	2653.00	2652.50	2652.00	2652.00	2651.00	2651.00	2650.50	2650.00	2649.50	2649.00	2649.00	2649.00	2649.00	2648.00	2648.00	2648.00	2648.00	2648.00	2648.00	2648.00	2648.00	2648.00	2648.00	2648.00	2648.00	2648.50	2649.00	2649.00	2649.00	2649.00	2650.00	2650.00	2650.50	2651.00	2651.00	2651.50	2652.00	2652.00	2652.00	2652.00	2652.00	2652.00	2652.00	2652.00	2652.00	2652.00	2652.00	2652.00	2651.50	2651.00	2651.00	2651.00	2651.00	2650.00	2650.00	2649.00	2649.00	2649.00	2648.00	2648.00	2648.00	2647.00	2647.00	2647.00	2646.50	2646.00	2646.00	2646.00	2646.00	2645.50	2645.00	2645.00	2645.00	2645.00	2644.00	2644.00	2644.00	2644.00	2644.00	2643.50	2643.00	2643.00	2643.00	2643.00	2642.00	2642.00	2642.00	2642.00	2641.50	2641.00	2641.00	2641.00	2640.00	2640.00	2639.00	2638.50	2637.50	2637.00	2637.00	2636.00	2635.50	2635.00	2634.00	2633.50	2633.00	2633.00	2632.00	2632.00	2631.00	2631.00	2631.00	2631.00	2630.00	2630.00	2629.00	2629.00	2629.00	2628.50	2628.00	2627.50	2627.00	2626.00	2626.00	2625.00	2624.00	2623.50	2623.00	2622.50	2621.50	2621.00	2620.00	2620.00	2619.00	2618.50	2618.00	2618.00	2618.00	2617.00	2617.00	2617.00	2617.00	2617.00	2617.00	2617.00	2617.00	2617.00	2617.00	2617.00	2617.00	2617.00	2617.00	2617.00	2617.00	2617.00
2678.00	2679.00	2679.00	2679.00	2680.00	2680.00	2680.00	2680.00	2680.00	2680.00	2680.00	2680.00	2680.00	2680.00	2679.50	2679.00	2679.00	2678.50	2678.00	2678.00	2677.50	2677.00	2677.00	2676.00	2675.50	2674.50	2673.50	2673.00	2672.00	2671.00	2669.50	2668.00	2667.50	2666.50	2666.00	2665.00	2664.00	2663.00	2663.00	2662.00	2661.50	2661.00	2661.00	2661.00	2661.00	2661.00	2661.00	2661.00	2661.00	2661.00	2661.00	2661.00	2661.00	2661.00	2661.00	2661.00	2661.00	2661.00	2661.00	2661.00	2661.00	2661.00	2661.00	2660.50	2660.00	2660.00	2660.00	2660.00	2660.00	2659.00	2659.00	2659.00	2659.00	2658.50	2658.00	2658.00	2658.00	2658.00	2658.00	2657.00	2657.00	2657.00	2657.00	2657.00	2657.00	2657.00	2657.00	2657.00	2657.00	2657.00	2657.00	2657.00	2656.50	2656.00	2656.00	2656.00	2655.50	2655.00	2655.00	2654.00	2654.00	2653.00	2653.00	2652.50	2652.00	2652.00	2651.00	2651.00	2650.50	2650.00	2649.50	2649.00	2649.00	2649.00	2649.00	2648.00	2648.00	2648.00	2648.00	2648.00	2648.00	2648.00	2648.00	2648.00	2648.00	2648.00	2648.00	2648.50	2649.00	2649.00	2649.00	2649.00	2650.00	2650.00	2650.50	2651.00	2651.00	2651.50	2652.00	2652.00	2652.00	2652.00	2652.00	2652.00	2652.00	2652.00	2652.00	2652.00	2652.00	2652.00	2651.50	2651.00	2651.00	2651.00	2651.00	2650.00	2650.00	2649.00	2649.00	2649.00	2648.00	2648.00	2648.00	2647.00	2647.00	2647.00	2646.50	2646.00	2646.00	2646.00	2646.00	2645.50	2645.00	2645.00	2645.00	2645.00	2644.00	2644.00	2644.00	2644.00	2644.00	2643.50	2643.00	2643.00	2643.00	2643.00	2642.00	2642.00	2642.00	2642.00	2641.50	2641.00	2641.00	2641.00	2640.00	2640.00	2639.00	2638.50	2637.50	2637.00	2637.00	2636.00	2635.50	2635.00	2634.00	2633.50	2633.00	2633.00	2632.00	2632.00	2631.00	2631.00	2631.00	2631.00	2630.00	2630.00	2629.00	2629.00	2629.00	2628.50	2628.00	2627.50	2627.00	2626.00	2626.00	2625.00	2624.00	2623.50	2623.00	2622.50	2621.50	2621.00	2620.00	2620.00	2619.00	2618.50	2618.00	2618.00	2618.00	2617.00	2617.00	2617.00	2617.00	2617.00	2617.00	2617.00	2617.00	2617.00	2617.00	2617.00	2617.00	2617.00	2617.00	2617.00	2617.00	2617.00
2679.50	2680.00	2680.00	2680.00	2680.50	2680.50	2680.50	2680.50	2680.50	2680.50	2680.50	2680.50	2680.50	2680.50	2680.00	2679.50	2679.50	2679.25	2678.75	2678.50	2678.00	2677.50	2677.00	2676.25	2675.75	2674.75	2673.50	2673.00	2672.00	2671.00	2669.50	2668.00	2667.25	2666.50	2665.75	2664.50	2663.75	2663.00	2662.50	2661.75	2661.25	2660.75	2660.50	2660.50	2660.50	2660.50	2660.50	2661.00	2661.00	2661.00	2661.00	2661.00	2661.00	2661.00	2661.00	2661.00	2661.00	2661.00	2661.00	2661.00	2661.00	2660.50	2660.50	2660.25	2659.75	2659.50	2659.50	2659.00	2659.00	2658.50	2658.50	2658.50	2658.25	2657.75	2657.50	2657.50	2657.50	2657.50	2657.50	2657.00	2657.00	2657.00	2657.00	2657.00	2657.00	2657.00	2657.00	2657.00	2657.00	2656.75	2656.50	2656.50	2655.75	2655.50	2655.00	2655.00	2654.50	2654.00	2654.00	2653.00	2652.50	2652.00	2651.75	2651.25	2650.75	2650.50	2650.00	2649.50	2649.25	2649.00	2648.75	2648.50	2648.50	2648.50	2648.50	2647.50	2647.50	2647.50	2647.50	2647.75	2648.00	2648.00	2648.00	2648.00	2648.25	2648.50	2648.50	2648.75	2649.00	2649.00	2649.50	2649.50	2650.00	2650.00	2650.50	2651.00	2651.00	2651.50	2652.00	2652.00	2652.00	2652.00	2652.00	2652.00	2652.00	2652.00	2652.00	2652.00	2651.75	2651.50	2651.25	2651.00	2651.00	2650.50	2650.50	2649.75	2649.50	2649.00	2648.75	2648.50	2648.00	2648.00	2647.50	2647.00	2646.75	2646.50	2646.25	2646.00	2645.75	2645.50	2645.50	2645.25	2645.00	2644.50	2644.50	2644.50	2644.00	2644.00	2643.50	2643.50	2643.50	2643.25	2643.00	2642.50	2642.50	2642.50	2642.00	2642.00	2641.50	2641.50	2641.25	2641.00	2640.50	2640.50	2640.00	2639.50	2638.75	2638.25	2637.25	2637.00	2636.75	2635.50	2635.00	2634.50	2633.50	2633.00	2632.50	2632.50	2632.00	2631.50	2631.00	2630.50	2630.50	2630.25	2629.50	2629.25	2628.50	2628.50	2628.00	2627.75	2627.00	2626.50	2626.00	2625.00	2625.00	2624.00	2623.50	2622.75	2622.50	2622.00	2621.00	2620.50	2619.50	2619.50	2618.50	2618.25	2617.75	2617.50	2617.50	2617.00	2617.00	2617.00	2617.00	2617.00	2617.00	2617.00	2617.00	2617.00	2617.00	2617.00	2617.00	2617.00	2617.00	2617.00	2617.00	2616.50
2681.00	2681.00	2681.00	2681.00	2681.00	2681.00	2681.00	2681.00	2681.00	2681.00	2681.00	2681.00	2681.00	2681.00	2680.50	2680.00	2680.00	2680.00	2679.50	2679.00	2678.50	2678.00	2677.00	2676.50	2676.00	2675.00	2673.50	2673.00	2672.00	2671.00	2669.50	2668.00	2667.00	2666.50	2665.50	2664.00	2663.50	2663.00	2662.00	2661.50	2661.00	2660.50	2660.00	2660.00	2660.00	2660.00	2660.00	2661.00	2661.00	2661.00	2661.00	2661.00	2661.00	2661.00	2661.00	2661.00	2661.00	2661.00	2661.00	2661.00	2661.00	2660.00	2660.00	2660.00	2659.50	2659.00	2659.00	2658.00	2658.00	2658.00	2658.00	2658.00	2657.50	2657.00	2657.00	2657.00	2657.00	2657.00	2657.00	2657.00	2657.00	2657.00	2657.00	2657.00	2657.00	2657.00	2657.00	2657.00	2657.00	2656.50	2656.00	2656.00	2655.00	2655.00	2654.00	2654.00	2653.50	2653.00	2653.00	2652.00	2651.00	2651.00	2650.50	2650.00	2649.50	2649.00	2649.00	2648.00	2648.00	2648.00	2648.00	2648.00	2648.00	2648.00	2648.00	2647.00	2647.00	2647.00	2647.00	2647.50	2648.00	2648.00	2648.00	2648.00	2648.50	2649.00	2649.00	2649.00	2649.00	2649.00	2650.00	2650.00	2650.00	2650.00	2650.50	2651.00	2651.00	2651.50	2652.00	2652.00	2652.00	2652.00	2652.00	2652.00	2652.00	2652.00	2652.00	2652.00	2651.50	2651.00	2651.00	2651.00	2651.00	2650.00	2650.00	2649.50	2649.00	2649.00	2648.50	2648.00	2648.00	2648.00	2647.00	2647.00	2646.50	2646.00	2646.00	2646.00	2645.50	2645.00	2645.00	2645.00	2645.00	2644.00	2644.00	2644.00	2644.00	2644.00	2643.00	2643.00	2643.00	2643.00	2643.00	2642.00	2642.00	2642.00	2642.00	2642.00	2641.00	2641.00	2641.00	2641.00	2640.00	2640.00	2640.00	2639.00	2638.50	2638.00	2637.00	2637.00	2636.50	2635.00	2634.50	2634.00	2633.00	2632.50	2632.00	2632.00	2632.00	2631.00	2631.00	2630.00	2630.00	2629.50	2629.00	2628.50	2628.00	2628.00	2627.00	2627.00	2626.00	2625.50	2625.00	2624.00	2624.00	2623.00	2623.00	2622.00	2622.00	2621.50	2620.50	2620.00	2619.00	2619.00	2618.00	2618.00	2617.50	2617.00	2617.00	2617.00	2617.00	2617.00	2617.00	2617.00	2617.00	2617.00	2617.00	2617.00	2617.00	2617.00	2617.00	2617.00	2617.00	2617.00	2617.00	2616.00
2681.00	2681.00	2681.00	2681.00	2681.00	2681.00	2681.00	2681.00	2681.00	2681.00	2681.00	2681.00	2681.00	2681.00	2680.50	2680.00	2680.00	2680.00	2679.50	2679.00	2678.50	2678.00	2677.00	2676.50	2676.00	2675.00	2673.50	2673.00	2672.00	2671.00	2669.50	2668.00	2667.00	2666.50	2665.50	2664.00	2663.50	2663.00	2662.00	2661.50	2661.00	2660.50	2660.00	2660.00	2660.00	2660.00	2660.00	2661.00	2661.00	2661.00	2661.00	2661.00	2661.00	2661.00	2661.00	2661.00	2661.00	2661.00	2661.00	2661.00	2661.00	2660.00	2660.00	2660.00	2659.50	2659.00	2659.00	2658.00	2658.00	2658.00	2658.00	2658.00	2657.50	2657.00	2657.00	2657.00	2657.00	2657.00	2657.00	2657.00	2657.00	2657.00	2657.00	2657.00	2657.00	2657.00	2657.00	2657.00	2657.00	2656.50	2656.00	2656.00	2655.00	2655.00	2654.00	2654.00	2653.50	2653.00	2653.00	2652.00	2651.00	2651.00	2650.50	2650.00	2649.50	2649.00	2649.00	2648.00	2648.00	2648.00	2648.00	2648.00	2648.00	2648.00	2648.00	2647.00	2647.00	2647.00	2647.00	2647.50	2648.00	2648.00	2648.00	2648.00	2648.50	2649.00	2649.00	2649.00	2649.00	2649.00	2650.00	2650.00	2650.00	2650.00	2650.50	2651.00	2651.00	2651.50	2652.00	2652.00	2652.00	2652.00	2652.00	2652.00	2652.00	2652.00	2652.00	2652.00	2651.50	2651.00	2651.00	2651.00	2651.00	2650.00	2650.00	2649.50	2649.00	2649.00	2648.50	2648.00	2648.00	2648.00	2647.00	2647.00	2646.50	2646.00	2646.00	2646.00	2645.50	2645.00	2645.00	2645.00	2645.00	2644.00	2644.00	2644.00	2644.00	2644.00	2643.00	2643.00	2643.00	2643.00	2643.00	2642.00	2642.00	2642.00	2642.00	2642.00	2641.00	2641.00	2641.00	2641.00	2640.00	2640.00	2640.00	2639.00	2638.50	2638.00	2637.00	2637.00	2636.50	2635.00	2634.50	2634.00	2633.00	2632.50	2632.00	2632.00	2632.00	2631.00	2631.00	2630.00	2630.00	2629.50	2629.00	2628.50	2628.00	2628.00	2627.00	2627.00	2626.00	2625.50	2625.00	2624.00	2624.00	2623.00	2623.00	2622.00	2622.00	2621.50	2620.50	2620.00	2619.00	2619.00	2618.00	2618.00	2617.50	2617.00	2617.00	2617.00	2617.00	2617.00	2617.00	2617.00	2617.00	2617.00	2617.00	2617.00	2617.00	2617.00	2617.00	2617.00	2617.00	2617.00	2617.00	2616.00
2682.00	2682.00	2682.00	2682.00	2682.00	2682.00	2681.50	2681.50	2681.50	2681.50	2681.50	2681.25	2681.00	2681.00	2680.75	2680.50	2680.25	2680.00	2679.75	2679.00	2678.75	2678.00	2677.00	2676.50	2675.75	2674.75	2673.50	2672.75	2671.50	2670.50	2669.00	2667.50	2666.50	2666.00	2665.00	2663.50	2662.75	2662.00	2661.50	2661.00	2660.50	2660.25	2660.00	2659.75	2659.50	2659.75	2660.00	2660.50	2660.50	2660.50	2660.50	2660.50	2660.50	2660.50	2660.50	2660.50	2660.50	2660.50	2660.50	2660.50	2660.50	2659.75	2659.50	2659.25	2658.75	2658.50	2658.50	2658.00	2657.50	2657.50	2657.50	2657.50	2657.00	2656.50	2656.50	2656.50	2656.50	2656.50	2656.50	2656.50	2656.50	2656.50	2656.50	2656.50	2656.50	2656.50	2656.50	2656.25	2656.00	2655.75	2655.50	2655.00	2654.50	2654.25	2653.50	2653.25	2652.75	2652.00	2652.00	2651.00	2650.50	2650.00	2649.75	2649.25	2648.75	2648.50	2648.00	2647.50	2647.50	2647.50	2647.50	2647.50	2647.50	2647.50	2647.50	2647.00	2647.00	2647.50	2647.50	2647.75	2648.00	2648.25	2648.50	2648.50	2648.75	2649.00	2649.25	2649.50	2649.50	2649.50	2650.00	2650.50	2650.50	2650.50	2650.75	2651.00	2651.25	2651.75	2652.00	2652.00	2652.00	2652.00	2652.00	2652.00	2652.00	2652.00	2651.75	2651.50	2651.25	2651.00	2651.00	2650.50	2650.50	2650.00	2650.00	2649.25	2649.00	2648.50	2648.25	2648.00	2648.00	2647.50	2647.00	2646.50	2646.25	2646.00	2645.75	2645.50	2645.25	2645.00	2645.00	2644.50	2644.50	2644.00	2644.00	2643.75	2643.50	2643.50	2643.00	2643.00	2642.50	2642.50	2642.50	2642.00	2642.00	2641.50	2641.50	2641.50	2641.00	2640.75	2640.50	2640.50	2640.00	2639.50	2639.50	2638.50	2638.00	2637.50	2636.25	2636.00	2635.50	2634.00	2633.75	2633.25	2632.50	2632.00	2631.50	2631.50	2631.00	2630.50	2630.00	2629.50	2629.25	2628.75	2628.50	2628.00	2627.50	2627.50	2626.50	2626.25	2625.50	2625.00	2624.50	2623.50	2623.50	2622.50	2622.50	2621.50	2621.25	2620.75	2619.75	2619.50	2618.50	2618.50	2617.75	2617.50	2617.25	2617.00	2617.00	2617.00	2617.00	2617.00	2617.00	2617.00	2617.00	2617.00	2617.00	2616.75	2616.50	2616.50	2616.50	2616.50	2616.50	2616.25	2616.00	2615.50
2683.00	2683.00	2683.00	2683.00	2683.00	2683.00	2682.00	2682.00	2682.00	2682.00	2682.00	2681.50	2681.00	2681.00	2681.00	2681.00	2680.50	2680.00	2680.00	2679.00	2679.00	2678.00	2677.00	2676.50	2675.50	2674.50	2673.50	2672.50	2671.00	2670.00	2668.50	2667.00	2666.00	2665.50	2664.50	2663.00	2662.00	2661.00	2661.00	2660.50	2660.00	2660.00	2660.00	2659.50	2659.00	2659.50	2660.00	2660.00	2660.00	2660.00	2660.00	2660.00	2660.00	2660.00	2660.00	2660.00	2660.00	2660.00	2660.00	2660.00	2660.00	2659.50	2659.00	2658.50	2658.00	2658.00	2658.00	2658.00	2657.00	2657.00	2657.00	2657.00	2656.50	2656.00	2656.00	2656.00	2656.00	2656.00	2656.00	2656.00	2656.00	2656.00	2656.00	2656.00	2656.00	2656.00	2656.00	2655.50	2655.00	2655.00	2655.00	2654.00	2654.00	2653.50	2653.00	2652.50	2652.00	2651.00	2651.00	2650.00	2650.00	2649.00	2649.00	2648.50	2648.00	2648.00	2647.00	2647.00	2647.00	2647.00	2647.00	2647.00	2647.00	2647.00	2647.00	2647.00	2647.00	2648.00	2648.00	2648.00	2648.00	2648.50	2649.00	2649.00	2649.00	2649.00	2649.50	2650.00	2650.00	2650.00	2650.00	2651.00	2651.00	2651.00	2651.00	2651.00	2651.50	2652.00	2652.00	2652.00	2652.00	2652.00	2652.00	2652.00	2652.00	2652.00	2651.50	2651.00	2651.00	2651.00	2651.00	2650.00	2650.00	2650.00	2650.00	2649.00	2649.00	2648.00	2648.00	2648.00	2648.00	2647.00	2647.00	2646.00	2646.00	2646.00	2645.50	2645.00	2645.00	2645.00	2645.00	2644.00	2644.00	2644.00	2644.00	2643.50	2643.00	2643.00	2643.00	2643.00	2642.00	2642.00	2642.00	2642.00	2642.00	2641.00	2641.00	2641.00	2641.00	2640.50	2640.00	2640.00	2640.00	2639.00	2639.00	2638.00	2637.50	2637.00	2635.50	2635.00	2634.50	2633.00	2633.00	2632.50	2632.00	2631.50	2631.00	2631.00	2630.00	2630.00	2629.00	2629.00	2628.50	2628.00	2628.00	2627.50	2627.00	2627.00	2626.00	2625.50	2625.00	2624.50	2624.00	2623.00	2623.00	2622.00	2622.00	2621.00	2620.50	2620.00	2619.00	2619.00	2618.00	2618.00	2617.50	2617.00	2617.00	2617.00	2617.00	2617.00	2617.00	2617.00	2617.00	2617.00	2617.00	2617.00	2617.00	2616.50	2616.00	2616.00	2616.00	2616.00	2616.00	2615.50	2615.00	2615.00
2683.00	2683.00	2683.00	2683.00	2683.00	2683.00	2682.00	2682.00	2682.00	2682.00	2682.00	2681.50	2681.00	2681.00	2681.00	2681.00	2680.50	2680.00	2680.00	2679.00	2679.00	2678.00	2677.00	2676.50	2675.50	2674.50	2673.50	2672.50	2671.00	2670.00	2668.50	2667.00	2666.00	2665.50	2664.50	2663.00	2662.00	2661.00	2661.00	2660.50	2660.00	2660.00	2660.00	2659.50	2659.00	2659.50	2660.00	2660.00	2660.00	2660.00	2660.00	2660.00	2660.00	2660.00	2660.00	2660.00	2660.00	2660.00	2660.00	2660.00	2660.00	2659.50	2659.00	2658.50	2658.00	2658.00	2658.00	2658.00	2657.00	2657.00	2657.00	2657.00	2656.50	2656.00	2656.00	2656.00	2656.00	2656.00	2656.00	2656.00	2656.00	2656.00	2656.00	2656.00	2656.00	2656.00	2656.00	2655.50	2655.00	2655.00	2655.00	2654.00	2654.00	2653.50	2653.00	2652.50	2652.00	2651.00	2651.00	2650.00	2650.00	2649.00	2649.00	2648.50	2648.00	2648.00	2647.00	2647.00	2647.00	2647.00	2647.00	2647.00	2647.00	2647.00	2647.00	2647.00	2647.00	2648.00	2648.00	2648.00	2648.00	2648.50	2649.00	2649.00	2649.00	2649.00	2649.50	2650.00	2650.00	2650.00	2650.00	2651.00	2651.00	2651.00	2651.00	2651.00	2651.50	2652.00	2652.00	2652.00	2652.00	2652.00	2652.00	2652.00	2652.00	2652.00	2651.50	2651.00	2651.00	2651.00	2651.00	2650.00	2650.00	2650.00	2650.00	2649.00	2649.00	2648.00	2648.00	2648.00	2648.00	2647.00	2647.00	2646.00	2646.00	2646.00	2645.50	2645.00	2645.00	2645.00	2645.00	2644.00	2644.00	2644.00	2644.00	2643.50	2643.00	2643.00	2643.00	2643.00	2642.00	2642.00	2642.00	2642.00	2642.00	2641.00	2641.00	2641.00	2641.00	2640.50	2640.00	2640.00	2640.00	2639.00	2639.00	2638.00	2637.50	2637.00	2635.50	2635.00	2634.50	2633.00	2633.00	2632.50	2632.00	2631.50	2631.00	2631.00	2630.00	2630.00	2629.00	2629.00	2628.50	2628.00	2628.00	2627.50	2627.00	2627.00	2626.00	2625.50	2625.00	2624.50	2624.00	2623.00	2623.00	2622.00	2622.00	2621.00	2620.50	2620.00	2619.00	2619.00	2618.00	2618.00	2617.50	2617.00	2617.00	2617.00	2617.00	2617.00	2617.00	2617.00	2617.00	2617.00	2617.00	2617.00	2617.00	2616.50	2616.00	2616.00	2616.00	2616.00	2616.00	2615.50	2615.00	2615.00
2683.00	2683.00	2683.00	2683.00	2683.00	2683.00	2682.00	2682.00	2682.00	2682.00	2682.00	2681.50	2681.00	2681.00	2681.00	2681.00	2680.50	2680.00	2680.00	2679.00	2679.00	2678.00	2677.00	2676.50	2675.50	2674.50	2673.50	2672.50	2671.00	2670.00	2668.50	2667.00	2666.00	2665.50	2664.50	2663.00	2662.00	2661.00	2661.00	2660.50	2660.00	2660.00	2660.00	2659.50	2659.00	2659.50	2660.00	2660.00	2660.00	2660.00	2660.00	2660.00	2660.00	2660.00	2660.00	2660.00	2660.00	2660.00	2660.00	2660.00	2660.00	2659.50	2659.00	2658.50	2658.00	2658.00	2658.00	2658.00	2657.00	2657.00	2657.00	2657.00	2656.50	2656.00	2656.00	2656.00	2656.00	2656.00	2656.00	2656.00	2656.00	2656.00	2656.00	2656.00	2656.00	2656.00	2656.00	2655.50	2655.00	2655.00	2655.00	2654.00	2654.00	2653.50	2653.00	2652.50	2652.00	2651.00	2651.00	2650.00	2650.00	2649.00	2649.00	2648.50	2648.00	2648.00	2647.00	2647.00	2647.00	2647.00	2647.00	2647.00	2647.00	2647.00	2647.00	2647.00	2647.00	2648.00	2648.00	2648.00	2648.00	2648.50	2649.00	2649.00	2649.00	2649.00	2649.50	2650.00	2650.00	2650.00	2650.00	2651.00	2651.00	2651.00	2651.00	2651.00	2651.50	2652.00	2652.00	2652.00	2652.00	2652.00	2652.00	2652.00	2652.00	2652.00	2651.50	2651.00	2651.00	2651.00	2651.00	2650.00	2650.00	2650.00	2650.00	2649.00	2649.00	2648.00	2648.00	2648.00	2648.00	2647.00	2647.00	2646.00	2646.00	2646.00	2645.50	2645.00	2645.00	2645.00	2645.00	2644.00	2644.00	2644.00	2644.00	2643.50	2643.00	2643.00	2643.00	2643.00	2642.00	2642.00	2642.00	2642.00	2642.00	2641.00	2641.00	2641.00	2641.00	2640.50	2640.00	2640.00	2640.00	2639.00	2639.00	2638.00	2637.50	2637.00	2635.50	2635.00	2634.50	2633.00	2633.00	2632.50	2632.00	2631.50	2631.00	2631.00	2630.00	2630.00	2629.00	2629.00	2628.50	2628.00	2628.00	2627.50	2627.00	2627.00	2626.00	2625.50	2625.00	2624.50	2624.00	2623.00	2623.00	2622.00	2622.00	2621.00	2620.50	2620.00	2619.00	2619.00	2618.00	2618.00	2617.50	2617.00	2617.00	2617.00	2617.00	2617.00	2617.00	2617.00	2617.00	2617.00	2617.00	2617.00	2617.00	2616.50	2616.00	2616.00	2616.00	2616.00	2616.00	2615.50	2615.00	2615.00
2683.50	2683.50	2683.50	2683.50	2683.00	2683.00	2682.00	2682.00	2682.00	2681.75	2681.50	2681.25	2681.00	2681.00	2680.50	2680.50	2680.00	2679.50	2679.25	2678.50	2678.25	2677.50	2676.50	2676.00	2675.00	2673.75	2672.75	2672.00	2670.50	2669.50	2668.00	2666.50	2665.25	2664.50	2663.75	2662.50	2661.50	2660.50	2660.50	2659.75	2659.50	2659.00	2659.00	2658.75	2659.00	2659.25	2659.50	2659.50	2659.50	2659.75	2660.00	2660.00	2660.00	2660.00	2659.75	2659.50	2659.50	2659.50	2659.50	2659.50	2659.50	2658.75	2658.50	2658.25	2657.75	2657.50	2657.50	2657.50	2656.50	2656.50	2656.50	2656.50	2656.25	2656.00	2655.75	2655.50	2655.50	2655.50	2655.50	2655.50	2655.50	2655.50	2655.50	2655.50	2655.00	2655.00	2655.00	2654.75	2654.25	2654.00	2654.00	2653.00	2653.00	2652.75	2652.00	2651.50	2651.00	2650.50	2650.00	2649.25	2649.00	2648.00	2648.00	2647.75	2647.25	2647.00	2646.50	2646.50	2646.75	2647.00	2647.00	2647.00	2647.00	2647.00	2647.50	2647.50	2647.50	2648.00	2648.00	2648.25	2648.50	2648.75	2649.00	2649.00	2649.50	2649.50	2649.75	2650.00	2650.00	2650.50	2650.50	2651.00	2651.00	2651.00	2651.00	2651.25	2651.75	2652.00	2652.00	2652.00	2652.00	2652.00	2652.00	2651.75	2651.50	2651.50	2651.25	2651.00	2650.50	2650.50	2650.50	2650.00	2650.00	2649.50	2649.50	2648.75	2648.50	2648.00	2647.75	2647.50	2647.50	2647.00	2646.50	2646.00	2645.50	2645.50	2645.25	2644.75	2644.50	2644.50	2644.50	2644.00	2643.75	2643.50	2643.50	2643.25	2643.00	2643.00	2642.50	2642.50	2641.75	2641.50	2641.50	2641.50	2641.25	2640.50	2640.50	2640.50	2640.00	2639.75	2639.50	2639.25	2639.00	2638.25	2638.00	2637.00	2636.50	2636.00	2634.75	2634.25	2633.75	2632.50	2632.25	2631.75	2631.50	2630.75	2630.25	2630.00	2629.50	2629.25	2628.50	2628.50	2628.00	2627.50	2627.25	2626.75	2626.50	2626.00	2625.50	2625.00	2624.25	2623.75	2623.25	2622.50	2622.00	2621.00	2621.00	2620.00	2619.75	2619.25	2618.50	2618.25	2617.50	2617.50	2616.75	2616.50	2616.50	2616.50	2616.50	2616.50	2616.25	2616.00	2616.00	2616.00	2616.00	2616.00	2616.00	2615.75	2615.50	2615.50	2615.50	2615.50	2615.50	2615.00	2614.50	2614.50
2684.00	2684.00	2684.00	2684.00	2683.00	2683.00	2682.00	2682.00	2682.00	2681.50	2681.00	2681.00	2681.00	2681.00	2680.00	2680.00	2679.50	2679.00	2678.50	2678.00	2677.50	2677.00	2676.00	2675.50	2674.50	2673.00	2672.00	2671.50	2670.00	2669.00	2667.50	2666.00	2664.50	2663.50	2663.00	2662.00	2661.00	2660.00	2660.00	2659.00	2659.00	2658.00	2658.00	2658.00	2659.00	2659.00	2659.00	2659.00	2659.00	2659.50	2660.00	2660.00	2660.00	2660.00	2659.50	2659.00	2659.00	2659.00	2659.00	2659.00	2659.00	2658.00	2658.00	2658.00	2657.50	2657.00	2657.00	2657.00	2656.00	2656.00	2656.00	2656.00	2656.00	2656.00	2655.50	2655.00	2655.00	2655.00	2655.00	2655.00	2655.00	2655.00	2655.00	2655.00	2654.00	2654.00	2654.00	2654.00	2653.50	2653.00	2653.00	2652.00	2652.00	2652.00	2651.00	2650.50	2650.00	2650.00	2649.00	2648.50	2648.00	2647.00	2647.00	2647.00	2646.50	2646.00	2646.00	2646.00	2646.50	2647.00	2647.00	2647.00	2647.00	2647.00	2648.00	2648.00	2648.00	2648.00	2648.00	2648.50	2649.00	2649.00	2649.00	2649.00	2650.00	2650.00	2650.00	2650.00	2650.00	2651.00	2651.00	2651.00	2651.00	2651.00	2651.00	2651.50	2652.00	2652.00	2652.00	2652.00	2652.00	2652.00	2652.00	2651.50	2651.00	2651.00	2651.00	2651.00	2650.00	2650.00	2650.00	2650.00	2650.00	2649.00	2649.00	2648.50	2648.00	2648.00	2647.50	2647.00	2647.00	2647.00	2646.00	2646.00	2645.00	2645.00	2645.00	2644.50	2644.00	2644.00	2644.00	2644.00	2643.50	2643.00	2643.00	2643.00	2643.00	2643.00	2642.00	2642.00	2641.50	2641.00	2641.00	2641.00	2640.50	2640.00	2640.00	2640.00	2639.00	2639.00	2639.00	2638.50	2638.00	2637.50	2637.00	2636.00	2635.50	2635.00	2634.00	2633.50	2633.00	2632.00	2631.50	2631.00	2631.00	2630.00	2629.50	2629.00	2629.00	2628.50	2628.00	2628.00	2627.50	2627.00	2626.50	2626.00	2626.00	2625.00	2625.00	2624.50	2623.50	2623.00	2622.50	2622.00	2621.00	2620.00	2620.00	2619.00	2619.00	2618.50	2618.00	2617.50	2617.00	2617.00	2616.00	2616.00	2616.00	2616.00	2616.00	2616.00	2615.50	2615.00	2615.00	2615.00	2615.00	2615.00	2615.00	2615.00	2615.00	2615.00	2615.00	2615.00	2615.00	2614.50	2614.00	2614.00
2684.00	2684.00	2684.00	2684.00	2683.00	2683.00	2682.00	2682.00	2682.00	2681.50	2681.00	2681.00	2681.00	2681.00	2680.00	2680.00	2679.50	2679.00	2678.50	2678.00	2677.50	2677.00	2676.00	2675.50	2674.50	2673.00	2672.00	2671.50	2670.00	2669.00	2667.50	2666.00	2664.50	2663.50	2663.00	2662.00	2661.00	2660.00	2660.00	2659.00	2659.00	2658.00	2658.00	2658.00	2659.00	2659.00	2659.00	2659.00	2659.00	2659.50	2660.00	2660.00	2660.00	2660.00	2659.50	2659.00	2659.00	2659.00	2659.00	2659.00	2659.00	2658.00	2658.00	2658.00	2657.50	2657.00	2657.00	2657.00	2656.00	2656.00	2656.00	2656.00	2656.00	2656.00	2655.50	2655.00	2655.00	2655.00	2655.00	2655.00	2655.00	2655.00	2655.00	2655.00	2654.00	2654.00	2654.00	2654.00	2653.50	2653.00	2653.00	2652.00	2652.00	2652.00	2651.00	2650.50	2650.00	2650.00	2649.00	2648.50	2648.00	2647.00	2647.00	2647.00	2646.50	2646.00	2646.00	2646.00	2646.50	2647.00	2647.00	2647.00	2647.00	2647.00	2648.00	2648.00	2648.00	2648.00	2648.00	2648.50	2649.00	2649.00	2649.00	2649.00	2650.00	2650.00	2650.00	2650.00	2650.00	2651.00	2651.00	2651.00	2651.00	2651.00	2651.00	2651.50	2652.00	2652.00	2652.00	2652.00	2652.00	2652.00	2652.00	2651.50	2651.00	2651.00	2651.00	2651.00	2650.00	2650.00	2650.00	2650.00	2650.00	2649.00	2649.00	2648.50	2648.00	2648.00	2647.50	2647.00	2647.00	2647.00	2646.00	2646.00	2645.00	2645.00	2645.00	2644.50	2644.00	2644.00	2644.00	2644.00	2643.50	2643.00	2643.00	2643.00	2643.00	2643.00	2642.00	2642.00	2641.50	2641.00	2641.00	2641.00	2640.50	2640.00	2640.00	2640.00	2639.00	2639.00	2639.00	2638.50	2638.00	2637.50	2637.00	2636.00	2635.50	2635.00	2634.00	2633.50	2633.00	2632.00	2631.50	2631.00	2631.00	2630.00	2629.50	2629.00	2629.00	2628.50	2628.00	2628.00	2627.50	2627.00	2626.50	2626.00	2626.00	2625.00	2625.00	2624.50	2623.50	2623.00	2622.50	2622.00	2621.00	2620.00	2620.00	2619.00	2619.00	2618.50	2618.00	2617.50	2617.00	2617.00	2616.00	2616.00	2616.00	2616.00	2616.00	2616.00	2615.50	2615.00	2615.00	2615.00	2615.00	2615.00	2615.00	2615.00	2615.00	2615.00	2615.00	2615.00	2615.00	2614.50	2614.00	2614.00
2684.50	2684.00	2684.00	2683.50	2683.00	2683.00	2682.00	2682.00	2681.75	2681.25	2680.75	2680.50	2680.00	2680.00	2679.25	2679.00	2678.25	2677.75	2677.25	2677.00	2676.00	2675.50	2674.50	2673.75	2673.00	2671.75	2670.75	2670.00	2668.50	2667.50	2666.00	2665.00	2663.50	2662.75	2662.25	2661.00	2660.25	2659.50	2659.00	2658.50	2658.50	2658.00	2658.00	2658.00	2658.50	2658.50	2658.50	2658.50	2659.00	2659.25	2659.50	2659.50	2659.50	2659.50	2659.25	2659.00	2659.00	2658.50	2658.50	2658.50	2658.50	2657.75	2657.50	2657.50	2657.25	2657.00	2657.00	2656.50	2656.00	2656.00	2655.50	2655.50	2655.50	2655.50	2655.25	2655.00	2655.00	2654.50	2654.50	2654.50	2654.50	2654.50	2654.50	2654.00	2653.50	2653.50	2653.50	2653.25	2652.75	2652.50	2652.25	2651.50	2651.25	2651.00	2650.50	2649.75	2649.50	2649.00	2648.50	2648.25	2648.00	2647.00	2647.00	2647.00	2646.25	2646.25	2646.50	2646.50	2646.75	2647.00	2647.25	2647.50	2647.50	2647.50	2648.00	2648.00	2648.50	2648.50	2648.50	2648.75	2649.25	2649.50	2649.50	2649.50	2650.00	2650.00	2650.25	2650.50	2650.50	2651.00	2651.00	2651.00	2651.00	2651.00	2651.00	2651.50	2652.00	2652.00	2652.00	2652.00	2651.75	2651.50	2651.50	2651.25	2651.00	2650.50	2650.50	2650.50	2650.00	2650.00	2649.75	2649.50	2649.50	2649.00	2648.50	2648.25	2647.75	2647.50	2647.25	2646.75	2646.50	2646.50	2645.50	2645.50	2644.75	2644.50	2644.50	2644.25	2644.00	2643.50	2643.50	2643.50	2643.25	2642.50	2642.50	2642.50	2642.00	2642.00	2641.50	2641.50	2641.00	2640.50	2640.50	2640.00	2639.75	2639.00	2639.00	2638.75	2638.00	2637.75	2637.50	2637.25	2636.50	2636.00	2635.50	2634.50	2634.00	2633.50	2632.50	2632.00	2631.50	2630.50	2630.25	2630.00	2630.00	2629.00	2628.75	2628.50	2628.00	2627.75	2627.50	2627.25	2626.75	2626.50	2625.75	2625.50	2625.00	2624.50	2624.00	2623.50	2622.50	2622.00	2621.75	2621.00	2620.50	2619.50	2619.00	2618.25	2618.00	2617.75	2617.00	2616.75	2616.00	2616.00	2615.25	2615.00	2615.00	2615.00	2615.00	2615.00	2614.75	2614.50	2614.50	2614.50	2614.50	2614.50	2614.50	2614.50	2614.50	2614.50	2614.25	2614.00	2614.00	2613.75	2613.50	2613.50
2685.00	2684.00	2684.00	2683.00	2683.00	2683.00	2682.00	2682.00	2681.50	2681.00	2680.50	2680.00	2679.00	2679.00	2678.50	2678.00	2677.00	2676.50	2676.00	2676.00	2674.50	2674.00	2673.00	2672.00	2671.50	2670.50	2669.50	2668.50	2667.00	2666.00	2664.50	2664.00	2662.50	2662.00	2661.50	2660.00	2659.50	2659.00	2658.00	2658.00	2658.00	2658.00	2658.00	2658.00	2658.00	2658.00	2658.00	2658.00	2659.00	2659.00	2659.00	2659.00	2659.00	2659.00	2659.00	2659.00	2659.00	2658.00	2658.00	2658.00	2658.00	2657.50	2657.00	2657.00	2657.00	2657.00	2657.00	2656.00	2656.00	2656.00	2655.00	2655.00	2655.00	2655.00	2655.00	2655.00	2655.00	2654.00	2654.00	2654.00	2654.00	2654.00	2654.00	2653.00	2653.00	2653.00	2653.00	2652.50	2652.00	2652.00	2651.50	2651.00	2650.50	2650.00	2650.00	2649.00	2649.00	2648.00	2648.00	2648.00	2648.00	2647.00	2647.00	2647.00	2646.00	2646.50	2647.00	2647.00	2647.00	2647.00	2647.50	2648.00	2648.00	2648.00	2648.00	2648.00	2649.00	2649.00	2649.00	2649.00	2649.50	2650.00	2650.00	2650.00	2650.00	2650.00	2650.50	2651.00	2651.00	2651.00	2651.00	2651.00	2651.00	2651.00	2651.00	2651.50	2652.00	2652.00	2652.00	2652.00	2651.50	2651.00	2651.00	2651.00	2651.00	2650.00	2650.00	2650.00	2650.00	2650.00	2649.50	2649.00	2649.00	2649.00	2648.00	2648.00	2647.50	2647.00	2647.00	2646.50	2646.00	2646.00	2645.00	2645.00	2644.50	2644.00	2644.00	2644.00	2644.00	2643.00	2643.00	2643.00	2643.00	2642.00	2642.00	2642.00	2641.00	2641.00	2641.00	2641.00	2640.50	2640.00	2640.00	2639.00	2639.00	2638.00	2638.00	2637.50	2637.00	2636.50	2636.00	2636.00	2635.00	2634.50	2634.00	2633.00	2632.50	2632.00	2631.00	2630.50	2630.00	2629.00	2629.00	2629.00	2629.00	2628.00	2628.00	2628.00	2627.00	2627.00	2627.00	2626.50	2626.00	2626.00	2625.00	2625.00	2624.00	2624.00	2623.00	2622.50	2621.50	2621.00	2621.00	2620.00	2620.00	2619.00	2618.00	2617.50	2617.00	2617.00	2616.00	2616.00	2615.00	2615.00	2614.50	2614.00	2614.00	2614.00	2614.00	2614.00	2614.00	2614.00	2614.00	2614.00	2614.00	2614.00	2614.00	2614.00	2614.00	2614.00	2613.50	2613.00	2613.00	2613.00	2613.00	2613.00
2685.00	2684.00	2684.00	2683.00	2683.00	2683.00	2682.00	2682.00	2681.50	2681.00	2680.50	2680.00	2679.00	2679.00	2678.50	2678.00	2677.00	2676.50	2676.00	2676.00	2674.50	2674.00	2673.00	2672.00	2671.50	2670.50	2669.50	2668.50	2667.00	2666.00	2664.50	2664.00	2662.50	2662.00	2661.50	2660.00	2659.50	2659.00	2658.00	2658.00	2658.00	2658.00	2658.00	2658.00	2658.00	2658.00	2658.00	2658.00	2659.00	2659.00	2659.00	2659.00	2659.00	2659.00	2659.00	2659.00	2659.00	2658.00	2658.00	2658.00	2658.00	2657.50	2657.00	2657.00	2657.00	2657.00	2657.00	2656.00	2656.00	2656.00	2655.00	2655.00	2655.00	2655.00	2655.00	2655.00	2655.00	2654.00	2654.00	2654.00	2654.00	2654.00	2654.00	2653.00	2653.00	2653.00	2653.00	2652.50	2652.00	2652.00	2651.50	2651.00	2650.50	2650.00	2650.00	2649.00	2649.00	2648.00	2648.00	2648.00	2648.00	2647.00	2647.00	2647.00	2646.00	2646.50	2647.00	2647.00	2647.00	2647.00	2647.50	2648.00	2648.00	2648.00	2648.00	2648.00	2649.00	2649.00	2649.00	2649.00	2649.50	2650.00	2650.00	2650.00	2650.00	2650.00	2650.50	2651.00	2651.00	2651.00	2651.00	2651.00	2651.00	2651.00	2651.00	2651.50	2652.00	2652.00	2652.00	2652.00	2651.50	2651.00	2651.00	2651.00	2651.00	2650.00	2650.00	2650.00	2650.00	2650.00	2649.50	2649.00	2649.00	2649.00	2648.00	2648.00	2647.50	2647.00	2647.00	2646.50	2646.00	2646.00	2645.00	2645.00	2644.50	2644.00	2644.00	2644.00	2644.00	2643.00	2643.00	2643.00	2643.00	2642.00	2642.00	2642.00	2641.00	2641.00	2641.00	2641.00	2640.50	2640.00	2640.00	2639.00	2639.00	2638.00	2638.00	2637.50	2637.00	2636.50	2636.00	2636.00	2635.00	2634.50	2634.00	2633.00	2632.50	2632.00	2631.00	2630.50	2630.00	2629.00	2629.00	2629.00	2629.00	2628.00	2628.00	2628.00	2627.00	2627.00	2627.00	2626.50	2626.00	2626.00	2625.00	2625.00	2624.00	2624.00	2623.00	2622.50	2621.50	2621.00	2621.00	2620.00	2620.00	2619.00	2618.00	2617.50	2617.00	2617.00	2616.00	2616.00	2615.00	2615.00	2614.50	2614.00	2614.00	2614.00	2614.00	2614.00	2614.00	2614.00	2614.00	2614.00	2614.00	2614.00	2614.00	2614.00	2614.00	2614.00	2613.50	2613.00	2613.00	2613.00	2613.00	2613.00
2685.00	2684.00	2684.00	2683.00	2683.00	2683.00	2682.00	2682.00	2681.50	2681.00	2680.50	2680.00	2679.00	2679.00	2678.50	2678.00	2677.00	2676.50	2676.00	2676.00	2674.50	2674.00	2673.00	2672.00	2671.50	2670.50	2669.50	2668.50	2667.00	2666.00	2664.50	2664.00	2662.50	2662.00	2661.50	2660.00	2659.50	2659.00	2658.00	2658.00	2658.00	2658.00	2658.00	2658.00	2658.00	2658.00	2658.00	2658.00	2659.00	2659.00	2659.00	2659.00	2659.00	2659.00	2659.00	2659.00	2659.00	2658.00	2658.00	2658.00	2658.00	2657.50	2657.00	2657.00	2657.00	2657.00	2657.00	2656.00	2656.00	2656.00	2655.00	2655.00	2655.00	2655.00	2655.00	2655.00	2655.00	2654.00	2654.00	2654.00	2654.00	2654.00	2654.00	2653.00	2653.00	2653.00	2653.00	2652.50	2652.00	2652.00	2651.50	2651.00	2650.50	2650.00	2650.00	2649.00	2649.00	2648.00	2648.00	2648.00	2648.00	2647.00	2647.00	2647.00	2646.00	2646.50	2647.00	2647.00	2647.00	2647.00	2647.50	2648.00	2648.00	2648.00	2648.00	2648.00	2649.00	2649.00	2649.00	2649.00	2649.50	2650.00	2650.00	2650.00	2650.00	2650.00	2650.50	2651.00	2651.00	2651.00	2651.00	2651.00	2651.00	2651.00	2651.00	2651.50	2652.00	2652.00	2652.00	2652.00	2651.50	2651.00	2651.00	2651.00	2651.00	2650.00	2650.00	2650.00	2650.00	2650.00	2649.50	2649.00	2649.00	2649.00	2648.00	2648.00	2647.50	2647.00	2647.00	2646.50	2646.00	2646.00	2645.00	2645.00	2644.50	2644.00	2644.00	2644.00	2644.00	2643.00	2643.00	2643.00	2643.00	2642.00	2642.00	2642.00	2641.00	2641.00	2641.00	2641.00	2640.50	2640.00	2640.00	2639.00	2639.00	2638.00	2638.00	2637.50	2637.00	2636.50	2636.00	2636.00	2635.00	2634.50	2634.00	2633.00	2632.50	2632.00	2631.00	2630.50	2630.00	2629.00	2629.00	2629.00	2629.00	2628.00	2628.00	2628.00	2627.00	2627.00	2627.00	2626.50	2626.00	2626.00	2625.00	2625.00	2624.00	2624.00	2623.00	2622.50	2621.50	2621.00	2621.00	2620.00	2620.00	2619.00	2618.00	2617.50	2617.00	2617.00	2616.00	2616.00	2615.00	2615.00	2614.50	2614.00	2614.00	2614.00	2614.00	2614.00	2614.00	2614.00	2614.00	2614.00	2614.00	2614.00	2614.00	2614.00	2614.00	2614.00	2613.50	2613.00	2613.00	2613.00	2613.00	2613.00
2684.00	2683.50	2683.00	2682.00	2682.00	2681.00	2681.00	2680.00	2679.50	2678.50	2678.00	2677.50	2677.00	2676.00	2675.50	2675.00	2674.00	2673.50	2672.50	2672.00	2671.00	2670.00	2669.00	2668.50	2668.00	2667.00	2666.00	2665.50	2664.00	2663.00	2662.00	2661.00	2660.50	2660.00	2659.50	2659.00	2658.00	2658.00	2658.00	2657.00	2657.00	2657.00	2657.00	2657.50	2658.00	2658.00	2658.00	2658.00	2658.00	2658.00	2658.00	2658.00	2659.00	2658.00	2658.00	2658.00	2658.00	2658.00	2658.00	2658.00	2658.00	2658.00	2657.50	2657.00	2656.50	2656.00	2656.00	2656.00	2656.00	2656.00	2655.00	2655.00	2655.00	2654.50	2654.00	2654.00	2654.00	2654.00	2653.00	2653.00	2653.00	2653.00	2652.00	2652.00	2652.00	2652.00	2651.50	2651.00	2651.00	2650.50	2650.00	2650.00	2649.50	2649.00	2649.00	2648.00	2648.00	2648.00	2648.00	2647.00	2647.00	2647.00	2647.00	2647.00	2647.00	2647.00	2647.00	2648.00	2648.00	2648.00	2648.00	2648.00	2648.50	2649.00	2649.00	2649.00	2649.00	2649.50	2650.00	2650.00	2650.00	2650.00	2650.00	2650.00	2650.00	2650.00	2650.00	2650.50	2651.00	2651.00	2651.00	2651.00	2651.00	2651.00	2651.00	2651.00	2651.00	2651.00	2651.00	2651.00	2651.00	2651.00	2651.00	2650.50	2650.00	2650.00	2650.00	2649.00	2649.00	2649.00	2649.00	2648.50	2648.00	2648.00	2648.00	2647.50	2647.00	2646.50	2646.00	2646.00	2646.00	2645.00	2645.00	2644.00	2644.00	2643.50	2643.00	2643.00	2642.50	2642.00	2642.00	2642.00	2641.50	2641.00	2641.00	2640.50	2640.00	2640.00	2639.00	2639.00	2638.00	2638.00	2637.50	2637.00	2636.50	2636.00	2636.00	2635.00	2635.00	2634.00	2633.50	2633.00	2632.00	2631.50	2631.00	2630.00	2629.50	2629.00	2628.00	2628.00	2628.00	2628.00	2627.00	2627.00	2627.00	2627.00	2626.50	2626.00	2626.00	2626.00	2626.00	2625.00	2625.00	2625.00	2624.00	2623.50	2623.00	2622.00	2621.50	2621.00	2620.00	2619.50	2619.00	2618.00	2618.00	2617.00	2616.00	2616.00	2615.50	2615.00	2614.50	2614.00	2614.00	2613.00	2613.00	2613.00	2613.00	2613.00	2613.00	2612.00	2612.00	2612.00	2612.00	2612.00	2612.00	2612.00	2612.00	2612.50	2613.00	2612.00	2612.00	2612.00	2612.00	2612.00	2612.00	2612.00
2684.00	2683.50	2683.00	2682.00	2682.00	2681.00	2681.00	2680.00	2679.50	2678.50	2678.00	2677.50	2677.00	2676.00	2675.50	2675.00	2674.00	2673.50	2672.50	2672.00	2671.00	2670.00	2669.00	2668.50	2668.00	2667.00	2666.00	2665.50	2664.00	2663.00	2662.00	2661.00	2660.50	2660.00	2659.50	2659.00	2658.00	2658.00	2658.00	2657.00	2657.00	2657.00	2657.00	2657.50	2658.00	2658.00	2658.00	2658.00	2658.00	2658.00	2658.00	2658.00	2659.00	2658.00	2658.00	2658.00	2658.00	2658.00	2658.00	2658.00	2658.00	2658.00	2657.50	2657.00	2656.50	2656.00	2656.00	2656.00	2656.00	2656.00	2655.00	2655.00	2655.00	2654.50	2654.00	2654.00	2654.00	2654.00	2653.00	2653.00	2653.00	2653.00	2652.00	2652.00	2652.00	2652.00	2651.50	2651.00	2651.00	2650.50	2650.00	2650.00	2649.50	2649.00	2649.00	2648.00	2648.00	2648.00	2648.00	2647.00	2647.00	2647.00	2647.00	2647.00	2647.00	2647.00	2647.00	2648.00	2648.00	2648.00	2648.00	2648.00	2648.50	2649.00	2649.00	2649.00	2649.00	2649.50	2650.00	2650.00	2650.00	2650.00	2650.00	2650.00	2650.00	2650.00	2650.00	2650.50	2651.00	2651.00	2651.00	2651.00	2651.00	2651.00	2651.00	2651.00	2651.00	2651.00	2651.00	2651.00	2651.00	2651.00	2651.00	2650.50	2650.00	2650.00	2650.00	2649.00	2649.00	2649.00	2649.00	2648.50	2648.00	2648.00	2648.00	2647.50	2647.00	2646.50	2646.00	2646.00	2646.00	2645.00	2645.00	2644.00	2644.00	2643.50	2643.00	2643.00	2642.50	2642.00	2642.00	2642.00	2641.50	2641.00	2641.00	2640.50	2640.00	2640.00	2639.00	2639.00	2638.00	2638.00	2637.50	2637.00	2636.50	2636.00	2636.00	2635.00	2635.00	2634.00	2633.50	2633.00	2632.00	2631.50	2631.00	2630.00	2629.50	2629.00	2628.00	2628.00	2628.00	2628.00	2627.00	2627.00	2627.00	2627.00	2626.50	2626.00	2626.00	2626.00	2626.00	2625.00	2625.00	2625.00	2624.00	2623.50	2623.00	2622.00	2621.50	2621.00	2620.00	2619.50	2619.00	2618.00	2618.00	2617.00	2616.00	2616.00	2615.50	2615.00	2614.50	2614.00	2614.00	2613.00	2613.00	2613.00	2613.00	2613.00	2613.00	2612.00	2612.00	2612.00	2612.00	2612.00	2612.00	2612.00	2612.00	2612.50	2613.00	2612.00	2612.00	2612.00	2612.00	2612.00	2612.00	2612.00
2684.00	2683.50	2683.00	2682.00	2682.00	2681.00	2681.00	2680.00	2679.50	2678.50	2678.00	2677.50	2677.00	2676.00	2675.50	2675.00	2674.00	2673.50	2672.50	2672.00	2671.00	2670.00	2669.00	2668.50	2668.00	2667.00	2666.00	2665.50	2664.00	2663.00	2662.00	2661.00	2660.50	2660.00	2659.50	2659.00	2658.00	2658.00	2658.00	2657.00	2657.00	2657.00	2657.00	2657.50	2658.00	2658.00	2658.00	2658.00	2658.00	2658.00	2658.00	2658.00	2659.00	2658.00	2658.00	2658.00	2658.00	2658.00	2658.00	2658.00	2658.00	2658.00	2657.50	2657.00	2656.50	2656.00	2656.00	2656.00	2656.00	2656.00	2655.00	2655.00	2655.00	2654.50	2654.00	2654.00	2654.00	2654.00	2653.00	2653.00	2653.00	2653.00	2652.00	2652.00	2652.00	2652.00	2651.50	2651.00	2651.00	2650.50	2650.00	2650.00	2649.50	2649.00	2649.00	2648.00	2648.00	2648.00	2648.00	2647.00	2647.00	2647.00	2647.00	2647.00	2647.00	2647.00	2647.00	2648.00	2648.00	2648.00	2648.00	2648.00	2648.50	2649.00	2649.00	2649.00	2649.00	2649.50	2650.00	2650.00	2650.00	2650.00	2650.00	2650.00	2650.00	2650.00	2650.00	2650.50	2651.00	2651.00	2651.00	2651.00	2651.00	2651.00	2651.00	2651.00	2651.00	2651.00	2651.00	2651.00	2651.00	2651.00	2651.00	2650.50	2650.00	2650.00	2650.00	2649.00	2649.00	2649.00	2649.00	2648.50	2648.00	2648.00	2648.00	2647.50	2647.00	2646.50	2646.00	2646.00	2646.00	2645.00	2645.00	2644.00	2644.00	2643.50	2643.00	2643.00	2642.50	2642.00	2642.00	2642.00	2641.50	2641.00	2641.00	2640.50	2640.00	2640.00	2639.00	2639.00	2638.00	2638.00	2637.50	2637.00	2636.50	2636.00	2636.00	2635.00	2635.00	2634.00	2633.50	2633.00	2632.00	2631.50	2631.00	2630.00	2629.50	2629.00	2628.00	2628.00	2628.00	2628.00	2627.00	2627.00	2627.00	2627.00	2626.50	2626.00	2626.00	2626.00	2626.00	2625.00	2625.00	2625.00	2624.00	2623.50	2623.00	2622.00	2621.50	2621.00	2620.00	2619.50	2619.00	2618.00	2618.00	2617.00	2616.00	2616.00	2615.50	2615.00	2614.50	2614.00	2614.00	2613.00	2613.00	2613.00	2613.00	2613.00	2613.00	2612.00	2612.00	2612.00	2612.00	2612.00	2612.00	2612.00	2612.00	2612.50	2613.00	2612.00	2612.00	2612.00	2612.00	2612.00	2612.00	2612.00
2683.00	2682.00	2681.50	2681.00	2680.00	2679.00	2679.00	2677.50	2677.00	2676.00	2675.00	2674.50	2674.00	2673.00	2672.00	2671.00	2669.50	2669.00	2668.50	2667.00	2666.50	2666.00	2665.00	2664.50	2664.00	2663.50	2662.50	2662.00	2661.00	2661.00	2660.00	2659.00	2658.50	2658.00	2658.00	2658.00	2657.00	2657.00	2657.00	2657.00	2657.00	2658.00	2658.00	2658.00	2658.00	2658.00	2658.00	2658.00	2658.00	2658.00	2658.00	2658.00	2658.00	2658.00	2658.00	2658.00	2658.00	2658.00	2658.00	2658.00	2658.00	2658.00	2657.50	2657.00	2657.00	2657.00	2657.00	2656.00	2656.00	2656.00	2655.00	2655.00	2654.50	2654.00	2654.00	2654.00	2653.00	2653.00	2653.00	2652.00	2652.00	2652.00	2651.00	2651.00	2651.00	2651.00	2650.00	2650.00	2650.00	2650.00	2649.50	2649.00	2649.00	2649.00	2649.00	2648.00	2648.00	2648.00	2648.00	2648.00	2648.00	2648.00	2648.00	2648.00	2648.00	2648.00	2649.00	2649.00	2649.00	2649.00	2649.50	2650.00	2650.00	2650.00	2650.00	2650.00	2650.00	2650.00	2650.00	2650.00	2650.00	2650.00	2650.00	2650.00	2650.00	2650.00	2650.00	2650.00	2650.50	2651.00	2651.00	2651.00	2651.00	2651.00	2651.00	2651.00	2651.00	2651.00	2651.00	2651.00	2651.00	2651.00	2651.00	2650.50	2650.00	2650.00	2649.50	2649.00	2649.00	2648.50	2648.00	2648.00	2647.50	2647.00	2647.00	2646.50	2646.00	2645.50	2645.00	2645.00	2644.00	2644.00	2643.00	2643.00	2642.50	2642.00	2642.00	2641.50	2641.00	2641.00	2640.00	2640.00	2640.00	2639.00	2639.00	2639.00	2639.00	2638.00	2637.00	2637.00	2636.00	2635.50	2635.00	2634.50	2634.00	2634.00	2633.00	2632.50	2632.00	2631.00	2630.50	2630.00	2629.00	2628.50	2628.00	2627.00	2627.00	2627.00	2626.00	2626.00	2626.00	2626.00	2625.50	2625.00	2625.00	2625.00	2625.00	2625.00	2625.00	2625.00	2625.00	2624.00	2624.00	2623.50	2623.00	2622.50	2621.00	2621.00	2619.50	2619.00	2618.00	2618.00	2617.50	2617.00	2616.00	2615.00	2615.00	2614.00	2613.50	2613.00	2612.50	2612.00	2612.00	2611.00	2611.00	2611.00	2611.00	2611.00	2611.00	2611.00	2611.00	2611.00	2611.00	2611.00	2611.00	2611.00	2611.00	2611.00	2611.00	2611.00	2611.00	2611.00	2611.00	2611.00	2611.00	2612.00
2683.00	2682.00	2681.50	2681.00	2680.00	2679.00	2679.00	2677.50	2677.00	2676.00	2675.00	2674.50	2674.00	2673.00	2672.00	2671.00	2669.50	2669.00	2668.50	2667.00	2666.50	2666.00	2665.00	2664.50	2664.00	2663.50	2662.50	2662.00	2661.00	2661.00	2660.00	2659.00	2658.50	2658.00	2658.00	2658.00	2657.00	2657.00	2657.00	2657.00	2657.00	2658.00	2658.00	2658.00	2658.00	2658.00	2658.00	2658.00	2658.00	2658.00	2658.00	2658.00	2658.00	2658.00	2658.00	2658.00	2658.00	2658.00	2658.00	2658.00	2658.00	2658.00	2657.50	2657.00	2657.00	2657.00	2657.00	2656.00	2656.00	2656.00	2655.00	2655.00	2654.50	2654.00	2654.00	2654.00	2653.00	2653.00	2653.00	2652.00	2652.00	2652.00	2651.00	2651.00	2651.00	2651.00	2650.00	2650.00	2650.00	2650.00	2649.50	2649.00	2649.00	2649.00	2649.00	2648.00	2648.00	2648.00	2648.00	2648.00	2648.00	2648.00	2648.00	2648.00	2648.00	2648.00	2649.00	2649.00	2649.00	2649.00	2649.50	2650.00	2650.00	2650.00	2650.00	2650.00	2650.00	2650.00	2650.00	2650.00	2650.00	2650.00	2650.00	2650.00	2650.00	2650.00	2650.00	2650.00	2650.50	2651.00	2651.00	2651.00	2651.00	2651.00	2651.00	2651.00	2651.00	2651.00	2651.00	2651.00	2651.00	2651.00	2651.00	2650.50	2650.00	2650.00	2649.50	2649.00	2649.00	2648.50	2648.00	2648.00	2647.50	2647.00	2647.00	2646.50	2646.00	2645.50	2645.00	2645.00	2644.00	2644.00	2643.00	2643.00	2642.50	2642.00	2642.00	2641.50	2641.00	2641.00	2640.00	2640.00	2640.00	2639.00	2639.00	2639.00	2639.00	2638.00	2637.00	2637.00	2636.00	2635.50	2635.00	2634.50	2634.00	2634.00	2633.00	2632.50	2632.00	2631.00	2630.50	2630.00	2629.00	2628.50	2628.00	2627.00	2627.00	2627.00	2626.00	2626.00	2626.00	2626.00	2625.50	2625.00	2625.00	2625.00	2625.00	2625.00	2625.00	2625.00	2625.00	2624.00	2624.00	2623.50	2623.00	2622.50	2621.00	2621.00	2619.50	2619.00	2618.00	2618.00	2617.50	2617.00	2616.00	2615.00	2615.00	2614.00	2613.50	2613.00	2612.50	2612.00	2612.00	2611.00	2611.00	2611.00	2611.00	2611.00	2611.00	2611.00	2611.00	2611.00	2611.00	2611.00	2611.00	2611.00	2611.00	2611.00	2611.00	2611.00	2611.00	2611.00	2611.00	2611.00	2611.00	2612.00
2683.00	2682.00	2681.50	2681.00	2680.00	2679.00	2679.00	2677.50	2677.00	2676.00	2675.00	2674.50	2674.00	2673.00	2672.00	2671.00	2669.50	2669.00	2668.50	2667.00	2666.50	2666.00	2665.00	2664.50	2664.00	2663.50	2662.50	2662.00	2661.00	2661.00	2660.00	2659.00	2658.50	2658.00	2658.00	2658.00	2657.00	2657.00	2657.00	2657.00	2657.00	2658.00	2658.00	2658.00	2658.00	2658.00	2658.00	2658.00	2658.00	2658.00	2658.00	2658.00	2658.00	2658.00	2658.00	2658.00	2658.00	2658.00	2658.00	2658.00	2658.00	2658.00	2657.50	2657.00	2657.00	2657.00	2657.00	2656.00	2656.00	2656.00	2655.00	2655.00	2654.50	2654.00	2654.00	2654.00	2653.00	2653.00	2653.00	2652.00	2652.00	2652.00	2651.00	2651.00	2651.00	2651.00	2650.00	2650.00	2650.00	2650.00	2649.50	2649.00	2649.00	2649.00	2649.00	2648.00	2648.00	2648.00	2648.00	2648.00	2648.00	2648.00	2648.00	2648.00	2648.00	2648.00	2649.00	2649.00	2649.00	2649.00	2649.50	2650.00	2650.00	2650.00	2650.00	2650.00	2650.00	2650.00	2650.00	2650.00	2650.00	2650.00	2650.00	2650.00	2650.00	2650.00	2650.00	2650.00	2650.50	2651.00	2651.00	2651.00	2651.00	2651.00	2651.00	2651.00	2651.00	2651.00	2651.00	2651.00	2651.00	2651.00	2651.00	2650.50	2650.00	2650.00	2649.50	2649.00	2649.00	2648.50	2648.00	2648.00	2647.50	2647.00	2647.00	2646.50	2646.00	2645.50	2645.00	2645.00	2644.00	2644.00	2643.00	2643.00	2642.50	2642.00	2642.00	2641.50	2641.00	2641.00	2640.00	2640.00	2640.00	2639.00	2639.00	2639.00	2639.00	2638.00	2637.00	2637.00	2636.00	2635.50	2635.00	2634.50	2634.00	2634.00	2633.00	2632.50	2632.00	2631.00	2630.50	2630.00	2629.00	2628.50	2628.00	2627.00	2627.00	2627.00	2626.00	2626.00	2626.00	2626.00	2625.50	2625.00	2625.00	2625.00	2625.00	2625.00	2625.00	2625.00	2625.00	2624.00	2624.00	2623.50	2623.00	2622.50	2621.00	2621.00	2619.50	2619.00	2618.00	2618.00	2617.50	2617.00	2616.00	2615.00	2615.00	2614.00	2613.50	2613.00	2612.50	2612.00	2612.00	2611.00	2611.00	2611.00	2611.00	2611.00	2611.00	2611.00	2611.00	2611.00	2611.00	2611.00	2611.00	2611.00	2611.00	2611.00	2611.00	2611.00	2611.00	2611.00	2611.00	2611.00	2611.00	2612.00
2682.00	2681.00	2680.50	2680.00	2679.00	2678.00	2677.50	2676.00	2675.50	2674.50	2673.25	2672.75	2672.00	2671.00	2670.00	2669.00	2667.75	2667.25	2666.75	2665.50	2664.75	2664.00	2663.50	2662.75	2662.50	2662.00	2661.25	2661.00	2660.00	2660.00	2659.00	2658.50	2658.25	2658.00	2658.00	2658.00	2657.50	2657.50	2657.50	2657.50	2657.50	2658.00	2658.25	2658.50	2658.50	2658.50	2658.50	2658.50	2658.00	2658.00	2658.00	2658.00	2658.00	2658.00	2658.00	2658.00	2658.00	2658.00	2658.00	2658.00	2658.00	2658.00	2657.75	2657.50	2657.25	2657.00	2657.00	2656.50	2656.00	2656.00	2655.00	2655.00	2654.50	2654.00	2654.00	2653.50	2653.00	2652.50	2652.50	2651.50	2651.50	2651.50	2651.00	2650.50	2650.50	2650.50	2650.00	2649.75	2649.50	2649.50	2649.25	2649.00	2649.00	2649.00	2649.00	2648.50	2648.50	2648.50	2648.50	2648.00	2648.00	2648.00	2648.25	2648.50	2648.50	2648.50	2649.00	2649.00	2649.00	2649.00	2649.75	2650.00	2650.00	2650.00	2650.00	2650.00	2650.00	2650.00	2650.00	2650.00	2650.00	2650.00	2650.00	2650.00	2650.00	2650.00	2650.00	2650.00	2650.25	2650.50	2650.50	2650.50	2650.50	2650.50	2650.50	2650.50	2650.50	2650.50	2650.50	2650.50	2650.50	2650.50	2650.50	2650.25	2650.00	2649.50	2649.25	2648.50	2648.50	2648.25	2647.75	2647.50	2647.00	2646.50	2646.50	2645.75	2645.50	2644.75	2644.50	2644.25	2643.50	2643.00	2642.00	2642.00	2641.75	2641.25	2641.00	2640.75	2640.25	2640.00	2639.50	2639.00	2639.00	2638.00	2638.00	2637.75	2637.50	2637.00	2636.00	2636.00	2635.00	2634.50	2633.75	2633.25	2632.75	2632.50	2631.50	2631.00	2630.50	2629.50	2629.25	2628.75	2628.00	2627.50	2627.00	2626.50	2626.00	2626.00	2625.25	2625.00	2625.00	2625.00	2624.75	2624.50	2624.50	2624.50	2624.50	2624.00	2624.00	2624.00	2624.00	2623.00	2623.00	2622.50	2621.75	2621.25	2620.00	2620.00	2618.75	2618.25	2617.25	2617.00	2616.50	2616.00	2615.00	2614.00	2614.00	2613.00	2612.75	2612.25	2611.75	2611.50	2611.00	2610.50	2610.50	2610.50	2610.50	2610.25	2610.00	2610.00	2610.00	2610.50	2610.50	2610.50	2610.50	2610.50	2610.75	2611.00	2611.00	2611.00	2611.00	2611.00	2611.25	2611.50	2611.50	2612.00
2681.00	2680.00	2679.50	2679.00	2678.00	2677.00	2676.00	2674.50	2674.00	2673.00	2671.50	2671.00	2670.00	2669.00	2668.00	2667.00	2666.00	2665.50	2665.00	2664.00	2663.00	2662.00	2662.00	2661.00	2661.00	2660.50	2660.00	2660.00	2659.00	2659.00	2658.00	2658.00	2658.00	2658.00	2658.00	2658.00	2658.00	2658.00	2658.00	2658.00	2658.00	2658.00	2658.50	2659.00	2659.00	2659.00	2659.00	2659.00	2658.00	2658.00	2658.00	2658.00	2658.00	2658.00	2658.00	2658.00	2658.00	2658.00	2658.00	2658.00	2658.00	2658.00	2658.00	2658.00	2657.50	2657.00	2657.00	2657.00	2656.00	2656.00	2655.00	2655.00	2654.50	2654.00	2654.00	2653.00	2653.00	2652.00	2652.00	2651.00	2651.00	2651.00	2651.00	2650.00	2650.00	2650.00	2650.00	2649.50	2649.00	2649.00	2649.00	2649.00	2649.00	2649.00	2649.00	2649.00	2649.00	2649.00	2649.00	2648.00	2648.00	2648.00	2648.50	2649.00	2649.00	2649.00	2649.00	2649.00	2649.00	2649.00	2650.00	2650.00	2650.00	2650.00	2650.00	2650.00	2650.00	2650.00	2650.00	2650.00	2650.00	2650.00	2650.00	2650.00	2650.00	2650.00	2650.00	2650.00	2650.00	2650.00	2650.00	2650.00	2650.00	2650.00	2650.00	2650.00	2650.00	2650.00	2650.00	2650.00	2650.00	2650.00	2650.00	2650.00	2650.00	2649.00	2649.00	2648.00	2648.00	2648.00	2647.50	2647.00	2646.50	2646.00	2646.00	2645.00	2645.00	2644.00	2644.00	2643.50	2643.00	2642.00	2641.00	2641.00	2641.00	2640.50	2640.00	2640.00	2639.50	2639.00	2639.00	2638.00	2638.00	2637.00	2637.00	2636.50	2636.00	2636.00	2635.00	2635.00	2634.00	2633.50	2632.50	2632.00	2631.50	2631.00	2630.00	2629.50	2629.00	2628.00	2628.00	2627.50	2627.00	2626.50	2626.00	2626.00	2625.00	2625.00	2624.50	2624.00	2624.00	2624.00	2624.00	2624.00	2624.00	2624.00	2624.00	2623.00	2623.00	2623.00	2623.00	2622.00	2622.00	2621.50	2620.50	2620.00	2619.00	2619.00	2618.00	2617.50	2616.50	2616.00	2615.50	2615.00	2614.00	2613.00	2613.00	2612.00	2612.00	2611.50	2611.00	2611.00	2610.00	2610.00	2610.00	2610.00	2610.00	2609.50	2609.00	2609.00	2609.00	2610.00	2610.00	2610.00	2610.00	2610.00	2610.50	2611.00	2611.00	2611.00	2611.00	2611.00	2611.50	2612.00	2612.00	2612.00
2681.00	2680.00	2679.50	2679.00	2678.00	2677.00	2676.00	2674.50	2674.00	2673.00	2671.50	2671.00	2670.00	2669.00	2668.00	2667.00	2666.00	2665.50	2665.00	2664.00	2663.00	2662.00	2662.00	2661.00	2661.00	2660.50	2660.00	2660.00	2659.00	2659.00	2658.00	2658.00	2658.00	2658.00	2658.00	2658.00	2658.00	2658.00	2658.00	2658.00	2658.00	2658.00	2658.50	2659.00	2659.00	2659.00	2659.00	2659.00	2658.00	2658.00	2658.00	2658.00	2658.00	2658.00	2658.00	2658.00	2658.00	2658.00	2658.00	2658.00	2658.00	2658.00	2658.00	2658.00	2657.50	2657.00	2657.00	2657.00	2656.00	2656.00	2655.00	2655.00	2654.50	2654.00	2654.00	2653.00	2653.00	2652.00	2652.00	2651.00	2651.00	2651.00	2651.00	2650.00	2650.00	2650.00	2650.00	2649.50	2649.00	2649.00	2649.00	2649.00	2649.00	2649.00	2649.00	2649.00	2649.00	2649.00	2649.00	2648.00	2648.00	2648.00	2648.50	2649.00	2649.00	2649.00	2649.00	2649.00	2649.00	2649.00	2650.00	2650.00	2650.00	2650.00	2650.00	2650.00	2650.00	2650.00	2650.00	2650.00	2650.00	2650.00	2650.00	2650.00	2650.00	2650.00	2650.00	2650.00	2650.00	2650.00	2650.00	2650.00	2650.00	2650.00	2650.00	2650.00	2650.00	2650.00	2650.00	2650.00	2650.00	2650.00	2650.00	2650.00	2650.00	2649.00	2649.00	2648.00	2648.00	2648.00	2647.50	2647.00	2646.50	2646.00	2646.00	2645.00	2645.00	2644.00	2644.00	2643.50	2643.00	2642.00	2641.00	2641.00	2641.00	2640.50	2640.00	2640.00	2639.50	2639.00	2639.00	2638.00	2638.00	2637.00	2637.00	2636.50	2636.00	2636.00	2635.00	2635.00	2634.00	2633.50	2632.50	2632.00	2631.50	2631.00	2630.00	2629.50	2629.00	2628.00	2628.00	2627.50	2627.00	2626.50	2626.00	2626.00	2625.00	2625.00	2624.50	2624.00	2624.00	2624.00	2624.00	2624.00	2624.00	2624.00	2624.00	2623.00	2623.00	2623.00	2623.00	2622.00	2622.00	2621.50	2620.50	2620.00	2619.00	2619.00	2618.00	2617.50	2616.50	2616.00	2615.50	2615.00	2614.00	2613.00	2613.00	2612.00	2612.00	2611.50	2611.00	2611.00	2610.00	2610.00	2610.00	2610.00	2610.00	2609.50	2609.00	2609.00	2609.00	2610.00	2610.00	2610.00	2610.00	2610.00	2610.50	2611.00	2611.00	2611.00	2611.00	2611.00	2611.50	2612.00	2612.00	2612.00
2681.00	2680.00	2679.50	2679.00	2678.00	2677.00	2676.00	2674.50	2674.00	2673.00	2671.50	2671.00	2670.00	2669.00	2668.00	2667.00	2666.00	2665.50	2665.00	2664.00	2663.00	2662.00	2662.00	2661.00	2661.00	2660.50	2660.00	2660.00	2659.00	2659.00	2658.00	2658.00	2658.00	2658.00	2658.00	2658.00	2658.00	2658.00	2658.00	2658.00	2658.00	2658.00	2658.50	2659.00	2659.00	2659.00	2659.00	2659.00	2658.00	2658.00	2658.00	2658.00	2658.00	2658.00	2658.00	2658.00	2658.00	2658.00	2658.00	2658.00	2658.00	2658.00	2658.00	2658.00	2657.50	2657.00	2657.00	2657.00	2656.00	2656.00	2655.00	2655.00	2654.50	2654.00	2654.00	2653.00	2653.00	2652.00	2652.00	2651.00	2651.00	2651.00	2651.00	2650.00	2650.00	2650.00	2650.00	2649.50	2649.00	2649.00	2649.00	2649.00	2649.00	2649.00	2649.00	2649.00	2649.00	2649.00	2649.00	2648.00	2648.00	2648.00	2648.50	2649.00	2649.00	2649.00	2649.00	2649.00	2649.00	2649.00	2650.00	2650.00	2650.00	2650.00	2650.00	2650.00	2650.00	2650.00	2650.00	2650.00	2650.00	2650.00	2650.00	2650.00	2650.00	2650.00	2650.00	2650.00	2650.00	2650.00	2650.00	2650.00	2650.00	2650.00	2650.00	2650.00	2650.00	2650.00	2650.00	2650.00	2650.00	2650.00	2650.00	2650.00	2650.00	2649.00	2649.00	2648.00	2648.00	2648.00	2647.50	2647.00	2646.50	2646.00	2646.00	2645.00	2645.00	2644.00	2644.00	2643.50	2643.00	2642.00	2641.00	2641.00	2641.00	2640.50	2640.00	2640.00	2639.50	2639.00	2639.00	2638.00	2638.00	2637.00	2637.00	2636.50	2636.00	2636.00	2635.00	2635.00	2634.00	2633.50	2632.50	2632.00	2631.50	2631.00	2630.00	2629.50	2629.00	2628.00	2628.00	2627.50	2627.00	2626.50	2626.00	2626.00	2625.00	2625.00	2624.50	2624.00	2624.00	2624.00	2624.00	2624.00	2624.00	2624.00	2624.00	2623.00	2623.00	2623.00	2623.00	2622.00	2622.00	2621.50	2620.50	2620.00	2619.00	2619.00	2618.00	2617.50	2616.50	2616.00	2615.50	2615.00	2614.00	2613.00	2613.00	2612.00	2612.00	2611.50	2611.00	2611.00	2610.00	2610.00	2610.00	2610.00	2610.00	2609.50	2609.00	2609.00	2609.00	2610.00	2610.00	2610.00	2610.00	2610.00	2610.50	2611.00	2611.00	2611.00	2611.00	2611.00	2611.50	2612.00	2612.00	2612.00
2678.00	2677.00	2676.50	2676.00	2675.00	2674.00	2673.00	2671.50	2671.00	2670.00	2668.50	2668.00	2667.00	2666.00	2665.00	2664.00	2662.50	2662.00	2662.00	2662.00	2661.00	2660.00	2660.00	2660.00	2660.00	2659.50	2659.00	2659.00	2659.00	2659.00	2658.00	2658.00	2658.00	2658.50	2659.00	2659.00	2659.00	2659.00	2659.00	2659.00	2659.00	2659.00	2659.00	2659.00	2659.00	2659.00	2659.00	2659.00	2659.00	2659.00	2659.00	2659.00	2658.00	2658.00	2658.50	2659.00	2659.00	2658.50	2658.00	2659.00	2659.00	2659.00	2659.00	2658.00	2658.00	2658.00	2658.00	2657.00	2657.00	2656.00	2655.50	2655.00	2654.50	2654.00	2653.50	2653.00	2652.00	2652.00	2651.00	2651.00	2651.00	2650.50	2650.00	2650.00	2649.00	2649.00	2649.00	2649.00	2649.00	2649.00	2649.00	2649.00	2649.00	2649.00	2649.00	2649.00	2649.00	2649.00	2649.00	2649.00	2649.00	2649.00	2649.00	2649.00	2649.00	2649.00	2649.00	2649.00	2649.00	2649.00	2649.00	2649.00	2649.00	2649.00	2649.00	2649.00	2649.00	2649.00	2649.00	2649.00	2649.00	2649.00	2649.00	2649.00	2649.00	2649.00	2649.00	2649.00	2649.00	2649.00	2649.00	2649.00	2649.00	2649.00	2649.00	2649.00	2649.00	2649.00	2649.00	2649.00	2649.00	2649.00	2649.00	2649.00	2648.00	2648.00	2648.00	2647.00	2647.00	2646.50	2646.00	2645.50	2645.00	2644.00	2644.00	2643.00	2643.00	2642.00	2642.00	2641.50	2641.00	2641.00	2640.00	2639.00	2639.00	2638.50	2638.00	2637.50	2637.00	2637.00	2636.00	2636.00	2635.50	2635.00	2634.50	2634.00	2634.00	2633.00	2633.00	2632.00	2631.50	2631.00	2630.50	2629.50	2629.00	2629.00	2628.00	2627.50	2627.00	2626.00	2626.00	2625.50	2625.00	2624.50	2624.00	2624.00	2623.00	2623.00	2623.00	2622.50	2622.00	2622.00	2622.00	2622.00	2622.00	2622.00	2622.00	2622.00	2621.00	2621.00	2621.00	2620.00	2620.00	2619.50	2618.50	2618.00	2617.00	2617.00	2616.00	2615.50	2614.50	2614.00	2613.50	2612.00	2612.00	2611.00	2611.00	2610.50	2610.00	2610.00	2609.50	2609.00	2609.00	2609.00	2609.00	2609.00	2609.00	2609.00	2609.00	2609.00	2609.50	2610.00	2610.00	2610.00	2610.00	2611.00	2611.00	2611.00	2611.00	2611.00	2611.50	2612.00	2612.00	2612.00	2612.00	2613.00
2678.00	2677.00	2676.50	2676.00	2675.00	2674.00	2673.00	2671.50	2671.00	2670.00	2668.50	2668.00	2667.00	2666.00	2665.00	2664.00	2662.50	2662.00	2662.00	2662.00	2661.00	2660.00	2660.00	2660.00	2660.00	2659.50	2659.00	2659.00	2659.00	2659.00	2658.00	2658.00	2658.00	2658.50	2659.00	2659.00	2659.00	2659.00	2659.00	2659.00	2659.00	2659.00	2659.00	2659.00	2659.00	2659.00	2659.00	2659.00	2659.00	2659.00	2659.00	2659.00	2658.00	2658.00	2658.50	2659.00	2659.00	2658.50	2658.00	2659.00	2659.00	2659.00	2659.00	2658.00	2658.00	2658.00	2658.00	2657.00	2657.00	2656.00	2655.50	2655.00	2654.50	2654.00	2653.50	2653.00	2652.00	2652.00	2651.00	2651.00	2651.00	2650.50	2650.00	2650.00	2649.00	2649.00	2649.00	2649.00	2649.00	2649.00	2649.00	2649.00	2649.00	2649.00	2649.00	2649.00	2649.00	2649.00	2649.00	2649.00	2649.00	2649.00	2649.00	2649.00	2649.00	2649.00	2649.00	2649.00	2649.00	2649.00	2649.00	2649.00	2649.00	2649.00	2649.00	2649.00	2649.00	2649.00	2649.00	2649.00	2649.00	2649.00	2649.00	2649.00	2649.00	2649.00	2649.00	2649.00	2649.00	2649.00	2649.00	2649.00	2649.00	2649.00	2649.00	2649.00	2649.00	2649.00	2649.00	2649.00	2649.00	2649.00	2649.00	2649.00	2648.00	2648.00	2648.00	2647.00	2647.00	2646.50	2646.00	2645.50	2645.00	2644.00	2644.00	2643.00	2643.00	2642.00	2642.00	2641.50	2641.00	2641.00	2640.00	2639.00	2639.00	2638.50	2638.00	2637.50	2637.00	2637.00	2636.00	2636.00	2635.50	2635.00	2634.50	2634.00	2634.00	2633.00	2633.00	2632.00	2631.50	2631.00	2630.50	2629.50	2629.00	2629.00	2628.00	2627.50	2627.00	2626.00	2626.00	2625.50	2625.00	2624.50	2624.00	2624.00	2623.00	2623.00	2623.00	2622.50	2622.00	2622.00	2622.00	2622.00	2622.00	2622.00	2622.00	2622.00	2621.00	2621.00	2621.00	2620.00	2620.00	2619.50	2618.50	2618.00	2617.00	2617.00	2616.00	2615.50	2614.50	2614.00	2613.50	2612.00	2612.00	2611.00	2611.00	2610.50	2610.00	2610.00	2609.50	2609.00	2609.00	2609.00	2609.00	2609.00	2609.00	2609.00	2609.00	2609.00	2609.50	2610.00	2610.00	2610.00	2610.00	2611.00	2611.00	2611.00	2611.00	2611.00	2611.50	2612.00	2612.00	2612.00	2612.00	2613.00
2678.00	2677.00	2676.50	2676.00	2675.00	2674.00	2673.00	2671.50	2671.00	2670.00	2668.50	2668.00	2667.00	2666.00	2665.00	2664.00	2662.50	2662.00	2662.00	2662.00	2661.00	2660.00	2660.00	2660.00	2660.00	2659.50	2659.00	2659.00	2659.00	2659.00	2658.00	2658.00	2658.00	2658.50	2659.00	2659.00	2659.00	2659.00	2659.00	2659.00	2659.00	2659.00	2659.00	2659.00	2659.00	2659.00	2659.00	2659.00	2659.00	2659.00	2659.00	2659.00	2658.00	2658.00	2658.50	2659.00	2659.00	2658.50	2658.00	2659.00	2659.00	2659.00	2659.00	2658.00	2658.00	2658.00	2658.00	2657.00	2657.00	2656.00	2655.50	2655.00	2654.50	2654.00	2653.50	2653.00	2652.00	2652.00	2651.00	2651.00	2651.00	2650.50	2650.00	2650.00	2649.00	2649.00	2649.00	2649.00	2649.00	2649.00	2649.00	2649.00	2649.00	2649.00	2649.00	2649.00	2649.00	2649.00	2649.00	2649.00	2649.00	2649.00	2649.00	2649.00	2649.00	2649.00	2649.00	2649.00	2649.00	2649.00	2649.00	2649.00	2649.00	2649.00	2649.00	2649.00	2649.00	2649.00	2649.00	2649.00	2649.00	2649.00	2649.00	2649.00	2649.00	2649.00	2649.00	2649.00	2649.00	2649.00	2649.00	2649.00	2649.00	2649.00	2649.00	2649.00	2649.00	2649.00	2649.00	2649.00	2649.00	2649.00	2649.00	2649.00	2648.00	2648.00	2648.00	2647.00	2647.00	2646.50	2646.00	2645.50	2645.00	2644.00	2644.00	2643.00	2643.00	2642.00	2642.00	2641.50	2641.00	2641.00	2640.00	2639.00	2639.00	2638.50	2638.00	2637.50	2637.00	2637.00	2636.00	2636.00	2635.50	2635.00	2634.50	2634.00	2634.00	2633.00	2633.00	2632.00	2631.50	2631.00	2630.50	2629.50	2629.00	2629.00	2628.00	2627.50	2627.00	2626.00	2626.00	2625.50	2625.00	2624.50	2624.00	2624.00	2623.00	2623.00	2623.00	2622.50	2622.00	2622.00	2622.00	2622.00	2622.00	2622.00	2622.00	2622.00	2621.00	2621.00	2621.00	2620.00	2620.00	2619.50	2618.50	2618.00	2617.00	2617.00	2616.00	2615.50	2614.50	2614.00	2613.50	2612.00	2612.00	2611.00	2611.00	2610.50	2610.00	2610.00	2609.50	2609.00	2609.00	2609.00	2609.00	2609.00	2609.00	2609.00	2609.00	2609.00	2609.50	2610.00	2610.00	2610.00	2610.00	2611.00	2611.00	2611.00	2611.00	2611.00	2611.50	2612.00	2612.00	2612.00	2612.00	2613.00
2676.50	2675.50	2675.00	2674.50	2673.50	2672.50	2671.50	2670.00	2669.50	2668.50	2667.25	2666.75	2666.00	2665.00	2664.00	2663.00	2662.25	2662.00	2661.75	2661.50	2661.00	2660.50	2660.00	2660.00	2660.00	2659.75	2659.50	2659.25	2659.00	2659.00	2658.50	2658.50	2658.75	2659.25	2659.50	2659.50	2659.50	2659.50	2659.50	2659.50	2659.50	2659.50	2659.50	2659.50	2659.50	2659.50	2659.50	2659.00	2659.00	2659.00	2659.00	2659.00	2658.50	2658.50	2658.75	2659.00	2659.00	2658.75	2658.50	2659.00	2659.00	2659.00	2659.00	2658.50	2658.50	2658.25	2658.00	2657.50	2657.00	2656.50	2655.75	2655.25	2654.50	2653.75	2653.25	2652.50	2652.00	2651.75	2651.00	2651.00	2651.00	2650.50	2650.00	2649.75	2649.00	2649.00	2649.25	2649.50	2649.50	2649.50	2649.50	2649.50	2649.50	2649.50	2649.50	2649.00	2649.00	2649.00	2649.00	2649.00	2649.00	2648.50	2648.50	2648.50	2648.50	2648.50	2648.50	2648.50	2648.50	2648.50	2648.50	2648.50	2648.50	2648.50	2648.50	2648.50	2648.50	2648.50	2648.50	2648.50	2648.50	2648.50	2648.50	2648.00	2648.50	2648.25	2648.00	2648.00	2648.00	2648.50	2648.50	2648.50	2648.50	2648.50	2648.50	2648.50	2648.50	2648.50	2648.50	2648.50	2648.50	2648.50	2648.50	2648.50	2647.50	2647.50	2647.25	2646.50	2646.25	2645.75	2645.25	2644.50	2644.00	2643.00	2643.00	2642.25	2642.00	2641.25	2641.00	2640.75	2640.00	2640.00	2639.00	2638.00	2638.00	2637.75	2637.25	2636.75	2636.25	2636.00	2635.00	2634.75	2634.25	2633.75	2633.25	2633.00	2632.50	2632.00	2631.50	2631.00	2630.75	2630.25	2629.75	2628.75	2628.25	2628.00	2627.00	2626.75	2626.00	2625.50	2625.25	2624.75	2624.50	2623.75	2623.50	2623.00	2622.50	2622.50	2622.25	2621.75	2621.50	2621.50	2621.50	2621.50	2621.50	2621.00	2621.00	2621.00	2620.00	2620.00	2620.00	2619.25	2619.00	2618.50	2617.50	2617.00	2616.50	2616.00	2615.25	2614.75	2613.75	2613.50	2613.00	2612.00	2611.50	2611.00	2611.00	2610.25	2610.00	2610.00	2609.75	2609.50	2609.50	2609.50	2609.50	2609.50	2609.50	2609.50	2609.50	2609.50	2609.75	2610.00	2610.50	2610.50	2610.50	2611.00	2611.50	2611.50	2611.50	2612.00	2612.25	2612.50	2612.50	2612.50	2612.50	2613.00
2675.00	2674.00	2673.50	2673.00	2672.00	2671.00	2670.00	2668.50	2668.00	2667.00	2666.00	2665.50	2665.00	2664.00	2663.00	2662.00	2662.00	2662.00	2661.50	2661.00	2661.00	2661.00	2660.00	2660.00	2660.00	2660.00	2660.00	2659.50	2659.00	2659.00	2659.00	2659.00	2659.50	2660.00	2660.00	2660.00	2660.00	2660.00	2660.00	2660.00	2660.00	2660.00	2660.00	2660.00	2660.00	2660.00	2660.00	2659.00	2659.00	2659.00	2659.00	2659.00	2659.00	2659.00	2659.00	2659.00	2659.00	2659.00	2659.00	2659.00	2659.00	2659.00	2659.00	2659.00	2659.00	2658.50	2658.00	2658.00	2657.00	2657.00	2656.00	2655.50	2654.50	2653.50	2653.00	2652.00	2652.00	2651.50	2651.00	2651.00	2651.00	2650.50	2650.00	2649.50	2649.00	2649.00	2649.50	2650.00	2650.00	2650.00	2650.00	2650.00	2650.00	2650.00	2650.00	2649.00	2649.00	2649.00	2649.00	2649.00	2649.00	2648.00	2648.00	2648.00	2648.00	2648.00	2648.00	2648.00	2648.00	2648.00	2648.00	2648.00	2648.00	2648.00	2648.00	2648.00	2648.00	2648.00	2648.00	2648.00	2648.00	2648.00	2648.00	2647.00	2648.00	2647.50	2647.00	2647.00	2647.00	2648.00	2648.00	2648.00	2648.00	2648.00	2648.00	2648.00	2648.00	2648.00	2648.00	2648.00	2648.00	2648.00	2648.00	2648.00	2647.00	2647.00	2646.50	2646.00	2645.50	2645.00	2644.50	2643.50	2643.00	2642.00	2642.00	2641.50	2641.00	2640.50	2640.00	2640.00	2639.00	2639.00	2638.00	2637.00	2637.00	2637.00	2636.50	2636.00	2635.50	2635.00	2634.00	2633.50	2633.00	2632.50	2632.00	2632.00	2631.00	2631.00	2630.00	2630.00	2630.00	2629.50	2629.00	2628.00	2627.50	2627.00	2626.00	2626.00	2625.00	2625.00	2624.50	2624.00	2624.00	2623.00	2623.00	2622.00	2622.00	2622.00	2621.50	2621.00	2621.00	2621.00	2621.00	2621.00	2621.00	2620.00	2620.00	2620.00	2619.00	2619.00	2619.00	2618.50	2618.00	2617.50	2616.50	2616.00	2616.00	2615.00	2614.50	2614.00	2613.00	2613.00	2612.50	2612.00	2611.00	2611.00	2611.00	2610.00	2610.00	2610.00	2610.00	2610.00	2610.00	2610.00	2610.00	2610.00	2610.00	2610.00	2610.00	2610.00	2610.00	2610.00	2611.00	2611.00	2611.00	2611.00	2612.00	2612.00	2612.00	2613.00	2613.00	2613.00	2613.00	2613.00	2613.00	2613.00
2675.00	2674.00	2673.50	2673.00	2672.00	2671.00	2670.00	2668.50	2668.00	2667.00	2666.00	2665.50	2665.00	2664.00	2663.00	2662.00	2662.00	2662.00	2661.50	2661.00	2661.00	2661.00	2660.00	2660.00	2660.00	2660.00	2660.00	2659.50	2659.00	2659.00	2659.00	2659.00	2659.50	2660.00	2660.00	2660.00	2660.00	2660.00	2660.00	2660.00	2660.00	2660.00	2660.00	2660.00	2660.00	2660.00	2660.00	2659.00	2659.00	2659.00	2659.00	2659.00	2659.00	2659.00	2659.00	2659.00	2659.00	2659.00	2659.00	2659.00	2659.00	2659.00	2659.00	2659.00	2659.00	2658.50	2658.00	2658.00	2657.00	2657.00	2656.00	2655.50	2654.50	2653.50	2653.00	2652.00	2652.00	2651.50	2651.00	2651.00	2651.00	2650.50	2650.00	2649.50	2649.00	2649.00	2649.50	2650.00	2650.00	2650.00	2650.00	2650.00	2650.00	2650.00	2650.00	2649.00	2649.00	2649.00	2649.00	2649.00	2649.00	2648.00	2648.00	2648.00	2648.00	2648.00	2648.00	2648.00	2648.00	2648.00	2648.00	2648.00	2648.00	2648.00	2648.00	2648.00	2648.00	2648.00	2648.00	2648.00	2648.00	2648.00	2648.00	2647.00	2648.00	2647.50	2647.00	2647.00	2647.00	2648.00	2648.00	2648.00	2648.00	2648.00	2648.00	2648.00	2648.00	2648.00	2648.00	2648.00	2648.00	2648.00	2648.00	2648.00	2647.00	2647.00	2646.50	2646.00	2645.50	2645.00	2644.50	2643.50	2643.00	2642.00	2642.00	2641.50	2641.00	2640.50	2640.00	2640.00	2639.00	2639.00	2638.00	2637.00	2637.00	2637.00	2636.50	2636.00	2635.50	2635.00	2634.00	2633.50	2633.00	2632.50	2632.00	2632.00	2631.00	2631.00	2630.00	2630.00	2630.00	2629.50	2629.00	2628.00	2627.50	2627.00	2626.00	2626.00	2625.00	2625.00	2624.50	2624.00	2624.00	2623.00	2623.00	2622.00	2622.00	2622.00	2621.50	2621.00	2621.00	2621.00	2621.00	2621.00	2621.00	2620.00	2620.00	2620.00	2619.00	2619.00	2619.00	2618.50	2618.00	2617.50	2616.50	2616.00	2616.00	2615.00	2614.50	2614.00	2613.00	2613.00	2612.50	2612.00	2611.00	2611.00	2611.00	2610.00	2610.00	2610.00	2610.00	2610.00	2610.00	2610.00	2610.00	2610.00	2610.00	2610.00	2610.00	2610.00	2610.00	2610.00	2611.00	2611.00	2611.00	2611.00	2612.00	2612.00	2612.00	2613.00	2613.00	2613.00	2613.00	2613.00	2613.00	2613.00
2675.00	2674.00	2673.50	2673.00	2672.00	2671.00	2670.00	2668.50	2668.00	2667.00	2666.00	2665.50	2665.00	2664.00	2663.00	2662.00	2662.00	2662.00	2661.50	2661.00	2661.00	2661.00	2660.00	2660.00	2660.00	2660.00	2660.00	2659.50	2659.00	2659.00	2659.00	2659.00	2659.50	2660.00	2660.00	2660.00	2660.00	2660.00	2660.00	2660.00	2660.00	2660.00	2660.00	2660.00	2660.00	2660.00	2660.00	2659.00	2659.00	2659.00	2659.00	2659.00	2659.00	2659.00	2659.00	2659.00	2659.00	2659.00	2659.00	2659.00	2659.00	2659.00	2659.00	2659.00	2659.00	2658.50	2658.00	2658.00	2657.00	2657.00	2656.00	2655.50	2654.50	2653.50	2653.00	2652.00	2652.00	2651.50	2651.00	2651.00	2651.00	2650.50	2650.00	2649.50	2649.00	2649.00	2649.50	2650.00	2650.00	2650.00	2650.00	2650.00	2650.00	2650.00	2650.00	2649.00	2649.00	2649.00	2649.00	2649.00	2649.00	2648.00	2648.00	2648.00	2648.00	2648.00	2648.00	2648.00	2648.00	2648.00	2648.00	2648.00	2648.00	2648.00	2648.00	2648.00	2648.00	2648.00	2648.00	2648.00	2648.00	2648.00	2648.00	2647.00	2648.00	2647.50	2647.00	2647.00	2647.00	2648.00	2648.00	2648.00	2648.00	2648.00	2648.00	2648.00	2648.00	2648.00	2648.00	2648.00	2648.00	2648.00	2648.00	2648.00	2647.00	2647.00	2646.50	2646.00	2645.50	2645.00	2644.50	2643.50	2643.00	2642.00	2642.00	2641.50	2641.00	2640.50	2640.00	2640.00	2639.00	2639.00	2638.00	2637.00	2637.00	2637.00	2636.50	2636.00	2635.50	2635.00	2634.00	2633.50	2633.00	2632.50	2632.00	2632.00	2631.00	2631.00	2630.00	2630.00	2630.00	2629.50	2629.00	2628.00	2627.50	2627.00	2626.00	2626.00	2625.00	2625.00	2624.50	2624.00	2624.00	2623.00	2623.00	2622.00	2622.00	2622.00	2621.50	2621.00	2621.00	2621.00	2621.00	2621.00	2621.00	2620.00	2620.00	2620.00	2619.00	2619.00	2619.00	2618.50	2618.00	2617.50	2616.50	2616.00	2616.00	2615.00	2614.50	2614.00	2613.00	2613.00	2612.50	2612.00	2611.00	2611.00	2611.00	2610.00	2610.00	2610.00	2610.00	2610.00	2610.00	2610.00	2610.00	2610.00	2610.00	2610.00	2610.00	2610.00	2610.00	2610.00	2611.00	2611.00	2611.00	2611.00	2612.00	2612.00	2612.00	2613.00	2613.00	2613.00	2613.00	2613.00	2613.00	2613.00
2671.00	2671.00	2670.50	2669.00	2669.00	2667.00	2667.00	2666.50	2666.00	2665.50	2664.50	2664.00	2664.00	2663.00	2663.00	2662.00	2662.00	2662.00	2662.00	2662.00	2661.50	2661.00	2661.00	2661.00	2661.00	2661.00	2661.00	2661.00	2661.00	2661.00	2661.00	2661.00	2661.00	2661.00	2661.00	2661.00	2660.50	2660.00	2660.00	2660.00	2660.00	2660.00	2660.00	2660.00	2660.00	2660.00	2660.00	2659.00	2659.00	2659.00	2659.00	2659.00	2659.00	2659.00	2659.00	2659.00	2659.00	2659.00	2659.00	2659.00	2659.00	2659.00	2659.00	2658.50	2658.00	2658.00	2658.00	2658.00	2657.00	2656.00	2655.50	2655.00	2654.50	2654.00	2653.50	2652.00	2652.00	2651.00	2651.00	2650.00	2650.00	2650.00	2650.00	2649.50	2649.00	2649.00	2649.00	2649.00	2649.00	2649.00	2649.00	2649.00	2649.00	2649.00	2649.00	2649.00	2649.00	2649.00	2648.00	2648.00	2648.00	2648.00	2648.00	2647.50	2647.00	2647.00	2647.00	2647.00	2647.00	2647.00	2647.00	2647.00	2647.00	2646.00	2646.00	2646.00	2646.00	2646.00	2646.00	2646.00	2646.00	2646.50	2647.00	2647.00	2647.00	2647.00	2647.00	2647.00	2647.00	2647.00	2647.00	2647.00	2647.00	2647.00	2647.00	2647.00	2647.00	2647.00	2647.00	2647.00	2647.00	2646.00	2646.00	2646.00	2646.00	2645.00	2645.00	2644.00	2643.50	2643.00	2642.50	2642.00	2641.50	2641.00	2640.00	2639.50	2639.00	2639.00	2638.50	2638.00	2638.00	2637.00	2636.00	2636.00	2635.00	2635.00	2634.50	2634.00	2633.50	2633.00	2633.00	2632.00	2632.00	2631.00	2631.00	2630.50	2630.00	2630.00	2629.00	2629.00	2628.50	2628.00	2627.50	2627.00	2626.50	2626.00	2626.00	2625.00	2625.00	2624.50	2624.00	2624.00	2623.00	2623.00	2623.00	2622.00	2622.00	2621.50	2621.00	2621.00	2621.00	2620.00	2620.00	2620.00	2620.00	2619.00	2619.00	2618.00	2618.00	2617.50	2617.00	2616.50	2616.00	2616.00	2615.00	2615.00	2614.00	2614.00	2613.50	2613.00	2612.50	2612.00	2612.00	2612.00	2612.00	2611.00	2611.00	2611.00	2611.00	2611.00	2611.00	2611.00	2611.00	2611.00	2611.00	2611.00	2611.00	2611.00	2611.00	2611.00	2612.00	2612.00	2612.00	2612.00	2612.00	2612.00	2613.00	2613.00	2613.00	2614.00	2614.00	2614.00	2614.00	2614.00	2614.00	2614.00
2671.00	2671.00	2670.50	2669.00	2669.00	2667.00	2667.00	2666.50	2666.00	2665.50	2664.50	2664.00	2664.00	2663.00	2663.00	2662.00	2662.00	2662.00	2662.00	2662.00	2661.50	2661.00	2661.00	2661.00	2661.00	2661.00	2661.00	2661.00	2661.00	2661.00	2661.00	2661.00	2661.00	2661.00	2661.00	2661.00	2660.50	2660.00	2660.00	2660.00	2660.00	2660.00	2660.00	2660.00	2660.00	2660.00	2660.00	2659.00	2659.00	2659.00	2659.00	2659.00	2659.00	2659.00	2659.00	2659.00	2659.00	2659.00	2659.00	2659.00	2659.00	2659.00	2659.00	2658.50	2658.00	2658.00	2658.00	2658.00	2657.00	2656.00	2655.50	2655.00	2654.50	2654.00	2653.50	2652.00	2652.00	2651.00	2651.00	2650.00	2650.00	2650.00	2650.00	2649.50	2649.00	2649.00	2649.00	2649.00	2649.00	2649.00	2649.00	2649.00	2649.00	2649.00	2649.00	2649.00	2649.00	2649.00	2648.00	2648.00	2648.00	2648.00	2648.00	2647.50	2647.00	2647.00	2647.00	2647.00	2647.00	2647.00	2647.00	2647.00	2647.00	2646.00	2646.00	2646.00	2646.00	2646.00	2646.00	2646.00	2646.00	2646.50	2647.00	2647.00	2647.00	2647.00	2647.00	2647.00	2647.00	2647.00	2647.00	2647.00	2647.00	2647.00	2647.00	2647.00	2647.00	2647.00	2647.00	2647.00	2647.00	2646.00	2646.00	2646.00	2646.00	2645.00	2645.00	2644.00	2643.50	2643.00	2642.50	2642.00	2641.50	2641.00	2640.00	2639.50	2639.00	2639.00	2638.50	2638.00	2638.00	2637.00	2636.00	2636.00	2635.00	2635.00	2634.50	2634.00	2633.50	2633.00	2633.00	2632.00	2632.00	2631.00	2631.00	2630.50	2630.00	2630.00	2629.00	2629.00	2628.50	2628.00	2627.50	2627.00	2626.50	2626.00	2626.00	2625.00	2625.00	2624.50	2624.00	2624.00	2623.00	2623.00	2623.00	2622.00	2622.00	2621.50	2621.00	2621.00	2621.00	2620.00	2620.00	2620.00	2620.00	2619.00	2619.00	2618.00	2618.00	2617.50	2617.00	2616.50	2616.00	2616.00	2615.00	2615.00	2614.00	2614.00	2613.50	2613.00	2612.50	2612.00	2612.00	2612.00	2612.00	2611.00	2611.00	2611.00	2611.00	2611.00	2611.00	2611.00	2611.00	2611.00	2611.00	2611.00	2611.00	2611.00	2611.00	2611.00	2612.00	2612.00	2612.00	2612.00	2612.00	2612.00	2613.00	2613.00	2613.00	2614.00	2614.00	2614.00	2614.00	2614.00	2614.00	2614.00
2671.00	2671.00	2670.50	2669.00	2669.00	2667.00	2667.00	2666.50	2666.00	2665.50	2664.50	2664.00	2664.00	2663.00	2663.00	2662.00	2662.00	2662.00	2662.00	2662.00	2661.50	2661.00	2661.00	2661.00	2661.00	2661.00	2661.00	2661.00	2661.00	2661.00	2661.00	2661.00	2661.00	2661.00	2661.00	2661.00	2660.50	2660.00	2660.00	2660.00	2660.00	2660.00	2660.00	2660.00	2660.00	2660.00	2660.00	2659.00	2659.00	2659.00	2659.00	2659.00	2659.00	2659.00	2659.00	2659.00	2659.00	2659.00	2659.00	2659.00	2659.00	2659.00	2659.00	2658.50	2658.00	2658.00	2658.00	2658.00	2657.00	2656.00	2655.50	2655.00	2654.50	2654.00	2653.50	2652.00	2652.00	2651.00	2651.00	2650.00	2650.00	2650.00	2650.00	2649.50	2649.00	2649.00	2649.00	2649.00	2649.00	2649.00	2649.00	2649.00	2649.00	2649.00	2649.00	2649.00	2649.00	2649.00	2648.00	2648.00	2648.00	2648.00	2648.00	2647.50	2647.00	2647.00	2647.00	2647.00	2647.00	2647.00	2647.00	2647.00	2647.00	2646.00	2646.00	2646.00	2646.00	2646.00	2646.00	2646.00	2646.00	2646.50	2647.00	2647.00	2647.00	2647.00	2647.00	2647.00	2647.00	2647.00	2647.00	2647.00	2647.00	2647.00	2647.00	2647.00	2647.00	2647.00	2647.00	2647.00	2647.00	2646.00	2646.00	2646.00	2646.00	2645.00	2645.00	2644.00	2643.50	2643.00	2642.50	2642.00	2641.50	2641.00	2640.00	2639.50	2639.00	2639.00	2638.50	2638.00	2638.00	2637.00	2636.00	2636.00	2635.00	2635.00	2634.50	2634.00	2633.50	2633.00	2633.00	2632.00	2632.00	2631.00	2631.00	2630.50	2630.00	2630.00	2629.00	2629.00	2628.50	2628.00	2627.50	2627.00	2626.50	2626.00	2626.00	2625.00	2625.00	2624.50	2624.00	2624.00	2623.00	2623.00	2623.00	2622.00	2622.00	2621.50	2621.00	2621.00	2621.00	2620.00	2620.00	2620.00	2620.00	2619.00	2619.00	2618.00	2618.00	2617.50	2617.00	2616.50	2616.00	2616.00	2615.00	2615.00	2614.00	2614.00	2613.50	2613.00	2612.50	2612.00	2612.00	2612.00	2612.00	2611.00	2611.00	2611.00	2611.00	2611.00	2611.00	2611.00	2611.00	2611.00	2611.00	2611.00	2611.00	2611.00	2611.00	2611.00	2612.00	2612.00	2612.00	2612.00	2612.00	2612.00	2613.00	2613.00	2613.00	2614.00	2614.00	2614.00	2614.00	2614.00	2614.00	2614.00
2670.00	2669.75	2669.25	2668.00	2668.00	2666.50	2666.50	2666.00	2665.50	2665.25	2664.75	2664.50	2664.00	2663.50	2663.50	2663.00	2662.50	2662.50	2662.50	2662.50	2662.25	2662.00	2662.00	2662.00	2661.75	2661.50	2661.50	2661.50	2661.50	2661.50	2661.00	2661.00	2661.00	2661.00	2661.00	2661.00	2660.50	2660.00	2660.00	2660.00	2660.00	2660.00	2660.00	2660.00	2660.00	2659.75	2659.50	2659.00	2659.00	2659.00	2659.00	2659.00	2659.00	2659.00	2659.00	2659.00	2659.00	2659.00	2659.00	2659.00	2659.00	2658.50	2658.50	2658.25	2658.00	2657.75	2657.50	2657.50	2656.50	2656.00	2655.25	2654.75	2654.25	2653.75	2653.25	2652.00	2652.00	2651.00	2651.00	2650.00	2650.00	2649.75	2649.50	2649.25	2649.00	2649.00	2649.00	2649.00	2649.00	2649.00	2649.00	2649.00	2649.00	2649.00	2648.50	2648.50	2648.50	2648.50	2647.50	2647.50	2647.50	2647.50	2647.25	2646.75	2646.50	2646.50	2646.50	2646.50	2646.50	2646.50	2646.50	2646.50	2646.50	2646.00	2646.00	2646.00	2646.00	2646.00	2646.00	2646.00	2646.00	2646.25	2646.50	2646.50	2646.50	2646.50	2646.50	2646.50	2646.50	2646.50	2646.50	2646.50	2646.50	2646.50	2646.50	2646.50	2646.50	2646.25	2646.00	2646.00	2646.00	2645.00	2645.00	2645.00	2645.00	2644.50	2644.00	2643.50	2642.75	2642.25	2641.75	2641.00	2640.75	2640.00	2639.50	2639.00	2638.50	2638.25	2637.75	2637.50	2637.00	2636.50	2635.50	2635.50	2634.75	2634.50	2634.00	2633.50	2633.00	2632.50	2632.50	2631.75	2631.50	2630.50	2630.50	2630.00	2629.50	2629.50	2628.50	2628.50	2627.75	2627.50	2627.25	2626.50	2626.25	2625.50	2625.50	2625.00	2624.50	2624.25	2624.00	2624.00	2623.00	2623.00	2622.50	2622.00	2621.75	2621.25	2620.75	2620.50	2620.50	2620.00	2619.50	2619.50	2619.00	2618.50	2618.50	2617.50	2617.50	2616.75	2616.50	2616.00	2615.50	2615.50	2614.50	2614.50	2614.00	2614.00	2613.50	2613.00	2612.75	2612.50	2612.50	2612.00	2612.00	2611.50	2611.50	2611.50	2611.50	2611.25	2611.50	2611.50	2611.50	2611.50	2612.00	2612.00	2612.00	2612.00	2612.00	2612.00	2612.50	2612.50	2612.50	2612.50	2612.50	2612.50	2613.25	2613.50	2613.50	2614.00	2614.00	2614.00	2614.00	2614.00	2614.00	2614.00
2669.00	2668.50	2668.00	2667.00	2667.00	2666.00	2666.00	2665.50	2665.00	2665.00	2665.00	2665.00	2664.00	2664.00	2664.00	2664.00	2663.00	2663.00	2663.00	2663.00	2663.00	2663.00	2663.00	2663.00	2662.50	2662.00	2662.00	2662.00	2662.00	2662.00	2661.00	2661.00	2661.00	2661.00	2661.00	2661.00	2660.50	2660.00	2660.00	2660.00	2660.00	2660.00	2660.00	2660.00	2660.00	2659.50	2659.00	2659.00	2659.00	2659.00	2659.00	2659.00	2659.00	2659.00	2659.00	2659.00	2659.00	2659.00	2659.00	2659.00	2659.00	2658.00	2658.00	2658.00	2658.00	2657.50	2657.00	2657.00	2656.00	2656.00	2655.00	2654.50	2654.00	2653.50	2653.00	2652.00	2652.00	2651.00	2651.00	2650.00	2650.00	2649.50	2649.00	2649.00	2649.00	2649.00	2649.00	2649.00	2649.00	2649.00	2649.00	2649.00	2649.00	2649.00	2648.00	2648.00	2648.00	2648.00	2647.00	2647.00	2647.00	2647.00	2646.50	2646.00	2646.00	2646.00	2646.00	2646.00	2646.00	2646.00	2646.00	2646.00	2646.00	2646.00	2646.00	2646.00	2646.00	2646.00	2646.00	2646.00	2646.00	2646.00	2646.00	2646.00	2646.00	2646.00	2646.00	2646.00	2646.00	2646.00	2646.00	2646.00	2646.00	2646.00	2646.00	2646.00	2646.00	2645.50	2645.00	2645.00	2645.00	2644.00	2644.00	2644.00	2644.00	2644.00	2643.00	2643.00	2642.00	2641.50	2641.00	2640.00	2640.00	2639.00	2639.00	2638.50	2638.00	2637.50	2637.00	2637.00	2636.00	2636.00	2635.00	2635.00	2634.50	2634.00	2633.50	2633.00	2632.50	2632.00	2632.00	2631.50	2631.00	2630.00	2630.00	2629.50	2629.00	2629.00	2628.00	2628.00	2627.00	2627.00	2627.00	2626.00	2626.00	2625.00	2625.00	2625.00	2624.00	2624.00	2624.00	2624.00	2623.00	2623.00	2622.00	2622.00	2621.50	2621.00	2620.50	2620.00	2620.00	2620.00	2619.00	2619.00	2618.00	2618.00	2618.00	2617.00	2617.00	2616.00	2616.00	2615.50	2615.00	2615.00	2614.00	2614.00	2614.00	2614.00	2613.50	2613.00	2613.00	2613.00	2613.00	2612.00	2612.00	2612.00	2612.00	2612.00	2612.00	2611.50	2612.00	2612.00	2612.00	2612.00	2613.00	2613.00	2613.00	2613.00	2613.00	2613.00	2613.00	2613.00	2613.00	2613.00	2613.00	2613.00	2613.50	2614.00	2614.00	2614.00	2614.00	2614.00	2614.00	2614.00	2614.00	2614.00
2668.00	2668.00	2667.50	2667.00	2667.00	2667.00	2666.00	2666.00	2666.00	2666.00	2666.00	2666.00	2665.00	2665.00	2665.00	2665.00	2665.00	2665.00	2665.00	2665.00	2664.50	2664.00	2664.00	2663.50	2663.00	2663.00	2663.00	2663.00	2662.00	2662.00	2662.00	2662.00	2662.00	2661.50	2661.00	2661.00	2661.00	2660.00	2660.00	2660.00	2660.00	2660.00	2659.50	2659.00	2659.00	2659.00	2659.00	2659.00	2658.00	2658.00	2658.00	2659.00	2658.00	2658.00	2658.00	2658.00	2658.00	2658.00	2658.00	2658.00	2658.00	2658.00	2657.50	2657.00	2657.00	2657.00	2657.00	2656.00	2656.00	2655.00	2654.50	2654.00	2653.50	2653.00	2652.50	2652.00	2651.00	2650.50	2650.00	2649.50	2649.00	2649.00	2648.00	2648.00	2648.00	2648.00	2648.00	2648.00	2648.00	2647.50	2647.00	2647.00	2647.00	2647.00	2647.00	2647.00	2647.00	2646.00	2646.00	2646.00	2646.00	2646.00	2645.50	2645.00	2645.00	2645.00	2645.00	2645.00	2645.00	2645.00	2645.00	2645.00	2645.00	2645.00	2645.00	2645.00	2645.00	2645.00	2645.50	2646.00	2646.00	2646.00	2646.00	2646.00	2646.00	2646.00	2645.50	2645.00	2645.00	2645.00	2645.00	2645.00	2645.00	2645.00	2645.00	2644.50	2644.00	2644.00	2643.00	2643.00	2643.00	2643.00	2642.50	2642.00	2642.00	2642.00	2641.50	2641.00	2640.00	2640.00	2640.00	2639.00	2639.00	2638.00	2638.00	2637.50	2637.00	2637.00	2636.50	2636.00	2636.00	2635.00	2635.00	2635.00	2634.00	2634.00	2633.50	2633.00	2632.50	2632.00	2632.00	2631.00	2630.50	2630.00	2629.50	2629.00	2629.00	2628.00	2628.00	2628.00	2627.00	2627.00	2626.50	2626.00	2625.50	2625.00	2625.00	2624.50	2624.00	2624.00	2623.50	2623.00	2623.00	2622.00	2622.00	2621.00	2621.00	2621.00	2620.00	2620.00	2619.50	2619.00	2619.00	2618.50	2618.00	2617.50	2617.00	2617.00	2617.00	2616.00	2616.00	2615.00	2615.00	2615.00	2615.00	2614.50	2614.00	2614.00	2614.00	2614.00	2614.00	2613.50	2613.00	2613.00	2613.00	2613.00	2613.00	2613.00	2613.00	2613.00	2613.00	2613.00	2613.00	2613.00	2614.00	2614.00	2614.00	2614.00	2614.00	2614.00	2614.00	2614.00	2614.00	2614.00	2614.00	2614.00	2614.00	2614.00	2615.00	2615.00	2615.00	2615.00	2615.00	2615.00	2615.00	2615.00
2668.00	2668.00	2667.50	2667.00	2667.00	2667.00	2666.00	2666.00	2666.00	2666.00	2666.00	2666.00	2665.00	2665.00	2665.00	2665.00	2665.00	2665.00	2665.00	2665.00	2664.50	2664.00	2664.00	2663.50	2663.00	2663.00	2663.00	2663.00	2662.00	2662.00	2662.00	2662.00	2662.00	2661.50	2661.00	2661.00	2661.00	2660.00	2660.00	2660.00	2660.00	2660.00	2659.50	2659.00	2659.00	2659.00	2659.00	2659.00	2658.00	2658.00	2658.00	2659.00	2658.00	2658.00	2658.00	2658.00	2658.00	2658.00	2658.00	2658.00	2658.00	2658.00	2657.50	2657.00	2657.00	2657.00	2657.00	2656.00	2656.00	2655.00	2654.50	2654.00	2653.50	2653.00	2652.50	2652.00	2651.00	2650.50	2650.00	2649.50	2649.00	2649.00	2648.00	2648.00	2648.00	2648.00	2648.00	2648.00	2648.00	2647.50	2647.00	2647.00	2647.00	2647.00	2647.00	2647.00	2647.00	2646.00	2646.00	2646.00	2646.00	2646.00	2645.50	2645.00	2645.00	2645.00	2645.00	2645.00	2645.00	2645.00	2645.00	2645.00	2645.00	2645.00	2645.00	2645.00	2645.00	2645.00	2645.50	2646.00	2646.00	2646.00	2646.00	2646.00	2646.00	2646.00	2645.50	2645.00	2645.00	2645.00	2645.00	2645.00	2645.00	2645.00	2645.00	2644.50	2644.00	2644.00	2643.00	2643.00	2643.00	2643.00	2642.50	2642.00	2642.00	2642.00	2641.50	2641.00	2640.00	2640.00	2640.00	2639.00	2639.00	2638.00	2638.00	2637.50	2637.00	2637.00	2636.50	2636.00	2636.00	2635.00	2635.00	2635.00	2634.00	2634.00	2633.50	2633.00	2632.50	2632.00	2632.00	2631.00	2630.50	2630.00	2629.50	2629.00	2629.00	2628.00	2628.00	2628.00	2627.00	2627.00	2626.50	2626.00	2625.50	2625.00	2625.00	2624.50	2624.00	2624.00	2623.50	2623.00	2623.00	2622.00	2622.00	2621.00	2621.00	2621.00	2620.00	2620.00	2619.50	2619.00	2619.00	2618.50	2618.00	2617.50	2617.00	2617.00	2617.00	2616.00	2616.00	2615.00	2615.00	2615.00	2615.00	2614.50	2614.00	2614.00	2614.00	2614.00	2614.00	2613.50	2613.00	2613.00	2613.00	2613.00	2613.00	2613.00	2613.00	2613.00	2613.00	2613.00	2613.00	2613.00	2614.00	2614.00	2614.00	2614.00	2614.00	2614.00	2614.00	2614.00	2614.00	2614.00	2614.00	2614.00	2614.00	2614.00	2615.00	2615.00	2615.00	2615.00	2615.00	2615.00	2615.00	2615.00
2668.00	2668.00	2667.50	2667.00	2667.00	2667.00	2666.00	2666.00	2666.00	2666.00	2666.00	2666.00	2665.00	2665.00	2665.00	2665.00	2665.00	2665.00	2665.00	2665.00	2664.50	2664.00	2664.00	2663.50	2663.00	2663.00	2663.00	2663.00	2662.00	2662.00	2662.00	2662.00	2662.00	2661.50	2661.00	2661.00	2661.00	2660.00	2660.00	2660.00	2660.00	2660.00	2659.50	2659.00	2659.00	2659.00	2659.00	2659.00	2658.00	2658.00	2658.00	2659.00	2658.00	2658.00	2658.00	2658.00	2658.00	2658.00	2658.00	2658.00	2658.00	2658.00	2657.50	2657.00	2657.00	2657.00	2657.00	2656.00	2656.00	2655.00	2654.50	2654.00	2653.50	2653.00	2652.50	2652.00	2651.00	2650.50	2650.00	2649.50	2649.00	2649.00	2648.00	2648.00	2648.00	2648.00	2648.00	2648.00	2648.00	2647.50	2647.00	2647.00	2647.00	2647.00	2647.00	2647.00	2647.00	2646.00	2646.00	2646.00	2646.00	2646.00	2645.50	2645.00	2645.00	2645.00	2645.00	2645.00	2645.00	2645.00	2645.00	2645.00	2645.00	2645.00	2645.00	2645.00	2645.00	2645.00	2645.50	2646.00	2646.00	2646.00	2646.00	2646.00	2646.00	2646.00	2645.50	2645.00	2645.00	2645.00	2645.00	2645.00	2645.00	2645.00	2645.00	2644.50	2644.00	2644.00	2643.00	2643.00	2643.00	2643.00	2642.50	2642.00	2642.00	2642.00	2641.50	2641.00	2640.00	2640.00	2640.00	2639.00	2639.00	2638.00	2638.00	2637.50	2637.00	2637.00	2636.50	2636.00	2636.00	2635.00	2635.00	2635.00	2634.00	2634.00	2633.50	2633.00	2632.50	2632.00	2632.00	2631.00	2630.50	2630.00	2629.50	2629.00	2629.00	2628.00	2628.00	2628.00	2627.00	2627.00	2626.50	2626.00	2625.50	2625.00	2625.00	2624.50	2624.00	2624.00	2623.50	2623.00	2623.00	2622.00	2622.00	2621.00	2621.00	2621.00	2620.00	2620.00	2619.50	2619.00	2619.00	2618.50	2618.00	2617.50	2617.00	2617.00	2617.00	2616.00	2616.00	2615.00	2615.00	2615.00	2615.00	2614.50	2614.00	2614.00	2614.00	2614.00	2614.00	2613.50	2613.00	2613.00	2613.00	2613.00	2613.00	2613.00	2613.00	2613.00	2613.00	2613.00	2613.00	2613.00	2614.00	2614.00	2614.00	2614.00	2614.00	2614.00	2614.00	2614.00	2614.00	2614.00	2614.00	2614.00	2614.00	2614.00	2615.00	2615.00	2615.00	2615.00	2615.00	2615.00	2615.00	2615.00
2668.00	2668.00	2667.75	2667.50	2667.50	2667.50	2667.00	2667.00	2667.00	2666.75	2666.50	2666.50	2666.00	2666.00	2665.50	2665.50	2665.50	2665.50	2665.50	2665.50	2664.75	2664.50	2664.00	2663.75	2663.50	2663.50	2663.25	2663.00	2662.50	2662.50	2662.50	2662.50	2662.00	2661.75	2661.50	2661.00	2661.00	2660.00	2660.00	2660.00	2660.00	2660.00	2659.50	2659.00	2659.00	2658.50	2658.50	2658.50	2658.00	2658.00	2658.00	2658.50	2658.00	2658.00	2658.00	2658.00	2658.00	2658.00	2658.00	2657.50	2657.50	2657.50	2657.25	2657.00	2656.75	2656.50	2656.50	2656.00	2655.50	2655.00	2654.25	2653.75	2653.25	2652.75	2652.25	2651.50	2651.00	2650.25	2649.50	2649.25	2648.75	2648.50	2648.00	2648.00	2647.50	2647.50	2647.50	2647.50	2647.50	2647.00	2646.50	2646.50	2646.50	2646.50	2646.50	2646.50	2646.50	2646.00	2646.00	2645.75	2645.50	2645.50	2645.25	2645.00	2645.00	2645.00	2645.00	2645.00	2645.00	2645.00	2645.00	2645.00	2645.00	2645.00	2645.00	2645.50	2645.00	2645.00	2645.50	2646.00	2646.00	2646.00	2646.00	2646.00	2646.00	2646.00	2645.75	2645.25	2645.00	2645.00	2645.00	2645.00	2645.00	2644.50	2644.50	2644.00	2643.50	2643.50	2643.00	2643.00	2642.50	2642.50	2642.25	2641.75	2641.50	2641.50	2641.25	2641.00	2640.00	2640.00	2640.00	2639.00	2639.00	2638.00	2638.00	2637.75	2637.25	2637.00	2636.50	2636.00	2636.00	2635.50	2635.00	2635.00	2634.00	2634.00	2633.50	2633.00	2632.75	2632.00	2632.00	2631.25	2630.75	2630.00	2629.75	2629.25	2629.00	2628.50	2628.00	2628.00	2627.25	2627.00	2626.75	2626.25	2625.75	2625.50	2625.00	2624.50	2624.00	2624.00	2623.50	2623.00	2623.00	2622.00	2622.00	2621.50	2621.00	2621.00	2620.00	2620.00	2619.75	2619.00	2619.00	2618.50	2618.00	2617.75	2617.25	2617.00	2617.00	2616.00	2616.00	2615.50	2615.50	2615.50	2615.00	2614.75	2614.50	2614.00	2614.00	2614.00	2614.00	2613.75	2613.50	2613.50	2613.50	2613.50	2613.00	2613.00	2613.00	2613.00	2613.00	2613.00	2613.50	2613.50	2614.00	2614.00	2614.00	2614.00	2614.00	2614.00	2614.00	2614.00	2614.00	2614.00	2614.00	2614.00	2614.50	2614.50	2615.00	2615.00	2615.00	2615.00	2615.00	2615.00	2615.00	2614.50
2668.00	2668.00	2668.00	2668.00	2668.00	2668.00	2668.00	2668.00	2668.00	2667.50	2667.00	2667.00	2667.00	2667.00	2666.00	2666.00	2666.00	2666.00	2666.00	2666.00	2665.00	2665.00	2664.00	2664.00	2664.00	2664.00	2663.50	2663.00	2663.00	2663.00	2663.00	2663.00	2662.00	2662.00	2662.00	2661.00	2661.00	2660.00	2660.00	2660.00	2660.00	2660.00	2659.50	2659.00	2659.00	2658.00	2658.00	2658.00	2658.00	2658.00	2658.00	2658.00	2658.00	2658.00	2658.00	2658.00	2658.00	2658.00	2658.00	2657.00	2657.00	2657.00	2657.00	2657.00	2656.50	2656.00	2656.00	2656.00	2655.00	2655.00	2654.00	2653.50	2653.00	2652.50	2652.00	2651.00	2651.00	2650.00	2649.00	2649.00	2648.50	2648.00	2648.00	2648.00	2647.00	2647.00	2647.00	2647.00	2647.00	2646.50	2646.00	2646.00	2646.00	2646.00	2646.00	2646.00	2646.00	2646.00	2646.00	2645.50	2645.00	2645.00	2645.00	2645.00	2645.00	2645.00	2645.00	2645.00	2645.00	2645.00	2645.00	2645.00	2645.00	2645.00	2645.00	2646.00	2645.00	2645.00	2645.50	2646.00	2646.00	2646.00	2646.00	2646.00	2646.00	2646.00	2646.00	2645.50	2645.00	2645.00	2645.00	2645.00	2645.00	2644.00	2644.00	2643.50	2643.00	2643.00	2643.00	2643.00	2642.00	2642.00	2642.00	2641.50	2641.00	2641.00	2641.00	2641.00	2640.00	2640.00	2640.00	2639.00	2639.00	2638.00	2638.00	2638.00	2637.50	2637.00	2636.50	2636.00	2636.00	2636.00	2635.00	2635.00	2634.00	2634.00	2633.50	2633.00	2633.00	2632.00	2632.00	2631.50	2631.00	2630.00	2630.00	2629.50	2629.00	2629.00	2628.00	2628.00	2627.50	2627.00	2627.00	2626.50	2626.00	2626.00	2625.00	2624.50	2624.00	2624.00	2623.50	2623.00	2623.00	2622.00	2622.00	2622.00	2621.00	2621.00	2620.00	2620.00	2620.00	2619.00	2619.00	2618.50	2618.00	2618.00	2617.50	2617.00	2617.00	2616.00	2616.00	2616.00	2616.00	2616.00	2615.00	2615.00	2615.00	2614.00	2614.00	2614.00	2614.00	2614.00	2614.00	2614.00	2614.00	2614.00	2613.00	2613.00	2613.00	2613.00	2613.00	2613.00	2614.00	2614.00	2614.00	2614.00	2614.00	2614.00	2614.00	2614.00	2614.00	2614.00	2614.00	2614.00	2614.00	2614.00	2615.00	2615.00	2615.00	2615.00	2615.00	2615.00	2615.00	2615.00	2615.00	2614.00
2668.00	2668.00	2668.00	2668.00	2668.00	2668.00	2668.00	2668.00	2668.00	2667.50	2667.00	2667.00	2667.00	2667.00	2666.00	2666.00	2666.00	2666.00	2666.00	2666.00	2665.00	2665.00	2664.00	2664.00	2664.00	2664.00	2663.50	2663.00	2663.00	2663.00	2663.00	2663.00	2662.00	2662.00	2662.00	2661.00	2661.00	2660.00	2660.00	2660.00	2660.00	2660.00	2659.50	2659.00	2659.00	2658.00	2658.00	2658.00	2658.00	2658.00	2658.00	2658.00	2658.00	2658.00	2658.00	2658.00	2658.00	2658.00	2658.00	2657.00	2657.00	2657.00	2657.00	2657.00	2656.50	2656.00	2656.00	2656.00	2655.00	2655.00	2654.00	2653.50	2653.00	2652.50	2652.00	2651.00	2651.00	2650.00	2649.00	2649.00	2648.50	2648.00	2648.00	2648.00	2647.00	2647.00	2647.00	2647.00	2647.00	2646.50	2646.00	2646.00	2646.00	2646.00	2646.00	2646.00	2646.00	2646.00	2646.00	2645.50	2645.00	2645.00	2645.00	2645.00	2645.00	2645.00	2645.00	2645.00	2645.00	2645.00	2645.00	2645.00	2645.00	2645.00	2645.00	2646.00	2645.00	2645.00	2645.50	2646.00	2646.00	2646.00	2646.00	2646.00	2646.00	2646.00	2646.00	2645.50	2645.00	2645.00	2645.00	2645.00	2645.00	2644.00	2644.00	2643.50	2643.00	2643.00	2643.00	2643.00	2642.00	2642.00	2642.00	2641.50	2641.00	2641.00	2641.00	2641.00	2640.00	2640.00	2640.00	2639.00	2639.00	2638.00	2638.00	2638.00	2637.50	2637.00	2636.50	2636.00	2636.00	2636.00	2635.00	2635.00	2634.00	2634.00	2633.50	2633.00	2633.00	2632.00	2632.00	2631.50	2631.00	2630.00	2630.00	2629.50	2629.00	2629.00	2628.00	2628.00	2627.50	2627.00	2627.00	2626.50	2626.00	2626.00	2625.00	2624.50	2624.00	2624.00	2623.50	2623.00	2623.00	2622.00	2622.00	2622.00	2621.00	2621.00	2620.00	2620.00	2620.00	2619.00	2619.00	2618.50	2618.00	2618.00	2617.50	2617.00	2617.00	2616.00	2616.00	2616.00	2616.00	2616.00	2615.00	2615.00	2615.00	2614.00	2614.00	2614.00	2614.00	2614.00	2614.00	2614.00	2614.00	2614.00	2613.00	2613.00	2613.00	2613.00	2613.00	2613.00	2614.00	2614.00	2614.00	2614.00	2614.00	2614.00	2614.00	2614.00	2614.00	2614.00	2614.00	2614.00	2614.00	2614.00	2615.00	2615.00	2615.00	2615.00	2615.00	2615.00	2615.00	2615.00	2615.00	2614.00
2668.00	2668.00	2668.00	2668.00	2668.00	2668.00	2668.00	2668.00	2668.00	2667.50	2667.00	2667.00	2667.00	2667.00	2666.00	2666.00	2666.00	2666.00	2666.00	2666.00	2665.00	2665.00	2664.00	2664.00	2664.00	2664.00	2663.50	2663.00	2663.00	2663.00	2663.00	2663.00	2662.00	2662.00	2662.00	2661.00	2661.00	2660.00	2660.00	2660.00	2660.00	2660.00	2659.50	2659.00	2659.00	2658.00	2658.00	2658.00	2658.00	2658.00	2658.00	2658.00	2658.00	2658.00	2658.00	2658.00	2658.00	2658.00	2658.00	2657.00	2657.00	2657.00	2657.00	2657.00	2656.50	2656.00	2656.00	2656.00	2655.00	2655.00	2654.00	2653.50	2653.00	2652.50	2652.00	2651.00	2651.00	2650.00	2649.00	2649.00	2648.50	2648.00	2648.00	2648.00	2647.00	2647.00	2647.00	2647.00	2647.00	2646.50	2646.00	2646.00	2646.00	2646.00	2646.00	2646.00	2646.00	2646.00	2646.00	2645.50	2645.00	2645.00	2645.00	2645.00	2645.00	2645.00	2645.00	2645.00	2645.00	2645.00	2645.00	2645.00	2645.00	2645.00	2645.00	2646.00	2645.00	2645.00	2645.50	2646.00	2646.00	2646.00	2646.00	2646.00	2646.00	2646.00	2646.00	2645.50	2645.00	2645.00	2645.00	2645.00	2645.00	2644.00	2644.00	2643.50	2643.00	2643.00	2643.00	2643.00	2642.00	2642.00	2642.00	2641.50	2641.00	2641.00	2641.00	2641.00	2640.00	2640.00	2640.00	2639.00	2639.00	2638.00	2638.00	2638.00	2637.50	2637.00	2636.50	2636.00	2636.00	2636.00	2635.00	2635.00	2634.00	2634.00	2633.50	2633.00	2633.00	2632.00	2632.00	2631.50	2631.00	2630.00	2630.00	2629.50	2629.00	2629.00	2628.00	2628.00	2627.50	2627.00	2627.00	2626.50	2626.00	2626.00	2625.00	2624.50	2624.00	2624.00	2623.50	2623.00	2623.00	2622.00	2622.00	2622.00	2621.00	2621.00	2620.00	2620.00	2620.00	2619.00	2619.00	2618.50	2618.00	2618.00	2617.50	2617.00	2617.00	2616.00	2616.00	2616.00	2616.00	2616.00	2615.00	2615.00	2615.00	2614.00	2614.00	2614.00	2614.00	2614.00	2614.00	2614.00	2614.00	2614.00	2613.00	2613.00	2613.00	2613.00	2613.00	2613.00	2614.00	2614.00	2614.00	2614.00	2614.00	2614.00	2614.00	2614.00	2614.00	2614.00	2614.00	2614.00	2614.00	2614.00	2615.00	2615.00	2615.00	2615.00	2615.00	2615.00	2615.00	2615.00	2615.00	2614.00
2669.00	2669.00	2669.00	2669.00	2669.00	2669.00	2669.00	2669.00	2669.00	2669.00	2669.00	2669.00	2668.00	2668.00	2667.50	2667.00	2667.00	2667.00	2667.00	2666.00	2666.00	2665.00	2665.00	2665.00	2664.50	2664.00	2664.00	2664.00	2664.00	2664.00	2663.00	2663.00	2662.00	2662.00	2662.00	2661.00	2661.00	2660.00	2660.00	2660.00	2660.00	2659.50	2659.00	2659.00	2659.00	2658.50	2658.00	2658.00	2657.00	2657.00	2657.00	2657.00	2657.00	2657.00	2657.00	2657.00	2657.00	2657.00	2657.00	2657.00	2657.00	2656.50	2656.00	2656.00	2656.00	2655.50	2655.00	2655.00	2654.00	2654.00	2653.00	2653.00	2652.50	2652.00	2651.50	2651.00	2650.00	2649.50	2649.00	2648.50	2648.00	2648.00	2647.00	2647.00	2647.00	2647.00	2646.50	2646.00	2646.00	2646.00	2646.00	2646.00	2646.00	2646.00	2646.00	2646.00	2646.00	2646.00	2645.00	2645.00	2645.00	2645.00	2645.00	2645.00	2645.00	2645.00	2646.00	2646.00	2646.00	2646.00	2646.00	2646.00	2646.00	2646.00	2646.00	2646.00	2646.00	2646.00	2646.00	2646.00	2646.00	2646.00	2646.00	2646.00	2646.00	2646.00	2645.00	2645.00	2645.00	2645.00	2644.50	2644.00	2644.00	2644.00	2644.00	2643.50	2643.00	2643.00	2643.00	2643.00	2642.50	2642.00	2642.00	2641.50	2641.00	2641.00	2641.00	2641.00	2640.00	2640.00	2640.00	2639.00	2639.00	2639.00	2638.00	2638.00	2637.50	2637.00	2637.00	2637.00	2636.00	2636.00	2636.00	2636.00	2635.00	2634.50	2634.00	2633.50	2633.00	2633.00	2633.00	2632.00	2632.00	2631.00	2630.50	2630.00	2630.00	2630.00	2629.00	2629.00	2628.00	2628.00	2628.00	2627.00	2626.50	2626.00	2625.00	2625.00	2624.00	2624.00	2623.50	2623.00	2623.00	2622.50	2622.00	2622.00	2621.00	2621.00	2620.50	2620.00	2620.00	2619.00	2619.00	2619.00	2618.00	2618.00	2617.50	2617.00	2617.00	2617.00	2617.00	2616.50	2616.00	2616.00	2615.50	2615.00	2615.00	2615.00	2614.50	2614.00	2614.00	2614.00	2614.00	2614.00	2614.00	2614.00	2614.00	2613.50	2613.00	2613.00	2613.00	2613.00	2613.00	2613.00	2613.00	2613.00	2613.00	2613.00	2613.00	2613.00	2613.00	2614.00	2614.00	2614.00	2614.00	2614.00	2614.00	2614.00	2614.00	2614.00	2614.00	2614.00	2614.00	2614.00	2614.00	2614.00
2669.00	2669.00	2669.00	2669.00	2669.00	2669.00	2669.00	2669.00	2669.00	2669.00	2669.00	2669.00	2668.00	2668.00	2667.50	2667.00	2667.00	2667.00	2667.00	2666.00	2666.00	2665.00	2665.00	2665.00	2664.50	2664.00	2664.00	2664.00	2664.00	2664.00	2663.00	2663.00	2662.00	2662.00	2662.00	2661.00	2661.00	2660.00	2660.00	2660.00	2660.00	2659.50	2659.00	2659.00	2659.00	2658.50	2658.00	2658.00	2657.00	2657.00	2657.00	2657.00	2657.00	2657.00	2657.00	2657.00	2657.00	2657.00	2657.00	2657.00	2657.00	2656.50	2656.00	2656.00	2656.00	2655.50	2655.00	2655.00	2654.00	2654.00	2653.00	2653.00	2652.50	2652.00	2651.50	2651.00	2650.00	2649.50	2649.00	2648.50	2648.00	2648.00	2647.00	2647.00	2647.00	2647.00	2646.50	2646.00	2646.00	2646.00	2646.00	2646.00	2646.00	2646.00	2646.00	2646.00	2646.00	2646.00	2645.00	2645.00	2645.00	2645.00	2645.00	2645.00	2645.00	2645.00	2646.00	2646.00	2646.00	2646.00	2646.00	2646.00	2646.00	2646.00	2646.00	2646.00	2646.00	2646.00	2646.00	2646.00	2646.00	2646.00	2646.00	2646.00	2646.00	2646.00	2645.00	2645.00	2645.00	2645.00	2644.50	2644.00	2644.00	2644.00	2644.00	2643.50	2643.00	2643.00	2643.00	2643.00	2642.50	2642.00	2642.00	2641.50	2641.00	2641.00	2641.00	2641.00	2640.00	2640.00	2640.00	2639.00	2639.00	2639.00	2638.00	2638.00	2637.50	2637.00	2637.00	2637.00	2636.00	2636.00	2636.00	2636.00	2635.00	2634.50	2634.00	2633.50	2633.00	2633.00	2633.00	2632.00	2632.00	2631.00	2630.50	2630.00	2630.00	2630.00	2629.00	2629.00	2628.00	2628.00	2628.00	2627.00	2626.50	2626.00	2625.00	2625.00	2624.00	2624.00	2623.50	2623.00	2623.00	2622.50	2622.00	2622.00	2621.00	2621.00	2620.50	2620.00	2620.00	2619.00	2619.00	2619.00	2618.00	2618.00	2617.50	2617.00	2617.00	2617.00	2617.00	2616.50	2616.00	2616.00	2615.50	2615.00	2615.00	2615.00	2614.50	2614.00	2614.00	2614.00	2614.00	2614.00	2614.00	2614.00	2614.00	2613.50	2613.00	2613.00	2613.00	2613.00	2613.00	2613.00	2613.00	2613.00	2613.00	2613.00	2613.00	2613.00	2613.00	2614.00	2614.00	2614.00	2614.00	2614.00	2614.00	2614.00	2614.00	2614.00	2614.00	2614.00	2614.00	2614.00	2614.00	2614.00
2669.00	2669.00	2669.00	2669.00	2669.00	2669.00	2669.00	2669.00	2669.00	2669.00	2669.00	2669.00	2668.00	2668.00	2667.50	2667.00	2667.00	2667.00	2667.00	2666.00	2666.00	2665.00	2665.00	2665.00	2664.50	2664.00	2664.00	2664.00	2664.00	2664.00	2663.00	2663.00	2662.00	2662.00	2662.00	2661.00	2661.00	2660.00	2660.00	2660.00	2660.00	2659.50	2659.00	2659.00	2659.00	2658.50	2658.00	2658.00	2657.00	2657.00	2657.00	2657.00	2657.00	2657.00	2657.00	2657.00	2657.00	2657.00	2657.00	2657.00	2657.00	2656.50	2656.00	2656.00	2656.00	2655.50	2655.00	2655.00	2654.00	2654.00	2653.00	2653.00	2652.50	2652.00	2651.50	2651.00	2650.00	2649.50	2649.00	2648.50	2648.00	2648.00	2647.00	2647.00	2647.00	2647.00	2646.50	2646.00	2646.00	2646.00	2646.00	2646.00	2646.00	2646.00	2646.00	2646.00	2646.00	2646.00	2645.00	2645.00	2645.00	2645.00	2645.00	2645.00	2645.00	2645.00	2646.00	2646.00	2646.00	2646.00	2646.00	2646.00	2646.00	2646.00	2646.00	2646.00	2646.00	2646.00	2646.00	2646.00	2646.00	2646.00	2646.00	2646.00	2646.00	2646.00	2645.00	2645.00	2645.00	2645.00	2644.50	2644.00	2644.00	2644.00	2644.00	2643.50	2643.00	2643.00	2643.00	2643.00	2642.50	2642.00	2642.00	2641.50	2641.00	2641.00	2641.00	2641.00	2640.00	2640.00	2640.00	2639.00	2639.00	2639.00	2638.00	2638.00	2637.50	2637.00	2637.00	2637.00	2636.00	2636.00	2636.00	2636.00	2635.00	2634.50	2634.00	2633.50	2633.00	2633.00	2633.00	2632.00	2632.00	2631.00	2630.50	2630.00	2630.00	2630.00	2629.00	2629.00	2628.00	2628.00	2628.00	2627.00	2626.50	2626.00	2625.00	2625.00	2624.00	2624.00	2623.50	2623.00	2623.00	2622.50	2622.00	2622.00	2621.00	2621.00	2620.50	2620.00	2620.00	2619.00	2619.00	2619.00	2618.00	2618.00	2617.50	2617.00	2617.00	2617.00	2617.00	2616.50	2616.00	2616.00	2615.50	2615.00	2615.00	2615.00	2614.50	2614.00	2614.00	2614.00	2614.00	2614.00	2614.00	2614.00	2614.00	2613.50	2613.00	2613.00	2613.00	2613.00	2613.00	2613.00	2613.00	2613.00	2613.00	2613.00	2613.00	2613.00	2613.00	2614.00	2614.00	2614.00	2614.00	2614.00	2614.00	2614.00	2614.00	2614.00	2614.00	2614.00	2614.00	2614.00	2614.00	2614.00
2669.50	2669.50	2669.50	2669.50	2669.50	2670.00	2669.50	2669.50	2669.50	2669.50	2669.50	2669.25	2668.50	2668.50	2667.75	2667.50	2667.00	2667.00	2667.00	2666.00	2666.00	2665.50	2665.00	2665.00	2664.50	2664.00	2664.00	2664.00	2664.00	2664.00	2663.00	2663.00	2662.25	2662.00	2662.00	2661.00	2661.00	2660.00	2660.00	2660.00	2659.75	2659.25	2659.00	2658.75	2658.50	2658.25	2658.00	2658.00	2657.25	2657.00	2657.00	2657.00	2657.00	2656.50	2656.50	2656.50	2656.50	2656.50	2656.50	2656.50	2656.50	2656.25	2656.00	2655.50	2655.50	2655.25	2654.50	2654.50	2653.50	2653.50	2652.50	2652.50	2652.00	2651.50	2651.00	2650.50	2650.00	2649.25	2648.50	2648.25	2647.75	2647.50	2647.00	2646.75	2646.50	2646.50	2646.25	2646.00	2646.00	2646.00	2646.00	2646.00	2646.00	2646.00	2646.00	2646.00	2646.00	2646.00	2645.50	2645.50	2645.50	2645.50	2645.50	2645.50	2645.50	2645.50	2646.00	2646.00	2646.00	2646.00	2646.00	2646.00	2646.00	2646.00	2646.00	2646.00	2646.00	2646.00	2646.00	2646.00	2646.00	2646.00	2646.00	2646.00	2645.75	2645.50	2645.00	2645.00	2645.00	2645.00	2644.25	2644.00	2644.00	2644.00	2644.00	2643.50	2643.00	2643.00	2643.00	2643.00	2642.75	2642.00	2642.00	2641.75	2641.50	2641.50	2641.00	2641.00	2640.25	2640.00	2640.00	2639.50	2639.25	2639.00	2638.50	2638.50	2638.00	2637.50	2637.25	2637.00	2636.50	2636.50	2636.50	2636.00	2635.50	2635.00	2634.50	2633.75	2633.50	2633.50	2633.00	2632.25	2632.00	2631.00	2630.75	2630.25	2630.00	2630.00	2629.00	2629.00	2628.25	2628.00	2628.00	2627.00	2626.75	2626.00	2625.50	2625.00	2624.00	2624.00	2623.50	2623.00	2623.00	2622.25	2622.00	2621.50	2621.00	2620.75	2620.25	2620.00	2620.00	2619.00	2619.00	2619.00	2618.00	2618.00	2617.75	2617.00	2617.00	2617.00	2617.00	2616.50	2616.00	2616.00	2615.50	2615.00	2615.00	2615.00	2614.75	2614.50	2614.00	2614.00	2614.00	2614.00	2614.00	2613.50	2613.50	2613.25	2613.00	2613.00	2612.50	2612.50	2612.50	2612.50	2612.50	2612.50	2612.50	2612.50	2612.50	2612.50	2612.50	2613.50	2613.50	2613.50	2613.50	2613.50	2613.50	2613.50	2613.50	2613.50	2613.50	2613.50	2613.25	2613.00	2613.00	2613.00
2670.00	2670.00	2670.00	2670.00	2670.00	2671.00	2670.00	2670.00	2670.00	2670.00	2670.00	2669.50	2669.00	2669.00	2668.00	2668.00	2667.00	2667.00	2667.00	2666.00	2666.00	2666.00	2665.00	2665.00	2664.50	2664.00	2664.00	2664.00	2664.00	2664.00	2663.00	2663.00	2662.50	2662.00	2662.00	2661.00	2661.00	2660.00	2660.00	2660.00	2659.50	2659.00	2659.00	2658.50	2658.00	2658.00	2658.00	2658.00	2657.50	2657.00	2657.00	2657.00	2657.00	2656.00	2656.00	2656.00	2656.00	2656.00	2656.00	2656.00	2656.00	2656.00	2656.00	2655.00	2655.00	2655.00	2654.00	2654.00	2653.00	2653.00	2652.00	2652.00	2651.50	2651.00	2650.50	2650.00	2650.00	2649.00	2648.00	2648.00	2647.50	2647.00	2647.00	2646.50	2646.00	2646.00	2646.00	2646.00	2646.00	2646.00	2646.00	2646.00	2646.00	2646.00	2646.00	2646.00	2646.00	2646.00	2646.00	2646.00	2646.00	2646.00	2646.00	2646.00	2646.00	2646.00	2646.00	2646.00	2646.00	2646.00	2646.00	2646.00	2646.00	2646.00	2646.00	2646.00	2646.00	2646.00	2646.00	2646.00	2646.00	2646.00	2646.00	2646.00	2645.50	2645.00	2645.00	2645.00	2645.00	2645.00	2644.00	2644.00	2644.00	2644.00	2644.00	2643.50	2643.00	2643.00	2643.00	2643.00	2643.00	2642.00	2642.00	2642.00	2642.00	2642.00	2641.00	2641.00	2640.50	2640.00	2640.00	2640.00	2639.50	2639.00	2639.00	2639.00	2638.50	2638.00	2637.50	2637.00	2637.00	2637.00	2637.00	2636.00	2636.00	2635.50	2635.00	2634.00	2634.00	2634.00	2633.00	2632.50	2632.00	2631.00	2631.00	2630.50	2630.00	2630.00	2629.00	2629.00	2628.50	2628.00	2628.00	2627.00	2627.00	2626.00	2626.00	2625.00	2624.00	2624.00	2623.50	2623.00	2623.00	2622.00	2622.00	2621.00	2621.00	2620.50	2620.00	2620.00	2620.00	2619.00	2619.00	2619.00	2618.00	2618.00	2618.00	2617.00	2617.00	2617.00	2617.00	2616.50	2616.00	2616.00	2615.50	2615.00	2615.00	2615.00	2615.00	2615.00	2614.00	2614.00	2614.00	2614.00	2614.00	2613.00	2613.00	2613.00	2613.00	2613.00	2612.00	2612.00	2612.00	2612.00	2612.00	2612.00	2612.00	2612.00	2612.00	2612.00	2612.00	2613.00	2613.00	2613.00	2613.00	2613.00	2613.00	2613.00	2613.00	2613.00	2613.00	2613.00	2612.50	2612.00	2612.00	2612.00
2670.00	2670.00	2670.00	2670.00	2670.00	2671.00	2670.00	2670.00	2670.00	2670.00	2670.00	2669.50	2669.00	2669.00	2668.00	2668.00	2667.00	2667.00	2667.00	2666.00	2666.00	2666.00	2665.00	2665.00	2664.50	2664.00	2664.00	2664.00	2664.00	2664.00	2663.00	2663.00	2662.50	2662.00	2662.00	2661.00	2661.00	2660.00	2660.00	2660.00	2659.50	2659.00	2659.00	2658.50	2658.00	2658.00	2658.00	2658.00	2657.50	2657.00	2657.00	2657.00	2657.00	2656.00	2656.00	2656.00	2656.00	2656.00	2656.00	2656.00	2656.00	2656.00	2656.00	2655.00	2655.00	2655.00	2654.00	2654.00	2653.00	2653.00	2652.00	2652.00	2651.50	2651.00	2650.50	2650.00	2650.00	2649.00	2648.00	2648.00	2647.50	2647.00	2647.00	2646.50	2646.00	2646.00	2646.00	2646.00	2646.00	2646.00	2646.00	2646.00	2646.00	2646.00	2646.00	2646.00	2646.00	2646.00	2646.00	2646.00	2646.00	2646.00	2646.00	2646.00	2646.00	2646.00	2646.00	2646.00	2646.00	2646.00	2646.00	2646.00	2646.00	2646.00	2646.00	2646.00	2646.00	2646.00	2646.00	2646.00	2646.00	2646.00	2646.00	2646.00	2645.50	2645.00	2645.00	2645.00	2645.00	2645.00	2644.00	2644.00	2644.00	2644.00	2644.00	2643.50	2643.00	2643.00	2643.00	2643.00	2643.00	2642.00	2642.00	2642.00	2642.00	2642.00	2641.00	2641.00	2640.50	2640.00	2640.00	2640.00	2639.50	2639.00	2639.00	2639.00	2638.50	2638.00	2637.50	2637.00	2637.00	2637.00	2637.00	2636.00	2636.00	2635.50	2635.00	2634.00	2634.00	2634.00	2633.00	2632.50	2632.00	2631.00	2631.00	2630.50	2630.00	2630.00	2629.00	2629.00	2628.50	2628.00	2628.00	2627.00	2627.00	2626.00	2626.00	2625.00	2624.00	2624.00	2623.50	2623.00	2623.00	2622.00	2622.00	2621.00	2621.00	2620.50	2620.00	2620.00	2620.00	2619.00	2619.00	2619.00	2618.00	2618.00	2618.00	2617.00	2617.00	2617.00	2617.00	2616.50	2616.00	2616.00	2615.50	2615.00	2615.00	2615.00	2615.00	2615.00	2614.00	2614.00	2614.00	2614.00	2614.00	2613.00	2613.00	2613.00	2613.00	2613.00	2612.00	2612.00	2612.00	2612.00	2612.00	2612.00	2612.00	2612.00	2612.00	2612.00	2612.00	2613.00	2613.00	2613.00	2613.00	2613.00	2613.00	2613.00	2613.00	2613.00	2613.00	2613.00	2612.50	2612.00	2612.00	2612.00
2670.00	2670.00	2670.00	2670.00	2670.00	2671.00	2670.00	2670.00	2670.00	2670.00	2670.00	2669.50	2669.00	2669.00	2668.00	2668.00	2667.00	2667.00	2667.00	2666.00	2666.00	2666.00	2665.00	2665.00	2664.50	2664.00	2664.00	2664.00	2664.00	2664.00	2663.00	2663.00	2662.50	2662.00	2662.00	2661.00	2661.00	2660.00	2660.00	2660.00	2659.50	2659.00	2659.00	2658.50	2658.00	2658.00	2658.00	2658.00	2657.50	2657.00	2657.00	2657.00	2657.00	2656.00	2656.00	2656.00	2656.00	2656.00	2656.00	2656.00	2656.00	2656.00	2656.00	2655.00	2655.00	2655.00	2654.00	2654.00	2653.00	2653.00	2652.00	2652.00	2651.50	2651.00	2650.50	2650.00	2650.00	2649.00	2648.00	2648.00	2647.50	2647.00	2647.00	2646.50	2646.00	2646.00	2646.00	2646.00	2646.00	2646.00	2646.00	2646.00	2646.00	2646.00	2646.00	2646.00	2646.00	2646.00	2646.00	2646.00	2646.00	2646.00	2646.00	2646.00	2646.00	2646.00	2646.00	2646.00	2646.00	2646.00	2646.00	2646.00	2646.00	2646.00	2646.00	2646.00	2646.00	2646.00	2646.00	2646.00	2646.00	2646.00	2646.00	2646.00	2645.50	2645.00	2645.00	2645.00	2645.00	2645.00	2644.00	2644.00	2644.00	2644.00	2644.00	2643.50	2643.00	2643.00	2643.00	2643.00	2643.00	2642.00	2642.00	2642.00	2642.00	2642.00	2641.00	2641.00	2640.50	2640.00	2640.00	2640.00	2639.50	2639.00	2639.00	2639.00	2638.50	2638.00	2637.50	2637.00	2637.00	2637.00	2637.00	2636.00	2636.00	2635.50	2635.00	2634.00	2634.00	2634.00	2633.00	2632.50	2632.00	2631.00	2631.00	2630.50	2630.00	2630.00	2629.00	2629.00	2628.50	2628.00	2628.00	2627.00	2627.00	2626.00	2626.00	2625.00	2624.00	2624.00	2623.50	2623.00	2623.00	2622.00	2622.00	2621.00	2621.00	2620.50	2620.00	2620.00	2620.00	2619.00	2619.00	2619.00	2618.00	2618.00	2618.00	2617.00	2617.00	2617.00	2617.00	2616.50	2616.00	2616.00	2615.50	2615.00	2615.00	2615.00	2615.00	2615.00	2614.00	2614.00	2614.00	2614.00	2614.00	2613.00	2613.00	2613.00	2613.00	2613.00	2612.00	2612.00	2612.00	2612.00	2612.00	2612.00	2612.00	2612.00	2612.00	2612.00	2612.00	2613.00	2613.00	2613.00	2613.00	2613.00	2613.00	2613.00	2613.00	2613.00	2613.00	2613.00	2612.50	2612.00	2612.00	2612.00
2670.00	2671.00	2671.00	2671.00	2671.00	2670.00	2670.00	2670.00	2670.00	2669.50	2669.00	2669.00	2668.00	2668.00	2667.50	2667.00	2666.50	2666.00	2666.00	2666.00	2665.50	2665.00	2665.00	2665.00	2665.00	2664.50	2664.00	2664.00	2664.00	2664.00	2663.00	2663.00	2662.50	2662.00	2662.00	2661.00	2661.00	2661.00	2660.00	2659.50	2659.00	2658.50	2658.00	2658.00	2658.00	2657.50	2657.00	2657.00	2657.00	2657.00	2656.00	2656.00	2656.00	2656.00	2656.00	2656.00	2656.00	2656.00	2656.00	2656.00	2655.00	2655.00	2655.00	2654.50	2654.00	2654.00	2654.00	2653.00	2653.00	2652.00	2651.50	2651.00	2650.50	2650.00	2649.50	2649.00	2649.00	2648.00	2648.00	2647.50	2647.00	2647.00	2647.00	2646.00	2646.00	2646.00	2646.00	2646.00	2646.00	2646.00	2646.00	2646.00	2646.00	2646.00	2646.00	2646.00	2646.00	2646.00	2646.00	2646.00	2647.00	2647.00	2647.00	2647.00	2647.00	2647.00	2647.00	2647.00	2647.00	2646.50	2646.00	2646.00	2646.00	2646.00	2646.00	2646.00	2646.00	2646.00	2646.00	2646.00	2646.00	2646.00	2646.00	2646.00	2645.50	2645.00	2645.00	2645.00	2645.00	2645.00	2644.50	2644.00	2644.00	2644.00	2644.00	2644.00	2644.00	2644.00	2643.00	2643.00	2643.00	2642.00	2642.00	2642.00	2642.00	2642.00	2641.00	2641.00	2641.00	2641.00	2641.00	2640.00	2640.00	2640.00	2640.00	2639.50	2639.00	2638.50	2638.00	2638.00	2638.00	2638.00	2637.00	2637.00	2636.50	2636.00	2636.00	2635.00	2634.50	2634.00	2633.00	2633.00	2632.50	2631.50	2631.00	2631.00	2630.00	2630.00	2629.00	2629.00	2628.50	2628.00	2628.00	2627.00	2626.50	2626.00	2625.00	2624.50	2624.00	2623.50	2623.00	2622.50	2622.00	2621.50	2621.00	2621.00	2620.50	2620.00	2619.50	2619.00	2619.00	2619.00	2619.00	2619.00	2618.00	2618.00	2618.00	2617.00	2617.00	2617.00	2617.00	2616.50	2616.00	2616.00	2615.00	2615.00	2615.00	2615.00	2614.00	2614.00	2614.00	2613.50	2613.00	2613.00	2612.00	2612.00	2612.00	2612.00	2611.50	2611.00	2611.00	2611.00	2611.00	2611.00	2611.00	2611.00	2611.00	2611.00	2611.00	2611.00	2611.00	2611.00	2611.00	2611.00	2611.00	2611.00	2611.00	2611.00	2611.00	2611.00	2611.00	2611.00	2610.50	2610.00	2610.00	2610.00
2670.00	2671.00	2671.00	2671.00	2671.00	2670.00	2670.00	2670.00	2670.00	2669.50	2669.00	2669.00	2668.00	2668.00	2667.50	2667.00	2666.50	2666.00	2666.00	2666.00	2665.50	2665.00	2665.00	2665.00	2665.00	2664.50	2664.00	2664.00	2664.00	2664.00	2663.00	2663.00	2662.50	2662.00	2662.00	2661.00	2661.00	2661.00	2660.00	2659.50	2659.00	2658.50	2658.00	2658.00	2658.00	2657.50	2657.00	2657.00	2657.00	2657.00	2656.00	2656.00	2656.00	2656.00	2656.00	2656.00	2656.00	2656.00	2656.00	2656.00	2655.00	2655.00	2655.00	2654.50	2654.00	2654.00	2654.00	2653.00	2653.00	2652.00	2651.50	2651.00	2650.50	2650.00	2649.50	2649.00	2649.00	2648.00	2648.00	2647.50	2647.00	2647.00	2647.00	2646.00	2646.00	2646.00	2646.00	2646.00	2646.00	2646.00	2646.00	2646.00	2646.00	2646.00	2646.00	2646.00	2646.00	2646.00	2646.00	2646.00	2647.00	2647.00	2647.00	2647.00	2647.00	2647.00	2647.00	2647.00	2647.00	2646.50	2646.00	2646.00	2646.00	2646.00	2646.00	2646.00	2646.00	2646.00	2646.00	2646.00	2646.00	2646.00	2646.00	2646.00	2645.50	2645.00	2645.00	2645.00	2645.00	2645.00	2644.50	2644.00	2644.00	2644.00	2644.00	2644.00	2644.00	2644.00	2643.00	2643.00	2643.00	2642.00	2642.00	2642.00	2642.00	2642.00	2641.00	2641.00	2641.00	2641.00	2641.00	2640.00	2640.00	2640.00	2640.00	2639.50	2639.00	2638.50	2638.00	2638.00	2638.00	2638.00	2637.00	2637.00	2636.50	2636.00	2636.00	2635.00	2634.50	2634.00	2633.00	2633.00	2632.50	2631.50	2631.00	2631.00	2630.00	2630.00	2629.00	2629.00	2628.50	2628.00	2628.00	2627.00	2626.50	2626.00	2625.00	2624.50	2624.00	2623.50	2623.00	2622.50	2622.00	2621.50	2621.00	2621.00	2620.50	2620.00	2619.50	2619.00	2619.00	2619.00	2619.00	2619.00	2618.00	2618.00	2618.00	2617.00	2617.00	2617.00	2617.00	2616.50	2616.00	2616.00	2615.00	2615.00	2615.00	2615.00	2614.00	2614.00	2614.00	2613.50	2613.00	2613.00	2612.00	2612.00	2612.00	2612.00	2611.50	2611.00	2611.00	2611.00	2611.00	2611.00	2611.00	2611.00	2611.00	2611.00	2611.00	2611.00	2611.00	2611.00	2611.00	2611.00	2611.00	2611.00	2611.00	2611.00	2611.00	2611.00	2611.00	2611.00	2610.50	2610.00	2610.00	2610.00
2670.00	2671.00	2671.00	2671.00	2671.00	2670.00	2670.00	2670.00	2670.00	2669.50	2669.00	2669.00	2668.00	2668.00	2667.50	2667.00	2666.50	2666.00	2666.00	2666.00	2665.50	2665.00	2665.00	2665.00	2665.00	2664.50	2664.00	2664.00	2664.00	2664.00	2663.00	2663.00	2662.50	2662.00	2662.00	2661.00	2661.00	2661.00	2660.00	2659.50	2659.00	2658.50	2658.00	2658.00	2658.00	2657.50	2657.00	2657.00	2657.00	2657.00	2656.00	2656.00	2656.00	2656.00	2656.00	2656.00	2656.00	2656.00	2656.00	2656.00	2655.00	2655.00	2655.00	2654.50	2654.00	2654.00	2654.00	2653.00	2653.00	2652.00	2651.50	2651.00	2650.50	2650.00	2649.50	2649.00	2649.00	2648.00	2648.00	2647.50	2647.00	2647.00	2647.00	2646.00	2646.00	2646.00	2646.00	2646.00	2646.00	2646.00	2646.00	2646.00	2646.00	2646.00	2646.00	2646.00	2646.00	2646.00	2646.00	2646.00	2647.00	2647.00	2647.00	2647.00	2647.00	2647.00	2647.00	2647.00	2647.00	2646.50	2646.00	2646.00	2646.00	2646.00	2646.00	2646.00	2646.00	2646.00	2646.00	2646.00	2646.00	2646.00	2646.00	2646.00	2645.50	2645.00	2645.00	2645.00	2645.00	2645.00	2644.50	2644.00	2644.00	2644.00	2644.00	2644.00	2644.00	2644.00	2643.00	2643.00	2643.00	2642.00	2642.00	2642.00	2642.00	2642.00	2641.00	2641.00	2641.00	2641.00	2641.00	2640.00	2640.00	2640.00	2640.00	2639.50	2639.00	2638.50	2638.00	2638.00	2638.00	2638.00	2637.00	2637.00	2636.50	2636.00	2636.00	2635.00	2634.50	2634.00	2633.00	2633.00	2632.50	2631.50	2631.00	2631.00	2630.00	2630.00	2629.00	2629.00	2628.50	2628.00	2628.00	2627.00	2626.50	2626.00	2625.00	2624.50	2624.00	2623.50	2623.00	2622.50	2622.00	2621.50	2621.00	2621.00	2620.50	2620.00	2619.50	2619.00	2619.00	2619.00	2619.00	2619.00	2618.00	2618.00	2618.00	2617.00	2617.00	2617.00	2617.00	2616.50	2616.00	2616.00	2615.00	2615.00	2615.00	2615.00	2614.00	2614.00	2614.00	2613.50	2613.00	2613.00	2612.00	2612.00	2612.00	2612.00	2611.50	2611.00	2611.00	2611.00	2611.00	2611.00	2611.00	2611.00	2611.00	2611.00	2611.00	2611.00	2611.00	2611.00	2611.00	2611.00	2611.00	2611.00	2611.00	2611.00	2611.00	2611.00	2611.00	2611.00	2610.50	2610.00	2610.00	2610.00
2670.00	2670.00	2670.00	2670.00	2670.00	2670.00	2670.00	2669.00	2669.00	2669.00	2668.50	2668.00	2668.00	2667.00	2667.00	2667.00	2666.50	2666.00	2666.00	2666.00	2665.00	2665.00	2665.00	2665.00	2665.00	2664.50	2664.00	2664.00	2664.00	2664.00	2663.50	2663.00	2662.50	2662.00	2662.00	2661.00	2661.00	2660.00	2660.00	2659.00	2658.50	2658.00	2658.00	2657.50	2657.00	2657.00	2657.00	2657.00	2656.50	2656.00	2656.00	2656.00	2656.00	2656.00	2656.00	2656.00	2656.00	2655.00	2655.00	2655.00	2655.00	2654.00	2654.00	2653.50	2653.00	2653.00	2652.00	2652.00	2651.00	2651.00	2650.50	2650.00	2649.50	2648.50	2648.00	2648.00	2648.00	2647.50	2647.00	2647.00	2647.00	2647.00	2647.00	2647.00	2647.00	2647.00	2647.00	2647.00	2647.00	2647.00	2647.00	2647.00	2647.00	2647.00	2647.00	2647.00	2647.00	2647.00	2647.00	2647.00	2647.00	2647.00	2647.00	2647.00	2647.00	2647.00	2647.00	2647.00	2647.00	2646.50	2646.00	2646.00	2646.00	2646.00	2646.00	2646.00	2646.00	2645.00	2645.00	2645.00	2645.00	2645.00	2645.00	2645.00	2645.00	2645.00	2645.00	2645.00	2645.00	2645.00	2645.00	2645.00	2644.00	2644.00	2644.00	2644.00	2644.00	2644.00	2643.00	2643.00	2643.00	2643.00	2643.00	2642.50	2642.00	2642.00	2641.50	2641.00	2641.00	2641.00	2641.00	2640.50	2640.00	2640.00	2640.00	2640.00	2639.50	2639.00	2639.00	2638.50	2638.00	2638.00	2637.00	2637.00	2636.50	2636.00	2635.50	2634.50	2634.00	2634.00	2633.00	2633.00	2633.00	2632.00	2631.50	2631.00	2631.00	2630.00	2629.00	2629.00	2628.00	2627.50	2627.00	2626.50	2626.00	2625.00	2625.00	2624.00	2623.00	2622.50	2622.00	2622.00	2621.00	2621.00	2620.00	2620.00	2620.00	2620.00	2620.00	2619.50	2619.00	2619.00	2619.00	2619.00	2619.00	2618.00	2618.00	2617.00	2617.00	2617.00	2616.00	2616.00	2615.50	2615.00	2615.00	2614.50	2614.00	2614.00	2613.50	2613.00	2612.50	2612.00	2612.00	2612.00	2611.00	2611.00	2611.00	2611.00	2610.50	2610.00	2610.00	2610.00	2610.00	2609.00	2609.00	2609.00	2609.00	2609.00	2609.00	2609.00	2609.00	2609.00	2609.00	2609.00	2609.00	2609.00	2608.00	2608.00	2608.00	2608.00	2608.00	2608.00	2607.50	2607.00	2606.00	2606.00
2670.00	2670.00	2670.00	2670.00	2670.00	2670.00	2670.00	2669.00	2669.00	2669.00	2668.50	2668.00	2668.00	2667.00	2667.00	2667.00	2666.50	2666.00	2666.00	2666.00	2665.00	2665.00	2665.00	2665.00	2665.00	2664.50	2664.00	2664.00	2664.00	2664.00	2663.50	2663.00	2662.50	2662.00	2662.00	2661.00	2661.00	2660.00	2660.00	2659.00	2658.50	2658.00	2658.00	2657.50	2657.00	2657.00	2657.00	2657.00	2656.50	2656.00	2656.00	2656.00	2656.00	2656.00	2656.00	2656.00	2656.00	2655.00	2655.00	2655.00	2655.00	2654.00	2654.00	2653.50	2653.00	2653.00	2652.00	2652.00	2651.00	2651.00	2650.50	2650.00	2649.50	2648.50	2648.00	2648.00	2648.00	2647.50	2647.00	2647.00	2647.00	2647.00	2647.00	2647.00	2647.00	2647.00	2647.00	2647.00	2647.00	2647.00	2647.00	2647.00	2647.00	2647.00	2647.00	2647.00	2647.00	2647.00	2647.00	2647.00	2647.00	2647.00	2647.00	2647.00	2647.00	2647.00	2647.00	2647.00	2647.00	2646.50	2646.00	2646.00	2646.00	2646.00	2646.00	2646.00	2646.00	2645.00	2645.00	2645.00	2645.00	2645.00	2645.00	2645.00	2645.00	2645.00	2645.00	2645.00	2645.00	2645.00	2645.00	2645.00	2644.00	2644.00	2644.00	2644.00	2644.00	2644.00	2643.00	2643.00	2643.00	2643.00	2643.00	2642.50	2642.00	2642.00	2641.50	2641.00	2641.00	2641.00	2641.00	2640.50	2640.00	2640.00	2640.00	2640.00	2639.50	2639.00	2639.00	2638.50	2638.00	2638.00	2637.00	2637.00	2636.50	2636.00	2635.50	2634.50	2634.00	2634.00	2633.00	2633.00	2633.00	2632.00	2631.50	2631.00	2631.00	2630.00	2629.00	2629.00	2628.00	2627.50	2627.00	2626.50	2626.00	2625.00	2625.00	2624.00	2623.00	2622.50	2622.00	2622.00	2621.00	2621.00	2620.00	2620.00	2620.00	2620.00	2620.00	2619.50	2619.00	2619.00	2619.00	2619.00	2619.00	2618.00	2618.00	2617.00	2617.00	2617.00	2616.00	2616.00	2615.50	2615.00	2615.00	2614.50	2614.00	2614.00	2613.50	2613.00	2612.50	2612.00	2612.00	2612.00	2611.00	2611.00	2611.00	2611.00	2610.50	2610.00	2610.00	2610.00	2610.00	2609.00	2609.00	2609.00	2609.00	2609.00	2609.00	2609.00	2609.00	2609.00	2609.00	2609.00	2609.00	2609.00	2608.00	2608.00	2608.00	2608.00	2608.00	2608.00	2607.50	2607.00	2606.00	2606.00
2670.00	2670.00	2670.00	2670.00	2670.00	2670.00	2670.00	2669.00	2669.00	2669.00	2668.50	2668.00	2668.00	2667.00	2667.00	2667.00	2666.50	2666.00	2666.00	2666.00	2665.00	2665.00	2665.00	2665.00	2665.00	2664.50	2664.00	2664.00	2664.00	2664.00	2663.50	2663.00	2662.50	2662.00	2662.00	2661.00	2661.00	2660.00	2660.00	2659.00	2658.50	2658.00	2658.00	2657.50	2657.00	2657.00	2657.00	2657.00	2656.50	2656.00	2656.00	2656.00	2656.00	2656.00	2656.00	2656.00	2656.00	2655.00	2655.00	2655.00	2655.00	2654.00	2654.00	2653.50	2653.00	2653.00	2652.00	2652.00	2651.00	2651.00	2650.50	2650.00	2649.50	2648.50	2648.00	2648.00	2648.00	2647.50	2647.00	2647.00	2647.00	2647.00	2647.00	2647.00	2647.00	2647.00	2647.00	2647.00	2647.00	2647.00	2647.00	2647.00	2647.00	2647.00	2647.00	2647.00	2647.00	2647.00	2647.00	2647.00	2647.00	2647.00	2647.00	2647.00	2647.00	2647.00	2647.00	2647.00	2647.00	2646.50	2646.00	2646.00	2646.00	2646.00	2646.00	2646.00	2646.00	2645.00	2645.00	2645.00	2645.00	2645.00	2645.00	2645.00	2645.00	2645.00	2645.00	2645.00	2645.00	2645.00	2645.00	2645.00	2644.00	2644.00	2644.00	2644.00	2644.00	2644.00	2643.00	2643.00	2643.00	2643.00	2643.00	2642.50	2642.00	2642.00	2641.50	2641.00	2641.00	2641.00	2641.00	2640.50	2640.00	2640.00	2640.00	2640.00	2639.50	2639.00	2639.00	2638.50	2638.00	2638.00	2637.00	2637.00	2636.50	2636.00	2635.50	2634.50	2634.00	2634.00	2633.00	2633.00	2633.00	2632.00	2631.50	2631.00	2631.00	2630.00	2629.00	2629.00	2628.00	2627.50	2627.00	2626.50	2626.00	2625.00	2625.00	2624.00	2623.00	2622.50	2622.00	2622.00	2621.00	2621.00	2620.00	2620.00	2620.00	2620.00	2620.00	2619.50	2619.00	2619.00	2619.00	2619.00	2619.00	2618.00	2618.00	2617.00	2617.00	2617.00	2616.00	2616.00	2615.50	2615.00	2615.00	2614.50	2614.00	2614.00	2613.50	2613.00	2612.50	2612.00	2612.00	2612.00	2611.00	2611.00	2611.00	2611.00	2610.50	2610.00	2610.00	2610.00	2610.00	2609.00	2609.00	2609.00	2609.00	2609.00	2609.00	2609.00	2609.00	2609.00	2609.00	2609.00	2609.00	2609.00	2608.00	2608.00	2608.00	2608.00	2608.00	2608.00	2607.50	2607.00	2606.00	2606.00
2670.00	2670.00	2670.00	2670.00	2669.50	2669.50	2669.50	2669.00	2669.00	2668.75	2668.25	2667.75	2667.50	2667.00	2666.75	2666.50	2666.25	2666.00	2666.00	2665.50	2665.00	2665.00	2665.00	2665.00	2664.75	2664.25	2664.00	2664.00	2664.00	2663.50	2663.25	2663.00	2662.50	2662.00	2661.75	2661.00	2660.50	2660.00	2659.50	2659.00	2658.50	2658.00	2658.00	2657.50	2657.00	2657.00	2657.00	2657.00	2656.50	2656.00	2656.00	2656.00	2656.00	2656.00	2655.50	2655.50	2655.50	2654.75	2654.50	2654.50	2654.50	2653.50	2653.25	2652.75	2652.25	2652.00	2651.00	2651.00	2650.50	2650.00	2649.50	2649.00	2648.75	2648.25	2647.75	2647.50	2647.50	2647.25	2647.00	2647.00	2647.00	2647.00	2647.00	2647.00	2647.00	2647.00	2647.00	2647.00	2647.00	2647.00	2647.00	2647.00	2647.00	2647.00	2647.00	2647.00	2647.00	2647.00	2647.00	2647.00	2647.00	2647.00	2647.00	2647.00	2647.00	2647.00	2647.00	2647.00	2647.00	2646.50	2646.00	2646.00	2646.00	2646.00	2645.50	2645.50	2645.50	2645.00	2645.00	2645.00	2645.00	2645.00	2645.00	2645.00	2645.00	2645.00	2645.00	2645.00	2645.00	2645.00	2645.00	2645.00	2644.50	2644.25	2644.00	2644.00	2644.00	2644.00	2643.50	2643.00	2643.00	2643.00	2643.00	2642.50	2642.00	2642.00	2641.50	2641.00	2641.00	2641.00	2641.00	2640.50	2640.00	2640.00	2639.50	2639.50	2639.25	2639.00	2638.75	2638.25	2638.00	2638.00	2637.00	2637.00	2636.25	2635.75	2635.25	2634.25	2634.00	2633.50	2633.00	2633.00	2632.75	2631.75	2631.25	2631.00	2630.50	2630.00	2629.00	2628.50	2627.75	2627.25	2626.75	2626.00	2625.25	2624.50	2624.50	2623.50	2622.50	2622.00	2621.50	2621.25	2620.50	2620.25	2619.50	2619.50	2619.50	2619.50	2619.50	2619.25	2619.00	2618.50	2618.50	2618.50	2618.50	2618.00	2617.75	2617.00	2617.00	2616.50	2616.00	2615.50	2615.25	2614.75	2614.50	2614.00	2613.50	2613.00	2612.50	2612.00	2611.25	2611.00	2611.00	2611.00	2610.00	2610.00	2610.00	2609.75	2609.25	2609.00	2609.00	2609.00	2609.00	2608.50	2608.00	2608.00	2608.00	2607.75	2607.50	2607.50	2607.50	2607.50	2607.50	2607.50	2607.50	2607.50	2606.50	2606.50	2606.50	2606.00	2606.00	2606.00	2605.50	2605.00	2604.50	2604.50
2670.00	2670.00	2670.00	2670.00	2669.00	2669.00	2669.00	2669.00	2669.00	2668.50	2668.00	2667.50	2667.00	2667.00	2666.50	2666.00	2666.00	2666.00	2666.00	2665.00	2665.00	2665.00	2665.00	2665.00	2664.50	2664.00	2664.00	2664.00	2664.00	2663.00	2663.00	2663.00	2662.50	2662.00	2661.50	2661.00	2660.00	2660.00	2659.00	2659.00	2658.50	2658.00	2658.00	2657.50	2657.00	2657.00	2657.00	2657.00	2656.50	2656.00	2656.00	2656.00	2656.00	2656.00	2655.00	2655.00	2655.00	2654.50	2654.00	2654.00	2654.00	2653.00	2652.50	2652.00	2651.50	2651.00	2650.00	2650.00	2650.00	2649.00	2648.50	2648.00	2648.00	2648.00	2647.50	2647.00	2647.00	2647.00	2647.00	2647.00	2647.00	2647.00	2647.00	2647.00	2647.00	2647.00	2647.00	2647.00	2647.00	2647.00	2647.00	2647.00	2647.00	2647.00	2647.00	2647.00	2647.00	2647.00	2647.00	2647.00	2647.00	2647.00	2647.00	2647.00	2647.00	2647.00	2647.00	2647.00	2647.00	2646.50	2646.00	2646.00	2646.00	2646.00	2645.00	2645.00	2645.00	2645.00	2645.00	2645.00	2645.00	2645.00	2645.00	2645.00	2645.00	2645.00	2645.00	2645.00	2645.00	2645.00	2645.00	2645.00	2645.00	2644.50	2644.00	2644.00	2644.00	2644.00	2644.00	2643.00	2643.00	2643.00	2643.00	2642.50	2642.00	2642.00	2641.50	2641.00	2641.00	2641.00	2641.00	2640.50	2640.00	2640.00	2639.00	2639.00	2639.00	2639.00	2638.50	2638.00	2638.00	2638.00	2637.00	2637.00	2636.00	2635.50	2635.00	2634.00	2634.00	2633.00	2633.00	2633.00	2632.50	2631.50	2631.00	2631.00	2630.00	2630.00	2629.00	2628.00	2627.50	2627.00	2626.50	2625.50	2624.50	2624.00	2624.00	2623.00	2622.00	2621.50	2621.00	2620.50	2620.00	2619.50	2619.00	2619.00	2619.00	2619.00	2619.00	2619.00	2619.00	2618.00	2618.00	2618.00	2618.00	2618.00	2617.50	2617.00	2617.00	2616.00	2616.00	2615.00	2615.00	2614.50	2614.00	2613.50	2613.00	2612.00	2611.50	2611.00	2610.00	2610.00	2610.00	2610.00	2609.00	2609.00	2609.00	2608.50	2608.00	2608.00	2608.00	2608.00	2608.00	2608.00	2607.00	2607.00	2607.00	2606.50	2606.00	2606.00	2606.00	2606.00	2606.00	2606.00	2606.00	2606.00	2605.00	2605.00	2605.00	2604.00	2604.00	2604.00	2603.50	2603.00	2603.00	2603.00
2670.00	2670.00	2670.00	2670.00	2669.00	2669.00	2669.00	2669.00	2669.00	2668.50	2668.00	2667.50	2667.00	2667.00	2666.50	2666.00	2666.00	2666.00	2666.00	2665.00	2665.00	2665.00	2665.00	2665.00	2664.50	2664.00	2664.00	2664.00	2664.00	2663.00	2663.00	2663.00	2662.50	2662.00	2661.50	2661.00	2660.00	2660.00	2659.00	2659.00	2658.50	2658.00	2658.00	2657.50	2657.00	2657.00	2657.00	2657.00	2656.50	2656.00	2656.00	2656.00	2656.00	2656.00	2655.00	2655.00	2655.00	2654.50	2654.00	2654.00	2654.00	2653.00	2652.50	2652.00	2651.50	2651.00	2650.00	2650.00	2650.00	2649.00	2648.50	2648.00	2648.00	2648.00	2647.50	2647.00	2647.00	2647.00	2647.00	2647.00	2647.00	2647.00	2647.00	2647.00	2647.00	2647.00	2647.00	2647.00	2647.00	2647.00	2647.00	2647.00	2647.00	2647.00	2647.00	2647.00	2647.00	2647.00	2647.00	2647.00	2647.00	2647.00	2647.00	2647.00	2647.00	2647.00	2647.00	2647.00	2647.00	2646.50	2646.00	2646.00	2646.00	2646.00	2645.00	2645.00	2645.00	2645.00	2645.00	2645.00	2645.00	2645.00	2645.00	2645.00	2645.00	2645.00	2645.00	2645.00	2645.00	2645.00	2645.00	2645.00	2645.00	2644.50	2644.00	2644.00	2644.00	2644.00	2644.00	2643.00	2643.00	2643.00	2643.00	2642.50	2642.00	2642.00	2641.50	2641.00	2641.00	2641.00	2641.00	2640.50	2640.00	2640.00	2639.00	2639.00	2639.00	2639.00	2638.50	2638.00	2638.00	2638.00	2637.00	2637.00	2636.00	2635.50	2635.00	2634.00	2634.00	2633.00	2633.00	2633.00	2632.50	2631.50	2631.00	2631.00	2630.00	2630.00	2629.00	2628.00	2627.50	2627.00	2626.50	2625.50	2624.50	2624.00	2624.00	2623.00	2622.00	2621.50	2621.00	2620.50	2620.00	2619.50	2619.00	2619.00	2619.00	2619.00	2619.00	2619.00	2619.00	2618.00	2618.00	2618.00	2618.00	2618.00	2617.50	2617.00	2617.00	2616.00	2616.00	2615.00	2615.00	2614.50	2614.00	2613.50	2613.00	2612.00	2611.50	2611.00	2610.00	2610.00	2610.00	2610.00	2609.00	2609.00	2609.00	2608.50	2608.00	2608.00	2608.00	2608.00	2608.00	2608.00	2607.00	2607.00	2607.00	2606.50	2606.00	2606.00	2606.00	2606.00	2606.00	2606.00	2606.00	2606.00	2605.00	2605.00	2605.00	2604.00	2604.00	2604.00	2603.50	2603.00	2603.00	2603.00
2670.00	2670.00	2670.00	2670.00	2669.00	2669.00	2669.00	2669.00	2669.00	2668.50	2668.00	2667.50	2667.00	2667.00	2666.50	2666.00	2666.00	2666.00	2666.00	2665.00	2665.00	2665.00	2665.00	2665.00	2664.50	2664.00	2664.00	2664.00	2664.00	2663.00	2663.00	2663.00	2662.50	2662.00	2661.50	2661.00	2660.00	2660.00	2659.00	2659.00	2658.50	2658.00	2658.00	2657.50	2657.00	2657.00	2657.00	2657.00	2656.50	2656.00	2656.00	2656.00	2656.00	2656.00	2655.00	2655.00	2655.00	2654.50	2654.00	2654.00	2654.00	2653.00	2652.50	2652.00	2651.50	2651.00	2650.00	2650.00	2650.00	2649.00	2648.50	2648.00	2648.00	2648.00	2647.50	2647.00	2647.00	2647.00	2647.00	2647.00	2647.00	2647.00	2647.00	2647.00	2647.00	2647.00	2647.00	2647.00	2647.00	2647.00	2647.00	2647.00	2647.00	2647.00	2647.00	2647.00	2647.00	2647.00	2647.00	2647.00	2647.00	2647.00	2647.00	2647.00	2647.00	2647.00	2647.00	2647.00	2647.00	2646.50	2646.00	2646.00	2646.00	2646.00	2645.00	2645.00	2645.00	2645.00	2645.00	2645.00	2645.00	2645.00	2645.00	2645.00	2645.00	2645.00	2645.00	2645.00	2645.00	2645.00	2645.00	2645.00	2645.00	2644.50	2644.00	2644.00	2644.00	2644.00	2644.00	2643.00	2643.00	2643.00	2643.00	2642.50	2642.00	2642.00	2641.50	2641.00	2641.00	2641.00	2641.00	2640.50	2640.00	2640.00	2639.00	2639.00	2639.00	2639.00	2638.50	2638.00	2638.00	2638.00	2637.00	2637.00	2636.00	2635.50	2635.00	2634.00	2634.00	2633.00	2633.00	2633.00	2632.50	2631.50	2631.00	2631.00	2630.00	2630.00	2629.00	2628.00	2627.50	2627.00	2626.50	2625.50	2624.50	2624.00	2624.00	2623.00	2622.00	2621.50	2621.00	2620.50	2620.00	2619.50	2619.00	2619.00	2619.00	2619.00	2619.00	2619.00	2619.00	2618.00	2618.00	2618.00	2618.00	2618.00	2617.50	2617.00	2617.00	2616.00	2616.00	2615.00	2615.00	2614.50	2614.00	2613.50	2613.00	2612.00	2611.50	2611.00	2610.00	2610.00	2610.00	2610.00	2609.00	2609.00	2609.00	2608.50	2608.00	2608.00	2608.00	2608.00	2608.00	2608.00	2607.00	2607.00	2607.00	2606.50	2606.00	2606.00	2606.00	2606.00	2606.00	2606.00	2606.00	2606.00	2605.00	2605.00	2605.00	2604.00	2604.00	2604.00	2603.50	2603.00	2603.00	2603.00
2669.00	2669.00	2669.00	2669.00	2669.00	2669.00	2668.00	2668.00	2668.00	2668.00	2668.00	2667.50	2667.00	2667.00	2666.50	2666.00	2666.00	2665.50	2665.00	2665.00	2665.00	2664.00	2664.00	2664.00	2664.00	2663.50	2663.00	2663.00	2663.00	2663.00	2662.00	2662.00	2661.50	2661.00	2661.00	2660.00	2659.50	2659.00	2659.00	2658.00	2658.00	2657.00	2657.00	2657.00	2657.00	2657.00	2656.50	2656.00	2656.00	2656.00	2656.00	2655.00	2655.00	2655.00	2654.50	2654.00	2654.00	2653.50	2653.00	2652.00	2652.00	2651.50	2651.00	2650.00	2650.00	2649.50	2649.00	2649.00	2648.00	2648.00	2647.00	2647.00	2647.00	2647.00	2647.00	2647.00	2647.00	2647.00	2647.00	2647.00	2647.00	2647.50	2648.00	2648.00	2648.00	2648.00	2648.00	2648.00	2648.00	2648.00	2648.00	2648.00	2648.00	2648.00	2648.00	2648.00	2647.50	2647.00	2647.00	2647.00	2647.00	2647.00	2647.00	2647.00	2646.50	2646.00	2646.00	2646.00	2646.00	2646.00	2645.50	2645.00	2645.00	2645.00	2645.00	2645.00	2644.00	2644.00	2644.00	2644.00	2644.00	2644.00	2644.00	2645.00	2645.00	2645.00	2645.00	2645.00	2645.00	2645.00	2645.00	2645.00	2645.00	2644.50	2644.00	2643.50	2643.00	2643.00	2643.00	2643.00	2642.50	2642.00	2642.00	2642.00	2641.00	2641.00	2640.50	2640.00	2640.00	2640.00	2640.00	2639.00	2639.00	2639.00	2639.00	2638.50	2638.00	2638.00	2638.00	2637.50	2637.00	2637.00	2636.00	2636.00	2635.00	2635.00	2634.50	2633.50	2633.00	2633.00	2633.00	2632.00	2632.00	2631.00	2631.00	2630.50	2630.00	2629.00	2628.00	2627.00	2626.50	2626.00	2625.50	2624.00	2623.50	2623.00	2622.00	2622.00	2621.00	2620.50	2620.00	2619.50	2619.00	2619.00	2618.00	2618.00	2618.00	2618.00	2618.00	2617.50	2617.00	2617.00	2617.00	2617.00	2617.00	2617.00	2617.00	2617.00	2616.00	2615.50	2615.00	2614.00	2613.50	2613.00	2612.00	2611.50	2611.00	2610.00	2609.50	2609.00	2608.00	2607.50	2607.00	2607.00	2606.00	2606.00	2606.00	2605.00	2605.00	2605.00	2605.00	2605.00	2605.00	2605.00	2604.00	2604.00	2604.00	2604.00	2604.00	2604.00	2604.00	2603.00	2603.00	2603.00	2603.00	2602.00	2602.00	2602.00	2602.00	2601.00	2601.00	2601.00	2600.50	2600.00	2600.00	2600.00
2669.00	2669.00	2669.00	2669.00	2669.00	2669.00	2668.00	2668.00	2668.00	2668.00	2668.00	2667.50	2667.00	2667.00	2666.50	2666.00	2666.00	2665.50	2665.00	2665.00	2665.00	2664.00	2664.00	2664.00	2664.00	2663.50	2663.00	2663.00	2663.00	2663.00	2662.00	2662.00	2661.50	2661.00	2661.00	2660.00	2659.50	2659.00	2659.00	2658.00	2658.00	2657.00	2657.00	2657.00	2657.00	2657.00	2656.50	2656.00	2656.00	2656.00	2656.00	2655.00	2655.00	2655.00	2654.50	2654.00	2654.00	2653.50	2653.00	2652.00	2652.00	2651.50	2651.00	2650.00	2650.00	2649.50	2649.00	2649.00	2648.00	2648.00	2647.00	2647.00	2647.00	2647.00	2647.00	2647.00	2647.00	2647.00	2647.00	2647.00	2647.00	2647.50	2648.00	2648.00	2648.00	2648.00	2648.00	2648.00	2648.00	2648.00	2648.00	2648.00	2648.00	2648.00	2648.00	2648.00	2647.50	2647.00	2647.00	2647.00	2647.00	2647.00	2647.00	2647.00	2646.50	2646.00	2646.00	2646.00	2646.00	2646.00	2645.50	2645.00	2645.00	2645.00	2645.00	2645.00	2644.00	2644.00	2644.00	2644.00	2644.00	2644.00	2644.00	2645.00	2645.00	2645.00	2645.00	2645.00	2645.00	2645.00	2645.00	2645.00	2645.00	2644.50	2644.00	2643.50	2643.00	2643.00	2643.00	2643.00	2642.50	2642.00	2642.00	2642.00	2641.00	2641.00	2640.50	2640.00	2640.00	2640.00	2640.00	2639.00	2639.00	2639.00	2639.00	2638.50	2638.00	2638.00	2638.00	2637.50	2637.00	2637.00	2636.00	2636.00	2635.00	2635.00	2634.50	2633.50	2633.00	2633.00	2633.00	2632.00	2632.00	2631.00	2631.00	2630.50	2630.00	2629.00	2628.00	2627.00	2626.50	2626.00	2625.50	2624.00	2623.50	2623.00	2622.00	2622.00	2621.00	2620.50	2620.00	2619.50	2619.00	2619.00	2618.00	2618.00	2618.00	2618.00	2618.00	2617.50	2617.00	2617.00	2617.00	2617.00	2617.00	2617.00	2617.00	2617.00	2616.00	2615.50	2615.00	2614.00	2613.50	2613.00	2612.00	2611.50	2611.00	2610.00	2609.50	2609.00	2608.00	2607.50	2607.00	2607.00	2606.00	2606.00	2606.00	2605.00	2605.00	2605.00	2605.00	2605.00	2605.00	2605.00	2604.00	2604.00	2604.00	2604.00	2604.00	2604.00	2604.00	2603.00	2603.00	2603.00	2603.00	2602.00	2602.00	2602.00	2602.00	2601.00	2601.00	2601.00	2600.50	2600.00	2600.00	2600.00
2669.00	2669.00	2669.00	2669.00	2669.00	2669.00	2668.00	2668.00	2668.00	2668.00	2668.00	2667.50	2667.00	2667.00	2666.50	2666.00	2666.00	2665.50	2665.00	2665.00	2665.00	2664.00	2664.00	2664.00	2664.00	2663.50	2663.00	2663.00	2663.00	2663.00	2662.00	2662.00	2661.50	2661.00	2661.00	2660.00	2659.50	2659.00	2659.00	2658.00	2658.00	2657.00	2657.00	2657.00	2657.00	2657.00	2656.50	2656.00	2656.00	2656.00	2656.00	2655.00	2655.00	2655.00	2654.50	2654.00	2654.00	2653.50	2653.00	2652.00	2652.00	2651.50	2651.00	2650.00	2650.00	2649.50	2649.00	2649.00	2648.00	2648.00	2647.00	2647.00	2647.00	2647.00	2647.00	2647.00	2647.00	2647.00	2647.00	2647.00	2647.00	2647.50	2648.00	2648.00	2648.00	2648.00	2648.00	2648.00	2648.00	2648.00	2648.00	2648.00	2648.00	2648.00	2648.00	2648.00	2647.50	2647.00	2647.00	2647.00	2647.00	2647.00	2647.00	2647.00	2646.50	2646.00	2646.00	2646.00	2646.00	2646.00	2645.50	2645.00	2645.00	2645.00	2645.00	2645.00	2644.00	2644.00	2644.00	2644.00	2644.00	2644.00	2644.00	2645.00	2645.00	2645.00	2645.00	2645.00	2645.00	2645.00	2645.00	2645.00	2645.00	2644.50	2644.00	2643.50	2643.00	2643.00	2643.00	2643.00	2642.50	2642.00	2642.00	2642.00	2641.00	2641.00	2640.50	2640.00	2640.00	2640.00	2640.00	2639.00	2639.00	2639.00	2639.00	2638.50	2638.00	2638.00	2638.00	2637.50	2637.00	2637.00	2636.00	2636.00	2635.00	2635.00	2634.50	2633.50	2633.00	2633.00	2633.00	2632.00	2632.00	2631.00	2631.00	2630.50	2630.00	2629.00	2628.00	2627.00	2626.50	2626.00	2625.50	2624.00	2623.50	2623.00	2622.00	2622.00	2621.00	2620.50	2620.00	2619.50	2619.00	2619.00	2618.00	2618.00	2618.00	2618.00	2618.00	2617.50	2617.00	2617.00	2617.00	2617.00	2617.00	2617.00	2617.00	2617.00	2616.00	2615.50	2615.00	2614.00	2613.50	2613.00	2612.00	2611.50	2611.00	2610.00	2609.50	2609.00	2608.00	2607.50	2607.00	2607.00	2606.00	2606.00	2606.00	2605.00	2605.00	2605.00	2605.00	2605.00	2605.00	2605.00	2604.00	2604.00	2604.00	2604.00	2604.00	2604.00	2604.00	2603.00	2603.00	2603.00	2603.00	2602.00	2602.00	2602.00	2602.00	2601.00	2601.00	2601.00	2600.50	2600.00	2600.00	2600.00
2668.50	2668.50	2668.50	2668.50	2668.50	2668.50	2668.00	2667.75	2667.50	2667.50	2667.50	2667.25	2667.00	2666.50	2666.25	2666.00	2665.75	2665.25	2665.00	2664.50	2664.50	2664.00	2664.00	2663.50	2663.50	2663.25	2662.75	2662.50	2662.50	2662.50	2661.50	2661.50	2660.75	2660.50	2660.25	2659.50	2659.25	2658.50	2658.50	2657.75	2657.50	2657.00	2657.00	2656.75	2656.50	2656.50	2656.25	2656.00	2655.50	2655.50	2655.50	2655.00	2654.50	2654.50	2654.00	2653.50	2653.25	2652.75	2652.25	2651.50	2651.00	2650.50	2650.00	2649.25	2649.00	2648.75	2648.50	2648.00	2647.50	2647.00	2646.50	2646.50	2646.50	2646.50	2646.50	2646.50	2647.00	2647.00	2647.00	2647.00	2647.00	2647.50	2648.00	2648.00	2648.00	2648.00	2648.00	2648.00	2648.00	2648.00	2648.00	2648.00	2648.00	2648.00	2648.00	2648.00	2647.75	2647.00	2647.00	2647.00	2647.00	2646.75	2646.50	2646.50	2645.75	2645.50	2645.50	2645.50	2645.50	2645.50	2645.25	2645.00	2645.00	2644.50	2644.50	2644.50	2644.00	2644.00	2644.00	2644.00	2644.00	2644.00	2644.00	2644.50	2644.50	2644.50	2644.50	2644.50	2644.50	2644.50	2644.50	2644.50	2644.50	2644.00	2643.50	2643.25	2643.00	2642.75	2642.50	2642.50	2642.25	2641.50	2641.25	2641.00	2640.50	2640.50	2639.75	2639.50	2639.50	2639.50	2639.25	2638.50	2638.50	2638.50	2638.00	2637.75	2637.50	2637.50	2637.25	2636.75	2636.50	2636.00	2635.50	2635.00	2634.50	2634.50	2634.00	2633.25	2632.75	2632.50	2632.50	2631.50	2631.50	2630.50	2630.50	2630.00	2629.50	2628.50	2627.50	2626.50	2626.00	2625.50	2625.00	2623.50	2623.00	2622.50	2621.50	2621.50	2620.50	2620.00	2619.50	2619.00	2618.50	2618.00	2617.50	2617.50	2617.50	2617.50	2617.50	2617.25	2617.00	2617.00	2617.00	2617.00	2617.00	2616.50	2616.25	2616.00	2615.50	2615.00	2614.50	2613.25	2612.75	2612.25	2611.00	2610.50	2610.00	2609.00	2608.25	2607.75	2606.75	2606.25	2605.75	2605.50	2605.00	2604.50	2604.50	2603.50	2603.50	2603.50	2603.50	2603.50	2603.50	2603.50	2603.00	2602.75	2602.50	2602.50	2602.50	2602.50	2602.50	2602.00	2602.00	2601.50	2601.50	2601.00	2600.75	2600.50	2600.50	2600.00	2600.00	2599.50	2599.25	2599.00	2599.00	2599.00
2668.00	2668.00	2668.00	2668.00	2668.00	2668.00	2668.00	2667.50	2667.00	2667.00	2667.00	2667.00	2667.00	2666.00	2666.00	2666.00	2665.50	2665.00	2665.00	2664.00	2664.00	2664.00	2664.00	2663.00	2663.00	2663.00	2662.50	2662.00	2662.00	2662.00	2661.00	2661.00	2660.00	2660.00	2659.50	2659.00	2659.00	2658.00	2658.00	2657.50	2657.00	2657.00	2657.00	2656.50	2656.00	2656.00	2656.00	2656.00	2655.00	2655.00	2655.00	2655.00	2654.00	2654.00	2653.50	2653.00	2652.50	2652.00	2651.50	2651.00	2650.00	2649.50	2649.00	2648.50	2648.00	2648.00	2648.00	2647.00	2647.00	2646.00	2646.00	2646.00	2646.00	2646.00	2646.00	2646.00	2647.00	2647.00	2647.00	2647.00	2647.00	2647.50	2648.00	2648.00	2648.00	2648.00	2648.00	2648.00	2648.00	2648.00	2648.00	2648.00	2648.00	2648.00	2648.00	2648.00	2648.00	2647.00	2647.00	2647.00	2647.00	2646.50	2646.00	2646.00	2645.00	2645.00	2645.00	2645.00	2645.00	2645.00	2645.00	2645.00	2645.00	2644.00	2644.00	2644.00	2644.00	2644.00	2644.00	2644.00	2644.00	2644.00	2644.00	2644.00	2644.00	2644.00	2644.00	2644.00	2644.00	2644.00	2644.00	2644.00	2644.00	2643.50	2643.00	2643.00	2643.00	2642.50	2642.00	2642.00	2642.00	2641.00	2640.50	2640.00	2640.00	2640.00	2639.00	2639.00	2639.00	2639.00	2638.50	2638.00	2638.00	2638.00	2637.00	2637.00	2637.00	2637.00	2636.50	2636.00	2636.00	2635.00	2635.00	2634.00	2634.00	2634.00	2633.50	2633.00	2632.50	2632.00	2632.00	2631.00	2631.00	2630.00	2630.00	2629.50	2629.00	2628.00	2627.00	2626.00	2625.50	2625.00	2624.50	2623.00	2622.50	2622.00	2621.00	2621.00	2620.00	2619.50	2619.00	2618.50	2618.00	2617.00	2617.00	2617.00	2617.00	2617.00	2617.00	2617.00	2617.00	2617.00	2617.00	2617.00	2617.00	2616.00	2615.50	2615.00	2615.00	2614.50	2614.00	2612.50	2612.00	2611.50	2610.00	2609.50	2609.00	2608.00	2607.00	2606.50	2605.50	2605.00	2604.50	2604.00	2604.00	2603.00	2603.00	2602.00	2602.00	2602.00	2602.00	2602.00	2602.00	2602.00	2602.00	2601.50	2601.00	2601.00	2601.00	2601.00	2601.00	2601.00	2601.00	2600.00	2600.00	2600.00	2599.50	2599.00	2599.00	2599.00	2599.00	2598.00	2598.00	2598.00	2598.00	2598.00
2668.00	2668.00	2668.00	2668.00	2668.00	2668.00	2668.00	2667.50	2667.00	2667.00	2667.00	2667.00	2667.00	2666.00	2666.00	2666.00	2665.50	2665.00	2665.00	2664.00	2664.00	2664.00	2664.00	2663.00	2663.00	2663.00	2662.50	2662.00	2662.00	2662.00	2661.00	2661.00	2660.00	2660.00	2659.50	2659.00	2659.00	2658.00	2658.00	2657.50	2657.00	2657.00	2657.00	2656.50	2656.00	2656.00	2656.00	2656.00	2655.00	2655.00	2655.00	2655.00	2654.00	2654.00	2653.50	2653.00	2652.50	2652.00	2651.50	2651.00	2650.00	2649.50	2649.00	2648.50	2648.00	2648.00	2648.00	2647.00	2647.00	2646.00	2646.00	2646.00	2646.00	2646.00	2646.00	2646.00	2647.00	2647.00	2647.00	2647.00	2647.00	2647.50	2648.00	2648.00	2648.00	2648.00	2648.00	2648.00	2648.00	2648.00	2648.00	2648.00	2648.00	2648.00	2648.00	2648.00	2648.00	2647.00	2647.00	2647.00	2647.00	2646.50	2646.00	2646.00	2645.00	2645.00	2645.00	2645.00	2645.00	2645.00	2645.00	2645.00	2645.00	2644.00	2644.00	2644.00	2644.00	2644.00	2644.00	2644.00	2644.00	2644.00	2644.00	2644.00	2644.00	2644.00	2644.00	2644.00	2644.00	2644.00	2644.00	2644.00	2644.00	2643.50	2643.00	2643.00	2643.00	2642.50	2642.00	2642.00	2642.00	2641.00	2640.50	2640.00	2640.00	2640.00	2639.00	2639.00	2639.00	2639.00	2638.50	2638.00	2638.00	2638.00	2637.00	2637.00	2637.00	2637.00	2636.50	2636.00	2636.00	2635.00	2635.00	2634.00	2634.00	2634.00	2633.50	2633.00	2632.50	2632.00	2632.00	2631.00	2631.00	2630.00	2630.00	2629.50	2629.00	2628.00	2627.00	2626.00	2625.50	2625.00	2624.50	2623.00	2622.50	2622.00	2621.00	2621.00	2620.00	2619.50	2619.00	2618.50	2618.00	2617.00	2617.00	2617.00	2617.00	2617.00	2617.00	2617.00	2617.00	2617.00	2617.00	2617.00	2617.00	2616.00	2615.50	2615.00	2615.00	2614.50	2614.00	2612.50	2612.00	2611.50	2610.00	2609.50	2609.00	2608.00	2607.00	2606.50	2605.50	2605.00	2604.50	2604.00	2604.00	2603.00	2603.00	2602.00	2602.00	2602.00	2602.00	2602.00	2602.00	2602.00	2602.00	2601.50	2601.00	2601.00	2601.00	2601.00	2601.00	2601.00	2601.00	2600.00	2600.00	2600.00	2599.50	2599.00	2599.00	2599.00	2599.00	2598.00	2598.00	2598.00	2598.00	2598.00
2668.00	2668.00	2668.00	2668.00	2668.00	2668.00	2668.00	2667.50	2667.00	2667.00	2667.00	2667.00	2667.00	2666.00	2666.00	2666.00	2665.50	2665.00	2665.00	2664.00	2664.00	2664.00	2664.00	2663.00	2663.00	2663.00	2662.50	2662.00	2662.00	2662.00	2661.00	2661.00	2660.00	2660.00	2659.50	2659.00	2659.00	2658.00	2658.00	2657.50	2657.00	2657.00	2657.00	2656.50	2656.00	2656.00	2656.00	2656.00	2655.00	2655.00	2655.00	2655.00	2654.00	2654.00	2653.50	2653.00	2652.50	2652.00	2651.50	2651.00	2650.00	2649.50	2649.00	2648.50	2648.00	2648.00	2648.00	2647.00	2647.00	2646.00	2646.00	2646.00	2646.00	2646.00	2646.00	2646.00	2647.00	2647.00	2647.00	2647.00	2647.00	2647.50	2648.00	2648.00	2648.00	2648.00	2648.00	2648.00	2648.00	2648.00	2648.00	2648.00	2648.00	2648.00	2648.00	2648.00	2648.00	2647.00	2647.00	2647.00	2647.00	2646.50	2646.00	2646.00	2645.00	2645.00	2645.00	2645.00	2645.00	2645.00	2645.00	2645.00	2645.00	2644.00	2644.00	2644.00	2644.00	2644.00	2644.00	2644.00	2644.00	2644.00	2644.00	2644.00	2644.00	2644.00	2644.00	2644.00	2644.00	2644.00	2644.00	2644.00	2644.00	2643.50	2643.00	2643.00	2643.00	2642.50	2642.00	2642.00	2642.00	2641.00	2640.50	2640.00	2640.00	2640.00	2639.00	2639.00	2639.00	2639.00	2638.50	2638.00	2638.00	2638.00	2637.00	2637.00	2637.00	2637.00	2636.50	2636.00	2636.00	2635.00	2635.00	2634.00	2634.00	2634.00	2633.50	2633.00	2632.50	2632.00	2632.00	2631.00	2631.00	2630.00	2630.00	2629.50	2629.00	2628.00	2627.00	2626.00	2625.50	2625.00	2624.50	2623.00	2622.50	2622.00	2621.00	2621.00	2620.00	2619.50	2619.00	2618.50	2618.00	2617.00	2617.00	2617.00	2617.00	2617.00	2617.00	2617.00	2617.00	2617.00	2617.00	2617.00	2617.00	2616.00	2615.50	2615.00	2615.00	2614.50	2614.00	2612.50	2612.00	2611.50	2610.00	2609.50	2609.00	2608.00	2607.00	2606.50	2605.50	2605.00	2604.50	2604.00	2604.00	2603.00	2603.00	2602.00	2602.00	2602.00	2602.00	2602.00	2602.00	2602.00	2602.00	2601.50	2601.00	2601.00	2601.00	2601.00	2601.00	2601.00	2601.00	2600.00	2600.00	2600.00	2599.50	2599.00	2599.00	2599.00	2599.00	2598.00	2598.00	2598.00	2598.00	2598.00
2668.00	2668.00	2668.00	2668.00	2668.00	2667.00	2667.00	2667.00	2667.00	2666.50	2666.00	2666.00	2666.00	2666.00	2666.00	2665.00	2665.00	2664.50	2664.00	2664.00	2663.00	2663.00	2663.00	2662.50	2662.00	2662.00	2661.50	2661.00	2661.00	2661.00	2660.50	2660.00	2660.00	2659.50	2659.00	2659.00	2658.00	2658.00	2658.00	2657.00	2657.00	2656.50	2656.00	2656.00	2656.00	2655.00	2655.00	2655.00	2654.50	2654.00	2654.00	2654.00	2653.00	2652.00	2652.00	2651.50	2651.00	2650.00	2649.50	2649.00	2648.00	2647.50	2647.00	2646.50	2646.00	2646.00	2646.00	2646.00	2645.00	2645.00	2645.00	2645.00	2645.00	2645.50	2646.00	2646.00	2646.00	2646.00	2647.00	2647.00	2647.00	2647.50	2648.00	2648.00	2648.00	2648.00	2648.00	2648.00	2648.00	2648.00	2648.00	2648.00	2648.00	2648.00	2648.00	2647.00	2647.00	2647.00	2647.00	2646.00	2646.00	2645.00	2645.00	2645.00	2644.50	2644.00	2644.00	2644.00	2644.00	2643.50	2643.00	2643.00	2643.00	2643.00	2643.00	2643.00	2643.00	2643.00	2643.00	2643.00	2643.00	2643.00	2643.00	2643.00	2643.00	2643.50	2644.00	2644.00	2644.00	2644.00	2643.00	2643.00	2643.00	2642.50	2642.00	2642.00	2642.00	2641.50	2641.00	2641.00	2640.00	2639.00	2639.00	2638.50	2638.00	2638.00	2637.50	2637.00	2637.00	2637.00	2636.50	2636.00	2636.00	2636.00	2636.00	2635.00	2635.00	2634.50	2634.00	2634.00	2633.00	2633.00	2633.00	2632.00	2632.00	2632.00	2632.00	2631.50	2631.00	2631.00	2631.00	2630.00	2630.00	2629.00	2629.00	2628.50	2628.00	2627.00	2626.00	2625.00	2624.50	2624.00	2623.50	2622.00	2621.50	2621.00	2620.00	2619.50	2619.00	2618.50	2618.00	2618.00	2617.00	2617.00	2616.00	2616.00	2616.00	2616.00	2616.00	2616.00	2616.00	2616.00	2615.00	2615.00	2615.00	2614.00	2613.50	2613.00	2612.00	2612.00	2611.00	2610.00	2609.50	2608.50	2607.00	2606.50	2606.00	2605.00	2604.50	2604.00	2603.00	2602.50	2602.00	2602.00	2601.00	2601.00	2601.00	2600.00	2600.00	2600.00	2600.00	2600.00	2600.00	2600.00	2599.50	2599.00	2599.00	2599.00	2599.00	2599.00	2599.00	2599.00	2599.00	2598.50	2598.00	2598.00	2598.00	2598.00	2597.00	2597.00	2597.00	2597.00	2597.00	2597.00	2597.00	2597.00
2668.00	2668.00	2668.00	2668.00	2668.00	2667.00	2667.00	2667.00	2667.00	2666.50	2666.00	2666.00	2666.00	2666.00	2666.00	2665.00	2665.00	2664.50	2664.00	2664.00	2663.00	2663.00	2663.00	2662.50	2662.00	2662.00	2661.50	2661.00	2661.00	2661.00	2660.50	2660.00	2660.00	2659.50	2659.00	2659.00	2658.00	2658.00	2658.00	2657.00	2657.00	2656.50	2656.00	2656.00	2656.00	2655.00	2655.00	2655.00	2654.50	2654.00	2654.00	2654.00	2653.00	2652.00	2652.00	2651.50	2651.00	2650.00	2649.50	2649.00	2648.00	2647.50	2647.00	2646.50	2646.00	2646.00	2646.00	2646.00	2645.00	2645.00	2645.00	2645.00	2645.00	2645.50	2646.00	2646.00	2646.00	2646.00	2647.00	2647.00	2647.00	2647.50	2648.00	2648.00	2648.00	2648.00	2648.00	2648.00	2648.00	2648.00	2648.00	2648.00	2648.00	2648.00	2648.00	2647.00	2647.00	2647.00	2647.00	2646.00	2646.00	2645.00	2645.00	2645.00	2644.50	2644.00	2644.00	2644.00	2644.00	2643.50	2643.00	2643.00	2643.00	2643.00	2643.00	2643.00	2643.00	2643.00	2643.00	2643.00	2643.00	2643.00	2643.00	2643.00	2643.00	2643.50	2644.00	2644.00	2644.00	2644.00	2643.00	2643.00	2643.00	2642.50	2642.00	2642.00	2642.00	2641.50	2641.00	2641.00	2640.00	2639.00	2639.00	2638.50	2638.00	2638.00	2637.50	2637.00	2637.00	2637.00	2636.50	2636.00	2636.00	2636.00	2636.00	2635.00	2635.00	2634.50	2634.00	2634.00	2633.00	2633.00	2633.00	2632.00	2632.00	2632.00	2632.00	2631.50	2631.00	2631.00	2631.00	2630.00	2630.00	2629.00	2629.00	2628.50	2628.00	2627.00	2626.00	2625.00	2624.50	2624.00	2623.50	2622.00	2621.50	2621.00	2620.00	2619.50	2619.00	2618.50	2618.00	2618.00	2617.00	2617.00	2616.00	2616.00	2616.00	2616.00	2616.00	2616.00	2616.00	2616.00	2615.00	2615.00	2615.00	2614.00	2613.50	2613.00	2612.00	2612.00	2611.00	2610.00	2609.50	2608.50	2607.00	2606.50	2606.00	2605.00	2604.50	2604.00	2603.00	2602.50	2602.00	2602.00	2601.00	2601.00	2601.00	2600.00	2600.00	2600.00	2600.00	2600.00	2600.00	2600.00	2599.50	2599.00	2599.00	2599.00	2599.00	2599.00	2599.00	2599.00	2599.00	2598.50	2598.00	2598.00	2598.00	2598.00	2597.00	2597.00	2597.00	2597.00	2597.00	2597.00	2597.00	2597.00
2668.00	2668.00	2668.00	2668.00	2668.00	2667.00	2667.00	2667.00	2667.00	2666.50	2666.00	2666.00	2666.00	2666.00	2666.00	2665.00	2665.00	2664.50	2664.00	2664.00	2663.00	2663.00	2663.00	2662.50	2662.00	2662.00	2661.50	2661.00	2661.00	2661.00	2660.50	2660.00	2660.00	2659.50	2659.00	2659.00	2658.00	2658.00	2658.00	2657.00	2657.00	2656.50	2656.00	2656.00	2656.00	2655.00	2655.00	2655.00	2654.50	2654.00	2654.00	2654.00	2653.00	2652.00	2652.00	2651.50	2651.00	2650.00	2649.50	2649.00	2648.00	2647.50	2647.00	2646.50	2646.00	2646.00	2646.00	2646.00	2645.00	2645.00	2645.00	2645.00	2645.00	2645.50	2646.00	2646.00	2646.00	2646.00	2647.00	2647.00	2647.00	2647.50	2648.00	2648.00	2648.00	2648.00	2648.00	2648.00	2648.00	2648.00	2648.00	2648.00	2648.00	2648.00	2648.00	2647.00	2647.00	2647.00	2647.00	2646.00	2646.00	2645.00	2645.00	2645.00	2644.50	2644.00	2644.00	2644.00	2644.00	2643.50	2643.00	2643.00	2643.00	2643.00	2643.00	2643.00	2643.00	2643.00	2643.00	2643.00	2643.00	2643.00	2643.00	2643.00	2643.00	2643.50	2644.00	2644.00	2644.00	2644.00	2643.00	2643.00	2643.00	2642.50	2642.00	2642.00	2642.00	2641.50	2641.00	2641.00	2640.00	2639.00	2639.00	2638.50	2638.00	2638.00	2637.50	2637.00	2637.00	2637.00	2636.50	2636.00	2636.00	2636.00	2636.00	2635.00	2635.00	2634.50	2634.00	2634.00	2633.00	2633.00	2633.00	2632.00	2632.00	2632.00	2632.00	2631.50	2631.00	2631.00	2631.00	2630.00	2630.00	2629.00	2629.00	2628.50	2628.00	2627.00	2626.00	2625.00	2624.50	2624.00	2623.50	2622.00	2621.50	2621.00	2620.00	2619.50	2619.00	2618.50	2618.00	2618.00	2617.00	2617.00	2616.00	2616.00	2616.00	2616.00	2616.00	2616.00	2616.00	2616.00	2615.00	2615.00	2615.00	2614.00	2613.50	2613.00	2612.00	2612.00	2611.00	2610.00	2609.50	2608.50	2607.00	2606.50	2606.00	2605.00	2604.50	2604.00	2603.00	2602.50	2602.00	2602.00	2601.00	2601.00	2601.00	2600.00	2600.00	2600.00	2600.00	2600.00	2600.00	2600.00	2599.50	2599.00	2599.00	2599.00	2599.00	2599.00	2599.00	2599.00	2599.00	2598.50	2598.00	2598.00	2598.00	2598.00	2597.00	2597.00	2597.00	2597.00	2597.00	2597.00	2597.00	2597.00
2668.00	2667.75	2667.50	2667.50	2667.50	2667.00	2667.00	2666.50	2666.50	2666.25	2666.00	2666.00	2665.50	2665.50	2665.50	2665.00	2664.50	2664.25	2663.75	2663.50	2662.75	2662.50	2662.50	2662.00	2661.50	2661.50	2661.25	2660.75	2660.50	2660.50	2660.25	2659.50	2659.50	2659.25	2658.75	2658.50	2658.00	2657.50	2657.50	2657.00	2657.00	2656.25	2656.00	2655.75	2655.50	2654.75	2654.50	2654.50	2654.00	2653.50	2653.00	2653.00	2652.25	2651.50	2651.00	2650.50	2649.75	2648.75	2648.25	2647.50	2647.00	2646.50	2646.00	2645.50	2645.00	2645.00	2645.00	2645.00	2644.50	2644.50	2644.50	2644.50	2644.75	2645.25	2645.50	2645.50	2646.00	2646.00	2646.50	2647.00	2647.00	2647.50	2648.00	2648.00	2648.00	2648.00	2648.00	2648.00	2648.00	2648.00	2648.00	2648.00	2647.50	2647.50	2647.50	2647.00	2647.00	2646.50	2646.50	2645.75	2645.50	2644.75	2644.50	2644.25	2643.75	2643.50	2643.50	2643.50	2643.00	2642.75	2642.50	2642.50	2642.50	2642.50	2642.50	2642.50	2642.50	2642.75	2643.00	2643.00	2643.00	2643.00	2643.00	2643.00	2643.00	2643.25	2643.50	2643.50	2643.50	2643.50	2642.50	2642.50	2642.50	2641.75	2641.50	2641.25	2641.00	2640.75	2640.00	2640.00	2639.00	2638.50	2638.00	2637.50	2637.00	2637.00	2636.50	2636.00	2636.00	2636.00	2635.75	2635.00	2635.00	2635.00	2635.00	2634.00	2634.00	2633.25	2633.00	2632.75	2632.00	2632.00	2632.00	2631.50	2631.00	2631.00	2631.00	2630.75	2630.25	2630.00	2630.00	2629.00	2629.00	2628.00	2628.00	2627.75	2627.00	2626.50	2625.50	2624.50	2624.00	2623.25	2622.75	2621.50	2621.00	2620.50	2619.50	2619.00	2618.50	2617.75	2617.50	2617.25	2616.50	2616.25	2615.50	2615.50	2615.50	2615.50	2615.00	2615.00	2615.00	2615.00	2614.00	2614.00	2613.50	2612.75	2612.25	2611.50	2611.00	2610.50	2609.50	2608.50	2608.00	2607.00	2605.75	2605.00	2604.50	2603.50	2603.00	2602.50	2602.00	2601.50	2601.00	2601.00	2600.50	2600.00	2600.00	2599.50	2599.50	2599.50	2599.50	2599.50	2599.50	2599.50	2599.25	2598.75	2598.50	2598.50	2598.50	2598.50	2598.50	2598.50	2598.50	2598.25	2597.75	2597.50	2597.50	2597.50	2597.00	2596.75	2596.50	2596.50	2596.50	2596.50	2596.50	2596.50
2668.00	2667.50	2667.00	2667.00	2667.00	2667.00	2667.00	2666.00	2666.00	2666.00	2666.00	2666.00	2665.00	2665.00	2665.00	2665.00	2664.00	2664.00	2663.50	2663.00	2662.50	2662.00	2662.00	2661.50	2661.00	2661.00	2661.00	2660.50	2660.00	2660.00	2660.00	2659.00	2659.00	2659.00	2658.50	2658.00	2658.00	2657.00	2657.00	2657.00	2657.00	2656.00	2656.00	2655.50	2655.00	2654.50	2654.00	2654.00	2653.50	2653.00	2652.00	2652.00	2651.50	2651.00	2650.00	2649.50	2648.50	2647.50	2647.00	2646.00	2646.00	2645.50	2645.00	2644.50	2644.00	2644.00	2644.00	2644.00	2644.00	2644.00	2644.00	2644.00	2644.50	2645.00	2645.00	2645.00	2646.00	2646.00	2646.00	2647.00	2647.00	2647.50	2648.00	2648.00	2648.00	2648.00	2648.00	2648.00	2648.00	2648.00	2648.00	2648.00	2647.00	2647.00	2647.00	2647.00	2647.00	2646.00	2646.00	2645.50	2645.00	2644.50	2644.00	2643.50	2643.00	2643.00	2643.00	2643.00	2642.00	2642.00	2642.00	2642.00	2642.00	2642.00	2642.00	2642.00	2642.00	2642.50	2643.00	2643.00	2643.00	2643.00	2643.00	2643.00	2643.00	2643.00	2643.00	2643.00	2643.00	2643.00	2642.00	2642.00	2642.00	2641.00	2641.00	2640.50	2640.00	2640.00	2639.00	2639.00	2638.00	2638.00	2637.00	2636.50	2636.00	2636.00	2635.50	2635.00	2635.00	2635.00	2635.00	2634.00	2634.00	2634.00	2634.00	2633.00	2633.00	2632.00	2632.00	2631.50	2631.00	2631.00	2631.00	2631.00	2630.00	2630.00	2630.00	2630.00	2629.50	2629.00	2629.00	2628.00	2628.00	2627.00	2627.00	2627.00	2626.00	2626.00	2625.00	2624.00	2623.50	2622.50	2622.00	2621.00	2620.50	2620.00	2619.00	2618.50	2618.00	2617.00	2617.00	2616.50	2616.00	2615.50	2615.00	2615.00	2615.00	2615.00	2614.00	2614.00	2614.00	2614.00	2613.00	2613.00	2612.00	2611.50	2611.00	2610.00	2610.00	2609.00	2608.00	2607.00	2606.50	2605.50	2604.50	2603.50	2603.00	2602.00	2601.50	2601.00	2601.00	2600.50	2600.00	2600.00	2600.00	2599.00	2599.00	2599.00	2599.00	2599.00	2599.00	2599.00	2599.00	2599.00	2599.00	2598.50	2598.00	2598.00	2598.00	2598.00	2598.00	2598.00	2598.00	2598.00	2597.50	2597.00	2597.00	2597.00	2597.00	2596.50	2596.00	2596.00	2596.00	2596.00	2596.00	2596.00
2668.00	2667.50	2667.00	2667.00	2667.00	2667.00	2667.00	2666.00	2666.00	2666.00	2666.00	2666.00	2665.00	2665.00	2665.00	2665.00	2664.00	2664.00	2663.50	2663.00	2662.50	2662.00	2662.00	2661.50	2661.00	2661.00	2661.00	2660.50	2660.00	2660.00	2660.00	2659.00	2659.00	2659.00	2658.50	2658.00	2658.00	2657.00	2657.00	2657.00	2657.00	2656.00	2656.00	2655.50	2655.00	2654.50	2654.00	2654.00	2653.50	2653.00	2652.00	2652.00	2651.50	2651.00	2650.00	2649.50	2648.50	2647.50	2647.00	2646.00	2646.00	2645.50	2645.00	2644.50	2644.00	2644.00	2644.00	2644.00	2644.00	2644.00	2644.00	2644.00	2644.50	2645.00	2645.00	2645.00	2646.00	2646.00	2646.00	2647.00	2647.00	2647.50	2648.00	2648.00	2648.00	2648.00	2648.00	2648.00	2648.00	2648.00	2648.00	2648.00	2647.00	2647.00	2647.00	2647.00	2647.00	2646.00	2646.00	2645.50	2645.00	2644.50	2644.00	2643.50	2643.00	2643.00	2643.00	2643.00	2642.00	2642.00	2642.00	2642.00	2642.00	2642.00	2642.00	2642.00	2642.00	2642.50	2643.00	2643.00	2643.00	2643.00	2643.00	2643.00	2643.00	2643.00	2643.00	2643.00	2643.00	2643.00	2642.00	2642.00	2642.00	2641.00	2641.00	2640.50	2640.00	2640.00	2639.00	2639.00	2638.00	2638.00	2637.00	2636.50	2636.00	2636.00	2635.50	2635.00	2635.00	2635.00	2635.00	2634.00	2634.00	2634.00	2634.00	2633.00	2633.00	2632.00	2632.00	2631.50	2631.00	2631.00	2631.00	2631.00	2630.00	2630.00	2630.00	2630.00	2629.50	2629.00	2629.00	2628.00	2628.00	2627.00	2627.00	2627.00	2626.00	2626.00	2625.00	2624.00	2623.50	2622.50	2622.00	2621.00	2620.50	2620.00	2619.00	2618.50	2618.00	2617.00	2617.00	2616.50	2616.00	2615.50	2615.00	2615.00	2615.00	2615.00	2614.00	2614.00	2614.00	2614.00	2613.00	2613.00	2612.00	2611.50	2611.00	2610.00	2610.00	2609.00	2608.00	2607.00	2606.50	2605.50	2604.50	2603.50	2603.00	2602.00	2601.50	2601.00	2601.00	2600.50	2600.00	2600.00	2600.00	2599.00	2599.00	2599.00	2599.00	2599.00	2599.00	2599.00	2599.00	2599.00	2599.00	2598.50	2598.00	2598.00	2598.00	2598.00	2598.00	2598.00	2598.00	2598.00	2597.50	2597.00	2597.00	2597.00	2597.00	2596.50	2596.00	2596.00	2596.00	2596.00	2596.00	2596.00
2667.50	2667.25	2667.00	2666.50	2666.50	2666.50	2666.50	2665.75	2665.50	2665.50	2665.50	2665.50	2665.00	2664.50	2664.50	2664.00	2663.50	2663.50	2663.00	2662.50	2662.00	2661.50	2661.50	2661.00	2660.50	2660.50	2660.50	2660.25	2660.00	2659.50	2659.50	2659.00	2659.00	2659.00	2658.50	2658.00	2657.75	2657.00	2657.00	2656.50	2656.50	2655.75	2655.50	2655.00	2654.50	2654.00	2653.50	2653.00	2652.75	2652.25	2651.50	2651.00	2650.50	2649.50	2648.75	2648.25	2647.50	2646.25	2645.75	2645.00	2645.00	2644.25	2644.00	2643.75	2643.50	2643.50	2643.50	2643.50	2643.50	2643.50	2643.75	2644.00	2644.25	2644.75	2645.00	2645.00	2645.50	2646.00	2646.00	2647.00	2647.00	2647.25	2648.00	2648.00	2648.00	2648.00	2648.00	2648.00	2648.00	2648.00	2648.00	2648.00	2647.00	2647.00	2647.00	2646.50	2646.50	2645.50	2645.50	2644.75	2644.50	2643.75	2643.25	2642.75	2642.50	2642.25	2642.00	2642.00	2641.50	2641.50	2641.50	2641.50	2641.50	2641.50	2641.50	2641.50	2642.00	2642.25	2642.50	2642.50	2642.00	2642.00	2642.50	2642.00	2642.00	2642.00	2642.00	2642.00	2642.00	2642.00	2641.00	2641.00	2641.00	2640.25	2640.00	2639.50	2639.00	2638.75	2638.00	2638.00	2637.00	2637.00	2636.00	2635.75	2635.00	2635.00	2634.50	2634.00	2634.00	2633.75	2633.50	2633.00	2633.00	2632.50	2632.50	2631.75	2631.50	2631.00	2631.00	2630.75	2630.00	2630.00	2630.00	2630.00	2629.25	2629.00	2629.00	2629.00	2628.50	2628.00	2628.00	2627.50	2627.25	2626.50	2626.25	2626.00	2625.50	2625.00	2624.00	2623.50	2622.75	2622.00	2621.50	2620.50	2620.00	2619.00	2618.50	2617.75	2617.00	2616.25	2616.00	2615.50	2615.00	2614.75	2614.00	2614.00	2613.75	2613.50	2612.75	2612.50	2612.50	2612.50	2611.50	2611.25	2610.50	2610.00	2609.25	2608.50	2608.00	2607.25	2606.00	2605.25	2604.75	2604.00	2603.25	2602.50	2602.00	2601.50	2601.00	2600.50	2600.50	2600.25	2599.75	2599.50	2599.50	2599.00	2599.00	2599.00	2599.00	2599.00	2599.00	2599.00	2599.00	2599.00	2599.00	2598.75	2598.00	2598.00	2598.00	2598.00	2598.00	2597.50	2597.50	2597.50	2597.25	2597.00	2597.00	2597.00	2597.00	2596.50	2596.00	2596.00	2596.00	2596.00	2596.00	2596.00
2667.00	2667.00	2667.00	2666.00	2666.00	2666.00	2666.00	2665.50	2665.00	2665.00	2665.00	2665.00	2665.00	2664.00	2664.00	2663.00	2663.00	2663.00	2662.50	2662.00	2661.50	2661.00	2661.00	2660.50	2660.00	2660.00	2660.00	2660.00	2660.00	2659.00	2659.00	2659.00	2659.00	2659.00	2658.50	2658.00	2657.50	2657.00	2657.00	2656.00	2656.00	2655.50	2655.00	2654.50	2654.00	2653.50	2653.00	2652.00	2652.00	2651.50	2651.00	2650.00	2649.50	2648.00	2647.50	2647.00	2646.50	2645.00	2644.50	2644.00	2644.00	2643.00	2643.00	2643.00	2643.00	2643.00	2643.00	2643.00	2643.00	2643.00	2643.50	2644.00	2644.00	2644.50	2645.00	2645.00	2645.00	2646.00	2646.00	2647.00	2647.00	2647.00	2648.00	2648.00	2648.00	2648.00	2648.00	2648.00	2648.00	2648.00	2648.00	2648.00	2647.00	2647.00	2647.00	2646.00	2646.00	2645.00	2645.00	2644.00	2644.00	2643.00	2642.50	2642.00	2642.00	2641.50	2641.00	2641.00	2641.00	2641.00	2641.00	2641.00	2641.00	2641.00	2641.00	2641.00	2642.00	2642.00	2642.00	2642.00	2641.00	2641.00	2642.00	2641.00	2641.00	2641.00	2641.00	2641.00	2641.00	2641.00	2640.00	2640.00	2640.00	2639.50	2639.00	2638.50	2638.00	2637.50	2637.00	2637.00	2636.00	2636.00	2635.00	2635.00	2634.00	2634.00	2633.50	2633.00	2633.00	2632.50	2632.00	2632.00	2632.00	2631.00	2631.00	2630.50	2630.00	2630.00	2630.00	2630.00	2629.00	2629.00	2629.00	2629.00	2628.50	2628.00	2628.00	2628.00	2627.50	2627.00	2627.00	2627.00	2626.50	2626.00	2625.50	2625.00	2625.00	2624.00	2623.00	2623.00	2622.00	2621.50	2621.00	2620.00	2619.50	2618.00	2618.00	2617.00	2616.00	2615.50	2615.00	2614.50	2614.00	2614.00	2613.00	2613.00	2612.50	2612.00	2611.50	2611.00	2611.00	2611.00	2610.00	2609.50	2609.00	2608.50	2607.50	2607.00	2606.00	2605.50	2604.00	2603.50	2603.00	2602.50	2602.00	2601.50	2601.00	2601.00	2600.50	2600.00	2600.00	2600.00	2599.50	2599.00	2599.00	2599.00	2599.00	2599.00	2599.00	2599.00	2599.00	2599.00	2599.00	2599.00	2599.00	2599.00	2598.00	2598.00	2598.00	2598.00	2598.00	2597.00	2597.00	2597.00	2597.00	2597.00	2597.00	2597.00	2597.00	2596.50	2596.00	2596.00	2596.00	2596.00	2596.00	2596.00
2667.00	2667.00	2667.00	2666.00	2666.00	2666.00	2666.00	2665.50	2665.00	2665.00	2665.00	2665.00	2665.00	2664.00	2664.00	2663.00	2663.00	2663.00	2662.50	2662.00	2661.50	2661.00	2661.00	2660.50	2660.00	2660.00	2660.00	2660.00	2660.00	2659.00	2659.00	2659.00	2659.00	2659.00	2658.50	2658.00	2657.50	2657.00	2657.00	2656.00	2656.00	2655.50	2655.00	2654.50	2654.00	2653.50	2653.00	2652.00	2652.00	2651.50	2651.00	2650.00	2649.50	2648.00	2647.50	2647.00	2646.50	2645.00	2644.50	2644.00	2644.00	2643.00	2643.00	2643.00	2643.00	2643.00	2643.00	2643.00	2643.00	2643.00	2643.50	2644.00	2644.00	2644.50	2645.00	2645.00	2645.00	2646.00	2646.00	2647.00	2647.00	2647.00	2648.00	2648.00	2648.00	2648.00	2648.00	2648.00	2648.00	2648.00	2648.00	2648.00	2647.00	2647.00	2647.00	2646.00	2646.00	2645.00	2645.00	2644.00	2644.00	2643.00	2642.50	2642.00	2642.00	2641.50	2641.00	2641.00	2641.00	2641.00	2641.00	2641.00	2641.00	2641.00	2641.00	2641.00	2642.00	2642.00	2642.00	2642.00	2641.00	2641.00	2642.00	2641.00	2641.00	2641.00	2641.00	2641.00	2641.00	2641.00	2640.00	2640.00	2640.00	2639.50	2639.00	2638.50	2638.00	2637.50	2637.00	2637.00	2636.00	2636.00	2635.00	2635.00	2634.00	2634.00	2633.50	2633.00	2633.00	2632.50	2632.00	2632.00	2632.00	2631.00	2631.00	2630.50	2630.00	2630.00	2630.00	2630.00	2629.00	2629.00	2629.00	2629.00	2628.50	2628.00	2628.00	2628.00	2627.50	2627.00	2627.00	2627.00	2626.50	2626.00	2625.50	2625.00	2625.00	2624.00	2623.00	2623.00	2622.00	2621.50	2621.00	2620.00	2619.50	2618.00	2618.00	2617.00	2616.00	2615.50	2615.00	2614.50	2614.00	2614.00	2613.00	2613.00	2612.50	2612.00	2611.50	2611.00	2611.00	2611.00	2610.00	2609.50	2609.00	2608.50	2607.50	2607.00	2606.00	2605.50	2604.00	2603.50	2603.00	2602.50	2602.00	2601.50	2601.00	2601.00	2600.50	2600.00	2600.00	2600.00	2599.50	2599.00	2599.00	2599.00	2599.00	2599.00	2599.00	2599.00	2599.00	2599.00	2599.00	2599.00	2599.00	2599.00	2598.00	2598.00	2598.00	2598.00	2598.00	2597.00	2597.00	2597.00	2597.00	2597.00	2597.00	2597.00	2597.00	2596.50	2596.00	2596.00	2596.00	2596.00	2596.00	2596.00
2667.00	2667.00	2667.00	2666.00	2666.00	2666.00	2666.00	2665.50	2665.00	2665.00	2665.00	2665.00	2665.00	2664.00	2664.00	2663.00	2663.00	2663.00	2662.50	2662.00	2661.50	2661.00	2661.00	2660.50	2660.00	2660.00	2660.00	2660.00	2660.00	2659.00	2659.00	2659.00	2659.00	2659.00	2658.50	2658.00	2657.50	2657.00	2657.00	2656.00	2656.00	2655.50	2655.00	2654.50	2654.00	2653.50	2653.00	2652.00	2652.00	2651.50	2651.00	2650.00	2649.50	2648.00	2647.50	2647.00	2646.50	2645.00	2644.50	2644.00	2644.00	2643.00	2643.00	2643.00	2643.00	2643.00	2643.00	2643.00	2643.00	2643.00	2643.50	2644.00	2644.00	2644.50	2645.00	2645.00	2645.00	2646.00	2646.00	2647.00	2647.00	2647.00	2648.00	2648.00	2648.00	2648.00	2648.00	2648.00	2648.00	2648.00	2648.00	2648.00	2647.00	2647.00	2647.00	2646.00	2646.00	2645.00	2645.00	2644.00	2644.00	2643.00	2642.50	2642.00	2642.00	2641.50	2641.00	2641.00	2641.00	2641.00	2641.00	2641.00	2641.00	2641.00	2641.00	2641.00	2642.00	2642.00	2642.00	2642.00	2641.00	2641.00	2642.00	2641.00	2641.00	2641.00	2641.00	2641.00	2641.00	2641.00	2640.00	2640.00	2640.00	2639.50	2639.00	2638.50	2638.00	2637.50	2637.00	2637.00	2636.00	2636.00	2635.00	2635.00	2634.00	2634.00	2633.50	2633.00	2633.00	2632.50	2632.00	2632.00	2632.00	2631.00	2631.00	2630.50	2630.00	2630.00	2630.00	2630.00	2629.00	2629.00	2629.00	2629.00	2628.50	2628.00	2628.00	2628.00	2627.50	2627.00	2627.00	2627.00	2626.50	2626.00	2625.50	2625.00	2625.00	2624.00	2623.00	2623.00	2622.00	2621.50	2621.00	2620.00	2619.50	2618.00	2618.00	2617.00	2616.00	2615.50	2615.00	2614.50	2614.00	2614.00	2613.00	2613.00	2612.50	2612.00	2611.50	2611.00	2611.00	2611.00	2610.00	2609.50	2609.00	2608.50	2607.50	2607.00	2606.00	2605.50	2604.00	2603.50	2603.00	2602.50	2602.00	2601.50	2601.00	2601.00	2600.50	2600.00	2600.00	2600.00	2599.50	2599.00	2599.00	2599.00	2599.00	2599.00	2599.00	2599.00	2599.00	2599.00	2599.00	2599.00	2599.00	2599.00	2598.00	2598.00	2598.00	2598.00	2598.00	2597.00	2597.00	2597.00	2597.00	2597.00	2597.00	2597.00	2597.00	2596.50	2596.00	2596.00	2596.00	2596.00	2596.00	2596.00
2666.00	2665.50	2665.00	2665.00	2665.00	2665.00	2665.00	2664.00	2664.00	2664.00	2664.00	2663.50	2663.00	2663.00	2663.00	2663.00	2662.00	2662.00	2662.00	2662.00	2661.00	2661.00	2660.00	2660.00	2660.00	2659.50	2659.00	2659.00	2659.00	2659.00	2659.00	2658.00	2658.00	2658.00	2658.00	2657.00	2657.00	2656.00	2656.00	2655.50	2655.00	2655.00	2654.50	2654.00	2653.00	2652.50	2651.50	2651.00	2650.00	2649.50	2648.00	2648.00	2647.00	2646.00	2645.00	2644.50	2644.00	2642.50	2642.00	2642.00	2641.00	2641.00	2641.00	2641.00	2641.00	2641.00	2641.00	2642.00	2642.00	2642.00	2643.00	2643.00	2643.50	2644.00	2644.00	2645.00	2645.00	2646.00	2646.00	2646.50	2647.00	2647.00	2647.00	2647.00	2647.00	2647.00	2647.00	2647.00	2647.00	2647.00	2647.00	2647.00	2646.00	2646.00	2645.00	2645.00	2644.50	2644.00	2643.00	2642.50	2642.00	2641.00	2641.00	2641.00	2640.00	2640.00	2639.00	2639.00	2639.00	2639.00	2639.00	2639.00	2639.50	2640.00	2640.00	2641.00	2641.00	2641.00	2641.00	2641.00	2641.00	2641.00	2641.00	2641.00	2641.00	2640.50	2640.00	2640.00	2640.00	2640.00	2639.00	2639.00	2638.00	2638.00	2637.50	2636.50	2636.00	2635.50	2635.00	2635.00	2634.00	2634.00	2633.00	2633.00	2632.00	2632.00	2632.00	2631.00	2630.50	2630.00	2630.00	2629.50	2629.00	2629.00	2629.00	2629.00	2628.50	2628.00	2628.00	2628.00	2628.00	2627.00	2627.00	2627.00	2626.50	2626.00	2626.00	2626.00	2626.00	2625.00	2625.00	2625.00	2625.00	2624.00	2624.00	2623.50	2623.00	2622.00	2621.00	2621.00	2620.00	2620.00	2619.50	2618.00	2617.50	2617.00	2616.00	2615.00	2614.00	2613.50	2613.00	2612.50	2612.00	2611.50	2611.00	2610.00	2609.50	2609.00	2608.00	2608.00	2608.00	2607.00	2606.50	2606.00	2605.00	2604.50	2604.00	2603.00	2603.00	2602.50	2602.00	2601.00	2601.00	2601.00	2600.50	2600.00	2600.00	2600.00	2600.00	2600.00	2600.00	2600.00	2600.00	2600.00	2600.00	2600.00	2600.00	2600.00	2600.00	2600.00	2599.00	2599.00	2599.00	2599.00	2599.00	2599.00	2598.00	2598.00	2598.00	2598.00	2598.00	2597.00	2597.00	2597.00	2597.00	2597.00	2597.00	2597.00	2597.00	2596.00	2596.00	2596.00	2596.00	2596.50	2597.00	2597.00
2666.00	2665.50	2665.00	2665.00	2665.00	2665.00	2665.00	2664.00	2664.00	2664.00	2664.00	2663.50	2663.00	2663.00	2663.00	2663.00	2662.00	2662.00	2662.00	2662.00	2661.00	2661.00	2660.00	2660.00	2660.00	2659.50	2659.00	2659.00	2659.00	2659.00	2659.00	2658.00	2658.00	2658.00	2658.00	2657.00	2657.00	2656.00	2656.00	2655.50	2655.00	2655.00	2654.50	2654.00	2653.00	2652.50	2651.50	2651.00	2650.00	2649.50	2648.00	2648.00	2647.00	2646.00	2645.00	2644.50	2644.00	2642.50	2642.00	2642.00	2641.00	2641.00	2641.00	2641.00	2641.00	2641.00	2641.00	2642.00	2642.00	2642.00	2643.00	2643.00	2643.50	2644.00	2644.00	2645.00	2645.00	2646.00	2646.00	2646.50	2647.00	2647.00	2647.00	2647.00	2647.00	2647.00	2647.00	2647.00	2647.00	2647.00	2647.00	2647.00	2646.00	2646.00	2645.00	2645.00	2644.50	2644.00	2643.00	2642.50	2642.00	2641.00	2641.00	2641.00	2640.00	2640.00	2639.00	2639.00	2639.00	2639.00	2639.00	2639.00	2639.50	2640.00	2640.00	2641.00	2641.00	2641.00	2641.00	2641.00	2641.00	2641.00	2641.00	2641.00	2641.00	2640.50	2640.00	2640.00	2640.00	2640.00	2639.00	2639.00	2638.00	2638.00	2637.50	2636.50	2636.00	2635.50	2635.00	2635.00	2634.00	2634.00	2633.00	2633.00	2632.00	2632.00	2632.00	2631.00	2630.50	2630.00	2630.00	2629.50	2629.00	2629.00	2629.00	2629.00	2628.50	2628.00	2628.00	2628.00	2628.00	2627.00	2627.00	2627.00	2626.50	2626.00	2626.00	2626.00	2626.00	2625.00	2625.00	2625.00	2625.00	2624.00	2624.00	2623.50	2623.00	2622.00	2621.00	2621.00	2620.00	2620.00	2619.50	2618.00	2617.50	2617.00	2616.00	2615.00	2614.00	2613.50	2613.00	2612.50	2612.00	2611.50	2611.00	2610.00	2609.50	2609.00	2608.00	2608.00	2608.00	2607.00	2606.50	2606.00	2605.00	2604.50	2604.00	2603.00	2603.00	2602.50	2602.00	2601.00	2601.00	2601.00	2600.50	2600.00	2600.00	2600.00	2600.00	2600.00	2600.00	2600.00	2600.00	2600.00	2600.00	2600.00	2600.00	2600.00	2600.00	2600.00	2599.00	2599.00	2599.00	2599.00	2599.00	2599.00	2598.00	2598.00	2598.00	2598.00	2598.00	2597.00	2597.00	2597.00	2597.00	2597.00	2597.00	2597.00	2597.00	2596.00	2596.00	2596.00	2596.00	2596.50	2597.00	2597.00
2666.00	2665.50	2665.00	2665.00	2665.00	2665.00	2665.00	2664.00	2664.00	2664.00	2664.00	2663.50	2663.00	2663.00	2663.00	2663.00	2662.00	2662.00	2662.00	2662.00	2661.00	2661.00	2660.00	2660.00	2660.00	2659.50	2659.00	2659.00	2659.00	2659.00	2659.00	2658.00	2658.00	2658.00	2658.00	2657.00	2657.00	2656.00	2656.00	2655.50	2655.00	2655.00	2654.50	2654.00	2653.00	2652.50	2651.50	2651.00	2650.00	2649.50	2648.00	2648.00	2647.00	2646.00	2645.00	2644.50	2644.00	2642.50	2642.00	2642.00	2641.00	2641.00	2641.00	2641.00	2641.00	2641.00	2641.00	2642.00	2642.00	2642.00	2643.00	2643.00	2643.50	2644.00	2644.00	2645.00	2645.00	2646.00	2646.00	2646.50	2647.00	2647.00	2647.00	2647.00	2647.00	2647.00	2647.00	2647.00	2647.00	2647.00	2647.00	2647.00	2646.00	2646.00	2645.00	2645.00	2644.50	2644.00	2643.00	2642.50	2642.00	2641.00	2641.00	2641.00	2640.00	2640.00	2639.00	2639.00	2639.00	2639.00	2639.00	2639.00	2639.50	2640.00	2640.00	2641.00	2641.00	2641.00	2641.00	2641.00	2641.00	2641.00	2641.00	2641.00	2641.00	2640.50	2640.00	2640.00	2640.00	2640.00	2639.00	2639.00	2638.00	2638.00	2637.50	2636.50	2636.00	2635.50	2635.00	2635.00	2634.00	2634.00	2633.00	2633.00	2632.00	2632.00	2632.00	2631.00	2630.50	2630.00	2630.00	2629.50	2629.00	2629.00	2629.00	2629.00	2628.50	2628.00	2628.00	2628.00	2628.00	2627.00	2627.00	2627.00	2626.50	2626.00	2626.00	2626.00	2626.00	2625.00	2625.00	2625.00	2625.00	2624.00	2624.00	2623.50	2623.00	2622.00	2621.00	2621.00	2620.00	2620.00	2619.50	2618.00	2617.50	2617.00	2616.00	2615.00	2614.00	2613.50	2613.00	2612.50	2612.00	2611.50	2611.00	2610.00	2609.50	2609.00	2608.00	2608.00	2608.00	2607.00	2606.50	2606.00	2605.00	2604.50	2604.00	2603.00	2603.00	2602.50	2602.00	2601.00	2601.00	2601.00	2600.50	2600.00	2600.00	2600.00	2600.00	2600.00	2600.00	2600.00	2600.00	2600.00	2600.00	2600.00	2600.00	2600.00	2600.00	2600.00	2599.00	2599.00	2599.00	2599.00	2599.00	2599.00	2598.00	2598.00	2598.00	2598.00	2598.00	2597.00	2597.00	2597.00	2597.00	2597.00	2597.00	2597.00	2597.00	2596.00	2596.00	2596.00	2596.00	2596.50	2597.00	2597.00
2665.50	2664.75	2664.50	2664.50	2664.50	2664.50	2664.50	2663.75	2663.50	2663.50	2663.50	2663.25	2663.00	2662.50	2662.50	2662.50	2662.00	2661.75	2661.50	2661.50	2660.75	2660.50	2660.00	2659.75	2659.50	2659.25	2659.00	2659.00	2658.50	2658.50	2658.50	2658.00	2657.50	2657.50	2657.25	2656.50	2656.25	2655.50	2655.50	2655.00	2654.50	2654.00	2653.75	2653.25	2652.50	2651.75	2651.00	2650.00	2648.75	2648.25	2647.00	2646.50	2645.75	2645.00	2643.75	2643.25	2642.75	2641.50	2641.00	2641.00	2640.00	2640.00	2640.00	2640.00	2640.00	2640.25	2640.50	2641.00	2641.50	2641.50	2642.25	2642.50	2643.00	2643.50	2643.75	2644.50	2644.50	2645.50	2645.50	2646.25	2646.50	2646.50	2646.50	2646.75	2647.00	2647.00	2647.00	2647.00	2646.50	2646.50	2646.50	2646.00	2645.50	2645.25	2644.50	2644.00	2643.50	2643.00	2642.00	2641.50	2641.00	2640.00	2640.00	2639.75	2638.75	2638.50	2638.00	2638.00	2638.00	2638.00	2638.25	2638.50	2638.75	2639.00	2639.50	2640.00	2640.00	2640.50	2640.50	2640.50	2640.50	2640.50	2640.50	2640.50	2640.00	2639.75	2639.50	2639.50	2639.25	2639.00	2638.50	2638.00	2637.50	2637.00	2636.50	2635.75	2635.25	2634.75	2634.50	2634.00	2633.50	2633.00	2632.25	2632.00	2631.00	2631.00	2630.75	2630.00	2629.50	2629.00	2629.00	2628.75	2628.25	2628.00	2628.00	2628.00	2627.50	2627.00	2627.00	2627.00	2627.00	2626.00	2626.00	2626.00	2625.75	2625.25	2625.00	2625.00	2625.00	2624.50	2624.00	2624.00	2624.00	2623.25	2623.00	2622.50	2622.00	2621.50	2620.50	2620.00	2619.25	2619.00	2618.50	2617.00	2616.50	2615.50	2615.00	2613.75	2613.00	2612.25	2611.75	2611.00	2610.50	2610.00	2609.50	2608.50	2608.25	2607.75	2607.00	2606.75	2606.50	2605.50	2605.00	2604.50	2603.50	2603.25	2603.00	2602.50	2602.00	2601.75	2601.50	2600.75	2600.50	2600.50	2600.25	2600.00	2600.00	2600.00	2600.00	2600.00	2600.00	2600.25	2600.50	2600.50	2600.50	2600.50	2600.50	2600.50	2600.25	2600.00	2599.50	2599.50	2599.50	2599.50	2599.25	2599.00	2598.50	2598.50	2598.50	2598.00	2598.00	2597.50	2597.00	2597.00	2597.00	2597.00	2596.50	2596.50	2596.50	2596.00	2596.00	2596.00	2596.25	2596.75	2597.00	2597.00
2665.00	2664.00	2664.00	2664.00	2664.00	2664.00	2664.00	2663.50	2663.00	2663.00	2663.00	2663.00	2663.00	2662.00	2662.00	2662.00	2662.00	2661.50	2661.00	2661.00	2660.50	2660.00	2660.00	2659.50	2659.00	2659.00	2659.00	2659.00	2658.00	2658.00	2658.00	2658.00	2657.00	2657.00	2656.50	2656.00	2655.50	2655.00	2655.00	2654.50	2654.00	2653.00	2653.00	2652.50	2652.00	2651.00	2650.50	2649.00	2647.50	2647.00	2646.00	2645.00	2644.50	2644.00	2642.50	2642.00	2641.50	2640.50	2640.00	2640.00	2639.00	2639.00	2639.00	2639.00	2639.00	2639.50	2640.00	2640.00	2641.00	2641.00	2641.50	2642.00	2642.50	2643.00	2643.50	2644.00	2644.00	2645.00	2645.00	2646.00	2646.00	2646.00	2646.00	2646.50	2647.00	2647.00	2647.00	2647.00	2646.00	2646.00	2646.00	2645.00	2645.00	2644.50	2644.00	2643.00	2642.50	2642.00	2641.00	2640.50	2640.00	2639.00	2639.00	2638.50	2637.50	2637.00	2637.00	2637.00	2637.00	2637.00	2637.50	2638.00	2638.00	2638.00	2639.00	2639.00	2639.00	2640.00	2640.00	2640.00	2640.00	2640.00	2640.00	2640.00	2639.00	2639.00	2639.00	2639.00	2638.50	2638.00	2638.00	2637.00	2637.00	2636.00	2635.50	2635.00	2634.50	2634.00	2634.00	2633.00	2633.00	2632.00	2631.50	2631.00	2630.00	2630.00	2629.50	2629.00	2628.50	2628.00	2628.00	2628.00	2627.50	2627.00	2627.00	2627.00	2626.50	2626.00	2626.00	2626.00	2626.00	2625.00	2625.00	2625.00	2625.00	2624.50	2624.00	2624.00	2624.00	2624.00	2623.00	2623.00	2623.00	2622.50	2622.00	2621.50	2621.00	2621.00	2620.00	2619.00	2618.50	2618.00	2617.50	2616.00	2615.50	2614.00	2614.00	2612.50	2612.00	2611.00	2610.50	2609.50	2609.00	2608.50	2608.00	2607.00	2607.00	2606.50	2606.00	2605.50	2605.00	2604.00	2603.50	2603.00	2602.00	2602.00	2602.00	2602.00	2601.00	2601.00	2601.00	2600.50	2600.00	2600.00	2600.00	2600.00	2600.00	2600.00	2600.00	2600.00	2600.00	2600.50	2601.00	2601.00	2601.00	2601.00	2601.00	2601.00	2600.50	2600.00	2600.00	2600.00	2600.00	2600.00	2599.50	2599.00	2599.00	2599.00	2599.00	2598.00	2598.00	2598.00	2597.00	2597.00	2597.00	2597.00	2596.00	2596.00	2596.00	2596.00	2596.00	2596.00	2596.50	2597.00	2597.00	2597.00
2665.00	2664.00	2664.00	2664.00	2664.00	2664.00	2664.00	2663.50	2663.00	2663.00	2663.00	2663.00	2663.00	2662.00	2662.00	2662.00	2662.00	2661.50	2661.00	2661.00	2660.50	2660.00	2660.00	2659.50	2659.00	2659.00	2659.00	2659.00	2658.00	2658.00	2658.00	2658.00	2657.00	2657.00	2656.50	2656.00	2655.50	2655.00	2655.00	2654.50	2654.00	2653.00	2653.00	2652.50	2652.00	2651.00	2650.50	2649.00	2647.50	2647.00	2646.00	2645.00	2644.50	2644.00	2642.50	2642.00	2641.50	2640.50	2640.00	2640.00	2639.00	2639.00	2639.00	2639.00	2639.00	2639.50	2640.00	2640.00	2641.00	2641.00	2641.50	2642.00	2642.50	2643.00	2643.50	2644.00	2644.00	2645.00	2645.00	2646.00	2646.00	2646.00	2646.00	2646.50	2647.00	2647.00	2647.00	2647.00	2646.00	2646.00	2646.00	2645.00	2645.00	2644.50	2644.00	2643.00	2642.50	2642.00	2641.00	2640.50	2640.00	2639.00	2639.00	2638.50	2637.50	2637.00	2637.00	2637.00	2637.00	2637.00	2637.50	2638.00	2638.00	2638.00	2639.00	2639.00	2639.00	2640.00	2640.00	2640.00	2640.00	2640.00	2640.00	2640.00	2639.00	2639.00	2639.00	2639.00	2638.50	2638.00	2638.00	2637.00	2637.00	2636.00	2635.50	2635.00	2634.50	2634.00	2634.00	2633.00	2633.00	2632.00	2631.50	2631.00	2630.00	2630.00	2629.50	2629.00	2628.50	2628.00	2628.00	2628.00	2627.50	2627.00	2627.00	2627.00	2626.50	2626.00	2626.00	2626.00	2626.00	2625.00	2625.00	2625.00	2625.00	2624.50	2624.00	2624.00	2624.00	2624.00	2623.00	2623.00	2623.00	2622.50	2622.00	2621.50	2621.00	2621.00	2620.00	2619.00	2618.50	2618.00	2617.50	2616.00	2615.50	2614.00	2614.00	2612.50	2612.00	2611.00	2610.50	2609.50	2609.00	2608.50	2608.00	2607.00	2607.00	2606.50	2606.00	2605.50	2605.00	2604.00	2603.50	2603.00	2602.00	2602.00	2602.00	2602.00	2601.00	2601.00	2601.00	2600.50	2600.00	2600.00	2600.00	2600.00	2600.00	2600.00	2600.00	2600.00	2600.00	2600.50	2601.00	2601.00	2601.00	2601.00	2601.00	2601.00	2600.50	2600.00	2600.00	2600.00	2600.00	2600.00	2599.50	2599.00	2599.00	2599.00	2599.00	2598.00	2598.00	2598.00	2597.00	2597.00	2597.00	2597.00	2596.00	2596.00	2596.00	2596.00	2596.00	2596.00	2596.50	2597.00	2597.00	2597.00
2665.00	2664.00	2664.00	2664.00	2664.00	2664.00	2664.00	2663.50	2663.00	2663.00	2663.00	2663.00	2663.00	2662.00	2662.00	2662.00	2662.00	2661.50	2661.00	2661.00	2660.50	2660.00	2660.00	2659.50	2659.00	2659.00	2659.00	2659.00	2658.00	2658.00	2658.00	2658.00	2657.00	2657.00	2656.50	2656.00	2655.50	2655.00	2655.00	2654.50	2654.00	2653.00	2653.00	2652.50	2652.00	2651.00	2650.50	2649.00	2647.50	2647.00	2646.00	2645.00	2644.50	2644.00	2642.50	2642.00	2641.50	2640.50	2640.00	2640.00	2639.00	2639.00	2639.00	2639.00	2639.00	2639.50	2640.00	2640.00	2641.00	2641.00	2641.50	2642.00	2642.50	2643.00	2643.50	2644.00	2644.00	2645.00	2645.00	2646.00	2646.00	2646.00	2646.00	2646.50	2647.00	2647.00	2647.00	2647.00	2646.00	2646.00	2646.00	2645.00	2645.00	2644.50	2644.00	2643.00	2642.50	2642.00	2641.00	2640.50	2640.00	2639.00	2639.00	2638.50	2637.50	2637.00	2637.00	2637.00	2637.00	2637.00	2637.50	2638.00	2638.00	2638.00	2639.00	2639.00	2639.00	2640.00	2640.00	2640.00	2640.00	2640.00	2640.00	2640.00	2639.00	2639.00	2639.00	2639.00	2638.50	2638.00	2638.00	2637.00	2637.00	2636.00	2635.50	2635.00	2634.50	2634.00	2634.00	2633.00	2633.00	2632.00	2631.50	2631.00	2630.00	2630.00	2629.50	2629.00	2628.50	2628.00	2628.00	2628.00	2627.50	2627.00	2627.00	2627.00	2626.50	2626.00	2626.00	2626.00	2626.00	2625.00	2625.00	2625.00	2625.00	2624.50	2624.00	2624.00	2624.00	2624.00	2623.00	2623.00	2623.00	2622.50	2622.00	2621.50	2621.00	2621.00	2620.00	2619.00	2618.50	2618.00	2617.50	2616.00	2615.50	2614.00	2614.00	2612.50	2612.00	2611.00	2610.50	2609.50	2609.00	2608.50	2608.00	2607.00	2607.00	2606.50	2606.00	2605.50	2605.00	2604.00	2603.50	2603.00	2602.00	2602.00	2602.00	2602.00	2601.00	2601.00	2601.00	2600.50	2600.00	2600.00	2600.00	2600.00	2600.00	2600.00	2600.00	2600.00	2600.00	2600.50	2601.00	2601.00	2601.00	2601.00	2601.00	2601.00	2600.50	2600.00	2600.00	2600.00	2600.00	2600.00	2599.50	2599.00	2599.00	2599.00	2599.00	2598.00	2598.00	2598.00	2597.00	2597.00	2597.00	2597.00	2596.00	2596.00	2596.00	2596.00	2596.00	2596.00	2596.50	2597.00	2597.00	2597.00
2665.00	2664.00	2664.00	2664.00	2664.00	2664.00	2664.00	2663.50	2663.00	2663.00	2663.00	2663.00	2663.00	2662.00	2662.00	2662.00	2662.00	2661.50	2661.00	2661.00	2660.50	2660.00	2660.00	2659.50	2659.00	2659.00	2659.00	2659.00	2658.00	2658.00	2658.00	2658.00	2657.00	2657.00	2656.50	2656.00	2655.50	2655.00	2655.00	2654.50	2654.00	2653.00	2653.00	2652.50	2652.00	2651.00	2650.50	2649.00	2647.50	2647.00	2646.00	2645.00	2644.50	2644.00	2642.50	2642.00	2641.50	2640.50	2640.00	2640.00	2639.00	2639.00	2639.00	2639.00	2639.00	2639.50	2640.00	2640.00	2641.00	2641.00	2641.50	2642.00	2642.50	2643.00	2643.50	2644.00	2644.00	2645.00	2645.00	2646.00	2646.00	2646.00	2646.00	2646.50	2647.00	2647.00	2647.00	2647.00	2646.00	2646.00	2646.00	2645.00	2645.00	2644.50	2644.00	2643.00	2642.50	2642.00	2641.00	2640.50	2640.00	2639.00	2639.00	2638.50	2637.50	2637.00	2637.00	2637.00	2637.00	2637.00	2637.50	2638.00	2638.00	2638.00	2639.00	2639.00	2639.00	2640.00	2640.00	2640.00	2640.00	2640.00	2640.00	2640.00	2639.00	2639.00	2639.00	2639.00	2638.50	2638.00	2638.00	2637.00	2637.00	2636.00	2635.50	2635.00	2634.50	2634.00	2634.00	2633.00	2633.00	2632.00	2631.50	2631.00	2630.00	2630.00	2629.50	2629.00	2628.50	2628.00	2628.00	2628.00	2627.50	2627.00	2627.00	2627.00	2626.50	2626.00	2626.00	2626.00	2626.00	2625.00	2625.00	2625.00	2625.00	2624.50	2624.00	2624.00	2624.00	2624.00	2623.00	2623.00	2623.00	2622.50	2622.00	2621.50	2621.00	2621.00	2620.00	2619.00	2618.50	2618.00	2617.50	2616.00	2615.50	2614.00	2614.00	2612.50	2612.00	2611.00	2610.50	2609.50	2609.00	2608.50	2608.00	2607.00	2607.00	2606.50	2606.00	2605.50	2605.00	2604.00	2603.50	2603.00	2602.00	2602.00	2602.00	2602.00	2601.00	2601.00	2601.00	2600.50	2600.00	2600.00	2600.00	2600.00	2600.00	2600.00	2600.00	2600.00	2600.00	2600.50	2601.00	2601.00	2601.00	2601.00	2601.00	2601.00	2600.50	2600.00	2600.00	2600.00	2600.00	2600.00	2599.50	2599.00	2599.00	2599.00	2599.00	2598.00	2598.00	2598.00	2597.00	2597.00	2597.00	2597.00	2596.00	2596.00	2596.00	2596.00	2596.00	2596.00	2596.50	2597.00	2597.00	2597.00
2665.00	2664.00	2664.00	2664.00	2664.00	2664.00	2664.00	2663.50	2663.00	2663.00	2663.00	2663.00	2663.00	2662.00	2662.00	2662.00	2662.00	2661.50	2661.00	2661.00	2660.50	2660.00	2660.00	2659.50	2659.00	2659.00	2659.00	2659.00	2658.00	2658.00	2658.00	2658.00	2657.00	2657.00	2656.50	2656.00	2655.50	2655.00	2655.00	2654.50	2654.00	2653.00	2653.00	2652.50	2652.00	2651.00	2650.50	2649.00	2647.50	2647.00	2646.00	2645.00	2644.50	2644.00	2642.50	2642.00	2641.50	2640.50	2640.00	2640.00	2639.00	2639.00	2639.00	2639.00	2639.00	2639.50	2640.00	2640.00	2641.00	2641.00	2641.50	2642.00	2642.50	2643.00	2643.50	2644.00	2644.00	2645.00	2645.00	2646.00	2646.00	2646.00	2646.00	2646.50	2647.00	2647.00	2647.00	2647.00	2646.00	2646.00	2646.00	2645.00	2645.00	2644.50	2644.00	2643.00	2642.50	2642.00	2641.00	2640.50	2640.00	2639.00	2639.00	2638.50	2637.50	2637.00	2637.00	2637.00	2637.00	2637.00	2637.50	2638.00	2638.00	2638.00	2639.00	2639.00	2639.00	2640.00	2640.00	2640.00	2640.00	2640.00	2640.00	2640.00	2639.00	2639.00	2639.00	2639.00	2638.50	2638.00	2638.00	2637.00	2637.00	2636.00	2635.50	2635.00	2634.50	2634.00	2634.00	2633.00	2633.00	2632.00	2631.50	2631.00	2630.00	2630.00	2629.50	2629.00	2628.50	2628.00	2628.00	2628.00	2627.50	2627.00	2627.00	2627.00	2626.50	2626.00	2626.00	2626.00	2626.00	2625.00	2625.00	2625.00	2625.00	2624.50	2624.00	2624.00	2624.00	2624.00	2623.00	2623.00	2623.00	2622.50	2622.00	2621.50	2621.00	2621.00	2620.00	2619.00	2618.50	2618.00	2617.50	2616.00	2615.50	2614.00	2614.00	2612.50	2612.00	2611.00	2610.50	2609.50	2609.00	2608.50	2608.00	2607.00	2607.00	2606.50	2606.00	2605.50	2605.00	2604.00	2603.50	2603.00	2602.00	2602.00	2602.00	2602.00	2601.00	2601.00	2601.00	2600.50	2600.00	2600.00	2600.00	2600.00	2600.00	2600.00	2600.00	2600.00	2600.00	2600.50	2601.00	2601.00	2601.00	2601.00	2601.00	2601.00	2600.50	2600.00	2600.00	2600.00	2600.00	2600.00	2599.50	2599.00	2599.00	2599.00	2599.00	2598.00	2598.00	2598.00	2597.00	2597.00	2597.00	2597.00	2596.00	2596.00	2596.00	2596.00	2596.00	2596.00	2596.50	2597.00	2597.00	2597.00
2665.00	2664.00	2664.00	2664.00	2664.00	2664.00	2664.00	2663.50	2663.00	2663.00	2663.00	2663.00	2663.00	2662.00	2662.00	2662.00	2662.00	2661.50	2661.00	2661.00	2660.50	2660.00	2660.00	2659.50	2659.00	2659.00	2659.00	2659.00	2658.00	2658.00	2658.00	2658.00	2657.00	2657.00	2656.50	2656.00	2655.50	2655.00	2655.00	2654.50	2654.00	2653.00	2653.00	2652.50	2652.00	2651.00	2650.50	2649.00	2647.50	2647.00	2646.00	2645.00	2644.50	2644.00	2642.50	2642.00	2641.50	2640.50	2640.00	2640.00	2639.00	2639.00	2639.00	2639.00	2639.00	2639.50	2640.00	2640.00	2641.00	2641.00	2641.50	2642.00	2642.50	2643.00	2643.50	2644.00	2644.00	2645.00	2645.00	2646.00	2646.00	2646.00	2646.00	2646.50	2647.00	2647.00	2647.00	2647.00	2646.00	2646.00	2646.00	2645.00	2645.00	2644.50	2644.00	2643.00	2642.50	2642.00	2641.00	2640.50	2640.00	2639.00	2639.00	2638.50	2637.50	2637.00	2637.00	2637.00	2637.00	2637.00	2637.50	2638.00	2638.00	2638.00	2639.00	2639.00	2639.00	2640.00	2640.00	2640.00	2640.00	2640.00	2640.00	2640.00	2639.00	2639.00	2639.00	2639.00	2638.50	2638.00	2638.00	2637.00	2637.00	2636.00	2635.50	2635.00	2634.50	2634.00	2634.00	2633.00	2633.00	2632.00	2631.50	2631.00	2630.00	2630.00	2629.50	2629.00	2628.50	2628.00	2628.00	2628.00	2627.50	2627.00	2627.00	2627.00	2626.50	2626.00	2626.00	2626.00	2626.00	2625.00	2625.00	2625.00	2625.00	2624.50	2624.00	2624.00	2624.00	2624.00	2623.00	2623.00	2623.00	2622.50	2622.00	2621.50	2621.00	2621.00	2620.00	2619.00	2618.50	2618.00	2617.50	2616.00	2615.50	2614.00	2614.00	2612.50	2612.00	2611.00	2610.50	2609.50	2609.00	2608.50	2608.00	2607.00	2607.00	2606.50	2606.00	2605.50	2605.00	2604.00	2603.50	2603.00	2602.00	2602.00	2602.00	2602.00	2601.00	2601.00	2601.00	2600.50	2600.00	2600.00	2600.00	2600.00	2600.00	2600.00	2600.00	2600.00	2600.00	2600.50	2601.00	2601.00	2601.00	2601.00	2601.00	2601.00	2600.50	2600.00	2600.00	2600.00	2600.00	2600.00	2599.50	2599.00	2599.00	2599.00	2599.00	2598.00	2598.00	2598.00	2597.00	2597.00	2597.00	2597.00	2596.00	2596.00	2596.00	2596.00	2596.00	2596.00	2596.50	2597.00	2597.00	2597.00
2664.00	2663.00	2663.00	2663.00	2663.00	2663.00	2663.00	2662.75	2662.50	2662.50	2662.50	2662.50	2662.50	2662.00	2661.75	2661.50	2661.50	2661.25	2661.00	2660.50	2660.25	2659.50	2659.50	2659.25	2659.00	2658.75	2658.50	2658.50	2658.00	2657.50	2657.50	2657.00	2656.50	2656.25	2655.75	2655.50	2655.00	2654.50	2654.00	2653.75	2653.25	2652.25	2652.00	2651.50	2650.50	2649.75	2649.00	2648.00	2646.50	2645.75	2645.00	2644.00	2643.25	2642.50	2641.50	2640.75	2640.25	2639.25	2639.00	2639.00	2638.50	2638.00	2638.00	2638.25	2638.50	2638.75	2639.00	2639.50	2640.50	2640.50	2641.00	2641.50	2642.00	2642.50	2643.00	2643.50	2644.00	2644.75	2645.00	2645.50	2645.50	2645.50	2646.00	2646.25	2646.50	2646.50	2646.00	2646.00	2645.50	2645.25	2645.00	2644.50	2644.00	2643.50	2642.50	2641.75	2641.25	2640.50	2640.00	2639.25	2638.50	2637.75	2637.50	2637.25	2636.50	2636.00	2636.00	2636.00	2636.25	2636.50	2636.75	2637.25	2637.50	2637.50	2638.50	2638.50	2638.50	2639.50	2639.50	2639.50	2639.50	2639.50	2639.50	2639.50	2638.75	2638.50	2638.50	2638.50	2638.00	2637.50	2637.50	2636.50	2636.50	2635.50	2635.00	2634.25	2633.75	2633.50	2633.00	2632.50	2632.00	2631.00	2630.50	2630.00	2629.50	2629.00	2628.50	2628.00	2627.25	2627.00	2627.00	2626.75	2626.25	2626.00	2626.00	2625.50	2625.25	2624.75	2624.50	2624.50	2625.00	2624.00	2624.00	2624.00	2624.00	2623.75	2623.25	2623.00	2623.00	2623.00	2622.00	2622.00	2622.00	2621.50	2621.00	2620.75	2620.00	2620.00	2619.00	2618.00	2617.50	2617.00	2616.50	2615.25	2614.50	2613.00	2613.00	2611.50	2610.50	2609.75	2609.25	2608.50	2607.50	2607.25	2606.50	2606.00	2605.50	2605.25	2604.75	2604.25	2603.75	2603.00	2602.75	2602.50	2601.50	2601.50	2601.50	2601.50	2601.00	2601.00	2600.50	2600.25	2600.00	2600.25	2600.50	2600.50	2600.50	2600.50	2600.50	2600.50	2600.75	2601.25	2601.50	2601.50	2601.50	2601.50	2601.50	2601.00	2600.75	2600.50	2600.50	2600.25	2600.00	2600.00	2599.75	2599.50	2599.25	2599.00	2599.00	2598.00	2598.00	2597.50	2597.00	2596.75	2596.50	2596.50	2596.00	2596.00	2595.50	2595.50	2595.75	2596.00	2596.25	2596.50	2596.50	2596.50
2663.00	2662.00	2662.00	2662.00	2662.00	2662.00	2662.00	2662.00	2662.00	2662.00	2662.00	2662.00	2662.00	2662.00	2661.50	2661.00	2661.00	2661.00	2661.00	2660.00	2660.00	2659.00	2659.00	2659.00	2659.00	2658.50	2658.00	2658.00	2658.00	2657.00	2657.00	2656.00	2656.00	2655.50	2655.00	2655.00	2654.50	2654.00	2653.00	2653.00	2652.50	2651.50	2651.00	2650.50	2649.00	2648.50	2647.50	2647.00	2645.50	2644.50	2644.00	2643.00	2642.00	2641.00	2640.50	2639.50	2639.00	2638.00	2638.00	2638.00	2638.00	2637.00	2637.00	2637.50	2638.00	2638.00	2638.00	2639.00	2640.00	2640.00	2640.50	2641.00	2641.50	2642.00	2642.50	2643.00	2644.00	2644.50	2645.00	2645.00	2645.00	2645.00	2646.00	2646.00	2646.00	2646.00	2645.00	2645.00	2645.00	2644.50	2644.00	2644.00	2643.00	2642.50	2641.00	2640.50	2640.00	2639.00	2639.00	2638.00	2637.00	2636.50	2636.00	2636.00	2635.50	2635.00	2635.00	2635.00	2635.50	2636.00	2636.00	2636.50	2637.00	2637.00	2638.00	2638.00	2638.00	2639.00	2639.00	2639.00	2639.00	2639.00	2639.00	2639.00	2638.50	2638.00	2638.00	2638.00	2637.50	2637.00	2637.00	2636.00	2636.00	2635.00	2634.50	2633.50	2633.00	2633.00	2632.00	2632.00	2631.00	2630.00	2629.50	2629.00	2629.00	2628.00	2627.50	2627.00	2626.00	2626.00	2626.00	2625.50	2625.00	2625.00	2625.00	2624.00	2624.00	2623.50	2623.00	2623.00	2624.00	2623.00	2623.00	2623.00	2623.00	2623.00	2622.50	2622.00	2622.00	2622.00	2621.00	2621.00	2621.00	2620.50	2620.00	2620.00	2619.00	2619.00	2618.00	2617.00	2616.50	2616.00	2615.50	2614.50	2613.50	2612.00	2612.00	2610.50	2609.00	2608.50	2608.00	2607.50	2606.00	2606.00	2605.00	2605.00	2604.00	2604.00	2603.50	2603.00	2602.50	2602.00	2602.00	2602.00	2601.00	2601.00	2601.00	2601.00	2601.00	2601.00	2600.00	2600.00	2600.00	2600.50	2601.00	2601.00	2601.00	2601.00	2601.00	2601.00	2601.50	2602.00	2602.00	2602.00	2602.00	2602.00	2602.00	2601.00	2601.00	2601.00	2601.00	2600.50	2600.00	2600.00	2600.00	2600.00	2599.50	2599.00	2599.00	2598.00	2598.00	2597.00	2597.00	2596.50	2596.00	2596.00	2596.00	2596.00	2595.00	2595.00	2595.50	2596.00	2596.00	2596.00	2596.00	2596.00
2663.00	2662.00	2662.00	2662.00	2662.00	2662.00	2662.00	2662.00	2662.00	2662.00	2662.00	2662.00	2662.00	2662.00	2661.50	2661.00	2661.00	2661.00	2661.00	2660.00	2660.00	2659.00	2659.00	2659.00	2659.00	2658.50	2658.00	2658.00	2658.00	2657.00	2657.00	2656.00	2656.00	2655.50	2655.00	2655.00	2654.50	2654.00	2653.00	2653.00	2652.50	2651.50	2651.00	2650.50	2649.00	2648.50	2647.50	2647.00	2645.50	2644.50	2644.00	2643.00	2642.00	2641.00	2640.50	2639.50	2639.00	2638.00	2638.00	2638.00	2638.00	2637.00	2637.00	2637.50	2638.00	2638.00	2638.00	2639.00	2640.00	2640.00	2640.50	2641.00	2641.50	2642.00	2642.50	2643.00	2644.00	2644.50	2645.00	2645.00	2645.00	2645.00	2646.00	2646.00	2646.00	2646.00	2645.00	2645.00	2645.00	2644.50	2644.00	2644.00	2643.00	2642.50	2641.00	2640.50	2640.00	2639.00	2639.00	2638.00	2637.00	2636.50	2636.00	2636.00	2635.50	2635.00	2635.00	2635.00	2635.50	2636.00	2636.00	2636.50	2637.00	2637.00	2638.00	2638.00	2638.00	2639.00	2639.00	2639.00	2639.00	2639.00	2639.00	2639.00	2638.50	2638.00	2638.00	2638.00	2637.50	2637.00	2637.00	2636.00	2636.00	2635.00	2634.50	2633.50	2633.00	2633.00	2632.00	2632.00	2631.00	2630.00	2629.50	2629.00	2629.00	2628.00	2627.50	2627.00	2626.00	2626.00	2626.00	2625.50	2625.00	2625.00	2625.00	2624.00	2624.00	2623.50	2623.00	2623.00	2624.00	2623.00	2623.00	2623.00	2623.00	2623.00	2622.50	2622.00	2622.00	2622.00	2621.00	2621.00	2621.00	2620.50	2620.00	2620.00	2619.00	2619.00	2618.00	2617.00	2616.50	2616.00	2615.50	2614.50	2613.50	2612.00	2612.00	2610.50	2609.00	2608.50	2608.00	2607.50	2606.00	2606.00	2605.00	2605.00	2604.00	2604.00	2603.50	2603.00	2602.50	2602.00	2602.00	2602.00	2601.00	2601.00	2601.00	2601.00	2601.00	2601.00	2600.00	2600.00	2600.00	2600.50	2601.00	2601.00	2601.00	2601.00	2601.00	2601.00	2601.50	2602.00	2602.00	2602.00	2602.00	2602.00	2602.00	2601.00	2601.00	2601.00	2601.00	2600.50	2600.00	2600.00	2600.00	2600.00	2599.50	2599.00	2599.00	2598.00	2598.00	2597.00	2597.00	2596.50	2596.00	2596.00	2596.00	2596.00	2595.00	2595.00	2595.50	2596.00	2596.00	2596.00	2596.00	2596.00
2662.00	2661.50	2661.50	2661.50	2661.50	2661.50	2661.50	2661.50	2661.50	2661.50	2661.50	2661.50	2661.50	2661.50	2661.25	2661.00	2660.75	2660.50	2660.50	2660.00	2659.75	2659.00	2659.00	2658.50	2658.50	2658.25	2657.75	2657.50	2657.50	2657.00	2656.50	2655.50	2655.25	2654.75	2654.50	2654.00	2653.50	2653.00	2652.50	2652.00	2651.50	2650.25	2649.75	2649.25	2648.00	2647.00	2646.25	2645.50	2644.00	2643.25	2642.50	2642.00	2640.75	2640.00	2639.25	2638.50	2638.00	2637.25	2637.00	2637.00	2637.00	2636.50	2636.50	2636.75	2637.25	2637.50	2638.00	2638.50	2639.50	2639.50	2640.25	2640.50	2641.00	2641.75	2642.25	2642.50	2643.50	2643.75	2644.00	2644.50	2644.50	2644.50	2645.00	2645.00	2645.00	2645.00	2644.50	2644.50	2644.00	2643.75	2643.25	2642.50	2641.75	2641.25	2640.00	2639.25	2638.75	2638.00	2637.50	2636.50	2636.00	2635.25	2635.00	2635.00	2634.75	2634.50	2634.50	2634.50	2635.25	2635.50	2636.00	2636.50	2637.00	2637.00	2637.50	2638.00	2638.00	2638.50	2638.50	2638.50	2638.50	2638.50	2638.50	2638.00	2637.75	2637.50	2637.50	2637.25	2636.75	2636.50	2636.25	2635.50	2635.00	2634.25	2633.75	2633.00	2632.25	2632.00	2631.00	2631.00	2630.25	2629.50	2628.75	2628.25	2628.00	2627.00	2626.25	2625.50	2625.00	2624.75	2624.50	2624.25	2624.00	2623.50	2623.50	2623.00	2623.00	2622.50	2622.00	2622.00	2622.50	2622.00	2622.00	2622.00	2622.00	2622.00	2621.50	2621.00	2621.00	2621.00	2620.50	2620.00	2620.00	2619.75	2619.25	2619.00	2618.00	2618.00	2617.00	2616.50	2615.75	2615.25	2614.75	2613.50	2612.50	2611.50	2611.00	2609.50	2608.50	2607.75	2607.25	2606.50	2605.50	2605.00	2604.50	2604.00	2603.50	2603.25	2602.75	2602.50	2602.25	2602.00	2601.75	2601.50	2601.00	2601.00	2601.00	2601.00	2601.00	2601.00	2600.50	2600.50	2600.75	2601.25	2601.50	2601.50	2601.50	2601.50	2601.50	2601.50	2602.00	2602.50	2602.50	2602.50	2602.00	2602.00	2602.00	2601.50	2601.50	2601.25	2601.00	2600.75	2600.00	2600.00	2599.75	2599.50	2599.25	2598.75	2598.50	2597.50	2597.50	2596.50	2596.50	2596.25	2595.75	2595.50	2595.50	2595.50	2595.00	2595.00	2595.25	2595.50	2595.50	2595.75	2596.00	2596.00
2661.00	2661.00	2661.00	2661.00	2661.00	2661.00	2661.00	2661.00	2661.00	2661.00	2661.00	2661.00	2661.00	2661.00	2661.00	2661.00	2660.50	2660.00	2660.00	2660.00	2659.50	2659.00	2659.00	2658.00	2658.00	2658.00	2657.50	2657.00	2657.00	2657.00	2656.00	2655.00	2654.50	2654.00	2654.00	2653.00	2652.50	2652.00	2652.00	2651.00	2650.50	2649.00	2648.50	2648.00	2647.00	2645.50	2645.00	2644.00	2642.50	2642.00	2641.00	2641.00	2639.50	2639.00	2638.00	2637.50	2637.00	2636.50	2636.00	2636.00	2636.00	2636.00	2636.00	2636.00	2636.50	2637.00	2638.00	2638.00	2639.00	2639.00	2640.00	2640.00	2640.50	2641.50	2642.00	2642.00	2643.00	2643.00	2643.00	2644.00	2644.00	2644.00	2644.00	2644.00	2644.00	2644.00	2644.00	2644.00	2643.00	2643.00	2642.50	2641.00	2640.50	2640.00	2639.00	2638.00	2637.50	2637.00	2636.00	2635.00	2635.00	2634.00	2634.00	2634.00	2634.00	2634.00	2634.00	2634.00	2635.00	2635.00	2636.00	2636.50	2637.00	2637.00	2637.00	2638.00	2638.00	2638.00	2638.00	2638.00	2638.00	2638.00	2638.00	2637.00	2637.00	2637.00	2637.00	2636.50	2636.00	2636.00	2635.50	2635.00	2634.00	2633.50	2633.00	2632.50	2631.50	2631.00	2630.00	2630.00	2629.50	2629.00	2628.00	2627.50	2627.00	2626.00	2625.00	2624.00	2624.00	2623.50	2623.00	2623.00	2623.00	2622.00	2622.00	2622.00	2622.00	2621.50	2621.00	2621.00	2621.00	2621.00	2621.00	2621.00	2621.00	2621.00	2620.50	2620.00	2620.00	2620.00	2620.00	2619.00	2619.00	2619.00	2618.50	2618.00	2617.00	2617.00	2616.00	2616.00	2615.00	2614.50	2614.00	2612.50	2611.50	2611.00	2610.00	2608.50	2608.00	2607.00	2606.50	2605.50	2605.00	2604.00	2604.00	2603.00	2603.00	2602.50	2602.00	2602.00	2602.00	2602.00	2601.50	2601.00	2601.00	2601.00	2601.00	2601.00	2601.00	2601.00	2601.00	2601.00	2601.50	2602.00	2602.00	2602.00	2602.00	2602.00	2602.00	2602.00	2602.50	2603.00	2603.00	2603.00	2602.00	2602.00	2602.00	2602.00	2602.00	2601.50	2601.00	2601.00	2600.00	2600.00	2599.50	2599.00	2599.00	2598.50	2598.00	2597.00	2597.00	2596.00	2596.00	2596.00	2595.50	2595.00	2595.00	2595.00	2595.00	2595.00	2595.00	2595.00	2595.00	2595.50	2596.00	2596.00
2661.00	2661.00	2661.00	2661.00	2661.00	2661.00	2661.00	2661.00	2661.00	2661.00	2661.00	2661.00	2661.00	2661.00	2661.00	2661.00	2660.50	2660.00	2660.00	2660.00	2659.50	2659.00	2659.00	2658.00	2658.00	2658.00	2657.50	2657.00	2657.00	2657.00	2656.00	2655.00	2654.50	2654.00	2654.00	2653.00	2652.50	2652.00	2652.00	2651.00	2650.50	2649.00	2648.50	2648.00	2647.00	2645.50	2645.00	2644.00	2642.50	2642.00	2641.00	2641.00	2639.50	2639.00	2638.00	2637.50	2637.00	2636.50	2636.00	2636.00	2636.00	2636.00	2636.00	2636.00	2636.50	2637.00	2638.00	2638.00	2639.00	2639.00	2640.00	2640.00	2640.50	2641.50	2642.00	2642.00	2643.00	2643.00	2643.00	2644.00	2644.00	2644.00	2644.00	2644.00	2644.00	2644.00	2644.00	2644.00	2643.00	2643.00	2642.50	2641.00	2640.50	2640.00	2639.00	2638.00	2637.50	2637.00	2636.00	2635.00	2635.00	2634.00	2634.00	2634.00	2634.00	2634.00	2634.00	2634.00	2635.00	2635.00	2636.00	2636.50	2637.00	2637.00	2637.00	2638.00	2638.00	2638.00	2638.00	2638.00	2638.00	2638.00	2638.00	2637.00	2637.00	2637.00	2637.00	2636.50	2636.00	2636.00	2635.50	2635.00	2634.00	2633.50	2633.00	2632.50	2631.50	2631.00	2630.00	2630.00	2629.50	2629.00	2628.00	2627.50	2627.00	2626.00	2625.00	2624.00	2624.00	2623.50	2623.00	2623.00	2623.00	2622.00	2622.00	2622.00	2622.00	2621.50	2621.00	2621.00	2621.00	2621.00	2621.00	2621.00	2621.00	2621.00	2620.50	2620.00	2620.00	2620.00	2620.00	2619.00	2619.00	2619.00	2618.50	2618.00	2617.00	2617.00	2616.00	2616.00	2615.00	2614.50	2614.00	2612.50	2611.50	2611.00	2610.00	2608.50	2608.00	2607.00	2606.50	2605.50	2605.00	2604.00	2604.00	2603.00	2603.00	2602.50	2602.00	2602.00	2602.00	2602.00	2601.50	2601.00	2601.00	2601.00	2601.00	2601.00	2601.00	2601.00	2601.00	2601.00	2601.50	2602.00	2602.00	2602.00	2602.00	2602.00	2602.00	2602.00	2602.50	2603.00	2603.00	2603.00	2602.00	2602.00	2602.00	2602.00	2602.00	2601.50	2601.00	2601.00	2600.00	2600.00	2599.50	2599.00	2599.00	2598.50	2598.00	2597.00	2597.00	2596.00	2596.00	2596.00	2595.50	2595.00	2595.00	2595.00	2595.00	2595.00	2595.00	2595.00	2595.00	2595.50	2596.00	2596.00
2661.00	2661.00	2661.00	2661.00	2661.00	2661.00	2661.00	2661.00	2661.00	2661.00	2661.00	2661.00	2661.00	2661.00	2661.00	2661.00	2660.50	2660.00	2660.00	2660.00	2659.50	2659.00	2659.00	2658.00	2658.00	2658.00	2657.50	2657.00	2657.00	2657.00	2656.00	2655.00	2654.50	2654.00	2654.00	2653.00	2652.50	2652.00	2652.00	2651.00	2650.50	2649.00	2648.50	2648.00	2647.00	2645.50	2645.00	2644.00	2642.50	2642.00	2641.00	2641.00	2639.50	2639.00	2638.00	2637.50	2637.00	2636.50	2636.00	2636.00	2636.00	2636.00	2636.00	2636.00	2636.50	2637.00	2638.00	2638.00	2639.00	2639.00	2640.00	2640.00	2640.50	2641.50	2642.00	2642.00	2643.00	2643.00	2643.00	2644.00	2644.00	2644.00	2644.00	2644.00	2644.00	2644.00	2644.00	2644.00	2643.00	2643.00	2642.50	2641.00	2640.50	2640.00	2639.00	2638.00	2637.50	2637.00	2636.00	2635.00	2635.00	2634.00	2634.00	2634.00	2634.00	2634.00	2634.00	2634.00	2635.00	2635.00	2636.00	2636.50	2637.00	2637.00	2637.00	2638.00	2638.00	2638.00	2638.00	2638.00	2638.00	2638.00	2638.00	2637.00	2637.00	2637.00	2637.00	2636.50	2636.00	2636.00	2635.50	2635.00	2634.00	2633.50	2633.00	2632.50	2631.50	2631.00	2630.00	2630.00	2629.50	2629.00	2628.00	2627.50	2627.00	2626.00	2625.00	2624.00	2624.00	2623.50	2623.00	2623.00	2623.00	2622.00	2622.00	2622.00	2622.00	2621.50	2621.00	2621.00	2621.00	2621.00	2621.00	2621.00	2621.00	2621.00	2620.50	2620.00	2620.00	2620.00	2620.00	2619.00	2619.00	2619.00	2618.50	2618.00	2617.00	2617.00	2616.00	2616.00	2615.00	2614.50	2614.00	2612.50	2611.50	2611.00	2610.00	2608.50	2608.00	2607.00	2606.50	2605.50	2605.00	2604.00	2604.00	2603.00	2603.00	2602.50	2602.00	2602.00	2602.00	2602.00	2601.50	2601.00	2601.00	2601.00	2601.00	2601.00	2601.00	2601.00	2601.00	2601.00	2601.50	2602.00	2602.00	2602.00	2602.00	2602.00	2602.00	2602.00	2602.50	2603.00	2603.00	2603.00	2602.00	2602.00	2602.00	2602.00	2602.00	2601.50	2601.00	2601.00	2600.00	2600.00	2599.50	2599.00	2599.00	2598.50	2598.00	2597.00	2597.00	2596.00	2596.00	2596.00	2595.50	2595.00	2595.00	2595.00	2595.00	2595.00	2595.00	2595.00	2595.00	2595.50	2596.00	2596.00
2660.50	2660.50	2660.50	2660.50	2660.50	2660.50	2660.50	2661.00	2661.00	2661.00	2661.00	2660.75	2660.50	2660.50	2660.50	2660.50	2660.25	2659.75	2659.50	2659.50	2658.75	2658.50	2658.00	2657.50	2657.50	2657.25	2656.75	2656.50	2656.00	2656.00	2655.25	2654.50	2653.75	2653.25	2653.00	2652.50	2651.75	2651.00	2650.50	2649.75	2649.25	2647.75	2647.00	2646.50	2645.50	2644.00	2643.50	2642.50	2641.25	2640.75	2640.00	2639.50	2638.50	2638.00	2637.00	2636.50	2636.00	2635.75	2635.50	2635.50	2635.50	2635.25	2635.50	2635.75	2636.25	2636.50	2637.50	2637.50	2638.50	2638.50	2639.50	2639.75	2640.25	2641.00	2641.50	2641.50	2642.00	2642.25	2642.50	2643.25	2643.50	2643.50	2643.50	2643.25	2643.00	2643.00	2643.00	2642.75	2642.00	2641.75	2641.25	2640.00	2639.25	2638.75	2638.00	2636.75	2636.25	2636.00	2635.00	2634.50	2634.00	2633.50	2633.50	2633.50	2634.00	2634.00	2634.00	2634.00	2635.00	2635.00	2636.00	2636.25	2636.75	2637.00	2637.00	2637.50	2637.50	2637.50	2637.50	2637.50	2637.50	2637.50	2637.50	2636.50	2636.50	2636.25	2636.00	2635.75	2635.25	2635.00	2634.75	2634.50	2633.50	2632.75	2632.25	2631.50	2630.50	2630.00	2629.00	2629.00	2628.25	2627.50	2626.75	2626.25	2625.50	2625.00	2624.00	2623.00	2622.75	2622.25	2621.75	2621.50	2621.50	2621.00	2621.00	2620.50	2620.50	2620.25	2620.00	2620.00	2620.00	2620.00	2620.00	2620.00	2620.00	2620.00	2619.75	2619.00	2619.00	2619.00	2619.00	2618.25	2618.00	2618.00	2617.50	2617.00	2616.50	2616.00	2615.00	2615.00	2614.00	2613.50	2613.00	2611.50	2610.75	2610.00	2609.50	2608.00	2607.50	2606.50	2606.00	2605.25	2604.50	2604.00	2604.00	2603.00	2603.00	2602.75	2602.50	2602.25	2602.00	2602.00	2601.75	2601.50	2602.00	2602.00	2602.00	2602.00	2602.00	2602.00	2602.00	2602.00	2602.25	2602.50	2602.50	2602.50	2602.50	2602.50	2602.50	2602.50	2602.75	2603.00	2603.00	2603.00	2602.00	2602.00	2602.00	2601.75	2601.50	2601.25	2600.75	2600.50	2600.00	2600.00	2599.25	2599.00	2598.50	2598.25	2597.75	2597.00	2596.50	2596.00	2595.50	2595.25	2594.75	2594.50	2594.50	2594.50	2594.50	2594.50	2594.50	2595.00	2595.00	2595.50	2596.00	2596.00
2660.00	2660.00	2660.00	2660.00	2660.00	2660.00	2660.00	2661.00	2661.00	2661.00	2661.00	2660.50	2660.00	2660.00	2660.00	2660.00	2660.00	2659.50	2659.00	2659.00	2658.00	2658.00	2657.00	2657.00	2657.00	2656.50	2656.00	2656.00	2655.00	2655.00	2654.50	2654.00	2653.00	2652.50	2652.00	2652.00	2651.00	2650.00	2649.00	2648.50	2648.00	2646.50	2645.50	2645.00	2644.00	2642.50	2642.00	2641.00	2640.00	2639.50	2639.00	2638.00	2637.50	2637.00	2636.00	2635.50	2635.00	2635.00	2635.00	2635.00	2635.00	2634.50	2635.00	2635.50	2636.00	2636.00	2637.00	2637.00	2638.00	2638.00	2639.00	2639.50	2640.00	2640.50	2641.00	2641.00	2641.00	2641.50	2642.00	2642.50	2643.00	2643.00	2643.00	2642.50	2642.00	2642.00	2642.00	2641.50	2641.00	2640.50	2640.00	2639.00	2638.00	2637.50	2637.00	2635.50	2635.00	2635.00	2634.00	2634.00	2633.00	2633.00	2633.00	2633.00	2634.00	2634.00	2634.00	2634.00	2635.00	2635.00	2636.00	2636.00	2636.50	2637.00	2637.00	2637.00	2637.00	2637.00	2637.00	2637.00	2637.00	2637.00	2637.00	2636.00	2636.00	2635.50	2635.00	2635.00	2634.50	2634.00	2634.00	2634.00	2633.00	2632.00	2631.50	2630.50	2629.50	2629.00	2628.00	2628.00	2627.00	2626.00	2625.50	2625.00	2624.00	2624.00	2623.00	2622.00	2621.50	2621.00	2620.50	2620.00	2620.00	2620.00	2620.00	2619.00	2619.00	2619.00	2619.00	2619.00	2619.00	2619.00	2619.00	2619.00	2619.00	2619.00	2619.00	2618.00	2618.00	2618.00	2618.00	2617.50	2617.00	2617.00	2616.50	2616.00	2616.00	2615.00	2614.00	2614.00	2613.00	2612.50	2612.00	2610.50	2610.00	2609.00	2609.00	2607.50	2607.00	2606.00	2605.50	2605.00	2604.00	2604.00	2604.00	2603.00	2603.00	2603.00	2603.00	2602.50	2602.00	2602.00	2602.00	2602.00	2603.00	2603.00	2603.00	2603.00	2603.00	2603.00	2603.00	2603.00	2603.00	2603.00	2603.00	2603.00	2603.00	2603.00	2603.00	2603.00	2603.00	2603.00	2603.00	2603.00	2602.00	2602.00	2602.00	2601.50	2601.00	2601.00	2600.50	2600.00	2600.00	2600.00	2599.00	2599.00	2598.00	2598.00	2597.50	2597.00	2596.00	2596.00	2595.00	2594.50	2594.00	2594.00	2594.00	2594.00	2594.00	2594.00	2594.00	2595.00	2595.00	2595.50	2596.00	2596.00
2660.00	2660.00	2660.00	2660.00	2660.00	2660.00	2660.00	2661.00	2661.00	2661.00	2661.00	2660.50	2660.00	2660.00	2660.00	2660.00	2660.00	2659.50	2659.00	2659.00	2658.00	2658.00	2657.00	2657.00	2657.00	2656.50	2656.00	2656.00	2655.00	2655.00	2654.50	2654.00	2653.00	2652.50	2652.00	2652.00	2651.00	2650.00	2649.00	2648.50	2648.00	2646.50	2645.50	2645.00	2644.00	2642.50	2642.00	2641.00	2640.00	2639.50	2639.00	2638.00	2637.50	2637.00	2636.00	2635.50	2635.00	2635.00	2635.00	2635.00	2635.00	2634.50	2635.00	2635.50	2636.00	2636.00	2637.00	2637.00	2638.00	2638.00	2639.00	2639.50	2640.00	2640.50	2641.00	2641.00	2641.00	2641.50	2642.00	2642.50	2643.00	2643.00	2643.00	2642.50	2642.00	2642.00	2642.00	2641.50	2641.00	2640.50	2640.00	2639.00	2638.00	2637.50	2637.00	2635.50	2635.00	2635.00	2634.00	2634.00	2633.00	2633.00	2633.00	2633.00	2634.00	2634.00	2634.00	2634.00	2635.00	2635.00	2636.00	2636.00	2636.50	2637.00	2637.00	2637.00	2637.00	2637.00	2637.00	2637.00	2637.00	2637.00	2637.00	2636.00	2636.00	2635.50	2635.00	2635.00	2634.50	2634.00	2634.00	2634.00	2633.00	2632.00	2631.50	2630.50	2629.50	2629.00	2628.00	2628.00	2627.00	2626.00	2625.50	2625.00	2624.00	2624.00	2623.00	2622.00	2621.50	2621.00	2620.50	2620.00	2620.00	2620.00	2620.00	2619.00	2619.00	2619.00	2619.00	2619.00	2619.00	2619.00	2619.00	2619.00	2619.00	2619.00	2619.00	2618.00	2618.00	2618.00	2618.00	2617.50	2617.00	2617.00	2616.50	2616.00	2616.00	2615.00	2614.00	2614.00	2613.00	2612.50	2612.00	2610.50	2610.00	2609.00	2609.00	2607.50	2607.00	2606.00	2605.50	2605.00	2604.00	2604.00	2604.00	2603.00	2603.00	2603.00	2603.00	2602.50	2602.00	2602.00	2602.00	2602.00	2603.00	2603.00	2603.00	2603.00	2603.00	2603.00	2603.00	2603.00	2603.00	2603.00	2603.00	2603.00	2603.00	2603.00	2603.00	2603.00	2603.00	2603.00	2603.00	2603.00	2602.00	2602.00	2602.00	2601.50	2601.00	2601.00	2600.50	2600.00	2600.00	2600.00	2599.00	2599.00	2598.00	2598.00	2597.50	2597.00	2596.00	2596.00	2595.00	2594.50	2594.00	2594.00	2594.00	2594.00	2594.00	2594.00	2594.00	2595.00	2595.00	2595.50	2596.00	2596.00
2660.00	2660.00	2660.00	2660.00	2660.00	2660.00	2660.00	2661.00	2661.00	2661.00	2661.00	2660.50	2660.00	2660.00	2660.00	2660.00	2660.00	2659.50	2659.00	2659.00	2658.00	2658.00	2657.00	2657.00	2657.00	2656.50	2656.00	2656.00	2655.00	2655.00	2654.50	2654.00	2653.00	2652.50	2652.00	2652.00	2651.00	2650.00	2649.00	2648.50	2648.00	2646.50	2645.50	2645.00	2644.00	2642.50	2642.00	2641.00	2640.00	2639.50	2639.00	2638.00	2637.50	2637.00	2636.00	2635.50	2635.00	2635.00	2635.00	2635.00	2635.00	2634.50	2635.00	2635.50	2636.00	2636.00	2637.00	2637.00	2638.00	2638.00	2639.00	2639.50	2640.00	2640.50	2641.00	2641.00	2641.00	2641.50	2642.00	2642.50	2643.00	2643.00	2643.00	2642.50	2642.00	2642.00	2642.00	2641.50	2641.00	2640.50	2640.00	2639.00	2638.00	2637.50	2637.00	2635.50	2635.00	2635.00	2634.00	2634.00	2633.00	2633.00	2633.00	2633.00	2634.00	2634.00	2634.00	2634.00	2635.00	2635.00	2636.00	2636.00	2636.50	2637.00	2637.00	2637.00	2637.00	2637.00	2637.00	2637.00	2637.00	2637.00	2637.00	2636.00	2636.00	2635.50	2635.00	2635.00	2634.50	2634.00	2634.00	2634.00	2633.00	2632.00	2631.50	2630.50	2629.50	2629.00	2628.00	2628.00	2627.00	2626.00	2625.50	2625.00	2624.00	2624.00	2623.00	2622.00	2621.50	2621.00	2620.50	2620.00	2620.00	2620.00	2620.00	2619.00	2619.00	2619.00	2619.00	2619.00	2619.00	2619.00	2619.00	2619.00	2619.00	2619.00	2619.00	2618.00	2618.00	2618.00	2618.00	2617.50	2617.00	2617.00	2616.50	2616.00	2616.00	2615.00	2614.00	2614.00	2613.00	2612.50	2612.00	2610.50	2610.00	2609.00	2609.00	2607.50	2607.00	2606.00	2605.50	2605.00	2604.00	2604.00	2604.00	2603.00	2603.00	2603.00	2603.00	2602.50	2602.00	2602.00	2602.00	2602.00	2603.00	2603.00	2603.00	2603.00	2603.00	2603.00	2603.00	2603.00	2603.00	2603.00	2603.00	2603.00	2603.00	2603.00	2603.00	2603.00	2603.00	2603.00	2603.00	2603.00	2602.00	2602.00	2602.00	2601.50	2601.00	2601.00	2600.50	2600.00	2600.00	2600.00	2599.00	2599.00	2598.00	2598.00	2597.50	2597.00	2596.00	2596.00	2595.00	2594.50	2594.00	2594.00	2594.00	2594.00	2594.00	2594.00	2594.00	2595.00	2595.00	2595.50	2596.00	2596.00
2658.00	2658.00	2658.00	2658.00	2658.00	2659.00	2659.00	2659.00	2659.00	2659.00	2659.00	2658.50	2658.00	2658.00	2658.00	2658.00	2658.00	2658.00	2658.00	2657.00	2657.00	2656.00	2656.00	2656.00	2655.50	2654.50	2654.00	2654.00	2654.00	2653.00	2652.50	2652.00	2651.50	2650.50	2650.00	2649.00	2648.50	2647.00	2647.00	2646.00	2645.50	2644.00	2643.50	2642.50	2641.00	2640.50	2639.50	2639.00	2638.00	2637.50	2637.00	2636.00	2635.50	2635.00	2635.00	2634.50	2634.00	2634.00	2634.00	2634.00	2634.00	2634.50	2635.00	2635.00	2635.50	2636.00	2636.00	2637.00	2637.00	2638.00	2638.50	2639.00	2639.50	2640.00	2640.00	2640.00	2640.00	2641.00	2641.00	2641.00	2641.00	2641.00	2641.00	2641.00	2641.00	2640.00	2640.00	2639.50	2638.50	2638.00	2637.50	2637.00	2635.50	2635.00	2635.00	2634.00	2634.00	2633.00	2633.00	2633.00	2633.00	2633.00	2633.00	2633.00	2634.00	2634.00	2635.00	2635.00	2635.00	2635.50	2636.00	2636.00	2636.50	2637.00	2637.00	2637.00	2636.00	2636.00	2636.00	2636.00	2636.00	2635.50	2635.00	2635.00	2634.50	2634.00	2633.50	2633.00	2633.00	2632.00	2631.50	2631.00	2631.00	2629.50	2629.00	2628.50	2627.50	2626.50	2626.00	2625.00	2624.00	2623.00	2622.50	2622.00	2621.00	2621.00	2620.00	2619.00	2619.00	2619.00	2618.50	2618.00	2618.00	2618.00	2618.00	2617.00	2617.00	2617.00	2617.00	2617.50	2618.00	2618.00	2618.00	2617.00	2617.00	2617.00	2617.00	2616.50	2616.00	2616.00	2616.00	2615.50	2615.00	2615.00	2615.00	2614.50	2614.00	2613.00	2613.00	2612.00	2611.50	2611.00	2610.50	2609.50	2609.00	2609.00	2608.00	2607.50	2607.00	2606.00	2605.50	2605.00	2605.00	2604.00	2604.00	2604.00	2604.00	2604.00	2604.00	2604.00	2604.00	2604.00	2604.00	2604.00	2604.00	2604.00	2604.00	2604.00	2604.00	2604.00	2604.00	2604.00	2604.00	2604.00	2604.00	2603.50	2603.00	2603.00	2603.00	2603.00	2603.00	2603.00	2603.00	2602.00	2602.00	2601.00	2601.00	2601.00	2600.50	2600.00	2599.50	2599.00	2599.00	2598.00	2598.00	2597.50	2597.00	2597.00	2596.50	2596.00	2595.50	2595.00	2595.00	2594.50	2594.00	2594.00	2594.00	2594.00	2594.00	2595.00	2595.00	2595.00	2595.50	2596.00	2596.00	2597.00
2658.00	2658.00	2658.00	2658.00	2658.00	2659.00	2659.00	2659.00	2659.00	2659.00	2659.00	2658.50	2658.00	2658.00	2658.00	2658.00	2658.00	2658.00	2658.00	2657.00	2657.00	2656.00	2656.00	2656.00	2655.50	2654.50	2654.00	2654.00	2654.00	2653.00	2652.50	2652.00	2651.50	2650.50	2650.00	2649.00	2648.50	2647.00	2647.00	2646.00	2645.50	2644.00	2643.50	2642.50	2641.00	2640.50	2639.50	2639.00	2638.00	2637.50	2637.00	2636.00	2635.50	2635.00	2635.00	2634.50	2634.00	2634.00	2634.00	2634.00	2634.00	2634.50	2635.00	2635.00	2635.50	2636.00	2636.00	2637.00	2637.00	2638.00	2638.50	2639.00	2639.50	2640.00	2640.00	2640.00	2640.00	2641.00	2641.00	2641.00	2641.00	2641.00	2641.00	2641.00	2641.00	2640.00	2640.00	2639.50	2638.50	2638.00	2637.50	2637.00	2635.50	2635.00	2635.00	2634.00	2634.00	2633.00	2633.00	2633.00	2633.00	2633.00	2633.00	2633.00	2634.00	2634.00	2635.00	2635.00	2635.00	2635.50	2636.00	2636.00	2636.50	2637.00	2637.00	2637.00	2636.00	2636.00	2636.00	2636.00	2636.00	2635.50	2635.00	2635.00	2634.50	2634.00	2633.50	2633.00	2633.00	2632.00	2631.50	2631.00	2631.00	2629.50	2629.00	2628.50	2627.50	2626.50	2626.00	2625.00	2624.00	2623.00	2622.50	2622.00	2621.00	2621.00	2620.00	2619.00	2619.00	2619.00	2618.50	2618.00	2618.00	2618.00	2618.00	2617.00	2617.00	2617.00	2617.00	2617.50	2618.00	2618.00	2618.00	2617.00	2617.00	2617.00	2617.00	2616.50	2616.00	2616.00	2616.00	2615.50	2615.00	2615.00	2615.00	2614.50	2614.00	2613.00	2613.00	2612.00	2611.50	2611.00	2610.50	2609.50	2609.00	2609.00	2608.00	2607.50	2607.00	2606.00	2605.50	2605.00	2605.00	2604.00	2604.00	2604.00	2604.00	2604.00	2604.00	2604.00	2604.00	2604.00	2604.00	2604.00	2604.00	2604.00	2604.00	2604.00	2604.00	2604.00	2604.00	2604.00	2604.00	2604.00	2604.00	2603.50	2603.00	2603.00	2603.00	2603.00	2603.00	2603.00	2603.00	2602.00	2602.00	2601.00	2601.00	2601.00	2600.50	2600.00	2599.50	2599.00	2599.00	2598.00	2598.00	2597.50	2597.00	2597.00	2596.50	2596.00	2595.50	2595.00	2595.00	2594.50	2594.00	2594.00	2594.00	2594.00	2594.00	2595.00	2595.00	2595.00	2595.50	2596.00	2596.00	2597.00
2658.00	2658.00	2658.00	2658.00	2658.00	2659.00	2659.00	2659.00	2659.00	2659.00	2659.00	2658.50	2658.00	2658.00	2658.00	2658.00	2658.00	2658.00	2658.00	2657.00	2657.00	2656.00	2656.00	2656.00	2655.50	2654.50	2654.00	2654.00	2654.00	2653.00	2652.50	2652.00	2651.50	2650.50	2650.00	2649.00	2648.50	2647.00	2647.00	2646.00	2645.50	2644.00	2643.50	2642.50	2641.00	2640.50	2639.50	2639.00	2638.00	2637.50	2637.00	2636.00	2635.50	2635.00	2635.00	2634.50	2634.00	2634.00	2634.00	2634.00	2634.00	2634.50	2635.00	2635.00	2635.50	2636.00	2636.00	2637.00	2637.00	2638.00	2638.50	2639.00	2639.50	2640.00	2640.00	2640.00	2640.00	2641.00	2641.00	2641.00	2641.00	2641.00	2641.00	2641.00	2641.00	2640.00	2640.00	2639.50	2638.50	2638.00	2637.50	2637.00	2635.50	2635.00	2635.00	2634.00	2634.00	2633.00	2633.00	2633.00	2633.00	2633.00	2633.00	2633.00	2634.00	2634.00	2635.00	2635.00	2635.00	2635.50	2636.00	2636.00	2636.50	2637.00	2637.00	2637.00	2636.00	2636.00	2636.00	2636.00	2636.00	2635.50	2635.00	2635.00	2634.50	2634.00	2633.50	2633.00	2633.00	2632.00	2631.50	2631.00	2631.00	2629.50	2629.00	2628.50	2627.50	2626.50	2626.00	2625.00	2624.00	2623.00	2622.50	2622.00	2621.00	2621.00	2620.00	2619.00	2619.00	2619.00	2618.50	2618.00	2618.00	2618.00	2618.00	2617.00	2617.00	2617.00	2617.00	2617.50	2618.00	2618.00	2618.00	2617.00	2617.00	2617.00	2617.00	2616.50	2616.00	2616.00	2616.00	2615.50	2615.00	2615.00	2615.00	2614.50	2614.00	2613.00	2613.00	2612.00	2611.50	2611.00	2610.50	2609.50	2609.00	2609.00	2608.00	2607.50	2607.00	2606.00	2605.50	2605.00	2605.00	2604.00	2604.00	2604.00	2604.00	2604.00	2604.00	2604.00	2604.00	2604.00	2604.00	2604.00	2604.00	2604.00	2604.00	2604.00	2604.00	2604.00	2604.00	2604.00	2604.00	2604.00	2604.00	2603.50	2603.00	2603.00	2603.00	2603.00	2603.00	2603.00	2603.00	2602.00	2602.00	2601.00	2601.00	2601.00	2600.50	2600.00	2599.50	2599.00	2599.00	2598.00	2598.00	2597.50	2597.00	2597.00	2596.50	2596.00	2595.50	2595.00	2595.00	2594.50	2594.00	2594.00	2594.00	2594.00	2594.00	2595.00	2595.00	2595.00	2595.50	2596.00	2596.00	2597.00
2656.50	2657.00	2657.00	2657.00	2657.00	2658.00	2658.00	2658.00	2658.00	2658.00	2658.00	2657.75	2657.00	2657.00	2657.00	2657.00	2657.00	2656.75	2656.50	2656.00	2655.75	2655.00	2655.00	2654.50	2654.25	2653.50	2653.00	2653.00	2652.50	2652.00	2651.50	2651.00	2650.25	2649.50	2648.75	2648.00	2647.25	2646.00	2645.50	2644.75	2644.25	2642.75	2642.25	2641.50	2640.50	2639.50	2638.75	2638.00	2637.00	2636.50	2636.00	2635.50	2634.75	2634.50	2634.25	2633.75	2633.50	2634.00	2634.00	2634.00	2634.00	2634.50	2635.00	2635.25	2635.75	2636.00	2636.00	2637.00	2637.50	2638.00	2638.75	2639.00	2639.25	2639.50	2639.50	2640.00	2640.00	2640.50	2640.50	2640.50	2640.50	2640.50	2640.50	2640.50	2640.00	2639.50	2639.25	2638.75	2637.75	2637.25	2636.75	2636.00	2635.00	2634.50	2634.00	2633.50	2633.50	2633.00	2633.00	2633.00	2633.00	2633.25	2633.50	2633.50	2634.50	2634.50	2635.00	2635.00	2635.50	2635.75	2636.00	2636.00	2636.25	2636.50	2636.50	2636.50	2636.00	2635.75	2635.50	2635.50	2635.50	2635.00	2634.50	2634.50	2634.00	2633.50	2632.75	2632.25	2632.00	2631.50	2630.75	2630.00	2629.50	2628.50	2627.75	2627.00	2626.00	2625.25	2624.50	2623.50	2622.50	2621.50	2621.00	2620.50	2619.50	2619.50	2618.50	2618.00	2617.75	2617.50	2617.25	2617.00	2617.00	2617.00	2617.00	2616.00	2616.00	2616.00	2616.00	2616.50	2617.00	2617.00	2617.00	2616.00	2616.00	2616.00	2616.00	2615.75	2615.50	2615.50	2615.50	2615.00	2614.50	2614.25	2614.00	2613.75	2613.00	2612.50	2612.00	2611.50	2611.25	2610.75	2610.25	2609.25	2608.75	2608.50	2608.00	2607.25	2606.50	2606.00	2605.50	2605.00	2605.00	2604.50	2604.50	2604.50	2604.50	2604.50	2604.50	2604.50	2604.50	2604.50	2604.50	2604.50	2604.50	2604.50	2604.50	2604.50	2604.50	2604.50	2604.50	2604.25	2604.00	2604.00	2604.00	2603.75	2603.50	2603.00	2603.00	2603.00	2602.75	2602.50	2602.50	2601.50	2601.50	2600.50	2600.50	2600.25	2599.75	2599.50	2598.75	2598.50	2598.50	2597.50	2597.25	2596.75	2596.25	2596.00	2595.75	2595.50	2594.75	2594.50	2594.50	2594.25	2594.00	2594.00	2594.00	2594.00	2594.00	2595.00	2595.25	2595.50	2596.25	2596.50	2597.00	2597.50
2655.00	2656.00	2656.00	2656.00	2656.00	2657.00	2657.00	2657.00	2657.00	2657.00	2657.00	2657.00	2656.00	2656.00	2656.00	2656.00	2656.00	2655.50	2655.00	2655.00	2654.50	2654.00	2654.00	2653.00	2653.00	2652.50	2652.00	2652.00	2651.00	2651.00	2650.50	2650.00	2649.00	2648.50	2647.50	2647.00	2646.00	2645.00	2644.00	2643.50	2643.00	2641.50	2641.00	2640.50	2640.00	2638.50	2638.00	2637.00	2636.00	2635.50	2635.00	2635.00	2634.00	2634.00	2633.50	2633.00	2633.00	2634.00	2634.00	2634.00	2634.00	2634.50	2635.00	2635.50	2636.00	2636.00	2636.00	2637.00	2638.00	2638.00	2639.00	2639.00	2639.00	2639.00	2639.00	2640.00	2640.00	2640.00	2640.00	2640.00	2640.00	2640.00	2640.00	2640.00	2639.00	2639.00	2638.50	2638.00	2637.00	2636.50	2636.00	2635.00	2634.50	2634.00	2633.00	2633.00	2633.00	2633.00	2633.00	2633.00	2633.00	2633.50	2634.00	2634.00	2635.00	2635.00	2635.00	2635.00	2636.00	2636.00	2636.00	2636.00	2636.00	2636.00	2636.00	2636.00	2636.00	2635.50	2635.00	2635.00	2635.00	2634.50	2634.00	2634.00	2633.50	2633.00	2632.00	2631.50	2631.00	2631.00	2630.00	2629.00	2628.00	2627.50	2626.50	2625.50	2624.50	2624.00	2623.00	2622.00	2621.00	2620.00	2619.50	2619.00	2618.00	2618.00	2617.00	2617.00	2616.50	2616.00	2616.00	2616.00	2616.00	2616.00	2616.00	2615.00	2615.00	2615.00	2615.00	2615.50	2616.00	2616.00	2616.00	2615.00	2615.00	2615.00	2615.00	2615.00	2615.00	2615.00	2615.00	2614.50	2614.00	2613.50	2613.00	2613.00	2612.00	2612.00	2611.00	2611.00	2611.00	2610.50	2610.00	2609.00	2608.50	2608.00	2608.00	2607.00	2606.00	2606.00	2605.50	2605.00	2605.00	2605.00	2605.00	2605.00	2605.00	2605.00	2605.00	2605.00	2605.00	2605.00	2605.00	2605.00	2605.00	2605.00	2605.00	2605.00	2605.00	2605.00	2605.00	2604.50	2604.00	2604.00	2604.00	2604.00	2604.00	2603.00	2603.00	2603.00	2602.50	2602.00	2602.00	2601.00	2601.00	2600.00	2600.00	2599.50	2599.00	2599.00	2598.00	2598.00	2598.00	2597.00	2596.50	2596.00	2595.50	2595.00	2595.00	2595.00	2594.00	2594.00	2594.00	2594.00	2594.00	2594.00	2594.00	2594.00	2594.00	2595.00	2595.50	2596.00	2597.00	2597.00	2598.00	2598.00
2655.00	2656.00	2656.00	2656.00	2656.00	2657.00	2657.00	2657.00	2657.00	2657.00	2657.00	2657.00	2656.00	2656.00	2656.00	2656.00	2656.00	2655.50	2655.00	2655.00	2654.50	2654.00	2654.00	2653.00	2653.00	2652.50	2652.00	2652.00	2651.00	2651.00	2650.50	2650.00	2649.00	2648.50	2647.50	2647.00	2646.00	2645.00	2644.00	2643.50	2643.00	2641.50	2641.00	2640.50	2640.00	2638.50	2638.00	2637.00	2636.00	2635.50	2635.00	2635.00	2634.00	2634.00	2633.50	2633.00	2633.00	2634.00	2634.00	2634.00	2634.00	2634.50	2635.00	2635.50	2636.00	2636.00	2636.00	2637.00	2638.00	2638.00	2639.00	2639.00	2639.00	2639.00	2639.00	2640.00	2640.00	2640.00	2640.00	2640.00	2640.00	2640.00	2640.00	2640.00	2639.00	2639.00	2638.50	2638.00	2637.00	2636.50	2636.00	2635.00	2634.50	2634.00	2633.00	2633.00	2633.00	2633.00	2633.00	2633.00	2633.00	2633.50	2634.00	2634.00	2635.00	2635.00	2635.00	2635.00	2636.00	2636.00	2636.00	2636.00	2636.00	2636.00	2636.00	2636.00	2636.00	2635.50	2635.00	2635.00	2635.00	2634.50	2634.00	2634.00	2633.50	2633.00	2632.00	2631.50	2631.00	2631.00	2630.00	2629.00	2628.00	2627.50	2626.50	2625.50	2624.50	2624.00	2623.00	2622.00	2621.00	2620.00	2619.50	2619.00	2618.00	2618.00	2617.00	2617.00	2616.50	2616.00	2616.00	2616.00	2616.00	2616.00	2616.00	2615.00	2615.00	2615.00	2615.00	2615.50	2616.00	2616.00	2616.00	2615.00	2615.00	2615.00	2615.00	2615.00	2615.00	2615.00	2615.00	2614.50	2614.00	2613.50	2613.00	2613.00	2612.00	2612.00	2611.00	2611.00	2611.00	2610.50	2610.00	2609.00	2608.50	2608.00	2608.00	2607.00	2606.00	2606.00	2605.50	2605.00	2605.00	2605.00	2605.00	2605.00	2605.00	2605.00	2605.00	2605.00	2605.00	2605.00	2605.00	2605.00	2605.00	2605.00	2605.00	2605.00	2605.00	2605.00	2605.00	2604.50	2604.00	2604.00	2604.00	2604.00	2604.00	2603.00	2603.00	2603.00	2602.50	2602.00	2602.00	2601.00	2601.00	2600.00	2600.00	2599.50	2599.00	2599.00	2598.00	2598.00	2598.00	2597.00	2596.50	2596.00	2595.50	2595.00	2595.00	2595.00	2594.00	2594.00	2594.00	2594.00	2594.00	2594.00	2594.00	2594.00	2594.00	2595.00	2595.50	2596.00	2597.00	2597.00	2598.00	2598.00
2654.00	2654.75	2655.00	2655.00	2655.00	2655.50	2655.50	2656.00	2656.00	2656.00	2656.00	2656.00	2655.50	2655.00	2655.00	2655.00	2655.00	2654.50	2654.00	2654.00	2653.50	2653.00	2653.00	2652.00	2652.00	2651.50	2651.00	2651.00	2650.00	2650.00	2649.25	2648.50	2647.75	2647.25	2646.75	2646.00	2645.25	2644.00	2643.50	2642.50	2641.75	2640.50	2640.00	2639.50	2639.00	2637.75	2637.25	2636.50	2635.75	2635.25	2635.00	2634.50	2634.00	2634.00	2633.75	2633.50	2633.50	2634.00	2634.00	2634.50	2634.50	2634.75	2635.25	2635.75	2636.25	2636.50	2636.50	2637.00	2638.00	2638.00	2639.00	2639.00	2639.00	2639.00	2639.00	2640.00	2640.00	2640.00	2640.00	2639.75	2639.50	2639.50	2639.50	2639.50	2638.50	2638.50	2638.00	2637.50	2636.75	2636.25	2635.75	2635.00	2634.25	2634.00	2633.50	2633.50	2633.50	2633.50	2633.50	2633.50	2634.00	2634.25	2634.50	2634.50	2635.25	2635.50	2635.50	2635.50	2636.00	2636.00	2636.00	2636.00	2636.00	2636.00	2636.00	2635.50	2635.50	2635.25	2635.00	2634.75	2634.50	2634.00	2633.50	2633.50	2632.75	2632.25	2631.25	2630.75	2630.25	2629.50	2628.75	2628.00	2627.00	2626.00	2625.25	2624.25	2623.00	2622.50	2621.50	2620.50	2619.50	2618.50	2618.00	2617.50	2617.00	2616.50	2616.00	2615.50	2615.25	2615.00	2615.00	2615.00	2615.00	2615.00	2615.00	2614.50	2614.50	2614.50	2614.50	2614.75	2615.00	2615.00	2615.00	2614.50	2614.50	2614.50	2614.50	2614.50	2614.50	2614.50	2614.00	2613.75	2613.50	2612.75	2612.50	2612.50	2611.50	2611.50	2610.50	2610.50	2610.25	2609.75	2609.50	2608.75	2608.25	2608.00	2607.50	2606.75	2606.00	2606.00	2605.50	2605.00	2605.00	2605.00	2605.00	2605.00	2605.00	2605.00	2605.00	2605.00	2605.00	2605.00	2605.00	2605.00	2605.00	2605.00	2605.00	2605.00	2605.00	2605.00	2605.00	2604.50	2604.00	2604.00	2604.00	2604.00	2604.00	2603.00	2603.00	2602.75	2602.25	2602.00	2601.75	2601.00	2600.50	2599.50	2599.50	2599.00	2598.50	2598.50	2597.50	2597.50	2597.00	2596.50	2595.75	2595.25	2594.75	2594.50	2594.25	2594.00	2593.50	2593.50	2593.50	2593.75	2594.00	2594.00	2594.25	2594.50	2595.00	2595.75	2596.25	2596.50	2597.50	2597.75	2598.50	2599.00
2653.00	2653.50	2654.00	2654.00	2654.00	2654.00	2654.00	2655.00	2655.00	2655.00	2655.00	2655.00	2655.00	2654.00	2654.00	2654.00	2654.00	2653.50	2653.00	2653.00	2652.50	2652.00	2652.00	2651.00	2651.00	2650.50	2650.00	2650.00	2649.00	2649.00	2648.00	2647.00	2646.50	2646.00	2646.00	2645.00	2644.50	2643.00	2643.00	2641.50	2640.50	2639.50	2639.00	2638.50	2638.00	2637.00	2636.50	2636.00	2635.50	2635.00	2635.00	2634.00	2634.00	2634.00	2634.00	2634.00	2634.00	2634.00	2634.00	2635.00	2635.00	2635.00	2635.50	2636.00	2636.50	2637.00	2637.00	2637.00	2638.00	2638.00	2639.00	2639.00	2639.00	2639.00	2639.00	2640.00	2640.00	2640.00	2640.00	2639.50	2639.00	2639.00	2639.00	2639.00	2638.00	2638.00	2637.50	2637.00	2636.50	2636.00	2635.50	2635.00	2634.00	2634.00	2634.00	2634.00	2634.00	2634.00	2634.00	2634.00	2635.00	2635.00	2635.00	2635.00	2635.50	2636.00	2636.00	2636.00	2636.00	2636.00	2636.00	2636.00	2636.00	2636.00	2636.00	2635.00	2635.00	2635.00	2635.00	2634.50	2634.00	2633.50	2633.00	2633.00	2632.00	2631.50	2630.50	2630.00	2629.50	2628.00	2627.50	2627.00	2626.00	2624.50	2624.00	2623.00	2621.50	2621.00	2620.00	2619.00	2618.00	2617.00	2616.50	2616.00	2616.00	2615.00	2615.00	2614.00	2614.00	2614.00	2614.00	2614.00	2614.00	2614.00	2614.00	2614.00	2614.00	2614.00	2614.00	2614.00	2614.00	2614.00	2614.00	2614.00	2614.00	2614.00	2614.00	2614.00	2614.00	2614.00	2613.00	2613.00	2613.00	2612.00	2612.00	2612.00	2611.00	2611.00	2610.00	2610.00	2609.50	2609.00	2609.00	2608.50	2608.00	2608.00	2607.00	2606.50	2606.00	2606.00	2605.50	2605.00	2605.00	2605.00	2605.00	2605.00	2605.00	2605.00	2605.00	2605.00	2605.00	2605.00	2605.00	2605.00	2605.00	2605.00	2605.00	2605.00	2605.00	2605.00	2605.00	2604.50	2604.00	2604.00	2604.00	2604.00	2604.00	2603.00	2603.00	2602.50	2602.00	2602.00	2601.50	2601.00	2600.00	2599.00	2599.00	2598.50	2598.00	2598.00	2597.00	2597.00	2596.00	2596.00	2595.00	2594.50	2594.00	2594.00	2593.50	2593.00	2593.00	2593.00	2593.00	2593.50	2594.00	2594.00	2594.50	2595.00	2596.00	2596.50	2597.00	2597.00	2598.00	2598.50	2599.00	2600.00
2653.00	2653.50	2654.00	2654.00	2654.00	2654.00	2654.00	2655.00	2655.00	2655.00	2655.00	2655.00	2655.00	2654.00	2654.00	2654.00	2654.00	2653.50	2653.00	2653.00	2652.50	2652.00	2652.00	2651.00	2651.00	2650.50	2650.00	2650.00	2649.00	2649.00	2648.00	2647.00	2646.50	2646.00	2646.00	2645.00	2644.50	2643.00	2643.00	2641.50	2640.50	2639.50	2639.00	2638.50	2638.00	2637.00	2636.50	2636.00	2635.50	2635.00	2635.00	2634.00	2634.00	2634.00	2634.00	2634.00	2634.00	2634.00	2634.00	2635.00	2635.00	2635.00	2635.50	2636.00	2636.50	2637.00	2637.00	2637.00	2638.00	2638.00	2639.00	2639.00	2639.00	2639.00	2639.00	2640.00	2640.00	2640.00	2640.00	2639.50	2639.00	2639.00	2639.00	2639.00	2638.00	2638.00	2637.50	2637.00	2636.50	2636.00	2635.50	2635.00	2634.00	2634.00	2634.00	2634.00	2634.00	2634.00	2634.00	2634.00	2635.00	2635.00	2635.00	2635.00	2635.50	2636.00	2636.00	2636.00	2636.00	2636.00	2636.00	2636.00	2636.00	2636.00	2636.00	2635.00	2635.00	2635.00	2635.00	2634.50	2634.00	2633.50	2633.00	2633.00	2632.00	2631.50	2630.50	2630.00	2629.50	2628.00	2627.50	2627.00	2626.00	2624.50	2624.00	2623.00	2621.50	2621.00	2620.00	2619.00	2618.00	2617.00	2616.50	2616.00	2616.00	2615.00	2615.00	2614.00	2614.00	2614.00	2614.00	2614.00	2614.00	2614.00	2614.00	2614.00	2614.00	2614.00	2614.00	2614.00	2614.00	2614.00	2614.00	2614.00	2614.00	2614.00	2614.00	2614.00	2614.00	2614.00	2613.00	2613.00	2613.00	2612.00	2612.00	2612.00	2611.00	2611.00	2610.00	2610.00	2609.50	2609.00	2609.00	2608.50	2608.00	2608.00	2607.00	2606.50	2606.00	2606.00	2605.50	2605.00	2605.00	2605.00	2605.00	2605.00	2605.00	2605.00	2605.00	2605.00	2605.00	2605.00	2605.00	2605.00	2605.00	2605.00	2605.00	2605.00	2605.00	2605.00	2605.00	2604.50	2604.00	2604.00	2604.00	2604.00	2604.00	2603.00	2603.00	2602.50	2602.00	2602.00	2601.50	2601.00	2600.00	2599.00	2599.00	2598.50	2598.00	2598.00	2597.00	2597.00	2596.00	2596.00	2595.00	2594.50	2594.00	2594.00	2593.50	2593.00	2593.00	2593.00	2593.00	2593.50	2594.00	2594.00	2594.50	2595.00	2596.00	2596.50	2597.00	2597.00	2598.00	2598.50	2599.00	2600.00
2653.00	2653.50	2654.00	2654.00	2654.00	2654.00	2654.00	2655.00	2655.00	2655.00	2655.00	2655.00	2655.00	2654.00	2654.00	2654.00	2654.00	2653.50	2653.00	2653.00	2652.50	2652.00	2652.00	2651.00	2651.00	2650.50	2650.00	2650.00	2649.00	2649.00	2648.00	2647.00	2646.50	2646.00	2646.00	2645.00	2644.50	2643.00	2643.00	2641.50	2640.50	2639.50	2639.00	2638.50	2638.00	2637.00	2636.50	2636.00	2635.50	2635.00	2635.00	2634.00	2634.00	2634.00	2634.00	2634.00	2634.00	2634.00	2634.00	2635.00	2635.00	2635.00	2635.50	2636.00	2636.50	2637.00	2637.00	2637.00	2638.00	2638.00	2639.00	2639.00	2639.00	2639.00	2639.00	2640.00	2640.00	2640.00	2640.00	2639.50	2639.00	2639.00	2639.00	2639.00	2638.00	2638.00	2637.50	2637.00	2636.50	2636.00	2635.50	2635.00	2634.00	2634.00	2634.00	2634.00	2634.00	2634.00	2634.00	2634.00	2635.00	2635.00	2635.00	2635.00	2635.50	2636.00	2636.00	2636.00	2636.00	2636.00	2636.00	2636.00	2636.00	2636.00	2636.00	2635.00	2635.00	2635.00	2635.00	2634.50	2634.00	2633.50	2633.00	2633.00	2632.00	2631.50	2630.50	2630.00	2629.50	2628.00	2627.50	2627.00	2626.00	2624.50	2624.00	2623.00	2621.50	2621.00	2620.00	2619.00	2618.00	2617.00	2616.50	2616.00	2616.00	2615.00	2615.00	2614.00	2614.00	2614.00	2614.00	2614.00	2614.00	2614.00	2614.00	2614.00	2614.00	2614.00	2614.00	2614.00	2614.00	2614.00	2614.00	2614.00	2614.00	2614.00	2614.00	2614.00	2614.00	2614.00	2613.00	2613.00	2613.00	2612.00	2612.00	2612.00	2611.00	2611.00	2610.00	2610.00	2609.50	2609.00	2609.00	2608.50	2608.00	2608.00	2607.00	2606.50	2606.00	2606.00	2605.50	2605.00	2605.00	2605.00	2605.00	2605.00	2605.00	2605.00	2605.00	2605.00	2605.00	2605.00	2605.00	2605.00	2605.00	2605.00	2605.00	2605.00	2605.00	2605.00	2605.00	2604.50	2604.00	2604.00	2604.00	2604.00	2604.00	2603.00	2603.00	2602.50	2602.00	2602.00	2601.50	2601.00	2600.00	2599.00	2599.00	2598.50	2598.00	2598.00	2597.00	2597.00	2596.00	2596.00	2595.00	2594.50	2594.00	2594.00	2593.50	2593.00	2593.00	2593.00	2593.00	2593.50	2594.00	2594.00	2594.50	2595.00	2596.00	2596.50	2597.00	2597.00	2598.00	2598.50	2599.00	2600.00
2652.00	2652.50	2653.00	2653.00	2653.00	2653.50	2653.50	2654.00	2654.00	2654.00	2654.00	2654.00	2654.00	2653.50	2653.50	2653.00	2653.00	2652.50	2652.00	2652.00	2651.75	2651.50	2651.50	2650.50	2650.50	2650.00	2649.50	2649.50	2648.50	2648.50	2647.50	2646.50	2645.75	2645.25	2645.00	2644.00	2643.50	2642.00	2642.00	2640.75	2640.00	2638.75	2638.25	2637.75	2637.00	2636.50	2636.00	2635.50	2635.00	2634.50	2634.50	2634.00	2634.00	2634.00	2634.00	2634.00	2634.00	2634.50	2634.50	2635.00	2635.00	2635.50	2635.75	2636.50	2636.75	2637.00	2637.00	2637.50	2638.00	2638.00	2638.75	2639.00	2639.00	2639.00	2639.00	2639.50	2639.50	2639.50	2639.50	2639.25	2639.00	2639.00	2638.50	2638.50	2638.00	2638.00	2637.50	2637.00	2636.50	2636.00	2635.75	2635.50	2634.50	2634.50	2634.00	2634.00	2634.25	2634.50	2634.50	2634.50	2635.00	2635.25	2635.50	2635.50	2635.75	2636.00	2636.00	2636.00	2636.00	2636.00	2636.00	2635.75	2635.50	2635.50	2635.50	2635.00	2635.00	2634.50	2634.50	2634.25	2633.75	2633.25	2632.50	2632.50	2631.50	2631.00	2629.75	2629.25	2628.50	2627.00	2626.25	2625.50	2624.50	2623.00	2622.50	2621.50	2620.00	2619.50	2618.50	2617.50	2616.75	2616.00	2615.25	2614.75	2614.50	2614.00	2614.00	2613.50	2613.50	2613.50	2613.50	2613.50	2613.50	2613.50	2613.50	2613.50	2613.50	2613.50	2613.50	2613.50	2613.50	2613.50	2613.50	2613.50	2613.50	2613.50	2613.50	2613.00	2613.00	2613.00	2612.50	2612.50	2612.50	2611.50	2611.50	2611.50	2611.00	2610.50	2610.00	2610.00	2609.25	2609.00	2608.75	2608.25	2608.00	2607.50	2607.00	2606.75	2606.00	2606.00	2605.75	2605.50	2605.50	2605.50	2605.50	2605.50	2605.50	2605.50	2605.50	2605.50	2605.50	2605.50	2605.50	2605.50	2605.50	2605.50	2605.25	2605.00	2605.00	2605.00	2605.00	2604.25	2604.00	2604.00	2604.00	2603.75	2603.50	2603.00	2602.50	2602.00	2601.50	2601.50	2601.00	2600.50	2599.50	2598.50	2598.50	2597.75	2597.50	2597.50	2596.50	2596.25	2595.50	2595.50	2594.50	2594.25	2594.00	2594.00	2593.75	2593.50	2593.50	2593.50	2593.50	2593.75	2594.25	2594.50	2595.00	2595.50	2596.00	2597.00	2597.50	2597.50	2598.50	2599.00	2599.50	2600.50
2651.00	2651.50	2652.00	2652.00	2652.00	2653.00	2653.00	2653.00	2653.00	2653.00	2653.00	2653.00	2653.00	2653.00	2653.00	2652.00	2652.00	2651.50	2651.00	2651.00	2651.00	2651.00	2651.00	2650.00	2650.00	2649.50	2649.00	2649.00	2648.00	2648.00	2647.00	2646.00	2645.00	2644.50	2644.00	2643.00	2642.50	2641.00	2641.00	2640.00	2639.50	2638.00	2637.50	2637.00	2636.00	2636.00	2635.50	2635.00	2634.50	2634.00	2634.00	2634.00	2634.00	2634.00	2634.00	2634.00	2634.00	2635.00	2635.00	2635.00	2635.00	2636.00	2636.00	2637.00	2637.00	2637.00	2637.00	2638.00	2638.00	2638.00	2638.50	2639.00	2639.00	2639.00	2639.00	2639.00	2639.00	2639.00	2639.00	2639.00	2639.00	2639.00	2638.00	2638.00	2638.00	2638.00	2637.50	2637.00	2636.50	2636.00	2636.00	2636.00	2635.00	2635.00	2634.00	2634.00	2634.50	2635.00	2635.00	2635.00	2635.00	2635.50	2636.00	2636.00	2636.00	2636.00	2636.00	2636.00	2636.00	2636.00	2636.00	2635.50	2635.00	2635.00	2635.00	2635.00	2635.00	2634.00	2634.00	2634.00	2633.50	2633.00	2632.00	2632.00	2631.00	2630.50	2629.00	2628.50	2627.50	2626.00	2625.00	2624.00	2623.00	2621.50	2621.00	2620.00	2618.50	2618.00	2617.00	2616.00	2615.50	2615.00	2614.00	2613.50	2613.00	2613.00	2613.00	2613.00	2613.00	2613.00	2613.00	2613.00	2613.00	2613.00	2613.00	2613.00	2613.00	2613.00	2613.00	2613.00	2613.00	2613.00	2613.00	2613.00	2613.00	2613.00	2613.00	2612.00	2612.00	2612.00	2612.00	2612.00	2612.00	2611.00	2611.00	2611.00	2611.00	2610.00	2610.00	2610.00	2609.00	2609.00	2608.50	2608.00	2608.00	2607.00	2607.00	2607.00	2606.00	2606.00	2606.00	2606.00	2606.00	2606.00	2606.00	2606.00	2606.00	2606.00	2606.00	2606.00	2606.00	2606.00	2606.00	2606.00	2606.00	2606.00	2605.50	2605.00	2605.00	2605.00	2605.00	2604.00	2604.00	2604.00	2604.00	2603.50	2603.00	2603.00	2602.00	2601.50	2601.00	2601.00	2600.50	2600.00	2599.00	2598.00	2598.00	2597.00	2597.00	2597.00	2596.00	2595.50	2595.00	2595.00	2594.00	2594.00	2594.00	2594.00	2594.00	2594.00	2594.00	2594.00	2594.00	2594.00	2594.50	2595.00	2595.50	2596.00	2596.00	2597.50	2598.00	2598.00	2599.00	2599.50	2600.00	2601.00
2651.00	2651.50	2652.00	2652.00	2652.00	2653.00	2653.00	2653.00	2653.00	2653.00	2653.00	2653.00	2653.00	2653.00	2653.00	2652.00	2652.00	2651.50	2651.00	2651.00	2651.00	2651.00	2651.00	2650.00	2650.00	2649.50	2649.00	2649.00	2648.00	2648.00	2647.00	2646.00	2645.00	2644.50	2644.00	2643.00	2642.50	2641.00	2641.00	2640.00	2639.50	2638.00	2637.50	2637.00	2636.00	2636.00	2635.50	2635.00	2634.50	2634.00	2634.00	2634.00	2634.00	2634.00	2634.00	2634.00	2634.00	2635.00	2635.00	2635.00	2635.00	2636.00	2636.00	2637.00	2637.00	2637.00	2637.00	2638.00	2638.00	2638.00	2638.50	2639.00	2639.00	2639.00	2639.00	2639.00	2639.00	2639.00	2639.00	2639.00	2639.00	2639.00	2638.00	2638.00	2638.00	2638.00	2637.50	2637.00	2636.50	2636.00	2636.00	2636.00	2635.00	2635.00	2634.00	2634.00	2634.50	2635.00	2635.00	2635.00	2635.00	2635.50	2636.00	2636.00	2636.00	2636.00	2636.00	2636.00	2636.00	2636.00	2636.00	2635.50	2635.00	2635.00	2635.00	2635.00	2635.00	2634.00	2634.00	2634.00	2633.50	2633.00	2632.00	2632.00	2631.00	2630.50	2629.00	2628.50	2627.50	2626.00	2625.00	2624.00	2623.00	2621.50	2621.00	2620.00	2618.50	2618.00	2617.00	2616.00	2615.50	2615.00	2614.00	2613.50	2613.00	2613.00	2613.00	2613.00	2613.00	2613.00	2613.00	2613.00	2613.00	2613.00	2613.00	2613.00	2613.00	2613.00	2613.00	2613.00	2613.00	2613.00	2613.00	2613.00	2613.00	2613.00	2613.00	2612.00	2612.00	2612.00	2612.00	2612.00	2612.00	2611.00	2611.00	2611.00	2611.00	2610.00	2610.00	2610.00	2609.00	2609.00	2608.50	2608.00	2608.00	2607.00	2607.00	2607.00	2606.00	2606.00	2606.00	2606.00	2606.00	2606.00	2606.00	2606.00	2606.00	2606.00	2606.00	2606.00	2606.00	2606.00	2606.00	2606.00	2606.00	2606.00	2605.50	2605.00	2605.00	2605.00	2605.00	2604.00	2604.00	2604.00	2604.00	2603.50	2603.00	2603.00	2602.00	2601.50	2601.00	2601.00	2600.50	2600.00	2599.00	2598.00	2598.00	2597.00	2597.00	2597.00	2596.00	2595.50	2595.00	2595.00	2594.00	2594.00	2594.00	2594.00	2594.00	2594.00	2594.00	2594.00	2594.00	2594.00	2594.50	2595.00	2595.50	2596.00	2596.00	2597.50	2598.00	2598.00	2599.00	2599.50	2600.00	2601.00
2650.50	2650.75	2651.25	2651.50	2651.50	2652.00	2652.50	2652.50	2652.50	2652.50	2652.50	2652.50	2652.50	2652.50	2652.50	2652.00	2651.75	2651.25	2651.00	2651.00	2650.50	2650.50	2650.50	2650.00	2650.00	2649.50	2649.00	2648.75	2648.00	2647.50	2646.50	2645.50	2644.75	2644.25	2643.75	2642.50	2642.00	2640.50	2640.50	2639.25	2638.75	2637.50	2637.00	2636.50	2636.00	2635.50	2635.25	2635.00	2634.50	2634.00	2634.00	2634.00	2634.00	2634.00	2634.50	2634.50	2634.50	2635.25	2635.50	2635.50	2636.00	2636.50	2636.50	2637.25	2637.50	2637.50	2637.50	2638.00	2638.00	2638.50	2638.75	2639.00	2639.00	2639.00	2639.00	2639.00	2639.00	2639.00	2639.00	2639.00	2639.00	2638.75	2638.00	2638.00	2637.50	2637.50	2637.25	2637.00	2636.50	2636.00	2636.00	2636.00	2635.00	2635.00	2634.50	2634.50	2634.75	2635.00	2635.00	2635.25	2635.50	2635.75	2636.00	2636.00	2635.50	2635.50	2635.50	2635.50	2635.50	2635.50	2635.50	2635.25	2635.00	2635.00	2634.50	2634.50	2634.50	2634.00	2633.75	2633.50	2633.25	2632.75	2632.00	2631.50	2630.50	2630.00	2628.25	2627.50	2626.50	2625.00	2623.75	2622.50	2621.50	2620.25	2619.75	2618.50	2617.00	2616.50	2615.50	2614.50	2614.00	2613.50	2613.00	2612.50	2612.00	2612.00	2612.00	2612.00	2612.00	2612.25	2612.50	2612.50	2612.50	2612.50	2612.50	2612.50	2612.50	2612.50	2612.25	2612.00	2612.00	2612.00	2612.00	2612.00	2612.00	2612.00	2612.00	2611.50	2611.50	2611.50	2611.50	2611.50	2611.50	2610.75	2610.50	2610.50	2610.50	2610.00	2609.50	2609.50	2608.75	2608.50	2608.25	2607.75	2607.50	2607.00	2607.00	2607.00	2606.00	2606.00	2606.00	2606.00	2606.00	2606.00	2606.00	2606.00	2606.00	2606.00	2606.00	2606.00	2606.00	2606.00	2606.00	2606.00	2605.50	2605.50	2605.25	2605.00	2605.00	2604.75	2604.50	2604.00	2604.00	2603.75	2603.50	2603.25	2603.00	2602.50	2601.75	2601.25	2600.50	2600.50	2600.00	2599.50	2598.50	2598.00	2597.50	2597.00	2596.75	2596.50	2596.00	2595.50	2595.00	2595.00	2594.00	2594.00	2594.00	2594.25	2594.50	2594.50	2594.50	2595.00	2595.00	2595.00	2595.25	2596.00	2596.25	2596.75	2597.00	2598.25	2598.75	2599.00	2600.00	2600.25	2601.00	2601.50
2650.00	2650.00	2650.50	2651.00	2651.00	2651.00	2652.00	2652.00	2652.00	2652.00	2652.00	2652.00	2652.00	2652.00	2652.00	2652.00	2651.50	2651.00	2651.00	2651.00	2650.00	2650.00	2650.00	2650.00	2650.00	2649.50	2649.00	2648.50	2648.00	2647.00	2646.00	2645.00	2644.50	2644.00	2643.50	2642.00	2641.50	2640.00	2640.00	2638.50	2638.00	2637.00	2636.50	2636.00	2636.00	2635.00	2635.00	2635.00	2634.50	2634.00	2634.00	2634.00	2634.00	2634.00	2635.00	2635.00	2635.00	2635.50	2636.00	2636.00	2637.00	2637.00	2637.00	2637.50	2638.00	2638.00	2638.00	2638.00	2638.00	2639.00	2639.00	2639.00	2639.00	2639.00	2639.00	2639.00	2639.00	2639.00	2639.00	2639.00	2639.00	2638.50	2638.00	2638.00	2637.00	2637.00	2637.00	2637.00	2636.50	2636.00	2636.00	2636.00	2635.00	2635.00	2635.00	2635.00	2635.00	2635.00	2635.00	2635.50	2636.00	2636.00	2636.00	2636.00	2635.00	2635.00	2635.00	2635.00	2635.00	2635.00	2635.00	2635.00	2635.00	2635.00	2634.00	2634.00	2634.00	2634.00	2633.50	2633.00	2633.00	2632.50	2632.00	2631.00	2630.00	2629.50	2627.50	2626.50	2625.50	2624.00	2622.50	2621.00	2620.00	2619.00	2618.50	2617.00	2615.50	2615.00	2614.00	2613.00	2612.50	2612.00	2612.00	2611.50	2611.00	2611.00	2611.00	2611.00	2611.00	2611.50	2612.00	2612.00	2612.00	2612.00	2612.00	2612.00	2612.00	2612.00	2611.50	2611.00	2611.00	2611.00	2611.00	2611.00	2611.00	2611.00	2611.00	2611.00	2611.00	2611.00	2611.00	2611.00	2611.00	2610.50	2610.00	2610.00	2610.00	2610.00	2609.00	2609.00	2608.50	2608.00	2608.00	2607.50	2607.00	2607.00	2607.00	2607.00	2606.00	2606.00	2606.00	2606.00	2606.00	2606.00	2606.00	2606.00	2606.00	2606.00	2606.00	2606.00	2606.00	2606.00	2606.00	2606.00	2605.00	2605.00	2605.00	2605.00	2605.00	2604.50	2604.00	2604.00	2604.00	2603.50	2603.00	2603.00	2603.00	2602.00	2601.50	2601.00	2600.00	2600.00	2599.50	2599.00	2598.00	2598.00	2597.00	2597.00	2596.50	2596.00	2596.00	2595.50	2595.00	2595.00	2594.00	2594.00	2594.00	2594.50	2595.00	2595.00	2595.00	2596.00	2596.00	2596.00	2596.00	2597.00	2597.00	2597.50	2598.00	2599.00	2599.50	2600.00	2601.00	2601.00	2602.00	2602.00
2650.00	2650.00	2650.50	2651.00	2651.00	2651.00	2652.00	2652.00	2652.00	2652.00	2652.00	2652.00	2652.00	2652.00	2652.00	2652.00	2651.50	2651.00	2651.00	2651.00	2650.00	2650.00	2650.00	2650.00	2650.00	2649.50	2649.00	2648.50	2648.00	2647.00	2646.00	2645.00	2644.50	2644.00	2643.50	2642.00	2641.50	2640.00	2640.00	2638.50	2638.00	2637.00	2636.50	2636.00	2636.00	2635.00	2635.00	2635.00	2634.50	2634.00	2634.00	2634.00	2634.00	2634.00	2635.00	2635.00	2635.00	2635.50	2636.00	2636.00	2637.00	2637.00	2637.00	2637.50	2638.00	2638.00	2638.00	2638.00	2638.00	2639.00	2639.00	2639.00	2639.00	2639.00	2639.00	2639.00	2639.00	2639.00	2639.00	2639.00	2639.00	2638.50	2638.00	2638.00	2637.00	2637.00	2637.00	2637.00	2636.50	2636.00	2636.00	2636.00	2635.00	2635.00	2635.00	2635.00	2635.00	2635.00	2635.00	2635.50	2636.00	2636.00	2636.00	2636.00	2635.00	2635.00	2635.00	2635.00	2635.00	2635.00	2635.00	2635.00	2635.00	2635.00	2634.00	2634.00	2634.00	2634.00	2633.50	2633.00	2633.00	2632.50	2632.00	2631.00	2630.00	2629.50	2627.50	2626.50	2625.50	2624.00	2622.50	2621.00	2620.00	2619.00	2618.50	2617.00	2615.50	2615.00	2614.00	2613.00	2612.50	2612.00	2612.00	2611.50	2611.00	2611.00	2611.00	2611.00	2611.00	2611.50	2612.00	2612.00	2612.00	2612.00	2612.00	2612.00	2612.00	2612.00	2611.50	2611.00	2611.00	2611.00	2611.00	2611.00	2611.00	2611.00	2611.00	2611.00	2611.00	2611.00	2611.00	2611.00	2611.00	2610.50	2610.00	2610.00	2610.00	2610.00	2609.00	2609.00	2608.50	2608.00	2608.00	2607.50	2607.00	2607.00	2607.00	2607.00	2606.00	2606.00	2606.00	2606.00	2606.00	2606.00	2606.00	2606.00	2606.00	2606.00	2606.00	2606.00	2606.00	2606.00	2606.00	2606.00	2605.00	2605.00	2605.00	2605.00	2605.00	2604.50	2604.00	2604.00	2604.00	2603.50	2603.00	2603.00	2603.00	2602.00	2601.50	2601.00	2600.00	2600.00	2599.50	2599.00	2598.00	2598.00	2597.00	2597.00	2596.50	2596.00	2596.00	2595.50	2595.00	2595.00	2594.00	2594.00	2594.00	2594.50	2595.00	2595.00	2595.00	2596.00	2596.00	2596.00	2596.00	2597.00	2597.00	2597.50	2598.00	2599.00	2599.50	2600.00	2601.00	2601.00	2602.00	2602.00
2649.50	2650.00	2650.25	2651.00	2651.00	2651.00	2652.00	2652.00	2652.00	2652.00	2652.00	2652.00	2652.00	2652.00	2652.00	2652.00	2651.50	2651.00	2651.00	2651.00	2650.50	2650.50	2650.50	2650.25	2650.00	2649.75	2649.25	2648.75	2648.00	2647.50	2646.25	2645.50	2644.75	2644.25	2643.50	2642.00	2641.25	2640.00	2639.50	2638.50	2637.75	2636.75	2636.25	2636.00	2635.50	2635.00	2635.00	2635.00	2634.75	2634.50	2634.50	2634.50	2634.50	2634.50	2635.25	2635.50	2635.50	2636.25	2636.50	2636.50	2637.00	2637.50	2637.50	2637.75	2638.00	2638.00	2638.50	2638.50	2638.50	2639.00	2639.00	2639.00	2639.00	2639.00	2639.00	2639.00	2639.00	2639.00	2639.00	2639.00	2638.75	2638.25	2638.00	2638.00	2637.00	2637.00	2636.75	2636.50	2636.25	2636.00	2636.00	2635.50	2635.00	2635.00	2635.00	2635.00	2635.00	2635.00	2635.00	2635.25	2635.50	2635.50	2635.50	2635.50	2635.00	2635.00	2634.50	2634.50	2634.50	2634.50	2634.50	2634.50	2634.50	2634.50	2634.00	2634.00	2633.50	2633.50	2633.25	2632.75	2632.50	2632.00	2631.00	2630.50	2629.25	2628.50	2627.00	2626.00	2625.00	2623.00	2621.50	2620.00	2619.00	2617.50	2617.00	2615.50	2614.25	2613.75	2612.50	2612.00	2611.25	2611.00	2611.00	2610.75	2610.50	2610.50	2610.50	2610.50	2610.75	2611.25	2611.50	2611.50	2611.50	2611.50	2611.50	2611.50	2611.50	2611.50	2611.25	2611.00	2611.00	2610.50	2610.50	2610.50	2610.50	2610.50	2610.50	2610.50	2610.50	2610.50	2610.50	2610.50	2610.50	2610.25	2610.00	2609.75	2609.50	2609.50	2609.00	2609.00	2608.50	2608.00	2608.00	2607.25	2607.00	2607.00	2607.00	2607.00	2606.50	2606.00	2606.00	2606.00	2606.00	2606.00	2606.00	2606.00	2606.00	2606.00	2606.00	2606.00	2606.00	2606.00	2606.00	2606.00	2605.50	2605.00	2605.00	2605.00	2605.00	2604.75	2604.00	2604.00	2603.75	2603.25	2603.00	2602.75	2602.50	2602.00	2601.25	2601.00	2600.25	2600.00	2599.75	2599.00	2598.50	2598.00	2597.50	2597.00	2596.75	2596.50	2596.00	2595.75	2595.00	2595.00	2594.50	2594.50	2594.50	2595.00	2595.50	2595.50	2595.75	2596.50	2596.50	2597.00	2597.00	2597.50	2598.00	2598.25	2599.00	2599.75	2600.25	2601.00	2601.50	2601.50	2602.50	2602.50
2649.00	2650.00	2650.00	2651.00	2651.00	2651.00	2652.00	2652.00	2652.00	2652.00	2652.00	2652.00	2652.00	2652.00	2652.00	2652.00	2651.50	2651.00	2651.00	2651.00	2651.00	2651.00	2651.00	2650.50	2650.00	2650.00	2649.50	2649.00	2648.00	2648.00	2646.50	2646.00	2645.00	2644.50	2643.50	2642.00	2641.00	2640.00	2639.00	2638.50	2637.50	2636.50	2636.00	2636.00	2635.00	2635.00	2635.00	2635.00	2635.00	2635.00	2635.00	2635.00	2635.00	2635.00	2635.50	2636.00	2636.00	2637.00	2637.00	2637.00	2637.00	2638.00	2638.00	2638.00	2638.00	2638.00	2639.00	2639.00	2639.00	2639.00	2639.00	2639.00	2639.00	2639.00	2639.00	2639.00	2639.00	2639.00	2639.00	2639.00	2638.50	2638.00	2638.00	2638.00	2637.00	2637.00	2636.50	2636.00	2636.00	2636.00	2636.00	2635.00	2635.00	2635.00	2635.00	2635.00	2635.00	2635.00	2635.00	2635.00	2635.00	2635.00	2635.00	2635.00	2635.00	2635.00	2634.00	2634.00	2634.00	2634.00	2634.00	2634.00	2634.00	2634.00	2634.00	2634.00	2633.00	2633.00	2633.00	2632.50	2632.00	2631.50	2630.00	2630.00	2628.50	2627.50	2626.50	2625.50	2624.50	2622.00	2620.50	2619.00	2618.00	2616.00	2615.50	2614.00	2613.00	2612.50	2611.00	2611.00	2610.00	2610.00	2610.00	2610.00	2610.00	2610.00	2610.00	2610.00	2610.50	2611.00	2611.00	2611.00	2611.00	2611.00	2611.00	2611.00	2611.00	2611.00	2611.00	2611.00	2611.00	2610.00	2610.00	2610.00	2610.00	2610.00	2610.00	2610.00	2610.00	2610.00	2610.00	2610.00	2610.00	2610.00	2610.00	2609.50	2609.00	2609.00	2609.00	2609.00	2608.50	2608.00	2608.00	2607.00	2607.00	2607.00	2607.00	2607.00	2607.00	2606.00	2606.00	2606.00	2606.00	2606.00	2606.00	2606.00	2606.00	2606.00	2606.00	2606.00	2606.00	2606.00	2606.00	2606.00	2606.00	2605.00	2605.00	2605.00	2605.00	2605.00	2604.00	2604.00	2603.50	2603.00	2603.00	2602.50	2602.00	2602.00	2601.00	2601.00	2600.50	2600.00	2600.00	2599.00	2599.00	2598.00	2598.00	2597.00	2597.00	2597.00	2596.00	2596.00	2595.00	2595.00	2595.00	2595.00	2595.00	2595.50	2596.00	2596.00	2596.50	2597.00	2597.00	2598.00	2598.00	2598.00	2599.00	2599.00	2600.00	2600.50	2601.00	2602.00	2602.00	2602.00	2603.00	2603.00
2649.00	2650.00	2650.00	2651.00	2651.00	2651.00	2652.00	2652.00	2652.00	2652.00	2652.00	2652.00	2652.00	2652.00	2652.00	2652.00	2651.50	2651.00	2651.00	2651.00	2651.00	2651.00	2651.00	2650.50	2650.00	2650.00	2649.50	2649.00	2648.00	2648.00	2646.50	2646.00	2645.00	2644.50	2643.50	2642.00	2641.00	2640.00	2639.00	2638.50	2637.50	2636.50	2636.00	2636.00	2635.00	2635.00	2635.00	2635.00	2635.00	2635.00	2635.00	2635.00	2635.00	2635.00	2635.50	2636.00	2636.00	2637.00	2637.00	2637.00	2637.00	2638.00	2638.00	2638.00	2638.00	2638.00	2639.00	2639.00	2639.00	2639.00	2639.00	2639.00	2639.00	2639.00	2639.00	2639.00	2639.00	2639.00	2639.00	2639.00	2638.50	2638.00	2638.00	2638.00	2637.00	2637.00	2636.50	2636.00	2636.00	2636.00	2636.00	2635.00	2635.00	2635.00	2635.00	2635.00	2635.00	2635.00	2635.00	2635.00	2635.00	2635.00	2635.00	2635.00	2635.00	2635.00	2634.00	2634.00	2634.00	2634.00	2634.00	2634.00	2634.00	2634.00	2634.00	2634.00	2633.00	2633.00	2633.00	2632.50	2632.00	2631.50	2630.00	2630.00	2628.50	2627.50	2626.50	2625.50	2624.50	2622.00	2620.50	2619.00	2618.00	2616.00	2615.50	2614.00	2613.00	2612.50	2611.00	2611.00	2610.00	2610.00	2610.00	2610.00	2610.00	2610.00	2610.00	2610.00	2610.50	2611.00	2611.00	2611.00	2611.00	2611.00	2611.00	2611.00	2611.00	2611.00	2611.00	2611.00	2611.00	2610.00	2610.00	2610.00	2610.00	2610.00	2610.00	2610.00	2610.00	2610.00	2610.00	2610.00	2610.00	2610.00	2610.00	2609.50	2609.00	2609.00	2609.00	2609.00	2608.50	2608.00	2608.00	2607.00	2607.00	2607.00	2607.00	2607.00	2607.00	2606.00	2606.00	2606.00	2606.00	2606.00	2606.00	2606.00	2606.00	2606.00	2606.00	2606.00	2606.00	2606.00	2606.00	2606.00	2606.00	2605.00	2605.00	2605.00	2605.00	2605.00	2604.00	2604.00	2603.50	2603.00	2603.00	2602.50	2602.00	2602.00	2601.00	2601.00	2600.50	2600.00	2600.00	2599.00	2599.00	2598.00	2598.00	2597.00	2597.00	2597.00	2596.00	2596.00	2595.00	2595.00	2595.00	2595.00	2595.00	2595.50	2596.00	2596.00	2596.50	2597.00	2597.00	2598.00	2598.00	2598.00	2599.00	2599.00	2600.00	2600.50	2601.00	2602.00	2602.00	2602.00	2603.00	2603.00
2649.00	2650.00	2650.00	2651.00	2651.00	2651.00	2652.00	2652.00	2652.00	2652.00	2652.00	2652.00	2652.00	2652.00	2652.00	2652.00	2651.50	2651.00	2651.00	2651.00	2651.00	2651.00	2651.00	2650.50	2650.00	2650.00	2649.50	2649.00	2648.00	2648.00	2646.50	2646.00	2645.00	2644.50	2643.50	2642.00	2641.00	2640.00	2639.00	2638.50	2637.50	2636.50	2636.00	2636.00	2635.00	2635.00	2635.00	2635.00	2635.00	2635.00	2635.00	2635.00	2635.00	2635.00	2635.50	2636.00	2636.00	2637.00	2637.00	2637.00	2637.00	2638.00	2638.00	2638.00	2638.00	2638.00	2639.00	2639.00	2639.00	2639.00	2639.00	2639.00	2639.00	2639.00	2639.00	2639.00	2639.00	2639.00	2639.00	2639.00	2638.50	2638.00	2638.00	2638.00	2637.00	2637.00	2636.50	2636.00	2636.00	2636.00	2636.00	2635.00	2635.00	2635.00	2635.00	2635.00	2635.00	2635.00	2635.00	2635.00	2635.00	2635.00	2635.00	2635.00	2635.00	2635.00	2634.00	2634.00	2634.00	2634.00	2634.00	2634.00	2634.00	2634.00	2634.00	2634.00	2633.00	2633.00	2633.00	2632.50	2632.00	2631.50	2630.00	2630.00	2628.50	2627.50	2626.50	2625.50	2624.50	2622.00	2620.50	2619.00	2618.00	2616.00	2615.50	2614.00	2613.00	2612.50	2611.00	2611.00	2610.00	2610.00	2610.00	2610.00	2610.00	2610.00	2610.00	2610.00	2610.50	2611.00	2611.00	2611.00	2611.00	2611.00	2611.00	2611.00	2611.00	2611.00	2611.00	2611.00	2611.00	2610.00	2610.00	2610.00	2610.00	2610.00	2610.00	2610.00	2610.00	2610.00	2610.00	2610.00	2610.00	2610.00	2610.00	2609.50	2609.00	2609.00	2609.00	2609.00	2608.50	2608.00	2608.00	2607.00	2607.00	2607.00	2607.00	2607.00	2607.00	2606.00	2606.00	2606.00	2606.00	2606.00	2606.00	2606.00	2606.00	2606.00	2606.00	2606.00	2606.00	2606.00	2606.00	2606.00	2606.00	2605.00	2605.00	2605.00	2605.00	2605.00	2604.00	2604.00	2603.50	2603.00	2603.00	2602.50	2602.00	2602.00	2601.00	2601.00	2600.50	2600.00	2600.00	2599.00	2599.00	2598.00	2598.00	2597.00	2597.00	2597.00	2596.00	2596.00	2595.00	2595.00	2595.00	2595.00	2595.00	2595.50	2596.00	2596.00	2596.50	2597.00	2597.00	2598.00	2598.00	2598.00	2599.00	2599.00	2600.00	2600.50	2601.00	2602.00	2602.00	2602.00	2603.00	2603.00
2649.50	2650.50	2650.50	2651.50	2651.50	2651.50	2652.00	2652.50	2652.50	2652.50	2652.50	2652.50	2652.50	2652.50	2652.50	2652.50	2652.25	2652.00	2652.00	2652.00	2652.00	2651.50	2651.50	2651.25	2651.00	2650.75	2650.00	2649.50	2649.00	2648.50	2647.25	2646.50	2645.25	2644.50	2643.50	2642.00	2641.25	2640.00	2639.00	2638.50	2637.75	2636.75	2636.25	2636.00	2635.00	2635.00	2635.00	2635.00	2635.00	2635.25	2635.50	2635.50	2635.50	2636.00	2636.25	2636.50	2636.50	2637.25	2637.50	2637.50	2637.50	2638.00	2638.00	2638.50	2638.50	2638.50	2639.00	2639.00	2639.00	2639.00	2639.00	2639.00	2639.00	2639.00	2639.00	2639.00	2639.00	2638.75	2638.50	2638.50	2638.25	2638.00	2637.50	2637.50	2636.50	2636.50	2636.25	2636.00	2635.50	2635.50	2635.50	2635.00	2635.00	2635.00	2635.00	2635.00	2635.00	2635.00	2634.50	2634.50	2634.50	2634.50	2634.50	2634.50	2634.50	2634.50	2634.00	2634.00	2633.50	2633.50	2633.50	2633.50	2633.50	2633.50	2633.50	2633.50	2633.00	2632.50	2632.50	2632.00	2631.25	2630.50	2629.50	2629.00	2627.50	2626.75	2625.25	2624.00	2623.00	2621.00	2619.50	2618.00	2617.00	2615.25	2614.50	2613.25	2612.25	2611.75	2610.50	2610.50	2609.50	2609.50	2609.50	2609.50	2609.50	2609.50	2609.75	2610.00	2610.25	2610.50	2610.50	2610.50	2610.50	2610.50	2610.50	2610.50	2610.50	2610.50	2610.50	2610.50	2610.50	2610.00	2609.50	2609.50	2609.50	2609.50	2609.50	2609.50	2609.50	2609.50	2609.50	2609.50	2609.50	2609.00	2609.00	2608.75	2608.50	2608.50	2608.50	2608.50	2608.25	2608.00	2608.00	2607.25	2607.00	2607.00	2607.00	2607.00	2607.00	2606.50	2606.50	2606.50	2606.50	2606.25	2606.00	2606.00	2606.00	2606.00	2606.00	2606.00	2606.00	2606.00	2605.75	2605.50	2605.50	2605.00	2605.00	2604.50	2604.50	2604.50	2604.00	2604.00	2603.50	2603.00	2603.00	2602.75	2602.00	2602.00	2601.25	2601.00	2600.75	2600.25	2600.00	2599.50	2599.50	2598.50	2598.50	2597.75	2597.50	2597.50	2597.00	2596.75	2596.00	2596.00	2596.00	2596.00	2596.00	2596.25	2596.75	2597.00	2597.25	2598.00	2598.00	2598.75	2599.00	2599.00	2600.00	2600.00	2601.00	2601.25	2601.50	2602.00	2602.00	2602.25	2603.00	2603.00
2650.00	2651.00	2651.00	2652.00	2652.00	2652.00	2652.00	2653.00	2653.00	2653.00	2653.00	2653.00	2653.00	2653.00	2653.00	2653.00	2653.00	2653.00	2653.00	2653.00	2653.00	2652.00	2652.00	2652.00	2652.00	2651.50	2650.50	2650.00	2650.00	2649.00	2648.00	2647.00	2645.50	2644.50	2643.50	2642.00	2641.50	2640.00	2639.00	2638.50	2638.00	2637.00	2636.50	2636.00	2635.00	2635.00	2635.00	2635.00	2635.00	2635.50	2636.00	2636.00	2636.00	2637.00	2637.00	2637.00	2637.00	2637.50	2638.00	2638.00	2638.00	2638.00	2638.00	2639.00	2639.00	2639.00	2639.00	2639.00	2639.00	2639.00	2639.00	2639.00	2639.00	2639.00	2639.00	2639.00	2639.00	2638.50	2638.00	2638.00	2638.00	2638.00	2637.00	2637.00	2636.00	2636.00	2636.00	2636.00	2635.00	2635.00	2635.00	2635.00	2635.00	2635.00	2635.00	2635.00	2635.00	2635.00	2634.00	2634.00	2634.00	2634.00	2634.00	2634.00	2634.00	2634.00	2634.00	2634.00	2633.00	2633.00	2633.00	2633.00	2633.00	2633.00	2633.00	2633.00	2633.00	2632.00	2632.00	2631.50	2630.50	2629.50	2629.00	2628.00	2626.50	2626.00	2624.00	2622.50	2621.50	2620.00	2618.50	2617.00	2616.00	2614.50	2613.50	2612.50	2611.50	2611.00	2610.00	2610.00	2609.00	2609.00	2609.00	2609.00	2609.00	2609.00	2609.50	2610.00	2610.00	2610.00	2610.00	2610.00	2610.00	2610.00	2610.00	2610.00	2610.00	2610.00	2610.00	2610.00	2610.00	2610.00	2609.00	2609.00	2609.00	2609.00	2609.00	2609.00	2609.00	2609.00	2609.00	2609.00	2609.00	2608.00	2608.00	2608.00	2608.00	2608.00	2608.00	2608.00	2608.00	2608.00	2608.00	2607.50	2607.00	2607.00	2607.00	2607.00	2607.00	2607.00	2607.00	2607.00	2607.00	2606.50	2606.00	2606.00	2606.00	2606.00	2606.00	2606.00	2606.00	2606.00	2605.50	2605.00	2605.00	2605.00	2605.00	2604.00	2604.00	2604.00	2604.00	2604.00	2603.50	2603.00	2603.00	2603.00	2602.00	2602.00	2601.50	2601.00	2601.00	2600.50	2600.00	2600.00	2600.00	2599.00	2599.00	2598.50	2598.00	2598.00	2598.00	2597.50	2597.00	2597.00	2597.00	2597.00	2597.00	2597.00	2597.50	2598.00	2598.00	2599.00	2599.00	2599.50	2600.00	2600.00	2601.00	2601.00	2602.00	2602.00	2602.00	2602.00	2602.00	2602.50	2603.00	2603.00
2650.00	2651.00	2651.00	2652.00	2652.00	2652.00	2652.00	2653.00	2653.00	2653.00	2653.00	2653.00	2653.00	2653.00	2653.00	2653.00	2653.00	2653.00	2653.00	2653.00	2653.00	2652.00	2652.00	2652.00	2652.00	2651.50	2650.50	2650.00	2650.00	2649.00	2648.00	2647.00	2645.50	2644.50	2643.50	2642.00	2641.50	2640.00	2639.00	2638.50	2638.00	2637.00	2636.50	2636.00	2635.00	2635.00	2635.00	2635.00	2635.00	2635.50	2636.00	2636.00	2636.00	2637.00	2637.00	2637.00	2637.00	2637.50	2638.00	2638.00	2638.00	2638.00	2638.00	2639.00	2639.00	2639.00	2639.00	2639.00	2639.00	2639.00	2639.00	2639.00	2639.00	2639.00	2639.00	2639.00	2639.00	2638.50	2638.00	2638.00	2638.00	2638.00	2637.00	2637.00	2636.00	2636.00	2636.00	2636.00	2635.00	2635.00	2635.00	2635.00	2635.00	2635.00	2635.00	2635.00	2635.00	2635.00	2634.00	2634.00	2634.00	2634.00	2634.00	2634.00	2634.00	2634.00	2634.00	2634.00	2633.00	2633.00	2633.00	2633.00	2633.00	2633.00	2633.00	2633.00	2633.00	2632.00	2632.00	2631.50	2630.50	2629.50	2629.00	2628.00	2626.50	2626.00	2624.00	2622.50	2621.50	2620.00	2618.50	2617.00	2616.00	2614.50	2613.50	2612.50	2611.50	2611.00	2610.00	2610.00	2609.00	2609.00	2609.00	2609.00	2609.00	2609.00	2609.50	2610.00	2610.00	2610.00	2610.00	2610.00	2610.00	2610.00	2610.00	2610.00	2610.00	2610.00	2610.00	2610.00	2610.00	2610.00	2609.00	2609.00	2609.00	2609.00	2609.00	2609.00	2609.00	2609.00	2609.00	2609.00	2609.00	2608.00	2608.00	2608.00	2608.00	2608.00	2608.00	2608.00	2608.00	2608.00	2608.00	2607.50	2607.00	2607.00	2607.00	2607.00	2607.00	2607.00	2607.00	2607.00	2607.00	2606.50	2606.00	2606.00	2606.00	2606.00	2606.00	2606.00	2606.00	2606.00	2605.50	2605.00	2605.00	2605.00	2605.00	2604.00	2604.00	2604.00	2604.00	2604.00	2603.50	2603.00	2603.00	2603.00	2602.00	2602.00	2601.50	2601.00	2601.00	2600.50	2600.00	2600.00	2600.00	2599.00	2599.00	2598.50	2598.00	2598.00	2598.00	2597.50	2597.00	2597.00	2597.00	2597.00	2597.00	2597.00	2597.50	2598.00	2598.00	2599.00	2599.00	2599.50	2600.00	2600.00	2601.00	2601.00	2602.00	2602.00	2602.00	2602.00	2602.00	2602.50	2603.00	2603.00
2650.00	2651.00	2651.00	2652.00	2652.00	2652.00	2652.00	2653.00	2653.00	2653.00	2653.00	2653.00	2653.00	2653.00	2653.00	2653.00	2653.00	2653.00	2653.00	2653.00	2653.00	2652.00	2652.00	2652.00	2652.00	2651.50	2650.50	2650.00	2650.00	2649.00	2648.00	2647.00	2645.50	2644.50	2643.50	2642.00	2641.50	2640.00	2639.00	2638.50	2638.00	2637.00	2636.50	2636.00	2635.00	2635.00	2635.00	2635.00	2635.00	2635.50	2636.00	2636.00	2636.00	2637.00	2637.00	2637.00	2637.00	2637.50	2638.00	2638.00	2638.00	2638.00	2638.00	2639.00	2639.00	2639.00	2639.00	2639.00	2639.00	2639.00	2639.00	2639.00	2639.00	2639.00	2639.00	2639.00	2639.00	2638.50	2638.00	2638.00	2638.00	2638.00	2637.00	2637.00	2636.00	2636.00	2636.00	2636.00	2635.00	2635.00	2635.00	2635.00	2635.00	2635.00	2635.00	2635.00	2635.00	2635.00	2634.00	2634.00	2634.00	2634.00	2634.00	2634.00	2634.00	2634.00	2634.00	2634.00	2633.00	2633.00	2633.00	2633.00	2633.00	2633.00	2633.00	2633.00	2633.00	2632.00	2632.00	2631.50	2630.50	2629.50	2629.00	2628.00	2626.50	2626.00	2624.00	2622.50	2621.50	2620.00	2618.50	2617.00	2616.00	2614.50	2613.50	2612.50	2611.50	2611.00	2610.00	2610.00	2609.00	2609.00	2609.00	2609.00	2609.00	2609.00	2609.50	2610.00	2610.00	2610.00	2610.00	2610.00	2610.00	2610.00	2610.00	2610.00	2610.00	2610.00	2610.00	2610.00	2610.00	2610.00	2609.00	2609.00	2609.00	2609.00	2609.00	2609.00	2609.00	2609.00	2609.00	2609.00	2609.00	2608.00	2608.00	2608.00	2608.00	2608.00	2608.00	2608.00	2608.00	2608.00	2608.00	2607.50	2607.00	2607.00	2607.00	2607.00	2607.00	2607.00	2607.00	2607.00	2607.00	2606.50	2606.00	2606.00	2606.00	2606.00	2606.00	2606.00	2606.00	2606.00	2605.50	2605.00	2605.00	2605.00	2605.00	2604.00	2604.00	2604.00	2604.00	2604.00	2603.50	2603.00	2603.00	2603.00	2602.00	2602.00	2601.50	2601.00	2601.00	2600.50	2600.00	2600.00	2600.00	2599.00	2599.00	2598.50	2598.00	2598.00	2598.00	2597.50	2597.00	2597.00	2597.00	2597.00	2597.00	2597.00	2597.50	2598.00	2598.00	2599.00	2599.00	2599.50	2600.00	2600.00	2601.00	2601.00	2602.00	2602.00	2602.00	2602.00	2602.00	2602.50	2603.00	2603.00
2652.00	2652.00	2652.50	2653.00	2653.00	2654.00	2654.00	2654.00	2654.00	2654.00	2654.00	2654.00	2654.00	2654.00	2654.00	2655.00	2655.00	2654.50	2654.00	2654.00	2654.00	2654.00	2654.00	2653.00	2653.00	2652.50	2652.00	2651.50	2651.00	2650.00	2649.00	2648.00	2646.50	2645.50	2644.50	2643.00	2641.50	2640.00	2640.00	2638.50	2638.00	2637.00	2636.50	2636.00	2636.00	2636.00	2636.00	2636.00	2636.00	2636.00	2636.00	2637.00	2637.00	2637.00	2637.50	2638.00	2638.00	2638.00	2638.00	2638.00	2639.00	2639.00	2639.00	2639.00	2639.00	2639.00	2639.00	2639.00	2639.00	2639.00	2639.00	2639.00	2639.00	2639.00	2638.50	2638.00	2638.00	2638.00	2638.00	2637.50	2637.00	2637.00	2637.00	2636.50	2636.00	2636.00	2635.00	2635.00	2635.00	2634.50	2634.00	2634.00	2634.00	2634.00	2634.00	2634.00	2634.00	2634.00	2634.00	2634.00	2633.00	2633.00	2633.00	2633.00	2633.00	2633.00	2633.00	2633.00	2633.00	2633.00	2632.00	2632.00	2632.00	2632.00	2632.00	2631.00	2631.00	2631.00	2630.50	2630.00	2628.50	2627.50	2627.00	2625.00	2623.50	2622.50	2620.50	2619.50	2618.50	2617.00	2615.50	2614.00	2613.00	2612.00	2611.50	2610.50	2609.50	2609.00	2609.00	2608.00	2608.00	2608.00	2608.00	2608.00	2608.00	2609.00	2609.00	2609.00	2609.00	2609.00	2609.00	2610.00	2610.00	2610.00	2610.00	2609.00	2609.00	2609.00	2609.00	2609.00	2609.00	2609.00	2609.00	2609.00	2608.00	2608.00	2608.00	2608.00	2608.00	2608.00	2608.00	2608.00	2608.00	2608.00	2608.00	2608.00	2608.00	2608.00	2608.00	2608.00	2608.00	2608.00	2608.00	2608.00	2608.00	2608.00	2607.00	2607.00	2607.00	2607.00	2607.00	2607.00	2607.00	2607.00	2607.00	2607.00	2607.00	2606.50	2606.00	2606.00	2606.00	2606.00	2606.00	2605.50	2605.00	2605.00	2605.00	2605.00	2605.00	2604.50	2604.00	2604.00	2604.00	2604.00	2604.00	2603.50	2603.00	2603.00	2603.00	2602.50	2602.00	2602.00	2601.50	2601.00	2601.00	2600.00	2600.00	2600.00	2599.50	2599.00	2599.00	2599.00	2599.00	2599.00	2599.00	2599.00	2599.00	2599.00	2599.00	2599.00	2600.00	2600.00	2600.00	2600.50	2601.00	2601.00	2602.00	2602.00	2602.00	2602.00	2602.00	2602.00	2602.00	2602.00	2602.00	2602.00
2652.00	2652.00	2652.50	2653.00	2653.00	2654.00	2654.00	2654.00	2654.00	2654.00	2654.00	2654.00	2654.00	2654.00	2654.00	2655.00	2655.00	2654.50	2654.00	2654.00	2654.00	2654.00	2654.00	2653.00	2653.00	2652.50	2652.00	2651.50	2651.00	2650.00	2649.00	2648.00	2646.50	2645.50	2644.50	2643.00	2641.50	2640.00	2640.00	2638.50	2638.00	2637.00	2636.50	2636.00	2636.00	2636.00	2636.00	2636.00	2636.00	2636.00	2636.00	2637.00	2637.00	2637.00	2637.50	2638.00	2638.00	2638.00	2638.00	2638.00	2639.00	2639.00	2639.00	2639.00	2639.00	2639.00	2639.00	2639.00	2639.00	2639.00	2639.00	2639.00	2639.00	2639.00	2638.50	2638.00	2638.00	2638.00	2638.00	2637.50	2637.00	2637.00	2637.00	2636.50	2636.00	2636.00	2635.00	2635.00	2635.00	2634.50	2634.00	2634.00	2634.00	2634.00	2634.00	2634.00	2634.00	2634.00	2634.00	2634.00	2633.00	2633.00	2633.00	2633.00	2633.00	2633.00	2633.00	2633.00	2633.00	2633.00	2632.00	2632.00	2632.00	2632.00	2632.00	2631.00	2631.00	2631.00	2630.50	2630.00	2628.50	2627.50	2627.00	2625.00	2623.50	2622.50	2620.50	2619.50	2618.50	2617.00	2615.50	2614.00	2613.00	2612.00	2611.50	2610.50	2609.50	2609.00	2609.00	2608.00	2608.00	2608.00	2608.00	2608.00	2608.00	2609.00	2609.00	2609.00	2609.00	2609.00	2609.00	2610.00	2610.00	2610.00	2610.00	2609.00	2609.00	2609.00	2609.00	2609.00	2609.00	2609.00	2609.00	2609.00	2608.00	2608.00	2608.00	2608.00	2608.00	2608.00	2608.00	2608.00	2608.00	2608.00	2608.00	2608.00	2608.00	2608.00	2608.00	2608.00	2608.00	2608.00	2608.00	2608.00	2608.00	2608.00	2607.00	2607.00	2607.00	2607.00	2607.00	2607.00	2607.00	2607.00	2607.00	2607.00	2607.00	2606.50	2606.00	2606.00	2606.00	2606.00	2606.00	2605.50	2605.00	2605.00	2605.00	2605.00	2605.00	2604.50	2604.00	2604.00	2604.00	2604.00	2604.00	2603.50	2603.00	2603.00	2603.00	2602.50	2602.00	2602.00	2601.50	2601.00	2601.00	2600.00	2600.00	2600.00	2599.50	2599.00	2599.00	2599.00	2599.00	2599.00	2599.00	2599.00	2599.00	2599.00	2599.00	2599.00	2600.00	2600.00	2600.00	2600.50	2601.00	2601.00	2602.00	2602.00	2602.00	2602.00	2602.00	2602.00	2602.00	2602.00	2602.00	2602.00
2652.00	2652.00	2652.50	2653.00	2653.00	2654.00	2654.00	2654.00	2654.00	2654.00	2654.00	2654.00	2654.00	2654.00	2654.00	2655.00	2655.00	2654.50	2654.00	2654.00	2654.00	2654.00	2654.00	2653.00	2653.00	2652.50	2652.00	2651.50	2651.00	2650.00	2649.00	2648.00	2646.50	2645.50	2644.50	2643.00	2641.50	2640.00	2640.00	2638.50	2638.00	2637.00	2636.50	2636.00	2636.00	2636.00	2636.00	2636.00	2636.00	2636.00	2636.00	2637.00	2637.00	2637.00	2637.50	2638.00	2638.00	2638.00	2638.00	2638.00	2639.00	2639.00	2639.00	2639.00	2639.00	2639.00	2639.00	2639.00	2639.00	2639.00	2639.00	2639.00	2639.00	2639.00	2638.50	2638.00	2638.00	2638.00	2638.00	2637.50	2637.00	2637.00	2637.00	2636.50	2636.00	2636.00	2635.00	2635.00	2635.00	2634.50	2634.00	2634.00	2634.00	2634.00	2634.00	2634.00	2634.00	2634.00	2634.00	2634.00	2633.00	2633.00	2633.00	2633.00	2633.00	2633.00	2633.00	2633.00	2633.00	2633.00	2632.00	2632.00	2632.00	2632.00	2632.00	2631.00	2631.00	2631.00	2630.50	2630.00	2628.50	2627.50	2627.00	2625.00	2623.50	2622.50	2620.50	2619.50	2618.50	2617.00	2615.50	2614.00	2613.00	2612.00	2611.50	2610.50	2609.50	2609.00	2609.00	2608.00	2608.00	2608.00	2608.00	2608.00	2608.00	2609.00	2609.00	2609.00	2609.00	2609.00	2609.00	2610.00	2610.00	2610.00	2610.00	2609.00	2609.00	2609.00	2609.00	2609.00	2609.00	2609.00	2609.00	2609.00	2608.00	2608.00	2608.00	2608.00	2608.00	2608.00	2608.00	2608.00	2608.00	2608.00	2608.00	2608.00	2608.00	2608.00	2608.00	2608.00	2608.00	2608.00	2608.00	2608.00	2608.00	2608.00	2607.00	2607.00	2607.00	2607.00	2607.00	2607.00	2607.00	2607.00	2607.00	2607.00	2607.00	2606.50	2606.00	2606.00	2606.00	2606.00	2606.00	2605.50	2605.00	2605.00	2605.00	2605.00	2605.00	2604.50	2604.00	2604.00	2604.00	2604.00	2604.00	2603.50	2603.00	2603.00	2603.00	2602.50	2602.00	2602.00	2601.50	2601.00	2601.00	2600.00	2600.00	2600.00	2599.50	2599.00	2599.00	2599.00	2599.00	2599.00	2599.00	2599.00	2599.00	2599.00	2599.00	2599.00	2600.00	2600.00	2600.00	2600.50	2601.00	2601.00	2602.00	2602.00	2602.00	2602.00	2602.00	2602.00	2602.00	2602.00	2602.00	2602.00
2652.50	2653.00	2653.50	2654.00	2654.00	2654.50	2654.50	2654.50	2654.50	2654.50	2654.50	2654.50	2654.50	2654.50	2654.50	2655.00	2655.00	2654.75	2654.50	2654.50	2654.50	2654.50	2654.50	2653.50	2653.50	2653.00	2652.50	2652.00	2651.00	2650.50	2649.25	2648.00	2646.50	2645.75	2645.00	2643.50	2642.00	2640.50	2640.00	2638.50	2638.00	2637.00	2636.50	2636.00	2636.00	2636.00	2636.00	2636.00	2636.00	2636.00	2636.50	2637.00	2637.25	2637.50	2637.75	2638.00	2638.25	2638.50	2638.50	2638.50	2639.00	2639.00	2639.00	2639.00	2639.00	2639.00	2639.00	2639.00	2639.00	2639.00	2639.00	2638.75	2638.50	2638.50	2638.25	2638.00	2638.00	2637.50	2637.50	2637.25	2636.75	2636.50	2636.50	2635.75	2635.50	2635.50	2634.75	2634.50	2634.50	2634.25	2634.00	2634.00	2634.00	2634.00	2634.00	2634.00	2634.00	2633.50	2633.50	2633.50	2633.00	2632.75	2632.50	2632.50	2632.50	2632.50	2632.50	2632.50	2632.50	2632.50	2632.00	2632.00	2632.00	2632.00	2632.00	2631.00	2630.50	2630.25	2629.75	2629.25	2628.00	2627.00	2626.00	2624.50	2622.75	2621.50	2619.50	2618.25	2617.00	2615.50	2614.00	2613.00	2612.00	2610.75	2610.25	2609.50	2608.75	2608.50	2608.00	2607.50	2607.50	2607.50	2607.50	2607.75	2608.00	2608.50	2608.50	2608.50	2608.75	2609.00	2609.00	2609.50	2609.50	2609.50	2609.50	2609.00	2609.00	2608.50	2608.50	2608.50	2608.50	2608.50	2608.50	2608.50	2608.00	2608.00	2608.00	2608.00	2608.00	2608.00	2608.00	2608.00	2608.00	2608.00	2608.00	2608.00	2608.00	2608.00	2608.00	2608.00	2608.00	2608.00	2608.00	2608.00	2608.00	2608.00	2607.50	2607.50	2607.50	2607.25	2607.00	2607.00	2607.00	2607.00	2607.00	2607.00	2607.00	2606.75	2606.50	2606.50	2606.50	2606.50	2606.00	2605.75	2605.50	2605.50	2605.50	2605.00	2605.00	2604.75	2604.50	2604.50	2604.50	2604.25	2604.00	2603.75	2603.50	2603.50	2603.50	2603.00	2602.50	2602.50	2602.25	2602.00	2601.50	2601.00	2601.00	2600.50	2600.25	2600.00	2599.50	2599.50	2599.50	2599.50	2599.50	2599.50	2599.50	2599.50	2599.50	2599.50	2600.25	2600.50	2600.50	2600.75	2601.00	2601.00	2602.00	2602.00	2602.00	2602.00	2602.00	2602.00	2602.00	2602.00	2602.00	2602.00
2653.00	2654.00	2654.50	2655.00	2655.00	2655.00	2655.00	2655.00	2655.00	2655.00	2655.00	2655.00	2655.00	2655.00	2655.00	2655.00	2655.00	2655.00	2655.00	2655.00	2655.00	2655.00	2655.00	2654.00	2654.00	2653.50	2653.00	2652.50	2651.00	2651.00	2649.50	2648.00	2646.50	2646.00	2645.50	2644.00	2642.50	2641.00	2640.00	2638.50	2638.00	2637.00	2636.50	2636.00	2636.00	2636.00	2636.00	2636.00	2636.00	2636.00	2637.00	2637.00	2637.50	2638.00	2638.00	2638.00	2638.50	2639.00	2639.00	2639.00	2639.00	2639.00	2639.00	2639.00	2639.00	2639.00	2639.00	2639.00	2639.00	2639.00	2639.00	2638.50	2638.00	2638.00	2638.00	2638.00	2638.00	2637.00	2637.00	2637.00	2636.50	2636.00	2636.00	2635.00	2635.00	2635.00	2634.50	2634.00	2634.00	2634.00	2634.00	2634.00	2634.00	2634.00	2634.00	2634.00	2634.00	2633.00	2633.00	2633.00	2633.00	2632.50	2632.00	2632.00	2632.00	2632.00	2632.00	2632.00	2632.00	2632.00	2632.00	2632.00	2632.00	2632.00	2632.00	2631.00	2630.00	2629.50	2629.00	2628.50	2627.50	2626.50	2625.00	2624.00	2622.00	2620.50	2618.50	2617.00	2615.50	2614.00	2612.50	2612.00	2611.00	2609.50	2609.00	2608.50	2608.00	2608.00	2607.00	2607.00	2607.00	2607.00	2607.00	2607.50	2608.00	2608.00	2608.00	2608.00	2608.50	2609.00	2609.00	2609.00	2609.00	2609.00	2609.00	2609.00	2609.00	2608.00	2608.00	2608.00	2608.00	2608.00	2608.00	2608.00	2608.00	2608.00	2608.00	2608.00	2608.00	2608.00	2608.00	2608.00	2608.00	2608.00	2608.00	2608.00	2608.00	2608.00	2608.00	2608.00	2608.00	2608.00	2608.00	2608.00	2608.00	2608.00	2608.00	2608.00	2608.00	2607.50	2607.00	2607.00	2607.00	2607.00	2607.00	2607.00	2607.00	2607.00	2607.00	2607.00	2607.00	2607.00	2606.00	2606.00	2606.00	2606.00	2606.00	2605.00	2605.00	2605.00	2605.00	2605.00	2605.00	2604.50	2604.00	2604.00	2604.00	2604.00	2604.00	2603.50	2603.00	2603.00	2603.00	2603.00	2602.00	2602.00	2602.00	2601.00	2601.00	2601.00	2600.00	2600.00	2600.00	2600.00	2600.00	2600.00	2600.00	2600.00	2600.00	2600.00	2600.50	2601.00	2601.00	2601.00	2601.00	2601.00	2602.00	2602.00	2602.00	2602.00	2602.00	2602.00	2602.00	2602.00	2602.00	2602.00
2653.00	2654.00	2654.50	2655.00	2655.00	2655.00	2655.00	2655.00	2655.00	2655.00	2655.00	2655.00	2655.00	2655.00	2655.00	2655.00	2655.00	2655.00	2655.00	2655.00	2655.00	2655.00	2655.00	2654.00	2654.00	2653.50	2653.00	2652.50	2651.00	2651.00	2649.50	2648.00	2646.50	2646.00	2645.50	2644.00	2642.50	2641.00	2640.00	2638.50	2638.00	2637.00	2636.50	2636.00	2636.00	2636.00	2636.00	2636.00	2636.00	2636.00	2637.00	2637.00	2637.50	2638.00	2638.00	2638.00	2638.50	2639.00	2639.00	2639.00	2639.00	2639.00	2639.00	2639.00	2639.00	2639.00	2639.00	2639.00	2639.00	2639.00	2639.00	2638.50	2638.00	2638.00	2638.00	2638.00	2638.00	2637.00	2637.00	2637.00	2636.50	2636.00	2636.00	2635.00	2635.00	2635.00	2634.50	2634.00	2634.00	2634.00	2634.00	2634.00	2634.00	2634.00	2634.00	2634.00	2634.00	2633.00	2633.00	2633.00	2633.00	2632.50	2632.00	2632.00	2632.00	2632.00	2632.00	2632.00	2632.00	2632.00	2632.00	2632.00	2632.00	2632.00	2632.00	2631.00	2630.00	2629.50	2629.00	2628.50	2627.50	2626.50	2625.00	2624.00	2622.00	2620.50	2618.50	2617.00	2615.50	2614.00	2612.50	2612.00	2611.00	2609.50	2609.00	2608.50	2608.00	2608.00	2607.00	2607.00	2607.00	2607.00	2607.00	2607.50	2608.00	2608.00	2608.00	2608.00	2608.50	2609.00	2609.00	2609.00	2609.00	2609.00	2609.00	2609.00	2609.00	2608.00	2608.00	2608.00	2608.00	2608.00	2608.00	2608.00	2608.00	2608.00	2608.00	2608.00	2608.00	2608.00	2608.00	2608.00	2608.00	2608.00	2608.00	2608.00	2608.00	2608.00	2608.00	2608.00	2608.00	2608.00	2608.00	2608.00	2608.00	2608.00	2608.00	2608.00	2608.00	2607.50	2607.00	2607.00	2607.00	2607.00	2607.00	2607.00	2607.00	2607.00	2607.00	2607.00	2607.00	2607.00	2606.00	2606.00	2606.00	2606.00	2606.00	2605.00	2605.00	2605.00	2605.00	2605.00	2605.00	2604.50	2604.00	2604.00	2604.00	2604.00	2604.00	2603.50	2603.00	2603.00	2603.00	2603.00	2602.00	2602.00	2602.00	2601.00	2601.00	2601.00	2600.00	2600.00	2600.00	2600.00	2600.00	2600.00	2600.00	2600.00	2600.00	2600.00	2600.50	2601.00	2601.00	2601.00	2601.00	2601.00	2602.00	2602.00	2602.00	2602.00	2602.00	2602.00	2602.00	2602.00	2602.00	2602.00
2654.00	2654.75	2655.25	2655.50	2655.50	2655.50	2655.50	2655.50	2655.50	2655.50	2655.50	2655.50	2655.50	2655.50	2655.50	2655.50	2655.50	2655.50	2655.50	2655.50	2655.25	2655.00	2655.00	2654.25	2654.00	2653.50	2653.00	2652.50	2651.00	2651.00	2649.50	2648.00	2646.50	2645.75	2645.00	2643.50	2642.00	2640.50	2639.50	2638.50	2637.75	2636.75	2636.25	2636.00	2635.50	2635.50	2635.50	2635.50	2635.75	2636.00	2636.50	2637.00	2637.25	2637.50	2638.00	2638.00	2638.50	2639.00	2639.00	2639.00	2639.00	2639.00	2639.00	2638.75	2638.50	2638.50	2638.50	2638.50	2638.00	2638.00	2638.00	2637.75	2637.50	2637.50	2637.50	2637.00	2637.00	2636.50	2636.50	2636.25	2635.75	2635.50	2635.50	2634.75	2634.50	2634.50	2634.25	2634.00	2634.00	2634.00	2634.00	2634.00	2634.00	2634.00	2633.50	2633.50	2633.50	2633.00	2633.00	2633.00	2633.00	2632.25	2632.00	2632.00	2632.00	2632.00	2632.00	2632.00	2632.00	2632.00	2632.00	2632.00	2632.00	2632.00	2632.00	2631.00	2630.50	2629.50	2628.75	2628.00	2626.50	2625.50	2624.00	2623.00	2621.25	2620.00	2617.50	2616.25	2615.00	2613.50	2612.00	2611.00	2610.00	2609.00	2608.50	2608.00	2607.50	2607.50	2607.00	2607.00	2607.00	2607.00	2607.00	2607.25	2608.00	2608.00	2608.00	2608.00	2608.25	2608.75	2609.00	2609.00	2609.00	2609.00	2609.00	2608.50	2608.50	2608.00	2608.00	2608.00	2608.00	2608.00	2608.00	2608.00	2608.00	2608.00	2608.00	2608.00	2608.00	2608.00	2608.00	2608.00	2608.00	2608.25	2608.50	2608.50	2608.50	2608.00	2608.50	2608.50	2608.50	2608.50	2608.25	2608.00	2608.00	2608.00	2608.00	2608.00	2608.00	2607.75	2607.50	2607.50	2607.50	2607.50	2607.00	2607.00	2607.00	2607.00	2607.00	2607.00	2607.00	2607.00	2606.50	2606.50	2606.50	2606.25	2606.00	2605.50	2605.50	2605.50	2605.50	2605.50	2605.25	2604.75	2604.50	2604.50	2604.50	2604.50	2604.25	2603.75	2603.50	2603.50	2603.50	2603.50	2603.00	2602.50	2602.50	2601.75	2601.50	2601.50	2600.75	2600.50	2600.50	2600.50	2600.50	2600.50	2600.50	2600.50	2600.50	2600.50	2600.75	2601.00	2601.00	2601.00	2601.00	2601.00	2601.50	2601.50	2601.50	2601.50	2601.50	2601.50	2601.50	2601.50	2601.50	2601.50
2655.00	2655.50	2656.00	2656.00	2656.00	2656.00	2656.00	2656.00	2656.00	2656.00	2656.00	2656.00	2656.00	2656.00	2656.00	2656.00	2656.00	2656.00	2656.00	2656.00	2655.50	2655.00	2655.00	2654.50	2654.00	2653.50	2653.00	2652.50	2651.00	2651.00	2649.50	2648.00	2646.50	2645.50	2644.50	2643.00	2641.50	2640.00	2639.00	2638.50	2637.50	2636.50	2636.00	2636.00	2635.00	2635.00	2635.00	2635.00	2635.50	2636.00	2636.00	2637.00	2637.00	2637.00	2638.00	2638.00	2638.50	2639.00	2639.00	2639.00	2639.00	2639.00	2639.00	2638.50	2638.00	2638.00	2638.00	2638.00	2637.00	2637.00	2637.00	2637.00	2637.00	2637.00	2637.00	2636.00	2636.00	2636.00	2636.00	2635.50	2635.00	2635.00	2635.00	2634.50	2634.00	2634.00	2634.00	2634.00	2634.00	2634.00	2634.00	2634.00	2634.00	2634.00	2633.00	2633.00	2633.00	2633.00	2633.00	2633.00	2633.00	2632.00	2632.00	2632.00	2632.00	2632.00	2632.00	2632.00	2632.00	2632.00	2632.00	2632.00	2632.00	2632.00	2632.00	2631.00	2631.00	2629.50	2628.50	2627.50	2625.50	2624.50	2623.00	2622.00	2620.50	2619.50	2616.50	2615.50	2614.50	2613.00	2611.50	2610.00	2609.00	2608.50	2608.00	2607.50	2607.00	2607.00	2607.00	2607.00	2607.00	2607.00	2607.00	2607.00	2608.00	2608.00	2608.00	2608.00	2608.00	2608.50	2609.00	2609.00	2609.00	2609.00	2609.00	2608.00	2608.00	2608.00	2608.00	2608.00	2608.00	2608.00	2608.00	2608.00	2608.00	2608.00	2608.00	2608.00	2608.00	2608.00	2608.00	2608.00	2608.00	2608.50	2609.00	2609.00	2609.00	2608.00	2609.00	2609.00	2609.00	2609.00	2608.50	2608.00	2608.00	2608.00	2608.00	2608.00	2608.00	2608.00	2608.00	2608.00	2608.00	2608.00	2607.00	2607.00	2607.00	2607.00	2607.00	2607.00	2607.00	2607.00	2607.00	2607.00	2607.00	2606.50	2606.00	2606.00	2606.00	2606.00	2606.00	2606.00	2605.50	2605.00	2605.00	2605.00	2605.00	2605.00	2604.50	2604.00	2604.00	2604.00	2604.00	2604.00	2604.00	2603.00	2603.00	2602.50	2602.00	2602.00	2601.50	2601.00	2601.00	2601.00	2601.00	2601.00	2601.00	2601.00	2601.00	2601.00	2601.00	2601.00	2601.00	2601.00	2601.00	2601.00	2601.00	2601.00	2601.00	2601.00	2601.00	2601.00	2601.00	2601.00	2601.00	2601.00
2655.00	2655.50	2656.00	2656.00	2656.00	2656.00	2656.00	2656.00	2656.00	2656.00	2656.00	2656.00	2656.00	2656.00	2656.00	2656.00	2656.00	2656.00	2656.00	2656.00	2655.50	2655.00	2655.00	2654.50	2654.00	2653.50	2653.00	2652.50	2651.00	2651.00	2649.50	2648.00	2646.50	2645.50	2644.50	2643.00	2641.50	2640.00	2639.00	2638.50	2637.50	2636.50	2636.00	2636.00	2635.00	2635.00	2635.00	2635.00	2635.50	2636.00	2636.00	2637.00	2637.00	2637.00	2638.00	2638.00	2638.50	2639.00	2639.00	2639.00	2639.00	2639.00	2639.00	2638.50	2638.00	2638.00	2638.00	2638.00	2637.00	2637.00	2637.00	2637.00	2637.00	2637.00	2637.00	2636.00	2636.00	2636.00	2636.00	2635.50	2635.00	2635.00	2635.00	2634.50	2634.00	2634.00	2634.00	2634.00	2634.00	2634.00	2634.00	2634.00	2634.00	2634.00	2633.00	2633.00	2633.00	2633.00	2633.00	2633.00	2633.00	2632.00	2632.00	2632.00	2632.00	2632.00	2632.00	2632.00	2632.00	2632.00	2632.00	2632.00	2632.00	2632.00	2632.00	2631.00	2631.00	2629.50	2628.50	2627.50	2625.50	2624.50	2623.00	2622.00	2620.50	2619.50	2616.50	2615.50	2614.50	2613.00	2611.50	2610.00	2609.00	2608.50	2608.00	2607.50	2607.00	2607.00	2607.00	2607.00	2607.00	2607.00	2607.00	2607.00	2608.00	2608.00	2608.00	2608.00	2608.00	2608.50	2609.00	2609.00	2609.00	2609.00	2609.00	2608.00	2608.00	2608.00	2608.00	2608.00	2608.00	2608.00	2608.00	2608.00	2608.00	2608.00	2608.00	2608.00	2608.00	2608.00	2608.00	2608.00	2608.00	2608.50	2609.00	2609.00	2609.00	2608.00	2609.00	2609.00	2609.00	2609.00	2608.50	2608.00	2608.00	2608.00	2608.00	2608.00	2608.00	2608.00	2608.00	2608.00	2608.00	2608.00	2607.00	2607.00	2607.00	2607.00	2607.00	2607.00	2607.00	2607.00	2607.00	2607.00	2607.00	2606.50	2606.00	2606.00	2606.00	2606.00	2606.00	2606.00	2605.50	2605.00	2605.00	2605.00	2605.00	2605.00	2604.50	2604.00	2604.00	2604.00	2604.00	2604.00	2604.00	2603.00	2603.00	2602.50	2602.00	2602.00	2601.50	2601.00	2601.00	2601.00	2601.00	2601.00	2601.00	2601.00	2601.00	2601.00	2601.00	2601.00	2601.00	2601.00	2601.00	2601.00	2601.00	2601.00	2601.00	2601.00	2601.00	2601.00	2601.00	2601.00	2601.00	2601.00
2655.00	2655.50	2656.00	2656.00	2656.00	2656.00	2656.00	2656.00	2656.00	2656.00	2656.00	2656.00	2656.00	2656.00	2656.00	2656.00	2656.00	2656.00	2656.00	2656.00	2655.50	2655.00	2655.00	2654.50	2654.00	2653.50	2653.00	2652.50	2651.00	2651.00	2649.50	2648.00	2646.50	2645.50	2644.50	2643.00	2641.50	2640.00	2639.00	2638.50	2637.50	2636.50	2636.00	2636.00	2635.00	2635.00	2635.00	2635.00	2635.50	2636.00	2636.00	2637.00	2637.00	2637.00	2638.00	2638.00	2638.50	2639.00	2639.00	2639.00	2639.00	2639.00	2639.00	2638.50	2638.00	2638.00	2638.00	2638.00	2637.00	2637.00	2637.00	2637.00	2637.00	2637.00	2637.00	2636.00	2636.00	2636.00	2636.00	2635.50	2635.00	2635.00	2635.00	2634.50	2634.00	2634.00	2634.00	2634.00	2634.00	2634.00	2634.00	2634.00	2634.00	2634.00	2633.00	2633.00	2633.00	2633.00	2633.00	2633.00	2633.00	2632.00	2632.00	2632.00	2632.00	2632.00	2632.00	2632.00	2632.00	2632.00	2632.00	2632.00	2632.00	2632.00	2632.00	2631.00	2631.00	2629.50	2628.50	2627.50	2625.50	2624.50	2623.00	2622.00	2620.50	2619.50	2616.50	2615.50	2614.50	2613.00	2611.50	2610.00	2609.00	2608.50	2608.00	2607.50	2607.00	2607.00	2607.00	2607.00	2607.00	2607.00	2607.00	2607.00	2608.00	2608.00	2608.00	2608.00	2608.00	2608.50	2609.00	2609.00	2609.00	2609.00	2609.00	2608.00	2608.00	2608.00	2608.00	2608.00	2608.00	2608.00	2608.00	2608.00	2608.00	2608.00	2608.00	2608.00	2608.00	2608.00	2608.00	2608.00	2608.00	2608.50	2609.00	2609.00	2609.00	2608.00	2609.00	2609.00	2609.00	2609.00	2608.50	2608.00	2608.00	2608.00	2608.00	2608.00	2608.00	2608.00	2608.00	2608.00	2608.00	2608.00	2607.00	2607.00	2607.00	2607.00	2607.00	2607.00	2607.00	2607.00	2607.00	2607.00	2607.00	2606.50	2606.00	2606.00	2606.00	2606.00	2606.00	2606.00	2605.50	2605.00	2605.00	2605.00	2605.00	2605.00	2604.50	2604.00	2604.00	2604.00	2604.00	2604.00	2604.00	2603.00	2603.00	2602.50	2602.00	2602.00	2601.50	2601.00	2601.00	2601.00	2601.00	2601.00	2601.00	2601.00	2601.00	2601.00	2601.00	2601.00	2601.00	2601.00	2601.00	2601.00	2601.00	2601.00	2601.00	2601.00	2601.00	2601.00	2601.00	2601.00	2601.00	2601.00
2655.50	2656.25	2656.50	2656.50	2656.50	2657.00	2657.00	2656.75	2656.50	2656.50	2656.50	2656.50	2656.50	2656.50	2656.50	2656.50	2656.50	2656.50	2656.25	2656.00	2655.50	2655.00	2655.00	2654.25	2653.75	2653.00	2652.25	2651.75	2650.50	2650.00	2648.50	2647.00	2645.75	2645.00	2644.00	2642.50	2641.00	2639.50	2639.00	2638.00	2637.25	2636.25	2635.75	2635.50	2635.00	2635.00	2635.00	2635.00	2635.25	2635.50	2636.00	2636.50	2636.50	2637.00	2637.50	2637.75	2638.25	2638.50	2638.50	2638.50	2638.50	2638.50	2638.50	2638.25	2638.00	2637.75	2637.50	2637.50	2637.00	2637.00	2636.75	2636.50	2636.50	2636.50	2636.50	2636.00	2635.50	2635.50	2635.50	2635.25	2635.00	2635.00	2635.00	2634.25	2634.00	2634.00	2634.00	2634.00	2634.00	2634.00	2634.00	2634.00	2634.00	2633.75	2633.00	2633.00	2633.00	2633.00	2633.00	2633.00	2633.00	2632.00	2632.00	2632.00	2632.00	2632.00	2632.00	2632.00	2632.00	2632.00	2632.00	2632.00	2632.00	2632.00	2632.00	2631.00	2630.50	2629.50	2628.50	2627.50	2625.50	2624.50	2623.00	2621.50	2619.75	2618.50	2616.00	2614.75	2613.50	2612.00	2610.50	2609.00	2608.50	2607.75	2607.50	2607.00	2606.50	2606.50	2606.50	2606.50	2607.00	2607.00	2607.00	2607.00	2608.00	2608.00	2608.00	2608.00	2608.00	2608.25	2608.75	2609.00	2609.00	2609.00	2609.00	2608.25	2608.00	2608.00	2608.00	2608.00	2608.00	2608.00	2608.00	2608.00	2608.00	2608.00	2608.00	2608.00	2608.00	2608.00	2608.00	2608.50	2608.50	2608.75	2609.00	2609.00	2609.00	2608.50	2609.00	2609.00	2609.00	2609.00	2608.75	2608.50	2608.50	2608.50	2608.50	2608.50	2608.50	2608.50	2608.50	2608.50	2608.00	2608.00	2607.50	2607.50	2607.50	2607.50	2607.50	2607.50	2607.50	2607.50	2607.50	2607.50	2607.00	2606.75	2606.50	2606.50	2606.50	2606.50	2606.50	2606.50	2606.25	2606.00	2605.75	2605.50	2605.50	2605.50	2605.25	2605.00	2604.75	2604.50	2604.50	2604.50	2604.50	2603.50	2603.50	2603.00	2602.50	2602.50	2602.00	2601.50	2601.50	2601.00	2601.00	2601.00	2601.00	2601.00	2601.00	2600.50	2600.50	2600.50	2600.50	2600.50	2600.50	2600.50	2600.50	2600.50	2600.50	2600.50	2600.50	2600.50	2600.50	2600.50	2600.50	2600.50
2656.00	2657.00	2657.00	2657.00	2657.00	2658.00	2658.00	2657.50	2657.00	2657.00	2657.00	2657.00	2657.00	2657.00	2657.00	2657.00	2657.00	2657.00	2656.50	2656.00	2655.50	2655.00	2655.00	2654.00	2653.50	2652.50	2651.50	2651.00	2650.00	2649.00	2647.50	2646.00	2645.00	2644.50	2643.50	2642.00	2640.50	2639.00	2639.00	2637.50	2637.00	2636.00	2635.50	2635.00	2635.00	2635.00	2635.00	2635.00	2635.00	2635.00	2636.00	2636.00	2636.00	2637.00	2637.00	2637.50	2638.00	2638.00	2638.00	2638.00	2638.00	2638.00	2638.00	2638.00	2638.00	2637.50	2637.00	2637.00	2637.00	2637.00	2636.50	2636.00	2636.00	2636.00	2636.00	2636.00	2635.00	2635.00	2635.00	2635.00	2635.00	2635.00	2635.00	2634.00	2634.00	2634.00	2634.00	2634.00	2634.00	2634.00	2634.00	2634.00	2634.00	2633.50	2633.00	2633.00	2633.00	2633.00	2633.00	2633.00	2633.00	2632.00	2632.00	2632.00	2632.00	2632.00	2632.00	2632.00	2632.00	2632.00	2632.00	2632.00	2632.00	2632.00	2632.00	2631.00	2630.00	2629.50	2628.50	2627.50	2625.50	2624.50	2623.00	2621.00	2619.00	2617.50	2615.50	2614.00	2612.50	2611.00	2609.50	2608.00	2608.00	2607.00	2607.00	2606.50	2606.00	2606.00	2606.00	2606.00	2607.00	2607.00	2607.00	2607.00	2608.00	2608.00	2608.00	2608.00	2608.00	2608.00	2608.50	2609.00	2609.00	2609.00	2609.00	2608.50	2608.00	2608.00	2608.00	2608.00	2608.00	2608.00	2608.00	2608.00	2608.00	2608.00	2608.00	2608.00	2608.00	2608.00	2608.00	2609.00	2609.00	2609.00	2609.00	2609.00	2609.00	2609.00	2609.00	2609.00	2609.00	2609.00	2609.00	2609.00	2609.00	2609.00	2609.00	2609.00	2609.00	2609.00	2609.00	2609.00	2608.00	2608.00	2608.00	2608.00	2608.00	2608.00	2608.00	2608.00	2608.00	2608.00	2608.00	2608.00	2607.00	2607.00	2607.00	2607.00	2607.00	2607.00	2607.00	2607.00	2607.00	2607.00	2606.50	2606.00	2606.00	2606.00	2606.00	2606.00	2605.50	2605.00	2605.00	2605.00	2605.00	2604.00	2604.00	2603.50	2603.00	2603.00	2602.50	2602.00	2602.00	2601.00	2601.00	2601.00	2601.00	2601.00	2601.00	2600.00	2600.00	2600.00	2600.00	2600.00	2600.00	2600.00	2600.00	2600.00	2600.00	2600.00	2600.00	2600.00	2600.00	2600.00	2600.00	2600.00
2657.00	2657.50	2658.00	2658.00	2658.00	2658.00	2658.00	2658.00	2658.00	2658.00	2658.00	2657.50	2657.00	2657.00	2657.00	2656.00	2656.00	2656.00	2655.50	2655.00	2654.00	2653.00	2653.00	2652.00	2651.50	2650.50	2649.50	2648.50	2647.00	2646.00	2645.00	2644.00	2642.50	2641.50	2640.50	2639.00	2638.50	2638.00	2637.00	2636.00	2636.00	2635.00	2635.00	2635.00	2634.00	2634.50	2635.00	2635.00	2635.00	2635.00	2635.00	2635.00	2636.00	2636.00	2636.00	2636.50	2637.00	2637.00	2637.00	2637.00	2637.00	2637.00	2637.00	2637.00	2637.00	2637.00	2637.00	2637.00	2636.00	2636.00	2636.00	2636.00	2635.50	2635.00	2635.00	2635.00	2635.00	2635.00	2635.00	2635.00	2635.00	2635.00	2635.00	2634.00	2634.00	2634.00	2634.00	2634.00	2634.00	2634.00	2634.00	2634.00	2634.00	2634.00	2634.00	2634.00	2634.00	2633.00	2633.00	2633.00	2633.00	2633.00	2633.00	2632.50	2632.00	2632.00	2632.00	2632.00	2632.00	2632.00	2632.00	2632.00	2632.00	2632.00	2632.00	2631.00	2631.00	2629.50	2628.50	2627.50	2625.50	2624.50	2622.00	2621.00	2619.00	2617.50	2614.50	2613.00	2611.50	2610.00	2608.50	2607.00	2607.00	2606.00	2605.50	2605.00	2605.00	2605.00	2606.00	2606.00	2606.00	2606.00	2607.00	2607.00	2607.00	2608.00	2608.00	2608.00	2609.00	2609.00	2609.00	2609.00	2609.00	2609.00	2609.00	2608.50	2608.00	2608.00	2608.00	2608.00	2608.00	2608.00	2608.00	2608.00	2608.00	2608.00	2608.00	2608.50	2609.00	2609.00	2609.00	2609.00	2609.00	2610.00	2610.00	2610.00	2610.00	2610.00	2610.00	2609.00	2609.00	2609.00	2609.00	2609.00	2609.00	2609.00	2609.00	2609.00	2609.00	2609.00	2609.00	2609.00	2609.00	2609.00	2609.00	2609.00	2609.00	2609.00	2609.00	2609.00	2609.00	2609.00	2608.50	2608.00	2608.00	2608.00	2608.00	2608.00	2607.00	2607.00	2607.00	2607.00	2607.00	2607.00	2607.00	2607.00	2607.00	2607.00	2607.00	2607.00	2606.00	2606.00	2606.00	2606.00	2606.00	2605.00	2604.00	2604.00	2603.50	2603.00	2602.50	2602.00	2602.00	2602.00	2601.00	2601.00	2600.00	2600.00	2599.50	2599.00	2599.00	2599.00	2599.00	2599.00	2599.00	2599.00	2599.00	2599.00	2598.00	2598.00	2598.00	2598.00	2598.00	2598.00	2598.00	2598.00
2657.00	2657.50	2658.00	2658.00	2658.00	2658.00	2658.00	2658.00	2658.00	2658.00	2658.00	2657.50	2657.00	2657.00	2657.00	2656.00	2656.00	2656.00	2655.50	2655.00	2654.00	2653.00	2653.00	2652.00	2651.50	2650.50	2649.50	2648.50	2647.00	2646.00	2645.00	2644.00	2642.50	2641.50	2640.50	2639.00	2638.50	2638.00	2637.00	2636.00	2636.00	2635.00	2635.00	2635.00	2634.00	2634.50	2635.00	2635.00	2635.00	2635.00	2635.00	2635.00	2636.00	2636.00	2636.00	2636.50	2637.00	2637.00	2637.00	2637.00	2637.00	2637.00	2637.00	2637.00	2637.00	2637.00	2637.00	2637.00	2636.00	2636.00	2636.00	2636.00	2635.50	2635.00	2635.00	2635.00	2635.00	2635.00	2635.00	2635.00	2635.00	2635.00	2635.00	2634.00	2634.00	2634.00	2634.00	2634.00	2634.00	2634.00	2634.00	2634.00	2634.00	2634.00	2634.00	2634.00	2634.00	2633.00	2633.00	2633.00	2633.00	2633.00	2633.00	2632.50	2632.00	2632.00	2632.00	2632.00	2632.00	2632.00	2632.00	2632.00	2632.00	2632.00	2632.00	2631.00	2631.00	2629.50	2628.50	2627.50	2625.50	2624.50	2622.00	2621.00	2619.00	2617.50	2614.50	2613.00	2611.50	2610.00	2608.50	2607.00	2607.00	2606.00	2605.50	2605.00	2605.00	2605.00	2606.00	2606.00	2606.00	2606.00	2607.00	2607.00	2607.00	2608.00	2608.00	2608.00	2609.00	2609.00	2609.00	2609.00	2609.00	2609.00	2609.00	2608.50	2608.00	2608.00	2608.00	2608.00	2608.00	2608.00	2608.00	2608.00	2608.00	2608.00	2608.00	2608.50	2609.00	2609.00	2609.00	2609.00	2609.00	2610.00	2610.00	2610.00	2610.00	2610.00	2610.00	2609.00	2609.00	2609.00	2609.00	2609.00	2609.00	2609.00	2609.00	2609.00	2609.00	2609.00	2609.00	2609.00	2609.00	2609.00	2609.00	2609.00	2609.00	2609.00	2609.00	2609.00	2609.00	2609.00	2608.50	2608.00	2608.00	2608.00	2608.00	2608.00	2607.00	2607.00	2607.00	2607.00	2607.00	2607.00	2607.00	2607.00	2607.00	2607.00	2607.00	2607.00	2606.00	2606.00	2606.00	2606.00	2606.00	2605.00	2604.00	2604.00	2603.50	2603.00	2602.50	2602.00	2602.00	2602.00	2601.00	2601.00	2600.00	2600.00	2599.50	2599.00	2599.00	2599.00	2599.00	2599.00	2599.00	2599.00	2599.00	2599.00	2598.00	2598.00	2598.00	2598.00	2598.00	2598.00	2598.00	2598.00
2657.00	2657.50	2658.00	2658.00	2658.00	2658.00	2658.00	2658.00	2658.00	2658.00	2658.00	2657.50	2657.00	2657.00	2657.00	2656.00	2656.00	2656.00	2655.50	2655.00	2654.00	2653.00	2653.00	2652.00	2651.50	2650.50	2649.50	2648.50	2647.00	2646.00	2645.00	2644.00	2642.50	2641.50	2640.50	2639.00	2638.50	2638.00	2637.00	2636.00	2636.00	2635.00	2635.00	2635.00	2634.00	2634.50	2635.00	2635.00	2635.00	2635.00	2635.00	2635.00	2636.00	2636.00	2636.00	2636.50	2637.00	2637.00	2637.00	2637.00	2637.00	2637.00	2637.00	2637.00	2637.00	2637.00	2637.00	2637.00	2636.00	2636.00	2636.00	2636.00	2635.50	2635.00	2635.00	2635.00	2635.00	2635.00	2635.00	2635.00	2635.00	2635.00	2635.00	2634.00	2634.00	2634.00	2634.00	2634.00	2634.00	2634.00	2634.00	2634.00	2634.00	2634.00	2634.00	2634.00	2634.00	2633.00	2633.00	2633.00	2633.00	2633.00	2633.00	2632.50	2632.00	2632.00	2632.00	2632.00	2632.00	2632.00	2632.00	2632.00	2632.00	2632.00	2632.00	2631.00	2631.00	2629.50	2628.50	2627.50	2625.50	2624.50	2622.00	2621.00	2619.00	2617.50	2614.50	2613.00	2611.50	2610.00	2608.50	2607.00	2607.00	2606.00	2605.50	2605.00	2605.00	2605.00	2606.00	2606.00	2606.00	2606.00	2607.00	2607.00	2607.00	2608.00	2608.00	2608.00	2609.00	2609.00	2609.00	2609.00	2609.00	2609.00	2609.00	2608.50	2608.00	2608.00	2608.00	2608.00	2608.00	2608.00	2608.00	2608.00	2608.00	2608.00	2608.00	2608.50	2609.00	2609.00	2609.00	2609.00	2609.00	2610.00	2610.00	2610.00	2610.00	2610.00	2610.00	2609.00	2609.00	2609.00	2609.00	2609.00	2609.00	2609.00	2609.00	2609.00	2609.00	2609.00	2609.00	2609.00	2609.00	2609.00	2609.00	2609.00	2609.00	2609.00	2609.00	2609.00	2609.00	2609.00	2608.50	2608.00	2608.00	2608.00	2608.00	2608.00	2607.00	2607.00	2607.00	2607.00	2607.00	2607.00	2607.00	2607.00	2607.00	2607.00	2607.00	2607.00	2606.00	2606.00	2606.00	2606.00	2606.00	2605.00	2604.00	2604.00	2603.50	2603.00	2602.50	2602.00	2602.00	2602.00	2601.00	2601.00	2600.00	2600.00	2599.50	2599.00	2599.00	2599.00	2599.00	2599.00	2599.00	2599.00	2599.00	2599.00	2598.00	2598.00	2598.00	2598.00	2598.00	2598.00	2598.00	2598.00
2657.00	2657.50	2658.00	2658.00	2658.00	2658.00	2658.00	2658.00	2658.00	2658.00	2658.00	2657.50	2657.00	2657.00	2657.00	2656.00	2656.00	2656.00	2655.50	2655.00	2654.00	2653.00	2653.00	2652.00	2651.50	2650.50	2649.50	2648.50	2647.00	2646.00	2645.00	2644.00	2642.50	2641.50	2640.50	2639.00	2638.50	2638.00	2637.00	2636.00	2636.00	2635.00	2635.00	2635.00	2634.00	2634.50	2635.00	2635.00	2635.00	2635.00	2635.00	2635.00	2636.00	2636.00	2636.00	2636.50	2637.00	2637.00	2637.00	2637.00	2637.00	2637.00	2637.00	2637.00	2637.00	2637.00	2637.00	2637.00	2636.00	2636.00	2636.00	2636.00	2635.50	2635.00	2635.00	2635.00	2635.00	2635.00	2635.00	2635.00	2635.00	2635.00	2635.00	2634.00	2634.00	2634.00	2634.00	2634.00	2634.00	2634.00	2634.00	2634.00	2634.00	2634.00	2634.00	2634.00	2634.00	2633.00	2633.00	2633.00	2633.00	2633.00	2633.00	2632.50	2632.00	2632.00	2632.00	2632.00	2632.00	2632.00	2632.00	2632.00	2632.00	2632.00	2632.00	2631.00	2631.00	2629.50	2628.50	2627.50	2625.50	2624.50	2622.00	2621.00	2619.00	2617.50	2614.50	2613.00	2611.50	2610.00	2608.50	2607.00	2607.00	2606.00	2605.50	2605.00	2605.00	2605.00	2606.00	2606.00	2606.00	2606.00	2607.00	2607.00	2607.00	2608.00	2608.00	2608.00	2609.00	2609.00	2609.00	2609.00	2609.00	2609.00	2609.00	2608.50	2608.00	2608.00	2608.00	2608.00	2608.00	2608.00	2608.00	2608.00	2608.00	2608.00	2608.00	2608.50	2609.00	2609.00	2609.00	2609.00	2609.00	2610.00	2610.00	2610.00	2610.00	2610.00	2610.00	2609.00	2609.00	2609.00	2609.00	2609.00	2609.00	2609.00	2609.00	2609.00	2609.00	2609.00	2609.00	2609.00	2609.00	2609.00	2609.00	2609.00	2609.00	2609.00	2609.00	2609.00	2609.00	2609.00	2608.50	2608.00	2608.00	2608.00	2608.00	2608.00	2607.00	2607.00	2607.00	2607.00	2607.00	2607.00	2607.00	2607.00	2607.00	2607.00	2607.00	2607.00	2606.00	2606.00	2606.00	2606.00	2606.00	2605.00	2604.00	2604.00	2603.50	2603.00	2602.50	2602.00	2602.00	2602.00	2601.00	2601.00	2600.00	2600.00	2599.50	2599.00	2599.00	2599.00	2599.00	2599.00	2599.00	2599.00	2599.00	2599.00	2598.00	2598.00	2598.00	2598.00	2598.00	2598.00	2598.00	2598.00
2658.00	2658.00	2658.00	2658.00	2658.00	2658.00	2658.00	2658.00	2658.00	2658.00	2658.00	2657.50	2657.00	2657.00	2656.00	2655.00	2654.50	2654.00	2653.50	2652.00	2651.50	2651.00	2650.00	2648.50	2648.00	2647.00	2645.50	2644.50	2643.00	2643.00	2641.50	2640.00	2639.00	2638.50	2637.50	2637.00	2636.00	2635.00	2635.00	2635.00	2634.50	2634.00	2634.00	2634.00	2634.00	2634.00	2634.00	2634.00	2634.00	2634.50	2635.00	2635.00	2635.00	2635.00	2635.00	2635.50	2636.00	2636.00	2636.00	2636.00	2636.00	2636.00	2636.00	2636.00	2636.00	2636.00	2636.00	2636.00	2636.00	2636.00	2635.00	2635.00	2635.00	2635.00	2635.00	2635.00	2635.00	2635.00	2635.00	2635.00	2635.00	2635.00	2635.00	2635.00	2634.00	2634.00	2634.00	2634.00	2634.00	2634.00	2634.00	2634.00	2634.00	2634.00	2634.00	2634.00	2634.00	2634.00	2634.00	2634.00	2634.00	2633.00	2633.00	2633.00	2633.00	2633.00	2633.00	2632.00	2632.00	2632.00	2632.00	2632.00	2632.00	2632.00	2632.00	2631.00	2631.00	2629.50	2628.50	2627.50	2625.50	2624.50	2623.00	2621.00	2619.00	2617.50	2614.50	2613.00	2611.50	2610.00	2608.50	2607.00	2606.00	2606.00	2605.50	2605.00	2605.00	2605.00	2605.00	2605.00	2606.00	2606.00	2607.00	2607.00	2607.00	2608.00	2608.00	2609.00	2609.00	2609.00	2609.00	2609.00	2609.00	2609.00	2609.00	2609.00	2609.00	2609.00	2609.00	2609.00	2609.00	2609.00	2609.00	2609.00	2609.00	2609.00	2609.00	2609.00	2609.00	2609.00	2610.00	2610.00	2610.00	2610.00	2610.00	2610.00	2610.00	2610.00	2610.00	2610.00	2610.00	2610.00	2610.00	2610.00	2610.00	2610.00	2610.00	2610.00	2610.00	2610.00	2610.00	2610.00	2610.00	2610.00	2610.00	2610.00	2610.00	2610.00	2610.00	2610.00	2609.50	2609.00	2609.00	2609.00	2609.00	2609.00	2609.00	2609.00	2608.00	2608.00	2608.00	2608.00	2608.00	2608.00	2607.50	2607.00	2607.00	2607.00	2607.00	2607.00	2606.00	2606.00	2606.00	2606.00	2605.00	2605.00	2604.00	2604.00	2603.50	2603.00	2602.50	2602.00	2602.00	2601.00	2600.50	2600.00	2599.50	2599.00	2599.00	2598.00	2598.00	2598.00	2598.00	2597.50	2597.00	2597.00	2597.00	2597.00	2597.00	2597.00	2597.00	2597.00	2597.00	2597.00	2596.00	2596.00
2658.00	2658.00	2658.00	2658.00	2658.00	2658.00	2658.00	2658.00	2658.00	2658.00	2658.00	2657.50	2657.00	2657.00	2656.00	2655.00	2654.50	2654.00	2653.50	2652.00	2651.50	2651.00	2650.00	2648.50	2648.00	2647.00	2645.50	2644.50	2643.00	2643.00	2641.50	2640.00	2639.00	2638.50	2637.50	2637.00	2636.00	2635.00	2635.00	2635.00	2634.50	2634.00	2634.00	2634.00	2634.00	2634.00	2634.00	2634.00	2634.00	2634.50	2635.00	2635.00	2635.00	2635.00	2635.00	2635.50	2636.00	2636.00	2636.00	2636.00	2636.00	2636.00	2636.00	2636.00	2636.00	2636.00	2636.00	2636.00	2636.00	2636.00	2635.00	2635.00	2635.00	2635.00	2635.00	2635.00	2635.00	2635.00	2635.00	2635.00	2635.00	2635.00	2635.00	2635.00	2634.00	2634.00	2634.00	2634.00	2634.00	2634.00	2634.00	2634.00	2634.00	2634.00	2634.00	2634.00	2634.00	2634.00	2634.00	2634.00	2634.00	2633.00	2633.00	2633.00	2633.00	2633.00	2633.00	2632.00	2632.00	2632.00	2632.00	2632.00	2632.00	2632.00	2632.00	2631.00	2631.00	2629.50	2628.50	2627.50	2625.50	2624.50	2623.00	2621.00	2619.00	2617.50	2614.50	2613.00	2611.50	2610.00	2608.50	2607.00	2606.00	2606.00	2605.50	2605.00	2605.00	2605.00	2605.00	2605.00	2606.00	2606.00	2607.00	2607.00	2607.00	2608.00	2608.00	2609.00	2609.00	2609.00	2609.00	2609.00	2609.00	2609.00	2609.00	2609.00	2609.00	2609.00	2609.00	2609.00	2609.00	2609.00	2609.00	2609.00	2609.00	2609.00	2609.00	2609.00	2609.00	2609.00	2610.00	2610.00	2610.00	2610.00	2610.00	2610.00	2610.00	2610.00	2610.00	2610.00	2610.00	2610.00	2610.00	2610.00	2610.00	2610.00	2610.00	2610.00	2610.00	2610.00	2610.00	2610.00	2610.00	2610.00	2610.00	2610.00	2610.00	2610.00	2610.00	2610.00	2609.50	2609.00	2609.00	2609.00	2609.00	2609.00	2609.00	2609.00	2608.00	2608.00	2608.00	2608.00	2608.00	2608.00	2607.50	2607.00	2607.00	2607.00	2607.00	2607.00	2606.00	2606.00	2606.00	2606.00	2605.00	2605.00	2604.00	2604.00	2603.50	2603.00	2602.50	2602.00	2602.00	2601.00	2600.50	2600.00	2599.50	2599.00	2599.00	2598.00	2598.00	2598.00	2598.00	2597.50	2597.00	2597.00	2597.00	2597.00	2597.00	2597.00	2597.00	2597.00	2597.00	2597.00	2596.00	2596.00
2658.00	2658.00	2658.00	2658.00	2658.00	2658.00	2658.00	2658.00	2658.00	2658.00	2658.00	2657.50	2657.00	2657.00	2656.00	2655.00	2654.50	2654.00	2653.50	2652.00	2651.50	2651.00	2650.00	2648.50	2648.00	2647.00	2645.50	2644.50	2643.00	2643.00	2641.50	2640.00	2639.00	2638.50	2637.50	2637.00	2636.00	2635.00	2635.00	2635.00	2634.50	2634.00	2634.00	2634.00	2634.00	2634.00	2634.00	2634.00	2634.00	2634.50	2635.00	2635.00	2635.00	2635.00	2635.00	2635.50	2636.00	2636.00	2636.00	2636.00	2636.00	2636.00	2636.00	2636.00	2636.00	2636.00	2636.00	2636.00	2636.00	2636.00	2635.00	2635.00	2635.00	2635.00	2635.00	2635.00	2635.00	2635.00	2635.00	2635.00	2635.00	2635.00	2635.00	2635.00	2634.00	2634.00	2634.00	2634.00	2634.00	2634.00	2634.00	2634.00	2634.00	2634.00	2634.00	2634.00	2634.00	2634.00	2634.00	2634.00	2634.00	2633.00	2633.00	2633.00	2633.00	2633.00	2633.00	2632.00	2632.00	2632.00	2632.00	2632.00	2632.00	2632.00	2632.00	2631.00	2631.00	2629.50	2628.50	2627.50	2625.50	2624.50	2623.00	2621.00	2619.00	2617.50	2614.50	2613.00	2611.50	2610.00	2608.50	2607.00	2606.00	2606.00	2605.50	2605.00	2605.00	2605.00	2605.00	2605.00	2606.00	2606.00	2607.00	2607.00	2607.00	2608.00	2608.00	2609.00	2609.00	2609.00	2609.00	2609.00	2609.00	2609.00	2609.00	2609.00	2609.00	2609.00	2609.00	2609.00	2609.00	2609.00	2609.00	2609.00	2609.00	2609.00	2609.00	2609.00	2609.00	2609.00	2610.00	2610.00	2610.00	2610.00	2610.00	2610.00	2610.00	2610.00	2610.00	2610.00	2610.00	2610.00	2610.00	2610.00	2610.00	2610.00	2610.00	2610.00	2610.00	2610.00	2610.00	2610.00	2610.00	2610.00	2610.00	2610.00	2610.00	2610.00	2610.00	2610.00	2609.50	2609.00	2609.00	2609.00	2609.00	2609.00	2609.00	2609.00	2608.00	2608.00	2608.00	2608.00	2608.00	2608.00	2607.50	2607.00	2607.00	2607.00	2607.00	2607.00	2606.00	2606.00	2606.00	2606.00	2605.00	2605.00	2604.00	2604.00	2603.50	2603.00	2602.50	2602.00	2602.00	2601.00	2600.50	2600.00	2599.50	2599.00	2599.00	2598.00	2598.00	2598.00	2598.00	2597.50	2597.00	2597.00	2597.00	2597.00	2597.00	2597.00	2597.00	2597.00	2597.00	2597.00	2596.00	2596.00
2656.00	2656.00	2656.00	2656.00	2656.00	2656.00	2656.00	2656.00	2656.00	2655.50	2655.00	2655.00	2655.00	2654.00	2653.50	2652.00	2651.50	2651.00	2650.50	2649.00	2648.00	2647.00	2646.00	2644.50	2644.00	2643.00	2641.50	2640.50	2639.00	2639.00	2637.50	2637.00	2635.50	2635.00	2635.00	2634.00	2634.00	2634.00	2633.00	2633.00	2633.00	2633.00	2633.00	2633.00	2633.00	2633.50	2634.00	2634.00	2634.00	2634.00	2634.00	2635.00	2635.00	2635.00	2635.00	2635.00	2635.00	2635.00	2635.00	2635.00	2635.00	2635.00	2635.00	2635.00	2635.00	2635.00	2635.00	2635.00	2635.00	2635.00	2635.00	2635.00	2635.00	2635.00	2635.00	2635.00	2635.00	2635.00	2635.00	2635.00	2635.00	2635.00	2635.00	2635.00	2635.00	2635.00	2635.00	2635.00	2634.00	2634.00	2634.00	2634.00	2634.00	2634.00	2634.00	2634.00	2634.00	2634.00	2634.00	2634.00	2634.00	2634.00	2634.00	2634.00	2633.50	2633.00	2633.00	2633.00	2633.00	2633.00	2632.50	2632.00	2632.00	2632.00	2632.00	2631.00	2631.00	2630.00	2629.50	2628.50	2626.50	2625.00	2623.00	2622.00	2620.00	2618.50	2615.00	2613.50	2612.50	2610.00	2608.50	2608.00	2607.00	2606.00	2605.50	2605.00	2605.00	2605.00	2605.00	2605.00	2606.00	2607.00	2607.00	2607.50	2608.00	2608.00	2608.00	2609.00	2609.00	2609.00	2609.00	2609.00	2609.00	2609.00	2609.00	2609.00	2609.00	2609.00	2609.00	2609.00	2609.00	2609.00	2609.00	2609.00	2609.00	2609.00	2609.00	2610.00	2610.00	2610.00	2610.00	2610.00	2610.50	2611.00	2611.00	2610.50	2610.00	2610.00	2610.00	2610.00	2610.00	2610.00	2610.00	2610.00	2610.00	2610.00	2610.00	2610.00	2610.00	2610.00	2610.00	2610.00	2610.00	2610.00	2610.00	2610.00	2610.00	2610.00	2610.00	2610.00	2610.00	2610.00	2610.00	2610.00	2610.00	2610.00	2610.00	2609.00	2609.00	2609.00	2608.00	2608.00	2608.00	2608.00	2608.00	2607.50	2607.00	2607.00	2607.00	2607.00	2606.50	2606.00	2606.00	2605.00	2605.00	2605.00	2604.00	2604.00	2603.50	2603.00	2602.00	2601.50	2601.00	2600.00	2600.00	2599.50	2599.00	2598.50	2598.00	2598.00	2597.00	2597.00	2597.00	2596.00	2596.00	2596.00	2596.00	2596.00	2596.00	2596.00	2595.50	2595.00	2595.00	2595.00	2594.00	2594.00
2656.00	2656.00	2656.00	2656.00	2656.00	2656.00	2656.00	2656.00	2656.00	2655.50	2655.00	2655.00	2655.00	2654.00	2653.50	2652.00	2651.50	2651.00	2650.50	2649.00	2648.00	2647.00	2646.00	2644.50	2644.00	2643.00	2641.50	2640.50	2639.00	2639.00	2637.50	2637.00	2635.50	2635.00	2635.00	2634.00	2634.00	2634.00	2633.00	2633.00	2633.00	2633.00	2633.00	2633.00	2633.00	2633.50	2634.00	2634.00	2634.00	2634.00	2634.00	2635.00	2635.00	2635.00	2635.00	2635.00	2635.00	2635.00	2635.00	2635.00	2635.00	2635.00	2635.00	2635.00	2635.00	2635.00	2635.00	2635.00	2635.00	2635.00	2635.00	2635.00	2635.00	2635.00	2635.00	2635.00	2635.00	2635.00	2635.00	2635.00	2635.00	2635.00	2635.00	2635.00	2635.00	2635.00	2635.00	2635.00	2634.00	2634.00	2634.00	2634.00	2634.00	2634.00	2634.00	2634.00	2634.00	2634.00	2634.00	2634.00	2634.00	2634.00	2634.00	2634.00	2633.50	2633.00	2633.00	2633.00	2633.00	2633.00	2632.50	2632.00	2632.00	2632.00	2632.00	2631.00	2631.00	2630.00	2629.50	2628.50	2626.50	2625.00	2623.00	2622.00	2620.00	2618.50	2615.00	2613.50	2612.50	2610.00	2608.50	2608.00	2607.00	2606.00	2605.50	2605.00	2605.00	2605.00	2605.00	2605.00	2606.00	2607.00	2607.00	2607.50	2608.00	2608.00	2608.00	2609.00	2609.00	2609.00	2609.00	2609.00	2609.00	2609.00	2609.00	2609.00	2609.00	2609.00	2609.00	2609.00	2609.00	2609.00	2609.00	2609.00	2609.00	2609.00	2609.00	2610.00	2610.00	2610.00	2610.00	2610.00	2610.50	2611.00	2611.00	2610.50	2610.00	2610.00	2610.00	2610.00	2610.00	2610.00	2610.00	2610.00	2610.00	2610.00	2610.00	2610.00	2610.00	2610.00	2610.00	2610.00	2610.00	2610.00	2610.00	2610.00	2610.00	2610.00	2610.00	2610.00	2610.00	2610.00	2610.00	2610.00	2610.00	2610.00	2610.00	2609.00	2609.00	2609.00	2608.00	2608.00	2608.00	2608.00	2608.00	2607.50	2607.00	2607.00	2607.00	2607.00	2606.50	2606.00	2606.00	2605.00	2605.00	2605.00	2604.00	2604.00	2603.50	2603.00	2602.00	2601.50	2601.00	2600.00	2600.00	2599.50	2599.00	2598.50	2598.00	2598.00	2597.00	2597.00	2597.00	2596.00	2596.00	2596.00	2596.00	2596.00	2596.00	2596.00	2595.50	2595.00	2595.00	2595.00	2594.00	2594.00
2656.00	2656.00	2656.00	2656.00	2656.00	2656.00	2656.00	2656.00	2656.00	2655.50	2655.00	2655.00	2655.00	2654.00	2653.50	2652.00	2651.50	2651.00	2650.50	2649.00	2648.00	2647.00	2646.00	2644.50	2644.00	2643.00	2641.50	2640.50	2639.00	2639.00	2637.50	2637.00	2635.50	2635.00	2635.00	2634.00	2634.00	2634.00	2633.00	2633.00	2633.00	2633.00	2633.00	2633.00	2633.00	2633.50	2634.00	2634.00	2634.00	2634.00	2634.00	2635.00	2635.00	2635.00	2635.00	2635.00	2635.00	2635.00	2635.00	2635.00	2635.00	2635.00	2635.00	2635.00	2635.00	2635.00	2635.00	2635.00	2635.00	2635.00	2635.00	2635.00	2635.00	2635.00	2635.00	2635.00	2635.00	2635.00	2635.00	2635.00	2635.00	2635.00	2635.00	2635.00	2635.00	2635.00	2635.00	2635.00	2634.00	2634.00	2634.00	2634.00	2634.00	2634.00	2634.00	2634.00	2634.00	2634.00	2634.00	2634.00	2634.00	2634.00	2634.00	2634.00	2633.50	2633.00	2633.00	2633.00	2633.00	2633.00	2632.50	2632.00	2632.00	2632.00	2632.00	2631.00	2631.00	2630.00	2629.50	2628.50	2626.50	2625.00	2623.00	2622.00	2620.00	2618.50	2615.00	2613.50	2612.50	2610.00	2608.50	2608.00	2607.00	2606.00	2605.50	2605.00	2605.00	2605.00	2605.00	2605.00	2606.00	2607.00	2607.00	2607.50	2608.00	2608.00	2608.00	2609.00	2609.00	2609.00	2609.00	2609.00	2609.00	2609.00	2609.00	2609.00	2609.00	2609.00	2609.00	2609.00	2609.00	2609.00	2609.00	2609.00	2609.00	2609.00	2609.00	2610.00	2610.00	2610.00	2610.00	2610.00	2610.50	2611.00	2611.00	2610.50	2610.00	2610.00	2610.00	2610.00	2610.00	2610.00	2610.00	2610.00	2610.00	2610.00	2610.00	2610.00	2610.00	2610.00	2610.00	2610.00	2610.00	2610.00	2610.00	2610.00	2610.00	2610.00	2610.00	2610.00	2610.00	2610.00	2610.00	2610.00	2610.00	2610.00	2610.00	2609.00	2609.00	2609.00	2608.00	2608.00	2608.00	2608.00	2608.00	2607.50	2607.00	2607.00	2607.00	2607.00	2606.50	2606.00	2606.00	2605.00	2605.00	2605.00	2604.00	2604.00	2603.50	2603.00	2602.00	2601.50	2601.00	2600.00	2600.00	2599.50	2599.00	2598.50	2598.00	2598.00	2597.00	2597.00	2597.00	2596.00	2596.00	2596.00	2596.00	2596.00	2596.00	2596.00	2595.50	2595.00	2595.00	2595.00	2594.00	2594.00
2655.00	2655.00	2655.00	2655.00	2655.00	2654.50	2654.50	2654.50	2654.50	2654.00	2653.50	2653.25	2653.00	2652.00	2651.50	2650.50	2649.50	2648.75	2648.25	2647.00	2645.75	2645.00	2644.00	2642.50	2642.00	2641.00	2639.50	2638.75	2637.50	2637.50	2636.25	2635.50	2634.75	2634.25	2634.00	2633.50	2633.50	2633.50	2633.00	2633.00	2633.00	2633.25	2633.50	2633.50	2633.50	2634.00	2634.50	2634.50	2634.50	2634.50	2634.50	2635.00	2635.00	2635.00	2635.00	2635.00	2635.00	2635.00	2635.00	2635.00	2635.00	2635.00	2635.00	2635.00	2635.00	2635.00	2635.00	2635.00	2635.00	2635.00	2635.00	2635.00	2635.00	2635.00	2635.00	2635.00	2635.00	2635.00	2635.00	2635.00	2635.00	2635.00	2635.00	2635.00	2635.00	2635.00	2635.00	2635.00	2634.25	2634.00	2634.00	2634.00	2634.00	2634.00	2634.00	2634.00	2634.00	2634.00	2634.00	2634.00	2634.00	2634.00	2634.00	2634.00	2633.25	2633.00	2633.00	2633.00	2633.00	2633.00	2632.75	2632.50	2632.50	2632.00	2632.00	2631.50	2631.00	2630.00	2629.50	2628.50	2626.50	2625.25	2623.00	2622.00	2619.50	2618.00	2614.75	2613.50	2612.25	2610.00	2608.50	2607.50	2607.00	2606.00	2605.75	2605.25	2605.00	2605.00	2605.50	2605.50	2606.25	2607.00	2607.25	2607.75	2608.00	2608.50	2608.50	2609.00	2609.25	2609.50	2609.50	2609.50	2609.50	2609.50	2609.50	2609.50	2609.50	2609.50	2609.50	2609.50	2610.00	2610.00	2609.50	2610.00	2610.00	2610.00	2610.00	2610.50	2610.50	2610.50	2610.50	2610.50	2610.75	2611.00	2611.00	2610.75	2610.50	2610.50	2610.00	2610.00	2610.00	2610.00	2610.00	2610.25	2610.50	2610.50	2610.50	2610.50	2610.50	2610.50	2610.50	2610.50	2610.50	2610.50	2610.50	2610.50	2610.50	2610.50	2610.50	2610.50	2610.50	2610.50	2610.00	2610.00	2610.00	2610.00	2610.00	2609.00	2609.00	2609.00	2608.00	2608.00	2608.00	2608.00	2607.50	2607.25	2607.00	2607.00	2606.75	2606.50	2606.25	2606.00	2605.75	2605.00	2605.00	2604.50	2604.00	2603.50	2603.00	2602.50	2601.50	2601.00	2600.50	2599.50	2599.25	2598.75	2598.25	2597.75	2597.50	2597.00	2596.50	2596.50	2596.00	2595.50	2595.50	2595.50	2595.50	2595.50	2595.50	2595.00	2594.75	2594.50	2594.25	2594.00	2593.50	2593.50
2654.00	2654.00	2654.00	2654.00	2654.00	2653.00	2653.00	2653.00	2653.00	2652.50	2652.00	2651.50	2651.00	2650.00	2649.50	2649.00	2647.50	2646.50	2646.00	2645.00	2643.50	2643.00	2642.00	2640.50	2640.00	2639.00	2637.50	2637.00	2636.00	2636.00	2635.00	2634.00	2634.00	2633.50	2633.00	2633.00	2633.00	2633.00	2633.00	2633.00	2633.00	2633.50	2634.00	2634.00	2634.00	2634.50	2635.00	2635.00	2635.00	2635.00	2635.00	2635.00	2635.00	2635.00	2635.00	2635.00	2635.00	2635.00	2635.00	2635.00	2635.00	2635.00	2635.00	2635.00	2635.00	2635.00	2635.00	2635.00	2635.00	2635.00	2635.00	2635.00	2635.00	2635.00	2635.00	2635.00	2635.00	2635.00	2635.00	2635.00	2635.00	2635.00	2635.00	2635.00	2635.00	2635.00	2635.00	2635.00	2634.50	2634.00	2634.00	2634.00	2634.00	2634.00	2634.00	2634.00	2634.00	2634.00	2634.00	2634.00	2634.00	2634.00	2634.00	2634.00	2633.00	2633.00	2633.00	2633.00	2633.00	2633.00	2633.00	2633.00	2633.00	2632.00	2632.00	2632.00	2631.00	2630.00	2629.50	2628.50	2626.50	2625.50	2623.00	2622.00	2619.00	2617.50	2614.50	2613.50	2612.00	2610.00	2608.50	2607.00	2607.00	2606.00	2606.00	2605.50	2605.00	2605.00	2606.00	2606.00	2606.50	2607.00	2607.50	2608.00	2608.00	2609.00	2609.00	2609.00	2609.50	2610.00	2610.00	2610.00	2610.00	2610.00	2610.00	2610.00	2610.00	2610.00	2610.00	2610.00	2611.00	2611.00	2610.00	2611.00	2611.00	2611.00	2611.00	2611.00	2611.00	2611.00	2611.00	2611.00	2611.00	2611.00	2611.00	2611.00	2611.00	2611.00	2610.00	2610.00	2610.00	2610.00	2610.00	2610.50	2611.00	2611.00	2611.00	2611.00	2611.00	2611.00	2611.00	2611.00	2611.00	2611.00	2611.00	2611.00	2611.00	2611.00	2611.00	2611.00	2611.00	2611.00	2610.00	2610.00	2610.00	2610.00	2610.00	2609.00	2609.00	2609.00	2608.00	2608.00	2608.00	2608.00	2607.00	2607.00	2607.00	2607.00	2606.50	2606.00	2606.00	2606.00	2605.50	2605.00	2605.00	2604.00	2604.00	2603.00	2602.50	2602.00	2601.00	2600.50	2600.00	2599.00	2598.50	2598.00	2597.50	2597.00	2597.00	2596.00	2596.00	2596.00	2595.00	2595.00	2595.00	2595.00	2595.00	2595.00	2595.00	2594.00	2594.00	2594.00	2593.50	2593.00	2593.00	2593.00
2654.00	2654.00	2654.00	2654.00	2654.00	2653.00	2653.00	2653.00	2653.00	2652.50	2652.00	2651.50	2651.00	2650.00	2649.50	2649.00	2647.50	2646.50	2646.00	2645.00	2643.50	2643.00	2642.00	2640.50	2640.00	2639.00	2637.50	2637.00	2636.00	2636.00	2635.00	2634.00	2634.00	2633.50	2633.00	2633.00	2633.00	2633.00	2633.00	2633.00	2633.00	2633.50	2634.00	2634.00	2634.00	2634.50	2635.00	2635.00	2635.00	2635.00	2635.00	2635.00	2635.00	2635.00	2635.00	2635.00	2635.00	2635.00	2635.00	2635.00	2635.00	2635.00	2635.00	2635.00	2635.00	2635.00	2635.00	2635.00	2635.00	2635.00	2635.00	2635.00	2635.00	2635.00	2635.00	2635.00	2635.00	2635.00	2635.00	2635.00	2635.00	2635.00	2635.00	2635.00	2635.00	2635.00	2635.00	2635.00	2634.50	2634.00	2634.00	2634.00	2634.00	2634.00	2634.00	2634.00	2634.00	2634.00	2634.00	2634.00	2634.00	2634.00	2634.00	2634.00	2633.00	2633.00	2633.00	2633.00	2633.00	2633.00	2633.00	2633.00	2633.00	2632.00	2632.00	2632.00	2631.00	2630.00	2629.50	2628.50	2626.50	2625.50	2623.00	2622.00	2619.00	2617.50	2614.50	2613.50	2612.00	2610.00	2608.50	2607.00	2607.00	2606.00	2606.00	2605.50	2605.00	2605.00	2606.00	2606.00	2606.50	2607.00	2607.50	2608.00	2608.00	2609.00	2609.00	2609.00	2609.50	2610.00	2610.00	2610.00	2610.00	2610.00	2610.00	2610.00	2610.00	2610.00	2610.00	2610.00	2611.00	2611.00	2610.00	2611.00	2611.00	2611.00	2611.00	2611.00	2611.00	2611.00	2611.00	2611.00	2611.00	2611.00	2611.00	2611.00	2611.00	2611.00	2610.00	2610.00	2610.00	2610.00	2610.00	2610.50	2611.00	2611.00	2611.00	2611.00	2611.00	2611.00	2611.00	2611.00	2611.00	2611.00	2611.00	2611.00	2611.00	2611.00	2611.00	2611.00	2611.00	2611.00	2610.00	2610.00	2610.00	2610.00	2610.00	2609.00	2609.00	2609.00	2608.00	2608.00	2608.00	2608.00	2607.00	2607.00	2607.00	2607.00	2606.50	2606.00	2606.00	2606.00	2605.50	2605.00	2605.00	2604.00	2604.00	2603.00	2602.50	2602.00	2601.00	2600.50	2600.00	2599.00	2598.50	2598.00	2597.50	2597.00	2597.00	2596.00	2596.00	2596.00	2595.00	2595.00	2595.00	2595.00	2595.00	2595.00	2595.00	2594.00	2594.00	2594.00	2593.50	2593.00	2593.00	2593.00
2654.00	2654.00	2654.00	2654.00	2654.00	2653.00	2653.00	2653.00	2653.00	2652.50	2652.00	2651.50	2651.00	2650.00	2649.50	2649.00	2647.50	2646.50	2646.00	2645.00	2643.50	2643.00	2642.00	2640.50	2640.00	2639.00	2637.50	2637.00	2636.00	2636.00	2635.00	2634.00	2634.00	2633.50	2633.00	2633.00	2633.00	2633.00	2633.00	2633.00	2633.00	2633.50	2634.00	2634.00	2634.00	2634.50	2635.00	2635.00	2635.00	2635.00	2635.00	2635.00	2635.00	2635.00	2635.00	2635.00	2635.00	2635.00	2635.00	2635.00	2635.00	2635.00	2635.00	2635.00	2635.00	2635.00	2635.00	2635.00	2635.00	2635.00	2635.00	2635.00	2635.00	2635.00	2635.00	2635.00	2635.00	2635.00	2635.00	2635.00	2635.00	2635.00	2635.00	2635.00	2635.00	2635.00	2635.00	2635.00	2634.50	2634.00	2634.00	2634.00	2634.00	2634.00	2634.00	2634.00	2634.00	2634.00	2634.00	2634.00	2634.00	2634.00	2634.00	2634.00	2633.00	2633.00	2633.00	2633.00	2633.00	2633.00	2633.00	2633.00	2633.00	2632.00	2632.00	2632.00	2631.00	2630.00	2629.50	2628.50	2626.50	2625.50	2623.00	2622.00	2619.00	2617.50	2614.50	2613.50	2612.00	2610.00	2608.50	2607.00	2607.00	2606.00	2606.00	2605.50	2605.00	2605.00	2606.00	2606.00	2606.50	2607.00	2607.50	2608.00	2608.00	2609.00	2609.00	2609.00	2609.50	2610.00	2610.00	2610.00	2610.00	2610.00	2610.00	2610.00	2610.00	2610.00	2610.00	2610.00	2611.00	2611.00	2610.00	2611.00	2611.00	2611.00	2611.00	2611.00	2611.00	2611.00	2611.00	2611.00	2611.00	2611.00	2611.00	2611.00	2611.00	2611.00	2610.00	2610.00	2610.00	2610.00	2610.00	2610.50	2611.00	2611.00	2611.00	2611.00	2611.00	2611.00	2611.00	2611.00	2611.00	2611.00	2611.00	2611.00	2611.00	2611.00	2611.00	2611.00	2611.00	2611.00	2610.00	2610.00	2610.00	2610.00	2610.00	2609.00	2609.00	2609.00	2608.00	2608.00	2608.00	2608.00	2607.00	2607.00	2607.00	2607.00	2606.50	2606.00	2606.00	2606.00	2605.50	2605.00	2605.00	2604.00	2604.00	2603.00	2602.50	2602.00	2601.00	2600.50	2600.00	2599.00	2598.50	2598.00	2597.50	2597.00	2597.00	2596.00	2596.00	2596.00	2595.00	2595.00	2595.00	2595.00	2595.00	2595.00	2595.00	2594.00	2594.00	2594.00	2593.50	2593.00	2593.00	2593.00
2651.00	2651.00	2651.00	2651.00	2650.00	2650.00	2650.00	2650.00	2649.50	2649.00	2648.50	2648.00	2647.00	2647.00	2645.50	2645.00	2644.00	2643.50	2642.50	2642.00	2640.50	2639.00	2639.00	2637.50	2636.50	2635.50	2634.50	2634.00	2634.00	2633.00	2633.00	2632.00	2632.00	2632.00	2632.00	2633.00	2633.00	2633.00	2633.00	2634.00	2634.00	2635.00	2635.00	2635.00	2635.00	2636.00	2636.00	2636.00	2636.00	2636.00	2636.00	2636.00	2636.00	2636.00	2636.00	2635.50	2635.00	2635.00	2635.00	2635.00	2635.00	2635.00	2635.00	2635.00	2635.00	2635.00	2635.00	2635.00	2635.00	2635.00	2635.00	2635.00	2635.00	2635.00	2635.00	2635.00	2635.00	2635.00	2635.00	2635.00	2635.00	2635.00	2635.00	2635.00	2635.00	2635.00	2634.00	2634.00	2634.00	2634.00	2634.00	2633.00	2633.00	2633.00	2633.00	2633.00	2633.00	2633.00	2633.00	2633.00	2633.00	2633.00	2633.00	2633.00	2633.00	2633.00	2633.00	2633.00	2633.00	2633.00	2632.50	2632.00	2632.00	2632.00	2632.00	2631.00	2630.00	2629.00	2628.50	2627.50	2624.50	2623.50	2622.00	2620.00	2618.00	2616.50	2613.50	2612.50	2611.00	2610.00	2608.50	2607.00	2607.00	2606.00	2606.00	2606.00	2606.00	2606.00	2606.00	2606.00	2607.00	2608.00	2608.50	2609.00	2609.00	2609.00	2610.00	2610.00	2610.00	2610.00	2610.00	2611.00	2611.00	2611.00	2611.00	2611.00	2611.00	2611.00	2611.00	2611.00	2611.00	2611.00	2611.00	2611.00	2611.00	2611.00	2611.00	2611.00	2611.00	2611.00	2611.00	2611.00	2611.00	2611.00	2611.00	2611.00	2610.00	2610.00	2610.00	2610.00	2610.50	2611.00	2611.00	2611.00	2611.00	2611.00	2611.00	2611.00	2611.00	2611.00	2611.00	2611.50	2612.00	2612.00	2612.00	2611.00	2612.00	2612.00	2612.00	2611.50	2611.00	2611.00	2610.50	2610.00	2610.00	2609.50	2609.00	2609.00	2609.00	2608.50	2608.00	2607.50	2607.00	2607.00	2606.50	2606.00	2606.00	2606.00	2605.00	2605.00	2605.00	2604.50	2604.00	2604.00	2604.00	2603.00	2603.00	2602.00	2601.50	2601.00	2600.00	2599.50	2598.00	2598.00	2597.00	2596.50	2595.50	2595.00	2595.00	2594.00	2594.00	2594.00	2594.00	2593.50	2593.00	2593.00	2593.00	2593.00	2593.00	2593.00	2593.00	2592.00	2592.00	2592.00	2591.00	2591.00
2651.00	2651.00	2651.00	2651.00	2650.00	2650.00	2650.00	2650.00	2649.50	2649.00	2648.50	2648.00	2647.00	2647.00	2645.50	2645.00	2644.00	2643.50	2642.50	2642.00	2640.50	2639.00	2639.00	2637.50	2636.50	2635.50	2634.50	2634.00	2634.00	2633.00	2633.00	2632.00	2632.00	2632.00	2632.00	2633.00	2633.00	2633.00	2633.00	2634.00	2634.00	2635.00	2635.00	2635.00	2635.00	2636.00	2636.00	2636.00	2636.00	2636.00	2636.00	2636.00	2636.00	2636.00	2636.00	2635.50	2635.00	2635.00	2635.00	2635.00	2635.00	2635.00	2635.00	2635.00	2635.00	2635.00	2635.00	2635.00	2635.00	2635.00	2635.00	2635.00	2635.00	2635.00	2635.00	2635.00	2635.00	2635.00	2635.00	2635.00	2635.00	2635.00	2635.00	2635.00	2635.00	2635.00	2634.00	2634.00	2634.00	2634.00	2634.00	2633.00	2633.00	2633.00	2633.00	2633.00	2633.00	2633.00	2633.00	2633.00	2633.00	2633.00	2633.00	2633.00	2633.00	2633.00	2633.00	2633.00	2633.00	2633.00	2632.50	2632.00	2632.00	2632.00	2632.00	2631.00	2630.00	2629.00	2628.50	2627.50	2624.50	2623.50	2622.00	2620.00	2618.00	2616.50	2613.50	2612.50	2611.00	2610.00	2608.50	2607.00	2607.00	2606.00	2606.00	2606.00	2606.00	2606.00	2606.00	2606.00	2607.00	2608.00	2608.50	2609.00	2609.00	2609.00	2610.00	2610.00	2610.00	2610.00	2610.00	2611.00	2611.00	2611.00	2611.00	2611.00	2611.00	2611.00	2611.00	2611.00	2611.00	2611.00	2611.00	2611.00	2611.00	2611.00	2611.00	2611.00	2611.00	2611.00	2611.00	2611.00	2611.00	2611.00	2611.00	2611.00	2610.00	2610.00	2610.00	2610.00	2610.50	2611.00	2611.00	2611.00	2611.00	2611.00	2611.00	2611.00	2611.00	2611.00	2611.00	2611.50	2612.00	2612.00	2612.00	2611.00	2612.00	2612.00	2612.00	2611.50	2611.00	2611.00	2610.50	2610.00	2610.00	2609.50	2609.00	2609.00	2609.00	2608.50	2608.00	2607.50	2607.00	2607.00	2606.50	2606.00	2606.00	2606.00	2605.00	2605.00	2605.00	2604.50	2604.00	2604.00	2604.00	2603.00	2603.00	2602.00	2601.50	2601.00	2600.00	2599.50	2598.00	2598.00	2597.00	2596.50	2595.50	2595.00	2595.00	2594.00	2594.00	2594.00	2594.00	2593.50	2593.00	2593.00	2593.00	2593.00	2593.00	2593.00	2593.00	2592.00	2592.00	2592.00	2591.00	2591.00
2651.00	2651.00	2651.00	2651.00	2650.00	2650.00	2650.00	2650.00	2649.50	2649.00	2648.50	2648.00	2647.00	2647.00	2645.50	2645.00	2644.00	2643.50	2642.50	2642.00	2640.50	2639.00	2639.00	2637.50	2636.50	2635.50	2634.50	2634.00	2634.00	2633.00	2633.00	2632.00	2632.00	2632.00	2632.00	2633.00	2633.00	2633.00	2633.00	2634.00	2634.00	2635.00	2635.00	2635.00	2635.00	2636.00	2636.00	2636.00	2636.00	2636.00	2636.00	2636.00	2636.00	2636.00	2636.00	2635.50	2635.00	2635.00	2635.00	2635.00	2635.00	2635.00	2635.00	2635.00	2635.00	2635.00	2635.00	2635.00	2635.00	2635.00	2635.00	2635.00	2635.00	2635.00	2635.00	2635.00	2635.00	2635.00	2635.00	2635.00	2635.00	2635.00	2635.00	2635.00	2635.00	2635.00	2634.00	2634.00	2634.00	2634.00	2634.00	2633.00	2633.00	2633.00	2633.00	2633.00	2633.00	2633.00	2633.00	2633.00	2633.00	2633.00	2633.00	2633.00	2633.00	2633.00	2633.00	2633.00	2633.00	2633.00	2632.50	2632.00	2632.00	2632.00	2632.00	2631.00	2630.00	2629.00	2628.50	2627.50	2624.50	2623.50	2622.00	2620.00	2618.00	2616.50	2613.50	2612.50	2611.00	2610.00	2608.50	2607.00	2607.00	2606.00	2606.00	2606.00	2606.00	2606.00	2606.00	2606.00	2607.00	2608.00	2608.50	2609.00	2609.00	2609.00	2610.00	2610.00	2610.00	2610.00	2610.00	2611.00	2611.00	2611.00	2611.00	2611.00	2611.00	2611.00	2611.00	2611.00	2611.00	2611.00	2611.00	2611.00	2611.00	2611.00	2611.00	2611.00	2611.00	2611.00	2611.00	2611.00	2611.00	2611.00	2611.00	2611.00	2610.00	2610.00	2610.00	2610.00	2610.50	2611.00	2611.00	2611.00	2611.00	2611.00	2611.00	2611.00	2611.00	2611.00	2611.00	2611.50	2612.00	2612.00	2612.00	2611.00	2612.00	2612.00	2612.00	2611.50	2611.00	2611.00	2610.50	2610.00	2610.00	2609.50	2609.00	2609.00	2609.00	2608.50	2608.00	2607.50	2607.00	2607.00	2606.50	2606.00	2606.00	2606.00	2605.00	2605.00	2605.00	2604.50	2604.00	2604.00	2604.00	2603.00	2603.00	2602.00	2601.50	2601.00	2600.00	2599.50	2598.00	2598.00	2597.00	2596.50	2595.50	2595.00	2595.00	2594.00	2594.00	2594.00	2594.00	2593.50	2593.00	2593.00	2593.00	2593.00	2593.00	2593.00	2593.00	2592.00	2592.00	2592.00	2591.00	2591.00
2649.50	2649.50	2649.50	2649.00	2648.50	2648.50	2648.50	2648.25	2647.75	2647.50	2647.00	2646.50	2645.50	2645.00	2644.00	2643.50	2642.25	2641.75	2641.00	2640.50	2639.25	2638.00	2637.50	2636.50	2635.50	2634.50	2633.75	2633.50	2633.00	2632.50	2632.50	2632.00	2632.50	2632.50	2632.50	2633.00	2633.50	2633.50	2634.00	2634.50	2634.50	2635.50	2635.50	2635.50	2635.50	2636.00	2636.00	2636.50	2636.50	2636.50	2636.50	2636.50	2636.50	2636.50	2636.00	2635.75	2635.50	2635.50	2635.50	2635.50	2635.50	2635.50	2635.50	2635.50	2635.50	2635.50	2635.50	2635.50	2635.50	2635.50	2635.50	2635.25	2635.00	2635.00	2635.00	2635.00	2635.00	2635.00	2635.00	2635.00	2635.00	2635.00	2635.00	2634.50	2634.50	2634.50	2634.00	2633.75	2633.50	2633.50	2633.50	2633.00	2632.75	2632.50	2632.50	2632.50	2632.50	2632.50	2632.50	2632.50	2632.50	2632.50	2632.50	2632.50	2632.50	2632.50	2632.50	2632.50	2632.50	2632.50	2632.25	2631.75	2631.50	2631.50	2631.00	2630.00	2629.00	2627.75	2627.00	2626.00	2623.50	2622.50	2620.50	2619.00	2617.00	2615.50	2613.00	2612.00	2610.75	2609.50	2608.00	2607.00	2607.00	2606.00	2606.00	2606.00	2606.25	2606.50	2606.50	2607.00	2607.75	2608.50	2609.00	2609.50	2609.50	2609.50	2610.00	2610.00	2610.50	2610.50	2610.50	2611.00	2611.00	2611.00	2611.00	2611.00	2611.00	2611.00	2611.00	2611.00	2611.00	2611.00	2611.00	2611.00	2611.00	2611.00	2611.00	2610.75	2610.50	2610.50	2610.50	2610.50	2610.50	2610.50	2610.50	2610.50	2610.00	2610.00	2610.00	2610.00	2610.25	2610.75	2611.00	2611.00	2611.00	2611.00	2611.00	2611.00	2611.50	2611.50	2611.50	2611.75	2612.00	2611.50	2611.50	2611.00	2611.50	2611.50	2611.50	2611.25	2611.00	2611.00	2610.25	2610.00	2609.50	2609.25	2608.75	2608.50	2608.50	2608.00	2607.50	2606.75	2606.50	2606.50	2605.75	2605.50	2605.00	2605.00	2604.25	2604.00	2604.00	2603.75	2603.25	2603.00	2603.00	2602.00	2602.00	2601.00	2600.50	2600.00	2599.25	2598.75	2597.50	2597.00	2596.25	2595.75	2594.75	2594.50	2594.50	2593.50	2593.50	2593.50	2593.00	2592.75	2592.50	2592.50	2592.50	2592.25	2592.00	2592.00	2592.00	2591.00	2591.00	2591.00	2590.00	2590.00
2648.00	2648.00	2648.00	2647.00	2647.00	2647.00	2647.00	2646.50	2646.00	2646.00	2645.50	2645.00	2644.00	2643.00	2642.50	2642.00	2640.50	2640.00	2639.50	2639.00	2638.00	2637.00	2636.00	2635.50	2634.50	2633.50	2633.00	2633.00	2632.00	2632.00	2632.00	2632.00	2633.00	2633.00	2633.00	2633.00	2634.00	2634.00	2635.00	2635.00	2635.00	2636.00	2636.00	2636.00	2636.00	2636.00	2636.00	2637.00	2637.00	2637.00	2637.00	2637.00	2637.00	2637.00	2636.00	2636.00	2636.00	2636.00	2636.00	2636.00	2636.00	2636.00	2636.00	2636.00	2636.00	2636.00	2636.00	2636.00	2636.00	2636.00	2636.00	2635.50	2635.00	2635.00	2635.00	2635.00	2635.00	2635.00	2635.00	2635.00	2635.00	2635.00	2635.00	2634.00	2634.00	2634.00	2634.00	2633.50	2633.00	2633.00	2633.00	2633.00	2632.50	2632.00	2632.00	2632.00	2632.00	2632.00	2632.00	2632.00	2632.00	2632.00	2632.00	2632.00	2632.00	2632.00	2632.00	2632.00	2632.00	2632.00	2632.00	2631.50	2631.00	2631.00	2630.00	2629.00	2628.00	2626.50	2625.50	2624.50	2622.50	2621.50	2619.00	2618.00	2616.00	2614.50	2612.50	2611.50	2610.50	2609.00	2607.50	2607.00	2607.00	2606.00	2606.00	2606.00	2606.50	2607.00	2607.00	2608.00	2608.50	2609.00	2609.50	2610.00	2610.00	2610.00	2610.00	2610.00	2611.00	2611.00	2611.00	2611.00	2611.00	2611.00	2611.00	2611.00	2611.00	2611.00	2611.00	2611.00	2611.00	2611.00	2611.00	2611.00	2611.00	2611.00	2611.00	2610.50	2610.00	2610.00	2610.00	2610.00	2610.00	2610.00	2610.00	2610.00	2610.00	2610.00	2610.00	2610.00	2610.00	2610.50	2611.00	2611.00	2611.00	2611.00	2611.00	2611.00	2612.00	2612.00	2612.00	2612.00	2612.00	2611.00	2611.00	2611.00	2611.00	2611.00	2611.00	2611.00	2611.00	2611.00	2610.00	2610.00	2609.00	2609.00	2608.50	2608.00	2608.00	2607.50	2607.00	2606.00	2606.00	2606.00	2605.00	2605.00	2604.00	2604.00	2603.50	2603.00	2603.00	2603.00	2602.50	2602.00	2602.00	2601.00	2601.00	2600.00	2599.50	2599.00	2598.50	2598.00	2597.00	2596.00	2595.50	2595.00	2594.00	2594.00	2594.00	2593.00	2593.00	2593.00	2592.00	2592.00	2592.00	2592.00	2592.00	2591.50	2591.00	2591.00	2591.00	2590.00	2590.00	2590.00	2589.00	2589.00
2648.00	2648.00	2648.00	2647.00	2647.00	2647.00	2647.00	2646.50	2646.00	2646.00	2645.50	2645.00	2644.00	2643.00	2642.50	2642.00	2640.50	2640.00	2639.50	2639.00	2638.00	2637.00	2636.00	2635.50	2634.50	2633.50	2633.00	2633.00	2632.00	2632.00	2632.00	2632.00	2633.00	2633.00	2633.00	2633.00	2634.00	2634.00	2635.00	2635.00	2635.00	2636.00	2636.00	2636.00	2636.00	2636.00	2636.00	2637.00	2637.00	2637.00	2637.00	2637.00	2637.00	2637.00	2636.00	2636.00	2636.00	2636.00	2636.00	2636.00	2636.00	2636.00	2636.00	2636.00	2636.00	2636.00	2636.00	2636.00	2636.00	2636.00	2636.00	2635.50	2635.00	2635.00	2635.00	2635.00	2635.00	2635.00	2635.00	2635.00	2635.00	2635.00	2635.00	2634.00	2634.00	2634.00	2634.00	2633.50	2633.00	2633.00	2633.00	2633.00	2632.50	2632.00	2632.00	2632.00	2632.00	2632.00	2632.00	2632.00	2632.00	2632.00	2632.00	2632.00	2632.00	2632.00	2632.00	2632.00	2632.00	2632.00	2632.00	2631.50	2631.00	2631.00	2630.00	2629.00	2628.00	2626.50	2625.50	2624.50	2622.50	2621.50	2619.00	2618.00	2616.00	2614.50	2612.50	2611.50	2610.50	2609.00	2607.50	2607.00	2607.00	2606.00	2606.00	2606.00	2606.50	2607.00	2607.00	2608.00	2608.50	2609.00	2609.50	2610.00	2610.00	2610.00	2610.00	2610.00	2611.00	2611.00	2611.00	2611.00	2611.00	2611.00	2611.00	2611.00	2611.00	2611.00	2611.00	2611.00	2611.00	2611.00	2611.00	2611.00	2611.00	2611.00	2611.00	2610.50	2610.00	2610.00	2610.00	2610.00	2610.00	2610.00	2610.00	2610.00	2610.00	2610.00	2610.00	2610.00	2610.00	2610.50	2611.00	2611.00	2611.00	2611.00	2611.00	2611.00	2612.00	2612.00	2612.00	2612.00	2612.00	2611.00	2611.00	2611.00	2611.00	2611.00	2611.00	2611.00	2611.00	2611.00	2610.00	2610.00	2609.00	2609.00	2608.50	2608.00	2608.00	2607.50	2607.00	2606.00	2606.00	2606.00	2605.00	2605.00	2604.00	2604.00	2603.50	2603.00	2603.00	2603.00	2602.50	2602.00	2602.00	2601.00	2601.00	2600.00	2599.50	2599.00	2598.50	2598.00	2597.00	2596.00	2595.50	2595.00	2594.00	2594.00	2594.00	2593.00	2593.00	2593.00	2592.00	2592.00	2592.00	2592.00	2592.00	2591.50	2591.00	2591.00	2591.00	2590.00	2590.00	2590.00	2589.00	2589.00
2648.00	2648.00	2648.00	2647.00	2647.00	2647.00	2647.00	2646.50	2646.00	2646.00	2645.50	2645.00	2644.00	2643.00	2642.50	2642.00	2640.50	2640.00	2639.50	2639.00	2638.00	2637.00	2636.00	2635.50	2634.50	2633.50	2633.00	2633.00	2632.00	2632.00	2632.00	2632.00	2633.00	2633.00	2633.00	2633.00	2634.00	2634.00	2635.00	2635.00	2635.00	2636.00	2636.00	2636.00	2636.00	2636.00	2636.00	2637.00	2637.00	2637.00	2637.00	2637.00	2637.00	2637.00	2636.00	2636.00	2636.00	2636.00	2636.00	2636.00	2636.00	2636.00	2636.00	2636.00	2636.00	2636.00	2636.00	2636.00	2636.00	2636.00	2636.00	2635.50	2635.00	2635.00	2635.00	2635.00	2635.00	2635.00	2635.00	2635.00	2635.00	2635.00	2635.00	2634.00	2634.00	2634.00	2634.00	2633.50	2633.00	2633.00	2633.00	2633.00	2632.50	2632.00	2632.00	2632.00	2632.00	2632.00	2632.00	2632.00	2632.00	2632.00	2632.00	2632.00	2632.00	2632.00	2632.00	2632.00	2632.00	2632.00	2632.00	2631.50	2631.00	2631.00	2630.00	2629.00	2628.00	2626.50	2625.50	2624.50	2622.50	2621.50	2619.00	2618.00	2616.00	2614.50	2612.50	2611.50	2610.50	2609.00	2607.50	2607.00	2607.00	2606.00	2606.00	2606.00	2606.50	2607.00	2607.00	2608.00	2608.50	2609.00	2609.50	2610.00	2610.00	2610.00	2610.00	2610.00	2611.00	2611.00	2611.00	2611.00	2611.00	2611.00	2611.00	2611.00	2611.00	2611.00	2611.00	2611.00	2611.00	2611.00	2611.00	2611.00	2611.00	2611.00	2611.00	2610.50	2610.00	2610.00	2610.00	2610.00	2610.00	2610.00	2610.00	2610.00	2610.00	2610.00	2610.00	2610.00	2610.00	2610.50	2611.00	2611.00	2611.00	2611.00	2611.00	2611.00	2612.00	2612.00	2612.00	2612.00	2612.00	2611.00	2611.00	2611.00	2611.00	2611.00	2611.00	2611.00	2611.00	2611.00	2610.00	2610.00	2609.00	2609.00	2608.50	2608.00	2608.00	2607.50	2607.00	2606.00	2606.00	2606.00	2605.00	2605.00	2604.00	2604.00	2603.50	2603.00	2603.00	2603.00	2602.50	2602.00	2602.00	2601.00	2601.00	2600.00	2599.50	2599.00	2598.50	2598.00	2597.00	2596.00	2595.50	2595.00	2594.00	2594.00	2594.00	2593.00	2593.00	2593.00	2592.00	2592.00	2592.00	2592.00	2592.00	2591.50	2591.00	2591.00	2591.00	2590.00	2590.00	2590.00	2589.00	2589.00
2645.00	2645.00	2645.00	2645.00	2645.00	2644.00	2644.00	2643.50	2643.00	2642.50	2642.00	2642.00	2642.00	2641.00	2641.00	2640.00	2639.00	2638.50	2638.00	2637.00	2636.50	2636.00	2635.00	2634.50	2634.00	2633.50	2633.00	2633.00	2633.00	2633.00	2633.00	2633.00	2633.50	2634.00	2634.00	2635.00	2635.00	2636.00	2636.00	2636.00	2636.50	2637.00	2637.00	2637.00	2637.00	2637.00	2637.00	2637.00	2637.00	2637.00	2637.00	2637.00	2637.00	2637.00	2637.00	2637.00	2637.00	2636.50	2636.00	2636.00	2636.00	2636.00	2636.00	2636.00	2636.00	2636.00	2636.00	2636.00	2636.00	2636.00	2636.00	2636.00	2636.00	2635.50	2635.00	2635.00	2635.00	2635.00	2635.00	2634.50	2634.00	2634.00	2634.00	2634.00	2633.00	2633.00	2633.00	2633.00	2632.50	2632.00	2632.00	2632.00	2631.00	2631.00	2631.00	2631.00	2630.50	2630.00	2630.00	2630.00	2630.00	2630.00	2630.00	2630.00	2630.00	2630.00	2630.00	2630.00	2630.00	2630.00	2629.00	2629.00	2629.00	2628.00	2627.00	2626.00	2625.00	2623.50	2622.50	2621.50	2619.50	2618.00	2616.00	2615.00	2613.50	2612.50	2610.50	2609.50	2609.00	2608.00	2607.00	2606.00	2606.00	2606.00	2606.50	2607.00	2607.50	2608.00	2608.00	2609.00	2609.50	2610.00	2611.00	2611.00	2611.00	2611.00	2611.00	2611.00	2611.00	2611.00	2611.50	2612.00	2612.00	2612.00	2612.00	2612.00	2612.00	2612.00	2612.00	2612.00	2611.00	2611.00	2611.00	2611.00	2611.00	2610.50	2610.00	2610.00	2610.00	2610.00	2610.00	2610.00	2610.00	2610.00	2610.00	2610.00	2610.00	2610.00	2610.00	2610.00	2610.00	2610.50	2611.00	2611.00	2611.00	2612.00	2612.00	2612.00	2612.00	2611.50	2611.00	2611.00	2611.00	2611.00	2611.00	2611.00	2611.00	2611.00	2610.50	2610.00	2610.00	2609.00	2609.00	2608.50	2608.00	2608.00	2607.50	2607.00	2606.00	2606.00	2605.00	2604.50	2604.00	2603.50	2603.00	2602.50	2602.00	2602.00	2601.00	2601.00	2601.00	2600.50	2600.00	2600.00	2599.00	2598.00	2598.00	2597.00	2597.00	2596.50	2596.00	2595.50	2595.00	2594.00	2593.50	2593.00	2592.00	2592.00	2592.00	2592.00	2591.00	2591.00	2591.00	2591.00	2590.50	2590.00	2590.00	2590.00	2589.00	2589.00	2589.00	2589.00	2588.50	2588.00	2588.00	2588.00
2645.00	2645.00	2645.00	2645.00	2645.00	2644.00	2644.00	2643.50	2643.00	2642.50	2642.00	2642.00	2642.00	2641.00	2641.00	2640.00	2639.00	2638.50	2638.00	2637.00	2636.50	2636.00	2635.00	2634.50	2634.00	2633.50	2633.00	2633.00	2633.00	2633.00	2633.00	2633.00	2633.50	2634.00	2634.00	2635.00	2635.00	2636.00	2636.00	2636.00	2636.50	2637.00	2637.00	2637.00	2637.00	2637.00	2637.00	2637.00	2637.00	2637.00	2637.00	2637.00	2637.00	2637.00	2637.00	2637.00	2637.00	2636.50	2636.00	2636.00	2636.00	2636.00	2636.00	2636.00	2636.00	2636.00	2636.00	2636.00	2636.00	2636.00	2636.00	2636.00	2636.00	2635.50	2635.00	2635.00	2635.00	2635.00	2635.00	2634.50	2634.00	2634.00	2634.00	2634.00	2633.00	2633.00	2633.00	2633.00	2632.50	2632.00	2632.00	2632.00	2631.00	2631.00	2631.00	2631.00	2630.50	2630.00	2630.00	2630.00	2630.00	2630.00	2630.00	2630.00	2630.00	2630.00	2630.00	2630.00	2630.00	2630.00	2629.00	2629.00	2629.00	2628.00	2627.00	2626.00	2625.00	2623.50	2622.50	2621.50	2619.50	2618.00	2616.00	2615.00	2613.50	2612.50	2610.50	2609.50	2609.00	2608.00	2607.00	2606.00	2606.00	2606.00	2606.50	2607.00	2607.50	2608.00	2608.00	2609.00	2609.50	2610.00	2611.00	2611.00	2611.00	2611.00	2611.00	2611.00	2611.00	2611.00	2611.50	2612.00	2612.00	2612.00	2612.00	2612.00	2612.00	2612.00	2612.00	2612.00	2611.00	2611.00	2611.00	2611.00	2611.00	2610.50	2610.00	2610.00	2610.00	2610.00	2610.00	2610.00	2610.00	2610.00	2610.00	2610.00	2610.00	2610.00	2610.00	2610.00	2610.00	2610.50	2611.00	2611.00	2611.00	2612.00	2612.00	2612.00	2612.00	2611.50	2611.00	2611.00	2611.00	2611.00	2611.00	2611.00	2611.00	2611.00	2610.50	2610.00	2610.00	2609.00	2609.00	2608.50	2608.00	2608.00	2607.50	2607.00	2606.00	2606.00	2605.00	2604.50	2604.00	2603.50	2603.00	2602.50	2602.00	2602.00	2601.00	2601.00	2601.00	2600.50	2600.00	2600.00	2599.00	2598.00	2598.00	2597.00	2597.00	2596.50	2596.00	2595.50	2595.00	2594.00	2593.50	2593.00	2592.00	2592.00	2592.00	2592.00	2591.00	2591.00	2591.00	2591.00	2590.50	2590.00	2590.00	2590.00	2589.00	2589.00	2589.00	2589.00	2588.50	2588.00	2588.00	2588.00
2645.00	2645.00	2645.00	2645.00	2645.00	2644.00	2644.00	2643.50	2643.00	2642.50	2642.00	2642.00	2642.00	2641.00	2641.00	2640.00	2639.00	2638.50	2638.00	2637.00	2636.50	2636.00	2635.00	2634.50	2634.00	2633.50	2633.00	2633.00	2633.00	2633.00	2633.00	2633.00	2633.50	2634.00	2634.00	2635.00	2635.00	2636.00	2636.00	2636.00	2636.50	2637.00	2637.00	2637.00	2637.00	2637.00	2637.00	2637.00	2637.00	2637.00	2637.00	2637.00	2637.00	2637.00	2637.00	2637.00	2637.00	2636.50	2636.00	2636.00	2636.00	2636.00	2636.00	2636.00	2636.00	2636.00	2636.00	2636.00	2636.00	2636.00	2636.00	2636.00	2636.00	2635.50	2635.00	2635.00	2635.00	2635.00	2635.00	2634.50	2634.00	2634.00	2634.00	2634.00	2633.00	2633.00	2633.00	2633.00	2632.50	2632.00	2632.00	2632.00	2631.00	2631.00	2631.00	2631.00	2630.50	2630.00	2630.00	2630.00	2630.00	2630.00	2630.00	2630.00	2630.00	2630.00	2630.00	2630.00	2630.00	2630.00	2629.00	2629.00	2629.00	2628.00	2627.00	2626.00	2625.00	2623.50	2622.50	2621.50	2619.50	2618.00	2616.00	2615.00	2613.50	2612.50	2610.50	2609.50	2609.00	2608.00	2607.00	2606.00	2606.00	2606.00	2606.50	2607.00	2607.50	2608.00	2608.00	2609.00	2609.50	2610.00	2611.00	2611.00	2611.00	2611.00	2611.00	2611.00	2611.00	2611.00	2611.50	2612.00	2612.00	2612.00	2612.00	2612.00	2612.00	2612.00	2612.00	2612.00	2611.00	2611.00	2611.00	2611.00	2611.00	2610.50	2610.00	2610.00	2610.00	2610.00	2610.00	2610.00	2610.00	2610.00	2610.00	2610.00	2610.00	2610.00	2610.00	2610.00	2610.00	2610.50	2611.00	2611.00	2611.00	2612.00	2612.00	2612.00	2612.00	2611.50	2611.00	2611.00	2611.00	2611.00	2611.00	2611.00	2611.00	2611.00	2610.50	2610.00	2610.00	2609.00	2609.00	2608.50	2608.00	2608.00	2607.50	2607.00	2606.00	2606.00	2605.00	2604.50	2604.00	2603.50	2603.00	2602.50	2602.00	2602.00	2601.00	2601.00	2601.00	2600.50	2600.00	2600.00	2599.00	2598.00	2598.00	2597.00	2597.00	2596.50	2596.00	2595.50	2595.00	2594.00	2593.50	2593.00	2592.00	2592.00	2592.00	2592.00	2591.00	2591.00	2591.00	2591.00	2590.50	2590.00	2590.00	2590.00	2589.00	2589.00	2589.00	2589.00	2588.50	2588.00	2588.00	2588.00
2644.50	2644.50	2644.50	2644.50	2644.00	2643.50	2643.00	2642.75	2642.50	2642.00	2641.50	2641.50	2641.00	2640.50	2640.00	2639.50	2638.50	2638.00	2637.50	2637.00	2636.25	2635.50	2635.00	2634.25	2634.00	2633.75	2633.50	2633.25	2633.00	2633.50	2633.50	2633.50	2634.25	2634.50	2634.75	2635.50	2635.50	2636.50	2636.50	2636.50	2636.75	2637.00	2637.00	2637.00	2637.00	2637.00	2637.00	2637.00	2637.00	2637.00	2637.00	2637.00	2637.00	2637.00	2637.00	2637.00	2637.00	2636.75	2636.50	2636.50	2636.50	2636.25	2636.00	2636.00	2636.00	2636.00	2636.00	2636.00	2636.00	2636.00	2636.00	2635.75	2635.50	2635.25	2635.00	2635.00	2635.00	2634.50	2634.50	2634.25	2634.00	2633.75	2633.50	2633.50	2633.00	2633.00	2632.75	2632.50	2632.25	2631.75	2631.50	2631.50	2630.50	2630.50	2630.50	2630.00	2629.75	2629.00	2629.00	2629.00	2629.00	2629.00	2629.00	2629.00	2628.75	2628.50	2628.50	2628.50	2628.00	2628.00	2627.25	2627.00	2626.75	2625.50	2625.00	2623.50	2622.50	2621.00	2620.00	2619.00	2617.50	2616.25	2614.50	2613.50	2612.00	2611.00	2609.50	2608.50	2608.00	2607.00	2606.50	2606.00	2606.50	2606.50	2606.75	2607.25	2608.00	2608.50	2609.00	2609.50	2609.75	2610.50	2611.00	2611.25	2611.50	2611.50	2611.50	2611.50	2611.50	2611.50	2611.75	2612.00	2612.00	2612.00	2612.00	2612.00	2612.00	2611.50	2611.50	2611.50	2611.00	2611.00	2610.50	2610.50	2610.50	2610.25	2610.00	2610.00	2610.00	2610.00	2610.00	2610.00	2610.00	2610.00	2610.00	2610.00	2610.00	2610.00	2610.00	2610.00	2610.00	2610.50	2611.00	2611.00	2611.25	2612.00	2612.00	2611.75	2611.50	2611.25	2611.00	2611.00	2611.00	2611.00	2611.00	2611.00	2610.50	2610.50	2609.75	2609.50	2609.50	2608.50	2608.50	2608.00	2607.50	2607.00	2606.50	2606.00	2605.00	2605.00	2604.00	2603.50	2603.00	2602.50	2601.75	2601.25	2601.00	2600.50	2600.00	2599.75	2599.50	2599.00	2598.50	2598.50	2597.50	2597.00	2596.50	2596.00	2595.75	2595.25	2594.75	2594.25	2593.50	2593.00	2592.25	2592.00	2591.00	2591.00	2591.00	2591.00	2590.25	2590.00	2590.00	2590.00	2589.75	2589.00	2589.00	2589.00	2588.50	2588.00	2588.00	2588.00	2587.75	2587.50	2587.50	2587.00
2644.00	2644.00	2644.00	2644.00	2643.00	2643.00	2642.00	2642.00	2642.00	2641.50	2641.00	2641.00	2640.00	2640.00	2639.00	2639.00	2638.00	2637.50	2637.00	2637.00	2636.00	2635.00	2635.00	2634.00	2634.00	2634.00	2634.00	2633.50	2633.00	2634.00	2634.00	2634.00	2635.00	2635.00	2635.50	2636.00	2636.00	2637.00	2637.00	2637.00	2637.00	2637.00	2637.00	2637.00	2637.00	2637.00	2637.00	2637.00	2637.00	2637.00	2637.00	2637.00	2637.00	2637.00	2637.00	2637.00	2637.00	2637.00	2637.00	2637.00	2637.00	2636.50	2636.00	2636.00	2636.00	2636.00	2636.00	2636.00	2636.00	2636.00	2636.00	2635.50	2635.00	2635.00	2635.00	2635.00	2635.00	2634.00	2634.00	2634.00	2634.00	2633.50	2633.00	2633.00	2633.00	2633.00	2632.50	2632.00	2632.00	2631.50	2631.00	2631.00	2630.00	2630.00	2630.00	2629.00	2629.00	2628.00	2628.00	2628.00	2628.00	2628.00	2628.00	2628.00	2627.50	2627.00	2627.00	2627.00	2626.00	2626.00	2625.50	2625.00	2624.50	2623.00	2623.00	2621.00	2620.00	2618.50	2617.50	2616.50	2615.50	2614.50	2613.00	2612.00	2610.50	2609.50	2608.50	2607.50	2607.00	2606.00	2606.00	2606.00	2607.00	2607.00	2607.00	2607.50	2608.50	2609.00	2610.00	2610.00	2610.00	2611.00	2611.00	2611.50	2612.00	2612.00	2612.00	2612.00	2612.00	2612.00	2612.00	2612.00	2612.00	2612.00	2612.00	2612.00	2612.00	2611.00	2611.00	2611.00	2611.00	2611.00	2610.00	2610.00	2610.00	2610.00	2610.00	2610.00	2610.00	2610.00	2610.00	2610.00	2610.00	2610.00	2610.00	2610.00	2610.00	2610.00	2610.00	2610.00	2610.00	2610.50	2611.00	2611.00	2611.50	2612.00	2612.00	2611.50	2611.00	2611.00	2611.00	2611.00	2611.00	2611.00	2611.00	2611.00	2610.00	2610.00	2609.00	2609.00	2609.00	2608.00	2608.00	2607.50	2607.00	2606.00	2605.50	2605.00	2604.00	2604.00	2603.00	2602.50	2602.00	2601.50	2600.50	2600.00	2600.00	2599.00	2599.00	2598.50	2598.00	2597.50	2597.00	2597.00	2596.00	2596.00	2595.00	2595.00	2594.50	2594.00	2593.50	2593.00	2592.00	2592.00	2591.00	2591.00	2590.00	2590.00	2590.00	2590.00	2589.50	2589.00	2589.00	2589.00	2589.00	2588.00	2588.00	2588.00	2588.00	2587.00	2587.00	2587.00	2587.00	2587.00	2587.00	2586.00
2644.00	2644.00	2644.00	2644.00	2643.00	2643.00	2642.00	2642.00	2642.00	2641.50	2641.00	2641.00	2640.00	2640.00	2639.00	2639.00	2638.00	2637.50	2637.00	2637.00	2636.00	2635.00	2635.00	2634.00	2634.00	2634.00	2634.00	2633.50	2633.00	2634.00	2634.00	2634.00	2635.00	2635.00	2635.50	2636.00	2636.00	2637.00	2637.00	2637.00	2637.00	2637.00	2637.00	2637.00	2637.00	2637.00	2637.00	2637.00	2637.00	2637.00	2637.00	2637.00	2637.00	2637.00	2637.00	2637.00	2637.00	2637.00	2637.00	2637.00	2637.00	2636.50	2636.00	2636.00	2636.00	2636.00	2636.00	2636.00	2636.00	2636.00	2636.00	2635.50	2635.00	2635.00	2635.00	2635.00	2635.00	2634.00	2634.00	2634.00	2634.00	2633.50	2633.00	2633.00	2633.00	2633.00	2632.50	2632.00	2632.00	2631.50	2631.00	2631.00	2630.00	2630.00	2630.00	2629.00	2629.00	2628.00	2628.00	2628.00	2628.00	2628.00	2628.00	2628.00	2627.50	2627.00	2627.00	2627.00	2626.00	2626.00	2625.50	2625.00	2624.50	2623.00	2623.00	2621.00	2620.00	2618.50	2617.50	2616.50	2615.50	2614.50	2613.00	2612.00	2610.50	2609.50	2608.50	2607.50	2607.00	2606.00	2606.00	2606.00	2607.00	2607.00	2607.00	2607.50	2608.50	2609.00	2610.00	2610.00	2610.00	2611.00	2611.00	2611.50	2612.00	2612.00	2612.00	2612.00	2612.00	2612.00	2612.00	2612.00	2612.00	2612.00	2612.00	2612.00	2612.00	2611.00	2611.00	2611.00	2611.00	2611.00	2610.00	2610.00	2610.00	2610.00	2610.00	2610.00	2610.00	2610.00	2610.00	2610.00	2610.00	2610.00	2610.00	2610.00	2610.00	2610.00	2610.00	2610.00	2610.00	2610.50	2611.00	2611.00	2611.50	2612.00	2612.00	2611.50	2611.00	2611.00	2611.00	2611.00	2611.00	2611.00	2611.00	2611.00	2610.00	2610.00	2609.00	2609.00	2609.00	2608.00	2608.00	2607.50	2607.00	2606.00	2605.50	2605.00	2604.00	2604.00	2603.00	2602.50	2602.00	2601.50	2600.50	2600.00	2600.00	2599.00	2599.00	2598.50	2598.00	2597.50	2597.00	2597.00	2596.00	2596.00	2595.00	2595.00	2594.50	2594.00	2593.50	2593.00	2592.00	2592.00	2591.00	2591.00	2590.00	2590.00	2590.00	2590.00	2589.50	2589.00	2589.00	2589.00	2589.00	2588.00	2588.00	2588.00	2588.00	2587.00	2587.00	2587.00	2587.00	2587.00	2587.00	2586.00
2644.00	2644.00	2644.00	2644.00	2643.00	2643.00	2642.00	2642.00	2642.00	2641.50	2641.00	2641.00	2640.00	2640.00	2639.00	2639.00	2638.00	2637.50	2637.00	2637.00	2636.00	2635.00	2635.00	2634.00	2634.00	2634.00	2634.00	2633.50	2633.00	2634.00	2634.00	2634.00	2635.00	2635.00	2635.50	2636.00	2636.00	2637.00	2637.00	2637.00	2637.00	2637.00	2637.00	2637.00	2637.00	2637.00	2637.00	2637.00	2637.00	2637.00	2637.00	2637.00	2637.00	2637.00	2637.00	2637.00	2637.00	2637.00	2637.00	2637.00	2637.00	2636.50	2636.00	2636.00	2636.00	2636.00	2636.00	2636.00	2636.00	2636.00	2636.00	2635.50	2635.00	2635.00	2635.00	2635.00	2635.00	2634.00	2634.00	2634.00	2634.00	2633.50	2633.00	2633.00	2633.00	2633.00	2632.50	2632.00	2632.00	2631.50	2631.00	2631.00	2630.00	2630.00	2630.00	2629.00	2629.00	2628.00	2628.00	2628.00	2628.00	2628.00	2628.00	2628.00	2627.50	2627.00	2627.00	2627.00	2626.00	2626.00	2625.50	2625.00	2624.50	2623.00	2623.00	2621.00	2620.00	2618.50	2617.50	2616.50	2615.50	2614.50	2613.00	2612.00	2610.50	2609.50	2608.50	2607.50	2607.00	2606.00	2606.00	2606.00	2607.00	2607.00	2607.00	2607.50	2608.50	2609.00	2610.00	2610.00	2610.00	2611.00	2611.00	2611.50	2612.00	2612.00	2612.00	2612.00	2612.00	2612.00	2612.00	2612.00	2612.00	2612.00	2612.00	2612.00	2612.00	2611.00	2611.00	2611.00	2611.00	2611.00	2610.00	2610.00	2610.00	2610.00	2610.00	2610.00	2610.00	2610.00	2610.00	2610.00	2610.00	2610.00	2610.00	2610.00	2610.00	2610.00	2610.00	2610.00	2610.00	2610.50	2611.00	2611.00	2611.50	2612.00	2612.00	2611.50	2611.00	2611.00	2611.00	2611.00	2611.00	2611.00	2611.00	2611.00	2610.00	2610.00	2609.00	2609.00	2609.00	2608.00	2608.00	2607.50	2607.00	2606.00	2605.50	2605.00	2604.00	2604.00	2603.00	2602.50	2602.00	2601.50	2600.50	2600.00	2600.00	2599.00	2599.00	2598.50	2598.00	2597.50	2597.00	2597.00	2596.00	2596.00	2595.00	2595.00	2594.50	2594.00	2593.50	2593.00	2592.00	2592.00	2591.00	2591.00	2590.00	2590.00	2590.00	2590.00	2589.50	2589.00	2589.00	2589.00	2589.00	2588.00	2588.00	2588.00	2588.00	2587.00	2587.00	2587.00	2587.00	2587.00	2587.00	2586.00
2644.00	2643.50	2643.00	2643.00	2642.00	2642.00	2642.00	2641.00	2641.00	2641.00	2641.00	2640.50	2640.00	2640.00	2639.00	2638.00	2637.50	2637.00	2637.00	2637.00	2636.00	2636.00	2636.00	2635.00	2635.00	2635.00	2635.00	2635.00	2635.00	2635.00	2635.00	2635.00	2636.00	2636.00	2636.50	2637.00	2637.00	2637.00	2637.00	2637.00	2637.00	2637.00	2637.00	2637.00	2637.00	2637.00	2637.00	2637.00	2637.00	2637.00	2637.00	2637.00	2637.00	2637.00	2637.00	2637.00	2637.00	2637.00	2637.00	2637.00	2637.00	2637.00	2637.00	2637.00	2637.00	2636.50	2636.00	2636.00	2635.00	2635.00	2635.00	2635.00	2635.00	2634.50	2634.00	2634.00	2634.00	2634.00	2633.00	2633.00	2633.00	2633.00	2633.00	2632.50	2632.00	2632.00	2632.00	2631.50	2631.00	2630.50	2630.00	2630.00	2629.00	2628.50	2628.00	2627.50	2627.00	2626.00	2626.00	2625.50	2625.00	2624.50	2624.00	2624.00	2623.50	2623.00	2623.00	2622.00	2621.50	2621.00	2620.50	2620.00	2619.50	2619.00	2618.00	2617.00	2616.00	2614.50	2613.50	2612.50	2611.00	2610.50	2609.00	2609.00	2608.00	2607.50	2606.00	2606.00	2606.00	2607.00	2607.00	2607.00	2607.00	2608.00	2608.50	2609.00	2609.50	2610.00	2610.00	2611.00	2611.00	2611.00	2611.00	2611.00	2612.00	2612.00	2612.00	2612.00	2612.00	2612.00	2612.00	2612.00	2612.00	2612.00	2611.00	2611.00	2611.00	2611.00	2611.00	2611.00	2611.00	2611.00	2611.00	2610.00	2610.00	2610.00	2610.00	2610.00	2610.00	2609.00	2609.00	2609.00	2609.00	2609.00	2609.00	2609.00	2610.00	2610.00	2610.00	2610.00	2610.00	2610.00	2610.50	2611.00	2611.00	2611.00	2611.00	2611.00	2611.00	2611.00	2611.00	2611.00	2611.00	2611.00	2610.00	2610.00	2610.00	2609.50	2609.00	2608.50	2608.00	2607.00	2606.50	2606.00	2605.00	2604.00	2603.50	2603.00	2602.00	2601.00	2601.00	2599.50	2599.00	2598.50	2597.50	2597.00	2596.00	2596.00	2596.00	2595.50	2594.50	2594.00	2594.00	2594.00	2593.00	2593.00	2593.00	2592.50	2592.00	2592.00	2591.00	2591.00	2590.00	2590.00	2590.00	2589.50	2589.00	2589.00	2589.00	2588.00	2588.00	2588.00	2588.00	2587.50	2587.00	2587.00	2587.00	2587.00	2587.00	2586.00	2586.00	2586.00	2586.00	2586.00	2586.00	2585.00
2644.00	2643.50	2643.00	2643.00	2642.00	2642.00	2642.00	2641.00	2641.00	2641.00	2641.00	2640.50	2640.00	2640.00	2639.00	2638.00	2637.50	2637.00	2637.00	2637.00	2636.00	2636.00	2636.00	2635.00	2635.00	2635.00	2635.00	2635.00	2635.00	2635.00	2635.00	2635.00	2636.00	2636.00	2636.50	2637.00	2637.00	2637.00	2637.00	2637.00	2637.00	2637.00	2637.00	2637.00	2637.00	2637.00	2637.00	2637.00	2637.00	2637.00	2637.00	2637.00	2637.00	2637.00	2637.00	2637.00	2637.00	2637.00	2637.00	2637.00	2637.00	2637.00	2637.00	2637.00	2637.00	2636.50	2636.00	2636.00	2635.00	2635.00	2635.00	2635.00	2635.00	2634.50	2634.00	2634.00	2634.00	2634.00	2633.00	2633.00	2633.00	2633.00	2633.00	2632.50	2632.00	2632.00	2632.00	2631.50	2631.00	2630.50	2630.00	2630.00	2629.00	2628.50	2628.00	2627.50	2627.00	2626.00	2626.00	2625.50	2625.00	2624.50	2624.00	2624.00	2623.50	2623.00	2623.00	2622.00	2621.50	2621.00	2620.50	2620.00	2619.50	2619.00	2618.00	2617.00	2616.00	2614.50	2613.50	2612.50	2611.00	2610.50	2609.00	2609.00	2608.00	2607.50	2606.00	2606.00	2606.00	2607.00	2607.00	2607.00	2607.00	2608.00	2608.50	2609.00	2609.50	2610.00	2610.00	2611.00	2611.00	2611.00	2611.00	2611.00	2612.00	2612.00	2612.00	2612.00	2612.00	2612.00	2612.00	2612.00	2612.00	2612.00	2611.00	2611.00	2611.00	2611.00	2611.00	2611.00	2611.00	2611.00	2611.00	2610.00	2610.00	2610.00	2610.00	2610.00	2610.00	2609.00	2609.00	2609.00	2609.00	2609.00	2609.00	2609.00	2610.00	2610.00	2610.00	2610.00	2610.00	2610.00	2610.50	2611.00	2611.00	2611.00	2611.00	2611.00	2611.00	2611.00	2611.00	2611.00	2611.00	2611.00	2610.00	2610.00	2610.00	2609.50	2609.00	2608.50	2608.00	2607.00	2606.50	2606.00	2605.00	2604.00	2603.50	2603.00	2602.00	2601.00	2601.00	2599.50	2599.00	2598.50	2597.50	2597.00	2596.00	2596.00	2596.00	2595.50	2594.50	2594.00	2594.00	2594.00	2593.00	2593.00	2593.00	2592.50	2592.00	2592.00	2591.00	2591.00	2590.00	2590.00	2590.00	2589.50	2589.00	2589.00	2589.00	2588.00	2588.00	2588.00	2588.00	2587.50	2587.00	2587.00	2587.00	2587.00	2587.00	2586.00	2586.00	2586.00	2586.00	2586.00	2586.00	2585.00
2644.00	2643.50	2643.00	2643.00	2642.00	2642.00	2642.00	2641.00	2641.00	2641.00	2641.00	2640.50	2640.00	2640.00	2639.00	2638.00	2637.50	2637.00	2637.00	2637.00	2636.00	2636.00	2636.00	2635.00	2635.00	2635.00	2635.00	2635.00	2635.00	2635.00	2635.00	2635.00	2636.00	2636.00	2636.50	2637.00	2637.00	2637.00	2637.00	2637.00	2637.00	2637.00	2637.00	2637.00	2637.00	2637.00	2637.00	2637.00	2637.00	2637.00	2637.00	2637.00	2637.00	2637.00	2637.00	2637.00	2637.00	2637.00	2637.00	2637.00	2637.00	2637.00	2637.00	2637.00	2637.00	2636.50	2636.00	2636.00	2635.00	2635.00	2635.00	2635.00	2635.00	2634.50	2634.00	2634.00	2634.00	2634.00	2633.00	2633.00	2633.00	2633.00	2633.00	2632.50	2632.00	2632.00	2632.00	2631.50	2631.00	2630.50	2630.00	2630.00	2629.00	2628.50	2628.00	2627.50	2627.00	2626.00	2626.00	2625.50	2625.00	2624.50	2624.00	2624.00	2623.50	2623.00	2623.00	2622.00	2621.50	2621.00	2620.50	2620.00	2619.50	2619.00	2618.00	2617.00	2616.00	2614.50	2613.50	2612.50	2611.00	2610.50	2609.00	2609.00	2608.00	2607.50	2606.00	2606.00	2606.00	2607.00	2607.00	2607.00	2607.00	2608.00	2608.50	2609.00	2609.50	2610.00	2610.00	2611.00	2611.00	2611.00	2611.00	2611.00	2612.00	2612.00	2612.00	2612.00	2612.00	2612.00	2612.00	2612.00	2612.00	2612.00	2611.00	2611.00	2611.00	2611.00	2611.00	2611.00	2611.00	2611.00	2611.00	2610.00	2610.00	2610.00	2610.00	2610.00	2610.00	2609.00	2609.00	2609.00	2609.00	2609.00	2609.00	2609.00	2610.00	2610.00	2610.00	2610.00	2610.00	2610.00	2610.50	2611.00	2611.00	2611.00	2611.00	2611.00	2611.00	2611.00	2611.00	2611.00	2611.00	2611.00	2610.00	2610.00	2610.00	2609.50	2609.00	2608.50	2608.00	2607.00	2606.50	2606.00	2605.00	2604.00	2603.50	2603.00	2602.00	2601.00	2601.00	2599.50	2599.00	2598.50	2597.50	2597.00	2596.00	2596.00	2596.00	2595.50	2594.50	2594.00	2594.00	2594.00	2593.00	2593.00	2593.00	2592.50	2592.00	2592.00	2591.00	2591.00	2590.00	2590.00	2590.00	2589.50	2589.00	2589.00	2589.00	2588.00	2588.00	2588.00	2588.00	2587.50	2587.00	2587.00	2587.00	2587.00	2587.00	2586.00	2586.00	2586.00	2586.00	2586.00	2586.00	2585.00
2644.00	2643.25	2643.00	2643.00	2642.00	2642.00	2642.00	2641.00	2641.00	2641.00	2641.00	2640.75	2640.00	2640.00	2639.25	2638.50	2638.00	2637.50	2637.25	2637.00	2636.25	2636.00	2636.00	2635.25	2635.00	2635.00	2635.00	2635.00	2635.00	2635.00	2635.25	2635.50	2636.00	2636.25	2636.75	2637.00	2637.00	2637.00	2637.00	2637.00	2637.00	2637.00	2637.00	2637.00	2637.00	2637.00	2637.00	2637.00	2637.00	2637.00	2636.50	2636.50	2636.50	2636.50	2636.50	2636.50	2636.50	2636.75	2637.00	2637.00	2637.00	2637.00	2637.00	2637.00	2637.00	2636.50	2636.00	2636.00	2635.00	2635.00	2635.00	2634.75	2634.50	2634.25	2634.00	2633.50	2633.50	2633.50	2633.00	2633.00	2632.75	2632.50	2632.50	2632.25	2632.00	2631.50	2631.50	2631.25	2630.25	2629.75	2629.25	2629.00	2628.25	2627.75	2627.00	2626.25	2625.75	2625.00	2624.50	2624.00	2623.50	2623.00	2622.50	2622.25	2621.75	2621.25	2621.00	2620.00	2619.50	2619.00	2618.25	2617.75	2617.25	2616.50	2616.00	2615.00	2614.00	2612.50	2611.75	2611.25	2610.00	2609.50	2608.50	2608.00	2607.50	2607.25	2606.50	2606.50	2606.50	2607.00	2607.50	2607.50	2608.00	2608.50	2608.75	2609.25	2609.75	2610.25	2610.50	2611.00	2611.00	2611.50	2611.50	2611.50	2612.00	2612.00	2611.75	2611.50	2611.50	2611.50	2611.50	2611.50	2611.50	2611.50	2611.00	2611.00	2611.00	2611.00	2611.00	2611.00	2611.00	2610.50	2610.50	2610.00	2610.00	2610.00	2609.75	2609.50	2609.50	2609.00	2609.00	2609.00	2609.00	2609.00	2609.00	2609.00	2609.50	2609.50	2609.50	2609.50	2609.75	2610.00	2610.25	2610.50	2610.50	2610.50	2610.50	2611.00	2611.00	2611.00	2611.00	2610.75	2610.50	2610.50	2610.00	2610.00	2609.50	2609.25	2608.75	2608.00	2607.50	2606.50	2606.00	2605.25	2604.50	2603.25	2602.75	2602.00	2601.00	2600.25	2599.50	2598.00	2597.50	2597.00	2596.00	2595.50	2595.00	2594.50	2594.50	2594.00	2593.25	2592.75	2592.50	2592.50	2592.00	2591.50	2591.50	2591.25	2591.00	2591.00	2590.25	2590.00	2589.50	2589.50	2589.50	2589.25	2588.50	2588.50	2588.50	2588.00	2588.00	2587.50	2587.50	2587.25	2587.00	2587.00	2586.75	2586.50	2586.50	2586.00	2586.00	2586.00	2586.00	2586.00	2586.00	2585.50
2644.00	2643.00	2643.00	2643.00	2642.00	2642.00	2642.00	2641.00	2641.00	2641.00	2641.00	2641.00	2640.00	2640.00	2639.50	2639.00	2638.50	2638.00	2637.50	2637.00	2636.50	2636.00	2636.00	2635.50	2635.00	2635.00	2635.00	2635.00	2635.00	2635.00	2635.50	2636.00	2636.00	2636.50	2637.00	2637.00	2637.00	2637.00	2637.00	2637.00	2637.00	2637.00	2637.00	2637.00	2637.00	2637.00	2637.00	2637.00	2637.00	2637.00	2636.00	2636.00	2636.00	2636.00	2636.00	2636.00	2636.00	2636.50	2637.00	2637.00	2637.00	2637.00	2637.00	2637.00	2637.00	2636.50	2636.00	2636.00	2635.00	2635.00	2635.00	2634.50	2634.00	2634.00	2634.00	2633.00	2633.00	2633.00	2633.00	2633.00	2632.50	2632.00	2632.00	2632.00	2632.00	2631.00	2631.00	2631.00	2629.50	2629.00	2628.50	2628.00	2627.50	2627.00	2626.00	2625.00	2624.50	2624.00	2623.00	2622.50	2622.00	2621.50	2621.00	2620.50	2620.00	2619.50	2619.00	2618.00	2617.50	2617.00	2616.00	2615.50	2615.00	2614.00	2614.00	2613.00	2612.00	2610.50	2610.00	2610.00	2609.00	2608.50	2608.00	2607.00	2607.00	2607.00	2607.00	2607.00	2607.00	2607.00	2608.00	2608.00	2609.00	2609.00	2609.00	2609.50	2610.00	2610.50	2611.00	2611.00	2611.00	2612.00	2612.00	2612.00	2612.00	2612.00	2611.50	2611.00	2611.00	2611.00	2611.00	2611.00	2611.00	2611.00	2611.00	2611.00	2611.00	2611.00	2611.00	2611.00	2611.00	2610.00	2610.00	2610.00	2610.00	2610.00	2609.50	2609.00	2609.00	2609.00	2609.00	2609.00	2609.00	2609.00	2609.00	2609.00	2609.00	2609.00	2609.00	2609.00	2609.50	2610.00	2610.00	2610.00	2610.00	2610.00	2610.00	2611.00	2611.00	2611.00	2611.00	2610.50	2610.00	2610.00	2610.00	2610.00	2609.00	2609.00	2608.50	2607.50	2607.00	2606.00	2605.50	2604.50	2604.00	2602.50	2602.00	2601.00	2600.00	2599.50	2598.00	2596.50	2596.00	2595.50	2594.50	2594.00	2594.00	2593.00	2593.00	2592.50	2592.00	2591.50	2591.00	2591.00	2591.00	2590.00	2590.00	2590.00	2590.00	2590.00	2589.50	2589.00	2589.00	2589.00	2589.00	2589.00	2588.00	2588.00	2588.00	2588.00	2588.00	2587.00	2587.00	2587.00	2587.00	2587.00	2586.50	2586.00	2586.00	2586.00	2586.00	2586.00	2586.00	2586.00	2586.00	2586.00
2644.00	2643.00	2643.00	2643.00	2642.00	2642.00	2642.00	2641.00	2641.00	2641.00	2641.00	2641.00	2640.00	2640.00	2639.50	2639.00	2638.50	2638.00	2637.50	2637.00	2636.50	2636.00	2636.00	2635.50	2635.00	2635.00	2635.00	2635.00	2635.00	2635.00	2635.50	2636.00	2636.00	2636.50	2637.00	2637.00	2637.00	2637.00	2637.00	2637.00	2637.00	2637.00	2637.00	2637.00	2637.00	2637.00	2637.00	2637.00	2637.00	2637.00	2636.00	2636.00	2636.00	2636.00	2636.00	2636.00	2636.00	2636.50	2637.00	2637.00	2637.00	2637.00	2637.00	2637.00	2637.00	2636.50	2636.00	2636.00	2635.00	2635.00	2635.00	2634.50	2634.00	2634.00	2634.00	2633.00	2633.00	2633.00	2633.00	2633.00	2632.50	2632.00	2632.00	2632.00	2632.00	2631.00	2631.00	2631.00	2629.50	2629.00	2628.50	2628.00	2627.50	2627.00	2626.00	2625.00	2624.50	2624.00	2623.00	2622.50	2622.00	2621.50	2621.00	2620.50	2620.00	2619.50	2619.00	2618.00	2617.50	2617.00	2616.00	2615.50	2615.00	2614.00	2614.00	2613.00	2612.00	2610.50	2610.00	2610.00	2609.00	2608.50	2608.00	2607.00	2607.00	2607.00	2607.00	2607.00	2607.00	2607.00	2608.00	2608.00	2609.00	2609.00	2609.00	2609.50	2610.00	2610.50	2611.00	2611.00	2611.00	2612.00	2612.00	2612.00	2612.00	2612.00	2611.50	2611.00	2611.00	2611.00	2611.00	2611.00	2611.00	2611.00	2611.00	2611.00	2611.00	2611.00	2611.00	2611.00	2611.00	2610.00	2610.00	2610.00	2610.00	2610.00	2609.50	2609.00	2609.00	2609.00	2609.00	2609.00	2609.00	2609.00	2609.00	2609.00	2609.00	2609.00	2609.00	2609.00	2609.50	2610.00	2610.00	2610.00	2610.00	2610.00	2610.00	2611.00	2611.00	2611.00	2611.00	2610.50	2610.00	2610.00	2610.00	2610.00	2609.00	2609.00	2608.50	2607.50	2607.00	2606.00	2605.50	2604.50	2604.00	2602.50	2602.00	2601.00	2600.00	2599.50	2598.00	2596.50	2596.00	2595.50	2594.50	2594.00	2594.00	2593.00	2593.00	2592.50	2592.00	2591.50	2591.00	2591.00	2591.00	2590.00	2590.00	2590.00	2590.00	2590.00	2589.50	2589.00	2589.00	2589.00	2589.00	2589.00	2588.00	2588.00	2588.00	2588.00	2588.00	2587.00	2587.00	2587.00	2587.00	2587.00	2586.50	2586.00	2586.00	2586.00	2586.00	2586.00	2586.00	2586.00	2586.00	2586.00
2644.00	2643.50	2643.50	2643.00	2642.50	2642.00	2642.00	2641.50	2641.50	2641.50	2641.25	2641.00	2640.50	2640.50	2640.00	2639.50	2638.75	2638.50	2638.00	2637.50	2636.75	2636.50	2636.50	2635.75	2635.50	2635.25	2635.00	2635.00	2635.00	2635.00	2635.25	2636.00	2636.00	2636.50	2637.00	2637.00	2637.00	2637.00	2637.00	2637.00	2637.00	2637.00	2637.00	2637.00	2637.00	2637.00	2637.00	2636.50	2636.50	2636.50	2636.00	2636.00	2636.00	2636.00	2636.00	2636.00	2636.00	2636.25	2636.50	2636.50	2636.50	2636.50	2636.50	2636.50	2636.50	2636.25	2636.00	2636.00	2635.00	2635.00	2635.00	2634.50	2634.00	2634.00	2633.75	2633.00	2633.00	2632.75	2632.50	2632.50	2632.25	2632.00	2632.00	2631.50	2631.50	2631.00	2630.50	2630.25	2629.00	2628.50	2628.00	2627.00	2626.50	2625.75	2625.00	2623.75	2623.25	2622.50	2622.00	2621.00	2620.50	2619.75	2619.50	2619.00	2618.25	2617.75	2617.00	2616.50	2615.75	2615.25	2614.50	2614.00	2613.50	2612.50	2612.50	2611.50	2611.00	2609.75	2609.50	2609.25	2608.50	2608.25	2608.00	2607.50	2607.50	2607.50	2607.50	2607.50	2607.50	2608.00	2608.50	2608.50	2609.00	2609.50	2609.50	2609.75	2610.25	2610.75	2611.00	2611.50	2611.50	2612.00	2612.00	2612.00	2612.00	2612.00	2611.75	2611.00	2611.00	2611.00	2611.00	2611.00	2611.00	2611.00	2611.00	2611.00	2611.00	2610.75	2610.50	2610.50	2610.50	2610.00	2610.00	2610.00	2610.00	2610.00	2609.50	2609.00	2609.00	2609.00	2609.00	2609.00	2609.00	2609.00	2609.00	2609.00	2609.00	2609.00	2609.00	2609.00	2609.25	2609.50	2609.50	2609.50	2609.75	2610.00	2610.00	2610.50	2610.50	2610.50	2610.50	2610.25	2610.00	2609.75	2609.50	2609.50	2608.75	2608.50	2607.75	2607.00	2606.50	2605.50	2604.75	2604.00	2603.00	2601.75	2601.25	2600.00	2599.00	2598.00	2596.50	2595.25	2594.75	2594.25	2593.25	2593.00	2593.00	2592.00	2592.00	2591.50	2591.00	2590.75	2590.50	2590.00	2590.00	2589.50	2589.50	2589.50	2589.50	2589.50	2589.25	2589.00	2589.00	2589.00	2589.00	2589.00	2588.50	2588.50	2588.25	2588.00	2588.00	2587.50	2587.50	2587.50	2587.25	2587.00	2586.75	2586.50	2586.50	2586.50	2586.25	2586.00	2586.00	2586.00	2586.00	2586.00