																																																										200.00	192.96	345.68	546.44	464.63	436.44	486.19	519.62	551.42	579.77	630.05	683.14	726.44	760.48	809.27	879.06	904.26	932.52	1007.04	1085.08	1156.22	1202.84	1189.14	1112.99	1030.72	1053.18	1094.55	1102.34	1061.82	1057.88	1086.10	1137.69	1196.10	1245.76	1255.06	1251.30	1276.30	1282.62	1254.42	1242.94	1252.93	1260.64	1247.78	1287.88	1332.26	1301.49	1285.09	1323.18	1357.70	1373.80	1375.20	1409.14	1431.35	1414.89	1389.18	1360.09	1337.80	1266.58	1162.38	1050.43	1036.94	997.47	858.10	777.72	733.35	550.73	402.93	365.08	324.60	273.85	244.23	379.60	468.26	490.42	484.49	468.99	468.14	423.97	359.26	260.75	174.25	99.10																																																																																																																				
																																																											210.81	222.33	454.22	445.22	447.15	475.97	506.35	539.49	575.70	637.33	700.46	740.81	778.54	825.50	878.83	902.30	970.17	1065.38	1133.62	1210.08	1265.52	1255.37	1164.65	1073.54	1121.12	1168.35	1164.50	1097.76	1080.86	1119.47	1191.22	1273.71	1312.06	1330.64	1340.31	1356.79	1358.19	1330.75	1296.02	1302.95	1320.07	1326.36	1335.15	1351.12	1346.25	1370.33	1400.60	1438.39	1441.49	1413.41	1455.23	1463.75	1475.15	1467.01	1430.13	1331.78	1266.64	1248.61	1192.97	1133.15	1063.34	935.86	832.80	720.79	511.06	322.01	213.80	215.14	198.57	168.61	247.87	343.24	418.40	435.18	415.00	442.54	477.11	429.33	335.25	243.31	149.72	0.00																																																																																																																			
																																																											201.83	211.69	355.92	397.01	423.58	440.24	476.88	516.09	553.50	615.39	665.34	740.63	825.05	904.16	932.25	941.51	1025.76	1129.71	1221.13	1275.90	1311.88	1298.74	1229.53	1162.79	1186.16	1221.50	1200.96	1132.70	1153.75	1175.04	1225.54	1291.51	1346.81	1390.65	1426.51	1441.11	1447.72	1437.69	1434.66	1425.45	1415.61	1397.99	1387.84	1393.50	1408.87	1472.33	1572.98	1570.90	1489.97	1491.06	1532.74	1545.35	1547.49	1528.27	1466.64	1365.49	1322.01	1347.92	1284.37	1151.13	1055.23	954.01	847.86	738.45	601.19	395.33	246.89	186.64	109.15	69.87	94.02	136.94	204.08	305.23	397.06	449.04	426.79	384.19	309.09	232.47	157.14	0.00																																																																																																																			
																																																											248.34	249.70	327.95	374.29	383.76	384.52	426.77	476.61	506.63	497.28	510.53	698.54	829.84	883.87	952.43	993.81	1071.17	1197.70	1281.44	1333.82	1350.36	1325.58	1271.02	1221.88	1222.28	1234.87	1221.84	1185.67	1213.10	1253.12	1292.98	1331.56	1368.13	1418.25	1464.10	1492.65	1527.93	1552.88	1496.45	1461.49	1449.55	1446.21	1443.36	1436.08	1449.63	1580.16	1716.98	1701.17	1586.09	1603.05	1638.37	1659.20	1666.04	1627.09	1566.58	1472.84	1420.45	1423.80	1271.39	1136.37	1096.51	1000.16	852.49	738.19	635.28	435.22	271.82	190.62		65.45	60.56	64.29	111.78	252.26	452.24	495.10	418.09	319.79	264.36	218.91	143.37																																																																																																																				
																																																											201.19	252.00	312.30	331.08	313.01	297.66	358.88	440.42	475.75	361.43	374.92	650.29	819.76	870.04	951.95	1012.34	1082.09	1201.81	1289.36	1346.92	1369.40	1342.16	1290.07	1252.79	1252.50	1247.22	1231.43	1221.25	1275.25	1329.07	1378.78	1423.99	1440.68	1464.81	1512.29	1507.82	1620.32	1668.95	1596.23	1554.41	1532.45	1539.68	1560.91	1544.51	1515.53	1644.73	1749.42	1763.21	1715.16	1719.12	1760.01	1776.55	1792.32	1749.83	1635.10	1532.12	1459.09	1424.79	1250.15	1150.94	1121.08	1026.14	860.46	755.97	615.99	438.49	297.79	156.39	92.00		74.16	65.03	116.84	198.81	359.21	421.72	384.80	341.31	289.18	212.94	94.21																																																																																																																				
																																					140.18	183.74	223.57	215.94	161.28	100.61																	159.94	257.11	266.45	222.02	176.79	179.31	250.10	377.57	442.19	346.31	343.67	636.71	823.29	883.95	923.05	1011.25	1090.01	1186.92	1250.67	1314.66	1359.43	1349.11	1304.11	1264.90	1254.52	1230.97	1230.65	1253.94	1314.18	1377.03	1432.00	1487.58	1521.99	1544.44	1598.22	1559.08	1631.68	1685.30	1660.47	1676.83	1679.17	1678.26	1709.46	1719.41	1643.77	1701.96	1805.68	1815.66	1788.50	1808.60	1851.27	1838.74	1815.55	1787.78	1715.34	1595.16	1458.02	1387.74	1370.17	1260.73	1152.61	1055.97	910.52	755.37	615.84	498.27	387.39	205.94	89.08	76.27	57.50			116.00	93.33	104.09	105.64	135.45	120.31	67.12	31.79																																																																																																																				
																																					106.44	153.08	154.30	135.51	110.56	75.87	46.55																138.38	223.38	175.94	115.73	110.93	144.95	204.59	333.31	457.09	444.52	432.02	641.94	798.20	867.06	859.74	952.19	1079.13	1173.08	1217.99	1278.56	1328.52	1325.53	1290.70	1256.74	1242.63	1223.24	1219.22	1242.83	1295.72	1361.75	1414.30	1463.52	1497.01	1540.27	1645.14	1644.14	1640.53	1677.53	1681.24	1715.16	1729.31	1741.66	1760.72	1771.45	1765.32	1791.69	1831.93	1835.63	1844.98	1890.92	1915.87	1872.84	1801.45	1797.74	1805.51	1716.70	1444.93	1288.97	1392.76	1309.58	1165.55	1046.19	945.69	821.06	738.31	643.83	454.69	265.13	115.41	76.42	54.18	66.19																																																																																																																													
																																					124.09	135.34	56.22	29.35	28.20	26.37	13.36																31.12	73.62	28.92	6.39	62.31	115.58	109.10	197.56	404.64	512.03	562.36	688.32	766.69	814.51	793.85	873.15	1040.71	1149.18	1196.01	1234.00	1267.74	1276.07	1263.32	1239.75	1225.10	1198.03	1184.29	1214.01	1296.24	1374.98	1411.30	1433.59	1472.71	1527.32	1624.85	1680.34	1643.10	1671.77	1709.52	1761.39	1765.69	1761.02	1773.24	1779.08	1803.08	1824.02	1849.03	1849.78	1874.18	1924.82	1949.19	1926.88	1875.66	1923.92	1905.03	1766.99	1391.66	1087.85	1199.47	1233.34	1136.25	1064.93	959.16	855.58	786.26	672.93	463.09	288.64	193.85	156.16	85.74	41.00	37.75	39.25																																																																																																																											
																																					94.05	43.08	0.00								7.89	27.36															9.35	48.55	62.50	169.94	351.04	487.71	604.14	657.25	728.54	802.87	803.16	820.09	1017.42	1097.09	1188.73	1206.44	1206.05	1205.24	1213.56	1216.65	1190.30	1156.74	1136.07	1162.65	1247.27	1334.51	1355.89	1370.00	1428.12	1489.22	1570.86	1671.71	1639.72	1639.95	1704.25	1768.42	1767.76	1716.79	1745.71	1783.88	1798.03	1812.78	1840.45	1847.79	1886.97	1928.39	1929.88	1968.76	1969.73	2023.96	1976.21	1882.18	1543.40	1274.33	1308.73	1318.95	1144.05	1026.84	949.49	898.27	842.12	696.09	517.80	329.49	334.88	246.98	94.12	44.80	46.25	35.28																																																																																																																											
																																														38.00	73.21	128.98														49.48	13.28	115.80	196.07	260.41	394.74	525.02	592.07	648.01	710.18	788.40	813.16	790.64	913.77	1040.89	1159.85	1167.79	1161.74	1156.28	1151.35	1154.71	1160.43	1149.53	1137.11	1148.54	1197.57	1241.70	1265.37	1277.20	1338.56	1423.49	1533.55	1659.72	1651.64	1635.67	1695.78	1746.12	1740.36	1692.54	1720.06	1767.02	1780.35	1792.52	1821.86	1846.47	1884.87	1900.68	1905.40	1975.46	2014.51	2014.44	1946.69	1918.73	1748.04	1470.31	1438.66	1337.73	1190.57	1074.05	969.60	884.65	819.92	743.05	589.41	443.28	388.66	289.03	105.21	54.52	37.83	39.50		8.67																																																																																																																									
																																											34.50	42.02	70.95	96.82	163.48	204.15	95.83													52.53	82.81	198.90	263.02	290.36	362.60	472.74	646.26	679.80	714.29	758.96	750.30	684.26	798.47	959.69	1100.63	1145.72	1135.12	1098.95	1068.34	1093.36	1148.41	1166.04	1159.27	1129.85	1143.72	1191.47	1213.33	1205.11	1248.31	1369.93	1508.49	1614.23	1615.57	1612.24	1684.80	1720.68	1706.91	1692.52	1700.28	1719.30	1739.89	1764.97	1793.14	1821.63	1870.24	1926.96	1942.82	1998.36	2003.84	1991.07	1931.22	1840.51	1686.34	1440.10	1293.37	1269.82	1188.11	1079.54	1000.52	868.80	753.43	697.05	659.61	388.45	245.05	188.49	111.11	87.46	3.23	66.78	108.52																																																																																																																										
																																									38.72	113.98	133.18	176.36	204.87	236.23	259.55	219.55	85.63											69.80	142.19	150.20	234.55	317.79	331.09	253.52	276.46	386.68	461.78	529.72	618.02	636.38	803.17	873.99	836.18	867.96	960.48	1033.08	1033.87	1029.50	1017.24	1100.01	1159.21	1151.96	1120.57	1098.95	1096.37	1138.92	1203.68	1220.85	1238.20	1298.94	1448.46	1525.21	1540.40	1588.89	1662.12	1674.40	1665.35	1672.48	1683.36	1693.52	1703.20	1738.38	1769.92	1772.03	1806.69	1939.43	2008.61	1997.80	1948.81	1953.14	1871.03	1733.92	1572.68	1348.56	1210.00	1227.41	1150.19	993.08	960.50	854.73	765.39	699.76	659.58	361.10	52.98	52.01	105.45	106.99	-5.14	34.28	70.44						0.00	23.83	0.00																																																																																																																		
																																							-2.09	41.50	120.67	198.02	266.51	328.15	343.57	351.28	287.56	147.72	64.11											77.71	77.87	241.34	270.70	313.38	277.56	190.60	268.91	344.15	394.95	403.35	583.98	644.15	774.42	797.76	768.31	762.29	857.16	925.77	946.55	952.49	944.23	1015.91	1074.62	1082.00	1081.47	1067.95	1074.20	1116.80	1170.94	1231.72	1322.20	1367.49	1389.92	1457.01	1487.43	1548.09	1582.02	1588.16	1616.32	1643.43	1691.27	1696.81	1676.21	1683.76	1714.06	1713.39	1713.48	1849.67	1926.81	1900.50	1824.18	1808.15	1748.35	1626.08	1450.66	1297.26	1165.61	1169.22	1068.10	924.97	924.66	843.53	764.23	655.44	558.26	344.44	119.30	77.00		56.22	30.13	48.19						0.00	165.77	90.81	233.41	271.62	39.12	169.00																																																																																																															
																																						51.30	79.19	156.63	199.88	250.49	372.35	433.22	375.74	260.74	148.99	75.41													129.00	80.19	129.06	165.54	112.53	80.99	261.20	303.63	325.56	176.96	346.65	560.62	674.58	740.07	728.17	725.80	793.25	872.13	885.55	896.46	896.04	911.98	950.14	1017.68	1053.30	1034.69	1037.93	1088.96	1160.41	1243.08	1337.26	1378.46	1358.52	1399.67	1444.55	1505.10	1532.59	1538.08	1580.12	1609.26	1676.43	1702.37	1657.53	1659.81	1679.01	1702.03	1675.01	1709.88	1747.42	1668.12	1590.45	1626.56	1620.51	1484.05	1293.63	1143.91	1119.06	1154.71	1067.49	918.91	933.06	825.97	692.69	547.37	444.81	279.77	98.28	50.12											64.83	145.94	128.96	96.50	49.46	42.06	86.38	105.83																																																																																																													
																																					45.00	138.67	210.77	264.61	279.31	273.57	353.72	408.69	332.17	188.52	113.89	70.08	74.78	141.42	134.09	97.44	129.88	126.12										108.69	54.91	10.56	213.53	275.23	291.02	176.89	230.75	331.54	465.92	639.41	757.53	747.83	676.06	769.44	773.33	812.33	847.23	865.78	897.19	969.81	1005.86	987.24	993.48	1073.87	1172.15	1221.54	1277.86	1312.18	1316.31	1351.15	1399.64	1453.53	1489.33	1511.51	1547.35	1538.74	1575.53	1618.14	1650.43	1644.03	1637.06	1643.73	1631.08	1605.73	1604.29	1562.50	1500.22	1446.73	1398.88	1367.86	1275.10	1177.39	1114.65	1077.36	1008.80	922.81	913.38	773.81	688.54	620.84	516.38	290.36	69.56	52.35	59.92						88.75	2.79	-15.54		12.00	28.26	67.22	71.38	121.83	157.28	91.18	182.82																																																																																																													
																																					95.28	191.88	275.13	328.56	314.86	298.90	313.01	336.36	311.74	240.55	186.05	142.97	128.09	145.69	129.94	108.12	113.29	123.98	19.93			130.75										244.46	261.24	238.94	203.75	279.27	382.03	471.35	731.21	684.79	637.48	707.49	723.78	765.66	809.10	842.89	877.12	910.74	949.39	980.74	1009.55	1063.43	1134.67	1166.99	1196.64	1216.40	1255.89	1307.37	1368.61	1419.83	1456.26	1482.77	1500.96	1478.91	1471.18	1541.58	1607.57	1591.21	1585.73	1588.56	1572.80	1534.10	1533.17	1508.26	1440.13	1299.68	1234.43	1229.12	1184.97	1132.37	1034.79	936.73	899.09	870.00	845.67	743.88	684.17	634.46	513.83	303.26	89.55	49.85					162.50	243.72	248.05	168.59	91.44		28.00	43.95	147.97	247.44	303.67	347.04	370.18	156.25	50.83																																																																																																												
																																					109.34	182.12	285.93	351.32	325.22	299.69	291.47	279.76	267.69	225.78	207.98	223.68	258.68	250.56	129.61	103.76	92.28	64.27	8.29			46.32	70.30	99.97	0.00				82.87	178.21	243.61	215.63	216.17	233.43	267.55	292.92	345.68	450.46	486.70	531.94	605.07	692.01	706.99	748.88	787.57	834.22	876.85	903.33	938.65	991.30	1034.65	1057.45	1102.96	1141.14	1179.02	1194.11	1225.07	1284.97	1346.09	1395.43	1428.11	1448.65	1439.66	1440.67	1484.95	1518.42	1561.00	1560.83	1556.17	1565.25	1540.91	1489.47	1432.86	1374.89	1304.24	1200.31	1172.16	1104.36	1055.57	1004.48	896.91	839.48	846.25	812.57	745.18	596.81	535.69	490.32	360.75	226.05	117.43	60.00			131.42	178.41	203.12	343.76	531.87	549.13	323.75	165.67	184.79	174.10	306.43	417.50	450.11	442.04	417.82	318.07	92.71	148.53	178.08	167.30	89.62			153.13	138.34	112.47	84.52																																																																																																		
																																						125.31	252.57	340.19	330.36	269.45	192.42	144.20	144.22	127.24	147.10	212.50	322.46	362.73	178.95	99.24	84.03	80.22	75.98		74.28	118.75	42.26	85.98	86.51			15.00	176.16	139.97	221.01	334.32	293.82	203.13	199.09	289.05	353.41	304.76	302.32	366.82	564.85	665.53	686.99	739.25	790.86	841.03	881.20	919.72	949.37	997.85	1034.74	1055.52	1111.64	1139.12	1180.64	1213.27	1245.34	1301.48	1340.41	1373.78	1400.00	1399.53	1360.39	1465.80	1523.70	1520.05	1535.36	1525.32	1507.43	1507.78	1498.04	1427.17	1337.83	1264.10	1228.84	1163.53	1118.73	1034.96	1002.19	924.72	865.32	835.52	778.22	638.84	516.12	446.74	381.99	297.96	184.90	144.17				157.83	253.72	456.33	518.22	495.29	622.37	662.09	533.34	449.68	415.53	389.59	443.89	510.14	543.06	535.14	496.31	419.45	285.75	228.68	169.00	145.79	86.22	46.04	30.00	90.74	106.77	145.62	123.00																																																																																																		
																																						85.47	187.31	291.26	304.12	227.50	90.75	36.37	60.57	83.19	113.37	152.97	250.06	310.09	181.38	89.76	73.93	54.73	58.71	64.34	68.13	127.73	176.81	325.30	62.50			73.00	93.11	200.49	305.01	393.57	461.97	316.87	199.97	272.95	425.46	433.59	364.24	399.60	547.59	651.02	683.64	725.18	769.19	827.88	876.44	922.01	963.93	1010.73	1047.07	1068.67	1124.52	1157.81	1176.31	1224.94	1258.02	1298.04	1332.58	1363.39	1390.26	1397.12	1391.93	1473.86	1518.13	1504.10	1510.43	1498.05	1478.32	1463.09	1434.24	1366.84	1279.84	1205.57	1159.65	1120.91	1073.57	1013.60	977.54	888.79	822.93	753.55	620.15	454.13	311.96	301.73	239.12	162.48	128.39					172.35	537.54	802.94	754.60	609.89	632.08	690.05	646.39	612.81	575.37	544.89	561.69	597.30	618.94	608.24	565.61	480.39	311.93	177.37	154.35	168.30	104.46	125.06		0.00	29.73	97.80	144.90																																																																																																		
																																						0.00	35.21	91.50	142.39	126.48	45.94	15.52	35.50	36.81	39.70	64.75	98.90	152.22	90.72	32.71	50.50	61.43		64.37	128.24	207.84	327.62	502.02	328.76	224.44	105.88	169.16	187.84	317.66	399.69	500.03	646.62	664.31	523.02	455.56	540.07	592.99	523.07	514.93	604.57	670.34	698.92	715.35	768.03	839.82	895.86	921.16	967.59	1008.22	1050.61	1081.48	1114.04	1157.18	1185.16	1217.41	1254.39	1286.27	1314.84	1345.58	1381.99	1423.04	1450.26	1464.05	1480.78	1490.57	1486.18	1480.13	1458.56	1411.49	1379.71	1342.74	1266.83	1179.54	1184.52	1130.06	1044.35	993.90	972.54	867.53	763.36	636.32	515.24	411.03	250.12	175.31	146.87			53.06			118.52	285.29	533.09	695.44	687.32	659.66	695.76	750.48	777.16	768.47	748.38	745.77	752.91	755.30	722.58	679.87	608.15	505.82	304.49	154.40	226.09	281.03	298.58	213.03	189.89	202.51	233.99	203.92	200.71	178.82	174.00																																																																																																
																																								-15.25	6.17	18.64	24.93					31.62	54.25	162.42	90.08	-0.75	30.62	58.31	58.12	106.27	207.78	299.20	363.04	359.03	324.81	296.24	275.95	360.33	316.62	406.25	483.61	553.50	652.09	773.35	783.34	704.20	632.38	673.48	625.12	625.69	664.26	736.40	746.03	765.41	818.73	875.33	918.13	941.74	988.85	1017.18	1061.26	1093.61	1119.47	1157.36	1198.89	1232.21	1264.36	1296.37	1304.94	1323.23	1376.56	1408.04	1435.15	1447.92	1465.78	1474.00	1468.40	1468.63	1438.45	1389.92	1362.29	1338.29	1261.88	1196.80	1175.49	1125.08	1058.99	1018.08	961.93	842.56	763.50	716.73	565.64	412.51	230.37	140.73		173.46	154.80	97.65		108.84	139.27	380.00	548.26	622.89	701.06	711.73	787.29	817.83	858.09	871.21	852.62	832.77	836.33	832.11	773.54	694.49	597.67	493.14	363.35	318.57	314.38	371.96	352.84	270.38	203.21	185.77	171.16	189.81	190.59	200.13	139.87																									0.00																																																																							
																	68.75	68.50	70.62	119.50	80.59																											-1.91	43.24	190.91	178.25	73.75	78.90	143.28	144.48	197.05	298.95	372.16	433.45	440.10	458.00	405.14	437.22	576.61	481.52	517.64	569.45	613.06	664.73	841.00	958.07	805.23	732.04	725.19	705.25	710.39	760.11	799.67	791.97	815.00	869.56	904.43	940.57	971.16	1020.93	1039.40	1076.90	1107.67	1144.87	1175.34	1219.78	1252.49	1276.21	1305.60	1323.13	1341.56	1384.40	1407.48	1428.45	1447.76	1464.65	1466.13	1455.66	1446.67	1406.73	1370.62	1351.40	1336.22	1268.28	1187.76	1136.14	1094.65	1048.93	988.99	881.04	777.23	692.13	645.20	549.27	420.45	288.03		221.34	191.19	192.26	149.40		158.82	220.21	438.24	596.97	673.75	742.42	801.78	860.37	880.24	913.41	925.12	893.73	876.80	881.06	854.04	785.63	715.30	623.68	522.84	441.75	399.51	431.53	455.61	389.48	308.39	200.35	117.66	41.62	115.97	184.48	215.40	88.44	3.24		136.14	138.10	95.59						0.00																																																																																					
															65.88	120.25	136.12	110.20	94.85	149.40	181.00	65.60																						10.50	11.50	4.64	1.00	-8.09	77.07	217.55	245.63	153.69	197.07	248.41	266.49	259.70	333.23	418.54	462.49	482.46	638.44	618.47	530.66	770.37	669.33	618.04	644.08	657.09	686.62	875.68	935.88	851.23	815.00	789.76	794.59	816.59	846.05	854.83	848.26	870.68	915.28	925.85	985.58	1016.32	1041.89	1066.53	1086.43	1109.63	1161.76	1193.25	1234.38	1264.50	1290.70	1311.32	1345.47	1364.51	1389.21	1410.47	1431.18	1449.91	1464.79	1467.53	1455.29	1436.05	1398.45	1353.39	1346.71	1367.73	1297.96	1187.86	1140.14	1082.38	1007.07	921.08	808.88	707.04	599.67	496.33	435.74	423.93	381.28	351.33	278.43	191.82	153.36	132.07	189.38	214.12	341.87	503.04	628.06	703.54	780.60	862.21	920.23	933.63	951.94	949.49	935.98	927.09	923.99	890.86	806.75	765.00	684.72	565.58	491.20	505.54	536.35	554.86	476.37	500.50	321.85	133.06	50.00	79.91	215.95	256.47	251.65	50.50		107.82	172.45	77.47						4.50																																																																																					
														34.65	154.06	262.64	288.93	219.09	133.24	125.36	156.29	90.23																					0.00		17.61	0.00	-23.95	28.23	140.53	245.87	271.16	216.78	244.74	340.78	383.46	354.48	398.80	478.77	522.53	525.88	633.25	698.74	655.86	808.34	750.83	671.99	674.51	689.13	756.01	843.77	883.40	883.71	876.89	866.21	868.94	867.59	863.45	879.96	911.25	934.80	949.24	940.03	1002.67	1037.83	1060.68	1086.28	1099.46	1116.31	1167.42	1208.92	1243.23	1271.57	1299.08	1320.56	1341.97	1365.93	1392.41	1407.96	1436.90	1461.25	1477.27	1481.18	1468.18	1446.15	1402.87	1342.43	1324.12	1352.19	1283.42	1167.13	1114.51	1039.61	941.43	893.32	789.87	676.27	595.55	492.36	373.71	389.79	401.94	390.53	351.31	255.09	169.89	144.47	225.80	312.11	470.39	581.77	677.74	756.80	818.29	902.84	955.22	972.48	992.88	993.11	974.00	955.48	945.22	912.60	846.79	803.52	722.22	629.49	598.90	622.32	627.09	628.24	574.45	666.19	528.81	249.19	113.81	135.33		169.25	224.77			98.75	131.11	175.34	123.50	94.31	29.00		118.62	63.38																																																																																					
													63.09	112.92	233.82	346.44	386.53	359.94	271.65	203.87	167.38	68.17	40.09	31.97	39.00	45.81																0.38	3.79	20.25	63.56	45.84	100.01	255.69	303.34	296.31	304.04	287.29	331.44	449.82	494.95	452.79	490.21	566.20	617.18	634.00	670.65	720.47	720.03	803.33	752.98	633.69	678.15	772.38	849.10	898.77	920.89	925.92	921.66	907.70	897.78	891.66	838.02	930.61	1008.46	999.63	993.08	979.61	1018.71	1067.94	1088.61	1105.08	1121.38	1155.91	1185.12	1217.57	1251.34	1277.10	1303.42	1323.51	1348.29	1381.19	1406.91	1426.32	1458.30	1478.46	1490.56	1489.15	1467.94	1422.28	1379.30	1328.83	1298.55	1299.08	1253.00	1164.30	1097.03	1021.94	904.97	879.73	801.90	708.37	660.98	566.16	468.75	468.76	510.66	517.81	492.84	414.75	284.70	254.00	245.16	409.27	573.36	680.11	774.77	832.79	868.62	931.30	982.36	1006.18	1031.57	1036.81	1013.80	986.21	970.73	938.49	885.40	829.09	754.33	686.03	674.18	690.60	723.39	717.00	668.19	695.90	680.84	409.08	142.27	250.69	257.47	87.67				100.56	89.76	27.36	70.00	47.75	81.94	0.00																																																																																							
													102.09	158.60	259.44	384.08	457.69	468.11	442.56	407.23	338.31	220.19	240.71	211.77	114.21	89.13	37.39															1.62	16.53	50.79	59.91	120.31	283.11	360.02	378.55	400.44	424.85	416.47	462.70	574.78	609.97	578.71	609.09	664.07	704.43	732.78	782.34	828.87	815.19	813.83	801.17	751.25	789.90	854.21	890.52	926.49	940.25	946.20	948.75	944.31	940.82	948.37	897.60	1022.60	1076.59	1041.01	1023.82	1033.86	1063.58	1100.25	1102.86	1124.02	1150.77	1183.79	1202.53	1226.75	1258.64	1279.15	1314.88	1334.93	1370.13	1403.22	1428.56	1450.93	1471.85	1493.34	1491.49	1479.80	1454.66	1380.56	1343.98	1313.68	1279.20	1265.50	1210.79	1152.25	1092.84	1004.09	920.87	874.15	807.81	729.12	673.79	629.51	607.08	697.25	723.28	647.28	595.56	565.48	431.79	300.01	282.12	472.01	654.68	754.99	831.35	870.49	910.19	966.85	1007.54	1036.66	1067.54	1080.26	1064.46	1033.79	1016.14	987.83	928.96	880.01	828.60	772.74	753.12	772.04	789.48	801.37	769.08	762.15	735.99	504.72	231.45	302.70	347.25	216.84	170.31				25.50	115.54	106.17	107.91	139.80	5.06	-2.81	24.55	64.65	81.93	102.50	73.92	60.33																																																																																
													56.00	134.84	238.50	376.56	482.36	526.74	537.12	531.59	457.44	362.12	422.73	382.24	151.53	43.12	39.85														119.88	124.41	191.55	223.76	222.94	323.88	427.07	468.61	512.03	503.91	526.01	533.82	584.10	684.47	738.29	741.19	789.39	866.71	871.81	856.19	856.48	874.47	891.89	908.27	912.02	908.67	947.42	994.27	1005.96	993.93	967.72	974.93	1021.00	1045.67	1030.01	1021.62	1016.78	1107.90	1098.90	1052.39	1064.07	1063.35	1100.35	1125.30	1129.33	1144.44	1178.47	1201.38	1214.81	1243.17	1272.97	1301.38	1328.77	1355.88	1405.47	1427.00	1455.77	1481.03	1495.45	1511.54	1513.72	1492.20	1449.91	1391.01	1338.62	1335.20	1292.66	1247.44	1177.40	1136.78	1076.40	973.88	946.52	895.96	843.27	768.08	762.33	786.14	780.42	859.31	878.89	781.83	701.75	675.32	573.45	449.30	433.99	568.34	717.41	811.26	881.52	920.71	957.54	1004.00	1041.46	1074.78	1113.19	1137.76	1125.58	1088.51	1075.94	1063.35	1014.79	959.75	914.14	865.83	833.01	839.79	871.74	891.92	874.93	855.85	809.45	703.81	469.00	411.49	457.20	328.88	227.52	194.24				96.67	75.21	58.21	173.76	209.73	206.81	229.59	260.91	261.60	238.76	166.70	111.23	145.27	59.29	6.58	37.80	62.00	130.88	45.00																										-31.00		0.00																																													
													56.00	95.56	193.25	332.17	441.67	494.21	511.74	508.36	396.42	251.91	229.25	219.69	94.06	35.09											22.50	109.00		116.39	183.80	246.43	307.35	364.01	396.02	470.41	528.24	596.79	617.38	579.02	600.16	637.48	667.28	701.82	758.75	785.49	819.81	885.02	923.81	918.00	896.94	895.46	973.29	1049.34	1068.78	1095.17	1101.01	1103.29	1097.26	1051.66	1005.20	999.25	1077.90	1104.03	1075.84	1062.65	1075.42	1123.41	1112.23	1098.43	1125.51	1100.97	1134.80	1148.38	1138.21	1151.72	1197.80	1224.86	1236.02	1269.99	1289.64	1323.49	1344.04	1397.13	1431.88	1428.35	1457.35	1496.26	1511.40	1522.55	1527.28	1510.23	1474.22	1429.61	1401.96	1360.57	1313.64	1259.59	1204.35	1167.35	1106.86	1045.73	1026.83	958.85	912.34	891.55	893.31	890.94	895.83	923.36	928.00	856.21	741.56	653.14	569.48	520.53	560.65	666.41	755.10	842.18	902.61	958.97	994.88	1033.40	1075.57	1116.82	1150.60	1173.59	1162.20	1134.15	1113.37	1099.77	1047.09	1015.37	994.76	980.54	923.17	900.35	925.13	952.05	942.84	905.20	863.17	818.88	649.49	508.89	437.64	355.56	312.74	274.67	265.34					87.28	205.81	342.70	383.81	403.42	408.70	394.58	336.68	271.33	200.07	203.30	176.16	169.44	129.31	126.48	153.37	118.86	-20.92																											0.00																																													
														89.70	175.96	306.27	415.03	474.06	473.71	427.16	297.80	248.20	109.65	82.47	64.34															183.71	289.08	361.57	415.11	464.18	512.10	562.70	595.89	633.47	659.80	664.89	680.63	709.09	741.04	759.01	798.15	822.27	839.46	887.70	959.59	1005.15	1032.96	1017.29	1029.26	1138.67	1172.34	1214.09	1206.74	1147.84	1126.30	1113.39	1070.54	1072.46	1131.94	1118.03	1125.06	1128.95	1118.49	1123.73	1148.74	1145.36	1187.48	1165.72	1179.97	1179.32	1168.16	1186.28	1220.50	1243.62	1257.95	1304.23	1322.05	1356.22	1372.88	1440.16	1463.94	1485.24	1497.49	1514.64	1524.58	1533.76	1531.34	1513.26	1488.69	1471.04	1434.87	1374.69	1323.49	1268.98	1228.49	1199.80	1160.97	1099.69	1064.09	1000.64	965.35	955.40	966.68	962.55	978.80	972.68	949.13	887.79	777.70	693.38	648.15	628.18	661.74	725.12	805.23	880.46	933.15	986.88	1021.91	1053.44	1092.45	1141.40	1171.93	1184.80	1189.44	1176.24	1146.21	1120.73	1085.48	1072.48	1048.98	1029.58	994.86	969.86	985.57	1005.29	1000.71	952.48	915.31	889.14	776.28	633.70	449.62	389.70	339.10	277.98	310.05	423.58				45.01	183.35	354.77	438.83	470.32	489.26	472.44	444.25	386.94	350.18	338.64	362.26	377.27	264.06	162.91	213.29	136.20	42.16	30.79																								21.88	59.88	89.81	111.03	43.69	91.00																																										
														145.18	210.57	315.90	405.73	464.78	451.12	366.73	294.71	284.36	171.11	130.62	113.65	43.33	55.10	181.25	207.74	0.00									76.00	161.32	293.33	398.06	463.30	522.82	572.13	611.93	655.38	680.63	693.12	718.00	745.11	763.16	785.54	807.63	854.17	864.86	889.45	957.22	1035.67	1077.89	1177.69	1215.40	1182.98	1160.87	1203.53	1259.88	1239.25	1176.24	1149.59	1127.19	1133.14	1166.46	1170.72	1160.62	1181.91	1198.41	1179.84	1160.01	1170.19	1190.36	1223.49	1226.66	1217.28	1217.25	1227.70	1243.44	1241.01	1268.85	1304.18	1362.58	1386.24	1391.77	1396.55	1476.31	1489.31	1529.25	1546.18	1542.69	1545.87	1547.91	1536.33	1519.27	1497.22	1483.01	1432.71	1382.08	1351.43	1301.75	1252.01	1226.59	1213.02	1186.50	1108.33	1038.03	1038.50	1017.42	1029.50	1029.06	1029.51	1003.43	960.75	907.22	844.50	775.89	715.28	732.06	732.28	783.31	839.84	899.64	951.64	1004.16	1041.15	1073.76	1108.78	1158.81	1191.96	1204.50	1209.63	1209.29	1181.78	1148.75	1132.94	1121.55	1099.69	1080.25	1058.87	1031.12	1029.33	1045.83	1047.47	1007.89	960.76	934.61	870.68	745.57	572.74	531.93	511.56	417.46	379.39	428.18	434.41		96.64	71.86	183.47	360.05	473.87	512.82	538.74	554.04	572.62	555.93	501.21	475.78	487.15	492.49	385.48	219.87	175.62	133.88	68.39	52.50	27.50			40.89	59.40	9.50		28.38												0.00	209.77	178.95	105.10	104.02	156.13	208.88	228.27	190.19	147.66	148.16	121.49	147.96																																							
														93.00	130.44	230.60	321.32	404.82	452.86	394.81	217.62	149.54	144.42	221.98	178.66	67.12	36.25	58.61	47.23	77.36	39.46	17.01	0.00							161.78	245.86	373.86	457.54	529.76	583.14	621.34	661.44	692.11	686.73	721.35	790.82	826.31	845.64	850.90	886.34	908.12	931.33	988.48	1053.62	1076.40	1141.24	1190.18	1174.62	1192.21	1238.29	1298.69	1281.00	1210.00	1154.50	1178.04	1243.86	1324.44	1358.76	1324.41	1280.55	1250.86	1265.12	1253.08	1232.63	1242.13	1259.57	1261.30	1257.92	1272.34	1291.77	1302.09	1286.43	1356.88	1412.14	1453.59	1452.23	1456.30	1487.78	1530.48	1502.35	1506.97	1569.89	1570.26	1566.57	1558.08	1546.38	1545.29	1527.24	1504.21	1447.48	1384.64	1363.79	1326.16	1286.65	1259.94	1237.61	1229.14	1211.84	1200.38	1195.31	1122.24	1115.10	1088.85	1053.63	1016.68	974.20	924.28	877.97	837.68	791.16	812.04	780.24	832.25	871.99	916.86	970.57	1016.23	1055.45	1092.29	1131.97	1175.02	1203.35	1227.69	1235.20	1231.98	1215.62	1194.22	1177.66	1161.06	1144.32	1124.10	1105.35	1090.27	1083.43	1087.43	1086.31	1058.59	1012.89	974.15	913.14	844.34	734.73	658.23	645.61	547.35	410.37	394.94	385.50	318.61	286.71	261.32	278.38	375.80	496.56	549.23	594.16	624.94	645.25	632.14	591.15	574.73	561.27	556.47	500.10	337.10	284.35	227.04	101.66	64.04	58.30	81.25	98.84	112.12	131.18	103.39	106.00	138.78	169.59	107.59	113.08		-26.00	0.00					132.84	159.91	314.48	260.66	208.89	239.62	301.51	325.84	328.69	309.88	294.31	268.96	232.72	198.55	98.43	28.12	36.72																																				
															47.15	85.49	79.83	153.55	319.97	380.87	256.97	108.45	124.07	259.50	183.83	80.74	83.31	75.56	41.97	6.95	26.37	11.07	-7.69	50.75						118.17	201.06	334.04	424.45	501.45	553.04	609.27	667.74	676.11	657.48	725.63	824.80	871.70	899.96	896.94	919.08	980.42	976.38	1003.28	1049.56	1101.04	1161.05	1109.10	1152.07	1223.09	1294.42	1322.71	1311.00	1270.45	1274.56	1332.98	1376.15	1438.05	1477.81	1452.02	1375.18	1320.81	1338.74	1342.04	1303.63	1292.85	1297.43	1291.29	1298.98	1321.64	1338.03	1350.50	1360.41	1412.54	1455.49	1475.64	1464.97	1485.63	1579.22	1564.81	1565.50	1511.96	1541.50	1569.04	1569.45	1565.42	1577.65	1588.51	1566.11	1535.14	1449.89	1360.30	1342.69	1335.29	1319.98	1296.76	1270.84	1250.96	1262.52	1267.23	1235.59	1195.90	1167.78	1113.01	1061.32	1029.15	993.44	948.79	902.33	877.00	844.89	847.95	838.08	868.27	889.28	933.45	985.17	1026.58	1064.97	1103.54	1143.52	1184.85	1212.35	1234.89	1249.20	1246.34	1231.05	1214.17	1198.12	1186.12	1166.61	1147.63	1142.29	1137.96	1125.89	1125.72	1122.03	1094.97	1046.80	1001.23	948.43	897.78	852.83	764.67	701.30	628.18	512.24	416.33	369.03	395.21	403.53	371.13	358.08	405.31	513.94	587.06	638.66	672.42	689.74	705.18	654.62	639.02	667.00	684.17	637.66	500.36	420.68	369.47	249.95	175.73	165.13	169.01	183.59	245.75	326.62	370.26	347.69	366.90	387.00	308.28	255.55	219.97	369.00		269.38		0.00	31.82	170.30	330.71	411.15	366.35	318.16	340.85	402.07	417.26	437.04	439.67	397.78	373.63	338.86	275.80	202.63	147.44	107.03	103.23	106.07																																		
											0.00		136.75		77.72	122.99	121.89	90.77	232.40	338.81	275.10	175.06	164.33	120.85	114.98	203.95	145.41	93.58	60.84	35.52	47.91	46.00		39.74	100.22						172.04	218.26	342.45	411.04	508.74	578.12	673.53	730.00	650.50	704.11	838.45	866.12	916.01	952.02	1006.14	1059.31	1044.82	1048.29	1047.94	1095.29	1175.79	1161.89	1244.45	1296.83	1325.37	1349.79	1347.80	1357.58	1420.25	1452.34	1463.48	1503.41	1502.14	1488.81	1431.43	1405.40	1406.93	1383.61	1348.46	1331.78	1324.48	1321.14	1334.68	1353.13	1364.54	1386.19	1403.18	1443.14	1484.81	1501.80	1493.30	1497.27	1592.24	1601.43	1597.81	1525.25	1542.88	1568.90	1594.86	1595.44	1596.09	1603.48	1574.67	1544.44	1492.88	1415.88	1352.84	1360.77	1357.97	1335.20	1318.14	1314.45	1305.43	1288.23	1259.60	1232.36	1206.92	1143.10	1068.04	1036.80	1002.81	967.98	927.47	899.32	873.18	872.71	875.34	889.40	922.08	972.57	1014.45	1047.14	1079.94	1116.02	1155.69	1192.22	1218.48	1239.41	1256.09	1259.23	1248.76	1237.92	1224.69	1211.50	1203.78	1191.85	1178.21	1164.41	1158.79	1157.79	1142.73	1120.33	1084.61	1037.16	992.31	947.64	899.08	838.77	755.13	703.01	673.35	602.93	508.52	438.41	408.45	388.75	420.12	494.96	589.53	645.38	684.65	704.96	696.87	790.39	751.53	721.02	722.88	710.93	689.90	590.45	488.62	441.08	384.33	353.71	281.12	213.30	231.74	324.64	447.91	500.24	513.44	526.48	539.29	443.81	430.10	474.69	316.58	193.99	162.37		0.00	184.96	310.53	419.94	489.20	486.87	461.80	448.00	477.79	497.44	529.11	517.46	474.19	448.08	417.94	370.18	328.46	285.37	163.74	107.05	91.40	57.23	0.17																																
								2.50	40.52	100.31	169.27	163.73	150.79	146.56	128.50	203.33	355.31	415.98	464.92	450.32	391.31	313.85	161.00	191.76	229.41	240.42	241.44	204.21	76.05	46.52		92.78	168.88	170.63	142.32	112.87					66.00	74.78	213.83	333.63	497.45	705.03	625.19	722.06	650.14	626.43	897.24	879.71	894.50	970.16	1073.80	1159.63	1121.53	1097.02	1084.42	1100.27	1163.61	1211.56	1276.84	1331.64	1400.62	1402.49	1395.11	1428.85	1493.72	1518.30	1513.81	1520.13	1510.83	1496.48	1475.08	1454.95	1429.64	1405.33	1380.33	1367.42	1364.81	1362.79	1375.22	1390.51	1393.24	1404.09	1439.10	1465.19	1505.76	1523.46	1521.12	1541.06	1583.06	1606.80	1626.92	1639.14	1648.47	1652.90	1654.46	1643.47	1615.21	1593.88	1562.09	1544.08	1532.16	1461.80	1407.73	1411.14	1397.76	1370.76	1359.79	1358.65	1345.60	1322.54	1293.27	1264.66	1230.85	1167.58	1117.15	1063.32	1029.22	1003.58	982.32	954.66	924.47	891.36	905.68	929.16	977.20	1029.45	1057.72	1082.59	1103.72	1134.93	1176.39	1204.83	1229.56	1256.00	1276.58	1285.70	1279.96	1273.08	1263.01	1251.45	1241.50	1232.59	1219.66	1208.29	1202.37	1193.05	1169.93	1149.95	1127.30	1085.24	1042.48	999.70	959.72	925.14	866.96	814.77	791.87	732.28	646.83	554.55	479.59	481.74	513.53	584.80	660.96	721.80	758.70	778.44	736.92	794.57	837.61	815.81	779.43	741.10	717.66	668.17	601.75	560.64	529.27	475.97	411.08	339.17	344.23	481.93	536.71	572.33	624.73	646.98	628.47	559.99	532.51	542.76	362.35	264.53	305.34	246.40	181.95	308.71	417.26	486.87	520.30	521.20	527.57	537.10	561.04	563.38	566.65	555.89	545.89	533.95	491.54	449.41	394.97	358.38	262.92	223.27	190.06	152.02	80.95	78.03	159.51	172.87	110.94	14.22	20.39	118.12	119.00																								
		135.00		255.02	237.24			39.10	153.82	268.41	292.64	247.07	202.44	154.28	120.41	276.02	468.94	597.51	684.69	663.82	582.70	367.01	291.65	350.79	484.62	518.05	413.22	281.97	33.66	2.77	135.89	176.84	369.71	370.38	250.02	174.25	119.98					86.00	88.28	174.25	413.02	675.07	724.57	786.14	626.16	581.22	833.05	845.77	867.67	958.91	1104.48	1207.70	1261.80	1179.71	1122.53	1194.04	1216.40	1221.32	1273.86	1339.86	1429.64	1437.89	1430.95	1452.55	1489.35	1514.54	1533.24	1537.55	1520.99	1506.73	1491.71	1471.92	1448.76	1428.28	1407.72	1398.48	1396.53	1400.03	1413.49	1433.04	1437.59	1438.10	1477.15	1504.50	1529.23	1538.15	1557.12	1596.17	1595.19	1623.21	1672.94	1686.24	1686.81	1683.42	1676.60	1672.18	1654.61	1634.63	1603.81	1594.35	1597.63	1530.57	1469.57	1463.65	1459.45	1445.15	1422.07	1394.95	1381.17	1375.36	1350.24	1304.91	1266.99	1218.23	1179.72	1122.43	1083.83	1053.01	1023.27	997.93	996.50	981.64	969.35	988.85	1032.58	1069.88	1093.44	1118.45	1134.39	1165.33	1202.70	1225.22	1247.53	1276.59	1298.95	1312.66	1307.65	1303.67	1296.10	1285.92	1274.03	1266.43	1256.05	1237.24	1229.25	1220.45	1200.04	1175.40	1155.71	1123.28	1082.30	1053.29	1014.33	971.66	933.79	895.35	849.33	784.49	712.31	675.54	622.62	589.89	609.08	683.58	734.25	777.07	822.61	860.73	886.47	894.98	909.24	875.45	832.52	797.60	768.97	727.84	672.16	641.50	630.88	583.60	523.22	483.69	519.26	613.93	651.86	649.04	669.52	686.23	641.39	600.56	541.88	524.14	397.17	401.49	356.88	340.51	347.35	408.09	489.95	543.15	551.02	555.84	570.22	584.67	600.87	606.34	610.86	605.67	593.46	575.56	540.12	503.84	451.16	432.72	417.74	414.29	368.58	301.41	247.46	230.56	270.86	276.95	201.24	144.58	168.06	198.43	211.13	168.22	115.30	107.22	197.25																				
89.24	140.11	281.00	418.12	381.13	275.18	109.09		82.82	248.81	368.74	383.14	311.87	209.06	67.26	168.46	358.11	559.33	689.99	759.29	775.49	679.92	552.99	545.37	550.88	589.12	493.27	327.59	209.17	95.61	203.53	287.57	360.27	520.50	502.62	350.73	241.35	127.33	93.98				67.00		98.98	210.53	325.06	452.75	527.99	537.85	629.53	744.23	788.07	833.12	896.23	1055.18	1155.07	1172.86	1172.61	1225.71	1297.32	1284.52	1256.62	1269.01	1344.84	1430.92	1461.56	1465.19	1475.80	1497.28	1521.50	1547.20	1557.91	1546.09	1525.55	1508.50	1489.31	1469.10	1455.19	1447.71	1440.82	1436.70	1451.63	1467.91	1475.62	1477.97	1485.20	1515.28	1545.19	1560.79	1559.09	1585.81	1613.70	1627.19	1655.85	1689.32	1705.67	1710.86	1711.81	1701.17	1690.84	1671.10	1660.27	1647.35	1617.96	1616.05	1589.48	1537.61	1522.17	1501.25	1488.17	1467.93	1434.73	1441.79	1448.43	1409.26	1353.40	1291.39	1247.22	1200.85	1155.48	1125.75	1097.92	1062.70	1054.66	1061.48	1041.49	1035.63	1085.21	1112.65	1127.77	1131.61	1143.16	1167.16	1198.60	1229.55	1249.87	1277.25	1304.35	1319.01	1332.47	1331.89	1330.91	1323.87	1312.47	1301.07	1301.77	1295.39	1278.76	1268.54	1253.58	1228.14	1207.90	1188.41	1160.31	1120.74	1092.21	1059.67	1008.76	974.04	934.49	881.46	837.53	817.25	789.53	710.31	667.14	691.30	758.94	800.84	830.74	870.15	908.85	940.59	955.06	961.26	933.73	884.06	836.27	826.63	793.96	746.51	716.15	690.66	652.07	617.16	610.13	645.60	706.00	718.64	740.63	734.31	728.53	693.14	668.71	615.39	559.31	522.07	467.89	434.77	430.26	435.37	485.61	554.07	592.47	593.21	598.24	606.81	624.99	643.81	645.91	648.16	650.41	638.34	620.20	587.55	558.87	527.56	503.71	505.91	511.19	481.40	412.08	379.73	369.34	372.76	352.94	312.35	324.69	366.98	322.30	317.66	297.86	255.97	246.66	298.87	348.62	316.17	173.69																	
204.07	224.74	377.15	499.49	437.99	294.95	101.22	94.77	222.09	365.17	462.88	463.23	401.83	278.57	167.69	218.35	337.28	553.77	738.06	842.97	854.23	790.99	632.16	721.53	708.52	637.55	452.53	290.68	199.34	210.69	364.37	489.05	630.54	694.92	611.99	423.51	256.06	105.65	102.39				83.40	46.59	78.70	124.30	233.06	330.76	428.27	518.98	641.55	734.13	797.27	844.00	896.78	1000.23	1060.44	1074.63	1117.62	1212.24	1285.51	1294.79	1303.01	1317.60	1336.74	1416.28	1470.03	1488.03	1492.99	1510.98	1531.49	1552.23	1565.46	1567.32	1549.15	1526.89	1516.58	1504.05	1492.19	1490.41	1478.66	1471.32	1492.43	1512.41	1517.66	1510.28	1515.09	1531.43	1554.24	1567.83	1591.97	1619.04	1635.33	1646.17	1674.62	1704.96	1720.15	1730.37	1736.56	1735.38	1739.35	1717.00	1687.76	1690.88	1652.58	1626.76	1617.47	1598.36	1567.75	1536.36	1532.74	1498.48	1478.76	1480.58	1501.20	1493.06	1391.32	1311.86	1266.58	1216.04	1187.03	1159.44	1130.22	1110.51	1103.59	1106.53	1093.44	1093.98	1143.43	1157.54	1167.68	1154.61	1167.35	1203.83	1233.37	1257.31	1277.25	1305.60	1325.94	1339.80	1349.66	1351.72	1350.50	1351.64	1343.80	1328.43	1325.44	1326.14	1321.12	1302.05	1280.18	1254.97	1237.91	1219.98	1195.71	1160.73	1125.25	1092.24	1049.91	1008.59	963.30	927.75	909.74	966.86	926.55	783.60	737.47	755.30	809.15	846.49	872.26	914.18	948.59	973.14	988.72	994.06	991.88	939.73	856.19	853.97	827.02	795.29	798.71	747.40	727.40	706.85	703.35	723.75	751.22	766.21	800.77	799.27	801.43	768.99	759.68	701.46	633.76	546.31	521.25	503.80	508.07	523.06	560.79	605.71	633.55	639.69	648.40	649.89	654.91	663.38	670.44	679.51	683.87	678.83	660.20	629.17	608.24	590.31	562.69	556.76	560.62	551.63	508.75	457.47	451.17	462.70	437.44	406.59	429.93	466.48	413.70	370.30	371.89	354.10	361.53	407.07	420.12	342.44	260.07	201.94	146.23	116.64	61.40	20.48	18.70			116.09	66.16	38.71	64.80	96.72	32.68	1.00		
316.60	360.58	478.29	549.67	494.33	408.58	295.96	233.69	305.63	456.07	538.06	544.18	489.56	381.49	315.71	291.85	304.91	455.06	663.64	839.79	911.57	855.82	731.35	782.60	848.42	820.61	562.16	366.45	324.56	517.35	641.98	590.97	758.51	891.62	744.81	576.06	438.53	270.06	128.12			112.00	85.01	10.23	123.61	256.98	293.86	294.40	407.15	541.37	676.18	765.38	833.52	877.94	936.18	1034.12	1084.92	1098.35	1145.90	1214.22	1259.56	1284.92	1326.33	1354.33	1346.85	1408.28	1458.68	1486.99	1495.10	1510.01	1533.29	1553.83	1567.45	1573.11	1557.91	1544.48	1541.12	1536.78	1525.10	1518.73	1518.43	1508.19	1516.97	1527.47	1542.36	1544.20	1548.62	1553.49	1569.45	1589.80	1625.24	1644.71	1663.91	1674.83	1695.21	1722.55	1741.28	1754.43	1758.33	1762.07	1771.83	1773.15	1740.08	1732.55	1715.03	1680.82	1649.29	1636.53	1611.06	1599.44	1641.90	1547.30	1521.16	1521.76	1525.50	1516.78	1389.71	1324.85	1289.30	1240.65	1208.27	1183.31	1161.06	1136.37	1098.97	1134.63	1159.00	1163.46	1189.04	1195.88	1204.87	1174.36	1201.21	1245.62	1260.69	1274.62	1302.61	1331.12	1352.89	1369.76	1376.75	1378.80	1375.79	1376.84	1371.80	1364.66	1356.71	1349.29	1343.03	1330.46	1302.95	1277.46	1263.40	1245.29	1223.40	1200.02	1171.09	1135.66	1097.27	1051.44	997.90	963.51	936.41	983.66	1002.90	843.60	791.28	811.21	850.60	883.56	921.48	959.97	987.19	1002.84	1012.39	1031.63	1045.34	1013.60	924.56	916.71	901.70	868.93	855.03	808.90	802.16	784.94	775.72	784.24	798.94	817.98	848.06	856.02	861.71	837.60	819.11	765.56	654.97	544.33	573.85	583.57	595.91	601.72	634.07	661.69	671.39	673.31	689.34	702.67	708.00	704.15	713.14	719.42	722.16	718.29	701.95	673.94	643.67	629.68	620.62	613.86	602.71	575.11	563.28	525.34	508.05	527.54	518.00	490.68	492.75	512.43	464.24	473.40	469.18	437.49	439.47	482.10	493.30	430.34	316.81	218.40	172.75	174.40	200.75	182.85	154.31	132.14	147.39	226.13	238.60	171.94	179.20	193.70	151.21	89.47	104.25	
438.50	490.23	569.36	589.53	542.68	498.21	346.20	316.84	375.76	492.80	576.60	597.37	544.25	459.01	411.77	383.98	372.82	419.22	556.31	742.84	851.60	854.29	862.73	916.45	949.26	932.14	700.68	581.28	594.81	834.30	914.98	714.32	929.34	1044.06	964.01	886.61	772.87	511.21				111.80	119.07	160.87	309.89	405.52	403.48	352.38	436.09	597.21	731.73	817.05	879.57	914.07	967.11	1032.95	1067.73	1106.11	1162.16	1221.86	1255.54	1288.15	1329.72	1358.04	1371.15	1412.94	1446.00	1473.37	1491.94	1507.49	1529.31	1547.79	1564.43	1574.75	1573.88	1574.34	1566.78	1556.67	1543.43	1535.04	1542.20	1558.66	1576.78	1576.98	1579.06	1580.67	1587.68	1591.39	1601.14	1625.45	1653.20	1667.75	1687.66	1702.78	1718.14	1740.73	1761.62	1776.95	1784.74	1788.85	1794.79	1810.94	1793.11	1769.70	1774.28	1771.51	1755.14	1731.38	1664.51	1654.70	1729.77	1623.09	1577.52	1543.98	1517.60	1490.81	1400.00	1350.68	1317.03	1259.26	1234.07	1236.73	1237.91	1209.57	1122.86	1131.18	1193.41	1235.31	1229.36	1211.26	1232.12	1211.71	1227.87	1278.08	1287.29	1302.21	1332.88	1360.21	1383.38	1399.20	1410.01	1410.41	1404.87	1402.95	1408.97	1418.64	1403.37	1386.14	1363.55	1345.16	1329.86	1306.74	1291.54	1277.18	1259.41	1242.03	1217.43	1182.09	1140.79	1105.53	1043.51	996.34	965.66	973.62	1001.47	916.17	875.63	889.47	909.03	930.28	967.52	1000.08	1029.01	1049.86	1058.08	1096.57	1092.01	1077.32	1043.97	1003.57	981.20	980.47	934.42	893.38	883.55	854.69	837.39	843.47	868.96	887.12	905.15	913.91	907.77	898.38	885.24	833.61	731.40	669.62	685.69	712.83	718.15	691.67	716.87	783.12	754.24	716.58	722.77	751.56	762.13	760.21	766.88	770.62	767.33	757.59	742.13	725.82	708.44	699.13	685.72	671.57	654.22	632.72	612.00	601.48	586.71	596.39	593.87	575.50	565.88	563.89	570.11	571.90	559.06	509.23	495.97	542.59	605.95	578.19	414.36	310.92	271.12	331.26	391.11	359.35	284.32	257.75	265.30	272.82	281.26	274.62	263.41	253.22	249.34	251.55	170.90	109.84
553.21	584.50	639.47	646.29	625.29	582.49	489.65	427.29	464.04	555.37	619.61	642.61	601.64	522.23	468.17	430.61	449.56	503.73	618.07	722.89	773.94	813.39	866.55	938.00	970.33	986.25	878.43	807.45	795.58	928.78	995.17	956.57	867.84	832.38	837.99	828.83	704.96	586.83				252.68	328.96	356.20	465.08	532.73	534.31	507.41	588.48	681.56	766.62	850.08	912.56	938.58	981.68	1048.35	1093.88	1131.14	1186.51	1227.42	1259.04	1299.25	1333.28	1360.73	1387.30	1418.13	1446.06	1469.71	1492.29	1512.23	1531.57	1550.76	1572.83	1589.29	1595.23	1598.98	1596.38	1582.89	1572.52	1566.81	1585.50	1604.88	1622.44	1631.21	1616.14	1610.73	1611.62	1614.00	1632.07	1663.24	1679.47	1685.96	1701.28	1720.80	1734.57	1747.18	1763.94	1788.79	1823.10	1841.84	1857.48	1835.06	1817.21	1800.96	1822.84	1837.02	1849.00	1811.05	1723.24	1682.25	1689.94	1638.09	1589.45	1541.05	1507.29	1466.09	1419.94	1377.58	1346.28	1295.65	1278.60	1303.60	1299.16	1257.68	1231.19	1264.53	1274.93	1278.43	1252.42	1229.07	1257.49	1267.99	1280.77	1314.21	1322.88	1340.07	1360.05	1375.02	1400.11	1429.16	1440.97	1442.56	1435.84	1434.13	1447.05	1452.59	1432.86	1411.45	1392.14	1369.84	1351.14	1327.71	1314.83	1305.69	1292.57	1274.56	1247.65	1218.52	1181.67	1145.89	1101.17	1057.21	1022.40	986.23	974.25	950.10	948.91	975.59	990.26	995.43	1011.00	1047.01	1082.02	1110.21	1112.97	1140.96	1134.61	1128.06	1114.74	1086.00	1068.45	1053.66	1017.48	985.81	973.62	925.79	920.56	920.00	933.59	950.55	966.19	972.11	970.39	954.82	931.67	898.97	858.32	827.25	814.85	815.09	802.29	746.92	754.80	839.96	844.69	805.10	785.54	792.03	799.47	790.62	793.71	805.19	805.74	796.17	780.93	771.24	765.89	753.79	736.33	714.21	692.82	685.85	672.71	664.99	657.74	657.49	650.65	637.40	630.09	632.21	632.65	630.83	614.36	581.63	552.75	577.83	621.64	622.50	532.07	413.30	383.33	455.60	504.59	467.89	396.61	366.13	381.37	371.68	341.27	341.90	347.97	336.49	308.21	314.69	299.39	277.42
640.55	671.32	713.87	718.52	709.35	657.36	567.81	539.69	577.62	641.30	669.72	660.18	614.33	569.67	524.47	484.73	508.06	561.71	635.33	703.91	754.32	798.88	848.58	921.58	984.22	988.10	968.89	992.33	1006.44	1030.22	1056.26	970.05	730.41	515.98	393.20	362.39	340.67				273.42	398.52	581.87	562.07	603.30	612.12	582.86	661.22	740.08	786.10	809.17	849.18	913.40	977.57	1022.67	1081.03	1112.71	1160.78	1213.71	1238.95	1275.80	1304.20	1337.31	1367.31	1392.14	1425.12	1452.65	1474.73	1493.02	1515.22	1535.98	1562.94	1584.77	1601.04	1610.06	1619.37	1623.97	1615.38	1630.57	1648.58	1654.12	1656.69	1656.42	1648.40	1630.45	1631.36	1641.33	1668.14	1703.74	1712.52	1712.13	1708.30	1720.04	1742.72	1767.18	1776.39	1792.70	1864.16	1918.30	1928.42	1936.62	1908.10	1893.46	1902.05	1903.41	1883.86	1886.20	1846.59	1773.45	1754.07	1706.78	1634.42	1590.73	1544.30	1514.65	1480.01	1449.86	1409.80	1367.54	1334.75	1312.36	1348.87	1366.84	1315.34	1337.04	1360.97	1347.87	1321.13	1260.75	1223.13	1258.14	1287.74	1332.44	1350.61	1370.67	1380.17	1379.94	1396.88	1427.62	1463.08	1478.45	1477.44	1479.78	1478.69	1491.51	1498.63	1468.71	1435.25	1418.93	1404.39	1373.74	1349.65	1337.83	1328.18	1321.41	1302.25	1272.70	1252.24	1227.01	1193.56	1163.05	1117.86	1091.99	1091.83	1072.65	1031.66	1038.53	1056.62	1065.39	1070.42	1077.63	1118.32	1155.32	1175.88	1173.58	1172.94	1171.53	1181.06	1174.99	1161.54	1135.72	1103.64	1095.12	1077.23	1063.87	1033.82	1033.89	1020.88	1012.72	1020.33	1022.12	1027.12	1031.81	1022.98	999.86	979.91	963.99	940.70	888.68	881.96	881.78	864.24	856.77	884.13	893.90	887.56	865.58	854.03	861.34	839.82	843.93	847.45	849.15	846.12	837.34	826.98	808.07	793.54	778.64	757.84	748.14	746.05	731.51	721.79	716.75	712.66	707.61	702.89	706.83	704.09	686.97	671.05	655.95	647.15	631.43	629.35	647.55	661.98	641.20	589.12	543.49	532.45	522.24	513.88	509.17	508.08	521.33	503.77	467.22	461.78	450.19	437.24	421.59	417.15	407.52	389.49
674.07	714.22	758.86	776.50	773.88	734.41	659.44	641.20	668.81	703.43	698.96	673.35	642.27	627.48	599.45	565.81	563.04	592.46	650.78	717.36	771.32	804.02	864.81	946.75	1010.59	1021.88	1018.50	1054.82	1098.07	1126.12	1120.89	1010.35	780.69	542.92	387.22	304.19	240.78				305.24	526.88	708.60	661.08	666.88	664.34	674.78	715.82	787.51	843.93	859.80	874.89	943.75	1009.97	1038.02	1088.47	1122.75	1168.89	1219.87	1242.54	1276.81	1310.69	1341.95	1372.67	1396.85	1434.36	1457.75	1479.93	1500.26	1528.78	1553.03	1577.07	1596.83	1613.87	1630.28	1645.69	1661.74	1664.72	1684.07	1700.84	1701.21	1691.61	1682.34	1681.34	1678.25	1681.85	1678.76	1688.47	1739.44	1742.35	1736.13	1754.91	1763.57	1769.55	1796.50	1815.35	1836.68	1912.11	1953.48	1959.85	1972.51	2001.50	1998.98	1979.72	1954.86	1935.42	1925.64	1885.65	1803.95	1779.29	1738.18	1653.94	1597.07	1551.89	1522.49	1502.95	1472.81	1446.97	1392.80	1353.07	1335.94	1344.39	1381.70	1366.44	1379.24	1385.37	1372.20	1344.67	1306.05	1334.05	1369.67	1441.15	1429.64	1408.50	1416.17	1414.20	1420.70	1473.64	1494.55	1514.43	1515.82	1510.02	1518.50	1528.53	1539.59	1546.04	1519.04	1485.77	1466.03	1439.76	1426.27	1396.61	1373.87	1361.57	1343.68	1323.80	1295.42	1267.29	1245.90	1218.09	1197.24	1168.67	1131.95	1118.09	1125.53	1109.52	1118.32	1127.75	1116.86	1126.80	1165.14	1196.45	1217.27	1228.86	1227.57	1224.66	1220.97	1223.28	1221.20	1203.30	1173.93	1141.78	1133.42	1130.36	1115.58	1097.18	1090.85	1091.13	1083.98	1088.49	1074.58	1080.15	1079.12	1086.80	1080.02	1029.74	1000.33	976.38	943.72	951.19	967.80	989.32	968.12	949.96	946.49	940.36	926.80	914.28	906.80	890.25	880.34	882.20	883.74	878.98	864.72	847.72	839.25	828.80	820.01	805.71	796.45	788.09	776.22	764.77	760.53	757.05	757.36	758.25	755.74	738.25	724.53	716.14	707.76	697.89	684.07	676.88	679.51	675.16	670.65	669.24	643.62	613.52	571.98	569.65	577.36	583.79	600.53	588.70	550.64	538.01	527.79	521.64	515.85	498.76	481.45	461.18
694.13	750.09	787.89	819.89	826.39	794.40	738.70	737.63	754.02	766.50	747.87	718.11	681.27	667.43	659.83	637.79	627.75	648.70	696.64	762.02	799.14	831.98	908.32	996.41	1043.97	1059.80	1076.16	1162.21	1229.06	1261.68	1232.26	1083.69	869.62	667.69	518.55	358.28	230.85			190.92	276.97	535.19	695.89	667.64	681.42	716.99	747.71	765.62	816.23	876.55	904.25	930.31	1007.93	1052.16	1072.49	1106.09	1142.40	1185.39	1224.53	1254.22	1286.13	1322.29	1349.43	1379.06	1405.13	1444.42	1468.11	1495.00	1522.32	1549.93	1576.17	1599.30	1616.17	1632.88	1655.36	1680.07	1694.51	1705.23	1717.34	1739.31	1738.00	1728.59	1724.33	1735.11	1742.84	1744.49	1743.63	1751.20	1788.69	1783.70	1782.01	1824.13	1821.30	1796.12	1832.83	1851.38	1869.98	1920.66	1943.13	1986.62	2030.60	2064.31	2054.52	2031.89	2010.87	1987.71	1958.64	1917.91	1852.10	1815.72	1777.28	1702.15	1665.13	1601.71	1529.71	1510.99	1490.44	1472.52	1477.59	1474.88	1389.56	1323.20	1381.29	1416.06	1415.41	1414.85	1399.13	1382.65	1483.05	1507.70	1473.60	1498.78	1474.56	1462.90	1450.62	1452.41	1479.54	1535.52	1549.76	1554.07	1550.38	1571.50	1562.94	1578.02	1591.51	1587.11	1574.54	1544.44	1514.69	1483.78	1456.63	1440.37	1415.37	1398.50	1365.43	1338.79	1316.54	1287.35	1259.62	1232.74	1216.15	1205.48	1184.35	1174.16	1174.47	1172.91	1178.19	1184.95	1192.34	1199.59	1223.15	1242.39	1260.07	1270.41	1266.59	1262.97	1264.53	1259.98	1257.98	1239.46	1225.56	1223.01	1204.80	1175.52	1161.45	1159.64	1145.41	1158.27	1153.33	1143.92	1137.93	1159.14	1136.34	1132.38	1132.07	1098.77	1068.23	1052.50	1019.90	1009.18	1006.92	1011.47	1017.14	1010.83	1001.90	994.24	987.15	979.61	945.49	925.06	925.94	922.39	911.03	906.49	892.52	885.43	877.70	869.52	862.52	848.18	834.38	827.58	822.66	817.68	804.42	799.72	804.60	804.50	794.10	786.16	774.22	764.12	750.99	744.16	735.15	730.67	727.17	717.14	699.45	688.08	680.72	686.21	666.33	635.95	634.87	632.81	643.72	638.71	607.08	598.17	589.91	575.99	567.19	554.44	546.44	530.36
708.06	780.67	815.09	854.41	865.72	836.25	795.38	801.24	813.26	821.80	814.97	788.30	742.33	702.11	689.65	681.46	677.54	695.92	744.55	804.16	842.54	885.94	945.78	1012.95	1056.24	1083.48	1166.67	1292.05	1302.63	1328.68	1290.96	1206.10	997.28	748.32	546.64	357.60	221.00			228.92	272.60	435.99	582.08	631.64	681.98	763.76	812.07	834.76	863.55	915.77	951.53	979.79	1052.14	1096.03	1107.02	1132.99	1174.01	1204.58	1234.28	1271.87	1307.50	1334.15	1361.80	1393.28	1418.12	1451.77	1490.32	1517.70	1539.36	1566.67	1594.44	1616.79	1629.53	1645.64	1672.54	1709.47	1719.92	1732.24	1752.48	1765.16	1763.43	1762.01	1758.63	1755.42	1767.57	1774.39	1788.29	1806.74	1831.03	1845.06	1850.50	1871.26	1877.72	1870.17	1885.46	1898.76	1901.13	1935.01	1954.80	2030.47	2073.95	2097.28	2101.42	2085.59	2050.03	2014.73	1982.90	1939.72	1894.31	1845.18	1806.65	1742.63	1718.58	1654.37	1650.94	1627.74	1538.65	1483.61	1582.88	1640.35	1455.92	1394.60	1433.91	1462.65	1456.32	1443.05	1420.67	1419.07	1515.29	1512.98	1476.58	1500.84	1510.63	1504.48	1505.97	1500.12	1521.25	1566.92	1582.30	1577.29	1583.38	1643.21	1646.81	1646.15	1643.14	1615.26	1609.39	1613.78	1558.95	1536.14	1498.75	1477.48	1443.88	1410.62	1376.40	1346.95	1332.58	1313.20	1278.09	1255.05	1237.23	1231.46	1232.40	1234.11	1229.15	1232.85	1241.66	1252.26	1261.13	1271.59	1283.39	1288.06	1292.36	1296.07	1293.51	1295.61	1292.51	1282.84	1289.64	1299.26	1290.82	1303.18	1304.97	1262.11	1248.60	1251.94	1218.98	1211.19	1207.53	1197.57	1186.36	1189.83	1185.06	1179.37	1166.45	1138.55	1095.73	1086.51	1076.28	1063.82	1050.43	1056.86	1061.34	1054.74	1043.53	1038.87	1038.74	1034.88	993.93	969.22	962.37	952.69	944.87	942.60	933.69	923.57	909.56	893.55	890.80	884.52	879.53	878.85	875.22	867.03	853.64	844.24	839.98	840.32	837.80	836.07	822.26	807.70	788.67	785.60	781.34	772.62	764.57	753.84	740.82	738.14	723.16	713.27	695.71	689.22	688.27	677.67	677.09	675.38	661.78	652.53	640.94	626.85	615.93	602.34	594.82	580.91
743.85	787.19	837.95	889.45	907.42	895.64	867.47	870.53	870.30	857.97	843.19	828.84	801.98	761.39	734.03	718.94	711.30	726.43	777.01	822.89	878.52	934.25	970.71	1003.98	1066.29	1127.63	1206.86	1266.20	1249.65	1264.67	1282.39	1230.13	1076.49	799.51	578.08	389.03	277.39	295.08	268.67	276.73	321.36	416.39	531.84	612.59	688.00	780.16	826.73	861.72	895.97	930.75	975.39	1003.45	1063.06	1110.24	1133.62	1177.15	1219.80	1242.51	1276.66	1306.01	1326.98	1342.65	1378.11	1409.61	1437.51	1475.78	1510.67	1540.10	1562.60	1584.20	1610.23	1631.25	1646.70	1671.70	1695.33	1723.52	1736.36	1750.39	1770.60	1783.64	1786.94	1785.72	1780.76	1780.67	1790.89	1802.47	1818.32	1831.93	1843.94	1865.68	1881.64	1900.03	1914.40	1918.61	1921.81	1939.31	1948.08	1970.75	1995.95	2044.10	2080.09	2114.88	2121.28	2105.11	2069.12	2030.76	1991.49	1941.97	1902.18	1869.37	1836.21	1770.38	1736.20	1734.88	1755.22	1710.02	1654.42	1598.34	1644.97	1637.20	1558.03	1530.53	1501.78	1495.63	1483.92	1462.08	1435.95	1449.39	1521.17	1552.08	1561.89	1560.94	1557.76	1544.25	1553.08	1547.44	1573.75	1606.49	1626.53	1622.65	1652.09	1689.12	1702.33	1702.31	1693.00	1674.03	1676.03	1704.28	1640.53	1585.08	1545.99	1528.92	1471.09	1431.67	1417.47	1382.36	1354.58	1342.80	1314.73	1292.64	1270.92	1259.94	1259.67	1255.50	1271.00	1278.66	1292.75	1305.12	1314.23	1333.17	1341.44	1343.60	1335.03	1325.30	1324.57	1333.35	1321.60	1316.39	1328.62	1346.14	1349.75	1340.75	1341.38	1324.05	1323.98	1316.50	1285.05	1257.91	1249.55	1242.85	1234.99	1232.67	1229.39	1221.77	1207.75	1186.26	1140.53	1120.69	1111.17	1100.02	1091.25	1100.64	1098.94	1094.14	1084.45	1081.64	1086.39	1077.61	1051.62	1019.54	998.42	991.57	982.25	974.39	956.60	940.25	927.67	922.63	919.31	919.03	911.53	910.42	911.39	906.42	899.04	889.47	876.52	873.34	876.88	874.14	864.86	854.62	836.49	828.61	820.17	808.97	797.85	784.49	777.59	762.87	759.12	753.34	730.48	720.36	738.08	727.05	719.40	715.44	706.47	698.51	685.18	675.92	664.12	646.35	636.67	625.12
768.47	802.85	875.38	923.59	949.51	928.86	911.23	921.78	921.24	879.39	849.44	831.55	808.08	784.55	771.35	754.89	738.28	742.86	795.83	836.69	885.76	950.11	1000.17	1044.17	1082.22	1143.74	1216.49	1237.45	1225.60	1186.97	1155.19	1078.77	997.16	799.36	585.40	413.69	343.17	364.66	370.12	363.38	374.55	422.37	510.17	606.60	689.76	786.81	831.06	866.26	900.11	923.34	962.95	1012.31	1045.53	1115.42	1165.16	1203.73	1268.78	1301.30	1320.78	1332.43	1354.37	1387.69	1413.82	1446.91	1455.28	1494.16	1535.98	1567.43	1589.86	1615.36	1635.40	1650.70	1669.03	1693.88	1712.49	1733.19	1747.20	1762.94	1787.08	1801.27	1807.36	1805.61	1806.99	1809.92	1810.55	1819.84	1834.75	1848.38	1855.80	1871.81	1898.59	1912.64	1931.00	1944.70	1955.98	1975.34	1985.07	1996.58	2028.58	2053.22	2078.98	2118.00	2127.18	2109.51	2077.84	2036.78	1992.80	1959.09	1936.56	1902.66	1862.76	1816.36	1799.01	1828.89	1802.44	1743.22	1774.45	1744.17	1684.22	1623.20	1572.75	1561.02	1539.33	1514.24	1487.43	1484.61	1489.72	1476.70	1543.08	1591.90	1597.15	1597.53	1590.67	1577.76	1588.53	1580.24	1635.51	1656.78	1666.41	1657.05	1687.62	1712.83	1727.39	1736.37	1737.78	1722.83	1732.58	1738.86	1713.86	1679.61	1641.20	1605.67	1510.67	1468.74	1457.00	1423.20	1372.05	1362.07	1346.06	1329.89	1316.78	1308.70	1295.11	1279.84	1293.73	1316.05	1331.70	1342.11	1355.58	1370.52	1382.05	1381.33	1367.40	1352.75	1349.64	1359.96	1359.33	1371.16	1371.20	1376.93	1380.06	1376.49	1382.44	1356.14	1364.47	1357.78	1335.11	1307.06	1299.12	1287.81	1277.40	1266.59	1266.78	1257.56	1250.51	1236.08	1203.70	1180.06	1169.83	1154.50	1143.50	1148.95	1150.45	1143.55	1135.45	1130.56	1127.90	1121.64	1105.06	1075.93	1057.06	1041.38	1022.00	999.33	995.00	970.24	956.08	959.19	954.25	955.22	954.28	949.35	942.12	941.19	934.64	926.15	919.94	909.57	906.64	907.95	902.55	897.64	886.95	872.80	857.15	834.56	820.29	817.38	820.95	834.85	838.84	835.70	834.14	776.78	779.79	775.29	764.86	758.03	750.74	742.44	723.58	713.26	702.55	692.30	681.10	668.33
814.65	851.54	926.34	963.91	997.88	998.98	985.11	970.62	957.80	899.92	881.47	872.06	840.90	807.67	796.25	784.80	767.10	783.33	839.53	868.73	890.71	948.77	1009.00	1054.70	1086.96	1129.89	1192.60	1217.23	1204.19	1165.89	1119.83	1043.76	1011.91	837.43	614.83	430.20	404.79	427.02	444.60	448.06	422.27	407.20	450.16	547.63	694.88	828.73	858.45	864.64	882.32	911.98	942.90	979.53	1017.01	1115.88	1186.58	1227.42	1296.26	1341.06	1358.08	1370.85	1393.72	1428.70	1444.48	1477.80	1494.94	1528.73	1562.26	1590.01	1614.19	1637.84	1657.06	1670.31	1687.79	1705.63	1719.86	1740.00	1756.33	1771.45	1790.48	1803.22	1815.49	1818.43	1821.53	1826.11	1821.89	1832.23	1844.04	1862.07	1879.13	1895.63	1918.02	1925.27	1941.00	1962.36	1974.41	1998.30	2014.43	2016.27	2043.44	2068.18	2089.19	2107.40	2118.44	2107.76	2079.92	2040.17	1999.38	1981.45	1963.07	1933.65	1890.21	1854.50	1846.80	1861.27	1861.61	1831.44	1858.54	1803.80	1713.80	1655.96	1600.09	1565.58	1559.12	1536.43	1495.55	1561.26	1650.19	1552.04	1583.77	1625.77	1615.26	1602.75	1583.81	1602.16	1647.45	1635.50	1659.48	1679.20	1683.87	1688.71	1703.22	1729.28	1746.83	1757.47	1761.87	1747.63	1755.19	1752.98	1731.41	1708.88	1701.64	1669.86	1562.77	1522.46	1505.20	1469.33	1417.65	1394.53	1370.71	1356.51	1352.76	1344.63	1326.60	1316.50	1320.79	1345.30	1363.57	1369.31	1377.79	1391.53	1398.94	1398.43	1400.25	1393.72	1389.09	1404.17	1395.85	1400.39	1401.85	1409.17	1412.13	1410.71	1416.59	1399.74	1396.11	1393.60	1384.81	1371.36	1356.21	1330.55	1315.17	1295.44	1302.25	1300.44	1290.20	1280.44	1259.99	1242.18	1222.88	1216.77	1204.37	1197.46	1198.12	1190.73	1179.55	1168.68	1161.13	1154.23	1137.82	1114.38	1100.49	1089.59	1074.52	1051.53	1042.74	1015.30	1004.20	995.97	988.65	985.74	991.80	989.44	974.65	967.30	962.01	960.60	955.48	938.89	931.30	937.86	932.62	927.68	917.56	904.23	891.21	875.79	873.44	866.15	863.51	881.48	908.61	869.33	858.34	823.25	815.70	811.97	803.20	794.37	782.03	776.33	760.41	743.99	732.93	730.82	725.24	713.53
893.80	915.20	965.03	996.65	1041.67	1074.38	1076.60	1061.16	1029.54	952.90	938.63	928.99	899.70	859.89	833.64	821.19	811.70	836.25	882.29	912.82	935.72	983.01	1021.18	1060.18	1089.87	1120.62	1153.50	1187.50	1189.67	1153.61	1093.73	1063.11	1090.58	932.10	653.53	484.86	505.10	470.85	428.18	459.19	476.84	456.08	458.94	544.73	704.19	846.26	832.55	799.23	789.73	868.66	965.71	992.45	1033.49	1140.39	1219.67	1294.20	1342.21	1379.83	1389.29	1412.22	1435.09	1456.84	1479.84	1505.02	1535.76	1570.13	1594.64	1616.87	1640.38	1657.49	1675.49	1686.99	1702.85	1720.92	1732.91	1753.80	1765.49	1776.12	1790.74	1810.80	1831.35	1835.48	1835.64	1841.98	1838.45	1845.98	1862.27	1880.50	1897.33	1913.58	1936.39	1949.70	1974.51	1993.61	1999.14	2020.63	2038.81	2052.06	2066.28	2085.29	2108.62	2121.51	2126.25	2109.05	2082.72	2047.80	2014.14	1997.96	1986.59	1973.98	1958.85	1934.76	1910.53	1902.64	1908.03	1892.79	1895.43	1877.09	1803.34	1719.42	1654.53	1602.79	1590.48	1613.74	1632.22	1662.54	1707.44	1652.85	1676.61	1689.17	1680.10	1675.03	1657.50	1658.28	1672.12	1677.84	1679.47	1706.16	1708.25	1709.31	1720.44	1740.41	1756.15	1771.58	1779.10	1785.41	1790.14	1772.26	1742.58	1707.82	1714.73	1712.30	1665.90	1639.21	1580.01	1530.08	1510.05	1474.42	1428.63	1408.06	1396.77	1380.01	1363.17	1363.66	1357.74	1369.83	1384.92	1394.46	1406.63	1415.68	1420.73	1417.53	1422.67	1425.22	1443.37	1460.86	1451.37	1434.51	1432.75	1439.68	1444.35	1446.46	1452.49	1446.13	1432.47	1432.50	1428.37	1421.78	1402.27	1383.64	1369.57	1353.97	1342.11	1340.20	1332.74	1332.53	1325.79	1318.22	1270.53	1272.43	1270.96	1261.57	1255.92	1245.87	1226.93	1211.44	1203.27	1196.47	1181.88	1164.50	1149.47	1132.10	1112.38	1100.87	1090.36	1074.92	1067.79	1058.00	1047.55	1035.03	1027.53	1020.36	1012.63	1007.24	999.89	994.50	986.80	984.03	976.93	975.69	970.10	962.00	953.39	943.97	924.64	914.50	919.28	918.66	915.22	911.84	913.58	896.51	886.78	870.11	858.50	849.50	841.34	832.64	822.81	815.12	807.02	795.36	783.99	772.10	760.92	744.65
968.10	963.13	995.26	1016.75	1078.47	1123.30	1118.60	1106.29	1080.43	1025.66	974.39	941.87	919.31	896.03	868.06	857.92	870.87	896.74	929.54	968.21	1001.65	1021.79	1044.34	1068.56	1089.99	1122.31	1153.27	1181.44	1179.60	1148.75	1090.00	1062.76	1050.42	896.38	675.11	600.40	606.78	539.31	484.24	505.90	524.02	548.69	574.31	608.33	774.58	888.11	806.66	711.99	685.15	864.59	1068.43	1105.83	1082.81	1196.89	1278.67	1340.36	1391.06	1417.13	1423.47	1444.18	1469.85	1490.02	1507.99	1531.11	1562.90	1598.37	1619.49	1636.67	1659.89	1671.72	1686.58	1689.81	1708.63	1737.60	1751.92	1771.80	1777.01	1786.21	1804.44	1827.30	1843.23	1852.35	1859.15	1862.34	1866.11	1875.74	1890.51	1903.08	1915.04	1933.50	1961.21	1974.46	1996.47	2018.55	2035.45	2050.82	2060.67	2072.29	2090.16	2107.74	2126.40	2142.61	2143.56	2122.82	2095.25	2057.82	2027.18	2012.51	2010.40	2009.39	1998.29	1974.38	1959.09	1954.88	1950.52	1939.51	1941.45	1902.91	1803.82	1723.20	1683.86	1653.49	1637.62	1634.28	1689.63	1707.98	1721.68	1733.78	1767.06	1758.33	1742.63	1725.16	1693.43	1672.70	1685.31	1716.64	1731.40	1732.86	1732.85	1728.69	1738.77	1755.93	1772.72	1788.90	1798.28	1806.69	1812.22	1803.85	1773.05	1739.81	1722.07	1725.63	1697.17	1663.20	1617.22	1579.75	1552.41	1524.58	1488.67	1464.48	1442.34	1424.48	1405.19	1393.64	1397.82	1403.25	1415.72	1428.96	1443.47	1458.75	1461.40	1464.62	1470.80	1473.01	1484.42	1486.74	1476.04	1469.64	1462.66	1463.83	1463.07	1473.10	1477.59	1466.30	1449.80	1454.86	1452.37	1443.87	1433.10	1423.53	1408.31	1399.16	1383.94	1377.28	1374.72	1376.64	1381.03	1382.69	1343.66	1325.00	1325.22	1321.71	1307.82	1294.59	1273.63	1254.03	1240.49	1231.34	1218.37	1207.10	1187.13	1162.98	1137.52	1129.31	1124.09	1115.72	1108.11	1097.67	1083.63	1064.73	1054.79	1051.45	1046.86	1040.64	1024.86	1018.78	1018.62	1025.64	1017.19	1009.44	1006.92	998.05	983.62	973.18	958.81	942.03	941.40	948.19	946.40	939.90	927.50	919.69	916.41	904.90	894.73	885.62	878.54	867.66	860.49	848.39	838.50	829.25	818.25	803.60	792.47	773.79
1065.80	1071.00	1060.38	1073.14	1124.00	1146.05	1143.79	1128.55	1101.17	1060.46	1016.64	976.12	948.45	923.51	909.20	903.08	919.05	944.27	974.50	996.74	1022.14	1028.90	1051.79	1077.66	1099.82	1126.91	1155.05	1170.61	1166.06	1135.54	1079.21	1034.85	1000.61	867.15	708.33	650.48	624.99	579.08	577.25	573.98	560.93	591.50	624.85	737.19	849.56	984.32	861.33	669.99	621.58	893.33	1150.10	1181.00	1194.62	1253.39	1310.20	1394.25	1431.08	1446.64	1450.81	1476.08	1520.97	1546.76	1555.30	1567.58	1572.65	1601.15	1636.88	1660.77	1679.31	1688.21	1694.28	1695.95	1734.35	1761.58	1769.17	1780.19	1789.56	1805.73	1824.02	1836.87	1853.97	1875.64	1885.68	1892.25	1902.42	1912.71	1919.75	1921.07	1932.64	1945.02	1965.20	1985.78	2016.17	2040.05	2056.41	2071.97	2086.16	2098.61	2115.53	2130.08	2146.18	2160.61	2163.31	2146.08	2118.36	2079.92	2046.82	2034.24	2025.34	2024.82	2013.29	1999.05	1994.51	1987.32	1981.23	1980.92	1968.88	1868.93	1770.95	1735.40	1709.34	1686.00	1667.81	1656.82	1707.02	1743.46	1772.52	1771.17	1805.66	1800.15	1767.76	1755.39	1760.27	1746.01	1726.03	1751.87	1758.02	1761.75	1760.81	1758.89	1758.62	1773.80	1804.96	1815.48	1821.81	1825.72	1829.22	1830.24	1822.17	1808.83	1784.43	1759.74	1723.19	1677.64	1636.27	1594.47	1569.60	1542.73	1524.49	1495.72	1472.53	1459.13	1445.43	1436.08	1443.78	1443.82	1449.40	1459.02	1470.08	1489.70	1498.01	1506.41	1519.55	1523.90	1524.65	1516.24	1510.00	1506.10	1492.92	1480.09	1486.74	1505.07	1514.10	1492.08	1481.32	1484.17	1484.38	1478.68	1471.90	1462.08	1452.58	1440.66	1427.46	1417.83	1414.46	1411.88	1423.52	1429.00	1414.16	1371.79	1357.14	1355.65	1346.51	1335.15	1319.21	1294.63	1273.83	1262.60	1252.19	1241.00	1227.30	1214.74	1181.12	1167.04	1164.56	1159.35	1146.54	1137.96	1134.13	1119.09	1101.68	1087.72	1072.14	1057.71	1055.68	1055.15	1053.89	1049.05	1035.24	1032.34	1032.15	1028.19	1017.77	1002.57	989.17	971.27	976.53	983.84	976.88	970.38	961.40	954.51	948.56	940.09	928.39	918.11	915.33	903.91	892.31	878.01	866.85	856.63	845.56	834.33	825.37	811.56
1176.43	1181.22	1158.62	1154.67	1172.41	1181.78	1165.39	1140.38	1117.29	1077.48	1036.22	1006.25	977.07	938.24	933.35	935.28	941.07	953.37	987.78	1011.26	1033.83	1047.11	1071.57	1097.93	1113.47	1133.49	1154.84	1164.55	1154.86	1129.59	1080.01	1035.33	998.28	868.54	719.70	663.75	654.37	615.06	622.50	620.25	595.23	618.92	643.91	768.77	916.10	1030.43	976.60	855.83	857.91	1045.50	1234.53	1284.93	1322.20	1364.89	1395.99	1463.01	1478.53	1486.66	1514.03	1544.99	1570.03	1582.81	1580.49	1574.80	1581.49	1618.49	1656.94	1680.70	1693.77	1699.29	1703.51	1720.92	1762.75	1778.61	1781.45	1793.83	1809.12	1825.64	1832.95	1859.20	1890.57	1908.14	1916.49	1922.64	1929.66	1939.41	1934.36	1932.97	1940.27	1952.77	1984.32	2014.88	2041.86	2060.97	2077.02	2089.97	2108.82	2125.25	2141.24	2154.98	2166.56	2176.17	2175.22	2158.80	2132.45	2105.51	2077.60	2059.31	2046.08	2033.88	2027.85	2023.24	2019.61	2005.04	1984.24	1964.53	1929.64	1845.95	1790.21	1767.93	1734.09	1717.07	1726.22	1736.64	1756.18	1774.43	1796.07	1829.11	1830.61	1822.08	1809.80	1800.53	1828.44	1845.38	1796.56	1777.56	1780.72	1783.11	1786.20	1789.00	1782.82	1840.61	1893.61	1862.25	1852.99	1849.47	1848.72	1865.01	1877.37	1874.59	1875.53	1843.69	1799.01	1742.11	1661.01	1620.59	1598.50	1572.51	1551.87	1515.87	1484.71	1474.60	1471.59	1456.20	1472.12	1481.01	1480.47	1488.46	1495.56	1508.18	1521.55	1534.97	1545.76	1550.28	1550.93	1546.90	1550.40	1536.09	1548.65	1540.79	1537.34	1533.00	1548.47	1539.68	1543.57	1540.31	1533.59	1512.50	1499.02	1485.40	1480.47	1470.71	1462.08	1453.02	1451.89	1455.15	1460.55	1467.23	1445.93	1416.66	1392.42	1385.21	1377.80	1368.25	1351.42	1331.09	1317.64	1300.33	1291.04	1281.29	1268.68	1254.65	1238.45	1224.14	1205.35	1191.89	1183.62	1175.43	1168.56	1161.03	1138.70	1124.50	1108.34	1094.19	1098.82	1096.52	1086.01	1071.38	1064.74	1061.56	1054.10	1050.70	1047.54	1037.28	1030.14	1035.70	1036.15	1022.58	1005.25	996.01	994.21	991.07	982.87	969.61	954.11	942.90	939.02	929.44	916.19	904.61	895.93	886.36	874.85	864.66	852.45	843.28
1227.33	1233.75	1219.69	1203.50	1200.52	1199.35	1178.30	1147.05	1120.25	1084.24	1043.23	1014.50	985.38	950.57	949.12	956.41	964.02	982.05	1008.86	1032.60	1052.10	1071.08	1092.89	1104.75	1117.94	1139.25	1154.56	1162.44	1150.03	1125.28	1088.91	1050.62	1003.61	866.67	727.81	684.95	686.41	641.76	633.02	648.21	644.42	648.58	680.79	785.24	947.45	1078.30	1077.67	1084.22	1110.25	1209.81	1281.47	1311.00	1362.36	1415.92	1443.42	1484.00	1503.74	1529.11	1555.74	1572.69	1592.11	1598.54	1594.65	1588.55	1599.17	1652.43	1677.83	1693.90	1701.84	1703.39	1710.87	1733.78	1770.67	1782.57	1787.92	1814.20	1830.10	1841.86	1847.05	1886.12	1911.99	1925.47	1934.89	1942.45	1947.42	1949.72	1945.91	1954.11	1970.38	1980.78	2020.78	2045.78	2068.91	2088.05	2106.23	2119.88	2136.77	2151.99	2165.42	2177.20	2185.56	2192.14	2189.19	2166.53	2135.84	2119.11	2098.50	2082.81	2072.56	2057.69	2049.10	2038.98	2024.71	2001.75	1973.62	1933.28	1883.95	1834.45	1806.03	1782.97	1750.90	1746.82	1754.45	1744.77	1759.68	1796.70	1815.97	1860.70	1850.90	1838.11	1828.00	1814.31	1846.44	1898.87	1839.64	1762.67	1794.23	1808.56	1820.30	1846.84	1867.00	1916.28	1950.62	1915.28	1894.75	1879.25	1876.55	1887.11	1901.51	1902.25	1910.10	1886.14	1836.05	1812.11	1710.75	1639.75	1621.66	1600.38	1576.59	1542.20	1500.43	1484.81	1477.64	1475.42	1496.33	1504.42	1508.10	1511.80	1508.97	1521.54	1534.28	1545.77	1554.47	1564.95	1566.52	1568.50	1570.47	1570.39	1584.86	1575.77	1566.53	1558.27	1565.80	1565.62	1567.02	1564.67	1558.16	1540.00	1521.97	1504.83	1492.99	1484.28	1480.55	1470.19	1470.92	1477.47	1482.62	1491.39	1472.61	1450.95	1432.84	1419.44	1401.81	1382.68	1369.24	1347.05	1338.75	1322.82	1314.31	1304.45	1289.89	1277.10	1265.00	1252.49	1235.90	1221.28	1209.97	1195.01	1185.84	1179.53	1159.11	1146.11	1130.95	1128.15	1126.59	1119.11	1103.92	1093.69	1093.09	1088.92	1075.87	1069.07	1065.28	1061.53	1059.62	1065.47	1056.75	1047.26	1032.44	1021.25	1015.36	1010.01	1002.62	987.18	970.16	959.58	952.64	942.42	931.71	923.52	916.58	906.85	895.83	884.27	868.36	856.39
1248.27	1254.87	1250.86	1236.90	1231.36	1221.10	1196.94	1164.80	1125.80	1088.64	1057.76	1036.70	1007.17	978.64	977.85	971.66	998.26	1042.41	1064.14	1079.19	1091.89	1098.03	1110.42	1120.84	1136.70	1152.45	1162.53	1162.56	1148.02	1125.52	1097.86	1056.77	995.22	884.16	778.28	722.94	704.75	670.43	661.43	676.76	697.01	676.32	719.08	855.69	995.89	1080.11	1124.44	1144.20	1188.66	1256.70	1289.80	1326.16	1371.39	1423.52	1470.94	1504.89	1520.71	1555.44	1581.38	1595.08	1607.81	1613.52	1619.51	1626.72	1649.03	1691.08	1697.50	1706.73	1708.34	1706.41	1726.45	1754.13	1786.84	1794.30	1811.01	1847.03	1863.44	1873.08	1890.66	1926.70	1946.78	1959.10	1957.64	1960.61	1966.83	1969.88	1979.07	1999.14	2011.92	2024.06	2068.89	2083.34	2104.08	2125.95	2144.78	2153.17	2168.72	2188.33	2203.40	2213.39	2221.31	2224.22	2214.69	2182.03	2157.69	2136.22	2120.84	2110.64	2100.89	2085.03	2069.33	2044.87	2016.38	1992.32	1952.36	1914.03	1876.07	1849.78	1822.72	1796.25	1773.97	1789.55	1787.77	1785.69	1793.62	1824.58	1837.78	1859.28	1880.36	1883.05	1888.27	1876.09	1895.17	1946.35	1932.62	1912.20	1932.20	1922.19	1940.08	1963.14	1978.26	1981.33	1973.11	1949.42	1939.83	1924.03	1913.08	1912.47	1931.86	1935.80	1937.60	1916.56	1868.39	1844.41	1779.76	1698.94	1665.45	1649.92	1619.36	1598.61	1539.45	1511.75	1503.66	1522.14	1531.08	1535.26	1544.04	1548.92	1544.08	1549.06	1561.75	1571.61	1577.51	1577.06	1581.53	1589.01	1586.73	1603.89	1607.29	1600.71	1586.81	1587.11	1589.77	1588.38	1587.89	1580.39	1571.83	1554.36	1536.50	1524.94	1513.76	1500.79	1494.70	1489.33	1486.50	1492.86	1505.56	1514.48	1507.14	1490.80	1478.05	1459.52	1445.14	1425.72	1412.89	1380.69	1358.78	1344.22	1336.36	1326.05	1312.56	1303.92	1298.89	1287.17	1271.22	1256.42	1243.00	1221.19	1214.65	1199.00	1174.84	1174.05	1175.81	1175.77	1155.64	1138.44	1126.00	1123.00	1117.78	1110.61	1102.51	1094.85	1090.85	1092.41	1093.62	1097.66	1085.56	1075.74	1065.83	1059.81	1054.84	1040.20	1028.73	1020.95	1008.47	995.14	982.62	969.49	961.17	950.32	942.81	933.60	922.28	911.78	895.72	880.04
1265.93	1278.81	1277.81	1266.49	1252.89	1234.05	1209.95	1184.42	1146.63	1112.65	1085.79	1062.11	1045.11	1028.78	1026.76	1007.14	1036.37	1075.08	1092.88	1107.54	1123.01	1127.65	1132.33	1146.43	1154.39	1166.33	1173.49	1164.05	1147.45	1121.25	1094.02	1053.95	999.33	922.49	857.74	806.56	746.13	705.37	698.41	712.75	726.49	700.86	694.39	845.69	992.08	1064.29	1112.27	1156.50	1210.61	1258.46	1308.91	1348.39	1379.22	1435.95	1483.34	1511.05	1530.37	1567.96	1589.45	1600.18	1612.60	1626.68	1638.38	1653.82	1676.09	1696.61	1704.71	1710.17	1719.85	1737.14	1776.62	1801.87	1815.36	1820.41	1835.10	1864.73	1884.54	1895.69	1910.27	1934.00	1956.05	1970.40	1972.77	1984.99	1992.07	2001.72	2020.32	2033.31	2047.57	2075.57	2096.87	2127.08	2147.45	2165.16	2179.80	2187.89	2201.69	2213.66	2224.93	2234.72	2243.88	2244.84	2225.10	2196.72	2179.77	2160.56	2146.21	2131.68	2116.79	2094.92	2072.64	2040.85	2012.51	1991.35	1945.02	1912.62	1886.30	1865.11	1843.86	1830.82	1811.20	1844.96	1847.71	1848.24	1843.41	1845.57	1858.88	1880.80	1911.34	1927.56	1951.79	1951.39	1968.48	1991.04	2024.36	2050.66	2058.89	2024.94	2032.49	2033.30	2020.71	2017.35	2006.77	1979.36	1959.81	1951.73	1938.94	1938.17	1954.89	1959.84	1955.62	1923.88	1881.67	1841.30	1803.98	1745.96	1698.61	1702.45	1683.79	1693.81	1659.07	1598.00	1543.59	1565.79	1569.14	1565.50	1564.59	1581.27	1581.31	1582.87	1589.91	1593.29	1597.00	1598.92	1607.81	1611.88	1600.47	1604.49	1606.48	1608.60	1597.94	1598.34	1596.67	1595.84	1593.34	1582.94	1577.62	1559.85	1545.83	1529.37	1517.09	1514.03	1518.79	1526.63	1524.22	1519.45	1521.50	1532.39	1530.85	1521.75	1510.79	1492.29	1480.73	1468.52	1446.45	1421.96	1399.93	1379.26	1363.92	1354.67	1347.90	1333.32	1323.32	1304.21	1288.71	1281.05	1273.91	1263.37	1254.47	1233.53	1227.62	1213.93	1211.25	1204.69	1186.52	1170.58	1155.60	1143.69	1136.62	1128.88	1127.75	1120.97	1117.29	1116.88	1119.13	1119.31	1109.80	1096.99	1095.22	1092.37	1081.78	1066.11	1054.23	1046.09	1032.54	1021.23	1005.10	993.02	987.51	978.15	966.64	956.77	945.25	935.34	923.67	911.69
1307.61	1317.72	1314.30	1302.05	1277.86	1249.95	1224.80	1200.06	1169.19	1142.96	1117.58	1094.44	1080.01	1070.69	1076.57	1088.04	1100.70	1111.07	1124.68	1135.27	1137.60	1143.12	1151.57	1160.12	1165.21	1176.28	1179.08	1166.99	1149.06	1122.37	1095.70	1058.31	1019.32	960.24	915.24	902.12	836.25	740.97	742.88	755.25	765.54	754.21	712.36	817.45	999.53	1096.76	1155.82	1189.16	1230.12	1272.20	1323.72	1361.52	1391.32	1429.35	1470.93	1501.67	1528.26	1566.13	1585.25	1593.51	1612.04	1623.46	1631.60	1658.28	1678.17	1694.50	1707.85	1713.31	1748.59	1787.78	1812.57	1828.28	1829.30	1831.82	1849.87	1890.55	1909.01	1915.47	1928.34	1947.29	1967.04	1985.45	1991.09	2002.12	2004.41	2028.26	2045.18	2050.68	2102.96	2140.71	2140.39	2191.87	2205.51	2215.22	2218.62	2225.97	2237.83	2246.30	2250.62	2255.24	2254.76	2248.51	2232.77	2212.25	2194.37	2173.99	2161.74	2143.77	2120.53	2096.74	2072.98	2038.34	2018.29	1994.03	1954.93	1935.11	1920.84	1899.38	1896.41	1897.92	1864.57	1888.95	1882.96	1876.68	1876.57	1883.87	1907.98	1937.30	1968.27	1976.20	2004.15	2005.45	2019.10	2032.41	2054.81	2072.28	2085.36	2086.28	2079.86	2074.97	2057.88	2041.37	2030.47	2005.49	2005.29	1999.54	1993.97	1978.93	1982.08	1987.30	1972.25	1934.81	1913.68	1856.99	1825.99	1782.24	1739.04	1755.82	1750.70	1772.17	1788.33	1766.82	1670.97	1607.32	1601.56	1610.02	1586.12	1604.69	1613.51	1620.83	1620.83	1616.31	1613.03	1621.51	1630.40	1631.44	1635.85	1635.98	1623.95	1619.63	1616.41	1619.32	1625.41	1626.42	1611.12	1596.05	1589.83	1577.25	1566.83	1561.36	1548.31	1533.06	1533.24	1552.74	1560.35	1558.91	1556.59	1549.60	1541.47	1539.39	1537.06	1522.33	1509.26	1501.60	1485.67	1465.54	1443.99	1422.98	1406.69	1395.36	1387.27	1372.87	1359.62	1349.45	1336.11	1322.72	1312.73	1306.47	1294.28	1289.16	1282.07	1263.56	1251.11	1233.29	1219.69	1205.09	1188.77	1175.68	1165.44	1158.75	1160.25	1155.51	1146.24	1138.31	1138.80	1135.82	1134.11	1127.95	1127.86	1119.90	1106.64	1089.56	1075.67	1065.07	1052.52	1042.68	1034.37	1023.59	1011.80	1000.62	991.17	981.50	968.42	958.72	951.95	942.84
1351.67	1349.49	1340.66	1326.33	1294.05	1259.74	1239.36	1213.84	1185.40	1164.90	1143.14	1130.26	1125.56	1118.28	1115.50	1125.66	1141.11	1153.40	1161.80	1167.55	1160.93	1151.36	1165.86	1169.58	1178.42	1187.11	1182.64	1168.88	1153.01	1128.55	1103.59	1074.92	1038.70	995.50	942.56	898.12	822.06	746.41	774.22	785.78	810.29	822.77	698.35	810.64	1027.78	1111.28	1176.60	1218.52	1254.48	1296.67	1332.09	1364.45	1398.67	1429.41	1456.25	1482.33	1515.24	1548.89	1566.99	1579.40	1599.24	1613.65	1628.14	1648.69	1672.92	1701.45	1719.55	1726.07	1776.26	1814.98	1836.57	1845.50	1839.26	1863.62	1883.38	1922.44	1938.30	1945.64	1951.38	1963.42	1981.52	2003.61	2011.41	2014.84	2033.57	2094.20	2107.87	2110.27	2161.12	2206.51	2208.69	2227.38	2239.75	2248.39	2250.67	2259.51	2268.86	2272.39	2271.92	2272.89	2265.38	2251.33	2236.47	2219.49	2202.15	2178.83	2162.52	2144.24	2116.64	2098.08	2080.95	2049.75	2027.55	2001.53	1973.70	1968.95	1951.40	1934.15	1942.02	1939.92	1921.47	1922.55	1918.83	1920.45	1928.49	1943.93	1966.74	1991.67	2013.22	2026.11	2034.80	2042.44	2045.27	2052.41	2067.80	2095.65	2120.67	2123.64	2109.56	2113.88	2107.99	2070.83	2047.26	2023.80	2064.95	2081.30	2081.94	2053.56	2027.51	2018.68	1991.72	1942.70	1928.53	1873.31	1859.03	1819.78	1773.62	1785.16	1799.12	1814.55	1825.28	1825.64	1798.72	1731.83	1728.19	1678.92	1641.75	1636.95	1641.24	1644.25	1637.31	1635.10	1634.57	1645.44	1651.87	1658.75	1666.01	1667.33	1664.51	1658.28	1655.52	1658.12	1658.96	1652.12	1640.24	1619.30	1612.53	1609.03	1597.86	1597.13	1595.47	1577.08	1553.84	1565.48	1579.70	1585.83	1580.67	1568.43	1558.77	1556.22	1553.95	1541.28	1532.42	1526.25	1511.68	1492.06	1472.49	1456.12	1440.30	1425.12	1409.82	1402.44	1401.33	1395.98	1384.16	1365.73	1349.11	1338.97	1330.57	1319.95	1304.50	1289.53	1275.32	1258.62	1241.22	1222.78	1205.14	1195.02	1192.69	1188.11	1182.28	1177.18	1168.62	1157.89	1148.03	1150.43	1159.14	1158.76	1152.73	1140.41	1129.22	1115.66	1099.89	1086.06	1074.80	1061.62	1052.26	1043.38	1035.39	1025.31	1014.94	1003.43	992.85	982.57	977.36	971.41
1382.78	1379.27	1365.78	1352.86	1324.74	1268.58	1241.31	1233.65	1206.19	1180.14	1163.64	1162.75	1166.94	1161.36	1160.49	1164.78	1171.99	1181.94	1187.78	1194.61	1196.69	1188.74	1186.05	1192.74	1199.89	1200.03	1193.86	1177.00	1150.28	1133.34	1116.25	1088.97	1057.92	1031.95	979.59	922.15	862.55	813.67	831.03	820.06	853.93	876.96	719.78	871.65	1086.06	1141.23	1180.99	1226.75	1273.55	1316.90	1345.84	1368.50	1397.36	1425.89	1452.38	1473.72	1502.70	1536.21	1556.69	1568.81	1586.33	1604.52	1630.22	1642.78	1673.80	1714.03	1730.50	1748.62	1806.56	1833.78	1857.76	1861.17	1863.11	1910.85	1943.85	1963.53	1969.76	1979.22	1981.16	1985.31	2000.51	2015.95	2023.16	2043.86	2087.46	2144.44	2149.17	2167.03	2208.09	2249.41	2249.50	2256.67	2267.64	2273.86	2280.31	2289.80	2298.25	2297.62	2295.22	2290.01	2278.12	2264.36	2245.55	2222.88	2206.23	2181.05	2161.35	2142.82	2113.52	2096.07	2079.06	2059.20	2036.62	2012.15	1989.76	1991.52	1973.64	1953.74	1969.02	1964.25	1963.03	1961.28	1959.76	1965.44	1964.68	1978.67	1998.55	2017.95	2028.66	2041.43	2054.97	2066.45	2070.85	2087.09	2119.31	2144.57	2153.86	2152.88	2147.93	2150.51	2139.51	2120.14	2096.20	2075.89	2106.70	2120.21	2128.28	2117.38	2081.36	2047.96	2024.91	1967.61	1949.22	1932.70	1922.67	1865.38	1850.05	1840.34	1838.50	1850.76	1826.95	1784.17	1822.11	1785.20	1777.36	1727.05	1697.25	1687.15	1674.10	1671.70	1671.75	1676.03	1680.60	1681.51	1675.01	1677.08	1685.53	1694.08	1693.97	1687.30	1690.19	1689.79	1681.67	1672.94	1667.79	1649.76	1639.64	1642.47	1631.27	1626.31	1627.62	1626.55	1623.77	1614.45	1611.66	1612.92	1608.64	1600.08	1611.08	1598.22	1582.50	1561.66	1541.24	1533.22	1524.22	1512.29	1497.58	1482.47	1467.93	1449.86	1440.11	1438.43	1432.69	1425.61	1413.58	1393.70	1376.85	1363.80	1357.89	1344.40	1333.97	1316.97	1298.33	1287.53	1270.72	1246.72	1233.56	1222.13	1224.30	1216.22	1204.42	1193.43	1186.16	1183.98	1176.03	1180.53	1178.62	1174.60	1167.92	1159.45	1150.10	1136.98	1120.97	1103.25	1094.13	1079.77	1067.12	1057.93	1053.28	1044.93	1033.99	1023.36	1008.92	1000.92	1001.20	992.95
1407.18	1404.11	1389.17	1372.14	1346.52	1298.47	1246.85	1233.44	1218.77	1204.82	1190.18	1192.48	1200.17	1202.58	1205.41	1201.43	1204.77	1211.67	1219.55	1226.25	1228.24	1225.18	1223.53	1223.24	1216.76	1213.01	1207.51	1191.82	1155.87	1136.04	1125.59	1106.71	1081.57	1061.40	1035.13	1010.11	974.38	923.35	877.48	861.74	867.23	881.84	830.80	993.99	1103.57	1150.67	1188.73	1237.52	1278.25	1322.45	1352.45	1371.31	1402.22	1430.27	1453.42	1477.18	1501.92	1532.54	1550.06	1560.71	1577.60	1594.56	1620.28	1644.66	1685.00	1727.47	1750.18	1775.41	1824.52	1853.14	1878.43	1887.09	1907.39	1940.22	1967.61	1985.00	1988.58	1994.09	2002.16	2010.22	2027.63	2033.53	2047.73	2078.84	2145.39	2181.73	2191.12	2215.61	2243.00	2268.51	2279.74	2289.27	2292.58	2298.28	2303.54	2310.33	2319.25	2318.07	2310.64	2300.40	2286.49	2272.66	2251.37	2222.90	2209.28	2186.04	2167.17	2151.85	2117.95	2098.62	2090.08	2072.10	2055.69	2040.86	2017.94	2012.74	2009.71	1988.74	1985.77	1982.11	1988.18	1993.67	1993.48	1991.41	1984.34	1994.94	2016.84	2037.92	2034.51	2052.45	2084.45	2099.11	2111.02	2130.64	2160.38	2177.78	2183.41	2182.99	2178.65	2169.40	2157.98	2144.80	2138.87	2138.00	2143.69	2150.95	2153.38	2135.40	2105.07	2075.78	2049.83	2004.35	1980.73	1973.04	1960.77	1919.83	1898.55	1877.86	1881.47	1872.36	1836.86	1831.72	1848.46	1821.21	1800.46	1765.28	1724.06	1716.70	1714.68	1713.79	1700.70	1699.84	1709.57	1710.22	1703.29	1699.79	1704.81	1705.16	1704.83	1701.35	1702.86	1703.57	1698.05	1697.35	1696.91	1686.17	1670.64	1664.44	1656.49	1645.64	1645.56	1664.88	1674.99	1661.55	1644.96	1644.74	1656.98	1657.98	1659.24	1637.67	1621.04	1604.42	1567.15	1543.47	1537.31	1528.68	1518.69	1506.51	1501.77	1493.02	1484.01	1470.29	1454.38	1442.48	1430.38	1412.53	1397.28	1385.16	1377.81	1370.28	1360.46	1344.80	1326.22	1305.42	1299.12	1301.87	1296.74	1276.07	1262.59	1242.97	1223.25	1209.91	1202.29	1210.87	1216.64	1211.24	1200.18	1191.34	1185.75	1177.99	1169.12	1157.07	1143.01	1124.03	1111.60	1101.52	1090.47	1079.28	1071.09	1064.52	1055.71	1050.83	1041.16	1026.22	1020.34	1016.21
1425.37	1421.17	1408.59	1382.38	1343.80	1309.49	1261.56	1246.65	1238.32	1243.59	1241.01	1233.44	1229.30	1230.82	1233.60	1233.21	1239.05	1245.10	1254.51	1267.22	1270.65	1271.63	1267.91	1252.23	1232.38	1225.86	1219.32	1210.73	1191.07	1166.82	1141.38	1117.22	1102.45	1081.16	1068.66	1063.70	1032.89	971.87	919.62	908.60	894.11	917.11	939.28	1050.97	1081.77	1127.31	1192.44	1249.80	1296.23	1328.02	1349.32	1374.87	1408.09	1432.00	1456.81	1479.42	1502.32	1526.43	1544.36	1557.06	1573.97	1589.35	1613.03	1648.63	1705.94	1746.30	1774.71	1794.09	1849.27	1879.04	1896.08	1908.31	1925.40	1946.81	1977.91	1997.62	2007.11	2013.45	2014.22	2019.63	2055.36	2076.65	2088.18	2105.32	2172.19	2201.95	2229.26	2259.55	2277.22	2296.68	2307.80	2311.60	2315.65	2323.39	2326.09	2328.88	2331.46	2329.84	2321.07	2308.18	2293.40	2278.33	2257.08	2229.09	2216.38	2196.14	2179.28	2166.89	2135.77	2111.71	2099.04	2087.03	2076.52	2071.00	2054.67	2038.16	2035.09	2012.28	1997.93	1997.74	2000.21	2005.27	2003.84	2004.48	2003.08	2008.72	2027.80	2049.80	2070.94	2093.09	2116.38	2125.87	2134.78	2152.28	2178.68	2197.03	2204.89	2205.79	2202.14	2191.58	2181.72	2173.38	2170.81	2168.36	2168.72	2172.14	2164.19	2146.35	2119.02	2099.26	2076.07	2046.47	2018.79	2002.85	1994.48	1971.13	1948.47	1937.25	1930.12	1911.91	1884.13	1864.60	1856.85	1840.07	1814.53	1785.37	1754.54	1743.08	1743.48	1734.05	1710.04	1709.74	1718.48	1727.54	1728.70	1726.86	1728.50	1729.39	1726.43	1717.17	1712.51	1712.33	1720.41	1723.42	1722.72	1712.31	1693.80	1683.93	1678.37	1674.07	1680.18	1697.81	1700.90	1687.99	1667.61	1671.96	1683.36	1686.45	1679.76	1657.71	1644.09	1632.29	1604.23	1578.35	1565.78	1554.51	1547.14	1535.72	1523.75	1522.05	1511.85	1495.56	1478.30	1463.89	1445.00	1420.88	1417.93	1412.37	1404.88	1397.16	1385.30	1366.33	1344.45	1330.17	1322.08	1336.41	1324.06	1308.03	1292.91	1270.05	1246.60	1243.74	1244.80	1250.17	1243.20	1228.22	1218.44	1211.22	1203.82	1196.03	1185.63	1174.96	1162.50	1147.26	1133.71	1122.41	1113.66	1102.38	1091.95	1082.82	1073.87	1071.38	1065.20	1050.80	1038.52	1035.18
1441.86	1435.21	1421.74	1405.54	1374.15	1334.16	1301.88	1284.03	1276.42	1271.28	1265.76	1260.10	1255.74	1258.57	1258.26	1256.73	1263.53	1267.15	1280.94	1300.57	1311.81	1313.82	1307.90	1285.27	1265.82	1255.58	1239.33	1221.63	1205.56	1199.69	1182.78	1143.20	1120.30	1102.51	1096.45	1091.70	1056.52	1005.71	968.91	964.38	952.64	976.77	988.48	1053.80	1095.03	1125.22	1188.28	1244.85	1299.02	1326.56	1343.91	1374.19	1405.54	1433.73	1460.15	1478.37	1501.25	1524.67	1547.81	1562.28	1576.96	1601.82	1635.54	1666.11	1729.07	1774.51	1797.90	1797.37	1843.62	1892.69	1914.86	1923.83	1928.45	1949.43	2001.24	2026.57	2040.50	2037.84	2031.68	2032.42	2106.19	2137.44	2141.16	2150.98	2197.90	2233.60	2263.79	2284.65	2300.38	2314.96	2326.10	2336.85	2340.78	2345.05	2346.58	2346.07	2342.47	2336.26	2327.53	2317.31	2301.18	2284.52	2265.28	2240.74	2226.61	2214.35	2199.91	2177.59	2143.14	2126.56	2114.04	2103.60	2089.82	2077.47	2067.85	2059.75	2059.63	2044.37	2042.71	2045.70	2043.41	2045.02	2045.87	2051.45	2058.31	2063.62	2067.55	2095.34	2125.66	2135.38	2144.24	2156.60	2169.65	2186.80	2202.36	2215.08	2222.45	2226.25	2223.06	2213.05	2202.59	2194.66	2188.94	2191.18	2189.68	2186.41	2171.55	2159.32	2142.23	2121.63	2093.26	2076.31	2070.42	2055.07	2038.95	2019.40	2005.65	1973.85	1958.07	1938.59	1903.26	1877.99	1853.49	1835.96	1823.28	1808.89	1787.06	1771.22	1763.50	1753.31	1744.95	1744.87	1745.88	1751.88	1747.46	1749.88	1755.39	1758.50	1752.13	1745.07	1743.10	1740.85	1746.64	1746.00	1742.67	1742.36	1727.65	1706.91	1697.13	1702.57	1720.31	1729.01	1723.31	1718.42	1714.72	1703.97	1703.55	1704.19	1700.57	1686.21	1671.71	1663.97	1642.24	1619.12	1597.43	1580.54	1570.41	1563.59	1546.20	1534.29	1527.30	1512.79	1501.22	1483.88	1468.43	1452.92	1446.40	1436.47	1430.54	1418.88	1408.99	1403.51	1380.28	1366.47	1369.34	1366.31	1347.38	1335.36	1318.67	1306.29	1290.66	1285.82	1282.26	1275.81	1260.12	1240.59	1235.47	1228.39	1218.97	1212.23	1202.40	1192.31	1181.21	1169.21	1156.65	1144.20	1130.81	1120.42	1109.16	1102.22	1091.20	1085.81	1081.72	1070.50	1059.95	1053.92
1452.40	1444.70	1429.52	1415.62	1391.32	1361.16	1333.76	1321.26	1319.92	1302.09	1289.44	1284.54	1280.02	1284.29	1280.07	1280.10	1286.51	1295.66	1315.47	1332.98	1342.22	1342.24	1333.98	1313.30	1294.65	1280.08	1269.56	1252.44	1231.41	1219.26	1208.56	1179.45	1155.14	1134.75	1122.22	1113.76	1092.20	1066.10	1021.83	1008.64	1004.79	1032.96	1037.38	1060.91	1090.01	1135.36	1192.90	1242.93	1285.86	1317.12	1339.11	1364.86	1403.57	1441.60	1466.49	1484.50	1506.30	1525.48	1547.08	1563.93	1574.86	1610.09	1672.06	1704.24	1741.98	1785.60	1812.19	1810.92	1849.32	1905.26	1926.02	1938.66	1953.82	1997.41	2041.70	2057.65	2059.22	2051.89	2055.22	2060.42	2137.39	2179.64	2177.15	2181.27	2214.28	2242.99	2288.73	2303.97	2322.95	2333.63	2346.37	2357.88	2364.64	2368.64	2373.75	2371.77	2365.59	2352.52	2338.16	2326.14	2312.72	2293.81	2274.20	2255.03	2236.17	2224.80	2211.84	2186.63	2165.41	2148.46	2135.08	2122.61	2105.93	2089.38	2087.27	2080.48	2081.88	2083.09	2078.70	2081.37	2080.24	2078.36	2090.88	2099.93	2104.69	2106.13	2119.23	2142.02	2155.56	2162.89	2173.70	2184.09	2193.56	2206.63	2216.31	2224.86	2233.65	2239.90	2238.02	2233.52	2224.53	2220.92	2223.75	2224.58	2218.68	2212.55	2198.43	2178.95	2170.90	2152.51	2119.38	2093.46	2086.40	2088.41	2070.95	2048.75	2024.18	1989.71	1965.40	1956.65	1919.75	1881.05	1859.07	1831.59	1821.32	1810.39	1801.94	1794.12	1791.60	1795.04	1799.33	1787.41	1783.65	1780.26	1770.38	1777.94	1776.98	1774.82	1768.26	1766.18	1770.74	1772.89	1775.08	1766.19	1762.51	1766.09	1770.15	1760.50	1742.65	1742.94	1746.26	1751.14	1748.17	1750.48	1751.40	1733.34	1720.88	1720.55	1725.44	1718.32	1701.46	1688.98	1666.18	1641.53	1617.93	1599.63	1589.69	1581.59	1567.68	1549.46	1539.60	1535.56	1534.01	1523.48	1512.48	1495.65	1476.63	1459.46	1457.02	1441.92	1431.13	1429.04	1420.16	1405.35	1402.27	1398.34	1376.09	1357.50	1347.93	1343.28	1332.64	1321.94	1310.78	1300.61	1284.89	1264.17	1252.23	1243.81	1233.02	1225.19	1215.55	1206.65	1196.54	1186.32	1174.79	1165.23	1146.08	1129.61	1122.30	1122.80	1113.22	1101.65	1093.58	1085.27	1077.96	1071.64
1465.20	1455.96	1442.78	1432.18	1407.11	1394.25	1386.34	1363.28	1362.22	1351.83	1338.37	1323.00	1320.77	1321.81	1307.68	1309.72	1316.37	1337.24	1358.72	1363.89	1367.28	1372.02	1372.20	1355.84	1336.30	1317.26	1297.66	1286.45	1262.88	1235.19	1225.49	1213.77	1198.92	1185.70	1160.95	1139.79	1130.63	1117.47	1084.64	1067.79	1059.96	1072.88	1090.14	1073.15	1108.01	1148.59	1199.81	1244.67	1283.15	1310.01	1333.54	1368.81	1416.14	1445.75	1472.66	1492.43	1506.22	1531.44	1555.83	1572.16	1570.78	1604.66	1663.07	1700.88	1734.03	1787.78	1814.75	1821.51	1874.38	1921.61	1934.95	1971.78	2001.97	2032.27	2054.25	2073.99	2074.91	2082.79	2102.87	2098.06	2166.91	2229.99	2221.24	2222.29	2269.88	2294.16	2338.60	2359.47	2358.84	2361.78	2377.02	2385.37	2390.19	2391.71	2392.80	2388.90	2380.06	2367.49	2353.61	2342.41	2333.45	2312.72	2295.05	2278.86	2258.45	2240.89	2222.15	2199.85	2191.77	2175.16	2155.77	2139.19	2131.14	2121.46	2106.33	2093.26	2092.61	2092.23	2082.10	2095.10	2100.28	2111.88	2123.12	2132.51	2141.27	2149.36	2166.73	2182.19	2189.06	2197.35	2203.99	2206.83	2210.78	2219.91	2228.66	2239.10	2249.22	2253.00	2252.94	2254.20	2249.76	2250.28	2254.40	2248.87	2240.72	2232.36	2221.92	2204.20	2192.56	2179.44	2158.41	2131.97	2113.96	2112.85	2104.61	2082.33	2052.35	2021.86	1994.20	1980.09	1942.48	1912.93	1906.78	1867.36	1843.89	1822.50	1825.53	1819.25	1812.81	1810.41	1809.99	1808.99	1804.95	1802.55	1810.20	1816.27	1791.84	1787.93	1784.55	1782.26	1785.62	1791.13	1792.92	1784.03	1783.21	1786.98	1798.51	1802.50	1791.87	1795.34	1780.30	1775.28	1778.11	1773.76	1765.07	1750.03	1745.22	1731.25	1738.03	1738.48	1722.78	1710.91	1689.60	1669.92	1647.96	1622.53	1603.96	1595.04	1591.34	1579.42	1566.74	1561.89	1558.84	1553.34	1540.61	1520.53	1511.25	1493.77	1484.54	1467.38	1454.47	1447.24	1444.99	1437.34	1429.07	1418.81	1403.36	1386.48	1380.32	1374.60	1359.19	1341.01	1332.12	1322.56	1312.18	1293.33	1271.77	1259.44	1247.63	1239.25	1229.37	1221.60	1213.74	1203.85	1193.18	1185.75	1173.21	1157.93	1150.27	1143.15	1133.97	1122.74	1110.81	1100.27	1093.79	1084.89
1482.70	1475.26	1459.41	1441.37	1432.26	1429.78	1432.94	1411.73	1402.34	1399.33	1388.73	1373.57	1363.85	1361.71	1363.28	1366.97	1367.28	1380.37	1399.95	1401.25	1403.21	1407.68	1413.45	1407.02	1367.62	1345.95	1325.52	1313.99	1303.77	1268.26	1244.58	1239.65	1232.53	1228.36	1201.68	1172.41	1152.18	1152.42	1140.17	1127.47	1120.98	1125.86	1164.22	1128.61	1110.24	1161.21	1206.33	1244.56	1291.33	1314.17	1341.47	1378.66	1410.27	1439.68	1483.60	1505.48	1511.68	1536.29	1575.77	1604.74	1604.01	1642.32	1685.86	1709.18	1739.05	1795.22	1821.01	1848.09	1911.47	1951.22	1971.05	2002.75	2024.30	2040.20	2070.90	2090.61	2102.57	2132.71	2150.17	2145.30	2197.68	2261.54	2284.15	2283.03	2319.20	2342.03	2363.86	2389.50	2393.33	2389.33	2397.55	2402.77	2406.80	2408.72	2403.79	2400.44	2393.74	2382.15	2372.28	2362.27	2346.80	2325.76	2309.12	2288.39	2271.27	2259.26	2238.95	2216.94	2200.94	2183.73	2171.40	2156.04	2144.97	2138.11	2128.71	2119.66	2109.51	2105.57	2123.88	2138.27	2139.66	2151.95	2161.45	2167.39	2172.07	2183.23	2196.48	2208.78	2216.05	2222.73	2230.43	2229.80	2232.42	2242.03	2250.81	2257.83	2262.79	2263.01	2264.78	2267.05	2269.10	2266.38	2267.14	2263.40	2255.69	2253.03	2242.74	2224.41	2209.66	2203.26	2189.43	2173.66	2153.06	2136.74	2125.92	2104.09	2077.71	2054.66	2038.06	2020.26	1988.17	1960.94	1945.46	1914.65	1882.21	1854.39	1844.22	1839.52	1836.71	1814.14	1815.40	1823.60	1826.19	1827.82	1830.33	1825.52	1810.95	1824.39	1817.53	1805.86	1798.88	1800.47	1805.86	1800.80	1801.26	1801.61	1813.70	1825.32	1830.71	1835.33	1834.24	1812.74	1802.62	1802.02	1790.79	1774.24	1776.49	1770.18	1763.85	1753.80	1737.97	1721.18	1704.03	1687.29	1674.17	1653.61	1638.23	1624.66	1619.09	1610.47	1597.45	1586.96	1583.83	1575.30	1566.32	1555.07	1544.09	1527.20	1513.18	1500.89	1489.20	1476.14	1468.46	1462.31	1449.17	1435.47	1424.67	1412.08	1405.76	1397.34	1390.78	1369.82	1354.79	1347.00	1332.49	1318.44	1298.03	1276.01	1260.76	1256.03	1246.12	1236.62	1228.72	1219.20	1209.95	1204.93	1200.54	1191.64	1177.64	1163.10	1151.78	1141.94	1131.47	1117.05	1107.60	1096.66
1502.34	1496.76	1487.40	1475.24	1464.70	1452.62	1451.96	1442.04	1435.17	1435.24	1438.26	1435.53	1424.40	1410.39	1407.90	1417.40	1435.33	1437.09	1438.21	1435.72	1440.72	1446.12	1439.89	1420.75	1387.88	1374.50	1358.12	1338.17	1330.55	1311.35	1268.35	1248.56	1252.68	1252.50	1232.80	1207.81	1184.43	1187.73	1179.35	1179.53	1183.56	1191.96	1206.96	1198.89	1158.73	1187.90	1229.01	1262.23	1297.78	1324.05	1355.47	1383.36	1415.72	1450.37	1497.84	1517.76	1533.28	1558.90	1601.66	1632.94	1652.85	1673.19	1708.11	1723.87	1758.36	1811.78	1856.62	1899.23	1937.23	1967.68	1989.59	2026.49	2056.33	2086.14	2115.35	2129.16	2141.51	2159.11	2178.56	2193.84	2216.93	2265.76	2305.98	2325.35	2343.78	2358.93	2376.45	2395.80	2406.27	2405.98	2414.77	2420.51	2425.99	2426.55	2418.64	2410.75	2403.88	2392.97	2382.45	2370.70	2354.87	2337.68	2324.02	2305.86	2285.95	2273.54	2253.93	2236.99	2213.84	2197.29	2188.74	2179.83	2172.07	2166.88	2170.37	2163.95	2154.38	2169.36	2186.38	2185.52	2192.56	2204.23	2209.40	2207.50	2204.39	2209.39	2220.10	2227.34	2230.97	2239.49	2245.74	2251.38	2259.16	2267.05	2273.56	2273.68	2271.47	2271.67	2282.80	2291.55	2288.42	2280.10	2282.02	2282.43	2275.24	2272.05	2260.65	2245.37	2230.25	2222.57	2207.92	2193.58	2184.76	2159.45	2130.37	2113.86	2093.45	2073.48	2063.67	2045.51	2023.12	1989.59	1969.38	1947.27	1909.77	1869.46	1852.82	1851.31	1859.43	1856.05	1848.88	1851.11	1853.55	1859.96	1858.45	1852.93	1848.18	1850.36	1845.99	1841.01	1839.09	1827.74	1826.10	1820.57	1815.63	1816.80	1830.73	1840.17	1849.24	1851.83	1847.48	1834.92	1827.08	1832.17	1815.79	1797.85	1790.89	1790.27	1781.39	1766.78	1752.65	1736.71	1722.25	1709.53	1697.38	1683.91	1668.59	1646.62	1636.17	1626.89	1615.14	1605.16	1601.93	1595.22	1586.04	1574.89	1561.99	1549.38	1541.23	1531.28	1522.28	1521.43	1508.30	1486.31	1470.00	1456.77	1441.05	1428.89	1424.85	1416.16	1403.04	1385.42	1367.68	1357.19	1345.79	1337.80	1324.07	1300.58	1273.95	1267.43	1262.08	1253.67	1243.99	1235.15	1225.60	1220.54	1214.21	1203.49	1191.69	1181.95	1169.41	1156.95	1146.13	1131.12	1119.56	1104.80
1524.93	1517.28	1508.44	1494.17	1492.29	1494.31	1491.37	1484.36	1479.19	1481.46	1494.49	1494.61	1479.61	1469.35	1469.43	1483.62	1492.66	1479.16	1454.98	1457.69	1464.51	1468.35	1460.94	1431.68	1412.21	1399.58	1379.96	1362.17	1355.63	1350.71	1323.38	1285.22	1257.45	1271.68	1266.44	1248.97	1230.95	1209.46	1198.28	1222.39	1229.49	1236.79	1239.03	1228.64	1219.41	1219.91	1260.18	1288.18	1313.38	1334.86	1374.00	1398.16	1428.92	1463.91	1499.76	1530.59	1552.55	1590.49	1614.59	1657.62	1680.64	1691.23	1721.10	1728.95	1775.03	1838.34	1877.10	1919.95	1942.13	1981.34	2028.49	2066.89	2095.52	2126.64	2148.13	2163.90	2173.32	2181.24	2198.68	2216.53	2239.06	2269.06	2303.08	2330.12	2343.84	2356.10	2373.64	2390.02	2399.94	2408.24	2423.31	2430.71	2434.26	2430.85	2425.44	2418.70	2410.67	2403.60	2393.70	2377.49	2363.65	2349.55	2334.72	2318.69	2302.68	2287.29	2271.03	2253.07	2233.74	2221.80	2210.66	2201.55	2199.10	2196.98	2194.86	2201.44	2218.33	2229.51	2232.07	2233.27	2238.34	2244.88	2251.07	2247.31	2236.16	2235.91	2245.48	2250.48	2255.07	2262.55	2263.31	2268.91	2282.08	2291.36	2292.88	2293.56	2291.16	2293.51	2307.13	2313.74	2312.46	2302.28	2297.41	2301.33	2296.90	2292.36	2276.75	2258.04	2247.03	2241.05	2222.26	2208.17	2213.80	2177.09	2146.68	2133.15	2115.45	2090.67	2073.39	2062.37	2035.97	2009.70	1997.47	1980.60	1946.23	1897.46	1875.97	1866.74	1882.25	1895.64	1895.08	1882.21	1876.19	1880.40	1878.76	1877.49	1876.16	1869.38	1864.50	1868.36	1871.35	1860.49	1852.91	1850.15	1851.64	1852.71	1852.33	1853.67	1858.70	1860.75	1854.77	1846.65	1842.36	1838.08	1828.10	1809.74	1802.44	1794.59	1786.58	1774.51	1763.32	1750.62	1738.09	1724.30	1709.45	1697.28	1680.05	1657.39	1646.96	1635.95	1625.80	1619.63	1613.69	1607.76	1601.41	1592.89	1580.97	1570.60	1561.55	1552.98	1549.86	1553.33	1540.56	1518.83	1496.46	1482.60	1459.62	1442.16	1437.17	1425.77	1412.83	1398.84	1382.42	1366.06	1356.35	1350.97	1339.50	1321.40	1301.67	1286.78	1275.82	1266.38	1257.84	1252.84	1243.61	1235.24	1229.38	1219.62	1207.22	1197.01	1183.70	1170.44	1156.28	1140.62	1125.09	1109.28
1546.56	1540.52	1539.11	1532.81	1526.80	1528.78	1527.47	1527.94	1538.14	1540.42	1540.93	1536.06	1522.29	1526.99	1530.23	1536.48	1538.69	1529.74	1502.07	1487.31	1489.04	1495.31	1493.97	1457.33	1431.57	1411.23	1387.47	1376.83	1365.23	1363.88	1358.33	1341.47	1296.55	1285.93	1281.28	1272.69	1261.66	1247.61	1239.65	1250.87	1258.01	1263.29	1264.42	1255.45	1254.25	1253.36	1300.28	1317.51	1341.89	1354.48	1396.56	1420.52	1444.70	1479.66	1513.88	1546.36	1562.59	1615.58	1644.39	1669.39	1681.00	1708.48	1732.38	1736.93	1790.78	1852.07	1885.53	1914.60	1933.89	1980.58	2049.44	2085.70	2112.62	2139.74	2159.50	2179.32	2193.84	2200.89	2211.91	2226.44	2251.49	2271.63	2300.85	2325.30	2337.95	2353.42	2369.25	2385.16	2395.52	2407.18	2420.83	2431.57	2439.50	2438.26	2434.42	2431.11	2421.85	2410.11	2396.92	2380.86	2370.68	2357.04	2342.90	2333.83	2321.55	2306.62	2291.08	2274.54	2260.70	2254.81	2239.37	2221.42	2219.52	2217.69	2219.82	2232.11	2252.14	2260.10	2261.20	2261.59	2266.15	2267.56	2273.50	2272.48	2265.26	2261.76	2268.41	2273.04	2278.20	2281.05	2277.56	2282.31	2296.19	2308.16	2312.67	2316.13	2319.62	2324.69	2326.81	2329.25	2331.59	2323.23	2312.93	2315.84	2316.33	2312.59	2299.07	2273.17	2260.76	2264.25	2250.74	2238.71	2249.18	2205.32	2171.83	2160.08	2134.13	2116.37	2105.32	2092.15	2058.97	2026.92	2016.25	2007.71	1984.34	1936.84	1914.32	1909.43	1915.59	1921.40	1924.18	1911.26	1899.79	1892.27	1885.02	1892.94	1896.85	1887.60	1887.02	1896.85	1894.35	1881.95	1873.95	1873.65	1878.05	1878.38	1869.53	1867.28	1867.99	1868.27	1865.12	1859.97	1853.95	1839.57	1834.60	1819.68	1814.84	1805.10	1796.45	1785.44	1773.86	1760.86	1751.22	1738.86	1721.83	1710.58	1695.54	1675.49	1657.89	1645.20	1632.83	1629.79	1625.29	1617.05	1610.64	1602.38	1593.64	1588.62	1578.26	1573.76	1575.41	1573.02	1563.10	1543.04	1522.90	1505.45	1487.31	1463.18	1451.98	1444.02	1434.19	1414.41	1400.94	1383.25	1364.44	1351.30	1344.59	1334.09	1321.66	1305.64	1290.93	1279.10	1269.14	1262.64	1255.95	1247.91	1240.91	1231.12	1219.47	1208.07	1194.34	1180.52	1164.51	1146.25	1127.81	1110.89
1560.06	1556.18	1561.92	1560.46	1551.39	1553.27	1555.32	1558.37	1565.37	1577.91	1578.58	1567.15	1556.11	1563.47	1573.85	1576.51	1576.85	1569.52	1550.99	1523.77	1512.43	1522.80	1533.23	1498.26	1452.32	1425.05	1399.30	1401.04	1377.55	1371.70	1374.12	1366.05	1333.95	1299.10	1292.64	1290.28	1278.86	1270.80	1270.43	1272.13	1274.79	1276.98	1284.51	1284.75	1281.27	1284.63	1314.87	1326.20	1364.53	1373.19	1409.44	1443.72	1466.86	1500.98	1529.79	1553.05	1571.52	1624.83	1651.77	1667.23	1681.80	1714.16	1740.41	1756.97	1805.79	1848.84	1880.80	1907.92	1937.31	1990.61	2051.87	2090.63	2119.15	2144.18	2164.46	2186.24	2201.84	2209.49	2221.19	2236.18	2260.57	2276.01	2299.56	2323.61	2336.74	2353.96	2366.02	2380.96	2395.24	2409.77	2424.92	2434.73	2443.21	2446.80	2443.65	2438.30	2428.48	2413.28	2396.19	2381.86	2377.98	2365.43	2344.59	2342.42	2333.23	2319.44	2308.04	2297.58	2282.81	2275.58	2265.56	2239.10	2234.13	2237.49	2243.64	2249.25	2259.52	2272.59	2277.01	2278.21	2284.46	2279.16	2280.43	2285.38	2284.12	2283.32	2290.11	2295.88	2302.16	2303.95	2299.48	2303.98	2314.81	2325.82	2335.54	2343.24	2342.79	2347.94	2351.78	2346.51	2344.88	2342.99	2335.76	2330.68	2330.97	2332.55	2327.34	2305.11	2284.73	2281.02	2266.17	2255.34	2259.68	2220.50	2191.66	2174.97	2145.12	2131.54	2124.73	2108.31	2074.17	2044.16	2039.89	2030.61	2018.24	1981.91	1957.14	1945.00	1932.23	1935.25	1938.63	1937.34	1928.49	1912.10	1901.97	1908.97	1914.27	1907.66	1907.94	1912.41	1908.10	1895.64	1889.78	1891.44	1893.93	1889.99	1880.67	1880.69	1878.71	1873.96	1870.59	1866.12	1858.00	1847.02	1841.43	1832.69	1825.09	1812.96	1806.17	1795.68	1782.76	1771.17	1762.00	1750.85	1735.11	1724.64	1708.34	1689.96	1676.49	1667.74	1655.35	1639.90	1632.36	1624.12	1621.07	1615.12	1607.42	1600.76	1592.21	1589.33	1591.01	1584.95	1572.39	1555.04	1540.24	1530.02	1515.29	1491.84	1474.91	1457.93	1446.57	1426.64	1413.80	1399.76	1379.75	1355.77	1349.10	1341.69	1329.66	1314.72	1304.55	1296.79	1284.84	1273.01	1266.43	1259.94	1250.38	1240.49	1228.45	1215.58	1202.06	1187.62	1170.21	1148.66	1127.85	1108.93
1577.71	1567.95	1565.90	1566.25	1568.06	1576.78	1576.05	1581.97	1586.69	1609.35	1627.30	1627.88	1614.62	1613.62	1621.08	1622.29	1617.53	1594.58	1570.71	1557.29	1543.78	1543.79	1547.55	1526.85	1498.54	1482.68	1460.32	1434.45	1407.81	1397.36	1399.01	1384.05	1355.20	1318.82	1301.52	1303.45	1301.64	1295.20	1293.34	1298.03	1291.42	1291.22	1312.09	1329.16	1320.61	1319.52	1337.41	1353.49	1383.64	1393.44	1427.71	1465.66	1486.34	1506.88	1536.00	1557.37	1585.20	1634.83	1656.25	1669.61	1692.40	1730.74	1757.46	1781.89	1820.18	1844.37	1883.26	1922.38	1940.94	1992.99	2051.85	2092.76	2124.18	2153.14	2174.04	2193.66	2205.75	2215.35	2228.26	2245.66	2267.47	2281.11	2300.63	2321.48	2337.03	2353.94	2363.22	2379.34	2398.90	2413.99	2425.20	2434.60	2443.41	2450.59	2451.99	2448.05	2443.55	2430.59	2416.19	2401.31	2388.83	2380.13	2359.95	2351.39	2344.04	2333.81	2321.08	2310.89	2301.12	2295.07	2285.27	2259.34	2261.86	2266.26	2270.14	2266.88	2268.70	2284.57	2303.20	2313.41	2314.98	2311.65	2308.90	2312.78	2310.36	2313.79	2312.43	2318.22	2326.62	2331.94	2330.44	2336.22	2347.27	2356.88	2360.33	2364.38	2366.82	2372.96	2377.11	2366.98	2360.04	2364.16	2361.87	2351.88	2349.40	2354.22	2354.09	2341.77	2322.07	2307.03	2294.33	2269.38	2263.95	2235.20	2212.45	2191.16	2163.72	2149.58	2144.63	2132.36	2123.41	2103.80	2091.10	2082.67	2068.11	2030.88	2006.59	1976.63	1946.47	1947.27	1944.71	1949.74	1943.01	1934.49	1932.80	1924.78	1926.31	1923.95	1925.56	1925.48	1918.48	1909.62	1905.46	1908.49	1905.85	1900.16	1897.69	1896.05	1892.04	1886.93	1881.25	1871.22	1860.47	1856.32	1852.79	1844.30	1837.41	1826.16	1816.80	1805.68	1792.26	1774.72	1763.30	1755.81	1744.79	1734.72	1718.43	1700.40	1692.61	1685.82	1673.20	1657.94	1651.75	1639.60	1636.64	1632.28	1616.66	1606.37	1607.05	1604.96	1602.63	1600.35	1588.11	1569.74	1562.29	1556.97	1537.36	1518.32	1501.66	1478.53	1460.86	1442.87	1430.44	1418.26	1402.49	1373.12	1360.53	1357.89	1346.64	1326.98	1317.55	1314.63	1303.36	1291.21	1280.38	1272.83	1261.20	1248.84	1235.45	1221.38	1207.42	1191.64	1172.94	1151.82	1129.21	1105.69
1596.24	1590.47	1588.67	1585.82	1589.99	1596.75	1602.79	1621.79	1639.01	1663.77	1680.83	1683.40	1676.22	1668.87	1664.24	1661.08	1650.71	1623.79	1604.02	1583.63	1574.28	1564.72	1561.95	1554.33	1544.00	1534.96	1520.61	1482.70	1453.64	1449.67	1457.60	1450.05	1431.18	1392.82	1378.07	1366.99	1343.05	1313.26	1301.34	1317.63	1314.95	1305.06	1337.14	1366.98	1355.10	1353.38	1365.92	1382.29	1402.63	1429.25	1447.64	1480.82	1503.69	1519.51	1548.80	1581.89	1625.40	1658.42	1677.38	1698.46	1727.16	1752.01	1761.09	1783.15	1825.47	1867.95	1908.89	1970.62	1993.77	2027.53	2065.38	2099.57	2135.59	2163.24	2181.26	2198.92	2209.76	2222.43	2235.48	2255.98	2275.74	2289.49	2306.91	2323.53	2337.37	2354.03	2367.85	2384.09	2399.65	2411.30	2422.09	2436.32	2447.61	2456.99	2461.51	2462.08	2465.03	2458.58	2449.87	2439.33	2421.32	2400.12	2385.94	2370.44	2357.75	2352.22	2338.86	2322.21	2315.70	2311.72	2300.10	2292.95	2300.49	2292.11	2286.54	2287.06	2297.64	2310.47	2319.78	2331.36	2339.99	2347.15	2351.15	2350.89	2348.91	2351.99	2347.50	2342.38	2343.19	2351.15	2356.16	2362.03	2369.85	2380.97	2382.76	2380.24	2387.90	2392.70	2389.92	2380.79	2377.19	2382.13	2383.60	2385.99	2381.78	2378.72	2382.76	2373.82	2355.09	2338.34	2323.09	2295.75	2277.87	2245.70	2230.91	2215.39	2184.18	2174.94	2172.70	2165.74	2173.89	2162.80	2145.68	2122.14	2105.66	2088.01	2066.56	2031.02	1994.37	1986.31	1974.86	1961.40	1961.24	1962.62	1960.12	1949.32	1948.27	1945.29	1936.98	1934.03	1932.03	1924.51	1919.14	1919.72	1919.93	1920.86	1919.28	1912.07	1902.90	1896.08	1888.29	1877.82	1871.01	1868.65	1864.44	1856.66	1854.20	1846.43	1836.33	1826.63	1818.42	1791.03	1774.43	1764.41	1747.31	1735.22	1724.16	1712.68	1704.25	1697.06	1685.47	1672.34	1667.04	1656.72	1647.14	1642.24	1634.68	1625.02	1623.70	1620.73	1616.23	1615.45	1607.92	1589.25	1582.14	1571.97	1552.53	1537.42	1523.71	1505.93	1486.70	1468.67	1452.01	1435.52	1422.43	1391.04	1373.05	1377.84	1369.32	1347.02	1327.26	1323.87	1315.94	1305.31	1293.93	1283.44	1270.72	1257.56	1243.28	1226.33	1209.59	1195.08	1173.47	1153.56	1132.43	1108.10
1615.40	1622.53	1624.72	1621.35	1622.47	1630.91	1645.16	1658.10	1675.03	1694.60	1708.77	1713.43	1711.97	1705.72	1704.41	1702.05	1685.37	1659.81	1640.61	1624.05	1621.84	1606.12	1590.88	1580.99	1576.81	1564.04	1554.74	1548.73	1508.35	1488.62	1506.89	1503.75	1485.48	1445.82	1420.92	1405.18	1400.55	1376.53	1362.89	1366.03	1401.68	1356.33	1367.85	1393.46	1383.64	1382.49	1389.62	1404.84	1438.01	1466.72	1461.11	1499.69	1535.43	1558.00	1583.18	1621.77	1655.45	1683.38	1701.72	1715.74	1735.80	1750.74	1769.42	1819.42	1869.89	1906.53	1924.24	1988.46	2026.02	2055.69	2079.75	2108.64	2142.80	2168.99	2188.73	2203.44	2213.56	2227.34	2243.86	2264.28	2280.09	2292.62	2308.87	2324.99	2339.66	2352.88	2369.34	2385.74	2400.06	2411.48	2422.64	2437.87	2451.81	2465.59	2474.77	2478.57	2485.82	2481.92	2476.69	2467.88	2450.09	2428.68	2416.30	2399.23	2382.41	2374.42	2370.62	2365.52	2353.62	2341.34	2326.11	2324.66	2332.68	2318.85	2309.53	2317.50	2329.08	2334.93	2337.24	2350.31	2362.04	2368.04	2372.69	2371.58	2374.42	2378.41	2376.09	2369.50	2373.35	2379.97	2382.36	2387.95	2393.51	2399.46	2400.55	2402.70	2410.90	2406.31	2400.26	2399.85	2401.94	2401.37	2403.82	2409.16	2404.59	2396.62	2397.16	2386.80	2374.27	2364.10	2358.55	2339.22	2306.70	2280.43	2266.11	2242.95	2204.43	2193.62	2193.24	2183.70	2193.65	2191.42	2178.71	2165.42	2139.63	2120.08	2102.56	2063.56	2023.84	2017.12	2010.30	1996.33	1989.84	1982.63	1975.54	1969.90	1966.33	1963.54	1958.98	1954.21	1950.56	1944.15	1939.44	1939.33	1942.28	1940.09	1933.44	1925.79	1913.68	1907.27	1901.70	1889.65	1882.07	1880.36	1882.14	1874.09	1868.07	1861.79	1849.69	1842.46	1837.61	1820.73	1802.71	1789.94	1769.80	1744.85	1727.95	1716.14	1708.38	1706.02	1697.71	1684.43	1677.44	1672.55	1663.75	1656.72	1653.23	1639.95	1635.19	1631.61	1627.40	1623.99	1613.54	1601.05	1593.78	1577.03	1559.30	1551.19	1543.82	1529.69	1514.90	1506.20	1489.79	1468.96	1455.19	1422.37	1396.98	1393.20	1385.88	1368.58	1344.60	1335.09	1326.46	1316.63	1305.64	1294.34	1281.05	1265.92	1249.76	1230.93	1211.76	1197.44	1175.67	1156.01	1135.86	1110.31
1639.33	1646.47	1641.59	1646.22	1651.53	1669.21	1682.43	1692.96	1704.86	1718.76	1733.14	1743.28	1743.73	1742.44	1747.09	1739.36	1719.14	1691.39	1669.01	1661.20	1654.37	1646.24	1632.14	1615.74	1612.46	1605.90	1596.92	1582.99	1559.68	1526.50	1535.86	1529.93	1515.08	1493.35	1478.05	1457.76	1448.27	1435.36	1439.00	1442.58	1457.98	1401.37	1392.38	1417.46	1413.63	1417.91	1432.52	1441.81	1472.68	1492.54	1506.42	1549.77	1565.01	1585.39	1614.48	1632.38	1669.87	1704.93	1720.15	1718.88	1742.46	1776.46	1815.95	1868.76	1904.03	1928.17	1952.66	2017.48	2041.70	2073.19	2096.66	2117.47	2146.88	2172.41	2191.64	2204.90	2214.76	2229.43	2249.02	2265.68	2279.62	2294.03	2311.95	2328.14	2344.46	2356.32	2372.10	2388.52	2402.10	2411.02	2424.90	2445.73	2467.44	2483.73	2489.86	2496.70	2504.54	2504.95	2501.13	2489.57	2468.41	2448.66	2443.55	2433.83	2421.04	2403.72	2394.94	2393.43	2382.12	2371.94	2361.81	2354.87	2357.59	2353.26	2354.38	2357.99	2361.13	2361.52	2366.92	2373.46	2376.23	2383.61	2390.18	2392.48	2394.70	2397.40	2396.83	2396.31	2398.17	2404.35	2408.53	2414.17	2418.53	2419.53	2421.30	2426.17	2429.77	2429.96	2425.17	2419.58	2420.99	2422.46	2425.95	2425.64	2419.56	2417.35	2411.17	2403.12	2397.58	2391.14	2386.44	2373.45	2349.69	2330.71	2311.99	2290.57	2253.58	2211.80	2207.75	2206.19	2207.78	2213.52	2209.95	2207.18	2188.21	2154.69	2125.26	2089.41	2058.12	2045.98	2040.52	2029.32	2020.54	2008.87	2005.33	2001.13	1990.68	1985.09	1983.10	1976.17	1968.67	1966.45	1964.03	1961.44	1958.48	1953.90	1949.65	1940.55	1928.22	1928.04	1926.11	1918.52	1898.93	1893.59	1899.41	1889.88	1881.55	1877.70	1867.50	1858.76	1853.90	1839.86	1819.37	1807.51	1791.46	1773.42	1759.66	1736.26	1719.05	1710.74	1708.57	1697.39	1689.97	1687.39	1680.12	1676.64	1669.50	1652.10	1645.89	1640.53	1635.28	1629.86	1621.01	1613.52	1602.47	1587.52	1571.00	1563.71	1556.23	1547.00	1539.49	1537.08	1524.45	1507.88	1481.88	1454.91	1423.80	1405.01	1402.70	1384.57	1361.82	1351.61	1340.85	1328.95	1315.41	1303.39	1289.72	1273.14	1256.04	1237.22	1215.29	1198.94	1178.89	1157.95	1134.56	1109.12
1657.27	1656.92	1659.92	1667.60	1687.53	1701.64	1713.08	1722.05	1729.55	1737.50	1748.90	1775.28	1794.18	1792.08	1785.28	1772.68	1757.83	1724.59	1691.29	1688.01	1684.02	1680.94	1675.78	1668.14	1656.29	1649.02	1634.47	1625.43	1653.79	1600.71	1567.82	1560.23	1535.92	1521.45	1511.90	1504.21	1499.45	1494.45	1486.36	1484.28	1479.05	1461.18	1460.57	1465.21	1452.49	1453.93	1479.30	1492.87	1517.06	1522.74	1542.64	1565.02	1580.49	1600.19	1619.28	1648.07	1695.91	1727.51	1731.80	1747.18	1789.42	1824.13	1852.36	1892.38	1922.69	1943.79	1988.39	2038.58	2064.02	2090.33	2109.99	2126.33	2149.62	2170.83	2188.27	2205.41	2218.24	2234.83	2253.16	2270.05	2288.11	2303.57	2321.29	2335.67	2346.52	2359.27	2375.16	2386.70	2398.15	2413.95	2437.34	2459.68	2478.76	2491.59	2501.01	2511.52	2519.34	2522.16	2516.10	2501.37	2481.92	2460.49	2451.43	2453.40	2449.23	2430.74	2415.00	2410.83	2400.72	2392.99	2391.69	2384.08	2379.09	2379.03	2386.01	2389.92	2381.63	2377.64	2383.82	2389.09	2392.37	2396.95	2403.56	2407.40	2409.73	2410.58	2410.99	2415.03	2416.17	2420.38	2425.68	2430.36	2433.87	2433.01	2432.96	2438.28	2442.55	2451.32	2452.36	2446.49	2450.89	2454.77	2457.04	2451.14	2441.79	2444.86	2443.42	2433.31	2422.70	2412.33	2407.06	2394.91	2379.47	2361.84	2349.43	2327.77	2304.38	2254.06	2232.37	2230.68	2232.58	2233.17	2232.60	2224.15	2202.18	2172.11	2146.97	2124.56	2099.03	2077.99	2060.23	2048.44	2044.25	2041.49	2038.37	2028.13	2008.32	2002.10	1996.89	1986.94	1981.76	1981.11	1978.12	1973.56	1970.16	1964.43	1960.55	1954.23	1942.69	1943.00	1947.60	1946.20	1932.73	1920.95	1909.03	1893.20	1888.77	1887.75	1880.19	1872.18	1864.39	1855.97	1839.09	1817.69	1802.77	1786.58	1774.71	1757.29	1741.09	1723.46	1713.06	1706.15	1701.56	1699.82	1692.40	1687.75	1682.02	1669.45	1665.14	1660.45	1653.42	1641.90	1632.05	1628.23	1615.54	1600.96	1588.16	1580.73	1568.05	1557.41	1555.13	1551.71	1539.63	1526.94	1504.22	1485.64	1454.64	1429.94	1416.62	1393.55	1372.76	1361.48	1351.80	1340.57	1324.27	1309.40	1296.86	1279.43	1261.02	1243.21	1221.84	1200.56	1177.54	1153.86	1130.96	1105.02
1672.88	1690.80	1710.04	1714.59	1722.09	1728.66	1736.03	1743.65	1756.38	1768.11	1786.72	1810.31	1832.42	1830.72	1814.45	1797.79	1786.51	1770.39	1740.83	1718.68	1714.64	1720.41	1719.85	1712.17	1698.01	1691.34	1689.20	1681.79	1688.25	1641.14	1612.70	1606.59	1561.70	1543.29	1532.74	1529.34	1538.29	1545.40	1540.59	1535.15	1538.18	1518.19	1509.70	1503.39	1494.65	1492.08	1512.79	1528.72	1547.18	1556.66	1571.82	1581.72	1595.35	1609.23	1631.20	1688.31	1732.54	1743.24	1753.32	1779.70	1817.92	1839.23	1869.42	1907.29	1930.97	1961.99	2020.24	2055.73	2082.13	2102.24	2114.57	2128.05	2149.97	2170.40	2189.77	2209.11	2223.64	2243.76	2261.48	2277.96	2296.74	2312.90	2327.72	2339.47	2344.75	2358.24	2376.08	2388.74	2408.11	2429.26	2453.43	2471.11	2490.06	2503.48	2513.76	2523.65	2531.94	2534.90	2528.24	2516.64	2499.95	2479.56	2460.29	2456.26	2456.28	2437.09	2427.10	2424.22	2421.60	2414.99	2408.56	2403.01	2399.79	2398.98	2403.24	2411.80	2412.68	2405.28	2408.68	2413.94	2410.62	2411.10	2416.29	2417.82	2419.82	2421.10	2424.85	2429.97	2431.59	2434.83	2438.84	2443.37	2445.31	2448.80	2450.11	2453.95	2462.70	2469.13	2473.14	2477.19	2481.16	2480.15	2477.67	2467.12	2457.14	2456.88	2459.81	2455.68	2451.26	2442.50	2436.37	2425.55	2406.47	2385.70	2371.97	2351.91	2334.54	2308.28	2287.38	2267.36	2252.59	2243.32	2240.66	2229.53	2210.73	2185.09	2163.68	2145.41	2123.20	2095.94	2081.04	2071.72	2070.52	2061.10	2053.01	2039.89	2018.17	2016.42	2011.79	1999.28	1995.90	1996.76	1993.60	1988.00	1984.01	1978.31	1976.04	1972.93	1965.07	1960.45	1960.75	1959.32	1947.78	1937.39	1923.96	1901.56	1894.67	1895.01	1886.35	1877.70	1869.73	1864.41	1851.64	1826.72	1810.44	1795.32	1782.45	1769.52	1753.51	1736.98	1729.99	1720.31	1713.99	1710.17	1700.95	1695.42	1691.59	1683.29	1679.34	1677.49	1670.68	1652.64	1643.79	1634.43	1624.50	1614.09	1599.74	1592.14	1585.82	1571.11	1568.02	1558.99	1547.28	1535.22	1517.57	1502.53	1470.42	1449.28	1431.35	1405.29	1386.25	1373.98	1363.05	1350.97	1334.10	1318.05	1302.82	1286.34	1265.13	1243.25	1222.41	1199.89	1176.90	1150.49	1127.91	1102.01
1699.71	1717.95	1734.33	1745.04	1747.78	1754.50	1764.98	1774.69	1786.61	1794.71	1812.57	1841.72	1857.61	1860.59	1850.89	1834.81	1825.90	1820.10	1808.94	1789.11	1761.98	1761.59	1760.55	1753.25	1735.46	1709.20	1719.23	1713.89	1694.47	1678.11	1666.72	1664.60	1632.92	1629.64	1615.14	1587.39	1581.88	1585.70	1580.45	1581.76	1584.24	1557.07	1542.12	1535.68	1536.85	1537.47	1550.32	1560.30	1573.17	1581.57	1592.67	1610.69	1625.39	1649.92	1685.10	1726.38	1750.85	1768.65	1788.87	1817.72	1838.90	1853.83	1889.03	1927.25	1960.84	2005.00	2043.86	2075.42	2093.78	2105.49	2113.70	2128.10	2152.16	2174.59	2195.63	2217.61	2228.77	2251.15	2272.23	2285.82	2304.50	2319.84	2331.11	2341.51	2347.25	2354.24	2383.14	2412.65	2435.64	2453.24	2471.95	2484.80	2500.18	2512.81	2523.90	2533.99	2542.52	2544.65	2539.56	2530.06	2519.57	2503.30	2489.48	2468.35	2452.06	2442.37	2440.52	2434.22	2434.70	2428.39	2421.40	2419.62	2420.34	2421.99	2425.68	2435.27	2442.45	2439.74	2439.10	2434.90	2430.85	2431.89	2435.80	2437.16	2436.18	2434.97	2437.30	2441.86	2442.86	2444.84	2448.53	2454.38	2456.61	2462.20	2467.40	2470.66	2477.77	2483.81	2491.33	2502.06	2504.25	2503.65	2499.63	2491.67	2486.82	2483.82	2483.84	2480.41	2473.83	2465.18	2456.53	2447.36	2428.70	2409.99	2387.64	2364.55	2349.15	2327.35	2306.47	2289.24	2269.77	2248.03	2241.41	2231.05	2218.10	2198.52	2176.45	2158.39	2141.91	2125.89	2116.78	2106.15	2097.69	2074.26	2058.40	2048.36	2033.64	2028.59	2031.37	2024.00	2008.28	2004.64	2007.57	2005.31	1998.05	1991.95	1993.87	1994.39	1988.06	1981.81	1972.35	1966.93	1962.14	1959.48	1950.53	1923.41	1910.88	1909.60	1896.51	1884.59	1872.12	1873.17	1860.96	1827.30	1812.42	1805.49	1793.00	1784.23	1767.52	1748.54	1746.80	1740.83	1730.07	1723.91	1714.23	1701.97	1695.59	1694.69	1693.18	1690.44	1684.72	1674.13	1660.32	1638.48	1626.16	1619.19	1610.43	1600.07	1594.05	1582.05	1574.17	1567.80	1553.96	1536.51	1526.79	1509.72	1476.97	1459.89	1439.03	1412.11	1394.40	1383.58	1370.96	1357.80	1342.57	1328.39	1310.67	1288.86	1266.85	1243.76	1220.29	1196.28	1177.14	1149.00	1124.57	1098.46
1725.06	1744.08	1755.43	1764.05	1774.09	1781.40	1792.00	1803.89	1807.41	1806.49	1842.77	1876.55	1885.26	1890.92	1889.70	1884.56	1877.43	1865.76	1853.41	1843.23	1805.52	1790.08	1791.19	1783.30	1774.82	1762.81	1758.59	1753.73	1741.11	1722.53	1702.37	1699.67	1691.79	1682.82	1674.91	1656.85	1657.47	1662.65	1623.98	1613.65	1607.96	1591.00	1567.03	1564.20	1571.68	1577.53	1588.77	1593.81	1595.70	1595.52	1613.67	1631.92	1644.21	1724.47	1757.54	1775.39	1779.95	1784.40	1792.21	1833.99	1861.64	1889.64	1932.04	1972.49	2009.06	2039.34	2064.20	2091.17	2102.34	2108.44	2114.21	2128.00	2156.88	2181.80	2202.17	2228.97	2239.19	2261.72	2282.63	2297.12	2312.27	2327.30	2335.80	2348.38	2356.18	2362.21	2401.60	2434.32	2452.48	2468.39	2485.25	2495.15	2509.36	2520.73	2532.24	2540.88	2549.39	2554.07	2551.28	2541.59	2532.48	2523.36	2513.14	2503.19	2483.17	2466.04	2460.38	2446.72	2444.48	2446.10	2440.27	2436.49	2436.38	2440.89	2443.99	2450.40	2458.09	2460.01	2455.05	2449.96	2450.07	2454.08	2455.50	2456.70	2456.93	2460.18	2462.53	2459.45	2458.66	2460.30	2460.56	2464.16	2465.37	2466.79	2473.46	2481.14	2487.74	2495.15	2504.83	2515.11	2520.48	2521.17	2520.01	2517.20	2513.62	2512.45	2512.17	2507.43	2498.48	2488.99	2478.48	2468.75	2456.29	2433.83	2408.04	2379.07	2350.66	2327.15	2315.47	2306.11	2292.32	2272.62	2255.10	2236.15	2222.22	2205.93	2189.99	2173.41	2161.56	2154.48	2137.23	2123.22	2110.58	2088.76	2077.33	2068.88	2058.93	2048.76	2048.71	2044.24	2030.98	2022.68	2022.95	2017.99	2011.63	2008.61	2010.38	2012.05	2004.86	1997.06	1986.49	1979.38	1977.14	1981.19	1977.04	1955.66	1939.80	1937.80	1930.69	1914.91	1891.99	1882.39	1879.68	1859.20	1825.46	1823.16	1815.58	1805.87	1776.05	1759.56	1754.55	1750.05	1744.75	1746.16	1738.61	1729.07	1711.94	1703.35	1701.29	1699.60	1695.45	1686.36	1672.19	1647.80	1636.72	1630.13	1620.65	1607.59	1598.48	1588.46	1575.75	1565.71	1554.16	1540.29	1527.11	1508.82	1481.06	1466.23	1449.84	1421.27	1399.40	1387.78	1375.97	1362.96	1347.22	1334.06	1316.20	1286.69	1264.90	1244.18	1218.84	1194.55	1172.58	1148.44	1123.43	1095.86
1750.50	1765.58	1781.97	1795.75	1803.84	1807.18	1814.13	1824.39	1831.21	1855.98	1890.74	1904.77	1910.44	1913.06	1921.33	1924.88	1918.02	1896.71	1886.10	1879.01	1855.80	1810.58	1806.85	1811.38	1808.67	1801.40	1795.63	1777.69	1757.87	1753.74	1738.55	1747.61	1739.74	1721.01	1705.06	1704.28	1707.09	1702.14	1666.65	1651.28	1632.97	1606.04	1588.02	1587.58	1599.38	1600.27	1606.63	1619.66	1603.95	1636.52	1693.29	1708.53	1698.45	1762.26	1799.27	1812.20	1814.78	1826.22	1842.54	1877.12	1912.16	1951.51	1974.77	2006.10	2035.98	2057.11	2075.15	2096.24	2106.53	2112.68	2115.64	2126.68	2162.93	2193.82	2210.88	2236.43	2252.29	2272.25	2294.04	2309.21	2321.45	2333.07	2340.56	2353.78	2365.28	2375.26	2416.45	2447.39	2467.22	2481.35	2495.16	2503.74	2519.05	2531.04	2541.14	2548.23	2555.91	2561.19	2560.79	2553.41	2543.80	2537.74	2529.84	2520.11	2509.67	2493.35	2480.91	2471.92	2464.93	2465.78	2462.76	2456.61	2453.64	2454.08	2456.60	2461.85	2469.45	2472.60	2470.26	2467.08	2469.66	2473.17	2471.80	2471.75	2478.38	2482.77	2482.18	2479.82	2479.87	2480.60	2480.00	2479.19	2476.17	2475.69	2487.49	2494.45	2495.57	2502.88	2513.15	2521.71	2527.77	2531.40	2532.46	2532.32	2533.64	2533.18	2531.09	2526.44	2518.04	2511.79	2501.97	2487.01	2469.30	2457.64	2425.49	2400.33	2373.06	2344.27	2322.53	2312.89	2301.55	2284.43	2268.22	2244.65	2227.48	2216.18	2205.81	2192.00	2177.80	2162.34	2140.52	2127.06	2117.91	2108.70	2098.75	2084.44	2076.71	2067.46	2058.53	2056.18	2059.27	2058.90	2048.46	2039.72	2036.70	2031.31	2025.85	2026.47	2017.12	2006.22	1998.62	1993.38	1989.62	1992.69	1993.32	1977.21	1963.55	1959.57	1956.67	1948.97	1924.14	1918.71	1917.12	1910.04	1868.48	1856.22	1853.76	1847.43	1812.29	1775.55	1763.54	1763.81	1761.10	1763.01	1757.48	1751.32	1741.59	1724.86	1710.77	1707.92	1707.01	1695.96	1682.63	1664.89	1651.40	1649.25	1635.71	1627.20	1614.35	1598.74	1579.86	1565.05	1550.87	1538.41	1525.42	1509.40	1488.83	1470.50	1455.53	1429.74	1405.39	1390.57	1378.97	1366.12	1346.97	1333.32	1314.17	1287.80	1265.53	1244.59	1219.50	1195.63	1170.16	1146.80	1123.52	1092.47
1785.35	1797.52	1812.06	1821.12	1825.29	1833.90	1846.70	1853.06	1860.11	1892.23	1917.73	1927.03	1938.22	1941.55	1950.72	1954.82	1954.59	1934.71	1916.38	1904.69	1903.64	1854.38	1825.57	1826.05	1828.50	1825.23	1819.05	1798.97	1765.11	1779.85	1786.68	1791.80	1788.41	1772.98	1746.01	1734.70	1723.85	1718.57	1699.48	1675.77	1655.34	1634.23	1616.98	1614.42	1621.43	1622.84	1636.92	1655.37	1640.07	1687.80	1739.37	1752.76	1768.12	1803.32	1832.32	1835.87	1837.56	1849.70	1867.23	1925.38	1953.49	1980.69	2001.75	2027.94	2047.63	2063.21	2079.12	2099.12	2109.65	2113.07	2121.00	2141.22	2175.62	2204.22	2220.08	2247.79	2272.55	2284.12	2302.84	2319.33	2330.97	2336.53	2350.53	2371.35	2392.92	2408.59	2439.19	2462.27	2477.73	2489.26	2500.22	2510.91	2525.13	2536.35	2547.36	2556.00	2564.12	2568.68	2569.61	2564.38	2555.42	2549.39	2540.60	2529.22	2520.61	2506.77	2499.07	2496.01	2486.82	2479.58	2477.86	2476.36	2473.20	2470.32	2469.77	2473.88	2479.93	2482.65	2481.98	2480.99	2484.03	2485.80	2484.76	2485.69	2491.51	2493.73	2494.66	2496.31	2494.82	2495.75	2495.53	2493.24	2489.68	2493.71	2503.76	2505.22	2502.20	2508.98	2518.10	2528.43	2532.33	2535.41	2541.12	2546.30	2548.29	2547.68	2543.16	2538.62	2526.73	2517.97	2512.14	2499.33	2467.62	2464.86	2439.79	2417.41	2393.77	2369.05	2339.08	2322.83	2307.14	2291.13	2275.73	2253.69	2238.27	2224.95	2212.48	2200.81	2187.98	2173.47	2164.78	2144.42	2123.35	2118.92	2120.09	2108.68	2093.82	2078.88	2068.76	2073.85	2085.11	2082.26	2068.11	2063.46	2057.12	2045.07	2039.04	2039.40	2031.86	2018.66	2012.09	2006.57	1999.81	1996.41	1999.67	1995.33	1983.20	1977.12	1974.14	1974.61	1961.46	1957.89	1953.00	1941.65	1908.20	1883.76	1875.88	1865.35	1847.54	1812.82	1780.07	1779.45	1774.09	1769.53	1769.76	1768.33	1759.23	1741.74	1723.34	1720.12	1724.40	1714.40	1700.65	1689.51	1673.83	1666.72	1643.52	1635.56	1626.89	1613.58	1588.91	1567.55	1552.57	1539.52	1521.65	1505.39	1490.48	1472.41	1456.12	1433.66	1410.73	1394.29	1384.29	1366.09	1345.43	1330.51	1310.14	1287.89	1265.07	1242.96	1219.55	1192.41	1168.71	1146.53	1122.38	1092.03
1816.37	1828.97	1840.87	1849.71	1858.27	1870.52	1882.54	1888.20	1894.69	1910.99	1932.16	1952.00	1972.38	1985.01	1990.02	1995.25	2003.66	1982.15	1966.55	1954.94	1948.28	1931.96	1901.93	1863.62	1850.97	1844.58	1841.98	1830.65	1805.43	1804.02	1818.15	1820.93	1823.38	1834.36	1822.20	1787.16	1756.00	1730.01	1716.68	1701.40	1682.81	1663.67	1636.99	1636.44	1645.87	1658.75	1688.03	1703.60	1722.41	1763.28	1781.23	1791.40	1803.82	1816.96	1847.78	1858.44	1865.08	1874.97	1922.29	1961.68	1987.50	2009.55	2025.84	2044.16	2054.39	2068.23	2091.12	2108.87	2115.66	2123.67	2142.66	2162.38	2187.15	2210.29	2227.83	2255.73	2288.90	2303.29	2313.59	2336.90	2349.59	2358.23	2383.96	2404.41	2423.10	2440.93	2457.47	2472.78	2489.49	2500.56	2506.40	2521.72	2535.33	2541.47	2551.11	2563.69	2572.85	2578.86	2581.07	2576.03	2568.46	2563.80	2553.90	2545.48	2538.45	2528.34	2518.43	2512.30	2502.06	2495.62	2494.91	2493.86	2491.68	2486.45	2483.56	2485.84	2490.39	2492.67	2495.43	2499.31	2499.39	2501.75	2500.73	2499.44	2501.01	2504.82	2510.19	2515.80	2515.72	2514.44	2514.70	2514.37	2515.84	2526.87	2526.05	2522.18	2522.68	2522.86	2531.47	2539.89	2544.95	2548.12	2552.99	2557.61	2560.27	2558.97	2553.85	2547.73	2536.08	2523.68	2512.56	2498.68	2482.84	2465.26	2445.12	2419.75	2394.59	2370.30	2339.19	2325.75	2318.55	2303.36	2288.60	2272.16	2257.33	2233.12	2212.48	2207.85	2201.00	2190.68	2189.59	2179.49	2162.33	2144.29	2136.98	2132.30	2122.94	2122.82	2120.94	2114.19	2113.22	2104.49	2088.04	2077.93	2073.01	2069.69	2063.73	2060.38	2057.57	2039.54	2033.06	2028.84	2020.73	2008.09	2001.70	1998.78	1996.35	1996.41	1995.34	1996.66	1996.25	1992.73	1981.14	1965.44	1943.01	1916.62	1899.80	1891.46	1882.08	1859.74	1811.18	1799.23	1795.95	1793.49	1784.81	1784.02	1783.47	1769.60	1757.87	1756.28	1751.02	1744.65	1732.20	1721.09	1710.04	1689.35	1665.58	1649.97	1639.61	1629.68	1604.07	1576.12	1559.04	1542.90	1518.76	1499.83	1487.11	1473.37	1457.09	1435.09	1412.56	1397.59	1386.33	1362.45	1345.39	1326.54	1305.58	1285.97	1264.60	1242.34	1215.74	1186.56	1167.25	1146.52	1123.46	1098.30
1838.30	1850.85	1862.17	1874.22	1882.27	1891.12	1900.67	1910.33	1914.60	1925.73	1952.45	1977.68	1999.89	2013.89	2025.28	2041.09	2042.50	2019.03	2008.65	1990.97	1977.05	1967.59	1946.62	1907.42	1875.85	1863.99	1864.80	1875.26	1872.92	1847.11	1836.41	1842.28	1847.43	1846.66	1838.89	1818.45	1790.42	1752.32	1734.95	1723.37	1710.66	1684.43	1650.55	1649.50	1663.54	1674.28	1704.58	1724.40	1737.68	1771.77	1791.99	1797.30	1814.16	1831.74	1871.53	1902.80	1916.02	1926.25	1967.01	1989.93	2007.88	2018.19	2027.91	2051.74	2065.52	2079.86	2101.48	2113.02	2122.98	2136.42	2157.95	2174.81	2192.45	2208.94	2224.71	2256.70	2298.40	2317.40	2333.62	2357.20	2373.62	2392.73	2409.87	2425.41	2442.33	2456.88	2468.18	2480.07	2496.72	2509.91	2515.28	2527.62	2538.80	2545.32	2558.94	2572.24	2578.80	2584.48	2586.90	2581.60	2574.94	2573.12	2563.45	2553.62	2547.76	2541.55	2533.16	2525.87	2516.45	2509.50	2506.59	2504.12	2504.38	2501.16	2500.24	2500.75	2500.02	2499.97	2502.74	2506.87	2509.47	2510.68	2508.80	2507.36	2509.19	2514.57	2519.45	2524.72	2530.33	2532.71	2533.91	2535.59	2537.19	2541.68	2540.64	2538.37	2544.29	2547.71	2552.32	2552.49	2557.20	2563.18	2566.24	2568.93	2569.96	2566.14	2560.18	2552.79	2542.34	2535.66	2521.34	2501.90	2494.13	2477.53	2457.57	2437.82	2410.04	2386.77	2349.28	2320.58	2329.20	2322.19	2307.34	2290.24	2282.27	2257.57	2228.29	2220.61	2217.59	2208.52	2208.63	2207.00	2198.50	2180.19	2152.17	2147.65	2147.12	2158.28	2165.86	2153.00	2140.78	2134.49	2118.24	2102.11	2097.26	2093.96	2085.95	2080.46	2079.05	2061.32	2042.78	2039.15	2033.57	2027.11	2023.46	2014.24	2005.02	2004.89	2007.52	2009.18	2012.12	2008.03	1998.09	1982.60	1970.01	1945.29	1922.68	1911.58	1901.82	1881.03	1845.85	1823.55	1821.67	1819.95	1807.16	1797.68	1797.93	1786.29	1776.46	1771.89	1767.46	1763.14	1755.31	1737.50	1726.29	1705.69	1682.19	1668.10	1654.25	1636.20	1608.20	1585.99	1567.92	1541.72	1518.60	1504.17	1488.11	1472.55	1453.46	1431.92	1412.34	1399.03	1385.24	1367.22	1349.59	1326.30	1301.86	1282.59	1261.14	1239.74	1216.73	1193.10	1172.09	1152.06	1127.10	1098.03
1861.41	1876.43	1886.32	1897.84	1905.25	1911.03	1923.28	1930.86	1931.23	1956.77	1987.64	2004.07	2029.23	2037.36	2051.10	2069.74	2074.42	2055.39	2044.11	2032.03	2010.51	1996.59	1975.92	1956.52	1934.35	1912.61	1897.59	1898.69	1893.53	1876.47	1865.82	1866.14	1867.21	1855.38	1837.26	1819.30	1798.24	1780.73	1768.59	1750.58	1732.90	1712.06	1689.34	1683.57	1688.01	1688.47	1719.62	1743.95	1754.35	1784.00	1794.42	1805.31	1841.53	1880.89	1918.73	1937.11	1949.79	1970.11	1985.65	1997.49	2014.37	2025.49	2043.63	2069.61	2086.33	2099.24	2116.47	2120.84	2133.20	2148.55	2166.30	2181.33	2194.49	2206.64	2226.09	2269.70	2309.86	2331.89	2358.07	2382.71	2400.45	2418.30	2427.44	2442.09	2456.38	2466.61	2475.34	2482.20	2497.71	2513.09	2522.59	2530.83	2536.27	2549.43	2565.27	2576.89	2585.25	2590.11	2591.99	2590.98	2583.83	2578.09	2570.54	2560.84	2553.26	2548.31	2542.23	2538.77	2533.80	2529.79	2521.68	2515.15	2516.55	2520.48	2522.97	2522.44	2517.57	2505.87	2503.67	2512.20	2517.62	2518.54	2517.20	2519.72	2523.64	2527.96	2530.98	2537.44	2546.02	2549.40	2548.32	2549.47	2550.67	2550.21	2551.35	2551.47	2556.20	2563.98	2565.06	2565.94	2567.83	2571.55	2575.50	2577.12	2576.85	2572.17	2565.13	2555.85	2547.79	2542.98	2531.88	2515.02	2498.99	2482.36	2470.49	2461.66	2444.43	2427.42	2407.00	2369.95	2354.80	2340.09	2321.09	2310.30	2310.15	2299.43	2275.36	2248.01	2230.68	2226.80	2227.98	2226.05	2222.51	2218.86	2207.05	2190.99	2182.55	2189.47	2191.53	2183.73	2167.66	2159.30	2149.11	2135.62	2123.05	2110.92	2103.34	2098.13	2095.66	2085.54	2060.53	2042.65	2045.43	2044.49	2046.75	2040.61	2027.65	2017.06	2012.92	2013.89	2012.89	2010.07	2002.80	1991.40	1979.00	1961.49	1943.12	1930.12	1921.94	1902.00	1886.45	1857.46	1844.03	1835.84	1825.34	1815.98	1810.37	1804.01	1795.97	1786.55	1781.67	1778.97	1774.66	1753.43	1744.15	1718.34	1697.09	1680.82	1669.36	1647.21	1618.82	1601.96	1567.44	1544.61	1524.68	1506.38	1487.04	1470.52	1449.36	1429.10	1412.51	1403.57	1384.89	1366.02	1348.68	1328.18	1304.95	1284.22	1263.46	1241.36	1219.38	1198.23	1179.34	1154.12	1122.53	1091.41
1879.77	1898.47	1906.26	1917.69	1925.82	1930.87	1938.95	1939.75	1947.61	1995.56	2026.45	2036.45	2055.14	2061.86	2077.51	2098.10	2111.55	2103.90	2081.94	2051.61	2017.05	2014.85	1998.89	1986.53	1969.89	1946.69	1932.17	1927.69	1917.62	1906.17	1897.95	1885.18	1868.53	1860.88	1847.49	1826.89	1812.62	1806.49	1794.62	1780.24	1764.44	1756.44	1745.51	1725.53	1712.96	1731.37	1773.63	1795.11	1806.45	1804.71	1797.95	1830.71	1893.20	1928.95	1951.81	1964.08	1969.87	1979.38	1991.33	2005.81	2027.24	2042.08	2066.90	2084.51	2098.83	2114.85	2127.83	2134.22	2147.47	2157.65	2171.44	2185.32	2199.27	2211.86	2228.84	2274.99	2315.72	2340.61	2371.57	2398.62	2413.65	2428.87	2437.08	2446.29	2459.69	2469.72	2474.45	2481.91	2503.85	2519.93	2526.37	2531.04	2540.01	2559.64	2572.85	2580.53	2588.26	2593.23	2595.33	2594.10	2588.65	2581.82	2575.28	2564.19	2559.11	2558.31	2552.85	2549.43	2546.71	2543.01	2537.08	2532.64	2531.65	2535.18	2539.21	2538.43	2535.10	2526.41	2517.02	2516.30	2520.64	2527.64	2529.32	2531.51	2536.67	2540.10	2542.26	2547.68	2555.48	2560.34	2561.59	2562.93	2563.71	2563.74	2565.51	2566.64	2569.26	2574.66	2575.77	2577.95	2579.27	2582.76	2585.62	2584.98	2584.70	2580.28	2575.00	2565.25	2555.69	2546.39	2533.18	2522.19	2509.88	2496.12	2482.83	2482.97	2468.99	2453.24	2441.28	2417.63	2390.87	2366.94	2343.27	2339.92	2340.26	2330.35	2304.78	2275.83	2249.35	2242.88	2242.78	2242.04	2247.23	2244.76	2242.96	2235.87	2222.01	2218.99	2210.09	2196.64	2184.59	2175.29	2161.29	2146.28	2134.17	2125.26	2122.53	2115.37	2109.67	2111.36	2113.73	2085.95	2072.29	2064.24	2061.21	2057.05	2048.37	2036.07	2025.98	2019.03	2011.94	2011.63	2003.76	1995.88	1981.57	1969.89	1958.67	1946.36	1937.35	1920.47	1903.84	1883.38	1860.11	1847.06	1836.86	1826.58	1820.02	1815.92	1812.77	1801.81	1796.21	1793.08	1783.35	1766.63	1757.04	1735.90	1717.75	1698.46	1675.25	1644.36	1629.35	1615.15	1569.68	1558.03	1537.49	1502.20	1481.24	1465.92	1445.67	1427.58	1414.91	1405.33	1382.41	1365.42	1345.91	1327.58	1307.51	1282.80	1261.74	1243.29	1221.44	1199.76	1174.68	1144.32	1115.93	1085.69
1897.19	1912.79	1922.14	1932.11	1939.92	1944.94	1945.73	1942.38	1963.60	2029.56	2057.36	2063.28	2074.14	2082.77	2099.39	2118.53	2129.19	2117.55	2094.20	2066.33	2031.23	2028.96	2016.70	2002.08	1986.75	1967.73	1961.10	1953.62	1941.57	1929.25	1923.66	1903.86	1871.74	1866.89	1863.88	1844.08	1820.21	1815.07	1806.16	1796.91	1786.16	1777.88	1766.38	1753.39	1738.75	1757.55	1799.45	1817.81	1829.33	1825.43	1832.97	1872.04	1919.58	1953.14	1971.24	1982.87	1979.70	1985.31	2007.45	2033.35	2052.80	2061.57	2075.72	2089.91	2104.58	2126.32	2135.58	2145.26	2161.14	2168.11	2178.50	2188.24	2202.13	2219.37	2235.39	2285.03	2323.46	2347.70	2380.16	2410.34	2421.53	2433.76	2440.41	2446.69	2459.38	2470.81	2473.93	2492.95	2519.16	2530.63	2534.25	2538.55	2549.46	2567.55	2580.77	2586.33	2592.68	2597.32	2598.55	2596.44	2593.39	2588.18	2583.32	2571.92	2564.71	2565.54	2560.05	2558.50	2557.64	2551.45	2547.49	2544.57	2543.60	2544.66	2547.76	2547.04	2546.36	2548.90	2542.37	2537.08	2536.06	2534.07	2535.11	2539.78	2546.33	2546.81	2548.26	2552.09	2559.47	2566.24	2570.54	2573.54	2577.07	2576.03	2576.97	2578.57	2581.95	2585.26	2586.67	2586.85	2589.47	2593.71	2593.75	2591.11	2590.05	2586.49	2580.93	2570.77	2562.46	2552.97	2537.48	2527.20	2516.91	2504.67	2491.52	2490.02	2481.28	2465.62	2449.83	2428.16	2408.00	2388.97	2370.16	2360.28	2357.53	2342.81	2317.12	2302.86	2282.25	2261.37	2260.46	2258.78	2260.37	2260.13	2256.22	2250.77	2239.68	2231.26	2219.44	2202.78	2195.00	2187.47	2175.06	2158.53	2144.16	2136.24	2129.39	2123.55	2123.01	2125.37	2122.66	2105.32	2089.53	2077.97	2072.96	2067.01	2058.00	2045.10	2035.82	2030.20	2022.03	2016.60	2007.95	2002.29	1988.48	1975.48	1962.70	1953.80	1943.96	1928.72	1915.55	1898.68	1878.01	1865.25	1853.87	1840.02	1827.93	1820.16	1814.23	1806.80	1804.19	1799.10	1786.37	1774.30	1759.46	1742.01	1722.18	1706.59	1686.22	1650.06	1634.35	1618.29	1575.90	1561.38	1545.17	1507.84	1478.99	1457.31	1438.54	1426.36	1416.91	1402.13	1382.20	1365.85	1346.55	1328.40	1307.78	1283.21	1261.30	1242.18	1221.13	1196.71	1166.50	1136.89	1115.23	1081.73
1922.36	1934.04	1944.54	1950.78	1955.63	1955.27	1958.36	1974.43	2015.77	2074.46	2092.13	2101.46	2106.41	2116.80	2131.09	2145.79	2144.73	2120.92	2100.38	2082.95	2055.16	2047.16	2040.44	2029.30	2011.18	1991.62	1985.57	1979.86	1971.79	1962.67	1956.49	1936.93	1889.62	1884.47	1879.45	1868.49	1840.92	1826.83	1817.46	1815.13	1810.55	1799.64	1789.02	1782.75	1775.47	1788.04	1821.45	1830.95	1848.25	1867.44	1891.37	1920.33	1946.42	1973.36	1990.27	1994.49	1992.37	2009.13	2032.12	2053.18	2070.42	2080.43	2085.82	2093.43	2114.42	2133.57	2139.37	2156.12	2174.55	2181.11	2185.99	2196.16	2217.49	2250.10	2264.38	2299.33	2332.46	2363.38	2396.43	2421.53	2436.63	2442.05	2447.29	2455.89	2466.19	2480.59	2494.84	2513.33	2534.15	2542.79	2545.56	2548.89	2560.02	2574.99	2587.27	2592.72	2598.41	2601.76	2603.01	2602.14	2601.21	2598.87	2596.51	2587.43	2576.21	2573.20	2567.58	2566.91	2568.13	2562.70	2562.43	2559.68	2557.39	2552.71	2552.47	2553.66	2556.48	2561.03	2561.82	2563.17	2558.01	2549.34	2539.89	2546.55	2555.67	2552.84	2550.63	2551.95	2560.89	2569.59	2577.19	2583.45	2587.93	2586.66	2587.38	2588.87	2593.39	2595.62	2598.91	2598.50	2600.80	2603.53	2601.54	2598.70	2596.15	2593.49	2587.95	2577.74	2569.51	2562.19	2549.30	2536.12	2524.98	2510.51	2495.66	2489.69	2481.47	2467.26	2455.45	2441.46	2424.09	2410.62	2394.51	2379.03	2367.75	2343.58	2328.74	2322.44	2297.38	2273.44	2274.36	2269.07	2268.50	2270.51	2265.75	2259.84	2250.43	2237.03	2222.31	2212.05	2202.98	2194.03	2186.70	2175.40	2161.91	2151.05	2140.20	2134.61	2135.51	2133.89	2128.41	2117.62	2106.03	2096.74	2087.80	2078.10	2067.86	2058.90	2049.76	2045.78	2038.57	2028.19	2016.43	2013.97	2002.32	1989.47	1974.75	1956.81	1946.76	1937.01	1928.03	1916.19	1902.72	1891.54	1876.72	1862.93	1849.57	1837.79	1823.93	1814.13	1809.78	1803.85	1788.19	1775.41	1763.14	1742.97	1719.02	1705.16	1686.46	1658.78	1640.70	1615.53	1584.42	1563.88	1545.17	1512.59	1478.67	1451.80	1434.72	1425.91	1415.89	1398.04	1381.84	1364.07	1348.62	1328.26	1308.90	1286.05	1264.33	1242.95	1219.14	1190.79	1160.35	1136.58	1115.65	1083.30
1941.28	1953.23	1962.01	1971.62	1977.53	1978.82	1991.43	1998.07	2047.58	2095.82	2115.86	2127.85	2133.66	2144.17	2156.38	2166.26	2154.03	2128.04	2112.98	2095.65	2073.53	2062.22	2059.66	2054.82	2038.10	2013.10	1998.49	1998.90	1996.27	1986.81	1974.98	1956.93	1912.23	1900.92	1897.94	1901.29	1878.73	1858.70	1843.44	1830.26	1825.06	1814.52	1805.08	1802.62	1802.40	1808.03	1837.77	1865.15	1887.23	1902.36	1919.82	1942.51	1961.88	1980.28	1994.89	1999.89	2014.54	2029.55	2042.21	2059.84	2077.28	2095.17	2102.72	2116.04	2135.32	2145.40	2148.57	2165.52	2184.43	2187.69	2190.46	2208.36	2240.62	2278.38	2301.10	2318.69	2340.41	2382.32	2412.47	2429.31	2450.02	2451.29	2456.03	2470.49	2479.69	2493.66	2508.68	2518.81	2539.81	2550.98	2553.47	2555.39	2568.21	2581.28	2589.23	2594.93	2600.51	2603.95	2606.45	2606.97	2607.12	2606.16	2605.41	2601.49	2592.24	2584.72	2578.39	2574.15	2573.86	2573.09	2576.16	2575.40	2571.51	2561.88	2560.26	2563.05	2564.90	2570.99	2576.65	2576.94	2570.59	2569.78	2568.00	2569.56	2566.95	2567.77	2561.88	2565.19	2569.87	2572.89	2579.35	2589.44	2597.25	2600.45	2602.46	2603.27	2602.74	2605.06	2606.80	2607.51	2608.07	2608.41	2608.39	2606.44	2601.55	2596.67	2592.50	2586.16	2577.27	2570.44	2561.86	2548.89	2537.64	2524.93	2507.78	2496.01	2484.36	2470.70	2456.44	2446.27	2436.34	2428.34	2409.36	2394.20	2382.09	2361.18	2352.55	2348.22	2322.55	2293.11	2290.09	2292.49	2290.80	2285.35	2276.00	2263.79	2257.89	2252.64	2237.33	2224.26	2208.54	2194.83	2187.70	2183.52	2178.31	2176.19	2168.33	2155.65	2149.05	2144.71	2141.63	2129.98	2117.21	2109.41	2100.38	2091.60	2082.54	2073.73	2065.10	2054.66	2048.59	2041.31	2023.01	2023.19	2019.63	2014.10	1995.23	1958.69	1953.30	1950.80	1942.10	1933.55	1918.95	1909.34	1893.03	1874.62	1855.39	1845.74	1836.13	1825.08	1816.08	1811.05	1800.54	1786.52	1768.41	1753.47	1723.40	1700.85	1678.25	1655.19	1636.16	1600.54	1572.83	1558.48	1540.23	1511.03	1477.86	1454.55	1438.77	1428.25	1409.53	1394.09	1378.87	1360.57	1342.56	1324.17	1307.39	1287.16	1266.12	1244.28	1220.34	1194.85	1167.24	1144.76	1119.76	1090.09
1956.25	1971.12	1983.91	1995.44	2004.27	2014.59	2021.22	2014.16	2078.73	2111.70	2132.15	2142.53	2154.09	2161.99	2171.80	2177.40	2165.90	2147.15	2135.61	2113.79	2088.13	2077.42	2078.19	2073.18	2061.22	2035.99	2012.53	2010.07	2011.99	1999.96	1986.98	1971.97	1945.11	1927.17	1919.97	1914.02	1889.05	1876.52	1864.21	1852.14	1842.06	1834.33	1827.61	1825.01	1823.45	1826.31	1853.41	1885.90	1907.62	1919.33	1930.01	1952.18	1973.74	1991.67	2000.33	2009.98	2033.20	2046.13	2055.40	2077.78	2098.88	2119.04	2125.50	2140.36	2155.42	2161.68	2163.04	2180.27	2198.04	2199.15	2212.91	2244.91	2281.23	2299.85	2312.97	2323.86	2347.10	2389.22	2416.45	2433.18	2449.51	2453.04	2460.76	2473.51	2482.42	2497.03	2512.55	2528.28	2544.69	2556.22	2559.57	2563.05	2575.16	2582.89	2587.65	2593.24	2601.04	2606.13	2609.39	2610.61	2611.32	2611.40	2610.91	2609.95	2607.13	2601.07	2596.84	2594.57	2591.14	2588.30	2588.15	2589.08	2586.97	2589.57	2587.89	2579.56	2577.03	2581.08	2587.31	2588.39	2584.73	2585.44	2595.61	2596.64	2590.07	2593.55	2597.09	2600.69	2600.61	2594.47	2592.06	2600.04	2610.04	2617.15	2621.08	2620.03	2615.74	2616.75	2617.98	2617.81	2615.16	2612.65	2612.94	2612.05	2607.41	2601.10	2598.64	2596.34	2589.36	2583.90	2577.47	2567.73	2555.56	2539.61	2527.82	2512.29	2494.42	2486.90	2472.35	2459.15	2446.00	2432.77	2419.36	2411.59	2408.44	2396.57	2379.97	2371.20	2358.58	2334.54	2318.62	2310.95	2303.02	2293.46	2286.87	2279.00	2273.18	2272.04	2265.06	2250.51	2238.25	2222.91	2216.07	2201.82	2196.42	2197.26	2193.73	2174.53	2164.63	2160.54	2154.51	2147.69	2136.70	2127.13	2122.16	2113.19	2103.86	2088.85	2075.24	2062.08	2056.28	2057.11	2044.78	2038.75	2037.06	2034.78	2014.27	1976.86	1970.30	1967.03	1956.64	1944.69	1930.84	1921.22	1903.46	1885.74	1863.01	1849.00	1845.74	1837.84	1825.18	1813.99	1801.07	1789.47	1772.56	1752.70	1723.65	1709.26	1670.51	1644.29	1624.07	1590.40	1566.46	1551.37	1535.48	1506.72	1473.57	1455.43	1440.56	1429.83	1404.74	1390.93	1373.04	1355.03	1334.21	1318.39	1301.39	1280.57	1258.50	1240.56	1222.31	1201.32	1175.66	1149.91	1123.18	1093.48
1973.28	1995.57	2009.82	2017.65	2024.44	2034.88	2041.88	2050.99	2105.83	2121.14	2138.73	2150.99	2164.05	2170.78	2184.97	2189.48	2177.92	2164.16	2151.35	2135.42	2116.89	2098.33	2093.33	2088.88	2079.41	2062.81	2029.84	2013.50	2026.89	2007.65	1992.62	1975.98	1966.97	1957.00	1947.25	1932.34	1913.59	1902.13	1884.63	1875.83	1867.46	1870.00	1890.95	1882.10	1871.74	1863.97	1879.75	1899.68	1914.48	1920.09	1938.87	1967.72	1993.21	2005.93	2012.56	2028.35	2048.21	2061.29	2073.43	2100.80	2123.75	2135.87	2135.93	2140.18	2156.17	2164.09	2172.17	2197.87	2214.20	2228.74	2256.36	2275.08	2302.34	2316.16	2323.76	2331.67	2349.93	2389.47	2421.85	2441.24	2447.64	2452.50	2467.72	2476.59	2481.31	2493.66	2517.59	2533.57	2544.47	2555.34	2561.22	2566.87	2574.76	2580.49	2586.52	2594.45	2602.69	2608.31	2613.89	2616.92	2619.18	2620.93	2620.38	2621.23	2620.57	2617.06	2616.83	2617.13	2611.03	2603.66	2596.18	2595.33	2601.46	2609.48	2605.57	2593.42	2590.80	2592.32	2594.67	2598.32	2598.78	2597.35	2601.67	2605.78	2605.06	2608.01	2612.13	2617.54	2622.23	2622.06	2620.23	2619.13	2621.31	2625.94	2630.79	2631.35	2634.22	2634.91	2630.30	2630.59	2630.07	2624.97	2623.78	2622.36	2618.64	2612.12	2606.78	2604.02	2598.38	2594.04	2587.26	2577.91	2566.53	2553.34	2546.52	2534.80	2515.02	2504.67	2491.77	2478.89	2463.00	2443.61	2428.53	2422.67	2422.36	2412.35	2396.69	2387.65	2373.53	2350.55	2337.51	2325.02	2314.07	2309.43	2303.10	2290.50	2280.78	2282.80	2276.02	2268.70	2265.36	2259.74	2255.30	2239.11	2219.53	2208.76	2200.61	2183.81	2172.45	2167.30	2165.01	2165.81	2163.91	2153.51	2149.28	2140.01	2125.38	2107.09	2090.17	2079.47	2070.17	2069.86	2069.45	2056.10	2050.97	2047.93	2037.21	2010.87	1991.14	1983.15	1970.76	1955.09	1943.32	1932.65	1918.69	1910.62	1898.24	1868.27	1859.13	1852.85	1842.69	1829.77	1804.76	1788.73	1774.62	1753.22	1730.04	1717.66	1677.21	1642.52	1617.09	1593.67	1568.92	1546.66	1529.56	1506.54	1476.20	1456.15	1445.12	1426.14	1403.94	1387.22	1366.79	1348.63	1328.64	1312.26	1294.26	1269.01	1251.59	1243.17	1221.44	1199.16	1176.58	1151.91	1124.66	1095.91
1998.24	2019.00	2029.25	2033.86	2038.47	2045.57	2054.41	2079.54	2117.59	2136.66	2145.08	2163.39	2173.25	2182.00	2197.32	2199.32	2186.72	2174.78	2163.45	2148.60	2136.97	2126.25	2112.02	2105.63	2105.48	2095.35	2068.11	2035.36	2029.40	2019.45	2004.17	1991.27	1988.11	1980.42	1974.73	1964.15	1945.12	1932.91	1916.24	1903.06	1898.14	1921.21	1934.06	1930.66	1930.32	1917.32	1909.72	1924.46	1932.57	1935.29	1956.06	1983.43	2003.20	2010.09	2019.98	2038.03	2057.39	2068.36	2086.21	2111.64	2127.81	2135.56	2138.11	2143.03	2156.29	2167.88	2189.78	2217.34	2237.01	2263.77	2282.88	2295.64	2313.88	2327.42	2335.55	2343.88	2357.89	2396.55	2425.99	2445.82	2448.90	2453.97	2472.27	2482.27	2486.10	2498.93	2522.43	2536.85	2545.35	2553.67	2561.22	2566.34	2573.30	2580.94	2589.35	2597.30	2604.16	2609.77	2616.06	2621.20	2625.84	2629.58	2631.57	2631.33	2629.67	2629.53	2629.68	2627.00	2622.26	2615.82	2613.09	2612.43	2614.46	2615.93	2613.36	2604.76	2600.45	2599.24	2599.87	2605.58	2606.67	2608.66	2613.84	2617.41	2618.57	2622.87	2624.23	2625.33	2631.28	2633.18	2630.03	2636.11	2639.59	2636.50	2639.59	2640.59	2643.36	2642.28	2639.09	2638.06	2638.38	2634.60	2633.80	2631.52	2629.05	2624.50	2617.55	2612.52	2606.08	2598.53	2590.37	2581.62	2571.69	2562.08	2553.17	2541.76	2529.08	2514.75	2502.05	2491.68	2481.14	2467.10	2446.76	2432.63	2426.77	2417.69	2406.41	2394.86	2373.45	2351.81	2343.81	2335.54	2330.95	2327.51	2316.98	2302.01	2285.49	2282.95	2276.23	2271.19	2279.65	2277.64	2269.13	2253.59	2237.03	2226.91	2215.59	2206.00	2193.15	2180.64	2179.00	2180.08	2182.57	2173.70	2165.59	2158.89	2147.95	2133.84	2119.36	2105.72	2087.18	2076.98	2073.79	2067.68	2061.31	2053.11	2041.77	2021.23	2004.37	1992.10	1980.46	1966.29	1958.62	1945.07	1928.54	1927.97	1919.35	1892.56	1869.51	1858.96	1849.98	1836.04	1808.42	1791.44	1777.46	1758.89	1734.11	1717.35	1687.48	1647.07	1615.71	1590.06	1566.95	1538.92	1518.30	1498.89	1474.12	1455.25	1438.19	1418.56	1398.93	1379.53	1361.94	1342.88	1323.53	1303.98	1280.70	1258.74	1246.46	1236.14	1212.91	1190.61	1167.33	1144.89	1120.32	1093.62
2031.88	2044.50	2048.41	2048.30	2059.85	2071.07	2087.33	2114.05	2132.62	2148.53	2160.53	2177.19	2185.93	2195.58	2208.54	2207.10	2195.95	2182.45	2171.07	2160.63	2151.39	2142.80	2133.38	2124.87	2124.07	2116.80	2102.59	2087.48	2056.35	2029.62	2015.89	2009.06	2003.25	2000.26	1994.61	1984.82	1960.08	1939.08	1934.21	1925.20	1915.04	1940.70	1951.78	1956.94	1956.87	1946.78	1930.36	1930.98	1943.96	1958.16	1977.99	1996.87	2012.34	2019.57	2036.66	2045.66	2064.66	2082.49	2099.25	2120.34	2130.62	2139.41	2152.95	2164.36	2173.37	2190.43	2215.65	2236.92	2253.25	2272.69	2286.09	2298.16	2317.36	2334.98	2344.68	2355.48	2364.64	2398.71	2426.85	2437.68	2447.37	2460.20	2479.25	2485.61	2490.04	2508.00	2525.56	2534.62	2544.13	2552.68	2559.24	2564.71	2574.37	2582.28	2590.45	2597.57	2603.91	2610.59	2617.26	2622.95	2628.49	2633.08	2636.52	2636.38	2637.15	2641.19	2640.15	2635.78	2634.74	2633.53	2631.41	2630.36	2632.22	2629.04	2627.56	2628.16	2623.10	2616.17	2613.93	2614.01	2614.44	2618.06	2624.34	2627.89	2627.84	2632.56	2639.00	2640.40	2639.27	2640.25	2635.41	2641.77	2648.96	2644.81	2645.17	2646.05	2645.55	2646.21	2646.84	2643.82	2641.23	2640.61	2639.88	2637.98	2635.32	2629.38	2622.58	2616.92	2610.07	2602.07	2594.13	2586.46	2578.12	2569.77	2560.88	2549.23	2536.30	2521.58	2510.63	2499.28	2491.70	2480.41	2460.43	2444.10	2435.30	2423.42	2413.34	2404.05	2381.28	2355.37	2344.76	2340.20	2340.54	2338.88	2335.32	2331.89	2315.82	2306.02	2298.83	2287.43	2289.40	2285.83	2278.83	2263.91	2250.84	2242.90	2233.40	2228.43	2224.85	2211.16	2201.56	2197.41	2189.48	2182.80	2177.26	2172.23	2162.93	2149.17	2133.52	2121.81	2103.16	2086.08	2079.81	2075.83	2066.86	2053.98	2042.40	2029.55	2017.94	2003.54	1986.98	1975.48	1970.54	1958.76	1940.59	1934.20	1924.57	1907.12	1884.72	1866.81	1854.55	1838.49	1813.54	1794.78	1777.46	1760.17	1739.66	1724.39	1696.80	1650.30	1606.97	1573.64	1553.30	1531.15	1514.93	1496.80	1473.38	1452.07	1427.37	1409.75	1390.64	1371.79	1352.97	1336.30	1317.13	1294.70	1268.68	1249.12	1234.68	1219.75	1198.14	1178.02	1154.59	1132.29	1108.38	1081.38
2057.56	2065.92	2066.50	2063.86	2076.99	2095.54	2110.23	2135.61	2148.52	2157.60	2174.20	2187.14	2197.02	2205.22	2217.25	2217.11	2207.50	2194.87	2183.88	2172.88	2162.01	2158.23	2153.60	2148.01	2144.03	2140.61	2130.56	2118.71	2098.09	2074.28	2050.48	2040.22	2033.29	2020.63	2013.66	2000.88	1978.23	1958.82	1959.02	1945.56	1936.05	1959.18	1975.44	1978.55	1975.15	1962.93	1945.44	1960.65	1963.34	1971.50	1997.42	2016.64	2027.90	2037.50	2054.51	2063.28	2081.72	2099.96	2113.64	2128.87	2134.89	2146.81	2162.03	2178.40	2194.11	2211.14	2230.44	2248.55	2261.92	2277.38	2290.34	2306.95	2326.96	2344.10	2353.29	2366.74	2378.05	2403.35	2427.86	2435.42	2450.89	2468.52	2480.84	2484.49	2496.56	2511.38	2523.49	2533.17	2543.44	2551.32	2557.66	2563.39	2574.00	2582.71	2590.81	2598.68	2605.02	2613.38	2621.32	2627.41	2632.52	2637.53	2640.33	2640.63	2643.21	2646.16	2645.71	2643.69	2643.82	2644.77	2643.30	2642.26	2643.10	2640.66	2641.19	2645.63	2642.70	2638.77	2637.41	2631.48	2627.48	2630.93	2633.40	2636.54	2638.71	2641.06	2646.64	2651.36	2655.05	2656.39	2657.24	2656.09	2656.43	2657.64	2657.29	2660.74	2656.59	2650.87	2651.05	2647.01	2641.77	2641.23	2643.08	2643.28	2641.22	2636.35	2629.14	2621.97	2614.06	2605.35	2596.24	2593.09	2587.00	2578.90	2570.46	2559.96	2546.73	2531.90	2521.69	2509.38	2499.86	2494.03	2480.14	2463.42	2449.55	2440.19	2430.26	2420.23	2402.68	2381.25	2362.51	2353.68	2348.58	2350.89	2353.28	2353.53	2342.93	2334.05	2332.86	2326.68	2313.07	2302.38	2295.15	2278.99	2266.01	2257.65	2248.72	2244.73	2245.59	2234.18	2220.28	2211.45	2197.79	2187.61	2184.18	2178.06	2166.40	2150.22	2140.68	2132.07	2118.07	2101.29	2087.42	2080.41	2071.94	2060.65	2049.37	2038.80	2025.11	2013.13	1994.64	1981.04	1974.45	1964.53	1952.97	1949.09	1935.71	1918.53	1898.90	1874.84	1860.32	1844.73	1826.47	1801.13	1781.37	1765.78	1748.55	1730.95	1709.03	1644.00	1595.65	1569.18	1553.27	1532.70	1512.24	1488.57	1461.49	1446.56	1420.38	1399.35	1384.61	1364.50	1343.58	1325.25	1306.69	1283.16	1257.77	1242.96	1223.59	1202.45	1178.74	1159.83	1138.54	1115.15	1089.25	1062.28
2073.74	2082.35	2083.19	2081.36	2101.39	2119.69	2126.74	2158.93	2169.05	2172.69	2183.43	2194.84	2205.70	2213.73	2222.88	2222.83	2215.05	2205.07	2198.09	2191.41	2179.53	2171.64	2170.50	2169.22	2167.83	2165.16	2156.44	2148.83	2143.07	2136.17	2121.76	2105.83	2087.13	2054.95	2040.45	2031.07	2017.41	1999.47	1989.15	1965.35	1957.31	1978.69	1994.37	1997.39	1991.77	1978.33	1964.73	2011.77	2012.74	2018.90	2036.57	2046.57	2049.43	2057.36	2073.35	2085.98	2096.84	2114.21	2126.70	2133.46	2143.01	2153.52	2168.00	2191.24	2210.81	2222.47	2239.28	2253.36	2264.20	2278.80	2294.73	2313.62	2333.18	2349.06	2360.89	2378.25	2391.55	2409.50	2430.81	2443.64	2453.05	2466.10	2475.61	2483.53	2500.14	2512.68	2523.43	2530.81	2540.84	2550.66	2558.44	2566.15	2574.84	2582.38	2590.51	2599.55	2607.88	2618.04	2625.46	2631.31	2636.16	2641.15	2645.94	2649.05	2651.34	2650.53	2650.45	2649.31	2651.79	2653.87	2652.48	2650.39	2650.65	2650.44	2652.20	2655.75	2655.01	2654.94	2653.77	2652.33	2649.46	2649.40	2648.64	2647.36	2652.43	2654.49	2654.63	2657.87	2665.68	2669.30	2674.68	2676.34	2673.00	2674.71	2672.17	2674.34	2674.50	2666.14	2658.84	2657.25	2651.24	2644.24	2644.21	2645.41	2646.24	2643.09	2637.77	2631.65	2626.81	2619.62	2608.53	2599.07	2589.95	2580.79	2572.99	2565.70	2554.24	2542.77	2539.29	2533.42	2520.33	2512.49	2501.95	2488.62	2477.68	2467.50	2454.53	2440.48	2423.96	2412.08	2400.84	2391.18	2373.01	2361.19	2362.39	2363.14	2355.86	2352.79	2354.80	2348.81	2332.51	2323.87	2319.09	2301.65	2285.84	2274.03	2259.47	2257.14	2260.06	2251.61	2236.22	2231.46	2223.31	2209.21	2194.59	2188.75	2175.76	2154.05	2141.47	2135.59	2126.80	2112.83	2096.27	2085.86	2073.92	2064.66	2059.86	2049.74	2035.65	2027.51	2009.42	1992.05	1980.98	1972.39	1960.47	1953.54	1943.29	1925.13	1903.25	1879.02	1866.37	1852.17	1831.78	1803.55	1788.35	1776.75	1761.50	1737.88	1714.88	1631.32	1581.34	1576.75	1554.27	1529.07	1503.48	1468.58	1446.36	1436.52	1410.43	1381.85	1372.21	1354.00	1332.18	1308.88	1292.49	1271.63	1248.62	1232.44	1209.92	1183.45	1157.43	1139.02	1118.25	1091.96	1064.62	1037.38
2089.81	2094.83	2093.19	2095.78	2124.16	2140.34	2138.22	2168.46	2181.26	2185.73	2194.50	2204.54	2214.14	2221.18	2227.01	2225.20	2219.02	2210.58	2202.95	2198.28	2191.31	2184.75	2186.44	2183.88	2183.44	2182.58	2178.98	2174.58	2173.10	2173.93	2167.26	2139.15	2115.23	2090.94	2069.97	2057.14	2038.56	2019.30	2012.40	2017.37	2002.29	2006.30	2006.47	2008.92	2008.09	1998.08	2000.44	2034.55	2049.52	2055.22	2063.04	2066.74	2069.58	2079.16	2088.40	2097.47	2107.41	2119.98	2126.07	2132.45	2149.43	2161.19	2178.63	2205.14	2217.31	2231.07	2251.04	2261.19	2270.75	2286.72	2300.95	2316.29	2335.46	2351.95	2366.14	2384.47	2400.08	2416.61	2430.91	2443.96	2455.15	2465.14	2475.00	2487.02	2502.64	2514.14	2522.75	2529.07	2541.04	2551.10	2560.63	2570.08	2577.28	2583.86	2591.78	2599.69	2609.21	2620.70	2628.34	2635.13	2639.38	2645.05	2653.11	2655.53	2657.75	2657.98	2657.19	2656.62	2657.86	2657.26	2658.08	2660.73	2658.78	2658.51	2660.80	2663.60	2663.52	2663.15	2664.92	2669.85	2669.64	2668.35	2667.02	2661.27	2662.19	2663.70	2663.64	2666.71	2671.57	2674.84	2680.49	2689.01	2687.99	2685.89	2685.44	2684.53	2685.03	2684.96	2680.61	2682.32	2674.20	2661.24	2655.24	2652.70	2652.08	2648.18	2644.60	2639.92	2635.45	2629.84	2622.20	2612.97	2601.85	2592.66	2581.53	2577.59	2567.95	2552.13	2550.15	2546.93	2535.97	2524.62	2513.53	2502.57	2492.22	2479.74	2466.91	2452.80	2442.48	2434.75	2429.78	2414.22	2395.35	2386.39	2386.88	2385.11	2377.18	2367.02	2365.35	2357.96	2343.43	2336.14	2329.83	2316.13	2301.41	2288.68	2273.41	2268.58	2272.38	2267.52	2255.21	2248.14	2243.62	2228.00	2207.84	2198.04	2189.13	2169.09	2152.43	2139.71	2128.92	2117.99	2104.80	2095.51	2080.47	2068.62	2066.45	2058.08	2046.72	2038.97	2022.70	2006.08	1990.07	1981.66	1968.53	1954.81	1945.76	1928.91	1910.26	1890.05	1868.80	1851.39	1835.01	1806.62	1790.46	1781.99	1764.41	1735.27	1702.76	1645.76	1585.67	1570.71	1546.91	1523.11	1486.03	1447.27	1433.30	1421.24	1395.59	1367.43	1356.74	1340.43	1317.51	1294.53	1275.45	1254.57	1234.78	1215.38	1191.03	1161.08	1138.03	1118.60	1098.06	1072.63	1041.04	1012.72
2106.81	2108.30	2105.15	2122.17	2146.78	2157.95	2161.35	2183.96	2187.90	2194.70	2206.45	2213.11	2217.89	2224.35	2228.46	2226.84	2222.98	2219.29	2212.64	2203.36	2196.97	2192.68	2196.83	2200.55	2201.99	2199.95	2200.25	2198.65	2192.51	2200.09	2201.94	2172.91	2149.16	2126.29	2102.12	2087.05	2072.93	2049.13	2045.64	2065.61	2061.16	2051.19	2030.65	2019.41	2022.02	2018.09	2035.28	2043.63	2062.49	2072.82	2079.96	2082.08	2085.47	2093.53	2094.11	2100.83	2109.88	2118.87	2135.01	2150.15	2162.06	2175.29	2196.26	2220.34	2228.60	2240.53	2253.01	2261.48	2274.74	2290.43	2304.66	2320.26	2343.00	2362.07	2374.28	2390.41	2405.64	2419.16	2430.26	2444.46	2458.03	2467.24	2480.56	2493.33	2504.71	2514.12	2521.90	2529.27	2541.80	2553.31	2562.51	2572.68	2581.03	2586.96	2593.11	2598.66	2609.49	2623.34	2633.31	2639.26	2644.55	2652.11	2661.04	2663.05	2665.81	2667.51	2668.66	2668.02	2665.51	2663.16	2668.45	2670.91	2667.67	2667.00	2669.03	2671.91	2673.47	2674.41	2677.69	2683.44	2685.40	2686.88	2685.96	2680.19	2674.63	2673.96	2675.45	2681.51	2687.32	2685.94	2686.89	2692.97	2695.72	2696.11	2697.04	2695.53	2696.60	2699.91	2696.41	2696.70	2691.82	2680.41	2671.20	2664.01	2661.64	2657.86	2653.77	2650.68	2641.85	2634.37	2630.89	2624.28	2616.43	2609.18	2597.90	2593.99	2585.39	2566.99	2556.93	2553.30	2546.03	2536.12	2522.19	2509.83	2496.81	2487.96	2477.71	2460.62	2452.28	2447.95	2442.59	2428.96	2417.83	2413.70	2407.03	2401.92	2398.06	2389.38	2381.67	2371.30	2355.22	2346.08	2342.52	2333.32	2319.33	2306.07	2295.02	2287.81	2289.40	2289.64	2281.61	2268.86	2260.95	2250.36	2221.37	2205.87	2193.16	2177.74	2165.77	2151.57	2134.82	2128.33	2117.54	2108.16	2092.55	2079.47	2071.56	2059.98	2051.94	2043.22	2031.30	2017.23	1999.18	1984.14	1972.04	1954.56	1944.57	1933.48	1916.99	1900.85	1874.76	1860.34	1844.98	1814.82	1793.73	1785.06	1767.69	1735.96	1679.70	1628.85	1577.26	1569.95	1549.38	1498.74	1456.06	1431.92	1418.65	1403.96	1385.18	1362.26	1344.50	1324.63	1302.23	1277.61	1254.41	1233.60	1214.26	1190.37	1166.64	1140.21	1117.10	1097.69	1077.01	1049.65	1019.88	998.33
2117.20	2120.73	2131.10	2152.14	2174.34	2180.39	2180.82	2191.27	2196.30	2205.85	2218.12	2223.28	2228.51	2234.79	2234.05	2232.36	2233.17	2231.41	2227.04	2220.74	2217.18	2215.29	2211.83	2218.34	2221.75	2220.16	2224.30	2231.24	2227.66	2231.97	2233.36	2221.33	2200.96	2191.62	2161.30	2127.80	2107.06	2095.53	2089.87	2090.91	2081.81	2074.86	2071.53	2057.90	2044.63	2044.61	2061.37	2070.10	2080.99	2089.37	2092.10	2092.48	2093.80	2096.69	2097.90	2111.33	2123.64	2141.70	2167.44	2183.93	2193.85	2204.83	2216.96	2228.70	2236.41	2238.04	2241.08	2255.51	2279.14	2299.54	2309.19	2323.56	2347.10	2369.66	2384.58	2395.55	2410.19	2423.40	2435.60	2447.06	2463.15	2475.78	2487.06	2496.89	2506.49	2514.72	2522.94	2531.14	2543.42	2556.44	2564.49	2575.63	2584.34	2590.57	2595.67	2601.62	2612.14	2628.51	2638.41	2643.25	2650.65	2657.91	2665.58	2669.74	2673.57	2675.32	2676.76	2674.78	2672.36	2674.59	2679.67	2678.09	2673.10	2671.53	2675.06	2678.59	2681.95	2686.45	2691.32	2694.49	2695.88	2695.73	2696.02	2695.20	2691.64	2688.28	2690.31	2695.05	2698.99	2695.66	2696.71	2701.02	2701.31	2703.91	2706.13	2705.75	2705.27	2706.71	2706.04	2704.14	2700.48	2691.97	2683.36	2673.78	2670.57	2668.49	2664.06	2661.75	2654.91	2646.56	2639.86	2632.07	2623.50	2615.99	2606.07	2601.29	2593.27	2580.00	2569.70	2561.73	2554.63	2544.59	2530.51	2520.33	2509.35	2505.33	2498.41	2481.17	2462.66	2456.71	2452.06	2442.12	2436.98	2432.61	2428.26	2426.29	2420.10	2410.10	2403.48	2396.94	2377.95	2366.67	2365.83	2361.29	2352.92	2341.90	2323.93	2316.54	2316.80	2315.33	2307.81	2294.55	2285.14	2276.23	2245.29	2223.12	2201.24	2189.01	2178.70	2169.78	2152.98	2144.07	2132.93	2119.61	2104.13	2095.09	2085.12	2070.81	2060.91	2049.58	2036.30	2020.74	2008.27	1989.64	1971.52	1957.10	1946.91	1936.66	1922.47	1907.86	1882.53	1871.36	1858.88	1830.38	1798.59	1778.69	1757.71	1731.75	1680.89	1599.10	1558.76	1531.32	1508.04	1464.96	1439.20	1422.68	1407.05	1389.29	1373.18	1348.78	1328.52	1307.31	1283.84	1257.17	1230.43	1210.27	1188.78	1165.62	1141.74	1113.93	1089.44	1070.09	1048.98	1024.01	995.14	968.99
2123.59	2139.07	2156.00	2166.39	2184.61	2193.63	2194.30	2203.12	2210.88	2215.81	2224.24	2232.51	2238.96	2242.50	2244.38	2244.48	2242.48	2238.49	2238.94	2239.24	2233.87	2229.86	2226.30	2230.30	2235.16	2239.59	2247.85	2254.09	2262.41	2273.71	2275.78	2276.32	2265.53	2252.12	2225.70	2180.36	2150.19	2152.96	2135.52	2121.68	2106.70	2100.77	2101.17	2091.55	2069.45	2057.08	2069.83	2084.42	2098.30	2100.10	2099.55	2104.52	2106.79	2113.35	2131.23	2147.34	2157.95	2164.36	2181.59	2201.42	2215.42	2221.82	2224.31	2228.91	2233.29	2231.69	2245.85	2271.04	2296.31	2316.22	2324.51	2337.63	2361.30	2379.87	2392.18	2399.63	2413.41	2427.82	2442.76	2452.32	2468.84	2482.35	2490.84	2499.63	2507.73	2516.61	2526.37	2536.69	2548.06	2559.42	2567.63	2577.40	2587.40	2596.43	2600.63	2604.82	2616.56	2633.36	2643.28	2650.40	2657.11	2663.80	2669.81	2675.20	2678.46	2680.11	2682.72	2686.18	2687.03	2687.14	2688.12	2687.59	2684.86	2682.25	2683.52	2685.93	2689.52	2695.19	2701.13	2702.99	2703.90	2702.08	2703.28	2704.54	2702.25	2700.03	2700.97	2704.06	2706.57	2707.74	2712.34	2715.14	2714.62	2712.93	2711.42	2712.03	2710.83	2708.41	2706.95	2703.53	2704.21	2701.97	2697.37	2689.26	2681.28	2676.84	2672.64	2671.03	2664.45	2658.96	2653.86	2647.01	2638.53	2628.21	2618.14	2609.91	2602.67	2591.89	2581.85	2571.24	2562.53	2553.98	2541.01	2528.38	2520.21	2518.18	2507.39	2493.97	2479.34	2469.98	2466.57	2458.03	2452.19	2448.22	2449.18	2447.92	2437.43	2425.34	2421.83	2418.50	2401.33	2392.21	2388.53	2388.61	2380.93	2374.30	2356.78	2338.73	2334.57	2331.10	2324.30	2315.01	2304.93	2291.82	2270.56	2246.71	2219.67	2202.62	2192.12	2183.84	2169.00	2154.08	2139.97	2124.94	2111.65	2106.71	2096.90	2084.72	2073.83	2061.93	2046.84	2029.28	2020.61	2004.24	1976.20	1962.15	1954.69	1944.77	1934.02	1922.35	1901.63	1881.77	1870.59	1848.99	1812.12	1772.68	1746.86	1720.61	1675.10	1580.89	1534.38	1504.88	1476.67	1452.85	1433.36	1415.11	1396.11	1377.93	1358.28	1331.75	1311.80	1289.31	1261.01	1236.88	1213.04	1189.72	1166.36	1142.91	1117.80	1088.40	1061.12	1041.16	1019.84	992.13	960.77	937.78
2141.62	2160.43	2171.16	2178.44	2191.13	2200.55	2204.28	2213.08	2223.50	2227.83	2232.48	2237.10	2241.56	2249.03	2252.70	2251.66	2249.43	2250.67	2251.11	2248.92	2244.77	2241.19	2239.28	2242.62	2250.69	2258.70	2265.48	2272.03	2281.56	2296.41	2316.76	2322.85	2310.12	2290.43	2275.56	2228.50	2195.39	2181.41	2163.58	2143.60	2126.69	2119.81	2115.59	2103.43	2080.28	2058.41	2073.10	2080.65	2103.43	2105.87	2113.78	2128.05	2132.45	2140.65	2153.75	2165.20	2171.97	2180.95	2197.82	2216.38	2226.39	2223.55	2220.52	2229.79	2237.24	2240.12	2262.57	2292.33	2313.83	2329.34	2336.64	2352.61	2375.82	2389.73	2397.93	2405.20	2422.61	2436.22	2449.55	2458.28	2472.69	2485.89	2495.68	2501.42	2508.85	2522.43	2533.76	2542.78	2552.59	2562.28	2570.46	2580.94	2593.53	2603.68	2608.90	2612.67	2623.18	2637.28	2647.05	2655.57	2662.68	2668.84	2676.89	2684.97	2688.37	2690.49	2692.12	2693.35	2696.80	2697.06	2694.64	2696.29	2699.08	2699.48	2696.37	2696.27	2699.64	2702.33	2706.06	2707.63	2708.03	2708.06	2709.01	2710.19	2710.67	2714.56	2718.95	2718.25	2718.37	2720.37	2723.56	2724.76	2725.44	2723.59	2725.15	2726.53	2723.65	2718.72	2715.28	2709.86	2708.60	2712.64	2708.39	2700.71	2690.98	2683.98	2679.09	2676.15	2669.03	2664.74	2660.47	2655.03	2647.96	2637.47	2628.58	2620.00	2609.83	2600.05	2591.12	2581.29	2570.79	2563.23	2555.77	2540.98	2525.55	2524.21	2518.81	2509.06	2496.29	2481.23	2475.59	2471.20	2466.20	2461.69	2459.92	2457.07	2447.96	2439.55	2438.89	2440.01	2432.66	2422.64	2412.25	2408.61	2402.18	2396.16	2382.27	2363.34	2350.80	2341.03	2331.82	2321.67	2315.40	2305.21	2288.35	2274.46	2254.19	2220.36	2203.42	2191.85	2182.00	2170.01	2148.68	2127.93	2117.64	2114.40	2106.18	2096.09	2088.24	2080.22	2064.68	2045.55	2035.93	2015.17	1987.50	1975.90	1969.12	1959.88	1950.73	1937.03	1918.05	1894.22	1892.27	1869.53	1823.39	1766.78	1730.00	1700.23	1637.34	1554.97	1523.61	1500.55	1472.87	1448.49	1425.78	1405.38	1386.55	1364.64	1338.51	1317.47	1295.78	1270.04	1239.86	1217.47	1193.20	1169.07	1143.69	1116.03	1090.99	1060.95	1030.59	1007.26	984.72	953.43	924.94	910.25
2154.72	2170.18	2179.33	2187.57	2198.81	2207.85	2212.38	2219.92	2231.82	2238.12	2239.32	2243.08	2250.86	2255.29	2258.76	2259.28	2261.06	2265.09	2260.58	2255.93	2256.16	2255.31	2253.85	2257.70	2266.00	2273.47	2281.49	2291.62	2300.68	2313.24	2336.59	2340.88	2334.14	2319.05	2295.72	2242.32	2219.43	2189.76	2161.15	2148.51	2140.80	2134.53	2123.65	2110.04	2085.03	2068.71	2088.83	2083.52	2099.88	2115.36	2125.26	2138.61	2148.89	2159.18	2168.70	2175.95	2185.31	2199.57	2211.63	2221.30	2219.74	2222.59	2235.34	2245.71	2252.21	2251.24	2274.46	2306.09	2327.55	2339.75	2348.10	2361.47	2380.79	2394.56	2403.42	2414.64	2432.58	2443.75	2452.97	2465.56	2480.65	2493.18	2499.70	2502.84	2514.04	2531.17	2541.81	2548.57	2556.47	2564.91	2573.00	2584.88	2600.80	2610.87	2614.92	2617.82	2625.49	2639.32	2649.92	2659.10	2668.41	2676.11	2684.75	2692.07	2696.51	2700.19	2700.01	2699.71	2702.16	2704.89	2702.27	2703.21	2708.89	2711.55	2707.74	2705.90	2709.17	2710.93	2711.62	2715.37	2718.58	2719.54	2720.35	2722.68	2724.89	2730.97	2733.49	2731.57	2729.14	2730.04	2730.81	2732.40	2733.06	2731.10	2734.48	2736.23	2735.24	2733.38	2731.32	2727.88	2719.58	2717.56	2714.56	2707.08	2694.77	2684.92	2681.43	2679.74	2672.19	2667.52	2663.51	2657.90	2651.41	2642.41	2634.15	2625.94	2616.34	2607.51	2598.29	2589.49	2577.80	2568.47	2563.69	2551.22	2534.51	2528.60	2529.95	2524.22	2514.28	2503.34	2491.62	2480.95	2477.50	2475.69	2473.30	2468.23	2461.25	2451.09	2449.37	2454.39	2450.20	2444.45	2436.25	2425.66	2418.28	2411.60	2394.28	2376.04	2367.45	2359.00	2345.96	2330.13	2317.88	2303.73	2291.07	2281.20	2262.01	2234.96	2213.94	2199.88	2190.70	2183.67	2164.70	2142.88	2132.08	2126.31	2117.19	2107.37	2101.84	2095.92	2079.76	2064.12	2056.08	2025.65	2000.71	1990.87	1985.91	1977.95	1971.67	1972.63	1961.85	1922.82	1925.93	1921.23	1855.51	1759.95	1702.67	1679.26	1639.95	1567.78	1521.28	1501.74	1471.49	1443.15	1424.08	1402.31	1378.03	1351.20	1325.32	1303.35	1279.13	1251.55	1224.80	1200.99	1174.17	1149.09	1122.99	1098.95	1072.38	1036.13	1003.59	974.97	946.05	911.61	892.24	879.01
2159.69	2173.59	2182.93	2191.02	2201.27	2211.78	2218.45	2227.05	2238.66	2244.30	2244.71	2251.19	2260.09	2262.97	2264.85	2270.20	2276.82	2276.75	2269.29	2265.99	2264.68	2267.03	2272.11	2274.24	2277.13	2283.18	2291.44	2301.57	2311.61	2323.15	2338.95	2347.09	2343.69	2326.96	2297.70	2247.99	2230.08	2199.75	2169.36	2155.32	2147.39	2139.30	2129.43	2123.44	2107.56	2099.82	2112.70	2111.85	2114.72	2135.31	2134.14	2143.68	2155.02	2158.42	2167.39	2175.48	2188.13	2203.51	2212.93	2216.19	2217.47	2227.36	2241.15	2251.66	2261.76	2265.26	2290.62	2316.13	2334.37	2347.15	2358.06	2368.97	2385.63	2399.03	2409.87	2420.01	2435.87	2447.52	2458.45	2474.65	2489.68	2498.07	2502.42	2506.93	2520.32	2536.60	2547.37	2553.89	2560.28	2567.18	2575.03	2593.34	2607.47	2614.25	2615.01	2620.59	2628.80	2641.60	2653.94	2664.34	2675.28	2682.76	2690.09	2696.61	2700.63	2704.87	2705.40	2706.19	2707.99	2710.66	2711.03	2711.18	2714.90	2718.63	2717.03	2714.02	2714.96	2718.03	2720.65	2723.31	2726.39	2728.18	2729.07	2731.07	2733.62	2739.21	2740.96	2739.50	2737.71	2737.63	2735.11	2734.47	2736.31	2735.60	2737.71	2740.67	2742.78	2743.61	2742.89	2740.51	2732.48	2723.67	2721.57	2715.33	2704.21	2691.27	2685.72	2684.02	2675.81	2669.31	2664.98	2658.15	2652.12	2643.99	2637.45	2630.09	2621.02	2613.30	2603.85	2594.36	2586.21	2578.56	2575.47	2562.93	2550.13	2537.26	2531.02	2530.66	2526.13	2518.77	2509.41	2493.85	2487.45	2487.19	2488.82	2482.23	2472.20	2461.23	2457.84	2460.60	2461.39	2458.16	2450.69	2439.63	2431.47	2423.24	2408.22	2388.26	2375.74	2365.91	2353.47	2340.60	2326.47	2304.99	2288.01	2280.99	2259.05	2238.43	2219.86	2204.93	2195.83	2186.63	2172.26	2152.12	2138.47	2132.57	2125.38	2117.33	2112.17	2104.84	2088.84	2079.15	2071.36	2041.92	2013.54	1996.32	1992.33	1987.25	1984.61	1991.09	1984.61	1953.54	1951.08	1950.85	1875.27	1751.98	1676.32	1658.20	1641.97	1577.20	1521.82	1500.26	1465.94	1441.64	1426.13	1400.76	1370.67	1341.88	1314.98	1291.60	1267.17	1239.34	1213.37	1186.47	1159.76	1131.27	1099.32	1071.96	1048.00	1014.32	982.57	950.29	916.65	881.15	875.99	864.45
2167.15	2178.43	2185.19	2193.02	2203.36	2215.74	2225.82	2235.95	2246.05	2251.00	2253.41	2260.88	2268.92	2271.91	2276.13	2286.42	2291.91	2287.04	2282.71	2283.57	2280.60	2284.01	2294.41	2294.89	2293.39	2296.26	2299.72	2305.70	2314.82	2325.50	2338.32	2349.48	2345.37	2327.39	2297.56	2261.38	2236.14	2200.72	2179.09	2166.08	2153.49	2144.22	2142.48	2146.92	2141.79	2137.28	2152.31	2165.19	2163.34	2160.83	2157.59	2165.88	2170.69	2165.39	2169.34	2174.80	2184.89	2197.44	2211.43	2220.27	2229.21	2231.05	2239.91	2254.80	2271.66	2281.50	2305.30	2325.95	2342.58	2358.52	2370.98	2380.11	2391.44	2408.23	2419.18	2425.11	2440.77	2454.74	2470.06	2484.52	2497.89	2501.92	2507.20	2514.42	2525.94	2540.71	2552.14	2559.65	2565.38	2569.32	2578.02	2602.64	2615.57	2619.72	2623.95	2634.50	2640.21	2650.47	2663.23	2673.74	2683.70	2689.96	2695.57	2702.81	2708.52	2711.47	2712.41	2713.64	2716.56	2718.57	2721.15	2721.01	2721.71	2725.86	2727.24	2723.88	2721.25	2724.84	2729.68	2731.12	2733.39	2736.09	2737.72	2738.96	2741.75	2746.38	2748.46	2749.00	2751.08	2751.28	2743.87	2736.22	2737.42	2739.03	2740.55	2745.40	2749.76	2752.01	2751.61	2749.16	2744.29	2735.07	2730.26	2726.49	2720.43	2709.51	2700.40	2692.57	2683.26	2673.74	2667.92	2660.08	2654.79	2647.66	2640.29	2635.17	2627.14	2618.40	2611.38	2605.93	2601.85	2593.45	2585.79	2575.01	2566.87	2554.70	2536.86	2532.12	2532.32	2529.56	2524.16	2513.69	2507.96	2504.68	2504.99	2500.36	2491.55	2485.60	2479.89	2473.44	2470.55	2466.97	2462.33	2456.89	2447.52	2436.57	2419.57	2402.19	2384.41	2373.77	2359.30	2348.68	2335.55	2319.04	2298.58	2288.19	2259.35	2249.16	2229.63	2211.19	2201.74	2187.88	2174.74	2158.35	2146.72	2140.15	2134.16	2128.33	2122.72	2111.97	2097.01	2093.82	2087.20	2072.01	2045.19	2016.45	2005.07	2000.73	1993.40	1994.38	1987.18	1963.37	1930.51	1926.12	1869.87	1754.35	1667.12	1641.03	1627.18	1570.27	1529.94	1502.60	1461.78	1444.82	1422.76	1392.77	1364.04	1335.34	1302.70	1278.15	1251.15	1226.57	1199.61	1169.10	1140.67	1110.28	1077.78	1045.98	1016.42	984.74	949.59	909.53	869.66	842.31	832.01	825.06
2175.96	2182.91	2186.77	2196.61	2210.36	2224.43	2235.50	2243.09	2250.83	2256.62	2261.93	2269.70	2277.81	2279.97	2284.45	2297.28	2300.16	2297.94	2299.59	2301.19	2303.32	2306.62	2313.58	2311.74	2308.85	2309.38	2313.90	2316.14	2320.01	2333.38	2346.27	2351.61	2341.89	2324.98	2284.55	2262.87	2244.94	2210.48	2183.91	2174.66	2166.44	2157.12	2159.72	2162.04	2157.75	2160.24	2168.28	2175.09	2175.92	2176.58	2178.80	2184.71	2188.77	2183.50	2182.49	2190.65	2201.83	2199.28	2205.93	2223.17	2239.16	2243.58	2252.09	2270.02	2281.20	2287.47	2307.79	2333.27	2354.26	2370.15	2383.81	2393.47	2400.20	2420.14	2429.51	2436.21	2455.07	2469.39	2483.51	2495.34	2505.64	2508.16	2511.74	2517.05	2528.18	2545.66	2559.99	2565.95	2571.66	2576.61	2587.14	2606.89	2620.09	2627.36	2635.65	2645.04	2652.05	2662.70	2672.35	2679.93	2687.70	2695.08	2702.14	2710.85	2717.12	2717.55	2717.44	2720.70	2724.45	2724.82	2727.82	2730.53	2732.98	2734.06	2734.02	2730.87	2727.93	2730.58	2735.49	2739.32	2742.62	2744.35	2747.15	2748.45	2750.39	2753.29	2754.99	2757.97	2760.16	2757.25	2752.01	2749.67	2746.64	2747.26	2750.24	2751.90	2753.82	2755.46	2755.06	2754.35	2752.47	2747.23	2740.76	2736.93	2732.41	2722.93	2716.39	2707.03	2694.13	2682.11	2674.72	2668.06	2662.66	2655.40	2647.25	2644.67	2638.80	2629.65	2620.45	2616.48	2610.98	2602.26	2593.42	2584.82	2578.26	2570.38	2557.50	2542.43	2536.87	2538.00	2535.36	2528.59	2524.48	2520.51	2519.22	2514.95	2507.55	2502.57	2497.43	2490.87	2483.66	2479.44	2478.04	2474.54	2463.25	2449.12	2432.68	2416.38	2398.17	2390.52	2372.18	2358.78	2342.14	2329.42	2314.88	2298.36	2265.99	2260.20	2246.38	2222.43	2212.61	2201.62	2189.72	2169.47	2152.12	2145.72	2143.12	2138.41	2134.59	2125.11	2110.31	2105.49	2101.16	2090.97	2071.59	2053.80	2039.04	2032.79	2009.53	1987.19	1972.73	1957.64	1915.70	1893.78	1849.89	1756.12	1699.59	1644.03	1607.57	1575.29	1544.65	1516.63	1471.64	1444.20	1405.10	1378.05	1366.39	1333.39	1286.80	1260.33	1235.28	1210.37	1181.55	1152.08	1119.67	1085.99	1052.45	1023.57	991.25	956.18	914.57	863.69	814.38	795.78	768.92	733.57
2181.66	2186.32	2195.94	2211.35	2226.06	2234.90	2243.56	2250.07	2258.43	2265.72	2272.02	2277.96	2286.87	2290.26	2297.56	2309.98	2312.88	2313.74	2312.53	2309.39	2317.48	2327.22	2330.22	2327.17	2322.66	2321.85	2326.56	2329.54	2331.47	2342.16	2351.24	2349.93	2337.93	2320.82	2284.18	2265.76	2253.49	2231.00	2206.26	2193.11	2189.99	2176.80	2175.41	2173.77	2170.11	2173.32	2176.48	2180.49	2185.89	2192.34	2195.91	2192.99	2194.35	2198.38	2203.76	2214.76	2220.22	2217.54	2223.55	2237.79	2252.27	2257.41	2271.10	2291.37	2305.40	2315.39	2326.61	2344.47	2363.80	2381.03	2393.36	2401.72	2411.26	2431.07	2441.29	2450.98	2469.43	2480.97	2494.10	2504.05	2508.82	2510.89	2514.01	2517.48	2533.86	2555.01	2566.87	2574.83	2583.34	2588.60	2594.98	2609.44	2622.64	2631.78	2640.72	2648.99	2657.30	2666.47	2673.12	2680.55	2688.76	2699.54	2710.57	2718.23	2722.63	2721.21	2724.19	2729.74	2730.94	2734.29	2738.61	2740.59	2742.34	2739.50	2740.28	2739.76	2742.92	2746.45	2746.97	2747.87	2750.08	2752.75	2754.76	2754.32	2756.74	2761.27	2763.66	2763.09	2763.96	2762.43	2765.52	2768.60	2766.99	2765.84	2765.81	2762.12	2758.55	2757.57	2757.00	2758.90	2759.38	2756.78	2752.62	2746.31	2740.41	2730.39	2723.43	2716.60	2706.94	2693.38	2680.44	2674.34	2670.45	2663.94	2658.32	2654.10	2649.53	2642.97	2631.87	2622.15	2615.85	2609.39	2602.32	2596.38	2588.89	2580.40	2572.41	2561.03	2553.16	2546.16	2540.15	2538.62	2533.88	2528.54	2526.62	2524.94	2519.15	2511.53	2508.79	2504.27	2497.15	2493.10	2491.12	2485.85	2474.39	2461.39	2448.50	2433.99	2417.36	2405.59	2386.45	2376.68	2358.03	2339.27	2328.34	2309.92	2278.89	2269.24	2261.07	2237.09	2222.09	2214.43	2207.19	2192.59	2168.59	2157.66	2152.72	2147.97	2144.39	2133.40	2121.53	2116.50	2111.72	2106.65	2091.35	2071.56	2056.70	2036.18	2006.38	1973.81	1952.47	1927.66	1893.74	1870.64	1837.18	1783.71	1737.94	1647.36	1603.47	1577.47	1540.36	1513.76	1483.02	1448.73	1390.76	1366.65	1347.75	1309.15	1267.43	1244.02	1220.43	1193.21	1160.85	1130.19	1097.74	1062.49	1028.51	992.79	957.58	923.14	878.35	824.57	779.08	761.31	729.60	629.08
2186.73	2196.77	2213.72	2226.61	2237.57	2243.37	2251.22	2258.72	2269.52	2277.55	2284.24	2290.27	2299.58	2304.41	2316.84	2325.17	2327.12	2327.37	2327.80	2328.84	2333.62	2341.02	2342.43	2340.21	2336.06	2335.75	2339.12	2343.50	2348.51	2356.18	2360.87	2354.84	2339.79	2320.89	2291.49	2268.30	2256.99	2246.74	2237.38	2216.71	2217.64	2221.13	2216.27	2207.06	2193.56	2191.17	2185.98	2186.34	2192.76	2202.99	2211.59	2201.91	2197.20	2208.76	2224.53	2236.27	2241.20	2241.12	2244.07	2253.01	2266.49	2275.62	2289.19	2308.90	2327.42	2340.11	2350.04	2365.01	2376.32	2389.26	2400.51	2410.74	2423.24	2438.07	2450.30	2462.54	2477.59	2487.86	2500.16	2508.33	2512.50	2516.72	2520.18	2524.97	2548.03	2570.50	2579.21	2590.82	2596.94	2601.45	2606.65	2616.70	2626.95	2640.80	2652.85	2658.13	2662.21	2668.98	2672.63	2680.80	2692.99	2706.46	2717.86	2725.66	2730.35	2731.58	2736.87	2741.33	2744.87	2749.04	2748.00	2751.12	2751.28	2748.04	2747.65	2753.44	2759.64	2761.70	2761.20	2757.91	2757.56	2762.12	2761.62	2760.97	2766.98	2770.91	2771.99	2773.70	2775.07	2775.45	2778.88	2780.43	2780.72	2780.92	2777.41	2772.94	2767.62	2764.13	2760.94	2761.95	2764.12	2763.09	2759.92	2755.19	2749.85	2740.96	2730.70	2724.47	2718.25	2707.61	2692.31	2684.77	2681.29	2674.22	2667.95	2662.20	2655.88	2645.94	2639.14	2630.85	2622.66	2616.22	2608.91	2604.22	2600.71	2593.16	2584.45	2576.44	2570.88	2565.65	2554.87	2551.89	2549.82	2543.78	2541.16	2537.61	2532.36	2525.70	2521.37	2519.39	2516.78	2514.18	2509.03	2503.15	2491.73	2481.89	2470.47	2453.09	2438.47	2421.72	2404.21	2393.36	2376.02	2355.42	2346.92	2337.16	2302.54	2287.59	2283.40	2258.11	2232.26	2226.48	2222.68	2218.83	2197.31	2179.97	2172.26	2168.18	2163.20	2154.64	2140.11	2129.17	2125.07	2126.70	2115.65	2084.15	2059.70	2036.71	2008.34	1977.39	1942.49	1902.75	1867.53	1843.11	1820.28	1783.76	1718.41	1639.16	1615.20	1566.06	1531.81	1519.38	1477.47	1446.43	1396.33	1363.95	1331.33	1296.57	1258.09	1228.60	1198.97	1167.01	1136.08	1101.35	1071.11	1039.26	1008.27	970.05	933.28	895.02	836.19	773.72	743.94	725.09	644.99	554.50
2198.34	2211.25	2227.48	2237.61	2245.65	2250.04	2256.91	2267.36	2276.61	2284.93	2293.02	2300.57	2310.04	2317.43	2327.50	2332.64	2334.19	2334.45	2340.83	2347.10	2347.93	2347.73	2346.59	2344.81	2345.74	2348.22	2351.23	2357.20	2365.22	2370.70	2370.85	2366.31	2349.02	2327.78	2307.24	2276.98	2257.40	2248.75	2248.15	2236.66	2233.37	2239.51	2236.06	2232.07	2222.85	2215.11	2208.42	2206.69	2204.59	2209.97	2219.07	2215.73	2216.15	2223.30	2233.68	2243.64	2252.49	2256.45	2260.89	2268.51	2282.73	2294.65	2303.10	2318.28	2334.71	2346.28	2362.88	2378.41	2387.78	2399.69	2410.67	2421.67	2431.93	2443.81	2456.22	2473.11	2486.94	2494.14	2503.37	2514.44	2521.98	2524.42	2527.22	2538.92	2563.74	2583.18	2592.53	2602.18	2605.76	2612.42	2618.64	2629.56	2638.61	2649.21	2659.56	2665.76	2670.29	2676.66	2681.08	2691.97	2707.56	2716.44	2725.90	2733.56	2737.30	2741.37	2747.91	2751.80	2753.62	2754.72	2756.11	2758.76	2758.39	2759.40	2762.53	2770.19	2773.50	2772.36	2770.76	2766.55	2766.08	2769.26	2768.93	2772.55	2777.88	2779.45	2780.99	2784.23	2784.20	2784.92	2785.09	2784.91	2786.49	2786.32	2783.02	2779.89	2776.66	2773.28	2768.38	2765.80	2764.94	2765.30	2765.01	2762.14	2755.80	2748.31	2738.09	2729.21	2723.75	2714.06	2702.48	2691.14	2684.66	2678.71	2673.18	2667.88	2661.92	2654.40	2650.39	2642.79	2634.81	2629.27	2621.95	2614.00	2611.22	2608.07	2598.90	2589.62	2584.15	2580.72	2568.65	2560.53	2557.91	2555.67	2555.29	2552.32	2548.61	2545.20	2542.30	2537.30	2538.65	2537.45	2532.11	2528.98	2517.03	2506.10	2496.36	2472.63	2455.80	2437.26	2418.84	2404.75	2391.05	2372.17	2359.23	2347.57	2318.39	2305.78	2299.94	2285.23	2260.37	2255.12	2243.59	2235.46	2217.70	2198.77	2190.62	2187.32	2183.18	2179.55	2168.15	2152.72	2147.27	2142.93	2134.12	2114.25	2088.16	2055.22	2021.90	2004.38	1965.52	1895.52	1849.74	1817.69	1790.29	1765.40	1720.62	1648.64	1592.53	1544.16	1536.97	1515.32	1471.79	1442.20	1400.30	1362.66	1314.96	1284.21	1244.98	1213.30	1179.54	1150.74	1118.23	1082.87	1053.40	1020.02	987.93	951.73	915.61	877.07	802.93	734.04	718.43	680.30	576.25	472.63
2209.40	2220.31	2235.51	2244.13	2249.42	2253.10	2264.01	2276.28	2282.22	2292.22	2300.72	2308.43	2316.49	2324.89	2332.49	2336.99	2340.00	2341.80	2351.30	2359.88	2364.51	2362.18	2361.54	2359.99	2356.77	2360.33	2361.77	2366.43	2374.98	2383.84	2383.33	2378.57	2363.43	2334.44	2315.75	2292.00	2268.02	2261.26	2262.49	2253.65	2242.32	2241.03	2238.89	2239.38	2238.81	2230.66	2224.59	2224.57	2230.48	2239.18	2238.19	2235.70	2236.58	2239.75	2245.52	2251.14	2257.02	2265.29	2273.30	2284.19	2296.88	2309.80	2321.86	2334.26	2348.67	2360.45	2374.73	2387.83	2398.83	2411.32	2423.50	2431.44	2440.12	2453.53	2465.82	2481.90	2491.81	2500.80	2511.85	2522.82	2530.47	2533.50	2541.27	2557.00	2574.14	2589.75	2598.64	2603.76	2609.45	2618.74	2625.98	2633.20	2640.31	2647.57	2657.12	2667.37	2674.58	2685.89	2695.32	2704.70	2716.69	2724.88	2733.59	2741.16	2743.35	2748.99	2755.99	2761.39	2764.12	2767.99	2770.65	2771.07	2773.48	2773.67	2775.91	2780.35	2783.55	2781.18	2778.03	2778.46	2781.35	2779.58	2779.12	2784.28	2787.11	2786.27	2787.56	2790.90	2790.56	2790.87	2790.01	2789.51	2791.28	2792.24	2790.15	2787.76	2785.73	2783.06	2778.82	2774.74	2770.56	2768.04	2768.36	2766.04	2760.49	2754.88	2744.78	2734.24	2730.08	2722.53	2712.82	2699.08	2687.54	2681.89	2678.98	2676.45	2669.10	2662.37	2660.67	2654.58	2646.14	2637.82	2629.79	2622.18	2620.85	2617.95	2609.21	2601.25	2595.50	2590.08	2581.97	2571.74	2563.39	2561.49	2563.05	2560.65	2558.49	2558.40	2558.93	2555.73	2554.88	2554.03	2549.48	2544.72	2534.66	2526.29	2519.24	2501.99	2482.38	2463.24	2439.72	2414.65	2408.26	2397.08	2378.34	2359.40	2333.32	2320.59	2310.28	2302.87	2286.50	2282.50	2270.97	2249.28	2234.79	2218.05	2204.83	2199.95	2197.34	2195.33	2189.40	2177.94	2174.16	2170.52	2157.02	2131.61	2099.26	2074.73	2043.10	2056.45	2024.26	1892.55	1837.41	1806.35	1762.92	1729.62	1684.97	1624.30	1552.44	1546.42	1546.48	1490.80	1456.38	1432.47	1403.91	1363.47	1313.61	1261.84	1217.21	1186.03	1155.91	1132.37	1098.47	1065.87	1033.47	998.28	968.01	933.59	891.39	846.73	770.36	692.74	684.77	619.64	482.41	384.95
2219.05	2229.93	2242.53	2248.14	2249.81	2255.39	2268.32	2281.68	2288.71	2299.56	2308.01	2314.87	2319.45	2327.63	2336.88	2343.41	2349.45	2353.89	2364.16	2372.90	2381.39	2381.91	2382.29	2380.94	2370.70	2368.86	2370.74	2375.09	2381.47	2388.37	2387.88	2381.15	2368.47	2344.29	2326.22	2310.64	2284.96	2276.43	2276.34	2267.26	2252.00	2246.57	2251.18	2254.96	2252.85	2249.10	2243.68	2243.95	2253.06	2259.01	2251.56	2249.05	2250.74	2253.09	2256.57	2258.75	2262.77	2271.07	2281.00	2297.81	2306.77	2321.18	2339.61	2352.45	2368.27	2380.14	2389.56	2398.69	2408.86	2421.92	2433.94	2442.66	2452.75	2465.67	2473.83	2486.68	2497.63	2508.19	2518.19	2528.56	2538.88	2547.80	2559.28	2571.85	2581.75	2594.64	2602.89	2605.52	2613.03	2623.79	2631.51	2635.13	2641.40	2647.14	2655.06	2671.44	2683.74	2697.92	2705.87	2711.57	2720.36	2730.70	2741.76	2749.56	2752.68	2759.80	2766.89	2772.68	2776.16	2782.30	2783.88	2783.30	2785.98	2784.46	2784.45	2784.42	2786.24	2784.33	2783.97	2787.14	2789.22	2787.79	2789.32	2793.44	2794.71	2793.41	2792.50	2795.83	2797.30	2797.14	2797.71	2798.46	2797.75	2798.01	2798.31	2796.54	2796.03	2791.68	2784.63	2779.15	2775.30	2771.20	2770.37	2769.68	2765.69	2762.00	2753.51	2742.20	2735.18	2730.48	2722.76	2713.95	2706.55	2700.11	2693.69	2688.97	2680.60	2671.26	2668.55	2664.65	2658.68	2650.70	2641.69	2631.99	2627.09	2623.21	2616.99	2611.52	2608.07	2600.68	2594.80	2592.87	2584.85	2574.37	2571.47	2573.55	2572.07	2571.15	2572.91	2572.98	2569.94	2568.34	2567.40	2561.47	2550.99	2545.55	2539.52	2526.07	2505.18	2488.00	2467.41	2451.25	2442.62	2425.07	2406.45	2385.56	2357.52	2345.42	2333.59	2319.90	2309.82	2302.01	2294.22	2281.70	2261.51	2240.56	2224.43	2214.57	2209.00	2204.23	2200.68	2193.82	2190.03	2192.47	2185.52	2160.23	2114.91	2091.28	2074.93	2097.29	2038.11	1883.57	1838.58	1798.93	1734.62	1694.26	1630.23	1598.37	1563.94	1538.85	1507.24	1447.22	1422.53	1403.79	1376.21	1327.62	1285.86	1241.15	1211.79	1181.27	1140.42	1098.71	1063.32	1040.77	1003.65	968.83	945.76	909.54	867.65	819.52	739.03	666.27	647.01	562.23	416.58	347.44
2232.13	2242.15	2252.54	2255.49	2255.97	2264.20	2277.78	2289.28	2295.32	2304.04	2313.12	2320.98	2324.03	2332.86	2342.11	2347.91	2356.17	2364.49	2373.98	2382.02	2390.29	2393.70	2394.36	2392.55	2384.77	2382.65	2381.72	2382.89	2386.36	2389.80	2386.87	2377.93	2362.39	2344.65	2332.91	2323.01	2300.96	2288.31	2286.25	2279.41	2269.39	2269.22	2274.46	2266.85	2258.97	2263.94	2264.88	2266.24	2272.45	2271.01	2261.10	2260.98	2266.56	2270.60	2269.78	2272.39	2284.08	2294.10	2293.22	2307.01	2318.54	2334.32	2349.11	2364.09	2379.19	2392.21	2401.74	2411.28	2422.70	2436.32	2447.00	2454.43	2464.81	2475.30	2480.82	2492.87	2506.24	2515.95	2522.05	2538.20	2553.46	2561.34	2569.78	2578.98	2587.56	2596.29	2604.34	2609.76	2620.13	2632.68	2639.57	2642.18	2648.26	2655.77	2663.74	2680.27	2694.78	2704.32	2712.62	2716.99	2724.10	2734.55	2744.47	2752.78	2759.97	2767.60	2773.92	2779.19	2783.30	2788.13	2789.20	2790.23	2791.45	2790.93	2790.31	2791.53	2795.03	2793.88	2797.52	2798.92	2799.99	2797.91	2798.51	2801.09	2802.43	2802.76	2801.66	2802.74	2803.52	2804.02	2803.86	2803.81	2802.45	2802.33	2803.47	2803.60	2802.36	2796.61	2790.83	2785.40	2782.36	2777.85	2773.88	2774.18	2771.58	2767.06	2760.34	2751.96	2743.94	2740.03	2733.24	2727.42	2721.60	2714.35	2705.49	2697.74	2690.65	2680.83	2677.14	2673.61	2669.03	2661.37	2653.56	2643.71	2635.27	2630.23	2625.93	2621.57	2616.89	2609.15	2604.05	2606.45	2602.68	2593.84	2583.74	2581.57	2580.61	2581.62	2583.50	2584.89	2582.90	2581.37	2578.73	2573.48	2564.58	2560.46	2557.47	2546.12	2523.72	2501.18	2487.68	2476.20	2461.35	2446.27	2431.82	2404.98	2378.35	2367.96	2358.75	2345.13	2326.80	2314.76	2312.65	2303.51	2276.10	2254.10	2240.78	2229.57	2219.82	2204.98	2195.94	2191.45	2189.19	2192.88	2194.35	2171.76	2118.81	2093.36	2082.69	2093.90	1993.91	1875.09	1858.78	1818.05	1723.66	1678.84	1614.47	1584.46	1565.72	1496.48	1459.49	1421.71	1399.01	1366.11	1330.16	1292.06	1259.43	1233.85	1209.26	1187.10	1138.34	1072.27	1042.42	1016.50	981.14	947.27	918.95	880.81	834.33	778.62	698.89	649.80	642.01	566.79	415.56	335.09
2242.86	2251.44	2258.81	2261.65	2263.08	2276.09	2290.17	2296.20	2304.12	2313.15	2322.29	2330.01	2331.91	2341.44	2351.31	2353.64	2359.93	2367.17	2376.89	2387.21	2394.93	2399.92	2402.52	2401.59	2397.70	2396.02	2392.78	2392.02	2398.83	2399.78	2392.26	2381.43	2363.80	2345.13	2337.51	2327.48	2310.26	2300.81	2299.28	2299.48	2295.12	2293.39	2291.33	2277.82	2267.64	2273.69	2282.12	2289.41	2289.90	2287.63	2285.58	2284.01	2288.07	2289.69	2291.34	2298.16	2311.83	2319.94	2319.95	2323.36	2340.45	2354.30	2364.30	2379.21	2388.64	2401.80	2413.73	2428.00	2438.94	2449.38	2459.07	2464.28	2472.32	2483.90	2496.22	2508.51	2520.38	2529.30	2535.75	2554.18	2566.59	2572.16	2580.24	2588.18	2595.70	2602.83	2610.17	2618.52	2632.34	2643.11	2649.19	2651.41	2655.42	2661.93	2671.58	2687.26	2700.89	2711.20	2719.86	2723.34	2727.62	2737.85	2745.66	2752.83	2760.65	2767.78	2774.51	2780.61	2784.91	2789.30	2792.26	2794.93	2795.32	2795.69	2800.00	2806.24	2807.82	2808.45	2811.87	2812.05	2811.68	2809.41	2807.09	2806.45	2807.48	2809.22	2810.38	2810.62	2810.56	2810.20	2809.13	2807.51	2807.00	2806.95	2805.99	2806.02	2806.30	2803.68	2800.47	2795.17	2789.59	2785.74	2781.81	2778.72	2777.78	2773.76	2766.94	2760.83	2753.93	2749.19	2740.99	2733.77	2728.52	2721.98	2714.36	2706.01	2701.52	2692.06	2685.39	2681.45	2676.60	2670.02	2662.14	2653.79	2647.23	2641.08	2634.12	2629.30	2626.68	2622.07	2615.60	2614.30	2614.00	2612.35	2607.00	2598.69	2594.66	2593.28	2592.13	2592.42	2593.74	2593.80	2590.03	2585.12	2576.46	2572.16	2570.57	2559.71	2542.09	2519.87	2507.92	2493.64	2475.66	2464.46	2449.11	2419.43	2396.22	2384.34	2376.97	2364.24	2347.72	2332.28	2328.32	2318.03	2294.57	2272.07	2261.47	2247.91	2229.96	2208.27	2188.80	2177.76	2165.37	2171.26	2163.14	2127.63	2088.61	2066.92	2055.92	2044.64	1936.04	1867.25	1849.72	1793.01	1707.04	1650.29	1613.59	1586.26	1559.20	1491.31	1452.07	1414.49	1390.52	1349.77	1305.49	1278.09	1246.52	1221.75	1189.10	1153.08	1113.96	1055.08	1018.98	987.84	957.90	923.85	884.38	847.30	797.82	737.93	675.88	641.39	646.85	585.34	416.05	293.23
2248.06	2255.43	2262.57	2265.49	2269.58	2284.11	2297.26	2302.52	2314.76	2323.23	2332.48	2337.64	2341.46	2352.72	2362.01	2364.12	2367.86	2373.14	2382.43	2395.07	2402.78	2405.14	2405.51	2405.76	2405.28	2404.99	2404.45	2403.87	2408.92	2411.70	2404.64	2391.14	2372.29	2353.21	2342.14	2329.07	2314.49	2314.76	2314.15	2316.41	2313.75	2311.86	2306.88	2304.96	2296.37	2291.80	2298.16	2307.21	2307.95	2304.99	2307.69	2306.39	2308.69	2318.69	2320.78	2321.23	2331.85	2341.58	2351.01	2361.88	2382.11	2379.72	2389.87	2404.87	2412.81	2423.24	2429.92	2439.10	2449.07	2459.64	2469.59	2476.29	2483.68	2498.43	2514.10	2526.97	2537.33	2545.90	2556.47	2567.55	2576.10	2578.66	2587.37	2593.74	2599.05	2607.36	2614.85	2625.25	2640.61	2648.98	2656.33	2659.57	2662.78	2671.16	2682.28	2693.91	2705.44	2716.89	2725.28	2729.97	2732.96	2742.73	2747.98	2751.68	2758.06	2767.84	2776.55	2781.59	2787.08	2790.39	2792.89	2797.43	2801.04	2806.49	2812.67	2816.27	2816.59	2818.68	2819.48	2819.06	2818.53	2815.86	2814.15	2813.07	2813.20	2815.31	2819.05	2819.45	2818.89	2818.09	2816.59	2814.20	2813.82	2812.63	2810.11	2809.03	2809.42	2810.22	2806.68	2802.15	2796.72	2791.47	2787.64	2783.50	2781.73	2777.31	2770.79	2764.76	2758.55	2751.41	2741.30	2733.22	2728.93	2725.80	2721.20	2712.23	2705.77	2698.63	2691.65	2689.11	2682.07	2674.29	2667.31	2660.44	2653.31	2646.78	2640.23	2635.50	2636.13	2633.14	2628.94	2626.51	2626.16	2627.30	2626.22	2620.99	2617.03	2611.28	2605.87	2602.26	2603.64	2603.94	2601.83	2601.35	2592.11	2584.32	2583.93	2575.04	2560.21	2540.82	2524.30	2506.16	2490.70	2479.55	2469.08	2443.75	2418.52	2398.28	2389.86	2380.53	2371.69	2356.83	2346.66	2336.40	2313.61	2284.70	2269.33	2255.71	2234.09	2209.61	2176.55	2158.35	2149.13	2131.70	2118.16	2094.39	2055.48	2035.14	2022.32	1980.68	1889.17	1848.54	1823.68	1757.98	1704.05	1637.26	1610.54	1574.42	1536.62	1493.57	1444.62	1387.99	1358.62	1332.30	1292.96	1263.93	1233.19	1204.23	1171.22	1130.74	1076.59	1032.24	1000.50	969.47	938.22	904.91	866.99	828.38	790.23	725.55	648.69	602.83	601.73	541.01	377.46	200.95
2252.10	2259.87	2268.28	2272.31	2275.11	2285.77	2302.01	2312.34	2325.86	2329.93	2337.93	2346.67	2355.80	2364.19	2370.64	2374.80	2380.50	2389.65	2398.70	2409.41	2415.05	2415.04	2409.71	2409.45	2413.82	2417.45	2421.35	2420.24	2419.62	2417.97	2407.57	2394.77	2376.05	2358.86	2352.11	2336.57	2321.26	2325.04	2326.56	2324.76	2324.66	2324.08	2322.25	2329.03	2327.56	2319.38	2317.74	2322.38	2325.86	2322.29	2323.65	2328.87	2337.26	2346.33	2350.14	2351.44	2355.13	2368.46	2382.91	2396.38	2411.74	2410.42	2417.82	2426.87	2436.87	2445.83	2447.69	2452.57	2462.54	2471.49	2482.81	2492.47	2500.97	2514.28	2527.60	2539.62	2551.09	2560.57	2570.48	2577.23	2579.61	2584.57	2595.38	2600.64	2606.10	2613.27	2620.43	2630.78	2645.49	2654.84	2664.07	2667.37	2670.53	2680.22	2689.19	2696.12	2706.53	2720.91	2730.31	2736.29	2738.51	2743.46	2749.41	2755.58	2764.40	2774.51	2782.72	2789.48	2796.29	2798.83	2800.42	2807.01	2812.11	2817.50	2821.30	2822.88	2820.54	2819.20	2819.49	2820.74	2821.57	2821.41	2824.91	2825.59	2824.09	2825.90	2828.48	2827.24	2826.61	2825.53	2823.83	2822.74	2821.53	2819.55	2819.14	2818.61	2814.56	2812.68	2810.05	2807.49	2802.68	2795.83	2791.33	2787.13	2783.08	2777.35	2771.82	2767.42	2761.19	2754.70	2746.07	2743.78	2736.89	2730.56	2725.11	2719.03	2714.63	2709.41	2700.77	2696.42	2693.30	2687.77	2679.69	2673.54	2666.63	2660.17	2652.66	2645.07	2644.10	2642.40	2641.98	2642.99	2644.05	2640.88	2638.71	2635.77	2632.55	2627.88	2621.38	2616.05	2614.47	2614.09	2612.30	2613.15	2607.38	2598.81	2597.15	2589.78	2575.80	2559.97	2547.20	2526.36	2509.21	2495.35	2487.68	2474.98	2454.59	2417.67	2405.94	2399.94	2391.89	2379.36	2365.62	2351.62	2326.65	2295.28	2271.91	2254.89	2234.26	2210.60	2172.43	2144.85	2138.58	2119.04	2100.83	2073.38	2028.36	2000.28	1992.10	1950.06	1878.59	1842.01	1812.07	1757.08	1716.93	1652.67	1611.81	1574.98	1532.39	1494.56	1443.74	1382.12	1342.85	1307.54	1277.44	1248.61	1221.85	1193.08	1162.76	1121.32	1067.33	1024.82	991.53	961.60	924.97	892.62	867.41	841.41	799.39	711.82	593.58	527.39	537.55	471.49	283.77	146.06
2259.20	2265.72	2273.29	2280.12	2281.61	2287.68	2301.44	2315.68	2333.24	2334.86	2346.78	2361.26	2369.01	2374.78	2378.84	2382.25	2385.18	2396.00	2412.49	2421.87	2425.07	2423.34	2418.72	2416.72	2421.84	2426.86	2431.19	2431.82	2430.19	2424.27	2415.15	2403.14	2390.17	2373.35	2371.71	2363.53	2353.03	2339.56	2334.04	2334.88	2336.05	2332.61	2335.47	2342.29	2342.29	2337.57	2332.94	2336.30	2336.68	2335.20	2335.41	2343.63	2353.62	2359.79	2373.52	2383.95	2387.11	2391.69	2399.01	2405.52	2420.56	2427.26	2431.18	2442.71	2452.04	2461.31	2466.88	2470.89	2475.29	2484.46	2497.37	2505.82	2514.72	2527.40	2538.49	2548.69	2558.72	2568.17	2577.59	2581.01	2583.31	2597.71	2607.49	2611.43	2616.36	2621.61	2628.40	2637.95	2651.92	2659.97	2667.10	2673.05	2676.64	2685.43	2693.17	2699.22	2709.76	2723.37	2734.43	2740.28	2743.66	2748.29	2755.90	2763.88	2772.97	2781.19	2790.00	2796.45	2802.76	2806.38	2811.51	2818.78	2820.13	2823.71	2825.54	2824.53	2822.79	2822.36	2821.28	2821.99	2827.12	2832.71	2834.72	2833.21	2830.97	2831.56	2832.66	2831.61	2831.22	2831.37	2833.26	2833.28	2830.60	2826.69	2825.64	2823.57	2818.58	2815.05	2813.22	2811.53	2810.22	2804.86	2799.21	2794.38	2789.12	2783.32	2776.70	2776.86	2776.12	2772.39	2769.36	2764.41	2757.35	2749.18	2744.12	2738.21	2735.01	2728.68	2718.33	2708.64	2701.82	2698.39	2693.75	2687.46	2681.30	2676.07	2668.38	2661.40	2656.41	2650.03	2648.57	2652.14	2652.60	2649.01	2648.85	2645.66	2642.58	2640.64	2637.84	2632.50	2628.72	2625.73	2622.11	2619.31	2616.43	2612.34	2609.49	2602.95	2588.96	2576.72	2568.82	2553.28	2533.10	2512.36	2507.88	2496.43	2476.75	2444.10	2428.87	2421.26	2408.18	2383.58	2372.09	2356.62	2332.67	2302.41	2274.38	2249.05	2233.11	2212.66	2177.30	2137.76	2119.16	2102.52	2079.38	2040.51	2001.64	1972.18	1961.73	1921.00	1855.15	1820.42	1794.42	1738.99	1707.16	1669.07	1586.13	1538.56	1515.24	1481.80	1443.89	1388.24	1328.53	1281.32	1256.65	1230.47	1207.01	1178.12	1148.70	1110.34	1068.24	1024.11	986.95	961.56	926.40	891.00	881.83	854.15	766.16	658.58	550.09	481.47	488.15	413.54	206.48	111.63
2263.76	2269.38	2279.10	2286.55	2287.15	2291.99	2301.55	2320.49	2341.37	2346.48	2359.24	2370.73	2376.88	2380.77	2385.28	2390.75	2397.09	2411.88	2425.42	2431.60	2433.67	2432.93	2433.52	2430.21	2429.29	2432.22	2435.11	2436.33	2433.64	2428.47	2420.53	2409.95	2392.88	2382.19	2383.28	2388.55	2389.59	2372.68	2352.15	2353.87	2352.02	2345.99	2350.46	2352.88	2347.54	2347.67	2350.96	2351.69	2344.53	2343.70	2347.26	2358.39	2367.43	2367.85	2379.48	2393.16	2401.43	2408.67	2416.63	2424.61	2427.22	2431.44	2440.87	2454.46	2462.16	2470.83	2477.17	2483.10	2490.05	2502.16	2510.41	2515.70	2526.96	2540.49	2549.74	2557.94	2565.34	2571.59	2579.20	2583.32	2592.43	2606.83	2615.77	2620.92	2625.42	2627.28	2631.93	2641.88	2655.68	2665.87	2674.84	2682.62	2686.62	2692.84	2698.09	2705.38	2716.99	2727.66	2736.11	2743.37	2749.97	2752.56	2757.91	2767.00	2776.85	2786.29	2795.44	2803.26	2808.16	2811.01	2816.78	2822.20	2825.16	2828.96	2828.08	2829.50	2830.48	2830.82	2830.44	2828.66	2831.14	2837.43	2840.58	2840.72	2841.06	2840.55	2841.31	2840.88	2841.08	2843.22	2845.04	2842.92	2836.88	2830.66	2827.98	2828.39	2827.19	2823.89	2821.09	2818.04	2818.47	2815.55	2809.53	2804.88	2799.10	2794.00	2785.75	2784.91	2785.88	2782.41	2779.48	2772.97	2766.11	2759.85	2755.39	2748.15	2743.78	2737.30	2730.22	2725.45	2715.94	2706.22	2700.65	2696.02	2690.89	2685.34	2678.39	2671.47	2666.58	2658.58	2652.68	2654.12	2654.83	2653.95	2654.23	2651.82	2650.68	2650.75	2648.79	2644.35	2641.18	2637.05	2631.42	2626.38	2622.76	2619.55	2617.31	2611.45	2597.98	2590.26	2581.85	2569.94	2553.81	2526.31	2520.74	2510.80	2494.53	2469.42	2448.68	2440.70	2428.43	2392.33	2374.89	2359.42	2334.81	2309.95	2279.28	2246.12	2228.53	2217.05	2177.11	2136.98	2115.14	2085.36	2060.12	2030.17	1996.53	1961.35	1936.88	1893.31	1840.53	1809.30	1789.26	1724.83	1696.32	1685.14	1561.91	1489.47	1489.55	1462.80	1422.69	1364.21	1308.85	1277.09	1251.77	1221.16	1194.77	1165.84	1129.40	1090.79	1054.69	1018.85	982.95	957.69	927.38	895.63	876.69	822.17	729.80	617.47	531.04	483.85	498.65	368.83	161.50	86.72
2266.55	2275.08	2285.96	2293.62	2296.29	2303.89	2311.70	2323.42	2350.91	2362.59	2369.93	2378.68	2384.07	2387.29	2393.95	2400.28	2409.34	2422.05	2431.61	2438.77	2442.69	2443.07	2444.08	2443.03	2440.24	2438.81	2438.95	2439.59	2438.59	2434.05	2425.90	2420.24	2409.12	2394.40	2388.72	2397.59	2401.99	2390.77	2378.09	2372.70	2367.70	2364.32	2363.03	2366.43	2363.88	2371.23	2377.07	2370.99	2361.78	2362.18	2363.14	2371.41	2376.07	2373.07	2385.44	2402.26	2418.08	2436.18	2447.93	2455.73	2450.84	2457.00	2466.36	2470.09	2474.58	2480.74	2484.33	2491.03	2501.80	2516.30	2524.38	2529.93	2542.67	2555.64	2563.27	2568.35	2573.30	2576.91	2582.67	2590.20	2600.73	2611.73	2619.82	2625.08	2628.55	2633.76	2641.38	2652.61	2664.43	2676.38	2685.57	2692.11	2696.93	2701.73	2707.05	2715.70	2723.92	2730.26	2740.84	2754.33	2761.53	2762.39	2767.05	2775.61	2783.13	2793.19	2803.29	2810.77	2813.85	2814.96	2819.08	2824.27	2829.95	2832.08	2830.01	2831.88	2836.64	2838.27	2838.99	2838.69	2838.00	2841.22	2845.85	2850.08	2853.15	2855.17	2856.67	2856.79	2855.74	2856.16	2852.95	2849.76	2845.88	2841.57	2837.35	2836.43	2836.15	2832.90	2831.12	2827.68	2826.34	2824.40	2820.07	2816.73	2810.97	2805.67	2797.18	2793.42	2792.88	2788.94	2785.38	2779.33	2771.85	2766.01	2760.11	2754.74	2750.53	2745.25	2741.25	2737.06	2727.45	2716.96	2710.52	2706.30	2700.55	2694.43	2687.51	2681.05	2675.84	2667.04	2659.53	2657.29	2656.42	2655.07	2655.64	2656.44	2656.78	2657.36	2656.39	2652.47	2649.72	2647.52	2641.81	2636.43	2629.89	2624.85	2623.97	2618.56	2605.78	2600.50	2593.42	2582.42	2566.70	2542.33	2533.02	2521.03	2508.10	2490.64	2471.81	2457.27	2434.19	2398.14	2372.92	2358.66	2335.99	2315.99	2288.54	2258.08	2215.97	2211.97	2180.99	2148.05	2127.18	2091.55	2060.15	2026.56	1991.71	1948.98	1930.67	1889.99	1841.37	1803.26	1780.16	1734.13	1715.45	1656.18	1553.56	1516.52	1487.60	1451.05	1410.84	1368.44	1328.88	1293.67	1255.13	1217.17	1184.64	1155.14	1108.03	1075.37	1045.23	1014.94	980.07	947.88	916.80	884.88	839.33	763.66	702.82	609.93	521.16	468.02	452.35	303.40	141.57	88.23
2270.91	2279.50	2288.45	2295.93	2301.17	2308.36	2315.74	2322.69	2353.91	2369.17	2375.40	2383.89	2388.91	2393.53	2400.77	2407.54	2418.18	2428.90	2437.81	2443.48	2448.33	2450.12	2452.10	2452.60	2450.73	2447.46	2442.94	2443.52	2443.39	2439.55	2431.05	2423.12	2415.41	2399.76	2391.22	2401.23	2407.11	2399.74	2393.24	2384.15	2377.36	2379.41	2376.98	2380.39	2383.04	2389.09	2389.39	2381.51	2381.24	2389.65	2391.65	2389.88	2386.51	2391.37	2416.61	2433.71	2440.84	2451.95	2462.90	2472.92	2477.30	2485.14	2486.90	2488.49	2490.27	2489.52	2491.26	2495.33	2509.03	2526.79	2534.57	2542.78	2553.57	2565.14	2571.73	2575.01	2579.54	2584.08	2590.90	2599.55	2609.44	2618.95	2625.97	2631.08	2635.19	2642.70	2651.97	2662.32	2672.92	2683.01	2690.19	2697.38	2702.93	2708.12	2716.99	2724.72	2726.85	2731.47	2746.13	2759.63	2766.68	2770.37	2775.40	2783.83	2790.04	2799.11	2806.84	2812.81	2817.23	2818.76	2822.31	2828.80	2833.57	2835.03	2837.72	2839.55	2842.45	2845.23	2846.20	2845.65	2845.33	2847.59	2850.63	2854.28	2858.36	2862.51	2863.20	2863.29	2862.31	2861.30	2859.64	2858.46	2856.19	2853.91	2849.35	2845.47	2843.17	2840.11	2839.91	2836.53	2833.11	2832.83	2830.17	2825.75	2821.30	2817.36	2808.92	2801.77	2799.18	2796.09	2792.61	2786.92	2779.79	2772.57	2762.64	2757.77	2755.30	2750.93	2747.15	2742.25	2735.04	2726.14	2720.11	2714.34	2707.64	2701.47	2695.58	2687.93	2681.19	2671.67	2664.38	2662.15	2662.03	2658.89	2658.38	2659.72	2660.30	2660.22	2659.45	2657.14	2655.18	2652.79	2646.20	2641.34	2634.51	2628.77	2627.89	2621.46	2610.70	2607.05	2601.43	2589.20	2568.40	2546.13	2538.88	2527.48	2518.50	2505.77	2487.93	2478.82	2447.66	2402.91	2380.01	2362.08	2338.92	2318.11	2294.69	2266.53	2210.46	2203.95	2187.62	2159.01	2133.89	2102.43	2065.11	2026.98	1992.16	1935.99	1922.60	1894.23	1847.05	1807.46	1781.22	1748.03	1746.93	1632.26	1557.26	1531.88	1475.73	1447.75	1407.99	1374.23	1333.53	1292.11	1248.11	1199.95	1166.11	1143.41	1102.12	1071.00	1040.14	1004.67	972.52	939.73	903.42	862.34	796.77	725.94	692.51	609.37	516.55	454.24	445.60	291.26	146.20	102.08
2273.89	2281.52	2290.28	2297.69	2303.93	2310.76	2314.85	2322.74	2353.52	2372.11	2380.39	2387.75	2391.67	2396.60	2404.55	2413.19	2423.61	2433.70	2441.76	2445.52	2450.82	2455.37	2458.51	2459.41	2458.34	2456.71	2450.61	2447.12	2444.96	2441.51	2433.19	2425.98	2418.06	2403.51	2396.79	2407.03	2408.97	2405.16	2400.76	2392.91	2387.08	2392.93	2389.30	2388.97	2394.59	2396.55	2393.65	2391.06	2394.63	2405.88	2411.41	2406.25	2405.92	2417.86	2439.53	2451.26	2454.59	2464.70	2472.36	2479.72	2485.01	2492.34	2495.38	2505.98	2508.48	2503.97	2505.64	2510.15	2523.41	2538.74	2544.45	2551.95	2562.20	2572.61	2578.64	2581.32	2587.20	2592.22	2598.20	2607.44	2617.98	2626.92	2632.73	2637.45	2641.88	2650.43	2660.80	2669.22	2677.22	2686.04	2694.50	2702.75	2709.23	2715.42	2723.69	2729.27	2730.69	2738.17	2750.55	2761.89	2770.23	2774.94	2779.40	2786.51	2792.75	2801.26	2809.31	2816.06	2821.02	2823.92	2828.65	2834.38	2837.82	2841.24	2846.59	2848.52	2849.88	2851.15	2851.69	2850.90	2853.13	2855.72	2857.90	2860.05	2861.93	2865.51	2867.04	2868.00	2866.53	2864.65	2864.97	2864.87	2863.93	2863.18	2860.19	2856.39	2852.07	2846.45	2845.18	2843.37	2839.57	2838.64	2838.00	2833.70	2829.15	2825.12	2817.18	2808.59	2803.76	2801.31	2797.20	2791.47	2785.48	2779.83	2771.45	2761.98	2755.42	2753.30	2751.30	2747.44	2741.04	2732.26	2726.74	2720.82	2713.33	2707.52	2701.89	2693.61	2685.12	2676.76	2669.59	2667.44	2668.22	2666.00	2664.84	2664.36	2663.41	2661.62	2660.05	2658.01	2656.27	2652.43	2646.35	2642.32	2634.93	2629.21	2627.74	2621.54	2614.24	2611.26	2605.00	2592.28	2573.10	2551.05	2541.93	2532.85	2524.86	2511.84	2497.11	2488.97	2466.15	2427.07	2391.17	2366.88	2343.42	2320.86	2298.95	2270.37	2222.03	2212.74	2201.24	2170.35	2144.21	2108.53	2070.21	2030.96	1989.29	1925.29	1906.33	1891.46	1859.83	1822.72	1785.62	1751.22	1707.26	1650.58	1649.14	1482.77	1400.49	1443.98	1414.60	1376.51	1336.40	1299.44	1264.08	1199.07	1148.60	1124.38	1089.90	1060.75	1031.60	996.24	965.73	935.24	888.86	841.88	764.77	691.54	669.75	594.02	505.61	453.50	438.03	312.94	177.94	123.32
2275.99	2281.60	2290.12	2298.55	2308.08	2315.01	2315.88	2324.99	2354.19	2372.36	2383.74	2389.97	2393.84	2398.57	2407.98	2418.28	2426.15	2436.56	2443.88	2446.56	2452.62	2459.23	2462.95	2465.53	2466.36	2465.06	2458.75	2452.11	2448.57	2443.81	2435.74	2435.38	2429.76	2419.84	2415.15	2418.90	2419.41	2417.43	2412.20	2409.21	2407.99	2409.45	2403.05	2396.30	2402.13	2400.98	2402.19	2405.32	2410.82	2421.56	2427.39	2431.53	2439.09	2446.50	2460.15	2467.64	2473.51	2483.99	2487.10	2488.05	2491.81	2496.96	2509.55	2524.57	2526.40	2524.17	2531.84	2534.68	2540.10	2551.00	2555.72	2563.37	2572.56	2581.62	2588.30	2592.73	2598.78	2603.16	2609.03	2619.25	2628.90	2637.71	2641.87	2646.78	2652.24	2661.15	2672.47	2677.82	2681.67	2692.03	2702.72	2709.95	2717.24	2724.47	2728.96	2731.91	2736.90	2744.52	2753.38	2764.86	2773.45	2779.37	2784.06	2789.11	2795.65	2804.79	2813.55	2820.42	2825.41	2829.29	2834.89	2840.54	2843.65	2847.35	2853.02	2856.81	2859.30	2859.76	2860.86	2860.80	2863.43	2865.08	2866.23	2868.74	2869.54	2870.78	2871.84	2875.23	2875.05	2872.12	2870.10	2870.03	2871.13	2871.82	2870.94	2867.63	2864.66	2858.20	2853.05	2851.27	2848.58	2845.75	2845.69	2842.04	2836.01	2831.36	2824.43	2815.06	2808.47	2807.23	2802.99	2796.00	2791.31	2787.06	2781.36	2771.72	2760.07	2756.49	2755.10	2750.75	2745.32	2738.91	2733.47	2727.87	2719.95	2713.70	2708.86	2700.89	2690.78	2683.00	2676.89	2674.35	2674.46	2672.68	2671.23	2669.05	2665.62	2661.83	2659.23	2656.15	2653.83	2648.94	2644.53	2640.59	2633.75	2627.31	2623.94	2620.01	2615.80	2611.07	2604.16	2593.68	2575.26	2552.28	2545.14	2538.97	2530.53	2517.04	2506.50	2496.31	2482.04	2455.40	2406.58	2379.41	2356.16	2330.37	2309.52	2276.66	2243.98	2231.57	2212.42	2179.78	2150.22	2112.10	2075.49	2024.04	1970.36	1908.33	1883.21	1882.13	1865.81	1839.11	1786.27	1752.17	1712.45	1731.34	1773.37	1537.25	1373.23	1483.54	1419.59	1385.79	1347.22	1296.09	1244.57	1180.07	1122.70	1094.52	1069.06	1035.92	1013.81	995.35	968.44	936.64	872.03	811.82	733.39	648.88	623.23	561.28	485.08	440.67	411.05	319.24	208.53	144.51
2276.11	2283.03	2292.27	2302.90	2314.33	2321.69	2326.35	2337.83	2359.07	2374.01	2386.90	2392.00	2397.75	2403.48	2413.61	2423.72	2431.64	2440.54	2446.49	2449.63	2457.09	2461.95	2464.99	2468.79	2471.03	2469.63	2466.00	2461.87	2459.05	2453.95	2447.97	2448.03	2445.49	2438.89	2433.82	2431.48	2433.66	2432.65	2429.21	2429.90	2429.14	2422.48	2417.70	2409.27	2409.64	2411.25	2416.61	2421.64	2425.06	2432.14	2442.32	2452.22	2458.89	2463.45	2470.94	2476.96	2488.16	2498.71	2503.57	2503.78	2507.26	2517.64	2531.73	2538.06	2536.47	2534.97	2541.59	2543.12	2551.26	2561.09	2564.64	2574.96	2582.85	2590.62	2598.91	2605.99	2610.75	2613.27	2620.48	2631.76	2640.07	2648.05	2652.68	2658.30	2664.99	2673.03	2682.91	2684.55	2688.66	2703.03	2713.46	2719.68	2726.21	2731.31	2733.85	2738.26	2745.09	2750.79	2757.18	2767.37	2775.98	2784.20	2790.14	2794.46	2801.84	2810.12	2817.31	2824.08	2828.85	2832.94	2838.59	2844.64	2848.80	2853.50	2858.24	2861.80	2864.49	2867.27	2870.14	2870.76	2871.31	2871.88	2872.22	2874.72	2875.85	2876.02	2876.83	2879.53	2881.47	2880.65	2878.75	2877.80	2880.11	2882.65	2881.47	2877.57	2874.54	2869.45	2862.19	2857.35	2853.70	2850.33	2849.43	2845.45	2839.82	2835.42	2831.15	2822.65	2815.23	2812.88	2808.71	2801.45	2796.74	2792.47	2786.49	2779.49	2770.32	2763.94	2760.62	2753.78	2746.61	2742.39	2737.24	2731.14	2724.24	2718.26	2713.80	2706.43	2697.50	2688.74	2682.53	2679.80	2679.46	2677.41	2674.72	2670.72	2665.67	2660.70	2657.15	2653.54	2650.13	2645.82	2641.54	2636.08	2630.88	2622.90	2618.33	2616.36	2613.14	2605.82	2598.27	2592.40	2574.45	2552.94	2548.57	2543.00	2534.74	2523.74	2512.81	2501.65	2487.16	2462.37	2424.73	2399.46	2378.15	2345.45	2314.16	2285.83	2257.96	2241.17	2220.34	2188.76	2155.11	2112.18	2063.25	1995.01	1936.30	1891.82	1869.68	1868.37	1860.42	1843.57	1790.82	1764.28	1766.81	1780.15	1782.85	1622.29	1495.53	1545.40	1434.92	1383.65	1366.11	1315.93	1181.23	1139.69	1100.21	1083.86	1072.68	1036.46	1011.78	996.39	970.95	932.61	875.31	807.07	724.58	629.57	587.07	528.51	450.20	403.26	374.19	291.12	198.99	152.53
2277.60	2288.34	2295.78	2306.27	2318.93	2327.86	2338.94	2350.45	2361.37	2375.33	2387.92	2392.65	2399.76	2409.64	2418.19	2428.51	2438.79	2445.66	2451.57	2457.68	2463.87	2468.51	2474.25	2478.57	2478.83	2477.07	2474.17	2471.26	2469.53	2466.05	2462.10	2459.99	2458.30	2451.29	2441.79	2440.82	2444.11	2446.95	2447.68	2449.46	2445.10	2434.44	2432.17	2429.93	2425.70	2429.98	2436.87	2443.75	2443.08	2442.39	2450.49	2460.92	2470.51	2484.11	2494.03	2496.93	2501.90	2510.88	2518.10	2520.69	2527.62	2538.36	2546.69	2550.01	2548.99	2545.76	2551.15	2561.67	2571.87	2574.69	2579.34	2589.06	2596.66	2604.19	2611.77	2617.17	2622.34	2625.24	2631.38	2640.54	2648.53	2656.57	2662.75	2667.99	2674.34	2681.19	2689.05	2691.50	2698.36	2710.76	2721.63	2728.73	2733.24	2737.70	2742.32	2748.51	2754.35	2758.28	2764.15	2772.71	2779.91	2789.49	2797.38	2803.24	2809.47	2815.79	2822.95	2829.12	2831.76	2836.98	2844.07	2849.75	2853.65	2858.22	2863.03	2866.07	2869.76	2873.70	2876.55	2878.84	2880.13	2878.88	2877.18	2878.25	2880.49	2880.72	2883.45	2885.48	2886.66	2889.35	2890.19	2888.45	2889.53	2891.65	2889.54	2884.52	2880.86	2876.24	2870.16	2864.28	2857.94	2852.25	2852.25	2850.14	2846.29	2841.84	2836.41	2828.41	2822.08	2818.06	2812.01	2806.04	2801.87	2796.53	2791.71	2786.09	2779.47	2772.80	2766.55	2758.40	2750.73	2744.56	2737.48	2728.89	2722.80	2719.89	2716.06	2709.16	2701.82	2694.86	2688.68	2684.87	2682.94	2679.48	2674.92	2669.57	2664.21	2659.08	2654.71	2650.65	2646.62	2641.87	2636.05	2631.37	2626.80	2617.27	2612.09	2610.38	2606.34	2596.89	2590.12	2585.53	2570.92	2556.79	2552.89	2547.71	2539.98	2532.05	2521.07	2511.18	2493.07	2468.24	2438.42	2411.94	2392.69	2354.23	2316.61	2303.30	2273.67	2251.39	2245.04	2221.18	2177.67	2124.23	2061.94	1991.03	1927.08	1882.34	1857.20	1843.91	1839.19	1818.66	1778.17	1764.03	1758.41	1763.54	1761.65	1675.65	1524.41	1483.59	1441.82	1404.57	1409.84	1396.66	1317.80	1265.02	1122.36	1097.55	1085.65	1050.83	1026.39	998.58	967.32	923.72	872.29	809.31	726.47	632.56	565.42	510.49	448.17	392.01	348.09	267.00	193.90	162.86
2285.88	2294.19	2300.12	2308.42	2319.20	2327.98	2341.68	2355.32	2363.12	2374.58	2385.17	2390.22	2400.58	2414.64	2422.79	2431.11	2440.12	2446.67	2452.28	2457.95	2464.89	2472.17	2480.37	2486.15	2486.81	2486.03	2483.47	2479.59	2479.62	2478.53	2474.44	2471.01	2467.98	2463.92	2454.09	2449.34	2452.03	2457.80	2460.82	2463.25	2459.05	2453.03	2446.85	2445.04	2444.25	2448.39	2453.61	2459.35	2460.34	2459.93	2463.48	2470.80	2481.53	2499.36	2513.14	2519.75	2521.80	2528.25	2530.61	2533.38	2541.94	2549.26	2555.47	2559.29	2560.52	2561.91	2574.83	2589.09	2593.15	2592.13	2596.70	2601.87	2607.94	2617.09	2625.34	2631.27	2633.73	2637.06	2643.14	2651.11	2658.81	2664.50	2668.06	2674.19	2681.88	2688.71	2696.72	2702.58	2708.96	2715.39	2723.62	2729.30	2736.79	2744.57	2749.88	2754.56	2759.62	2762.98	2767.51	2773.39	2780.34	2790.95	2803.00	2811.08	2816.62	2821.51	2828.50	2833.52	2837.85	2845.13	2850.56	2854.62	2857.76	2862.21	2867.51	2871.18	2874.08	2877.82	2880.01	2883.95	2886.80	2885.68	2884.45	2883.93	2884.75	2884.65	2888.56	2890.92	2891.86	2896.09	2898.17	2896.84	2895.90	2894.78	2892.81	2889.52	2885.05	2882.49	2878.87	2874.24	2868.70	2860.82	2856.23	2854.74	2852.03	2847.98	2842.15	2833.42	2829.77	2824.83	2815.14	2808.92	2805.77	2798.14	2793.66	2789.27	2782.92	2777.34	2770.30	2760.06	2753.61	2746.85	2736.19	2724.74	2719.26	2718.22	2715.00	2708.93	2702.88	2697.46	2692.82	2688.16	2684.83	2679.91	2673.42	2666.61	2661.41	2656.86	2651.78	2646.25	2642.48	2636.11	2630.12	2626.39	2620.34	2611.84	2607.20	2603.36	2595.75	2586.71	2582.21	2579.94	2568.43	2558.59	2556.82	2552.59	2547.53	2540.82	2530.64	2523.50	2508.92	2486.55	2457.51	2433.49	2409.83	2364.90	2330.94	2317.81	2297.73	2275.42	2264.49	2239.33	2200.54	2157.42	2079.90	1998.55	1935.98	1887.94	1856.51	1831.80	1809.41	1794.10	1769.48	1740.24	1734.81	1739.80	1715.00	1672.61	1560.79	1466.14	1449.69	1444.32	1419.13	1398.51	1402.25	1329.32	1182.31	1126.33	1094.49	1078.15	1057.21	1009.05	969.45	918.15	869.20	808.62	729.26	649.61	574.36	515.22	456.25	384.28	329.92	261.53	207.04	184.12
2291.29	2301.09	2307.76	2314.67	2323.51	2330.51	2348.06	2360.83	2368.57	2376.08	2382.07	2391.28	2405.12	2417.95	2427.10	2434.20	2441.16	2448.15	2453.86	2458.39	2466.25	2476.03	2483.75	2489.81	2491.89	2492.51	2491.91	2489.43	2488.07	2485.63	2480.88	2475.69	2472.95	2471.84	2462.54	2459.48	2463.94	2469.78	2470.27	2470.65	2469.06	2467.28	2462.37	2463.37	2461.81	2462.10	2466.09	2470.48	2475.18	2478.69	2483.68	2490.33	2494.72	2505.16	2518.13	2527.55	2533.60	2536.90	2535.20	2538.99	2548.51	2556.11	2561.77	2565.09	2568.56	2580.42	2592.72	2601.60	2606.46	2608.41	2612.89	2614.35	2618.98	2627.96	2635.61	2640.67	2643.51	2650.41	2655.39	2661.74	2669.30	2672.30	2673.74	2680.90	2689.03	2696.72	2704.98	2709.90	2714.11	2720.02	2727.55	2733.88	2742.36	2750.53	2755.05	2760.29	2763.82	2763.28	2765.97	2772.81	2783.57	2798.04	2810.47	2817.51	2822.72	2826.49	2831.49	2836.37	2843.30	2850.74	2855.31	2858.76	2862.40	2868.28	2873.12	2876.47	2878.14	2880.90	2884.01	2889.73	2891.43	2891.16	2892.72	2892.85	2892.50	2892.74	2893.46	2894.22	2895.58	2898.91	2902.30	2902.25	2899.85	2899.11	2898.80	2896.46	2891.65	2887.20	2884.16	2880.40	2876.70	2871.17	2863.35	2859.17	2855.38	2850.84	2844.54	2836.54	2833.82	2830.70	2821.17	2812.56	2807.21	2798.52	2793.81	2789.38	2782.30	2777.00	2769.54	2758.52	2753.00	2747.52	2736.51	2723.70	2716.89	2716.06	2714.17	2709.13	2702.14	2696.99	2693.30	2687.94	2684.61	2679.35	2671.76	2663.17	2658.46	2654.50	2648.02	2641.42	2637.24	2630.43	2624.26	2619.93	2614.26	2607.94	2602.52	2597.72	2588.76	2581.43	2576.47	2574.06	2562.34	2556.74	2555.80	2551.15	2547.84	2543.21	2538.75	2533.94	2523.46	2505.68	2478.74	2452.84	2425.23	2378.84	2350.82	2335.29	2316.32	2288.10	2262.40	2233.88	2195.04	2151.49	2063.34	1977.33	1927.97	1887.78	1849.33	1825.07	1808.79	1795.81	1748.17	1706.36	1709.13	1698.78	1670.77	1659.20	1606.14	1496.30	1447.35	1442.16	1397.12	1358.25	1325.84	1258.20	1187.54	1143.81	1111.67	1086.69	1052.01	1017.27	969.74	926.23	879.36	800.57	723.12	670.75	615.22	560.50	476.85	398.13	362.14	300.56	237.71	233.65
2293.81	2303.65	2310.85	2319.75	2326.68	2329.02	2347.12	2366.94	2375.88	2381.11	2386.47	2398.69	2412.72	2421.65	2428.92	2435.85	2442.78	2450.80	2456.74	2460.86	2471.03	2483.39	2491.05	2494.42	2495.96	2500.00	2500.95	2500.72	2497.41	2492.93	2487.76	2481.51	2478.14	2476.61	2469.52	2472.76	2478.77	2480.05	2481.21	2482.28	2482.94	2484.67	2478.86	2477.83	2477.55	2475.79	2478.21	2482.24	2489.39	2495.95	2500.36	2504.64	2508.72	2514.98	2522.89	2528.19	2535.31	2541.54	2543.82	2549.34	2556.91	2564.19	2572.66	2577.02	2582.51	2593.62	2602.94	2608.00	2613.29	2619.17	2622.70	2624.60	2632.65	2639.84	2646.37	2649.87	2653.96	2663.24	2666.69	2672.10	2680.74	2683.51	2686.07	2691.23	2696.65	2701.91	2709.84	2716.53	2721.45	2726.55	2732.18	2738.88	2747.14	2754.18	2761.59	2768.43	2770.18	2769.62	2775.41	2785.19	2796.30	2808.66	2815.82	2822.32	2828.93	2831.06	2834.67	2840.92	2849.74	2856.75	2861.57	2865.36	2869.69	2875.71	2879.38	2882.58	2885.32	2888.08	2891.27	2895.83	2897.42	2899.18	2900.85	2901.24	2901.24	2902.91	2901.48	2898.88	2900.80	2902.57	2903.76	2903.86	2901.84	2901.92	2901.81	2901.66	2899.64	2895.84	2891.13	2886.44	2883.69	2877.26	2870.03	2865.79	2859.42	2855.03	2849.05	2839.74	2834.02	2830.54	2824.19	2816.06	2809.14	2800.53	2792.29	2786.97	2779.94	2775.00	2768.35	2757.68	2751.53	2747.56	2739.83	2725.49	2715.19	2714.07	2711.40	2707.86	2702.02	2695.61	2690.41	2685.95	2682.16	2676.45	2669.02	2658.47	2654.37	2649.23	2642.52	2636.22	2629.97	2623.52	2618.90	2613.95	2608.52	2602.78	2597.14	2590.47	2581.30	2574.47	2568.41	2563.63	2553.80	2552.05	2550.34	2547.05	2540.67	2536.39	2533.83	2530.56	2528.50	2515.80	2490.86	2461.80	2431.04	2395.72	2369.86	2353.43	2328.69	2297.57	2252.93	2220.60	2175.47	2115.50	2024.55	1947.57	1915.07	1892.08	1849.35	1816.62	1807.66	1785.56	1724.41	1689.69	1685.71	1661.62	1632.94	1611.70	1562.24	1480.74	1445.52	1434.16	1405.63	1346.29	1275.50	1230.24	1201.93	1161.55	1136.88	1102.15	1069.43	1031.94	974.16	946.43	899.48	811.69	716.84	681.20	641.87	598.17	527.75	479.26	455.17	372.50	289.16	271.83
2292.90	2301.99	2312.77	2323.53	2328.64	2335.97	2355.09	2371.90	2383.34	2388.05	2391.52	2403.89	2415.37	2423.92	2430.51	2436.99	2446.35	2453.61	2460.36	2465.55	2477.05	2488.43	2495.25	2498.07	2501.85	2507.29	2508.39	2508.03	2505.70	2505.47	2503.68	2500.95	2494.99	2483.88	2473.98	2476.85	2484.28	2484.51	2483.78	2487.10	2494.54	2499.12	2490.62	2485.45	2485.22	2485.41	2487.72	2493.58	2501.58	2508.75	2512.72	2517.85	2523.71	2527.09	2533.04	2535.10	2541.43	2551.54	2557.95	2563.93	2569.66	2574.65	2583.07	2588.12	2594.22	2603.08	2611.83	2618.78	2622.26	2624.07	2627.04	2633.11	2644.59	2650.57	2656.08	2658.72	2663.63	2671.74	2674.97	2681.73	2689.23	2693.05	2697.44	2701.86	2704.43	2708.62	2715.76	2722.02	2726.96	2731.00	2735.46	2743.12	2752.82	2763.65	2772.25	2776.64	2777.74	2781.30	2789.69	2799.12	2804.96	2811.33	2818.31	2826.71	2832.64	2836.13	2840.46	2847.95	2855.72	2860.52	2865.37	2868.78	2873.69	2880.04	2884.94	2887.53	2889.36	2893.17	2898.50	2902.95	2904.53	2905.75	2907.35	2909.02	2909.36	2911.07	2910.42	2907.73	2907.12	2906.81	2906.21	2906.36	2905.56	2905.41	2904.53	2904.03	2902.87	2901.62	2898.10	2892.63	2888.77	2881.76	2874.89	2868.43	2862.25	2859.32	2855.14	2847.77	2839.22	2832.28	2825.53	2816.83	2809.77	2800.73	2790.70	2785.23	2778.48	2771.97	2766.17	2755.72	2748.93	2744.26	2737.08	2722.12	2714.26	2713.17	2707.43	2703.91	2700.49	2694.39	2687.53	2681.41	2677.96	2672.20	2664.31	2653.42	2649.15	2642.66	2636.23	2628.84	2622.73	2616.27	2611.87	2606.58	2600.75	2596.07	2590.31	2580.35	2573.31	2567.26	2558.80	2552.69	2548.06	2544.21	2541.81	2533.25	2525.45	2523.21	2520.12	2519.47	2520.19	2509.05	2487.10	2457.30	2434.98	2414.40	2389.26	2373.95	2345.78	2299.89	2234.09	2221.82	2172.98	2064.19	1973.00	1916.88	1897.27	1885.32	1857.50	1821.31	1797.86	1768.14	1725.15	1701.30	1690.60	1670.51	1636.70	1588.76	1540.10	1493.41	1461.15	1434.72	1408.96	1360.17	1295.38	1254.58	1235.01	1194.52	1153.28	1115.34	1095.37	1031.03	938.24	913.40	875.76	765.12	698.51	676.89	637.31	602.37	559.45	554.46	516.17	415.53	298.24	247.79
2292.59	2303.76	2315.85	2326.92	2330.91	2339.64	2363.03	2373.09	2385.58	2388.87	2390.57	2405.07	2415.18	2424.23	2432.89	2440.48	2450.84	2457.41	2464.69	2472.26	2482.12	2490.51	2496.71	2500.61	2504.96	2511.08	2513.11	2512.49	2510.66	2512.76	2513.85	2510.88	2503.96	2493.44	2485.34	2482.86	2487.08	2487.89	2491.31	2496.09	2500.16	2503.77	2500.57	2497.76	2495.55	2497.91	2503.89	2510.41	2512.61	2517.86	2524.82	2531.40	2537.33	2539.48	2543.49	2547.74	2556.12	2564.55	2569.94	2575.04	2579.55	2585.10	2592.68	2595.97	2602.74	2610.08	2618.42	2628.21	2634.95	2639.97	2645.79	2653.70	2661.95	2663.54	2666.49	2668.90	2675.35	2681.47	2686.00	2691.07	2694.98	2700.43	2706.12	2709.22	2713.28	2719.18	2723.79	2728.07	2732.03	2734.23	2741.74	2751.89	2762.50	2770.98	2777.75	2781.73	2783.94	2788.18	2795.33	2801.72	2805.77	2811.66	2823.35	2832.26	2835.86	2839.15	2841.30	2846.98	2854.67	2862.28	2869.75	2875.53	2880.96	2885.57	2890.30	2891.05	2893.81	2898.44	2902.89	2906.96	2909.62	2911.85	2913.49	2915.97	2916.62	2917.35	2916.33	2914.77	2914.03	2912.43	2911.26	2912.12	2912.33	2911.05	2909.18	2906.18	2903.71	2902.90	2900.84	2896.47	2892.72	2887.20	2881.32	2872.57	2864.54	2861.54	2858.59	2853.28	2844.50	2836.65	2826.06	2816.26	2809.78	2800.21	2789.49	2782.40	2776.82	2770.46	2762.54	2749.56	2744.29	2739.92	2733.44	2722.13	2714.00	2711.73	2705.70	2699.92	2696.80	2692.30	2685.24	2675.63	2673.80	2668.77	2660.62	2649.53	2644.46	2638.82	2633.35	2625.50	2618.87	2612.09	2607.18	2600.19	2592.32	2588.99	2582.41	2571.71	2565.24	2556.01	2549.37	2545.77	2541.38	2534.34	2525.83	2511.33	2508.86	2508.98	2503.66	2502.80	2500.60	2492.47	2474.06	2451.59	2438.18	2421.28	2399.80	2386.73	2367.15	2326.24	2242.60	2218.30	2161.03	2021.37	1934.98	1910.29	1900.49	1886.40	1863.96	1828.67	1798.69	1762.98	1724.17	1703.40	1695.58	1679.17	1644.66	1600.28	1552.94	1505.34	1460.79	1413.37	1375.27	1341.13	1288.98	1236.42	1221.12	1191.87	1151.37	1131.60	1100.03	1058.03	971.32	961.64	953.14	861.57	758.07	710.93	659.23	608.16	586.88	553.93	514.43	422.14	311.40	231.61
2294.39	2308.45	2320.70	2333.61	2340.63	2343.64	2364.44	2375.22	2384.41	2388.79	2390.32	2403.89	2416.99	2428.11	2436.14	2443.66	2453.67	2460.83	2467.95	2474.74	2482.21	2490.94	2499.24	2504.32	2507.80	2512.79	2514.07	2513.34	2513.12	2515.35	2517.65	2514.68	2508.22	2501.68	2501.88	2502.51	2500.67	2498.01	2502.72	2507.40	2506.89	2507.80	2512.16	2512.82	2516.00	2517.52	2520.22	2526.26	2525.78	2528.53	2534.96	2541.50	2546.10	2548.66	2556.00	2565.49	2569.94	2574.65	2580.34	2584.89	2588.45	2596.03	2603.78	2607.74	2613.81	2619.74	2625.08	2632.50	2641.88	2651.76	2660.79	2669.26	2674.19	2676.06	2677.50	2679.53	2686.30	2691.61	2696.82	2698.55	2701.79	2708.64	2714.14	2716.81	2722.66	2730.02	2733.74	2736.83	2741.10	2743.42	2752.15	2762.68	2771.54	2778.90	2785.81	2787.53	2788.07	2789.09	2794.21	2800.28	2804.88	2816.47	2829.47	2835.31	2838.82	2841.96	2845.51	2854.56	2861.57	2869.90	2878.94	2887.39	2894.99	2898.74	2899.48	2897.83	2901.75	2905.37	2908.47	2911.13	2913.73	2917.53	2920.50	2922.90	2922.90	2921.78	2920.15	2921.23	2921.31	2918.90	2918.01	2918.50	2918.88	2916.81	2914.43	2911.62	2907.26	2904.64	2902.71	2897.58	2893.34	2890.19	2884.65	2877.36	2869.20	2862.07	2858.30	2853.51	2847.19	2837.46	2824.93	2816.09	2811.20	2802.42	2790.03	2778.79	2774.34	2769.38	2758.80	2742.39	2741.18	2738.43	2733.09	2724.77	2714.14	2709.90	2704.32	2697.12	2691.04	2687.92	2680.46	2668.68	2668.27	2664.38	2655.79	2643.76	2638.36	2635.27	2630.85	2623.96	2617.52	2610.07	2602.34	2592.97	2584.26	2581.43	2571.40	2561.08	2554.98	2545.19	2541.09	2537.53	2530.99	2521.49	2503.14	2497.59	2499.95	2497.94	2488.34	2483.63	2478.22	2470.50	2454.38	2438.39	2427.20	2413.79	2394.01	2378.78	2359.01	2343.56	2266.12	2197.19	2178.11	2037.97	1928.96	1930.96	1932.27	1903.68	1878.42	1838.11	1807.98	1768.71	1734.12	1712.03	1698.55	1702.91	1674.24	1607.81	1552.49	1532.74	1485.64	1421.74	1375.47	1301.77	1211.33	1200.23	1213.16	1196.72	1179.44	1150.02	1128.55	1109.88	1092.80	1057.07	1027.85	985.17	850.70	746.79	688.49	628.44	609.94	534.41	487.74	424.98	350.32	268.82
2299.56	2314.30	2327.83	2338.70	2346.89	2351.88	2367.99	2379.98	2386.99	2391.93	2395.33	2406.08	2421.36	2433.99	2441.14	2446.46	2454.25	2462.37	2469.05	2474.50	2484.41	2495.47	2502.12	2507.44	2510.29	2513.85	2512.72	2511.24	2514.07	2514.82	2517.45	2518.63	2513.11	2509.54	2510.28	2510.98	2510.59	2510.38	2514.28	2517.26	2517.51	2517.91	2520.80	2525.09	2530.63	2531.74	2533.03	2536.90	2536.12	2539.43	2542.74	2548.91	2553.08	2556.03	2569.07	2581.39	2583.07	2584.42	2590.40	2593.52	2597.36	2607.85	2615.21	2618.45	2622.09	2627.35	2632.05	2637.98	2645.82	2656.25	2663.66	2671.15	2677.29	2684.49	2686.64	2688.62	2696.55	2701.18	2703.90	2703.99	2708.13	2714.95	2720.53	2724.93	2730.27	2736.55	2740.57	2744.75	2749.23	2753.75	2762.91	2771.12	2779.03	2787.41	2794.27	2795.54	2795.01	2794.32	2796.45	2802.70	2808.57	2820.31	2832.26	2839.48	2845.77	2851.17	2859.59	2871.74	2879.87	2886.41	2890.89	2897.72	2903.81	2908.36	2909.06	2907.29	2908.55	2909.66	2912.08	2914.77	2917.42	2920.82	2924.23	2926.44	2926.21	2925.30	2926.32	2928.16	2928.49	2926.60	2925.49	2925.72	2924.80	2922.74	2920.03	2915.98	2910.66	2907.00	2905.22	2900.24	2893.72	2890.39	2885.57	2879.51	2872.97	2864.34	2857.18	2850.18	2844.91	2836.33	2825.47	2816.76	2811.68	2803.86	2792.40	2779.31	2771.75	2765.91	2754.59	2741.50	2740.43	2737.17	2732.76	2724.74	2712.62	2706.44	2701.28	2692.57	2685.12	2681.05	2672.56	2664.13	2663.73	2659.10	2647.79	2635.22	2633.12	2630.24	2625.38	2619.72	2614.75	2607.99	2597.09	2584.03	2575.36	2570.50	2559.21	2553.47	2548.63	2539.56	2534.14	2528.44	2518.94	2503.58	2488.07	2485.76	2484.91	2480.82	2466.69	2463.24	2455.53	2440.38	2425.96	2415.48	2404.10	2396.61	2380.56	2359.75	2341.87	2334.91	2275.83	2183.58	2158.32	2062.18	1949.79	1936.28	1931.31	1909.98	1894.77	1869.60	1849.01	1780.08	1794.59	1820.24	1764.94	1765.88	1722.27	1635.64	1583.30	1576.48	1543.54	1468.19	1420.68	1341.89	1171.53	1177.92	1207.39	1204.56	1212.31	1166.13	1133.78	1109.53	1087.90	1010.90	957.66	993.72	879.10	758.03	722.31	635.81	623.32	600.76	526.92	466.70	411.03	321.33
2311.13	2321.78	2331.64	2337.72	2354.14	2365.33	2375.00	2385.77	2390.53	2393.96	2403.26	2412.96	2425.22	2435.55	2444.00	2450.22	2455.54	2463.54	2470.85	2477.74	2490.95	2501.52	2507.38	2511.34	2514.07	2516.04	2515.60	2519.19	2524.04	2524.08	2524.54	2523.06	2516.74	2516.04	2517.41	2519.81	2520.02	2520.58	2523.85	2525.59	2528.08	2531.60	2529.84	2533.59	2538.59	2540.64	2544.71	2546.67	2547.76	2552.12	2555.42	2559.39	2563.76	2569.53	2581.24	2591.99	2595.55	2597.98	2603.19	2605.32	2609.15	2619.01	2623.91	2627.96	2631.20	2635.61	2640.71	2645.23	2653.65	2665.03	2671.27	2677.13	2681.39	2687.32	2693.36	2700.76	2709.58	2713.34	2714.47	2713.40	2716.38	2721.61	2727.48	2734.13	2740.26	2745.32	2747.61	2752.41	2759.04	2765.80	2773.62	2780.03	2786.61	2793.19	2799.35	2803.84	2805.62	2802.04	2798.68	2810.23	2828.36	2842.36	2851.19	2858.83	2863.97	2869.14	2876.02	2886.56	2895.88	2901.23	2900.99	2904.80	2910.24	2913.26	2913.89	2915.76	2915.90	2915.80	2917.43	2919.81	2922.30	2923.88	2926.15	2928.59	2929.84	2931.45	2933.35	2933.52	2933.77	2932.98	2931.89	2931.55	2930.54	2928.47	2925.83	2921.43	2916.12	2910.77	2907.46	2903.32	2897.00	2891.62	2886.95	2880.65	2873.92	2866.89	2859.58	2849.35	2841.21	2836.41	2826.77	2815.32	2808.44	2803.22	2794.53	2783.01	2769.84	2760.12	2749.14	2741.49	2739.14	2733.67	2729.90	2721.86	2707.73	2701.13	2694.86	2686.64	2680.25	2674.28	2667.18	2661.79	2658.79	2654.22	2640.86	2628.78	2628.01	2624.68	2619.36	2611.78	2606.84	2600.61	2587.12	2573.45	2568.86	2563.89	2554.89	2548.20	2540.91	2526.84	2519.86	2516.16	2506.58	2489.30	2479.22	2473.04	2467.04	2457.24	2442.64	2439.46	2424.87	2408.62	2404.00	2390.18	2374.59	2368.59	2352.26	2320.68	2296.18	2277.90	2240.14	2189.52	2155.97	2064.71	1960.67	1927.73	1920.09	1909.85	1905.31	1936.71	1944.16	1835.28	1825.92	1875.29	1769.58	1796.47	1716.29	1657.97	1630.98	1603.94	1542.05	1467.75	1444.14	1402.79	1213.80	1212.25	1250.82	1225.24	1202.91	1168.61	1136.58	1111.06	1082.52	1013.51	937.48	1007.41	937.30	775.98	758.70	636.96	577.13	640.43	583.12	471.88	426.93	377.06
2318.15	2326.59	2333.38	2343.26	2366.53	2375.66	2377.94	2387.36	2391.88	2396.23	2411.79	2421.15	2428.07	2437.36	2448.03	2456.02	2461.68	2469.42	2478.00	2488.03	2500.38	2509.82	2514.39	2517.83	2520.49	2521.19	2523.97	2529.76	2533.70	2535.62	2534.57	2528.30	2522.04	2522.68	2526.98	2532.72	2532.64	2532.63	2533.78	2534.61	2536.21	2538.62	2535.83	2538.87	2546.46	2549.48	2552.80	2554.51	2557.47	2563.19	2568.62	2571.79	2573.50	2575.91	2585.76	2603.60	2609.54	2611.01	2615.26	2616.66	2620.79	2629.04	2633.65	2636.62	2641.08	2646.16	2651.94	2654.85	2662.80	2673.48	2679.24	2685.86	2693.15	2698.25	2706.39	2715.69	2720.74	2723.47	2723.36	2721.97	2725.03	2730.39	2735.76	2743.34	2749.82	2755.13	2757.43	2760.44	2767.45	2775.43	2782.01	2787.35	2792.17	2796.66	2800.27	2802.06	2800.91	2801.00	2806.85	2832.95	2853.70	2862.95	2869.61	2873.69	2876.48	2881.59	2886.56	2892.92	2899.37	2905.76	2905.72	2910.05	2917.16	2919.60	2919.78	2922.51	2924.34	2925.17	2926.48	2927.25	2928.91	2930.27	2930.94	2931.62	2933.72	2936.10	2937.88	2938.47	2939.02	2938.52	2937.12	2937.23	2936.17	2933.20	2929.95	2925.40	2921.38	2915.85	2910.87	2906.36	2899.77	2892.50	2887.38	2882.00	2874.81	2867.38	2860.91	2852.31	2842.33	2836.19	2826.94	2813.08	2803.10	2798.01	2792.04	2783.91	2769.01	2754.25	2743.56	2738.18	2735.74	2732.77	2727.47	2715.77	2702.51	2696.82	2690.55	2684.37	2677.49	2669.69	2663.86	2657.68	2652.64	2647.74	2636.92	2625.63	2622.96	2618.47	2610.74	2603.26	2598.15	2591.82	2578.77	2568.57	2564.48	2559.30	2550.79	2543.52	2534.07	2521.82	2512.99	2507.57	2497.47	2477.91	2467.43	2462.77	2460.43	2448.88	2431.19	2416.23	2400.34	2387.68	2378.13	2354.37	2338.93	2327.30	2309.28	2282.60	2268.12	2236.66	2201.18	2178.96	2148.80	2060.15	1996.08	1964.78	1948.63	1941.74	1954.22	1982.45	1894.98	1795.57	1754.62	1729.35	1701.80	1723.58	1688.62	1677.41	1656.32	1639.31	1551.99	1465.12	1452.48	1466.70	1324.28	1267.18	1271.34	1241.45	1214.73	1180.81	1150.58	1123.11	1075.42	1028.24	954.15	964.82	914.37	778.24	779.52	722.91	627.46	607.79	628.29	486.90	412.43	382.06
2324.17	2332.18	2337.76	2349.60	2367.05	2375.38	2381.05	2389.34	2392.46	2401.91	2417.66	2426.92	2433.19	2441.22	2452.18	2459.54	2467.80	2476.80	2483.67	2495.55	2507.29	2515.66	2518.84	2522.62	2525.71	2527.83	2532.00	2536.32	2538.96	2541.05	2538.64	2533.83	2531.88	2533.29	2537.00	2540.32	2540.15	2542.63	2544.67	2545.34	2544.51	2542.61	2544.13	2550.95	2557.52	2556.76	2558.87	2561.67	2565.80	2572.58	2577.42	2579.78	2580.37	2585.07	2601.57	2615.20	2617.86	2621.46	2627.24	2628.52	2630.71	2636.95	2643.35	2645.07	2647.50	2651.98	2658.00	2662.56	2670.88	2680.19	2684.47	2691.03	2701.85	2709.67	2718.32	2726.41	2730.64	2732.05	2731.75	2731.77	2736.41	2740.94	2744.49	2750.77	2757.36	2762.28	2765.61	2770.19	2776.14	2782.56	2787.61	2793.38	2796.52	2799.55	2802.86	2803.49	2798.77	2812.63	2835.33	2851.38	2865.54	2872.80	2877.05	2879.20	2883.98	2887.10	2890.85	2897.85	2905.41	2910.82	2910.62	2913.67	2922.34	2925.64	2923.71	2926.20	2929.68	2931.93	2933.09	2933.34	2934.10	2935.57	2937.29	2937.41	2937.77	2939.11	2940.59	2942.12	2943.09	2942.79	2941.74	2940.66	2938.25	2935.64	2932.61	2928.60	2924.29	2919.51	2913.44	2908.75	2902.22	2893.94	2887.35	2882.59	2875.48	2867.08	2860.55	2853.06	2843.93	2834.98	2825.55	2811.98	2800.22	2792.51	2786.99	2779.46	2764.47	2751.21	2737.72	2733.02	2733.59	2732.64	2723.99	2709.75	2701.95	2695.54	2688.93	2682.89	2674.71	2665.71	2659.62	2651.23	2645.40	2641.58	2633.49	2622.56	2618.52	2611.27	2603.50	2597.71	2590.02	2585.05	2576.20	2564.61	2557.53	2553.19	2543.09	2534.56	2527.97	2522.90	2516.26	2507.45	2496.16	2474.21	2463.10	2459.49	2457.63	2445.10	2426.13	2406.55	2388.59	2370.27	2348.94	2330.78	2323.27	2309.26	2281.06	2251.52	2245.87	2208.81	2177.51	2140.14	2066.46	2029.34	2014.63	1993.99	1981.36	1987.76	2018.41	1978.48	1808.56	1734.21	1728.92	1715.45	1708.60	1700.90	1686.88	1682.84	1647.09	1619.74	1555.89	1499.24	1452.41	1448.07	1377.91	1296.74	1277.40	1259.33	1240.67	1206.97	1169.99	1143.51	1093.71	1046.89	1007.21	956.16	879.54	787.88	816.12	781.02	638.62	594.29	628.40	565.27	466.63	413.86
2330.09	2338.97	2348.07	2355.59	2362.57	2377.57	2388.28	2391.98	2396.56	2407.37	2421.95	2431.93	2437.63	2444.92	2457.39	2466.33	2475.64	2484.39	2490.30	2502.89	2513.20	2519.94	2523.97	2528.54	2531.61	2535.63	2539.74	2543.72	2547.08	2546.95	2541.82	2540.52	2542.55	2543.13	2546.14	2548.42	2547.23	2550.21	2552.34	2553.64	2555.44	2557.45	2559.35	2560.39	2565.64	2567.59	2571.99	2575.09	2579.09	2582.95	2584.76	2583.69	2586.10	2598.17	2615.53	2626.02	2626.80	2629.39	2634.78	2639.05	2643.34	2647.58	2652.84	2652.99	2654.25	2657.31	2661.76	2667.68	2677.54	2688.01	2692.97	2699.42	2708.27	2716.30	2726.04	2733.93	2739.12	2739.17	2739.44	2741.75	2747.24	2751.26	2754.18	2757.82	2763.38	2768.18	2772.31	2777.73	2785.46	2793.24	2796.05	2800.55	2804.77	2808.36	2811.90	2817.63	2821.80	2836.59	2851.40	2860.40	2870.16	2873.83	2876.01	2881.20	2886.88	2888.15	2893.21	2901.53	2910.15	2915.73	2915.05	2917.54	2925.52	2927.70	2925.74	2928.85	2933.39	2936.40	2937.65	2939.15	2940.67	2941.49	2942.88	2942.55	2942.73	2942.84	2943.93	2945.05	2945.77	2945.99	2945.44	2944.23	2942.03	2939.04	2935.15	2931.62	2926.65	2922.08	2915.04	2909.53	2904.22	2896.47	2887.97	2881.18	2874.32	2867.14	2858.90	2851.04	2842.59	2833.43	2824.27	2812.98	2801.14	2788.87	2781.88	2770.90	2754.86	2748.20	2735.23	2728.91	2730.88	2729.47	2721.82	2710.45	2701.97	2693.56	2685.49	2678.98	2669.67	2662.02	2654.71	2643.44	2638.96	2635.75	2628.03	2619.64	2613.92	2605.80	2598.37	2590.79	2580.86	2576.43	2570.61	2556.49	2548.11	2543.76	2531.42	2523.88	2520.39	2518.50	2513.01	2504.83	2494.11	2476.53	2465.39	2457.28	2451.62	2440.59	2422.39	2399.91	2378.60	2359.06	2337.65	2319.68	2311.47	2293.02	2249.44	2226.03	2216.25	2175.51	2148.55	2116.49	2054.89	2030.62	2021.02	2006.45	1993.63	2006.29	2055.26	1957.23	1770.94	1717.80	1712.21	1698.14	1686.74	1678.42	1659.49	1648.89	1609.43	1566.24	1535.50	1484.12	1437.82	1414.30	1370.90	1323.18	1291.81	1275.97	1259.97	1227.22	1185.99	1157.49	1116.84	1069.06	1029.93	979.45	919.19	875.70	1013.41	945.44	709.71	642.17	690.97	713.09	619.84	528.32
2332.12	2340.99	2351.43	2356.41	2365.82	2386.31	2394.68	2398.17	2408.03	2415.58	2425.89	2436.47	2442.30	2450.06	2462.89	2472.38	2481.18	2491.94	2502.07	2512.49	2519.89	2525.88	2531.49	2536.45	2539.72	2543.67	2547.17	2551.39	2553.57	2549.93	2544.04	2545.03	2549.76	2550.60	2551.37	2552.97	2552.23	2555.98	2558.95	2563.02	2567.52	2571.74	2572.73	2569.68	2573.60	2577.98	2585.11	2588.99	2592.16	2594.60	2594.38	2591.74	2597.11	2610.53	2622.05	2632.59	2634.57	2635.59	2640.88	2647.18	2651.46	2656.38	2663.20	2662.48	2661.10	2662.85	2667.36	2673.06	2683.97	2695.13	2701.24	2706.98	2714.88	2722.73	2732.58	2740.27	2742.48	2740.87	2745.62	2749.79	2754.25	2758.40	2761.96	2764.97	2770.38	2775.33	2778.54	2783.62	2793.22	2802.94	2807.89	2811.64	2816.02	2819.34	2824.40	2832.21	2837.78	2849.64	2859.47	2867.16	2872.21	2875.71	2881.27	2885.87	2887.76	2888.49	2895.08	2902.75	2911.74	2917.39	2917.44	2922.53	2928.94	2929.23	2928.19	2931.85	2935.52	2937.41	2939.31	2943.83	2946.67	2946.96	2946.82	2946.99	2947.74	2947.22	2947.81	2948.59	2947.88	2948.19	2947.84	2946.56	2944.75	2942.07	2937.41	2932.75	2927.75	2923.83	2917.15	2909.57	2904.44	2897.39	2888.07	2880.09	2873.24	2866.60	2858.24	2849.95	2841.72	2833.52	2822.03	2811.21	2802.26	2787.58	2775.81	2760.83	2748.95	2746.23	2736.39	2729.09	2729.51	2726.20	2719.65	2711.20	2701.08	2690.78	2681.30	2673.62	2665.83	2660.01	2652.42	2640.44	2636.11	2631.86	2622.97	2615.02	2608.59	2601.40	2594.52	2583.95	2574.02	2567.41	2557.13	2540.51	2533.11	2527.35	2518.01	2514.86	2512.66	2511.09	2506.27	2499.18	2490.99	2478.32	2465.21	2455.29	2444.33	2431.37	2413.55	2390.94	2368.46	2351.53	2330.04	2302.87	2295.89	2277.82	2232.91	2212.08	2189.00	2163.87	2141.31	2113.30	2069.07	2048.31	2042.75	2023.62	2018.28	2040.59	2035.36	1886.89	1741.80	1710.69	1694.44	1683.34	1668.98	1660.03	1638.96	1615.24	1583.07	1540.29	1511.76	1475.01	1449.85	1417.64	1383.37	1354.10	1318.48	1292.88	1270.25	1240.96	1188.84	1153.04	1125.02	1098.25	1088.30	1092.32	1017.97	859.05	995.07	989.41	815.10	830.21	874.75	998.96	1016.35	937.18
2336.26	2346.70	2356.61	2364.16	2377.61	2393.97	2399.17	2404.36	2417.03	2423.93	2430.57	2441.00	2449.59	2456.93	2465.96	2475.89	2486.99	2499.30	2509.20	2516.93	2522.22	2527.30	2534.28	2540.77	2545.15	2549.64	2553.99	2557.17	2556.16	2552.16	2547.79	2549.17	2552.72	2555.75	2557.75	2558.97	2558.78	2563.06	2566.11	2572.35	2577.22	2580.91	2581.21	2577.06	2579.38	2584.89	2592.77	2597.66	2601.48	2603.26	2603.09	2602.94	2611.02	2621.86	2628.89	2636.72	2638.54	2640.85	2647.28	2653.43	2656.35	2662.63	2670.91	2671.32	2669.07	2669.22	2672.68	2678.40	2691.14	2702.22	2708.16	2712.03	2720.07	2728.15	2737.38	2744.31	2743.16	2745.29	2752.34	2755.54	2759.89	2763.71	2767.35	2772.24	2778.51	2782.14	2783.21	2788.68	2799.48	2808.82	2815.29	2819.33	2824.46	2828.44	2834.13	2840.57	2846.15	2855.69	2864.84	2873.30	2877.98	2883.59	2888.56	2891.69	2890.75	2892.09	2899.13	2904.83	2913.05	2920.42	2922.38	2928.39	2933.29	2931.10	2929.91	2932.53	2936.00	2938.51	2942.12	2946.92	2949.58	2950.67	2950.45	2951.29	2952.22	2951.89	2951.58	2951.86	2949.92	2949.50	2949.20	2947.52	2945.16	2942.30	2937.62	2932.48	2928.03	2923.31	2916.53	2909.86	2904.69	2897.11	2887.55	2880.18	2873.07	2866.07	2858.71	2850.84	2841.17	2832.00	2819.77	2809.30	2799.90	2787.18	2771.64	2753.92	2747.23	2744.88	2736.36	2728.88	2726.79	2722.98	2717.61	2710.20	2699.51	2688.44	2677.76	2670.16	2662.67	2656.69	2650.20	2638.32	2631.14	2626.58	2616.96	2610.14	2604.03	2596.64	2589.62	2577.42	2566.97	2559.32	2547.80	2531.75	2522.65	2517.37	2511.44	2506.80	2502.62	2503.61	2500.86	2494.82	2485.65	2475.60	2463.00	2451.30	2438.29	2425.10	2406.08	2382.97	2363.64	2351.96	2332.91	2298.72	2281.36	2259.90	2228.89	2199.47	2181.32	2162.33	2140.45	2099.05	2064.46	2060.51	2063.97	2055.22	2062.25	2053.35	1951.78	1806.08	1723.06	1697.57	1682.93	1671.86	1660.84	1650.91	1627.11	1596.66	1570.88	1536.79	1500.76	1475.67	1452.75	1423.80	1397.43	1372.29	1349.79	1316.35	1278.12	1238.97	1190.12	1153.85	1132.97	1124.60	1123.02	1133.02	1042.64	855.42	881.04	941.62	868.84	897.31	911.18	1107.89	1197.26	1153.20
2345.11	2356.29	2364.27	2373.95	2389.42	2399.16	2405.10	2410.00	2421.13	2428.12	2431.83	2442.31	2454.32	2461.81	2468.82	2482.07	2495.98	2506.40	2513.77	2519.50	2522.15	2529.59	2539.11	2545.47	2550.13	2556.28	2561.24	2562.49	2562.10	2560.21	2556.98	2558.86	2557.79	2562.00	2569.14	2570.82	2570.84	2573.75	2575.92	2583.48	2588.03	2590.28	2589.06	2585.14	2589.29	2596.40	2600.78	2605.51	2611.15	2612.56	2613.47	2615.76	2626.39	2635.71	2639.93	2641.84	2641.27	2646.98	2654.38	2659.38	2661.51	2669.48	2678.98	2681.45	2682.82	2683.93	2685.69	2690.27	2702.53	2711.16	2716.15	2719.23	2726.39	2732.96	2742.18	2747.23	2747.75	2756.97	2761.28	2763.38	2767.05	2770.75	2775.40	2781.65	2788.45	2790.70	2790.62	2797.24	2806.87	2815.51	2821.25	2826.97	2834.07	2838.08	2841.16	2846.85	2853.87	2860.78	2868.78	2877.50	2883.04	2889.85	2894.20	2897.40	2894.22	2895.55	2903.20	2908.64	2917.19	2926.07	2929.21	2933.24	2934.59	2932.05	2933.37	2935.90	2939.79	2942.74	2946.16	2949.74	2951.91	2954.02	2954.94	2955.95	2957.27	2957.26	2957.09	2956.18	2953.53	2950.88	2950.01	2948.55	2946.20	2943.36	2938.71	2933.16	2927.92	2921.55	2914.56	2909.67	2903.42	2895.12	2888.22	2881.93	2874.17	2865.58	2856.97	2848.82	2838.63	2828.75	2818.98	2812.19	2799.79	2784.79	2767.21	2749.36	2743.54	2740.41	2735.11	2727.16	2720.98	2719.20	2714.90	2707.29	2696.97	2685.65	2675.22	2667.55	2658.49	2651.45	2644.64	2632.48	2622.57	2617.91	2610.74	2605.80	2599.90	2590.29	2581.64	2568.44	2558.69	2553.51	2544.13	2529.01	2517.11	2512.64	2505.84	2494.51	2490.25	2492.98	2491.11	2486.24	2477.88	2468.53	2454.76	2438.45	2427.81	2418.71	2402.50	2381.35	2364.53	2354.38	2332.03	2300.42	2278.23	2261.43	2229.98	2188.02	2181.50	2157.22	2132.88	2095.06	2079.66	2071.56	2066.56	2071.70	2100.85	2049.37	1874.96	1757.06	1718.37	1690.93	1676.83	1659.87	1651.16	1641.95	1621.26	1594.79	1568.50	1530.33	1499.83	1477.42	1458.38	1433.76	1407.92	1386.82	1371.23	1326.22	1272.15	1232.61	1196.97	1168.40	1145.12	1134.44	1115.68	1085.79	1021.72	910.45	916.78	935.27	814.34	708.31	1071.87	1168.19	1039.41	988.06
2354.00	2362.48	2368.57	2378.47	2393.39	2400.45	2406.80	2413.50	2423.93	2429.01	2434.18	2448.26	2460.51	2468.88	2478.71	2491.84	2503.00	2509.46	2517.28	2523.33	2527.28	2537.89	2545.75	2549.90	2554.72	2560.99	2564.52	2567.53	2570.88	2569.68	2567.64	2571.08	2570.51	2572.71	2578.14	2579.21	2578.57	2580.99	2586.90	2596.07	2600.05	2601.27	2598.14	2595.24	2602.65	2610.20	2609.01	2610.21	2619.11	2624.74	2626.43	2627.56	2636.97	2645.63	2646.68	2641.72	2644.01	2655.63	2661.23	2662.00	2664.73	2674.32	2683.14	2690.51	2695.48	2698.87	2701.39	2705.11	2712.85	2718.55	2723.98	2728.49	2733.01	2738.99	2747.18	2751.44	2757.54	2766.04	2769.90	2771.76	2773.88	2777.16	2781.76	2787.13	2793.60	2795.66	2797.18	2805.76	2814.06	2819.49	2824.36	2834.04	2841.98	2846.68	2847.15	2850.80	2858.58	2865.53	2873.53	2880.09	2885.89	2892.16	2897.46	2899.94	2896.63	2900.45	2906.51	2911.18	2919.24	2927.05	2930.91	2934.14	2934.45	2934.65	2937.58	2940.28	2944.09	2946.33	2948.91	2952.45	2954.59	2955.70	2956.93	2958.51	2960.25	2960.60	2960.78	2959.29	2956.86	2953.74	2950.34	2947.95	2945.74	2943.96	2940.38	2934.43	2927.71	2922.09	2915.12	2909.83	2901.74	2893.11	2887.65	2881.94	2873.99	2865.51	2855.41	2845.24	2837.42	2831.16	2820.53	2812.38	2800.56	2779.81	2761.15	2752.32	2743.11	2734.52	2730.51	2725.85	2717.92	2714.43	2709.88	2702.67	2693.54	2682.71	2673.83	2664.36	2654.16	2645.68	2636.07	2624.53	2617.77	2614.07	2607.84	2600.59	2593.60	2584.12	2576.94	2564.18	2553.64	2547.02	2536.80	2525.46	2513.63	2505.54	2498.11	2485.89	2482.88	2482.19	2475.44	2469.93	2463.65	2453.60	2435.65	2421.94	2420.48	2415.86	2405.08	2387.50	2367.59	2350.23	2334.85	2312.49	2296.01	2273.16	2233.23	2201.18	2193.64	2169.73	2139.98	2113.29	2093.43	2062.20	2021.55	2023.64	2065.59	2051.21	1904.87	1776.16	1727.63	1699.41	1675.54	1659.17	1650.42	1635.71	1616.80	1589.43	1560.11	1524.93	1506.11	1490.74	1471.86	1445.58	1420.29	1405.96	1384.56	1347.16	1303.57	1257.95	1229.20	1201.01	1171.26	1144.85	1107.64	1080.64	1072.19	1005.76	1024.61	970.59	862.09	1021.22	1348.11	1233.38	962.92	847.29
2358.69	2368.67	2376.80	2384.24	2397.17	2406.62	2414.16	2422.32	2429.14	2432.63	2443.82	2458.49	2467.07	2479.23	2489.04	2497.80	2505.92	2512.72	2521.53	2526.49	2531.56	2540.67	2546.57	2551.27	2557.70	2564.21	2567.72	2572.58	2577.70	2575.84	2577.79	2581.42	2582.80	2585.52	2588.76	2588.88	2586.91	2590.01	2600.99	2608.77	2611.29	2612.47	2608.32	2606.54	2613.56	2619.95	2616.86	2619.21	2628.85	2634.45	2637.05	2638.34	2645.27	2651.55	2651.21	2646.38	2654.11	2669.07	2668.80	2669.32	2679.67	2694.43	2696.18	2698.62	2704.34	2708.89	2712.99	2714.84	2720.41	2729.90	2734.54	2735.50	2741.55	2750.79	2757.37	2759.69	2767.27	2773.71	2777.33	2778.18	2779.28	2781.84	2787.25	2793.73	2798.51	2800.70	2802.78	2811.76	2820.25	2824.64	2830.38	2840.32	2846.75	2850.42	2851.03	2852.62	2861.80	2869.91	2877.27	2883.41	2890.25	2894.88	2900.30	2901.20	2900.81	2905.90	2908.26	2912.55	2920.94	2928.17	2932.30	2935.16	2936.20	2938.13	2940.75	2943.57	2947.00	2949.07	2951.29	2954.26	2956.64	2957.43	2959.73	2961.70	2963.03	2963.52	2962.86	2960.74	2958.95	2956.22	2951.41	2947.49	2945.09	2942.12	2939.11	2933.57	2927.92	2922.86	2915.90	2909.83	2901.73	2891.35	2885.12	2879.64	2871.16	2862.03	2854.15	2843.64	2833.50	2828.51	2819.04	2806.97	2794.84	2773.30	2759.86	2760.84	2745.94	2728.59	2725.92	2723.90	2716.40	2709.35	2705.34	2699.20	2691.68	2681.28	2669.24	2658.58	2649.97	2641.05	2630.21	2619.50	2614.68	2610.12	2604.39	2595.21	2587.46	2580.14	2574.70	2562.47	2547.40	2537.85	2528.94	2520.32	2509.36	2498.72	2491.97	2480.48	2475.34	2470.62	2457.94	2453.32	2445.35	2426.48	2415.03	2413.95	2411.05	2405.54	2395.20	2383.07	2361.23	2344.16	2333.90	2318.57	2309.52	2290.05	2254.70	2225.79	2208.11	2181.36	2149.91	2118.64	2076.60	2030.72	2010.82	1986.70	1996.69	2006.31	1928.43	1782.36	1729.64	1704.47	1678.09	1664.03	1655.67	1638.88	1617.38	1587.20	1554.87	1527.29	1515.61	1503.32	1482.09	1456.58	1436.23	1419.05	1399.91	1400.39	1379.92	1314.82	1275.08	1231.74	1217.52	1225.71	1185.98	1152.37	1167.30	1214.46	1158.57	1073.03	1038.84	1211.95	1306.73	1251.95	1079.55	986.33
2363.99	2374.45	2383.91	2391.86	2405.03	2414.16	2421.67	2431.54	2435.26	2439.40	2454.81	2467.10	2475.07	2487.29	2496.06	2503.02	2511.59	2518.57	2523.43	2527.25	2534.94	2544.04	2552.06	2556.49	2561.86	2567.52	2571.77	2579.35	2583.69	2582.16	2586.90	2592.68	2595.17	2596.32	2599.47	2599.24	2600.78	2608.28	2618.66	2622.46	2622.03	2620.94	2619.24	2621.09	2624.84	2627.84	2630.74	2636.57	2639.97	2643.43	2644.71	2648.65	2659.73	2664.00	2661.93	2662.86	2670.74	2679.17	2679.83	2687.17	2701.23	2713.10	2716.22	2713.27	2714.51	2718.82	2722.97	2726.03	2731.36	2740.23	2741.99	2740.54	2748.23	2760.24	2767.45	2768.53	2773.80	2780.04	2783.48	2783.31	2784.11	2786.71	2793.68	2799.54	2803.67	2806.07	2808.44	2817.16	2824.76	2831.04	2837.49	2843.49	2847.20	2850.16	2852.19	2854.34	2865.12	2874.35	2881.66	2888.36	2894.63	2899.65	2904.52	2904.58	2905.71	2909.29	2911.56	2917.45	2926.48	2933.73	2937.35	2938.88	2937.11	2938.70	2942.82	2945.34	2948.87	2952.46	2954.76	2957.55	2959.55	2960.80	2963.27	2965.05	2965.59	2966.40	2964.83	2961.73	2959.82	2958.17	2953.16	2948.45	2944.59	2940.26	2937.12	2932.20	2926.84	2921.32	2915.61	2908.98	2900.47	2889.49	2881.69	2873.46	2864.26	2855.82	2848.78	2836.42	2826.50	2821.50	2811.57	2798.34	2787.72	2773.03	2760.80	2754.09	2737.57	2725.17	2722.62	2719.05	2713.54	2705.55	2698.15	2693.01	2687.22	2677.93	2666.18	2652.97	2644.54	2635.65	2622.95	2615.88	2612.33	2606.55	2599.04	2589.55	2580.59	2573.58	2568.02	2556.11	2537.58	2528.34	2525.12	2515.78	2503.07	2489.44	2480.90	2472.03	2466.12	2456.81	2443.18	2435.42	2422.32	2406.03	2405.52	2406.35	2400.93	2393.38	2382.70	2369.60	2347.85	2334.19	2328.57	2321.40	2314.67	2308.26	2279.91	2245.91	2218.40	2183.09	2131.77	2075.82	2043.53	2008.08	1994.45	1978.11	1959.37	1954.64	1903.26	1778.24	1724.13	1704.77	1685.86	1667.89	1656.61	1643.51	1620.71	1591.32	1561.85	1542.01	1530.46	1511.80	1488.28	1468.09	1454.56	1435.50	1441.03	1428.56	1379.42	1340.66	1288.51	1254.41	1250.66	1262.22	1244.48	1214.81	1205.59	1210.22	1207.69	1135.58	1119.96	1236.90	1289.32	1245.01	1193.69	1123.04
2366.13	2376.96	2386.46	2396.06	2405.16	2413.26	2426.53	2437.99	2442.42	2447.28	2458.37	2470.48	2480.91	2490.20	2497.26	2506.13	2513.59	2518.82	2524.42	2532.71	2543.00	2551.16	2557.30	2560.53	2565.21	2571.30	2578.01	2585.51	2588.67	2587.98	2592.26	2596.98	2600.60	2602.64	2605.62	2609.45	2614.82	2620.51	2627.68	2631.50	2628.55	2627.75	2629.32	2631.75	2635.20	2638.02	2640.92	2645.59	2650.05	2652.72	2651.85	2655.45	2666.90	2672.95	2672.33	2673.81	2679.69	2685.85	2688.58	2693.17	2706.07	2717.13	2723.87	2726.79	2727.17	2729.99	2735.13	2739.43	2742.88	2746.55	2746.75	2750.49	2755.51	2762.40	2769.47	2772.27	2777.35	2783.07	2785.11	2784.92	2787.21	2791.89	2799.37	2804.63	2807.67	2813.14	2822.17	2832.77	2837.19	2840.51	2844.85	2848.64	2852.74	2854.99	2856.36	2860.50	2871.46	2880.07	2885.21	2890.07	2897.12	2901.91	2905.53	2906.55	2909.27	2913.56	2919.18	2924.65	2930.53	2935.97	2939.59	2940.12	2936.97	2939.20	2943.18	2945.42	2948.78	2953.34	2956.20	2958.96	2961.09	2962.85	2965.32	2967.27	2967.27	2967.77	2965.93	2962.22	2959.40	2958.64	2954.57	2949.37	2943.33	2938.01	2934.32	2930.25	2924.52	2918.42	2912.46	2904.16	2895.02	2886.40	2878.03	2867.52	2860.82	2852.62	2842.95	2829.90	2823.14	2817.12	2806.66	2795.34	2787.00	2776.06	2757.35	2739.90	2730.61	2727.79	2722.86	2716.01	2709.74	2701.45	2692.32	2686.95	2681.47	2674.74	2665.65	2651.44	2638.29	2630.66	2619.66	2613.41	2608.78	2602.47	2593.43	2585.61	2577.40	2568.56	2559.27	2547.49	2530.53	2521.98	2520.88	2511.36	2496.94	2481.06	2470.67	2461.75	2453.28	2443.95	2433.55	2424.92	2415.06	2402.08	2398.76	2395.75	2387.61	2378.42	2368.89	2349.11	2331.73	2325.52	2320.97	2314.64	2307.48	2297.51	2274.01	2242.02	2212.36	2171.78	2107.37	2056.33	2034.39	1991.40	1963.49	1954.05	1912.12	1878.95	1830.17	1765.40	1734.81	1717.38	1690.46	1670.09	1660.98	1646.27	1628.30	1607.20	1579.24	1562.33	1544.35	1513.84	1492.32	1485.93	1488.64	1483.83	1480.35	1451.41	1396.97	1381.94	1339.81	1298.70	1301.40	1271.42	1242.90	1221.45	1205.43	1196.79	1195.68	1173.85	1199.61	1250.61	1260.95	1246.54	1239.85	1199.15
2367.94	2384.60	2395.40	2401.84	2406.34	2419.03	2435.42	2443.78	2447.96	2451.19	2458.45	2472.28	2482.19	2489.33	2498.06	2504.65	2510.93	2520.19	2530.83	2539.03	2546.37	2553.52	2559.26	2563.51	2569.55	2577.58	2586.10	2591.97	2593.76	2594.16	2598.20	2602.96	2603.05	2604.43	2610.15	2616.52	2624.48	2630.25	2634.20	2635.08	2633.04	2635.13	2638.41	2641.56	2645.61	2649.61	2650.00	2652.76	2658.44	2660.48	2656.30	2657.69	2668.50	2677.51	2682.07	2686.73	2694.21	2698.52	2698.78	2700.11	2713.92	2720.54	2726.07	2733.31	2736.11	2736.94	2742.08	2747.35	2751.60	2755.62	2757.24	2761.75	2765.79	2771.49	2776.30	2776.53	2779.42	2785.37	2788.87	2788.28	2790.58	2796.28	2803.93	2809.90	2813.82	2821.58	2833.91	2844.91	2849.73	2852.36	2855.80	2858.69	2862.56	2864.59	2865.25	2870.69	2879.97	2885.89	2890.60	2895.93	2900.70	2903.41	2905.95	2908.15	2911.49	2916.79	2924.12	2929.93	2934.62	2937.96	2941.24	2939.58	2937.37	2941.42	2945.84	2947.58	2950.45	2955.20	2957.60	2960.48	2962.86	2964.89	2966.75	2968.54	2968.21	2967.66	2965.63	2962.26	2958.86	2957.13	2954.07	2949.24	2943.75	2936.42	2930.91	2927.13	2922.05	2915.97	2909.24	2900.47	2891.24	2883.97	2876.82	2866.66	2860.53	2851.96	2841.54	2829.96	2822.62	2815.28	2804.47	2795.63	2788.51	2775.92	2752.36	2738.28	2734.63	2730.00	2723.93	2714.32	2705.08	2696.78	2687.66	2679.81	2674.62	2670.09	2661.43	2648.61	2635.26	2628.58	2618.75	2610.70	2604.33	2597.57	2588.55	2580.73	2573.24	2563.56	2552.03	2543.46	2529.13	2516.77	2511.76	2504.54	2491.59	2477.92	2465.23	2448.03	2435.17	2429.94	2426.72	2422.97	2415.93	2402.14	2392.98	2386.98	2375.28	2363.38	2349.94	2328.26	2318.82	2318.14	2310.49	2298.81	2284.81	2267.65	2254.61	2221.42	2177.24	2132.69	2082.51	2051.43	2026.26	1977.62	1938.65	1930.76	1888.60	1849.46	1820.11	1779.43	1754.53	1732.54	1701.69	1675.66	1664.64	1651.96	1643.33	1627.27	1589.69	1565.49	1551.68	1522.04	1501.28	1503.79	1514.09	1513.49	1501.68	1472.21	1425.19	1412.71	1388.67	1347.42	1326.91	1289.57	1256.11	1239.21	1221.22	1207.99	1206.41	1199.29	1220.33	1229.53	1228.06	1219.39	1246.10	1184.67
2374.11	2390.45	2400.97	2404.54	2406.28	2430.12	2444.45	2448.76	2448.67	2449.97	2458.06	2474.64	2484.25	2491.68	2501.40	2507.39	2515.25	2529.58	2539.70	2543.37	2545.99	2551.47	2558.76	2568.24	2576.51	2585.03	2593.71	2597.39	2599.88	2602.90	2606.08	2611.67	2610.25	2613.76	2621.07	2627.37	2634.63	2640.85	2643.29	2641.79	2644.16	2647.54	2651.03	2654.43	2657.58	2662.47	2663.41	2666.72	2672.94	2672.27	2666.12	2663.09	2670.96	2682.23	2690.80	2698.45	2705.64	2707.44	2708.26	2711.20	2723.01	2728.68	2731.22	2736.07	2740.36	2742.90	2749.67	2754.11	2758.54	2766.70	2773.91	2778.31	2780.89	2786.19	2787.19	2783.15	2786.57	2792.69	2798.70	2799.15	2800.72	2806.43	2815.25	2823.01	2828.58	2836.87	2846.66	2855.19	2859.98	2862.20	2863.82	2867.15	2871.66	2874.98	2875.95	2880.17	2887.16	2893.07	2899.07	2903.40	2904.44	2907.06	2910.93	2913.76	2917.36	2923.24	2929.73	2934.93	2939.31	2942.08	2942.57	2938.45	2938.56	2943.68	2948.98	2951.47	2953.88	2958.00	2960.74	2963.78	2965.40	2967.11	2968.31	2969.46	2968.66	2967.41	2965.61	2962.74	2959.26	2955.83	2952.65	2948.71	2944.89	2937.83	2930.84	2924.99	2918.66	2914.07	2907.85	2897.20	2889.02	2882.85	2875.78	2868.86	2862.73	2853.73	2842.99	2830.42	2821.60	2814.30	2799.66	2792.45	2788.97	2779.46	2757.13	2740.29	2734.82	2728.29	2720.77	2709.68	2700.39	2694.10	2685.39	2674.26	2667.74	2662.86	2655.08	2644.81	2633.28	2624.99	2614.20	2605.12	2598.22	2588.55	2580.69	2574.11	2565.43	2554.01	2541.71	2535.57	2524.17	2511.25	2504.22	2495.89	2485.80	2475.41	2456.30	2434.72	2424.90	2423.85	2421.64	2416.94	2409.64	2397.29	2385.24	2376.07	2362.44	2344.85	2324.72	2305.03	2305.55	2306.34	2291.32	2278.80	2262.70	2234.64	2218.68	2192.01	2132.15	2083.47	2058.10	2044.33	2022.50	1985.27	1937.16	1917.66	1900.12	1869.52	1852.40	1813.03	1775.17	1746.54	1729.51	1712.39	1680.60	1660.28	1652.16	1640.56	1603.53	1577.33	1558.88	1536.88	1515.86	1520.94	1528.65	1522.27	1508.95	1476.40	1444.42	1425.14	1401.61	1371.38	1338.85	1295.83	1272.31	1258.63	1241.83	1228.33	1220.82	1209.14	1192.88	1180.26	1185.57	1159.15	1122.24	1081.23
2379.91	2390.29	2400.44	2406.15	2409.28	2436.62	2449.24	2450.11	2450.27	2451.15	2456.96	2478.23	2492.24	2500.48	2506.33	2512.81	2524.51	2539.11	2546.36	2547.80	2547.77	2551.67	2560.88	2573.13	2582.64	2591.62	2599.53	2603.34	2607.01	2610.44	2614.03	2619.70	2620.72	2625.17	2631.63	2638.74	2644.16	2649.94	2651.53	2651.30	2654.48	2657.23	2661.68	2663.15	2666.44	2672.09	2674.36	2679.38	2683.93	2682.55	2680.69	2680.88	2689.21	2697.18	2702.59	2704.21	2705.57	2710.69	2715.16	2720.30	2730.20	2737.30	2739.81	2741.49	2743.46	2750.39	2761.05	2763.42	2763.53	2775.00	2784.24	2790.99	2793.34	2795.49	2795.51	2795.38	2802.49	2807.99	2810.49	2812.63	2820.34	2830.90	2834.99	2839.78	2845.86	2852.13	2858.08	2864.49	2868.93	2868.92	2872.16	2876.83	2880.34	2882.44	2883.67	2886.55	2891.80	2896.82	2902.64	2907.63	2910.19	2913.19	2917.28	2921.29	2924.01	2928.21	2932.92	2937.48	2941.68	2942.32	2942.16	2942.25	2945.50	2949.47	2953.48	2955.88	2957.46	2961.14	2964.14	2966.45	2967.80	2968.72	2969.67	2969.97	2969.39	2967.46	2965.37	2962.76	2959.05	2954.58	2951.62	2947.63	2944.12	2937.74	2931.05	2924.79	2916.55	2911.78	2905.14	2896.97	2888.63	2881.57	2874.60	2869.38	2863.33	2853.55	2842.34	2830.07	2819.48	2810.48	2796.68	2790.51	2788.39	2779.55	2761.70	2741.84	2731.02	2722.77	2715.57	2708.07	2700.41	2693.41	2684.14	2671.87	2663.84	2658.84	2652.19	2643.56	2632.54	2620.60	2608.15	2600.59	2592.78	2582.40	2575.02	2568.62	2558.55	2544.47	2531.71	2525.58	2514.09	2502.98	2495.77	2484.88	2476.73	2466.53	2446.35	2431.77	2426.52	2421.53	2420.16	2413.60	2403.24	2386.98	2373.57	2365.70	2349.53	2323.47	2306.12	2291.24	2286.55	2283.99	2273.35	2264.07	2250.60	2214.69	2183.92	2165.70	2108.36	2067.14	2055.37	2041.78	2018.34	1989.85	1944.84	1914.70	1904.09	1877.23	1850.11	1812.53	1790.41	1765.95	1750.00	1734.20	1701.25	1682.24	1666.64	1650.72	1640.34	1629.19	1601.13	1562.96	1531.99	1535.41	1536.22	1524.19	1508.04	1484.23	1450.85	1430.53	1410.22	1378.15	1342.42	1311.12	1287.95	1274.34	1256.53	1239.81	1222.53	1207.08	1170.61	1135.61	1137.81	1081.55	989.50	973.01
2387.97	2397.66	2404.12	2413.94	2427.28	2443.12	2454.25	2453.70	2450.75	2448.44	2460.33	2483.68	2497.42	2506.79	2509.14	2517.51	2529.70	2543.32	2548.48	2548.47	2548.51	2552.73	2563.98	2576.02	2585.72	2595.19	2602.70	2608.84	2613.26	2617.71	2623.57	2629.08	2632.14	2636.10	2639.94	2645.44	2652.21	2658.30	2658.37	2659.31	2662.82	2665.80	2669.17	2669.93	2673.63	2680.33	2684.17	2688.22	2691.90	2694.03	2695.15	2703.41	2713.01	2716.80	2717.70	2713.42	2714.62	2727.10	2733.52	2736.49	2742.71	2746.94	2747.91	2752.44	2753.06	2758.17	2769.10	2774.10	2778.43	2789.12	2794.78	2800.49	2803.55	2805.28	2808.33	2814.72	2820.04	2822.11	2821.24	2825.47	2839.80	2849.33	2849.79	2854.66	2860.17	2864.54	2868.38	2871.07	2873.95	2875.38	2880.36	2885.27	2888.54	2889.21	2888.71	2891.05	2895.20	2898.42	2904.17	2912.49	2919.31	2921.86	2923.78	2927.66	2929.25	2931.31	2936.10	2939.88	2943.59	2944.72	2947.20	2949.93	2952.78	2955.47	2958.17	2960.14	2960.81	2963.27	2966.15	2968.45	2970.06	2970.83	2970.58	2969.75	2968.78	2967.04	2964.66	2962.01	2957.21	2951.93	2949.48	2945.44	2940.03	2936.26	2931.07	2923.74	2915.95	2912.07	2903.25	2898.28	2890.12	2880.12	2870.97	2866.71	2861.10	2852.57	2840.23	2829.18	2816.44	2802.64	2792.97	2786.40	2779.46	2770.51	2757.53	2742.85	2729.41	2719.21	2712.35	2705.97	2698.57	2691.00	2681.33	2669.87	2659.70	2653.30	2646.39	2638.45	2627.95	2616.65	2607.58	2600.25	2591.33	2581.51	2571.39	2558.61	2548.06	2535.83	2522.49	2514.69	2503.28	2493.84	2486.30	2476.49	2467.38	2457.48	2444.44	2433.05	2423.79	2416.18	2415.47	2411.76	2401.00	2383.15	2365.84	2354.01	2337.47	2309.48	2297.41	2287.74	2275.96	2267.81	2260.33	2250.24	2237.72	2197.74	2152.90	2133.14	2089.00	2061.05	2053.27	2040.06	2017.22	1992.74	1942.60	1907.50	1898.92	1881.51	1847.02	1808.72	1800.94	1783.65	1763.77	1729.61	1700.27	1701.46	1692.20	1686.17	1702.33	1668.28	1636.75	1605.28	1578.45	1568.32	1552.86	1529.36	1509.11	1492.44	1455.18	1434.01	1414.46	1382.42	1351.38	1323.59	1300.02	1283.23	1263.52	1245.23	1225.14	1194.85	1126.17	1067.42	1060.87	1033.63	897.18	783.04
2399.28	2409.50	2412.61	2424.62	2440.50	2447.85	2453.46	2456.71	2454.87	2453.07	2472.94	2491.76	2502.85	2508.85	2513.47	2522.14	2529.99	2540.00	2543.86	2544.46	2547.60	2557.47	2570.19	2581.06	2591.01	2599.59	2605.17	2610.82	2613.09	2618.31	2627.30	2634.32	2638.17	2643.52	2648.15	2652.32	2657.40	2662.12	2662.49	2665.51	2668.95	2671.08	2674.20	2677.26	2683.41	2689.07	2692.11	2695.69	2701.35	2704.80	2704.63	2713.16	2723.25	2725.76	2725.35	2728.15	2734.14	2744.19	2749.03	2751.89	2754.06	2753.86	2757.12	2761.77	2761.66	2764.66	2774.78	2782.73	2787.66	2795.48	2800.26	2804.02	2807.54	2814.16	2822.28	2827.92	2832.51	2832.70	2831.51	2835.60	2848.36	2857.37	2861.90	2866.81	2870.49	2873.26	2876.23	2877.36	2878.55	2881.15	2886.37	2893.02	2895.81	2894.10	2893.52	2898.25	2900.44	2903.55	2910.17	2918.39	2925.01	2928.28	2929.94	2933.27	2934.92	2937.71	2942.62	2944.12	2947.51	2949.32	2950.70	2953.93	2956.96	2959.21	2961.66	2963.86	2964.89	2966.86	2968.83	2970.92	2972.83	2973.63	2972.47	2970.44	2968.06	2965.75	2963.16	2960.49	2956.64	2951.40	2947.66	2942.54	2937.44	2935.70	2931.97	2922.66	2915.30	2913.45	2902.72	2894.55	2886.52	2877.87	2867.15	2859.89	2856.29	2845.77	2832.45	2822.67	2811.19	2799.12	2791.97	2784.39	2776.32	2767.26	2755.11	2745.40	2734.69	2720.11	2710.00	2703.17	2693.80	2684.95	2676.82	2666.75	2654.99	2645.65	2638.52	2631.53	2625.13	2616.91	2609.33	2599.49	2587.30	2575.06	2562.91	2547.50	2540.09	2530.18	2517.91	2509.93	2499.20	2488.31	2481.10	2473.62	2459.86	2448.27	2441.56	2429.48	2418.50	2410.64	2403.93	2400.78	2393.74	2377.82	2362.96	2345.00	2322.58	2302.45	2291.46	2278.11	2268.15	2260.73	2248.75	2231.74	2211.87	2171.29	2125.31	2108.95	2086.89	2062.79	2057.70	2045.98	2022.27	1991.62	1934.84	1895.38	1892.01	1879.30	1849.92	1816.36	1804.26	1790.99	1770.87	1730.98	1703.67	1712.25	1712.99	1706.22	1699.28	1674.54	1648.61	1624.72	1611.15	1588.41	1563.75	1527.37	1502.58	1486.10	1455.97	1430.41	1408.46	1377.35	1353.22	1327.11	1302.56	1279.57	1264.49	1245.37	1221.45	1186.47	1085.09	1011.16	1000.86	1012.42	845.25	659.10
2406.13	2415.73	2419.88	2430.04	2443.33	2449.09	2456.49	2462.94	2464.62	2465.47	2481.45	2498.72	2507.55	2514.59	2523.18	2529.03	2535.26	2541.34	2543.94	2552.87	2564.73	2572.82	2579.14	2587.90	2596.27	2603.66	2609.59	2613.38	2613.33	2620.21	2632.23	2639.42	2645.41	2651.97	2655.56	2658.57	2660.67	2662.94	2665.34	2670.74	2674.47	2676.34	2680.12	2685.75	2692.61	2697.72	2700.07	2702.70	2706.39	2710.33	2712.66	2719.78	2728.83	2730.47	2734.50	2739.81	2744.61	2752.80	2758.65	2764.65	2766.80	2766.94	2771.68	2773.03	2769.88	2773.62	2782.74	2788.95	2792.19	2800.10	2806.03	2809.35	2811.09	2820.55	2831.13	2837.30	2842.50	2843.51	2846.66	2850.35	2855.92	2861.93	2868.37	2874.76	2878.09	2880.84	2882.84	2885.67	2887.54	2888.71	2892.64	2900.83	2902.56	2899.85	2901.24	2904.68	2906.24	2912.48	2919.20	2924.81	2929.81	2931.99	2934.51	2939.34	2941.33	2943.66	2948.23	2948.80	2950.93	2952.18	2952.66	2956.37	2959.61	2962.17	2964.26	2966.69	2968.89	2971.56	2974.14	2975.07	2975.24	2975.74	2974.84	2972.35	2968.74	2964.66	2961.39	2959.61	2956.90	2950.77	2945.97	2942.01	2937.42	2933.74	2929.66	2919.54	2913.15	2910.34	2900.36	2885.54	2878.72	2875.72	2865.56	2854.55	2848.06	2835.05	2826.00	2818.47	2808.69	2800.63	2793.65	2785.19	2776.90	2766.66	2754.70	2745.95	2735.33	2717.27	2705.17	2696.82	2687.12	2680.24	2672.36	2662.84	2652.80	2644.48	2637.33	2628.40	2621.79	2614.33	2605.60	2593.50	2577.73	2563.03	2553.43	2544.25	2538.20	2527.13	2515.93	2508.02	2499.48	2487.79	2477.59	2468.98	2454.35	2441.42	2434.03	2422.39	2410.02	2399.63	2384.58	2382.36	2379.78	2366.75	2349.01	2328.45	2304.11	2296.50	2290.14	2272.68	2263.10	2253.38	2240.09	2214.59	2184.34	2143.68	2115.32	2104.37	2089.10	2058.02	2057.55	2045.35	2022.18	1988.59	1931.42	1895.00	1898.71	1886.88	1860.68	1825.99	1810.13	1795.92	1777.29	1754.59	1730.06	1714.85	1714.02	1708.54	1694.55	1674.02	1647.75	1626.07	1613.54	1593.26	1558.01	1509.53	1478.55	1467.18	1444.38	1417.19	1394.65	1366.12	1346.88	1323.60	1299.98	1270.82	1257.35	1241.03	1215.13	1156.02	1057.94	963.04	917.19	931.61	819.98	650.01
2407.95	2415.13	2423.99	2430.62	2443.50	2450.86	2461.99	2471.16	2473.58	2475.75	2486.60	2498.03	2508.54	2520.78	2530.58	2534.34	2539.03	2547.24	2553.33	2565.49	2576.88	2582.53	2587.51	2594.39	2598.64	2606.36	2615.38	2619.88	2621.02	2630.24	2639.87	2645.33	2651.00	2656.93	2660.14	2664.13	2667.84	2670.71	2673.66	2678.27	2681.99	2685.00	2690.57	2696.33	2700.52	2704.89	2708.18	2710.64	2715.91	2720.29	2721.70	2725.57	2730.89	2734.11	2742.16	2747.32	2751.75	2760.28	2768.83	2775.63	2779.95	2782.43	2785.55	2786.17	2782.91	2787.01	2792.84	2793.73	2796.41	2805.88	2813.33	2815.38	2820.77	2831.55	2838.86	2844.26	2851.94	2857.50	2864.40	2869.48	2871.31	2868.58	2868.91	2877.51	2882.89	2887.37	2889.76	2893.31	2896.09	2897.37	2899.41	2904.11	2905.53	2906.32	2909.30	2910.34	2915.28	2922.35	2926.80	2931.30	2935.62	2937.09	2938.53	2942.86	2946.28	2949.53	2952.83	2952.59	2952.54	2955.68	2957.95	2959.97	2961.64	2964.43	2966.83	2970.05	2973.49	2975.95	2978.17	2978.72	2978.22	2977.05	2975.50	2973.84	2970.63	2964.18	2959.28	2958.14	2954.88	2949.04	2945.20	2940.88	2935.69	2930.05	2923.14	2914.13	2912.74	2907.72	2892.97	2876.72	2875.49	2873.34	2862.10	2849.46	2842.72	2832.53	2828.16	2820.83	2810.70	2801.20	2792.45	2784.68	2775.90	2764.20	2754.35	2746.08	2732.70	2714.99	2701.52	2690.55	2680.29	2674.89	2669.53	2659.22	2649.04	2642.18	2633.29	2621.61	2612.40	2603.70	2592.76	2581.41	2567.05	2556.75	2552.19	2543.11	2535.31	2520.70	2509.88	2503.22	2494.81	2485.53	2474.86	2465.75	2453.62	2437.99	2426.32	2413.47	2395.82	2379.61	2363.32	2360.16	2361.07	2354.21	2330.74	2307.61	2288.49	2282.71	2275.89	2261.62	2253.63	2241.46	2230.43	2203.55	2165.83	2132.93	2103.19	2094.55	2088.53	2055.73	2051.06	2041.46	2021.34	1993.87	1953.22	1922.02	1916.61	1890.53	1857.00	1828.23	1813.29	1801.32	1782.24	1760.42	1742.53	1721.31	1712.22	1717.27	1703.89	1673.16	1650.19	1630.44	1601.09	1567.29	1526.77	1486.40	1461.56	1452.41	1437.98	1410.65	1383.52	1353.74	1336.23	1320.43	1284.02	1249.13	1242.49	1231.23	1190.13	1073.88	1064.25	1010.30	831.60	751.52	707.10	659.71
2409.07	2419.02	2431.39	2438.98	2447.15	2456.58	2469.74	2479.57	2483.23	2485.74	2491.37	2500.81	2516.26	2527.86	2536.23	2537.77	2541.83	2556.12	2564.17	2573.88	2583.21	2589.91	2595.27	2598.68	2601.03	2611.52	2621.03	2625.70	2628.17	2638.46	2647.10	2651.12	2656.69	2662.52	2665.89	2670.68	2672.89	2674.88	2680.22	2685.44	2688.95	2692.64	2698.48	2702.63	2706.30	2710.95	2714.90	2718.02	2724.70	2730.80	2732.03	2735.88	2739.58	2740.18	2746.91	2755.24	2761.87	2770.05	2776.84	2782.18	2787.49	2792.22	2796.54	2798.43	2799.30	2803.24	2805.45	2803.56	2804.86	2812.04	2818.00	2820.16	2829.27	2842.59	2848.43	2855.44	2865.16	2869.66	2873.57	2881.29	2886.30	2880.81	2874.02	2877.35	2884.75	2890.04	2892.83	2898.32	2902.20	2904.50	2905.50	2907.74	2909.78	2912.65	2916.38	2919.49	2926.20	2930.23	2931.60	2936.34	2941.20	2943.41	2944.51	2946.54	2948.68	2951.43	2954.37	2955.96	2957.68	2961.74	2963.60	2964.99	2966.70	2968.21	2969.89	2973.24	2977.01	2979.33	2980.89	2981.18	2980.62	2978.79	2976.00	2975.12	2971.88	2962.90	2956.99	2956.99	2952.62	2947.32	2942.69	2937.75	2933.19	2927.93	2920.50	2910.44	2908.92	2902.19	2885.55	2875.96	2875.92	2870.38	2858.92	2849.79	2843.70	2835.18	2827.22	2821.39	2813.12	2803.01	2790.97	2783.04	2776.27	2764.01	2752.86	2744.09	2732.20	2716.33	2696.69	2684.72	2676.38	2669.85	2664.94	2654.54	2641.71	2633.57	2625.16	2613.96	2600.72	2591.40	2583.88	2576.63	2567.23	2559.49	2551.27	2537.67	2527.39	2513.14	2504.45	2498.92	2490.67	2480.14	2469.65	2460.26	2446.93	2429.12	2415.01	2403.65	2387.95	2371.78	2360.73	2352.51	2345.85	2337.00	2322.91	2307.21	2287.93	2269.16	2255.70	2247.95	2238.58	2221.70	2206.36	2182.16	2144.75	2124.29	2099.20	2086.50	2078.58	2048.31	2044.81	2039.50	2014.84	1992.20	1964.00	1939.67	1922.34	1888.83	1853.68	1834.91	1823.83	1814.15	1792.96	1767.27	1746.57	1734.91	1729.90	1730.67	1718.63	1691.94	1667.13	1646.26	1574.93	1504.80	1475.15	1457.69	1450.05	1445.43	1430.83	1405.69	1376.44	1344.21	1315.47	1280.19	1240.66	1220.49	1220.71	1225.81	1186.76	986.33	975.88	993.20	795.97	655.41	643.44	666.41
2413.03	2426.07	2437.71	2447.27	2456.06	2465.57	2478.34	2487.74	2490.66	2493.84	2499.11	2509.35	2524.82	2534.97	2542.45	2546.41	2553.13	2565.03	2572.78	2579.60	2589.07	2597.24	2604.13	2606.44	2608.40	2619.24	2627.67	2633.15	2635.74	2644.84	2653.88	2657.99	2662.80	2668.33	2673.17	2677.23	2679.02	2683.41	2687.13	2689.92	2695.44	2702.16	2708.02	2709.63	2710.77	2715.61	2720.77	2724.28	2730.38	2736.87	2739.90	2747.32	2753.14	2757.08	2765.72	2771.94	2776.49	2781.40	2787.08	2791.96	2796.60	2802.49	2808.48	2810.64	2813.57	2816.73	2818.89	2816.56	2818.72	2824.04	2825.38	2827.18	2839.60	2851.00	2857.05	2864.77	2873.33	2877.84	2881.33	2890.55	2893.85	2890.13	2886.47	2885.24	2887.99	2892.52	2895.91	2900.57	2905.53	2910.36	2912.35	2914.74	2917.30	2918.22	2921.18	2926.26	2932.17	2935.22	2935.89	2939.46	2944.06	2947.29	2948.60	2949.47	2951.13	2953.16	2956.96	2960.53	2963.17	2966.33	2967.51	2968.87	2971.12	2972.95	2974.39	2976.93	2979.57	2981.55	2983.30	2983.55	2982.76	2981.63	2978.39	2975.83	2971.56	2963.50	2955.78	2955.51	2950.88	2945.35	2939.74	2935.06	2930.32	2925.06	2918.08	2908.09	2905.26	2898.04	2885.26	2879.26	2875.41	2867.31	2858.25	2851.86	2846.87	2840.58	2830.10	2820.39	2813.31	2806.11	2794.84	2781.22	2772.65	2764.07	2752.03	2739.55	2729.22	2710.08	2687.28	2678.80	2671.05	2663.52	2658.44	2648.77	2636.93	2627.19	2616.98	2606.85	2596.49	2590.48	2585.29	2577.80	2567.35	2558.58	2545.45	2527.31	2517.48	2510.15	2502.04	2493.38	2484.03	2470.88	2462.28	2454.43	2443.08	2425.25	2410.18	2400.15	2386.55	2367.56	2355.21	2345.48	2335.91	2328.14	2321.21	2305.27	2283.28	2257.99	2248.39	2239.82	2224.55	2201.67	2183.27	2159.66	2132.15	2121.43	2106.67	2086.91	2065.52	2041.96	2036.40	2035.87	2018.28	1995.97	1971.59	1953.12	1935.72	1901.88	1865.43	1843.59	1839.12	1839.06	1827.65	1796.27	1771.05	1758.57	1744.79	1731.45	1728.25	1704.12	1681.87	1662.32	1577.88	1469.97	1457.38	1432.48	1427.92	1427.72	1411.44	1389.84	1364.35	1333.67	1298.33	1252.06	1202.82	1175.54	1189.84	1202.61	1161.57	970.34	885.39	838.20	764.75	701.70	649.51	664.36
2417.60	2431.43	2440.60	2453.65	2466.43	2474.50	2484.26	2490.16	2492.52	2499.44	2507.82	2516.62	2530.34	2540.05	2548.30	2556.42	2561.55	2568.98	2577.22	2584.37	2591.85	2601.09	2609.81	2613.48	2617.26	2627.26	2635.82	2642.13	2643.31	2650.82	2659.95	2663.74	2668.78	2675.35	2678.76	2682.59	2688.57	2695.90	2698.28	2700.02	2703.72	2709.89	2716.53	2719.33	2719.90	2723.96	2730.28	2734.47	2738.90	2742.46	2744.96	2752.57	2761.27	2771.84	2782.12	2787.33	2789.72	2791.59	2795.90	2801.37	2808.10	2814.03	2818.16	2820.22	2822.45	2826.08	2829.37	2829.50	2833.25	2835.70	2833.51	2837.58	2852.63	2863.77	2870.06	2877.18	2883.82	2886.07	2888.61	2895.70	2896.99	2895.89	2897.44	2900.97	2901.83	2900.63	2903.07	2904.62	2909.05	2914.93	2918.68	2922.04	2923.59	2923.77	2927.41	2933.05	2937.54	2941.00	2942.13	2945.26	2946.63	2948.42	2950.13	2953.57	2956.87	2958.08	2960.99	2963.60	2966.18	2968.80	2971.49	2972.80	2974.30	2976.87	2979.10	2981.24	2982.74	2983.56	2984.73	2984.98	2984.00	2983.00	2980.14	2976.93	2971.12	2964.04	2954.70	2953.44	2948.72	2942.56	2937.74	2934.04	2927.95	2920.99	2914.82	2907.13	2902.44	2895.99	2887.81	2880.71	2874.45	2868.08	2860.30	2852.91	2848.98	2843.09	2834.89	2821.66	2810.40	2803.26	2794.81	2781.82	2769.99	2760.96	2749.55	2732.75	2717.49	2697.70	2684.04	2677.24	2670.63	2663.02	2656.04	2646.73	2636.07	2625.98	2617.30	2607.33	2598.88	2592.48	2584.06	2576.41	2565.38	2549.59	2531.88	2520.10	2515.34	2510.60	2502.75	2488.32	2469.32	2456.46	2450.85	2447.16	2440.77	2425.05	2407.73	2393.75	2381.83	2363.74	2345.80	2330.61	2321.92	2317.68	2309.08	2291.96	2274.45	2250.66	2242.07	2231.39	2216.74	2192.02	2178.09	2155.70	2129.25	2115.04	2102.07	2083.32	2058.72	2043.92	2036.71	2030.59	2018.39	1999.67	1978.96	1961.97	1940.16	1912.92	1885.53	1860.23	1852.61	1856.83	1854.41	1824.61	1790.05	1765.24	1737.49	1716.74	1709.13	1689.64	1673.60	1656.14	1582.70	1487.90	1475.03	1415.29	1399.35	1398.43	1382.94	1375.21	1357.45	1324.95	1285.80	1240.79	1190.27	1144.53	1144.68	1104.90	1042.38	966.18	903.43	822.20	784.30	772.75	728.01	675.39
2425.68	2435.96	2446.17	2461.04	2473.58	2480.98	2487.84	2492.36	2497.62	2506.92	2516.84	2525.99	2537.25	2546.55	2554.74	2562.78	2566.31	2570.56	2579.66	2588.07	2592.91	2600.56	2610.07	2616.61	2624.75	2636.14	2645.07	2649.12	2649.15	2657.78	2664.92	2668.61	2674.45	2680.01	2682.49	2688.88	2696.13	2702.59	2707.23	2711.39	2712.78	2715.48	2720.16	2725.21	2728.76	2733.54	2739.06	2742.62	2747.39	2751.00	2753.95	2759.75	2768.56	2779.19	2788.18	2794.74	2798.04	2799.84	2803.56	2809.17	2816.13	2821.11	2824.48	2826.79	2829.81	2835.33	2839.69	2839.97	2841.87	2843.19	2844.33	2852.70	2865.16	2876.05	2880.57	2886.09	2891.15	2891.59	2893.44	2897.30	2897.11	2899.46	2905.82	2912.55	2915.54	2911.64	2911.79	2912.02	2915.43	2918.05	2921.50	2926.53	2928.01	2928.30	2933.12	2938.76	2942.92	2946.44	2947.00	2948.17	2949.27	2951.89	2954.35	2958.11	2961.07	2962.66	2965.02	2966.67	2968.87	2970.98	2974.19	2975.76	2977.40	2979.58	2981.95	2984.39	2985.85	2986.07	2985.56	2985.00	2984.40	2983.35	2980.72	2977.35	2971.05	2962.62	2953.86	2952.78	2947.79	2940.56	2935.95	2933.09	2927.23	2919.57	2912.73	2906.03	2901.01	2895.26	2889.60	2882.32	2874.68	2869.76	2861.95	2851.40	2847.24	2843.51	2835.71	2822.88	2810.66	2800.00	2787.59	2778.55	2769.47	2757.90	2744.19	2722.72	2703.77	2694.57	2690.00	2680.98	2673.22	2664.36	2654.18	2644.22	2634.08	2623.92	2617.05	2607.82	2598.86	2593.28	2580.55	2571.74	2560.40	2540.23	2523.00	2519.30	2513.20	2507.49	2500.11	2477.10	2453.12	2446.36	2442.06	2441.01	2436.00	2420.70	2400.88	2387.29	2377.37	2359.55	2335.74	2318.53	2313.68	2308.95	2297.33	2283.64	2269.77	2248.53	2234.52	2225.11	2214.31	2186.60	2170.74	2152.74	2127.46	2109.48	2096.50	2079.35	2059.21	2049.72	2042.82	2030.45	2018.55	2002.95	1986.38	1970.14	1938.66	1912.05	1893.62	1874.29	1859.95	1864.39	1859.57	1829.09	1791.49	1762.61	1724.52	1699.35	1693.39	1673.11	1657.73	1644.89	1587.34	1537.54	1486.94	1405.24	1391.98	1380.90	1359.35	1358.95	1346.67	1312.01	1264.80	1214.61	1181.27	1139.83	1114.74	995.78	929.72	905.88	879.86	830.51	802.98	830.38	806.75	704.79
2439.46	2443.85	2456.14	2470.27	2479.72	2488.25	2492.65	2495.57	2503.72	2515.33	2525.83	2534.36	2544.42	2553.82	2561.95	2568.79	2571.18	2575.26	2584.79	2592.20	2594.88	2600.71	2613.67	2622.28	2631.10	2642.19	2650.78	2655.15	2657.47	2665.47	2670.26	2675.55	2682.05	2685.95	2688.96	2696.12	2701.49	2707.24	2713.90	2718.31	2720.38	2724.18	2727.18	2730.78	2735.19	2740.71	2745.63	2748.30	2753.26	2758.02	2763.56	2769.34	2775.11	2783.05	2789.22	2795.35	2801.20	2805.45	2810.00	2816.77	2824.14	2828.78	2831.78	2835.59	2839.92	2844.14	2847.71	2848.39	2851.07	2853.78	2858.24	2865.78	2874.58	2882.17	2886.06	2893.55	2898.55	2898.72	2900.45	2903.42	2902.32	2904.36	2913.77	2920.28	2922.97	2920.90	2922.05	2923.74	2925.05	2925.43	2927.24	2931.01	2932.65	2933.32	2936.68	2942.26	2947.28	2950.64	2949.64	2950.69	2954.23	2959.08	2961.12	2962.32	2963.88	2966.19	2968.41	2971.05	2973.59	2974.84	2976.28	2978.21	2980.85	2982.85	2984.00	2986.27	2988.21	2988.85	2987.33	2985.91	2984.40	2982.73	2981.59	2978.21	2971.70	2961.49	2952.67	2952.53	2947.14	2938.46	2933.15	2931.95	2927.24	2919.66	2910.33	2903.36	2899.26	2892.73	2886.66	2880.43	2872.64	2867.98	2861.03	2848.76	2842.31	2839.21	2831.19	2820.20	2809.59	2794.91	2778.46	2773.53	2768.11	2754.13	2738.67	2717.24	2699.00	2695.73	2691.86	2683.98	2672.27	2661.60	2650.33	2640.77	2629.74	2619.58	2613.07	2604.66	2596.75	2591.12	2575.18	2563.95	2552.27	2532.82	2519.28	2514.95	2507.80	2502.18	2486.78	2459.87	2448.10	2444.18	2441.50	2439.45	2430.29	2415.19	2389.51	2373.34	2363.70	2346.68	2326.61	2315.55	2308.82	2301.42	2291.29	2282.49	2272.12	2254.59	2233.28	2221.09	2213.05	2181.78	2163.92	2156.03	2131.99	2112.53	2101.70	2082.09	2062.72	2056.35	2053.67	2044.83	2030.66	2013.80	1999.58	1984.48	1950.31	1918.26	1904.87	1888.39	1864.63	1858.17	1852.18	1828.85	1795.78	1739.96	1707.56	1689.63	1680.79	1659.63	1638.59	1622.78	1585.43	1548.62	1473.39	1407.80	1401.01	1367.66	1344.93	1349.76	1307.75	1269.91	1226.60	1178.65	1157.88	1136.91	1108.05	961.83	868.47	873.91	863.63	829.73	807.95	827.52	800.22	673.37
2451.59	2453.37	2464.70	2478.35	2488.14	2498.86	2501.90	2502.54	2512.46	2525.05	2533.57	2540.07	2547.91	2557.30	2565.14	2570.64	2573.70	2583.53	2591.32	2596.03	2599.70	2609.00	2623.34	2632.76	2639.06	2647.41	2654.56	2659.59	2664.53	2670.05	2675.24	2682.38	2688.64	2689.95	2696.40	2705.45	2709.39	2713.09	2720.18	2724.64	2728.77	2735.65	2736.50	2736.35	2738.57	2744.75	2750.77	2754.00	2757.36	2761.93	2768.12	2774.29	2780.42	2784.73	2787.78	2795.58	2801.45	2805.99	2812.79	2822.06	2831.22	2837.07	2841.57	2846.40	2850.49	2853.59	2854.55	2859.48	2868.00	2871.76	2873.23	2876.71	2883.23	2887.75	2891.61	2899.66	2904.95	2906.98	2908.47	2910.64	2910.08	2911.84	2920.37	2927.43	2930.26	2929.63	2933.14	2935.52	2934.42	2933.28	2934.66	2935.34	2936.47	2938.20	2940.21	2944.57	2949.51	2952.90	2953.03	2956.83	2962.02	2965.79	2965.95	2965.35	2967.28	2970.28	2972.27	2975.38	2978.32	2979.08	2979.72	2982.09	2984.39	2986.09	2986.86	2987.68	2988.91	2990.05	2988.72	2987.13	2984.64	2982.24	2981.78	2978.85	2972.50	2960.59	2950.51	2952.11	2948.99	2940.26	2931.36	2929.76	2927.10	2920.91	2909.71	2899.70	2896.33	2889.73	2881.38	2875.67	2869.35	2863.58	2857.10	2845.95	2836.45	2831.85	2824.64	2814.36	2802.77	2789.68	2775.03	2767.05	2760.93	2750.70	2738.24	2719.09	2699.23	2692.51	2687.56	2678.93	2662.35	2652.17	2643.78	2635.84	2624.52	2615.56	2608.01	2597.87	2591.89	2583.89	2567.86	2557.89	2547.12	2528.84	2514.57	2505.77	2498.19	2490.08	2469.97	2454.69	2446.30	2439.83	2440.09	2438.41	2429.64	2411.78	2382.51	2373.59	2342.63	2328.02	2316.44	2306.23	2297.11	2293.25	2288.34	2278.58	2269.37	2254.76	2228.51	2213.86	2207.99	2183.59	2171.23	2165.04	2144.11	2124.63	2117.43	2091.85	2069.93	2061.78	2059.43	2055.37	2042.27	2027.87	2014.36	1998.73	1971.14	1934.00	1924.91	1910.88	1880.08	1873.72	1875.06	1862.51	1800.93	1725.64	1710.97	1685.45	1660.62	1643.68	1619.25	1605.85	1584.29	1547.14	1486.43	1435.94	1394.23	1345.45	1339.79	1368.48	1297.04	1220.29	1178.80	1133.66	1106.82	1089.88	1051.00	952.64	893.49	899.26	874.61	843.36	812.56	782.33	737.92	667.86
2457.74	2461.29	2469.96	2483.71	2495.34	2506.55	2510.88	2509.66	2519.43	2532.66	2540.79	2546.47	2553.72	2564.36	2570.75	2575.01	2583.91	2596.70	2599.68	2602.02	2606.79	2616.83	2628.51	2637.53	2645.80	2654.06	2661.05	2665.18	2668.19	2671.49	2679.13	2685.94	2690.65	2692.44	2702.42	2711.89	2714.98	2719.29	2727.82	2732.67	2737.12	2742.99	2743.42	2742.34	2742.18	2745.50	2753.00	2758.38	2760.63	2764.80	2770.61	2775.67	2781.57	2785.75	2790.59	2802.03	2806.76	2808.88	2817.30	2828.47	2837.69	2844.10	2850.47	2855.95	2859.35	2862.35	2864.98	2870.81	2877.95	2883.78	2886.95	2889.86	2893.88	2895.13	2898.05	2905.24	2910.89	2914.27	2914.23	2915.46	2915.08	2917.14	2924.61	2931.69	2934.94	2936.11	2940.39	2941.94	2940.50	2940.24	2940.46	2938.47	2938.78	2940.21	2943.71	2948.44	2952.08	2955.58	2958.53	2963.55	2967.44	2969.76	2970.88	2971.61	2974.22	2976.49	2978.15	2980.25	2982.45	2982.88	2983.70	2986.52	2987.40	2988.68	2989.81	2989.63	2989.59	2990.67	2989.09	2987.29	2985.07	2982.16	2981.13	2978.62	2972.43	2963.42	2953.66	2951.74	2949.16	2941.84	2932.84	2928.66	2925.52	2920.57	2908.21	2896.37	2893.93	2886.85	2879.06	2873.78	2867.00	2860.00	2851.99	2844.03	2837.21	2831.01	2820.36	2809.83	2800.42	2790.20	2775.17	2763.22	2757.38	2750.37	2737.56	2717.86	2695.69	2681.40	2673.56	2661.41	2645.27	2639.74	2636.15	2627.88	2618.63	2610.98	2601.76	2590.95	2586.04	2577.35	2561.25	2554.18	2545.40	2524.91	2511.95	2501.14	2489.31	2479.39	2464.14	2455.65	2444.79	2434.37	2433.85	2435.68	2429.08	2409.86	2359.82	2347.77	2323.97	2316.92	2309.16	2297.16	2283.54	2280.22	2281.49	2269.59	2257.49	2242.39	2221.93	2211.72	2203.13	2188.67	2178.70	2169.34	2151.14	2133.28	2128.57	2105.42	2081.83	2068.52	2060.51	2056.37	2047.13	2036.07	2020.95	2002.06	1982.96	1955.96	1945.99	1934.78	1901.09	1882.85	1880.91	1870.00	1785.54	1726.40	1701.29	1661.20	1638.63	1622.75	1600.62	1596.12	1581.18	1553.09	1508.53	1452.60	1390.34	1340.29	1337.31	1357.56	1287.46	1203.89	1147.62	1096.53	1066.87	1037.62	1006.84	974.50	947.17	928.60	884.02	861.84	834.60	792.22	778.66	715.59
2466.65	2470.84	2478.53	2491.13	2502.40	2511.62	2515.78	2517.29	2525.91	2538.59	2547.42	2553.39	2560.15	2571.29	2579.07	2584.80	2595.51	2604.72	2605.04	2607.96	2613.97	2623.39	2632.52	2640.19	2648.13	2657.29	2665.65	2670.53	2672.93	2677.68	2684.49	2689.70	2692.25	2693.95	2706.52	2714.72	2719.57	2725.83	2735.02	2738.99	2742.38	2746.64	2749.72	2751.73	2753.16	2756.41	2763.65	2767.14	2766.35	2768.67	2775.63	2778.29	2783.88	2788.54	2795.69	2811.53	2818.31	2822.54	2829.23	2837.17	2845.77	2852.66	2859.09	2864.97	2868.79	2872.81	2877.17	2881.83	2885.66	2889.05	2896.59	2902.08	2906.56	2906.37	2908.34	2913.99	2919.74	2922.78	2924.51	2927.33	2927.70	2925.60	2928.22	2933.88	2938.90	2942.76	2947.30	2948.26	2947.38	2948.51	2946.74	2946.06	2947.15	2948.92	2952.60	2955.39	2957.31	2960.98	2965.20	2968.95	2971.86	2974.69	2977.34	2979.41	2981.37	2982.42	2983.06	2984.70	2986.25	2986.95	2987.11	2988.94	2989.51	2990.10	2991.50	2991.24	2990.45	2990.80	2989.12	2986.72	2985.18	2982.01	2979.54	2975.92	2971.60	2965.96	2956.11	2951.08	2948.39	2942.22	2935.22	2929.97	2923.59	2917.33	2904.47	2896.21	2893.75	2884.86	2876.49	2870.90	2864.09	2856.96	2848.97	2841.12	2834.42	2826.49	2817.69	2809.28	2800.02	2786.43	2770.22	2761.59	2755.64	2745.43	2728.59	2714.07	2698.72	2677.76	2660.73	2649.53	2639.26	2633.81	2628.07	2617.56	2609.88	2601.47	2590.71	2581.16	2572.89	2565.05	2551.60	2542.82	2532.93	2515.02	2504.51	2493.85	2480.15	2469.20	2456.67	2446.24	2439.55	2428.30	2422.05	2424.95	2416.55	2389.21	2335.31	2316.44	2312.65	2310.72	2304.07	2295.33	2280.74	2268.52	2266.90	2259.92	2247.59	2234.97	2226.80	2213.84	2198.01	2185.68	2176.59	2168.76	2158.00	2142.62	2126.86	2106.16	2089.47	2075.19	2063.68	2054.68	2043.50	2030.04	2012.72	1991.77	1977.21	1965.68	1958.25	1944.38	1911.91	1883.35	1867.40	1845.07	1770.74	1703.61	1668.22	1638.88	1618.31	1597.75	1584.41	1584.38	1568.70	1544.78	1498.96	1425.88	1382.18	1362.75	1347.24	1338.14	1243.89	1214.75	1143.60	1070.40	1031.58	1009.88	993.72	981.34	967.01	949.92	928.89	1002.61	987.08	801.31	717.99	641.06
2469.61	2476.24	2485.82	2498.71	2509.82	2516.37	2520.23	2522.99	2530.35	2542.31	2552.01	2559.21	2567.24	2577.65	2585.29	2590.67	2599.31	2604.92	2608.41	2615.76	2624.13	2631.26	2637.71	2643.67	2648.35	2659.57	2670.01	2675.44	2679.13	2684.12	2689.43	2695.01	2697.01	2699.08	2712.62	2720.38	2724.39	2732.87	2742.38	2745.22	2746.36	2749.41	2756.22	2761.14	2767.71	2773.33	2778.05	2778.86	2776.32	2779.67	2787.45	2791.20	2797.43	2800.68	2805.49	2819.03	2826.83	2831.65	2839.91	2849.12	2856.57	2863.52	2869.31	2875.40	2880.54	2884.81	2888.73	2894.00	2898.17	2900.81	2904.51	2908.95	2913.63	2916.81	2921.02	2925.20	2929.91	2931.77	2935.56	2940.27	2940.87	2938.86	2937.06	2938.59	2942.24	2947.14	2952.03	2953.74	2952.66	2953.06	2952.62	2956.95	2961.78	2962.96	2963.60	2964.01	2966.12	2968.47	2970.97	2973.17	2975.38	2977.82	2980.44	2983.36	2985.61	2985.85	2986.16	2987.87	2989.66	2991.19	2990.59	2990.93	2992.04	2992.31	2993.04	2992.93	2991.89	2991.95	2990.59	2986.41	2983.66	2981.04	2976.00	2971.60	2968.28	2962.98	2954.15	2951.28	2949.45	2942.51	2934.47	2930.16	2922.79	2914.99	2902.33	2900.07	2898.11	2886.20	2872.63	2867.37	2862.62	2855.47	2847.13	2837.10	2829.72	2822.43	2815.62	2805.97	2794.81	2780.15	2766.18	2758.97	2751.19	2738.85	2726.12	2718.59	2709.86	2686.87	2655.76	2641.65	2637.22	2630.15	2622.92	2611.28	2602.71	2592.80	2582.76	2574.18	2562.70	2548.92	2538.01	2528.98	2516.84	2502.68	2491.39	2479.14	2464.97	2451.21	2439.72	2431.83	2428.34	2420.38	2406.67	2401.05	2391.03	2362.25	2333.87	2318.55	2313.14	2307.28	2300.40	2289.26	2277.24	2266.56	2261.26	2259.23	2247.98	2235.13	2227.35	2207.41	2187.87	2179.86	2179.95	2174.14	2165.87	2148.26	2127.66	2108.13	2097.31	2078.44	2058.05	2047.83	2035.95	2020.12	2005.43	1983.08	1951.94	1947.16	1949.08	1926.65	1898.64	1870.34	1838.28	1815.13	1748.83	1672.58	1647.10	1611.86	1587.89	1570.49	1566.44	1564.14	1549.32	1524.91	1477.84	1426.31	1401.78	1389.88	1363.39	1344.88	1235.15	1225.49	1193.73	1103.66	1008.62	974.54	969.01	970.72	1000.19	1008.36	997.76	1201.20	1009.88	670.38	596.20	543.74
2477.71	2487.21	2495.02	2504.79	2514.40	2521.68	2529.35	2530.97	2536.91	2547.81	2555.70	2562.54	2572.28	2582.98	2590.81	2596.02	2601.78	2606.44	2614.73	2624.74	2632.63	2638.76	2645.91	2650.75	2653.91	2664.21	2673.78	2679.78	2684.28	2689.12	2694.01	2699.92	2702.88	2705.97	2717.88	2728.78	2736.41	2744.93	2750.72	2751.00	2750.55	2754.48	2761.17	2766.75	2775.12	2782.45	2787.64	2787.57	2786.93	2795.10	2802.42	2804.23	2807.99	2811.28	2816.58	2828.80	2836.39	2837.93	2844.59	2855.78	2865.06	2872.71	2878.80	2885.45	2890.51	2895.09	2898.97	2903.79	2907.44	2911.79	2914.43	2914.64	2918.94	2925.43	2929.89	2932.54	2936.10	2937.70	2942.28	2947.34	2948.41	2947.36	2948.73	2949.61	2949.64	2950.59	2953.40	2956.07	2956.67	2956.67	2958.82	2965.37	2970.49	2972.49	2972.81	2972.17	2974.40	2976.49	2978.18	2977.43	2978.14	2980.07	2982.31	2984.68	2986.09	2986.08	2987.54	2990.24	2992.14	2993.76	2993.69	2994.21	2995.21	2995.08	2994.81	2994.12	2992.34	2992.08	2991.25	2987.03	2981.89	2978.83	2974.25	2969.40	2966.03	2960.65	2953.75	2951.50	2947.17	2939.34	2932.30	2928.90	2922.79	2914.39	2903.75	2901.58	2898.15	2884.31	2871.08	2866.43	2862.11	2855.28	2845.20	2834.02	2826.77	2818.34	2811.86	2803.96	2792.26	2776.56	2766.26	2760.54	2747.59	2732.59	2724.55	2718.52	2710.11	2687.84	2650.08	2637.52	2633.10	2624.35	2617.27	2607.69	2599.63	2591.74	2582.08	2571.61	2559.40	2541.13	2527.68	2519.51	2505.99	2495.57	2486.01	2470.59	2454.87	2443.00	2431.92	2422.32	2415.67	2407.67	2391.89	2387.26	2371.58	2353.66	2338.99	2320.42	2314.39	2304.85	2292.61	2279.78	2270.01	2262.49	2254.35	2250.64	2240.22	2227.13	2214.47	2191.09	2175.42	2173.39	2173.39	2165.32	2159.99	2146.25	2131.34	2114.53	2096.88	2074.24	2049.59	2032.44	2014.69	2002.23	1994.61	1971.27	1926.77	1913.78	1911.19	1900.71	1878.06	1859.10	1825.08	1781.95	1714.34	1666.48	1638.53	1591.95	1552.03	1543.88	1545.34	1544.58	1543.11	1533.78	1469.38	1447.42	1410.23	1387.50	1372.93	1346.47	1254.20	1222.47	1183.25	1094.91	996.05	962.92	956.53	964.95	1023.86	1005.32	977.13	1237.61	1078.36	689.51	608.77	542.54
2489.57	2499.45	2504.42	2511.93	2519.62	2526.83	2535.36	2541.21	2547.53	2555.91	2561.02	2566.40	2576.64	2586.97	2594.76	2600.97	2607.06	2611.86	2621.77	2631.82	2638.74	2644.10	2651.59	2656.01	2660.94	2670.45	2677.98	2683.07	2687.07	2692.04	2696.78	2704.02	2707.23	2712.13	2722.58	2740.36	2751.04	2756.67	2758.06	2756.43	2757.99	2763.95	2767.88	2770.59	2776.99	2783.88	2790.66	2793.47	2796.31	2806.18	2811.79	2812.47	2816.87	2820.56	2826.91	2839.43	2845.81	2848.03	2854.48	2864.45	2872.96	2880.43	2888.09	2895.78	2900.14	2905.48	2909.95	2913.96	2915.97	2919.77	2922.70	2924.64	2929.61	2935.96	2939.30	2941.65	2942.24	2941.45	2945.68	2951.53	2953.84	2953.62	2956.44	2958.64	2958.85	2957.67	2958.43	2961.43	2962.87	2963.47	2968.14	2973.70	2976.79	2978.72	2979.70	2979.27	2980.45	2981.89	2982.78	2981.48	2981.93	2984.45	2986.64	2988.57	2989.85	2990.33	2992.00	2994.97	2996.61	2997.28	2997.23	2997.69	2998.93	2998.45	2996.88	2995.10	2992.28	2991.15	2991.00	2987.99	2981.91	2977.57	2975.51	2971.30	2964.40	2957.80	2952.33	2951.74	2945.99	2938.25	2930.60	2926.68	2921.42	2913.79	2906.02	2899.67	2892.86	2882.32	2873.00	2866.58	2860.88	2854.00	2843.21	2833.46	2825.93	2818.59	2811.59	2801.97	2791.06	2776.44	2766.72	2762.86	2744.66	2726.12	2719.95	2711.54	2698.24	2676.72	2642.61	2634.41	2627.18	2618.44	2610.01	2601.55	2594.89	2589.39	2579.28	2567.01	2552.18	2533.93	2520.05	2511.19	2500.62	2491.94	2483.02	2466.24	2447.28	2438.61	2427.79	2414.98	2406.34	2398.98	2385.01	2376.34	2366.64	2350.95	2332.59	2320.36	2313.49	2299.14	2279.27	2264.75	2254.11	2249.48	2243.63	2238.11	2224.30	2208.15	2190.49	2176.02	2169.61	2168.41	2164.41	2152.93	2148.91	2144.53	2135.89	2119.37	2093.82	2069.75	2041.81	2012.53	1987.12	1981.91	1976.65	1949.79	1902.02	1894.70	1889.89	1879.44	1843.26	1818.96	1801.21	1742.38	1686.39	1661.55	1625.90	1583.09	1539.02	1522.49	1524.78	1519.51	1521.55	1517.27	1446.29	1427.80	1406.33	1372.16	1353.73	1304.93	1219.40	1169.05	1100.89	1025.99	970.42	941.79	934.10	936.84	960.27	920.08	885.02	1049.10	967.98	746.20	652.27	581.24
2499.39	2507.26	2511.77	2519.96	2528.16	2535.48	2543.00	2551.44	2556.54	2562.53	2567.32	2572.91	2583.93	2593.17	2599.98	2606.51	2613.46	2620.75	2631.39	2639.62	2645.01	2649.15	2655.58	2660.78	2666.76	2675.51	2682.88	2688.23	2693.51	2698.86	2704.38	2712.59	2715.80	2722.77	2733.08	2747.03	2756.07	2760.79	2761.18	2761.90	2766.49	2771.44	2773.42	2774.47	2779.86	2786.20	2792.30	2796.79	2803.28	2812.40	2816.63	2819.10	2825.28	2830.33	2837.63	2847.59	2852.12	2858.52	2866.09	2875.16	2883.14	2890.68	2897.41	2904.19	2910.13	2916.37	2921.66	2926.56	2927.34	2929.00	2931.21	2935.89	2940.68	2944.84	2947.88	2951.07	2951.95	2951.14	2952.06	2956.43	2960.22	2960.96	2961.43	2963.28	2966.20	2968.20	2967.63	2966.99	2967.68	2969.94	2975.68	2981.39	2982.36	2981.55	2983.11	2985.07	2985.33	2984.43	2984.62	2986.53	2990.32	2991.61	2992.65	2994.63	2996.00	2997.12	2997.73	2999.41	3000.99	3001.21	3000.46	3000.54	3001.24	3001.15	2999.35	2997.50	2994.18	2990.57	2990.74	2988.87	2983.70	2978.32	2976.48	2973.41	2966.50	2957.85	2949.16	2948.65	2945.61	2938.72	2928.38	2920.84	2917.17	2912.22	2905.59	2895.44	2888.45	2880.67	2873.82	2867.77	2861.66	2855.21	2844.74	2835.93	2825.82	2818.31	2809.18	2796.51	2786.14	2773.86	2762.16	2758.22	2741.26	2717.08	2706.39	2695.34	2681.93	2664.61	2635.34	2631.87	2622.62	2608.57	2599.51	2592.01	2587.85	2584.63	2575.54	2560.16	2543.11	2526.73	2510.99	2502.00	2495.35	2489.19	2480.59	2464.68	2442.46	2433.71	2423.76	2410.35	2402.34	2394.13	2380.81	2367.57	2356.06	2342.21	2329.21	2316.84	2307.02	2286.78	2263.80	2250.82	2243.90	2240.07	2232.86	2220.71	2205.81	2193.93	2176.11	2168.13	2163.37	2158.45	2154.84	2147.35	2140.58	2133.76	2122.81	2102.38	2081.90	2063.23	2036.65	1998.63	1962.33	1953.49	1950.86	1926.93	1882.17	1868.44	1858.55	1849.58	1809.18	1763.07	1757.02	1726.54	1685.12	1663.76	1621.31	1577.69	1526.52	1498.60	1495.52	1486.30	1470.79	1461.62	1430.49	1406.08	1376.45	1332.56	1280.05	1214.91	1195.41	1135.15	1048.90	1015.74	960.19	921.70	919.75	908.80	898.20	856.67	790.16	781.08	767.10	715.98	658.58	594.25
2500.29	2510.81	2521.75	2531.47	2540.08	2547.07	2552.72	2559.61	2564.54	2570.52	2576.17	2582.35	2591.82	2601.82	2608.21	2613.69	2619.95	2627.88	2637.41	2645.49	2652.01	2655.62	2660.28	2666.02	2671.38	2678.82	2687.97	2695.28	2703.14	2710.09	2717.57	2723.96	2725.13	2732.09	2741.98	2751.28	2759.06	2763.00	2764.75	2767.15	2770.12	2772.00	2775.45	2780.73	2790.97	2798.15	2803.52	2808.66	2815.39	2821.66	2823.42	2827.05	2833.66	2838.03	2845.45	2854.57	2858.36	2865.20	2873.34	2882.82	2891.61	2899.51	2907.01	2912.71	2917.99	2924.34	2931.83	2937.59	2939.91	2942.35	2943.05	2944.82	2948.60	2953.42	2956.34	2958.09	2960.51	2962.91	2964.30	2965.61	2966.72	2967.69	2969.36	2971.24	2972.85	2976.53	2976.43	2973.85	2974.77	2978.34	2982.19	2986.16	2986.31	2984.34	2987.42	2990.44	2990.46	2990.24	2990.55	2992.79	2996.86	2998.04	2998.01	2998.41	2999.93	3001.07	3002.25	3002.67	3003.23	3003.66	3004.08	3004.03	3003.53	3003.09	3001.04	2998.84	2996.63	2992.08	2990.90	2989.61	2985.93	2979.69	2975.89	2974.04	2969.93	2960.49	2946.92	2943.78	2943.07	2938.45	2929.86	2920.61	2915.03	2909.38	2902.02	2891.63	2883.82	2877.47	2874.19	2870.36	2862.65	2852.92	2841.91	2832.53	2821.16	2811.16	2801.38	2783.87	2770.10	2764.02	2753.56	2747.11	2730.07	2701.39	2687.76	2685.70	2682.12	2663.86	2630.80	2625.75	2615.23	2592.91	2585.47	2580.44	2577.62	2574.22	2564.55	2548.39	2535.88	2523.37	2505.20	2493.38	2487.75	2481.74	2472.36	2457.81	2437.61	2427.88	2418.95	2406.93	2396.86	2384.74	2369.53	2356.66	2345.10	2332.91	2321.28	2308.72	2297.66	2275.17	2256.90	2246.51	2239.96	2232.09	2220.91	2207.93	2195.68	2183.46	2165.84	2156.17	2148.20	2146.43	2147.41	2144.51	2133.81	2115.05	2098.24	2081.17	2071.72	2051.59	2012.57	1972.81	1940.20	1914.13	1914.09	1889.57	1856.15	1840.91	1830.54	1820.99	1789.05	1746.80	1731.63	1711.38	1682.36	1645.18	1594.26	1536.37	1492.66	1483.10	1471.88	1459.03	1454.52	1449.40	1418.46	1392.18	1335.12	1290.15	1242.74	1188.32	1185.76	1080.38	1026.48	999.33	944.32	911.86	914.17	899.31	874.95	843.48	807.56	739.74	722.22	704.72	661.85	604.39
2505.13	2520.28	2531.23	2539.04	2548.14	2555.56	2561.29	2567.77	2572.65	2577.36	2583.32	2590.18	2598.61	2609.15	2614.99	2620.83	2626.74	2633.73	2641.87	2649.93	2658.33	2662.72	2665.98	2670.45	2674.53	2680.25	2692.78	2701.94	2710.47	2718.14	2724.07	2728.98	2731.31	2739.94	2749.64	2756.27	2762.12	2766.24	2769.80	2773.78	2773.95	2774.89	2780.96	2790.36	2803.34	2811.09	2815.92	2819.69	2825.09	2829.69	2830.60	2834.34	2840.59	2844.23	2853.25	2862.15	2865.60	2873.42	2881.67	2889.89	2899.48	2907.42	2914.04	2920.51	2925.96	2930.77	2936.96	2944.00	2949.46	2952.03	2952.31	2953.36	2955.49	2959.45	2962.95	2964.77	2966.93	2969.42	2972.15	2973.60	2973.40	2975.31	2979.68	2981.41	2980.76	2981.35	2982.85	2983.29	2985.30	2988.53	2989.23	2989.25	2989.19	2990.65	2994.43	2997.87	2997.37	2998.07	2998.26	2998.45	3000.53	3001.30	3000.45	3000.40	3002.56	3004.61	3006.62	3006.57	3006.82	3006.57	3006.65	3006.97	3006.21	3004.86	3002.63	3000.32	2998.18	2994.23	2991.55	2990.03	2986.78	2980.08	2975.52	2973.39	2968.55	2959.11	2949.47	2944.92	2942.01	2937.35	2932.42	2926.67	2917.98	2908.30	2896.57	2887.90	2881.24	2876.90	2874.12	2869.44	2857.94	2843.81	2836.03	2825.49	2811.60	2799.72	2780.48	2762.75	2759.55	2757.52	2742.70	2731.30	2715.03	2693.66	2684.05	2684.44	2687.63	2666.99	2629.32	2615.32	2608.84	2591.55	2583.46	2576.55	2568.76	2560.43	2551.06	2539.87	2530.86	2520.91	2503.53	2485.68	2476.95	2470.64	2461.95	2449.49	2433.62	2420.45	2409.40	2397.74	2387.88	2376.89	2364.66	2352.44	2341.91	2331.94	2318.90	2306.08	2292.34	2265.67	2250.55	2240.58	2231.41	2222.65	2212.99	2201.99	2190.81	2184.35	2168.28	2151.02	2134.49	2131.97	2136.68	2134.82	2120.42	2099.26	2083.14	2069.85	2057.66	2023.16	1981.31	1954.42	1925.29	1882.04	1876.50	1847.49	1834.03	1819.60	1800.29	1787.79	1758.57	1738.05	1718.84	1691.96	1652.21	1594.47	1540.40	1484.48	1469.47	1469.65	1470.75	1470.55	1449.84	1441.54	1416.30	1381.06	1302.73	1254.09	1236.88	1172.13	1115.74	1096.02	1025.03	973.77	939.33	916.75	906.71	889.25	871.93	856.24	822.91	748.47	714.35	704.55	675.60	622.99
2520.21	2532.47	2540.22	2546.76	2554.44	2560.02	2564.70	2572.07	2577.84	2582.38	2588.28	2596.04	2605.85	2615.02	2620.31	2627.90	2632.93	2639.59	2646.94	2656.03	2663.98	2668.70	2671.41	2674.92	2677.70	2683.42	2696.87	2706.71	2714.43	2722.15	2727.82	2731.81	2734.59	2743.43	2752.24	2757.89	2764.99	2769.62	2774.07	2780.20	2780.57	2786.36	2797.02	2807.86	2814.63	2818.89	2823.26	2827.69	2832.61	2835.69	2836.08	2838.99	2842.78	2848.14	2859.62	2867.62	2873.99	2883.18	2890.39	2898.18	2908.93	2917.43	2922.53	2927.86	2933.11	2937.13	2942.02	2948.27	2954.23	2957.51	2959.83	2962.96	2965.62	2968.37	2970.60	2973.89	2977.20	2978.89	2979.38	2979.72	2980.52	2982.64	2986.47	2987.03	2985.67	2986.70	2989.52	2991.73	2993.56	2995.23	2995.57	2995.07	2993.64	2996.66	3000.39	3003.45	3003.32	3004.07	3003.64	3004.11	3003.48	3002.72	3003.60	3005.07	3006.31	3007.78	3009.47	3009.82	3010.17	3009.95	3009.29	3008.67	3008.36	3006.03	3003.07	3000.57	2997.70	2995.11	2992.41	2989.33	2985.35	2978.30	2974.63	2971.47	2965.12	2958.04	2952.90	2948.47	2942.89	2936.32	2931.54	2926.03	2919.28	2910.64	2897.28	2886.66	2881.09	2875.88	2870.20	2862.50	2847.66	2836.55	2830.23	2816.53	2804.82	2793.33	2769.89	2756.11	2753.18	2747.74	2731.76	2720.81	2707.95	2688.15	2680.81	2678.07	2673.82	2639.73	2610.30	2601.80	2601.47	2593.24	2582.95	2573.57	2560.76	2550.53	2545.20	2536.07	2524.06	2514.24	2495.48	2471.85	2461.66	2460.09	2455.04	2444.94	2430.14	2413.72	2403.53	2393.18	2381.65	2370.46	2358.63	2345.37	2334.53	2325.75	2313.59	2298.68	2280.34	2256.52	2244.63	2234.01	2221.02	2208.86	2201.82	2194.06	2183.53	2178.93	2166.05	2152.56	2130.32	2118.79	2118.33	2115.43	2104.39	2095.51	2078.57	2056.23	2016.33	1979.13	1972.87	1959.01	1907.92	1850.33	1841.97	1814.90	1815.33	1782.05	1740.99	1748.90	1730.37	1706.41	1692.63	1649.27	1585.52	1550.65	1511.73	1473.77	1457.55	1444.62	1455.20	1447.56	1426.41	1419.35	1386.66	1331.15	1251.02	1217.60	1202.72	1128.90	1070.19	1064.72	1019.54	980.58	951.24	930.41	911.02	887.49	875.76	851.02	790.27	746.56	727.61	709.53	680.88	641.04
2529.03	2539.33	2547.39	2554.73	2561.16	2565.63	2570.96	2578.46	2583.34	2588.78	2595.38	2602.94	2613.01	2618.38	2627.02	2637.88	2642.68	2648.66	2655.50	2665.20	2672.70	2676.89	2678.39	2680.53	2684.08	2692.29	2703.72	2711.68	2718.05	2724.92	2730.80	2735.10	2737.70	2745.85	2752.22	2759.42	2767.11	2771.04	2776.96	2784.78	2787.73	2796.58	2807.59	2815.39	2819.88	2823.86	2827.70	2833.35	2837.70	2839.98	2841.12	2842.79	2846.61	2855.37	2866.02	2873.67	2881.89	2890.70	2898.45	2908.20	2918.01	2925.13	2930.15	2935.51	2940.72	2945.74	2952.69	2957.61	2961.24	2963.17	2966.19	2972.48	2976.62	2978.18	2979.26	2981.34	2985.24	2988.34	2987.87	2988.38	2987.96	2988.77	2990.73	2990.56	2990.98	2994.18	2995.51	2995.79	2996.12	2997.74	3000.08	3000.41	2999.89	3001.72	3004.57	3006.00	3007.42	3008.97	3007.81	3007.07	3006.42	3006.11	3008.46	3010.44	3010.76	3010.53	3011.22	3012.06	3012.25	3011.98	3011.56	3010.38	3008.95	3006.26	3003.69	3000.50	2995.86	2993.53	2991.78	2988.31	2983.54	2976.27	2972.85	2969.61	2962.96	2958.17	2953.45	2949.68	2942.59	2934.81	2930.69	2925.97	2920.46	2913.47	2899.36	2885.90	2881.30	2874.94	2865.75	2851.85	2838.44	2832.40	2826.23	2816.43	2805.12	2789.57	2765.18	2751.63	2744.27	2739.56	2729.25	2720.41	2698.27	2675.16	2667.73	2664.16	2655.82	2633.26	2614.73	2601.29	2598.91	2589.83	2577.42	2568.20	2553.05	2542.93	2538.97	2530.03	2516.70	2505.67	2487.56	2459.29	2450.76	2449.63	2447.78	2439.33	2423.24	2407.84	2399.13	2390.80	2378.06	2363.77	2351.58	2335.43	2323.74	2314.79	2302.14	2285.30	2267.70	2250.06	2238.10	2223.97	2206.32	2196.02	2189.10	2178.75	2167.77	2161.94	2151.61	2136.92	2120.28	2108.71	2099.31	2100.95	2099.75	2093.79	2074.05	2053.89	2005.89	1971.53	1968.91	1951.46	1906.77	1826.75	1810.81	1803.01	1794.26	1739.99	1718.11	1723.17	1702.95	1671.91	1641.58	1597.16	1568.77	1546.76	1497.42	1476.27	1460.15	1444.96	1431.95	1405.77	1384.78	1363.15	1322.22	1263.13	1223.67	1198.48	1164.59	1121.50	1089.72	1065.93	1030.28	990.68	961.36	940.50	918.60	886.12	853.86	823.23	770.98	755.10	742.76	712.78	685.29	649.06
2534.83	2543.19	2551.32	2558.58	2565.59	2571.29	2577.38	2584.69	2592.39	2599.70	2604.93	2612.27	2621.97	2625.80	2636.97	2647.40	2654.00	2659.45	2665.70	2675.23	2682.98	2686.33	2687.10	2688.26	2692.52	2701.14	2708.51	2714.95	2723.20	2730.04	2735.26	2737.24	2741.46	2749.30	2755.45	2763.21	2769.61	2771.53	2781.04	2791.11	2794.95	2801.46	2811.32	2818.16	2823.59	2827.45	2831.62	2836.14	2837.95	2840.62	2844.02	2849.12	2854.68	2863.50	2873.75	2881.75	2889.39	2897.73	2907.39	2919.43	2928.97	2935.38	2939.81	2943.84	2948.51	2954.99	2962.06	2966.99	2969.49	2967.81	2970.55	2979.25	2986.29	2989.51	2989.26	2987.60	2990.34	2993.95	2993.09	2992.29	2993.73	2995.00	2994.66	2994.71	2996.97	2999.42	2998.87	2999.49	3000.01	3000.72	3003.27	3005.16	3006.01	3006.68	3007.16	3007.86	3010.47	3012.25	3011.88	3011.24	3011.13	3011.22	3012.24	3013.78	3014.56	3014.59	3014.50	3013.64	3013.42	3013.46	3012.86	3011.48	3009.19	3006.16	3004.64	3000.16	2993.74	2990.58	2989.43	2987.36	2983.36	2975.87	2969.89	2966.32	2961.46	2957.94	2953.61	2948.01	2939.53	2934.54	2933.49	2928.49	2921.35	2911.91	2897.14	2882.34	2874.81	2869.75	2857.26	2838.24	2830.84	2827.20	2819.62	2806.56	2793.49	2778.64	2758.34	2740.51	2730.90	2728.33	2724.29	2719.39	2698.19	2667.71	2658.73	2656.10	2651.23	2636.80	2616.35	2606.76	2600.07	2589.43	2575.24	2559.22	2547.06	2537.49	2530.70	2522.29	2508.80	2495.26	2480.15	2460.95	2449.55	2442.69	2439.33	2429.59	2411.09	2395.02	2387.40	2382.60	2370.91	2351.96	2338.89	2324.44	2313.57	2304.74	2293.66	2276.85	2260.61	2242.35	2224.79	2210.09	2194.44	2186.04	2177.54	2160.85	2148.19	2139.27	2123.22	2108.30	2109.23	2104.78	2082.89	2087.18	2082.85	2073.46	2055.74	2022.26	1977.81	1964.12	1945.68	1924.98	1871.95	1802.19	1802.12	1788.40	1764.67	1736.24	1718.05	1675.61	1638.30	1625.54	1593.53	1569.52	1559.03	1521.84	1485.29	1471.50	1458.64	1449.62	1428.81	1395.93	1343.69	1308.97	1273.05	1244.41	1219.57	1191.31	1159.65	1130.21	1099.82	1069.20	1034.34	998.08	974.43	949.59	927.13	881.14	830.78	816.08	783.60	767.07	750.36	718.69	635.67	649.52
2540.86	2548.65	2556.47	2562.51	2569.88	2576.63	2583.66	2592.55	2603.57	2611.28	2614.98	2621.90	2630.65	2635.73	2644.26	2652.01	2659.86	2665.58	2671.64	2681.57	2689.35	2692.67	2693.01	2695.88	2701.84	2708.67	2712.64	2722.43	2731.80	2736.51	2741.40	2743.47	2747.67	2754.28	2760.07	2768.61	2772.91	2775.82	2791.48	2799.88	2802.56	2806.44	2814.43	2820.31	2825.49	2829.20	2833.29	2837.73	2841.65	2845.06	2848.95	2854.76	2860.42	2866.87	2877.55	2886.99	2895.46	2904.78	2915.13	2925.76	2935.88	2943.89	2949.31	2952.58	2956.18	2962.43	2966.96	2971.81	2973.63	2973.03	2978.36	2987.10	2993.38	2998.44	2998.77	2994.61	2993.17	2993.49	2994.88	2997.44	3000.54	3000.73	2999.22	3000.03	3003.20	3004.25	3004.74	3007.85	3009.05	3009.47	3010.21	3010.59	3010.48	3010.34	3011.25	3013.95	3015.06	3014.69	3015.03	3015.80	3015.19	3014.85	3014.59	3015.64	3017.19	3017.56	3017.14	3016.08	3014.68	3013.51	3012.67	3011.03	3008.91	3006.62	3004.71	2999.72	2993.41	2988.88	2986.55	2986.92	2984.02	2976.53	2968.53	2964.01	2959.38	2955.40	2950.57	2944.18	2938.34	2935.40	2932.74	2926.71	2920.01	2906.76	2893.01	2881.37	2867.20	2858.77	2849.42	2832.66	2827.73	2822.59	2809.28	2793.20	2782.85	2772.71	2758.03	2734.44	2723.55	2721.20	2717.10	2709.90	2694.72	2662.61	2642.70	2644.28	2642.77	2629.21	2612.79	2607.18	2598.24	2587.55	2575.12	2555.26	2544.71	2535.60	2525.01	2514.17	2499.68	2486.18	2472.99	2458.92	2442.10	2433.92	2427.03	2415.94	2401.99	2385.21	2374.11	2368.09	2354.89	2336.61	2327.36	2318.49	2308.11	2293.94	2279.24	2260.30	2248.15	2238.07	2221.22	2206.07	2190.22	2179.49	2172.05	2159.06	2145.36	2128.97	2101.17	2082.38	2091.05	2084.40	2067.08	2059.14	2054.09	2053.68	2030.25	1980.10	1957.06	1951.22	1919.30	1870.21	1811.96	1784.81	1782.13	1760.35	1742.90	1720.63	1694.90	1640.61	1613.64	1609.96	1587.37	1562.56	1539.48	1503.00	1480.41	1461.97	1448.10	1441.03	1427.37	1382.25	1310.34	1293.99	1275.59	1251.79	1224.85	1193.23	1159.54	1128.88	1100.89	1069.47	1042.26	1017.54	989.43	955.11	921.05	879.42	848.66	824.32	792.01	776.64	764.55	744.73	675.38	784.75
2549.04	2556.64	2565.99	2574.81	2584.62	2590.06	2593.19	2602.69	2613.65	2620.49	2623.54	2629.38	2637.35	2643.70	2652.71	2657.59	2663.97	2671.07	2678.43	2687.82	2694.16	2696.07	2698.93	2703.96	2710.11	2716.58	2722.67	2732.68	2738.16	2741.06	2748.58	2753.76	2757.58	2760.60	2764.38	2773.60	2777.12	2784.80	2800.64	2808.89	2810.63	2813.28	2820.61	2824.99	2827.56	2830.80	2836.98	2844.40	2849.97	2853.51	2857.80	2861.78	2865.04	2870.80	2880.99	2890.85	2901.04	2910.97	2921.77	2930.92	2939.28	2946.89	2952.84	2957.86	2962.63	2969.44	2972.99	2976.71	2976.80	2978.62	2985.44	2993.31	2998.60	3003.55	3005.13	3003.12	3001.13	3000.22	3002.65	3005.62	3007.61	3005.64	3003.73	3006.08	3008.91	3008.85	3010.91	3013.93	3014.91	3016.44	3016.60	3015.43	3015.65	3015.97	3017.21	3019.12	3018.90	3016.88	3017.86	3019.99	3019.19	3018.53	3017.68	3017.76	3018.54	3019.03	3019.18	3019.05	3017.48	3014.74	3012.91	3010.63	3008.43	3006.18	3004.30	2998.01	2990.97	2986.72	2984.44	2985.88	2983.15	2976.39	2967.97	2962.88	2955.98	2951.48	2947.75	2943.07	2938.84	2934.73	2928.70	2922.90	2916.52	2902.45	2891.41	2880.23	2860.48	2851.18	2841.41	2828.28	2825.58	2819.22	2802.98	2793.22	2781.29	2771.50	2755.69	2732.57	2724.74	2720.71	2709.78	2698.82	2689.31	2671.19	2652.94	2643.28	2635.47	2626.59	2610.18	2599.98	2595.37	2587.26	2573.80	2553.68	2545.97	2538.67	2523.72	2506.70	2492.91	2483.54	2467.16	2449.61	2433.48	2424.66	2415.81	2403.92	2395.16	2375.77	2358.30	2349.55	2339.40	2329.49	2321.33	2311.39	2296.72	2278.80	2261.64	2245.98	2235.82	2226.97	2213.62	2197.22	2180.72	2170.96	2163.24	2152.79	2139.62	2114.63	2080.94	2065.64	2072.34	2064.01	2052.13	2043.34	2042.04	2037.82	2011.30	1959.87	1944.95	1931.96	1907.52	1829.88	1790.91	1777.28	1744.28	1732.70	1721.57	1682.01	1660.05	1631.15	1616.42	1604.28	1587.43	1558.89	1521.58	1498.17	1481.45	1460.49	1435.23	1421.80	1410.32	1361.76	1309.21	1291.73	1275.49	1252.59	1224.99	1193.92	1155.73	1125.23	1103.04	1073.07	1049.51	1028.98	996.41	957.46	915.06	877.06	863.02	827.01	793.90	784.96	777.03	771.10	765.01	1025.28
2562.39	2568.59	2578.30	2587.41	2597.28	2602.67	2605.10	2612.81	2621.58	2627.84	2630.20	2636.37	2644.38	2653.19	2661.98	2664.24	2670.85	2678.49	2686.27	2693.36	2697.76	2701.93	2708.00	2711.95	2716.27	2722.13	2729.40	2737.43	2740.13	2745.14	2756.55	2762.94	2765.22	2765.65	2771.34	2780.30	2782.40	2791.63	2805.62	2814.35	2816.27	2820.45	2827.51	2832.32	2834.04	2836.59	2843.45	2850.85	2855.23	2857.45	2862.06	2865.57	2868.51	2874.90	2884.62	2897.31	2909.36	2918.33	2928.15	2936.75	2944.79	2951.37	2956.01	2960.85	2966.14	2972.04	2976.38	2979.02	2978.97	2982.25	2991.06	2999.10	3003.74	3007.00	3009.18	3010.12	3009.93	3009.25	3011.14	3012.25	3012.97	3011.94	3011.78	3013.80	3014.56	3015.76	3017.46	3019.26	3019.76	3020.57	3019.88	3018.85	3020.54	3021.74	3022.31	3022.74	3022.69	3022.01	3022.01	3023.26	3023.68	3022.88	3021.25	3020.75	3020.72	3020.07	3020.27	3020.14	3018.86	3016.22	3013.38	3010.25	3007.61	3004.18	3002.42	2994.91	2985.76	2983.31	2982.88	2983.76	2980.91	2975.32	2965.67	2960.27	2953.92	2950.82	2948.26	2943.26	2936.93	2930.88	2923.92	2917.32	2909.04	2894.39	2883.07	2868.11	2853.34	2848.24	2834.47	2824.69	2821.20	2811.91	2798.78	2793.30	2783.51	2770.94	2749.38	2733.86	2727.48	2717.24	2699.17	2687.50	2684.51	2679.00	2667.51	2644.14	2624.51	2619.19	2607.61	2594.39	2590.42	2583.46	2570.02	2553.51	2547.04	2540.32	2525.99	2496.25	2480.07	2475.83	2456.61	2436.06	2425.97	2418.51	2407.89	2392.94	2382.29	2364.71	2346.66	2336.67	2329.27	2323.67	2318.50	2304.76	2281.42	2264.67	2251.04	2238.84	2227.05	2214.02	2204.91	2187.23	2171.82	2160.92	2150.89	2143.32	2132.20	2092.64	2050.41	2050.35	2050.81	2044.21	2035.99	2029.55	2028.63	2020.86	2009.14	1951.25	1932.24	1899.73	1858.95	1813.73	1791.25	1761.76	1726.25	1713.95	1699.06	1654.19	1635.61	1622.10	1612.43	1600.57	1584.86	1552.82	1514.26	1498.48	1481.61	1457.54	1415.52	1398.91	1381.23	1345.81	1312.29	1292.41	1273.37	1250.43	1223.90	1192.81	1156.07	1128.73	1107.47	1078.42	1050.82	1023.62	988.15	959.04	914.39	883.70	869.54	817.00	772.10	787.06	796.22	816.50	840.54	1046.50
2571.95	2577.18	2584.95	2592.98	2601.58	2607.51	2613.44	2620.33	2627.01	2632.85	2635.93	2642.69	2651.32	2660.69	2667.77	2670.11	2677.33	2683.84	2689.76	2694.82	2701.74	2709.12	2713.24	2715.20	2717.91	2722.87	2730.86	2738.69	2740.95	2748.80	2762.24	2768.58	2770.18	2770.06	2777.18	2785.38	2789.22	2800.18	2811.89	2818.66	2819.76	2823.78	2831.04	2837.23	2839.95	2843.11	2849.01	2854.01	2856.97	2859.70	2865.11	2868.46	2873.17	2881.18	2890.39	2902.95	2914.44	2922.97	2932.54	2940.81	2948.26	2954.95	2961.36	2966.41	2970.16	2973.56	2977.67	2980.03	2981.16	2985.53	2994.98	3003.39	3006.61	3008.17	3010.08	3013.45	3014.46	3013.90	3015.17	3016.32	3017.12	3017.31	3017.97	3019.31	3019.91	3021.64	3022.69	3022.99	3023.01	3022.39	3021.62	3022.05	3023.74	3025.60	3025.90	3025.96	3026.17	3026.53	3026.23	3025.51	3026.21	3025.76	3024.13	3022.41	3022.00	3020.97	3020.78	3020.33	3018.67	3016.19	3013.07	3010.03	3006.30	3001.77	2999.99	2992.50	2982.97	2981.99	2981.71	2982.02	2979.08	2973.72	2963.15	2957.18	2954.35	2951.26	2947.67	2942.39	2934.80	2927.78	2920.01	2909.34	2897.92	2885.53	2872.45	2858.15	2852.85	2847.37	2835.43	2828.15	2818.30	2804.84	2794.92	2790.03	2781.47	2767.21	2746.17	2736.03	2729.03	2710.20	2691.18	2681.70	2679.57	2675.82	2665.96	2642.25	2617.55	2610.74	2604.98	2593.18	2587.75	2581.68	2571.59	2556.02	2544.06	2538.45	2525.03	2483.68	2468.24	2464.74	2445.92	2429.38	2421.30	2413.77	2402.93	2387.07	2371.35	2354.67	2338.28	2329.48	2324.64	2319.77	2313.78	2297.50	2275.19	2259.34	2243.23	2229.61	2219.85	2206.84	2195.52	2176.07	2161.28	2145.33	2136.43	2131.57	2116.24	2068.18	2033.51	2041.83	2038.50	2030.25	2022.69	2020.86	2020.89	1992.17	1971.93	1929.61	1912.24	1868.83	1821.52	1808.64	1786.54	1740.84	1720.84	1698.69	1675.34	1646.48	1629.53	1618.23	1607.67	1595.38	1573.78	1540.38	1518.05	1501.76	1481.36	1449.23	1403.22	1389.23	1369.84	1342.33	1313.27	1293.44	1273.12	1248.82	1222.53	1189.37	1155.37	1131.38	1107.40	1076.91	1048.20	1017.35	982.91	956.65	923.41	893.44	869.19	818.48	768.99	783.45	810.32	852.77	839.93	953.33
2580.37	2585.62	2591.66	2598.36	2605.14	2612.20	2619.99	2624.37	2630.78	2637.45	2642.32	2649.76	2658.80	2667.49	2673.67	2678.79	2684.96	2690.07	2693.94	2699.69	2708.66	2715.83	2718.13	2719.18	2719.28	2721.72	2731.95	2741.67	2746.86	2757.07	2770.94	2775.45	2774.90	2775.35	2781.96	2787.92	2794.63	2810.10	2820.72	2823.93	2822.39	2825.11	2833.70	2840.93	2845.11	2849.59	2854.59	2857.86	2860.20	2864.69	2871.03	2875.54	2880.95	2887.45	2896.13	2909.28	2919.40	2926.54	2936.00	2944.01	2950.68	2956.25	2963.29	2969.79	2974.26	2976.32	2977.79	2979.67	2983.59	2991.33	3000.33	3007.58	3010.27	3012.07	3013.63	3015.16	3016.00	3017.11	3019.30	3021.14	3021.38	3021.80	3023.06	3023.56	3024.83	3026.73	3026.96	3026.65	3026.70	3026.61	3027.20	3027.64	3027.69	3028.48	3029.17	3029.73	3030.07	3029.93	3030.18	3028.85	3028.27	3027.74	3027.08	3024.67	3022.56	3021.39	3020.88	3019.76	3018.49	3015.99	3012.51	3009.63	3005.08	2998.99	2996.38	2990.75	2983.70	2982.40	2980.17	2979.63	2977.45	2972.01	2961.01	2954.85	2954.55	2950.66	2945.44	2939.27	2931.74	2924.24	2915.82	2901.12	2890.13	2882.65	2870.30	2857.55	2853.14	2847.12	2838.13	2829.94	2813.42	2798.41	2792.06	2785.34	2773.98	2755.37	2741.51	2735.16	2726.76	2702.29	2682.54	2675.92	2672.09	2667.11	2658.24	2640.52	2618.39	2604.65	2601.16	2591.43	2584.40	2579.48	2570.90	2551.76	2534.87	2526.24	2505.28	2473.57	2461.91	2453.30	2439.16	2425.97	2414.56	2405.60	2394.91	2379.13	2356.65	2341.42	2330.15	2321.13	2315.05	2307.91	2301.34	2289.67	2272.19	2252.60	2232.62	2220.07	2212.68	2199.68	2178.37	2164.38	2152.91	2128.20	2121.96	2114.89	2088.07	2043.22	2026.42	2029.00	2022.37	2013.30	2003.83	2004.41	2006.21	1957.42	1911.93	1901.09	1886.15	1849.24	1807.65	1800.13	1780.04	1716.86	1696.18	1676.20	1658.98	1641.75	1625.94	1613.73	1599.53	1582.57	1562.24	1535.18	1519.56	1498.17	1471.46	1433.13	1401.11	1389.44	1370.75	1343.74	1312.42	1291.11	1271.75	1247.09	1219.53	1187.92	1156.56	1130.96	1103.49	1071.88	1036.46	1002.34	976.36	947.26	925.28	898.81	867.21	824.65	789.38	771.28	756.33	793.25	707.29	702.19
2587.90	2593.22	2596.51	2599.98	2607.52	2618.97	2626.24	2630.69	2640.60	2648.06	2650.65	2656.38	2665.08	2673.12	2678.53	2683.84	2689.60	2694.51	2701.00	2708.37	2715.87	2720.68	2722.44	2725.39	2725.69	2727.30	2737.65	2746.27	2756.24	2766.02	2777.09	2780.66	2780.01	2781.36	2785.00	2787.28	2799.18	2817.21	2825.85	2828.25	2825.72	2827.94	2837.91	2843.83	2847.24	2852.04	2857.26	2862.01	2866.00	2870.34	2875.13	2879.81	2883.78	2889.98	2899.93	2914.27	2924.02	2931.19	2939.44	2946.08	2952.32	2958.49	2964.21	2970.47	2975.74	2978.72	2981.67	2983.79	2988.55	2996.94	3004.95	3010.72	3013.88	3017.24	3019.14	3018.96	3017.34	3019.63	3023.35	3024.95	3024.96	3026.14	3028.65	3029.66	3031.69	3032.52	3031.63	3031.02	3031.42	3031.15	3032.12	3033.12	3032.25	3031.02	3031.44	3032.55	3033.27	3033.57	3032.87	3031.73	3030.77	3029.26	3027.99	3026.28	3023.39	3021.90	3020.98	3019.73	3018.04	3015.35	3011.44	3008.49	3004.49	2996.98	2992.63	2990.78	2985.92	2983.21	2978.98	2976.53	2975.00	2970.35	2958.94	2954.60	2953.36	2949.08	2943.94	2937.62	2929.89	2922.06	2911.98	2896.99	2887.89	2880.74	2871.70	2858.77	2852.72	2848.03	2838.44	2823.55	2808.14	2799.72	2793.43	2783.13	2769.43	2750.07	2742.89	2734.99	2721.66	2700.69	2678.85	2668.30	2663.93	2658.63	2647.51	2635.85	2623.06	2606.21	2594.41	2584.78	2577.43	2571.43	2562.24	2546.59	2527.27	2509.78	2487.80	2470.93	2461.25	2451.64	2437.26	2420.87	2405.70	2394.85	2383.98	2367.78	2345.93	2328.33	2318.66	2311.21	2302.69	2289.82	2283.70	2277.46	2262.59	2242.01	2222.07	2210.82	2200.84	2188.25	2171.35	2162.76	2142.56	2116.74	2113.38	2100.80	2074.75	2042.88	2029.85	2017.74	2008.63	2001.64	1991.90	1983.05	1978.61	1941.30	1896.99	1895.25	1870.85	1829.85	1788.40	1779.23	1761.51	1707.88	1677.32	1666.68	1658.50	1638.16	1620.29	1608.35	1590.82	1568.84	1555.00	1539.14	1518.47	1493.06	1458.11	1415.98	1395.14	1384.81	1368.21	1342.55	1309.05	1288.41	1269.21	1243.74	1220.23	1191.66	1156.36	1130.97	1103.51	1062.85	1019.53	994.98	977.99	955.99	925.00	895.41	867.94	827.69	792.61	745.59	708.84	709.59	585.54	434.20
2594.96	2597.68	2597.70	2603.18	2615.35	2626.23	2632.79	2640.15	2650.20	2657.91	2660.30	2666.64	2673.93	2678.65	2684.03	2690.40	2694.34	2698.05	2705.74	2712.86	2719.53	2722.58	2724.67	2729.68	2731.71	2735.88	2745.22	2755.01	2766.30	2772.64	2778.02	2781.03	2784.16	2785.99	2787.48	2791.03	2808.67	2826.49	2832.66	2834.31	2830.75	2833.99	2844.51	2847.83	2849.89	2854.26	2859.32	2865.84	2872.80	2878.73	2881.04	2883.36	2886.85	2897.05	2907.98	2919.22	2927.30	2934.25	2942.09	2949.59	2957.77	2964.87	2969.76	2974.91	2979.96	2984.63	2989.62	2992.80	2997.88	3003.51	3008.41	3012.40	3016.85	3020.81	3021.94	3021.40	3021.99	3025.82	3028.53	3029.16	3029.18	3030.55	3032.68	3034.66	3036.66	3037.42	3036.66	3036.26	3035.78	3034.78	3035.71	3036.46	3036.00	3035.20	3035.10	3034.73	3035.32	3035.67	3034.17	3033.23	3033.26	3031.83	3029.15	3027.09	3024.35	3021.89	3020.90	3019.54	3016.95	3013.83	3010.12	3006.67	3003.12	2995.99	2987.96	2988.74	2986.47	2982.48	2977.64	2974.31	2970.50	2965.74	2959.54	2956.18	2952.82	2947.89	2942.36	2934.61	2926.14	2917.17	2905.73	2894.79	2887.00	2877.99	2870.77	2857.83	2851.44	2847.27	2833.64	2818.08	2809.80	2803.73	2794.44	2782.60	2766.93	2745.72	2740.55	2732.04	2719.11	2703.95	2681.68	2661.70	2652.66	2647.66	2640.73	2634.13	2625.92	2610.84	2592.34	2576.89	2570.57	2565.62	2557.09	2544.88	2522.82	2498.82	2478.48	2465.53	2457.91	2449.93	2437.61	2416.89	2393.69	2383.94	2375.26	2360.61	2338.65	2316.80	2305.76	2301.72	2292.66	2277.25	2266.56	2259.45	2250.74	2234.88	2212.23	2200.86	2189.53	2174.48	2158.00	2138.91	2115.58	2107.86	2101.42	2087.36	2067.48	2041.33	2016.22	2002.49	1996.34	1990.30	1981.44	1966.24	1950.78	1919.44	1896.78	1892.67	1859.56	1817.07	1788.98	1768.62	1742.13	1697.93	1673.92	1665.40	1656.59	1636.10	1616.26	1601.14	1583.25	1564.24	1552.98	1544.85	1529.50	1498.77	1445.65	1410.99	1394.86	1382.83	1364.30	1336.82	1306.22	1290.84	1269.29	1242.94	1221.33	1191.50	1159.47	1138.08	1103.28	1045.85	1006.72	996.35	984.13	959.35	917.98	885.12	858.93	825.07	784.71	739.17	716.58	659.32	535.80	415.87
2601.61	2603.22	2606.67	2617.96	2630.15	2636.86	2643.00	2649.62	2658.00	2665.71	2670.11	2677.95	2683.70	2685.90	2691.56	2698.24	2701.45	2704.14	2711.04	2717.71	2721.56	2724.09	2728.68	2733.86	2736.56	2741.63	2753.33	2765.39	2774.77	2777.41	2780.78	2786.04	2789.14	2788.87	2789.59	2800.35	2818.54	2831.10	2837.63	2839.76	2836.56	2844.12	2855.31	2857.93	2861.02	2864.00	2867.08	2872.95	2878.95	2885.64	2887.55	2889.04	2895.39	2908.42	2918.98	2927.14	2933.78	2941.34	2947.59	2953.75	2962.80	2971.43	2978.03	2984.01	2989.24	2993.18	2998.06	3001.22	3004.84	3010.54	3015.15	3016.03	3018.16	3020.79	3020.67	3019.91	3023.74	3030.07	3034.04	3034.93	3034.54	3035.28	3037.28	3039.73	3041.02	3041.16	3041.51	3042.61	3042.83	3041.11	3040.04	3040.00	3039.95	3040.29	3039.68	3038.36	3037.73	3037.59	3034.89	3033.59	3034.52	3033.50	3031.16	3028.61	3024.77	3021.20	3019.77	3018.25	3016.48	3013.98	3009.58	3004.89	3001.20	2993.53	2984.16	2984.98	2983.55	2979.45	2974.85	2971.36	2966.09	2962.81	2962.16	2957.49	2952.49	2946.21	2937.14	2927.92	2920.05	2911.28	2901.49	2893.95	2886.01	2878.00	2868.22	2852.00	2847.39	2840.69	2826.53	2818.25	2813.32	2803.93	2790.36	2778.26	2763.01	2741.93	2734.65	2730.15	2719.35	2703.42	2685.48	2659.55	2647.29	2642.68	2638.17	2630.72	2619.38	2607.48	2589.72	2572.59	2565.29	2561.80	2552.44	2536.36	2513.52	2497.63	2475.19	2461.64	2455.53	2445.31	2434.77	2417.49	2389.49	2368.89	2365.91	2350.07	2323.15	2307.40	2295.95	2284.94	2278.23	2266.88	2250.95	2243.61	2239.06	2227.22	2191.79	2177.44	2174.33	2157.57	2131.41	2107.33	2090.36	2084.54	2080.69	2075.66	2057.82	2030.72	1996.42	1983.25	1982.99	1978.01	1967.20	1946.88	1929.67	1907.93	1901.00	1884.87	1844.30	1785.00	1772.86	1753.92	1729.01	1690.65	1675.25	1662.75	1654.30	1641.17	1624.83	1605.63	1578.40	1556.30	1549.37	1543.20	1533.88	1503.86	1443.76	1414.29	1401.04	1384.66	1358.09	1328.43	1305.20	1291.79	1270.40	1243.30	1215.96	1185.62	1156.33	1134.21	1093.75	1039.48	1009.11	996.87	978.19	952.21	914.88	882.73	854.65	828.00	781.04	734.95	760.03	701.09	515.17	405.15
2610.59	2613.83	2619.72	2629.59	2638.09	2645.03	2651.86	2657.18	2663.86	2670.58	2675.12	2679.60	2684.67	2689.47	2696.44	2702.77	2707.34	2709.60	2716.50	2723.97	2726.69	2730.03	2735.74	2740.23	2742.22	2746.63	2761.11	2772.70	2777.18	2779.10	2787.62	2794.91	2795.12	2792.70	2791.01	2802.79	2823.29	2835.16	2841.54	2843.30	2844.40	2856.87	2864.11	2866.45	2869.01	2872.88	2878.01	2882.32	2884.93	2888.24	2890.12	2893.76	2901.17	2913.64	2923.02	2929.47	2937.71	2948.35	2954.92	2958.76	2966.24	2974.39	2982.11	2988.60	2994.76	3000.38	3004.87	3007.27	3009.29	3015.05	3020.46	3022.47	3022.93	3023.41	3022.46	3023.03	3026.20	3030.16	3035.30	3038.99	3039.53	3038.64	3040.91	3044.03	3045.07	3045.30	3046.52	3047.90	3048.26	3046.84	3045.22	3044.83	3044.20	3044.17	3043.53	3042.64	3041.30	3040.52	3037.83	3035.14	3035.28	3034.21	3032.03	3030.20	3025.00	3020.34	3018.10	3017.54	3016.33	3013.89	3009.09	3003.30	2998.11	2988.09	2980.91	2982.18	2980.82	2976.50	2973.30	2969.77	2962.98	2959.36	2960.22	2955.92	2950.61	2939.58	2926.32	2920.25	2915.78	2909.13	2896.86	2887.72	2883.68	2877.69	2864.14	2845.88	2841.51	2835.38	2825.71	2819.45	2811.47	2799.30	2785.08	2772.46	2760.03	2741.70	2728.72	2727.12	2714.97	2698.32	2685.00	2660.12	2643.16	2638.49	2634.80	2621.02	2604.54	2594.77	2582.87	2570.00	2561.98	2553.88	2542.68	2529.45	2511.95	2493.64	2467.93	2454.24	2449.71	2435.71	2422.78	2411.95	2385.89	2354.18	2349.85	2337.44	2318.01	2302.30	2280.39	2261.40	2261.54	2250.45	2229.76	2227.36	2226.75	2211.99	2167.41	2158.00	2156.08	2136.80	2108.22	2094.95	2074.58	2059.78	2058.98	2057.12	2046.95	2024.55	1993.50	1981.82	1979.26	1975.28	1960.28	1919.19	1898.24	1890.51	1887.16	1866.52	1828.61	1785.80	1764.69	1734.70	1703.92	1683.53	1676.36	1666.33	1659.40	1646.74	1628.24	1608.69	1578.11	1553.50	1544.34	1532.49	1524.24	1499.93	1446.82	1414.89	1400.69	1380.16	1353.90	1330.58	1312.78	1297.22	1271.24	1238.88	1210.39	1185.98	1155.32	1125.12	1087.70	1049.82	1021.34	996.38	970.93	938.84	901.83	873.23	846.51	817.75	760.38	689.09	785.26	706.75	504.05	363.11
2621.40	2624.43	2631.72	2642.98	2649.06	2653.32	2656.92	2660.55	2668.21	2675.58	2680.48	2684.12	2688.60	2693.56	2699.39	2705.94	2710.11	2712.85	2722.59	2731.42	2734.94	2738.68	2743.77	2746.95	2748.13	2752.54	2765.72	2774.06	2777.39	2783.86	2794.78	2799.39	2798.32	2796.49	2798.67	2809.90	2829.90	2841.30	2846.89	2847.56	2851.60	2861.33	2867.86	2871.64	2872.99	2877.12	2884.11	2890.07	2892.76	2893.05	2895.47	2899.69	2904.28	2914.76	2925.49	2933.63	2942.29	2952.41	2960.58	2965.75	2971.41	2978.83	2986.32	2992.06	2997.05	3003.11	3007.60	3010.86	3013.65	3018.15	3022.75	3026.41	3028.53	3029.07	3029.70	3032.15	3034.60	3036.03	3038.70	3042.07	3044.22	3043.37	3043.43	3046.03	3048.42	3049.70	3051.14	3051.56	3051.66	3051.59	3050.33	3049.16	3047.78	3047.00	3046.76	3045.72	3043.96	3042.23	3039.84	3037.45	3035.17	3033.95	3032.32	3030.46	3025.89	3020.17	3016.27	3015.86	3015.51	3012.12	3007.80	3002.15	2995.40	2984.08	2978.53	2980.00	2978.79	2971.62	2969.37	2967.86	2960.13	2954.89	2956.46	2953.74	2946.78	2933.86	2920.35	2917.28	2912.93	2906.17	2892.59	2881.91	2879.72	2873.29	2860.51	2842.03	2834.77	2830.16	2824.08	2816.49	2808.03	2795.90	2780.52	2765.69	2756.32	2742.51	2723.06	2719.81	2712.30	2702.27	2686.14	2656.51	2642.09	2637.37	2629.95	2611.85	2595.69	2587.37	2579.18	2568.03	2559.38	2550.12	2540.81	2527.16	2508.04	2483.30	2457.44	2445.25	2437.06	2421.01	2407.76	2397.38	2379.98	2355.59	2338.95	2326.53	2308.73	2288.73	2270.55	2251.82	2244.82	2234.14	2223.06	2223.01	2219.05	2192.30	2158.88	2158.58	2149.11	2120.46	2095.51	2080.45	2068.17	2058.33	2049.10	2041.65	2037.72	2015.53	1987.39	1983.09	1974.86	1960.58	1930.15	1886.55	1869.41	1873.07	1876.38	1856.81	1829.31	1805.99	1756.03	1712.40	1696.38	1690.53	1684.97	1676.47	1662.85	1644.33	1624.55	1605.68	1585.20	1560.69	1539.23	1520.50	1510.09	1487.66	1444.49	1413.88	1399.95	1379.45	1357.05	1338.87	1318.86	1297.29	1267.53	1239.86	1212.86	1183.24	1154.79	1126.63	1085.73	1051.32	1029.01	1000.12	967.71	930.03	900.83	869.06	824.84	779.66	710.58	631.12	651.05	619.19	453.34	350.72
2627.88	2632.62	2641.57	2651.10	2656.16	2661.59	2664.51	2670.42	2679.55	2685.87	2689.66	2691.70	2694.20	2698.39	2705.00	2710.53	2713.07	2717.39	2728.45	2737.56	2742.93	2747.80	2751.17	2753.28	2752.49	2753.01	2765.86	2778.05	2785.83	2793.69	2800.51	2802.76	2800.77	2800.49	2806.70	2822.01	2841.33	2849.59	2853.38	2854.02	2858.89	2864.27	2869.51	2872.68	2874.30	2879.51	2887.13	2894.07	2897.76	2898.61	2902.02	2904.26	2910.04	2921.42	2933.67	2943.30	2950.89	2957.87	2965.51	2971.43	2976.22	2983.66	2990.83	2996.04	3000.01	3004.90	3009.58	3014.05	3017.28	3020.49	3024.54	3028.88	3032.32	3034.29	3037.11	3039.41	3041.33	3043.06	3044.96	3046.35	3047.77	3048.48	3047.82	3048.57	3050.94	3053.28	3054.77	3054.97	3055.11	3056.09	3054.92	3053.24	3051.69	3049.78	3048.74	3047.84	3046.07	3042.86	3040.83	3039.04	3034.98	3032.81	3032.20	3030.06	3026.56	3020.68	3014.09	3012.97	3013.60	3011.28	3007.15	3001.87	2995.29	2983.12	2976.42	2976.75	2974.40	2967.56	2965.47	2963.97	2958.05	2951.19	2951.20	2948.72	2943.03	2935.57	2922.37	2916.91	2910.88	2900.91	2887.42	2879.12	2877.30	2871.04	2860.23	2841.81	2832.91	2829.86	2824.56	2812.78	2803.80	2791.96	2774.75	2761.49	2754.25	2741.98	2721.14	2717.49	2712.91	2704.63	2688.79	2657.06	2640.70	2633.82	2624.61	2612.21	2595.32	2584.33	2574.68	2561.33	2551.35	2545.22	2537.49	2521.20	2498.88	2469.78	2447.41	2436.77	2425.51	2412.34	2402.30	2389.13	2374.80	2355.06	2332.59	2314.20	2293.68	2277.34	2268.00	2254.26	2240.26	2226.16	2214.69	2210.64	2204.99	2178.43	2164.41	2162.70	2143.12	2114.18	2094.16	2076.85	2069.91	2063.15	2047.84	2033.30	2021.94	1998.52	1981.70	1979.78	1968.11	1945.59	1908.42	1881.09	1860.92	1850.69	1852.00	1845.21	1828.75	1801.62	1740.55	1708.27	1708.78	1705.33	1695.85	1680.91	1655.82	1634.94	1620.66	1605.38	1587.54	1553.75	1525.83	1506.22	1494.08	1470.72	1439.22	1416.40	1404.08	1386.32	1363.37	1341.77	1316.32	1288.18	1264.43	1248.47	1218.32	1180.23	1153.57	1119.10	1076.06	1051.07	1028.03	1002.80	972.65	937.21	919.40	868.01	784.81	748.71	697.52	566.41	520.52	488.03	445.27	392.55
2632.70	2639.56	2648.25	2655.08	2662.07	2667.78	2672.16	2680.57	2688.81	2692.97	2695.15	2696.42	2699.14	2705.63	2713.57	2718.15	2718.22	2723.45	2734.66	2742.24	2748.67	2754.55	2757.64	2759.70	2757.59	2759.88	2779.88	2794.70	2799.24	2803.16	2807.03	2806.87	2803.43	2803.94	2813.29	2830.89	2847.70	2856.32	2861.00	2863.27	2866.84	2868.89	2872.78	2875.37	2878.44	2883.65	2889.25	2896.07	2900.75	2902.12	2902.28	2909.39	2920.86	2930.56	2942.86	2953.45	2961.19	2966.14	2971.48	2977.80	2981.28	2986.78	2994.41	3000.63	3004.61	3008.90	3012.97	3015.16	3017.99	3022.64	3025.24	3029.96	3035.41	3039.09	3042.68	3044.24	3045.19	3046.73	3048.96	3049.15	3050.35	3052.51	3053.66	3052.71	3052.63	3055.38	3057.47	3058.22	3058.26	3059.15	3058.71	3057.38	3055.82	3052.68	3050.45	3049.55	3047.60	3043.61	3041.44	3039.18	3035.33	3032.50	3031.57	3029.18	3025.35	3019.96	3014.15	3013.00	3012.49	3010.62	3007.06	3002.77	2995.18	2982.04	2973.05	2973.84	2972.45	2968.26	2964.27	2961.86	2958.72	2950.91	2949.76	2947.53	2943.50	2935.76	2924.68	2918.45	2910.29	2895.89	2884.77	2878.09	2874.28	2868.48	2856.68	2836.05	2831.23	2830.46	2823.93	2810.16	2801.24	2787.91	2768.51	2758.51	2752.99	2739.19	2722.29	2716.39	2710.11	2701.41	2690.11	2664.24	2637.57	2622.96	2616.41	2608.90	2593.36	2580.31	2569.60	2554.52	2541.41	2537.34	2533.08	2519.61	2491.51	2455.28	2443.84	2432.22	2415.58	2405.07	2395.39	2377.70	2366.03	2354.44	2332.29	2301.68	2285.69	2279.38	2269.09	2255.19	2233.74	2210.10	2195.32	2190.21	2184.52	2168.89	2169.24	2163.03	2133.35	2088.05	2074.02	2075.63	2072.98	2062.45	2044.95	2028.72	2010.35	1992.94	1982.00	1976.48	1963.52	1935.18	1893.29	1875.80	1853.39	1836.40	1833.26	1831.84	1817.97	1784.27	1738.68	1722.49	1716.09	1708.73	1697.31	1679.81	1653.18	1632.14	1623.03	1609.64	1580.99	1541.83	1503.01	1484.12	1476.68	1460.85	1441.82	1424.18	1409.46	1387.38	1361.88	1337.68	1312.03	1283.89	1260.75	1242.26	1215.12	1180.97	1145.54	1108.14	1068.24	1050.23	1024.03	993.27	966.36	934.92	923.99	878.57	778.55	723.11	709.45	577.58	499.31	470.62	461.41	360.52
2643.71	2650.03	2655.69	2661.83	2668.69	2672.39	2677.24	2686.40	2693.63	2696.43	2699.67	2704.33	2709.66	2715.82	2722.74	2725.65	2725.17	2731.94	2742.70	2747.97	2753.89	2759.73	2763.39	2767.06	2764.74	2774.86	2798.94	2808.25	2808.97	2810.20	2812.32	2811.21	2807.41	2814.18	2824.53	2839.31	2852.07	2859.91	2866.05	2870.19	2873.33	2874.07	2876.89	2880.19	2884.50	2888.95	2894.17	2902.43	2905.73	2901.47	2898.37	2918.95	2934.43	2939.76	2950.46	2962.12	2971.76	2976.67	2979.95	2983.64	2985.74	2990.56	2999.27	3006.21	3010.54	3014.25	3017.60	3019.22	3022.61	3027.02	3028.95	3033.35	3038.47	3042.84	3047.02	3049.61	3050.39	3052.06	3053.72	3053.42	3054.24	3055.77	3057.09	3057.34	3056.55	3057.22	3059.34	3060.87	3061.31	3061.80	3061.72	3060.45	3058.85	3055.73	3052.82	3051.07	3049.37	3045.24	3041.72	3039.19	3035.83	3032.90	3030.24	3027.80	3024.66	3020.04	3013.73	3012.07	3010.75	3008.45	3004.05	3000.43	2992.10	2978.12	2970.52	2971.46	2971.15	2966.74	2962.33	2959.87	2954.23	2948.41	2949.80	2947.64	2941.89	2932.30	2922.70	2916.05	2904.92	2891.16	2883.34	2875.63	2869.07	2864.00	2852.86	2833.34	2830.88	2828.88	2822.21	2812.91	2803.63	2785.83	2764.62	2752.65	2744.01	2735.32	2725.91	2717.18	2706.84	2696.13	2682.30	2658.89	2634.94	2621.56	2613.41	2602.64	2585.20	2576.90	2568.33	2554.43	2536.77	2527.80	2524.97	2513.11	2482.50	2449.05	2447.02	2434.33	2411.91	2391.64	2377.82	2365.43	2360.60	2350.36	2327.62	2296.18	2280.15	2275.20	2264.17	2245.34	2214.23	2198.02	2192.25	2180.77	2168.41	2155.42	2156.42	2149.12	2128.66	2085.17	2064.53	2068.19	2069.74	2056.54	2041.07	2031.28	2004.00	1978.86	1973.79	1967.39	1949.90	1909.91	1870.75	1866.14	1845.61	1833.26	1827.10	1813.52	1794.32	1770.61	1748.72	1738.47	1725.61	1706.41	1690.91	1676.31	1649.94	1631.45	1622.56	1606.12	1574.97	1550.46	1516.22	1482.96	1462.26	1454.53	1443.73	1429.88	1412.15	1386.76	1353.81	1334.01	1309.29	1280.25	1257.61	1235.13	1207.79	1176.02	1140.05	1108.59	1057.78	1030.86	1013.61	978.05	948.40	914.48	881.42	848.35	777.65	706.75	679.36	599.39	539.96	499.19	448.77	302.37
2653.49	2660.35	2665.82	2671.72	2674.97	2676.81	2684.56	2693.89	2701.69	2707.10	2710.91	2715.96	2718.78	2722.22	2729.48	2732.11	2733.92	2743.49	2750.44	2753.73	2759.76	2765.25	2768.67	2771.20	2769.76	2783.21	2803.32	2811.09	2812.35	2814.30	2815.58	2814.75	2813.55	2824.93	2832.01	2840.25	2851.62	2860.33	2867.81	2873.33	2877.26	2878.24	2880.72	2884.79	2888.43	2891.38	2898.26	2908.20	2911.82	2909.16	2912.10	2930.86	2943.32	2948.14	2955.91	2966.47	2975.75	2982.70	2987.52	2989.89	2990.41	2996.41	3004.94	3010.98	3015.13	3018.47	3022.38	3025.62	3029.50	3033.23	3036.61	3040.24	3042.95	3045.44	3049.70	3053.58	3055.17	3057.12	3057.29	3056.40	3057.65	3059.70	3060.36	3061.33	3061.39	3060.90	3061.33	3061.91	3063.09	3063.56	3063.38	3062.16	3060.47	3057.68	3054.27	3052.59	3050.42	3046.91	3042.88	3039.37	3035.53	3032.59	3029.27	3027.17	3024.53	3019.49	3011.75	3009.44	3009.03	3005.38	3000.38	2995.37	2987.39	2975.09	2970.78	2969.77	2967.98	2961.87	2958.27	2955.39	2948.21	2945.00	2945.38	2943.09	2934.47	2923.41	2918.10	2910.95	2899.10	2889.30	2882.78	2872.43	2864.04	2861.23	2850.55	2833.57	2829.07	2827.56	2822.15	2812.74	2799.76	2779.26	2760.60	2746.32	2738.32	2735.76	2730.07	2719.43	2707.71	2694.94	2679.61	2658.85	2635.58	2622.49	2614.02	2600.85	2581.60	2574.35	2565.12	2549.90	2535.27	2522.40	2512.93	2502.45	2477.49	2454.74	2446.65	2434.20	2405.78	2381.47	2366.99	2356.70	2351.67	2340.55	2323.94	2303.69	2280.42	2259.94	2246.07	2229.63	2210.32	2200.45	2189.95	2174.63	2160.20	2147.06	2147.83	2142.95	2129.17	2093.65	2067.63	2062.55	2061.76	2048.13	2031.85	2021.21	1988.26	1965.34	1967.09	1958.15	1936.76	1897.80	1865.53	1857.83	1843.45	1830.88	1817.88	1797.11	1780.10	1771.02	1754.74	1743.81	1726.04	1698.41	1684.18	1671.94	1644.95	1629.44	1621.01	1594.55	1572.20	1564.24	1540.04	1496.91	1463.62	1453.28	1443.81	1431.12	1413.53	1385.87	1348.84	1334.67	1312.63	1278.85	1254.05	1229.45	1198.43	1163.48	1135.49	1106.99	1054.75	1019.87	998.30	960.82	929.39	903.89	861.07	823.07	777.70	720.42	666.49	612.09	555.50	505.09	432.54	308.41
2660.76	2668.12	2675.11	2681.01	2681.86	2685.67	2698.22	2706.40	2713.05	2718.59	2722.50	2725.62	2725.90	2729.36	2736.07	2738.19	2741.69	2750.31	2755.82	2761.10	2768.89	2773.54	2775.14	2775.60	2775.97	2790.67	2805.71	2812.52	2816.85	2820.08	2819.38	2818.59	2821.47	2831.98	2836.25	2835.53	2852.43	2868.91	2875.81	2878.02	2881.00	2882.47	2885.87	2890.25	2893.30	2894.14	2901.51	2912.38	2917.34	2916.89	2924.81	2938.70	2950.07	2955.73	2962.57	2971.92	2978.70	2984.91	2990.59	2993.91	2996.63	3003.46	3012.01	3016.46	3020.57	3022.98	3026.64	3031.31	3036.30	3040.19	3043.57	3045.70	3046.81	3047.30	3050.59	3054.53	3057.75	3060.41	3060.32	3059.76	3060.80	3063.05	3064.04	3064.85	3065.73	3065.52	3065.05	3063.89	3063.64	3064.04	3064.81	3063.61	3061.72	3059.05	3055.78	3053.77	3050.93	3048.08	3044.15	3039.68	3034.35	3032.44	3029.07	3026.65	3024.10	3017.96	3010.24	3008.74	3007.79	3001.72	2995.64	2990.98	2984.60	2976.16	2972.69	2969.36	2965.41	2959.74	2955.78	2952.09	2945.94	2943.11	2940.64	2938.22	2928.79	2916.96	2915.56	2909.11	2897.10	2889.50	2882.31	2870.14	2861.04	2858.13	2848.39	2833.01	2826.20	2825.27	2819.80	2810.15	2795.50	2776.10	2758.54	2743.84	2738.90	2737.43	2732.14	2720.54	2708.44	2696.61	2685.35	2663.92	2631.25	2614.37	2609.53	2597.41	2584.60	2574.54	2559.54	2542.47	2532.50	2518.16	2501.84	2490.97	2474.16	2460.65	2447.36	2432.51	2394.64	2377.43	2365.11	2351.28	2342.89	2332.02	2320.93	2309.37	2281.27	2243.67	2235.19	2226.36	2213.62	2197.80	2182.19	2165.04	2151.55	2141.42	2141.09	2139.34	2125.11	2085.81	2065.64	2058.92	2049.12	2039.04	2017.02	1987.78	1965.06	1958.03	1955.22	1944.75	1925.64	1896.10	1870.70	1854.58	1839.68	1820.94	1806.07	1798.07	1789.06	1775.80	1751.51	1738.78	1718.97	1693.93	1680.95	1666.88	1645.98	1631.05	1618.13	1579.99	1562.18	1562.71	1526.32	1492.62	1476.52	1460.16	1442.33	1424.30	1403.85	1375.02	1342.43	1322.80	1301.24	1274.11	1245.20	1212.96	1182.71	1152.14	1126.79	1099.97	1053.72	1018.24	993.17	949.49	916.81	889.05	844.63	806.36	758.68	706.84	658.97	598.00	537.14	479.65	402.81	282.57
2669.43	2678.50	2685.33	2689.41	2692.03	2699.30	2711.22	2717.09	2720.13	2724.52	2728.65	2730.30	2732.55	2739.64	2745.14	2747.89	2750.63	2756.28	2763.13	2771.39	2778.63	2781.72	2781.08	2781.01	2786.41	2802.55	2814.27	2819.88	2823.50	2822.66	2822.61	2823.80	2827.99	2836.72	2834.33	2837.45	2865.59	2883.12	2888.37	2888.59	2887.78	2888.32	2890.74	2895.92	2899.78	2901.03	2909.08	2918.70	2921.60	2922.57	2930.26	2943.30	2956.44	2963.20	2969.28	2978.72	2985.73	2991.31	2995.22	2998.93	3002.57	3009.72	3017.32	3021.02	3025.30	3026.89	3030.26	3035.34	3040.43	3044.98	3048.70	3050.26	3049.80	3050.39	3053.23	3056.53	3059.10	3061.70	3062.76	3064.09	3065.46	3066.37	3067.78	3069.11	3069.86	3069.78	3069.81	3068.22	3065.97	3064.43	3064.35	3064.11	3062.72	3060.07	3056.82	3054.24	3051.16	3048.15	3044.89	3041.22	3035.42	3032.29	3027.80	3024.34	3022.08	3016.86	3010.24	3009.47	3007.45	3000.30	2993.07	2989.84	2986.10	2980.13	2974.43	2968.62	2964.17	2960.12	2954.46	2949.63	2943.81	2940.02	2937.89	2934.77	2927.11	2916.45	2910.45	2906.07	2896.62	2886.15	2878.90	2869.66	2857.57	2851.66	2844.37	2832.76	2828.74	2825.44	2818.32	2808.45	2794.81	2776.77	2760.43	2743.22	2735.80	2733.48	2727.51	2719.30	2709.95	2698.12	2684.41	2658.76	2623.65	2607.29	2604.55	2594.32	2585.35	2574.12	2559.97	2541.60	2524.22	2510.65	2496.17	2483.85	2469.49	2456.91	2441.71	2420.90	2387.61	2376.53	2364.18	2349.27	2339.18	2330.03	2322.51	2312.25	2279.26	2232.03	2228.39	2220.26	2205.28	2186.01	2172.94	2158.13	2145.29	2133.77	2128.03	2126.13	2111.68	2081.92	2062.47	2047.61	2033.81	2025.38	2005.21	1979.60	1962.69	1951.36	1942.13	1933.94	1920.85	1900.57	1878.96	1852.30	1819.42	1805.79	1804.56	1799.24	1795.92	1779.92	1739.48	1723.39	1709.79	1691.88	1674.34	1657.05	1641.32	1629.95	1616.33	1574.36	1534.79	1520.04	1499.02	1489.06	1482.27	1463.85	1441.87	1414.30	1387.59	1359.77	1335.66	1317.26	1295.75	1270.25	1235.80	1200.83	1171.14	1146.35	1122.30	1098.43	1060.35	1022.11	976.51	937.30	912.78	865.58	818.08	771.13	725.84	690.05	645.44	563.37	481.48	422.05	347.91	233.66
2681.96	2688.81	2694.02	2697.97	2701.72	2707.14	2713.33	2717.36	2720.58	2727.20	2730.09	2731.30	2738.70	2746.64	2752.45	2757.40	2761.56	2767.78	2774.88	2781.91	2787.37	2789.67	2788.55	2790.34	2795.55	2811.10	2822.52	2827.96	2829.86	2825.99	2825.82	2828.94	2831.53	2836.96	2839.19	2859.21	2878.88	2889.76	2895.14	2897.06	2895.91	2896.00	2898.79	2904.92	2908.85	2911.59	2920.69	2928.82	2927.19	2929.23	2939.02	2952.40	2963.68	2970.51	2975.08	2982.25	2990.39	2996.65	3001.70	3005.16	3006.92	3012.61	3019.59	3024.42	3028.48	3029.15	3032.93	3039.53	3044.33	3048.49	3051.86	3053.74	3055.07	3057.39	3060.19	3062.20	3063.80	3065.51	3066.27	3068.35	3070.61	3071.76	3072.13	3072.85	3073.69	3073.54	3073.11	3072.39	3070.61	3067.59	3064.63	3063.80	3062.70	3060.25	3057.45	3054.48	3051.44	3047.89	3045.16	3041.48	3036.32	3031.61	3025.84	3021.56	3020.17	3017.17	3010.92	3008.16	3005.04	2998.06	2989.12	2987.27	2985.65	2979.96	2971.34	2965.09	2962.15	2958.44	2951.41	2945.09	2939.55	2936.36	2934.17	2929.57	2922.36	2914.74	2905.03	2898.58	2893.02	2884.32	2877.46	2871.57	2856.88	2842.97	2836.39	2832.39	2831.35	2826.30	2815.66	2803.81	2789.24	2764.64	2750.43	2740.15	2734.59	2732.68	2725.81	2718.05	2708.22	2693.48	2675.80	2651.77	2623.08	2611.94	2606.39	2594.58	2579.05	2568.03	2560.96	2544.54	2518.45	2501.91	2487.99	2479.37	2462.04	2445.23	2430.08	2415.05	2394.35	2378.38	2361.65	2345.38	2334.86	2327.28	2316.82	2299.75	2283.08	2247.66	2228.64	2208.11	2194.45	2180.56	2168.89	2154.40	2144.23	2132.43	2114.60	2104.38	2093.62	2077.87	2058.40	2045.39	2032.89	2017.12	2001.91	1983.38	1962.49	1945.48	1940.53	1934.32	1919.46	1894.26	1869.11	1837.99	1808.34	1805.21	1806.07	1797.28	1791.23	1767.74	1734.61	1724.14	1706.84	1683.49	1659.87	1641.69	1634.31	1626.50	1614.05	1583.95	1514.61	1493.62	1488.09	1490.76	1480.30	1463.39	1439.62	1409.93	1379.95	1352.91	1331.98	1315.08	1292.40	1262.74	1231.39	1194.58	1162.58	1142.80	1122.12	1093.14	1055.21	1013.05	956.22	932.65	930.62	841.68	797.09	753.19	705.59	660.22	597.91	519.65	455.57	396.02	286.42	174.83
2693.08	2696.18	2699.79	2704.20	2708.60	2711.35	2712.80	2716.59	2721.68	2728.80	2733.12	2737.14	2744.76	2751.19	2758.00	2763.76	2769.54	2777.80	2785.64	2790.23	2794.54	2796.29	2797.64	2801.41	2805.09	2815.88	2826.73	2830.67	2831.79	2829.78	2832.31	2834.65	2835.21	2838.84	2854.99	2875.64	2887.61	2896.77	2901.72	2902.74	2902.48	2904.53	2908.12	2913.87	2918.45	2921.44	2927.99	2935.23	2937.15	2944.57	2951.72	2958.46	2966.10	2973.28	2979.71	2985.72	2993.71	3000.29	3004.98	3007.25	3010.12	3015.18	3020.65	3026.38	3030.48	3032.74	3038.35	3045.12	3049.16	3052.86	3054.15	3056.79	3060.93	3064.00	3066.41	3067.97	3068.21	3068.29	3069.02	3071.30	3073.80	3075.38	3075.70	3076.03	3076.66	3076.40	3075.62	3074.44	3073.06	3070.38	3066.59	3063.56	3061.99	3060.40	3057.92	3053.94	3050.69	3046.86	3044.09	3041.09	3037.00	3031.77	3025.26	3020.17	3018.28	3016.57	3010.74	3005.34	3001.77	2994.69	2984.74	2983.46	2982.81	2977.60	2969.18	2962.76	2958.83	2954.10	2947.00	2941.73	2936.28	2932.17	2927.61	2921.70	2916.17	2911.07	2903.38	2894.28	2886.89	2882.89	2879.94	2874.54	2860.03	2837.82	2828.62	2830.06	2829.12	2822.41	2809.95	2797.68	2779.23	2755.44	2747.74	2741.67	2738.89	2738.35	2730.66	2715.62	2699.50	2685.39	2671.35	2653.34	2630.54	2617.15	2609.84	2593.30	2574.39	2565.32	2558.92	2545.33	2527.31	2506.32	2473.57	2461.56	2444.13	2433.77	2427.42	2417.30	2401.07	2380.59	2357.95	2332.53	2319.56	2314.65	2306.47	2295.86	2285.40	2255.07	2221.32	2191.10	2180.75	2178.91	2173.92	2157.03	2138.95	2121.74	2095.88	2087.75	2085.38	2077.15	2059.89	2042.44	2026.25	2012.53	1998.27	1981.69	1964.33	1943.74	1934.76	1928.65	1913.21	1885.18	1853.06	1820.47	1810.91	1810.19	1802.53	1796.12	1789.40	1760.60	1740.35	1728.29	1707.03	1679.39	1651.23	1629.15	1626.22	1622.16	1611.51	1573.75	1517.19	1504.86	1493.74	1487.29	1476.52	1459.06	1436.43	1409.60	1380.17	1357.62	1332.76	1309.14	1284.47	1256.91	1232.25	1195.28	1157.85	1137.87	1115.63	1078.61	1045.14	993.74	943.93	894.22	878.67	830.23	799.34	746.27	681.98	637.81	562.16	484.02	435.40	351.91	191.56	140.47
2699.81	2699.58	2700.41	2704.18	2709.03	2713.72	2719.29	2728.21	2735.61	2741.40	2746.97	2751.82	2755.03	2759.13	2765.54	2769.76	2775.50	2783.49	2791.47	2797.70	2801.59	2802.50	2804.99	2807.24	2808.72	2816.58	2826.69	2830.91	2833.13	2834.44	2839.00	2843.32	2852.69	2864.00	2878.13	2889.36	2899.31	2905.60	2908.59	2908.47	2907.63	2909.19	2914.22	2920.67	2926.66	2928.95	2932.88	2939.74	2946.12	2955.53	2961.84	2967.44	2972.77	2979.03	2985.21	2988.70	2993.89	3000.99	3005.43	3008.73	3015.42	3019.76	3022.13	3026.04	3031.12	3036.41	3042.56	3048.79	3052.18	3054.46	3057.19	3061.56	3065.25	3067.74	3069.41	3070.20	3071.07	3071.44	3072.35	3074.36	3076.43	3077.78	3078.66	3078.48	3078.52	3078.84	3077.26	3075.63	3074.29	3071.99	3068.83	3064.76	3061.52	3060.02	3058.21	3053.01	3048.36	3045.50	3043.51	3040.26	3036.31	3031.82	3026.36	3020.73	3016.47	3014.01	3009.41	3004.24	2999.39	2992.11	2984.21	2982.27	2980.64	2976.05	2970.06	2962.42	2954.92	2950.53	2944.89	2939.79	2934.16	2928.34	2921.33	2913.22	2907.33	2904.55	2901.03	2893.80	2883.78	2879.92	2879.18	2873.09	2859.66	2835.42	2824.96	2829.31	2825.90	2816.91	2807.18	2794.18	2770.38	2753.49	2747.59	2741.41	2740.60	2738.29	2729.66	2715.91	2698.66	2679.44	2668.70	2653.60	2635.19	2620.41	2608.80	2589.78	2574.76	2564.81	2557.09	2544.28	2534.12	2511.73	2460.78	2437.97	2426.62	2427.63	2427.63	2418.66	2406.42	2388.30	2363.01	2316.91	2296.96	2295.86	2291.49	2285.27	2273.97	2250.56	2214.38	2181.59	2170.61	2174.27	2173.64	2163.79	2143.01	2102.25	2087.09	2092.24	2086.57	2078.89	2066.11	2043.97	2016.92	1999.55	1988.52	1976.67	1961.19	1940.28	1926.19	1916.95	1900.90	1879.37	1847.97	1813.24	1816.34	1816.77	1806.76	1799.30	1780.16	1755.73	1738.22	1722.81	1703.11	1676.97	1644.16	1619.63	1619.65	1616.92	1605.12	1577.74	1534.72	1519.57	1501.31	1482.46	1469.97	1454.13	1434.44	1412.17	1385.70	1362.26	1333.56	1304.10	1280.23	1250.38	1227.82	1197.66	1162.00	1132.85	1100.64	1058.71	1039.90	990.12	929.30	851.59	827.21	822.99	802.11	802.28	800.58	808.00	665.56	474.17	394.17	291.25	183.80	126.28
2703.83	2702.51	2703.88	2707.07	2715.64	2723.93	2732.08	2743.01	2751.09	2756.97	2760.91	2763.27	2764.95	2768.67	2774.31	2777.71	2783.38	2789.96	2795.44	2800.85	2805.51	2808.34	2811.00	2812.14	2812.56	2817.74	2826.37	2832.24	2837.29	2839.02	2841.42	2850.92	2868.53	2883.99	2893.11	2899.65	2907.65	2912.38	2914.58	2914.50	2913.68	2914.62	2918.76	2924.11	2930.66	2935.30	2940.38	2946.73	2952.80	2960.34	2966.44	2973.85	2980.57	2986.99	2991.27	2992.99	2997.16	3003.96	3008.22	3013.18	3019.43	3022.43	3023.39	3027.20	3035.24	3041.99	3046.79	3052.11	3054.08	3057.78	3063.34	3067.81	3069.86	3071.35	3072.50	3073.86	3075.94	3076.76	3077.20	3078.02	3078.94	3080.07	3081.44	3080.93	3080.52	3080.40	3078.63	3076.93	3074.84	3072.41	3069.77	3066.11	3062.47	3059.59	3057.39	3052.05	3047.06	3043.63	3041.74	3038.69	3035.13	3030.65	3026.60	3021.84	3014.66	3010.41	3007.94	3002.95	2997.12	2990.36	2985.48	2982.51	2977.66	2972.56	2968.18	2961.49	2952.77	2948.09	2944.28	2938.47	2932.17	2926.20	2917.66	2905.73	2898.24	2898.28	2898.24	2894.76	2883.51	2877.02	2873.92	2866.20	2853.85	2834.28	2826.38	2829.65	2822.32	2814.09	2805.84	2789.24	2762.79	2748.97	2744.11	2739.28	2737.85	2735.50	2728.31	2718.44	2702.75	2674.53	2662.00	2650.35	2633.97	2621.12	2605.16	2588.15	2573.04	2558.92	2549.30	2534.31	2518.95	2501.31	2463.49	2443.31	2432.45	2428.22	2427.45	2422.41	2413.45	2404.32	2379.69	2311.56	2285.14	2286.61	2282.60	2274.79	2258.53	2235.48	2211.71	2184.69	2168.77	2165.77	2163.43	2162.53	2149.21	2103.57	2094.56	2097.89	2088.19	2076.11	2056.56	2025.82	1998.57	1979.34	1970.17	1965.22	1954.24	1938.58	1921.09	1907.62	1887.60	1871.50	1851.13	1820.54	1815.80	1810.40	1807.97	1799.17	1769.32	1748.97	1734.38	1719.55	1701.11	1664.88	1631.04	1614.41	1613.26	1615.14	1602.88	1570.98	1532.22	1517.19	1493.98	1473.12	1462.67	1454.05	1442.29	1418.47	1390.12	1364.22	1333.04	1304.78	1281.19	1247.56	1219.71	1192.65	1160.66	1128.42	1085.10	1044.67	1012.29	953.70	900.72	838.84	830.98	824.94	795.60	787.53	898.47	1050.37	851.61	467.87	337.26	224.87	146.48	118.18
2713.85	2715.49	2719.37	2720.79	2727.38	2734.32	2740.98	2751.94	2759.49	2765.02	2768.46	2768.72	2769.43	2775.38	2780.64	2784.10	2789.42	2794.69	2799.60	2804.70	2808.33	2811.69	2814.70	2816.42	2817.01	2819.11	2825.83	2834.65	2844.94	2846.70	2850.59	2864.12	2879.66	2892.62	2901.70	2906.04	2911.40	2916.48	2918.61	2918.10	2918.20	2922.04	2927.20	2930.73	2933.68	2939.30	2945.33	2952.04	2958.30	2963.21	2969.57	2977.69	2985.43	2992.89	2996.86	3000.84	3006.20	3011.62	3014.87	3017.42	3021.69	3024.66	3026.77	3032.89	3042.68	3048.34	3050.89	3053.79	3056.46	3062.82	3068.52	3072.25	3074.01	3075.58	3076.81	3078.22	3079.60	3079.69	3079.69	3079.89	3080.26	3081.34	3082.74	3082.48	3081.57	3080.75	3079.10	3077.28	3074.94	3072.56	3069.78	3066.63	3063.73	3059.38	3055.73	3051.96	3048.05	3043.10	3039.80	3036.88	3033.73	3030.56	3027.35	3022.11	3012.61	3009.12	3007.74	3002.24	2995.25	2989.15	2984.57	2981.30	2974.72	2970.08	2965.88	2960.44	2952.61	2946.62	2943.37	2936.81	2930.55	2925.34	2915.13	2901.76	2897.06	2898.39	2897.94	2894.51	2882.60	2874.95	2868.64	2858.88	2846.87	2834.33	2830.61	2828.95	2820.52	2814.23	2805.36	2787.62	2760.57	2743.99	2740.07	2737.77	2738.65	2738.53	2730.96	2718.87	2701.81	2672.50	2654.86	2643.62	2632.14	2620.54	2604.94	2589.91	2569.64	2553.40	2542.40	2523.32	2502.47	2487.49	2468.00	2453.52	2441.77	2427.67	2422.44	2418.49	2412.83	2401.81	2371.71	2306.27	2284.77	2284.81	2275.03	2266.58	2249.77	2227.49	2205.02	2186.70	2169.60	2159.41	2152.88	2150.87	2135.55	2108.10	2101.80	2095.79	2085.82	2067.19	2033.54	2002.10	1987.85	1969.31	1959.73	1958.68	1950.04	1936.36	1918.54	1901.22	1880.50	1866.93	1848.87	1822.42	1812.83	1805.88	1800.60	1787.80	1763.60	1750.24	1734.74	1717.89	1700.60	1666.65	1630.10	1605.88	1597.22	1608.83	1595.99	1558.55	1530.80	1512.91	1486.09	1468.73	1463.44	1455.69	1441.78	1413.42	1389.72	1359.23	1326.20	1306.06	1283.17	1249.81	1214.61	1185.60	1153.71	1119.34	1077.83	1040.27	994.64	925.28	878.95	842.77	832.60	815.39	745.45	679.54	771.84	922.00	758.12	422.66	284.31	184.31	145.88	112.33
2727.40	2730.10	2733.36	2735.41	2737.41	2741.05	2748.54	2757.74	2763.87	2767.69	2770.54	2771.17	2773.91	2781.95	2786.78	2790.56	2795.14	2799.58	2805.47	2810.98	2812.61	2814.78	2818.02	2819.44	2819.33	2818.77	2828.10	2842.51	2856.31	2859.67	2869.16	2881.07	2890.51	2900.00	2905.96	2910.92	2916.37	2920.51	2921.01	2919.85	2922.13	2927.89	2934.01	2937.67	2939.57	2944.13	2949.41	2955.58	2961.52	2967.91	2976.91	2984.46	2991.27	2997.62	3002.95	3009.07	3014.28	3018.44	3021.30	3023.18	3027.14	3031.51	3035.00	3041.10	3048.12	3052.69	3054.98	3057.84	3061.24	3066.22	3070.86	3074.22	3076.55	3077.98	3079.40	3081.19	3081.92	3081.34	3080.94	3081.54	3081.92	3082.34	3082.85	3082.93	3082.02	3080.80	3079.13	3077.21	3074.92	3071.99	3069.24	3066.42	3064.71	3060.58	3055.51	3051.64	3048.41	3043.20	3038.80	3035.22	3031.34	3029.48	3027.04	3020.06	3010.84	3009.38	3007.86	3001.69	2993.70	2986.78	2981.32	2979.17	2974.89	2970.30	2965.04	2959.76	2952.43	2945.24	2940.79	2932.15	2926.97	2922.41	2910.79	2899.41	2899.95	2900.28	2896.94	2891.83	2879.41	2870.33	2862.71	2852.89	2842.19	2835.75	2833.68	2828.53	2823.23	2815.78	2804.12	2785.78	2762.10	2744.53	2737.12	2735.23	2740.51	2741.44	2731.31	2715.98	2701.05	2674.64	2651.34	2634.32	2625.18	2617.72	2604.98	2589.80	2568.60	2553.44	2539.15	2518.85	2495.20	2481.90	2466.25	2452.50	2440.38	2425.35	2414.69	2409.52	2402.18	2382.95	2343.32	2289.86	2289.72	2291.02	2270.34	2247.73	2240.10	2226.92	2201.03	2181.89	2166.98	2157.49	2148.96	2140.86	2128.34	2115.07	2106.33	2093.70	2082.07	2055.96	2018.33	1995.40	1986.80	1971.98	1965.49	1961.18	1945.48	1928.95	1912.76	1899.16	1886.48	1875.83	1841.12	1815.19	1812.79	1806.35	1795.84	1776.59	1761.36	1750.28	1729.49	1708.15	1694.43	1672.08	1647.11	1609.98	1577.57	1589.50	1581.71	1554.82	1536.37	1514.38	1486.45	1469.30	1463.91	1454.46	1435.09	1406.49	1386.67	1353.26	1321.79	1301.17	1277.23	1243.62	1204.08	1173.03	1139.93	1107.54	1075.71	1039.64	982.80	916.85	874.76	848.65	833.71	806.90	740.96	647.59	616.12	650.43	529.76	369.94	286.40	210.28	160.43	120.76
2737.49	2742.31	2745.55	2747.58	2746.62	2748.68	2757.22	2763.91	2768.20	2770.23	2773.11	2775.77	2781.35	2789.86	2794.51	2798.59	2803.25	2807.77	2813.04	2816.65	2817.03	2819.38	2823.04	2822.29	2820.61	2819.78	2831.30	2849.72	2864.02	2869.23	2882.55	2893.91	2901.33	2906.77	2910.12	2915.34	2919.66	2923.46	2924.16	2924.94	2928.90	2932.77	2937.99	2941.90	2945.03	2948.46	2953.27	2958.38	2963.60	2973.21	2984.76	2992.15	2997.28	3002.18	3007.74	3014.82	3020.01	3023.41	3026.91	3030.11	3035.07	3039.71	3043.95	3048.53	3052.72	3056.50	3059.45	3062.12	3065.43	3069.52	3073.00	3075.56	3078.21	3079.73	3080.57	3082.17	3083.03	3082.88	3082.53	3083.76	3084.56	3084.81	3083.88	3083.53	3082.91	3081.43	3079.54	3077.43	3074.98	3071.32	3067.89	3065.80	3064.88	3062.06	3056.36	3050.68	3047.28	3043.22	3038.65	3034.46	3029.16	3026.46	3023.94	3017.16	3011.00	3009.62	3007.45	3001.23	2993.01	2984.55	2978.37	2977.20	2975.20	2970.61	2964.09	2957.42	2949.86	2942.14	2935.65	2927.44	2923.52	2918.29	2905.54	2897.32	2902.02	2901.79	2895.26	2887.29	2875.51	2865.16	2857.11	2850.05	2842.09	2838.07	2833.58	2829.26	2824.99	2815.54	2801.81	2783.32	2764.01	2748.16	2737.16	2733.17	2737.62	2737.04	2727.16	2713.58	2702.28	2678.97	2653.97	2631.52	2616.07	2608.92	2599.44	2585.90	2568.12	2556.60	2540.33	2517.87	2490.35	2480.59	2465.48	2449.72	2436.46	2420.90	2404.65	2399.28	2386.48	2362.16	2329.26	2301.47	2308.70	2302.39	2261.94	2226.39	2228.71	2217.47	2196.32	2180.54	2168.01	2157.62	2149.14	2139.29	2123.40	2115.53	2106.28	2091.09	2080.84	2057.67	2016.25	1994.48	1987.18	1978.57	1973.03	1962.95	1938.66	1918.93	1905.81	1901.56	1894.48	1885.32	1829.78	1801.62	1805.66	1801.57	1783.89	1762.97	1758.51	1746.79	1722.86	1699.17	1688.05	1675.50	1661.84	1624.24	1576.19	1573.66	1569.24	1553.28	1538.37	1513.54	1485.38	1467.37	1459.97	1452.40	1427.96	1395.70	1375.79	1353.31	1328.00	1300.87	1269.54	1227.16	1184.59	1159.33	1132.61	1106.07	1078.14	1039.69	982.66	920.84	875.69	857.73	838.80	792.99	779.29	706.31	623.49	553.63	464.33	366.33	281.07	194.97	129.38	101.25
2740.32	2747.82	2754.03	2756.40	2755.47	2759.54	2768.05	2772.49	2775.88	2779.57	2782.22	2783.69	2789.69	2797.99	2802.89	2807.06	2812.26	2817.41	2820.49	2821.26	2821.58	2826.22	2829.80	2827.38	2825.68	2825.40	2837.91	2857.33	2868.78	2878.73	2891.50	2901.25	2908.61	2912.68	2917.53	2921.18	2922.48	2925.66	2927.86	2931.59	2936.50	2939.29	2942.24	2945.25	2947.29	2949.88	2956.61	2962.90	2967.56	2976.94	2987.64	2994.78	3000.97	3005.90	3010.20	3017.35	3023.32	3027.57	3032.34	3035.57	3039.75	3044.70	3049.68	3054.20	3057.80	3060.95	3063.26	3065.57	3068.98	3072.59	3076.18	3078.33	3079.83	3080.86	3081.06	3082.56	3083.92	3085.15	3085.74	3086.69	3087.54	3087.67	3086.68	3085.37	3084.46	3082.67	3080.05	3076.99	3074.44	3070.73	3066.70	3065.03	3064.25	3061.79	3057.18	3050.68	3046.74	3042.80	3037.09	3033.14	3028.73	3025.73	3021.01	3015.90	3011.34	3007.36	3005.17	3001.33	2993.22	2984.85	2977.05	2975.07	2973.01	2969.03	2962.40	2953.46	2944.83	2937.30	2930.76	2926.59	2923.13	2916.34	2904.51	2897.50	2902.97	2902.75	2895.22	2885.27	2874.11	2862.58	2854.31	2849.34	2843.66	2837.44	2830.56	2827.51	2821.61	2812.13	2799.80	2782.51	2765.01	2753.66	2744.34	2732.97	2728.49	2727.73	2719.76	2708.73	2696.90	2681.05	2665.75	2643.80	2616.86	2600.86	2590.79	2577.72	2563.20	2554.43	2541.83	2523.53	2497.96	2485.10	2467.98	2448.76	2427.47	2407.84	2390.26	2382.81	2371.32	2351.77	2332.15	2325.20	2327.07	2308.65	2275.01	2231.60	2217.91	2206.77	2193.64	2182.97	2170.27	2156.87	2149.84	2139.88	2118.72	2109.78	2100.96	2085.98	2068.63	2044.79	2017.60	2003.60	1990.20	1980.65	1970.57	1949.13	1931.45	1916.08	1903.26	1905.86	1902.48	1870.68	1805.61	1790.30	1793.97	1789.76	1767.13	1751.05	1751.59	1737.83	1716.34	1699.47	1688.52	1676.28	1657.67	1617.68	1580.38	1565.41	1558.65	1550.00	1536.32	1506.83	1480.06	1464.91	1455.53	1443.67	1418.14	1390.58	1376.89	1358.18	1331.05	1295.06	1252.06	1205.16	1171.63	1153.28	1131.64	1108.21	1075.84	1039.35	989.24	919.35	855.00	827.46	809.07	767.84	707.10	673.92	619.88	549.73	465.99	362.44	257.25	156.84	94.88	95.91
2744.01	2751.94	2758.17	2761.31	2762.93	2771.05	2780.54	2783.19	2785.57	2789.91	2791.53	2791.22	2795.86	2804.11	2809.43	2814.43	2819.17	2823.16	2824.41	2825.09	2827.78	2834.20	2836.49	2835.30	2835.74	2837.52	2852.24	2868.22	2877.54	2889.86	2899.42	2906.50	2912.97	2916.22	2920.84	2924.83	2926.63	2929.29	2930.96	2935.41	2940.76	2944.51	2947.09	2948.18	2949.89	2953.18	2961.28	2969.58	2975.12	2983.50	2993.78	2999.67	3004.91	3008.99	3013.16	3020.09	3025.45	3030.37	3035.59	3039.25	3042.72	3047.41	3053.66	3058.45	3062.46	3065.47	3067.56	3069.40	3071.87	3075.26	3078.42	3080.12	3081.02	3081.28	3082.65	3085.41	3086.79	3088.72	3090.03	3090.23	3089.97	3089.64	3088.95	3087.40	3085.59	3083.24	3080.59	3077.21	3074.33	3070.15	3066.31	3065.25	3063.56	3060.43	3056.86	3051.45	3046.62	3041.14	3035.32	3032.31	3029.76	3026.34	3020.11	3015.55	3010.80	3005.38	3001.30	2998.72	2992.97	2985.98	2975.64	2970.89	2968.98	2966.38	2960.09	2950.09	2940.86	2934.20	2929.35	2926.04	2921.39	2913.73	2904.45	2899.68	2902.83	2901.33	2894.72	2884.36	2872.54	2862.79	2854.79	2848.17	2842.24	2832.73	2823.80	2823.39	2818.60	2808.93	2795.57	2777.26	2763.64	2756.22	2747.50	2731.38	2720.02	2722.26	2714.99	2702.57	2691.76	2683.17	2671.67	2652.88	2621.82	2604.90	2594.08	2571.33	2555.14	2550.48	2541.53	2530.02	2508.26	2489.34	2474.25	2452.40	2423.38	2392.57	2369.41	2360.58	2353.34	2344.55	2332.74	2326.27	2323.69	2314.14	2296.71	2255.39	2226.27	2210.68	2192.99	2178.14	2164.71	2154.82	2146.23	2135.21	2123.01	2110.76	2097.09	2079.57	2057.64	2041.02	2025.50	2010.92	1990.01	1974.14	1959.97	1933.46	1924.19	1920.57	1908.25	1905.02	1891.97	1834.73	1788.73	1790.62	1789.18	1778.19	1753.19	1743.21	1740.39	1730.00	1715.66	1701.85	1688.04	1672.85	1646.92	1608.46	1584.98	1565.41	1551.54	1546.49	1529.16	1493.51	1469.64	1460.11	1451.18	1435.66	1412.30	1385.05	1371.50	1350.71	1312.54	1263.78	1210.62	1184.87	1169.76	1151.05	1125.14	1100.91	1068.31	1037.94	991.19	909.61	815.58	769.52	758.34	719.86	654.29	617.79	581.42	524.50	456.17	341.47	220.64	181.71	118.76	105.11
2754.17	2761.61	2766.07	2766.68	2768.00	2777.26	2788.15	2791.88	2795.99	2799.00	2800.02	2801.62	2804.14	2810.67	2815.07	2820.34	2825.34	2827.94	2830.16	2831.81	2835.60	2840.82	2842.11	2842.54	2840.87	2842.77	2861.07	2876.57	2885.61	2896.59	2904.02	2909.22	2913.68	2916.59	2919.39	2924.48	2928.39	2930.92	2933.46	2939.17	2943.36	2947.16	2950.98	2954.53	2958.26	2962.25	2969.44	2978.12	2984.22	2992.23	3000.88	3005.06	3010.13	3013.79	3019.26	3025.80	3030.57	3035.53	3040.54	3043.70	3047.07	3052.96	3058.91	3063.16	3066.86	3069.45	3072.10	3074.43	3076.05	3078.15	3079.62	3080.87	3082.56	3083.73	3086.81	3089.54	3090.55	3091.70	3093.18	3093.49	3092.73	3091.30	3089.80	3088.20	3086.07	3083.19	3080.62	3077.97	3075.09	3070.63	3067.20	3065.90	3063.78	3060.14	3055.78	3051.45	3045.30	3038.32	3033.64	3032.77	3030.39	3026.01	3019.99	3015.27	3008.28	3001.55	2996.29	2993.46	2990.05	2984.35	2977.07	2971.39	2965.85	2964.13	2958.16	2946.60	2938.12	2932.48	2929.04	2924.14	2918.05	2912.77	2906.49	2900.54	2899.04	2896.52	2890.67	2881.52	2870.05	2862.28	2854.47	2845.53	2837.88	2828.03	2817.82	2818.23	2815.66	2806.45	2789.23	2770.21	2760.32	2752.17	2741.79	2729.26	2720.50	2718.69	2710.79	2699.31	2687.67	2680.18	2668.49	2650.75	2623.58	2614.99	2602.58	2575.51	2554.93	2549.32	2541.06	2529.56	2508.70	2486.52	2473.24	2448.54	2415.69	2382.03	2356.09	2347.84	2343.28	2339.24	2332.43	2320.74	2305.56	2294.07	2268.66	2248.54	2238.76	2215.91	2184.65	2167.89	2159.47	2153.11	2145.07	2134.35	2126.64	2113.95	2098.88	2082.08	2055.04	2034.86	2018.38	2004.29	1992.49	1969.33	1942.59	1934.21	1925.92	1916.53	1899.43	1889.05	1869.53	1824.12	1792.16	1790.10	1781.70	1764.89	1741.34	1734.60	1731.17	1724.73	1715.98	1699.17	1680.00	1658.75	1626.56	1599.84	1582.11	1560.33	1543.72	1538.31	1524.81	1496.73	1459.52	1454.05	1444.06	1426.43	1399.59	1370.74	1350.65	1325.05	1290.37	1244.79	1196.03	1175.89	1166.26	1146.41	1111.25	1087.65	1061.45	1037.30	984.45	894.84	794.28	749.25	731.74	663.70	619.12	578.21	527.41	502.65	461.29	317.61	145.30	146.56	134.96	
2762.38	2766.14	2769.17	2771.36	2774.78	2784.08	2796.95	2803.88	2806.22	2806.25	2806.02	2808.16	2812.39	2820.09	2823.12	2825.29	2829.73	2833.90	2837.49	2839.40	2843.40	2846.64	2847.34	2846.99	2842.24	2849.74	2869.18	2883.42	2895.87	2906.62	2911.54	2913.94	2916.44	2917.16	2917.72	2922.63	2927.98	2931.72	2938.18	2944.08	2945.71	2947.69	2953.06	2960.30	2966.77	2970.64	2976.10	2984.20	2990.92	2997.89	3005.79	3010.90	3016.68	3021.19	3026.81	3032.05	3036.69	3040.82	3044.40	3048.07	3051.76	3056.88	3062.31	3066.44	3069.70	3072.00	3074.94	3077.34	3078.33	3079.44	3080.69	3082.91	3085.20	3087.21	3089.91	3091.66	3092.51	3093.58	3094.68	3094.88	3094.77	3092.97	3090.47	3088.03	3085.95	3083.35	3080.76	3078.41	3075.15	3071.39	3068.39	3065.97	3062.66	3059.59	3055.27	3050.45	3043.99	3037.35	3033.70	3031.64	3029.16	3024.88	3019.54	3013.51	3004.37	2997.91	2995.25	2992.49	2988.30	2984.12	2979.37	2973.78	2963.35	2958.76	2954.30	2945.58	2940.07	2935.43	2929.81	2924.25	2918.18	2913.05	2908.27	2901.50	2895.47	2893.01	2888.36	2879.22	2866.85	2858.48	2851.53	2843.49	2835.95	2827.51	2816.90	2813.49	2809.99	2801.20	2783.34	2768.97	2761.38	2750.61	2737.76	2728.12	2720.45	2713.15	2706.34	2696.98	2682.63	2672.01	2658.97	2639.49	2625.32	2621.82	2606.38	2582.47	2563.23	2553.19	2542.87	2527.25	2506.99	2484.24	2465.46	2438.89	2404.05	2374.22	2353.31	2347.17	2341.15	2335.91	2327.94	2315.04	2298.84	2282.64	2267.83	2252.29	2232.78	2203.81	2171.22	2164.64	2159.05	2149.30	2143.99	2138.72	2130.20	2115.03	2097.16	2076.26	2054.77	2036.09	2014.66	1997.05	1987.40	1964.54	1934.80	1929.59	1921.10	1903.22	1882.77	1873.87	1857.45	1831.01	1804.13	1787.82	1772.00	1753.13	1739.09	1730.43	1724.05	1719.67	1708.25	1681.44	1663.40	1639.73	1616.80	1601.68	1584.08	1559.41	1535.20	1523.29	1513.76	1494.74	1456.07	1455.53	1440.43	1414.08	1381.29	1353.32	1329.30	1299.25	1277.85	1243.38	1208.75	1183.60	1157.09	1119.05	1085.99	1065.81	1047.36	1026.18	960.56	861.02	758.38	742.88	716.76	616.96	566.45	566.28	551.81	506.00	455.50	336.18	198.39	133.74	132.91	
2767.89	2767.08	2771.45	2778.90	2786.87	2797.28	2808.68	2813.86	2812.78	2812.60	2813.61	2813.28	2817.42	2824.44	2827.69	2829.50	2834.28	2839.02	2842.31	2844.86	2848.79	2851.11	2850.11	2846.89	2846.58	2862.58	2880.43	2894.42	2909.72	2918.96	2923.07	2926.52	2927.58	2923.39	2920.46	2921.85	2926.92	2934.02	2942.21	2946.88	2947.20	2951.13	2960.62	2967.63	2971.95	2975.00	2980.48	2988.73	2995.56	3003.54	3013.68	3019.86	3024.17	3027.99	3032.91	3037.84	3042.85	3044.50	3047.28	3050.35	3054.72	3059.49	3064.60	3068.59	3070.69	3073.99	3075.80	3076.65	3078.74	3081.57	3082.84	3085.02	3087.99	3090.71	3092.80	3093.86	3094.70	3095.80	3096.69	3095.92	3095.26	3093.93	3091.56	3088.55	3086.51	3083.98	3081.07	3077.98	3074.35	3070.78	3068.72	3066.36	3062.32	3058.03	3054.28	3049.27	3042.34	3037.39	3034.29	3030.24	3026.87	3022.38	3017.98	3010.31	3002.86	2998.13	2994.66	2991.96	2986.48	2982.54	2977.42	2968.77	2956.11	2951.95	2951.81	2947.46	2944.19	2937.89	2929.37	2924.12	2918.30	2911.16	2906.85	2902.20	2893.91	2889.32	2883.97	2874.60	2863.09	2856.24	2849.78	2842.91	2835.11	2827.27	2819.62	2811.91	2805.16	2795.20	2779.45	2767.98	2760.49	2747.81	2734.86	2727.37	2720.76	2714.07	2706.58	2691.95	2673.59	2665.60	2654.52	2637.65	2625.90	2619.64	2605.71	2588.03	2571.69	2556.24	2542.49	2524.99	2505.14	2486.26	2462.56	2438.65	2405.53	2374.88	2355.32	2347.92	2338.99	2332.75	2322.12	2308.40	2297.53	2283.54	2269.87	2253.47	2230.76	2202.05	2168.89	2164.25	2158.64	2149.58	2140.59	2137.22	2130.57	2115.33	2091.37	2057.40	2043.27	2034.08	2016.56	1996.78	1973.60	1950.17	1933.73	1925.74	1913.96	1897.71	1874.58	1866.65	1853.59	1830.34	1806.05	1785.34	1768.15	1746.24	1735.82	1728.13	1717.11	1709.78	1695.53	1665.15	1647.41	1626.85	1610.03	1599.21	1584.77	1555.07	1530.52	1516.87	1504.18	1483.51	1455.58	1450.73	1434.80	1405.89	1369.59	1340.09	1315.75	1283.28	1261.77	1230.58	1198.10	1171.39	1135.22	1093.57	1070.87	1050.88	1030.02	1004.04	924.84	820.44	748.93	775.74	741.41	630.87	576.62	574.16	565.10	514.08	456.01	373.24	271.50	165.51	109.01	100.00
2768.14	2771.38	2784.52	2793.28	2799.13	2805.31	2813.66	2817.57	2816.62	2819.11	2823.76	2824.12	2826.74	2831.90	2836.94	2839.18	2842.57	2845.80	2847.47	2849.39	2852.50	2852.80	2851.54	2850.36	2856.28	2873.29	2893.43	2911.04	2919.98	2926.18	2930.06	2933.31	2931.77	2928.58	2926.18	2923.95	2930.00	2939.98	2946.31	2949.79	2945.80	2955.16	2969.09	2975.29	2977.77	2980.75	2988.14	2995.77	3002.09	3010.63	3019.86	3025.42	3029.06	3033.83	3039.71	3044.38	3046.77	3046.77	3050.75	3054.58	3059.62	3062.94	3067.04	3070.55	3073.83	3077.86	3078.41	3078.36	3080.72	3084.05	3086.28	3088.96	3091.80	3094.81	3096.53	3097.53	3098.50	3098.63	3099.14	3098.41	3096.21	3094.32	3092.38	3089.28	3087.47	3084.85	3081.24	3076.97	3072.70	3070.16	3068.79	3066.80	3062.79	3057.54	3052.83	3046.59	3040.27	3036.07	3032.80	3029.08	3024.28	3019.79	3015.68	3010.00	3003.45	2997.59	2992.13	2989.44	2984.49	2979.83	2973.69	2963.29	2952.95	2952.04	2952.45	2948.32	2944.96	2938.61	2929.28	2924.64	2918.56	2909.01	2902.65	2900.26	2892.71	2885.83	2878.68	2868.43	2859.30	2854.07	2847.96	2842.93	2834.26	2826.31	2820.95	2810.77	2800.46	2789.23	2773.28	2761.67	2755.70	2744.51	2735.69	2730.82	2725.65	2718.24	2708.81	2689.24	2669.64	2665.61	2654.96	2635.73	2623.09	2614.72	2602.00	2591.63	2580.78	2563.20	2546.29	2523.78	2501.25	2488.45	2464.91	2441.12	2406.80	2377.79	2362.26	2349.39	2337.79	2329.04	2317.10	2305.57	2296.25	2282.09	2266.52	2250.66	2230.56	2205.90	2171.58	2161.25	2156.74	2150.73	2138.24	2130.41	2127.45	2116.93	2093.87	2052.68	2040.25	2031.72	2018.55	2004.08	1971.98	1945.19	1934.16	1924.64	1909.79	1892.31	1873.24	1860.93	1843.37	1818.81	1790.70	1775.33	1764.27	1740.29	1726.42	1721.33	1709.72	1696.67	1683.46	1662.26	1643.61	1622.14	1601.15	1589.55	1574.73	1549.03	1530.14	1514.76	1496.32	1468.04	1446.54	1441.99	1422.53	1394.49	1358.19	1331.26	1306.40	1272.37	1240.37	1204.84	1168.83	1137.93	1105.11	1081.05	1067.11	1043.24	1008.89	961.82	880.25	793.86	742.27	774.37	733.98	640.91	595.90	585.60	563.65	506.98	438.66	378.54	285.43	173.74	124.89	112.49
2782.47	2793.66	2807.50	2812.15	2811.99	2812.78	2815.41	2819.92	2822.11	2826.33	2832.67	2835.24	2839.47	2845.97	2850.15	2850.98	2852.93	2852.88	2853.86	2855.82	2857.89	2855.83	2854.48	2858.61	2865.06	2878.90	2901.20	2917.69	2925.65	2931.32	2934.02	2935.11	2934.52	2935.32	2932.23	2930.05	2939.74	2948.08	2953.04	2953.89	2946.95	2963.80	2976.40	2981.09	2983.02	2986.06	2994.12	3001.88	3008.98	3016.76	3024.04	3029.05	3032.10	3037.17	3043.60	3048.22	3048.56	3050.55	3056.46	3061.20	3065.74	3067.82	3068.99	3071.90	3077.42	3081.12	3082.75	3084.03	3086.02	3087.98	3090.16	3092.98	3095.59	3098.49	3100.32	3101.28	3101.81	3101.53	3101.06	3100.18	3097.61	3094.84	3092.47	3089.12	3087.64	3085.73	3081.81	3076.90	3072.33	3069.59	3068.86	3066.74	3062.70	3057.65	3051.90	3044.10	3037.36	3034.10	3031.44	3028.45	3022.48	3017.66	3015.33	3010.50	3003.37	2996.13	2988.85	2985.40	2982.28	2976.72	2970.22	2961.65	2953.59	2952.76	2952.64	2947.66	2942.60	2938.16	2929.28	2923.32	2916.66	2907.01	2900.09	2897.06	2889.86	2882.97	2874.41	2862.64	2854.45	2848.72	2843.75	2839.59	2831.06	2823.19	2817.21	2806.43	2795.39	2784.26	2768.60	2756.01	2752.08	2745.62	2739.20	2735.98	2731.26	2720.10	2709.22	2689.34	2668.28	2662.42	2653.22	2631.60	2621.33	2614.72	2604.12	2594.66	2585.34	2571.20	2552.52	2525.70	2504.56	2490.89	2472.75	2441.72	2402.67	2379.39	2367.58	2352.96	2340.41	2328.29	2315.77	2306.48	2294.33	2280.72	2264.60	2248.84	2230.12	2209.98	2182.15	2162.08	2152.73	2148.48	2133.31	2120.28	2118.67	2110.85	2088.85	2050.52	2035.55	2029.72	2024.68	2003.48	1971.31	1950.88	1940.41	1930.62	1914.76	1900.60	1879.16	1853.77	1827.52	1799.81	1773.04	1762.29	1755.89	1729.45	1715.49	1712.37	1703.37	1688.85	1674.42	1661.87	1648.61	1627.31	1600.17	1572.90	1557.78	1545.24	1529.07	1507.85	1460.83	1433.53	1437.21	1428.99	1406.70	1384.27	1352.99	1321.11	1291.83	1253.92	1215.36	1183.33	1155.32	1129.05	1092.23	1079.00	1066.90	1037.04	985.33	933.98	860.02	778.06	694.89	697.70	662.11	620.59	600.01	589.91	562.63	493.92	410.81	361.27	296.16	185.37	137.23	120.38
2808.51	2816.57	2822.78	2825.26	2820.66	2816.73	2817.05	2823.27	2826.45	2830.44	2837.66	2843.26	2850.74	2858.22	2860.38	2861.40	2862.21	2859.47	2859.64	2862.32	2865.08	2864.68	2864.91	2870.49	2873.76	2889.68	2911.15	2924.20	2932.25	2936.30	2937.82	2937.44	2939.13	2940.15	2936.66	2941.45	2951.32	2956.82	2961.22	2959.64	2958.63	2975.91	2984.68	2986.92	2986.80	2989.25	2997.11	3005.66	3014.35	3022.62	3027.95	3030.57	3033.49	3038.93	3044.82	3048.39	3051.22	3057.19	3063.10	3066.35	3070.01	3072.03	3071.49	3074.50	3080.84	3084.12	3085.95	3088.56	3090.98	3093.08	3094.85	3096.40	3098.70	3100.96	3102.47	3103.89	3103.93	3103.39	3102.09	3101.07	3098.17	3095.14	3092.43	3089.21	3087.58	3085.16	3081.91	3077.80	3072.62	3068.29	3067.78	3066.03	3061.80	3057.04	3051.36	3041.83	3034.38	3031.60	3029.51	3026.90	3020.94	3014.37	3011.79	3007.38	3001.81	2994.32	2985.11	2979.58	2976.00	2970.36	2965.24	2960.06	2951.42	2950.15	2949.86	2945.33	2939.02	2934.91	2925.99	2919.19	2914.36	2906.33	2897.57	2891.07	2885.77	2879.51	2870.89	2859.65	2851.53	2843.24	2837.85	2836.12	2829.69	2820.16	2813.43	2802.85	2792.58	2782.06	2767.80	2755.19	2750.11	2747.58	2744.18	2737.52	2731.24	2723.04	2711.32	2690.52	2668.61	2659.42	2651.46	2630.89	2618.73	2614.34	2607.66	2597.41	2586.42	2573.97	2552.16	2529.36	2517.60	2501.23	2483.69	2444.25	2393.74	2377.74	2366.92	2357.61	2349.23	2332.95	2314.10	2306.09	2292.34	2278.94	2263.54	2247.60	2228.89	2209.32	2188.37	2165.60	2150.21	2140.45	2124.21	2112.44	2109.02	2100.44	2078.94	2046.63	2029.46	2026.43	2021.44	1992.07	1971.93	1958.11	1948.08	1937.93	1922.21	1904.79	1872.51	1838.08	1809.63	1785.64	1765.23	1747.94	1737.16	1719.45	1706.92	1704.26	1694.41	1678.41	1663.49	1651.06	1641.45	1624.35	1592.53	1546.36	1539.20	1534.05	1518.67	1493.28	1438.01	1413.98	1425.15	1409.91	1393.01	1370.88	1345.41	1313.33	1273.01	1223.65	1172.03	1149.58	1151.13	1135.35	1094.93	1074.23	1045.89	1011.26	963.72	922.63	852.71	770.27	641.39	594.76	604.80	617.29	608.16	597.32	556.15	482.94	404.43	351.12	280.78	181.55	125.99	
2823.69	2830.74	2833.55	2830.75	2823.78	2816.26	2816.06	2826.47	2830.57	2834.05	2841.83	2849.74	2857.48	2864.30	2866.57	2867.63	2867.50	2864.54	2863.72	2866.51	2870.28	2870.80	2873.25	2878.36	2886.92	2908.59	2922.27	2931.47	2937.60	2940.69	2941.77	2942.20	2943.28	2942.44	2944.07	2952.31	2958.76	2963.76	2966.25	2965.05	2972.93	2986.78	2992.33	2991.23	2989.77	2995.41	3003.07	3011.04	3018.70	3026.08	3030.13	3033.58	3038.98	3043.27	3047.77	3050.50	3054.56	3061.82	3067.33	3070.65	3073.21	3074.65	3075.31	3079.70	3084.20	3087.26	3089.07	3091.53	3093.89	3096.51	3098.57	3099.89	3101.64	3103.24	3104.24	3105.55	3105.78	3104.55	3102.96	3101.66	3098.60	3095.39	3091.54	3089.17	3087.24	3084.17	3080.37	3077.72	3073.03	3067.50	3066.06	3065.08	3061.89	3056.99	3050.50	3040.90	3033.72	3030.65	3026.88	3024.78	3019.98	3011.82	3007.93	3003.68	2999.33	2991.25	2982.56	2976.91	2972.77	2967.52	2963.38	2958.89	2950.03	2945.58	2945.32	2940.36	2933.95	2929.07	2922.24	2916.70	2912.20	2904.29	2892.87	2887.07	2883.08	2875.83	2867.78	2859.26	2851.29	2840.11	2833.58	2832.47	2826.86	2816.55	2810.62	2800.18	2788.77	2777.94	2766.73	2756.95	2751.86	2750.99	2747.66	2739.12	2728.18	2716.65	2705.86	2691.47	2677.24	2666.36	2651.51	2629.60	2615.63	2614.13	2609.34	2601.03	2591.76	2577.35	2553.10	2534.67	2525.19	2510.20	2491.96	2451.06	2396.48	2378.53	2367.55	2362.25	2356.10	2340.64	2315.23	2302.51	2290.45	2278.89	2263.75	2243.11	2221.76	2204.53	2187.14	2167.31	2152.22	2139.36	2123.13	2112.18	2106.24	2094.44	2075.36	2044.07	2024.64	2019.07	2010.76	1989.18	1975.39	1958.27	1947.93	1935.05	1915.40	1876.65	1837.07	1821.28	1808.24	1782.57	1754.87	1734.45	1722.11	1709.83	1699.97	1698.01	1688.13	1668.03	1647.01	1631.70	1625.12	1610.68	1584.60	1541.52	1524.35	1513.78	1497.80	1474.34	1451.37	1434.72	1426.02	1405.30	1385.54	1359.89	1332.32	1291.88	1245.27	1195.05	1141.72	1129.88	1142.88	1125.77	1097.78	1053.45	993.65	960.65	940.96	907.17	837.22	771.60	614.55	574.45	616.22	638.97	612.49	581.43	524.95	461.63	407.28	342.18	249.94	151.83	109.48	
2833.85	2840.57	2838.82	2832.47	2826.68	2820.68	2824.72	2836.83	2840.48	2844.54	2850.35	2854.52	2857.02	2863.23	2870.02	2873.92	2873.08	2871.03	2870.26	2872.47	2876.12	2873.78	2873.24	2887.20	2910.59	2925.04	2933.36	2939.77	2944.72	2948.41	2948.72	2947.62	2946.68	2947.35	2953.95	2959.54	2963.27	2967.04	2969.76	2973.11	2983.40	2994.59	2999.64	2999.59	3001.72	3008.67	3014.85	3020.21	3025.08	3028.93	3032.27	3039.34	3046.70	3050.41	3052.99	3055.73	3060.22	3065.71	3070.32	3074.26	3076.67	3078.33	3082.01	3086.49	3090.56	3092.55	3093.14	3095.32	3096.98	3098.57	3100.69	3102.60	3104.68	3106.17	3106.52	3107.19	3107.05	3105.27	3103.29	3102.14	3099.27	3095.90	3091.38	3088.72	3087.06	3082.74	3078.33	3076.57	3072.31	3067.04	3065.00	3064.23	3061.61	3056.71	3050.20	3041.44	3032.09	3027.11	3022.26	3021.34	3017.76	3011.13	3007.97	3001.73	2995.10	2986.55	2982.36	2979.40	2974.82	2969.15	2962.83	2958.98	2951.93	2940.29	2938.68	2935.59	2930.48	2925.72	2920.76	2915.50	2908.17	2898.55	2888.63	2884.59	2878.88	2870.99	2865.22	2858.36	2848.99	2837.59	2830.14	2823.81	2818.47	2809.76	2805.25	2796.92	2786.62	2774.75	2764.47	2760.06	2757.01	2752.84	2747.22	2739.34	2725.22	2707.60	2699.99	2694.48	2686.59	2674.50	2653.68	2627.24	2614.52	2614.15	2610.56	2601.56	2591.83	2574.27	2557.15	2543.98	2526.04	2508.34	2493.00	2454.32	2408.19	2386.89	2376.51	2369.31	2359.23	2344.46	2321.38	2302.60	2293.07	2282.23	2261.47	2236.47	2217.90	2202.83	2186.67	2167.91	2151.47	2139.48	2127.48	2112.88	2094.19	2072.14	2049.72	2029.25	2017.03	2015.92	2013.18	1995.76	1976.36	1956.64	1940.85	1929.14	1906.77	1867.99	1839.91	1821.76	1809.17	1786.18	1755.29	1727.39	1707.45	1694.26	1693.68	1691.10	1679.14	1655.98	1629.74	1616.72	1614.35	1600.45	1575.80	1538.86	1512.62	1497.10	1477.96	1458.58	1446.94	1441.85	1429.69	1401.70	1378.13	1349.37	1316.51	1266.35	1224.25	1193.03	1153.67	1138.15	1129.54	1118.12	1081.51	1025.86	979.93	955.62	932.22	887.02	847.11	829.80	704.93	672.70	675.03	659.10	600.45	565.08	508.78	453.85	399.12	316.20	230.10	150.00	112.66	
2842.42	2846.98	2844.96	2842.47	2835.76	2833.08	2843.66	2852.87	2856.02	2861.86	2867.09	2867.46	2867.11	2873.39	2877.47	2879.67	2877.14	2875.43	2874.32	2875.25	2880.18	2878.73	2885.45	2910.03	2928.41	2935.57	2943.18	2947.03	2949.94	2953.71	2954.51	2952.67	2951.12	2953.98	2960.02	2962.78	2966.26	2974.47	2982.99	2990.15	2996.45	3002.41	3007.40	3011.65	3017.44	3021.79	3024.72	3029.02	3033.18	3035.90	3040.24	3047.15	3053.23	3056.36	3058.39	3061.86	3066.98	3072.32	3075.86	3078.43	3079.58	3082.16	3086.78	3090.64	3094.05	3095.60	3095.38	3097.35	3099.93	3101.13	3102.95	3105.55	3107.34	3108.39	3108.87	3108.64	3107.86	3105.68	3103.41	3101.74	3098.95	3096.31	3092.29	3088.30	3085.74	3081.08	3077.02	3074.99	3071.77	3067.61	3065.13	3062.80	3059.48	3055.43	3048.79	3039.82	3028.91	3021.36	3017.08	3015.03	3012.89	3010.01	3008.46	3002.81	2994.20	2983.92	2982.14	2980.76	2974.83	2968.69	2960.21	2954.10	2950.15	2937.45	2931.84	2932.74	2929.76	2924.69	2919.14	2911.89	2901.83	2892.50	2886.66	2882.53	2876.56	2869.96	2864.78	2856.08	2845.36	2836.06	2828.31	2818.88	2811.49	2804.95	2799.97	2793.80	2787.37	2778.20	2765.82	2762.12	2759.04	2751.62	2745.44	2737.38	2720.64	2705.80	2702.41	2696.57	2687.98	2677.00	2656.89	2631.07	2617.48	2612.38	2610.19	2601.73	2590.55	2574.34	2560.42	2549.27	2528.46	2504.48	2489.85	2446.02	2406.80	2396.26	2388.03	2377.98	2361.45	2341.06	2321.68	2305.93	2297.35	2282.69	2257.49	2234.45	2218.21	2204.97	2188.12	2168.62	2149.79	2134.34	2123.84	2109.07	2080.04	2050.34	2032.51	2018.72	2009.20	2007.21	2003.92	1983.99	1967.06	1954.89	1931.90	1918.33	1904.02	1872.30	1836.67	1818.96	1805.65	1784.12	1755.10	1712.80	1683.17	1680.13	1684.48	1678.88	1664.99	1642.90	1619.19	1610.23	1604.09	1587.91	1561.53	1527.74	1504.41	1490.40	1471.80	1452.21	1438.31	1428.48	1414.35	1388.60	1363.26	1334.74	1297.36	1252.08	1214.61	1179.37	1146.75	1127.81	1122.83	1102.13	1050.88	1012.90	1005.08	942.45	871.07	846.75	855.67	880.41	836.12	768.17	698.94	640.98	585.69	546.46	499.65	446.59	359.59	276.53	214.26	160.69		
2851.93	2853.49	2851.85	2852.20	2848.45	2852.02	2864.74	2872.05	2874.82	2878.11	2881.45	2884.74	2886.79	2887.97	2884.34	2880.38	2877.67	2879.20	2879.56	2880.41	2884.61	2890.38	2912.36	2931.81	2939.68	2945.26	2949.50	2952.00	2957.23	2961.56	2959.60	2955.72	2955.30	2959.58	2963.07	2966.88	2979.57	2995.92	3005.52	3009.51	3011.01	3015.04	3019.74	3021.11	3024.07	3026.43	3029.71	3035.61	3042.37	3047.57	3053.18	3057.36	3059.70	3061.79	3065.19	3069.22	3073.99	3078.66	3081.95	3083.40	3083.60	3086.84	3091.05	3094.35	3096.89	3097.51	3097.14	3100.00	3102.68	3104.66	3106.58	3108.78	3110.41	3110.81	3110.28	3109.56	3108.51	3106.49	3103.71	3101.15	3098.61	3095.82	3092.26	3088.41	3084.87	3080.69	3076.85	3074.88	3071.97	3068.25	3064.65	3059.70	3054.61	3051.86	3045.13	3036.73	3028.26	3019.25	3014.99	3012.83	3010.49	3007.42	3005.88	3002.69	2996.01	2984.53	2978.40	2978.50	2972.41	2965.80	2953.12	2944.13	2944.27	2938.39	2928.90	2929.11	2930.49	2924.86	2915.93	2904.36	2895.45	2891.80	2888.75	2883.55	2875.82	2867.17	2860.84	2852.97	2843.09	2833.86	2824.80	2817.55	2810.51	2805.67	2799.99	2792.42	2786.86	2781.71	2772.30	2762.80	2757.66	2749.59	2741.58	2729.88	2712.16	2703.69	2703.90	2699.10	2690.01	2677.67	2661.03	2637.75	2621.27	2611.00	2608.11	2603.31	2594.40	2580.68	2563.10	2548.08	2529.12	2501.96	2474.98	2439.78	2419.20	2407.91	2397.52	2388.28	2363.19	2326.24	2309.07	2302.84	2290.82	2277.39	2257.57	2234.71	2219.62	2206.77	2187.43	2165.77	2146.09	2128.68	2113.47	2098.53	2069.50	2044.54	2029.67	2014.43	2002.60	1993.82	1984.04	1970.74	1959.42	1948.99	1925.52	1905.08	1892.16	1850.00	1811.90	1811.50	1795.78	1770.59	1739.38	1696.94	1675.44	1674.49	1670.55	1663.07	1652.00	1632.69	1612.77	1604.77	1590.32	1571.41	1551.74	1525.12	1503.62	1487.28	1468.88	1448.60	1431.27	1414.16	1394.69	1367.37	1340.37	1314.12	1275.73	1235.03	1195.48	1148.75	1134.46	1108.12	1079.33	1052.66	1016.32	996.14	992.37	920.02	819.21	816.59	854.98	859.15	837.79	762.57	664.81	611.13	585.95	541.27	480.52	417.66	346.83	275.77	194.31	144.99		
2856.09	2857.26	2858.64	2861.33	2862.53	2871.19	2883.88	2892.32	2893.38	2891.54	2889.62	2888.89	2888.60	2888.04	2888.01	2887.52	2888.67	2894.17	2896.56	2901.20	2908.54	2917.17	2932.99	2944.89	2949.45	2952.42	2953.66	2958.40	2965.99	2969.29	2965.99	2961.91	2963.37	2967.41	2971.59	2981.25	2992.89	3004.64	3014.90	3018.70	3020.62	3025.69	3028.91	3029.03	3030.38	3032.35	3036.88	3043.50	3051.54	3056.23	3060.46	3063.92	3064.80	3067.33	3071.86	3075.30	3079.30	3082.46	3084.89	3086.01	3088.28	3092.74	3096.65	3098.62	3099.95	3100.63	3102.28	3104.20	3105.19	3107.35	3109.51	3111.30	3112.12	3112.56	3111.61	3110.33	3108.90	3106.88	3104.29	3101.64	3098.33	3095.31	3092.14	3088.88	3085.72	3080.25	3074.98	3074.06	3070.99	3066.36	3062.87	3055.60	3048.97	3046.62	3041.99	3035.70	3030.92	3021.47	3015.88	3014.75	3011.20	3005.30	3001.74	2999.07	2994.69	2987.93	2978.71	2975.01	2970.55	2960.51	2944.53	2939.82	2940.72	2937.33	2927.83	2925.95	2929.13	2923.77	2912.03	2897.82	2893.37	2893.25	2888.95	2882.11	2871.25	2859.66	2854.39	2849.48	2841.31	2831.41	2820.88	2815.26	2811.21	2807.59	2802.43	2793.71	2785.19	2780.48	2773.80	2762.22	2754.04	2745.13	2732.95	2719.20	2707.93	2704.43	2703.32	2700.20	2692.51	2679.46	2660.84	2641.14	2626.06	2612.50	2607.45	2603.42	2594.61	2580.92	2563.91	2542.26	2521.93	2503.48	2480.08	2451.40	2437.30	2423.89	2404.14	2392.19	2360.89	2322.25	2305.95	2301.94	2286.08	2270.78	2252.98	2230.84	2218.26	2201.01	2178.92	2157.03	2138.16	2122.42	2106.44	2085.08	2059.11	2042.02	2024.21	2009.18	1998.01	1985.82	1970.75	1960.73	1950.48	1934.63	1911.42	1885.41	1865.51	1831.68	1807.74	1798.65	1778.72	1755.96	1730.03	1698.31	1678.87	1669.61	1658.58	1648.99	1638.53	1621.48	1607.52	1597.60	1578.27	1561.35	1542.61	1520.00	1503.35	1483.31	1462.57	1444.52	1424.83	1399.12	1370.70	1345.59	1322.79	1297.95	1259.42	1216.14	1171.57	1136.17	1124.73	1105.41	1076.24	1048.24	1017.96	982.36	984.66	933.94	840.09	827.67	837.17	818.68	781.82	726.79	684.19	637.37	585.24	533.63	469.05	405.34	315.49	251.73	168.21	143.50		
2856.47	2858.48	2863.00	2866.69	2872.61	2883.77	2894.84	2902.71	2903.56	2899.59	2892.03	2888.09	2889.35	2893.10	2900.28	2900.49	2900.76	2905.96	2909.79	2917.48	2928.57	2936.46	2942.97	2950.09	2952.57	2955.53	2959.60	2967.14	2973.12	2976.01	2973.18	2971.99	2975.20	2978.32	2984.03	2995.68	3004.01	3010.63	3017.87	3021.92	3026.93	3031.39	3032.76	3034.43	3036.76	3039.43	3044.71	3050.73	3056.76	3061.05	3065.14	3067.31	3068.18	3071.58	3076.47	3080.03	3082.35	3083.85	3085.57	3088.62	3093.32	3097.77	3101.24	3102.13	3102.26	3104.35	3106.85	3107.96	3107.99	3109.78	3111.37	3113.44	3113.94	3113.43	3112.53	3110.78	3108.94	3106.83	3104.75	3102.40	3098.17	3094.88	3091.73	3088.14	3085.66	3079.52	3072.74	3072.64	3070.11	3064.77	3059.91	3053.14	3047.52	3043.17	3039.48	3034.50	3030.03	3021.69	3016.72	3016.04	3012.79	3006.20	2999.37	2997.04	2992.65	2989.29	2982.49	2974.76	2969.03	2957.55	2945.05	2941.14	2939.77	2935.66	2926.25	2923.51	2925.95	2920.73	2909.11	2895.84	2892.92	2892.78	2887.67	2880.84	2868.36	2854.59	2850.88	2847.38	2840.57	2829.72	2819.03	2814.71	2811.26	2805.92	2800.47	2793.11	2784.08	2776.98	2770.22	2759.89	2748.57	2735.14	2722.96	2714.21	2707.19	2704.22	2701.10	2697.41	2689.85	2675.65	2657.79	2642.40	2630.38	2616.13	2607.82	2603.60	2596.15	2583.34	2567.93	2542.55	2519.68	2499.59	2469.72	2450.49	2439.18	2425.64	2401.45	2386.90	2364.74	2334.99	2306.30	2295.36	2276.34	2254.76	2241.41	2226.60	2212.22	2190.97	2170.68	2149.27	2129.30	2115.22	2101.64	2077.25	2050.17	2039.38	2021.57	2004.47	1990.90	1977.43	1959.20	1947.82	1938.62	1922.84	1903.96	1876.87	1852.11	1834.90	1813.66	1793.15	1773.49	1751.55	1727.63	1700.09	1678.84	1664.85	1650.36	1638.51	1624.68	1608.95	1598.51	1586.98	1568.93	1552.76	1534.45	1511.02	1497.99	1478.46	1454.43	1436.94	1414.16	1384.58	1358.13	1334.36	1309.32	1283.24	1246.92	1200.36	1157.78	1135.93	1123.28	1108.53	1083.33	1048.62	1014.47	955.25	936.61	905.23	844.05	835.82	823.60	794.21	761.98	741.80	708.67	642.13	554.23	506.96	464.62	407.64	311.48	209.78	133.78			
2861.22	2863.62	2867.88	2875.28	2887.12	2898.42	2904.47	2909.71	2907.62	2902.66	2897.55	2894.93	2898.29	2906.26	2912.47	2910.61	2908.88	2910.37	2918.88	2934.57	2948.11	2951.64	2955.13	2959.92	2961.94	2967.36	2973.83	2977.99	2979.49	2980.62	2979.93	2981.32	2985.08	2989.03	2996.76	3006.92	3014.77	3020.01	3022.28	3023.69	3029.54	3034.69	3037.20	3041.68	3043.87	3043.83	3048.60	3055.53	3063.48	3068.53	3072.05	3074.83	3076.72	3078.87	3081.50	3083.68	3086.20	3088.45	3091.22	3095.05	3098.51	3101.68	3104.58	3105.75	3106.24	3108.20	3109.99	3111.22	3111.87	3112.56	3113.72	3115.23	3115.57	3114.52	3113.18	3111.19	3108.98	3107.11	3105.37	3103.08	3098.43	3093.78	3090.22	3086.99	3084.18	3078.35	3070.78	3070.24	3068.51	3063.37	3056.70	3049.51	3046.29	3042.21	3038.27	3032.40	3027.12	3019.83	3016.17	3015.69	3012.62	3007.39	3000.22	2994.95	2989.55	2985.42	2982.39	2973.92	2965.94	2958.04	2947.83	2940.09	2938.53	2934.89	2922.71	2920.20	2920.36	2915.78	2906.27	2897.84	2894.86	2892.63	2886.29	2877.62	2864.57	2851.84	2848.58	2845.27	2837.95	2826.40	2819.91	2815.38	2807.91	2799.72	2795.57	2790.73	2782.56	2773.82	2765.38	2755.08	2739.56	2723.62	2718.43	2713.86	2707.68	2704.60	2699.68	2692.32	2684.68	2673.56	2658.88	2644.56	2633.15	2619.67	2608.95	2604.86	2599.33	2586.51	2570.41	2548.06	2525.20	2494.35	2454.28	2446.60	2441.17	2422.32	2396.82	2383.50	2364.26	2328.61	2295.15	2281.11	2263.14	2245.59	2233.78	2218.86	2200.84	2179.74	2163.44	2142.80	2125.41	2111.90	2098.11	2074.39	2047.08	2034.65	2020.50	2003.57	1984.00	1967.18	1947.82	1929.95	1920.68	1909.71	1898.02	1879.42	1859.17	1840.64	1814.93	1789.88	1767.72	1744.17	1722.80	1697.52	1674.36	1655.70	1640.89	1629.15	1613.96	1599.06	1587.25	1574.84	1558.84	1540.64	1523.03	1502.29	1488.74	1472.12	1447.85	1425.05	1400.42	1371.12	1348.84	1326.18	1300.02	1272.24	1238.81	1192.50	1143.22	1124.64	1121.07	1103.81	1072.97	1024.90	994.42	924.69	885.15	864.50	836.83	831.37	810.86	782.36	759.01	746.37	678.83	564.65	487.68	453.76	406.35	337.85	283.30	204.43	149.41			
2866.77	2872.02	2879.39	2888.50	2899.10	2907.73	2908.84	2910.42	2908.41	2905.26	2904.75	2904.22	2907.09	2913.20	2915.86	2914.38	2910.48	2913.35	2930.84	2947.93	2958.37	2960.46	2963.64	2970.29	2973.38	2978.31	2982.18	2984.80	2986.41	2984.85	2983.08	2985.38	2989.71	2995.39	3004.38	3013.43	3019.96	3023.78	3026.62	3029.57	3033.92	3038.17	3042.18	3047.84	3049.07	3047.73	3053.76	3063.51	3072.20	3075.45	3078.30	3081.93	3084.95	3086.60	3086.96	3087.42	3090.35	3094.27	3097.22	3100.18	3102.74	3104.89	3107.55	3109.16	3109.40	3110.79	3111.90	3112.86	3114.14	3114.78	3115.61	3116.28	3116.06	3114.88	3113.31	3111.26	3109.18	3107.27	3105.48	3103.27	3099.22	3092.96	3088.70	3086.12	3081.80	3075.95	3069.74	3068.48	3066.38	3061.87	3055.67	3047.55	3044.85	3042.36	3038.60	3030.32	3023.79	3017.77	3015.71	3013.51	3010.53	3007.50	3000.97	2993.03	2986.61	2980.75	2977.30	2968.89	2961.62	2957.70	2947.57	2937.72	2936.22	2932.19	2921.00	2918.40	2916.19	2911.90	2904.85	2899.77	2896.17	2891.07	2883.53	2873.42	2861.36	2850.55	2845.71	2842.70	2834.14	2823.39	2819.52	2813.96	2804.60	2796.57	2792.78	2788.85	2781.71	2771.74	2761.06	2749.87	2733.27	2719.68	2718.67	2713.86	2709.12	2705.35	2698.72	2689.58	2681.00	2671.96	2659.99	2646.36	2633.00	2620.51	2609.03	2603.88	2598.61	2585.12	2568.83	2549.81	2526.51	2493.64	2457.57	2450.41	2441.64	2415.22	2393.63	2386.88	2358.06	2306.82	2279.67	2269.52	2258.32	2243.86	2229.97	2213.24	2194.09	2174.50	2161.11	2143.52	2127.15	2113.41	2098.31	2075.69	2050.24	2030.77	2014.67	1999.38	1980.36	1960.81	1939.84	1918.54	1906.91	1897.67	1891.62	1883.82	1868.05	1846.30	1818.17	1786.44	1761.26	1736.64	1716.88	1695.01	1668.19	1644.73	1632.35	1622.31	1606.74	1592.28	1579.99	1567.01	1550.59	1533.14	1514.64	1495.87	1479.86	1462.61	1441.08	1410.89	1385.62	1363.83	1345.23	1323.70	1295.82	1265.58	1232.81	1188.94	1131.14	1112.75	1120.32	1109.28	1069.05	1008.94	995.00	953.30	891.41	856.41	822.62	811.74	795.92	774.02	757.29	736.29	636.55	505.39	426.32	398.23	334.50	239.25	219.52	209.66	180.38			
2875.45	2885.36	2894.86	2901.78	2908.12	2910.53	2910.10	2911.01	2911.00	2909.73	2910.88	2912.06	2917.89	2920.80	2918.98	2914.00	2913.98	2928.96	2947.30	2957.86	2964.67	2967.39	2971.85	2978.06	2982.10	2985.46	2987.99	2990.31	2992.20	2990.06	2986.76	2987.59	2991.92	3000.49	3010.61	3018.30	3022.72	3027.53	3032.88	3038.93	3043.09	3044.27	3047.56	3053.43	3054.24	3054.61	3063.85	3074.50	3081.16	3082.24	3084.58	3088.62	3091.26	3092.39	3094.15	3094.47	3096.46	3099.62	3102.67	3105.47	3107.57	3109.83	3111.49	3112.03	3111.98	3112.41	3113.07	3113.71	3115.14	3116.54	3117.14	3117.70	3117.09	3115.80	3113.87	3111.31	3109.04	3106.71	3104.26	3102.48	3099.50	3092.88	3086.85	3083.14	3078.85	3074.60	3069.89	3066.98	3064.91	3061.24	3055.39	3047.80	3044.17	3040.81	3034.83	3027.34	3023.20	3018.78	3016.92	3012.72	3007.78	3006.14	3000.73	2991.83	2983.57	2974.40	2969.32	2962.64	2957.47	2955.54	2945.73	2935.36	2930.09	2925.40	2920.35	2918.22	2912.37	2907.99	2903.49	2900.12	2894.98	2887.53	2879.63	2869.09	2856.74	2848.45	2842.76	2839.36	2831.85	2823.92	2818.88	2812.52	2806.07	2799.30	2790.18	2785.65	2779.47	2768.27	2757.21	2746.59	2730.49	2720.71	2719.37	2713.25	2708.07	2704.49	2696.50	2686.90	2677.38	2668.20	2660.17	2648.84	2632.45	2617.44	2604.67	2597.68	2591.26	2580.05	2564.99	2546.28	2523.24	2498.85	2469.21	2453.81	2437.05	2408.18	2392.48	2382.93	2344.41	2292.33	2270.59	2261.84	2255.86	2243.55	2229.35	2212.14	2190.28	2171.10	2157.99	2142.95	2127.07	2112.68	2096.72	2074.22	2048.13	2026.77	2012.40	1995.33	1975.93	1956.12	1936.79	1915.50	1896.90	1885.64	1886.51	1885.33	1871.21	1854.95	1827.11	1787.44	1758.57	1730.01	1708.16	1688.33	1660.45	1632.72	1620.38	1611.12	1596.82	1584.06	1572.59	1557.51	1541.93	1526.58	1506.73	1486.66	1467.50	1449.31	1425.77	1396.67	1375.59	1357.88	1340.91	1318.32	1289.58	1257.92	1225.06	1181.83	1123.78	1107.46	1112.72	1103.08	1038.79	982.31	1014.19	979.13	922.37	851.01	790.46	781.17	778.73	761.84	748.61	728.65	665.63	559.21	434.85	369.17	304.74	197.75	172.96	190.88	182.12			
2887.94	2897.20	2902.84	2907.64	2912.20	2913.53	2916.59	2919.89	2919.89	2916.77	2914.99	2917.12	2925.00	2928.55	2927.44	2923.71	2933.36	2952.17	2963.20	2969.51	2973.20	2974.51	2978.18	2983.03	2988.20	2991.86	2993.82	2993.53	2995.11	2993.40	2990.78	2990.99	2997.18	3006.70	3015.29	3021.24	3027.14	3035.63	3041.03	3046.68	3050.02	3049.68	3053.20	3057.64	3058.56	3061.97	3072.34	3081.50	3085.75	3086.76	3089.72	3093.73	3095.47	3097.56	3101.19	3103.09	3103.58	3104.63	3106.46	3109.01	3111.41	3114.04	3115.34	3114.28	3113.76	3113.62	3114.99	3116.30	3116.80	3117.91	3118.99	3118.63	3117.95	3116.55	3114.71	3112.15	3109.82	3106.57	3102.60	3100.78	3098.19	3092.48	3084.48	3079.25	3076.89	3074.41	3070.64	3066.67	3064.73	3060.78	3054.66	3045.99	3040.92	3035.97	3029.01	3025.81	3024.77	3021.64	3018.00	3013.34	3006.03	3002.41	2997.62	2989.43	2980.57	2969.91	2964.43	2959.11	2953.94	2952.12	2944.50	2934.89	2927.38	2920.20	2918.11	2915.04	2907.79	2904.73	2899.80	2897.57	2893.05	2883.98	2874.12	2863.64	2853.44	2848.68	2843.29	2839.32	2833.90	2827.50	2820.80	2812.93	2808.49	2801.33	2787.90	2779.99	2774.09	2765.39	2755.81	2744.88	2729.88	2722.49	2719.18	2712.61	2705.03	2700.87	2695.79	2685.57	2675.67	2662.86	2653.80	2644.47	2632.20	2618.46	2601.48	2592.51	2583.42	2571.28	2556.65	2538.88	2517.85	2497.95	2470.92	2449.93	2428.85	2404.34	2385.74	2367.60	2334.24	2295.57	2276.74	2263.22	2249.25	2241.29	2228.54	2209.87	2187.15	2168.19	2154.06	2138.70	2124.96	2112.09	2098.55	2076.82	2054.22	2027.26	2013.09	1997.41	1978.43	1959.35	1938.91	1914.32	1889.72	1875.36	1876.24	1878.20	1869.41	1850.69	1825.12	1795.29	1760.32	1725.30	1694.72	1669.73	1647.25	1620.53	1606.61	1597.45	1586.86	1576.42	1564.26	1549.05	1534.27	1518.51	1499.49	1477.76	1456.98	1437.04	1410.27	1385.96	1367.47	1350.91	1333.51	1308.37	1280.48	1248.17	1213.28	1171.25	1128.96	1108.51	1091.41	1076.67	1001.92	949.92	992.90	976.97	919.75	844.61	776.56	766.50	762.25	746.41	739.26	719.05	684.59	598.49	487.92	381.18	297.90	198.06	166.94	170.25				
2902.34	2904.57	2904.24	2912.74	2921.34	2926.54	2930.78	2930.78	2929.81	2927.23	2923.41	2925.36	2932.25	2938.15	2941.93	2949.13	2960.80	2968.93	2976.19	2979.74	2980.65	2981.83	2985.02	2989.29	2994.55	2997.25	2996.84	2996.80	2999.47	2996.82	2994.38	2999.40	3008.39	3015.69	3020.61	3027.00	3036.79	3045.78	3048.72	3051.98	3052.99	3053.99	3059.06	3060.93	3061.31	3066.92	3076.26	3083.99	3087.97	3089.16	3092.34	3096.49	3098.84	3101.46	3105.22	3108.28	3109.61	3111.17	3111.76	3112.62	3113.99	3116.21	3117.01	3116.60	3116.57	3117.53	3119.51	3121.27	3121.13	3121.12	3120.99	3119.62	3118.51	3117.00	3115.53	3113.57	3110.78	3106.80	3101.36	3099.04	3096.55	3091.80	3083.24	3076.61	3076.93	3074.92	3071.06	3066.32	3063.33	3058.32	3051.57	3041.83	3035.87	3032.36	3027.89	3026.15	3025.89	3023.12	3016.95	3012.29	3006.22	2998.65	2993.39	2987.63	2979.80	2969.42	2961.09	2955.44	2949.82	2946.70	2942.37	2937.59	2932.94	2920.02	2915.27	2913.86	2908.87	2904.56	2895.16	2891.14	2887.57	2876.76	2865.80	2858.48	2854.88	2852.28	2845.83	2840.51	2834.07	2827.23	2821.91	2814.01	2806.53	2797.14	2786.08	2776.73	2767.54	2759.63	2750.80	2740.73	2729.39	2723.03	2718.40	2711.83	2701.42	2692.68	2690.70	2681.96	2671.72	2654.43	2643.65	2637.92	2631.95	2621.97	2605.58	2590.06	2575.99	2560.75	2544.74	2532.23	2512.12	2489.33	2469.96	2452.45	2429.55	2401.72	2376.06	2352.53	2335.03	2305.97	2281.75	2268.39	2246.61	2233.79	2223.29	2204.21	2186.74	2169.98	2151.01	2130.00	2116.06	2108.00	2095.80	2078.99	2070.30	2043.82	2015.61	1997.10	1980.46	1960.21	1935.46	1904.77	1880.87	1867.63	1860.94	1860.98	1856.24	1827.85	1804.12	1769.64	1726.00	1703.38	1675.46	1651.49	1632.40	1614.13	1597.70	1585.62	1578.62	1569.54	1557.67	1541.35	1525.59	1508.53	1489.97	1468.45	1445.16	1421.92	1396.01	1374.93	1356.59	1340.15	1317.36	1288.40	1263.10	1231.98	1200.12	1162.87	1125.16	1096.98	1080.36	1068.14	1005.35	951.58	950.64	930.34	888.11	821.06	768.49	760.68	744.64	731.38	724.73	666.82	591.29	526.38	487.79	412.67	318.80	206.10	164.99	161.38				
2916.21	2911.40	2913.41	2924.84	2931.90	2934.93	2938.74	2939.23	2939.10	2939.60	2937.84	2937.45	2942.37	2951.59	2962.19	2975.05	2979.24	2980.23	2984.14	2985.66	2985.67	2984.28	2987.32	2995.69	3001.49	3001.70	2999.75	3004.12	3007.57	3004.47	3004.39	3012.48	3021.82	3028.20	3032.22	3038.18	3045.90	3052.16	3052.83	3053.41	3054.87	3059.86	3064.45	3065.62	3068.20	3073.78	3080.01	3085.48	3088.91	3092.46	3097.69	3101.78	3104.03	3105.41	3107.74	3110.99	3113.67	3116.17	3117.94	3118.30	3119.66	3120.97	3119.62	3119.72	3121.45	3122.91	3124.34	3126.24	3125.49	3124.38	3123.21	3120.52	3118.18	3117.31	3116.74	3115.45	3112.50	3107.40	3101.10	3098.29	3095.66	3090.51	3082.09	3076.07	3077.47	3075.67	3071.12	3064.89	3059.73	3054.71	3048.80	3041.49	3036.11	3032.23	3028.09	3024.18	3023.93	3020.83	3013.99	3008.32	3002.40	2993.52	2987.26	2982.62	2976.46	2967.05	2956.47	2952.29	2949.20	2944.39	2941.14	2939.77	2935.41	2920.39	2913.56	2913.35	2908.81	2900.75	2890.66	2885.66	2881.14	2873.66	2865.76	2860.79	2859.21	2854.31	2846.07	2839.35	2832.19	2824.80	2819.87	2813.70	2805.68	2797.33	2790.19	2781.32	2769.22	2755.31	2742.88	2735.29	2726.58	2721.05	2716.79	2708.41	2695.12	2684.39	2683.27	2678.09	2667.63	2649.09	2639.39	2633.71	2627.99	2619.68	2606.70	2591.11	2573.32	2550.34	2528.71	2519.03	2503.28	2488.55	2473.68	2456.65	2433.73	2403.44	2364.42	2340.25	2330.80	2306.29	2280.15	2273.16	2252.03	2225.07	2216.14	2201.27	2188.09	2172.45	2147.22	2116.28	2102.01	2095.11	2085.97	2076.71	2068.27	2047.61	2021.24	1998.88	1979.62	1956.80	1925.72	1893.37	1872.28	1853.93	1840.15	1839.43	1833.20	1810.99	1786.45	1735.64	1687.18	1679.60	1657.48	1639.69	1619.20	1603.40	1589.46	1579.46	1572.51	1562.85	1550.82	1537.35	1521.99	1500.01	1478.76	1453.74	1428.52	1405.85	1383.35	1365.03	1346.08	1322.68	1295.02	1270.29	1247.15	1218.96	1189.66	1153.95	1118.08	1084.50	1059.96	1050.79	1003.25	962.51	943.89	918.81	868.68	807.05	768.98	748.00	714.66	709.49	706.20	608.71	457.08	456.49	480.89	451.57	341.44	199.83	151.58	155.01				
2922.66	2922.15	2931.12	2937.59	2936.63	2934.28	2940.14	2946.73	2947.97	2949.06	2949.94	2952.97	2964.91	2974.91	2980.21	2986.93	2990.69	2990.85	2992.21	2990.60	2987.08	2983.74	2985.75	2995.50	3002.45	3005.21	3007.78	3013.84	3015.54	3011.16	3012.94	3022.68	3033.11	3039.87	3043.72	3048.25	3054.16	3056.90	3055.30	3057.85	3062.53	3067.75	3070.22	3072.39	3078.01	3083.86	3087.95	3091.80	3094.65	3097.47	3101.44	3105.13	3108.32	3109.77	3111.99	3115.20	3117.06	3119.41	3121.65	3123.26	3125.30	3126.06	3124.50	3124.52	3126.16	3127.13	3127.76	3128.91	3127.99	3126.10	3124.22	3120.73	3117.19	3117.07	3117.62	3116.03	3112.95	3108.21	3101.63	3098.05	3095.63	3090.50	3083.58	3078.14	3076.69	3074.21	3069.29	3063.08	3058.43	3053.06	3046.19	3040.45	3035.94	3032.30	3027.42	3020.61	3019.83	3017.22	3011.90	3005.48	2997.00	2988.23	2981.54	2976.46	2972.49	2965.27	2956.65	2953.90	2952.36	2947.16	2940.85	2935.45	2929.25	2918.91	2912.41	2907.55	2901.09	2894.88	2890.08	2882.81	2875.95	2874.28	2868.90	2863.03	2858.67	2853.25	2846.30	2838.69	2829.61	2821.29	2815.48	2810.47	2802.70	2795.40	2787.33	2780.73	2769.78	2750.11	2735.78	2728.05	2718.52	2713.84	2712.47	2704.60	2692.36	2682.43	2678.80	2675.27	2664.37	2646.01	2638.17	2629.61	2621.24	2614.41	2604.01	2588.42	2569.14	2542.28	2514.41	2502.91	2493.50	2484.13	2469.63	2449.16	2429.65	2405.37	2355.78	2323.71	2322.14	2304.94	2292.04	2289.06	2263.29	2224.39	2208.38	2196.82	2186.02	2166.59	2132.11	2098.20	2094.79	2084.81	2072.06	2063.02	2050.79	2033.12	2012.31	1984.37	1957.67	1937.38	1911.71	1889.45	1862.59	1830.61	1816.86	1817.10	1808.04	1787.62	1764.70	1724.73	1676.11	1655.04	1643.46	1627.68	1611.14	1599.19	1587.96	1576.05	1566.27	1556.48	1543.81	1531.20	1515.80	1494.24	1469.21	1439.06	1413.64	1392.90	1373.43	1351.73	1329.51	1305.67	1278.55	1256.20	1231.74	1206.60	1176.36	1142.00	1124.09	1087.44	1023.79	992.53	972.61	950.33	919.32	876.64	840.91	804.37	771.79	724.93	673.06	662.41	648.98	563.18	463.35	460.12	494.01	446.59	315.71	184.24	148.88	161.25				
2929.28	2938.08	2946.29	2949.01	2940.68	2932.55	2943.29	2952.27	2953.61	2954.42	2958.05	2969.36	2985.54	2992.06	2994.28	2992.58	2993.09	2995.68	2996.25	2993.73	2992.53	2992.14	2991.74	3000.01	3006.14	3011.42	3016.41	3021.54	3020.53	3019.22	3025.54	3033.41	3042.08	3048.41	3052.03	3056.31	3059.83	3060.09	3060.84	3065.76	3071.43	3075.32	3076.12	3078.34	3084.59	3090.61	3095.11	3099.18	3102.23	3104.45	3105.66	3107.18	3109.40	3111.83	3115.21	3118.54	3119.47	3120.14	3121.94	3124.63	3127.04	3128.25	3128.37	3129.08	3130.30	3129.38	3128.12	3128.59	3128.52	3127.02	3124.99	3121.86	3118.46	3117.17	3117.86	3115.71	3111.77	3107.16	3101.93	3098.77	3095.54	3090.74	3084.88	3079.81	3075.67	3070.38	3065.41	3061.48	3058.56	3053.19	3044.04	3036.28	3032.37	3029.78	3025.51	3019.29	3018.07	3015.36	3011.26	3005.04	2994.69	2985.31	2980.85	2974.77	2970.04	2966.57	2961.37	2955.73	2952.69	2946.60	2937.35	2928.38	2922.11	2916.16	2908.65	2901.83	2898.67	2894.35	2888.18	2877.39	2871.95	2874.25	2870.30	2863.41	2856.23	2851.38	2845.26	2838.09	2826.68	2816.56	2809.69	2802.84	2794.18	2786.19	2776.12	2767.26	2754.25	2738.85	2728.32	2719.78	2708.55	2704.01	2703.38	2699.00	2690.15	2680.15	2672.88	2665.12	2652.64	2640.23	2633.25	2622.77	2614.29	2606.55	2595.57	2577.45	2561.20	2535.17	2510.47	2496.22	2485.43	2477.84	2463.53	2445.56	2429.95	2410.13	2367.98	2321.33	2313.81	2306.03	2296.82	2288.42	2265.05	2233.22	2211.11	2191.20	2173.29	2148.65	2114.82	2096.21	2096.32	2082.64	2060.00	2045.78	2037.85	2019.95	1997.04	1966.83	1938.56	1920.52	1899.74	1875.36	1847.42	1819.06	1808.61	1801.25	1787.99	1770.48	1749.73	1720.01	1676.49	1646.81	1635.51	1623.03	1610.23	1599.42	1584.80	1568.68	1557.88	1547.78	1540.50	1533.34	1518.20	1490.45	1454.52	1421.85	1403.10	1383.64	1363.15	1338.67	1315.33	1294.08	1266.86	1242.77	1216.99	1192.74	1156.75	1118.20	1101.45	1065.47	996.49	973.35	964.05	944.99	905.72	856.35	816.37	798.36	766.42	714.38	661.21	622.25	564.01	512.71	475.48	479.97	490.51	410.78	293.12	189.50	161.59	166.03				
2942.27	2953.74	2959.48	2960.34	2948.66	2942.31	2953.32	2958.41	2956.48	2958.38	2966.64	2980.66	2993.18	2997.85	3000.76	3000.22	3002.16	3003.18	3001.39	2996.92	2994.86	2996.37	3003.09	3012.24	3015.84	3019.55	3022.89	3025.20	3023.66	3029.21	3037.68	3043.47	3049.35	3054.90	3058.09	3060.91	3062.61	3063.14	3066.07	3071.87	3077.88	3082.08	3082.92	3085.36	3090.89	3095.60	3099.21	3103.50	3107.70	3110.86	3112.71	3113.06	3113.43	3114.91	3117.39	3119.09	3120.00	3120.12	3122.51	3126.06	3128.20	3129.05	3130.49	3132.33	3133.13	3132.26	3130.25	3129.64	3129.51	3128.23	3125.90	3123.40	3120.84	3118.64	3117.51	3114.92	3110.55	3105.38	3101.13	3099.38	3095.99	3090.95	3083.97	3079.04	3074.78	3067.79	3063.09	3059.30	3056.72	3051.33	3041.55	3034.47	3030.64	3028.05	3024.85	3020.26	3017.99	3013.90	3010.11	3002.25	2990.34	2981.84	2978.32	2972.53	2968.38	2967.60	2963.40	2955.23	2949.62	2941.60	2930.76	2923.34	2917.68	2911.81	2905.61	2901.52	2899.60	2892.99	2882.24	2871.47	2869.83	2872.62	2867.20	2861.79	2855.92	2850.23	2841.80	2834.19	2822.99	2810.74	2800.86	2793.64	2786.75	2780.27	2770.76	2759.34	2749.50	2737.95	2724.27	2714.24	2705.10	2700.01	2695.26	2689.98	2682.82	2673.55	2663.37	2652.26	2641.84	2633.90	2625.20	2615.03	2607.55	2599.03	2588.81	2574.05	2558.35	2533.09	2509.04	2493.24	2479.80	2470.48	2458.63	2445.53	2431.92	2413.15	2382.45	2336.62	2314.10	2304.76	2291.76	2273.91	2259.27	2238.82	2218.42	2191.03	2159.89	2130.33	2109.84	2095.61	2089.39	2078.93	2054.98	2035.89	2032.12	2017.78	1995.72	1960.45	1926.59	1909.49	1892.59	1860.30	1833.34	1815.71	1813.58	1801.51	1777.67	1760.46	1743.39	1717.41	1675.63	1644.22	1633.93	1622.34	1610.37	1599.21	1584.54	1567.02	1552.23	1537.79	1528.96	1523.23	1511.29	1476.94	1437.63	1413.59	1399.96	1379.24	1350.12	1321.69	1296.77	1277.96	1257.63	1233.98	1204.55	1177.05	1138.48	1099.26	1068.72	1027.39	987.00	971.07	957.09	938.61	908.16	877.81	813.88	788.33	754.14	701.87	660.85	617.68	531.87	498.81	474.96	492.90	501.22	406.30	265.11	186.23	172.36	174.05				
2953.92	2964.41	2969.97	2968.15	2955.71	2958.91	2968.97	2968.36	2962.77	2968.52	2978.64	2987.70	2995.19	2999.22	3003.63	3008.01	3012.95	3012.85	3008.30	3003.45	2996.48	3002.44	3017.73	3023.28	3024.61	3025.43	3027.54	3028.89	3029.61	3036.02	3042.71	3049.23	3055.47	3060.20	3062.50	3065.15	3068.54	3069.41	3072.46	3078.58	3082.07	3085.32	3086.68	3090.70	3096.33	3100.96	3102.66	3105.37	3109.06	3112.75	3115.31	3116.86	3117.83	3118.97	3120.61	3120.91	3121.55	3122.50	3126.30	3130.01	3131.92	3131.18	3131.50	3133.20	3134.55	3135.32	3134.28	3132.14	3131.08	3129.50	3127.64	3124.83	3122.30	3120.84	3118.17	3114.03	3110.14	3104.43	3099.11	3096.79	3094.79	3090.68	3083.59	3077.72	3073.61	3066.96	3062.30	3058.16	3054.50	3049.51	3040.99	3036.25	3032.77	3028.72	3025.25	3019.93	3016.33	3011.38	3006.38	2996.77	2987.06	2980.51	2974.73	2969.42	2968.28	2967.80	2962.45	2953.52	2944.17	2933.89	2923.80	2920.16	2915.86	2910.02	2906.53	2902.38	2897.74	2889.98	2876.40	2867.24	2866.03	2867.29	2862.88	2859.18	2854.31	2847.51	2838.43	2827.42	2815.85	2804.98	2793.08	2787.15	2782.54	2776.41	2769.12	2760.64	2751.31	2738.74	2722.26	2711.10	2703.93	2698.82	2692.44	2684.34	2675.95	2667.18	2657.07	2647.52	2637.93	2628.08	2617.76	2607.91	2601.97	2593.14	2583.60	2573.09	2557.16	2533.76	2506.03	2484.03	2471.71	2462.05	2453.02	2442.43	2429.49	2411.62	2383.69	2352.03	2321.63	2306.25	2287.55	2266.66	2254.93	2239.49	2219.74	2188.49	2151.98	2117.41	2106.52	2097.84	2083.74	2072.68	2037.88	2018.42	2024.95	2015.89	1996.84	1966.60	1924.88	1898.73	1887.54	1862.07	1836.88	1822.23	1820.17	1801.57	1775.54	1758.24	1740.50	1704.01	1661.19	1641.02	1635.73	1623.53	1606.94	1592.85	1580.58	1566.51	1546.78	1527.61	1512.90	1493.91	1472.91	1445.56	1418.44	1410.82	1405.36	1389.45	1331.00	1289.35	1269.01	1261.51	1256.14	1232.08	1189.18	1148.89	1110.74	1078.98	1051.21	1018.11	990.08	976.16	954.86	931.02	893.21	861.81	806.77	777.85	752.25	713.33	675.28	616.19	546.12	492.15	459.59	485.22	479.49	368.07	223.03	176.54	173.81					
2959.77	2969.89	2974.91	2970.28	2966.12	2977.33	2984.70	2981.27	2972.45	2980.02	2988.90	2994.36	3000.12	3003.58	3007.40	3011.92	3016.29	3015.66	3010.39	3007.80	3004.18	3018.18	3031.38	3034.73	3032.60	3029.99	3032.37	3034.26	3036.88	3041.90	3047.53	3054.52	3062.21	3066.23	3067.17	3070.10	3074.14	3076.06	3081.71	3087.41	3089.10	3091.86	3092.81	3096.40	3101.25	3104.99	3107.25	3109.36	3112.69	3116.41	3117.72	3118.29	3120.08	3122.43	3124.11	3124.07	3125.56	3127.42	3130.53	3133.48	3135.25	3135.26	3134.78	3135.22	3136.61	3137.77	3137.42	3135.12	3133.33	3131.56	3129.11	3126.37	3123.23	3121.45	3119.11	3114.68	3109.25	3103.16	3096.95	3094.06	3093.08	3089.62	3083.60	3076.10	3071.89	3067.25	3062.60	3058.42	3052.89	3047.72	3042.62	3038.86	3033.67	3028.52	3024.05	3017.60	3013.28	3009.30	3001.43	2990.43	2984.60	2979.65	2972.01	2968.86	2968.78	2967.31	2961.50	2950.26	2939.45	2929.71	2919.74	2916.68	2914.62	2910.60	2907.88	2902.84	2896.01	2887.27	2873.32	2862.80	2861.12	2863.03	2860.66	2856.21	2850.12	2843.21	2834.32	2821.61	2809.66	2800.51	2788.38	2782.82	2779.80	2773.80	2768.49	2761.46	2751.06	2738.33	2720.52	2708.06	2701.58	2696.67	2691.04	2681.65	2671.07	2660.56	2651.81	2643.28	2632.56	2622.79	2612.67	2602.50	2595.59	2587.20	2577.15	2566.69	2551.97	2532.05	2505.79	2475.07	2460.27	2451.12	2445.27	2436.06	2422.26	2405.35	2382.78	2351.81	2317.76	2311.99	2292.86	2270.20	2253.18	2237.36	2211.19	2186.29	2161.67	2123.92	2099.07	2095.26	2080.68	2068.37	2031.47	2011.42	2012.97	2000.15	1988.67	1972.91	1937.03	1900.04	1887.44	1865.66	1842.39	1827.51	1816.87	1792.87	1779.63	1759.96	1724.88	1677.21	1646.21	1640.92	1635.32	1613.96	1593.76	1579.96	1570.76	1557.97	1534.86	1508.56	1490.22	1473.36	1448.63	1424.26	1407.39	1397.43	1389.31	1373.15	1299.17	1252.89	1245.63	1243.93	1242.73	1219.16	1170.62	1114.48	1079.33	1060.87	1041.94	1013.63	984.50	969.63	950.16	933.67	889.63	842.09	805.63	781.40	758.15	729.01	686.94	619.95	547.32	482.92	450.85	457.25	392.62	266.01	189.58	182.12	177.21					
2969.97	2978.33	2978.49	2974.71	2982.68	2993.25	2996.02	2990.69	2983.09	2993.68	3001.51	3005.01	3008.54	3011.71	3013.77	3016.48	3017.21	3014.53	3009.79	3009.41	3012.41	3030.56	3039.18	3041.16	3036.93	3034.46	3036.52	3038.27	3042.67	3050.09	3057.48	3064.18	3070.08	3072.63	3071.64	3075.39	3079.95	3083.06	3090.43	3095.30	3098.07	3099.90	3101.97	3105.53	3109.20	3112.47	3115.68	3117.39	3119.65	3121.04	3120.36	3120.32	3121.91	3124.10	3125.05	3126.38	3129.18	3132.06	3134.01	3136.30	3137.78	3138.51	3138.79	3139.17	3139.56	3140.55	3140.30	3138.23	3135.34	3132.68	3129.91	3126.94	3124.11	3121.61	3119.09	3115.04	3108.91	3102.99	3096.61	3092.61	3091.68	3088.36	3084.03	3076.62	3072.29	3068.90	3063.39	3058.85	3051.52	3045.93	3042.57	3038.14	3032.29	3028.46	3022.98	3015.56	3010.13	3005.15	2995.91	2986.74	2981.86	2977.62	2972.78	2971.34	2968.48	2964.34	2958.56	2945.37	2935.81	2928.88	2918.46	2915.65	2915.23	2910.00	2906.62	2901.66	2893.48	2882.11	2869.08	2859.30	2857.03	2859.36	2856.33	2850.36	2846.47	2839.53	2830.29	2818.95	2806.41	2795.17	2785.88	2781.54	2778.69	2771.94	2765.76	2759.59	2749.25	2737.47	2719.87	2704.66	2696.51	2692.21	2686.85	2677.98	2666.46	2654.49	2644.65	2636.18	2627.14	2619.48	2612.05	2599.42	2589.60	2581.36	2568.39	2557.51	2545.84	2530.63	2509.79	2467.68	2451.97	2445.97	2436.65	2428.37	2416.82	2394.00	2370.20	2338.64	2306.11	2307.84	2295.90	2270.16	2246.03	2231.93	2206.22	2189.50	2172.40	2130.20	2095.86	2091.47	2076.10	2059.70	2037.70	2015.64	2001.87	1984.57	1973.61	1965.58	1949.17	1918.29	1902.58	1871.01	1835.07	1812.53	1802.61	1783.12	1788.23	1758.63	1709.34	1672.13	1648.54	1638.16	1622.90	1593.00	1580.05	1570.50	1562.25	1558.27	1538.98	1481.65	1458.07	1452.20	1435.41	1416.31	1398.97	1381.42	1358.98	1325.93	1266.45	1233.12	1232.14	1226.10	1215.41	1193.06	1157.81	1103.06	1065.31	1059.19	1038.37	1006.04	976.47	956.50	939.81	926.12	888.61	849.67	812.08	784.18	760.94	729.20	680.06	607.65	523.31	460.89	442.52	435.75	343.45	242.80	229.66	226.61	195.34					
2982.90	2988.40	2984.92	2983.25	2993.50	3003.91	3004.49	2996.63	2993.20	3005.77	3013.75	3017.46	3017.95	3018.14	3020.10	3021.83	3018.71	3014.26	3017.25	3023.74	3032.20	3042.30	3044.93	3043.83	3041.53	3041.30	3043.05	3044.71	3049.41	3058.42	3067.02	3072.66	3078.22	3079.42	3078.68	3085.02	3090.55	3094.01	3098.61	3101.37	3103.91	3106.08	3108.90	3112.83	3117.38	3120.38	3122.79	3122.81	3123.02	3122.65	3124.07	3125.18	3125.57	3125.69	3125.25	3127.41	3131.64	3135.91	3138.03	3139.84	3140.88	3141.44	3142.56	3142.74	3142.58	3142.54	3141.95	3140.01	3137.14	3133.65	3129.73	3126.73	3124.81	3122.52	3118.10	3112.85	3108.32	3104.21	3098.47	3092.38	3089.53	3087.20	3083.81	3078.41	3075.06	3070.40	3064.77	3058.66	3049.78	3044.28	3040.60	3035.05	3029.89	3027.47	3021.74	3013.30	3006.75	3000.22	2992.20	2986.61	2980.73	2977.13	2974.62	2972.92	2968.47	2961.64	2953.64	2940.34	2931.60	2928.06	2919.16	2916.49	2915.34	2908.03	2902.59	2897.29	2887.36	2876.83	2866.86	2857.33	2854.00	2854.80	2851.86	2847.37	2842.39	2833.87	2826.90	2818.06	2805.65	2792.07	2782.96	2780.01	2777.19	2771.58	2764.56	2755.97	2745.66	2734.69	2718.25	2700.34	2690.43	2686.53	2682.89	2675.06	2663.53	2650.82	2638.65	2629.18	2621.83	2613.82	2607.21	2594.17	2581.39	2571.43	2559.56	2550.60	2539.99	2526.26	2505.87	2469.16	2459.99	2453.97	2439.04	2422.22	2394.78	2364.84	2349.12	2333.71	2311.95	2303.06	2288.71	2261.44	2238.92	2231.63	2208.31	2184.35	2162.31	2137.56	2116.78	2091.26	2062.74	2048.40	2034.26	2014.36	1999.36	1983.14	1966.41	1952.96	1946.38	1929.52	1911.39	1868.08	1821.28	1785.68	1781.73	1772.05	1758.49	1723.46	1702.04	1687.62	1653.85	1625.42	1600.94	1577.39	1566.85	1557.28	1547.23	1556.37	1534.51	1463.10	1443.24	1438.64	1425.95	1409.64	1389.46	1366.00	1345.68	1315.84	1273.20	1237.91	1228.36	1210.58	1195.00	1177.10	1151.09	1107.96	1068.88	1058.37	1035.96	1005.91	971.95	950.89	936.81	919.24	866.99	836.61	814.14	786.25	764.70	731.81	668.99	580.79	493.98	427.69	436.92	411.20	309.01	254.67	262.42	248.81	204.11					
2990.89	2993.44	2996.86	3002.92	3006.78	3011.38	3010.34	3002.79	3003.87	3014.85	3020.39	3023.30	3023.04	3023.54	3025.22	3025.80	3023.35	3023.49	3030.93	3036.26	3041.86	3047.06	3048.69	3048.89	3049.02	3050.58	3052.53	3054.52	3059.02	3064.83	3072.35	3077.94	3082.54	3084.24	3086.95	3096.01	3101.32	3105.74	3109.42	3109.27	3109.87	3112.38	3115.58	3119.61	3124.45	3125.64	3126.09	3126.00	3126.06	3127.51	3130.73	3131.67	3130.43	3129.67	3129.59	3132.04	3135.70	3139.26	3141.95	3143.76	3143.79	3143.65	3144.74	3145.15	3144.83	3144.13	3142.92	3141.09	3138.25	3134.06	3129.99	3126.74	3125.49	3122.66	3116.70	3111.13	3108.52	3106.43	3100.57	3093.24	3089.14	3086.63	3083.44	3079.59	3076.37	3071.61	3065.99	3057.02	3047.99	3044.10	3039.64	3032.57	3027.07	3024.61	3017.78	3009.79	3005.24	2999.26	2992.43	2988.25	2982.04	2977.41	2974.39	2971.32	2967.47	2959.87	2949.15	2935.16	2927.58	2926.33	2919.50	2916.06	2914.07	2907.86	2900.14	2891.20	2880.92	2876.38	2868.39	2856.21	2852.84	2854.42	2851.09	2846.03	2838.14	2829.06	2824.27	2816.85	2805.57	2790.38	2779.93	2779.10	2776.25	2771.50	2764.55	2754.20	2740.80	2730.15	2715.97	2696.87	2686.81	2682.47	2679.04	2673.43	2663.49	2651.57	2635.80	2622.47	2615.42	2607.60	2598.55	2586.76	2574.43	2562.62	2552.16	2544.39	2534.84	2519.64	2499.65	2481.22	2468.52	2457.61	2443.20	2402.87	2367.88	2358.47	2346.34	2331.25	2313.87	2297.20	2284.19	2263.88	2244.44	2229.99	2200.93	2177.01	2154.29	2131.29	2120.35	2085.57	2052.96	2040.29	2029.17	2007.06	1996.21	1984.95	1965.37	1950.48	1936.96	1920.11	1904.18	1869.37	1817.91	1779.42	1780.60	1763.93	1727.91	1705.52	1704.71	1676.81	1626.07	1590.04	1579.63	1571.54	1557.62	1544.28	1527.97	1513.57	1480.89	1444.22	1439.43	1433.59	1417.48	1397.73	1376.12	1349.52	1330.00	1304.52	1271.85	1245.00	1231.11	1209.57	1185.92	1169.03	1147.76	1111.72	1079.75	1056.93	1033.55	1011.60	980.22	954.12	932.53	907.73	855.07	824.86	806.09	784.42	764.66	742.55	666.60	553.23	474.88	427.14	448.38	389.23	268.84	240.65	249.65	226.62	198.20					
2994.94	2999.29	3010.15	3020.64	3019.98	3017.96	3015.54	3007.84	3014.54	3026.80	3028.07	3026.64	3028.97	3031.02	3029.60	3028.39	3029.23	3032.91	3037.93	3041.46	3046.58	3049.95	3050.60	3050.00	3052.66	3058.76	3064.20	3067.08	3070.90	3073.33	3076.67	3082.53	3087.51	3091.50	3099.24	3106.80	3110.18	3113.76	3116.33	3116.55	3117.51	3119.49	3123.21	3126.17	3129.78	3130.38	3131.31	3132.70	3134.10	3135.51	3138.32	3137.78	3137.25	3137.76	3138.19	3140.20	3142.15	3144.02	3146.12	3147.21	3146.53	3145.91	3146.07	3146.79	3146.12	3145.15	3144.65	3142.38	3139.89	3135.56	3130.54	3126.97	3125.24	3121.69	3115.93	3111.54	3108.57	3106.46	3101.09	3094.57	3090.53	3087.78	3083.89	3080.52	3076.75	3071.76	3066.67	3057.72	3048.90	3044.16	3037.75	3029.30	3024.10	3020.36	3013.58	3007.11	3003.96	2999.09	2994.72	2991.74	2983.28	2976.30	2972.73	2968.74	2964.83	2957.64	2945.48	2931.92	2927.00	2925.69	2919.82	2914.68	2912.69	2906.90	2897.38	2883.03	2873.84	2874.34	2868.66	2855.72	2852.07	2855.18	2850.86	2844.01	2835.75	2824.67	2818.17	2811.95	2801.00	2785.98	2778.52	2777.75	2774.30	2769.37	2762.81	2751.77	2735.97	2725.68	2712.93	2694.83	2685.85	2679.57	2674.56	2669.84	2661.22	2647.73	2627.53	2613.96	2608.59	2601.45	2589.57	2578.39	2567.65	2554.60	2543.38	2535.67	2526.38	2509.43	2492.48	2480.79	2464.81	2450.04	2435.95	2394.27	2365.49	2362.63	2345.11	2327.41	2314.21	2299.26	2288.95	2272.86	2252.85	2229.48	2203.42	2186.17	2146.74	2104.93	2097.10	2079.99	2058.41	2042.56	2028.28	2010.23	1998.21	1981.68	1961.56	1954.42	1927.84	1904.23	1882.68	1856.86	1809.34	1779.01	1775.61	1763.59	1731.68	1703.78	1680.57	1639.23	1583.82	1552.89	1556.15	1560.41	1549.76	1534.59	1516.40	1494.85	1468.04	1447.23	1434.71	1424.53	1408.57	1385.88	1359.37	1329.63	1310.30	1291.34	1267.54	1245.98	1226.74	1208.23	1184.10	1164.96	1137.62	1096.18	1074.76	1051.47	1029.50	1011.62	987.81	959.25	930.06	896.48	858.67	825.15	790.30	772.49	760.68	754.73	689.91	557.07	472.49	442.88	459.89	395.82	276.86	250.10	242.47	230.50	207.52					
3005.97	3012.48	3016.57	3022.27	3023.08	3019.40	3012.67	3010.74	3026.22	3032.04	3029.80	3033.89	3039.78	3040.38	3036.26	3033.95	3034.57	3036.23	3038.55	3043.55	3049.61	3053.20	3053.33	3051.22	3054.27	3063.04	3071.65	3078.48	3080.96	3081.16	3083.38	3090.64	3098.84	3107.37	3113.93	3117.02	3120.16	3122.96	3122.89	3123.11	3125.18	3126.94	3129.19	3131.05	3132.07	3133.68	3136.52	3139.18	3140.85	3141.72	3142.80	3142.78	3143.03	3143.90	3145.15	3146.89	3148.27	3148.97	3150.11	3150.18	3149.28	3149.12	3148.72	3148.72	3147.34	3145.47	3144.93	3143.40	3140.69	3136.78	3131.81	3128.06	3124.99	3120.86	3116.18	3112.33	3107.82	3104.42	3100.64	3096.40	3092.52	3087.55	3083.38	3081.54	3077.38	3071.78	3066.28	3059.86	3050.63	3041.75	3034.13	3026.70	3021.22	3017.15	3012.86	3004.41	2999.39	2999.34	2998.26	2993.75	2983.32	2973.97	2969.03	2963.41	2957.28	2949.89	2940.51	2930.86	2928.00	2926.47	2919.56	2910.88	2907.83	2902.30	2891.74	2876.00	2868.71	2868.76	2865.55	2856.99	2852.17	2853.21	2849.08	2842.08	2833.63	2818.20	2808.00	2803.53	2794.93	2785.80	2782.05	2777.68	2770.65	2763.69	2756.90	2746.54	2734.27	2722.49	2708.23	2693.03	2682.55	2674.43	2667.87	2662.00	2653.45	2640.46	2621.84	2606.40	2601.64	2595.65	2582.47	2568.62	2556.35	2542.07	2531.85	2521.51	2510.99	2495.19	2480.97	2465.58	2452.44	2438.86	2415.69	2385.94	2369.63	2361.20	2344.93	2328.05	2317.47	2306.03	2290.91	2274.15	2255.16	2229.55	2206.28	2185.31	2147.44	2114.16	2094.68	2077.44	2063.39	2046.50	2031.20	2016.39	1999.39	1979.45	1961.45	1931.69	1873.33	1855.69	1836.12	1810.33	1783.79	1773.40	1763.22	1759.80	1722.44	1666.82	1624.54	1592.84	1570.16	1552.33	1549.53	1544.26	1534.94	1516.76	1496.39	1478.41	1459.95	1445.41	1431.20	1414.18	1400.37	1382.78	1351.63	1317.30	1294.55	1280.15	1258.79	1233.65	1217.17	1202.09	1185.68	1161.08	1122.31	1089.25	1072.02	1046.86	1026.57	1010.25	991.53	970.49	943.40	894.26	850.10	815.19	779.79	765.53	764.07	774.05	714.42	579.64	486.51	456.22	455.50	406.93	286.08	250.90	236.41	231.02	213.78					
3021.42	3025.79	3022.28	3021.64	3020.09	3014.31	3015.67	3025.09	3038.07	3037.98	3039.33	3046.32	3048.09	3045.06	3042.45	3042.72	3042.74	3041.32	3042.34	3048.92	3054.54	3057.33	3057.96	3058.26	3066.46	3077.35	3083.14	3086.34	3088.26	3094.97	3101.36	3106.46	3110.10	3117.40	3122.93	3124.18	3126.95	3129.74	3128.04	3127.57	3129.67	3131.77	3133.92	3136.43	3137.47	3139.55	3140.99	3142.41	3143.73	3144.55	3145.29	3146.34	3147.75	3147.80	3149.19	3151.12	3152.27	3152.61	3153.06	3152.74	3152.57	3152.26	3151.09	3150.59	3149.48	3146.61	3145.02	3143.98	3141.20	3136.76	3132.44	3128.62	3125.20	3121.34	3117.29	3113.28	3108.49	3103.79	3101.35	3097.09	3091.90	3085.86	3081.54	3080.87	3077.89	3073.49	3067.48	3060.64	3050.64	3041.25	3035.33	3028.06	3019.05	3015.18	3012.39	3001.93	2996.53	2999.38	2998.56	2992.24	2982.02	2971.12	2963.24	2956.31	2949.45	2945.26	2940.61	2933.09	2928.51	2926.24	2919.03	2907.77	2902.87	2898.06	2885.73	2872.59	2868.38	2864.83	2861.58	2856.59	2850.06	2848.60	2845.65	2839.95	2830.39	2814.55	2803.93	2800.38	2794.14	2787.02	2782.22	2776.88	2768.50	2758.52	2752.19	2743.41	2733.70	2721.55	2707.51	2693.06	2680.18	2669.48	2661.71	2655.06	2647.06	2636.62	2621.73	2604.88	2596.18	2591.13	2579.44	2561.08	2542.48	2531.04	2524.03	2512.99	2491.25	2469.67	2458.11	2447.52	2447.49	2436.05	2408.79	2376.37	2362.17	2351.43	2337.57	2326.01	2315.52	2300.76	2282.48	2267.83	2251.08	2229.34	2208.04	2184.39	2153.97	2126.52	2092.28	2076.31	2064.47	2049.41	2035.24	2018.63	1993.80	1964.84	1929.55	1890.80	1842.34	1827.55	1813.99	1792.31	1767.20	1759.28	1749.53	1735.24	1667.87	1620.15	1587.43	1573.98	1562.58	1556.55	1550.57	1536.00	1522.14	1503.30	1481.51	1465.14	1452.03	1443.10	1431.73	1415.16	1395.59	1368.91	1321.98	1288.64	1272.22	1260.72	1243.06	1222.66	1209.06	1193.96	1176.38	1150.93	1113.28	1086.13	1068.27	1047.34	1027.37	1008.35	988.79	976.57	959.88	901.74	843.78	802.24	764.31	756.87	768.34	772.76	687.99	567.88	494.19	475.04	466.29	399.59	257.08	222.12	226.00	222.41	209.76					
3030.28	3029.21	3020.84	3015.64	3011.40	3014.34	3030.41	3043.07	3046.01	3046.20	3052.85	3057.14	3055.01	3048.51	3045.04	3046.84	3047.84	3048.05	3053.30	3058.62	3060.05	3062.78	3064.91	3070.32	3084.62	3096.37	3100.92	3101.46	3103.54	3112.40	3118.54	3120.55	3120.39	3122.49	3125.14	3127.60	3130.58	3132.39	3131.27	3131.96	3134.58	3137.60	3141.32	3143.91	3145.61	3146.82	3147.61	3148.26	3149.30	3149.95	3149.25	3149.76	3150.84	3151.49	3153.54	3154.69	3155.00	3155.21	3155.49	3155.14	3155.00	3154.84	3153.42	3152.16	3151.03	3148.67	3146.01	3144.86	3141.85	3137.40	3132.80	3128.57	3124.97	3121.77	3118.63	3114.17	3109.49	3105.65	3102.58	3097.64	3091.43	3084.76	3080.31	3079.56	3076.64	3073.67	3067.52	3060.99	3052.06	3044.16	3039.61	3030.80	3018.03	3011.95	3008.41	3000.34	2995.26	2995.80	2995.31	2990.38	2980.96	2967.45	2957.88	2952.96	2948.73	2947.26	2943.78	2936.51	2929.32	2924.34	2915.55	2904.24	2898.76	2891.38	2879.96	2872.68	2869.49	2864.79	2859.76	2853.87	2846.97	2844.59	2842.32	2836.35	2825.91	2813.82	2804.07	2798.03	2792.36	2784.32	2778.93	2774.94	2766.54	2754.18	2745.35	2737.58	2729.56	2719.77	2708.08	2693.42	2678.24	2665.65	2656.40	2649.30	2641.21	2631.42	2619.57	2603.19	2589.01	2581.29	2572.14	2551.31	2527.15	2519.97	2511.86	2493.25	2461.05	2441.92	2436.45	2435.41	2447.13	2435.19	2414.15	2381.42	2352.52	2338.88	2323.16	2310.71	2303.60	2296.94	2284.29	2271.65	2255.92	2234.44	2214.99	2165.26	2122.64	2107.93	2093.97	2081.87	2066.27	2054.96	2042.01	2011.36	1969.38	1928.90	1884.97	1847.03	1820.15	1794.94	1778.55	1766.25	1756.23	1733.32	1696.33	1683.38	1627.02	1601.90	1589.38	1580.72	1566.39	1560.15	1550.77	1528.74	1508.95	1490.55	1472.41	1457.94	1446.14	1437.19	1426.41	1412.93	1382.60	1331.19	1270.09	1249.70	1252.25	1247.14	1234.89	1215.02	1196.15	1179.73	1160.42	1139.21	1111.86	1083.74	1059.55	1041.73	1025.83	1008.94	998.10	990.98	970.61	936.00	879.34	803.85	756.12	815.94	888.13	816.67	691.96	555.96	509.32	500.83	482.89	405.98	288.17	228.25	221.23	218.07	209.82					
3032.43	3025.70	3018.17	3015.17	3015.11	3020.07	3032.09	3047.38	3050.43	3053.89	3061.50	3063.62	3061.81	3056.54	3052.33	3050.54	3050.80	3053.13	3061.88	3064.46	3064.89	3068.84	3075.76	3085.64	3097.11	3105.30	3110.35	3114.13	3117.76	3121.11	3125.07	3126.65	3126.59	3125.93	3124.48	3126.20	3130.70	3132.75	3131.82	3132.44	3136.35	3142.23	3147.41	3150.44	3152.04	3152.95	3154.07	3154.70	3155.03	3154.88	3154.18	3154.19	3153.89	3154.42	3156.59	3157.67	3157.30	3157.36	3157.97	3157.59	3156.77	3156.31	3154.96	3153.65	3152.50	3150.45	3147.29	3145.60	3143.16	3138.76	3132.78	3128.50	3125.59	3121.97	3116.85	3113.68	3110.95	3107.17	3102.70	3097.51	3092.28	3085.74	3080.85	3079.46	3075.29	3073.00	3069.08	3063.66	3056.56	3047.29	3041.73	3031.41	3018.70	3010.84	3003.48	2997.18	2994.92	2993.27	2990.68	2987.20	2979.06	2966.51	2957.65	2952.66	2950.80	2948.87	2944.42	2937.07	2928.13	2920.47	2909.64	2898.44	2891.97	2883.88	2879.95	2877.07	2870.89	2865.14	2859.02	2849.53	2842.97	2840.50	2838.27	2831.38	2822.44	2814.20	2806.74	2797.93	2789.96	2781.04	2775.04	2770.80	2762.26	2750.84	2740.07	2731.96	2724.51	2716.36	2704.72	2691.20	2675.44	2660.22	2649.86	2642.62	2634.86	2625.97	2614.70	2599.93	2582.61	2568.68	2557.52	2540.06	2512.84	2495.48	2475.35	2456.89	2439.48	2422.90	2420.91	2422.17	2427.44	2431.43	2424.70	2383.95	2343.34	2324.51	2298.18	2286.39	2288.74	2288.53	2282.75	2276.12	2263.11	2239.70	2201.63	2126.36	2082.13	2089.84	2094.01	2068.59	2049.74	2048.62	2034.71	1988.47	1933.71	1896.61	1856.86	1822.26	1801.79	1763.54	1740.39	1733.73	1740.11	1716.00	1647.39	1633.76	1615.24	1599.47	1592.19	1581.97	1570.67	1562.35	1548.82	1524.33	1502.11	1484.62	1471.58	1456.66	1435.88	1422.50	1406.66	1386.15	1356.45	1309.82	1249.55	1238.65	1247.17	1242.07	1227.03	1201.04	1176.04	1158.26	1144.69	1129.09	1112.91	1085.22	1052.17	1032.26	1017.12	1005.45	1001.22	993.59	978.53	966.04	926.32	882.22	855.81	967.67	1108.25	989.23	729.90	575.23	541.74	525.11	466.01	362.66	276.81	226.20	221.80	221.18	216.06					
3030.11	3021.69	3020.17	3026.60	3033.61	3029.06	3031.97	3048.72	3057.63	3062.86	3066.58	3068.28	3065.93	3063.10	3061.47	3058.89	3056.59	3060.60	3069.98	3071.90	3074.60	3079.59	3086.62	3096.00	3104.97	3111.88	3115.26	3118.41	3121.52	3123.32	3125.67	3125.93	3124.23	3123.63	3125.25	3128.52	3132.58	3132.98	3129.66	3130.38	3136.89	3144.62	3150.37	3154.17	3156.22	3156.97	3157.78	3157.79	3157.35	3156.48	3156.00	3156.03	3155.94	3156.37	3158.25	3158.83	3158.97	3159.81	3160.05	3159.62	3158.75	3157.45	3156.46	3154.73	3153.70	3151.50	3148.70	3146.56	3144.39	3139.23	3133.31	3129.42	3127.05	3121.74	3115.54	3113.82	3112.21	3108.07	3102.12	3096.76	3093.41	3087.11	3081.41	3079.23	3075.22	3072.82	3071.57	3067.24	3060.70	3048.91	3039.95	3029.13	3018.06	3009.21	2998.14	2992.69	2993.68	2993.38	2988.00	2982.13	2973.89	2965.75	2958.95	2952.04	2951.39	2949.96	2943.38	2936.08	2926.13	2916.25	2905.34	2893.18	2885.93	2882.17	2883.31	2879.56	2869.70	2863.72	2859.29	2847.06	2838.89	2836.44	2834.70	2828.89	2821.97	2814.45	2807.61	2797.88	2788.17	2779.21	2771.10	2765.49	2758.74	2750.67	2739.12	2728.45	2719.01	2710.91	2699.16	2686.33	2670.49	2654.31	2645.26	2638.26	2629.84	2621.00	2610.45	2595.90	2576.89	2559.09	2542.59	2519.84	2483.43	2462.78	2448.47	2443.89	2438.41	2410.81	2411.56	2413.48	2414.41	2411.48	2401.53	2366.22	2328.97	2309.27	2280.73	2273.54	2278.74	2278.08	2275.28	2272.62	2260.35	2230.65	2170.76	2113.85	2088.23	2086.69	2069.50	2032.87	2001.48	2009.82	1999.05	1969.41	1934.99	1875.82	1823.15	1799.92	1785.59	1751.82	1733.55	1722.99	1723.80	1718.91	1671.47	1642.74	1623.90	1601.50	1588.61	1573.91	1564.71	1559.12	1545.86	1524.63	1502.96	1485.81	1470.58	1453.02	1426.54	1411.29	1392.01	1365.53	1342.79	1309.01	1257.94	1247.80	1242.73	1240.39	1220.46	1189.08	1160.90	1149.33	1144.02	1132.02	1116.45	1086.03	1048.13	1022.73	1004.39	1011.99	999.60	979.30	971.98	935.78	915.88	974.56	951.04	1048.19	1216.32	1011.71	720.06	536.97	552.52	519.69	461.48	274.83	249.74	231.19	221.82	221.45	216.63					
3027.92	3024.40	3032.26	3043.20	3050.39	3044.82	3046.39	3059.50	3067.52	3070.37	3068.55	3068.76	3067.79	3066.24	3066.00	3065.31	3065.18	3072.17	3081.52	3085.98	3089.85	3092.83	3096.84	3102.05	3109.30	3115.57	3119.03	3120.86	3123.81	3126.51	3128.37	3127.27	3123.30	3123.54	3128.42	3132.47	3135.47	3133.32	3129.45	3132.69	3140.84	3147.77	3152.39	3156.11	3158.57	3159.19	3158.99	3159.07	3158.83	3157.43	3156.80	3158.27	3159.49	3160.50	3160.65	3160.92	3161.28	3162.18	3161.89	3161.11	3160.15	3159.18	3158.10	3155.95	3154.36	3152.10	3149.98	3147.67	3145.08	3139.96	3134.37	3130.79	3127.59	3120.87	3115.19	3114.72	3112.94	3108.40	3101.76	3097.04	3093.86	3087.86	3081.10	3078.87	3075.79	3072.53	3072.25	3068.84	3062.01	3049.40	3037.96	3027.46	3017.32	3005.89	2992.11	2988.32	2992.49	2992.52	2986.60	2978.91	2970.49	2964.61	2958.03	2950.46	2950.17	2949.70	2943.04	2934.81	2923.09	2912.27	2902.04	2888.98	2881.45	2881.82	2883.81	2878.89	2866.75	2860.88	2857.38	2844.77	2834.50	2832.68	2833.03	2828.14	2821.42	2813.32	2804.23	2793.95	2786.88	2779.62	2769.79	2761.96	2755.85	2749.69	2738.28	2725.90	2714.76	2705.80	2692.67	2678.66	2664.88	2650.27	2642.84	2636.03	2626.54	2616.30	2606.87	2589.93	2569.76	2553.77	2536.11	2502.56	2458.82	2447.26	2439.36	2432.54	2429.11	2411.34	2414.53	2410.18	2406.32	2386.88	2365.78	2341.28	2317.56	2298.01	2273.00	2265.81	2266.39	2263.97	2257.00	2254.05	2247.84	2210.75	2158.95	2127.80	2090.36	2061.95	2029.00	1995.98	1985.15	1982.58	1969.31	1956.39	1935.98	1881.90	1833.65	1807.18	1779.02	1749.10	1738.49	1727.76	1710.86	1705.66	1679.27	1648.97	1623.98	1602.18	1582.03	1565.82	1561.53	1556.78	1546.05	1529.38	1507.32	1485.47	1466.79	1449.02	1423.22	1403.46	1384.99	1358.63	1334.92	1301.03	1264.11	1242.82	1222.64	1230.92	1211.33	1178.35	1154.34	1144.55	1142.53	1132.66	1111.94	1077.71	1039.06	1013.94	987.74	998.91	978.62	962.09	955.96	896.74	896.82	992.30	952.84	991.79	1111.92	963.74	686.88	572.50	554.79	611.06	654.15	420.32	257.19	230.72	218.80	217.19	215.00					
3032.38	3041.44	3055.74	3063.35	3069.10	3070.38	3072.27	3077.36	3078.89	3075.47	3069.21	3066.29	3066.80	3069.24	3071.10	3072.27	3077.82	3090.00	3100.81	3108.59	3108.70	3107.39	3110.44	3112.91	3116.64	3118.50	3120.05	3122.75	3128.25	3132.05	3132.28	3129.28	3127.80	3132.04	3138.40	3140.58	3139.53	3134.35	3133.49	3141.07	3147.94	3152.51	3155.29	3157.26	3158.88	3159.00	3159.00	3159.77	3161.07	3161.35	3162.26	3163.87	3165.04	3165.48	3164.61	3164.57	3164.83	3165.05	3164.32	3163.14	3161.25	3160.11	3158.97	3156.70	3154.86	3153.12	3151.08	3148.51	3146.27	3141.63	3136.89	3132.35	3127.82	3120.56	3115.67	3116.00	3114.10	3108.67	3101.81	3098.30	3094.72	3088.28	3081.28	3079.10	3077.11	3071.83	3068.84	3066.38	3061.10	3050.15	3038.68	3031.14	3022.65	3006.51	2988.61	2987.81	2992.59	2992.61	2986.80	2978.27	2969.03	2962.84	2954.61	2946.95	2944.34	2944.32	2940.43	2931.30	2918.80	2907.89	2896.57	2884.24	2880.26	2882.92	2883.62	2878.64	2864.76	2855.84	2851.30	2839.56	2829.47	2826.60	2828.64	2824.94	2818.24	2809.08	2796.43	2786.24	2783.72	2779.18	2767.86	2757.84	2748.92	2742.96	2735.81	2726.28	2713.85	2698.84	2680.64	2666.01	2655.83	2646.56	2640.28	2631.77	2619.91	2608.84	2597.24	2579.75	2562.41	2549.51	2529.39	2495.10	2457.25	2444.91	2431.70	2413.86	2413.91	2414.53	2414.23	2403.58	2391.62	2370.34	2331.45	2316.06	2306.26	2284.07	2260.14	2250.86	2243.28	2243.43	2236.53	2224.11	2217.75	2189.95	2169.12	2139.37	2092.91	2072.54	2028.61	1963.44	1941.14	1960.70	1951.41	1925.95	1915.64	1897.06	1869.27	1831.80	1777.35	1754.78	1758.85	1753.57	1716.30	1699.50	1686.25	1652.80	1625.60	1600.76	1571.49	1559.77	1563.44	1556.32	1544.17	1526.17	1500.47	1476.52	1461.03	1445.90	1415.64	1385.47	1368.88	1343.06	1321.56	1294.11	1264.70	1230.76	1204.53	1212.52	1194.25	1167.42	1148.84	1133.46	1127.50	1118.33	1107.73	1077.08	1021.35	1007.88	966.32	955.91	966.41	984.97	935.40	857.99	887.14	971.73	847.77	806.34	848.90	769.41	620.71	594.00	600.23	722.34	786.83	507.19	283.72	236.72	219.45	210.48						
3043.02	3054.66	3067.94	3075.63	3082.18	3085.38	3085.99	3087.77	3086.40	3079.36	3072.66	3069.13	3067.11	3070.10	3076.18	3082.61	3092.70	3105.06	3113.14	3117.85	3118.91	3119.41	3122.10	3120.96	3118.00	3115.44	3115.51	3122.05	3127.93	3130.49	3129.60	3128.34	3130.78	3138.26	3145.26	3148.02	3144.64	3139.90	3141.49	3147.88	3153.56	3158.09	3161.20	3161.72	3160.37	3158.90	3159.61	3161.24	3163.16	3165.55	3168.67	3169.78	3170.49	3170.29	3168.55	3166.67	3166.07	3166.51	3167.29	3166.56	3163.71	3161.38	3159.30	3156.71	3154.63	3153.36	3151.14	3149.38	3146.78	3142.14	3138.66	3133.51	3129.05	3123.77	3118.23	3117.11	3114.77	3108.94	3103.50	3099.60	3094.17	3087.94	3082.65	3080.05	3078.00	3070.22	3064.26	3062.68	3058.10	3045.09	3036.49	3033.91	3027.42	3008.20	2989.39	2991.72	2993.54	2993.92	2988.63	2979.21	2967.63	2959.43	2950.05	2942.52	2938.54	2939.59	2936.77	2928.56	2919.15	2905.41	2889.93	2880.56	2882.20	2884.30	2881.06	2876.32	2863.41	2851.09	2842.14	2832.82	2827.14	2824.16	2822.82	2820.22	2814.06	2804.47	2789.12	2779.12	2777.17	2772.72	2762.86	2753.64	2744.31	2737.41	2733.07	2726.01	2712.30	2693.07	2671.50	2656.76	2649.25	2645.32	2639.71	2626.27	2610.42	2599.58	2588.27	2575.27	2559.65	2545.45	2516.13	2485.28	2463.36	2437.20	2435.85	2414.25	2413.06	2412.53	2407.32	2397.67	2378.15	2349.57	2313.88	2304.40	2295.44	2268.52	2247.12	2240.23	2226.50	2227.97	2232.05	2218.44	2207.97	2192.82	2190.75	2170.90	2141.58	2128.43	2070.97	1893.55	1840.92	1980.54	1996.89	1927.25	1890.18	1880.10	1852.35	1793.71	1761.49	1766.98	1780.49	1777.49	1741.01	1724.38	1699.89	1656.77	1632.05	1603.15	1573.43	1564.66	1566.82	1554.75	1538.16	1516.31	1485.92	1462.91	1450.79	1434.87	1401.03	1371.59	1361.78	1335.18	1321.23	1295.14	1269.14	1238.98	1210.55	1211.32	1203.35	1176.10	1148.90	1121.30	1115.11	1110.95	1113.88	1088.87	992.11	972.27	957.81	946.10	982.32	1011.96	919.38	852.96	892.53	922.00	788.09	697.72	692.46	653.86	630.60	618.52	585.70	575.81	519.90	298.72	233.94	245.82	225.41	211.06						
3059.36	3064.56	3072.80	3081.56	3088.70	3094.42	3097.78	3098.82	3095.55	3087.44	3080.18	3077.34	3078.89	3080.99	3081.54	3090.60	3103.81	3115.40	3120.95	3123.43	3125.72	3128.60	3127.97	3123.28	3119.86	3116.72	3119.11	3128.43	3130.09	3125.89	3127.85	3133.57	3136.60	3142.28	3147.98	3151.24	3149.43	3148.08	3151.26	3154.32	3158.58	3164.03	3166.67	3166.72	3165.39	3164.40	3164.40	3165.78	3167.40	3169.82	3172.58	3173.26	3173.90	3175.19	3173.51	3170.61	3169.09	3168.78	3169.42	3169.21	3166.81	3163.58	3160.78	3157.45	3154.63	3152.55	3150.93	3149.57	3146.97	3142.47	3138.64	3134.47	3131.71	3128.72	3122.71	3119.14	3116.01	3110.82	3106.03	3099.03	3093.05	3087.44	3083.40	3080.22	3077.06	3068.59	3062.79	3060.79	3054.47	3039.16	3032.60	3031.23	3024.92	3008.25	2991.17	2989.72	2992.38	2993.70	2989.19	2980.87	2968.76	2957.21	2947.87	2939.70	2937.38	2938.90	2935.54	2928.68	2919.97	2902.09	2883.48	2877.35	2880.16	2882.17	2876.26	2869.88	2859.39	2845.57	2834.15	2827.95	2825.94	2823.55	2817.34	2814.81	2809.51	2799.59	2782.92	2774.42	2770.24	2764.76	2758.20	2750.24	2740.72	2733.43	2728.04	2721.30	2708.51	2690.11	2666.73	2652.43	2645.87	2641.94	2635.43	2617.47	2602.51	2594.25	2584.93	2576.28	2560.28	2542.67	2516.01	2489.13	2467.65	2437.61	2432.25	2418.23	2409.65	2405.39	2396.18	2384.51	2365.30	2332.43	2301.19	2294.70	2285.51	2257.75	2242.08	2238.45	2225.42	2223.87	2219.23	2207.44	2200.98	2195.45	2190.78	2170.28	2173.18	2149.88	2090.28	1939.43	1902.53	2036.57	2079.11	1943.63	1873.65	1875.75	1843.93	1778.11	1756.83	1786.26	1795.63	1791.68	1762.65	1743.09	1710.55	1661.47	1632.73	1608.07	1585.12	1577.80	1572.16	1554.01	1532.20	1512.24	1486.42	1460.77	1425.94	1393.49	1371.89	1366.82	1358.89	1331.53	1316.87	1293.90	1273.67	1241.17	1210.26	1205.91	1198.44	1160.92	1133.48	1113.76	1105.59	1093.71	1085.33	1058.11	961.44	936.26	941.47	934.28	937.06	936.59	883.89	840.96	865.13	840.43	755.90	712.56	702.18	688.37	684.22	666.99	592.02	431.05	264.37	167.73	239.31	263.62	242.51							
3080.18	3081.76	3085.34	3089.20	3091.89	3095.37	3101.63	3103.68	3101.04	3096.51	3093.97	3095.91	3100.84	3103.26	3101.30	3105.06	3112.01	3117.03	3119.56	3123.35	3124.30	3126.30	3128.80	3128.34	3133.94	3134.65	3138.54	3141.34	3139.76	3139.64	3145.43	3147.67	3146.80	3149.85	3153.34	3153.79	3150.89	3150.98	3154.01	3156.94	3162.18	3167.40	3169.22	3170.06	3170.69	3172.05	3172.85	3174.41	3175.34	3176.25	3176.65	3176.15	3177.06	3178.67	3178.39	3176.51	3174.85	3172.85	3171.73	3171.25	3169.76	3166.76	3164.22	3161.38	3156.51	3152.04	3150.10	3148.31	3145.59	3142.19	3137.92	3135.50	3134.66	3132.02	3127.51	3122.84	3117.72	3111.55	3104.43	3097.33	3093.00	3088.54	3084.90	3081.87	3074.07	3067.27	3063.25	3057.11	3051.02	3039.54	3031.29	3025.16	3017.84	3009.79	2997.48	2990.17	2991.38	2991.17	2987.39	2981.21	2971.60	2959.12	2947.14	2936.74	2935.60	2936.50	2932.93	2926.15	2914.10	2894.22	2880.14	2874.76	2873.33	2876.44	2873.40	2866.13	2857.14	2843.76	2830.81	2824.88	2824.35	2821.03	2812.47	2808.13	2804.73	2796.66	2780.59	2775.18	2770.96	2763.49	2756.13	2747.59	2738.15	2731.49	2725.51	2719.54	2706.80	2689.97	2664.55	2648.40	2641.76	2633.03	2625.82	2610.32	2598.51	2593.32	2587.11	2579.18	2564.45	2547.91	2531.58	2501.17	2465.10	2431.11	2421.18	2413.14	2392.49	2384.75	2380.21	2370.66	2356.24	2325.57	2295.80	2294.41	2287.67	2265.00	2251.75	2243.34	2229.80	2218.95	2208.58	2202.23	2198.90	2187.12	2159.81	2137.96	2139.82	2131.22	2116.94	2081.57	2051.68	2065.21	2042.11	1897.04	1839.74	1869.26	1847.09	1808.08	1803.46	1808.99	1812.76	1796.33	1752.81	1724.83	1713.46	1672.48	1636.99	1616.13	1602.98	1595.77	1582.41	1558.19	1527.08	1511.72	1508.60	1485.32	1428.48	1373.49	1345.11	1341.46	1340.21	1334.33	1317.17	1297.83	1271.97	1208.32	1177.37	1188.86	1169.45	1126.73	1112.14	1102.19	1090.51	1073.56	1052.46	1021.87	962.80	930.60	926.53	914.59	893.87	863.86	851.63	832.96	808.18	772.05	738.57	730.02	723.57	711.54	704.78	703.28	652.76	508.20	338.67	281.21	279.20	285.99	286.40							
3096.83	3098.85	3103.44	3105.50	3103.76	3103.99	3106.68	3106.07	3102.87	3103.57	3106.97	3110.55	3113.19	3113.75	3115.40	3116.31	3115.97	3114.01	3114.71	3120.09	3121.69	3126.82	3134.66	3139.79	3145.51	3147.41	3151.16	3150.93	3152.96	3161.36	3164.06	3157.02	3156.65	3160.18	3158.87	3152.71	3145.73	3147.57	3152.79	3156.35	3163.32	3167.54	3167.89	3169.29	3172.30	3175.71	3177.72	3179.50	3180.05	3180.72	3181.55	3181.18	3181.61	3183.01	3183.27	3182.40	3179.59	3176.09	3174.45	3173.95	3172.78	3169.78	3167.43	3165.13	3159.52	3153.65	3149.97	3147.12	3143.03	3139.57	3138.28	3136.43	3134.66	3132.28	3129.12	3124.44	3118.65	3109.72	3101.96	3097.99	3094.37	3090.34	3085.82	3082.40	3072.20	3067.44	3064.87	3055.59	3048.15	3040.83	3032.51	3023.56	3015.19	3011.78	3004.90	2996.31	2992.07	2988.45	2985.65	2981.22	2973.58	2961.22	2943.65	2931.76	2930.48	2930.14	2926.40	2920.20	2908.02	2891.62	2882.80	2872.27	2867.02	2873.28	2873.93	2866.31	2858.89	2846.98	2830.66	2822.61	2822.75	2818.79	2808.21	2801.53	2800.33	2794.57	2781.10	2776.75	2773.07	2764.22	2753.11	2743.75	2734.93	2729.16	2723.24	2718.47	2706.11	2686.10	2660.41	2642.10	2629.56	2619.70	2614.19	2607.28	2600.89	2593.38	2586.45	2578.70	2563.08	2547.43	2532.59	2504.00	2475.97	2430.38	2406.13	2408.14	2393.87	2382.80	2374.33	2359.03	2339.61	2318.70	2302.39	2301.09	2296.47	2277.42	2258.32	2246.52	2232.15	2213.65	2198.09	2194.27	2197.97	2183.93	2146.26	2125.88	2116.77	2108.56	2097.68	2084.06	2071.95	2056.18	2020.72	1926.65	1904.91	1871.98	1830.35	1825.11	1827.23	1829.35	1833.32	1811.92	1766.01	1702.05	1678.57	1666.21	1641.49	1627.04	1618.13	1609.39	1593.91	1565.11	1530.80	1523.19	1541.47	1502.62	1435.74	1388.64	1361.48	1339.62	1333.17	1341.24	1329.95	1314.01	1251.37	1167.90	1147.25	1157.72	1142.19	1120.90	1112.15	1089.77	1060.54	1047.79	1022.61	982.37	956.25	938.93	926.64	909.12	886.91	838.28	814.11	811.03	786.96	764.21	750.64	738.89	720.02	702.75	697.18	695.80	602.55	432.33	381.15	319.97	297.53	290.65	287.50							
3106.93	3109.73	3113.30	3113.85	3112.62	3112.25	3112.76	3110.62	3106.57	3108.03	3111.57	3112.88	3115.68	3119.58	3122.88	3123.46	3122.65	3119.60	3115.52	3114.76	3121.61	3131.67	3138.59	3144.79	3149.29	3152.93	3157.10	3157.94	3160.35	3165.73	3165.17	3161.36	3165.43	3167.37	3164.32	3162.91	3162.49	3164.23	3165.61	3165.24	3168.97	3168.12	3165.02	3166.65	3172.63	3176.38	3178.62	3179.83	3181.61	3183.52	3185.05	3185.30	3185.31	3186.41	3187.15	3185.72	3182.16	3179.18	3177.60	3176.11	3173.99	3171.01	3168.99	3166.38	3161.66	3155.88	3151.14	3147.54	3142.83	3140.10	3139.76	3137.41	3134.11	3131.35	3128.23	3123.68	3119.16	3109.94	3102.97	3100.56	3097.09	3092.24	3085.65	3078.28	3068.97	3066.92	3065.16	3056.06	3049.29	3040.34	3030.30	3021.01	3012.59	3010.27	3006.76	3001.19	2994.72	2988.19	2986.70	2982.70	2972.93	2961.35	2939.98	2923.42	2922.03	2922.32	2921.59	2918.44	2906.62	2891.07	2882.52	2872.33	2864.97	2871.26	2872.80	2866.71	2859.53	2846.72	2828.80	2822.38	2822.27	2816.70	2805.90	2796.86	2793.51	2788.61	2781.49	2777.34	2770.95	2761.55	2746.14	2734.25	2727.15	2724.60	2718.15	2711.19	2698.85	2682.16	2662.87	2639.86	2622.52	2608.77	2605.23	2606.02	2601.81	2593.29	2581.15	2569.62	2554.89	2538.92	2525.14	2504.36	2485.38	2448.50	2407.88	2405.39	2401.12	2384.95	2372.19	2353.88	2321.88	2311.19	2313.16	2311.22	2305.18	2286.73	2264.66	2249.05	2232.17	2200.50	2177.43	2175.32	2171.49	2147.52	2108.92	2105.96	2100.32	2096.02	2077.73	2051.05	2044.97	2034.93	2006.60	1991.74	2019.95	1933.66	1832.75	1833.77	1836.33	1837.96	1836.10	1819.01	1782.97	1697.64	1662.82	1664.95	1648.13	1633.76	1621.88	1612.78	1602.65	1561.45	1524.39	1518.83	1533.70	1476.52	1412.02	1393.60	1388.88	1371.08	1340.53	1345.61	1340.13	1322.68	1240.57	1157.07	1138.08	1146.20	1136.24	1122.47	1103.57	1072.17	1044.05	1033.73	997.62	946.57	940.15	936.83	926.18	909.35	889.80	840.92	801.03	791.88	783.15	774.60	757.38	736.41	710.00	667.86	652.03	641.30	455.88	315.96	365.11	324.57	306.87	296.71	294.34							
3110.82	3113.84	3115.21	3115.51	3115.45	3115.00	3114.55	3113.68	3113.07	3113.01	3112.82	3114.93	3121.35	3126.12	3126.97	3127.71	3129.60	3128.03	3126.09	3127.82	3134.34	3139.80	3141.23	3142.13	3146.53	3153.07	3159.10	3161.32	3162.64	3164.88	3164.88	3167.15	3171.34	3170.48	3170.14	3175.01	3181.16	3183.13	3181.46	3180.09	3178.42	3173.97	3168.15	3167.18	3172.54	3176.03	3178.74	3180.75	3182.38	3184.17	3185.54	3186.76	3186.97	3187.06	3187.16	3186.62	3184.44	3182.33	3181.10	3179.11	3176.10	3172.19	3169.32	3166.42	3162.66	3156.84	3151.89	3148.02	3143.74	3141.02	3140.88	3138.96	3135.38	3131.98	3127.67	3122.68	3119.12	3111.32	3105.00	3103.41	3099.11	3093.60	3085.21	3073.86	3066.77	3066.14	3063.34	3056.86	3051.56	3036.45	3023.89	3017.57	3012.30	3011.84	3009.59	3005.33	3000.91	2991.19	2986.20	2982.43	2972.07	2960.63	2936.01	2916.74	2918.93	2920.36	2919.72	2916.12	2904.83	2889.45	2877.93	2871.59	2867.98	2871.05	2870.92	2866.06	2857.35	2841.53	2827.11	2824.02	2821.24	2814.46	2803.77	2793.16	2786.90	2781.51	2777.77	2775.01	2766.51	2755.12	2739.05	2725.59	2720.67	2719.27	2711.61	2701.24	2689.73	2681.52	2668.52	2641.73	2619.40	2604.81	2603.91	2605.42	2599.95	2595.06	2579.94	2557.14	2540.37	2522.60	2513.98	2503.23	2485.00	2458.22	2419.14	2394.13	2382.97	2371.86	2364.93	2359.28	2325.05	2312.22	2318.50	2314.87	2304.96	2284.18	2266.11	2252.34	2231.14	2184.44	2153.00	2154.57	2140.33	2110.55	2090.39	2096.26	2096.10	2094.03	2078.43	2045.28	2035.87	2027.20	2004.12	1990.16	1987.35	1921.57	1854.61	1851.04	1850.33	1839.92	1831.65	1815.01	1779.60	1704.34	1682.63	1676.73	1657.89	1638.51	1624.36	1616.15	1604.16	1544.40	1504.71	1494.41	1474.95	1434.84	1389.40	1374.12	1372.29	1355.70	1332.38	1316.26	1306.54	1297.29	1250.61	1179.39	1151.13	1148.30	1139.32	1121.97	1097.92	1072.33	1051.60	1032.99	988.34	925.14	931.04	936.25	927.01	914.30	903.88	873.81	820.64	783.76	770.57	770.19	754.88	729.75	695.32	651.35	638.76	588.90	368.40	224.01	336.26	330.76	320.17	309.66	298.56							
3119.61	3121.05	3121.38	3123.17	3122.90	3119.25	3116.52	3116.91	3120.07	3121.85	3122.96	3129.48	3135.58	3133.30	3129.27	3131.06	3134.19	3137.48	3142.63	3148.17	3149.79	3148.05	3142.32	3138.87	3145.03	3153.80	3160.77	3165.96	3167.49	3166.19	3167.64	3172.42	3174.67	3174.32	3176.94	3181.99	3185.78	3189.00	3189.54	3189.55	3188.09	3185.47	3181.26	3176.43	3174.99	3175.68	3180.81	3184.95	3187.26	3186.87	3185.30	3184.77	3185.54	3186.30	3187.02	3187.35	3187.00	3185.62	3184.52	3182.45	3180.02	3177.05	3173.07	3168.95	3164.06	3158.29	3153.50	3150.57	3145.62	3141.68	3141.64	3139.22	3135.59	3131.59	3127.28	3123.21	3119.22	3111.30	3106.94	3105.64	3100.55	3093.81	3084.03	3074.66	3070.92	3065.59	3060.22	3056.52	3050.57	3031.44	3019.24	3016.59	3014.69	3014.31	3013.48	3009.87	3006.53	2996.60	2986.58	2979.91	2972.00	2959.61	2930.84	2912.93	2923.50	2921.33	2915.56	2909.37	2900.77	2888.20	2876.32	2874.40	2873.37	2871.47	2867.69	2862.33	2852.59	2836.99	2828.99	2825.02	2819.18	2812.57	2801.03	2788.47	2780.91	2773.95	2769.93	2768.07	2760.43	2747.14	2735.78	2723.12	2716.30	2714.53	2706.66	2696.12	2686.24	2680.36	2668.43	2644.01	2616.87	2602.87	2602.34	2602.33	2596.26	2587.52	2568.73	2538.40	2521.53	2507.65	2501.25	2496.13	2480.12	2458.33	2420.67	2386.15	2378.03	2381.83	2379.89	2362.00	2331.82	2315.33	2320.01	2313.98	2300.60	2279.46	2259.34	2244.46	2220.52	2178.08	2148.07	2131.96	2108.63	2090.47	2092.19	2095.48	2091.66	2086.68	2079.29	2061.02	2038.51	2018.74	1999.41	1974.10	1923.58	1888.31	1878.73	1872.45	1863.07	1844.27	1826.14	1797.07	1760.74	1712.80	1702.61	1688.69	1664.17	1638.01	1624.15	1617.38	1599.92	1541.86	1503.09	1488.25	1455.89	1423.63	1386.77	1364.91	1354.70	1344.04	1323.76	1289.30	1260.97	1243.77	1211.54	1177.18	1158.07	1149.11	1136.66	1120.40	1103.01	1080.18	1051.78	1031.59	992.14	924.08	925.17	939.45	933.22	926.66	915.56	882.21	812.67	769.08	762.37	761.46	750.67	723.75	675.56	625.85	607.47	541.05	354.69	274.09	344.43	333.34	329.51	326.70	307.44	283.71						
3129.30	3130.60	3129.75	3129.39	3127.16	3122.51	3119.02	3119.18	3123.14	3126.57	3129.97	3136.17	3138.95	3135.25	3131.72	3135.52	3139.85	3146.98	3152.65	3156.00	3155.28	3149.84	3145.48	3148.26	3155.14	3160.82	3164.62	3169.85	3173.26	3171.83	3170.89	3173.36	3176.07	3178.93	3182.47	3186.44	3188.98	3191.38	3192.16	3193.15	3193.89	3192.64	3191.00	3188.70	3185.72	3183.32	3185.82	3188.38	3190.54	3190.48	3188.45	3186.56	3186.39	3187.68	3189.42	3190.05	3189.60	3188.64	3187.38	3185.17	3183.43	3182.18	3178.55	3173.24	3167.13	3161.51	3157.60	3154.67	3149.77	3145.31	3144.57	3139.69	3133.22	3130.02	3127.38	3125.90	3120.64	3111.00	3107.07	3105.68	3099.66	3090.89	3082.75	3077.78	3074.36	3066.10	3059.37	3056.04	3049.22	3029.29	3016.20	3015.20	3015.89	3015.06	3015.78	3012.03	3007.74	3001.43	2989.90	2978.43	2969.43	2957.31	2924.72	2907.36	2916.38	2915.43	2911.61	2906.18	2898.41	2886.07	2878.08	2878.80	2875.23	2869.90	2864.15	2858.93	2848.14	2833.62	2828.62	2823.35	2816.45	2808.86	2795.02	2784.11	2777.30	2767.88	2759.89	2759.03	2755.26	2746.16	2738.46	2724.99	2711.60	2708.86	2704.38	2695.20	2683.66	2676.40	2663.29	2643.12	2618.65	2603.08	2602.42	2601.99	2592.88	2577.55	2556.37	2527.28	2503.25	2495.56	2491.77	2485.24	2474.34	2453.22	2416.88	2395.09	2391.47	2395.43	2392.73	2366.27	2341.65	2326.05	2323.48	2317.39	2304.36	2285.20	2261.52	2237.08	2209.23	2178.70	2153.57	2127.79	2099.27	2086.81	2096.28	2093.94	2084.66	2074.81	2060.07	2048.70	2034.45	2012.38	1986.58	1965.49	1921.09	1889.84	1884.44	1877.40	1861.15	1843.29	1821.45	1788.33	1750.11	1722.38	1714.62	1699.85	1663.74	1628.34	1623.28	1617.36	1594.55	1548.22	1517.47	1495.86	1457.01	1421.12	1396.31	1381.46	1368.92	1350.98	1322.93	1286.24	1256.18	1224.62	1182.46	1162.00	1157.98	1146.98	1131.21	1119.01	1106.59	1074.85	1035.87	1023.82	999.68	942.44	929.88	935.76	927.66	916.50	903.31	874.93	819.39	786.84	774.07	763.13	747.25	716.81	653.28	593.07	571.34	545.19	475.45	383.55	337.13	321.84	333.23	347.34	338.89	309.45	297.72					204.64
3134.57	3136.91	3137.21	3133.12	3127.94	3125.14	3123.28	3122.10	3125.38	3129.55	3132.85	3135.97	3136.81	3134.65	3134.24	3140.65	3148.42	3156.18	3160.55	3161.80	3159.53	3156.41	3159.22	3166.16	3170.43	3171.35	3171.86	3174.17	3177.53	3178.68	3176.47	3175.86	3178.22	3182.09	3185.92	3188.66	3189.87	3190.43	3189.87	3191.63	3194.51	3196.60	3197.43	3197.66	3196.56	3195.11	3193.77	3191.23	3191.93	3194.86	3196.68	3195.64	3193.37	3193.38	3194.76	3194.16	3192.31	3191.18	3189.65	3187.11	3185.30	3184.08	3180.55	3174.09	3167.67	3163.13	3160.22	3157.64	3154.42	3149.59	3146.74	3140.44	3131.30	3128.86	3128.21	3126.84	3122.81	3112.91	3107.39	3104.69	3095.48	3086.77	3083.43	3080.80	3075.01	3066.17	3060.07	3055.84	3046.89	3026.03	3013.60	3013.74	3016.78	3014.20	3014.50	3012.24	3006.27	2999.35	2990.45	2980.18	2969.52	2956.89	2921.35	2901.96	2900.54	2907.25	2911.45	2907.47	2897.64	2883.45	2878.79	2880.10	2875.09	2868.57	2861.10	2855.66	2844.21	2830.24	2824.86	2819.80	2811.64	2800.56	2788.19	2780.11	2772.40	2761.65	2752.86	2751.33	2749.49	2744.86	2737.75	2722.83	2707.07	2702.06	2699.69	2690.18	2678.26	2669.72	2655.26	2637.67	2620.20	2606.76	2605.54	2604.34	2592.37	2570.57	2547.63	2517.55	2482.67	2482.88	2482.12	2476.28	2468.21	2449.55	2424.89	2411.51	2404.13	2406.03	2400.76	2374.69	2351.38	2338.00	2327.65	2322.34	2311.70	2295.52	2273.56	2244.12	2221.68	2197.33	2178.87	2155.71	2121.39	2091.35	2087.76	2086.91	2076.26	2057.91	2035.83	2026.02	2020.95	2004.11	1977.99	1957.25	1933.57	1908.12	1885.17	1868.49	1854.26	1836.45	1808.96	1781.28	1743.02	1724.46	1716.69	1704.51	1665.88	1629.53	1626.26	1610.82	1583.26	1551.78	1522.65	1483.97	1444.15	1420.76	1412.04	1396.00	1375.59	1356.72	1321.08	1287.29	1258.56	1223.31	1176.30	1161.84	1158.82	1144.84	1128.33	1114.71	1097.86	1053.76	1025.39	1027.82	1001.99	970.47	950.44	925.93	897.27	890.47	890.88	891.31	860.43	818.52	789.84	766.96	737.75	707.96	630.08	566.55	573.02	569.35	512.50	426.19	376.62	342.63	341.43	330.59	305.22	289.20	295.28				256.84	246.58
3138.50	3139.80	3139.19	3134.10	3128.64	3127.64	3128.44	3129.15	3131.75	3133.69	3134.07	3134.96	3136.53	3135.86	3141.25	3152.38	3158.47	3162.16	3165.07	3166.85	3170.39	3174.63	3178.74	3180.52	3181.26	3180.99	3179.88	3179.40	3180.48	3182.09	3182.49	3182.05	3182.08	3183.45	3187.21	3189.42	3190.38	3190.76	3191.28	3193.45	3195.57	3198.14	3201.82	3204.10	3204.35	3203.33	3200.24	3196.95	3196.87	3199.07	3202.10	3201.99	3199.80	3198.68	3199.07	3198.01	3195.34	3193.45	3191.56	3189.10	3187.35	3185.61	3181.99	3175.34	3168.68	3163.83	3160.00	3159.19	3157.86	3152.38	3145.41	3138.73	3131.43	3129.51	3128.64	3126.27	3122.01	3112.25	3106.59	3103.41	3093.70	3086.81	3085.94	3081.98	3074.18	3063.94	3058.71	3055.96	3046.98	3026.70	3016.42	3015.77	3017.07	3012.21	3010.55	3009.76	3004.06	2997.05	2990.46	2981.19	2970.81	2962.60	2941.15	2921.33	2901.36	2903.28	2910.08	2908.46	2897.25	2881.25	2876.06	2877.82	2873.69	2867.76	2859.98	2851.99	2841.22	2828.96	2821.72	2814.41	2802.88	2792.57	2784.64	2774.93	2766.39	2759.85	2755.69	2750.16	2745.25	2739.94	2731.92	2718.95	2706.43	2697.76	2691.88	2684.00	2674.67	2663.43	2648.17	2633.17	2619.15	2610.99	2607.31	2601.87	2589.99	2569.70	2541.67	2507.77	2478.17	2478.75	2474.43	2467.74	2459.90	2447.29	2429.38	2414.15	2408.46	2406.79	2397.79	2379.73	2363.63	2348.59	2331.49	2324.11	2315.87	2302.68	2282.96	2253.22	2233.70	2215.44	2200.56	2184.79	2156.65	2116.89	2094.43	2082.04	2062.80	2041.86	2021.72	2012.17	2006.99	1994.30	1971.35	1953.44	1940.87	1921.46	1893.12	1864.01	1846.56	1826.26	1798.33	1774.44	1742.78	1727.57	1710.76	1696.61	1682.10	1665.33	1642.33	1600.49	1566.31	1548.08	1523.76	1481.43	1446.84	1433.70	1421.15	1398.10	1380.50	1365.84	1331.87	1296.12	1256.83	1211.53	1181.02	1177.97	1167.78	1150.44	1132.38	1112.55	1087.57	1050.03	1032.42	1026.18	1003.25	979.46	951.80	907.13	872.84	881.16	876.91	876.37	860.95	827.39	798.65	768.72	728.77	704.63	624.09	558.05	587.69	583.60	528.23	480.03	483.53	443.42	390.79	337.27	284.81	271.02	289.89			322.00	313.03	349.65
3139.38	3139.17	3139.64	3137.40	3134.04	3132.71	3134.63	3138.99	3140.98	3137.68	3133.91	3137.08	3141.98	3142.76	3151.78	3164.70	3171.63	3175.26	3176.54	3179.14	3183.58	3185.38	3187.56	3188.88	3188.41	3187.37	3184.40	3182.04	3182.30	3184.65	3186.77	3187.38	3186.99	3186.50	3187.83	3190.60	3194.31	3196.86	3198.70	3200.05	3199.92	3200.94	3203.60	3206.52	3208.65	3208.36	3206.32	3206.22	3205.45	3203.79	3204.43	3205.18	3203.70	3202.45	3202.31	3201.06	3197.90	3194.78	3193.64	3192.26	3190.61	3188.50	3184.61	3179.21	3173.53	3167.29	3161.03	3160.24	3160.50	3154.61	3145.02	3136.76	3133.75	3132.72	3130.18	3126.46	3119.92	3111.09	3108.06	3103.41	3093.41	3088.18	3086.62	3082.31	3076.06	3065.43	3054.71	3051.64	3046.59	3028.39	3019.92	3019.11	3018.27	3011.01	3004.52	3005.24	3003.83	2997.74	2991.72	2980.69	2967.38	2958.91	2948.49	2933.41	2907.53	2901.35	2909.65	2908.35	2896.86	2879.06	2872.31	2872.47	2869.37	2865.41	2858.07	2849.06	2838.63	2826.33	2815.45	2804.58	2793.33	2787.83	2782.55	2773.15	2767.14	2763.80	2760.03	2752.00	2742.33	2734.62	2727.53	2718.47	2708.54	2697.18	2686.46	2679.50	2672.20	2660.39	2644.60	2632.36	2623.32	2616.18	2608.05	2598.32	2585.24	2567.71	2539.08	2510.16	2498.00	2491.16	2470.57	2462.06	2460.19	2452.05	2436.97	2421.51	2411.25	2399.35	2384.41	2372.24	2364.97	2351.32	2335.17	2328.85	2320.35	2307.64	2287.30	2261.17	2236.87	2217.45	2201.91	2182.95	2163.87	2139.93	2104.97	2072.31	2044.10	2034.68	2019.16	2006.85	1997.82	1988.25	1973.60	1958.12	1943.26	1924.22	1900.01	1866.26	1838.14	1812.13	1787.56	1770.39	1750.85	1735.48	1708.17	1682.15	1676.77	1672.72	1629.96	1573.90	1541.79	1536.09	1523.51	1487.54	1448.43	1435.21	1416.39	1393.48	1380.68	1368.31	1343.93	1314.41	1271.22	1212.27	1188.28	1189.09	1176.20	1157.35	1138.38	1111.49	1086.81	1076.53	1058.16	1028.86	1006.66	983.28	944.66	903.89	885.04	883.65	859.92	839.87	831.65	816.83	797.22	765.49	711.82	689.28	627.94	580.93	593.46	572.40	517.18	507.91	532.92	510.34	468.37	423.63	401.07	401.57	395.43	498.19	678.49	430.84	306.84	392.68
3137.48	3139.01	3143.57	3145.74	3146.00	3145.77	3144.76	3147.25	3146.02	3139.94	3137.82	3142.54	3147.17	3152.61	3163.71	3174.36	3183.35	3188.19	3189.29	3189.79	3191.02	3190.91	3192.11	3194.30	3193.74	3192.64	3189.97	3186.79	3185.95	3188.35	3190.24	3191.07	3193.77	3194.05	3192.08	3192.36	3196.11	3200.53	3204.34	3205.82	3206.03	3205.93	3205.98	3206.41	3207.62	3209.13	3210.08	3211.71	3211.13	3208.61	3207.18	3206.80	3205.64	3204.11	3203.38	3202.36	3199.19	3194.59	3192.90	3192.90	3191.89	3189.19	3186.68	3183.15	3178.27	3172.87	3164.26	3161.71	3163.42	3157.74	3145.76	3136.13	3136.37	3135.46	3131.04	3126.16	3119.59	3112.34	3109.31	3103.14	3094.19	3090.00	3086.74	3082.90	3077.70	3065.80	3053.46	3049.55	3042.98	3027.27	3023.23	3023.74	3020.60	3012.23	3000.34	3001.80	3003.32	2996.66	2990.72	2980.31	2961.68	2946.01	2939.80	2932.21	2912.32	2904.48	2910.64	2904.70	2892.56	2874.93	2869.46	2868.22	2865.22	2862.66	2857.34	2849.22	2837.14	2820.53	2806.68	2797.43	2792.37	2787.51	2782.85	2776.65	2770.48	2766.02	2760.79	2752.22	2737.88	2729.05	2724.70	2716.90	2705.22	2695.02	2679.93	2669.18	2663.99	2654.81	2641.56	2635.01	2629.01	2619.10	2605.51	2591.83	2576.26	2558.98	2539.23	2519.57	2513.35	2501.84	2474.67	2468.35	2471.98	2463.48	2449.15	2437.03	2421.20	2401.10	2381.13	2364.45	2356.60	2349.27	2340.45	2331.04	2319.03	2306.85	2289.18	2268.13	2242.54	2224.70	2211.33	2182.69	2154.55	2131.61	2094.99	2062.90	2047.98	2037.29	2022.97	2010.97	1997.12	1985.88	1980.68	1967.62	1950.24	1932.04	1907.52	1872.99	1832.86	1791.73	1785.72	1761.92	1744.99	1723.57	1696.36	1658.69	1641.84	1648.00	1605.48	1542.03	1532.66	1526.47	1507.97	1467.74	1422.95	1419.18	1416.96	1400.29	1377.94	1350.46	1322.28	1302.87	1277.14	1225.72	1210.71	1207.41	1187.82	1165.88	1144.90	1109.79	1088.82	1100.00	1083.29	1049.61	1021.57	986.73	947.08	929.47	925.47	900.37	859.28	834.21	820.31	810.09	804.10	769.53	688.11	660.92	627.52	607.90	586.39	539.69	506.19	515.43	542.77	534.51	502.85	485.87	507.08	537.14	531.40	564.29	641.44	451.07	324.54	407.27
3138.11	3142.23	3148.32	3152.73	3156.72	3158.26	3155.95	3154.52	3152.01	3150.81	3153.03	3156.67	3160.82	3168.47	3178.15	3183.65	3189.35	3192.89	3195.20	3196.15	3196.70	3196.15	3195.93	3197.06	3197.93	3197.94	3197.21	3196.81	3195.63	3195.38	3194.60	3196.21	3199.19	3199.91	3199.37	3198.75	3198.80	3200.30	3204.34	3207.80	3209.94	3210.75	3210.72	3209.41	3208.64	3209.18	3209.74	3210.66	3211.34	3210.24	3207.83	3206.13	3205.41	3203.57	3203.00	3203.09	3200.51	3195.61	3190.70	3189.48	3189.35	3188.44	3186.81	3184.58	3181.23	3176.45	3167.30	3162.36	3163.41	3158.53	3147.83	3138.57	3138.45	3136.91	3132.68	3126.42	3119.30	3112.29	3106.67	3100.39	3095.35	3093.16	3089.57	3082.84	3071.38	3059.92	3054.15	3048.40	3036.47	3027.70	3024.39	3024.88	3021.34	3013.37	3000.70	3001.83	3001.63	2993.62	2985.37	2973.79	2952.18	2935.69	2932.44	2930.05	2918.47	2912.01	2912.87	2903.74	2886.80	2870.38	2870.30	2867.95	2862.53	2861.06	2857.10	2845.86	2831.12	2814.80	2803.57	2795.87	2791.85	2788.18	2785.07	2779.25	2768.03	2763.73	2761.42	2752.77	2734.97	2726.18	2722.81	2712.93	2697.78	2685.86	2671.22	2661.03	2655.87	2648.84	2639.51	2635.77	2627.38	2616.26	2595.98	2579.22	2566.58	2551.70	2538.58	2527.25	2517.20	2499.11	2477.94	2474.70	2476.04	2467.04	2455.03	2441.86	2421.43	2396.60	2376.26	2357.56	2349.50	2344.89	2338.77	2324.94	2311.63	2300.07	2286.70	2269.02	2244.15	2226.61	2216.91	2195.44	2167.34	2129.67	2086.12	2069.28	2056.88	2040.48	2026.77	2014.16	1996.40	1985.52	1984.41	1976.19	1967.50	1944.43	1915.25	1900.14	1883.82	1848.57	1888.82	1794.21	1734.94	1708.39	1688.25	1643.60	1616.83	1601.17	1564.65	1567.08	1546.35	1526.03	1496.07	1463.93	1434.37	1433.05	1423.12	1403.80	1379.61	1343.91	1305.30	1285.58	1272.70	1252.70	1241.69	1229.49	1209.02	1186.15	1161.59	1128.38	1107.20	1108.73	1089.14	1061.70	1038.29	1001.18	959.16	954.15	958.75	920.30	878.87	847.99	837.88	832.58	830.28	775.62	691.43	648.74	631.33	612.30	561.20	515.36	508.32	522.50	536.30	528.69	500.88	480.87	498.81	528.23	496.31	505.66	563.22	508.63	452.52	477.34
3149.67	3151.79	3154.81	3158.37	3161.81	3163.69	3162.55	3161.55	3162.17	3164.20	3167.23	3172.69	3179.47	3185.97	3192.82	3194.14	3195.45	3196.46	3197.26	3197.85	3198.71	3199.71	3199.92	3199.98	3199.50	3198.29	3199.88	3202.89	3202.98	3201.56	3200.41	3202.12	3204.07	3204.16	3204.30	3205.52	3205.20	3204.20	3204.98	3207.00	3209.95	3212.77	3214.03	3214.20	3214.56	3214.46	3213.51	3211.65	3210.13	3208.27	3206.48	3204.38	3202.93	3202.11	3202.57	3203.96	3202.30	3198.99	3193.62	3188.55	3187.25	3187.79	3186.89	3184.45	3181.93	3177.26	3168.65	3160.99	3160.70	3157.12	3150.25	3143.78	3140.60	3137.26	3134.46	3126.95	3118.22	3112.16	3105.12	3100.04	3099.19	3096.37	3091.48	3083.58	3066.87	3057.45	3053.41	3042.67	3032.07	3031.99	3030.57	3028.07	3021.30	3010.28	3001.52	3003.31	2999.37	2991.18	2980.59	2966.49	2943.51	2933.58	2932.95	2931.62	2923.19	2916.87	2914.42	2906.54	2885.69	2869.37	2872.00	2867.84	2859.14	2857.64	2853.25	2841.67	2827.18	2811.62	2800.32	2793.30	2790.29	2788.86	2785.52	2776.82	2761.81	2759.30	2759.69	2750.87	2732.88	2725.10	2721.03	2709.73	2692.64	2677.66	2668.44	2658.91	2651.99	2648.42	2640.61	2633.67	2624.71	2609.56	2586.36	2572.32	2563.15	2552.31	2540.39	2528.76	2512.28	2493.51	2484.29	2480.05	2475.77	2465.63	2455.41	2440.38	2418.82	2393.49	2372.13	2357.39	2351.17	2343.13	2333.33	2315.59	2299.86	2286.75	2278.69	2267.83	2245.24	2225.05	2218.94	2210.85	2184.24	2138.64	2079.71	2055.28	2055.84	2042.61	2027.11	2012.75	1999.94	1991.52	1985.54	1981.41	1975.96	1966.07	1949.88	1936.64	1928.29	2050.63	2117.23	1863.40	1678.36	1689.70	1683.54	1679.77	1676.95	1632.89	1597.20	1568.47	1537.41	1509.79	1476.61	1455.72	1442.19	1437.26	1409.77	1394.20	1382.70	1354.37	1315.91	1290.64	1275.72	1257.09	1249.40	1244.18	1226.42	1203.32	1178.31	1155.61	1135.16	1115.20	1091.89	1063.74	1046.90	1023.63	978.62	952.60	951.37	926.62	910.37	995.48	1073.90	1032.21	900.45	723.18	669.47	628.22	614.72	589.86	544.44	513.99	515.68	520.75	521.84	519.19	493.76	473.47	483.97	486.28	480.25	528.35	546.94	552.82	551.78	552.77
3163.55	3162.20	3162.44	3165.13	3166.88	3167.34	3167.52	3170.90	3173.54	3175.78	3177.76	3184.01	3190.88	3195.20	3199.42	3201.56	3202.12	3203.38	3203.32	3202.25	3201.88	3202.51	3203.85	3203.70	3201.18	3199.00	3202.00	3205.03	3205.28	3204.93	3205.53	3207.38	3208.54	3207.95	3208.06	3209.54	3210.40	3210.74	3209.20	3207.62	3208.29	3212.20	3215.47	3217.12	3218.76	3218.84	3218.72	3217.07	3214.09	3211.32	3210.55	3209.04	3206.46	3203.52	3203.39	3205.02	3203.55	3201.55	3198.47	3193.17	3189.11	3189.73	3190.03	3186.05	3182.99	3178.24	3168.87	3160.07	3158.94	3156.49	3151.64	3147.28	3141.60	3137.05	3134.34	3125.21	3116.66	3113.47	3107.16	3102.51	3102.71	3098.38	3091.26	3081.39	3065.59	3059.31	3054.46	3040.18	3029.84	3032.73	3034.44	3030.57	3021.08	3005.67	3000.60	3003.53	2998.61	2990.99	2982.20	2966.44	2939.92	2938.68	2940.31	2933.84	2926.74	2917.39	2912.99	2905.00	2882.72	2867.16	2870.03	2865.52	2857.70	2855.09	2848.92	2838.87	2825.05	2807.29	2796.11	2792.76	2791.64	2788.87	2785.29	2773.38	2756.30	2756.78	2757.16	2747.64	2731.78	2724.45	2719.49	2709.21	2692.54	2676.62	2667.22	2655.61	2649.36	2647.92	2641.32	2631.77	2619.25	2598.65	2579.01	2568.38	2565.70	2556.97	2543.10	2529.42	2506.88	2487.70	2484.08	2482.95	2478.11	2466.88	2453.02	2435.52	2416.80	2389.40	2371.52	2361.48	2354.13	2343.35	2327.85	2305.92	2287.93	2276.93	2270.11	2263.59	2248.66	2226.16	2217.49	2218.76	2195.50	2148.74	2091.13	2063.59	2072.03	2056.26	2031.69	2015.53	2008.13	1999.61	1984.61	1980.36	1987.75	1998.53	1993.59	1954.78	1888.67	2058.31	2171.85	1901.27	1624.40	1634.34	1679.74	1734.35	1687.12	1625.85	1592.96	1571.61	1546.49	1496.16	1448.11	1443.20	1427.62	1416.74	1399.31	1394.06	1389.95	1369.89	1337.90	1307.24	1274.59	1249.49	1247.20	1243.90	1228.23	1206.51	1183.19	1162.36	1144.99	1121.54	1097.33	1070.64	1058.58	1054.63	983.80	917.24	942.67	970.75	998.55	1177.16	1361.68	1254.53	995.81	710.59	651.34	605.00	588.45	569.63	542.88	520.34	515.44	517.78	521.67	524.04	500.07	478.84	479.02	460.98	471.91	532.98	559.59	570.55	574.53	573.80
3172.83	3171.30	3170.81	3170.26	3170.40	3175.27	3178.26	3183.59	3185.98	3185.71	3188.57	3197.03	3204.21	3205.26	3205.77	3207.11	3207.14	3208.15	3209.14	3209.03	3208.39	3207.31	3206.74	3204.57	3203.81	3205.37	3207.57	3208.75	3208.91	3209.45	3210.17	3211.05	3211.62	3211.86	3212.36	3213.00	3214.49	3215.65	3214.16	3211.77	3211.16	3212.24	3214.40	3216.93	3219.57	3221.29	3222.55	3221.59	3220.25	3218.71	3217.66	3216.47	3214.97	3210.38	3208.13	3207.77	3206.18	3203.82	3202.11	3199.18	3193.43	3192.38	3193.37	3190.33	3186.20	3180.82	3172.15	3163.82	3159.56	3156.46	3152.67	3148.57	3143.02	3137.35	3130.90	3122.11	3117.89	3115.25	3110.26	3103.91	3101.26	3098.99	3090.52	3077.70	3066.90	3061.74	3055.66	3040.48	3028.83	3030.13	3033.77	3030.92	3021.00	3005.12	3000.04	3001.83	2998.99	2992.16	2984.93	2959.78	2932.35	2940.71	2943.16	2936.44	2931.53	2918.99	2909.99	2899.39	2878.65	2865.86	2867.29	2862.27	2852.31	2848.62	2843.53	2834.32	2818.21	2801.98	2798.42	2798.28	2795.57	2788.86	2783.14	2769.11	2750.13	2753.60	2754.20	2745.33	2731.64	2720.97	2715.98	2709.42	2694.99	2678.51	2664.78	2649.20	2641.37	2641.97	2637.81	2630.16	2613.34	2588.37	2574.37	2567.27	2567.10	2559.22	2542.80	2523.25	2499.81	2480.89	2477.83	2479.44	2475.50	2463.70	2448.78	2430.13	2410.23	2387.26	2375.45	2365.47	2354.11	2341.84	2325.36	2300.96	2279.73	2270.05	2262.32	2256.53	2248.22	2232.70	2224.10	2229.53	2195.91	2133.08	2107.39	2091.77	2096.22	2082.73	2052.41	2031.11	2015.38	2007.33	2017.40	2015.12	2013.62	2032.00	2020.95	1960.94	1808.21	1944.15	2111.57	1973.43	1743.53	1765.66	1850.19	1799.11	1600.13	1544.31	1609.45	1631.05	1591.42	1537.20	1480.61	1449.03	1423.66	1409.17	1403.63	1406.19	1402.24	1388.70	1366.36	1338.28	1295.33	1258.61	1244.48	1232.49	1223.10	1212.89	1197.63	1181.03	1160.60	1134.80	1115.97	1097.08	1082.75	1063.75	993.67	1087.71	1144.09	1157.37	1122.41	1175.08	1438.94	1332.91	1102.17	878.51	672.53	596.26	583.07	569.07	549.92	523.27	506.58	512.24	523.99	525.77	510.82	492.05	483.36	472.78	505.49	559.97	585.60	606.92	621.73	614.01
3177.62	3178.85	3179.39	3177.96	3179.03	3187.52	3190.53	3192.01	3191.49	3189.88	3194.46	3203.67	3210.77	3212.42	3210.61	3209.98	3209.40	3210.84	3211.77	3212.31	3211.62	3211.07	3208.20	3204.92	3205.66	3209.08	3210.98	3211.27	3211.41	3213.04	3213.59	3213.31	3213.15	3214.42	3216.10	3216.01	3216.94	3218.18	3216.82	3216.05	3215.73	3215.41	3214.84	3215.84	3218.35	3220.93	3222.62	3223.10	3223.25	3221.82	3220.75	3219.44	3219.00	3215.48	3212.08	3210.41	3208.69	3205.70	3203.65	3202.09	3196.10	3193.25	3194.22	3193.21	3188.99	3183.44	3176.97	3169.80	3162.45	3156.00	3152.62	3149.59	3143.49	3136.37	3128.16	3121.05	3120.05	3117.40	3112.00	3104.77	3099.90	3098.49	3089.15	3078.24	3070.03	3062.76	3055.33	3040.38	3027.78	3028.64	3033.48	3031.89	3021.63	3005.96	2998.48	3001.51	2998.94	2992.19	2982.88	2953.21	2930.54	2938.68	2939.70	2938.22	2934.41	2920.93	2909.32	2895.88	2877.04	2864.51	2865.53	2858.23	2845.66	2842.87	2839.77	2829.32	2812.49	2802.22	2803.57	2802.60	2798.35	2790.15	2779.79	2763.44	2747.54	2753.28	2753.69	2745.27	2731.28	2717.34	2713.01	2707.02	2694.57	2678.79	2662.92	2645.53	2635.92	2636.95	2634.21	2627.15	2611.22	2585.51	2571.97	2567.52	2565.25	2556.77	2537.53	2512.85	2494.27	2480.44	2476.35	2474.96	2471.01	2459.54	2446.11	2426.42	2406.69	2390.88	2382.66	2369.19	2352.31	2338.74	2323.64	2296.58	2275.00	2264.40	2255.57	2249.27	2243.39	2233.35	2229.03	2232.43	2191.50	2129.40	2123.73	2109.97	2106.83	2096.31	2070.69	2045.20	2029.87	2064.61	2093.81	2086.41	2073.61	2053.53	2050.76	2031.96	1895.98	1927.02	2053.22	2010.44	1796.62	1849.32	1930.66	1808.52	1592.09	1559.79	1659.06	1665.08	1618.02	1550.53	1495.74	1460.00	1431.54	1415.65	1415.95	1419.77	1412.85	1396.37	1374.66	1349.83	1317.56	1276.67	1240.82	1229.30	1230.57	1225.17	1213.89	1198.68	1175.03	1147.54	1128.70	1112.67	1100.10	1060.21	1120.22	1243.50	1277.86	1236.89	1148.10	1166.99	1310.55	1229.71	1036.90	827.71	669.09	600.91	586.53	573.95	558.64	533.79	512.08	514.73	514.91	517.54	515.22	497.44	490.95	495.65	538.88	584.10	605.01	626.47	641.06	633.01
3182.59	3188.35	3189.97	3191.89	3197.44	3203.33	3204.42	3200.91	3196.93	3196.94	3202.21	3208.80	3212.93	3215.66	3215.03	3213.55	3213.01	3213.68	3215.47	3216.03	3215.24	3213.82	3210.27	3207.65	3209.20	3212.30	3213.59	3213.26	3214.16	3216.37	3217.55	3217.37	3216.17	3217.32	3219.19	3219.75	3220.49	3221.04	3219.76	3219.99	3220.86	3220.22	3219.14	3219.11	3218.31	3219.43	3221.26	3222.98	3223.63	3222.32	3220.89	3220.75	3220.57	3217.71	3214.61	3211.68	3209.96	3207.55	3204.74	3203.74	3198.75	3193.45	3194.86	3195.13	3191.76	3187.01	3182.10	3177.43	3169.15	3158.30	3152.92	3149.04	3142.29	3135.80	3129.08	3123.49	3121.67	3119.43	3113.97	3105.89	3099.74	3096.31	3087.59	3081.39	3073.79	3062.43	3052.56	3038.80	3025.22	3028.08	3033.94	3033.18	3024.08	3007.22	2996.04	2999.40	2997.77	2992.48	2979.35	2953.82	2935.64	2934.17	2936.26	2938.50	2933.62	2921.39	2906.85	2890.60	2877.22	2865.08	2863.09	2853.66	2841.19	2840.05	2834.56	2819.56	2806.71	2807.50	2808.20	2804.22	2799.52	2791.44	2774.69	2756.69	2748.51	2753.34	2753.61	2744.84	2730.59	2715.66	2709.97	2701.76	2689.81	2674.76	2658.76	2643.49	2632.85	2633.58	2631.03	2620.87	2606.55	2582.69	2568.03	2566.24	2561.61	2550.45	2527.78	2502.40	2491.32	2483.78	2479.29	2470.54	2462.64	2452.75	2442.09	2426.35	2407.14	2390.87	2382.92	2371.34	2355.67	2347.78	2331.22	2295.40	2269.53	2257.79	2246.31	2237.72	2233.19	2226.27	2221.39	2221.43	2190.86	2150.97	2142.55	2122.36	2120.12	2110.64	2091.55	2063.83	2065.78	2154.69	2175.67	2129.15	2091.98	2060.88	2069.60	2087.59	2028.03	1950.26	1977.64	1949.14	1813.37	1796.11	1802.64	1721.73	1649.22	1626.06	1646.96	1644.88	1599.83	1541.57	1503.17	1474.83	1445.57	1428.74	1429.53	1432.79	1424.33	1405.97	1384.40	1362.17	1337.76	1297.28	1244.70	1231.62	1237.77	1229.18	1213.15	1196.76	1175.65	1150.66	1135.32	1125.37	1112.26	1107.91	1170.20	1186.87	1177.81	1110.13	1038.03	1008.09	1021.76	982.96	841.69	728.78	648.12	609.79	595.82	585.20	576.93	560.59	536.80	534.21	511.43	516.58	524.25	511.79	507.73	507.22	544.38	598.00	626.30	641.37	640.39	635.52
3195.20	3202.31	3202.86	3206.70	3209.92	3210.53	3210.78	3206.88	3205.41	3211.64	3216.10	3218.53	3217.84	3217.84	3218.39	3218.79	3218.39	3217.43	3218.68	3218.66	3216.94	3214.91	3212.84	3212.56	3214.45	3215.91	3216.27	3217.06	3218.43	3220.20	3221.03	3221.36	3220.44	3220.96	3222.16	3223.49	3224.00	3223.60	3222.25	3223.42	3224.76	3224.90	3225.28	3225.91	3224.36	3223.89	3223.51	3222.17	3221.49	3220.77	3219.17	3219.61	3221.04	3219.84	3217.12	3212.93	3210.34	3209.12	3205.75	3204.71	3200.63	3193.84	3193.36	3193.53	3191.46	3189.25	3185.79	3182.28	3175.16	3163.88	3153.64	3146.12	3141.90	3138.15	3134.11	3128.93	3123.06	3120.50	3116.42	3107.90	3098.48	3091.98	3086.16	3083.72	3075.50	3059.65	3046.49	3033.05	3026.75	3034.38	3036.35	3033.36	3024.85	3006.33	2994.15	2998.47	2995.79	2989.82	2974.04	2953.93	2938.05	2933.93	2935.24	2933.51	2927.81	2918.97	2900.82	2881.41	2876.39	2870.42	2864.58	2849.80	2838.90	2839.11	2830.36	2812.10	2806.07	2812.07	2811.09	2803.49	2797.25	2787.62	2768.68	2756.63	2753.30	2750.52	2748.40	2742.05	2728.58	2714.38	2708.84	2698.95	2687.12	2670.32	2653.82	2642.22	2629.87	2630.79	2627.65	2617.91	2606.12	2583.24	2565.18	2564.74	2559.93	2546.92	2522.32	2496.54	2485.00	2479.78	2479.72	2465.41	2450.17	2445.33	2441.03	2431.93	2413.31	2389.05	2373.83	2366.48	2356.65	2352.58	2334.04	2286.58	2255.61	2247.45	2237.06	2226.44	2223.20	2217.24	2208.14	2204.07	2188.80	2169.42	2154.46	2138.06	2136.55	2127.87	2113.03	2084.64	2078.64	2231.34	2196.68	2092.20	2063.83	2034.71	2049.34	2046.00	1986.54	1914.50	1910.12	1877.62	1804.66	1757.37	1721.56	1700.88	1688.68	1656.56	1634.05	1616.41	1578.59	1542.19	1512.58	1484.27	1463.25	1446.57	1442.68	1439.46	1428.26	1411.12	1395.31	1374.57	1349.49	1315.03	1270.00	1245.23	1238.01	1225.74	1207.25	1188.38	1170.42	1154.39	1140.85	1128.45	1110.70	1081.32	1055.29	1024.45	1001.02	978.93	935.18	870.85	810.94	777.65	714.76	682.32	647.99	622.95	612.06	603.16	594.22	580.71	565.73	556.63	535.86	537.26	548.88	551.25	546.41	517.90	539.94	610.00	647.52	652.38	645.73	655.57
3211.45	3215.70	3213.66	3216.62	3215.52	3213.41	3212.15	3212.32	3216.47	3223.99	3226.64	3227.05	3225.16	3221.54	3220.72	3221.50	3221.50	3219.69	3219.59	3219.22	3218.25	3217.02	3217.85	3219.34	3219.80	3220.81	3220.80	3222.63	3224.19	3224.88	3225.22	3224.90	3224.08	3224.22	3225.47	3226.88	3227.49	3226.08	3224.61	3225.89	3227.87	3228.98	3230.67	3231.88	3231.42	3230.86	3228.51	3224.72	3223.50	3224.13	3223.80	3224.10	3224.92	3224.82	3222.70	3218.49	3213.08	3210.44	3206.52	3203.83	3201.55	3195.53	3193.39	3192.84	3190.65	3188.23	3185.06	3182.38	3176.41	3164.47	3151.54	3145.53	3143.78	3141.56	3138.45	3133.73	3125.14	3122.09	3118.98	3109.27	3095.07	3087.74	3085.68	3083.85	3074.92	3057.51	3038.89	3027.91	3033.69	3040.68	3038.30	3031.48	3021.69	3006.12	2995.53	2998.34	2993.80	2983.21	2967.03	2954.64	2946.02	2942.66	2938.62	2930.91	2923.93	2916.23	2895.31	2879.11	2879.32	2876.53	2867.84	2845.84	2835.33	2835.93	2823.02	2809.31	2808.41	2812.80	2811.40	2801.78	2793.01	2781.42	2764.15	2758.25	2753.77	2748.11	2746.16	2739.31	2727.12	2713.83	2707.02	2696.76	2685.43	2668.25	2649.62	2637.55	2627.17	2627.78	2626.13	2618.24	2607.56	2586.06	2564.03	2562.65	2558.99	2550.46	2526.59	2501.03	2486.73	2477.97	2477.84	2464.26	2446.51	2443.20	2442.01	2433.83	2415.23	2388.16	2365.71	2360.15	2354.14	2347.43	2329.33	2277.82	2242.53	2238.44	2232.61	2222.54	2217.28	2208.97	2197.54	2190.86	2183.44	2172.23	2158.19	2148.07	2148.16	2141.72	2127.74	2119.65	2134.01	2231.18	2183.46	2064.15	2027.91	1993.08	1995.10	1980.93	1941.38	1899.53	1870.85	1840.38	1798.10	1765.46	1741.73	1717.06	1688.25	1661.36	1639.19	1618.95	1579.84	1545.38	1520.93	1498.68	1486.88	1471.07	1459.71	1447.90	1431.52	1414.46	1400.80	1382.01	1355.51	1326.96	1298.78	1271.34	1250.50	1233.75	1215.99	1194.18	1180.17	1173.18	1146.14	1119.20	1091.28	1051.55	1001.15	954.17	935.22	915.92	886.74	830.99	763.38	729.19	703.10	678.39	647.37	628.38	623.62	621.02	621.85	612.07	602.30	582.90	552.62	555.21	580.34	603.64	601.65	560.27	568.28	636.76	666.07	662.09	655.59	673.84
3219.02	3222.35	3220.17	3217.91	3214.05	3212.51	3214.21	3218.40	3222.80	3228.10	3231.08	3232.48	3231.79	3227.36	3223.96	3222.34	3220.78	3218.42	3218.19	3218.21	3219.12	3220.23	3222.63	3224.97	3225.30	3225.75	3225.95	3227.84	3228.96	3229.17	3228.62	3227.71	3227.63	3228.12	3228.78	3229.98	3231.01	3229.87	3229.52	3230.91	3232.61	3233.84	3235.64	3236.30	3236.19	3234.86	3231.97	3229.96	3230.07	3230.55	3230.54	3230.57	3230.18	3229.38	3227.56	3224.43	3218.20	3211.99	3206.43	3202.54	3200.37	3196.10	3195.56	3195.71	3193.89	3189.91	3184.27	3180.49	3173.81	3160.36	3150.98	3149.18	3147.81	3143.99	3140.44	3137.06	3128.50	3123.79	3119.74	3108.12	3091.83	3085.14	3083.94	3082.03	3073.30	3056.93	3036.99	3032.14	3037.84	3037.98	3036.01	3028.69	3017.97	3008.72	3000.01	2997.11	2991.03	2977.14	2959.68	2957.21	2958.00	2953.52	2943.28	2930.49	2920.57	2911.00	2892.57	2883.32	2882.76	2876.47	2858.20	2839.34	2833.21	2828.96	2814.83	2812.69	2811.73	2809.19	2805.86	2799.01	2791.91	2781.10	2765.84	2758.46	2750.64	2746.16	2744.49	2736.99	2724.48	2709.07	2697.98	2690.99	2680.28	2663.70	2646.71	2635.02	2625.31	2621.41	2621.69	2616.38	2607.73	2588.47	2568.59	2567.59	2558.54	2544.72	2522.45	2503.59	2495.01	2489.26	2478.82	2455.96	2442.87	2441.58	2438.57	2429.86	2412.44	2388.53	2367.57	2353.14	2341.29	2336.87	2327.49	2289.85	2246.57	2235.61	2233.39	2223.81	2215.79	2205.67	2191.13	2185.07	2182.43	2173.74	2161.62	2153.35	2155.92	2152.73	2145.63	2149.88	2136.28	2146.58	2119.87	2041.05	2002.30	1982.56	1965.10	1944.74	1924.15	1897.32	1867.90	1836.67	1802.63	1770.92	1746.37	1720.64	1694.84	1671.69	1653.32	1632.06	1598.99	1562.98	1539.39	1522.96	1511.23	1498.49	1485.97	1466.89	1445.26	1428.08	1412.05	1398.17	1376.63	1350.58	1325.59	1295.87	1268.04	1253.60	1242.15	1216.08	1201.63	1177.44	1136.58	1095.94	1065.81	1031.70	986.58	949.12	916.01	882.88	858.58	817.52	765.16	733.06	704.79	671.30	646.11	632.10	625.16	628.62	639.88	632.92	628.48	610.06	580.81	593.17	626.76	647.89	669.01	671.71	668.29	701.60	718.82	703.02	685.41	711.78
3223.88	3225.28	3223.08	3216.60	3212.46	3214.22	3220.55	3228.03	3230.92	3230.67	3231.28	3233.86	3235.24	3233.30	3229.83	3226.32	3224.30	3222.80	3221.25	3220.68	3222.38	3224.49	3226.54	3228.76	3229.43	3229.14	3229.71	3230.94	3231.64	3231.31	3229.38	3228.33	3230.00	3231.72	3232.03	3232.90	3233.77	3233.60	3234.34	3235.87	3237.58	3238.55	3239.29	3238.18	3236.81	3235.07	3234.22	3234.31	3234.31	3234.37	3234.11	3232.98	3232.86	3232.62	3230.80	3228.15	3222.71	3214.95	3208.50	3203.79	3199.76	3195.66	3197.84	3199.51	3198.38	3194.02	3187.18	3179.92	3171.58	3161.36	3154.61	3152.90	3150.78	3145.54	3141.72	3139.23	3131.69	3125.23	3118.99	3104.04	3091.25	3087.78	3083.46	3079.93	3070.79	3054.46	3042.55	3042.50	3039.56	3034.96	3032.21	3024.87	3015.64	3009.26	3004.22	2999.20	2991.03	2975.12	2954.89	2957.75	2961.80	2954.32	2943.26	2925.74	2914.55	2905.99	2892.99	2888.34	2885.37	2871.61	2844.25	2833.67	2833.69	2822.93	2812.01	2815.28	2811.99	2802.77	2799.67	2798.74	2792.45	2781.99	2768.01	2756.22	2748.69	2744.73	2741.90	2736.16	2722.95	2700.56	2685.96	2683.28	2674.90	2659.09	2647.77	2642.51	2632.17	2617.49	2612.87	2607.74	2599.01	2585.56	2574.28	2573.48	2561.83	2539.80	2513.98	2505.21	2501.20	2493.56	2477.95	2452.79	2442.45	2435.34	2428.51	2420.76	2402.11	2382.41	2367.15	2351.74	2338.71	2324.40	2316.96	2304.05	2267.33	2247.53	2243.30	2236.27	2226.74	2210.74	2191.78	2181.03	2183.46	2179.96	2170.33	2160.95	2157.60	2156.50	2147.29	2138.20	2118.20	2102.39	2076.19	2036.03	2006.32	1981.26	1959.42	1940.73	1915.01	1888.43	1865.75	1831.24	1791.03	1760.52	1742.68	1722.43	1698.91	1679.21	1661.21	1640.45	1615.35	1584.53	1558.58	1540.84	1528.58	1520.57	1512.67	1494.30	1469.83	1451.02	1435.53	1419.36	1397.62	1373.51	1347.55	1319.81	1295.98	1284.69	1270.73	1233.99	1188.38	1151.84	1122.34	1097.78	1070.39	1034.46	998.15	958.89	901.98	847.41	825.84	809.42	774.60	741.06	705.16	671.42	647.34	638.02	628.86	625.69	636.62	636.91	639.91	636.29	623.69	657.71	739.04	740.84	776.52	747.84	748.37	759.96	761.51	726.14	731.39	791.38
3227.28	3227.93	3226.82	3223.98	3222.64	3223.18	3228.10	3234.67	3238.02	3236.88	3235.77	3235.71	3236.60	3236.68	3234.29	3232.86	3232.59	3232.02	3228.99	3227.04	3228.03	3229.52	3230.74	3232.08	3231.97	3230.99	3232.80	3233.43	3232.96	3231.92	3231.97	3232.32	3233.60	3233.71	3233.94	3234.84	3235.45	3235.70	3236.66	3238.07	3239.61	3239.97	3238.70	3236.16	3234.09	3233.31	3233.57	3234.75	3235.77	3235.87	3235.41	3233.30	3231.69	3231.51	3230.94	3228.60	3223.82	3217.32	3211.92	3206.79	3200.93	3195.47	3198.19	3200.96	3199.44	3195.26	3189.29	3182.69	3175.18	3164.78	3154.92	3153.76	3152.30	3146.69	3142.10	3140.39	3134.07	3125.73	3115.20	3101.57	3094.50	3091.60	3084.11	3076.23	3063.19	3051.62	3048.08	3046.88	3041.38	3035.83	3031.40	3023.77	3013.57	3007.11	3004.76	3000.19	2991.39	2973.96	2956.66	2958.72	2958.16	2950.94	2939.57	2922.72	2916.42	2908.86	2896.00	2888.31	2880.05	2862.04	2844.15	2837.12	2834.71	2819.73	2810.84	2812.52	2809.06	2799.75	2796.42	2797.15	2790.72	2781.22	2768.83	2754.15	2746.91	2742.15	2736.26	2727.37	2713.40	2689.77	2678.53	2678.68	2673.97	2661.78	2652.17	2647.35	2637.59	2618.50	2602.59	2590.49	2583.98	2579.44	2576.13	2573.31	2566.31	2544.40	2506.85	2499.76	2499.05	2487.76	2473.97	2458.80	2447.30	2433.10	2418.12	2402.80	2384.25	2373.33	2363.90	2350.36	2339.59	2321.99	2311.04	2306.06	2281.43	2259.65	2248.45	2238.19	2228.56	2215.05	2198.85	2186.91	2186.89	2184.98	2178.72	2168.77	2156.99	2151.16	2139.46	2121.12	2105.57	2080.09	2052.90	2024.58	2000.37	1973.39	1952.85	1936.51	1912.18	1887.30	1864.72	1827.63	1777.22	1744.77	1732.97	1723.14	1704.54	1688.94	1674.48	1653.69	1625.20	1592.52	1567.86	1553.29	1542.88	1537.02	1532.36	1520.41	1499.65	1477.82	1455.59	1432.16	1409.88	1388.76	1366.64	1346.42	1329.57	1317.97	1294.35	1242.21	1180.18	1140.23	1120.95	1107.96	1083.19	1055.48	1025.97	974.41	913.89	853.75	817.36	790.70	760.52	740.21	710.58	677.63	650.92	643.30	632.54	620.60	614.88	621.03	643.95	642.50	640.49	702.39	781.38	800.61	813.76	770.50	760.24	761.09	764.14	747.70	756.88	817.88
3231.43	3231.25	3230.84	3231.51	3232.89	3233.00	3234.49	3238.88	3243.17	3243.64	3243.10	3241.77	3239.85	3239.04	3237.75	3237.50	3238.41	3238.91	3235.65	3233.64	3233.91	3234.78	3235.30	3234.96	3233.22	3233.31	3236.55	3237.27	3236.01	3235.06	3236.99	3239.22	3239.81	3238.54	3237.63	3237.42	3236.39	3235.99	3236.32	3236.40	3236.81	3237.47	3236.48	3234.91	3235.49	3236.90	3236.73	3235.96	3235.97	3235.91	3234.88	3232.49	3230.41	3230.03	3229.62	3227.53	3223.12	3217.28	3213.05	3208.26	3201.14	3195.37	3196.87	3199.20	3199.06	3196.80	3191.84	3186.05	3180.22	3169.20	3155.80	3153.43	3153.27	3148.42	3141.74	3138.41	3133.18	3123.40	3111.74	3103.15	3099.49	3094.50	3084.00	3068.09	3056.40	3052.68	3051.13	3047.43	3041.44	3036.78	3031.36	3022.65	3012.34	3007.02	3005.95	3000.48	2991.24	2972.47	2958.02	2962.26	2958.12	2950.50	2937.19	2921.43	2915.96	2907.24	2892.62	2882.96	2871.93	2859.04	2850.32	2843.01	2833.84	2816.45	2810.38	2811.78	2808.86	2799.10	2793.15	2793.54	2789.01	2780.86	2769.76	2752.86	2743.85	2736.59	2729.30	2714.68	2696.91	2681.02	2678.45	2678.96	2675.41	2665.70	2653.02	2643.54	2633.00	2614.24	2591.91	2576.42	2576.99	2577.07	2573.32	2569.53	2563.01	2541.15	2504.83	2496.29	2492.66	2483.18	2471.02	2457.88	2444.49	2429.59	2407.19	2382.60	2368.64	2364.75	2358.60	2346.52	2334.57	2325.86	2316.82	2306.64	2286.46	2266.68	2248.58	2229.43	2219.62	2215.30	2206.92	2201.06	2195.31	2186.23	2179.85	2172.39	2158.74	2139.81	2123.19	2104.97	2083.46	2047.17	2024.09	2012.02	1991.96	1965.72	1947.81	1931.99	1910.73	1889.26	1866.42	1828.84	1778.32	1746.19	1730.89	1724.41	1708.91	1699.31	1689.07	1673.14	1646.70	1608.24	1576.79	1561.90	1554.74	1551.99	1546.57	1533.06	1512.45	1489.49	1463.49	1438.43	1419.59	1404.92	1389.71	1371.63	1355.85	1366.22	1373.02	1311.84	1218.36	1162.44	1142.20	1124.16	1101.65	1081.57	1053.59	987.78	923.21	888.56	840.03	787.13	744.51	729.39	708.33	683.86	662.99	654.50	630.52	611.54	593.55	601.15	645.87	666.17	679.22	723.00	769.30	806.33	818.39	778.08	763.52	767.60	781.07	777.12	780.29	807.30
3234.01	3232.46	3234.08	3237.36	3239.56	3239.88	3240.63	3243.58	3247.87	3248.24	3247.30	3246.06	3244.46	3242.93	3241.86	3241.56	3242.13	3242.54	3240.22	3238.90	3239.19	3239.25	3238.66	3236.19	3234.88	3236.57	3240.04	3240.57	3239.08	3239.72	3241.88	3244.03	3244.65	3242.75	3241.86	3241.18	3238.26	3235.99	3235.69	3235.70	3235.66	3235.69	3236.76	3238.81	3242.26	3243.63	3243.44	3240.37	3237.54	3235.89	3234.56	3231.68	3229.76	3229.46	3228.74	3226.91	3223.42	3218.16	3214.78	3211.26	3203.74	3196.77	3195.11	3195.68	3196.98	3197.35	3193.86	3188.29	3183.14	3173.30	3161.18	3155.78	3155.27	3151.17	3143.47	3135.04	3128.55	3122.02	3112.94	3106.39	3101.97	3093.71	3081.00	3065.33	3058.07	3054.40	3049.80	3045.86	3040.30	3036.66	3031.88	3022.74	3013.10	3007.87	3005.85	3000.32	2991.69	2971.20	2957.08	2961.40	2958.32	2952.68	2939.87	2922.91	2909.47	2897.93	2886.80	2878.59	2867.12	2860.42	2854.49	2845.71	2830.12	2810.54	2808.33	2812.47	2810.85	2802.17	2793.09	2789.98	2786.05	2779.01	2768.93	2750.21	2737.62	2729.25	2720.97	2704.97	2686.48	2680.02	2682.66	2680.49	2672.90	2665.01	2651.29	2636.80	2627.74	2608.36	2585.56	2574.04	2575.42	2573.84	2569.35	2562.83	2549.86	2533.38	2509.26	2492.71	2488.71	2479.88	2465.62	2452.47	2436.84	2419.58	2393.48	2372.11	2365.63	2362.11	2355.26	2347.15	2335.40	2330.42	2326.88	2315.05	2291.43	2267.02	2242.69	2220.10	2211.47	2215.09	2214.37	2208.11	2197.23	2184.17	2173.49	2164.93	2155.55	2129.20	2105.93	2086.91	2060.15	2027.57	2013.09	2006.33	1992.90	1967.47	1947.75	1931.66	1909.78	1887.99	1863.89	1830.44	1787.64	1755.36	1742.69	1730.41	1714.83	1707.15	1697.03	1679.76	1655.51	1616.87	1582.40	1563.91	1552.57	1550.77	1547.58	1534.76	1514.10	1491.48	1470.47	1448.67	1430.22	1420.06	1411.30	1391.76	1383.71	1427.55	1458.33	1399.67	1261.76	1183.12	1162.29	1142.73	1118.22	1096.02	1057.79	990.43	932.23	928.90	867.68	783.61	737.99	722.56	706.19	687.08	677.01	668.62	647.06	636.63	612.78	603.69	640.76	700.87	732.39	749.50	763.69	812.87	832.52	809.83	797.09	796.62	802.94	795.05	798.41	813.81
3240.44	3237.03	3238.42	3241.38	3244.78	3244.88	3244.32	3245.42	3248.56	3250.33	3250.21	3249.31	3248.07	3247.17	3246.28	3245.76	3245.36	3244.95	3243.88	3242.68	3242.28	3241.86	3239.57	3237.04	3239.10	3241.99	3244.03	3243.92	3243.26	3245.29	3246.63	3247.23	3247.12	3245.52	3244.04	3243.76	3241.67	3240.51	3242.43	3245.53	3245.43	3242.92	3242.93	3244.78	3247.20	3246.76	3245.39	3242.43	3239.56	3238.29	3237.71	3234.21	3230.63	3228.97	3228.38	3227.23	3224.74	3220.36	3218.00	3215.78	3208.68	3198.65	3194.17	3193.72	3194.31	3195.06	3193.81	3190.62	3185.26	3177.09	3168.95	3160.36	3156.23	3151.48	3142.18	3133.31	3128.55	3124.66	3115.30	3107.32	3102.56	3092.05	3079.20	3071.16	3067.34	3057.42	3047.06	3042.42	3037.62	3034.18	3030.09	3021.23	3012.50	3008.24	3005.88	2999.16	2988.84	2962.86	2952.63	2959.44	2958.93	2956.12	2945.55	2928.89	2905.70	2888.37	2883.01	2877.37	2866.64	2863.42	2860.09	2848.51	2831.27	2811.99	2809.18	2814.45	2812.88	2805.68	2794.45	2788.04	2782.38	2774.66	2764.94	2745.66	2731.47	2725.17	2716.06	2698.85	2682.46	2680.41	2682.07	2678.14	2668.95	2662.26	2649.29	2635.30	2625.88	2604.02	2583.05	2575.07	2572.15	2568.92	2563.68	2552.52	2539.70	2530.54	2513.31	2491.70	2486.80	2478.86	2466.67	2457.18	2435.65	2407.22	2382.93	2372.09	2367.10	2359.71	2354.20	2349.34	2339.39	2333.13	2332.59	2324.26	2296.77	2262.92	2236.23	2219.25	2214.02	2219.87	2218.45	2208.07	2193.91	2180.64	2167.98	2155.01	2145.22	2121.55	2097.64	2077.45	2047.11	2023.82	2009.80	1996.93	1986.32	1964.84	1943.89	1928.51	1903.38	1882.31	1859.49	1829.58	1789.11	1757.08	1753.50	1744.78	1729.10	1717.58	1706.02	1687.36	1663.87	1631.35	1594.28	1562.64	1546.08	1544.65	1543.24	1533.06	1515.78	1495.47	1478.07	1459.74	1441.71	1428.26	1419.27	1406.50	1412.30	1455.59	1444.68	1375.40	1305.91	1252.89	1196.15	1158.98	1124.89	1091.19	1048.32	1009.24	977.10	993.29	909.39	805.32	746.84	731.01	714.88	697.67	691.94	683.47	678.01	676.59	652.06	648.24	665.61	719.07	762.03	780.96	791.83	834.44	852.81	853.64	842.52	837.51	832.87	817.57	824.51	835.57
3246.25	3241.83	3241.23	3243.64	3245.94	3247.09	3246.83	3246.69	3248.82	3251.15	3251.58	3250.93	3250.99	3250.63	3250.09	3250.11	3249.28	3248.03	3247.77	3246.54	3244.86	3243.71	3242.68	3243.22	3246.72	3250.05	3250.38	3248.43	3248.74	3251.09	3251.60	3250.80	3249.50	3247.56	3246.72	3247.32	3248.58	3249.57	3251.81	3253.61	3253.80	3252.04	3251.34	3251.16	3249.82	3247.34	3244.95	3242.77	3241.54	3241.73	3241.51	3238.05	3232.27	3228.27	3227.98	3227.53	3225.07	3221.67	3221.30	3220.16	3214.40	3204.53	3196.31	3194.57	3195.11	3194.46	3192.44	3190.36	3186.14	3180.76	3174.14	3163.79	3156.96	3149.01	3139.27	3134.57	3132.34	3127.93	3117.24	3108.38	3101.56	3088.61	3078.94	3077.58	3075.32	3063.60	3048.84	3042.80	3035.45	3030.32	3026.37	3017.38	3010.32	3009.99	3006.90	2998.15	2983.82	2953.53	2949.38	2959.70	2963.44	2961.58	2949.40	2933.67	2905.32	2884.35	2878.71	2873.40	2866.65	2866.35	2864.46	2851.03	2832.05	2817.75	2813.93	2817.82	2813.39	2804.17	2792.07	2786.21	2780.00	2770.78	2758.72	2738.51	2727.52	2724.99	2714.50	2695.71	2681.25	2678.94	2679.18	2674.57	2665.69	2655.30	2643.06	2630.55	2618.06	2600.19	2582.48	2571.57	2564.38	2561.14	2554.76	2546.55	2538.17	2532.11	2518.36	2494.17	2488.41	2483.27	2471.40	2463.82	2440.59	2401.13	2380.12	2377.65	2367.75	2356.89	2352.86	2350.30	2342.55	2332.58	2326.90	2325.02	2299.27	2262.70	2241.28	2229.88	2226.37	2222.61	2216.26	2200.11	2179.25	2165.69	2154.22	2145.65	2133.26	2109.72	2082.62	2062.26	2038.58	2024.11	2008.40	1989.97	1970.92	1953.50	1937.27	1923.04	1899.06	1879.11	1859.46	1834.11	1802.82	1775.13	1765.61	1753.29	1737.78	1725.62	1713.69	1697.52	1678.58	1655.56	1611.24	1562.81	1552.26	1557.46	1553.28	1539.91	1523.18	1501.69	1484.51	1469.74	1457.29	1448.07	1445.33	1435.94	1448.20	1462.53	1372.86	1336.03	1400.65	1326.25	1247.12	1187.92	1136.15	1089.10	1054.34	1043.41	1043.78	1048.79	939.96	820.42	748.55	732.64	721.46	712.18	710.09	710.36	710.65	707.40	685.16	700.23	707.96	741.03	779.63	805.86	830.90	849.17	862.96	874.45	867.53	860.86	859.81	861.81	872.94	884.01
3252.92	3247.93	3244.57	3245.52	3246.63	3249.70	3252.06	3252.57	3253.52	3253.38	3252.77	3252.62	3254.34	3254.38	3254.12	3254.16	3254.03	3253.79	3254.93	3253.02	3248.69	3246.36	3247.86	3251.66	3255.92	3258.97	3257.57	3254.27	3254.73	3256.09	3255.94	3254.45	3252.26	3250.56	3250.85	3252.62	3255.56	3257.03	3257.64	3257.33	3258.08	3257.36	3256.74	3255.28	3251.40	3247.70	3245.26	3244.41	3244.85	3245.62	3244.36	3241.82	3235.21	3228.93	3227.69	3228.06	3226.31	3223.26	3222.74	3222.72	3218.70	3211.82	3203.97	3199.93	3200.08	3197.52	3193.01	3189.18	3184.65	3180.93	3174.09	3164.66	3158.00	3147.64	3139.15	3137.57	3136.38	3129.73	3119.51	3110.79	3098.89	3086.12	3081.84	3079.61	3075.36	3064.93	3050.89	3043.90	3034.58	3025.61	3021.35	3015.72	3012.76	3013.28	3008.10	2997.11	2978.65	2950.85	2950.57	2959.37	2966.33	2964.68	2952.09	2934.68	2904.11	2883.55	2877.88	2872.65	2866.99	2862.48	2860.59	2848.60	2823.37	2818.70	2819.78	2819.55	2814.08	2802.17	2787.57	2783.49	2779.40	2770.46	2752.44	2732.57	2727.14	2724.32	2711.84	2693.31	2681.17	2678.28	2676.74	2671.30	2659.37	2643.31	2633.93	2623.97	2611.34	2600.65	2586.38	2565.37	2549.76	2550.26	2548.62	2547.03	2536.84	2524.98	2512.37	2494.69	2493.38	2489.83	2470.45	2455.03	2438.31	2402.48	2381.38	2381.45	2370.47	2359.10	2350.99	2345.78	2337.94	2327.47	2315.14	2308.36	2289.45	2267.94	2256.06	2248.58	2237.61	2220.15	2206.21	2184.20	2163.63	2150.26	2143.40	2140.16	2127.19	2105.53	2080.32	2056.20	2035.05	2022.32	2002.96	1986.64	1960.46	1948.27	1936.81	1920.81	1899.65	1876.76	1857.29	1831.89	1815.73	1794.23	1767.05	1750.93	1738.40	1731.26	1720.87	1706.28	1692.57	1675.03	1636.03	1589.46	1577.05	1579.37	1570.87	1556.08	1539.40	1515.98	1493.84	1480.11	1472.15	1471.21	1475.45	1466.48	1466.35	1466.31	1365.81	1330.48	1427.85	1352.90	1280.26	1234.62	1192.38	1116.92	1058.31	1081.00	1078.54	1043.64	936.94	837.41	773.53	748.31	738.09	725.03	719.26	729.97	732.23	713.94	702.46	725.15	739.89	766.99	786.45	808.98	831.72	848.73	863.44	876.80	880.51	880.69	885.17	895.09	902.28	909.60
3268.13	3264.63	3258.73	3256.10	3256.03	3257.12	3258.55	3258.52	3256.06	3255.28	3256.72	3258.33	3258.97	3258.74	3257.94	3257.94	3258.00	3258.68	3260.86	3258.66	3253.09	3249.58	3251.88	3256.67	3261.70	3264.10	3262.04	3258.53	3257.82	3258.39	3258.33	3257.22	3255.84	3255.64	3255.68	3256.96	3260.31	3261.91	3261.61	3261.12	3260.30	3259.69	3258.32	3256.68	3253.05	3250.09	3247.89	3248.26	3249.86	3250.09	3248.30	3245.64	3240.19	3231.71	3229.30	3231.12	3231.19	3228.22	3223.10	3220.58	3217.93	3213.67	3208.22	3204.28	3203.51	3200.95	3196.88	3191.82	3184.16	3178.87	3171.99	3164.98	3158.95	3148.09	3141.32	3139.71	3137.40	3129.62	3121.45	3110.81	3095.81	3088.20	3086.19	3079.93	3072.52	3059.73	3049.36	3044.59	3037.27	3026.60	3019.06	3015.47	3014.27	3013.39	3008.19	2998.12	2972.98	2951.77	2954.72	2958.44	2963.33	2961.69	2951.62	2935.11	2907.99	2887.08	2881.10	2873.72	2865.59	2856.60	2853.87	2843.40	2820.97	2823.77	2823.94	2819.69	2813.47	2804.09	2790.20	2781.93	2777.67	2764.03	2744.79	2732.85	2727.36	2720.07	2706.53	2688.99	2679.82	2676.65	2673.14	2666.73	2651.05	2632.61	2630.52	2626.44	2617.85	2607.22	2593.58	2565.61	2543.53	2545.72	2548.39	2546.28	2538.22	2517.76	2503.29	2499.06	2499.03	2494.70	2471.99	2442.90	2428.82	2405.39	2382.95	2377.82	2369.99	2359.99	2347.70	2339.29	2328.59	2315.54	2303.07	2293.84	2284.80	2273.74	2266.81	2257.17	2241.96	2218.94	2191.66	2175.49	2158.52	2142.23	2139.22	2135.36	2122.92	2107.07	2088.42	2060.40	2033.59	2010.68	1991.40	1983.38	1961.65	1948.59	1937.07	1922.91	1902.09	1873.20	1849.59	1825.76	1822.06	1797.93	1759.55	1748.22	1740.72	1735.82	1727.48	1715.94	1705.78	1689.26	1666.25	1631.44	1606.02	1595.20	1582.46	1566.46	1549.06	1527.55	1502.91	1487.37	1477.48	1478.97	1484.20	1473.98	1460.01	1452.56	1388.18	1352.27	1361.72	1334.26	1296.22	1297.94	1290.45	1206.79	1105.48	1094.95	1116.20	1063.58	965.84	881.03	814.95	778.83	767.57	750.36	732.79	740.57	742.82	712.04	705.88	744.86	768.56	781.62	783.01	812.43	827.88	848.73	869.56	883.20	891.54	898.69	904.65	906.80	911.07	915.88
3278.74	3276.61	3272.20	3270.40	3268.89	3266.02	3264.11	3261.09	3257.46	3258.22	3262.02	3263.74	3263.02	3261.23	3260.88	3260.89	3260.83	3261.65	3263.67	3263.00	3260.04	3259.80	3261.30	3264.30	3267.72	3269.21	3267.01	3264.45	3261.40	3259.45	3260.49	3260.67	3260.25	3260.35	3259.82	3260.42	3263.31	3265.18	3265.16	3263.81	3261.85	3260.48	3259.90	3259.44	3257.97	3255.49	3252.54	3252.75	3253.90	3254.19	3252.40	3249.49	3245.70	3237.30	3233.16	3234.83	3235.75	3232.23	3224.63	3218.37	3216.51	3212.96	3208.55	3205.47	3204.83	3203.32	3200.72	3196.07	3187.57	3179.29	3171.74	3166.11	3158.62	3150.44	3146.38	3141.49	3136.30	3129.52	3122.18	3107.82	3093.49	3091.74	3089.50	3081.65	3069.53	3055.36	3049.57	3046.95	3040.48	3030.36	3021.55	3016.46	3012.12	3009.21	3006.38	2997.75	2972.27	2958.14	2959.87	2960.17	2959.48	2956.37	2948.06	2935.47	2914.75	2892.11	2879.39	2869.71	2864.32	2858.35	2853.73	2837.27	2817.87	2817.42	2817.58	2818.73	2813.37	2805.61	2793.91	2780.95	2769.14	2752.45	2741.59	2734.09	2724.24	2714.31	2701.15	2685.55	2675.13	2669.34	2666.26	2659.95	2643.48	2628.95	2633.80	2631.46	2621.15	2607.61	2589.30	2564.16	2547.22	2546.57	2545.43	2543.49	2536.30	2511.59	2500.88	2508.87	2507.30	2497.51	2468.69	2430.31	2417.18	2406.70	2385.59	2370.60	2362.74	2357.80	2350.16	2339.20	2321.38	2307.91	2299.30	2293.39	2290.00	2280.98	2275.57	2261.55	2243.47	2212.62	2178.64	2165.48	2149.60	2135.03	2131.83	2124.15	2114.19	2106.07	2090.66	2059.81	2030.09	2005.72	1989.17	1981.43	1966.45	1953.13	1942.89	1928.39	1904.72	1871.53	1844.90	1826.36	1821.69	1798.63	1762.16	1749.43	1744.05	1739.39	1732.06	1721.43	1709.91	1697.86	1683.67	1659.44	1630.93	1608.52	1589.52	1566.37	1544.12	1524.20	1502.97	1489.01	1480.65	1485.55	1487.21	1477.56	1464.07	1445.45	1413.49	1386.31	1365.54	1340.84	1325.67	1324.77	1318.96	1251.18	1165.85	1124.35	1119.99	1054.01	983.77	906.66	851.64	810.16	795.17	788.78	778.21	780.73	786.26	750.88	734.72	782.52	807.47	808.06	804.35	829.36	841.53	861.25	881.36	894.36	902.68	908.01	911.45	912.38	915.30	916.41
3286.36	3282.58	3280.01	3279.52	3276.80	3271.32	3266.01	3262.01	3262.77	3266.48	3269.49	3269.16	3266.45	3263.11	3262.11	3262.42	3262.17	3263.44	3264.94	3266.47	3268.22	3272.05	3273.62	3273.87	3275.15	3274.93	3273.68	3272.49	3269.36	3264.44	3264.35	3265.33	3265.26	3265.74	3266.12	3266.05	3267.66	3269.26	3267.92	3266.22	3264.06	3263.82	3265.67	3266.34	3265.33	3262.75	3259.51	3257.55	3257.01	3256.33	3255.42	3253.45	3251.51	3244.80	3239.48	3239.30	3239.28	3235.13	3227.17	3220.75	3219.62	3215.27	3209.03	3206.30	3206.49	3206.33	3205.48	3201.04	3194.98	3186.61	3176.61	3169.57	3162.14	3155.63	3151.87	3145.97	3138.12	3127.92	3115.22	3100.53	3092.45	3095.26	3092.91	3084.91	3069.98	3057.68	3054.67	3049.26	3040.62	3032.64	3024.93	3017.75	3007.74	3001.13	2999.08	2991.55	2974.92	2966.91	2963.57	2962.48	2959.91	2953.24	2944.06	2934.08	2918.89	2897.06	2876.37	2863.95	2863.54	2863.69	2859.38	2837.44	2815.39	2809.88	2812.76	2820.44	2815.57	2807.28	2795.11	2780.20	2759.25	2745.20	2740.34	2729.62	2717.63	2710.61	2702.24	2687.94	2669.33	2658.46	2658.14	2654.98	2642.87	2632.48	2635.61	2630.68	2618.81	2589.85	2569.70	2557.36	2549.86	2544.55	2541.08	2535.89	2522.54	2498.76	2494.79	2506.32	2504.91	2491.71	2460.02	2426.18	2414.44	2408.07	2388.61	2370.28	2364.72	2362.65	2357.34	2341.75	2318.10	2306.52	2300.11	2293.59	2292.48	2287.70	2275.72	2260.11	2227.92	2186.25	2162.26	2153.21	2145.41	2138.54	2130.12	2117.84	2110.70	2102.12	2086.42	2055.91	2024.45	2003.22	1992.67	1984.34	1975.38	1966.45	1955.39	1935.51	1908.56	1877.28	1842.98	1820.02	1808.50	1796.58	1776.40	1761.60	1751.47	1744.37	1736.77	1725.89	1714.84	1704.43	1690.30	1671.30	1646.35	1618.44	1594.52	1566.77	1557.58	1527.99	1504.87	1505.13	1502.24	1507.55	1504.71	1492.65	1483.92	1468.22	1442.69	1413.93	1390.52	1365.32	1347.47	1326.04	1296.33	1250.78	1202.52	1164.12	1133.31	1061.05	988.38	903.42	857.81	829.53	819.64	814.25	813.20	816.11	811.79	793.36	799.76	829.88	829.06	823.55	828.59	843.54	851.98	867.60	882.83	895.12	906.30	908.87	909.04	912.40	914.70	920.19
3289.52	3285.52	3282.93	3282.17	3278.16	3271.60	3266.96	3267.64	3273.38	3277.48	3278.23	3275.55	3270.78	3266.11	3263.96	3264.23	3263.73	3265.00	3267.36	3271.38	3275.65	3280.07	3282.53	3281.67	3280.15	3278.14	3278.04	3278.47	3276.89	3272.15	3269.35	3270.62	3272.30	3273.78	3274.34	3274.02	3274.10	3274.31	3272.93	3271.46	3270.41	3271.15	3273.01	3272.96	3271.39	3268.93	3266.32	3263.42	3260.96	3257.61	3257.00	3256.51	3255.07	3251.41	3247.10	3245.33	3243.58	3239.01	3231.83	3226.79	3224.86	3220.53	3212.87	3208.56	3208.55	3208.77	3208.39	3204.47	3199.74	3191.74	3181.24	3175.60	3171.05	3163.71	3157.47	3149.88	3138.39	3121.98	3105.51	3096.02	3095.55	3098.05	3093.71	3084.79	3073.92	3065.49	3060.36	3052.34	3041.82	3037.45	3031.39	3018.11	3001.75	2992.30	2990.72	2986.39	2978.60	2972.93	2966.23	2961.73	2956.36	2948.02	2939.05	2929.32	2917.70	2896.52	2873.70	2866.96	2867.91	2865.97	2860.23	2841.23	2820.22	2810.15	2815.40	2822.54	2817.20	2808.65	2795.65	2774.53	2751.19	2744.59	2739.79	2723.53	2711.48	2709.12	2701.32	2682.10	2661.38	2653.78	2656.14	2655.09	2647.27	2635.28	2629.35	2621.77	2606.74	2564.49	2544.09	2544.71	2545.12	2539.85	2535.94	2525.34	2510.30	2492.39	2486.65	2492.06	2491.01	2475.83	2452.73	2434.24	2425.89	2416.27	2393.91	2377.70	2372.59	2367.57	2358.79	2337.86	2319.66	2312.27	2305.83	2300.20	2300.01	2293.87	2274.54	2251.47	2204.94	2161.07	2148.80	2143.93	2145.89	2144.89	2134.05	2117.83	2110.27	2097.56	2076.96	2047.72	2018.73	2005.20	2000.41	1987.94	1973.12	1971.64	1963.31	1939.12	1912.42	1890.53	1852.88	1811.47	1794.09	1791.29	1782.16	1772.94	1762.63	1753.42	1741.78	1725.91	1718.67	1708.90	1695.94	1677.39	1651.93	1629.24	1618.75	1615.06	1636.36	1597.12	1538.84	1534.61	1533.83	1532.34	1527.86	1512.99	1499.25	1482.17	1455.14	1423.20	1398.61	1378.06	1359.80	1330.78	1294.02	1261.51	1226.15	1190.19	1150.98	1079.26	1004.90	922.58	862.97	840.12	837.71	837.15	834.00	829.59	825.05	832.62	855.96	861.24	850.94	844.37	845.00	854.69	860.97	875.18	888.53	897.22	906.19	907.36	908.20	912.20	920.60	937.78
3288.14	3285.14	3283.57	3282.82	3279.31	3276.23	3276.97	3280.76	3283.91	3285.42	3283.95	3280.25	3275.43	3271.60	3270.47	3270.62	3270.66	3271.40	3272.61	3276.66	3279.96	3282.93	3285.54	3283.43	3280.53	3279.81	3280.93	3281.55	3281.43	3278.83	3275.01	3274.38	3276.70	3278.51	3278.71	3279.07	3279.28	3279.97	3279.50	3278.06	3276.88	3277.01	3277.54	3277.08	3275.40	3272.49	3270.30	3268.26	3265.29	3259.90	3256.57	3256.39	3255.74	3253.95	3250.99	3248.81	3246.12	3242.26	3236.90	3232.43	3228.46	3222.46	3215.20	3210.44	3209.20	3208.24	3206.89	3204.42	3200.42	3192.21	3183.97	3179.97	3175.01	3167.47	3161.12	3150.17	3135.53	3117.36	3101.70	3097.26	3098.41	3098.36	3092.44	3084.78	3081.50	3076.48	3064.51	3050.90	3042.29	3042.03	3036.19	3017.92	2998.31	2989.20	2987.19	2984.97	2980.78	2974.46	2967.06	2959.98	2951.63	2943.02	2933.41	2920.77	2908.27	2889.01	2873.17	2871.50	2870.12	2863.42	2852.77	2838.57	2825.23	2816.38	2820.35	2823.91	2817.73	2808.07	2793.34	2767.98	2748.37	2742.53	2733.71	2717.21	2710.67	2708.37	2696.24	2677.09	2663.01	2657.75	2659.19	2657.58	2650.04	2633.68	2621.03	2610.52	2587.36	2550.10	2531.09	2534.23	2538.20	2539.75	2536.20	2524.19	2507.32	2490.90	2484.83	2483.69	2478.36	2465.39	2452.75	2443.57	2433.01	2415.11	2396.97	2385.71	2374.82	2365.53	2353.61	2335.16	2323.62	2319.54	2316.16	2314.23	2313.28	2300.45	2276.04	2255.51	2221.29	2185.64	2156.93	2141.59	2145.05	2145.08	2132.16	2115.57	2107.59	2095.15	2071.49	2042.74	2017.82	2011.89	2010.43	1995.13	1975.94	1970.40	1956.86	1934.27	1912.68	1898.71	1863.68	1819.75	1795.01	1793.74	1784.24	1773.04	1768.96	1763.74	1754.54	1739.23	1724.94	1713.99	1709.11	1694.05	1682.10	1670.26	1659.72	1653.24	1678.48	1639.19	1573.46	1561.83	1555.06	1548.63	1546.88	1534.26	1515.82	1494.87	1472.93	1443.71	1404.61	1383.66	1360.78	1326.11	1297.17	1272.24	1238.27	1201.76	1162.07	1105.67	1031.62	953.05	885.58	865.01	856.19	850.68	841.66	829.16	828.75	856.60	879.44	879.28	875.59	871.62	866.85	867.60	871.74	883.57	893.57	899.03	905.20	910.14	920.25	929.79	939.86	952.07
3285.97	3284.67	3285.26	3283.97	3284.81	3287.68	3291.02	3293.42	3294.18	3292.00	3287.81	3283.91	3281.25	3279.38	3279.50	3280.47	3281.16	3281.70	3281.71	3282.57	3283.34	3284.24	3285.55	3282.62	3279.42	3281.09	3284.23	3285.31	3285.53	3285.46	3281.89	3279.79	3281.53	3283.05	3283.76	3283.42	3283.06	3284.02	3284.63	3283.74	3282.34	3281.33	3280.96	3280.20	3278.84	3275.96	3274.01	3272.13	3269.34	3264.18	3258.22	3255.34	3255.01	3254.78	3252.49	3249.89	3247.00	3243.57	3240.43	3237.19	3231.18	3222.93	3216.50	3212.30	3210.06	3208.25	3204.93	3202.55	3200.31	3193.82	3188.53	3183.82	3175.33	3166.71	3159.17	3146.52	3134.50	3119.76	3106.55	3102.78	3100.72	3095.49	3090.17	3088.70	3089.52	3085.75	3071.28	3053.48	3042.45	3038.75	3033.01	3017.91	3001.22	2990.59	2986.10	2984.44	2978.50	2970.40	2964.14	2958.58	2948.69	2936.00	2922.01	2909.71	2899.75	2888.23	2878.90	2873.35	2867.36	2858.67	2848.25	2838.59	2831.47	2823.90	2823.54	2822.91	2815.88	2804.32	2788.24	2766.02	2749.48	2737.74	2726.77	2716.60	2713.70	2708.14	2694.33	2679.15	2670.32	2661.91	2659.10	2657.20	2648.59	2629.26	2610.91	2596.12	2574.55	2545.45	2527.63	2532.80	2538.43	2543.57	2535.63	2518.12	2504.31	2494.12	2489.50	2483.59	2476.09	2464.95	2455.20	2447.19	2431.86	2404.26	2393.97	2386.31	2368.18	2356.82	2348.42	2337.18	2329.31	2326.17	2322.93	2319.36	2318.75	2307.45	2281.56	2261.69	2239.11	2212.44	2173.93	2148.40	2146.38	2143.56	2133.88	2119.53	2104.65	2080.57	2060.67	2048.41	2027.08	2019.28	2018.01	2005.95	1995.47	1985.62	1960.61	1934.89	1916.45	1895.58	1859.14	1821.50	1804.03	1804.10	1790.66	1771.16	1768.62	1767.34	1763.01	1754.04	1733.81	1718.45	1720.34	1713.42	1713.38	1705.18	1686.55	1665.83	1664.37	1636.40	1599.25	1583.89	1572.25	1563.51	1557.91	1545.14	1533.83	1510.76	1483.43	1461.06	1418.54	1391.90	1364.27	1333.46	1310.98	1284.42	1251.29	1222.51	1187.90	1127.34	1056.06	957.18	909.66	903.30	869.48	850.45	840.67	830.25	831.71	865.05	890.95	893.00	888.80	885.39	883.22	882.96	881.83	886.16	892.73	900.12	909.77	922.28	938.27	948.86	956.20	959.10
3289.49	3289.32	3289.22	3288.47	3293.45	3299.55	3301.15	3302.33	3301.30	3296.44	3290.68	3286.65	3285.86	3286.84	3287.93	3287.02	3287.56	3289.51	3289.51	3288.16	3285.90	3283.42	3282.85	3282.06	3280.84	3283.53	3287.57	3289.14	3288.61	3289.43	3287.53	3286.99	3288.74	3289.60	3289.61	3288.96	3287.61	3287.61	3289.10	3288.24	3286.69	3285.31	3284.18	3283.31	3281.78	3279.32	3277.81	3275.97	3272.59	3268.09	3261.23	3255.54	3253.34	3254.14	3253.23	3250.47	3247.39	3244.77	3242.36	3238.70	3231.77	3224.60	3218.82	3214.03	3211.75	3209.38	3203.43	3199.99	3200.36	3196.64	3192.66	3188.40	3178.93	3165.23	3152.46	3142.05	3134.18	3121.66	3110.72	3108.01	3102.11	3093.93	3089.65	3091.77	3093.95	3089.88	3079.30	3062.19	3045.89	3033.78	3026.82	3018.10	3007.35	2995.37	2989.49	2985.91	2976.04	2965.76	2956.70	2953.36	2944.23	2932.14	2917.26	2905.10	2898.26	2890.95	2880.54	2871.34	2863.57	2854.41	2847.67	2842.59	2839.26	2830.80	2824.27	2820.89	2813.86	2803.09	2787.96	2768.61	2746.24	2732.22	2725.94	2720.99	2715.13	2705.27	2691.90	2681.01	2672.22	2659.48	2653.03	2652.25	2643.46	2622.22	2598.07	2581.14	2566.08	2547.45	2533.77	2535.60	2537.97	2540.72	2531.39	2513.99	2503.30	2497.54	2491.92	2482.83	2475.49	2465.80	2455.11	2446.26	2432.86	2408.07	2393.56	2379.52	2363.80	2354.32	2347.01	2337.70	2331.72	2330.22	2324.88	2317.21	2313.94	2306.78	2283.34	2258.01	2237.82	2222.60	2190.87	2161.24	2152.74	2146.30	2141.89	2127.98	2099.08	2065.99	2053.34	2053.14	2035.98	2023.24	2016.55	2001.63	2004.62	2004.00	1973.74	1941.55	1923.71	1904.38	1867.10	1832.20	1817.46	1813.77	1801.97	1781.86	1772.77	1767.55	1762.80	1759.10	1743.45	1725.54	1720.29	1713.54	1709.45	1700.39	1683.84	1665.68	1651.91	1637.57	1619.99	1600.36	1584.28	1577.10	1567.35	1552.40	1547.41	1524.10	1479.38	1450.22	1415.13	1395.01	1375.20	1353.39	1326.65	1291.48	1265.25	1277.88	1222.26	1086.91	1011.60	967.87	941.96	948.51	890.12	854.01	859.94	837.27	850.45	893.45	914.74	916.39	911.01	903.15	902.41	901.03	892.11	882.31	881.39	896.18	915.21	927.81	939.74	948.63	956.27	959.40
3301.47	3301.34	3299.43	3297.05	3299.95	3305.28	3306.88	3306.64	3303.60	3298.95	3294.52	3291.57	3291.29	3293.17	3294.06	3291.55	3291.14	3293.03	3293.24	3291.13	3287.45	3283.71	3283.57	3285.68	3287.14	3288.03	3289.77	3291.43	3291.64	3292.74	3291.82	3291.36	3292.95	3293.53	3293.05	3292.68	3291.20	3290.34	3291.47	3291.16	3289.75	3288.36	3287.45	3286.45	3284.59	3282.33	3280.81	3279.17	3275.32	3270.59	3263.65	3256.88	3252.28	3252.57	3253.98	3252.05	3249.50	3247.22	3244.45	3239.46	3233.17	3227.23	3221.02	3216.17	3214.31	3211.18	3204.22	3199.86	3200.88	3199.65	3195.06	3189.94	3180.53	3164.68	3150.44	3143.39	3136.71	3122.00	3109.58	3108.88	3102.36	3095.00	3090.31	3091.69	3094.71	3091.12	3083.44	3065.03	3048.00	3033.58	3023.80	3016.58	3009.40	3000.62	2996.64	2991.81	2976.20	2960.32	2951.07	2948.45	2942.14	2934.87	2921.94	2907.93	2900.11	2890.80	2877.36	2868.39	2861.23	2851.10	2848.81	2848.32	2844.85	2836.47	2827.26	2820.18	2812.76	2802.52	2789.02	2773.51	2750.49	2734.14	2725.99	2719.94	2712.43	2700.27	2685.96	2677.09	2668.36	2654.59	2646.73	2643.56	2633.95	2611.80	2584.61	2570.50	2565.86	2553.16	2541.76	2538.68	2536.97	2536.61	2529.15	2518.46	2508.40	2497.52	2487.40	2477.27	2471.36	2463.50	2453.29	2445.68	2433.90	2410.21	2389.93	2376.33	2366.66	2355.89	2345.11	2334.34	2329.28	2329.28	2326.18	2314.15	2306.52	2296.76	2273.97	2256.01	2234.15	2215.78	2196.09	2170.40	2158.24	2149.97	2142.89	2125.07	2093.95	2068.10	2058.99	2052.93	2039.39	2024.56	2008.64	1992.01	1999.28	2007.82	1976.74	1943.61	1926.42	1900.93	1868.56	1838.72	1826.82	1820.80	1806.39	1790.53	1782.28	1774.59	1767.58	1767.25	1756.37	1739.60	1721.79	1703.14	1695.14	1688.69	1678.49	1662.20	1651.30	1638.56	1623.56	1607.30	1591.14	1579.83	1567.76	1554.41	1552.31	1534.98	1489.33	1452.27	1419.44	1401.17	1387.71	1371.27	1341.56	1304.87	1287.16	1315.30	1221.10	1113.56	1004.74	998.66	986.00	987.20	924.62	872.70	872.53	844.32	860.45	911.82	934.89	934.60	926.06	916.50	913.97	912.86	906.16	879.15	861.88	889.75	917.33	929.58	939.06	947.50	954.65	959.73
3312.35	3312.81	3311.52	3308.51	3305.99	3308.03	3309.70	3308.26	3305.12	3302.06	3299.53	3298.32	3298.28	3298.83	3298.90	3296.76	3296.15	3296.10	3294.87	3292.91	3291.65	3291.22	3292.82	3296.43	3296.72	3293.69	3292.47	3293.10	3293.79	3293.95	3293.11	3292.93	3293.95	3294.84	3295.18	3294.90	3293.81	3292.69	3293.46	3293.66	3292.89	3291.28	3289.81	3289.10	3287.53	3285.11	3283.30	3281.76	3278.19	3273.28	3266.41	3259.79	3254.71	3253.20	3255.41	3254.57	3252.73	3250.63	3247.41	3242.13	3236.71	3230.20	3222.67	3218.10	3216.49	3212.45	3206.05	3202.76	3202.91	3200.79	3196.07	3188.98	3178.44	3164.64	3154.11	3147.24	3137.91	3123.04	3110.61	3108.55	3102.61	3096.61	3092.28	3092.88	3094.25	3089.89	3082.11	3065.83	3049.69	3030.74	3018.62	3013.42	3008.79	3004.16	3003.14	2999.90	2971.76	2945.17	2946.12	2946.84	2942.16	2936.84	2925.26	2911.94	2902.47	2887.28	2872.81	2867.00	2861.41	2853.04	2851.28	2851.83	2846.58	2839.08	2831.05	2821.62	2811.78	2800.37	2787.72	2779.00	2749.95	2731.11	2721.55	2713.90	2706.99	2693.59	2679.82	2672.09	2663.95	2653.48	2644.78	2637.32	2625.42	2604.51	2580.00	2569.96	2568.83	2560.84	2550.74	2542.59	2538.09	2536.31	2529.31	2521.16	2510.29	2494.69	2480.80	2471.45	2467.60	2462.34	2454.43	2447.19	2435.02	2410.42	2386.86	2376.56	2368.59	2356.15	2344.03	2330.41	2324.32	2323.78	2320.85	2306.92	2296.22	2284.05	2264.84	2255.12	2235.48	2215.02	2201.77	2183.61	2169.79	2157.41	2143.52	2122.26	2094.07	2073.19	2061.64	2053.74	2042.52	2024.77	2000.07	1984.16	1991.87	1996.89	1974.93	1943.70	1923.68	1897.26	1867.15	1845.66	1837.98	1829.35	1809.84	1796.63	1793.69	1783.43	1773.39	1774.63	1767.48	1753.67	1727.43	1691.12	1681.66	1681.68	1673.55	1661.94	1653.41	1640.99	1623.58	1608.84	1593.52	1580.39	1566.35	1556.05	1551.54	1537.45	1508.14	1477.44	1442.40	1414.81	1400.64	1383.54	1353.52	1329.24	1315.47	1302.83	1279.67	1302.51	1171.08	1058.53	1033.45	1020.23	971.38	906.99	879.45	860.74	870.54	913.50	939.88	945.60	938.67	927.26	922.15	920.93	910.65	932.86	930.54	903.62	918.00	930.22	937.33	947.33	958.22	964.72
3319.74	3321.17	3320.88	3319.44	3314.89	3312.59	3312.67	3311.08	3308.88	3306.57	3304.92	3304.38	3304.35	3304.17	3303.43	3302.26	3301.92	3300.38	3297.97	3297.39	3299.91	3302.22	3303.49	3305.28	3303.40	3299.08	3295.89	3295.22	3295.53	3294.83	3294.40	3295.24	3296.35	3297.35	3298.10	3297.20	3296.24	3294.99	3295.27	3296.42	3295.83	3293.41	3291.97	3291.94	3290.67	3288.53	3286.19	3284.48	3281.16	3276.73	3270.62	3264.20	3259.38	3256.45	3257.32	3258.06	3256.79	3253.71	3249.67	3244.81	3239.98	3232.52	3223.74	3219.72	3217.27	3212.41	3207.94	3207.05	3204.80	3200.25	3194.84	3186.05	3174.78	3165.47	3159.53	3151.20	3135.93	3122.18	3114.06	3107.61	3100.67	3097.30	3097.02	3099.19	3096.46	3088.79	3080.02	3066.24	3044.45	3023.38	3014.86	3014.32	3012.47	3008.21	3004.60	3000.11	2972.65	2941.84	2947.08	2948.38	2941.13	2931.99	2919.26	2907.95	2899.03	2884.16	2873.61	2869.46	2865.41	2858.77	2852.15	2850.67	2845.56	2839.38	2831.85	2822.89	2812.79	2798.45	2784.49	2769.07	2728.12	2712.87	2715.88	2711.98	2704.32	2689.54	2676.38	2670.58	2662.10	2655.67	2647.10	2635.60	2620.96	2598.64	2581.40	2575.49	2570.44	2567.89	2559.72	2545.74	2539.39	2535.60	2527.58	2518.23	2507.95	2491.22	2475.68	2468.33	2466.76	2463.89	2457.94	2449.24	2435.39	2411.31	2387.31	2380.25	2370.71	2353.67	2336.84	2323.35	2316.89	2313.49	2307.48	2296.95	2285.94	2273.30	2259.67	2248.94	2237.06	2224.94	2215.95	2200.72	2183.48	2165.08	2147.46	2127.67	2101.21	2076.83	2066.05	2062.40	2052.57	2029.83	1999.80	1981.03	1981.39	1979.58	1971.74	1935.54	1911.28	1905.39	1880.85	1859.33	1851.09	1841.11	1817.68	1804.37	1802.63	1792.15	1780.99	1779.68	1776.92	1770.18	1748.72	1702.44	1677.16	1673.47	1669.89	1662.42	1654.65	1642.23	1624.86	1607.17	1592.10	1579.75	1568.00	1557.89	1548.83	1533.23	1509.82	1484.31	1454.57	1428.81	1414.79	1394.67	1365.66	1363.51	1355.57	1306.41	1311.02	1384.71	1245.15	1088.95	1051.45	1035.95	1033.91	983.03	931.20	914.83	917.92	939.76	957.67	963.37	955.84	945.09	941.20	932.78	931.76	1030.78	1060.25	958.56	926.80	936.80	940.73	946.87	959.72	970.46
3324.20	3324.04	3325.27	3325.95	3322.75	3317.73	3315.79	3315.55	3312.96	3311.08	3309.68	3309.28	3309.32	3308.87	3307.58	3307.45	3306.64	3305.32	3303.72	3303.88	3306.51	3308.73	3309.42	3308.48	3306.29	3302.79	3300.27	3300.09	3301.00	3300.74	3300.82	3301.61	3301.90	3302.39	3302.12	3300.97	3300.16	3299.33	3297.96	3297.36	3296.91	3294.64	3293.89	3294.47	3293.26	3290.92	3287.70	3285.48	3282.94	3279.42	3275.39	3269.83	3264.34	3260.33	3259.39	3260.89	3259.48	3255.87	3251.68	3247.55	3242.70	3235.20	3227.80	3221.68	3216.91	3212.31	3210.10	3210.19	3206.83	3200.77	3193.88	3183.99	3174.49	3168.87	3164.18	3151.82	3135.09	3127.08	3120.69	3108.10	3098.75	3098.04	3101.67	3103.80	3099.28	3090.59	3080.84	3062.89	3037.82	3024.14	3017.39	3018.05	3018.38	3013.27	3005.62	2995.34	2978.23	2955.41	2951.78	2951.30	2944.08	2933.38	2911.39	2892.24	2887.10	2882.93	2879.68	2873.53	2865.81	2858.42	2850.87	2849.60	2847.59	2842.78	2834.46	2821.22	2809.53	2795.08	2776.94	2757.35	2730.71	2719.93	2718.47	2712.46	2703.01	2687.62	2674.83	2668.99	2661.87	2657.55	2651.11	2633.58	2612.40	2589.34	2580.08	2577.76	2572.38	2571.02	2563.71	2547.37	2538.75	2533.03	2520.37	2506.05	2495.95	2481.17	2469.50	2465.99	2467.76	2465.24	2459.50	2450.57	2436.68	2413.23	2391.92	2387.87	2375.69	2349.84	2326.81	2316.55	2311.62	2306.76	2299.29	2289.68	2279.52	2270.28	2260.74	2248.04	2239.49	2236.43	2227.34	2209.23	2188.17	2167.26	2150.60	2134.05	2110.70	2086.64	2075.61	2072.99	2061.89	2034.87	2007.40	1991.11	1984.69	1976.21	1964.24	1924.24	1903.15	1907.33	1887.66	1871.25	1860.32	1851.05	1830.73	1812.39	1801.71	1796.27	1793.26	1786.57	1780.17	1774.72	1765.86	1734.78	1695.64	1677.52	1671.51	1664.38	1656.18	1645.41	1630.55	1610.82	1591.01	1578.29	1569.01	1559.07	1545.34	1527.20	1503.96	1477.13	1452.53	1431.12	1415.43	1393.25	1385.21	1376.29	1367.29	1349.12	1304.33	1273.99	1195.80	1135.66	1101.04	1087.87	1096.72	1070.34	1022.44	993.35	984.40	991.92	994.00	985.98	974.87	967.12	971.32	958.08	958.57	1021.00	1061.90	998.07	955.52	966.45	972.39	978.39	980.03	984.49