																																																																																																																																																																																																												0.00	0.00	0.00	0.00	0.00	0.00	0.00	0.00	0.00	0.00																																										
																																																																																																																																																																																																												0.00	0.00	0.00	0.00	0.00	0.00	0.00	0.00	0.00	0.00																																										
																																																																																																																																																																																																									0.00	0.00	0.00	0.00	3.00	12.00	16.00	16.00	14.00	13.00	12.00	11.00	11.00	10.00	8.00	7.00	6.00	6.00	3.00	2.00	1.00																																		
																																																																																																																																																																																																									0.00	0.00	0.00	0.00	3.00	12.00	16.00	16.00	14.00	13.00	12.00	11.00	11.00	10.00	8.00	7.00	6.00	6.00	3.00	2.00	1.00																																		
																																																																																																																																																																																																									0.00	0.00	0.00	0.00	3.00	12.00	16.00	16.00	14.00	13.00	12.00	11.00	11.00	10.00	8.00	7.00	6.00	6.00	3.00	2.00	1.00																																		
																																																																																																																																																																																																									0.00	0.00	0.00	0.00	3.00	12.00	16.00	16.00	14.00	13.00	12.00	11.00	11.00	10.00	8.00	7.00	6.00	6.00	3.00	2.00	1.00																																		
																																																																																																																																																																																																									0.00	0.00	0.00	0.00	3.00	12.00	16.00	16.00	14.00	13.00	12.00	11.00	11.00	10.00	8.00	7.00	6.00	6.00	3.00	2.00	1.00																																		
																																																																																																																																																																																																										0.00	0.00	0.00	5.00	16.00	24.00	28.00	30.00	31.00	33.00	35.00	35.00	35.00	34.00	33.00	32.00	31.00	24.00	19.00	15.00	8.00	2.00	1.00																															
																																																																																																																																																																																																										0.00	0.00	0.00	5.00	16.00	24.00	28.00	30.00	31.00	33.00	35.00	35.00	35.00	34.00	33.00	32.00	31.00	24.00	19.00	15.00	8.00	2.00	1.00																															
																																																																																																																																																																																																										0.00	0.00	0.00	5.00	16.00	24.00	28.00	30.00	31.00	33.00	35.00	35.00	35.00	34.00	33.00	32.00	31.00	24.00	19.00	15.00	8.00	2.00	1.00																															
																																																																																																																																																																																																										0.00	0.00	0.00	5.00	16.00	24.00	28.00	30.00	31.00	33.00	35.00	35.00	35.00	34.00	33.00	32.00	31.00	24.00	19.00	15.00	8.00	2.00	1.00																															
																																																																																																																																																																																																											0.00	0.00	0.00	1.00	3.00	8.00	15.00	29.00	38.00	44.00	45.00	48.00	49.00	49.00	47.00	43.00	34.00	30.00	25.00	16.00	7.00	3.00	1.00																														
																																																																																																																																																																																																											0.00	0.00	0.00	1.00	3.00	8.00	15.00	29.00	38.00	44.00	45.00	48.00	49.00	49.00	47.00	43.00	34.00	30.00	25.00	16.00	7.00	3.00	1.00																														
																																																																																																																																																																																																											0.00	0.00	0.00	1.00	3.00	8.00	15.00	29.00	38.00	44.00	45.00	48.00	49.00	49.00	47.00	43.00	34.00	30.00	25.00	16.00	7.00	3.00	1.00																														
																																																																																																																																																																																																											0.00	0.00	0.00	1.00	3.00	8.00	15.00	29.00	38.00	44.00	45.00	48.00	49.00	49.00	47.00	43.00	34.00	30.00	25.00	16.00	7.00	3.00	1.00																														
																																																																																																																																																																																																											0.00	0.00	0.00	0.00	0.00	0.00	1.00	22.00	41.00	52.00	56.00	62.00	64.00	64.00	60.00	57.00	46.00	40.00	35.00	26.00	15.00	12.00	7.00	2.00	1.00	0.00	0.00	0.00	0.00	0.00	0.00	0.00	0.00	0.00	0.00	0.00	0.00	0.00	0.00	0.00													
																																																																																																																																																																																																											0.00	0.00	0.00	0.00	0.00	0.00	1.00	22.00	41.00	52.00	56.00	62.00	64.00	64.00	60.00	57.00	46.00	40.00	35.00	26.00	15.00	12.00	7.00	2.00	1.00	0.00	0.00	0.00	0.00	0.00	0.00	0.00	0.00	0.00	0.00	0.00	0.00	0.00	0.00	0.00													
																																																																																																																																																																																																											0.00	0.00	0.00	0.00	0.00	0.00	1.00	22.00	41.00	52.00	56.00	62.00	64.00	64.00	60.00	57.00	46.00	40.00	35.00	26.00	15.00	12.00	7.00	2.00	1.00	0.00	0.00	0.00	0.00	0.00	0.00	0.00	0.00	0.00	0.00	0.00	0.00	0.00	0.00	0.00													
																																																																																																																																																																																																											0.00	0.00	0.00	0.00	0.00	0.00	1.00	22.00	41.00	52.00	56.00	62.00	64.00	64.00	60.00	57.00	46.00	40.00	35.00	26.00	15.00	12.00	7.00	2.00	1.00	0.00	0.00	0.00	0.00	0.00	0.00	0.00	0.00	0.00	0.00	0.00	0.00	0.00	0.00	0.00													
																																																																																																																																																																																																											0.00	0.00	0.00	0.00	0.00	0.00	1.00	22.00	41.00	52.00	56.00	62.00	64.00	64.00	60.00	57.00	46.00	40.00	35.00	26.00	15.00	12.00	7.00	2.00	1.00	0.00	0.00	0.00	0.00	0.00	0.00	0.00	0.00	0.00	0.00	0.00	0.00	0.00	0.00	0.00													
																																																																																																																																																																																																					1.00	1.00	1.00	2.00	3.00	3.00	4.00	4.00	8.00	10.00	14.00	19.00	25.00	41.00	56.00	60.00	60.00	66.00	67.00	67.00	64.00	61.00	57.00	53.00	50.00	39.00	33.00	32.00	30.00	27.00	24.00	21.00	18.00	16.00	16.00	13.00	12.00	11.00	10.00	9.00	7.00	6.00	5.00	4.00	2.00	1.00													
																																																																																																																																																																																																					1.00	1.00	1.00	2.00	3.00	3.00	4.00	4.00	8.00	10.00	14.00	19.00	25.00	41.00	56.00	60.00	60.00	66.00	67.00	67.00	64.00	61.00	57.00	53.00	50.00	39.00	33.00	32.00	30.00	27.00	24.00	21.00	18.00	16.00	16.00	13.00	12.00	11.00	10.00	9.00	7.00	6.00	5.00	4.00	2.00	1.00													
																																																																																																																																																																																																					1.00	1.00	1.00	2.00	3.00	3.00	4.00	4.00	8.00	10.00	14.00	19.00	25.00	41.00	56.00	60.00	60.00	66.00	67.00	67.00	64.00	61.00	57.00	53.00	50.00	39.00	33.00	32.00	30.00	27.00	24.00	21.00	18.00	16.00	16.00	13.00	12.00	11.00	10.00	9.00	7.00	6.00	5.00	4.00	2.00	1.00													
																																																																																																																																																																																																					1.00	1.00	1.00	2.00	3.00	3.00	4.00	4.00	8.00	10.00	14.00	19.00	25.00	41.00	56.00	60.00	60.00	66.00	67.00	67.00	64.00	61.00	57.00	53.00	50.00	39.00	33.00	32.00	30.00	27.00	24.00	21.00	18.00	16.00	16.00	13.00	12.00	11.00	10.00	9.00	7.00	6.00	5.00	4.00	2.00	1.00													
																																																																																																																																																																																															2.00	7.00	10.00	13.00	15.00	19.00	22.00	24.00	25.00	27.00	36.00	39.00	42.00	46.00	52.00	54.00	57.00	59.00	61.00	63.00	63.00	64.00	64.00	72.00	74.00	73.00	71.00	69.00	67.00	67.00	66.00	64.00	62.00	60.00	60.00	58.00	56.00	55.00	53.00	51.00	50.00	44.00	44.00	41.00	39.00	37.00	32.00	30.00	29.00	27.00	21.00	14.00	6.00	2.00	0.00	0.00									
																																																																																																																																																																																															2.00	7.00	10.00	13.00	15.00	19.00	22.00	24.00	25.00	27.00	36.00	39.00	42.00	46.00	52.00	54.00	57.00	59.00	61.00	63.00	63.00	64.00	64.00	72.00	74.00	73.00	71.00	69.00	67.00	67.00	66.00	64.00	62.00	60.00	60.00	58.00	56.00	55.00	53.00	51.00	50.00	44.00	44.00	41.00	39.00	37.00	32.00	30.00	29.00	27.00	21.00	14.00	6.00	2.00	0.00	0.00									
																																																																																																																																																																																															2.00	7.00	10.00	13.00	15.00	19.00	22.00	24.00	25.00	27.00	36.00	39.00	42.00	46.00	52.00	54.00	57.00	59.00	61.00	63.00	63.00	64.00	64.00	72.00	74.00	73.00	71.00	69.00	67.00	67.00	66.00	64.00	62.00	60.00	60.00	58.00	56.00	55.00	53.00	51.00	50.00	44.00	44.00	41.00	39.00	37.00	32.00	30.00	29.00	27.00	21.00	14.00	6.00	2.00	0.00	0.00									
																																																																																																																																																																																															2.00	7.00	10.00	13.00	15.00	19.00	22.00	24.00	25.00	27.00	36.00	39.00	42.00	46.00	52.00	54.00	57.00	59.00	61.00	63.00	63.00	64.00	64.00	72.00	74.00	73.00	71.00	69.00	67.00	67.00	66.00	64.00	62.00	60.00	60.00	58.00	56.00	55.00	53.00	51.00	50.00	44.00	44.00	41.00	39.00	37.00	32.00	30.00	29.00	27.00	21.00	14.00	6.00	2.00	0.00	0.00									
																																																																																																																																																																																															2.00	7.00	10.00	13.00	15.00	19.00	22.00	24.00	25.00	27.00	36.00	39.00	42.00	46.00	52.00	54.00	57.00	59.00	61.00	63.00	63.00	64.00	64.00	72.00	74.00	73.00	71.00	69.00	67.00	67.00	66.00	64.00	62.00	60.00	60.00	58.00	56.00	55.00	53.00	51.00	50.00	44.00	44.00	41.00	39.00	37.00	32.00	30.00	29.00	27.00	21.00	14.00	6.00	2.00	0.00	0.00									
																																																																																																																																																																																														1.00	6.00	23.00	31.00	33.00	34.00	37.00	40.00	42.00	40.00	44.00	58.00	61.00	63.00	62.00	64.00	65.00	66.00	66.00	68.00	70.00	69.00	70.00	70.00	77.00	80.00	81.00	81.00	80.00	80.00	80.00	80.00	79.00	77.00	77.00	78.00	77.00	75.00	75.00	73.00	71.00	72.00	67.00	66.00	64.00	63.00	62.00	58.00	55.00	50.00	43.00	30.00	20.00	6.00	0.00	0.00	0.00	0.00								
																																																																																																																																																																																														1.00	6.00	23.00	31.00	33.00	34.00	37.00	40.00	42.00	40.00	44.00	58.00	61.00	63.00	62.00	64.00	65.00	66.00	66.00	68.00	70.00	69.00	70.00	70.00	77.00	80.00	81.00	81.00	80.00	80.00	80.00	80.00	79.00	77.00	77.00	78.00	77.00	75.00	75.00	73.00	71.00	72.00	67.00	66.00	64.00	63.00	62.00	58.00	55.00	50.00	43.00	30.00	20.00	6.00	0.00	0.00	0.00	0.00								
																																																																																																																																																																																														1.00	6.00	23.00	31.00	33.00	34.00	37.00	40.00	42.00	40.00	44.00	58.00	61.00	63.00	62.00	64.00	65.00	66.00	66.00	68.00	70.00	69.00	70.00	70.00	77.00	80.00	81.00	81.00	80.00	80.00	80.00	80.00	79.00	77.00	77.00	78.00	77.00	75.00	75.00	73.00	71.00	72.00	67.00	66.00	64.00	63.00	62.00	58.00	55.00	50.00	43.00	30.00	20.00	6.00	0.00	0.00	0.00	0.00								
																																																																																																																																																																																														1.00	6.00	23.00	31.00	33.00	34.00	37.00	40.00	42.00	40.00	44.00	58.00	61.00	63.00	62.00	64.00	65.00	66.00	66.00	68.00	70.00	69.00	70.00	70.00	77.00	80.00	81.00	81.00	80.00	80.00	80.00	80.00	79.00	77.00	77.00	78.00	77.00	75.00	75.00	73.00	71.00	72.00	67.00	66.00	64.00	63.00	62.00	58.00	55.00	50.00	43.00	30.00	20.00	6.00	0.00	0.00	0.00	0.00								
																																																																																																																																																																																														1.00	6.00	23.00	31.00	33.00	34.00	37.00	40.00	42.00	40.00	44.00	58.00	61.00	63.00	62.00	64.00	65.00	66.00	66.00	68.00	70.00	69.00	70.00	70.00	77.00	80.00	81.00	81.00	80.00	80.00	80.00	80.00	79.00	77.00	77.00	78.00	77.00	75.00	75.00	73.00	71.00	72.00	67.00	66.00	64.00	63.00	62.00	58.00	55.00	50.00	43.00	30.00	20.00	6.00	0.00	0.00	0.00	0.00								
																																																																																																																																																																																														1.00	6.00	23.00	31.00	33.00	34.00	37.00	40.00	42.00	40.00	44.00	58.00	61.00	63.00	62.00	64.00	65.00	66.00	66.00	68.00	70.00	69.00	70.00	70.00	77.00	80.00	81.00	81.00	80.00	80.00	80.00	80.00	79.00	77.00	77.00	78.00	77.00	75.00	75.00	73.00	71.00	72.00	67.00	66.00	64.00	63.00	62.00	58.00	55.00	50.00	43.00	30.00	20.00	6.00	0.00	0.00	0.00	0.00								
																																																																																																																																																																																															0.00	2.00	4.00	7.00	9.00	14.00	18.00	20.00	22.00	25.00	37.00	41.00	45.00	46.00	52.00	53.00	55.00	58.00	59.00	62.00	63.00	63.00	64.00	69.00	73.00	75.00	77.00	79.00	80.00	81.00	81.00	82.00	81.00	81.00	82.00	81.00	80.00	80.00	79.00	78.00	78.00	73.00	72.00	71.00	70.00	68.00	64.00	61.00	58.00	50.00	30.00	25.00	14.00	7.00	2.00	0.00	0.00	0.00							
																																																																																																																																																																																															0.00	2.00	4.00	7.00	9.00	14.00	18.00	20.00	22.00	25.00	37.00	41.00	45.00	46.00	52.00	53.00	55.00	58.00	59.00	62.00	63.00	63.00	64.00	69.00	73.00	75.00	77.00	79.00	80.00	81.00	81.00	82.00	81.00	81.00	82.00	81.00	80.00	80.00	79.00	78.00	78.00	73.00	72.00	71.00	70.00	68.00	64.00	61.00	58.00	50.00	30.00	25.00	14.00	7.00	2.00	0.00	0.00	0.00							
																																																																																																																																																																																															0.00	2.00	4.00	7.00	9.00	14.00	18.00	20.00	22.00	25.00	37.00	41.00	45.00	46.00	52.00	53.00	55.00	58.00	59.00	62.00	63.00	63.00	64.00	69.00	73.00	75.00	77.00	79.00	80.00	81.00	81.00	82.00	81.00	81.00	82.00	81.00	80.00	80.00	79.00	78.00	78.00	73.00	72.00	71.00	70.00	68.00	64.00	61.00	58.00	50.00	30.00	25.00	14.00	7.00	2.00	0.00	0.00	0.00							
																																																																																																																																																																																															0.00	2.00	4.00	7.00	9.00	14.00	18.00	20.00	22.00	25.00	37.00	41.00	45.00	46.00	52.00	53.00	55.00	58.00	59.00	62.00	63.00	63.00	64.00	69.00	73.00	75.00	77.00	79.00	80.00	81.00	81.00	82.00	81.00	81.00	82.00	81.00	80.00	80.00	79.00	78.00	78.00	73.00	72.00	71.00	70.00	68.00	64.00	61.00	58.00	50.00	30.00	25.00	14.00	7.00	2.00	0.00	0.00	0.00							
																																																																																																																																																																																															0.00	0.00	0.00	0.00	0.00	0.00	0.00	0.00	0.00	0.00	0.00	0.00	2.00	6.00	8.00	12.00	16.00	21.00	25.00	35.00	43.00	47.00	50.00	55.00	57.00	60.00	62.00	64.00	67.00	69.00	70.00	73.00	77.00	77.00	77.00	79.00	80.00	80.00	81.00	81.00	82.00	80.00	79.00	78.00	77.00	75.00	69.00	66.00	62.00	57.00	43.00	36.00	24.00	17.00	11.00	1.00	0.00	0.00	0.00						
																																																																																																																																																																																															0.00	0.00	0.00	0.00	0.00	0.00	0.00	0.00	0.00	0.00	0.00	0.00	2.00	6.00	8.00	12.00	16.00	21.00	25.00	35.00	43.00	47.00	50.00	55.00	57.00	60.00	62.00	64.00	67.00	69.00	70.00	73.00	77.00	77.00	77.00	79.00	80.00	80.00	81.00	81.00	82.00	80.00	79.00	78.00	77.00	75.00	69.00	66.00	62.00	57.00	43.00	36.00	24.00	17.00	11.00	1.00	0.00	0.00	0.00						
																																																																																																																																																																																															0.00	0.00	0.00	0.00	0.00	0.00	0.00	0.00	0.00	0.00	0.00	0.00	2.00	6.00	8.00	12.00	16.00	21.00	25.00	35.00	43.00	47.00	50.00	55.00	57.00	60.00	62.00	64.00	67.00	69.00	70.00	73.00	77.00	77.00	77.00	79.00	80.00	80.00	81.00	81.00	82.00	80.00	79.00	78.00	77.00	75.00	69.00	66.00	62.00	57.00	43.00	36.00	24.00	17.00	11.00	1.00	0.00	0.00	0.00						
																																																																																																																																																																																															0.00	0.00	0.00	0.00	0.00	0.00	0.00	0.00	0.00	0.00	0.00	0.00	2.00	6.00	8.00	12.00	16.00	21.00	25.00	35.00	43.00	47.00	50.00	55.00	57.00	60.00	62.00	64.00	67.00	69.00	70.00	73.00	77.00	77.00	77.00	79.00	80.00	80.00	81.00	81.00	82.00	80.00	79.00	78.00	77.00	75.00	69.00	66.00	62.00	57.00	43.00	36.00	24.00	17.00	11.00	1.00	0.00	0.00	0.00						
																																																																																																																																																																																												0.00	0.00	0.00	0.00	0.00	0.00	0.00	0.00	0.00	0.00	0.00	0.00	0.00	0.00	0.00	0.00	0.00					0.00	2.00	9.00	14.00	18.00	26.00	30.00	34.00	36.00	39.00	46.00	50.00	52.00	57.00	63.00	64.00	66.00	68.00	71.00	73.00	76.00	78.00	79.00	81.00	81.00	82.00	82.00	81.00	76.00	73.00	68.00	64.00	53.00	46.00	34.00	29.00	24.00	9.00	4.00	1.00	0.00						
																																																																																																																																																																																												0.00	0.00	0.00	0.00	0.00	0.00	0.00	0.00	0.00	0.00	0.00	0.00	0.00	0.00	0.00	0.00	0.00					0.00	2.00	9.00	14.00	18.00	26.00	30.00	34.00	36.00	39.00	46.00	50.00	52.00	57.00	63.00	64.00	66.00	68.00	71.00	73.00	76.00	78.00	79.00	81.00	81.00	82.00	82.00	81.00	76.00	73.00	68.00	64.00	53.00	46.00	34.00	29.00	24.00	9.00	4.00	1.00	0.00						
																																																																																																																																																																																												0.00	0.00	0.00	0.00	0.00	0.00	0.00	0.00	0.00	0.00	0.00	0.00	0.00	0.00	0.00	0.00	0.00					0.00	2.00	9.00	14.00	18.00	26.00	30.00	34.00	36.00	39.00	46.00	50.00	52.00	57.00	63.00	64.00	66.00	68.00	71.00	73.00	76.00	78.00	79.00	81.00	81.00	82.00	82.00	81.00	76.00	73.00	68.00	64.00	53.00	46.00	34.00	29.00	24.00	9.00	4.00	1.00	0.00						
																																																																																																																																																																																												0.00	0.00	0.00	0.00	0.00	0.00	0.00	0.00	0.00	0.00	0.00	0.00	0.00	0.00	0.00	0.00	0.00					0.00	2.00	9.00	14.00	18.00	26.00	30.00	34.00	36.00	39.00	46.00	50.00	52.00	57.00	63.00	64.00	66.00	68.00	71.00	73.00	76.00	78.00	79.00	81.00	81.00	82.00	82.00	81.00	76.00	73.00	68.00	64.00	53.00	46.00	34.00	29.00	24.00	9.00	4.00	1.00	0.00						
																																																																																																																																																																																												0.00	0.00	0.00	0.00	0.00	0.00	0.00	0.00	0.00	0.00	0.00	0.00	0.00	0.00	0.00	0.00	0.00					0.00	2.00	9.00	14.00	18.00	26.00	30.00	34.00	36.00	39.00	46.00	50.00	52.00	57.00	63.00	64.00	66.00	68.00	71.00	73.00	76.00	78.00	79.00	81.00	81.00	82.00	82.00	81.00	76.00	73.00	68.00	64.00	53.00	46.00	34.00	29.00	24.00	9.00	4.00	1.00	0.00						
																																																																																																																																																																																												0.00	0.00	0.00	0.00	0.00	0.00	0.00	0.00	0.00	0.00	0.00	0.00	0.00	0.00	0.00	0.00	0.00				0.00	0.00	0.00	0.00	0.00	1.00	4.00	6.00	8.00	10.00	13.00	18.00	22.00	25.00	31.00	38.00	40.00	45.00	49.00	51.00	56.00	59.00	62.00	64.00	71.00	73.00	76.00	78.00	81.00	81.00	78.00	75.00	70.00	60.00	55.00	42.00	36.00	29.00	16.00	7.00	2.00	0.00						
																																																																																																																																																																																												0.00	0.00	0.00	0.00	0.00	0.00	0.00	0.00	0.00	0.00	0.00	0.00	0.00	0.00	0.00	0.00	0.00				0.00	0.00	0.00	0.00	0.00	1.00	4.00	6.00	8.00	10.00	13.00	18.00	22.00	25.00	31.00	38.00	40.00	45.00	49.00	51.00	56.00	59.00	62.00	64.00	71.00	73.00	76.00	78.00	81.00	81.00	78.00	75.00	70.00	60.00	55.00	42.00	36.00	29.00	16.00	7.00	2.00	0.00						
																																																																																																																																																																																												0.00	0.00	0.00	0.00	0.00	0.00	0.00	0.00	0.00	0.00	0.00	0.00	0.00	0.00	0.00	0.00	0.00				0.00	0.00	0.00	0.00	0.00	1.00	4.00	6.00	8.00	10.00	13.00	18.00	22.00	25.00	31.00	38.00	40.00	45.00	49.00	51.00	56.00	59.00	62.00	64.00	71.00	73.00	76.00	78.00	81.00	81.00	78.00	75.00	70.00	60.00	55.00	42.00	36.00	29.00	16.00	7.00	2.00	0.00						
																																																																																																																																																																																												0.00	0.00	0.00	0.00	0.00	0.00	0.00	0.00	0.00	0.00	0.00	0.00	0.00	0.00	0.00	0.00	0.00				0.00	0.00	0.00	0.00	0.00	1.00	4.00	6.00	8.00	10.00	13.00	18.00	22.00	25.00	31.00	38.00	40.00	45.00	49.00	51.00	56.00	59.00	62.00	64.00	71.00	73.00	76.00	78.00	81.00	81.00	78.00	75.00	70.00	60.00	55.00	42.00	36.00	29.00	16.00	7.00	2.00	0.00						
																																																																																																																																																																																												0.00	0.00	0.00	0.00	0.00	0.00	0.00	0.00	0.00	0.00	0.00	0.00	0.00	0.00	0.00	0.00	0.00			0.00	0.00	0.00	0.00	0.00	0.00	0.00	0.00	0.00	0.00	0.00	0.00	0.00	0.00	1.00	2.00	8.00	12.00	14.00	17.00	22.00	30.00	34.00	37.00	40.00	54.00	59.00	63.00	66.00	70.00	79.00	81.00	80.00	77.00	66.00	61.00	50.00	43.00	36.00	25.00	16.00	7.00	2.00						
																																																																																																																																																																																												0.00	0.00	0.00	0.00	0.00	0.00	0.00	0.00	0.00	0.00	0.00	0.00	0.00	0.00	0.00	0.00	0.00			0.00	0.00	0.00	0.00	0.00	0.00	0.00	0.00	0.00	0.00	0.00	0.00	0.00	0.00	1.00	2.00	8.00	12.00	14.00	17.00	22.00	30.00	34.00	37.00	40.00	54.00	59.00	63.00	66.00	70.00	79.00	81.00	80.00	77.00	66.00	61.00	50.00	43.00	36.00	25.00	16.00	7.00	2.00						
																																																																																																																																																																																												0.00	0.00	0.00	0.00	0.00	0.00	0.00	0.00	0.00	0.00	0.00	0.00	0.00	0.00	0.00	0.00	0.00			0.00	0.00	0.00	0.00	0.00	0.00	0.00	0.00	0.00	0.00	0.00	0.00	0.00	0.00	1.00	2.00	8.00	12.00	14.00	17.00	22.00	30.00	34.00	37.00	40.00	54.00	59.00	63.00	66.00	70.00	79.00	81.00	80.00	77.00	66.00	61.00	50.00	43.00	36.00	25.00	16.00	7.00	2.00						
																																																																																																																																																																																												0.00	0.00	0.00	0.00	0.00	0.00	0.00	0.00	0.00	0.00	0.00	0.00	0.00	0.00	0.00	0.00	0.00			0.00	0.00	0.00	0.00	0.00	0.00	0.00	0.00	0.00	0.00	0.00	0.00	0.00	0.00	1.00	2.00	8.00	12.00	14.00	17.00	22.00	30.00	34.00	37.00	40.00	54.00	59.00	63.00	66.00	70.00	79.00	81.00	80.00	77.00	66.00	61.00	50.00	43.00	36.00	25.00	16.00	7.00	2.00						
																																																																																																																																																																																												0.00	0.00	0.00	0.00	0.00	0.00	0.00	0.00	0.00	0.00	0.00	0.00	0.00	0.00	0.00	0.00	0.00			0.00	0.00	0.00	0.00	0.00	0.00	0.00	0.00	0.00	0.00	0.00	0.00	0.00	0.00	1.00	2.00	8.00	12.00	14.00	17.00	22.00	30.00	34.00	37.00	40.00	54.00	59.00	63.00	66.00	70.00	79.00	81.00	80.00	77.00	66.00	61.00	50.00	43.00	36.00	25.00	16.00	7.00	2.00						
																																																																																																																																																																																	0.00	0.00	0.00	0.00	0.00	0.00	0.00	0.00	0.00	0.00	0.00	0.00	0.00	0.00	0.00	0.00	0.00	0.00	0.00	0.00	0.00	0.00	0.00	0.00	0.00	0.00	0.00	0.00	0.00	0.00	0.00	0.00	0.00	0.00	0.00	0.00	0.00	0.00	0.00	0.00	0.00	0.00	0.00	0.00	0.00	0.00						1.00	2.00	4.00	6.00	21.00	27.00	34.00	42.00	50.00	65.00	73.00	79.00	81.00	75.00	68.00	57.00	51.00	44.00	31.00	24.00	16.00	8.00						
																																																																																																																																																																																	0.00	0.00	0.00	0.00	0.00	0.00	0.00	0.00	0.00	0.00	0.00	0.00	0.00	0.00	0.00	0.00	0.00	0.00	0.00	0.00	0.00	0.00	0.00	0.00	0.00	0.00	0.00	0.00	0.00	0.00	0.00	0.00	0.00	0.00	0.00	0.00	0.00	0.00	0.00	0.00	0.00	0.00	0.00	0.00	0.00	0.00						1.00	2.00	4.00	6.00	21.00	27.00	34.00	42.00	50.00	65.00	73.00	79.00	81.00	75.00	68.00	57.00	51.00	44.00	31.00	24.00	16.00	8.00						
																																																																																																																																																																																	0.00	0.00	0.00	0.00	0.00	0.00	0.00	0.00	0.00	0.00	0.00	0.00	0.00	0.00	0.00	0.00	0.00	0.00	0.00	0.00	0.00	0.00	0.00	0.00	0.00	0.00	0.00	0.00	0.00	0.00	0.00	0.00	0.00	0.00	0.00	0.00	0.00	0.00	0.00	0.00	0.00	0.00	0.00	0.00	0.00	0.00						1.00	2.00	4.00	6.00	21.00	27.00	34.00	42.00	50.00	65.00	73.00	79.00	81.00	75.00	68.00	57.00	51.00	44.00	31.00	24.00	16.00	8.00						
																																																																																																																																																																																	0.00	0.00	0.00	0.00	0.00	0.00	0.00	0.00	0.00	0.00	0.00	0.00	0.00	0.00	0.00	0.00	0.00	0.00	0.00	0.00	0.00	0.00	0.00	0.00	0.00	0.00	0.00	0.00	0.00	0.00	0.00	0.00	0.00	0.00	0.00	0.00	0.00	0.00	0.00	0.00	0.00	0.00	0.00	0.00	0.00	0.00						1.00	2.00	4.00	6.00	21.00	27.00	34.00	42.00	50.00	65.00	73.00	79.00	81.00	75.00	68.00	57.00	51.00	44.00	31.00	24.00	16.00	8.00						
																																																																																																																																																																																	0.00	0.00	0.00	0.00	0.00	0.00	0.00	0.00	0.00	0.00	0.00	0.00	0.00	0.00	0.00	0.00	0.00	0.00	0.00	0.00	0.00	0.00	0.00	0.00	0.00	0.00	0.00	0.00	0.00	0.00	0.00	0.00	0.00	0.00	0.00	0.00	0.00	0.00	0.00	0.00	0.00	0.00	0.00	0.00	0.00	0.00						1.00	2.00	4.00	6.00	21.00	27.00	34.00	42.00	50.00	65.00	73.00	79.00	81.00	75.00	68.00	57.00	51.00	44.00	31.00	24.00	16.00	8.00						
																																																																																																																																																																																	0.00	0.00	0.00	0.00	0.00	0.00	0.00	0.00	0.00	0.00	0.00	0.00	0.00	0.00	0.00	0.00	0.00	0.00	0.00	0.00	0.00	0.00	0.00	0.00	0.00	0.00	0.00	0.00	0.00	0.00	0.00	0.00	0.00	0.00	0.00	0.00	0.00	0.00	0.00	0.00	0.00	0.00	0.00	0.00	0.00	0.00								0.00	0.00	0.00	1.00	3.00	11.00	24.00	50.00	59.00	66.00	75.00	80.00	73.00	63.00	58.00	51.00	36.00	32.00	24.00	13.00	1.00	0.00				
																																																																																																																																																																																	0.00	0.00	0.00	0.00	0.00	0.00	0.00	0.00	0.00	0.00	0.00	0.00	0.00	0.00	0.00	0.00	0.00	0.00	0.00	0.00	0.00	0.00	0.00	0.00	0.00	0.00	0.00	0.00	0.00	0.00	0.00	0.00	0.00	0.00	0.00	0.00	0.00	0.00	0.00	0.00	0.00	0.00	0.00	0.00	0.00	0.00								0.00	0.00	0.00	1.00	3.00	11.00	24.00	50.00	59.00	66.00	75.00	80.00	73.00	63.00	58.00	51.00	36.00	32.00	24.00	13.00	1.00	0.00				
																																																																																																																																																																																	0.00	0.00	0.00	0.00	0.00	0.00	0.00	0.00	0.00	0.00	0.00	0.00	0.00	0.00	0.00	0.00	0.00	0.00	0.00	0.00	0.00	0.00	0.00	0.00	0.00	0.00	0.00	0.00	0.00	0.00	0.00	0.00	0.00	0.00	0.00	0.00	0.00	0.00	0.00	0.00	0.00	0.00	0.00	0.00	0.00	0.00								0.00	0.00	0.00	1.00	3.00	11.00	24.00	50.00	59.00	66.00	75.00	80.00	73.00	63.00	58.00	51.00	36.00	32.00	24.00	13.00	1.00	0.00				
																																																																																																																																																																																	0.00	0.00	0.00	0.00	0.00	0.00	0.00	0.00	0.00	0.00	0.00	0.00	0.00	0.00	0.00	0.00	0.00	0.00	0.00	0.00	0.00	0.00	0.00	0.00	0.00	0.00	0.00	0.00	0.00	0.00	0.00	0.00	0.00	0.00	0.00	0.00	0.00	0.00	0.00	0.00	0.00	0.00	0.00	0.00	0.00	0.00								0.00	0.00	0.00	1.00	3.00	11.00	24.00	50.00	59.00	66.00	75.00	80.00	73.00	63.00	58.00	51.00	36.00	32.00	24.00	13.00	1.00	0.00				
																																																																																																																																																																																											0.00	0.00	0.00	0.00	0.00	0.00	0.00	0.00	0.00	0.00	0.00	0.00	0.00	0.00	0.00	0.00	0.00	0.00	0.00	0.00	0.00	0.00	0.00	0.00	0.00	0.00	0.00	0.00	0.00	0.00	0.00	0.00	0.00	0.00	0.00	0.00	0.00	0.00	0.00	0.00	0.00	0.00	0.00	0.00	0.00	0.00	0.00	0.00	8.00	25.00	50.00	59.00	65.00	73.00	82.00	76.00	65.00	60.00	56.00	38.00	32.00	26.00	16.00	1.00	0.00	0.00			
																																																																																																																																																																																											0.00	0.00	0.00	0.00	0.00	0.00	0.00	0.00	0.00	0.00	0.00	0.00	0.00	0.00	0.00	0.00	0.00	0.00	0.00	0.00	0.00	0.00	0.00	0.00	0.00	0.00	0.00	0.00	0.00	0.00	0.00	0.00	0.00	0.00	0.00	0.00	0.00	0.00	0.00	0.00	0.00	0.00	0.00	0.00	0.00	0.00	0.00	0.00	8.00	25.00	50.00	59.00	65.00	73.00	82.00	76.00	65.00	60.00	56.00	38.00	32.00	26.00	16.00	1.00	0.00	0.00			
																																																																																																																																																																																											0.00	0.00	0.00	0.00	0.00	0.00	0.00	0.00	0.00	0.00	0.00	0.00	0.00	0.00	0.00	0.00	0.00	0.00	0.00	0.00	0.00	0.00	0.00	0.00	0.00	0.00	0.00	0.00	0.00	0.00	0.00	0.00	0.00	0.00	0.00	0.00	0.00	0.00	0.00	0.00	0.00	0.00	0.00	0.00	0.00	0.00	0.00	0.00	8.00	25.00	50.00	59.00	65.00	73.00	82.00	76.00	65.00	60.00	56.00	38.00	32.00	26.00	16.00	1.00	0.00	0.00			
																																																																																																																																																																																											0.00	0.00	0.00	0.00	0.00	0.00	0.00	0.00	0.00	0.00	0.00	0.00	0.00	0.00	0.00	0.00	0.00	0.00	0.00	0.00	0.00	0.00	0.00	0.00	0.00	0.00	0.00	0.00	0.00	0.00	0.00	0.00	0.00	0.00	0.00	0.00	0.00	0.00	0.00	0.00	0.00	0.00	0.00	0.00	0.00	0.00	0.00	0.00	8.00	25.00	50.00	59.00	65.00	73.00	82.00	76.00	65.00	60.00	56.00	38.00	32.00	26.00	16.00	1.00	0.00	0.00			
																																																																																																																																																																																											0.00	0.00	0.00	0.00	0.00	0.00	0.00	0.00	0.00	0.00	0.00	0.00	0.00	0.00	0.00	0.00	0.00	0.00	0.00	0.00	0.00	0.00	0.00	0.00	0.00	0.00	0.00	0.00	0.00	0.00	0.00	0.00	0.00	0.00	0.00	0.00	0.00	0.00	0.00	0.00	0.00	0.00	0.00	0.00	0.00	0.00	0.00	0.00	8.00	25.00	50.00	59.00	65.00	73.00	82.00	76.00	65.00	60.00	56.00	38.00	32.00	26.00	16.00	1.00	0.00	0.00			
																																																																																																																																																																																											0.00	0.00	0.00	0.00	0.00	0.00	0.00	0.00	0.00	0.00	0.00	0.00	0.00	0.00	0.00	0.00	0.00	0.00	0.00	0.00	0.00	0.00	0.00	0.00	0.00	0.00	0.00	0.00	0.00	0.00	0.00	0.00	0.00	0.00	0.00	0.00	0.00	0.00	0.00	0.00	0.00	2.00	4.00	6.00	8.00	13.00	18.00	23.00	29.00	39.00	61.00	68.00	74.00	79.00	84.00	79.00	70.00	64.00	59.00	43.00	37.00	32.00	21.00	0.00	0.00				
																																																																																																																																																																																											0.00	0.00	0.00	0.00	0.00	0.00	0.00	0.00	0.00	0.00	0.00	0.00	0.00	0.00	0.00	0.00	0.00	0.00	0.00	0.00	0.00	0.00	0.00	0.00	0.00	0.00	0.00	0.00	0.00	0.00	0.00	0.00	0.00	0.00	0.00	0.00	0.00	0.00	0.00	0.00	0.00	2.00	4.00	6.00	8.00	13.00	18.00	23.00	29.00	39.00	61.00	68.00	74.00	79.00	84.00	79.00	70.00	64.00	59.00	43.00	37.00	32.00	21.00	0.00	0.00				
																																																																																																																																																																																											0.00	0.00	0.00	0.00	0.00	0.00	0.00	0.00	0.00	0.00	0.00	0.00	0.00	0.00	0.00	0.00	0.00	0.00	0.00	0.00	0.00	0.00	0.00	0.00	0.00	0.00	0.00	0.00	0.00	0.00	0.00	0.00	0.00	0.00	0.00	0.00	0.00	0.00	0.00	0.00	0.00	2.00	4.00	6.00	8.00	13.00	18.00	23.00	29.00	39.00	61.00	68.00	74.00	79.00	84.00	79.00	70.00	64.00	59.00	43.00	37.00	32.00	21.00	0.00	0.00				
																																																																																																																																																																																											0.00	0.00	0.00	0.00	0.00	0.00	0.00	0.00	0.00	0.00	0.00	0.00	0.00	0.00	0.00	0.00	0.00	0.00	0.00	0.00	0.00	0.00	0.00	0.00	0.00	0.00	0.00	0.00	0.00	0.00	0.00	0.00	0.00	0.00	0.00	0.00	0.00	0.00	0.00	0.00	0.00	2.00	4.00	6.00	8.00	13.00	18.00	23.00	29.00	39.00	61.00	68.00	74.00	79.00	84.00	79.00	70.00	64.00	59.00	43.00	37.00	32.00	21.00	0.00	0.00				
																																																																																																																																																																																											0.00	0.00	0.00	0.00	0.00	0.00	0.00	0.00	0.00	0.00	0.00	0.00	0.00	0.00	0.00	0.00	0.00	0.00	0.00	0.00	0.00	0.00	0.00	0.00	0.00	0.00	0.00	0.00	0.00	0.00	0.00	0.00	0.00	0.00	0.00	0.00	0.00	0.00	0.00	0.00	0.00	2.00	4.00	6.00	8.00	13.00	18.00	23.00	29.00	39.00	61.00	68.00	74.00	79.00	84.00	79.00	70.00	64.00	59.00	43.00	37.00	32.00	21.00	0.00	0.00				
																																																																																																																																																																																																													0.00	0.00	0.00	0.00	0.00	0.00	0.00	0.00	0.00	0.00	0.00	0.00	0.00	0.00	0.00	0.00	0.00	0.00	0.00	0.00	1.00	3.00	7.00	20.00	25.00	29.00	33.00	45.00	49.00	52.00	56.00	60.00	70.00	74.00	79.00	82.00	85.00	81.00	70.00	63.00	61.00	44.00	38.00	33.00	23.00	2.00	0.00	0.00	0.00		
																																																																																																																																																																																																													0.00	0.00	0.00	0.00	0.00	0.00	0.00	0.00	0.00	0.00	0.00	0.00	0.00	0.00	0.00	0.00	0.00	0.00	0.00	0.00	1.00	3.00	7.00	20.00	25.00	29.00	33.00	45.00	49.00	52.00	56.00	60.00	70.00	74.00	79.00	82.00	85.00	81.00	70.00	63.00	61.00	44.00	38.00	33.00	23.00	2.00	0.00	0.00	0.00		
																																																																																																																																																																																																													0.00	0.00	0.00	0.00	0.00	0.00	0.00	0.00	0.00	0.00	0.00	0.00	0.00	0.00	0.00	0.00	0.00	0.00	0.00	0.00	1.00	3.00	7.00	20.00	25.00	29.00	33.00	45.00	49.00	52.00	56.00	60.00	70.00	74.00	79.00	82.00	85.00	81.00	70.00	63.00	61.00	44.00	38.00	33.00	23.00	2.00	0.00	0.00	0.00		
																																																																																																																																																																																																													0.00	0.00	0.00	0.00	0.00	0.00	0.00	0.00	0.00	0.00	0.00	0.00	0.00	0.00	0.00	0.00	0.00	0.00	0.00	0.00	1.00	3.00	7.00	20.00	25.00	29.00	33.00	45.00	49.00	52.00	56.00	60.00	70.00	74.00	79.00	82.00	85.00	81.00	70.00	63.00	61.00	44.00	38.00	33.00	23.00	2.00	0.00	0.00	0.00		
																																																																																																																																																																																																													0.00	0.00	0.00	0.00	0.00	0.00	0.00	0.00	0.00	0.00	0.00	0.00	0.00	0.00	0.00	0.00	1.00	5.00	16.00	20.00	25.00	30.00	33.00	43.00	49.00	53.00	55.00	62.00	64.00	66.00	68.00	70.00	75.00	77.00	79.00	81.00	84.00	81.00	70.00	62.00	60.00	43.00	37.00	33.00	23.00	5.00	2.00	0.00	0.00	0.00	0.00
																																																																																																																																																																																																													0.00	0.00	0.00	0.00	0.00	0.00	0.00	0.00	0.00	0.00	0.00	0.00	0.00	0.00	0.00	0.00	1.00	5.00	16.00	20.00	25.00	30.00	33.00	43.00	49.00	53.00	55.00	62.00	64.00	66.00	68.00	70.00	75.00	77.00	79.00	81.00	84.00	81.00	70.00	62.00	60.00	43.00	37.00	33.00	23.00	5.00	2.00	0.00	0.00	0.00	0.00
																																																																																																																																																																																																													0.00	0.00	0.00	0.00	0.00	0.00	0.00	0.00	0.00	0.00	0.00	0.00	0.00	0.00	0.00	0.00	1.00	5.00	16.00	20.00	25.00	30.00	33.00	43.00	49.00	53.00	55.00	62.00	64.00	66.00	68.00	70.00	75.00	77.00	79.00	81.00	84.00	81.00	70.00	62.00	60.00	43.00	37.00	33.00	23.00	5.00	2.00	0.00	0.00	0.00	0.00
																																																																																																																																																																																																													0.00	0.00	0.00	0.00	0.00	0.00	0.00	0.00	0.00	0.00	0.00	0.00	0.00	0.00	0.00	0.00	1.00	5.00	16.00	20.00	25.00	30.00	33.00	43.00	49.00	53.00	55.00	62.00	64.00	66.00	68.00	70.00	75.00	77.00	79.00	81.00	84.00	81.00	70.00	62.00	60.00	43.00	37.00	33.00	23.00	5.00	2.00	0.00	0.00	0.00	0.00
																																																																																																																																																																																																													0.00	0.00	0.00	0.00	0.00	0.00	0.00	0.00	0.00	0.00	0.00	0.00	0.00	0.00	0.00	0.00	1.00	5.00	16.00	20.00	25.00	30.00	33.00	43.00	49.00	53.00	55.00	62.00	64.00	66.00	68.00	70.00	75.00	77.00	79.00	81.00	84.00	81.00	70.00	62.00	60.00	43.00	37.00	33.00	23.00	5.00	2.00	0.00	0.00	0.00	0.00
																																																																																																																																																																																																										0.00	0.00	0.00	0.00	0.00	0.00	0.00	0.00	0.00	0.00	0.00	0.00	0.00	0.00	0.00	0.00	0.00	0.00	2.00	5.00	14.00	32.00	36.00	38.00	41.00	42.00	57.00	60.00	61.00	62.00	68.00	71.00	73.00	74.00	75.00	77.00	78.00	79.00	79.00	82.00	78.00	68.00	61.00	60.00	45.00	38.00	33.00	24.00	6.00	3.00	1.00	0.00	0.00	0.00
																																																																																																																																																																																																										0.00	0.00	0.00	0.00	0.00	0.00	0.00	0.00	0.00	0.00	0.00	0.00	0.00	0.00	0.00	0.00	0.00	0.00	2.00	5.00	14.00	32.00	36.00	38.00	41.00	42.00	57.00	60.00	61.00	62.00	68.00	71.00	73.00	74.00	75.00	77.00	78.00	79.00	79.00	82.00	78.00	68.00	61.00	60.00	45.00	38.00	33.00	24.00	6.00	3.00	1.00	0.00	0.00	0.00
																																																																																																																																																																																																										0.00	0.00	0.00	0.00	0.00	0.00	0.00	0.00	0.00	0.00	0.00	0.00	0.00	0.00	0.00	0.00	0.00	0.00	2.00	5.00	14.00	32.00	36.00	38.00	41.00	42.00	57.00	60.00	61.00	62.00	68.00	71.00	73.00	74.00	75.00	77.00	78.00	79.00	79.00	82.00	78.00	68.00	61.00	60.00	45.00	38.00	33.00	24.00	6.00	3.00	1.00	0.00	0.00	0.00
																																																																																																																																																																																																										0.00	0.00	0.00	0.00	0.00	0.00	0.00	0.00	0.00	0.00	0.00	0.00	0.00	0.00	0.00	0.00	0.00	0.00	2.00	5.00	14.00	32.00	36.00	38.00	41.00	42.00	57.00	60.00	61.00	62.00	68.00	71.00	73.00	74.00	75.00	77.00	78.00	79.00	79.00	82.00	78.00	68.00	61.00	60.00	45.00	38.00	33.00	24.00	6.00	3.00	1.00	0.00	0.00	0.00
																																																																																																																																																																																																										0.00	0.00	0.00	0.00	0.00	0.00	0.00	0.00	0.00	0.00	0.00	0.00	0.00	0.00	0.00	0.00	0.00	0.00	2.00	5.00	14.00	32.00	36.00	38.00	41.00	42.00	57.00	60.00	61.00	62.00	68.00	71.00	73.00	74.00	75.00	77.00	78.00	79.00	79.00	82.00	78.00	68.00	61.00	60.00	45.00	38.00	33.00	24.00	6.00	3.00	1.00	0.00	0.00	0.00
																																																																																																																																																																																																										0.00	0.00	0.00	0.00	0.00	0.00	0.00	0.00	0.00	0.00	0.00	0.00	0.00	0.00	0.00	0.00	0.00	0.00	0.00	0.00	6.00	23.00	29.00	33.00	36.00	38.00	56.00	60.00	61.00	62.00	70.00	74.00	77.00	78.00	79.00	80.00	81.00	81.00	81.00	82.00	79.00	68.00	60.00	59.00	40.00	32.00	25.00	14.00	1.00	0.00	0.00	0.00	0.00	0.00
																																																																																																																																																																																																										0.00	0.00	0.00	0.00	0.00	0.00	0.00	0.00	0.00	0.00	0.00	0.00	0.00	0.00	0.00	0.00	0.00	0.00	0.00	0.00	6.00	23.00	29.00	33.00	36.00	38.00	56.00	60.00	61.00	62.00	70.00	74.00	77.00	78.00	79.00	80.00	81.00	81.00	81.00	82.00	79.00	68.00	60.00	59.00	40.00	32.00	25.00	14.00	1.00	0.00	0.00	0.00	0.00	0.00
																																																																																																																																																																																																										0.00	0.00	0.00	0.00	0.00	0.00	0.00	0.00	0.00	0.00	0.00	0.00	0.00	0.00	0.00	0.00	0.00	0.00	0.00	0.00	6.00	23.00	29.00	33.00	36.00	38.00	56.00	60.00	61.00	62.00	70.00	74.00	77.00	78.00	79.00	80.00	81.00	81.00	81.00	82.00	79.00	68.00	60.00	59.00	40.00	32.00	25.00	14.00	1.00	0.00	0.00	0.00	0.00	0.00
																																																																																																																																																																																																										0.00	0.00	0.00	0.00	0.00	0.00	0.00	0.00	0.00	0.00	0.00	0.00	0.00	0.00	0.00	0.00	0.00	0.00	0.00	0.00	6.00	23.00	29.00	33.00	36.00	38.00	56.00	60.00	61.00	62.00	70.00	74.00	77.00	78.00	79.00	80.00	81.00	81.00	81.00	82.00	79.00	68.00	60.00	59.00	40.00	32.00	25.00	14.00	1.00	0.00	0.00	0.00	0.00	0.00
																																																																																																																																																																																																																				0.00	0.00	0.00	0.00	0.00	0.00	0.00	0.00	0.00	0.00	0.00	1.00	12.00	20.00	25.00	31.00	50.00	57.00	60.00	63.00	79.00	86.00	90.00	93.00	95.00	95.00	95.00	95.00	93.00	90.00	86.00	72.00	61.00	59.00	40.00	32.00	17.00	3.00	0.00	0.00	0.00	0.00	0.00	0.00
																																																																																																																																																																																																																				0.00	0.00	0.00	0.00	0.00	0.00	0.00	0.00	0.00	0.00	0.00	1.00	12.00	20.00	25.00	31.00	50.00	57.00	60.00	63.00	79.00	86.00	90.00	93.00	95.00	95.00	95.00	95.00	93.00	90.00	86.00	72.00	61.00	59.00	40.00	32.00	17.00	3.00	0.00	0.00	0.00	0.00	0.00	0.00
																																																																																																																																																																																																																				0.00	0.00	0.00	0.00	0.00	0.00	0.00	0.00	0.00	0.00	0.00	1.00	12.00	20.00	25.00	31.00	50.00	57.00	60.00	63.00	79.00	86.00	90.00	93.00	95.00	95.00	95.00	95.00	93.00	90.00	86.00	72.00	61.00	59.00	40.00	32.00	17.00	3.00	0.00	0.00	0.00	0.00	0.00	0.00
																																																																																																																																																																																																																				0.00	0.00	0.00	0.00	0.00	0.00	0.00	0.00	0.00	0.00	0.00	1.00	12.00	20.00	25.00	31.00	50.00	57.00	60.00	63.00	79.00	86.00	90.00	93.00	95.00	95.00	95.00	95.00	93.00	90.00	86.00	72.00	61.00	59.00	40.00	32.00	17.00	3.00	0.00	0.00	0.00	0.00	0.00	0.00
																																																																																																																																																																																																																				0.00	0.00	0.00	0.00	0.00	0.00	0.00	0.00	0.00	0.00	0.00	1.00	12.00	20.00	25.00	31.00	50.00	57.00	60.00	63.00	79.00	86.00	90.00	93.00	95.00	95.00	95.00	95.00	93.00	90.00	86.00	72.00	61.00	59.00	40.00	32.00	17.00	3.00	0.00	0.00	0.00	0.00	0.00	0.00
																																																																																																																																																																																																																				0.00	0.00	0.00	0.00	0.00	0.00	0.00	0.00	0.00	0.00	2.00	7.00	18.00	26.00	31.00	37.00	54.00	58.00	63.00	66.00	87.00	96.00	101.00	104.00	106.00	106.00	105.00	105.00	104.00	102.00	100.00	88.00	73.00	59.00	35.00	25.00	11.00	0.00	0.00	0.00	0.00	0.00	0.00	0.00
																																																																																																																																																																																																																				0.00	0.00	0.00	0.00	0.00	0.00	0.00	0.00	0.00	0.00	2.00	7.00	18.00	26.00	31.00	37.00	54.00	58.00	63.00	66.00	87.00	96.00	101.00	104.00	106.00	106.00	105.00	105.00	104.00	102.00	100.00	88.00	73.00	59.00	35.00	25.00	11.00	0.00	0.00	0.00	0.00	0.00	0.00	0.00
																																																																																																																																																																																																																				0.00	0.00	0.00	0.00	0.00	0.00	0.00	0.00	0.00	0.00	2.00	7.00	18.00	26.00	31.00	37.00	54.00	58.00	63.00	66.00	87.00	96.00	101.00	104.00	106.00	106.00	105.00	105.00	104.00	102.00	100.00	88.00	73.00	59.00	35.00	25.00	11.00	0.00	0.00	0.00	0.00	0.00	0.00	0.00
																																																																																																																																																																																																																				0.00	0.00	0.00	0.00	0.00	0.00	0.00	0.00	0.00	0.00	2.00	7.00	18.00	26.00	31.00	37.00	54.00	58.00	63.00	66.00	87.00	96.00	101.00	104.00	106.00	106.00	105.00	105.00	104.00	102.00	100.00	88.00	73.00	59.00	35.00	25.00	11.00	0.00	0.00	0.00	0.00	0.00	0.00	0.00
																																																																																																																																																																																																																				0.00	0.00	0.00	0.00	0.00	0.00	0.00	8.00	10.00	13.00	20.00	29.00	34.00	41.00	48.00	53.00	60.00	63.00	66.00	69.00	91.00	98.00	103.00	107.00	112.00	117.00	112.00	108.00	106.00	105.00	104.00	100.00	86.00	60.00	40.00	30.00	15.00	2.00	0.00	0.00	0.00	0.00	0.00	0.00
																																																																																																																																																																																																																				0.00	0.00	0.00	0.00	0.00	0.00	0.00	8.00	10.00	13.00	20.00	29.00	34.00	41.00	48.00	53.00	60.00	63.00	66.00	69.00	91.00	98.00	103.00	107.00	112.00	117.00	112.00	108.00	106.00	105.00	104.00	100.00	86.00	60.00	40.00	30.00	15.00	2.00	0.00	0.00	0.00	0.00	0.00	0.00
																																																																																																																																																																																																																				0.00	0.00	0.00	0.00	0.00	0.00	0.00	8.00	10.00	13.00	20.00	29.00	34.00	41.00	48.00	53.00	60.00	63.00	66.00	69.00	91.00	98.00	103.00	107.00	112.00	117.00	112.00	108.00	106.00	105.00	104.00	100.00	86.00	60.00	40.00	30.00	15.00	2.00	0.00	0.00	0.00	0.00	0.00	0.00
																																																																																																																																																																																																																				0.00	0.00	0.00	0.00	0.00	0.00	0.00	8.00	10.00	13.00	20.00	29.00	34.00	41.00	48.00	53.00	60.00	63.00	66.00	69.00	91.00	98.00	103.00	107.00	112.00	117.00	112.00	108.00	106.00	105.00	104.00	100.00	86.00	60.00	40.00	30.00	15.00	2.00	0.00	0.00	0.00	0.00	0.00	0.00
																																																																																																																																																																																																																		0.00	0.00	0.00	1.00	10.00	14.00	18.00	23.00	27.00	32.00	37.00	42.00	49.00	57.00	59.00	63.00	66.00	68.00	71.00	73.00	75.00	77.00	95.00	102.00	104.00	111.00	126.00	139.00	133.00	126.00	120.00	111.00	108.00	105.00	103.00	98.00	65.00	50.00	39.00	27.00	9.00	3.00	1.00	0.00	0.00	0.00
																																																																																																																																																																																																																		0.00	0.00	0.00	1.00	10.00	14.00	18.00	23.00	27.00	32.00	37.00	42.00	49.00	57.00	59.00	63.00	66.00	68.00	71.00	73.00	75.00	77.00	95.00	102.00	104.00	111.00	126.00	139.00	133.00	126.00	120.00	111.00	108.00	105.00	103.00	98.00	65.00	50.00	39.00	27.00	9.00	3.00	1.00	0.00	0.00	0.00
																																																																																																																																																																																																																		0.00	0.00	0.00	1.00	10.00	14.00	18.00	23.00	27.00	32.00	37.00	42.00	49.00	57.00	59.00	63.00	66.00	68.00	71.00	73.00	75.00	77.00	95.00	102.00	104.00	111.00	126.00	139.00	133.00	126.00	120.00	111.00	108.00	105.00	103.00	98.00	65.00	50.00	39.00	27.00	9.00	3.00	1.00	0.00	0.00	0.00
																																																																																																																																																																																																																		0.00	0.00	0.00	1.00	10.00	14.00	18.00	23.00	27.00	32.00	37.00	42.00	49.00	57.00	59.00	63.00	66.00	68.00	71.00	73.00	75.00	77.00	95.00	102.00	104.00	111.00	126.00	139.00	133.00	126.00	120.00	111.00	108.00	105.00	103.00	98.00	65.00	50.00	39.00	27.00	9.00	3.00	1.00	0.00	0.00	0.00
																																																																																																																																																																																																																		0.00	0.00	0.00	1.00	10.00	14.00	18.00	23.00	27.00	32.00	37.00	42.00	49.00	57.00	59.00	63.00	66.00	68.00	71.00	73.00	75.00	77.00	95.00	102.00	104.00	111.00	126.00	139.00	133.00	126.00	120.00	111.00	108.00	105.00	103.00	98.00	65.00	50.00	39.00	27.00	9.00	3.00	1.00	0.00	0.00	0.00
																																																																																																																																																																																																																		0.00	0.00	0.00	1.00	10.00	14.00	18.00	23.00	27.00	32.00	37.00	42.00	49.00	57.00	59.00	63.00	66.00	68.00	71.00	73.00	75.00	77.00	95.00	102.00	104.00	111.00	126.00	139.00	133.00	126.00	120.00	111.00	108.00	105.00	103.00	98.00	65.00	50.00	39.00	27.00	9.00	3.00	1.00	0.00	0.00	0.00
																																																																																																																																																																																																																		0.00	0.00	1.00	8.00	25.00	31.00	34.00	38.00	42.00	43.00	54.00	60.00	62.00	65.00	66.00	71.00	76.00	76.00	76.00	76.00	78.00	79.00	96.00	104.00	113.00	130.00	153.00	177.00	174.00	166.00	157.00	140.00	133.00	115.00	110.00	106.00	103.00	91.00	74.00	58.00	38.00	31.00	22.00	14.00	2.00	0.00
																																																																																																																																																																																																																		0.00	0.00	1.00	8.00	25.00	31.00	34.00	38.00	42.00	43.00	54.00	60.00	62.00	65.00	66.00	71.00	76.00	76.00	76.00	76.00	78.00	79.00	96.00	104.00	113.00	130.00	153.00	177.00	174.00	166.00	157.00	140.00	133.00	115.00	110.00	106.00	103.00	91.00	74.00	58.00	38.00	31.00	22.00	14.00	2.00	0.00
																																																																																																																																																																																																																		0.00	0.00	1.00	8.00	25.00	31.00	34.00	38.00	42.00	43.00	54.00	60.00	62.00	65.00	66.00	71.00	76.00	76.00	76.00	76.00	78.00	79.00	96.00	104.00	113.00	130.00	153.00	177.00	174.00	166.00	157.00	140.00	133.00	115.00	110.00	106.00	103.00	91.00	74.00	58.00	38.00	31.00	22.00	14.00	2.00	0.00
																																																																																																																																																																																																																		0.00	0.00	1.00	8.00	25.00	31.00	34.00	38.00	42.00	43.00	54.00	60.00	62.00	65.00	66.00	71.00	76.00	76.00	76.00	76.00	78.00	79.00	96.00	104.00	113.00	130.00	153.00	177.00	174.00	166.00	157.00	140.00	133.00	115.00	110.00	106.00	103.00	91.00	74.00	58.00	38.00	31.00	22.00	14.00	2.00	0.00
																																																																																																																																																																																																																		0.00	0.00	1.00	8.00	25.00	31.00	34.00	38.00	42.00	43.00	54.00	60.00	62.00	65.00	66.00	71.00	76.00	76.00	76.00	76.00	78.00	79.00	96.00	104.00	113.00	130.00	153.00	177.00	174.00	166.00	157.00	140.00	133.00	115.00	110.00	106.00	103.00	91.00	74.00	58.00	38.00	31.00	22.00	14.00	2.00	0.00
																																																																																																																																																																																																									0.00	0.00	0.00	0.00	0.00	0.00	0.00	0.00	0.00	0.00	0.00	0.00	0.00	0.00	0.00	3.00	7.00	13.00	39.00	53.00	61.00	65.00	69.00	69.00	76.00	82.00	81.00	80.00	80.00	81.00	81.00	96.00	104.00	112.00	129.00	151.00	170.00	176.00	177.00	174.00	159.00	152.00	129.00	125.00	121.00	112.00	108.00	105.00	103.00	84.00	69.00	55.00	44.00	30.00	15.00
																																																																																																																																																																																																									0.00	0.00	0.00	0.00	0.00	0.00	0.00	0.00	0.00	0.00	0.00	0.00	0.00	0.00	0.00	3.00	7.00	13.00	39.00	53.00	61.00	65.00	69.00	69.00	76.00	82.00	81.00	80.00	80.00	81.00	81.00	96.00	104.00	112.00	129.00	151.00	170.00	176.00	177.00	174.00	159.00	152.00	129.00	125.00	121.00	112.00	108.00	105.00	103.00	84.00	69.00	55.00	44.00	30.00	15.00
																																																																																																																																																																																																									0.00	0.00	0.00	0.00	0.00	0.00	0.00	0.00	0.00	0.00	0.00	0.00	0.00	0.00	0.00	3.00	7.00	13.00	39.00	53.00	61.00	65.00	69.00	69.00	76.00	82.00	81.00	80.00	80.00	81.00	81.00	96.00	104.00	112.00	129.00	151.00	170.00	176.00	177.00	174.00	159.00	152.00	129.00	125.00	121.00	112.00	108.00	105.00	103.00	84.00	69.00	55.00	44.00	30.00	15.00
																																																																																																																																																																																																									0.00	0.00	0.00	0.00	0.00	0.00	0.00	0.00	0.00	0.00	0.00	0.00	0.00	0.00	0.00	3.00	7.00	13.00	39.00	53.00	61.00	65.00	69.00	69.00	76.00	82.00	81.00	80.00	80.00	81.00	81.00	96.00	104.00	112.00	129.00	151.00	170.00	176.00	177.00	174.00	159.00	152.00	129.00	125.00	121.00	112.00	108.00	105.00	103.00	84.00	69.00	55.00	44.00	30.00	15.00
																																																																																																																																																																																																									0.00	0.00	0.00	0.00	0.00	0.00	0.00	0.00	0.00	0.00	0.00	0.00	0.00	0.00	0.00	0.00	0.00	2.00	28.00	51.00	61.00	66.00	69.00	70.00	76.00	82.00	82.00	81.00	81.00	82.00	81.00	96.00	104.00	110.00	121.00	135.00	153.00	160.00	168.00	175.00	171.00	159.00	119.00	113.00	111.00	109.00	108.00	108.00	107.00	105.00	104.00	102.00	93.00	67.00	45.00
																																																																																																																																																																																																									0.00	0.00	0.00	0.00	0.00	0.00	0.00	0.00	0.00	0.00	0.00	0.00	0.00	0.00	0.00	0.00	0.00	2.00	28.00	51.00	61.00	66.00	69.00	70.00	76.00	82.00	82.00	81.00	81.00	82.00	81.00	96.00	104.00	110.00	121.00	135.00	153.00	160.00	168.00	175.00	171.00	159.00	119.00	113.00	111.00	109.00	108.00	108.00	107.00	105.00	104.00	102.00	93.00	67.00	45.00
																																																																																																																																																																																																									0.00	0.00	0.00	0.00	0.00	0.00	0.00	0.00	0.00	0.00	0.00	0.00	0.00	0.00	0.00	0.00	0.00	2.00	28.00	51.00	61.00	66.00	69.00	70.00	76.00	82.00	82.00	81.00	81.00	82.00	81.00	96.00	104.00	110.00	121.00	135.00	153.00	160.00	168.00	175.00	171.00	159.00	119.00	113.00	111.00	109.00	108.00	108.00	107.00	105.00	104.00	102.00	93.00	67.00	45.00
																																																																																																																																																																																																									0.00	0.00	0.00	0.00	0.00	0.00	0.00	0.00	0.00	0.00	0.00	0.00	0.00	0.00	0.00	0.00	0.00	2.00	28.00	51.00	61.00	66.00	69.00	70.00	76.00	82.00	82.00	81.00	81.00	82.00	81.00	96.00	104.00	110.00	121.00	135.00	153.00	160.00	168.00	175.00	171.00	159.00	119.00	113.00	111.00	109.00	108.00	108.00	107.00	105.00	104.00	102.00	93.00	67.00	45.00
																																																																																																																																																																																																									0.00	0.00	0.00	0.00	0.00	0.00	0.00	0.00	0.00	0.00	0.00	0.00	0.00	0.00	0.00	0.00	0.00	2.00	28.00	51.00	61.00	66.00	69.00	70.00	76.00	82.00	82.00	81.00	81.00	82.00	81.00	96.00	104.00	110.00	121.00	135.00	153.00	160.00	168.00	175.00	171.00	159.00	119.00	113.00	111.00	109.00	108.00	108.00	107.00	105.00	104.00	102.00	93.00	67.00	45.00
																																																																																																																																																																																																				0.00	0.00	0.00	0.00	0.00	0.00	0.00	0.00	0.00	0.00	0.00	0.00	0.00	0.00	0.00	0.00	0.00	0.00	0.00	0.00	0.00	0.00	0.00	25.00	46.00	57.00	63.00	67.00	69.00	74.00	80.00	81.00	82.00	82.00	82.00	81.00	94.00	100.00	105.00	111.00	117.00	137.00	145.00	152.00	159.00	173.00	176.00	156.00	142.00	133.00	115.00	112.00	110.00	110.00	108.00	107.00	106.00	106.00	103.00	87.00
																																																																																																																																																																																																				0.00	0.00	0.00	0.00	0.00	0.00	0.00	0.00	0.00	0.00	0.00	0.00	0.00	0.00	0.00	0.00	0.00	0.00	0.00	0.00	0.00	0.00	0.00	25.00	46.00	57.00	63.00	67.00	69.00	74.00	80.00	81.00	82.00	82.00	82.00	81.00	94.00	100.00	105.00	111.00	117.00	137.00	145.00	152.00	159.00	173.00	176.00	156.00	142.00	133.00	115.00	112.00	110.00	110.00	108.00	107.00	106.00	106.00	103.00	87.00
																																																																																																																																																																																																				0.00	0.00	0.00	0.00	0.00	0.00	0.00	0.00	0.00	0.00	0.00	0.00	0.00	0.00	0.00	0.00	0.00	0.00	0.00	0.00	0.00	0.00	0.00	25.00	46.00	57.00	63.00	67.00	69.00	74.00	80.00	81.00	82.00	82.00	82.00	81.00	94.00	100.00	105.00	111.00	117.00	137.00	145.00	152.00	159.00	173.00	176.00	156.00	142.00	133.00	115.00	112.00	110.00	110.00	108.00	107.00	106.00	106.00	103.00	87.00
																																																																																																																																																																																																				0.00	0.00	0.00	0.00	0.00	0.00	0.00	0.00	0.00	0.00	0.00	0.00	0.00	0.00	0.00	0.00	0.00	0.00	0.00	0.00	0.00	0.00	0.00	25.00	46.00	57.00	63.00	67.00	69.00	74.00	80.00	81.00	82.00	82.00	82.00	81.00	94.00	100.00	105.00	111.00	117.00	137.00	145.00	152.00	159.00	173.00	176.00	156.00	142.00	133.00	115.00	112.00	110.00	110.00	108.00	107.00	106.00	106.00	103.00	87.00
																																																																																																																																																																																																				0.00	0.00	0.00	0.00	0.00	0.00	0.00	0.00	0.00	0.00	0.00	0.00	0.00	0.00	0.00	0.00	0.00	0.00	0.00	0.00	0.00	0.00	2.00	26.00	43.00	55.00	63.00	66.00	68.00	72.00	77.00	79.00	82.00	82.00	82.00	81.00	91.00	98.00	102.00	106.00	109.00	120.00	128.00	137.00	145.00	158.00	166.00	176.00	173.00	162.00	144.00	134.00	126.00	120.00	111.00	110.00	109.00	108.00	107.00	105.00
																																																																																																																																																																																																				0.00	0.00	0.00	0.00	0.00	0.00	0.00	0.00	0.00	0.00	0.00	0.00	0.00	0.00	0.00	0.00	0.00	0.00	0.00	0.00	0.00	0.00	2.00	26.00	43.00	55.00	63.00	66.00	68.00	72.00	77.00	79.00	82.00	82.00	82.00	81.00	91.00	98.00	102.00	106.00	109.00	120.00	128.00	137.00	145.00	158.00	166.00	176.00	173.00	162.00	144.00	134.00	126.00	120.00	111.00	110.00	109.00	108.00	107.00	105.00
																																																																																																																																																																																																				0.00	0.00	0.00	0.00	0.00	0.00	0.00	0.00	0.00	0.00	0.00	0.00	0.00	0.00	0.00	0.00	0.00	0.00	0.00	0.00	0.00	0.00	2.00	26.00	43.00	55.00	63.00	66.00	68.00	72.00	77.00	79.00	82.00	82.00	82.00	81.00	91.00	98.00	102.00	106.00	109.00	120.00	128.00	137.00	145.00	158.00	166.00	176.00	173.00	162.00	144.00	134.00	126.00	120.00	111.00	110.00	109.00	108.00	107.00	105.00
																																																																																																																																																																																																				0.00	0.00	0.00	0.00	0.00	0.00	0.00	0.00	0.00	0.00	0.00	0.00	0.00	0.00	0.00	0.00	0.00	0.00	0.00	0.00	0.00	0.00	2.00	26.00	43.00	55.00	63.00	66.00	68.00	72.00	77.00	79.00	82.00	82.00	82.00	81.00	91.00	98.00	102.00	106.00	109.00	120.00	128.00	137.00	145.00	158.00	166.00	176.00	173.00	162.00	144.00	134.00	126.00	120.00	111.00	110.00	109.00	108.00	107.00	105.00
																																																																																																																																																																																																									0.00	0.00	0.00	0.00	0.00	0.00	0.00	0.00	0.00	0.00	0.00	0.00	0.00	0.00	0.00	2.00	7.00	17.00	33.00	42.00	52.00	61.00	64.00	65.00	69.00	73.00	75.00	81.00	82.00	82.00	80.00	87.00	94.00	98.00	102.00	105.00	110.00	114.00	121.00	129.00	147.00	152.00	166.00	173.00	177.00	166.00	156.00	149.00	142.00	131.00	120.00	116.00	114.00	109.00	107.00
																																																																																																																																																																																																									0.00	0.00	0.00	0.00	0.00	0.00	0.00	0.00	0.00	0.00	0.00	0.00	0.00	0.00	0.00	2.00	7.00	17.00	33.00	42.00	52.00	61.00	64.00	65.00	69.00	73.00	75.00	81.00	82.00	82.00	80.00	87.00	94.00	98.00	102.00	105.00	110.00	114.00	121.00	129.00	147.00	152.00	166.00	173.00	177.00	166.00	156.00	149.00	142.00	131.00	120.00	116.00	114.00	109.00	107.00
																																																																																																																																																																																																									0.00	0.00	0.00	0.00	0.00	0.00	0.00	0.00	0.00	0.00	0.00	0.00	0.00	0.00	0.00	2.00	7.00	17.00	33.00	42.00	52.00	61.00	64.00	65.00	69.00	73.00	75.00	81.00	82.00	82.00	80.00	87.00	94.00	98.00	102.00	105.00	110.00	114.00	121.00	129.00	147.00	152.00	166.00	173.00	177.00	166.00	156.00	149.00	142.00	131.00	120.00	116.00	114.00	109.00	107.00
																																																																																																																																																																																																									0.00	0.00	0.00	0.00	0.00	0.00	0.00	0.00	0.00	0.00	0.00	0.00	0.00	0.00	0.00	2.00	7.00	17.00	33.00	42.00	52.00	61.00	64.00	65.00	69.00	73.00	75.00	81.00	82.00	82.00	80.00	87.00	94.00	98.00	102.00	105.00	110.00	114.00	121.00	129.00	147.00	152.00	166.00	173.00	177.00	166.00	156.00	149.00	142.00	131.00	120.00	116.00	114.00	109.00	107.00
																																																																																																																																																																																																									0.00	0.00	0.00	0.00	0.00	0.00	0.00	0.00	0.00	0.00	0.00	0.00	0.00	0.00	0.00	2.00	7.00	17.00	33.00	42.00	52.00	61.00	64.00	65.00	69.00	73.00	75.00	81.00	82.00	82.00	80.00	87.00	94.00	98.00	102.00	105.00	110.00	114.00	121.00	129.00	147.00	152.00	166.00	173.00	177.00	166.00	156.00	149.00	142.00	131.00	120.00	116.00	114.00	109.00	107.00
																																																																																																																																																																																																									0.00	0.00	0.00	0.00	0.00	0.00	0.00	0.00	0.00	0.00	0.00	0.00	0.00	2.00	5.00	8.00	17.00	30.00	35.00	40.00	45.00	55.00	61.00	62.00	65.00	68.00	70.00	77.00	80.00	82.00	80.00	84.00	89.00	93.00	96.00	99.00	105.00	108.00	111.00	115.00	132.00	139.00	152.00	158.00	166.00	178.00	175.00	169.00	161.00	150.00	134.00	127.00	124.00	116.00	111.00
																																																																																																																																																																																																									0.00	0.00	0.00	0.00	0.00	0.00	0.00	0.00	0.00	0.00	0.00	0.00	0.00	2.00	5.00	8.00	17.00	30.00	35.00	40.00	45.00	55.00	61.00	62.00	65.00	68.00	70.00	77.00	80.00	82.00	80.00	84.00	89.00	93.00	96.00	99.00	105.00	108.00	111.00	115.00	132.00	139.00	152.00	158.00	166.00	178.00	175.00	169.00	161.00	150.00	134.00	127.00	124.00	116.00	111.00
																																																																																																																																																																																																									0.00	0.00	0.00	0.00	0.00	0.00	0.00	0.00	0.00	0.00	0.00	0.00	0.00	2.00	5.00	8.00	17.00	30.00	35.00	40.00	45.00	55.00	61.00	62.00	65.00	68.00	70.00	77.00	80.00	82.00	80.00	84.00	89.00	93.00	96.00	99.00	105.00	108.00	111.00	115.00	132.00	139.00	152.00	158.00	166.00	178.00	175.00	169.00	161.00	150.00	134.00	127.00	124.00	116.00	111.00
																																																																																																																																																																																																									0.00	0.00	0.00	0.00	0.00	0.00	0.00	0.00	0.00	0.00	0.00	0.00	0.00	2.00	5.00	8.00	17.00	30.00	35.00	40.00	45.00	55.00	61.00	62.00	65.00	68.00	70.00	77.00	80.00	82.00	80.00	84.00	89.00	93.00	96.00	99.00	105.00	108.00	111.00	115.00	132.00	139.00	152.00	158.00	166.00	178.00	175.00	169.00	161.00	150.00	134.00	127.00	124.00	116.00	111.00
																																																																																																																																																																																																									0.00	0.00	0.00	0.00	0.00	0.00	0.00	0.00	0.00	0.00	0.00	0.00	0.00	2.00	5.00	8.00	17.00	30.00	35.00	40.00	45.00	55.00	61.00	62.00	65.00	68.00	70.00	77.00	80.00	82.00	80.00	84.00	89.00	93.00	96.00	99.00	105.00	108.00	111.00	115.00	132.00	139.00	152.00	158.00	166.00	178.00	175.00	169.00	161.00	150.00	134.00	127.00	124.00	116.00	111.00
																																																																																																																																																																																																									0.00	0.00	0.00	0.00	0.00	0.00	0.00	0.00	0.00	0.00	0.00	0.00	0.00	2.00	5.00	8.00	17.00	30.00	35.00	40.00	45.00	55.00	61.00	62.00	65.00	68.00	70.00	77.00	80.00	82.00	80.00	84.00	89.00	93.00	96.00	99.00	105.00	108.00	111.00	115.00	132.00	139.00	152.00	158.00	166.00	178.00	175.00	169.00	161.00	150.00	134.00	127.00	124.00	116.00	111.00
																																																																																																																																																																																																							0.00	0.00	0.00	0.00	0.00	0.00	0.00	0.00	0.00	0.00	0.00	0.00	0.00	0.00	0.00	0.00	1.00	2.00	6.00	13.00	26.00	32.00	36.00	43.00	53.00	57.00	61.00	63.00	65.00	70.00	75.00	79.00	79.00	80.00	84.00	87.00	90.00	93.00	101.00	104.00	108.00	111.00	123.00	129.00	141.00	147.00	152.00	166.00	171.00	175.00	176.00	158.00	141.00	135.00	132.00	124.00	117.00
																																																																																																																																																																																																							0.00	0.00	0.00	0.00	0.00	0.00	0.00	0.00	0.00	0.00	0.00	0.00	0.00	0.00	0.00	0.00	1.00	2.00	6.00	13.00	26.00	32.00	36.00	43.00	53.00	57.00	61.00	63.00	65.00	70.00	75.00	79.00	79.00	80.00	84.00	87.00	90.00	93.00	101.00	104.00	108.00	111.00	123.00	129.00	141.00	147.00	152.00	166.00	171.00	175.00	176.00	158.00	141.00	135.00	132.00	124.00	117.00
																																																																																																																																																																																																							0.00	0.00	0.00	0.00	0.00	0.00	0.00	0.00	0.00	0.00	0.00	0.00	0.00	0.00	0.00	0.00	1.00	2.00	6.00	13.00	26.00	32.00	36.00	43.00	53.00	57.00	61.00	63.00	65.00	70.00	75.00	79.00	79.00	80.00	84.00	87.00	90.00	93.00	101.00	104.00	108.00	111.00	123.00	129.00	141.00	147.00	152.00	166.00	171.00	175.00	176.00	158.00	141.00	135.00	132.00	124.00	117.00
																																																																																																																																																																																																							0.00	0.00	0.00	0.00	0.00	0.00	0.00	0.00	0.00	0.00	0.00	0.00	0.00	0.00	0.00	0.00	1.00	2.00	6.00	13.00	26.00	32.00	36.00	43.00	53.00	57.00	61.00	63.00	65.00	70.00	75.00	79.00	79.00	80.00	84.00	87.00	90.00	93.00	101.00	104.00	108.00	111.00	123.00	129.00	141.00	147.00	152.00	166.00	171.00	175.00	176.00	158.00	141.00	135.00	132.00	124.00	117.00
																																																																																																																																																																																																							0.00	0.00	0.00	0.00	0.00	0.00	0.00	0.00	0.00	0.00	0.00	0.00	0.00	0.00	0.00	0.00	0.00	0.00	0.00	0.00	0.00	3.00	8.00	20.00	31.00	37.00	43.00	49.00	54.00	60.00	63.00	67.00	69.00	73.00	76.00	79.00	82.00	86.00	94.00	98.00	101.00	104.00	109.00	112.00	118.00	122.00	126.00	132.00	134.00	137.00	141.00	129.00	117.00	114.00	113.00	110.00	108.00
																																																																																																																																																																																																							0.00	0.00	0.00	0.00	0.00	0.00	0.00	0.00	0.00	0.00	0.00	0.00	0.00	0.00	0.00	0.00	0.00	0.00	0.00	0.00	0.00	3.00	8.00	20.00	31.00	37.00	43.00	49.00	54.00	60.00	63.00	67.00	69.00	73.00	76.00	79.00	82.00	86.00	94.00	98.00	101.00	104.00	109.00	112.00	118.00	122.00	126.00	132.00	134.00	137.00	141.00	129.00	117.00	114.00	113.00	110.00	108.00
																																																																																																																																																																																																							0.00	0.00	0.00	0.00	0.00	0.00	0.00	0.00	0.00	0.00	0.00	0.00	0.00	0.00	0.00	0.00	0.00	0.00	0.00	0.00	0.00	3.00	8.00	20.00	31.00	37.00	43.00	49.00	54.00	60.00	63.00	67.00	69.00	73.00	76.00	79.00	82.00	86.00	94.00	98.00	101.00	104.00	109.00	112.00	118.00	122.00	126.00	132.00	134.00	137.00	141.00	129.00	117.00	114.00	113.00	110.00	108.00
																																																																																																																																																																																																							0.00	0.00	0.00	0.00	0.00	0.00	0.00	0.00	0.00	0.00	0.00	0.00	0.00	0.00	0.00	0.00	0.00	0.00	0.00	0.00	0.00	3.00	8.00	20.00	31.00	37.00	43.00	49.00	54.00	60.00	63.00	67.00	69.00	73.00	76.00	79.00	82.00	86.00	94.00	98.00	101.00	104.00	109.00	112.00	118.00	122.00	126.00	132.00	134.00	137.00	141.00	129.00	117.00	114.00	113.00	110.00	108.00
																																																																																																																																																																																																							0.00	0.00	0.00	0.00	0.00	0.00	0.00	0.00	0.00	0.00	0.00	0.00	0.00	0.00	0.00	0.00	0.00	0.00	0.00	0.00	0.00	3.00	8.00	20.00	31.00	37.00	43.00	49.00	54.00	60.00	63.00	67.00	69.00	73.00	76.00	79.00	82.00	86.00	94.00	98.00	101.00	104.00	109.00	112.00	118.00	122.00	126.00	132.00	134.00	137.00	141.00	129.00	117.00	114.00	113.00	110.00	108.00
																																																																																																																																																																																																				0.00	0.00	0.00	0.00	0.00	0.00	0.00	0.00	0.00	0.00	0.00	0.00	0.00	0.00	0.00	0.00	0.00	0.00	0.00	0.00	0.00	0.00	0.00	0.00	0.00	0.00	1.00	11.00	20.00	28.00	33.00	37.00	46.00	51.00	54.00	57.00	64.00	67.00	70.00	73.00	76.00	84.00	89.00	94.00	98.00	103.00	105.00	108.00	110.00	112.00	117.00	118.00	119.00	120.00	115.00	109.00	107.00	107.00	106.00	105.00
																																																																																																																																																																																																				0.00	0.00	0.00	0.00	0.00	0.00	0.00	0.00	0.00	0.00	0.00	0.00	0.00	0.00	0.00	0.00	0.00	0.00	0.00	0.00	0.00	0.00	0.00	0.00	0.00	0.00	1.00	11.00	20.00	28.00	33.00	37.00	46.00	51.00	54.00	57.00	64.00	67.00	70.00	73.00	76.00	84.00	89.00	94.00	98.00	103.00	105.00	108.00	110.00	112.00	117.00	118.00	119.00	120.00	115.00	109.00	107.00	107.00	106.00	105.00
																																																																																																																																																																																																				0.00	0.00	0.00	0.00	0.00	0.00	0.00	0.00	0.00	0.00	0.00	0.00	0.00	0.00	0.00	0.00	0.00	0.00	0.00	0.00	0.00	0.00	0.00	0.00	0.00	0.00	1.00	11.00	20.00	28.00	33.00	37.00	46.00	51.00	54.00	57.00	64.00	67.00	70.00	73.00	76.00	84.00	89.00	94.00	98.00	103.00	105.00	108.00	110.00	112.00	117.00	118.00	119.00	120.00	115.00	109.00	107.00	107.00	106.00	105.00
																																																																																																																																																																																																				0.00	0.00	0.00	0.00	0.00	0.00	0.00	0.00	0.00	0.00	0.00	0.00	0.00	0.00	0.00	0.00	0.00	0.00	0.00	0.00	0.00	0.00	0.00	0.00	0.00	0.00	1.00	11.00	20.00	28.00	33.00	37.00	46.00	51.00	54.00	57.00	64.00	67.00	70.00	73.00	76.00	84.00	89.00	94.00	98.00	103.00	105.00	108.00	110.00	112.00	117.00	118.00	119.00	120.00	115.00	109.00	107.00	107.00	106.00	105.00
																																																																																																																																																																																																				0.00	0.00	0.00	0.00	0.00	0.00	0.00	0.00	0.00	0.00	0.00	0.00	0.00	0.00	0.00	0.00	0.00	0.00	0.00	0.00	0.00	0.00	0.00	0.00	0.00	0.00	0.00	0.00	5.00	12.00	19.00	25.00	32.00	35.00	38.00	42.00	52.00	54.00	57.00	59.00	62.00	69.00	73.00	78.00	82.00	92.00	97.00	101.00	103.00	104.00	108.00	108.00	108.00	107.00	105.00	105.00	104.00	103.00	100.00	96.00
																																																																																																																																																																																																				0.00	0.00	0.00	0.00	0.00	0.00	0.00	0.00	0.00	0.00	0.00	0.00	0.00	0.00	0.00	0.00	0.00	0.00	0.00	0.00	0.00	0.00	0.00	0.00	0.00	0.00	0.00	0.00	5.00	12.00	19.00	25.00	32.00	35.00	38.00	42.00	52.00	54.00	57.00	59.00	62.00	69.00	73.00	78.00	82.00	92.00	97.00	101.00	103.00	104.00	108.00	108.00	108.00	107.00	105.00	105.00	104.00	103.00	100.00	96.00
																																																																																																																																																																																																				0.00	0.00	0.00	0.00	0.00	0.00	0.00	0.00	0.00	0.00	0.00	0.00	0.00	0.00	0.00	0.00	0.00	0.00	0.00	0.00	0.00	0.00	0.00	0.00	0.00	0.00	0.00	0.00	5.00	12.00	19.00	25.00	32.00	35.00	38.00	42.00	52.00	54.00	57.00	59.00	62.00	69.00	73.00	78.00	82.00	92.00	97.00	101.00	103.00	104.00	108.00	108.00	108.00	107.00	105.00	105.00	104.00	103.00	100.00	96.00
																																																																																																																																																																																																				0.00	0.00	0.00	0.00	0.00	0.00	0.00	0.00	0.00	0.00	0.00	0.00	0.00	0.00	0.00	0.00	0.00	0.00	0.00	0.00	0.00	0.00	0.00	0.00	0.00	0.00	0.00	0.00	5.00	12.00	19.00	25.00	32.00	35.00	38.00	42.00	52.00	54.00	57.00	59.00	62.00	69.00	73.00	78.00	82.00	92.00	97.00	101.00	103.00	104.00	108.00	108.00	108.00	107.00	105.00	105.00	104.00	103.00	100.00	96.00
																																																																																																																																																																																																							0.00	0.00	0.00	0.00	0.00	0.00	0.00	0.00	0.00	0.00	0.00	0.00	0.00	0.00	0.00	0.00	0.00	0.00	0.00	0.00	0.00	0.00	0.00	0.00	0.00	0.00	1.00	3.00	7.00	15.00	19.00	23.00	26.00	35.00	39.00	42.00	45.00	48.00	55.00	58.00	60.00	63.00	69.00	73.00	78.00	81.00	83.00	86.00	87.00	87.00	87.00	86.00	86.00	86.00	85.00	81.00	76.00
																																																																																																																																																																																																							0.00	0.00	0.00	0.00	0.00	0.00	0.00	0.00	0.00	0.00	0.00	0.00	0.00	0.00	0.00	0.00	0.00	0.00	0.00	0.00	0.00	0.00	0.00	0.00	0.00	0.00	1.00	3.00	7.00	15.00	19.00	23.00	26.00	35.00	39.00	42.00	45.00	48.00	55.00	58.00	60.00	63.00	69.00	73.00	78.00	81.00	83.00	86.00	87.00	87.00	87.00	86.00	86.00	86.00	85.00	81.00	76.00
																																																																																																																																																																																																							0.00	0.00	0.00	0.00	0.00	0.00	0.00	0.00	0.00	0.00	0.00	0.00	0.00	0.00	0.00	0.00	0.00	0.00	0.00	0.00	0.00	0.00	0.00	0.00	0.00	0.00	1.00	3.00	7.00	15.00	19.00	23.00	26.00	35.00	39.00	42.00	45.00	48.00	55.00	58.00	60.00	63.00	69.00	73.00	78.00	81.00	83.00	86.00	87.00	87.00	87.00	86.00	86.00	86.00	85.00	81.00	76.00
																																																																																																																																																																																																							0.00	0.00	0.00	0.00	0.00	0.00	0.00	0.00	0.00	0.00	0.00	0.00	0.00	0.00	0.00	0.00	0.00	0.00	0.00	0.00	0.00	0.00	0.00	0.00	0.00	0.00	1.00	3.00	7.00	15.00	19.00	23.00	26.00	35.00	39.00	42.00	45.00	48.00	55.00	58.00	60.00	63.00	69.00	73.00	78.00	81.00	83.00	86.00	87.00	87.00	87.00	86.00	86.00	86.00	85.00	81.00	76.00
																																																																																																																																																																																																							0.00	0.00	0.00	0.00	0.00	0.00	0.00	0.00	0.00	0.00	0.00	0.00	0.00	0.00	0.00	0.00	0.00	0.00	0.00	0.00	0.00	0.00	0.00	0.00	0.00	0.00	1.00	3.00	7.00	15.00	19.00	23.00	26.00	35.00	39.00	42.00	45.00	48.00	55.00	58.00	60.00	63.00	69.00	73.00	78.00	81.00	83.00	86.00	87.00	87.00	87.00	86.00	86.00	86.00	85.00	81.00	76.00
																																																																																																																																																																																																							0.00	0.00	0.00	0.00	0.00	0.00	0.00	0.00	0.00	0.00	0.00	0.00	0.00	0.00	0.00	0.00	0.00	0.00	0.00	0.00	0.00	0.00	0.00	0.00	0.00	0.00	0.00	0.00	0.00	1.00	3.00	5.00	8.00	18.00	21.00	24.00	28.00	31.00	36.00	39.00	43.00	46.00	53.00	56.00	62.00	64.00	65.00	68.00	69.00	70.00	71.00	72.00	72.00	73.00	73.00	69.00	64.00
																																																																																																																																																																																																							0.00	0.00	0.00	0.00	0.00	0.00	0.00	0.00	0.00	0.00	0.00	0.00	0.00	0.00	0.00	0.00	0.00	0.00	0.00	0.00	0.00	0.00	0.00	0.00	0.00	0.00	0.00	0.00	0.00	1.00	3.00	5.00	8.00	18.00	21.00	24.00	28.00	31.00	36.00	39.00	43.00	46.00	53.00	56.00	62.00	64.00	65.00	68.00	69.00	70.00	71.00	72.00	72.00	73.00	73.00	69.00	64.00
																																																																																																																																																																																																							0.00	0.00	0.00	0.00	0.00	0.00	0.00	0.00	0.00	0.00	0.00	0.00	0.00	0.00	0.00	0.00	0.00	0.00	0.00	0.00	0.00	0.00	0.00	0.00	0.00	0.00	0.00	0.00	0.00	1.00	3.00	5.00	8.00	18.00	21.00	24.00	28.00	31.00	36.00	39.00	43.00	46.00	53.00	56.00	62.00	64.00	65.00	68.00	69.00	70.00	71.00	72.00	72.00	73.00	73.00	69.00	64.00
																																																																																																																																																																																																							0.00	0.00	0.00	0.00	0.00	0.00	0.00	0.00	0.00	0.00	0.00	0.00	0.00	0.00	0.00	0.00	0.00	0.00	0.00	0.00	0.00	0.00	0.00	0.00	0.00	0.00	0.00	0.00	0.00	1.00	3.00	5.00	8.00	18.00	21.00	24.00	28.00	31.00	36.00	39.00	43.00	46.00	53.00	56.00	62.00	64.00	65.00	68.00	69.00	70.00	71.00	72.00	72.00	73.00	73.00	69.00	64.00
																																																																																																																																																																																																				0.00	0.00	0.00	0.00	0.00	0.00	0.00	0.00	0.00	0.00	0.00	0.00	0.00	0.00	0.00	0.00	0.00	0.00	0.00	0.00	0.00	0.00	0.00	0.00	0.00	0.00	0.00	0.00	0.00	0.00	0.00	0.00	0.00	0.00	0.00	0.00	3.00	5.00	7.00	10.00	12.00	18.00	21.00	25.00	29.00	35.00	39.00	47.00	51.00	53.00	57.00	60.00	61.00	62.00	64.00	65.00	66.00	66.00	62.00	57.00
																																																																																																																																																																																																				0.00	0.00	0.00	0.00	0.00	0.00	0.00	0.00	0.00	0.00	0.00	0.00	0.00	0.00	0.00	0.00	0.00	0.00	0.00	0.00	0.00	0.00	0.00	0.00	0.00	0.00	0.00	0.00	0.00	0.00	0.00	0.00	0.00	0.00	0.00	0.00	3.00	5.00	7.00	10.00	12.00	18.00	21.00	25.00	29.00	35.00	39.00	47.00	51.00	53.00	57.00	60.00	61.00	62.00	64.00	65.00	66.00	66.00	62.00	57.00
																																																																																																																																																																																																				0.00	0.00	0.00	0.00	0.00	0.00	0.00	0.00	0.00	0.00	0.00	0.00	0.00	0.00	0.00	0.00	0.00	0.00	0.00	0.00	0.00	0.00	0.00	0.00	0.00	0.00	0.00	0.00	0.00	0.00	0.00	0.00	0.00	0.00	0.00	0.00	3.00	5.00	7.00	10.00	12.00	18.00	21.00	25.00	29.00	35.00	39.00	47.00	51.00	53.00	57.00	60.00	61.00	62.00	64.00	65.00	66.00	66.00	62.00	57.00
																																																																																																																																																																																																				0.00	0.00	0.00	0.00	0.00	0.00	0.00	0.00	0.00	0.00	0.00	0.00	0.00	0.00	0.00	0.00	0.00	0.00	0.00	0.00	0.00	0.00	0.00	0.00	0.00	0.00	0.00	0.00	0.00	0.00	0.00	0.00	0.00	0.00	0.00	0.00	3.00	5.00	7.00	10.00	12.00	18.00	21.00	25.00	29.00	35.00	39.00	47.00	51.00	53.00	57.00	60.00	61.00	62.00	64.00	65.00	66.00	66.00	62.00	57.00
																																																																																																																																																																																																				0.00	0.00	0.00	0.00	0.00	0.00	0.00	0.00	0.00	0.00	0.00	0.00	0.00	0.00	0.00	0.00	0.00	0.00	0.00	0.00	0.00	0.00	0.00	0.00	0.00	0.00	0.00	0.00	0.00	0.00	0.00	0.00	0.00	0.00	0.00	0.00	3.00	5.00	7.00	10.00	12.00	18.00	21.00	25.00	29.00	35.00	39.00	47.00	51.00	53.00	57.00	60.00	61.00	62.00	64.00	65.00	66.00	66.00	62.00	57.00
																																																																																																																																																																																																				0.00	0.00	0.00	0.00	0.00	0.00	0.00	0.00	0.00	0.00	0.00	0.00	0.00	0.00	0.00	0.00	0.00	0.00	0.00	0.00	0.00	0.00	0.00	0.00	0.00	0.00	0.00	0.00	0.00	0.00	0.00	0.00	0.00	0.00	0.00	0.00	0.00	0.00	0.00	0.00	1.00	3.00	4.00	5.00	8.00	15.00	20.00	29.00	33.00	35.00	40.00	43.00	45.00	46.00	51.00	52.00	53.00	53.00	48.00	42.00
																																																																																																																																																																																																				0.00	0.00	0.00	0.00	0.00	0.00	0.00	0.00	0.00	0.00	0.00	0.00	0.00	0.00	0.00	0.00	0.00	0.00	0.00	0.00	0.00	0.00	0.00	0.00	0.00	0.00	0.00	0.00	0.00	0.00	0.00	0.00	0.00	0.00	0.00	0.00	0.00	0.00	0.00	0.00	1.00	3.00	4.00	5.00	8.00	15.00	20.00	29.00	33.00	35.00	40.00	43.00	45.00	46.00	51.00	52.00	53.00	53.00	48.00	42.00
																																																																																																																																																																																																				0.00	0.00	0.00	0.00	0.00	0.00	0.00	0.00	0.00	0.00	0.00	0.00	0.00	0.00	0.00	0.00	0.00	0.00	0.00	0.00	0.00	0.00	0.00	0.00	0.00	0.00	0.00	0.00	0.00	0.00	0.00	0.00	0.00	0.00	0.00	0.00	0.00	0.00	0.00	0.00	1.00	3.00	4.00	5.00	8.00	15.00	20.00	29.00	33.00	35.00	40.00	43.00	45.00	46.00	51.00	52.00	53.00	53.00	48.00	42.00
																																																																																																																																																																																																				0.00	0.00	0.00	0.00	0.00	0.00	0.00	0.00	0.00	0.00	0.00	0.00	0.00	0.00	0.00	0.00	0.00	0.00	0.00	0.00	0.00	0.00	0.00	0.00	0.00	0.00	0.00	0.00	0.00	0.00	0.00	0.00	0.00	0.00	0.00	0.00	0.00	0.00	0.00	0.00	1.00	3.00	4.00	5.00	8.00	15.00	20.00	29.00	33.00	35.00	40.00	43.00	45.00	46.00	51.00	52.00	53.00	53.00	48.00	42.00
																																																																																																																																																																																																				0.00	0.00	0.00	0.00	0.00	0.00	0.00	0.00	0.00	0.00	0.00	0.00	0.00	0.00	0.00	0.00	0.00	0.00	0.00	0.00	0.00	0.00	0.00	0.00	0.00	0.00	0.00	0.00	0.00	0.00	0.00	0.00	0.00	0.00	0.00	0.00	0.00	0.00	0.00	0.00	1.00	3.00	4.00	5.00	8.00	15.00	20.00	29.00	33.00	35.00	40.00	43.00	45.00	46.00	51.00	52.00	53.00	53.00	48.00	42.00
																																																																																																																																																																																																													0.00	0.00	0.00	0.00	0.00	0.00	0.00	0.00	0.00	0.00	0.00	0.00	0.00	0.00	0.00	0.00	0.00	0.00	0.00	0.00	0.00	0.00	0.00	0.00	0.00	0.00	0.00	0.00	0.00	0.00	0.00	0.00	0.00	0.00	0.00	0.00	0.00	0.00	1.00	3.00	7.00	16.00	20.00	24.00	27.00	32.00	33.00	34.00	35.00	33.00	29.00
																																																																																																																																																																																																													0.00	0.00	0.00	0.00	0.00	0.00	0.00	0.00	0.00	0.00	0.00	0.00	0.00	0.00	0.00	0.00	0.00	0.00	0.00	0.00	0.00	0.00	0.00	0.00	0.00	0.00	0.00	0.00	0.00	0.00	0.00	0.00	0.00	0.00	0.00	0.00	0.00	0.00	1.00	3.00	7.00	16.00	20.00	24.00	27.00	32.00	33.00	34.00	35.00	33.00	29.00
																																																																																																																																																																																																													0.00	0.00	0.00	0.00	0.00	0.00	0.00	0.00	0.00	0.00	0.00	0.00	0.00	0.00	0.00	0.00	0.00	0.00	0.00	0.00	0.00	0.00	0.00	0.00	0.00	0.00	0.00	0.00	0.00	0.00	0.00	0.00	0.00	0.00	0.00	0.00	0.00	0.00	1.00	3.00	7.00	16.00	20.00	24.00	27.00	32.00	33.00	34.00	35.00	33.00	29.00
																																																																																																																																																																																																													0.00	0.00	0.00	0.00	0.00	0.00	0.00	0.00	0.00	0.00	0.00	0.00	0.00	0.00	0.00	0.00	0.00	0.00	0.00	0.00	0.00	0.00	0.00	0.00	0.00	0.00	0.00	0.00	0.00	0.00	0.00	0.00	0.00	0.00	0.00	0.00	0.00	0.00	1.00	3.00	7.00	16.00	20.00	24.00	27.00	32.00	33.00	34.00	35.00	33.00	29.00
																																																																																																																																																																																																													0.00	0.00	0.00	0.00	0.00	0.00	0.00	0.00	0.00	0.00	0.00	0.00	0.00	0.00	0.00	0.00	0.00	0.00	0.00	0.00	0.00	0.00	0.00	0.00	0.00	0.00	0.00	0.00	0.00	0.00	0.00	0.00	0.00	0.00	0.00	0.00	0.00	0.00	1.00	3.00	7.00	16.00	20.00	24.00	27.00	32.00	33.00	34.00	35.00	33.00	29.00
																																																																																																																																																																																																													0.00	0.00	0.00	0.00	0.00	0.00	0.00	0.00	0.00	0.00	0.00	0.00	0.00	0.00	0.00	0.00	0.00	0.00	0.00	0.00	0.00	0.00	0.00	0.00	0.00	0.00	0.00	0.00	0.00	0.00	0.00	0.00	0.00	0.00	0.00	0.00	0.00	0.00	0.00	0.00	0.00	0.00	1.00	2.00	3.00	6.00	9.00	11.00	12.00	13.00	10.00
																																																																																																																																																																																																													0.00	0.00	0.00	0.00	0.00	0.00	0.00	0.00	0.00	0.00	0.00	0.00	0.00	0.00	0.00	0.00	0.00	0.00	0.00	0.00	0.00	0.00	0.00	0.00	0.00	0.00	0.00	0.00	0.00	0.00	0.00	0.00	0.00	0.00	0.00	0.00	0.00	0.00	0.00	0.00	0.00	0.00	1.00	2.00	3.00	6.00	9.00	11.00	12.00	13.00	10.00
																																																																																																																																																																																																													0.00	0.00	0.00	0.00	0.00	0.00	0.00	0.00	0.00	0.00	0.00	0.00	0.00	0.00	0.00	0.00	0.00	0.00	0.00	0.00	0.00	0.00	0.00	0.00	0.00	0.00	0.00	0.00	0.00	0.00	0.00	0.00	0.00	0.00	0.00	0.00	0.00	0.00	0.00	0.00	0.00	0.00	1.00	2.00	3.00	6.00	9.00	11.00	12.00	13.00	10.00
																																																																																																																																																																																																													0.00	0.00	0.00	0.00	0.00	0.00	0.00	0.00	0.00	0.00	0.00	0.00	0.00	0.00	0.00	0.00	0.00	0.00	0.00	0.00	0.00	0.00	0.00	0.00	0.00	0.00	0.00	0.00	0.00	0.00	0.00	0.00	0.00	0.00	0.00	0.00	0.00	0.00	0.00	0.00	0.00	0.00	1.00	2.00	3.00	6.00	9.00	11.00	12.00	13.00	10.00
																																																																																																																																																																																																																												0.00	0.00	0.00	0.00	0.00	0.00	0.00	0.00	0.00	0.00	0.00	0.00	0.00	0.00	0.00	0.00	0.00	0.00	0.00	0.00	0.00	0.00	0.00	0.00	0.00	0.00	0.00								1.00	2.00
																																																																																																																																																																																																																												0.00	0.00	0.00	0.00	0.00	0.00	0.00	0.00	0.00	0.00	0.00	0.00	0.00	0.00	0.00	0.00	0.00	0.00	0.00	0.00	0.00	0.00	0.00	0.00	0.00	0.00	0.00								1.00	2.00
																																																																																																																																																																																																																												0.00	0.00	0.00	0.00	0.00	0.00	0.00	0.00	0.00	0.00	0.00	0.00	0.00	0.00	0.00	0.00	0.00	0.00	0.00	0.00	0.00	0.00	0.00	0.00	0.00	0.00	0.00								1.00	2.00
																																																																																																																																																																																																																												0.00	0.00	0.00	0.00	0.00	0.00	0.00	0.00	0.00	0.00	0.00	0.00	0.00	0.00	0.00	0.00	0.00	0.00	0.00	0.00	0.00	0.00	0.00	0.00	0.00	0.00	0.00								1.00	2.00
																																																																																																																																																																																																																												0.00	0.00	0.00	0.00	0.00	0.00	0.00	0.00	0.00	0.00	0.00	0.00	0.00	0.00	0.00	0.00	0.00	0.00	0.00	0.00	0.00	0.00	0.00	0.00	0.00	0.00	0.00									
																																																																																																																																																																																																																												0.00	0.00	0.00	0.00	0.00	0.00	0.00	0.00	0.00	0.00	0.00	0.00	0.00	0.00	0.00	0.00	0.00	0.00	0.00	0.00	0.00	0.00	0.00	0.00	0.00	0.00	0.00									
																																																																																																																																																																																																																												0.00	0.00	0.00	0.00	0.00	0.00	0.00	0.00	0.00	0.00	0.00	0.00	0.00	0.00	0.00	0.00	0.00	0.00	0.00	0.00	0.00	0.00	0.00	0.00	0.00	0.00	0.00									
																																																																																																																																																																																																																												0.00	0.00	0.00	0.00	0.00	0.00	0.00	0.00	0.00	0.00	0.00	0.00	0.00	0.00	0.00	0.00	0.00	0.00	0.00	0.00	0.00	0.00	0.00	0.00	0.00	0.00	0.00									
																																																																																																																																																																																																																												0.00	0.00	0.00	0.00	0.00	0.00	0.00	0.00	0.00	0.00	0.00	0.00	0.00	0.00	0.00	0.00	0.00	0.00	0.00	0.00	0.00	0.00	0.00	0.00	0.00	0.00	0.00									
																																																																																																																																																																																																																												0.00	0.00	0.00	0.00	0.00	0.00	0.00	0.00	0.00	0.00	0.00	0.00	0.00	0.00	0.00	0.00	0.00	0.00	0.00	0.00	0.00	0.00	0.00	0.00	0.00	0.00	0.00									
																																																																																																																																																																																																																												0.00	0.00	0.00	0.00	0.00	0.00	0.00	0.00	0.00	0.00	0.00	0.00	0.00	0.00	0.00	0.00	0.00	0.00	0.00	0.00	0.00	0.00	0.00	0.00	0.00	0.00	0.00									
																																																																																																																																																																																																																												0.00	0.00	0.00	0.00	0.00	0.00	0.00	0.00	0.00	0.00	0.00	0.00	0.00	0.00	0.00	0.00	0.00	0.00	0.00	0.00	0.00	0.00	0.00	0.00	0.00	0.00	0.00									
																																																																																																																																																																																																																												0.00	0.00	0.00	0.00	0.00	0.00	0.00	0.00	0.00	0.00	0.00	0.00	0.00	0.00	0.00	0.00	0.00	0.00	0.00	0.00	0.00	0.00	0.00	0.00	0.00	0.00	0.00									
																																																																																																																																																																																																																												0.00	0.00	0.00	0.00	0.00	0.00	0.00	0.00	0.00	0.00	0.00	0.00	0.00	0.00	0.00	0.00	0.00	0.00	0.00	0.00	0.00	0.00	0.00	0.00	0.00	0.00	0.00									
																																																																																																																																																																																																																									0.00	0.00	0.00	0.00	0.00	0.00	0.00	0.00	0.00	0.00	0.00	0.00	0.00	0.00	0.00	0.00	0.00	0.00	0.00	0.00	0.00	0.00	0.00	0.00	0.00	0.00	0.00	0.00	0.00										
																																																																																																																																																																																																																									0.00	0.00	0.00	0.00	0.00	0.00	0.00	0.00	0.00	0.00	0.00	0.00	0.00	0.00	0.00	0.00	0.00	0.00	0.00	0.00	0.00	0.00	0.00	0.00	0.00	0.00	0.00	0.00	0.00										
																																																																																																																																																																																																																									0.00	0.00	0.00	0.00	0.00	0.00	0.00	0.00	0.00	0.00	0.00	0.00	0.00	0.00	0.00	0.00	0.00	0.00	0.00	0.00	0.00	0.00	0.00	0.00	0.00	0.00	0.00	0.00	0.00										
																																																																																																																																																																																																																									0.00	0.00	0.00	0.00	0.00	0.00	0.00	0.00	0.00	0.00	0.00	0.00	0.00	0.00	0.00	0.00	0.00	0.00	0.00	0.00	0.00	0.00	0.00	0.00	0.00	0.00	0.00	0.00	0.00										
																																																																																																																																																																																																																									0.00	0.00	0.00	0.00	0.00	0.00	0.00	0.00	0.00	0.00	0.00	0.00	0.00	0.00	0.00	0.00	0.00	0.00	0.00	0.00	0.00	0.00	0.00	0.00	0.00	0.00	0.00	0.00	0.00										
																																																																																																																																																																																																																									0.00	0.00	0.00	0.00	0.00	0.00	0.00	0.00	0.00	0.00	0.00	0.00	0.00	0.00	0.00	0.00	0.00	0.00	0.00	0.00	0.00	0.00	0.00	0.00	0.00	0.00	0.00	0.00	0.00										
																																																																																																																																																																																																																									0.00	0.00	0.00	0.00	0.00	0.00	0.00	0.00	0.00	0.00	0.00	0.00	0.00	0.00	0.00	0.00	0.00	0.00	0.00	0.00	0.00	0.00	0.00	0.00	0.00	0.00	0.00	0.00	0.00										
																																																																																																																																																																																																																									0.00	0.00	0.00	0.00	0.00	0.00	0.00	0.00	0.00	0.00	0.00	0.00	0.00	0.00	0.00	0.00	0.00	0.00	0.00	0.00	0.00	0.00	0.00	0.00	0.00	0.00	0.00	0.00	0.00										
																																																																																																																																																																																																																									0.00	0.00	0.00	0.00	0.00	0.00	0.00	0.00	0.00	0.00	0.00	0.00	0.00	0.00	0.00	0.00	0.00	0.00	0.00	0.00	0.00	0.00	0.00	0.00	0.00	0.00	0.00	0.00	0.00										
																																																																																																																																																																																																																																																															
																																																																																																																																																																																																																																																															
																																																																																																																																																																																																																																																															
																																																																																																																																																																																																																																																															
																																																																																																																																																																																																																																																															
																																																																																																																																																																																																																																																															
																																																																																																																																																																																																																																																															
																																																																																																																																																																																																																																																															
																																																																																																																																																																																																																																																															
																																																																																																																																																																																																																																																															
																																																																																																																																																																																																																																																															
																																																																																																																																																																																																																																																															
																																																																																																																																																																																																																																																															
																																																																																																																																																																																																																																																															
																																																																																																																																																																																																																																																															
																																																																																																																																																																																																																																																															
																																																																																																																																																																																																																																																															
																																																																																																																																																																																																																																																															
																																																																																																																																																																																																																																																															
																																																																																																																																																																																																																																																															
																																																																																																																																																																																																																																																															
																																																																																																																																																																																																																																																															
																																																																																																																																																																																																																																																															
																																																																																																																																																																																																																																																															
																																																																																																																																																																																																																																																															
																																																																																																																																																																																																																																																															
																																																																																																																																																																																																																																																															
																																																																																																																																																																																																																																																															
																																																																																																																																																																																																																																																															
																																																																																																																																																																																																																																																															
																																																																																																																																																																																																																																																															
																																																																																																																																																																																																																																																															
																																																																																																																																																																																																																																																															
																																																																																																																																																																																																																																																															
																																																																																																																																																																																																																																																															
																																																																																																																																																																																																																																																															
																																																																																																																																																																																																																																																															
																																																																																																																																																																																																																																																															
																																																																																																																																																																																																																																																															
																																																																																																																																																																																																																																																															
																																																																																																																																																																																																																																																															
																																																																																																																																																																																																																																																															