677.00	672.00	657.00	670.00	675.00	660.00	657.00	667.00	679.00	677.00	675.00	677.00	671.00	666.00	661.00	650.00	653.00	667.00	665.00	654.00	646.00	660.00	666.00	660.00	646.00	649.00	653.00	666.00	672.00	684.00	693.00	689.00	686.00	686.00	685.00	683.00	687.00	691.00	734.00	734.00	713.00	700.00	686.00	692.00	699.00	698.00	700.00	690.00	698.00	709.00	722.00	740.00	739.00	740.00	747.00	746.00	750.00	731.00	720.00	700.00	694.00	699.00	699.00	696.00	691.00	683.00	680.00	679.00	677.00	677.00	677.00	680.00	690.00	687.00	694.00	700.00	709.00	718.00	690.00	692.00	705.00	702.00	697.00	705.00	703.00	698.00	694.00	705.00	699.00	705.00	701.00	705.00	700.00	699.00	698.00	705.00	704.00	702.00	705.00	692.00	693.00	686.00	687.00	694.00	694.00	692.00	694.00	692.00	690.00	694.00	693.00	687.00	693.00	693.00	678.00	676.00	676.00	674.00	670.00	673.00	683.00	683.00	686.00	691.00	678.00	666.00	659.00	665.00	677.00	683.00	687.00	683.00	683.00	684.00	687.00	692.00	708.00	708.00	700.00	700.00	699.00	706.00	718.00	710.00	707.00	706.00	705.00	705.00	700.00	700.00	703.00	696.00	697.00	696.00	685.00	690.00	686.00	688.00	690.00	698.00	699.00	696.00	698.00	692.00	690.00	695.00	697.00	696.00	696.00	700.00	703.00	706.00	703.00	705.00	707.00	704.00	709.00	723.00	720.00	732.00	737.00	727.00	735.00	734.00	735.00	731.00	715.00	712.00	707.00	714.00	710.00	710.00	712.00	708.00	706.00	706.00	712.00	717.00	711.00	700.00	695.00	703.00	716.00	713.00	710.00	709.00	707.00	698.00	726.00	721.00	700.00	693.00	694.00	713.00	697.00	682.00	686.00	678.00	673.00	683.00	692.00	689.00	722.00	725.00	708.00	700.00	728.00	713.00	717.00	721.00	717.00	704.00	705.00	719.00	721.00	721.00	728.00	715.00	712.00	716.00	710.00	702.00	709.00	723.00	707.00	702.00	713.00	712.00	704.00	725.00	743.00	751.00	738.00	718.00	710.00	711.00
680.00	673.00	658.00	670.00	679.00	662.00	659.00	671.00	679.00	675.00	674.00	677.00	664.00	661.00	659.00	649.00	650.00	660.00	659.00	654.00	645.00	649.00	660.00	657.00	644.00	647.00	660.00	670.00	663.00	679.00	688.00	689.00	689.00	685.00	684.00	681.00	684.00	693.00	720.00	718.00	710.00	699.00	691.00	701.00	707.00	708.00	710.00	698.00	707.00	715.00	720.00	724.00	729.00	742.00	747.00	747.00	745.00	725.00	713.00	708.00	705.00	708.00	708.00	701.00	697.00	691.00	688.00	683.00	679.00	674.00	679.00	687.00	692.00	691.00	700.00	700.00	703.00	706.00	705.00	702.00	705.00	699.00	701.00	695.00	705.00	708.00	696.00	715.00	704.00	697.00	696.00	707.00	691.00	693.00	695.00	697.00	704.00	703.00	695.00	692.00	689.00	693.00	688.00	685.00	688.00	698.00	700.00	691.00	690.00	697.00	688.00	686.00	683.00	682.00	676.00	676.00	682.00	684.00	672.00	672.00	686.00	684.00	676.00	690.00	682.00	662.00	659.00	668.00	671.00	675.00	676.00	681.00	686.00	687.00	689.00	694.00	701.00	708.00	704.00	701.00	703.00	696.00	710.00	714.00	714.00	700.00	699.00	698.00	697.00	701.00	699.00	698.00	696.00	694.00	685.00	686.00	684.00	688.00	689.00	691.00	698.00	700.00	697.00	693.00	691.00	697.00	702.00	696.00	699.00	697.00	698.00	700.00	705.00	707.00	707.00	711.00	709.00	712.00	719.00	725.00	730.00	721.00	726.00	729.00	727.00	737.00	718.00	710.00	708.00	714.00	711.00	711.00	710.00	711.00	705.00	696.00	704.00	711.00	713.00	706.00	705.00	698.00	712.00	717.00	706.00	711.00	698.00	685.00	717.00	694.00	697.00	696.00	696.00	696.00	685.00	672.00	678.00	677.00	674.00	676.00	690.00	693.00	718.00	732.00	721.00	700.00	727.00	715.00	716.00	722.00	713.00	720.00	706.00	710.00	717.00	722.00	720.00	715.00	709.00	712.00	709.00	704.00	708.00	723.00	711.00	704.00	710.00	712.00	719.00	712.00	726.00	733.00	731.00	716.00	713.00	710.00
687.00	678.00	660.00	657.00	666.00	659.00	666.00	676.00	675.00	673.00	666.00	676.00	668.00	658.00	654.00	646.00	650.00	653.00	655.00	661.00	646.00	647.00	649.00	649.00	644.00	651.00	656.00	659.00	656.00	669.00	678.00	680.00	680.00	673.00	670.00	675.00	681.00	689.00	705.00	707.00	708.00	701.00	694.00	703.00	713.00	720.00	721.00	707.00	729.00	738.00	743.00	731.00	734.00	749.00	756.00	755.00	738.00	721.00	711.00	718.00	721.00	724.00	718.00	707.00	702.00	695.00	694.00	686.00	679.00	678.00	680.00	688.00	690.00	693.00	706.00	712.00	709.00	702.00	702.00	699.00	704.00	697.00	693.00	691.00	703.00	714.00	713.00	716.00	707.00	696.00	695.00	702.00	689.00	692.00	696.00	699.00	702.00	705.00	702.00	698.00	691.00	701.00	692.00	685.00	685.00	692.00	693.00	689.00	687.00	697.00	694.00	689.00	686.00	682.00	678.00	677.00	676.00	680.00	671.00	673.00	683.00	688.00	675.00	681.00	672.00	659.00	664.00	682.00	681.00	677.00	675.00	679.00	686.00	689.00	690.00	693.00	693.00	695.00	701.00	709.00	697.00	697.00	703.00	711.00	708.00	702.00	697.00	695.00	697.00	700.00	695.00	695.00	694.00	694.00	690.00	682.00	687.00	693.00	694.00	692.00	695.00	704.00	705.00	696.00	696.00	693.00	699.00	701.00	701.00	698.00	707.00	709.00	708.00	708.00	716.00	714.00	718.00	716.00	719.00	725.00	725.00	719.00	728.00	726.00	721.00	735.00	715.00	713.00	712.00	711.00	715.00	707.00	706.00	711.00	712.00	690.00	704.00	716.00	717.00	710.00	715.00	706.00	692.00	701.00	701.00	707.00	696.00	681.00	699.00	689.00	691.00	699.00	702.00	686.00	675.00	680.00	690.00	683.00	686.00	690.00	700.00	711.00	708.00	727.00	716.00	701.00	728.00	720.00	730.00	735.00	723.00	715.00	711.00	711.00	719.00	723.00	721.00	717.00	721.00	712.00	707.00	708.00	718.00	730.00	714.00	707.00	710.00	705.00	724.00	711.00	713.00	715.00	715.00	724.00	719.00	714.00
675.00	667.00	658.00	652.00	651.00	648.00	654.00	665.00	659.00	655.00	659.00	656.00	657.00	663.00	657.00	648.00	655.00	673.00	662.00	648.00	643.00	642.00	643.00	642.00	644.00	646.00	648.00	646.00	645.00	652.00	658.00	658.00	656.00	659.00	661.00	665.00	673.00	678.00	702.00	713.00	717.00	707.00	701.00	704.00	711.00	731.00	742.00	720.00	752.00	771.00	774.00	742.00	739.00	747.00	747.00	751.00	756.00	732.00	731.00	753.00	758.00	765.00	738.00	720.00	709.00	699.00	695.00	691.00	695.00	688.00	685.00	686.00	693.00	703.00	696.00	693.00	695.00	694.00	688.00	692.00	692.00	692.00	694.00	698.00	698.00	700.00	699.00	700.00	703.00	698.00	702.00	689.00	691.00	694.00	695.00	698.00	700.00	694.00	687.00	694.00	692.00	694.00	702.00	694.00	692.00	683.00	691.00	693.00	686.00	691.00	688.00	699.00	697.00	690.00	690.00	690.00	687.00	683.00	672.00	673.00	669.00	674.00	679.00	671.00	656.00	660.00	668.00	680.00	680.00	688.00	688.00	685.00	680.00	686.00	684.00	685.00	699.00	699.00	696.00	693.00	688.00	697.00	701.00	707.00	700.00	696.00	691.00	690.00	690.00	697.00	693.00	690.00	688.00	692.00	686.00	683.00	684.00	694.00	696.00	692.00	692.00	692.00	704.00	712.00	706.00	698.00	697.00	694.00	705.00	705.00	700.00	700.00	702.00	700.00	711.00	716.00	710.00	735.00	726.00	722.00	714.00	718.00	726.00	719.00	714.00	720.00	710.00	709.00	717.00	709.00	718.00	713.00	703.00	699.00	703.00	696.00	703.00	702.00	722.00	723.00	708.00	710.00	709.00	699.00	698.00	689.00	689.00	692.00	704.00	711.00	696.00	696.00	702.00	676.00	681.00	685.00	695.00	694.00	690.00	690.00	695.00	713.00	702.00	728.00	730.00	708.00	737.00	726.00	731.00	735.00	729.00	711.00	724.00	718.00	711.00	727.00	725.00	725.00	717.00	705.00	713.00	721.00	719.00	727.00	711.00	708.00	718.00	719.00	709.00	724.00	725.00	716.00	711.00	715.00	722.00	718.00
672.00	664.00	658.00	663.00	659.00	649.00	645.00	658.00	650.00	650.00	656.00	652.00	649.00	651.00	648.00	646.00	656.00	680.00	667.00	653.00	641.00	642.00	638.00	640.00	648.00	651.00	652.00	651.00	653.00	652.00	659.00	663.00	659.00	656.00	661.00	666.00	671.00	677.00	708.00	719.00	722.00	712.00	709.00	714.00	716.00	726.00	734.00	728.00	748.00	766.00	760.00	741.00	752.00	770.00	768.00	764.00	773.00	745.00	737.00	764.00	752.00	751.00	738.00	725.00	712.00	702.00	700.00	698.00	699.00	697.00	695.00	693.00	703.00	712.00	700.00	697.00	692.00	689.00	685.00	683.00	694.00	702.00	705.00	711.00	704.00	698.00	694.00	705.00	702.00	700.00	692.00	688.00	689.00	696.00	694.00	701.00	703.00	696.00	689.00	682.00	682.00	683.00	693.00	700.00	697.00	683.00	682.00	680.00	683.00	692.00	686.00	699.00	698.00	693.00	688.00	684.00	685.00	685.00	676.00	670.00	671.00	672.00	677.00	679.00	660.00	659.00	671.00	679.00	683.00	683.00	687.00	693.00	679.00	683.00	691.00	692.00	707.00	704.00	690.00	691.00	693.00	693.00	693.00	704.00	705.00	700.00	699.00	693.00	691.00	688.00	690.00	691.00	691.00	693.00	689.00	687.00	692.00	687.00	691.00	694.00	692.00	692.00	692.00	705.00	708.00	704.00	699.00	692.00	708.00	705.00	703.00	707.00	702.00	701.00	703.00	705.00	711.00	737.00	731.00	724.00	712.00	716.00	722.00	724.00	716.00	720.00	711.00	705.00	705.00	702.00	715.00	713.00	704.00	696.00	695.00	707.00	719.00	723.00	708.00	726.00	712.00	704.00	708.00	704.00	694.00	699.00	693.00	692.00	699.00	711.00	704.00	685.00	688.00	676.00	684.00	680.00	699.00	693.00	689.00	687.00	700.00	716.00	715.00	721.00	727.00	711.00	733.00	722.00	732.00	743.00	735.00	706.00	721.00	730.00	729.00	716.00	724.00	708.00	711.00	706.00	714.00	726.00	720.00	719.00	706.00	705.00	714.00	719.00	719.00	724.00	726.00	713.00	707.00	709.00	721.00	724.00
676.00	669.00	670.00	661.00	652.00	650.00	646.00	644.00	643.00	647.00	650.00	661.00	653.00	646.00	639.00	643.00	654.00	672.00	665.00	651.00	640.00	638.00	641.00	647.00	663.00	664.00	664.00	656.00	654.00	663.00	669.00	675.00	674.00	658.00	664.00	667.00	671.00	678.00	704.00	712.00	716.00	713.00	721.00	731.00	721.00	724.00	734.00	742.00	744.00	764.00	764.00	752.00	766.00	783.00	790.00	794.00	767.00	757.00	746.00	769.00	742.00	741.00	743.00	733.00	719.00	708.00	708.00	707.00	702.00	707.00	706.00	702.00	704.00	711.00	694.00	691.00	691.00	686.00	682.00	684.00	703.00	709.00	701.00	704.00	699.00	694.00	690.00	698.00	695.00	701.00	696.00	686.00	693.00	696.00	701.00	698.00	705.00	699.00	693.00	689.00	690.00	678.00	682.00	691.00	694.00	689.00	686.00	678.00	677.00	686.00	686.00	687.00	689.00	695.00	683.00	680.00	680.00	674.00	674.00	671.00	671.00	669.00	680.00	673.00	658.00	661.00	678.00	677.00	682.00	688.00	687.00	687.00	683.00	682.00	687.00	691.00	691.00	688.00	686.00	692.00	701.00	701.00	698.00	701.00	709.00	699.00	698.00	698.00	695.00	690.00	685.00	688.00	691.00	696.00	683.00	688.00	696.00	698.00	689.00	697.00	696.00	696.00	689.00	696.00	703.00	706.00	705.00	693.00	707.00	709.00	713.00	708.00	710.00	709.00	706.00	708.00	727.00	736.00	728.00	723.00	716.00	708.00	715.00	730.00	724.00	729.00	722.00	713.00	701.00	700.00	708.00	705.00	702.00	698.00	693.00	705.00	714.00	725.00	709.00	713.00	709.00	698.00	705.00	714.00	706.00	712.00	702.00	693.00	685.00	698.00	708.00	695.00	682.00	679.00	687.00	693.00	698.00	695.00	700.00	697.00	695.00	708.00	713.00	711.00	718.00	717.00	710.00	708.00	723.00	741.00	744.00	716.00	718.00	725.00	729.00	719.00	729.00	718.00	711.00	710.00	713.00	717.00	723.00	716.00	706.00	708.00	711.00	718.00	724.00	717.00	717.00	712.00	712.00	710.00	716.00	724.00
680.00	672.00	676.00	664.00	656.00	663.00	650.00	646.00	645.00	641.00	645.00	661.00	665.00	653.00	639.00	648.00	660.00	660.00	655.00	652.00	640.00	644.00	648.00	662.00	662.00	666.00	663.00	656.00	664.00	675.00	680.00	685.00	684.00	661.00	664.00	671.00	673.00	676.00	688.00	698.00	707.00	713.00	728.00	738.00	729.00	727.00	736.00	761.00	752.00	768.00	774.00	773.00	780.00	791.00	797.00	779.00	757.00	758.00	750.00	754.00	739.00	733.00	743.00	742.00	731.00	719.00	723.00	719.00	708.00	719.00	717.00	709.00	699.00	697.00	693.00	697.00	695.00	689.00	686.00	691.00	694.00	696.00	698.00	699.00	700.00	697.00	695.00	703.00	696.00	694.00	693.00	689.00	687.00	691.00	700.00	698.00	697.00	700.00	697.00	701.00	699.00	688.00	682.00	679.00	687.00	687.00	695.00	683.00	678.00	679.00	695.00	685.00	688.00	688.00	688.00	687.00	681.00	677.00	682.00	680.00	672.00	671.00	678.00	673.00	657.00	662.00	680.00	682.00	689.00	685.00	683.00	687.00	684.00	683.00	681.00	684.00	683.00	685.00	682.00	691.00	698.00	707.00	704.00	698.00	707.00	703.00	699.00	703.00	698.00	693.00	689.00	687.00	688.00	694.00	681.00	685.00	693.00	694.00	698.00	696.00	697.00	695.00	692.00	699.00	699.00	703.00	709.00	700.00	698.00	702.00	705.00	706.00	708.00	712.00	713.00	724.00	725.00	725.00	716.00	727.00	722.00	707.00	712.00	724.00	726.00	729.00	715.00	719.00	715.00	698.00	700.00	699.00	690.00	697.00	698.00	696.00	707.00	714.00	709.00	700.00	706.00	697.00	693.00	701.00	704.00	708.00	714.00	702.00	682.00	686.00	692.00	685.00	674.00	687.00	696.00	706.00	709.00	696.00	706.00	706.00	694.00	697.00	701.00	702.00	704.00	712.00	702.00	711.00	711.00	736.00	746.00	731.00	708.00	707.00	716.00	709.00	725.00	721.00	708.00	709.00	717.00	713.00	725.00	724.00	710.00	721.00	713.00	711.00	718.00	718.00	718.00	712.00	719.00	712.00	713.00	724.00
682.00	684.00	681.00	674.00	675.00	688.00	667.00	663.00	656.00	648.00	640.00	644.00	649.00	643.00	641.00	652.00	652.00	645.00	646.00	641.00	653.00	660.00	663.00	666.00	649.00	648.00	650.00	654.00	665.00	676.00	684.00	696.00	702.00	685.00	671.00	681.00	684.00	681.00	684.00	691.00	705.00	723.00	737.00	739.00	744.00	745.00	741.00	768.00	786.00	780.00	777.00	779.00	772.00	763.00	783.00	763.00	741.00	751.00	747.00	736.00	725.00	731.00	754.00	773.00	740.00	728.00	736.00	731.00	726.00	718.00	705.00	695.00	691.00	687.00	688.00	685.00	686.00	689.00	700.00	686.00	686.00	698.00	704.00	689.00	696.00	695.00	692.00	684.00	689.00	685.00	691.00	681.00	697.00	694.00	697.00	701.00	700.00	692.00	689.00	687.00	691.00	683.00	693.00	690.00	679.00	679.00	686.00	694.00	685.00	679.00	693.00	681.00	684.00	682.00	692.00	692.00	687.00	684.00	688.00	679.00	673.00	667.00	665.00	666.00	658.00	664.00	673.00	676.00	676.00	674.00	681.00	688.00	694.00	695.00	684.00	681.00	692.00	687.00	688.00	688.00	688.00	699.00	703.00	709.00	707.00	698.00	695.00	696.00	692.00	690.00	693.00	692.00	687.00	682.00	693.00	691.00	691.00	692.00	697.00	713.00	702.00	697.00	698.00	703.00	701.00	704.00	708.00	699.00	698.00	698.00	699.00	700.00	715.00	723.00	721.00	723.00	712.00	709.00	710.00	720.00	719.00	704.00	709.00	720.00	720.00	727.00	715.00	720.00	716.00	709.00	697.00	688.00	683.00	694.00	695.00	701.00	696.00	694.00	701.00	703.00	694.00	707.00	706.00	697.00	697.00	693.00	697.00	692.00	696.00	696.00	695.00	687.00	674.00	686.00	700.00	699.00	708.00	706.00	712.00	707.00	703.00	700.00	715.00	707.00	701.00	714.00	706.00	716.00	740.00	741.00	733.00	718.00	734.00	723.00	703.00	720.00	719.00	721.00	715.00	711.00	723.00	734.00	718.00	713.00	712.00	719.00	724.00	717.00	713.00	719.00	720.00	715.00	721.00	715.00	713.00	714.00
683.00	687.00	686.00	678.00	672.00	670.00	663.00	674.00	669.00	654.00	647.00	643.00	640.00	638.00	636.00	640.00	637.00	642.00	640.00	641.00	671.00	678.00	671.00	670.00	646.00	651.00	650.00	649.00	657.00	670.00	680.00	690.00	704.00	702.00	699.00	699.00	697.00	698.00	701.00	709.00	713.00	733.00	752.00	743.00	753.00	764.00	764.00	769.00	782.00	770.00	751.00	751.00	746.00	756.00	791.00	770.00	731.00	740.00	744.00	728.00	721.00	720.00	727.00	731.00	724.00	714.00	716.00	716.00	715.00	712.00	704.00	698.00	698.00	694.00	696.00	694.00	686.00	686.00	689.00	682.00	688.00	698.00	706.00	698.00	689.00	691.00	700.00	692.00	685.00	691.00	684.00	681.00	685.00	687.00	686.00	689.00	709.00	702.00	687.00	683.00	684.00	681.00	676.00	679.00	683.00	675.00	680.00	675.00	679.00	673.00	675.00	678.00	686.00	678.00	684.00	692.00	685.00	683.00	694.00	695.00	700.00	690.00	669.00	663.00	661.00	675.00	684.00	677.00	683.00	684.00	681.00	682.00	690.00	687.00	687.00	687.00	685.00	690.00	698.00	701.00	697.00	691.00	696.00	702.00	701.00	693.00	693.00	695.00	695.00	695.00	688.00	684.00	681.00	683.00	689.00	689.00	695.00	698.00	700.00	710.00	709.00	707.00	700.00	698.00	699.00	702.00	704.00	706.00	698.00	702.00	707.00	708.00	709.00	730.00	725.00	709.00	708.00	704.00	701.00	706.00	716.00	702.00	702.00	703.00	705.00	731.00	696.00	699.00	696.00	695.00	697.00	693.00	688.00	687.00	697.00	689.00	690.00	693.00	697.00	698.00	691.00	705.00	720.00	708.00	691.00	682.00	704.00	709.00	703.00	714.00	705.00	687.00	676.00	673.00	679.00	691.00	700.00	704.00	710.00	704.00	692.00	697.00	701.00	695.00	704.00	720.00	715.00	695.00	702.00	720.00	728.00	714.00	730.00	710.00	715.00	732.00	720.00	730.00	731.00	737.00	721.00	739.00	738.00	741.00	717.00	715.00	721.00	724.00	712.00	718.00	723.00	724.00	717.00	716.00	715.00	718.00
682.00	686.00	695.00	683.00	676.00	683.00	657.00	669.00	661.00	650.00	657.00	653.00	654.00	641.00	635.00	636.00	634.00	642.00	647.00	656.00	656.00	662.00	663.00	665.00	647.00	652.00	651.00	659.00	667.00	673.00	683.00	686.00	692.00	694.00	701.00	702.00	698.00	696.00	711.00	724.00	730.00	745.00	765.00	754.00	756.00	776.00	779.00	778.00	776.00	772.00	757.00	739.00	740.00	750.00	785.00	769.00	729.00	735.00	745.00	735.00	719.00	714.00	718.00	718.00	715.00	713.00	714.00	712.00	710.00	704.00	693.00	691.00	699.00	703.00	683.00	685.00	682.00	681.00	687.00	683.00	693.00	696.00	700.00	697.00	690.00	686.00	702.00	707.00	689.00	682.00	679.00	683.00	694.00	700.00	700.00	694.00	706.00	697.00	688.00	688.00	684.00	688.00	679.00	688.00	691.00	683.00	683.00	677.00	676.00	675.00	675.00	673.00	679.00	676.00	679.00	691.00	692.00	684.00	681.00	681.00	692.00	698.00	665.00	657.00	662.00	674.00	683.00	683.00	686.00	685.00	684.00	685.00	685.00	687.00	685.00	692.00	686.00	685.00	689.00	697.00	702.00	694.00	699.00	700.00	695.00	691.00	691.00	691.00	691.00	694.00	687.00	688.00	680.00	681.00	690.00	691.00	693.00	701.00	708.00	702.00	706.00	710.00	707.00	699.00	701.00	703.00	708.00	709.00	704.00	706.00	710.00	711.00	722.00	724.00	731.00	720.00	703.00	712.00	702.00	703.00	714.00	701.00	700.00	711.00	726.00	732.00	710.00	709.00	703.00	698.00	694.00	699.00	695.00	692.00	695.00	689.00	683.00	685.00	693.00	695.00	695.00	712.00	712.00	691.00	704.00	692.00	701.00	709.00	707.00	710.00	698.00	690.00	684.00	671.00	679.00	691.00	690.00	695.00	700.00	698.00	692.00	691.00	695.00	696.00	694.00	700.00	713.00	697.00	703.00	718.00	713.00	712.00	723.00	708.00	712.00	726.00	726.00	731.00	734.00	736.00	727.00	733.00	742.00	745.00	716.00	714.00	721.00	727.00	716.00	719.00	726.00	727.00	724.00	720.00	717.00	719.00
676.00	692.00	678.00	676.00	678.00	679.00	653.00	654.00	661.00	663.00	671.00	660.00	663.00	651.00	635.00	635.00	639.00	648.00	652.00	665.00	648.00	653.00	663.00	659.00	643.00	646.00	651.00	662.00	683.00	681.00	683.00	679.00	681.00	687.00	696.00	697.00	698.00	694.00	716.00	734.00	745.00	762.00	781.00	768.00	770.00	783.00	783.00	769.00	767.00	769.00	760.00	731.00	734.00	748.00	761.00	754.00	727.00	728.00	740.00	742.00	724.00	718.00	712.00	708.00	708.00	711.00	716.00	714.00	705.00	703.00	699.00	690.00	691.00	702.00	688.00	695.00	689.00	682.00	683.00	688.00	693.00	693.00	694.00	691.00	686.00	681.00	693.00	698.00	692.00	686.00	678.00	683.00	692.00	702.00	704.00	692.00	694.00	689.00	692.00	692.00	683.00	685.00	682.00	686.00	687.00	691.00	686.00	680.00	683.00	677.00	675.00	673.00	668.00	673.00	679.00	683.00	686.00	687.00	677.00	676.00	678.00	689.00	659.00	657.00	663.00	668.00	678.00	681.00	683.00	690.00	689.00	689.00	686.00	686.00	690.00	688.00	690.00	687.00	689.00	688.00	692.00	695.00	692.00	693.00	695.00	688.00	689.00	691.00	687.00	685.00	685.00	680.00	682.00	682.00	693.00	694.00	690.00	693.00	693.00	696.00	695.00	698.00	703.00	695.00	699.00	703.00	709.00	713.00	709.00	711.00	715.00	710.00	717.00	721.00	714.00	717.00	709.00	705.00	701.00	702.00	714.00	695.00	698.00	714.00	724.00	723.00	717.00	716.00	714.00	702.00	697.00	703.00	704.00	695.00	696.00	690.00	691.00	681.00	686.00	695.00	701.00	695.00	699.00	698.00	714.00	705.00	684.00	692.00	698.00	699.00	694.00	686.00	678.00	670.00	683.00	687.00	686.00	689.00	688.00	687.00	688.00	690.00	689.00	691.00	693.00	693.00	697.00	695.00	699.00	699.00	699.00	701.00	702.00	706.00	713.00	721.00	724.00	724.00	735.00	730.00	735.00	719.00	736.00	741.00	718.00	722.00	722.00	729.00	716.00	715.00	716.00	724.00	727.00	723.00	719.00	718.00
686.00	684.00	664.00	658.00	659.00	670.00	663.00	651.00	651.00	658.00	666.00	659.00	651.00	642.00	635.00	635.00	641.00	657.00	659.00	650.00	683.00	668.00	652.00	643.00	647.00	645.00	649.00	659.00	682.00	680.00	677.00	666.00	662.00	677.00	678.00	676.00	678.00	680.00	710.00	747.00	773.00	764.00	787.00	792.00	788.00	773.00	756.00	750.00	743.00	744.00	741.00	724.00	721.00	727.00	729.00	734.00	727.00	718.00	727.00	733.00	725.00	721.00	716.00	706.00	701.00	705.00	712.00	710.00	699.00	697.00	695.00	697.00	692.00	688.00	699.00	698.00	690.00	695.00	682.00	679.00	686.00	689.00	688.00	684.00	690.00	688.00	676.00	695.00	689.00	681.00	676.00	679.00	678.00	681.00	688.00	688.00	698.00	698.00	706.00	704.00	701.00	695.00	689.00	698.00	696.00	708.00	696.00	683.00	680.00	686.00	692.00	690.00	679.00	676.00	673.00	679.00	677.00	680.00	688.00	687.00	682.00	679.00	663.00	670.00	670.00	669.00	673.00	675.00	675.00	678.00	684.00	690.00	684.00	688.00	687.00	686.00	699.00	699.00	696.00	696.00	702.00	700.00	698.00	688.00	685.00	688.00	688.00	685.00	685.00	682.00	685.00	685.00	686.00	693.00	694.00	693.00	690.00	692.00	691.00	689.00	696.00	699.00	698.00	703.00	705.00	708.00	717.00	724.00	716.00	713.00	716.00	707.00	702.00	717.00	716.00	705.00	705.00	711.00	706.00	701.00	698.00	696.00	700.00	712.00	710.00	708.00	711.00	704.00	703.00	702.00	712.00	712.00	706.00	702.00	707.00	705.00	699.00	691.00	692.00	691.00	690.00	705.00	720.00	720.00	702.00	692.00	673.00	692.00	691.00	682.00	675.00	677.00	673.00	673.00	676.00	674.00	685.00	692.00	688.00	694.00	694.00	700.00	688.00	693.00	706.00	714.00	693.00	696.00	695.00	707.00	709.00	703.00	702.00	704.00	702.00	704.00	709.00	721.00	725.00	724.00	739.00	748.00	745.00	725.00	723.00	725.00	727.00	732.00	714.00	722.00	722.00	727.00	725.00	725.00	720.00	724.00
679.00	680.00	659.00	657.00	657.00	669.00	656.00	650.00	653.00	661.00	674.00	667.00	651.00	637.00	639.00	642.00	652.00	658.00	655.00	659.00	659.00	653.00	647.00	646.00	645.00	645.00	650.00	655.00	669.00	674.00	668.00	661.00	670.00	685.00	685.00	680.00	675.00	681.00	725.00	752.00	777.00	780.00	779.00	787.00	785.00	769.00	751.00	740.00	739.00	734.00	730.00	720.00	717.00	719.00	721.00	728.00	725.00	715.00	722.00	728.00	717.00	714.00	711.00	704.00	695.00	703.00	708.00	707.00	693.00	699.00	696.00	692.00	692.00	687.00	694.00	696.00	683.00	695.00	683.00	678.00	691.00	695.00	698.00	690.00	691.00	691.00	676.00	688.00	684.00	679.00	674.00	674.00	683.00	680.00	689.00	696.00	695.00	703.00	713.00	713.00	707.00	703.00	696.00	705.00	697.00	717.00	715.00	695.00	686.00	689.00	690.00	681.00	676.00	678.00	671.00	678.00	677.00	677.00	681.00	687.00	684.00	670.00	669.00	678.00	685.00	681.00	672.00	678.00	679.00	673.00	680.00	686.00	682.00	684.00	686.00	688.00	698.00	700.00	695.00	693.00	692.00	689.00	689.00	686.00	684.00	689.00	687.00	684.00	680.00	681.00	676.00	680.00	692.00	695.00	699.00	694.00	693.00	703.00	697.00	691.00	690.00	691.00	693.00	697.00	708.00	715.00	719.00	708.00	710.00	703.00	708.00	703.00	704.00	709.00	722.00	708.00	699.00	716.00	713.00	705.00	702.00	694.00	704.00	715.00	703.00	710.00	703.00	697.00	695.00	705.00	705.00	712.00	710.00	705.00	698.00	705.00	699.00	690.00	689.00	683.00	695.00	716.00	719.00	715.00	701.00	687.00	683.00	680.00	679.00	677.00	671.00	676.00	670.00	674.00	679.00	682.00	686.00	693.00	691.00	701.00	707.00	703.00	695.00	690.00	706.00	715.00	699.00	709.00	699.00	702.00	709.00	709.00	703.00	702.00	707.00	708.00	707.00	723.00	722.00	721.00	736.00	743.00	743.00	724.00	728.00	729.00	729.00	731.00	718.00	722.00	723.00	726.00	724.00	725.00	721.00	723.00
677.00	691.00	661.00	667.00	663.00	661.00	657.00	653.00	651.00	665.00	677.00	664.00	648.00	636.00	636.00	647.00	659.00	658.00	652.00	652.00	646.00	650.00	645.00	645.00	644.00	648.00	649.00	652.00	660.00	662.00	659.00	659.00	675.00	670.00	684.00	689.00	689.00	688.00	718.00	731.00	750.00	779.00	785.00	786.00	785.00	774.00	761.00	747.00	735.00	729.00	727.00	717.00	712.00	711.00	717.00	721.00	717.00	711.00	719.00	732.00	718.00	709.00	703.00	696.00	690.00	698.00	710.00	716.00	707.00	694.00	697.00	693.00	692.00	688.00	683.00	684.00	679.00	689.00	680.00	678.00	691.00	703.00	710.00	697.00	684.00	687.00	679.00	684.00	685.00	679.00	675.00	685.00	691.00	684.00	686.00	701.00	703.00	708.00	715.00	708.00	704.00	706.00	702.00	699.00	695.00	705.00	710.00	699.00	689.00	693.00	702.00	677.00	676.00	686.00	672.00	670.00	679.00	680.00	673.00	673.00	662.00	657.00	678.00	679.00	683.00	677.00	673.00	685.00	684.00	678.00	675.00	674.00	683.00	688.00	690.00	688.00	692.00	698.00	698.00	692.00	691.00	689.00	692.00	684.00	686.00	683.00	686.00	682.00	675.00	682.00	684.00	685.00	686.00	694.00	707.00	696.00	695.00	706.00	703.00	696.00	702.00	697.00	697.00	695.00	703.00	708.00	711.00	705.00	708.00	702.00	700.00	700.00	704.00	704.00	711.00	705.00	700.00	704.00	705.00	707.00	706.00	693.00	705.00	712.00	700.00	716.00	703.00	694.00	696.00	707.00	701.00	703.00	711.00	716.00	710.00	692.00	691.00	695.00	691.00	687.00	695.00	715.00	716.00	700.00	702.00	699.00	685.00	679.00	681.00	674.00	671.00	671.00	673.00	687.00	696.00	696.00	682.00	686.00	691.00	701.00	707.00	707.00	707.00	693.00	697.00	704.00	706.00	720.00	705.00	702.00	710.00	710.00	706.00	709.00	709.00	712.00	707.00	715.00	715.00	715.00	723.00	733.00	733.00	728.00	728.00	735.00	735.00	729.00	720.00	720.00	722.00	732.00	726.00	728.00	724.00	725.00
679.00	674.00	664.00	676.00	671.00	661.00	662.00	656.00	651.00	659.00	666.00	653.00	645.00	639.00	633.00	641.00	649.00	647.00	645.00	642.00	657.00	656.00	645.00	643.00	648.00	650.00	649.00	651.00	653.00	648.00	648.00	656.00	663.00	667.00	672.00	680.00	689.00	689.00	715.00	726.00	737.00	770.00	776.00	773.00	780.00	778.00	773.00	763.00	745.00	733.00	724.00	714.00	708.00	706.00	709.00	713.00	708.00	704.00	716.00	738.00	725.00	714.00	706.00	696.00	691.00	687.00	701.00	706.00	704.00	688.00	691.00	691.00	695.00	693.00	683.00	681.00	677.00	678.00	678.00	684.00	693.00	697.00	705.00	705.00	684.00	682.00	684.00	679.00	689.00	682.00	677.00	686.00	705.00	697.00	686.00	687.00	704.00	708.00	711.00	710.00	705.00	708.00	703.00	706.00	700.00	687.00	693.00	698.00	692.00	691.00	694.00	685.00	682.00	680.00	672.00	670.00	678.00	689.00	674.00	665.00	658.00	667.00	675.00	680.00	677.00	679.00	680.00	680.00	689.00	688.00	679.00	674.00	684.00	689.00	686.00	685.00	690.00	697.00	691.00	692.00	690.00	690.00	691.00	690.00	688.00	683.00	679.00	678.00	682.00	684.00	690.00	688.00	685.00	691.00	699.00	693.00	691.00	694.00	697.00	702.00	697.00	700.00	704.00	704.00	710.00	714.00	707.00	703.00	712.00	701.00	699.00	698.00	700.00	704.00	719.00	705.00	705.00	690.00	695.00	699.00	707.00	693.00	702.00	711.00	704.00	716.00	689.00	692.00	694.00	704.00	698.00	698.00	705.00	723.00	726.00	707.00	696.00	695.00	702.00	688.00	687.00	709.00	716.00	694.00	711.00	705.00	685.00	690.00	685.00	674.00	677.00	676.00	675.00	696.00	710.00	714.00	695.00	695.00	689.00	692.00	701.00	710.00	711.00	697.00	693.00	695.00	709.00	709.00	714.00	706.00	706.00	714.00	708.00	711.00	709.00	713.00	714.00	705.00	708.00	713.00	725.00	729.00	726.00	727.00	726.00	728.00	736.00	724.00	722.00	718.00	722.00	723.00	723.00	728.00	728.00	728.00
662.00	658.00	652.00	654.00	663.00	670.00	643.00	643.00	642.00	643.00	652.00	660.00	646.00	638.00	635.00	627.00	632.00	636.00	633.00	635.00	639.00	639.00	639.00	642.00	645.00	645.00	645.00	646.00	646.00	652.00	659.00	671.00	671.00	658.00	664.00	673.00	678.00	685.00	704.00	700.00	701.00	710.00	747.00	762.00	753.00	744.00	739.00	744.00	753.00	743.00	735.00	711.00	705.00	698.00	694.00	694.00	694.00	702.00	710.00	726.00	724.00	718.00	710.00	706.00	699.00	686.00	681.00	688.00	694.00	682.00	689.00	692.00	693.00	689.00	694.00	692.00	680.00	680.00	674.00	676.00	688.00	689.00	683.00	692.00	689.00	677.00	685.00	672.00	670.00	681.00	691.00	688.00	682.00	695.00	699.00	698.00	710.00	703.00	702.00	711.00	705.00	692.00	689.00	688.00	700.00	688.00	687.00	698.00	701.00	692.00	685.00	686.00	685.00	683.00	683.00	678.00	669.00	667.00	667.00	658.00	665.00	667.00	665.00	680.00	681.00	679.00	679.00	681.00	677.00	677.00	681.00	682.00	678.00	679.00	682.00	682.00	690.00	694.00	689.00	686.00	684.00	693.00	686.00	685.00	684.00	685.00	676.00	680.00	688.00	687.00	694.00	697.00	690.00	688.00	693.00	687.00	688.00	697.00	692.00	692.00	692.00	693.00	698.00	704.00	710.00	712.00	703.00	700.00	708.00	698.00	694.00	699.00	705.00	706.00	719.00	713.00	708.00	707.00	702.00	694.00	691.00	687.00	689.00	694.00	699.00	720.00	708.00	695.00	694.00	704.00	704.00	697.00	699.00	721.00	709.00	708.00	709.00	694.00	698.00	706.00	685.00	685.00	706.00	706.00	695.00	710.00	704.00	698.00	686.00	683.00	681.00	676.00	675.00	673.00	682.00	697.00	694.00	708.00	691.00	692.00	696.00	696.00	712.00	707.00	698.00	705.00	702.00	704.00	715.00	709.00	711.00	714.00	714.00	710.00	708.00	717.00	721.00	706.00	709.00	713.00	719.00	718.00	716.00	717.00	722.00	729.00	726.00	726.00	723.00	728.00	721.00	719.00	723.00	728.00	730.00	729.00
660.00	658.00	654.00	647.00	650.00	653.00	645.00	643.00	644.00	647.00	654.00	649.00	641.00	636.00	633.00	627.00	628.00	634.00	632.00	639.00	646.00	650.00	649.00	647.00	643.00	643.00	645.00	653.00	656.00	661.00	661.00	675.00	679.00	666.00	667.00	669.00	671.00	675.00	690.00	691.00	697.00	714.00	769.00	771.00	763.00	747.00	738.00	729.00	730.00	729.00	724.00	710.00	702.00	696.00	691.00	687.00	691.00	696.00	704.00	713.00	719.00	713.00	705.00	700.00	697.00	686.00	679.00	685.00	687.00	681.00	684.00	690.00	690.00	692.00	690.00	689.00	681.00	687.00	676.00	673.00	681.00	682.00	682.00	688.00	691.00	678.00	673.00	673.00	679.00	693.00	683.00	689.00	687.00	695.00	701.00	702.00	707.00	707.00	699.00	707.00	702.00	692.00	685.00	686.00	691.00	685.00	686.00	685.00	693.00	695.00	686.00	691.00	686.00	683.00	676.00	679.00	683.00	677.00	672.00	659.00	655.00	658.00	657.00	672.00	677.00	680.00	678.00	687.00	681.00	676.00	677.00	683.00	679.00	682.00	689.00	687.00	692.00	696.00	692.00	690.00	689.00	689.00	689.00	688.00	682.00	679.00	675.00	680.00	695.00	696.00	691.00	696.00	696.00	694.00	696.00	690.00	690.00	690.00	696.00	693.00	700.00	701.00	704.00	704.00	704.00	710.00	706.00	702.00	707.00	697.00	693.00	698.00	703.00	704.00	713.00	710.00	706.00	709.00	712.00	703.00	699.00	690.00	689.00	695.00	698.00	726.00	708.00	700.00	696.00	695.00	707.00	697.00	705.00	716.00	716.00	705.00	701.00	695.00	691.00	707.00	688.00	682.00	695.00	704.00	691.00	703.00	699.00	696.00	686.00	689.00	683.00	677.00	681.00	676.00	680.00	694.00	693.00	702.00	694.00	695.00	698.00	699.00	706.00	711.00	705.00	698.00	710.00	710.00	711.00	711.00	713.00	716.00	712.00	713.00	710.00	718.00	721.00	713.00	709.00	712.00	716.00	709.00	712.00	716.00	726.00	727.00	726.00	732.00	728.00	728.00	723.00	723.00	726.00	727.00	735.00	738.00
665.00	668.00	673.00	654.00	642.00	642.00	642.00	642.00	641.00	655.00	662.00	642.00	635.00	632.00	631.00	626.00	632.00	643.00	638.00	642.00	647.00	656.00	666.00	662.00	645.00	648.00	652.00	653.00	662.00	674.00	664.00	669.00	686.00	684.00	683.00	681.00	677.00	678.00	689.00	700.00	707.00	720.00	756.00	760.00	765.00	760.00	752.00	726.00	720.00	718.00	715.00	703.00	698.00	694.00	690.00	684.00	688.00	691.00	696.00	702.00	714.00	711.00	706.00	699.00	698.00	686.00	682.00	685.00	687.00	680.00	684.00	691.00	696.00	694.00	685.00	684.00	684.00	687.00	679.00	675.00	676.00	679.00	684.00	680.00	684.00	676.00	674.00	671.00	684.00	685.00	679.00	683.00	687.00	698.00	697.00	695.00	703.00	708.00	696.00	689.00	691.00	685.00	685.00	683.00	683.00	685.00	688.00	682.00	682.00	682.00	683.00	688.00	685.00	685.00	679.00	685.00	692.00	693.00	681.00	667.00	662.00	664.00	654.00	666.00	675.00	677.00	680.00	686.00	686.00	680.00	676.00	680.00	684.00	683.00	690.00	689.00	698.00	695.00	699.00	700.00	689.00	684.00	687.00	688.00	680.00	679.00	674.00	677.00	685.00	691.00	691.00	698.00	702.00	705.00	695.00	691.00	696.00	694.00	690.00	703.00	700.00	708.00	713.00	704.00	702.00	708.00	710.00	702.00	697.00	697.00	695.00	701.00	705.00	705.00	705.00	708.00	705.00	703.00	710.00	707.00	706.00	698.00	695.00	697.00	702.00	725.00	702.00	705.00	703.00	697.00	700.00	695.00	708.00	715.00	721.00	697.00	695.00	695.00	692.00	698.00	692.00	684.00	684.00	694.00	690.00	701.00	704.00	695.00	688.00	687.00	675.00	674.00	681.00	681.00	684.00	687.00	692.00	705.00	703.00	696.00	700.00	705.00	705.00	709.00	713.00	703.00	716.00	710.00	714.00	713.00	714.00	713.00	715.00	714.00	711.00	717.00	718.00	717.00	713.00	711.00	712.00	713.00	711.00	715.00	718.00	724.00	725.00	732.00	727.00	727.00	725.00	726.00	731.00	736.00	738.00	738.00
675.00	669.00	675.00	655.00	643.00	639.00	640.00	644.00	642.00	657.00	670.00	641.00	636.00	633.00	633.00	627.00	635.00	649.00	647.00	654.00	650.00	657.00	667.00	663.00	648.00	655.00	659.00	656.00	666.00	682.00	676.00	669.00	676.00	705.00	693.00	685.00	683.00	682.00	702.00	726.00	736.00	749.00	747.00	742.00	749.00	755.00	761.00	743.00	727.00	721.00	715.00	704.00	699.00	702.00	704.00	698.00	682.00	684.00	688.00	692.00	707.00	706.00	705.00	707.00	703.00	683.00	679.00	688.00	700.00	683.00	686.00	686.00	693.00	693.00	691.00	686.00	683.00	693.00	691.00	677.00	675.00	675.00	682.00	676.00	684.00	680.00	678.00	675.00	678.00	676.00	674.00	680.00	685.00	697.00	695.00	689.00	699.00	707.00	698.00	694.00	695.00	686.00	692.00	691.00	683.00	681.00	687.00	681.00	680.00	682.00	677.00	679.00	682.00	685.00	690.00	684.00	683.00	686.00	678.00	673.00	666.00	659.00	658.00	667.00	667.00	675.00	683.00	684.00	687.00	685.00	682.00	677.00	691.00	688.00	687.00	691.00	690.00	693.00	692.00	697.00	688.00	681.00	685.00	684.00	678.00	682.00	684.00	686.00	683.00	684.00	687.00	691.00	704.00	716.00	698.00	695.00	702.00	692.00	693.00	710.00	708.00	708.00	715.00	709.00	707.00	703.00	711.00	708.00	697.00	694.00	691.00	698.00	706.00	705.00	703.00	710.00	704.00	698.00	700.00	700.00	706.00	698.00	689.00	696.00	709.00	722.00	705.00	703.00	709.00	703.00	688.00	692.00	699.00	707.00	716.00	693.00	698.00	695.00	690.00	695.00	691.00	681.00	681.00	687.00	691.00	701.00	704.00	695.00	686.00	683.00	673.00	680.00	681.00	685.00	685.00	688.00	695.00	702.00	709.00	700.00	703.00	711.00	703.00	704.00	712.00	711.00	718.00	715.00	711.00	714.00	716.00	716.00	715.00	714.00	717.00	716.00	719.00	716.00	713.00	713.00	713.00	714.00	716.00	712.00	720.00	723.00	720.00	729.00	726.00	727.00	726.00	727.00	732.00	736.00	731.00	730.00
661.00	668.00	661.00	666.00	664.00	655.00	641.00	645.00	648.00	643.00	646.00	633.00	630.00	632.00	631.00	628.00	629.00	648.00	647.00	651.00	654.00	647.00	640.00	644.00	648.00	653.00	658.00	664.00	682.00	685.00	679.00	684.00	675.00	676.00	669.00	674.00	677.00	680.00	688.00	689.00	696.00	701.00	774.00	764.00	754.00	743.00	736.00	751.00	752.00	735.00	726.00	718.00	706.00	703.00	703.00	699.00	695.00	698.00	693.00	679.00	679.00	685.00	695.00	703.00	698.00	684.00	682.00	677.00	682.00	679.00	683.00	682.00	681.00	677.00	684.00	692.00	686.00	678.00	674.00	676.00	670.00	671.00	670.00	675.00	683.00	676.00	669.00	679.00	676.00	679.00	678.00	683.00	693.00	697.00	688.00	693.00	699.00	694.00	696.00	690.00	686.00	690.00	695.00	699.00	700.00	685.00	691.00	689.00	687.00	693.00	685.00	683.00	687.00	678.00	681.00	691.00	681.00	675.00	671.00	660.00	655.00	668.00	674.00	682.00	687.00	691.00	691.00	673.00	675.00	676.00	683.00	689.00	692.00	697.00	696.00	695.00	689.00	688.00	687.00	687.00	691.00	684.00	678.00	677.00	676.00	681.00	682.00	685.00	684.00	686.00	695.00	695.00	696.00	699.00	702.00	705.00	701.00	706.00	706.00	711.00	710.00	709.00	704.00	706.00	706.00	706.00	702.00	699.00	688.00	692.00	694.00	702.00	704.00	699.00	695.00	701.00	700.00	696.00	698.00	702.00	695.00	698.00	690.00	692.00	703.00	719.00	702.00	694.00	700.00	707.00	704.00	691.00	685.00	692.00	696.00	702.00	698.00	696.00	692.00	685.00	680.00	684.00	684.00	684.00	711.00	709.00	683.00	684.00	674.00	673.00	682.00	681.00	682.00	691.00	699.00	703.00	699.00	694.00	700.00	708.00	705.00	708.00	709.00	705.00	708.00	705.00	714.00	724.00	721.00	721.00	718.00	722.00	720.00	716.00	723.00	727.00	720.00	720.00	717.00	716.00	726.00	724.00	727.00	717.00	720.00	718.00	725.00	731.00	735.00	737.00	736.00	736.00	734.00	741.00	741.00	732.00
654.00	657.00	663.00	679.00	677.00	660.00	640.00	641.00	644.00	644.00	638.00	629.00	629.00	628.00	628.00	629.00	634.00	649.00	645.00	643.00	640.00	642.00	643.00	646.00	651.00	652.00	663.00	669.00	680.00	684.00	683.00	685.00	669.00	674.00	665.00	675.00	682.00	676.00	680.00	688.00	694.00	703.00	780.00	777.00	776.00	757.00	737.00	730.00	741.00	735.00	741.00	718.00	709.00	701.00	696.00	694.00	703.00	708.00	700.00	690.00	679.00	679.00	683.00	688.00	687.00	684.00	683.00	679.00	682.00	680.00	689.00	681.00	676.00	676.00	687.00	689.00	685.00	682.00	681.00	680.00	672.00	674.00	671.00	682.00	682.00	677.00	668.00	674.00	681.00	686.00	679.00	695.00	690.00	695.00	696.00	702.00	707.00	706.00	702.00	693.00	685.00	687.00	690.00	697.00	702.00	689.00	697.00	698.00	690.00	695.00	687.00	685.00	682.00	679.00	674.00	685.00	674.00	672.00	662.00	655.00	656.00	673.00	681.00	684.00	689.00	695.00	692.00	679.00	679.00	680.00	679.00	681.00	692.00	696.00	696.00	688.00	694.00	689.00	689.00	686.00	687.00	692.00	684.00	672.00	677.00	682.00	680.00	680.00	681.00	682.00	685.00	690.00	691.00	688.00	693.00	701.00	699.00	703.00	706.00	726.00	706.00	707.00	705.00	698.00	700.00	701.00	708.00	704.00	688.00	691.00	694.00	703.00	698.00	699.00	691.00	696.00	695.00	693.00	702.00	708.00	702.00	689.00	689.00	701.00	717.00	709.00	714.00	703.00	696.00	696.00	706.00	695.00	689.00	689.00	691.00	702.00	697.00	697.00	695.00	689.00	691.00	688.00	685.00	686.00	698.00	696.00	684.00	675.00	674.00	679.00	687.00	686.00	683.00	687.00	691.00	697.00	702.00	695.00	696.00	705.00	706.00	702.00	704.00	706.00	711.00	719.00	700.00	711.00	714.00	718.00	718.00	718.00	723.00	725.00	728.00	727.00	728.00	718.00	719.00	721.00	729.00	728.00	734.00	722.00	724.00	723.00	727.00	724.00	737.00	734.00	728.00	731.00	729.00	735.00	735.00	729.00
646.00	650.00	660.00	672.00	671.00	660.00	645.00	637.00	643.00	642.00	635.00	626.00	629.00	627.00	627.00	630.00	640.00	652.00	648.00	648.00	641.00	641.00	642.00	644.00	649.00	653.00	662.00	675.00	685.00	672.00	673.00	673.00	667.00	666.00	663.00	670.00	677.00	672.00	685.00	693.00	703.00	726.00	754.00	754.00	767.00	763.00	743.00	727.00	729.00	733.00	749.00	726.00	714.00	709.00	701.00	694.00	703.00	705.00	697.00	698.00	679.00	676.00	676.00	675.00	675.00	683.00	683.00	678.00	674.00	677.00	684.00	681.00	673.00	672.00	695.00	694.00	687.00	688.00	680.00	677.00	684.00	688.00	675.00	681.00	674.00	672.00	666.00	677.00	677.00	686.00	680.00	697.00	688.00	685.00	693.00	702.00	706.00	709.00	696.00	699.00	701.00	682.00	688.00	694.00	698.00	696.00	694.00	691.00	692.00	700.00	691.00	688.00	684.00	682.00	674.00	672.00	677.00	679.00	656.00	655.00	659.00	676.00	681.00	689.00	683.00	689.00	690.00	681.00	691.00	685.00	684.00	686.00	689.00	693.00	696.00	690.00	686.00	693.00	696.00	689.00	684.00	700.00	685.00	673.00	676.00	672.00	680.00	685.00	685.00	686.00	681.00	686.00	685.00	688.00	691.00	694.00	700.00	701.00	706.00	726.00	705.00	699.00	704.00	695.00	700.00	697.00	702.00	707.00	689.00	689.00	690.00	700.00	700.00	700.00	694.00	690.00	692.00	694.00	704.00	699.00	695.00	689.00	691.00	699.00	718.00	702.00	709.00	705.00	701.00	694.00	703.00	702.00	690.00	688.00	687.00	695.00	691.00	694.00	694.00	694.00	694.00	685.00	685.00	686.00	689.00	686.00	683.00	678.00	671.00	678.00	691.00	690.00	687.00	684.00	689.00	691.00	701.00	698.00	697.00	701.00	701.00	693.00	702.00	708.00	717.00	722.00	712.00	704.00	702.00	712.00	710.00	716.00	713.00	717.00	719.00	722.00	727.00	728.00	724.00	719.00	726.00	731.00	735.00	728.00	729.00	725.00	724.00	724.00	737.00	730.00	725.00	723.00	725.00	727.00	733.00	729.00
645.00	644.00	656.00	658.00	656.00	655.00	643.00	641.00	635.00	635.00	628.00	626.00	625.00	625.00	629.00	640.00	642.00	641.00	645.00	654.00	642.00	636.00	640.00	642.00	647.00	653.00	663.00	682.00	685.00	670.00	665.00	661.00	658.00	659.00	662.00	662.00	666.00	671.00	694.00	697.00	708.00	732.00	742.00	738.00	743.00	747.00	741.00	726.00	718.00	727.00	740.00	726.00	714.00	710.00	705.00	704.00	692.00	693.00	685.00	683.00	677.00	679.00	681.00	675.00	675.00	673.00	680.00	678.00	673.00	672.00	677.00	676.00	672.00	675.00	684.00	691.00	684.00	690.00	682.00	679.00	687.00	693.00	677.00	678.00	684.00	673.00	664.00	674.00	676.00	682.00	683.00	694.00	685.00	683.00	689.00	691.00	696.00	696.00	689.00	693.00	698.00	680.00	688.00	701.00	695.00	690.00	686.00	687.00	686.00	689.00	695.00	686.00	682.00	681.00	679.00	673.00	672.00	678.00	653.00	655.00	670.00	680.00	681.00	684.00	684.00	686.00	693.00	679.00	685.00	686.00	689.00	690.00	683.00	692.00	699.00	696.00	685.00	692.00	702.00	693.00	683.00	687.00	680.00	678.00	685.00	682.00	676.00	688.00	697.00	697.00	683.00	692.00	687.00	688.00	688.00	694.00	703.00	702.00	706.00	714.00	703.00	699.00	697.00	698.00	701.00	699.00	693.00	698.00	687.00	688.00	687.00	691.00	699.00	705.00	695.00	690.00	691.00	702.00	699.00	690.00	692.00	691.00	692.00	699.00	713.00	705.00	701.00	704.00	701.00	696.00	698.00	696.00	690.00	687.00	684.00	691.00	692.00	693.00	688.00	694.00	685.00	685.00	678.00	686.00	686.00	682.00	683.00	676.00	671.00	682.00	686.00	689.00	689.00	688.00	683.00	687.00	692.00	698.00	700.00	700.00	698.00	702.00	712.00	719.00	724.00	725.00	706.00	706.00	699.00	704.00	709.00	715.00	716.00	717.00	711.00	714.00	722.00	727.00	728.00	721.00	725.00	734.00	736.00	733.00	733.00	730.00	732.00	732.00	731.00	728.00	727.00	719.00	718.00	723.00	727.00	726.00
638.00	641.00	650.00	644.00	643.00	644.00	663.00	648.00	634.00	630.00	628.00	623.00	631.00	642.00	659.00	664.00	654.00	652.00	659.00	643.00	645.00	645.00	646.00	648.00	654.00	667.00	668.00	666.00	673.00	660.00	657.00	658.00	668.00	681.00	687.00	680.00	676.00	675.00	700.00	692.00	689.00	696.00	704.00	725.00	733.00	727.00	720.00	713.00	711.00	709.00	709.00	702.00	696.00	694.00	692.00	691.00	682.00	683.00	692.00	688.00	700.00	715.00	708.00	693.00	690.00	674.00	676.00	673.00	675.00	670.00	668.00	666.00	665.00	669.00	680.00	675.00	684.00	690.00	690.00	689.00	677.00	672.00	671.00	668.00	662.00	661.00	673.00	679.00	687.00	688.00	683.00	670.00	674.00	673.00	677.00	682.00	691.00	681.00	676.00	681.00	677.00	676.00	682.00	680.00	684.00	687.00	686.00	677.00	692.00	697.00	684.00	680.00	678.00	682.00	680.00	682.00	674.00	670.00	657.00	654.00	664.00	671.00	676.00	676.00	684.00	692.00	691.00	690.00	684.00	691.00	694.00	693.00	679.00	687.00	691.00	688.00	681.00	680.00	685.00	689.00	682.00	669.00	673.00	673.00	686.00	693.00	685.00	686.00	689.00	687.00	692.00	688.00	685.00	693.00	699.00	694.00	693.00	693.00	699.00	712.00	719.00	702.00	696.00	691.00	700.00	697.00	695.00	689.00	685.00	683.00	690.00	697.00	700.00	699.00	688.00	688.00	687.00	685.00	691.00	703.00	708.00	705.00	694.00	687.00	691.00	708.00	702.00	694.00	693.00	692.00	701.00	699.00	693.00	694.00	687.00	686.00	686.00	694.00	695.00	690.00	687.00	684.00	678.00	683.00	671.00	671.00	677.00	678.00	677.00	680.00	681.00	681.00	689.00	691.00	692.00	693.00	689.00	699.00	698.00	701.00	707.00	716.00	724.00	721.00	714.00	707.00	719.00	718.00	717.00	715.00	715.00	714.00	710.00	703.00	711.00	711.00	725.00	726.00	725.00	727.00	727.00	726.00	726.00	727.00	726.00	724.00	718.00	712.00	708.00	721.00	723.00	722.00	714.00	712.00	725.00	726.00
640.00	643.00	656.00	646.00	642.00	640.00	652.00	644.00	632.00	628.00	627.00	624.00	644.00	647.00	657.00	653.00	655.00	655.00	656.00	646.00	651.00	649.00	652.00	650.00	662.00	679.00	676.00	665.00	660.00	655.00	660.00	668.00	671.00	688.00	695.00	694.00	690.00	676.00	697.00	689.00	680.00	686.00	701.00	745.00	751.00	739.00	729.00	715.00	709.00	710.00	706.00	704.00	697.00	690.00	687.00	683.00	692.00	695.00	705.00	694.00	703.00	735.00	717.00	700.00	690.00	679.00	678.00	678.00	681.00	682.00	677.00	670.00	669.00	666.00	674.00	677.00	689.00	689.00	690.00	685.00	679.00	679.00	677.00	672.00	664.00	662.00	669.00	681.00	686.00	678.00	672.00	671.00	675.00	682.00	680.00	681.00	685.00	676.00	676.00	672.00	672.00	672.00	678.00	673.00	681.00	675.00	685.00	678.00	678.00	683.00	688.00	677.00	678.00	676.00	670.00	672.00	677.00	673.00	654.00	663.00	672.00	675.00	682.00	684.00	681.00	686.00	691.00	693.00	686.00	689.00	697.00	696.00	683.00	681.00	691.00	690.00	678.00	676.00	686.00	687.00	677.00	670.00	677.00	687.00	683.00	691.00	682.00	679.00	693.00	702.00	692.00	692.00	690.00	689.00	705.00	703.00	697.00	706.00	707.00	707.00	705.00	698.00	696.00	692.00	693.00	693.00	697.00	694.00	684.00	689.00	687.00	691.00	702.00	702.00	692.00	690.00	681.00	693.00	701.00	709.00	714.00	711.00	703.00	692.00	687.00	706.00	710.00	701.00	697.00	696.00	692.00	693.00	696.00	695.00	686.00	690.00	683.00	692.00	688.00	689.00	688.00	685.00	678.00	676.00	671.00	673.00	670.00	669.00	680.00	683.00	687.00	683.00	685.00	694.00	689.00	695.00	696.00	695.00	701.00	707.00	713.00	720.00	702.00	709.00	702.00	700.00	715.00	716.00	709.00	707.00	711.00	713.00	715.00	705.00	710.00	715.00	723.00	720.00	721.00	727.00	726.00	723.00	718.00	721.00	719.00	719.00	711.00	711.00	719.00	718.00	724.00	720.00	714.00	710.00	724.00	727.00
644.00	642.00	649.00	646.00	645.00	639.00	640.00	635.00	631.00	628.00	626.00	630.00	655.00	657.00	658.00	663.00	666.00	648.00	647.00	649.00	652.00	650.00	648.00	651.00	673.00	687.00	676.00	660.00	653.00	665.00	674.00	681.00	679.00	683.00	700.00	713.00	700.00	686.00	693.00	687.00	677.00	683.00	701.00	739.00	767.00	756.00	739.00	718.00	712.00	713.00	714.00	714.00	707.00	695.00	690.00	689.00	703.00	707.00	712.00	694.00	705.00	719.00	706.00	691.00	680.00	681.00	675.00	682.00	687.00	695.00	680.00	672.00	675.00	673.00	667.00	671.00	684.00	686.00	686.00	680.00	678.00	673.00	676.00	668.00	661.00	659.00	668.00	674.00	671.00	669.00	666.00	675.00	673.00	680.00	677.00	675.00	679.00	672.00	677.00	677.00	672.00	669.00	672.00	672.00	676.00	680.00	689.00	681.00	675.00	679.00	687.00	681.00	682.00	684.00	680.00	665.00	669.00	669.00	653.00	668.00	673.00	671.00	685.00	689.00	687.00	689.00	687.00	692.00	690.00	686.00	687.00	687.00	682.00	680.00	682.00	682.00	681.00	678.00	685.00	685.00	674.00	677.00	677.00	690.00	685.00	690.00	684.00	683.00	685.00	693.00	700.00	701.00	693.00	691.00	698.00	705.00	707.00	715.00	724.00	711.00	706.00	697.00	692.00	687.00	692.00	690.00	687.00	691.00	680.00	687.00	686.00	690.00	696.00	698.00	696.00	689.00	683.00	693.00	705.00	709.00	710.00	714.00	713.00	697.00	686.00	705.00	709.00	702.00	699.00	699.00	689.00	692.00	691.00	693.00	686.00	680.00	671.00	675.00	680.00	682.00	685.00	685.00	681.00	673.00	668.00	668.00	674.00	672.00	674.00	686.00	691.00	692.00	678.00	691.00	693.00	702.00	708.00	698.00	700.00	703.00	712.00	717.00	693.00	693.00	698.00	708.00	704.00	706.00	701.00	701.00	702.00	713.00	715.00	708.00	709.00	719.00	721.00	714.00	725.00	727.00	718.00	720.00	721.00	715.00	716.00	718.00	717.00	724.00	716.00	708.00	711.00	720.00	719.00	713.00	718.00	721.00
641.00	639.00	645.00	641.00	642.00	637.00	633.00	632.00	630.00	628.00	621.00	638.00	645.00	645.00	651.00	667.00	669.00	651.00	652.00	647.00	658.00	657.00	651.00	650.00	673.00	676.00	666.00	653.00	654.00	678.00	695.00	694.00	686.00	692.00	701.00	706.00	688.00	684.00	688.00	681.00	677.00	687.00	703.00	719.00	758.00	753.00	736.00	720.00	717.00	723.00	728.00	726.00	717.00	701.00	692.00	694.00	711.00	722.00	718.00	694.00	711.00	713.00	705.00	685.00	678.00	681.00	680.00	684.00	694.00	701.00	685.00	675.00	676.00	676.00	666.00	664.00	676.00	683.00	677.00	676.00	669.00	667.00	667.00	663.00	659.00	657.00	660.00	667.00	665.00	668.00	666.00	675.00	668.00	672.00	671.00	668.00	670.00	668.00	677.00	677.00	675.00	670.00	670.00	671.00	669.00	680.00	690.00	678.00	678.00	679.00	680.00	680.00	673.00	674.00	677.00	664.00	664.00	664.00	654.00	667.00	678.00	678.00	688.00	693.00	693.00	696.00	694.00	696.00	695.00	686.00	684.00	682.00	681.00	678.00	684.00	679.00	688.00	676.00	676.00	675.00	665.00	679.00	682.00	687.00	685.00	696.00	692.00	684.00	686.00	687.00	695.00	700.00	694.00	691.00	705.00	714.00	708.00	707.00	707.00	716.00	719.00	703.00	699.00	689.00	693.00	690.00	684.00	684.00	684.00	684.00	685.00	686.00	694.00	702.00	688.00	686.00	685.00	694.00	706.00	700.00	696.00	710.00	707.00	694.00	690.00	710.00	711.00	708.00	699.00	699.00	689.00	682.00	689.00	690.00	686.00	675.00	670.00	668.00	674.00	682.00	679.00	683.00	682.00	684.00	673.00	674.00	686.00	678.00	676.00	684.00	690.00	694.00	691.00	683.00	693.00	706.00	720.00	707.00	702.00	703.00	711.00	709.00	694.00	698.00	705.00	714.00	700.00	698.00	699.00	694.00	694.00	710.00	709.00	706.00	701.00	714.00	719.00	712.00	716.00	724.00	721.00	713.00	713.00	715.00	718.00	719.00	724.00	728.00	722.00	713.00	708.00	708.00	718.00	711.00	717.00	722.00
639.00	641.00	640.00	636.00	639.00	641.00	627.00	628.00	627.00	623.00	619.00	651.00	666.00	658.00	657.00	646.00	658.00	670.00	656.00	653.00	651.00	650.00	661.00	663.00	657.00	664.00	654.00	657.00	660.00	669.00	669.00	669.00	666.00	668.00	672.00	682.00	678.00	680.00	670.00	668.00	677.00	688.00	702.00	711.00	714.00	700.00	697.00	714.00	744.00	746.00	750.00	723.00	710.00	705.00	699.00	706.00	735.00	734.00	717.00	705.00	712.00	710.00	702.00	695.00	689.00	692.00	698.00	705.00	705.00	687.00	680.00	673.00	672.00	673.00	672.00	667.00	674.00	684.00	671.00	673.00	665.00	665.00	663.00	659.00	659.00	659.00	657.00	659.00	664.00	667.00	668.00	664.00	663.00	663.00	665.00	673.00	683.00	677.00	685.00	688.00	687.00	677.00	689.00	689.00	683.00	670.00	674.00	670.00	669.00	671.00	678.00	684.00	679.00	672.00	656.00	652.00	657.00	661.00	664.00	663.00	672.00	682.00	685.00	689.00	689.00	695.00	694.00	686.00	686.00	689.00	695.00	685.00	679.00	674.00	674.00	677.00	690.00	683.00	675.00	673.00	675.00	674.00	679.00	691.00	695.00	696.00	693.00	688.00	688.00	693.00	692.00	696.00	693.00	698.00	701.00	697.00	699.00	699.00	701.00	704.00	702.00	700.00	695.00	688.00	685.00	690.00	689.00	683.00	683.00	687.00	684.00	687.00	697.00	693.00	701.00	703.00	708.00	689.00	686.00	690.00	696.00	698.00	691.00	689.00	692.00	714.00	703.00	704.00	706.00	706.00	694.00	693.00	682.00	681.00	680.00	667.00	666.00	669.00	675.00	669.00	670.00	670.00	671.00	670.00	676.00	678.00	682.00	690.00	685.00	684.00	681.00	685.00	690.00	693.00	685.00	694.00	697.00	694.00	695.00	701.00	688.00	689.00	690.00	687.00	687.00	693.00	696.00	694.00	694.00	702.00	703.00	707.00	704.00	705.00	708.00	713.00	713.00	717.00	721.00	722.00	711.00	712.00	715.00	711.00	724.00	722.00	730.00	718.00	721.00	719.00	716.00	709.00	712.00	705.00	712.00	722.00
637.00	638.00	644.00	642.00	638.00	644.00	628.00	624.00	624.00	622.00	623.00	645.00	652.00	652.00	653.00	643.00	652.00	667.00	655.00	653.00	660.00	655.00	650.00	652.00	659.00	674.00	656.00	653.00	665.00	656.00	656.00	660.00	654.00	659.00	665.00	673.00	666.00	664.00	667.00	669.00	679.00	685.00	691.00	693.00	693.00	691.00	688.00	716.00	749.00	750.00	741.00	714.00	710.00	706.00	707.00	711.00	734.00	727.00	713.00	712.00	716.00	710.00	702.00	695.00	697.00	701.00	701.00	705.00	703.00	677.00	680.00	674.00	672.00	684.00	674.00	665.00	666.00	673.00	665.00	669.00	665.00	664.00	664.00	659.00	659.00	657.00	656.00	655.00	661.00	669.00	671.00	660.00	668.00	666.00	667.00	673.00	685.00	684.00	687.00	692.00	691.00	682.00	695.00	693.00	683.00	676.00	683.00	681.00	670.00	663.00	674.00	678.00	681.00	683.00	657.00	654.00	662.00	668.00	671.00	665.00	667.00	678.00	681.00	692.00	685.00	680.00	682.00	684.00	683.00	692.00	692.00	686.00	688.00	682.00	678.00	675.00	681.00	681.00	672.00	671.00	671.00	680.00	677.00	691.00	700.00	703.00	697.00	692.00	694.00	694.00	690.00	704.00	709.00	700.00	710.00	709.00	699.00	693.00	700.00	698.00	706.00	719.00	703.00	686.00	686.00	682.00	684.00	683.00	691.00	690.00	692.00	694.00	692.00	690.00	707.00	709.00	709.00	691.00	687.00	689.00	696.00	691.00	689.00	686.00	691.00	711.00	699.00	695.00	700.00	698.00	698.00	692.00	690.00	683.00	678.00	674.00	670.00	667.00	666.00	670.00	671.00	671.00	667.00	666.00	677.00	677.00	682.00	684.00	685.00	680.00	683.00	685.00	689.00	690.00	684.00	687.00	684.00	687.00	686.00	693.00	683.00	690.00	686.00	684.00	684.00	686.00	691.00	689.00	696.00	699.00	698.00	700.00	696.00	701.00	709.00	710.00	710.00	712.00	714.00	719.00	713.00	713.00	717.00	720.00	725.00	728.00	728.00	721.00	716.00	712.00	712.00	706.00	704.00	703.00	711.00	720.00
637.00	639.00	656.00	646.00	641.00	650.00	627.00	624.00	622.00	621.00	633.00	637.00	644.00	644.00	645.00	639.00	644.00	659.00	659.00	655.00	661.00	652.00	649.00	648.00	658.00	668.00	657.00	651.00	655.00	656.00	656.00	655.00	662.00	670.00	677.00	675.00	668.00	677.00	676.00	680.00	686.00	687.00	683.00	682.00	682.00	684.00	686.00	706.00	737.00	735.00	728.00	715.00	715.00	715.00	715.00	721.00	729.00	720.00	709.00	717.00	720.00	708.00	701.00	698.00	706.00	708.00	699.00	697.00	697.00	677.00	676.00	678.00	678.00	693.00	675.00	668.00	663.00	659.00	659.00	660.00	662.00	662.00	660.00	657.00	655.00	657.00	656.00	656.00	658.00	670.00	672.00	661.00	682.00	678.00	672.00	669.00	684.00	691.00	688.00	696.00	693.00	684.00	694.00	688.00	673.00	681.00	676.00	675.00	668.00	667.00	679.00	677.00	687.00	690.00	657.00	652.00	658.00	669.00	677.00	673.00	667.00	669.00	676.00	683.00	682.00	682.00	685.00	682.00	689.00	690.00	689.00	687.00	688.00	691.00	685.00	678.00	670.00	670.00	670.00	673.00	674.00	682.00	680.00	684.00	697.00	704.00	703.00	692.00	697.00	701.00	695.00	699.00	704.00	697.00	708.00	715.00	711.00	694.00	693.00	707.00	714.00	712.00	697.00	686.00	683.00	680.00	682.00	686.00	695.00	695.00	692.00	695.00	688.00	688.00	705.00	703.00	699.00	696.00	687.00	684.00	689.00	691.00	688.00	686.00	690.00	711.00	701.00	700.00	697.00	690.00	697.00	696.00	688.00	684.00	683.00	676.00	672.00	676.00	674.00	680.00	678.00	674.00	677.00	673.00	669.00	672.00	677.00	678.00	675.00	675.00	679.00	681.00	682.00	685.00	687.00	685.00	681.00	679.00	684.00	681.00	682.00	682.00	687.00	686.00	688.00	690.00	685.00	690.00	692.00	688.00	687.00	689.00	700.00	710.00	717.00	707.00	707.00	711.00	705.00	714.00	719.00	716.00	719.00	718.00	711.00	721.00	725.00	722.00	714.00	706.00	706.00	703.00	699.00	700.00	711.00	714.00
638.00	642.00	654.00	643.00	634.00	632.00	620.00	619.00	622.00	628.00	646.00	656.00	654.00	651.00	651.00	661.00	651.00	655.00	657.00	648.00	651.00	644.00	648.00	650.00	655.00	652.00	650.00	652.00	656.00	668.00	666.00	677.00	684.00	681.00	698.00	705.00	699.00	693.00	681.00	687.00	691.00	692.00	677.00	679.00	677.00	684.00	688.00	712.00	731.00	724.00	724.00	724.00	726.00	736.00	740.00	749.00	724.00	724.00	727.00	722.00	729.00	710.00	707.00	714.00	718.00	704.00	692.00	686.00	680.00	687.00	688.00	689.00	691.00	700.00	696.00	682.00	671.00	666.00	662.00	662.00	661.00	659.00	657.00	663.00	667.00	664.00	661.00	657.00	656.00	655.00	659.00	668.00	670.00	670.00	672.00	680.00	682.00	689.00	688.00	693.00	691.00	694.00	686.00	681.00	682.00	688.00	690.00	683.00	683.00	679.00	665.00	680.00	682.00	672.00	664.00	657.00	651.00	658.00	667.00	673.00	678.00	685.00	679.00	683.00	687.00	683.00	682.00	690.00	695.00	688.00	683.00	689.00	683.00	679.00	683.00	681.00	669.00	664.00	671.00	671.00	680.00	688.00	687.00	690.00	686.00	679.00	685.00	686.00	687.00	689.00	690.00	697.00	705.00	696.00	702.00	705.00	710.00	695.00	694.00	719.00	710.00	700.00	705.00	684.00	685.00	682.00	680.00	690.00	689.00	687.00	688.00	692.00	692.00	691.00	690.00	690.00	695.00	703.00	699.00	688.00	685.00	687.00	683.00	686.00	693.00	700.00	697.00	702.00	699.00	697.00	690.00	693.00	691.00	694.00	689.00	683.00	674.00	667.00	669.00	682.00	682.00	684.00	680.00	684.00	679.00	682.00	678.00	682.00	679.00	681.00	679.00	680.00	678.00	684.00	684.00	680.00	684.00	689.00	690.00	701.00	686.00	681.00	690.00	695.00	698.00	695.00	692.00	687.00	690.00	695.00	698.00	704.00	708.00	700.00	702.00	702.00	698.00	704.00	706.00	706.00	703.00	700.00	703.00	706.00	713.00	727.00	726.00	715.00	717.00	717.00	719.00	717.00	716.00	712.00	711.00	708.00
632.00	644.00	645.00	634.00	629.00	622.00	619.00	625.00	629.00	626.00	632.00	637.00	651.00	658.00	650.00	654.00	648.00	662.00	656.00	645.00	643.00	650.00	660.00	660.00	663.00	654.00	661.00	669.00	676.00	685.00	683.00	689.00	680.00	682.00	678.00	680.00	695.00	706.00	692.00	681.00	684.00	680.00	679.00	679.00	679.00	685.00	689.00	708.00	705.00	704.00	707.00	728.00	736.00	744.00	745.00	736.00	777.00	742.00	732.00	765.00	723.00	716.00	741.00	734.00	716.00	695.00	691.00	687.00	691.00	704.00	701.00	696.00	711.00	729.00	693.00	686.00	682.00	682.00	668.00	668.00	663.00	666.00	662.00	663.00	662.00	661.00	661.00	655.00	656.00	657.00	656.00	662.00	669.00	672.00	677.00	680.00	693.00	697.00	688.00	682.00	686.00	685.00	688.00	679.00	688.00	686.00	677.00	668.00	668.00	666.00	663.00	666.00	658.00	658.00	653.00	652.00	655.00	679.00	671.00	675.00	679.00	683.00	683.00	686.00	688.00	693.00	691.00	691.00	685.00	681.00	683.00	685.00	682.00	679.00	675.00	671.00	667.00	676.00	672.00	673.00	678.00	687.00	697.00	709.00	697.00	695.00	689.00	684.00	683.00	684.00	705.00	707.00	704.00	696.00	692.00	693.00	691.00	691.00	692.00	703.00	698.00	693.00	696.00	687.00	684.00	681.00	678.00	679.00	684.00	682.00	686.00	687.00	693.00	695.00	687.00	685.00	689.00	695.00	697.00	690.00	691.00	685.00	686.00	686.00	694.00	703.00	694.00	689.00	690.00	690.00	689.00	685.00	683.00	683.00	688.00	672.00	666.00	673.00	673.00	683.00	685.00	689.00	688.00	691.00	688.00	682.00	688.00	683.00	684.00	680.00	689.00	689.00	685.00	680.00	680.00	681.00	685.00	689.00	696.00	695.00	696.00	692.00	690.00	690.00	694.00	699.00	690.00	694.00	693.00	688.00	691.00	693.00	697.00	700.00	701.00	704.00	707.00	706.00	704.00	706.00	715.00	719.00	719.00	711.00	716.00	724.00	721.00	710.00	722.00	720.00	706.00	709.00	714.00	708.00	706.00	708.00
632.00	644.00	645.00	634.00	629.00	622.00	619.00	625.00	629.00	626.00	632.00	637.00	651.00	658.00	650.00	654.00	648.00	662.00	656.00	645.00	643.00	650.00	660.00	660.00	663.00	654.00	661.00	669.00	676.00	685.00	683.00	689.00	680.00	682.00	678.00	680.00	695.00	706.00	692.00	681.00	684.00	680.00	679.00	679.00	679.00	685.00	689.00	708.00	705.00	704.00	707.00	728.00	736.00	744.00	745.00	736.00	777.00	742.00	732.00	765.00	723.00	716.00	741.00	734.00	716.00	695.00	691.00	687.00	691.00	704.00	701.00	696.00	711.00	729.00	693.00	686.00	682.00	682.00	668.00	668.00	663.00	666.00	662.00	663.00	662.00	661.00	661.00	655.00	656.00	657.00	656.00	662.00	669.00	672.00	677.00	680.00	693.00	697.00	688.00	682.00	686.00	685.00	688.00	679.00	688.00	686.00	677.00	668.00	668.00	666.00	663.00	666.00	658.00	658.00	653.00	652.00	655.00	679.00	671.00	675.00	679.00	683.00	683.00	686.00	688.00	693.00	691.00	691.00	685.00	681.00	683.00	685.00	682.00	679.00	675.00	671.00	667.00	676.00	672.00	673.00	678.00	687.00	697.00	709.00	697.00	695.00	689.00	684.00	683.00	684.00	705.00	707.00	704.00	696.00	692.00	693.00	691.00	691.00	692.00	703.00	698.00	693.00	696.00	687.00	684.00	681.00	678.00	679.00	684.00	682.00	686.00	687.00	693.00	695.00	687.00	685.00	689.00	695.00	697.00	690.00	691.00	685.00	686.00	686.00	694.00	703.00	694.00	689.00	690.00	690.00	689.00	685.00	683.00	683.00	688.00	672.00	666.00	673.00	673.00	683.00	685.00	689.00	688.00	691.00	688.00	682.00	688.00	683.00	684.00	680.00	689.00	689.00	685.00	680.00	680.00	681.00	685.00	689.00	696.00	695.00	696.00	692.00	690.00	690.00	694.00	699.00	690.00	694.00	693.00	688.00	691.00	693.00	697.00	700.00	701.00	704.00	707.00	706.00	704.00	706.00	715.00	719.00	719.00	711.00	716.00	724.00	721.00	710.00	722.00	720.00	706.00	709.00	714.00	708.00	706.00	708.00
637.00	636.00	640.00	637.00	628.00	619.00	619.00	623.00	626.00	629.00	625.00	634.00	645.00	654.00	651.00	650.00	652.00	652.00	646.00	652.00	645.00	654.00	663.00	678.00	678.00	662.00	672.00	683.00	691.00	675.00	678.00	672.00	667.00	673.00	673.00	695.00	708.00	709.00	703.00	685.00	672.00	673.00	679.00	685.00	677.00	679.00	686.00	701.00	696.00	694.00	697.00	733.00	745.00	760.00	736.00	723.00	742.00	722.00	719.00	735.00	721.00	723.00	735.00	722.00	709.00	695.00	693.00	689.00	692.00	699.00	703.00	710.00	724.00	716.00	691.00	692.00	694.00	689.00	676.00	674.00	666.00	665.00	664.00	661.00	660.00	659.00	659.00	656.00	657.00	657.00	654.00	665.00	663.00	670.00	678.00	678.00	687.00	692.00	691.00	686.00	679.00	684.00	695.00	688.00	676.00	674.00	676.00	676.00	675.00	667.00	661.00	662.00	657.00	652.00	653.00	654.00	661.00	670.00	678.00	685.00	680.00	681.00	687.00	694.00	688.00	694.00	700.00	690.00	688.00	687.00	685.00	680.00	685.00	678.00	675.00	675.00	669.00	673.00	670.00	674.00	681.00	697.00	705.00	696.00	696.00	702.00	693.00	690.00	691.00	686.00	699.00	705.00	707.00	698.00	687.00	690.00	688.00	688.00	694.00	691.00	698.00	696.00	691.00	687.00	682.00	682.00	679.00	677.00	684.00	685.00	687.00	685.00	692.00	697.00	692.00	689.00	686.00	690.00	696.00	699.00	698.00	681.00	682.00	691.00	700.00	699.00	696.00	696.00	691.00	685.00	688.00	687.00	684.00	680.00	677.00	668.00	667.00	682.00	683.00	688.00	690.00	689.00	689.00	687.00	687.00	685.00	687.00	683.00	685.00	680.00	688.00	691.00	687.00	678.00	682.00	680.00	688.00	692.00	694.00	695.00	698.00	688.00	686.00	691.00	696.00	699.00	692.00	697.00	697.00	691.00	691.00	699.00	698.00	695.00	702.00	704.00	706.00	707.00	702.00	705.00	712.00	714.00	718.00	715.00	724.00	722.00	710.00	707.00	711.00	712.00	713.00	714.00	715.00	708.00	706.00	710.00
638.00	632.00	640.00	633.00	626.00	616.00	624.00	632.00	638.00	645.00	644.00	645.00	644.00	648.00	647.00	647.00	657.00	652.00	647.00	640.00	651.00	661.00	675.00	687.00	674.00	667.00	665.00	675.00	691.00	665.00	668.00	664.00	667.00	666.00	675.00	704.00	704.00	691.00	687.00	681.00	670.00	668.00	683.00	682.00	678.00	681.00	686.00	695.00	688.00	689.00	695.00	736.00	743.00	756.00	766.00	727.00	714.00	709.00	709.00	711.00	743.00	743.00	723.00	711.00	705.00	702.00	700.00	696.00	697.00	700.00	701.00	706.00	709.00	701.00	692.00	694.00	698.00	702.00	681.00	680.00	672.00	666.00	662.00	666.00	663.00	663.00	663.00	657.00	654.00	656.00	655.00	666.00	662.00	670.00	677.00	673.00	672.00	677.00	687.00	688.00	680.00	688.00	699.00	690.00	679.00	686.00	687.00	680.00	668.00	670.00	668.00	656.00	655.00	651.00	672.00	672.00	667.00	666.00	677.00	690.00	689.00	682.00	687.00	697.00	689.00	692.00	704.00	690.00	694.00	694.00	686.00	683.00	683.00	681.00	677.00	671.00	667.00	670.00	676.00	682.00	687.00	699.00	701.00	689.00	694.00	703.00	698.00	700.00	695.00	694.00	701.00	701.00	705.00	697.00	688.00	684.00	683.00	683.00	694.00	687.00	696.00	696.00	690.00	682.00	678.00	677.00	678.00	675.00	689.00	683.00	683.00	681.00	692.00	699.00	692.00	688.00	679.00	685.00	688.00	697.00	695.00	681.00	680.00	688.00	697.00	692.00	695.00	695.00	693.00	690.00	677.00	683.00	682.00	684.00	675.00	666.00	671.00	683.00	684.00	690.00	693.00	691.00	692.00	688.00	690.00	687.00	687.00	688.00	689.00	682.00	687.00	691.00	686.00	681.00	684.00	682.00	687.00	686.00	687.00	687.00	698.00	693.00	685.00	687.00	692.00	696.00	697.00	699.00	698.00	696.00	695.00	706.00	706.00	696.00	694.00	702.00	707.00	703.00	705.00	708.00	712.00	715.00	713.00	714.00	722.00	721.00	709.00	715.00	707.00	705.00	707.00	715.00	710.00	704.00	703.00	703.00
625.00	620.00	623.00	621.00	616.00	616.00	638.00	655.00	668.00	683.00	691.00	658.00	662.00	670.00	660.00	660.00	669.00	657.00	643.00	650.00	663.00	670.00	667.00	657.00	668.00	672.00	665.00	673.00	684.00	664.00	656.00	660.00	678.00	656.00	667.00	676.00	678.00	676.00	663.00	666.00	662.00	662.00	672.00	673.00	678.00	673.00	678.00	687.00	682.00	689.00	701.00	747.00	737.00	722.00	728.00	759.00	707.00	700.00	697.00	693.00	716.00	714.00	709.00	705.00	695.00	698.00	699.00	696.00	695.00	680.00	683.00	686.00	686.00	682.00	676.00	677.00	679.00	682.00	681.00	677.00	675.00	671.00	664.00	664.00	664.00	662.00	659.00	658.00	657.00	655.00	656.00	664.00	666.00	665.00	662.00	664.00	668.00	669.00	676.00	678.00	679.00	676.00	677.00	677.00	685.00	677.00	684.00	673.00	681.00	690.00	679.00	663.00	655.00	652.00	665.00	672.00	672.00	669.00	673.00	674.00	677.00	679.00	684.00	695.00	708.00	703.00	703.00	700.00	690.00	690.00	688.00	680.00	671.00	677.00	676.00	674.00	665.00	675.00	676.00	680.00	680.00	680.00	681.00	684.00	686.00	697.00	700.00	701.00	698.00	693.00	709.00	706.00	701.00	703.00	695.00	691.00	693.00	683.00	679.00	686.00	684.00	680.00	687.00	686.00	683.00	677.00	678.00	675.00	683.00	682.00	678.00	682.00	690.00	687.00	685.00	686.00	694.00	685.00	681.00	686.00	683.00	683.00	678.00	690.00	696.00	690.00	683.00	685.00	686.00	689.00	684.00	685.00	685.00	681.00	677.00	669.00	671.00	675.00	680.00	683.00	687.00	692.00	691.00	696.00	688.00	681.00	685.00	689.00	694.00	696.00	689.00	689.00	685.00	679.00	682.00	687.00	686.00	689.00	686.00	689.00	693.00	694.00	690.00	689.00	692.00	696.00	705.00	706.00	702.00	699.00	695.00	692.00	698.00	698.00	704.00	703.00	706.00	703.00	703.00	709.00	711.00	713.00	706.00	714.00	718.00	709.00	701.00	711.00	707.00	704.00	714.00	713.00	711.00	708.00	705.00	708.00
621.00	616.00	616.00	615.00	616.00	615.00	646.00	668.00	672.00	678.00	687.00	655.00	662.00	679.00	672.00	674.00	688.00	653.00	650.00	661.00	664.00	663.00	652.00	651.00	650.00	652.00	664.00	670.00	676.00	652.00	652.00	651.00	659.00	651.00	656.00	657.00	663.00	664.00	661.00	662.00	656.00	661.00	667.00	673.00	678.00	676.00	682.00	683.00	681.00	687.00	706.00	754.00	758.00	723.00	713.00	722.00	720.00	719.00	713.00	692.00	700.00	702.00	705.00	703.00	692.00	688.00	692.00	694.00	689.00	672.00	676.00	679.00	678.00	676.00	674.00	675.00	679.00	684.00	681.00	679.00	670.00	668.00	666.00	665.00	664.00	662.00	658.00	657.00	657.00	655.00	653.00	658.00	663.00	662.00	660.00	665.00	678.00	673.00	672.00	678.00	682.00	672.00	679.00	684.00	682.00	675.00	684.00	671.00	670.00	679.00	672.00	664.00	659.00	656.00	655.00	664.00	672.00	674.00	680.00	678.00	675.00	681.00	686.00	691.00	701.00	702.00	703.00	697.00	688.00	696.00	692.00	687.00	672.00	669.00	670.00	670.00	668.00	683.00	683.00	687.00	681.00	689.00	684.00	693.00	689.00	696.00	695.00	696.00	694.00	692.00	707.00	700.00	700.00	695.00	690.00	683.00	691.00	687.00	685.00	683.00	684.00	681.00	685.00	684.00	685.00	680.00	676.00	675.00	681.00	680.00	679.00	686.00	690.00	684.00	685.00	686.00	693.00	688.00	680.00	680.00	680.00	678.00	682.00	690.00	695.00	690.00	687.00	682.00	680.00	685.00	683.00	685.00	683.00	682.00	677.00	670.00	676.00	677.00	679.00	683.00	686.00	685.00	690.00	693.00	691.00	691.00	681.00	690.00	698.00	698.00	691.00	686.00	687.00	682.00	681.00	688.00	689.00	690.00	686.00	687.00	691.00	696.00	695.00	690.00	689.00	692.00	703.00	703.00	702.00	700.00	702.00	694.00	700.00	699.00	701.00	705.00	708.00	701.00	705.00	709.00	706.00	709.00	702.00	704.00	724.00	720.00	709.00	699.00	701.00	711.00	716.00	716.00	719.00	714.00	717.00	713.00
618.00	617.00	618.00	618.00	618.00	618.00	645.00	654.00	649.00	651.00	658.00	652.00	656.00	675.00	658.00	685.00	672.00	650.00	659.00	673.00	653.00	648.00	644.00	647.00	641.00	645.00	655.00	656.00	667.00	643.00	650.00	649.00	655.00	660.00	657.00	655.00	656.00	654.00	658.00	659.00	657.00	660.00	664.00	670.00	679.00	683.00	680.00	681.00	684.00	690.00	709.00	741.00	740.00	726.00	713.00	709.00	739.00	761.00	733.00	693.00	695.00	695.00	705.00	706.00	695.00	679.00	684.00	686.00	684.00	674.00	672.00	669.00	671.00	669.00	671.00	670.00	677.00	681.00	677.00	681.00	676.00	674.00	669.00	669.00	666.00	660.00	660.00	656.00	659.00	658.00	654.00	654.00	658.00	662.00	664.00	670.00	681.00	674.00	676.00	686.00	689.00	670.00	685.00	686.00	684.00	669.00	677.00	677.00	668.00	662.00	659.00	654.00	658.00	660.00	650.00	653.00	669.00	677.00	682.00	688.00	679.00	677.00	687.00	694.00	695.00	692.00	694.00	694.00	688.00	691.00	685.00	684.00	672.00	669.00	666.00	664.00	671.00	673.00	677.00	689.00	689.00	691.00	687.00	693.00	697.00	691.00	686.00	686.00	694.00	695.00	702.00	703.00	697.00	693.00	688.00	688.00	686.00	683.00	684.00	680.00	680.00	680.00	685.00	680.00	678.00	676.00	673.00	677.00	678.00	680.00	684.00	685.00	686.00	682.00	682.00	689.00	692.00	690.00	683.00	675.00	675.00	677.00	682.00	690.00	694.00	692.00	689.00	685.00	683.00	682.00	678.00	675.00	678.00	678.00	677.00	670.00	671.00	676.00	681.00	685.00	683.00	683.00	684.00	686.00	687.00	693.00	688.00	685.00	696.00	696.00	694.00	684.00	685.00	684.00	679.00	687.00	690.00	689.00	693.00	684.00	689.00	692.00	696.00	696.00	692.00	695.00	697.00	700.00	707.00	705.00	706.00	694.00	699.00	703.00	699.00	710.00	711.00	705.00	706.00	708.00	719.00	715.00	709.00	702.00	720.00	722.00	712.00	697.00	696.00	718.00	717.00	714.00	719.00	719.00	717.00	709.00
616.00	617.00	623.00	627.00	636.00	625.00	626.00	627.00	628.00	636.00	636.00	641.00	645.00	651.00	641.00	661.00	650.00	644.00	667.00	672.00	647.00	647.00	650.00	653.00	654.00	652.00	648.00	649.00	656.00	649.00	655.00	661.00	665.00	671.00	673.00	662.00	663.00	676.00	666.00	661.00	663.00	659.00	666.00	665.00	670.00	678.00	680.00	676.00	681.00	689.00	705.00	730.00	727.00	717.00	710.00	707.00	717.00	720.00	713.00	694.00	689.00	696.00	703.00	702.00	696.00	677.00	676.00	675.00	675.00	672.00	662.00	664.00	667.00	668.00	665.00	667.00	669.00	672.00	679.00	679.00	684.00	684.00	676.00	682.00	668.00	666.00	663.00	659.00	657.00	656.00	654.00	658.00	662.00	665.00	669.00	674.00	670.00	671.00	675.00	682.00	684.00	667.00	674.00	678.00	683.00	667.00	665.00	672.00	668.00	657.00	654.00	649.00	653.00	656.00	654.00	654.00	664.00	672.00	677.00	683.00	690.00	682.00	684.00	698.00	696.00	688.00	686.00	688.00	686.00	679.00	676.00	679.00	671.00	665.00	666.00	665.00	677.00	676.00	671.00	672.00	677.00	682.00	682.00	688.00	697.00	689.00	686.00	687.00	690.00	700.00	695.00	696.00	698.00	692.00	694.00	695.00	691.00	689.00	683.00	680.00	680.00	678.00	690.00	682.00	673.00	674.00	674.00	676.00	679.00	686.00	689.00	686.00	684.00	680.00	681.00	687.00	688.00	686.00	679.00	677.00	679.00	680.00	686.00	688.00	693.00	688.00	689.00	688.00	686.00	684.00	677.00	677.00	674.00	675.00	672.00	673.00	678.00	680.00	681.00	687.00	685.00	685.00	683.00	686.00	687.00	693.00	691.00	687.00	699.00	697.00	697.00	688.00	684.00	690.00	683.00	688.00	689.00	692.00	694.00	692.00	690.00	695.00	695.00	706.00	702.00	694.00	701.00	704.00	709.00	705.00	704.00	696.00	694.00	704.00	703.00	706.00	707.00	708.00	709.00	708.00	709.00	712.00	708.00	706.00	712.00	719.00	712.00	704.00	697.00	716.00	712.00	713.00	714.00	713.00	712.00	709.00
617.00	623.00	637.00	633.00	633.00	623.00	621.00	627.00	628.00	629.00	632.00	642.00	641.00	644.00	648.00	642.00	642.00	653.00	653.00	647.00	651.00	665.00	677.00	673.00	683.00	688.00	690.00	674.00	649.00	669.00	669.00	667.00	685.00	683.00	676.00	686.00	682.00	673.00	668.00	681.00	681.00	677.00	672.00	670.00	668.00	665.00	669.00	669.00	676.00	688.00	695.00	706.00	714.00	702.00	701.00	698.00	695.00	692.00	689.00	683.00	680.00	683.00	689.00	695.00	693.00	679.00	670.00	670.00	664.00	674.00	674.00	672.00	663.00	659.00	664.00	666.00	662.00	667.00	687.00	681.00	684.00	682.00	684.00	683.00	676.00	669.00	662.00	659.00	657.00	653.00	656.00	655.00	662.00	667.00	670.00	670.00	667.00	667.00	671.00	676.00	674.00	679.00	667.00	673.00	683.00	673.00	668.00	660.00	660.00	654.00	655.00	669.00	672.00	666.00	673.00	676.00	673.00	677.00	682.00	679.00	685.00	691.00	682.00	703.00	704.00	705.00	697.00	690.00	682.00	674.00	672.00	671.00	676.00	673.00	668.00	666.00	666.00	673.00	679.00	680.00	685.00	684.00	694.00	691.00	683.00	694.00	700.00	694.00	687.00	687.00	689.00	681.00	681.00	684.00	692.00	688.00	685.00	685.00	688.00	676.00	677.00	678.00	690.00	680.00	682.00	687.00	685.00	677.00	675.00	675.00	683.00	683.00	686.00	688.00	677.00	684.00	690.00	680.00	677.00	676.00	680.00	692.00	691.00	689.00	680.00	689.00	686.00	685.00	686.00	682.00	675.00	670.00	668.00	675.00	669.00	683.00	686.00	684.00	684.00	686.00	686.00	686.00	687.00	686.00	696.00	698.00	692.00	693.00	690.00	694.00	697.00	695.00	691.00	684.00	688.00	695.00	693.00	688.00	696.00	698.00	693.00	692.00	699.00	705.00	707.00	698.00	703.00	706.00	709.00	715.00	705.00	698.00	703.00	701.00	697.00	698.00	703.00	709.00	710.00	707.00	700.00	709.00	706.00	700.00	714.00	714.00	715.00	709.00	707.00	692.00	702.00	706.00	704.00	705.00	692.00	693.00
620.00	622.00	634.00	625.00	625.00	637.00	623.00	627.00	628.00	629.00	641.00	658.00	659.00	653.00	656.00	661.00	655.00	641.00	646.00	648.00	654.00	666.00	662.00	669.00	677.00	689.00	691.00	686.00	651.00	673.00	668.00	674.00	679.00	686.00	676.00	687.00	680.00	677.00	676.00	681.00	686.00	695.00	686.00	682.00	680.00	680.00	675.00	666.00	674.00	682.00	691.00	706.00	711.00	701.00	697.00	695.00	702.00	696.00	692.00	688.00	682.00	680.00	681.00	685.00	689.00	681.00	671.00	671.00	662.00	676.00	672.00	667.00	667.00	658.00	663.00	662.00	660.00	664.00	687.00	676.00	674.00	673.00	676.00	679.00	677.00	674.00	666.00	654.00	655.00	654.00	652.00	661.00	663.00	670.00	672.00	670.00	675.00	672.00	670.00	676.00	680.00	681.00	667.00	664.00	676.00	665.00	668.00	667.00	659.00	655.00	653.00	664.00	673.00	677.00	673.00	674.00	680.00	681.00	683.00	682.00	683.00	692.00	690.00	697.00	701.00	703.00	696.00	690.00	685.00	678.00	672.00	671.00	676.00	674.00	667.00	663.00	671.00	678.00	687.00	683.00	682.00	681.00	699.00	700.00	692.00	703.00	697.00	690.00	685.00	679.00	682.00	679.00	679.00	681.00	693.00	687.00	683.00	680.00	678.00	676.00	673.00	680.00	686.00	681.00	685.00	690.00	687.00	678.00	670.00	674.00	681.00	682.00	683.00	686.00	675.00	684.00	685.00	674.00	674.00	676.00	676.00	686.00	691.00	688.00	683.00	680.00	689.00	687.00	679.00	678.00	673.00	669.00	670.00	667.00	665.00	684.00	686.00	688.00	684.00	684.00	681.00	684.00	687.00	688.00	693.00	701.00	689.00	692.00	699.00	693.00	695.00	691.00	686.00	683.00	685.00	691.00	695.00	694.00	690.00	695.00	697.00	696.00	701.00	706.00	708.00	701.00	703.00	703.00	709.00	717.00	713.00	699.00	702.00	702.00	704.00	705.00	705.00	710.00	714.00	711.00	707.00	701.00	698.00	696.00	709.00	710.00	714.00	714.00	705.00	691.00	697.00	701.00	699.00	706.00	703.00	691.00
622.00	627.00	636.00	617.00	615.00	627.00	628.00	633.00	640.00	645.00	648.00	664.00	656.00	653.00	676.00	680.00	692.00	656.00	674.00	677.00	661.00	645.00	646.00	652.00	656.00	669.00	681.00	691.00	687.00	675.00	680.00	671.00	677.00	694.00	694.00	683.00	689.00	707.00	678.00	685.00	690.00	686.00	682.00	689.00	690.00	693.00	682.00	673.00	674.00	675.00	683.00	697.00	705.00	703.00	703.00	709.00	721.00	724.00	710.00	692.00	694.00	689.00	685.00	680.00	675.00	684.00	681.00	671.00	672.00	665.00	663.00	664.00	661.00	661.00	657.00	658.00	659.00	656.00	673.00	669.00	664.00	670.00	676.00	675.00	673.00	673.00	677.00	658.00	655.00	652.00	654.00	685.00	671.00	677.00	687.00	676.00	665.00	673.00	673.00	672.00	678.00	677.00	665.00	660.00	675.00	668.00	665.00	663.00	658.00	659.00	653.00	656.00	665.00	664.00	681.00	687.00	682.00	684.00	690.00	691.00	690.00	690.00	695.00	694.00	692.00	690.00	686.00	680.00	678.00	677.00	675.00	672.00	669.00	669.00	667.00	663.00	674.00	674.00	679.00	685.00	692.00	683.00	682.00	708.00	707.00	691.00	688.00	689.00	687.00	680.00	675.00	671.00	679.00	680.00	683.00	690.00	686.00	678.00	672.00	670.00	672.00	674.00	674.00	679.00	675.00	679.00	677.00	674.00	673.00	670.00	671.00	674.00	686.00	687.00	673.00	672.00	676.00	676.00	673.00	676.00	684.00	688.00	688.00	683.00	687.00	679.00	677.00	684.00	691.00	685.00	678.00	674.00	669.00	667.00	673.00	674.00	676.00	681.00	680.00	684.00	685.00	685.00	685.00	686.00	690.00	694.00	687.00	686.00	687.00	688.00	698.00	696.00	695.00	686.00	686.00	692.00	693.00	700.00	695.00	692.00	694.00	699.00	707.00	709.00	708.00	708.00	708.00	717.00	721.00	719.00	721.00	714.00	701.00	705.00	708.00	710.00	709.00	710.00	710.00	707.00	709.00	707.00	701.00	696.00	701.00	694.00	705.00	708.00	710.00	702.00	701.00	698.00	695.00	705.00	703.00	698.00
617.00	623.00	622.00	616.00	614.00	623.00	628.00	634.00	652.00	658.00	665.00	684.00	670.00	654.00	674.00	677.00	683.00	658.00	688.00	702.00	663.00	650.00	650.00	658.00	658.00	661.00	676.00	675.00	684.00	686.00	694.00	680.00	691.00	712.00	695.00	692.00	698.00	708.00	682.00	678.00	678.00	680.00	687.00	698.00	696.00	685.00	683.00	677.00	675.00	675.00	676.00	691.00	700.00	702.00	703.00	711.00	728.00	727.00	714.00	703.00	702.00	696.00	691.00	681.00	677.00	680.00	684.00	679.00	670.00	666.00	666.00	663.00	664.00	664.00	662.00	659.00	657.00	658.00	664.00	663.00	660.00	666.00	674.00	676.00	682.00	672.00	677.00	665.00	659.00	658.00	654.00	690.00	672.00	674.00	680.00	670.00	663.00	662.00	672.00	670.00	675.00	662.00	661.00	661.00	665.00	679.00	676.00	670.00	651.00	649.00	649.00	666.00	680.00	674.00	670.00	672.00	677.00	682.00	685.00	690.00	698.00	696.00	690.00	687.00	692.00	692.00	689.00	682.00	680.00	683.00	679.00	676.00	672.00	665.00	663.00	663.00	670.00	673.00	679.00	680.00	683.00	687.00	685.00	701.00	700.00	684.00	681.00	684.00	688.00	687.00	679.00	673.00	672.00	679.00	680.00	681.00	680.00	676.00	673.00	672.00	672.00	671.00	674.00	682.00	677.00	674.00	677.00	674.00	669.00	675.00	675.00	677.00	688.00	684.00	673.00	670.00	674.00	672.00	673.00	679.00	684.00	681.00	683.00	684.00	681.00	684.00	677.00	674.00	680.00	679.00	676.00	676.00	674.00	671.00	666.00	672.00	675.00	678.00	683.00	681.00	682.00	680.00	683.00	690.00	688.00	696.00	686.00	687.00	684.00	694.00	694.00	694.00	694.00	689.00	688.00	692.00	697.00	697.00	702.00	702.00	701.00	697.00	707.00	705.00	703.00	711.00	715.00	720.00	715.00	713.00	720.00	711.00	709.00	707.00	704.00	705.00	707.00	712.00	716.00	712.00	699.00	697.00	697.00	696.00	699.00	701.00	704.00	707.00	709.00	703.00	702.00	698.00	693.00	705.00	701.00	695.00
620.00	617.00	633.00	631.00	630.00	639.00	645.00	641.00	638.00	643.00	650.00	672.00	677.00	671.00	677.00	663.00	653.00	655.00	668.00	677.00	689.00	669.00	663.00	668.00	666.00	666.00	672.00	671.00	682.00	716.00	727.00	713.00	701.00	706.00	693.00	690.00	682.00	689.00	696.00	696.00	693.00	684.00	694.00	695.00	685.00	683.00	678.00	674.00	672.00	677.00	682.00	689.00	691.00	692.00	690.00	698.00	705.00	706.00	706.00	707.00	693.00	690.00	686.00	681.00	679.00	670.00	671.00	677.00	678.00	667.00	661.00	661.00	665.00	670.00	671.00	662.00	660.00	658.00	659.00	675.00	680.00	673.00	679.00	674.00	671.00	671.00	682.00	673.00	665.00	659.00	654.00	672.00	668.00	664.00	663.00	660.00	658.00	661.00	666.00	668.00	681.00	675.00	665.00	661.00	657.00	665.00	671.00	658.00	649.00	656.00	673.00	678.00	673.00	681.00	674.00	682.00	678.00	673.00	684.00	689.00	699.00	698.00	693.00	693.00	689.00	681.00	687.00	690.00	690.00	700.00	701.00	691.00	670.00	667.00	664.00	664.00	670.00	676.00	689.00	691.00	681.00	687.00	697.00	701.00	695.00	688.00	682.00	680.00	680.00	678.00	675.00	678.00	671.00	672.00	676.00	680.00	680.00	682.00	678.00	671.00	668.00	668.00	672.00	686.00	681.00	673.00	670.00	671.00	670.00	676.00	681.00	677.00	679.00	677.00	672.00	673.00	672.00	681.00	690.00	686.00	679.00	666.00	671.00	681.00	679.00	674.00	661.00	663.00	663.00	662.00	665.00	665.00	665.00	664.00	662.00	674.00	676.00	680.00	677.00	679.00	682.00	685.00	689.00	688.00	691.00	690.00	683.00	683.00	687.00	691.00	696.00	691.00	691.00	699.00	701.00	701.00	703.00	697.00	700.00	702.00	705.00	708.00	706.00	705.00	700.00	705.00	712.00	708.00	711.00	716.00	710.00	707.00	704.00	707.00	706.00	702.00	705.00	711.00	713.00	712.00	710.00	710.00	707.00	700.00	690.00	697.00	700.00	704.00	709.00	691.00	692.00	693.00	695.00	704.00	698.00	694.00
622.00	623.00	630.00	622.00	633.00	624.00	659.00	653.00	644.00	643.00	648.00	669.00	676.00	661.00	650.00	647.00	644.00	644.00	655.00	669.00	696.00	673.00	666.00	665.00	672.00	666.00	679.00	683.00	684.00	722.00	728.00	707.00	690.00	688.00	682.00	681.00	680.00	680.00	685.00	686.00	690.00	685.00	679.00	677.00	676.00	676.00	674.00	678.00	683.00	687.00	688.00	689.00	685.00	690.00	687.00	687.00	695.00	699.00	700.00	709.00	696.00	694.00	693.00	690.00	685.00	676.00	672.00	669.00	668.00	662.00	665.00	666.00	675.00	679.00	671.00	675.00	670.00	661.00	658.00	670.00	688.00	691.00	684.00	669.00	672.00	673.00	689.00	685.00	672.00	659.00	655.00	656.00	674.00	660.00	654.00	660.00	655.00	664.00	663.00	668.00	680.00	675.00	666.00	662.00	664.00	659.00	664.00	655.00	650.00	656.00	668.00	682.00	680.00	683.00	673.00	681.00	686.00	682.00	686.00	701.00	703.00	694.00	698.00	699.00	694.00	689.00	683.00	689.00	688.00	697.00	702.00	690.00	668.00	664.00	663.00	663.00	669.00	671.00	683.00	681.00	676.00	681.00	686.00	697.00	695.00	691.00	689.00	685.00	677.00	672.00	668.00	670.00	672.00	669.00	673.00	679.00	678.00	677.00	676.00	667.00	664.00	666.00	673.00	679.00	676.00	671.00	669.00	666.00	672.00	680.00	682.00	676.00	676.00	673.00	670.00	670.00	671.00	679.00	682.00	678.00	669.00	663.00	664.00	669.00	675.00	670.00	663.00	662.00	664.00	662.00	664.00	670.00	668.00	668.00	669.00	673.00	678.00	678.00	677.00	683.00	683.00	683.00	688.00	690.00	691.00	688.00	679.00	686.00	688.00	689.00	692.00	694.00	693.00	699.00	700.00	705.00	703.00	700.00	702.00	706.00	709.00	708.00	705.00	700.00	700.00	706.00	704.00	710.00	715.00	711.00	712.00	703.00	706.00	705.00	706.00	701.00	701.00	714.00	708.00	702.00	710.00	707.00	706.00	703.00	694.00	691.00	699.00	698.00	706.00	699.00	700.00	698.00	696.00	692.00	691.00	693.00
626.00	630.00	631.00	634.00	622.00	622.00	637.00	643.00	641.00	645.00	650.00	667.00	671.00	654.00	646.00	646.00	644.00	644.00	644.00	655.00	699.00	683.00	677.00	667.00	691.00	675.00	678.00	692.00	701.00	724.00	701.00	692.00	677.00	687.00	687.00	673.00	686.00	671.00	683.00	690.00	696.00	691.00	685.00	675.00	670.00	669.00	673.00	673.00	689.00	693.00	698.00	696.00	693.00	691.00	691.00	680.00	690.00	693.00	693.00	705.00	702.00	709.00	713.00	705.00	698.00	679.00	678.00	671.00	670.00	668.00	669.00	675.00	681.00	680.00	683.00	689.00	678.00	663.00	662.00	660.00	686.00	693.00	685.00	674.00	674.00	675.00	689.00	686.00	673.00	663.00	658.00	655.00	663.00	664.00	651.00	660.00	656.00	660.00	661.00	667.00	676.00	677.00	669.00	668.00	670.00	655.00	659.00	657.00	648.00	657.00	675.00	677.00	681.00	680.00	680.00	683.00	693.00	683.00	695.00	699.00	701.00	692.00	691.00	693.00	699.00	693.00	684.00	695.00	690.00	686.00	691.00	688.00	667.00	664.00	670.00	677.00	674.00	670.00	670.00	675.00	676.00	684.00	693.00	704.00	705.00	699.00	691.00	686.00	682.00	679.00	678.00	672.00	668.00	669.00	677.00	678.00	678.00	676.00	673.00	671.00	665.00	665.00	674.00	673.00	672.00	674.00	674.00	670.00	671.00	678.00	681.00	678.00	674.00	674.00	665.00	673.00	674.00	678.00	676.00	672.00	666.00	661.00	663.00	664.00	668.00	670.00	664.00	668.00	669.00	668.00	666.00	668.00	672.00	672.00	669.00	672.00	674.00	674.00	672.00	685.00	681.00	680.00	689.00	691.00	688.00	684.00	682.00	685.00	690.00	685.00	687.00	688.00	693.00	696.00	697.00	697.00	697.00	699.00	704.00	707.00	704.00	702.00	701.00	701.00	698.00	703.00	705.00	710.00	710.00	708.00	710.00	705.00	703.00	704.00	704.00	703.00	695.00	713.00	707.00	697.00	708.00	705.00	699.00	702.00	701.00	697.00	693.00	694.00	707.00	704.00	700.00	699.00	695.00	692.00	693.00	689.00
632.00	634.00	634.00	637.00	622.00	620.00	630.00	634.00	640.00	643.00	658.00	663.00	653.00	651.00	649.00	646.00	646.00	643.00	641.00	649.00	674.00	674.00	688.00	687.00	691.00	676.00	676.00	692.00	694.00	708.00	689.00	676.00	683.00	688.00	675.00	678.00	681.00	673.00	687.00	693.00	696.00	688.00	687.00	671.00	668.00	679.00	677.00	679.00	685.00	688.00	697.00	719.00	706.00	690.00	675.00	676.00	686.00	681.00	694.00	699.00	699.00	702.00	708.00	704.00	696.00	690.00	688.00	679.00	674.00	673.00	672.00	684.00	686.00	681.00	694.00	694.00	675.00	663.00	654.00	661.00	677.00	691.00	689.00	677.00	672.00	672.00	683.00	682.00	677.00	669.00	661.00	657.00	652.00	654.00	653.00	661.00	658.00	660.00	664.00	661.00	664.00	676.00	667.00	660.00	659.00	653.00	654.00	655.00	649.00	651.00	686.00	677.00	689.00	687.00	688.00	684.00	694.00	688.00	687.00	693.00	698.00	697.00	687.00	695.00	693.00	694.00	685.00	696.00	692.00	686.00	680.00	680.00	667.00	664.00	664.00	679.00	688.00	679.00	677.00	677.00	682.00	693.00	705.00	710.00	703.00	688.00	688.00	681.00	685.00	682.00	684.00	679.00	672.00	666.00	674.00	668.00	676.00	673.00	670.00	674.00	665.00	664.00	672.00	667.00	668.00	672.00	673.00	666.00	669.00	673.00	681.00	681.00	672.00	672.00	666.00	672.00	675.00	671.00	671.00	668.00	660.00	662.00	659.00	661.00	665.00	668.00	664.00	666.00	669.00	674.00	675.00	673.00	673.00	671.00	673.00	670.00	666.00	670.00	672.00	678.00	678.00	676.00	682.00	684.00	686.00	681.00	682.00	683.00	683.00	684.00	684.00	691.00	692.00	693.00	695.00	698.00	687.00	704.00	701.00	699.00	700.00	697.00	697.00	698.00	694.00	699.00	707.00	705.00	708.00	706.00	710.00	709.00	700.00	698.00	698.00	703.00	696.00	707.00	708.00	698.00	706.00	705.00	705.00	706.00	701.00	698.00	694.00	691.00	708.00	704.00	702.00	698.00	696.00	691.00	692.00	692.00
637.00	632.00	637.00	637.00	627.00	631.00	627.00	635.00	641.00	645.00	649.00	654.00	655.00	649.00	649.00	653.00	657.00	657.00	653.00	659.00	667.00	677.00	693.00	703.00	680.00	672.00	673.00	685.00	687.00	678.00	673.00	694.00	700.00	669.00	672.00	677.00	684.00	685.00	679.00	681.00	684.00	682.00	685.00	668.00	675.00	688.00	688.00	679.00	695.00	702.00	708.00	716.00	710.00	707.00	689.00	685.00	677.00	678.00	685.00	684.00	694.00	686.00	686.00	685.00	687.00	684.00	682.00	676.00	682.00	689.00	692.00	695.00	690.00	688.00	689.00	677.00	663.00	657.00	653.00	658.00	664.00	678.00	685.00	685.00	676.00	673.00	673.00	687.00	682.00	670.00	666.00	659.00	656.00	654.00	650.00	651.00	654.00	658.00	667.00	673.00	674.00	657.00	654.00	650.00	648.00	650.00	659.00	661.00	666.00	674.00	680.00	690.00	695.00	692.00	703.00	699.00	700.00	700.00	704.00	699.00	702.00	705.00	700.00	686.00	681.00	681.00	680.00	677.00	676.00	676.00	673.00	671.00	663.00	660.00	671.00	682.00	676.00	678.00	681.00	690.00	695.00	697.00	699.00	696.00	691.00	680.00	683.00	681.00	677.00	680.00	674.00	674.00	672.00	667.00	673.00	667.00	663.00	664.00	665.00	658.00	656.00	659.00	662.00	659.00	661.00	661.00	664.00	663.00	673.00	666.00	662.00	662.00	666.00	666.00	661.00	665.00	663.00	662.00	662.00	664.00	661.00	668.00	667.00	665.00	662.00	661.00	663.00	667.00	672.00	677.00	678.00	673.00	674.00	671.00	672.00	680.00	680.00	678.00	679.00	683.00	675.00	676.00	674.00	676.00	675.00	676.00	679.00	680.00	681.00	686.00	687.00	688.00	687.00	688.00	689.00	696.00	697.00	699.00	698.00	696.00	694.00	689.00	693.00	694.00	695.00	697.00	700.00	702.00	705.00	706.00	707.00	706.00	705.00	705.00	702.00	699.00	694.00	705.00	704.00	696.00	700.00	697.00	698.00	707.00	703.00	699.00	696.00	691.00	700.00	702.00	694.00	702.00	705.00	699.00	696.00	690.00
639.00	634.00	639.00	625.00	633.00	634.00	636.00	635.00	639.00	645.00	646.00	649.00	645.00	647.00	649.00	653.00	656.00	655.00	653.00	660.00	666.00	665.00	670.00	674.00	674.00	678.00	679.00	698.00	680.00	670.00	677.00	683.00	682.00	679.00	694.00	701.00	698.00	698.00	683.00	673.00	674.00	679.00	672.00	670.00	684.00	689.00	693.00	680.00	697.00	708.00	709.00	706.00	715.00	709.00	695.00	689.00	674.00	669.00	678.00	683.00	686.00	681.00	679.00	680.00	681.00	675.00	677.00	679.00	681.00	701.00	700.00	694.00	687.00	689.00	678.00	671.00	667.00	660.00	653.00	665.00	659.00	670.00	682.00	683.00	675.00	669.00	667.00	679.00	677.00	671.00	665.00	664.00	659.00	655.00	652.00	651.00	653.00	655.00	662.00	663.00	661.00	654.00	649.00	648.00	651.00	652.00	656.00	664.00	672.00	679.00	675.00	686.00	689.00	686.00	691.00	692.00	696.00	693.00	702.00	695.00	694.00	701.00	695.00	689.00	688.00	684.00	691.00	686.00	678.00	672.00	670.00	668.00	661.00	664.00	668.00	668.00	671.00	681.00	688.00	689.00	690.00	686.00	689.00	690.00	687.00	681.00	676.00	677.00	673.00	674.00	677.00	671.00	668.00	664.00	675.00	673.00	666.00	661.00	658.00	654.00	656.00	658.00	662.00	660.00	660.00	660.00	664.00	660.00	663.00	661.00	659.00	661.00	663.00	663.00	663.00	662.00	662.00	664.00	662.00	664.00	662.00	670.00	669.00	667.00	665.00	658.00	666.00	667.00	674.00	682.00	682.00	677.00	676.00	673.00	674.00	677.00	678.00	682.00	683.00	683.00	678.00	679.00	678.00	680.00	678.00	673.00	679.00	681.00	684.00	685.00	688.00	689.00	687.00	691.00	685.00	688.00	694.00	694.00	696.00	694.00	692.00	692.00	694.00	696.00	699.00	699.00	699.00	696.00	702.00	705.00	708.00	706.00	699.00	699.00	696.00	696.00	694.00	705.00	702.00	694.00	705.00	706.00	705.00	704.00	699.00	697.00	690.00	690.00	695.00	697.00	691.00	701.00	703.00	697.00	692.00	684.00
635.00	637.00	636.00	637.00	639.00	633.00	630.00	635.00	644.00	645.00	645.00	644.00	647.00	650.00	648.00	649.00	652.00	654.00	654.00	661.00	671.00	661.00	657.00	663.00	674.00	681.00	697.00	696.00	680.00	675.00	672.00	677.00	671.00	697.00	712.00	725.00	700.00	695.00	686.00	672.00	671.00	671.00	677.00	687.00	693.00	695.00	696.00	687.00	693.00	701.00	698.00	703.00	713.00	708.00	696.00	688.00	677.00	672.00	672.00	673.00	679.00	678.00	677.00	675.00	672.00	671.00	672.00	672.00	672.00	692.00	693.00	684.00	678.00	682.00	672.00	671.00	669.00	664.00	655.00	664.00	656.00	666.00	678.00	674.00	668.00	672.00	667.00	672.00	680.00	675.00	672.00	665.00	662.00	655.00	651.00	648.00	651.00	653.00	656.00	657.00	661.00	655.00	654.00	649.00	649.00	652.00	655.00	659.00	667.00	671.00	671.00	677.00	680.00	682.00	686.00	685.00	692.00	688.00	697.00	694.00	687.00	691.00	688.00	689.00	686.00	686.00	691.00	689.00	681.00	671.00	666.00	667.00	658.00	664.00	669.00	676.00	676.00	684.00	696.00	697.00	692.00	684.00	684.00	693.00	690.00	683.00	679.00	677.00	673.00	667.00	674.00	675.00	674.00	670.00	672.00	672.00	664.00	659.00	661.00	655.00	659.00	662.00	658.00	658.00	658.00	656.00	659.00	659.00	660.00	660.00	659.00	661.00	661.00	662.00	660.00	663.00	666.00	663.00	663.00	662.00	668.00	664.00	673.00	668.00	670.00	670.00	668.00	672.00	675.00	681.00	682.00	681.00	676.00	677.00	674.00	680.00	679.00	685.00	687.00	681.00	680.00	680.00	682.00	684.00	679.00	677.00	678.00	679.00	682.00	683.00	689.00	691.00	683.00	686.00	684.00	690.00	691.00	692.00	694.00	690.00	689.00	693.00	693.00	693.00	698.00	700.00	700.00	703.00	701.00	705.00	706.00	708.00	705.00	704.00	702.00	691.00	691.00	702.00	699.00	691.00	706.00	708.00	707.00	702.00	695.00	696.00	691.00	694.00	694.00	698.00	697.00	698.00	702.00	700.00	693.00	686.00
629.00	635.00	634.00	637.00	629.00	630.00	636.00	636.00	637.00	641.00	644.00	644.00	654.00	659.00	655.00	643.00	648.00	655.00	654.00	656.00	666.00	669.00	667.00	657.00	668.00	677.00	687.00	702.00	690.00	673.00	667.00	673.00	681.00	715.00	721.00	721.00	695.00	689.00	680.00	669.00	670.00	670.00	690.00	707.00	702.00	701.00	696.00	683.00	689.00	696.00	697.00	706.00	709.00	707.00	702.00	698.00	680.00	682.00	676.00	670.00	671.00	671.00	670.00	668.00	668.00	665.00	669.00	672.00	671.00	680.00	690.00	684.00	672.00	669.00	662.00	669.00	670.00	664.00	653.00	655.00	661.00	664.00	676.00	668.00	667.00	664.00	669.00	671.00	675.00	673.00	675.00	667.00	658.00	654.00	649.00	648.00	652.00	654.00	655.00	655.00	655.00	655.00	654.00	648.00	646.00	654.00	656.00	657.00	662.00	665.00	667.00	672.00	675.00	680.00	681.00	683.00	684.00	687.00	694.00	694.00	684.00	682.00	685.00	686.00	680.00	678.00	682.00	679.00	672.00	666.00	662.00	664.00	663.00	670.00	674.00	674.00	676.00	688.00	696.00	694.00	694.00	684.00	680.00	689.00	691.00	688.00	684.00	680.00	678.00	671.00	665.00	669.00	671.00	670.00	668.00	665.00	661.00	660.00	656.00	662.00	665.00	666.00	665.00	660.00	661.00	660.00	658.00	660.00	665.00	666.00	665.00	667.00	664.00	664.00	661.00	664.00	667.00	670.00	661.00	664.00	668.00	667.00	673.00	664.00	666.00	669.00	669.00	669.00	672.00	675.00	678.00	683.00	681.00	676.00	675.00	675.00	680.00	685.00	686.00	687.00	681.00	682.00	688.00	683.00	680.00	677.00	676.00	676.00	681.00	688.00	686.00	688.00	685.00	682.00	683.00	690.00	687.00	687.00	690.00	687.00	689.00	692.00	695.00	695.00	697.00	700.00	699.00	705.00	703.00	703.00	700.00	705.00	706.00	709.00	706.00	696.00	689.00	700.00	695.00	690.00	706.00	707.00	707.00	700.00	692.00	695.00	694.00	691.00	693.00	697.00	700.00	692.00	694.00	699.00	689.00	683.00
616.00	621.00	621.00	622.00	619.00	623.00	650.00	635.00	636.00	639.00	636.00	654.00	641.00	640.00	644.00	661.00	664.00	660.00	661.00	659.00	643.00	652.00	660.00	651.00	649.00	653.00	651.00	661.00	665.00	665.00	665.00	666.00	675.00	672.00	679.00	674.00	671.00	667.00	669.00	674.00	676.00	679.00	685.00	695.00	704.00	709.00	706.00	700.00	696.00	698.00	701.00	707.00	702.00	699.00	696.00	696.00	703.00	701.00	689.00	674.00	665.00	672.00	666.00	662.00	666.00	673.00	667.00	677.00	685.00	664.00	659.00	667.00	669.00	673.00	666.00	663.00	659.00	663.00	658.00	655.00	669.00	670.00	670.00	675.00	666.00	673.00	682.00	668.00	668.00	668.00	660.00	661.00	660.00	662.00	657.00	652.00	645.00	648.00	652.00	657.00	656.00	650.00	649.00	648.00	651.00	651.00	651.00	655.00	668.00	677.00	670.00	680.00	684.00	680.00	682.00	678.00	673.00	674.00	678.00	677.00	677.00	676.00	684.00	688.00	677.00	675.00	671.00	673.00	670.00	668.00	664.00	659.00	676.00	671.00	679.00	684.00	693.00	689.00	686.00	682.00	684.00	690.00	684.00	684.00	687.00	671.00	671.00	673.00	671.00	663.00	661.00	662.00	659.00	661.00	667.00	668.00	667.00	663.00	655.00	665.00	670.00	668.00	671.00	666.00	662.00	663.00	663.00	671.00	681.00	680.00	681.00	683.00	671.00	670.00	666.00	666.00	669.00	671.00	668.00	670.00	671.00	669.00	665.00	663.00	667.00	675.00	678.00	675.00	670.00	670.00	678.00	682.00	681.00	683.00	683.00	679.00	680.00	678.00	678.00	680.00	679.00	680.00	686.00	686.00	682.00	684.00	678.00	677.00	682.00	682.00	684.00	688.00	690.00	690.00	692.00	689.00	691.00	693.00	695.00	692.00	689.00	692.00	689.00	692.00	694.00	691.00	704.00	702.00	701.00	699.00	702.00	705.00	698.00	693.00	698.00	706.00	698.00	690.00	693.00	692.00	696.00	697.00	699.00	697.00	696.00	695.00	697.00	699.00	688.00	694.00	700.00	694.00	695.00	684.00	685.00	687.00
620.00	620.00	620.00	622.00	625.00	626.00	631.00	628.00	633.00	634.00	634.00	646.00	638.00	641.00	647.00	659.00	653.00	650.00	652.00	662.00	647.00	646.00	649.00	648.00	653.00	660.00	664.00	682.00	680.00	685.00	680.00	679.00	675.00	678.00	677.00	679.00	671.00	678.00	681.00	670.00	668.00	677.00	676.00	686.00	701.00	714.00	709.00	703.00	700.00	691.00	699.00	707.00	710.00	697.00	690.00	686.00	691.00	684.00	681.00	673.00	669.00	666.00	663.00	659.00	659.00	656.00	666.00	672.00	685.00	671.00	657.00	659.00	663.00	665.00	665.00	666.00	662.00	657.00	654.00	652.00	655.00	661.00	663.00	669.00	664.00	670.00	680.00	665.00	664.00	667.00	664.00	656.00	659.00	659.00	655.00	649.00	647.00	646.00	649.00	652.00	651.00	649.00	654.00	649.00	648.00	652.00	653.00	655.00	662.00	669.00	663.00	673.00	680.00	682.00	675.00	673.00	675.00	679.00	684.00	677.00	673.00	672.00	674.00	678.00	675.00	671.00	676.00	679.00	675.00	670.00	661.00	659.00	682.00	674.00	675.00	681.00	689.00	682.00	679.00	676.00	679.00	682.00	683.00	674.00	681.00	669.00	669.00	669.00	669.00	661.00	658.00	657.00	655.00	656.00	666.00	666.00	665.00	658.00	655.00	666.00	671.00	670.00	672.00	676.00	668.00	663.00	666.00	668.00	675.00	674.00	680.00	685.00	674.00	672.00	671.00	673.00	670.00	670.00	670.00	670.00	668.00	671.00	671.00	667.00	674.00	680.00	676.00	674.00	673.00	671.00	670.00	681.00	681.00	682.00	682.00	676.00	676.00	673.00	675.00	679.00	680.00	684.00	687.00	689.00	689.00	687.00	682.00	677.00	681.00	683.00	686.00	689.00	693.00	692.00	690.00	691.00	697.00	695.00	696.00	697.00	692.00	695.00	693.00	694.00	696.00	699.00	705.00	703.00	704.00	700.00	697.00	707.00	703.00	694.00	691.00	702.00	701.00	690.00	692.00	696.00	696.00	700.00	698.00	700.00	701.00	696.00	697.00	696.00	688.00	693.00	689.00	694.00	695.00	680.00	690.00	693.00
626.00	617.00	621.00	626.00	625.00	629.00	629.00	629.00	633.00	635.00	632.00	638.00	641.00	644.00	644.00	647.00	644.00	647.00	647.00	647.00	646.00	644.00	646.00	651.00	656.00	658.00	666.00	685.00	718.00	708.00	705.00	690.00	689.00	705.00	710.00	695.00	684.00	696.00	677.00	677.00	677.00	673.00	678.00	677.00	693.00	703.00	711.00	700.00	699.00	700.00	702.00	707.00	701.00	697.00	694.00	691.00	684.00	684.00	688.00	680.00	673.00	671.00	667.00	659.00	662.00	654.00	671.00	667.00	676.00	665.00	663.00	659.00	663.00	662.00	665.00	672.00	667.00	664.00	658.00	656.00	648.00	655.00	656.00	665.00	662.00	667.00	677.00	671.00	662.00	663.00	662.00	660.00	660.00	659.00	655.00	652.00	648.00	648.00	648.00	648.00	651.00	654.00	651.00	648.00	650.00	654.00	656.00	655.00	658.00	661.00	663.00	665.00	675.00	682.00	669.00	671.00	675.00	683.00	689.00	676.00	669.00	671.00	674.00	678.00	677.00	672.00	678.00	680.00	674.00	668.00	664.00	662.00	677.00	678.00	679.00	683.00	683.00	683.00	681.00	678.00	675.00	676.00	679.00	670.00	664.00	667.00	666.00	665.00	661.00	656.00	654.00	656.00	656.00	655.00	659.00	663.00	664.00	657.00	654.00	664.00	673.00	675.00	673.00	683.00	674.00	666.00	672.00	668.00	673.00	675.00	676.00	683.00	678.00	676.00	675.00	678.00	672.00	673.00	672.00	671.00	669.00	672.00	675.00	672.00	675.00	684.00	676.00	673.00	674.00	675.00	673.00	679.00	679.00	680.00	681.00	678.00	675.00	675.00	678.00	678.00	679.00	683.00	688.00	690.00	689.00	689.00	686.00	679.00	681.00	681.00	680.00	687.00	689.00	691.00	692.00	697.00	697.00	698.00	698.00	698.00	699.00	699.00	697.00	692.00	692.00	699.00	704.00	709.00	710.00	705.00	701.00	704.00	701.00	698.00	690.00	698.00	700.00	700.00	696.00	695.00	699.00	697.00	693.00	699.00	700.00	691.00	694.00	694.00	694.00	690.00	687.00	690.00	692.00	686.00	690.00	693.00
629.00	617.00	618.00	621.00	628.00	634.00	637.00	637.00	637.00	636.00	639.00	641.00	646.00	644.00	646.00	639.00	641.00	646.00	655.00	650.00	641.00	644.00	646.00	648.00	653.00	658.00	667.00	674.00	721.00	713.00	708.00	706.00	708.00	719.00	721.00	714.00	697.00	700.00	688.00	681.00	682.00	680.00	678.00	675.00	677.00	687.00	695.00	701.00	702.00	702.00	699.00	699.00	697.00	698.00	700.00	697.00	683.00	685.00	683.00	686.00	678.00	667.00	667.00	659.00	659.00	652.00	672.00	665.00	670.00	666.00	667.00	666.00	659.00	667.00	670.00	672.00	672.00	672.00	663.00	656.00	648.00	654.00	658.00	665.00	664.00	661.00	675.00	669.00	656.00	657.00	660.00	658.00	655.00	653.00	651.00	650.00	649.00	648.00	645.00	650.00	645.00	654.00	651.00	652.00	657.00	660.00	658.00	657.00	664.00	668.00	659.00	664.00	669.00	671.00	670.00	679.00	683.00	681.00	679.00	669.00	668.00	667.00	676.00	690.00	684.00	674.00	675.00	674.00	670.00	666.00	663.00	663.00	667.00	679.00	683.00	684.00	687.00	682.00	683.00	680.00	673.00	677.00	678.00	672.00	659.00	659.00	662.00	663.00	658.00	652.00	657.00	660.00	655.00	654.00	656.00	658.00	658.00	656.00	660.00	665.00	677.00	681.00	680.00	682.00	675.00	669.00	674.00	674.00	672.00	675.00	678.00	682.00	676.00	679.00	680.00	675.00	673.00	673.00	675.00	675.00	675.00	672.00	672.00	673.00	681.00	684.00	675.00	677.00	679.00	677.00	672.00	675.00	683.00	680.00	681.00	681.00	677.00	678.00	680.00	686.00	685.00	684.00	683.00	686.00	692.00	694.00	687.00	683.00	683.00	683.00	683.00	682.00	686.00	688.00	695.00	696.00	691.00	700.00	696.00	697.00	702.00	702.00	700.00	694.00	694.00	695.00	707.00	711.00	709.00	703.00	696.00	702.00	703.00	700.00	695.00	689.00	695.00	696.00	695.00	694.00	696.00	694.00	687.00	687.00	699.00	698.00	694.00	691.00	693.00	689.00	684.00	684.00	684.00	691.00	692.00	694.00
617.00	618.00	619.00	621.00	628.00	631.00	631.00	633.00	643.00	652.00	650.00	643.00	644.00	646.00	643.00	643.00	645.00	651.00	656.00	652.00	650.00	655.00	659.00	660.00	660.00	658.00	668.00	673.00	677.00	680.00	684.00	686.00	693.00	721.00	715.00	718.00	702.00	688.00	703.00	694.00	693.00	693.00	701.00	692.00	684.00	677.00	679.00	693.00	700.00	703.00	704.00	708.00	708.00	709.00	701.00	696.00	694.00	692.00	693.00	683.00	679.00	671.00	666.00	667.00	666.00	665.00	668.00	666.00	663.00	669.00	669.00	667.00	664.00	661.00	665.00	676.00	681.00	675.00	666.00	658.00	648.00	647.00	652.00	659.00	661.00	658.00	663.00	656.00	655.00	658.00	653.00	652.00	646.00	643.00	642.00	644.00	645.00	643.00	647.00	646.00	646.00	654.00	654.00	655.00	663.00	665.00	665.00	664.00	665.00	669.00	664.00	667.00	667.00	672.00	679.00	678.00	670.00	668.00	667.00	663.00	668.00	668.00	682.00	693.00	690.00	679.00	670.00	666.00	664.00	663.00	661.00	663.00	665.00	670.00	672.00	675.00	685.00	685.00	688.00	682.00	674.00	688.00	683.00	665.00	657.00	656.00	658.00	660.00	655.00	653.00	657.00	660.00	661.00	663.00	659.00	658.00	657.00	659.00	662.00	668.00	668.00	676.00	680.00	681.00	679.00	674.00	677.00	674.00	674.00	673.00	677.00	686.00	680.00	677.00	681.00	678.00	674.00	674.00	676.00	678.00	680.00	677.00	674.00	675.00	676.00	681.00	684.00	687.00	682.00	680.00	675.00	672.00	673.00	676.00	681.00	677.00	676.00	688.00	683.00	688.00	685.00	688.00	686.00	677.00	684.00	688.00	694.00	690.00	689.00	691.00	684.00	684.00	686.00	688.00	686.00	686.00	691.00	693.00	690.00	691.00	696.00	695.00	698.00	698.00	700.00	703.00	703.00	703.00	698.00	693.00	689.00	699.00	699.00	696.00	694.00	688.00	686.00	694.00	693.00	694.00	700.00	703.00	700.00	696.00	698.00	700.00	694.00	691.00	682.00	686.00	689.00	685.00	693.00	705.00	697.00	695.00
617.00	616.00	617.00	622.00	626.00	622.00	631.00	636.00	648.00	659.00	659.00	647.00	646.00	653.00	652.00	644.00	648.00	654.00	662.00	661.00	647.00	653.00	658.00	660.00	661.00	658.00	661.00	670.00	687.00	683.00	683.00	684.00	688.00	708.00	718.00	722.00	714.00	696.00	704.00	698.00	696.00	694.00	698.00	693.00	688.00	686.00	679.00	686.00	703.00	706.00	707.00	713.00	704.00	697.00	696.00	693.00	699.00	693.00	684.00	681.00	677.00	675.00	668.00	666.00	663.00	668.00	665.00	669.00	669.00	669.00	671.00	668.00	656.00	653.00	660.00	667.00	673.00	673.00	659.00	654.00	646.00	645.00	647.00	655.00	652.00	656.00	655.00	650.00	653.00	657.00	656.00	646.00	646.00	640.00	640.00	639.00	645.00	642.00	646.00	647.00	647.00	656.00	651.00	655.00	663.00	670.00	671.00	665.00	664.00	664.00	666.00	668.00	673.00	680.00	689.00	676.00	667.00	666.00	663.00	662.00	667.00	674.00	678.00	686.00	683.00	674.00	671.00	666.00	666.00	661.00	659.00	660.00	672.00	678.00	678.00	682.00	681.00	678.00	684.00	679.00	675.00	687.00	680.00	664.00	656.00	657.00	656.00	659.00	655.00	654.00	658.00	661.00	665.00	668.00	668.00	663.00	663.00	662.00	665.00	672.00	669.00	672.00	678.00	679.00	678.00	674.00	680.00	676.00	673.00	674.00	675.00	683.00	679.00	681.00	682.00	681.00	677.00	675.00	674.00	678.00	681.00	679.00	678.00	679.00	676.00	687.00	684.00	683.00	682.00	681.00	677.00	673.00	674.00	675.00	679.00	686.00	683.00	685.00	688.00	688.00	687.00	685.00	681.00	683.00	684.00	686.00	694.00	696.00	694.00	694.00	686.00	683.00	688.00	687.00	685.00	686.00	689.00	694.00	691.00	692.00	697.00	695.00	693.00	696.00	702.00	706.00	701.00	703.00	700.00	698.00	689.00	692.00	695.00	695.00	695.00	689.00	688.00	693.00	692.00	691.00	703.00	701.00	697.00	694.00	703.00	701.00	698.00	693.00	688.00	684.00	687.00	691.00	700.00	703.00	698.00	696.00
619.00	620.00	619.00	620.00	621.00	623.00	630.00	638.00	650.00	662.00	663.00	645.00	649.00	655.00	651.00	645.00	655.00	654.00	668.00	668.00	653.00	648.00	651.00	654.00	656.00	659.00	667.00	674.00	700.00	699.00	696.00	691.00	687.00	692.00	705.00	719.00	714.00	699.00	704.00	706.00	703.00	702.00	698.00	693.00	693.00	686.00	685.00	688.00	700.00	702.00	705.00	716.00	707.00	697.00	699.00	705.00	694.00	692.00	688.00	684.00	682.00	682.00	673.00	667.00	670.00	663.00	669.00	669.00	663.00	664.00	667.00	668.00	661.00	661.00	652.00	656.00	661.00	661.00	653.00	647.00	648.00	645.00	646.00	650.00	648.00	655.00	648.00	654.00	652.00	656.00	652.00	649.00	642.00	645.00	647.00	644.00	644.00	648.00	646.00	648.00	647.00	656.00	653.00	656.00	660.00	676.00	680.00	673.00	673.00	670.00	670.00	675.00	675.00	676.00	678.00	667.00	667.00	669.00	663.00	665.00	673.00	684.00	675.00	676.00	674.00	669.00	669.00	664.00	660.00	662.00	660.00	658.00	669.00	673.00	681.00	681.00	682.00	679.00	676.00	672.00	671.00	683.00	677.00	664.00	657.00	657.00	657.00	653.00	654.00	658.00	673.00	677.00	675.00	674.00	673.00	671.00	666.00	664.00	668.00	674.00	675.00	676.00	677.00	678.00	676.00	674.00	678.00	679.00	673.00	678.00	673.00	679.00	680.00	680.00	687.00	680.00	677.00	678.00	676.00	678.00	683.00	679.00	674.00	679.00	679.00	686.00	683.00	681.00	680.00	674.00	678.00	679.00	676.00	674.00	677.00	687.00	685.00	686.00	689.00	691.00	692.00	687.00	681.00	688.00	687.00	685.00	688.00	695.00	702.00	701.00	689.00	687.00	690.00	688.00	685.00	686.00	687.00	688.00	691.00	688.00	691.00	689.00	696.00	700.00	706.00	704.00	697.00	699.00	699.00	697.00	688.00	691.00	694.00	688.00	696.00	695.00	693.00	690.00	688.00	691.00	697.00	697.00	699.00	700.00	698.00	703.00	699.00	693.00	685.00	687.00	688.00	692.00	695.00	698.00	696.00	695.00
625.00	629.00	624.00	618.00	622.00	622.00	623.00	628.00	640.00	656.00	662.00	641.00	653.00	657.00	657.00	647.00	653.00	651.00	663.00	666.00	656.00	650.00	651.00	652.00	651.00	653.00	664.00	671.00	704.00	717.00	697.00	716.00	702.00	686.00	692.00	697.00	702.00	701.00	700.00	710.00	703.00	697.00	697.00	698.00	693.00	694.00	690.00	695.00	702.00	708.00	713.00	705.00	706.00	698.00	710.00	708.00	695.00	689.00	692.00	685.00	690.00	689.00	676.00	674.00	667.00	666.00	663.00	671.00	666.00	662.00	670.00	668.00	661.00	660.00	651.00	645.00	647.00	649.00	644.00	645.00	645.00	645.00	645.00	651.00	651.00	655.00	656.00	644.00	650.00	643.00	643.00	648.00	643.00	642.00	644.00	648.00	641.00	644.00	648.00	647.00	645.00	653.00	654.00	658.00	655.00	674.00	676.00	677.00	679.00	678.00	678.00	675.00	666.00	662.00	666.00	666.00	668.00	671.00	662.00	668.00	678.00	687.00	675.00	669.00	669.00	668.00	667.00	670.00	664.00	661.00	660.00	657.00	669.00	674.00	682.00	677.00	682.00	681.00	677.00	671.00	670.00	674.00	669.00	662.00	655.00	655.00	657.00	658.00	663.00	666.00	680.00	683.00	678.00	675.00	674.00	676.00	669.00	669.00	669.00	667.00	675.00	676.00	681.00	679.00	675.00	674.00	681.00	679.00	675.00	677.00	676.00	675.00	682.00	685.00	687.00	684.00	680.00	673.00	679.00	682.00	686.00	679.00	676.00	678.00	682.00	687.00	685.00	686.00	678.00	679.00	679.00	678.00	675.00	679.00	678.00	683.00	683.00	683.00	686.00	692.00	691.00	687.00	682.00	682.00	691.00	691.00	686.00	688.00	695.00	694.00	693.00	693.00	694.00	690.00	686.00	686.00	688.00	689.00	690.00	692.00	691.00	689.00	701.00	704.00	705.00	705.00	703.00	701.00	698.00	697.00	692.00	689.00	693.00	686.00	690.00	697.00	696.00	693.00	693.00	693.00	703.00	701.00	698.00	699.00	695.00	692.00	693.00	690.00	678.00	692.00	694.00	695.00	693.00	693.00	693.00	696.00
633.00	632.00	624.00	627.00	620.00	618.00	616.00	617.00	618.00	619.00	619.00	642.00	646.00	657.00	663.00	662.00	656.00	658.00	650.00	653.00	661.00	652.00	641.00	648.00	650.00	657.00	664.00	669.00	688.00	726.00	728.00	725.00	720.00	715.00	706.00	708.00	713.00	710.00	708.00	711.00	702.00	696.00	697.00	703.00	704.00	704.00	694.00	693.00	704.00	712.00	715.00	712.00	711.00	707.00	703.00	700.00	696.00	699.00	693.00	695.00	693.00	685.00	680.00	679.00	676.00	669.00	666.00	658.00	662.00	659.00	663.00	665.00	664.00	651.00	647.00	647.00	645.00	640.00	642.00	642.00	646.00	645.00	644.00	648.00	648.00	645.00	645.00	642.00	643.00	646.00	644.00	642.00	657.00	658.00	652.00	646.00	645.00	647.00	646.00	642.00	646.00	655.00	659.00	660.00	657.00	664.00	672.00	674.00	671.00	663.00	663.00	668.00	674.00	668.00	656.00	661.00	664.00	665.00	672.00	671.00	673.00	671.00	669.00	673.00	671.00	671.00	670.00	667.00	666.00	662.00	661.00	657.00	661.00	666.00	670.00	672.00	672.00	673.00	670.00	666.00	665.00	667.00	667.00	654.00	654.00	664.00	672.00	670.00	668.00	663.00	669.00	674.00	675.00	676.00	675.00	682.00	677.00	673.00	672.00	673.00	671.00	677.00	685.00	679.00	679.00	680.00	687.00	688.00	678.00	677.00	676.00	677.00	683.00	684.00	681.00	681.00	678.00	680.00	688.00	688.00	682.00	676.00	681.00	683.00	684.00	682.00	688.00	686.00	685.00	685.00	680.00	680.00	679.00	677.00	678.00	678.00	681.00	683.00	683.00	692.00	692.00	692.00	686.00	685.00	692.00	697.00	693.00	694.00	694.00	696.00	687.00	690.00	694.00	689.00	689.00	692.00	695.00	694.00	695.00	697.00	702.00	704.00	698.00	695.00	691.00	703.00	702.00	696.00	694.00	691.00	693.00	685.00	685.00	687.00	688.00	699.00	696.00	693.00	693.00	690.00	695.00	701.00	701.00	694.00	694.00	693.00	691.00	687.00	687.00	689.00	690.00	691.00	693.00	694.00	694.00	700.00
639.00	640.00	626.00	623.00	620.00	620.00	620.00	618.00	619.00	621.00	616.00	637.00	649.00	650.00	664.00	663.00	659.00	656.00	653.00	652.00	661.00	649.00	650.00	644.00	653.00	657.00	660.00	668.00	684.00	716.00	723.00	722.00	722.00	712.00	715.00	721.00	726.00	724.00	709.00	701.00	699.00	692.00	704.00	710.00	711.00	705.00	702.00	707.00	710.00	709.00	706.00	715.00	715.00	705.00	699.00	700.00	699.00	697.00	698.00	695.00	689.00	684.00	686.00	690.00	683.00	669.00	666.00	668.00	664.00	663.00	662.00	664.00	662.00	657.00	656.00	658.00	645.00	639.00	646.00	656.00	645.00	643.00	642.00	645.00	651.00	646.00	643.00	642.00	643.00	647.00	645.00	642.00	667.00	667.00	664.00	649.00	643.00	647.00	664.00	648.00	642.00	666.00	667.00	660.00	656.00	666.00	672.00	669.00	664.00	658.00	659.00	671.00	669.00	665.00	660.00	665.00	671.00	674.00	681.00	672.00	664.00	663.00	664.00	670.00	666.00	670.00	675.00	676.00	671.00	663.00	659.00	657.00	661.00	662.00	667.00	671.00	666.00	666.00	665.00	664.00	666.00	664.00	664.00	655.00	653.00	667.00	678.00	675.00	669.00	668.00	665.00	669.00	672.00	679.00	672.00	679.00	680.00	676.00	674.00	678.00	674.00	678.00	685.00	684.00	680.00	684.00	687.00	684.00	674.00	678.00	678.00	680.00	681.00	686.00	679.00	678.00	684.00	685.00	689.00	685.00	685.00	676.00	679.00	683.00	684.00	687.00	689.00	687.00	689.00	685.00	682.00	680.00	680.00	679.00	686.00	685.00	682.00	679.00	690.00	687.00	684.00	686.00	686.00	686.00	685.00	689.00	691.00	692.00	693.00	696.00	694.00	693.00	692.00	692.00	695.00	695.00	698.00	696.00	695.00	698.00	700.00	699.00	692.00	697.00	700.00	702.00	702.00	696.00	697.00	689.00	689.00	690.00	686.00	686.00	685.00	695.00	692.00	697.00	687.00	688.00	692.00	697.00	694.00	691.00	693.00	690.00	681.00	683.00	688.00	689.00	694.00	691.00	696.00	695.00	697.00	701.00
640.00	641.00	627.00	624.00	627.00	622.00	629.00	619.00	619.00	617.00	618.00	627.00	643.00	649.00	657.00	649.00	656.00	655.00	657.00	662.00	650.00	649.00	648.00	649.00	646.00	655.00	659.00	674.00	688.00	714.00	730.00	720.00	715.00	713.00	719.00	720.00	725.00	725.00	706.00	697.00	701.00	697.00	709.00	712.00	714.00	711.00	714.00	713.00	717.00	713.00	703.00	711.00	712.00	706.00	701.00	701.00	703.00	702.00	697.00	697.00	689.00	691.00	690.00	694.00	693.00	674.00	669.00	665.00	658.00	659.00	654.00	666.00	659.00	654.00	662.00	666.00	659.00	646.00	658.00	666.00	643.00	644.00	648.00	645.00	644.00	642.00	643.00	642.00	645.00	647.00	641.00	656.00	669.00	663.00	659.00	663.00	657.00	659.00	660.00	658.00	646.00	663.00	664.00	659.00	655.00	665.00	667.00	660.00	659.00	660.00	665.00	669.00	669.00	668.00	661.00	667.00	670.00	675.00	684.00	669.00	660.00	656.00	659.00	671.00	668.00	667.00	671.00	677.00	670.00	664.00	662.00	660.00	656.00	657.00	660.00	660.00	659.00	660.00	659.00	660.00	662.00	659.00	657.00	655.00	654.00	663.00	674.00	675.00	672.00	668.00	665.00	670.00	672.00	677.00	676.00	679.00	682.00	680.00	680.00	679.00	677.00	677.00	685.00	684.00	681.00	687.00	687.00	679.00	677.00	682.00	679.00	680.00	683.00	682.00	679.00	682.00	680.00	678.00	681.00	682.00	685.00	682.00	678.00	679.00	684.00	689.00	687.00	688.00	686.00	684.00	684.00	682.00	681.00	681.00	679.00	682.00	691.00	687.00	683.00	683.00	682.00	685.00	687.00	684.00	681.00	683.00	687.00	689.00	693.00	696.00	698.00	699.00	698.00	694.00	696.00	697.00	695.00	691.00	697.00	703.00	702.00	697.00	701.00	697.00	697.00	701.00	700.00	697.00	691.00	688.00	685.00	690.00	689.00	688.00	687.00	688.00	691.00	690.00	689.00	686.00	691.00	692.00	690.00	690.00	689.00	693.00	682.00	680.00	689.00	693.00	696.00	697.00	698.00	698.00	698.00	704.00
643.00	637.00	629.00	632.00	634.00	629.00	623.00	621.00	621.00	620.00	622.00	625.00	630.00	627.00	629.00	640.00	642.00	666.00	666.00	662.00	642.00	642.00	659.00	661.00	654.00	661.00	666.00	662.00	681.00	692.00	708.00	727.00	708.00	713.00	709.00	702.00	718.00	693.00	697.00	696.00	691.00	697.00	698.00	704.00	712.00	712.00	716.00	716.00	708.00	701.00	702.00	716.00	720.00	715.00	704.00	710.00	707.00	703.00	704.00	694.00	686.00	689.00	692.00	693.00	696.00	682.00	672.00	668.00	669.00	653.00	660.00	665.00	657.00	656.00	663.00	665.00	651.00	643.00	649.00	651.00	669.00	653.00	641.00	643.00	643.00	642.00	644.00	644.00	645.00	641.00	645.00	652.00	663.00	664.00	669.00	654.00	656.00	663.00	645.00	645.00	659.00	645.00	659.00	662.00	652.00	653.00	654.00	652.00	655.00	654.00	651.00	652.00	657.00	661.00	657.00	663.00	667.00	664.00	673.00	668.00	668.00	662.00	657.00	673.00	667.00	667.00	664.00	664.00	663.00	664.00	660.00	651.00	654.00	652.00	654.00	651.00	654.00	653.00	653.00	653.00	657.00	656.00	655.00	659.00	668.00	669.00	667.00	670.00	671.00	674.00	668.00	666.00	669.00	672.00	674.00	677.00	683.00	687.00	690.00	683.00	680.00	685.00	691.00	684.00	689.00	689.00	680.00	682.00	684.00	691.00	684.00	686.00	681.00	681.00	680.00	684.00	690.00	683.00	685.00	682.00	685.00	682.00	684.00	685.00	684.00	692.00	687.00	686.00	685.00	682.00	685.00	685.00	690.00	688.00	694.00	688.00	687.00	692.00	689.00	684.00	693.00	694.00	679.00	680.00	687.00	687.00	689.00	695.00	701.00	694.00	699.00	700.00	702.00	705.00	704.00	699.00	694.00	703.00	710.00	710.00	705.00	706.00	707.00	703.00	698.00	694.00	691.00	689.00	696.00	689.00	692.00	689.00	685.00	686.00	684.00	684.00	688.00	696.00	696.00	689.00	684.00	687.00	691.00	688.00	688.00	689.00	689.00	690.00	692.00	693.00	696.00	697.00	700.00	704.00	700.00	709.00
648.00	640.00	629.00	633.00	634.00	631.00	625.00	618.00	617.00	620.00	620.00	621.00	622.00	624.00	625.00	647.00	650.00	665.00	652.00	648.00	636.00	642.00	644.00	644.00	648.00	659.00	661.00	658.00	673.00	676.00	678.00	685.00	689.00	681.00	681.00	685.00	690.00	698.00	732.00	733.00	708.00	699.00	699.00	696.00	699.00	697.00	700.00	700.00	701.00	700.00	706.00	712.00	721.00	723.00	719.00	722.00	709.00	712.00	705.00	695.00	696.00	698.00	694.00	687.00	682.00	689.00	679.00	671.00	670.00	662.00	669.00	658.00	658.00	655.00	657.00	655.00	652.00	649.00	647.00	654.00	650.00	652.00	660.00	657.00	656.00	656.00	653.00	655.00	654.00	655.00	656.00	659.00	668.00	688.00	684.00	675.00	667.00	667.00	662.00	654.00	668.00	644.00	649.00	648.00	651.00	657.00	657.00	664.00	665.00	659.00	648.00	653.00	655.00	658.00	658.00	665.00	671.00	667.00	657.00	664.00	664.00	660.00	657.00	678.00	675.00	668.00	662.00	665.00	660.00	659.00	658.00	653.00	652.00	651.00	653.00	655.00	656.00	653.00	654.00	655.00	656.00	659.00	660.00	666.00	667.00	672.00	671.00	671.00	676.00	676.00	670.00	668.00	667.00	667.00	675.00	675.00	679.00	685.00	685.00	690.00	691.00	690.00	688.00	689.00	687.00	694.00	692.00	687.00	693.00	696.00	692.00	689.00	683.00	684.00	689.00	688.00	687.00	687.00	688.00	682.00	686.00	684.00	687.00	689.00	692.00	691.00	689.00	684.00	681.00	684.00	689.00	695.00	696.00	696.00	693.00	686.00	686.00	689.00	692.00	695.00	698.00	695.00	683.00	683.00	684.00	687.00	699.00	701.00	704.00	703.00	697.00	697.00	700.00	708.00	709.00	701.00	699.00	711.00	705.00	701.00	701.00	704.00	698.00	699.00	692.00	694.00	692.00	693.00	692.00	695.00	696.00	695.00	689.00	684.00	685.00	688.00	687.00	688.00	690.00	688.00	687.00	683.00	687.00	685.00	685.00	683.00	690.00	686.00	691.00	695.00	698.00	695.00	702.00	712.00	709.00	707.00
648.00	640.00	629.00	633.00	634.00	631.00	625.00	618.00	617.00	620.00	620.00	621.00	622.00	624.00	625.00	647.00	650.00	665.00	652.00	648.00	636.00	642.00	644.00	644.00	648.00	659.00	661.00	658.00	673.00	676.00	678.00	685.00	689.00	681.00	681.00	685.00	690.00	698.00	732.00	733.00	708.00	699.00	699.00	696.00	699.00	697.00	700.00	700.00	701.00	700.00	706.00	712.00	721.00	723.00	719.00	722.00	709.00	712.00	705.00	695.00	696.00	698.00	694.00	687.00	682.00	689.00	679.00	671.00	670.00	662.00	669.00	658.00	658.00	655.00	657.00	655.00	652.00	649.00	647.00	654.00	650.00	652.00	660.00	657.00	656.00	656.00	653.00	655.00	654.00	655.00	656.00	659.00	668.00	688.00	684.00	675.00	667.00	667.00	662.00	654.00	668.00	644.00	649.00	648.00	651.00	657.00	657.00	664.00	665.00	659.00	648.00	653.00	655.00	658.00	658.00	665.00	671.00	667.00	657.00	664.00	664.00	660.00	657.00	678.00	675.00	668.00	662.00	665.00	660.00	659.00	658.00	653.00	652.00	651.00	653.00	655.00	656.00	653.00	654.00	655.00	656.00	659.00	660.00	666.00	667.00	672.00	671.00	671.00	676.00	676.00	670.00	668.00	667.00	667.00	675.00	675.00	679.00	685.00	685.00	690.00	691.00	690.00	688.00	689.00	687.00	694.00	692.00	687.00	693.00	696.00	692.00	689.00	683.00	684.00	689.00	688.00	687.00	687.00	688.00	682.00	686.00	684.00	687.00	689.00	692.00	691.00	689.00	684.00	681.00	684.00	689.00	695.00	696.00	696.00	693.00	686.00	686.00	689.00	692.00	695.00	698.00	695.00	683.00	683.00	684.00	687.00	699.00	701.00	704.00	703.00	697.00	697.00	700.00	708.00	709.00	701.00	699.00	711.00	705.00	701.00	701.00	704.00	698.00	699.00	692.00	694.00	692.00	693.00	692.00	695.00	696.00	695.00	689.00	684.00	685.00	688.00	687.00	688.00	690.00	688.00	687.00	683.00	687.00	685.00	685.00	683.00	690.00	686.00	691.00	695.00	698.00	695.00	702.00	712.00	709.00	707.00
646.00	640.00	631.00	634.00	635.00	636.00	633.00	623.00	619.00	620.00	627.00	621.00	624.00	625.00	627.00	644.00	660.00	648.00	652.00	652.00	638.00	644.00	644.00	644.00	651.00	651.00	653.00	657.00	680.00	673.00	684.00	676.00	677.00	686.00	686.00	699.00	711.00	704.00	728.00	726.00	710.00	700.00	695.00	694.00	692.00	695.00	695.00	701.00	698.00	706.00	711.00	713.00	716.00	714.00	722.00	727.00	714.00	707.00	700.00	697.00	697.00	696.00	697.00	689.00	686.00	680.00	679.00	675.00	674.00	667.00	670.00	663.00	664.00	663.00	660.00	652.00	651.00	654.00	641.00	642.00	644.00	649.00	654.00	657.00	656.00	657.00	656.00	660.00	657.00	658.00	658.00	660.00	676.00	686.00	679.00	674.00	669.00	667.00	666.00	667.00	668.00	649.00	646.00	646.00	649.00	657.00	661.00	662.00	663.00	661.00	651.00	651.00	650.00	651.00	659.00	663.00	670.00	668.00	657.00	665.00	666.00	658.00	654.00	679.00	679.00	669.00	661.00	659.00	659.00	658.00	650.00	652.00	651.00	651.00	651.00	656.00	656.00	655.00	654.00	654.00	656.00	663.00	665.00	667.00	669.00	674.00	674.00	679.00	676.00	673.00	668.00	669.00	672.00	673.00	675.00	675.00	681.00	684.00	685.00	690.00	691.00	688.00	689.00	691.00	690.00	700.00	691.00	688.00	695.00	695.00	693.00	694.00	685.00	682.00	688.00	691.00	694.00	691.00	688.00	683.00	687.00	689.00	686.00	692.00	692.00	690.00	684.00	685.00	686.00	685.00	689.00	699.00	697.00	692.00	689.00	689.00	685.00	688.00	690.00	688.00	693.00	686.00	683.00	686.00	685.00	687.00	700.00	701.00	703.00	703.00	703.00	702.00	696.00	712.00	710.00	706.00	702.00	707.00	698.00	701.00	702.00	701.00	699.00	699.00	695.00	697.00	692.00	688.00	688.00	692.00	697.00	699.00	695.00	688.00	688.00	684.00	684.00	685.00	689.00	686.00	683.00	685.00	685.00	683.00	683.00	682.00	683.00	685.00	696.00	695.00	702.00	699.00	705.00	711.00	704.00	701.00
643.00	642.00	635.00	637.00	639.00	635.00	636.00	622.00	619.00	623.00	622.00	622.00	625.00	625.00	631.00	628.00	645.00	646.00	660.00	650.00	639.00	657.00	647.00	645.00	649.00	654.00	657.00	657.00	673.00	678.00	693.00	681.00	679.00	709.00	705.00	704.00	696.00	688.00	707.00	703.00	703.00	700.00	692.00	694.00	693.00	687.00	690.00	694.00	704.00	710.00	713.00	708.00	710.00	710.00	716.00	728.00	720.00	713.00	705.00	703.00	699.00	693.00	692.00	690.00	686.00	684.00	686.00	684.00	675.00	672.00	668.00	672.00	674.00	673.00	661.00	656.00	657.00	652.00	646.00	642.00	644.00	647.00	652.00	661.00	664.00	669.00	666.00	658.00	658.00	665.00	665.00	658.00	666.00	672.00	664.00	670.00	668.00	668.00	669.00	666.00	669.00	655.00	652.00	648.00	646.00	647.00	646.00	651.00	648.00	655.00	661.00	649.00	650.00	653.00	660.00	664.00	665.00	657.00	653.00	654.00	655.00	652.00	654.00	663.00	667.00	662.00	658.00	658.00	658.00	656.00	653.00	651.00	653.00	655.00	659.00	660.00	660.00	656.00	658.00	658.00	657.00	668.00	668.00	672.00	671.00	675.00	679.00	677.00	678.00	676.00	674.00	676.00	676.00	676.00	673.00	675.00	678.00	679.00	679.00	687.00	689.00	687.00	686.00	700.00	695.00	699.00	692.00	683.00	696.00	699.00	695.00	698.00	687.00	685.00	690.00	693.00	698.00	692.00	688.00	687.00	687.00	691.00	690.00	692.00	693.00	693.00	681.00	688.00	684.00	689.00	692.00	695.00	697.00	691.00	688.00	689.00	688.00	689.00	688.00	684.00	686.00	685.00	684.00	690.00	687.00	687.00	698.00	699.00	697.00	696.00	704.00	709.00	706.00	705.00	705.00	706.00	711.00	700.00	702.00	702.00	705.00	704.00	698.00	699.00	697.00	698.00	691.00	693.00	691.00	687.00	693.00	705.00	702.00	694.00	687.00	681.00	683.00	689.00	691.00	689.00	683.00	684.00	687.00	682.00	680.00	680.00	688.00	689.00	698.00	696.00	699.00	703.00	705.00	705.00	704.00	701.00
646.00	650.00	643.00	642.00	639.00	640.00	635.00	633.00	635.00	627.00	624.00	621.00	627.00	620.00	628.00	627.00	626.00	632.00	635.00	636.00	642.00	652.00	645.00	650.00	652.00	650.00	658.00	661.00	664.00	681.00	681.00	677.00	681.00	687.00	689.00	686.00	679.00	667.00	671.00	675.00	681.00	679.00	693.00	702.00	699.00	704.00	691.00	693.00	709.00	715.00	700.00	699.00	702.00	712.00	725.00	717.00	712.00	710.00	707.00	708.00	692.00	692.00	687.00	686.00	688.00	687.00	685.00	682.00	670.00	669.00	678.00	688.00	687.00	680.00	668.00	675.00	678.00	675.00	645.00	645.00	650.00	644.00	659.00	677.00	681.00	673.00	676.00	677.00	678.00	666.00	660.00	666.00	659.00	669.00	665.00	651.00	668.00	671.00	672.00	675.00	670.00	665.00	657.00	646.00	647.00	649.00	651.00	647.00	650.00	649.00	650.00	647.00	649.00	651.00	648.00	649.00	648.00	648.00	648.00	645.00	645.00	646.00	651.00	650.00	648.00	651.00	653.00	653.00	651.00	653.00	651.00	653.00	652.00	655.00	657.00	659.00	662.00	663.00	665.00	667.00	668.00	671.00	672.00	674.00	674.00	673.00	671.00	673.00	674.00	676.00	680.00	685.00	681.00	679.00	680.00	679.00	681.00	682.00	685.00	691.00	691.00	692.00	690.00	700.00	699.00	691.00	691.00	688.00	691.00	695.00	703.00	700.00	690.00	695.00	703.00	703.00	698.00	696.00	693.00	694.00	694.00	697.00	701.00	700.00	697.00	691.00	690.00	688.00	692.00	690.00	691.00	694.00	696.00	692.00	692.00	688.00	690.00	689.00	685.00	689.00	686.00	696.00	693.00	692.00	696.00	695.00	688.00	692.00	701.00	705.00	708.00	707.00	717.00	703.00	702.00	702.00	695.00	692.00	699.00	701.00	700.00	703.00	701.00	696.00	695.00	694.00	694.00	695.00	695.00	690.00	685.00	695.00	698.00	691.00	686.00	680.00	681.00	686.00	688.00	687.00	685.00	687.00	687.00	686.00	697.00	694.00	690.00	690.00	699.00	704.00	703.00	701.00	703.00	709.00	707.00	707.00
647.00	650.00	647.00	645.00	639.00	636.00	631.00	636.00	639.00	636.00	627.00	623.00	628.00	621.00	625.00	629.00	622.00	631.00	637.00	632.00	638.00	645.00	641.00	645.00	654.00	649.00	655.00	659.00	665.00	668.00	672.00	674.00	683.00	691.00	682.00	675.00	674.00	677.00	678.00	678.00	682.00	684.00	683.00	686.00	682.00	685.00	688.00	687.00	698.00	704.00	702.00	701.00	711.00	716.00	719.00	713.00	714.00	711.00	714.00	708.00	699.00	696.00	693.00	688.00	694.00	685.00	682.00	677.00	677.00	675.00	681.00	690.00	689.00	679.00	669.00	678.00	684.00	683.00	645.00	644.00	650.00	649.00	645.00	681.00	679.00	682.00	686.00	684.00	664.00	669.00	666.00	668.00	658.00	664.00	671.00	655.00	664.00	664.00	667.00	671.00	667.00	669.00	663.00	653.00	645.00	646.00	646.00	647.00	654.00	652.00	646.00	648.00	651.00	651.00	650.00	647.00	647.00	649.00	651.00	652.00	649.00	652.00	650.00	650.00	650.00	650.00	652.00	655.00	657.00	651.00	653.00	652.00	654.00	654.00	657.00	654.00	663.00	663.00	663.00	665.00	666.00	668.00	669.00	672.00	671.00	668.00	670.00	673.00	670.00	674.00	680.00	683.00	682.00	681.00	682.00	684.00	683.00	686.00	688.00	687.00	686.00	690.00	693.00	694.00	690.00	689.00	686.00	696.00	697.00	700.00	704.00	700.00	694.00	700.00	710.00	707.00	706.00	698.00	699.00	695.00	695.00	702.00	706.00	701.00	698.00	693.00	694.00	695.00	693.00	690.00	697.00	694.00	697.00	696.00	696.00	694.00	688.00	688.00	694.00	697.00	694.00	700.00	698.00	695.00	698.00	699.00	690.00	694.00	696.00	697.00	697.00	705.00	715.00	709.00	708.00	711.00	699.00	692.00	693.00	696.00	695.00	697.00	701.00	701.00	697.00	694.00	693.00	697.00	697.00	690.00	684.00	687.00	689.00	684.00	683.00	681.00	680.00	683.00	682.00	681.00	683.00	682.00	686.00	694.00	701.00	694.00	691.00	695.00	696.00	702.00	704.00	704.00	700.00	711.00	714.00	710.00
646.00	650.00	645.00	641.00	636.00	632.00	633.00	634.00	636.00	632.00	633.00	623.00	628.00	629.00	628.00	628.00	630.00	642.00	644.00	650.00	638.00	641.00	645.00	644.00	655.00	650.00	648.00	651.00	662.00	672.00	669.00	673.00	692.00	708.00	687.00	669.00	673.00	688.00	683.00	685.00	684.00	681.00	683.00	687.00	685.00	687.00	686.00	687.00	695.00	707.00	710.00	706.00	710.00	710.00	716.00	712.00	710.00	704.00	709.00	705.00	696.00	695.00	697.00	691.00	686.00	681.00	683.00	676.00	678.00	681.00	681.00	685.00	688.00	681.00	680.00	687.00	693.00	691.00	649.00	644.00	644.00	649.00	643.00	672.00	689.00	698.00	693.00	681.00	682.00	680.00	668.00	669.00	669.00	670.00	668.00	666.00	662.00	671.00	670.00	669.00	673.00	666.00	666.00	664.00	652.00	645.00	645.00	647.00	650.00	646.00	649.00	646.00	647.00	650.00	648.00	648.00	648.00	650.00	651.00	652.00	652.00	650.00	651.00	649.00	652.00	650.00	650.00	651.00	652.00	652.00	651.00	652.00	654.00	656.00	658.00	657.00	660.00	659.00	659.00	663.00	660.00	664.00	669.00	667.00	668.00	668.00	669.00	675.00	674.00	676.00	678.00	678.00	681.00	682.00	677.00	677.00	681.00	683.00	683.00	684.00	680.00	685.00	692.00	695.00	690.00	692.00	690.00	701.00	702.00	700.00	699.00	695.00	698.00	702.00	711.00	709.00	710.00	706.00	701.00	698.00	701.00	707.00	709.00	703.00	696.00	697.00	685.00	686.00	688.00	690.00	697.00	696.00	697.00	690.00	693.00	692.00	692.00	691.00	689.00	694.00	699.00	701.00	700.00	697.00	696.00	695.00	694.00	699.00	699.00	700.00	705.00	706.00	706.00	713.00	709.00	710.00	700.00	696.00	692.00	693.00	692.00	694.00	700.00	708.00	706.00	700.00	690.00	695.00	696.00	694.00	689.00	683.00	683.00	685.00	684.00	680.00	677.00	681.00	679.00	679.00	682.00	687.00	688.00	691.00	700.00	698.00	692.00	695.00	695.00	703.00	705.00	703.00	708.00	706.00	714.00	709.00
647.00	648.00	636.00	636.00	634.00	634.00	632.00	625.00	623.00	624.00	623.00	625.00	620.00	624.00	626.00	627.00	630.00	647.00	651.00	654.00	640.00	641.00	643.00	646.00	655.00	654.00	650.00	649.00	663.00	663.00	667.00	672.00	694.00	715.00	698.00	676.00	674.00	692.00	691.00	687.00	683.00	685.00	676.00	680.00	683.00	684.00	691.00	696.00	707.00	704.00	715.00	706.00	708.00	705.00	711.00	708.00	704.00	707.00	708.00	709.00	701.00	697.00	684.00	686.00	680.00	680.00	678.00	676.00	683.00	684.00	676.00	682.00	680.00	674.00	680.00	693.00	704.00	701.00	657.00	648.00	640.00	651.00	652.00	673.00	682.00	685.00	681.00	679.00	698.00	676.00	669.00	668.00	668.00	665.00	668.00	668.00	671.00	673.00	675.00	658.00	670.00	667.00	667.00	666.00	657.00	648.00	650.00	649.00	649.00	649.00	649.00	649.00	646.00	644.00	648.00	650.00	651.00	650.00	651.00	650.00	653.00	652.00	650.00	651.00	651.00	651.00	649.00	652.00	654.00	652.00	652.00	654.00	656.00	657.00	658.00	658.00	661.00	659.00	657.00	667.00	660.00	666.00	665.00	667.00	668.00	672.00	674.00	670.00	674.00	673.00	675.00	675.00	677.00	680.00	687.00	683.00	682.00	682.00	685.00	684.00	681.00	683.00	690.00	698.00	696.00	694.00	690.00	701.00	706.00	695.00	692.00	692.00	700.00	700.00	711.00	707.00	709.00	718.00	712.00	704.00	708.00	705.00	701.00	697.00	695.00	695.00	686.00	684.00	688.00	690.00	691.00	694.00	691.00	693.00	697.00	684.00	688.00	693.00	690.00	692.00	697.00	699.00	699.00	700.00	699.00	697.00	701.00	699.00	708.00	709.00	710.00	714.00	711.00	718.00	713.00	705.00	703.00	701.00	692.00	690.00	692.00	694.00	706.00	708.00	705.00	700.00	693.00	692.00	695.00	694.00	692.00	682.00	680.00	682.00	682.00	677.00	678.00	677.00	675.00	678.00	681.00	689.00	692.00	696.00	696.00	703.00	697.00	696.00	700.00	701.00	702.00	707.00	707.00	708.00	704.00	706.00
634.00	638.00	644.00	637.00	635.00	632.00	629.00	623.00	625.00	625.00	617.00	623.00	620.00	623.00	627.00	629.00	633.00	642.00	640.00	641.00	644.00	652.00	650.00	651.00	655.00	656.00	646.00	649.00	653.00	671.00	667.00	672.00	677.00	691.00	705.00	700.00	672.00	684.00	714.00	705.00	687.00	689.00	706.00	708.00	697.00	699.00	697.00	699.00	718.00	715.00	718.00	698.00	699.00	702.00	702.00	703.00	703.00	703.00	708.00	705.00	693.00	692.00	687.00	690.00	688.00	681.00	683.00	691.00	688.00	689.00	687.00	676.00	674.00	668.00	686.00	684.00	680.00	662.00	645.00	643.00	642.00	643.00	642.00	666.00	680.00	688.00	691.00	673.00	683.00	677.00	679.00	683.00	703.00	699.00	686.00	670.00	680.00	680.00	674.00	667.00	658.00	660.00	665.00	661.00	664.00	649.00	649.00	647.00	651.00	649.00	650.00	650.00	649.00	648.00	652.00	649.00	649.00	650.00	652.00	653.00	653.00	654.00	654.00	651.00	654.00	656.00	657.00	650.00	651.00	652.00	651.00	652.00	659.00	660.00	659.00	660.00	661.00	666.00	668.00	669.00	664.00	670.00	667.00	665.00	668.00	675.00	677.00	675.00	677.00	678.00	677.00	676.00	675.00	672.00	675.00	680.00	680.00	681.00	680.00	680.00	680.00	685.00	689.00	693.00	702.00	704.00	701.00	702.00	704.00	697.00	692.00	692.00	694.00	698.00	700.00	702.00	699.00	702.00	699.00	699.00	699.00	696.00	698.00	697.00	688.00	692.00	682.00	689.00	695.00	692.00	686.00	685.00	690.00	697.00	684.00	685.00	686.00	697.00	696.00	697.00	698.00	696.00	699.00	702.00	694.00	698.00	702.00	700.00	699.00	699.00	701.00	702.00	705.00	713.00	710.00	701.00	705.00	703.00	699.00	703.00	697.00	689.00	705.00	704.00	697.00	691.00	689.00	693.00	689.00	689.00	689.00	679.00	678.00	677.00	679.00	679.00	678.00	682.00	683.00	683.00	692.00	696.00	700.00	703.00	699.00	697.00	700.00	705.00	704.00	705.00	704.00	710.00	713.00	706.00	703.00	703.00
640.00	644.00	647.00	640.00	632.00	629.00	629.00	627.00	628.00	629.00	624.00	619.00	621.00	624.00	627.00	631.00	633.00	636.00	636.00	635.00	644.00	649.00	648.00	645.00	647.00	652.00	646.00	643.00	652.00	662.00	659.00	661.00	671.00	687.00	697.00	693.00	676.00	687.00	693.00	695.00	682.00	680.00	715.00	716.00	710.00	704.00	704.00	714.00	713.00	711.00	712.00	694.00	697.00	698.00	708.00	702.00	711.00	706.00	706.00	699.00	696.00	689.00	694.00	691.00	686.00	680.00	684.00	692.00	701.00	693.00	691.00	687.00	679.00	678.00	679.00	682.00	679.00	668.00	643.00	642.00	643.00	641.00	644.00	666.00	668.00	677.00	672.00	677.00	688.00	674.00	683.00	690.00	711.00	703.00	691.00	691.00	678.00	673.00	673.00	669.00	668.00	663.00	660.00	661.00	663.00	648.00	650.00	653.00	659.00	658.00	651.00	649.00	649.00	650.00	652.00	649.00	649.00	660.00	656.00	654.00	655.00	656.00	660.00	654.00	655.00	657.00	658.00	658.00	650.00	650.00	649.00	653.00	660.00	661.00	659.00	659.00	660.00	666.00	668.00	669.00	666.00	668.00	667.00	669.00	671.00	681.00	683.00	678.00	678.00	676.00	680.00	681.00	679.00	676.00	671.00	675.00	676.00	678.00	678.00	682.00	684.00	690.00	693.00	691.00	701.00	704.00	700.00	702.00	699.00	695.00	687.00	687.00	690.00	691.00	695.00	697.00	695.00	693.00	698.00	699.00	700.00	694.00	694.00	696.00	686.00	689.00	683.00	690.00	690.00	684.00	684.00	686.00	696.00	688.00	683.00	684.00	690.00	696.00	696.00	703.00	699.00	694.00	695.00	698.00	696.00	695.00	702.00	694.00	697.00	702.00	702.00	705.00	704.00	703.00	704.00	701.00	702.00	712.00	706.00	697.00	695.00	691.00	695.00	701.00	697.00	691.00	689.00	692.00	688.00	689.00	684.00	676.00	679.00	679.00	686.00	682.00	684.00	683.00	686.00	685.00	689.00	691.00	693.00	697.00	701.00	707.00	700.00	702.00	708.00	711.00	706.00	704.00	703.00	703.00	702.00	702.00
636.00	645.00	649.00	641.00	631.00	641.00	629.00	626.00	619.00	624.00	625.00	621.00	620.00	623.00	632.00	633.00	631.00	636.00	631.00	632.00	639.00	641.00	643.00	643.00	646.00	652.00	647.00	639.00	644.00	650.00	652.00	657.00	670.00	676.00	685.00	680.00	678.00	669.00	677.00	679.00	684.00	682.00	706.00	709.00	714.00	713.00	712.00	705.00	702.00	697.00	697.00	694.00	698.00	700.00	706.00	710.00	714.00	712.00	702.00	701.00	693.00	693.00	689.00	685.00	683.00	682.00	684.00	691.00	691.00	691.00	693.00	692.00	683.00	682.00	680.00	677.00	674.00	665.00	645.00	645.00	642.00	640.00	643.00	657.00	662.00	669.00	668.00	681.00	687.00	682.00	687.00	692.00	709.00	697.00	692.00	695.00	679.00	670.00	670.00	673.00	678.00	666.00	662.00	661.00	663.00	648.00	651.00	649.00	651.00	655.00	650.00	650.00	650.00	656.00	654.00	652.00	652.00	663.00	655.00	656.00	655.00	656.00	658.00	655.00	655.00	657.00	659.00	655.00	656.00	658.00	655.00	659.00	659.00	661.00	658.00	660.00	661.00	665.00	666.00	669.00	669.00	671.00	665.00	665.00	671.00	686.00	685.00	680.00	680.00	681.00	689.00	687.00	682.00	677.00	676.00	674.00	674.00	676.00	675.00	679.00	682.00	688.00	685.00	694.00	698.00	699.00	699.00	692.00	693.00	689.00	690.00	684.00	689.00	692.00	697.00	697.00	696.00	694.00	694.00	699.00	699.00	696.00	696.00	688.00	686.00	683.00	682.00	686.00	688.00	690.00	681.00	690.00	691.00	691.00	687.00	685.00	692.00	701.00	703.00	696.00	695.00	691.00	693.00	691.00	700.00	696.00	696.00	693.00	702.00	709.00	704.00	703.00	701.00	699.00	704.00	702.00	702.00	715.00	711.00	702.00	700.00	694.00	691.00	689.00	693.00	689.00	687.00	690.00	687.00	685.00	680.00	675.00	675.00	680.00	684.00	685.00	687.00	687.00	687.00	689.00	692.00	691.00	695.00	696.00	700.00	707.00	707.00	702.00	705.00	715.00	707.00	704.00	708.00	697.00	703.00	698.00
643.00	649.00	641.00	634.00	643.00	644.00	630.00	622.00	621.00	620.00	621.00	624.00	625.00	630.00	635.00	639.00	637.00	635.00	636.00	640.00	638.00	642.00	639.00	641.00	640.00	640.00	640.00	645.00	644.00	648.00	645.00	650.00	662.00	663.00	660.00	660.00	671.00	687.00	673.00	665.00	677.00	673.00	689.00	695.00	702.00	706.00	705.00	692.00	691.00	692.00	686.00	698.00	708.00	704.00	711.00	712.00	714.00	708.00	703.00	707.00	702.00	696.00	698.00	692.00	693.00	684.00	684.00	688.00	689.00	688.00	689.00	686.00	683.00	682.00	674.00	667.00	661.00	662.00	645.00	644.00	640.00	642.00	646.00	659.00	679.00	665.00	667.00	679.00	687.00	688.00	694.00	691.00	700.00	713.00	692.00	691.00	690.00	682.00	677.00	685.00	678.00	671.00	660.00	660.00	669.00	651.00	651.00	648.00	649.00	647.00	648.00	650.00	650.00	657.00	657.00	652.00	654.00	663.00	660.00	664.00	666.00	661.00	659.00	657.00	667.00	661.00	654.00	656.00	658.00	660.00	662.00	663.00	665.00	661.00	660.00	661.00	666.00	664.00	673.00	675.00	668.00	670.00	667.00	666.00	673.00	683.00	688.00	690.00	685.00	692.00	697.00	690.00	682.00	679.00	674.00	672.00	675.00	676.00	677.00	680.00	677.00	681.00	689.00	695.00	688.00	691.00	691.00	687.00	688.00	694.00	687.00	686.00	695.00	698.00	703.00	705.00	701.00	691.00	696.00	704.00	702.00	690.00	689.00	682.00	684.00	686.00	686.00	686.00	690.00	685.00	685.00	686.00	685.00	682.00	682.00	687.00	689.00	696.00	701.00	702.00	693.00	696.00	696.00	692.00	700.00	693.00	690.00	700.00	707.00	705.00	704.00	704.00	699.00	707.00	710.00	700.00	705.00	706.00	698.00	698.00	703.00	704.00	701.00	690.00	685.00	685.00	684.00	683.00	682.00	680.00	679.00	675.00	680.00	680.00	685.00	684.00	691.00	695.00	692.00	691.00	695.00	702.00	708.00	707.00	702.00	701.00	703.00	709.00	705.00	713.00	707.00	703.00	708.00	702.00	700.00	697.00
650.00	652.00	649.00	650.00	655.00	648.00	641.00	631.00	628.00	623.00	619.00	618.00	627.00	639.00	642.00	653.00	651.00	656.00	656.00	651.00	641.00	641.00	647.00	650.00	643.00	644.00	650.00	648.00	642.00	648.00	653.00	661.00	667.00	704.00	746.00	710.00	713.00	735.00	674.00	663.00	672.00	682.00	695.00	696.00	710.00	715.00	720.00	703.00	686.00	684.00	692.00	699.00	705.00	711.00	716.00	712.00	708.00	708.00	702.00	703.00	705.00	699.00	693.00	692.00	689.00	690.00	690.00	688.00	694.00	701.00	688.00	681.00	679.00	675.00	667.00	664.00	661.00	659.00	650.00	650.00	652.00	647.00	656.00	666.00	675.00	665.00	666.00	690.00	687.00	693.00	699.00	699.00	710.00	704.00	705.00	706.00	704.00	692.00	683.00	687.00	689.00	677.00	673.00	670.00	670.00	664.00	651.00	648.00	649.00	648.00	649.00	647.00	648.00	650.00	653.00	664.00	663.00	662.00	656.00	663.00	661.00	659.00	659.00	657.00	665.00	666.00	665.00	658.00	657.00	659.00	661.00	661.00	659.00	662.00	659.00	658.00	665.00	668.00	677.00	680.00	678.00	674.00	670.00	670.00	674.00	677.00	673.00	676.00	674.00	676.00	678.00	677.00	678.00	680.00	674.00	672.00	682.00	683.00	677.00	673.00	676.00	682.00	686.00	690.00	686.00	684.00	684.00	679.00	687.00	687.00	684.00	682.00	691.00	696.00	700.00	702.00	706.00	696.00	689.00	686.00	686.00	689.00	682.00	683.00	683.00	681.00	687.00	677.00	675.00	681.00	682.00	680.00	680.00	680.00	684.00	689.00	690.00	697.00	701.00	706.00	696.00	689.00	690.00	691.00	699.00	696.00	691.00	696.00	699.00	704.00	702.00	707.00	707.00	702.00	710.00	703.00	708.00	707.00	698.00	698.00	712.00	710.00	693.00	685.00	684.00	683.00	682.00	680.00	680.00	678.00	677.00	678.00	685.00	684.00	685.00	694.00	703.00	708.00	709.00	707.00	695.00	695.00	699.00	702.00	712.00	707.00	704.00	702.00	705.00	703.00	706.00	698.00	695.00	697.00	693.00	691.00
652.00	648.00	650.00	648.00	658.00	653.00	650.00	636.00	624.00	619.00	620.00	624.00	633.00	642.00	646.00	660.00	660.00	655.00	653.00	648.00	646.00	639.00	645.00	650.00	646.00	642.00	648.00	647.00	643.00	654.00	661.00	672.00	687.00	747.00	769.00	724.00	760.00	784.00	676.00	666.00	668.00	682.00	707.00	712.00	718.00	720.00	721.00	695.00	684.00	687.00	695.00	698.00	709.00	714.00	713.00	712.00	707.00	703.00	702.00	704.00	698.00	694.00	694.00	693.00	691.00	691.00	690.00	690.00	690.00	695.00	688.00	684.00	676.00	680.00	665.00	668.00	661.00	654.00	647.00	648.00	646.00	642.00	647.00	676.00	677.00	678.00	675.00	680.00	686.00	690.00	702.00	694.00	709.00	713.00	712.00	696.00	697.00	696.00	692.00	692.00	694.00	680.00	673.00	672.00	671.00	664.00	651.00	651.00	647.00	648.00	647.00	650.00	648.00	652.00	653.00	654.00	651.00	664.00	660.00	656.00	658.00	660.00	657.00	655.00	657.00	665.00	666.00	661.00	657.00	657.00	661.00	663.00	663.00	665.00	658.00	657.00	664.00	666.00	676.00	682.00	677.00	671.00	671.00	674.00	672.00	677.00	681.00	678.00	672.00	677.00	679.00	682.00	677.00	676.00	675.00	670.00	675.00	678.00	675.00	672.00	675.00	680.00	686.00	686.00	683.00	681.00	682.00	678.00	687.00	687.00	685.00	683.00	691.00	690.00	697.00	698.00	702.00	699.00	689.00	692.00	693.00	680.00	683.00	687.00	684.00	680.00	682.00	675.00	677.00	681.00	679.00	680.00	679.00	681.00	685.00	688.00	689.00	696.00	699.00	707.00	697.00	693.00	689.00	692.00	705.00	695.00	702.00	705.00	701.00	709.00	702.00	701.00	706.00	700.00	704.00	706.00	696.00	706.00	697.00	693.00	702.00	704.00	687.00	684.00	683.00	685.00	679.00	679.00	678.00	676.00	677.00	681.00	687.00	688.00	685.00	698.00	707.00	702.00	703.00	711.00	703.00	700.00	699.00	703.00	715.00	709.00	705.00	701.00	699.00	698.00	702.00	696.00	698.00	694.00	694.00	692.00
647.00	642.00	648.00	651.00	661.00	648.00	645.00	632.00	627.00	620.00	625.00	623.00	634.00	638.00	643.00	662.00	655.00	652.00	651.00	648.00	643.00	647.00	642.00	644.00	647.00	647.00	645.00	652.00	643.00	660.00	666.00	678.00	688.00	759.00	768.00	744.00	806.00	827.00	681.00	670.00	667.00	678.00	713.00	716.00	720.00	712.00	701.00	689.00	680.00	683.00	687.00	699.00	702.00	712.00	713.00	713.00	706.00	702.00	705.00	704.00	696.00	693.00	695.00	697.00	692.00	691.00	684.00	687.00	692.00	694.00	691.00	682.00	677.00	674.00	674.00	672.00	664.00	663.00	648.00	657.00	649.00	657.00	651.00	677.00	683.00	685.00	687.00	691.00	700.00	686.00	691.00	689.00	691.00	699.00	704.00	702.00	705.00	701.00	702.00	716.00	707.00	681.00	676.00	673.00	675.00	666.00	650.00	651.00	647.00	648.00	648.00	648.00	651.00	654.00	652.00	656.00	649.00	656.00	663.00	664.00	662.00	660.00	662.00	655.00	656.00	661.00	666.00	668.00	662.00	658.00	659.00	662.00	664.00	663.00	657.00	656.00	662.00	663.00	671.00	676.00	673.00	676.00	678.00	670.00	674.00	670.00	669.00	669.00	672.00	680.00	676.00	679.00	678.00	677.00	676.00	671.00	670.00	674.00	671.00	672.00	675.00	676.00	680.00	683.00	678.00	678.00	678.00	679.00	690.00	691.00	688.00	684.00	687.00	688.00	694.00	700.00	698.00	695.00	684.00	687.00	681.00	680.00	685.00	687.00	687.00	680.00	685.00	678.00	689.00	680.00	677.00	677.00	680.00	685.00	683.00	693.00	693.00	698.00	699.00	711.00	703.00	703.00	699.00	694.00	699.00	692.00	702.00	711.00	704.00	708.00	705.00	697.00	705.00	696.00	704.00	707.00	693.00	701.00	707.00	697.00	691.00	695.00	685.00	686.00	687.00	686.00	679.00	679.00	678.00	678.00	674.00	684.00	687.00	690.00	690.00	689.00	696.00	699.00	696.00	701.00	707.00	711.00	706.00	707.00	705.00	707.00	708.00	703.00	696.00	695.00	698.00	698.00	698.00	690.00	687.00	687.00
641.00	639.00	638.00	652.00	664.00	666.00	639.00	627.00	622.00	624.00	628.00	622.00	626.00	632.00	641.00	657.00	656.00	647.00	650.00	644.00	643.00	645.00	644.00	646.00	644.00	645.00	644.00	654.00	647.00	659.00	673.00	684.00	690.00	737.00	722.00	753.00	832.00	853.00	683.00	670.00	665.00	672.00	700.00	705.00	709.00	704.00	692.00	684.00	680.00	684.00	691.00	700.00	703.00	704.00	708.00	710.00	703.00	700.00	701.00	703.00	702.00	699.00	695.00	688.00	688.00	691.00	688.00	686.00	686.00	688.00	684.00	682.00	682.00	679.00	679.00	671.00	667.00	655.00	648.00	658.00	647.00	654.00	648.00	674.00	670.00	679.00	698.00	689.00	690.00	682.00	688.00	700.00	693.00	701.00	700.00	704.00	693.00	698.00	716.00	732.00	713.00	676.00	684.00	681.00	675.00	667.00	654.00	649.00	647.00	648.00	648.00	649.00	649.00	653.00	651.00	651.00	655.00	650.00	654.00	667.00	655.00	658.00	664.00	660.00	663.00	668.00	669.00	669.00	663.00	658.00	658.00	662.00	667.00	665.00	660.00	657.00	665.00	669.00	667.00	670.00	668.00	683.00	691.00	677.00	675.00	670.00	670.00	670.00	674.00	671.00	683.00	684.00	684.00	677.00	674.00	673.00	671.00	670.00	672.00	673.00	674.00	676.00	678.00	680.00	680.00	676.00	680.00	684.00	697.00	691.00	686.00	685.00	688.00	687.00	694.00	697.00	693.00	689.00	694.00	685.00	679.00	689.00	691.00	689.00	685.00	683.00	689.00	686.00	682.00	677.00	675.00	679.00	682.00	683.00	689.00	700.00	701.00	701.00	697.00	706.00	710.00	712.00	707.00	701.00	687.00	688.00	696.00	709.00	705.00	703.00	705.00	695.00	701.00	695.00	706.00	704.00	692.00	707.00	712.00	700.00	689.00	688.00	686.00	685.00	686.00	681.00	680.00	678.00	676.00	673.00	673.00	683.00	686.00	692.00	697.00	691.00	694.00	692.00	695.00	698.00	701.00	711.00	712.00	717.00	703.00	703.00	712.00	713.00	698.00	692.00	690.00	697.00	699.00	689.00	686.00	685.00
638.00	636.00	633.00	645.00	659.00	668.00	637.00	633.00	630.00	618.00	618.00	621.00	630.00	639.00	644.00	648.00	644.00	645.00	652.00	656.00	654.00	647.00	652.00	655.00	649.00	652.00	651.00	654.00	662.00	659.00	670.00	675.00	703.00	685.00	703.00	767.00	828.00	802.00	672.00	666.00	669.00	665.00	675.00	680.00	681.00	684.00	684.00	693.00	690.00	693.00	698.00	702.00	705.00	703.00	709.00	717.00	702.00	693.00	696.00	697.00	704.00	694.00	691.00	686.00	697.00	681.00	679.00	679.00	688.00	671.00	675.00	677.00	674.00	678.00	671.00	661.00	657.00	654.00	644.00	645.00	643.00	658.00	649.00	669.00	678.00	683.00	683.00	686.00	684.00	689.00	699.00	697.00	702.00	702.00	703.00	693.00	705.00	713.00	706.00	702.00	685.00	704.00	715.00	701.00	690.00	676.00	674.00	651.00	647.00	647.00	650.00	653.00	650.00	654.00	651.00	652.00	651.00	652.00	653.00	661.00	653.00	657.00	662.00	653.00	653.00	654.00	653.00	655.00	657.00	657.00	657.00	656.00	663.00	666.00	658.00	661.00	667.00	672.00	673.00	672.00	668.00	679.00	684.00	679.00	679.00	681.00	673.00	675.00	673.00	673.00	668.00	667.00	668.00	666.00	667.00	668.00	668.00	669.00	669.00	665.00	671.00	674.00	673.00	680.00	676.00	676.00	679.00	687.00	692.00	685.00	687.00	685.00	680.00	684.00	692.00	693.00	690.00	678.00	688.00	678.00	680.00	683.00	682.00	679.00	680.00	680.00	680.00	681.00	683.00	677.00	679.00	678.00	685.00	694.00	700.00	716.00	711.00	706.00	697.00	702.00	704.00	703.00	705.00	704.00	694.00	687.00	688.00	696.00	700.00	695.00	699.00	695.00	690.00	692.00	702.00	707.00	689.00	700.00	704.00	700.00	692.00	685.00	682.00	684.00	679.00	678.00	678.00	678.00	675.00	674.00	682.00	682.00	681.00	678.00	691.00	697.00	707.00	705.00	695.00	699.00	705.00	708.00	701.00	699.00	696.00	696.00	703.00	700.00	701.00	693.00	693.00	690.00	686.00	684.00	685.00	682.00
639.00	644.00	632.00	638.00	649.00	658.00	629.00	631.00	628.00	618.00	618.00	620.00	626.00	634.00	637.00	642.00	638.00	646.00	649.00	655.00	656.00	655.00	656.00	654.00	655.00	654.00	649.00	648.00	665.00	660.00	658.00	667.00	680.00	682.00	695.00	705.00	745.00	755.00	685.00	672.00	674.00	661.00	668.00	672.00	677.00	680.00	676.00	701.00	692.00	692.00	693.00	700.00	698.00	706.00	710.00	713.00	700.00	698.00	703.00	699.00	694.00	690.00	688.00	684.00	695.00	685.00	683.00	679.00	677.00	665.00	666.00	671.00	673.00	673.00	669.00	663.00	655.00	652.00	646.00	643.00	642.00	655.00	653.00	668.00	680.00	680.00	680.00	695.00	692.00	701.00	700.00	695.00	708.00	704.00	710.00	698.00	702.00	707.00	715.00	691.00	683.00	693.00	707.00	711.00	703.00	679.00	682.00	672.00	651.00	646.00	651.00	650.00	651.00	653.00	658.00	653.00	649.00	651.00	654.00	658.00	651.00	655.00	654.00	653.00	653.00	653.00	652.00	654.00	665.00	660.00	657.00	659.00	660.00	661.00	659.00	662.00	669.00	672.00	672.00	675.00	675.00	674.00	679.00	674.00	675.00	674.00	673.00	678.00	682.00	672.00	667.00	674.00	676.00	667.00	665.00	665.00	665.00	669.00	671.00	668.00	673.00	677.00	677.00	673.00	677.00	674.00	681.00	687.00	689.00	684.00	686.00	685.00	679.00	678.00	686.00	691.00	685.00	678.00	690.00	678.00	678.00	682.00	682.00	680.00	680.00	680.00	682.00	684.00	683.00	678.00	682.00	679.00	686.00	695.00	699.00	714.00	715.00	702.00	697.00	702.00	703.00	700.00	701.00	696.00	694.00	690.00	685.00	691.00	692.00	690.00	693.00	699.00	693.00	693.00	702.00	707.00	690.00	689.00	692.00	692.00	691.00	687.00	683.00	679.00	678.00	680.00	678.00	676.00	675.00	675.00	683.00	687.00	684.00	680.00	692.00	697.00	701.00	708.00	697.00	696.00	705.00	710.00	702.00	697.00	694.00	695.00	695.00	693.00	694.00	699.00	697.00	691.00	688.00	681.00	678.00	680.00
637.00	645.00	637.00	636.00	640.00	649.00	628.00	626.00	631.00	619.00	622.00	619.00	626.00	632.00	636.00	640.00	637.00	645.00	651.00	654.00	656.00	659.00	656.00	652.00	659.00	654.00	655.00	653.00	663.00	670.00	675.00	680.00	703.00	688.00	701.00	702.00	714.00	724.00	683.00	669.00	670.00	664.00	666.00	670.00	673.00	674.00	684.00	701.00	686.00	689.00	692.00	696.00	692.00	693.00	698.00	699.00	703.00	700.00	697.00	703.00	688.00	688.00	688.00	686.00	686.00	683.00	682.00	685.00	678.00	672.00	671.00	668.00	665.00	662.00	665.00	663.00	659.00	646.00	649.00	646.00	642.00	651.00	658.00	678.00	673.00	679.00	683.00	697.00	692.00	688.00	694.00	697.00	702.00	701.00	709.00	701.00	705.00	700.00	708.00	693.00	698.00	697.00	695.00	703.00	709.00	693.00	681.00	686.00	668.00	650.00	652.00	659.00	656.00	662.00	663.00	664.00	650.00	649.00	653.00	654.00	651.00	653.00	654.00	654.00	654.00	653.00	654.00	654.00	657.00	666.00	656.00	658.00	657.00	662.00	663.00	665.00	664.00	667.00	672.00	676.00	674.00	675.00	676.00	676.00	678.00	671.00	674.00	675.00	673.00	672.00	676.00	668.00	666.00	667.00	664.00	663.00	668.00	671.00	665.00	668.00	672.00	674.00	672.00	673.00	676.00	674.00	679.00	684.00	689.00	686.00	686.00	690.00	684.00	676.00	688.00	689.00	686.00	677.00	686.00	681.00	677.00	678.00	681.00	681.00	680.00	680.00	680.00	682.00	681.00	679.00	680.00	684.00	691.00	701.00	706.00	711.00	706.00	697.00	696.00	704.00	702.00	695.00	694.00	690.00	696.00	693.00	683.00	684.00	694.00	693.00	689.00	696.00	697.00	691.00	701.00	701.00	690.00	686.00	685.00	687.00	689.00	689.00	686.00	683.00	683.00	681.00	677.00	673.00	674.00	677.00	680.00	685.00	686.00	685.00	690.00	701.00	700.00	701.00	701.00	699.00	709.00	711.00	701.00	699.00	702.00	697.00	694.00	691.00	689.00	693.00	699.00	694.00	686.00	680.00	677.00	679.00
638.00	640.00	635.00	634.00	633.00	644.00	630.00	634.00	629.00	630.00	624.00	625.00	627.00	640.00	643.00	646.00	652.00	652.00	653.00	654.00	650.00	654.00	655.00	651.00	656.00	651.00	652.00	655.00	661.00	683.00	689.00	698.00	737.00	701.00	694.00	692.00	695.00	685.00	681.00	668.00	668.00	662.00	664.00	671.00	677.00	677.00	682.00	687.00	692.00	696.00	697.00	690.00	690.00	694.00	691.00	698.00	700.00	707.00	703.00	699.00	693.00	691.00	695.00	690.00	687.00	688.00	692.00	682.00	678.00	671.00	669.00	673.00	666.00	665.00	662.00	657.00	655.00	648.00	650.00	649.00	642.00	652.00	671.00	693.00	680.00	683.00	690.00	694.00	687.00	691.00	692.00	696.00	702.00	694.00	686.00	691.00	699.00	700.00	695.00	692.00	703.00	698.00	699.00	705.00	720.00	708.00	685.00	675.00	676.00	675.00	667.00	664.00	662.00	666.00	661.00	668.00	662.00	653.00	654.00	652.00	652.00	654.00	654.00	653.00	653.00	659.00	656.00	654.00	653.00	654.00	657.00	657.00	663.00	655.00	656.00	658.00	662.00	665.00	669.00	676.00	672.00	671.00	673.00	676.00	676.00	670.00	670.00	672.00	672.00	670.00	669.00	663.00	664.00	665.00	667.00	666.00	666.00	665.00	664.00	665.00	667.00	668.00	668.00	674.00	677.00	673.00	677.00	683.00	687.00	689.00	682.00	687.00	683.00	679.00	687.00	685.00	685.00	681.00	687.00	678.00	677.00	680.00	678.00	678.00	678.00	677.00	677.00	678.00	678.00	677.00	678.00	688.00	702.00	709.00	708.00	695.00	696.00	696.00	696.00	701.00	693.00	692.00	690.00	691.00	695.00	694.00	684.00	680.00	698.00	698.00	689.00	692.00	695.00	685.00	695.00	695.00	690.00	686.00	683.00	687.00	686.00	692.00	691.00	688.00	685.00	679.00	680.00	671.00	674.00	678.00	681.00	686.00	689.00	688.00	691.00	699.00	708.00	706.00	700.00	692.00	702.00	704.00	699.00	696.00	698.00	702.00	702.00	695.00	688.00	686.00	692.00	693.00	687.00	679.00	673.00	678.00
631.00	631.00	636.00	640.00	634.00	633.00	633.00	635.00	632.00	620.00	620.00	621.00	631.00	643.00	650.00	657.00	656.00	648.00	654.00	656.00	648.00	654.00	657.00	659.00	653.00	658.00	655.00	659.00	673.00	685.00	686.00	690.00	716.00	722.00	687.00	686.00	690.00	709.00	678.00	663.00	660.00	664.00	664.00	678.00	695.00	699.00	698.00	707.00	698.00	685.00	681.00	679.00	692.00	693.00	698.00	696.00	710.00	728.00	711.00	706.00	701.00	696.00	702.00	698.00	696.00	699.00	696.00	696.00	686.00	677.00	676.00	676.00	676.00	672.00	664.00	662.00	654.00	651.00	645.00	644.00	643.00	668.00	674.00	673.00	683.00	680.00	680.00	682.00	689.00	694.00	691.00	697.00	698.00	692.00	690.00	695.00	687.00	693.00	696.00	698.00	699.00	715.00	709.00	709.00	713.00	699.00	689.00	687.00	693.00	678.00	669.00	663.00	670.00	662.00	669.00	670.00	667.00	672.00	661.00	654.00	654.00	652.00	654.00	656.00	663.00	657.00	656.00	655.00	655.00	655.00	655.00	662.00	658.00	658.00	667.00	659.00	660.00	664.00	667.00	671.00	671.00	664.00	668.00	673.00	670.00	674.00	668.00	668.00	669.00	667.00	669.00	663.00	665.00	662.00	670.00	666.00	664.00	664.00	666.00	666.00	668.00	667.00	670.00	682.00	679.00	679.00	675.00	674.00	681.00	683.00	680.00	683.00	684.00	678.00	681.00	678.00	674.00	676.00	684.00	676.00	677.00	680.00	676.00	679.00	677.00	676.00	677.00	675.00	675.00	679.00	687.00	691.00	700.00	697.00	692.00	693.00	700.00	698.00	696.00	690.00	686.00	685.00	686.00	687.00	689.00	690.00	682.00	680.00	686.00	686.00	685.00	683.00	681.00	689.00	687.00	688.00	687.00	688.00	682.00	685.00	684.00	683.00	691.00	690.00	683.00	680.00	674.00	672.00	677.00	678.00	684.00	684.00	689.00	689.00	696.00	699.00	702.00	705.00	697.00	688.00	681.00	681.00	677.00	678.00	681.00	681.00	680.00	682.00	684.00	683.00	681.00	682.00	679.00	677.00	681.00	686.00
644.00	632.00	631.00	628.00	637.00	635.00	633.00	624.00	622.00	627.00	620.00	633.00	633.00	620.00	625.00	646.00	646.00	646.00	657.00	654.00	662.00	661.00	658.00	659.00	653.00	654.00	663.00	672.00	698.00	690.00	681.00	697.00	717.00	704.00	678.00	683.00	677.00	680.00	669.00	669.00	664.00	662.00	667.00	672.00	681.00	688.00	697.00	682.00	677.00	676.00	676.00	689.00	698.00	702.00	702.00	708.00	713.00	718.00	710.00	705.00	707.00	711.00	713.00	708.00	713.00	705.00	697.00	691.00	686.00	681.00	676.00	677.00	678.00	672.00	664.00	657.00	653.00	647.00	644.00	648.00	657.00	668.00	676.00	688.00	687.00	688.00	690.00	685.00	689.00	690.00	696.00	690.00	685.00	685.00	697.00	700.00	695.00	701.00	705.00	705.00	703.00	701.00	701.00	702.00	702.00	704.00	712.00	709.00	696.00	683.00	679.00	672.00	678.00	670.00	665.00	671.00	662.00	671.00	667.00	670.00	671.00	659.00	652.00	661.00	654.00	653.00	658.00	657.00	654.00	653.00	654.00	657.00	658.00	660.00	659.00	662.00	666.00	662.00	663.00	666.00	666.00	667.00	670.00	671.00	671.00	671.00	668.00	671.00	673.00	669.00	669.00	666.00	666.00	667.00	666.00	668.00	661.00	663.00	663.00	669.00	665.00	668.00	672.00	684.00	677.00	676.00	672.00	675.00	674.00	673.00	680.00	683.00	672.00	673.00	672.00	674.00	674.00	682.00	674.00	673.00	675.00	675.00	684.00	688.00	685.00	672.00	685.00	680.00	674.00	682.00	679.00	675.00	681.00	683.00	685.00	688.00	686.00	685.00	688.00	683.00	682.00	685.00	683.00	683.00	689.00	688.00	680.00	680.00	686.00	688.00	682.00	677.00	679.00	685.00	685.00	683.00	683.00	683.00	681.00	680.00	678.00	678.00	677.00	680.00	678.00	675.00	676.00	681.00	682.00	681.00	679.00	693.00	698.00	701.00	704.00	708.00	705.00	693.00	675.00	668.00	669.00	667.00	669.00	677.00	681.00	674.00	674.00	679.00	675.00	678.00	681.00	682.00	678.00	679.00	682.00	691.00
641.00	644.00	635.00	636.00	641.00	639.00	630.00	624.00	625.00	632.00	618.00	627.00	626.00	626.00	627.00	633.00	640.00	646.00	651.00	654.00	658.00	657.00	659.00	655.00	655.00	655.00	670.00	685.00	695.00	692.00	673.00	685.00	704.00	685.00	666.00	692.00	688.00	690.00	671.00	667.00	658.00	655.00	658.00	669.00	673.00	682.00	691.00	676.00	676.00	679.00	685.00	691.00	695.00	696.00	699.00	706.00	712.00	719.00	716.00	702.00	708.00	714.00	718.00	715.00	708.00	698.00	703.00	693.00	683.00	684.00	677.00	679.00	677.00	671.00	667.00	662.00	653.00	646.00	645.00	647.00	668.00	676.00	678.00	686.00	696.00	696.00	689.00	691.00	699.00	689.00	684.00	682.00	699.00	691.00	685.00	689.00	689.00	694.00	687.00	694.00	697.00	708.00	705.00	708.00	715.00	710.00	709.00	711.00	695.00	681.00	684.00	674.00	680.00	675.00	661.00	666.00	671.00	664.00	663.00	670.00	671.00	656.00	652.00	656.00	661.00	663.00	653.00	655.00	658.00	652.00	656.00	652.00	657.00	658.00	659.00	661.00	666.00	665.00	667.00	664.00	665.00	670.00	673.00	668.00	670.00	666.00	671.00	668.00	667.00	668.00	673.00	670.00	665.00	665.00	661.00	670.00	660.00	665.00	667.00	664.00	669.00	675.00	671.00	677.00	673.00	668.00	663.00	665.00	668.00	673.00	676.00	675.00	677.00	669.00	671.00	673.00	672.00	671.00	679.00	679.00	683.00	685.00	678.00	675.00	676.00	674.00	682.00	676.00	676.00	671.00	674.00	677.00	682.00	679.00	679.00	683.00	685.00	685.00	681.00	682.00	678.00	681.00	675.00	677.00	688.00	688.00	680.00	677.00	685.00	683.00	679.00	679.00	684.00	686.00	682.00	680.00	679.00	679.00	679.00	680.00	679.00	678.00	675.00	676.00	675.00	673.00	680.00	681.00	681.00	683.00	683.00	695.00	703.00	704.00	701.00	699.00	695.00	677.00	667.00	676.00	681.00	677.00	673.00	670.00	677.00	677.00	678.00	679.00	680.00	677.00	680.00	684.00	680.00	681.00	688.00	692.00
649.00	650.00	642.00	640.00	645.00	647.00	632.00	625.00	630.00	628.00	619.00	627.00	625.00	634.00	636.00	639.00	639.00	645.00	648.00	649.00	654.00	656.00	659.00	653.00	650.00	659.00	670.00	680.00	693.00	702.00	672.00	676.00	681.00	674.00	673.00	732.00	734.00	704.00	678.00	671.00	661.00	655.00	658.00	666.00	676.00	694.00	689.00	692.00	692.00	687.00	693.00	692.00	697.00	703.00	708.00	710.00	714.00	707.00	708.00	706.00	709.00	712.00	710.00	713.00	712.00	693.00	692.00	691.00	685.00	678.00	678.00	683.00	674.00	672.00	661.00	658.00	651.00	648.00	646.00	643.00	670.00	676.00	681.00	693.00	698.00	692.00	685.00	690.00	695.00	684.00	681.00	691.00	704.00	702.00	691.00	682.00	693.00	694.00	697.00	695.00	700.00	706.00	707.00	709.00	707.00	705.00	703.00	703.00	696.00	687.00	691.00	670.00	678.00	674.00	659.00	667.00	672.00	661.00	659.00	657.00	670.00	658.00	656.00	653.00	659.00	662.00	660.00	652.00	657.00	663.00	655.00	652.00	663.00	661.00	660.00	665.00	667.00	665.00	667.00	665.00	666.00	668.00	671.00	670.00	663.00	670.00	667.00	668.00	672.00	673.00	671.00	664.00	664.00	664.00	667.00	671.00	668.00	663.00	661.00	664.00	669.00	672.00	673.00	675.00	667.00	666.00	665.00	666.00	671.00	665.00	667.00	672.00	668.00	668.00	671.00	677.00	679.00	671.00	677.00	685.00	677.00	675.00	675.00	674.00	675.00	673.00	672.00	671.00	678.00	672.00	673.00	678.00	672.00	674.00	675.00	679.00	683.00	677.00	678.00	677.00	680.00	681.00	678.00	678.00	686.00	680.00	682.00	678.00	681.00	677.00	680.00	682.00	686.00	679.00	678.00	679.00	680.00	681.00	683.00	684.00	681.00	681.00	674.00	673.00	674.00	673.00	680.00	682.00	682.00	682.00	683.00	695.00	703.00	703.00	697.00	689.00	686.00	669.00	669.00	685.00	678.00	687.00	684.00	680.00	668.00	674.00	675.00	674.00	679.00	679.00	679.00	685.00	685.00	681.00	684.00	688.00
650.00	647.00	644.00	642.00	645.00	643.00	630.00	624.00	622.00	631.00	623.00	638.00	634.00	636.00	644.00	651.00	657.00	651.00	654.00	650.00	651.00	647.00	650.00	642.00	645.00	653.00	666.00	674.00	682.00	667.00	670.00	665.00	666.00	689.00	713.00	745.00	764.00	712.00	683.00	672.00	666.00	661.00	663.00	665.00	676.00	685.00	671.00	682.00	676.00	681.00	685.00	693.00	712.00	712.00	716.00	708.00	709.00	699.00	698.00	700.00	703.00	703.00	699.00	699.00	697.00	689.00	685.00	682.00	677.00	677.00	671.00	674.00	679.00	681.00	668.00	664.00	662.00	657.00	652.00	643.00	668.00	676.00	686.00	682.00	680.00	679.00	682.00	688.00	695.00	689.00	678.00	688.00	698.00	696.00	685.00	676.00	699.00	699.00	690.00	696.00	697.00	698.00	704.00	708.00	712.00	709.00	709.00	707.00	710.00	689.00	687.00	681.00	664.00	676.00	676.00	672.00	669.00	676.00	667.00	661.00	670.00	662.00	663.00	666.00	670.00	661.00	657.00	655.00	653.00	652.00	651.00	654.00	658.00	661.00	663.00	665.00	664.00	669.00	669.00	667.00	665.00	669.00	677.00	675.00	672.00	671.00	671.00	671.00	672.00	671.00	672.00	662.00	661.00	664.00	666.00	661.00	661.00	663.00	662.00	669.00	676.00	683.00	678.00	667.00	666.00	667.00	666.00	666.00	669.00	665.00	665.00	666.00	667.00	668.00	667.00	672.00	671.00	681.00	677.00	680.00	684.00	670.00	669.00	670.00	670.00	673.00	670.00	669.00	672.00	677.00	681.00	674.00	675.00	677.00	678.00	677.00	675.00	677.00	677.00	677.00	680.00	678.00	678.00	677.00	675.00	675.00	676.00	675.00	677.00	675.00	676.00	675.00	675.00	681.00	680.00	679.00	681.00	679.00	680.00	681.00	683.00	675.00	672.00	674.00	676.00	677.00	683.00	683.00	684.00	685.00	689.00	698.00	692.00	688.00	691.00	678.00	675.00	671.00	670.00	681.00	684.00	675.00	677.00	683.00	690.00	685.00	684.00	682.00	671.00	675.00	678.00	679.00	679.00	681.00	680.00	681.00
650.00	650.00	647.00	650.00	640.00	648.00	625.00	622.00	622.00	621.00	622.00	645.00	638.00	635.00	645.00	656.00	662.00	647.00	647.00	649.00	648.00	646.00	643.00	642.00	638.00	648.00	664.00	663.00	669.00	659.00	660.00	661.00	668.00	694.00	714.00	748.00	770.00	705.00	672.00	672.00	671.00	674.00	659.00	664.00	674.00	680.00	665.00	679.00	691.00	679.00	682.00	686.00	697.00	702.00	706.00	701.00	705.00	697.00	698.00	698.00	695.00	699.00	690.00	698.00	693.00	691.00	686.00	686.00	678.00	673.00	672.00	673.00	668.00	669.00	667.00	662.00	670.00	660.00	649.00	642.00	662.00	672.00	677.00	676.00	675.00	683.00	676.00	690.00	683.00	683.00	672.00	687.00	684.00	683.00	690.00	689.00	706.00	701.00	693.00	686.00	690.00	695.00	701.00	702.00	706.00	700.00	704.00	702.00	708.00	696.00	683.00	680.00	683.00	674.00	673.00	677.00	673.00	675.00	664.00	662.00	667.00	667.00	676.00	658.00	669.00	657.00	663.00	651.00	652.00	651.00	655.00	654.00	659.00	658.00	664.00	670.00	668.00	672.00	668.00	668.00	667.00	673.00	681.00	683.00	680.00	674.00	669.00	667.00	669.00	669.00	670.00	667.00	664.00	659.00	662.00	665.00	662.00	664.00	661.00	665.00	671.00	677.00	678.00	665.00	665.00	665.00	664.00	665.00	663.00	667.00	666.00	665.00	667.00	668.00	675.00	670.00	681.00	685.00	675.00	676.00	682.00	672.00	670.00	668.00	670.00	681.00	668.00	668.00	671.00	679.00	673.00	670.00	679.00	682.00	675.00	683.00	673.00	673.00	675.00	677.00	676.00	677.00	679.00	678.00	675.00	677.00	676.00	675.00	674.00	676.00	676.00	674.00	674.00	681.00	681.00	680.00	676.00	677.00	677.00	676.00	673.00	673.00	677.00	676.00	674.00	677.00	682.00	682.00	680.00	683.00	689.00	691.00	685.00	684.00	681.00	674.00	669.00	672.00	685.00	686.00	678.00	675.00	676.00	682.00	685.00	691.00	686.00	687.00	684.00	674.00	671.00	673.00	673.00	673.00	674.00	672.00
651.00	655.00	649.00	646.00	644.00	641.00	624.00	623.00	624.00	620.00	627.00	646.00	642.00	641.00	642.00	657.00	657.00	649.00	646.00	649.00	643.00	646.00	645.00	648.00	650.00	648.00	658.00	656.00	663.00	650.00	650.00	659.00	666.00	688.00	707.00	726.00	754.00	706.00	684.00	682.00	674.00	678.00	669.00	667.00	670.00	672.00	666.00	686.00	695.00	684.00	679.00	690.00	695.00	698.00	699.00	694.00	697.00	694.00	696.00	701.00	687.00	687.00	689.00	684.00	690.00	689.00	690.00	685.00	682.00	674.00	675.00	671.00	671.00	671.00	667.00	671.00	675.00	665.00	646.00	642.00	663.00	673.00	670.00	679.00	677.00	678.00	680.00	686.00	683.00	679.00	678.00	695.00	681.00	685.00	694.00	692.00	686.00	689.00	693.00	695.00	687.00	696.00	701.00	704.00	707.00	702.00	702.00	695.00	695.00	690.00	681.00	683.00	679.00	677.00	678.00	675.00	673.00	680.00	668.00	669.00	667.00	676.00	674.00	664.00	662.00	661.00	664.00	652.00	652.00	650.00	655.00	663.00	660.00	665.00	663.00	669.00	670.00	673.00	669.00	667.00	669.00	675.00	679.00	683.00	679.00	666.00	671.00	676.00	675.00	675.00	674.00	670.00	666.00	658.00	663.00	665.00	660.00	659.00	659.00	667.00	664.00	668.00	670.00	667.00	665.00	663.00	667.00	670.00	668.00	668.00	666.00	665.00	667.00	669.00	669.00	674.00	678.00	681.00	674.00	682.00	684.00	672.00	671.00	671.00	677.00	672.00	668.00	668.00	670.00	672.00	670.00	671.00	675.00	685.00	683.00	682.00	679.00	677.00	674.00	678.00	674.00	678.00	677.00	676.00	676.00	678.00	674.00	673.00	675.00	677.00	679.00	677.00	676.00	676.00	679.00	680.00	671.00	684.00	677.00	682.00	672.00	674.00	675.00	672.00	673.00	677.00	686.00	684.00	679.00	681.00	683.00	682.00	679.00	678.00	674.00	667.00	676.00	683.00	693.00	691.00	685.00	682.00	685.00	696.00	691.00	695.00	693.00	688.00	683.00	684.00	686.00	680.00	686.00	684.00	687.00	681.00
658.00	657.00	651.00	645.00	642.00	644.00	631.00	631.00	621.00	625.00	640.00	648.00	646.00	642.00	644.00	652.00	655.00	647.00	648.00	651.00	654.00	658.00	656.00	658.00	652.00	650.00	642.00	641.00	655.00	658.00	656.00	654.00	662.00	674.00	685.00	694.00	721.00	731.00	698.00	693.00	688.00	690.00	669.00	666.00	665.00	665.00	669.00	682.00	706.00	695.00	686.00	691.00	697.00	696.00	692.00	689.00	691.00	696.00	703.00	701.00	691.00	684.00	686.00	681.00	690.00	694.00	688.00	689.00	688.00	684.00	676.00	678.00	679.00	674.00	676.00	678.00	679.00	670.00	647.00	647.00	650.00	664.00	662.00	672.00	684.00	678.00	679.00	695.00	693.00	690.00	685.00	691.00	693.00	686.00	694.00	683.00	692.00	689.00	698.00	686.00	685.00	704.00	705.00	708.00	711.00	692.00	695.00	701.00	703.00	692.00	691.00	687.00	677.00	683.00	696.00	681.00	672.00	668.00	664.00	670.00	668.00	677.00	676.00	674.00	663.00	656.00	667.00	658.00	650.00	650.00	650.00	659.00	659.00	661.00	663.00	666.00	665.00	669.00	668.00	670.00	672.00	675.00	673.00	678.00	677.00	671.00	675.00	675.00	670.00	669.00	666.00	666.00	662.00	658.00	660.00	661.00	658.00	659.00	658.00	669.00	662.00	663.00	664.00	665.00	661.00	663.00	668.00	667.00	671.00	667.00	664.00	665.00	664.00	669.00	664.00	674.00	679.00	680.00	675.00	673.00	681.00	674.00	671.00	672.00	676.00	668.00	670.00	670.00	673.00	671.00	677.00	676.00	671.00	680.00	673.00	683.00	689.00	688.00	679.00	677.00	674.00	677.00	676.00	676.00	673.00	677.00	675.00	675.00	680.00	679.00	679.00	678.00	676.00	668.00	673.00	672.00	670.00	672.00	671.00	675.00	675.00	672.00	670.00	670.00	671.00	673.00	683.00	688.00	680.00	679.00	677.00	675.00	676.00	678.00	670.00	670.00	681.00	689.00	684.00	677.00	683.00	682.00	685.00	687.00	687.00	687.00	692.00	694.00	680.00	676.00	679.00	683.00	686.00	688.00	682.00	677.00
656.00	657.00	647.00	643.00	629.00	636.00	624.00	626.00	619.00	628.00	630.00	647.00	653.00	648.00	632.00	639.00	645.00	646.00	649.00	644.00	648.00	660.00	664.00	656.00	647.00	652.00	647.00	646.00	645.00	659.00	662.00	664.00	662.00	654.00	662.00	667.00	683.00	702.00	747.00	714.00	707.00	697.00	672.00	662.00	663.00	669.00	680.00	670.00	679.00	683.00	671.00	681.00	674.00	679.00	679.00	681.00	692.00	701.00	702.00	699.00	685.00	685.00	682.00	675.00	681.00	682.00	688.00	689.00	693.00	694.00	689.00	684.00	685.00	684.00	683.00	676.00	673.00	677.00	647.00	644.00	645.00	647.00	654.00	668.00	670.00	671.00	681.00	677.00	676.00	676.00	679.00	677.00	692.00	692.00	683.00	673.00	692.00	687.00	689.00	691.00	687.00	696.00	702.00	708.00	696.00	693.00	704.00	702.00	698.00	705.00	708.00	692.00	685.00	688.00	692.00	688.00	684.00	681.00	676.00	678.00	675.00	678.00	678.00	678.00	678.00	675.00	659.00	658.00	651.00	655.00	652.00	659.00	662.00	663.00	667.00	667.00	665.00	666.00	668.00	667.00	670.00	668.00	666.00	660.00	661.00	672.00	670.00	661.00	657.00	654.00	658.00	656.00	657.00	657.00	658.00	657.00	657.00	658.00	655.00	660.00	660.00	661.00	664.00	667.00	659.00	662.00	665.00	663.00	663.00	662.00	662.00	662.00	671.00	667.00	671.00	678.00	680.00	671.00	675.00	669.00	671.00	672.00	672.00	669.00	673.00	674.00	675.00	677.00	677.00	677.00	678.00	672.00	683.00	678.00	673.00	677.00	681.00	680.00	677.00	674.00	674.00	674.00	674.00	676.00	671.00	671.00	682.00	680.00	675.00	674.00	675.00	669.00	670.00	668.00	672.00	671.00	674.00	674.00	672.00	672.00	672.00	671.00	670.00	671.00	671.00	674.00	673.00	675.00	674.00	674.00	673.00	671.00	664.00	671.00	676.00	679.00	681.00	678.00	683.00	686.00	689.00	686.00	689.00	693.00	696.00	691.00	693.00	702.00	693.00	694.00	686.00	689.00	689.00	687.00	689.00	678.00
653.00	655.00	646.00	644.00	645.00	633.00	623.00	627.00	619.00	625.00	627.00	636.00	646.00	650.00	637.00	644.00	644.00	651.00	649.00	646.00	652.00	659.00	661.00	654.00	651.00	659.00	656.00	647.00	649.00	654.00	658.00	663.00	665.00	664.00	659.00	661.00	673.00	682.00	703.00	693.00	726.00	710.00	674.00	663.00	658.00	665.00	677.00	672.00	670.00	670.00	679.00	677.00	681.00	686.00	686.00	683.00	692.00	696.00	695.00	694.00	682.00	679.00	678.00	671.00	673.00	680.00	684.00	690.00	696.00	695.00	692.00	689.00	679.00	678.00	677.00	671.00	671.00	673.00	648.00	644.00	642.00	648.00	648.00	657.00	662.00	681.00	680.00	668.00	669.00	660.00	670.00	674.00	689.00	688.00	681.00	686.00	683.00	683.00	698.00	700.00	702.00	693.00	696.00	700.00	696.00	701.00	703.00	698.00	705.00	711.00	701.00	689.00	684.00	695.00	700.00	687.00	686.00	688.00	674.00	678.00	671.00	676.00	677.00	677.00	679.00	674.00	662.00	657.00	657.00	654.00	657.00	658.00	668.00	660.00	662.00	665.00	666.00	667.00	667.00	667.00	668.00	666.00	662.00	661.00	661.00	663.00	656.00	656.00	655.00	654.00	654.00	651.00	653.00	654.00	656.00	657.00	656.00	654.00	655.00	659.00	664.00	664.00	664.00	665.00	662.00	662.00	660.00	665.00	662.00	662.00	663.00	664.00	668.00	670.00	668.00	680.00	679.00	669.00	677.00	669.00	672.00	668.00	663.00	663.00	668.00	669.00	673.00	671.00	673.00	676.00	675.00	673.00	672.00	672.00	679.00	675.00	675.00	678.00	677.00	672.00	672.00	671.00	672.00	675.00	670.00	671.00	682.00	679.00	678.00	673.00	672.00	666.00	664.00	670.00	671.00	671.00	671.00	668.00	666.00	667.00	669.00	669.00	671.00	670.00	671.00	672.00	668.00	671.00	670.00	669.00	668.00	670.00	677.00	680.00	682.00	682.00	680.00	678.00	680.00	680.00	692.00	690.00	695.00	690.00	697.00	696.00	694.00	699.00	696.00	691.00	686.00	692.00	697.00	693.00	686.00	678.00
652.00	654.00	651.00	645.00	647.00	640.00	632.00	629.00	619.00	624.00	628.00	638.00	649.00	644.00	639.00	639.00	643.00	654.00	649.00	645.00	651.00	651.00	651.00	655.00	656.00	663.00	657.00	649.00	654.00	651.00	651.00	655.00	658.00	672.00	671.00	666.00	672.00	677.00	678.00	745.00	744.00	745.00	671.00	664.00	659.00	656.00	668.00	662.00	664.00	669.00	673.00	684.00	686.00	688.00	690.00	690.00	687.00	694.00	702.00	696.00	684.00	678.00	675.00	674.00	670.00	678.00	686.00	691.00	694.00	689.00	692.00	685.00	676.00	670.00	670.00	668.00	668.00	668.00	652.00	647.00	643.00	656.00	661.00	652.00	660.00	679.00	671.00	664.00	672.00	657.00	670.00	669.00	680.00	680.00	692.00	690.00	679.00	690.00	692.00	698.00	698.00	698.00	700.00	699.00	706.00	699.00	699.00	699.00	704.00	706.00	691.00	694.00	700.00	691.00	700.00	689.00	685.00	688.00	683.00	677.00	684.00	683.00	683.00	678.00	680.00	672.00	666.00	656.00	653.00	657.00	653.00	651.00	665.00	667.00	663.00	664.00	667.00	668.00	668.00	668.00	666.00	665.00	658.00	661.00	659.00	658.00	659.00	661.00	660.00	660.00	668.00	664.00	662.00	660.00	656.00	657.00	656.00	659.00	656.00	659.00	661.00	664.00	662.00	662.00	662.00	662.00	662.00	662.00	663.00	663.00	664.00	667.00	673.00	671.00	666.00	671.00	680.00	674.00	672.00	674.00	673.00	669.00	671.00	666.00	666.00	666.00	674.00	671.00	670.00	670.00	672.00	672.00	668.00	667.00	677.00	677.00	678.00	674.00	675.00	671.00	670.00	671.00	671.00	675.00	669.00	670.00	676.00	677.00	665.00	662.00	662.00	661.00	665.00	670.00	670.00	671.00	670.00	663.00	664.00	665.00	669.00	669.00	672.00	669.00	665.00	665.00	664.00	665.00	665.00	667.00	670.00	678.00	681.00	684.00	683.00	685.00	684.00	682.00	689.00	691.00	687.00	692.00	694.00	694.00	693.00	695.00	695.00	695.00	698.00	688.00	687.00	688.00	693.00	698.00	684.00	690.00
646.00	650.00	648.00	646.00	645.00	650.00	630.00	625.00	621.00	621.00	625.00	629.00	648.00	642.00	634.00	636.00	644.00	647.00	657.00	651.00	658.00	654.00	652.00	658.00	663.00	666.00	652.00	646.00	654.00	654.00	654.00	656.00	659.00	668.00	675.00	668.00	665.00	674.00	702.00	829.00	858.00	812.00	685.00	675.00	662.00	658.00	662.00	665.00	669.00	676.00	681.00	691.00	685.00	690.00	701.00	696.00	695.00	693.00	702.00	698.00	691.00	679.00	676.00	674.00	669.00	674.00	679.00	686.00	690.00	681.00	680.00	678.00	672.00	671.00	663.00	662.00	666.00	667.00	653.00	653.00	642.00	649.00	652.00	655.00	656.00	660.00	664.00	664.00	669.00	667.00	668.00	673.00	674.00	676.00	686.00	683.00	683.00	684.00	686.00	691.00	690.00	706.00	697.00	700.00	712.00	704.00	703.00	697.00	698.00	703.00	698.00	694.00	708.00	699.00	705.00	691.00	693.00	700.00	684.00	682.00	686.00	691.00	689.00	686.00	676.00	676.00	672.00	665.00	655.00	656.00	655.00	654.00	669.00	660.00	661.00	661.00	666.00	667.00	668.00	667.00	661.00	660.00	656.00	653.00	655.00	656.00	654.00	659.00	664.00	658.00	658.00	659.00	659.00	657.00	662.00	664.00	662.00	660.00	661.00	664.00	665.00	660.00	663.00	666.00	659.00	656.00	659.00	668.00	663.00	664.00	669.00	671.00	667.00	665.00	663.00	667.00	677.00	678.00	679.00	677.00	678.00	670.00	672.00	666.00	666.00	666.00	673.00	675.00	669.00	670.00	665.00	669.00	669.00	667.00	670.00	673.00	673.00	671.00	672.00	669.00	669.00	669.00	669.00	669.00	670.00	668.00	668.00	661.00	664.00	665.00	668.00	668.00	666.00	662.00	664.00	665.00	663.00	666.00	667.00	666.00	666.00	666.00	666.00	664.00	670.00	670.00	673.00	671.00	677.00	679.00	675.00	675.00	681.00	684.00	678.00	676.00	676.00	678.00	685.00	684.00	691.00	693.00	692.00	695.00	696.00	705.00	700.00	697.00	692.00	692.00	696.00	691.00	684.00	697.00	694.00	692.00
654.00	665.00	660.00	652.00	653.00	642.00	642.00	643.00	637.00	627.00	625.00	627.00	627.00	635.00	635.00	645.00	641.00	652.00	652.00	653.00	653.00	646.00	649.00	653.00	652.00	653.00	663.00	662.00	662.00	657.00	661.00	660.00	652.00	665.00	666.00	670.00	668.00	666.00	713.00	716.00	748.00	778.00	688.00	671.00	658.00	667.00	664.00	671.00	685.00	684.00	695.00	700.00	707.00	708.00	699.00	697.00	707.00	704.00	698.00	692.00	689.00	683.00	674.00	670.00	669.00	677.00	683.00	684.00	672.00	673.00	682.00	670.00	660.00	656.00	659.00	658.00	664.00	672.00	669.00	672.00	659.00	644.00	650.00	657.00	666.00	663.00	661.00	665.00	669.00	674.00	672.00	674.00	675.00	685.00	686.00	680.00	682.00	687.00	686.00	681.00	683.00	689.00	693.00	698.00	706.00	697.00	701.00	708.00	706.00	708.00	700.00	716.00	721.00	712.00	704.00	698.00	696.00	689.00	682.00	676.00	682.00	701.00	712.00	699.00	699.00	692.00	679.00	690.00	688.00	676.00	664.00	662.00	658.00	653.00	654.00	655.00	662.00	655.00	654.00	656.00	653.00	662.00	671.00	662.00	661.00	670.00	659.00	665.00	670.00	674.00	668.00	669.00	673.00	664.00	665.00	660.00	660.00	668.00	660.00	672.00	662.00	673.00	666.00	675.00	675.00	668.00	666.00	659.00	659.00	659.00	668.00	672.00	658.00	662.00	666.00	663.00	664.00	663.00	660.00	663.00	661.00	667.00	674.00	670.00	667.00	677.00	665.00	665.00	665.00	673.00	672.00	672.00	674.00	666.00	667.00	667.00	665.00	666.00	668.00	670.00	665.00	667.00	670.00	667.00	663.00	663.00	668.00	668.00	668.00	669.00	667.00	667.00	667.00	668.00	669.00	668.00	672.00	675.00	675.00	675.00	675.00	676.00	681.00	676.00	672.00	675.00	680.00	682.00	677.00	678.00	681.00	677.00	681.00	674.00	677.00	684.00	681.00	681.00	691.00	684.00	686.00	698.00	691.00	688.00	695.00	689.00	691.00	693.00	695.00	699.00	698.00	697.00	697.00	706.00	710.00	717.00
663.00	678.00	658.00	650.00	648.00	641.00	645.00	639.00	634.00	632.00	629.00	630.00	626.00	630.00	636.00	634.00	642.00	646.00	649.00	649.00	648.00	642.00	648.00	649.00	652.00	658.00	663.00	657.00	653.00	660.00	654.00	654.00	658.00	652.00	664.00	666.00	665.00	668.00	703.00	702.00	690.00	715.00	675.00	667.00	665.00	663.00	665.00	665.00	680.00	683.00	680.00	684.00	689.00	693.00	691.00	688.00	686.00	692.00	687.00	691.00	691.00	689.00	681.00	672.00	666.00	678.00	684.00	680.00	671.00	663.00	675.00	670.00	659.00	646.00	654.00	646.00	651.00	662.00	668.00	674.00	654.00	648.00	651.00	660.00	661.00	662.00	665.00	667.00	663.00	671.00	668.00	666.00	680.00	677.00	686.00	683.00	682.00	686.00	682.00	677.00	679.00	694.00	697.00	695.00	690.00	698.00	699.00	705.00	712.00	713.00	697.00	713.00	711.00	706.00	709.00	709.00	702.00	693.00	682.00	679.00	686.00	708.00	723.00	712.00	696.00	689.00	685.00	699.00	698.00	686.00	681.00	669.00	653.00	654.00	655.00	655.00	657.00	658.00	658.00	658.00	655.00	659.00	664.00	675.00	667.00	669.00	663.00	659.00	660.00	676.00	666.00	674.00	664.00	661.00	669.00	669.00	671.00	672.00	671.00	674.00	665.00	676.00	673.00	681.00	683.00	676.00	667.00	662.00	668.00	674.00	675.00	668.00	661.00	661.00	662.00	663.00	664.00	664.00	662.00	666.00	663.00	668.00	673.00	672.00	671.00	676.00	668.00	663.00	665.00	669.00	682.00	679.00	678.00	668.00	669.00	671.00	666.00	666.00	666.00	668.00	666.00	666.00	662.00	664.00	667.00	665.00	670.00	668.00	666.00	666.00	666.00	665.00	667.00	667.00	668.00	670.00	673.00	676.00	676.00	675.00	677.00	675.00	674.00	679.00	675.00	675.00	674.00	676.00	676.00	678.00	680.00	676.00	678.00	683.00	683.00	681.00	677.00	687.00	689.00	681.00	696.00	698.00	698.00	691.00	693.00	698.00	695.00	701.00	695.00	695.00	693.00	696.00	701.00	715.00	724.00	734.00
670.00	677.00	655.00	645.00	643.00	646.00	645.00	636.00	636.00	634.00	632.00	623.00	629.00	643.00	649.00	642.00	642.00	642.00	644.00	644.00	648.00	650.00	649.00	647.00	657.00	654.00	656.00	652.00	649.00	655.00	660.00	663.00	656.00	664.00	666.00	662.00	674.00	677.00	682.00	687.00	672.00	680.00	666.00	659.00	664.00	665.00	664.00	666.00	675.00	677.00	686.00	687.00	687.00	688.00	687.00	680.00	680.00	678.00	680.00	686.00	691.00	688.00	683.00	670.00	665.00	680.00	671.00	666.00	667.00	647.00	654.00	649.00	650.00	648.00	643.00	643.00	647.00	658.00	665.00	668.00	652.00	650.00	650.00	661.00	662.00	659.00	671.00	670.00	667.00	666.00	661.00	665.00	677.00	674.00	675.00	680.00	682.00	687.00	677.00	678.00	692.00	700.00	697.00	692.00	690.00	699.00	695.00	702.00	700.00	700.00	704.00	709.00	704.00	700.00	700.00	702.00	690.00	693.00	681.00	678.00	686.00	699.00	718.00	725.00	700.00	690.00	688.00	690.00	691.00	693.00	687.00	683.00	654.00	652.00	651.00	652.00	654.00	656.00	657.00	653.00	653.00	659.00	656.00	661.00	669.00	667.00	674.00	661.00	661.00	676.00	677.00	675.00	668.00	665.00	671.00	667.00	671.00	674.00	675.00	672.00	670.00	675.00	682.00	676.00	676.00	675.00	679.00	670.00	677.00	672.00	675.00	663.00	672.00	662.00	660.00	662.00	662.00	663.00	663.00	665.00	665.00	664.00	667.00	671.00	671.00	676.00	680.00	666.00	667.00	674.00	677.00	673.00	666.00	666.00	670.00	672.00	668.00	665.00	670.00	667.00	669.00	662.00	666.00	667.00	667.00	669.00	670.00	667.00	666.00	666.00	666.00	668.00	667.00	670.00	671.00	670.00	674.00	682.00	682.00	677.00	677.00	674.00	677.00	678.00	677.00	678.00	678.00	678.00	680.00	677.00	678.00	678.00	682.00	685.00	681.00	680.00	681.00	678.00	678.00	681.00	678.00	682.00	681.00	684.00	699.00	697.00	695.00	698.00	701.00	692.00	692.00	700.00	705.00	739.00	744.00	751.00
664.00	658.00	651.00	646.00	645.00	650.00	641.00	637.00	631.00	629.00	631.00	619.00	634.00	654.00	654.00	648.00	644.00	641.00	646.00	645.00	647.00	642.00	644.00	650.00	653.00	652.00	650.00	649.00	654.00	656.00	652.00	657.00	659.00	662.00	659.00	659.00	665.00	662.00	680.00	682.00	679.00	683.00	683.00	664.00	674.00	668.00	671.00	672.00	689.00	694.00	700.00	702.00	705.00	696.00	683.00	679.00	667.00	667.00	673.00	674.00	673.00	676.00	677.00	669.00	658.00	685.00	677.00	671.00	663.00	650.00	643.00	645.00	650.00	644.00	660.00	652.00	645.00	648.00	650.00	657.00	650.00	644.00	651.00	656.00	659.00	661.00	664.00	677.00	667.00	662.00	664.00	670.00	675.00	671.00	672.00	682.00	680.00	680.00	678.00	681.00	696.00	689.00	688.00	691.00	692.00	702.00	699.00	694.00	694.00	696.00	704.00	712.00	711.00	710.00	701.00	703.00	703.00	700.00	685.00	685.00	681.00	693.00	705.00	717.00	704.00	685.00	693.00	697.00	683.00	689.00	694.00	692.00	666.00	663.00	659.00	658.00	662.00	662.00	656.00	656.00	658.00	660.00	656.00	662.00	669.00	665.00	673.00	671.00	662.00	667.00	672.00	672.00	674.00	671.00	678.00	679.00	680.00	675.00	686.00	681.00	675.00	674.00	677.00	685.00	683.00	675.00	672.00	673.00	672.00	676.00	673.00	674.00	676.00	674.00	661.00	659.00	663.00	663.00	666.00	665.00	670.00	669.00	662.00	667.00	670.00	681.00	681.00	677.00	676.00	677.00	665.00	668.00	666.00	665.00	667.00	675.00	667.00	664.00	668.00	664.00	664.00	662.00	666.00	667.00	669.00	669.00	669.00	668.00	669.00	671.00	671.00	668.00	668.00	674.00	673.00	675.00	678.00	686.00	684.00	682.00	676.00	676.00	679.00	677.00	682.00	681.00	683.00	679.00	683.00	677.00	679.00	683.00	684.00	687.00	684.00	685.00	685.00	680.00	681.00	687.00	686.00	692.00	694.00	692.00	686.00	693.00	692.00	694.00	701.00	701.00	699.00	701.00	707.00	748.00	755.00	755.00
658.00	659.00	659.00	653.00	648.00	650.00	643.00	634.00	634.00	632.00	622.00	635.00	649.00	656.00	662.00	657.00	653.00	656.00	660.00	657.00	647.00	643.00	642.00	644.00	649.00	654.00	653.00	656.00	653.00	656.00	661.00	666.00	659.00	655.00	660.00	666.00	667.00	658.00	665.00	673.00	679.00	683.00	672.00	660.00	676.00	669.00	670.00	672.00	678.00	682.00	697.00	703.00	716.00	704.00	687.00	684.00	675.00	672.00	669.00	669.00	661.00	658.00	661.00	661.00	656.00	678.00	678.00	671.00	659.00	648.00	652.00	658.00	669.00	678.00	669.00	659.00	652.00	657.00	643.00	642.00	650.00	653.00	653.00	680.00	669.00	662.00	676.00	688.00	678.00	670.00	668.00	678.00	686.00	694.00	690.00	687.00	684.00	677.00	682.00	677.00	678.00	687.00	682.00	691.00	695.00	697.00	697.00	702.00	709.00	709.00	708.00	697.00	695.00	710.00	713.00	708.00	698.00	701.00	685.00	695.00	686.00	684.00	699.00	701.00	699.00	687.00	692.00	701.00	697.00	691.00	694.00	702.00	688.00	671.00	675.00	665.00	664.00	667.00	661.00	656.00	662.00	663.00	673.00	672.00	674.00	675.00	675.00	679.00	673.00	674.00	678.00	683.00	681.00	677.00	673.00	670.00	681.00	690.00	699.00	699.00	688.00	695.00	685.00	675.00	677.00	680.00	684.00	685.00	676.00	677.00	679.00	682.00	699.00	696.00	670.00	681.00	683.00	670.00	670.00	679.00	672.00	664.00	666.00	667.00	675.00	664.00	667.00	664.00	675.00	665.00	667.00	662.00	659.00	658.00	664.00	667.00	663.00	663.00	667.00	668.00	666.00	667.00	669.00	671.00	665.00	669.00	672.00	671.00	671.00	670.00	672.00	670.00	677.00	676.00	677.00	677.00	682.00	683.00	685.00	689.00	688.00	682.00	676.00	681.00	688.00	689.00	687.00	681.00	680.00	683.00	682.00	686.00	687.00	688.00	684.00	685.00	688.00	684.00	687.00	691.00	689.00	689.00	687.00	701.00	691.00	699.00	693.00	698.00	698.00	703.00	702.00	709.00	709.00	712.00	717.00	723.00
666.00	660.00	651.00	650.00	650.00	658.00	636.00	630.00	626.00	627.00	621.00	631.00	640.00	646.00	659.00	649.00	648.00	653.00	660.00	658.00	649.00	646.00	643.00	645.00	654.00	647.00	658.00	664.00	659.00	665.00	663.00	658.00	661.00	657.00	657.00	660.00	663.00	658.00	654.00	663.00	675.00	681.00	671.00	660.00	671.00	675.00	683.00	676.00	679.00	684.00	694.00	694.00	708.00	694.00	687.00	679.00	673.00	672.00	678.00	665.00	662.00	661.00	656.00	656.00	648.00	670.00	665.00	654.00	644.00	655.00	659.00	658.00	665.00	687.00	692.00	694.00	677.00	658.00	648.00	647.00	658.00	668.00	675.00	694.00	688.00	665.00	675.00	686.00	678.00	673.00	675.00	681.00	693.00	688.00	683.00	685.00	689.00	682.00	677.00	681.00	685.00	678.00	687.00	694.00	699.00	694.00	696.00	702.00	704.00	700.00	707.00	706.00	708.00	704.00	701.00	698.00	699.00	696.00	685.00	688.00	691.00	692.00	694.00	700.00	692.00	694.00	691.00	699.00	699.00	697.00	691.00	699.00	696.00	681.00	674.00	676.00	671.00	670.00	663.00	669.00	678.00	675.00	677.00	680.00	678.00	683.00	685.00	683.00	678.00	677.00	684.00	685.00	684.00	679.00	678.00	681.00	681.00	686.00	703.00	707.00	699.00	698.00	696.00	687.00	685.00	684.00	687.00	680.00	681.00	685.00	677.00	680.00	697.00	692.00	686.00	705.00	711.00	696.00	686.00	691.00	697.00	688.00	688.00	684.00	683.00	675.00	663.00	661.00	666.00	665.00	666.00	675.00	672.00	667.00	666.00	662.00	663.00	669.00	668.00	667.00	670.00	670.00	670.00	670.00	667.00	669.00	672.00	669.00	674.00	678.00	671.00	667.00	674.00	677.00	675.00	683.00	687.00	684.00	687.00	686.00	684.00	678.00	683.00	686.00	691.00	696.00	689.00	686.00	687.00	685.00	681.00	690.00	692.00	690.00	691.00	685.00	690.00	689.00	689.00	687.00	682.00	681.00	688.00	694.00	696.00	694.00	703.00	702.00	693.00	699.00	704.00	707.00	709.00	708.00	711.00	709.00
666.00	658.00	647.00	648.00	660.00	671.00	636.00	623.00	627.00	626.00	621.00	639.00	645.00	649.00	656.00	648.00	649.00	655.00	654.00	650.00	643.00	645.00	646.00	647.00	647.00	649.00	654.00	661.00	663.00	662.00	658.00	661.00	658.00	653.00	653.00	657.00	663.00	660.00	652.00	659.00	676.00	681.00	665.00	663.00	680.00	691.00	696.00	679.00	674.00	680.00	684.00	695.00	706.00	695.00	686.00	680.00	676.00	676.00	676.00	664.00	667.00	662.00	652.00	651.00	644.00	651.00	640.00	643.00	650.00	648.00	652.00	656.00	664.00	689.00	693.00	697.00	699.00	687.00	653.00	662.00	668.00	689.00	707.00	706.00	701.00	678.00	672.00	689.00	684.00	677.00	679.00	681.00	702.00	695.00	692.00	697.00	698.00	688.00	682.00	683.00	689.00	675.00	684.00	700.00	696.00	692.00	692.00	704.00	705.00	696.00	707.00	712.00	708.00	701.00	710.00	710.00	707.00	698.00	694.00	692.00	687.00	697.00	694.00	704.00	701.00	702.00	698.00	701.00	702.00	703.00	696.00	696.00	706.00	696.00	687.00	685.00	675.00	674.00	671.00	685.00	689.00	688.00	683.00	685.00	678.00	691.00	690.00	683.00	677.00	678.00	695.00	692.00	690.00	684.00	675.00	681.00	680.00	680.00	693.00	701.00	704.00	701.00	700.00	680.00	690.00	690.00	687.00	680.00	685.00	679.00	682.00	679.00	701.00	700.00	689.00	702.00	707.00	700.00	691.00	705.00	714.00	703.00	710.00	697.00	697.00	683.00	668.00	661.00	661.00	663.00	676.00	676.00	673.00	672.00	670.00	670.00	672.00	671.00	669.00	667.00	669.00	674.00	674.00	672.00	668.00	668.00	671.00	671.00	674.00	673.00	673.00	675.00	669.00	673.00	678.00	687.00	690.00	673.00	676.00	680.00	672.00	673.00	678.00	679.00	686.00	687.00	694.00	693.00	689.00	683.00	685.00	685.00	687.00	684.00	684.00	684.00	684.00	690.00	693.00	693.00	692.00	687.00	688.00	689.00	695.00	694.00	703.00	697.00	694.00	700.00	707.00	711.00	705.00	718.00	712.00	712.00
675.00	663.00	648.00	650.00	661.00	667.00	633.00	627.00	625.00	631.00	619.00	647.00	650.00	652.00	648.00	654.00	653.00	659.00	655.00	647.00	641.00	647.00	646.00	653.00	646.00	651.00	656.00	651.00	663.00	657.00	654.00	659.00	658.00	651.00	653.00	655.00	657.00	659.00	655.00	662.00	673.00	676.00	669.00	671.00	694.00	700.00	695.00	680.00	673.00	676.00	677.00	692.00	705.00	709.00	689.00	680.00	672.00	677.00	674.00	658.00	669.00	665.00	652.00	645.00	641.00	644.00	642.00	646.00	642.00	656.00	655.00	666.00	684.00	688.00	713.00	717.00	725.00	723.00	684.00	666.00	677.00	700.00	703.00	701.00	702.00	689.00	677.00	700.00	692.00	687.00	686.00	688.00	708.00	707.00	704.00	704.00	693.00	693.00	683.00	683.00	693.00	683.00	682.00	689.00	690.00	692.00	693.00	698.00	700.00	699.00	713.00	707.00	703.00	700.00	713.00	706.00	702.00	697.00	709.00	691.00	692.00	693.00	688.00	701.00	699.00	706.00	695.00	704.00	702.00	699.00	693.00	700.00	700.00	697.00	686.00	686.00	681.00	679.00	680.00	678.00	682.00	687.00	683.00	691.00	686.00	702.00	695.00	688.00	682.00	682.00	693.00	701.00	695.00	687.00	672.00	679.00	690.00	689.00	693.00	697.00	697.00	698.00	704.00	692.00	695.00	707.00	693.00	698.00	689.00	679.00	682.00	682.00	698.00	700.00	694.00	693.00	699.00	695.00	689.00	691.00	712.00	714.00	718.00	702.00	688.00	695.00	681.00	663.00	660.00	667.00	669.00	676.00	678.00	678.00	678.00	674.00	673.00	675.00	672.00	669.00	671.00	672.00	678.00	674.00	673.00	673.00	677.00	675.00	672.00	672.00	675.00	678.00	672.00	674.00	679.00	676.00	686.00	671.00	672.00	672.00	671.00	673.00	677.00	678.00	684.00	683.00	684.00	691.00	692.00	683.00	687.00	679.00	684.00	686.00	688.00	684.00	685.00	687.00	685.00	686.00	686.00	697.00	690.00	688.00	694.00	704.00	691.00	701.00	701.00	702.00	710.00	716.00	709.00	730.00	721.00	711.00
659.00	658.00	660.00	663.00	666.00	646.00	625.00	632.00	632.00	623.00	630.00	641.00	639.00	643.00	647.00	658.00	661.00	651.00	648.00	641.00	642.00	649.00	645.00	648.00	659.00	670.00	671.00	670.00	659.00	649.00	654.00	660.00	660.00	652.00	650.00	653.00	659.00	659.00	651.00	655.00	660.00	657.00	656.00	664.00	688.00	685.00	681.00	676.00	670.00	688.00	704.00	692.00	703.00	702.00	692.00	683.00	665.00	665.00	664.00	663.00	652.00	648.00	645.00	642.00	642.00	645.00	653.00	649.00	658.00	652.00	663.00	677.00	677.00	687.00	696.00	695.00	701.00	717.00	691.00	693.00	687.00	698.00	701.00	691.00	688.00	686.00	685.00	703.00	701.00	711.00	719.00	696.00	708.00	715.00	719.00	698.00	692.00	693.00	683.00	692.00	695.00	682.00	699.00	695.00	694.00	702.00	699.00	711.00	716.00	719.00	711.00	708.00	712.00	708.00	710.00	705.00	705.00	700.00	697.00	697.00	699.00	699.00	702.00	702.00	702.00	704.00	710.00	705.00	698.00	704.00	695.00	696.00	691.00	703.00	686.00	689.00	683.00	693.00	712.00	701.00	697.00	687.00	693.00	688.00	693.00	695.00	693.00	693.00	690.00	705.00	699.00	694.00	694.00	691.00	671.00	676.00	694.00	697.00	699.00	695.00	697.00	704.00	704.00	696.00	708.00	705.00	707.00	715.00	684.00	692.00	691.00	687.00	685.00	687.00	686.00	690.00	702.00	710.00	706.00	704.00	719.00	692.00	691.00	692.00	688.00	707.00	710.00	698.00	686.00	686.00	676.00	681.00	673.00	675.00	677.00	678.00	677.00	675.00	678.00	681.00	677.00	675.00	677.00	678.00	678.00	678.00	672.00	670.00	671.00	680.00	674.00	676.00	678.00	671.00	675.00	682.00	678.00	672.00	681.00	676.00	670.00	676.00	670.00	671.00	673.00	678.00	686.00	690.00	691.00	684.00	680.00	678.00	681.00	686.00	684.00	684.00	683.00	687.00	686.00	689.00	686.00	688.00	699.00	689.00	698.00	698.00	702.00	702.00	699.00	708.00	714.00	714.00	718.00	727.00	722.00	717.00
659.00	658.00	660.00	663.00	666.00	646.00	625.00	632.00	632.00	623.00	630.00	641.00	639.00	643.00	647.00	658.00	661.00	651.00	648.00	641.00	642.00	649.00	645.00	648.00	659.00	670.00	671.00	670.00	659.00	649.00	654.00	660.00	660.00	652.00	650.00	653.00	659.00	659.00	651.00	655.00	660.00	657.00	656.00	664.00	688.00	685.00	681.00	676.00	670.00	688.00	704.00	692.00	703.00	702.00	692.00	683.00	665.00	665.00	664.00	663.00	652.00	648.00	645.00	642.00	642.00	645.00	653.00	649.00	658.00	652.00	663.00	677.00	677.00	687.00	696.00	695.00	701.00	717.00	691.00	693.00	687.00	698.00	701.00	691.00	688.00	686.00	685.00	703.00	701.00	711.00	719.00	696.00	708.00	715.00	719.00	698.00	692.00	693.00	683.00	692.00	695.00	682.00	699.00	695.00	694.00	702.00	699.00	711.00	716.00	719.00	711.00	708.00	712.00	708.00	710.00	705.00	705.00	700.00	697.00	697.00	699.00	699.00	702.00	702.00	702.00	704.00	710.00	705.00	698.00	704.00	695.00	696.00	691.00	703.00	686.00	689.00	683.00	693.00	712.00	701.00	697.00	687.00	693.00	688.00	693.00	695.00	693.00	693.00	690.00	705.00	699.00	694.00	694.00	691.00	671.00	676.00	694.00	697.00	699.00	695.00	697.00	704.00	704.00	696.00	708.00	705.00	707.00	715.00	684.00	692.00	691.00	687.00	685.00	687.00	686.00	690.00	702.00	710.00	706.00	704.00	719.00	692.00	691.00	692.00	688.00	707.00	710.00	698.00	686.00	686.00	676.00	681.00	673.00	675.00	677.00	678.00	677.00	675.00	678.00	681.00	677.00	675.00	677.00	678.00	678.00	678.00	672.00	670.00	671.00	680.00	674.00	676.00	678.00	671.00	675.00	682.00	678.00	672.00	681.00	676.00	670.00	676.00	670.00	671.00	673.00	678.00	686.00	690.00	691.00	684.00	680.00	678.00	681.00	686.00	684.00	684.00	683.00	687.00	686.00	689.00	686.00	688.00	699.00	689.00	698.00	698.00	702.00	702.00	699.00	708.00	714.00	714.00	718.00	727.00	722.00	717.00
673.00	677.00	658.00	661.00	660.00	653.00	627.00	629.00	629.00	620.00	631.00	650.00	654.00	653.00	655.00	653.00	654.00	646.00	647.00	642.00	652.00	650.00	644.00	647.00	665.00	680.00	692.00	673.00	661.00	645.00	651.00	659.00	656.00	645.00	649.00	657.00	660.00	659.00	652.00	655.00	654.00	649.00	658.00	662.00	675.00	677.00	669.00	664.00	672.00	684.00	694.00	696.00	699.00	696.00	694.00	682.00	669.00	678.00	675.00	660.00	653.00	645.00	639.00	641.00	643.00	650.00	643.00	646.00	659.00	658.00	668.00	676.00	668.00	678.00	683.00	680.00	686.00	690.00	685.00	685.00	691.00	690.00	690.00	679.00	674.00	671.00	675.00	692.00	698.00	704.00	711.00	707.00	712.00	717.00	714.00	701.00	689.00	689.00	681.00	686.00	696.00	693.00	693.00	696.00	703.00	708.00	710.00	704.00	708.00	709.00	716.00	717.00	719.00	718.00	706.00	707.00	704.00	694.00	705.00	700.00	693.00	702.00	708.00	699.00	703.00	704.00	707.00	698.00	704.00	705.00	706.00	697.00	691.00	695.00	681.00	681.00	680.00	692.00	699.00	697.00	701.00	692.00	702.00	693.00	695.00	693.00	693.00	690.00	693.00	711.00	704.00	699.00	685.00	683.00	670.00	675.00	692.00	699.00	691.00	700.00	699.00	705.00	699.00	699.00	699.00	703.00	706.00	709.00	688.00	694.00	694.00	688.00	686.00	693.00	687.00	686.00	690.00	704.00	702.00	705.00	709.00	706.00	705.00	712.00	699.00	696.00	716.00	702.00	690.00	688.00	684.00	682.00	675.00	672.00	680.00	679.00	676.00	677.00	675.00	680.00	681.00	680.00	678.00	675.00	678.00	677.00	677.00	674.00	673.00	679.00	676.00	673.00	675.00	672.00	674.00	681.00	679.00	679.00	673.00	675.00	675.00	673.00	673.00	668.00	673.00	674.00	679.00	687.00	686.00	682.00	680.00	683.00	681.00	683.00	685.00	687.00	686.00	686.00	689.00	690.00	687.00	690.00	696.00	695.00	697.00	704.00	706.00	703.00	711.00	712.00	720.00	716.00	720.00	724.00	718.00	716.00
669.00	667.00	645.00	648.00	646.00	649.00	629.00	627.00	624.00	622.00	627.00	639.00	643.00	654.00	657.00	656.00	656.00	649.00	646.00	647.00	646.00	636.00	640.00	648.00	664.00	670.00	666.00	663.00	656.00	658.00	647.00	649.00	650.00	653.00	654.00	657.00	660.00	659.00	653.00	660.00	659.00	648.00	659.00	667.00	676.00	696.00	699.00	674.00	677.00	684.00	692.00	692.00	682.00	681.00	682.00	677.00	690.00	692.00	691.00	677.00	662.00	647.00	645.00	641.00	648.00	665.00	662.00	659.00	659.00	665.00	671.00	673.00	670.00	666.00	662.00	659.00	666.00	661.00	664.00	666.00	669.00	670.00	671.00	665.00	669.00	670.00	675.00	665.00	669.00	678.00	688.00	712.00	725.00	718.00	697.00	697.00	687.00	694.00	692.00	695.00	687.00	693.00	697.00	695.00	709.00	716.00	712.00	707.00	707.00	714.00	722.00	720.00	721.00	713.00	712.00	701.00	702.00	697.00	705.00	706.00	700.00	701.00	715.00	695.00	697.00	704.00	708.00	715.00	710.00	705.00	698.00	700.00	693.00	697.00	702.00	695.00	688.00	689.00	696.00	706.00	698.00	707.00	699.00	697.00	697.00	704.00	697.00	697.00	700.00	703.00	697.00	697.00	695.00	703.00	685.00	677.00	676.00	687.00	681.00	703.00	703.00	701.00	695.00	701.00	703.00	699.00	699.00	692.00	693.00	707.00	702.00	692.00	682.00	683.00	692.00	708.00	706.00	710.00	710.00	720.00	726.00	706.00	712.00	727.00	714.00	701.00	695.00	693.00	695.00	696.00	689.00	680.00	681.00	676.00	680.00	682.00	674.00	679.00	678.00	678.00	679.00	679.00	679.00	679.00	676.00	679.00	673.00	672.00	675.00	680.00	682.00	681.00	679.00	680.00	677.00	676.00	678.00	682.00	679.00	679.00	673.00	672.00	681.00	675.00	676.00	675.00	678.00	683.00	680.00	678.00	676.00	682.00	685.00	686.00	686.00	689.00	690.00	687.00	687.00	688.00	694.00	690.00	697.00	693.00	706.00	709.00	708.00	702.00	706.00	715.00	735.00	728.00	720.00	719.00	724.00	719.00
653.00	646.00	651.00	658.00	650.00	641.00	630.00	628.00	626.00	622.00	630.00	651.00	652.00	645.00	640.00	647.00	652.00	646.00	646.00	643.00	635.00	636.00	642.00	649.00	658.00	659.00	660.00	657.00	661.00	648.00	644.00	652.00	647.00	660.00	662.00	662.00	655.00	657.00	655.00	654.00	652.00	646.00	658.00	669.00	683.00	696.00	718.00	672.00	665.00	671.00	687.00	696.00	692.00	682.00	681.00	694.00	706.00	703.00	705.00	695.00	686.00	668.00	645.00	644.00	645.00	668.00	670.00	666.00	675.00	668.00	670.00	666.00	661.00	658.00	654.00	658.00	663.00	666.00	684.00	682.00	670.00	667.00	679.00	672.00	671.00	671.00	668.00	682.00	683.00	680.00	669.00	679.00	696.00	712.00	722.00	720.00	726.00	713.00	717.00	704.00	701.00	709.00	697.00	702.00	705.00	711.00	708.00	703.00	715.00	721.00	718.00	721.00	711.00	716.00	705.00	712.00	719.00	713.00	707.00	710.00	709.00	703.00	722.00	705.00	710.00	704.00	712.00	713.00	711.00	706.00	707.00	697.00	706.00	694.00	695.00	698.00	699.00	688.00	690.00	701.00	708.00	701.00	710.00	706.00	706.00	701.00	694.00	702.00	702.00	701.00	698.00	700.00	699.00	708.00	684.00	678.00	680.00	682.00	687.00	700.00	707.00	710.00	704.00	702.00	702.00	700.00	700.00	704.00	698.00	705.00	707.00	702.00	685.00	694.00	693.00	702.00	704.00	694.00	699.00	708.00	714.00	735.00	718.00	719.00	732.00	713.00	722.00	702.00	693.00	699.00	711.00	692.00	686.00	685.00	684.00	684.00	682.00	682.00	681.00	683.00	685.00	684.00	679.00	679.00	685.00	679.00	690.00	683.00	671.00	683.00	677.00	680.00	677.00	679.00	674.00	682.00	688.00	683.00	679.00	674.00	673.00	678.00	678.00	674.00	673.00	678.00	673.00	684.00	682.00	680.00	681.00	682.00	686.00	688.00	692.00	697.00	687.00	692.00	691.00	688.00	696.00	691.00	697.00	697.00	703.00	702.00	705.00	702.00	712.00	717.00	716.00	723.00	727.00	741.00	736.00	728.00
661.00	661.00	655.00	655.00	647.00	636.00	628.00	628.00	628.00	625.00	622.00	637.00	644.00	641.00	639.00	643.00	643.00	646.00	648.00	645.00	639.00	639.00	644.00	646.00	654.00	660.00	661.00	659.00	661.00	647.00	647.00	652.00	649.00	663.00	658.00	651.00	656.00	657.00	652.00	658.00	646.00	643.00	651.00	659.00	665.00	670.00	719.00	689.00	665.00	672.00	686.00	698.00	693.00	681.00	685.00	701.00	712.00	704.00	702.00	703.00	692.00	677.00	647.00	647.00	649.00	666.00	665.00	666.00	678.00	667.00	665.00	659.00	659.00	660.00	664.00	666.00	673.00	679.00	675.00	677.00	672.00	673.00	677.00	674.00	671.00	677.00	676.00	674.00	685.00	685.00	678.00	681.00	692.00	720.00	737.00	732.00	735.00	716.00	715.00	706.00	704.00	710.00	703.00	706.00	719.00	720.00	704.00	706.00	721.00	722.00	716.00	713.00	704.00	701.00	723.00	716.00	718.00	714.00	708.00	711.00	713.00	711.00	720.00	702.00	702.00	710.00	701.00	712.00	723.00	717.00	715.00	702.00	695.00	687.00	695.00	701.00	704.00	693.00	691.00	696.00	707.00	709.00	706.00	708.00	703.00	700.00	697.00	704.00	707.00	703.00	714.00	709.00	705.00	699.00	688.00	689.00	680.00	677.00	688.00	707.00	712.00	715.00	704.00	706.00	705.00	704.00	698.00	707.00	698.00	704.00	706.00	706.00	689.00	701.00	696.00	706.00	720.00	707.00	697.00	696.00	701.00	721.00	719.00	711.00	724.00	720.00	721.00	708.00	701.00	707.00	721.00	700.00	689.00	686.00	684.00	686.00	682.00	684.00	683.00	689.00	689.00	689.00	685.00	684.00	685.00	682.00	681.00	680.00	676.00	682.00	673.00	681.00	676.00	680.00	673.00	679.00	684.00	684.00	679.00	685.00	680.00	680.00	683.00	674.00	676.00	678.00	677.00	682.00	681.00	684.00	684.00	683.00	684.00	688.00	691.00	684.00	686.00	694.00	697.00	688.00	698.00	699.00	688.00	689.00	700.00	704.00	703.00	707.00	720.00	725.00	719.00	718.00	725.00	738.00	735.00	734.00
653.00	659.00	651.00	642.00	633.00	638.00	636.00	629.00	631.00	632.00	625.00	628.00	630.00	633.00	632.00	638.00	638.00	643.00	644.00	638.00	648.00	644.00	645.00	648.00	655.00	658.00	659.00	662.00	666.00	650.00	647.00	647.00	644.00	648.00	646.00	647.00	646.00	648.00	651.00	645.00	637.00	643.00	643.00	644.00	653.00	658.00	703.00	722.00	681.00	666.00	678.00	685.00	676.00	672.00	678.00	698.00	708.00	693.00	690.00	692.00	653.00	643.00	640.00	643.00	645.00	665.00	661.00	664.00	668.00	658.00	657.00	656.00	660.00	665.00	676.00	668.00	669.00	680.00	676.00	671.00	678.00	670.00	681.00	676.00	680.00	682.00	674.00	677.00	689.00	695.00	680.00	673.00	698.00	711.00	734.00	742.00	728.00	727.00	711.00	709.00	715.00	709.00	713.00	715.00	727.00	721.00	717.00	722.00	722.00	718.00	724.00	709.00	711.00	702.00	726.00	719.00	722.00	713.00	704.00	711.00	715.00	711.00	717.00	719.00	705.00	709.00	709.00	708.00	721.00	716.00	719.00	705.00	694.00	687.00	697.00	701.00	705.00	697.00	696.00	694.00	705.00	710.00	709.00	711.00	706.00	701.00	694.00	707.00	706.00	709.00	721.00	705.00	706.00	697.00	696.00	689.00	685.00	683.00	686.00	698.00	714.00	710.00	721.00	704.00	705.00	704.00	698.00	707.00	697.00	697.00	700.00	702.00	692.00	701.00	698.00	702.00	718.00	720.00	698.00	703.00	695.00	709.00	721.00	719.00	714.00	714.00	711.00	709.00	708.00	704.00	709.00	698.00	689.00	688.00	690.00	685.00	684.00	685.00	685.00	692.00	691.00	689.00	687.00	686.00	684.00	686.00	686.00	685.00	682.00	685.00	682.00	680.00	676.00	679.00	672.00	673.00	686.00	678.00	687.00	687.00	689.00	688.00	685.00	688.00	679.00	676.00	678.00	680.00	685.00	680.00	686.00	687.00	688.00	685.00	690.00	683.00	694.00	691.00	693.00	687.00	697.00	696.00	692.00	688.00	697.00	703.00	700.00	710.00	724.00	734.00	726.00	722.00	721.00	743.00	733.00	740.00
647.00	652.00	642.00	636.00	636.00	647.00	639.00	635.00	635.00	630.00	629.00	627.00	630.00	631.00	632.00	634.00	634.00	641.00	644.00	642.00	641.00	650.00	650.00	651.00	652.00	657.00	663.00	665.00	659.00	649.00	643.00	645.00	646.00	644.00	644.00	650.00	645.00	650.00	650.00	644.00	640.00	642.00	638.00	639.00	647.00	661.00	679.00	758.00	699.00	674.00	670.00	677.00	668.00	671.00	682.00	696.00	690.00	683.00	680.00	676.00	642.00	645.00	648.00	643.00	641.00	664.00	658.00	664.00	663.00	659.00	658.00	657.00	666.00	683.00	667.00	668.00	670.00	681.00	674.00	671.00	681.00	678.00	681.00	679.00	684.00	682.00	677.00	670.00	688.00	696.00	681.00	670.00	699.00	706.00	726.00	739.00	714.00	713.00	714.00	712.00	722.00	711.00	714.00	727.00	723.00	719.00	719.00	727.00	717.00	713.00	715.00	698.00	700.00	694.00	724.00	718.00	714.00	704.00	708.00	717.00	717.00	705.00	723.00	716.00	709.00	707.00	715.00	704.00	708.00	707.00	714.00	714.00	697.00	692.00	700.00	701.00	700.00	697.00	692.00	695.00	698.00	716.00	711.00	711.00	704.00	704.00	704.00	708.00	713.00	702.00	709.00	704.00	705.00	697.00	694.00	687.00	687.00	673.00	683.00	695.00	703.00	709.00	717.00	704.00	703.00	707.00	702.00	711.00	703.00	706.00	698.00	700.00	692.00	697.00	704.00	695.00	704.00	708.00	702.00	712.00	700.00	702.00	715.00	717.00	717.00	707.00	704.00	713.00	711.00	699.00	697.00	698.00	699.00	691.00	687.00	686.00	683.00	685.00	688.00	695.00	694.00	693.00	692.00	690.00	688.00	690.00	692.00	684.00	690.00	686.00	684.00	687.00	676.00	678.00	675.00	678.00	680.00	690.00	686.00	685.00	684.00	681.00	680.00	679.00	684.00	688.00	686.00	687.00	682.00	684.00	680.00	685.00	683.00	683.00	689.00	688.00	696.00	693.00	686.00	687.00	690.00	691.00	698.00	688.00	701.00	702.00	706.00	714.00	725.00	728.00	723.00	725.00	728.00	734.00	731.00	734.00
656.00	644.00	658.00	652.00	651.00	660.00	645.00	637.00	634.00	636.00	627.00	631.00	628.00	622.00	626.00	628.00	633.00	637.00	637.00	646.00	642.00	643.00	650.00	654.00	642.00	644.00	640.00	641.00	637.00	632.00	632.00	633.00	634.00	645.00	652.00	650.00	639.00	647.00	633.00	628.00	628.00	630.00	634.00	634.00	634.00	635.00	654.00	801.00	690.00	664.00	653.00	667.00	665.00	671.00	675.00	677.00	674.00	670.00	652.00	640.00	649.00	645.00	651.00	652.00	653.00	653.00	652.00	658.00	655.00	658.00	646.00	654.00	656.00	666.00	665.00	666.00	667.00	669.00	662.00	676.00	689.00	682.00	678.00	689.00	692.00	683.00	678.00	685.00	681.00	688.00	697.00	681.00	686.00	703.00	715.00	723.00	739.00	732.00	722.00	717.00	715.00	716.00	720.00	708.00	706.00	713.00	715.00	710.00	705.00	706.00	716.00	715.00	702.00	712.00	721.00	712.00	714.00	713.00	715.00	711.00	717.00	710.00	714.00	709.00	713.00	714.00	721.00	715.00	703.00	712.00	706.00	707.00	705.00	702.00	699.00	701.00	699.00	699.00	704.00	703.00	706.00	716.00	713.00	706.00	708.00	714.00	716.00	714.00	715.00	707.00	707.00	711.00	699.00	700.00	696.00	690.00	688.00	683.00	691.00	699.00	705.00	700.00	706.00	708.00	712.00	704.00	714.00	716.00	692.00	700.00	704.00	695.00	691.00	688.00	700.00	713.00	703.00	710.00	711.00	707.00	716.00	715.00	703.00	703.00	717.00	725.00	711.00	707.00	697.00	696.00	699.00	708.00	709.00	702.00	689.00	696.00	691.00	692.00	699.00	700.00	697.00	696.00	702.00	702.00	696.00	690.00	691.00	685.00	685.00	687.00	685.00	690.00	684.00	681.00	679.00	679.00	686.00	693.00	699.00	698.00	696.00	699.00	705.00	700.00	690.00	688.00	686.00	679.00	677.00	680.00	683.00	686.00	683.00	684.00	690.00	688.00	690.00	697.00	699.00	701.00	690.00	698.00	703.00	704.00	703.00	706.00	708.00	706.00	725.00	720.00	723.00	724.00	717.00	723.00	721.00	728.00
653.00	647.00	677.00	661.00	663.00	656.00	640.00	640.00	643.00	648.00	635.00	625.00	627.00	635.00	624.00	632.00	629.00	629.00	641.00	644.00	645.00	646.00	646.00	648.00	634.00	636.00	634.00	631.00	642.00	635.00	633.00	635.00	643.00	642.00	643.00	645.00	646.00	639.00	628.00	631.00	635.00	631.00	631.00	639.00	643.00	643.00	636.00	788.00	665.00	647.00	641.00	658.00	663.00	662.00	666.00	668.00	660.00	652.00	642.00	644.00	645.00	640.00	639.00	641.00	653.00	655.00	650.00	656.00	658.00	653.00	655.00	660.00	657.00	659.00	662.00	659.00	660.00	664.00	671.00	678.00	681.00	673.00	671.00	682.00	693.00	692.00	683.00	690.00	686.00	683.00	678.00	677.00	682.00	695.00	708.00	703.00	712.00	719.00	717.00	716.00	706.00	702.00	707.00	713.00	716.00	729.00	730.00	726.00	720.00	711.00	718.00	706.00	701.00	716.00	718.00	716.00	709.00	712.00	705.00	706.00	709.00	706.00	723.00	715.00	727.00	716.00	722.00	708.00	708.00	719.00	710.00	708.00	713.00	712.00	706.00	706.00	709.00	706.00	702.00	712.00	714.00	713.00	713.00	717.00	718.00	721.00	706.00	701.00	706.00	706.00	714.00	708.00	706.00	715.00	699.00	699.00	698.00	691.00	682.00	698.00	701.00	694.00	704.00	714.00	715.00	708.00	716.00	710.00	699.00	703.00	705.00	703.00	698.00	690.00	704.00	712.00	715.00	711.00	716.00	710.00	711.00	714.00	705.00	700.00	712.00	719.00	711.00	698.00	698.00	706.00	698.00	709.00	714.00	708.00	693.00	699.00	692.00	690.00	704.00	705.00	699.00	700.00	709.00	712.00	701.00	691.00	692.00	684.00	687.00	691.00	683.00	689.00	690.00	680.00	688.00	680.00	695.00	686.00	699.00	700.00	700.00	707.00	718.00	709.00	697.00	691.00	689.00	687.00	685.00	687.00	682.00	680.00	683.00	688.00	689.00	688.00	690.00	690.00	694.00	696.00	698.00	694.00	696.00	701.00	708.00	710.00	718.00	709.00	726.00	716.00	718.00	717.00	726.00	717.00	724.00	725.00
654.00	653.00	672.00	667.00	660.00	654.00	645.00	643.00	645.00	652.00	644.00	628.00	624.00	634.00	628.00	628.00	633.00	638.00	644.00	639.00	642.00	641.00	637.00	637.00	635.00	642.00	632.00	638.00	635.00	625.00	625.00	625.00	627.00	626.00	626.00	630.00	630.00	628.00	637.00	638.00	636.00	633.00	633.00	636.00	637.00	637.00	633.00	664.00	633.00	633.00	642.00	661.00	665.00	666.00	664.00	671.00	660.00	640.00	640.00	646.00	649.00	651.00	649.00	651.00	650.00	658.00	657.00	651.00	650.00	651.00	657.00	663.00	657.00	663.00	663.00	666.00	668.00	660.00	669.00	676.00	671.00	669.00	667.00	675.00	677.00	685.00	690.00	704.00	691.00	684.00	678.00	690.00	682.00	685.00	695.00	690.00	693.00	696.00	698.00	701.00	707.00	707.00	718.00	716.00	724.00	737.00	738.00	738.00	731.00	725.00	715.00	714.00	711.00	721.00	730.00	728.00	724.00	711.00	716.00	707.00	712.00	715.00	722.00	715.00	720.00	713.00	724.00	712.00	719.00	725.00	716.00	712.00	720.00	712.00	707.00	710.00	708.00	703.00	699.00	696.00	713.00	721.00	717.00	717.00	726.00	707.00	710.00	708.00	700.00	702.00	708.00	703.00	710.00	707.00	698.00	703.00	707.00	692.00	682.00	685.00	692.00	688.00	697.00	712.00	712.00	715.00	718.00	713.00	699.00	696.00	702.00	710.00	705.00	705.00	696.00	697.00	707.00	712.00	718.00	714.00	711.00	707.00	706.00	704.00	706.00	717.00	708.00	701.00	703.00	715.00	696.00	700.00	708.00	705.00	697.00	700.00	696.00	687.00	701.00	707.00	699.00	706.00	722.00	720.00	700.00	686.00	690.00	689.00	686.00	695.00	687.00	698.00	696.00	686.00	691.00	689.00	696.00	693.00	699.00	696.00	701.00	707.00	709.00	704.00	698.00	700.00	687.00	691.00	685.00	684.00	680.00	687.00	690.00	693.00	688.00	689.00	693.00	692.00	689.00	696.00	700.00	694.00	702.00	702.00	711.00	711.00	709.00	708.00	715.00	718.00	723.00	716.00	727.00	715.00	722.00	717.00
658.00	655.00	660.00	663.00	658.00	649.00	656.00	650.00	648.00	648.00	648.00	631.00	632.00	637.00	628.00	627.00	632.00	636.00	637.00	633.00	638.00	643.00	639.00	636.00	643.00	637.00	633.00	627.00	625.00	635.00	637.00	637.00	632.00	632.00	632.00	630.00	629.00	630.00	638.00	633.00	634.00	634.00	637.00	634.00	633.00	633.00	637.00	642.00	635.00	637.00	641.00	653.00	671.00	671.00	670.00	680.00	692.00	640.00	649.00	654.00	652.00	655.00	656.00	660.00	660.00	654.00	655.00	653.00	658.00	658.00	657.00	665.00	666.00	672.00	665.00	673.00	679.00	667.00	672.00	669.00	673.00	682.00	685.00	683.00	682.00	684.00	688.00	692.00	685.00	685.00	683.00	687.00	681.00	686.00	687.00	685.00	693.00	708.00	716.00	717.00	721.00	723.00	720.00	720.00	726.00	740.00	731.00	729.00	722.00	713.00	714.00	719.00	714.00	723.00	718.00	724.00	714.00	714.00	718.00	710.00	701.00	712.00	726.00	723.00	716.00	712.00	723.00	719.00	723.00	736.00	724.00	721.00	719.00	708.00	710.00	708.00	706.00	706.00	703.00	701.00	709.00	715.00	723.00	718.00	723.00	709.00	711.00	711.00	705.00	706.00	704.00	697.00	702.00	699.00	691.00	691.00	694.00	685.00	687.00	692.00	688.00	688.00	697.00	704.00	712.00	715.00	718.00	706.00	702.00	704.00	704.00	709.00	708.00	706.00	701.00	708.00	706.00	707.00	714.00	724.00	719.00	709.00	715.00	708.00	702.00	712.00	711.00	703.00	701.00	705.00	703.00	703.00	708.00	707.00	695.00	696.00	692.00	690.00	699.00	710.00	703.00	706.00	724.00	725.00	694.00	686.00	697.00	695.00	698.00	696.00	692.00	695.00	700.00	696.00	694.00	683.00	696.00	697.00	703.00	693.00	696.00	697.00	696.00	695.00	691.00	693.00	688.00	686.00	677.00	678.00	689.00	688.00	693.00	697.00	697.00	701.00	702.00	697.00	688.00	695.00	704.00	705.00	707.00	708.00	721.00	711.00	703.00	709.00	704.00	722.00	720.00	717.00	720.00	715.00	717.00	714.00
654.00	652.00	663.00	670.00	659.00	654.00	655.00	655.00	649.00	650.00	649.00	646.00	639.00	626.00	634.00	630.00	630.00	640.00	638.00	636.00	631.00	636.00	629.00	624.00	636.00	642.00	640.00	627.00	628.00	632.00	636.00	637.00	639.00	637.00	637.00	637.00	632.00	636.00	642.00	641.00	642.00	644.00	641.00	639.00	639.00	637.00	638.00	675.00	664.00	650.00	636.00	646.00	653.00	661.00	665.00	672.00	659.00	641.00	647.00	646.00	658.00	667.00	668.00	676.00	672.00	658.00	667.00	666.00	677.00	664.00	660.00	678.00	675.00	664.00	657.00	661.00	669.00	678.00	664.00	675.00	680.00	681.00	686.00	704.00	692.00	694.00	691.00	694.00	691.00	693.00	684.00	689.00	681.00	677.00	681.00	688.00	699.00	711.00	711.00	697.00	689.00	720.00	712.00	720.00	727.00	726.00	718.00	715.00	714.00	725.00	724.00	730.00	722.00	721.00	717.00	727.00	727.00	724.00	716.00	720.00	717.00	723.00	721.00	732.00	730.00	724.00	736.00	722.00	723.00	728.00	730.00	720.00	718.00	716.00	706.00	704.00	712.00	714.00	711.00	707.00	711.00	726.00	729.00	730.00	723.00	721.00	708.00	710.00	721.00	712.00	709.00	702.00	699.00	699.00	699.00	695.00	692.00	684.00	693.00	696.00	701.00	708.00	707.00	715.00	704.00	712.00	707.00	708.00	713.00	709.00	713.00	708.00	707.00	708.00	696.00	702.00	711.00	714.00	713.00	716.00	721.00	715.00	715.00	710.00	711.00	710.00	714.00	712.00	705.00	713.00	708.00	708.00	704.00	704.00	702.00	705.00	695.00	693.00	702.00	740.00	725.00	716.00	715.00	711.00	697.00	700.00	715.00	712.00	703.00	702.00	696.00	695.00	699.00	699.00	704.00	709.00	703.00	695.00	698.00	703.00	708.00	708.00	711.00	706.00	698.00	697.00	693.00	694.00	687.00	693.00	689.00	688.00	691.00	700.00	708.00	699.00	706.00	707.00	706.00	713.00	716.00	711.00	712.00	708.00	722.00	709.00	704.00	705.00	707.00	708.00	706.00	712.00	725.00	709.00	712.00	716.00
648.00	650.00	656.00	657.00	654.00	651.00	661.00	653.00	656.00	655.00	656.00	654.00	660.00	636.00	627.00	628.00	630.00	632.00	631.00	631.00	630.00	628.00	636.00	640.00	638.00	635.00	644.00	641.00	648.00	651.00	647.00	649.00	648.00	646.00	646.00	641.00	642.00	639.00	649.00	650.00	651.00	649.00	647.00	650.00	652.00	642.00	647.00	663.00	688.00	662.00	647.00	639.00	641.00	640.00	653.00	658.00	655.00	643.00	648.00	657.00	654.00	661.00	665.00	672.00	677.00	667.00	663.00	667.00	674.00	679.00	672.00	682.00	685.00	681.00	680.00	674.00	671.00	673.00	671.00	666.00	678.00	683.00	684.00	693.00	688.00	690.00	688.00	688.00	686.00	691.00	696.00	680.00	676.00	676.00	685.00	690.00	725.00	736.00	746.00	743.00	726.00	699.00	701.00	704.00	711.00	716.00	725.00	734.00	736.00	731.00	720.00	717.00	722.00	731.00	722.00	726.00	732.00	729.00	724.00	734.00	731.00	734.00	722.00	728.00	730.00	734.00	720.00	726.00	723.00	736.00	726.00	726.00	720.00	719.00	714.00	709.00	722.00	720.00	717.00	709.00	703.00	720.00	728.00	732.00	731.00	730.00	717.00	718.00	719.00	712.00	711.00	707.00	701.00	711.00	691.00	694.00	688.00	693.00	696.00	694.00	696.00	691.00	693.00	708.00	713.00	714.00	713.00	709.00	724.00	719.00	720.00	715.00	716.00	713.00	710.00	701.00	708.00	712.00	711.00	714.00	709.00	722.00	721.00	721.00	720.00	716.00	708.00	709.00	718.00	709.00	720.00	710.00	707.00	718.00	724.00	698.00	695.00	696.00	697.00	712.00	713.00	723.00	715.00	712.00	701.00	708.00	729.00	719.00	706.00	704.00	706.00	707.00	709.00	701.00	698.00	698.00	696.00	698.00	693.00	705.00	706.00	714.00	714.00	710.00	700.00	705.00	703.00	693.00	688.00	687.00	691.00	677.00	684.00	702.00	709.00	702.00	709.00	733.00	745.00	733.00	736.00	734.00	738.00	726.00	688.00	682.00	691.00	686.00	700.00	701.00	709.00	714.00	715.00	710.00	724.00	727.00
645.00	651.00	654.00	658.00	655.00	653.00	670.00	658.00	653.00	657.00	662.00	658.00	658.00	644.00	625.00	630.00	628.00	626.00	625.00	626.00	625.00	635.00	641.00	640.00	639.00	644.00	645.00	652.00	659.00	654.00	655.00	660.00	657.00	649.00	651.00	646.00	647.00	643.00	650.00	653.00	653.00	653.00	648.00	656.00	649.00	644.00	651.00	662.00	690.00	677.00	652.00	636.00	641.00	639.00	653.00	649.00	656.00	649.00	639.00	660.00	660.00	662.00	666.00	676.00	688.00	679.00	671.00	662.00	662.00	680.00	684.00	686.00	688.00	683.00	678.00	674.00	672.00	688.00	669.00	675.00	683.00	680.00	684.00	689.00	679.00	687.00	692.00	686.00	688.00	688.00	690.00	690.00	681.00	687.00	684.00	685.00	709.00	721.00	723.00	746.00	732.00	714.00	715.00	707.00	706.00	704.00	713.00	727.00	720.00	714.00	713.00	716.00	716.00	721.00	720.00	729.00	732.00	731.00	720.00	727.00	727.00	730.00	730.00	733.00	734.00	726.00	718.00	727.00	730.00	729.00	729.00	718.00	720.00	722.00	713.00	710.00	719.00	717.00	714.00	709.00	711.00	717.00	723.00	734.00	728.00	722.00	721.00	725.00	719.00	716.00	707.00	706.00	702.00	703.00	697.00	699.00	688.00	690.00	702.00	690.00	701.00	704.00	698.00	717.00	718.00	716.00	715.00	713.00	714.00	719.00	720.00	713.00	713.00	714.00	712.00	706.00	702.00	712.00	709.00	708.00	714.00	717.00	713.00	718.00	724.00	724.00	712.00	710.00	720.00	715.00	712.00	710.00	713.00	710.00	707.00	697.00	702.00	705.00	700.00	705.00	708.00	713.00	712.00	710.00	703.00	709.00	729.00	721.00	705.00	701.00	709.00	724.00	719.00	709.00	702.00	700.00	698.00	700.00	701.00	702.00	704.00	712.00	705.00	701.00	710.00	712.00	695.00	693.00	690.00	696.00	692.00	680.00	688.00	688.00	695.00	704.00	716.00	744.00	738.00	728.00	742.00	723.00	713.00	699.00	686.00	691.00	687.00	680.00	689.00	694.00	707.00	703.00	704.00	706.00	718.00	712.00
647.00	651.00	656.00	660.00	659.00	653.00	667.00	656.00	657.00	659.00	660.00	661.00	664.00	658.00	646.00	624.00	627.00	630.00	638.00	650.00	636.00	641.00	637.00	637.00	640.00	648.00	651.00	656.00	665.00	660.00	658.00	661.00	664.00	650.00	656.00	651.00	650.00	645.00	655.00	660.00	658.00	655.00	655.00	657.00	649.00	643.00	649.00	669.00	685.00	681.00	665.00	634.00	637.00	643.00	644.00	654.00	653.00	649.00	642.00	658.00	659.00	662.00	671.00	672.00	689.00	685.00	685.00	683.00	669.00	679.00	674.00	684.00	682.00	685.00	674.00	671.00	668.00	673.00	671.00	673.00	679.00	678.00	681.00	684.00	673.00	678.00	689.00	686.00	689.00	691.00	689.00	684.00	684.00	688.00	682.00	678.00	697.00	699.00	705.00	726.00	739.00	729.00	719.00	717.00	713.00	704.00	708.00	712.00	712.00	710.00	722.00	728.00	722.00	718.00	733.00	733.00	723.00	722.00	723.00	736.00	737.00	725.00	728.00	735.00	724.00	723.00	725.00	731.00	728.00	721.00	718.00	724.00	717.00	714.00	716.00	717.00	722.00	713.00	706.00	709.00	720.00	724.00	726.00	732.00	729.00	736.00	736.00	730.00	723.00	719.00	706.00	705.00	702.00	705.00	691.00	695.00	693.00	703.00	716.00	697.00	705.00	707.00	707.00	712.00	711.00	713.00	718.00	711.00	715.00	710.00	720.00	713.00	720.00	721.00	706.00	701.00	700.00	712.00	713.00	705.00	713.00	712.00	718.00	722.00	724.00	721.00	712.00	714.00	721.00	717.00	718.00	714.00	717.00	717.00	708.00	696.00	708.00	715.00	701.00	711.00	716.00	708.00	705.00	705.00	711.00	709.00	725.00	713.00	705.00	703.00	707.00	726.00	730.00	715.00	705.00	704.00	705.00	708.00	708.00	698.00	703.00	706.00	709.00	708.00	716.00	717.00	700.00	700.00	695.00	700.00	705.00	694.00	684.00	687.00	687.00	713.00	704.00	709.00	708.00	717.00	716.00	699.00	685.00	683.00	686.00	682.00	686.00	684.00	695.00	687.00	700.00	697.00	704.00	710.00	716.00	712.00
655.00	657.00	660.00	670.00	668.00	663.00	657.00	658.00	659.00	663.00	662.00	663.00	660.00	653.00	647.00	645.00	640.00	637.00	642.00	642.00	640.00	645.00	638.00	634.00	650.00	655.00	661.00	655.00	652.00	654.00	672.00	665.00	663.00	657.00	665.00	661.00	661.00	659.00	647.00	654.00	659.00	659.00	659.00	653.00	650.00	648.00	654.00	688.00	698.00	695.00	694.00	656.00	638.00	635.00	639.00	654.00	653.00	640.00	639.00	659.00	663.00	660.00	658.00	678.00	685.00	674.00	700.00	695.00	679.00	705.00	701.00	683.00	690.00	680.00	679.00	670.00	682.00	674.00	689.00	688.00	679.00	683.00	693.00	690.00	687.00	678.00	683.00	688.00	687.00	687.00	687.00	679.00	685.00	686.00	694.00	690.00	686.00	696.00	698.00	695.00	709.00	744.00	726.00	724.00	719.00	720.00	726.00	733.00	734.00	720.00	720.00	731.00	730.00	728.00	719.00	718.00	723.00	728.00	732.00	732.00	731.00	728.00	726.00	726.00	724.00	732.00	726.00	706.00	715.00	718.00	720.00	724.00	711.00	714.00	720.00	726.00	720.00	724.00	724.00	733.00	730.00	726.00	726.00	727.00	722.00	723.00	717.00	716.00	717.00	720.00	712.00	704.00	704.00	708.00	702.00	698.00	694.00	706.00	713.00	701.00	705.00	702.00	700.00	719.00	718.00	721.00	729.00	730.00	718.00	730.00	722.00	722.00	717.00	718.00	703.00	711.00	716.00	708.00	713.00	703.00	712.00	711.00	712.00	720.00	720.00	729.00	716.00	717.00	715.00	710.00	714.00	718.00	708.00	707.00	710.00	720.00	718.00	706.00	703.00	715.00	716.00	719.00	710.00	699.00	716.00	718.00	723.00	720.00	711.00	702.00	703.00	705.00	720.00	725.00	717.00	709.00	719.00	737.00	734.00	721.00	708.00	715.00	738.00	744.00	743.00	719.00	724.00	723.00	712.00	707.00	711.00	691.00	683.00	686.00	683.00	678.00	684.00	678.00	686.00	692.00	692.00	683.00	684.00	691.00	687.00	685.00	685.00	686.00	690.00	691.00	690.00	700.00	694.00	703.00	703.00	710.00
649.00	659.00	655.00	665.00	667.00	659.00	654.00	657.00	661.00	665.00	660.00	661.00	658.00	653.00	651.00	644.00	635.00	639.00	643.00	644.00	648.00	652.00	647.00	635.00	643.00	656.00	670.00	670.00	654.00	646.00	657.00	662.00	668.00	661.00	672.00	661.00	660.00	662.00	651.00	652.00	654.00	661.00	661.00	654.00	651.00	652.00	655.00	690.00	702.00	690.00	691.00	668.00	650.00	637.00	637.00	658.00	644.00	642.00	642.00	667.00	724.00	704.00	677.00	661.00	668.00	684.00	708.00	694.00	687.00	686.00	699.00	701.00	713.00	695.00	678.00	681.00	684.00	680.00	700.00	702.00	692.00	682.00	683.00	693.00	691.00	689.00	687.00	683.00	691.00	699.00	693.00	688.00	691.00	692.00	690.00	689.00	690.00	695.00	697.00	698.00	694.00	729.00	733.00	724.00	729.00	712.00	717.00	719.00	722.00	727.00	734.00	742.00	735.00	733.00	729.00	721.00	727.00	723.00	734.00	730.00	727.00	723.00	720.00	720.00	723.00	736.00	728.00	721.00	714.00	718.00	717.00	727.00	710.00	717.00	717.00	715.00	726.00	729.00	731.00	723.00	723.00	722.00	718.00	729.00	723.00	722.00	717.00	707.00	707.00	724.00	709.00	711.00	711.00	714.00	704.00	697.00	700.00	707.00	719.00	707.00	711.00	705.00	709.00	706.00	714.00	717.00	719.00	725.00	723.00	732.00	730.00	731.00	725.00	715.00	715.00	716.00	715.00	708.00	708.00	714.00	712.00	717.00	713.00	714.00	722.00	731.00	720.00	720.00	721.00	719.00	729.00	736.00	713.00	716.00	721.00	724.00	723.00	710.00	708.00	714.00	718.00	713.00	709.00	706.00	715.00	718.00	728.00	712.00	705.00	709.00	707.00	718.00	721.00	718.00	721.00	711.00	719.00	750.00	749.00	732.00	714.00	715.00	747.00	753.00	746.00	730.00	744.00	740.00	714.00	713.00	723.00	701.00	692.00	689.00	688.00	683.00	678.00	689.00	692.00	682.00	679.00	679.00	684.00	692.00	690.00	697.00	698.00	691.00	691.00	680.00	688.00	694.00	687.00	701.00	704.00	712.00
657.00	667.00	664.00	665.00	662.00	659.00	670.00	665.00	668.00	664.00	659.00	657.00	655.00	655.00	654.00	652.00	640.00	659.00	651.00	644.00	649.00	650.00	647.00	646.00	644.00	655.00	663.00	664.00	656.00	650.00	655.00	667.00	665.00	667.00	672.00	663.00	662.00	654.00	651.00	655.00	652.00	662.00	670.00	654.00	653.00	644.00	655.00	687.00	688.00	675.00	677.00	670.00	668.00	644.00	637.00	650.00	643.00	643.00	643.00	676.00	706.00	753.00	710.00	669.00	657.00	681.00	697.00	688.00	684.00	676.00	684.00	702.00	719.00	712.00	679.00	684.00	686.00	694.00	692.00	693.00	681.00	676.00	681.00	691.00	695.00	690.00	692.00	689.00	690.00	700.00	692.00	687.00	696.00	701.00	696.00	689.00	692.00	701.00	701.00	710.00	695.00	708.00	724.00	734.00	728.00	711.00	718.00	723.00	728.00	734.00	737.00	738.00	731.00	736.00	727.00	722.00	726.00	735.00	736.00	734.00	724.00	725.00	720.00	713.00	717.00	722.00	721.00	714.00	711.00	716.00	724.00	713.00	707.00	715.00	719.00	722.00	727.00	724.00	731.00	725.00	723.00	714.00	714.00	725.00	723.00	716.00	715.00	716.00	701.00	709.00	705.00	711.00	715.00	714.00	703.00	697.00	697.00	708.00	717.00	711.00	709.00	713.00	717.00	711.00	720.00	719.00	720.00	726.00	719.00	732.00	730.00	734.00	723.00	724.00	709.00	709.00	713.00	707.00	704.00	707.00	709.00	720.00	719.00	721.00	721.00	731.00	717.00	723.00	722.00	722.00	721.00	732.00	713.00	721.00	720.00	722.00	716.00	708.00	709.00	720.00	718.00	713.00	711.00	713.00	706.00	714.00	723.00	719.00	716.00	714.00	704.00	714.00	720.00	727.00	723.00	717.00	722.00	744.00	744.00	727.00	712.00	718.00	733.00	738.00	738.00	723.00	738.00	739.00	719.00	714.00	730.00	700.00	695.00	692.00	687.00	703.00	701.00	695.00	689.00	690.00	697.00	689.00	685.00	686.00	702.00	695.00	695.00	692.00	691.00	683.00	687.00	695.00	686.00	694.00	694.00	699.00
663.00	665.00	671.00	666.00	661.00	671.00	678.00	677.00	670.00	667.00	652.00	654.00	649.00	650.00	651.00	642.00	649.00	660.00	656.00	641.00	646.00	644.00	647.00	644.00	644.00	647.00	658.00	657.00	659.00	654.00	655.00	662.00	659.00	667.00	674.00	665.00	656.00	646.00	658.00	658.00	658.00	660.00	671.00	662.00	652.00	656.00	656.00	683.00	690.00	683.00	684.00	674.00	674.00	652.00	640.00	645.00	642.00	647.00	647.00	689.00	695.00	715.00	728.00	683.00	657.00	668.00	674.00	681.00	688.00	683.00	688.00	703.00	722.00	709.00	680.00	685.00	688.00	699.00	681.00	687.00	681.00	687.00	686.00	685.00	694.00	688.00	694.00	683.00	683.00	687.00	683.00	684.00	694.00	696.00	698.00	689.00	685.00	699.00	704.00	713.00	704.00	702.00	713.00	715.00	713.00	721.00	721.00	723.00	713.00	723.00	729.00	725.00	730.00	730.00	725.00	734.00	733.00	735.00	734.00	727.00	723.00	730.00	723.00	709.00	724.00	717.00	719.00	709.00	706.00	719.00	726.00	716.00	706.00	714.00	713.00	724.00	721.00	721.00	723.00	724.00	726.00	717.00	714.00	726.00	717.00	720.00	711.00	715.00	712.00	709.00	704.00	701.00	702.00	701.00	710.00	701.00	689.00	699.00	710.00	710.00	710.00	713.00	713.00	717.00	717.00	715.00	715.00	728.00	725.00	725.00	725.00	722.00	730.00	722.00	717.00	713.00	720.00	715.00	711.00	709.00	703.00	724.00	719.00	720.00	727.00	731.00	721.00	730.00	727.00	720.00	714.00	721.00	720.00	724.00	715.00	721.00	718.00	718.00	715.00	720.00	714.00	715.00	718.00	722.00	707.00	715.00	718.00	713.00	716.00	711.00	706.00	716.00	712.00	721.00	716.00	717.00	733.00	738.00	729.00	716.00	714.00	712.00	722.00	734.00	725.00	719.00	732.00	729.00	718.00	713.00	723.00	709.00	698.00	691.00	687.00	703.00	701.00	688.00	686.00	684.00	691.00	685.00	682.00	692.00	704.00	703.00	698.00	697.00	695.00	705.00	698.00	688.00	694.00	686.00	694.00	691.00
670.00	675.00	670.00	668.00	669.00	673.00	725.00	695.00	683.00	677.00	675.00	664.00	661.00	658.00	653.00	644.00	652.00	661.00	665.00	653.00	648.00	650.00	653.00	659.00	645.00	646.00	651.00	650.00	662.00	663.00	662.00	658.00	663.00	659.00	660.00	657.00	654.00	655.00	655.00	660.00	662.00	667.00	666.00	659.00	662.00	664.00	658.00	679.00	693.00	718.00	711.00	671.00	663.00	663.00	655.00	645.00	649.00	651.00	658.00	664.00	675.00	699.00	694.00	686.00	666.00	656.00	669.00	672.00	669.00	681.00	696.00	697.00	709.00	706.00	693.00	695.00	684.00	691.00	685.00	681.00	695.00	697.00	698.00	702.00	699.00	702.00	706.00	697.00	693.00	704.00	697.00	696.00	696.00	701.00	697.00	695.00	695.00	693.00	697.00	703.00	721.00	749.00	748.00	722.00	712.00	720.00	711.00	715.00	718.00	719.00	726.00	734.00	723.00	736.00	723.00	735.00	731.00	726.00	731.00	730.00	731.00	729.00	721.00	712.00	712.00	709.00	701.00	718.00	713.00	717.00	719.00	727.00	716.00	717.00	713.00	719.00	724.00	728.00	713.00	718.00	721.00	716.00	719.00	718.00	720.00	716.00	718.00	714.00	715.00	709.00	715.00	701.00	703.00	712.00	713.00	710.00	695.00	692.00	700.00	707.00	710.00	711.00	711.00	711.00	722.00	728.00	728.00	730.00	717.00	725.00	727.00	722.00	721.00	714.00	733.00	714.00	730.00	715.00	711.00	721.00	715.00	712.00	715.00	720.00	726.00	734.00	727.00	727.00	722.00	718.00	723.00	723.00	717.00	713.00	706.00	723.00	723.00	723.00	719.00	716.00	725.00	720.00	716.00	716.00	713.00	712.00	719.00	718.00	712.00	713.00	708.00	705.00	713.00	720.00	715.00	717.00	730.00	724.00	715.00	715.00	712.00	706.00	738.00	738.00	725.00	728.00	740.00	738.00	717.00	718.00	721.00	734.00	714.00	702.00	698.00	700.00	701.00	706.00	701.00	693.00	686.00	690.00	691.00	700.00	701.00	702.00	701.00	700.00	701.00	708.00	704.00	701.00	692.00	685.00	684.00	686.00
678.00	685.00	675.00	670.00	672.00	673.00	709.00	697.00	685.00	680.00	676.00	666.00	662.00	659.00	649.00	650.00	655.00	663.00	659.00	653.00	653.00	652.00	649.00	651.00	645.00	639.00	654.00	660.00	665.00	665.00	665.00	668.00	667.00	665.00	654.00	659.00	661.00	661.00	660.00	659.00	666.00	666.00	667.00	660.00	666.00	676.00	665.00	681.00	703.00	713.00	711.00	677.00	681.00	687.00	678.00	667.00	678.00	683.00	663.00	683.00	668.00	679.00	683.00	681.00	672.00	658.00	660.00	664.00	661.00	687.00	688.00	691.00	703.00	709.00	700.00	700.00	699.00	699.00	692.00	686.00	683.00	689.00	689.00	689.00	689.00	691.00	704.00	703.00	699.00	702.00	698.00	686.00	696.00	700.00	696.00	704.00	699.00	691.00	695.00	701.00	714.00	766.00	753.00	724.00	717.00	715.00	720.00	718.00	723.00	717.00	729.00	731.00	721.00	729.00	728.00	728.00	721.00	724.00	724.00	735.00	729.00	726.00	716.00	718.00	723.00	718.00	707.00	717.00	704.00	709.00	721.00	717.00	711.00	718.00	720.00	718.00	720.00	719.00	724.00	718.00	722.00	723.00	718.00	707.00	716.00	725.00	719.00	721.00	716.00	714.00	708.00	711.00	718.00	709.00	710.00	701.00	702.00	700.00	692.00	709.00	710.00	706.00	705.00	717.00	718.00	725.00	722.00	727.00	721.00	722.00	728.00	732.00	726.00	721.00	730.00	724.00	726.00	714.00	708.00	712.00	714.00	708.00	716.00	720.00	722.00	728.00	723.00	714.00	718.00	726.00	720.00	721.00	714.00	714.00	715.00	722.00	719.00	727.00	721.00	720.00	726.00	724.00	717.00	719.00	717.00	713.00	720.00	718.00	713.00	715.00	713.00	706.00	715.00	720.00	719.00	718.00	730.00	724.00	726.00	708.00	720.00	715.00	722.00	724.00	721.00	725.00	736.00	730.00	718.00	719.00	714.00	726.00	716.00	713.00	702.00	705.00	708.00	708.00	703.00	704.00	689.00	694.00	684.00	689.00	697.00	699.00	704.00	705.00	712.00	705.00	703.00	698.00	699.00	696.00	690.00	690.00
688.00	696.00	677.00	678.00	676.00	680.00	697.00	694.00	690.00	686.00	681.00	664.00	660.00	656.00	648.00	645.00	663.00	661.00	655.00	653.00	658.00	656.00	647.00	647.00	645.00	648.00	658.00	662.00	679.00	670.00	668.00	680.00	676.00	674.00	662.00	664.00	667.00	665.00	668.00	668.00	674.00	668.00	663.00	665.00	664.00	676.00	669.00	680.00	703.00	692.00	693.00	677.00	678.00	681.00	679.00	691.00	696.00	712.00	676.00	694.00	671.00	672.00	682.00	684.00	679.00	659.00	674.00	676.00	666.00	673.00	683.00	690.00	706.00	719.00	712.00	712.00	705.00	693.00	695.00	686.00	675.00	673.00	675.00	678.00	680.00	680.00	684.00	698.00	688.00	690.00	688.00	694.00	690.00	690.00	686.00	707.00	707.00	702.00	693.00	698.00	704.00	751.00	749.00	743.00	730.00	719.00	727.00	716.00	729.00	727.00	734.00	726.00	725.00	721.00	721.00	717.00	715.00	716.00	718.00	724.00	733.00	721.00	725.00	726.00	720.00	722.00	710.00	706.00	699.00	707.00	720.00	716.00	706.00	712.00	716.00	715.00	712.00	723.00	721.00	718.00	719.00	721.00	712.00	709.00	722.00	725.00	723.00	719.00	717.00	714.00	703.00	729.00	734.00	720.00	703.00	699.00	709.00	706.00	694.00	703.00	709.00	706.00	705.00	713.00	714.00	714.00	718.00	723.00	719.00	723.00	724.00	721.00	717.00	717.00	724.00	738.00	726.00	708.00	709.00	709.00	715.00	721.00	717.00	721.00	718.00	726.00	724.00	721.00	719.00	727.00	709.00	713.00	717.00	716.00	716.00	718.00	722.00	721.00	717.00	714.00	723.00	722.00	716.00	715.00	717.00	719.00	719.00	720.00	718.00	717.00	714.00	712.00	727.00	723.00	726.00	714.00	734.00	721.00	717.00	719.00	731.00	729.00	706.00	719.00	719.00	709.00	726.00	723.00	719.00	724.00	716.00	726.00	713.00	708.00	701.00	708.00	714.00	707.00	705.00	704.00	696.00	695.00	685.00	689.00	697.00	702.00	704.00	708.00	713.00	713.00	705.00	711.00	708.00	703.00	699.00	700.00
704.00	705.00	685.00	684.00	685.00	688.00	686.00	680.00	683.00	680.00	673.00	664.00	662.00	654.00	646.00	651.00	666.00	662.00	654.00	652.00	659.00	652.00	649.00	652.00	651.00	651.00	658.00	669.00	678.00	666.00	658.00	669.00	679.00	670.00	666.00	660.00	667.00	666.00	673.00	683.00	682.00	673.00	667.00	666.00	666.00	674.00	670.00	679.00	698.00	694.00	686.00	675.00	660.00	667.00	684.00	706.00	688.00	710.00	681.00	690.00	673.00	667.00	683.00	684.00	675.00	656.00	666.00	679.00	668.00	667.00	684.00	703.00	712.00	711.00	705.00	710.00	701.00	690.00	678.00	674.00	673.00	673.00	670.00	674.00	678.00	682.00	688.00	688.00	683.00	687.00	691.00	697.00	689.00	695.00	694.00	706.00	714.00	704.00	702.00	705.00	701.00	736.00	737.00	728.00	722.00	718.00	718.00	718.00	715.00	719.00	724.00	724.00	721.00	728.00	724.00	725.00	723.00	714.00	716.00	728.00	728.00	719.00	723.00	721.00	721.00	720.00	711.00	709.00	702.00	710.00	713.00	713.00	714.00	719.00	719.00	718.00	710.00	720.00	717.00	715.00	714.00	714.00	710.00	708.00	712.00	724.00	724.00	713.00	711.00	708.00	704.00	726.00	731.00	721.00	717.00	709.00	705.00	704.00	706.00	696.00	707.00	707.00	704.00	703.00	703.00	709.00	713.00	723.00	720.00	718.00	728.00	727.00	714.00	715.00	713.00	726.00	731.00	714.00	708.00	724.00	718.00	720.00	715.00	716.00	727.00	725.00	722.00	723.00	722.00	720.00	719.00	714.00	711.00	716.00	717.00	707.00	713.00	717.00	720.00	710.00	723.00	736.00	727.00	713.00	724.00	715.00	722.00	715.00	707.00	703.00	705.00	710.00	725.00	729.00	724.00	714.00	733.00	734.00	720.00	717.00	730.00	733.00	707.00	726.00	729.00	725.00	723.00	717.00	718.00	714.00	716.00	716.00	712.00	711.00	712.00	714.00	716.00	708.00	703.00	699.00	695.00	697.00	691.00	692.00	695.00	696.00	698.00	700.00	708.00	712.00	717.00	718.00	709.00	704.00	703.00	703.00
718.00	744.00	706.00	698.00	687.00	681.00	677.00	681.00	686.00	684.00	680.00	683.00	676.00	659.00	659.00	661.00	660.00	660.00	659.00	656.00	653.00	654.00	658.00	659.00	658.00	655.00	661.00	653.00	654.00	656.00	660.00	664.00	664.00	666.00	674.00	689.00	697.00	696.00	690.00	688.00	687.00	672.00	674.00	683.00	681.00	678.00	677.00	707.00	725.00	715.00	698.00	716.00	711.00	710.00	705.00	710.00	706.00	698.00	688.00	675.00	686.00	679.00	676.00	674.00	673.00	664.00	657.00	659.00	666.00	660.00	666.00	669.00	665.00	668.00	685.00	694.00	700.00	682.00	664.00	668.00	671.00	678.00	679.00	690.00	677.00	672.00	674.00	677.00	678.00	682.00	683.00	691.00	691.00	686.00	692.00	700.00	700.00	709.00	701.00	699.00	709.00	713.00	736.00	750.00	744.00	730.00	727.00	718.00	712.00	714.00	722.00	727.00	731.00	738.00	713.00	713.00	711.00	715.00	728.00	732.00	731.00	725.00	725.00	722.00	728.00	719.00	724.00	710.00	711.00	716.00	716.00	704.00	710.00	715.00	718.00	726.00	706.00	716.00	709.00	708.00	713.00	710.00	719.00	703.00	719.00	710.00	716.00	725.00	710.00	719.00	714.00	724.00	723.00	715.00	714.00	712.00	707.00	708.00	722.00	709.00	713.00	709.00	705.00	718.00	709.00	707.00	717.00	731.00	714.00	725.00	715.00	720.00	718.00	736.00	729.00	723.00	730.00	734.00	717.00	724.00	728.00	734.00	724.00	724.00	730.00	740.00	728.00	732.00	719.00	723.00	744.00	734.00	723.00	719.00	719.00	725.00	715.00	721.00	728.00	730.00	723.00	733.00	734.00	726.00	726.00	722.00	716.00	719.00	716.00	709.00	711.00	719.00	709.00	731.00	726.00	730.00	732.00	738.00	725.00	731.00	738.00	733.00	706.00	706.00	721.00	741.00	711.00	711.00	718.00	712.00	707.00	713.00	715.00	726.00	712.00	715.00	710.00	716.00	704.00	703.00	691.00	695.00	690.00	691.00	693.00	694.00	699.00	702.00	710.00	726.00	733.00	729.00	724.00	728.00	724.00	712.00
714.00	738.00	727.00	723.00	705.00	687.00	670.00	677.00	680.00	678.00	684.00	682.00	669.00	668.00	658.00	655.00	659.00	659.00	664.00	662.00	657.00	654.00	660.00	664.00	654.00	651.00	655.00	657.00	651.00	655.00	653.00	656.00	661.00	664.00	683.00	692.00	684.00	678.00	694.00	685.00	681.00	671.00	684.00	680.00	680.00	679.00	682.00	701.00	715.00	729.00	718.00	704.00	691.00	695.00	689.00	690.00	683.00	684.00	677.00	676.00	705.00	675.00	670.00	675.00	672.00	657.00	652.00	661.00	662.00	663.00	665.00	673.00	676.00	666.00	663.00	677.00	676.00	671.00	673.00	678.00	672.00	675.00	673.00	671.00	670.00	673.00	669.00	678.00	678.00	685.00	694.00	697.00	680.00	686.00	688.00	703.00	696.00	704.00	713.00	698.00	698.00	718.00	730.00	740.00	734.00	726.00	717.00	712.00	712.00	716.00	718.00	724.00	726.00	716.00	711.00	703.00	701.00	707.00	726.00	730.00	725.00	728.00	725.00	722.00	721.00	722.00	718.00	727.00	714.00	719.00	711.00	704.00	703.00	713.00	718.00	716.00	701.00	712.00	707.00	706.00	710.00	713.00	712.00	707.00	718.00	710.00	716.00	711.00	718.00	721.00	712.00	716.00	721.00	717.00	715.00	718.00	717.00	713.00	724.00	721.00	716.00	721.00	714.00	702.00	708.00	719.00	724.00	722.00	711.00	729.00	727.00	720.00	717.00	721.00	743.00	738.00	733.00	726.00	723.00	726.00	729.00	731.00	731.00	727.00	727.00	740.00	728.00	733.00	727.00	738.00	747.00	738.00	721.00	713.00	715.00	717.00	720.00	713.00	723.00	730.00	725.00	727.00	728.00	735.00	724.00	716.00	720.00	723.00	712.00	713.00	714.00	723.00	715.00	730.00	731.00	734.00	737.00	736.00	722.00	723.00	733.00	727.00	710.00	706.00	717.00	732.00	714.00	715.00	712.00	713.00	707.00	714.00	712.00	719.00	722.00	719.00	721.00	724.00	715.00	707.00	701.00	699.00	688.00	693.00	697.00	700.00	710.00	697.00	706.00	729.00	724.00	721.00	737.00	734.00	727.00	716.00
699.00	717.00	734.00	729.00	709.00	693.00	673.00	679.00	682.00	674.00	676.00	674.00	677.00	673.00	654.00	655.00	658.00	668.00	670.00	673.00	663.00	666.00	666.00	661.00	652.00	645.00	650.00	655.00	654.00	659.00	659.00	663.00	658.00	669.00	685.00	686.00	675.00	686.00	700.00	686.00	676.00	678.00	680.00	670.00	672.00	675.00	680.00	687.00	696.00	721.00	735.00	722.00	716.00	695.00	684.00	682.00	693.00	689.00	686.00	687.00	701.00	677.00	676.00	671.00	670.00	656.00	651.00	660.00	660.00	663.00	670.00	679.00	676.00	667.00	663.00	664.00	666.00	666.00	687.00	685.00	677.00	673.00	671.00	668.00	678.00	681.00	675.00	687.00	692.00	689.00	693.00	696.00	687.00	681.00	684.00	700.00	689.00	691.00	697.00	692.00	693.00	714.00	727.00	740.00	736.00	744.00	721.00	714.00	714.00	715.00	717.00	730.00	714.00	708.00	710.00	703.00	699.00	705.00	709.00	715.00	714.00	719.00	730.00	717.00	723.00	730.00	723.00	726.00	716.00	715.00	711.00	708.00	707.00	707.00	724.00	721.00	696.00	706.00	711.00	711.00	705.00	706.00	709.00	705.00	720.00	717.00	701.00	710.00	712.00	710.00	717.00	719.00	725.00	718.00	724.00	723.00	718.00	712.00	714.00	720.00	715.00	724.00	718.00	706.00	703.00	712.00	715.00	714.00	708.00	714.00	724.00	717.00	730.00	726.00	741.00	736.00	738.00	724.00	728.00	733.00	723.00	731.00	727.00	733.00	739.00	740.00	735.00	742.00	728.00	723.00	733.00	731.00	722.00	722.00	721.00	722.00	722.00	718.00	717.00	735.00	737.00	725.00	728.00	723.00	726.00	723.00	726.00	717.00	723.00	717.00	714.00	734.00	733.00	721.00	729.00	734.00	739.00	735.00	736.00	726.00	715.00	720.00	713.00	716.00	714.00	721.00	714.00	713.00	712.00	717.00	713.00	720.00	720.00	720.00	726.00	718.00	719.00	728.00	717.00	707.00	697.00	699.00	686.00	693.00	706.00	701.00	712.00	708.00	709.00	713.00	715.00	717.00	734.00	723.00	720.00	712.00
683.00	695.00	712.00	712.00	714.00	704.00	672.00	680.00	678.00	676.00	670.00	671.00	674.00	665.00	658.00	651.00	652.00	674.00	678.00	672.00	667.00	658.00	662.00	657.00	652.00	646.00	652.00	657.00	647.00	655.00	658.00	655.00	653.00	668.00	682.00	676.00	685.00	694.00	685.00	688.00	689.00	687.00	676.00	679.00	679.00	679.00	679.00	684.00	703.00	719.00	738.00	733.00	722.00	695.00	689.00	692.00	714.00	713.00	698.00	678.00	684.00	678.00	675.00	672.00	678.00	679.00	658.00	655.00	663.00	664.00	674.00	677.00	676.00	669.00	660.00	662.00	664.00	665.00	689.00	691.00	682.00	673.00	669.00	671.00	671.00	678.00	680.00	698.00	693.00	695.00	687.00	707.00	679.00	683.00	690.00	694.00	690.00	698.00	698.00	693.00	693.00	713.00	727.00	739.00	741.00	741.00	729.00	708.00	711.00	713.00	724.00	717.00	713.00	715.00	707.00	703.00	701.00	704.00	710.00	706.00	703.00	711.00	719.00	722.00	726.00	720.00	717.00	724.00	720.00	718.00	709.00	705.00	709.00	718.00	721.00	722.00	698.00	711.00	712.00	717.00	713.00	707.00	700.00	700.00	718.00	718.00	717.00	724.00	719.00	720.00	717.00	726.00	720.00	717.00	727.00	721.00	716.00	708.00	711.00	721.00	712.00	713.00	711.00	719.00	705.00	699.00	706.00	716.00	726.00	715.00	720.00	722.00	724.00	723.00	745.00	742.00	741.00	723.00	738.00	742.00	726.00	740.00	731.00	734.00	732.00	731.00	729.00	734.00	728.00	738.00	727.00	722.00	721.00	719.00	716.00	722.00	714.00	723.00	722.00	734.00	735.00	725.00	736.00	730.00	722.00	727.00	722.00	716.00	732.00	720.00	709.00	722.00	741.00	719.00	729.00	731.00	734.00	737.00	735.00	721.00	720.00	719.00	720.00	722.00	721.00	719.00	715.00	715.00	714.00	711.00	710.00	727.00	718.00	719.00	716.00	717.00	715.00	727.00	724.00	706.00	698.00	697.00	690.00	692.00	699.00	706.00	709.00	708.00	716.00	716.00	716.00	723.00	736.00	731.00	721.00	715.00
669.00	671.00	685.00	695.00	694.00	697.00	675.00	670.00	672.00	678.00	665.00	657.00	663.00	659.00	660.00	654.00	654.00	671.00	666.00	666.00	656.00	658.00	652.00	654.00	651.00	654.00	658.00	660.00	653.00	656.00	662.00	665.00	661.00	664.00	670.00	678.00	674.00	670.00	687.00	692.00	692.00	686.00	674.00	681.00	680.00	681.00	683.00	689.00	700.00	716.00	728.00	733.00	712.00	705.00	693.00	699.00	744.00	714.00	694.00	673.00	678.00	681.00	682.00	670.00	667.00	666.00	659.00	666.00	659.00	662.00	660.00	664.00	661.00	658.00	669.00	663.00	661.00	661.00	668.00	669.00	669.00	669.00	674.00	671.00	672.00	683.00	692.00	690.00	692.00	682.00	692.00	686.00	685.00	688.00	687.00	686.00	679.00	687.00	692.00	690.00	685.00	704.00	709.00	709.00	718.00	730.00	726.00	719.00	717.00	711.00	726.00	718.00	710.00	705.00	710.00	700.00	699.00	697.00	700.00	703.00	708.00	709.00	719.00	715.00	723.00	719.00	727.00	715.00	720.00	715.00	719.00	717.00	701.00	712.00	721.00	705.00	713.00	707.00	712.00	724.00	728.00	695.00	705.00	705.00	703.00	700.00	711.00	728.00	714.00	717.00	725.00	724.00	723.00	735.00	729.00	724.00	720.00	719.00	712.00	715.00	715.00	717.00	708.00	717.00	710.00	705.00	700.00	706.00	723.00	725.00	721.00	728.00	720.00	713.00	727.00	736.00	738.00	733.00	731.00	731.00	738.00	730.00	734.00	743.00	741.00	740.00	733.00	737.00	726.00	733.00	732.00	728.00	728.00	720.00	723.00	725.00	723.00	732.00	728.00	725.00	737.00	728.00	733.00	725.00	726.00	727.00	741.00	731.00	720.00	717.00	710.00	732.00	733.00	720.00	728.00	733.00	738.00	738.00	737.00	738.00	720.00	722.00	719.00	731.00	737.00	721.00	725.00	714.00	722.00	718.00	719.00	723.00	724.00	735.00	732.00	712.00	714.00	709.00	699.00	698.00	699.00	691.00	699.00	698.00	703.00	704.00	704.00	709.00	733.00	714.00	710.00	717.00	723.00	741.00	730.00	720.00
662.00	673.00	685.00	699.00	698.00	686.00	672.00	671.00	673.00	669.00	666.00	659.00	657.00	657.00	652.00	654.00	662.00	672.00	663.00	659.00	655.00	659.00	659.00	658.00	646.00	651.00	654.00	660.00	647.00	659.00	658.00	661.00	660.00	675.00	690.00	696.00	683.00	689.00	677.00	683.00	690.00	690.00	672.00	677.00	674.00	675.00	681.00	674.00	685.00	702.00	715.00	742.00	722.00	699.00	693.00	694.00	735.00	704.00	688.00	679.00	696.00	687.00	687.00	687.00	667.00	666.00	667.00	661.00	662.00	660.00	663.00	657.00	663.00	659.00	672.00	661.00	659.00	662.00	664.00	666.00	668.00	670.00	666.00	679.00	676.00	679.00	680.00	686.00	681.00	679.00	688.00	680.00	686.00	686.00	681.00	679.00	681.00	682.00	686.00	683.00	677.00	700.00	701.00	701.00	718.00	733.00	734.00	723.00	717.00	713.00	717.00	725.00	718.00	711.00	703.00	706.00	703.00	695.00	707.00	712.00	705.00	708.00	716.00	713.00	721.00	721.00	720.00	722.00	719.00	720.00	725.00	714.00	703.00	702.00	709.00	704.00	713.00	706.00	719.00	727.00	723.00	698.00	702.00	716.00	711.00	716.00	700.00	702.00	716.00	716.00	719.00	729.00	733.00	735.00	732.00	718.00	718.00	716.00	718.00	707.00	714.00	711.00	706.00	719.00	717.00	712.00	704.00	702.00	714.00	734.00	719.00	719.00	735.00	727.00	729.00	727.00	730.00	733.00	737.00	729.00	730.00	731.00	733.00	740.00	741.00	731.00	733.00	731.00	738.00	726.00	732.00	734.00	725.00	726.00	727.00	725.00	732.00	731.00	723.00	725.00	735.00	730.00	736.00	723.00	724.00	730.00	724.00	730.00	724.00	728.00	713.00	724.00	723.00	726.00	729.00	737.00	748.00	732.00	731.00	729.00	715.00	721.00	725.00	729.00	739.00	728.00	726.00	716.00	717.00	723.00	726.00	726.00	720.00	742.00	737.00	710.00	712.00	701.00	705.00	704.00	702.00	690.00	700.00	701.00	704.00	716.00	712.00	709.00	725.00	720.00	719.00	720.00	730.00	748.00	728.00	728.00
669.00	673.00	688.00	703.00	708.00	694.00	680.00	678.00	678.00	679.00	666.00	658.00	663.00	656.00	653.00	651.00	667.00	665.00	661.00	657.00	660.00	666.00	660.00	657.00	650.00	653.00	653.00	657.00	649.00	652.00	651.00	660.00	660.00	684.00	693.00	701.00	683.00	702.00	675.00	675.00	677.00	682.00	668.00	672.00	669.00	671.00	676.00	678.00	684.00	694.00	713.00	745.00	724.00	705.00	694.00	690.00	707.00	690.00	681.00	685.00	695.00	683.00	674.00	676.00	670.00	672.00	661.00	675.00	671.00	655.00	660.00	659.00	663.00	668.00	665.00	663.00	663.00	663.00	666.00	665.00	663.00	665.00	658.00	676.00	671.00	670.00	680.00	672.00	677.00	675.00	673.00	674.00	679.00	678.00	686.00	683.00	682.00	687.00	689.00	691.00	688.00	686.00	698.00	711.00	712.00	732.00	731.00	727.00	720.00	723.00	721.00	721.00	721.00	716.00	709.00	704.00	701.00	707.00	702.00	701.00	701.00	710.00	710.00	709.00	711.00	718.00	727.00	713.00	716.00	718.00	720.00	705.00	714.00	702.00	698.00	702.00	719.00	709.00	708.00	713.00	708.00	703.00	712.00	716.00	713.00	723.00	715.00	708.00	708.00	707.00	716.00	719.00	732.00	724.00	734.00	722.00	716.00	717.00	728.00	712.00	722.00	712.00	705.00	721.00	718.00	709.00	714.00	709.00	708.00	721.00	718.00	723.00	732.00	730.00	735.00	738.00	735.00	739.00	743.00	734.00	731.00	733.00	734.00	744.00	735.00	740.00	735.00	728.00	727.00	734.00	732.00	735.00	725.00	729.00	733.00	725.00	725.00	725.00	723.00	724.00	727.00	731.00	732.00	733.00	719.00	726.00	721.00	724.00	720.00	720.00	716.00	722.00	723.00	727.00	732.00	742.00	741.00	723.00	729.00	730.00	726.00	727.00	723.00	728.00	737.00	730.00	726.00	718.00	723.00	729.00	732.00	725.00	723.00	724.00	728.00	721.00	705.00	703.00	703.00	707.00	706.00	688.00	699.00	698.00	708.00	720.00	741.00	720.00	731.00	729.00	721.00	722.00	735.00	742.00	737.00	744.00
674.00	674.00	683.00	696.00	713.00	710.00	689.00	687.00	680.00	680.00	672.00	655.00	662.00	657.00	650.00	654.00	656.00	657.00	661.00	654.00	668.00	664.00	660.00	656.00	654.00	657.00	658.00	654.00	655.00	656.00	653.00	665.00	666.00	674.00	692.00	694.00	687.00	685.00	667.00	670.00	673.00	680.00	685.00	678.00	674.00	677.00	673.00	686.00	697.00	705.00	734.00	752.00	730.00	712.00	700.00	691.00	722.00	694.00	683.00	680.00	685.00	679.00	669.00	670.00	676.00	665.00	663.00	683.00	688.00	660.00	659.00	663.00	665.00	662.00	664.00	666.00	659.00	664.00	671.00	671.00	669.00	671.00	671.00	671.00	666.00	662.00	672.00	669.00	674.00	682.00	678.00	682.00	677.00	681.00	681.00	680.00	678.00	688.00	694.00	696.00	689.00	691.00	692.00	708.00	704.00	713.00	715.00	724.00	727.00	718.00	722.00	736.00	732.00	721.00	708.00	716.00	712.00	712.00	712.00	710.00	699.00	709.00	700.00	719.00	720.00	719.00	723.00	715.00	708.00	724.00	717.00	714.00	712.00	707.00	698.00	710.00	711.00	719.00	704.00	697.00	703.00	706.00	702.00	713.00	723.00	722.00	725.00	717.00	719.00	712.00	720.00	723.00	729.00	730.00	724.00	717.00	724.00	734.00	725.00	719.00	723.00	713.00	712.00	720.00	716.00	711.00	727.00	719.00	711.00	712.00	724.00	729.00	723.00	725.00	727.00	734.00	736.00	742.00	752.00	746.00	740.00	737.00	738.00	748.00	739.00	733.00	735.00	735.00	727.00	727.00	733.00	729.00	734.00	728.00	721.00	729.00	726.00	726.00	726.00	729.00	725.00	721.00	721.00	731.00	725.00	722.00	721.00	725.00	727.00	726.00	720.00	729.00	730.00	731.00	733.00	730.00	736.00	724.00	730.00	738.00	734.00	723.00	733.00	725.00	737.00	730.00	738.00	731.00	724.00	730.00	722.00	728.00	730.00	719.00	709.00	718.00	707.00	702.00	702.00	710.00	701.00	692.00	697.00	698.00	705.00	720.00	739.00	719.00	726.00	730.00	723.00	716.00	720.00	743.00	751.00	746.00
660.00	664.00	679.00	690.00	700.00	697.00	696.00	700.00	685.00	670.00	669.00	664.00	660.00	669.00	661.00	651.00	658.00	656.00	654.00	664.00	663.00	658.00	653.00	652.00	661.00	666.00	666.00	663.00	667.00	670.00	669.00	663.00	665.00	658.00	661.00	665.00	665.00	667.00	665.00	669.00	668.00	660.00	666.00	669.00	661.00	661.00	668.00	685.00	694.00	700.00	710.00	726.00	728.00	717.00	705.00	696.00	735.00	710.00	695.00	685.00	692.00	694.00	683.00	679.00	677.00	657.00	670.00	682.00	674.00	655.00	655.00	663.00	664.00	662.00	663.00	662.00	670.00	668.00	668.00	670.00	674.00	686.00	681.00	682.00	684.00	677.00	678.00	679.00	671.00	686.00	687.00	682.00	678.00	681.00	684.00	682.00	688.00	684.00	685.00	689.00	690.00	693.00	687.00	697.00	709.00	728.00	730.00	730.00	731.00	726.00	723.00	716.00	717.00	713.00	722.00	714.00	709.00	711.00	711.00	709.00	711.00	709.00	706.00	717.00	711.00	721.00	718.00	721.00	706.00	701.00	701.00	714.00	715.00	706.00	709.00	696.00	720.00	701.00	700.00	709.00	714.00	717.00	720.00	720.00	720.00	715.00	722.00	730.00	727.00	725.00	714.00	725.00	726.00	722.00	732.00	733.00	725.00	719.00	732.00	727.00	714.00	721.00	724.00	725.00	713.00	728.00	718.00	712.00	720.00	716.00	717.00	721.00	727.00	734.00	733.00	734.00	739.00	753.00	754.00	737.00	741.00	744.00	740.00	737.00	730.00	727.00	731.00	725.00	728.00	715.00	724.00	731.00	731.00	737.00	730.00	731.00	733.00	732.00	730.00	730.00	728.00	727.00	728.00	730.00	731.00	730.00	730.00	736.00	728.00	726.00	722.00	717.00	728.00	733.00	735.00	737.00	727.00	736.00	726.00	725.00	727.00	725.00	734.00	734.00	734.00	727.00	727.00	720.00	724.00	730.00	727.00	718.00	716.00	716.00	714.00	712.00	711.00	716.00	714.00	715.00	706.00	703.00	701.00	696.00	719.00	730.00	725.00	714.00	713.00	722.00	726.00	727.00	724.00	748.00	730.00	715.00
665.00	666.00	672.00	680.00	696.00	685.00	704.00	693.00	680.00	669.00	659.00	662.00	663.00	670.00	662.00	656.00	667.00	657.00	651.00	663.00	661.00	657.00	657.00	660.00	664.00	668.00	668.00	670.00	673.00	672.00	666.00	665.00	659.00	660.00	665.00	673.00	675.00	674.00	670.00	676.00	685.00	686.00	669.00	672.00	671.00	672.00	673.00	674.00	687.00	696.00	716.00	724.00	731.00	730.00	721.00	705.00	740.00	722.00	702.00	688.00	691.00	695.00	680.00	679.00	681.00	659.00	674.00	670.00	663.00	660.00	660.00	662.00	666.00	668.00	670.00	668.00	672.00	669.00	670.00	671.00	675.00	686.00	680.00	673.00	686.00	685.00	692.00	685.00	678.00	684.00	686.00	685.00	680.00	674.00	679.00	687.00	692.00	690.00	691.00	687.00	694.00	707.00	696.00	693.00	715.00	737.00	736.00	737.00	737.00	728.00	725.00	719.00	716.00	711.00	714.00	722.00	714.00	704.00	717.00	708.00	710.00	714.00	700.00	708.00	704.00	709.00	715.00	715.00	715.00	712.00	711.00	705.00	706.00	699.00	705.00	693.00	710.00	697.00	701.00	710.00	705.00	704.00	696.00	716.00	713.00	719.00	730.00	734.00	722.00	730.00	725.00	714.00	744.00	741.00	736.00	734.00	736.00	728.00	727.00	716.00	719.00	734.00	731.00	717.00	714.00	720.00	721.00	716.00	717.00	718.00	723.00	709.00	727.00	732.00	721.00	726.00	733.00	740.00	737.00	733.00	741.00	738.00	733.00	735.00	726.00	723.00	722.00	724.00	718.00	721.00	725.00	728.00	732.00	728.00	725.00	724.00	730.00	722.00	731.00	730.00	724.00	725.00	721.00	724.00	727.00	730.00	729.00	728.00	718.00	724.00	721.00	722.00	731.00	726.00	733.00	730.00	728.00	730.00	728.00	733.00	736.00	723.00	741.00	734.00	736.00	733.00	728.00	720.00	721.00	717.00	719.00	717.00	710.00	712.00	712.00	712.00	718.00	716.00	713.00	713.00	713.00	706.00	703.00	699.00	720.00	718.00	730.00	729.00	711.00	725.00	735.00	731.00	734.00	737.00	726.00	720.00
682.00	672.00	665.00	672.00	683.00	679.00	696.00	679.00	668.00	660.00	666.00	668.00	672.00	668.00	659.00	653.00	667.00	665.00	662.00	663.00	665.00	666.00	663.00	662.00	664.00	665.00	669.00	670.00	671.00	671.00	669.00	675.00	671.00	665.00	674.00	684.00	678.00	670.00	684.00	676.00	688.00	691.00	677.00	667.00	682.00	683.00	678.00	676.00	681.00	689.00	701.00	730.00	738.00	740.00	725.00	714.00	736.00	715.00	701.00	701.00	689.00	683.00	680.00	677.00	679.00	667.00	681.00	669.00	658.00	664.00	667.00	663.00	663.00	668.00	676.00	677.00	673.00	674.00	668.00	675.00	686.00	683.00	683.00	680.00	680.00	697.00	688.00	683.00	683.00	684.00	698.00	690.00	681.00	682.00	683.00	686.00	697.00	694.00	696.00	698.00	702.00	706.00	696.00	695.00	711.00	738.00	731.00	726.00	736.00	727.00	714.00	719.00	721.00	719.00	711.00	706.00	712.00	709.00	711.00	704.00	716.00	714.00	694.00	704.00	718.00	720.00	724.00	717.00	715.00	718.00	726.00	714.00	698.00	701.00	693.00	691.00	694.00	698.00	707.00	705.00	697.00	700.00	703.00	710.00	721.00	718.00	740.00	735.00	733.00	728.00	724.00	717.00	725.00	729.00	725.00	734.00	729.00	724.00	724.00	729.00	725.00	731.00	721.00	723.00	717.00	719.00	720.00	728.00	728.00	722.00	721.00	714.00	727.00	749.00	722.00	728.00	729.00	726.00	735.00	737.00	744.00	727.00	732.00	729.00	728.00	722.00	723.00	721.00	727.00	720.00	724.00	721.00	730.00	725.00	719.00	726.00	722.00	725.00	732.00	729.00	730.00	727.00	725.00	726.00	730.00	732.00	732.00	737.00	731.00	730.00	723.00	733.00	742.00	732.00	738.00	734.00	734.00	730.00	731.00	727.00	727.00	720.00	732.00	734.00	739.00	738.00	728.00	723.00	722.00	724.00	728.00	717.00	718.00	718.00	722.00	714.00	719.00	716.00	713.00	716.00	721.00	701.00	699.00	696.00	704.00	723.00	721.00	725.00	718.00	727.00	744.00	722.00	730.00	734.00	723.00	723.00
655.00	651.00	654.00	662.00	670.00	674.00	695.00	674.00	663.00	664.00	662.00	682.00	676.00	663.00	658.00	656.00	669.00	673.00	676.00	672.00	664.00	663.00	663.00	665.00	665.00	668.00	672.00	671.00	670.00	675.00	669.00	675.00	676.00	663.00	673.00	675.00	671.00	674.00	677.00	677.00	676.00	685.00	679.00	671.00	678.00	682.00	680.00	673.00	691.00	686.00	691.00	715.00	725.00	728.00	729.00	739.00	753.00	742.00	719.00	694.00	680.00	682.00	689.00	677.00	690.00	687.00	698.00	679.00	674.00	666.00	669.00	668.00	663.00	671.00	668.00	673.00	676.00	683.00	675.00	678.00	690.00	690.00	687.00	680.00	679.00	687.00	698.00	704.00	696.00	684.00	688.00	689.00	692.00	688.00	692.00	696.00	698.00	695.00	701.00	716.00	714.00	699.00	696.00	705.00	716.00	732.00	737.00	730.00	715.00	716.00	724.00	721.00	719.00	722.00	723.00	713.00	698.00	699.00	702.00	702.00	697.00	697.00	696.00	704.00	709.00	706.00	702.00	711.00	712.00	711.00	704.00	707.00	720.00	725.00	708.00	692.00	719.00	717.00	710.00	724.00	718.00	743.00	736.00	707.00	710.00	718.00	721.00	721.00	735.00	721.00	734.00	726.00	725.00	730.00	720.00	725.00	724.00	731.00	732.00	716.00	722.00	725.00	732.00	724.00	712.00	726.00	735.00	723.00	719.00	721.00	724.00	727.00	726.00	733.00	736.00	741.00	740.00	738.00	735.00	738.00	742.00	731.00	730.00	725.00	721.00	723.00	721.00	718.00	724.00	718.00	720.00	720.00	716.00	721.00	718.00	716.00	718.00	720.00	727.00	731.00	734.00	728.00	729.00	740.00	727.00	730.00	737.00	727.00	727.00	726.00	724.00	729.00	723.00	736.00	748.00	744.00	732.00	733.00	723.00	735.00	732.00	731.00	730.00	740.00	738.00	735.00	723.00	730.00	734.00	728.00	733.00	731.00	726.00	723.00	724.00	728.00	736.00	712.00	709.00	701.00	709.00	702.00	702.00	702.00	697.00	715.00	720.00	724.00	736.00	725.00	723.00	717.00	749.00	722.00	726.00	730.00
664.00	682.00	664.00	667.00	669.00	676.00	682.00	669.00	670.00	672.00	673.00	679.00	675.00	665.00	662.00	661.00	665.00	676.00	672.00	672.00	664.00	670.00	672.00	664.00	674.00	673.00	675.00	677.00	671.00	671.00	669.00	669.00	667.00	666.00	667.00	675.00	677.00	673.00	679.00	675.00	666.00	666.00	680.00	679.00	678.00	668.00	667.00	679.00	681.00	691.00	698.00	691.00	695.00	702.00	705.00	714.00	740.00	732.00	728.00	696.00	680.00	688.00	693.00	686.00	687.00	693.00	683.00	677.00	670.00	686.00	672.00	663.00	666.00	678.00	675.00	674.00	678.00	679.00	682.00	677.00	689.00	690.00	692.00	697.00	691.00	694.00	700.00	697.00	703.00	693.00	686.00	692.00	695.00	695.00	702.00	699.00	692.00	688.00	689.00	693.00	697.00	705.00	697.00	699.00	695.00	712.00	724.00	715.00	720.00	711.00	713.00	726.00	724.00	719.00	710.00	718.00	731.00	715.00	719.00	711.00	713.00	709.00	702.00	702.00	704.00	701.00	712.00	725.00	713.00	706.00	702.00	702.00	713.00	698.00	689.00	697.00	698.00	699.00	717.00	722.00	714.00	723.00	725.00	717.00	709.00	723.00	721.00	721.00	734.00	728.00	732.00	733.00	734.00	734.00	726.00	737.00	728.00	716.00	711.00	716.00	716.00	718.00	718.00	712.00	727.00	729.00	726.00	728.00	726.00	719.00	721.00	727.00	738.00	734.00	728.00	736.00	737.00	732.00	730.00	729.00	727.00	731.00	729.00	734.00	730.00	727.00	718.00	719.00	724.00	719.00	722.00	715.00	715.00	719.00	721.00	719.00	718.00	725.00	720.00	733.00	730.00	738.00	736.00	739.00	731.00	732.00	732.00	738.00	732.00	731.00	728.00	737.00	729.00	742.00	740.00	733.00	731.00	736.00	726.00	735.00	735.00	728.00	737.00	743.00	737.00	732.00	735.00	744.00	725.00	729.00	724.00	728.00	720.00	716.00	714.00	716.00	707.00	704.00	707.00	705.00	711.00	709.00	709.00	707.00	694.00	704.00	711.00	707.00	715.00	732.00	718.00	717.00	718.00	726.00	734.00	734.00
676.00	667.00	671.00	678.00	679.00	689.00	685.00	674.00	675.00	675.00	675.00	673.00	668.00	667.00	667.00	670.00	665.00	671.00	670.00	670.00	675.00	672.00	668.00	666.00	668.00	674.00	673.00	675.00	672.00	670.00	669.00	667.00	667.00	676.00	670.00	679.00	680.00	679.00	683.00	674.00	667.00	666.00	676.00	678.00	686.00	677.00	673.00	692.00	687.00	688.00	692.00	691.00	689.00	694.00	701.00	705.00	732.00	733.00	720.00	694.00	686.00	687.00	696.00	702.00	697.00	681.00	690.00	683.00	671.00	678.00	671.00	664.00	682.00	686.00	683.00	678.00	681.00	686.00	683.00	682.00	682.00	682.00	689.00	700.00	692.00	690.00	706.00	705.00	710.00	704.00	684.00	698.00	690.00	689.00	700.00	700.00	701.00	690.00	693.00	695.00	694.00	703.00	699.00	700.00	699.00	714.00	718.00	707.00	710.00	708.00	714.00	716.00	714.00	728.00	727.00	722.00	727.00	719.00	718.00	711.00	709.00	702.00	698.00	692.00	702.00	710.00	720.00	709.00	706.00	712.00	713.00	713.00	692.00	689.00	697.00	708.00	703.00	705.00	702.00	706.00	717.00	710.00	719.00	722.00	719.00	712.00	715.00	722.00	734.00	728.00	734.00	736.00	725.00	734.00	733.00	728.00	720.00	716.00	724.00	706.00	718.00	715.00	718.00	718.00	737.00	730.00	735.00	727.00	717.00	715.00	720.00	716.00	726.00	719.00	722.00	719.00	722.00	737.00	736.00	727.00	728.00	737.00	726.00	728.00	721.00	718.00	713.00	720.00	721.00	715.00	720.00	717.00	714.00	716.00	720.00	710.00	715.00	717.00	721.00	731.00	731.00	735.00	737.00	735.00	733.00	735.00	737.00	739.00	732.00	726.00	729.00	735.00	732.00	744.00	745.00	737.00	730.00	738.00	730.00	730.00	733.00	732.00	737.00	745.00	744.00	734.00	726.00	730.00	725.00	721.00	721.00	722.00	720.00	719.00	720.00	715.00	708.00	713.00	713.00	714.00	713.00	715.00	715.00	711.00	699.00	701.00	712.00	711.00	711.00	711.00	712.00	714.00	724.00	722.00	727.00	735.00
657.00	653.00	679.00	684.00	688.00	692.00	677.00	667.00	672.00	678.00	678.00	668.00	665.00	664.00	666.00	670.00	665.00	668.00	668.00	670.00	681.00	669.00	666.00	664.00	668.00	673.00	685.00	686.00	674.00	670.00	670.00	662.00	675.00	682.00	673.00	663.00	670.00	676.00	676.00	663.00	669.00	670.00	681.00	685.00	689.00	681.00	678.00	693.00	688.00	684.00	691.00	696.00	689.00	687.00	698.00	698.00	712.00	717.00	697.00	683.00	686.00	691.00	699.00	702.00	700.00	690.00	692.00	685.00	678.00	673.00	675.00	676.00	684.00	688.00	686.00	683.00	686.00	685.00	685.00	690.00	681.00	678.00	679.00	691.00	691.00	695.00	706.00	708.00	699.00	692.00	681.00	693.00	688.00	692.00	698.00	696.00	702.00	702.00	705.00	702.00	709.00	706.00	702.00	708.00	705.00	716.00	711.00	703.00	700.00	701.00	708.00	704.00	710.00	725.00	723.00	720.00	711.00	709.00	709.00	707.00	710.00	709.00	715.00	697.00	702.00	709.00	710.00	699.00	700.00	718.00	717.00	704.00	694.00	688.00	700.00	708.00	711.00	725.00	711.00	708.00	719.00	721.00	725.00	729.00	721.00	721.00	702.00	710.00	723.00	720.00	726.00	723.00	717.00	723.00	730.00	718.00	720.00	726.00	728.00	709.00	716.00	714.00	723.00	728.00	726.00	725.00	720.00	713.00	721.00	711.00	720.00	714.00	716.00	720.00	711.00	723.00	734.00	735.00	733.00	730.00	723.00	733.00	723.00	731.00	726.00	719.00	716.00	711.00	714.00	717.00	716.00	713.00	710.00	711.00	711.00	718.00	710.00	717.00	724.00	729.00	721.00	723.00	727.00	732.00	735.00	733.00	732.00	738.00	733.00	734.00	733.00	734.00	740.00	733.00	739.00	742.00	733.00	733.00	742.00	738.00	728.00	736.00	736.00	735.00	741.00	738.00	722.00	727.00	724.00	729.00	731.00	725.00	720.00	724.00	725.00	716.00	714.00	722.00	714.00	713.00	719.00	724.00	725.00	715.00	701.00	692.00	707.00	709.00	714.00	716.00	711.00	723.00	724.00	720.00	720.00	729.00
649.00	657.00	675.00	675.00	675.00	671.00	664.00	661.00	672.00	684.00	683.00	675.00	665.00	667.00	664.00	672.00	667.00	666.00	672.00	673.00	679.00	674.00	665.00	661.00	679.00	679.00	693.00	697.00	680.00	669.00	669.00	664.00	666.00	673.00	669.00	666.00	670.00	678.00	679.00	675.00	671.00	668.00	680.00	684.00	681.00	677.00	677.00	690.00	690.00	681.00	688.00	697.00	691.00	691.00	709.00	715.00	709.00	703.00	691.00	684.00	691.00	691.00	694.00	688.00	690.00	692.00	688.00	693.00	690.00	675.00	689.00	684.00	677.00	694.00	693.00	690.00	686.00	689.00	687.00	690.00	681.00	691.00	691.00	695.00	700.00	707.00	707.00	711.00	700.00	687.00	693.00	684.00	688.00	706.00	697.00	700.00	696.00	705.00	708.00	705.00	713.00	704.00	702.00	700.00	705.00	715.00	718.00	709.00	698.00	703.00	703.00	716.00	716.00	716.00	712.00	713.00	708.00	718.00	711.00	722.00	717.00	707.00	711.00	705.00	690.00	706.00	696.00	709.00	705.00	708.00	707.00	710.00	692.00	694.00	698.00	701.00	707.00	721.00	717.00	705.00	704.00	732.00	719.00	727.00	730.00	720.00	717.00	723.00	720.00	726.00	732.00	728.00	722.00	731.00	723.00	725.00	715.00	719.00	714.00	707.00	714.00	708.00	725.00	731.00	717.00	721.00	717.00	711.00	718.00	716.00	711.00	721.00	711.00	725.00	719.00	732.00	749.00	723.00	731.00	734.00	728.00	716.00	721.00	732.00	721.00	721.00	715.00	713.00	715.00	710.00	706.00	709.00	704.00	711.00	716.00	722.00	724.00	725.00	720.00	727.00	722.00	720.00	723.00	731.00	730.00	729.00	733.00	727.00	727.00	734.00	732.00	726.00	736.00	724.00	733.00	739.00	735.00	728.00	733.00	735.00	739.00	735.00	745.00	734.00	733.00	732.00	720.00	726.00	725.00	727.00	723.00	725.00	723.00	724.00	719.00	721.00	728.00	719.00	712.00	716.00	731.00	740.00	726.00	721.00	701.00	697.00	702.00	713.00	728.00	730.00	723.00	713.00	713.00	720.00	721.00	728.00
658.00	667.00	679.00	684.00	684.00	680.00	660.00	661.00	666.00	672.00	677.00	673.00	676.00	671.00	662.00	668.00	674.00	676.00	680.00	678.00	672.00	666.00	658.00	659.00	667.00	673.00	672.00	674.00	674.00	671.00	677.00	669.00	668.00	668.00	663.00	667.00	667.00	678.00	673.00	673.00	679.00	675.00	672.00	685.00	687.00	702.00	702.00	681.00	692.00	689.00	698.00	700.00	697.00	696.00	712.00	724.00	716.00	723.00	701.00	697.00	698.00	704.00	713.00	699.00	704.00	705.00	701.00	696.00	683.00	682.00	681.00	679.00	683.00	690.00	697.00	689.00	684.00	684.00	691.00	686.00	692.00	707.00	710.00	702.00	700.00	701.00	693.00	694.00	690.00	703.00	702.00	688.00	684.00	687.00	688.00	694.00	708.00	703.00	700.00	700.00	702.00	698.00	694.00	694.00	695.00	697.00	703.00	698.00	695.00	691.00	699.00	706.00	706.00	718.00	725.00	718.00	712.00	709.00	723.00	716.00	710.00	707.00	703.00	703.00	693.00	687.00	690.00	698.00	696.00	703.00	716.00	714.00	691.00	705.00	704.00	708.00	705.00	708.00	719.00	717.00	725.00	721.00	741.00	722.00	723.00	730.00	714.00	725.00	731.00	726.00	730.00	728.00	730.00	725.00	728.00	727.00	719.00	714.00	705.00	704.00	712.00	710.00	715.00	710.00	714.00	720.00	709.00	709.00	710.00	702.00	709.00	717.00	710.00	714.00	726.00	731.00	736.00	730.00	722.00	737.00	723.00	731.00	729.00	724.00	728.00	723.00	719.00	704.00	703.00	706.00	710.00	703.00	709.00	716.00	712.00	727.00	727.00	716.00	726.00	711.00	719.00	724.00	720.00	734.00	737.00	721.00	722.00	719.00	727.00	717.00	723.00	729.00	728.00	723.00	726.00	727.00	724.00	734.00	738.00	745.00	753.00	747.00	739.00	737.00	742.00	733.00	736.00	734.00	738.00	729.00	724.00	727.00	727.00	725.00	723.00	719.00	721.00	714.00	710.00	716.00	701.00	710.00	711.00	711.00	696.00	698.00	698.00	713.00	718.00	731.00	748.00	738.00	732.00	731.00	729.00	723.00
658.00	667.00	679.00	684.00	684.00	680.00	660.00	661.00	666.00	672.00	677.00	673.00	676.00	671.00	662.00	668.00	674.00	676.00	680.00	678.00	672.00	666.00	658.00	659.00	667.00	673.00	672.00	674.00	674.00	671.00	677.00	669.00	668.00	668.00	663.00	667.00	667.00	678.00	673.00	673.00	679.00	675.00	672.00	685.00	687.00	702.00	702.00	681.00	692.00	689.00	698.00	700.00	697.00	696.00	712.00	724.00	716.00	723.00	701.00	697.00	698.00	704.00	713.00	699.00	704.00	705.00	701.00	696.00	683.00	682.00	681.00	679.00	683.00	690.00	697.00	689.00	684.00	684.00	691.00	686.00	692.00	707.00	710.00	702.00	700.00	701.00	693.00	694.00	690.00	703.00	702.00	688.00	684.00	687.00	688.00	694.00	708.00	703.00	700.00	700.00	702.00	698.00	694.00	694.00	695.00	697.00	703.00	698.00	695.00	691.00	699.00	706.00	706.00	718.00	725.00	718.00	712.00	709.00	723.00	716.00	710.00	707.00	703.00	703.00	693.00	687.00	690.00	698.00	696.00	703.00	716.00	714.00	691.00	705.00	704.00	708.00	705.00	708.00	719.00	717.00	725.00	721.00	741.00	722.00	723.00	730.00	714.00	725.00	731.00	726.00	730.00	728.00	730.00	725.00	728.00	727.00	719.00	714.00	705.00	704.00	712.00	710.00	715.00	710.00	714.00	720.00	709.00	709.00	710.00	702.00	709.00	717.00	710.00	714.00	726.00	731.00	736.00	730.00	722.00	737.00	723.00	731.00	729.00	724.00	728.00	723.00	719.00	704.00	703.00	706.00	710.00	703.00	709.00	716.00	712.00	727.00	727.00	716.00	726.00	711.00	719.00	724.00	720.00	734.00	737.00	721.00	722.00	719.00	727.00	717.00	723.00	729.00	728.00	723.00	726.00	727.00	724.00	734.00	738.00	745.00	753.00	747.00	739.00	737.00	742.00	733.00	736.00	734.00	738.00	729.00	724.00	727.00	727.00	725.00	723.00	719.00	721.00	714.00	710.00	716.00	701.00	710.00	711.00	711.00	696.00	698.00	698.00	713.00	718.00	731.00	748.00	738.00	732.00	731.00	729.00	723.00
656.00	670.00	675.00	687.00	693.00	680.00	662.00	657.00	666.00	670.00	675.00	673.00	680.00	675.00	671.00	679.00	674.00	669.00	678.00	675.00	668.00	669.00	668.00	662.00	663.00	669.00	673.00	679.00	673.00	680.00	679.00	679.00	676.00	666.00	669.00	672.00	670.00	680.00	674.00	677.00	683.00	678.00	671.00	685.00	698.00	702.00	693.00	678.00	684.00	688.00	694.00	690.00	698.00	696.00	707.00	723.00	722.00	727.00	713.00	696.00	699.00	707.00	714.00	702.00	705.00	707.00	704.00	688.00	692.00	683.00	684.00	681.00	682.00	689.00	702.00	688.00	684.00	684.00	690.00	691.00	697.00	699.00	708.00	703.00	712.00	708.00	697.00	693.00	701.00	706.00	697.00	687.00	683.00	687.00	687.00	704.00	696.00	698.00	706.00	708.00	699.00	697.00	697.00	695.00	694.00	710.00	716.00	715.00	710.00	692.00	700.00	709.00	711.00	707.00	712.00	709.00	711.00	711.00	706.00	702.00	702.00	701.00	712.00	701.00	705.00	702.00	690.00	693.00	702.00	699.00	702.00	700.00	694.00	705.00	704.00	701.00	713.00	723.00	714.00	716.00	722.00	716.00	734.00	725.00	740.00	736.00	725.00	727.00	731.00	713.00	730.00	733.00	730.00	722.00	727.00	725.00	718.00	711.00	714.00	703.00	713.00	710.00	708.00	708.00	714.00	714.00	720.00	714.00	703.00	711.00	706.00	711.00	714.00	710.00	730.00	733.00	733.00	726.00	721.00	727.00	720.00	732.00	726.00	726.00	724.00	719.00	718.00	717.00	712.00	699.00	707.00	697.00	704.00	717.00	717.00	725.00	724.00	721.00	722.00	715.00	718.00	720.00	726.00	738.00	736.00	723.00	725.00	722.00	733.00	732.00	729.00	730.00	730.00	725.00	728.00	719.00	724.00	737.00	734.00	733.00	742.00	739.00	730.00	733.00	736.00	730.00	725.00	727.00	733.00	729.00	734.00	724.00	730.00	725.00	729.00	715.00	715.00	718.00	704.00	703.00	708.00	712.00	723.00	722.00	698.00	700.00	701.00	721.00	722.00	726.00	738.00	750.00	751.00	748.00	754.00	745.00
657.00	665.00	658.00	676.00	689.00	673.00	663.00	655.00	663.00	666.00	673.00	666.00	678.00	677.00	674.00	697.00	683.00	675.00	675.00	676.00	674.00	673.00	667.00	677.00	670.00	675.00	684.00	689.00	677.00	679.00	672.00	676.00	672.00	669.00	677.00	676.00	669.00	673.00	677.00	676.00	692.00	685.00	675.00	681.00	695.00	691.00	686.00	678.00	685.00	690.00	695.00	692.00	694.00	698.00	711.00	728.00	728.00	716.00	710.00	709.00	705.00	706.00	705.00	703.00	697.00	692.00	685.00	696.00	698.00	687.00	686.00	694.00	684.00	687.00	692.00	689.00	700.00	687.00	702.00	699.00	697.00	699.00	700.00	700.00	704.00	707.00	695.00	696.00	705.00	698.00	697.00	688.00	685.00	691.00	691.00	703.00	698.00	697.00	699.00	697.00	699.00	698.00	703.00	696.00	695.00	709.00	719.00	721.00	708.00	699.00	699.00	713.00	714.00	710.00	714.00	701.00	718.00	727.00	699.00	706.00	710.00	712.00	704.00	712.00	712.00	698.00	696.00	687.00	708.00	701.00	691.00	698.00	702.00	695.00	698.00	710.00	715.00	713.00	704.00	715.00	718.00	711.00	710.00	726.00	734.00	728.00	722.00	719.00	717.00	717.00	730.00	727.00	725.00	714.00	725.00	725.00	717.00	707.00	709.00	709.00	701.00	709.00	707.00	709.00	712.00	717.00	714.00	722.00	704.00	709.00	701.00	707.00	706.00	720.00	737.00	727.00	730.00	728.00	718.00	727.00	720.00	728.00	723.00	715.00	727.00	713.00	719.00	717.00	715.00	706.00	706.00	707.00	713.00	708.00	716.00	717.00	719.00	717.00	722.00	712.00	714.00	719.00	720.00	729.00	725.00	721.00	723.00	719.00	725.00	723.00	721.00	723.00	728.00	718.00	722.00	718.00	733.00	735.00	741.00	740.00	739.00	733.00	728.00	730.00	732.00	728.00	722.00	723.00	722.00	727.00	735.00	718.00	726.00	721.00	725.00	717.00	707.00	711.00	709.00	706.00	705.00	730.00	738.00	733.00	700.00	704.00	697.00	707.00	724.00	729.00	724.00	732.00	732.00	744.00	751.00	753.00
671.00	660.00	663.00	676.00	675.00	666.00	663.00	654.00	652.00	660.00	663.00	658.00	674.00	686.00	683.00	673.00	679.00	675.00	674.00	673.00	674.00	670.00	664.00	674.00	668.00	670.00	671.00	667.00	689.00	676.00	672.00	667.00	667.00	678.00	677.00	671.00	667.00	679.00	690.00	686.00	684.00	684.00	677.00	684.00	682.00	680.00	681.00	683.00	684.00	688.00	689.00	693.00	697.00	702.00	714.00	732.00	726.00	717.00	704.00	697.00	715.00	718.00	719.00	704.00	703.00	707.00	691.00	697.00	715.00	695.00	695.00	704.00	706.00	721.00	700.00	695.00	689.00	695.00	696.00	697.00	709.00	713.00	704.00	704.00	706.00	705.00	694.00	708.00	710.00	710.00	701.00	694.00	693.00	693.00	690.00	690.00	690.00	698.00	697.00	696.00	705.00	696.00	704.00	698.00	695.00	695.00	715.00	715.00	706.00	694.00	688.00	696.00	702.00	715.00	718.00	710.00	710.00	704.00	703.00	716.00	704.00	714.00	699.00	700.00	696.00	699.00	700.00	694.00	684.00	692.00	700.00	691.00	718.00	713.00	703.00	713.00	709.00	714.00	719.00	716.00	711.00	727.00	721.00	731.00	730.00	726.00	727.00	718.00	720.00	729.00	716.00	718.00	723.00	717.00	730.00	728.00	721.00	718.00	717.00	709.00	712.00	708.00	708.00	708.00	706.00	708.00	718.00	712.00	707.00	717.00	713.00	705.00	726.00	719.00	722.00	724.00	722.00	726.00	734.00	722.00	715.00	713.00	717.00	714.00	724.00	722.00	718.00	713.00	707.00	707.00	706.00	716.00	719.00	717.00	715.00	727.00	725.00	718.00	719.00	718.00	711.00	716.00	722.00	723.00	727.00	723.00	712.00	729.00	723.00	725.00	719.00	735.00	731.00	712.00	717.00	723.00	725.00	734.00	738.00	737.00	735.00	726.00	724.00	722.00	726.00	725.00	720.00	718.00	720.00	720.00	727.00	726.00	719.00	724.00	719.00	714.00	715.00	727.00	715.00	711.00	718.00	722.00	722.00	713.00	707.00	706.00	702.00	696.00	716.00	714.00	715.00	717.00	724.00	733.00	733.00	730.00
663.00	654.00	668.00	679.00	665.00	660.00	660.00	650.00	649.00	653.00	661.00	658.00	667.00	679.00	683.00	666.00	676.00	671.00	667.00	666.00	672.00	667.00	665.00	663.00	669.00	671.00	667.00	668.00	679.00	674.00	674.00	671.00	666.00	678.00	682.00	675.00	671.00	679.00	678.00	681.00	682.00	683.00	675.00	680.00	679.00	680.00	688.00	686.00	682.00	680.00	688.00	694.00	697.00	704.00	713.00	723.00	713.00	720.00	708.00	706.00	702.00	710.00	714.00	711.00	705.00	705.00	692.00	690.00	701.00	697.00	694.00	691.00	695.00	706.00	699.00	693.00	699.00	696.00	703.00	702.00	705.00	710.00	708.00	709.00	705.00	707.00	700.00	702.00	708.00	703.00	699.00	700.00	696.00	696.00	690.00	687.00	696.00	699.00	697.00	695.00	703.00	698.00	695.00	696.00	697.00	696.00	695.00	710.00	711.00	700.00	685.00	695.00	700.00	709.00	719.00	721.00	713.00	717.00	703.00	701.00	702.00	717.00	694.00	699.00	695.00	694.00	698.00	709.00	697.00	681.00	686.00	686.00	704.00	710.00	714.00	718.00	706.00	707.00	711.00	717.00	722.00	714.00	716.00	730.00	720.00	726.00	723.00	713.00	724.00	738.00	714.00	714.00	720.00	714.00	720.00	723.00	717.00	712.00	711.00	705.00	705.00	700.00	698.00	704.00	704.00	712.00	714.00	718.00	706.00	709.00	711.00	705.00	719.00	721.00	724.00	740.00	724.00	721.00	719.00	717.00	722.00	725.00	718.00	719.00	721.00	713.00	722.00	722.00	718.00	708.00	711.00	712.00	719.00	714.00	710.00	721.00	723.00	726.00	719.00	715.00	708.00	713.00	723.00	722.00	717.00	716.00	712.00	726.00	723.00	724.00	724.00	716.00	717.00	717.00	718.00	720.00	730.00	729.00	740.00	739.00	729.00	731.00	721.00	725.00	721.00	722.00	727.00	722.00	720.00	718.00	716.00	727.00	722.00	722.00	718.00	715.00	725.00	717.00	716.00	706.00	715.00	717.00	727.00	721.00	710.00	704.00	706.00	705.00	727.00	711.00	711.00	722.00	720.00	735.00	726.00	732.00
644.00	638.00	652.00	662.00	655.00	649.00	657.00	650.00	654.00	660.00	662.00	658.00	661.00	663.00	665.00	660.00	663.00	668.00	667.00	668.00	666.00	666.00	664.00	666.00	675.00	684.00	684.00	678.00	676.00	681.00	681.00	680.00	673.00	678.00	672.00	676.00	677.00	674.00	677.00	686.00	692.00	695.00	683.00	680.00	677.00	677.00	677.00	679.00	689.00	683.00	683.00	699.00	693.00	691.00	699.00	713.00	716.00	703.00	702.00	728.00	727.00	721.00	708.00	706.00	711.00	699.00	713.00	722.00	720.00	704.00	701.00	704.00	704.00	719.00	694.00	697.00	704.00	707.00	711.00	706.00	710.00	703.00	701.00	700.00	704.00	710.00	702.00	703.00	704.00	699.00	698.00	690.00	693.00	691.00	689.00	686.00	692.00	695.00	690.00	696.00	697.00	701.00	704.00	701.00	694.00	697.00	693.00	693.00	694.00	697.00	692.00	697.00	716.00	728.00	707.00	712.00	707.00	706.00	715.00	718.00	705.00	693.00	692.00	686.00	699.00	696.00	712.00	702.00	697.00	697.00	684.00	679.00	703.00	695.00	712.00	719.00	712.00	719.00	720.00	710.00	719.00	715.00	719.00	706.00	723.00	715.00	708.00	709.00	716.00	722.00	701.00	711.00	719.00	724.00	741.00	721.00	714.00	715.00	711.00	708.00	718.00	729.00	707.00	704.00	717.00	717.00	707.00	710.00	696.00	708.00	712.00	708.00	711.00	717.00	721.00	719.00	724.00	721.00	719.00	713.00	720.00	731.00	723.00	712.00	707.00	713.00	710.00	713.00	709.00	713.00	707.00	706.00	713.00	707.00	713.00	718.00	720.00	724.00	721.00	714.00	716.00	714.00	722.00	729.00	727.00	722.00	719.00	705.00	720.00	717.00	717.00	709.00	716.00	732.00	728.00	728.00	730.00	738.00	743.00	738.00	734.00	732.00	734.00	728.00	728.00	730.00	734.00	739.00	726.00	723.00	719.00	720.00	712.00	716.00	721.00	728.00	722.00	716.00	712.00	722.00	729.00	732.00	761.00	760.00	721.00	703.00	699.00	696.00	726.00	728.00	721.00	729.00	732.00	728.00	728.00	729.00
644.00	646.00	644.00	649.00	649.00	646.00	656.00	654.00	662.00	668.00	667.00	667.00	659.00	659.00	659.00	657.00	661.00	667.00	669.00	671.00	662.00	660.00	664.00	666.00	675.00	679.00	679.00	681.00	684.00	688.00	689.00	681.00	680.00	685.00	678.00	676.00	688.00	684.00	677.00	686.00	687.00	685.00	685.00	680.00	677.00	678.00	682.00	677.00	688.00	686.00	689.00	696.00	689.00	690.00	692.00	697.00	721.00	715.00	720.00	729.00	730.00	730.00	718.00	710.00	705.00	706.00	717.00	712.00	705.00	708.00	721.00	701.00	702.00	705.00	701.00	694.00	700.00	704.00	704.00	703.00	701.00	701.00	716.00	704.00	709.00	702.00	707.00	708.00	704.00	701.00	695.00	692.00	695.00	696.00	688.00	689.00	704.00	695.00	702.00	697.00	694.00	704.00	704.00	697.00	694.00	699.00	689.00	691.00	693.00	694.00	693.00	708.00	709.00	711.00	714.00	713.00	719.00	722.00	714.00	715.00	703.00	705.00	704.00	688.00	689.00	690.00	707.00	694.00	707.00	692.00	676.00	687.00	705.00	698.00	698.00	705.00	713.00	727.00	731.00	715.00	714.00	713.00	720.00	709.00	722.00	717.00	717.00	709.00	717.00	727.00	706.00	717.00	722.00	715.00	730.00	730.00	728.00	718.00	710.00	697.00	706.00	721.00	707.00	705.00	718.00	709.00	714.00	708.00	698.00	713.00	731.00	714.00	709.00	715.00	723.00	715.00	719.00	719.00	714.00	707.00	714.00	721.00	716.00	710.00	702.00	707.00	710.00	710.00	704.00	702.00	706.00	709.00	713.00	712.00	717.00	713.00	720.00	722.00	717.00	711.00	715.00	711.00	718.00	724.00	723.00	720.00	717.00	713.00	713.00	727.00	713.00	714.00	714.00	735.00	728.00	723.00	732.00	732.00	734.00	739.00	738.00	742.00	735.00	730.00	732.00	736.00	736.00	735.00	724.00	720.00	721.00	719.00	718.00	717.00	721.00	736.00	726.00	712.00	721.00	722.00	733.00	743.00	757.00	752.00	714.00	703.00	703.00	697.00	713.00	724.00	730.00	728.00	720.00	719.00	718.00	726.00
652.00	652.00	657.00	647.00	647.00	652.00	666.00	662.00	662.00	655.00	656.00	654.00	653.00	658.00	655.00	674.00	671.00	666.00	678.00	671.00	658.00	656.00	657.00	653.00	667.00	670.00	667.00	670.00	661.00	671.00	669.00	669.00	674.00	685.00	682.00	685.00	675.00	674.00	677.00	677.00	681.00	672.00	671.00	672.00	675.00	678.00	679.00	686.00	686.00	694.00	694.00	684.00	678.00	690.00	699.00	697.00	701.00	712.00	725.00	715.00	728.00	717.00	712.00	720.00	709.00	705.00	700.00	698.00	711.00	709.00	704.00	699.00	700.00	718.00	697.00	697.00	714.00	707.00	692.00	692.00	706.00	699.00	703.00	723.00	706.00	710.00	710.00	702.00	709.00	715.00	708.00	702.00	686.00	684.00	684.00	691.00	692.00	694.00	700.00	700.00	694.00	697.00	695.00	692.00	692.00	695.00	699.00	684.00	698.00	697.00	710.00	717.00	702.00	708.00	715.00	720.00	718.00	711.00	709.00	713.00	717.00	714.00	702.00	704.00	705.00	709.00	709.00	685.00	696.00	686.00	682.00	706.00	709.00	737.00	736.00	719.00	705.00	711.00	722.00	720.00	719.00	717.00	725.00	704.00	713.00	726.00	711.00	708.00	715.00	720.00	703.00	707.00	722.00	712.00	724.00	727.00	712.00	712.00	711.00	703.00	707.00	708.00	696.00	707.00	698.00	712.00	717.00	713.00	711.00	710.00	721.00	714.00	714.00	715.00	718.00	711.00	713.00	709.00	715.00	709.00	704.00	721.00	710.00	713.00	709.00	720.00	715.00	708.00	701.00	701.00	703.00	712.00	710.00	716.00	710.00	707.00	717.00	702.00	703.00	724.00	719.00	716.00	715.00	714.00	717.00	728.00	709.00	706.00	721.00	711.00	711.00	712.00	720.00	726.00	724.00	722.00	721.00	729.00	731.00	736.00	739.00	735.00	727.00	729.00	727.00	727.00	726.00	722.00	720.00	719.00	719.00	719.00	736.00	729.00	723.00	715.00	716.00	711.00	718.00	729.00	725.00	720.00	716.00	718.00	720.00	708.00	703.00	701.00	710.00	717.00	716.00	723.00	719.00	722.00	720.00	727.00
659.00	654.00	657.00	647.00	648.00	651.00	669.00	662.00	660.00	661.00	659.00	658.00	660.00	660.00	660.00	662.00	661.00	663.00	669.00	665.00	659.00	660.00	661.00	655.00	663.00	664.00	670.00	668.00	670.00	672.00	674.00	674.00	677.00	682.00	678.00	668.00	670.00	671.00	675.00	672.00	672.00	671.00	672.00	670.00	683.00	680.00	678.00	680.00	681.00	691.00	688.00	678.00	685.00	688.00	692.00	695.00	716.00	726.00	741.00	731.00	722.00	712.00	724.00	721.00	704.00	701.00	712.00	698.00	705.00	702.00	698.00	694.00	710.00	715.00	698.00	704.00	710.00	690.00	692.00	689.00	699.00	691.00	698.00	714.00	699.00	708.00	715.00	702.00	709.00	717.00	707.00	697.00	686.00	678.00	680.00	684.00	689.00	680.00	685.00	693.00	699.00	701.00	696.00	697.00	691.00	709.00	706.00	686.00	689.00	690.00	703.00	698.00	712.00	719.00	725.00	723.00	713.00	710.00	723.00	714.00	707.00	701.00	704.00	696.00	711.00	714.00	718.00	690.00	683.00	684.00	690.00	712.00	710.00	718.00	714.00	703.00	703.00	709.00	720.00	709.00	711.00	708.00	706.00	704.00	712.00	722.00	716.00	703.00	712.00	710.00	705.00	717.00	713.00	712.00	719.00	720.00	705.00	712.00	714.00	705.00	715.00	719.00	699.00	698.00	699.00	711.00	709.00	710.00	718.00	704.00	707.00	709.00	719.00	714.00	719.00	714.00	713.00	707.00	712.00	713.00	714.00	705.00	710.00	712.00	719.00	711.00	716.00	709.00	711.00	712.00	698.00	713.00	706.00	706.00	706.00	709.00	712.00	704.00	705.00	712.00	712.00	713.00	715.00	715.00	714.00	714.00	707.00	706.00	707.00	707.00	708.00	714.00	720.00	715.00	720.00	717.00	722.00	721.00	724.00	735.00	741.00	735.00	724.00	728.00	732.00	732.00	721.00	723.00	727.00	724.00	720.00	718.00	728.00	728.00	723.00	721.00	720.00	723.00	720.00	725.00	728.00	718.00	717.00	724.00	723.00	717.00	700.00	695.00	712.00	716.00	721.00	732.00	720.00	726.00	725.00	720.00
656.00	654.00	655.00	651.00	652.00	652.00	671.00	670.00	665.00	657.00	655.00	660.00	658.00	660.00	659.00	653.00	656.00	654.00	657.00	658.00	654.00	657.00	662.00	665.00	662.00	666.00	669.00	671.00	672.00	681.00	684.00	684.00	672.00	665.00	669.00	667.00	670.00	671.00	674.00	668.00	668.00	678.00	674.00	677.00	690.00	685.00	676.00	677.00	680.00	683.00	685.00	690.00	696.00	693.00	689.00	696.00	734.00	748.00	753.00	734.00	724.00	713.00	717.00	723.00	718.00	697.00	702.00	697.00	695.00	717.00	711.00	696.00	717.00	705.00	707.00	714.00	698.00	685.00	682.00	688.00	688.00	689.00	694.00	704.00	697.00	706.00	700.00	714.00	703.00	707.00	699.00	696.00	691.00	683.00	682.00	679.00	685.00	684.00	685.00	690.00	699.00	697.00	696.00	691.00	693.00	717.00	697.00	695.00	703.00	699.00	685.00	705.00	711.00	711.00	713.00	716.00	714.00	710.00	727.00	715.00	715.00	703.00	699.00	701.00	710.00	708.00	698.00	693.00	681.00	681.00	689.00	699.00	696.00	696.00	713.00	711.00	704.00	710.00	712.00	716.00	713.00	707.00	708.00	702.00	711.00	715.00	720.00	705.00	703.00	714.00	704.00	720.00	720.00	725.00	711.00	721.00	700.00	711.00	714.00	699.00	699.00	697.00	696.00	704.00	706.00	709.00	708.00	699.00	706.00	703.00	707.00	705.00	713.00	711.00	722.00	708.00	707.00	708.00	707.00	707.00	716.00	705.00	713.00	716.00	721.00	712.00	717.00	715.00	722.00	710.00	695.00	709.00	700.00	701.00	702.00	713.00	708.00	703.00	706.00	708.00	707.00	707.00	716.00	717.00	713.00	715.00	709.00	703.00	710.00	711.00	703.00	705.00	713.00	715.00	717.00	715.00	722.00	729.00	733.00	734.00	742.00	731.00	731.00	734.00	733.00	731.00	730.00	721.00	733.00	732.00	721.00	730.00	734.00	730.00	721.00	716.00	719.00	728.00	728.00	732.00	721.00	719.00	722.00	726.00	726.00	711.00	702.00	709.00	699.00	714.00	715.00	716.00	717.00	725.00	726.00	738.00
651.00	647.00	655.00	652.00	655.00	658.00	673.00	676.00	671.00	658.00	656.00	666.00	664.00	661.00	668.00	647.00	647.00	656.00	659.00	662.00	652.00	653.00	657.00	663.00	670.00	669.00	674.00	674.00	686.00	688.00	692.00	690.00	670.00	665.00	667.00	668.00	670.00	676.00	670.00	665.00	671.00	682.00	678.00	679.00	688.00	681.00	682.00	679.00	677.00	689.00	681.00	682.00	694.00	693.00	694.00	703.00	723.00	741.00	750.00	734.00	709.00	712.00	702.00	716.00	720.00	688.00	698.00	705.00	690.00	716.00	704.00	693.00	698.00	698.00	719.00	718.00	718.00	694.00	684.00	687.00	682.00	690.00	692.00	691.00	703.00	713.00	704.00	711.00	703.00	694.00	694.00	705.00	693.00	685.00	683.00	678.00	681.00	680.00	688.00	697.00	693.00	697.00	705.00	695.00	686.00	713.00	700.00	703.00	711.00	710.00	692.00	703.00	708.00	706.00	706.00	708.00	706.00	714.00	715.00	704.00	704.00	699.00	702.00	694.00	694.00	697.00	697.00	686.00	677.00	684.00	689.00	682.00	721.00	704.00	713.00	708.00	711.00	720.00	719.00	714.00	719.00	709.00	714.00	702.00	711.00	709.00	712.00	710.00	702.00	714.00	705.00	715.00	708.00	705.00	718.00	717.00	695.00	712.00	710.00	700.00	698.00	705.00	695.00	705.00	707.00	706.00	699.00	706.00	703.00	706.00	705.00	710.00	713.00	707.00	716.00	716.00	720.00	704.00	700.00	700.00	714.00	701.00	708.00	709.00	717.00	720.00	716.00	717.00	723.00	714.00	693.00	700.00	696.00	698.00	705.00	708.00	703.00	704.00	709.00	706.00	706.00	710.00	708.00	708.00	717.00	717.00	708.00	708.00	713.00	714.00	715.00	722.00	721.00	719.00	718.00	722.00	716.00	720.00	725.00	732.00	738.00	731.00	742.00	740.00	732.00	736.00	736.00	726.00	729.00	734.00	725.00	732.00	728.00	720.00	720.00	721.00	722.00	734.00	722.00	744.00	731.00	728.00	733.00	734.00	721.00	709.00	714.00	703.00	704.00	735.00	724.00	724.00	716.00	717.00	723.00	742.00
643.00	643.00	655.00	651.00	660.00	660.00	666.00	662.00	667.00	661.00	660.00	660.00	667.00	664.00	660.00	646.00	640.00	658.00	658.00	659.00	658.00	654.00	661.00	659.00	666.00	668.00	668.00	673.00	693.00	676.00	672.00	669.00	672.00	661.00	665.00	675.00	683.00	674.00	665.00	672.00	678.00	675.00	679.00	681.00	685.00	688.00	682.00	691.00	669.00	677.00	677.00	681.00	690.00	696.00	705.00	699.00	701.00	707.00	719.00	705.00	705.00	703.00	706.00	701.00	709.00	691.00	689.00	685.00	692.00	710.00	708.00	706.00	700.00	728.00	720.00	702.00	699.00	701.00	698.00	686.00	680.00	691.00	703.00	686.00	691.00	694.00	688.00	697.00	695.00	695.00	699.00	697.00	689.00	686.00	690.00	689.00	672.00	681.00	686.00	698.00	694.00	696.00	694.00	692.00	695.00	710.00	709.00	708.00	714.00	718.00	698.00	699.00	698.00	695.00	709.00	711.00	716.00	703.00	716.00	707.00	697.00	691.00	708.00	710.00	704.00	697.00	685.00	678.00	686.00	711.00	717.00	703.00	710.00	706.00	707.00	704.00	711.00	724.00	713.00	711.00	708.00	711.00	716.00	695.00	706.00	708.00	714.00	707.00	695.00	701.00	720.00	707.00	705.00	703.00	698.00	692.00	694.00	704.00	702.00	708.00	700.00	704.00	708.00	700.00	695.00	695.00	704.00	711.00	709.00	712.00	721.00	722.00	717.00	706.00	711.00	716.00	710.00	721.00	710.00	698.00	707.00	707.00	738.00	713.00	700.00	708.00	709.00	702.00	694.00	693.00	693.00	700.00	701.00	707.00	704.00	703.00	706.00	707.00	701.00	706.00	709.00	708.00	704.00	712.00	709.00	710.00	701.00	703.00	705.00	709.00	709.00	709.00	713.00	711.00	718.00	717.00	735.00	734.00	734.00	738.00	745.00	739.00	733.00	725.00	732.00	730.00	733.00	731.00	732.00	739.00	733.00	728.00	730.00	724.00	719.00	719.00	729.00	735.00	725.00	728.00	741.00	733.00	723.00	725.00	713.00	709.00	724.00	718.00	706.00	716.00	724.00	719.00	721.00	724.00	725.00	732.00
639.00	640.00	655.00	653.00	652.00	650.00	652.00	653.00	661.00	664.00	656.00	655.00	653.00	651.00	654.00	650.00	643.00	653.00	653.00	656.00	648.00	657.00	660.00	667.00	664.00	661.00	664.00	667.00	671.00	670.00	676.00	688.00	687.00	662.00	660.00	667.00	674.00	669.00	670.00	678.00	682.00	675.00	682.00	681.00	677.00	679.00	677.00	675.00	674.00	673.00	678.00	673.00	691.00	702.00	700.00	709.00	712.00	721.00	733.00	710.00	711.00	698.00	698.00	702.00	708.00	693.00	688.00	692.00	687.00	715.00	717.00	706.00	693.00	712.00	706.00	694.00	690.00	693.00	698.00	689.00	685.00	688.00	691.00	690.00	681.00	690.00	696.00	702.00	694.00	691.00	690.00	685.00	692.00	696.00	699.00	692.00	677.00	679.00	690.00	697.00	696.00	687.00	689.00	694.00	700.00	704.00	699.00	716.00	723.00	717.00	703.00	698.00	710.00	716.00	721.00	719.00	714.00	704.00	710.00	701.00	705.00	700.00	707.00	695.00	696.00	699.00	688.00	683.00	691.00	707.00	701.00	710.00	702.00	700.00	705.00	705.00	710.00	716.00	706.00	700.00	706.00	702.00	714.00	696.00	714.00	703.00	718.00	708.00	697.00	703.00	714.00	717.00	720.00	701.00	701.00	712.00	707.00	700.00	710.00	702.00	703.00	702.00	699.00	692.00	701.00	704.00	705.00	702.00	711.00	710.00	717.00	713.00	705.00	704.00	700.00	715.00	716.00	709.00	709.00	702.00	697.00	710.00	721.00	702.00	699.00	701.00	703.00	709.00	701.00	701.00	688.00	694.00	708.00	696.00	701.00	699.00	707.00	700.00	703.00	702.00	711.00	699.00	696.00	700.00	703.00	704.00	713.00	713.00	703.00	706.00	703.00	709.00	706.00	715.00	718.00	729.00	729.00	730.00	726.00	730.00	738.00	738.00	733.00	729.00	732.00	752.00	739.00	727.00	728.00	736.00	725.00	723.00	724.00	724.00	714.00	720.00	725.00	741.00	728.00	734.00	733.00	725.00	722.00	717.00	710.00	713.00	721.00	721.00	705.00	711.00	728.00	723.00	717.00	728.00	731.00	728.00
640.00	641.00	650.00	652.00	655.00	651.00	652.00	646.00	656.00	660.00	654.00	658.00	653.00	651.00	653.00	652.00	641.00	658.00	667.00	655.00	650.00	654.00	662.00	667.00	664.00	663.00	660.00	660.00	662.00	668.00	677.00	687.00	684.00	661.00	659.00	662.00	667.00	666.00	677.00	672.00	673.00	674.00	688.00	677.00	669.00	672.00	673.00	670.00	673.00	676.00	678.00	675.00	684.00	686.00	695.00	709.00	713.00	718.00	733.00	720.00	703.00	700.00	701.00	703.00	706.00	692.00	687.00	698.00	687.00	737.00	737.00	719.00	692.00	693.00	698.00	707.00	707.00	694.00	684.00	686.00	688.00	686.00	683.00	684.00	689.00	697.00	698.00	697.00	689.00	690.00	691.00	691.00	680.00	691.00	691.00	682.00	676.00	685.00	691.00	684.00	681.00	683.00	687.00	696.00	705.00	686.00	699.00	709.00	715.00	717.00	704.00	699.00	719.00	723.00	709.00	710.00	710.00	704.00	698.00	705.00	707.00	697.00	692.00	688.00	693.00	700.00	686.00	695.00	697.00	698.00	701.00	721.00	715.00	708.00	716.00	711.00	709.00	702.00	695.00	695.00	710.00	698.00	702.00	699.00	707.00	711.00	703.00	703.00	698.00	708.00	712.00	712.00	708.00	698.00	695.00	711.00	702.00	692.00	711.00	704.00	708.00	709.00	715.00	700.00	709.00	702.00	712.00	725.00	711.00	710.00	716.00	713.00	706.00	714.00	704.00	720.00	710.00	726.00	716.00	706.00	722.00	701.00	697.00	702.00	710.00	705.00	703.00	706.00	694.00	697.00	698.00	698.00	705.00	696.00	699.00	703.00	704.00	696.00	699.00	698.00	702.00	698.00	697.00	706.00	711.00	715.00	719.00	718.00	717.00	709.00	704.00	714.00	715.00	717.00	723.00	726.00	733.00	732.00	726.00	729.00	731.00	736.00	744.00	740.00	750.00	757.00	735.00	738.00	731.00	727.00	726.00	725.00	721.00	717.00	717.00	732.00	732.00	729.00	738.00	737.00	723.00	713.00	713.00	712.00	715.00	721.00	725.00	727.00	704.00	709.00	713.00	712.00	717.00	723.00	730.00	723.00
639.00	640.00	655.00	655.00	653.00	654.00	649.00	647.00	654.00	656.00	652.00	648.00	655.00	654.00	653.00	650.00	653.00	651.00	656.00	655.00	660.00	655.00	662.00	664.00	667.00	660.00	661.00	653.00	665.00	674.00	676.00	672.00	669.00	663.00	660.00	660.00	663.00	666.00	672.00	673.00	670.00	677.00	686.00	669.00	669.00	670.00	681.00	675.00	684.00	688.00	687.00	685.00	685.00	688.00	689.00	692.00	702.00	710.00	730.00	728.00	699.00	708.00	704.00	694.00	693.00	686.00	684.00	688.00	686.00	744.00	738.00	716.00	690.00	704.00	705.00	711.00	707.00	700.00	672.00	679.00	688.00	685.00	678.00	676.00	678.00	683.00	683.00	686.00	691.00	695.00	698.00	697.00	679.00	676.00	682.00	683.00	677.00	683.00	683.00	684.00	682.00	688.00	690.00	701.00	702.00	697.00	708.00	713.00	715.00	697.00	692.00	696.00	703.00	712.00	709.00	713.00	705.00	710.00	700.00	702.00	704.00	695.00	705.00	695.00	685.00	689.00	679.00	694.00	696.00	699.00	709.00	710.00	716.00	701.00	708.00	703.00	705.00	697.00	696.00	695.00	698.00	697.00	706.00	700.00	703.00	720.00	693.00	687.00	700.00	704.00	713.00	706.00	707.00	705.00	704.00	698.00	708.00	699.00	721.00	699.00	707.00	718.00	726.00	704.00	702.00	700.00	706.00	712.00	709.00	707.00	711.00	706.00	706.00	715.00	703.00	707.00	706.00	721.00	714.00	712.00	722.00	694.00	694.00	701.00	711.00	708.00	698.00	711.00	712.00	694.00	696.00	694.00	703.00	694.00	710.00	692.00	697.00	688.00	695.00	703.00	702.00	703.00	702.00	707.00	713.00	717.00	711.00	719.00	726.00	715.00	710.00	713.00	717.00	730.00	735.00	721.00	718.00	723.00	724.00	725.00	729.00	734.00	746.00	747.00	751.00	749.00	730.00	739.00	738.00	727.00	726.00	726.00	726.00	721.00	723.00	734.00	739.00	727.00	741.00	748.00	720.00	721.00	721.00	719.00	710.00	714.00	721.00	722.00	717.00	712.00	712.00	712.00	710.00	726.00	717.00	732.00
647.00	644.00	657.00	657.00	654.00	653.00	645.00	640.00	645.00	649.00	652.00	672.00	669.00	661.00	654.00	660.00	659.00	650.00	649.00	655.00	657.00	656.00	651.00	660.00	653.00	651.00	657.00	654.00	656.00	666.00	671.00	677.00	670.00	663.00	662.00	664.00	678.00	676.00	675.00	677.00	675.00	671.00	680.00	670.00	663.00	665.00	667.00	673.00	690.00	694.00	693.00	693.00	704.00	699.00	703.00	694.00	693.00	689.00	697.00	721.00	703.00	695.00	694.00	702.00	701.00	682.00	685.00	688.00	689.00	693.00	691.00	693.00	704.00	705.00	707.00	712.00	697.00	695.00	677.00	673.00	675.00	674.00	674.00	679.00	683.00	686.00	687.00	688.00	692.00	685.00	686.00	686.00	685.00	691.00	688.00	681.00	669.00	674.00	674.00	687.00	702.00	693.00	700.00	701.00	688.00	685.00	693.00	720.00	720.00	703.00	705.00	686.00	707.00	710.00	703.00	706.00	704.00	707.00	713.00	707.00	708.00	697.00	690.00	686.00	681.00	677.00	687.00	697.00	704.00	693.00	701.00	695.00	705.00	696.00	704.00	702.00	687.00	675.00	692.00	701.00	695.00	712.00	698.00	704.00	710.00	686.00	692.00	700.00	710.00	710.00	696.00	701.00	703.00	697.00	694.00	701.00	698.00	707.00	710.00	698.00	702.00	717.00	711.00	698.00	702.00	687.00	687.00	701.00	693.00	698.00	701.00	696.00	711.00	700.00	701.00	705.00	698.00	707.00	713.00	706.00	726.00	692.00	700.00	712.00	699.00	713.00	691.00	698.00	703.00	702.00	696.00	695.00	699.00	698.00	703.00	692.00	702.00	711.00	708.00	699.00	709.00	705.00	714.00	712.00	706.00	708.00	722.00	724.00	726.00	722.00	714.00	714.00	723.00	731.00	735.00	726.00	733.00	729.00	736.00	732.00	725.00	733.00	757.00	746.00	751.00	747.00	737.00	737.00	741.00	748.00	737.00	724.00	731.00	729.00	722.00	724.00	732.00	722.00	723.00	718.00	729.00	726.00	723.00	717.00	716.00	720.00	737.00	720.00	709.00	710.00	709.00	710.00	717.00	717.00	717.00	721.00
652.00	645.00	666.00	658.00	653.00	664.00	645.00	642.00	642.00	646.00	654.00	658.00	656.00	650.00	655.00	654.00	654.00	649.00	650.00	651.00	657.00	656.00	653.00	655.00	657.00	654.00	655.00	658.00	661.00	664.00	666.00	672.00	667.00	672.00	658.00	660.00	670.00	671.00	678.00	677.00	672.00	666.00	664.00	663.00	661.00	665.00	670.00	677.00	681.00	686.00	687.00	691.00	705.00	699.00	699.00	700.00	690.00	693.00	692.00	714.00	697.00	697.00	690.00	696.00	694.00	686.00	702.00	713.00	705.00	683.00	688.00	712.00	701.00	697.00	694.00	701.00	713.00	709.00	678.00	669.00	675.00	675.00	673.00	674.00	682.00	684.00	683.00	689.00	695.00	687.00	687.00	684.00	690.00	700.00	698.00	688.00	675.00	672.00	670.00	682.00	691.00	686.00	693.00	692.00	685.00	682.00	695.00	715.00	721.00	719.00	706.00	684.00	698.00	699.00	708.00	694.00	702.00	713.00	713.00	705.00	698.00	705.00	693.00	685.00	680.00	676.00	688.00	698.00	704.00	688.00	704.00	699.00	690.00	693.00	703.00	708.00	680.00	684.00	697.00	697.00	690.00	705.00	694.00	705.00	713.00	685.00	695.00	696.00	703.00	709.00	708.00	714.00	719.00	678.00	701.00	686.00	690.00	697.00	696.00	700.00	699.00	695.00	695.00	690.00	689.00	683.00	688.00	688.00	688.00	696.00	688.00	693.00	712.00	698.00	711.00	713.00	697.00	717.00	720.00	704.00	711.00	689.00	707.00	702.00	696.00	696.00	685.00	685.00	689.00	690.00	691.00	695.00	709.00	700.00	696.00	701.00	706.00	706.00	710.00	699.00	702.00	708.00	715.00	713.00	721.00	710.00	727.00	733.00	727.00	727.00	717.00	724.00	730.00	727.00	730.00	727.00	728.00	734.00	739.00	748.00	732.00	728.00	749.00	736.00	741.00	742.00	733.00	735.00	750.00	734.00	730.00	725.00	735.00	729.00	721.00	737.00	735.00	726.00	725.00	716.00	735.00	721.00	723.00	723.00	724.00	724.00	727.00	712.00	716.00	713.00	715.00	713.00	718.00	719.00	715.00	713.00
655.00	651.00	664.00	662.00	655.00	656.00	643.00	642.00	641.00	641.00	648.00	648.00	647.00	645.00	647.00	656.00	653.00	656.00	647.00	650.00	645.00	649.00	645.00	650.00	652.00	647.00	656.00	664.00	661.00	662.00	673.00	669.00	667.00	658.00	652.00	655.00	659.00	659.00	675.00	677.00	669.00	671.00	657.00	657.00	665.00	666.00	666.00	671.00	677.00	679.00	682.00	700.00	705.00	690.00	692.00	697.00	689.00	690.00	687.00	694.00	695.00	698.00	695.00	691.00	700.00	715.00	716.00	717.00	716.00	683.00	686.00	707.00	701.00	694.00	692.00	698.00	706.00	703.00	679.00	675.00	680.00	679.00	673.00	680.00	687.00	684.00	679.00	686.00	686.00	692.00	690.00	676.00	678.00	691.00	696.00	693.00	676.00	673.00	674.00	681.00	679.00	686.00	691.00	692.00	687.00	680.00	688.00	702.00	724.00	724.00	694.00	688.00	689.00	711.00	700.00	705.00	711.00	715.00	707.00	697.00	708.00	705.00	697.00	694.00	689.00	679.00	675.00	697.00	692.00	683.00	695.00	705.00	687.00	700.00	687.00	699.00	673.00	685.00	694.00	689.00	690.00	695.00	690.00	713.00	702.00	692.00	699.00	702.00	701.00	696.00	701.00	706.00	694.00	658.00	662.00	661.00	682.00	686.00	695.00	705.00	723.00	697.00	686.00	676.00	672.00	666.00	663.00	677.00	673.00	682.00	680.00	685.00	701.00	694.00	709.00	703.00	698.00	732.00	729.00	707.00	700.00	689.00	684.00	693.00	684.00	690.00	690.00	689.00	691.00	693.00	692.00	693.00	707.00	701.00	695.00	703.00	706.00	713.00	715.00	712.00	707.00	709.00	716.00	719.00	715.00	715.00	733.00	730.00	733.00	734.00	724.00	720.00	731.00	739.00	728.00	731.00	726.00	739.00	739.00	748.00	730.00	732.00	733.00	733.00	746.00	750.00	735.00	747.00	752.00	741.00	732.00	732.00	727.00	727.00	720.00	731.00	730.00	725.00	723.00	732.00	728.00	721.00	725.00	724.00	731.00	726.00	719.00	714.00	718.00	717.00	714.00	710.00	709.00	721.00	726.00	724.00
654.00	655.00	655.00	658.00	649.00	644.00	636.00	636.00	640.00	637.00	642.00	640.00	650.00	640.00	647.00	655.00	651.00	658.00	653.00	659.00	642.00	652.00	653.00	653.00	650.00	657.00	661.00	663.00	658.00	663.00	668.00	663.00	662.00	656.00	658.00	661.00	657.00	661.00	659.00	667.00	665.00	663.00	653.00	664.00	667.00	663.00	666.00	677.00	675.00	677.00	691.00	694.00	705.00	689.00	686.00	688.00	687.00	685.00	686.00	691.00	692.00	699.00	699.00	699.00	706.00	724.00	718.00	715.00	707.00	678.00	686.00	700.00	690.00	695.00	698.00	693.00	696.00	700.00	676.00	677.00	689.00	679.00	671.00	674.00	677.00	678.00	677.00	683.00	689.00	698.00	702.00	681.00	679.00	681.00	680.00	679.00	678.00	665.00	681.00	683.00	682.00	692.00	699.00	693.00	693.00	680.00	679.00	694.00	713.00	697.00	697.00	687.00	685.00	699.00	691.00	702.00	704.00	709.00	709.00	707.00	696.00	700.00	699.00	697.00	691.00	688.00	675.00	669.00	674.00	676.00	688.00	698.00	695.00	707.00	692.00	684.00	673.00	684.00	688.00	684.00	681.00	686.00	700.00	704.00	692.00	693.00	693.00	691.00	686.00	687.00	683.00	685.00	675.00	658.00	655.00	654.00	659.00	665.00	669.00	701.00	711.00	688.00	670.00	659.00	660.00	658.00	655.00	660.00	664.00	660.00	660.00	666.00	682.00	681.00	700.00	709.00	700.00	725.00	722.00	701.00	691.00	683.00	681.00	685.00	693.00	688.00	700.00	696.00	689.00	691.00	700.00	695.00	696.00	702.00	700.00	711.00	715.00	710.00	719.00	713.00	708.00	716.00	710.00	716.00	721.00	720.00	722.00	724.00	731.00	727.00	723.00	726.00	726.00	742.00	733.00	733.00	738.00	741.00	739.00	738.00	739.00	736.00	744.00	743.00	739.00	748.00	744.00	745.00	743.00	744.00	748.00	734.00	730.00	726.00	725.00	729.00	733.00	725.00	722.00	725.00	728.00	726.00	723.00	722.00	734.00	726.00	719.00	717.00	728.00	723.00	719.00	713.00	708.00	729.00	733.00	736.00
646.00	651.00	640.00	650.00	646.00	642.00	637.00	639.00	638.00	637.00	640.00	643.00	640.00	644.00	647.00	654.00	653.00	654.00	656.00	654.00	649.00	654.00	663.00	658.00	652.00	657.00	661.00	662.00	654.00	673.00	658.00	658.00	657.00	661.00	662.00	663.00	661.00	667.00	660.00	659.00	665.00	662.00	660.00	662.00	662.00	669.00	673.00	678.00	683.00	679.00	679.00	689.00	693.00	689.00	691.00	689.00	690.00	693.00	692.00	684.00	686.00	695.00	700.00	698.00	702.00	712.00	706.00	695.00	691.00	676.00	681.00	686.00	704.00	711.00	745.00	706.00	697.00	691.00	678.00	671.00	683.00	674.00	666.00	675.00	667.00	676.00	693.00	687.00	686.00	692.00	691.00	690.00	686.00	692.00	682.00	676.00	667.00	670.00	678.00	678.00	681.00	695.00	694.00	691.00	688.00	683.00	681.00	683.00	698.00	716.00	703.00	709.00	698.00	684.00	697.00	697.00	707.00	709.00	714.00	706.00	696.00	688.00	695.00	690.00	694.00	688.00	679.00	675.00	678.00	679.00	676.00	676.00	672.00	684.00	693.00	683.00	678.00	674.00	668.00	663.00	674.00	677.00	688.00	670.00	664.00	671.00	672.00	676.00	677.00	680.00	655.00	662.00	669.00	671.00	668.00	677.00	679.00	679.00	677.00	660.00	661.00	666.00	667.00	678.00	660.00	660.00	665.00	665.00	665.00	670.00	678.00	665.00	665.00	665.00	680.00	695.00	691.00	692.00	691.00	682.00	676.00	686.00	696.00	689.00	695.00	674.00	677.00	692.00	690.00	690.00	697.00	696.00	696.00	695.00	704.00	724.00	730.00	710.00	722.00	725.00	718.00	718.00	729.00	737.00	726.00	720.00	731.00	733.00	726.00	732.00	731.00	739.00	738.00	739.00	741.00	744.00	739.00	749.00	757.00	752.00	743.00	745.00	737.00	747.00	743.00	753.00	747.00	741.00	739.00	745.00	735.00	735.00	731.00	727.00	732.00	733.00	737.00	730.00	732.00	730.00	743.00	731.00	725.00	727.00	722.00	727.00	724.00	715.00	732.00	739.00	731.00	719.00	717.00	706.00	717.00	721.00
645.00	639.00	637.00	638.00	645.00	645.00	642.00	636.00	640.00	639.00	636.00	639.00	645.00	642.00	640.00	649.00	651.00	653.00	657.00	654.00	643.00	650.00	654.00	659.00	655.00	652.00	653.00	660.00	658.00	657.00	660.00	661.00	655.00	663.00	668.00	664.00	654.00	670.00	660.00	672.00	675.00	659.00	664.00	667.00	671.00	670.00	674.00	680.00	689.00	684.00	683.00	698.00	688.00	691.00	693.00	698.00	688.00	690.00	689.00	686.00	694.00	705.00	701.00	691.00	694.00	707.00	705.00	693.00	674.00	675.00	679.00	682.00	679.00	722.00	765.00	745.00	695.00	683.00	679.00	676.00	684.00	666.00	666.00	677.00	675.00	680.00	689.00	685.00	682.00	688.00	690.00	685.00	680.00	688.00	682.00	676.00	667.00	676.00	680.00	679.00	683.00	696.00	690.00	692.00	685.00	681.00	683.00	676.00	682.00	703.00	702.00	692.00	691.00	685.00	696.00	705.00	705.00	702.00	704.00	707.00	701.00	692.00	682.00	682.00	681.00	678.00	681.00	673.00	679.00	680.00	675.00	678.00	674.00	679.00	677.00	674.00	670.00	669.00	665.00	671.00	666.00	671.00	675.00	652.00	660.00	657.00	655.00	665.00	666.00	668.00	658.00	663.00	666.00	671.00	670.00	677.00	681.00	681.00	674.00	677.00	675.00	664.00	668.00	684.00	683.00	677.00	676.00	679.00	683.00	685.00	672.00	671.00	670.00	665.00	663.00	674.00	676.00	664.00	660.00	659.00	666.00	679.00	689.00	665.00	668.00	673.00	668.00	679.00	678.00	679.00	693.00	693.00	701.00	698.00	700.00	709.00	717.00	722.00	714.00	720.00	717.00	728.00	729.00	736.00	720.00	722.00	722.00	729.00	726.00	738.00	744.00	735.00	737.00	745.00	738.00	736.00	736.00	746.00	758.00	754.00	755.00	751.00	747.00	752.00	750.00	747.00	749.00	741.00	739.00	740.00	736.00	747.00	734.00	729.00	731.00	735.00	732.00	731.00	740.00	733.00	743.00	730.00	725.00	720.00	722.00	722.00	725.00	723.00	726.00	733.00	726.00	725.00	715.00	710.00	706.00	711.00
657.00	642.00	631.00	641.00	640.00	643.00	641.00	638.00	635.00	636.00	638.00	644.00	642.00	645.00	646.00	659.00	658.00	653.00	655.00	653.00	641.00	648.00	654.00	655.00	656.00	657.00	654.00	657.00	669.00	677.00	669.00	658.00	659.00	680.00	680.00	671.00	667.00	669.00	669.00	676.00	678.00	662.00	671.00	676.00	680.00	682.00	685.00	682.00	691.00	686.00	686.00	698.00	693.00	684.00	687.00	688.00	701.00	688.00	682.00	687.00	687.00	696.00	702.00	694.00	692.00	692.00	692.00	683.00	679.00	677.00	689.00	691.00	683.00	699.00	734.00	776.00	716.00	706.00	689.00	675.00	677.00	674.00	677.00	682.00	681.00	692.00	689.00	686.00	678.00	681.00	683.00	685.00	678.00	679.00	690.00	684.00	667.00	677.00	681.00	677.00	673.00	690.00	687.00	686.00	681.00	676.00	687.00	680.00	676.00	687.00	704.00	704.00	701.00	698.00	696.00	707.00	702.00	705.00	692.00	685.00	692.00	676.00	677.00	678.00	675.00	677.00	674.00	673.00	678.00	679.00	677.00	677.00	677.00	673.00	673.00	672.00	682.00	681.00	678.00	676.00	679.00	664.00	673.00	684.00	685.00	661.00	665.00	659.00	658.00	661.00	680.00	693.00	689.00	682.00	676.00	687.00	686.00	687.00	686.00	683.00	682.00	684.00	680.00	705.00	703.00	690.00	703.00	694.00	704.00	692.00	699.00	677.00	674.00	668.00	661.00	659.00	658.00	659.00	661.00	659.00	659.00	672.00	664.00	660.00	660.00	669.00	665.00	669.00	665.00	671.00	675.00	685.00	691.00	690.00	695.00	711.00	721.00	719.00	719.00	720.00	721.00	721.00	732.00	740.00	721.00	727.00	724.00	727.00	730.00	733.00	735.00	735.00	737.00	740.00	747.00	743.00	737.00	753.00	756.00	755.00	770.00	751.00	750.00	756.00	744.00	742.00	736.00	741.00	737.00	732.00	731.00	751.00	742.00	737.00	729.00	738.00	739.00	737.00	742.00	738.00	731.00	727.00	726.00	730.00	729.00	736.00	731.00	732.00	733.00	723.00	720.00	725.00	720.00	713.00	714.00	717.00
649.00	641.00	635.00	638.00	643.00	640.00	642.00	640.00	636.00	641.00	641.00	644.00	645.00	646.00	645.00	661.00	660.00	652.00	647.00	647.00	645.00	645.00	649.00	653.00	656.00	657.00	654.00	653.00	666.00	662.00	652.00	654.00	666.00	677.00	688.00	680.00	682.00	673.00	673.00	676.00	671.00	668.00	674.00	688.00	685.00	679.00	675.00	677.00	689.00	694.00	687.00	690.00	690.00	676.00	681.00	688.00	692.00	691.00	690.00	683.00	685.00	686.00	700.00	697.00	698.00	689.00	688.00	697.00	683.00	673.00	687.00	689.00	680.00	683.00	712.00	724.00	791.00	779.00	692.00	675.00	667.00	676.00	683.00	684.00	685.00	699.00	689.00	682.00	675.00	688.00	682.00	688.00	675.00	673.00	681.00	682.00	668.00	672.00	675.00	673.00	676.00	687.00	685.00	687.00	683.00	677.00	674.00	688.00	678.00	678.00	716.00	704.00	698.00	693.00	688.00	695.00	689.00	696.00	698.00	686.00	672.00	673.00	672.00	673.00	673.00	672.00	684.00	674.00	678.00	678.00	682.00	679.00	676.00	677.00	672.00	677.00	684.00	679.00	676.00	674.00	691.00	681.00	682.00	702.00	703.00	676.00	680.00	690.00	672.00	667.00	702.00	712.00	690.00	694.00	690.00	690.00	694.00	694.00	699.00	703.00	696.00	704.00	700.00	717.00	704.00	695.00	706.00	702.00	710.00	698.00	706.00	703.00	672.00	665.00	669.00	661.00	658.00	667.00	671.00	667.00	658.00	661.00	659.00	661.00	662.00	677.00	674.00	660.00	661.00	663.00	666.00	679.00	681.00	685.00	690.00	712.00	717.00	710.00	716.00	713.00	721.00	723.00	722.00	728.00	716.00	709.00	721.00	729.00	736.00	728.00	728.00	733.00	739.00	740.00	739.00	749.00	747.00	756.00	750.00	745.00	744.00	759.00	742.00	758.00	751.00	749.00	738.00	741.00	739.00	728.00	739.00	734.00	733.00	730.00	734.00	733.00	737.00	744.00	752.00	738.00	740.00	730.00	742.00	730.00	724.00	726.00	732.00	723.00	728.00	729.00	725.00	724.00	726.00	721.00	710.00	710.00
643.00	639.00	631.00	636.00	642.00	636.00	640.00	643.00	641.00	640.00	638.00	639.00	638.00	643.00	639.00	641.00	642.00	641.00	647.00	644.00	646.00	645.00	646.00	649.00	648.00	648.00	643.00	641.00	650.00	661.00	656.00	667.00	680.00	666.00	670.00	673.00	672.00	671.00	676.00	677.00	674.00	674.00	671.00	674.00	678.00	672.00	674.00	679.00	680.00	683.00	677.00	693.00	685.00	684.00	687.00	689.00	684.00	693.00	698.00	697.00	691.00	687.00	683.00	678.00	683.00	689.00	699.00	685.00	694.00	668.00	672.00	692.00	701.00	710.00	697.00	694.00	718.00	740.00	715.00	691.00	670.00	677.00	687.00	678.00	686.00	682.00	680.00	691.00	677.00	675.00	678.00	682.00	684.00	681.00	672.00	667.00	677.00	683.00	686.00	682.00	684.00	689.00	683.00	688.00	691.00	679.00	671.00	679.00	687.00	673.00	707.00	703.00	703.00	689.00	669.00	673.00	671.00	679.00	689.00	689.00	672.00	671.00	681.00	694.00	694.00	704.00	709.00	694.00	689.00	684.00	695.00	695.00	701.00	689.00	684.00	687.00	686.00	691.00	680.00	674.00	687.00	697.00	690.00	716.00	710.00	684.00	691.00	699.00	704.00	701.00	699.00	719.00	699.00	713.00	721.00	697.00	705.00	712.00	691.00	703.00	702.00	715.00	707.00	728.00	709.00	695.00	718.00	705.00	707.00	694.00	716.00	714.00	704.00	707.00	689.00	678.00	677.00	687.00	682.00	678.00	677.00	669.00	673.00	658.00	675.00	675.00	679.00	672.00	668.00	681.00	664.00	662.00	665.00	702.00	703.00	701.00	703.00	714.00	697.00	702.00	702.00	709.00	704.00	699.00	713.00	719.00	729.00	729.00	728.00	731.00	726.00	729.00	734.00	738.00	740.00	743.00	749.00	744.00	736.00	740.00	737.00	735.00	737.00	742.00	733.00	745.00	743.00	735.00	738.00	739.00	745.00	735.00	747.00	746.00	739.00	738.00	740.00	743.00	740.00	742.00	730.00	728.00	723.00	723.00	728.00	730.00	721.00	727.00	734.00	724.00	725.00	721.00	735.00	726.00	719.00	717.00
643.00	639.00	627.00	638.00	639.00	637.00	642.00	642.00	637.00	642.00	636.00	635.00	638.00	639.00	635.00	639.00	632.00	643.00	643.00	644.00	646.00	643.00	645.00	646.00	643.00	646.00	646.00	643.00	649.00	682.00	683.00	658.00	670.00	680.00	683.00	679.00	673.00	669.00	679.00	683.00	679.00	673.00	673.00	671.00	677.00	678.00	676.00	686.00	682.00	681.00	678.00	685.00	683.00	683.00	690.00	689.00	682.00	689.00	688.00	693.00	703.00	696.00	694.00	690.00	680.00	686.00	689.00	684.00	689.00	670.00	669.00	673.00	691.00	698.00	698.00	688.00	686.00	683.00	763.00	711.00	673.00	668.00	676.00	678.00	686.00	684.00	682.00	697.00	685.00	670.00	672.00	673.00	679.00	678.00	676.00	669.00	684.00	688.00	690.00	689.00	684.00	689.00	682.00	680.00	687.00	677.00	678.00	683.00	693.00	677.00	714.00	685.00	681.00	671.00	672.00	671.00	666.00	672.00	680.00	678.00	672.00	667.00	680.00	693.00	706.00	710.00	705.00	699.00	695.00	685.00	692.00	692.00	709.00	699.00	690.00	704.00	684.00	680.00	681.00	674.00	687.00	717.00	700.00	712.00	700.00	690.00	692.00	707.00	709.00	712.00	710.00	729.00	708.00	711.00	707.00	701.00	716.00	725.00	701.00	727.00	713.00	711.00	702.00	719.00	702.00	703.00	718.00	716.00	712.00	712.00	735.00	717.00	704.00	720.00	706.00	689.00	685.00	704.00	683.00	692.00	710.00	697.00	693.00	679.00	673.00	679.00	676.00	669.00	666.00	673.00	665.00	665.00	670.00	696.00	696.00	698.00	702.00	703.00	695.00	706.00	708.00	710.00	700.00	702.00	709.00	710.00	722.00	723.00	731.00	729.00	727.00	727.00	742.00	733.00	736.00	739.00	736.00	740.00	736.00	740.00	731.00	734.00	739.00	741.00	732.00	736.00	735.00	740.00	746.00	747.00	745.00	737.00	746.00	743.00	733.00	745.00	746.00	744.00	742.00	740.00	740.00	731.00	724.00	727.00	731.00	730.00	722.00	727.00	724.00	729.00	729.00	731.00	735.00	733.00	728.00	721.00
638.00	636.00	629.00	635.00	636.00	640.00	643.00	639.00	639.00	642.00	646.00	641.00	640.00	635.00	632.00	635.00	636.00	641.00	639.00	642.00	645.00	640.00	651.00	653.00	656.00	660.00	650.00	648.00	651.00	671.00	685.00	680.00	659.00	685.00	684.00	676.00	670.00	670.00	668.00	681.00	676.00	668.00	670.00	672.00	678.00	684.00	685.00	681.00	673.00	675.00	679.00	682.00	681.00	695.00	689.00	685.00	684.00	684.00	686.00	688.00	686.00	688.00	703.00	700.00	680.00	688.00	694.00	690.00	685.00	675.00	670.00	666.00	673.00	688.00	697.00	689.00	684.00	723.00	745.00	718.00	673.00	665.00	666.00	680.00	677.00	677.00	675.00	685.00	677.00	676.00	669.00	674.00	681.00	684.00	671.00	669.00	683.00	681.00	680.00	678.00	680.00	691.00	686.00	681.00	681.00	682.00	681.00	678.00	690.00	675.00	710.00	694.00	669.00	669.00	672.00	663.00	666.00	674.00	677.00	680.00	672.00	665.00	669.00	692.00	701.00	705.00	707.00	714.00	696.00	691.00	685.00	700.00	708.00	694.00	691.00	706.00	693.00	685.00	677.00	672.00	684.00	721.00	709.00	706.00	702.00	695.00	688.00	688.00	702.00	719.00	717.00	719.00	703.00	704.00	718.00	703.00	730.00	735.00	709.00	710.00	713.00	705.00	708.00	710.00	708.00	709.00	722.00	716.00	727.00	713.00	735.00	709.00	708.00	717.00	720.00	691.00	699.00	695.00	702.00	704.00	712.00	708.00	700.00	694.00	690.00	681.00	680.00	676.00	674.00	677.00	664.00	662.00	661.00	677.00	685.00	682.00	688.00	692.00	686.00	698.00	707.00	700.00	696.00	696.00	703.00	706.00	721.00	715.00	725.00	730.00	732.00	732.00	737.00	737.00	739.00	744.00	742.00	741.00	734.00	737.00	728.00	741.00	733.00	742.00	732.00	735.00	736.00	742.00	746.00	746.00	738.00	745.00	737.00	736.00	739.00	738.00	741.00	745.00	739.00	743.00	732.00	729.00	733.00	728.00	721.00	728.00	725.00	743.00	728.00	724.00	733.00	728.00	731.00	735.00	727.00	725.00
633.00	642.00	641.00	644.00	648.00	644.00	632.00	630.00	637.00	640.00	639.00	632.00	627.00	633.00	634.00	635.00	633.00	649.00	653.00	650.00	648.00	646.00	652.00	653.00	658.00	656.00	650.00	646.00	667.00	663.00	662.00	668.00	680.00	665.00	668.00	667.00	660.00	663.00	666.00	672.00	670.00	672.00	674.00	671.00	671.00	675.00	670.00	678.00	684.00	676.00	671.00	679.00	683.00	684.00	690.00	693.00	689.00	684.00	684.00	682.00	689.00	697.00	691.00	687.00	686.00	685.00	707.00	722.00	721.00	694.00	684.00	678.00	673.00	669.00	676.00	699.00	714.00	729.00	780.00	705.00	686.00	676.00	660.00	676.00	678.00	676.00	676.00	680.00	669.00	668.00	678.00	672.00	670.00	667.00	664.00	673.00	678.00	677.00	682.00	688.00	692.00	670.00	673.00	668.00	672.00	681.00	696.00	688.00	683.00	667.00	698.00	690.00	683.00	665.00	672.00	677.00	673.00	674.00	677.00	680.00	668.00	667.00	675.00	690.00	695.00	701.00	710.00	702.00	704.00	702.00	703.00	685.00	712.00	695.00	711.00	698.00	715.00	696.00	682.00	675.00	685.00	707.00	712.00	708.00	722.00	697.00	703.00	707.00	705.00	718.00	712.00	706.00	712.00	719.00	706.00	700.00	713.00	709.00	704.00	713.00	707.00	705.00	694.00	701.00	710.00	705.00	710.00	714.00	721.00	717.00	733.00	707.00	714.00	701.00	696.00	693.00	712.00	696.00	717.00	721.00	703.00	714.00	713.00	697.00	693.00	696.00	693.00	687.00	678.00	671.00	680.00	681.00	669.00	673.00	669.00	663.00	673.00	677.00	683.00	681.00	683.00	692.00	686.00	689.00	702.00	709.00	712.00	715.00	733.00	732.00	733.00	729.00	719.00	724.00	741.00	736.00	726.00	733.00	727.00	730.00	729.00	738.00	721.00	723.00	730.00	736.00	729.00	730.00	729.00	730.00	730.00	737.00	748.00	748.00	749.00	739.00	745.00	751.00	745.00	741.00	731.00	729.00	723.00	729.00	728.00	732.00	736.00	725.00	734.00	728.00	728.00	736.00	743.00	735.00	726.00	723.00
641.00	634.00	644.00	655.00	667.00	670.00	645.00	645.00	649.00	650.00	664.00	650.00	637.00	629.00	637.00	643.00	641.00	646.00	650.00	659.00	645.00	644.00	648.00	648.00	648.00	650.00	659.00	656.00	658.00	650.00	654.00	667.00	682.00	677.00	690.00	677.00	668.00	667.00	670.00	672.00	660.00	669.00	667.00	669.00	668.00	664.00	670.00	673.00	671.00	672.00	669.00	683.00	689.00	677.00	673.00	675.00	678.00	679.00	681.00	678.00	688.00	690.00	686.00	697.00	709.00	688.00	685.00	683.00	701.00	694.00	711.00	706.00	689.00	687.00	670.00	685.00	682.00	698.00	732.00	721.00	680.00	676.00	676.00	661.00	678.00	676.00	668.00	678.00	664.00	660.00	665.00	663.00	675.00	682.00	684.00	676.00	686.00	680.00	672.00	674.00	680.00	667.00	670.00	672.00	686.00	669.00	670.00	662.00	664.00	664.00	659.00	665.00	666.00	670.00	673.00	682.00	693.00	686.00	698.00	685.00	675.00	688.00	678.00	713.00	708.00	720.00	716.00	707.00	705.00	712.00	700.00	693.00	702.00	707.00	713.00	703.00	691.00	689.00	686.00	682.00	694.00	719.00	704.00	721.00	734.00	695.00	711.00	725.00	713.00	718.00	719.00	722.00	719.00	711.00	716.00	704.00	715.00	713.00	714.00	705.00	711.00	710.00	693.00	718.00	713.00	708.00	714.00	717.00	716.00	713.00	710.00	702.00	713.00	713.00	703.00	696.00	710.00	728.00	714.00	707.00	723.00	703.00	704.00	700.00	712.00	696.00	704.00	694.00	687.00	678.00	695.00	678.00	674.00	681.00	677.00	681.00	679.00	682.00	682.00	686.00	681.00	686.00	686.00	690.00	697.00	713.00	717.00	709.00	727.00	734.00	730.00	721.00	729.00	726.00	731.00	737.00	738.00	733.00	727.00	721.00	721.00	725.00	732.00	735.00	729.00	744.00	727.00	722.00	724.00	726.00	736.00	744.00	738.00	736.00	740.00	741.00	740.00	736.00	732.00	728.00	733.00	737.00	743.00	749.00	742.00	738.00	733.00	748.00	730.00	735.00	734.00	738.00	733.00	736.00	735.00	733.00
645.00	642.00	647.00	648.00	651.00	660.00	644.00	651.00	653.00	669.00	673.00	651.00	639.00	627.00	642.00	650.00	648.00	658.00	663.00	657.00	647.00	645.00	644.00	651.00	646.00	642.00	644.00	653.00	660.00	658.00	657.00	663.00	674.00	682.00	678.00	675.00	670.00	670.00	680.00	669.00	665.00	664.00	668.00	676.00	670.00	667.00	671.00	672.00	670.00	677.00	686.00	673.00	672.00	674.00	676.00	677.00	677.00	680.00	681.00	679.00	687.00	687.00	685.00	698.00	709.00	692.00	694.00	684.00	679.00	695.00	712.00	715.00	707.00	695.00	669.00	671.00	682.00	697.00	690.00	707.00	691.00	677.00	691.00	663.00	667.00	670.00	662.00	665.00	665.00	660.00	662.00	676.00	688.00	693.00	692.00	682.00	671.00	674.00	672.00	670.00	678.00	681.00	667.00	667.00	676.00	664.00	659.00	661.00	668.00	673.00	660.00	679.00	688.00	672.00	683.00	680.00	684.00	696.00	704.00	686.00	675.00	687.00	697.00	710.00	702.00	713.00	708.00	713.00	711.00	699.00	698.00	711.00	697.00	700.00	711.00	708.00	693.00	688.00	683.00	684.00	696.00	714.00	698.00	718.00	721.00	690.00	708.00	717.00	718.00	724.00	723.00	721.00	719.00	722.00	705.00	712.00	709.00	725.00	730.00	718.00	723.00	708.00	694.00	717.00	712.00	720.00	713.00	719.00	713.00	717.00	728.00	706.00	713.00	717.00	694.00	702.00	717.00	717.00	705.00	717.00	727.00	710.00	715.00	700.00	711.00	701.00	697.00	692.00	687.00	687.00	694.00	686.00	682.00	678.00	676.00	689.00	686.00	681.00	668.00	677.00	678.00	681.00	677.00	693.00	697.00	703.00	711.00	716.00	721.00	725.00	723.00	723.00	727.00	729.00	733.00	729.00	726.00	716.00	724.00	719.00	722.00	735.00	732.00	730.00	736.00	741.00	743.00	727.00	724.00	735.00	739.00	734.00	742.00	735.00	727.00	742.00	747.00	743.00	730.00	725.00	729.00	736.00	743.00	741.00	734.00	736.00	734.00	736.00	734.00	733.00	732.00	732.00	736.00	736.00	729.00	728.00
639.00	644.00	654.00	654.00	647.00	646.00	642.00	645.00	646.00	655.00	659.00	640.00	637.00	628.00	644.00	651.00	645.00	660.00	660.00	650.00	650.00	649.00	649.00	651.00	644.00	646.00	648.00	651.00	667.00	656.00	659.00	662.00	669.00	677.00	674.00	670.00	669.00	671.00	675.00	670.00	670.00	671.00	673.00	682.00	677.00	673.00	672.00	675.00	668.00	679.00	677.00	671.00	667.00	672.00	673.00	678.00	676.00	678.00	681.00	681.00	678.00	680.00	683.00	687.00	707.00	692.00	691.00	692.00	681.00	684.00	699.00	712.00	703.00	682.00	674.00	665.00	674.00	687.00	687.00	719.00	690.00	683.00	681.00	667.00	652.00	656.00	657.00	662.00	660.00	661.00	672.00	672.00	680.00	682.00	691.00	683.00	674.00	674.00	671.00	666.00	678.00	676.00	662.00	659.00	664.00	658.00	656.00	663.00	667.00	684.00	680.00	671.00	679.00	694.00	705.00	692.00	688.00	706.00	694.00	684.00	681.00	684.00	708.00	699.00	709.00	721.00	720.00	709.00	705.00	698.00	707.00	712.00	700.00	701.00	699.00	704.00	702.00	700.00	688.00	683.00	708.00	700.00	710.00	724.00	713.00	691.00	701.00	705.00	708.00	709.00	716.00	721.00	717.00	714.00	709.00	716.00	713.00	730.00	723.00	719.00	731.00	710.00	695.00	712.00	715.00	730.00	722.00	719.00	721.00	723.00	725.00	705.00	708.00	706.00	693.00	696.00	700.00	702.00	706.00	723.00	717.00	730.00	712.00	717.00	726.00	702.00	696.00	694.00	692.00	709.00	690.00	686.00	684.00	689.00	687.00	683.00	684.00	678.00	667.00	664.00	668.00	682.00	684.00	692.00	703.00	699.00	707.00	719.00	713.00	718.00	724.00	730.00	733.00	730.00	734.00	733.00	724.00	728.00	732.00	718.00	724.00	731.00	735.00	725.00	723.00	737.00	732.00	720.00	725.00	727.00	732.00	724.00	730.00	728.00	727.00	738.00	741.00	740.00	736.00	730.00	728.00	733.00	738.00	731.00	746.00	736.00	739.00	734.00	732.00	735.00	742.00	741.00	739.00	736.00	732.00	741.00
642.00	647.00	646.00	650.00	647.00	645.00	649.00	652.00	645.00	642.00	641.00	644.00	640.00	643.00	660.00	644.00	642.00	648.00	650.00	659.00	663.00	660.00	655.00	651.00	647.00	650.00	641.00	657.00	663.00	654.00	662.00	668.00	672.00	675.00	675.00	672.00	667.00	667.00	669.00	673.00	676.00	673.00	673.00	672.00	675.00	689.00	681.00	681.00	667.00	675.00	668.00	669.00	674.00	676.00	673.00	679.00	675.00	676.00	673.00	691.00	686.00	688.00	684.00	688.00	701.00	699.00	701.00	693.00	695.00	687.00	697.00	723.00	729.00	691.00	681.00	668.00	665.00	669.00	691.00	729.00	689.00	698.00	692.00	664.00	648.00	648.00	652.00	664.00	665.00	662.00	677.00	675.00	679.00	685.00	685.00	678.00	674.00	672.00	667.00	662.00	669.00	666.00	663.00	660.00	660.00	665.00	661.00	666.00	670.00	681.00	683.00	680.00	682.00	693.00	711.00	690.00	700.00	707.00	688.00	685.00	690.00	682.00	689.00	702.00	703.00	722.00	713.00	717.00	708.00	696.00	705.00	709.00	700.00	709.00	708.00	716.00	693.00	695.00	688.00	685.00	710.00	713.00	727.00	713.00	704.00	705.00	692.00	706.00	717.00	720.00	722.00	714.00	718.00	729.00	719.00	717.00	714.00	727.00	719.00	727.00	725.00	706.00	705.00	721.00	714.00	721.00	721.00	723.00	724.00	720.00	709.00	705.00	713.00	718.00	692.00	705.00	713.00	703.00	717.00	716.00	711.00	722.00	709.00	730.00	719.00	719.00	691.00	692.00	688.00	710.00	695.00	689.00	692.00	699.00	688.00	686.00	678.00	678.00	684.00	679.00	681.00	675.00	677.00	688.00	701.00	697.00	708.00	711.00	713.00	722.00	731.00	729.00	724.00	723.00	729.00	728.00	731.00	718.00	721.00	716.00	727.00	731.00	732.00	733.00	721.00	724.00	725.00	726.00	717.00	720.00	731.00	720.00	725.00	725.00	721.00	733.00	737.00	752.00	734.00	731.00	734.00	728.00	728.00	733.00	736.00	732.00	729.00	729.00	736.00	741.00	741.00	741.00	736.00	727.00	733.00	730.00
648.00	652.00	640.00	642.00	641.00	641.00	656.00	649.00	660.00	664.00	655.00	649.00	637.00	643.00	634.00	643.00	642.00	633.00	657.00	670.00	659.00	655.00	646.00	646.00	658.00	657.00	647.00	654.00	651.00	667.00	665.00	668.00	677.00	668.00	666.00	666.00	671.00	671.00	661.00	676.00	683.00	683.00	680.00	674.00	683.00	689.00	676.00	670.00	674.00	669.00	669.00	673.00	676.00	668.00	675.00	671.00	674.00	668.00	674.00	708.00	689.00	682.00	680.00	683.00	694.00	712.00	707.00	718.00	719.00	679.00	680.00	684.00	695.00	706.00	682.00	672.00	664.00	665.00	677.00	688.00	721.00	717.00	702.00	666.00	651.00	655.00	662.00	695.00	705.00	682.00	677.00	685.00	678.00	677.00	678.00	691.00	689.00	680.00	668.00	663.00	657.00	666.00	664.00	662.00	660.00	676.00	687.00	699.00	704.00	690.00	689.00	681.00	692.00	704.00	693.00	700.00	711.00	711.00	698.00	690.00	688.00	689.00	690.00	706.00	699.00	708.00	724.00	725.00	705.00	716.00	729.00	711.00	696.00	707.00	729.00	727.00	698.00	708.00	702.00	682.00	683.00	695.00	721.00	703.00	719.00	710.00	708.00	694.00	699.00	701.00	722.00	727.00	723.00	718.00	713.00	726.00	726.00	719.00	717.00	710.00	700.00	698.00	723.00	722.00	721.00	719.00	733.00	724.00	718.00	719.00	731.00	718.00	716.00	721.00	694.00	715.00	724.00	704.00	702.00	718.00	715.00	713.00	714.00	719.00	725.00	706.00	694.00	687.00	701.00	702.00	696.00	694.00	699.00	698.00	691.00	696.00	685.00	681.00	689.00	667.00	666.00	674.00	683.00	688.00	696.00	690.00	704.00	701.00	712.00	715.00	726.00	728.00	726.00	732.00	722.00	726.00	721.00	717.00	727.00	727.00	745.00	742.00	734.00	721.00	727.00	739.00	727.00	721.00	715.00	717.00	726.00	719.00	715.00	717.00	719.00	724.00	723.00	733.00	743.00	733.00	733.00	734.00	735.00	736.00	737.00	739.00	738.00	746.00	734.00	741.00	747.00	746.00	748.00	735.00	734.00	732.00
648.00	652.00	640.00	642.00	641.00	641.00	656.00	649.00	660.00	664.00	655.00	649.00	637.00	643.00	634.00	643.00	642.00	633.00	657.00	670.00	659.00	655.00	646.00	646.00	658.00	657.00	647.00	654.00	651.00	667.00	665.00	668.00	677.00	668.00	666.00	666.00	671.00	671.00	661.00	676.00	683.00	683.00	680.00	674.00	683.00	689.00	676.00	670.00	674.00	669.00	669.00	673.00	676.00	668.00	675.00	671.00	674.00	668.00	674.00	708.00	689.00	682.00	680.00	683.00	694.00	712.00	707.00	718.00	719.00	679.00	680.00	684.00	695.00	706.00	682.00	672.00	664.00	665.00	677.00	688.00	721.00	717.00	702.00	666.00	651.00	655.00	662.00	695.00	705.00	682.00	677.00	685.00	678.00	677.00	678.00	691.00	689.00	680.00	668.00	663.00	657.00	666.00	664.00	662.00	660.00	676.00	687.00	699.00	704.00	690.00	689.00	681.00	692.00	704.00	693.00	700.00	711.00	711.00	698.00	690.00	688.00	689.00	690.00	706.00	699.00	708.00	724.00	725.00	705.00	716.00	729.00	711.00	696.00	707.00	729.00	727.00	698.00	708.00	702.00	682.00	683.00	695.00	721.00	703.00	719.00	710.00	708.00	694.00	699.00	701.00	722.00	727.00	723.00	718.00	713.00	726.00	726.00	719.00	717.00	710.00	700.00	698.00	723.00	722.00	721.00	719.00	733.00	724.00	718.00	719.00	731.00	718.00	716.00	721.00	694.00	715.00	724.00	704.00	702.00	718.00	715.00	713.00	714.00	719.00	725.00	706.00	694.00	687.00	701.00	702.00	696.00	694.00	699.00	698.00	691.00	696.00	685.00	681.00	689.00	667.00	666.00	674.00	683.00	688.00	696.00	690.00	704.00	701.00	712.00	715.00	726.00	728.00	726.00	732.00	722.00	726.00	721.00	717.00	727.00	727.00	745.00	742.00	734.00	721.00	727.00	739.00	727.00	721.00	715.00	717.00	726.00	719.00	715.00	717.00	719.00	724.00	723.00	733.00	743.00	733.00	733.00	734.00	735.00	736.00	737.00	739.00	738.00	746.00	734.00	741.00	747.00	746.00	748.00	735.00	734.00	732.00
664.00	652.00	640.00	640.00	644.00	643.00	650.00	653.00	651.00	649.00	645.00	640.00	634.00	637.00	630.00	640.00	643.00	645.00	648.00	668.00	661.00	653.00	653.00	649.00	653.00	662.00	655.00	646.00	656.00	660.00	662.00	664.00	672.00	660.00	662.00	672.00	676.00	679.00	667.00	677.00	678.00	679.00	674.00	670.00	674.00	672.00	673.00	676.00	673.00	669.00	670.00	673.00	675.00	671.00	668.00	671.00	669.00	672.00	676.00	691.00	688.00	681.00	675.00	686.00	706.00	709.00	716.00	711.00	695.00	672.00	677.00	680.00	674.00	682.00	675.00	666.00	664.00	664.00	685.00	688.00	723.00	704.00	697.00	661.00	653.00	660.00	669.00	700.00	699.00	702.00	686.00	676.00	671.00	679.00	685.00	682.00	675.00	669.00	664.00	657.00	658.00	659.00	659.00	651.00	654.00	675.00	677.00	689.00	702.00	700.00	700.00	684.00	684.00	698.00	703.00	701.00	714.00	726.00	708.00	691.00	703.00	704.00	689.00	691.00	701.00	724.00	736.00	711.00	704.00	717.00	733.00	716.00	700.00	702.00	715.00	717.00	708.00	726.00	712.00	685.00	690.00	700.00	711.00	723.00	729.00	718.00	702.00	706.00	706.00	698.00	727.00	717.00	721.00	732.00	714.00	723.00	721.00	720.00	718.00	712.00	708.00	703.00	712.00	720.00	730.00	731.00	737.00	725.00	720.00	721.00	724.00	714.00	729.00	724.00	699.00	706.00	708.00	706.00	707.00	716.00	714.00	721.00	721.00	716.00	719.00	716.00	696.00	687.00	710.00	697.00	696.00	693.00	698.00	694.00	698.00	696.00	689.00	687.00	691.00	673.00	669.00	676.00	681.00	688.00	688.00	696.00	698.00	702.00	709.00	709.00	721.00	716.00	716.00	720.00	723.00	719.00	719.00	721.00	734.00	727.00	728.00	734.00	732.00	718.00	721.00	726.00	730.00	716.00	713.00	721.00	719.00	715.00	713.00	714.00	714.00	719.00	727.00	733.00	741.00	738.00	741.00	734.00	737.00	739.00	732.00	736.00	739.00	747.00	736.00	750.00	745.00	746.00	752.00	737.00	737.00	731.00
662.00	653.00	643.00	645.00	641.00	645.00	649.00	650.00	646.00	648.00	649.00	652.00	641.00	640.00	633.00	642.00	645.00	646.00	638.00	654.00	659.00	658.00	650.00	644.00	655.00	659.00	653.00	653.00	653.00	657.00	658.00	663.00	662.00	657.00	660.00	672.00	676.00	677.00	672.00	672.00	676.00	672.00	667.00	666.00	672.00	672.00	675.00	681.00	674.00	672.00	664.00	676.00	677.00	673.00	664.00	677.00	675.00	681.00	683.00	683.00	684.00	681.00	677.00	680.00	695.00	702.00	693.00	691.00	697.00	680.00	672.00	682.00	672.00	688.00	692.00	685.00	662.00	665.00	684.00	688.00	712.00	706.00	689.00	657.00	653.00	658.00	678.00	698.00	683.00	685.00	674.00	673.00	668.00	678.00	685.00	679.00	664.00	660.00	661.00	659.00	663.00	658.00	662.00	659.00	664.00	696.00	686.00	683.00	691.00	699.00	705.00	684.00	679.00	689.00	699.00	698.00	696.00	711.00	705.00	692.00	703.00	713.00	685.00	704.00	727.00	735.00	733.00	715.00	717.00	719.00	731.00	722.00	707.00	715.00	717.00	703.00	719.00	728.00	712.00	691.00	701.00	715.00	717.00	730.00	723.00	712.00	708.00	720.00	716.00	698.00	710.00	714.00	728.00	726.00	716.00	716.00	714.00	722.00	714.00	719.00	727.00	709.00	708.00	720.00	722.00	726.00	725.00	718.00	725.00	715.00	721.00	720.00	723.00	709.00	700.00	708.00	715.00	716.00	722.00	725.00	721.00	719.00	724.00	720.00	712.00	712.00	691.00	696.00	703.00	696.00	693.00	703.00	701.00	696.00	708.00	691.00	693.00	694.00	690.00	675.00	685.00	673.00	680.00	687.00	700.00	702.00	714.00	707.00	711.00	721.00	731.00	718.00	710.00	716.00	717.00	717.00	728.00	717.00	726.00	722.00	727.00	725.00	730.00	715.00	715.00	719.00	735.00	716.00	714.00	728.00	726.00	717.00	717.00	715.00	722.00	723.00	722.00	729.00	745.00	737.00	741.00	736.00	734.00	735.00	743.00	738.00	741.00	755.00	742.00	747.00	756.00	748.00	745.00	744.00	743.00	729.00
657.00	652.00	651.00	642.00	653.00	657.00	667.00	670.00	660.00	649.00	647.00	643.00	643.00	646.00	645.00	642.00	644.00	641.00	642.00	657.00	652.00	654.00	663.00	661.00	652.00	651.00	661.00	668.00	659.00	656.00	662.00	661.00	656.00	683.00	677.00	667.00	669.00	670.00	677.00	670.00	667.00	672.00	669.00	675.00	674.00	678.00	673.00	679.00	679.00	676.00	672.00	662.00	665.00	665.00	668.00	664.00	678.00	696.00	697.00	682.00	685.00	680.00	681.00	681.00	686.00	702.00	692.00	695.00	682.00	673.00	687.00	683.00	670.00	672.00	697.00	681.00	667.00	659.00	688.00	699.00	705.00	670.00	660.00	657.00	660.00	667.00	661.00	677.00	672.00	681.00	671.00	662.00	667.00	674.00	688.00	662.00	658.00	653.00	659.00	657.00	653.00	683.00	674.00	674.00	687.00	694.00	691.00	697.00	710.00	704.00	701.00	695.00	693.00	697.00	702.00	704.00	697.00	695.00	699.00	694.00	692.00	705.00	712.00	690.00	702.00	722.00	720.00	711.00	733.00	718.00	712.00	707.00	705.00	709.00	706.00	701.00	707.00	694.00	706.00	721.00	707.00	694.00	699.00	712.00	719.00	720.00	726.00	713.00	709.00	706.00	732.00	732.00	729.00	726.00	716.00	727.00	724.00	717.00	715.00	715.00	721.00	722.00	704.00	711.00	721.00	742.00	731.00	726.00	717.00	720.00	719.00	715.00	729.00	733.00	699.00	724.00	724.00	720.00	732.00	719.00	720.00	722.00	734.00	721.00	731.00	705.00	707.00	714.00	714.00	711.00	707.00	706.00	712.00	702.00	722.00	709.00	706.00	708.00	705.00	669.00	672.00	683.00	681.00	693.00	698.00	698.00	706.00	697.00	718.00	717.00	720.00	718.00	704.00	701.00	706.00	713.00	720.00	724.00	716.00	720.00	730.00	725.00	726.00	725.00	714.00	720.00	718.00	717.00	714.00	715.00	713.00	730.00	738.00	730.00	720.00	724.00	729.00	737.00	732.00	746.00	746.00	737.00	744.00	740.00	745.00	742.00	740.00	743.00	747.00	749.00	749.00	745.00	747.00	753.00	752.00	762.00
651.00	654.00	647.00	649.00	658.00	669.00	656.00	664.00	651.00	651.00	645.00	644.00	642.00	648.00	649.00	645.00	638.00	646.00	643.00	662.00	665.00	663.00	666.00	658.00	654.00	656.00	660.00	666.00	666.00	659.00	669.00	668.00	665.00	671.00	680.00	675.00	671.00	677.00	676.00	667.00	669.00	670.00	671.00	674.00	669.00	670.00	671.00	672.00	678.00	682.00	674.00	654.00	661.00	668.00	673.00	672.00	684.00	689.00	686.00	678.00	692.00	683.00	676.00	681.00	684.00	698.00	709.00	703.00	690.00	674.00	678.00	687.00	676.00	668.00	689.00	675.00	664.00	661.00	676.00	686.00	693.00	657.00	659.00	655.00	661.00	664.00	665.00	674.00	668.00	681.00	666.00	657.00	652.00	658.00	671.00	653.00	655.00	656.00	659.00	659.00	663.00	691.00	676.00	673.00	672.00	673.00	678.00	687.00	703.00	702.00	698.00	701.00	713.00	707.00	703.00	713.00	708.00	705.00	697.00	697.00	695.00	699.00	692.00	683.00	688.00	706.00	706.00	720.00	737.00	728.00	733.00	715.00	716.00	713.00	706.00	717.00	703.00	702.00	702.00	719.00	719.00	692.00	703.00	728.00	714.00	724.00	716.00	716.00	721.00	713.00	717.00	713.00	715.00	723.00	724.00	725.00	724.00	718.00	718.00	730.00	725.00	718.00	703.00	706.00	722.00	729.00	724.00	722.00	716.00	719.00	732.00	720.00	733.00	719.00	705.00	722.00	726.00	726.00	728.00	722.00	732.00	724.00	724.00	725.00	729.00	708.00	718.00	716.00	720.00	717.00	704.00	710.00	712.00	709.00	706.00	704.00	714.00	699.00	692.00	664.00	664.00	675.00	677.00	694.00	701.00	699.00	708.00	696.00	695.00	705.00	711.00	709.00	704.00	704.00	703.00	712.00	731.00	717.00	717.00	724.00	731.00	721.00	722.00	724.00	715.00	713.00	724.00	721.00	719.00	712.00	710.00	726.00	732.00	735.00	729.00	728.00	729.00	748.00	735.00	736.00	735.00	741.00	740.00	746.00	748.00	747.00	743.00	740.00	750.00	746.00	751.00	747.00	750.00	750.00	742.00	741.00
654.00	659.00	657.00	665.00	666.00	657.00	655.00	652.00	655.00	648.00	659.00	650.00	652.00	645.00	654.00	648.00	634.00	644.00	643.00	649.00	649.00	652.00	652.00	661.00	656.00	663.00	661.00	662.00	670.00	661.00	653.00	659.00	665.00	672.00	672.00	672.00	674.00	675.00	667.00	670.00	674.00	667.00	666.00	667.00	671.00	675.00	686.00	671.00	669.00	673.00	673.00	668.00	671.00	684.00	682.00	675.00	685.00	685.00	680.00	685.00	679.00	673.00	676.00	692.00	688.00	698.00	715.00	707.00	697.00	672.00	675.00	677.00	669.00	662.00	673.00	667.00	663.00	660.00	660.00	666.00	675.00	659.00	681.00	656.00	659.00	660.00	664.00	658.00	666.00	670.00	658.00	652.00	647.00	645.00	647.00	649.00	673.00	668.00	669.00	684.00	691.00	678.00	687.00	698.00	686.00	701.00	700.00	683.00	677.00	686.00	694.00	706.00	707.00	713.00	715.00	705.00	704.00	700.00	694.00	713.00	704.00	699.00	704.00	705.00	703.00	699.00	695.00	704.00	700.00	717.00	720.00	716.00	706.00	708.00	712.00	714.00	712.00	716.00	711.00	704.00	708.00	700.00	696.00	716.00	718.00	722.00	715.00	725.00	716.00	723.00	713.00	725.00	737.00	736.00	723.00	727.00	724.00	722.00	719.00	722.00	722.00	717.00	718.00	723.00	726.00	723.00	729.00	734.00	733.00	720.00	713.00	719.00	725.00	719.00	717.00	703.00	710.00	726.00	729.00	727.00	728.00	724.00	727.00	713.00	711.00	697.00	724.00	720.00	713.00	706.00	714.00	716.00	714.00	707.00	699.00	701.00	700.00	725.00	707.00	684.00	674.00	681.00	674.00	689.00	694.00	695.00	700.00	691.00	695.00	698.00	695.00	696.00	706.00	713.00	713.00	715.00	717.00	711.00	715.00	716.00	722.00	721.00	715.00	720.00	725.00	713.00	720.00	723.00	721.00	710.00	708.00	718.00	722.00	720.00	721.00	728.00	733.00	724.00	724.00	730.00	723.00	733.00	738.00	746.00	748.00	754.00	743.00	744.00	747.00	758.00	758.00	757.00	766.00	740.00	733.00	733.00
659.00	660.00	659.00	674.00	675.00	669.00	660.00	656.00	660.00	657.00	663.00	661.00	662.00	648.00	649.00	652.00	634.00	640.00	647.00	646.00	644.00	644.00	657.00	667.00	662.00	655.00	668.00	672.00	678.00	669.00	663.00	668.00	665.00	670.00	668.00	674.00	672.00	670.00	668.00	665.00	668.00	664.00	666.00	667.00	671.00	670.00	673.00	670.00	669.00	667.00	670.00	668.00	667.00	675.00	678.00	675.00	679.00	700.00	698.00	682.00	678.00	680.00	682.00	687.00	682.00	709.00	709.00	711.00	701.00	671.00	680.00	668.00	662.00	659.00	664.00	667.00	660.00	660.00	661.00	661.00	658.00	658.00	681.00	676.00	663.00	664.00	663.00	655.00	655.00	652.00	654.00	652.00	651.00	643.00	650.00	658.00	679.00	681.00	666.00	671.00	680.00	693.00	701.00	700.00	684.00	690.00	696.00	686.00	688.00	681.00	687.00	691.00	690.00	702.00	715.00	714.00	715.00	714.00	703.00	717.00	706.00	706.00	710.00	709.00	715.00	708.00	691.00	699.00	702.00	700.00	710.00	722.00	721.00	719.00	706.00	700.00	715.00	711.00	713.00	715.00	704.00	711.00	706.00	710.00	704.00	708.00	711.00	726.00	717.00	730.00	714.00	711.00	722.00	729.00	737.00	734.00	730.00	731.00	721.00	716.00	716.00	716.00	724.00	718.00	720.00	720.00	728.00	722.00	737.00	715.00	724.00	724.00	721.00	722.00	709.00	708.00	717.00	726.00	734.00	722.00	725.00	727.00	725.00	718.00	722.00	696.00	716.00	705.00	710.00	714.00	712.00	717.00	709.00	705.00	709.00	703.00	709.00	717.00	704.00	694.00	680.00	677.00	679.00	681.00	699.00	700.00	686.00	687.00	690.00	691.00	694.00	700.00	705.00	708.00	712.00	714.00	720.00	710.00	706.00	715.00	717.00	719.00	715.00	724.00	720.00	711.00	731.00	726.00	724.00	712.00	705.00	708.00	711.00	722.00	727.00	732.00	735.00	723.00	723.00	718.00	722.00	725.00	729.00	736.00	749.00	747.00	752.00	748.00	744.00	770.00	761.00	755.00	765.00	745.00	736.00	729.00
660.00	658.00	658.00	669.00	675.00	662.00	655.00	662.00	663.00	655.00	660.00	656.00	649.00	646.00	648.00	644.00	636.00	633.00	636.00	638.00	643.00	643.00	646.00	652.00	669.00	662.00	646.00	650.00	673.00	655.00	653.00	668.00	675.00	685.00	675.00	669.00	661.00	664.00	661.00	662.00	662.00	667.00	669.00	664.00	668.00	668.00	660.00	685.00	664.00	668.00	670.00	662.00	653.00	662.00	672.00	669.00	685.00	696.00	685.00	677.00	682.00	682.00	676.00	688.00	686.00	699.00	695.00	712.00	714.00	680.00	661.00	661.00	657.00	646.00	657.00	659.00	658.00	654.00	652.00	653.00	702.00	710.00	709.00	704.00	694.00	661.00	653.00	653.00	652.00	648.00	653.00	678.00	658.00	663.00	670.00	681.00	673.00	691.00	695.00	689.00	681.00	677.00	680.00	686.00	698.00	702.00	689.00	691.00	692.00	698.00	691.00	703.00	716.00	719.00	694.00	694.00	698.00	700.00	701.00	706.00	715.00	701.00	704.00	697.00	706.00	702.00	696.00	710.00	713.00	703.00	719.00	717.00	702.00	711.00	713.00	714.00	730.00	721.00	716.00	706.00	714.00	711.00	708.00	708.00	716.00	725.00	711.00	732.00	732.00	721.00	725.00	731.00	737.00	744.00	732.00	736.00	734.00	727.00	724.00	723.00	721.00	720.00	720.00	725.00	719.00	725.00	727.00	720.00	717.00	721.00	720.00	733.00	719.00	717.00	706.00	708.00	713.00	721.00	732.00	731.00	729.00	718.00	717.00	718.00	711.00	699.00	710.00	724.00	722.00	716.00	717.00	721.00	719.00	717.00	712.00	709.00	709.00	713.00	706.00	690.00	689.00	685.00	677.00	681.00	695.00	694.00	693.00	712.00	702.00	698.00	699.00	703.00	700.00	694.00	699.00	699.00	706.00	705.00	711.00	709.00	716.00	708.00	718.00	717.00	714.00	708.00	716.00	720.00	711.00	707.00	704.00	713.00	723.00	727.00	732.00	734.00	724.00	717.00	719.00	721.00	728.00	730.00	734.00	735.00	739.00	740.00	744.00	738.00	746.00	756.00	756.00	750.00	756.00	736.00	731.00	739.00
664.00	663.00	655.00	663.00	664.00	664.00	659.00	665.00	663.00	661.00	657.00	653.00	651.00	646.00	642.00	641.00	640.00	639.00	637.00	639.00	650.00	650.00	651.00	642.00	660.00	661.00	644.00	642.00	658.00	657.00	660.00	682.00	691.00	684.00	659.00	654.00	657.00	665.00	656.00	656.00	662.00	670.00	670.00	664.00	667.00	665.00	663.00	672.00	666.00	678.00	681.00	667.00	656.00	663.00	664.00	668.00	673.00	678.00	676.00	680.00	681.00	680.00	693.00	690.00	684.00	688.00	684.00	703.00	712.00	673.00	666.00	658.00	654.00	652.00	665.00	672.00	664.00	655.00	647.00	649.00	699.00	721.00	734.00	712.00	701.00	670.00	661.00	659.00	648.00	647.00	647.00	674.00	672.00	664.00	666.00	680.00	669.00	673.00	675.00	689.00	699.00	674.00	688.00	698.00	711.00	705.00	694.00	687.00	697.00	712.00	703.00	703.00	705.00	714.00	715.00	695.00	701.00	700.00	701.00	705.00	708.00	702.00	694.00	701.00	706.00	693.00	697.00	710.00	710.00	702.00	710.00	724.00	703.00	718.00	727.00	749.00	716.00	711.00	713.00	716.00	719.00	716.00	712.00	701.00	706.00	725.00	720.00	738.00	725.00	732.00	732.00	743.00	740.00	743.00	733.00	730.00	739.00	731.00	729.00	730.00	713.00	710.00	712.00	717.00	722.00	729.00	720.00	725.00	724.00	716.00	726.00	732.00	722.00	725.00	709.00	714.00	717.00	730.00	726.00	729.00	730.00	719.00	723.00	716.00	725.00	703.00	723.00	725.00	723.00	731.00	726.00	719.00	722.00	720.00	710.00	712.00	714.00	705.00	697.00	711.00	695.00	690.00	683.00	683.00	688.00	686.00	699.00	726.00	687.00	681.00	683.00	692.00	705.00	685.00	691.00	703.00	711.00	707.00	713.00	707.00	711.00	713.00	715.00	716.00	714.00	724.00	711.00	701.00	700.00	715.00	716.00	722.00	722.00	727.00	725.00	730.00	732.00	720.00	727.00	725.00	731.00	733.00	733.00	738.00	729.00	734.00	729.00	733.00	748.00	758.00	754.00	757.00	751.00	738.00	749.00	738.00
669.00	665.00	656.00	659.00	661.00	662.00	672.00	662.00	667.00	672.00	670.00	653.00	652.00	653.00	648.00	642.00	648.00	639.00	647.00	636.00	651.00	650.00	649.00	639.00	647.00	652.00	657.00	634.00	642.00	661.00	654.00	671.00	682.00	677.00	659.00	653.00	658.00	666.00	650.00	647.00	655.00	664.00	665.00	656.00	660.00	660.00	666.00	673.00	673.00	677.00	681.00	668.00	660.00	666.00	664.00	669.00	674.00	668.00	671.00	688.00	676.00	687.00	701.00	689.00	679.00	671.00	670.00	681.00	699.00	675.00	662.00	649.00	641.00	651.00	664.00	679.00	682.00	666.00	648.00	651.00	685.00	712.00	719.00	725.00	705.00	678.00	691.00	662.00	653.00	649.00	646.00	663.00	693.00	677.00	664.00	669.00	672.00	676.00	679.00	689.00	698.00	671.00	680.00	698.00	707.00	700.00	694.00	690.00	698.00	717.00	701.00	691.00	695.00	713.00	715.00	699.00	715.00	717.00	703.00	702.00	713.00	709.00	706.00	706.00	710.00	707.00	697.00	707.00	709.00	711.00	720.00	720.00	709.00	706.00	721.00	744.00	715.00	728.00	730.00	729.00	723.00	715.00	706.00	697.00	710.00	721.00	724.00	726.00	720.00	738.00	731.00	742.00	739.00	728.00	739.00	741.00	740.00	737.00	735.00	720.00	720.00	722.00	725.00	721.00	733.00	722.00	722.00	737.00	717.00	721.00	732.00	727.00	727.00	728.00	708.00	718.00	728.00	731.00	734.00	728.00	735.00	724.00	729.00	715.00	727.00	703.00	730.00	727.00	728.00	736.00	725.00	725.00	726.00	721.00	713.00	714.00	706.00	702.00	697.00	715.00	696.00	698.00	690.00	686.00	680.00	683.00	705.00	717.00	691.00	677.00	680.00	686.00	695.00	682.00	680.00	696.00	711.00	701.00	708.00	703.00	709.00	705.00	711.00	717.00	705.00	714.00	703.00	712.00	709.00	718.00	729.00	723.00	718.00	715.00	722.00	730.00	723.00	719.00	716.00	721.00	728.00	729.00	725.00	727.00	731.00	725.00	732.00	735.00	750.00	749.00	750.00	747.00	760.00	746.00	753.00	741.00
669.00	661.00	660.00	658.00	664.00	671.00	677.00	684.00	678.00	671.00	669.00	656.00	656.00	663.00	652.00	650.00	646.00	645.00	654.00	649.00	638.00	640.00	637.00	637.00	641.00	651.00	668.00	673.00	635.00	646.00	651.00	667.00	678.00	662.00	654.00	650.00	650.00	648.00	651.00	652.00	656.00	659.00	663.00	659.00	658.00	662.00	672.00	669.00	672.00	672.00	668.00	662.00	664.00	667.00	664.00	672.00	675.00	670.00	672.00	686.00	678.00	685.00	692.00	689.00	690.00	686.00	684.00	674.00	667.00	681.00	671.00	647.00	643.00	650.00	670.00	678.00	687.00	690.00	649.00	649.00	680.00	709.00	715.00	715.00	706.00	678.00	699.00	672.00	662.00	651.00	651.00	674.00	694.00	683.00	671.00	685.00	690.00	694.00	691.00	690.00	685.00	674.00	682.00	681.00	689.00	692.00	703.00	700.00	711.00	710.00	695.00	695.00	693.00	699.00	711.00	712.00	713.00	710.00	711.00	711.00	708.00	708.00	710.00	705.00	715.00	703.00	697.00	714.00	712.00	713.00	714.00	712.00	721.00	712.00	715.00	727.00	730.00	747.00	741.00	723.00	720.00	706.00	718.00	699.00	709.00	717.00	719.00	718.00	723.00	732.00	735.00	736.00	744.00	737.00	738.00	744.00	740.00	733.00	730.00	721.00	730.00	727.00	717.00	723.00	728.00	727.00	726.00	735.00	721.00	720.00	730.00	726.00	719.00	719.00	708.00	719.00	732.00	721.00	722.00	726.00	724.00	732.00	728.00	722.00	725.00	697.00	717.00	719.00	725.00	730.00	741.00	735.00	719.00	712.00	710.00	713.00	714.00	708.00	704.00	703.00	704.00	690.00	687.00	688.00	681.00	675.00	684.00	681.00	682.00	681.00	679.00	679.00	678.00	678.00	674.00	685.00	692.00	710.00	704.00	702.00	703.00	713.00	702.00	718.00	719.00	702.00	716.00	715.00	713.00	712.00	720.00	715.00	718.00	717.00	720.00	721.00	718.00	718.00	715.00	720.00	723.00	726.00	722.00	723.00	732.00	729.00	729.00	734.00	748.00	746.00	749.00	748.00	753.00	742.00	746.00	741.00
668.00	675.00	666.00	651.00	654.00	662.00	680.00	681.00	672.00	660.00	663.00	662.00	661.00	650.00	653.00	655.00	649.00	655.00	647.00	649.00	653.00	656.00	646.00	644.00	666.00	686.00	787.00	814.00	645.00	650.00	662.00	662.00	656.00	650.00	657.00	660.00	662.00	668.00	679.00	662.00	664.00	667.00	663.00	670.00	668.00	665.00	671.00	677.00	671.00	676.00	672.00	673.00	673.00	667.00	663.00	663.00	674.00	666.00	673.00	680.00	674.00	684.00	699.00	683.00	677.00	658.00	654.00	659.00	658.00	659.00	656.00	658.00	655.00	669.00	681.00	678.00	686.00	699.00	674.00	664.00	671.00	686.00	689.00	688.00	722.00	721.00	702.00	683.00	682.00	668.00	652.00	669.00	698.00	683.00	695.00	700.00	673.00	684.00	679.00	672.00	689.00	679.00	676.00	689.00	706.00	708.00	705.00	700.00	696.00	700.00	698.00	696.00	695.00	700.00	692.00	709.00	709.00	702.00	711.00	712.00	702.00	713.00	720.00	706.00	710.00	720.00	709.00	697.00	702.00	705.00	709.00	718.00	709.00	715.00	729.00	727.00	735.00	742.00	730.00	711.00	714.00	720.00	716.00	709.00	700.00	718.00	724.00	725.00	729.00	735.00	730.00	732.00	739.00	729.00	745.00	739.00	737.00	733.00	732.00	735.00	730.00	729.00	715.00	720.00	727.00	733.00	732.00	737.00	729.00	734.00	734.00	726.00	723.00	721.00	716.00	725.00	725.00	725.00	735.00	728.00	731.00	733.00	727.00	731.00	727.00	702.00	716.00	707.00	720.00	723.00	726.00	721.00	724.00	715.00	711.00	719.00	715.00	709.00	708.00	697.00	697.00	700.00	689.00	692.00	706.00	702.00	682.00	676.00	682.00	684.00	692.00	690.00	691.00	703.00	691.00	685.00	685.00	687.00	683.00	686.00	691.00	692.00	693.00	692.00	698.00	694.00	699.00	706.00	707.00	720.00	717.00	704.00	713.00	713.00	712.00	715.00	716.00	712.00	715.00	717.00	720.00	714.00	719.00	726.00	723.00	722.00	726.00	727.00	728.00	735.00	737.00	734.00	732.00	744.00	747.00	747.00
690.00	696.00	676.00	659.00	660.00	658.00	671.00	660.00	665.00	664.00	657.00	658.00	653.00	653.00	655.00	652.00	651.00	652.00	648.00	646.00	662.00	661.00	654.00	646.00	668.00	680.00	737.00	798.00	642.00	643.00	646.00	645.00	647.00	671.00	670.00	664.00	665.00	675.00	686.00	667.00	668.00	679.00	664.00	672.00	665.00	663.00	668.00	667.00	673.00	678.00	672.00	669.00	663.00	668.00	663.00	656.00	679.00	670.00	684.00	687.00	674.00	688.00	697.00	688.00	678.00	658.00	653.00	654.00	656.00	657.00	676.00	680.00	677.00	678.00	701.00	709.00	696.00	693.00	674.00	675.00	657.00	674.00	690.00	710.00	731.00	723.00	704.00	686.00	681.00	665.00	657.00	681.00	704.00	704.00	709.00	699.00	675.00	689.00	681.00	682.00	697.00	689.00	684.00	685.00	691.00	690.00	688.00	692.00	701.00	696.00	692.00	701.00	706.00	708.00	697.00	716.00	707.00	700.00	719.00	713.00	704.00	705.00	721.00	712.00	708.00	714.00	707.00	702.00	699.00	703.00	705.00	707.00	718.00	712.00	725.00	726.00	714.00	712.00	719.00	726.00	730.00	724.00	724.00	704.00	702.00	721.00	721.00	728.00	732.00	735.00	723.00	728.00	727.00	734.00	742.00	743.00	742.00	735.00	737.00	732.00	728.00	723.00	719.00	727.00	726.00	736.00	732.00	730.00	729.00	734.00	729.00	733.00	719.00	727.00	722.00	714.00	723.00	733.00	737.00	734.00	740.00	728.00	727.00	726.00	721.00	701.00	723.00	722.00	720.00	716.00	724.00	724.00	729.00	717.00	724.00	716.00	716.00	713.00	703.00	698.00	721.00	712.00	693.00	691.00	710.00	703.00	694.00	679.00	692.00	686.00	702.00	713.00	710.00	700.00	709.00	688.00	687.00	694.00	685.00	679.00	689.00	697.00	698.00	707.00	698.00	695.00	693.00	693.00	694.00	700.00	714.00	711.00	713.00	712.00	705.00	710.00	709.00	713.00	713.00	712.00	716.00	714.00	718.00	719.00	722.00	721.00	725.00	728.00	727.00	729.00	748.00	744.00	726.00	741.00	742.00	746.00
707.00	707.00	673.00	664.00	659.00	660.00	666.00	666.00	660.00	661.00	658.00	655.00	654.00	657.00	664.00	651.00	651.00	648.00	649.00	653.00	656.00	651.00	649.00	645.00	668.00	678.00	679.00	701.00	641.00	641.00	642.00	654.00	666.00	678.00	664.00	656.00	659.00	661.00	684.00	670.00	673.00	668.00	668.00	663.00	663.00	658.00	663.00	666.00	677.00	675.00	668.00	663.00	662.00	662.00	660.00	662.00	678.00	669.00	682.00	684.00	666.00	692.00	686.00	670.00	664.00	654.00	655.00	651.00	662.00	679.00	694.00	695.00	687.00	679.00	721.00	727.00	707.00	694.00	690.00	673.00	660.00	660.00	682.00	723.00	724.00	727.00	692.00	678.00	675.00	665.00	663.00	683.00	709.00	712.00	714.00	707.00	674.00	684.00	676.00	686.00	703.00	698.00	682.00	690.00	690.00	694.00	698.00	699.00	701.00	691.00	695.00	704.00	715.00	710.00	705.00	710.00	698.00	692.00	698.00	695.00	700.00	700.00	702.00	698.00	697.00	705.00	713.00	711.00	714.00	711.00	706.00	717.00	718.00	715.00	716.00	716.00	723.00	712.00	735.00	735.00	748.00	725.00	715.00	714.00	708.00	724.00	716.00	723.00	720.00	721.00	723.00	738.00	730.00	734.00	744.00	752.00	746.00	746.00	743.00	731.00	731.00	740.00	727.00	728.00	729.00	732.00	731.00	724.00	746.00	734.00	741.00	736.00	726.00	730.00	726.00	716.00	723.00	739.00	737.00	731.00	733.00	721.00	718.00	720.00	721.00	703.00	718.00	722.00	722.00	725.00	734.00	731.00	731.00	719.00	727.00	710.00	712.00	709.00	702.00	699.00	712.00	711.00	697.00	690.00	706.00	699.00	703.00	682.00	682.00	686.00	695.00	709.00	715.00	686.00	686.00	687.00	681.00	693.00	682.00	680.00	681.00	687.00	706.00	721.00	715.00	708.00	711.00	709.00	702.00	696.00	706.00	712.00	716.00	710.00	704.00	712.00	713.00	711.00	710.00	712.00	714.00	715.00	721.00	721.00	712.00	716.00	717.00	719.00	724.00	731.00	744.00	734.00	727.00	737.00	747.00	747.00
718.00	708.00	669.00	666.00	663.00	663.00	665.00	659.00	658.00	663.00	659.00	656.00	655.00	663.00	658.00	656.00	647.00	647.00	652.00	659.00	658.00	652.00	649.00	658.00	680.00	682.00	672.00	661.00	650.00	635.00	641.00	652.00	670.00	666.00	654.00	662.00	672.00	676.00	665.00	669.00	672.00	666.00	663.00	660.00	669.00	669.00	658.00	660.00	667.00	673.00	669.00	662.00	664.00	662.00	662.00	666.00	677.00	664.00	671.00	682.00	661.00	683.00	684.00	659.00	654.00	653.00	657.00	651.00	657.00	694.00	700.00	688.00	674.00	695.00	709.00	703.00	695.00	696.00	688.00	669.00	661.00	659.00	681.00	712.00	699.00	722.00	703.00	678.00	672.00	673.00	665.00	671.00	703.00	702.00	709.00	707.00	670.00	671.00	667.00	687.00	704.00	697.00	696.00	703.00	699.00	681.00	687.00	687.00	696.00	695.00	697.00	689.00	704.00	700.00	704.00	693.00	687.00	688.00	697.00	694.00	694.00	703.00	696.00	709.00	715.00	701.00	704.00	715.00	713.00	719.00	715.00	722.00	713.00	719.00	719.00	713.00	734.00	717.00	723.00	746.00	755.00	726.00	712.00	725.00	716.00	715.00	714.00	718.00	720.00	727.00	727.00	731.00	732.00	746.00	742.00	742.00	738.00	748.00	745.00	725.00	735.00	745.00	730.00	732.00	731.00	733.00	729.00	728.00	736.00	740.00	747.00	735.00	728.00	732.00	722.00	720.00	725.00	739.00	733.00	726.00	723.00	735.00	726.00	739.00	742.00	706.00	715.00	723.00	723.00	722.00	729.00	727.00	729.00	725.00	727.00	718.00	723.00	723.00	711.00	711.00	696.00	695.00	695.00	691.00	702.00	704.00	695.00	685.00	695.00	695.00	698.00	706.00	703.00	685.00	683.00	687.00	681.00	688.00	685.00	688.00	687.00	683.00	700.00	725.00	717.00	707.00	716.00	709.00	711.00	711.00	695.00	698.00	706.00	702.00	710.00	716.00	717.00	711.00	704.00	721.00	712.00	718.00	716.00	711.00	708.00	709.00	712.00	713.00	718.00	732.00	719.00	726.00	730.00	731.00	749.00	748.00
695.00	680.00	698.00	698.00	682.00	669.00	664.00	675.00	676.00	667.00	664.00	659.00	663.00	658.00	661.00	660.00	657.00	657.00	653.00	659.00	661.00	659.00	664.00	669.00	702.00	720.00	688.00	671.00	688.00	686.00	660.00	635.00	640.00	664.00	667.00	665.00	662.00	661.00	665.00	680.00	685.00	680.00	659.00	653.00	664.00	662.00	662.00	673.00	664.00	670.00	674.00	667.00	665.00	668.00	658.00	661.00	673.00	663.00	664.00	678.00	671.00	663.00	652.00	640.00	645.00	661.00	674.00	679.00	682.00	674.00	673.00	673.00	674.00	674.00	693.00	686.00	687.00	692.00	690.00	701.00	649.00	663.00	668.00	694.00	701.00	719.00	739.00	723.00	695.00	684.00	689.00	670.00	670.00	663.00	659.00	667.00	671.00	667.00	663.00	667.00	665.00	659.00	662.00	669.00	666.00	692.00	688.00	694.00	698.00	679.00	680.00	687.00	697.00	703.00	721.00	722.00	702.00	693.00	714.00	707.00	704.00	707.00	710.00	703.00	693.00	698.00	698.00	704.00	702.00	706.00	710.00	713.00	722.00	709.00	714.00	719.00	715.00	716.00	717.00	716.00	719.00	731.00	738.00	727.00	729.00	714.00	710.00	731.00	735.00	726.00	723.00	726.00	733.00	736.00	738.00	750.00	753.00	745.00	738.00	746.00	742.00	733.00	738.00	740.00	740.00	726.00	732.00	745.00	737.00	740.00	736.00	744.00	739.00	732.00	727.00	730.00	734.00	734.00	740.00	731.00	733.00	722.00	715.00	720.00	737.00	706.00	715.00	722.00	724.00	718.00	733.00	738.00	728.00	741.00	726.00	718.00	727.00	720.00	716.00	714.00	705.00	700.00	699.00	691.00	700.00	709.00	698.00	695.00	681.00	700.00	700.00	705.00	713.00	695.00	691.00	691.00	695.00	685.00	682.00	689.00	693.00	689.00	689.00	695.00	709.00	715.00	721.00	723.00	720.00	722.00	712.00	707.00	717.00	714.00	711.00	713.00	714.00	713.00	723.00	721.00	717.00	714.00	725.00	720.00	719.00	716.00	716.00	713.00	721.00	738.00	740.00	737.00	734.00	738.00	737.00	741.00
687.00	692.00	716.00	707.00	693.00	674.00	663.00	668.00	669.00	668.00	671.00	670.00	664.00	662.00	660.00	662.00	668.00	680.00	664.00	655.00	662.00	658.00	661.00	665.00	684.00	712.00	691.00	672.00	699.00	680.00	663.00	642.00	636.00	664.00	660.00	655.00	666.00	674.00	659.00	667.00	674.00	665.00	656.00	660.00	663.00	667.00	671.00	669.00	662.00	673.00	666.00	658.00	658.00	655.00	651.00	663.00	669.00	657.00	666.00	666.00	675.00	660.00	654.00	656.00	656.00	668.00	666.00	664.00	663.00	683.00	685.00	694.00	692.00	680.00	677.00	681.00	686.00	685.00	688.00	684.00	661.00	669.00	671.00	673.00	689.00	708.00	716.00	737.00	721.00	698.00	680.00	669.00	665.00	667.00	666.00	668.00	699.00	694.00	673.00	666.00	666.00	674.00	673.00	667.00	662.00	690.00	684.00	682.00	676.00	679.00	692.00	701.00	697.00	706.00	702.00	707.00	692.00	707.00	714.00	705.00	700.00	697.00	706.00	696.00	693.00	697.00	700.00	717.00	707.00	699.00	703.00	713.00	717.00	715.00	728.00	722.00	719.00	720.00	722.00	721.00	712.00	745.00	754.00	739.00	723.00	721.00	712.00	718.00	722.00	716.00	735.00	734.00	735.00	735.00	734.00	748.00	745.00	746.00	747.00	734.00	733.00	732.00	740.00	741.00	737.00	732.00	747.00	750.00	749.00	744.00	735.00	747.00	735.00	731.00	721.00	729.00	736.00	725.00	729.00	728.00	720.00	722.00	726.00	739.00	750.00	710.00	712.00	714.00	723.00	731.00	737.00	734.00	729.00	736.00	729.00	721.00	735.00	722.00	719.00	709.00	707.00	711.00	700.00	697.00	710.00	710.00	702.00	703.00	682.00	696.00	704.00	701.00	705.00	703.00	702.00	693.00	710.00	692.00	693.00	695.00	689.00	686.00	686.00	687.00	698.00	699.00	718.00	721.00	727.00	717.00	707.00	702.00	705.00	710.00	716.00	719.00	711.00	717.00	720.00	722.00	719.00	713.00	725.00	726.00	722.00	725.00	720.00	717.00	714.00	726.00	734.00	738.00	728.00	741.00	739.00	735.00
688.00	693.00	709.00	709.00	698.00	682.00	666.00	664.00	669.00	670.00	667.00	681.00	683.00	668.00	664.00	667.00	669.00	686.00	672.00	658.00	659.00	661.00	663.00	666.00	678.00	693.00	684.00	671.00	691.00	694.00	677.00	646.00	636.00	644.00	648.00	650.00	662.00	659.00	655.00	660.00	664.00	658.00	655.00	661.00	667.00	672.00	674.00	666.00	662.00	666.00	657.00	650.00	658.00	646.00	654.00	664.00	662.00	653.00	651.00	660.00	682.00	655.00	657.00	658.00	656.00	663.00	670.00	676.00	675.00	676.00	677.00	695.00	706.00	699.00	690.00	687.00	700.00	697.00	677.00	673.00	674.00	668.00	672.00	678.00	694.00	711.00	698.00	743.00	726.00	713.00	690.00	671.00	666.00	680.00	679.00	674.00	705.00	712.00	696.00	678.00	680.00	684.00	679.00	677.00	671.00	670.00	677.00	684.00	690.00	691.00	694.00	714.00	711.00	697.00	691.00	697.00	693.00	697.00	699.00	701.00	693.00	704.00	710.00	700.00	706.00	712.00	705.00	711.00	711.00	698.00	702.00	719.00	713.00	714.00	715.00	714.00	721.00	714.00	713.00	712.00	711.00	736.00	748.00	735.00	719.00	726.00	717.00	712.00	713.00	725.00	725.00	730.00	735.00	732.00	742.00	737.00	737.00	740.00	742.00	747.00	738.00	741.00	735.00	735.00	733.00	747.00	751.00	746.00	736.00	732.00	736.00	749.00	735.00	740.00	729.00	731.00	733.00	729.00	734.00	728.00	720.00	728.00	733.00	741.00	749.00	710.00	716.00	719.00	725.00	727.00	727.00	739.00	734.00	733.00	729.00	734.00	737.00	732.00	718.00	701.00	703.00	700.00	695.00	696.00	717.00	711.00	701.00	698.00	685.00	700.00	703.00	698.00	702.00	700.00	704.00	697.00	704.00	703.00	713.00	694.00	694.00	689.00	688.00	689.00	696.00	693.00	709.00	722.00	720.00	717.00	714.00	708.00	713.00	711.00	722.00	727.00	711.00	718.00	717.00	719.00	725.00	716.00	722.00	726.00	723.00	732.00	727.00	725.00	717.00	723.00	725.00	722.00	725.00	724.00	727.00	731.00
690.00	684.00	693.00	705.00	692.00	684.00	666.00	663.00	674.00	671.00	666.00	673.00	683.00	674.00	670.00	671.00	675.00	685.00	665.00	663.00	670.00	669.00	670.00	669.00	672.00	674.00	668.00	670.00	705.00	692.00	668.00	648.00	643.00	641.00	665.00	668.00	655.00	652.00	653.00	656.00	659.00	661.00	654.00	662.00	666.00	664.00	663.00	661.00	652.00	649.00	648.00	638.00	655.00	653.00	654.00	653.00	656.00	653.00	664.00	649.00	676.00	653.00	667.00	663.00	668.00	661.00	670.00	681.00	673.00	700.00	690.00	693.00	716.00	720.00	705.00	686.00	700.00	697.00	685.00	679.00	691.00	674.00	673.00	673.00	687.00	689.00	705.00	728.00	731.00	708.00	686.00	680.00	669.00	680.00	681.00	680.00	710.00	716.00	720.00	715.00	712.00	692.00	679.00	684.00	679.00	668.00	686.00	693.00	691.00	698.00	703.00	710.00	705.00	687.00	698.00	707.00	700.00	687.00	703.00	694.00	709.00	706.00	696.00	713.00	720.00	703.00	696.00	701.00	701.00	695.00	694.00	705.00	737.00	724.00	717.00	729.00	717.00	723.00	723.00	714.00	721.00	720.00	728.00	716.00	723.00	721.00	721.00	730.00	717.00	711.00	731.00	735.00	735.00	727.00	740.00	742.00	742.00	744.00	748.00	753.00	739.00	746.00	737.00	741.00	739.00	740.00	745.00	742.00	736.00	728.00	739.00	742.00	742.00	739.00	730.00	736.00	737.00	732.00	731.00	727.00	724.00	731.00	734.00	728.00	735.00	710.00	723.00	723.00	729.00	726.00	721.00	739.00	734.00	742.00	738.00	738.00	722.00	730.00	720.00	702.00	704.00	708.00	698.00	695.00	700.00	708.00	702.00	706.00	688.00	692.00	697.00	700.00	699.00	706.00	703.00	703.00	707.00	703.00	707.00	700.00	707.00	694.00	685.00	693.00	700.00	698.00	698.00	708.00	711.00	722.00	712.00	706.00	706.00	710.00	718.00	719.00	716.00	721.00	717.00	714.00	726.00	723.00	716.00	722.00	723.00	727.00	731.00	728.00	722.00	721.00	720.00	724.00	723.00	728.00	726.00	728.00
679.00	677.00	682.00	685.00	685.00	689.00	663.00	661.00	670.00	683.00	686.00	686.00	692.00	677.00	679.00	694.00	678.00	663.00	659.00	663.00	667.00	670.00	668.00	663.00	676.00	671.00	664.00	670.00	682.00	674.00	673.00	673.00	668.00	637.00	649.00	665.00	650.00	639.00	668.00	669.00	665.00	665.00	653.00	652.00	643.00	651.00	646.00	636.00	654.00	653.00	652.00	643.00	657.00	653.00	652.00	653.00	649.00	666.00	665.00	657.00	658.00	657.00	663.00	664.00	664.00	673.00	660.00	676.00	692.00	701.00	690.00	675.00	685.00	704.00	704.00	687.00	705.00	710.00	689.00	691.00	698.00	707.00	694.00	674.00	668.00	671.00	678.00	685.00	695.00	688.00	692.00	707.00	694.00	686.00	699.00	699.00	694.00	710.00	710.00	731.00	730.00	691.00	709.00	703.00	684.00	676.00	669.00	675.00	681.00	682.00	675.00	682.00	685.00	682.00	680.00	680.00	686.00	688.00	683.00	682.00	686.00	689.00	696.00	699.00	695.00	696.00	695.00	704.00	695.00	694.00	707.00	716.00	714.00	730.00	733.00	720.00	728.00	731.00	725.00	714.00	722.00	733.00	730.00	730.00	740.00	737.00	733.00	721.00	729.00	730.00	716.00	716.00	720.00	729.00	738.00	734.00	738.00	739.00	741.00	747.00	746.00	746.00	740.00	741.00	747.00	746.00	739.00	736.00	734.00	735.00	735.00	730.00	733.00	735.00	720.00	721.00	727.00	737.00	742.00	734.00	736.00	743.00	734.00	738.00	740.00	715.00	727.00	727.00	727.00	723.00	729.00	726.00	733.00	735.00	729.00	740.00	730.00	723.00	717.00	711.00	713.00	709.00	697.00	700.00	728.00	713.00	715.00	704.00	693.00	699.00	717.00	719.00	706.00	710.00	713.00	707.00	713.00	716.00	712.00	701.00	704.00	697.00	680.00	688.00	682.00	690.00	684.00	684.00	694.00	702.00	715.00	709.00	720.00	714.00	711.00	719.00	733.00	730.00	729.00	725.00	739.00	732.00	720.00	722.00	736.00	740.00	750.00	752.00	747.00	717.00	720.00	727.00	726.00	740.00	744.00	728.00
678.00	684.00	685.00	682.00	679.00	682.00	667.00	662.00	669.00	669.00	675.00	679.00	685.00	676.00	688.00	682.00	678.00	669.00	664.00	683.00	675.00	670.00	665.00	662.00	670.00	663.00	663.00	673.00	688.00	682.00	672.00	654.00	656.00	637.00	654.00	669.00	647.00	644.00	659.00	663.00	659.00	657.00	645.00	650.00	645.00	648.00	654.00	641.00	649.00	648.00	649.00	654.00	657.00	660.00	661.00	657.00	661.00	670.00	668.00	667.00	651.00	665.00	673.00	663.00	667.00	687.00	665.00	674.00	684.00	694.00	683.00	687.00	677.00	686.00	692.00	690.00	705.00	696.00	698.00	681.00	694.00	703.00	698.00	692.00	681.00	672.00	673.00	685.00	692.00	702.00	720.00	739.00	692.00	700.00	714.00	697.00	700.00	735.00	718.00	731.00	709.00	704.00	713.00	705.00	684.00	676.00	669.00	678.00	692.00	695.00	693.00	698.00	703.00	688.00	690.00	698.00	712.00	710.00	697.00	703.00	708.00	707.00	687.00	685.00	689.00	688.00	691.00	694.00	692.00	695.00	710.00	717.00	717.00	715.00	715.00	716.00	731.00	724.00	727.00	721.00	729.00	736.00	733.00	722.00	724.00	754.00	732.00	720.00	728.00	733.00	723.00	714.00	713.00	719.00	729.00	735.00	738.00	732.00	742.00	738.00	739.00	749.00	734.00	739.00	741.00	740.00	744.00	747.00	734.00	735.00	735.00	731.00	738.00	727.00	724.00	722.00	733.00	735.00	730.00	728.00	748.00	743.00	726.00	726.00	729.00	722.00	722.00	725.00	728.00	725.00	736.00	733.00	739.00	735.00	738.00	733.00	724.00	722.00	722.00	714.00	717.00	707.00	699.00	704.00	725.00	729.00	704.00	706.00	697.00	693.00	698.00	709.00	712.00	707.00	706.00	710.00	713.00	711.00	709.00	713.00	706.00	700.00	683.00	689.00	690.00	691.00	682.00	692.00	693.00	693.00	694.00	707.00	720.00	721.00	712.00	716.00	724.00	727.00	736.00	732.00	734.00	727.00	726.00	720.00	727.00	742.00	745.00	738.00	746.00	723.00	722.00	719.00	724.00	738.00	735.00	729.00
691.00	687.00	691.00	678.00	674.00	673.00	672.00	665.00	669.00	670.00	667.00	670.00	676.00	676.00	686.00	676.00	672.00	668.00	672.00	692.00	679.00	670.00	664.00	664.00	686.00	670.00	662.00	670.00	681.00	688.00	669.00	646.00	645.00	639.00	655.00	663.00	644.00	639.00	648.00	650.00	651.00	640.00	638.00	645.00	645.00	651.00	656.00	654.00	654.00	659.00	669.00	656.00	662.00	661.00	659.00	659.00	666.00	691.00	683.00	694.00	685.00	694.00	685.00	665.00	668.00	680.00	664.00	672.00	679.00	689.00	690.00	702.00	684.00	677.00	703.00	699.00	703.00	689.00	702.00	689.00	702.00	699.00	691.00	710.00	692.00	678.00	674.00	677.00	689.00	710.00	738.00	767.00	696.00	691.00	719.00	727.00	698.00	728.00	740.00	716.00	701.00	723.00	696.00	684.00	681.00	682.00	673.00	673.00	681.00	681.00	688.00	698.00	698.00	693.00	695.00	696.00	704.00	702.00	691.00	716.00	726.00	720.00	698.00	689.00	683.00	684.00	688.00	702.00	710.00	700.00	701.00	700.00	731.00	725.00	714.00	718.00	722.00	722.00	720.00	722.00	724.00	728.00	717.00	737.00	729.00	741.00	721.00	733.00	744.00	739.00	725.00	726.00	718.00	724.00	720.00	730.00	730.00	734.00	741.00	738.00	741.00	741.00	735.00	735.00	738.00	738.00	743.00	738.00	733.00	734.00	741.00	734.00	731.00	726.00	722.00	722.00	728.00	739.00	734.00	728.00	736.00	734.00	737.00	740.00	724.00	725.00	724.00	731.00	722.00	726.00	734.00	735.00	737.00	729.00	723.00	730.00	732.00	727.00	727.00	717.00	716.00	702.00	712.00	706.00	718.00	718.00	706.00	700.00	697.00	702.00	706.00	695.00	690.00	707.00	711.00	706.00	706.00	716.00	712.00	706.00	705.00	700.00	693.00	689.00	685.00	681.00	684.00	688.00	698.00	692.00	694.00	712.00	726.00	716.00	715.00	713.00	708.00	728.00	734.00	734.00	735.00	733.00	730.00	726.00	729.00	741.00	748.00	746.00	733.00	738.00	731.00	723.00	720.00	733.00	738.00	733.00
693.00	690.00	683.00	685.00	683.00	684.00	675.00	678.00	676.00	669.00	670.00	667.00	670.00	678.00	678.00	678.00	670.00	672.00	682.00	685.00	668.00	662.00	659.00	661.00	678.00	677.00	661.00	669.00	688.00	683.00	666.00	648.00	641.00	640.00	639.00	636.00	641.00	638.00	642.00	640.00	642.00	649.00	643.00	643.00	643.00	659.00	660.00	666.00	659.00	664.00	671.00	667.00	655.00	650.00	660.00	654.00	661.00	668.00	673.00	692.00	698.00	687.00	672.00	672.00	680.00	680.00	664.00	684.00	695.00	692.00	693.00	696.00	682.00	690.00	691.00	703.00	696.00	690.00	707.00	710.00	704.00	697.00	701.00	712.00	693.00	677.00	676.00	674.00	683.00	703.00	732.00	744.00	709.00	727.00	726.00	726.00	718.00	726.00	733.00	726.00	695.00	716.00	690.00	685.00	699.00	690.00	675.00	668.00	673.00	683.00	695.00	698.00	692.00	703.00	695.00	695.00	694.00	698.00	694.00	709.00	718.00	702.00	701.00	702.00	692.00	701.00	700.00	712.00	710.00	700.00	704.00	706.00	720.00	726.00	726.00	720.00	719.00	727.00	742.00	738.00	727.00	732.00	720.00	721.00	728.00	723.00	722.00	741.00	747.00	732.00	728.00	726.00	721.00	738.00	721.00	717.00	720.00	727.00	733.00	735.00	734.00	731.00	732.00	736.00	738.00	736.00	744.00	740.00	744.00	736.00	736.00	740.00	737.00	739.00	721.00	728.00	733.00	732.00	725.00	731.00	735.00	729.00	726.00	726.00	717.00	721.00	718.00	732.00	725.00	723.00	732.00	735.00	736.00	731.00	728.00	741.00	744.00	736.00	732.00	725.00	717.00	707.00	712.00	715.00	716.00	712.00	715.00	714.00	698.00	706.00	722.00	706.00	701.00	709.00	712.00	707.00	711.00	718.00	714.00	717.00	710.00	712.00	694.00	691.00	689.00	685.00	680.00	685.00	695.00	687.00	690.00	700.00	705.00	708.00	711.00	713.00	717.00	721.00	728.00	732.00	737.00	740.00	731.00	731.00	734.00	734.00	740.00	747.00	742.00	732.00	727.00	722.00	720.00	734.00	746.00	747.00
700.00	693.00	694.00	704.00	711.00	701.00	678.00	690.00	686.00	679.00	687.00	677.00	671.00	672.00	689.00	686.00	684.00	693.00	679.00	688.00	662.00	665.00	678.00	679.00	656.00	661.00	660.00	655.00	664.00	652.00	648.00	644.00	641.00	640.00	643.00	639.00	649.00	664.00	637.00	642.00	642.00	644.00	645.00	653.00	658.00	657.00	663.00	681.00	668.00	674.00	667.00	675.00	683.00	669.00	671.00	685.00	671.00	692.00	709.00	694.00	684.00	681.00	687.00	707.00	694.00	684.00	670.00	677.00	673.00	697.00	690.00	697.00	693.00	695.00	674.00	680.00	696.00	698.00	713.00	703.00	696.00	702.00	695.00	706.00	687.00	704.00	708.00	683.00	681.00	687.00	693.00	704.00	742.00	755.00	762.00	751.00	741.00	744.00	721.00	703.00	693.00	695.00	697.00	715.00	699.00	688.00	694.00	690.00	679.00	670.00	689.00	692.00	698.00	695.00	688.00	689.00	691.00	699.00	706.00	697.00	714.00	726.00	693.00	705.00	708.00	709.00	703.00	698.00	694.00	714.00	713.00	708.00	712.00	728.00	723.00	729.00	717.00	720.00	721.00	713.00	723.00	725.00	724.00	728.00	738.00	728.00	727.00	735.00	744.00	732.00	746.00	732.00	724.00	730.00	728.00	733.00	731.00	731.00	735.00	740.00	737.00	734.00	739.00	745.00	741.00	740.00	730.00	735.00	745.00	740.00	749.00	739.00	734.00	736.00	730.00	735.00	737.00	734.00	730.00	730.00	730.00	719.00	718.00	719.00	729.00	724.00	726.00	722.00	733.00	748.00	735.00	739.00	739.00	737.00	735.00	727.00	722.00	722.00	723.00	721.00	720.00	710.00	717.00	719.00	728.00	722.00	726.00	716.00	707.00	697.00	699.00	709.00	716.00	706.00	698.00	706.00	716.00	719.00	717.00	715.00	714.00	712.00	701.00	701.00	706.00	700.00	683.00	693.00	693.00	683.00	680.00	689.00	690.00	702.00	711.00	716.00	717.00	717.00	718.00	725.00	737.00	742.00	746.00	743.00	745.00	745.00	742.00	754.00	755.00	738.00	736.00	739.00	741.00	728.00	736.00	738.00
699.00	693.00	694.00	702.00	704.00	695.00	697.00	693.00	693.00	693.00	704.00	670.00	677.00	673.00	671.00	681.00	683.00	682.00	673.00	677.00	663.00	670.00	682.00	676.00	658.00	676.00	675.00	664.00	657.00	647.00	649.00	648.00	651.00	647.00	639.00	642.00	649.00	662.00	645.00	647.00	657.00	652.00	652.00	648.00	653.00	650.00	657.00	679.00	672.00	674.00	674.00	698.00	705.00	690.00	697.00	681.00	689.00	695.00	705.00	695.00	704.00	704.00	693.00	697.00	682.00	683.00	677.00	699.00	698.00	680.00	696.00	711.00	717.00	718.00	684.00	691.00	690.00	705.00	705.00	711.00	699.00	709.00	708.00	704.00	684.00	705.00	699.00	708.00	699.00	691.00	705.00	722.00	750.00	747.00	733.00	737.00	717.00	747.00	740.00	693.00	703.00	712.00	719.00	719.00	707.00	705.00	702.00	697.00	681.00	677.00	681.00	703.00	694.00	680.00	692.00	706.00	703.00	711.00	707.00	701.00	716.00	732.00	694.00	694.00	704.00	708.00	695.00	709.00	696.00	700.00	706.00	729.00	715.00	731.00	724.00	718.00	722.00	744.00	719.00	705.00	711.00	726.00	724.00	720.00	725.00	734.00	728.00	733.00	729.00	729.00	731.00	728.00	728.00	734.00	734.00	734.00	737.00	737.00	729.00	741.00	745.00	742.00	735.00	744.00	744.00	748.00	738.00	741.00	740.00	748.00	746.00	742.00	741.00	735.00	732.00	736.00	736.00	733.00	722.00	729.00	730.00	725.00	723.00	730.00	724.00	718.00	726.00	727.00	730.00	742.00	741.00	734.00	738.00	737.00	739.00	729.00	716.00	715.00	719.00	720.00	715.00	707.00	714.00	717.00	725.00	724.00	710.00	712.00	704.00	698.00	698.00	697.00	714.00	714.00	718.00	703.00	716.00	714.00	711.00	717.00	719.00	708.00	700.00	708.00	705.00	700.00	683.00	694.00	694.00	685.00	681.00	685.00	692.00	701.00	705.00	706.00	707.00	722.00	721.00	723.00	735.00	739.00	751.00	741.00	743.00	747.00	750.00	759.00	739.00	733.00	734.00	740.00	746.00	726.00	733.00	740.00
708.00	693.00	699.00	692.00	692.00	685.00	693.00	693.00	697.00	702.00	702.00	681.00	677.00	672.00	674.00	678.00	680.00	677.00	674.00	672.00	679.00	670.00	676.00	672.00	665.00	684.00	669.00	658.00	672.00	653.00	659.00	650.00	658.00	655.00	642.00	644.00	654.00	659.00	653.00	652.00	658.00	664.00	656.00	658.00	660.00	651.00	652.00	661.00	664.00	669.00	681.00	690.00	702.00	700.00	695.00	681.00	698.00	694.00	684.00	692.00	691.00	701.00	710.00	688.00	689.00	669.00	680.00	700.00	705.00	681.00	695.00	698.00	710.00	709.00	689.00	707.00	709.00	709.00	701.00	701.00	702.00	705.00	713.00	690.00	680.00	685.00	704.00	729.00	713.00	698.00	711.00	720.00	748.00	758.00	757.00	738.00	703.00	707.00	715.00	718.00	695.00	715.00	732.00	737.00	732.00	692.00	685.00	680.00	683.00	683.00	674.00	693.00	684.00	687.00	705.00	716.00	705.00	708.00	717.00	718.00	722.00	719.00	704.00	715.00	716.00	706.00	705.00	707.00	709.00	719.00	722.00	729.00	715.00	724.00	723.00	718.00	730.00	739.00	740.00	714.00	709.00	728.00	709.00	716.00	711.00	728.00	737.00	742.00	746.00	735.00	735.00	744.00	731.00	729.00	729.00	736.00	734.00	738.00	728.00	737.00	738.00	744.00	742.00	742.00	742.00	750.00	740.00	740.00	748.00	737.00	743.00	739.00	743.00	737.00	741.00	742.00	738.00	734.00	732.00	738.00	731.00	734.00	730.00	732.00	717.00	727.00	727.00	728.00	734.00	743.00	741.00	735.00	735.00	731.00	737.00	720.00	714.00	719.00	727.00	731.00	724.00	710.00	715.00	722.00	727.00	724.00	711.00	702.00	718.00	702.00	697.00	696.00	698.00	718.00	722.00	708.00	709.00	718.00	707.00	718.00	719.00	714.00	704.00	710.00	709.00	703.00	684.00	688.00	692.00	685.00	690.00	684.00	690.00	695.00	697.00	702.00	710.00	726.00	726.00	733.00	731.00	729.00	730.00	731.00	740.00	748.00	750.00	745.00	737.00	744.00	746.00	743.00	736.00	726.00	732.00	735.00
702.00	703.00	692.00	684.00	689.00	682.00	694.00	703.00	702.00	692.00	688.00	686.00	687.00	687.00	682.00	677.00	687.00	705.00	700.00	683.00	684.00	685.00	675.00	666.00	673.00	686.00	674.00	665.00	662.00	679.00	692.00	684.00	660.00	651.00	643.00	644.00	643.00	659.00	676.00	676.00	661.00	655.00	681.00	682.00	678.00	672.00	664.00	656.00	664.00	665.00	666.00	665.00	669.00	675.00	678.00	686.00	672.00	677.00	695.00	697.00	697.00	679.00	676.00	684.00	684.00	678.00	700.00	695.00	693.00	700.00	683.00	674.00	691.00	708.00	708.00	691.00	702.00	706.00	706.00	701.00	711.00	707.00	700.00	692.00	695.00	685.00	687.00	720.00	710.00	718.00	728.00	717.00	714.00	730.00	726.00	730.00	740.00	753.00	731.00	696.00	703.00	721.00	730.00	735.00	704.00	712.00	704.00	689.00	689.00	708.00	678.00	679.00	686.00	695.00	686.00	681.00	684.00	693.00	690.00	690.00	695.00	708.00	718.00	712.00	709.00	692.00	702.00	723.00	711.00	697.00	700.00	715.00	712.00	713.00	712.00	727.00	739.00	715.00	723.00	715.00	706.00	708.00	706.00	714.00	729.00	727.00	725.00	733.00	732.00	734.00	745.00	749.00	752.00	739.00	740.00	741.00	731.00	734.00	733.00	741.00	741.00	744.00	746.00	748.00	747.00	746.00	738.00	744.00	754.00	747.00	746.00	749.00	748.00	744.00	737.00	736.00	736.00	733.00	742.00	738.00	742.00	741.00	737.00	726.00	721.00	725.00	730.00	731.00	738.00	739.00	733.00	733.00	738.00	731.00	727.00	719.00	727.00	728.00	727.00	732.00	718.00	715.00	728.00	726.00	722.00	720.00	713.00	719.00	715.00	709.00	709.00	696.00	695.00	710.00	711.00	721.00	710.00	721.00	712.00	718.00	718.00	720.00	714.00	719.00	713.00	699.00	702.00	710.00	711.00	707.00	705.00	697.00	696.00	689.00	693.00	695.00	705.00	735.00	729.00	746.00	756.00	747.00	739.00	740.00	733.00	743.00	758.00	753.00	754.00	742.00	741.00	743.00	740.00	736.00	746.00	755.00
713.00	704.00	701.00	704.00	691.00	697.00	691.00	700.00	696.00	699.00	702.00	689.00	691.00	693.00	699.00	686.00	679.00	671.00	678.00	685.00	687.00	699.00	685.00	681.00	685.00	672.00	665.00	676.00	676.00	682.00	676.00	662.00	671.00	664.00	650.00	647.00	644.00	642.00	662.00	675.00	672.00	671.00	677.00	671.00	666.00	662.00	659.00	661.00	682.00	688.00	696.00	670.00	692.00	698.00	687.00	689.00	687.00	714.00	711.00	676.00	675.00	676.00	682.00	679.00	683.00	676.00	688.00	690.00	687.00	701.00	702.00	703.00	681.00	692.00	708.00	692.00	704.00	713.00	704.00	698.00	706.00	690.00	689.00	717.00	735.00	711.00	690.00	702.00	693.00	708.00	714.00	734.00	711.00	709.00	717.00	732.00	738.00	720.00	719.00	703.00	704.00	719.00	735.00	717.00	736.00	708.00	694.00	696.00	698.00	713.00	691.00	673.00	672.00	680.00	711.00	706.00	701.00	700.00	694.00	697.00	713.00	704.00	695.00	706.00	689.00	699.00	714.00	699.00	704.00	722.00	729.00	727.00	721.00	713.00	724.00	722.00	719.00	722.00	716.00	724.00	704.00	709.00	711.00	717.00	739.00	723.00	727.00	725.00	737.00	733.00	734.00	725.00	718.00	718.00	739.00	746.00	742.00	741.00	736.00	734.00	736.00	744.00	756.00	743.00	752.00	750.00	759.00	760.00	749.00	755.00	754.00	749.00	741.00	737.00	742.00	735.00	737.00	748.00	744.00	739.00	747.00	728.00	724.00	730.00	726.00	729.00	723.00	729.00	732.00	734.00	747.00	736.00	733.00	734.00	726.00	731.00	736.00	728.00	726.00	719.00	714.00	723.00	732.00	737.00	725.00	723.00	738.00	735.00	722.00	715.00	716.00	709.00	696.00	701.00	706.00	708.00	711.00	706.00	713.00	717.00	718.00	714.00	719.00	720.00	710.00	707.00	716.00	715.00	709.00	706.00	705.00	709.00	708.00	698.00	697.00	694.00	694.00	709.00	714.00	725.00	744.00	751.00	743.00	745.00	747.00	740.00	746.00	751.00	755.00	751.00	742.00	744.00	745.00	734.00	733.00	741.00
711.00	714.00	710.00	704.00	692.00	703.00	697.00	699.00	702.00	704.00	704.00	705.00	703.00	701.00	694.00	680.00	679.00	673.00	681.00	678.00	690.00	714.00	707.00	679.00	699.00	691.00	672.00	664.00	676.00	679.00	670.00	670.00	672.00	654.00	663.00	659.00	647.00	645.00	649.00	662.00	679.00	688.00	669.00	664.00	664.00	661.00	672.00	659.00	676.00	693.00	684.00	674.00	700.00	707.00	691.00	702.00	687.00	687.00	695.00	679.00	677.00	672.00	671.00	671.00	680.00	678.00	677.00	686.00	687.00	719.00	722.00	700.00	687.00	708.00	692.00	683.00	697.00	711.00	696.00	698.00	694.00	695.00	694.00	714.00	727.00	713.00	691.00	716.00	719.00	695.00	719.00	734.00	713.00	730.00	737.00	735.00	746.00	712.00	728.00	712.00	714.00	721.00	733.00	720.00	729.00	706.00	695.00	712.00	707.00	708.00	681.00	680.00	677.00	677.00	706.00	699.00	689.00	691.00	699.00	714.00	720.00	701.00	712.00	693.00	704.00	716.00	709.00	697.00	720.00	718.00	711.00	701.00	709.00	710.00	716.00	723.00	715.00	706.00	721.00	715.00	705.00	718.00	709.00	729.00	741.00	711.00	726.00	742.00	736.00	730.00	727.00	733.00	744.00	738.00	741.00	738.00	738.00	739.00	742.00	737.00	735.00	734.00	740.00	747.00	756.00	750.00	749.00	752.00	754.00	755.00	751.00	756.00	746.00	744.00	734.00	736.00	743.00	756.00	746.00	741.00	743.00	720.00	735.00	728.00	726.00	728.00	720.00	724.00	731.00	735.00	738.00	732.00	729.00	731.00	731.00	734.00	730.00	729.00	723.00	719.00	724.00	729.00	727.00	733.00	726.00	728.00	734.00	721.00	730.00	711.00	712.00	706.00	698.00	698.00	699.00	711.00	710.00	707.00	711.00	720.00	720.00	718.00	722.00	720.00	713.00	716.00	720.00	718.00	723.00	720.00	710.00	714.00	705.00	697.00	691.00	698.00	697.00	714.00	717.00	721.00	729.00	738.00	746.00	742.00	749.00	747.00	741.00	741.00	751.00	750.00	745.00	738.00	737.00	734.00	734.00	737.00
716.00	719.00	705.00	695.00	694.00	698.00	699.00	691.00	699.00	703.00	696.00	699.00	701.00	697.00	688.00	684.00	681.00	677.00	676.00	683.00	705.00	710.00	703.00	679.00	681.00	672.00	663.00	669.00	668.00	672.00	678.00	661.00	661.00	668.00	664.00	662.00	658.00	647.00	647.00	655.00	662.00	670.00	669.00	667.00	674.00	677.00	687.00	663.00	670.00	680.00	675.00	675.00	684.00	699.00	701.00	701.00	687.00	694.00	689.00	686.00	687.00	689.00	672.00	675.00	675.00	681.00	682.00	695.00	689.00	701.00	710.00	703.00	687.00	710.00	695.00	684.00	686.00	688.00	709.00	708.00	704.00	708.00	690.00	709.00	705.00	697.00	688.00	704.00	718.00	718.00	705.00	720.00	716.00	734.00	735.00	735.00	727.00	718.00	717.00	718.00	723.00	729.00	739.00	719.00	715.00	700.00	697.00	716.00	694.00	685.00	700.00	684.00	683.00	683.00	687.00	689.00	698.00	703.00	693.00	708.00	706.00	688.00	705.00	694.00	717.00	711.00	688.00	696.00	716.00	724.00	712.00	710.00	709.00	710.00	725.00	718.00	726.00	710.00	716.00	704.00	711.00	707.00	720.00	719.00	735.00	716.00	740.00	742.00	731.00	737.00	722.00	737.00	740.00	728.00	727.00	732.00	741.00	743.00	737.00	734.00	738.00	739.00	739.00	753.00	751.00	743.00	751.00	747.00	748.00	746.00	746.00	750.00	753.00	738.00	750.00	742.00	755.00	748.00	746.00	742.00	738.00	729.00	732.00	731.00	727.00	736.00	723.00	723.00	725.00	729.00	740.00	747.00	742.00	734.00	727.00	735.00	728.00	730.00	726.00	728.00	731.00	730.00	727.00	728.00	723.00	722.00	725.00	734.00	715.00	713.00	721.00	711.00	707.00	699.00	702.00	712.00	717.00	704.00	713.00	716.00	717.00	712.00	721.00	725.00	718.00	718.00	720.00	725.00	722.00	714.00	716.00	713.00	702.00	697.00	683.00	695.00	698.00	721.00	714.00	716.00	728.00	732.00	742.00	750.00	752.00	751.00	747.00	749.00	748.00	755.00	753.00	743.00	745.00	739.00	736.00	736.00
713.00	708.00	707.00	701.00	706.00	696.00	703.00	700.00	698.00	705.00	704.00	702.00	703.00	698.00	689.00	688.00	697.00	675.00	681.00	686.00	698.00	685.00	679.00	671.00	671.00	663.00	670.00	691.00	658.00	681.00	669.00	664.00	675.00	680.00	661.00	656.00	659.00	647.00	666.00	667.00	659.00	661.00	678.00	682.00	686.00	682.00	680.00	665.00	678.00	671.00	673.00	674.00	675.00	679.00	683.00	687.00	686.00	691.00	688.00	690.00	681.00	686.00	674.00	674.00	681.00	674.00	681.00	700.00	695.00	682.00	683.00	683.00	690.00	706.00	689.00	687.00	688.00	687.00	714.00	725.00	724.00	707.00	689.00	693.00	688.00	688.00	684.00	695.00	707.00	729.00	710.00	697.00	713.00	728.00	737.00	740.00	745.00	740.00	727.00	734.00	725.00	742.00	778.00	744.00	728.00	727.00	735.00	742.00	726.00	694.00	711.00	683.00	679.00	682.00	678.00	689.00	684.00	683.00	693.00	690.00	686.00	692.00	699.00	711.00	714.00	701.00	687.00	713.00	724.00	726.00	706.00	707.00	705.00	729.00	722.00	707.00	721.00	700.00	700.00	704.00	705.00	717.00	729.00	713.00	736.00	718.00	736.00	729.00	722.00	717.00	735.00	745.00	738.00	730.00	733.00	741.00	733.00	729.00	732.00	732.00	738.00	743.00	747.00	750.00	755.00	741.00	743.00	749.00	750.00	743.00	748.00	753.00	748.00	745.00	753.00	749.00	757.00	757.00	748.00	744.00	751.00	730.00	727.00	739.00	735.00	730.00	736.00	729.00	726.00	738.00	740.00	743.00	739.00	729.00	733.00	730.00	726.00	720.00	725.00	735.00	731.00	736.00	730.00	734.00	735.00	730.00	732.00	728.00	718.00	722.00	718.00	715.00	712.00	704.00	705.00	722.00	718.00	707.00	710.00	711.00	717.00	719.00	726.00	727.00	724.00	716.00	719.00	722.00	719.00	717.00	716.00	715.00	712.00	697.00	687.00	691.00	700.00	712.00	717.00	721.00	730.00	742.00	745.00	757.00	759.00	752.00	753.00	769.00	744.00	751.00	752.00	747.00	744.00	741.00	743.00	747.00
691.00	709.00	700.00	706.00	717.00	728.00	711.00	704.00	697.00	705.00	720.00	708.00	695.00	698.00	703.00	697.00	686.00	680.00	691.00	688.00	679.00	691.00	678.00	690.00	709.00	707.00	711.00	700.00	671.00	661.00	664.00	661.00	667.00	658.00	651.00	656.00	661.00	658.00	651.00	654.00	666.00	678.00	659.00	659.00	658.00	666.00	668.00	667.00	667.00	675.00	691.00	687.00	686.00	674.00	693.00	694.00	687.00	682.00	681.00	690.00	677.00	677.00	685.00	686.00	686.00	695.00	680.00	683.00	682.00	713.00	702.00	710.00	705.00	691.00	707.00	698.00	704.00	710.00	690.00	695.00	700.00	694.00	696.00	698.00	694.00	694.00	686.00	702.00	715.00	711.00	701.00	710.00	723.00	713.00	713.00	725.00	722.00	720.00	726.00	729.00	729.00	737.00	760.00	822.00	773.00	725.00	710.00	696.00	719.00	714.00	685.00	703.00	708.00	694.00	687.00	690.00	677.00	681.00	678.00	668.00	672.00	670.00	673.00	712.00	684.00	686.00	702.00	714.00	692.00	707.00	692.00	698.00	710.00	706.00	731.00	720.00	715.00	714.00	721.00	721.00	713.00	744.00	724.00	735.00	720.00	715.00	717.00	717.00	732.00	737.00	743.00	740.00	748.00	738.00	726.00	719.00	723.00	732.00	738.00	740.00	745.00	741.00	741.00	744.00	746.00	741.00	744.00	742.00	751.00	747.00	742.00	744.00	755.00	753.00	751.00	755.00	757.00	764.00	751.00	743.00	744.00	730.00	735.00	738.00	734.00	733.00	741.00	728.00	727.00	731.00	744.00	735.00	739.00	737.00	743.00	731.00	727.00	728.00	736.00	745.00	739.00	742.00	738.00	731.00	741.00	743.00	724.00	733.00	727.00	729.00	719.00	729.00	727.00	710.00	704.00	711.00	717.00	718.00	716.00	711.00	716.00	724.00	730.00	728.00	730.00	730.00	722.00	721.00	723.00	725.00	726.00	718.00	709.00	713.00	707.00	694.00	696.00	715.00	714.00	714.00	729.00	736.00	741.00	748.00	762.00	739.00	730.00	743.00	756.00	763.00	755.00	759.00	755.00	753.00	748.00	749.00
694.00	696.00	698.00	716.00	728.00	716.00	717.00	702.00	700.00	702.00	716.00	703.00	710.00	715.00	713.00	695.00	686.00	682.00	684.00	681.00	687.00	698.00	681.00	688.00	684.00	691.00	687.00	675.00	667.00	655.00	656.00	657.00	655.00	664.00	666.00	664.00	656.00	660.00	650.00	651.00	653.00	659.00	660.00	667.00	671.00	673.00	674.00	678.00	670.00	668.00	667.00	670.00	684.00	677.00	681.00	680.00	686.00	681.00	685.00	683.00	685.00	682.00	682.00	677.00	679.00	684.00	683.00	690.00	689.00	702.00	703.00	725.00	718.00	700.00	695.00	692.00	692.00	699.00	691.00	701.00	697.00	693.00	704.00	697.00	687.00	681.00	684.00	709.00	706.00	700.00	708.00	715.00	702.00	709.00	715.00	720.00	740.00	741.00	737.00	724.00	729.00	748.00	745.00	811.00	818.00	748.00	734.00	707.00	700.00	690.00	688.00	708.00	708.00	689.00	697.00	697.00	681.00	685.00	682.00	684.00	682.00	684.00	678.00	688.00	683.00	687.00	688.00	702.00	686.00	689.00	698.00	704.00	718.00	707.00	709.00	699.00	725.00	716.00	716.00	719.00	705.00	745.00	729.00	729.00	705.00	731.00	725.00	722.00	736.00	739.00	737.00	731.00	738.00	717.00	733.00	729.00	736.00	733.00	738.00	746.00	759.00	740.00	737.00	751.00	741.00	743.00	742.00	748.00	750.00	745.00	741.00	747.00	755.00	754.00	753.00	745.00	757.00	763.00	756.00	742.00	735.00	731.00	738.00	734.00	730.00	733.00	732.00	734.00	732.00	735.00	743.00	742.00	744.00	742.00	738.00	731.00	728.00	729.00	738.00	743.00	738.00	734.00	737.00	734.00	733.00	730.00	735.00	732.00	726.00	727.00	727.00	723.00	723.00	711.00	698.00	717.00	724.00	726.00	729.00	710.00	713.00	722.00	722.00	720.00	726.00	727.00	725.00	723.00	728.00	729.00	732.00	726.00	711.00	716.00	714.00	699.00	696.00	709.00	710.00	708.00	723.00	731.00	734.00	739.00	747.00	727.00	727.00	729.00	756.00	748.00	743.00	750.00	761.00	750.00	757.00	762.00
709.00	691.00	698.00	726.00	734.00	717.00	706.00	702.00	705.00	705.00	703.00	703.00	713.00	723.00	717.00	694.00	688.00	695.00	707.00	701.00	688.00	694.00	688.00	688.00	682.00	678.00	670.00	664.00	671.00	670.00	665.00	658.00	664.00	683.00	680.00	666.00	659.00	665.00	650.00	652.00	652.00	652.00	675.00	674.00	671.00	661.00	660.00	683.00	673.00	669.00	675.00	670.00	684.00	685.00	679.00	673.00	679.00	678.00	673.00	671.00	681.00	683.00	685.00	682.00	679.00	702.00	706.00	694.00	682.00	694.00	710.00	718.00	699.00	687.00	695.00	687.00	694.00	701.00	702.00	712.00	718.00	710.00	689.00	690.00	696.00	684.00	687.00	708.00	698.00	700.00	712.00	722.00	704.00	713.00	733.00	737.00	748.00	755.00	739.00	735.00	741.00	788.00	758.00	804.00	805.00	748.00	735.00	704.00	712.00	699.00	694.00	695.00	688.00	688.00	687.00	688.00	686.00	684.00	698.00	688.00	694.00	699.00	679.00	677.00	680.00	680.00	675.00	682.00	687.00	704.00	713.00	706.00	712.00	712.00	692.00	699.00	725.00	708.00	713.00	709.00	705.00	732.00	743.00	703.00	716.00	715.00	729.00	735.00	727.00	717.00	720.00	740.00	721.00	719.00	740.00	730.00	735.00	728.00	737.00	737.00	751.00	741.00	744.00	753.00	743.00	764.00	756.00	759.00	749.00	744.00	748.00	748.00	753.00	752.00	748.00	748.00	756.00	750.00	747.00	743.00	739.00	733.00	733.00	735.00	730.00	740.00	729.00	740.00	741.00	744.00	741.00	739.00	750.00	749.00	749.00	739.00	733.00	737.00	744.00	743.00	744.00	732.00	726.00	726.00	737.00	735.00	738.00	736.00	729.00	724.00	724.00	709.00	709.00	708.00	701.00	721.00	721.00	721.00	730.00	727.00	711.00	721.00	727.00	727.00	731.00	732.00	732.00	733.00	734.00	730.00	727.00	716.00	710.00	715.00	713.00	715.00	710.00	696.00	701.00	709.00	728.00	731.00	733.00	742.00	749.00	729.00	721.00	726.00	731.00	741.00	732.00	743.00	755.00	768.00	764.00	756.00
715.00	700.00	701.00	723.00	730.00	722.00	709.00	720.00	707.00	704.00	702.00	710.00	709.00	716.00	709.00	687.00	688.00	698.00	712.00	704.00	691.00	693.00	686.00	691.00	695.00	674.00	673.00	676.00	684.00	672.00	660.00	663.00	687.00	690.00	678.00	661.00	664.00	666.00	650.00	649.00	655.00	648.00	681.00	660.00	659.00	658.00	666.00	662.00	672.00	681.00	679.00	677.00	679.00	670.00	671.00	684.00	682.00	675.00	673.00	677.00	674.00	678.00	685.00	681.00	679.00	693.00	702.00	696.00	687.00	690.00	701.00	701.00	692.00	683.00	692.00	682.00	699.00	710.00	693.00	701.00	714.00	710.00	702.00	703.00	707.00	687.00	689.00	704.00	697.00	706.00	714.00	723.00	702.00	710.00	723.00	746.00	738.00	747.00	762.00	754.00	764.00	788.00	786.00	802.00	800.00	743.00	710.00	706.00	732.00	719.00	708.00	697.00	703.00	706.00	688.00	697.00	702.00	685.00	692.00	690.00	697.00	704.00	680.00	677.00	680.00	675.00	673.00	678.00	700.00	712.00	717.00	713.00	711.00	697.00	700.00	707.00	708.00	712.00	712.00	699.00	723.00	733.00	732.00	712.00	730.00	724.00	735.00	720.00	706.00	728.00	717.00	727.00	712.00	722.00	721.00	731.00	738.00	726.00	734.00	736.00	751.00	738.00	738.00	741.00	743.00	750.00	746.00	745.00	739.00	752.00	759.00	755.00	754.00	753.00	757.00	752.00	745.00	747.00	738.00	742.00	744.00	739.00	735.00	740.00	743.00	734.00	740.00	733.00	740.00	744.00	740.00	743.00	750.00	744.00	739.00	735.00	740.00	736.00	749.00	737.00	733.00	726.00	727.00	731.00	725.00	735.00	736.00	729.00	726.00	714.00	708.00	701.00	702.00	704.00	702.00	715.00	725.00	724.00	723.00	730.00	719.00	715.00	722.00	721.00	730.00	734.00	737.00	739.00	731.00	726.00	722.00	715.00	713.00	717.00	718.00	719.00	712.00	704.00	700.00	705.00	730.00	738.00	732.00	734.00	727.00	724.00	716.00	714.00	725.00	726.00	727.00	736.00	739.00	771.00	766.00	759.00
702.00	695.00	691.00	696.00	704.00	714.00	723.00	719.00	716.00	723.00	707.00	711.00	705.00	696.00	692.00	689.00	692.00	709.00	694.00	680.00	708.00	692.00	684.00	680.00	680.00	682.00	704.00	697.00	692.00	661.00	668.00	689.00	686.00	667.00	663.00	666.00	675.00	675.00	679.00	655.00	653.00	651.00	651.00	667.00	676.00	665.00	654.00	678.00	669.00	666.00	678.00	667.00	668.00	667.00	666.00	669.00	676.00	684.00	706.00	700.00	681.00	674.00	687.00	699.00	678.00	683.00	676.00	681.00	687.00	694.00	690.00	685.00	685.00	695.00	683.00	686.00	689.00	684.00	705.00	695.00	700.00	705.00	710.00	687.00	689.00	700.00	687.00	691.00	691.00	699.00	714.00	697.00	722.00	733.00	730.00	712.00	765.00	767.00	766.00	772.00	766.00	768.00	768.00	754.00	756.00	705.00	702.00	714.00	722.00	733.00	706.00	716.00	712.00	696.00	692.00	698.00	700.00	691.00	686.00	706.00	717.00	702.00	703.00	687.00	688.00	689.00	699.00	677.00	681.00	688.00	683.00	691.00	688.00	682.00	679.00	683.00	688.00	703.00	695.00	707.00	719.00	698.00	717.00	743.00	741.00	726.00	709.00	709.00	726.00	718.00	706.00	718.00	724.00	730.00	737.00	730.00	726.00	724.00	742.00	720.00	726.00	729.00	737.00	734.00	735.00	742.00	743.00	738.00	732.00	744.00	749.00	750.00	749.00	747.00	750.00	753.00	750.00	740.00	745.00	751.00	750.00	747.00	745.00	736.00	744.00	754.00	736.00	741.00	740.00	736.00	741.00	741.00	747.00	745.00	746.00	740.00	735.00	734.00	727.00	727.00	733.00	740.00	734.00	731.00	714.00	711.00	716.00	719.00	727.00	718.00	717.00	724.00	714.00	703.00	709.00	718.00	714.00	728.00	726.00	722.00	723.00	718.00	714.00	718.00	728.00	731.00	734.00	746.00	741.00	730.00	727.00	720.00	727.00	725.00	723.00	724.00	722.00	715.00	718.00	702.00	711.00	711.00	727.00	708.00	709.00	709.00	709.00	710.00	719.00	719.00	728.00	730.00	734.00	756.00	766.00	767.00
693.00	699.00	706.00	697.00	694.00	716.00	713.00	722.00	729.00	719.00	700.00	712.00	689.00	689.00	691.00	687.00	693.00	694.00	691.00	679.00	696.00	686.00	685.00	676.00	701.00	696.00	687.00	685.00	683.00	659.00	678.00	700.00	683.00	676.00	669.00	666.00	668.00	680.00	671.00	658.00	659.00	652.00	657.00	663.00	669.00	655.00	656.00	690.00	679.00	686.00	664.00	679.00	670.00	660.00	676.00	685.00	692.00	713.00	707.00	685.00	690.00	679.00	683.00	689.00	684.00	694.00	691.00	701.00	693.00	691.00	707.00	701.00	691.00	679.00	678.00	705.00	707.00	691.00	697.00	704.00	698.00	705.00	701.00	698.00	693.00	701.00	691.00	687.00	688.00	694.00	712.00	693.00	723.00	737.00	734.00	727.00	756.00	756.00	738.00	756.00	764.00	743.00	747.00	741.00	731.00	698.00	701.00	710.00	710.00	717.00	716.00	698.00	695.00	686.00	694.00	708.00	706.00	690.00	690.00	690.00	705.00	720.00	716.00	695.00	701.00	687.00	702.00	689.00	679.00	681.00	679.00	683.00	685.00	681.00	693.00	687.00	689.00	684.00	687.00	694.00	700.00	702.00	722.00	722.00	717.00	709.00	703.00	711.00	714.00	705.00	710.00	721.00	714.00	712.00	725.00	727.00	714.00	730.00	737.00	731.00	733.00	752.00	744.00	742.00	756.00	754.00	738.00	735.00	741.00	755.00	758.00	758.00	750.00	740.00	747.00	747.00	752.00	745.00	751.00	752.00	745.00	744.00	748.00	736.00	739.00	742.00	736.00	736.00	739.00	740.00	741.00	743.00	738.00	743.00	742.00	735.00	727.00	732.00	726.00	723.00	730.00	732.00	732.00	731.00	726.00	716.00	721.00	724.00	717.00	728.00	720.00	722.00	713.00	706.00	718.00	718.00	724.00	729.00	728.00	723.00	721.00	717.00	719.00	720.00	733.00	727.00	734.00	734.00	739.00	731.00	735.00	725.00	731.00	723.00	722.00	726.00	718.00	717.00	716.00	706.00	704.00	700.00	704.00	708.00	701.00	702.00	707.00	706.00	709.00	720.00	722.00	726.00	732.00	753.00	759.00	752.00
691.00	692.00	694.00	692.00	700.00	705.00	715.00	705.00	700.00	691.00	698.00	695.00	705.00	704.00	690.00	687.00	684.00	707.00	718.00	697.00	703.00	700.00	691.00	691.00	687.00	687.00	670.00	669.00	659.00	680.00	666.00	682.00	669.00	692.00	670.00	688.00	694.00	696.00	662.00	675.00	679.00	663.00	658.00	666.00	662.00	658.00	652.00	665.00	671.00	670.00	669.00	679.00	690.00	668.00	685.00	691.00	675.00	686.00	681.00	704.00	698.00	675.00	684.00	713.00	690.00	701.00	687.00	686.00	683.00	673.00	679.00	681.00	678.00	673.00	701.00	692.00	694.00	697.00	683.00	702.00	713.00	699.00	693.00	702.00	700.00	693.00	708.00	703.00	711.00	699.00	692.00	696.00	703.00	708.00	720.00	733.00	737.00	748.00	757.00	737.00	735.00	722.00	713.00	712.00	717.00	715.00	736.00	712.00	736.00	719.00	731.00	698.00	699.00	707.00	704.00	702.00	692.00	713.00	690.00	688.00	712.00	706.00	700.00	709.00	707.00	709.00	695.00	696.00	686.00	694.00	720.00	707.00	726.00	701.00	715.00	700.00	710.00	705.00	712.00	693.00	690.00	701.00	706.00	706.00	711.00	710.00	726.00	732.00	723.00	720.00	723.00	735.00	746.00	735.00	725.00	711.00	711.00	724.00	733.00	746.00	747.00	745.00	743.00	745.00	756.00	737.00	728.00	731.00	749.00	750.00	749.00	745.00	744.00	748.00	753.00	759.00	757.00	759.00	757.00	747.00	743.00	755.00	751.00	739.00	740.00	749.00	756.00	758.00	743.00	743.00	746.00	744.00	741.00	737.00	730.00	725.00	724.00	718.00	721.00	720.00	724.00	719.00	723.00	722.00	718.00	727.00	732.00	731.00	726.00	723.00	723.00	721.00	717.00	705.00	721.00	707.00	716.00	728.00	731.00	730.00	719.00	717.00	723.00	724.00	729.00	739.00	724.00	732.00	736.00	741.00	740.00	735.00	736.00	737.00	735.00	731.00	724.00	725.00	720.00	711.00	732.00	732.00	729.00	728.00	710.00	695.00	701.00	706.00	721.00	724.00	724.00	732.00	728.00	744.00	746.00	776.00
689.00	691.00	694.00	694.00	709.00	708.00	702.00	721.00	716.00	692.00	709.00	688.00	703.00	694.00	686.00	692.00	696.00	712.00	721.00	701.00	686.00	697.00	699.00	682.00	681.00	672.00	667.00	682.00	665.00	691.00	678.00	677.00	680.00	682.00	670.00	692.00	713.00	708.00	674.00	689.00	675.00	664.00	669.00	669.00	667.00	670.00	671.00	657.00	675.00	663.00	672.00	674.00	681.00	671.00	684.00	692.00	691.00	702.00	681.00	709.00	682.00	681.00	708.00	723.00	718.00	691.00	680.00	687.00	684.00	682.00	679.00	687.00	689.00	674.00	703.00	706.00	688.00	681.00	682.00	697.00	706.00	710.00	711.00	707.00	694.00	699.00	711.00	697.00	717.00	714.00	694.00	708.00	699.00	723.00	737.00	734.00	725.00	738.00	733.00	725.00	727.00	732.00	715.00	727.00	731.00	723.00	725.00	713.00	742.00	739.00	731.00	702.00	704.00	712.00	714.00	695.00	707.00	717.00	689.00	691.00	709.00	725.00	729.00	716.00	719.00	703.00	697.00	690.00	701.00	692.00	705.00	705.00	716.00	708.00	720.00	712.00	700.00	712.00	719.00	701.00	695.00	692.00	689.00	700.00	696.00	731.00	747.00	734.00	710.00	706.00	714.00	727.00	725.00	715.00	707.00	713.00	717.00	719.00	720.00	732.00	743.00	738.00	730.00	748.00	753.00	749.00	742.00	725.00	737.00	743.00	750.00	738.00	747.00	750.00	749.00	749.00	755.00	754.00	756.00	756.00	755.00	754.00	750.00	743.00	746.00	746.00	752.00	750.00	751.00	749.00	741.00	747.00	744.00	736.00	735.00	726.00	727.00	729.00	731.00	727.00	728.00	729.00	737.00	730.00	725.00	722.00	733.00	732.00	725.00	723.00	723.00	719.00	711.00	708.00	713.00	713.00	718.00	728.00	724.00	722.00	719.00	721.00	717.00	727.00	736.00	740.00	734.00	732.00	736.00	742.00	737.00	742.00	745.00	744.00	738.00	727.00	722.00	731.00	733.00	718.00	733.00	746.00	746.00	733.00	722.00	709.00	700.00	700.00	723.00	735.00	737.00	746.00	744.00	748.00	758.00	775.00
693.00	693.00	693.00	689.00	704.00	704.00	701.00	695.00	693.00	695.00	710.00	688.00	685.00	689.00	690.00	721.00	710.00	702.00	695.00	697.00	689.00	687.00	682.00	684.00	682.00	691.00	703.00	686.00	690.00	677.00	683.00	689.00	692.00	680.00	680.00	699.00	698.00	674.00	690.00	695.00	677.00	667.00	688.00	688.00	700.00	685.00	670.00	663.00	660.00	676.00	695.00	690.00	673.00	664.00	676.00	671.00	690.00	703.00	687.00	672.00	687.00	678.00	684.00	703.00	698.00	675.00	691.00	686.00	684.00	688.00	688.00	686.00	680.00	680.00	716.00	686.00	706.00	693.00	686.00	706.00	687.00	696.00	686.00	710.00	700.00	692.00	683.00	687.00	700.00	698.00	694.00	708.00	709.00	718.00	725.00	702.00	723.00	724.00	711.00	734.00	737.00	754.00	759.00	755.00	729.00	731.00	741.00	723.00	734.00	736.00	746.00	704.00	719.00	706.00	699.00	711.00	704.00	695.00	716.00	711.00	694.00	691.00	697.00	711.00	709.00	702.00	705.00	701.00	707.00	706.00	693.00	697.00	705.00	726.00	721.00	708.00	709.00	721.00	723.00	702.00	714.00	709.00	706.00	697.00	688.00	697.00	704.00	690.00	689.00	694.00	709.00	709.00	709.00	700.00	726.00	736.00	745.00	736.00	727.00	727.00	730.00	744.00	733.00	729.00	749.00	758.00	748.00	724.00	727.00	751.00	746.00	731.00	739.00	738.00	744.00	748.00	750.00	752.00	761.00	765.00	768.00	767.00	760.00	758.00	749.00	753.00	761.00	759.00	757.00	751.00	740.00	737.00	733.00	733.00	735.00	744.00	735.00	740.00	739.00	733.00	741.00	739.00	740.00	724.00	728.00	735.00	728.00	730.00	733.00	725.00	723.00	722.00	705.00	725.00	726.00	727.00	719.00	724.00	730.00	726.00	734.00	733.00	725.00	734.00	734.00	738.00	744.00	744.00	747.00	753.00	747.00	749.00	742.00	737.00	734.00	737.00	737.00	722.00	729.00	728.00	728.00	740.00	744.00	727.00	714.00	720.00	707.00	704.00	725.00	730.00	731.00	741.00	741.00	745.00	769.00	796.00
693.00	693.00	693.00	689.00	704.00	704.00	701.00	695.00	693.00	695.00	710.00	688.00	685.00	689.00	690.00	721.00	710.00	702.00	695.00	697.00	689.00	687.00	682.00	684.00	682.00	691.00	703.00	686.00	690.00	677.00	683.00	689.00	692.00	680.00	680.00	699.00	698.00	674.00	690.00	695.00	677.00	667.00	688.00	688.00	700.00	685.00	670.00	663.00	660.00	676.00	695.00	690.00	673.00	664.00	676.00	671.00	690.00	703.00	687.00	672.00	687.00	678.00	684.00	703.00	698.00	675.00	691.00	686.00	684.00	688.00	688.00	686.00	680.00	680.00	716.00	686.00	706.00	693.00	686.00	706.00	687.00	696.00	686.00	710.00	700.00	692.00	683.00	687.00	700.00	698.00	694.00	708.00	709.00	718.00	725.00	702.00	723.00	724.00	711.00	734.00	737.00	754.00	759.00	755.00	729.00	731.00	741.00	723.00	734.00	736.00	746.00	704.00	719.00	706.00	699.00	711.00	704.00	695.00	716.00	711.00	694.00	691.00	697.00	711.00	709.00	702.00	705.00	701.00	707.00	706.00	693.00	697.00	705.00	726.00	721.00	708.00	709.00	721.00	723.00	702.00	714.00	709.00	706.00	697.00	688.00	697.00	704.00	690.00	689.00	694.00	709.00	709.00	709.00	700.00	726.00	736.00	745.00	736.00	727.00	727.00	730.00	744.00	733.00	729.00	749.00	758.00	748.00	724.00	727.00	751.00	746.00	731.00	739.00	738.00	744.00	748.00	750.00	752.00	761.00	765.00	768.00	767.00	760.00	758.00	749.00	753.00	761.00	759.00	757.00	751.00	740.00	737.00	733.00	733.00	735.00	744.00	735.00	740.00	739.00	733.00	741.00	739.00	740.00	724.00	728.00	735.00	728.00	730.00	733.00	725.00	723.00	722.00	705.00	725.00	726.00	727.00	719.00	724.00	730.00	726.00	734.00	733.00	725.00	734.00	734.00	738.00	744.00	744.00	747.00	753.00	747.00	749.00	742.00	737.00	734.00	737.00	737.00	722.00	729.00	728.00	728.00	740.00	744.00	727.00	714.00	720.00	707.00	704.00	725.00	730.00	731.00	741.00	741.00	745.00	769.00	796.00
695.00	696.00	690.00	690.00	699.00	703.00	689.00	694.00	707.00	703.00	707.00	702.00	702.00	687.00	699.00	707.00	699.00	713.00	708.00	705.00	699.00	695.00	690.00	695.00	685.00	695.00	689.00	681.00	686.00	687.00	692.00	694.00	678.00	695.00	703.00	703.00	684.00	671.00	685.00	666.00	662.00	670.00	708.00	703.00	713.00	695.00	677.00	670.00	661.00	661.00	663.00	660.00	658.00	660.00	663.00	662.00	668.00	672.00	669.00	688.00	701.00	695.00	682.00	699.00	689.00	680.00	682.00	686.00	679.00	687.00	698.00	688.00	674.00	690.00	708.00	685.00	697.00	686.00	695.00	702.00	678.00	681.00	682.00	695.00	691.00	687.00	678.00	700.00	701.00	696.00	697.00	711.00	711.00	706.00	708.00	695.00	733.00	722.00	706.00	717.00	729.00	745.00	755.00	751.00	729.00	744.00	740.00	747.00	729.00	737.00	753.00	718.00	724.00	708.00	720.00	718.00	698.00	711.00	722.00	713.00	692.00	694.00	696.00	712.00	706.00	706.00	710.00	697.00	707.00	703.00	701.00	711.00	721.00	730.00	714.00	712.00	711.00	710.00	704.00	708.00	719.00	707.00	702.00	705.00	696.00	693.00	692.00	703.00	697.00	690.00	696.00	698.00	702.00	716.00	711.00	713.00	742.00	731.00	717.00	727.00	743.00	724.00	726.00	744.00	743.00	757.00	738.00	728.00	743.00	741.00	732.00	731.00	746.00	747.00	750.00	755.00	752.00	757.00	756.00	749.00	752.00	757.00	767.00	763.00	757.00	753.00	759.00	757.00	755.00	744.00	744.00	737.00	732.00	734.00	735.00	744.00	739.00	746.00	738.00	741.00	739.00	735.00	728.00	720.00	721.00	731.00	732.00	726.00	729.00	724.00	722.00	718.00	707.00	720.00	721.00	721.00	718.00	731.00	734.00	733.00	729.00	734.00	730.00	732.00	741.00	746.00	743.00	745.00	751.00	757.00	752.00	751.00	745.00	740.00	737.00	745.00	734.00	723.00	735.00	731.00	719.00	730.00	748.00	730.00	718.00	722.00	715.00	719.00	715.00	720.00	726.00	725.00	731.00	740.00	750.00	768.00
693.00	693.00	693.00	695.00	689.00	686.00	697.00	695.00	692.00	693.00	694.00	707.00	693.00	680.00	694.00	693.00	704.00	702.00	704.00	708.00	710.00	703.00	700.00	698.00	684.00	681.00	680.00	685.00	683.00	703.00	706.00	685.00	678.00	692.00	704.00	698.00	692.00	675.00	682.00	676.00	668.00	661.00	701.00	703.00	703.00	690.00	684.00	671.00	656.00	657.00	658.00	660.00	672.00	685.00	689.00	688.00	659.00	672.00	681.00	698.00	686.00	681.00	681.00	697.00	692.00	679.00	691.00	687.00	685.00	689.00	686.00	680.00	690.00	689.00	694.00	691.00	693.00	692.00	697.00	687.00	688.00	691.00	687.00	687.00	701.00	688.00	679.00	702.00	699.00	697.00	705.00	718.00	701.00	696.00	697.00	697.00	721.00	717.00	705.00	715.00	728.00	745.00	740.00	738.00	747.00	755.00	735.00	760.00	751.00	739.00	761.00	731.00	733.00	727.00	720.00	710.00	698.00	725.00	708.00	696.00	689.00	717.00	701.00	719.00	709.00	713.00	704.00	717.00	718.00	699.00	711.00	717.00	728.00	721.00	712.00	723.00	712.00	715.00	717.00	711.00	717.00	704.00	706.00	702.00	703.00	705.00	720.00	727.00	711.00	689.00	693.00	704.00	711.00	720.00	710.00	717.00	721.00	715.00	721.00	721.00	725.00	726.00	732.00	722.00	729.00	745.00	723.00	737.00	726.00	725.00	726.00	727.00	740.00	747.00	753.00	752.00	750.00	751.00	755.00	750.00	744.00	756.00	758.00	765.00	768.00	757.00	758.00	749.00	751.00	751.00	732.00	733.00	736.00	731.00	741.00	743.00	743.00	747.00	740.00	741.00	738.00	732.00	730.00	716.00	728.00	730.00	729.00	728.00	727.00	724.00	726.00	724.00	709.00	710.00	720.00	719.00	723.00	732.00	732.00	730.00	731.00	725.00	726.00	729.00	726.00	732.00	737.00	747.00	749.00	750.00	757.00	740.00	750.00	747.00	742.00	753.00	748.00	731.00	729.00	736.00	735.00	719.00	739.00	732.00	724.00	721.00	727.00	727.00	728.00	718.00	719.00	723.00	728.00	741.00	743.00	742.00
691.00	689.00	689.00	691.00	692.00	687.00	689.00	706.00	699.00	679.00	685.00	682.00	684.00	695.00	705.00	709.00	697.00	709.00	717.00	720.00	704.00	713.00	700.00	683.00	698.00	703.00	711.00	702.00	713.00	696.00	684.00	689.00	704.00	702.00	682.00	687.00	694.00	680.00	674.00	698.00	698.00	673.00	672.00	682.00	684.00	692.00	687.00	693.00	666.00	667.00	662.00	656.00	656.00	656.00	663.00	676.00	684.00	697.00	692.00	671.00	674.00	685.00	681.00	679.00	680.00	679.00	689.00	691.00	685.00	691.00	695.00	684.00	705.00	700.00	687.00	694.00	684.00	684.00	707.00	688.00	691.00	679.00	681.00	693.00	681.00	682.00	698.00	694.00	707.00	697.00	700.00	691.00	711.00	708.00	693.00	688.00	696.00	694.00	705.00	709.00	731.00	724.00	751.00	762.00	777.00	754.00	763.00	776.00	776.00	773.00	749.00	721.00	722.00	715.00	706.00	722.00	711.00	704.00	707.00	711.00	695.00	694.00	701.00	719.00	711.00	705.00	708.00	701.00	699.00	705.00	713.00	716.00	697.00	705.00	727.00	728.00	729.00	716.00	723.00	716.00	718.00	703.00	706.00	703.00	719.00	711.00	729.00	710.00	708.00	698.00	715.00	705.00	697.00	694.00	702.00	709.00	711.00	715.00	717.00	729.00	732.00	721.00	709.00	716.00	714.00	729.00	743.00	745.00	723.00	723.00	734.00	736.00	738.00	739.00	743.00	745.00	746.00	749.00	752.00	750.00	762.00	757.00	759.00	763.00	765.00	764.00	753.00	747.00	749.00	750.00	748.00	744.00	738.00	739.00	742.00	750.00	752.00	758.00	755.00	742.00	736.00	724.00	717.00	719.00	735.00	736.00	731.00	727.00	725.00	720.00	728.00	725.00	714.00	720.00	721.00	724.00	721.00	741.00	746.00	736.00	734.00	727.00	721.00	727.00	731.00	738.00	755.00	751.00	750.00	759.00	758.00	762.00	758.00	748.00	758.00	746.00	738.00	736.00	731.00	741.00	748.00	747.00	724.00	725.00	730.00	726.00	732.00	751.00	738.00	726.00	738.00	732.00	719.00	738.00	750.00	739.00
685.00	683.00	686.00	693.00	704.00	692.00	707.00	721.00	705.00	686.00	689.00	692.00	679.00	695.00	698.00	706.00	698.00	707.00	703.00	707.00	708.00	710.00	693.00	684.00	708.00	699.00	695.00	692.00	714.00	696.00	694.00	681.00	696.00	689.00	681.00	700.00	697.00	684.00	689.00	699.00	686.00	675.00	672.00	680.00	684.00	686.00	677.00	701.00	666.00	676.00	678.00	660.00	659.00	664.00	659.00	657.00	669.00	693.00	677.00	687.00	671.00	679.00	690.00	683.00	670.00	678.00	676.00	698.00	705.00	691.00	682.00	694.00	694.00	685.00	689.00	696.00	678.00	686.00	695.00	682.00	696.00	682.00	684.00	680.00	678.00	681.00	697.00	692.00	696.00	693.00	692.00	687.00	724.00	703.00	705.00	690.00	702.00	715.00	701.00	703.00	719.00	708.00	743.00	763.00	769.00	774.00	767.00	760.00	760.00	771.00	733.00	725.00	715.00	730.00	721.00	707.00	718.00	708.00	728.00	713.00	694.00	700.00	703.00	698.00	702.00	707.00	712.00	704.00	704.00	711.00	722.00	708.00	703.00	708.00	708.00	724.00	710.00	721.00	738.00	721.00	717.00	710.00	716.00	702.00	719.00	709.00	732.00	732.00	713.00	699.00	718.00	709.00	710.00	703.00	700.00	699.00	699.00	701.00	711.00	718.00	719.00	709.00	720.00	731.00	722.00	729.00	738.00	742.00	743.00	737.00	722.00	719.00	730.00	731.00	738.00	740.00	744.00	744.00	742.00	757.00	755.00	749.00	762.00	761.00	759.00	755.00	755.00	751.00	755.00	750.00	752.00	746.00	748.00	749.00	744.00	737.00	748.00	753.00	746.00	738.00	731.00	720.00	723.00	727.00	732.00	737.00	731.00	724.00	722.00	731.00	742.00	730.00	720.00	718.00	720.00	728.00	734.00	741.00	743.00	742.00	746.00	729.00	725.00	724.00	727.00	732.00	759.00	758.00	757.00	766.00	766.00	765.00	757.00	750.00	760.00	746.00	737.00	742.00	747.00	743.00	747.00	748.00	723.00	723.00	730.00	727.00	734.00	745.00	757.00	743.00	750.00	756.00	735.00	722.00	731.00	735.00
694.00	693.00	694.00	696.00	691.00	682.00	686.00	708.00	701.00	695.00	698.00	684.00	681.00	691.00	701.00	701.00	697.00	709.00	699.00	701.00	696.00	698.00	697.00	693.00	708.00	697.00	696.00	687.00	697.00	709.00	699.00	685.00	693.00	687.00	699.00	697.00	685.00	697.00	676.00	674.00	667.00	666.00	668.00	682.00	696.00	694.00	680.00	689.00	664.00	678.00	694.00	674.00	666.00	669.00	666.00	660.00	659.00	671.00	671.00	690.00	672.00	684.00	680.00	672.00	669.00	682.00	678.00	695.00	695.00	696.00	677.00	694.00	689.00	702.00	679.00	680.00	678.00	706.00	685.00	685.00	688.00	676.00	679.00	699.00	698.00	682.00	683.00	698.00	694.00	687.00	691.00	688.00	725.00	709.00	695.00	689.00	691.00	705.00	701.00	697.00	702.00	705.00	750.00	764.00	762.00	761.00	772.00	754.00	748.00	750.00	740.00	717.00	729.00	742.00	720.00	735.00	730.00	718.00	729.00	708.00	695.00	706.00	727.00	712.00	718.00	720.00	717.00	712.00	709.00	704.00	715.00	703.00	705.00	714.00	702.00	701.00	723.00	731.00	729.00	714.00	708.00	719.00	714.00	704.00	716.00	719.00	732.00	716.00	708.00	703.00	719.00	725.00	723.00	716.00	719.00	716.00	708.00	708.00	701.00	704.00	706.00	717.00	728.00	733.00	750.00	746.00	729.00	749.00	743.00	741.00	735.00	731.00	747.00	741.00	747.00	747.00	748.00	757.00	752.00	749.00	747.00	747.00	747.00	753.00	755.00	764.00	766.00	756.00	756.00	758.00	750.00	748.00	746.00	744.00	744.00	755.00	748.00	744.00	746.00	737.00	728.00	725.00	727.00	736.00	735.00	734.00	734.00	731.00	721.00	732.00	725.00	716.00	714.00	710.00	725.00	738.00	734.00	737.00	741.00	747.00	752.00	738.00	731.00	728.00	728.00	730.00	756.00	758.00	757.00	763.00	774.00	768.00	762.00	758.00	757.00	739.00	744.00	743.00	757.00	762.00	747.00	741.00	720.00	729.00	738.00	732.00	736.00	746.00	772.00	752.00	758.00	765.00	755.00	729.00	720.00	724.00
697.00	691.00	697.00	697.00	683.00	683.00	681.00	696.00	689.00	682.00	684.00	689.00	681.00	685.00	689.00	698.00	706.00	703.00	711.00	715.00	707.00	699.00	697.00	700.00	702.00	697.00	690.00	692.00	710.00	709.00	693.00	690.00	701.00	693.00	705.00	687.00	700.00	702.00	678.00	683.00	681.00	685.00	678.00	678.00	678.00	687.00	695.00	682.00	668.00	667.00	682.00	694.00	678.00	665.00	663.00	662.00	656.00	656.00	654.00	670.00	668.00	671.00	666.00	663.00	678.00	678.00	673.00	679.00	685.00	693.00	675.00	694.00	714.00	712.00	673.00	692.00	693.00	700.00	684.00	674.00	675.00	678.00	687.00	691.00	706.00	690.00	691.00	694.00	688.00	693.00	679.00	706.00	694.00	691.00	700.00	691.00	704.00	690.00	687.00	696.00	700.00	709.00	736.00	748.00	746.00	774.00	780.00	765.00	763.00	753.00	735.00	728.00	741.00	722.00	742.00	771.00	754.00	736.00	725.00	735.00	717.00	694.00	736.00	721.00	720.00	716.00	708.00	710.00	703.00	699.00	711.00	707.00	704.00	710.00	702.00	703.00	724.00	717.00	712.00	720.00	706.00	712.00	727.00	709.00	726.00	728.00	714.00	708.00	719.00	708.00	709.00	711.00	713.00	714.00	723.00	734.00	720.00	715.00	718.00	706.00	711.00	715.00	715.00	726.00	752.00	753.00	740.00	749.00	739.00	736.00	739.00	739.00	748.00	741.00	746.00	752.00	752.00	757.00	758.00	754.00	748.00	758.00	756.00	757.00	758.00	770.00	768.00	758.00	765.00	760.00	746.00	742.00	742.00	739.00	742.00	753.00	747.00	742.00	739.00	729.00	724.00	736.00	728.00	733.00	732.00	731.00	737.00	731.00	726.00	723.00	726.00	716.00	715.00	706.00	730.00	742.00	725.00	739.00	735.00	738.00	739.00	744.00	726.00	726.00	728.00	727.00	752.00	766.00	769.00	767.00	771.00	770.00	770.00	761.00	761.00	743.00	750.00	749.00	751.00	763.00	749.00	736.00	722.00	723.00	741.00	745.00	748.00	753.00	781.00	770.00	786.00	772.00	767.00	762.00	729.00	722.00
678.00	671.00	680.00	672.00	670.00	682.00	672.00	675.00	678.00	680.00	688.00	681.00	678.00	681.00	699.00	689.00	690.00	716.00	707.00	721.00	721.00	712.00	699.00	691.00	705.00	701.00	708.00	712.00	707.00	709.00	713.00	700.00	702.00	683.00	688.00	681.00	679.00	677.00	699.00	698.00	691.00	694.00	692.00	711.00	717.00	708.00	690.00	680.00	669.00	688.00	695.00	677.00	692.00	672.00	665.00	671.00	665.00	656.00	663.00	659.00	655.00	660.00	676.00	674.00	679.00	688.00	688.00	682.00	691.00	686.00	673.00	680.00	698.00	687.00	680.00	686.00	682.00	680.00	682.00	683.00	700.00	690.00	695.00	682.00	685.00	702.00	684.00	679.00	690.00	697.00	679.00	694.00	702.00	688.00	701.00	708.00	687.00	691.00	700.00	705.00	698.00	699.00	712.00	738.00	753.00	762.00	748.00	741.00	753.00	766.00	754.00	761.00	753.00	740.00	744.00	754.00	785.00	772.00	734.00	745.00	719.00	702.00	702.00	724.00	725.00	723.00	721.00	723.00	707.00	704.00	726.00	720.00	708.00	720.00	710.00	700.00	724.00	737.00	731.00	729.00	721.00	718.00	723.00	722.00	712.00	712.00	730.00	727.00	717.00	706.00	707.00	700.00	699.00	700.00	718.00	706.00	719.00	717.00	722.00	722.00	712.00	733.00	730.00	715.00	722.00	735.00	743.00	745.00	745.00	751.00	752.00	743.00	726.00	735.00	741.00	747.00	751.00	755.00	758.00	760.00	752.00	762.00	765.00	756.00	757.00	771.00	775.00	767.00	759.00	755.00	749.00	753.00	748.00	748.00	743.00	740.00	740.00	745.00	746.00	735.00	738.00	744.00	737.00	733.00	743.00	742.00	735.00	731.00	723.00	725.00	722.00	725.00	723.00	709.00	719.00	722.00	719.00	723.00	729.00	731.00	748.00	741.00	735.00	734.00	732.00	731.00	738.00	749.00	759.00	758.00	761.00	772.00	768.00	755.00	752.00	751.00	752.00	759.00	758.00	775.00	760.00	749.00	733.00	721.00	737.00	780.00	801.00	787.00	793.00	772.00	756.00	777.00	780.00	758.00	752.00	742.00
659.00	660.00	667.00	668.00	666.00	667.00	671.00	677.00	679.00	679.00	681.00	690.00	692.00	681.00	687.00	694.00	695.00	701.00	703.00	725.00	702.00	697.00	692.00	705.00	715.00	716.00	717.00	718.00	710.00	689.00	688.00	685.00	690.00	690.00	693.00	716.00	720.00	712.00	688.00	708.00	719.00	705.00	699.00	688.00	695.00	704.00	696.00	688.00	671.00	677.00	678.00	680.00	692.00	705.00	694.00	675.00	663.00	658.00	675.00	667.00	663.00	663.00	660.00	661.00	680.00	712.00	691.00	675.00	675.00	669.00	668.00	669.00	672.00	672.00	679.00	691.00	703.00	710.00	687.00	675.00	675.00	674.00	687.00	675.00	689.00	689.00	679.00	690.00	693.00	687.00	679.00	699.00	690.00	684.00	685.00	701.00	712.00	695.00	700.00	708.00	699.00	704.00	705.00	713.00	713.00	719.00	746.00	771.00	777.00	784.00	758.00	760.00	755.00	733.00	750.00	771.00	760.00	740.00	711.00	701.00	708.00	730.00	715.00	710.00	702.00	700.00	707.00	719.00	715.00	709.00	718.00	712.00	717.00	709.00	706.00	712.00	718.00	716.00	711.00	709.00	712.00	723.00	715.00	713.00	723.00	723.00	732.00	726.00	727.00	715.00	706.00	715.00	717.00	712.00	699.00	705.00	712.00	726.00	730.00	723.00	718.00	724.00	729.00	737.00	739.00	727.00	749.00	754.00	734.00	739.00	732.00	738.00	732.00	736.00	749.00	748.00	754.00	754.00	753.00	754.00	756.00	767.00	768.00	766.00	768.00	771.00	773.00	769.00	771.00	762.00	765.00	762.00	752.00	752.00	756.00	754.00	763.00	761.00	756.00	741.00	752.00	749.00	750.00	747.00	744.00	741.00	733.00	735.00	731.00	728.00	723.00	732.00	722.00	710.00	720.00	727.00	727.00	735.00	732.00	737.00	743.00	741.00	733.00	733.00	739.00	742.00	734.00	734.00	738.00	748.00	760.00	768.00	775.00	771.00	760.00	760.00	761.00	783.00	781.00	777.00	744.00	735.00	733.00	722.00	752.00	778.00	788.00	823.00	814.00	790.00	807.00	794.00	769.00	788.00	786.00	792.00
656.00	660.00	656.00	660.00	672.00	676.00	669.00	673.00	679.00	684.00	676.00	684.00	684.00	678.00	685.00	683.00	687.00	713.00	714.00	714.00	692.00	692.00	702.00	705.00	697.00	702.00	702.00	711.00	705.00	688.00	701.00	691.00	710.00	686.00	700.00	714.00	707.00	685.00	684.00	695.00	700.00	687.00	701.00	710.00	690.00	699.00	684.00	687.00	679.00	691.00	687.00	680.00	682.00	700.00	678.00	671.00	670.00	665.00	675.00	673.00	667.00	675.00	665.00	660.00	660.00	703.00	707.00	686.00	662.00	683.00	676.00	682.00	694.00	691.00	686.00	670.00	674.00	686.00	684.00	680.00	671.00	679.00	691.00	672.00	674.00	675.00	678.00	700.00	690.00	677.00	679.00	691.00	692.00	693.00	687.00	690.00	701.00	693.00	692.00	705.00	714.00	714.00	715.00	715.00	723.00	735.00	748.00	775.00	793.00	796.00	775.00	746.00	733.00	733.00	747.00	773.00	741.00	730.00	712.00	710.00	715.00	731.00	716.00	708.00	722.00	728.00	727.00	721.00	710.00	709.00	722.00	723.00	705.00	708.00	722.00	713.00	713.00	710.00	719.00	721.00	708.00	714.00	729.00	721.00	738.00	710.00	715.00	719.00	715.00	718.00	712.00	724.00	718.00	719.00	711.00	703.00	703.00	715.00	714.00	728.00	727.00	737.00	739.00	739.00	744.00	743.00	726.00	732.00	726.00	730.00	734.00	734.00	728.00	727.00	735.00	744.00	754.00	760.00	766.00	764.00	759.00	764.00	758.00	767.00	773.00	768.00	768.00	770.00	763.00	765.00	765.00	769.00	762.00	767.00	764.00	760.00	757.00	751.00	745.00	737.00	744.00	754.00	757.00	744.00	743.00	740.00	740.00	740.00	739.00	734.00	736.00	736.00	726.00	714.00	726.00	727.00	726.00	732.00	730.00	734.00	735.00	741.00	736.00	735.00	736.00	738.00	735.00	734.00	738.00	757.00	761.00	762.00	760.00	766.00	760.00	776.00	760.00	784.00	786.00	780.00	750.00	741.00	730.00	725.00	736.00	762.00	789.00	802.00	808.00	787.00	803.00	811.00	811.00	787.00	770.00	768.00
658.00	653.00	661.00	671.00	676.00	676.00	670.00	671.00	678.00	676.00	672.00	670.00	674.00	681.00	698.00	696.00	701.00	700.00	701.00	698.00	694.00	699.00	704.00	695.00	708.00	715.00	710.00	714.00	691.00	692.00	690.00	691.00	705.00	694.00	695.00	690.00	685.00	674.00	703.00	682.00	695.00	691.00	692.00	716.00	708.00	710.00	693.00	672.00	676.00	680.00	688.00	687.00	694.00	684.00	675.00	691.00	665.00	668.00	685.00	673.00	667.00	680.00	672.00	665.00	663.00	679.00	690.00	667.00	665.00	687.00	676.00	690.00	699.00	686.00	685.00	683.00	686.00	691.00	680.00	680.00	672.00	676.00	684.00	680.00	684.00	680.00	686.00	700.00	678.00	675.00	680.00	682.00	692.00	707.00	698.00	690.00	707.00	699.00	704.00	692.00	699.00	718.00	727.00	719.00	734.00	744.00	756.00	769.00	777.00	839.00	768.00	740.00	739.00	739.00	765.00	767.00	755.00	743.00	739.00	731.00	709.00	714.00	721.00	708.00	725.00	731.00	721.00	718.00	704.00	713.00	729.00	721.00	711.00	716.00	724.00	723.00	705.00	713.00	724.00	723.00	715.00	718.00	732.00	725.00	731.00	714.00	746.00	741.00	735.00	733.00	717.00	715.00	720.00	715.00	728.00	716.00	705.00	701.00	707.00	731.00	720.00	724.00	723.00	746.00	743.00	743.00	726.00	743.00	731.00	731.00	743.00	745.00	733.00	741.00	741.00	739.00	744.00	759.00	759.00	755.00	758.00	751.00	761.00	766.00	763.00	765.00	771.00	771.00	776.00	778.00	773.00	779.00	771.00	773.00	763.00	765.00	756.00	762.00	754.00	738.00	744.00	750.00	758.00	744.00	744.00	741.00	744.00	736.00	741.00	739.00	745.00	742.00	734.00	714.00	718.00	716.00	719.00	724.00	724.00	730.00	729.00	736.00	753.00	744.00	736.00	741.00	741.00	746.00	737.00	743.00	751.00	752.00	760.00	770.00	772.00	784.00	769.00	773.00	771.00	766.00	739.00	734.00	729.00	735.00	743.00	768.00	798.00	794.00	808.00	806.00	789.00	813.00	822.00	817.00	797.00	780.00
670.00	679.00	673.00	666.00	663.00	664.00	669.00	668.00	668.00	667.00	675.00	675.00	672.00	675.00	679.00	690.00	695.00	702.00	701.00	691.00	690.00	691.00	699.00	699.00	703.00	709.00	701.00	700.00	692.00	704.00	705.00	700.00	704.00	701.00	701.00	687.00	681.00	697.00	702.00	693.00	691.00	699.00	698.00	689.00	700.00	702.00	680.00	690.00	710.00	688.00	711.00	702.00	690.00	684.00	697.00	676.00	657.00	669.00	683.00	670.00	684.00	683.00	677.00	667.00	669.00	663.00	662.00	663.00	660.00	689.00	677.00	700.00	696.00	690.00	685.00	696.00	694.00	677.00	675.00	668.00	667.00	676.00	677.00	701.00	682.00	690.00	678.00	673.00	679.00	696.00	698.00	679.00	685.00	684.00	704.00	713.00	690.00	694.00	702.00	722.00	729.00	706.00	717.00	711.00	701.00	741.00	734.00	727.00	734.00	749.00	729.00	730.00	744.00	773.00	746.00	732.00	729.00	727.00	762.00	757.00	725.00	720.00	724.00	704.00	705.00	711.00	715.00	721.00	721.00	721.00	722.00	722.00	723.00	720.00	712.00	716.00	706.00	722.00	714.00	716.00	734.00	731.00	734.00	726.00	736.00	752.00	741.00	727.00	732.00	728.00	714.00	722.00	719.00	733.00	712.00	714.00	725.00	718.00	707.00	722.00	732.00	726.00	727.00	732.00	732.00	748.00	756.00	744.00	735.00	734.00	738.00	740.00	758.00	770.00	753.00	745.00	749.00	743.00	748.00	741.00	739.00	749.00	756.00	764.00	758.00	758.00	776.00	780.00	777.00	780.00	787.00	777.00	778.00	768.00	767.00	770.00	774.00	768.00	756.00	735.00	743.00	744.00	756.00	749.00	737.00	737.00	741.00	744.00	737.00	736.00	739.00	734.00	726.00	733.00	728.00	719.00	726.00	727.00	725.00	730.00	734.00	739.00	745.00	743.00	745.00	743.00	749.00	746.00	746.00	754.00	749.00	757.00	759.00	764.00	762.00	793.00	800.00	777.00	769.00	787.00	738.00	726.00	738.00	746.00	786.00	793.00	817.00	803.00	811.00	795.00	784.00	795.00	811.00	801.00	806.00	811.00
691.00	696.00	681.00	670.00	663.00	664.00	674.00	669.00	672.00	676.00	670.00	671.00	677.00	684.00	695.00	701.00	692.00	702.00	692.00	683.00	697.00	703.00	703.00	705.00	707.00	711.00	708.00	700.00	704.00	704.00	698.00	694.00	690.00	703.00	697.00	683.00	686.00	694.00	712.00	700.00	687.00	694.00	701.00	699.00	687.00	683.00	680.00	682.00	709.00	686.00	704.00	700.00	682.00	689.00	696.00	689.00	663.00	670.00	683.00	673.00	689.00	681.00	671.00	675.00	675.00	662.00	660.00	664.00	666.00	700.00	682.00	680.00	682.00	684.00	678.00	676.00	670.00	670.00	690.00	687.00	676.00	690.00	686.00	685.00	677.00	673.00	669.00	682.00	677.00	679.00	702.00	692.00	693.00	686.00	688.00	691.00	686.00	699.00	691.00	700.00	713.00	707.00	715.00	697.00	692.00	732.00	730.00	711.00	727.00	740.00	726.00	746.00	763.00	772.00	763.00	749.00	731.00	735.00	765.00	754.00	731.00	724.00	708.00	703.00	715.00	729.00	737.00	730.00	717.00	719.00	719.00	715.00	730.00	723.00	723.00	724.00	704.00	709.00	713.00	711.00	735.00	767.00	765.00	734.00	730.00	740.00	733.00	720.00	719.00	719.00	712.00	722.00	729.00	729.00	717.00	734.00	731.00	717.00	712.00	714.00	721.00	723.00	738.00	744.00	745.00	748.00	756.00	762.00	744.00	738.00	748.00	746.00	749.00	753.00	751.00	748.00	750.00	742.00	747.00	748.00	739.00	748.00	750.00	754.00	756.00	770.00	769.00	772.00	772.00	777.00	785.00	777.00	774.00	772.00	761.00	769.00	757.00	755.00	754.00	740.00	743.00	746.00	747.00	755.00	741.00	740.00	739.00	738.00	733.00	739.00	735.00	735.00	729.00	728.00	728.00	718.00	716.00	733.00	726.00	726.00	731.00	736.00	745.00	746.00	742.00	742.00	755.00	751.00	748.00	751.00	749.00	764.00	769.00	768.00	765.00	789.00	804.00	782.00	767.00	750.00	737.00	729.00	749.00	756.00	788.00	779.00	789.00	808.00	801.00	795.00	797.00	818.00	822.00	791.00	789.00	793.00
707.00	704.00	691.00	675.00	663.00	668.00	670.00	666.00	671.00	679.00	672.00	673.00	681.00	688.00	696.00	687.00	683.00	686.00	680.00	690.00	701.00	704.00	707.00	717.00	706.00	706.00	709.00	704.00	722.00	710.00	712.00	712.00	694.00	689.00	686.00	690.00	704.00	684.00	702.00	694.00	708.00	703.00	712.00	710.00	699.00	677.00	692.00	684.00	699.00	692.00	702.00	683.00	688.00	698.00	680.00	679.00	673.00	679.00	700.00	678.00	693.00	694.00	681.00	686.00	691.00	666.00	665.00	659.00	666.00	692.00	687.00	676.00	693.00	685.00	675.00	685.00	674.00	676.00	700.00	702.00	678.00	690.00	677.00	669.00	674.00	683.00	691.00	692.00	685.00	691.00	703.00	689.00	698.00	692.00	696.00	698.00	689.00	697.00	688.00	698.00	697.00	720.00	708.00	696.00	694.00	719.00	713.00	707.00	727.00	736.00	714.00	749.00	764.00	761.00	761.00	744.00	732.00	729.00	749.00	753.00	738.00	732.00	705.00	698.00	710.00	725.00	729.00	717.00	709.00	712.00	712.00	717.00	734.00	714.00	721.00	710.00	717.00	707.00	720.00	720.00	742.00	775.00	777.00	744.00	740.00	735.00	741.00	740.00	735.00	709.00	715.00	720.00	715.00	723.00	726.00	730.00	720.00	712.00	720.00	716.00	720.00	714.00	731.00	733.00	733.00	742.00	742.00	768.00	741.00	739.00	739.00	739.00	743.00	745.00	744.00	755.00	748.00	740.00	746.00	753.00	748.00	757.00	748.00	759.00	758.00	770.00	768.00	777.00	786.00	782.00	784.00	782.00	776.00	766.00	771.00	751.00	752.00	753.00	745.00	750.00	750.00	755.00	745.00	757.00	741.00	742.00	738.00	732.00	728.00	730.00	731.00	728.00	715.00	720.00	718.00	723.00	716.00	727.00	725.00	727.00	732.00	733.00	741.00	743.00	743.00	750.00	758.00	758.00	754.00	755.00	755.00	757.00	767.00	767.00	772.00	781.00	785.00	798.00	772.00	750.00	742.00	730.00	749.00	763.00	800.00	772.00	783.00	818.00	780.00	787.00	809.00	820.00	824.00	817.00	813.00	810.00
696.00	692.00	686.00	685.00	681.00	670.00	670.00	671.00	668.00	667.00	667.00	678.00	680.00	682.00	685.00	686.00	687.00	680.00	689.00	694.00	696.00	691.00	705.00	719.00	706.00	701.00	704.00	702.00	719.00	704.00	710.00	698.00	698.00	693.00	695.00	699.00	709.00	694.00	692.00	702.00	711.00	712.00	693.00	699.00	695.00	682.00	704.00	694.00	703.00	698.00	697.00	686.00	704.00	712.00	694.00	674.00	691.00	696.00	708.00	676.00	679.00	694.00	696.00	704.00	691.00	671.00	667.00	657.00	662.00	681.00	675.00	673.00	678.00	674.00	683.00	692.00	684.00	682.00	683.00	685.00	692.00	679.00	669.00	687.00	688.00	678.00	690.00	694.00	682.00	690.00	688.00	692.00	681.00	684.00	685.00	687.00	698.00	695.00	689.00	690.00	689.00	707.00	698.00	692.00	701.00	709.00	703.00	700.00	707.00	716.00	723.00	750.00	750.00	739.00	741.00	721.00	724.00	734.00	727.00	737.00	740.00	720.00	718.00	700.00	711.00	704.00	704.00	713.00	719.00	711.00	722.00	733.00	725.00	709.00	709.00	711.00	718.00	707.00	713.00	733.00	744.00	769.00	770.00	737.00	732.00	732.00	721.00	726.00	718.00	714.00	722.00	736.00	734.00	732.00	734.00	723.00	720.00	715.00	728.00	705.00	711.00	719.00	729.00	728.00	731.00	731.00	736.00	746.00	741.00	755.00	748.00	739.00	742.00	745.00	743.00	752.00	756.00	746.00	742.00	751.00	759.00	762.00	752.00	756.00	755.00	773.00	768.00	777.00	791.00	788.00	785.00	780.00	777.00	768.00	765.00	761.00	754.00	750.00	756.00	751.00	747.00	746.00	746.00	753.00	734.00	737.00	739.00	737.00	733.00	732.00	723.00	719.00	713.00	712.00	721.00	730.00	728.00	722.00	720.00	727.00	725.00	733.00	738.00	750.00	749.00	752.00	750.00	767.00	765.00	754.00	766.00	766.00	763.00	765.00	768.00	776.00	781.00	809.00	770.00	762.00	740.00	727.00	752.00	779.00	792.00	764.00	793.00	795.00	797.00	784.00	786.00	800.00	823.00	823.00	815.00	792.00
689.00	684.00	694.00	691.00	688.00	676.00	688.00	684.00	676.00	673.00	667.00	681.00	679.00	678.00	677.00	687.00	679.00	685.00	684.00	688.00	686.00	685.00	689.00	687.00	692.00	694.00	696.00	698.00	708.00	704.00	707.00	711.00	699.00	705.00	692.00	703.00	716.00	699.00	714.00	720.00	711.00	711.00	719.00	705.00	681.00	696.00	713.00	694.00	695.00	707.00	706.00	705.00	714.00	699.00	676.00	673.00	681.00	681.00	693.00	677.00	675.00	674.00	693.00	696.00	676.00	677.00	684.00	671.00	667.00	672.00	675.00	673.00	679.00	683.00	697.00	689.00	678.00	702.00	696.00	681.00	668.00	663.00	668.00	669.00	673.00	674.00	675.00	677.00	701.00	691.00	684.00	700.00	707.00	703.00	710.00	709.00	702.00	706.00	691.00	690.00	702.00	704.00	711.00	702.00	698.00	712.00	701.00	707.00	725.00	719.00	708.00	733.00	744.00	741.00	751.00	755.00	754.00	732.00	735.00	720.00	710.00	720.00	730.00	702.00	717.00	715.00	706.00	728.00	728.00	721.00	718.00	715.00	717.00	727.00	713.00	713.00	728.00	730.00	715.00	708.00	712.00	739.00	747.00	731.00	719.00	722.00	726.00	728.00	738.00	728.00	713.00	711.00	710.00	718.00	732.00	736.00	723.00	731.00	728.00	704.00	728.00	723.00	728.00	726.00	727.00	732.00	747.00	757.00	754.00	750.00	762.00	769.00	753.00	756.00	756.00	756.00	761.00	753.00	750.00	757.00	761.00	769.00	761.00	756.00	763.00	780.00	769.00	772.00	776.00	783.00	784.00	779.00	776.00	764.00	763.00	761.00	760.00	754.00	767.00	756.00	766.00	749.00	737.00	733.00	733.00	738.00	738.00	736.00	735.00	724.00	717.00	725.00	723.00	717.00	730.00	729.00	733.00	718.00	726.00	731.00	736.00	742.00	750.00	745.00	750.00	754.00	763.00	763.00	765.00	758.00	769.00	778.00	771.00	773.00	783.00	779.00	788.00	766.00	748.00	744.00	753.00	749.00	734.00	749.00	756.00	784.00	805.00	815.00	796.00	780.00	794.00	805.00	820.00	803.00	812.00	806.00
681.00	687.00	692.00	687.00	683.00	676.00	687.00	684.00	675.00	670.00	668.00	672.00	674.00	675.00	676.00	681.00	676.00	685.00	687.00	681.00	684.00	682.00	690.00	694.00	703.00	704.00	703.00	706.00	715.00	713.00	715.00	700.00	701.00	711.00	685.00	694.00	697.00	705.00	700.00	698.00	697.00	700.00	720.00	700.00	681.00	708.00	729.00	704.00	703.00	711.00	689.00	703.00	691.00	680.00	669.00	675.00	696.00	684.00	704.00	685.00	686.00	687.00	706.00	704.00	677.00	675.00	682.00	687.00	670.00	681.00	689.00	683.00	673.00	676.00	682.00	682.00	678.00	697.00	699.00	679.00	671.00	680.00	677.00	677.00	681.00	682.00	684.00	698.00	710.00	694.00	690.00	697.00	690.00	690.00	707.00	694.00	691.00	683.00	682.00	683.00	686.00	702.00	706.00	712.00	716.00	707.00	704.00	701.00	707.00	699.00	703.00	714.00	722.00	732.00	747.00	755.00	758.00	730.00	735.00	715.00	719.00	736.00	735.00	716.00	720.00	721.00	726.00	710.00	709.00	713.00	716.00	716.00	727.00	722.00	720.00	713.00	726.00	721.00	718.00	714.00	724.00	726.00	732.00	726.00	721.00	738.00	738.00	727.00	731.00	718.00	730.00	730.00	715.00	713.00	733.00	734.00	739.00	723.00	720.00	707.00	716.00	722.00	731.00	716.00	717.00	727.00	749.00	742.00	755.00	759.00	756.00	760.00	759.00	766.00	759.00	757.00	764.00	753.00	749.00	752.00	759.00	773.00	763.00	757.00	766.00	783.00	783.00	783.00	779.00	787.00	786.00	777.00	771.00	761.00	769.00	762.00	758.00	758.00	755.00	763.00	751.00	747.00	743.00	734.00	734.00	737.00	736.00	731.00	727.00	719.00	722.00	725.00	726.00	720.00	727.00	726.00	735.00	727.00	724.00	726.00	743.00	742.00	738.00	740.00	737.00	742.00	755.00	762.00	764.00	764.00	769.00	783.00	798.00	799.00	776.00	780.00	770.00	754.00	749.00	764.00	773.00	772.00	756.00	741.00	749.00	764.00	768.00	806.00	794.00	793.00	796.00	799.00	819.00	796.00	795.00	807.00
682.00	686.00	688.00	686.00	684.00	682.00	687.00	679.00	682.00	677.00	675.00	669.00	670.00	673.00	680.00	675.00	679.00	685.00	682.00	678.00	681.00	689.00	698.00	700.00	715.00	708.00	705.00	713.00	712.00	713.00	705.00	714.00	711.00	696.00	690.00	701.00	713.00	721.00	709.00	707.00	702.00	688.00	692.00	686.00	682.00	705.00	732.00	704.00	697.00	710.00	692.00	686.00	690.00	674.00	667.00	687.00	703.00	692.00	706.00	698.00	700.00	707.00	714.00	717.00	701.00	688.00	708.00	698.00	674.00	665.00	686.00	692.00	694.00	684.00	675.00	678.00	672.00	675.00	671.00	666.00	689.00	696.00	688.00	676.00	676.00	692.00	691.00	711.00	702.00	684.00	690.00	689.00	691.00	701.00	696.00	689.00	684.00	684.00	681.00	684.00	688.00	697.00	693.00	698.00	703.00	701.00	699.00	693.00	708.00	705.00	701.00	705.00	703.00	713.00	742.00	748.00	739.00	737.00	742.00	725.00	722.00	735.00	733.00	741.00	741.00	737.00	734.00	712.00	712.00	723.00	730.00	723.00	719.00	728.00	729.00	712.00	717.00	729.00	723.00	716.00	724.00	716.00	737.00	733.00	736.00	748.00	736.00	715.00	713.00	714.00	729.00	725.00	715.00	716.00	723.00	721.00	728.00	716.00	723.00	711.00	717.00	730.00	730.00	734.00	720.00	722.00	727.00	743.00	753.00	758.00	762.00	770.00	765.00	761.00	764.00	769.00	763.00	769.00	756.00	753.00	761.00	773.00	763.00	759.00	765.00	782.00	796.00	784.00	776.00	781.00	777.00	770.00	766.00	769.00	775.00	764.00	760.00	759.00	759.00	757.00	743.00	740.00	739.00	737.00	734.00	732.00	731.00	731.00	721.00	723.00	734.00	729.00	721.00	727.00	726.00	740.00	736.00	728.00	730.00	745.00	735.00	736.00	737.00	750.00	741.00	741.00	759.00	770.00	763.00	761.00	772.00	780.00	787.00	791.00	790.00	773.00	794.00	752.00	765.00	792.00	774.00	779.00	753.00	780.00	746.00	760.00	777.00	816.00	781.00	817.00	818.00	818.00	822.00	812.00	789.00	794.00
690.00	687.00	689.00	694.00	689.00	693.00	688.00	680.00	687.00	683.00	677.00	669.00	668.00	670.00	677.00	678.00	682.00	678.00	678.00	678.00	683.00	685.00	689.00	692.00	702.00	698.00	707.00	713.00	709.00	708.00	704.00	701.00	703.00	704.00	698.00	704.00	729.00	717.00	718.00	711.00	705.00	701.00	701.00	682.00	687.00	690.00	711.00	689.00	708.00	702.00	693.00	691.00	679.00	670.00	684.00	686.00	691.00	693.00	697.00	698.00	704.00	696.00	699.00	713.00	690.00	704.00	720.00	696.00	672.00	664.00	668.00	676.00	693.00	690.00	685.00	689.00	684.00	661.00	669.00	673.00	678.00	679.00	679.00	685.00	674.00	686.00	690.00	715.00	712.00	688.00	689.00	686.00	710.00	701.00	691.00	689.00	685.00	689.00	687.00	694.00	695.00	691.00	699.00	701.00	718.00	703.00	694.00	698.00	715.00	722.00	700.00	716.00	710.00	714.00	724.00	719.00	721.00	726.00	751.00	725.00	728.00	734.00	725.00	740.00	747.00	744.00	727.00	732.00	717.00	739.00	739.00	732.00	718.00	726.00	721.00	714.00	728.00	727.00	721.00	718.00	724.00	722.00	727.00	737.00	740.00	745.00	744.00	721.00	714.00	730.00	727.00	725.00	722.00	726.00	729.00	725.00	720.00	732.00	737.00	714.00	718.00	724.00	723.00	733.00	736.00	731.00	730.00	736.00	742.00	748.00	753.00	760.00	766.00	768.00	773.00	762.00	762.00	768.00	764.00	757.00	755.00	766.00	757.00	771.00	762.00	781.00	788.00	787.00	779.00	784.00	774.00	781.00	776.00	774.00	767.00	764.00	758.00	758.00	755.00	754.00	747.00	741.00	734.00	741.00	737.00	743.00	734.00	734.00	721.00	724.00	727.00	730.00	725.00	725.00	729.00	741.00	737.00	738.00	735.00	731.00	744.00	738.00	755.00	761.00	755.00	759.00	774.00	776.00	768.00	774.00	766.00	772.00	785.00	790.00	807.00	812.00	806.00	758.00	751.00	756.00	780.00	764.00	766.00	803.00	773.00	752.00	765.00	801.00	787.00	795.00	785.00	785.00	809.00	813.00	805.00	794.00
686.00	692.00	684.00	688.00	701.00	690.00	685.00	693.00	701.00	690.00	683.00	682.00	678.00	673.00	669.00	685.00	681.00	682.00	686.00	689.00	696.00	702.00	694.00	686.00	707.00	708.00	708.00	696.00	705.00	716.00	710.00	710.00	713.00	705.00	709.00	703.00	715.00	723.00	699.00	693.00	696.00	685.00	686.00	699.00	727.00	708.00	695.00	696.00	711.00	706.00	687.00	678.00	667.00	682.00	680.00	681.00	695.00	702.00	705.00	712.00	691.00	695.00	711.00	697.00	676.00	710.00	700.00	683.00	696.00	694.00	675.00	670.00	670.00	668.00	661.00	667.00	674.00	701.00	688.00	675.00	694.00	698.00	678.00	694.00	700.00	694.00	694.00	686.00	693.00	695.00	683.00	692.00	702.00	700.00	687.00	689.00	689.00	691.00	701.00	691.00	690.00	721.00	702.00	693.00	690.00	721.00	719.00	709.00	710.00	734.00	735.00	724.00	724.00	735.00	727.00	718.00	724.00	736.00	724.00	747.00	776.00	742.00	742.00	751.00	737.00	740.00	748.00	777.00	761.00	738.00	715.00	711.00	729.00	725.00	723.00	731.00	725.00	729.00	734.00	729.00	729.00	732.00	733.00	739.00	729.00	720.00	729.00	740.00	723.00	750.00	725.00	739.00	729.00	727.00	724.00	746.00	738.00	723.00	718.00	718.00	707.00	719.00	721.00	732.00	738.00	748.00	743.00	744.00	735.00	733.00	741.00	750.00	752.00	753.00	747.00	742.00	740.00	749.00	755.00	749.00	753.00	762.00	758.00	756.00	765.00	771.00	772.00	773.00	772.00	773.00	782.00	783.00	774.00	775.00	776.00	770.00	770.00	758.00	748.00	755.00	747.00	738.00	739.00	739.00	734.00	725.00	731.00	718.00	729.00	730.00	729.00	728.00	727.00	725.00	735.00	740.00	733.00	746.00	747.00	742.00	744.00	749.00	753.00	751.00	757.00	755.00	788.00	776.00	774.00	790.00	789.00	795.00	801.00	797.00	819.00	778.00	772.00	764.00	758.00	762.00	824.00	790.00	813.00	804.00	810.00	807.00	804.00	804.00	759.00	797.00	800.00	798.00	794.00	817.00	800.00	807.00
687.00	702.00	685.00	694.00	688.00	687.00	690.00	694.00	694.00	694.00	684.00	679.00	680.00	676.00	671.00	686.00	678.00	683.00	684.00	693.00	698.00	704.00	691.00	687.00	691.00	693.00	695.00	695.00	717.00	708.00	708.00	722.00	723.00	716.00	715.00	702.00	714.00	714.00	706.00	722.00	711.00	692.00	692.00	696.00	712.00	699.00	707.00	716.00	707.00	698.00	686.00	672.00	665.00	689.00	702.00	699.00	702.00	716.00	695.00	707.00	702.00	719.00	705.00	684.00	680.00	689.00	689.00	680.00	693.00	676.00	672.00	674.00	677.00	671.00	669.00	665.00	685.00	704.00	681.00	675.00	687.00	679.00	669.00	684.00	687.00	684.00	694.00	676.00	694.00	690.00	680.00	684.00	698.00	692.00	687.00	682.00	689.00	690.00	703.00	687.00	689.00	718.00	704.00	692.00	692.00	706.00	718.00	713.00	719.00	731.00	721.00	716.00	720.00	726.00	719.00	717.00	724.00	723.00	723.00	751.00	771.00	745.00	761.00	759.00	745.00	737.00	752.00	746.00	747.00	740.00	717.00	712.00	712.00	722.00	732.00	733.00	721.00	747.00	745.00	733.00	734.00	734.00	738.00	744.00	735.00	731.00	738.00	727.00	724.00	748.00	725.00	745.00	746.00	745.00	718.00	722.00	738.00	728.00	733.00	714.00	709.00	710.00	718.00	745.00	746.00	741.00	739.00	739.00	727.00	732.00	739.00	738.00	752.00	745.00	744.00	744.00	745.00	747.00	753.00	753.00	749.00	759.00	755.00	764.00	771.00	773.00	763.00	765.00	780.00	768.00	780.00	784.00	775.00	766.00	775.00	760.00	762.00	758.00	762.00	743.00	740.00	737.00	745.00	746.00	740.00	727.00	717.00	719.00	736.00	731.00	727.00	728.00	727.00	730.00	730.00	732.00	740.00	738.00	745.00	746.00	751.00	744.00	751.00	752.00	753.00	757.00	776.00	784.00	786.00	782.00	787.00	796.00	797.00	800.00	795.00	810.00	793.00	769.00	762.00	762.00	820.00	790.00	808.00	801.00	811.00	787.00	791.00	806.00	766.00	773.00	776.00	776.00	781.00	813.00	804.00	792.00
690.00	696.00	686.00	692.00	684.00	689.00	698.00	705.00	693.00	689.00	687.00	680.00	678.00	678.00	671.00	671.00	672.00	680.00	684.00	695.00	692.00	699.00	693.00	701.00	692.00	699.00	707.00	700.00	721.00	701.00	707.00	713.00	718.00	705.00	703.00	709.00	709.00	708.00	718.00	719.00	699.00	701.00	694.00	703.00	694.00	709.00	712.00	696.00	686.00	682.00	691.00	676.00	673.00	680.00	703.00	712.00	696.00	705.00	698.00	710.00	716.00	718.00	691.00	693.00	698.00	687.00	692.00	690.00	690.00	681.00	693.00	690.00	686.00	677.00	667.00	663.00	675.00	691.00	675.00	690.00	678.00	670.00	669.00	671.00	674.00	678.00	686.00	674.00	693.00	683.00	682.00	691.00	694.00	688.00	687.00	689.00	703.00	694.00	704.00	687.00	690.00	716.00	693.00	698.00	714.00	707.00	717.00	726.00	735.00	738.00	731.00	715.00	734.00	738.00	722.00	716.00	729.00	724.00	739.00	750.00	748.00	756.00	786.00	756.00	738.00	740.00	740.00	739.00	744.00	740.00	712.00	708.00	718.00	726.00	736.00	722.00	738.00	742.00	743.00	724.00	727.00	743.00	745.00	746.00	734.00	731.00	732.00	731.00	730.00	734.00	725.00	739.00	760.00	758.00	734.00	729.00	729.00	728.00	725.00	726.00	713.00	708.00	714.00	738.00	735.00	732.00	730.00	728.00	735.00	721.00	729.00	733.00	745.00	739.00	740.00	745.00	744.00	742.00	745.00	757.00	748.00	747.00	749.00	756.00	765.00	765.00	770.00	761.00	769.00	765.00	780.00	771.00	778.00	773.00	770.00	765.00	755.00	760.00	758.00	741.00	747.00	742.00	737.00	741.00	732.00	725.00	721.00	724.00	732.00	733.00	729.00	731.00	743.00	729.00	735.00	733.00	731.00	737.00	741.00	736.00	747.00	745.00	751.00	753.00	754.00	763.00	792.00	785.00	780.00	788.00	805.00	791.00	804.00	819.00	818.00	820.00	804.00	805.00	779.00	760.00	810.00	794.00	795.00	806.00	813.00	805.00	781.00	790.00	774.00	783.00	793.00	798.00	786.00	801.00	801.00	795.00
688.00	691.00	691.00	689.00	691.00	683.00	691.00	702.00	699.00	692.00	685.00	684.00	680.00	683.00	675.00	673.00	676.00	685.00	686.00	691.00	691.00	691.00	695.00	707.00	692.00	706.00	720.00	707.00	708.00	714.00	722.00	717.00	721.00	711.00	719.00	721.00	711.00	728.00	725.00	703.00	691.00	713.00	696.00	707.00	700.00	708.00	704.00	705.00	695.00	693.00	715.00	674.00	681.00	687.00	688.00	688.00	698.00	700.00	706.00	710.00	702.00	690.00	698.00	718.00	712.00	688.00	705.00	711.00	706.00	691.00	695.00	680.00	674.00	680.00	668.00	672.00	666.00	667.00	671.00	687.00	670.00	684.00	678.00	691.00	700.00	683.00	693.00	674.00	679.00	673.00	680.00	685.00	695.00	685.00	683.00	703.00	710.00	690.00	690.00	687.00	690.00	696.00	686.00	718.00	710.00	698.00	717.00	718.00	722.00	731.00	718.00	718.00	730.00	716.00	715.00	712.00	724.00	719.00	741.00	745.00	754.00	765.00	743.00	762.00	758.00	749.00	730.00	722.00	734.00	719.00	712.00	713.00	720.00	731.00	727.00	718.00	744.00	727.00	722.00	717.00	725.00	746.00	740.00	737.00	743.00	746.00	732.00	740.00	736.00	731.00	728.00	735.00	744.00	738.00	728.00	737.00	725.00	730.00	732.00	722.00	715.00	708.00	709.00	726.00	725.00	728.00	730.00	725.00	732.00	728.00	731.00	733.00	733.00	739.00	737.00	735.00	739.00	739.00	743.00	751.00	747.00	759.00	759.00	759.00	760.00	770.00	761.00	761.00	771.00	764.00	765.00	762.00	765.00	764.00	767.00	758.00	763.00	749.00	759.00	744.00	750.00	745.00	743.00	740.00	721.00	718.00	725.00	728.00	726.00	732.00	736.00	733.00	756.00	726.00	731.00	738.00	729.00	752.00	745.00	738.00	747.00	751.00	741.00	741.00	745.00	762.00	787.00	780.00	780.00	792.00	812.00	796.00	793.00	809.00	816.00	816.00	795.00	808.00	799.00	767.00	810.00	814.00	787.00	797.00	801.00	809.00	794.00	782.00	782.00	778.00	783.00	793.00	806.00	806.00	793.00	794.00
705.00	689.00	689.00	691.00	693.00	694.00	693.00	696.00	697.00	692.00	691.00	681.00	687.00	689.00	677.00	681.00	683.00	680.00	679.00	679.00	689.00	695.00	718.00	720.00	693.00	691.00	704.00	712.00	702.00	732.00	723.00	710.00	713.00	708.00	714.00	717.00	715.00	714.00	706.00	709.00	714.00	708.00	700.00	713.00	708.00	715.00	703.00	703.00	711.00	704.00	690.00	677.00	685.00	695.00	704.00	696.00	693.00	693.00	696.00	695.00	712.00	708.00	721.00	705.00	688.00	691.00	695.00	692.00	681.00	683.00	677.00	697.00	694.00	677.00	675.00	676.00	678.00	674.00	663.00	664.00	693.00	692.00	673.00	695.00	691.00	686.00	680.00	670.00	685.00	685.00	675.00	682.00	681.00	678.00	683.00	681.00	677.00	680.00	679.00	683.00	685.00	691.00	704.00	697.00	691.00	721.00	707.00	701.00	712.00	734.00	726.00	709.00	712.00	720.00	707.00	704.00	706.00	721.00	731.00	718.00	734.00	745.00	731.00	752.00	751.00	743.00	740.00	711.00	708.00	723.00	742.00	744.00	726.00	722.00	716.00	719.00	727.00	719.00	715.00	719.00	723.00	724.00	730.00	735.00	738.00	745.00	743.00	748.00	758.00	747.00	731.00	736.00	739.00	739.00	734.00	737.00	734.00	738.00	735.00	719.00	716.00	710.00	712.00	730.00	720.00	718.00	725.00	719.00	718.00	715.00	720.00	721.00	723.00	734.00	728.00	728.00	729.00	732.00	742.00	737.00	738.00	748.00	753.00	752.00	755.00	758.00	756.00	768.00	760.00	767.00	770.00	767.00	778.00	776.00	766.00	765.00	757.00	752.00	745.00	760.00	753.00	738.00	750.00	750.00	726.00	722.00	725.00	725.00	726.00	732.00	745.00	742.00	739.00	739.00	735.00	735.00	733.00	754.00	748.00	754.00	753.00	760.00	743.00	740.00	751.00	745.00	774.00	777.00	801.00	811.00	804.00	810.00	830.00	824.00	815.00	784.00	785.00	781.00	780.00	775.00	774.00	782.00	786.00	778.00	783.00	788.00	796.00	794.00	775.00	803.00	808.00	797.00	811.00	786.00	800.00	809.00
708.00	714.00	693.00	691.00	697.00	700.00	698.00	694.00	698.00	693.00	695.00	685.00	685.00	687.00	682.00	676.00	684.00	688.00	686.00	678.00	699.00	689.00	708.00	720.00	695.00	695.00	691.00	693.00	713.00	729.00	714.00	704.00	719.00	705.00	705.00	706.00	719.00	735.00	708.00	717.00	713.00	716.00	709.00	726.00	710.00	708.00	701.00	705.00	702.00	703.00	703.00	681.00	678.00	690.00	699.00	694.00	690.00	695.00	709.00	711.00	711.00	697.00	694.00	694.00	689.00	702.00	694.00	685.00	686.00	687.00	691.00	703.00	687.00	672.00	690.00	698.00	678.00	682.00	670.00	669.00	679.00	682.00	672.00	665.00	664.00	665.00	668.00	674.00	693.00	694.00	684.00	712.00	692.00	691.00	692.00	689.00	697.00	682.00	684.00	688.00	695.00	707.00	730.00	722.00	699.00	706.00	698.00	710.00	722.00	736.00	708.00	730.00	724.00	715.00	705.00	706.00	709.00	707.00	731.00	719.00	714.00	731.00	741.00	741.00	720.00	744.00	760.00	725.00	708.00	717.00	739.00	743.00	729.00	719.00	717.00	731.00	735.00	720.00	719.00	735.00	733.00	728.00	735.00	739.00	729.00	759.00	757.00	754.00	749.00	744.00	741.00	734.00	740.00	739.00	730.00	739.00	738.00	745.00	729.00	715.00	719.00	716.00	710.00	717.00	715.00	718.00	713.00	713.00	715.00	718.00	728.00	721.00	725.00	727.00	733.00	734.00	740.00	731.00	732.00	735.00	741.00	745.00	746.00	746.00	746.00	763.00	767.00	774.00	767.00	779.00	775.00	769.00	773.00	781.00	772.00	770.00	774.00	770.00	747.00	744.00	740.00	736.00	733.00	731.00	721.00	721.00	733.00	734.00	735.00	734.00	736.00	733.00	732.00	734.00	741.00	740.00	738.00	751.00	760.00	763.00	758.00	746.00	735.00	738.00	745.00	752.00	764.00	789.00	809.00	812.00	796.00	807.00	812.00	822.00	820.00	797.00	818.00	797.00	778.00	796.00	798.00	795.00	780.00	781.00	789.00	788.00	781.00	778.00	782.00	796.00	805.00	808.00	809.00	787.00	791.00	793.00
711.00	727.00	695.00	696.00	702.00	698.00	702.00	694.00	696.00	694.00	696.00	691.00	696.00	695.00	686.00	676.00	677.00	688.00	690.00	679.00	690.00	687.00	697.00	696.00	699.00	698.00	699.00	692.00	700.00	708.00	705.00	714.00	712.00	705.00	710.00	712.00	729.00	732.00	716.00	712.00	712.00	717.00	703.00	710.00	713.00	705.00	697.00	712.00	701.00	705.00	698.00	679.00	678.00	709.00	701.00	694.00	705.00	694.00	705.00	708.00	694.00	691.00	694.00	693.00	694.00	704.00	694.00	698.00	699.00	717.00	712.00	697.00	679.00	669.00	706.00	701.00	697.00	695.00	672.00	672.00	667.00	668.00	664.00	674.00	682.00	684.00	683.00	692.00	699.00	708.00	703.00	715.00	686.00	689.00	698.00	695.00	713.00	690.00	683.00	686.00	700.00	698.00	708.00	723.00	720.00	699.00	690.00	697.00	698.00	707.00	715.00	718.00	707.00	720.00	704.00	723.00	712.00	709.00	727.00	735.00	707.00	709.00	746.00	732.00	723.00	740.00	770.00	719.00	714.00	720.00	727.00	735.00	737.00	722.00	714.00	723.00	730.00	718.00	730.00	736.00	720.00	735.00	727.00	746.00	731.00	759.00	771.00	755.00	746.00	736.00	744.00	738.00	737.00	751.00	741.00	744.00	742.00	735.00	732.00	727.00	731.00	719.00	714.00	717.00	726.00	725.00	724.00	721.00	719.00	717.00	725.00	731.00	733.00	731.00	732.00	731.00	735.00	735.00	733.00	733.00	736.00	742.00	743.00	744.00	754.00	768.00	765.00	775.00	770.00	780.00	777.00	767.00	770.00	777.00	775.00	763.00	763.00	755.00	741.00	734.00	734.00	738.00	743.00	741.00	725.00	729.00	729.00	729.00	732.00	728.00	744.00	749.00	736.00	721.00	736.00	745.00	742.00	752.00	744.00	758.00	746.00	740.00	738.00	746.00	754.00	767.00	764.00	806.00	811.00	813.00	805.00	821.00	805.00	797.00	802.00	803.00	807.00	812.00	800.00	785.00	793.00	799.00	797.00	793.00	787.00	791.00	787.00	774.00	777.00	795.00	801.00	805.00	803.00	796.00	790.00	784.00
698.00	715.00	693.00	700.00	695.00	691.00	698.00	695.00	693.00	696.00	698.00	692.00	697.00	695.00	685.00	680.00	677.00	695.00	699.00	683.00	669.00	685.00	684.00	687.00	705.00	714.00	716.00	699.00	698.00	701.00	702.00	706.00	701.00	708.00	710.00	713.00	714.00	721.00	719.00	731.00	714.00	708.00	718.00	723.00	711.00	712.00	711.00	692.00	690.00	688.00	687.00	686.00	678.00	707.00	719.00	710.00	711.00	711.00	715.00	694.00	698.00	715.00	718.00	709.00	692.00	697.00	686.00	682.00	684.00	700.00	692.00	671.00	669.00	666.00	694.00	703.00	726.00	695.00	688.00	678.00	665.00	663.00	663.00	685.00	695.00	684.00	694.00	692.00	690.00	710.00	704.00	694.00	701.00	699.00	702.00	709.00	705.00	696.00	689.00	690.00	695.00	707.00	720.00	707.00	713.00	694.00	702.00	718.00	707.00	712.00	730.00	701.00	719.00	731.00	702.00	710.00	709.00	723.00	730.00	732.00	706.00	716.00	743.00	719.00	731.00	750.00	756.00	715.00	724.00	726.00	727.00	724.00	734.00	714.00	727.00	731.00	722.00	720.00	726.00	719.00	719.00	734.00	728.00	755.00	732.00	740.00	761.00	753.00	742.00	736.00	751.00	757.00	738.00	737.00	753.00	753.00	742.00	736.00	749.00	728.00	723.00	714.00	717.00	723.00	732.00	725.00	721.00	722.00	725.00	723.00	724.00	728.00	731.00	732.00	736.00	738.00	738.00	736.00	736.00	732.00	733.00	750.00	746.00	750.00	752.00	764.00	765.00	769.00	770.00	782.00	777.00	763.00	770.00	779.00	772.00	762.00	757.00	776.00	760.00	743.00	743.00	742.00	745.00	736.00	746.00	737.00	725.00	731.00	731.00	737.00	738.00	741.00	734.00	730.00	734.00	734.00	746.00	751.00	742.00	750.00	745.00	752.00	742.00	750.00	766.00	766.00	771.00	792.00	813.00	801.00	815.00	811.00	795.00	800.00	794.00	802.00	792.00	795.00	806.00	792.00	782.00	790.00	791.00	795.00	791.00	800.00	791.00	786.00	776.00	797.00	802.00	807.00	802.00	793.00	778.00	773.00
694.00	689.00	695.00	692.00	696.00	702.00	702.00	694.00	693.00	696.00	692.00	687.00	688.00	687.00	686.00	677.00	678.00	686.00	699.00	704.00	687.00	670.00	677.00	689.00	702.00	707.00	692.00	713.00	708.00	706.00	720.00	729.00	722.00	708.00	719.00	714.00	718.00	714.00	727.00	724.00	728.00	714.00	717.00	715.00	716.00	697.00	704.00	704.00	702.00	699.00	718.00	677.00	682.00	688.00	693.00	697.00	709.00	722.00	698.00	711.00	704.00	714.00	695.00	692.00	688.00	715.00	696.00	704.00	697.00	685.00	698.00	688.00	674.00	671.00	697.00	705.00	695.00	682.00	713.00	700.00	668.00	667.00	674.00	664.00	667.00	674.00	671.00	677.00	692.00	697.00	689.00	701.00	687.00	700.00	698.00	696.00	702.00	702.00	705.00	708.00	715.00	696.00	696.00	697.00	690.00	702.00	707.00	707.00	720.00	702.00	694.00	690.00	698.00	702.00	716.00	725.00	709.00	697.00	727.00	738.00	710.00	709.00	712.00	709.00	709.00	709.00	707.00	709.00	709.00	712.00	709.00	708.00	716.00	713.00	712.00	716.00	722.00	731.00	730.00	726.00	718.00	725.00	715.00	732.00	736.00	741.00	738.00	743.00	757.00	761.00	754.00	755.00	760.00	757.00	737.00	729.00	724.00	728.00	733.00	727.00	722.00	717.00	729.00	735.00	735.00	725.00	732.00	734.00	729.00	727.00	728.00	730.00	732.00	728.00	735.00	741.00	743.00	738.00	741.00	740.00	740.00	747.00	746.00	744.00	745.00	745.00	748.00	759.00	762.00	764.00	777.00	790.00	775.00	780.00	777.00	761.00	753.00	756.00	744.00	736.00	745.00	751.00	747.00	745.00	737.00	729.00	743.00	739.00	732.00	734.00	734.00	740.00	737.00	733.00	725.00	729.00	737.00	744.00	740.00	748.00	749.00	746.00	749.00	753.00	783.00	790.00	801.00	798.00	784.00	807.00	823.00	802.00	792.00	798.00	789.00	802.00	797.00	782.00	780.00	782.00	783.00	774.00	779.00	779.00	788.00	785.00	793.00	798.00	788.00	790.00	793.00	796.00	792.00	775.00	767.00	775.00
701.00	699.00	692.00	692.00	699.00	701.00	704.00	699.00	691.00	689.00	689.00	686.00	684.00	686.00	685.00	678.00	678.00	687.00	701.00	704.00	691.00	684.00	674.00	670.00	682.00	693.00	697.00	703.00	704.00	704.00	707.00	722.00	707.00	714.00	730.00	725.00	727.00	723.00	715.00	712.00	720.00	721.00	711.00	706.00	701.00	702.00	718.00	712.00	702.00	706.00	729.00	682.00	685.00	691.00	702.00	714.00	719.00	716.00	702.00	709.00	700.00	705.00	694.00	686.00	695.00	704.00	708.00	721.00	692.00	696.00	708.00	694.00	669.00	665.00	701.00	714.00	697.00	687.00	692.00	690.00	674.00	676.00	675.00	663.00	664.00	665.00	665.00	679.00	699.00	682.00	679.00	690.00	686.00	691.00	702.00	696.00	698.00	696.00	704.00	704.00	700.00	699.00	692.00	687.00	697.00	702.00	698.00	714.00	709.00	705.00	694.00	687.00	690.00	692.00	702.00	720.00	700.00	708.00	731.00	737.00	720.00	699.00	704.00	694.00	700.00	702.00	715.00	718.00	730.00	723.00	735.00	734.00	729.00	735.00	717.00	723.00	723.00	732.00	742.00	734.00	717.00	721.00	732.00	736.00	742.00	736.00	750.00	741.00	756.00	765.00	751.00	758.00	762.00	750.00	734.00	726.00	724.00	723.00	729.00	722.00	721.00	714.00	727.00	739.00	734.00	735.00	743.00	733.00	731.00	732.00	743.00	754.00	734.00	738.00	742.00	744.00	747.00	738.00	743.00	738.00	751.00	745.00	749.00	746.00	741.00	744.00	745.00	755.00	757.00	756.00	774.00	783.00	773.00	775.00	772.00	754.00	756.00	761.00	749.00	739.00	750.00	753.00	756.00	745.00	733.00	731.00	741.00	748.00	739.00	753.00	748.00	738.00	735.00	736.00	730.00	735.00	734.00	751.00	744.00	745.00	753.00	754.00	748.00	756.00	782.00	793.00	794.00	797.00	804.00	799.00	799.00	797.00	791.00	799.00	789.00	797.00	788.00	795.00	783.00	779.00	778.00	786.00	777.00	776.00	786.00	789.00	786.00	788.00	802.00	781.00	796.00	794.00	781.00	776.00	777.00	778.00
700.00	707.00	701.00	700.00	703.00	703.00	693.00	693.00	703.00	697.00	697.00	692.00	694.00	692.00	687.00	675.00	683.00	683.00	687.00	689.00	684.00	682.00	691.00	693.00	676.00	680.00	691.00	697.00	704.00	696.00	698.00	708.00	713.00	720.00	716.00	704.00	705.00	704.00	709.00	722.00	733.00	714.00	713.00	719.00	723.00	709.00	700.00	694.00	694.00	693.00	696.00	684.00	704.00	700.00	695.00	698.00	703.00	706.00	705.00	705.00	704.00	701.00	700.00	703.00	704.00	692.00	696.00	706.00	689.00	683.00	693.00	689.00	671.00	678.00	701.00	726.00	716.00	690.00	684.00	674.00	700.00	706.00	709.00	672.00	682.00	693.00	678.00	671.00	672.00	667.00	669.00	671.00	685.00	696.00	684.00	685.00	696.00	694.00	691.00	685.00	700.00	694.00	688.00	695.00	694.00	694.00	710.00	704.00	704.00	692.00	700.00	689.00	709.00	706.00	689.00	701.00	690.00	691.00	690.00	692.00	693.00	703.00	727.00	725.00	727.00	708.00	725.00	744.00	734.00	752.00	757.00	750.00	736.00	749.00	738.00	720.00	730.00	733.00	731.00	741.00	744.00	734.00	730.00	730.00	729.00	749.00	745.00	757.00	746.00	744.00	761.00	758.00	756.00	749.00	732.00	735.00	722.00	718.00	721.00	719.00	720.00	718.00	717.00	725.00	731.00	729.00	731.00	735.00	739.00	741.00	734.00	735.00	736.00	742.00	744.00	745.00	745.00	755.00	751.00	750.00	743.00	750.00	751.00	748.00	748.00	738.00	753.00	754.00	759.00	763.00	764.00	768.00	766.00	765.00	761.00	758.00	761.00	758.00	759.00	758.00	757.00	745.00	738.00	737.00	732.00	726.00	741.00	735.00	733.00	730.00	742.00	748.00	738.00	735.00	735.00	733.00	728.00	729.00	731.00	739.00	736.00	737.00	746.00	775.00	801.00	794.00	813.00	812.00	813.00	804.00	799.00	786.00	801.00	810.00	794.00	798.00	797.00	788.00	792.00	783.00	792.00	784.00	777.00	781.00	781.00	782.00	786.00	787.00	787.00	775.00	793.00	779.00	775.00	766.00	775.00	772.00
712.00	700.00	707.00	699.00	698.00	702.00	694.00	700.00	699.00	693.00	697.00	686.00	683.00	684.00	683.00	677.00	687.00	689.00	685.00	686.00	700.00	690.00	692.00	692.00	690.00	685.00	678.00	688.00	691.00	697.00	705.00	720.00	722.00	706.00	707.00	701.00	706.00	708.00	718.00	712.00	720.00	723.00	727.00	721.00	713.00	714.00	716.00	707.00	718.00	715.00	721.00	683.00	690.00	696.00	704.00	712.00	698.00	716.00	713.00	710.00	703.00	703.00	700.00	700.00	701.00	686.00	688.00	698.00	699.00	674.00	680.00	674.00	669.00	684.00	694.00	715.00	719.00	714.00	702.00	682.00	684.00	703.00	704.00	686.00	676.00	706.00	701.00	675.00	684.00	677.00	670.00	667.00	687.00	687.00	679.00	697.00	697.00	698.00	686.00	686.00	705.00	685.00	690.00	688.00	694.00	692.00	697.00	692.00	691.00	699.00	693.00	690.00	706.00	703.00	685.00	686.00	682.00	678.00	696.00	699.00	702.00	717.00	747.00	718.00	728.00	716.00	711.00	737.00	745.00	750.00	754.00	740.00	751.00	744.00	731.00	737.00	730.00	738.00	735.00	743.00	742.00	726.00	733.00	727.00	735.00	745.00	741.00	751.00	750.00	742.00	755.00	758.00	751.00	751.00	729.00	729.00	719.00	720.00	728.00	725.00	719.00	721.00	720.00	717.00	721.00	724.00	733.00	736.00	741.00	734.00	730.00	740.00	731.00	738.00	740.00	741.00	742.00	758.00	756.00	749.00	751.00	756.00	756.00	749.00	748.00	738.00	745.00	754.00	761.00	757.00	757.00	765.00	761.00	760.00	764.00	761.00	760.00	764.00	757.00	758.00	758.00	746.00	748.00	737.00	729.00	730.00	735.00	739.00	743.00	731.00	731.00	735.00	735.00	735.00	735.00	734.00	727.00	739.00	735.00	732.00	733.00	736.00	745.00	769.00	788.00	790.00	801.00	803.00	798.00	795.00	787.00	785.00	797.00	796.00	789.00	782.00	790.00	787.00	794.00	782.00	790.00	790.00	790.00	797.00	783.00	779.00	780.00	781.00	781.00	775.00	777.00	772.00	773.00	771.00	783.00	786.00
710.00	708.00	702.00	701.00	693.00	696.00	694.00	699.00	700.00	696.00	690.00	700.00	692.00	692.00	689.00	676.00	682.00	700.00	687.00	688.00	689.00	686.00	688.00	699.00	706.00	706.00	688.00	683.00	695.00	704.00	701.00	707.00	700.00	696.00	703.00	707.00	712.00	725.00	718.00	725.00	728.00	731.00	724.00	740.00	716.00	705.00	701.00	719.00	707.00	710.00	698.00	712.00	711.00	688.00	687.00	690.00	688.00	692.00	697.00	710.00	691.00	693.00	695.00	713.00	725.00	720.00	724.00	710.00	687.00	687.00	680.00	677.00	674.00	687.00	725.00	702.00	703.00	698.00	689.00	696.00	680.00	690.00	685.00	686.00	683.00	670.00	685.00	710.00	703.00	686.00	687.00	680.00	672.00	684.00	695.00	676.00	676.00	683.00	677.00	695.00	712.00	710.00	706.00	706.00	719.00	693.00	700.00	702.00	691.00	699.00	688.00	689.00	686.00	693.00	695.00	702.00	704.00	696.00	723.00	727.00	723.00	707.00	737.00	731.00	741.00	729.00	735.00	714.00	722.00	752.00	763.00	759.00	752.00	758.00	750.00	740.00	722.00	731.00	743.00	735.00	740.00	721.00	721.00	745.00	750.00	742.00	753.00	761.00	748.00	741.00	746.00	756.00	749.00	754.00	736.00	737.00	726.00	724.00	726.00	725.00	729.00	723.00	718.00	731.00	719.00	717.00	719.00	722.00	724.00	725.00	733.00	738.00	746.00	754.00	736.00	744.00	755.00	747.00	751.00	757.00	759.00	751.00	759.00	750.00	758.00	747.00	751.00	746.00	758.00	760.00	761.00	762.00	768.00	763.00	757.00	749.00	753.00	755.00	753.00	747.00	744.00	738.00	738.00	733.00	740.00	745.00	753.00	750.00	733.00	731.00	731.00	739.00	749.00	737.00	745.00	742.00	728.00	737.00	749.00	750.00	738.00	740.00	755.00	780.00	793.00	797.00	802.00	788.00	788.00	786.00	788.00	789.00	783.00	785.00	796.00	792.00	787.00	779.00	781.00	785.00	779.00	784.00	786.00	783.00	785.00	780.00	780.00	772.00	768.00	783.00	784.00	772.00	782.00	793.00	809.00	810.00
719.00	710.00	701.00	702.00	694.00	702.00	688.00	694.00	694.00	697.00	691.00	698.00	702.00	699.00	693.00	675.00	685.00	710.00	704.00	687.00	686.00	689.00	688.00	699.00	693.00	692.00	693.00	680.00	686.00	693.00	694.00	692.00	691.00	700.00	706.00	706.00	718.00	720.00	720.00	715.00	714.00	717.00	734.00	731.00	711.00	716.00	716.00	715.00	695.00	695.00	698.00	728.00	729.00	689.00	691.00	690.00	699.00	709.00	715.00	709.00	699.00	703.00	705.00	718.00	713.00	696.00	697.00	698.00	697.00	705.00	684.00	682.00	678.00	679.00	736.00	724.00	731.00	725.00	691.00	705.00	684.00	693.00	692.00	693.00	700.00	674.00	683.00	717.00	702.00	701.00	690.00	693.00	674.00	674.00	671.00	671.00	675.00	676.00	678.00	686.00	700.00	696.00	694.00	686.00	695.00	687.00	687.00	685.00	686.00	699.00	695.00	685.00	698.00	700.00	704.00	720.00	715.00	702.00	704.00	709.00	709.00	711.00	723.00	726.00	728.00	722.00	739.00	730.00	736.00	742.00	769.00	746.00	758.00	751.00	748.00	736.00	740.00	742.00	730.00	741.00	752.00	721.00	724.00	737.00	735.00	740.00	752.00	748.00	742.00	739.00	739.00	752.00	745.00	748.00	737.00	733.00	734.00	725.00	725.00	730.00	727.00	723.00	719.00	725.00	719.00	722.00	720.00	728.00	728.00	723.00	729.00	735.00	746.00	744.00	741.00	738.00	748.00	747.00	762.00	762.00	752.00	754.00	752.00	760.00	755.00	747.00	751.00	752.00	763.00	767.00	761.00	757.00	765.00	768.00	756.00	750.00	748.00	752.00	748.00	741.00	737.00	736.00	735.00	732.00	740.00	746.00	745.00	753.00	734.00	738.00	743.00	729.00	734.00	743.00	737.00	738.00	730.00	738.00	737.00	745.00	748.00	748.00	766.00	775.00	791.00	790.00	789.00	791.00	795.00	795.00	803.00	784.00	789.00	801.00	800.00	796.00	790.00	781.00	781.00	778.00	780.00	780.00	781.00	777.00	773.00	776.00	772.00	774.00	766.00	783.00	782.00	795.00	796.00	807.00	805.00	813.00
712.00	711.00	704.00	701.00	708.00	709.00	691.00	695.00	692.00	693.00	696.00	698.00	699.00	697.00	691.00	677.00	686.00	695.00	701.00	698.00	692.00	699.00	695.00	693.00	687.00	689.00	688.00	693.00	691.00	703.00	713.00	704.00	695.00	696.00	702.00	705.00	707.00	706.00	726.00	721.00	708.00	709.00	724.00	726.00	714.00	724.00	722.00	698.00	701.00	721.00	711.00	720.00	722.00	689.00	707.00	705.00	704.00	710.00	702.00	696.00	718.00	725.00	716.00	719.00	707.00	702.00	693.00	698.00	723.00	696.00	682.00	683.00	677.00	694.00	716.00	722.00	731.00	717.00	692.00	694.00	683.00	683.00	697.00	710.00	691.00	671.00	681.00	716.00	709.00	704.00	691.00	691.00	679.00	687.00	684.00	676.00	679.00	679.00	679.00	678.00	681.00	681.00	677.00	680.00	682.00	682.00	687.00	682.00	684.00	688.00	690.00	690.00	698.00	696.00	703.00	721.00	703.00	702.00	714.00	724.00	727.00	719.00	704.00	708.00	716.00	734.00	725.00	739.00	748.00	748.00	753.00	757.00	776.00	764.00	747.00	736.00	753.00	755.00	739.00	746.00	744.00	725.00	745.00	732.00	731.00	744.00	755.00	760.00	752.00	747.00	745.00	760.00	745.00	738.00	733.00	747.00	753.00	738.00	727.00	738.00	731.00	721.00	722.00	725.00	718.00	734.00	728.00	723.00	731.00	730.00	729.00	733.00	742.00	737.00	747.00	748.00	743.00	751.00	754.00	752.00	753.00	760.00	754.00	758.00	756.00	747.00	762.00	758.00	757.00	765.00	766.00	761.00	760.00	760.00	760.00	752.00	748.00	748.00	747.00	742.00	740.00	748.00	738.00	736.00	745.00	754.00	752.00	750.00	741.00	752.00	753.00	733.00	736.00	738.00	732.00	731.00	734.00	752.00	745.00	742.00	747.00	766.00	777.00	773.00	791.00	798.00	783.00	785.00	787.00	800.00	810.00	784.00	784.00	791.00	791.00	798.00	790.00	785.00	784.00	784.00	780.00	776.00	776.00	776.00	780.00	780.00	781.00	777.00	776.00	785.00	796.00	803.00	808.00	800.00	804.00	816.00
702.00	717.00	702.00	699.00	709.00	697.00	695.00	693.00	690.00	688.00	698.00	705.00	705.00	695.00	690.00	679.00	681.00	690.00	691.00	700.00	690.00	701.00	702.00	696.00	695.00	700.00	692.00	700.00	685.00	706.00	706.00	720.00	704.00	715.00	703.00	702.00	707.00	708.00	716.00	706.00	713.00	722.00	724.00	730.00	716.00	713.00	707.00	704.00	729.00	725.00	717.00	704.00	716.00	700.00	706.00	699.00	696.00	698.00	697.00	703.00	723.00	730.00	711.00	714.00	727.00	705.00	699.00	713.00	720.00	693.00	689.00	687.00	681.00	684.00	692.00	697.00	709.00	715.00	700.00	703.00	698.00	685.00	689.00	702.00	687.00	686.00	684.00	701.00	695.00	689.00	698.00	703.00	687.00	703.00	696.00	683.00	688.00	688.00	689.00	686.00	687.00	680.00	682.00	680.00	685.00	682.00	684.00	682.00	684.00	687.00	684.00	689.00	699.00	698.00	711.00	709.00	692.00	692.00	741.00	741.00	735.00	711.00	724.00	721.00	740.00	753.00	736.00	732.00	724.00	727.00	730.00	760.00	754.00	751.00	748.00	741.00	755.00	750.00	744.00	747.00	738.00	725.00	752.00	733.00	734.00	736.00	747.00	759.00	747.00	742.00	739.00	754.00	741.00	740.00	729.00	739.00	757.00	743.00	738.00	736.00	726.00	726.00	725.00	720.00	721.00	733.00	724.00	722.00	733.00	734.00	731.00	724.00	735.00	740.00	748.00	751.00	749.00	742.00	750.00	761.00	757.00	760.00	756.00	754.00	750.00	739.00	750.00	757.00	765.00	764.00	765.00	765.00	767.00	769.00	765.00	755.00	749.00	745.00	749.00	743.00	744.00	746.00	742.00	738.00	741.00	759.00	747.00	754.00	744.00	756.00	745.00	735.00	739.00	736.00	740.00	733.00	736.00	741.00	743.00	745.00	758.00	763.00	794.00	783.00	772.00	788.00	781.00	780.00	784.00	789.00	799.00	791.00	784.00	784.00	793.00	804.00	796.00	795.00	808.00	791.00	791.00	785.00	780.00	786.00	791.00	784.00	780.00	770.00	776.00	793.00	804.00	811.00	810.00	792.00	805.00	805.00
703.00	708.00	706.00	714.00	711.00	706.00	706.00	707.00	704.00	697.00	698.00	689.00	685.00	683.00	686.00	678.00	690.00	697.00	706.00	699.00	695.00	705.00	709.00	698.00	698.00	700.00	705.00	720.00	695.00	695.00	712.00	731.00	731.00	708.00	722.00	730.00	708.00	715.00	711.00	710.00	724.00	712.00	740.00	728.00	706.00	707.00	728.00	706.00	710.00	701.00	704.00	702.00	706.00	712.00	712.00	710.00	708.00	713.00	723.00	706.00	709.00	707.00	703.00	701.00	710.00	701.00	698.00	700.00	697.00	734.00	711.00	693.00	678.00	703.00	699.00	720.00	707.00	694.00	714.00	717.00	699.00	711.00	714.00	714.00	698.00	697.00	682.00	701.00	706.00	710.00	717.00	703.00	681.00	708.00	708.00	699.00	678.00	689.00	710.00	715.00	700.00	696.00	710.00	724.00	704.00	694.00	701.00	703.00	692.00	695.00	709.00	693.00	689.00	700.00	699.00	707.00	704.00	699.00	717.00	707.00	706.00	711.00	731.00	723.00	722.00	740.00	741.00	748.00	726.00	721.00	742.00	729.00	740.00	730.00	738.00	744.00	741.00	744.00	736.00	743.00	743.00	736.00	727.00	727.00	731.00	758.00	732.00	735.00	756.00	742.00	739.00	742.00	745.00	740.00	744.00	745.00	746.00	757.00	751.00	745.00	736.00	738.00	738.00	721.00	734.00	741.00	735.00	727.00	736.00	741.00	735.00	745.00	731.00	735.00	752.00	755.00	756.00	758.00	750.00	751.00	749.00	766.00	765.00	774.00	757.00	756.00	759.00	753.00	760.00	766.00	775.00	780.00	785.00	769.00	761.00	758.00	758.00	764.00	752.00	747.00	744.00	749.00	750.00	747.00	748.00	752.00	755.00	750.00	743.00	752.00	752.00	742.00	742.00	736.00	735.00	735.00	747.00	744.00	745.00	743.00	748.00	760.00	789.00	801.00	797.00	778.00	781.00	793.00	797.00	793.00	790.00	788.00	785.00	785.00	785.00	793.00	788.00	790.00	798.00	799.00	796.00	794.00	792.00	796.00	796.00	788.00	777.00	774.00	783.00	795.00	808.00	808.00	795.00	788.00	800.00	808.00
705.00	705.00	708.00	716.00	704.00	707.00	701.00	702.00	705.00	699.00	699.00	700.00	703.00	693.00	690.00	679.00	686.00	699.00	708.00	713.00	699.00	702.00	699.00	695.00	708.00	701.00	699.00	697.00	699.00	687.00	700.00	725.00	721.00	708.00	718.00	721.00	712.00	707.00	718.00	708.00	712.00	720.00	737.00	723.00	704.00	714.00	712.00	703.00	719.00	715.00	725.00	696.00	705.00	709.00	722.00	715.00	717.00	710.00	725.00	719.00	702.00	712.00	713.00	704.00	702.00	708.00	715.00	730.00	720.00	731.00	710.00	692.00	676.00	703.00	695.00	718.00	717.00	710.00	714.00	700.00	714.00	698.00	711.00	700.00	700.00	696.00	679.00	692.00	699.00	709.00	696.00	690.00	681.00	705.00	711.00	694.00	682.00	685.00	705.00	712.00	707.00	689.00	699.00	713.00	714.00	681.00	691.00	701.00	701.00	695.00	707.00	701.00	696.00	692.00	698.00	694.00	696.00	692.00	707.00	720.00	723.00	734.00	736.00	740.00	729.00	734.00	742.00	728.00	718.00	722.00	736.00	725.00	733.00	743.00	743.00	734.00	740.00	739.00	736.00	747.00	757.00	735.00	732.00	728.00	727.00	747.00	732.00	740.00	755.00	741.00	742.00	748.00	745.00	736.00	737.00	738.00	743.00	753.00	755.00	755.00	749.00	746.00	735.00	727.00	728.00	741.00	743.00	729.00	738.00	748.00	738.00	751.00	735.00	744.00	742.00	746.00	756.00	762.00	749.00	763.00	754.00	762.00	769.00	759.00	763.00	776.00	758.00	755.00	762.00	772.00	773.00	777.00	779.00	774.00	773.00	764.00	765.00	760.00	753.00	743.00	750.00	753.00	750.00	750.00	754.00	765.00	746.00	745.00	752.00	753.00	745.00	744.00	752.00	739.00	748.00	740.00	741.00	743.00	748.00	746.00	755.00	766.00	778.00	782.00	783.00	780.00	783.00	784.00	794.00	787.00	786.00	786.00	789.00	783.00	780.00	794.00	787.00	789.00	791.00	799.00	796.00	789.00	795.00	797.00	790.00	782.00	781.00	773.00	793.00	788.00	790.00	796.00	792.00	788.00	797.00	803.00
695.00	701.00	708.00	704.00	703.00	703.00	706.00	711.00	705.00	703.00	707.00	701.00	722.00	712.00	693.00	681.00	690.00	697.00	703.00	719.00	713.00	711.00	700.00	697.00	723.00	709.00	705.00	698.00	719.00	690.00	692.00	704.00	704.00	710.00	712.00	713.00	715.00	716.00	730.00	714.00	717.00	738.00	733.00	709.00	702.00	713.00	712.00	713.00	708.00	713.00	722.00	707.00	711.00	713.00	720.00	713.00	713.00	706.00	728.00	726.00	708.00	739.00	734.00	705.00	716.00	734.00	721.00	725.00	710.00	705.00	688.00	681.00	687.00	721.00	697.00	703.00	713.00	705.00	722.00	704.00	709.00	709.00	704.00	716.00	705.00	689.00	681.00	708.00	691.00	699.00	688.00	710.00	687.00	691.00	708.00	696.00	692.00	679.00	686.00	689.00	705.00	705.00	694.00	704.00	715.00	689.00	693.00	686.00	692.00	693.00	698.00	698.00	695.00	699.00	687.00	694.00	694.00	696.00	725.00	735.00	719.00	727.00	715.00	749.00	723.00	712.00	716.00	732.00	718.00	722.00	724.00	716.00	741.00	753.00	744.00	744.00	737.00	743.00	739.00	749.00	754.00	746.00	740.00	737.00	742.00	730.00	734.00	747.00	748.00	735.00	746.00	739.00	736.00	737.00	738.00	738.00	741.00	744.00	747.00	756.00	747.00	746.00	745.00	728.00	734.00	743.00	739.00	731.00	745.00	749.00	745.00	753.00	735.00	749.00	754.00	754.00	756.00	759.00	754.00	760.00	767.00	761.00	765.00	762.00	767.00	767.00	774.00	774.00	765.00	765.00	767.00	773.00	777.00	781.00	782.00	768.00	764.00	760.00	756.00	747.00	753.00	754.00	754.00	756.00	765.00	785.00	748.00	744.00	755.00	760.00	757.00	746.00	748.00	743.00	742.00	745.00	749.00	747.00	749.00	748.00	764.00	765.00	787.00	790.00	783.00	776.00	790.00	781.00	785.00	788.00	784.00	783.00	784.00	785.00	783.00	786.00	790.00	799.00	791.00	800.00	800.00	792.00	797.00	793.00	781.00	771.00	785.00	777.00	803.00	807.00	787.00	790.00	791.00	791.00	787.00	794.00
709.00	709.00	706.00	702.00	696.00	697.00	714.00	717.00	707.00	698.00	702.00	693.00	707.00	698.00	688.00	681.00	694.00	698.00	705.00	708.00	714.00	717.00	699.00	705.00	725.00	711.00	706.00	699.00	732.00	697.00	690.00	690.00	699.00	719.00	728.00	733.00	713.00	711.00	722.00	728.00	719.00	729.00	734.00	711.00	706.00	718.00	726.00	724.00	720.00	712.00	701.00	709.00	722.00	715.00	710.00	719.00	722.00	714.00	718.00	718.00	723.00	744.00	730.00	713.00	729.00	733.00	706.00	703.00	700.00	695.00	695.00	675.00	690.00	708.00	723.00	716.00	718.00	720.00	718.00	729.00	725.00	716.00	703.00	699.00	707.00	689.00	682.00	719.00	693.00	694.00	691.00	709.00	691.00	684.00	710.00	711.00	700.00	683.00	697.00	687.00	684.00	724.00	711.00	700.00	714.00	694.00	705.00	693.00	688.00	686.00	690.00	696.00	700.00	715.00	692.00	694.00	705.00	711.00	713.00	726.00	712.00	723.00	711.00	741.00	713.00	732.00	741.00	734.00	716.00	711.00	713.00	722.00	746.00	752.00	764.00	750.00	746.00	753.00	741.00	742.00	744.00	745.00	742.00	737.00	751.00	733.00	736.00	745.00	736.00	736.00	738.00	735.00	733.00	734.00	748.00	738.00	741.00	742.00	743.00	745.00	747.00	761.00	755.00	735.00	739.00	746.00	741.00	729.00	734.00	742.00	752.00	745.00	743.00	736.00	754.00	759.00	752.00	762.00	767.00	767.00	775.00	767.00	761.00	769.00	771.00	765.00	771.00	775.00	764.00	763.00	770.00	769.00	770.00	773.00	779.00	764.00	765.00	761.00	751.00	752.00	751.00	757.00	760.00	763.00	770.00	782.00	756.00	755.00	753.00	760.00	754.00	745.00	742.00	750.00	744.00	743.00	741.00	747.00	753.00	750.00	753.00	763.00	793.00	794.00	792.00	789.00	787.00	783.00	778.00	789.00	791.00	782.00	784.00	788.00	787.00	788.00	798.00	806.00	806.00	789.00	798.00	791.00	785.00	784.00	781.00	782.00	785.00	777.00	807.00	817.00	810.00	790.00	789.00	794.00	789.00	787.00
700.00	708.00	710.00	711.00	711.00	712.00	704.00	717.00	710.00	720.00	717.00	704.00	719.00	696.00	694.00	682.00	686.00	693.00	694.00	703.00	711.00	707.00	717.00	707.00	702.00	724.00	728.00	707.00	700.00	719.00	699.00	711.00	714.00	695.00	693.00	702.00	720.00	720.00	703.00	712.00	730.00	722.00	708.00	720.00	734.00	735.00	715.00	721.00	709.00	722.00	720.00	712.00	719.00	732.00	711.00	717.00	724.00	728.00	735.00	730.00	742.00	729.00	720.00	713.00	709.00	696.00	696.00	695.00	700.00	686.00	681.00	697.00	715.00	733.00	705.00	726.00	709.00	712.00	708.00	722.00	715.00	732.00	729.00	708.00	691.00	686.00	683.00	697.00	697.00	704.00	697.00	692.00	715.00	694.00	680.00	707.00	712.00	695.00	721.00	730.00	700.00	707.00	698.00	706.00	698.00	714.00	720.00	701.00	700.00	709.00	701.00	706.00	691.00	687.00	706.00	691.00	692.00	693.00	691.00	693.00	695.00	698.00	700.00	697.00	702.00	706.00	704.00	706.00	714.00	725.00	735.00	730.00	720.00	728.00	723.00	726.00	740.00	756.00	760.00	747.00	751.00	737.00	747.00	735.00	741.00	733.00	735.00	737.00	740.00	747.00	748.00	744.00	743.00	741.00	766.00	746.00	741.00	743.00	746.00	735.00	736.00	732.00	747.00	759.00	765.00	751.00	740.00	744.00	738.00	749.00	753.00	747.00	744.00	751.00	754.00	755.00	755.00	762.00	772.00	765.00	766.00	766.00	755.00	759.00	765.00	767.00	765.00	758.00	759.00	774.00	767.00	768.00	769.00	769.00	779.00	775.00	770.00	763.00	756.00	760.00	757.00	757.00	762.00	765.00	774.00	789.00	771.00	761.00	759.00	760.00	761.00	754.00	759.00	750.00	754.00	761.00	753.00	763.00	763.00	757.00	768.00	770.00	788.00	800.00	804.00	811.00	799.00	784.00	776.00	782.00	788.00	791.00	791.00	791.00	792.00	785.00	790.00	803.00	799.00	787.00	785.00	785.00	785.00	782.00	784.00	783.00	783.00	784.00	799.00	811.00	804.00	791.00	803.00	796.00	795.00	810.00