172.00	174.00	174.00	173.00	172.00	170.00	167.00	164.00	164.00	167.00	170.00	171.00	170.00	169.00	169.00	170.00	171.00	174.00	174.00	173.00	172.00	172.00	171.00	170.00	170.00	171.00	174.00	178.00	182.00	187.00	193.00	196.00	199.00	204.00	205.00	205.00	204.00	203.00	202.00	196.00	195.00	195.00	195.00	190.00	186.00	183.00	180.00	178.00	175.00	175.00	175.00	173.00	170.00	177.00	182.00	186.00	190.00	195.00	197.00	199.00	200.00	201.00	199.00	197.00	201.00	202.00	202.00	200.00	197.00	193.00	189.00	187.00	185.00	185.00	188.00	202.00	206.00	209.00	210.00	212.00	213.00	211.00	209.00	205.00	195.00	190.00	189.00	189.00	190.00	188.00	186.00	183.00	178.00	166.00	167.00	173.00	185.00	192.00	193.00	191.00	186.00	182.00	176.00	173.00	170.00	166.00	159.00	159.00	158.00	157.00	154.00	149.00	151.00	156.00	161.00	166.00	156.00	153.00	151.00	153.00	164.00	169.00	175.00	183.00	201.00	207.00	210.00	217.00	219.00	218.00	214.00	213.00	212.00	204.00	202.00	198.00	194.00	189.00	176.00	171.00	166.00	162.00	157.00	157.00	157.00	156.00	156.00	150.00	154.00	159.00	161.00	163.00	163.00	162.00	161.00	158.00	151.00	152.00	155.00	160.00	163.00	164.00	166.00	168.00	172.00	173.00	175.00	176.00	177.00	178.00	177.00	176.00	174.00	173.00	172.00	172.00	172.00	172.00	173.00	173.00	173.00	171.00	164.00	161.00	158.00	153.00	149.00	139.00	138.00	143.00	156.00	162.00	162.00	161.00	159.00	156.00	149.00	146.00	144.00	143.00	144.00	148.00	151.00	154.00	156.00	156.00	155.00	153.00	152.00	149.00	148.00	145.00	144.00	140.00	133.00	133.00	135.00	137.00	140.00	141.00	143.00	144.00	146.00	148.00	149.00	149.00	150.00	151.00	152.00	152.00	152.00	152.00	136.00	133.00	133.00	132.00	132.00	133.00	134.00	134.00	135.00	136.00	139.00	140.00	140.00	138.00	136.00	136.00	136.00	136.00	135.00	137.00	141.00	148.00	153.00	154.00
172.00	174.00	174.00	173.00	172.00	170.00	167.00	164.00	164.00	167.00	170.00	171.00	170.00	169.00	169.00	170.00	171.00	174.00	174.00	173.00	172.00	172.00	171.00	170.00	170.00	171.00	174.00	178.00	182.00	187.00	193.00	196.00	199.00	204.00	205.00	205.00	204.00	203.00	202.00	196.00	195.00	195.00	195.00	190.00	186.00	183.00	180.00	178.00	175.00	175.00	175.00	173.00	170.00	177.00	182.00	186.00	190.00	195.00	197.00	199.00	200.00	201.00	199.00	197.00	201.00	202.00	202.00	200.00	197.00	193.00	189.00	187.00	185.00	185.00	188.00	202.00	206.00	209.00	210.00	212.00	213.00	211.00	209.00	205.00	195.00	190.00	189.00	189.00	190.00	188.00	186.00	183.00	178.00	166.00	167.00	173.00	185.00	192.00	193.00	191.00	186.00	182.00	176.00	173.00	170.00	166.00	159.00	159.00	158.00	157.00	154.00	149.00	151.00	156.00	161.00	166.00	156.00	153.00	151.00	153.00	164.00	169.00	175.00	183.00	201.00	207.00	210.00	217.00	219.00	218.00	214.00	213.00	212.00	204.00	202.00	198.00	194.00	189.00	176.00	171.00	166.00	162.00	157.00	157.00	157.00	156.00	156.00	150.00	154.00	159.00	161.00	163.00	163.00	162.00	161.00	158.00	151.00	152.00	155.00	160.00	163.00	164.00	166.00	168.00	172.00	173.00	175.00	176.00	177.00	178.00	177.00	176.00	174.00	173.00	172.00	172.00	172.00	172.00	173.00	173.00	173.00	171.00	164.00	161.00	158.00	153.00	149.00	139.00	138.00	143.00	156.00	162.00	162.00	161.00	159.00	156.00	149.00	146.00	144.00	143.00	144.00	148.00	151.00	154.00	156.00	156.00	155.00	153.00	152.00	149.00	148.00	145.00	144.00	140.00	133.00	133.00	135.00	137.00	140.00	141.00	143.00	144.00	146.00	148.00	149.00	149.00	150.00	151.00	152.00	152.00	152.00	152.00	136.00	133.00	133.00	132.00	132.00	133.00	134.00	134.00	135.00	136.00	139.00	140.00	140.00	138.00	136.00	136.00	136.00	136.00	135.00	137.00	141.00	148.00	153.00	154.00
172.00	174.00	174.00	173.00	172.00	170.00	167.00	164.00	164.00	167.00	170.00	171.00	170.00	169.00	169.00	170.00	171.00	174.00	174.00	173.00	172.00	172.00	171.00	170.00	170.00	171.00	174.00	178.00	182.00	187.00	193.00	196.00	199.00	204.00	205.00	205.00	204.00	203.00	202.00	196.00	195.00	195.00	195.00	190.00	186.00	183.00	180.00	178.00	175.00	175.00	175.00	173.00	170.00	177.00	182.00	186.00	190.00	195.00	197.00	199.00	200.00	201.00	199.00	197.00	201.00	202.00	202.00	200.00	197.00	193.00	189.00	187.00	185.00	185.00	188.00	202.00	206.00	209.00	210.00	212.00	213.00	211.00	209.00	205.00	195.00	190.00	189.00	189.00	190.00	188.00	186.00	183.00	178.00	166.00	167.00	173.00	185.00	192.00	193.00	191.00	186.00	182.00	176.00	173.00	170.00	166.00	159.00	159.00	158.00	157.00	154.00	149.00	151.00	156.00	161.00	166.00	156.00	153.00	151.00	153.00	164.00	169.00	175.00	183.00	201.00	207.00	210.00	217.00	219.00	218.00	214.00	213.00	212.00	204.00	202.00	198.00	194.00	189.00	176.00	171.00	166.00	162.00	157.00	157.00	157.00	156.00	156.00	150.00	154.00	159.00	161.00	163.00	163.00	162.00	161.00	158.00	151.00	152.00	155.00	160.00	163.00	164.00	166.00	168.00	172.00	173.00	175.00	176.00	177.00	178.00	177.00	176.00	174.00	173.00	172.00	172.00	172.00	172.00	173.00	173.00	173.00	171.00	164.00	161.00	158.00	153.00	149.00	139.00	138.00	143.00	156.00	162.00	162.00	161.00	159.00	156.00	149.00	146.00	144.00	143.00	144.00	148.00	151.00	154.00	156.00	156.00	155.00	153.00	152.00	149.00	148.00	145.00	144.00	140.00	133.00	133.00	135.00	137.00	140.00	141.00	143.00	144.00	146.00	148.00	149.00	149.00	150.00	151.00	152.00	152.00	152.00	152.00	136.00	133.00	133.00	132.00	132.00	133.00	134.00	134.00	135.00	136.00	139.00	140.00	140.00	138.00	136.00	136.00	136.00	136.00	135.00	137.00	141.00	148.00	153.00	154.00
163.00	165.00	165.00	163.00	161.00	160.00	159.00	157.00	155.00	157.00	159.00	160.00	162.00	164.00	166.00	169.00	171.00	174.00	175.00	176.00	177.00	179.00	177.00	175.00	173.00	166.00	165.00	165.00	169.00	174.00	183.00	186.00	189.00	192.00	192.00	191.00	191.00	191.00	191.00	192.00	192.00	193.00	193.00	193.00	191.00	188.00	185.00	183.00	177.00	174.00	172.00	170.00	172.00	177.00	180.00	185.00	188.00	194.00	195.00	196.00	198.00	195.00	194.00	193.00	196.00	197.00	198.00	198.00	197.00	195.00	191.00	186.00	182.00	182.00	185.00	190.00	191.00	192.00	192.00	194.00	194.00	196.00	198.00	198.00	195.00	191.00	189.00	188.00	188.00	186.00	183.00	178.00	172.00	163.00	164.00	168.00	176.00	182.00	182.00	181.00	179.00	176.00	170.00	167.00	163.00	160.00	160.00	161.00	161.00	160.00	158.00	153.00	152.00	150.00	151.00	165.00	163.00	157.00	154.00	156.00	164.00	168.00	174.00	182.00	203.00	212.00	218.00	223.00	223.00	220.00	218.00	216.00	215.00	210.00	206.00	200.00	194.00	187.00	172.00	169.00	166.00	165.00	166.00	166.00	165.00	164.00	161.00	155.00	161.00	165.00	168.00	166.00	163.00	160.00	157.00	155.00	156.00	155.00	157.00	166.00	171.00	173.00	175.00	178.00	184.00	186.00	187.00	189.00	190.00	190.00	188.00	186.00	184.00	182.00	183.00	183.00	184.00	184.00	183.00	181.00	180.00	178.00	175.00	173.00	171.00	168.00	165.00	158.00	157.00	158.00	164.00	166.00	166.00	163.00	159.00	155.00	146.00	143.00	140.00	138.00	152.00	157.00	159.00	160.00	160.00	160.00	159.00	158.00	156.00	151.00	148.00	143.00	141.00	139.00	140.00	137.00	136.00	138.00	140.00	142.00	142.00	143.00	144.00	147.00	148.00	150.00	152.00	154.00	154.00	154.00	153.00	153.00	135.00	133.00	134.00	135.00	137.00	139.00	140.00	140.00	140.00	142.00	143.00	142.00	140.00	134.00	132.00	133.00	135.00	137.00	135.00	135.00	136.00	140.00	145.00	148.00
169.00	167.00	166.00	165.00	164.00	163.00	162.00	161.00	157.00	155.00	154.00	153.00	157.00	160.00	162.00	164.00	165.00	166.00	167.00	168.00	168.00	169.00	170.00	171.00	171.00	172.00	172.00	173.00	174.00	175.00	181.00	183.00	185.00	190.00	182.00	178.00	176.00	174.00	174.00	175.00	175.00	175.00	176.00	177.00	177.00	177.00	177.00	176.00	174.00	173.00	170.00	168.00	166.00	175.00	181.00	186.00	189.00	195.00	196.00	197.00	196.00	189.00	188.00	189.00	191.00	191.00	189.00	188.00	188.00	189.00	190.00	187.00	182.00	180.00	180.00	182.00	182.00	181.00	182.00	182.00	185.00	189.00	192.00	193.00	188.00	182.00	179.00	179.00	181.00	178.00	174.00	169.00	166.00	170.00	174.00	176.00	174.00	180.00	182.00	182.00	179.00	176.00	170.00	167.00	163.00	161.00	159.00	157.00	156.00	155.00	156.00	157.00	155.00	150.00	146.00	155.00	160.00	157.00	155.00	156.00	162.00	165.00	167.00	170.00	183.00	193.00	201.00	212.00	214.00	212.00	212.00	213.00	214.00	212.00	208.00	203.00	197.00	191.00	177.00	175.00	174.00	174.00	171.00	170.00	168.00	165.00	162.00	159.00	165.00	167.00	168.00	171.00	168.00	164.00	160.00	160.00	164.00	163.00	160.00	158.00	163.00	166.00	169.00	173.00	184.00	190.00	194.00	197.00	199.00	197.00	194.00	192.00	191.00	193.00	194.00	195.00	195.00	195.00	191.00	186.00	184.00	183.00	179.00	178.00	176.00	175.00	173.00	172.00	172.00	172.00	173.00	173.00	172.00	171.00	170.00	168.00	162.00	158.00	154.00	150.00	157.00	161.00	163.00	165.00	164.00	161.00	159.00	158.00	156.00	150.00	146.00	142.00	140.00	138.00	138.00	139.00	138.00	139.00	145.00	145.00	143.00	142.00	145.00	146.00	146.00	147.00	148.00	152.00	153.00	152.00	152.00	152.00	138.00	138.00	140.00	141.00	143.00	144.00	145.00	145.00	145.00	149.00	149.00	144.00	138.00	126.00	127.00	131.00	134.00	137.00	134.00	129.00	128.00	131.00	133.00	134.00
169.00	167.00	166.00	165.00	164.00	163.00	162.00	161.00	157.00	155.00	154.00	153.00	157.00	160.00	162.00	164.00	165.00	166.00	167.00	168.00	168.00	169.00	170.00	171.00	171.00	172.00	172.00	173.00	174.00	175.00	181.00	183.00	185.00	190.00	182.00	178.00	176.00	174.00	174.00	175.00	175.00	175.00	176.00	177.00	177.00	177.00	177.00	176.00	174.00	173.00	170.00	168.00	166.00	175.00	181.00	186.00	189.00	195.00	196.00	197.00	196.00	189.00	188.00	189.00	191.00	191.00	189.00	188.00	188.00	189.00	190.00	187.00	182.00	180.00	180.00	182.00	182.00	181.00	182.00	182.00	185.00	189.00	192.00	193.00	188.00	182.00	179.00	179.00	181.00	178.00	174.00	169.00	166.00	170.00	174.00	176.00	174.00	180.00	182.00	182.00	179.00	176.00	170.00	167.00	163.00	161.00	159.00	157.00	156.00	155.00	156.00	157.00	155.00	150.00	146.00	155.00	160.00	157.00	155.00	156.00	162.00	165.00	167.00	170.00	183.00	193.00	201.00	212.00	214.00	212.00	212.00	213.00	214.00	212.00	208.00	203.00	197.00	191.00	177.00	175.00	174.00	174.00	171.00	170.00	168.00	165.00	162.00	159.00	165.00	167.00	168.00	171.00	168.00	164.00	160.00	160.00	164.00	163.00	160.00	158.00	163.00	166.00	169.00	173.00	184.00	190.00	194.00	197.00	199.00	197.00	194.00	192.00	191.00	193.00	194.00	195.00	195.00	195.00	191.00	186.00	184.00	183.00	179.00	178.00	176.00	175.00	173.00	172.00	172.00	172.00	173.00	173.00	172.00	171.00	170.00	168.00	162.00	158.00	154.00	150.00	157.00	161.00	163.00	165.00	164.00	161.00	159.00	158.00	156.00	150.00	146.00	142.00	140.00	138.00	138.00	139.00	138.00	139.00	145.00	145.00	143.00	142.00	145.00	146.00	146.00	147.00	148.00	152.00	153.00	152.00	152.00	152.00	138.00	138.00	140.00	141.00	143.00	144.00	145.00	145.00	145.00	149.00	149.00	144.00	138.00	126.00	127.00	131.00	134.00	137.00	134.00	129.00	128.00	131.00	133.00	134.00
169.00	167.00	166.00	165.00	164.00	163.00	162.00	161.00	157.00	155.00	154.00	153.00	157.00	160.00	162.00	164.00	165.00	166.00	167.00	168.00	168.00	169.00	170.00	171.00	171.00	172.00	172.00	173.00	174.00	175.00	181.00	183.00	185.00	190.00	182.00	178.00	176.00	174.00	174.00	175.00	175.00	175.00	176.00	177.00	177.00	177.00	177.00	176.00	174.00	173.00	170.00	168.00	166.00	175.00	181.00	186.00	189.00	195.00	196.00	197.00	196.00	189.00	188.00	189.00	191.00	191.00	189.00	188.00	188.00	189.00	190.00	187.00	182.00	180.00	180.00	182.00	182.00	181.00	182.00	182.00	185.00	189.00	192.00	193.00	188.00	182.00	179.00	179.00	181.00	178.00	174.00	169.00	166.00	170.00	174.00	176.00	174.00	180.00	182.00	182.00	179.00	176.00	170.00	167.00	163.00	161.00	159.00	157.00	156.00	155.00	156.00	157.00	155.00	150.00	146.00	155.00	160.00	157.00	155.00	156.00	162.00	165.00	167.00	170.00	183.00	193.00	201.00	212.00	214.00	212.00	212.00	213.00	214.00	212.00	208.00	203.00	197.00	191.00	177.00	175.00	174.00	174.00	171.00	170.00	168.00	165.00	162.00	159.00	165.00	167.00	168.00	171.00	168.00	164.00	160.00	160.00	164.00	163.00	160.00	158.00	163.00	166.00	169.00	173.00	184.00	190.00	194.00	197.00	199.00	197.00	194.00	192.00	191.00	193.00	194.00	195.00	195.00	195.00	191.00	186.00	184.00	183.00	179.00	178.00	176.00	175.00	173.00	172.00	172.00	172.00	173.00	173.00	172.00	171.00	170.00	168.00	162.00	158.00	154.00	150.00	157.00	161.00	163.00	165.00	164.00	161.00	159.00	158.00	156.00	150.00	146.00	142.00	140.00	138.00	138.00	139.00	138.00	139.00	145.00	145.00	143.00	142.00	145.00	146.00	146.00	147.00	148.00	152.00	153.00	152.00	152.00	152.00	138.00	138.00	140.00	141.00	143.00	144.00	145.00	145.00	145.00	149.00	149.00	144.00	138.00	126.00	127.00	131.00	134.00	137.00	134.00	129.00	128.00	131.00	133.00	134.00
175.00	172.00	171.00	172.00	171.00	171.00	169.00	169.00	166.00	163.00	161.00	158.00	158.00	159.00	161.00	163.00	164.00	164.00	164.00	164.00	164.00	165.00	166.00	166.00	167.00	167.00	168.00	168.00	168.00	169.00	173.00	175.00	178.00	182.00	178.00	175.00	174.00	174.00	173.00	173.00	173.00	173.00	172.00	165.00	163.00	162.00	162.00	162.00	162.00	160.00	157.00	154.00	149.00	155.00	161.00	166.00	172.00	181.00	184.00	186.00	187.00	183.00	183.00	185.00	189.00	190.00	186.00	183.00	181.00	181.00	182.00	181.00	179.00	177.00	178.00	176.00	174.00	172.00	172.00	175.00	179.00	182.00	185.00	187.00	185.00	177.00	173.00	172.00	176.00	175.00	174.00	174.00	174.00	178.00	181.00	183.00	184.00	184.00	185.00	185.00	184.00	181.00	175.00	172.00	169.00	165.00	161.00	163.00	165.00	167.00	169.00	163.00	154.00	149.00	151.00	155.00	152.00	151.00	151.00	151.00	156.00	158.00	161.00	163.00	169.00	172.00	176.00	180.00	183.00	193.00	201.00	210.00	218.00	226.00	225.00	221.00	216.00	208.00	189.00	186.00	184.00	181.00	177.00	174.00	171.00	167.00	163.00	163.00	171.00	172.00	172.00	170.00	169.00	166.00	164.00	164.00	168.00	168.00	166.00	166.00	160.00	160.00	164.00	170.00	181.00	186.00	189.00	191.00	190.00	194.00	196.00	199.00	202.00	204.00	204.00	204.00	204.00	202.00	195.00	190.00	189.00	188.00	185.00	184.00	183.00	183.00	181.00	178.00	177.00	177.00	177.00	176.00	176.00	175.00	174.00	173.00	171.00	170.00	169.00	168.00	168.00	169.00	171.00	173.00	174.00	172.00	168.00	165.00	162.00	156.00	154.00	148.00	145.00	141.00	132.00	128.00	127.00	131.00	143.00	146.00	147.00	146.00	145.00	144.00	143.00	141.00	139.00	143.00	146.00	148.00	151.00	153.00	139.00	138.00	141.00	143.00	146.00	146.00	147.00	149.00	151.00	153.00	149.00	142.00	134.00	130.00	135.00	140.00	142.00	140.00	127.00	120.00	118.00	128.00	133.00	132.00
175.00	172.00	171.00	172.00	171.00	171.00	169.00	169.00	166.00	163.00	161.00	158.00	158.00	159.00	161.00	163.00	164.00	164.00	164.00	164.00	164.00	165.00	166.00	166.00	167.00	167.00	168.00	168.00	168.00	169.00	173.00	175.00	178.00	182.00	178.00	175.00	174.00	174.00	173.00	173.00	173.00	173.00	172.00	165.00	163.00	162.00	162.00	162.00	162.00	160.00	157.00	154.00	149.00	155.00	161.00	166.00	172.00	181.00	184.00	186.00	187.00	183.00	183.00	185.00	189.00	190.00	186.00	183.00	181.00	181.00	182.00	181.00	179.00	177.00	178.00	176.00	174.00	172.00	172.00	175.00	179.00	182.00	185.00	187.00	185.00	177.00	173.00	172.00	176.00	175.00	174.00	174.00	174.00	178.00	181.00	183.00	184.00	184.00	185.00	185.00	184.00	181.00	175.00	172.00	169.00	165.00	161.00	163.00	165.00	167.00	169.00	163.00	154.00	149.00	151.00	155.00	152.00	151.00	151.00	151.00	156.00	158.00	161.00	163.00	169.00	172.00	176.00	180.00	183.00	193.00	201.00	210.00	218.00	226.00	225.00	221.00	216.00	208.00	189.00	186.00	184.00	181.00	177.00	174.00	171.00	167.00	163.00	163.00	171.00	172.00	172.00	170.00	169.00	166.00	164.00	164.00	168.00	168.00	166.00	166.00	160.00	160.00	164.00	170.00	181.00	186.00	189.00	191.00	190.00	194.00	196.00	199.00	202.00	204.00	204.00	204.00	204.00	202.00	195.00	190.00	189.00	188.00	185.00	184.00	183.00	183.00	181.00	178.00	177.00	177.00	177.00	176.00	176.00	175.00	174.00	173.00	171.00	170.00	169.00	168.00	168.00	169.00	171.00	173.00	174.00	172.00	168.00	165.00	162.00	156.00	154.00	148.00	145.00	141.00	132.00	128.00	127.00	131.00	143.00	146.00	147.00	146.00	145.00	144.00	143.00	141.00	139.00	143.00	146.00	148.00	151.00	153.00	139.00	138.00	141.00	143.00	146.00	146.00	147.00	149.00	151.00	153.00	149.00	142.00	134.00	130.00	135.00	140.00	142.00	140.00	127.00	120.00	118.00	128.00	133.00	132.00
180.00	180.00	179.00	177.00	176.00	174.00	174.00	173.00	171.00	169.00	167.00	165.00	167.00	171.00	174.00	175.00	177.00	178.00	177.00	174.00	171.00	168.00	169.00	169.00	168.00	166.00	164.00	162.00	161.00	160.00	161.00	165.00	167.00	171.00	167.00	166.00	166.00	166.00	167.00	169.00	170.00	170.00	171.00	169.00	168.00	167.00	165.00	164.00	160.00	158.00	156.00	151.00	142.00	144.00	149.00	154.00	157.00	161.00	163.00	163.00	162.00	161.00	163.00	166.00	172.00	174.00	177.00	177.00	176.00	176.00	176.00	176.00	175.00	173.00	172.00	175.00	173.00	171.00	168.00	167.00	170.00	174.00	177.00	179.00	178.00	172.00	168.00	166.00	170.00	173.00	175.00	177.00	179.00	183.00	186.00	188.00	193.00	195.00	193.00	191.00	189.00	185.00	176.00	171.00	169.00	169.00	176.00	178.00	178.00	177.00	173.00	157.00	150.00	151.00	156.00	161.00	157.00	156.00	155.00	154.00	156.00	158.00	158.00	158.00	160.00	161.00	163.00	170.00	174.00	186.00	196.00	207.00	217.00	233.00	237.00	238.00	234.00	228.00	204.00	196.00	192.00	188.00	180.00	177.00	174.00	170.00	167.00	169.00	173.00	174.00	175.00	176.00	176.00	175.00	175.00	174.00	170.00	170.00	172.00	171.00	166.00	162.00	160.00	159.00	165.00	167.00	168.00	169.00	172.00	190.00	196.00	200.00	203.00	205.00	203.00	200.00	198.00	200.00	202.00	202.00	200.00	198.00	193.00	190.00	187.00	184.00	182.00	180.00	180.00	180.00	179.00	178.00	179.00	179.00	178.00	176.00	176.00	177.00	178.00	178.00	176.00	177.00	177.00	179.00	179.00	179.00	178.00	176.00	174.00	170.00	168.00	162.00	158.00	154.00	144.00	141.00	140.00	143.00	150.00	152.00	152.00	151.00	145.00	142.00	143.00	143.00	142.00	147.00	151.00	154.00	157.00	160.00	143.00	141.00	140.00	141.00	145.00	147.00	149.00	151.00	152.00	152.00	143.00	136.00	133.00	138.00	145.00	150.00	150.00	143.00	123.00	118.00	120.00	135.00	145.00	146.00
180.00	180.00	179.00	177.00	176.00	174.00	174.00	173.00	171.00	169.00	167.00	165.00	167.00	171.00	174.00	175.00	177.00	178.00	177.00	174.00	171.00	168.00	169.00	169.00	168.00	166.00	164.00	162.00	161.00	160.00	161.00	165.00	167.00	171.00	167.00	166.00	166.00	166.00	167.00	169.00	170.00	170.00	171.00	169.00	168.00	167.00	165.00	164.00	160.00	158.00	156.00	151.00	142.00	144.00	149.00	154.00	157.00	161.00	163.00	163.00	162.00	161.00	163.00	166.00	172.00	174.00	177.00	177.00	176.00	176.00	176.00	176.00	175.00	173.00	172.00	175.00	173.00	171.00	168.00	167.00	170.00	174.00	177.00	179.00	178.00	172.00	168.00	166.00	170.00	173.00	175.00	177.00	179.00	183.00	186.00	188.00	193.00	195.00	193.00	191.00	189.00	185.00	176.00	171.00	169.00	169.00	176.00	178.00	178.00	177.00	173.00	157.00	150.00	151.00	156.00	161.00	157.00	156.00	155.00	154.00	156.00	158.00	158.00	158.00	160.00	161.00	163.00	170.00	174.00	186.00	196.00	207.00	217.00	233.00	237.00	238.00	234.00	228.00	204.00	196.00	192.00	188.00	180.00	177.00	174.00	170.00	167.00	169.00	173.00	174.00	175.00	176.00	176.00	175.00	175.00	174.00	170.00	170.00	172.00	171.00	166.00	162.00	160.00	159.00	165.00	167.00	168.00	169.00	172.00	190.00	196.00	200.00	203.00	205.00	203.00	200.00	198.00	200.00	202.00	202.00	200.00	198.00	193.00	190.00	187.00	184.00	182.00	180.00	180.00	180.00	179.00	178.00	179.00	179.00	178.00	176.00	176.00	177.00	178.00	178.00	176.00	177.00	177.00	179.00	179.00	179.00	178.00	176.00	174.00	170.00	168.00	162.00	158.00	154.00	144.00	141.00	140.00	143.00	150.00	152.00	152.00	151.00	145.00	142.00	143.00	143.00	142.00	147.00	151.00	154.00	157.00	160.00	143.00	141.00	140.00	141.00	145.00	147.00	149.00	151.00	152.00	152.00	143.00	136.00	133.00	138.00	145.00	150.00	150.00	143.00	123.00	118.00	120.00	135.00	145.00	146.00
182.00	180.00	179.00	177.00	177.00	177.00	176.00	175.00	174.00	174.00	173.00	171.00	170.00	172.00	175.00	177.00	178.00	179.00	178.00	176.00	173.00	172.00	175.00	174.00	173.00	171.00	169.00	168.00	166.00	163.00	156.00	156.00	158.00	164.00	162.00	161.00	160.00	160.00	160.00	161.00	162.00	163.00	164.00	164.00	163.00	163.00	162.00	161.00	160.00	159.00	158.00	158.00	154.00	151.00	152.00	154.00	156.00	158.00	158.00	157.00	153.00	151.00	154.00	158.00	162.00	162.00	163.00	163.00	163.00	163.00	163.00	163.00	163.00	163.00	164.00	169.00	170.00	171.00	171.00	166.00	163.00	164.00	167.00	171.00	170.00	166.00	165.00	166.00	167.00	167.00	170.00	175.00	179.00	181.00	182.00	183.00	188.00	196.00	198.00	197.00	193.00	189.00	179.00	177.00	178.00	179.00	181.00	179.00	178.00	177.00	174.00	162.00	154.00	151.00	152.00	163.00	165.00	161.00	159.00	158.00	162.00	166.00	168.00	167.00	160.00	160.00	163.00	171.00	174.00	183.00	190.00	200.00	211.00	228.00	234.00	235.00	233.00	228.00	206.00	198.00	192.00	188.00	181.00	177.00	173.00	168.00	166.00	170.00	177.00	179.00	181.00	185.00	185.00	185.00	185.00	185.00	181.00	181.00	180.00	178.00	174.00	171.00	168.00	164.00	157.00	159.00	162.00	167.00	171.00	191.00	199.00	206.00	210.00	209.00	205.00	199.00	195.00	196.00	203.00	206.00	205.00	203.00	196.00	192.00	189.00	187.00	186.00	188.00	188.00	188.00	185.00	182.00	181.00	180.00	178.00	176.00	181.00	185.00	187.00	185.00	177.00	179.00	181.00	183.00	183.00	184.00	183.00	182.00	180.00	177.00	174.00	170.00	167.00	164.00	160.00	158.00	157.00	157.00	160.00	161.00	162.00	161.00	156.00	150.00	148.00	148.00	148.00	145.00	148.00	151.00	155.00	158.00	144.00	140.00	140.00	141.00	146.00	149.00	150.00	151.00	152.00	150.00	141.00	137.00	136.00	148.00	155.00	158.00	155.00	147.00	127.00	120.00	119.00	130.00	144.00	147.00
182.00	180.00	179.00	177.00	177.00	177.00	176.00	175.00	174.00	174.00	173.00	171.00	170.00	172.00	175.00	177.00	178.00	179.00	178.00	176.00	173.00	172.00	175.00	174.00	173.00	171.00	169.00	168.00	166.00	163.00	156.00	156.00	158.00	164.00	162.00	161.00	160.00	160.00	160.00	161.00	162.00	163.00	164.00	164.00	163.00	163.00	162.00	161.00	160.00	159.00	158.00	158.00	154.00	151.00	152.00	154.00	156.00	158.00	158.00	157.00	153.00	151.00	154.00	158.00	162.00	162.00	163.00	163.00	163.00	163.00	163.00	163.00	163.00	163.00	164.00	169.00	170.00	171.00	171.00	166.00	163.00	164.00	167.00	171.00	170.00	166.00	165.00	166.00	167.00	167.00	170.00	175.00	179.00	181.00	182.00	183.00	188.00	196.00	198.00	197.00	193.00	189.00	179.00	177.00	178.00	179.00	181.00	179.00	178.00	177.00	174.00	162.00	154.00	151.00	152.00	163.00	165.00	161.00	159.00	158.00	162.00	166.00	168.00	167.00	160.00	160.00	163.00	171.00	174.00	183.00	190.00	200.00	211.00	228.00	234.00	235.00	233.00	228.00	206.00	198.00	192.00	188.00	181.00	177.00	173.00	168.00	166.00	170.00	177.00	179.00	181.00	185.00	185.00	185.00	185.00	185.00	181.00	181.00	180.00	178.00	174.00	171.00	168.00	164.00	157.00	159.00	162.00	167.00	171.00	191.00	199.00	206.00	210.00	209.00	205.00	199.00	195.00	196.00	203.00	206.00	205.00	203.00	196.00	192.00	189.00	187.00	186.00	188.00	188.00	188.00	185.00	182.00	181.00	180.00	178.00	176.00	181.00	185.00	187.00	185.00	177.00	179.00	181.00	183.00	183.00	184.00	183.00	182.00	180.00	177.00	174.00	170.00	167.00	164.00	160.00	158.00	157.00	157.00	160.00	161.00	162.00	161.00	156.00	150.00	148.00	148.00	148.00	145.00	148.00	151.00	155.00	158.00	144.00	140.00	140.00	141.00	146.00	149.00	150.00	151.00	152.00	150.00	141.00	137.00	136.00	148.00	155.00	158.00	155.00	147.00	127.00	120.00	119.00	130.00	144.00	147.00
182.00	180.00	179.00	177.00	177.00	177.00	176.00	175.00	174.00	174.00	173.00	171.00	170.00	172.00	175.00	177.00	178.00	179.00	178.00	176.00	173.00	172.00	175.00	174.00	173.00	171.00	169.00	168.00	166.00	163.00	156.00	156.00	158.00	164.00	162.00	161.00	160.00	160.00	160.00	161.00	162.00	163.00	164.00	164.00	163.00	163.00	162.00	161.00	160.00	159.00	158.00	158.00	154.00	151.00	152.00	154.00	156.00	158.00	158.00	157.00	153.00	151.00	154.00	158.00	162.00	162.00	163.00	163.00	163.00	163.00	163.00	163.00	163.00	163.00	164.00	169.00	170.00	171.00	171.00	166.00	163.00	164.00	167.00	171.00	170.00	166.00	165.00	166.00	167.00	167.00	170.00	175.00	179.00	181.00	182.00	183.00	188.00	196.00	198.00	197.00	193.00	189.00	179.00	177.00	178.00	179.00	181.00	179.00	178.00	177.00	174.00	162.00	154.00	151.00	152.00	163.00	165.00	161.00	159.00	158.00	162.00	166.00	168.00	167.00	160.00	160.00	163.00	171.00	174.00	183.00	190.00	200.00	211.00	228.00	234.00	235.00	233.00	228.00	206.00	198.00	192.00	188.00	181.00	177.00	173.00	168.00	166.00	170.00	177.00	179.00	181.00	185.00	185.00	185.00	185.00	185.00	181.00	181.00	180.00	178.00	174.00	171.00	168.00	164.00	157.00	159.00	162.00	167.00	171.00	191.00	199.00	206.00	210.00	209.00	205.00	199.00	195.00	196.00	203.00	206.00	205.00	203.00	196.00	192.00	189.00	187.00	186.00	188.00	188.00	188.00	185.00	182.00	181.00	180.00	178.00	176.00	181.00	185.00	187.00	185.00	177.00	179.00	181.00	183.00	183.00	184.00	183.00	182.00	180.00	177.00	174.00	170.00	167.00	164.00	160.00	158.00	157.00	157.00	160.00	161.00	162.00	161.00	156.00	150.00	148.00	148.00	148.00	145.00	148.00	151.00	155.00	158.00	144.00	140.00	140.00	141.00	146.00	149.00	150.00	151.00	152.00	150.00	141.00	137.00	136.00	148.00	155.00	158.00	155.00	147.00	127.00	120.00	119.00	130.00	144.00	147.00
181.00	178.00	177.00	175.00	174.00	173.00	173.00	173.00	172.00	172.00	171.00	170.00	171.00	173.00	176.00	178.00	180.00	181.00	181.00	178.00	175.00	176.00	178.00	178.00	177.00	174.00	174.00	174.00	173.00	171.00	165.00	161.00	159.00	161.00	160.00	159.00	157.00	155.00	155.00	159.00	160.00	161.00	163.00	164.00	164.00	164.00	164.00	164.00	163.00	163.00	162.00	161.00	159.00	156.00	153.00	151.00	151.00	151.00	150.00	150.00	149.00	153.00	155.00	157.00	159.00	159.00	159.00	159.00	158.00	159.00	158.00	157.00	156.00	155.00	154.00	158.00	159.00	160.00	160.00	156.00	152.00	148.00	146.00	146.00	151.00	158.00	164.00	168.00	169.00	165.00	164.00	167.00	170.00	175.00	177.00	179.00	187.00	193.00	195.00	195.00	193.00	191.00	188.00	187.00	185.00	184.00	178.00	176.00	173.00	171.00	169.00	162.00	157.00	152.00	152.00	165.00	172.00	171.00	168.00	166.00	168.00	172.00	174.00	174.00	168.00	163.00	161.00	167.00	171.00	180.00	187.00	195.00	204.00	217.00	221.00	223.00	222.00	218.00	201.00	194.00	187.00	183.00	178.00	175.00	173.00	169.00	167.00	171.00	177.00	181.00	184.00	191.00	194.00	195.00	194.00	193.00	191.00	191.00	190.00	188.00	184.00	181.00	177.00	174.00	168.00	164.00	163.00	166.00	169.00	186.00	193.00	198.00	201.00	202.00	200.00	196.00	191.00	189.00	192.00	190.00	190.00	189.00	187.00	187.00	187.00	188.00	188.00	189.00	190.00	191.00	187.00	186.00	186.00	185.00	184.00	182.00	183.00	185.00	186.00	184.00	178.00	181.00	183.00	185.00	185.00	186.00	185.00	184.00	182.00	178.00	175.00	170.00	166.00	162.00	160.00	161.00	162.00	164.00	169.00	170.00	172.00	173.00	173.00	170.00	168.00	165.00	163.00	158.00	157.00	157.00	158.00	160.00	154.00	153.00	155.00	156.00	158.00	158.00	157.00	156.00	155.00	154.00	147.00	142.00	141.00	153.00	158.00	161.00	158.00	149.00	127.00	119.00	118.00	128.00	142.00	147.00
179.00	177.00	176.00	175.00	174.00	174.00	173.00	173.00	171.00	171.00	171.00	171.00	170.00	172.00	173.00	174.00	174.00	175.00	174.00	172.00	170.00	173.00	176.00	175.00	175.00	174.00	173.00	172.00	171.00	171.00	169.00	168.00	167.00	163.00	162.00	162.00	162.00	161.00	161.00	164.00	164.00	164.00	162.00	156.00	155.00	155.00	157.00	159.00	162.00	163.00	163.00	163.00	164.00	163.00	161.00	156.00	151.00	146.00	147.00	149.00	151.00	156.00	158.00	158.00	157.00	157.00	156.00	157.00	157.00	157.00	156.00	155.00	154.00	152.00	150.00	144.00	144.00	143.00	144.00	143.00	142.00	139.00	135.00	136.00	149.00	156.00	157.00	157.00	153.00	150.00	151.00	155.00	159.00	164.00	166.00	170.00	177.00	186.00	191.00	194.00	195.00	195.00	191.00	188.00	184.00	182.00	177.00	176.00	174.00	170.00	163.00	152.00	151.00	152.00	157.00	169.00	177.00	179.00	179.00	176.00	177.00	181.00	182.00	182.00	176.00	172.00	167.00	166.00	170.00	177.00	181.00	185.00	189.00	198.00	203.00	206.00	208.00	206.00	190.00	187.00	186.00	185.00	182.00	179.00	175.00	171.00	170.00	173.00	178.00	179.00	181.00	188.00	193.00	197.00	200.00	202.00	200.00	199.00	199.00	197.00	191.00	186.00	182.00	178.00	172.00	168.00	165.00	163.00	164.00	177.00	181.00	185.00	187.00	189.00	190.00	190.00	190.00	187.00	181.00	180.00	179.00	179.00	178.00	179.00	179.00	181.00	182.00	184.00	183.00	181.00	178.00	176.00	175.00	175.00	175.00	175.00	174.00	177.00	181.00	184.00	179.00	182.00	185.00	187.00	187.00	183.00	180.00	178.00	177.00	174.00	173.00	167.00	163.00	159.00	164.00	168.00	170.00	172.00	176.00	179.00	182.00	184.00	184.00	180.00	177.00	175.00	171.00	167.00	165.00	165.00	166.00	169.00	160.00	159.00	161.00	163.00	164.00	164.00	163.00	162.00	160.00	158.00	151.00	147.00	146.00	157.00	163.00	164.00	161.00	153.00	133.00	127.00	128.00	141.00	151.00	154.00
179.00	177.00	176.00	175.00	174.00	174.00	173.00	173.00	171.00	171.00	171.00	171.00	170.00	172.00	173.00	174.00	174.00	175.00	174.00	172.00	170.00	173.00	176.00	175.00	175.00	174.00	173.00	172.00	171.00	171.00	169.00	168.00	167.00	163.00	162.00	162.00	162.00	161.00	161.00	164.00	164.00	164.00	162.00	156.00	155.00	155.00	157.00	159.00	162.00	163.00	163.00	163.00	164.00	163.00	161.00	156.00	151.00	146.00	147.00	149.00	151.00	156.00	158.00	158.00	157.00	157.00	156.00	157.00	157.00	157.00	156.00	155.00	154.00	152.00	150.00	144.00	144.00	143.00	144.00	143.00	142.00	139.00	135.00	136.00	149.00	156.00	157.00	157.00	153.00	150.00	151.00	155.00	159.00	164.00	166.00	170.00	177.00	186.00	191.00	194.00	195.00	195.00	191.00	188.00	184.00	182.00	177.00	176.00	174.00	170.00	163.00	152.00	151.00	152.00	157.00	169.00	177.00	179.00	179.00	176.00	177.00	181.00	182.00	182.00	176.00	172.00	167.00	166.00	170.00	177.00	181.00	185.00	189.00	198.00	203.00	206.00	208.00	206.00	190.00	187.00	186.00	185.00	182.00	179.00	175.00	171.00	170.00	173.00	178.00	179.00	181.00	188.00	193.00	197.00	200.00	202.00	200.00	199.00	199.00	197.00	191.00	186.00	182.00	178.00	172.00	168.00	165.00	163.00	164.00	177.00	181.00	185.00	187.00	189.00	190.00	190.00	190.00	187.00	181.00	180.00	179.00	179.00	178.00	179.00	179.00	181.00	182.00	184.00	183.00	181.00	178.00	176.00	175.00	175.00	175.00	175.00	174.00	177.00	181.00	184.00	179.00	182.00	185.00	187.00	187.00	183.00	180.00	178.00	177.00	174.00	173.00	167.00	163.00	159.00	164.00	168.00	170.00	172.00	176.00	179.00	182.00	184.00	184.00	180.00	177.00	175.00	171.00	167.00	165.00	165.00	166.00	169.00	160.00	159.00	161.00	163.00	164.00	164.00	163.00	162.00	160.00	158.00	151.00	147.00	146.00	157.00	163.00	164.00	161.00	153.00	133.00	127.00	128.00	141.00	151.00	154.00
179.00	177.00	176.00	175.00	174.00	174.00	173.00	173.00	171.00	171.00	171.00	171.00	170.00	172.00	173.00	174.00	174.00	175.00	174.00	172.00	170.00	173.00	176.00	175.00	175.00	174.00	173.00	172.00	171.00	171.00	169.00	168.00	167.00	163.00	162.00	162.00	162.00	161.00	161.00	164.00	164.00	164.00	162.00	156.00	155.00	155.00	157.00	159.00	162.00	163.00	163.00	163.00	164.00	163.00	161.00	156.00	151.00	146.00	147.00	149.00	151.00	156.00	158.00	158.00	157.00	157.00	156.00	157.00	157.00	157.00	156.00	155.00	154.00	152.00	150.00	144.00	144.00	143.00	144.00	143.00	142.00	139.00	135.00	136.00	149.00	156.00	157.00	157.00	153.00	150.00	151.00	155.00	159.00	164.00	166.00	170.00	177.00	186.00	191.00	194.00	195.00	195.00	191.00	188.00	184.00	182.00	177.00	176.00	174.00	170.00	163.00	152.00	151.00	152.00	157.00	169.00	177.00	179.00	179.00	176.00	177.00	181.00	182.00	182.00	176.00	172.00	167.00	166.00	170.00	177.00	181.00	185.00	189.00	198.00	203.00	206.00	208.00	206.00	190.00	187.00	186.00	185.00	182.00	179.00	175.00	171.00	170.00	173.00	178.00	179.00	181.00	188.00	193.00	197.00	200.00	202.00	200.00	199.00	199.00	197.00	191.00	186.00	182.00	178.00	172.00	168.00	165.00	163.00	164.00	177.00	181.00	185.00	187.00	189.00	190.00	190.00	190.00	187.00	181.00	180.00	179.00	179.00	178.00	179.00	179.00	181.00	182.00	184.00	183.00	181.00	178.00	176.00	175.00	175.00	175.00	175.00	174.00	177.00	181.00	184.00	179.00	182.00	185.00	187.00	187.00	183.00	180.00	178.00	177.00	174.00	173.00	167.00	163.00	159.00	164.00	168.00	170.00	172.00	176.00	179.00	182.00	184.00	184.00	180.00	177.00	175.00	171.00	167.00	165.00	165.00	166.00	169.00	160.00	159.00	161.00	163.00	164.00	164.00	163.00	162.00	160.00	158.00	151.00	147.00	146.00	157.00	163.00	164.00	161.00	153.00	133.00	127.00	128.00	141.00	151.00	154.00
184.00	182.00	180.00	177.00	175.00	175.00	176.00	177.00	179.00	177.00	175.00	173.00	172.00	172.00	171.00	171.00	171.00	170.00	169.00	168.00	167.00	168.00	170.00	171.00	171.00	171.00	171.00	170.00	168.00	166.00	166.00	165.00	165.00	165.00	165.00	164.00	163.00	163.00	163.00	165.00	166.00	166.00	166.00	159.00	159.00	160.00	161.00	161.00	161.00	162.00	161.00	160.00	159.00	159.00	159.00	159.00	157.00	151.00	151.00	152.00	154.00	157.00	159.00	160.00	161.00	162.00	161.00	160.00	159.00	158.00	156.00	153.00	151.00	150.00	148.00	145.00	144.00	143.00	142.00	137.00	135.00	135.00	137.00	141.00	148.00	153.00	153.00	152.00	148.00	145.00	145.00	148.00	153.00	161.00	165.00	167.00	170.00	173.00	175.00	177.00	179.00	179.00	179.00	177.00	177.00	176.00	169.00	167.00	165.00	162.00	155.00	150.00	156.00	161.00	165.00	173.00	182.00	184.00	185.00	182.00	185.00	189.00	191.00	191.00	186.00	182.00	176.00	168.00	170.00	178.00	181.00	184.00	188.00	192.00	194.00	198.00	201.00	202.00	197.00	196.00	194.00	190.00	183.00	179.00	178.00	176.00	174.00	175.00	180.00	182.00	185.00	192.00	196.00	199.00	201.00	202.00	205.00	205.00	205.00	202.00	193.00	188.00	183.00	178.00	173.00	170.00	168.00	165.00	163.00	162.00	165.00	171.00	175.00	177.00	178.00	182.00	185.00	187.00	184.00	176.00	175.00	175.00	171.00	170.00	168.00	168.00	168.00	169.00	170.00	172.00	175.00	180.00	181.00	183.00	184.00	182.00	178.00	177.00	180.00	183.00	184.00	186.00	188.00	186.00	183.00	178.00	176.00	175.00	176.00	172.00	170.00	163.00	160.00	159.00	168.00	171.00	173.00	177.00	184.00	187.00	190.00	191.00	190.00	183.00	180.00	176.00	172.00	164.00	161.00	161.00	165.00	171.00	164.00	164.00	166.00	168.00	171.00	172.00	173.00	174.00	174.00	173.00	169.00	167.00	165.00	166.00	168.00	167.00	165.00	159.00	140.00	134.00	133.00	142.00	154.00	157.00
184.00	182.00	180.00	177.00	175.00	175.00	176.00	177.00	179.00	177.00	175.00	173.00	172.00	172.00	171.00	171.00	171.00	170.00	169.00	168.00	167.00	168.00	170.00	171.00	171.00	171.00	171.00	170.00	168.00	166.00	166.00	165.00	165.00	165.00	165.00	164.00	163.00	163.00	163.00	165.00	166.00	166.00	166.00	159.00	159.00	160.00	161.00	161.00	161.00	162.00	161.00	160.00	159.00	159.00	159.00	159.00	157.00	151.00	151.00	152.00	154.00	157.00	159.00	160.00	161.00	162.00	161.00	160.00	159.00	158.00	156.00	153.00	151.00	150.00	148.00	145.00	144.00	143.00	142.00	137.00	135.00	135.00	137.00	141.00	148.00	153.00	153.00	152.00	148.00	145.00	145.00	148.00	153.00	161.00	165.00	167.00	170.00	173.00	175.00	177.00	179.00	179.00	179.00	177.00	177.00	176.00	169.00	167.00	165.00	162.00	155.00	150.00	156.00	161.00	165.00	173.00	182.00	184.00	185.00	182.00	185.00	189.00	191.00	191.00	186.00	182.00	176.00	168.00	170.00	178.00	181.00	184.00	188.00	192.00	194.00	198.00	201.00	202.00	197.00	196.00	194.00	190.00	183.00	179.00	178.00	176.00	174.00	175.00	180.00	182.00	185.00	192.00	196.00	199.00	201.00	202.00	205.00	205.00	205.00	202.00	193.00	188.00	183.00	178.00	173.00	170.00	168.00	165.00	163.00	162.00	165.00	171.00	175.00	177.00	178.00	182.00	185.00	187.00	184.00	176.00	175.00	175.00	171.00	170.00	168.00	168.00	168.00	169.00	170.00	172.00	175.00	180.00	181.00	183.00	184.00	182.00	178.00	177.00	180.00	183.00	184.00	186.00	188.00	186.00	183.00	178.00	176.00	175.00	176.00	172.00	170.00	163.00	160.00	159.00	168.00	171.00	173.00	177.00	184.00	187.00	190.00	191.00	190.00	183.00	180.00	176.00	172.00	164.00	161.00	161.00	165.00	171.00	164.00	164.00	166.00	168.00	171.00	172.00	173.00	174.00	174.00	173.00	169.00	167.00	165.00	166.00	168.00	167.00	165.00	159.00	140.00	134.00	133.00	142.00	154.00	157.00
189.00	188.00	187.00	183.00	181.00	180.00	181.00	184.00	185.00	183.00	181.00	179.00	173.00	171.00	171.00	171.00	172.00	170.00	170.00	168.00	166.00	163.00	167.00	170.00	172.00	175.00	176.00	177.00	176.00	175.00	174.00	173.00	172.00	172.00	171.00	170.00	168.00	167.00	166.00	165.00	164.00	164.00	164.00	161.00	161.00	160.00	162.00	163.00	163.00	163.00	163.00	162.00	161.00	161.00	160.00	158.00	157.00	153.00	150.00	150.00	151.00	153.00	153.00	153.00	153.00	153.00	155.00	156.00	157.00	158.00	158.00	157.00	156.00	153.00	150.00	145.00	145.00	145.00	144.00	140.00	137.00	137.00	141.00	145.00	151.00	153.00	152.00	152.00	152.00	152.00	154.00	155.00	157.00	163.00	167.00	170.00	172.00	170.00	169.00	167.00	166.00	164.00	161.00	160.00	159.00	157.00	153.00	150.00	146.00	144.00	142.00	143.00	149.00	155.00	161.00	170.00	179.00	183.00	186.00	188.00	192.00	195.00	196.00	194.00	186.00	183.00	179.00	170.00	169.00	180.00	185.00	189.00	193.00	199.00	201.00	204.00	206.00	207.00	202.00	198.00	193.00	190.00	188.00	189.00	188.00	188.00	186.00	179.00	182.00	184.00	186.00	194.00	197.00	200.00	203.00	205.00	208.00	209.00	209.00	203.00	196.00	192.00	189.00	186.00	180.00	176.00	174.00	172.00	171.00	168.00	165.00	163.00	164.00	169.00	172.00	175.00	177.00	178.00	174.00	166.00	165.00	167.00	170.00	169.00	168.00	169.00	172.00	178.00	182.00	186.00	191.00	189.00	187.00	189.00	192.00	191.00	190.00	191.00	190.00	191.00	191.00	191.00	190.00	187.00	184.00	179.00	177.00	176.00	173.00	172.00	173.00	172.00	166.00	163.00	171.00	176.00	179.00	181.00	187.00	191.00	194.00	194.00	189.00	182.00	180.00	178.00	176.00	168.00	162.00	161.00	165.00	171.00	165.00	163.00	164.00	167.00	171.00	173.00	176.00	179.00	180.00	181.00	180.00	180.00	180.00	179.00	179.00	178.00	176.00	172.00	164.00	160.00	156.00	153.00	156.00	157.00
189.00	188.00	187.00	183.00	181.00	180.00	181.00	184.00	185.00	183.00	181.00	179.00	173.00	171.00	171.00	171.00	172.00	170.00	170.00	168.00	166.00	163.00	167.00	170.00	172.00	175.00	176.00	177.00	176.00	175.00	174.00	173.00	172.00	172.00	171.00	170.00	168.00	167.00	166.00	165.00	164.00	164.00	164.00	161.00	161.00	160.00	162.00	163.00	163.00	163.00	163.00	162.00	161.00	161.00	160.00	158.00	157.00	153.00	150.00	150.00	151.00	153.00	153.00	153.00	153.00	153.00	155.00	156.00	157.00	158.00	158.00	157.00	156.00	153.00	150.00	145.00	145.00	145.00	144.00	140.00	137.00	137.00	141.00	145.00	151.00	153.00	152.00	152.00	152.00	152.00	154.00	155.00	157.00	163.00	167.00	170.00	172.00	170.00	169.00	167.00	166.00	164.00	161.00	160.00	159.00	157.00	153.00	150.00	146.00	144.00	142.00	143.00	149.00	155.00	161.00	170.00	179.00	183.00	186.00	188.00	192.00	195.00	196.00	194.00	186.00	183.00	179.00	170.00	169.00	180.00	185.00	189.00	193.00	199.00	201.00	204.00	206.00	207.00	202.00	198.00	193.00	190.00	188.00	189.00	188.00	188.00	186.00	179.00	182.00	184.00	186.00	194.00	197.00	200.00	203.00	205.00	208.00	209.00	209.00	203.00	196.00	192.00	189.00	186.00	180.00	176.00	174.00	172.00	171.00	168.00	165.00	163.00	164.00	169.00	172.00	175.00	177.00	178.00	174.00	166.00	165.00	167.00	170.00	169.00	168.00	169.00	172.00	178.00	182.00	186.00	191.00	189.00	187.00	189.00	192.00	191.00	190.00	191.00	190.00	191.00	191.00	191.00	190.00	187.00	184.00	179.00	177.00	176.00	173.00	172.00	173.00	172.00	166.00	163.00	171.00	176.00	179.00	181.00	187.00	191.00	194.00	194.00	189.00	182.00	180.00	178.00	176.00	168.00	162.00	161.00	165.00	171.00	165.00	163.00	164.00	167.00	171.00	173.00	176.00	179.00	180.00	181.00	180.00	180.00	180.00	179.00	179.00	178.00	176.00	172.00	164.00	160.00	156.00	153.00	156.00	157.00
189.00	188.00	187.00	183.00	181.00	180.00	181.00	184.00	185.00	183.00	181.00	179.00	173.00	171.00	171.00	171.00	172.00	170.00	170.00	168.00	166.00	163.00	167.00	170.00	172.00	175.00	176.00	177.00	176.00	175.00	174.00	173.00	172.00	172.00	171.00	170.00	168.00	167.00	166.00	165.00	164.00	164.00	164.00	161.00	161.00	160.00	162.00	163.00	163.00	163.00	163.00	162.00	161.00	161.00	160.00	158.00	157.00	153.00	150.00	150.00	151.00	153.00	153.00	153.00	153.00	153.00	155.00	156.00	157.00	158.00	158.00	157.00	156.00	153.00	150.00	145.00	145.00	145.00	144.00	140.00	137.00	137.00	141.00	145.00	151.00	153.00	152.00	152.00	152.00	152.00	154.00	155.00	157.00	163.00	167.00	170.00	172.00	170.00	169.00	167.00	166.00	164.00	161.00	160.00	159.00	157.00	153.00	150.00	146.00	144.00	142.00	143.00	149.00	155.00	161.00	170.00	179.00	183.00	186.00	188.00	192.00	195.00	196.00	194.00	186.00	183.00	179.00	170.00	169.00	180.00	185.00	189.00	193.00	199.00	201.00	204.00	206.00	207.00	202.00	198.00	193.00	190.00	188.00	189.00	188.00	188.00	186.00	179.00	182.00	184.00	186.00	194.00	197.00	200.00	203.00	205.00	208.00	209.00	209.00	203.00	196.00	192.00	189.00	186.00	180.00	176.00	174.00	172.00	171.00	168.00	165.00	163.00	164.00	169.00	172.00	175.00	177.00	178.00	174.00	166.00	165.00	167.00	170.00	169.00	168.00	169.00	172.00	178.00	182.00	186.00	191.00	189.00	187.00	189.00	192.00	191.00	190.00	191.00	190.00	191.00	191.00	191.00	190.00	187.00	184.00	179.00	177.00	176.00	173.00	172.00	173.00	172.00	166.00	163.00	171.00	176.00	179.00	181.00	187.00	191.00	194.00	194.00	189.00	182.00	180.00	178.00	176.00	168.00	162.00	161.00	165.00	171.00	165.00	163.00	164.00	167.00	171.00	173.00	176.00	179.00	180.00	181.00	180.00	180.00	180.00	179.00	179.00	178.00	176.00	172.00	164.00	160.00	156.00	153.00	156.00	157.00
192.00	192.00	192.00	185.00	182.00	180.00	179.00	180.00	181.00	181.00	180.00	179.00	172.00	170.00	171.00	173.00	174.00	173.00	170.00	167.00	165.00	167.00	171.00	174.00	175.00	177.00	177.00	176.00	176.00	175.00	174.00	173.00	172.00	172.00	171.00	170.00	171.00	170.00	169.00	168.00	167.00	165.00	165.00	163.00	161.00	160.00	160.00	159.00	160.00	161.00	161.00	162.00	164.00	163.00	161.00	160.00	158.00	154.00	153.00	153.00	154.00	154.00	154.00	154.00	153.00	152.00	153.00	154.00	155.00	155.00	155.00	154.00	153.00	152.00	151.00	148.00	147.00	148.00	147.00	144.00	144.00	146.00	150.00	153.00	156.00	154.00	151.00	147.00	146.00	148.00	149.00	150.00	151.00	152.00	152.00	153.00	157.00	160.00	158.00	156.00	155.00	154.00	152.00	151.00	151.00	151.00	146.00	144.00	141.00	139.00	138.00	143.00	145.00	147.00	149.00	154.00	162.00	167.00	173.00	178.00	187.00	191.00	193.00	192.00	185.00	183.00	180.00	172.00	171.00	178.00	183.00	187.00	191.00	198.00	202.00	203.00	204.00	204.00	200.00	198.00	197.00	198.00	198.00	197.00	195.00	193.00	192.00	187.00	181.00	182.00	187.00	194.00	197.00	200.00	202.00	204.00	203.00	203.00	205.00	203.00	197.00	195.00	193.00	192.00	190.00	189.00	187.00	186.00	185.00	180.00	178.00	175.00	170.00	163.00	164.00	167.00	170.00	171.00	164.00	167.00	171.00	175.00	179.00	179.00	176.00	175.00	175.00	180.00	183.00	186.00	191.00	193.00	192.00	193.00	196.00	199.00	198.00	199.00	199.00	200.00	200.00	197.00	193.00	189.00	184.00	176.00	174.00	176.00	180.00	186.00	185.00	177.00	170.00	166.00	171.00	175.00	178.00	182.00	191.00	195.00	194.00	192.00	186.00	181.00	180.00	179.00	177.00	170.00	167.00	168.00	174.00	179.00	168.00	164.00	164.00	165.00	170.00	173.00	176.00	179.00	182.00	183.00	182.00	184.00	185.00	184.00	182.00	180.00	178.00	175.00	168.00	164.00	162.00	161.00	163.00	164.00
192.00	192.00	192.00	185.00	182.00	180.00	179.00	180.00	181.00	181.00	180.00	179.00	172.00	170.00	171.00	173.00	174.00	173.00	170.00	167.00	165.00	167.00	171.00	174.00	175.00	177.00	177.00	176.00	176.00	175.00	174.00	173.00	172.00	172.00	171.00	170.00	171.00	170.00	169.00	168.00	167.00	165.00	165.00	163.00	161.00	160.00	160.00	159.00	160.00	161.00	161.00	162.00	164.00	163.00	161.00	160.00	158.00	154.00	153.00	153.00	154.00	154.00	154.00	154.00	153.00	152.00	153.00	154.00	155.00	155.00	155.00	154.00	153.00	152.00	151.00	148.00	147.00	148.00	147.00	144.00	144.00	146.00	150.00	153.00	156.00	154.00	151.00	147.00	146.00	148.00	149.00	150.00	151.00	152.00	152.00	153.00	157.00	160.00	158.00	156.00	155.00	154.00	152.00	151.00	151.00	151.00	146.00	144.00	141.00	139.00	138.00	143.00	145.00	147.00	149.00	154.00	162.00	167.00	173.00	178.00	187.00	191.00	193.00	192.00	185.00	183.00	180.00	172.00	171.00	178.00	183.00	187.00	191.00	198.00	202.00	203.00	204.00	204.00	200.00	198.00	197.00	198.00	198.00	197.00	195.00	193.00	192.00	187.00	181.00	182.00	187.00	194.00	197.00	200.00	202.00	204.00	203.00	203.00	205.00	203.00	197.00	195.00	193.00	192.00	190.00	189.00	187.00	186.00	185.00	180.00	178.00	175.00	170.00	163.00	164.00	167.00	170.00	171.00	164.00	167.00	171.00	175.00	179.00	179.00	176.00	175.00	175.00	180.00	183.00	186.00	191.00	193.00	192.00	193.00	196.00	199.00	198.00	199.00	199.00	200.00	200.00	197.00	193.00	189.00	184.00	176.00	174.00	176.00	180.00	186.00	185.00	177.00	170.00	166.00	171.00	175.00	178.00	182.00	191.00	195.00	194.00	192.00	186.00	181.00	180.00	179.00	177.00	170.00	167.00	168.00	174.00	179.00	168.00	164.00	164.00	165.00	170.00	173.00	176.00	179.00	182.00	183.00	182.00	184.00	185.00	184.00	182.00	180.00	178.00	175.00	168.00	164.00	162.00	161.00	163.00	164.00
192.00	192.00	192.00	185.00	182.00	180.00	179.00	180.00	181.00	181.00	180.00	179.00	172.00	170.00	171.00	173.00	174.00	173.00	170.00	167.00	165.00	167.00	171.00	174.00	175.00	177.00	177.00	176.00	176.00	175.00	174.00	173.00	172.00	172.00	171.00	170.00	171.00	170.00	169.00	168.00	167.00	165.00	165.00	163.00	161.00	160.00	160.00	159.00	160.00	161.00	161.00	162.00	164.00	163.00	161.00	160.00	158.00	154.00	153.00	153.00	154.00	154.00	154.00	154.00	153.00	152.00	153.00	154.00	155.00	155.00	155.00	154.00	153.00	152.00	151.00	148.00	147.00	148.00	147.00	144.00	144.00	146.00	150.00	153.00	156.00	154.00	151.00	147.00	146.00	148.00	149.00	150.00	151.00	152.00	152.00	153.00	157.00	160.00	158.00	156.00	155.00	154.00	152.00	151.00	151.00	151.00	146.00	144.00	141.00	139.00	138.00	143.00	145.00	147.00	149.00	154.00	162.00	167.00	173.00	178.00	187.00	191.00	193.00	192.00	185.00	183.00	180.00	172.00	171.00	178.00	183.00	187.00	191.00	198.00	202.00	203.00	204.00	204.00	200.00	198.00	197.00	198.00	198.00	197.00	195.00	193.00	192.00	187.00	181.00	182.00	187.00	194.00	197.00	200.00	202.00	204.00	203.00	203.00	205.00	203.00	197.00	195.00	193.00	192.00	190.00	189.00	187.00	186.00	185.00	180.00	178.00	175.00	170.00	163.00	164.00	167.00	170.00	171.00	164.00	167.00	171.00	175.00	179.00	179.00	176.00	175.00	175.00	180.00	183.00	186.00	191.00	193.00	192.00	193.00	196.00	199.00	198.00	199.00	199.00	200.00	200.00	197.00	193.00	189.00	184.00	176.00	174.00	176.00	180.00	186.00	185.00	177.00	170.00	166.00	171.00	175.00	178.00	182.00	191.00	195.00	194.00	192.00	186.00	181.00	180.00	179.00	177.00	170.00	167.00	168.00	174.00	179.00	168.00	164.00	164.00	165.00	170.00	173.00	176.00	179.00	182.00	183.00	182.00	184.00	185.00	184.00	182.00	180.00	178.00	175.00	168.00	164.00	162.00	161.00	163.00	164.00
191.00	198.00	199.00	196.00	192.00	187.00	183.00	180.00	177.00	176.00	175.00	174.00	169.00	168.00	168.00	169.00	170.00	172.00	171.00	170.00	169.00	170.00	173.00	174.00	175.00	176.00	177.00	176.00	175.00	174.00	171.00	169.00	168.00	170.00	171.00	171.00	171.00	170.00	169.00	167.00	166.00	164.00	163.00	167.00	167.00	167.00	166.00	164.00	162.00	161.00	160.00	160.00	160.00	160.00	160.00	159.00	159.00	157.00	157.00	158.00	158.00	155.00	155.00	155.00	155.00	154.00	154.00	154.00	154.00	154.00	153.00	152.00	151.00	150.00	148.00	146.00	146.00	146.00	145.00	144.00	147.00	151.00	153.00	156.00	157.00	157.00	153.00	150.00	150.00	152.00	153.00	154.00	153.00	149.00	147.00	144.00	142.00	144.00	146.00	149.00	150.00	152.00	151.00	149.00	148.00	148.00	147.00	145.00	142.00	139.00	138.00	146.00	151.00	155.00	158.00	160.00	162.00	165.00	169.00	173.00	180.00	182.00	182.00	180.00	175.00	175.00	174.00	168.00	169.00	174.00	176.00	179.00	184.00	194.00	199.00	203.00	207.00	210.00	208.00	208.00	211.00	215.00	220.00	218.00	213.00	206.00	201.00	194.00	186.00	183.00	183.00	190.00	192.00	194.00	195.00	197.00	200.00	200.00	199.00	195.00	191.00	191.00	191.00	193.00	196.00	198.00	200.00	202.00	203.00	194.00	189.00	185.00	180.00	169.00	166.00	166.00	168.00	168.00	163.00	171.00	175.00	179.00	186.00	188.00	189.00	188.00	185.00	179.00	179.00	180.00	186.00	192.00	195.00	197.00	200.00	202.00	200.00	201.00	202.00	203.00	199.00	194.00	189.00	186.00	183.00	184.00	186.00	188.00	190.00	191.00	188.00	179.00	173.00	169.00	171.00	176.00	181.00	184.00	189.00	191.00	192.00	192.00	190.00	187.00	184.00	181.00	179.00	172.00	168.00	166.00	168.00	173.00	171.00	171.00	171.00	169.00	169.00	172.00	175.00	178.00	181.00	183.00	186.00	187.00	187.00	184.00	181.00	177.00	174.00	171.00	161.00	156.00	153.00	156.00	162.00	165.00
189.00	198.00	199.00	195.00	192.00	189.00	186.00	184.00	180.00	177.00	175.00	173.00	170.00	170.00	169.00	169.00	168.00	169.00	170.00	172.00	172.00	170.00	168.00	170.00	172.00	177.00	177.00	176.00	174.00	173.00	172.00	171.00	170.00	170.00	170.00	169.00	169.00	168.00	167.00	165.00	165.00	167.00	169.00	170.00	170.00	171.00	171.00	172.00	169.00	166.00	163.00	161.00	160.00	161.00	161.00	161.00	159.00	158.00	159.00	160.00	158.00	157.00	156.00	155.00	154.00	153.00	151.00	150.00	149.00	149.00	149.00	148.00	148.00	148.00	148.00	149.00	148.00	148.00	149.00	150.00	151.00	151.00	152.00	152.00	151.00	149.00	148.00	147.00	147.00	148.00	149.00	148.00	147.00	145.00	144.00	144.00	145.00	148.00	150.00	153.00	154.00	156.00	155.00	154.00	155.00	154.00	153.00	150.00	146.00	142.00	141.00	149.00	154.00	158.00	162.00	167.00	172.00	174.00	175.00	177.00	185.00	187.00	188.00	187.00	182.00	179.00	175.00	167.00	168.00	174.00	176.00	177.00	181.00	191.00	198.00	203.00	208.00	214.00	223.00	225.00	229.00	232.00	234.00	231.00	225.00	218.00	211.00	201.00	193.00	189.00	185.00	184.00	187.00	190.00	192.00	194.00	197.00	197.00	198.00	197.00	192.00	187.00	184.00	184.00	192.00	196.00	202.00	207.00	210.00	205.00	199.00	193.00	188.00	178.00	172.00	169.00	167.00	165.00	165.00	173.00	177.00	180.00	188.00	193.00	195.00	196.00	195.00	190.00	186.00	182.00	182.00	190.00	194.00	198.00	202.00	205.00	203.00	202.00	204.00	206.00	195.00	190.00	188.00	189.00	191.00	192.00	193.00	195.00	197.00	194.00	191.00	183.00	181.00	177.00	170.00	172.00	177.00	181.00	187.00	189.00	190.00	191.00	192.00	189.00	187.00	185.00	184.00	181.00	177.00	172.00	169.00	168.00	165.00	169.00	172.00	175.00	177.00	178.00	179.00	181.00	183.00	182.00	182.00	183.00	183.00	179.00	176.00	173.00	170.00	166.00	158.00	154.00	154.00	159.00	164.00	167.00
189.00	198.00	199.00	195.00	192.00	189.00	186.00	184.00	180.00	177.00	175.00	173.00	170.00	170.00	169.00	169.00	168.00	169.00	170.00	172.00	172.00	170.00	168.00	170.00	172.00	177.00	177.00	176.00	174.00	173.00	172.00	171.00	170.00	170.00	170.00	169.00	169.00	168.00	167.00	165.00	165.00	167.00	169.00	170.00	170.00	171.00	171.00	172.00	169.00	166.00	163.00	161.00	160.00	161.00	161.00	161.00	159.00	158.00	159.00	160.00	158.00	157.00	156.00	155.00	154.00	153.00	151.00	150.00	149.00	149.00	149.00	148.00	148.00	148.00	148.00	149.00	148.00	148.00	149.00	150.00	151.00	151.00	152.00	152.00	151.00	149.00	148.00	147.00	147.00	148.00	149.00	148.00	147.00	145.00	144.00	144.00	145.00	148.00	150.00	153.00	154.00	156.00	155.00	154.00	155.00	154.00	153.00	150.00	146.00	142.00	141.00	149.00	154.00	158.00	162.00	167.00	172.00	174.00	175.00	177.00	185.00	187.00	188.00	187.00	182.00	179.00	175.00	167.00	168.00	174.00	176.00	177.00	181.00	191.00	198.00	203.00	208.00	214.00	223.00	225.00	229.00	232.00	234.00	231.00	225.00	218.00	211.00	201.00	193.00	189.00	185.00	184.00	187.00	190.00	192.00	194.00	197.00	197.00	198.00	197.00	192.00	187.00	184.00	184.00	192.00	196.00	202.00	207.00	210.00	205.00	199.00	193.00	188.00	178.00	172.00	169.00	167.00	165.00	165.00	173.00	177.00	180.00	188.00	193.00	195.00	196.00	195.00	190.00	186.00	182.00	182.00	190.00	194.00	198.00	202.00	205.00	203.00	202.00	204.00	206.00	195.00	190.00	188.00	189.00	191.00	192.00	193.00	195.00	197.00	194.00	191.00	183.00	181.00	177.00	170.00	172.00	177.00	181.00	187.00	189.00	190.00	191.00	192.00	189.00	187.00	185.00	184.00	181.00	177.00	172.00	169.00	168.00	165.00	169.00	172.00	175.00	177.00	178.00	179.00	181.00	183.00	182.00	182.00	183.00	183.00	179.00	176.00	173.00	170.00	166.00	158.00	154.00	154.00	159.00	164.00	167.00
189.00	198.00	199.00	195.00	192.00	189.00	186.00	184.00	180.00	177.00	175.00	173.00	170.00	170.00	169.00	169.00	168.00	169.00	170.00	172.00	172.00	170.00	168.00	170.00	172.00	177.00	177.00	176.00	174.00	173.00	172.00	171.00	170.00	170.00	170.00	169.00	169.00	168.00	167.00	165.00	165.00	167.00	169.00	170.00	170.00	171.00	171.00	172.00	169.00	166.00	163.00	161.00	160.00	161.00	161.00	161.00	159.00	158.00	159.00	160.00	158.00	157.00	156.00	155.00	154.00	153.00	151.00	150.00	149.00	149.00	149.00	148.00	148.00	148.00	148.00	149.00	148.00	148.00	149.00	150.00	151.00	151.00	152.00	152.00	151.00	149.00	148.00	147.00	147.00	148.00	149.00	148.00	147.00	145.00	144.00	144.00	145.00	148.00	150.00	153.00	154.00	156.00	155.00	154.00	155.00	154.00	153.00	150.00	146.00	142.00	141.00	149.00	154.00	158.00	162.00	167.00	172.00	174.00	175.00	177.00	185.00	187.00	188.00	187.00	182.00	179.00	175.00	167.00	168.00	174.00	176.00	177.00	181.00	191.00	198.00	203.00	208.00	214.00	223.00	225.00	229.00	232.00	234.00	231.00	225.00	218.00	211.00	201.00	193.00	189.00	185.00	184.00	187.00	190.00	192.00	194.00	197.00	197.00	198.00	197.00	192.00	187.00	184.00	184.00	192.00	196.00	202.00	207.00	210.00	205.00	199.00	193.00	188.00	178.00	172.00	169.00	167.00	165.00	165.00	173.00	177.00	180.00	188.00	193.00	195.00	196.00	195.00	190.00	186.00	182.00	182.00	190.00	194.00	198.00	202.00	205.00	203.00	202.00	204.00	206.00	195.00	190.00	188.00	189.00	191.00	192.00	193.00	195.00	197.00	194.00	191.00	183.00	181.00	177.00	170.00	172.00	177.00	181.00	187.00	189.00	190.00	191.00	192.00	189.00	187.00	185.00	184.00	181.00	177.00	172.00	169.00	168.00	165.00	169.00	172.00	175.00	177.00	178.00	179.00	181.00	183.00	182.00	182.00	183.00	183.00	179.00	176.00	173.00	170.00	166.00	158.00	154.00	154.00	159.00	164.00	167.00
180.00	186.00	188.00	190.00	190.00	190.00	190.00	190.00	188.00	185.00	182.00	179.00	172.00	172.00	171.00	172.00	173.00	176.00	177.00	178.00	177.00	173.00	172.00	171.00	171.00	176.00	179.00	180.00	180.00	179.00	176.00	175.00	175.00	174.00	172.00	170.00	168.00	167.00	166.00	168.00	170.00	173.00	175.00	175.00	175.00	175.00	177.00	179.00	177.00	174.00	171.00	168.00	163.00	162.00	163.00	164.00	164.00	162.00	162.00	161.00	160.00	158.00	156.00	155.00	151.00	153.00	155.00	156.00	155.00	155.00	155.00	155.00	154.00	153.00	151.00	150.00	150.00	151.00	152.00	150.00	149.00	149.00	149.00	149.00	150.00	152.00	155.00	157.00	159.00	159.00	159.00	159.00	157.00	153.00	153.00	154.00	160.00	164.00	167.00	168.00	168.00	168.00	166.00	164.00	162.00	160.00	155.00	150.00	144.00	142.00	144.00	149.00	152.00	155.00	158.00	164.00	169.00	170.00	171.00	173.00	179.00	184.00	187.00	189.00	186.00	183.00	179.00	174.00	175.00	184.00	188.00	191.00	195.00	202.00	206.00	210.00	214.00	217.00	224.00	224.00	224.00	223.00	214.00	209.00	205.00	202.00	200.00	197.00	194.00	192.00	187.00	180.00	181.00	183.00	187.00	190.00	194.00	195.00	196.00	195.00	194.00	192.00	189.00	185.00	181.00	183.00	187.00	191.00	193.00	192.00	190.00	187.00	184.00	174.00	170.00	167.00	164.00	161.00	167.00	176.00	181.00	184.00	189.00	193.00	197.00	201.00	203.00	199.00	194.00	190.00	184.00	190.00	194.00	197.00	201.00	204.00	207.00	208.00	209.00	210.00	195.00	193.00	194.00	196.00	198.00	201.00	202.00	203.00	202.00	196.00	193.00	188.00	185.00	180.00	171.00	169.00	170.00	175.00	184.00	187.00	190.00	192.00	196.00	196.00	195.00	194.00	191.00	186.00	184.00	181.00	179.00	175.00	155.00	158.00	166.00	172.00	176.00	177.00	178.00	179.00	180.00	179.00	173.00	172.00	170.00	168.00	167.00	166.00	166.00	165.00	161.00	158.00	158.00	167.00	171.00	170.00
180.00	186.00	188.00	190.00	190.00	190.00	190.00	190.00	188.00	185.00	182.00	179.00	172.00	172.00	171.00	172.00	173.00	176.00	177.00	178.00	177.00	173.00	172.00	171.00	171.00	176.00	179.00	180.00	180.00	179.00	176.00	175.00	175.00	174.00	172.00	170.00	168.00	167.00	166.00	168.00	170.00	173.00	175.00	175.00	175.00	175.00	177.00	179.00	177.00	174.00	171.00	168.00	163.00	162.00	163.00	164.00	164.00	162.00	162.00	161.00	160.00	158.00	156.00	155.00	151.00	153.00	155.00	156.00	155.00	155.00	155.00	155.00	154.00	153.00	151.00	150.00	150.00	151.00	152.00	150.00	149.00	149.00	149.00	149.00	150.00	152.00	155.00	157.00	159.00	159.00	159.00	159.00	157.00	153.00	153.00	154.00	160.00	164.00	167.00	168.00	168.00	168.00	166.00	164.00	162.00	160.00	155.00	150.00	144.00	142.00	144.00	149.00	152.00	155.00	158.00	164.00	169.00	170.00	171.00	173.00	179.00	184.00	187.00	189.00	186.00	183.00	179.00	174.00	175.00	184.00	188.00	191.00	195.00	202.00	206.00	210.00	214.00	217.00	224.00	224.00	224.00	223.00	214.00	209.00	205.00	202.00	200.00	197.00	194.00	192.00	187.00	180.00	181.00	183.00	187.00	190.00	194.00	195.00	196.00	195.00	194.00	192.00	189.00	185.00	181.00	183.00	187.00	191.00	193.00	192.00	190.00	187.00	184.00	174.00	170.00	167.00	164.00	161.00	167.00	176.00	181.00	184.00	189.00	193.00	197.00	201.00	203.00	199.00	194.00	190.00	184.00	190.00	194.00	197.00	201.00	204.00	207.00	208.00	209.00	210.00	195.00	193.00	194.00	196.00	198.00	201.00	202.00	203.00	202.00	196.00	193.00	188.00	185.00	180.00	171.00	169.00	170.00	175.00	184.00	187.00	190.00	192.00	196.00	196.00	195.00	194.00	191.00	186.00	184.00	181.00	179.00	175.00	155.00	158.00	166.00	172.00	176.00	177.00	178.00	179.00	180.00	179.00	173.00	172.00	170.00	168.00	167.00	166.00	166.00	165.00	161.00	158.00	158.00	167.00	171.00	170.00
161.00	167.00	170.00	177.00	179.00	181.00	182.00	182.00	183.00	182.00	180.00	178.00	172.00	170.00	168.00	168.00	169.00	175.00	177.00	177.00	175.00	174.00	175.00	173.00	172.00	173.00	176.00	179.00	181.00	182.00	182.00	180.00	179.00	176.00	173.00	171.00	168.00	166.00	165.00	165.00	167.00	170.00	172.00	174.00	175.00	176.00	178.00	181.00	182.00	179.00	174.00	170.00	165.00	162.00	162.00	162.00	163.00	162.00	161.00	160.00	158.00	155.00	155.00	154.00	156.00	160.00	165.00	165.00	165.00	165.00	163.00	162.00	161.00	160.00	157.00	156.00	157.00	158.00	158.00	157.00	156.00	156.00	155.00	155.00	156.00	160.00	162.00	164.00	167.00	168.00	169.00	170.00	171.00	173.00	174.00	175.00	177.00	176.00	174.00	173.00	171.00	168.00	166.00	165.00	164.00	164.00	158.00	153.00	147.00	145.00	146.00	152.00	154.00	155.00	156.00	162.00	166.00	167.00	168.00	169.00	171.00	172.00	176.00	179.00	186.00	188.00	188.00	186.00	186.00	193.00	198.00	206.00	214.00	224.00	226.00	225.00	224.00	222.00	218.00	217.00	216.00	215.00	207.00	203.00	199.00	195.00	191.00	185.00	182.00	180.00	178.00	169.00	167.00	171.00	175.00	180.00	187.00	190.00	192.00	193.00	193.00	193.00	193.00	192.00	187.00	184.00	182.00	180.00	180.00	181.00	180.00	177.00	174.00	167.00	164.00	163.00	161.00	160.00	167.00	176.00	180.00	184.00	189.00	192.00	197.00	202.00	206.00	206.00	203.00	201.00	195.00	192.00	195.00	199.00	204.00	208.00	211.00	212.00	212.00	212.00	201.00	203.00	203.00	203.00	203.00	205.00	206.00	206.00	205.00	199.00	195.00	188.00	185.00	180.00	171.00	171.00	171.00	169.00	178.00	182.00	186.00	189.00	194.00	198.00	199.00	199.00	197.00	192.00	189.00	186.00	183.00	180.00	152.00	150.00	157.00	164.00	170.00	169.00	169.00	171.00	172.00	172.00	171.00	173.00	174.00	174.00	175.00	176.00	175.00	173.00	166.00	161.00	158.00	165.00	175.00	178.00
161.00	167.00	170.00	177.00	179.00	181.00	182.00	182.00	183.00	182.00	180.00	178.00	172.00	170.00	168.00	168.00	169.00	175.00	177.00	177.00	175.00	174.00	175.00	173.00	172.00	173.00	176.00	179.00	181.00	182.00	182.00	180.00	179.00	176.00	173.00	171.00	168.00	166.00	165.00	165.00	167.00	170.00	172.00	174.00	175.00	176.00	178.00	181.00	182.00	179.00	174.00	170.00	165.00	162.00	162.00	162.00	163.00	162.00	161.00	160.00	158.00	155.00	155.00	154.00	156.00	160.00	165.00	165.00	165.00	165.00	163.00	162.00	161.00	160.00	157.00	156.00	157.00	158.00	158.00	157.00	156.00	156.00	155.00	155.00	156.00	160.00	162.00	164.00	167.00	168.00	169.00	170.00	171.00	173.00	174.00	175.00	177.00	176.00	174.00	173.00	171.00	168.00	166.00	165.00	164.00	164.00	158.00	153.00	147.00	145.00	146.00	152.00	154.00	155.00	156.00	162.00	166.00	167.00	168.00	169.00	171.00	172.00	176.00	179.00	186.00	188.00	188.00	186.00	186.00	193.00	198.00	206.00	214.00	224.00	226.00	225.00	224.00	222.00	218.00	217.00	216.00	215.00	207.00	203.00	199.00	195.00	191.00	185.00	182.00	180.00	178.00	169.00	167.00	171.00	175.00	180.00	187.00	190.00	192.00	193.00	193.00	193.00	193.00	192.00	187.00	184.00	182.00	180.00	180.00	181.00	180.00	177.00	174.00	167.00	164.00	163.00	161.00	160.00	167.00	176.00	180.00	184.00	189.00	192.00	197.00	202.00	206.00	206.00	203.00	201.00	195.00	192.00	195.00	199.00	204.00	208.00	211.00	212.00	212.00	212.00	201.00	203.00	203.00	203.00	203.00	205.00	206.00	206.00	205.00	199.00	195.00	188.00	185.00	180.00	171.00	171.00	171.00	169.00	178.00	182.00	186.00	189.00	194.00	198.00	199.00	199.00	197.00	192.00	189.00	186.00	183.00	180.00	152.00	150.00	157.00	164.00	170.00	169.00	169.00	171.00	172.00	172.00	171.00	173.00	174.00	174.00	175.00	176.00	175.00	173.00	166.00	161.00	158.00	165.00	175.00	178.00
161.00	167.00	170.00	177.00	179.00	181.00	182.00	182.00	183.00	182.00	180.00	178.00	172.00	170.00	168.00	168.00	169.00	175.00	177.00	177.00	175.00	174.00	175.00	173.00	172.00	173.00	176.00	179.00	181.00	182.00	182.00	180.00	179.00	176.00	173.00	171.00	168.00	166.00	165.00	165.00	167.00	170.00	172.00	174.00	175.00	176.00	178.00	181.00	182.00	179.00	174.00	170.00	165.00	162.00	162.00	162.00	163.00	162.00	161.00	160.00	158.00	155.00	155.00	154.00	156.00	160.00	165.00	165.00	165.00	165.00	163.00	162.00	161.00	160.00	157.00	156.00	157.00	158.00	158.00	157.00	156.00	156.00	155.00	155.00	156.00	160.00	162.00	164.00	167.00	168.00	169.00	170.00	171.00	173.00	174.00	175.00	177.00	176.00	174.00	173.00	171.00	168.00	166.00	165.00	164.00	164.00	158.00	153.00	147.00	145.00	146.00	152.00	154.00	155.00	156.00	162.00	166.00	167.00	168.00	169.00	171.00	172.00	176.00	179.00	186.00	188.00	188.00	186.00	186.00	193.00	198.00	206.00	214.00	224.00	226.00	225.00	224.00	222.00	218.00	217.00	216.00	215.00	207.00	203.00	199.00	195.00	191.00	185.00	182.00	180.00	178.00	169.00	167.00	171.00	175.00	180.00	187.00	190.00	192.00	193.00	193.00	193.00	193.00	192.00	187.00	184.00	182.00	180.00	180.00	181.00	180.00	177.00	174.00	167.00	164.00	163.00	161.00	160.00	167.00	176.00	180.00	184.00	189.00	192.00	197.00	202.00	206.00	206.00	203.00	201.00	195.00	192.00	195.00	199.00	204.00	208.00	211.00	212.00	212.00	212.00	201.00	203.00	203.00	203.00	203.00	205.00	206.00	206.00	205.00	199.00	195.00	188.00	185.00	180.00	171.00	171.00	171.00	169.00	178.00	182.00	186.00	189.00	194.00	198.00	199.00	199.00	197.00	192.00	189.00	186.00	183.00	180.00	152.00	150.00	157.00	164.00	170.00	169.00	169.00	171.00	172.00	172.00	171.00	173.00	174.00	174.00	175.00	176.00	175.00	173.00	166.00	161.00	158.00	165.00	175.00	178.00
159.00	159.00	160.00	163.00	165.00	167.00	168.00	169.00	167.00	167.00	167.00	167.00	166.00	166.00	166.00	166.00	167.00	169.00	170.00	170.00	169.00	170.00	173.00	172.00	172.00	173.00	176.00	178.00	179.00	180.00	181.00	180.00	179.00	176.00	176.00	175.00	172.00	170.00	168.00	165.00	166.00	166.00	167.00	169.00	171.00	174.00	177.00	180.00	180.00	177.00	173.00	171.00	165.00	161.00	161.00	160.00	159.00	160.00	159.00	158.00	156.00	156.00	158.00	160.00	170.00	173.00	172.00	171.00	170.00	168.00	165.00	163.00	162.00	160.00	158.00	165.00	167.00	169.00	171.00	171.00	172.00	171.00	170.00	168.00	164.00	162.00	162.00	164.00	167.00	168.00	169.00	171.00	175.00	183.00	186.00	188.00	189.00	185.00	182.00	178.00	176.00	173.00	170.00	167.00	165.00	164.00	160.00	156.00	151.00	149.00	151.00	158.00	160.00	162.00	164.00	170.00	173.00	173.00	172.00	171.00	169.00	172.00	176.00	180.00	186.00	190.00	194.00	200.00	201.00	206.00	211.00	217.00	222.00	225.00	224.00	223.00	221.00	220.00	217.00	217.00	215.00	213.00	205.00	201.00	197.00	193.00	191.00	188.00	184.00	183.00	181.00	176.00	174.00	173.00	172.00	171.00	171.00	173.00	174.00	175.00	177.00	178.00	180.00	181.00	182.00	181.00	181.00	179.00	177.00	167.00	165.00	164.00	162.00	164.00	166.00	166.00	164.00	160.00	162.00	170.00	175.00	178.00	183.00	186.00	190.00	194.00	198.00	205.00	207.00	206.00	203.00	200.00	199.00	201.00	205.00	209.00	216.00	216.00	215.00	214.00	208.00	210.00	212.00	214.00	215.00	210.00	207.00	204.00	201.00	196.00	193.00	184.00	179.00	175.00	175.00	176.00	173.00	171.00	179.00	186.00	192.00	196.00	200.00	202.00	203.00	202.00	201.00	197.00	195.00	193.00	189.00	184.00	152.00	149.00	151.00	156.00	159.00	159.00	161.00	164.00	169.00	178.00	181.00	183.00	185.00	185.00	185.00	182.00	177.00	172.00	169.00	167.00	162.00	162.00	174.00	180.00
149.00	149.00	150.00	152.00	154.00	156.00	157.00	158.00	159.00	160.00	159.00	158.00	157.00	158.00	160.00	162.00	163.00	161.00	159.00	158.00	159.00	161.00	164.00	165.00	166.00	167.00	168.00	169.00	171.00	172.00	175.00	175.00	175.00	175.00	174.00	173.00	173.00	172.00	171.00	170.00	169.00	168.00	167.00	167.00	169.00	172.00	175.00	176.00	175.00	173.00	170.00	168.00	164.00	159.00	160.00	162.00	165.00	169.00	169.00	169.00	169.00	170.00	172.00	175.00	179.00	178.00	176.00	174.00	172.00	169.00	164.00	162.00	161.00	160.00	162.00	174.00	177.00	178.00	178.00	178.00	178.00	176.00	174.00	173.00	169.00	167.00	166.00	166.00	167.00	169.00	171.00	173.00	176.00	180.00	183.00	186.00	191.00	192.00	190.00	188.00	185.00	182.00	176.00	173.00	171.00	169.00	160.00	157.00	153.00	151.00	153.00	158.00	161.00	164.00	168.00	178.00	184.00	184.00	185.00	184.00	179.00	177.00	179.00	183.00	190.00	193.00	197.00	207.00	212.00	220.00	223.00	226.00	227.00	227.00	227.00	227.00	225.00	221.00	213.00	211.00	207.00	203.00	196.00	193.00	191.00	189.00	188.00	184.00	180.00	178.00	177.00	173.00	172.00	171.00	170.00	168.00	164.00	164.00	163.00	163.00	165.00	166.00	167.00	167.00	169.00	169.00	168.00	166.00	164.00	151.00	150.00	150.00	154.00	164.00	168.00	170.00	167.00	162.00	156.00	160.00	166.00	172.00	183.00	189.00	193.00	196.00	198.00	203.00	205.00	207.00	207.00	210.00	210.00	209.00	209.00	211.00	216.00	218.00	219.00	218.00	219.00	221.00	222.00	221.00	220.00	210.00	204.00	200.00	195.00	187.00	183.00	179.00	178.00	180.00	185.00	185.00	181.00	177.00	179.00	185.00	190.00	194.00	196.00	198.00	197.00	196.00	195.00	191.00	189.00	186.00	184.00	179.00	155.00	157.00	161.00	163.00	159.00	159.00	164.00	168.00	172.00	181.00	189.00	190.00	191.00	190.00	188.00	184.00	181.00	180.00	179.00	176.00	172.00	165.00	178.00	183.00
149.00	149.00	150.00	152.00	154.00	156.00	157.00	158.00	159.00	160.00	159.00	158.00	157.00	158.00	160.00	162.00	163.00	161.00	159.00	158.00	159.00	161.00	164.00	165.00	166.00	167.00	168.00	169.00	171.00	172.00	175.00	175.00	175.00	175.00	174.00	173.00	173.00	172.00	171.00	170.00	169.00	168.00	167.00	167.00	169.00	172.00	175.00	176.00	175.00	173.00	170.00	168.00	164.00	159.00	160.00	162.00	165.00	169.00	169.00	169.00	169.00	170.00	172.00	175.00	179.00	178.00	176.00	174.00	172.00	169.00	164.00	162.00	161.00	160.00	162.00	174.00	177.00	178.00	178.00	178.00	178.00	176.00	174.00	173.00	169.00	167.00	166.00	166.00	167.00	169.00	171.00	173.00	176.00	180.00	183.00	186.00	191.00	192.00	190.00	188.00	185.00	182.00	176.00	173.00	171.00	169.00	160.00	157.00	153.00	151.00	153.00	158.00	161.00	164.00	168.00	178.00	184.00	184.00	185.00	184.00	179.00	177.00	179.00	183.00	190.00	193.00	197.00	207.00	212.00	220.00	223.00	226.00	227.00	227.00	227.00	227.00	225.00	221.00	213.00	211.00	207.00	203.00	196.00	193.00	191.00	189.00	188.00	184.00	180.00	178.00	177.00	173.00	172.00	171.00	170.00	168.00	164.00	164.00	163.00	163.00	165.00	166.00	167.00	167.00	169.00	169.00	168.00	166.00	164.00	151.00	150.00	150.00	154.00	164.00	168.00	170.00	167.00	162.00	156.00	160.00	166.00	172.00	183.00	189.00	193.00	196.00	198.00	203.00	205.00	207.00	207.00	210.00	210.00	209.00	209.00	211.00	216.00	218.00	219.00	218.00	219.00	221.00	222.00	221.00	220.00	210.00	204.00	200.00	195.00	187.00	183.00	179.00	178.00	180.00	185.00	185.00	181.00	177.00	179.00	185.00	190.00	194.00	196.00	198.00	197.00	196.00	195.00	191.00	189.00	186.00	184.00	179.00	155.00	157.00	161.00	163.00	159.00	159.00	164.00	168.00	172.00	181.00	189.00	190.00	191.00	190.00	188.00	184.00	181.00	180.00	179.00	176.00	172.00	165.00	178.00	183.00
149.00	149.00	150.00	152.00	154.00	156.00	157.00	158.00	159.00	160.00	159.00	158.00	157.00	158.00	160.00	162.00	163.00	161.00	159.00	158.00	159.00	161.00	164.00	165.00	166.00	167.00	168.00	169.00	171.00	172.00	175.00	175.00	175.00	175.00	174.00	173.00	173.00	172.00	171.00	170.00	169.00	168.00	167.00	167.00	169.00	172.00	175.00	176.00	175.00	173.00	170.00	168.00	164.00	159.00	160.00	162.00	165.00	169.00	169.00	169.00	169.00	170.00	172.00	175.00	179.00	178.00	176.00	174.00	172.00	169.00	164.00	162.00	161.00	160.00	162.00	174.00	177.00	178.00	178.00	178.00	178.00	176.00	174.00	173.00	169.00	167.00	166.00	166.00	167.00	169.00	171.00	173.00	176.00	180.00	183.00	186.00	191.00	192.00	190.00	188.00	185.00	182.00	176.00	173.00	171.00	169.00	160.00	157.00	153.00	151.00	153.00	158.00	161.00	164.00	168.00	178.00	184.00	184.00	185.00	184.00	179.00	177.00	179.00	183.00	190.00	193.00	197.00	207.00	212.00	220.00	223.00	226.00	227.00	227.00	227.00	227.00	225.00	221.00	213.00	211.00	207.00	203.00	196.00	193.00	191.00	189.00	188.00	184.00	180.00	178.00	177.00	173.00	172.00	171.00	170.00	168.00	164.00	164.00	163.00	163.00	165.00	166.00	167.00	167.00	169.00	169.00	168.00	166.00	164.00	151.00	150.00	150.00	154.00	164.00	168.00	170.00	167.00	162.00	156.00	160.00	166.00	172.00	183.00	189.00	193.00	196.00	198.00	203.00	205.00	207.00	207.00	210.00	210.00	209.00	209.00	211.00	216.00	218.00	219.00	218.00	219.00	221.00	222.00	221.00	220.00	210.00	204.00	200.00	195.00	187.00	183.00	179.00	178.00	180.00	185.00	185.00	181.00	177.00	179.00	185.00	190.00	194.00	196.00	198.00	197.00	196.00	195.00	191.00	189.00	186.00	184.00	179.00	155.00	157.00	161.00	163.00	159.00	159.00	164.00	168.00	172.00	181.00	189.00	190.00	191.00	190.00	188.00	184.00	181.00	180.00	179.00	176.00	172.00	165.00	178.00	183.00
151.00	151.00	152.00	152.00	153.00	152.00	152.00	152.00	153.00	154.00	154.00	153.00	154.00	154.00	153.00	154.00	154.00	156.00	156.00	157.00	157.00	157.00	158.00	158.00	158.00	158.00	157.00	156.00	155.00	157.00	164.00	169.00	172.00	175.00	173.00	171.00	169.00	168.00	167.00	167.00	167.00	167.00	166.00	166.00	167.00	169.00	170.00	170.00	170.00	168.00	166.00	165.00	166.00	164.00	166.00	170.00	175.00	182.00	184.00	185.00	183.00	182.00	182.00	181.00	177.00	174.00	171.00	170.00	168.00	167.00	163.00	161.00	161.00	162.00	164.00	175.00	179.00	181.00	183.00	186.00	186.00	187.00	186.00	185.00	183.00	180.00	179.00	177.00	175.00	175.00	176.00	177.00	178.00	183.00	187.00	190.00	196.00	196.00	194.00	191.00	188.00	185.00	178.00	174.00	171.00	167.00	160.00	157.00	154.00	152.00	153.00	158.00	162.00	166.00	171.00	177.00	182.00	185.00	189.00	192.00	190.00	187.00	184.00	183.00	189.00	193.00	198.00	207.00	214.00	223.00	224.00	222.00	218.00	213.00	213.00	214.00	214.00	210.00	199.00	197.00	194.00	192.00	188.00	189.00	190.00	189.00	187.00	183.00	180.00	179.00	179.00	178.00	178.00	178.00	177.00	176.00	174.00	173.00	172.00	170.00	167.00	164.00	161.00	158.00	154.00	153.00	152.00	150.00	149.00	146.00	147.00	150.00	153.00	158.00	158.00	158.00	157.00	153.00	148.00	147.00	152.00	160.00	175.00	182.00	186.00	189.00	192.00	198.00	201.00	203.00	208.00	213.00	215.00	217.00	218.00	218.00	221.00	221.00	222.00	221.00	222.00	222.00	220.00	216.00	210.00	203.00	201.00	199.00	196.00	186.00	185.00	188.00	188.00	188.00	190.00	189.00	186.00	182.00	175.00	175.00	179.00	184.00	187.00	187.00	186.00	185.00	185.00	184.00	183.00	183.00	180.00	176.00	160.00	161.00	165.00	167.00	167.00	167.00	167.00	168.00	172.00	181.00	185.00	186.00	186.00	188.00	190.00	191.00	191.00	190.00	187.00	183.00	180.00	171.00	172.00	179.00
151.00	151.00	152.00	152.00	153.00	152.00	152.00	152.00	153.00	154.00	154.00	153.00	154.00	154.00	153.00	154.00	154.00	156.00	156.00	157.00	157.00	157.00	158.00	158.00	158.00	158.00	157.00	156.00	155.00	157.00	164.00	169.00	172.00	175.00	173.00	171.00	169.00	168.00	167.00	167.00	167.00	167.00	166.00	166.00	167.00	169.00	170.00	170.00	170.00	168.00	166.00	165.00	166.00	164.00	166.00	170.00	175.00	182.00	184.00	185.00	183.00	182.00	182.00	181.00	177.00	174.00	171.00	170.00	168.00	167.00	163.00	161.00	161.00	162.00	164.00	175.00	179.00	181.00	183.00	186.00	186.00	187.00	186.00	185.00	183.00	180.00	179.00	177.00	175.00	175.00	176.00	177.00	178.00	183.00	187.00	190.00	196.00	196.00	194.00	191.00	188.00	185.00	178.00	174.00	171.00	167.00	160.00	157.00	154.00	152.00	153.00	158.00	162.00	166.00	171.00	177.00	182.00	185.00	189.00	192.00	190.00	187.00	184.00	183.00	189.00	193.00	198.00	207.00	214.00	223.00	224.00	222.00	218.00	213.00	213.00	214.00	214.00	210.00	199.00	197.00	194.00	192.00	188.00	189.00	190.00	189.00	187.00	183.00	180.00	179.00	179.00	178.00	178.00	178.00	177.00	176.00	174.00	173.00	172.00	170.00	167.00	164.00	161.00	158.00	154.00	153.00	152.00	150.00	149.00	146.00	147.00	150.00	153.00	158.00	158.00	158.00	157.00	153.00	148.00	147.00	152.00	160.00	175.00	182.00	186.00	189.00	192.00	198.00	201.00	203.00	208.00	213.00	215.00	217.00	218.00	218.00	221.00	221.00	222.00	221.00	222.00	222.00	220.00	216.00	210.00	203.00	201.00	199.00	196.00	186.00	185.00	188.00	188.00	188.00	190.00	189.00	186.00	182.00	175.00	175.00	179.00	184.00	187.00	187.00	186.00	185.00	185.00	184.00	183.00	183.00	180.00	176.00	160.00	161.00	165.00	167.00	167.00	167.00	167.00	168.00	172.00	181.00	185.00	186.00	186.00	188.00	190.00	191.00	191.00	190.00	187.00	183.00	180.00	171.00	172.00	179.00
148.00	149.00	150.00	152.00	153.00	153.00	153.00	153.00	154.00	154.00	153.00	152.00	153.00	152.00	150.00	148.00	147.00	145.00	145.00	147.00	147.00	149.00	152.00	153.00	154.00	157.00	158.00	158.00	158.00	157.00	159.00	160.00	162.00	164.00	162.00	161.00	159.00	157.00	156.00	157.00	159.00	160.00	161.00	161.00	161.00	161.00	161.00	162.00	164.00	167.00	171.00	174.00	178.00	179.00	178.00	175.00	174.00	181.00	185.00	187.00	189.00	190.00	188.00	185.00	179.00	175.00	170.00	167.00	165.00	163.00	161.00	163.00	167.00	169.00	169.00	166.00	167.00	170.00	173.00	178.00	180.00	182.00	183.00	185.00	185.00	185.00	185.00	185.00	183.00	182.00	181.00	181.00	183.00	187.00	189.00	193.00	197.00	194.00	191.00	188.00	185.00	183.00	177.00	174.00	171.00	167.00	158.00	155.00	153.00	153.00	155.00	160.00	162.00	165.00	167.00	174.00	179.00	182.00	185.00	188.00	195.00	197.00	197.00	196.00	199.00	202.00	205.00	212.00	215.00	216.00	213.00	209.00	204.00	200.00	203.00	207.00	209.00	210.00	206.00	204.00	200.00	197.00	188.00	186.00	185.00	187.00	188.00	187.00	183.00	180.00	179.00	175.00	173.00	173.00	172.00	173.00	174.00	174.00	174.00	175.00	175.00	174.00	173.00	172.00	169.00	167.00	165.00	162.00	161.00	166.00	168.00	169.00	170.00	170.00	169.00	166.00	161.00	155.00	146.00	141.00	142.00	146.00	157.00	162.00	166.00	170.00	174.00	184.00	188.00	192.00	199.00	208.00	212.00	215.00	217.00	219.00	223.00	224.00	224.00	222.00	219.00	219.00	217.00	215.00	213.00	209.00	206.00	202.00	196.00	192.00	195.00	198.00	198.00	197.00	191.00	189.00	189.00	188.00	178.00	176.00	179.00	183.00	190.00	193.00	193.00	194.00	195.00	196.00	194.00	191.00	186.00	179.00	160.00	164.00	171.00	176.00	177.00	178.00	180.00	181.00	179.00	182.00	189.00	190.00	192.00	194.00	196.00	197.00	197.00	194.00	188.00	186.00	184.00	177.00	168.00	172.00
148.00	149.00	150.00	152.00	153.00	153.00	153.00	153.00	154.00	154.00	153.00	152.00	153.00	152.00	150.00	148.00	147.00	145.00	145.00	147.00	147.00	149.00	152.00	153.00	154.00	157.00	158.00	158.00	158.00	157.00	159.00	160.00	162.00	164.00	162.00	161.00	159.00	157.00	156.00	157.00	159.00	160.00	161.00	161.00	161.00	161.00	161.00	162.00	164.00	167.00	171.00	174.00	178.00	179.00	178.00	175.00	174.00	181.00	185.00	187.00	189.00	190.00	188.00	185.00	179.00	175.00	170.00	167.00	165.00	163.00	161.00	163.00	167.00	169.00	169.00	166.00	167.00	170.00	173.00	178.00	180.00	182.00	183.00	185.00	185.00	185.00	185.00	185.00	183.00	182.00	181.00	181.00	183.00	187.00	189.00	193.00	197.00	194.00	191.00	188.00	185.00	183.00	177.00	174.00	171.00	167.00	158.00	155.00	153.00	153.00	155.00	160.00	162.00	165.00	167.00	174.00	179.00	182.00	185.00	188.00	195.00	197.00	197.00	196.00	199.00	202.00	205.00	212.00	215.00	216.00	213.00	209.00	204.00	200.00	203.00	207.00	209.00	210.00	206.00	204.00	200.00	197.00	188.00	186.00	185.00	187.00	188.00	187.00	183.00	180.00	179.00	175.00	173.00	173.00	172.00	173.00	174.00	174.00	174.00	175.00	175.00	174.00	173.00	172.00	169.00	167.00	165.00	162.00	161.00	166.00	168.00	169.00	170.00	170.00	169.00	166.00	161.00	155.00	146.00	141.00	142.00	146.00	157.00	162.00	166.00	170.00	174.00	184.00	188.00	192.00	199.00	208.00	212.00	215.00	217.00	219.00	223.00	224.00	224.00	222.00	219.00	219.00	217.00	215.00	213.00	209.00	206.00	202.00	196.00	192.00	195.00	198.00	198.00	197.00	191.00	189.00	189.00	188.00	178.00	176.00	179.00	183.00	190.00	193.00	193.00	194.00	195.00	196.00	194.00	191.00	186.00	179.00	160.00	164.00	171.00	176.00	177.00	178.00	180.00	181.00	179.00	182.00	189.00	190.00	192.00	194.00	196.00	197.00	197.00	194.00	188.00	186.00	184.00	177.00	168.00	172.00
155.00	152.00	151.00	149.00	148.00	147.00	147.00	147.00	147.00	148.00	148.00	149.00	150.00	152.00	153.00	153.00	153.00	153.00	153.00	154.00	151.00	149.00	147.00	147.00	147.00	147.00	148.00	148.00	148.00	149.00	150.00	150.00	151.00	153.00	153.00	152.00	151.00	150.00	149.00	149.00	149.00	149.00	149.00	150.00	150.00	151.00	153.00	155.00	163.00	168.00	172.00	175.00	179.00	183.00	182.00	180.00	177.00	182.00	186.00	188.00	189.00	189.00	187.00	185.00	179.00	175.00	168.00	164.00	162.00	161.00	164.00	169.00	173.00	175.00	176.00	170.00	171.00	174.00	175.00	176.00	176.00	176.00	176.00	177.00	178.00	181.00	182.00	183.00	187.00	189.00	192.00	193.00	193.00	194.00	196.00	199.00	202.00	197.00	193.00	188.00	184.00	181.00	176.00	173.00	171.00	169.00	158.00	157.00	159.00	161.00	161.00	161.00	162.00	164.00	167.00	174.00	180.00	183.00	186.00	190.00	199.00	202.00	205.00	206.00	209.00	212.00	215.00	219.00	220.00	218.00	215.00	211.00	207.00	198.00	197.00	197.00	198.00	198.00	196.00	196.00	194.00	193.00	188.00	185.00	185.00	187.00	189.00	193.00	192.00	191.00	189.00	184.00	183.00	182.00	182.00	181.00	176.00	174.00	171.00	168.00	168.00	168.00	167.00	166.00	165.00	165.00	165.00	164.00	163.00	164.00	164.00	165.00	167.00	170.00	170.00	167.00	161.00	155.00	152.00	153.00	157.00	162.00	169.00	172.00	174.00	176.00	178.00	183.00	186.00	188.00	193.00	198.00	200.00	202.00	204.00	206.00	210.00	213.00	214.00	215.00	216.00	217.00	216.00	215.00	215.00	211.00	207.00	202.00	199.00	202.00	205.00	206.00	205.00	202.00	196.00	194.00	191.00	186.00	177.00	178.00	183.00	188.00	199.00	203.00	203.00	204.00	205.00	203.00	200.00	195.00	187.00	179.00	164.00	172.00	180.00	187.00	193.00	194.00	194.00	192.00	189.00	188.00	192.00	193.00	195.00	198.00	199.00	199.00	198.00	197.00	195.00	193.00	191.00	180.00	171.00	172.00
155.00	152.00	151.00	149.00	148.00	147.00	147.00	147.00	147.00	148.00	148.00	149.00	150.00	152.00	153.00	153.00	153.00	153.00	153.00	154.00	151.00	149.00	147.00	147.00	147.00	147.00	148.00	148.00	148.00	149.00	150.00	150.00	151.00	153.00	153.00	152.00	151.00	150.00	149.00	149.00	149.00	149.00	149.00	150.00	150.00	151.00	153.00	155.00	163.00	168.00	172.00	175.00	179.00	183.00	182.00	180.00	177.00	182.00	186.00	188.00	189.00	189.00	187.00	185.00	179.00	175.00	168.00	164.00	162.00	161.00	164.00	169.00	173.00	175.00	176.00	170.00	171.00	174.00	175.00	176.00	176.00	176.00	176.00	177.00	178.00	181.00	182.00	183.00	187.00	189.00	192.00	193.00	193.00	194.00	196.00	199.00	202.00	197.00	193.00	188.00	184.00	181.00	176.00	173.00	171.00	169.00	158.00	157.00	159.00	161.00	161.00	161.00	162.00	164.00	167.00	174.00	180.00	183.00	186.00	190.00	199.00	202.00	205.00	206.00	209.00	212.00	215.00	219.00	220.00	218.00	215.00	211.00	207.00	198.00	197.00	197.00	198.00	198.00	196.00	196.00	194.00	193.00	188.00	185.00	185.00	187.00	189.00	193.00	192.00	191.00	189.00	184.00	183.00	182.00	182.00	181.00	176.00	174.00	171.00	168.00	168.00	168.00	167.00	166.00	165.00	165.00	165.00	164.00	163.00	164.00	164.00	165.00	167.00	170.00	170.00	167.00	161.00	155.00	152.00	153.00	157.00	162.00	169.00	172.00	174.00	176.00	178.00	183.00	186.00	188.00	193.00	198.00	200.00	202.00	204.00	206.00	210.00	213.00	214.00	215.00	216.00	217.00	216.00	215.00	215.00	211.00	207.00	202.00	199.00	202.00	205.00	206.00	205.00	202.00	196.00	194.00	191.00	186.00	177.00	178.00	183.00	188.00	199.00	203.00	203.00	204.00	205.00	203.00	200.00	195.00	187.00	179.00	164.00	172.00	180.00	187.00	193.00	194.00	194.00	192.00	189.00	188.00	192.00	193.00	195.00	198.00	199.00	199.00	198.00	197.00	195.00	193.00	191.00	180.00	171.00	172.00
155.00	152.00	151.00	149.00	148.00	147.00	147.00	147.00	147.00	148.00	148.00	149.00	150.00	152.00	153.00	153.00	153.00	153.00	153.00	154.00	151.00	149.00	147.00	147.00	147.00	147.00	148.00	148.00	148.00	149.00	150.00	150.00	151.00	153.00	153.00	152.00	151.00	150.00	149.00	149.00	149.00	149.00	149.00	150.00	150.00	151.00	153.00	155.00	163.00	168.00	172.00	175.00	179.00	183.00	182.00	180.00	177.00	182.00	186.00	188.00	189.00	189.00	187.00	185.00	179.00	175.00	168.00	164.00	162.00	161.00	164.00	169.00	173.00	175.00	176.00	170.00	171.00	174.00	175.00	176.00	176.00	176.00	176.00	177.00	178.00	181.00	182.00	183.00	187.00	189.00	192.00	193.00	193.00	194.00	196.00	199.00	202.00	197.00	193.00	188.00	184.00	181.00	176.00	173.00	171.00	169.00	158.00	157.00	159.00	161.00	161.00	161.00	162.00	164.00	167.00	174.00	180.00	183.00	186.00	190.00	199.00	202.00	205.00	206.00	209.00	212.00	215.00	219.00	220.00	218.00	215.00	211.00	207.00	198.00	197.00	197.00	198.00	198.00	196.00	196.00	194.00	193.00	188.00	185.00	185.00	187.00	189.00	193.00	192.00	191.00	189.00	184.00	183.00	182.00	182.00	181.00	176.00	174.00	171.00	168.00	168.00	168.00	167.00	166.00	165.00	165.00	165.00	164.00	163.00	164.00	164.00	165.00	167.00	170.00	170.00	167.00	161.00	155.00	152.00	153.00	157.00	162.00	169.00	172.00	174.00	176.00	178.00	183.00	186.00	188.00	193.00	198.00	200.00	202.00	204.00	206.00	210.00	213.00	214.00	215.00	216.00	217.00	216.00	215.00	215.00	211.00	207.00	202.00	199.00	202.00	205.00	206.00	205.00	202.00	196.00	194.00	191.00	186.00	177.00	178.00	183.00	188.00	199.00	203.00	203.00	204.00	205.00	203.00	200.00	195.00	187.00	179.00	164.00	172.00	180.00	187.00	193.00	194.00	194.00	192.00	189.00	188.00	192.00	193.00	195.00	198.00	199.00	199.00	198.00	197.00	195.00	193.00	191.00	180.00	171.00	172.00
163.00	164.00	165.00	164.00	163.00	161.00	160.00	159.00	157.00	155.00	154.00	153.00	151.00	151.00	150.00	150.00	150.00	151.00	151.00	151.00	152.00	151.00	150.00	149.00	148.00	148.00	147.00	145.00	143.00	142.00	139.00	138.00	139.00	142.00	148.00	149.00	152.00	153.00	153.00	153.00	152.00	151.00	149.00	150.00	152.00	154.00	156.00	158.00	160.00	162.00	163.00	164.00	168.00	167.00	166.00	165.00	165.00	170.00	173.00	176.00	177.00	179.00	179.00	179.00	176.00	174.00	167.00	164.00	163.00	165.00	172.00	176.00	179.00	181.00	183.00	176.00	176.00	181.00	185.00	188.00	189.00	189.00	188.00	188.00	186.00	186.00	187.00	188.00	193.00	196.00	197.00	199.00	200.00	199.00	200.00	201.00	198.00	191.00	188.00	184.00	181.00	178.00	172.00	169.00	167.00	164.00	161.00	165.00	169.00	171.00	173.00	174.00	174.00	174.00	174.00	177.00	183.00	185.00	188.00	192.00	200.00	204.00	208.00	211.00	216.00	219.00	222.00	220.00	218.00	215.00	214.00	213.00	210.00	203.00	199.00	195.00	192.00	189.00	188.00	189.00	190.00	190.00	187.00	185.00	183.00	183.00	185.00	188.00	189.00	189.00	189.00	188.00	187.00	187.00	186.00	186.00	183.00	182.00	179.00	175.00	170.00	168.00	166.00	164.00	159.00	160.00	162.00	165.00	166.00	165.00	165.00	164.00	165.00	167.00	167.00	163.00	157.00	152.00	157.00	164.00	166.00	167.00	166.00	169.00	172.00	175.00	177.00	179.00	181.00	184.00	190.00	195.00	197.00	199.00	200.00	202.00	205.00	207.00	207.00	207.00	205.00	205.00	204.00	204.00	204.00	202.00	201.00	199.00	198.00	205.00	208.00	210.00	208.00	204.00	195.00	191.00	186.00	180.00	178.00	183.00	188.00	193.00	204.00	210.00	210.00	210.00	209.00	205.00	200.00	194.00	184.00	175.00	169.00	175.00	183.00	189.00	196.00	199.00	200.00	198.00	196.00	195.00	200.00	203.00	203.00	200.00	199.00	198.00	197.00	196.00	191.00	186.00	182.00	180.00	179.00	182.00
171.00	168.00	168.00	166.00	165.00	163.00	161.00	159.00	162.00	164.00	165.00	164.00	162.00	162.00	161.00	161.00	160.00	159.00	158.00	158.00	157.00	155.00	153.00	150.00	148.00	144.00	142.00	140.00	139.00	137.00	135.00	134.00	135.00	140.00	142.00	143.00	145.00	145.00	144.00	142.00	142.00	142.00	144.00	147.00	147.00	148.00	149.00	150.00	156.00	159.00	163.00	167.00	173.00	173.00	171.00	171.00	171.00	170.00	168.00	167.00	163.00	159.00	159.00	158.00	156.00	155.00	153.00	157.00	162.00	169.00	179.00	183.00	185.00	186.00	185.00	177.00	175.00	176.00	180.00	189.00	192.00	194.00	195.00	195.00	196.00	195.00	196.00	196.00	199.00	199.00	200.00	200.00	200.00	199.00	198.00	197.00	193.00	187.00	184.00	180.00	176.00	172.00	165.00	162.00	158.00	156.00	165.00	170.00	173.00	177.00	181.00	185.00	187.00	187.00	188.00	187.00	190.00	193.00	196.00	200.00	206.00	209.00	213.00	217.00	222.00	222.00	221.00	216.00	213.00	209.00	208.00	207.00	206.00	202.00	200.00	197.00	194.00	190.00	183.00	183.00	184.00	183.00	182.00	180.00	178.00	178.00	178.00	179.00	178.00	178.00	178.00	179.00	179.00	179.00	178.00	178.00	178.00	177.00	178.00	178.00	177.00	175.00	173.00	170.00	163.00	160.00	160.00	160.00	159.00	158.00	158.00	158.00	160.00	162.00	162.00	158.00	154.00	151.00	152.00	160.00	165.00	169.00	173.00	174.00	174.00	175.00	174.00	173.00	174.00	176.00	179.00	183.00	186.00	191.00	195.00	198.00	204.00	206.00	207.00	208.00	213.00	212.00	211.00	209.00	207.00	203.00	202.00	201.00	201.00	202.00	202.00	197.00	194.00	191.00	183.00	180.00	177.00	175.00	184.00	191.00	199.00	205.00	215.00	218.00	216.00	214.00	210.00	201.00	196.00	191.00	187.00	182.00	159.00	163.00	172.00	178.00	185.00	189.00	193.00	196.00	199.00	203.00	204.00	204.00	202.00	196.00	194.00	194.00	195.00	195.00	187.00	184.00	186.00	192.00	185.00	183.00
171.00	168.00	168.00	166.00	165.00	163.00	161.00	159.00	162.00	164.00	165.00	164.00	162.00	162.00	161.00	161.00	160.00	159.00	158.00	158.00	157.00	155.00	153.00	150.00	148.00	144.00	142.00	140.00	139.00	137.00	135.00	134.00	135.00	140.00	142.00	143.00	145.00	145.00	144.00	142.00	142.00	142.00	144.00	147.00	147.00	148.00	149.00	150.00	156.00	159.00	163.00	167.00	173.00	173.00	171.00	171.00	171.00	170.00	168.00	167.00	163.00	159.00	159.00	158.00	156.00	155.00	153.00	157.00	162.00	169.00	179.00	183.00	185.00	186.00	185.00	177.00	175.00	176.00	180.00	189.00	192.00	194.00	195.00	195.00	196.00	195.00	196.00	196.00	199.00	199.00	200.00	200.00	200.00	199.00	198.00	197.00	193.00	187.00	184.00	180.00	176.00	172.00	165.00	162.00	158.00	156.00	165.00	170.00	173.00	177.00	181.00	185.00	187.00	187.00	188.00	187.00	190.00	193.00	196.00	200.00	206.00	209.00	213.00	217.00	222.00	222.00	221.00	216.00	213.00	209.00	208.00	207.00	206.00	202.00	200.00	197.00	194.00	190.00	183.00	183.00	184.00	183.00	182.00	180.00	178.00	178.00	178.00	179.00	178.00	178.00	178.00	179.00	179.00	179.00	178.00	178.00	178.00	177.00	178.00	178.00	177.00	175.00	173.00	170.00	163.00	160.00	160.00	160.00	159.00	158.00	158.00	158.00	160.00	162.00	162.00	158.00	154.00	151.00	152.00	160.00	165.00	169.00	173.00	174.00	174.00	175.00	174.00	173.00	174.00	176.00	179.00	183.00	186.00	191.00	195.00	198.00	204.00	206.00	207.00	208.00	213.00	212.00	211.00	209.00	207.00	203.00	202.00	201.00	201.00	202.00	202.00	197.00	194.00	191.00	183.00	180.00	177.00	175.00	184.00	191.00	199.00	205.00	215.00	218.00	216.00	214.00	210.00	201.00	196.00	191.00	187.00	182.00	159.00	163.00	172.00	178.00	185.00	189.00	193.00	196.00	199.00	203.00	204.00	204.00	202.00	196.00	194.00	194.00	195.00	195.00	187.00	184.00	186.00	192.00	185.00	183.00
171.00	168.00	168.00	166.00	165.00	163.00	161.00	159.00	162.00	164.00	165.00	164.00	162.00	162.00	161.00	161.00	160.00	159.00	158.00	158.00	157.00	155.00	153.00	150.00	148.00	144.00	142.00	140.00	139.00	137.00	135.00	134.00	135.00	140.00	142.00	143.00	145.00	145.00	144.00	142.00	142.00	142.00	144.00	147.00	147.00	148.00	149.00	150.00	156.00	159.00	163.00	167.00	173.00	173.00	171.00	171.00	171.00	170.00	168.00	167.00	163.00	159.00	159.00	158.00	156.00	155.00	153.00	157.00	162.00	169.00	179.00	183.00	185.00	186.00	185.00	177.00	175.00	176.00	180.00	189.00	192.00	194.00	195.00	195.00	196.00	195.00	196.00	196.00	199.00	199.00	200.00	200.00	200.00	199.00	198.00	197.00	193.00	187.00	184.00	180.00	176.00	172.00	165.00	162.00	158.00	156.00	165.00	170.00	173.00	177.00	181.00	185.00	187.00	187.00	188.00	187.00	190.00	193.00	196.00	200.00	206.00	209.00	213.00	217.00	222.00	222.00	221.00	216.00	213.00	209.00	208.00	207.00	206.00	202.00	200.00	197.00	194.00	190.00	183.00	183.00	184.00	183.00	182.00	180.00	178.00	178.00	178.00	179.00	178.00	178.00	178.00	179.00	179.00	179.00	178.00	178.00	178.00	177.00	178.00	178.00	177.00	175.00	173.00	170.00	163.00	160.00	160.00	160.00	159.00	158.00	158.00	158.00	160.00	162.00	162.00	158.00	154.00	151.00	152.00	160.00	165.00	169.00	173.00	174.00	174.00	175.00	174.00	173.00	174.00	176.00	179.00	183.00	186.00	191.00	195.00	198.00	204.00	206.00	207.00	208.00	213.00	212.00	211.00	209.00	207.00	203.00	202.00	201.00	201.00	202.00	202.00	197.00	194.00	191.00	183.00	180.00	177.00	175.00	184.00	191.00	199.00	205.00	215.00	218.00	216.00	214.00	210.00	201.00	196.00	191.00	187.00	182.00	159.00	163.00	172.00	178.00	185.00	189.00	193.00	196.00	199.00	203.00	204.00	204.00	202.00	196.00	194.00	194.00	195.00	195.00	187.00	184.00	186.00	192.00	185.00	183.00
165.00	165.00	164.00	163.00	163.00	164.00	164.00	163.00	164.00	167.00	167.00	167.00	161.00	156.00	152.00	151.00	153.00	158.00	159.00	159.00	159.00	155.00	150.00	146.00	144.00	143.00	146.00	148.00	150.00	151.00	150.00	150.00	150.00	151.00	150.00	149.00	147.00	145.00	143.00	138.00	137.00	138.00	140.00	143.00	143.00	144.00	145.00	144.00	147.00	151.00	154.00	156.00	159.00	160.00	160.00	159.00	159.00	161.00	163.00	164.00	163.00	159.00	156.00	154.00	147.00	143.00	143.00	149.00	154.00	160.00	169.00	172.00	175.00	177.00	178.00	173.00	172.00	171.00	173.00	181.00	184.00	187.00	190.00	192.00	196.00	198.00	199.00	199.00	199.00	199.00	198.00	197.00	196.00	194.00	193.00	192.00	188.00	181.00	178.00	174.00	171.00	166.00	162.00	161.00	164.00	166.00	166.00	169.00	173.00	177.00	182.00	190.00	194.00	196.00	199.00	202.00	204.00	206.00	208.00	210.00	214.00	216.00	219.00	222.00	225.00	223.00	220.00	213.00	211.00	208.00	206.00	204.00	202.00	197.00	195.00	193.00	191.00	188.00	184.00	183.00	183.00	182.00	180.00	179.00	178.00	177.00	176.00	175.00	172.00	171.00	171.00	171.00	171.00	171.00	170.00	169.00	169.00	169.00	169.00	170.00	169.00	168.00	167.00	165.00	162.00	161.00	160.00	159.00	158.00	158.00	158.00	158.00	159.00	160.00	158.00	157.00	156.00	155.00	157.00	167.00	171.00	174.00	178.00	180.00	181.00	181.00	181.00	180.00	178.00	177.00	175.00	175.00	176.00	178.00	181.00	183.00	189.00	194.00	198.00	203.00	213.00	215.00	216.00	215.00	213.00	211.00	211.00	211.00	211.00	209.00	205.00	194.00	187.00	182.00	175.00	173.00	171.00	170.00	177.00	185.00	193.00	199.00	208.00	213.00	213.00	211.00	209.00	206.00	202.00	196.00	195.00	195.00	159.00	154.00	157.00	160.00	162.00	166.00	171.00	178.00	185.00	196.00	197.00	196.00	194.00	190.00	190.00	193.00	195.00	196.00	192.00	191.00	194.00	199.00	195.00	190.00
165.00	165.00	164.00	163.00	163.00	164.00	164.00	163.00	164.00	167.00	167.00	167.00	161.00	156.00	152.00	151.00	153.00	158.00	159.00	159.00	159.00	155.00	150.00	146.00	144.00	143.00	146.00	148.00	150.00	151.00	150.00	150.00	150.00	151.00	150.00	149.00	147.00	145.00	143.00	138.00	137.00	138.00	140.00	143.00	143.00	144.00	145.00	144.00	147.00	151.00	154.00	156.00	159.00	160.00	160.00	159.00	159.00	161.00	163.00	164.00	163.00	159.00	156.00	154.00	147.00	143.00	143.00	149.00	154.00	160.00	169.00	172.00	175.00	177.00	178.00	173.00	172.00	171.00	173.00	181.00	184.00	187.00	190.00	192.00	196.00	198.00	199.00	199.00	199.00	199.00	198.00	197.00	196.00	194.00	193.00	192.00	188.00	181.00	178.00	174.00	171.00	166.00	162.00	161.00	164.00	166.00	166.00	169.00	173.00	177.00	182.00	190.00	194.00	196.00	199.00	202.00	204.00	206.00	208.00	210.00	214.00	216.00	219.00	222.00	225.00	223.00	220.00	213.00	211.00	208.00	206.00	204.00	202.00	197.00	195.00	193.00	191.00	188.00	184.00	183.00	183.00	182.00	180.00	179.00	178.00	177.00	176.00	175.00	172.00	171.00	171.00	171.00	171.00	171.00	170.00	169.00	169.00	169.00	169.00	170.00	169.00	168.00	167.00	165.00	162.00	161.00	160.00	159.00	158.00	158.00	158.00	158.00	159.00	160.00	158.00	157.00	156.00	155.00	157.00	167.00	171.00	174.00	178.00	180.00	181.00	181.00	181.00	180.00	178.00	177.00	175.00	175.00	176.00	178.00	181.00	183.00	189.00	194.00	198.00	203.00	213.00	215.00	216.00	215.00	213.00	211.00	211.00	211.00	211.00	209.00	205.00	194.00	187.00	182.00	175.00	173.00	171.00	170.00	177.00	185.00	193.00	199.00	208.00	213.00	213.00	211.00	209.00	206.00	202.00	196.00	195.00	195.00	159.00	154.00	157.00	160.00	162.00	166.00	171.00	178.00	185.00	196.00	197.00	196.00	194.00	190.00	190.00	193.00	195.00	196.00	192.00	191.00	194.00	199.00	195.00	190.00
154.00	157.00	158.00	158.00	158.00	157.00	157.00	157.00	159.00	160.00	161.00	161.00	163.00	161.00	157.00	154.00	153.00	160.00	162.00	163.00	162.00	156.00	147.00	142.00	139.00	139.00	140.00	142.00	144.00	145.00	145.00	146.00	145.00	149.00	154.00	156.00	157.00	157.00	156.00	153.00	152.00	151.00	149.00	148.00	149.00	150.00	150.00	149.00	144.00	143.00	146.00	150.00	157.00	160.00	159.00	159.00	159.00	159.00	160.00	159.00	156.00	153.00	152.00	150.00	143.00	140.00	140.00	144.00	149.00	154.00	163.00	167.00	170.00	172.00	174.00	170.00	168.00	165.00	161.00	156.00	158.00	162.00	167.00	171.00	177.00	184.00	186.00	189.00	192.00	193.00	192.00	191.00	189.00	186.00	185.00	184.00	182.00	177.00	175.00	172.00	167.00	165.00	169.00	172.00	174.00	175.00	175.00	172.00	171.00	174.00	179.00	188.00	191.00	195.00	198.00	205.00	211.00	213.00	215.00	216.00	219.00	220.00	222.00	222.00	219.00	217.00	215.00	212.00	210.00	206.00	204.00	202.00	200.00	198.00	197.00	196.00	195.00	195.00	196.00	195.00	194.00	192.00	189.00	188.00	188.00	188.00	187.00	184.00	180.00	178.00	176.00	172.00	172.00	172.00	171.00	171.00	169.00	169.00	168.00	167.00	167.00	167.00	166.00	165.00	166.00	167.00	167.00	166.00	165.00	164.00	162.00	162.00	164.00	168.00	168.00	168.00	167.00	164.00	157.00	162.00	166.00	169.00	174.00	178.00	182.00	185.00	188.00	191.00	191.00	190.00	187.00	186.00	187.00	187.00	187.00	186.00	182.00	183.00	185.00	190.00	206.00	210.00	213.00	216.00	217.00	217.00	217.00	216.00	215.00	207.00	202.00	194.00	190.00	188.00	184.00	182.00	180.00	177.00	173.00	176.00	182.00	189.00	200.00	206.00	208.00	209.00	209.00	205.00	203.00	201.00	201.00	201.00	173.00	166.00	165.00	165.00	154.00	155.00	160.00	167.00	176.00	189.00	189.00	185.00	181.00	183.00	188.00	193.00	196.00	198.00	198.00	196.00	198.00	206.00	206.00	202.00
154.00	157.00	158.00	158.00	158.00	157.00	157.00	157.00	159.00	160.00	161.00	161.00	163.00	161.00	157.00	154.00	153.00	160.00	162.00	163.00	162.00	156.00	147.00	142.00	139.00	139.00	140.00	142.00	144.00	145.00	145.00	146.00	145.00	149.00	154.00	156.00	157.00	157.00	156.00	153.00	152.00	151.00	149.00	148.00	149.00	150.00	150.00	149.00	144.00	143.00	146.00	150.00	157.00	160.00	159.00	159.00	159.00	159.00	160.00	159.00	156.00	153.00	152.00	150.00	143.00	140.00	140.00	144.00	149.00	154.00	163.00	167.00	170.00	172.00	174.00	170.00	168.00	165.00	161.00	156.00	158.00	162.00	167.00	171.00	177.00	184.00	186.00	189.00	192.00	193.00	192.00	191.00	189.00	186.00	185.00	184.00	182.00	177.00	175.00	172.00	167.00	165.00	169.00	172.00	174.00	175.00	175.00	172.00	171.00	174.00	179.00	188.00	191.00	195.00	198.00	205.00	211.00	213.00	215.00	216.00	219.00	220.00	222.00	222.00	219.00	217.00	215.00	212.00	210.00	206.00	204.00	202.00	200.00	198.00	197.00	196.00	195.00	195.00	196.00	195.00	194.00	192.00	189.00	188.00	188.00	188.00	187.00	184.00	180.00	178.00	176.00	172.00	172.00	172.00	171.00	171.00	169.00	169.00	168.00	167.00	167.00	167.00	166.00	165.00	166.00	167.00	167.00	166.00	165.00	164.00	162.00	162.00	164.00	168.00	168.00	168.00	167.00	164.00	157.00	162.00	166.00	169.00	174.00	178.00	182.00	185.00	188.00	191.00	191.00	190.00	187.00	186.00	187.00	187.00	187.00	186.00	182.00	183.00	185.00	190.00	206.00	210.00	213.00	216.00	217.00	217.00	217.00	216.00	215.00	207.00	202.00	194.00	190.00	188.00	184.00	182.00	180.00	177.00	173.00	176.00	182.00	189.00	200.00	206.00	208.00	209.00	209.00	205.00	203.00	201.00	201.00	201.00	173.00	166.00	165.00	165.00	154.00	155.00	160.00	167.00	176.00	189.00	189.00	185.00	181.00	183.00	188.00	193.00	196.00	198.00	198.00	196.00	198.00	206.00	206.00	202.00
154.00	157.00	158.00	158.00	158.00	157.00	157.00	157.00	159.00	160.00	161.00	161.00	163.00	161.00	157.00	154.00	153.00	160.00	162.00	163.00	162.00	156.00	147.00	142.00	139.00	139.00	140.00	142.00	144.00	145.00	145.00	146.00	145.00	149.00	154.00	156.00	157.00	157.00	156.00	153.00	152.00	151.00	149.00	148.00	149.00	150.00	150.00	149.00	144.00	143.00	146.00	150.00	157.00	160.00	159.00	159.00	159.00	159.00	160.00	159.00	156.00	153.00	152.00	150.00	143.00	140.00	140.00	144.00	149.00	154.00	163.00	167.00	170.00	172.00	174.00	170.00	168.00	165.00	161.00	156.00	158.00	162.00	167.00	171.00	177.00	184.00	186.00	189.00	192.00	193.00	192.00	191.00	189.00	186.00	185.00	184.00	182.00	177.00	175.00	172.00	167.00	165.00	169.00	172.00	174.00	175.00	175.00	172.00	171.00	174.00	179.00	188.00	191.00	195.00	198.00	205.00	211.00	213.00	215.00	216.00	219.00	220.00	222.00	222.00	219.00	217.00	215.00	212.00	210.00	206.00	204.00	202.00	200.00	198.00	197.00	196.00	195.00	195.00	196.00	195.00	194.00	192.00	189.00	188.00	188.00	188.00	187.00	184.00	180.00	178.00	176.00	172.00	172.00	172.00	171.00	171.00	169.00	169.00	168.00	167.00	167.00	167.00	166.00	165.00	166.00	167.00	167.00	166.00	165.00	164.00	162.00	162.00	164.00	168.00	168.00	168.00	167.00	164.00	157.00	162.00	166.00	169.00	174.00	178.00	182.00	185.00	188.00	191.00	191.00	190.00	187.00	186.00	187.00	187.00	187.00	186.00	182.00	183.00	185.00	190.00	206.00	210.00	213.00	216.00	217.00	217.00	217.00	216.00	215.00	207.00	202.00	194.00	190.00	188.00	184.00	182.00	180.00	177.00	173.00	176.00	182.00	189.00	200.00	206.00	208.00	209.00	209.00	205.00	203.00	201.00	201.00	201.00	173.00	166.00	165.00	165.00	154.00	155.00	160.00	167.00	176.00	189.00	189.00	185.00	181.00	183.00	188.00	193.00	196.00	198.00	198.00	196.00	198.00	206.00	206.00	202.00
171.00	171.00	171.00	170.00	169.00	167.00	166.00	164.00	162.00	161.00	160.00	160.00	158.00	157.00	155.00	153.00	151.00	151.00	153.00	154.00	155.00	153.00	147.00	146.00	145.00	146.00	148.00	149.00	149.00	149.00	148.00	145.00	142.00	141.00	146.00	148.00	149.00	149.00	150.00	153.00	155.00	157.00	159.00	161.00	162.00	163.00	163.00	162.00	159.00	158.00	157.00	157.00	163.00	168.00	168.00	167.00	167.00	164.00	162.00	160.00	156.00	151.00	147.00	144.00	139.00	137.00	137.00	140.00	145.00	148.00	155.00	158.00	161.00	163.00	165.00	168.00	167.00	165.00	162.00	156.00	155.00	158.00	161.00	164.00	169.00	171.00	172.00	173.00	173.00	172.00	172.00	171.00	170.00	170.00	170.00	169.00	168.00	165.00	165.00	165.00	166.00	168.00	173.00	175.00	177.00	179.00	184.00	185.00	185.00	184.00	183.00	181.00	182.00	184.00	188.00	196.00	204.00	208.00	211.00	215.00	221.00	224.00	226.00	228.00	224.00	222.00	219.00	216.00	215.00	213.00	213.00	211.00	209.00	206.00	205.00	205.00	205.00	205.00	206.00	205.00	205.00	203.00	199.00	199.00	199.00	198.00	196.00	193.00	190.00	188.00	188.00	186.00	185.00	184.00	183.00	182.00	179.00	178.00	177.00	176.00	175.00	174.00	174.00	173.00	174.00	173.00	173.00	171.00	169.00	167.00	166.00	165.00	165.00	169.00	170.00	170.00	169.00	166.00	158.00	160.00	162.00	164.00	168.00	170.00	173.00	176.00	179.00	182.00	184.00	187.00	195.00	201.00	204.00	205.00	206.00	206.00	202.00	198.00	194.00	192.00	201.00	204.00	207.00	210.00	213.00	214.00	214.00	213.00	212.00	205.00	202.00	198.00	197.00	195.00	190.00	189.00	188.00	186.00	181.00	179.00	178.00	179.00	184.00	192.00	197.00	202.00	207.00	212.00	212.00	211.00	210.00	209.00	181.00	175.00	174.00	174.00	163.00	157.00	153.00	153.00	158.00	170.00	173.00	175.00	179.00	188.00	191.00	195.00	200.00	204.00	207.00	203.00	200.00	208.00	213.00	211.00
171.00	171.00	171.00	170.00	169.00	167.00	166.00	164.00	162.00	161.00	160.00	160.00	158.00	157.00	155.00	153.00	151.00	151.00	153.00	154.00	155.00	153.00	147.00	146.00	145.00	146.00	148.00	149.00	149.00	149.00	148.00	145.00	142.00	141.00	146.00	148.00	149.00	149.00	150.00	153.00	155.00	157.00	159.00	161.00	162.00	163.00	163.00	162.00	159.00	158.00	157.00	157.00	163.00	168.00	168.00	167.00	167.00	164.00	162.00	160.00	156.00	151.00	147.00	144.00	139.00	137.00	137.00	140.00	145.00	148.00	155.00	158.00	161.00	163.00	165.00	168.00	167.00	165.00	162.00	156.00	155.00	158.00	161.00	164.00	169.00	171.00	172.00	173.00	173.00	172.00	172.00	171.00	170.00	170.00	170.00	169.00	168.00	165.00	165.00	165.00	166.00	168.00	173.00	175.00	177.00	179.00	184.00	185.00	185.00	184.00	183.00	181.00	182.00	184.00	188.00	196.00	204.00	208.00	211.00	215.00	221.00	224.00	226.00	228.00	224.00	222.00	219.00	216.00	215.00	213.00	213.00	211.00	209.00	206.00	205.00	205.00	205.00	205.00	206.00	205.00	205.00	203.00	199.00	199.00	199.00	198.00	196.00	193.00	190.00	188.00	188.00	186.00	185.00	184.00	183.00	182.00	179.00	178.00	177.00	176.00	175.00	174.00	174.00	173.00	174.00	173.00	173.00	171.00	169.00	167.00	166.00	165.00	165.00	169.00	170.00	170.00	169.00	166.00	158.00	160.00	162.00	164.00	168.00	170.00	173.00	176.00	179.00	182.00	184.00	187.00	195.00	201.00	204.00	205.00	206.00	206.00	202.00	198.00	194.00	192.00	201.00	204.00	207.00	210.00	213.00	214.00	214.00	213.00	212.00	205.00	202.00	198.00	197.00	195.00	190.00	189.00	188.00	186.00	181.00	179.00	178.00	179.00	184.00	192.00	197.00	202.00	207.00	212.00	212.00	211.00	210.00	209.00	181.00	175.00	174.00	174.00	163.00	157.00	153.00	153.00	158.00	170.00	173.00	175.00	179.00	188.00	191.00	195.00	200.00	204.00	207.00	203.00	200.00	208.00	213.00	211.00
171.00	172.00	171.00	171.00	172.00	172.00	172.00	173.00	175.00	176.00	176.00	176.00	171.00	167.00	163.00	159.00	156.00	151.00	149.00	146.00	144.00	138.00	139.00	142.00	145.00	149.00	150.00	151.00	152.00	152.00	151.00	150.00	149.00	145.00	150.00	154.00	156.00	159.00	161.00	164.00	165.00	165.00	165.00	164.00	165.00	165.00	164.00	163.00	163.00	163.00	164.00	166.00	169.00	170.00	169.00	169.00	168.00	165.00	163.00	161.00	159.00	153.00	149.00	146.00	147.00	147.00	142.00	142.00	145.00	149.00	160.00	167.00	171.00	173.00	174.00	171.00	169.00	167.00	164.00	159.00	156.00	156.00	158.00	161.00	168.00	172.00	173.00	172.00	167.00	163.00	159.00	156.00	154.00	151.00	149.00	148.00	145.00	149.00	152.00	155.00	159.00	162.00	168.00	171.00	174.00	178.00	187.00	189.00	191.00	192.00	192.00	192.00	192.00	190.00	188.00	188.00	195.00	200.00	204.00	209.00	217.00	221.00	224.00	226.00	227.00	227.00	226.00	222.00	220.00	219.00	218.00	217.00	216.00	212.00	212.00	211.00	211.00	212.00	213.00	212.00	211.00	209.00	205.00	203.00	201.00	200.00	199.00	198.00	198.00	198.00	197.00	194.00	193.00	191.00	190.00	189.00	185.00	182.00	181.00	179.00	177.00	175.00	173.00	171.00	167.00	166.00	166.00	165.00	164.00	164.00	164.00	164.00	164.00	166.00	167.00	167.00	167.00	166.00	159.00	165.00	167.00	169.00	172.00	173.00	174.00	175.00	176.00	178.00	179.00	182.00	190.00	198.00	203.00	206.00	207.00	208.00	208.00	207.00	206.00	206.00	207.00	208.00	210.00	212.00	215.00	219.00	219.00	218.00	217.00	214.00	213.00	210.00	208.00	205.00	201.00	198.00	196.00	193.00	187.00	185.00	185.00	185.00	183.00	189.00	193.00	197.00	201.00	209.00	212.00	214.00	215.00	216.00	196.00	192.00	190.00	187.00	181.00	176.00	170.00	161.00	153.00	150.00	159.00	164.00	170.00	181.00	186.00	192.00	198.00	203.00	207.00	205.00	204.00	209.00	214.00	214.00
171.00	172.00	171.00	171.00	172.00	172.00	172.00	173.00	175.00	176.00	176.00	176.00	171.00	167.00	163.00	159.00	156.00	151.00	149.00	146.00	144.00	138.00	139.00	142.00	145.00	149.00	150.00	151.00	152.00	152.00	151.00	150.00	149.00	145.00	150.00	154.00	156.00	159.00	161.00	164.00	165.00	165.00	165.00	164.00	165.00	165.00	164.00	163.00	163.00	163.00	164.00	166.00	169.00	170.00	169.00	169.00	168.00	165.00	163.00	161.00	159.00	153.00	149.00	146.00	147.00	147.00	142.00	142.00	145.00	149.00	160.00	167.00	171.00	173.00	174.00	171.00	169.00	167.00	164.00	159.00	156.00	156.00	158.00	161.00	168.00	172.00	173.00	172.00	167.00	163.00	159.00	156.00	154.00	151.00	149.00	148.00	145.00	149.00	152.00	155.00	159.00	162.00	168.00	171.00	174.00	178.00	187.00	189.00	191.00	192.00	192.00	192.00	192.00	190.00	188.00	188.00	195.00	200.00	204.00	209.00	217.00	221.00	224.00	226.00	227.00	227.00	226.00	222.00	220.00	219.00	218.00	217.00	216.00	212.00	212.00	211.00	211.00	212.00	213.00	212.00	211.00	209.00	205.00	203.00	201.00	200.00	199.00	198.00	198.00	198.00	197.00	194.00	193.00	191.00	190.00	189.00	185.00	182.00	181.00	179.00	177.00	175.00	173.00	171.00	167.00	166.00	166.00	165.00	164.00	164.00	164.00	164.00	164.00	166.00	167.00	167.00	167.00	166.00	159.00	165.00	167.00	169.00	172.00	173.00	174.00	175.00	176.00	178.00	179.00	182.00	190.00	198.00	203.00	206.00	207.00	208.00	208.00	207.00	206.00	206.00	207.00	208.00	210.00	212.00	215.00	219.00	219.00	218.00	217.00	214.00	213.00	210.00	208.00	205.00	201.00	198.00	196.00	193.00	187.00	185.00	185.00	185.00	183.00	189.00	193.00	197.00	201.00	209.00	212.00	214.00	215.00	216.00	196.00	192.00	190.00	187.00	181.00	176.00	170.00	161.00	153.00	150.00	159.00	164.00	170.00	181.00	186.00	192.00	198.00	203.00	207.00	205.00	204.00	209.00	214.00	214.00
166.00	168.00	170.00	171.00	170.00	169.00	170.00	171.00	175.00	175.00	174.00	173.00	167.00	164.00	161.00	160.00	161.00	163.00	163.00	161.00	158.00	151.00	145.00	147.00	150.00	153.00	154.00	154.00	155.00	154.00	154.00	154.00	153.00	148.00	146.00	146.00	147.00	149.00	152.00	159.00	163.00	166.00	170.00	176.00	175.00	174.00	173.00	173.00	173.00	173.00	172.00	172.00	172.00	169.00	167.00	164.00	161.00	158.00	158.00	158.00	156.00	152.00	151.00	149.00	156.00	159.00	156.00	153.00	152.00	152.00	159.00	166.00	173.00	178.00	181.00	182.00	180.00	177.00	173.00	163.00	158.00	154.00	153.00	154.00	156.00	158.00	159.00	160.00	158.00	155.00	152.00	149.00	146.00	142.00	141.00	142.00	147.00	152.00	155.00	157.00	160.00	163.00	166.00	166.00	169.00	173.00	184.00	186.00	188.00	189.00	190.00	193.00	195.00	196.00	197.00	198.00	197.00	196.00	196.00	198.00	208.00	213.00	218.00	221.00	226.00	226.00	226.00	223.00	221.00	218.00	216.00	215.00	215.00	214.00	212.00	210.00	209.00	208.00	209.00	210.00	210.00	208.00	204.00	201.00	199.00	196.00	195.00	192.00	191.00	191.00	191.00	187.00	185.00	183.00	183.00	182.00	178.00	177.00	175.00	173.00	171.00	171.00	171.00	172.00	175.00	176.00	177.00	176.00	175.00	168.00	167.00	167.00	167.00	165.00	164.00	163.00	162.00	160.00	160.00	169.00	172.00	176.00	180.00	181.00	182.00	184.00	186.00	190.00	191.00	192.00	198.00	204.00	206.00	208.00	209.00	209.00	212.00	213.00	213.00	213.00	214.00	215.00	216.00	216.00	217.00	218.00	218.00	219.00	220.00	220.00	220.00	219.00	220.00	218.00	212.00	207.00	201.00	196.00	194.00	196.00	198.00	198.00	199.00	199.00	198.00	197.00	197.00	197.00	198.00	199.00	201.00	203.00	195.00	195.00	195.00	192.00	185.00	180.00	174.00	165.00	155.00	150.00	160.00	162.00	162.00	168.00	174.00	179.00	185.00	190.00	197.00	199.00	199.00	201.00	205.00	207.00
166.00	168.00	170.00	171.00	170.00	169.00	170.00	171.00	175.00	175.00	174.00	173.00	167.00	164.00	161.00	160.00	161.00	163.00	163.00	161.00	158.00	151.00	145.00	147.00	150.00	153.00	154.00	154.00	155.00	154.00	154.00	154.00	153.00	148.00	146.00	146.00	147.00	149.00	152.00	159.00	163.00	166.00	170.00	176.00	175.00	174.00	173.00	173.00	173.00	173.00	172.00	172.00	172.00	169.00	167.00	164.00	161.00	158.00	158.00	158.00	156.00	152.00	151.00	149.00	156.00	159.00	156.00	153.00	152.00	152.00	159.00	166.00	173.00	178.00	181.00	182.00	180.00	177.00	173.00	163.00	158.00	154.00	153.00	154.00	156.00	158.00	159.00	160.00	158.00	155.00	152.00	149.00	146.00	142.00	141.00	142.00	147.00	152.00	155.00	157.00	160.00	163.00	166.00	166.00	169.00	173.00	184.00	186.00	188.00	189.00	190.00	193.00	195.00	196.00	197.00	198.00	197.00	196.00	196.00	198.00	208.00	213.00	218.00	221.00	226.00	226.00	226.00	223.00	221.00	218.00	216.00	215.00	215.00	214.00	212.00	210.00	209.00	208.00	209.00	210.00	210.00	208.00	204.00	201.00	199.00	196.00	195.00	192.00	191.00	191.00	191.00	187.00	185.00	183.00	183.00	182.00	178.00	177.00	175.00	173.00	171.00	171.00	171.00	172.00	175.00	176.00	177.00	176.00	175.00	168.00	167.00	167.00	167.00	165.00	164.00	163.00	162.00	160.00	160.00	169.00	172.00	176.00	180.00	181.00	182.00	184.00	186.00	190.00	191.00	192.00	198.00	204.00	206.00	208.00	209.00	209.00	212.00	213.00	213.00	213.00	214.00	215.00	216.00	216.00	217.00	218.00	218.00	219.00	220.00	220.00	220.00	219.00	220.00	218.00	212.00	207.00	201.00	196.00	194.00	196.00	198.00	198.00	199.00	199.00	198.00	197.00	197.00	197.00	198.00	199.00	201.00	203.00	195.00	195.00	195.00	192.00	185.00	180.00	174.00	165.00	155.00	150.00	160.00	162.00	162.00	168.00	174.00	179.00	185.00	190.00	197.00	199.00	199.00	201.00	205.00	207.00
168.00	174.00	175.00	178.00	179.00	179.00	179.00	178.00	172.00	169.00	165.00	160.00	160.00	161.00	162.00	160.00	159.00	157.00	156.00	155.00	153.00	149.00	141.00	142.00	146.00	154.00	157.00	160.00	163.00	164.00	163.00	161.00	158.00	152.00	146.00	142.00	139.00	138.00	138.00	144.00	149.00	153.00	158.00	165.00	166.00	166.00	166.00	166.00	167.00	170.00	175.00	179.00	183.00	183.00	183.00	180.00	177.00	173.00	171.00	167.00	162.00	149.00	145.00	145.00	156.00	162.00	165.00	162.00	158.00	155.00	160.00	166.00	173.00	178.00	181.00	185.00	184.00	183.00	181.00	172.00	167.00	163.00	159.00	156.00	151.00	150.00	150.00	150.00	146.00	141.00	136.00	132.00	129.00	129.00	133.00	137.00	147.00	155.00	159.00	162.00	164.00	166.00	170.00	172.00	175.00	178.00	187.00	189.00	191.00	192.00	193.00	195.00	196.00	196.00	195.00	195.00	198.00	199.00	200.00	200.00	205.00	210.00	215.00	218.00	222.00	223.00	222.00	221.00	219.00	216.00	213.00	211.00	210.00	207.00	206.00	205.00	205.00	204.00	203.00	203.00	202.00	200.00	197.00	196.00	195.00	193.00	191.00	186.00	183.00	182.00	181.00	179.00	179.00	179.00	178.00	178.00	178.00	178.00	178.00	179.00	183.00	184.00	185.00	187.00	188.00	188.00	187.00	185.00	182.00	173.00	172.00	172.00	173.00	172.00	170.00	168.00	165.00	161.00	165.00	171.00	173.00	175.00	180.00	182.00	184.00	185.00	188.00	195.00	198.00	200.00	205.00	208.00	210.00	211.00	213.00	214.00	215.00	215.00	214.00	215.00	216.00	216.00	216.00	216.00	216.00	217.00	217.00	217.00	217.00	218.00	219.00	217.00	216.00	216.00	212.00	209.00	206.00	204.00	206.00	207.00	208.00	207.00	208.00	208.00	207.00	205.00	202.00	193.00	188.00	185.00	184.00	186.00	184.00	185.00	187.00	186.00	178.00	172.00	167.00	162.00	154.00	154.00	173.00	179.00	180.00	174.00	174.00	176.00	180.00	183.00	193.00	198.00	200.00	202.00	202.00	202.00
168.00	174.00	175.00	178.00	179.00	179.00	179.00	178.00	172.00	169.00	165.00	160.00	160.00	161.00	162.00	160.00	159.00	157.00	156.00	155.00	153.00	149.00	141.00	142.00	146.00	154.00	157.00	160.00	163.00	164.00	163.00	161.00	158.00	152.00	146.00	142.00	139.00	138.00	138.00	144.00	149.00	153.00	158.00	165.00	166.00	166.00	166.00	166.00	167.00	170.00	175.00	179.00	183.00	183.00	183.00	180.00	177.00	173.00	171.00	167.00	162.00	149.00	145.00	145.00	156.00	162.00	165.00	162.00	158.00	155.00	160.00	166.00	173.00	178.00	181.00	185.00	184.00	183.00	181.00	172.00	167.00	163.00	159.00	156.00	151.00	150.00	150.00	150.00	146.00	141.00	136.00	132.00	129.00	129.00	133.00	137.00	147.00	155.00	159.00	162.00	164.00	166.00	170.00	172.00	175.00	178.00	187.00	189.00	191.00	192.00	193.00	195.00	196.00	196.00	195.00	195.00	198.00	199.00	200.00	200.00	205.00	210.00	215.00	218.00	222.00	223.00	222.00	221.00	219.00	216.00	213.00	211.00	210.00	207.00	206.00	205.00	205.00	204.00	203.00	203.00	202.00	200.00	197.00	196.00	195.00	193.00	191.00	186.00	183.00	182.00	181.00	179.00	179.00	179.00	178.00	178.00	178.00	178.00	178.00	179.00	183.00	184.00	185.00	187.00	188.00	188.00	187.00	185.00	182.00	173.00	172.00	172.00	173.00	172.00	170.00	168.00	165.00	161.00	165.00	171.00	173.00	175.00	180.00	182.00	184.00	185.00	188.00	195.00	198.00	200.00	205.00	208.00	210.00	211.00	213.00	214.00	215.00	215.00	214.00	215.00	216.00	216.00	216.00	216.00	216.00	217.00	217.00	217.00	217.00	218.00	219.00	217.00	216.00	216.00	212.00	209.00	206.00	204.00	206.00	207.00	208.00	207.00	208.00	208.00	207.00	205.00	202.00	193.00	188.00	185.00	184.00	186.00	184.00	185.00	187.00	186.00	178.00	172.00	167.00	162.00	154.00	154.00	173.00	179.00	180.00	174.00	174.00	176.00	180.00	183.00	193.00	198.00	200.00	202.00	202.00	202.00
160.00	173.00	178.00	184.00	186.00	189.00	191.00	192.00	186.00	180.00	175.00	171.00	166.00	166.00	166.00	165.00	164.00	162.00	162.00	161.00	159.00	155.00	146.00	143.00	140.00	141.00	145.00	150.00	154.00	157.00	161.00	161.00	162.00	160.00	156.00	153.00	149.00	145.00	143.00	145.00	148.00	151.00	155.00	159.00	158.00	156.00	153.00	152.00	156.00	162.00	168.00	174.00	182.00	185.00	184.00	180.00	177.00	172.00	170.00	167.00	161.00	152.00	153.00	158.00	172.00	178.00	182.00	181.00	177.00	170.00	155.00	153.00	154.00	158.00	163.00	177.00	179.00	179.00	177.00	171.00	169.00	167.00	165.00	163.00	159.00	152.00	149.00	146.00	139.00	135.00	132.00	130.00	132.00	141.00	144.00	147.00	154.00	164.00	170.00	175.00	179.00	183.00	188.00	191.00	191.00	191.00	189.00	188.00	187.00	187.00	187.00	190.00	193.00	195.00	197.00	200.00	204.00	207.00	209.00	211.00	213.00	214.00	214.00	214.00	213.00	212.00	212.00	213.00	213.00	213.00	212.00	211.00	210.00	208.00	207.00	206.00	205.00	204.00	196.00	196.00	196.00	196.00	193.00	192.00	191.00	190.00	189.00	188.00	188.00	188.00	188.00	186.00	186.00	186.00	186.00	186.00	187.00	189.00	190.00	191.00	190.00	189.00	187.00	185.00	182.00	181.00	179.00	177.00	176.00	170.00	169.00	168.00	168.00	169.00	167.00	164.00	161.00	160.00	167.00	171.00	173.00	174.00	179.00	181.00	183.00	185.00	186.00	189.00	191.00	194.00	201.00	208.00	211.00	212.00	211.00	210.00	210.00	210.00	210.00	209.00	210.00	211.00	213.00	215.00	216.00	220.00	221.00	221.00	220.00	218.00	217.00	216.00	216.00	215.00	215.00	216.00	216.00	216.00	216.00	217.00	216.00	215.00	211.00	206.00	205.00	203.00	201.00	194.00	189.00	185.00	184.00	188.00	187.00	184.00	182.00	178.00	168.00	164.00	158.00	152.00	154.00	170.00	184.00	189.00	191.00	192.00	190.00	188.00	185.00	184.00	191.00	197.00	202.00	208.00	210.00	210.00
160.00	173.00	178.00	184.00	186.00	189.00	191.00	192.00	186.00	180.00	175.00	171.00	166.00	166.00	166.00	165.00	164.00	162.00	162.00	161.00	159.00	155.00	146.00	143.00	140.00	141.00	145.00	150.00	154.00	157.00	161.00	161.00	162.00	160.00	156.00	153.00	149.00	145.00	143.00	145.00	148.00	151.00	155.00	159.00	158.00	156.00	153.00	152.00	156.00	162.00	168.00	174.00	182.00	185.00	184.00	180.00	177.00	172.00	170.00	167.00	161.00	152.00	153.00	158.00	172.00	178.00	182.00	181.00	177.00	170.00	155.00	153.00	154.00	158.00	163.00	177.00	179.00	179.00	177.00	171.00	169.00	167.00	165.00	163.00	159.00	152.00	149.00	146.00	139.00	135.00	132.00	130.00	132.00	141.00	144.00	147.00	154.00	164.00	170.00	175.00	179.00	183.00	188.00	191.00	191.00	191.00	189.00	188.00	187.00	187.00	187.00	190.00	193.00	195.00	197.00	200.00	204.00	207.00	209.00	211.00	213.00	214.00	214.00	214.00	213.00	212.00	212.00	213.00	213.00	213.00	212.00	211.00	210.00	208.00	207.00	206.00	205.00	204.00	196.00	196.00	196.00	196.00	193.00	192.00	191.00	190.00	189.00	188.00	188.00	188.00	188.00	186.00	186.00	186.00	186.00	186.00	187.00	189.00	190.00	191.00	190.00	189.00	187.00	185.00	182.00	181.00	179.00	177.00	176.00	170.00	169.00	168.00	168.00	169.00	167.00	164.00	161.00	160.00	167.00	171.00	173.00	174.00	179.00	181.00	183.00	185.00	186.00	189.00	191.00	194.00	201.00	208.00	211.00	212.00	211.00	210.00	210.00	210.00	210.00	209.00	210.00	211.00	213.00	215.00	216.00	220.00	221.00	221.00	220.00	218.00	217.00	216.00	216.00	215.00	215.00	216.00	216.00	216.00	216.00	217.00	216.00	215.00	211.00	206.00	205.00	203.00	201.00	194.00	189.00	185.00	184.00	188.00	187.00	184.00	182.00	178.00	168.00	164.00	158.00	152.00	154.00	170.00	184.00	189.00	191.00	192.00	190.00	188.00	185.00	184.00	191.00	197.00	202.00	208.00	210.00	210.00
160.00	173.00	178.00	184.00	186.00	189.00	191.00	192.00	186.00	180.00	175.00	171.00	166.00	166.00	166.00	165.00	164.00	162.00	162.00	161.00	159.00	155.00	146.00	143.00	140.00	141.00	145.00	150.00	154.00	157.00	161.00	161.00	162.00	160.00	156.00	153.00	149.00	145.00	143.00	145.00	148.00	151.00	155.00	159.00	158.00	156.00	153.00	152.00	156.00	162.00	168.00	174.00	182.00	185.00	184.00	180.00	177.00	172.00	170.00	167.00	161.00	152.00	153.00	158.00	172.00	178.00	182.00	181.00	177.00	170.00	155.00	153.00	154.00	158.00	163.00	177.00	179.00	179.00	177.00	171.00	169.00	167.00	165.00	163.00	159.00	152.00	149.00	146.00	139.00	135.00	132.00	130.00	132.00	141.00	144.00	147.00	154.00	164.00	170.00	175.00	179.00	183.00	188.00	191.00	191.00	191.00	189.00	188.00	187.00	187.00	187.00	190.00	193.00	195.00	197.00	200.00	204.00	207.00	209.00	211.00	213.00	214.00	214.00	214.00	213.00	212.00	212.00	213.00	213.00	213.00	212.00	211.00	210.00	208.00	207.00	206.00	205.00	204.00	196.00	196.00	196.00	196.00	193.00	192.00	191.00	190.00	189.00	188.00	188.00	188.00	188.00	186.00	186.00	186.00	186.00	186.00	187.00	189.00	190.00	191.00	190.00	189.00	187.00	185.00	182.00	181.00	179.00	177.00	176.00	170.00	169.00	168.00	168.00	169.00	167.00	164.00	161.00	160.00	167.00	171.00	173.00	174.00	179.00	181.00	183.00	185.00	186.00	189.00	191.00	194.00	201.00	208.00	211.00	212.00	211.00	210.00	210.00	210.00	210.00	209.00	210.00	211.00	213.00	215.00	216.00	220.00	221.00	221.00	220.00	218.00	217.00	216.00	216.00	215.00	215.00	216.00	216.00	216.00	216.00	217.00	216.00	215.00	211.00	206.00	205.00	203.00	201.00	194.00	189.00	185.00	184.00	188.00	187.00	184.00	182.00	178.00	168.00	164.00	158.00	152.00	154.00	170.00	184.00	189.00	191.00	192.00	190.00	188.00	185.00	184.00	191.00	197.00	202.00	208.00	210.00	210.00
160.00	173.00	178.00	184.00	186.00	189.00	191.00	192.00	186.00	180.00	175.00	171.00	166.00	166.00	166.00	165.00	164.00	162.00	162.00	161.00	159.00	155.00	146.00	143.00	140.00	141.00	145.00	150.00	154.00	157.00	161.00	161.00	162.00	160.00	156.00	153.00	149.00	145.00	143.00	145.00	148.00	151.00	155.00	159.00	158.00	156.00	153.00	152.00	156.00	162.00	168.00	174.00	182.00	185.00	184.00	180.00	177.00	172.00	170.00	167.00	161.00	152.00	153.00	158.00	172.00	178.00	182.00	181.00	177.00	170.00	155.00	153.00	154.00	158.00	163.00	177.00	179.00	179.00	177.00	171.00	169.00	167.00	165.00	163.00	159.00	152.00	149.00	146.00	139.00	135.00	132.00	130.00	132.00	141.00	144.00	147.00	154.00	164.00	170.00	175.00	179.00	183.00	188.00	191.00	191.00	191.00	189.00	188.00	187.00	187.00	187.00	190.00	193.00	195.00	197.00	200.00	204.00	207.00	209.00	211.00	213.00	214.00	214.00	214.00	213.00	212.00	212.00	213.00	213.00	213.00	212.00	211.00	210.00	208.00	207.00	206.00	205.00	204.00	196.00	196.00	196.00	196.00	193.00	192.00	191.00	190.00	189.00	188.00	188.00	188.00	188.00	186.00	186.00	186.00	186.00	186.00	187.00	189.00	190.00	191.00	190.00	189.00	187.00	185.00	182.00	181.00	179.00	177.00	176.00	170.00	169.00	168.00	168.00	169.00	167.00	164.00	161.00	160.00	167.00	171.00	173.00	174.00	179.00	181.00	183.00	185.00	186.00	189.00	191.00	194.00	201.00	208.00	211.00	212.00	211.00	210.00	210.00	210.00	210.00	209.00	210.00	211.00	213.00	215.00	216.00	220.00	221.00	221.00	220.00	218.00	217.00	216.00	216.00	215.00	215.00	216.00	216.00	216.00	216.00	217.00	216.00	215.00	211.00	206.00	205.00	203.00	201.00	194.00	189.00	185.00	184.00	188.00	187.00	184.00	182.00	178.00	168.00	164.00	158.00	152.00	154.00	170.00	184.00	189.00	191.00	192.00	190.00	188.00	185.00	184.00	191.00	197.00	202.00	208.00	210.00	210.00
159.00	169.00	175.00	182.00	183.00	183.00	183.00	183.00	180.00	180.00	178.00	178.00	175.00	173.00	171.00	169.00	167.00	162.00	159.00	158.00	156.00	152.00	145.00	142.00	141.00	142.00	145.00	148.00	151.00	153.00	155.00	157.00	159.00	159.00	159.00	159.00	159.00	158.00	155.00	154.00	156.00	157.00	158.00	157.00	156.00	154.00	153.00	155.00	164.00	169.00	174.00	177.00	180.00	178.00	176.00	174.00	172.00	172.00	170.00	166.00	160.00	147.00	147.00	154.00	171.00	178.00	186.00	187.00	187.00	184.00	175.00	169.00	163.00	158.00	156.00	163.00	167.00	169.00	170.00	170.00	171.00	173.00	174.00	173.00	169.00	159.00	154.00	149.00	137.00	133.00	132.00	134.00	138.00	144.00	147.00	152.00	160.00	168.00	172.00	177.00	181.00	184.00	192.00	196.00	199.00	200.00	198.00	197.00	196.00	194.00	191.00	186.00	186.00	190.00	193.00	201.00	208.00	212.00	216.00	219.00	221.00	222.00	220.00	217.00	212.00	211.00	211.00	212.00	212.00	211.00	211.00	209.00	208.00	205.00	204.00	202.00	202.00	201.00	198.00	198.00	199.00	200.00	200.00	200.00	200.00	199.00	199.00	198.00	197.00	197.00	197.00	195.00	195.00	195.00	194.00	194.00	194.00	194.00	193.00	189.00	186.00	185.00	184.00	183.00	180.00	179.00	179.00	179.00	179.00	178.00	177.00	176.00	176.00	175.00	171.00	164.00	160.00	161.00	166.00	171.00	174.00	176.00	179.00	179.00	180.00	181.00	183.00	188.00	192.00	197.00	204.00	208.00	210.00	210.00	209.00	208.00	206.00	205.00	204.00	203.00	205.00	208.00	212.00	214.00	216.00	219.00	221.00	222.00	222.00	221.00	220.00	220.00	220.00	221.00	217.00	215.00	213.00	212.00	212.00	212.00	212.00	212.00	211.00	208.00	204.00	201.00	197.00	190.00	186.00	183.00	183.00	187.00	182.00	178.00	173.00	167.00	157.00	155.00	153.00	157.00	165.00	182.00	193.00	197.00	199.00	200.00	200.00	199.00	199.00	197.00	191.00	193.00	199.00	207.00	208.00	208.00
172.00	171.00	171.00	171.00	172.00	174.00	174.00	174.00	174.00	173.00	171.00	169.00	165.00	164.00	162.00	161.00	160.00	157.00	157.00	156.00	154.00	148.00	138.00	137.00	141.00	150.00	152.00	153.00	153.00	154.00	157.00	158.00	160.00	161.00	161.00	160.00	159.00	157.00	158.00	163.00	164.00	165.00	164.00	160.00	160.00	160.00	160.00	161.00	167.00	170.00	174.00	176.00	180.00	178.00	174.00	169.00	165.00	165.00	164.00	161.00	155.00	146.00	150.00	157.00	170.00	174.00	177.00	178.00	178.00	176.00	170.00	166.00	161.00	157.00	154.00	160.00	166.00	171.00	174.00	176.00	176.00	177.00	176.00	175.00	168.00	157.00	151.00	145.00	141.00	142.00	146.00	151.00	156.00	155.00	151.00	150.00	156.00	165.00	170.00	174.00	179.00	184.00	190.00	190.00	189.00	189.00	193.00	193.00	192.00	187.00	181.00	165.00	162.00	164.00	169.00	186.00	201.00	207.00	212.00	216.00	218.00	215.00	209.00	203.00	196.00	197.00	200.00	208.00	211.00	215.00	216.00	216.00	215.00	212.00	210.00	208.00	206.00	207.00	208.00	207.00	205.00	204.00	202.00	201.00	201.00	201.00	201.00	201.00	202.00	203.00	203.00	203.00	202.00	202.00	202.00	201.00	198.00	196.00	195.00	193.00	193.00	193.00	193.00	193.00	192.00	191.00	189.00	188.00	186.00	181.00	180.00	178.00	176.00	171.00	168.00	162.00	159.00	160.00	166.00	170.00	172.00	175.00	180.00	182.00	183.00	184.00	187.00	192.00	195.00	197.00	203.00	205.00	204.00	203.00	202.00	201.00	200.00	200.00	201.00	202.00	209.00	211.00	213.00	216.00	218.00	222.00	223.00	224.00	225.00	226.00	227.00	227.00	225.00	224.00	218.00	216.00	213.00	211.00	208.00	207.00	206.00	206.00	205.00	201.00	198.00	194.00	192.00	189.00	189.00	188.00	186.00	184.00	164.00	158.00	156.00	156.00	168.00	173.00	177.00	177.00	176.00	176.00	187.00	194.00	201.00	207.00	209.00	209.00	208.00	207.00	206.00	206.00	206.00	209.00	211.00	213.00
172.00	171.00	171.00	171.00	172.00	174.00	174.00	174.00	174.00	173.00	171.00	169.00	165.00	164.00	162.00	161.00	160.00	157.00	157.00	156.00	154.00	148.00	138.00	137.00	141.00	150.00	152.00	153.00	153.00	154.00	157.00	158.00	160.00	161.00	161.00	160.00	159.00	157.00	158.00	163.00	164.00	165.00	164.00	160.00	160.00	160.00	160.00	161.00	167.00	170.00	174.00	176.00	180.00	178.00	174.00	169.00	165.00	165.00	164.00	161.00	155.00	146.00	150.00	157.00	170.00	174.00	177.00	178.00	178.00	176.00	170.00	166.00	161.00	157.00	154.00	160.00	166.00	171.00	174.00	176.00	176.00	177.00	176.00	175.00	168.00	157.00	151.00	145.00	141.00	142.00	146.00	151.00	156.00	155.00	151.00	150.00	156.00	165.00	170.00	174.00	179.00	184.00	190.00	190.00	189.00	189.00	193.00	193.00	192.00	187.00	181.00	165.00	162.00	164.00	169.00	186.00	201.00	207.00	212.00	216.00	218.00	215.00	209.00	203.00	196.00	197.00	200.00	208.00	211.00	215.00	216.00	216.00	215.00	212.00	210.00	208.00	206.00	207.00	208.00	207.00	205.00	204.00	202.00	201.00	201.00	201.00	201.00	201.00	202.00	203.00	203.00	203.00	202.00	202.00	202.00	201.00	198.00	196.00	195.00	193.00	193.00	193.00	193.00	193.00	192.00	191.00	189.00	188.00	186.00	181.00	180.00	178.00	176.00	171.00	168.00	162.00	159.00	160.00	166.00	170.00	172.00	175.00	180.00	182.00	183.00	184.00	187.00	192.00	195.00	197.00	203.00	205.00	204.00	203.00	202.00	201.00	200.00	200.00	201.00	202.00	209.00	211.00	213.00	216.00	218.00	222.00	223.00	224.00	225.00	226.00	227.00	227.00	225.00	224.00	218.00	216.00	213.00	211.00	208.00	207.00	206.00	206.00	205.00	201.00	198.00	194.00	192.00	189.00	189.00	188.00	186.00	184.00	164.00	158.00	156.00	156.00	168.00	173.00	177.00	177.00	176.00	176.00	187.00	194.00	201.00	207.00	209.00	209.00	208.00	207.00	206.00	206.00	206.00	209.00	211.00	213.00
172.00	171.00	171.00	171.00	172.00	174.00	174.00	174.00	174.00	173.00	171.00	169.00	165.00	164.00	162.00	161.00	160.00	157.00	157.00	156.00	154.00	148.00	138.00	137.00	141.00	150.00	152.00	153.00	153.00	154.00	157.00	158.00	160.00	161.00	161.00	160.00	159.00	157.00	158.00	163.00	164.00	165.00	164.00	160.00	160.00	160.00	160.00	161.00	167.00	170.00	174.00	176.00	180.00	178.00	174.00	169.00	165.00	165.00	164.00	161.00	155.00	146.00	150.00	157.00	170.00	174.00	177.00	178.00	178.00	176.00	170.00	166.00	161.00	157.00	154.00	160.00	166.00	171.00	174.00	176.00	176.00	177.00	176.00	175.00	168.00	157.00	151.00	145.00	141.00	142.00	146.00	151.00	156.00	155.00	151.00	150.00	156.00	165.00	170.00	174.00	179.00	184.00	190.00	190.00	189.00	189.00	193.00	193.00	192.00	187.00	181.00	165.00	162.00	164.00	169.00	186.00	201.00	207.00	212.00	216.00	218.00	215.00	209.00	203.00	196.00	197.00	200.00	208.00	211.00	215.00	216.00	216.00	215.00	212.00	210.00	208.00	206.00	207.00	208.00	207.00	205.00	204.00	202.00	201.00	201.00	201.00	201.00	201.00	202.00	203.00	203.00	203.00	202.00	202.00	202.00	201.00	198.00	196.00	195.00	193.00	193.00	193.00	193.00	193.00	192.00	191.00	189.00	188.00	186.00	181.00	180.00	178.00	176.00	171.00	168.00	162.00	159.00	160.00	166.00	170.00	172.00	175.00	180.00	182.00	183.00	184.00	187.00	192.00	195.00	197.00	203.00	205.00	204.00	203.00	202.00	201.00	200.00	200.00	201.00	202.00	209.00	211.00	213.00	216.00	218.00	222.00	223.00	224.00	225.00	226.00	227.00	227.00	225.00	224.00	218.00	216.00	213.00	211.00	208.00	207.00	206.00	206.00	205.00	201.00	198.00	194.00	192.00	189.00	189.00	188.00	186.00	184.00	164.00	158.00	156.00	156.00	168.00	173.00	177.00	177.00	176.00	176.00	187.00	194.00	201.00	207.00	209.00	209.00	208.00	207.00	206.00	206.00	206.00	209.00	211.00	213.00
189.00	180.00	177.00	175.00	174.00	173.00	172.00	172.00	172.00	172.00	173.00	173.00	167.00	163.00	160.00	158.00	155.00	149.00	146.00	144.00	142.00	134.00	132.00	136.00	142.00	151.00	153.00	153.00	153.00	152.00	147.00	146.00	148.00	154.00	161.00	164.00	167.00	169.00	169.00	168.00	167.00	166.00	164.00	157.00	156.00	158.00	163.00	167.00	171.00	170.00	170.00	169.00	168.00	167.00	166.00	165.00	165.00	168.00	168.00	166.00	162.00	156.00	159.00	164.00	172.00	174.00	175.00	175.00	173.00	171.00	171.00	171.00	170.00	169.00	169.00	172.00	174.00	176.00	178.00	178.00	176.00	173.00	168.00	164.00	154.00	142.00	138.00	137.00	149.00	157.00	164.00	169.00	172.00	168.00	161.00	152.00	147.00	156.00	163.00	170.00	177.00	184.00	193.00	194.00	194.00	194.00	198.00	200.00	201.00	197.00	190.00	170.00	164.00	166.00	173.00	191.00	199.00	201.00	205.00	208.00	211.00	208.00	204.00	196.00	182.00	181.00	184.00	195.00	198.00	205.00	209.00	211.00	212.00	210.00	209.00	209.00	208.00	209.00	210.00	209.00	206.00	203.00	197.00	195.00	194.00	195.00	196.00	197.00	199.00	199.00	200.00	200.00	201.00	201.00	201.00	201.00	201.00	201.00	200.00	199.00	199.00	199.00	199.00	199.00	198.00	197.00	195.00	192.00	189.00	182.00	180.00	178.00	175.00	163.00	160.00	160.00	163.00	167.00	173.00	176.00	178.00	180.00	185.00	187.00	189.00	190.00	191.00	191.00	192.00	192.00	195.00	195.00	193.00	193.00	193.00	193.00	200.00	203.00	206.00	208.00	213.00	215.00	217.00	219.00	220.00	223.00	224.00	226.00	228.00	231.00	232.00	232.00	230.00	229.00	225.00	223.00	221.00	219.00	216.00	214.00	213.00	212.00	207.00	203.00	200.00	199.00	197.00	196.00	194.00	192.00	189.00	184.00	160.00	160.00	164.00	170.00	179.00	182.00	185.00	187.00	187.00	186.00	180.00	184.00	190.00	200.00	204.00	207.00	210.00	213.00	215.00	216.00	217.00	221.00	223.00	224.00
189.00	180.00	177.00	175.00	174.00	173.00	172.00	172.00	172.00	172.00	173.00	173.00	167.00	163.00	160.00	158.00	155.00	149.00	146.00	144.00	142.00	134.00	132.00	136.00	142.00	151.00	153.00	153.00	153.00	152.00	147.00	146.00	148.00	154.00	161.00	164.00	167.00	169.00	169.00	168.00	167.00	166.00	164.00	157.00	156.00	158.00	163.00	167.00	171.00	170.00	170.00	169.00	168.00	167.00	166.00	165.00	165.00	168.00	168.00	166.00	162.00	156.00	159.00	164.00	172.00	174.00	175.00	175.00	173.00	171.00	171.00	171.00	170.00	169.00	169.00	172.00	174.00	176.00	178.00	178.00	176.00	173.00	168.00	164.00	154.00	142.00	138.00	137.00	149.00	157.00	164.00	169.00	172.00	168.00	161.00	152.00	147.00	156.00	163.00	170.00	177.00	184.00	193.00	194.00	194.00	194.00	198.00	200.00	201.00	197.00	190.00	170.00	164.00	166.00	173.00	191.00	199.00	201.00	205.00	208.00	211.00	208.00	204.00	196.00	182.00	181.00	184.00	195.00	198.00	205.00	209.00	211.00	212.00	210.00	209.00	209.00	208.00	209.00	210.00	209.00	206.00	203.00	197.00	195.00	194.00	195.00	196.00	197.00	199.00	199.00	200.00	200.00	201.00	201.00	201.00	201.00	201.00	201.00	200.00	199.00	199.00	199.00	199.00	199.00	198.00	197.00	195.00	192.00	189.00	182.00	180.00	178.00	175.00	163.00	160.00	160.00	163.00	167.00	173.00	176.00	178.00	180.00	185.00	187.00	189.00	190.00	191.00	191.00	192.00	192.00	195.00	195.00	193.00	193.00	193.00	193.00	200.00	203.00	206.00	208.00	213.00	215.00	217.00	219.00	220.00	223.00	224.00	226.00	228.00	231.00	232.00	232.00	230.00	229.00	225.00	223.00	221.00	219.00	216.00	214.00	213.00	212.00	207.00	203.00	200.00	199.00	197.00	196.00	194.00	192.00	189.00	184.00	160.00	160.00	164.00	170.00	179.00	182.00	185.00	187.00	187.00	186.00	180.00	184.00	190.00	200.00	204.00	207.00	210.00	213.00	215.00	216.00	217.00	221.00	223.00	224.00
191.00	184.00	181.00	178.00	177.00	178.00	177.00	176.00	175.00	176.00	175.00	174.00	169.00	167.00	164.00	160.00	156.00	146.00	141.00	137.00	134.00	131.00	139.00	145.00	151.00	159.00	161.00	161.00	160.00	157.00	146.00	140.00	136.00	140.00	152.00	156.00	160.00	163.00	166.00	169.00	169.00	169.00	166.00	165.00	167.00	169.00	172.00	174.00	177.00	177.00	176.00	174.00	170.00	166.00	165.00	165.00	167.00	170.00	172.00	173.00	172.00	169.00	167.00	167.00	166.00	164.00	161.00	163.00	167.00	171.00	176.00	178.00	179.00	181.00	182.00	184.00	184.00	183.00	183.00	178.00	173.00	166.00	159.00	152.00	142.00	136.00	137.00	142.00	160.00	169.00	177.00	180.00	182.00	179.00	173.00	166.00	152.00	151.00	155.00	160.00	166.00	170.00	175.00	178.00	180.00	182.00	184.00	185.00	185.00	183.00	178.00	167.00	165.00	170.00	180.00	200.00	202.00	199.00	200.00	205.00	218.00	219.00	216.00	208.00	188.00	183.00	182.00	190.00	194.00	199.00	200.00	202.00	205.00	207.00	208.00	208.00	208.00	207.00	203.00	201.00	199.00	196.00	187.00	182.00	179.00	179.00	181.00	186.00	188.00	188.00	190.00	197.00	200.00	200.00	198.00	196.00	193.00	192.00	191.00	191.00	192.00	193.00	193.00	193.00	191.00	190.00	187.00	185.00	182.00	177.00	176.00	174.00	171.00	160.00	159.00	162.00	165.00	168.00	173.00	176.00	177.00	179.00	181.00	182.00	183.00	183.00	184.00	183.00	183.00	183.00	183.00	182.00	184.00	186.00	189.00	191.00	198.00	201.00	203.00	205.00	208.00	210.00	213.00	215.00	217.00	223.00	225.00	227.00	229.00	233.00	234.00	236.00	237.00	237.00	234.00	232.00	230.00	227.00	221.00	219.00	218.00	216.00	211.00	206.00	204.00	201.00	199.00	195.00	192.00	190.00	186.00	182.00	166.00	167.00	172.00	177.00	183.00	184.00	186.00	188.00	190.00	192.00	190.00	188.00	189.00	193.00	196.00	199.00	201.00	203.00	208.00	210.00	212.00	216.00	218.00	219.00
191.00	184.00	181.00	178.00	177.00	178.00	177.00	176.00	175.00	176.00	175.00	174.00	169.00	167.00	164.00	160.00	156.00	146.00	141.00	137.00	134.00	131.00	139.00	145.00	151.00	159.00	161.00	161.00	160.00	157.00	146.00	140.00	136.00	140.00	152.00	156.00	160.00	163.00	166.00	169.00	169.00	169.00	166.00	165.00	167.00	169.00	172.00	174.00	177.00	177.00	176.00	174.00	170.00	166.00	165.00	165.00	167.00	170.00	172.00	173.00	172.00	169.00	167.00	167.00	166.00	164.00	161.00	163.00	167.00	171.00	176.00	178.00	179.00	181.00	182.00	184.00	184.00	183.00	183.00	178.00	173.00	166.00	159.00	152.00	142.00	136.00	137.00	142.00	160.00	169.00	177.00	180.00	182.00	179.00	173.00	166.00	152.00	151.00	155.00	160.00	166.00	170.00	175.00	178.00	180.00	182.00	184.00	185.00	185.00	183.00	178.00	167.00	165.00	170.00	180.00	200.00	202.00	199.00	200.00	205.00	218.00	219.00	216.00	208.00	188.00	183.00	182.00	190.00	194.00	199.00	200.00	202.00	205.00	207.00	208.00	208.00	208.00	207.00	203.00	201.00	199.00	196.00	187.00	182.00	179.00	179.00	181.00	186.00	188.00	188.00	190.00	197.00	200.00	200.00	198.00	196.00	193.00	192.00	191.00	191.00	192.00	193.00	193.00	193.00	191.00	190.00	187.00	185.00	182.00	177.00	176.00	174.00	171.00	160.00	159.00	162.00	165.00	168.00	173.00	176.00	177.00	179.00	181.00	182.00	183.00	183.00	184.00	183.00	183.00	183.00	183.00	182.00	184.00	186.00	189.00	191.00	198.00	201.00	203.00	205.00	208.00	210.00	213.00	215.00	217.00	223.00	225.00	227.00	229.00	233.00	234.00	236.00	237.00	237.00	234.00	232.00	230.00	227.00	221.00	219.00	218.00	216.00	211.00	206.00	204.00	201.00	199.00	195.00	192.00	190.00	186.00	182.00	166.00	167.00	172.00	177.00	183.00	184.00	186.00	188.00	190.00	192.00	190.00	188.00	189.00	193.00	196.00	199.00	201.00	203.00	208.00	210.00	212.00	216.00	218.00	219.00
185.00	181.00	178.00	173.00	170.00	168.00	165.00	164.00	163.00	163.00	162.00	162.00	157.00	156.00	152.00	147.00	142.00	141.00	144.00	147.00	147.00	146.00	155.00	162.00	168.00	176.00	177.00	176.00	172.00	167.00	156.00	153.00	147.00	133.00	134.00	138.00	143.00	148.00	152.00	153.00	152.00	154.00	158.00	163.00	167.00	169.00	171.00	172.00	174.00	175.00	176.00	177.00	181.00	182.00	183.00	183.00	183.00	181.00	181.00	181.00	182.00	181.00	179.00	177.00	173.00	171.00	164.00	163.00	164.00	168.00	174.00	175.00	176.00	177.00	177.00	177.00	176.00	175.00	174.00	168.00	162.00	156.00	148.00	142.00	141.00	151.00	157.00	163.00	176.00	184.00	191.00	194.00	195.00	189.00	186.00	182.00	174.00	161.00	155.00	152.00	151.00	153.00	159.00	161.00	164.00	166.00	172.00	173.00	170.00	167.00	165.00	166.00	171.00	178.00	185.00	195.00	189.00	185.00	184.00	188.00	206.00	213.00	216.00	211.00	191.00	182.00	177.00	178.00	181.00	185.00	187.00	191.00	197.00	202.00	202.00	200.00	198.00	196.00	195.00	195.00	193.00	191.00	184.00	179.00	175.00	171.00	169.00	171.00	175.00	175.00	177.00	189.00	193.00	195.00	193.00	188.00	180.00	179.00	177.00	174.00	177.00	180.00	183.00	184.00	183.00	182.00	181.00	180.00	179.00	173.00	170.00	167.00	162.00	152.00	152.00	156.00	161.00	164.00	168.00	171.00	173.00	174.00	175.00	175.00	176.00	176.00	176.00	177.00	179.00	181.00	185.00	188.00	189.00	189.00	191.00	193.00	198.00	201.00	203.00	205.00	214.00	217.00	220.00	222.00	225.00	228.00	228.00	229.00	230.00	233.00	234.00	236.00	236.00	236.00	234.00	233.00	232.00	230.00	223.00	220.00	217.00	216.00	210.00	204.00	201.00	200.00	199.00	200.00	199.00	196.00	190.00	186.00	177.00	174.00	172.00	171.00	179.00	184.00	190.00	194.00	197.00	200.00	202.00	202.00	201.00	201.00	202.00	202.00	203.00	204.00	207.00	209.00	209.00	212.00	214.00	215.00
185.00	181.00	178.00	173.00	170.00	168.00	165.00	164.00	163.00	163.00	162.00	162.00	157.00	156.00	152.00	147.00	142.00	141.00	144.00	147.00	147.00	146.00	155.00	162.00	168.00	176.00	177.00	176.00	172.00	167.00	156.00	153.00	147.00	133.00	134.00	138.00	143.00	148.00	152.00	153.00	152.00	154.00	158.00	163.00	167.00	169.00	171.00	172.00	174.00	175.00	176.00	177.00	181.00	182.00	183.00	183.00	183.00	181.00	181.00	181.00	182.00	181.00	179.00	177.00	173.00	171.00	164.00	163.00	164.00	168.00	174.00	175.00	176.00	177.00	177.00	177.00	176.00	175.00	174.00	168.00	162.00	156.00	148.00	142.00	141.00	151.00	157.00	163.00	176.00	184.00	191.00	194.00	195.00	189.00	186.00	182.00	174.00	161.00	155.00	152.00	151.00	153.00	159.00	161.00	164.00	166.00	172.00	173.00	170.00	167.00	165.00	166.00	171.00	178.00	185.00	195.00	189.00	185.00	184.00	188.00	206.00	213.00	216.00	211.00	191.00	182.00	177.00	178.00	181.00	185.00	187.00	191.00	197.00	202.00	202.00	200.00	198.00	196.00	195.00	195.00	193.00	191.00	184.00	179.00	175.00	171.00	169.00	171.00	175.00	175.00	177.00	189.00	193.00	195.00	193.00	188.00	180.00	179.00	177.00	174.00	177.00	180.00	183.00	184.00	183.00	182.00	181.00	180.00	179.00	173.00	170.00	167.00	162.00	152.00	152.00	156.00	161.00	164.00	168.00	171.00	173.00	174.00	175.00	175.00	176.00	176.00	176.00	177.00	179.00	181.00	185.00	188.00	189.00	189.00	191.00	193.00	198.00	201.00	203.00	205.00	214.00	217.00	220.00	222.00	225.00	228.00	228.00	229.00	230.00	233.00	234.00	236.00	236.00	236.00	234.00	233.00	232.00	230.00	223.00	220.00	217.00	216.00	210.00	204.00	201.00	200.00	199.00	200.00	199.00	196.00	190.00	186.00	177.00	174.00	172.00	171.00	179.00	184.00	190.00	194.00	197.00	200.00	202.00	202.00	201.00	201.00	202.00	202.00	203.00	204.00	207.00	209.00	209.00	212.00	214.00	215.00
185.00	181.00	178.00	173.00	170.00	168.00	165.00	164.00	163.00	163.00	162.00	162.00	157.00	156.00	152.00	147.00	142.00	141.00	144.00	147.00	147.00	146.00	155.00	162.00	168.00	176.00	177.00	176.00	172.00	167.00	156.00	153.00	147.00	133.00	134.00	138.00	143.00	148.00	152.00	153.00	152.00	154.00	158.00	163.00	167.00	169.00	171.00	172.00	174.00	175.00	176.00	177.00	181.00	182.00	183.00	183.00	183.00	181.00	181.00	181.00	182.00	181.00	179.00	177.00	173.00	171.00	164.00	163.00	164.00	168.00	174.00	175.00	176.00	177.00	177.00	177.00	176.00	175.00	174.00	168.00	162.00	156.00	148.00	142.00	141.00	151.00	157.00	163.00	176.00	184.00	191.00	194.00	195.00	189.00	186.00	182.00	174.00	161.00	155.00	152.00	151.00	153.00	159.00	161.00	164.00	166.00	172.00	173.00	170.00	167.00	165.00	166.00	171.00	178.00	185.00	195.00	189.00	185.00	184.00	188.00	206.00	213.00	216.00	211.00	191.00	182.00	177.00	178.00	181.00	185.00	187.00	191.00	197.00	202.00	202.00	200.00	198.00	196.00	195.00	195.00	193.00	191.00	184.00	179.00	175.00	171.00	169.00	171.00	175.00	175.00	177.00	189.00	193.00	195.00	193.00	188.00	180.00	179.00	177.00	174.00	177.00	180.00	183.00	184.00	183.00	182.00	181.00	180.00	179.00	173.00	170.00	167.00	162.00	152.00	152.00	156.00	161.00	164.00	168.00	171.00	173.00	174.00	175.00	175.00	176.00	176.00	176.00	177.00	179.00	181.00	185.00	188.00	189.00	189.00	191.00	193.00	198.00	201.00	203.00	205.00	214.00	217.00	220.00	222.00	225.00	228.00	228.00	229.00	230.00	233.00	234.00	236.00	236.00	236.00	234.00	233.00	232.00	230.00	223.00	220.00	217.00	216.00	210.00	204.00	201.00	200.00	199.00	200.00	199.00	196.00	190.00	186.00	177.00	174.00	172.00	171.00	179.00	184.00	190.00	194.00	197.00	200.00	202.00	202.00	201.00	201.00	202.00	202.00	203.00	204.00	207.00	209.00	209.00	212.00	214.00	215.00
168.00	168.00	167.00	166.00	166.00	163.00	162.00	162.00	160.00	158.00	155.00	152.00	142.00	139.00	137.00	137.00	139.00	145.00	149.00	151.00	152.00	150.00	156.00	162.00	170.00	181.00	183.00	184.00	182.00	177.00	165.00	161.00	159.00	153.00	138.00	131.00	130.00	133.00	137.00	143.00	146.00	151.00	156.00	160.00	164.00	168.00	170.00	170.00	169.00	166.00	164.00	161.00	160.00	169.00	175.00	179.00	183.00	188.00	191.00	194.00	197.00	199.00	200.00	199.00	196.00	193.00	189.00	187.00	186.00	185.00	182.00	180.00	179.00	178.00	175.00	165.00	161.00	158.00	155.00	150.00	147.00	142.00	137.00	136.00	146.00	161.00	167.00	172.00	184.00	192.00	199.00	204.00	207.00	205.00	201.00	197.00	191.00	180.00	173.00	167.00	163.00	160.00	155.00	154.00	153.00	153.00	165.00	171.00	176.00	179.00	183.00	185.00	185.00	185.00	185.00	187.00	183.00	181.00	180.00	184.00	200.00	207.00	209.00	207.00	194.00	185.00	176.00	165.00	165.00	175.00	183.00	191.00	200.00	209.00	207.00	200.00	192.00	186.00	193.00	197.00	199.00	198.00	187.00	181.00	176.00	171.00	167.00	161.00	160.00	164.00	168.00	178.00	183.00	185.00	185.00	184.00	176.00	173.00	169.00	163.00	163.00	165.00	170.00	173.00	177.00	177.00	177.00	177.00	176.00	169.00	164.00	157.00	151.00	144.00	143.00	147.00	153.00	158.00	165.00	172.00	174.00	176.00	178.00	180.00	181.00	182.00	183.00	186.00	188.00	190.00	195.00	199.00	200.00	200.00	200.00	201.00	202.00	203.00	204.00	206.00	214.00	217.00	220.00	223.00	226.00	230.00	232.00	234.00	236.00	238.00	239.00	238.00	237.00	235.00	230.00	228.00	226.00	223.00	217.00	215.00	213.00	211.00	208.00	211.00	213.00	214.00	213.00	209.00	203.00	194.00	192.00	197.00	194.00	189.00	185.00	181.00	181.00	185.00	188.00	190.00	192.00	195.00	198.00	199.00	200.00	199.00	199.00	199.00	200.00	202.00	206.00	207.00	209.00	212.00	214.00	216.00
164.00	161.00	159.00	158.00	158.00	157.00	156.00	156.00	156.00	155.00	154.00	151.00	138.00	137.00	139.00	142.00	147.00	153.00	155.00	155.00	155.00	154.00	159.00	164.00	169.00	176.00	177.00	177.00	176.00	172.00	165.00	163.00	162.00	159.00	151.00	148.00	145.00	144.00	144.00	146.00	148.00	151.00	154.00	164.00	168.00	171.00	172.00	173.00	164.00	159.00	155.00	151.00	148.00	155.00	159.00	162.00	164.00	167.00	168.00	170.00	171.00	171.00	172.00	174.00	179.00	183.00	190.00	191.00	192.00	192.00	190.00	188.00	187.00	186.00	186.00	181.00	177.00	172.00	166.00	153.00	148.00	143.00	140.00	139.00	148.00	164.00	172.00	178.00	184.00	187.00	189.00	190.00	192.00	194.00	194.00	195.00	194.00	190.00	188.00	188.00	188.00	188.00	184.00	180.00	174.00	167.00	158.00	165.00	174.00	185.00	194.00	201.00	200.00	198.00	194.00	185.00	178.00	179.00	181.00	186.00	196.00	201.00	202.00	202.00	196.00	190.00	183.00	169.00	163.00	167.00	176.00	186.00	192.00	195.00	192.00	185.00	176.00	166.00	168.00	181.00	194.00	201.00	200.00	194.00	188.00	183.00	178.00	168.00	159.00	157.00	157.00	161.00	163.00	167.00	168.00	168.00	168.00	168.00	168.00	169.00	167.00	166.00	164.00	164.00	163.00	163.00	162.00	162.00	161.00	157.00	155.00	151.00	147.00	141.00	140.00	144.00	152.00	159.00	170.00	177.00	178.00	179.00	181.00	182.00	183.00	184.00	185.00	189.00	190.00	191.00	195.00	199.00	201.00	203.00	206.00	208.00	210.00	211.00	212.00	213.00	217.00	219.00	222.00	224.00	227.00	232.00	234.00	235.00	236.00	238.00	238.00	234.00	231.00	228.00	224.00	222.00	220.00	220.00	219.00	217.00	216.00	214.00	215.00	217.00	217.00	216.00	214.00	201.00	192.00	192.00	200.00	209.00	205.00	203.00	201.00	197.00	189.00	187.00	187.00	188.00	188.00	188.00	187.00	187.00	188.00	192.00	194.00	196.00	199.00	201.00	205.00	208.00	210.00	214.00	218.00	220.00
164.00	161.00	159.00	158.00	158.00	157.00	156.00	156.00	156.00	155.00	154.00	151.00	138.00	137.00	139.00	142.00	147.00	153.00	155.00	155.00	155.00	154.00	159.00	164.00	169.00	176.00	177.00	177.00	176.00	172.00	165.00	163.00	162.00	159.00	151.00	148.00	145.00	144.00	144.00	146.00	148.00	151.00	154.00	164.00	168.00	171.00	172.00	173.00	164.00	159.00	155.00	151.00	148.00	155.00	159.00	162.00	164.00	167.00	168.00	170.00	171.00	171.00	172.00	174.00	179.00	183.00	190.00	191.00	192.00	192.00	190.00	188.00	187.00	186.00	186.00	181.00	177.00	172.00	166.00	153.00	148.00	143.00	140.00	139.00	148.00	164.00	172.00	178.00	184.00	187.00	189.00	190.00	192.00	194.00	194.00	195.00	194.00	190.00	188.00	188.00	188.00	188.00	184.00	180.00	174.00	167.00	158.00	165.00	174.00	185.00	194.00	201.00	200.00	198.00	194.00	185.00	178.00	179.00	181.00	186.00	196.00	201.00	202.00	202.00	196.00	190.00	183.00	169.00	163.00	167.00	176.00	186.00	192.00	195.00	192.00	185.00	176.00	166.00	168.00	181.00	194.00	201.00	200.00	194.00	188.00	183.00	178.00	168.00	159.00	157.00	157.00	161.00	163.00	167.00	168.00	168.00	168.00	168.00	168.00	169.00	167.00	166.00	164.00	164.00	163.00	163.00	162.00	162.00	161.00	157.00	155.00	151.00	147.00	141.00	140.00	144.00	152.00	159.00	170.00	177.00	178.00	179.00	181.00	182.00	183.00	184.00	185.00	189.00	190.00	191.00	195.00	199.00	201.00	203.00	206.00	208.00	210.00	211.00	212.00	213.00	217.00	219.00	222.00	224.00	227.00	232.00	234.00	235.00	236.00	238.00	238.00	234.00	231.00	228.00	224.00	222.00	220.00	220.00	219.00	217.00	216.00	214.00	215.00	217.00	217.00	216.00	214.00	201.00	192.00	192.00	200.00	209.00	205.00	203.00	201.00	197.00	189.00	187.00	187.00	188.00	188.00	188.00	187.00	187.00	188.00	192.00	194.00	196.00	199.00	201.00	205.00	208.00	210.00	214.00	218.00	220.00
164.00	161.00	159.00	158.00	158.00	157.00	156.00	156.00	156.00	155.00	154.00	151.00	138.00	137.00	139.00	142.00	147.00	153.00	155.00	155.00	155.00	154.00	159.00	164.00	169.00	176.00	177.00	177.00	176.00	172.00	165.00	163.00	162.00	159.00	151.00	148.00	145.00	144.00	144.00	146.00	148.00	151.00	154.00	164.00	168.00	171.00	172.00	173.00	164.00	159.00	155.00	151.00	148.00	155.00	159.00	162.00	164.00	167.00	168.00	170.00	171.00	171.00	172.00	174.00	179.00	183.00	190.00	191.00	192.00	192.00	190.00	188.00	187.00	186.00	186.00	181.00	177.00	172.00	166.00	153.00	148.00	143.00	140.00	139.00	148.00	164.00	172.00	178.00	184.00	187.00	189.00	190.00	192.00	194.00	194.00	195.00	194.00	190.00	188.00	188.00	188.00	188.00	184.00	180.00	174.00	167.00	158.00	165.00	174.00	185.00	194.00	201.00	200.00	198.00	194.00	185.00	178.00	179.00	181.00	186.00	196.00	201.00	202.00	202.00	196.00	190.00	183.00	169.00	163.00	167.00	176.00	186.00	192.00	195.00	192.00	185.00	176.00	166.00	168.00	181.00	194.00	201.00	200.00	194.00	188.00	183.00	178.00	168.00	159.00	157.00	157.00	161.00	163.00	167.00	168.00	168.00	168.00	168.00	168.00	169.00	167.00	166.00	164.00	164.00	163.00	163.00	162.00	162.00	161.00	157.00	155.00	151.00	147.00	141.00	140.00	144.00	152.00	159.00	170.00	177.00	178.00	179.00	181.00	182.00	183.00	184.00	185.00	189.00	190.00	191.00	195.00	199.00	201.00	203.00	206.00	208.00	210.00	211.00	212.00	213.00	217.00	219.00	222.00	224.00	227.00	232.00	234.00	235.00	236.00	238.00	238.00	234.00	231.00	228.00	224.00	222.00	220.00	220.00	219.00	217.00	216.00	214.00	215.00	217.00	217.00	216.00	214.00	201.00	192.00	192.00	200.00	209.00	205.00	203.00	201.00	197.00	189.00	187.00	187.00	188.00	188.00	188.00	187.00	187.00	188.00	192.00	194.00	196.00	199.00	201.00	205.00	208.00	210.00	214.00	218.00	220.00
187.00	180.00	176.00	167.00	163.00	159.00	156.00	154.00	154.00	156.00	156.00	155.00	149.00	150.00	150.00	152.00	153.00	153.00	153.00	152.00	150.00	147.00	150.00	154.00	160.00	168.00	170.00	171.00	170.00	167.00	162.00	159.00	155.00	147.00	142.00	142.00	143.00	146.00	148.00	148.00	147.00	148.00	149.00	155.00	157.00	158.00	160.00	159.00	156.00	155.00	154.00	154.00	152.00	151.00	156.00	161.00	161.00	156.00	155.00	153.00	153.00	153.00	156.00	158.00	161.00	161.00	162.00	165.00	168.00	171.00	176.00	177.00	177.00	177.00	176.00	172.00	171.00	168.00	165.00	154.00	149.00	146.00	147.00	151.00	159.00	169.00	174.00	179.00	187.00	190.00	192.00	193.00	193.00	192.00	192.00	193.00	194.00	194.00	194.00	194.00	194.00	193.00	192.00	191.00	188.00	184.00	161.00	160.00	166.00	175.00	187.00	202.00	206.00	207.00	205.00	188.00	168.00	166.00	171.00	180.00	193.00	192.00	188.00	185.00	182.00	183.00	183.00	178.00	173.00	163.00	164.00	170.00	177.00	184.00	184.00	180.00	174.00	167.00	160.00	167.00	175.00	183.00	189.00	189.00	187.00	183.00	180.00	174.00	165.00	161.00	159.00	155.00	153.00	153.00	153.00	154.00	155.00	155.00	157.00	160.00	161.00	162.00	161.00	159.00	157.00	157.00	156.00	156.00	155.00	153.00	151.00	148.00	144.00	143.00	142.00	145.00	151.00	156.00	164.00	171.00	175.00	178.00	181.00	182.00	184.00	185.00	187.00	190.00	192.00	194.00	197.00	199.00	200.00	201.00	202.00	203.00	207.00	209.00	211.00	214.00	221.00	223.00	226.00	228.00	230.00	235.00	236.00	237.00	235.00	232.00	230.00	226.00	223.00	221.00	219.00	217.00	216.00	216.00	217.00	217.00	215.00	213.00	209.00	209.00	208.00	208.00	205.00	193.00	195.00	202.00	209.00	216.00	208.00	207.00	207.00	205.00	195.00	192.00	195.00	200.00	203.00	203.00	199.00	197.00	195.00	191.00	191.00	192.00	194.00	197.00	204.00	207.00	210.00	213.00	217.00	219.00
187.00	180.00	176.00	167.00	163.00	159.00	156.00	154.00	154.00	156.00	156.00	155.00	149.00	150.00	150.00	152.00	153.00	153.00	153.00	152.00	150.00	147.00	150.00	154.00	160.00	168.00	170.00	171.00	170.00	167.00	162.00	159.00	155.00	147.00	142.00	142.00	143.00	146.00	148.00	148.00	147.00	148.00	149.00	155.00	157.00	158.00	160.00	159.00	156.00	155.00	154.00	154.00	152.00	151.00	156.00	161.00	161.00	156.00	155.00	153.00	153.00	153.00	156.00	158.00	161.00	161.00	162.00	165.00	168.00	171.00	176.00	177.00	177.00	177.00	176.00	172.00	171.00	168.00	165.00	154.00	149.00	146.00	147.00	151.00	159.00	169.00	174.00	179.00	187.00	190.00	192.00	193.00	193.00	192.00	192.00	193.00	194.00	194.00	194.00	194.00	194.00	193.00	192.00	191.00	188.00	184.00	161.00	160.00	166.00	175.00	187.00	202.00	206.00	207.00	205.00	188.00	168.00	166.00	171.00	180.00	193.00	192.00	188.00	185.00	182.00	183.00	183.00	178.00	173.00	163.00	164.00	170.00	177.00	184.00	184.00	180.00	174.00	167.00	160.00	167.00	175.00	183.00	189.00	189.00	187.00	183.00	180.00	174.00	165.00	161.00	159.00	155.00	153.00	153.00	153.00	154.00	155.00	155.00	157.00	160.00	161.00	162.00	161.00	159.00	157.00	157.00	156.00	156.00	155.00	153.00	151.00	148.00	144.00	143.00	142.00	145.00	151.00	156.00	164.00	171.00	175.00	178.00	181.00	182.00	184.00	185.00	187.00	190.00	192.00	194.00	197.00	199.00	200.00	201.00	202.00	203.00	207.00	209.00	211.00	214.00	221.00	223.00	226.00	228.00	230.00	235.00	236.00	237.00	235.00	232.00	230.00	226.00	223.00	221.00	219.00	217.00	216.00	216.00	217.00	217.00	215.00	213.00	209.00	209.00	208.00	208.00	205.00	193.00	195.00	202.00	209.00	216.00	208.00	207.00	207.00	205.00	195.00	192.00	195.00	200.00	203.00	203.00	199.00	197.00	195.00	191.00	191.00	192.00	194.00	197.00	204.00	207.00	210.00	213.00	217.00	219.00
191.00	190.00	188.00	181.00	178.00	173.00	169.00	167.00	167.00	168.00	169.00	171.00	168.00	165.00	161.00	156.00	153.00	150.00	152.00	153.00	156.00	148.00	147.00	148.00	152.00	164.00	167.00	167.00	164.00	162.00	161.00	161.00	161.00	153.00	144.00	144.00	148.00	152.00	155.00	157.00	155.00	154.00	154.00	151.00	150.00	149.00	150.00	151.00	154.00	157.00	159.00	162.00	160.00	157.00	159.00	161.00	161.00	159.00	158.00	158.00	157.00	157.00	157.00	159.00	166.00	168.00	166.00	163.00	160.00	158.00	158.00	159.00	161.00	162.00	162.00	153.00	150.00	149.00	147.00	143.00	140.00	139.00	138.00	140.00	150.00	164.00	168.00	171.00	177.00	179.00	181.00	183.00	184.00	184.00	185.00	186.00	187.00	189.00	191.00	193.00	195.00	197.00	199.00	199.00	198.00	195.00	175.00	166.00	160.00	160.00	165.00	183.00	191.00	199.00	203.00	201.00	184.00	176.00	174.00	178.00	188.00	187.00	182.00	176.00	169.00	170.00	172.00	170.00	169.00	164.00	162.00	162.00	162.00	165.00	166.00	167.00	165.00	165.00	164.00	165.00	167.00	169.00	172.00	172.00	169.00	166.00	163.00	158.00	156.00	156.00	157.00	161.00	162.00	162.00	162.00	161.00	162.00	163.00	165.00	170.00	174.00	175.00	177.00	178.00	177.00	176.00	173.00	171.00	169.00	161.00	159.00	154.00	150.00	142.00	141.00	143.00	149.00	154.00	160.00	164.00	166.00	169.00	173.00	177.00	181.00	185.00	188.00	192.00	194.00	196.00	199.00	202.00	204.00	205.00	207.00	209.00	211.00	212.00	213.00	214.00	220.00	220.00	221.00	222.00	224.00	227.00	228.00	229.00	230.00	230.00	229.00	228.00	227.00	226.00	222.00	220.00	217.00	214.00	209.00	208.00	208.00	209.00	210.00	210.00	208.00	205.00	198.00	196.00	202.00	209.00	215.00	219.00	213.00	213.00	214.00	211.00	201.00	197.00	196.00	200.00	205.00	211.00	210.00	208.00	205.00	200.00	198.00	196.00	195.00	194.00	200.00	203.00	205.00	206.00	211.00	213.00
191.00	190.00	188.00	181.00	178.00	173.00	169.00	167.00	167.00	168.00	169.00	171.00	168.00	165.00	161.00	156.00	153.00	150.00	152.00	153.00	156.00	148.00	147.00	148.00	152.00	164.00	167.00	167.00	164.00	162.00	161.00	161.00	161.00	153.00	144.00	144.00	148.00	152.00	155.00	157.00	155.00	154.00	154.00	151.00	150.00	149.00	150.00	151.00	154.00	157.00	159.00	162.00	160.00	157.00	159.00	161.00	161.00	159.00	158.00	158.00	157.00	157.00	157.00	159.00	166.00	168.00	166.00	163.00	160.00	158.00	158.00	159.00	161.00	162.00	162.00	153.00	150.00	149.00	147.00	143.00	140.00	139.00	138.00	140.00	150.00	164.00	168.00	171.00	177.00	179.00	181.00	183.00	184.00	184.00	185.00	186.00	187.00	189.00	191.00	193.00	195.00	197.00	199.00	199.00	198.00	195.00	175.00	166.00	160.00	160.00	165.00	183.00	191.00	199.00	203.00	201.00	184.00	176.00	174.00	178.00	188.00	187.00	182.00	176.00	169.00	170.00	172.00	170.00	169.00	164.00	162.00	162.00	162.00	165.00	166.00	167.00	165.00	165.00	164.00	165.00	167.00	169.00	172.00	172.00	169.00	166.00	163.00	158.00	156.00	156.00	157.00	161.00	162.00	162.00	162.00	161.00	162.00	163.00	165.00	170.00	174.00	175.00	177.00	178.00	177.00	176.00	173.00	171.00	169.00	161.00	159.00	154.00	150.00	142.00	141.00	143.00	149.00	154.00	160.00	164.00	166.00	169.00	173.00	177.00	181.00	185.00	188.00	192.00	194.00	196.00	199.00	202.00	204.00	205.00	207.00	209.00	211.00	212.00	213.00	214.00	220.00	220.00	221.00	222.00	224.00	227.00	228.00	229.00	230.00	230.00	229.00	228.00	227.00	226.00	222.00	220.00	217.00	214.00	209.00	208.00	208.00	209.00	210.00	210.00	208.00	205.00	198.00	196.00	202.00	209.00	215.00	219.00	213.00	213.00	214.00	211.00	201.00	197.00	196.00	200.00	205.00	211.00	210.00	208.00	205.00	200.00	198.00	196.00	195.00	194.00	200.00	203.00	205.00	206.00	211.00	213.00
191.00	190.00	188.00	181.00	178.00	173.00	169.00	167.00	167.00	168.00	169.00	171.00	168.00	165.00	161.00	156.00	153.00	150.00	152.00	153.00	156.00	148.00	147.00	148.00	152.00	164.00	167.00	167.00	164.00	162.00	161.00	161.00	161.00	153.00	144.00	144.00	148.00	152.00	155.00	157.00	155.00	154.00	154.00	151.00	150.00	149.00	150.00	151.00	154.00	157.00	159.00	162.00	160.00	157.00	159.00	161.00	161.00	159.00	158.00	158.00	157.00	157.00	157.00	159.00	166.00	168.00	166.00	163.00	160.00	158.00	158.00	159.00	161.00	162.00	162.00	153.00	150.00	149.00	147.00	143.00	140.00	139.00	138.00	140.00	150.00	164.00	168.00	171.00	177.00	179.00	181.00	183.00	184.00	184.00	185.00	186.00	187.00	189.00	191.00	193.00	195.00	197.00	199.00	199.00	198.00	195.00	175.00	166.00	160.00	160.00	165.00	183.00	191.00	199.00	203.00	201.00	184.00	176.00	174.00	178.00	188.00	187.00	182.00	176.00	169.00	170.00	172.00	170.00	169.00	164.00	162.00	162.00	162.00	165.00	166.00	167.00	165.00	165.00	164.00	165.00	167.00	169.00	172.00	172.00	169.00	166.00	163.00	158.00	156.00	156.00	157.00	161.00	162.00	162.00	162.00	161.00	162.00	163.00	165.00	170.00	174.00	175.00	177.00	178.00	177.00	176.00	173.00	171.00	169.00	161.00	159.00	154.00	150.00	142.00	141.00	143.00	149.00	154.00	160.00	164.00	166.00	169.00	173.00	177.00	181.00	185.00	188.00	192.00	194.00	196.00	199.00	202.00	204.00	205.00	207.00	209.00	211.00	212.00	213.00	214.00	220.00	220.00	221.00	222.00	224.00	227.00	228.00	229.00	230.00	230.00	229.00	228.00	227.00	226.00	222.00	220.00	217.00	214.00	209.00	208.00	208.00	209.00	210.00	210.00	208.00	205.00	198.00	196.00	202.00	209.00	215.00	219.00	213.00	213.00	214.00	211.00	201.00	197.00	196.00	200.00	205.00	211.00	210.00	208.00	205.00	200.00	198.00	196.00	195.00	194.00	200.00	203.00	205.00	206.00	211.00	213.00
181.00	175.00	173.00	168.00	168.00	169.00	170.00	171.00	175.00	177.00	180.00	184.00	192.00	193.00	193.00	192.00	190.00	185.00	181.00	177.00	173.00	158.00	146.00	144.00	145.00	156.00	160.00	160.00	155.00	154.00	155.00	160.00	162.00	157.00	156.00	157.00	158.00	161.00	164.00	167.00	167.00	166.00	164.00	160.00	159.00	159.00	158.00	158.00	157.00	159.00	162.00	164.00	165.00	165.00	166.00	166.00	166.00	166.00	166.00	166.00	164.00	162.00	161.00	160.00	158.00	157.00	158.00	157.00	156.00	156.00	154.00	154.00	153.00	150.00	146.00	139.00	140.00	143.00	146.00	147.00	145.00	144.00	142.00	139.00	142.00	153.00	158.00	164.00	175.00	178.00	180.00	180.00	179.00	178.00	177.00	177.00	180.00	186.00	189.00	191.00	194.00	196.00	198.00	197.00	194.00	192.00	182.00	177.00	172.00	167.00	164.00	169.00	175.00	179.00	182.00	184.00	182.00	179.00	176.00	173.00	171.00	169.00	167.00	165.00	163.00	163.00	164.00	166.00	166.00	167.00	167.00	168.00	167.00	167.00	169.00	169.00	168.00	166.00	167.00	168.00	167.00	166.00	166.00	165.00	162.00	161.00	161.00	164.00	165.00	166.00	169.00	173.00	174.00	176.00	177.00	178.00	178.00	179.00	181.00	183.00	185.00	184.00	184.00	187.00	195.00	197.00	198.00	196.00	193.00	176.00	170.00	165.00	159.00	144.00	141.00	143.00	149.00	156.00	166.00	173.00	177.00	179.00	183.00	184.00	185.00	187.00	189.00	191.00	192.00	193.00	195.00	198.00	201.00	204.00	206.00	207.00	210.00	213.00	215.00	218.00	224.00	225.00	226.00	228.00	229.00	231.00	231.00	232.00	234.00	235.00	233.00	231.00	229.00	227.00	221.00	216.00	212.00	209.00	212.00	217.00	221.00	223.00	223.00	217.00	214.00	209.00	200.00	201.00	208.00	214.00	218.00	222.00	213.00	213.00	216.00	216.00	208.00	204.00	201.00	200.00	204.00	213.00	218.00	217.00	213.00	208.00	206.00	205.00	204.00	202.00	199.00	198.00	200.00	208.00	215.00	217.00
172.00	176.00	179.00	183.00	185.00	186.00	187.00	188.00	188.00	188.00	188.00	188.00	191.00	192.00	193.00	194.00	195.00	195.00	194.00	190.00	187.00	181.00	178.00	178.00	179.00	181.00	181.00	181.00	179.00	177.00	172.00	170.00	165.00	156.00	149.00	149.00	150.00	152.00	155.00	159.00	160.00	161.00	161.00	160.00	159.00	157.00	155.00	153.00	148.00	149.00	152.00	156.00	165.00	171.00	173.00	174.00	174.00	174.00	175.00	175.00	173.00	170.00	168.00	167.00	162.00	161.00	158.00	156.00	154.00	152.00	149.00	148.00	144.00	139.00	137.00	151.00	157.00	161.00	163.00	167.00	168.00	168.00	166.00	163.00	151.00	150.00	156.00	161.00	171.00	176.00	179.00	182.00	183.00	181.00	177.00	172.00	168.00	178.00	183.00	186.00	188.00	188.00	188.00	189.00	191.00	190.00	183.00	179.00	174.00	169.00	163.00	158.00	158.00	160.00	162.00	165.00	165.00	165.00	167.00	171.00	179.00	182.00	182.00	181.00	177.00	178.00	181.00	188.00	188.00	187.00	186.00	184.00	181.00	178.00	177.00	181.00	182.00	181.00	181.00	179.00	175.00	172.00	173.00	175.00	176.00	174.00	170.00	168.00	171.00	172.00	173.00	176.00	177.00	179.00	181.00	184.00	190.00	193.00	196.00	199.00	197.00	195.00	193.00	191.00	186.00	185.00	183.00	181.00	178.00	166.00	161.00	155.00	149.00	137.00	135.00	137.00	145.00	154.00	173.00	184.00	186.00	187.00	189.00	188.00	185.00	182.00	180.00	179.00	180.00	181.00	180.00	183.00	188.00	195.00	201.00	205.00	212.00	215.00	219.00	221.00	228.00	229.00	230.00	232.00	234.00	240.00	241.00	243.00	243.00	242.00	241.00	237.00	233.00	228.00	217.00	212.00	209.00	206.00	210.00	214.00	218.00	220.00	218.00	211.00	206.00	200.00	194.00	198.00	208.00	216.00	221.00	224.00	213.00	213.00	216.00	218.00	217.00	213.00	209.00	206.00	206.00	213.00	220.00	222.00	224.00	222.00	221.00	220.00	219.00	217.00	213.00	210.00	206.00	205.00	215.00	220.00
172.00	176.00	179.00	183.00	185.00	186.00	187.00	188.00	188.00	188.00	188.00	188.00	191.00	192.00	193.00	194.00	195.00	195.00	194.00	190.00	187.00	181.00	178.00	178.00	179.00	181.00	181.00	181.00	179.00	177.00	172.00	170.00	165.00	156.00	149.00	149.00	150.00	152.00	155.00	159.00	160.00	161.00	161.00	160.00	159.00	157.00	155.00	153.00	148.00	149.00	152.00	156.00	165.00	171.00	173.00	174.00	174.00	174.00	175.00	175.00	173.00	170.00	168.00	167.00	162.00	161.00	158.00	156.00	154.00	152.00	149.00	148.00	144.00	139.00	137.00	151.00	157.00	161.00	163.00	167.00	168.00	168.00	166.00	163.00	151.00	150.00	156.00	161.00	171.00	176.00	179.00	182.00	183.00	181.00	177.00	172.00	168.00	178.00	183.00	186.00	188.00	188.00	188.00	189.00	191.00	190.00	183.00	179.00	174.00	169.00	163.00	158.00	158.00	160.00	162.00	165.00	165.00	165.00	167.00	171.00	179.00	182.00	182.00	181.00	177.00	178.00	181.00	188.00	188.00	187.00	186.00	184.00	181.00	178.00	177.00	181.00	182.00	181.00	181.00	179.00	175.00	172.00	173.00	175.00	176.00	174.00	170.00	168.00	171.00	172.00	173.00	176.00	177.00	179.00	181.00	184.00	190.00	193.00	196.00	199.00	197.00	195.00	193.00	191.00	186.00	185.00	183.00	181.00	178.00	166.00	161.00	155.00	149.00	137.00	135.00	137.00	145.00	154.00	173.00	184.00	186.00	187.00	189.00	188.00	185.00	182.00	180.00	179.00	180.00	181.00	180.00	183.00	188.00	195.00	201.00	205.00	212.00	215.00	219.00	221.00	228.00	229.00	230.00	232.00	234.00	240.00	241.00	243.00	243.00	242.00	241.00	237.00	233.00	228.00	217.00	212.00	209.00	206.00	210.00	214.00	218.00	220.00	218.00	211.00	206.00	200.00	194.00	198.00	208.00	216.00	221.00	224.00	213.00	213.00	216.00	218.00	217.00	213.00	209.00	206.00	206.00	213.00	220.00	222.00	224.00	222.00	221.00	220.00	219.00	217.00	213.00	210.00	206.00	205.00	215.00	220.00
172.00	176.00	179.00	183.00	185.00	186.00	187.00	188.00	188.00	188.00	188.00	188.00	191.00	192.00	193.00	194.00	195.00	195.00	194.00	190.00	187.00	181.00	178.00	178.00	179.00	181.00	181.00	181.00	179.00	177.00	172.00	170.00	165.00	156.00	149.00	149.00	150.00	152.00	155.00	159.00	160.00	161.00	161.00	160.00	159.00	157.00	155.00	153.00	148.00	149.00	152.00	156.00	165.00	171.00	173.00	174.00	174.00	174.00	175.00	175.00	173.00	170.00	168.00	167.00	162.00	161.00	158.00	156.00	154.00	152.00	149.00	148.00	144.00	139.00	137.00	151.00	157.00	161.00	163.00	167.00	168.00	168.00	166.00	163.00	151.00	150.00	156.00	161.00	171.00	176.00	179.00	182.00	183.00	181.00	177.00	172.00	168.00	178.00	183.00	186.00	188.00	188.00	188.00	189.00	191.00	190.00	183.00	179.00	174.00	169.00	163.00	158.00	158.00	160.00	162.00	165.00	165.00	165.00	167.00	171.00	179.00	182.00	182.00	181.00	177.00	178.00	181.00	188.00	188.00	187.00	186.00	184.00	181.00	178.00	177.00	181.00	182.00	181.00	181.00	179.00	175.00	172.00	173.00	175.00	176.00	174.00	170.00	168.00	171.00	172.00	173.00	176.00	177.00	179.00	181.00	184.00	190.00	193.00	196.00	199.00	197.00	195.00	193.00	191.00	186.00	185.00	183.00	181.00	178.00	166.00	161.00	155.00	149.00	137.00	135.00	137.00	145.00	154.00	173.00	184.00	186.00	187.00	189.00	188.00	185.00	182.00	180.00	179.00	180.00	181.00	180.00	183.00	188.00	195.00	201.00	205.00	212.00	215.00	219.00	221.00	228.00	229.00	230.00	232.00	234.00	240.00	241.00	243.00	243.00	242.00	241.00	237.00	233.00	228.00	217.00	212.00	209.00	206.00	210.00	214.00	218.00	220.00	218.00	211.00	206.00	200.00	194.00	198.00	208.00	216.00	221.00	224.00	213.00	213.00	216.00	218.00	217.00	213.00	209.00	206.00	206.00	213.00	220.00	222.00	224.00	222.00	221.00	220.00	219.00	217.00	213.00	210.00	206.00	205.00	215.00	220.00
186.00	191.00	193.00	192.00	191.00	190.00	188.00	188.00	188.00	188.00	189.00	191.00	197.00	198.00	198.00	198.00	196.00	189.00	186.00	183.00	183.00	184.00	184.00	184.00	185.00	190.00	191.00	192.00	192.00	192.00	188.00	185.00	181.00	171.00	165.00	165.00	166.00	167.00	169.00	170.00	171.00	171.00	170.00	166.00	163.00	161.00	159.00	158.00	156.00	155.00	158.00	158.00	158.00	158.00	159.00	161.00	162.00	164.00	165.00	166.00	166.00	167.00	166.00	165.00	161.00	160.00	157.00	154.00	150.00	146.00	138.00	136.00	138.00	142.00	148.00	168.00	175.00	179.00	180.00	180.00	178.00	177.00	174.00	170.00	156.00	145.00	147.00	153.00	167.00	171.00	174.00	176.00	177.00	179.00	179.00	178.00	175.00	178.00	182.00	187.00	188.00	186.00	176.00	173.00	175.00	179.00	179.00	177.00	174.00	171.00	167.00	162.00	161.00	162.00	162.00	164.00	170.00	175.00	179.00	182.00	186.00	186.00	183.00	180.00	169.00	165.00	167.00	183.00	189.00	195.00	192.00	187.00	181.00	174.00	173.00	176.00	182.00	188.00	201.00	200.00	196.00	193.00	190.00	187.00	180.00	171.00	163.00	165.00	180.00	184.00	186.00	188.00	190.00	194.00	199.00	204.00	209.00	208.00	205.00	195.00	185.00	181.00	177.00	175.00	171.00	170.00	168.00	166.00	164.00	160.00	158.00	154.00	149.00	135.00	134.00	139.00	146.00	152.00	161.00	168.00	171.00	173.00	174.00	173.00	172.00	171.00	170.00	175.00	178.00	181.00	185.00	190.00	192.00	193.00	192.00	192.00	191.00	190.00	190.00	192.00	205.00	209.00	213.00	216.00	220.00	224.00	226.00	228.00	230.00	231.00	231.00	230.00	229.00	228.00	223.00	220.00	216.00	213.00	213.00	213.00	214.00	212.00	205.00	195.00	189.00	184.00	181.00	187.00	194.00	198.00	201.00	203.00	198.00	200.00	206.00	210.00	218.00	218.00	217.00	214.00	212.00	212.00	218.00	222.00	225.00	230.00	231.00	230.00	228.00	225.00	220.00	217.00	213.00	209.00	212.00	217.00
186.00	191.00	193.00	192.00	191.00	190.00	188.00	188.00	188.00	188.00	189.00	191.00	197.00	198.00	198.00	198.00	196.00	189.00	186.00	183.00	183.00	184.00	184.00	184.00	185.00	190.00	191.00	192.00	192.00	192.00	188.00	185.00	181.00	171.00	165.00	165.00	166.00	167.00	169.00	170.00	171.00	171.00	170.00	166.00	163.00	161.00	159.00	158.00	156.00	155.00	158.00	158.00	158.00	158.00	159.00	161.00	162.00	164.00	165.00	166.00	166.00	167.00	166.00	165.00	161.00	160.00	157.00	154.00	150.00	146.00	138.00	136.00	138.00	142.00	148.00	168.00	175.00	179.00	180.00	180.00	178.00	177.00	174.00	170.00	156.00	145.00	147.00	153.00	167.00	171.00	174.00	176.00	177.00	179.00	179.00	178.00	175.00	178.00	182.00	187.00	188.00	186.00	176.00	173.00	175.00	179.00	179.00	177.00	174.00	171.00	167.00	162.00	161.00	162.00	162.00	164.00	170.00	175.00	179.00	182.00	186.00	186.00	183.00	180.00	169.00	165.00	167.00	183.00	189.00	195.00	192.00	187.00	181.00	174.00	173.00	176.00	182.00	188.00	201.00	200.00	196.00	193.00	190.00	187.00	180.00	171.00	163.00	165.00	180.00	184.00	186.00	188.00	190.00	194.00	199.00	204.00	209.00	208.00	205.00	195.00	185.00	181.00	177.00	175.00	171.00	170.00	168.00	166.00	164.00	160.00	158.00	154.00	149.00	135.00	134.00	139.00	146.00	152.00	161.00	168.00	171.00	173.00	174.00	173.00	172.00	171.00	170.00	175.00	178.00	181.00	185.00	190.00	192.00	193.00	192.00	192.00	191.00	190.00	190.00	192.00	205.00	209.00	213.00	216.00	220.00	224.00	226.00	228.00	230.00	231.00	231.00	230.00	229.00	228.00	223.00	220.00	216.00	213.00	213.00	213.00	214.00	212.00	205.00	195.00	189.00	184.00	181.00	187.00	194.00	198.00	201.00	203.00	198.00	200.00	206.00	210.00	218.00	218.00	217.00	214.00	212.00	212.00	218.00	222.00	225.00	230.00	231.00	230.00	228.00	225.00	220.00	217.00	213.00	209.00	212.00	217.00
204.00	205.00	204.00	196.00	190.00	184.00	180.00	178.00	180.00	182.00	185.00	187.00	197.00	199.00	201.00	202.00	201.00	196.00	194.00	193.00	193.00	194.00	194.00	193.00	192.00	192.00	193.00	193.00	192.00	191.00	186.00	183.00	179.00	173.00	175.00	178.00	181.00	185.00	188.00	191.00	192.00	193.00	192.00	189.00	187.00	184.00	182.00	180.00	176.00	175.00	173.00	172.00	168.00	165.00	163.00	162.00	163.00	160.00	161.00	163.00	165.00	163.00	157.00	153.00	152.00	152.00	149.00	145.00	140.00	135.00	131.00	135.00	141.00	150.00	157.00	172.00	174.00	174.00	174.00	174.00	174.00	175.00	174.00	173.00	171.00	161.00	156.00	155.00	161.00	165.00	168.00	170.00	171.00	174.00	175.00	176.00	179.00	178.00	179.00	180.00	181.00	180.00	176.00	171.00	167.00	165.00	166.00	165.00	164.00	166.00	168.00	171.00	172.00	174.00	174.00	169.00	169.00	174.00	179.00	183.00	190.00	191.00	189.00	186.00	175.00	171.00	170.00	176.00	182.00	189.00	190.00	189.00	186.00	182.00	181.00	184.00	189.00	196.00	209.00	209.00	205.00	197.00	184.00	181.00	176.00	168.00	164.00	174.00	190.00	196.00	200.00	204.00	209.00	213.00	215.00	216.00	212.00	207.00	200.00	190.00	183.00	180.00	178.00	176.00	173.00	171.00	169.00	167.00	164.00	158.00	154.00	149.00	143.00	134.00	136.00	141.00	146.00	152.00	157.00	160.00	162.00	163.00	165.00	167.00	169.00	172.00	175.00	180.00	182.00	184.00	186.00	188.00	188.00	187.00	184.00	182.00	177.00	177.00	179.00	182.00	191.00	194.00	197.00	201.00	205.00	213.00	216.00	220.00	223.00	227.00	227.00	221.00	218.00	216.00	210.00	207.00	206.00	204.00	201.00	201.00	200.00	199.00	194.00	186.00	180.00	178.00	179.00	188.00	193.00	197.00	200.00	202.00	191.00	190.00	193.00	196.00	204.00	208.00	211.00	213.00	213.00	213.00	217.00	220.00	224.00	231.00	233.00	233.00	231.00	229.00	223.00	219.00	217.00	217.00	221.00	222.00
204.00	205.00	204.00	196.00	190.00	184.00	180.00	178.00	180.00	182.00	185.00	187.00	197.00	199.00	201.00	202.00	201.00	196.00	194.00	193.00	193.00	194.00	194.00	193.00	192.00	192.00	193.00	193.00	192.00	191.00	186.00	183.00	179.00	173.00	175.00	178.00	181.00	185.00	188.00	191.00	192.00	193.00	192.00	189.00	187.00	184.00	182.00	180.00	176.00	175.00	173.00	172.00	168.00	165.00	163.00	162.00	163.00	160.00	161.00	163.00	165.00	163.00	157.00	153.00	152.00	152.00	149.00	145.00	140.00	135.00	131.00	135.00	141.00	150.00	157.00	172.00	174.00	174.00	174.00	174.00	174.00	175.00	174.00	173.00	171.00	161.00	156.00	155.00	161.00	165.00	168.00	170.00	171.00	174.00	175.00	176.00	179.00	178.00	179.00	180.00	181.00	180.00	176.00	171.00	167.00	165.00	166.00	165.00	164.00	166.00	168.00	171.00	172.00	174.00	174.00	169.00	169.00	174.00	179.00	183.00	190.00	191.00	189.00	186.00	175.00	171.00	170.00	176.00	182.00	189.00	190.00	189.00	186.00	182.00	181.00	184.00	189.00	196.00	209.00	209.00	205.00	197.00	184.00	181.00	176.00	168.00	164.00	174.00	190.00	196.00	200.00	204.00	209.00	213.00	215.00	216.00	212.00	207.00	200.00	190.00	183.00	180.00	178.00	176.00	173.00	171.00	169.00	167.00	164.00	158.00	154.00	149.00	143.00	134.00	136.00	141.00	146.00	152.00	157.00	160.00	162.00	163.00	165.00	167.00	169.00	172.00	175.00	180.00	182.00	184.00	186.00	188.00	188.00	187.00	184.00	182.00	177.00	177.00	179.00	182.00	191.00	194.00	197.00	201.00	205.00	213.00	216.00	220.00	223.00	227.00	227.00	221.00	218.00	216.00	210.00	207.00	206.00	204.00	201.00	201.00	200.00	199.00	194.00	186.00	180.00	178.00	179.00	188.00	193.00	197.00	200.00	202.00	191.00	190.00	193.00	196.00	204.00	208.00	211.00	213.00	213.00	213.00	217.00	220.00	224.00	231.00	233.00	233.00	231.00	229.00	223.00	219.00	217.00	217.00	221.00	222.00
196.00	196.00	194.00	188.00	187.00	188.00	192.00	195.00	198.00	198.00	197.00	196.00	196.00	198.00	198.00	197.00	194.00	194.00	196.00	197.00	198.00	199.00	197.00	197.00	196.00	195.00	194.00	192.00	191.00	188.00	180.00	177.00	175.00	177.00	183.00	186.00	190.00	192.00	194.00	198.00	198.00	198.00	199.00	197.00	195.00	193.00	192.00	191.00	192.00	193.00	193.00	194.00	194.00	191.00	189.00	187.00	185.00	179.00	176.00	174.00	172.00	163.00	158.00	154.00	149.00	148.00	146.00	145.00	143.00	143.00	147.00	152.00	158.00	164.00	169.00	178.00	179.00	179.00	179.00	177.00	176.00	176.00	177.00	177.00	179.00	177.00	172.00	168.00	162.00	159.00	160.00	164.00	169.00	176.00	180.00	183.00	188.00	187.00	185.00	184.00	183.00	183.00	183.00	181.00	177.00	176.00	161.00	159.00	163.00	170.00	177.00	187.00	190.00	192.00	192.00	182.00	167.00	164.00	167.00	175.00	188.00	191.00	191.00	187.00	178.00	170.00	167.00	177.00	184.00	192.00	194.00	195.00	196.00	198.00	199.00	199.00	199.00	199.00	195.00	190.00	182.00	174.00	169.00	173.00	177.00	179.00	179.00	179.00	190.00	197.00	204.00	213.00	216.00	216.00	214.00	208.00	195.00	188.00	183.00	179.00	179.00	178.00	179.00	179.00	179.00	178.00	177.00	176.00	175.00	163.00	156.00	146.00	137.00	133.00	139.00	146.00	152.00	156.00	161.00	165.00	168.00	170.00	170.00	170.00	169.00	167.00	166.00	167.00	169.00	172.00	175.00	177.00	178.00	179.00	182.00	183.00	184.00	184.00	185.00	186.00	189.00	190.00	191.00	194.00	198.00	212.00	218.00	223.00	227.00	234.00	235.00	233.00	229.00	223.00	211.00	204.00	198.00	195.00	195.00	196.00	196.00	196.00	192.00	184.00	180.00	179.00	180.00	187.00	192.00	197.00	202.00	207.00	200.00	199.00	200.00	202.00	205.00	207.00	209.00	212.00	215.00	218.00	218.00	218.00	218.00	222.00	226.00	227.00	227.00	226.00	223.00	223.00	222.00	225.00	228.00	228.00
196.00	196.00	194.00	188.00	187.00	188.00	192.00	195.00	198.00	198.00	197.00	196.00	196.00	198.00	198.00	197.00	194.00	194.00	196.00	197.00	198.00	199.00	197.00	197.00	196.00	195.00	194.00	192.00	191.00	188.00	180.00	177.00	175.00	177.00	183.00	186.00	190.00	192.00	194.00	198.00	198.00	198.00	199.00	197.00	195.00	193.00	192.00	191.00	192.00	193.00	193.00	194.00	194.00	191.00	189.00	187.00	185.00	179.00	176.00	174.00	172.00	163.00	158.00	154.00	149.00	148.00	146.00	145.00	143.00	143.00	147.00	152.00	158.00	164.00	169.00	178.00	179.00	179.00	179.00	177.00	176.00	176.00	177.00	177.00	179.00	177.00	172.00	168.00	162.00	159.00	160.00	164.00	169.00	176.00	180.00	183.00	188.00	187.00	185.00	184.00	183.00	183.00	183.00	181.00	177.00	176.00	161.00	159.00	163.00	170.00	177.00	187.00	190.00	192.00	192.00	182.00	167.00	164.00	167.00	175.00	188.00	191.00	191.00	187.00	178.00	170.00	167.00	177.00	184.00	192.00	194.00	195.00	196.00	198.00	199.00	199.00	199.00	199.00	195.00	190.00	182.00	174.00	169.00	173.00	177.00	179.00	179.00	179.00	190.00	197.00	204.00	213.00	216.00	216.00	214.00	208.00	195.00	188.00	183.00	179.00	179.00	178.00	179.00	179.00	179.00	178.00	177.00	176.00	175.00	163.00	156.00	146.00	137.00	133.00	139.00	146.00	152.00	156.00	161.00	165.00	168.00	170.00	170.00	170.00	169.00	167.00	166.00	167.00	169.00	172.00	175.00	177.00	178.00	179.00	182.00	183.00	184.00	184.00	185.00	186.00	189.00	190.00	191.00	194.00	198.00	212.00	218.00	223.00	227.00	234.00	235.00	233.00	229.00	223.00	211.00	204.00	198.00	195.00	195.00	196.00	196.00	196.00	192.00	184.00	180.00	179.00	180.00	187.00	192.00	197.00	202.00	207.00	200.00	199.00	200.00	202.00	205.00	207.00	209.00	212.00	215.00	218.00	218.00	218.00	218.00	222.00	226.00	227.00	227.00	226.00	223.00	223.00	222.00	225.00	228.00	228.00
196.00	196.00	194.00	188.00	187.00	188.00	192.00	195.00	198.00	198.00	197.00	196.00	196.00	198.00	198.00	197.00	194.00	194.00	196.00	197.00	198.00	199.00	197.00	197.00	196.00	195.00	194.00	192.00	191.00	188.00	180.00	177.00	175.00	177.00	183.00	186.00	190.00	192.00	194.00	198.00	198.00	198.00	199.00	197.00	195.00	193.00	192.00	191.00	192.00	193.00	193.00	194.00	194.00	191.00	189.00	187.00	185.00	179.00	176.00	174.00	172.00	163.00	158.00	154.00	149.00	148.00	146.00	145.00	143.00	143.00	147.00	152.00	158.00	164.00	169.00	178.00	179.00	179.00	179.00	177.00	176.00	176.00	177.00	177.00	179.00	177.00	172.00	168.00	162.00	159.00	160.00	164.00	169.00	176.00	180.00	183.00	188.00	187.00	185.00	184.00	183.00	183.00	183.00	181.00	177.00	176.00	161.00	159.00	163.00	170.00	177.00	187.00	190.00	192.00	192.00	182.00	167.00	164.00	167.00	175.00	188.00	191.00	191.00	187.00	178.00	170.00	167.00	177.00	184.00	192.00	194.00	195.00	196.00	198.00	199.00	199.00	199.00	199.00	195.00	190.00	182.00	174.00	169.00	173.00	177.00	179.00	179.00	179.00	190.00	197.00	204.00	213.00	216.00	216.00	214.00	208.00	195.00	188.00	183.00	179.00	179.00	178.00	179.00	179.00	179.00	178.00	177.00	176.00	175.00	163.00	156.00	146.00	137.00	133.00	139.00	146.00	152.00	156.00	161.00	165.00	168.00	170.00	170.00	170.00	169.00	167.00	166.00	167.00	169.00	172.00	175.00	177.00	178.00	179.00	182.00	183.00	184.00	184.00	185.00	186.00	189.00	190.00	191.00	194.00	198.00	212.00	218.00	223.00	227.00	234.00	235.00	233.00	229.00	223.00	211.00	204.00	198.00	195.00	195.00	196.00	196.00	196.00	192.00	184.00	180.00	179.00	180.00	187.00	192.00	197.00	202.00	207.00	200.00	199.00	200.00	202.00	205.00	207.00	209.00	212.00	215.00	218.00	218.00	218.00	218.00	222.00	226.00	227.00	227.00	226.00	223.00	223.00	222.00	225.00	228.00	228.00
182.00	180.00	180.00	186.00	191.00	194.00	197.00	199.00	201.00	199.00	195.00	190.00	186.00	188.00	186.00	184.00	183.00	189.00	192.00	194.00	196.00	197.00	201.00	203.00	202.00	198.00	194.00	189.00	183.00	179.00	176.00	178.00	180.00	183.00	185.00	186.00	188.00	190.00	193.00	197.00	198.00	199.00	200.00	198.00	197.00	194.00	193.00	192.00	193.00	194.00	194.00	195.00	196.00	197.00	197.00	197.00	196.00	194.00	191.00	188.00	183.00	176.00	173.00	171.00	168.00	166.00	164.00	162.00	160.00	158.00	158.00	160.00	163.00	165.00	167.00	172.00	174.00	175.00	176.00	176.00	176.00	176.00	176.00	176.00	176.00	179.00	179.00	177.00	170.00	165.00	160.00	159.00	160.00	167.00	172.00	177.00	184.00	186.00	186.00	186.00	186.00	186.00	184.00	182.00	179.00	174.00	166.00	168.00	173.00	179.00	185.00	194.00	197.00	199.00	200.00	196.00	173.00	160.00	157.00	165.00	187.00	192.00	194.00	192.00	185.00	180.00	171.00	171.00	177.00	188.00	192.00	195.00	197.00	199.00	198.00	198.00	196.00	193.00	179.00	173.00	167.00	163.00	169.00	177.00	183.00	189.00	192.00	195.00	198.00	201.00	204.00	210.00	211.00	211.00	209.00	205.00	195.00	189.00	184.00	176.00	172.00	171.00	170.00	168.00	167.00	167.00	166.00	165.00	164.00	161.00	156.00	146.00	136.00	136.00	145.00	154.00	162.00	167.00	171.00	172.00	174.00	176.00	177.00	177.00	176.00	174.00	173.00	174.00	175.00	176.00	179.00	183.00	184.00	186.00	187.00	187.00	186.00	185.00	185.00	186.00	190.00	193.00	194.00	194.00	195.00	203.00	210.00	218.00	227.00	238.00	238.00	231.00	226.00	223.00	218.00	216.00	214.00	213.00	210.00	209.00	205.00	202.00	195.00	184.00	180.00	179.00	179.00	187.00	192.00	195.00	197.00	199.00	190.00	190.00	194.00	198.00	205.00	209.00	211.00	213.00	214.00	219.00	223.00	224.00	225.00	230.00	232.00	233.00	233.00	231.00	227.00	225.00	223.00	221.00	220.00	221.00
182.00	180.00	180.00	186.00	191.00	194.00	197.00	199.00	201.00	199.00	195.00	190.00	186.00	188.00	186.00	184.00	183.00	189.00	192.00	194.00	196.00	197.00	201.00	203.00	202.00	198.00	194.00	189.00	183.00	179.00	176.00	178.00	180.00	183.00	185.00	186.00	188.00	190.00	193.00	197.00	198.00	199.00	200.00	198.00	197.00	194.00	193.00	192.00	193.00	194.00	194.00	195.00	196.00	197.00	197.00	197.00	196.00	194.00	191.00	188.00	183.00	176.00	173.00	171.00	168.00	166.00	164.00	162.00	160.00	158.00	158.00	160.00	163.00	165.00	167.00	172.00	174.00	175.00	176.00	176.00	176.00	176.00	176.00	176.00	176.00	179.00	179.00	177.00	170.00	165.00	160.00	159.00	160.00	167.00	172.00	177.00	184.00	186.00	186.00	186.00	186.00	186.00	184.00	182.00	179.00	174.00	166.00	168.00	173.00	179.00	185.00	194.00	197.00	199.00	200.00	196.00	173.00	160.00	157.00	165.00	187.00	192.00	194.00	192.00	185.00	180.00	171.00	171.00	177.00	188.00	192.00	195.00	197.00	199.00	198.00	198.00	196.00	193.00	179.00	173.00	167.00	163.00	169.00	177.00	183.00	189.00	192.00	195.00	198.00	201.00	204.00	210.00	211.00	211.00	209.00	205.00	195.00	189.00	184.00	176.00	172.00	171.00	170.00	168.00	167.00	167.00	166.00	165.00	164.00	161.00	156.00	146.00	136.00	136.00	145.00	154.00	162.00	167.00	171.00	172.00	174.00	176.00	177.00	177.00	176.00	174.00	173.00	174.00	175.00	176.00	179.00	183.00	184.00	186.00	187.00	187.00	186.00	185.00	185.00	186.00	190.00	193.00	194.00	194.00	195.00	203.00	210.00	218.00	227.00	238.00	238.00	231.00	226.00	223.00	218.00	216.00	214.00	213.00	210.00	209.00	205.00	202.00	195.00	184.00	180.00	179.00	179.00	187.00	192.00	195.00	197.00	199.00	190.00	190.00	194.00	198.00	205.00	209.00	211.00	213.00	214.00	219.00	223.00	224.00	225.00	230.00	232.00	233.00	233.00	231.00	227.00	225.00	223.00	221.00	220.00	221.00
185.00	188.00	189.00	191.00	192.00	194.00	195.00	196.00	195.00	193.00	190.00	186.00	181.00	180.00	177.00	175.00	174.00	177.00	180.00	183.00	185.00	191.00	197.00	200.00	201.00	202.00	200.00	195.00	188.00	182.00	178.00	182.00	186.00	189.00	185.00	184.00	184.00	186.00	188.00	192.00	194.00	194.00	195.00	194.00	194.00	194.00	193.00	193.00	193.00	194.00	194.00	194.00	193.00	193.00	192.00	191.00	190.00	186.00	183.00	180.00	176.00	171.00	172.00	174.00	182.00	185.00	190.00	191.00	191.00	190.00	189.00	190.00	190.00	191.00	191.00	188.00	187.00	185.00	183.00	179.00	176.00	175.00	174.00	172.00	169.00	166.00	165.00	163.00	161.00	160.00	159.00	159.00	161.00	168.00	170.00	172.00	177.00	180.00	181.00	181.00	180.00	177.00	174.00	173.00	171.00	169.00	174.00	177.00	180.00	184.00	188.00	193.00	193.00	194.00	194.00	195.00	178.00	165.00	161.00	165.00	187.00	195.00	198.00	199.00	196.00	190.00	181.00	172.00	176.00	188.00	194.00	196.00	197.00	196.00	193.00	187.00	186.00	184.00	173.00	172.00	173.00	173.00	178.00	184.00	189.00	194.00	199.00	208.00	214.00	215.00	215.00	211.00	208.00	205.00	201.00	198.00	194.00	193.00	191.00	188.00	185.00	184.00	182.00	180.00	174.00	171.00	169.00	168.00	166.00	158.00	151.00	144.00	138.00	143.00	152.00	160.00	166.00	172.00	178.00	182.00	185.00	187.00	189.00	189.00	188.00	185.00	182.00	182.00	183.00	185.00	187.00	190.00	191.00	193.00	193.00	193.00	195.00	195.00	194.00	194.00	191.00	192.00	196.00	200.00	204.00	210.00	214.00	218.00	224.00	234.00	237.00	236.00	233.00	229.00	222.00	219.00	217.00	215.00	212.00	211.00	209.00	203.00	189.00	178.00	178.00	177.00	175.00	183.00	189.00	194.00	199.00	202.00	192.00	190.00	191.00	192.00	196.00	199.00	200.00	202.00	204.00	210.00	218.00	221.00	223.00	226.00	228.00	229.00	230.00	231.00	230.00	230.00	228.00	226.00	224.00	224.00
185.00	188.00	189.00	191.00	192.00	194.00	195.00	196.00	195.00	193.00	190.00	186.00	181.00	180.00	177.00	175.00	174.00	177.00	180.00	183.00	185.00	191.00	197.00	200.00	201.00	202.00	200.00	195.00	188.00	182.00	178.00	182.00	186.00	189.00	185.00	184.00	184.00	186.00	188.00	192.00	194.00	194.00	195.00	194.00	194.00	194.00	193.00	193.00	193.00	194.00	194.00	194.00	193.00	193.00	192.00	191.00	190.00	186.00	183.00	180.00	176.00	171.00	172.00	174.00	182.00	185.00	190.00	191.00	191.00	190.00	189.00	190.00	190.00	191.00	191.00	188.00	187.00	185.00	183.00	179.00	176.00	175.00	174.00	172.00	169.00	166.00	165.00	163.00	161.00	160.00	159.00	159.00	161.00	168.00	170.00	172.00	177.00	180.00	181.00	181.00	180.00	177.00	174.00	173.00	171.00	169.00	174.00	177.00	180.00	184.00	188.00	193.00	193.00	194.00	194.00	195.00	178.00	165.00	161.00	165.00	187.00	195.00	198.00	199.00	196.00	190.00	181.00	172.00	176.00	188.00	194.00	196.00	197.00	196.00	193.00	187.00	186.00	184.00	173.00	172.00	173.00	173.00	178.00	184.00	189.00	194.00	199.00	208.00	214.00	215.00	215.00	211.00	208.00	205.00	201.00	198.00	194.00	193.00	191.00	188.00	185.00	184.00	182.00	180.00	174.00	171.00	169.00	168.00	166.00	158.00	151.00	144.00	138.00	143.00	152.00	160.00	166.00	172.00	178.00	182.00	185.00	187.00	189.00	189.00	188.00	185.00	182.00	182.00	183.00	185.00	187.00	190.00	191.00	193.00	193.00	193.00	195.00	195.00	194.00	194.00	191.00	192.00	196.00	200.00	204.00	210.00	214.00	218.00	224.00	234.00	237.00	236.00	233.00	229.00	222.00	219.00	217.00	215.00	212.00	211.00	209.00	203.00	189.00	178.00	178.00	177.00	175.00	183.00	189.00	194.00	199.00	202.00	192.00	190.00	191.00	192.00	196.00	199.00	200.00	202.00	204.00	210.00	218.00	221.00	223.00	226.00	228.00	229.00	230.00	231.00	230.00	230.00	228.00	226.00	224.00	224.00
185.00	188.00	189.00	191.00	192.00	194.00	195.00	196.00	195.00	193.00	190.00	186.00	181.00	180.00	177.00	175.00	174.00	177.00	180.00	183.00	185.00	191.00	197.00	200.00	201.00	202.00	200.00	195.00	188.00	182.00	178.00	182.00	186.00	189.00	185.00	184.00	184.00	186.00	188.00	192.00	194.00	194.00	195.00	194.00	194.00	194.00	193.00	193.00	193.00	194.00	194.00	194.00	193.00	193.00	192.00	191.00	190.00	186.00	183.00	180.00	176.00	171.00	172.00	174.00	182.00	185.00	190.00	191.00	191.00	190.00	189.00	190.00	190.00	191.00	191.00	188.00	187.00	185.00	183.00	179.00	176.00	175.00	174.00	172.00	169.00	166.00	165.00	163.00	161.00	160.00	159.00	159.00	161.00	168.00	170.00	172.00	177.00	180.00	181.00	181.00	180.00	177.00	174.00	173.00	171.00	169.00	174.00	177.00	180.00	184.00	188.00	193.00	193.00	194.00	194.00	195.00	178.00	165.00	161.00	165.00	187.00	195.00	198.00	199.00	196.00	190.00	181.00	172.00	176.00	188.00	194.00	196.00	197.00	196.00	193.00	187.00	186.00	184.00	173.00	172.00	173.00	173.00	178.00	184.00	189.00	194.00	199.00	208.00	214.00	215.00	215.00	211.00	208.00	205.00	201.00	198.00	194.00	193.00	191.00	188.00	185.00	184.00	182.00	180.00	174.00	171.00	169.00	168.00	166.00	158.00	151.00	144.00	138.00	143.00	152.00	160.00	166.00	172.00	178.00	182.00	185.00	187.00	189.00	189.00	188.00	185.00	182.00	182.00	183.00	185.00	187.00	190.00	191.00	193.00	193.00	193.00	195.00	195.00	194.00	194.00	191.00	192.00	196.00	200.00	204.00	210.00	214.00	218.00	224.00	234.00	237.00	236.00	233.00	229.00	222.00	219.00	217.00	215.00	212.00	211.00	209.00	203.00	189.00	178.00	178.00	177.00	175.00	183.00	189.00	194.00	199.00	202.00	192.00	190.00	191.00	192.00	196.00	199.00	200.00	202.00	204.00	210.00	218.00	221.00	223.00	226.00	228.00	229.00	230.00	231.00	230.00	230.00	228.00	226.00	224.00	224.00
185.00	188.00	189.00	187.00	186.00	186.00	185.00	184.00	181.00	181.00	181.00	181.00	177.00	176.00	175.00	176.00	177.00	179.00	180.00	181.00	183.00	190.00	196.00	199.00	202.00	205.00	205.00	202.00	197.00	192.00	185.00	189.00	194.00	200.00	200.00	199.00	196.00	194.00	193.00	193.00	193.00	194.00	196.00	196.00	195.00	195.00	193.00	191.00	189.00	190.00	191.00	191.00	190.00	188.00	185.00	183.00	180.00	175.00	174.00	173.00	172.00	173.00	176.00	179.00	187.00	190.00	196.00	198.00	200.00	201.00	201.00	202.00	203.00	203.00	204.00	206.00	206.00	205.00	205.00	203.00	201.00	200.00	199.00	197.00	192.00	186.00	182.00	178.00	172.00	170.00	169.00	168.00	167.00	167.00	168.00	168.00	170.00	172.00	173.00	173.00	173.00	172.00	171.00	167.00	163.00	163.00	174.00	176.00	178.00	181.00	188.00	193.00	196.00	198.00	199.00	196.00	188.00	183.00	180.00	180.00	187.00	192.00	195.00	197.00	198.00	197.00	196.00	195.00	197.00	205.00	210.00	212.00	213.00	207.00	202.00	197.00	198.00	198.00	186.00	185.00	185.00	187.00	192.00	195.00	200.00	205.00	207.00	208.00	202.00	200.00	198.00	192.00	191.00	191.00	191.00	190.00	187.00	186.00	185.00	184.00	184.00	184.00	184.00	184.00	183.00	182.00	179.00	176.00	171.00	148.00	141.00	137.00	136.00	144.00	150.00	155.00	161.00	167.00	175.00	178.00	181.00	184.00	190.00	193.00	195.00	198.00	200.00	203.00	204.00	205.00	207.00	208.00	209.00	209.00	208.00	207.00	204.00	203.00	202.00	200.00	197.00	196.00	195.00	198.00	203.00	215.00	220.00	226.00	231.00	237.00	238.00	237.00	235.00	232.00	226.00	225.00	223.00	221.00	213.00	209.00	204.00	200.00	190.00	183.00	183.00	183.00	186.00	195.00	200.00	204.00	209.00	213.00	198.00	193.00	191.00	193.00	203.00	205.00	205.00	204.00	202.00	203.00	208.00	211.00	214.00	218.00	219.00	220.00	220.00	223.00	229.00	230.00	230.00	227.00	223.00	222.00
185.00	188.00	189.00	187.00	186.00	186.00	185.00	184.00	181.00	181.00	181.00	181.00	177.00	176.00	175.00	176.00	177.00	179.00	180.00	181.00	183.00	190.00	196.00	199.00	202.00	205.00	205.00	202.00	197.00	192.00	185.00	189.00	194.00	200.00	200.00	199.00	196.00	194.00	193.00	193.00	193.00	194.00	196.00	196.00	195.00	195.00	193.00	191.00	189.00	190.00	191.00	191.00	190.00	188.00	185.00	183.00	180.00	175.00	174.00	173.00	172.00	173.00	176.00	179.00	187.00	190.00	196.00	198.00	200.00	201.00	201.00	202.00	203.00	203.00	204.00	206.00	206.00	205.00	205.00	203.00	201.00	200.00	199.00	197.00	192.00	186.00	182.00	178.00	172.00	170.00	169.00	168.00	167.00	167.00	168.00	168.00	170.00	172.00	173.00	173.00	173.00	172.00	171.00	167.00	163.00	163.00	174.00	176.00	178.00	181.00	188.00	193.00	196.00	198.00	199.00	196.00	188.00	183.00	180.00	180.00	187.00	192.00	195.00	197.00	198.00	197.00	196.00	195.00	197.00	205.00	210.00	212.00	213.00	207.00	202.00	197.00	198.00	198.00	186.00	185.00	185.00	187.00	192.00	195.00	200.00	205.00	207.00	208.00	202.00	200.00	198.00	192.00	191.00	191.00	191.00	190.00	187.00	186.00	185.00	184.00	184.00	184.00	184.00	184.00	183.00	182.00	179.00	176.00	171.00	148.00	141.00	137.00	136.00	144.00	150.00	155.00	161.00	167.00	175.00	178.00	181.00	184.00	190.00	193.00	195.00	198.00	200.00	203.00	204.00	205.00	207.00	208.00	209.00	209.00	208.00	207.00	204.00	203.00	202.00	200.00	197.00	196.00	195.00	198.00	203.00	215.00	220.00	226.00	231.00	237.00	238.00	237.00	235.00	232.00	226.00	225.00	223.00	221.00	213.00	209.00	204.00	200.00	190.00	183.00	183.00	183.00	186.00	195.00	200.00	204.00	209.00	213.00	198.00	193.00	191.00	193.00	203.00	205.00	205.00	204.00	202.00	203.00	208.00	211.00	214.00	218.00	219.00	220.00	220.00	223.00	229.00	230.00	230.00	227.00	223.00	222.00
177.00	181.00	182.00	180.00	179.00	178.00	178.00	179.00	183.00	184.00	184.00	185.00	187.00	187.00	189.00	190.00	191.00	190.00	190.00	190.00	191.00	194.00	199.00	203.00	206.00	210.00	210.00	209.00	207.00	203.00	193.00	191.00	191.00	198.00	201.00	201.00	201.00	200.00	200.00	198.00	197.00	197.00	199.00	199.00	196.00	193.00	190.00	188.00	186.00	187.00	188.00	189.00	189.00	184.00	178.00	172.00	168.00	166.00	167.00	170.00	173.00	178.00	181.00	185.00	191.00	193.00	196.00	197.00	199.00	201.00	206.00	207.00	208.00	208.00	208.00	206.00	205.00	203.00	200.00	198.00	199.00	200.00	202.00	204.00	207.00	210.00	210.00	209.00	205.00	203.00	201.00	198.00	196.00	191.00	188.00	185.00	178.00	173.00	171.00	169.00	169.00	171.00	171.00	169.00	170.00	171.00	178.00	182.00	186.00	189.00	192.00	197.00	198.00	198.00	198.00	199.00	198.00	198.00	200.00	203.00	207.00	209.00	209.00	208.00	204.00	203.00	202.00	203.00	204.00	206.00	209.00	210.00	211.00	208.00	205.00	201.00	199.00	198.00	197.00	196.00	195.00	194.00	192.00	193.00	195.00	196.00	197.00	194.00	188.00	186.00	184.00	176.00	173.00	171.00	171.00	173.00	177.00	178.00	179.00	179.00	177.00	177.00	177.00	176.00	175.00	173.00	171.00	169.00	168.00	148.00	139.00	133.00	133.00	142.00	150.00	158.00	166.00	173.00	183.00	186.00	186.00	185.00	185.00	187.00	189.00	191.00	191.00	194.00	195.00	197.00	202.00	205.00	207.00	208.00	209.00	211.00	214.00	216.00	217.00	217.00	212.00	210.00	208.00	208.00	211.00	221.00	227.00	231.00	235.00	241.00	241.00	236.00	233.00	229.00	221.00	217.00	214.00	211.00	205.00	201.00	196.00	193.00	191.00	192.00	191.00	191.00	192.00	199.00	204.00	210.00	214.00	215.00	195.00	189.00	186.00	185.00	198.00	203.00	203.00	199.00	192.00	191.00	206.00	212.00	217.00	223.00	222.00	219.00	216.00	214.00	214.00	217.00	220.00	225.00	225.00	224.00
177.00	181.00	182.00	180.00	179.00	178.00	178.00	179.00	183.00	184.00	184.00	185.00	187.00	187.00	189.00	190.00	191.00	190.00	190.00	190.00	191.00	194.00	199.00	203.00	206.00	210.00	210.00	209.00	207.00	203.00	193.00	191.00	191.00	198.00	201.00	201.00	201.00	200.00	200.00	198.00	197.00	197.00	199.00	199.00	196.00	193.00	190.00	188.00	186.00	187.00	188.00	189.00	189.00	184.00	178.00	172.00	168.00	166.00	167.00	170.00	173.00	178.00	181.00	185.00	191.00	193.00	196.00	197.00	199.00	201.00	206.00	207.00	208.00	208.00	208.00	206.00	205.00	203.00	200.00	198.00	199.00	200.00	202.00	204.00	207.00	210.00	210.00	209.00	205.00	203.00	201.00	198.00	196.00	191.00	188.00	185.00	178.00	173.00	171.00	169.00	169.00	171.00	171.00	169.00	170.00	171.00	178.00	182.00	186.00	189.00	192.00	197.00	198.00	198.00	198.00	199.00	198.00	198.00	200.00	203.00	207.00	209.00	209.00	208.00	204.00	203.00	202.00	203.00	204.00	206.00	209.00	210.00	211.00	208.00	205.00	201.00	199.00	198.00	197.00	196.00	195.00	194.00	192.00	193.00	195.00	196.00	197.00	194.00	188.00	186.00	184.00	176.00	173.00	171.00	171.00	173.00	177.00	178.00	179.00	179.00	177.00	177.00	177.00	176.00	175.00	173.00	171.00	169.00	168.00	148.00	139.00	133.00	133.00	142.00	150.00	158.00	166.00	173.00	183.00	186.00	186.00	185.00	185.00	187.00	189.00	191.00	191.00	194.00	195.00	197.00	202.00	205.00	207.00	208.00	209.00	211.00	214.00	216.00	217.00	217.00	212.00	210.00	208.00	208.00	211.00	221.00	227.00	231.00	235.00	241.00	241.00	236.00	233.00	229.00	221.00	217.00	214.00	211.00	205.00	201.00	196.00	193.00	191.00	192.00	191.00	191.00	192.00	199.00	204.00	210.00	214.00	215.00	195.00	189.00	186.00	185.00	198.00	203.00	203.00	199.00	192.00	191.00	206.00	212.00	217.00	223.00	222.00	219.00	216.00	214.00	214.00	217.00	220.00	225.00	225.00	224.00
174.00	185.00	190.00	195.00	196.00	195.00	193.00	192.00	193.00	194.00	194.00	194.00	194.00	194.00	193.00	192.00	193.00	193.00	193.00	192.00	191.00	189.00	193.00	196.00	199.00	204.00	204.00	204.00	202.00	198.00	188.00	184.00	182.00	191.00	201.00	203.00	204.00	205.00	203.00	198.00	195.00	193.00	192.00	198.00	198.00	198.00	196.00	193.00	189.00	187.00	185.00	185.00	185.00	177.00	172.00	170.00	170.00	173.00	175.00	178.00	181.00	186.00	189.00	190.00	194.00	196.00	199.00	201.00	202.00	202.00	203.00	205.00	206.00	207.00	208.00	210.00	209.00	208.00	204.00	198.00	195.00	194.00	194.00	196.00	201.00	205.00	206.00	208.00	211.00	212.00	212.00	212.00	211.00	209.00	207.00	205.00	199.00	192.00	189.00	187.00	185.00	185.00	185.00	184.00	183.00	182.00	180.00	180.00	181.00	181.00	183.00	190.00	193.00	195.00	196.00	195.00	191.00	191.00	191.00	192.00	196.00	198.00	200.00	202.00	204.00	206.00	208.00	209.00	207.00	201.00	199.00	197.00	194.00	189.00	183.00	178.00	178.00	182.00	192.00	190.00	187.00	186.00	193.00	196.00	199.00	199.00	197.00	194.00	196.00	196.00	195.00	187.00	183.00	179.00	175.00	172.00	168.00	169.00	169.00	171.00	172.00	172.00	171.00	171.00	170.00	169.00	168.00	164.00	161.00	142.00	137.00	134.00	133.00	143.00	152.00	163.00	175.00	185.00	192.00	188.00	183.00	178.00	168.00	165.00	164.00	166.00	170.00	179.00	184.00	188.00	192.00	194.00	194.00	195.00	195.00	197.00	204.00	209.00	213.00	217.00	227.00	228.00	229.00	229.00	230.00	233.00	234.00	235.00	236.00	235.00	234.00	231.00	228.00	223.00	211.00	205.00	199.00	193.00	190.00	192.00	196.00	201.00	207.00	205.00	200.00	194.00	189.00	192.00	198.00	203.00	207.00	209.00	191.00	188.00	190.00	193.00	199.00	198.00	193.00	187.00	186.00	189.00	206.00	215.00	221.00	221.00	219.00	216.00	215.00	214.00	212.00	209.00	206.00	205.00	208.00	210.00
174.00	185.00	190.00	195.00	196.00	195.00	193.00	192.00	193.00	194.00	194.00	194.00	194.00	194.00	193.00	192.00	193.00	193.00	193.00	192.00	191.00	189.00	193.00	196.00	199.00	204.00	204.00	204.00	202.00	198.00	188.00	184.00	182.00	191.00	201.00	203.00	204.00	205.00	203.00	198.00	195.00	193.00	192.00	198.00	198.00	198.00	196.00	193.00	189.00	187.00	185.00	185.00	185.00	177.00	172.00	170.00	170.00	173.00	175.00	178.00	181.00	186.00	189.00	190.00	194.00	196.00	199.00	201.00	202.00	202.00	203.00	205.00	206.00	207.00	208.00	210.00	209.00	208.00	204.00	198.00	195.00	194.00	194.00	196.00	201.00	205.00	206.00	208.00	211.00	212.00	212.00	212.00	211.00	209.00	207.00	205.00	199.00	192.00	189.00	187.00	185.00	185.00	185.00	184.00	183.00	182.00	180.00	180.00	181.00	181.00	183.00	190.00	193.00	195.00	196.00	195.00	191.00	191.00	191.00	192.00	196.00	198.00	200.00	202.00	204.00	206.00	208.00	209.00	207.00	201.00	199.00	197.00	194.00	189.00	183.00	178.00	178.00	182.00	192.00	190.00	187.00	186.00	193.00	196.00	199.00	199.00	197.00	194.00	196.00	196.00	195.00	187.00	183.00	179.00	175.00	172.00	168.00	169.00	169.00	171.00	172.00	172.00	171.00	171.00	170.00	169.00	168.00	164.00	161.00	142.00	137.00	134.00	133.00	143.00	152.00	163.00	175.00	185.00	192.00	188.00	183.00	178.00	168.00	165.00	164.00	166.00	170.00	179.00	184.00	188.00	192.00	194.00	194.00	195.00	195.00	197.00	204.00	209.00	213.00	217.00	227.00	228.00	229.00	229.00	230.00	233.00	234.00	235.00	236.00	235.00	234.00	231.00	228.00	223.00	211.00	205.00	199.00	193.00	190.00	192.00	196.00	201.00	207.00	205.00	200.00	194.00	189.00	192.00	198.00	203.00	207.00	209.00	191.00	188.00	190.00	193.00	199.00	198.00	193.00	187.00	186.00	189.00	206.00	215.00	221.00	221.00	219.00	216.00	215.00	214.00	212.00	209.00	206.00	205.00	208.00	210.00
164.00	170.00	176.00	185.00	187.00	187.00	186.00	185.00	186.00	188.00	190.00	192.00	194.00	194.00	193.00	193.00	193.00	193.00	192.00	192.00	190.00	187.00	189.00	192.00	194.00	195.00	195.00	194.00	191.00	187.00	181.00	180.00	179.00	187.00	195.00	198.00	200.00	201.00	200.00	197.00	194.00	191.00	190.00	194.00	194.00	194.00	192.00	190.00	186.00	184.00	181.00	178.00	174.00	170.00	170.00	173.00	177.00	184.00	187.00	189.00	190.00	194.00	196.00	198.00	200.00	202.00	204.00	204.00	203.00	203.00	202.00	202.00	202.00	202.00	203.00	203.00	202.00	199.00	195.00	189.00	188.00	191.00	194.00	198.00	200.00	199.00	198.00	199.00	203.00	205.00	206.00	206.00	206.00	207.00	206.00	205.00	203.00	201.00	200.00	198.00	197.00	198.00	201.00	203.00	204.00	205.00	205.00	204.00	204.00	202.00	202.00	199.00	198.00	197.00	196.00	192.00	187.00	185.00	183.00	181.00	177.00	174.00	172.00	174.00	181.00	185.00	188.00	192.00	191.00	189.00	188.00	187.00	186.00	181.00	176.00	173.00	174.00	177.00	183.00	179.00	174.00	171.00	180.00	188.00	194.00	196.00	194.00	173.00	171.00	178.00	186.00	194.00	193.00	190.00	186.00	182.00	173.00	171.00	170.00	167.00	161.00	159.00	156.00	155.00	154.00	153.00	150.00	144.00	137.00	126.00	128.00	133.00	139.00	157.00	168.00	178.00	187.00	193.00	190.00	175.00	165.00	159.00	160.00	165.00	171.00	177.00	182.00	190.00	193.00	197.00	204.00	207.00	206.00	205.00	202.00	201.00	204.00	207.00	211.00	215.00	226.00	228.00	230.00	232.00	233.00	236.00	235.00	235.00	233.00	229.00	226.00	219.00	214.00	208.00	198.00	192.00	190.00	191.00	204.00	212.00	218.00	222.00	222.00	213.00	205.00	195.00	187.00	182.00	187.00	193.00	198.00	201.00	190.00	189.00	191.00	193.00	194.00	194.00	192.00	193.00	195.00	202.00	207.00	209.00	210.00	204.00	200.00	199.00	204.00	213.00	223.00	220.00	211.00	197.00	198.00	204.00
164.00	170.00	176.00	185.00	187.00	187.00	186.00	185.00	186.00	188.00	190.00	192.00	194.00	194.00	193.00	193.00	193.00	193.00	192.00	192.00	190.00	187.00	189.00	192.00	194.00	195.00	195.00	194.00	191.00	187.00	181.00	180.00	179.00	187.00	195.00	198.00	200.00	201.00	200.00	197.00	194.00	191.00	190.00	194.00	194.00	194.00	192.00	190.00	186.00	184.00	181.00	178.00	174.00	170.00	170.00	173.00	177.00	184.00	187.00	189.00	190.00	194.00	196.00	198.00	200.00	202.00	204.00	204.00	203.00	203.00	202.00	202.00	202.00	202.00	203.00	203.00	202.00	199.00	195.00	189.00	188.00	191.00	194.00	198.00	200.00	199.00	198.00	199.00	203.00	205.00	206.00	206.00	206.00	207.00	206.00	205.00	203.00	201.00	200.00	198.00	197.00	198.00	201.00	203.00	204.00	205.00	205.00	204.00	204.00	202.00	202.00	199.00	198.00	197.00	196.00	192.00	187.00	185.00	183.00	181.00	177.00	174.00	172.00	174.00	181.00	185.00	188.00	192.00	191.00	189.00	188.00	187.00	186.00	181.00	176.00	173.00	174.00	177.00	183.00	179.00	174.00	171.00	180.00	188.00	194.00	196.00	194.00	173.00	171.00	178.00	186.00	194.00	193.00	190.00	186.00	182.00	173.00	171.00	170.00	167.00	161.00	159.00	156.00	155.00	154.00	153.00	150.00	144.00	137.00	126.00	128.00	133.00	139.00	157.00	168.00	178.00	187.00	193.00	190.00	175.00	165.00	159.00	160.00	165.00	171.00	177.00	182.00	190.00	193.00	197.00	204.00	207.00	206.00	205.00	202.00	201.00	204.00	207.00	211.00	215.00	226.00	228.00	230.00	232.00	233.00	236.00	235.00	235.00	233.00	229.00	226.00	219.00	214.00	208.00	198.00	192.00	190.00	191.00	204.00	212.00	218.00	222.00	222.00	213.00	205.00	195.00	187.00	182.00	187.00	193.00	198.00	201.00	190.00	189.00	191.00	193.00	194.00	194.00	192.00	193.00	195.00	202.00	207.00	209.00	210.00	204.00	200.00	199.00	204.00	213.00	223.00	220.00	211.00	197.00	198.00	204.00
172.00	169.00	172.00	179.00	181.00	184.00	186.00	187.00	189.00	191.00	192.00	194.00	196.00	194.00	192.00	190.00	189.00	188.00	188.00	187.00	186.00	181.00	182.00	185.00	188.00	193.00	194.00	194.00	193.00	189.00	181.00	180.00	181.00	188.00	192.00	192.00	192.00	192.00	192.00	188.00	185.00	183.00	180.00	182.00	183.00	184.00	184.00	182.00	180.00	177.00	172.00	168.00	168.00	175.00	179.00	183.00	187.00	196.00	198.00	200.00	203.00	208.00	211.00	212.00	215.00	215.00	211.00	208.00	206.00	202.00	197.00	194.00	193.00	193.00	195.00	202.00	200.00	196.00	189.00	183.00	186.00	192.00	196.00	199.00	199.00	191.00	190.00	192.00	197.00	200.00	201.00	201.00	201.00	201.00	202.00	202.00	202.00	201.00	201.00	200.00	199.00	200.00	204.00	207.00	209.00	210.00	212.00	212.00	212.00	211.00	209.00	207.00	205.00	203.00	202.00	200.00	198.00	197.00	197.00	196.00	191.00	187.00	183.00	180.00	177.00	178.00	180.00	185.00	187.00	188.00	189.00	188.00	187.00	183.00	180.00	175.00	171.00	169.00	168.00	167.00	165.00	163.00	171.00	180.00	187.00	190.00	189.00	174.00	163.00	165.00	172.00	188.00	193.00	195.00	193.00	189.00	182.00	178.00	175.00	170.00	168.00	168.00	168.00	166.00	158.00	152.00	144.00	134.00	127.00	134.00	139.00	144.00	149.00	157.00	161.00	165.00	169.00	170.00	163.00	150.00	146.00	146.00	158.00	166.00	173.00	179.00	183.00	188.00	190.00	191.00	197.00	204.00	206.00	208.00	208.00	210.00	211.00	213.00	214.00	217.00	225.00	227.00	230.00	231.00	233.00	233.00	233.00	233.00	233.00	226.00	221.00	208.00	204.00	201.00	202.00	206.00	209.00	213.00	225.00	231.00	234.00	233.00	225.00	214.00	206.00	197.00	188.00	183.00	190.00	199.00	206.00	211.00	197.00	193.00	192.00	192.00	193.00	194.00	195.00	196.00	197.00	201.00	203.00	201.00	201.00	202.00	205.00	208.00	212.00	215.00	219.00	214.00	205.00	193.00	196.00	208.00
172.00	169.00	172.00	179.00	181.00	184.00	186.00	187.00	189.00	191.00	192.00	194.00	196.00	194.00	192.00	190.00	189.00	188.00	188.00	187.00	186.00	181.00	182.00	185.00	188.00	193.00	194.00	194.00	193.00	189.00	181.00	180.00	181.00	188.00	192.00	192.00	192.00	192.00	192.00	188.00	185.00	183.00	180.00	182.00	183.00	184.00	184.00	182.00	180.00	177.00	172.00	168.00	168.00	175.00	179.00	183.00	187.00	196.00	198.00	200.00	203.00	208.00	211.00	212.00	215.00	215.00	211.00	208.00	206.00	202.00	197.00	194.00	193.00	193.00	195.00	202.00	200.00	196.00	189.00	183.00	186.00	192.00	196.00	199.00	199.00	191.00	190.00	192.00	197.00	200.00	201.00	201.00	201.00	201.00	202.00	202.00	202.00	201.00	201.00	200.00	199.00	200.00	204.00	207.00	209.00	210.00	212.00	212.00	212.00	211.00	209.00	207.00	205.00	203.00	202.00	200.00	198.00	197.00	197.00	196.00	191.00	187.00	183.00	180.00	177.00	178.00	180.00	185.00	187.00	188.00	189.00	188.00	187.00	183.00	180.00	175.00	171.00	169.00	168.00	167.00	165.00	163.00	171.00	180.00	187.00	190.00	189.00	174.00	163.00	165.00	172.00	188.00	193.00	195.00	193.00	189.00	182.00	178.00	175.00	170.00	168.00	168.00	168.00	166.00	158.00	152.00	144.00	134.00	127.00	134.00	139.00	144.00	149.00	157.00	161.00	165.00	169.00	170.00	163.00	150.00	146.00	146.00	158.00	166.00	173.00	179.00	183.00	188.00	190.00	191.00	197.00	204.00	206.00	208.00	208.00	210.00	211.00	213.00	214.00	217.00	225.00	227.00	230.00	231.00	233.00	233.00	233.00	233.00	233.00	226.00	221.00	208.00	204.00	201.00	202.00	206.00	209.00	213.00	225.00	231.00	234.00	233.00	225.00	214.00	206.00	197.00	188.00	183.00	190.00	199.00	206.00	211.00	197.00	193.00	192.00	192.00	193.00	194.00	195.00	196.00	197.00	201.00	203.00	201.00	201.00	202.00	205.00	208.00	212.00	215.00	219.00	214.00	205.00	193.00	196.00	208.00
172.00	169.00	172.00	179.00	181.00	184.00	186.00	187.00	189.00	191.00	192.00	194.00	196.00	194.00	192.00	190.00	189.00	188.00	188.00	187.00	186.00	181.00	182.00	185.00	188.00	193.00	194.00	194.00	193.00	189.00	181.00	180.00	181.00	188.00	192.00	192.00	192.00	192.00	192.00	188.00	185.00	183.00	180.00	182.00	183.00	184.00	184.00	182.00	180.00	177.00	172.00	168.00	168.00	175.00	179.00	183.00	187.00	196.00	198.00	200.00	203.00	208.00	211.00	212.00	215.00	215.00	211.00	208.00	206.00	202.00	197.00	194.00	193.00	193.00	195.00	202.00	200.00	196.00	189.00	183.00	186.00	192.00	196.00	199.00	199.00	191.00	190.00	192.00	197.00	200.00	201.00	201.00	201.00	201.00	202.00	202.00	202.00	201.00	201.00	200.00	199.00	200.00	204.00	207.00	209.00	210.00	212.00	212.00	212.00	211.00	209.00	207.00	205.00	203.00	202.00	200.00	198.00	197.00	197.00	196.00	191.00	187.00	183.00	180.00	177.00	178.00	180.00	185.00	187.00	188.00	189.00	188.00	187.00	183.00	180.00	175.00	171.00	169.00	168.00	167.00	165.00	163.00	171.00	180.00	187.00	190.00	189.00	174.00	163.00	165.00	172.00	188.00	193.00	195.00	193.00	189.00	182.00	178.00	175.00	170.00	168.00	168.00	168.00	166.00	158.00	152.00	144.00	134.00	127.00	134.00	139.00	144.00	149.00	157.00	161.00	165.00	169.00	170.00	163.00	150.00	146.00	146.00	158.00	166.00	173.00	179.00	183.00	188.00	190.00	191.00	197.00	204.00	206.00	208.00	208.00	210.00	211.00	213.00	214.00	217.00	225.00	227.00	230.00	231.00	233.00	233.00	233.00	233.00	233.00	226.00	221.00	208.00	204.00	201.00	202.00	206.00	209.00	213.00	225.00	231.00	234.00	233.00	225.00	214.00	206.00	197.00	188.00	183.00	190.00	199.00	206.00	211.00	197.00	193.00	192.00	192.00	193.00	194.00	195.00	196.00	197.00	201.00	203.00	201.00	201.00	202.00	205.00	208.00	212.00	215.00	219.00	214.00	205.00	193.00	196.00	208.00
176.00	172.00	175.00	184.00	187.00	189.00	191.00	194.00	195.00	194.00	192.00	190.00	194.00	194.00	191.00	187.00	186.00	187.00	188.00	190.00	192.00	192.00	190.00	187.00	186.00	185.00	185.00	185.00	184.00	183.00	181.00	180.00	181.00	182.00	183.00	184.00	184.00	184.00	184.00	182.00	182.00	182.00	182.00	179.00	177.00	174.00	171.00	168.00	163.00	162.00	165.00	169.00	177.00	180.00	181.00	182.00	185.00	192.00	197.00	201.00	205.00	211.00	213.00	215.00	216.00	216.00	212.00	209.00	205.00	201.00	192.00	187.00	183.00	182.00	185.00	197.00	195.00	190.00	185.00	184.00	190.00	196.00	199.00	200.00	195.00	187.00	187.00	189.00	193.00	195.00	196.00	197.00	196.00	195.00	195.00	196.00	198.00	200.00	200.00	201.00	202.00	202.00	205.00	208.00	210.00	211.00	214.00	213.00	213.00	212.00	210.00	206.00	203.00	200.00	198.00	195.00	196.00	197.00	199.00	201.00	201.00	197.00	192.00	188.00	188.00	191.00	194.00	199.00	201.00	202.00	202.00	201.00	199.00	196.00	194.00	191.00	187.00	183.00	167.00	162.00	157.00	153.00	153.00	158.00	165.00	171.00	175.00	176.00	167.00	161.00	160.00	167.00	172.00	178.00	183.00	186.00	187.00	183.00	176.00	162.00	155.00	156.00	160.00	163.00	153.00	143.00	134.00	125.00	122.00	140.00	146.00	150.00	153.00	156.00	153.00	147.00	140.00	138.00	146.00	156.00	159.00	163.00	169.00	171.00	173.00	175.00	175.00	179.00	181.00	184.00	188.00	194.00	197.00	199.00	201.00	203.00	209.00	211.00	213.00	215.00	225.00	228.00	230.00	232.00	233.00	233.00	231.00	228.00	222.00	207.00	201.00	200.00	206.00	211.00	217.00	220.00	224.00	228.00	235.00	237.00	238.00	235.00	225.00	216.00	210.00	202.00	192.00	185.00	192.00	202.00	211.00	218.00	203.00	199.00	197.00	195.00	196.00	198.00	201.00	202.00	202.00	203.00	205.00	205.00	205.00	207.00	211.00	216.00	220.00	222.00	217.00	212.00	205.00	196.00	201.00	211.00
176.00	172.00	175.00	184.00	187.00	189.00	191.00	194.00	195.00	194.00	192.00	190.00	194.00	194.00	191.00	187.00	186.00	187.00	188.00	190.00	192.00	192.00	190.00	187.00	186.00	185.00	185.00	185.00	184.00	183.00	181.00	180.00	181.00	182.00	183.00	184.00	184.00	184.00	184.00	182.00	182.00	182.00	182.00	179.00	177.00	174.00	171.00	168.00	163.00	162.00	165.00	169.00	177.00	180.00	181.00	182.00	185.00	192.00	197.00	201.00	205.00	211.00	213.00	215.00	216.00	216.00	212.00	209.00	205.00	201.00	192.00	187.00	183.00	182.00	185.00	197.00	195.00	190.00	185.00	184.00	190.00	196.00	199.00	200.00	195.00	187.00	187.00	189.00	193.00	195.00	196.00	197.00	196.00	195.00	195.00	196.00	198.00	200.00	200.00	201.00	202.00	202.00	205.00	208.00	210.00	211.00	214.00	213.00	213.00	212.00	210.00	206.00	203.00	200.00	198.00	195.00	196.00	197.00	199.00	201.00	201.00	197.00	192.00	188.00	188.00	191.00	194.00	199.00	201.00	202.00	202.00	201.00	199.00	196.00	194.00	191.00	187.00	183.00	167.00	162.00	157.00	153.00	153.00	158.00	165.00	171.00	175.00	176.00	167.00	161.00	160.00	167.00	172.00	178.00	183.00	186.00	187.00	183.00	176.00	162.00	155.00	156.00	160.00	163.00	153.00	143.00	134.00	125.00	122.00	140.00	146.00	150.00	153.00	156.00	153.00	147.00	140.00	138.00	146.00	156.00	159.00	163.00	169.00	171.00	173.00	175.00	175.00	179.00	181.00	184.00	188.00	194.00	197.00	199.00	201.00	203.00	209.00	211.00	213.00	215.00	225.00	228.00	230.00	232.00	233.00	233.00	231.00	228.00	222.00	207.00	201.00	200.00	206.00	211.00	217.00	220.00	224.00	228.00	235.00	237.00	238.00	235.00	225.00	216.00	210.00	202.00	192.00	185.00	192.00	202.00	211.00	218.00	203.00	199.00	197.00	195.00	196.00	198.00	201.00	202.00	202.00	203.00	205.00	205.00	205.00	207.00	211.00	216.00	220.00	222.00	217.00	212.00	205.00	196.00	201.00	211.00
168.00	165.00	166.00	170.00	174.00	177.00	180.00	183.00	185.00	184.00	184.00	184.00	188.00	186.00	185.00	182.00	180.00	179.00	182.00	185.00	187.00	189.00	185.00	182.00	180.00	179.00	180.00	180.00	181.00	180.00	177.00	176.00	175.00	175.00	177.00	179.00	180.00	182.00	184.00	187.00	188.00	189.00	190.00	190.00	189.00	188.00	186.00	183.00	175.00	171.00	169.00	169.00	174.00	177.00	179.00	180.00	181.00	188.00	191.00	195.00	198.00	202.00	204.00	205.00	207.00	208.00	208.00	206.00	204.00	200.00	190.00	185.00	180.00	178.00	183.00	194.00	190.00	184.00	178.00	182.00	188.00	194.00	196.00	196.00	187.00	179.00	180.00	184.00	190.00	191.00	191.00	191.00	191.00	191.00	191.00	192.00	195.00	196.00	195.00	193.00	193.00	193.00	197.00	200.00	202.00	205.00	210.00	212.00	212.00	213.00	213.00	212.00	210.00	206.00	202.00	198.00	199.00	199.00	199.00	198.00	195.00	191.00	188.00	185.00	185.00	189.00	194.00	204.00	208.00	212.00	213.00	213.00	212.00	208.00	206.00	203.00	201.00	199.00	188.00	182.00	174.00	165.00	145.00	145.00	149.00	156.00	163.00	171.00	171.00	167.00	164.00	155.00	154.00	156.00	161.00	167.00	177.00	179.00	178.00	166.00	150.00	145.00	142.00	138.00	128.00	126.00	127.00	130.00	135.00	143.00	143.00	144.00	146.00	151.00	152.00	153.00	153.00	152.00	159.00	167.00	171.00	174.00	178.00	179.00	178.00	178.00	177.00	176.00	175.00	175.00	176.00	180.00	183.00	186.00	190.00	194.00	202.00	205.00	208.00	210.00	219.00	222.00	224.00	226.00	228.00	229.00	229.00	226.00	222.00	213.00	211.00	212.00	214.00	216.00	217.00	218.00	222.00	227.00	233.00	234.00	234.00	232.00	225.00	219.00	215.00	208.00	199.00	187.00	192.00	202.00	213.00	221.00	205.00	199.00	196.00	194.00	198.00	202.00	205.00	208.00	210.00	211.00	212.00	212.00	211.00	209.00	208.00	208.00	209.00	209.00	203.00	198.00	191.00	189.00	196.00	203.00
168.00	165.00	166.00	170.00	174.00	177.00	180.00	183.00	185.00	184.00	184.00	184.00	188.00	186.00	185.00	182.00	180.00	179.00	182.00	185.00	187.00	189.00	185.00	182.00	180.00	179.00	180.00	180.00	181.00	180.00	177.00	176.00	175.00	175.00	177.00	179.00	180.00	182.00	184.00	187.00	188.00	189.00	190.00	190.00	189.00	188.00	186.00	183.00	175.00	171.00	169.00	169.00	174.00	177.00	179.00	180.00	181.00	188.00	191.00	195.00	198.00	202.00	204.00	205.00	207.00	208.00	208.00	206.00	204.00	200.00	190.00	185.00	180.00	178.00	183.00	194.00	190.00	184.00	178.00	182.00	188.00	194.00	196.00	196.00	187.00	179.00	180.00	184.00	190.00	191.00	191.00	191.00	191.00	191.00	191.00	192.00	195.00	196.00	195.00	193.00	193.00	193.00	197.00	200.00	202.00	205.00	210.00	212.00	212.00	213.00	213.00	212.00	210.00	206.00	202.00	198.00	199.00	199.00	199.00	198.00	195.00	191.00	188.00	185.00	185.00	189.00	194.00	204.00	208.00	212.00	213.00	213.00	212.00	208.00	206.00	203.00	201.00	199.00	188.00	182.00	174.00	165.00	145.00	145.00	149.00	156.00	163.00	171.00	171.00	167.00	164.00	155.00	154.00	156.00	161.00	167.00	177.00	179.00	178.00	166.00	150.00	145.00	142.00	138.00	128.00	126.00	127.00	130.00	135.00	143.00	143.00	144.00	146.00	151.00	152.00	153.00	153.00	152.00	159.00	167.00	171.00	174.00	178.00	179.00	178.00	178.00	177.00	176.00	175.00	175.00	176.00	180.00	183.00	186.00	190.00	194.00	202.00	205.00	208.00	210.00	219.00	222.00	224.00	226.00	228.00	229.00	229.00	226.00	222.00	213.00	211.00	212.00	214.00	216.00	217.00	218.00	222.00	227.00	233.00	234.00	234.00	232.00	225.00	219.00	215.00	208.00	199.00	187.00	192.00	202.00	213.00	221.00	205.00	199.00	196.00	194.00	198.00	202.00	205.00	208.00	210.00	211.00	212.00	212.00	211.00	209.00	208.00	208.00	209.00	209.00	203.00	198.00	191.00	189.00	196.00	203.00
173.00	169.00	167.00	163.00	164.00	165.00	166.00	168.00	171.00	171.00	170.00	169.00	173.00	176.00	178.00	180.00	181.00	179.00	178.00	179.00	181.00	184.00	186.00	185.00	183.00	182.00	183.00	183.00	184.00	184.00	185.00	185.00	185.00	187.00	189.00	190.00	191.00	192.00	192.00	192.00	192.00	193.00	193.00	193.00	192.00	190.00	188.00	186.00	176.00	170.00	168.00	170.00	178.00	181.00	181.00	182.00	183.00	186.00	188.00	190.00	193.00	197.00	199.00	200.00	202.00	203.00	202.00	200.00	199.00	197.00	189.00	183.00	178.00	177.00	180.00	186.00	182.00	177.00	174.00	185.00	193.00	199.00	200.00	199.00	187.00	175.00	173.00	176.00	184.00	186.00	186.00	185.00	183.00	180.00	181.00	183.00	186.00	187.00	188.00	189.00	190.00	192.00	196.00	197.00	199.00	201.00	201.00	201.00	203.00	205.00	206.00	208.00	208.00	208.00	208.00	207.00	206.00	206.00	205.00	204.00	201.00	198.00	194.00	189.00	180.00	179.00	181.00	193.00	200.00	208.00	210.00	211.00	211.00	209.00	207.00	206.00	205.00	204.00	202.00	200.00	197.00	193.00	182.00	177.00	172.00	169.00	169.00	173.00	178.00	180.00	179.00	167.00	160.00	154.00	151.00	150.00	154.00	156.00	155.00	147.00	134.00	131.00	131.00	132.00	130.00	134.00	140.00	145.00	148.00	156.00	158.00	159.00	161.00	166.00	170.00	174.00	176.00	175.00	167.00	155.00	153.00	152.00	157.00	160.00	163.00	166.00	168.00	172.00	174.00	178.00	185.00	189.00	190.00	190.00	191.00	191.00	191.00	190.00	190.00	190.00	201.00	206.00	210.00	213.00	217.00	223.00	225.00	227.00	226.00	221.00	220.00	219.00	219.00	218.00	217.00	217.00	218.00	220.00	223.00	224.00	224.00	223.00	221.00	218.00	216.00	212.00	205.00	190.00	187.00	191.00	201.00	211.00	202.00	199.00	196.00	193.00	188.00	188.00	188.00	190.00	192.00	195.00	196.00	196.00	196.00	198.00	198.00	198.00	197.00	196.00	191.00	186.00	180.00	180.00	190.00	197.00
173.00	169.00	167.00	163.00	164.00	165.00	166.00	168.00	171.00	171.00	170.00	169.00	173.00	176.00	178.00	180.00	181.00	179.00	178.00	179.00	181.00	184.00	186.00	185.00	183.00	182.00	183.00	183.00	184.00	184.00	185.00	185.00	185.00	187.00	189.00	190.00	191.00	192.00	192.00	192.00	192.00	193.00	193.00	193.00	192.00	190.00	188.00	186.00	176.00	170.00	168.00	170.00	178.00	181.00	181.00	182.00	183.00	186.00	188.00	190.00	193.00	197.00	199.00	200.00	202.00	203.00	202.00	200.00	199.00	197.00	189.00	183.00	178.00	177.00	180.00	186.00	182.00	177.00	174.00	185.00	193.00	199.00	200.00	199.00	187.00	175.00	173.00	176.00	184.00	186.00	186.00	185.00	183.00	180.00	181.00	183.00	186.00	187.00	188.00	189.00	190.00	192.00	196.00	197.00	199.00	201.00	201.00	201.00	203.00	205.00	206.00	208.00	208.00	208.00	208.00	207.00	206.00	206.00	205.00	204.00	201.00	198.00	194.00	189.00	180.00	179.00	181.00	193.00	200.00	208.00	210.00	211.00	211.00	209.00	207.00	206.00	205.00	204.00	202.00	200.00	197.00	193.00	182.00	177.00	172.00	169.00	169.00	173.00	178.00	180.00	179.00	167.00	160.00	154.00	151.00	150.00	154.00	156.00	155.00	147.00	134.00	131.00	131.00	132.00	130.00	134.00	140.00	145.00	148.00	156.00	158.00	159.00	161.00	166.00	170.00	174.00	176.00	175.00	167.00	155.00	153.00	152.00	157.00	160.00	163.00	166.00	168.00	172.00	174.00	178.00	185.00	189.00	190.00	190.00	191.00	191.00	191.00	190.00	190.00	190.00	201.00	206.00	210.00	213.00	217.00	223.00	225.00	227.00	226.00	221.00	220.00	219.00	219.00	218.00	217.00	217.00	218.00	220.00	223.00	224.00	224.00	223.00	221.00	218.00	216.00	212.00	205.00	190.00	187.00	191.00	201.00	211.00	202.00	199.00	196.00	193.00	188.00	188.00	188.00	190.00	192.00	195.00	196.00	196.00	196.00	198.00	198.00	198.00	197.00	196.00	191.00	186.00	180.00	180.00	190.00	197.00
184.00	183.00	180.00	172.00	168.00	166.00	168.00	171.00	174.00	174.00	174.00	173.00	173.00	175.00	181.00	186.00	187.00	185.00	183.00	183.00	183.00	185.00	187.00	186.00	184.00	183.00	184.00	185.00	186.00	187.00	188.00	187.00	187.00	189.00	190.00	191.00	191.00	190.00	190.00	189.00	190.00	189.00	189.00	186.00	185.00	184.00	183.00	181.00	173.00	167.00	163.00	165.00	174.00	178.00	178.00	178.00	178.00	180.00	183.00	187.00	191.00	195.00	197.00	197.00	198.00	198.00	197.00	196.00	194.00	192.00	185.00	180.00	176.00	174.00	175.00	178.00	174.00	170.00	168.00	179.00	185.00	190.00	193.00	193.00	186.00	173.00	170.00	169.00	173.00	175.00	177.00	179.00	179.00	179.00	179.00	180.00	184.00	187.00	188.00	189.00	190.00	191.00	192.00	192.00	192.00	192.00	192.00	194.00	196.00	200.00	203.00	208.00	209.00	209.00	209.00	207.00	204.00	203.00	202.00	200.00	196.00	194.00	190.00	186.00	175.00	173.00	173.00	187.00	196.00	204.00	206.00	207.00	207.00	207.00	205.00	203.00	200.00	198.00	190.00	188.00	187.00	186.00	185.00	184.00	181.00	177.00	174.00	177.00	182.00	182.00	181.00	175.00	170.00	165.00	161.00	158.00	150.00	145.00	139.00	129.00	128.00	131.00	136.00	139.00	141.00	141.00	143.00	145.00	147.00	152.00	155.00	159.00	162.00	169.00	174.00	179.00	182.00	181.00	171.00	163.00	160.00	157.00	153.00	153.00	153.00	154.00	156.00	158.00	161.00	164.00	175.00	183.00	186.00	188.00	189.00	189.00	185.00	183.00	183.00	184.00	200.00	208.00	213.00	215.00	216.00	220.00	222.00	223.00	224.00	224.00	225.00	227.00	226.00	226.00	222.00	220.00	218.00	217.00	216.00	218.00	219.00	219.00	219.00	215.00	213.00	209.00	204.00	189.00	186.00	188.00	195.00	203.00	195.00	193.00	192.00	192.00	190.00	189.00	187.00	185.00	184.00	182.00	181.00	180.00	179.00	178.00	179.00	180.00	181.00	181.00	180.00	177.00	176.00	179.00	184.00	190.00
184.00	183.00	180.00	172.00	168.00	166.00	168.00	171.00	174.00	174.00	174.00	173.00	173.00	175.00	181.00	186.00	187.00	185.00	183.00	183.00	183.00	185.00	187.00	186.00	184.00	183.00	184.00	185.00	186.00	187.00	188.00	187.00	187.00	189.00	190.00	191.00	191.00	190.00	190.00	189.00	190.00	189.00	189.00	186.00	185.00	184.00	183.00	181.00	173.00	167.00	163.00	165.00	174.00	178.00	178.00	178.00	178.00	180.00	183.00	187.00	191.00	195.00	197.00	197.00	198.00	198.00	197.00	196.00	194.00	192.00	185.00	180.00	176.00	174.00	175.00	178.00	174.00	170.00	168.00	179.00	185.00	190.00	193.00	193.00	186.00	173.00	170.00	169.00	173.00	175.00	177.00	179.00	179.00	179.00	179.00	180.00	184.00	187.00	188.00	189.00	190.00	191.00	192.00	192.00	192.00	192.00	192.00	194.00	196.00	200.00	203.00	208.00	209.00	209.00	209.00	207.00	204.00	203.00	202.00	200.00	196.00	194.00	190.00	186.00	175.00	173.00	173.00	187.00	196.00	204.00	206.00	207.00	207.00	207.00	205.00	203.00	200.00	198.00	190.00	188.00	187.00	186.00	185.00	184.00	181.00	177.00	174.00	177.00	182.00	182.00	181.00	175.00	170.00	165.00	161.00	158.00	150.00	145.00	139.00	129.00	128.00	131.00	136.00	139.00	141.00	141.00	143.00	145.00	147.00	152.00	155.00	159.00	162.00	169.00	174.00	179.00	182.00	181.00	171.00	163.00	160.00	157.00	153.00	153.00	153.00	154.00	156.00	158.00	161.00	164.00	175.00	183.00	186.00	188.00	189.00	189.00	185.00	183.00	183.00	184.00	200.00	208.00	213.00	215.00	216.00	220.00	222.00	223.00	224.00	224.00	225.00	227.00	226.00	226.00	222.00	220.00	218.00	217.00	216.00	218.00	219.00	219.00	219.00	215.00	213.00	209.00	204.00	189.00	186.00	188.00	195.00	203.00	195.00	193.00	192.00	192.00	190.00	189.00	187.00	185.00	184.00	182.00	181.00	180.00	179.00	178.00	179.00	180.00	181.00	181.00	180.00	177.00	176.00	179.00	184.00	190.00
184.00	183.00	180.00	172.00	168.00	166.00	168.00	171.00	174.00	174.00	174.00	173.00	173.00	175.00	181.00	186.00	187.00	185.00	183.00	183.00	183.00	185.00	187.00	186.00	184.00	183.00	184.00	185.00	186.00	187.00	188.00	187.00	187.00	189.00	190.00	191.00	191.00	190.00	190.00	189.00	190.00	189.00	189.00	186.00	185.00	184.00	183.00	181.00	173.00	167.00	163.00	165.00	174.00	178.00	178.00	178.00	178.00	180.00	183.00	187.00	191.00	195.00	197.00	197.00	198.00	198.00	197.00	196.00	194.00	192.00	185.00	180.00	176.00	174.00	175.00	178.00	174.00	170.00	168.00	179.00	185.00	190.00	193.00	193.00	186.00	173.00	170.00	169.00	173.00	175.00	177.00	179.00	179.00	179.00	179.00	180.00	184.00	187.00	188.00	189.00	190.00	191.00	192.00	192.00	192.00	192.00	192.00	194.00	196.00	200.00	203.00	208.00	209.00	209.00	209.00	207.00	204.00	203.00	202.00	200.00	196.00	194.00	190.00	186.00	175.00	173.00	173.00	187.00	196.00	204.00	206.00	207.00	207.00	207.00	205.00	203.00	200.00	198.00	190.00	188.00	187.00	186.00	185.00	184.00	181.00	177.00	174.00	177.00	182.00	182.00	181.00	175.00	170.00	165.00	161.00	158.00	150.00	145.00	139.00	129.00	128.00	131.00	136.00	139.00	141.00	141.00	143.00	145.00	147.00	152.00	155.00	159.00	162.00	169.00	174.00	179.00	182.00	181.00	171.00	163.00	160.00	157.00	153.00	153.00	153.00	154.00	156.00	158.00	161.00	164.00	175.00	183.00	186.00	188.00	189.00	189.00	185.00	183.00	183.00	184.00	200.00	208.00	213.00	215.00	216.00	220.00	222.00	223.00	224.00	224.00	225.00	227.00	226.00	226.00	222.00	220.00	218.00	217.00	216.00	218.00	219.00	219.00	219.00	215.00	213.00	209.00	204.00	189.00	186.00	188.00	195.00	203.00	195.00	193.00	192.00	192.00	190.00	189.00	187.00	185.00	184.00	182.00	181.00	180.00	179.00	178.00	179.00	180.00	181.00	181.00	180.00	177.00	176.00	179.00	184.00	190.00
189.00	185.00	182.00	176.00	173.00	170.00	170.00	174.00	182.00	184.00	186.00	187.00	179.00	176.00	176.00	178.00	181.00	182.00	181.00	181.00	182.00	187.00	190.00	189.00	188.00	188.00	188.00	187.00	187.00	187.00	187.00	187.00	188.00	188.00	187.00	186.00	184.00	181.00	179.00	179.00	179.00	179.00	180.00	180.00	180.00	179.00	177.00	174.00	164.00	159.00	159.00	163.00	175.00	182.00	184.00	185.00	185.00	182.00	181.00	181.00	182.00	189.00	192.00	194.00	197.00	198.00	197.00	196.00	195.00	192.00	187.00	184.00	180.00	177.00	175.00	175.00	171.00	167.00	166.00	176.00	180.00	183.00	184.00	183.00	175.00	167.00	165.00	167.00	177.00	181.00	184.00	186.00	188.00	189.00	189.00	190.00	192.00	191.00	190.00	189.00	188.00	188.00	189.00	189.00	190.00	191.00	194.00	195.00	197.00	199.00	202.00	206.00	205.00	204.00	201.00	197.00	194.00	194.00	196.00	197.00	198.00	197.00	196.00	194.00	186.00	181.00	175.00	179.00	187.00	195.00	195.00	194.00	196.00	200.00	201.00	201.00	201.00	201.00	197.00	194.00	191.00	188.00	182.00	179.00	175.00	172.00	169.00	166.00	166.00	165.00	164.00	160.00	158.00	157.00	156.00	157.00	157.00	158.00	158.00	157.00	154.00	153.00	153.00	154.00	156.00	156.00	157.00	159.00	160.00	161.00	160.00	162.00	165.00	173.00	177.00	181.00	183.00	184.00	181.00	173.00	169.00	165.00	158.00	159.00	162.00	166.00	167.00	159.00	156.00	157.00	166.00	177.00	181.00	184.00	187.00	190.00	196.00	198.00	202.00	206.00	221.00	225.00	227.00	227.00	224.00	216.00	215.00	216.00	220.00	225.00	227.00	230.00	231.00	231.00	225.00	222.00	219.00	216.00	215.00	215.00	213.00	211.00	204.00	198.00	198.00	199.00	200.00	195.00	192.00	194.00	201.00	209.00	201.00	198.00	195.00	191.00	186.00	183.00	183.00	184.00	186.00	188.00	188.00	186.00	183.00	182.00	182.00	181.00	180.00	179.00	175.00	173.00	172.00	174.00	176.00	177.00
189.00	185.00	182.00	176.00	173.00	170.00	170.00	174.00	182.00	184.00	186.00	187.00	179.00	176.00	176.00	178.00	181.00	182.00	181.00	181.00	182.00	187.00	190.00	189.00	188.00	188.00	188.00	187.00	187.00	187.00	187.00	187.00	188.00	188.00	187.00	186.00	184.00	181.00	179.00	179.00	179.00	179.00	180.00	180.00	180.00	179.00	177.00	174.00	164.00	159.00	159.00	163.00	175.00	182.00	184.00	185.00	185.00	182.00	181.00	181.00	182.00	189.00	192.00	194.00	197.00	198.00	197.00	196.00	195.00	192.00	187.00	184.00	180.00	177.00	175.00	175.00	171.00	167.00	166.00	176.00	180.00	183.00	184.00	183.00	175.00	167.00	165.00	167.00	177.00	181.00	184.00	186.00	188.00	189.00	189.00	190.00	192.00	191.00	190.00	189.00	188.00	188.00	189.00	189.00	190.00	191.00	194.00	195.00	197.00	199.00	202.00	206.00	205.00	204.00	201.00	197.00	194.00	194.00	196.00	197.00	198.00	197.00	196.00	194.00	186.00	181.00	175.00	179.00	187.00	195.00	195.00	194.00	196.00	200.00	201.00	201.00	201.00	201.00	197.00	194.00	191.00	188.00	182.00	179.00	175.00	172.00	169.00	166.00	166.00	165.00	164.00	160.00	158.00	157.00	156.00	157.00	157.00	158.00	158.00	157.00	154.00	153.00	153.00	154.00	156.00	156.00	157.00	159.00	160.00	161.00	160.00	162.00	165.00	173.00	177.00	181.00	183.00	184.00	181.00	173.00	169.00	165.00	158.00	159.00	162.00	166.00	167.00	159.00	156.00	157.00	166.00	177.00	181.00	184.00	187.00	190.00	196.00	198.00	202.00	206.00	221.00	225.00	227.00	227.00	224.00	216.00	215.00	216.00	220.00	225.00	227.00	230.00	231.00	231.00	225.00	222.00	219.00	216.00	215.00	215.00	213.00	211.00	204.00	198.00	198.00	199.00	200.00	195.00	192.00	194.00	201.00	209.00	201.00	198.00	195.00	191.00	186.00	183.00	183.00	184.00	186.00	188.00	188.00	186.00	183.00	182.00	182.00	181.00	180.00	179.00	175.00	173.00	172.00	174.00	176.00	177.00
186.00	183.00	180.00	175.00	172.00	170.00	169.00	170.00	175.00	177.00	179.00	181.00	181.00	180.00	179.00	178.00	178.00	180.00	182.00	185.00	187.00	192.00	196.00	198.00	199.00	200.00	199.00	196.00	193.00	190.00	187.00	185.00	184.00	183.00	183.00	182.00	181.00	179.00	177.00	176.00	175.00	174.00	172.00	170.00	170.00	169.00	168.00	166.00	159.00	159.00	164.00	170.00	176.00	182.00	184.00	186.00	188.00	187.00	183.00	180.00	178.00	183.00	187.00	191.00	197.00	199.00	199.00	197.00	195.00	191.00	183.00	180.00	178.00	176.00	174.00	168.00	166.00	165.00	164.00	173.00	178.00	182.00	183.00	181.00	171.00	164.00	167.00	172.00	178.00	180.00	182.00	184.00	184.00	186.00	187.00	189.00	193.00	194.00	195.00	194.00	194.00	194.00	195.00	195.00	194.00	193.00	188.00	188.00	189.00	191.00	195.00	203.00	206.00	207.00	207.00	201.00	193.00	191.00	189.00	191.00	195.00	196.00	197.00	196.00	192.00	187.00	181.00	173.00	176.00	185.00	186.00	186.00	190.00	198.00	199.00	199.00	197.00	195.00	196.00	196.00	196.00	193.00	183.00	178.00	174.00	169.00	165.00	155.00	150.00	150.00	151.00	153.00	154.00	156.00	158.00	162.00	171.00	177.00	181.00	184.00	182.00	180.00	177.00	176.00	178.00	180.00	182.00	183.00	184.00	179.00	176.00	174.00	172.00	176.00	181.00	185.00	189.00	191.00	191.00	186.00	181.00	174.00	160.00	158.00	161.00	167.00	173.00	174.00	167.00	160.00	161.00	175.00	181.00	187.00	193.00	198.00	206.00	209.00	211.00	212.00	212.00	212.00	210.00	205.00	200.00	193.00	196.00	202.00	208.00	216.00	218.00	219.00	221.00	222.00	222.00	220.00	218.00	216.00	209.00	204.00	199.00	194.00	195.00	206.00	212.00	215.00	214.00	201.00	191.00	188.00	193.00	202.00	202.00	203.00	205.00	204.00	189.00	185.00	182.00	183.00	185.00	189.00	192.00	192.00	189.00	185.00	185.00	186.00	188.00	190.00	187.00	182.00	177.00	177.00	189.00	193.00
186.00	183.00	180.00	175.00	172.00	170.00	169.00	170.00	175.00	177.00	179.00	181.00	181.00	180.00	179.00	178.00	178.00	180.00	182.00	185.00	187.00	192.00	196.00	198.00	199.00	200.00	199.00	196.00	193.00	190.00	187.00	185.00	184.00	183.00	183.00	182.00	181.00	179.00	177.00	176.00	175.00	174.00	172.00	170.00	170.00	169.00	168.00	166.00	159.00	159.00	164.00	170.00	176.00	182.00	184.00	186.00	188.00	187.00	183.00	180.00	178.00	183.00	187.00	191.00	197.00	199.00	199.00	197.00	195.00	191.00	183.00	180.00	178.00	176.00	174.00	168.00	166.00	165.00	164.00	173.00	178.00	182.00	183.00	181.00	171.00	164.00	167.00	172.00	178.00	180.00	182.00	184.00	184.00	186.00	187.00	189.00	193.00	194.00	195.00	194.00	194.00	194.00	195.00	195.00	194.00	193.00	188.00	188.00	189.00	191.00	195.00	203.00	206.00	207.00	207.00	201.00	193.00	191.00	189.00	191.00	195.00	196.00	197.00	196.00	192.00	187.00	181.00	173.00	176.00	185.00	186.00	186.00	190.00	198.00	199.00	199.00	197.00	195.00	196.00	196.00	196.00	193.00	183.00	178.00	174.00	169.00	165.00	155.00	150.00	150.00	151.00	153.00	154.00	156.00	158.00	162.00	171.00	177.00	181.00	184.00	182.00	180.00	177.00	176.00	178.00	180.00	182.00	183.00	184.00	179.00	176.00	174.00	172.00	176.00	181.00	185.00	189.00	191.00	191.00	186.00	181.00	174.00	160.00	158.00	161.00	167.00	173.00	174.00	167.00	160.00	161.00	175.00	181.00	187.00	193.00	198.00	206.00	209.00	211.00	212.00	212.00	212.00	210.00	205.00	200.00	193.00	196.00	202.00	208.00	216.00	218.00	219.00	221.00	222.00	222.00	220.00	218.00	216.00	209.00	204.00	199.00	194.00	195.00	206.00	212.00	215.00	214.00	201.00	191.00	188.00	193.00	202.00	202.00	203.00	205.00	204.00	189.00	185.00	182.00	183.00	185.00	189.00	192.00	192.00	189.00	185.00	185.00	186.00	188.00	190.00	187.00	182.00	177.00	177.00	189.00	193.00
165.00	165.00	166.00	166.00	166.00	168.00	171.00	174.00	181.00	182.00	183.00	183.00	184.00	185.00	185.00	185.00	185.00	187.00	189.00	191.00	192.00	193.00	194.00	194.00	194.00	195.00	197.00	198.00	198.00	198.00	197.00	195.00	192.00	185.00	178.00	176.00	173.00	172.00	172.00	170.00	169.00	168.00	167.00	165.00	165.00	165.00	164.00	161.00	155.00	154.00	157.00	160.00	164.00	168.00	170.00	173.00	174.00	175.00	175.00	174.00	173.00	177.00	181.00	185.00	191.00	193.00	194.00	194.00	193.00	191.00	186.00	185.00	185.00	184.00	182.00	166.00	162.00	160.00	162.00	171.00	174.00	175.00	174.00	172.00	166.00	163.00	167.00	170.00	175.00	175.00	175.00	176.00	179.00	184.00	188.00	192.00	197.00	199.00	198.00	197.00	196.00	194.00	194.00	195.00	196.00	197.00	195.00	195.00	194.00	194.00	196.00	200.00	202.00	203.00	203.00	199.00	193.00	189.00	185.00	182.00	186.00	192.00	195.00	198.00	198.00	196.00	192.00	180.00	173.00	171.00	176.00	181.00	186.00	194.00	196.00	196.00	194.00	190.00	185.00	186.00	185.00	179.00	162.00	157.00	153.00	151.00	150.00	152.00	158.00	161.00	164.00	167.00	166.00	165.00	166.00	167.00	173.00	179.00	186.00	198.00	200.00	199.00	196.00	192.00	184.00	182.00	183.00	185.00	189.00	192.00	190.00	187.00	183.00	178.00	178.00	180.00	184.00	187.00	193.00	196.00	194.00	191.00	181.00	177.00	174.00	176.00	180.00	187.00	184.00	178.00	164.00	165.00	171.00	178.00	183.00	187.00	194.00	197.00	199.00	200.00	192.00	190.00	188.00	186.00	185.00	185.00	189.00	194.00	200.00	210.00	213.00	219.00	221.00	222.00	224.00	225.00	224.00	222.00	212.00	205.00	200.00	199.00	209.00	220.00	222.00	221.00	215.00	198.00	189.00	185.00	190.00	200.00	206.00	206.00	206.00	203.00	190.00	185.00	184.00	182.00	184.00	194.00	201.00	203.00	203.00	201.00	200.00	200.00	200.00	198.00	188.00	181.00	177.00	176.00	188.00	195.00
165.00	165.00	166.00	166.00	166.00	168.00	171.00	174.00	181.00	182.00	183.00	183.00	184.00	185.00	185.00	185.00	185.00	187.00	189.00	191.00	192.00	193.00	194.00	194.00	194.00	195.00	197.00	198.00	198.00	198.00	197.00	195.00	192.00	185.00	178.00	176.00	173.00	172.00	172.00	170.00	169.00	168.00	167.00	165.00	165.00	165.00	164.00	161.00	155.00	154.00	157.00	160.00	164.00	168.00	170.00	173.00	174.00	175.00	175.00	174.00	173.00	177.00	181.00	185.00	191.00	193.00	194.00	194.00	193.00	191.00	186.00	185.00	185.00	184.00	182.00	166.00	162.00	160.00	162.00	171.00	174.00	175.00	174.00	172.00	166.00	163.00	167.00	170.00	175.00	175.00	175.00	176.00	179.00	184.00	188.00	192.00	197.00	199.00	198.00	197.00	196.00	194.00	194.00	195.00	196.00	197.00	195.00	195.00	194.00	194.00	196.00	200.00	202.00	203.00	203.00	199.00	193.00	189.00	185.00	182.00	186.00	192.00	195.00	198.00	198.00	196.00	192.00	180.00	173.00	171.00	176.00	181.00	186.00	194.00	196.00	196.00	194.00	190.00	185.00	186.00	185.00	179.00	162.00	157.00	153.00	151.00	150.00	152.00	158.00	161.00	164.00	167.00	166.00	165.00	166.00	167.00	173.00	179.00	186.00	198.00	200.00	199.00	196.00	192.00	184.00	182.00	183.00	185.00	189.00	192.00	190.00	187.00	183.00	178.00	178.00	180.00	184.00	187.00	193.00	196.00	194.00	191.00	181.00	177.00	174.00	176.00	180.00	187.00	184.00	178.00	164.00	165.00	171.00	178.00	183.00	187.00	194.00	197.00	199.00	200.00	192.00	190.00	188.00	186.00	185.00	185.00	189.00	194.00	200.00	210.00	213.00	219.00	221.00	222.00	224.00	225.00	224.00	222.00	212.00	205.00	200.00	199.00	209.00	220.00	222.00	221.00	215.00	198.00	189.00	185.00	190.00	200.00	206.00	206.00	206.00	203.00	190.00	185.00	184.00	182.00	184.00	194.00	201.00	203.00	203.00	201.00	200.00	200.00	200.00	198.00	188.00	181.00	177.00	176.00	188.00	195.00
170.00	165.00	164.00	162.00	163.00	163.00	166.00	169.00	177.00	179.00	181.00	183.00	187.00	187.00	187.00	186.00	185.00	185.00	185.00	185.00	186.00	188.00	192.00	193.00	194.00	197.00	198.00	198.00	199.00	200.00	198.00	195.00	192.00	184.00	176.00	173.00	170.00	169.00	168.00	168.00	169.00	170.00	169.00	166.00	165.00	164.00	164.00	165.00	164.00	161.00	157.00	153.00	152.00	157.00	159.00	161.00	161.00	160.00	161.00	164.00	167.00	172.00	175.00	178.00	180.00	181.00	183.00	185.00	185.00	182.00	179.00	179.00	180.00	180.00	179.00	164.00	161.00	162.00	167.00	177.00	178.00	177.00	172.00	165.00	154.00	160.00	165.00	170.00	176.00	177.00	179.00	180.00	182.00	185.00	187.00	191.00	197.00	201.00	201.00	200.00	196.00	191.00	185.00	186.00	189.00	192.00	190.00	187.00	186.00	187.00	190.00	198.00	201.00	203.00	203.00	202.00	198.00	196.00	193.00	190.00	182.00	179.00	179.00	181.00	185.00	186.00	185.00	179.00	173.00	161.00	161.00	165.00	172.00	184.00	187.00	190.00	191.00	189.00	170.00	163.00	158.00	154.00	150.00	152.00	155.00	159.00	162.00	166.00	167.00	171.00	175.00	183.00	181.00	177.00	172.00	168.00	168.00	172.00	177.00	188.00	197.00	198.00	200.00	201.00	198.00	195.00	191.00	188.00	187.00	193.00	194.00	194.00	191.00	185.00	183.00	181.00	182.00	184.00	191.00	197.00	200.00	202.00	201.00	201.00	199.00	199.00	199.00	200.00	199.00	197.00	188.00	179.00	178.00	178.00	179.00	180.00	184.00	186.00	189.00	186.00	178.00	182.00	187.00	191.00	195.00	203.00	207.00	210.00	213.00	218.00	220.00	225.00	228.00	229.00	229.00	229.00	228.00	225.00	217.00	213.00	211.00	211.00	220.00	226.00	227.00	227.00	223.00	208.00	199.00	194.00	193.00	199.00	201.00	202.00	203.00	204.00	199.00	196.00	189.00	181.00	181.00	191.00	200.00	204.00	207.00	208.00	206.00	204.00	202.00	200.00	190.00	179.00	172.00	171.00	186.00	193.00
170.00	165.00	164.00	162.00	163.00	163.00	166.00	169.00	177.00	179.00	181.00	183.00	187.00	187.00	187.00	186.00	185.00	185.00	185.00	185.00	186.00	188.00	192.00	193.00	194.00	197.00	198.00	198.00	199.00	200.00	198.00	195.00	192.00	184.00	176.00	173.00	170.00	169.00	168.00	168.00	169.00	170.00	169.00	166.00	165.00	164.00	164.00	165.00	164.00	161.00	157.00	153.00	152.00	157.00	159.00	161.00	161.00	160.00	161.00	164.00	167.00	172.00	175.00	178.00	180.00	181.00	183.00	185.00	185.00	182.00	179.00	179.00	180.00	180.00	179.00	164.00	161.00	162.00	167.00	177.00	178.00	177.00	172.00	165.00	154.00	160.00	165.00	170.00	176.00	177.00	179.00	180.00	182.00	185.00	187.00	191.00	197.00	201.00	201.00	200.00	196.00	191.00	185.00	186.00	189.00	192.00	190.00	187.00	186.00	187.00	190.00	198.00	201.00	203.00	203.00	202.00	198.00	196.00	193.00	190.00	182.00	179.00	179.00	181.00	185.00	186.00	185.00	179.00	173.00	161.00	161.00	165.00	172.00	184.00	187.00	190.00	191.00	189.00	170.00	163.00	158.00	154.00	150.00	152.00	155.00	159.00	162.00	166.00	167.00	171.00	175.00	183.00	181.00	177.00	172.00	168.00	168.00	172.00	177.00	188.00	197.00	198.00	200.00	201.00	198.00	195.00	191.00	188.00	187.00	193.00	194.00	194.00	191.00	185.00	183.00	181.00	182.00	184.00	191.00	197.00	200.00	202.00	201.00	201.00	199.00	199.00	199.00	200.00	199.00	197.00	188.00	179.00	178.00	178.00	179.00	180.00	184.00	186.00	189.00	186.00	178.00	182.00	187.00	191.00	195.00	203.00	207.00	210.00	213.00	218.00	220.00	225.00	228.00	229.00	229.00	229.00	228.00	225.00	217.00	213.00	211.00	211.00	220.00	226.00	227.00	227.00	223.00	208.00	199.00	194.00	193.00	199.00	201.00	202.00	203.00	204.00	199.00	196.00	189.00	181.00	181.00	191.00	200.00	204.00	207.00	208.00	206.00	204.00	202.00	200.00	190.00	179.00	172.00	171.00	186.00	193.00
181.00	177.00	175.00	173.00	174.00	176.00	177.00	177.00	174.00	173.00	173.00	174.00	175.00	176.00	177.00	178.00	178.00	180.00	181.00	181.00	181.00	183.00	184.00	185.00	187.00	192.00	195.00	197.00	199.00	200.00	201.00	200.00	197.00	190.00	183.00	181.00	180.00	179.00	177.00	178.00	180.00	181.00	181.00	178.00	177.00	177.00	176.00	176.00	176.00	176.00	174.00	171.00	159.00	152.00	152.00	154.00	155.00	156.00	159.00	161.00	163.00	166.00	168.00	171.00	173.00	172.00	172.00	172.00	172.00	170.00	170.00	172.00	173.00	172.00	171.00	165.00	162.00	164.00	170.00	177.00	177.00	173.00	167.00	159.00	151.00	161.00	168.00	173.00	182.00	185.00	187.00	188.00	188.00	190.00	191.00	193.00	197.00	201.00	202.00	202.00	200.00	196.00	185.00	182.00	182.00	184.00	183.00	180.00	178.00	179.00	182.00	189.00	192.00	196.00	199.00	200.00	197.00	197.00	198.00	197.00	194.00	192.00	190.00	187.00	183.00	181.00	180.00	176.00	174.00	169.00	166.00	162.00	162.00	166.00	169.00	173.00	177.00	179.00	167.00	157.00	149.00	145.00	149.00	154.00	160.00	166.00	170.00	174.00	170.00	172.00	177.00	189.00	193.00	194.00	193.00	189.00	181.00	179.00	179.00	183.00	191.00	193.00	196.00	197.00	199.00	199.00	198.00	197.00	194.00	190.00	193.00	195.00	196.00	195.00	193.00	190.00	186.00	184.00	187.00	194.00	198.00	202.00	206.00	206.00	206.00	206.00	206.00	207.00	207.00	208.00	206.00	204.00	203.00	202.00	201.00	199.00	197.00	197.00	196.00	196.00	200.00	203.00	206.00	209.00	211.00	212.00	213.00	214.00	216.00	220.00	222.00	226.00	229.00	230.00	229.00	228.00	227.00	224.00	219.00	218.00	217.00	218.00	222.00	223.00	222.00	220.00	218.00	210.00	204.00	198.00	194.00	195.00	198.00	200.00	204.00	205.00	205.00	203.00	201.00	199.00	197.00	197.00	199.00	200.00	201.00	201.00	200.00	198.00	195.00	192.00	184.00	175.00	168.00	165.00	181.00	190.00
181.00	177.00	175.00	173.00	174.00	176.00	177.00	177.00	174.00	173.00	173.00	174.00	175.00	176.00	177.00	178.00	178.00	180.00	181.00	181.00	181.00	183.00	184.00	185.00	187.00	192.00	195.00	197.00	199.00	200.00	201.00	200.00	197.00	190.00	183.00	181.00	180.00	179.00	177.00	178.00	180.00	181.00	181.00	178.00	177.00	177.00	176.00	176.00	176.00	176.00	174.00	171.00	159.00	152.00	152.00	154.00	155.00	156.00	159.00	161.00	163.00	166.00	168.00	171.00	173.00	172.00	172.00	172.00	172.00	170.00	170.00	172.00	173.00	172.00	171.00	165.00	162.00	164.00	170.00	177.00	177.00	173.00	167.00	159.00	151.00	161.00	168.00	173.00	182.00	185.00	187.00	188.00	188.00	190.00	191.00	193.00	197.00	201.00	202.00	202.00	200.00	196.00	185.00	182.00	182.00	184.00	183.00	180.00	178.00	179.00	182.00	189.00	192.00	196.00	199.00	200.00	197.00	197.00	198.00	197.00	194.00	192.00	190.00	187.00	183.00	181.00	180.00	176.00	174.00	169.00	166.00	162.00	162.00	166.00	169.00	173.00	177.00	179.00	167.00	157.00	149.00	145.00	149.00	154.00	160.00	166.00	170.00	174.00	170.00	172.00	177.00	189.00	193.00	194.00	193.00	189.00	181.00	179.00	179.00	183.00	191.00	193.00	196.00	197.00	199.00	199.00	198.00	197.00	194.00	190.00	193.00	195.00	196.00	195.00	193.00	190.00	186.00	184.00	187.00	194.00	198.00	202.00	206.00	206.00	206.00	206.00	206.00	207.00	207.00	208.00	206.00	204.00	203.00	202.00	201.00	199.00	197.00	197.00	196.00	196.00	200.00	203.00	206.00	209.00	211.00	212.00	213.00	214.00	216.00	220.00	222.00	226.00	229.00	230.00	229.00	228.00	227.00	224.00	219.00	218.00	217.00	218.00	222.00	223.00	222.00	220.00	218.00	210.00	204.00	198.00	194.00	195.00	198.00	200.00	204.00	205.00	205.00	203.00	201.00	199.00	197.00	197.00	199.00	200.00	201.00	201.00	200.00	198.00	195.00	192.00	184.00	175.00	168.00	165.00	181.00	190.00
181.00	177.00	175.00	173.00	174.00	176.00	177.00	177.00	174.00	173.00	173.00	174.00	175.00	176.00	177.00	178.00	178.00	180.00	181.00	181.00	181.00	183.00	184.00	185.00	187.00	192.00	195.00	197.00	199.00	200.00	201.00	200.00	197.00	190.00	183.00	181.00	180.00	179.00	177.00	178.00	180.00	181.00	181.00	178.00	177.00	177.00	176.00	176.00	176.00	176.00	174.00	171.00	159.00	152.00	152.00	154.00	155.00	156.00	159.00	161.00	163.00	166.00	168.00	171.00	173.00	172.00	172.00	172.00	172.00	170.00	170.00	172.00	173.00	172.00	171.00	165.00	162.00	164.00	170.00	177.00	177.00	173.00	167.00	159.00	151.00	161.00	168.00	173.00	182.00	185.00	187.00	188.00	188.00	190.00	191.00	193.00	197.00	201.00	202.00	202.00	200.00	196.00	185.00	182.00	182.00	184.00	183.00	180.00	178.00	179.00	182.00	189.00	192.00	196.00	199.00	200.00	197.00	197.00	198.00	197.00	194.00	192.00	190.00	187.00	183.00	181.00	180.00	176.00	174.00	169.00	166.00	162.00	162.00	166.00	169.00	173.00	177.00	179.00	167.00	157.00	149.00	145.00	149.00	154.00	160.00	166.00	170.00	174.00	170.00	172.00	177.00	189.00	193.00	194.00	193.00	189.00	181.00	179.00	179.00	183.00	191.00	193.00	196.00	197.00	199.00	199.00	198.00	197.00	194.00	190.00	193.00	195.00	196.00	195.00	193.00	190.00	186.00	184.00	187.00	194.00	198.00	202.00	206.00	206.00	206.00	206.00	206.00	207.00	207.00	208.00	206.00	204.00	203.00	202.00	201.00	199.00	197.00	197.00	196.00	196.00	200.00	203.00	206.00	209.00	211.00	212.00	213.00	214.00	216.00	220.00	222.00	226.00	229.00	230.00	229.00	228.00	227.00	224.00	219.00	218.00	217.00	218.00	222.00	223.00	222.00	220.00	218.00	210.00	204.00	198.00	194.00	195.00	198.00	200.00	204.00	205.00	205.00	203.00	201.00	199.00	197.00	197.00	199.00	200.00	201.00	201.00	200.00	198.00	195.00	192.00	184.00	175.00	168.00	165.00	181.00	190.00
188.00	181.00	179.00	177.00	178.00	180.00	183.00	185.00	183.00	182.00	181.00	181.00	183.00	183.00	181.00	179.00	179.00	183.00	184.00	186.00	188.00	192.00	193.00	192.00	192.00	194.00	195.00	196.00	197.00	197.00	195.00	194.00	193.00	191.00	191.00	191.00	190.00	189.00	189.00	188.00	187.00	187.00	187.00	186.00	184.00	183.00	181.00	179.00	176.00	176.00	175.00	174.00	170.00	160.00	154.00	151.00	152.00	162.00	165.00	167.00	168.00	168.00	169.00	169.00	171.00	171.00	170.00	169.00	168.00	167.00	163.00	163.00	164.00	165.00	164.00	157.00	155.00	158.00	162.00	169.00	170.00	168.00	164.00	159.00	154.00	162.00	167.00	171.00	175.00	176.00	178.00	180.00	183.00	190.00	195.00	199.00	202.00	201.00	199.00	198.00	195.00	192.00	185.00	181.00	180.00	180.00	181.00	180.00	178.00	178.00	180.00	186.00	188.00	190.00	192.00	193.00	187.00	187.00	188.00	190.00	192.00	192.00	191.00	191.00	190.00	189.00	189.00	188.00	188.00	184.00	182.00	180.00	177.00	168.00	164.00	160.00	161.00	162.00	158.00	153.00	149.00	149.00	162.00	169.00	173.00	174.00	176.00	181.00	180.00	177.00	175.00	181.00	187.00	193.00	197.00	199.00	197.00	195.00	192.00	184.00	186.00	188.00	191.00	194.00	199.00	201.00	202.00	203.00	203.00	199.00	200.00	200.00	200.00	199.00	198.00	198.00	197.00	196.00	196.00	201.00	204.00	205.00	208.00	209.00	209.00	209.00	210.00	211.00	211.00	212.00	212.00	210.00	210.00	212.00	213.00	213.00	211.00	209.00	205.00	202.00	204.00	207.00	210.00	214.00	217.00	221.00	222.00	223.00	224.00	225.00	225.00	225.00	225.00	225.00	225.00	225.00	225.00	223.00	222.00	223.00	225.00	226.00	227.00	224.00	219.00	214.00	210.00	212.00	217.00	219.00	218.00	214.00	193.00	195.00	200.00	205.00	209.00	210.00	210.00	209.00	207.00	202.00	201.00	201.00	202.00	202.00	201.00	199.00	196.00	192.00	179.00	173.00	173.00	169.00	181.00	188.00
186.00	179.00	174.00	170.00	172.00	175.00	179.00	182.00	188.00	188.00	188.00	189.00	189.00	188.00	188.00	189.00	189.00	189.00	189.00	188.00	188.00	189.00	189.00	189.00	188.00	188.00	188.00	188.00	188.00	188.00	189.00	189.00	190.00	192.00	194.00	194.00	193.00	190.00	188.00	184.00	183.00	183.00	184.00	188.00	188.00	189.00	189.00	188.00	185.00	183.00	182.00	180.00	178.00	173.00	168.00	163.00	157.00	152.00	155.00	160.00	164.00	168.00	169.00	169.00	167.00	167.00	169.00	170.00	170.00	169.00	165.00	164.00	164.00	164.00	162.00	149.00	147.00	150.00	154.00	161.00	163.00	162.00	160.00	157.00	150.00	149.00	152.00	155.00	161.00	163.00	166.00	168.00	170.00	174.00	177.00	181.00	187.00	192.00	193.00	193.00	190.00	185.00	175.00	173.00	176.00	180.00	186.00	186.00	185.00	185.00	187.00	190.00	191.00	191.00	190.00	184.00	178.00	177.00	177.00	177.00	179.00	180.00	181.00	182.00	186.00	188.00	189.00	190.00	190.00	188.00	187.00	185.00	182.00	173.00	167.00	161.00	155.00	151.00	145.00	146.00	148.00	154.00	169.00	176.00	180.00	182.00	183.00	186.00	188.00	189.00	190.00	190.00	191.00	193.00	196.00	198.00	200.00	199.00	197.00	194.00	195.00	195.00	196.00	198.00	200.00	202.00	204.00	205.00	207.00	209.00	210.00	211.00	212.00	212.00	212.00	212.00	211.00	211.00	212.00	212.00	213.00	214.00	215.00	215.00	215.00	215.00	215.00	215.00	214.00	214.00	214.00	213.00	213.00	214.00	215.00	217.00	219.00	219.00	219.00	217.00	211.00	212.00	214.00	217.00	220.00	227.00	231.00	234.00	236.00	239.00	241.00	240.00	239.00	238.00	236.00	235.00	233.00	230.00	225.00	223.00	222.00	221.00	220.00	215.00	211.00	209.00	212.00	223.00	229.00	232.00	234.00	233.00	197.00	191.00	192.00	197.00	206.00	209.00	211.00	212.00	211.00	210.00	211.00	211.00	209.00	206.00	205.00	203.00	200.00	194.00	180.00	175.00	173.00	180.00	192.00	197.00
186.00	179.00	174.00	170.00	172.00	175.00	179.00	182.00	188.00	188.00	188.00	189.00	189.00	188.00	188.00	189.00	189.00	189.00	189.00	188.00	188.00	189.00	189.00	189.00	188.00	188.00	188.00	188.00	188.00	188.00	189.00	189.00	190.00	192.00	194.00	194.00	193.00	190.00	188.00	184.00	183.00	183.00	184.00	188.00	188.00	189.00	189.00	188.00	185.00	183.00	182.00	180.00	178.00	173.00	168.00	163.00	157.00	152.00	155.00	160.00	164.00	168.00	169.00	169.00	167.00	167.00	169.00	170.00	170.00	169.00	165.00	164.00	164.00	164.00	162.00	149.00	147.00	150.00	154.00	161.00	163.00	162.00	160.00	157.00	150.00	149.00	152.00	155.00	161.00	163.00	166.00	168.00	170.00	174.00	177.00	181.00	187.00	192.00	193.00	193.00	190.00	185.00	175.00	173.00	176.00	180.00	186.00	186.00	185.00	185.00	187.00	190.00	191.00	191.00	190.00	184.00	178.00	177.00	177.00	177.00	179.00	180.00	181.00	182.00	186.00	188.00	189.00	190.00	190.00	188.00	187.00	185.00	182.00	173.00	167.00	161.00	155.00	151.00	145.00	146.00	148.00	154.00	169.00	176.00	180.00	182.00	183.00	186.00	188.00	189.00	190.00	190.00	191.00	193.00	196.00	198.00	200.00	199.00	197.00	194.00	195.00	195.00	196.00	198.00	200.00	202.00	204.00	205.00	207.00	209.00	210.00	211.00	212.00	212.00	212.00	212.00	211.00	211.00	212.00	212.00	213.00	214.00	215.00	215.00	215.00	215.00	215.00	215.00	214.00	214.00	214.00	213.00	213.00	214.00	215.00	217.00	219.00	219.00	219.00	217.00	211.00	212.00	214.00	217.00	220.00	227.00	231.00	234.00	236.00	239.00	241.00	240.00	239.00	238.00	236.00	235.00	233.00	230.00	225.00	223.00	222.00	221.00	220.00	215.00	211.00	209.00	212.00	223.00	229.00	232.00	234.00	233.00	197.00	191.00	192.00	197.00	206.00	209.00	211.00	212.00	211.00	210.00	211.00	211.00	209.00	206.00	205.00	203.00	200.00	194.00	180.00	175.00	173.00	180.00	192.00	197.00
186.00	179.00	174.00	170.00	172.00	175.00	179.00	182.00	188.00	188.00	188.00	189.00	189.00	188.00	188.00	189.00	189.00	189.00	189.00	188.00	188.00	189.00	189.00	189.00	188.00	188.00	188.00	188.00	188.00	188.00	189.00	189.00	190.00	192.00	194.00	194.00	193.00	190.00	188.00	184.00	183.00	183.00	184.00	188.00	188.00	189.00	189.00	188.00	185.00	183.00	182.00	180.00	178.00	173.00	168.00	163.00	157.00	152.00	155.00	160.00	164.00	168.00	169.00	169.00	167.00	167.00	169.00	170.00	170.00	169.00	165.00	164.00	164.00	164.00	162.00	149.00	147.00	150.00	154.00	161.00	163.00	162.00	160.00	157.00	150.00	149.00	152.00	155.00	161.00	163.00	166.00	168.00	170.00	174.00	177.00	181.00	187.00	192.00	193.00	193.00	190.00	185.00	175.00	173.00	176.00	180.00	186.00	186.00	185.00	185.00	187.00	190.00	191.00	191.00	190.00	184.00	178.00	177.00	177.00	177.00	179.00	180.00	181.00	182.00	186.00	188.00	189.00	190.00	190.00	188.00	187.00	185.00	182.00	173.00	167.00	161.00	155.00	151.00	145.00	146.00	148.00	154.00	169.00	176.00	180.00	182.00	183.00	186.00	188.00	189.00	190.00	190.00	191.00	193.00	196.00	198.00	200.00	199.00	197.00	194.00	195.00	195.00	196.00	198.00	200.00	202.00	204.00	205.00	207.00	209.00	210.00	211.00	212.00	212.00	212.00	212.00	211.00	211.00	212.00	212.00	213.00	214.00	215.00	215.00	215.00	215.00	215.00	215.00	214.00	214.00	214.00	213.00	213.00	214.00	215.00	217.00	219.00	219.00	219.00	217.00	211.00	212.00	214.00	217.00	220.00	227.00	231.00	234.00	236.00	239.00	241.00	240.00	239.00	238.00	236.00	235.00	233.00	230.00	225.00	223.00	222.00	221.00	220.00	215.00	211.00	209.00	212.00	223.00	229.00	232.00	234.00	233.00	197.00	191.00	192.00	197.00	206.00	209.00	211.00	212.00	211.00	210.00	211.00	211.00	209.00	206.00	205.00	203.00	200.00	194.00	180.00	175.00	173.00	180.00	192.00	197.00
186.00	179.00	174.00	170.00	172.00	175.00	179.00	182.00	188.00	188.00	188.00	189.00	189.00	188.00	188.00	189.00	189.00	189.00	189.00	188.00	188.00	189.00	189.00	189.00	188.00	188.00	188.00	188.00	188.00	188.00	189.00	189.00	190.00	192.00	194.00	194.00	193.00	190.00	188.00	184.00	183.00	183.00	184.00	188.00	188.00	189.00	189.00	188.00	185.00	183.00	182.00	180.00	178.00	173.00	168.00	163.00	157.00	152.00	155.00	160.00	164.00	168.00	169.00	169.00	167.00	167.00	169.00	170.00	170.00	169.00	165.00	164.00	164.00	164.00	162.00	149.00	147.00	150.00	154.00	161.00	163.00	162.00	160.00	157.00	150.00	149.00	152.00	155.00	161.00	163.00	166.00	168.00	170.00	174.00	177.00	181.00	187.00	192.00	193.00	193.00	190.00	185.00	175.00	173.00	176.00	180.00	186.00	186.00	185.00	185.00	187.00	190.00	191.00	191.00	190.00	184.00	178.00	177.00	177.00	177.00	179.00	180.00	181.00	182.00	186.00	188.00	189.00	190.00	190.00	188.00	187.00	185.00	182.00	173.00	167.00	161.00	155.00	151.00	145.00	146.00	148.00	154.00	169.00	176.00	180.00	182.00	183.00	186.00	188.00	189.00	190.00	190.00	191.00	193.00	196.00	198.00	200.00	199.00	197.00	194.00	195.00	195.00	196.00	198.00	200.00	202.00	204.00	205.00	207.00	209.00	210.00	211.00	212.00	212.00	212.00	212.00	211.00	211.00	212.00	212.00	213.00	214.00	215.00	215.00	215.00	215.00	215.00	215.00	214.00	214.00	214.00	213.00	213.00	214.00	215.00	217.00	219.00	219.00	219.00	217.00	211.00	212.00	214.00	217.00	220.00	227.00	231.00	234.00	236.00	239.00	241.00	240.00	239.00	238.00	236.00	235.00	233.00	230.00	225.00	223.00	222.00	221.00	220.00	215.00	211.00	209.00	212.00	223.00	229.00	232.00	234.00	233.00	197.00	191.00	192.00	197.00	206.00	209.00	211.00	212.00	211.00	210.00	211.00	211.00	209.00	206.00	205.00	203.00	200.00	194.00	180.00	175.00	173.00	180.00	192.00	197.00
190.00	182.00	176.00	169.00	169.00	173.00	177.00	181.00	186.00	188.00	190.00	192.00	192.00	191.00	188.00	187.00	186.00	189.00	189.00	190.00	191.00	192.00	192.00	191.00	190.00	190.00	189.00	188.00	188.00	186.00	184.00	183.00	182.00	182.00	183.00	183.00	184.00	183.00	181.00	174.00	173.00	176.00	179.00	177.00	177.00	181.00	184.00	187.00	189.00	189.00	189.00	188.00	187.00	183.00	181.00	177.00	173.00	157.00	153.00	152.00	155.00	161.00	163.00	163.00	163.00	163.00	162.00	162.00	163.00	164.00	164.00	163.00	163.00	162.00	160.00	148.00	147.00	152.00	158.00	166.00	168.00	167.00	165.00	160.00	149.00	143.00	146.00	150.00	155.00	156.00	157.00	157.00	157.00	159.00	160.00	162.00	167.00	170.00	172.00	172.00	172.00	171.00	167.00	170.00	176.00	181.00	186.00	184.00	182.00	183.00	186.00	191.00	191.00	189.00	187.00	184.00	182.00	182.00	181.00	179.00	176.00	176.00	176.00	176.00	174.00	173.00	172.00	172.00	173.00	175.00	175.00	176.00	175.00	173.00	170.00	165.00	158.00	150.00	138.00	139.00	143.00	149.00	163.00	169.00	174.00	176.00	179.00	184.00	187.00	189.00	191.00	196.00	197.00	198.00	198.00	198.00	197.00	196.00	196.00	197.00	198.00	199.00	200.00	201.00	203.00	205.00	206.00	207.00	205.00	204.00	207.00	208.00	208.00	207.00	208.00	210.00	211.00	212.00	213.00	213.00	213.00	212.00	210.00	211.00	211.00	212.00	214.00	217.00	217.00	218.00	218.00	219.00	219.00	219.00	220.00	222.00	224.00	224.00	223.00	223.00	220.00	220.00	222.00	224.00	227.00	232.00	234.00	236.00	238.00	241.00	242.00	242.00	242.00	241.00	238.00	239.00	240.00	240.00	239.00	238.00	237.00	235.00	232.00	226.00	221.00	218.00	217.00	221.00	224.00	227.00	228.00	228.00	196.00	187.00	183.00	181.00	185.00	189.00	192.00	195.00	197.00	205.00	214.00	216.00	216.00	212.00	209.00	204.00	200.00	193.00	184.00	180.00	178.00	183.00	191.00	195.00
190.00	182.00	176.00	169.00	169.00	173.00	177.00	181.00	186.00	188.00	190.00	192.00	192.00	191.00	188.00	187.00	186.00	189.00	189.00	190.00	191.00	192.00	192.00	191.00	190.00	190.00	189.00	188.00	188.00	186.00	184.00	183.00	182.00	182.00	183.00	183.00	184.00	183.00	181.00	174.00	173.00	176.00	179.00	177.00	177.00	181.00	184.00	187.00	189.00	189.00	189.00	188.00	187.00	183.00	181.00	177.00	173.00	157.00	153.00	152.00	155.00	161.00	163.00	163.00	163.00	163.00	162.00	162.00	163.00	164.00	164.00	163.00	163.00	162.00	160.00	148.00	147.00	152.00	158.00	166.00	168.00	167.00	165.00	160.00	149.00	143.00	146.00	150.00	155.00	156.00	157.00	157.00	157.00	159.00	160.00	162.00	167.00	170.00	172.00	172.00	172.00	171.00	167.00	170.00	176.00	181.00	186.00	184.00	182.00	183.00	186.00	191.00	191.00	189.00	187.00	184.00	182.00	182.00	181.00	179.00	176.00	176.00	176.00	176.00	174.00	173.00	172.00	172.00	173.00	175.00	175.00	176.00	175.00	173.00	170.00	165.00	158.00	150.00	138.00	139.00	143.00	149.00	163.00	169.00	174.00	176.00	179.00	184.00	187.00	189.00	191.00	196.00	197.00	198.00	198.00	198.00	197.00	196.00	196.00	197.00	198.00	199.00	200.00	201.00	203.00	205.00	206.00	207.00	205.00	204.00	207.00	208.00	208.00	207.00	208.00	210.00	211.00	212.00	213.00	213.00	213.00	212.00	210.00	211.00	211.00	212.00	214.00	217.00	217.00	218.00	218.00	219.00	219.00	219.00	220.00	222.00	224.00	224.00	223.00	223.00	220.00	220.00	222.00	224.00	227.00	232.00	234.00	236.00	238.00	241.00	242.00	242.00	242.00	241.00	238.00	239.00	240.00	240.00	239.00	238.00	237.00	235.00	232.00	226.00	221.00	218.00	217.00	221.00	224.00	227.00	228.00	228.00	196.00	187.00	183.00	181.00	185.00	189.00	192.00	195.00	197.00	205.00	214.00	216.00	216.00	212.00	209.00	204.00	200.00	193.00	184.00	180.00	178.00	183.00	191.00	195.00
190.00	182.00	176.00	171.00	171.00	171.00	172.00	175.00	180.00	183.00	185.00	186.00	188.00	187.00	187.00	187.00	187.00	187.00	190.00	192.00	195.00	197.00	198.00	197.00	195.00	191.00	189.00	189.00	191.00	192.00	191.00	190.00	188.00	183.00	178.00	177.00	177.00	178.00	178.00	174.00	172.00	174.00	177.00	176.00	173.00	172.00	175.00	179.00	184.00	184.00	183.00	182.00	179.00	176.00	173.00	170.00	166.00	161.00	157.00	154.00	150.00	150.00	150.00	152.00	155.00	155.00	156.00	156.00	157.00	157.00	157.00	157.00	157.00	157.00	155.00	148.00	148.00	152.00	158.00	167.00	169.00	170.00	170.00	169.00	160.00	147.00	145.00	147.00	158.00	160.00	160.00	161.00	161.00	162.00	162.00	161.00	160.00	162.00	164.00	166.00	167.00	165.00	159.00	162.00	167.00	170.00	176.00	178.00	179.00	181.00	184.00	190.00	192.00	192.00	193.00	193.00	191.00	191.00	189.00	187.00	185.00	185.00	185.00	184.00	182.00	180.00	178.00	174.00	172.00	170.00	169.00	167.00	165.00	161.00	158.00	153.00	148.00	141.00	138.00	146.00	151.00	155.00	159.00	159.00	161.00	164.00	168.00	175.00	181.00	184.00	187.00	191.00	190.00	188.00	187.00	185.00	186.00	187.00	188.00	192.00	197.00	198.00	199.00	200.00	201.00	201.00	200.00	198.00	196.00	195.00	198.00	200.00	200.00	199.00	199.00	200.00	199.00	198.00	198.00	196.00	196.00	197.00	203.00	206.00	208.00	210.00	212.00	215.00	216.00	217.00	219.00	220.00	221.00	222.00	224.00	226.00	229.00	230.00	230.00	230.00	228.00	228.00	229.00	229.00	230.00	231.00	232.00	231.00	232.00	233.00	233.00	232.00	229.00	225.00	223.00	226.00	229.00	232.00	235.00	237.00	238.00	239.00	241.00	241.00	241.00	240.00	239.00	238.00	238.00	238.00	237.00	236.00	210.00	203.00	199.00	196.00	192.00	191.00	191.00	192.00	195.00	203.00	210.00	211.00	212.00	213.00	211.00	206.00	200.00	194.00	188.00	187.00	188.00	195.00	199.00	202.00
190.00	182.00	176.00	171.00	171.00	171.00	172.00	175.00	180.00	183.00	185.00	186.00	188.00	187.00	187.00	187.00	187.00	187.00	190.00	192.00	195.00	197.00	198.00	197.00	195.00	191.00	189.00	189.00	191.00	192.00	191.00	190.00	188.00	183.00	178.00	177.00	177.00	178.00	178.00	174.00	172.00	174.00	177.00	176.00	173.00	172.00	175.00	179.00	184.00	184.00	183.00	182.00	179.00	176.00	173.00	170.00	166.00	161.00	157.00	154.00	150.00	150.00	150.00	152.00	155.00	155.00	156.00	156.00	157.00	157.00	157.00	157.00	157.00	157.00	155.00	148.00	148.00	152.00	158.00	167.00	169.00	170.00	170.00	169.00	160.00	147.00	145.00	147.00	158.00	160.00	160.00	161.00	161.00	162.00	162.00	161.00	160.00	162.00	164.00	166.00	167.00	165.00	159.00	162.00	167.00	170.00	176.00	178.00	179.00	181.00	184.00	190.00	192.00	192.00	193.00	193.00	191.00	191.00	189.00	187.00	185.00	185.00	185.00	184.00	182.00	180.00	178.00	174.00	172.00	170.00	169.00	167.00	165.00	161.00	158.00	153.00	148.00	141.00	138.00	146.00	151.00	155.00	159.00	159.00	161.00	164.00	168.00	175.00	181.00	184.00	187.00	191.00	190.00	188.00	187.00	185.00	186.00	187.00	188.00	192.00	197.00	198.00	199.00	200.00	201.00	201.00	200.00	198.00	196.00	195.00	198.00	200.00	200.00	199.00	199.00	200.00	199.00	198.00	198.00	196.00	196.00	197.00	203.00	206.00	208.00	210.00	212.00	215.00	216.00	217.00	219.00	220.00	221.00	222.00	224.00	226.00	229.00	230.00	230.00	230.00	228.00	228.00	229.00	229.00	230.00	231.00	232.00	231.00	232.00	233.00	233.00	232.00	229.00	225.00	223.00	226.00	229.00	232.00	235.00	237.00	238.00	239.00	241.00	241.00	241.00	240.00	239.00	238.00	238.00	238.00	237.00	236.00	210.00	203.00	199.00	196.00	192.00	191.00	191.00	192.00	195.00	203.00	210.00	211.00	212.00	213.00	211.00	206.00	200.00	194.00	188.00	187.00	188.00	195.00	199.00	202.00
189.00	178.00	172.00	171.00	175.00	178.00	180.00	180.00	176.00	174.00	172.00	171.00	172.00	175.00	178.00	182.00	184.00	188.00	191.00	194.00	197.00	203.00	202.00	199.00	196.00	190.00	186.00	183.00	180.00	181.00	185.00	186.00	188.00	187.00	183.00	181.00	178.00	177.00	176.00	171.00	170.00	171.00	173.00	178.00	177.00	176.00	172.00	170.00	169.00	169.00	166.00	164.00	160.00	159.00	158.00	156.00	155.00	155.00	157.00	158.00	158.00	155.00	155.00	154.00	152.00	152.00	150.00	148.00	146.00	146.00	147.00	147.00	148.00	149.00	150.00	147.00	147.00	151.00	156.00	162.00	164.00	165.00	165.00	165.00	161.00	152.00	147.00	147.00	159.00	165.00	169.00	171.00	173.00	173.00	173.00	171.00	170.00	170.00	171.00	171.00	171.00	169.00	159.00	156.00	157.00	160.00	166.00	167.00	168.00	170.00	175.00	184.00	187.00	188.00	191.00	196.00	194.00	194.00	194.00	194.00	193.00	191.00	190.00	188.00	182.00	179.00	177.00	174.00	174.00	176.00	176.00	176.00	175.00	169.00	164.00	159.00	153.00	147.00	145.00	153.00	162.00	169.00	174.00	173.00	169.00	166.00	165.00	167.00	173.00	176.00	179.00	182.00	182.00	181.00	179.00	178.00	175.00	175.00	176.00	182.00	187.00	189.00	190.00	189.00	189.00	192.00	194.00	194.00	191.00	187.00	189.00	190.00	188.00	182.00	183.00	184.00	185.00	186.00	192.00	197.00	200.00	203.00	208.00	210.00	212.00	215.00	217.00	218.00	217.00	218.00	215.00	213.00	214.00	216.00	218.00	221.00	225.00	227.00	227.00	228.00	228.00	228.00	227.00	225.00	223.00	226.00	227.00	228.00	228.00	226.00	224.00	217.00	212.00	213.00	220.00	224.00	227.00	229.00	230.00	231.00	232.00	234.00	236.00	237.00	237.00	238.00	239.00	240.00	241.00	242.00	243.00	245.00	224.00	221.00	219.00	217.00	214.00	213.00	212.00	212.00	212.00	213.00	214.00	214.00	213.00	210.00	207.00	202.00	197.00	194.00	193.00	196.00	199.00	202.00	201.00	201.00
189.00	178.00	172.00	171.00	175.00	178.00	180.00	180.00	176.00	174.00	172.00	171.00	172.00	175.00	178.00	182.00	184.00	188.00	191.00	194.00	197.00	203.00	202.00	199.00	196.00	190.00	186.00	183.00	180.00	181.00	185.00	186.00	188.00	187.00	183.00	181.00	178.00	177.00	176.00	171.00	170.00	171.00	173.00	178.00	177.00	176.00	172.00	170.00	169.00	169.00	166.00	164.00	160.00	159.00	158.00	156.00	155.00	155.00	157.00	158.00	158.00	155.00	155.00	154.00	152.00	152.00	150.00	148.00	146.00	146.00	147.00	147.00	148.00	149.00	150.00	147.00	147.00	151.00	156.00	162.00	164.00	165.00	165.00	165.00	161.00	152.00	147.00	147.00	159.00	165.00	169.00	171.00	173.00	173.00	173.00	171.00	170.00	170.00	171.00	171.00	171.00	169.00	159.00	156.00	157.00	160.00	166.00	167.00	168.00	170.00	175.00	184.00	187.00	188.00	191.00	196.00	194.00	194.00	194.00	194.00	193.00	191.00	190.00	188.00	182.00	179.00	177.00	174.00	174.00	176.00	176.00	176.00	175.00	169.00	164.00	159.00	153.00	147.00	145.00	153.00	162.00	169.00	174.00	173.00	169.00	166.00	165.00	167.00	173.00	176.00	179.00	182.00	182.00	181.00	179.00	178.00	175.00	175.00	176.00	182.00	187.00	189.00	190.00	189.00	189.00	192.00	194.00	194.00	191.00	187.00	189.00	190.00	188.00	182.00	183.00	184.00	185.00	186.00	192.00	197.00	200.00	203.00	208.00	210.00	212.00	215.00	217.00	218.00	217.00	218.00	215.00	213.00	214.00	216.00	218.00	221.00	225.00	227.00	227.00	228.00	228.00	228.00	227.00	225.00	223.00	226.00	227.00	228.00	228.00	226.00	224.00	217.00	212.00	213.00	220.00	224.00	227.00	229.00	230.00	231.00	232.00	234.00	236.00	237.00	237.00	238.00	239.00	240.00	241.00	242.00	243.00	245.00	224.00	221.00	219.00	217.00	214.00	213.00	212.00	212.00	212.00	213.00	214.00	214.00	213.00	210.00	207.00	202.00	197.00	194.00	193.00	196.00	199.00	202.00	201.00	201.00
189.00	178.00	172.00	171.00	175.00	178.00	180.00	180.00	176.00	174.00	172.00	171.00	172.00	175.00	178.00	182.00	184.00	188.00	191.00	194.00	197.00	203.00	202.00	199.00	196.00	190.00	186.00	183.00	180.00	181.00	185.00	186.00	188.00	187.00	183.00	181.00	178.00	177.00	176.00	171.00	170.00	171.00	173.00	178.00	177.00	176.00	172.00	170.00	169.00	169.00	166.00	164.00	160.00	159.00	158.00	156.00	155.00	155.00	157.00	158.00	158.00	155.00	155.00	154.00	152.00	152.00	150.00	148.00	146.00	146.00	147.00	147.00	148.00	149.00	150.00	147.00	147.00	151.00	156.00	162.00	164.00	165.00	165.00	165.00	161.00	152.00	147.00	147.00	159.00	165.00	169.00	171.00	173.00	173.00	173.00	171.00	170.00	170.00	171.00	171.00	171.00	169.00	159.00	156.00	157.00	160.00	166.00	167.00	168.00	170.00	175.00	184.00	187.00	188.00	191.00	196.00	194.00	194.00	194.00	194.00	193.00	191.00	190.00	188.00	182.00	179.00	177.00	174.00	174.00	176.00	176.00	176.00	175.00	169.00	164.00	159.00	153.00	147.00	145.00	153.00	162.00	169.00	174.00	173.00	169.00	166.00	165.00	167.00	173.00	176.00	179.00	182.00	182.00	181.00	179.00	178.00	175.00	175.00	176.00	182.00	187.00	189.00	190.00	189.00	189.00	192.00	194.00	194.00	191.00	187.00	189.00	190.00	188.00	182.00	183.00	184.00	185.00	186.00	192.00	197.00	200.00	203.00	208.00	210.00	212.00	215.00	217.00	218.00	217.00	218.00	215.00	213.00	214.00	216.00	218.00	221.00	225.00	227.00	227.00	228.00	228.00	228.00	227.00	225.00	223.00	226.00	227.00	228.00	228.00	226.00	224.00	217.00	212.00	213.00	220.00	224.00	227.00	229.00	230.00	231.00	232.00	234.00	236.00	237.00	237.00	238.00	239.00	240.00	241.00	242.00	243.00	245.00	224.00	221.00	219.00	217.00	214.00	213.00	212.00	212.00	212.00	213.00	214.00	214.00	213.00	210.00	207.00	202.00	197.00	194.00	193.00	196.00	199.00	202.00	201.00	201.00
189.00	184.00	181.00	180.00	183.00	187.00	191.00	194.00	194.00	191.00	187.00	184.00	176.00	178.00	180.00	184.00	187.00	193.00	196.00	199.00	202.00	205.00	204.00	202.00	199.00	195.00	193.00	190.00	188.00	185.00	177.00	174.00	175.00	183.00	187.00	186.00	184.00	181.00	179.00	170.00	166.00	163.00	164.00	168.00	167.00	165.00	163.00	161.00	160.00	162.00	163.00	165.00	166.00	164.00	165.00	165.00	165.00	167.00	167.00	167.00	167.00	163.00	161.00	162.00	169.00	169.00	163.00	159.00	156.00	153.00	152.00	153.00	151.00	149.00	147.00	145.00	145.00	147.00	148.00	150.00	151.00	152.00	154.00	156.00	159.00	154.00	149.00	147.00	156.00	162.00	166.00	169.00	171.00	172.00	170.00	169.00	167.00	169.00	170.00	171.00	171.00	170.00	163.00	158.00	155.00	156.00	164.00	165.00	164.00	165.00	167.00	175.00	178.00	181.00	184.00	192.00	196.00	197.00	198.00	197.00	194.00	191.00	188.00	185.00	181.00	178.00	175.00	169.00	168.00	173.00	174.00	173.00	173.00	170.00	167.00	162.00	157.00	152.00	147.00	153.00	162.00	169.00	178.00	179.00	179.00	177.00	176.00	176.00	175.00	175.00	174.00	171.00	170.00	167.00	166.00	166.00	172.00	176.00	180.00	184.00	185.00	185.00	183.00	182.00	178.00	178.00	178.00	177.00	175.00	170.00	172.00	175.00	179.00	185.00	189.00	192.00	195.00	198.00	203.00	206.00	207.00	208.00	208.00	208.00	208.00	209.00	210.00	211.00	211.00	209.00	203.00	205.00	209.00	214.00	217.00	220.00	224.00	224.00	224.00	223.00	214.00	211.00	210.00	209.00	211.00	218.00	220.00	221.00	222.00	221.00	218.00	210.00	211.00	215.00	221.00	221.00	220.00	218.00	218.00	221.00	224.00	227.00	232.00	234.00	234.00	233.00	232.00	234.00	236.00	238.00	239.00	241.00	227.00	225.00	226.00	226.00	226.00	226.00	226.00	225.00	225.00	224.00	222.00	222.00	222.00	220.00	217.00	214.00	211.00	207.00	203.00	200.00	201.00	205.00	208.00	208.00
184.00	183.00	184.00	188.00	189.00	191.00	193.00	196.00	201.00	199.00	195.00	192.00	188.00	186.00	183.00	182.00	182.00	188.00	192.00	197.00	201.00	206.00	200.00	194.00	190.00	189.00	189.00	188.00	187.00	184.00	177.00	172.00	169.00	174.00	183.00	186.00	187.00	187.00	185.00	176.00	170.00	162.00	158.00	163.00	164.00	166.00	169.00	171.00	169.00	169.00	172.00	176.00	175.00	175.00	176.00	177.00	177.00	177.00	176.00	176.00	175.00	173.00	172.00	170.00	172.00	173.00	171.00	169.00	167.00	163.00	157.00	156.00	157.00	157.00	155.00	145.00	144.00	144.00	146.00	148.00	150.00	149.00	148.00	146.00	147.00	148.00	145.00	143.00	150.00	155.00	159.00	161.00	163.00	163.00	160.00	159.00	160.00	162.00	164.00	165.00	167.00	169.00	166.00	160.00	152.00	150.00	163.00	166.00	169.00	171.00	174.00	178.00	181.00	183.00	186.00	191.00	195.00	196.00	196.00	195.00	193.00	192.00	189.00	185.00	177.00	174.00	172.00	164.00	161.00	159.00	159.00	158.00	158.00	160.00	159.00	156.00	152.00	148.00	142.00	149.00	158.00	166.00	178.00	180.00	182.00	182.00	183.00	183.00	182.00	179.00	177.00	169.00	165.00	162.00	160.00	160.00	165.00	166.00	168.00	168.00	167.00	167.00	167.00	166.00	166.00	167.00	168.00	169.00	170.00	178.00	182.00	185.00	188.00	193.00	196.00	199.00	201.00	203.00	206.00	207.00	208.00	208.00	209.00	209.00	210.00	210.00	210.00	208.00	203.00	199.00	196.00	204.00	209.00	213.00	216.00	218.00	219.00	218.00	217.00	215.00	205.00	202.00	202.00	205.00	210.00	217.00	220.00	221.00	219.00	210.00	205.00	201.00	205.00	210.00	215.00	216.00	219.00	222.00	228.00	230.00	232.00	234.00	235.00	232.00	229.00	227.00	227.00	230.00	231.00	231.00	232.00	234.00	222.00	220.00	221.00	223.00	224.00	224.00	225.00	225.00	226.00	228.00	228.00	228.00	227.00	226.00	225.00	223.00	219.00	219.00	223.00	223.00	223.00	223.00	224.00	223.00
184.00	183.00	184.00	188.00	189.00	191.00	193.00	196.00	201.00	199.00	195.00	192.00	188.00	186.00	183.00	182.00	182.00	188.00	192.00	197.00	201.00	206.00	200.00	194.00	190.00	189.00	189.00	188.00	187.00	184.00	177.00	172.00	169.00	174.00	183.00	186.00	187.00	187.00	185.00	176.00	170.00	162.00	158.00	163.00	164.00	166.00	169.00	171.00	169.00	169.00	172.00	176.00	175.00	175.00	176.00	177.00	177.00	177.00	176.00	176.00	175.00	173.00	172.00	170.00	172.00	173.00	171.00	169.00	167.00	163.00	157.00	156.00	157.00	157.00	155.00	145.00	144.00	144.00	146.00	148.00	150.00	149.00	148.00	146.00	147.00	148.00	145.00	143.00	150.00	155.00	159.00	161.00	163.00	163.00	160.00	159.00	160.00	162.00	164.00	165.00	167.00	169.00	166.00	160.00	152.00	150.00	163.00	166.00	169.00	171.00	174.00	178.00	181.00	183.00	186.00	191.00	195.00	196.00	196.00	195.00	193.00	192.00	189.00	185.00	177.00	174.00	172.00	164.00	161.00	159.00	159.00	158.00	158.00	160.00	159.00	156.00	152.00	148.00	142.00	149.00	158.00	166.00	178.00	180.00	182.00	182.00	183.00	183.00	182.00	179.00	177.00	169.00	165.00	162.00	160.00	160.00	165.00	166.00	168.00	168.00	167.00	167.00	167.00	166.00	166.00	167.00	168.00	169.00	170.00	178.00	182.00	185.00	188.00	193.00	196.00	199.00	201.00	203.00	206.00	207.00	208.00	208.00	209.00	209.00	210.00	210.00	210.00	208.00	203.00	199.00	196.00	204.00	209.00	213.00	216.00	218.00	219.00	218.00	217.00	215.00	205.00	202.00	202.00	205.00	210.00	217.00	220.00	221.00	219.00	210.00	205.00	201.00	205.00	210.00	215.00	216.00	219.00	222.00	228.00	230.00	232.00	234.00	235.00	232.00	229.00	227.00	227.00	230.00	231.00	231.00	232.00	234.00	222.00	220.00	221.00	223.00	224.00	224.00	225.00	225.00	226.00	228.00	228.00	228.00	227.00	226.00	225.00	223.00	219.00	219.00	223.00	223.00	223.00	223.00	224.00	223.00
184.00	183.00	184.00	188.00	189.00	191.00	193.00	196.00	201.00	199.00	195.00	192.00	188.00	186.00	183.00	182.00	182.00	188.00	192.00	197.00	201.00	206.00	200.00	194.00	190.00	189.00	189.00	188.00	187.00	184.00	177.00	172.00	169.00	174.00	183.00	186.00	187.00	187.00	185.00	176.00	170.00	162.00	158.00	163.00	164.00	166.00	169.00	171.00	169.00	169.00	172.00	176.00	175.00	175.00	176.00	177.00	177.00	177.00	176.00	176.00	175.00	173.00	172.00	170.00	172.00	173.00	171.00	169.00	167.00	163.00	157.00	156.00	157.00	157.00	155.00	145.00	144.00	144.00	146.00	148.00	150.00	149.00	148.00	146.00	147.00	148.00	145.00	143.00	150.00	155.00	159.00	161.00	163.00	163.00	160.00	159.00	160.00	162.00	164.00	165.00	167.00	169.00	166.00	160.00	152.00	150.00	163.00	166.00	169.00	171.00	174.00	178.00	181.00	183.00	186.00	191.00	195.00	196.00	196.00	195.00	193.00	192.00	189.00	185.00	177.00	174.00	172.00	164.00	161.00	159.00	159.00	158.00	158.00	160.00	159.00	156.00	152.00	148.00	142.00	149.00	158.00	166.00	178.00	180.00	182.00	182.00	183.00	183.00	182.00	179.00	177.00	169.00	165.00	162.00	160.00	160.00	165.00	166.00	168.00	168.00	167.00	167.00	167.00	166.00	166.00	167.00	168.00	169.00	170.00	178.00	182.00	185.00	188.00	193.00	196.00	199.00	201.00	203.00	206.00	207.00	208.00	208.00	209.00	209.00	210.00	210.00	210.00	208.00	203.00	199.00	196.00	204.00	209.00	213.00	216.00	218.00	219.00	218.00	217.00	215.00	205.00	202.00	202.00	205.00	210.00	217.00	220.00	221.00	219.00	210.00	205.00	201.00	205.00	210.00	215.00	216.00	219.00	222.00	228.00	230.00	232.00	234.00	235.00	232.00	229.00	227.00	227.00	230.00	231.00	231.00	232.00	234.00	222.00	220.00	221.00	223.00	224.00	224.00	225.00	225.00	226.00	228.00	228.00	228.00	227.00	226.00	225.00	223.00	219.00	219.00	223.00	223.00	223.00	223.00	224.00	223.00
181.00	180.00	181.00	183.00	183.00	184.00	186.00	189.00	196.00	199.00	200.00	199.00	191.00	188.00	187.00	188.00	188.00	188.00	189.00	192.00	193.00	193.00	190.00	186.00	184.00	187.00	189.00	190.00	190.00	189.00	184.00	181.00	179.00	173.00	171.00	171.00	170.00	170.00	168.00	162.00	161.00	161.00	163.00	175.00	177.00	177.00	178.00	181.00	181.00	178.00	178.00	182.00	184.00	181.00	182.00	184.00	186.00	186.00	183.00	179.00	175.00	169.00	169.00	170.00	173.00	173.00	171.00	171.00	170.00	169.00	167.00	166.00	166.00	166.00	165.00	158.00	158.00	158.00	160.00	161.00	160.00	158.00	154.00	149.00	141.00	141.00	142.00	142.00	139.00	142.00	147.00	150.00	152.00	152.00	151.00	151.00	154.00	157.00	159.00	161.00	162.00	164.00	163.00	158.00	152.00	150.00	164.00	166.00	168.00	170.00	173.00	180.00	182.00	184.00	185.00	187.00	188.00	189.00	190.00	191.00	192.00	190.00	188.00	183.00	176.00	175.00	174.00	172.00	170.00	167.00	164.00	161.00	159.00	154.00	152.00	149.00	146.00	142.00	137.00	147.00	156.00	161.00	168.00	172.00	176.00	179.00	180.00	182.00	180.00	175.00	171.00	169.00	169.00	167.00	164.00	159.00	152.00	150.00	149.00	155.00	162.00	164.00	166.00	169.00	174.00	175.00	177.00	179.00	182.00	190.00	191.00	193.00	194.00	197.00	200.00	201.00	203.00	205.00	205.00	204.00	204.00	204.00	206.00	207.00	206.00	205.00	203.00	194.00	191.00	192.00	201.00	209.00	212.00	214.00	215.00	216.00	217.00	216.00	215.00	212.00	194.00	194.00	199.00	206.00	210.00	214.00	214.00	212.00	208.00	196.00	193.00	199.00	205.00	211.00	221.00	223.00	224.00	224.00	221.00	220.00	221.00	224.00	228.00	227.00	224.00	223.00	225.00	228.00	226.00	224.00	225.00	228.00	219.00	218.00	219.00	220.00	221.00	221.00	220.00	218.00	220.00	222.00	225.00	225.00	226.00	226.00	225.00	221.00	219.00	221.00	227.00	229.00	229.00	231.00	231.00	231.00
181.00	180.00	181.00	183.00	183.00	184.00	186.00	189.00	196.00	199.00	200.00	199.00	191.00	188.00	187.00	188.00	188.00	188.00	189.00	192.00	193.00	193.00	190.00	186.00	184.00	187.00	189.00	190.00	190.00	189.00	184.00	181.00	179.00	173.00	171.00	171.00	170.00	170.00	168.00	162.00	161.00	161.00	163.00	175.00	177.00	177.00	178.00	181.00	181.00	178.00	178.00	182.00	184.00	181.00	182.00	184.00	186.00	186.00	183.00	179.00	175.00	169.00	169.00	170.00	173.00	173.00	171.00	171.00	170.00	169.00	167.00	166.00	166.00	166.00	165.00	158.00	158.00	158.00	160.00	161.00	160.00	158.00	154.00	149.00	141.00	141.00	142.00	142.00	139.00	142.00	147.00	150.00	152.00	152.00	151.00	151.00	154.00	157.00	159.00	161.00	162.00	164.00	163.00	158.00	152.00	150.00	164.00	166.00	168.00	170.00	173.00	180.00	182.00	184.00	185.00	187.00	188.00	189.00	190.00	191.00	192.00	190.00	188.00	183.00	176.00	175.00	174.00	172.00	170.00	167.00	164.00	161.00	159.00	154.00	152.00	149.00	146.00	142.00	137.00	147.00	156.00	161.00	168.00	172.00	176.00	179.00	180.00	182.00	180.00	175.00	171.00	169.00	169.00	167.00	164.00	159.00	152.00	150.00	149.00	155.00	162.00	164.00	166.00	169.00	174.00	175.00	177.00	179.00	182.00	190.00	191.00	193.00	194.00	197.00	200.00	201.00	203.00	205.00	205.00	204.00	204.00	204.00	206.00	207.00	206.00	205.00	203.00	194.00	191.00	192.00	201.00	209.00	212.00	214.00	215.00	216.00	217.00	216.00	215.00	212.00	194.00	194.00	199.00	206.00	210.00	214.00	214.00	212.00	208.00	196.00	193.00	199.00	205.00	211.00	221.00	223.00	224.00	224.00	221.00	220.00	221.00	224.00	228.00	227.00	224.00	223.00	225.00	228.00	226.00	224.00	225.00	228.00	219.00	218.00	219.00	220.00	221.00	221.00	220.00	218.00	220.00	222.00	225.00	225.00	226.00	226.00	225.00	221.00	219.00	221.00	227.00	229.00	229.00	231.00	231.00	231.00
180.00	186.00	190.00	190.00	187.00	185.00	184.00	184.00	186.00	189.00	192.00	195.00	193.00	191.00	188.00	187.00	186.00	187.00	186.00	187.00	188.00	189.00	189.00	187.00	185.00	183.00	183.00	183.00	184.00	184.00	183.00	181.00	179.00	176.00	172.00	166.00	161.00	156.00	155.00	164.00	169.00	172.00	172.00	178.00	182.00	183.00	182.00	182.00	185.00	185.00	183.00	183.00	189.00	190.00	189.00	188.00	186.00	181.00	177.00	172.00	169.00	167.00	169.00	173.00	177.00	177.00	177.00	177.00	176.00	173.00	169.00	170.00	171.00	172.00	172.00	170.00	169.00	165.00	161.00	161.00	160.00	157.00	154.00	150.00	147.00	151.00	153.00	154.00	149.00	146.00	144.00	142.00	140.00	140.00	139.00	139.00	138.00	140.00	140.00	140.00	142.00	144.00	147.00	147.00	146.00	147.00	160.00	162.00	163.00	166.00	170.00	178.00	180.00	181.00	181.00	177.00	178.00	181.00	183.00	184.00	184.00	184.00	182.00	180.00	179.00	180.00	181.00	181.00	181.00	177.00	175.00	171.00	168.00	161.00	158.00	153.00	148.00	142.00	133.00	139.00	147.00	152.00	160.00	164.00	167.00	169.00	170.00	177.00	178.00	177.00	174.00	176.00	177.00	175.00	170.00	163.00	152.00	154.00	156.00	161.00	170.00	174.00	178.00	181.00	185.00	186.00	187.00	187.00	188.00	191.00	193.00	196.00	198.00	200.00	201.00	202.00	202.00	203.00	202.00	198.00	196.00	196.00	200.00	202.00	203.00	201.00	198.00	188.00	189.00	193.00	202.00	206.00	207.00	208.00	210.00	212.00	216.00	216.00	215.00	214.00	197.00	192.00	195.00	201.00	206.00	211.00	211.00	210.00	205.00	192.00	191.00	204.00	210.00	214.00	217.00	216.00	214.00	211.00	211.00	215.00	219.00	223.00	226.00	220.00	214.00	210.00	209.00	211.00	214.00	218.00	222.00	227.00	219.00	217.00	218.00	218.00	217.00	216.00	214.00	211.00	209.00	215.00	224.00	226.00	228.00	228.00	227.00	225.00	225.00	227.00	229.00	229.00	228.00	231.00	231.00	232.00
180.00	186.00	190.00	190.00	187.00	185.00	184.00	184.00	186.00	189.00	192.00	195.00	193.00	191.00	188.00	187.00	186.00	187.00	186.00	187.00	188.00	189.00	189.00	187.00	185.00	183.00	183.00	183.00	184.00	184.00	183.00	181.00	179.00	176.00	172.00	166.00	161.00	156.00	155.00	164.00	169.00	172.00	172.00	178.00	182.00	183.00	182.00	182.00	185.00	185.00	183.00	183.00	189.00	190.00	189.00	188.00	186.00	181.00	177.00	172.00	169.00	167.00	169.00	173.00	177.00	177.00	177.00	177.00	176.00	173.00	169.00	170.00	171.00	172.00	172.00	170.00	169.00	165.00	161.00	161.00	160.00	157.00	154.00	150.00	147.00	151.00	153.00	154.00	149.00	146.00	144.00	142.00	140.00	140.00	139.00	139.00	138.00	140.00	140.00	140.00	142.00	144.00	147.00	147.00	146.00	147.00	160.00	162.00	163.00	166.00	170.00	178.00	180.00	181.00	181.00	177.00	178.00	181.00	183.00	184.00	184.00	184.00	182.00	180.00	179.00	180.00	181.00	181.00	181.00	177.00	175.00	171.00	168.00	161.00	158.00	153.00	148.00	142.00	133.00	139.00	147.00	152.00	160.00	164.00	167.00	169.00	170.00	177.00	178.00	177.00	174.00	176.00	177.00	175.00	170.00	163.00	152.00	154.00	156.00	161.00	170.00	174.00	178.00	181.00	185.00	186.00	187.00	187.00	188.00	191.00	193.00	196.00	198.00	200.00	201.00	202.00	202.00	203.00	202.00	198.00	196.00	196.00	200.00	202.00	203.00	201.00	198.00	188.00	189.00	193.00	202.00	206.00	207.00	208.00	210.00	212.00	216.00	216.00	215.00	214.00	197.00	192.00	195.00	201.00	206.00	211.00	211.00	210.00	205.00	192.00	191.00	204.00	210.00	214.00	217.00	216.00	214.00	211.00	211.00	215.00	219.00	223.00	226.00	220.00	214.00	210.00	209.00	211.00	214.00	218.00	222.00	227.00	219.00	217.00	218.00	218.00	217.00	216.00	214.00	211.00	209.00	215.00	224.00	226.00	228.00	228.00	227.00	225.00	225.00	227.00	229.00	229.00	228.00	231.00	231.00	232.00
180.00	186.00	190.00	190.00	187.00	185.00	184.00	184.00	186.00	189.00	192.00	195.00	193.00	191.00	188.00	187.00	186.00	187.00	186.00	187.00	188.00	189.00	189.00	187.00	185.00	183.00	183.00	183.00	184.00	184.00	183.00	181.00	179.00	176.00	172.00	166.00	161.00	156.00	155.00	164.00	169.00	172.00	172.00	178.00	182.00	183.00	182.00	182.00	185.00	185.00	183.00	183.00	189.00	190.00	189.00	188.00	186.00	181.00	177.00	172.00	169.00	167.00	169.00	173.00	177.00	177.00	177.00	177.00	176.00	173.00	169.00	170.00	171.00	172.00	172.00	170.00	169.00	165.00	161.00	161.00	160.00	157.00	154.00	150.00	147.00	151.00	153.00	154.00	149.00	146.00	144.00	142.00	140.00	140.00	139.00	139.00	138.00	140.00	140.00	140.00	142.00	144.00	147.00	147.00	146.00	147.00	160.00	162.00	163.00	166.00	170.00	178.00	180.00	181.00	181.00	177.00	178.00	181.00	183.00	184.00	184.00	184.00	182.00	180.00	179.00	180.00	181.00	181.00	181.00	177.00	175.00	171.00	168.00	161.00	158.00	153.00	148.00	142.00	133.00	139.00	147.00	152.00	160.00	164.00	167.00	169.00	170.00	177.00	178.00	177.00	174.00	176.00	177.00	175.00	170.00	163.00	152.00	154.00	156.00	161.00	170.00	174.00	178.00	181.00	185.00	186.00	187.00	187.00	188.00	191.00	193.00	196.00	198.00	200.00	201.00	202.00	202.00	203.00	202.00	198.00	196.00	196.00	200.00	202.00	203.00	201.00	198.00	188.00	189.00	193.00	202.00	206.00	207.00	208.00	210.00	212.00	216.00	216.00	215.00	214.00	197.00	192.00	195.00	201.00	206.00	211.00	211.00	210.00	205.00	192.00	191.00	204.00	210.00	214.00	217.00	216.00	214.00	211.00	211.00	215.00	219.00	223.00	226.00	220.00	214.00	210.00	209.00	211.00	214.00	218.00	222.00	227.00	219.00	217.00	218.00	218.00	217.00	216.00	214.00	211.00	209.00	215.00	224.00	226.00	228.00	228.00	227.00	225.00	225.00	227.00	229.00	229.00	228.00	231.00	231.00	232.00
175.00	180.00	185.00	190.00	192.00	193.00	192.00	191.00	188.00	187.00	189.00	191.00	193.00	191.00	189.00	187.00	186.00	187.00	188.00	189.00	190.00	192.00	189.00	187.00	184.00	180.00	180.00	180.00	180.00	182.00	183.00	184.00	184.00	181.00	172.00	169.00	168.00	167.00	165.00	168.00	171.00	173.00	173.00	170.00	174.00	180.00	185.00	188.00	191.00	189.00	186.00	183.00	185.00	190.00	191.00	190.00	187.00	179.00	176.00	176.00	178.00	182.00	184.00	185.00	186.00	186.00	184.00	183.00	183.00	182.00	180.00	179.00	178.00	177.00	176.00	170.00	169.00	167.00	165.00	160.00	155.00	150.00	147.00	149.00	156.00	161.00	161.00	159.00	156.00	155.00	154.00	153.00	150.00	151.00	150.00	149.00	147.00	147.00	145.00	143.00	141.00	139.00	136.00	135.00	135.00	139.00	150.00	153.00	156.00	161.00	165.00	171.00	172.00	172.00	170.00	172.00	178.00	179.00	180.00	180.00	176.00	174.00	172.00	171.00	174.00	176.00	178.00	180.00	179.00	175.00	172.00	169.00	166.00	160.00	158.00	154.00	151.00	147.00	132.00	134.00	139.00	145.00	154.00	157.00	159.00	160.00	163.00	171.00	172.00	169.00	167.00	169.00	171.00	169.00	165.00	159.00	147.00	149.00	152.00	155.00	160.00	164.00	168.00	172.00	177.00	180.00	182.00	184.00	184.00	188.00	190.00	192.00	194.00	196.00	197.00	198.00	199.00	199.00	197.00	193.00	190.00	191.00	196.00	197.00	196.00	192.00	187.00	183.00	185.00	189.00	197.00	202.00	203.00	204.00	205.00	206.00	210.00	211.00	212.00	212.00	204.00	197.00	191.00	189.00	191.00	199.00	201.00	202.00	200.00	190.00	191.00	204.00	208.00	210.00	204.00	201.00	201.00	204.00	215.00	219.00	222.00	224.00	223.00	214.00	208.00	204.00	204.00	216.00	222.00	226.00	229.00	230.00	210.00	206.00	208.00	208.00	204.00	201.00	199.00	198.00	200.00	210.00	218.00	219.00	219.00	218.00	220.00	222.00	224.00	225.00	228.00	230.00	231.00	233.00	234.00	235.00
170.00	172.00	172.00	174.00	176.00	179.00	181.00	183.00	185.00	185.00	187.00	188.00	193.00	194.00	193.00	193.00	193.00	193.00	192.00	192.00	192.00	195.00	195.00	193.00	192.00	187.00	183.00	181.00	180.00	179.00	178.00	179.00	177.00	171.00	170.00	170.00	173.00	176.00	177.00	175.00	175.00	177.00	179.00	180.00	178.00	179.00	183.00	186.00	191.00	192.00	193.00	194.00	195.00	196.00	196.00	195.00	192.00	187.00	186.00	185.00	185.00	184.00	184.00	184.00	184.00	184.00	181.00	178.00	176.00	175.00	176.00	177.00	177.00	176.00	174.00	169.00	168.00	166.00	165.00	159.00	153.00	149.00	149.00	153.00	162.00	167.00	168.00	168.00	167.00	166.00	164.00	161.00	158.00	159.00	157.00	156.00	153.00	153.00	154.00	153.00	152.00	150.00	144.00	139.00	136.00	133.00	140.00	144.00	147.00	151.00	153.00	157.00	157.00	156.00	156.00	162.00	170.00	172.00	174.00	175.00	172.00	168.00	164.00	164.00	172.00	176.00	178.00	178.00	177.00	173.00	171.00	169.00	166.00	161.00	158.00	154.00	150.00	145.00	132.00	131.00	133.00	135.00	140.00	145.00	151.00	157.00	161.00	167.00	168.00	167.00	164.00	164.00	164.00	161.00	157.00	150.00	144.00	150.00	157.00	164.00	165.00	163.00	161.00	160.00	162.00	165.00	169.00	170.00	170.00	179.00	180.00	181.00	182.00	186.00	187.00	187.00	186.00	185.00	185.00	182.00	181.00	182.00	187.00	187.00	184.00	180.00	179.00	183.00	188.00	191.00	196.00	198.00	199.00	199.00	200.00	201.00	207.00	211.00	213.00	215.00	215.00	212.00	208.00	202.00	196.00	188.00	185.00	183.00	181.00	176.00	179.00	191.00	193.00	193.00	196.00	199.00	204.00	209.00	219.00	222.00	225.00	226.00	220.00	208.00	201.00	199.00	202.00	213.00	215.00	216.00	217.00	219.00	212.00	210.00	211.00	209.00	197.00	191.00	191.00	196.00	203.00	212.00	212.00	209.00	207.00	210.00	214.00	218.00	220.00	222.00	226.00	227.00	228.00	231.00	233.00	234.00
170.00	172.00	172.00	174.00	176.00	179.00	181.00	183.00	185.00	185.00	187.00	188.00	193.00	194.00	193.00	193.00	193.00	193.00	192.00	192.00	192.00	195.00	195.00	193.00	192.00	187.00	183.00	181.00	180.00	179.00	178.00	179.00	177.00	171.00	170.00	170.00	173.00	176.00	177.00	175.00	175.00	177.00	179.00	180.00	178.00	179.00	183.00	186.00	191.00	192.00	193.00	194.00	195.00	196.00	196.00	195.00	192.00	187.00	186.00	185.00	185.00	184.00	184.00	184.00	184.00	184.00	181.00	178.00	176.00	175.00	176.00	177.00	177.00	176.00	174.00	169.00	168.00	166.00	165.00	159.00	153.00	149.00	149.00	153.00	162.00	167.00	168.00	168.00	167.00	166.00	164.00	161.00	158.00	159.00	157.00	156.00	153.00	153.00	154.00	153.00	152.00	150.00	144.00	139.00	136.00	133.00	140.00	144.00	147.00	151.00	153.00	157.00	157.00	156.00	156.00	162.00	170.00	172.00	174.00	175.00	172.00	168.00	164.00	164.00	172.00	176.00	178.00	178.00	177.00	173.00	171.00	169.00	166.00	161.00	158.00	154.00	150.00	145.00	132.00	131.00	133.00	135.00	140.00	145.00	151.00	157.00	161.00	167.00	168.00	167.00	164.00	164.00	164.00	161.00	157.00	150.00	144.00	150.00	157.00	164.00	165.00	163.00	161.00	160.00	162.00	165.00	169.00	170.00	170.00	179.00	180.00	181.00	182.00	186.00	187.00	187.00	186.00	185.00	185.00	182.00	181.00	182.00	187.00	187.00	184.00	180.00	179.00	183.00	188.00	191.00	196.00	198.00	199.00	199.00	200.00	201.00	207.00	211.00	213.00	215.00	215.00	212.00	208.00	202.00	196.00	188.00	185.00	183.00	181.00	176.00	179.00	191.00	193.00	193.00	196.00	199.00	204.00	209.00	219.00	222.00	225.00	226.00	220.00	208.00	201.00	199.00	202.00	213.00	215.00	216.00	217.00	219.00	212.00	210.00	211.00	209.00	197.00	191.00	191.00	196.00	203.00	212.00	212.00	209.00	207.00	210.00	214.00	218.00	220.00	222.00	226.00	227.00	228.00	231.00	233.00	234.00
170.00	172.00	172.00	174.00	176.00	179.00	181.00	183.00	185.00	185.00	187.00	188.00	193.00	194.00	193.00	193.00	193.00	193.00	192.00	192.00	192.00	195.00	195.00	193.00	192.00	187.00	183.00	181.00	180.00	179.00	178.00	179.00	177.00	171.00	170.00	170.00	173.00	176.00	177.00	175.00	175.00	177.00	179.00	180.00	178.00	179.00	183.00	186.00	191.00	192.00	193.00	194.00	195.00	196.00	196.00	195.00	192.00	187.00	186.00	185.00	185.00	184.00	184.00	184.00	184.00	184.00	181.00	178.00	176.00	175.00	176.00	177.00	177.00	176.00	174.00	169.00	168.00	166.00	165.00	159.00	153.00	149.00	149.00	153.00	162.00	167.00	168.00	168.00	167.00	166.00	164.00	161.00	158.00	159.00	157.00	156.00	153.00	153.00	154.00	153.00	152.00	150.00	144.00	139.00	136.00	133.00	140.00	144.00	147.00	151.00	153.00	157.00	157.00	156.00	156.00	162.00	170.00	172.00	174.00	175.00	172.00	168.00	164.00	164.00	172.00	176.00	178.00	178.00	177.00	173.00	171.00	169.00	166.00	161.00	158.00	154.00	150.00	145.00	132.00	131.00	133.00	135.00	140.00	145.00	151.00	157.00	161.00	167.00	168.00	167.00	164.00	164.00	164.00	161.00	157.00	150.00	144.00	150.00	157.00	164.00	165.00	163.00	161.00	160.00	162.00	165.00	169.00	170.00	170.00	179.00	180.00	181.00	182.00	186.00	187.00	187.00	186.00	185.00	185.00	182.00	181.00	182.00	187.00	187.00	184.00	180.00	179.00	183.00	188.00	191.00	196.00	198.00	199.00	199.00	200.00	201.00	207.00	211.00	213.00	215.00	215.00	212.00	208.00	202.00	196.00	188.00	185.00	183.00	181.00	176.00	179.00	191.00	193.00	193.00	196.00	199.00	204.00	209.00	219.00	222.00	225.00	226.00	220.00	208.00	201.00	199.00	202.00	213.00	215.00	216.00	217.00	219.00	212.00	210.00	211.00	209.00	197.00	191.00	191.00	196.00	203.00	212.00	212.00	209.00	207.00	210.00	214.00	218.00	220.00	222.00	226.00	227.00	228.00	231.00	233.00	234.00
170.00	170.00	170.00	169.00	169.00	170.00	171.00	172.00	175.00	177.00	179.00	181.00	185.00	186.00	188.00	190.00	192.00	195.00	196.00	196.00	195.00	194.00	190.00	187.00	185.00	183.00	182.00	181.00	178.00	176.00	171.00	171.00	172.00	175.00	178.00	176.00	177.00	181.00	186.00	190.00	187.00	185.00	185.00	186.00	185.00	183.00	184.00	186.00	189.00	190.00	190.00	191.00	191.00	194.00	194.00	193.00	191.00	187.00	186.00	186.00	185.00	184.00	184.00	184.00	182.00	180.00	174.00	170.00	166.00	165.00	168.00	170.00	171.00	170.00	168.00	161.00	159.00	157.00	155.00	151.00	150.00	151.00	154.00	158.00	167.00	171.00	172.00	173.00	174.00	173.00	172.00	170.00	168.00	167.00	168.00	168.00	167.00	165.00	164.00	162.00	161.00	160.00	158.00	157.00	153.00	145.00	137.00	138.00	142.00	147.00	151.00	154.00	155.00	155.00	155.00	157.00	160.00	161.00	162.00	164.00	163.00	159.00	156.00	157.00	168.00	172.00	175.00	177.00	177.00	175.00	174.00	173.00	171.00	166.00	164.00	160.00	156.00	153.00	141.00	140.00	140.00	139.00	133.00	137.00	144.00	150.00	154.00	157.00	157.00	155.00	151.00	145.00	142.00	141.00	140.00	141.00	153.00	159.00	165.00	171.00	173.00	172.00	171.00	170.00	164.00	162.00	160.00	160.00	162.00	167.00	168.00	170.00	171.00	170.00	171.00	171.00	172.00	172.00	169.00	170.00	170.00	172.00	177.00	178.00	178.00	178.00	179.00	184.00	187.00	189.00	193.00	197.00	198.00	198.00	200.00	201.00	206.00	208.00	209.00	210.00	212.00	214.00	215.00	216.00	216.00	211.00	206.00	202.00	198.00	183.00	174.00	173.00	178.00	184.00	197.00	202.00	206.00	210.00	215.00	217.00	218.00	218.00	211.00	198.00	192.00	191.00	195.00	210.00	216.00	219.00	221.00	222.00	209.00	206.00	204.00	200.00	188.00	188.00	193.00	200.00	206.00	211.00	207.00	203.00	203.00	208.00	210.00	212.00	213.00	214.00	218.00	221.00	225.00	228.00	228.00	227.00
170.00	170.00	170.00	169.00	169.00	170.00	171.00	172.00	175.00	177.00	179.00	181.00	185.00	186.00	188.00	190.00	192.00	195.00	196.00	196.00	195.00	194.00	190.00	187.00	185.00	183.00	182.00	181.00	178.00	176.00	171.00	171.00	172.00	175.00	178.00	176.00	177.00	181.00	186.00	190.00	187.00	185.00	185.00	186.00	185.00	183.00	184.00	186.00	189.00	190.00	190.00	191.00	191.00	194.00	194.00	193.00	191.00	187.00	186.00	186.00	185.00	184.00	184.00	184.00	182.00	180.00	174.00	170.00	166.00	165.00	168.00	170.00	171.00	170.00	168.00	161.00	159.00	157.00	155.00	151.00	150.00	151.00	154.00	158.00	167.00	171.00	172.00	173.00	174.00	173.00	172.00	170.00	168.00	167.00	168.00	168.00	167.00	165.00	164.00	162.00	161.00	160.00	158.00	157.00	153.00	145.00	137.00	138.00	142.00	147.00	151.00	154.00	155.00	155.00	155.00	157.00	160.00	161.00	162.00	164.00	163.00	159.00	156.00	157.00	168.00	172.00	175.00	177.00	177.00	175.00	174.00	173.00	171.00	166.00	164.00	160.00	156.00	153.00	141.00	140.00	140.00	139.00	133.00	137.00	144.00	150.00	154.00	157.00	157.00	155.00	151.00	145.00	142.00	141.00	140.00	141.00	153.00	159.00	165.00	171.00	173.00	172.00	171.00	170.00	164.00	162.00	160.00	160.00	162.00	167.00	168.00	170.00	171.00	170.00	171.00	171.00	172.00	172.00	169.00	170.00	170.00	172.00	177.00	178.00	178.00	178.00	179.00	184.00	187.00	189.00	193.00	197.00	198.00	198.00	200.00	201.00	206.00	208.00	209.00	210.00	212.00	214.00	215.00	216.00	216.00	211.00	206.00	202.00	198.00	183.00	174.00	173.00	178.00	184.00	197.00	202.00	206.00	210.00	215.00	217.00	218.00	218.00	211.00	198.00	192.00	191.00	195.00	210.00	216.00	219.00	221.00	222.00	209.00	206.00	204.00	200.00	188.00	188.00	193.00	200.00	206.00	211.00	207.00	203.00	203.00	208.00	210.00	212.00	213.00	214.00	218.00	221.00	225.00	228.00	228.00	227.00
172.00	175.00	174.00	173.00	173.00	172.00	172.00	172.00	173.00	175.00	178.00	181.00	185.00	185.00	184.00	183.00	183.00	182.00	181.00	181.00	181.00	179.00	175.00	171.00	168.00	166.00	166.00	165.00	165.00	166.00	172.00	177.00	181.00	185.00	183.00	182.00	180.00	179.00	182.00	191.00	194.00	195.00	195.00	189.00	186.00	185.00	185.00	186.00	191.00	193.00	194.00	193.00	193.00	194.00	194.00	191.00	188.00	185.00	182.00	181.00	180.00	176.00	174.00	171.00	169.00	169.00	169.00	167.00	165.00	161.00	157.00	159.00	161.00	161.00	161.00	152.00	150.00	151.00	154.00	159.00	161.00	160.00	158.00	158.00	165.00	174.00	177.00	180.00	182.00	181.00	180.00	180.00	180.00	180.00	180.00	179.00	177.00	173.00	172.00	170.00	170.00	169.00	168.00	166.00	164.00	160.00	138.00	136.00	140.00	147.00	154.00	161.00	163.00	164.00	164.00	164.00	162.00	160.00	158.00	157.00	154.00	150.00	147.00	149.00	159.00	162.00	164.00	166.00	167.00	167.00	167.00	167.00	167.00	166.00	166.00	165.00	164.00	163.00	156.00	154.00	153.00	152.00	142.00	137.00	134.00	134.00	135.00	136.00	140.00	141.00	139.00	133.00	134.00	134.00	134.00	137.00	152.00	157.00	162.00	170.00	175.00	176.00	176.00	176.00	177.00	177.00	176.00	175.00	173.00	165.00	164.00	164.00	164.00	161.00	159.00	158.00	156.00	155.00	155.00	157.00	158.00	159.00	162.00	165.00	167.00	169.00	170.00	174.00	177.00	179.00	184.00	187.00	188.00	189.00	190.00	193.00	199.00	201.00	203.00	204.00	207.00	207.00	209.00	210.00	211.00	212.00	211.00	210.00	207.00	199.00	191.00	170.00	169.00	177.00	194.00	200.00	205.00	208.00	213.00	214.00	214.00	213.00	205.00	191.00	187.00	189.00	195.00	210.00	215.00	219.00	222.00	224.00	203.00	195.00	189.00	183.00	178.00	185.00	192.00	196.00	198.00	195.00	193.00	192.00	193.00	199.00	203.00	206.00	209.00	212.00	218.00	221.00	223.00	226.00	224.00	222.00
172.00	175.00	174.00	173.00	173.00	172.00	172.00	172.00	173.00	175.00	178.00	181.00	185.00	185.00	184.00	183.00	183.00	182.00	181.00	181.00	181.00	179.00	175.00	171.00	168.00	166.00	166.00	165.00	165.00	166.00	172.00	177.00	181.00	185.00	183.00	182.00	180.00	179.00	182.00	191.00	194.00	195.00	195.00	189.00	186.00	185.00	185.00	186.00	191.00	193.00	194.00	193.00	193.00	194.00	194.00	191.00	188.00	185.00	182.00	181.00	180.00	176.00	174.00	171.00	169.00	169.00	169.00	167.00	165.00	161.00	157.00	159.00	161.00	161.00	161.00	152.00	150.00	151.00	154.00	159.00	161.00	160.00	158.00	158.00	165.00	174.00	177.00	180.00	182.00	181.00	180.00	180.00	180.00	180.00	180.00	179.00	177.00	173.00	172.00	170.00	170.00	169.00	168.00	166.00	164.00	160.00	138.00	136.00	140.00	147.00	154.00	161.00	163.00	164.00	164.00	164.00	162.00	160.00	158.00	157.00	154.00	150.00	147.00	149.00	159.00	162.00	164.00	166.00	167.00	167.00	167.00	167.00	167.00	166.00	166.00	165.00	164.00	163.00	156.00	154.00	153.00	152.00	142.00	137.00	134.00	134.00	135.00	136.00	140.00	141.00	139.00	133.00	134.00	134.00	134.00	137.00	152.00	157.00	162.00	170.00	175.00	176.00	176.00	176.00	177.00	177.00	176.00	175.00	173.00	165.00	164.00	164.00	164.00	161.00	159.00	158.00	156.00	155.00	155.00	157.00	158.00	159.00	162.00	165.00	167.00	169.00	170.00	174.00	177.00	179.00	184.00	187.00	188.00	189.00	190.00	193.00	199.00	201.00	203.00	204.00	207.00	207.00	209.00	210.00	211.00	212.00	211.00	210.00	207.00	199.00	191.00	170.00	169.00	177.00	194.00	200.00	205.00	208.00	213.00	214.00	214.00	213.00	205.00	191.00	187.00	189.00	195.00	210.00	215.00	219.00	222.00	224.00	203.00	195.00	189.00	183.00	178.00	185.00	192.00	196.00	198.00	195.00	193.00	192.00	193.00	199.00	203.00	206.00	209.00	212.00	218.00	221.00	223.00	226.00	224.00	222.00
168.00	171.00	172.00	176.00	177.00	178.00	179.00	179.00	180.00	181.00	183.00	184.00	185.00	184.00	183.00	181.00	180.00	176.00	174.00	171.00	168.00	161.00	155.00	152.00	149.00	151.00	154.00	157.00	158.00	159.00	161.00	165.00	172.00	182.00	186.00	186.00	185.00	183.00	183.00	191.00	194.00	195.00	194.00	191.00	191.00	190.00	190.00	190.00	191.00	192.00	193.00	194.00	193.00	190.00	189.00	187.00	185.00	178.00	175.00	174.00	174.00	173.00	171.00	169.00	164.00	163.00	163.00	162.00	161.00	161.00	162.00	161.00	159.00	158.00	157.00	159.00	161.00	164.00	167.00	172.00	172.00	169.00	164.00	161.00	169.00	182.00	185.00	188.00	188.00	187.00	185.00	183.00	181.00	179.00	180.00	180.00	179.00	176.00	174.00	172.00	170.00	168.00	162.00	160.00	157.00	155.00	145.00	139.00	136.00	138.00	143.00	156.00	159.00	161.00	162.00	164.00	165.00	165.00	164.00	161.00	154.00	149.00	147.00	149.00	155.00	156.00	157.00	158.00	158.00	156.00	155.00	156.00	158.00	162.00	163.00	164.00	164.00	164.00	156.00	156.00	156.00	156.00	155.00	153.00	152.00	152.00	154.00	157.00	154.00	152.00	151.00	151.00	151.00	146.00	138.00	133.00	145.00	153.00	158.00	164.00	168.00	168.00	170.00	172.00	177.00	179.00	180.00	180.00	180.00	174.00	171.00	170.00	170.00	170.00	169.00	166.00	163.00	160.00	156.00	154.00	154.00	155.00	158.00	160.00	161.00	162.00	163.00	163.00	163.00	165.00	168.00	173.00	175.00	177.00	178.00	180.00	186.00	189.00	192.00	194.00	199.00	199.00	201.00	202.00	204.00	206.00	206.00	207.00	207.00	206.00	202.00	188.00	176.00	169.00	180.00	189.00	196.00	201.00	207.00	209.00	208.00	207.00	196.00	185.00	186.00	191.00	198.00	211.00	215.00	217.00	218.00	219.00	200.00	193.00	185.00	175.00	170.00	176.00	179.00	180.00	180.00	187.00	199.00	204.00	208.00	212.00	213.00	214.00	215.00	215.00	215.00	216.00	217.00	218.00	216.00	213.00
168.00	171.00	172.00	176.00	177.00	178.00	179.00	179.00	180.00	181.00	183.00	184.00	185.00	184.00	183.00	181.00	180.00	176.00	174.00	171.00	168.00	161.00	155.00	152.00	149.00	151.00	154.00	157.00	158.00	159.00	161.00	165.00	172.00	182.00	186.00	186.00	185.00	183.00	183.00	191.00	194.00	195.00	194.00	191.00	191.00	190.00	190.00	190.00	191.00	192.00	193.00	194.00	193.00	190.00	189.00	187.00	185.00	178.00	175.00	174.00	174.00	173.00	171.00	169.00	164.00	163.00	163.00	162.00	161.00	161.00	162.00	161.00	159.00	158.00	157.00	159.00	161.00	164.00	167.00	172.00	172.00	169.00	164.00	161.00	169.00	182.00	185.00	188.00	188.00	187.00	185.00	183.00	181.00	179.00	180.00	180.00	179.00	176.00	174.00	172.00	170.00	168.00	162.00	160.00	157.00	155.00	145.00	139.00	136.00	138.00	143.00	156.00	159.00	161.00	162.00	164.00	165.00	165.00	164.00	161.00	154.00	149.00	147.00	149.00	155.00	156.00	157.00	158.00	158.00	156.00	155.00	156.00	158.00	162.00	163.00	164.00	164.00	164.00	156.00	156.00	156.00	156.00	155.00	153.00	152.00	152.00	154.00	157.00	154.00	152.00	151.00	151.00	151.00	146.00	138.00	133.00	145.00	153.00	158.00	164.00	168.00	168.00	170.00	172.00	177.00	179.00	180.00	180.00	180.00	174.00	171.00	170.00	170.00	170.00	169.00	166.00	163.00	160.00	156.00	154.00	154.00	155.00	158.00	160.00	161.00	162.00	163.00	163.00	163.00	165.00	168.00	173.00	175.00	177.00	178.00	180.00	186.00	189.00	192.00	194.00	199.00	199.00	201.00	202.00	204.00	206.00	206.00	207.00	207.00	206.00	202.00	188.00	176.00	169.00	180.00	189.00	196.00	201.00	207.00	209.00	208.00	207.00	196.00	185.00	186.00	191.00	198.00	211.00	215.00	217.00	218.00	219.00	200.00	193.00	185.00	175.00	170.00	176.00	179.00	180.00	180.00	187.00	199.00	204.00	208.00	212.00	213.00	214.00	215.00	215.00	215.00	216.00	217.00	218.00	216.00	213.00
165.00	168.00	170.00	176.00	179.00	181.00	182.00	183.00	183.00	184.00	184.00	185.00	184.00	182.00	180.00	178.00	175.00	169.00	167.00	164.00	161.00	155.00	150.00	149.00	151.00	162.00	166.00	168.00	169.00	168.00	163.00	161.00	161.00	166.00	171.00	172.00	173.00	174.00	174.00	177.00	181.00	183.00	185.00	188.00	189.00	188.00	187.00	187.00	188.00	190.00	191.00	191.00	189.00	187.00	186.00	185.00	183.00	177.00	175.00	174.00	174.00	174.00	173.00	172.00	170.00	167.00	161.00	162.00	164.00	166.00	167.00	167.00	167.00	167.00	166.00	166.00	169.00	171.00	172.00	172.00	172.00	171.00	169.00	168.00	171.00	175.00	177.00	180.00	183.00	184.00	184.00	183.00	182.00	180.00	178.00	177.00	174.00	169.00	167.00	164.00	161.00	157.00	151.00	151.00	152.00	153.00	153.00	149.00	143.00	137.00	134.00	142.00	146.00	150.00	153.00	157.00	160.00	161.00	161.00	160.00	151.00	147.00	146.00	149.00	157.00	159.00	160.00	161.00	160.00	158.00	156.00	155.00	154.00	153.00	153.00	153.00	154.00	153.00	150.00	151.00	153.00	155.00	159.00	161.00	163.00	167.00	168.00	171.00	172.00	172.00	172.00	167.00	164.00	158.00	150.00	140.00	134.00	140.00	148.00	157.00	166.00	169.00	172.00	176.00	182.00	184.00	185.00	186.00	185.00	180.00	176.00	174.00	171.00	166.00	162.00	157.00	153.00	152.00	158.00	165.00	168.00	170.00	172.00	173.00	173.00	173.00	173.00	173.00	173.00	173.00	173.00	174.00	175.00	175.00	176.00	177.00	176.00	176.00	176.00	177.00	181.00	182.00	184.00	187.00	188.00	193.00	194.00	196.00	198.00	199.00	199.00	195.00	188.00	178.00	168.00	175.00	184.00	192.00	200.00	201.00	201.00	197.00	184.00	179.00	184.00	191.00	199.00	210.00	213.00	214.00	214.00	213.00	185.00	176.00	169.00	164.00	170.00	177.00	184.00	189.00	193.00	201.00	206.00	208.00	210.00	212.00	213.00	213.00	213.00	212.00	209.00	209.00	213.00	221.00	225.00	224.00
165.00	168.00	170.00	176.00	179.00	181.00	182.00	183.00	183.00	184.00	184.00	185.00	184.00	182.00	180.00	178.00	175.00	169.00	167.00	164.00	161.00	155.00	150.00	149.00	151.00	162.00	166.00	168.00	169.00	168.00	163.00	161.00	161.00	166.00	171.00	172.00	173.00	174.00	174.00	177.00	181.00	183.00	185.00	188.00	189.00	188.00	187.00	187.00	188.00	190.00	191.00	191.00	189.00	187.00	186.00	185.00	183.00	177.00	175.00	174.00	174.00	174.00	173.00	172.00	170.00	167.00	161.00	162.00	164.00	166.00	167.00	167.00	167.00	167.00	166.00	166.00	169.00	171.00	172.00	172.00	172.00	171.00	169.00	168.00	171.00	175.00	177.00	180.00	183.00	184.00	184.00	183.00	182.00	180.00	178.00	177.00	174.00	169.00	167.00	164.00	161.00	157.00	151.00	151.00	152.00	153.00	153.00	149.00	143.00	137.00	134.00	142.00	146.00	150.00	153.00	157.00	160.00	161.00	161.00	160.00	151.00	147.00	146.00	149.00	157.00	159.00	160.00	161.00	160.00	158.00	156.00	155.00	154.00	153.00	153.00	153.00	154.00	153.00	150.00	151.00	153.00	155.00	159.00	161.00	163.00	167.00	168.00	171.00	172.00	172.00	172.00	167.00	164.00	158.00	150.00	140.00	134.00	140.00	148.00	157.00	166.00	169.00	172.00	176.00	182.00	184.00	185.00	186.00	185.00	180.00	176.00	174.00	171.00	166.00	162.00	157.00	153.00	152.00	158.00	165.00	168.00	170.00	172.00	173.00	173.00	173.00	173.00	173.00	173.00	173.00	173.00	174.00	175.00	175.00	176.00	177.00	176.00	176.00	176.00	177.00	181.00	182.00	184.00	187.00	188.00	193.00	194.00	196.00	198.00	199.00	199.00	195.00	188.00	178.00	168.00	175.00	184.00	192.00	200.00	201.00	201.00	197.00	184.00	179.00	184.00	191.00	199.00	210.00	213.00	214.00	214.00	213.00	185.00	176.00	169.00	164.00	170.00	177.00	184.00	189.00	193.00	201.00	206.00	208.00	210.00	212.00	213.00	213.00	213.00	212.00	209.00	209.00	213.00	221.00	225.00	224.00
166.00	167.00	169.00	175.00	178.00	180.00	182.00	183.00	183.00	183.00	183.00	183.00	182.00	181.00	179.00	176.00	173.00	167.00	164.00	162.00	161.00	159.00	157.00	156.00	158.00	167.00	170.00	171.00	172.00	172.00	165.00	161.00	159.00	164.00	171.00	173.00	173.00	174.00	174.00	173.00	173.00	174.00	174.00	175.00	175.00	175.00	175.00	176.00	176.00	177.00	180.00	184.00	187.00	188.00	188.00	186.00	184.00	179.00	177.00	175.00	172.00	168.00	166.00	166.00	165.00	162.00	162.00	166.00	168.00	167.00	164.00	166.00	170.00	172.00	173.00	169.00	169.00	170.00	170.00	172.00	173.00	173.00	172.00	172.00	176.00	177.00	176.00	175.00	173.00	172.00	171.00	170.00	170.00	170.00	168.00	166.00	162.00	157.00	155.00	155.00	157.00	160.00	164.00	168.00	171.00	173.00	170.00	168.00	164.00	159.00	154.00	146.00	143.00	141.00	141.00	145.00	149.00	151.00	153.00	153.00	144.00	143.00	147.00	152.00	161.00	164.00	165.00	166.00	166.00	165.00	163.00	160.00	158.00	151.00	148.00	146.00	143.00	142.00	144.00	145.00	146.00	146.00	149.00	151.00	156.00	160.00	163.00	168.00	171.00	172.00	172.00	166.00	160.00	151.00	141.00	133.00	134.00	143.00	150.00	162.00	172.00	176.00	180.00	183.00	187.00	187.00	188.00	187.00	187.00	180.00	177.00	173.00	170.00	160.00	155.00	150.00	149.00	153.00	166.00	175.00	177.00	179.00	181.00	181.00	182.00	183.00	184.00	186.00	187.00	187.00	187.00	187.00	187.00	186.00	186.00	186.00	185.00	185.00	184.00	183.00	181.00	180.00	179.00	179.00	179.00	180.00	180.00	182.00	183.00	185.00	187.00	187.00	186.00	184.00	170.00	163.00	166.00	173.00	180.00	182.00	182.00	178.00	173.00	181.00	187.00	193.00	198.00	206.00	208.00	210.00	210.00	210.00	176.00	164.00	156.00	155.00	171.00	180.00	188.00	194.00	198.00	203.00	206.00	207.00	207.00	206.00	204.00	201.00	199.00	197.00	201.00	206.00	211.00	218.00	222.00	223.00
166.00	167.00	169.00	175.00	178.00	180.00	182.00	183.00	183.00	183.00	183.00	183.00	182.00	181.00	179.00	176.00	173.00	167.00	164.00	162.00	161.00	159.00	157.00	156.00	158.00	167.00	170.00	171.00	172.00	172.00	165.00	161.00	159.00	164.00	171.00	173.00	173.00	174.00	174.00	173.00	173.00	174.00	174.00	175.00	175.00	175.00	175.00	176.00	176.00	177.00	180.00	184.00	187.00	188.00	188.00	186.00	184.00	179.00	177.00	175.00	172.00	168.00	166.00	166.00	165.00	162.00	162.00	166.00	168.00	167.00	164.00	166.00	170.00	172.00	173.00	169.00	169.00	170.00	170.00	172.00	173.00	173.00	172.00	172.00	176.00	177.00	176.00	175.00	173.00	172.00	171.00	170.00	170.00	170.00	168.00	166.00	162.00	157.00	155.00	155.00	157.00	160.00	164.00	168.00	171.00	173.00	170.00	168.00	164.00	159.00	154.00	146.00	143.00	141.00	141.00	145.00	149.00	151.00	153.00	153.00	144.00	143.00	147.00	152.00	161.00	164.00	165.00	166.00	166.00	165.00	163.00	160.00	158.00	151.00	148.00	146.00	143.00	142.00	144.00	145.00	146.00	146.00	149.00	151.00	156.00	160.00	163.00	168.00	171.00	172.00	172.00	166.00	160.00	151.00	141.00	133.00	134.00	143.00	150.00	162.00	172.00	176.00	180.00	183.00	187.00	187.00	188.00	187.00	187.00	180.00	177.00	173.00	170.00	160.00	155.00	150.00	149.00	153.00	166.00	175.00	177.00	179.00	181.00	181.00	182.00	183.00	184.00	186.00	187.00	187.00	187.00	187.00	187.00	186.00	186.00	186.00	185.00	185.00	184.00	183.00	181.00	180.00	179.00	179.00	179.00	180.00	180.00	182.00	183.00	185.00	187.00	187.00	186.00	184.00	170.00	163.00	166.00	173.00	180.00	182.00	182.00	178.00	173.00	181.00	187.00	193.00	198.00	206.00	208.00	210.00	210.00	210.00	176.00	164.00	156.00	155.00	171.00	180.00	188.00	194.00	198.00	203.00	206.00	207.00	207.00	206.00	204.00	201.00	199.00	197.00	201.00	206.00	211.00	218.00	222.00	223.00
166.00	167.00	169.00	175.00	178.00	180.00	182.00	183.00	183.00	183.00	183.00	183.00	182.00	181.00	179.00	176.00	173.00	167.00	164.00	162.00	161.00	159.00	157.00	156.00	158.00	167.00	170.00	171.00	172.00	172.00	165.00	161.00	159.00	164.00	171.00	173.00	173.00	174.00	174.00	173.00	173.00	174.00	174.00	175.00	175.00	175.00	175.00	176.00	176.00	177.00	180.00	184.00	187.00	188.00	188.00	186.00	184.00	179.00	177.00	175.00	172.00	168.00	166.00	166.00	165.00	162.00	162.00	166.00	168.00	167.00	164.00	166.00	170.00	172.00	173.00	169.00	169.00	170.00	170.00	172.00	173.00	173.00	172.00	172.00	176.00	177.00	176.00	175.00	173.00	172.00	171.00	170.00	170.00	170.00	168.00	166.00	162.00	157.00	155.00	155.00	157.00	160.00	164.00	168.00	171.00	173.00	170.00	168.00	164.00	159.00	154.00	146.00	143.00	141.00	141.00	145.00	149.00	151.00	153.00	153.00	144.00	143.00	147.00	152.00	161.00	164.00	165.00	166.00	166.00	165.00	163.00	160.00	158.00	151.00	148.00	146.00	143.00	142.00	144.00	145.00	146.00	146.00	149.00	151.00	156.00	160.00	163.00	168.00	171.00	172.00	172.00	166.00	160.00	151.00	141.00	133.00	134.00	143.00	150.00	162.00	172.00	176.00	180.00	183.00	187.00	187.00	188.00	187.00	187.00	180.00	177.00	173.00	170.00	160.00	155.00	150.00	149.00	153.00	166.00	175.00	177.00	179.00	181.00	181.00	182.00	183.00	184.00	186.00	187.00	187.00	187.00	187.00	187.00	186.00	186.00	186.00	185.00	185.00	184.00	183.00	181.00	180.00	179.00	179.00	179.00	180.00	180.00	182.00	183.00	185.00	187.00	187.00	186.00	184.00	170.00	163.00	166.00	173.00	180.00	182.00	182.00	178.00	173.00	181.00	187.00	193.00	198.00	206.00	208.00	210.00	210.00	210.00	176.00	164.00	156.00	155.00	171.00	180.00	188.00	194.00	198.00	203.00	206.00	207.00	207.00	206.00	204.00	201.00	199.00	197.00	201.00	206.00	211.00	218.00	222.00	223.00
166.00	167.00	169.00	175.00	178.00	180.00	182.00	183.00	183.00	183.00	183.00	183.00	182.00	181.00	179.00	176.00	173.00	167.00	164.00	162.00	161.00	159.00	157.00	156.00	158.00	167.00	170.00	171.00	172.00	172.00	165.00	161.00	159.00	164.00	171.00	173.00	173.00	174.00	174.00	173.00	173.00	174.00	174.00	175.00	175.00	175.00	175.00	176.00	176.00	177.00	180.00	184.00	187.00	188.00	188.00	186.00	184.00	179.00	177.00	175.00	172.00	168.00	166.00	166.00	165.00	162.00	162.00	166.00	168.00	167.00	164.00	166.00	170.00	172.00	173.00	169.00	169.00	170.00	170.00	172.00	173.00	173.00	172.00	172.00	176.00	177.00	176.00	175.00	173.00	172.00	171.00	170.00	170.00	170.00	168.00	166.00	162.00	157.00	155.00	155.00	157.00	160.00	164.00	168.00	171.00	173.00	170.00	168.00	164.00	159.00	154.00	146.00	143.00	141.00	141.00	145.00	149.00	151.00	153.00	153.00	144.00	143.00	147.00	152.00	161.00	164.00	165.00	166.00	166.00	165.00	163.00	160.00	158.00	151.00	148.00	146.00	143.00	142.00	144.00	145.00	146.00	146.00	149.00	151.00	156.00	160.00	163.00	168.00	171.00	172.00	172.00	166.00	160.00	151.00	141.00	133.00	134.00	143.00	150.00	162.00	172.00	176.00	180.00	183.00	187.00	187.00	188.00	187.00	187.00	180.00	177.00	173.00	170.00	160.00	155.00	150.00	149.00	153.00	166.00	175.00	177.00	179.00	181.00	181.00	182.00	183.00	184.00	186.00	187.00	187.00	187.00	187.00	187.00	186.00	186.00	186.00	185.00	185.00	184.00	183.00	181.00	180.00	179.00	179.00	179.00	180.00	180.00	182.00	183.00	185.00	187.00	187.00	186.00	184.00	170.00	163.00	166.00	173.00	180.00	182.00	182.00	178.00	173.00	181.00	187.00	193.00	198.00	206.00	208.00	210.00	210.00	210.00	176.00	164.00	156.00	155.00	171.00	180.00	188.00	194.00	198.00	203.00	206.00	207.00	207.00	206.00	204.00	201.00	199.00	197.00	201.00	206.00	211.00	218.00	222.00	223.00
173.00	172.00	172.00	172.00	172.00	173.00	174.00	176.00	179.00	181.00	182.00	183.00	184.00	182.00	179.00	177.00	175.00	172.00	170.00	169.00	168.00	167.00	167.00	167.00	168.00	171.00	171.00	171.00	170.00	169.00	167.00	166.00	165.00	168.00	174.00	175.00	174.00	174.00	174.00	174.00	174.00	173.00	173.00	172.00	170.00	168.00	165.00	164.00	163.00	163.00	164.00	165.00	168.00	171.00	172.00	171.00	170.00	166.00	165.00	163.00	161.00	160.00	162.00	163.00	164.00	164.00	167.00	169.00	168.00	166.00	165.00	167.00	170.00	171.00	172.00	173.00	174.00	175.00	175.00	174.00	174.00	173.00	171.00	171.00	176.00	178.00	178.00	175.00	171.00	170.00	170.00	170.00	169.00	167.00	166.00	166.00	165.00	164.00	164.00	166.00	168.00	171.00	174.00	174.00	175.00	176.00	176.00	174.00	172.00	170.00	168.00	162.00	158.00	154.00	149.00	138.00	135.00	138.00	140.00	140.00	137.00	141.00	146.00	150.00	159.00	162.00	164.00	166.00	167.00	166.00	165.00	164.00	161.00	156.00	153.00	148.00	142.00	138.00	144.00	147.00	151.00	154.00	156.00	158.00	160.00	163.00	166.00	168.00	168.00	167.00	166.00	158.00	148.00	139.00	134.00	134.00	142.00	148.00	152.00	161.00	170.00	174.00	177.00	179.00	182.00	182.00	183.00	182.00	180.00	174.00	171.00	168.00	164.00	153.00	150.00	149.00	153.00	159.00	169.00	178.00	181.00	184.00	190.00	192.00	193.00	194.00	194.00	193.00	193.00	193.00	191.00	190.00	189.00	188.00	188.00	188.00	189.00	190.00	191.00	193.00	196.00	195.00	194.00	193.00	192.00	190.00	189.00	188.00	187.00	183.00	181.00	177.00	175.00	174.00	171.00	163.00	155.00	153.00	156.00	158.00	161.00	165.00	175.00	187.00	193.00	198.00	201.00	207.00	209.00	210.00	211.00	210.00	174.00	162.00	157.00	156.00	171.00	179.00	185.00	190.00	194.00	197.00	197.00	196.00	193.00	188.00	185.00	185.00	187.00	190.00	202.00	207.00	211.00	216.00	218.00	218.00
173.00	172.00	172.00	172.00	172.00	173.00	174.00	176.00	179.00	181.00	182.00	183.00	184.00	182.00	179.00	177.00	175.00	172.00	170.00	169.00	168.00	167.00	167.00	167.00	168.00	171.00	171.00	171.00	170.00	169.00	167.00	166.00	165.00	168.00	174.00	175.00	174.00	174.00	174.00	174.00	174.00	173.00	173.00	172.00	170.00	168.00	165.00	164.00	163.00	163.00	164.00	165.00	168.00	171.00	172.00	171.00	170.00	166.00	165.00	163.00	161.00	160.00	162.00	163.00	164.00	164.00	167.00	169.00	168.00	166.00	165.00	167.00	170.00	171.00	172.00	173.00	174.00	175.00	175.00	174.00	174.00	173.00	171.00	171.00	176.00	178.00	178.00	175.00	171.00	170.00	170.00	170.00	169.00	167.00	166.00	166.00	165.00	164.00	164.00	166.00	168.00	171.00	174.00	174.00	175.00	176.00	176.00	174.00	172.00	170.00	168.00	162.00	158.00	154.00	149.00	138.00	135.00	138.00	140.00	140.00	137.00	141.00	146.00	150.00	159.00	162.00	164.00	166.00	167.00	166.00	165.00	164.00	161.00	156.00	153.00	148.00	142.00	138.00	144.00	147.00	151.00	154.00	156.00	158.00	160.00	163.00	166.00	168.00	168.00	167.00	166.00	158.00	148.00	139.00	134.00	134.00	142.00	148.00	152.00	161.00	170.00	174.00	177.00	179.00	182.00	182.00	183.00	182.00	180.00	174.00	171.00	168.00	164.00	153.00	150.00	149.00	153.00	159.00	169.00	178.00	181.00	184.00	190.00	192.00	193.00	194.00	194.00	193.00	193.00	193.00	191.00	190.00	189.00	188.00	188.00	188.00	189.00	190.00	191.00	193.00	196.00	195.00	194.00	193.00	192.00	190.00	189.00	188.00	187.00	183.00	181.00	177.00	175.00	174.00	171.00	163.00	155.00	153.00	156.00	158.00	161.00	165.00	175.00	187.00	193.00	198.00	201.00	207.00	209.00	210.00	211.00	210.00	174.00	162.00	157.00	156.00	171.00	179.00	185.00	190.00	194.00	197.00	197.00	196.00	193.00	188.00	185.00	185.00	187.00	190.00	202.00	207.00	211.00	216.00	218.00	218.00
165.00	168.00	168.00	170.00	170.00	170.00	170.00	171.00	176.00	178.00	180.00	180.00	181.00	181.00	181.00	181.00	181.00	179.00	178.00	177.00	176.00	173.00	170.00	170.00	172.00	175.00	175.00	176.00	175.00	175.00	173.00	172.00	171.00	172.00	177.00	178.00	179.00	179.00	178.00	173.00	171.00	170.00	167.00	164.00	163.00	161.00	159.00	158.00	155.00	154.00	153.00	154.00	158.00	163.00	164.00	163.00	161.00	152.00	148.00	146.00	148.00	153.00	154.00	153.00	149.00	150.00	155.00	157.00	157.00	156.00	160.00	164.00	169.00	173.00	176.00	180.00	179.00	178.00	177.00	176.00	175.00	174.00	174.00	175.00	176.00	174.00	172.00	170.00	171.00	173.00	174.00	174.00	174.00	173.00	173.00	171.00	169.00	164.00	166.00	169.00	171.00	173.00	174.00	174.00	175.00	176.00	170.00	169.00	169.00	168.00	167.00	164.00	161.00	157.00	154.00	147.00	142.00	138.00	136.00	134.00	132.00	133.00	136.00	140.00	146.00	149.00	151.00	155.00	157.00	160.00	161.00	161.00	159.00	155.00	153.00	149.00	143.00	137.00	145.00	150.00	155.00	159.00	163.00	164.00	165.00	166.00	166.00	165.00	163.00	162.00	160.00	142.00	132.00	130.00	134.00	142.00	158.00	161.00	163.00	166.00	171.00	174.00	177.00	179.00	181.00	181.00	180.00	179.00	176.00	166.00	163.00	160.00	157.00	149.00	149.00	155.00	162.00	169.00	176.00	180.00	182.00	185.00	191.00	193.00	194.00	196.00	197.00	201.00	202.00	202.00	201.00	199.00	198.00	196.00	193.00	190.00	186.00	185.00	186.00	189.00	198.00	200.00	202.00	203.00	203.00	203.00	202.00	202.00	201.00	199.00	196.00	191.00	189.00	187.00	183.00	177.00	164.00	152.00	152.00	159.00	166.00	172.00	183.00	190.00	193.00	196.00	197.00	198.00	198.00	197.00	197.00	195.00	165.00	157.00	157.00	163.00	179.00	186.00	191.00	193.00	193.00	187.00	176.00	172.00	169.00	175.00	181.00	187.00	191.00	195.00	200.00	202.00	203.00	206.00	207.00	206.00
165.00	168.00	168.00	170.00	170.00	170.00	170.00	171.00	176.00	178.00	180.00	180.00	181.00	181.00	181.00	181.00	181.00	179.00	178.00	177.00	176.00	173.00	170.00	170.00	172.00	175.00	175.00	176.00	175.00	175.00	173.00	172.00	171.00	172.00	177.00	178.00	179.00	179.00	178.00	173.00	171.00	170.00	167.00	164.00	163.00	161.00	159.00	158.00	155.00	154.00	153.00	154.00	158.00	163.00	164.00	163.00	161.00	152.00	148.00	146.00	148.00	153.00	154.00	153.00	149.00	150.00	155.00	157.00	157.00	156.00	160.00	164.00	169.00	173.00	176.00	180.00	179.00	178.00	177.00	176.00	175.00	174.00	174.00	175.00	176.00	174.00	172.00	170.00	171.00	173.00	174.00	174.00	174.00	173.00	173.00	171.00	169.00	164.00	166.00	169.00	171.00	173.00	174.00	174.00	175.00	176.00	170.00	169.00	169.00	168.00	167.00	164.00	161.00	157.00	154.00	147.00	142.00	138.00	136.00	134.00	132.00	133.00	136.00	140.00	146.00	149.00	151.00	155.00	157.00	160.00	161.00	161.00	159.00	155.00	153.00	149.00	143.00	137.00	145.00	150.00	155.00	159.00	163.00	164.00	165.00	166.00	166.00	165.00	163.00	162.00	160.00	142.00	132.00	130.00	134.00	142.00	158.00	161.00	163.00	166.00	171.00	174.00	177.00	179.00	181.00	181.00	180.00	179.00	176.00	166.00	163.00	160.00	157.00	149.00	149.00	155.00	162.00	169.00	176.00	180.00	182.00	185.00	191.00	193.00	194.00	196.00	197.00	201.00	202.00	202.00	201.00	199.00	198.00	196.00	193.00	190.00	186.00	185.00	186.00	189.00	198.00	200.00	202.00	203.00	203.00	203.00	202.00	202.00	201.00	199.00	196.00	191.00	189.00	187.00	183.00	177.00	164.00	152.00	152.00	159.00	166.00	172.00	183.00	190.00	193.00	196.00	197.00	198.00	198.00	197.00	197.00	195.00	165.00	157.00	157.00	163.00	179.00	186.00	191.00	193.00	193.00	187.00	176.00	172.00	169.00	175.00	181.00	187.00	191.00	195.00	200.00	202.00	203.00	206.00	207.00	206.00
168.00	165.00	164.00	163.00	164.00	164.00	165.00	164.00	164.00	165.00	167.00	170.00	176.00	178.00	179.00	180.00	182.00	183.00	183.00	182.00	182.00	180.00	178.00	177.00	177.00	179.00	179.00	180.00	180.00	180.00	180.00	180.00	180.00	181.00	182.00	182.00	181.00	180.00	178.00	173.00	172.00	170.00	168.00	166.00	165.00	164.00	162.00	160.00	157.00	156.00	155.00	153.00	152.00	152.00	153.00	154.00	153.00	149.00	147.00	145.00	147.00	154.00	154.00	151.00	146.00	149.00	157.00	157.00	154.00	152.00	150.00	152.00	156.00	160.00	165.00	175.00	177.00	178.00	180.00	181.00	182.00	182.00	182.00	180.00	176.00	174.00	174.00	174.00	175.00	176.00	177.00	177.00	177.00	176.00	174.00	173.00	169.00	167.00	171.00	174.00	177.00	178.00	178.00	178.00	177.00	176.00	171.00	169.00	167.00	164.00	162.00	159.00	156.00	155.00	154.00	157.00	159.00	159.00	159.00	157.00	154.00	151.00	147.00	144.00	139.00	136.00	136.00	137.00	139.00	143.00	145.00	146.00	148.00	149.00	148.00	144.00	139.00	134.00	146.00	153.00	157.00	160.00	161.00	161.00	160.00	160.00	159.00	156.00	153.00	150.00	146.00	132.00	127.00	127.00	135.00	144.00	159.00	163.00	166.00	172.00	176.00	178.00	180.00	180.00	182.00	181.00	181.00	180.00	178.00	173.00	169.00	165.00	159.00	148.00	146.00	150.00	156.00	160.00	169.00	177.00	180.00	184.00	191.00	193.00	195.00	196.00	197.00	199.00	199.00	200.00	201.00	202.00	201.00	200.00	199.00	198.00	191.00	187.00	183.00	182.00	190.00	192.00	193.00	195.00	195.00	197.00	198.00	199.00	200.00	201.00	202.00	200.00	199.00	196.00	188.00	180.00	168.00	152.00	151.00	158.00	167.00	175.00	187.00	195.00	199.00	201.00	202.00	201.00	199.00	196.00	191.00	185.00	150.00	150.00	157.00	166.00	180.00	184.00	185.00	184.00	180.00	168.00	166.00	172.00	179.00	190.00	194.00	196.00	198.00	199.00	198.00	197.00	197.00	196.00	195.00	194.00
168.00	165.00	164.00	163.00	164.00	164.00	165.00	164.00	164.00	165.00	167.00	170.00	176.00	178.00	179.00	180.00	182.00	183.00	183.00	182.00	182.00	180.00	178.00	177.00	177.00	179.00	179.00	180.00	180.00	180.00	180.00	180.00	180.00	181.00	182.00	182.00	181.00	180.00	178.00	173.00	172.00	170.00	168.00	166.00	165.00	164.00	162.00	160.00	157.00	156.00	155.00	153.00	152.00	152.00	153.00	154.00	153.00	149.00	147.00	145.00	147.00	154.00	154.00	151.00	146.00	149.00	157.00	157.00	154.00	152.00	150.00	152.00	156.00	160.00	165.00	175.00	177.00	178.00	180.00	181.00	182.00	182.00	182.00	180.00	176.00	174.00	174.00	174.00	175.00	176.00	177.00	177.00	177.00	176.00	174.00	173.00	169.00	167.00	171.00	174.00	177.00	178.00	178.00	178.00	177.00	176.00	171.00	169.00	167.00	164.00	162.00	159.00	156.00	155.00	154.00	157.00	159.00	159.00	159.00	157.00	154.00	151.00	147.00	144.00	139.00	136.00	136.00	137.00	139.00	143.00	145.00	146.00	148.00	149.00	148.00	144.00	139.00	134.00	146.00	153.00	157.00	160.00	161.00	161.00	160.00	160.00	159.00	156.00	153.00	150.00	146.00	132.00	127.00	127.00	135.00	144.00	159.00	163.00	166.00	172.00	176.00	178.00	180.00	180.00	182.00	181.00	181.00	180.00	178.00	173.00	169.00	165.00	159.00	148.00	146.00	150.00	156.00	160.00	169.00	177.00	180.00	184.00	191.00	193.00	195.00	196.00	197.00	199.00	199.00	200.00	201.00	202.00	201.00	200.00	199.00	198.00	191.00	187.00	183.00	182.00	190.00	192.00	193.00	195.00	195.00	197.00	198.00	199.00	200.00	201.00	202.00	200.00	199.00	196.00	188.00	180.00	168.00	152.00	151.00	158.00	167.00	175.00	187.00	195.00	199.00	201.00	202.00	201.00	199.00	196.00	191.00	185.00	150.00	150.00	157.00	166.00	180.00	184.00	185.00	184.00	180.00	168.00	166.00	172.00	179.00	190.00	194.00	196.00	198.00	199.00	198.00	197.00	197.00	196.00	195.00	194.00
167.00	167.00	167.00	168.00	168.00	169.00	170.00	169.00	166.00	165.00	165.00	163.00	167.00	169.00	171.00	173.00	174.00	171.00	170.00	169.00	170.00	173.00	176.00	177.00	178.00	180.00	180.00	180.00	181.00	180.00	179.00	179.00	179.00	181.00	183.00	183.00	182.00	181.00	179.00	176.00	174.00	172.00	170.00	167.00	166.00	166.00	165.00	164.00	159.00	157.00	155.00	153.00	150.00	147.00	146.00	145.00	144.00	145.00	146.00	147.00	148.00	150.00	149.00	148.00	147.00	149.00	157.00	159.00	159.00	158.00	153.00	151.00	151.00	154.00	157.00	165.00	166.00	166.00	166.00	167.00	168.00	169.00	169.00	168.00	166.00	166.00	168.00	171.00	174.00	176.00	177.00	178.00	179.00	179.00	177.00	176.00	170.00	168.00	171.00	174.00	176.00	177.00	174.00	173.00	172.00	172.00	173.00	171.00	166.00	160.00	155.00	154.00	156.00	158.00	160.00	163.00	164.00	164.00	164.00	164.00	164.00	162.00	161.00	161.00	159.00	156.00	153.00	145.00	142.00	137.00	136.00	136.00	137.00	140.00	140.00	137.00	132.00	130.00	140.00	145.00	149.00	152.00	156.00	158.00	157.00	157.00	157.00	151.00	139.00	132.00	126.00	126.00	128.00	132.00	137.00	143.00	155.00	160.00	164.00	171.00	177.00	179.00	181.00	183.00	183.00	183.00	182.00	181.00	180.00	177.00	176.00	172.00	167.00	151.00	146.00	146.00	150.00	154.00	160.00	166.00	168.00	170.00	176.00	180.00	184.00	188.00	190.00	194.00	195.00	196.00	199.00	200.00	200.00	199.00	198.00	197.00	193.00	189.00	184.00	179.00	178.00	183.00	187.00	190.00	192.00	194.00	194.00	195.00	195.00	194.00	194.00	194.00	193.00	193.00	187.00	179.00	167.00	152.00	151.00	161.00	170.00	179.00	191.00	196.00	197.00	198.00	198.00	196.00	192.00	185.00	176.00	168.00	149.00	155.00	165.00	172.00	179.00	179.00	176.00	170.00	162.00	155.00	170.00	179.00	186.00	194.00	196.00	196.00	194.00	192.00	189.00	185.00	180.00	177.00	182.00	186.00
167.00	167.00	167.00	168.00	168.00	169.00	170.00	169.00	166.00	165.00	165.00	163.00	167.00	169.00	171.00	173.00	174.00	171.00	170.00	169.00	170.00	173.00	176.00	177.00	178.00	180.00	180.00	180.00	181.00	180.00	179.00	179.00	179.00	181.00	183.00	183.00	182.00	181.00	179.00	176.00	174.00	172.00	170.00	167.00	166.00	166.00	165.00	164.00	159.00	157.00	155.00	153.00	150.00	147.00	146.00	145.00	144.00	145.00	146.00	147.00	148.00	150.00	149.00	148.00	147.00	149.00	157.00	159.00	159.00	158.00	153.00	151.00	151.00	154.00	157.00	165.00	166.00	166.00	166.00	167.00	168.00	169.00	169.00	168.00	166.00	166.00	168.00	171.00	174.00	176.00	177.00	178.00	179.00	179.00	177.00	176.00	170.00	168.00	171.00	174.00	176.00	177.00	174.00	173.00	172.00	172.00	173.00	171.00	166.00	160.00	155.00	154.00	156.00	158.00	160.00	163.00	164.00	164.00	164.00	164.00	164.00	162.00	161.00	161.00	159.00	156.00	153.00	145.00	142.00	137.00	136.00	136.00	137.00	140.00	140.00	137.00	132.00	130.00	140.00	145.00	149.00	152.00	156.00	158.00	157.00	157.00	157.00	151.00	139.00	132.00	126.00	126.00	128.00	132.00	137.00	143.00	155.00	160.00	164.00	171.00	177.00	179.00	181.00	183.00	183.00	183.00	182.00	181.00	180.00	177.00	176.00	172.00	167.00	151.00	146.00	146.00	150.00	154.00	160.00	166.00	168.00	170.00	176.00	180.00	184.00	188.00	190.00	194.00	195.00	196.00	199.00	200.00	200.00	199.00	198.00	197.00	193.00	189.00	184.00	179.00	178.00	183.00	187.00	190.00	192.00	194.00	194.00	195.00	195.00	194.00	194.00	194.00	193.00	193.00	187.00	179.00	167.00	152.00	151.00	161.00	170.00	179.00	191.00	196.00	197.00	198.00	198.00	196.00	192.00	185.00	176.00	168.00	149.00	155.00	165.00	172.00	179.00	179.00	176.00	170.00	162.00	155.00	170.00	179.00	186.00	194.00	196.00	196.00	194.00	192.00	189.00	185.00	180.00	177.00	182.00	186.00
164.00	162.00	163.00	163.00	163.00	163.00	163.00	162.00	158.00	156.00	157.00	160.00	170.00	172.00	174.00	176.00	177.00	173.00	170.00	168.00	167.00	164.00	162.00	161.00	161.00	162.00	163.00	165.00	167.00	169.00	172.00	175.00	177.00	180.00	182.00	182.00	182.00	183.00	183.00	182.00	180.00	178.00	176.00	169.00	167.00	165.00	164.00	163.00	159.00	156.00	153.00	151.00	149.00	149.00	149.00	147.00	144.00	146.00	149.00	153.00	156.00	158.00	157.00	155.00	151.00	150.00	156.00	159.00	161.00	161.00	160.00	159.00	158.00	157.00	157.00	161.00	163.00	165.00	166.00	168.00	169.00	170.00	170.00	170.00	169.00	166.00	164.00	163.00	162.00	163.00	164.00	165.00	167.00	169.00	169.00	169.00	167.00	167.00	169.00	173.00	176.00	178.00	178.00	178.00	177.00	175.00	171.00	169.00	167.00	166.00	165.00	166.00	167.00	169.00	170.00	170.00	174.00	175.00	176.00	176.00	174.00	171.00	170.00	168.00	166.00	164.00	163.00	160.00	159.00	151.00	146.00	141.00	137.00	131.00	131.00	132.00	132.00	133.00	141.00	143.00	145.00	148.00	150.00	151.00	151.00	152.00	152.00	146.00	130.00	127.00	129.00	144.00	151.00	155.00	158.00	159.00	161.00	163.00	165.00	169.00	174.00	175.00	177.00	180.00	183.00	183.00	182.00	182.00	181.00	173.00	170.00	164.00	157.00	143.00	141.00	144.00	149.00	153.00	159.00	165.00	167.00	167.00	169.00	171.00	174.00	178.00	183.00	190.00	192.00	193.00	195.00	197.00	199.00	201.00	202.00	202.00	199.00	198.00	195.00	192.00	176.00	173.00	174.00	177.00	180.00	183.00	183.00	184.00	185.00	186.00	188.00	191.00	191.00	191.00	188.00	183.00	175.00	161.00	146.00	155.00	165.00	174.00	187.00	194.00	196.00	196.00	193.00	182.00	175.00	168.00	162.00	159.00	161.00	167.00	176.00	182.00	184.00	180.00	173.00	160.00	147.00	153.00	174.00	180.00	182.00	179.00	175.00	170.00	166.00	164.00	165.00	165.00	169.00	184.00	195.00	198.00
164.00	162.00	163.00	163.00	163.00	163.00	163.00	162.00	158.00	156.00	157.00	160.00	170.00	172.00	174.00	176.00	177.00	173.00	170.00	168.00	167.00	164.00	162.00	161.00	161.00	162.00	163.00	165.00	167.00	169.00	172.00	175.00	177.00	180.00	182.00	182.00	182.00	183.00	183.00	182.00	180.00	178.00	176.00	169.00	167.00	165.00	164.00	163.00	159.00	156.00	153.00	151.00	149.00	149.00	149.00	147.00	144.00	146.00	149.00	153.00	156.00	158.00	157.00	155.00	151.00	150.00	156.00	159.00	161.00	161.00	160.00	159.00	158.00	157.00	157.00	161.00	163.00	165.00	166.00	168.00	169.00	170.00	170.00	170.00	169.00	166.00	164.00	163.00	162.00	163.00	164.00	165.00	167.00	169.00	169.00	169.00	167.00	167.00	169.00	173.00	176.00	178.00	178.00	178.00	177.00	175.00	171.00	169.00	167.00	166.00	165.00	166.00	167.00	169.00	170.00	170.00	174.00	175.00	176.00	176.00	174.00	171.00	170.00	168.00	166.00	164.00	163.00	160.00	159.00	151.00	146.00	141.00	137.00	131.00	131.00	132.00	132.00	133.00	141.00	143.00	145.00	148.00	150.00	151.00	151.00	152.00	152.00	146.00	130.00	127.00	129.00	144.00	151.00	155.00	158.00	159.00	161.00	163.00	165.00	169.00	174.00	175.00	177.00	180.00	183.00	183.00	182.00	182.00	181.00	173.00	170.00	164.00	157.00	143.00	141.00	144.00	149.00	153.00	159.00	165.00	167.00	167.00	169.00	171.00	174.00	178.00	183.00	190.00	192.00	193.00	195.00	197.00	199.00	201.00	202.00	202.00	199.00	198.00	195.00	192.00	176.00	173.00	174.00	177.00	180.00	183.00	183.00	184.00	185.00	186.00	188.00	191.00	191.00	191.00	188.00	183.00	175.00	161.00	146.00	155.00	165.00	174.00	187.00	194.00	196.00	196.00	193.00	182.00	175.00	168.00	162.00	159.00	161.00	167.00	176.00	182.00	184.00	180.00	173.00	160.00	147.00	153.00	174.00	180.00	182.00	179.00	175.00	170.00	166.00	164.00	165.00	165.00	169.00	184.00	195.00	198.00
164.00	162.00	163.00	163.00	163.00	163.00	163.00	162.00	158.00	156.00	157.00	160.00	170.00	172.00	174.00	176.00	177.00	173.00	170.00	168.00	167.00	164.00	162.00	161.00	161.00	162.00	163.00	165.00	167.00	169.00	172.00	175.00	177.00	180.00	182.00	182.00	182.00	183.00	183.00	182.00	180.00	178.00	176.00	169.00	167.00	165.00	164.00	163.00	159.00	156.00	153.00	151.00	149.00	149.00	149.00	147.00	144.00	146.00	149.00	153.00	156.00	158.00	157.00	155.00	151.00	150.00	156.00	159.00	161.00	161.00	160.00	159.00	158.00	157.00	157.00	161.00	163.00	165.00	166.00	168.00	169.00	170.00	170.00	170.00	169.00	166.00	164.00	163.00	162.00	163.00	164.00	165.00	167.00	169.00	169.00	169.00	167.00	167.00	169.00	173.00	176.00	178.00	178.00	178.00	177.00	175.00	171.00	169.00	167.00	166.00	165.00	166.00	167.00	169.00	170.00	170.00	174.00	175.00	176.00	176.00	174.00	171.00	170.00	168.00	166.00	164.00	163.00	160.00	159.00	151.00	146.00	141.00	137.00	131.00	131.00	132.00	132.00	133.00	141.00	143.00	145.00	148.00	150.00	151.00	151.00	152.00	152.00	146.00	130.00	127.00	129.00	144.00	151.00	155.00	158.00	159.00	161.00	163.00	165.00	169.00	174.00	175.00	177.00	180.00	183.00	183.00	182.00	182.00	181.00	173.00	170.00	164.00	157.00	143.00	141.00	144.00	149.00	153.00	159.00	165.00	167.00	167.00	169.00	171.00	174.00	178.00	183.00	190.00	192.00	193.00	195.00	197.00	199.00	201.00	202.00	202.00	199.00	198.00	195.00	192.00	176.00	173.00	174.00	177.00	180.00	183.00	183.00	184.00	185.00	186.00	188.00	191.00	191.00	191.00	188.00	183.00	175.00	161.00	146.00	155.00	165.00	174.00	187.00	194.00	196.00	196.00	193.00	182.00	175.00	168.00	162.00	159.00	161.00	167.00	176.00	182.00	184.00	180.00	173.00	160.00	147.00	153.00	174.00	180.00	182.00	179.00	175.00	170.00	166.00	164.00	165.00	165.00	169.00	184.00	195.00	198.00
164.00	161.00	160.00	156.00	154.00	153.00	152.00	153.00	157.00	160.00	164.00	167.00	172.00	171.00	169.00	168.00	167.00	166.00	166.00	166.00	165.00	165.00	164.00	164.00	164.00	164.00	162.00	161.00	159.00	157.00	159.00	164.00	166.00	169.00	171.00	171.00	172.00	172.00	173.00	175.00	175.00	175.00	174.00	170.00	168.00	166.00	165.00	163.00	159.00	157.00	156.00	157.00	159.00	157.00	154.00	150.00	149.00	156.00	159.00	161.00	163.00	163.00	162.00	161.00	155.00	154.00	156.00	159.00	162.00	164.00	166.00	165.00	166.00	166.00	166.00	167.00	168.00	169.00	171.00	172.00	173.00	173.00	174.00	174.00	174.00	174.00	174.00	175.00	174.00	173.00	172.00	170.00	168.00	165.00	164.00	163.00	162.00	160.00	160.00	162.00	164.00	167.00	171.00	171.00	171.00	169.00	163.00	164.00	165.00	167.00	169.00	171.00	172.00	173.00	174.00	175.00	175.00	175.00	174.00	173.00	170.00	168.00	166.00	164.00	163.00	163.00	162.00	159.00	157.00	155.00	155.00	153.00	148.00	135.00	132.00	129.00	127.00	129.00	134.00	134.00	135.00	136.00	138.00	138.00	139.00	140.00	141.00	139.00	128.00	131.00	139.00	153.00	156.00	158.00	160.00	161.00	161.00	160.00	161.00	167.00	174.00	176.00	178.00	178.00	179.00	180.00	180.00	179.00	178.00	171.00	166.00	161.00	154.00	143.00	144.00	149.00	154.00	158.00	167.00	174.00	176.00	176.00	172.00	171.00	172.00	176.00	180.00	185.00	186.00	187.00	188.00	190.00	191.00	193.00	195.00	196.00	197.00	197.00	197.00	196.00	187.00	181.00	177.00	175.00	174.00	173.00	173.00	173.00	173.00	173.00	173.00	176.00	177.00	177.00	177.00	174.00	170.00	162.00	142.00	146.00	156.00	165.00	179.00	188.00	189.00	188.00	184.00	169.00	161.00	155.00	156.00	162.00	171.00	175.00	179.00	182.00	177.00	171.00	161.00	151.00	142.00	150.00	169.00	172.00	170.00	156.00	150.00	150.00	156.00	164.00	176.00	180.00	183.00	188.00	195.00	200.00
154.00	154.00	154.00	152.00	151.00	153.00	156.00	159.00	167.00	172.00	176.00	179.00	175.00	174.00	172.00	172.00	171.00	170.00	170.00	171.00	171.00	169.00	163.00	162.00	161.00	159.00	159.00	158.00	156.00	154.00	152.00	155.00	159.00	163.00	166.00	167.00	168.00	169.00	169.00	175.00	176.00	176.00	172.00	163.00	160.00	158.00	156.00	154.00	154.00	157.00	160.00	163.00	166.00	162.00	159.00	157.00	156.00	163.00	167.00	170.00	171.00	172.00	171.00	168.00	160.00	158.00	161.00	165.00	168.00	171.00	173.00	172.00	172.00	171.00	171.00	170.00	171.00	171.00	170.00	171.00	172.00	173.00	174.00	175.00	177.00	177.00	177.00	177.00	176.00	175.00	174.00	173.00	173.00	173.00	173.00	172.00	171.00	170.00	168.00	168.00	167.00	167.00	167.00	166.00	165.00	164.00	160.00	160.00	161.00	162.00	164.00	167.00	169.00	170.00	171.00	174.00	174.00	174.00	174.00	172.00	168.00	166.00	165.00	164.00	162.00	162.00	160.00	157.00	154.00	149.00	148.00	146.00	144.00	141.00	138.00	135.00	134.00	138.00	148.00	147.00	145.00	143.00	140.00	137.00	132.00	127.00	125.00	125.00	128.00	136.00	142.00	149.00	151.00	154.00	155.00	157.00	158.00	158.00	161.00	166.00	171.00	174.00	176.00	178.00	178.00	178.00	177.00	174.00	171.00	160.00	155.00	147.00	140.00	138.00	143.00	151.00	158.00	163.00	170.00	177.00	180.00	182.00	183.00	181.00	180.00	181.00	183.00	187.00	188.00	187.00	183.00	183.00	184.00	184.00	183.00	182.00	183.00	185.00	186.00	187.00	187.00	185.00	182.00	179.00	175.00	167.00	163.00	161.00	159.00	158.00	157.00	156.00	155.00	155.00	153.00	153.00	151.00	146.00	134.00	134.00	141.00	151.00	167.00	177.00	179.00	179.00	174.00	159.00	152.00	151.00	157.00	167.00	174.00	176.00	179.00	180.00	175.00	167.00	156.00	144.00	134.00	139.00	146.00	147.00	148.00	157.00	163.00	170.00	176.00	182.00	190.00	193.00	195.00	198.00	201.00	202.00
154.00	154.00	154.00	152.00	151.00	153.00	156.00	159.00	167.00	172.00	176.00	179.00	175.00	174.00	172.00	172.00	171.00	170.00	170.00	171.00	171.00	169.00	163.00	162.00	161.00	159.00	159.00	158.00	156.00	154.00	152.00	155.00	159.00	163.00	166.00	167.00	168.00	169.00	169.00	175.00	176.00	176.00	172.00	163.00	160.00	158.00	156.00	154.00	154.00	157.00	160.00	163.00	166.00	162.00	159.00	157.00	156.00	163.00	167.00	170.00	171.00	172.00	171.00	168.00	160.00	158.00	161.00	165.00	168.00	171.00	173.00	172.00	172.00	171.00	171.00	170.00	171.00	171.00	170.00	171.00	172.00	173.00	174.00	175.00	177.00	177.00	177.00	177.00	176.00	175.00	174.00	173.00	173.00	173.00	173.00	172.00	171.00	170.00	168.00	168.00	167.00	167.00	167.00	166.00	165.00	164.00	160.00	160.00	161.00	162.00	164.00	167.00	169.00	170.00	171.00	174.00	174.00	174.00	174.00	172.00	168.00	166.00	165.00	164.00	162.00	162.00	160.00	157.00	154.00	149.00	148.00	146.00	144.00	141.00	138.00	135.00	134.00	138.00	148.00	147.00	145.00	143.00	140.00	137.00	132.00	127.00	125.00	125.00	128.00	136.00	142.00	149.00	151.00	154.00	155.00	157.00	158.00	158.00	161.00	166.00	171.00	174.00	176.00	178.00	178.00	178.00	177.00	174.00	171.00	160.00	155.00	147.00	140.00	138.00	143.00	151.00	158.00	163.00	170.00	177.00	180.00	182.00	183.00	181.00	180.00	181.00	183.00	187.00	188.00	187.00	183.00	183.00	184.00	184.00	183.00	182.00	183.00	185.00	186.00	187.00	187.00	185.00	182.00	179.00	175.00	167.00	163.00	161.00	159.00	158.00	157.00	156.00	155.00	155.00	153.00	153.00	151.00	146.00	134.00	134.00	141.00	151.00	167.00	177.00	179.00	179.00	174.00	159.00	152.00	151.00	157.00	167.00	174.00	176.00	179.00	180.00	175.00	167.00	156.00	144.00	134.00	139.00	146.00	147.00	148.00	157.00	163.00	170.00	176.00	182.00	190.00	193.00	195.00	198.00	201.00	202.00
154.00	154.00	154.00	152.00	151.00	153.00	156.00	159.00	167.00	172.00	176.00	179.00	175.00	174.00	172.00	172.00	171.00	170.00	170.00	171.00	171.00	169.00	163.00	162.00	161.00	159.00	159.00	158.00	156.00	154.00	152.00	155.00	159.00	163.00	166.00	167.00	168.00	169.00	169.00	175.00	176.00	176.00	172.00	163.00	160.00	158.00	156.00	154.00	154.00	157.00	160.00	163.00	166.00	162.00	159.00	157.00	156.00	163.00	167.00	170.00	171.00	172.00	171.00	168.00	160.00	158.00	161.00	165.00	168.00	171.00	173.00	172.00	172.00	171.00	171.00	170.00	171.00	171.00	170.00	171.00	172.00	173.00	174.00	175.00	177.00	177.00	177.00	177.00	176.00	175.00	174.00	173.00	173.00	173.00	173.00	172.00	171.00	170.00	168.00	168.00	167.00	167.00	167.00	166.00	165.00	164.00	160.00	160.00	161.00	162.00	164.00	167.00	169.00	170.00	171.00	174.00	174.00	174.00	174.00	172.00	168.00	166.00	165.00	164.00	162.00	162.00	160.00	157.00	154.00	149.00	148.00	146.00	144.00	141.00	138.00	135.00	134.00	138.00	148.00	147.00	145.00	143.00	140.00	137.00	132.00	127.00	125.00	125.00	128.00	136.00	142.00	149.00	151.00	154.00	155.00	157.00	158.00	158.00	161.00	166.00	171.00	174.00	176.00	178.00	178.00	178.00	177.00	174.00	171.00	160.00	155.00	147.00	140.00	138.00	143.00	151.00	158.00	163.00	170.00	177.00	180.00	182.00	183.00	181.00	180.00	181.00	183.00	187.00	188.00	187.00	183.00	183.00	184.00	184.00	183.00	182.00	183.00	185.00	186.00	187.00	187.00	185.00	182.00	179.00	175.00	167.00	163.00	161.00	159.00	158.00	157.00	156.00	155.00	155.00	153.00	153.00	151.00	146.00	134.00	134.00	141.00	151.00	167.00	177.00	179.00	179.00	174.00	159.00	152.00	151.00	157.00	167.00	174.00	176.00	179.00	180.00	175.00	167.00	156.00	144.00	134.00	139.00	146.00	147.00	148.00	157.00	163.00	170.00	176.00	182.00	190.00	193.00	195.00	198.00	201.00	202.00
154.00	154.00	154.00	157.00	159.00	163.00	165.00	169.00	183.00	187.00	186.00	183.00	178.00	177.00	176.00	175.00	173.00	169.00	166.00	164.00	163.00	166.00	161.00	157.00	155.00	151.00	150.00	149.00	148.00	147.00	143.00	142.00	143.00	152.00	158.00	161.00	165.00	169.00	173.00	181.00	181.00	180.00	176.00	165.00	161.00	158.00	157.00	158.00	160.00	162.00	163.00	163.00	160.00	153.00	149.00	146.00	148.00	156.00	160.00	163.00	165.00	167.00	167.00	167.00	163.00	162.00	163.00	167.00	170.00	173.00	175.00	175.00	174.00	174.00	175.00	175.00	174.00	174.00	174.00	172.00	172.00	172.00	172.00	171.00	170.00	169.00	169.00	168.00	167.00	165.00	163.00	163.00	163.00	164.00	165.00	165.00	164.00	165.00	165.00	165.00	166.00	167.00	167.00	167.00	166.00	166.00	164.00	162.00	161.00	160.00	158.00	157.00	157.00	157.00	157.00	158.00	158.00	157.00	157.00	156.00	155.00	156.00	156.00	157.00	157.00	157.00	156.00	156.00	157.00	157.00	156.00	154.00	153.00	148.00	147.00	146.00	146.00	148.00	157.00	159.00	161.00	161.00	155.00	143.00	131.00	124.00	121.00	126.00	137.00	142.00	146.00	150.00	152.00	154.00	155.00	156.00	158.00	159.00	160.00	164.00	167.00	169.00	171.00	173.00	175.00	173.00	171.00	169.00	165.00	155.00	150.00	142.00	135.00	136.00	143.00	150.00	156.00	162.00	172.00	179.00	181.00	183.00	185.00	186.00	186.00	187.00	188.00	188.00	187.00	184.00	172.00	172.00	176.00	181.00	184.00	186.00	188.00	189.00	191.00	192.00	191.00	190.00	188.00	184.00	181.00	177.00	176.00	175.00	173.00	173.00	172.00	167.00	164.00	160.00	153.00	152.00	154.00	154.00	147.00	139.00	134.00	135.00	147.00	156.00	158.00	159.00	157.00	146.00	143.00	146.00	155.00	166.00	166.00	166.00	167.00	169.00	166.00	161.00	153.00	142.00	129.00	122.00	137.00	146.00	155.00	172.00	177.00	182.00	184.00	187.00	188.00	190.00	190.00	192.00	195.00	197.00
154.00	154.00	154.00	157.00	159.00	163.00	165.00	169.00	183.00	187.00	186.00	183.00	178.00	177.00	176.00	175.00	173.00	169.00	166.00	164.00	163.00	166.00	161.00	157.00	155.00	151.00	150.00	149.00	148.00	147.00	143.00	142.00	143.00	152.00	158.00	161.00	165.00	169.00	173.00	181.00	181.00	180.00	176.00	165.00	161.00	158.00	157.00	158.00	160.00	162.00	163.00	163.00	160.00	153.00	149.00	146.00	148.00	156.00	160.00	163.00	165.00	167.00	167.00	167.00	163.00	162.00	163.00	167.00	170.00	173.00	175.00	175.00	174.00	174.00	175.00	175.00	174.00	174.00	174.00	172.00	172.00	172.00	172.00	171.00	170.00	169.00	169.00	168.00	167.00	165.00	163.00	163.00	163.00	164.00	165.00	165.00	164.00	165.00	165.00	165.00	166.00	167.00	167.00	167.00	166.00	166.00	164.00	162.00	161.00	160.00	158.00	157.00	157.00	157.00	157.00	158.00	158.00	157.00	157.00	156.00	155.00	156.00	156.00	157.00	157.00	157.00	156.00	156.00	157.00	157.00	156.00	154.00	153.00	148.00	147.00	146.00	146.00	148.00	157.00	159.00	161.00	161.00	155.00	143.00	131.00	124.00	121.00	126.00	137.00	142.00	146.00	150.00	152.00	154.00	155.00	156.00	158.00	159.00	160.00	164.00	167.00	169.00	171.00	173.00	175.00	173.00	171.00	169.00	165.00	155.00	150.00	142.00	135.00	136.00	143.00	150.00	156.00	162.00	172.00	179.00	181.00	183.00	185.00	186.00	186.00	187.00	188.00	188.00	187.00	184.00	172.00	172.00	176.00	181.00	184.00	186.00	188.00	189.00	191.00	192.00	191.00	190.00	188.00	184.00	181.00	177.00	176.00	175.00	173.00	173.00	172.00	167.00	164.00	160.00	153.00	152.00	154.00	154.00	147.00	139.00	134.00	135.00	147.00	156.00	158.00	159.00	157.00	146.00	143.00	146.00	155.00	166.00	166.00	166.00	167.00	169.00	166.00	161.00	153.00	142.00	129.00	122.00	137.00	146.00	155.00	172.00	177.00	182.00	184.00	187.00	188.00	190.00	190.00	192.00	195.00	197.00
159.00	161.00	162.00	165.00	169.00	173.00	180.00	186.00	189.00	185.00	180.00	176.00	170.00	169.00	168.00	166.00	165.00	162.00	160.00	157.00	153.00	154.00	162.00	163.00	163.00	160.00	157.00	154.00	151.00	146.00	137.00	134.00	134.00	145.00	154.00	158.00	161.00	165.00	169.00	173.00	173.00	172.00	171.00	167.00	167.00	167.00	168.00	172.00	179.00	178.00	175.00	171.00	163.00	156.00	152.00	149.00	148.00	155.00	158.00	161.00	162.00	162.00	160.00	158.00	154.00	154.00	160.00	164.00	167.00	169.00	172.00	173.00	174.00	175.00	175.00	173.00	172.00	171.00	170.00	169.00	169.00	169.00	168.00	168.00	167.00	165.00	164.00	163.00	157.00	153.00	151.00	150.00	150.00	150.00	151.00	152.00	154.00	156.00	157.00	158.00	158.00	159.00	160.00	160.00	160.00	160.00	160.00	159.00	158.00	158.00	156.00	153.00	152.00	150.00	147.00	141.00	139.00	139.00	138.00	138.00	137.00	137.00	137.00	138.00	139.00	140.00	140.00	140.00	143.00	145.00	146.00	147.00	146.00	147.00	148.00	149.00	152.00	153.00	159.00	161.00	162.00	160.00	139.00	130.00	124.00	123.00	125.00	131.00	137.00	140.00	142.00	143.00	144.00	145.00	147.00	148.00	150.00	151.00	152.00	155.00	161.00	163.00	164.00	166.00	169.00	170.00	171.00	172.00	172.00	162.00	156.00	148.00	141.00	143.00	149.00	156.00	161.00	166.00	173.00	178.00	179.00	178.00	180.00	183.00	185.00	187.00	187.00	184.00	180.00	174.00	162.00	166.00	171.00	175.00	178.00	180.00	183.00	186.00	189.00	192.00	198.00	198.00	197.00	195.00	192.00	184.00	182.00	182.00	184.00	186.00	185.00	181.00	179.00	176.00	171.00	174.00	178.00	181.00	179.00	172.00	159.00	146.00	136.00	137.00	137.00	137.00	136.00	129.00	128.00	132.00	139.00	146.00	144.00	145.00	148.00	150.00	151.00	147.00	141.00	131.00	122.00	124.00	141.00	149.00	156.00	164.00	166.00	168.00	169.00	169.00	170.00	170.00	172.00	176.00	181.00	186.00
159.00	161.00	162.00	165.00	169.00	173.00	180.00	186.00	189.00	185.00	180.00	176.00	170.00	169.00	168.00	166.00	165.00	162.00	160.00	157.00	153.00	154.00	162.00	163.00	163.00	160.00	157.00	154.00	151.00	146.00	137.00	134.00	134.00	145.00	154.00	158.00	161.00	165.00	169.00	173.00	173.00	172.00	171.00	167.00	167.00	167.00	168.00	172.00	179.00	178.00	175.00	171.00	163.00	156.00	152.00	149.00	148.00	155.00	158.00	161.00	162.00	162.00	160.00	158.00	154.00	154.00	160.00	164.00	167.00	169.00	172.00	173.00	174.00	175.00	175.00	173.00	172.00	171.00	170.00	169.00	169.00	169.00	168.00	168.00	167.00	165.00	164.00	163.00	157.00	153.00	151.00	150.00	150.00	150.00	151.00	152.00	154.00	156.00	157.00	158.00	158.00	159.00	160.00	160.00	160.00	160.00	160.00	159.00	158.00	158.00	156.00	153.00	152.00	150.00	147.00	141.00	139.00	139.00	138.00	138.00	137.00	137.00	137.00	138.00	139.00	140.00	140.00	140.00	143.00	145.00	146.00	147.00	146.00	147.00	148.00	149.00	152.00	153.00	159.00	161.00	162.00	160.00	139.00	130.00	124.00	123.00	125.00	131.00	137.00	140.00	142.00	143.00	144.00	145.00	147.00	148.00	150.00	151.00	152.00	155.00	161.00	163.00	164.00	166.00	169.00	170.00	171.00	172.00	172.00	162.00	156.00	148.00	141.00	143.00	149.00	156.00	161.00	166.00	173.00	178.00	179.00	178.00	180.00	183.00	185.00	187.00	187.00	184.00	180.00	174.00	162.00	166.00	171.00	175.00	178.00	180.00	183.00	186.00	189.00	192.00	198.00	198.00	197.00	195.00	192.00	184.00	182.00	182.00	184.00	186.00	185.00	181.00	179.00	176.00	171.00	174.00	178.00	181.00	179.00	172.00	159.00	146.00	136.00	137.00	137.00	137.00	136.00	129.00	128.00	132.00	139.00	146.00	144.00	145.00	148.00	150.00	151.00	147.00	141.00	131.00	122.00	124.00	141.00	149.00	156.00	164.00	166.00	168.00	169.00	169.00	170.00	170.00	172.00	176.00	181.00	186.00
159.00	161.00	162.00	165.00	169.00	173.00	180.00	186.00	189.00	185.00	180.00	176.00	170.00	169.00	168.00	166.00	165.00	162.00	160.00	157.00	153.00	154.00	162.00	163.00	163.00	160.00	157.00	154.00	151.00	146.00	137.00	134.00	134.00	145.00	154.00	158.00	161.00	165.00	169.00	173.00	173.00	172.00	171.00	167.00	167.00	167.00	168.00	172.00	179.00	178.00	175.00	171.00	163.00	156.00	152.00	149.00	148.00	155.00	158.00	161.00	162.00	162.00	160.00	158.00	154.00	154.00	160.00	164.00	167.00	169.00	172.00	173.00	174.00	175.00	175.00	173.00	172.00	171.00	170.00	169.00	169.00	169.00	168.00	168.00	167.00	165.00	164.00	163.00	157.00	153.00	151.00	150.00	150.00	150.00	151.00	152.00	154.00	156.00	157.00	158.00	158.00	159.00	160.00	160.00	160.00	160.00	160.00	159.00	158.00	158.00	156.00	153.00	152.00	150.00	147.00	141.00	139.00	139.00	138.00	138.00	137.00	137.00	137.00	138.00	139.00	140.00	140.00	140.00	143.00	145.00	146.00	147.00	146.00	147.00	148.00	149.00	152.00	153.00	159.00	161.00	162.00	160.00	139.00	130.00	124.00	123.00	125.00	131.00	137.00	140.00	142.00	143.00	144.00	145.00	147.00	148.00	150.00	151.00	152.00	155.00	161.00	163.00	164.00	166.00	169.00	170.00	171.00	172.00	172.00	162.00	156.00	148.00	141.00	143.00	149.00	156.00	161.00	166.00	173.00	178.00	179.00	178.00	180.00	183.00	185.00	187.00	187.00	184.00	180.00	174.00	162.00	166.00	171.00	175.00	178.00	180.00	183.00	186.00	189.00	192.00	198.00	198.00	197.00	195.00	192.00	184.00	182.00	182.00	184.00	186.00	185.00	181.00	179.00	176.00	171.00	174.00	178.00	181.00	179.00	172.00	159.00	146.00	136.00	137.00	137.00	137.00	136.00	129.00	128.00	132.00	139.00	146.00	144.00	145.00	148.00	150.00	151.00	147.00	141.00	131.00	122.00	124.00	141.00	149.00	156.00	164.00	166.00	168.00	169.00	169.00	170.00	170.00	172.00	176.00	181.00	186.00
161.00	163.00	165.00	172.00	177.00	183.00	187.00	187.00	176.00	170.00	166.00	165.00	170.00	172.00	174.00	174.00	173.00	169.00	167.00	164.00	161.00	153.00	152.00	154.00	156.00	158.00	158.00	158.00	158.00	157.00	149.00	144.00	141.00	146.00	155.00	158.00	162.00	166.00	168.00	168.00	168.00	166.00	166.00	167.00	168.00	169.00	171.00	174.00	178.00	176.00	172.00	169.00	165.00	164.00	164.00	163.00	162.00	161.00	162.00	163.00	165.00	164.00	162.00	160.00	158.00	159.00	164.00	166.00	166.00	163.00	162.00	162.00	164.00	165.00	166.00	168.00	168.00	166.00	164.00	162.00	161.00	160.00	160.00	160.00	161.00	160.00	159.00	158.00	153.00	150.00	147.00	146.00	145.00	145.00	145.00	145.00	146.00	147.00	148.00	148.00	147.00	147.00	149.00	150.00	152.00	153.00	157.00	157.00	156.00	155.00	152.00	148.00	146.00	144.00	143.00	139.00	136.00	134.00	133.00	131.00	130.00	130.00	130.00	129.00	129.00	129.00	130.00	129.00	129.00	129.00	130.00	131.00	132.00	132.00	133.00	135.00	138.00	141.00	149.00	151.00	153.00	151.00	132.00	125.00	123.00	123.00	125.00	131.00	135.00	137.00	138.00	141.00	141.00	142.00	142.00	143.00	146.00	148.00	151.00	154.00	156.00	155.00	155.00	155.00	160.00	162.00	165.00	167.00	168.00	162.00	156.00	147.00	142.00	150.00	156.00	161.00	164.00	167.00	169.00	169.00	168.00	166.00	165.00	168.00	172.00	175.00	176.00	175.00	173.00	168.00	158.00	163.00	168.00	171.00	173.00	174.00	176.00	179.00	184.00	189.00	193.00	190.00	188.00	188.00	187.00	189.00	190.00	192.00	194.00	193.00	192.00	191.00	191.00	189.00	182.00	180.00	181.00	184.00	189.00	189.00	188.00	184.00	165.00	144.00	141.00	143.00	147.00	147.00	142.00	136.00	130.00	126.00	116.00	116.00	119.00	122.00	125.00	122.00	119.00	116.00	117.00	125.00	135.00	138.00	141.00	145.00	147.00	148.00	149.00	151.00	162.00	169.00	175.00	184.00	189.00	191.00
167.00	171.00	176.00	182.00	183.00	183.00	180.00	173.00	156.00	149.00	146.00	149.00	164.00	167.00	170.00	171.00	172.00	168.00	165.00	163.00	160.00	156.00	151.00	151.00	153.00	155.00	154.00	152.00	150.00	149.00	142.00	137.00	135.00	141.00	150.00	156.00	162.00	167.00	169.00	167.00	163.00	160.00	155.00	158.00	164.00	166.00	167.00	168.00	172.00	174.00	173.00	172.00	170.00	167.00	167.00	166.00	164.00	161.00	161.00	162.00	163.00	162.00	162.00	162.00	164.00	167.00	172.00	172.00	169.00	165.00	159.00	157.00	156.00	155.00	155.00	153.00	153.00	152.00	151.00	149.00	148.00	147.00	147.00	147.00	151.00	151.00	150.00	149.00	146.00	143.00	141.00	140.00	138.00	138.00	139.00	139.00	141.00	143.00	142.00	142.00	141.00	141.00	142.00	144.00	145.00	147.00	154.00	155.00	155.00	154.00	153.00	150.00	147.00	144.00	142.00	137.00	133.00	131.00	129.00	128.00	126.00	126.00	125.00	125.00	123.00	123.00	122.00	122.00	122.00	123.00	124.00	125.00	126.00	127.00	127.00	128.00	128.00	129.00	133.00	134.00	135.00	136.00	131.00	126.00	121.00	117.00	116.00	117.00	121.00	124.00	127.00	134.00	138.00	143.00	146.00	148.00	150.00	152.00	154.00	158.00	158.00	156.00	154.00	152.00	157.00	160.00	163.00	164.00	165.00	157.00	151.00	143.00	139.00	148.00	155.00	160.00	164.00	165.00	164.00	146.00	137.00	133.00	140.00	151.00	162.00	168.00	170.00	172.00	170.00	166.00	153.00	152.00	156.00	161.00	165.00	169.00	176.00	182.00	187.00	193.00	196.00	192.00	187.00	183.00	182.00	183.00	186.00	188.00	190.00	193.00	194.00	195.00	195.00	195.00	195.00	195.00	195.00	195.00	197.00	196.00	195.00	192.00	180.00	167.00	167.00	172.00	176.00	181.00	181.00	179.00	173.00	164.00	120.00	110.00	103.00	101.00	105.00	103.00	103.00	109.00	120.00	142.00	158.00	163.00	168.00	173.00	177.00	179.00	179.00	176.00	176.00	179.00	184.00	194.00	200.00	202.00
167.00	171.00	176.00	182.00	183.00	183.00	180.00	173.00	156.00	149.00	146.00	149.00	164.00	167.00	170.00	171.00	172.00	168.00	165.00	163.00	160.00	156.00	151.00	151.00	153.00	155.00	154.00	152.00	150.00	149.00	142.00	137.00	135.00	141.00	150.00	156.00	162.00	167.00	169.00	167.00	163.00	160.00	155.00	158.00	164.00	166.00	167.00	168.00	172.00	174.00	173.00	172.00	170.00	167.00	167.00	166.00	164.00	161.00	161.00	162.00	163.00	162.00	162.00	162.00	164.00	167.00	172.00	172.00	169.00	165.00	159.00	157.00	156.00	155.00	155.00	153.00	153.00	152.00	151.00	149.00	148.00	147.00	147.00	147.00	151.00	151.00	150.00	149.00	146.00	143.00	141.00	140.00	138.00	138.00	139.00	139.00	141.00	143.00	142.00	142.00	141.00	141.00	142.00	144.00	145.00	147.00	154.00	155.00	155.00	154.00	153.00	150.00	147.00	144.00	142.00	137.00	133.00	131.00	129.00	128.00	126.00	126.00	125.00	125.00	123.00	123.00	122.00	122.00	122.00	123.00	124.00	125.00	126.00	127.00	127.00	128.00	128.00	129.00	133.00	134.00	135.00	136.00	131.00	126.00	121.00	117.00	116.00	117.00	121.00	124.00	127.00	134.00	138.00	143.00	146.00	148.00	150.00	152.00	154.00	158.00	158.00	156.00	154.00	152.00	157.00	160.00	163.00	164.00	165.00	157.00	151.00	143.00	139.00	148.00	155.00	160.00	164.00	165.00	164.00	146.00	137.00	133.00	140.00	151.00	162.00	168.00	170.00	172.00	170.00	166.00	153.00	152.00	156.00	161.00	165.00	169.00	176.00	182.00	187.00	193.00	196.00	192.00	187.00	183.00	182.00	183.00	186.00	188.00	190.00	193.00	194.00	195.00	195.00	195.00	195.00	195.00	195.00	195.00	197.00	196.00	195.00	192.00	180.00	167.00	167.00	172.00	176.00	181.00	181.00	179.00	173.00	164.00	120.00	110.00	103.00	101.00	105.00	103.00	103.00	109.00	120.00	142.00	158.00	163.00	168.00	173.00	177.00	179.00	179.00	176.00	176.00	179.00	184.00	194.00	200.00	202.00
167.00	171.00	176.00	182.00	183.00	183.00	180.00	173.00	156.00	149.00	146.00	149.00	164.00	167.00	170.00	171.00	172.00	168.00	165.00	163.00	160.00	156.00	151.00	151.00	153.00	155.00	154.00	152.00	150.00	149.00	142.00	137.00	135.00	141.00	150.00	156.00	162.00	167.00	169.00	167.00	163.00	160.00	155.00	158.00	164.00	166.00	167.00	168.00	172.00	174.00	173.00	172.00	170.00	167.00	167.00	166.00	164.00	161.00	161.00	162.00	163.00	162.00	162.00	162.00	164.00	167.00	172.00	172.00	169.00	165.00	159.00	157.00	156.00	155.00	155.00	153.00	153.00	152.00	151.00	149.00	148.00	147.00	147.00	147.00	151.00	151.00	150.00	149.00	146.00	143.00	141.00	140.00	138.00	138.00	139.00	139.00	141.00	143.00	142.00	142.00	141.00	141.00	142.00	144.00	145.00	147.00	154.00	155.00	155.00	154.00	153.00	150.00	147.00	144.00	142.00	137.00	133.00	131.00	129.00	128.00	126.00	126.00	125.00	125.00	123.00	123.00	122.00	122.00	122.00	123.00	124.00	125.00	126.00	127.00	127.00	128.00	128.00	129.00	133.00	134.00	135.00	136.00	131.00	126.00	121.00	117.00	116.00	117.00	121.00	124.00	127.00	134.00	138.00	143.00	146.00	148.00	150.00	152.00	154.00	158.00	158.00	156.00	154.00	152.00	157.00	160.00	163.00	164.00	165.00	157.00	151.00	143.00	139.00	148.00	155.00	160.00	164.00	165.00	164.00	146.00	137.00	133.00	140.00	151.00	162.00	168.00	170.00	172.00	170.00	166.00	153.00	152.00	156.00	161.00	165.00	169.00	176.00	182.00	187.00	193.00	196.00	192.00	187.00	183.00	182.00	183.00	186.00	188.00	190.00	193.00	194.00	195.00	195.00	195.00	195.00	195.00	195.00	195.00	197.00	196.00	195.00	192.00	180.00	167.00	167.00	172.00	176.00	181.00	181.00	179.00	173.00	164.00	120.00	110.00	103.00	101.00	105.00	103.00	103.00	109.00	120.00	142.00	158.00	163.00	168.00	173.00	177.00	179.00	179.00	176.00	176.00	179.00	184.00	194.00	200.00	202.00
176.00	180.00	185.00	187.00	182.00	175.00	165.00	157.00	140.00	135.00	137.00	143.00	162.00	165.00	165.00	165.00	160.00	154.00	152.00	151.00	150.00	148.00	148.00	150.00	153.00	157.00	157.00	156.00	153.00	150.00	143.00	139.00	136.00	140.00	153.00	158.00	163.00	165.00	164.00	157.00	153.00	148.00	143.00	154.00	160.00	165.00	167.00	167.00	166.00	167.00	168.00	169.00	170.00	170.00	171.00	171.00	171.00	168.00	166.00	164.00	161.00	156.00	156.00	156.00	157.00	158.00	163.00	161.00	159.00	158.00	155.00	151.00	149.00	148.00	148.00	148.00	147.00	147.00	147.00	146.00	145.00	143.00	143.00	143.00	146.00	147.00	146.00	147.00	148.00	145.00	141.00	138.00	135.00	131.00	129.00	129.00	130.00	133.00	133.00	133.00	134.00	134.00	136.00	139.00	141.00	142.00	147.00	148.00	149.00	150.00	150.00	149.00	148.00	146.00	144.00	140.00	136.00	134.00	132.00	130.00	129.00	128.00	128.00	128.00	125.00	124.00	122.00	119.00	117.00	116.00	116.00	116.00	117.00	119.00	120.00	121.00	121.00	122.00	124.00	125.00	126.00	127.00	125.00	123.00	121.00	118.00	116.00	112.00	110.00	110.00	111.00	119.00	125.00	131.00	136.00	140.00	145.00	147.00	149.00	153.00	153.00	152.00	150.00	151.00	156.00	158.00	159.00	160.00	160.00	150.00	143.00	137.00	135.00	145.00	149.00	152.00	154.00	155.00	143.00	120.00	119.00	120.00	121.00	126.00	142.00	158.00	166.00	168.00	165.00	158.00	157.00	165.00	169.00	172.00	175.00	177.00	178.00	177.00	178.00	181.00	188.00	189.00	188.00	185.00	181.00	175.00	177.00	180.00	183.00	183.00	182.00	180.00	179.00	180.00	186.00	188.00	190.00	192.00	196.00	198.00	199.00	197.00	187.00	179.00	181.00	185.00	189.00	192.00	191.00	191.00	191.00	190.00	159.00	146.00	128.00	107.00	92.00	98.00	104.00	111.00	120.00	137.00	153.00	160.00	166.00	177.00	183.00	187.00	190.00	193.00	194.00	193.00	193.00	195.00	194.00	193.00
176.00	180.00	185.00	187.00	182.00	175.00	165.00	157.00	140.00	135.00	137.00	143.00	162.00	165.00	165.00	165.00	160.00	154.00	152.00	151.00	150.00	148.00	148.00	150.00	153.00	157.00	157.00	156.00	153.00	150.00	143.00	139.00	136.00	140.00	153.00	158.00	163.00	165.00	164.00	157.00	153.00	148.00	143.00	154.00	160.00	165.00	167.00	167.00	166.00	167.00	168.00	169.00	170.00	170.00	171.00	171.00	171.00	168.00	166.00	164.00	161.00	156.00	156.00	156.00	157.00	158.00	163.00	161.00	159.00	158.00	155.00	151.00	149.00	148.00	148.00	148.00	147.00	147.00	147.00	146.00	145.00	143.00	143.00	143.00	146.00	147.00	146.00	147.00	148.00	145.00	141.00	138.00	135.00	131.00	129.00	129.00	130.00	133.00	133.00	133.00	134.00	134.00	136.00	139.00	141.00	142.00	147.00	148.00	149.00	150.00	150.00	149.00	148.00	146.00	144.00	140.00	136.00	134.00	132.00	130.00	129.00	128.00	128.00	128.00	125.00	124.00	122.00	119.00	117.00	116.00	116.00	116.00	117.00	119.00	120.00	121.00	121.00	122.00	124.00	125.00	126.00	127.00	125.00	123.00	121.00	118.00	116.00	112.00	110.00	110.00	111.00	119.00	125.00	131.00	136.00	140.00	145.00	147.00	149.00	153.00	153.00	152.00	150.00	151.00	156.00	158.00	159.00	160.00	160.00	150.00	143.00	137.00	135.00	145.00	149.00	152.00	154.00	155.00	143.00	120.00	119.00	120.00	121.00	126.00	142.00	158.00	166.00	168.00	165.00	158.00	157.00	165.00	169.00	172.00	175.00	177.00	178.00	177.00	178.00	181.00	188.00	189.00	188.00	185.00	181.00	175.00	177.00	180.00	183.00	183.00	182.00	180.00	179.00	180.00	186.00	188.00	190.00	192.00	196.00	198.00	199.00	197.00	187.00	179.00	181.00	185.00	189.00	192.00	191.00	191.00	191.00	190.00	159.00	146.00	128.00	107.00	92.00	98.00	104.00	111.00	120.00	137.00	153.00	160.00	166.00	177.00	183.00	187.00	190.00	193.00	194.00	193.00	193.00	195.00	194.00	193.00
178.00	180.00	180.00	175.00	169.00	164.00	158.00	151.00	135.00	132.00	137.00	144.00	158.00	162.00	165.00	165.00	164.00	158.00	156.00	152.00	148.00	142.00	147.00	151.00	153.00	156.00	156.00	155.00	153.00	150.00	145.00	140.00	135.00	131.00	140.00	146.00	150.00	152.00	151.00	143.00	142.00	143.00	147.00	170.00	173.00	172.00	167.00	162.00	160.00	163.00	164.00	164.00	163.00	162.00	163.00	164.00	166.00	168.00	167.00	165.00	162.00	155.00	154.00	153.00	151.00	151.00	155.00	152.00	149.00	147.00	145.00	144.00	143.00	142.00	140.00	138.00	138.00	138.00	138.00	142.00	146.00	150.00	153.00	155.00	156.00	156.00	155.00	154.00	153.00	151.00	150.00	147.00	143.00	136.00	131.00	128.00	122.00	120.00	120.00	121.00	122.00	122.00	125.00	129.00	133.00	136.00	140.00	140.00	141.00	142.00	142.00	143.00	143.00	143.00	143.00	140.00	138.00	138.00	138.00	137.00	135.00	134.00	133.00	131.00	128.00	127.00	125.00	121.00	119.00	115.00	113.00	112.00	111.00	111.00	111.00	112.00	112.00	112.00	112.00	112.00	113.00	115.00	116.00	116.00	115.00	114.00	113.00	111.00	108.00	107.00	105.00	105.00	107.00	110.00	113.00	116.00	121.00	125.00	128.00	133.00	135.00	136.00	136.00	138.00	145.00	148.00	149.00	151.00	152.00	144.00	138.00	133.00	135.00	145.00	148.00	148.00	146.00	143.00	127.00	114.00	115.00	116.00	117.00	122.00	138.00	154.00	163.00	162.00	155.00	150.00	158.00	169.00	172.00	174.00	175.00	175.00	173.00	174.00	177.00	180.00	183.00	183.00	183.00	183.00	181.00	171.00	168.00	169.00	172.00	172.00	171.00	170.00	172.00	173.00	178.00	181.00	183.00	186.00	196.00	200.00	202.00	202.00	198.00	195.00	195.00	197.00	197.00	195.00	192.00	190.00	188.00	185.00	154.00	143.00	130.00	110.00	85.00	86.00	89.00	94.00	100.00	114.00	128.00	136.00	146.00	168.00	177.00	183.00	188.00	192.00	197.00	200.00	203.00	202.00	195.00	191.00
178.00	180.00	180.00	175.00	169.00	164.00	158.00	151.00	135.00	132.00	137.00	144.00	158.00	162.00	165.00	165.00	164.00	158.00	156.00	152.00	148.00	142.00	147.00	151.00	153.00	156.00	156.00	155.00	153.00	150.00	145.00	140.00	135.00	131.00	140.00	146.00	150.00	152.00	151.00	143.00	142.00	143.00	147.00	170.00	173.00	172.00	167.00	162.00	160.00	163.00	164.00	164.00	163.00	162.00	163.00	164.00	166.00	168.00	167.00	165.00	162.00	155.00	154.00	153.00	151.00	151.00	155.00	152.00	149.00	147.00	145.00	144.00	143.00	142.00	140.00	138.00	138.00	138.00	138.00	142.00	146.00	150.00	153.00	155.00	156.00	156.00	155.00	154.00	153.00	151.00	150.00	147.00	143.00	136.00	131.00	128.00	122.00	120.00	120.00	121.00	122.00	122.00	125.00	129.00	133.00	136.00	140.00	140.00	141.00	142.00	142.00	143.00	143.00	143.00	143.00	140.00	138.00	138.00	138.00	137.00	135.00	134.00	133.00	131.00	128.00	127.00	125.00	121.00	119.00	115.00	113.00	112.00	111.00	111.00	111.00	112.00	112.00	112.00	112.00	112.00	113.00	115.00	116.00	116.00	115.00	114.00	113.00	111.00	108.00	107.00	105.00	105.00	107.00	110.00	113.00	116.00	121.00	125.00	128.00	133.00	135.00	136.00	136.00	138.00	145.00	148.00	149.00	151.00	152.00	144.00	138.00	133.00	135.00	145.00	148.00	148.00	146.00	143.00	127.00	114.00	115.00	116.00	117.00	122.00	138.00	154.00	163.00	162.00	155.00	150.00	158.00	169.00	172.00	174.00	175.00	175.00	173.00	174.00	177.00	180.00	183.00	183.00	183.00	183.00	181.00	171.00	168.00	169.00	172.00	172.00	171.00	170.00	172.00	173.00	178.00	181.00	183.00	186.00	196.00	200.00	202.00	202.00	198.00	195.00	195.00	197.00	197.00	195.00	192.00	190.00	188.00	185.00	154.00	143.00	130.00	110.00	85.00	86.00	89.00	94.00	100.00	114.00	128.00	136.00	146.00	168.00	177.00	183.00	188.00	192.00	197.00	200.00	203.00	202.00	195.00	191.00
174.00	170.00	166.00	155.00	150.00	147.00	145.00	143.00	137.00	135.00	138.00	147.00	162.00	164.00	166.00	165.00	164.00	156.00	152.00	149.00	144.00	138.00	148.00	152.00	154.00	154.00	153.00	151.00	150.00	148.00	145.00	144.00	142.00	136.00	129.00	128.00	131.00	133.00	135.00	138.00	144.00	150.00	157.00	174.00	173.00	168.00	162.00	156.00	147.00	149.00	152.00	154.00	154.00	153.00	151.00	152.00	154.00	155.00	155.00	154.00	154.00	154.00	155.00	155.00	153.00	150.00	150.00	149.00	148.00	148.00	147.00	147.00	146.00	145.00	143.00	143.00	143.00	143.00	143.00	144.00	147.00	151.00	154.00	158.00	161.00	160.00	159.00	158.00	157.00	157.00	156.00	154.00	151.00	145.00	143.00	142.00	136.00	129.00	125.00	123.00	120.00	117.00	117.00	121.00	124.00	127.00	133.00	134.00	135.00	135.00	135.00	135.00	135.00	136.00	136.00	137.00	139.00	140.00	140.00	140.00	139.00	138.00	138.00	137.00	135.00	132.00	130.00	124.00	121.00	115.00	112.00	109.00	107.00	105.00	105.00	105.00	105.00	105.00	106.00	106.00	106.00	106.00	106.00	106.00	106.00	106.00	106.00	105.00	104.00	103.00	104.00	105.00	106.00	106.00	106.00	106.00	106.00	106.00	108.00	115.00	120.00	121.00	122.00	122.00	126.00	127.00	128.00	129.00	129.00	121.00	120.00	125.00	132.00	142.00	142.00	142.00	138.00	132.00	115.00	118.00	120.00	119.00	117.00	122.00	135.00	147.00	153.00	150.00	145.00	147.00	159.00	165.00	165.00	163.00	161.00	161.00	166.00	170.00	173.00	176.00	182.00	184.00	185.00	185.00	183.00	175.00	170.00	164.00	162.00	167.00	172.00	179.00	182.00	185.00	187.00	189.00	190.00	193.00	199.00	203.00	205.00	207.00	208.00	207.00	203.00	198.00	193.00	182.00	176.00	171.00	166.00	162.00	135.00	129.00	126.00	120.00	100.00	91.00	85.00	83.00	85.00	97.00	117.00	128.00	140.00	161.00	168.00	173.00	177.00	182.00	191.00	195.00	198.00	201.00	196.00	193.00
174.00	170.00	166.00	155.00	150.00	147.00	145.00	143.00	137.00	135.00	138.00	147.00	162.00	164.00	166.00	165.00	164.00	156.00	152.00	149.00	144.00	138.00	148.00	152.00	154.00	154.00	153.00	151.00	150.00	148.00	145.00	144.00	142.00	136.00	129.00	128.00	131.00	133.00	135.00	138.00	144.00	150.00	157.00	174.00	173.00	168.00	162.00	156.00	147.00	149.00	152.00	154.00	154.00	153.00	151.00	152.00	154.00	155.00	155.00	154.00	154.00	154.00	155.00	155.00	153.00	150.00	150.00	149.00	148.00	148.00	147.00	147.00	146.00	145.00	143.00	143.00	143.00	143.00	143.00	144.00	147.00	151.00	154.00	158.00	161.00	160.00	159.00	158.00	157.00	157.00	156.00	154.00	151.00	145.00	143.00	142.00	136.00	129.00	125.00	123.00	120.00	117.00	117.00	121.00	124.00	127.00	133.00	134.00	135.00	135.00	135.00	135.00	135.00	136.00	136.00	137.00	139.00	140.00	140.00	140.00	139.00	138.00	138.00	137.00	135.00	132.00	130.00	124.00	121.00	115.00	112.00	109.00	107.00	105.00	105.00	105.00	105.00	105.00	106.00	106.00	106.00	106.00	106.00	106.00	106.00	106.00	106.00	105.00	104.00	103.00	104.00	105.00	106.00	106.00	106.00	106.00	106.00	106.00	108.00	115.00	120.00	121.00	122.00	122.00	126.00	127.00	128.00	129.00	129.00	121.00	120.00	125.00	132.00	142.00	142.00	142.00	138.00	132.00	115.00	118.00	120.00	119.00	117.00	122.00	135.00	147.00	153.00	150.00	145.00	147.00	159.00	165.00	165.00	163.00	161.00	161.00	166.00	170.00	173.00	176.00	182.00	184.00	185.00	185.00	183.00	175.00	170.00	164.00	162.00	167.00	172.00	179.00	182.00	185.00	187.00	189.00	190.00	193.00	199.00	203.00	205.00	207.00	208.00	207.00	203.00	198.00	193.00	182.00	176.00	171.00	166.00	162.00	135.00	129.00	126.00	120.00	100.00	91.00	85.00	83.00	85.00	97.00	117.00	128.00	140.00	161.00	168.00	173.00	177.00	182.00	191.00	195.00	198.00	201.00	196.00	193.00
170.00	171.00	169.00	160.00	155.00	151.00	148.00	145.00	137.00	132.00	129.00	131.00	153.00	156.00	158.00	156.00	154.00	153.00	154.00	154.00	150.00	138.00	145.00	152.00	156.00	164.00	168.00	168.00	167.00	164.00	160.00	159.00	157.00	153.00	145.00	139.00	133.00	131.00	132.00	143.00	151.00	159.00	164.00	165.00	160.00	154.00	149.00	144.00	138.00	144.00	149.00	151.00	146.00	142.00	145.00	150.00	154.00	154.00	152.00	152.00	151.00	151.00	152.00	153.00	154.00	151.00	146.00	145.00	144.00	142.00	140.00	140.00	139.00	138.00	136.00	136.00	138.00	139.00	141.00	144.00	146.00	147.00	149.00	150.00	153.00	154.00	153.00	153.00	157.00	158.00	158.00	157.00	155.00	152.00	149.00	147.00	143.00	137.00	134.00	132.00	129.00	126.00	121.00	120.00	121.00	122.00	130.00	134.00	136.00	136.00	136.00	133.00	130.00	128.00	125.00	124.00	125.00	127.00	129.00	130.00	132.00	133.00	133.00	134.00	132.00	130.00	128.00	123.00	120.00	113.00	110.00	108.00	107.00	108.00	110.00	112.00	113.00	115.00	115.00	115.00	114.00	113.00	109.00	108.00	108.00	108.00	108.00	107.00	110.00	113.00	116.00	119.00	118.00	116.00	115.00	113.00	109.00	107.00	108.00	109.00	110.00	111.00	112.00	115.00	118.00	119.00	119.00	120.00	120.00	110.00	110.00	116.00	122.00	126.00	124.00	121.00	116.00	111.00	106.00	119.00	123.00	120.00	111.00	113.00	120.00	130.00	137.00	136.00	139.00	147.00	160.00	159.00	156.00	153.00	153.00	156.00	163.00	166.00	168.00	169.00	175.00	179.00	181.00	181.00	180.00	175.00	168.00	157.00	154.00	170.00	175.00	182.00	186.00	189.00	193.00	194.00	195.00	197.00	199.00	198.00	198.00	198.00	201.00	203.00	201.00	196.00	190.00	178.00	174.00	173.00	174.00	175.00	158.00	156.00	154.00	149.00	130.00	119.00	104.00	90.00	83.00	89.00	109.00	120.00	129.00	143.00	148.00	152.00	159.00	167.00	184.00	192.00	198.00	202.00	201.00	199.00
170.00	171.00	169.00	160.00	155.00	151.00	148.00	145.00	137.00	132.00	129.00	131.00	153.00	156.00	158.00	156.00	154.00	153.00	154.00	154.00	150.00	138.00	145.00	152.00	156.00	164.00	168.00	168.00	167.00	164.00	160.00	159.00	157.00	153.00	145.00	139.00	133.00	131.00	132.00	143.00	151.00	159.00	164.00	165.00	160.00	154.00	149.00	144.00	138.00	144.00	149.00	151.00	146.00	142.00	145.00	150.00	154.00	154.00	152.00	152.00	151.00	151.00	152.00	153.00	154.00	151.00	146.00	145.00	144.00	142.00	140.00	140.00	139.00	138.00	136.00	136.00	138.00	139.00	141.00	144.00	146.00	147.00	149.00	150.00	153.00	154.00	153.00	153.00	157.00	158.00	158.00	157.00	155.00	152.00	149.00	147.00	143.00	137.00	134.00	132.00	129.00	126.00	121.00	120.00	121.00	122.00	130.00	134.00	136.00	136.00	136.00	133.00	130.00	128.00	125.00	124.00	125.00	127.00	129.00	130.00	132.00	133.00	133.00	134.00	132.00	130.00	128.00	123.00	120.00	113.00	110.00	108.00	107.00	108.00	110.00	112.00	113.00	115.00	115.00	115.00	114.00	113.00	109.00	108.00	108.00	108.00	108.00	107.00	110.00	113.00	116.00	119.00	118.00	116.00	115.00	113.00	109.00	107.00	108.00	109.00	110.00	111.00	112.00	115.00	118.00	119.00	119.00	120.00	120.00	110.00	110.00	116.00	122.00	126.00	124.00	121.00	116.00	111.00	106.00	119.00	123.00	120.00	111.00	113.00	120.00	130.00	137.00	136.00	139.00	147.00	160.00	159.00	156.00	153.00	153.00	156.00	163.00	166.00	168.00	169.00	175.00	179.00	181.00	181.00	180.00	175.00	168.00	157.00	154.00	170.00	175.00	182.00	186.00	189.00	193.00	194.00	195.00	197.00	199.00	198.00	198.00	198.00	201.00	203.00	201.00	196.00	190.00	178.00	174.00	173.00	174.00	175.00	158.00	156.00	154.00	149.00	130.00	119.00	104.00	90.00	83.00	89.00	109.00	120.00	129.00	143.00	148.00	152.00	159.00	167.00	184.00	192.00	198.00	202.00	201.00	199.00
169.00	171.00	170.00	166.00	163.00	160.00	158.00	156.00	149.00	144.00	137.00	132.00	139.00	141.00	142.00	141.00	141.00	143.00	145.00	146.00	144.00	135.00	140.00	146.00	150.00	155.00	155.00	153.00	150.00	148.00	151.00	154.00	155.00	156.00	150.00	145.00	138.00	130.00	124.00	130.00	140.00	149.00	156.00	160.00	156.00	151.00	145.00	140.00	142.00	148.00	151.00	151.00	140.00	135.00	141.00	147.00	150.00	150.00	148.00	145.00	142.00	140.00	140.00	140.00	137.00	136.00	140.00	143.00	143.00	142.00	141.00	139.00	137.00	135.00	132.00	126.00	125.00	126.00	128.00	133.00	135.00	138.00	141.00	144.00	147.00	150.00	152.00	153.00	154.00	153.00	152.00	151.00	150.00	148.00	145.00	142.00	139.00	137.00	135.00	134.00	132.00	130.00	129.00	128.00	124.00	122.00	118.00	120.00	124.00	127.00	130.00	133.00	133.00	132.00	130.00	123.00	122.00	122.00	122.00	121.00	118.00	116.00	116.00	115.00	115.00	115.00	113.00	109.00	108.00	107.00	107.00	107.00	108.00	113.00	115.00	117.00	120.00	122.00	126.00	127.00	128.00	128.00	125.00	124.00	123.00	122.00	121.00	119.00	123.00	126.00	128.00	130.00	130.00	130.00	129.00	128.00	125.00	124.00	123.00	121.00	114.00	112.00	111.00	109.00	107.00	108.00	109.00	109.00	109.00	107.00	106.00	108.00	112.00	116.00	115.00	112.00	108.00	105.00	102.00	116.00	120.00	116.00	104.00	102.00	103.00	105.00	109.00	120.00	128.00	135.00	143.00	141.00	139.00	141.00	145.00	148.00	154.00	156.00	158.00	160.00	171.00	175.00	178.00	179.00	179.00	173.00	166.00	152.00	146.00	164.00	171.00	181.00	184.00	185.00	187.00	189.00	191.00	194.00	198.00	197.00	193.00	188.00	184.00	188.00	192.00	195.00	195.00	193.00	190.00	188.00	187.00	189.00	171.00	166.00	162.00	157.00	146.00	141.00	134.00	120.00	101.00	83.00	94.00	102.00	109.00	126.00	134.00	141.00	150.00	158.00	176.00	184.00	191.00	197.00	198.00	197.00
169.00	171.00	170.00	166.00	163.00	160.00	158.00	156.00	149.00	144.00	137.00	132.00	139.00	141.00	142.00	141.00	141.00	143.00	145.00	146.00	144.00	135.00	140.00	146.00	150.00	155.00	155.00	153.00	150.00	148.00	151.00	154.00	155.00	156.00	150.00	145.00	138.00	130.00	124.00	130.00	140.00	149.00	156.00	160.00	156.00	151.00	145.00	140.00	142.00	148.00	151.00	151.00	140.00	135.00	141.00	147.00	150.00	150.00	148.00	145.00	142.00	140.00	140.00	140.00	137.00	136.00	140.00	143.00	143.00	142.00	141.00	139.00	137.00	135.00	132.00	126.00	125.00	126.00	128.00	133.00	135.00	138.00	141.00	144.00	147.00	150.00	152.00	153.00	154.00	153.00	152.00	151.00	150.00	148.00	145.00	142.00	139.00	137.00	135.00	134.00	132.00	130.00	129.00	128.00	124.00	122.00	118.00	120.00	124.00	127.00	130.00	133.00	133.00	132.00	130.00	123.00	122.00	122.00	122.00	121.00	118.00	116.00	116.00	115.00	115.00	115.00	113.00	109.00	108.00	107.00	107.00	107.00	108.00	113.00	115.00	117.00	120.00	122.00	126.00	127.00	128.00	128.00	125.00	124.00	123.00	122.00	121.00	119.00	123.00	126.00	128.00	130.00	130.00	130.00	129.00	128.00	125.00	124.00	123.00	121.00	114.00	112.00	111.00	109.00	107.00	108.00	109.00	109.00	109.00	107.00	106.00	108.00	112.00	116.00	115.00	112.00	108.00	105.00	102.00	116.00	120.00	116.00	104.00	102.00	103.00	105.00	109.00	120.00	128.00	135.00	143.00	141.00	139.00	141.00	145.00	148.00	154.00	156.00	158.00	160.00	171.00	175.00	178.00	179.00	179.00	173.00	166.00	152.00	146.00	164.00	171.00	181.00	184.00	185.00	187.00	189.00	191.00	194.00	198.00	197.00	193.00	188.00	184.00	188.00	192.00	195.00	195.00	193.00	190.00	188.00	187.00	189.00	171.00	166.00	162.00	157.00	146.00	141.00	134.00	120.00	101.00	83.00	94.00	102.00	109.00	126.00	134.00	141.00	150.00	158.00	176.00	184.00	191.00	197.00	198.00	197.00
169.00	171.00	170.00	166.00	163.00	160.00	158.00	156.00	149.00	144.00	137.00	132.00	139.00	141.00	142.00	141.00	141.00	143.00	145.00	146.00	144.00	135.00	140.00	146.00	150.00	155.00	155.00	153.00	150.00	148.00	151.00	154.00	155.00	156.00	150.00	145.00	138.00	130.00	124.00	130.00	140.00	149.00	156.00	160.00	156.00	151.00	145.00	140.00	142.00	148.00	151.00	151.00	140.00	135.00	141.00	147.00	150.00	150.00	148.00	145.00	142.00	140.00	140.00	140.00	137.00	136.00	140.00	143.00	143.00	142.00	141.00	139.00	137.00	135.00	132.00	126.00	125.00	126.00	128.00	133.00	135.00	138.00	141.00	144.00	147.00	150.00	152.00	153.00	154.00	153.00	152.00	151.00	150.00	148.00	145.00	142.00	139.00	137.00	135.00	134.00	132.00	130.00	129.00	128.00	124.00	122.00	118.00	120.00	124.00	127.00	130.00	133.00	133.00	132.00	130.00	123.00	122.00	122.00	122.00	121.00	118.00	116.00	116.00	115.00	115.00	115.00	113.00	109.00	108.00	107.00	107.00	107.00	108.00	113.00	115.00	117.00	120.00	122.00	126.00	127.00	128.00	128.00	125.00	124.00	123.00	122.00	121.00	119.00	123.00	126.00	128.00	130.00	130.00	130.00	129.00	128.00	125.00	124.00	123.00	121.00	114.00	112.00	111.00	109.00	107.00	108.00	109.00	109.00	109.00	107.00	106.00	108.00	112.00	116.00	115.00	112.00	108.00	105.00	102.00	116.00	120.00	116.00	104.00	102.00	103.00	105.00	109.00	120.00	128.00	135.00	143.00	141.00	139.00	141.00	145.00	148.00	154.00	156.00	158.00	160.00	171.00	175.00	178.00	179.00	179.00	173.00	166.00	152.00	146.00	164.00	171.00	181.00	184.00	185.00	187.00	189.00	191.00	194.00	198.00	197.00	193.00	188.00	184.00	188.00	192.00	195.00	195.00	193.00	190.00	188.00	187.00	189.00	171.00	166.00	162.00	157.00	146.00	141.00	134.00	120.00	101.00	83.00	94.00	102.00	109.00	126.00	134.00	141.00	150.00	158.00	176.00	184.00	191.00	197.00	198.00	197.00
157.00	163.00	164.00	161.00	159.00	157.00	156.00	155.00	151.00	149.00	144.00	139.00	132.00	133.00	135.00	138.00	141.00	146.00	148.00	150.00	148.00	135.00	133.00	139.00	144.00	155.00	157.00	154.00	148.00	141.00	139.00	144.00	149.00	152.00	148.00	145.00	138.00	130.00	124.00	126.00	134.00	144.00	150.00	151.00	146.00	142.00	138.00	134.00	133.00	135.00	135.00	135.00	128.00	136.00	143.00	147.00	147.00	145.00	143.00	143.00	141.00	138.00	136.00	133.00	126.00	124.00	129.00	131.00	134.00	135.00	137.00	136.00	135.00	134.00	133.00	128.00	123.00	123.00	127.00	135.00	140.00	143.00	146.00	147.00	144.00	144.00	146.00	147.00	148.00	147.00	146.00	145.00	144.00	143.00	141.00	139.00	134.00	129.00	126.00	123.00	122.00	122.00	127.00	130.00	131.00	132.00	121.00	118.00	119.00	121.00	123.00	125.00	126.00	126.00	127.00	127.00	122.00	119.00	118.00	117.00	117.00	117.00	116.00	114.00	110.00	107.00	104.00	98.00	96.00	100.00	102.00	102.00	102.00	102.00	105.00	109.00	113.00	116.00	124.00	127.00	130.00	133.00	136.00	136.00	136.00	134.00	132.00	131.00	134.00	137.00	139.00	140.00	139.00	138.00	138.00	137.00	132.00	131.00	129.00	126.00	120.00	116.00	112.00	110.00	109.00	110.00	111.00	109.00	106.00	103.00	103.00	102.00	102.00	102.00	102.00	101.00	100.00	101.00	110.00	124.00	126.00	122.00	110.00	103.00	99.00	98.00	100.00	112.00	117.00	119.00	117.00	111.00	112.00	114.00	119.00	124.00	134.00	140.00	146.00	151.00	166.00	170.00	173.00	176.00	177.00	172.00	165.00	151.00	142.00	157.00	166.00	173.00	175.00	175.00	177.00	180.00	184.00	188.00	193.00	193.00	191.00	186.00	173.00	172.00	179.00	186.00	194.00	203.00	204.00	203.00	202.00	202.00	185.00	180.00	177.00	173.00	170.00	169.00	163.00	153.00	136.00	89.00	83.00	90.00	98.00	115.00	123.00	132.00	141.00	150.00	168.00	175.00	180.00	182.00	179.00	178.00
157.00	163.00	164.00	161.00	159.00	157.00	156.00	155.00	151.00	149.00	144.00	139.00	132.00	133.00	135.00	138.00	141.00	146.00	148.00	150.00	148.00	135.00	133.00	139.00	144.00	155.00	157.00	154.00	148.00	141.00	139.00	144.00	149.00	152.00	148.00	145.00	138.00	130.00	124.00	126.00	134.00	144.00	150.00	151.00	146.00	142.00	138.00	134.00	133.00	135.00	135.00	135.00	128.00	136.00	143.00	147.00	147.00	145.00	143.00	143.00	141.00	138.00	136.00	133.00	126.00	124.00	129.00	131.00	134.00	135.00	137.00	136.00	135.00	134.00	133.00	128.00	123.00	123.00	127.00	135.00	140.00	143.00	146.00	147.00	144.00	144.00	146.00	147.00	148.00	147.00	146.00	145.00	144.00	143.00	141.00	139.00	134.00	129.00	126.00	123.00	122.00	122.00	127.00	130.00	131.00	132.00	121.00	118.00	119.00	121.00	123.00	125.00	126.00	126.00	127.00	127.00	122.00	119.00	118.00	117.00	117.00	117.00	116.00	114.00	110.00	107.00	104.00	98.00	96.00	100.00	102.00	102.00	102.00	102.00	105.00	109.00	113.00	116.00	124.00	127.00	130.00	133.00	136.00	136.00	136.00	134.00	132.00	131.00	134.00	137.00	139.00	140.00	139.00	138.00	138.00	137.00	132.00	131.00	129.00	126.00	120.00	116.00	112.00	110.00	109.00	110.00	111.00	109.00	106.00	103.00	103.00	102.00	102.00	102.00	102.00	101.00	100.00	101.00	110.00	124.00	126.00	122.00	110.00	103.00	99.00	98.00	100.00	112.00	117.00	119.00	117.00	111.00	112.00	114.00	119.00	124.00	134.00	140.00	146.00	151.00	166.00	170.00	173.00	176.00	177.00	172.00	165.00	151.00	142.00	157.00	166.00	173.00	175.00	175.00	177.00	180.00	184.00	188.00	193.00	193.00	191.00	186.00	173.00	172.00	179.00	186.00	194.00	203.00	204.00	203.00	202.00	202.00	185.00	180.00	177.00	173.00	170.00	169.00	163.00	153.00	136.00	89.00	83.00	90.00	98.00	115.00	123.00	132.00	141.00	150.00	168.00	175.00	180.00	182.00	179.00	178.00
157.00	163.00	164.00	161.00	159.00	157.00	156.00	155.00	151.00	149.00	144.00	139.00	132.00	133.00	135.00	138.00	141.00	146.00	148.00	150.00	148.00	135.00	133.00	139.00	144.00	155.00	157.00	154.00	148.00	141.00	139.00	144.00	149.00	152.00	148.00	145.00	138.00	130.00	124.00	126.00	134.00	144.00	150.00	151.00	146.00	142.00	138.00	134.00	133.00	135.00	135.00	135.00	128.00	136.00	143.00	147.00	147.00	145.00	143.00	143.00	141.00	138.00	136.00	133.00	126.00	124.00	129.00	131.00	134.00	135.00	137.00	136.00	135.00	134.00	133.00	128.00	123.00	123.00	127.00	135.00	140.00	143.00	146.00	147.00	144.00	144.00	146.00	147.00	148.00	147.00	146.00	145.00	144.00	143.00	141.00	139.00	134.00	129.00	126.00	123.00	122.00	122.00	127.00	130.00	131.00	132.00	121.00	118.00	119.00	121.00	123.00	125.00	126.00	126.00	127.00	127.00	122.00	119.00	118.00	117.00	117.00	117.00	116.00	114.00	110.00	107.00	104.00	98.00	96.00	100.00	102.00	102.00	102.00	102.00	105.00	109.00	113.00	116.00	124.00	127.00	130.00	133.00	136.00	136.00	136.00	134.00	132.00	131.00	134.00	137.00	139.00	140.00	139.00	138.00	138.00	137.00	132.00	131.00	129.00	126.00	120.00	116.00	112.00	110.00	109.00	110.00	111.00	109.00	106.00	103.00	103.00	102.00	102.00	102.00	102.00	101.00	100.00	101.00	110.00	124.00	126.00	122.00	110.00	103.00	99.00	98.00	100.00	112.00	117.00	119.00	117.00	111.00	112.00	114.00	119.00	124.00	134.00	140.00	146.00	151.00	166.00	170.00	173.00	176.00	177.00	172.00	165.00	151.00	142.00	157.00	166.00	173.00	175.00	175.00	177.00	180.00	184.00	188.00	193.00	193.00	191.00	186.00	173.00	172.00	179.00	186.00	194.00	203.00	204.00	203.00	202.00	202.00	185.00	180.00	177.00	173.00	170.00	169.00	163.00	153.00	136.00	89.00	83.00	90.00	98.00	115.00	123.00	132.00	141.00	150.00	168.00	175.00	180.00	182.00	179.00	178.00
144.00	147.00	149.00	150.00	150.00	148.00	147.00	144.00	142.00	140.00	138.00	135.00	123.00	123.00	128.00	134.00	138.00	146.00	148.00	150.00	148.00	135.00	132.00	137.00	144.00	156.00	158.00	158.00	153.00	146.00	133.00	135.00	141.00	147.00	143.00	138.00	132.00	126.00	124.00	134.00	144.00	153.00	158.00	151.00	146.00	143.00	140.00	135.00	122.00	120.00	120.00	124.00	130.00	137.00	138.00	140.00	143.00	140.00	140.00	140.00	140.00	140.00	138.00	135.00	125.00	119.00	118.00	122.00	126.00	128.00	134.00	135.00	133.00	130.00	127.00	119.00	113.00	111.00	115.00	128.00	133.00	137.00	139.00	141.00	144.00	144.00	142.00	139.00	135.00	135.00	138.00	140.00	142.00	139.00	137.00	136.00	130.00	123.00	121.00	120.00	118.00	116.00	115.00	117.00	121.00	123.00	123.00	117.00	112.00	113.00	117.00	124.00	126.00	125.00	125.00	122.00	121.00	121.00	120.00	117.00	111.00	109.00	108.00	107.00	105.00	104.00	104.00	100.00	99.00	105.00	107.00	108.00	108.00	105.00	105.00	105.00	107.00	110.00	122.00	124.00	128.00	131.00	136.00	137.00	137.00	137.00	138.00	138.00	140.00	141.00	141.00	141.00	140.00	138.00	136.00	135.00	131.00	128.00	124.00	115.00	111.00	112.00	115.00	119.00	124.00	123.00	121.00	118.00	116.00	112.00	109.00	105.00	102.00	102.00	105.00	110.00	115.00	119.00	127.00	131.00	130.00	127.00	116.00	110.00	105.00	105.00	105.00	100.00	101.00	101.00	101.00	101.00	102.00	105.00	109.00	115.00	128.00	136.00	143.00	148.00	156.00	158.00	159.00	160.00	160.00	156.00	152.00	144.00	135.00	142.00	149.00	158.00	162.00	167.00	177.00	182.00	186.00	190.00	195.00	194.00	191.00	187.00	169.00	163.00	171.00	178.00	185.00	193.00	194.00	193.00	192.00	190.00	179.00	179.00	181.00	182.00	182.00	180.00	177.00	171.00	160.00	109.00	80.00	85.00	93.00	107.00	114.00	121.00	130.00	138.00	154.00	158.00	159.00	155.00	149.00	148.00
144.00	147.00	149.00	150.00	150.00	148.00	147.00	144.00	142.00	140.00	138.00	135.00	123.00	123.00	128.00	134.00	138.00	146.00	148.00	150.00	148.00	135.00	132.00	137.00	144.00	156.00	158.00	158.00	153.00	146.00	133.00	135.00	141.00	147.00	143.00	138.00	132.00	126.00	124.00	134.00	144.00	153.00	158.00	151.00	146.00	143.00	140.00	135.00	122.00	120.00	120.00	124.00	130.00	137.00	138.00	140.00	143.00	140.00	140.00	140.00	140.00	140.00	138.00	135.00	125.00	119.00	118.00	122.00	126.00	128.00	134.00	135.00	133.00	130.00	127.00	119.00	113.00	111.00	115.00	128.00	133.00	137.00	139.00	141.00	144.00	144.00	142.00	139.00	135.00	135.00	138.00	140.00	142.00	139.00	137.00	136.00	130.00	123.00	121.00	120.00	118.00	116.00	115.00	117.00	121.00	123.00	123.00	117.00	112.00	113.00	117.00	124.00	126.00	125.00	125.00	122.00	121.00	121.00	120.00	117.00	111.00	109.00	108.00	107.00	105.00	104.00	104.00	100.00	99.00	105.00	107.00	108.00	108.00	105.00	105.00	105.00	107.00	110.00	122.00	124.00	128.00	131.00	136.00	137.00	137.00	137.00	138.00	138.00	140.00	141.00	141.00	141.00	140.00	138.00	136.00	135.00	131.00	128.00	124.00	115.00	111.00	112.00	115.00	119.00	124.00	123.00	121.00	118.00	116.00	112.00	109.00	105.00	102.00	102.00	105.00	110.00	115.00	119.00	127.00	131.00	130.00	127.00	116.00	110.00	105.00	105.00	105.00	100.00	101.00	101.00	101.00	101.00	102.00	105.00	109.00	115.00	128.00	136.00	143.00	148.00	156.00	158.00	159.00	160.00	160.00	156.00	152.00	144.00	135.00	142.00	149.00	158.00	162.00	167.00	177.00	182.00	186.00	190.00	195.00	194.00	191.00	187.00	169.00	163.00	171.00	178.00	185.00	193.00	194.00	193.00	192.00	190.00	179.00	179.00	181.00	182.00	182.00	180.00	177.00	171.00	160.00	109.00	80.00	85.00	93.00	107.00	114.00	121.00	130.00	138.00	154.00	158.00	159.00	155.00	149.00	148.00
137.00	138.00	140.00	146.00	147.00	149.00	150.00	151.00	148.00	145.00	141.00	138.00	123.00	118.00	117.00	122.00	128.00	140.00	144.00	144.00	140.00	128.00	124.00	129.00	136.00	147.00	150.00	152.00	150.00	146.00	134.00	130.00	129.00	133.00	133.00	130.00	126.00	125.00	129.00	143.00	147.00	148.00	147.00	144.00	142.00	142.00	142.00	140.00	125.00	124.00	129.00	135.00	145.00	147.00	146.00	144.00	142.00	142.00	141.00	142.00	140.00	136.00	133.00	131.00	127.00	124.00	116.00	115.00	116.00	119.00	127.00	130.00	132.00	132.00	131.00	120.00	112.00	106.00	105.00	118.00	124.00	129.00	132.00	135.00	136.00	134.00	132.00	129.00	127.00	126.00	127.00	130.00	134.00	134.00	130.00	128.00	124.00	119.00	118.00	118.00	118.00	117.00	110.00	109.00	110.00	113.00	118.00	117.00	113.00	107.00	104.00	109.00	115.00	119.00	120.00	120.00	118.00	117.00	115.00	114.00	109.00	106.00	104.00	102.00	99.00	99.00	100.00	102.00	103.00	106.00	106.00	106.00	106.00	106.00	107.00	107.00	107.00	109.00	125.00	130.00	133.00	135.00	135.00	136.00	138.00	139.00	139.00	137.00	133.00	133.00	131.00	130.00	130.00	130.00	130.00	127.00	119.00	115.00	112.00	109.00	120.00	126.00	129.00	130.00	130.00	130.00	128.00	126.00	124.00	119.00	116.00	112.00	109.00	113.00	118.00	123.00	127.00	129.00	132.00	133.00	133.00	132.00	130.00	127.00	121.00	117.00	112.00	104.00	103.00	104.00	101.00	96.00	95.00	95.00	96.00	99.00	115.00	129.00	141.00	148.00	154.00	154.00	153.00	152.00	149.00	143.00	138.00	130.00	122.00	122.00	132.00	148.00	153.00	158.00	167.00	172.00	176.00	180.00	185.00	184.00	182.00	177.00	160.00	158.00	166.00	174.00	180.00	181.00	176.00	172.00	172.00	171.00	159.00	161.00	164.00	165.00	168.00	169.00	170.00	169.00	167.00	132.00	83.00	82.00	85.00	95.00	101.00	107.00	112.00	118.00	130.00	133.00	133.00	127.00	118.00	121.00
137.00	138.00	140.00	146.00	147.00	149.00	150.00	151.00	148.00	145.00	141.00	138.00	123.00	118.00	117.00	122.00	128.00	140.00	144.00	144.00	140.00	128.00	124.00	129.00	136.00	147.00	150.00	152.00	150.00	146.00	134.00	130.00	129.00	133.00	133.00	130.00	126.00	125.00	129.00	143.00	147.00	148.00	147.00	144.00	142.00	142.00	142.00	140.00	125.00	124.00	129.00	135.00	145.00	147.00	146.00	144.00	142.00	142.00	141.00	142.00	140.00	136.00	133.00	131.00	127.00	124.00	116.00	115.00	116.00	119.00	127.00	130.00	132.00	132.00	131.00	120.00	112.00	106.00	105.00	118.00	124.00	129.00	132.00	135.00	136.00	134.00	132.00	129.00	127.00	126.00	127.00	130.00	134.00	134.00	130.00	128.00	124.00	119.00	118.00	118.00	118.00	117.00	110.00	109.00	110.00	113.00	118.00	117.00	113.00	107.00	104.00	109.00	115.00	119.00	120.00	120.00	118.00	117.00	115.00	114.00	109.00	106.00	104.00	102.00	99.00	99.00	100.00	102.00	103.00	106.00	106.00	106.00	106.00	106.00	107.00	107.00	107.00	109.00	125.00	130.00	133.00	135.00	135.00	136.00	138.00	139.00	139.00	137.00	133.00	133.00	131.00	130.00	130.00	130.00	130.00	127.00	119.00	115.00	112.00	109.00	120.00	126.00	129.00	130.00	130.00	130.00	128.00	126.00	124.00	119.00	116.00	112.00	109.00	113.00	118.00	123.00	127.00	129.00	132.00	133.00	133.00	132.00	130.00	127.00	121.00	117.00	112.00	104.00	103.00	104.00	101.00	96.00	95.00	95.00	96.00	99.00	115.00	129.00	141.00	148.00	154.00	154.00	153.00	152.00	149.00	143.00	138.00	130.00	122.00	122.00	132.00	148.00	153.00	158.00	167.00	172.00	176.00	180.00	185.00	184.00	182.00	177.00	160.00	158.00	166.00	174.00	180.00	181.00	176.00	172.00	172.00	171.00	159.00	161.00	164.00	165.00	168.00	169.00	170.00	169.00	167.00	132.00	83.00	82.00	85.00	95.00	101.00	107.00	112.00	118.00	130.00	133.00	133.00	127.00	118.00	121.00
143.00	138.00	135.00	133.00	133.00	136.00	139.00	142.00	146.00	147.00	147.00	145.00	140.00	135.00	129.00	124.00	124.00	132.00	138.00	140.00	140.00	129.00	123.00	125.00	127.00	133.00	136.00	138.00	140.00	140.00	136.00	133.00	131.00	131.00	128.00	124.00	123.00	128.00	138.00	154.00	155.00	151.00	143.00	133.00	134.00	136.00	139.00	141.00	133.00	129.00	128.00	129.00	134.00	137.00	138.00	139.00	140.00	139.00	138.00	138.00	138.00	136.00	134.00	131.00	126.00	125.00	117.00	113.00	110.00	110.00	116.00	119.00	121.00	124.00	126.00	122.00	116.00	109.00	107.00	115.00	119.00	121.00	122.00	123.00	123.00	123.00	123.00	122.00	122.00	123.00	121.00	122.00	125.00	130.00	128.00	124.00	117.00	114.00	115.00	116.00	116.00	116.00	115.00	113.00	111.00	110.00	109.00	109.00	109.00	109.00	106.00	102.00	105.00	107.00	108.00	108.00	107.00	107.00	106.00	104.00	102.00	100.00	98.00	96.00	97.00	99.00	103.00	111.00	115.00	117.00	117.00	116.00	114.00	111.00	112.00	114.00	114.00	115.00	125.00	129.00	131.00	133.00	131.00	130.00	128.00	128.00	128.00	126.00	123.00	123.00	122.00	119.00	120.00	121.00	120.00	117.00	105.00	103.00	105.00	108.00	114.00	119.00	123.00	126.00	130.00	131.00	131.00	131.00	130.00	122.00	118.00	115.00	114.00	120.00	124.00	127.00	130.00	131.00	134.00	136.00	136.00	136.00	134.00	133.00	131.00	129.00	127.00	121.00	117.00	113.00	106.00	101.00	100.00	98.00	96.00	95.00	106.00	121.00	138.00	148.00	152.00	150.00	148.00	145.00	141.00	133.00	128.00	122.00	115.00	113.00	120.00	136.00	139.00	140.00	147.00	151.00	155.00	159.00	165.00	165.00	164.00	160.00	145.00	137.00	144.00	156.00	167.00	174.00	169.00	163.00	159.00	156.00	144.00	146.00	148.00	146.00	135.00	124.00	113.00	106.00	102.00	92.00	73.00	71.00	73.00	79.00	82.00	86.00	89.00	94.00	101.00	103.00	105.00	106.00	111.00	115.00
143.00	138.00	135.00	133.00	133.00	136.00	139.00	142.00	146.00	147.00	147.00	145.00	140.00	135.00	129.00	124.00	124.00	132.00	138.00	140.00	140.00	129.00	123.00	125.00	127.00	133.00	136.00	138.00	140.00	140.00	136.00	133.00	131.00	131.00	128.00	124.00	123.00	128.00	138.00	154.00	155.00	151.00	143.00	133.00	134.00	136.00	139.00	141.00	133.00	129.00	128.00	129.00	134.00	137.00	138.00	139.00	140.00	139.00	138.00	138.00	138.00	136.00	134.00	131.00	126.00	125.00	117.00	113.00	110.00	110.00	116.00	119.00	121.00	124.00	126.00	122.00	116.00	109.00	107.00	115.00	119.00	121.00	122.00	123.00	123.00	123.00	123.00	122.00	122.00	123.00	121.00	122.00	125.00	130.00	128.00	124.00	117.00	114.00	115.00	116.00	116.00	116.00	115.00	113.00	111.00	110.00	109.00	109.00	109.00	109.00	106.00	102.00	105.00	107.00	108.00	108.00	107.00	107.00	106.00	104.00	102.00	100.00	98.00	96.00	97.00	99.00	103.00	111.00	115.00	117.00	117.00	116.00	114.00	111.00	112.00	114.00	114.00	115.00	125.00	129.00	131.00	133.00	131.00	130.00	128.00	128.00	128.00	126.00	123.00	123.00	122.00	119.00	120.00	121.00	120.00	117.00	105.00	103.00	105.00	108.00	114.00	119.00	123.00	126.00	130.00	131.00	131.00	131.00	130.00	122.00	118.00	115.00	114.00	120.00	124.00	127.00	130.00	131.00	134.00	136.00	136.00	136.00	134.00	133.00	131.00	129.00	127.00	121.00	117.00	113.00	106.00	101.00	100.00	98.00	96.00	95.00	106.00	121.00	138.00	148.00	152.00	150.00	148.00	145.00	141.00	133.00	128.00	122.00	115.00	113.00	120.00	136.00	139.00	140.00	147.00	151.00	155.00	159.00	165.00	165.00	164.00	160.00	145.00	137.00	144.00	156.00	167.00	174.00	169.00	163.00	159.00	156.00	144.00	146.00	148.00	146.00	135.00	124.00	113.00	106.00	102.00	92.00	73.00	71.00	73.00	79.00	82.00	86.00	89.00	94.00	101.00	103.00	105.00	106.00	111.00	115.00
148.00	147.00	147.00	143.00	141.00	140.00	138.00	137.00	136.00	138.00	141.00	143.00	149.00	149.00	146.00	141.00	136.00	127.00	128.00	131.00	135.00	136.00	134.00	132.00	130.00	128.00	129.00	131.00	132.00	133.00	129.00	126.00	124.00	122.00	122.00	122.00	122.00	124.00	130.00	139.00	140.00	141.00	140.00	137.00	135.00	134.00	133.00	134.00	132.00	126.00	121.00	120.00	129.00	133.00	134.00	135.00	135.00	134.00	133.00	131.00	130.00	128.00	127.00	127.00	126.00	127.00	128.00	125.00	121.00	117.00	121.00	123.00	123.00	123.00	124.00	129.00	126.00	121.00	116.00	118.00	121.00	122.00	122.00	120.00	117.00	116.00	117.00	117.00	116.00	116.00	116.00	115.00	113.00	111.00	109.00	108.00	108.00	109.00	110.00	110.00	109.00	109.00	104.00	102.00	103.00	104.00	107.00	105.00	105.00	104.00	102.00	103.00	104.00	105.00	105.00	103.00	105.00	106.00	105.00	105.00	107.00	108.00	106.00	102.00	99.00	102.00	106.00	112.00	115.00	121.00	123.00	124.00	123.00	122.00	122.00	123.00	125.00	127.00	137.00	139.00	139.00	137.00	129.00	125.00	122.00	119.00	116.00	116.00	116.00	115.00	115.00	118.00	118.00	116.00	112.00	109.00	107.00	110.00	113.00	115.00	110.00	113.00	118.00	124.00	131.00	132.00	133.00	131.00	128.00	116.00	114.00	111.00	111.00	117.00	124.00	129.00	133.00	136.00	141.00	143.00	142.00	139.00	134.00	131.00	127.00	124.00	121.00	119.00	116.00	112.00	102.00	96.00	95.00	94.00	94.00	98.00	117.00	130.00	141.00	148.00	152.00	151.00	149.00	146.00	142.00	135.00	131.00	126.00	120.00	110.00	109.00	118.00	122.00	127.00	138.00	141.00	141.00	140.00	138.00	138.00	138.00	136.00	127.00	109.00	113.00	127.00	140.00	153.00	154.00	149.00	142.00	136.00	117.00	112.00	107.00	98.00	78.00	75.00	75.00	74.00	73.00	71.00	74.00	74.00	71.00	71.00	73.00	74.00	73.00	73.00	78.00	81.00	83.00	93.00	104.00	103.00
148.00	147.00	147.00	143.00	141.00	140.00	138.00	137.00	136.00	138.00	141.00	143.00	149.00	149.00	146.00	141.00	136.00	127.00	128.00	131.00	135.00	136.00	134.00	132.00	130.00	128.00	129.00	131.00	132.00	133.00	129.00	126.00	124.00	122.00	122.00	122.00	122.00	124.00	130.00	139.00	140.00	141.00	140.00	137.00	135.00	134.00	133.00	134.00	132.00	126.00	121.00	120.00	129.00	133.00	134.00	135.00	135.00	134.00	133.00	131.00	130.00	128.00	127.00	127.00	126.00	127.00	128.00	125.00	121.00	117.00	121.00	123.00	123.00	123.00	124.00	129.00	126.00	121.00	116.00	118.00	121.00	122.00	122.00	120.00	117.00	116.00	117.00	117.00	116.00	116.00	116.00	115.00	113.00	111.00	109.00	108.00	108.00	109.00	110.00	110.00	109.00	109.00	104.00	102.00	103.00	104.00	107.00	105.00	105.00	104.00	102.00	103.00	104.00	105.00	105.00	103.00	105.00	106.00	105.00	105.00	107.00	108.00	106.00	102.00	99.00	102.00	106.00	112.00	115.00	121.00	123.00	124.00	123.00	122.00	122.00	123.00	125.00	127.00	137.00	139.00	139.00	137.00	129.00	125.00	122.00	119.00	116.00	116.00	116.00	115.00	115.00	118.00	118.00	116.00	112.00	109.00	107.00	110.00	113.00	115.00	110.00	113.00	118.00	124.00	131.00	132.00	133.00	131.00	128.00	116.00	114.00	111.00	111.00	117.00	124.00	129.00	133.00	136.00	141.00	143.00	142.00	139.00	134.00	131.00	127.00	124.00	121.00	119.00	116.00	112.00	102.00	96.00	95.00	94.00	94.00	98.00	117.00	130.00	141.00	148.00	152.00	151.00	149.00	146.00	142.00	135.00	131.00	126.00	120.00	110.00	109.00	118.00	122.00	127.00	138.00	141.00	141.00	140.00	138.00	138.00	138.00	136.00	127.00	109.00	113.00	127.00	140.00	153.00	154.00	149.00	142.00	136.00	117.00	112.00	107.00	98.00	78.00	75.00	75.00	74.00	73.00	71.00	74.00	74.00	71.00	71.00	73.00	74.00	73.00	73.00	78.00	81.00	83.00	93.00	104.00	103.00
147.00	140.00	138.00	136.00	135.00	134.00	133.00	131.00	128.00	128.00	130.00	133.00	145.00	146.00	145.00	141.00	135.00	123.00	120.00	121.00	124.00	128.00	134.00	136.00	137.00	140.00	140.00	140.00	139.00	137.00	134.00	134.00	131.00	125.00	129.00	132.00	134.00	135.00	134.00	133.00	134.00	135.00	135.00	134.00	133.00	133.00	134.00	134.00	130.00	126.00	123.00	120.00	121.00	122.00	123.00	124.00	124.00	123.00	123.00	123.00	123.00	123.00	122.00	121.00	119.00	120.00	121.00	121.00	120.00	118.00	117.00	118.00	118.00	118.00	117.00	117.00	118.00	117.00	115.00	114.00	114.00	114.00	114.00	114.00	114.00	111.00	111.00	113.00	117.00	117.00	114.00	109.00	105.00	105.00	107.00	108.00	111.00	114.00	113.00	113.00	112.00	111.00	106.00	106.00	107.00	108.00	110.00	110.00	109.00	108.00	104.00	102.00	106.00	110.00	113.00	115.00	115.00	116.00	116.00	116.00	116.00	115.00	114.00	112.00	101.00	100.00	104.00	110.00	113.00	115.00	118.00	119.00	121.00	128.00	132.00	136.00	139.00	139.00	133.00	133.00	132.00	129.00	123.00	120.00	115.00	111.00	108.00	111.00	115.00	115.00	113.00	110.00	109.00	108.00	108.00	108.00	109.00	109.00	112.00	116.00	112.00	111.00	114.00	121.00	134.00	139.00	142.00	144.00	143.00	127.00	122.00	118.00	114.00	115.00	120.00	124.00	129.00	133.00	139.00	139.00	136.00	134.00	129.00	125.00	122.00	122.00	125.00	130.00	128.00	120.00	101.00	98.00	99.00	99.00	99.00	100.00	114.00	124.00	132.00	139.00	153.00	154.00	154.00	152.00	150.00	145.00	143.00	140.00	136.00	124.00	116.00	106.00	107.00	112.00	121.00	122.00	121.00	118.00	113.00	110.00	106.00	102.00	94.00	90.00	89.00	93.00	100.00	116.00	123.00	128.00	126.00	120.00	82.00	71.00	65.00	61.00	61.00	62.00	65.00	68.00	69.00	70.00	74.00	75.00	75.00	74.00	74.00	73.00	73.00	70.00	67.00	68.00	69.00	75.00	78.00	77.00
147.00	140.00	138.00	136.00	135.00	134.00	133.00	131.00	128.00	128.00	130.00	133.00	145.00	146.00	145.00	141.00	135.00	123.00	120.00	121.00	124.00	128.00	134.00	136.00	137.00	140.00	140.00	140.00	139.00	137.00	134.00	134.00	131.00	125.00	129.00	132.00	134.00	135.00	134.00	133.00	134.00	135.00	135.00	134.00	133.00	133.00	134.00	134.00	130.00	126.00	123.00	120.00	121.00	122.00	123.00	124.00	124.00	123.00	123.00	123.00	123.00	123.00	122.00	121.00	119.00	120.00	121.00	121.00	120.00	118.00	117.00	118.00	118.00	118.00	117.00	117.00	118.00	117.00	115.00	114.00	114.00	114.00	114.00	114.00	114.00	111.00	111.00	113.00	117.00	117.00	114.00	109.00	105.00	105.00	107.00	108.00	111.00	114.00	113.00	113.00	112.00	111.00	106.00	106.00	107.00	108.00	110.00	110.00	109.00	108.00	104.00	102.00	106.00	110.00	113.00	115.00	115.00	116.00	116.00	116.00	116.00	115.00	114.00	112.00	101.00	100.00	104.00	110.00	113.00	115.00	118.00	119.00	121.00	128.00	132.00	136.00	139.00	139.00	133.00	133.00	132.00	129.00	123.00	120.00	115.00	111.00	108.00	111.00	115.00	115.00	113.00	110.00	109.00	108.00	108.00	108.00	109.00	109.00	112.00	116.00	112.00	111.00	114.00	121.00	134.00	139.00	142.00	144.00	143.00	127.00	122.00	118.00	114.00	115.00	120.00	124.00	129.00	133.00	139.00	139.00	136.00	134.00	129.00	125.00	122.00	122.00	125.00	130.00	128.00	120.00	101.00	98.00	99.00	99.00	99.00	100.00	114.00	124.00	132.00	139.00	153.00	154.00	154.00	152.00	150.00	145.00	143.00	140.00	136.00	124.00	116.00	106.00	107.00	112.00	121.00	122.00	121.00	118.00	113.00	110.00	106.00	102.00	94.00	90.00	89.00	93.00	100.00	116.00	123.00	128.00	126.00	120.00	82.00	71.00	65.00	61.00	61.00	62.00	65.00	68.00	69.00	70.00	74.00	75.00	75.00	74.00	74.00	73.00	73.00	70.00	67.00	68.00	69.00	75.00	78.00	77.00
142.00	134.00	130.00	124.00	122.00	120.00	119.00	119.00	119.00	118.00	117.00	118.00	121.00	122.00	122.00	122.00	120.00	118.00	117.00	119.00	123.00	130.00	135.00	138.00	142.00	148.00	149.00	150.00	150.00	150.00	146.00	143.00	137.00	128.00	137.00	141.00	144.00	143.00	142.00	139.00	139.00	139.00	138.00	135.00	134.00	132.00	130.00	131.00	132.00	131.00	130.00	128.00	122.00	115.00	114.00	116.00	119.00	122.00	123.00	123.00	123.00	122.00	122.00	122.00	123.00	124.00	126.00	127.00	127.00	127.00	128.00	128.00	129.00	127.00	123.00	122.00	124.00	125.00	125.00	124.00	124.00	123.00	122.00	120.00	121.00	126.00	130.00	134.00	136.00	133.00	128.00	123.00	118.00	115.00	119.00	122.00	126.00	127.00	128.00	127.00	126.00	124.00	117.00	116.00	116.00	115.00	116.00	114.00	112.00	109.00	107.00	110.00	113.00	115.00	117.00	119.00	124.00	126.00	128.00	130.00	132.00	129.00	124.00	119.00	106.00	102.00	102.00	110.00	113.00	116.00	117.00	119.00	121.00	130.00	139.00	147.00	154.00	156.00	139.00	135.00	134.00	133.00	130.00	130.00	129.00	127.00	124.00	122.00	123.00	122.00	117.00	108.00	107.00	111.00	118.00	123.00	123.00	119.00	116.00	122.00	124.00	121.00	119.00	121.00	131.00	135.00	140.00	143.00	145.00	133.00	129.00	127.00	125.00	124.00	126.00	130.00	135.00	142.00	145.00	137.00	132.00	128.00	123.00	124.00	127.00	131.00	134.00	136.00	133.00	126.00	102.00	99.00	96.00	97.00	97.00	97.00	99.00	107.00	119.00	128.00	148.00	152.00	154.00	155.00	156.00	154.00	153.00	151.00	148.00	139.00	133.00	114.00	105.00	101.00	102.00	102.00	99.00	96.00	91.00	87.00	86.00	85.00	85.00	84.00	83.00	82.00	82.00	82.00	83.00	86.00	90.00	93.00	68.00	59.00	57.00	57.00	68.00	74.00	80.00	83.00	83.00	74.00	80.00	83.00	84.00	83.00	82.00	81.00	77.00	72.00	70.00	73.00	74.00	75.00	76.00	77.00
142.00	134.00	130.00	124.00	122.00	120.00	119.00	119.00	119.00	118.00	117.00	118.00	121.00	122.00	122.00	122.00	120.00	118.00	117.00	119.00	123.00	130.00	135.00	138.00	142.00	148.00	149.00	150.00	150.00	150.00	146.00	143.00	137.00	128.00	137.00	141.00	144.00	143.00	142.00	139.00	139.00	139.00	138.00	135.00	134.00	132.00	130.00	131.00	132.00	131.00	130.00	128.00	122.00	115.00	114.00	116.00	119.00	122.00	123.00	123.00	123.00	122.00	122.00	122.00	123.00	124.00	126.00	127.00	127.00	127.00	128.00	128.00	129.00	127.00	123.00	122.00	124.00	125.00	125.00	124.00	124.00	123.00	122.00	120.00	121.00	126.00	130.00	134.00	136.00	133.00	128.00	123.00	118.00	115.00	119.00	122.00	126.00	127.00	128.00	127.00	126.00	124.00	117.00	116.00	116.00	115.00	116.00	114.00	112.00	109.00	107.00	110.00	113.00	115.00	117.00	119.00	124.00	126.00	128.00	130.00	132.00	129.00	124.00	119.00	106.00	102.00	102.00	110.00	113.00	116.00	117.00	119.00	121.00	130.00	139.00	147.00	154.00	156.00	139.00	135.00	134.00	133.00	130.00	130.00	129.00	127.00	124.00	122.00	123.00	122.00	117.00	108.00	107.00	111.00	118.00	123.00	123.00	119.00	116.00	122.00	124.00	121.00	119.00	121.00	131.00	135.00	140.00	143.00	145.00	133.00	129.00	127.00	125.00	124.00	126.00	130.00	135.00	142.00	145.00	137.00	132.00	128.00	123.00	124.00	127.00	131.00	134.00	136.00	133.00	126.00	102.00	99.00	96.00	97.00	97.00	97.00	99.00	107.00	119.00	128.00	148.00	152.00	154.00	155.00	156.00	154.00	153.00	151.00	148.00	139.00	133.00	114.00	105.00	101.00	102.00	102.00	99.00	96.00	91.00	87.00	86.00	85.00	85.00	84.00	83.00	82.00	82.00	82.00	83.00	86.00	90.00	93.00	68.00	59.00	57.00	57.00	68.00	74.00	80.00	83.00	83.00	74.00	80.00	83.00	84.00	83.00	82.00	81.00	77.00	72.00	70.00	73.00	74.00	75.00	76.00	77.00
142.00	134.00	130.00	124.00	122.00	120.00	119.00	119.00	119.00	118.00	117.00	118.00	121.00	122.00	122.00	122.00	120.00	118.00	117.00	119.00	123.00	130.00	135.00	138.00	142.00	148.00	149.00	150.00	150.00	150.00	146.00	143.00	137.00	128.00	137.00	141.00	144.00	143.00	142.00	139.00	139.00	139.00	138.00	135.00	134.00	132.00	130.00	131.00	132.00	131.00	130.00	128.00	122.00	115.00	114.00	116.00	119.00	122.00	123.00	123.00	123.00	122.00	122.00	122.00	123.00	124.00	126.00	127.00	127.00	127.00	128.00	128.00	129.00	127.00	123.00	122.00	124.00	125.00	125.00	124.00	124.00	123.00	122.00	120.00	121.00	126.00	130.00	134.00	136.00	133.00	128.00	123.00	118.00	115.00	119.00	122.00	126.00	127.00	128.00	127.00	126.00	124.00	117.00	116.00	116.00	115.00	116.00	114.00	112.00	109.00	107.00	110.00	113.00	115.00	117.00	119.00	124.00	126.00	128.00	130.00	132.00	129.00	124.00	119.00	106.00	102.00	102.00	110.00	113.00	116.00	117.00	119.00	121.00	130.00	139.00	147.00	154.00	156.00	139.00	135.00	134.00	133.00	130.00	130.00	129.00	127.00	124.00	122.00	123.00	122.00	117.00	108.00	107.00	111.00	118.00	123.00	123.00	119.00	116.00	122.00	124.00	121.00	119.00	121.00	131.00	135.00	140.00	143.00	145.00	133.00	129.00	127.00	125.00	124.00	126.00	130.00	135.00	142.00	145.00	137.00	132.00	128.00	123.00	124.00	127.00	131.00	134.00	136.00	133.00	126.00	102.00	99.00	96.00	97.00	97.00	97.00	99.00	107.00	119.00	128.00	148.00	152.00	154.00	155.00	156.00	154.00	153.00	151.00	148.00	139.00	133.00	114.00	105.00	101.00	102.00	102.00	99.00	96.00	91.00	87.00	86.00	85.00	85.00	84.00	83.00	82.00	82.00	82.00	83.00	86.00	90.00	93.00	68.00	59.00	57.00	57.00	68.00	74.00	80.00	83.00	83.00	74.00	80.00	83.00	84.00	83.00	82.00	81.00	77.00	72.00	70.00	73.00	74.00	75.00	76.00	77.00
140.00	138.00	136.00	134.00	132.00	128.00	124.00	119.00	112.00	110.00	109.00	109.00	113.00	113.00	113.00	113.00	113.00	118.00	121.00	124.00	127.00	130.00	132.00	135.00	138.00	146.00	149.00	153.00	157.00	159.00	154.00	146.00	139.00	129.00	132.00	133.00	134.00	135.00	134.00	135.00	135.00	134.00	133.00	137.00	138.00	138.00	136.00	133.00	128.00	127.00	126.00	125.00	120.00	113.00	111.00	113.00	117.00	123.00	126.00	128.00	129.00	128.00	127.00	127.00	129.00	131.00	132.00	133.00	136.00	139.00	139.00	136.00	132.00	127.00	121.00	116.00	120.00	124.00	127.00	128.00	127.00	126.00	125.00	125.00	131.00	140.00	142.00	141.00	135.00	131.00	127.00	123.00	118.00	110.00	112.00	117.00	128.00	137.00	140.00	143.00	146.00	146.00	139.00	134.00	128.00	124.00	115.00	114.00	114.00	113.00	113.00	118.00	122.00	126.00	130.00	136.00	143.00	144.00	142.00	139.00	132.00	128.00	123.00	118.00	105.00	102.00	103.00	115.00	120.00	126.00	127.00	128.00	131.00	139.00	145.00	153.00	159.00	161.00	151.00	144.00	140.00	138.00	133.00	132.00	130.00	128.00	126.00	125.00	123.00	118.00	112.00	102.00	103.00	109.00	118.00	127.00	135.00	134.00	131.00	125.00	128.00	129.00	130.00	130.00	130.00	132.00	135.00	138.00	141.00	141.00	134.00	130.00	128.00	131.00	132.00	134.00	137.00	142.00	144.00	138.00	135.00	132.00	130.00	133.00	138.00	141.00	143.00	140.00	136.00	131.00	120.00	111.00	108.00	104.00	99.00	94.00	92.00	92.00	93.00	98.00	132.00	143.00	150.00	155.00	157.00	154.00	151.00	147.00	142.00	130.00	125.00	113.00	105.00	96.00	88.00	87.00	84.00	83.00	90.00	95.00	99.00	102.00	105.00	103.00	101.00	99.00	96.00	90.00	87.00	85.00	82.00	80.00	63.00	58.00	57.00	60.00	89.00	103.00	109.00	110.00	107.00	94.00	96.00	103.00	108.00	104.00	98.00	94.00	92.00	91.00	87.00	82.00	81.00	88.00	97.00	100.00
140.00	138.00	136.00	134.00	132.00	128.00	124.00	119.00	112.00	110.00	109.00	109.00	113.00	113.00	113.00	113.00	113.00	118.00	121.00	124.00	127.00	130.00	132.00	135.00	138.00	146.00	149.00	153.00	157.00	159.00	154.00	146.00	139.00	129.00	132.00	133.00	134.00	135.00	134.00	135.00	135.00	134.00	133.00	137.00	138.00	138.00	136.00	133.00	128.00	127.00	126.00	125.00	120.00	113.00	111.00	113.00	117.00	123.00	126.00	128.00	129.00	128.00	127.00	127.00	129.00	131.00	132.00	133.00	136.00	139.00	139.00	136.00	132.00	127.00	121.00	116.00	120.00	124.00	127.00	128.00	127.00	126.00	125.00	125.00	131.00	140.00	142.00	141.00	135.00	131.00	127.00	123.00	118.00	110.00	112.00	117.00	128.00	137.00	140.00	143.00	146.00	146.00	139.00	134.00	128.00	124.00	115.00	114.00	114.00	113.00	113.00	118.00	122.00	126.00	130.00	136.00	143.00	144.00	142.00	139.00	132.00	128.00	123.00	118.00	105.00	102.00	103.00	115.00	120.00	126.00	127.00	128.00	131.00	139.00	145.00	153.00	159.00	161.00	151.00	144.00	140.00	138.00	133.00	132.00	130.00	128.00	126.00	125.00	123.00	118.00	112.00	102.00	103.00	109.00	118.00	127.00	135.00	134.00	131.00	125.00	128.00	129.00	130.00	130.00	130.00	132.00	135.00	138.00	141.00	141.00	134.00	130.00	128.00	131.00	132.00	134.00	137.00	142.00	144.00	138.00	135.00	132.00	130.00	133.00	138.00	141.00	143.00	140.00	136.00	131.00	120.00	111.00	108.00	104.00	99.00	94.00	92.00	92.00	93.00	98.00	132.00	143.00	150.00	155.00	157.00	154.00	151.00	147.00	142.00	130.00	125.00	113.00	105.00	96.00	88.00	87.00	84.00	83.00	90.00	95.00	99.00	102.00	105.00	103.00	101.00	99.00	96.00	90.00	87.00	85.00	82.00	80.00	63.00	58.00	57.00	60.00	89.00	103.00	109.00	110.00	107.00	94.00	96.00	103.00	108.00	104.00	98.00	94.00	92.00	91.00	87.00	82.00	81.00	88.00	97.00	100.00
135.00	134.00	134.00	131.00	130.00	127.00	123.00	119.00	118.00	122.00	127.00	129.00	125.00	126.00	128.00	129.00	129.00	131.00	132.00	135.00	137.00	136.00	132.00	130.00	129.00	128.00	129.00	131.00	134.00	139.00	145.00	143.00	143.00	140.00	137.00	136.00	136.00	136.00	136.00	137.00	138.00	138.00	139.00	143.00	145.00	146.00	147.00	145.00	136.00	130.00	125.00	121.00	116.00	110.00	111.00	114.00	119.00	125.00	126.00	128.00	130.00	132.00	131.00	131.00	131.00	132.00	135.00	138.00	142.00	145.00	144.00	139.00	135.00	131.00	124.00	113.00	116.00	120.00	124.00	133.00	136.00	139.00	140.00	142.00	147.00	152.00	152.00	150.00	144.00	139.00	133.00	128.00	122.00	114.00	116.00	122.00	134.00	145.00	150.00	152.00	151.00	147.00	139.00	136.00	133.00	130.00	125.00	126.00	130.00	131.00	132.00	135.00	138.00	142.00	144.00	146.00	140.00	135.00	131.00	129.00	124.00	122.00	119.00	116.00	109.00	109.00	111.00	118.00	121.00	132.00	138.00	144.00	148.00	155.00	156.00	155.00	153.00	152.00	151.00	147.00	140.00	133.00	124.00	122.00	120.00	120.00	119.00	117.00	114.00	111.00	108.00	103.00	104.00	107.00	111.00	116.00	127.00	134.00	140.00	139.00	135.00	136.00	139.00	140.00	140.00	138.00	138.00	139.00	142.00	148.00	145.00	140.00	139.00	140.00	140.00	140.00	142.00	144.00	146.00	141.00	140.00	139.00	140.00	143.00	146.00	148.00	146.00	142.00	138.00	134.00	124.00	120.00	116.00	111.00	105.00	101.00	97.00	95.00	94.00	97.00	131.00	142.00	151.00	156.00	155.00	146.00	140.00	133.00	124.00	110.00	105.00	94.00	90.00	89.00	86.00	90.00	97.00	107.00	121.00	124.00	124.00	123.00	118.00	112.00	108.00	104.00	99.00	91.00	87.00	84.00	81.00	80.00	65.00	60.00	59.00	63.00	105.00	122.00	132.00	134.00	130.00	111.00	104.00	109.00	114.00	123.00	126.00	127.00	128.00	129.00	116.00	104.00	100.00	117.00	130.00	132.00
135.00	134.00	134.00	131.00	130.00	127.00	123.00	119.00	118.00	122.00	127.00	129.00	125.00	126.00	128.00	129.00	129.00	131.00	132.00	135.00	137.00	136.00	132.00	130.00	129.00	128.00	129.00	131.00	134.00	139.00	145.00	143.00	143.00	140.00	137.00	136.00	136.00	136.00	136.00	137.00	138.00	138.00	139.00	143.00	145.00	146.00	147.00	145.00	136.00	130.00	125.00	121.00	116.00	110.00	111.00	114.00	119.00	125.00	126.00	128.00	130.00	132.00	131.00	131.00	131.00	132.00	135.00	138.00	142.00	145.00	144.00	139.00	135.00	131.00	124.00	113.00	116.00	120.00	124.00	133.00	136.00	139.00	140.00	142.00	147.00	152.00	152.00	150.00	144.00	139.00	133.00	128.00	122.00	114.00	116.00	122.00	134.00	145.00	150.00	152.00	151.00	147.00	139.00	136.00	133.00	130.00	125.00	126.00	130.00	131.00	132.00	135.00	138.00	142.00	144.00	146.00	140.00	135.00	131.00	129.00	124.00	122.00	119.00	116.00	109.00	109.00	111.00	118.00	121.00	132.00	138.00	144.00	148.00	155.00	156.00	155.00	153.00	152.00	151.00	147.00	140.00	133.00	124.00	122.00	120.00	120.00	119.00	117.00	114.00	111.00	108.00	103.00	104.00	107.00	111.00	116.00	127.00	134.00	140.00	139.00	135.00	136.00	139.00	140.00	140.00	138.00	138.00	139.00	142.00	148.00	145.00	140.00	139.00	140.00	140.00	140.00	142.00	144.00	146.00	141.00	140.00	139.00	140.00	143.00	146.00	148.00	146.00	142.00	138.00	134.00	124.00	120.00	116.00	111.00	105.00	101.00	97.00	95.00	94.00	97.00	131.00	142.00	151.00	156.00	155.00	146.00	140.00	133.00	124.00	110.00	105.00	94.00	90.00	89.00	86.00	90.00	97.00	107.00	121.00	124.00	124.00	123.00	118.00	112.00	108.00	104.00	99.00	91.00	87.00	84.00	81.00	80.00	65.00	60.00	59.00	63.00	105.00	122.00	132.00	134.00	130.00	111.00	104.00	109.00	114.00	123.00	126.00	127.00	128.00	129.00	116.00	104.00	100.00	117.00	130.00	132.00
124.00	118.00	116.00	113.00	114.00	115.00	117.00	123.00	137.00	140.00	141.00	142.00	140.00	137.00	136.00	137.00	139.00	142.00	144.00	146.00	148.00	149.00	145.00	142.00	138.00	129.00	125.00	122.00	121.00	121.00	125.00	128.00	131.00	132.00	133.00	135.00	136.00	138.00	139.00	142.00	143.00	144.00	143.00	140.00	140.00	139.00	138.00	136.00	135.00	133.00	131.00	129.00	123.00	115.00	114.00	114.00	117.00	123.00	124.00	125.00	125.00	127.00	128.00	129.00	132.00	135.00	144.00	148.00	149.00	146.00	135.00	130.00	125.00	120.00	117.00	114.00	117.00	118.00	118.00	123.00	128.00	134.00	139.00	145.00	155.00	164.00	166.00	167.00	163.00	158.00	152.00	147.00	141.00	128.00	130.00	137.00	152.00	162.00	163.00	160.00	155.00	149.00	138.00	133.00	128.00	125.00	124.00	127.00	130.00	133.00	136.00	139.00	140.00	140.00	140.00	141.00	138.00	135.00	131.00	129.00	124.00	120.00	116.00	112.00	108.00	110.00	114.00	121.00	124.00	136.00	143.00	149.00	153.00	158.00	159.00	156.00	151.00	146.00	140.00	141.00	141.00	137.00	126.00	122.00	119.00	116.00	115.00	110.00	110.00	111.00	113.00	116.00	114.00	112.00	112.00	113.00	120.00	125.00	130.00	138.00	143.00	144.00	146.00	151.00	156.00	156.00	155.00	155.00	156.00	155.00	154.00	152.00	150.00	147.00	145.00	142.00	141.00	139.00	143.00	149.00	151.00	151.00	149.00	150.00	151.00	150.00	148.00	140.00	138.00	135.00	131.00	123.00	117.00	109.00	102.00	98.00	91.00	88.00	96.00	108.00	134.00	141.00	145.00	146.00	142.00	128.00	122.00	115.00	108.00	98.00	93.00	86.00	85.00	87.00	102.00	113.00	124.00	132.00	141.00	142.00	140.00	137.00	130.00	120.00	115.00	109.00	103.00	91.00	86.00	82.00	80.00	83.00	67.00	58.00	55.00	63.00	112.00	132.00	143.00	144.00	140.00	129.00	130.00	133.00	136.00	144.00	147.00	149.00	149.00	147.00	129.00	120.00	119.00	139.00	150.00	152.00
124.00	118.00	116.00	113.00	114.00	115.00	117.00	123.00	137.00	140.00	141.00	142.00	140.00	137.00	136.00	137.00	139.00	142.00	144.00	146.00	148.00	149.00	145.00	142.00	138.00	129.00	125.00	122.00	121.00	121.00	125.00	128.00	131.00	132.00	133.00	135.00	136.00	138.00	139.00	142.00	143.00	144.00	143.00	140.00	140.00	139.00	138.00	136.00	135.00	133.00	131.00	129.00	123.00	115.00	114.00	114.00	117.00	123.00	124.00	125.00	125.00	127.00	128.00	129.00	132.00	135.00	144.00	148.00	149.00	146.00	135.00	130.00	125.00	120.00	117.00	114.00	117.00	118.00	118.00	123.00	128.00	134.00	139.00	145.00	155.00	164.00	166.00	167.00	163.00	158.00	152.00	147.00	141.00	128.00	130.00	137.00	152.00	162.00	163.00	160.00	155.00	149.00	138.00	133.00	128.00	125.00	124.00	127.00	130.00	133.00	136.00	139.00	140.00	140.00	140.00	141.00	138.00	135.00	131.00	129.00	124.00	120.00	116.00	112.00	108.00	110.00	114.00	121.00	124.00	136.00	143.00	149.00	153.00	158.00	159.00	156.00	151.00	146.00	140.00	141.00	141.00	137.00	126.00	122.00	119.00	116.00	115.00	110.00	110.00	111.00	113.00	116.00	114.00	112.00	112.00	113.00	120.00	125.00	130.00	138.00	143.00	144.00	146.00	151.00	156.00	156.00	155.00	155.00	156.00	155.00	154.00	152.00	150.00	147.00	145.00	142.00	141.00	139.00	143.00	149.00	151.00	151.00	149.00	150.00	151.00	150.00	148.00	140.00	138.00	135.00	131.00	123.00	117.00	109.00	102.00	98.00	91.00	88.00	96.00	108.00	134.00	141.00	145.00	146.00	142.00	128.00	122.00	115.00	108.00	98.00	93.00	86.00	85.00	87.00	102.00	113.00	124.00	132.00	141.00	142.00	140.00	137.00	130.00	120.00	115.00	109.00	103.00	91.00	86.00	82.00	80.00	83.00	67.00	58.00	55.00	63.00	112.00	132.00	143.00	144.00	140.00	129.00	130.00	133.00	136.00	144.00	147.00	149.00	149.00	147.00	129.00	120.00	119.00	139.00	150.00	152.00
117.00	112.00	110.00	108.00	114.00	121.00	128.00	134.00	140.00	143.00	144.00	145.00	145.00	144.00	142.00	142.00	143.00	149.00	151.00	153.00	154.00	153.00	144.00	140.00	136.00	126.00	121.00	117.00	114.00	115.00	120.00	121.00	122.00	125.00	128.00	130.00	131.00	132.00	133.00	135.00	137.00	138.00	139.00	142.00	142.00	143.00	142.00	140.00	135.00	134.00	132.00	131.00	126.00	120.00	122.00	125.00	129.00	132.00	132.00	131.00	129.00	128.00	127.00	128.00	129.00	131.00	137.00	138.00	135.00	130.00	121.00	116.00	113.00	112.00	113.00	127.00	131.00	134.00	135.00	132.00	130.00	128.00	130.00	133.00	143.00	155.00	160.00	164.00	162.00	159.00	155.00	150.00	144.00	136.00	139.00	147.00	161.00	166.00	164.00	161.00	157.00	152.00	140.00	135.00	132.00	131.00	133.00	134.00	136.00	140.00	143.00	144.00	144.00	142.00	139.00	133.00	127.00	124.00	122.00	119.00	113.00	111.00	111.00	111.00	115.00	119.00	123.00	132.00	137.00	149.00	153.00	153.00	150.00	143.00	139.00	135.00	131.00	128.00	126.00	128.00	129.00	128.00	122.00	119.00	116.00	114.00	112.00	107.00	103.00	106.00	111.00	123.00	126.00	127.00	126.00	125.00	123.00	124.00	125.00	129.00	136.00	140.00	144.00	147.00	149.00	149.00	150.00	152.00	154.00	152.00	151.00	150.00	148.00	143.00	139.00	135.00	129.00	124.00	125.00	135.00	138.00	143.00	151.00	155.00	156.00	155.00	154.00	150.00	149.00	147.00	141.00	131.00	124.00	114.00	102.00	96.00	94.00	95.00	99.00	105.00	124.00	127.00	128.00	123.00	115.00	99.00	93.00	87.00	83.00	80.00	80.00	85.00	92.00	99.00	116.00	124.00	131.00	137.00	147.00	149.00	149.00	148.00	142.00	128.00	120.00	118.00	118.00	103.00	91.00	84.00	82.00	84.00	65.00	58.00	56.00	68.00	132.00	151.00	159.00	161.00	159.00	155.00	157.00	158.00	160.00	163.00	165.00	167.00	167.00	165.00	155.00	149.00	147.00	156.00	159.00	158.00
117.00	112.00	110.00	108.00	114.00	121.00	128.00	134.00	140.00	143.00	144.00	145.00	145.00	144.00	142.00	142.00	143.00	149.00	151.00	153.00	154.00	153.00	144.00	140.00	136.00	126.00	121.00	117.00	114.00	115.00	120.00	121.00	122.00	125.00	128.00	130.00	131.00	132.00	133.00	135.00	137.00	138.00	139.00	142.00	142.00	143.00	142.00	140.00	135.00	134.00	132.00	131.00	126.00	120.00	122.00	125.00	129.00	132.00	132.00	131.00	129.00	128.00	127.00	128.00	129.00	131.00	137.00	138.00	135.00	130.00	121.00	116.00	113.00	112.00	113.00	127.00	131.00	134.00	135.00	132.00	130.00	128.00	130.00	133.00	143.00	155.00	160.00	164.00	162.00	159.00	155.00	150.00	144.00	136.00	139.00	147.00	161.00	166.00	164.00	161.00	157.00	152.00	140.00	135.00	132.00	131.00	133.00	134.00	136.00	140.00	143.00	144.00	144.00	142.00	139.00	133.00	127.00	124.00	122.00	119.00	113.00	111.00	111.00	111.00	115.00	119.00	123.00	132.00	137.00	149.00	153.00	153.00	150.00	143.00	139.00	135.00	131.00	128.00	126.00	128.00	129.00	128.00	122.00	119.00	116.00	114.00	112.00	107.00	103.00	106.00	111.00	123.00	126.00	127.00	126.00	125.00	123.00	124.00	125.00	129.00	136.00	140.00	144.00	147.00	149.00	149.00	150.00	152.00	154.00	152.00	151.00	150.00	148.00	143.00	139.00	135.00	129.00	124.00	125.00	135.00	138.00	143.00	151.00	155.00	156.00	155.00	154.00	150.00	149.00	147.00	141.00	131.00	124.00	114.00	102.00	96.00	94.00	95.00	99.00	105.00	124.00	127.00	128.00	123.00	115.00	99.00	93.00	87.00	83.00	80.00	80.00	85.00	92.00	99.00	116.00	124.00	131.00	137.00	147.00	149.00	149.00	148.00	142.00	128.00	120.00	118.00	118.00	103.00	91.00	84.00	82.00	84.00	65.00	58.00	56.00	68.00	132.00	151.00	159.00	161.00	159.00	155.00	157.00	158.00	160.00	163.00	165.00	167.00	167.00	165.00	155.00	149.00	147.00	156.00	159.00	158.00
117.00	112.00	110.00	108.00	114.00	121.00	128.00	134.00	140.00	143.00	144.00	145.00	145.00	144.00	142.00	142.00	143.00	149.00	151.00	153.00	154.00	153.00	144.00	140.00	136.00	126.00	121.00	117.00	114.00	115.00	120.00	121.00	122.00	125.00	128.00	130.00	131.00	132.00	133.00	135.00	137.00	138.00	139.00	142.00	142.00	143.00	142.00	140.00	135.00	134.00	132.00	131.00	126.00	120.00	122.00	125.00	129.00	132.00	132.00	131.00	129.00	128.00	127.00	128.00	129.00	131.00	137.00	138.00	135.00	130.00	121.00	116.00	113.00	112.00	113.00	127.00	131.00	134.00	135.00	132.00	130.00	128.00	130.00	133.00	143.00	155.00	160.00	164.00	162.00	159.00	155.00	150.00	144.00	136.00	139.00	147.00	161.00	166.00	164.00	161.00	157.00	152.00	140.00	135.00	132.00	131.00	133.00	134.00	136.00	140.00	143.00	144.00	144.00	142.00	139.00	133.00	127.00	124.00	122.00	119.00	113.00	111.00	111.00	111.00	115.00	119.00	123.00	132.00	137.00	149.00	153.00	153.00	150.00	143.00	139.00	135.00	131.00	128.00	126.00	128.00	129.00	128.00	122.00	119.00	116.00	114.00	112.00	107.00	103.00	106.00	111.00	123.00	126.00	127.00	126.00	125.00	123.00	124.00	125.00	129.00	136.00	140.00	144.00	147.00	149.00	149.00	150.00	152.00	154.00	152.00	151.00	150.00	148.00	143.00	139.00	135.00	129.00	124.00	125.00	135.00	138.00	143.00	151.00	155.00	156.00	155.00	154.00	150.00	149.00	147.00	141.00	131.00	124.00	114.00	102.00	96.00	94.00	95.00	99.00	105.00	124.00	127.00	128.00	123.00	115.00	99.00	93.00	87.00	83.00	80.00	80.00	85.00	92.00	99.00	116.00	124.00	131.00	137.00	147.00	149.00	149.00	148.00	142.00	128.00	120.00	118.00	118.00	103.00	91.00	84.00	82.00	84.00	65.00	58.00	56.00	68.00	132.00	151.00	159.00	161.00	159.00	155.00	157.00	158.00	160.00	163.00	165.00	167.00	167.00	165.00	155.00	149.00	147.00	156.00	159.00	158.00
113.00	105.00	105.00	114.00	122.00	129.00	134.00	138.00	144.00	145.00	147.00	150.00	156.00	154.00	150.00	147.00	146.00	145.00	146.00	147.00	147.00	147.00	143.00	142.00	141.00	134.00	129.00	125.00	126.00	130.00	136.00	136.00	135.00	135.00	134.00	134.00	134.00	135.00	136.00	137.00	138.00	138.00	139.00	139.00	139.00	140.00	140.00	140.00	137.00	134.00	132.00	131.00	128.00	125.00	125.00	128.00	130.00	133.00	133.00	134.00	134.00	134.00	134.00	135.00	138.00	141.00	142.00	136.00	129.00	122.00	114.00	111.00	109.00	111.00	117.00	135.00	141.00	146.00	152.00	154.00	152.00	147.00	142.00	138.00	141.00	153.00	157.00	159.00	162.00	162.00	160.00	157.00	151.00	145.00	148.00	153.00	161.00	164.00	162.00	161.00	159.00	157.00	151.00	148.00	147.00	148.00	153.00	153.00	153.00	152.00	149.00	142.00	139.00	137.00	135.00	130.00	126.00	123.00	120.00	117.00	117.00	119.00	123.00	128.00	133.00	133.00	132.00	136.00	138.00	141.00	141.00	140.00	139.00	138.00	136.00	134.00	129.00	125.00	116.00	115.00	116.00	116.00	110.00	108.00	107.00	107.00	108.00	112.00	117.00	119.00	121.00	127.00	131.00	133.00	134.00	134.00	132.00	131.00	131.00	131.00	135.00	137.00	139.00	138.00	134.00	134.00	136.00	139.00	142.00	136.00	135.00	136.00	137.00	135.00	133.00	130.00	123.00	118.00	122.00	131.00	133.00	137.00	150.00	156.00	158.00	158.00	153.00	141.00	139.00	139.00	141.00	140.00	137.00	129.00	117.00	106.00	94.00	91.00	91.00	91.00	94.00	90.00	85.00	82.00	83.00	84.00	82.00	81.00	79.00	77.00	79.00	95.00	108.00	118.00	131.00	137.00	142.00	148.00	154.00	156.00	157.00	158.00	153.00	139.00	131.00	131.00	138.00	137.00	119.00	99.00	86.00	81.00	66.00	67.00	76.00	95.00	147.00	163.00	170.00	172.00	172.00	169.00	167.00	166.00	165.00	163.00	163.00	163.00	163.00	164.00	165.00	165.00	165.00	164.00	162.00	158.00
113.00	105.00	105.00	114.00	122.00	129.00	134.00	138.00	144.00	145.00	147.00	150.00	156.00	154.00	150.00	147.00	146.00	145.00	146.00	147.00	147.00	147.00	143.00	142.00	141.00	134.00	129.00	125.00	126.00	130.00	136.00	136.00	135.00	135.00	134.00	134.00	134.00	135.00	136.00	137.00	138.00	138.00	139.00	139.00	139.00	140.00	140.00	140.00	137.00	134.00	132.00	131.00	128.00	125.00	125.00	128.00	130.00	133.00	133.00	134.00	134.00	134.00	134.00	135.00	138.00	141.00	142.00	136.00	129.00	122.00	114.00	111.00	109.00	111.00	117.00	135.00	141.00	146.00	152.00	154.00	152.00	147.00	142.00	138.00	141.00	153.00	157.00	159.00	162.00	162.00	160.00	157.00	151.00	145.00	148.00	153.00	161.00	164.00	162.00	161.00	159.00	157.00	151.00	148.00	147.00	148.00	153.00	153.00	153.00	152.00	149.00	142.00	139.00	137.00	135.00	130.00	126.00	123.00	120.00	117.00	117.00	119.00	123.00	128.00	133.00	133.00	132.00	136.00	138.00	141.00	141.00	140.00	139.00	138.00	136.00	134.00	129.00	125.00	116.00	115.00	116.00	116.00	110.00	108.00	107.00	107.00	108.00	112.00	117.00	119.00	121.00	127.00	131.00	133.00	134.00	134.00	132.00	131.00	131.00	131.00	135.00	137.00	139.00	138.00	134.00	134.00	136.00	139.00	142.00	136.00	135.00	136.00	137.00	135.00	133.00	130.00	123.00	118.00	122.00	131.00	133.00	137.00	150.00	156.00	158.00	158.00	153.00	141.00	139.00	139.00	141.00	140.00	137.00	129.00	117.00	106.00	94.00	91.00	91.00	91.00	94.00	90.00	85.00	82.00	83.00	84.00	82.00	81.00	79.00	77.00	79.00	95.00	108.00	118.00	131.00	137.00	142.00	148.00	154.00	156.00	157.00	158.00	153.00	139.00	131.00	131.00	138.00	137.00	119.00	99.00	86.00	81.00	66.00	67.00	76.00	95.00	147.00	163.00	170.00	172.00	172.00	169.00	167.00	166.00	165.00	163.00	163.00	163.00	163.00	164.00	165.00	165.00	165.00	164.00	162.00	158.00
135.00	131.00	131.00	133.00	134.00	136.00	138.00	140.00	143.00	144.00	148.00	152.00	163.00	163.00	164.00	162.00	159.00	152.00	148.00	145.00	142.00	135.00	131.00	129.00	128.00	125.00	125.00	127.00	129.00	133.00	140.00	143.00	145.00	148.00	150.00	151.00	151.00	152.00	153.00	152.00	150.00	149.00	146.00	140.00	137.00	135.00	133.00	131.00	127.00	124.00	120.00	117.00	115.00	119.00	122.00	125.00	128.00	132.00	134.00	137.00	138.00	138.00	137.00	136.00	136.00	135.00	129.00	122.00	113.00	106.00	102.00	104.00	107.00	110.00	114.00	126.00	130.00	135.00	141.00	153.00	157.00	159.00	157.00	154.00	149.00	155.00	159.00	161.00	165.00	167.00	167.00	167.00	167.00	168.00	170.00	171.00	171.00	166.00	163.00	161.00	160.00	159.00	157.00	154.00	151.00	149.00	144.00	142.00	141.00	140.00	140.00	139.00	139.00	139.00	139.00	136.00	132.00	129.00	126.00	125.00	130.00	134.00	137.00	139.00	134.00	131.00	128.00	126.00	124.00	123.00	122.00	122.00	122.00	119.00	118.00	118.00	117.00	116.00	119.00	123.00	126.00	128.00	122.00	117.00	113.00	110.00	109.00	112.00	118.00	123.00	129.00	136.00	138.00	140.00	141.00	142.00	143.00	143.00	144.00	142.00	137.00	136.00	136.00	136.00	133.00	131.00	131.00	130.00	130.00	123.00	123.00	126.00	129.00	123.00	119.00	116.00	113.00	109.00	112.00	122.00	127.00	134.00	151.00	155.00	155.00	152.00	146.00	133.00	131.00	130.00	129.00	127.00	126.00	124.00	121.00	116.00	103.00	96.00	93.00	90.00	85.00	83.00	82.00	83.00	84.00	89.00	92.00	93.00	95.00	98.00	98.00	102.00	109.00	116.00	127.00	132.00	135.00	138.00	144.00	146.00	150.00	154.00	160.00	153.00	147.00	146.00	150.00	159.00	150.00	136.00	130.00	130.00	124.00	133.00	143.00	149.00	155.00	157.00	157.00	157.00	158.00	159.00	159.00	158.00	158.00	156.00	155.00	153.00	150.00	149.00	151.00	153.00	154.00	154.00	152.00	150.00
135.00	131.00	131.00	133.00	134.00	136.00	138.00	140.00	143.00	144.00	148.00	152.00	163.00	163.00	164.00	162.00	159.00	152.00	148.00	145.00	142.00	135.00	131.00	129.00	128.00	125.00	125.00	127.00	129.00	133.00	140.00	143.00	145.00	148.00	150.00	151.00	151.00	152.00	153.00	152.00	150.00	149.00	146.00	140.00	137.00	135.00	133.00	131.00	127.00	124.00	120.00	117.00	115.00	119.00	122.00	125.00	128.00	132.00	134.00	137.00	138.00	138.00	137.00	136.00	136.00	135.00	129.00	122.00	113.00	106.00	102.00	104.00	107.00	110.00	114.00	126.00	130.00	135.00	141.00	153.00	157.00	159.00	157.00	154.00	149.00	155.00	159.00	161.00	165.00	167.00	167.00	167.00	167.00	168.00	170.00	171.00	171.00	166.00	163.00	161.00	160.00	159.00	157.00	154.00	151.00	149.00	144.00	142.00	141.00	140.00	140.00	139.00	139.00	139.00	139.00	136.00	132.00	129.00	126.00	125.00	130.00	134.00	137.00	139.00	134.00	131.00	128.00	126.00	124.00	123.00	122.00	122.00	122.00	119.00	118.00	118.00	117.00	116.00	119.00	123.00	126.00	128.00	122.00	117.00	113.00	110.00	109.00	112.00	118.00	123.00	129.00	136.00	138.00	140.00	141.00	142.00	143.00	143.00	144.00	142.00	137.00	136.00	136.00	136.00	133.00	131.00	131.00	130.00	130.00	123.00	123.00	126.00	129.00	123.00	119.00	116.00	113.00	109.00	112.00	122.00	127.00	134.00	151.00	155.00	155.00	152.00	146.00	133.00	131.00	130.00	129.00	127.00	126.00	124.00	121.00	116.00	103.00	96.00	93.00	90.00	85.00	83.00	82.00	83.00	84.00	89.00	92.00	93.00	95.00	98.00	98.00	102.00	109.00	116.00	127.00	132.00	135.00	138.00	144.00	146.00	150.00	154.00	160.00	153.00	147.00	146.00	150.00	159.00	150.00	136.00	130.00	130.00	124.00	133.00	143.00	149.00	155.00	157.00	157.00	157.00	158.00	159.00	159.00	158.00	158.00	156.00	155.00	153.00	150.00	149.00	151.00	153.00	154.00	154.00	152.00	150.00
150.00	151.00	151.00	151.00	152.00	153.00	154.00	154.00	156.00	157.00	157.00	158.00	162.00	162.00	162.00	161.00	159.00	153.00	148.00	144.00	140.00	129.00	120.00	120.00	124.00	133.00	138.00	142.00	146.00	147.00	147.00	148.00	150.00	154.00	155.00	153.00	150.00	148.00	148.00	147.00	147.00	149.00	149.00	148.00	146.00	144.00	142.00	139.00	132.00	128.00	125.00	125.00	125.00	129.00	133.00	136.00	138.00	142.00	145.00	147.00	148.00	145.00	141.00	136.00	129.00	126.00	118.00	113.00	108.00	105.00	105.00	108.00	112.00	116.00	119.00	122.00	123.00	124.00	126.00	131.00	135.00	138.00	143.00	149.00	158.00	164.00	166.00	168.00	171.00	172.00	171.00	170.00	168.00	167.00	166.00	164.00	160.00	156.00	154.00	153.00	153.00	153.00	150.00	149.00	147.00	145.00	139.00	137.00	135.00	133.00	132.00	131.00	129.00	128.00	127.00	123.00	118.00	117.00	118.00	121.00	124.00	125.00	126.00	127.00	125.00	124.00	123.00	121.00	120.00	118.00	117.00	115.00	113.00	107.00	107.00	110.00	116.00	122.00	135.00	138.00	138.00	136.00	126.00	120.00	115.00	113.00	115.00	117.00	118.00	120.00	124.00	132.00	137.00	143.00	149.00	154.00	158.00	156.00	153.00	143.00	133.00	130.00	128.00	127.00	124.00	123.00	123.00	122.00	122.00	122.00	121.00	120.00	119.00	116.00	111.00	106.00	102.00	99.00	106.00	117.00	122.00	128.00	140.00	143.00	143.00	140.00	134.00	125.00	124.00	125.00	125.00	121.00	118.00	116.00	113.00	110.00	106.00	104.00	100.00	97.00	90.00	86.00	84.00	86.00	89.00	100.00	104.00	105.00	105.00	112.00	116.00	118.00	119.00	120.00	121.00	121.00	121.00	123.00	129.00	132.00	136.00	141.00	153.00	161.00	163.00	165.00	167.00	170.00	170.00	168.00	168.00	169.00	159.00	157.00	157.00	157.00	155.00	152.00	148.00	145.00	143.00	142.00	141.00	139.00	137.00	141.00	144.00	143.00	141.00	135.00	133.00	137.00	140.00	144.00	142.00	140.00
150.00	151.00	151.00	151.00	152.00	153.00	154.00	154.00	156.00	157.00	157.00	158.00	162.00	162.00	162.00	161.00	159.00	153.00	148.00	144.00	140.00	129.00	120.00	120.00	124.00	133.00	138.00	142.00	146.00	147.00	147.00	148.00	150.00	154.00	155.00	153.00	150.00	148.00	148.00	147.00	147.00	149.00	149.00	148.00	146.00	144.00	142.00	139.00	132.00	128.00	125.00	125.00	125.00	129.00	133.00	136.00	138.00	142.00	145.00	147.00	148.00	145.00	141.00	136.00	129.00	126.00	118.00	113.00	108.00	105.00	105.00	108.00	112.00	116.00	119.00	122.00	123.00	124.00	126.00	131.00	135.00	138.00	143.00	149.00	158.00	164.00	166.00	168.00	171.00	172.00	171.00	170.00	168.00	167.00	166.00	164.00	160.00	156.00	154.00	153.00	153.00	153.00	150.00	149.00	147.00	145.00	139.00	137.00	135.00	133.00	132.00	131.00	129.00	128.00	127.00	123.00	118.00	117.00	118.00	121.00	124.00	125.00	126.00	127.00	125.00	124.00	123.00	121.00	120.00	118.00	117.00	115.00	113.00	107.00	107.00	110.00	116.00	122.00	135.00	138.00	138.00	136.00	126.00	120.00	115.00	113.00	115.00	117.00	118.00	120.00	124.00	132.00	137.00	143.00	149.00	154.00	158.00	156.00	153.00	143.00	133.00	130.00	128.00	127.00	124.00	123.00	123.00	122.00	122.00	122.00	121.00	120.00	119.00	116.00	111.00	106.00	102.00	99.00	106.00	117.00	122.00	128.00	140.00	143.00	143.00	140.00	134.00	125.00	124.00	125.00	125.00	121.00	118.00	116.00	113.00	110.00	106.00	104.00	100.00	97.00	90.00	86.00	84.00	86.00	89.00	100.00	104.00	105.00	105.00	112.00	116.00	118.00	119.00	120.00	121.00	121.00	121.00	123.00	129.00	132.00	136.00	141.00	153.00	161.00	163.00	165.00	167.00	170.00	170.00	168.00	168.00	169.00	159.00	157.00	157.00	157.00	155.00	152.00	148.00	145.00	143.00	142.00	141.00	139.00	137.00	141.00	144.00	143.00	141.00	135.00	133.00	137.00	140.00	144.00	142.00	140.00
168.00	174.00	175.00	174.00	173.00	172.00	170.00	168.00	165.00	164.00	163.00	163.00	163.00	164.00	164.00	164.00	164.00	161.00	159.00	155.00	152.00	142.00	135.00	134.00	133.00	134.00	134.00	135.00	137.00	138.00	137.00	135.00	136.00	144.00	151.00	154.00	156.00	156.00	154.00	150.00	146.00	143.00	142.00	139.00	140.00	140.00	139.00	138.00	138.00	138.00	137.00	134.00	128.00	134.00	138.00	141.00	141.00	138.00	138.00	139.00	139.00	137.00	135.00	132.00	127.00	125.00	119.00	116.00	116.00	116.00	119.00	121.00	122.00	122.00	123.00	125.00	125.00	125.00	125.00	125.00	125.00	124.00	125.00	130.00	141.00	153.00	154.00	155.00	161.00	164.00	166.00	168.00	167.00	163.00	161.00	158.00	150.00	142.00	139.00	136.00	135.00	135.00	135.00	136.00	136.00	135.00	131.00	130.00	129.00	129.00	129.00	127.00	125.00	122.00	119.00	116.00	116.00	118.00	121.00	126.00	132.00	133.00	132.00	132.00	129.00	129.00	130.00	129.00	128.00	125.00	124.00	123.00	120.00	108.00	106.00	109.00	115.00	123.00	141.00	143.00	141.00	134.00	119.00	115.00	111.00	109.00	111.00	121.00	128.00	130.00	131.00	134.00	135.00	137.00	139.00	141.00	145.00	148.00	152.00	156.00	151.00	145.00	139.00	134.00	125.00	122.00	120.00	118.00	116.00	112.00	111.00	110.00	109.00	108.00	109.00	109.00	109.00	108.00	107.00	111.00	113.00	115.00	120.00	122.00	123.00	124.00	122.00	116.00	116.00	116.00	112.00	109.00	107.00	105.00	103.00	101.00	98.00	96.00	92.00	87.00	88.00	87.00	88.00	90.00	93.00	103.00	108.00	111.00	111.00	110.00	112.00	120.00	122.00	124.00	126.00	126.00	127.00	129.00	136.00	138.00	142.00	146.00	156.00	162.00	165.00	166.00	167.00	167.00	169.00	170.00	172.00	173.00	154.00	150.00	147.00	146.00	145.00	142.00	138.00	132.00	130.00	132.00	129.00	125.00	119.00	118.00	123.00	127.00	126.00	119.00	109.00	115.00	122.00	126.00	126.00	126.00
168.00	174.00	175.00	174.00	173.00	172.00	170.00	168.00	165.00	164.00	163.00	163.00	163.00	164.00	164.00	164.00	164.00	161.00	159.00	155.00	152.00	142.00	135.00	134.00	133.00	134.00	134.00	135.00	137.00	138.00	137.00	135.00	136.00	144.00	151.00	154.00	156.00	156.00	154.00	150.00	146.00	143.00	142.00	139.00	140.00	140.00	139.00	138.00	138.00	138.00	137.00	134.00	128.00	134.00	138.00	141.00	141.00	138.00	138.00	139.00	139.00	137.00	135.00	132.00	127.00	125.00	119.00	116.00	116.00	116.00	119.00	121.00	122.00	122.00	123.00	125.00	125.00	125.00	125.00	125.00	125.00	124.00	125.00	130.00	141.00	153.00	154.00	155.00	161.00	164.00	166.00	168.00	167.00	163.00	161.00	158.00	150.00	142.00	139.00	136.00	135.00	135.00	135.00	136.00	136.00	135.00	131.00	130.00	129.00	129.00	129.00	127.00	125.00	122.00	119.00	116.00	116.00	118.00	121.00	126.00	132.00	133.00	132.00	132.00	129.00	129.00	130.00	129.00	128.00	125.00	124.00	123.00	120.00	108.00	106.00	109.00	115.00	123.00	141.00	143.00	141.00	134.00	119.00	115.00	111.00	109.00	111.00	121.00	128.00	130.00	131.00	134.00	135.00	137.00	139.00	141.00	145.00	148.00	152.00	156.00	151.00	145.00	139.00	134.00	125.00	122.00	120.00	118.00	116.00	112.00	111.00	110.00	109.00	108.00	109.00	109.00	109.00	108.00	107.00	111.00	113.00	115.00	120.00	122.00	123.00	124.00	122.00	116.00	116.00	116.00	112.00	109.00	107.00	105.00	103.00	101.00	98.00	96.00	92.00	87.00	88.00	87.00	88.00	90.00	93.00	103.00	108.00	111.00	111.00	110.00	112.00	120.00	122.00	124.00	126.00	126.00	127.00	129.00	136.00	138.00	142.00	146.00	156.00	162.00	165.00	166.00	167.00	167.00	169.00	170.00	172.00	173.00	154.00	150.00	147.00	146.00	145.00	142.00	138.00	132.00	130.00	132.00	129.00	125.00	119.00	118.00	123.00	127.00	126.00	119.00	109.00	115.00	122.00	126.00	126.00	126.00
174.00	183.00	185.00	182.00	179.00	175.00	172.00	169.00	165.00	164.00	163.00	164.00	165.00	165.00	166.00	167.00	167.00	167.00	165.00	164.00	162.00	157.00	154.00	153.00	152.00	151.00	150.00	149.00	148.00	145.00	141.00	139.00	139.00	140.00	146.00	149.00	150.00	151.00	152.00	153.00	150.00	147.00	146.00	140.00	137.00	136.00	136.00	135.00	134.00	134.00	133.00	130.00	127.00	133.00	135.00	137.00	135.00	135.00	135.00	134.00	134.00	131.00	130.00	127.00	119.00	116.00	115.00	118.00	121.00	123.00	127.00	128.00	129.00	130.00	133.00	142.00	144.00	146.00	147.00	149.00	147.00	145.00	143.00	140.00	137.00	134.00	133.00	133.00	138.00	142.00	147.00	152.00	155.00	155.00	152.00	150.00	147.00	144.00	144.00	143.00	141.00	140.00	140.00	140.00	141.00	140.00	129.00	126.00	125.00	124.00	122.00	121.00	120.00	117.00	116.00	122.00	131.00	134.00	135.00	135.00	138.00	139.00	140.00	141.00	141.00	139.00	138.00	135.00	134.00	133.00	133.00	134.00	133.00	122.00	114.00	107.00	104.00	105.00	125.00	132.00	135.00	133.00	121.00	116.00	111.00	109.00	110.00	118.00	126.00	130.00	133.00	132.00	131.00	130.00	129.00	129.00	129.00	127.00	126.00	133.00	148.00	153.00	154.00	152.00	141.00	135.00	131.00	128.00	126.00	124.00	123.00	121.00	119.00	112.00	111.00	110.00	108.00	106.00	102.00	98.00	98.00	100.00	105.00	108.00	110.00	112.00	113.00	114.00	116.00	117.00	114.00	105.00	102.00	98.00	96.00	94.00	91.00	88.00	86.00	86.00	86.00	89.00	94.00	98.00	102.00	110.00	118.00	125.00	131.00	125.00	120.00	126.00	132.00	137.00	137.00	134.00	132.00	135.00	144.00	150.00	156.00	162.00	169.00	166.00	164.00	162.00	160.00	156.00	155.00	155.00	156.00	156.00	140.00	137.00	136.00	134.00	130.00	128.00	125.00	120.00	116.00	116.00	117.00	117.00	113.00	105.00	108.00	110.00	111.00	108.00	96.00	95.00	98.00	104.00	106.00	104.00
174.00	183.00	185.00	182.00	179.00	175.00	172.00	169.00	165.00	164.00	163.00	164.00	165.00	165.00	166.00	167.00	167.00	167.00	165.00	164.00	162.00	157.00	154.00	153.00	152.00	151.00	150.00	149.00	148.00	145.00	141.00	139.00	139.00	140.00	146.00	149.00	150.00	151.00	152.00	153.00	150.00	147.00	146.00	140.00	137.00	136.00	136.00	135.00	134.00	134.00	133.00	130.00	127.00	133.00	135.00	137.00	135.00	135.00	135.00	134.00	134.00	131.00	130.00	127.00	119.00	116.00	115.00	118.00	121.00	123.00	127.00	128.00	129.00	130.00	133.00	142.00	144.00	146.00	147.00	149.00	147.00	145.00	143.00	140.00	137.00	134.00	133.00	133.00	138.00	142.00	147.00	152.00	155.00	155.00	152.00	150.00	147.00	144.00	144.00	143.00	141.00	140.00	140.00	140.00	141.00	140.00	129.00	126.00	125.00	124.00	122.00	121.00	120.00	117.00	116.00	122.00	131.00	134.00	135.00	135.00	138.00	139.00	140.00	141.00	141.00	139.00	138.00	135.00	134.00	133.00	133.00	134.00	133.00	122.00	114.00	107.00	104.00	105.00	125.00	132.00	135.00	133.00	121.00	116.00	111.00	109.00	110.00	118.00	126.00	130.00	133.00	132.00	131.00	130.00	129.00	129.00	129.00	127.00	126.00	133.00	148.00	153.00	154.00	152.00	141.00	135.00	131.00	128.00	126.00	124.00	123.00	121.00	119.00	112.00	111.00	110.00	108.00	106.00	102.00	98.00	98.00	100.00	105.00	108.00	110.00	112.00	113.00	114.00	116.00	117.00	114.00	105.00	102.00	98.00	96.00	94.00	91.00	88.00	86.00	86.00	86.00	89.00	94.00	98.00	102.00	110.00	118.00	125.00	131.00	125.00	120.00	126.00	132.00	137.00	137.00	134.00	132.00	135.00	144.00	150.00	156.00	162.00	169.00	166.00	164.00	162.00	160.00	156.00	155.00	155.00	156.00	156.00	140.00	137.00	136.00	134.00	130.00	128.00	125.00	120.00	116.00	116.00	117.00	117.00	113.00	105.00	108.00	110.00	111.00	108.00	96.00	95.00	98.00	104.00	106.00	104.00
174.00	183.00	185.00	182.00	179.00	175.00	172.00	169.00	165.00	164.00	163.00	164.00	165.00	165.00	166.00	167.00	167.00	167.00	165.00	164.00	162.00	157.00	154.00	153.00	152.00	151.00	150.00	149.00	148.00	145.00	141.00	139.00	139.00	140.00	146.00	149.00	150.00	151.00	152.00	153.00	150.00	147.00	146.00	140.00	137.00	136.00	136.00	135.00	134.00	134.00	133.00	130.00	127.00	133.00	135.00	137.00	135.00	135.00	135.00	134.00	134.00	131.00	130.00	127.00	119.00	116.00	115.00	118.00	121.00	123.00	127.00	128.00	129.00	130.00	133.00	142.00	144.00	146.00	147.00	149.00	147.00	145.00	143.00	140.00	137.00	134.00	133.00	133.00	138.00	142.00	147.00	152.00	155.00	155.00	152.00	150.00	147.00	144.00	144.00	143.00	141.00	140.00	140.00	140.00	141.00	140.00	129.00	126.00	125.00	124.00	122.00	121.00	120.00	117.00	116.00	122.00	131.00	134.00	135.00	135.00	138.00	139.00	140.00	141.00	141.00	139.00	138.00	135.00	134.00	133.00	133.00	134.00	133.00	122.00	114.00	107.00	104.00	105.00	125.00	132.00	135.00	133.00	121.00	116.00	111.00	109.00	110.00	118.00	126.00	130.00	133.00	132.00	131.00	130.00	129.00	129.00	129.00	127.00	126.00	133.00	148.00	153.00	154.00	152.00	141.00	135.00	131.00	128.00	126.00	124.00	123.00	121.00	119.00	112.00	111.00	110.00	108.00	106.00	102.00	98.00	98.00	100.00	105.00	108.00	110.00	112.00	113.00	114.00	116.00	117.00	114.00	105.00	102.00	98.00	96.00	94.00	91.00	88.00	86.00	86.00	86.00	89.00	94.00	98.00	102.00	110.00	118.00	125.00	131.00	125.00	120.00	126.00	132.00	137.00	137.00	134.00	132.00	135.00	144.00	150.00	156.00	162.00	169.00	166.00	164.00	162.00	160.00	156.00	155.00	155.00	156.00	156.00	140.00	137.00	136.00	134.00	130.00	128.00	125.00	120.00	116.00	116.00	117.00	117.00	113.00	105.00	108.00	110.00	111.00	108.00	96.00	95.00	98.00	104.00	106.00	104.00
175.00	185.00	187.00	189.00	189.00	189.00	188.00	185.00	180.00	179.00	178.00	177.00	172.00	172.00	173.00	174.00	174.00	170.00	167.00	165.00	164.00	167.00	171.00	173.00	173.00	172.00	170.00	168.00	166.00	164.00	160.00	159.00	158.00	158.00	160.00	161.00	162.00	162.00	162.00	161.00	160.00	159.00	158.00	155.00	154.00	154.00	154.00	154.00	152.00	149.00	146.00	143.00	141.00	145.00	146.00	148.00	149.00	151.00	150.00	148.00	145.00	140.00	137.00	133.00	125.00	123.00	126.00	130.00	132.00	133.00	133.00	135.00	137.00	140.00	142.00	151.00	155.00	158.00	161.00	163.00	163.00	162.00	162.00	163.00	162.00	155.00	152.00	147.00	140.00	139.00	140.00	142.00	144.00	146.00	145.00	144.00	141.00	137.00	136.00	134.00	134.00	135.00	136.00	137.00	138.00	137.00	128.00	125.00	122.00	120.00	118.00	117.00	118.00	119.00	120.00	128.00	139.00	143.00	144.00	142.00	139.00	139.00	139.00	141.00	149.00	152.00	153.00	149.00	146.00	142.00	141.00	141.00	141.00	134.00	129.00	121.00	114.00	108.00	103.00	107.00	112.00	115.00	110.00	107.00	107.00	112.00	119.00	131.00	136.00	137.00	137.00	131.00	125.00	120.00	117.00	116.00	114.00	112.00	111.00	112.00	125.00	133.00	138.00	144.00	150.00	150.00	148.00	147.00	145.00	137.00	134.00	131.00	129.00	127.00	126.00	125.00	124.00	123.00	116.00	111.00	107.00	103.00	95.00	91.00	89.00	89.00	92.00	98.00	100.00	102.00	101.00	97.00	95.00	93.00	90.00	87.00	88.00	91.00	92.00	89.00	94.00	96.00	102.00	110.00	117.00	126.00	130.00	135.00	140.00	140.00	133.00	129.00	135.00	143.00	151.00	147.00	145.00	149.00	160.00	166.00	171.00	173.00	170.00	162.00	157.00	154.00	151.00	144.00	142.00	143.00	143.00	144.00	127.00	124.00	122.00	121.00	118.00	115.00	111.00	107.00	103.00	98.00	97.00	98.00	97.00	88.00	86.00	86.00	88.00	88.00	83.00	79.00	79.00	82.00	86.00	87.00
179.00	186.00	189.00	194.00	195.00	195.00	191.00	189.00	190.00	192.00	193.00	193.00	185.00	180.00	176.00	173.00	170.00	164.00	162.00	161.00	163.00	174.00	184.00	187.00	189.00	187.00	183.00	180.00	178.00	179.00	182.00	184.00	185.00	185.00	184.00	183.00	182.00	181.00	180.00	177.00	177.00	176.00	175.00	171.00	170.00	169.00	168.00	168.00	168.00	167.00	166.00	165.00	164.00	163.00	160.00	156.00	153.00	150.00	150.00	151.00	152.00	150.00	144.00	138.00	128.00	127.00	133.00	138.00	142.00	145.00	147.00	149.00	150.00	152.00	155.00	160.00	162.00	162.00	163.00	163.00	160.00	157.00	155.00	154.00	156.00	155.00	153.00	149.00	142.00	142.00	142.00	144.00	147.00	150.00	150.00	149.00	146.00	143.00	140.00	136.00	133.00	128.00	126.00	126.00	127.00	127.00	122.00	122.00	122.00	121.00	119.00	117.00	117.00	118.00	121.00	129.00	139.00	145.00	149.00	152.00	151.00	150.00	149.00	149.00	147.00	146.00	145.00	144.00	141.00	137.00	134.00	133.00	131.00	126.00	121.00	115.00	111.00	109.00	107.00	104.00	101.00	101.00	101.00	102.00	104.00	109.00	116.00	130.00	135.00	134.00	133.00	125.00	121.00	117.00	114.00	112.00	106.00	104.00	102.00	107.00	117.00	121.00	125.00	128.00	133.00	136.00	139.00	142.00	143.00	138.00	134.00	131.00	129.00	130.00	131.00	131.00	131.00	130.00	123.00	116.00	113.00	111.00	107.00	105.00	104.00	102.00	100.00	92.00	89.00	89.00	89.00	87.00	89.00	90.00	92.00	93.00	98.00	100.00	99.00	96.00	92.00	91.00	96.00	104.00	111.00	122.00	127.00	133.00	138.00	147.00	148.00	140.00	142.00	149.00	162.00	167.00	171.00	173.00	171.00	170.00	169.00	167.00	162.00	155.00	153.00	152.00	151.00	146.00	141.00	137.00	136.00	135.00	114.00	110.00	108.00	106.00	101.00	100.00	99.00	98.00	96.00	90.00	87.00	86.00	85.00	80.00	78.00	77.00	77.00	75.00	72.00	69.00	66.00	66.00	69.00	70.00
179.00	186.00	189.00	194.00	195.00	195.00	191.00	189.00	190.00	192.00	193.00	193.00	185.00	180.00	176.00	173.00	170.00	164.00	162.00	161.00	163.00	174.00	184.00	187.00	189.00	187.00	183.00	180.00	178.00	179.00	182.00	184.00	185.00	185.00	184.00	183.00	182.00	181.00	180.00	177.00	177.00	176.00	175.00	171.00	170.00	169.00	168.00	168.00	168.00	167.00	166.00	165.00	164.00	163.00	160.00	156.00	153.00	150.00	150.00	151.00	152.00	150.00	144.00	138.00	128.00	127.00	133.00	138.00	142.00	145.00	147.00	149.00	150.00	152.00	155.00	160.00	162.00	162.00	163.00	163.00	160.00	157.00	155.00	154.00	156.00	155.00	153.00	149.00	142.00	142.00	142.00	144.00	147.00	150.00	150.00	149.00	146.00	143.00	140.00	136.00	133.00	128.00	126.00	126.00	127.00	127.00	122.00	122.00	122.00	121.00	119.00	117.00	117.00	118.00	121.00	129.00	139.00	145.00	149.00	152.00	151.00	150.00	149.00	149.00	147.00	146.00	145.00	144.00	141.00	137.00	134.00	133.00	131.00	126.00	121.00	115.00	111.00	109.00	107.00	104.00	101.00	101.00	101.00	102.00	104.00	109.00	116.00	130.00	135.00	134.00	133.00	125.00	121.00	117.00	114.00	112.00	106.00	104.00	102.00	107.00	117.00	121.00	125.00	128.00	133.00	136.00	139.00	142.00	143.00	138.00	134.00	131.00	129.00	130.00	131.00	131.00	131.00	130.00	123.00	116.00	113.00	111.00	107.00	105.00	104.00	102.00	100.00	92.00	89.00	89.00	89.00	87.00	89.00	90.00	92.00	93.00	98.00	100.00	99.00	96.00	92.00	91.00	96.00	104.00	111.00	122.00	127.00	133.00	138.00	147.00	148.00	140.00	142.00	149.00	162.00	167.00	171.00	173.00	171.00	170.00	169.00	167.00	162.00	155.00	153.00	152.00	151.00	146.00	141.00	137.00	136.00	135.00	114.00	110.00	108.00	106.00	101.00	100.00	99.00	98.00	96.00	90.00	87.00	86.00	85.00	80.00	78.00	77.00	77.00	75.00	72.00	69.00	66.00	66.00	69.00	70.00
179.00	186.00	189.00	194.00	195.00	195.00	191.00	189.00	190.00	192.00	193.00	193.00	185.00	180.00	176.00	173.00	170.00	164.00	162.00	161.00	163.00	174.00	184.00	187.00	189.00	187.00	183.00	180.00	178.00	179.00	182.00	184.00	185.00	185.00	184.00	183.00	182.00	181.00	180.00	177.00	177.00	176.00	175.00	171.00	170.00	169.00	168.00	168.00	168.00	167.00	166.00	165.00	164.00	163.00	160.00	156.00	153.00	150.00	150.00	151.00	152.00	150.00	144.00	138.00	128.00	127.00	133.00	138.00	142.00	145.00	147.00	149.00	150.00	152.00	155.00	160.00	162.00	162.00	163.00	163.00	160.00	157.00	155.00	154.00	156.00	155.00	153.00	149.00	142.00	142.00	142.00	144.00	147.00	150.00	150.00	149.00	146.00	143.00	140.00	136.00	133.00	128.00	126.00	126.00	127.00	127.00	122.00	122.00	122.00	121.00	119.00	117.00	117.00	118.00	121.00	129.00	139.00	145.00	149.00	152.00	151.00	150.00	149.00	149.00	147.00	146.00	145.00	144.00	141.00	137.00	134.00	133.00	131.00	126.00	121.00	115.00	111.00	109.00	107.00	104.00	101.00	101.00	101.00	102.00	104.00	109.00	116.00	130.00	135.00	134.00	133.00	125.00	121.00	117.00	114.00	112.00	106.00	104.00	102.00	107.00	117.00	121.00	125.00	128.00	133.00	136.00	139.00	142.00	143.00	138.00	134.00	131.00	129.00	130.00	131.00	131.00	131.00	130.00	123.00	116.00	113.00	111.00	107.00	105.00	104.00	102.00	100.00	92.00	89.00	89.00	89.00	87.00	89.00	90.00	92.00	93.00	98.00	100.00	99.00	96.00	92.00	91.00	96.00	104.00	111.00	122.00	127.00	133.00	138.00	147.00	148.00	140.00	142.00	149.00	162.00	167.00	171.00	173.00	171.00	170.00	169.00	167.00	162.00	155.00	153.00	152.00	151.00	146.00	141.00	137.00	136.00	135.00	114.00	110.00	108.00	106.00	101.00	100.00	99.00	98.00	96.00	90.00	87.00	86.00	85.00	80.00	78.00	77.00	77.00	75.00	72.00	69.00	66.00	66.00	69.00	70.00
174.00	177.00	179.00	182.00	183.00	184.00	185.00	188.00	193.00	195.00	195.00	193.00	182.00	177.00	172.00	169.00	167.00	163.00	162.00	164.00	169.00	178.00	184.00	185.00	185.00	181.00	179.00	178.00	180.00	184.00	193.00	196.00	198.00	202.00	204.00	205.00	205.00	205.00	203.00	200.00	200.00	198.00	195.00	188.00	186.00	184.00	182.00	181.00	179.00	178.00	176.00	175.00	173.00	171.00	169.00	167.00	165.00	158.00	155.00	152.00	149.00	143.00	138.00	132.00	123.00	121.00	126.00	131.00	137.00	142.00	152.00	158.00	163.00	166.00	169.00	169.00	167.00	165.00	163.00	156.00	152.00	148.00	145.00	143.00	140.00	141.00	141.00	140.00	135.00	133.00	132.00	133.00	135.00	141.00	142.00	142.00	142.00	142.00	142.00	141.00	140.00	139.00	136.00	133.00	129.00	125.00	110.00	107.00	106.00	105.00	105.00	109.00	114.00	119.00	123.00	132.00	138.00	141.00	144.00	147.00	146.00	145.00	144.00	144.00	145.00	143.00	138.00	129.00	125.00	117.00	115.00	115.00	117.00	118.00	116.00	115.00	114.00	114.00	111.00	108.00	105.00	102.00	98.00	101.00	106.00	111.00	117.00	132.00	139.00	137.00	134.00	126.00	123.00	121.00	118.00	116.00	107.00	100.00	94.00	95.00	108.00	113.00	118.00	121.00	126.00	128.00	129.00	130.00	130.00	126.00	125.00	123.00	122.00	120.00	118.00	117.00	117.00	116.00	112.00	109.00	108.00	107.00	105.00	104.00	103.00	104.00	104.00	97.00	94.00	97.00	100.00	107.00	111.00	116.00	118.00	117.00	108.00	103.00	98.00	93.00	89.00	90.00	95.00	100.00	104.00	115.00	121.00	127.00	135.00	152.00	158.00	163.00	162.00	160.00	161.00	162.00	163.00	163.00	159.00	157.00	154.00	151.00	149.00	149.00	148.00	146.00	144.00	140.00	136.00	133.00	129.00	126.00	105.00	101.00	101.00	100.00	94.00	89.00	86.00	84.00	82.00	78.00	74.00	74.00	74.00	74.00	73.00	71.00	69.00	68.00	67.00	66.00	66.00	65.00	64.00	63.00
174.00	177.00	179.00	182.00	183.00	184.00	185.00	188.00	193.00	195.00	195.00	193.00	182.00	177.00	172.00	169.00	167.00	163.00	162.00	164.00	169.00	178.00	184.00	185.00	185.00	181.00	179.00	178.00	180.00	184.00	193.00	196.00	198.00	202.00	204.00	205.00	205.00	205.00	203.00	200.00	200.00	198.00	195.00	188.00	186.00	184.00	182.00	181.00	179.00	178.00	176.00	175.00	173.00	171.00	169.00	167.00	165.00	158.00	155.00	152.00	149.00	143.00	138.00	132.00	123.00	121.00	126.00	131.00	137.00	142.00	152.00	158.00	163.00	166.00	169.00	169.00	167.00	165.00	163.00	156.00	152.00	148.00	145.00	143.00	140.00	141.00	141.00	140.00	135.00	133.00	132.00	133.00	135.00	141.00	142.00	142.00	142.00	142.00	142.00	141.00	140.00	139.00	136.00	133.00	129.00	125.00	110.00	107.00	106.00	105.00	105.00	109.00	114.00	119.00	123.00	132.00	138.00	141.00	144.00	147.00	146.00	145.00	144.00	144.00	145.00	143.00	138.00	129.00	125.00	117.00	115.00	115.00	117.00	118.00	116.00	115.00	114.00	114.00	111.00	108.00	105.00	102.00	98.00	101.00	106.00	111.00	117.00	132.00	139.00	137.00	134.00	126.00	123.00	121.00	118.00	116.00	107.00	100.00	94.00	95.00	108.00	113.00	118.00	121.00	126.00	128.00	129.00	130.00	130.00	126.00	125.00	123.00	122.00	120.00	118.00	117.00	117.00	116.00	112.00	109.00	108.00	107.00	105.00	104.00	103.00	104.00	104.00	97.00	94.00	97.00	100.00	107.00	111.00	116.00	118.00	117.00	108.00	103.00	98.00	93.00	89.00	90.00	95.00	100.00	104.00	115.00	121.00	127.00	135.00	152.00	158.00	163.00	162.00	160.00	161.00	162.00	163.00	163.00	159.00	157.00	154.00	151.00	149.00	149.00	148.00	146.00	144.00	140.00	136.00	133.00	129.00	126.00	105.00	101.00	101.00	100.00	94.00	89.00	86.00	84.00	82.00	78.00	74.00	74.00	74.00	74.00	73.00	71.00	69.00	68.00	67.00	66.00	66.00	65.00	64.00	63.00
174.00	177.00	179.00	182.00	183.00	184.00	185.00	188.00	193.00	195.00	195.00	193.00	182.00	177.00	172.00	169.00	167.00	163.00	162.00	164.00	169.00	178.00	184.00	185.00	185.00	181.00	179.00	178.00	180.00	184.00	193.00	196.00	198.00	202.00	204.00	205.00	205.00	205.00	203.00	200.00	200.00	198.00	195.00	188.00	186.00	184.00	182.00	181.00	179.00	178.00	176.00	175.00	173.00	171.00	169.00	167.00	165.00	158.00	155.00	152.00	149.00	143.00	138.00	132.00	123.00	121.00	126.00	131.00	137.00	142.00	152.00	158.00	163.00	166.00	169.00	169.00	167.00	165.00	163.00	156.00	152.00	148.00	145.00	143.00	140.00	141.00	141.00	140.00	135.00	133.00	132.00	133.00	135.00	141.00	142.00	142.00	142.00	142.00	142.00	141.00	140.00	139.00	136.00	133.00	129.00	125.00	110.00	107.00	106.00	105.00	105.00	109.00	114.00	119.00	123.00	132.00	138.00	141.00	144.00	147.00	146.00	145.00	144.00	144.00	145.00	143.00	138.00	129.00	125.00	117.00	115.00	115.00	117.00	118.00	116.00	115.00	114.00	114.00	111.00	108.00	105.00	102.00	98.00	101.00	106.00	111.00	117.00	132.00	139.00	137.00	134.00	126.00	123.00	121.00	118.00	116.00	107.00	100.00	94.00	95.00	108.00	113.00	118.00	121.00	126.00	128.00	129.00	130.00	130.00	126.00	125.00	123.00	122.00	120.00	118.00	117.00	117.00	116.00	112.00	109.00	108.00	107.00	105.00	104.00	103.00	104.00	104.00	97.00	94.00	97.00	100.00	107.00	111.00	116.00	118.00	117.00	108.00	103.00	98.00	93.00	89.00	90.00	95.00	100.00	104.00	115.00	121.00	127.00	135.00	152.00	158.00	163.00	162.00	160.00	161.00	162.00	163.00	163.00	159.00	157.00	154.00	151.00	149.00	149.00	148.00	146.00	144.00	140.00	136.00	133.00	129.00	126.00	105.00	101.00	101.00	100.00	94.00	89.00	86.00	84.00	82.00	78.00	74.00	74.00	74.00	74.00	73.00	71.00	69.00	68.00	67.00	66.00	66.00	65.00	64.00	63.00
176.00	183.00	186.00	185.00	184.00	183.00	183.00	183.00	187.00	189.00	190.00	189.00	181.00	179.00	179.00	177.00	175.00	170.00	167.00	166.00	169.00	178.00	181.00	180.00	179.00	179.00	183.00	187.00	191.00	195.00	204.00	206.00	209.00	211.00	210.00	209.00	206.00	204.00	202.00	200.00	199.00	199.00	199.00	194.00	192.00	191.00	191.00	192.00	192.00	192.00	192.00	191.00	190.00	189.00	187.00	185.00	183.00	179.00	177.00	175.00	172.00	166.00	162.00	159.00	149.00	144.00	143.00	145.00	147.00	150.00	157.00	160.00	163.00	166.00	168.00	167.00	163.00	159.00	156.00	151.00	148.00	144.00	139.00	136.00	132.00	129.00	127.00	125.00	122.00	121.00	121.00	121.00	121.00	126.00	129.00	131.00	135.00	136.00	135.00	134.00	132.00	131.00	128.00	126.00	123.00	120.00	113.00	111.00	108.00	107.00	108.00	116.00	121.00	125.00	127.00	133.00	137.00	141.00	145.00	149.00	151.00	147.00	143.00	139.00	133.00	129.00	126.00	121.00	119.00	117.00	118.00	119.00	122.00	127.00	129.00	130.00	130.00	129.00	123.00	120.00	115.00	111.00	103.00	99.00	96.00	97.00	102.00	115.00	124.00	127.00	128.00	130.00	131.00	131.00	131.00	129.00	121.00	116.00	110.00	101.00	104.00	107.00	111.00	114.00	117.00	117.00	116.00	115.00	115.00	116.00	116.00	115.00	114.00	113.00	112.00	109.00	108.00	108.00	104.00	100.00	98.00	96.00	94.00	94.00	94.00	96.00	97.00	93.00	97.00	103.00	121.00	131.00	130.00	126.00	119.00	112.00	104.00	100.00	96.00	93.00	94.00	99.00	108.00	115.00	120.00	124.00	128.00	135.00	143.00	155.00	158.00	160.00	158.00	154.00	146.00	145.00	144.00	144.00	143.00	142.00	141.00	140.00	137.00	137.00	135.00	134.00	131.00	128.00	126.00	123.00	121.00	118.00	94.00	90.00	88.00	85.00	82.00	82.00	81.00	77.00	74.00	67.00	59.00	62.00	66.00	75.00	79.00	82.00	87.00	96.00	92.00	88.00	89.00	94.00	89.00	86.00
176.00	183.00	186.00	185.00	184.00	183.00	183.00	183.00	187.00	189.00	190.00	189.00	181.00	179.00	179.00	177.00	175.00	170.00	167.00	166.00	169.00	178.00	181.00	180.00	179.00	179.00	183.00	187.00	191.00	195.00	204.00	206.00	209.00	211.00	210.00	209.00	206.00	204.00	202.00	200.00	199.00	199.00	199.00	194.00	192.00	191.00	191.00	192.00	192.00	192.00	192.00	191.00	190.00	189.00	187.00	185.00	183.00	179.00	177.00	175.00	172.00	166.00	162.00	159.00	149.00	144.00	143.00	145.00	147.00	150.00	157.00	160.00	163.00	166.00	168.00	167.00	163.00	159.00	156.00	151.00	148.00	144.00	139.00	136.00	132.00	129.00	127.00	125.00	122.00	121.00	121.00	121.00	121.00	126.00	129.00	131.00	135.00	136.00	135.00	134.00	132.00	131.00	128.00	126.00	123.00	120.00	113.00	111.00	108.00	107.00	108.00	116.00	121.00	125.00	127.00	133.00	137.00	141.00	145.00	149.00	151.00	147.00	143.00	139.00	133.00	129.00	126.00	121.00	119.00	117.00	118.00	119.00	122.00	127.00	129.00	130.00	130.00	129.00	123.00	120.00	115.00	111.00	103.00	99.00	96.00	97.00	102.00	115.00	124.00	127.00	128.00	130.00	131.00	131.00	131.00	129.00	121.00	116.00	110.00	101.00	104.00	107.00	111.00	114.00	117.00	117.00	116.00	115.00	115.00	116.00	116.00	115.00	114.00	113.00	112.00	109.00	108.00	108.00	104.00	100.00	98.00	96.00	94.00	94.00	94.00	96.00	97.00	93.00	97.00	103.00	121.00	131.00	130.00	126.00	119.00	112.00	104.00	100.00	96.00	93.00	94.00	99.00	108.00	115.00	120.00	124.00	128.00	135.00	143.00	155.00	158.00	160.00	158.00	154.00	146.00	145.00	144.00	144.00	143.00	142.00	141.00	140.00	137.00	137.00	135.00	134.00	131.00	128.00	126.00	123.00	121.00	118.00	94.00	90.00	88.00	85.00	82.00	82.00	81.00	77.00	74.00	67.00	59.00	62.00	66.00	75.00	79.00	82.00	87.00	96.00	92.00	88.00	89.00	94.00	89.00	86.00
176.00	180.00	181.00	183.00	184.00	185.00	186.00	185.00	184.00	183.00	182.00	180.00	179.00	178.00	176.00	174.00	171.00	166.00	164.00	166.00	170.00	177.00	179.00	180.00	182.00	186.00	188.00	190.00	194.00	199.00	206.00	208.00	209.00	206.00	200.00	197.00	196.00	197.00	198.00	194.00	191.00	188.00	187.00	185.00	187.00	189.00	192.00	194.00	195.00	195.00	195.00	197.00	201.00	204.00	204.00	205.00	204.00	202.00	200.00	199.00	196.00	190.00	187.00	183.00	179.00	178.00	175.00	174.00	174.00	173.00	172.00	173.00	173.00	173.00	174.00	173.00	170.00	166.00	162.00	154.00	150.00	145.00	141.00	138.00	140.00	144.00	144.00	142.00	135.00	131.00	128.00	125.00	122.00	120.00	119.00	119.00	120.00	122.00	123.00	123.00	123.00	123.00	121.00	119.00	118.00	119.00	125.00	127.00	129.00	130.00	132.00	136.00	138.00	139.00	139.00	139.00	140.00	141.00	144.00	147.00	150.00	148.00	143.00	137.00	127.00	121.00	115.00	111.00	115.00	125.00	130.00	133.00	135.00	135.00	135.00	133.00	132.00	131.00	128.00	126.00	122.00	117.00	108.00	105.00	103.00	100.00	98.00	97.00	104.00	109.00	114.00	122.00	127.00	130.00	132.00	130.00	120.00	116.00	113.00	112.00	110.00	109.00	108.00	108.00	111.00	115.00	118.00	121.00	123.00	117.00	113.00	109.00	107.00	103.00	101.00	100.00	99.00	96.00	91.00	90.00	91.00	90.00	90.00	93.00	96.00	98.00	103.00	119.00	126.00	130.00	133.00	124.00	119.00	114.00	109.00	104.00	98.00	93.00	90.00	90.00	99.00	108.00	118.00	128.00	138.00	152.00	156.00	160.00	163.00	159.00	154.00	142.00	137.00	132.00	125.00	125.00	126.00	127.00	127.00	126.00	124.00	123.00	122.00	123.00	124.00	124.00	124.00	122.00	120.00	117.00	113.00	110.00	85.00	81.00	80.00	79.00	76.00	75.00	72.00	69.00	64.00	62.00	84.00	102.00	114.00	124.00	133.00	139.00	142.00	145.00	146.00	144.00	143.00	144.00	145.00	144.00
176.00	180.00	181.00	183.00	184.00	185.00	186.00	185.00	184.00	183.00	182.00	180.00	179.00	178.00	176.00	174.00	171.00	166.00	164.00	166.00	170.00	177.00	179.00	180.00	182.00	186.00	188.00	190.00	194.00	199.00	206.00	208.00	209.00	206.00	200.00	197.00	196.00	197.00	198.00	194.00	191.00	188.00	187.00	185.00	187.00	189.00	192.00	194.00	195.00	195.00	195.00	197.00	201.00	204.00	204.00	205.00	204.00	202.00	200.00	199.00	196.00	190.00	187.00	183.00	179.00	178.00	175.00	174.00	174.00	173.00	172.00	173.00	173.00	173.00	174.00	173.00	170.00	166.00	162.00	154.00	150.00	145.00	141.00	138.00	140.00	144.00	144.00	142.00	135.00	131.00	128.00	125.00	122.00	120.00	119.00	119.00	120.00	122.00	123.00	123.00	123.00	123.00	121.00	119.00	118.00	119.00	125.00	127.00	129.00	130.00	132.00	136.00	138.00	139.00	139.00	139.00	140.00	141.00	144.00	147.00	150.00	148.00	143.00	137.00	127.00	121.00	115.00	111.00	115.00	125.00	130.00	133.00	135.00	135.00	135.00	133.00	132.00	131.00	128.00	126.00	122.00	117.00	108.00	105.00	103.00	100.00	98.00	97.00	104.00	109.00	114.00	122.00	127.00	130.00	132.00	130.00	120.00	116.00	113.00	112.00	110.00	109.00	108.00	108.00	111.00	115.00	118.00	121.00	123.00	117.00	113.00	109.00	107.00	103.00	101.00	100.00	99.00	96.00	91.00	90.00	91.00	90.00	90.00	93.00	96.00	98.00	103.00	119.00	126.00	130.00	133.00	124.00	119.00	114.00	109.00	104.00	98.00	93.00	90.00	90.00	99.00	108.00	118.00	128.00	138.00	152.00	156.00	160.00	163.00	159.00	154.00	142.00	137.00	132.00	125.00	125.00	126.00	127.00	127.00	126.00	124.00	123.00	122.00	123.00	124.00	124.00	124.00	122.00	120.00	117.00	113.00	110.00	85.00	81.00	80.00	79.00	76.00	75.00	72.00	69.00	64.00	62.00	84.00	102.00	114.00	124.00	133.00	139.00	142.00	145.00	146.00	144.00	143.00	144.00	145.00	144.00
185.00	182.00	181.00	178.00	179.00	180.00	182.00	183.00	185.00	186.00	187.00	188.00	192.00	190.00	187.00	183.00	178.00	168.00	164.00	164.00	167.00	175.00	184.00	187.00	190.00	191.00	188.00	186.00	187.00	192.00	203.00	204.00	204.00	201.00	195.00	193.00	193.00	192.00	193.00	188.00	181.00	176.00	173.00	180.00	185.00	190.00	194.00	197.00	196.00	194.00	192.00	191.00	190.00	191.00	193.00	196.00	200.00	204.00	203.00	203.00	201.00	198.00	196.00	193.00	188.00	186.00	184.00	183.00	184.00	185.00	189.00	190.00	191.00	191.00	191.00	190.00	187.00	182.00	177.00	169.00	166.00	163.00	160.00	158.00	157.00	159.00	161.00	161.00	160.00	157.00	154.00	149.00	143.00	135.00	131.00	128.00	125.00	131.00	136.00	141.00	144.00	145.00	138.00	133.00	129.00	126.00	131.00	132.00	135.00	137.00	140.00	142.00	143.00	143.00	144.00	144.00	145.00	144.00	143.00	141.00	142.00	142.00	141.00	139.00	134.00	132.00	130.00	129.00	132.00	134.00	135.00	136.00	138.00	142.00	142.00	140.00	137.00	135.00	134.00	132.00	128.00	124.00	115.00	113.00	110.00	108.00	104.00	96.00	93.00	95.00	99.00	109.00	116.00	123.00	126.00	126.00	121.00	117.00	114.00	110.00	107.00	105.00	102.00	101.00	101.00	103.00	108.00	113.00	118.00	114.00	109.00	105.00	102.00	99.00	99.00	100.00	100.00	100.00	97.00	98.00	100.00	100.00	101.00	104.00	109.00	116.00	124.00	135.00	136.00	134.00	126.00	121.00	118.00	115.00	110.00	104.00	101.00	100.00	98.00	99.00	116.00	127.00	139.00	151.00	160.00	174.00	177.00	176.00	172.00	156.00	148.00	138.00	133.00	128.00	121.00	122.00	123.00	123.00	123.00	123.00	122.00	121.00	119.00	116.00	115.00	115.00	114.00	111.00	108.00	105.00	102.00	100.00	80.00	76.00	74.00	70.00	67.00	65.00	64.00	66.00	71.00	98.00	132.00	143.00	146.00	141.00	142.00	143.00	143.00	143.00	145.00	145.00	146.00	148.00	149.00	147.00
185.00	182.00	181.00	178.00	179.00	180.00	182.00	183.00	185.00	186.00	187.00	188.00	192.00	190.00	187.00	183.00	178.00	168.00	164.00	164.00	167.00	175.00	184.00	187.00	190.00	191.00	188.00	186.00	187.00	192.00	203.00	204.00	204.00	201.00	195.00	193.00	193.00	192.00	193.00	188.00	181.00	176.00	173.00	180.00	185.00	190.00	194.00	197.00	196.00	194.00	192.00	191.00	190.00	191.00	193.00	196.00	200.00	204.00	203.00	203.00	201.00	198.00	196.00	193.00	188.00	186.00	184.00	183.00	184.00	185.00	189.00	190.00	191.00	191.00	191.00	190.00	187.00	182.00	177.00	169.00	166.00	163.00	160.00	158.00	157.00	159.00	161.00	161.00	160.00	157.00	154.00	149.00	143.00	135.00	131.00	128.00	125.00	131.00	136.00	141.00	144.00	145.00	138.00	133.00	129.00	126.00	131.00	132.00	135.00	137.00	140.00	142.00	143.00	143.00	144.00	144.00	145.00	144.00	143.00	141.00	142.00	142.00	141.00	139.00	134.00	132.00	130.00	129.00	132.00	134.00	135.00	136.00	138.00	142.00	142.00	140.00	137.00	135.00	134.00	132.00	128.00	124.00	115.00	113.00	110.00	108.00	104.00	96.00	93.00	95.00	99.00	109.00	116.00	123.00	126.00	126.00	121.00	117.00	114.00	110.00	107.00	105.00	102.00	101.00	101.00	103.00	108.00	113.00	118.00	114.00	109.00	105.00	102.00	99.00	99.00	100.00	100.00	100.00	97.00	98.00	100.00	100.00	101.00	104.00	109.00	116.00	124.00	135.00	136.00	134.00	126.00	121.00	118.00	115.00	110.00	104.00	101.00	100.00	98.00	99.00	116.00	127.00	139.00	151.00	160.00	174.00	177.00	176.00	172.00	156.00	148.00	138.00	133.00	128.00	121.00	122.00	123.00	123.00	123.00	123.00	122.00	121.00	119.00	116.00	115.00	115.00	114.00	111.00	108.00	105.00	102.00	100.00	80.00	76.00	74.00	70.00	67.00	65.00	64.00	66.00	71.00	98.00	132.00	143.00	146.00	141.00	142.00	143.00	143.00	143.00	145.00	145.00	146.00	148.00	149.00	147.00
183.00	179.00	178.00	180.00	183.00	186.00	189.00	191.00	191.00	188.00	184.00	182.00	186.00	188.00	190.00	190.00	190.00	190.00	189.00	187.00	186.00	189.00	194.00	196.00	197.00	193.00	186.00	181.00	179.00	181.00	190.00	191.00	191.00	189.00	190.00	191.00	191.00	192.00	192.00	184.00	177.00	170.00	166.00	177.00	183.00	188.00	192.00	194.00	192.00	188.00	186.00	184.00	180.00	178.00	178.00	181.00	184.00	191.00	193.00	196.00	197.00	198.00	196.00	194.00	186.00	183.00	180.00	181.00	185.00	189.00	197.00	199.00	200.00	200.00	200.00	199.00	199.00	198.00	196.00	192.00	189.00	186.00	184.00	180.00	176.00	172.00	172.00	170.00	168.00	165.00	163.00	160.00	157.00	151.00	148.00	144.00	136.00	134.00	138.00	144.00	149.00	153.00	149.00	143.00	136.00	132.00	136.00	139.00	141.00	143.00	145.00	148.00	147.00	146.00	145.00	140.00	137.00	137.00	136.00	135.00	132.00	130.00	130.00	129.00	128.00	128.00	128.00	131.00	133.00	135.00	135.00	133.00	131.00	129.00	129.00	128.00	126.00	123.00	117.00	114.00	110.00	108.00	106.00	108.00	110.00	113.00	114.00	108.00	97.00	94.00	92.00	94.00	97.00	102.00	108.00	113.00	121.00	123.00	124.00	122.00	116.00	112.00	107.00	101.00	94.00	96.00	101.00	105.00	108.00	102.00	102.00	103.00	101.00	98.00	99.00	101.00	103.00	106.00	116.00	124.00	128.00	131.00	132.00	131.00	131.00	132.00	134.00	133.00	130.00	127.00	119.00	112.00	108.00	105.00	101.00	98.00	94.00	94.00	95.00	99.00	125.00	136.00	149.00	161.00	173.00	181.00	178.00	172.00	166.00	153.00	147.00	139.00	135.00	130.00	121.00	123.00	127.00	132.00	137.00	136.00	133.00	131.00	126.00	123.00	121.00	119.00	117.00	112.00	108.00	104.00	99.00	94.00	70.00	66.00	67.00	70.00	78.00	80.00	87.00	99.00	114.00	137.00	147.00	148.00	147.00	141.00	139.00	137.00	135.00	133.00	133.00	137.00	141.00	147.00	149.00	144.00