											0.00																																												5.00	32.00	32.00	79.00	79.00	96.00	66.00																																																																																																																												22.00	22.00	43.00	60.00	60.00	37.00	15.00	15.00					48.00	62.00	64.00	66.00	66.00	65.00	67.00	67.00	73.00	73.00	77.00	82.00	86.00	86.00	89.00	91.00	91.00	94.00	94.00	94.00	93.00	93.00	93.00	91.00	89.00	89.00	85.00	85.00	83.00	81.00	81.00	77.00	77.00	69.00	69.00	54.00	54.00	27.00	7.00	7.00	0.00																		
																																																							5.00	32.00	32.00	79.00	79.00	96.00	66.00	66.00											0.00																																																																																																																			60.00	60.00	37.00	15.00	15.00	3.00	25.00	25.00	48.00	48.00	62.00	64.00	66.00	66.00	65.00	67.00	67.00	73.00	73.00	77.00	82.00	86.00	86.00	89.00	91.00	91.00	94.00	94.00	94.00	93.00	93.00	93.00	91.00	89.00	89.00	85.00	85.00	83.00	81.00	81.00	77.00	77.00	69.00	69.00	54.00																							
																																																							5.00	32.00	32.00	79.00	79.00	96.00	66.00	66.00											0.00																																																																																																																			60.00	60.00	37.00	15.00	15.00	3.00	25.00	25.00	48.00	48.00	62.00	64.00	66.00	66.00	65.00	67.00	67.00	73.00	73.00	77.00	82.00	86.00	86.00	89.00	91.00	91.00	94.00	94.00	94.00	93.00	93.00	93.00	91.00	89.00	89.00	85.00	85.00	83.00	81.00	81.00	77.00	77.00	69.00	69.00	54.00																							
																																																										128.00	128.00	187.00	178.00	178.00																																																																																																							74.00	92.00	109.00	110.00	110.00	66.00																		26.00	26.00	37.00	29.00	29.00	25.00	28.00	28.00	38.00	38.00	41.00	43.00	46.00	46.00	49.00	52.00	52.00	55.00	55.00	59.00	63.00	66.00	66.00	68.00	71.00	71.00	76.00	76.00	81.00	81.00	81.00	79.00	77.00	75.00	75.00	73.00	73.00	70.00	66.00	66.00	61.00	61.00																										
																																																										128.00	128.00	187.00	178.00	178.00																																																																																																							74.00	92.00	109.00	110.00	110.00	66.00																		26.00	26.00	37.00	29.00	29.00	25.00	28.00	28.00	38.00	38.00	41.00	43.00	46.00	46.00	49.00	52.00	52.00	55.00	55.00	59.00	63.00	66.00	66.00	68.00	71.00	71.00	76.00	76.00	81.00	81.00	81.00	79.00	77.00	75.00	75.00	73.00	73.00	70.00	66.00	66.00	61.00	61.00																										
					0.00																																																				55.00	128.00	128.00	187.00	178.00	178.00	106.00																																																																																												0.00	0.00						34.00	55.00	74.00	74.00	92.00	109.00	110.00	110.00	66.00	66.00	26.00	0.00															26.00	26.00	37.00	29.00	29.00	25.00	28.00	28.00	38.00	38.00	41.00	43.00	46.00	46.00	49.00	52.00	52.00	55.00	55.00	59.00	63.00	66.00	66.00	68.00	71.00	71.00	76.00	76.00	81.00	81.00	81.00	79.00	77.00	75.00	75.00	73.00	73.00	70.00	66.00	66.00	61.00	61.00	38.00																									
					0.00																																																				55.00	128.00	128.00	187.00	178.00	178.00	106.00																																																																																												0.00	0.00						34.00	55.00	74.00	74.00	92.00	109.00	110.00	110.00	66.00	66.00	26.00	0.00															26.00	26.00	37.00	29.00	29.00	25.00	28.00	28.00	38.00	38.00	41.00	43.00	46.00	46.00	49.00	52.00	52.00	55.00	55.00	59.00	63.00	66.00	66.00	68.00	71.00	71.00	76.00	76.00	81.00	81.00	81.00	79.00	77.00	75.00	75.00	73.00	73.00	70.00	66.00	66.00	61.00	61.00	38.00																									
	27.00	57.00	49.00																							110.00	110.00																															193.00	193.00	212.00	225.00	225.00	199.00							0.00	0.00	0.00																																																																										65.00	34.00	34.00	0.00	0.00	0.00	24.00		54.00	79.00	79.00	102.00				146.00	146.00	137.00	128.00	128.00	119.00	110.00	100.00	100.00	90.00	90.00	56.00	24.00	24.00	0.00												15.00	22.00	22.00	21.00	21.00	21.00	22.00	23.00	23.00	24.00	24.00	26.00	29.00	33.00	33.00	36.00	39.00	39.00	42.00	42.00	45.00	49.00	52.00	52.00	54.00	57.00	57.00	60.00	60.00	62.00	63.00	63.00	64.00	64.00	64.00	64.00	61.00	61.00	56.00	49.00	49.00	44.00	44.00	29.00	29.00																								
		57.00	49.00	49.00	25.00																																																				132.00	193.00	193.00	212.00	225.00	225.00	199.00															22.00																																																																	37.00	37.00	69.00	65.00	34.00	34.00	0.00	0.00	0.00	24.00	24.00	54.00	79.00	79.00	102.00	124.00	144.00	144.00	146.00	146.00	137.00	128.00	128.00	119.00	110.00	100.00	100.00	90.00	90.00	56.00	24.00	24.00	0.00											7.00	15.00	22.00	22.00	21.00	21.00	21.00	22.00	23.00	23.00	24.00	24.00	26.00	29.00	33.00	33.00	36.00	39.00	39.00	42.00	42.00	45.00	49.00	52.00	52.00	54.00	57.00	57.00	60.00	60.00	62.00	63.00	63.00	64.00	64.00	64.00	64.00	61.00	61.00	56.00	49.00	49.00	44.00	44.00	29.00	29.00																								
		57.00	49.00	49.00	25.00																																																				132.00	193.00	193.00	212.00	225.00	225.00	199.00															22.00																																																																	37.00	37.00	69.00	65.00	34.00	34.00	0.00	0.00	0.00	24.00	24.00	54.00	79.00	79.00	102.00	124.00	144.00	144.00	146.00	146.00	137.00	128.00	128.00	119.00	110.00	100.00	100.00	90.00	90.00	56.00	24.00	24.00	0.00											7.00	15.00	22.00	22.00	21.00	21.00	21.00	22.00	23.00	23.00	24.00	24.00	26.00	29.00	33.00	33.00	36.00	39.00	39.00	42.00	42.00	45.00	49.00	52.00	52.00	54.00	57.00	57.00	60.00	60.00	62.00	63.00	63.00	64.00	64.00	64.00	64.00	61.00	61.00	56.00	49.00	49.00	44.00	44.00	29.00	29.00																								
		57.00	49.00	49.00	25.00																																																				132.00	193.00	193.00	212.00	225.00	225.00	199.00															22.00																																																																	37.00	37.00	69.00	65.00	34.00	34.00	0.00	0.00	0.00	24.00	24.00	54.00	79.00	79.00	102.00	124.00	144.00	144.00	146.00	146.00	137.00	128.00	128.00	119.00	110.00	100.00	100.00	90.00	90.00	56.00	24.00	24.00	0.00											7.00	15.00	22.00	22.00	21.00	21.00	21.00	22.00	23.00	23.00	24.00	24.00	26.00	29.00	33.00	33.00	36.00	39.00	39.00	42.00	42.00	45.00	49.00	52.00	52.00	54.00	57.00	57.00	60.00	60.00	62.00	63.00	63.00	64.00	64.00	64.00	64.00	61.00	61.00	56.00	49.00	49.00	44.00	44.00	29.00	29.00																								
49.00	49.00																																																						0.00	79.00	79.00	170.00	170.00	235.00	199.00	199.00											162.00	193.00	193.00	222.00	222.00																																																														36.00	105.00	202.00	202.00	238.00	238.00	233.00	223.00	179.00	179.00	160.00	168.00	168.00	196.00	196.00	191.00	182.00	182.00	173.00	165.00	156.00	156.00	144.00	144.00	129.00	117.00	117.00	107.00	97.00	88.00	88.00	78.00	78.00	69.00	45.00	45.00	21.00											2.00	6.00	10.00	10.00	12.00	13.00	13.00	14.00	16.00	16.00	18.00	18.00	20.00	22.00	26.00	26.00	30.00	34.00	34.00	37.00	37.00	40.00	42.00	45.00	45.00	48.00	50.00	50.00	51.00	51.00	52.00	52.00	52.00	52.00	51.00	50.00	50.00	46.00	46.00	42.00	37.00	37.00	36.00	36.00	20.00	20.00	9.00																							
			145.00	145.00																																																			0.00	79.00	79.00	170.00	170.00	235.00	199.00	199.00	136.00										162.00	193.00	193.00	222.00	222.00																																																														36.00	105.00	202.00	202.00	238.00	238.00	233.00	223.00	179.00	179.00	160.00	168.00	168.00	196.00	196.00	191.00	182.00	182.00	173.00	165.00	156.00	156.00	144.00	144.00	129.00	117.00	117.00	107.00	97.00	88.00	88.00	78.00	78.00	69.00	45.00	45.00	21.00	0.00											6.00	10.00	10.00	12.00	13.00	13.00	14.00	16.00	16.00	18.00	18.00	20.00	22.00	26.00	26.00	30.00	34.00	34.00	37.00	37.00	40.00	42.00	45.00	45.00	48.00	50.00	50.00	51.00	51.00	52.00	52.00	52.00	52.00	51.00	50.00	50.00	46.00	46.00	42.00	37.00	37.00	36.00	36.00	20.00	20.00	9.00	9.00	3.00																					
			145.00	145.00																																																			0.00	79.00	79.00	170.00	170.00	235.00	199.00	199.00	136.00										162.00	193.00	193.00	222.00	222.00																																																														36.00	105.00	202.00	202.00	238.00	238.00	233.00	223.00	179.00	179.00	160.00	168.00	168.00	196.00	196.00	191.00	182.00	182.00	173.00	165.00	156.00	156.00	144.00	144.00	129.00	117.00	117.00	107.00	97.00	88.00	88.00	78.00	78.00	69.00	45.00	45.00	21.00	0.00											6.00	10.00	10.00	12.00	13.00	13.00	14.00	16.00	16.00	18.00	18.00	20.00	22.00	26.00	26.00	30.00	34.00	34.00	37.00	37.00	40.00	42.00	45.00	45.00	48.00	50.00	50.00	51.00	51.00	52.00	52.00	52.00	52.00	51.00	50.00	50.00	46.00	46.00	42.00	37.00	37.00	36.00	36.00	20.00	20.00	9.00	9.00	3.00																					
																																																					95.00	95.00	137.00	184.00	184.00	230.00	230.00	241.00	243.00	243.00	157.00											242.00	242.00	241.00	241.00	241.00																																																											30.00	83.00	83.00	156.00	206.00	206.00	229.00	229.00	225.00	219.00	213.00	213.00	206.00	199.00	199.00	191.00	191.00	182.00	174.00	174.00	165.00	157.00	148.00	148.00	136.00	136.00	122.00	111.00	111.00	102.00	92.00	82.00	82.00	72.00	72.00	63.00	55.00	55.00	38.00	19.00	19.00										8.00	11.00	11.00	11.00	12.00	12.00	15.00	17.00	17.00	20.00	20.00	23.00	26.00	29.00	29.00	33.00	37.00	37.00	41.00	41.00	44.00	46.00	48.00	48.00	50.00	52.00	52.00	52.00	52.00	52.00	51.00	51.00	48.00	45.00	42.00	42.00	40.00	40.00	39.00	38.00	38.00	35.00	35.00	36.00	36.00	42.00	42.00	55.00	55.00																				
																																																					95.00	95.00	137.00	184.00	184.00	230.00	230.00	241.00	243.00	243.00	157.00											242.00	242.00	241.00	241.00	241.00																																																											30.00	83.00	83.00	156.00	206.00	206.00	229.00	229.00	225.00	219.00	213.00	213.00	206.00	199.00	199.00	191.00	191.00	182.00	174.00	174.00	165.00	157.00	148.00	148.00	136.00	136.00	122.00	111.00	111.00	102.00	92.00	82.00	82.00	72.00	72.00	63.00	55.00	55.00	38.00	19.00	19.00										8.00	11.00	11.00	11.00	12.00	12.00	15.00	17.00	17.00	20.00	20.00	23.00	26.00	29.00	29.00	33.00	37.00	37.00	41.00	41.00	44.00	46.00	48.00	48.00	50.00	52.00	52.00	52.00	52.00	52.00	51.00	51.00	48.00	45.00	42.00	42.00	40.00	40.00	39.00	38.00	38.00	35.00	35.00	36.00	36.00	42.00	42.00	55.00	55.00																				
																																																				100.00	175.00	175.00	215.00	224.00	224.00	227.00	227.00	231.00	217.00	217.00	176.00											189.00	189.00	222.00	222.00	143.00																																																														192.00	224.00	224.00	218.00	218.00	211.00	207.00	203.00	203.00	197.00	188.00	188.00	179.00	179.00	169.00	162.00	162.00	156.00	148.00	138.00	138.00	129.00	129.00	120.00	113.00	113.00	105.00	95.00	84.00	84.00	76.00	76.00	68.00	58.00	58.00	49.00	37.00	37.00	28.00			22.00	24.00	24.00	23.00	22.00	22.00	22.00	22.00	22.00	23.00	24.00	24.00	26.00	30.00	30.00	33.00	33.00	36.00	40.00	43.00	43.00	46.00	51.00	51.00	54.00	54.00	57.00	59.00	61.00	61.00	62.00	63.00	63.00	62.00	62.00	61.00	59.00	59.00	56.00	51.00	46.00	46.00	41.00	41.00	42.00	43.00	43.00	46.00	46.00	58.00	58.00	72.00	72.00	99.00	135.00	135.00																			
																																																				100.00	175.00	175.00	215.00	224.00	224.00	227.00	227.00	231.00	217.00	217.00	176.00											189.00	189.00	222.00	222.00	143.00																																																														192.00	224.00	224.00	218.00	218.00	211.00	207.00	203.00	203.00	197.00	188.00	188.00	179.00	179.00	169.00	162.00	162.00	156.00	148.00	138.00	138.00	129.00	129.00	120.00	113.00	113.00	105.00	95.00	84.00	84.00	76.00	76.00	68.00	58.00	58.00	49.00	37.00	37.00	28.00			22.00	24.00	24.00	23.00	22.00	22.00	22.00	22.00	22.00	23.00	24.00	24.00	26.00	30.00	30.00	33.00	33.00	36.00	40.00	43.00	43.00	46.00	51.00	51.00	54.00	54.00	57.00	59.00	61.00	61.00	62.00	63.00	63.00	62.00	62.00	61.00	59.00	59.00	56.00	51.00	46.00	46.00	41.00	41.00	42.00	43.00	43.00	46.00	46.00	58.00	58.00	72.00	72.00	99.00	135.00	135.00																			
																																																						175.00	215.00	224.00	224.00	227.00	227.00	231.00	217.00	217.00	176.00	92.00									104.00	189.00	189.00	222.00																																																																	224.00	224.00	218.00	218.00	211.00	207.00	203.00	203.00	197.00	188.00	188.00	179.00	179.00	169.00	162.00	162.00	156.00	148.00	138.00	138.00	129.00	129.00	120.00	113.00	113.00	105.00	95.00	84.00	84.00	76.00	76.00	68.00	58.00	58.00	49.00	37.00	37.00	28.00	22.00	22.00	22.00	24.00	24.00	23.00	22.00	22.00	22.00	22.00	22.00	23.00	24.00	24.00	26.00	30.00	30.00	33.00	33.00	36.00	40.00	43.00	43.00	46.00	51.00	51.00	54.00	54.00	57.00	59.00	61.00	61.00	62.00	63.00	63.00	62.00	62.00	61.00	59.00	59.00	56.00	51.00	46.00	46.00	41.00	41.00	42.00	43.00	43.00	46.00	46.00	58.00	58.00	72.00	72.00	99.00	135.00	135.00	135.00	135.00							114.00	107.00	107.00	68.00	7.00	7.00					
																																																				28.00	89.00	89.00	125.00	134.00	134.00	155.00	155.00	202.00	173.00	173.00											65.00	116.00	116.00																																																																		195.00	195.00	220.00	220.00	216.00	213.00	205.00	205.00	194.00	185.00	185.00	178.00	178.00	172.00	166.00	166.00	156.00	146.00	136.00	136.00	129.00	129.00	122.00	114.00	114.00	103.00	94.00	86.00	86.00	82.00	82.00	77.00	70.00	70.00	61.00	53.00	53.00	49.00	46.00	46.00	43.00	41.00	41.00	39.00	39.00	39.00	41.00	42.00	42.00	44.00	46.00	46.00	49.00	52.00	52.00	57.00	57.00	61.00	64.00	68.00	68.00	71.00	75.00	75.00	78.00	78.00	81.00	84.00	84.00	84.00	84.00	83.00	83.00	82.00	82.00	81.00	78.00	78.00	73.00	67.00	61.00	61.00	55.00	55.00	48.00	50.00	50.00	52.00	52.00	65.00	65.00	76.00	76.00	92.00	127.00	127.00	160.00	160.00	177.00	180.00	159.00	159.00	124.00		95.00	65.00	65.00								
																																																				28.00	89.00	89.00	125.00	134.00	134.00	155.00	155.00	202.00	173.00	173.00											65.00	116.00	116.00																																																																		195.00	195.00	220.00	220.00	216.00	213.00	205.00	205.00	194.00	185.00	185.00	178.00	178.00	172.00	166.00	166.00	156.00	146.00	136.00	136.00	129.00	129.00	122.00	114.00	114.00	103.00	94.00	86.00	86.00	82.00	82.00	77.00	70.00	70.00	61.00	53.00	53.00	49.00	46.00	46.00	43.00	41.00	41.00	39.00	39.00	39.00	41.00	42.00	42.00	44.00	46.00	46.00	49.00	52.00	52.00	57.00	57.00	61.00	64.00	68.00	68.00	71.00	75.00	75.00	78.00	78.00	81.00	84.00	84.00	84.00	84.00	83.00	83.00	82.00	82.00	81.00	78.00	78.00	73.00	67.00	61.00	61.00	55.00	55.00	48.00	50.00	50.00	52.00	52.00	65.00	65.00	76.00	76.00	92.00	127.00	127.00	160.00	160.00	177.00	180.00	159.00	159.00	124.00		95.00	65.00	65.00								
																																																				28.00	89.00						155.00	202.00														116.00	116.00	113.00																																																																	195.00	195.00	220.00	220.00	216.00	213.00	205.00	205.00	194.00	185.00	185.00	178.00	178.00	172.00	166.00	166.00	156.00	146.00	136.00	136.00	129.00	129.00	122.00	114.00	114.00	103.00	94.00	86.00	86.00	82.00	82.00	77.00	70.00	70.00	61.00	53.00	53.00	49.00	46.00	46.00	43.00	41.00	41.00	39.00	39.00	39.00	41.00	42.00	42.00	44.00	46.00	46.00	49.00	52.00	52.00	57.00	57.00	61.00	64.00	68.00	68.00	71.00	75.00	75.00	78.00	78.00	81.00	84.00	84.00	84.00	84.00	83.00	83.00	82.00	82.00	81.00	78.00	78.00	73.00	67.00	61.00	61.00	55.00	55.00	48.00	50.00	50.00	52.00	52.00	65.00	65.00	76.00	76.00	92.00	127.00	127.00	160.00	160.00	177.00	180.00	159.00	159.00	124.00												
																																																				28.00	89.00						155.00	202.00														116.00	116.00	113.00																																																																	195.00	195.00	220.00	220.00	216.00	213.00	205.00	205.00	194.00	185.00	185.00	178.00	178.00	172.00	166.00	166.00	156.00	146.00	136.00	136.00	129.00	129.00	122.00	114.00	114.00	103.00	94.00	86.00	86.00	82.00	82.00	77.00	70.00	70.00	61.00	53.00	53.00	49.00	46.00	46.00	43.00	41.00	41.00	39.00	39.00	39.00	41.00	42.00	42.00	44.00	46.00	46.00	49.00	52.00	52.00	57.00	57.00	61.00	64.00	68.00	68.00	71.00	75.00	75.00	78.00	78.00	81.00	84.00	84.00	84.00	84.00	83.00	83.00	82.00	82.00	81.00	78.00	78.00	73.00	67.00	61.00	61.00	55.00	55.00	48.00	50.00	50.00	52.00	52.00	65.00	65.00	76.00	76.00	92.00	127.00	127.00	160.00	160.00	177.00	180.00	159.00	159.00	124.00												
																																																																									155.00	241.00	241.00	158.00																																																																230.00	225.00	225.00	220.00	220.00	214.00	207.00	201.00	201.00	194.00	187.00	187.00	180.00	180.00	172.00	164.00	164.00	156.00	148.00	141.00	141.00	133.00	133.00	125.00	118.00	118.00	110.00	103.00	98.00	98.00	93.00	93.00	88.00	83.00	83.00	78.00	74.00	74.00	72.00	70.00	70.00	67.00	66.00	66.00	65.00	66.00	66.00	68.00	71.00	71.00	75.00	78.00	78.00	82.00	86.00	86.00	90.00	90.00	95.00	100.00	104.00	104.00	108.00	110.00	110.00	113.00	113.00	116.00	118.00	118.00	118.00	118.00	117.00	117.00	115.00	115.00	112.00	108.00	108.00	103.00	96.00	89.00	89.00	81.00	81.00	73.00	63.00	63.00	64.00	64.00	71.00	71.00	80.00	80.00	91.00	102.00	102.00	132.00	132.00	160.00	171.00	107.00														
																																																																									155.00	241.00	241.00	158.00																																																																230.00	225.00	225.00	220.00	220.00	214.00	207.00	201.00	201.00	194.00	187.00	187.00	180.00	180.00	172.00	164.00	164.00	156.00	148.00	141.00	141.00	133.00	133.00	125.00	118.00	118.00	110.00	103.00	98.00	98.00	93.00	93.00	88.00	83.00	83.00	78.00	74.00	74.00	72.00	70.00	70.00	67.00	66.00	66.00	65.00	66.00	66.00	68.00	71.00	71.00	75.00	78.00	78.00	82.00	86.00	86.00	90.00	90.00	95.00	100.00	104.00	104.00	108.00	110.00	110.00	113.00	113.00	116.00	118.00	118.00	118.00	118.00	117.00	117.00	115.00	115.00	112.00	108.00	108.00	103.00	96.00	89.00	89.00	81.00	81.00	73.00	63.00	63.00	64.00	64.00	71.00	71.00	80.00	80.00	91.00	102.00	102.00	132.00	132.00	160.00	171.00	107.00														
																																																																									155.00	241.00	241.00	158.00																																																																230.00	225.00	225.00	220.00	220.00	214.00	207.00	201.00	201.00	194.00	187.00	187.00	180.00	180.00	172.00	164.00	164.00	156.00	148.00	141.00	141.00	133.00	133.00	125.00	118.00	118.00	110.00	103.00	98.00	98.00	93.00	93.00	88.00	83.00	83.00	78.00	74.00	74.00	72.00	70.00	70.00	67.00	66.00	66.00	65.00	66.00	66.00	68.00	71.00	71.00	75.00	78.00	78.00	82.00	86.00	86.00	90.00	90.00	95.00	100.00	104.00	104.00	108.00	110.00	110.00	113.00	113.00	116.00	118.00	118.00	118.00	118.00	117.00	117.00	115.00	115.00	112.00	108.00	108.00	103.00	96.00	89.00	89.00	81.00	81.00	73.00	63.00	63.00	64.00	64.00	71.00	71.00	80.00	80.00	91.00	102.00	102.00	132.00	132.00	160.00	171.00	107.00														
																																																																									155.00	241.00	241.00	158.00																																																								23.00							226.00	230.00	225.00	225.00	220.00	220.00	214.00	207.00	201.00	201.00	194.00	187.00	187.00	180.00	180.00	172.00	164.00	164.00	156.00	148.00	141.00	141.00	133.00	133.00	125.00	118.00	118.00	110.00	103.00	98.00	98.00	93.00	93.00	88.00	83.00	83.00	78.00	74.00	74.00	72.00	70.00	70.00	67.00	66.00	66.00	65.00	66.00	66.00	68.00	71.00	71.00	75.00	78.00	78.00	82.00	86.00	86.00	90.00	90.00	95.00	100.00	104.00	104.00	108.00	110.00	110.00	113.00	113.00	116.00	118.00	118.00	118.00	118.00	117.00	117.00	115.00	115.00	112.00	108.00	108.00	103.00	96.00	89.00	89.00	81.00	81.00	73.00	63.00	63.00	64.00	64.00	71.00	71.00	80.00	80.00	91.00	102.00	102.00	132.00	132.00	160.00	171.00	107.00														
																																																																											133.00	171.00																																																									38.00	118.00		224.00	224.00	224.00	224.00	220.00	216.00	216.00	211.00	211.00	206.00	201.00	197.00	197.00	193.00	188.00	188.00	179.00	179.00	169.00	161.00	161.00	154.00	147.00	141.00	141.00	135.00	135.00	129.00	123.00	123.00	118.00	113.00	109.00	109.00	105.00	105.00	102.00	100.00	100.00	97.00	95.00	95.00	94.00	95.00	95.00	96.00	97.00	97.00	100.00	102.00	102.00	105.00	109.00	109.00	114.00	119.00	119.00	124.00	129.00	129.00	133.00	133.00	139.00	144.00	149.00	149.00	153.00	156.00	156.00	159.00	159.00	161.00	161.00	160.00	160.00	159.00	157.00	157.00	154.00	154.00	150.00	145.00	145.00	140.00	133.00	125.00	125.00	116.00	116.00	106.00	96.00	96.00	84.00	84.00	88.00	88.00	93.00	93.00	102.00	112.00	112.00	123.00	123.00	143.00	161.00	174.00	174.00	114.00												
																																																																											133.00	171.00																																																									38.00	118.00		224.00	224.00	224.00	224.00	220.00	216.00	216.00	211.00	211.00	206.00	201.00	197.00	197.00	193.00	188.00	188.00	179.00	179.00	169.00	161.00	161.00	154.00	147.00	141.00	141.00	135.00	135.00	129.00	123.00	123.00	118.00	113.00	109.00	109.00	105.00	105.00	102.00	100.00	100.00	97.00	95.00	95.00	94.00	95.00	95.00	96.00	97.00	97.00	100.00	102.00	102.00	105.00	109.00	109.00	114.00	119.00	119.00	124.00	129.00	129.00	133.00	133.00	139.00	144.00	149.00	149.00	153.00	156.00	156.00	159.00	159.00	161.00	161.00	160.00	160.00	159.00	157.00	157.00	154.00	154.00	150.00	145.00	145.00	140.00	133.00	125.00	125.00	116.00	116.00	106.00	96.00	96.00	84.00	84.00	88.00	88.00	93.00	93.00	102.00	112.00	112.00	123.00	123.00	143.00	161.00	174.00	174.00	114.00												
																																																																																																																																								224.00	224.00	224.00	224.00	220.00	216.00	216.00	211.00	211.00	206.00	201.00	197.00	197.00	193.00	188.00	188.00	179.00	179.00	169.00	161.00	161.00	154.00	147.00	141.00	141.00	135.00	135.00	129.00	123.00	123.00	118.00	113.00	109.00	109.00	105.00	105.00	102.00	100.00	100.00	97.00	95.00	95.00	94.00	95.00	95.00	96.00	97.00	97.00	100.00	102.00	102.00	105.00	109.00	109.00	114.00	119.00	119.00	124.00	129.00	129.00	133.00	133.00	139.00	144.00	149.00	149.00	153.00	156.00	156.00	159.00	159.00	161.00	161.00	160.00	160.00	159.00	157.00	157.00	154.00	154.00	150.00	145.00	145.00	140.00	133.00	125.00	125.00	116.00	116.00	106.00	96.00	96.00	84.00	84.00	88.00	88.00	93.00	93.00	102.00	112.00	112.00	123.00	123.00	143.00	161.00	174.00	174.00	114.00	76.00	76.00	66.00	66.00	96.00	127.00	127.00	143.00				
																																																																																																																																								224.00	224.00	224.00	224.00	220.00	216.00	216.00	211.00	211.00	206.00	201.00	197.00	197.00	193.00	188.00	188.00	179.00	179.00	169.00	161.00	161.00	154.00	147.00	141.00	141.00	135.00	135.00	129.00	123.00	123.00	118.00	113.00	109.00	109.00	105.00	105.00	102.00	100.00	100.00	97.00	95.00	95.00	94.00	95.00	95.00	96.00	97.00	97.00	100.00	102.00	102.00	105.00	109.00	109.00	114.00	119.00	119.00	124.00	129.00	129.00	133.00	133.00	139.00	144.00	149.00	149.00	153.00	156.00	156.00	159.00	159.00	161.00	161.00	160.00	160.00	159.00	157.00	157.00	154.00	154.00	150.00	145.00	145.00	140.00	133.00	125.00	125.00	116.00	116.00	106.00	96.00	96.00	84.00	84.00	88.00	88.00	93.00	93.00	102.00	112.00	112.00	123.00	123.00	143.00	161.00	174.00	174.00	114.00	76.00	76.00	66.00	66.00	96.00	127.00	127.00	143.00				
																																																																																																																																									168.00	200.00	200.00	209.00	205.00	205.00	202.00	202.00	197.00	194.00	191.00	191.00	186.00	181.00	181.00	175.00	175.00	168.00	161.00	161.00	156.00	149.00	143.00	143.00	137.00	137.00	134.00	130.00	130.00	127.00	125.00	122.00	122.00	121.00	121.00	120.00	120.00	120.00	120.00	121.00	121.00	123.00	125.00	125.00	129.00	133.00	133.00	138.00	142.00	142.00	148.00	153.00	153.00	159.00	166.00	166.00	172.00	178.00	178.00	183.00	183.00	188.00	194.00	199.00	199.00	203.00	207.00	207.00	209.00	209.00	211.00	213.00	212.00	212.00	209.00	205.00	205.00	201.00	201.00	196.00	191.00	191.00	184.00	177.00	169.00	169.00	160.00	160.00	149.00	138.00	138.00	126.00	126.00	110.00	110.00	116.00	116.00	122.00	130.00	130.00	137.00	137.00	141.00	151.00	162.00	162.00	173.00	179.00	179.00	184.00	184.00	187.00	153.00	153.00	97.00				
																																																																																																																																									168.00	200.00	200.00	209.00	205.00	205.00	202.00	202.00	197.00	194.00	191.00	191.00	186.00	181.00	181.00	175.00	175.00	168.00	161.00	161.00	156.00	149.00	143.00	143.00	137.00	137.00	134.00	130.00	130.00	127.00	125.00	122.00	122.00	121.00	121.00	120.00	120.00	120.00	120.00	121.00	121.00	123.00	125.00	125.00	129.00	133.00	133.00	138.00	142.00	142.00	148.00	153.00	153.00	159.00	166.00	166.00	172.00	178.00	178.00	183.00	183.00	188.00	194.00	199.00	199.00	203.00	207.00	207.00	209.00	209.00	211.00	213.00	212.00	212.00	209.00	205.00	205.00	201.00	201.00	196.00	191.00	191.00	184.00	177.00	169.00	169.00	160.00	160.00	149.00	138.00	138.00	126.00	126.00	110.00	110.00	116.00	116.00	122.00	130.00	130.00	137.00	137.00	141.00	151.00	162.00	162.00	173.00	179.00	179.00	184.00	184.00	187.00	153.00	153.00	97.00				
																																																																																																																																									168.00	200.00	200.00	209.00	205.00	205.00	202.00	202.00	197.00	194.00	191.00	191.00	186.00	181.00	181.00	175.00	175.00	168.00	161.00	161.00	156.00	149.00	143.00	143.00	137.00	137.00	134.00	130.00	130.00	127.00	125.00	122.00	122.00	121.00	121.00	120.00	120.00	120.00	120.00	121.00	121.00	123.00	125.00	125.00	129.00	133.00	133.00	138.00	142.00	142.00	148.00	153.00	153.00	159.00	166.00	166.00	172.00	178.00	178.00	183.00	183.00	188.00	194.00	199.00	199.00	203.00	207.00	207.00	209.00	209.00	211.00	213.00	212.00	212.00	209.00	205.00	205.00	201.00	201.00	196.00	191.00	191.00	184.00	177.00	169.00	169.00	160.00	160.00	149.00	138.00	138.00	126.00	126.00	110.00	110.00	116.00	116.00	122.00	130.00	130.00	137.00	137.00	141.00	151.00	162.00	162.00	173.00	179.00	179.00	184.00	184.00	187.00	153.00	153.00	97.00				
																																																																																																																																									168.00	200.00	200.00	209.00	205.00	205.00	202.00	202.00	197.00	194.00	191.00	191.00	186.00	181.00	181.00	175.00	175.00	168.00	161.00	161.00	156.00	149.00	143.00	143.00	137.00	137.00	134.00	130.00	130.00	127.00	125.00	122.00	122.00	121.00	121.00	120.00	120.00	120.00	120.00	121.00	121.00	123.00	125.00	125.00	129.00	133.00	133.00	138.00	142.00	142.00	148.00	153.00	153.00	159.00	166.00	166.00	172.00	178.00	178.00	183.00	183.00	188.00	194.00	199.00	199.00	203.00	207.00	207.00	209.00	209.00	211.00	213.00	212.00	212.00	209.00	205.00	205.00	201.00	201.00	196.00	191.00	191.00	184.00	177.00	169.00	169.00	160.00	160.00	149.00	138.00	138.00	126.00	126.00	110.00	110.00	116.00	116.00	122.00	130.00	130.00	137.00	137.00	141.00	151.00	162.00	162.00	173.00	179.00	179.00	184.00	184.00	187.00	153.00	153.00	97.00				
																																																																																																																														128.00	129.00									96.00	96.00	155.00	155.00	189.00	194.00	194.00	190.00	190.00	187.00	184.00	181.00	181.00	179.00	174.00	174.00	169.00	169.00	164.00	159.00	159.00	155.00	151.00	147.00	147.00	144.00	144.00	141.00	139.00	139.00	137.00	137.00	137.00	137.00	137.00	137.00	139.00	142.00	142.00	145.00	149.00	149.00	154.00	159.00	159.00	165.00	171.00	171.00	179.00	186.00	186.00	193.00	202.00	202.00	209.00	217.00	217.00	225.00	232.00	232.00	239.00	239.00	245.00	251.00	256.00	256.00	260.00	263.00	263.00	265.00	265.00	267.00	268.00	268.00	268.00	265.00	262.00	262.00	258.00	258.00	252.00	244.00	244.00	236.00	228.00	219.00	219.00	210.00	210.00	199.00	188.00	188.00	176.00	176.00	151.00	151.00	145.00	145.00	150.00	155.00	155.00	155.00	155.00	152.00	154.00	164.00	164.00	176.00	188.00	188.00	191.00	191.00	186.00	178.00	178.00	123.00				
																																																																																																																														128.00	129.00									96.00	96.00	155.00	155.00	189.00	194.00	194.00	190.00	190.00	187.00	184.00	181.00	181.00	179.00	174.00	174.00	169.00	169.00	164.00	159.00	159.00	155.00	151.00	147.00	147.00	144.00	144.00	141.00	139.00	139.00	137.00	137.00	137.00	137.00	137.00	137.00	139.00	142.00	142.00	145.00	149.00	149.00	154.00	159.00	159.00	165.00	171.00	171.00	179.00	186.00	186.00	193.00	202.00	202.00	209.00	217.00	217.00	225.00	232.00	232.00	239.00	239.00	245.00	251.00	256.00	256.00	260.00	263.00	263.00	265.00	265.00	267.00	268.00	268.00	268.00	265.00	262.00	262.00	258.00	258.00	252.00	244.00	244.00	236.00	228.00	219.00	219.00	210.00	210.00	199.00	188.00	188.00	176.00	176.00	151.00	151.00	145.00	145.00	150.00	155.00	155.00	155.00	155.00	152.00	154.00	164.00	164.00	176.00	188.00	188.00	191.00	191.00	186.00	178.00	178.00	123.00				
																																																																																																																																									96.00	155.00	155.00	189.00	194.00	194.00	190.00	190.00	187.00	184.00	181.00	181.00	179.00	174.00	174.00	169.00	169.00	164.00	159.00	159.00	155.00	151.00	147.00	147.00	144.00	144.00	141.00	139.00	139.00	137.00	137.00	137.00	137.00	137.00	137.00	139.00	142.00	142.00	145.00	149.00	149.00	154.00	159.00	159.00	165.00	171.00	171.00	179.00	186.00	186.00	193.00	202.00	202.00	209.00	217.00	217.00	225.00	232.00	232.00	239.00	239.00	245.00	251.00	256.00	256.00	260.00	263.00	263.00	265.00	265.00	267.00	268.00	268.00	268.00	265.00	262.00	262.00	258.00	258.00	252.00	244.00	244.00	236.00	228.00	219.00	219.00	210.00	210.00	199.00	188.00	188.00	176.00	176.00	151.00	151.00	145.00	145.00	150.00	155.00	155.00	155.00	155.00	152.00	154.00	164.00	164.00	176.00	188.00	188.00	191.00	191.00	186.00	178.00	178.00	123.00				
																																																																																																																																									96.00	155.00	155.00	189.00	194.00	194.00	190.00	190.00	187.00	184.00	181.00	181.00	179.00	174.00	174.00	169.00	169.00	164.00	159.00	159.00	155.00	151.00	147.00	147.00	144.00	144.00	141.00	139.00	139.00	137.00	137.00	137.00	137.00	137.00	137.00	139.00	142.00	142.00	145.00	149.00	149.00	154.00	159.00	159.00	165.00	171.00	171.00	179.00	186.00	186.00	193.00	202.00	202.00	209.00	217.00	217.00	225.00	232.00	232.00	239.00	239.00	245.00	251.00	256.00	256.00	260.00	263.00	263.00	265.00	265.00	267.00	268.00	268.00	268.00	265.00	262.00	262.00	258.00	258.00	252.00	244.00	244.00	236.00	228.00	219.00	219.00	210.00	210.00	199.00	188.00	188.00	176.00	176.00	151.00	151.00	145.00	145.00	150.00	155.00	155.00	155.00	155.00	152.00	154.00	164.00	164.00	176.00	188.00	188.00	191.00	191.00	186.00	178.00	178.00	123.00				
																					0.00	0.00																																																																																																																		148.00	148.00	189.00	189.00	186.00	182.00	182.00	179.00	179.00	175.00	172.00	170.00	170.00	168.00	165.00	165.00	161.00	161.00	157.00	154.00	154.00	151.00	148.00	146.00	146.00	145.00	145.00	144.00	145.00	145.00	146.00	148.00	150.00	150.00	154.00	154.00	158.00	163.00	163.00	170.00	177.00	177.00	185.00	192.00	192.00	201.00	210.00	210.00	220.00	230.00	230.00	240.00	250.00	250.00	260.00	269.00	269.00	279.00	288.00	288.00	296.00	296.00	303.00	310.00	315.00	315.00	319.00	323.00	323.00	325.00	325.00	325.00	325.00	324.00	324.00	323.00	320.00	320.00	316.00	316.00	312.00	304.00	304.00	294.00	284.00	275.00	275.00	265.00	265.00	254.00	242.00	242.00	230.00	230.00	206.00	206.00	194.00	194.00	183.00	174.00	174.00	159.00	159.00	152.00	165.00	176.00	176.00	185.00	191.00	191.00	195.00	195.00	190.00	177.00	177.00	163.00				
																			0.00	0.00	0.00	0.00																																																																																																																		148.00	148.00	189.00	189.00	186.00	182.00	182.00	179.00	179.00	175.00	172.00	170.00	170.00	168.00	165.00	165.00	161.00	161.00	157.00	154.00	154.00	151.00	148.00	146.00	146.00	145.00	145.00	144.00	145.00	145.00	146.00	148.00	150.00	150.00	154.00	154.00	158.00	163.00	163.00	170.00	177.00	177.00	185.00	192.00	192.00	201.00	210.00	210.00	220.00	230.00	230.00	240.00	250.00	250.00	260.00	269.00	269.00	279.00	288.00	288.00	296.00	296.00	303.00	310.00	315.00	315.00	319.00	323.00	323.00	325.00	325.00	325.00	325.00	324.00	324.00	323.00	320.00	320.00	316.00	316.00	312.00	304.00	304.00	294.00	284.00	275.00	275.00	265.00	265.00	254.00	242.00	242.00	230.00	230.00	206.00	206.00	194.00	194.00	183.00	174.00	174.00	159.00	159.00	152.00	165.00	176.00	176.00	185.00	191.00	191.00	195.00	195.00	190.00	177.00	177.00	163.00	121.00			
																			0.00	0.00	0.00	0.00																																																																																																																		148.00	148.00	189.00	189.00	186.00	182.00	182.00	179.00	179.00	175.00	172.00	170.00	170.00	168.00	165.00	165.00	161.00	161.00	157.00	154.00	154.00	151.00	148.00	146.00	146.00	145.00	145.00	144.00	145.00	145.00	146.00	148.00	150.00	150.00	154.00	154.00	158.00	163.00	163.00	170.00	177.00	177.00	185.00	192.00	192.00	201.00	210.00	210.00	220.00	230.00	230.00	240.00	250.00	250.00	260.00	269.00	269.00	279.00	288.00	288.00	296.00	296.00	303.00	310.00	315.00	315.00	319.00	323.00	323.00	325.00	325.00	325.00	325.00	324.00	324.00	323.00	320.00	320.00	316.00	316.00	312.00	304.00	304.00	294.00	284.00	275.00	275.00	265.00	265.00	254.00	242.00	242.00	230.00	230.00	206.00	206.00	194.00	194.00	183.00	174.00	174.00	159.00	159.00	152.00	165.00	176.00	176.00	185.00	191.00	191.00	195.00	195.00	190.00	177.00	177.00	163.00	121.00			
																			0.00	0.00	0.00		0.00																																																																																																																		61.00	97.00	97.00	109.00	115.00	115.00	139.00	139.00	164.00	162.00	160.00	160.00	158.00	154.00	154.00	151.00	151.00	148.00	146.00	146.00	145.00	144.00	144.00	144.00	144.00	144.00	146.00	148.00	148.00	152.00	156.00	162.00	162.00	169.00	169.00	175.00	183.00	183.00	192.00	202.00	202.00	213.00	225.00	225.00	236.00	248.00	248.00	260.00	273.00	273.00	285.00	297.00	297.00	309.00	321.00	321.00	332.00	342.00	342.00	352.00	352.00	360.00	367.00	374.00	374.00	379.00	384.00	384.00	387.00	387.00	386.00	385.00	384.00	384.00	381.00	377.00	377.00	372.00	372.00	366.00	361.00	361.00	353.00	344.00	334.00	334.00	323.00	323.00	311.00	298.00	298.00	287.00	287.00	263.00	263.00	252.00	252.00	240.00	229.00	229.00	217.00	217.00	206.00	198.00	206.00	206.00	212.00	216.00	216.00	213.00	213.00	206.00	194.00	194.00	178.00	162.00	139.00	139.00	117.00
																			0.00	0.00	0.00		0.00																																																																																																																		61.00	97.00	97.00	109.00	115.00	115.00	139.00	139.00	164.00	162.00	160.00	160.00	158.00	154.00	154.00	151.00	151.00	148.00	146.00	146.00	145.00	144.00	144.00	144.00	144.00	144.00	146.00	148.00	148.00	152.00	156.00	162.00	162.00	169.00	169.00	175.00	183.00	183.00	192.00	202.00	202.00	213.00	225.00	225.00	236.00	248.00	248.00	260.00	273.00	273.00	285.00	297.00	297.00	309.00	321.00	321.00	332.00	342.00	342.00	352.00	352.00	360.00	367.00	374.00	374.00	379.00	384.00	384.00	387.00	387.00	386.00	385.00	384.00	384.00	381.00	377.00	377.00	372.00	372.00	366.00	361.00	361.00	353.00	344.00	334.00	334.00	323.00	323.00	311.00	298.00	298.00	287.00	287.00	263.00	263.00	252.00	252.00	240.00	229.00	229.00	217.00	217.00	206.00	198.00	206.00	206.00	212.00	216.00	216.00	213.00	213.00	206.00	194.00	194.00	178.00	162.00	139.00	139.00	117.00
																				0.00																																																																																																																						97.00	97.00	109.00	115.00	115.00	139.00	139.00	164.00	162.00	160.00	160.00	158.00	154.00	154.00	151.00	151.00	148.00	146.00	146.00	145.00	144.00	144.00	144.00	144.00	144.00	146.00	148.00	148.00	152.00	156.00	162.00	162.00	169.00	169.00	175.00	183.00	183.00	192.00	202.00	202.00	213.00	225.00	225.00	236.00	248.00	248.00	260.00	273.00	273.00	285.00	297.00	297.00	309.00	321.00	321.00	332.00	342.00	342.00	352.00	352.00	360.00	367.00	374.00	374.00	379.00	384.00	384.00	387.00	387.00	386.00	385.00	384.00	384.00	381.00	377.00	377.00	372.00	372.00	366.00	361.00	361.00	353.00	344.00	334.00	334.00	323.00	323.00	311.00	298.00	298.00	287.00	287.00	263.00	263.00	252.00	252.00	240.00	229.00	229.00	217.00	217.00	206.00	198.00	206.00	206.00	212.00	216.00	216.00	213.00	213.00	206.00	194.00	194.00	178.00	162.00	139.00	139.00	117.00
																				0.00																																																																																																																						97.00	97.00	109.00	115.00	115.00	139.00	139.00	164.00	162.00	160.00	160.00	158.00	154.00	154.00	151.00	151.00	148.00	146.00	146.00	145.00	144.00	144.00	144.00	144.00	144.00	146.00	148.00	148.00	152.00	156.00	162.00	162.00	169.00	169.00	175.00	183.00	183.00	192.00	202.00	202.00	213.00	225.00	225.00	236.00	248.00	248.00	260.00	273.00	273.00	285.00	297.00	297.00	309.00	321.00	321.00	332.00	342.00	342.00	352.00	352.00	360.00	367.00	374.00	374.00	379.00	384.00	384.00	387.00	387.00	386.00	385.00	384.00	384.00	381.00	377.00	377.00	372.00	372.00	366.00	361.00	361.00	353.00	344.00	334.00	334.00	323.00	323.00	311.00	298.00	298.00	287.00	287.00	263.00	263.00	252.00	252.00	240.00	229.00	229.00	217.00	217.00	206.00	198.00	206.00	206.00	212.00	216.00	216.00	213.00	213.00	206.00	194.00	194.00	178.00	162.00	139.00	139.00	117.00
																																																																																																																																															58.00	58.00	109.00	147.00	140.00	140.00	137.00	143.00	143.00	141.00	141.00	139.00	138.00	138.00	137.00	138.00	139.00	139.00	142.00	142.00	145.00	150.00	150.00	156.00	163.00	171.00	171.00	180.00	180.00	190.00	201.00	201.00	213.00	226.00	226.00	239.00	254.00	254.00	268.00	283.00	283.00	298.00	313.00	313.00	327.00	342.00	342.00	356.00	369.00	369.00	383.00	394.00	394.00	404.00	404.00	414.00	422.00	429.00	429.00	436.00	439.00	439.00	442.00	442.00	444.00	444.00	444.00	444.00	444.00	437.00	437.00	430.00	430.00	423.00	415.00	415.00	407.00	397.00	387.00	387.00	377.00	377.00	366.00	355.00	355.00	344.00	344.00	321.00	321.00	309.00	309.00	298.00	287.00	287.00	277.00	277.00	267.00	258.00	248.00	248.00	250.00	247.00	247.00	239.00	239.00	226.00	212.00	212.00	203.00	196.00	191.00	191.00	186.00
																																																																																																																																																				140.00	137.00	143.00	143.00	141.00	141.00	139.00	138.00	138.00	137.00	138.00	139.00	139.00	142.00	142.00	145.00	150.00	150.00	156.00	163.00	171.00	171.00	180.00	180.00	190.00	201.00	201.00	213.00	226.00	226.00	239.00	254.00	254.00	268.00	283.00	283.00	298.00	313.00	313.00	327.00	342.00	342.00	356.00	369.00	369.00	383.00	394.00	394.00	404.00	404.00	414.00	422.00	429.00	429.00	436.00	439.00	439.00	442.00	442.00	444.00	444.00	444.00	444.00	444.00	437.00	437.00	430.00	430.00	423.00	415.00	415.00	407.00	397.00	387.00	387.00	377.00	377.00	366.00	355.00	355.00	344.00	344.00	321.00	321.00	309.00	309.00	298.00	287.00	287.00	277.00	277.00	267.00	258.00	248.00	248.00	250.00	247.00	247.00	239.00	239.00	226.00	212.00	212.00	203.00	196.00	191.00	191.00	186.00
																																																																																																																																																				140.00	137.00	143.00	143.00	141.00	141.00	139.00	138.00	138.00	137.00	138.00	139.00	139.00	142.00	142.00	145.00	150.00	150.00	156.00	163.00	171.00	171.00	180.00	180.00	190.00	201.00	201.00	213.00	226.00	226.00	239.00	254.00	254.00	268.00	283.00	283.00	298.00	313.00	313.00	327.00	342.00	342.00	356.00	369.00	369.00	383.00	394.00	394.00	404.00	404.00	414.00	422.00	429.00	429.00	436.00	439.00	439.00	442.00	442.00	444.00	444.00	444.00	444.00	444.00	437.00	437.00	430.00	430.00	423.00	415.00	415.00	407.00	397.00	387.00	387.00	377.00	377.00	366.00	355.00	355.00	344.00	344.00	321.00	321.00	309.00	309.00	298.00	287.00	287.00	277.00	277.00	267.00	258.00	248.00	248.00	250.00	247.00	247.00	239.00	239.00	226.00	212.00	212.00	203.00	196.00	191.00	191.00	186.00
																																																																																																																																																				140.00	137.00	143.00	143.00	141.00	141.00	139.00	138.00	138.00	137.00	138.00	139.00	139.00	142.00	142.00	145.00	150.00	150.00	156.00	163.00	171.00	171.00	180.00	180.00	190.00	201.00	201.00	213.00	226.00	226.00	239.00	254.00	254.00	268.00	283.00	283.00	298.00	313.00	313.00	327.00	342.00	342.00	356.00	369.00	369.00	383.00	394.00	394.00	404.00	404.00	414.00	422.00	429.00	429.00	436.00	439.00	439.00	442.00	442.00	444.00	444.00	444.00	444.00	444.00	437.00	437.00	430.00	430.00	423.00	415.00	415.00	407.00	397.00	387.00	387.00	377.00	377.00	366.00	355.00	355.00	344.00	344.00	321.00	321.00	309.00	309.00	298.00	287.00	287.00	277.00	277.00	267.00	258.00	248.00	248.00	250.00	247.00	247.00	239.00	239.00	226.00	212.00	212.00	203.00	196.00	191.00	191.00	186.00
																																												0.00	0.00																																																																																																										72.00	81.00	81.00	87.00	107.00	107.00	128.00	130.00	133.00	133.00	137.00	137.00	143.00	149.00	149.00	157.00	166.00	176.00	176.00	188.00	188.00	201.00	215.00	215.00	229.00	245.00	245.00	262.00	278.00	278.00	296.00	314.00	314.00	331.00	349.00	349.00	366.00	382.00	382.00	398.00	414.00	414.00	428.00	442.00	442.00	454.00	454.00	463.00	473.00	480.00	480.00	486.00	492.00	492.00	495.00	495.00	495.00	496.00	495.00	495.00	492.00	490.00	490.00	484.00	484.00	478.00	471.00	471.00	460.00	449.00	437.00	437.00	427.00	427.00	417.00	406.00	406.00	395.00	395.00	373.00	373.00	362.00	362.00	351.00	340.00	340.00	331.00	331.00	322.00	313.00	306.00	306.00	297.00	290.00	290.00	283.00	283.00	277.00	270.00	270.00	265.00	259.00	254.00	254.00	249.00
																																											0.00	0.00														0.00	0.00									0.00																																																																																						87.00	107.00	107.00	128.00	130.00	133.00	133.00	137.00	137.00	143.00	149.00	149.00	157.00	166.00	176.00	176.00	188.00	188.00	201.00	215.00	215.00	229.00	245.00	245.00	262.00	278.00	278.00	296.00	314.00	314.00	331.00	349.00	349.00	366.00	382.00	382.00	398.00	414.00	414.00	428.00	442.00	442.00	454.00	454.00	463.00	473.00	480.00	480.00	486.00	492.00	492.00	495.00	495.00	495.00	496.00	495.00	495.00	492.00	490.00	490.00	484.00	484.00	478.00	471.00	471.00	460.00	449.00	437.00	437.00	427.00	427.00	417.00	406.00	406.00	395.00	395.00	373.00	373.00	362.00	362.00	351.00	340.00	340.00	331.00	331.00	322.00	313.00	306.00	306.00	297.00	290.00	290.00	283.00	283.00	277.00	270.00	270.00	265.00	259.00	254.00	254.00	249.00
																																											0.00	0.00														0.00	0.00									0.00																																																																																						87.00	107.00	107.00	128.00	130.00	133.00	133.00	137.00	137.00	143.00	149.00	149.00	157.00	166.00	176.00	176.00	188.00	188.00	201.00	215.00	215.00	229.00	245.00	245.00	262.00	278.00	278.00	296.00	314.00	314.00	331.00	349.00	349.00	366.00	382.00	382.00	398.00	414.00	414.00	428.00	442.00	442.00	454.00	454.00	463.00	473.00	480.00	480.00	486.00	492.00	492.00	495.00	495.00	495.00	496.00	495.00	495.00	492.00	490.00	490.00	484.00	484.00	478.00	471.00	471.00	460.00	449.00	437.00	437.00	427.00	427.00	417.00	406.00	406.00	395.00	395.00	373.00	373.00	362.00	362.00	351.00	340.00	340.00	331.00	331.00	322.00	313.00	306.00	306.00	297.00	290.00	290.00	283.00	283.00	277.00	270.00	270.00	265.00	259.00	254.00	254.00	249.00
																																																																																																																																																											46.00	46.00	87.00	121.00	125.00	125.00	131.00	131.00	137.00	146.00	146.00	155.00	166.00	178.00	178.00	192.00	192.00	207.00	224.00	224.00	241.00	259.00	259.00	278.00	299.00	299.00	318.00	338.00	338.00	358.00	378.00	378.00	397.00	417.00	417.00	434.00	451.00	451.00	467.00	481.00	481.00	495.00	495.00	507.00	516.00	525.00	525.00	532.00	537.00	537.00	541.00	541.00	542.00	541.00	540.00	540.00	537.00	533.00	533.00	528.00	528.00	522.00	515.00	515.00	507.00	495.00	485.00	485.00	477.00	477.00	464.00	451.00	451.00	438.00	438.00	416.00	416.00	406.00	406.00	396.00	385.00	385.00	376.00	376.00	367.00	359.00	352.00	352.00	345.00	338.00	338.00	332.00	332.00	326.00	321.00	321.00	316.00	312.00	307.00	307.00	302.00
																																																																																																																																																											46.00	46.00	87.00	121.00	125.00	125.00	131.00	131.00	137.00	146.00	146.00	155.00	166.00	178.00	178.00	192.00	192.00	207.00	224.00	224.00	241.00	259.00	259.00	278.00	299.00	299.00	318.00	338.00	338.00	358.00	378.00	378.00	397.00	417.00	417.00	434.00	451.00	451.00	467.00	481.00	481.00	495.00	495.00	507.00	516.00	525.00	525.00	532.00	537.00	537.00	541.00	541.00	542.00	541.00	540.00	540.00	537.00	533.00	533.00	528.00	528.00	522.00	515.00	515.00	507.00	495.00	485.00	485.00	477.00	477.00	464.00	451.00	451.00	438.00	438.00	416.00	416.00	406.00	406.00	396.00	385.00	385.00	376.00	376.00	367.00	359.00	352.00	352.00	345.00	338.00	338.00	332.00	332.00	326.00	321.00	321.00	316.00	312.00	307.00	307.00	302.00
																																																																									172.00	239.00																																																																																		46.00	87.00	121.00	125.00	125.00	131.00	131.00	137.00	146.00	146.00	155.00	166.00	178.00	178.00	192.00	192.00	207.00	224.00	224.00	241.00	259.00	259.00	278.00	299.00	299.00	318.00	338.00	338.00	358.00	378.00	378.00	397.00	417.00	417.00	434.00	451.00	451.00	467.00	481.00	481.00	495.00	495.00	507.00	516.00	525.00	525.00	532.00	537.00	537.00	541.00	541.00	542.00	541.00	540.00	540.00	537.00	533.00	533.00	528.00	528.00	522.00	515.00	515.00	507.00	495.00	485.00	485.00	477.00	477.00	464.00	451.00	451.00	438.00	438.00	416.00	416.00	406.00	406.00	396.00	385.00	385.00	376.00	376.00	367.00	359.00	352.00	352.00	345.00	338.00	338.00	332.00	332.00	326.00	321.00	321.00	316.00	312.00	307.00	307.00	302.00
																																																																									172.00	239.00																																																																																		46.00	87.00	121.00	125.00	125.00	131.00	131.00	137.00	146.00	146.00	155.00	166.00	178.00	178.00	192.00	192.00	207.00	224.00	224.00	241.00	259.00	259.00	278.00	299.00	299.00	318.00	338.00	338.00	358.00	378.00	378.00	397.00	417.00	417.00	434.00	451.00	451.00	467.00	481.00	481.00	495.00	495.00	507.00	516.00	525.00	525.00	532.00	537.00	537.00	541.00	541.00	542.00	541.00	540.00	540.00	537.00	533.00	533.00	528.00	528.00	522.00	515.00	515.00	507.00	495.00	485.00	485.00	477.00	477.00	464.00	451.00	451.00	438.00	438.00	416.00	416.00	406.00	406.00	396.00	385.00	385.00	376.00	376.00	367.00	359.00	352.00	352.00	345.00	338.00	338.00	332.00	332.00	326.00	321.00	321.00	316.00	312.00	307.00	307.00	302.00
																																																																																																																																																													38.00	78.00	115.00	115.00	122.00	122.00	130.00	140.00	140.00	151.00	164.00	178.00	178.00	194.00	194.00	211.00	230.00	230.00	249.00	269.00	269.00	290.00	312.00	312.00	334.00	356.00	356.00	378.00	400.00	400.00	421.00	443.00	443.00	463.00	480.00	480.00	497.00	515.00	515.00	528.00	528.00	542.00	553.00	561.00	561.00	568.00	574.00	574.00	577.00	577.00	580.00	580.00	577.00	577.00	574.00	569.00	569.00	563.00	563.00	557.00	549.00	549.00	539.00	529.00	519.00	519.00	509.00	509.00	498.00	486.00	486.00	473.00	473.00	452.00	452.00	441.00	441.00	431.00	421.00	421.00	411.00	411.00	402.00	394.00	386.00	386.00	380.00	374.00	374.00	368.00	368.00	363.00	358.00	358.00	353.00	350.00	346.00	346.00	342.00
																																																																																																																																																													38.00	78.00	115.00	115.00	122.00	122.00	130.00	140.00	140.00	151.00	164.00	178.00	178.00	194.00	194.00	211.00	230.00	230.00	249.00	269.00	269.00	290.00	312.00	312.00	334.00	356.00	356.00	378.00	400.00	400.00	421.00	443.00	443.00	463.00	480.00	480.00	497.00	515.00	515.00	528.00	528.00	542.00	553.00	561.00	561.00	568.00	574.00	574.00	577.00	577.00	580.00	580.00	577.00	577.00	574.00	569.00	569.00	563.00	563.00	557.00	549.00	549.00	539.00	529.00	519.00	519.00	509.00	509.00	498.00	486.00	486.00	473.00	473.00	452.00	452.00	441.00	441.00	431.00	421.00	421.00	411.00	411.00	402.00	394.00	386.00	386.00	380.00	374.00	374.00	368.00	368.00	363.00	358.00	358.00	353.00	350.00	346.00	346.00	342.00
																																																																			0.00	0.00																																																																																									38.00	78.00	115.00	115.00	122.00	122.00	130.00	140.00	140.00	151.00	164.00	178.00	178.00	194.00	194.00	211.00	230.00	230.00	249.00	269.00	269.00	290.00	312.00	312.00	334.00	356.00	356.00	378.00	400.00	400.00	421.00	443.00	443.00	463.00	480.00	480.00	497.00	515.00	515.00	528.00	528.00	542.00	553.00	561.00	561.00	568.00	574.00	574.00	577.00	577.00	580.00	580.00	577.00	577.00	574.00	569.00	569.00	563.00	563.00	557.00	549.00	549.00	539.00	529.00	519.00	519.00	509.00	509.00	498.00	486.00	486.00	473.00	473.00	452.00	452.00	441.00	441.00	431.00	421.00	421.00	411.00	411.00	402.00	394.00	386.00	386.00	380.00	374.00	374.00	368.00	368.00	363.00	358.00	358.00	353.00	350.00	346.00	346.00	342.00
																																																																		0.00	0.00																																																																																										41.00	73.00	98.00	98.00	112.00	112.00	121.00	132.00	132.00	144.00	159.00	175.00	175.00	192.00	192.00	211.00	231.00	231.00	251.00	273.00	273.00	296.00	320.00	320.00	343.00	367.00	367.00	391.00	414.00	414.00	438.00	460.00	460.00	481.00	502.00	502.00	519.00	536.00	536.00	553.00	553.00	565.00	577.00	588.00	588.00	593.00	599.00	599.00	604.00	604.00	605.00	606.00	604.00	604.00	600.00	595.00	595.00	589.00	589.00	581.00	574.00	574.00	564.00	553.00	542.00	542.00	531.00	531.00	520.00	510.00	510.00	499.00	499.00	477.00	477.00	466.00	466.00	456.00	449.00	449.00	438.00	438.00	427.00	416.00	409.00	409.00	401.00	395.00	395.00	391.00	391.00	386.00	381.00	381.00	377.00	373.00	369.00	369.00	366.00
																																																																		0.00	0.00																																																																																										41.00	73.00	98.00	98.00	112.00	112.00	121.00	132.00	132.00	144.00	159.00	175.00	175.00	192.00	192.00	211.00	231.00	231.00	251.00	273.00	273.00	296.00	320.00	320.00	343.00	367.00	367.00	391.00	414.00	414.00	438.00	460.00	460.00	481.00	502.00	502.00	519.00	536.00	536.00	553.00	553.00	565.00	577.00	588.00	588.00	593.00	599.00	599.00	604.00	604.00	605.00	606.00	604.00	604.00	600.00	595.00	595.00	589.00	589.00	581.00	574.00	574.00	564.00	553.00	542.00	542.00	531.00	531.00	520.00	510.00	510.00	499.00	499.00	477.00	477.00	466.00	466.00	456.00	449.00	449.00	438.00	438.00	427.00	416.00	409.00	409.00	401.00	395.00	395.00	391.00	391.00	386.00	381.00	381.00	377.00	373.00	369.00	369.00	366.00
																																																																		0.00	0.00																																																																																										41.00	73.00	98.00	98.00	112.00	112.00	121.00	132.00	132.00	144.00	159.00	175.00	175.00	192.00	192.00	211.00	231.00	231.00	251.00	273.00	273.00	296.00	320.00	320.00	343.00	367.00	367.00	391.00	414.00	414.00	438.00	460.00	460.00	481.00	502.00	502.00	519.00	536.00	536.00	553.00	553.00	565.00	577.00	588.00	588.00	593.00	599.00	599.00	604.00	604.00	605.00	606.00	604.00	604.00	600.00	595.00	595.00	589.00	589.00	581.00	574.00	574.00	564.00	553.00	542.00	542.00	531.00	531.00	520.00	510.00	510.00	499.00	499.00	477.00	477.00	466.00	466.00	456.00	449.00	449.00	438.00	438.00	427.00	416.00	409.00	409.00	401.00	395.00	395.00	391.00	391.00	386.00	381.00	381.00	377.00	373.00	369.00	369.00	366.00
																																																																	0.00	0.00	0.00																																																																																										41.00	73.00	98.00	98.00	112.00	112.00	121.00	132.00	132.00	144.00	159.00	175.00	175.00	192.00	192.00	211.00	231.00	231.00	251.00	273.00	273.00	296.00	320.00	320.00	343.00	367.00	367.00	391.00	414.00	414.00	438.00	460.00	460.00	481.00	502.00	502.00	519.00	536.00	536.00	553.00	553.00	565.00	577.00	588.00	588.00	593.00	599.00	599.00	604.00	604.00	605.00	606.00	604.00	604.00	600.00	595.00	595.00	589.00	589.00	581.00	574.00	574.00	564.00	553.00	542.00	542.00	531.00	531.00	520.00	510.00	510.00	499.00	499.00	477.00	477.00	466.00	466.00	456.00	449.00	449.00	438.00	438.00	427.00	416.00	409.00	409.00	401.00	395.00	395.00	391.00	391.00	386.00	381.00	381.00	377.00	373.00	369.00	369.00	366.00
																																																																	0.00	0.00	0.00																																																																																										41.00	73.00	98.00	98.00	112.00	112.00	121.00	132.00	132.00	144.00	159.00	175.00	175.00	192.00	192.00	211.00	231.00	231.00	251.00	273.00	273.00	296.00	320.00	320.00	343.00	367.00	367.00	391.00	414.00	414.00	438.00	460.00	460.00	481.00	502.00	502.00	519.00	536.00	536.00	553.00	553.00	565.00	577.00	588.00	588.00	593.00	599.00	599.00	604.00	604.00	605.00	606.00	604.00	604.00	600.00	595.00	595.00	589.00	589.00	581.00	574.00	574.00	564.00	553.00	542.00	542.00	531.00	531.00	520.00	510.00	510.00	499.00	499.00	477.00	477.00	466.00	466.00	456.00	449.00	449.00	438.00	438.00	427.00	416.00	409.00	409.00	401.00	395.00	395.00	391.00	391.00	386.00	381.00	381.00	377.00	373.00	369.00	369.00	366.00
																																																																																																																																																														41.00	50.00	50.00	73.00	73.00	105.00	123.00	123.00	137.00	151.00	168.00	168.00	186.00	186.00	205.00	226.00	226.00	248.00	271.00	271.00	295.00	320.00	320.00	345.00	370.00	370.00	394.00	419.00	419.00	442.00	467.00	467.00	489.00	510.00	510.00	529.00	546.00	546.00	562.00	562.00	577.00	589.00	599.00	599.00	608.00	612.00	612.00	616.00	616.00	620.00	619.00	618.00	618.00	615.00	608.00	608.00	602.00	602.00	595.00	586.00	586.00	577.00	567.00	555.00	555.00	544.00	544.00	532.00	521.00	521.00	510.00	510.00	487.00	487.00	476.00	476.00	466.00	458.00	458.00	449.00	449.00	440.00	430.00	423.00	423.00	415.00	408.00	408.00	400.00	400.00	396.00	392.00	392.00	387.00	383.00	379.00	379.00	376.00
																																																																																																																																																														41.00	50.00	50.00	73.00	73.00	105.00	123.00	123.00	137.00	151.00	168.00	168.00	186.00	186.00	205.00	226.00	226.00	248.00	271.00	271.00	295.00	320.00	320.00	345.00	370.00	370.00	394.00	419.00	419.00	442.00	467.00	467.00	489.00	510.00	510.00	529.00	546.00	546.00	562.00	562.00	577.00	589.00	599.00	599.00	608.00	612.00	612.00	616.00	616.00	620.00	619.00	618.00	618.00	615.00	608.00	608.00	602.00	602.00	595.00	586.00	586.00	577.00	567.00	555.00	555.00	544.00	544.00	532.00	521.00	521.00	510.00	510.00	487.00	487.00	476.00	476.00	466.00	458.00	458.00	449.00	449.00	440.00	430.00	423.00	423.00	415.00	408.00	408.00	400.00	400.00	396.00	392.00	392.00	387.00	383.00	379.00	379.00	376.00
																																												138.00	138.00																			0.00	0.00	0.00																					2.00	71.00	71.00	110.00																																																																					50.00	50.00	73.00	73.00	105.00	123.00	123.00	137.00	151.00	168.00	168.00	186.00	186.00	205.00	226.00	226.00	248.00	271.00	271.00	295.00	320.00	320.00	345.00	370.00	370.00	394.00	419.00	419.00	442.00	467.00	467.00	489.00	510.00	510.00	529.00	546.00	546.00	562.00	562.00	577.00	589.00	599.00	599.00	608.00	612.00	612.00	616.00	616.00	620.00	619.00	618.00	618.00	615.00	608.00	608.00	602.00	602.00	595.00	586.00	586.00	577.00	567.00	555.00	555.00	544.00	544.00	532.00	521.00	521.00	510.00	510.00	487.00	487.00	476.00	476.00	466.00	458.00	458.00	449.00	449.00	440.00	430.00	423.00	423.00	415.00	408.00	408.00	400.00	400.00	396.00	392.00	392.00	387.00	383.00	379.00	379.00	376.00
																																												59.00	59.00																			0.00																						253.00	398.00	450.00	450.00	443.00	366.00	366.00	214.00																																																																					21.00	62.00	102.00	102.00	112.00	125.00	153.00	153.00	176.00	176.00	197.00	218.00	218.00	240.00	264.00	264.00	288.00	313.00	313.00	338.00	364.00	364.00	389.00	413.00	413.00	438.00	461.00	461.00	484.00	507.00	507.00	526.00	544.00	544.00	560.00	560.00	574.00	588.00	599.00	599.00	607.00	614.00	614.00	617.00	617.00	618.00	620.00	618.00	618.00	616.00	611.00	611.00	603.00	603.00	596.00	588.00	588.00	578.00	568.00	557.00	557.00	545.00	545.00	533.00	522.00	522.00	511.00	511.00	488.00	488.00	477.00	477.00	466.00	456.00	456.00	448.00	448.00	440.00	432.00	425.00	425.00	418.00	410.00	410.00	404.00	404.00	400.00	394.00	394.00	387.00	380.00	377.00	377.00	374.00
																																												59.00	59.00																			0.00																						253.00	398.00	450.00	450.00	443.00	366.00	366.00	214.00																																																																					21.00	62.00	102.00	102.00	112.00	125.00	153.00	153.00	176.00	176.00	197.00	218.00	218.00	240.00	264.00	264.00	288.00	313.00	313.00	338.00	364.00	364.00	389.00	413.00	413.00	438.00	461.00	461.00	484.00	507.00	507.00	526.00	544.00	544.00	560.00	560.00	574.00	588.00	599.00	599.00	607.00	614.00	614.00	617.00	617.00	618.00	620.00	618.00	618.00	616.00	611.00	611.00	603.00	603.00	596.00	588.00	588.00	578.00	568.00	557.00	557.00	545.00	545.00	533.00	522.00	522.00	511.00	511.00	488.00	488.00	477.00	477.00	466.00	456.00	456.00	448.00	448.00	440.00	432.00	425.00	425.00	418.00	410.00	410.00	404.00	404.00	400.00	394.00	394.00	387.00	380.00	377.00	377.00	374.00
																																												59.00	59.00																			0.00																						253.00	398.00	450.00	450.00	443.00	366.00	366.00	214.00																																																																					21.00	62.00	102.00	102.00	112.00	125.00	153.00	153.00	176.00	176.00	197.00	218.00	218.00	240.00	264.00	264.00	288.00	313.00	313.00	338.00	364.00	364.00	389.00	413.00	413.00	438.00	461.00	461.00	484.00	507.00	507.00	526.00	544.00	544.00	560.00	560.00	574.00	588.00	599.00	599.00	607.00	614.00	614.00	617.00	617.00	618.00	620.00	618.00	618.00	616.00	611.00	611.00	603.00	603.00	596.00	588.00	588.00	578.00	568.00	557.00	557.00	545.00	545.00	533.00	522.00	522.00	511.00	511.00	488.00	488.00	477.00	477.00	466.00	456.00	456.00	448.00	448.00	440.00	432.00	425.00	425.00	418.00	410.00	410.00	404.00	404.00	400.00	394.00	394.00	387.00	380.00	377.00	377.00	374.00
																																																																																						253.00	398.00	450.00	450.00	443.00	366.00	366.00	214.00																																																																								102.00	112.00	125.00	153.00	153.00	176.00	176.00	197.00	218.00	218.00	240.00	264.00	264.00	288.00	313.00	313.00	338.00	364.00	364.00	389.00	413.00	413.00	438.00	461.00	461.00	484.00	507.00	507.00	526.00	544.00	544.00	560.00	560.00	574.00	588.00	599.00	599.00	607.00	614.00	614.00	617.00	617.00	618.00	620.00	618.00	618.00	616.00	611.00	611.00	603.00	603.00	596.00	588.00	588.00	578.00	568.00	557.00	557.00	545.00	545.00	533.00	522.00	522.00	511.00	511.00	488.00	488.00	477.00	477.00	466.00	456.00	456.00	448.00	448.00	440.00	432.00	425.00	425.00	418.00	410.00	410.00	404.00	404.00	400.00	394.00	394.00	387.00	380.00	377.00	377.00	374.00
																																																																																				16.00	183.00	183.00	352.00	482.00	482.00	472.00	458.00	458.00	393.00																																																																													73.00	73.00	94.00	143.00	143.00	212.00	249.00	249.00	273.00	297.00	297.00	322.00	348.00	348.00	373.00	397.00	397.00	421.00	445.00	445.00	467.00	489.00	489.00	510.00	528.00	528.00	544.00	544.00	559.00	571.00	583.00	583.00	593.00	599.00	599.00	604.00	604.00	606.00	606.00	606.00	606.00	603.00	599.00	599.00	593.00	593.00	585.00	576.00	576.00	568.00	558.00	547.00	547.00	536.00	536.00	524.00	513.00	513.00	502.00	502.00	480.00	480.00	469.00	469.00	458.00	449.00	449.00	440.00	440.00	432.00	424.00	416.00	416.00	408.00	401.00	401.00	397.00	397.00	394.00	392.00	392.00	385.00	377.00	370.00	370.00	366.00
																																																																																				16.00	183.00	183.00	352.00	482.00	482.00	472.00	458.00	458.00	393.00																																																																													73.00	73.00	94.00	143.00	143.00	212.00	249.00	249.00	273.00	297.00	297.00	322.00	348.00	348.00	373.00	397.00	397.00	421.00	445.00	445.00	467.00	489.00	489.00	510.00	528.00	528.00	544.00	544.00	559.00	571.00	583.00	583.00	593.00	599.00	599.00	604.00	604.00	606.00	606.00	606.00	606.00	603.00	599.00	599.00	593.00	593.00	585.00	576.00	576.00	568.00	558.00	547.00	547.00	536.00	536.00	524.00	513.00	513.00	502.00	502.00	480.00	480.00	469.00	469.00	458.00	449.00	449.00	440.00	440.00	432.00	424.00	416.00	416.00	408.00	401.00	401.00	397.00	397.00	394.00	392.00	392.00	385.00	377.00	370.00	370.00	366.00
																																																															78.00																				16.00	16.00	183.00	183.00	352.00	482.00	482.00	472.00	458.00	458.00	393.00																																																																														73.00	94.00	143.00	143.00	212.00	249.00	249.00	273.00	297.00	297.00	322.00	348.00	348.00	373.00	397.00	397.00	421.00	445.00	445.00	467.00	489.00	489.00	510.00	528.00	528.00	544.00	544.00	559.00	571.00	583.00	583.00	593.00	599.00	599.00	604.00	604.00	606.00	606.00	606.00	606.00	603.00	599.00	599.00	593.00	593.00	585.00	576.00	576.00	568.00	558.00	547.00	547.00	536.00	536.00	524.00	513.00	513.00	502.00	502.00	480.00	480.00	469.00	469.00	458.00	449.00	449.00	440.00	440.00	432.00	424.00	416.00	416.00	408.00	401.00	401.00	397.00	397.00	394.00	392.00	392.00	385.00	377.00	370.00	370.00	366.00
																																																															78.00																				16.00	16.00	183.00	183.00	352.00	482.00	482.00	472.00	458.00	458.00	393.00																																																																														73.00	94.00	143.00	143.00	212.00	249.00	249.00	273.00	297.00	297.00	322.00	348.00	348.00	373.00	397.00	397.00	421.00	445.00	445.00	467.00	489.00	489.00	510.00	528.00	528.00	544.00	544.00	559.00	571.00	583.00	583.00	593.00	599.00	599.00	604.00	604.00	606.00	606.00	606.00	606.00	603.00	599.00	599.00	593.00	593.00	585.00	576.00	576.00	568.00	558.00	547.00	547.00	536.00	536.00	524.00	513.00	513.00	502.00	502.00	480.00	480.00	469.00	469.00	458.00	449.00	449.00	440.00	440.00	432.00	424.00	416.00	416.00	408.00	401.00	401.00	397.00	397.00	394.00	392.00	392.00	385.00	377.00	370.00	370.00	366.00
																																																										0.00	0.00			171.00	356.00	423.00								502.00														2.00	166.00	335.00	335.00	483.00	469.00	469.00	453.00	415.00											140.00	179.00	179.00																																																																				122.00	205.00	205.00	251.00	275.00	275.00	299.00	323.00	323.00	347.00	372.00	372.00	395.00	418.00	418.00	440.00	460.00	460.00	480.00	499.00	499.00	515.00	515.00	529.00	543.00	553.00	553.00	563.00	572.00	572.00	576.00	576.00	580.00	582.00	580.00	580.00	580.00	576.00	576.00	571.00	571.00	565.00	557.00	557.00	548.00	539.00	529.00	529.00	518.00	518.00	508.00	497.00	497.00	486.00	486.00	465.00	465.00	455.00	455.00	444.00	434.00	434.00	425.00	425.00	416.00	408.00	401.00	401.00	394.00	388.00	388.00	383.00	383.00	378.00	374.00	374.00	370.00	365.00	362.00	362.00	361.00
																																																										0.00	0.00			171.00	356.00	423.00								502.00														2.00	166.00	335.00	335.00	483.00	469.00	469.00	453.00	415.00											140.00	179.00	179.00																																																																				122.00	205.00	205.00	251.00	275.00	275.00	299.00	323.00	323.00	347.00	372.00	372.00	395.00	418.00	418.00	440.00	460.00	460.00	480.00	499.00	499.00	515.00	515.00	529.00	543.00	553.00	553.00	563.00	572.00	572.00	576.00	576.00	580.00	582.00	580.00	580.00	580.00	576.00	576.00	571.00	571.00	565.00	557.00	557.00	548.00	539.00	529.00	529.00	518.00	518.00	508.00	497.00	497.00	486.00	486.00	465.00	465.00	455.00	455.00	444.00	434.00	434.00	425.00	425.00	416.00	408.00	401.00	401.00	394.00	388.00	388.00	383.00	383.00	378.00	374.00	374.00	370.00	365.00	362.00	362.00	361.00
																																																													171.00	171.00	356.00	423.00	338.00	338.00			345.00	426.00	426.00	502.00	336.00														166.00	335.00	335.00	483.00	469.00	469.00	453.00	415.00	415.00	337.00	304.00	304.00	287.00				109.00	98.00	140.00	179.00	179.00	171.00																																																																				205.00	205.00	251.00	275.00	275.00	299.00	323.00	323.00	347.00	372.00	372.00	395.00	418.00	418.00	440.00	460.00	460.00	480.00	499.00	499.00	515.00	515.00	529.00	543.00	553.00	553.00	563.00	572.00	572.00	576.00	576.00	580.00	582.00	580.00	580.00	580.00	576.00	576.00	571.00	571.00	565.00	557.00	557.00	548.00	539.00	529.00	529.00	518.00	518.00	508.00	497.00	497.00	486.00	486.00	465.00	465.00	455.00	455.00	444.00	434.00	434.00	425.00	425.00	416.00	408.00	401.00	401.00	394.00	388.00	388.00	383.00	383.00	378.00	374.00	374.00	370.00	365.00	362.00	362.00	361.00
																																																											68.00		357.00	357.00	446.00	437.00	376.00	376.00	380.00	380.00	439.00	466.00	466.00	304.00	93.00														233.00	348.00	348.00	433.00	462.00	462.00	444.00	425.00	425.00	406.00	386.00	386.00	366.00	343.00	343.00	327.00	327.00	305.00	284.00	264.00	264.00	244.00	190.00	190.00	106.00	106.00																																																																111.00	111.00	193.00	247.00	247.00	269.00	291.00	291.00	314.00	337.00	337.00	360.00	381.00	381.00	401.00	422.00	422.00	440.00	458.00	458.00	476.00	476.00	489.00	502.00	514.00	514.00	523.00	531.00	531.00	539.00	539.00	542.00	545.00	546.00	546.00	545.00	543.00	543.00	540.00	540.00	535.00	529.00	529.00	522.00	513.00	504.00	504.00	495.00	495.00	485.00	475.00	475.00	465.00	465.00	444.00	444.00	434.00	434.00	425.00	415.00	415.00	407.00	407.00	398.00	390.00	383.00	383.00	376.00	371.00	371.00	366.00	366.00	362.00	358.00	358.00	353.00	348.00	345.00	345.00	345.00
																																																											68.00		357.00	357.00	446.00	437.00	376.00	376.00	380.00	380.00	439.00	466.00	466.00	304.00	93.00														233.00	348.00	348.00	433.00	462.00	462.00	444.00	425.00	425.00	406.00	386.00	386.00	366.00	343.00	343.00	327.00	327.00	305.00	284.00	264.00	264.00	244.00	190.00	190.00	106.00	106.00																																																																111.00	111.00	193.00	247.00	247.00	269.00	291.00	291.00	314.00	337.00	337.00	360.00	381.00	381.00	401.00	422.00	422.00	440.00	458.00	458.00	476.00	476.00	489.00	502.00	514.00	514.00	523.00	531.00	531.00	539.00	539.00	542.00	545.00	546.00	546.00	545.00	543.00	543.00	540.00	540.00	535.00	529.00	529.00	522.00	513.00	504.00	504.00	495.00	495.00	485.00	475.00	475.00	465.00	465.00	444.00	444.00	434.00	434.00	425.00	415.00	415.00	407.00	407.00	398.00	390.00	383.00	383.00	376.00	371.00	371.00	366.00	366.00	362.00	358.00	358.00	353.00	348.00	345.00	345.00	345.00
																																																											68.00		357.00	357.00	446.00	437.00	376.00	376.00	380.00	380.00	439.00	466.00	466.00	304.00	93.00														233.00	348.00	348.00	433.00	462.00	462.00	444.00	425.00	425.00	406.00	386.00	386.00	366.00	343.00	343.00	327.00	327.00	305.00	284.00	264.00	264.00	244.00	190.00	190.00	106.00	106.00																																																																111.00	111.00	193.00	247.00	247.00	269.00	291.00	291.00	314.00	337.00	337.00	360.00	381.00	381.00	401.00	422.00	422.00	440.00	458.00	458.00	476.00	476.00	489.00	502.00	514.00	514.00	523.00	531.00	531.00	539.00	539.00	542.00	545.00	546.00	546.00	545.00	543.00	543.00	540.00	540.00	535.00	529.00	529.00	522.00	513.00	504.00	504.00	495.00	495.00	485.00	475.00	475.00	465.00	465.00	444.00	444.00	434.00	434.00	425.00	415.00	415.00	407.00	407.00	398.00	390.00	383.00	383.00	376.00	371.00	371.00	366.00	366.00	362.00	358.00	358.00	353.00	348.00	345.00	345.00	345.00
																																																									0.00	68.00	68.00	190.00		357.00	446.00						439.00	466.00	466.00	304.00									244.00	473.00				295.00	233.00	348.00	348.00	433.00	462.00	462.00	444.00	425.00	425.00	406.00	386.00	386.00	366.00	343.00	343.00	327.00	327.00	305.00	284.00	264.00	264.00	244.00	190.00	190.00	106.00	106.00																																																																111.00	111.00	193.00	247.00	247.00	269.00	291.00	291.00	314.00	337.00	337.00	360.00	381.00	381.00	401.00	422.00	422.00	440.00	458.00	458.00	476.00	476.00	489.00	502.00	514.00	514.00	523.00	531.00	531.00	539.00	539.00	542.00	545.00	546.00	546.00	545.00	543.00	543.00	540.00	540.00	535.00	529.00	529.00	522.00	513.00	504.00	504.00	495.00	495.00	485.00	475.00	475.00	465.00	465.00	444.00	444.00	434.00	434.00	425.00	415.00	415.00	407.00	407.00	398.00	390.00	383.00	383.00	376.00	371.00	371.00	366.00	366.00	362.00	358.00	358.00	353.00	348.00	345.00	345.00	345.00
																																																																					115.00	161.00	161.00	129.00								223.00	384.00	480.00	515.00	515.00	503.00	503.00	488.00	472.00	472.00	455.00	437.00	437.00	418.00	398.00	398.00	376.00	355.00	355.00	333.00	311.00	311.00	289.00	289.00	269.00	247.00	221.00	221.00	170.00	101.00	101.00																																																																			17.00	97.00	176.00	176.00	235.00	256.00	256.00	276.00	297.00	297.00	317.00	338.00	338.00	357.00	375.00	375.00	394.00	410.00	410.00	426.00	426.00	442.00	454.00	465.00	465.00	476.00	484.00	484.00	491.00	491.00	499.00	501.00	504.00	504.00	506.00	504.00	504.00	502.00	502.00	500.00	495.00	495.00	490.00	484.00	475.00	475.00	468.00	468.00	459.00	450.00	450.00	441.00	441.00	423.00	423.00	413.00	413.00	405.00	396.00	396.00	389.00	389.00	381.00	374.00	367.00	367.00	361.00	356.00	356.00	351.00	351.00	346.00	341.00	341.00	337.00	333.00	329.00	329.00	327.00
																																																																					115.00	161.00	161.00	129.00								223.00	384.00	480.00	515.00	515.00	503.00	503.00	488.00	472.00	472.00	455.00	437.00	437.00	418.00	398.00	398.00	376.00	355.00	355.00	333.00	311.00	311.00	289.00	289.00	269.00	247.00	221.00	221.00	170.00	101.00	101.00																																																																			17.00	97.00	176.00	176.00	235.00	256.00	256.00	276.00	297.00	297.00	317.00	338.00	338.00	357.00	375.00	375.00	394.00	410.00	410.00	426.00	426.00	442.00	454.00	465.00	465.00	476.00	484.00	484.00	491.00	491.00	499.00	501.00	504.00	504.00	506.00	504.00	504.00	502.00	502.00	500.00	495.00	495.00	490.00	484.00	475.00	475.00	468.00	468.00	459.00	450.00	450.00	441.00	441.00	423.00	423.00	413.00	413.00	405.00	396.00	396.00	389.00	389.00	381.00	374.00	367.00	367.00	361.00	356.00	356.00	351.00	351.00	346.00	341.00	341.00	337.00	333.00	329.00	329.00	327.00
																																																																																223.00	384.00	480.00	515.00	515.00	503.00	503.00	488.00	472.00	472.00	455.00	437.00	437.00	418.00	398.00	398.00	376.00	355.00	355.00	333.00	311.00	311.00	289.00	289.00	269.00	247.00	221.00	221.00	170.00	101.00																																																																						176.00	176.00	235.00	256.00	256.00	276.00	297.00	297.00	317.00	338.00	338.00	357.00	375.00	375.00	394.00	410.00	410.00	426.00	426.00	442.00	454.00	465.00	465.00	476.00	484.00	484.00	491.00	491.00	499.00	501.00	504.00	504.00	506.00	504.00	504.00	502.00	502.00	500.00	495.00	495.00	490.00	484.00	475.00	475.00	468.00	468.00	459.00	450.00	450.00	441.00	441.00	423.00	423.00	413.00	413.00	405.00	396.00	396.00	389.00	389.00	381.00	374.00	367.00	367.00	361.00	356.00	356.00	351.00	351.00	346.00	341.00	341.00	337.00	333.00	329.00	329.00	327.00
																																																																																223.00	384.00	480.00	515.00	515.00	503.00	503.00	488.00	472.00	472.00	455.00	437.00	437.00	418.00	398.00	398.00	376.00	355.00	355.00	333.00	311.00	311.00	289.00	289.00	269.00	247.00	221.00	221.00	170.00	101.00																																																																						176.00	176.00	235.00	256.00	256.00	276.00	297.00	297.00	317.00	338.00	338.00	357.00	375.00	375.00	394.00	410.00	410.00	426.00	426.00	442.00	454.00	465.00	465.00	476.00	484.00	484.00	491.00	491.00	499.00	501.00	504.00	504.00	506.00	504.00	504.00	502.00	502.00	500.00	495.00	495.00	490.00	484.00	475.00	475.00	468.00	468.00	459.00	450.00	450.00	441.00	441.00	423.00	423.00	413.00	413.00	405.00	396.00	396.00	389.00	389.00	381.00	374.00	367.00	367.00	361.00	356.00	356.00	351.00	351.00	346.00	341.00	341.00	337.00	333.00	329.00	329.00	327.00
																																																																					0.00	74.00	74.00	205.00	362.00	280.00					324.00	324.00	451.00	498.00	486.00	486.00	474.00	474.00	457.00	438.00	438.00	420.00	399.00	399.00	379.00	358.00	358.00	335.00	312.00	312.00	289.00	267.00	267.00	245.00	245.00	223.00	200.00	164.00	164.00	112.00																					32.00	32.00	33.00	21.00																																																	158.00	220.00	220.00	238.00	256.00	256.00	274.00	292.00	292.00	310.00	327.00	327.00	344.00	360.00	360.00	375.00	375.00	389.00	403.00	414.00	414.00	425.00	435.00	435.00	443.00	443.00	450.00	456.00	459.00	459.00	462.00	464.00	464.00	463.00	463.00	461.00	459.00	459.00	455.00	451.00	446.00	446.00	440.00	440.00	434.00	428.00	428.00	420.00	420.00	404.00	404.00	397.00	397.00	389.00	382.00	382.00	374.00	374.00	367.00	361.00	354.00	354.00	347.00	341.00	341.00	336.00	336.00	331.00	327.00	327.00	323.00	319.00	316.00	316.00	313.00
																																																																					0.00	74.00	74.00	205.00	362.00	280.00					324.00	324.00	451.00	498.00	486.00	486.00	474.00	474.00	457.00	438.00	438.00	420.00	399.00	399.00	379.00	358.00	358.00	335.00	312.00	312.00	289.00	267.00	267.00	245.00	245.00	223.00	200.00	164.00	164.00	112.00																					32.00	32.00	33.00	21.00																																																	158.00	220.00	220.00	238.00	256.00	256.00	274.00	292.00	292.00	310.00	327.00	327.00	344.00	360.00	360.00	375.00	375.00	389.00	403.00	414.00	414.00	425.00	435.00	435.00	443.00	443.00	450.00	456.00	459.00	459.00	462.00	464.00	464.00	463.00	463.00	461.00	459.00	459.00	455.00	451.00	446.00	446.00	440.00	440.00	434.00	428.00	428.00	420.00	420.00	404.00	404.00	397.00	397.00	389.00	382.00	382.00	374.00	374.00	367.00	361.00	354.00	354.00	347.00	341.00	341.00	336.00	336.00	331.00	327.00	327.00	323.00	319.00	316.00	316.00	313.00
																																																																			0.00	0.00	0.00	74.00	74.00	205.00	362.00	280.00	280.00	155.00	155.00	139.00	324.00	324.00	451.00	498.00	486.00	486.00	474.00	474.00	457.00	438.00	438.00	420.00	399.00	399.00	379.00	358.00	358.00	335.00	312.00	312.00	289.00	267.00	267.00	245.00	245.00	223.00	200.00	164.00	164.00	112.00																					32.00	32.00	33.00	21.00	21.00	8.00																																																220.00	220.00	238.00	256.00	256.00	274.00	292.00	292.00	310.00	327.00	327.00	344.00	360.00	360.00	375.00	375.00	389.00	403.00	414.00	414.00	425.00	435.00	435.00	443.00	443.00	450.00	456.00	459.00	459.00	462.00	464.00	464.00	463.00	463.00	461.00	459.00	459.00	455.00	451.00	446.00	446.00	440.00	440.00	434.00	428.00	428.00	420.00	420.00	404.00	404.00	397.00	397.00	389.00	382.00	382.00	374.00	374.00	367.00	361.00	354.00	354.00	347.00	341.00	341.00	336.00	336.00	331.00	327.00	327.00	323.00	319.00	316.00	316.00	313.00
																																																																			0.00	0.00	0.00	74.00	74.00	205.00	362.00	280.00	280.00	155.00	155.00	139.00	324.00	324.00	451.00	498.00	486.00	486.00	474.00	474.00	457.00	438.00	438.00	420.00	399.00	399.00	379.00	358.00	358.00	335.00	312.00	312.00	289.00	267.00	267.00	245.00	245.00	223.00	200.00	164.00	164.00	112.00																					32.00	32.00	33.00	21.00	21.00	8.00																																																220.00	220.00	238.00	256.00	256.00	274.00	292.00	292.00	310.00	327.00	327.00	344.00	360.00	360.00	375.00	375.00	389.00	403.00	414.00	414.00	425.00	435.00	435.00	443.00	443.00	450.00	456.00	459.00	459.00	462.00	464.00	464.00	463.00	463.00	461.00	459.00	459.00	455.00	451.00	446.00	446.00	440.00	440.00	434.00	428.00	428.00	420.00	420.00	404.00	404.00	397.00	397.00	389.00	382.00	382.00	374.00	374.00	367.00	361.00	354.00	354.00	347.00	341.00	341.00	336.00	336.00	331.00	327.00	327.00	323.00	319.00	316.00	316.00	313.00
																																																																								148.00	316.00	480.00	480.00	465.00	465.00	474.00	468.00	468.00	463.00	457.00	448.00	448.00	432.00	432.00	415.00	396.00	396.00	375.00	354.00	354.00	332.00	310.00	310.00	287.00	265.00	265.00	243.00	221.00	221.00	200.00	200.00	180.00	159.00	98.00	98.00																						16.00	16.00	19.00	22.00	22.00	39.00	39.00							58.00	64.00	64.00	66.00	48.00	25.00																																		161.00	187.00	187.00	203.00	220.00	220.00	235.00	251.00	251.00	267.00	282.00	282.00	298.00	313.00	313.00	327.00	327.00	341.00	354.00	366.00	366.00	378.00	388.00	388.00	397.00	397.00	405.00	410.00	416.00	416.00	420.00	423.00	423.00	426.00	426.00	426.00	426.00	426.00	425.00	422.00	420.00	420.00	418.00	418.00	413.00	408.00	408.00	403.00	403.00	391.00	391.00	384.00	384.00	377.00	370.00	370.00	363.00	363.00	356.00	350.00	344.00	344.00	338.00	332.00	332.00	327.00	327.00	323.00	321.00	321.00	319.00	318.00	316.00	316.00	313.00
																																																																								148.00	316.00	480.00	480.00	465.00	465.00	474.00	468.00	468.00	463.00	457.00	448.00	448.00	432.00	432.00	415.00	396.00	396.00	375.00	354.00	354.00	332.00	310.00	310.00	287.00	265.00	265.00	243.00	221.00	221.00	200.00	200.00	180.00	159.00	98.00																								16.00	19.00	22.00	22.00	39.00	39.00	65.00	65.00	55.00	55.00	52.00	58.00	58.00	64.00	64.00	66.00	48.00	25.00	25.00																														56.00	112.00	112.00	161.00	187.00	187.00	203.00	220.00	220.00	235.00	251.00	251.00	267.00	282.00	282.00	298.00	313.00	313.00	327.00	327.00	341.00	354.00	366.00	366.00	378.00	388.00	388.00	397.00	397.00	405.00	410.00	416.00	416.00	420.00	423.00	423.00	426.00	426.00	426.00	426.00	426.00	425.00	422.00	420.00	420.00	418.00	418.00	413.00	408.00	408.00	403.00	403.00	391.00	391.00	384.00	384.00	377.00	370.00	370.00	363.00	363.00	356.00	350.00	344.00	344.00	338.00	332.00	332.00	327.00	327.00	323.00	321.00	321.00	319.00	318.00	316.00	316.00	313.00
																																																																								148.00	316.00	480.00	480.00	465.00	465.00	474.00	468.00	468.00	463.00	457.00	448.00	448.00	432.00	432.00	415.00	396.00	396.00	375.00	354.00	354.00	332.00	310.00	310.00	287.00	265.00	265.00	243.00	221.00	221.00	200.00	200.00	180.00	159.00	98.00																								16.00	19.00	22.00	22.00	39.00	39.00	65.00	65.00	55.00	55.00	52.00	58.00	58.00	64.00	64.00	66.00	48.00	25.00	25.00																														56.00	112.00	112.00	161.00	187.00	187.00	203.00	220.00	220.00	235.00	251.00	251.00	267.00	282.00	282.00	298.00	313.00	313.00	327.00	327.00	341.00	354.00	366.00	366.00	378.00	388.00	388.00	397.00	397.00	405.00	410.00	416.00	416.00	420.00	423.00	423.00	426.00	426.00	426.00	426.00	426.00	425.00	422.00	420.00	420.00	418.00	418.00	413.00	408.00	408.00	403.00	403.00	391.00	391.00	384.00	384.00	377.00	370.00	370.00	363.00	363.00	356.00	350.00	344.00	344.00	338.00	332.00	332.00	327.00	327.00	323.00	321.00	321.00	319.00	318.00	316.00	316.00	313.00
																																																																								148.00	316.00	480.00	480.00	465.00	465.00	474.00	468.00	468.00	463.00	457.00	448.00	448.00	432.00	432.00	415.00	396.00	396.00	375.00	354.00	354.00	332.00	310.00	310.00	287.00	265.00	265.00	243.00	221.00	221.00	200.00	200.00	180.00	159.00	98.00																								16.00	19.00	22.00	22.00	39.00	39.00	65.00	65.00	55.00	55.00	52.00	58.00	58.00	64.00	64.00	66.00	48.00	25.00	25.00																														56.00	112.00	112.00	161.00	187.00	187.00	203.00	220.00	220.00	235.00	251.00	251.00	267.00	282.00	282.00	298.00	313.00	313.00	327.00	327.00	341.00	354.00	366.00	366.00	378.00	388.00	388.00	397.00	397.00	405.00	410.00	416.00	416.00	420.00	423.00	423.00	426.00	426.00	426.00	426.00	426.00	425.00	422.00	420.00	420.00	418.00	418.00	413.00	408.00	408.00	403.00	403.00	391.00	391.00	384.00	384.00	377.00	370.00	370.00	363.00	363.00	356.00	350.00	344.00	344.00	338.00	332.00	332.00	327.00	327.00	323.00	321.00	321.00	319.00	318.00	316.00	316.00	313.00
																																																																									119.00	273.00	273.00	424.00	424.00	436.00	415.00	415.00	418.00	409.00	399.00	399.00	388.00	388.00	369.00	349.00	349.00	329.00	308.00	308.00	287.00	265.00	265.00	243.00	221.00	221.00	202.00	182.00	182.00	163.00	163.00	131.00	81.00																														16.00	94.00	94.00	113.00	113.00	115.00	115.00	115.00	114.00	114.00	112.00	110.00	90.00	90.00	74.00																											31.00	31.00	77.00	119.00	119.00	145.00	161.00	161.00	175.00	190.00	190.00	205.00	219.00	219.00	232.00	246.00	246.00	260.00	274.00	274.00	289.00	289.00	302.00	314.00	326.00	326.00	337.00	349.00	349.00	359.00	359.00	368.00	376.00	382.00	382.00	387.00	393.00	393.00	397.00	397.00	401.00	403.00	403.00	403.00	404.00	404.00	404.00	403.00	403.00	402.00	400.00	400.00	397.00	397.00	386.00	386.00	380.00	380.00	374.00	368.00	368.00	360.00	360.00	352.00	347.00	345.00	345.00	343.00	342.00	342.00	341.00	341.00	339.00	333.00	333.00	326.00	320.00	317.00	317.00	314.00
																																																																									119.00	273.00	273.00	424.00	424.00	436.00	415.00	415.00	418.00	409.00	399.00	399.00	388.00	388.00	369.00	349.00	349.00	329.00	308.00	308.00	287.00	265.00	265.00	243.00	221.00	221.00	202.00	182.00	182.00	163.00	163.00	131.00	81.00																	21.00														94.00	94.00	113.00	113.00	115.00	115.00	115.00	114.00	114.00	112.00	110.00	90.00	90.00	74.00	64.00	64.00	74.00	74.00	82.00	83.00	83.00	65.00	52.00	45.00																	31.00	31.00	77.00	119.00	119.00	145.00	161.00	161.00	175.00	190.00	190.00	205.00	219.00	219.00	232.00	246.00	246.00	260.00	274.00	274.00	289.00	289.00	302.00	314.00	326.00	326.00	337.00	349.00	349.00	359.00	359.00	368.00	376.00	382.00	382.00	387.00	393.00	393.00	397.00	397.00	401.00	403.00	403.00	403.00	404.00	404.00	404.00	403.00	403.00	402.00	400.00	400.00	397.00	397.00	386.00	386.00	380.00	380.00	374.00	368.00	368.00	360.00	360.00	352.00	347.00	345.00	345.00	343.00	342.00	342.00	341.00	341.00	339.00	333.00	333.00	326.00	320.00	317.00	317.00	314.00
																																																																									119.00	273.00	273.00	424.00	424.00	436.00	415.00	415.00	418.00	409.00	399.00	399.00	388.00	388.00	369.00	349.00	349.00	329.00	308.00	308.00	287.00	265.00	265.00	243.00	221.00	221.00	202.00	182.00	182.00	163.00	163.00	131.00	81.00																	21.00														94.00	94.00	113.00	113.00	115.00	115.00	115.00	114.00	114.00	112.00	110.00	90.00	90.00	74.00	64.00	64.00	74.00	74.00	82.00	83.00	83.00	65.00	52.00	45.00																	31.00	31.00	77.00	119.00	119.00	145.00	161.00	161.00	175.00	190.00	190.00	205.00	219.00	219.00	232.00	246.00	246.00	260.00	274.00	274.00	289.00	289.00	302.00	314.00	326.00	326.00	337.00	349.00	349.00	359.00	359.00	368.00	376.00	382.00	382.00	387.00	393.00	393.00	397.00	397.00	401.00	403.00	403.00	403.00	404.00	404.00	404.00	403.00	403.00	402.00	400.00	400.00	397.00	397.00	386.00	386.00	380.00	380.00	374.00	368.00	368.00	360.00	360.00	352.00	347.00	345.00	345.00	343.00	342.00	342.00	341.00	341.00	339.00	333.00	333.00	326.00	320.00	317.00	317.00	314.00
																																																																									0.00	49.00	49.00	88.00	88.00	80.00	114.00	114.00	227.00	348.00	352.00	352.00	340.00	340.00	326.00	307.00	307.00	287.00	268.00	268.00	249.00	229.00	229.00	210.00	190.00	190.00	171.00	156.00	156.00	141.00	141.00	127.00	108.00	92.00	92.00														60.00	85.00														72.00	72.00	134.00	134.00	170.00	171.00	171.00	171.00	171.00	169.00	166.00	163.00	163.00	159.00	154.00	154.00	149.00	149.00	144.00	137.00	137.00	130.00	126.00	121.00	121.00																71.00	71.00	113.00	133.00	133.00	141.00	149.00	149.00	160.00	174.00	174.00	186.00	199.00	199.00	212.00	224.00	224.00	237.00	249.00	249.00	262.00	262.00	276.00	288.00	300.00	300.00	311.00	322.00	322.00	334.00	334.00	344.00	353.00	361.00	361.00	368.00	374.00	374.00	381.00	381.00	387.00	392.00	392.00	395.00	397.00	399.00	399.00	401.00	401.00	403.00	404.00	404.00	401.00	401.00	389.00	389.00	387.00	387.00	385.00	383.00	383.00	378.00	378.00	372.00	367.00	361.00	361.00	352.00	342.00	342.00	339.00	339.00	339.00	339.00	339.00	330.00	318.00	308.00	308.00	301.00
																																																																															114.00	114.00	227.00	348.00	352.00	352.00	340.00	340.00	326.00	307.00	307.00	287.00	268.00	268.00	249.00	229.00	229.00	210.00	190.00	190.00	171.00	156.00	156.00	141.00	141.00	127.00	108.00	92.00	92.00	88.00	70.00	70.00	40.00	40.00	8.00							60.00	60.00	85.00	61.00	61.00												72.00	72.00	134.00	134.00	170.00	171.00	171.00	171.00	171.00	169.00	166.00	163.00	163.00	159.00	154.00	154.00	149.00	149.00	144.00	137.00	137.00	130.00	126.00	121.00	121.00	114.00															71.00	71.00	113.00	133.00	133.00	141.00	149.00	149.00	160.00	174.00	174.00	186.00	199.00	199.00	212.00	224.00	224.00	237.00	249.00	249.00	262.00	262.00	276.00	288.00	300.00	300.00	311.00	322.00	322.00	334.00	334.00	344.00	353.00	361.00	361.00	368.00	374.00	374.00	381.00	381.00	387.00	392.00	392.00	395.00	397.00	399.00	399.00	401.00	401.00	403.00	404.00	404.00	401.00	401.00	389.00	389.00	387.00	387.00	385.00	383.00	383.00	378.00	378.00	372.00	367.00	361.00	361.00	352.00	342.00	342.00	339.00	339.00	339.00	339.00	339.00	330.00	318.00	308.00	308.00	301.00
																																																																															114.00	114.00	227.00	348.00	352.00	352.00	340.00	340.00	326.00	307.00	307.00	287.00	268.00	268.00	249.00	229.00	229.00	210.00	190.00	190.00	171.00	156.00	156.00	141.00	141.00	127.00	108.00	92.00	92.00	88.00	70.00	70.00	40.00	40.00	8.00							60.00	60.00	85.00	61.00	61.00												72.00	72.00	134.00	134.00	170.00	171.00	171.00	171.00	171.00	169.00	166.00	163.00	163.00	159.00	154.00	154.00	149.00	149.00	144.00	137.00	137.00	130.00	126.00	121.00	121.00	114.00															71.00	71.00	113.00	133.00	133.00	141.00	149.00	149.00	160.00	174.00	174.00	186.00	199.00	199.00	212.00	224.00	224.00	237.00	249.00	249.00	262.00	262.00	276.00	288.00	300.00	300.00	311.00	322.00	322.00	334.00	334.00	344.00	353.00	361.00	361.00	368.00	374.00	374.00	381.00	381.00	387.00	392.00	392.00	395.00	397.00	399.00	399.00	401.00	401.00	403.00	404.00	404.00	401.00	401.00	389.00	389.00	387.00	387.00	385.00	383.00	383.00	378.00	378.00	372.00	367.00	361.00	361.00	352.00	342.00	342.00	339.00	339.00	339.00	339.00	339.00	330.00	318.00	308.00	308.00	301.00
																																																																															114.00	114.00	227.00	348.00	352.00	352.00	340.00	340.00	326.00	307.00	307.00	287.00	268.00	268.00	249.00	229.00	229.00	210.00	190.00	190.00	171.00	156.00	156.00	141.00	141.00	127.00	108.00	92.00	92.00	88.00	70.00	70.00	40.00	40.00	8.00							60.00	60.00	85.00	61.00	61.00												72.00	72.00	134.00	134.00	170.00	171.00	171.00	171.00	171.00	169.00	166.00	163.00	163.00	159.00	154.00	154.00	149.00	149.00	144.00	137.00	137.00	130.00	126.00	121.00	121.00	114.00															71.00	71.00	113.00	133.00	133.00	141.00	149.00	149.00	160.00	174.00	174.00	186.00	199.00	199.00	212.00	224.00	224.00	237.00	249.00	249.00	262.00	262.00	276.00	288.00	300.00	300.00	311.00	322.00	322.00	334.00	334.00	344.00	353.00	361.00	361.00	368.00	374.00	374.00	381.00	381.00	387.00	392.00	392.00	395.00	397.00	399.00	399.00	401.00	401.00	403.00	404.00	404.00	401.00	401.00	389.00	389.00	387.00	387.00	385.00	383.00	383.00	378.00	378.00	372.00	367.00	361.00	361.00	352.00	342.00	342.00	339.00	339.00	339.00	339.00	339.00	330.00	318.00	308.00	308.00	301.00
																																																																																		182.00	287.00	287.00	302.00	302.00	289.00	275.00	275.00	257.00	239.00	239.00	223.00	207.00	207.00	192.00	176.00	176.00	160.00	146.00	146.00	137.00	137.00	129.00	121.00	115.00	115.00	110.00	105.00	105.00	93.00	93.00	77.00	70.00					115.00	127.00	127.00	137.00	146.00	146.00	110.00												15.00	93.00	93.00	191.00	242.00	242.00	242.00	242.00	240.00	237.00	232.00	232.00	227.00	222.00	222.00	216.00	216.00	209.00	201.00	201.00	193.00	184.00	178.00	178.00	171.00	171.00	163.00												116.00	133.00	133.00	139.00	143.00	143.00	147.00	155.00	155.00	163.00	171.00	171.00	183.00	195.00	195.00	208.00	219.00	219.00	230.00	241.00	241.00	253.00	253.00	265.00	278.00	290.00	290.00	301.00	312.00	312.00	323.00	323.00	335.00	345.00	355.00	355.00	364.00	372.00	372.00	379.00	379.00	387.00	393.00	393.00	399.00	404.00	408.00	408.00	411.00	411.00	410.00	410.00	410.00	411.00	411.00	407.00	407.00	406.00	406.00	399.00	391.00	391.00	382.00	382.00	372.00	361.00	351.00	351.00	342.00	334.00	334.00	326.00	326.00	324.00	319.00	319.00	309.00	302.00	298.00	298.00	293.00
																																																																																	73.00	182.00	287.00	287.00	302.00	302.00	289.00	275.00	275.00	257.00	239.00	239.00	223.00	207.00	207.00	192.00	176.00	176.00	160.00	146.00	146.00	137.00	137.00	129.00	121.00	115.00	115.00	110.00	105.00	105.00	93.00	93.00	77.00	70.00		82.00	99.00	115.00	115.00	127.00	127.00	137.00	146.00	146.00	110.00	60.00	2.00	2.00									15.00	93.00	93.00	191.00	242.00	242.00	242.00	242.00	240.00	237.00	232.00	232.00	227.00	222.00	222.00	216.00	216.00	209.00	201.00	201.00	193.00	184.00	178.00	178.00	171.00	171.00	163.00	116.00	116.00	60.00							98.00	98.00	116.00	133.00	133.00	139.00	143.00	143.00	147.00	155.00	155.00	163.00	171.00	171.00	183.00	195.00	195.00	208.00	219.00	219.00	230.00	241.00	241.00	253.00	253.00	265.00	278.00	290.00	290.00	301.00	312.00	312.00	323.00	323.00	335.00	345.00	355.00	355.00	364.00	372.00	372.00	379.00	379.00	387.00	393.00	393.00	399.00	404.00	408.00	408.00	411.00	411.00	410.00	410.00	410.00	411.00	411.00	407.00	407.00	406.00	406.00	399.00	391.00	391.00	382.00	382.00	372.00	361.00	351.00	351.00	342.00	334.00	334.00	326.00	326.00	324.00	319.00	319.00	309.00	302.00	298.00	298.00	293.00
																																																																																	73.00	182.00	287.00	287.00	302.00	302.00	289.00	275.00	275.00	257.00	239.00	239.00	223.00	207.00	207.00	192.00	176.00	176.00	160.00	146.00	146.00	137.00	137.00	129.00	121.00	115.00	115.00	110.00	105.00	105.00	93.00	93.00	77.00	70.00		82.00	99.00	115.00	115.00	127.00	127.00	137.00	146.00	146.00	110.00	60.00	2.00	2.00									15.00	93.00	93.00	191.00	242.00	242.00	242.00	242.00	240.00	237.00	232.00	232.00	227.00	222.00	222.00	216.00	216.00	209.00	201.00	201.00	193.00	184.00	178.00	178.00	171.00	171.00	163.00	116.00	116.00	60.00							98.00	98.00	116.00	133.00	133.00	139.00	143.00	143.00	147.00	155.00	155.00	163.00	171.00	171.00	183.00	195.00	195.00	208.00	219.00	219.00	230.00	241.00	241.00	253.00	253.00	265.00	278.00	290.00	290.00	301.00	312.00	312.00	323.00	323.00	335.00	345.00	355.00	355.00	364.00	372.00	372.00	379.00	379.00	387.00	393.00	393.00	399.00	404.00	408.00	408.00	411.00	411.00	410.00	410.00	410.00	411.00	411.00	407.00	407.00	406.00	406.00	399.00	391.00	391.00	382.00	382.00	372.00	361.00	351.00	351.00	342.00	334.00	334.00	326.00	326.00	324.00	319.00	319.00	309.00	302.00	298.00	298.00	293.00
																																																																																	73.00	182.00	287.00	287.00	302.00	302.00	289.00	275.00	275.00	257.00	239.00	239.00	223.00	207.00	207.00	192.00	176.00	176.00	160.00	146.00	146.00	137.00	137.00	129.00	121.00	115.00	115.00	110.00	105.00	105.00	93.00	93.00	77.00	70.00		82.00	99.00	115.00	115.00	127.00	127.00	137.00	146.00	146.00	110.00	60.00	2.00	2.00									15.00	93.00	93.00	191.00	242.00	242.00	242.00	242.00	240.00	237.00	232.00	232.00	227.00	222.00	222.00	216.00	216.00	209.00	201.00	201.00	193.00	184.00	178.00	178.00	171.00	171.00	163.00	116.00	116.00	60.00							98.00	98.00	116.00	133.00	133.00	139.00	143.00	143.00	147.00	155.00	155.00	163.00	171.00	171.00	183.00	195.00	195.00	208.00	219.00	219.00	230.00	241.00	241.00	253.00	253.00	265.00	278.00	290.00	290.00	301.00	312.00	312.00	323.00	323.00	335.00	345.00	355.00	355.00	364.00	372.00	372.00	379.00	379.00	387.00	393.00	393.00	399.00	404.00	408.00	408.00	411.00	411.00	410.00	410.00	410.00	411.00	411.00	407.00	407.00	406.00	406.00	399.00	391.00	391.00	382.00	382.00	372.00	361.00	351.00	351.00	342.00	334.00	334.00	326.00	326.00	324.00	319.00	319.00	309.00	302.00	298.00	298.00	293.00
																																																																																0.00	0.00	51.00	166.00	166.00	250.00	250.00	265.00	254.00	254.00	242.00	227.00	227.00	214.00	202.00	202.00	191.00	181.00	181.00	170.00	161.00	161.00	154.00	154.00	150.00	149.00	148.00	148.00	149.00	150.00	150.00	153.00	153.00	160.00	168.00	177.00	177.00	185.00	191.00	191.00	197.00	197.00	207.00	219.00	219.00	230.00	222.00	222.00	222.00	241.00	241.00	199.00				136.00	237.00	237.00	286.00	286.00	323.00	324.00	324.00	324.00	324.00	321.00	317.00	312.00	312.00	306.00	299.00	299.00	292.00	292.00	283.00	274.00	274.00	264.00	255.00	245.00	245.00	236.00	236.00	227.00	217.00	217.00	199.00	192.00	193.00	193.00			184.00	178.00	178.00	176.00	174.00	174.00	172.00	174.00	174.00	175.00	177.00	177.00	183.00	188.00	188.00	194.00	207.00	207.00	219.00	231.00	231.00	241.00	250.00	250.00	260.00	260.00	271.00	283.00	295.00	295.00	307.00	318.00	318.00	329.00	329.00	340.00	352.00	363.00	363.00	373.00	382.00	382.00	390.00	390.00	398.00	404.00	404.00	408.00	410.00	411.00	411.00	410.00	410.00	408.00	409.00	409.00	411.00	411.00	406.00	406.00	399.00	399.00	390.00	385.00	385.00	379.00	379.00	373.00	367.00	361.00	361.00	354.00	346.00	346.00	339.00	339.00	332.00	325.00	325.00	317.00	308.00	303.00	303.00	299.00
																																																																																0.00	0.00	51.00	166.00	166.00	250.00	250.00	265.00	254.00	254.00	242.00	227.00	227.00	214.00	202.00	202.00	191.00	181.00	181.00	170.00	161.00	161.00	154.00	154.00	150.00	149.00	148.00	148.00	149.00	150.00	150.00	153.00	153.00	160.00	168.00	177.00	177.00	185.00	191.00	191.00	197.00	197.00	207.00	219.00	219.00	230.00	222.00	222.00	222.00	241.00	241.00	199.00				136.00	237.00	237.00	286.00	286.00	323.00	324.00	324.00	324.00	324.00	321.00	317.00	312.00	312.00	306.00	299.00	299.00	292.00	292.00	283.00	274.00	274.00	264.00	255.00	245.00	245.00	236.00	236.00	227.00	217.00	217.00	199.00	192.00	193.00	193.00			184.00	178.00	178.00	176.00	174.00	174.00	172.00	174.00	174.00	175.00	177.00	177.00	183.00	188.00	188.00	194.00	207.00	207.00	219.00	231.00	231.00	241.00	250.00	250.00	260.00	260.00	271.00	283.00	295.00	295.00	307.00	318.00	318.00	329.00	329.00	340.00	352.00	363.00	363.00	373.00	382.00	382.00	390.00	390.00	398.00	404.00	404.00	408.00	410.00	411.00	411.00	410.00	410.00	408.00	409.00	409.00	411.00	411.00	406.00	406.00	399.00	399.00	390.00	385.00	385.00	379.00	379.00	373.00	367.00	361.00	361.00	354.00	346.00	346.00	339.00	339.00	332.00	325.00	325.00	317.00	308.00	303.00	303.00	299.00
																																																																																			166.00	166.00	250.00	250.00	265.00	254.00	254.00	242.00	227.00	227.00	214.00	202.00	202.00	191.00	181.00	181.00	170.00	161.00	161.00	154.00	154.00	150.00	149.00	148.00	148.00	149.00	150.00	150.00	153.00	153.00	160.00	168.00	177.00	177.00	185.00	191.00	191.00	197.00	197.00	207.00	219.00	219.00	230.00	222.00	222.00	222.00	241.00	241.00	199.00	153.00	153.00	136.00	136.00	237.00	237.00	286.00	286.00	323.00	324.00	324.00	324.00	324.00	321.00	317.00	312.00	312.00	306.00	299.00	299.00	292.00	292.00	283.00	274.00	274.00	264.00	255.00	245.00	245.00	236.00	236.00	227.00	217.00	217.00	199.00	192.00	193.00	193.00	189.00	189.00	184.00	178.00	178.00	176.00	174.00	174.00	172.00	174.00	174.00	175.00	177.00	177.00	183.00	188.00	188.00	194.00	207.00	207.00	219.00	231.00	231.00	241.00	250.00	250.00	260.00	260.00	271.00	283.00	295.00	295.00	307.00	318.00	318.00	329.00	329.00	340.00	352.00	363.00	363.00	373.00	382.00	382.00	390.00	390.00	398.00	404.00	404.00	408.00	410.00	411.00	411.00	410.00	410.00	408.00	409.00	409.00	411.00	411.00	406.00	406.00	399.00	399.00	390.00	385.00	385.00	379.00	379.00	373.00	367.00	361.00	361.00	354.00	346.00	346.00	339.00	339.00	332.00	325.00	325.00	317.00	308.00	303.00	303.00	299.00
																																																																																			166.00	166.00	250.00	250.00	265.00	254.00	254.00	242.00	227.00	227.00	214.00	202.00	202.00	191.00	181.00	181.00	170.00	161.00	161.00	154.00	154.00	150.00	149.00	148.00	148.00	149.00	150.00	150.00	153.00	153.00	160.00	168.00	177.00	177.00	185.00	191.00	191.00	197.00	197.00	207.00	219.00	219.00	230.00	222.00	222.00	222.00	241.00	241.00	199.00	153.00	153.00	136.00	136.00	237.00	237.00	286.00	286.00	323.00	324.00	324.00	324.00	324.00	321.00	317.00	312.00	312.00	306.00	299.00	299.00	292.00	292.00	283.00	274.00	274.00	264.00	255.00	245.00	245.00	236.00	236.00	227.00	217.00	217.00	199.00	192.00	193.00	193.00	189.00	189.00	184.00	178.00	178.00	176.00	174.00	174.00	172.00	174.00	174.00	175.00	177.00	177.00	183.00	188.00	188.00	194.00	207.00	207.00	219.00	231.00	231.00	241.00	250.00	250.00	260.00	260.00	271.00	283.00	295.00	295.00	307.00	318.00	318.00	329.00	329.00	340.00	352.00	363.00	363.00	373.00	382.00	382.00	390.00	390.00	398.00	404.00	404.00	408.00	410.00	411.00	411.00	410.00	410.00	408.00	409.00	409.00	411.00	411.00	406.00	406.00	399.00	399.00	390.00	385.00	385.00	379.00	379.00	373.00	367.00	361.00	361.00	354.00	346.00	346.00	339.00	339.00	332.00	325.00	325.00	317.00	308.00	303.00	303.00	299.00
																																																																																			275.00	275.00	266.00	266.00	257.00	248.00	248.00	240.00	232.00	232.00	222.00	214.00	214.00	208.00	203.00	203.00	198.00	195.00	195.00	192.00	192.00	192.00	195.00	199.00	199.00	205.00	211.00	211.00	219.00	219.00	228.00	240.00	252.00	252.00	265.00	276.00	276.00	285.00	285.00	293.00	305.00	305.00	318.00	329.00	339.00	339.00	349.00	349.00	359.00	371.00	371.00	383.00	383.00	402.00	402.00	407.00	407.00	412.00	412.00	412.00	409.00	409.00	407.00	402.00	396.00	396.00	390.00	382.00	382.00	373.00	373.00	363.00	352.00	352.00	341.00	330.00	319.00	319.00	307.00	307.00	296.00	285.00	285.00	274.00	265.00	256.00	256.00	247.00	247.00	240.00	234.00	234.00	227.00	224.00	224.00	221.00	217.00	217.00	218.00	219.00	219.00	219.00	224.00	224.00	227.00	231.00	231.00	244.00	254.00	254.00	264.00	273.00	273.00	282.00	282.00	291.00	302.00	314.00	314.00	326.00	338.00	338.00	349.00	349.00	359.00	370.00	380.00	380.00	390.00	398.00	398.00	406.00	406.00	411.00	416.00	416.00	420.00	423.00	425.00	425.00	426.00	426.00	425.00	424.00	424.00	422.00	422.00	415.00	415.00	411.00	411.00	406.00	400.00	400.00	393.00	393.00	387.00	380.00	373.00	373.00	366.00	359.00	359.00	353.00	353.00	346.00	339.00	339.00	332.00	324.00	317.00	317.00	310.00
																																																																																		187.00	275.00	275.00	266.00	266.00	257.00	248.00	248.00	240.00	232.00	232.00	222.00	214.00	214.00	208.00	203.00	203.00	198.00	195.00	195.00	192.00	192.00	192.00	195.00	199.00	199.00	205.00	211.00	211.00	219.00	219.00	228.00	240.00	252.00	252.00	265.00	276.00	276.00	285.00	285.00	293.00	305.00	305.00	318.00	329.00	339.00	339.00	349.00	349.00	359.00	371.00	371.00	383.00	383.00	402.00	402.00	407.00	407.00	412.00	412.00	412.00	409.00	409.00	407.00	402.00	396.00	396.00	390.00	382.00	382.00	373.00	373.00	363.00	352.00	352.00	341.00	330.00	319.00	319.00	307.00	307.00	296.00	285.00	285.00	274.00	265.00	256.00	256.00	247.00	247.00	240.00	234.00	234.00	227.00	224.00	224.00	221.00	217.00	217.00	218.00	219.00	219.00	219.00	224.00	224.00	227.00	231.00	231.00	244.00	254.00	254.00	264.00	273.00	273.00	282.00	282.00	291.00	302.00	314.00	314.00	326.00	338.00	338.00	349.00	349.00	359.00	370.00	380.00	380.00	390.00	398.00	398.00	406.00	406.00	411.00	416.00	416.00	420.00	423.00	425.00	425.00	426.00	426.00	425.00	424.00	424.00	422.00	422.00	415.00	415.00	411.00	411.00	406.00	400.00	400.00	393.00	393.00	387.00	380.00	373.00	373.00	366.00	359.00	359.00	353.00	353.00	346.00	339.00	339.00	332.00	324.00	317.00	317.00	310.00
																																																																																		187.00	275.00	275.00	266.00	266.00	257.00	248.00	248.00	240.00	232.00	232.00	222.00	214.00	214.00	208.00	203.00	203.00	198.00	195.00	195.00	192.00	192.00	192.00	195.00	199.00	199.00	205.00	211.00	211.00	219.00	219.00	228.00	240.00	252.00	252.00	265.00	276.00	276.00	285.00	285.00	293.00	305.00	305.00	318.00	329.00	339.00	339.00	349.00	349.00	359.00	371.00	371.00	383.00	383.00	402.00	402.00	407.00	407.00	412.00	412.00	412.00	409.00	409.00	407.00	402.00	396.00	396.00	390.00	382.00	382.00	373.00	373.00	363.00	352.00	352.00	341.00	330.00	319.00	319.00	307.00	307.00	296.00	285.00	285.00	274.00	265.00	256.00	256.00	247.00	247.00	240.00	234.00	234.00	227.00	224.00	224.00	221.00	217.00	217.00	218.00	219.00	219.00	219.00	224.00	224.00	227.00	231.00	231.00	244.00	254.00	254.00	264.00	273.00	273.00	282.00	282.00	291.00	302.00	314.00	314.00	326.00	338.00	338.00	349.00	349.00	359.00	370.00	380.00	380.00	390.00	398.00	398.00	406.00	406.00	411.00	416.00	416.00	420.00	423.00	425.00	425.00	426.00	426.00	425.00	424.00	424.00	422.00	422.00	415.00	415.00	411.00	411.00	406.00	400.00	400.00	393.00	393.00	387.00	380.00	373.00	373.00	366.00	359.00	359.00	353.00	353.00	346.00	339.00	339.00	332.00	324.00	317.00	317.00	310.00
																																																																																		187.00	275.00	275.00	266.00	266.00	257.00	248.00	248.00	240.00	232.00	232.00	222.00	214.00	214.00	208.00	203.00	203.00	198.00	195.00	195.00	192.00	192.00	192.00	195.00	199.00	199.00	205.00	211.00	211.00	219.00	219.00	228.00	240.00	252.00	252.00	265.00	276.00	276.00	285.00	285.00	293.00	305.00	305.00	318.00	329.00	339.00	339.00	349.00	349.00	359.00	371.00	371.00	383.00	383.00	402.00	402.00	407.00	407.00	412.00	412.00	412.00	409.00	409.00	407.00	402.00	396.00	396.00	390.00	382.00	382.00	373.00	373.00	363.00	352.00	352.00	341.00	330.00	319.00	319.00	307.00	307.00	296.00	285.00	285.00	274.00	265.00	256.00	256.00	247.00	247.00	240.00	234.00	234.00	227.00	224.00	224.00	221.00	217.00	217.00	218.00	219.00	219.00	219.00	224.00	224.00	227.00	231.00	231.00	244.00	254.00	254.00	264.00	273.00	273.00	282.00	282.00	291.00	302.00	314.00	314.00	326.00	338.00	338.00	349.00	349.00	359.00	370.00	380.00	380.00	390.00	398.00	398.00	406.00	406.00	411.00	416.00	416.00	420.00	423.00	425.00	425.00	426.00	426.00	425.00	424.00	424.00	422.00	422.00	415.00	415.00	411.00	411.00	406.00	400.00	400.00	393.00	393.00	387.00	380.00	373.00	373.00	366.00	359.00	359.00	353.00	353.00	346.00	339.00	339.00	332.00	324.00	317.00	317.00	310.00
																																																																																		233.00	267.00	267.00	269.00	269.00	264.00	258.00	258.00	254.00	249.00	249.00	245.00	241.00	241.00	239.00	238.00	238.00	239.00	241.00	241.00	244.00	244.00	247.00	253.00	261.00	261.00	271.00	282.00	282.00	293.00	293.00	306.00	320.00	334.00	334.00	349.00	364.00	364.00	379.00	379.00	393.00	408.00	408.00	420.00	426.00	431.00	431.00	438.00	438.00	448.00	458.00	458.00	468.00	468.00	486.00	486.00	491.00	491.00	494.00	497.00	497.00	495.00	495.00	490.00	486.00	479.00	479.00	471.00	464.00	464.00	454.00	454.00	443.00	431.00	431.00	419.00	407.00	395.00	395.00	382.00	382.00	369.00	357.00	357.00	345.00	333.00	322.00	322.00	313.00	313.00	303.00	294.00	294.00	287.00	280.00	280.00	276.00	272.00	272.00	269.00	269.00	269.00	269.00	270.00	270.00	274.00	278.00	278.00	282.00	291.00	291.00	300.00	308.00	308.00	318.00	318.00	327.00	337.00	348.00	348.00	359.00	369.00	369.00	380.00	380.00	389.00	399.00	408.00	408.00	416.00	424.00	424.00	430.00	430.00	436.00	440.00	440.00	444.00	446.00	447.00	447.00	447.00	447.00	447.00	445.00	445.00	442.00	442.00	433.00	433.00	427.00	427.00	422.00	415.00	415.00	408.00	408.00	400.00	392.00	385.00	385.00	378.00	371.00	371.00	363.00	363.00	355.00	347.00	347.00	340.00	333.00	326.00	326.00	320.00
																																																																																	166.00	233.00	267.00	267.00	269.00	269.00	264.00	258.00	258.00	254.00	249.00	249.00	245.00	241.00	241.00	239.00	238.00	238.00	239.00	241.00	241.00	244.00	244.00	247.00	253.00	261.00	261.00	271.00	282.00	282.00	293.00	293.00	306.00	320.00	334.00	334.00	349.00	364.00	364.00	379.00	379.00	393.00	408.00	408.00	420.00	426.00	431.00	431.00	438.00	438.00	448.00	458.00	458.00	468.00	468.00	486.00	486.00	491.00	491.00	494.00	497.00	497.00	495.00	495.00	490.00	486.00	479.00	479.00	471.00	464.00	464.00	454.00	454.00	443.00	431.00	431.00	419.00	407.00	395.00	395.00	382.00	382.00	369.00	357.00	357.00	345.00	333.00	322.00	322.00	313.00	313.00	303.00	294.00	294.00	287.00	280.00	280.00	276.00	272.00	272.00	269.00	269.00	269.00	269.00	270.00	270.00	274.00	278.00	278.00	282.00	291.00	291.00	300.00	308.00	308.00	318.00	318.00	327.00	337.00	348.00	348.00	359.00	369.00	369.00	380.00	380.00	389.00	399.00	408.00	408.00	416.00	424.00	424.00	430.00	430.00	436.00	440.00	440.00	444.00	446.00	447.00	447.00	447.00	447.00	447.00	445.00	445.00	442.00	442.00	433.00	433.00	427.00	427.00	422.00	415.00	415.00	408.00	408.00	400.00	392.00	385.00	385.00	378.00	371.00	371.00	363.00	363.00	355.00	347.00	347.00	340.00	333.00	326.00	326.00	320.00
																																																																																	166.00	233.00	267.00	267.00	269.00	269.00	264.00	258.00	258.00	254.00	249.00	249.00	245.00	241.00	241.00	239.00	238.00	238.00	239.00	241.00	241.00	244.00	244.00	247.00	253.00	261.00	261.00	271.00	282.00	282.00	293.00	293.00	306.00	320.00	334.00	334.00	349.00	364.00	364.00	379.00	379.00	393.00	408.00	408.00	420.00	426.00	431.00	431.00	438.00	438.00	448.00	458.00	458.00	468.00	468.00	486.00	486.00	491.00	491.00	494.00	497.00	497.00	495.00	495.00	490.00	486.00	479.00	479.00	471.00	464.00	464.00	454.00	454.00	443.00	431.00	431.00	419.00	407.00	395.00	395.00	382.00	382.00	369.00	357.00	357.00	345.00	333.00	322.00	322.00	313.00	313.00	303.00	294.00	294.00	287.00	280.00	280.00	276.00	272.00	272.00	269.00	269.00	269.00	269.00	270.00	270.00	274.00	278.00	278.00	282.00	291.00	291.00	300.00	308.00	308.00	318.00	318.00	327.00	337.00	348.00	348.00	359.00	369.00	369.00	380.00	380.00	389.00	399.00	408.00	408.00	416.00	424.00	424.00	430.00	430.00	436.00	440.00	440.00	444.00	446.00	447.00	447.00	447.00	447.00	447.00	445.00	445.00	442.00	442.00	433.00	433.00	427.00	427.00	422.00	415.00	415.00	408.00	408.00	400.00	392.00	385.00	385.00	378.00	371.00	371.00	363.00	363.00	355.00	347.00	347.00	340.00	333.00	326.00	326.00	320.00
																																																																														30.00	146.00	146.00	237.00	293.00	289.00	289.00	285.00	285.00	282.00	280.00	280.00	279.00	278.00	278.00	278.00	277.00	277.00	278.00	281.00	281.00	285.00	291.00	291.00	298.00	298.00	306.00	316.00	326.00	326.00	338.00	351.00	351.00	365.00	365.00	380.00	396.00	412.00	412.00	429.00	445.00	445.00	461.00	461.00	478.00	492.00	492.00	507.00	518.00	521.00	521.00	524.00	524.00	528.00	535.00	535.00	542.00	542.00	555.00	555.00	561.00	561.00	564.00	566.00	566.00	569.00	569.00	566.00	560.00	554.00	554.00	546.00	537.00	537.00	528.00	528.00	517.00	504.00	504.00	492.00	479.00	466.00	466.00	454.00	454.00	441.00	427.00	427.00	414.00	402.00	390.00	390.00	378.00	378.00	368.00	357.00	357.00	349.00	342.00	342.00	335.00	330.00	330.00	327.00	324.00	324.00	323.00	324.00	324.00	324.00	328.00	328.00	333.00	338.00	338.00	346.00	354.00	354.00	363.00	363.00	372.00	380.00	389.00	389.00	398.00	407.00	407.00	415.00	415.00	424.00	433.00	441.00	441.00	447.00	454.00	454.00	459.00	459.00	463.00	467.00	467.00	470.00	471.00	471.00	471.00	470.00	470.00	468.00	465.00	465.00	461.00	461.00	449.00	449.00	442.00	442.00	435.00	427.00	427.00	418.00	418.00	409.00	400.00	391.00	391.00	382.00	373.00	373.00	365.00	365.00	358.00	350.00	350.00	343.00	335.00	327.00	327.00	320.00
																																																																														30.00	146.00	146.00	237.00	293.00	289.00	289.00	285.00	285.00	282.00	280.00	280.00	279.00	278.00	278.00	278.00	277.00	277.00	278.00	281.00	281.00	285.00	291.00	291.00	298.00	298.00	306.00	316.00	326.00	326.00	338.00	351.00	351.00	365.00	365.00	380.00	396.00	412.00	412.00	429.00	445.00	445.00	461.00	461.00	478.00	492.00	492.00	507.00	518.00	521.00	521.00	524.00	524.00	528.00	535.00	535.00	542.00	542.00	555.00	555.00	561.00	561.00	564.00	566.00	566.00	569.00	569.00	566.00	560.00	554.00	554.00	546.00	537.00	537.00	528.00	528.00	517.00	504.00	504.00	492.00	479.00	466.00	466.00	454.00	454.00	441.00	427.00	427.00	414.00	402.00	390.00	390.00	378.00	378.00	368.00	357.00	357.00	349.00	342.00	342.00	335.00	330.00	330.00	327.00	324.00	324.00	323.00	324.00	324.00	324.00	328.00	328.00	333.00	338.00	338.00	346.00	354.00	354.00	363.00	363.00	372.00	380.00	389.00	389.00	398.00	407.00	407.00	415.00	415.00	424.00	433.00	441.00	441.00	447.00	454.00	454.00	459.00	459.00	463.00	467.00	467.00	470.00	471.00	471.00	471.00	470.00	470.00	468.00	465.00	465.00	461.00	461.00	449.00	449.00	442.00	442.00	435.00	427.00	427.00	418.00	418.00	409.00	400.00	391.00	391.00	382.00	373.00	373.00	365.00	365.00	358.00	350.00	350.00	343.00	335.00	327.00	327.00	320.00
																																																																														30.00	146.00	146.00	237.00	293.00	289.00	289.00	285.00	285.00	282.00	280.00	280.00	279.00	278.00	278.00	278.00	277.00	277.00	278.00	281.00	281.00	285.00	291.00	291.00	298.00	298.00	306.00	316.00	326.00	326.00	338.00	351.00	351.00	365.00	365.00	380.00	396.00	412.00	412.00	429.00	445.00	445.00	461.00	461.00	478.00	492.00	492.00	507.00	518.00	521.00	521.00	524.00	524.00	528.00	535.00	535.00	542.00	542.00	555.00	555.00	561.00	561.00	564.00	566.00	566.00	569.00	569.00	566.00	560.00	554.00	554.00	546.00	537.00	537.00	528.00	528.00	517.00	504.00	504.00	492.00	479.00	466.00	466.00	454.00	454.00	441.00	427.00	427.00	414.00	402.00	390.00	390.00	378.00	378.00	368.00	357.00	357.00	349.00	342.00	342.00	335.00	330.00	330.00	327.00	324.00	324.00	323.00	324.00	324.00	324.00	328.00	328.00	333.00	338.00	338.00	346.00	354.00	354.00	363.00	363.00	372.00	380.00	389.00	389.00	398.00	407.00	407.00	415.00	415.00	424.00	433.00	441.00	441.00	447.00	454.00	454.00	459.00	459.00	463.00	467.00	467.00	470.00	471.00	471.00	471.00	470.00	470.00	468.00	465.00	465.00	461.00	461.00	449.00	449.00	442.00	442.00	435.00	427.00	427.00	418.00	418.00	409.00	400.00	391.00	391.00	382.00	373.00	373.00	365.00	365.00	358.00	350.00	350.00	343.00	335.00	327.00	327.00	320.00
																																																																														30.00	146.00	146.00	237.00	293.00	289.00	289.00	285.00	285.00	282.00	280.00	280.00	279.00	278.00	278.00	278.00	277.00	277.00	278.00	281.00	281.00	285.00	291.00	291.00	298.00	298.00	306.00	316.00	326.00	326.00	338.00	351.00	351.00	365.00	365.00	380.00	396.00	412.00	412.00	429.00	445.00	445.00	461.00	461.00	478.00	492.00	492.00	507.00	518.00	521.00	521.00	524.00	524.00	528.00	535.00	535.00	542.00	542.00	555.00	555.00	561.00	561.00	564.00	566.00	566.00	569.00	569.00	566.00	560.00	554.00	554.00	546.00	537.00	537.00	528.00	528.00	517.00	504.00	504.00	492.00	479.00	466.00	466.00	454.00	454.00	441.00	427.00	427.00	414.00	402.00	390.00	390.00	378.00	378.00	368.00	357.00	357.00	349.00	342.00	342.00	335.00	330.00	330.00	327.00	324.00	324.00	323.00	324.00	324.00	324.00	328.00	328.00	333.00	338.00	338.00	346.00	354.00	354.00	363.00	363.00	372.00	380.00	389.00	389.00	398.00	407.00	407.00	415.00	415.00	424.00	433.00	441.00	441.00	447.00	454.00	454.00	459.00	459.00	463.00	467.00	467.00	470.00	471.00	471.00	471.00	470.00	470.00	468.00	465.00	465.00	461.00	461.00	449.00	449.00	442.00	442.00	435.00	427.00	427.00	418.00	418.00	409.00	400.00	391.00	391.00	382.00	373.00	373.00	365.00	365.00	358.00	350.00	350.00	343.00	335.00	327.00	327.00	320.00
																																																																														171.00	288.00	288.00	307.00	307.00	308.00	308.00	308.00	308.00	308.00	309.00	309.00	311.00	313.00	313.00	316.00	318.00	318.00	321.00	325.00	325.00	332.00	340.00	340.00	350.00	350.00	360.00	372.00	385.00	385.00	399.00	413.00	413.00	427.00	427.00	442.00	459.00	477.00	477.00	494.00	511.00	511.00	526.00	526.00	542.00	560.00	560.00	574.00	588.00	599.00	599.00	599.00	599.00	599.00	601.00	601.00	605.00	605.00	614.00	614.00	618.00	618.00	621.00	623.00	623.00	624.00	624.00	626.00	623.00	615.00	615.00	607.00	598.00	598.00	588.00	588.00	579.00	568.00	568.00	555.00	542.00	529.00	529.00	516.00	516.00	503.00	491.00	491.00	477.00	464.00	452.00	452.00	440.00	440.00	429.00	420.00	420.00	411.00	402.00	402.00	395.00	388.00	388.00	383.00	381.00	381.00	378.00	377.00	377.00	378.00	379.00	379.00	383.00	389.00	389.00	395.00	402.00	402.00	410.00	410.00	417.00	425.00	432.00	432.00	439.00	446.00	446.00	452.00	452.00	458.00	465.00	472.00	472.00	478.00	482.00	482.00	485.00	485.00	488.00	490.00	490.00	491.00	492.00	490.00	490.00	488.00	488.00	483.00	478.00	478.00	472.00	472.00	459.00	459.00	452.00	452.00	444.00	434.00	434.00	425.00	425.00	415.00	405.00	395.00	395.00	386.00	377.00	377.00	368.00	368.00	360.00	351.00	351.00	343.00	336.00	330.00	330.00	323.00
																																																																														171.00	288.00	288.00	307.00	307.00	308.00	308.00	308.00	308.00	308.00	309.00	309.00	311.00	313.00	313.00	316.00	318.00	318.00	321.00	325.00	325.00	332.00	340.00	340.00	350.00	350.00	360.00	372.00	385.00	385.00	399.00	413.00	413.00	427.00	427.00	442.00	459.00	477.00	477.00	494.00	511.00	511.00	526.00	526.00	542.00	560.00	560.00	574.00	588.00	599.00	599.00	599.00	599.00	599.00	601.00	601.00	605.00	605.00	614.00	614.00	618.00	618.00	621.00	623.00	623.00	624.00	624.00	626.00	623.00	615.00	615.00	607.00	598.00	598.00	588.00	588.00	579.00	568.00	568.00	555.00	542.00	529.00	529.00	516.00	516.00	503.00	491.00	491.00	477.00	464.00	452.00	452.00	440.00	440.00	429.00	420.00	420.00	411.00	402.00	402.00	395.00	388.00	388.00	383.00	381.00	381.00	378.00	377.00	377.00	378.00	379.00	379.00	383.00	389.00	389.00	395.00	402.00	402.00	410.00	410.00	417.00	425.00	432.00	432.00	439.00	446.00	446.00	452.00	452.00	458.00	465.00	472.00	472.00	478.00	482.00	482.00	485.00	485.00	488.00	490.00	490.00	491.00	492.00	490.00	490.00	488.00	488.00	483.00	478.00	478.00	472.00	472.00	459.00	459.00	452.00	452.00	444.00	434.00	434.00	425.00	425.00	415.00	405.00	395.00	395.00	386.00	377.00	377.00	368.00	368.00	360.00	351.00	351.00	343.00	336.00	330.00	330.00	323.00
																																																																													176.00	268.00	310.00	310.00	317.00	321.00	325.00	325.00	329.00	329.00	333.00	337.00	337.00	342.00	347.00	347.00	352.00	358.00	358.00	362.00	367.00	367.00	372.00	382.00	382.00	393.00	393.00	404.00	417.00	431.00	431.00	446.00	459.00	459.00	474.00	474.00	489.00	505.00	522.00	522.00	539.00	554.00	554.00	568.00	568.00	583.00	598.00	598.00	613.00	627.00	642.00	642.00	655.00	655.00	655.00	654.00	654.00	654.00	654.00	664.00	664.00	667.00	667.00	667.00	667.00	667.00	667.00	667.00	666.00	665.00	661.00	661.00	653.00	644.00	644.00	635.00	635.00	625.00	615.00	615.00	604.00	591.00	579.00	579.00	566.00	566.00	554.00	542.00	542.00	530.00	517.00	504.00	504.00	493.00	493.00	482.00	473.00	473.00	465.00	457.00	457.00	449.00	443.00	443.00	438.00	434.00	434.00	431.00	428.00	428.00	426.00	428.00	428.00	431.00	435.00	435.00	442.00	449.00	449.00	454.00	454.00	460.00	466.00	472.00	472.00	478.00	483.00	483.00	488.00	488.00	493.00	498.00	503.00	503.00	505.00	507.00	507.00	508.00	508.00	508.00	509.00	509.00	508.00	507.00	505.00	505.00	499.00	499.00	494.00	488.00	488.00	481.00	481.00	466.00	466.00	457.00	457.00	448.00	438.00	438.00	429.00	429.00	419.00	410.00	400.00	400.00	390.00	381.00	381.00	371.00	371.00	362.00	354.00	354.00	347.00	339.00	332.00	332.00	326.00
																																																																												176.00	176.00	268.00	310.00	310.00	317.00	321.00	325.00	325.00	329.00	329.00	333.00	337.00	337.00	342.00	347.00	347.00	352.00	358.00	358.00	362.00	367.00	367.00	372.00	382.00	382.00	393.00	393.00	404.00	417.00	431.00	431.00	446.00	459.00	459.00	474.00	474.00	489.00	505.00	522.00	522.00	539.00	554.00	554.00	568.00	568.00	583.00	598.00	598.00	613.00	627.00	642.00	642.00	655.00	655.00	655.00	654.00	654.00	654.00	654.00	664.00	664.00	667.00	667.00	667.00	667.00	667.00	667.00	667.00	666.00	665.00	661.00	661.00	653.00	644.00	644.00	635.00	635.00	625.00	615.00	615.00	604.00	591.00	579.00	579.00	566.00	566.00	554.00	542.00	542.00	530.00	517.00	504.00	504.00	493.00	493.00	482.00	473.00	473.00	465.00	457.00	457.00	449.00	443.00	443.00	438.00	434.00	434.00	431.00	428.00	428.00	426.00	428.00	428.00	431.00	435.00	435.00	442.00	449.00	449.00	454.00	454.00	460.00	466.00	472.00	472.00	478.00	483.00	483.00	488.00	488.00	493.00	498.00	503.00	503.00	505.00	507.00	507.00	508.00	508.00	508.00	509.00	509.00	508.00	507.00	505.00	505.00	499.00	499.00	494.00	488.00	488.00	481.00	481.00	466.00	466.00	457.00	457.00	448.00	438.00	438.00	429.00	429.00	419.00	410.00	400.00	400.00	390.00	381.00	381.00	371.00	371.00	362.00	354.00	354.00	347.00	339.00	332.00	332.00	326.00
																																																																												176.00	176.00	268.00	310.00	310.00	317.00	321.00	325.00	325.00	329.00	329.00	333.00	337.00	337.00	342.00	347.00	347.00	352.00	358.00	358.00	362.00	367.00	367.00	372.00	382.00	382.00	393.00	393.00	404.00	417.00	431.00	431.00	446.00	459.00	459.00	474.00	474.00	489.00	505.00	522.00	522.00	539.00	554.00	554.00	568.00	568.00	583.00	598.00	598.00	613.00	627.00	642.00	642.00	655.00	655.00	655.00	654.00	654.00	654.00	654.00	664.00	664.00	667.00	667.00	667.00	667.00	667.00	667.00	667.00	666.00	665.00	661.00	661.00	653.00	644.00	644.00	635.00	635.00	625.00	615.00	615.00	604.00	591.00	579.00	579.00	566.00	566.00	554.00	542.00	542.00	530.00	517.00	504.00	504.00	493.00	493.00	482.00	473.00	473.00	465.00	457.00	457.00	449.00	443.00	443.00	438.00	434.00	434.00	431.00	428.00	428.00	426.00	428.00	428.00	431.00	435.00	435.00	442.00	449.00	449.00	454.00	454.00	460.00	466.00	472.00	472.00	478.00	483.00	483.00	488.00	488.00	493.00	498.00	503.00	503.00	505.00	507.00	507.00	508.00	508.00	508.00	509.00	509.00	508.00	507.00	505.00	505.00	499.00	499.00	494.00	488.00	488.00	481.00	481.00	466.00	466.00	457.00	457.00	448.00	438.00	438.00	429.00	429.00	419.00	410.00	400.00	400.00	390.00	381.00	381.00	371.00	371.00	362.00	354.00	354.00	347.00	339.00	332.00	332.00	326.00
																																																																												176.00	176.00	268.00	310.00	310.00	317.00	321.00	325.00	325.00	329.00	329.00	333.00	337.00	337.00	342.00	347.00	347.00	352.00	358.00	358.00	362.00	367.00	367.00	372.00	382.00	382.00	393.00	393.00	404.00	417.00	431.00	431.00	446.00	459.00	459.00	474.00	474.00	489.00	505.00	522.00	522.00	539.00	554.00	554.00	568.00	568.00	583.00	598.00	598.00	613.00	627.00	642.00	642.00	655.00	655.00	655.00	654.00	654.00	654.00	654.00	664.00	664.00	667.00	667.00	667.00	667.00	667.00	667.00	667.00	666.00	665.00	661.00	661.00	653.00	644.00	644.00	635.00	635.00	625.00	615.00	615.00	604.00	591.00	579.00	579.00	566.00	566.00	554.00	542.00	542.00	530.00	517.00	504.00	504.00	493.00	493.00	482.00	473.00	473.00	465.00	457.00	457.00	449.00	443.00	443.00	438.00	434.00	434.00	431.00	428.00	428.00	426.00	428.00	428.00	431.00	435.00	435.00	442.00	449.00	449.00	454.00	454.00	460.00	466.00	472.00	472.00	478.00	483.00	483.00	488.00	488.00	493.00	498.00	503.00	503.00	505.00	507.00	507.00	508.00	508.00	508.00	509.00	509.00	508.00	507.00	505.00	505.00	499.00	499.00	494.00	488.00	488.00	481.00	481.00	466.00	466.00	457.00	457.00	448.00	438.00	438.00	429.00	429.00	419.00	410.00	400.00	400.00	390.00	381.00	381.00	371.00	371.00	362.00	354.00	354.00	347.00	339.00	332.00	332.00	326.00
																																																																										139.00	139.00	238.00	238.00	304.00	328.00	328.00	333.00	338.00	344.00	344.00	349.00	349.00	355.00	362.00	362.00	368.00	374.00	374.00	381.00	388.00	388.00	396.00	401.00	401.00	407.00	413.00	413.00	424.00	424.00	435.00	446.00	459.00	459.00	474.00	489.00	489.00	503.00	503.00	517.00	532.00	547.00	547.00	563.00	579.00	579.00	593.00	593.00	607.00	620.00	620.00	633.00	646.00	660.00	660.00	674.00	674.00	685.00	685.00	685.00	685.00	685.00	690.00	690.00	695.00	695.00	697.00	695.00	695.00	694.00	694.00	694.00	691.00	689.00	689.00	684.00	674.00	674.00	665.00	665.00	657.00	647.00	647.00	638.00	627.00	615.00	615.00	603.00	603.00	590.00	579.00	579.00	568.00	556.00	544.00	544.00	533.00	533.00	523.00	514.00	514.00	506.00	499.00	499.00	492.00	486.00	486.00	481.00	478.00	478.00	475.00	473.00	473.00	470.00	468.00	468.00	471.00	475.00	475.00	479.00	485.00	485.00	491.00	491.00	496.00	501.00	506.00	506.00	510.00	514.00	514.00	518.00	518.00	521.00	525.00	528.00	528.00	528.00	526.00	526.00	523.00	523.00	521.00	520.00	520.00	518.00	515.00	511.00	511.00	507.00	507.00	500.00	493.00	493.00	486.00	486.00	468.00	468.00	459.00	459.00	449.00	439.00	439.00	429.00	429.00	419.00	409.00	400.00	400.00	390.00	380.00	380.00	371.00	371.00	362.00	353.00	353.00	346.00	339.00	332.00	332.00	326.00
																																																																										139.00	139.00	238.00	238.00	304.00	328.00	328.00	333.00	338.00	344.00	344.00	349.00	349.00	355.00	362.00	362.00	368.00	374.00	374.00	381.00	388.00	388.00	396.00	401.00	401.00	407.00	413.00	413.00	424.00	424.00	435.00	446.00	459.00	459.00	474.00	489.00	489.00	503.00	503.00	517.00	532.00	547.00	547.00	563.00	579.00	579.00	593.00	593.00	607.00	620.00	620.00	633.00	646.00	660.00	660.00	674.00	674.00	685.00	685.00	685.00	685.00	685.00	690.00	690.00	695.00	695.00	697.00	695.00	695.00	694.00	694.00	694.00	691.00	689.00	689.00	684.00	674.00	674.00	665.00	665.00	657.00	647.00	647.00	638.00	627.00	615.00	615.00	603.00	603.00	590.00	579.00	579.00	568.00	556.00	544.00	544.00	533.00	533.00	523.00	514.00	514.00	506.00	499.00	499.00	492.00	486.00	486.00	481.00	478.00	478.00	475.00	473.00	473.00	470.00	468.00	468.00	471.00	475.00	475.00	479.00	485.00	485.00	491.00	491.00	496.00	501.00	506.00	506.00	510.00	514.00	514.00	518.00	518.00	521.00	525.00	528.00	528.00	528.00	526.00	526.00	523.00	523.00	521.00	520.00	520.00	518.00	515.00	511.00	511.00	507.00	507.00	500.00	493.00	493.00	486.00	486.00	468.00	468.00	459.00	459.00	449.00	439.00	439.00	429.00	429.00	419.00	409.00	400.00	400.00	390.00	380.00	380.00	371.00	371.00	362.00	353.00	353.00	346.00	339.00	332.00	332.00	326.00
																																																																										139.00	139.00	238.00	238.00	304.00	328.00	328.00	333.00	338.00	344.00	344.00	349.00	349.00	355.00	362.00	362.00	368.00	374.00	374.00	381.00	388.00	388.00	396.00	401.00	401.00	407.00	413.00	413.00	424.00	424.00	435.00	446.00	459.00	459.00	474.00	489.00	489.00	503.00	503.00	517.00	532.00	547.00	547.00	563.00	579.00	579.00	593.00	593.00	607.00	620.00	620.00	633.00	646.00	660.00	660.00	674.00	674.00	685.00	685.00	685.00	685.00	685.00	690.00	690.00	695.00	695.00	697.00	695.00	695.00	694.00	694.00	694.00	691.00	689.00	689.00	684.00	674.00	674.00	665.00	665.00	657.00	647.00	647.00	638.00	627.00	615.00	615.00	603.00	603.00	590.00	579.00	579.00	568.00	556.00	544.00	544.00	533.00	533.00	523.00	514.00	514.00	506.00	499.00	499.00	492.00	486.00	486.00	481.00	478.00	478.00	475.00	473.00	473.00	470.00	468.00	468.00	471.00	475.00	475.00	479.00	485.00	485.00	491.00	491.00	496.00	501.00	506.00	506.00	510.00	514.00	514.00	518.00	518.00	521.00	525.00	528.00	528.00	528.00	526.00	526.00	523.00	523.00	521.00	520.00	520.00	518.00	515.00	511.00	511.00	507.00	507.00	500.00	493.00	493.00	486.00	486.00	468.00	468.00	459.00	459.00	449.00	439.00	439.00	429.00	429.00	419.00	409.00	400.00	400.00	390.00	380.00	380.00	371.00	371.00	362.00	353.00	353.00	346.00	339.00	332.00	332.00	326.00
																																																																									133.00	252.00	252.00	325.00	325.00	331.00	338.00	338.00	346.00	353.00	360.00	360.00	367.00	367.00	373.00	381.00	381.00	388.00	396.00	396.00	403.00	410.00	410.00	418.00	426.00	426.00	434.00	444.00	444.00	453.00	453.00	460.00	466.00	473.00	473.00	486.00	500.00	500.00	514.00	514.00	527.00	541.00	554.00	554.00	569.00	583.00	583.00	598.00	598.00	611.00	624.00	624.00	637.00	649.00	661.00	661.00	672.00	672.00	682.00	690.00	690.00	695.00	695.00	705.00	705.00	707.00	707.00	708.00	707.00	707.00	706.00	706.00	705.00	704.00	699.00	699.00	694.00	688.00	688.00	681.00	681.00	674.00	666.00	666.00	657.00	649.00	639.00	639.00	627.00	627.00	616.00	605.00	605.00	593.00	581.00	571.00	571.00	562.00	562.00	554.00	546.00	546.00	537.00	528.00	528.00	522.00	517.00	517.00	512.00	508.00	508.00	506.00	505.00	505.00	504.00	504.00	504.00	502.00	504.00	504.00	507.00	510.00	510.00	516.00	516.00	522.00	526.00	529.00	529.00	532.00	534.00	534.00	537.00	537.00	538.00	541.00	542.00	542.00	543.00	540.00	540.00	534.00	534.00	527.00	522.00	522.00	518.00	514.00	509.00	509.00	504.00	504.00	499.00	491.00	491.00	482.00	482.00	465.00	465.00	456.00	456.00	447.00	436.00	436.00	425.00	425.00	414.00	404.00	394.00	394.00	385.00	376.00	376.00	367.00	367.00	359.00	351.00	351.00	344.00	337.00	330.00	330.00	324.00
																																																																									133.00	252.00	252.00	325.00	325.00	331.00	338.00	338.00	346.00	353.00	360.00	360.00	367.00	367.00	373.00	381.00	381.00	388.00	396.00	396.00	403.00	410.00	410.00	418.00	426.00	426.00	434.00	444.00	444.00	453.00	453.00	460.00	466.00	473.00	473.00	486.00	500.00	500.00	514.00	514.00	527.00	541.00	554.00	554.00	569.00	583.00	583.00	598.00	598.00	611.00	624.00	624.00	637.00	649.00	661.00	661.00	672.00	672.00	682.00	690.00	690.00	695.00	695.00	705.00	705.00	707.00	707.00	708.00	707.00	707.00	706.00	706.00	705.00	704.00	699.00	699.00	694.00	688.00	688.00	681.00	681.00	674.00	666.00	666.00	657.00	649.00	639.00	639.00	627.00	627.00	616.00	605.00	605.00	593.00	581.00	571.00	571.00	562.00	562.00	554.00	546.00	546.00	537.00	528.00	528.00	522.00	517.00	517.00	512.00	508.00	508.00	506.00	505.00	505.00	504.00	504.00	504.00	502.00	504.00	504.00	507.00	510.00	510.00	516.00	516.00	522.00	526.00	529.00	529.00	532.00	534.00	534.00	537.00	537.00	538.00	541.00	542.00	542.00	543.00	540.00	540.00	534.00	534.00	527.00	522.00	522.00	518.00	514.00	509.00	509.00	504.00	504.00	499.00	491.00	491.00	482.00	482.00	465.00	465.00	456.00	456.00	447.00	436.00	436.00	425.00	425.00	414.00	404.00	394.00	394.00	385.00	376.00	376.00	367.00	367.00	359.00	351.00	351.00	344.00	337.00	330.00	330.00	324.00
																																																																									133.00	252.00	252.00	325.00	325.00	331.00	338.00	338.00	346.00	353.00	360.00	360.00	367.00	367.00	373.00	381.00	381.00	388.00	396.00	396.00	403.00	410.00	410.00	418.00	426.00	426.00	434.00	444.00	444.00	453.00	453.00	460.00	466.00	473.00	473.00	486.00	500.00	500.00	514.00	514.00	527.00	541.00	554.00	554.00	569.00	583.00	583.00	598.00	598.00	611.00	624.00	624.00	637.00	649.00	661.00	661.00	672.00	672.00	682.00	690.00	690.00	695.00	695.00	705.00	705.00	707.00	707.00	708.00	707.00	707.00	706.00	706.00	705.00	704.00	699.00	699.00	694.00	688.00	688.00	681.00	681.00	674.00	666.00	666.00	657.00	649.00	639.00	639.00	627.00	627.00	616.00	605.00	605.00	593.00	581.00	571.00	571.00	562.00	562.00	554.00	546.00	546.00	537.00	528.00	528.00	522.00	517.00	517.00	512.00	508.00	508.00	506.00	505.00	505.00	504.00	504.00	504.00	502.00	504.00	504.00	507.00	510.00	510.00	516.00	516.00	522.00	526.00	529.00	529.00	532.00	534.00	534.00	537.00	537.00	538.00	541.00	542.00	542.00	543.00	540.00	540.00	534.00	534.00	527.00	522.00	522.00	518.00	514.00	509.00	509.00	504.00	504.00	499.00	491.00	491.00	482.00	482.00	465.00	465.00	456.00	456.00	447.00	436.00	436.00	425.00	425.00	414.00	404.00	394.00	394.00	385.00	376.00	376.00	367.00	367.00	359.00	351.00	351.00	344.00	337.00	330.00	330.00	324.00
																																																																									133.00	252.00	252.00	325.00	325.00	331.00	338.00	338.00	346.00	353.00	360.00	360.00	367.00	367.00	373.00	381.00	381.00	388.00	396.00	396.00	403.00	410.00	410.00	418.00	426.00	426.00	434.00	444.00	444.00	453.00	453.00	460.00	466.00	473.00	473.00	486.00	500.00	500.00	514.00	514.00	527.00	541.00	554.00	554.00	569.00	583.00	583.00	598.00	598.00	611.00	624.00	624.00	637.00	649.00	661.00	661.00	672.00	672.00	682.00	690.00	690.00	695.00	695.00	705.00	705.00	707.00	707.00	708.00	707.00	707.00	706.00	706.00	705.00	704.00	699.00	699.00	694.00	688.00	688.00	681.00	681.00	674.00	666.00	666.00	657.00	649.00	639.00	639.00	627.00	627.00	616.00	605.00	605.00	593.00	581.00	571.00	571.00	562.00	562.00	554.00	546.00	546.00	537.00	528.00	528.00	522.00	517.00	517.00	512.00	508.00	508.00	506.00	505.00	505.00	504.00	504.00	504.00	502.00	504.00	504.00	507.00	510.00	510.00	516.00	516.00	522.00	526.00	529.00	529.00	532.00	534.00	534.00	537.00	537.00	538.00	541.00	542.00	542.00	543.00	540.00	540.00	534.00	534.00	527.00	522.00	522.00	518.00	514.00	509.00	509.00	504.00	504.00	499.00	491.00	491.00	482.00	482.00	465.00	465.00	456.00	456.00	447.00	436.00	436.00	425.00	425.00	414.00	404.00	394.00	394.00	385.00	376.00	376.00	367.00	367.00	359.00	351.00	351.00	344.00	337.00	330.00	330.00	324.00
																																																																									284.00	317.00	317.00	324.00	324.00	333.00	341.00	341.00	350.00	359.00	367.00	367.00	375.00	375.00	383.00	391.00	391.00	399.00	407.00	407.00	415.00	422.00	422.00	429.00	436.00	436.00	444.00	452.00	452.00	461.00	461.00	469.00	475.00	482.00	482.00	490.00	501.00	501.00	512.00	512.00	523.00	536.00	549.00	549.00	562.00	575.00	575.00	589.00	589.00	602.00	615.00	615.00	628.00	641.00	652.00	652.00	664.00	664.00	674.00	683.00	683.00	692.00	692.00	704.00	704.00	710.00	710.00	712.00	712.00	712.00	711.00	711.00	709.00	707.00	705.00	705.00	700.00	696.00	696.00	690.00	690.00	682.00	674.00	674.00	666.00	657.00	649.00	649.00	640.00	640.00	629.00	620.00	620.00	610.00	600.00	591.00	591.00	584.00	584.00	575.00	567.00	567.00	559.00	553.00	553.00	548.00	543.00	543.00	536.00	531.00	531.00	530.00	531.00	531.00	533.00	531.00	531.00	527.00	525.00	525.00	528.00	532.00	532.00	536.00	536.00	540.00	542.00	543.00	543.00	544.00	545.00	545.00	546.00	546.00	549.00	552.00	552.00	552.00	549.00	545.00	545.00	539.00	539.00	529.00	520.00	520.00	515.00	510.00	502.00	502.00	493.00	493.00	487.00	480.00	480.00	472.00	472.00	455.00	455.00	445.00	445.00	436.00	427.00	427.00	416.00	416.00	406.00	396.00	387.00	387.00	377.00	368.00	368.00	360.00	360.00	352.00	344.00	344.00	338.00	332.00	326.00	326.00	320.00
																																																																									284.00	317.00	317.00	324.00	324.00	333.00	341.00	341.00	350.00	359.00	367.00	367.00	375.00	375.00	383.00	391.00	391.00	399.00	407.00	407.00	415.00	422.00	422.00	429.00	436.00	436.00	444.00	452.00	452.00	461.00	461.00	469.00	475.00	482.00	482.00	490.00	501.00	501.00	512.00	512.00	523.00	536.00	549.00	549.00	562.00	575.00	575.00	589.00	589.00	602.00	615.00	615.00	628.00	641.00	652.00	652.00	664.00	664.00	674.00	683.00	683.00	692.00	692.00	704.00	704.00	710.00	710.00	712.00	712.00	712.00	711.00	711.00	709.00	707.00	705.00	705.00	700.00	696.00	696.00	690.00	690.00	682.00	674.00	674.00	666.00	657.00	649.00	649.00	640.00	640.00	629.00	620.00	620.00	610.00	600.00	591.00	591.00	584.00	584.00	575.00	567.00	567.00	559.00	553.00	553.00	548.00	543.00	543.00	536.00	531.00	531.00	530.00	531.00	531.00	533.00	531.00	531.00	527.00	525.00	525.00	528.00	532.00	532.00	536.00	536.00	540.00	542.00	543.00	543.00	544.00	545.00	545.00	546.00	546.00	549.00	552.00	552.00	552.00	549.00	545.00	545.00	539.00	539.00	529.00	520.00	520.00	515.00	510.00	502.00	502.00	493.00	493.00	487.00	480.00	480.00	472.00	472.00	455.00	455.00	445.00	445.00	436.00	427.00	427.00	416.00	416.00	406.00	396.00	387.00	387.00	377.00	368.00	368.00	360.00	360.00	352.00	344.00	344.00	338.00	332.00	326.00	326.00	320.00
																																																																									284.00	317.00	317.00	324.00	324.00	333.00	341.00	341.00	350.00	359.00	367.00	367.00	375.00	375.00	383.00	391.00	391.00	399.00	407.00	407.00	415.00	422.00	422.00	429.00	436.00	436.00	444.00	452.00	452.00	461.00	461.00	469.00	475.00	482.00	482.00	490.00	501.00	501.00	512.00	512.00	523.00	536.00	549.00	549.00	562.00	575.00	575.00	589.00	589.00	602.00	615.00	615.00	628.00	641.00	652.00	652.00	664.00	664.00	674.00	683.00	683.00	692.00	692.00	704.00	704.00	710.00	710.00	712.00	712.00	712.00	711.00	711.00	709.00	707.00	705.00	705.00	700.00	696.00	696.00	690.00	690.00	682.00	674.00	674.00	666.00	657.00	649.00	649.00	640.00	640.00	629.00	620.00	620.00	610.00	600.00	591.00	591.00	584.00	584.00	575.00	567.00	567.00	559.00	553.00	553.00	548.00	543.00	543.00	536.00	531.00	531.00	530.00	531.00	531.00	533.00	531.00	531.00	527.00	525.00	525.00	528.00	532.00	532.00	536.00	536.00	540.00	542.00	543.00	543.00	544.00	545.00	545.00	546.00	546.00	549.00	552.00	552.00	552.00	549.00	545.00	545.00	539.00	539.00	529.00	520.00	520.00	515.00	510.00	502.00	502.00	493.00	493.00	487.00	480.00	480.00	472.00	472.00	455.00	455.00	445.00	445.00	436.00	427.00	427.00	416.00	416.00	406.00	396.00	387.00	387.00	377.00	368.00	368.00	360.00	360.00	352.00	344.00	344.00	338.00	332.00	326.00	326.00	320.00
																																																																									284.00	317.00	317.00	324.00	324.00	333.00	341.00	341.00	350.00	359.00	367.00	367.00	375.00	375.00	383.00	391.00	391.00	399.00	407.00	407.00	415.00	422.00	422.00	429.00	436.00	436.00	444.00	452.00	452.00	461.00	461.00	469.00	475.00	482.00	482.00	490.00	501.00	501.00	512.00	512.00	523.00	536.00	549.00	549.00	562.00	575.00	575.00	589.00	589.00	602.00	615.00	615.00	628.00	641.00	652.00	652.00	664.00	664.00	674.00	683.00	683.00	692.00	692.00	704.00	704.00	710.00	710.00	712.00	712.00	712.00	711.00	711.00	709.00	707.00	705.00	705.00	700.00	696.00	696.00	690.00	690.00	682.00	674.00	674.00	666.00	657.00	649.00	649.00	640.00	640.00	629.00	620.00	620.00	610.00	600.00	591.00	591.00	584.00	584.00	575.00	567.00	567.00	559.00	553.00	553.00	548.00	543.00	543.00	536.00	531.00	531.00	530.00	531.00	531.00	533.00	531.00	531.00	527.00	525.00	525.00	528.00	532.00	532.00	536.00	536.00	540.00	542.00	543.00	543.00	544.00	545.00	545.00	546.00	546.00	549.00	552.00	552.00	552.00	549.00	545.00	545.00	539.00	539.00	529.00	520.00	520.00	515.00	510.00	502.00	502.00	493.00	493.00	487.00	480.00	480.00	472.00	472.00	455.00	455.00	445.00	445.00	436.00	427.00	427.00	416.00	416.00	406.00	396.00	387.00	387.00	377.00	368.00	368.00	360.00	360.00	352.00	344.00	344.00	338.00	332.00	326.00	326.00	320.00
																																																																								211.00	274.00	307.00	307.00	316.00	316.00	326.00	335.00	335.00	345.00	354.00	365.00	365.00	374.00	374.00	382.00	391.00	391.00	398.00	407.00	407.00	415.00	422.00	422.00	429.00	436.00	436.00	442.00	450.00	450.00	457.00	457.00	465.00	472.00	479.00	479.00	487.00	495.00	495.00	504.00	504.00	514.00	523.00	535.00	535.00	547.00	558.00	558.00	572.00	572.00	586.00	601.00	601.00	612.00	623.00	634.00	634.00	646.00	646.00	659.00	672.00	672.00	680.00	680.00	696.00	696.00	703.00	703.00	709.00	713.00	713.00	711.00	711.00	709.00	707.00	703.00	703.00	700.00	695.00	695.00	689.00	689.00	683.00	675.00	675.00	667.00	658.00	649.00	649.00	641.00	641.00	631.00	621.00	621.00	613.00	605.00	596.00	596.00	587.00	587.00	579.00	572.00	572.00	565.00	559.00	559.00	554.00	551.00	551.00	548.00	545.00	545.00	543.00	542.00	542.00	542.00	542.00	542.00	542.00	542.00	542.00	543.00	545.00	545.00	546.00	546.00	548.00	549.00	548.00	548.00	548.00	548.00	548.00	550.00	550.00	553.00	553.00	550.00	550.00	546.00	541.00	541.00	535.00	535.00	529.00	526.00	526.00	523.00	513.00	497.00	497.00	481.00	481.00	470.00	463.00	463.00	456.00	456.00	439.00	439.00	430.00	430.00	422.00	413.00	413.00	404.00	404.00	395.00	386.00	378.00	378.00	369.00	359.00	359.00	350.00	350.00	343.00	337.00	337.00	331.00	326.00	321.00	321.00	315.00
																																																																								211.00	274.00	307.00	307.00	316.00	316.00	326.00	335.00	335.00	345.00	354.00	365.00	365.00	374.00	374.00	382.00	391.00	391.00	398.00	407.00	407.00	415.00	422.00	422.00	429.00	436.00	436.00	442.00	450.00	450.00	457.00	457.00	465.00	472.00	479.00	479.00	487.00	495.00	495.00	504.00	504.00	514.00	523.00	535.00	535.00	547.00	558.00	558.00	572.00	572.00	586.00	601.00	601.00	612.00	623.00	634.00	634.00	646.00	646.00	659.00	672.00	672.00	680.00	680.00	696.00	696.00	703.00	703.00	709.00	713.00	713.00	711.00	711.00	709.00	707.00	703.00	703.00	700.00	695.00	695.00	689.00	689.00	683.00	675.00	675.00	667.00	658.00	649.00	649.00	641.00	641.00	631.00	621.00	621.00	613.00	605.00	596.00	596.00	587.00	587.00	579.00	572.00	572.00	565.00	559.00	559.00	554.00	551.00	551.00	548.00	545.00	545.00	543.00	542.00	542.00	542.00	542.00	542.00	542.00	542.00	542.00	543.00	545.00	545.00	546.00	546.00	548.00	549.00	548.00	548.00	548.00	548.00	548.00	550.00	550.00	553.00	553.00	550.00	550.00	546.00	541.00	541.00	535.00	535.00	529.00	526.00	526.00	523.00	513.00	497.00	497.00	481.00	481.00	470.00	463.00	463.00	456.00	456.00	439.00	439.00	430.00	430.00	422.00	413.00	413.00	404.00	404.00	395.00	386.00	378.00	378.00	369.00	359.00	359.00	350.00	350.00	343.00	337.00	337.00	331.00	326.00	321.00	321.00	315.00
																																																																							133.00	211.00	274.00	307.00	307.00	316.00	316.00	326.00	335.00	335.00	345.00	354.00	365.00	365.00	374.00	374.00	382.00	391.00	391.00	398.00	407.00	407.00	415.00	422.00	422.00	429.00	436.00	436.00	442.00	450.00	450.00	457.00	457.00	465.00	472.00	479.00	479.00	487.00	495.00	495.00	504.00	504.00	514.00	523.00	535.00	535.00	547.00	558.00	558.00	572.00	572.00	586.00	601.00	601.00	612.00	623.00	634.00	634.00	646.00	646.00	659.00	672.00	672.00	680.00	680.00	696.00	696.00	703.00	703.00	709.00	713.00	713.00	711.00	711.00	709.00	707.00	703.00	703.00	700.00	695.00	695.00	689.00	689.00	683.00	675.00	675.00	667.00	658.00	649.00	649.00	641.00	641.00	631.00	621.00	621.00	613.00	605.00	596.00	596.00	587.00	587.00	579.00	572.00	572.00	565.00	559.00	559.00	554.00	551.00	551.00	548.00	545.00	545.00	543.00	542.00	542.00	542.00	542.00	542.00	542.00	542.00	542.00	543.00	545.00	545.00	546.00	546.00	548.00	549.00	548.00	548.00	548.00	548.00	548.00	550.00	550.00	553.00	553.00	550.00	550.00	546.00	541.00	541.00	535.00	535.00	529.00	526.00	526.00	523.00	513.00	497.00	497.00	481.00	481.00	470.00	463.00	463.00	456.00	456.00	439.00	439.00	430.00	430.00	422.00	413.00	413.00	404.00	404.00	395.00	386.00	378.00	378.00	369.00	359.00	359.00	350.00	350.00	343.00	337.00	337.00	331.00	326.00	321.00	321.00	315.00
																																																																							133.00	211.00	274.00	307.00	307.00	316.00	316.00	326.00	335.00	335.00	345.00	354.00	365.00	365.00	374.00	374.00	382.00	391.00	391.00	398.00	407.00	407.00	415.00	422.00	422.00	429.00	436.00	436.00	442.00	450.00	450.00	457.00	457.00	465.00	472.00	479.00	479.00	487.00	495.00	495.00	504.00	504.00	514.00	523.00	535.00	535.00	547.00	558.00	558.00	572.00	572.00	586.00	601.00	601.00	612.00	623.00	634.00	634.00	646.00	646.00	659.00	672.00	672.00	680.00	680.00	696.00	696.00	703.00	703.00	709.00	713.00	713.00	711.00	711.00	709.00	707.00	703.00	703.00	700.00	695.00	695.00	689.00	689.00	683.00	675.00	675.00	667.00	658.00	649.00	649.00	641.00	641.00	631.00	621.00	621.00	613.00	605.00	596.00	596.00	587.00	587.00	579.00	572.00	572.00	565.00	559.00	559.00	554.00	551.00	551.00	548.00	545.00	545.00	543.00	542.00	542.00	542.00	542.00	542.00	542.00	542.00	542.00	543.00	545.00	545.00	546.00	546.00	548.00	549.00	548.00	548.00	548.00	548.00	548.00	550.00	550.00	553.00	553.00	550.00	550.00	546.00	541.00	541.00	535.00	535.00	529.00	526.00	526.00	523.00	513.00	497.00	497.00	481.00	481.00	470.00	463.00	463.00	456.00	456.00	439.00	439.00	430.00	430.00	422.00	413.00	413.00	404.00	404.00	395.00	386.00	378.00	378.00	369.00	359.00	359.00	350.00	350.00	343.00	337.00	337.00	331.00	326.00	321.00	321.00	315.00
																																																																			245.00	245.00	252.00	260.00	260.00	269.00	278.00	288.00	288.00	299.00	299.00	309.00	319.00	319.00	330.00	340.00	350.00	350.00	361.00	361.00	370.00	379.00	379.00	388.00	396.00	396.00	404.00	412.00	412.00	419.00	426.00	426.00	433.00	439.00	439.00	446.00	446.00	453.00	460.00	468.00	468.00	475.00	483.00	483.00	492.00	492.00	501.00	510.00	520.00	520.00	532.00	543.00	543.00	555.00	555.00	568.00	580.00	580.00	591.00	604.00	617.00	617.00	629.00	629.00	642.00	653.00	653.00	662.00	662.00	683.00	683.00	691.00	691.00	696.00	700.00	700.00	703.00	703.00	703.00	703.00	700.00	700.00	696.00	690.00	690.00	684.00	684.00	678.00	671.00	671.00	662.00	653.00	644.00	644.00	634.00	634.00	625.00	615.00	615.00	606.00	597.00	587.00	587.00	580.00	580.00	574.00	568.00	568.00	560.00	555.00	555.00	551.00	547.00	547.00	544.00	541.00	541.00	538.00	538.00	538.00	540.00	540.00	540.00	541.00	543.00	543.00	545.00	547.00	547.00	548.00	548.00	547.00	546.00	546.00	546.00	544.00	541.00	541.00	541.00	541.00	543.00	545.00	542.00	542.00	536.00	530.00	530.00	524.00	524.00	518.00	513.00	513.00	503.00	492.00	481.00	481.00	472.00	472.00	466.00	461.00	461.00	449.00	449.00	427.00	427.00	424.00	424.00	422.00	416.00	416.00	402.00	402.00	386.00	378.00	371.00	371.00	360.00	351.00	351.00	344.00	344.00	337.00	331.00	331.00	324.00	319.00	314.00	314.00	309.00
																																																																	205.00	205.00	245.00	245.00	252.00	260.00	260.00	269.00	278.00	288.00	288.00	299.00	299.00	309.00	319.00	319.00	330.00	340.00	350.00	350.00	361.00	361.00	370.00	379.00	379.00	388.00	396.00	396.00	404.00	412.00	412.00	419.00	426.00	426.00	433.00	439.00	439.00	446.00	446.00	453.00	460.00	468.00	468.00	475.00	483.00	483.00	492.00	492.00	501.00	510.00	520.00	520.00	532.00	543.00	543.00	555.00	555.00	568.00	580.00	580.00	591.00	604.00	617.00	617.00	629.00	629.00	642.00	653.00	653.00	662.00	662.00	683.00	683.00	691.00	691.00	696.00	700.00	700.00	703.00	703.00	703.00	703.00	700.00	700.00	696.00	690.00	690.00	684.00	684.00	678.00	671.00	671.00	662.00	653.00	644.00	644.00	634.00	634.00	625.00	615.00	615.00	606.00	597.00	587.00	587.00	580.00	580.00	574.00	568.00	568.00	560.00	555.00	555.00	551.00	547.00	547.00	544.00	541.00	541.00	538.00	538.00	538.00	540.00	540.00	540.00	541.00	543.00	543.00	545.00	547.00	547.00	548.00	548.00	547.00	546.00	546.00	546.00	544.00	541.00	541.00	541.00	541.00	543.00	545.00	542.00	542.00	536.00	530.00	530.00	524.00	524.00	518.00	513.00	513.00	503.00	492.00	481.00	481.00	472.00	472.00	466.00	461.00	461.00	449.00	449.00	427.00	427.00	424.00	424.00	422.00	416.00	416.00	402.00	402.00	386.00	378.00	371.00	371.00	360.00	351.00	351.00	344.00	344.00	337.00	331.00	331.00	324.00	319.00	314.00	314.00	309.00
																																																																	205.00	205.00	245.00	245.00	252.00	260.00	260.00	269.00	278.00	288.00	288.00	299.00	299.00	309.00	319.00	319.00	330.00	340.00	350.00	350.00	361.00	361.00	370.00	379.00	379.00	388.00	396.00	396.00	404.00	412.00	412.00	419.00	426.00	426.00	433.00	439.00	439.00	446.00	446.00	453.00	460.00	468.00	468.00	475.00	483.00	483.00	492.00	492.00	501.00	510.00	520.00	520.00	532.00	543.00	543.00	555.00	555.00	568.00	580.00	580.00	591.00	604.00	617.00	617.00	629.00	629.00	642.00	653.00	653.00	662.00	662.00	683.00	683.00	691.00	691.00	696.00	700.00	700.00	703.00	703.00	703.00	703.00	700.00	700.00	696.00	690.00	690.00	684.00	684.00	678.00	671.00	671.00	662.00	653.00	644.00	644.00	634.00	634.00	625.00	615.00	615.00	606.00	597.00	587.00	587.00	580.00	580.00	574.00	568.00	568.00	560.00	555.00	555.00	551.00	547.00	547.00	544.00	541.00	541.00	538.00	538.00	538.00	540.00	540.00	540.00	541.00	543.00	543.00	545.00	547.00	547.00	548.00	548.00	547.00	546.00	546.00	546.00	544.00	541.00	541.00	541.00	541.00	543.00	545.00	542.00	542.00	536.00	530.00	530.00	524.00	524.00	518.00	513.00	513.00	503.00	492.00	481.00	481.00	472.00	472.00	466.00	461.00	461.00	449.00	449.00	427.00	427.00	424.00	424.00	422.00	416.00	416.00	402.00	402.00	386.00	378.00	371.00	371.00	360.00	351.00	351.00	344.00	344.00	337.00	331.00	331.00	324.00	319.00	314.00	314.00	309.00
																																																																	205.00	205.00	245.00	245.00	252.00	260.00	260.00	269.00	278.00	288.00	288.00	299.00	299.00	309.00	319.00	319.00	330.00	340.00	350.00	350.00	361.00	361.00	370.00	379.00	379.00	388.00	396.00	396.00	404.00	412.00	412.00	419.00	426.00	426.00	433.00	439.00	439.00	446.00	446.00	453.00	460.00	468.00	468.00	475.00	483.00	483.00	492.00	492.00	501.00	510.00	520.00	520.00	532.00	543.00	543.00	555.00	555.00	568.00	580.00	580.00	591.00	604.00	617.00	617.00	629.00	629.00	642.00	653.00	653.00	662.00	662.00	683.00	683.00	691.00	691.00	696.00	700.00	700.00	703.00	703.00	703.00	703.00	700.00	700.00	696.00	690.00	690.00	684.00	684.00	678.00	671.00	671.00	662.00	653.00	644.00	644.00	634.00	634.00	625.00	615.00	615.00	606.00	597.00	587.00	587.00	580.00	580.00	574.00	568.00	568.00	560.00	555.00	555.00	551.00	547.00	547.00	544.00	541.00	541.00	538.00	538.00	538.00	540.00	540.00	540.00	541.00	543.00	543.00	545.00	547.00	547.00	548.00	548.00	547.00	546.00	546.00	546.00	544.00	541.00	541.00	541.00	541.00	543.00	545.00	542.00	542.00	536.00	530.00	530.00	524.00	524.00	518.00	513.00	513.00	503.00	492.00	481.00	481.00	472.00	472.00	466.00	461.00	461.00	449.00	449.00	427.00	427.00	424.00	424.00	422.00	416.00	416.00	402.00	402.00	386.00	378.00	371.00	371.00	360.00	351.00	351.00	344.00	344.00	337.00	331.00	331.00	324.00	319.00	314.00	314.00	309.00
																																																				190.00	193.00	193.00	192.00	190.00	190.00	121.00						183.00	210.00	210.00	217.00	217.00	224.00	232.00	232.00	241.00	251.00	261.00	261.00	271.00	271.00	283.00	293.00	293.00	304.00	315.00	326.00	326.00	337.00	337.00	348.00	358.00	358.00	367.00	377.00	377.00	385.00	393.00	393.00	402.00	409.00	409.00	416.00	424.00	424.00	431.00	431.00	439.00	446.00	454.00	454.00	462.00	471.00	471.00	480.00	480.00	490.00	500.00	511.00	511.00	522.00	535.00	535.00	547.00	547.00	560.00	573.00	573.00	585.00	598.00	612.00	612.00	624.00	624.00	637.00	648.00	648.00	658.00	658.00	676.00	676.00	683.00	683.00	689.00	693.00	693.00	696.00	696.00	698.00	697.00	695.00	695.00	692.00	686.00	686.00	679.00	679.00	671.00	663.00	663.00	654.00	644.00	634.00	634.00	624.00	624.00	614.00	604.00	604.00	592.00	582.00	571.00	571.00	560.00	560.00	553.00	546.00	546.00	540.00	536.00	536.00	533.00	529.00	529.00	523.00	519.00	519.00	515.00	517.00	517.00	519.00	521.00	521.00	524.00	530.00	530.00	535.00	536.00	536.00	538.00	538.00	540.00	540.00	540.00	540.00	539.00	533.00	533.00	527.00	527.00	526.00	525.00	523.00	523.00	518.00	515.00	515.00	516.00	516.00	513.00	507.00	507.00	497.00	484.00	473.00	473.00	462.00	462.00	458.00	451.00	451.00	440.00	440.00	430.00	430.00	424.00	424.00	417.00	410.00	410.00	402.00	402.00	395.00	392.00	383.00	383.00	370.00	362.00	362.00	355.00	355.00	342.00	326.00	326.00	319.00	315.00	308.00	308.00	307.00
																																																	57.00	57.00	134.00	190.00	193.00	193.00	192.00	190.00	190.00	121.00	121.00				130.00	183.00	210.00	210.00	217.00	217.00	224.00	232.00	232.00	241.00	251.00	261.00	261.00	271.00	271.00	283.00	293.00	293.00	304.00	315.00	326.00	326.00	337.00	337.00	348.00	358.00	358.00	367.00	377.00	377.00	385.00	393.00	393.00	402.00	409.00	409.00	416.00	424.00	424.00	431.00	431.00	439.00	446.00	454.00	454.00	462.00	471.00	471.00	480.00	480.00	490.00	500.00	511.00	511.00	522.00	535.00	535.00	547.00	547.00	560.00	573.00	573.00	585.00	598.00	612.00	612.00	624.00	624.00	637.00	648.00	648.00	658.00	658.00	676.00	676.00	683.00	683.00	689.00	693.00	693.00	696.00	696.00	698.00	697.00	695.00	695.00	692.00	686.00	686.00	679.00	679.00	671.00	663.00	663.00	654.00	644.00	634.00	634.00	624.00	624.00	614.00	604.00	604.00	592.00	582.00	571.00	571.00	560.00	560.00	553.00	546.00	546.00	540.00	536.00	536.00	533.00	529.00	529.00	523.00	519.00	519.00	515.00	517.00	517.00	519.00	521.00	521.00	524.00	530.00	530.00	535.00	536.00	536.00	538.00	538.00	540.00	540.00	540.00	540.00	539.00	533.00	533.00	527.00	527.00	526.00	525.00	523.00	523.00	518.00	515.00	515.00	516.00	516.00	513.00	507.00	507.00	497.00	484.00	473.00	473.00	462.00	462.00	458.00	451.00	451.00	440.00	440.00	430.00	430.00	424.00	424.00	417.00	410.00	410.00	402.00	402.00	395.00	392.00	383.00	383.00	370.00	362.00	362.00	355.00	355.00	342.00	326.00	326.00	319.00	315.00	308.00	308.00	307.00
																																																	57.00	57.00	134.00	190.00	193.00	193.00	192.00	190.00	190.00	121.00	121.00				130.00	183.00	210.00	210.00	217.00	217.00	224.00	232.00	232.00	241.00	251.00	261.00	261.00	271.00	271.00	283.00	293.00	293.00	304.00	315.00	326.00	326.00	337.00	337.00	348.00	358.00	358.00	367.00	377.00	377.00	385.00	393.00	393.00	402.00	409.00	409.00	416.00	424.00	424.00	431.00	431.00	439.00	446.00	454.00	454.00	462.00	471.00	471.00	480.00	480.00	490.00	500.00	511.00	511.00	522.00	535.00	535.00	547.00	547.00	560.00	573.00	573.00	585.00	598.00	612.00	612.00	624.00	624.00	637.00	648.00	648.00	658.00	658.00	676.00	676.00	683.00	683.00	689.00	693.00	693.00	696.00	696.00	698.00	697.00	695.00	695.00	692.00	686.00	686.00	679.00	679.00	671.00	663.00	663.00	654.00	644.00	634.00	634.00	624.00	624.00	614.00	604.00	604.00	592.00	582.00	571.00	571.00	560.00	560.00	553.00	546.00	546.00	540.00	536.00	536.00	533.00	529.00	529.00	523.00	519.00	519.00	515.00	517.00	517.00	519.00	521.00	521.00	524.00	530.00	530.00	535.00	536.00	536.00	538.00	538.00	540.00	540.00	540.00	540.00	539.00	533.00	533.00	527.00	527.00	526.00	525.00	523.00	523.00	518.00	515.00	515.00	516.00	516.00	513.00	507.00	507.00	497.00	484.00	473.00	473.00	462.00	462.00	458.00	451.00	451.00	440.00	440.00	430.00	430.00	424.00	424.00	417.00	410.00	410.00	402.00	402.00	395.00	392.00	383.00	383.00	370.00	362.00	362.00	355.00	355.00	342.00	326.00	326.00	319.00	315.00	308.00	308.00	307.00
																																																	159.00	159.00	180.00	177.00	173.00	173.00	172.00	170.00	170.00	168.00	168.00	167.00	171.00	171.00	172.00	177.00	181.00	181.00	186.00	186.00	193.00	200.00	200.00	208.00	217.00	227.00	227.00	237.00	237.00	248.00	260.00	260.00	271.00	282.00	294.00	294.00	305.00	305.00	317.00	328.00	328.00	339.00	349.00	349.00	359.00	369.00	369.00	378.00	387.00	387.00	396.00	405.00	405.00	414.00	414.00	423.00	432.00	442.00	442.00	451.00	461.00	461.00	472.00	472.00	483.00	495.00	507.00	507.00	519.00	532.00	532.00	546.00	546.00	560.00	574.00	574.00	587.00	601.00	614.00	614.00	628.00	628.00	640.00	652.00	652.00	662.00	662.00	679.00	679.00	685.00	685.00	691.00	695.00	695.00	696.00	696.00	697.00	696.00	692.00	692.00	688.00	682.00	682.00	673.00	673.00	664.00	655.00	655.00	645.00	634.00	622.00	622.00	611.00	611.00	600.00	588.00	588.00	577.00	564.00	553.00	553.00	543.00	543.00	534.00	526.00	526.00	519.00	511.00	511.00	507.00	502.00	502.00	498.00	493.00	493.00	488.00	485.00	485.00	489.00	495.00	495.00	502.00	507.00	507.00	509.00	510.00	510.00	515.00	515.00	519.00	521.00	519.00	519.00	517.00	515.00	515.00	511.00	511.00	508.00	504.00	501.00	501.00	498.00	500.00	500.00	510.00	510.00	518.00	516.00	516.00	512.00	513.00	503.00	503.00	487.00	487.00	475.00	466.00	466.00	453.00	453.00	426.00	426.00	415.00	415.00	404.00	404.00	404.00	404.00	404.00	403.00	393.00	380.00	380.00	371.00	369.00	369.00	362.00	362.00	352.00	345.00	345.00	342.00	332.00	317.00	317.00	303.00
																																																	159.00	159.00	180.00	177.00	173.00	173.00	172.00	170.00	170.00	168.00	168.00	167.00	171.00	171.00	172.00	177.00	181.00	181.00	186.00	186.00	193.00	200.00	200.00	208.00	217.00	227.00	227.00	237.00	237.00	248.00	260.00	260.00	271.00	282.00	294.00	294.00	305.00	305.00	317.00	328.00	328.00	339.00	349.00	349.00	359.00	369.00	369.00	378.00	387.00	387.00	396.00	405.00	405.00	414.00	414.00	423.00	432.00	442.00	442.00	451.00	461.00	461.00	472.00	472.00	483.00	495.00	507.00	507.00	519.00	532.00	532.00	546.00	546.00	560.00	574.00	574.00	587.00	601.00	614.00	614.00	628.00	628.00	640.00	652.00	652.00	662.00	662.00	679.00	679.00	685.00	685.00	691.00	695.00	695.00	696.00	696.00	697.00	696.00	692.00	692.00	688.00	682.00	682.00	673.00	673.00	664.00	655.00	655.00	645.00	634.00	622.00	622.00	611.00	611.00	600.00	588.00	588.00	577.00	564.00	553.00	553.00	543.00	543.00	534.00	526.00	526.00	519.00	511.00	511.00	507.00	502.00	502.00	498.00	493.00	493.00	488.00	485.00	485.00	489.00	495.00	495.00	502.00	507.00	507.00	509.00	510.00	510.00	515.00	515.00	519.00	521.00	519.00	519.00	517.00	515.00	515.00	511.00	511.00	508.00	504.00	501.00	501.00	498.00	500.00	500.00	510.00	510.00	518.00	516.00	516.00	512.00	513.00	503.00	503.00	487.00	487.00	475.00	466.00	466.00	453.00	453.00	426.00	426.00	415.00	415.00	404.00	404.00	404.00	404.00	404.00	403.00	393.00	380.00	380.00	371.00	369.00	369.00	362.00	362.00	352.00	345.00	345.00	342.00	332.00	317.00	317.00	303.00
																																													65.00		132.00	132.00	159.00	159.00	180.00	177.00	173.00	173.00	172.00	170.00	170.00	168.00	168.00	167.00	171.00	171.00	172.00	177.00	181.00	181.00	186.00	186.00	193.00	200.00	200.00	208.00	217.00	227.00	227.00	237.00	237.00	248.00	260.00	260.00	271.00	282.00	294.00	294.00	305.00	305.00	317.00	328.00	328.00	339.00	349.00	349.00	359.00	369.00	369.00	378.00	387.00	387.00	396.00	405.00	405.00	414.00	414.00	423.00	432.00	442.00	442.00	451.00	461.00	461.00	472.00	472.00	483.00	495.00	507.00	507.00	519.00	532.00	532.00	546.00	546.00	560.00	574.00	574.00	587.00	601.00	614.00	614.00	628.00	628.00	640.00	652.00	652.00	662.00	662.00	679.00	679.00	685.00	685.00	691.00	695.00	695.00	696.00	696.00	697.00	696.00	692.00	692.00	688.00	682.00	682.00	673.00	673.00	664.00	655.00	655.00	645.00	634.00	622.00	622.00	611.00	611.00	600.00	588.00	588.00	577.00	564.00	553.00	553.00	543.00	543.00	534.00	526.00	526.00	519.00	511.00	511.00	507.00	502.00	502.00	498.00	493.00	493.00	488.00	485.00	485.00	489.00	495.00	495.00	502.00	507.00	507.00	509.00	510.00	510.00	515.00	515.00	519.00	521.00	519.00	519.00	517.00	515.00	515.00	511.00	511.00	508.00	504.00	501.00	501.00	498.00	500.00	500.00	510.00	510.00	518.00	516.00	516.00	512.00	513.00	503.00	503.00	487.00	487.00	475.00	466.00	466.00	453.00	453.00	426.00	426.00	415.00	415.00	404.00	404.00	404.00	404.00	404.00	403.00	393.00	380.00	380.00	371.00	369.00	369.00	362.00	362.00	352.00	345.00	345.00	342.00	332.00	317.00	317.00	303.00
																																													65.00		132.00	132.00	159.00	159.00	180.00	177.00	173.00	173.00	172.00	170.00	170.00	168.00	168.00	167.00	171.00	171.00	172.00	177.00	181.00	181.00	186.00	186.00	193.00	200.00	200.00	208.00	217.00	227.00	227.00	237.00	237.00	248.00	260.00	260.00	271.00	282.00	294.00	294.00	305.00	305.00	317.00	328.00	328.00	339.00	349.00	349.00	359.00	369.00	369.00	378.00	387.00	387.00	396.00	405.00	405.00	414.00	414.00	423.00	432.00	442.00	442.00	451.00	461.00	461.00	472.00	472.00	483.00	495.00	507.00	507.00	519.00	532.00	532.00	546.00	546.00	560.00	574.00	574.00	587.00	601.00	614.00	614.00	628.00	628.00	640.00	652.00	652.00	662.00	662.00	679.00	679.00	685.00	685.00	691.00	695.00	695.00	696.00	696.00	697.00	696.00	692.00	692.00	688.00	682.00	682.00	673.00	673.00	664.00	655.00	655.00	645.00	634.00	622.00	622.00	611.00	611.00	600.00	588.00	588.00	577.00	564.00	553.00	553.00	543.00	543.00	534.00	526.00	526.00	519.00	511.00	511.00	507.00	502.00	502.00	498.00	493.00	493.00	488.00	485.00	485.00	489.00	495.00	495.00	502.00	507.00	507.00	509.00	510.00	510.00	515.00	515.00	519.00	521.00	519.00	519.00	517.00	515.00	515.00	511.00	511.00	508.00	504.00	501.00	501.00	498.00	500.00	500.00	510.00	510.00	518.00	516.00	516.00	512.00	513.00	503.00	503.00	487.00	487.00	475.00	466.00	466.00	453.00	453.00	426.00	426.00	415.00	415.00	404.00	404.00	404.00	404.00	404.00	403.00	393.00	380.00	380.00	371.00	369.00	369.00	362.00	362.00	352.00	345.00	345.00	342.00	332.00	317.00	317.00	303.00
																																													113.00	163.00	179.00	179.00	173.00	173.00	167.00	162.00	158.00	158.00	154.00	151.00	151.00	148.00	148.00	146.00	146.00	146.00	147.00	148.00	152.00	152.00	155.00	155.00	159.00	166.00	166.00	173.00	181.00	190.00	190.00	199.00	199.00	209.00	221.00	221.00	232.00	244.00	256.00	256.00	268.00	268.00	281.00	292.00	292.00	304.00	316.00	316.00	328.00	340.00	340.00	351.00	362.00	362.00	373.00	384.00	384.00	395.00	395.00	407.00	419.00	430.00	430.00	442.00	454.00	454.00	467.00	467.00	481.00	495.00	509.00	509.00	523.00	537.00	537.00	552.00	552.00	568.00	583.00	583.00	597.00	611.00	625.00	625.00	638.00	638.00	650.00	661.00	661.00	672.00	672.00	687.00	687.00	694.00	694.00	697.00	699.00	699.00	700.00	700.00	699.00	696.00	692.00	692.00	685.00	677.00	677.00	667.00	667.00	657.00	647.00	647.00	636.00	624.00	612.00	612.00	600.00	600.00	587.00	574.00	574.00	560.00	548.00	537.00	537.00	525.00	525.00	512.00	497.00	497.00	486.00	482.00	482.00	483.00	480.00	480.00	477.00	474.00	474.00	471.00	470.00	470.00	468.00	472.00	472.00	474.00	475.00	475.00	477.00	482.00	482.00	492.00	492.00	502.00	510.00	518.00	518.00	513.00	505.00	505.00	495.00	495.00	497.00	498.00	500.00	500.00	503.00	505.00	505.00	508.00	508.00	508.00	507.00	507.00	505.00	503.00	501.00	501.00	499.00	499.00	496.00	494.00	494.00	483.00	483.00	471.00	471.00	460.00	460.00	441.00	428.00	428.00	424.00	424.00	414.00	397.00	390.00	390.00	392.00	400.00	400.00	390.00	390.00	375.00	356.00	356.00	347.00	337.00	332.00	332.00	326.00
																																													113.00	163.00	179.00	179.00	173.00	173.00	167.00	162.00	158.00	158.00	154.00	151.00	151.00	148.00	148.00	146.00	146.00	146.00	147.00	148.00	152.00	152.00	155.00	155.00	159.00	166.00	166.00	173.00	181.00	190.00	190.00	199.00	199.00	209.00	221.00	221.00	232.00	244.00	256.00	256.00	268.00	268.00	281.00	292.00	292.00	304.00	316.00	316.00	328.00	340.00	340.00	351.00	362.00	362.00	373.00	384.00	384.00	395.00	395.00	407.00	419.00	430.00	430.00	442.00	454.00	454.00	467.00	467.00	481.00	495.00	509.00	509.00	523.00	537.00	537.00	552.00	552.00	568.00	583.00	583.00	597.00	611.00	625.00	625.00	638.00	638.00	650.00	661.00	661.00	672.00	672.00	687.00	687.00	694.00	694.00	697.00	699.00	699.00	700.00	700.00	699.00	696.00	692.00	692.00	685.00	677.00	677.00	667.00	667.00	657.00	647.00	647.00	636.00	624.00	612.00	612.00	600.00	600.00	587.00	574.00	574.00	560.00	548.00	537.00	537.00	525.00	525.00	512.00	497.00	497.00	486.00	482.00	482.00	483.00	480.00	480.00	477.00	474.00	474.00	471.00	470.00	470.00	468.00	472.00	472.00	474.00	475.00	475.00	477.00	482.00	482.00	492.00	492.00	502.00	510.00	518.00	518.00	513.00	505.00	505.00	495.00	495.00	497.00	498.00	500.00	500.00	503.00	505.00	505.00	508.00	508.00	508.00	507.00	507.00	505.00	503.00	501.00	501.00	499.00	499.00	496.00	494.00	494.00	483.00	483.00	471.00	471.00	460.00	460.00	441.00	428.00	428.00	424.00	424.00	414.00	397.00	390.00	390.00	392.00	400.00	400.00	390.00	390.00	375.00	356.00	356.00	347.00	337.00	332.00	332.00	326.00
																																						128.00	128.00				41.00	113.00	113.00	163.00	179.00	179.00	173.00	173.00	167.00	162.00	158.00	158.00	154.00	151.00	151.00	148.00	148.00	146.00	146.00	146.00	147.00	148.00	152.00	152.00	155.00	155.00	159.00	166.00	166.00	173.00	181.00	190.00	190.00	199.00	199.00	209.00	221.00	221.00	232.00	244.00	256.00	256.00	268.00	268.00	281.00	292.00	292.00	304.00	316.00	316.00	328.00	340.00	340.00	351.00	362.00	362.00	373.00	384.00	384.00	395.00	395.00	407.00	419.00	430.00	430.00	442.00	454.00	454.00	467.00	467.00	481.00	495.00	509.00	509.00	523.00	537.00	537.00	552.00	552.00	568.00	583.00	583.00	597.00	611.00	625.00	625.00	638.00	638.00	650.00	661.00	661.00	672.00	672.00	687.00	687.00	694.00	694.00	697.00	699.00	699.00	700.00	700.00	699.00	696.00	692.00	692.00	685.00	677.00	677.00	667.00	667.00	657.00	647.00	647.00	636.00	624.00	612.00	612.00	600.00	600.00	587.00	574.00	574.00	560.00	548.00	537.00	537.00	525.00	525.00	512.00	497.00	497.00	486.00	482.00	482.00	483.00	480.00	480.00	477.00	474.00	474.00	471.00	470.00	470.00	468.00	472.00	472.00	474.00	475.00	475.00	477.00	482.00	482.00	492.00	492.00	502.00	510.00	518.00	518.00	513.00	505.00	505.00	495.00	495.00	497.00	498.00	500.00	500.00	503.00	505.00	505.00	508.00	508.00	508.00	507.00	507.00	505.00	503.00	501.00	501.00	499.00	499.00	496.00	494.00	494.00	483.00	483.00	471.00	471.00	460.00	460.00	441.00	428.00	428.00	424.00	424.00	414.00	397.00	390.00	390.00	392.00	400.00	400.00	390.00	390.00	375.00	356.00	356.00	347.00	337.00	332.00	332.00	326.00
																																						128.00	128.00				41.00	113.00	113.00	163.00	179.00	179.00	173.00	173.00	167.00	162.00	158.00	158.00	154.00	151.00	151.00	148.00	148.00	146.00	146.00	146.00	147.00	148.00	152.00	152.00	155.00	155.00	159.00	166.00	166.00	173.00	181.00	190.00	190.00	199.00	199.00	209.00	221.00	221.00	232.00	244.00	256.00	256.00	268.00	268.00	281.00	292.00	292.00	304.00	316.00	316.00	328.00	340.00	340.00	351.00	362.00	362.00	373.00	384.00	384.00	395.00	395.00	407.00	419.00	430.00	430.00	442.00	454.00	454.00	467.00	467.00	481.00	495.00	509.00	509.00	523.00	537.00	537.00	552.00	552.00	568.00	583.00	583.00	597.00	611.00	625.00	625.00	638.00	638.00	650.00	661.00	661.00	672.00	672.00	687.00	687.00	694.00	694.00	697.00	699.00	699.00	700.00	700.00	699.00	696.00	692.00	692.00	685.00	677.00	677.00	667.00	667.00	657.00	647.00	647.00	636.00	624.00	612.00	612.00	600.00	600.00	587.00	574.00	574.00	560.00	548.00	537.00	537.00	525.00	525.00	512.00	497.00	497.00	486.00	482.00	482.00	483.00	480.00	480.00	477.00	474.00	474.00	471.00	470.00	470.00	468.00	472.00	472.00	474.00	475.00	475.00	477.00	482.00	482.00	492.00	492.00	502.00	510.00	518.00	518.00	513.00	505.00	505.00	495.00	495.00	497.00	498.00	500.00	500.00	503.00	505.00	505.00	508.00	508.00	508.00	507.00	507.00	505.00	503.00	501.00	501.00	499.00	499.00	496.00	494.00	494.00	483.00	483.00	471.00	471.00	460.00	460.00	441.00	428.00	428.00	424.00	424.00	414.00	397.00	390.00	390.00	392.00	400.00	400.00	390.00	390.00	375.00	356.00	356.00	347.00	337.00	332.00	332.00	326.00
																																					83.00	176.00	176.00	262.00	262.00	214.00	214.00	197.00	197.00	194.00	182.00	182.00	167.00	167.00	161.00	153.00	150.00	150.00	149.00	141.00	141.00	133.00	133.00	130.00	126.00	126.00	125.00	126.00	126.00	126.00	128.00	128.00	132.00	134.00	134.00	140.00	147.00	153.00	153.00	163.00	163.00	172.00	182.00	182.00	193.00	204.00	216.00	216.00	229.00	229.00	242.00	255.00	255.00	268.00	281.00	281.00	295.00	309.00	309.00	323.00	337.00	337.00	350.00	363.00	363.00	377.00	377.00	392.00	407.00	422.00	422.00	436.00	451.00	451.00	466.00	466.00	483.00	500.00	516.00	516.00	532.00	548.00	548.00	564.00	564.00	581.00	597.00	597.00	612.00	627.00	641.00	641.00	654.00	654.00	665.00	676.00	676.00	684.00	684.00	699.00	699.00	703.00	703.00	706.00	706.00	706.00	704.00	704.00	702.00	697.00	691.00	691.00	683.00	672.00	672.00	660.00	660.00	647.00	636.00	636.00	626.00	618.00	605.00	605.00	590.00	590.00	575.00	561.00	561.00	547.00	534.00	523.00	523.00	512.00	512.00	500.00	489.00	489.00	480.00	476.00	476.00	471.00	465.00	465.00	460.00	456.00	456.00	451.00	448.00	448.00	446.00	448.00	448.00	451.00	455.00	455.00	459.00	472.00	472.00	491.00	491.00	509.00	513.00	515.00	515.00	517.00	512.00	512.00	509.00	509.00	508.00	506.00	505.00	505.00	506.00	504.00	504.00	501.00	501.00	499.00	496.00	496.00	494.00	491.00	488.00	488.00	484.00	484.00	480.00	478.00	478.00	476.00	476.00	471.00	471.00	468.00	468.00	465.00	462.00	462.00	459.00	459.00	447.00	437.00	435.00	435.00	442.00	445.00	445.00	442.00	442.00	422.00	409.00	409.00	405.00	398.00	386.00	386.00	374.00
																																					83.00	176.00	176.00	262.00	262.00	214.00	214.00	197.00	197.00	194.00	182.00	182.00	167.00	167.00	161.00	153.00	150.00	150.00	149.00	141.00	141.00	133.00	133.00	130.00	126.00	126.00	125.00	126.00	126.00	126.00	128.00	128.00	132.00	134.00	134.00	140.00	147.00	153.00	153.00	163.00	163.00	172.00	182.00	182.00	193.00	204.00	216.00	216.00	229.00	229.00	242.00	255.00	255.00	268.00	281.00	281.00	295.00	309.00	309.00	323.00	337.00	337.00	350.00	363.00	363.00	377.00	377.00	392.00	407.00	422.00	422.00	436.00	451.00	451.00	466.00	466.00	483.00	500.00	516.00	516.00	532.00	548.00	548.00	564.00	564.00	581.00	597.00	597.00	612.00	627.00	641.00	641.00	654.00	654.00	665.00	676.00	676.00	684.00	684.00	699.00	699.00	703.00	703.00	706.00	706.00	706.00	704.00	704.00	702.00	697.00	691.00	691.00	683.00	672.00	672.00	660.00	660.00	647.00	636.00	636.00	626.00	618.00	605.00	605.00	590.00	590.00	575.00	561.00	561.00	547.00	534.00	523.00	523.00	512.00	512.00	500.00	489.00	489.00	480.00	476.00	476.00	471.00	465.00	465.00	460.00	456.00	456.00	451.00	448.00	448.00	446.00	448.00	448.00	451.00	455.00	455.00	459.00	472.00	472.00	491.00	491.00	509.00	513.00	515.00	515.00	517.00	512.00	512.00	509.00	509.00	508.00	506.00	505.00	505.00	506.00	504.00	504.00	501.00	501.00	499.00	496.00	496.00	494.00	491.00	488.00	488.00	484.00	484.00	480.00	478.00	478.00	476.00	476.00	471.00	471.00	468.00	468.00	465.00	462.00	462.00	459.00	459.00	447.00	437.00	435.00	435.00	442.00	445.00	445.00	442.00	442.00	422.00	409.00	409.00	405.00	398.00	386.00	386.00	374.00
																																							176.00	262.00	262.00	214.00	214.00	197.00	197.00	194.00	182.00	182.00	167.00	167.00	161.00	153.00	150.00	150.00	149.00	141.00	141.00	133.00	133.00	130.00	126.00	126.00	125.00	126.00	126.00	126.00	128.00	128.00	132.00	134.00	134.00	140.00	147.00	153.00	153.00	163.00	163.00	172.00	182.00	182.00	193.00	204.00	216.00	216.00	229.00	229.00	242.00	255.00	255.00	268.00	281.00	281.00	295.00	309.00	309.00	323.00	337.00	337.00	350.00	363.00	363.00	377.00	377.00	392.00	407.00	422.00	422.00	436.00	451.00	451.00	466.00	466.00	483.00	500.00	516.00	516.00	532.00	548.00	548.00	564.00	564.00	581.00	597.00	597.00	612.00	627.00	641.00	641.00	654.00	654.00	665.00	676.00	676.00	684.00	684.00	699.00	699.00	703.00	703.00	706.00	706.00	706.00	704.00	704.00	702.00	697.00	691.00	691.00	683.00	672.00	672.00	660.00	660.00	647.00	636.00	636.00	626.00	618.00	605.00	605.00	590.00	590.00	575.00	561.00	561.00	547.00	534.00	523.00	523.00	512.00	512.00	500.00	489.00	489.00	480.00	476.00	476.00	471.00	465.00	465.00	460.00	456.00	456.00	451.00	448.00	448.00	446.00	448.00	448.00	451.00	455.00	455.00	459.00	472.00	472.00	491.00	491.00	509.00	513.00	515.00	515.00	517.00	512.00	512.00	509.00	509.00	508.00	506.00	505.00	505.00	506.00	504.00	504.00	501.00	501.00	499.00	496.00	496.00	494.00	491.00	488.00	488.00	484.00	484.00	480.00	478.00	478.00	476.00	476.00	471.00	471.00	468.00	468.00	465.00	462.00	462.00	459.00	459.00	447.00	437.00	435.00	435.00	442.00	445.00	445.00	442.00	442.00	422.00	409.00	409.00	405.00	398.00	386.00	386.00	374.00
																																								190.00	190.00	277.00	277.00	270.00	270.00	257.00	230.00	230.00	210.00	210.00	200.00	200.00	199.00	199.00	188.00	167.00	167.00	151.00	151.00	141.00	132.00	132.00	118.00	110.00	114.00	114.00	116.00	116.00	118.00	118.00	118.00	115.00	119.00	125.00	125.00	131.00	131.00	140.00	149.00	149.00	157.00	169.00	180.00	180.00	192.00	192.00	206.00	220.00	220.00	234.00	248.00	248.00	263.00	279.00	279.00	295.00	311.00	311.00	328.00	344.00	344.00	361.00	361.00	378.00	396.00	415.00	415.00	433.00	451.00	451.00	469.00	469.00	487.00	506.00	526.00	526.00	544.00	562.00	562.00	580.00	580.00	597.00	614.00	614.00	630.00	644.00	657.00	657.00	670.00	670.00	681.00	690.00	690.00	698.00	698.00	709.00	709.00	712.00	712.00	712.00	711.00	711.00	708.00	708.00	703.00	697.00	688.00	688.00	678.00	667.00	667.00	652.00	652.00	636.00	621.00	621.00	610.00	601.00	592.00	592.00	577.00	577.00	561.00	545.00	545.00	531.00	519.00	506.00	506.00	495.00	495.00	485.00	475.00	475.00	469.00	462.00	462.00	456.00	452.00	452.00	450.00	448.00	448.00	446.00	443.00	443.00	443.00	446.00	446.00	453.00	461.00	461.00	470.00	480.00	480.00	490.00	490.00	496.00	495.00	494.00	494.00	493.00	492.00	492.00	489.00	489.00	488.00	487.00	488.00	488.00	486.00	483.00	483.00	484.00	484.00	489.00	496.00	496.00	490.00	482.00	475.00	475.00	469.00	469.00	465.00	462.00	462.00	460.00	460.00	453.00	453.00	451.00	451.00	451.00	450.00	450.00	445.00	445.00	438.00	433.00	430.00	430.00	429.00	427.00	427.00	425.00	425.00	422.00	418.00	418.00	416.00	415.00	409.00	409.00	404.00
																																								190.00	190.00	277.00	277.00	270.00	270.00	257.00	230.00	230.00	210.00	210.00	200.00	200.00	199.00	199.00	188.00	167.00	167.00	151.00	151.00	141.00	132.00	132.00	118.00	110.00	114.00	114.00	116.00	116.00	118.00	118.00	118.00	115.00	119.00	125.00	125.00	131.00	131.00	140.00	149.00	149.00	157.00	169.00	180.00	180.00	192.00	192.00	206.00	220.00	220.00	234.00	248.00	248.00	263.00	279.00	279.00	295.00	311.00	311.00	328.00	344.00	344.00	361.00	361.00	378.00	396.00	415.00	415.00	433.00	451.00	451.00	469.00	469.00	487.00	506.00	526.00	526.00	544.00	562.00	562.00	580.00	580.00	597.00	614.00	614.00	630.00	644.00	657.00	657.00	670.00	670.00	681.00	690.00	690.00	698.00	698.00	709.00	709.00	712.00	712.00	712.00	711.00	711.00	708.00	708.00	703.00	697.00	688.00	688.00	678.00	667.00	667.00	652.00	652.00	636.00	621.00	621.00	610.00	601.00	592.00	592.00	577.00	577.00	561.00	545.00	545.00	531.00	519.00	506.00	506.00	495.00	495.00	485.00	475.00	475.00	469.00	462.00	462.00	456.00	452.00	452.00	450.00	448.00	448.00	446.00	443.00	443.00	443.00	446.00	446.00	453.00	461.00	461.00	470.00	480.00	480.00	490.00	490.00	496.00	495.00	494.00	494.00	493.00	492.00	492.00	489.00	489.00	488.00	487.00	488.00	488.00	486.00	483.00	483.00	484.00	484.00	489.00	496.00	496.00	490.00	482.00	475.00	475.00	469.00	469.00	465.00	462.00	462.00	460.00	460.00	453.00	453.00	451.00	451.00	451.00	450.00	450.00	445.00	445.00	438.00	433.00	430.00	430.00	429.00	427.00	427.00	425.00	425.00	422.00	418.00	418.00	416.00	415.00	409.00	409.00	404.00
																																									190.00	277.00	277.00	270.00	270.00	257.00	230.00	230.00	210.00	210.00	200.00	200.00	199.00	199.00	188.00	167.00	167.00	151.00	151.00	141.00	132.00	132.00	118.00	110.00	114.00	114.00	116.00	116.00	118.00	118.00	118.00	115.00	119.00	125.00	125.00	131.00	131.00	140.00	149.00	149.00	157.00	169.00	180.00	180.00	192.00	192.00	206.00	220.00	220.00	234.00	248.00	248.00	263.00	279.00	279.00	295.00	311.00	311.00	328.00	344.00	344.00	361.00	361.00	378.00	396.00	415.00	415.00	433.00	451.00	451.00	469.00	469.00	487.00	506.00	526.00	526.00	544.00	562.00	562.00	580.00	580.00	597.00	614.00	614.00	630.00	644.00	657.00	657.00	670.00	670.00	681.00	690.00	690.00	698.00	698.00	709.00	709.00	712.00	712.00	712.00	711.00	711.00	708.00	708.00	703.00	697.00	688.00	688.00	678.00	667.00	667.00	652.00	652.00	636.00	621.00	621.00	610.00	601.00	592.00	592.00	577.00	577.00	561.00	545.00	545.00	531.00	519.00	506.00	506.00	495.00	495.00	485.00	475.00	475.00	469.00	462.00	462.00	456.00	452.00	452.00	450.00	448.00	448.00	446.00	443.00	443.00	443.00	446.00	446.00	453.00	461.00	461.00	470.00	480.00	480.00	490.00	490.00	496.00	495.00	494.00	494.00	493.00	492.00	492.00	489.00	489.00	488.00	487.00	488.00	488.00	486.00	483.00	483.00	484.00	484.00	489.00	496.00	496.00	490.00	482.00	475.00	475.00	469.00	469.00	465.00	462.00	462.00	460.00	460.00	453.00	453.00	451.00	451.00	451.00	450.00	450.00	445.00	445.00	438.00	433.00	430.00	430.00	429.00	427.00	427.00	425.00	425.00	422.00	418.00	418.00	416.00	415.00	409.00	409.00	404.00
																																									190.00	277.00	277.00	270.00	270.00	257.00	230.00	230.00	210.00	210.00	200.00	200.00	199.00	199.00	188.00	167.00	167.00	151.00	151.00	141.00	132.00	132.00	118.00	110.00	114.00	114.00	116.00	116.00	118.00	118.00	118.00	115.00	119.00	125.00	125.00	131.00	131.00	140.00	149.00	149.00	157.00	169.00	180.00	180.00	192.00	192.00	206.00	220.00	220.00	234.00	248.00	248.00	263.00	279.00	279.00	295.00	311.00	311.00	328.00	344.00	344.00	361.00	361.00	378.00	396.00	415.00	415.00	433.00	451.00	451.00	469.00	469.00	487.00	506.00	526.00	526.00	544.00	562.00	562.00	580.00	580.00	597.00	614.00	614.00	630.00	644.00	657.00	657.00	670.00	670.00	681.00	690.00	690.00	698.00	698.00	709.00	709.00	712.00	712.00	712.00	711.00	711.00	708.00	708.00	703.00	697.00	688.00	688.00	678.00	667.00	667.00	652.00	652.00	636.00	621.00	621.00	610.00	601.00	592.00	592.00	577.00	577.00	561.00	545.00	545.00	531.00	519.00	506.00	506.00	495.00	495.00	485.00	475.00	475.00	469.00	462.00	462.00	456.00	452.00	452.00	450.00	448.00	448.00	446.00	443.00	443.00	443.00	446.00	446.00	453.00	461.00	461.00	470.00	480.00	480.00	490.00	490.00	496.00	495.00	494.00	494.00	493.00	492.00	492.00	489.00	489.00	488.00	487.00	488.00	488.00	486.00	483.00	483.00	484.00	484.00	489.00	496.00	496.00	490.00	482.00	475.00	475.00	469.00	469.00	465.00	462.00	462.00	460.00	460.00	453.00	453.00	451.00	451.00	451.00	450.00	450.00	445.00	445.00	438.00	433.00	430.00	430.00	429.00	427.00	427.00	425.00	425.00	422.00	418.00	418.00	416.00	415.00	409.00	409.00	404.00
																																								76.00	76.00	275.00	275.00	278.00	278.00	264.00	214.00	214.00	191.00	191.00	196.00	222.00	211.00	211.00	199.00	171.00	171.00	149.00	149.00	148.00	154.00	154.00	142.00	134.00	126.00	126.00	103.00	103.00	81.00	70.00	70.00	78.00	99.00	112.00	112.00	109.00	109.00	114.00	124.00	124.00	133.00	140.00	151.00	151.00	162.00	162.00	174.00	189.00	189.00	204.00	219.00	219.00	235.00	251.00	251.00	269.00	288.00	288.00	307.00	327.00	327.00	346.00	346.00	367.00	388.00	409.00	409.00	430.00	451.00	451.00	472.00	472.00	494.00	515.00	535.00	535.00	556.00	576.00	576.00	595.00	595.00	613.00	630.00	630.00	646.00	661.00	674.00	674.00	686.00	686.00	697.00	705.00	705.00	711.00	711.00	717.00	717.00	718.00	718.00	717.00	714.00	714.00	709.00	709.00	702.00	692.00	681.00	681.00	670.00	656.00	656.00	641.00	641.00	624.00	607.00	607.00	589.00	575.00	566.00	566.00	557.00	557.00	543.00	527.00	527.00	513.00	500.00	488.00	488.00	476.00	476.00	468.00	461.00	461.00	455.00	452.00	452.00	449.00	447.00	447.00	447.00	451.00	451.00	456.00	461.00	461.00	468.00	475.00	475.00	482.00	477.00	477.00	472.00	470.00	470.00	468.00	468.00	465.00	463.00	463.00	463.00	464.00	464.00	464.00	465.00	465.00	464.00	464.00	464.00	464.00	464.00	463.00	463.00	463.00	463.00	468.00	473.00	473.00	475.00	465.00	458.00	458.00	455.00	455.00	453.00	450.00	450.00	447.00	447.00	439.00	439.00	441.00	441.00	435.00	425.00	425.00	412.00	412.00	414.00	419.00	424.00	424.00	430.00	434.00	434.00	433.00	433.00	424.00	414.00	414.00	408.00	403.00	396.00	396.00	391.00
																																								76.00	76.00	275.00	275.00	278.00	278.00	264.00	214.00	214.00	191.00	191.00	196.00	222.00	211.00	211.00	199.00	171.00	171.00	149.00	149.00	148.00	154.00	154.00	142.00	134.00	126.00	126.00	103.00	103.00	81.00	70.00	70.00	78.00	99.00	112.00	112.00	109.00	109.00	114.00	124.00	124.00	133.00	140.00	151.00	151.00	162.00	162.00	174.00	189.00	189.00	204.00	219.00	219.00	235.00	251.00	251.00	269.00	288.00	288.00	307.00	327.00	327.00	346.00	346.00	367.00	388.00	409.00	409.00	430.00	451.00	451.00	472.00	472.00	494.00	515.00	535.00	535.00	556.00	576.00	576.00	595.00	595.00	613.00	630.00	630.00	646.00	661.00	674.00	674.00	686.00	686.00	697.00	705.00	705.00	711.00	711.00	717.00	717.00	718.00	718.00	717.00	714.00	714.00	709.00	709.00	702.00	692.00	681.00	681.00	670.00	656.00	656.00	641.00	641.00	624.00	607.00	607.00	589.00	575.00	566.00	566.00	557.00	557.00	543.00	527.00	527.00	513.00	500.00	488.00	488.00	476.00	476.00	468.00	461.00	461.00	455.00	452.00	452.00	449.00	447.00	447.00	447.00	451.00	451.00	456.00	461.00	461.00	468.00	475.00	475.00	482.00	477.00	477.00	472.00	470.00	470.00	468.00	468.00	465.00	463.00	463.00	463.00	464.00	464.00	464.00	465.00	465.00	464.00	464.00	464.00	464.00	464.00	463.00	463.00	463.00	463.00	468.00	473.00	473.00	475.00	465.00	458.00	458.00	455.00	455.00	453.00	450.00	450.00	447.00	447.00	439.00	439.00	441.00	441.00	435.00	425.00	425.00	412.00	412.00	414.00	419.00	424.00	424.00	430.00	434.00	434.00	433.00	433.00	424.00	414.00	414.00	408.00	403.00	396.00	396.00	391.00
																																								76.00	76.00	275.00	275.00	278.00	278.00	264.00	214.00	214.00	191.00	191.00	196.00	222.00	211.00	211.00	199.00	171.00	171.00	149.00	149.00	148.00	154.00	154.00	142.00	134.00	126.00	126.00	103.00	103.00	81.00	70.00	70.00	78.00	99.00	112.00	112.00	109.00	109.00	114.00	124.00	124.00	133.00	140.00	151.00	151.00	162.00	162.00	174.00	189.00	189.00	204.00	219.00	219.00	235.00	251.00	251.00	269.00	288.00	288.00	307.00	327.00	327.00	346.00	346.00	367.00	388.00	409.00	409.00	430.00	451.00	451.00	472.00	472.00	494.00	515.00	535.00	535.00	556.00	576.00	576.00	595.00	595.00	613.00	630.00	630.00	646.00	661.00	674.00	674.00	686.00	686.00	697.00	705.00	705.00	711.00	711.00	717.00	717.00	718.00	718.00	717.00	714.00	714.00	709.00	709.00	702.00	692.00	681.00	681.00	670.00	656.00	656.00	641.00	641.00	624.00	607.00	607.00	589.00	575.00	566.00	566.00	557.00	557.00	543.00	527.00	527.00	513.00	500.00	488.00	488.00	476.00	476.00	468.00	461.00	461.00	455.00	452.00	452.00	449.00	447.00	447.00	447.00	451.00	451.00	456.00	461.00	461.00	468.00	475.00	475.00	482.00	477.00	477.00	472.00	470.00	470.00	468.00	468.00	465.00	463.00	463.00	463.00	464.00	464.00	464.00	465.00	465.00	464.00	464.00	464.00	464.00	464.00	463.00	463.00	463.00	463.00	468.00	473.00	473.00	475.00	465.00	458.00	458.00	455.00	455.00	453.00	450.00	450.00	447.00	447.00	439.00	439.00	441.00	441.00	435.00	425.00	425.00	412.00	412.00	414.00	419.00	424.00	424.00	430.00	434.00	434.00	433.00	433.00	424.00	414.00	414.00	408.00	403.00	396.00	396.00	391.00
																																								0.00	0.00	72.00	72.00	75.00	75.00	37.00	0.00	0.00	0.00	0.00	44.00	73.00	78.00	78.00	42.00	9.00	9.00	4.00	4.00	43.00	65.00	65.00	65.00										18.00	16.00	16.00	22.00	22.00	59.00	97.00	97.00	116.00	123.00	130.00	130.00	140.00	140.00	152.00	164.00	164.00	179.00	195.00	195.00	212.00	230.00	230.00	248.00	268.00	268.00	290.00	312.00	312.00	334.00	334.00	357.00	380.00	404.00	404.00	428.00	452.00	452.00	476.00	476.00	499.00	523.00	545.00	545.00	567.00	588.00	588.00	608.00	608.00	626.00	645.00	645.00	661.00	675.00	688.00	688.00	698.00	698.00	707.00	715.00	715.00	720.00	720.00	723.00	723.00	721.00	721.00	717.00	712.00	712.00	704.00	704.00	695.00	685.00	672.00	672.00	659.00	644.00	644.00	627.00	627.00	610.00	592.00	592.00	573.00	553.00	538.00	538.00	527.00	527.00	516.00	503.00	503.00	489.00	476.00	467.00	467.00	461.00	461.00	457.00	454.00	454.00	452.00	451.00	451.00	454.00	458.00	458.00	464.00	467.00	467.00	464.00	461.00	461.00	460.00	459.00	459.00	458.00	451.00	451.00	450.00	451.00	451.00	451.00	451.00	447.00	442.00	443.00	443.00	445.00	446.00	446.00	448.00	448.00	450.00	451.00	452.00	452.00	454.00	454.00	454.00	455.00	455.00	456.00	453.00	453.00	444.00	435.00	440.00	440.00	444.00	444.00	442.00	435.00	435.00	423.00	423.00	425.00	425.00	436.00	436.00	441.00	437.00	437.00	436.00	436.00	439.00	438.00	437.00	437.00	436.00	435.00	435.00	434.00	434.00	431.00	416.00	416.00	401.00	388.00	379.00	379.00	372.00
																																								0.00	0.00	72.00	72.00	75.00	75.00	37.00	0.00	0.00	0.00	0.00	44.00	73.00	78.00	78.00	42.00	9.00	9.00	4.00	4.00	43.00	65.00	65.00	65.00										18.00	16.00	16.00	22.00	22.00	59.00	97.00	97.00	116.00	123.00	130.00	130.00	140.00	140.00	152.00	164.00	164.00	179.00	195.00	195.00	212.00	230.00	230.00	248.00	268.00	268.00	290.00	312.00	312.00	334.00	334.00	357.00	380.00	404.00	404.00	428.00	452.00	452.00	476.00	476.00	499.00	523.00	545.00	545.00	567.00	588.00	588.00	608.00	608.00	626.00	645.00	645.00	661.00	675.00	688.00	688.00	698.00	698.00	707.00	715.00	715.00	720.00	720.00	723.00	723.00	721.00	721.00	717.00	712.00	712.00	704.00	704.00	695.00	685.00	672.00	672.00	659.00	644.00	644.00	627.00	627.00	610.00	592.00	592.00	573.00	553.00	538.00	538.00	527.00	527.00	516.00	503.00	503.00	489.00	476.00	467.00	467.00	461.00	461.00	457.00	454.00	454.00	452.00	451.00	451.00	454.00	458.00	458.00	464.00	467.00	467.00	464.00	461.00	461.00	460.00	459.00	459.00	458.00	451.00	451.00	450.00	451.00	451.00	451.00	451.00	447.00	442.00	443.00	443.00	445.00	446.00	446.00	448.00	448.00	450.00	451.00	452.00	452.00	454.00	454.00	454.00	455.00	455.00	456.00	453.00	453.00	444.00	435.00	440.00	440.00	444.00	444.00	442.00	435.00	435.00	423.00	423.00	425.00	425.00	436.00	436.00	441.00	437.00	437.00	436.00	436.00	439.00	438.00	437.00	437.00	436.00	435.00	435.00	434.00	434.00	431.00	416.00	416.00	401.00	388.00	379.00	379.00	372.00
																																								0.00	0.00	72.00	72.00	75.00	75.00	37.00	0.00	0.00	0.00	0.00	44.00	73.00	78.00	78.00	42.00	9.00	9.00	4.00	4.00	43.00	65.00	65.00	65.00										18.00	16.00	16.00	22.00	22.00	59.00	97.00	97.00	116.00	123.00	130.00	130.00	140.00	140.00	152.00	164.00	164.00	179.00	195.00	195.00	212.00	230.00	230.00	248.00	268.00	268.00	290.00	312.00	312.00	334.00	334.00	357.00	380.00	404.00	404.00	428.00	452.00	452.00	476.00	476.00	499.00	523.00	545.00	545.00	567.00	588.00	588.00	608.00	608.00	626.00	645.00	645.00	661.00	675.00	688.00	688.00	698.00	698.00	707.00	715.00	715.00	720.00	720.00	723.00	723.00	721.00	721.00	717.00	712.00	712.00	704.00	704.00	695.00	685.00	672.00	672.00	659.00	644.00	644.00	627.00	627.00	610.00	592.00	592.00	573.00	553.00	538.00	538.00	527.00	527.00	516.00	503.00	503.00	489.00	476.00	467.00	467.00	461.00	461.00	457.00	454.00	454.00	452.00	451.00	451.00	454.00	458.00	458.00	464.00	467.00	467.00	464.00	461.00	461.00	460.00	459.00	459.00	458.00	451.00	451.00	450.00	451.00	451.00	451.00	451.00	447.00	442.00	443.00	443.00	445.00	446.00	446.00	448.00	448.00	450.00	451.00	452.00	452.00	454.00	454.00	454.00	455.00	455.00	456.00	453.00	453.00	444.00	435.00	440.00	440.00	444.00	444.00	442.00	435.00	435.00	423.00	423.00	425.00	425.00	436.00	436.00	441.00	437.00	437.00	436.00	436.00	439.00	438.00	437.00	437.00	436.00	435.00	435.00	434.00	434.00	431.00	416.00	416.00	401.00	388.00	379.00	379.00	372.00
																																																				73.00	78.00	78.00	42.00	9.00	9.00	4.00	4.00	43.00	65.00	65.00	65.00														22.00	59.00	97.00	97.00	116.00	123.00	130.00	130.00	140.00	140.00	152.00	164.00	164.00	179.00	195.00	195.00	212.00	230.00	230.00	248.00	268.00	268.00	290.00	312.00	312.00	334.00	334.00	357.00	380.00	404.00	404.00	428.00	452.00	452.00	476.00	476.00	499.00	523.00	545.00	545.00	567.00	588.00	588.00	608.00	608.00	626.00	645.00	645.00	661.00	675.00	688.00	688.00	698.00	698.00	707.00	715.00	715.00	720.00	720.00	723.00	723.00	721.00	721.00	717.00	712.00	712.00	704.00	704.00	695.00	685.00	672.00	672.00	659.00	644.00	644.00	627.00	627.00	610.00	592.00	592.00	573.00	553.00	538.00	538.00	527.00	527.00	516.00	503.00	503.00	489.00	476.00	467.00	467.00	461.00	461.00	457.00	454.00	454.00	452.00	451.00	451.00	454.00	458.00	458.00	464.00	467.00	467.00	464.00	461.00	461.00	460.00	459.00	459.00	458.00	451.00	451.00	450.00	451.00	451.00	451.00	451.00	447.00	442.00	443.00	443.00	445.00	446.00	446.00	448.00	448.00	450.00	451.00	452.00	452.00	454.00	454.00	454.00	455.00	455.00	456.00	453.00	453.00	444.00	435.00	440.00	440.00	444.00	444.00	442.00	435.00	435.00	423.00	423.00	425.00	425.00	436.00	436.00	441.00	437.00	437.00	436.00	436.00	439.00	438.00	437.00	437.00	436.00	435.00	435.00	434.00	434.00	431.00	416.00	416.00	401.00	388.00	379.00	379.00	372.00
																																																																														15.00	52.00	52.00	90.00	112.00	119.00	119.00	126.00	126.00	136.00	148.00	148.00	161.00	177.00	177.00	195.00	212.00	212.00	232.00	254.00	254.00	276.00	300.00	300.00	324.00	324.00	349.00	374.00	400.00	400.00	426.00	452.00	452.00	478.00	478.00	503.00	528.00	552.00	552.00	576.00	597.00	597.00	617.00	617.00	636.00	654.00	654.00	670.00	685.00	697.00	697.00	707.00	707.00	715.00	720.00	720.00	724.00	724.00	723.00	723.00	720.00	720.00	714.00	707.00	707.00	698.00	698.00	687.00	675.00	661.00	661.00	645.00	630.00	630.00	613.00	613.00	596.00	579.00	579.00	561.00	541.00	522.00	522.00	506.00	506.00	492.00	477.00	477.00	467.00	459.00	453.00	453.00	451.00	451.00	453.00	456.00	456.00	454.00	447.00	447.00	440.00	437.00	437.00	434.00	432.00	432.00	432.00	437.00	437.00	442.00	445.00	445.00	449.00	451.00	451.00	454.00	457.00	457.00	460.00	460.00	457.00	458.00	461.00	461.00	456.00	452.00	452.00	454.00	454.00	461.00	467.00	470.00	470.00	464.00	464.00	464.00	470.00	470.00	474.00	470.00	470.00	464.00	464.00	475.00	475.00	491.00	491.00	502.00	509.00	509.00	505.00	505.00	467.00	467.00	463.00	463.00	459.00	448.00	448.00	444.00	444.00	440.00	434.00	441.00	441.00	440.00	432.00	432.00	421.00	421.00	404.00	383.00	383.00	376.00	371.00	367.00	367.00	358.00
																																																																														15.00	52.00	52.00	90.00	112.00	119.00	119.00	126.00	126.00	136.00	148.00	148.00	161.00	177.00	177.00	195.00	212.00	212.00	232.00	254.00	254.00	276.00	300.00	300.00	324.00	324.00	349.00	374.00	400.00	400.00	426.00	452.00	452.00	478.00	478.00	503.00	528.00	552.00	552.00	576.00	597.00	597.00	617.00	617.00	636.00	654.00	654.00	670.00	685.00	697.00	697.00	707.00	707.00	715.00	720.00	720.00	724.00	724.00	723.00	723.00	720.00	720.00	714.00	707.00	707.00	698.00	698.00	687.00	675.00	661.00	661.00	645.00	630.00	630.00	613.00	613.00	596.00	579.00	579.00	561.00	541.00	522.00	522.00	506.00	506.00	492.00	477.00	477.00	467.00	459.00	453.00	453.00	451.00	451.00	453.00	456.00	456.00	454.00	447.00	447.00	440.00	437.00	437.00	434.00	432.00	432.00	432.00	437.00	437.00	442.00	445.00	445.00	449.00	451.00	451.00	454.00	457.00	457.00	460.00	460.00	457.00	458.00	461.00	461.00	456.00	452.00	452.00	454.00	454.00	461.00	467.00	470.00	470.00	464.00	464.00	464.00	470.00	470.00	474.00	470.00	470.00	464.00	464.00	475.00	475.00	491.00	491.00	502.00	509.00	509.00	505.00	505.00	467.00	467.00	463.00	463.00	459.00	448.00	448.00	444.00	444.00	440.00	434.00	441.00	441.00	440.00	432.00	432.00	421.00	421.00	404.00	383.00	383.00	376.00	371.00	367.00	367.00	358.00
																																																																														15.00	52.00	52.00	90.00	112.00	119.00	119.00	126.00	126.00	136.00	148.00	148.00	161.00	177.00	177.00	195.00	212.00	212.00	232.00	254.00	254.00	276.00	300.00	300.00	324.00	324.00	349.00	374.00	400.00	400.00	426.00	452.00	452.00	478.00	478.00	503.00	528.00	552.00	552.00	576.00	597.00	597.00	617.00	617.00	636.00	654.00	654.00	670.00	685.00	697.00	697.00	707.00	707.00	715.00	720.00	720.00	724.00	724.00	723.00	723.00	720.00	720.00	714.00	707.00	707.00	698.00	698.00	687.00	675.00	661.00	661.00	645.00	630.00	630.00	613.00	613.00	596.00	579.00	579.00	561.00	541.00	522.00	522.00	506.00	506.00	492.00	477.00	477.00	467.00	459.00	453.00	453.00	451.00	451.00	453.00	456.00	456.00	454.00	447.00	447.00	440.00	437.00	437.00	434.00	432.00	432.00	432.00	437.00	437.00	442.00	445.00	445.00	449.00	451.00	451.00	454.00	457.00	457.00	460.00	460.00	457.00	458.00	461.00	461.00	456.00	452.00	452.00	454.00	454.00	461.00	467.00	470.00	470.00	464.00	464.00	464.00	470.00	470.00	474.00	470.00	470.00	464.00	464.00	475.00	475.00	491.00	491.00	502.00	509.00	509.00	505.00	505.00	467.00	467.00	463.00	463.00	459.00	448.00	448.00	444.00	444.00	440.00	434.00	441.00	441.00	440.00	432.00	432.00	421.00	421.00	404.00	383.00	383.00	376.00	371.00	367.00	367.00	358.00
																																																																														15.00	52.00	52.00	90.00	112.00	119.00	119.00	126.00	126.00	136.00	148.00	148.00	161.00	177.00	177.00	195.00	212.00	212.00	232.00	254.00	254.00	276.00	300.00	300.00	324.00	324.00	349.00	374.00	400.00	400.00	426.00	452.00	452.00	478.00	478.00	503.00	528.00	552.00	552.00	576.00	597.00	597.00	617.00	617.00	636.00	654.00	654.00	670.00	685.00	697.00	697.00	707.00	707.00	715.00	720.00	720.00	724.00	724.00	723.00	723.00	720.00	720.00	714.00	707.00	707.00	698.00	698.00	687.00	675.00	661.00	661.00	645.00	630.00	630.00	613.00	613.00	596.00	579.00	579.00	561.00	541.00	522.00	522.00	506.00	506.00	492.00	477.00	477.00	467.00	459.00	453.00	453.00	451.00	451.00	453.00	456.00	456.00	454.00	447.00	447.00	440.00	437.00	437.00	434.00	432.00	432.00	432.00	437.00	437.00	442.00	445.00	445.00	449.00	451.00	451.00	454.00	457.00	457.00	460.00	460.00	457.00	458.00	461.00	461.00	456.00	452.00	452.00	454.00	454.00	461.00	467.00	470.00	470.00	464.00	464.00	464.00	470.00	470.00	474.00	470.00	470.00	464.00	464.00	475.00	475.00	491.00	491.00	502.00	509.00	509.00	505.00	505.00	467.00	467.00	463.00	463.00	459.00	448.00	448.00	444.00	444.00	440.00	434.00	441.00	441.00	440.00	432.00	432.00	421.00	421.00	404.00	383.00	383.00	376.00	371.00	367.00	367.00	358.00
																																																																															52.00	52.00	90.00	112.00	119.00	119.00	126.00	126.00	136.00	148.00	148.00	161.00	177.00	177.00	195.00	212.00	212.00	232.00	254.00	254.00	276.00	300.00	300.00	324.00	324.00	349.00	374.00	400.00	400.00	426.00	452.00	452.00	478.00	478.00	503.00	528.00	552.00	552.00	576.00	597.00	597.00	617.00	617.00	636.00	654.00	654.00	670.00	685.00	697.00	697.00	707.00	707.00	715.00	720.00	720.00	724.00	724.00	723.00	723.00	720.00	720.00	714.00	707.00	707.00	698.00	698.00	687.00	675.00	661.00	661.00	645.00	630.00	630.00	613.00	613.00	596.00	579.00	579.00	561.00	541.00	522.00	522.00	506.00	506.00	492.00	477.00	477.00	467.00	459.00	453.00	453.00	451.00	451.00	453.00	456.00	456.00	454.00	447.00	447.00	440.00	437.00	437.00	434.00	432.00	432.00	432.00	437.00	437.00	442.00	445.00	445.00	449.00	451.00	451.00	454.00	457.00	457.00	460.00	460.00	457.00	458.00	461.00	461.00	456.00	452.00	452.00	454.00	454.00	461.00	467.00	470.00	470.00	464.00	464.00	464.00	470.00	470.00	474.00	470.00	470.00	464.00	464.00	475.00	475.00	491.00	491.00	502.00	509.00	509.00	505.00	505.00	467.00	467.00	463.00	463.00	459.00	448.00	448.00	444.00	444.00	440.00	434.00	441.00	441.00	440.00	432.00	432.00	421.00	421.00	404.00	383.00	383.00	376.00	371.00	367.00	367.00	358.00
																																																																															52.00	52.00	90.00	112.00	119.00	119.00	126.00	126.00	136.00	148.00	148.00	161.00	177.00	177.00	195.00	212.00	212.00	232.00	254.00	254.00	276.00	300.00	300.00	324.00	324.00	349.00	374.00	400.00	400.00	426.00	452.00	452.00	478.00	478.00	503.00	528.00	552.00	552.00	576.00	597.00	597.00	617.00	617.00	636.00	654.00	654.00	670.00	685.00	697.00	697.00	707.00	707.00	715.00	720.00	720.00	724.00	724.00	723.00	723.00	720.00	720.00	714.00	707.00	707.00	698.00	698.00	687.00	675.00	661.00	661.00	645.00	630.00	630.00	613.00	613.00	596.00	579.00	579.00	561.00	541.00	522.00	522.00	506.00	506.00	492.00	477.00	477.00	467.00	459.00	453.00	453.00	451.00	451.00	453.00	456.00	456.00	454.00	447.00	447.00	440.00	437.00	437.00	434.00	432.00	432.00	432.00	437.00	437.00	442.00	445.00	445.00	449.00	451.00	451.00	454.00	457.00	457.00	460.00	460.00	457.00	458.00	461.00	461.00	456.00	452.00	452.00	454.00	454.00	461.00	467.00	470.00	470.00	464.00	464.00	464.00	470.00	470.00	474.00	470.00	470.00	464.00	464.00	475.00	475.00	491.00	491.00	502.00	509.00	509.00	505.00	505.00	467.00	467.00	463.00	463.00	459.00	448.00	448.00	444.00	444.00	440.00	434.00	441.00	441.00	440.00	432.00	432.00	421.00	421.00	404.00	383.00	383.00	376.00	371.00	367.00	367.00	358.00
																																																																															52.00	52.00	90.00	112.00	119.00	119.00	126.00	126.00	136.00	148.00	148.00	161.00	177.00	177.00	195.00	212.00	212.00	232.00	254.00	254.00	276.00	300.00	300.00	324.00	324.00	349.00	374.00	400.00	400.00	426.00	452.00	452.00	478.00	478.00	503.00	528.00	552.00	552.00	576.00	597.00	597.00	617.00	617.00	636.00	654.00	654.00	670.00	685.00	697.00	697.00	707.00	707.00	715.00	720.00	720.00	724.00	724.00	723.00	723.00	720.00	720.00	714.00	707.00	707.00	698.00	698.00	687.00	675.00	661.00	661.00	645.00	630.00	630.00	613.00	613.00	596.00	579.00	579.00	561.00	541.00	522.00	522.00	506.00	506.00	492.00	477.00	477.00	467.00	459.00	453.00	453.00	451.00	451.00	453.00	456.00	456.00	454.00	447.00	447.00	440.00	437.00	437.00	434.00	432.00	432.00	432.00	437.00	437.00	442.00	445.00	445.00	449.00	451.00	451.00	454.00	457.00	457.00	460.00	460.00	457.00	458.00	461.00	461.00	456.00	452.00	452.00	454.00	454.00	461.00	467.00	470.00	470.00	464.00	464.00	464.00	470.00	470.00	474.00	470.00	470.00	464.00	464.00	475.00	475.00	491.00	491.00	502.00	509.00	509.00	505.00	505.00	467.00	467.00	463.00	463.00	459.00	448.00	448.00	444.00	444.00	440.00	434.00	441.00	441.00	440.00	432.00	432.00	421.00	421.00	404.00	383.00	383.00	376.00	371.00	367.00	367.00	358.00
																																																																															52.00	52.00	90.00	112.00	119.00	119.00	126.00	126.00	136.00	148.00	148.00	161.00	177.00	177.00	195.00	212.00	212.00	232.00	254.00	254.00	276.00	300.00	300.00	324.00	324.00	349.00	374.00	400.00	400.00	426.00	452.00	452.00	478.00	478.00	503.00	528.00	552.00	552.00	576.00	597.00	597.00	617.00	617.00	636.00	654.00	654.00	670.00	685.00	697.00	697.00	707.00	707.00	715.00	720.00	720.00	724.00	724.00	723.00	723.00	720.00	720.00	714.00	707.00	707.00	698.00	698.00	687.00	675.00	661.00	661.00	645.00	630.00	630.00	613.00	613.00	596.00	579.00	579.00	561.00	541.00	522.00	522.00	506.00	506.00	492.00	477.00	477.00	467.00	459.00	453.00	453.00	451.00	451.00	453.00	456.00	456.00	454.00	447.00	447.00	440.00	437.00	437.00	434.00	432.00	432.00	432.00	437.00	437.00	442.00	445.00	445.00	449.00	451.00	451.00	454.00	457.00	457.00	460.00	460.00	457.00	458.00	461.00	461.00	456.00	452.00	452.00	454.00	454.00	461.00	467.00	470.00	470.00	464.00	464.00	464.00	470.00	470.00	474.00	470.00	470.00	464.00	464.00	475.00	475.00	491.00	491.00	502.00	509.00	509.00	505.00	505.00	467.00	467.00	463.00	463.00	459.00	448.00	448.00	444.00	444.00	440.00	434.00	441.00	441.00	440.00	432.00	432.00	421.00	421.00	404.00	383.00	383.00	376.00	371.00	367.00	367.00	358.00
																																																																														0.00	12.00	12.00	58.00	94.00	112.00	112.00	119.00	119.00	126.00	136.00	136.00	149.00	163.00	163.00	180.00	199.00	199.00	219.00	240.00	240.00	264.00	288.00	288.00	314.00	314.00	341.00	368.00	396.00	396.00	423.00	451.00	451.00	479.00	479.00	506.00	534.00	558.00	558.00	583.00	607.00	607.00	626.00	626.00	646.00	664.00	664.00	680.00	695.00	707.00	707.00	714.00	714.00	721.00	725.00	725.00	726.00	726.00	724.00	724.00	717.00	717.00	710.00	701.00	701.00	689.00	689.00	677.00	663.00	648.00	648.00	631.00	614.00	614.00	596.00	596.00	577.00	559.00	559.00	542.00	524.00	506.00	506.00	488.00	488.00	471.00	463.00	463.00	457.00	450.00	442.00	442.00	434.00	434.00	427.00	424.00	424.00	421.00	420.00	420.00	420.00	423.00	423.00	426.00	429.00	429.00	431.00	436.00	436.00	441.00	447.00	447.00	451.00	455.00	455.00	459.00	463.00	463.00	476.00	476.00	488.00	492.00	488.00	488.00	476.00	479.00	479.00	507.00	507.00	535.00	549.00	557.00	557.00	559.00	560.00	560.00	563.00	563.00	569.00	576.00	576.00	592.00	613.00	628.00	628.00	628.00	628.00	619.00	609.00	609.00	599.00	599.00	566.00	566.00	550.00	550.00	535.00	520.00	520.00	506.00	506.00	504.00	506.00	506.00	506.00	492.00	468.00	468.00	437.00	437.00	417.00	400.00	400.00	382.00	385.00	381.00	381.00	368.00
																																																																														0.00	12.00	12.00	58.00	94.00	112.00	112.00	119.00	119.00	126.00	136.00	136.00	149.00	163.00	163.00	180.00	199.00	199.00	219.00	240.00	240.00	264.00	288.00	288.00	314.00	314.00	341.00	368.00	396.00	396.00	423.00	451.00	451.00	479.00	479.00	506.00	534.00	558.00	558.00	583.00	607.00	607.00	626.00	626.00	646.00	664.00	664.00	680.00	695.00	707.00	707.00	714.00	714.00	721.00	725.00	725.00	726.00	726.00	724.00	724.00	717.00	717.00	710.00	701.00	701.00	689.00	689.00	677.00	663.00	648.00	648.00	631.00	614.00	614.00	596.00	596.00	577.00	559.00	559.00	542.00	524.00	506.00	506.00	488.00	488.00	471.00	463.00	463.00	457.00	450.00	442.00	442.00	434.00	434.00	427.00	424.00	424.00	421.00	420.00	420.00	420.00	423.00	423.00	426.00	429.00	429.00	431.00	436.00	436.00	441.00	447.00	447.00	451.00	455.00	455.00	459.00	463.00	463.00	476.00	476.00	488.00	492.00	488.00	488.00	476.00	479.00	479.00	507.00	507.00	535.00	549.00	557.00	557.00	559.00	560.00	560.00	563.00	563.00	569.00	576.00	576.00	592.00	613.00	628.00	628.00	628.00	628.00	619.00	609.00	609.00	599.00	599.00	566.00	566.00	550.00	550.00	535.00	520.00	520.00	506.00	506.00	504.00	506.00	506.00	506.00	492.00	468.00	468.00	437.00	437.00	417.00	400.00	400.00	382.00	385.00	381.00	381.00	368.00
																																																																														0.00	12.00	12.00	58.00	94.00	112.00	112.00	119.00	119.00	126.00	136.00	136.00	149.00	163.00	163.00	180.00	199.00	199.00	219.00	240.00	240.00	264.00	288.00	288.00	314.00	314.00	341.00	368.00	396.00	396.00	423.00	451.00	451.00	479.00	479.00	506.00	534.00	558.00	558.00	583.00	607.00	607.00	626.00	626.00	646.00	664.00	664.00	680.00	695.00	707.00	707.00	714.00	714.00	721.00	725.00	725.00	726.00	726.00	724.00	724.00	717.00	717.00	710.00	701.00	701.00	689.00	689.00	677.00	663.00	648.00	648.00	631.00	614.00	614.00	596.00	596.00	577.00	559.00	559.00	542.00	524.00	506.00	506.00	488.00	488.00	471.00	463.00	463.00	457.00	450.00	442.00	442.00	434.00	434.00	427.00	424.00	424.00	421.00	420.00	420.00	420.00	423.00	423.00	426.00	429.00	429.00	431.00	436.00	436.00	441.00	447.00	447.00	451.00	455.00	455.00	459.00	463.00	463.00	476.00	476.00	488.00	492.00	488.00	488.00	476.00	479.00	479.00	507.00	507.00	535.00	549.00	557.00	557.00	559.00	560.00	560.00	563.00	563.00	569.00	576.00	576.00	592.00	613.00	628.00	628.00	628.00	628.00	619.00	609.00	609.00	599.00	599.00	566.00	566.00	550.00	550.00	535.00	520.00	520.00	506.00	506.00	504.00	506.00	506.00	506.00	492.00	468.00	468.00	437.00	437.00	417.00	400.00	400.00	382.00	385.00	381.00	381.00	368.00
																																																																														0.00	12.00	12.00	58.00	94.00	112.00	112.00	119.00	119.00	126.00	136.00	136.00	149.00	163.00	163.00	180.00	199.00	199.00	219.00	240.00	240.00	264.00	288.00	288.00	314.00	314.00	341.00	368.00	396.00	396.00	423.00	451.00	451.00	479.00	479.00	506.00	534.00	558.00	558.00	583.00	607.00	607.00	626.00	626.00	646.00	664.00	664.00	680.00	695.00	707.00	707.00	714.00	714.00	721.00	725.00	725.00	726.00	726.00	724.00	724.00	717.00	717.00	710.00	701.00	701.00	689.00	689.00	677.00	663.00	648.00	648.00	631.00	614.00	614.00	596.00	596.00	577.00	559.00	559.00	542.00	524.00	506.00	506.00	488.00	488.00	471.00	463.00	463.00	457.00	450.00	442.00	442.00	434.00	434.00	427.00	424.00	424.00	421.00	420.00	420.00	420.00	423.00	423.00	426.00	429.00	429.00	431.00	436.00	436.00	441.00	447.00	447.00	451.00	455.00	455.00	459.00	463.00	463.00	476.00	476.00	488.00	492.00	488.00	488.00	476.00	479.00	479.00	507.00	507.00	535.00	549.00	557.00	557.00	559.00	560.00	560.00	563.00	563.00	569.00	576.00	576.00	592.00	613.00	628.00	628.00	628.00	628.00	619.00	609.00	609.00	599.00	599.00	566.00	566.00	550.00	550.00	535.00	520.00	520.00	506.00	506.00	504.00	506.00	506.00	506.00	492.00	468.00	468.00	437.00	437.00	417.00	400.00	400.00	382.00	385.00	381.00	381.00	368.00
																																																																														28.00	68.00	68.00	110.00	110.00	111.00	111.00	113.00	113.00	121.00	128.00	128.00	139.00	154.00	154.00	169.00	187.00	187.00	208.00	229.00	229.00	253.00	278.00	278.00	304.00	304.00	332.00	361.00	391.00	391.00	420.00	450.00	450.00	481.00	481.00	508.00	536.00	563.00	563.00	588.00	612.00	612.00	636.00	636.00	654.00	672.00	672.00	689.00	700.00	711.00	711.00	720.00	720.00	724.00	727.00	727.00	728.00	728.00	719.00	719.00	712.00	712.00	703.00	692.00	692.00	679.00	679.00	665.00	651.00	635.00	635.00	617.00	598.00	598.00	579.00	579.00	559.00	539.00	539.00	520.00	502.00	486.00	486.00	470.00	470.00	453.00	435.00	435.00	430.00	426.00	428.00	428.00	425.00	425.00	422.00	420.00	420.00	418.00	414.00	414.00	422.00	440.00	440.00	457.00	467.00	467.00	464.00	455.00	455.00	458.00	480.00	480.00	502.00	521.00	521.00	532.00	540.00	540.00	547.00	547.00	557.00	571.00	580.00	580.00	593.00	614.00	614.00	640.00	640.00	644.00	647.00	639.00	639.00	636.00	641.00	641.00	654.00	654.00	659.00	661.00	661.00	662.00	663.00	664.00	664.00	664.00	664.00	665.00	663.00	663.00	654.00	654.00	647.00	647.00	636.00	636.00	624.00	613.00	613.00	599.00	599.00	585.00	577.00	573.00	573.00	567.00	538.00	538.00	507.00	507.00	487.00	479.00	479.00	473.00	467.00	444.00	444.00	408.00
																																																																														28.00	68.00	68.00	110.00	110.00	111.00	111.00	113.00	113.00	121.00	128.00	128.00	139.00	154.00	154.00	169.00	187.00	187.00	208.00	229.00	229.00	253.00	278.00	278.00	304.00	304.00	332.00	361.00	391.00	391.00	420.00	450.00	450.00	481.00	481.00	508.00	536.00	563.00	563.00	588.00	612.00	612.00	636.00	636.00	654.00	672.00	672.00	689.00	700.00	711.00	711.00	720.00	720.00	724.00	727.00	727.00	728.00	728.00	719.00	719.00	712.00	712.00	703.00	692.00	692.00	679.00	679.00	665.00	651.00	635.00	635.00	617.00	598.00	598.00	579.00	579.00	559.00	539.00	539.00	520.00	502.00	486.00	486.00	470.00	470.00	453.00	435.00	435.00	430.00	426.00	428.00	428.00	425.00	425.00	422.00	420.00	420.00	418.00	414.00	414.00	422.00	440.00	440.00	457.00	467.00	467.00	464.00	455.00	455.00	458.00	480.00	480.00	502.00	521.00	521.00	532.00	540.00	540.00	547.00	547.00	557.00	571.00	580.00	580.00	593.00	614.00	614.00	640.00	640.00	644.00	647.00	639.00	639.00	636.00	641.00	641.00	654.00	654.00	659.00	661.00	661.00	662.00	663.00	664.00	664.00	664.00	664.00	665.00	663.00	663.00	654.00	654.00	647.00	647.00	636.00	636.00	624.00	613.00	613.00	599.00	599.00	585.00	577.00	573.00	573.00	567.00	538.00	538.00	507.00	507.00	487.00	479.00	479.00	473.00	467.00	444.00	444.00	408.00
																																																																															68.00	68.00	110.00	110.00	111.00	111.00	113.00	113.00	121.00	128.00	128.00	139.00	154.00	154.00	169.00	187.00	187.00	208.00	229.00	229.00	253.00	278.00	278.00	304.00	304.00	332.00	361.00	391.00	391.00	420.00	450.00	450.00	481.00	481.00	508.00	536.00	563.00	563.00	588.00	612.00	612.00	636.00	636.00	654.00	672.00	672.00	689.00	700.00	711.00	711.00	720.00	720.00	724.00	727.00	727.00	728.00	728.00	719.00	719.00	712.00	712.00	703.00	692.00	692.00	679.00	679.00	665.00	651.00	635.00	635.00	617.00	598.00	598.00	579.00	579.00	559.00	539.00	539.00	520.00	502.00	486.00	486.00	470.00	470.00	453.00	435.00	435.00	430.00	426.00	428.00	428.00	425.00	425.00	422.00	420.00	420.00	418.00	414.00	414.00	422.00	440.00	440.00	457.00	467.00	467.00	464.00	455.00	455.00	458.00	480.00	480.00	502.00	521.00	521.00	532.00	540.00	540.00	547.00	547.00	557.00	571.00	580.00	580.00	593.00	614.00	614.00	640.00	640.00	644.00	647.00	639.00	639.00	636.00	641.00	641.00	654.00	654.00	659.00	661.00	661.00	662.00	663.00	664.00	664.00	664.00	664.00	665.00	663.00	663.00	654.00	654.00	647.00	647.00	636.00	636.00	624.00	613.00	613.00	599.00	599.00	585.00	577.00	573.00	573.00	567.00	538.00	538.00	507.00	507.00	487.00	479.00	479.00	473.00	467.00	444.00	444.00	408.00
																																																																															68.00	68.00	110.00	110.00	111.00	111.00	113.00	113.00	121.00	128.00	128.00	139.00	154.00	154.00	169.00	187.00	187.00	208.00	229.00	229.00	253.00	278.00	278.00	304.00	304.00	332.00	361.00	391.00	391.00	420.00	450.00	450.00	481.00	481.00	508.00	536.00	563.00	563.00	588.00	612.00	612.00	636.00	636.00	654.00	672.00	672.00	689.00	700.00	711.00	711.00	720.00	720.00	724.00	727.00	727.00	728.00	728.00	719.00	719.00	712.00	712.00	703.00	692.00	692.00	679.00	679.00	665.00	651.00	635.00	635.00	617.00	598.00	598.00	579.00	579.00	559.00	539.00	539.00	520.00	502.00	486.00	486.00	470.00	470.00	453.00	435.00	435.00	430.00	426.00	428.00	428.00	425.00	425.00	422.00	420.00	420.00	418.00	414.00	414.00	422.00	440.00	440.00	457.00	467.00	467.00	464.00	455.00	455.00	458.00	480.00	480.00	502.00	521.00	521.00	532.00	540.00	540.00	547.00	547.00	557.00	571.00	580.00	580.00	593.00	614.00	614.00	640.00	640.00	644.00	647.00	639.00	639.00	636.00	641.00	641.00	654.00	654.00	659.00	661.00	661.00	662.00	663.00	664.00	664.00	664.00	664.00	665.00	663.00	663.00	654.00	654.00	647.00	647.00	636.00	636.00	624.00	613.00	613.00	599.00	599.00	585.00	577.00	573.00	573.00	567.00	538.00	538.00	507.00	507.00	487.00	479.00	479.00	473.00	467.00	444.00	444.00	408.00
																																																																																34.00	72.00	109.00	110.00	110.00	111.00	111.00	114.00	123.00	123.00	132.00	143.00	143.00	160.00	178.00	178.00	198.00	222.00	222.00	246.00	271.00	271.00	298.00	298.00	326.00	355.00	385.00	385.00	415.00	446.00	446.00	476.00	476.00	507.00	536.00	564.00	564.00	592.00	616.00	616.00	640.00	640.00	664.00	682.00	682.00	698.00	713.00	720.00	720.00	726.00	726.00	731.00	733.00	733.00	732.00	732.00	718.00	718.00	708.00	708.00	696.00	683.00	683.00	669.00	669.00	655.00	639.00	621.00	621.00	602.00	584.00	584.00	564.00	564.00	545.00	526.00	526.00	509.00	492.00	476.00	476.00	461.00	461.00	447.00	435.00	435.00	423.00	425.00	432.00	432.00	438.00	438.00	435.00	435.00	435.00	437.00	453.00	453.00	475.00	493.00	493.00	500.00	509.00	509.00	519.00	530.00	530.00	550.00	565.00	565.00	572.00	577.00	577.00	580.00	583.00	583.00	590.00	590.00	602.00	614.00	626.00	626.00	634.00	638.00	638.00	642.00	642.00	645.00	645.00	644.00	644.00	646.00	650.00	650.00	657.00	657.00	660.00	659.00	659.00	656.00	654.00	652.00	652.00	649.00	649.00	653.00	659.00	659.00	664.00	664.00	661.00	661.00	659.00	659.00	660.00	665.00	665.00	662.00	662.00	639.00	619.00	601.00	601.00	583.00	563.00	563.00	549.00	549.00	544.00	543.00	543.00	540.00	531.00	524.00	524.00	496.00
																																																																																34.00	72.00	109.00	110.00	110.00	111.00	111.00	114.00	123.00	123.00	132.00	143.00	143.00	160.00	178.00	178.00	198.00	222.00	222.00	246.00	271.00	271.00	298.00	298.00	326.00	355.00	385.00	385.00	415.00	446.00	446.00	476.00	476.00	507.00	536.00	564.00	564.00	592.00	616.00	616.00	640.00	640.00	664.00	682.00	682.00	698.00	713.00	720.00	720.00	726.00	726.00	731.00	733.00	733.00	732.00	732.00	718.00	718.00	708.00	708.00	696.00	683.00	683.00	669.00	669.00	655.00	639.00	621.00	621.00	602.00	584.00	584.00	564.00	564.00	545.00	526.00	526.00	509.00	492.00	476.00	476.00	461.00	461.00	447.00	435.00	435.00	423.00	425.00	432.00	432.00	438.00	438.00	435.00	435.00	435.00	437.00	453.00	453.00	475.00	493.00	493.00	500.00	509.00	509.00	519.00	530.00	530.00	550.00	565.00	565.00	572.00	577.00	577.00	580.00	583.00	583.00	590.00	590.00	602.00	614.00	626.00	626.00	634.00	638.00	638.00	642.00	642.00	645.00	645.00	644.00	644.00	646.00	650.00	650.00	657.00	657.00	660.00	659.00	659.00	656.00	654.00	652.00	652.00	649.00	649.00	653.00	659.00	659.00	664.00	664.00	661.00	661.00	659.00	659.00	660.00	665.00	665.00	662.00	662.00	639.00	619.00	601.00	601.00	583.00	563.00	563.00	549.00	549.00	544.00	543.00	543.00	540.00	531.00	524.00	524.00	496.00
																																																																																	72.00	109.00	110.00	110.00	111.00	111.00	114.00	123.00	123.00	132.00	143.00	143.00	160.00	178.00	178.00	198.00	222.00	222.00	246.00	271.00	271.00	298.00	298.00	326.00	355.00	385.00	385.00	415.00	446.00	446.00	476.00	476.00	507.00	536.00	564.00	564.00	592.00	616.00	616.00	640.00	640.00	664.00	682.00	682.00	698.00	713.00	720.00	720.00	726.00	726.00	731.00	733.00	733.00	732.00	732.00	718.00	718.00	708.00	708.00	696.00	683.00	683.00	669.00	669.00	655.00	639.00	621.00	621.00	602.00	584.00	584.00	564.00	564.00	545.00	526.00	526.00	509.00	492.00	476.00	476.00	461.00	461.00	447.00	435.00	435.00	423.00	425.00	432.00	432.00	438.00	438.00	435.00	435.00	435.00	437.00	453.00	453.00	475.00	493.00	493.00	500.00	509.00	509.00	519.00	530.00	530.00	550.00	565.00	565.00	572.00	577.00	577.00	580.00	583.00	583.00	590.00	590.00	602.00	614.00	626.00	626.00	634.00	638.00	638.00	642.00	642.00	645.00	645.00	644.00	644.00	646.00	650.00	650.00	657.00	657.00	660.00	659.00	659.00	656.00	654.00	652.00	652.00	649.00	649.00	653.00	659.00	659.00	664.00	664.00	661.00	661.00	659.00	659.00	660.00	665.00	665.00	662.00	662.00	639.00	619.00	601.00	601.00	583.00	563.00	563.00	549.00	549.00	544.00	543.00	543.00	540.00	531.00	524.00	524.00	496.00
																																																																																	72.00	109.00	110.00	110.00	111.00	111.00	114.00	123.00	123.00	132.00	143.00	143.00	160.00	178.00	178.00	198.00	222.00	222.00	246.00	271.00	271.00	298.00	298.00	326.00	355.00	385.00	385.00	415.00	446.00	446.00	476.00	476.00	507.00	536.00	564.00	564.00	592.00	616.00	616.00	640.00	640.00	664.00	682.00	682.00	698.00	713.00	720.00	720.00	726.00	726.00	731.00	733.00	733.00	732.00	732.00	718.00	718.00	708.00	708.00	696.00	683.00	683.00	669.00	669.00	655.00	639.00	621.00	621.00	602.00	584.00	584.00	564.00	564.00	545.00	526.00	526.00	509.00	492.00	476.00	476.00	461.00	461.00	447.00	435.00	435.00	423.00	425.00	432.00	432.00	438.00	438.00	435.00	435.00	435.00	437.00	453.00	453.00	475.00	493.00	493.00	500.00	509.00	509.00	519.00	530.00	530.00	550.00	565.00	565.00	572.00	577.00	577.00	580.00	583.00	583.00	590.00	590.00	602.00	614.00	626.00	626.00	634.00	638.00	638.00	642.00	642.00	645.00	645.00	644.00	644.00	646.00	650.00	650.00	657.00	657.00	660.00	659.00	659.00	656.00	654.00	652.00	652.00	649.00	649.00	653.00	659.00	659.00	664.00	664.00	661.00	661.00	659.00	659.00	660.00	665.00	665.00	662.00	662.00	639.00	619.00	601.00	601.00	583.00	563.00	563.00	549.00	549.00	544.00	543.00	543.00	540.00	531.00	524.00	524.00	496.00
																																																																																59.00	88.00	102.00	98.00	98.00	91.00	91.00	97.00	114.00	114.00	126.00	138.00	138.00	152.00	171.00	171.00	191.00	212.00	212.00	237.00	263.00	263.00	291.00	291.00	320.00	350.00	382.00	382.00	414.00	446.00	446.00	477.00	477.00	507.00	540.00	570.00	570.00	599.00	626.00	626.00	651.00	651.00	675.00	698.00	698.00	714.00	729.00	744.00	744.00	752.00	752.00	757.00	760.00	760.00	753.00	753.00	743.00	743.00	728.00	728.00	709.00	688.00	688.00	676.00	676.00	657.00	634.00	615.00	615.00	594.00	573.00	573.00	558.00	558.00	537.00	515.00	515.00	498.00	480.00	464.00	464.00	455.00	455.00	448.00	441.00	441.00	436.00	431.00	432.00	432.00	437.00	437.00	448.00	461.00	461.00	472.00	483.00	483.00	496.00	506.00	506.00	510.00	519.00	519.00	527.00	534.00	534.00	549.00	566.00	566.00	577.00	578.00	578.00	583.00	592.00	592.00	598.00	598.00	603.00	610.00	619.00	619.00	626.00	629.00	629.00	629.00	629.00	629.00	631.00	635.00	635.00	639.00	644.00	644.00	648.00	648.00	650.00	648.00	648.00	647.00	647.00	649.00	649.00	651.00	651.00	654.00	656.00	656.00	657.00	657.00	657.00	657.00	657.00	657.00	658.00	658.00	658.00	659.00	659.00	660.00	640.00	616.00	616.00	589.00	574.00	574.00	563.00	563.00	555.00	554.00	554.00	551.00	548.00	556.00	556.00	570.00
																														0.00	0.00																																																		88.00	102.00	98.00						114.00	126.00	138.00	138.00	152.00	171.00	171.00	191.00	212.00	212.00	237.00	263.00	263.00	291.00	291.00	320.00	350.00	382.00	382.00	414.00	446.00	446.00	477.00	477.00	507.00	540.00	570.00	570.00	599.00	626.00	626.00	651.00	651.00	675.00	698.00	698.00	714.00	729.00	744.00	744.00	752.00	752.00	757.00	760.00	760.00	753.00	753.00	743.00	743.00	728.00	728.00	709.00	688.00	688.00	676.00	676.00	657.00	634.00	615.00	615.00	594.00	573.00	573.00	558.00	558.00	537.00	515.00	515.00	498.00	480.00	464.00	464.00	455.00	455.00	448.00	441.00	441.00	436.00	431.00	432.00	432.00	437.00	437.00	448.00	461.00	461.00	472.00	483.00	483.00	496.00	506.00	506.00	510.00	519.00	519.00	527.00	534.00	534.00	549.00	566.00	566.00	577.00	578.00	578.00	583.00	592.00	592.00	598.00	598.00	603.00	610.00	619.00	619.00	626.00	629.00	629.00	629.00	629.00	629.00	631.00	635.00	635.00	639.00	644.00	644.00	648.00	648.00	650.00	648.00	648.00	647.00	647.00	649.00	649.00	651.00	651.00	654.00	656.00	656.00	657.00	657.00	657.00	657.00	657.00	657.00	658.00	658.00	658.00	659.00	659.00	660.00	640.00	616.00	616.00	589.00	574.00	574.00	563.00	563.00	555.00	554.00	554.00	551.00	548.00	556.00	556.00	570.00
																														0.00	0.00																																																		88.00	102.00	98.00						114.00	126.00	138.00	138.00	152.00	171.00	171.00	191.00	212.00	212.00	237.00	263.00	263.00	291.00	291.00	320.00	350.00	382.00	382.00	414.00	446.00	446.00	477.00	477.00	507.00	540.00	570.00	570.00	599.00	626.00	626.00	651.00	651.00	675.00	698.00	698.00	714.00	729.00	744.00	744.00	752.00	752.00	757.00	760.00	760.00	753.00	753.00	743.00	743.00	728.00	728.00	709.00	688.00	688.00	676.00	676.00	657.00	634.00	615.00	615.00	594.00	573.00	573.00	558.00	558.00	537.00	515.00	515.00	498.00	480.00	464.00	464.00	455.00	455.00	448.00	441.00	441.00	436.00	431.00	432.00	432.00	437.00	437.00	448.00	461.00	461.00	472.00	483.00	483.00	496.00	506.00	506.00	510.00	519.00	519.00	527.00	534.00	534.00	549.00	566.00	566.00	577.00	578.00	578.00	583.00	592.00	592.00	598.00	598.00	603.00	610.00	619.00	619.00	626.00	629.00	629.00	629.00	629.00	629.00	631.00	635.00	635.00	639.00	644.00	644.00	648.00	648.00	650.00	648.00	648.00	647.00	647.00	649.00	649.00	651.00	651.00	654.00	656.00	656.00	657.00	657.00	657.00	657.00	657.00	657.00	658.00	658.00	658.00	659.00	659.00	660.00	640.00	616.00	616.00	589.00	574.00	574.00	563.00	563.00	555.00	554.00	554.00	551.00	548.00	556.00	556.00	570.00
																														0.00	0.00																																																		88.00	102.00	98.00						114.00	126.00	138.00	138.00	152.00	171.00	171.00	191.00	212.00	212.00	237.00	263.00	263.00	291.00	291.00	320.00	350.00	382.00	382.00	414.00	446.00	446.00	477.00	477.00	507.00	540.00	570.00	570.00	599.00	626.00	626.00	651.00	651.00	675.00	698.00	698.00	714.00	729.00	744.00	744.00	752.00	752.00	757.00	760.00	760.00	753.00	753.00	743.00	743.00	728.00	728.00	709.00	688.00	688.00	676.00	676.00	657.00	634.00	615.00	615.00	594.00	573.00	573.00	558.00	558.00	537.00	515.00	515.00	498.00	480.00	464.00	464.00	455.00	455.00	448.00	441.00	441.00	436.00	431.00	432.00	432.00	437.00	437.00	448.00	461.00	461.00	472.00	483.00	483.00	496.00	506.00	506.00	510.00	519.00	519.00	527.00	534.00	534.00	549.00	566.00	566.00	577.00	578.00	578.00	583.00	592.00	592.00	598.00	598.00	603.00	610.00	619.00	619.00	626.00	629.00	629.00	629.00	629.00	629.00	631.00	635.00	635.00	639.00	644.00	644.00	648.00	648.00	650.00	648.00	648.00	647.00	647.00	649.00	649.00	651.00	651.00	654.00	656.00	656.00	657.00	657.00	657.00	657.00	657.00	657.00	658.00	658.00	658.00	659.00	659.00	660.00	640.00	616.00	616.00	589.00	574.00	574.00	563.00	563.00	555.00	554.00	554.00	551.00	548.00	556.00	556.00	570.00
																													150.00	150.00	219.00	289.00																																																											70.00	70.00	107.00	157.00	157.00	181.00	205.00	205.00	230.00	258.00	258.00	287.00	287.00	316.00	349.00	385.00	385.00	420.00	453.00	453.00	487.00	487.00	520.00	552.00	584.00	584.00	613.00	640.00	640.00	667.00	667.00	691.00	711.00	711.00	729.00	744.00	755.00	755.00	765.00	765.00	768.00	769.00	769.00	769.00	769.00	759.00	759.00	753.00	753.00	740.00	730.00	730.00	721.00	721.00	689.00	664.00	645.00	645.00	634.00	624.00	624.00	610.00	610.00	570.00	529.00	529.00	494.00	481.00	468.00	468.00	459.00	459.00	453.00	448.00	448.00	448.00	455.00	467.00	467.00	482.00	482.00	493.00	501.00	501.00	507.00	511.00	511.00	515.00	518.00	518.00	521.00	524.00	524.00	530.00	532.00	532.00	531.00	537.00	537.00	542.00	551.00	551.00	569.00	588.00	588.00	607.00	607.00	609.00	609.00	612.00	612.00	621.00	627.00	627.00	631.00	631.00	636.00	640.00	644.00	644.00	649.00	653.00	653.00	655.00	655.00	655.00	653.00	653.00	653.00	656.00	659.00	659.00	662.00	662.00	665.00	668.00	668.00	668.00	668.00	663.00	663.00	664.00	664.00	667.00	669.00	669.00	672.00	672.00	668.00	653.00	624.00	624.00	603.00	592.00	592.00	581.00	581.00	573.00	579.00	579.00	587.00	592.00	592.00	592.00	582.00
																												81.00	150.00	150.00	219.00	289.00																																																													107.00	157.00	157.00	181.00	205.00	205.00	230.00	258.00	258.00	287.00	287.00	316.00	349.00	385.00	385.00	420.00	453.00	453.00	487.00	487.00	520.00	552.00	584.00	584.00	613.00	640.00	640.00	667.00	667.00	691.00	711.00	711.00	729.00	744.00	755.00	755.00	765.00	765.00	768.00	769.00	769.00	769.00	769.00	759.00	759.00	753.00	753.00	740.00	730.00	730.00	721.00	721.00	689.00	664.00	645.00	645.00	634.00	624.00	624.00	610.00	610.00	570.00	529.00	529.00	494.00	481.00	468.00	468.00	459.00	459.00	453.00	448.00	448.00	448.00	455.00	467.00	467.00	482.00	482.00	493.00	501.00	501.00	507.00	511.00	511.00	515.00	518.00	518.00	521.00	524.00	524.00	530.00	532.00	532.00	531.00	537.00	537.00	542.00	551.00	551.00	569.00	588.00	588.00	607.00	607.00	609.00	609.00	612.00	612.00	621.00	627.00	627.00	631.00	631.00	636.00	640.00	644.00	644.00	649.00	653.00	653.00	655.00	655.00	655.00	653.00	653.00	653.00	656.00	659.00	659.00	662.00	662.00	665.00	668.00	668.00	668.00	668.00	663.00	663.00	664.00	664.00	667.00	669.00	669.00	672.00	672.00	668.00	653.00	624.00	624.00	603.00	592.00	592.00	581.00	581.00	573.00	579.00	579.00	587.00	592.00	592.00	592.00	582.00
																												81.00	150.00	150.00	219.00	289.00																																																													107.00	157.00	157.00	181.00	205.00	205.00	230.00	258.00	258.00	287.00	287.00	316.00	349.00	385.00	385.00	420.00	453.00	453.00	487.00	487.00	520.00	552.00	584.00	584.00	613.00	640.00	640.00	667.00	667.00	691.00	711.00	711.00	729.00	744.00	755.00	755.00	765.00	765.00	768.00	769.00	769.00	769.00	769.00	759.00	759.00	753.00	753.00	740.00	730.00	730.00	721.00	721.00	689.00	664.00	645.00	645.00	634.00	624.00	624.00	610.00	610.00	570.00	529.00	529.00	494.00	481.00	468.00	468.00	459.00	459.00	453.00	448.00	448.00	448.00	455.00	467.00	467.00	482.00	482.00	493.00	501.00	501.00	507.00	511.00	511.00	515.00	518.00	518.00	521.00	524.00	524.00	530.00	532.00	532.00	531.00	537.00	537.00	542.00	551.00	551.00	569.00	588.00	588.00	607.00	607.00	609.00	609.00	612.00	612.00	621.00	627.00	627.00	631.00	631.00	636.00	640.00	644.00	644.00	649.00	653.00	653.00	655.00	655.00	655.00	653.00	653.00	653.00	656.00	659.00	659.00	662.00	662.00	665.00	668.00	668.00	668.00	668.00	663.00	663.00	664.00	664.00	667.00	669.00	669.00	672.00	672.00	668.00	653.00	624.00	624.00	603.00	592.00	592.00	581.00	581.00	573.00	579.00	579.00	587.00	592.00	592.00	592.00	582.00
																							101.00	245.00	245.00	408.00	408.00	448.00	384.00	384.00																																																																	104.00	167.00	203.00	203.00	230.00	255.00	255.00	286.00	286.00	319.00	352.00	389.00	389.00	426.00	463.00	463.00	496.00	496.00	531.00	565.00	595.00	595.00	624.00	652.00	652.00	675.00	675.00	698.00	718.00	718.00	736.00	749.00	759.00	759.00	765.00	765.00	773.00	776.00	776.00	773.00	773.00	760.00	760.00	749.00	749.00	738.00	725.00	725.00	713.00	713.00	696.00	669.00	639.00	639.00	607.00	595.00	595.00	593.00	593.00	599.00	559.00	559.00	529.00	510.00	493.00	493.00	469.00	469.00	444.00	446.00	446.00	448.00	453.00	461.00	461.00	465.00	465.00	472.00	489.00	489.00	507.00	519.00	519.00	522.00	526.00	526.00	531.00	538.00	538.00	546.00	548.00	548.00	548.00	552.00	552.00	558.00	563.00	563.00	569.00	587.00	587.00	601.00	601.00	610.00	618.00	631.00	631.00	645.00	645.00	645.00	646.00	646.00	648.00	653.00	658.00	658.00	662.00	664.00	664.00	667.00	667.00	668.00	667.00	667.00	667.00	669.00	674.00	674.00	675.00	675.00	674.00	675.00	675.00	677.00	677.00	678.00	678.00	676.00	676.00	675.00	676.00	676.00	678.00	678.00	662.00	634.00	605.00	605.00	596.00	595.00	595.00	594.00	594.00	609.00	632.00	632.00	647.00	634.00	619.00	619.00	607.00
																							101.00	245.00	245.00	408.00	408.00	448.00	384.00	384.00																																																																	104.00	167.00	203.00	203.00	230.00	255.00	255.00	286.00	286.00	319.00	352.00	389.00	389.00	426.00	463.00	463.00	496.00	496.00	531.00	565.00	595.00	595.00	624.00	652.00	652.00	675.00	675.00	698.00	718.00	718.00	736.00	749.00	759.00	759.00	765.00	765.00	773.00	776.00	776.00	773.00	773.00	760.00	760.00	749.00	749.00	738.00	725.00	725.00	713.00	713.00	696.00	669.00	639.00	639.00	607.00	595.00	595.00	593.00	593.00	599.00	559.00	559.00	529.00	510.00	493.00	493.00	469.00	469.00	444.00	446.00	446.00	448.00	453.00	461.00	461.00	465.00	465.00	472.00	489.00	489.00	507.00	519.00	519.00	522.00	526.00	526.00	531.00	538.00	538.00	546.00	548.00	548.00	548.00	552.00	552.00	558.00	563.00	563.00	569.00	587.00	587.00	601.00	601.00	610.00	618.00	631.00	631.00	645.00	645.00	645.00	646.00	646.00	648.00	653.00	658.00	658.00	662.00	664.00	664.00	667.00	667.00	668.00	667.00	667.00	667.00	669.00	674.00	674.00	675.00	675.00	674.00	675.00	675.00	677.00	677.00	678.00	678.00	676.00	676.00	675.00	676.00	676.00	678.00	678.00	662.00	634.00	605.00	605.00	596.00	595.00	595.00	594.00	594.00	609.00	632.00	632.00	647.00	634.00	619.00	619.00	607.00
																								245.00	245.00	408.00	408.00	448.00	384.00	384.00																																																																		167.00	203.00	203.00	230.00	255.00	255.00	286.00	286.00	319.00	352.00	389.00	389.00	426.00	463.00	463.00	496.00	496.00	531.00	565.00	595.00	595.00	624.00	652.00	652.00	675.00	675.00	698.00	718.00	718.00	736.00	749.00	759.00	759.00	765.00	765.00	773.00	776.00	776.00	773.00	773.00	760.00	760.00	749.00	749.00	738.00	725.00	725.00	713.00	713.00	696.00	669.00	639.00	639.00	607.00	595.00	595.00	593.00	593.00	599.00	559.00	559.00	529.00	510.00	493.00	493.00	469.00	469.00	444.00	446.00	446.00	448.00	453.00	461.00	461.00	465.00	465.00	472.00	489.00	489.00	507.00	519.00	519.00	522.00	526.00	526.00	531.00	538.00	538.00	546.00	548.00	548.00	548.00	552.00	552.00	558.00	563.00	563.00	569.00	587.00	587.00	601.00	601.00	610.00	618.00	631.00	631.00	645.00	645.00	645.00	646.00	646.00	648.00	653.00	658.00	658.00	662.00	664.00	664.00	667.00	667.00	668.00	667.00	667.00	667.00	669.00	674.00	674.00	675.00	675.00	674.00	675.00	675.00	677.00	677.00	678.00	678.00	676.00	676.00	675.00	676.00	676.00	678.00	678.00	662.00	634.00	605.00	605.00	596.00	595.00	595.00	594.00	594.00	609.00	632.00	632.00	647.00	634.00	619.00	619.00	607.00
																								245.00	245.00	408.00	408.00	448.00	384.00	384.00																																																																		167.00	203.00	203.00	230.00	255.00	255.00	286.00	286.00	319.00	352.00	389.00	389.00	426.00	463.00	463.00	496.00	496.00	531.00	565.00	595.00	595.00	624.00	652.00	652.00	675.00	675.00	698.00	718.00	718.00	736.00	749.00	759.00	759.00	765.00	765.00	773.00	776.00	776.00	773.00	773.00	760.00	760.00	749.00	749.00	738.00	725.00	725.00	713.00	713.00	696.00	669.00	639.00	639.00	607.00	595.00	595.00	593.00	593.00	599.00	559.00	559.00	529.00	510.00	493.00	493.00	469.00	469.00	444.00	446.00	446.00	448.00	453.00	461.00	461.00	465.00	465.00	472.00	489.00	489.00	507.00	519.00	519.00	522.00	526.00	526.00	531.00	538.00	538.00	546.00	548.00	548.00	548.00	552.00	552.00	558.00	563.00	563.00	569.00	587.00	587.00	601.00	601.00	610.00	618.00	631.00	631.00	645.00	645.00	645.00	646.00	646.00	648.00	653.00	658.00	658.00	662.00	664.00	664.00	667.00	667.00	668.00	667.00	667.00	667.00	669.00	674.00	674.00	675.00	675.00	674.00	675.00	675.00	677.00	677.00	678.00	678.00	676.00	676.00	675.00	676.00	676.00	678.00	678.00	662.00	634.00	605.00	605.00	596.00	595.00	595.00	594.00	594.00	609.00	632.00	632.00	647.00	634.00	619.00	619.00	607.00
															0.00	0.00	0.00	0.00									297.00	416.00																																																																					198.00	198.00	241.00	270.00	270.00	302.00	302.00	335.00	365.00	392.00	392.00	431.00	471.00	471.00	510.00	510.00	543.00	574.00	602.00	602.00	631.00	657.00	657.00	680.00	680.00	699.00	716.00	716.00	731.00	742.00	750.00	750.00	754.00	754.00	751.00	741.00	741.00	733.00	733.00	739.00	739.00	725.00	725.00	701.00	676.00	676.00	652.00	652.00	628.00	611.00	596.00	596.00	580.00	566.00	566.00	564.00	564.00	560.00	550.00	550.00	544.00	541.00	539.00	539.00	508.00	508.00	476.00	446.00	446.00	448.00	450.00	451.00	451.00	454.00	454.00	459.00	467.00	467.00	486.00	500.00	500.00	510.00	516.00	516.00	527.00	539.00	539.00	547.00	555.00	555.00	560.00	564.00	564.00	568.00	576.00	576.00	591.00	605.00	605.00	611.00	611.00	615.00	619.00	629.00	629.00	640.00	650.00	650.00	657.00	657.00	666.00	679.00	681.00	681.00	678.00	673.00	673.00	679.00	679.00	685.00	692.00	692.00	697.00	703.00	707.00	707.00	699.00	699.00	694.00	695.00	695.00	700.00	700.00	707.00	707.00	699.00	699.00	694.00	695.00	695.00	700.00	700.00	705.00	694.00	656.00	656.00	625.00	614.00	614.00	615.00	615.00	615.00	618.00	618.00	618.00	613.00	600.00	600.00	582.00
																											297.00																																																																								241.00	270.00	270.00	302.00	302.00	335.00	365.00	392.00	392.00	431.00	471.00	471.00	510.00	510.00	543.00	574.00	602.00	602.00	631.00	657.00	657.00	680.00	680.00	699.00	716.00	716.00	731.00	742.00	750.00	750.00	754.00	754.00	751.00	741.00	741.00	733.00	733.00	739.00	739.00	725.00	725.00	701.00	676.00	676.00	652.00	652.00	628.00	611.00	596.00	596.00	580.00	566.00	566.00	564.00	564.00	560.00	550.00	550.00	544.00	541.00	539.00	539.00	508.00	508.00	476.00	446.00	446.00	448.00	450.00	451.00	451.00	454.00	454.00	459.00	467.00	467.00	486.00	500.00	500.00	510.00	516.00	516.00	527.00	539.00	539.00	547.00	555.00	555.00	560.00	564.00	564.00	568.00	576.00	576.00	591.00	605.00	605.00	611.00	611.00	615.00	619.00	629.00	629.00	640.00	650.00	650.00	657.00	657.00	666.00	679.00	681.00	681.00	678.00	673.00	673.00	679.00	679.00	685.00	692.00	692.00	697.00	703.00	707.00	707.00	699.00	699.00	694.00	695.00	695.00	700.00	700.00	707.00	707.00	699.00	699.00	694.00	695.00	695.00	700.00	700.00	705.00	694.00	656.00	656.00	625.00	614.00	614.00	615.00	615.00	615.00	618.00	618.00	618.00	613.00	600.00	600.00	582.00
																											297.00																																																																								241.00	270.00	270.00	302.00	302.00	335.00	365.00	392.00	392.00	431.00	471.00	471.00	510.00	510.00	543.00	574.00	602.00	602.00	631.00	657.00	657.00	680.00	680.00	699.00	716.00	716.00	731.00	742.00	750.00	750.00	754.00	754.00	751.00	741.00	741.00	733.00	733.00	739.00	739.00	725.00	725.00	701.00	676.00	676.00	652.00	652.00	628.00	611.00	596.00	596.00	580.00	566.00	566.00	564.00	564.00	560.00	550.00	550.00	544.00	541.00	539.00	539.00	508.00	508.00	476.00	446.00	446.00	448.00	450.00	451.00	451.00	454.00	454.00	459.00	467.00	467.00	486.00	500.00	500.00	510.00	516.00	516.00	527.00	539.00	539.00	547.00	555.00	555.00	560.00	564.00	564.00	568.00	576.00	576.00	591.00	605.00	605.00	611.00	611.00	615.00	619.00	629.00	629.00	640.00	650.00	650.00	657.00	657.00	666.00	679.00	681.00	681.00	678.00	673.00	673.00	679.00	679.00	685.00	692.00	692.00	697.00	703.00	707.00	707.00	699.00	699.00	694.00	695.00	695.00	700.00	700.00	707.00	707.00	699.00	699.00	694.00	695.00	695.00	700.00	700.00	705.00	694.00	656.00	656.00	625.00	614.00	614.00	615.00	615.00	615.00	618.00	618.00	618.00	613.00	600.00	600.00	582.00
																											297.00																																																																								241.00	270.00	270.00	302.00	302.00	335.00	365.00	392.00	392.00	431.00	471.00	471.00	510.00	510.00	543.00	574.00	602.00	602.00	631.00	657.00	657.00	680.00	680.00	699.00	716.00	716.00	731.00	742.00	750.00	750.00	754.00	754.00	751.00	741.00	741.00	733.00	733.00	739.00	739.00	725.00	725.00	701.00	676.00	676.00	652.00	652.00	628.00	611.00	596.00	596.00	580.00	566.00	566.00	564.00	564.00	560.00	550.00	550.00	544.00	541.00	539.00	539.00	508.00	508.00	476.00	446.00	446.00	448.00	450.00	451.00	451.00	454.00	454.00	459.00	467.00	467.00	486.00	500.00	500.00	510.00	516.00	516.00	527.00	539.00	539.00	547.00	555.00	555.00	560.00	564.00	564.00	568.00	576.00	576.00	591.00	605.00	605.00	611.00	611.00	615.00	619.00	629.00	629.00	640.00	650.00	650.00	657.00	657.00	666.00	679.00	681.00	681.00	678.00	673.00	673.00	679.00	679.00	685.00	692.00	692.00	697.00	703.00	707.00	707.00	699.00	699.00	694.00	695.00	695.00	700.00	700.00	707.00	707.00	699.00	699.00	694.00	695.00	695.00	700.00	700.00	705.00	694.00	656.00	656.00	625.00	614.00	614.00	615.00	615.00	615.00	618.00	618.00	618.00	613.00	600.00	600.00	582.00
																																																																																																		127.00	221.00	282.00	282.00	318.00	318.00	354.00	387.00	421.00	421.00	459.00	489.00	489.00	523.00	523.00	562.00	593.00	622.00	622.00	650.00	667.00	667.00	686.00	686.00	710.00	726.00	726.00	739.00	749.00	749.00	749.00	742.00	742.00	734.00	718.00	718.00	705.00	705.00	683.00	683.00	673.00	673.00	661.00	647.00	647.00	635.00	635.00	623.00	613.00	602.00	602.00	588.00	574.00	574.00	561.00	561.00	551.00	543.00	543.00	534.00	530.00	526.00	526.00	522.00	522.00	496.00	467.00	467.00	441.00	446.00	449.00	449.00	445.00	445.00	450.00	455.00	455.00	461.00	470.00	470.00	480.00	490.00	490.00	509.00	529.00	529.00	547.00	555.00	555.00	563.00	569.00	569.00	573.00	576.00	576.00	584.00	597.00	597.00	611.00	611.00	620.00	624.00	628.00	628.00	636.00	645.00	645.00	654.00	654.00	664.00	671.00	675.00	675.00	678.00	687.00	687.00	701.00	701.00	704.00	705.00	705.00	706.00	707.00	708.00	708.00	709.00	709.00	709.00	710.00	710.00	710.00	710.00	711.00	711.00	711.00	711.00	711.00	711.00	711.00	710.00	710.00	703.00	694.00	679.00	679.00	666.00	651.00	651.00	639.00	639.00	630.00	619.00	619.00	608.00	593.00	579.00	579.00	565.00
																																																																																												29.00	27.00	13.00	13.00	39.00	127.00	127.00	221.00	282.00	282.00	318.00	318.00	354.00	387.00	421.00	421.00	459.00	489.00	489.00	523.00	523.00	562.00	593.00	622.00	622.00	650.00	667.00	667.00	686.00	686.00	710.00	726.00	726.00	739.00	749.00	749.00	749.00	742.00	742.00	734.00	718.00	718.00	705.00	705.00	683.00	683.00	673.00	673.00	661.00	647.00	647.00	635.00	635.00	623.00	613.00	602.00	602.00	588.00	574.00	574.00	561.00	561.00	551.00	543.00	543.00	534.00	530.00	526.00	526.00	522.00	522.00	496.00	467.00	467.00	441.00	446.00	449.00	449.00	445.00	445.00	450.00	455.00	455.00	461.00	470.00	470.00	480.00	490.00	490.00	509.00	529.00	529.00	547.00	555.00	555.00	563.00	569.00	569.00	573.00	576.00	576.00	584.00	597.00	597.00	611.00	611.00	620.00	624.00	628.00	628.00	636.00	645.00	645.00	654.00	654.00	664.00	671.00	675.00	675.00	678.00	687.00	687.00	701.00	701.00	704.00	705.00	705.00	706.00	707.00	708.00	708.00	709.00	709.00	709.00	710.00	710.00	710.00	710.00	711.00	711.00	711.00	711.00	711.00	711.00	711.00	710.00	710.00	703.00	694.00	679.00	679.00	666.00	651.00	651.00	639.00	639.00	630.00	619.00	619.00	608.00	593.00	579.00	579.00	565.00
																																																																																												29.00	27.00	13.00	13.00	39.00	127.00	127.00	221.00	282.00	282.00	318.00	318.00	354.00	387.00	421.00	421.00	459.00	489.00	489.00	523.00	523.00	562.00	593.00	622.00	622.00	650.00	667.00	667.00	686.00	686.00	710.00	726.00	726.00	739.00	749.00	749.00	749.00	742.00	742.00	734.00	718.00	718.00	705.00	705.00	683.00	683.00	673.00	673.00	661.00	647.00	647.00	635.00	635.00	623.00	613.00	602.00	602.00	588.00	574.00	574.00	561.00	561.00	551.00	543.00	543.00	534.00	530.00	526.00	526.00	522.00	522.00	496.00	467.00	467.00	441.00	446.00	449.00	449.00	445.00	445.00	450.00	455.00	455.00	461.00	470.00	470.00	480.00	490.00	490.00	509.00	529.00	529.00	547.00	555.00	555.00	563.00	569.00	569.00	573.00	576.00	576.00	584.00	597.00	597.00	611.00	611.00	620.00	624.00	628.00	628.00	636.00	645.00	645.00	654.00	654.00	664.00	671.00	675.00	675.00	678.00	687.00	687.00	701.00	701.00	704.00	705.00	705.00	706.00	707.00	708.00	708.00	709.00	709.00	709.00	710.00	710.00	710.00	710.00	711.00	711.00	711.00	711.00	711.00	711.00	711.00	710.00	710.00	703.00	694.00	679.00	679.00	666.00	651.00	651.00	639.00	639.00	630.00	619.00	619.00	608.00	593.00	579.00	579.00	565.00
																																																																																								58.00	58.00	86.00	107.00	107.00	117.00	109.00	109.00	120.00	165.00	165.00	233.00	282.00	282.00	317.00	317.00	347.00	377.00	406.00	406.00	435.00	466.00	466.00	508.00	508.00	548.00	582.00	603.00	603.00	621.00	638.00	638.00	669.00	669.00	696.00	717.00	717.00	717.00	714.00	710.00	710.00	707.00	707.00	707.00	707.00	707.00	702.00	702.00	691.00	691.00	676.00	676.00	658.00	643.00	643.00	630.00	630.00	616.00	603.00	590.00	590.00	576.00	562.00	562.00	549.00	549.00	537.00	527.00	527.00	518.00	509.00	502.00	502.00	498.00	498.00	494.00	488.00	488.00	487.00	495.00	481.00	481.00	463.00	463.00	447.00	450.00	450.00	457.00	464.00	464.00	473.00	481.00	481.00	490.00	512.00	512.00	534.00	555.00	555.00	563.00	570.00	570.00	578.00	583.00	583.00	589.00	598.00	598.00	608.00	608.00	618.00	625.00	629.00	629.00	633.00	639.00	639.00	648.00	648.00	656.00	662.00	664.00	664.00	666.00	674.00	674.00	688.00	688.00	701.00	706.00	706.00	707.00	707.00	708.00	708.00	709.00	709.00	710.00	710.00	710.00	710.00	710.00	711.00	711.00	711.00	711.00	714.00	723.00	723.00	727.00	727.00	725.00	720.00	715.00	715.00	709.00	684.00	684.00	657.00	657.00	628.00	605.00	605.00	579.00	555.00	553.00	553.00	551.00
																																																																																								58.00	58.00	86.00	107.00	107.00	117.00	109.00	109.00	120.00	165.00	165.00	233.00	282.00	282.00	317.00	317.00	347.00	377.00	406.00	406.00	435.00	466.00	466.00	508.00	508.00	548.00	582.00	603.00	603.00	621.00	638.00	638.00	669.00	669.00	696.00	717.00	717.00	717.00	714.00	710.00	710.00	707.00	707.00	707.00	707.00	707.00	702.00	702.00	691.00	691.00	676.00	676.00	658.00	643.00	643.00	630.00	630.00	616.00	603.00	590.00	590.00	576.00	562.00	562.00	549.00	549.00	537.00	527.00	527.00	518.00	509.00	502.00	502.00	498.00	498.00	494.00	488.00	488.00	487.00	495.00	481.00	481.00	463.00	463.00	447.00	450.00	450.00	457.00	464.00	464.00	473.00	481.00	481.00	490.00	512.00	512.00	534.00	555.00	555.00	563.00	570.00	570.00	578.00	583.00	583.00	589.00	598.00	598.00	608.00	608.00	618.00	625.00	629.00	629.00	633.00	639.00	639.00	648.00	648.00	656.00	662.00	664.00	664.00	666.00	674.00	674.00	688.00	688.00	701.00	706.00	706.00	707.00	707.00	708.00	708.00	709.00	709.00	710.00	710.00	710.00	710.00	710.00	711.00	711.00	711.00	711.00	714.00	723.00	723.00	727.00	727.00	725.00	720.00	715.00	715.00	709.00	684.00	684.00	657.00	657.00	628.00	605.00	605.00	579.00	555.00	553.00	553.00	551.00
																																																																																								58.00	58.00	86.00	107.00	107.00	117.00	109.00	109.00	120.00	165.00	165.00	233.00	282.00	282.00	317.00	317.00	347.00	377.00	406.00	406.00	435.00	466.00	466.00	508.00	508.00	548.00	582.00	603.00	603.00	621.00	638.00	638.00	669.00	669.00	696.00	717.00	717.00	717.00	714.00	710.00	710.00	707.00	707.00	707.00	707.00	707.00	702.00	702.00	691.00	691.00	676.00	676.00	658.00	643.00	643.00	630.00	630.00	616.00	603.00	590.00	590.00	576.00	562.00	562.00	549.00	549.00	537.00	527.00	527.00	518.00	509.00	502.00	502.00	498.00	498.00	494.00	488.00	488.00	487.00	495.00	481.00	481.00	463.00	463.00	447.00	450.00	450.00	457.00	464.00	464.00	473.00	481.00	481.00	490.00	512.00	512.00	534.00	555.00	555.00	563.00	570.00	570.00	578.00	583.00	583.00	589.00	598.00	598.00	608.00	608.00	618.00	625.00	629.00	629.00	633.00	639.00	639.00	648.00	648.00	656.00	662.00	664.00	664.00	666.00	674.00	674.00	688.00	688.00	701.00	706.00	706.00	707.00	707.00	708.00	708.00	709.00	709.00	710.00	710.00	710.00	710.00	710.00	711.00	711.00	711.00	711.00	714.00	723.00	723.00	727.00	727.00	725.00	720.00	715.00	715.00	709.00	684.00	684.00	657.00	657.00	628.00	605.00	605.00	579.00	555.00	553.00	553.00	551.00
																																																																																								58.00	58.00	86.00	107.00	107.00	117.00	109.00	109.00	120.00	165.00	165.00	233.00	282.00	282.00	317.00	317.00	347.00	377.00	406.00	406.00	435.00	466.00	466.00	508.00	508.00	548.00	582.00	603.00	603.00	621.00	638.00	638.00	669.00	669.00	696.00	717.00	717.00	717.00	714.00	710.00	710.00	707.00	707.00	707.00	707.00	707.00	702.00	702.00	691.00	691.00	676.00	676.00	658.00	643.00	643.00	630.00	630.00	616.00	603.00	590.00	590.00	576.00	562.00	562.00	549.00	549.00	537.00	527.00	527.00	518.00	509.00	502.00	502.00	498.00	498.00	494.00	488.00	488.00	487.00	495.00	481.00	481.00	463.00	463.00	447.00	450.00	450.00	457.00	464.00	464.00	473.00	481.00	481.00	490.00	512.00	512.00	534.00	555.00	555.00	563.00	570.00	570.00	578.00	583.00	583.00	589.00	598.00	598.00	608.00	608.00	618.00	625.00	629.00	629.00	633.00	639.00	639.00	648.00	648.00	656.00	662.00	664.00	664.00	666.00	674.00	674.00	688.00	688.00	701.00	706.00	706.00	707.00	707.00	708.00	708.00	709.00	709.00	710.00	710.00	710.00	710.00	710.00	711.00	711.00	711.00	711.00	714.00	723.00	723.00	727.00	727.00	725.00	720.00	715.00	715.00	709.00	684.00	684.00	657.00	657.00	628.00	605.00	605.00	579.00	555.00	553.00	553.00	551.00
																																																																														17.00	12.00	12.00			10.00	10.00	19.00	19.00	42.00	63.00	63.00	79.00	98.00	98.00	122.00	147.00	147.00	177.00	207.00	207.00	239.00	273.00	273.00	307.00	307.00	342.00	378.00	413.00	413.00	449.00	484.00	484.00	518.00	518.00	549.00	575.00	600.00	600.00	623.00	645.00	645.00	666.00	666.00	681.00	693.00	693.00	704.00	710.00	714.00	714.00	717.00	717.00	714.00	706.00	706.00	697.00	697.00	674.00	674.00	662.00	662.00	648.00	632.00	632.00	616.00	616.00	598.00	580.00	562.00	562.00	549.00	535.00	535.00	523.00	523.00	513.00	503.00	503.00	495.00	487.00	480.00	480.00	476.00	476.00	473.00	472.00	472.00	472.00	474.00	476.00	476.00	470.00	470.00	459.00	450.00	450.00	452.00	460.00	460.00	469.00	478.00	478.00	487.00	496.00	496.00	516.00	538.00	538.00	561.00	565.00	565.00	572.00	585.00	585.00	592.00	598.00	598.00	605.00	605.00	614.00	622.00	630.00	630.00	634.00	638.00	638.00	642.00	642.00	651.00	659.00	665.00	665.00	667.00	669.00	669.00	674.00	674.00	687.00	701.00	701.00	707.00	708.00	708.00	708.00	709.00	709.00	709.00	710.00	710.00	715.00	715.00	751.00	751.00	768.00	768.00	781.00	789.00	789.00	778.00	778.00	770.00	766.00	753.00	753.00	729.00	697.00	697.00	660.00	660.00	625.00	592.00	592.00	577.00	567.00	563.00	563.00	561.00
																																																																														17.00	12.00	12.00			10.00	10.00	19.00	19.00	42.00	63.00	63.00	79.00	98.00	98.00	122.00	147.00	147.00	177.00	207.00	207.00	239.00	273.00	273.00	307.00	307.00	342.00	378.00	413.00	413.00	449.00	484.00	484.00	518.00	518.00	549.00	575.00	600.00	600.00	623.00	645.00	645.00	666.00	666.00	681.00	693.00	693.00	704.00	710.00	714.00	714.00	717.00	717.00	714.00	706.00	706.00	697.00	697.00	674.00	674.00	662.00	662.00	648.00	632.00	632.00	616.00	616.00	598.00	580.00	562.00	562.00	549.00	535.00	535.00	523.00	523.00	513.00	503.00	503.00	495.00	487.00	480.00	480.00	476.00	476.00	473.00	472.00	472.00	472.00	474.00	476.00	476.00	470.00	470.00	459.00	450.00	450.00	452.00	460.00	460.00	469.00	478.00	478.00	487.00	496.00	496.00	516.00	538.00	538.00	561.00	565.00	565.00	572.00	585.00	585.00	592.00	598.00	598.00	605.00	605.00	614.00	622.00	630.00	630.00	634.00	638.00	638.00	642.00	642.00	651.00	659.00	665.00	665.00	667.00	669.00	669.00	674.00	674.00	687.00	701.00	701.00	707.00	708.00	708.00	708.00	709.00	709.00	709.00	710.00	710.00	715.00	715.00	751.00	751.00	768.00	768.00	781.00	789.00	789.00	778.00	778.00	770.00	766.00	753.00	753.00	729.00	697.00	697.00	660.00	660.00	625.00	592.00	592.00	577.00	567.00	563.00	563.00	561.00
																																																																											15.00	19.00	19.00	17.00	12.00	12.00	2.00	3.00	10.00	10.00	19.00	19.00	42.00	63.00	63.00	79.00	98.00	98.00	122.00	147.00	147.00	177.00	207.00	207.00	239.00	273.00	273.00	307.00	307.00	342.00	378.00	413.00	413.00	449.00	484.00	484.00	518.00	518.00	549.00	575.00	600.00	600.00	623.00	645.00	645.00	666.00	666.00	681.00	693.00	693.00	704.00	710.00	714.00	714.00	717.00	717.00	714.00	706.00	706.00	697.00	697.00	674.00	674.00	662.00	662.00	648.00	632.00	632.00	616.00	616.00	598.00	580.00	562.00	562.00	549.00	535.00	535.00	523.00	523.00	513.00	503.00	503.00	495.00	487.00	480.00	480.00	476.00	476.00	473.00	472.00	472.00	472.00	474.00	476.00	476.00	470.00	470.00	459.00	450.00	450.00	452.00	460.00	460.00	469.00	478.00	478.00	487.00	496.00	496.00	516.00	538.00	538.00	561.00	565.00	565.00	572.00	585.00	585.00	592.00	598.00	598.00	605.00	605.00	614.00	622.00	630.00	630.00	634.00	638.00	638.00	642.00	642.00	651.00	659.00	665.00	665.00	667.00	669.00	669.00	674.00	674.00	687.00	701.00	701.00	707.00	708.00	708.00	708.00	709.00	709.00	709.00	710.00	710.00	715.00	715.00	751.00	751.00	768.00	768.00	781.00	789.00	789.00	778.00	778.00	770.00	766.00	753.00	753.00	729.00	697.00	697.00	660.00	660.00	625.00	592.00	592.00	577.00	567.00	563.00	563.00	561.00
																																																																											15.00	19.00	19.00	17.00	12.00	12.00	2.00	3.00	10.00	10.00	19.00	19.00	42.00	63.00	63.00	79.00	98.00	98.00	122.00	147.00	147.00	177.00	207.00	207.00	239.00	273.00	273.00	307.00	307.00	342.00	378.00	413.00	413.00	449.00	484.00	484.00	518.00	518.00	549.00	575.00	600.00	600.00	623.00	645.00	645.00	666.00	666.00	681.00	693.00	693.00	704.00	710.00	714.00	714.00	717.00	717.00	714.00	706.00	706.00	697.00	697.00	674.00	674.00	662.00	662.00	648.00	632.00	632.00	616.00	616.00	598.00	580.00	562.00	562.00	549.00	535.00	535.00	523.00	523.00	513.00	503.00	503.00	495.00	487.00	480.00	480.00	476.00	476.00	473.00	472.00	472.00	472.00	474.00	476.00	476.00	470.00	470.00	459.00	450.00	450.00	452.00	460.00	460.00	469.00	478.00	478.00	487.00	496.00	496.00	516.00	538.00	538.00	561.00	565.00	565.00	572.00	585.00	585.00	592.00	598.00	598.00	605.00	605.00	614.00	622.00	630.00	630.00	634.00	638.00	638.00	642.00	642.00	651.00	659.00	665.00	665.00	667.00	669.00	669.00	674.00	674.00	687.00	701.00	701.00	707.00	708.00	708.00	708.00	709.00	709.00	709.00	710.00	710.00	715.00	715.00	751.00	751.00	768.00	768.00	781.00	789.00	789.00	778.00	778.00	770.00	766.00	753.00	753.00	729.00	697.00	697.00	660.00	660.00	625.00	592.00	592.00	577.00	567.00	563.00	563.00	561.00
																																																																											15.00	19.00	19.00	17.00	12.00	12.00	2.00	3.00	10.00	10.00	19.00	19.00	42.00	63.00	63.00	79.00	98.00	98.00	122.00	147.00	147.00	177.00	207.00	207.00	239.00	273.00	273.00	307.00	307.00	342.00	378.00	413.00	413.00	449.00	484.00	484.00	518.00	518.00	549.00	575.00	600.00	600.00	623.00	645.00	645.00	666.00	666.00	681.00	693.00	693.00	704.00	710.00	714.00	714.00	717.00	717.00	714.00	706.00	706.00	697.00	697.00	674.00	674.00	662.00	662.00	648.00	632.00	632.00	616.00	616.00	598.00	580.00	562.00	562.00	549.00	535.00	535.00	523.00	523.00	513.00	503.00	503.00	495.00	487.00	480.00	480.00	476.00	476.00	473.00	472.00	472.00	472.00	474.00	476.00	476.00	470.00	470.00	459.00	450.00	450.00	452.00	460.00	460.00	469.00	478.00	478.00	487.00	496.00	496.00	516.00	538.00	538.00	561.00	565.00	565.00	572.00	585.00	585.00	592.00	598.00	598.00	605.00	605.00	614.00	622.00	630.00	630.00	634.00	638.00	638.00	642.00	642.00	651.00	659.00	665.00	665.00	667.00	669.00	669.00	674.00	674.00	687.00	701.00	701.00	707.00	708.00	708.00	708.00	709.00	709.00	709.00	710.00	710.00	715.00	715.00	751.00	751.00	768.00	768.00	781.00	789.00	789.00	778.00	778.00	770.00	766.00	753.00	753.00	729.00	697.00	697.00	660.00	660.00	625.00	592.00	592.00	577.00	567.00	563.00	563.00	561.00
																																																																									60.00	59.00	59.00	47.00	47.00	43.00	42.00	42.00	39.00	39.00	46.00	46.00	56.00	56.00	66.00	82.00	82.00	99.00	116.00	116.00	140.00	168.00	168.00	197.00	231.00	231.00	264.00	298.00	298.00	332.00	332.00	366.00	401.00	437.00	437.00	472.00	507.00	507.00	540.00	540.00	570.00	596.00	618.00	618.00	639.00	658.00	658.00	675.00	675.00	691.00	700.00	700.00	705.00	708.00	707.00	707.00	702.00	702.00	697.00	687.00	687.00	675.00	675.00	648.00	648.00	633.00	633.00	617.00	601.00	601.00	584.00	584.00	568.00	550.00	532.00	532.00	515.00	503.00	503.00	492.00	492.00	481.00	473.00	473.00	467.00	461.00	456.00	456.00	453.00	453.00	452.00	454.00	454.00	456.00	460.00	463.00	463.00	465.00	465.00	463.00	452.00	452.00	439.00	437.00	437.00	452.00	471.00	471.00	485.00	495.00	495.00	505.00	513.00	513.00	515.00	509.00	509.00	528.00	559.00	559.00	588.00	599.00	599.00	604.00	604.00	610.00	618.00	624.00	624.00	627.00	631.00	631.00	637.00	637.00	645.00	653.00	661.00	661.00	666.00	673.00	673.00	683.00	683.00	696.00	704.00	704.00	706.00	707.00	708.00	708.00	709.00	709.00	710.00	710.00	710.00	719.00	719.00	766.00	766.00	784.00	784.00	789.00	789.00	789.00	789.00	789.00	787.00	778.00	765.00	765.00	730.00	686.00	686.00	640.00	640.00	611.00	592.00	592.00	578.00	575.00	574.00	574.00	572.00
																																																																													47.00	43.00	42.00	42.00	39.00	39.00	46.00	46.00	56.00	56.00	66.00	82.00	82.00	99.00	116.00	116.00	140.00	168.00	168.00	197.00	231.00	231.00	264.00	298.00	298.00	332.00	332.00	366.00	401.00	437.00	437.00	472.00	507.00	507.00	540.00	540.00	570.00	596.00	618.00	618.00	639.00	658.00	658.00	675.00	675.00	691.00	700.00	700.00	705.00	708.00	707.00	707.00	702.00	702.00	697.00	687.00	687.00	675.00	675.00	648.00	648.00	633.00	633.00	617.00	601.00	601.00	584.00	584.00	568.00	550.00	532.00	532.00	515.00	503.00	503.00	492.00	492.00	481.00	473.00	473.00	467.00	461.00	456.00	456.00	453.00	453.00	452.00	454.00	454.00	456.00	460.00	463.00	463.00	465.00	465.00	463.00	452.00	452.00	439.00	437.00	437.00	452.00	471.00	471.00	485.00	495.00	495.00	505.00	513.00	513.00	515.00	509.00	509.00	528.00	559.00	559.00	588.00	599.00	599.00	604.00	604.00	610.00	618.00	624.00	624.00	627.00	631.00	631.00	637.00	637.00	645.00	653.00	661.00	661.00	666.00	673.00	673.00	683.00	683.00	696.00	704.00	704.00	706.00	707.00	708.00	708.00	709.00	709.00	710.00	710.00	710.00	719.00	719.00	766.00	766.00	784.00	784.00	789.00	789.00	789.00	789.00	789.00	787.00	778.00	765.00	765.00	730.00	686.00	686.00	640.00	640.00	611.00	592.00	592.00	578.00	575.00	574.00	574.00	572.00
																																																																													47.00	43.00	42.00	42.00	39.00	39.00	46.00	46.00	56.00	56.00	66.00	82.00	82.00	99.00	116.00	116.00	140.00	168.00	168.00	197.00	231.00	231.00	264.00	298.00	298.00	332.00	332.00	366.00	401.00	437.00	437.00	472.00	507.00	507.00	540.00	540.00	570.00	596.00	618.00	618.00	639.00	658.00	658.00	675.00	675.00	691.00	700.00	700.00	705.00	708.00	707.00	707.00	702.00	702.00	697.00	687.00	687.00	675.00	675.00	648.00	648.00	633.00	633.00	617.00	601.00	601.00	584.00	584.00	568.00	550.00	532.00	532.00	515.00	503.00	503.00	492.00	492.00	481.00	473.00	473.00	467.00	461.00	456.00	456.00	453.00	453.00	452.00	454.00	454.00	456.00	460.00	463.00	463.00	465.00	465.00	463.00	452.00	452.00	439.00	437.00	437.00	452.00	471.00	471.00	485.00	495.00	495.00	505.00	513.00	513.00	515.00	509.00	509.00	528.00	559.00	559.00	588.00	599.00	599.00	604.00	604.00	610.00	618.00	624.00	624.00	627.00	631.00	631.00	637.00	637.00	645.00	653.00	661.00	661.00	666.00	673.00	673.00	683.00	683.00	696.00	704.00	704.00	706.00	707.00	708.00	708.00	709.00	709.00	710.00	710.00	710.00	719.00	719.00	766.00	766.00	784.00	784.00	789.00	789.00	789.00	789.00	789.00	787.00	778.00	765.00	765.00	730.00	686.00	686.00	640.00	640.00	611.00	592.00	592.00	578.00	575.00	574.00	574.00	572.00
																																																																															53.00	53.00	69.00	72.00	76.00	76.00	85.00	85.00	99.00	114.00	114.00	133.00	154.00	154.00	176.00	204.00	204.00	233.00	262.00	262.00	295.00	327.00	327.00	360.00	360.00	394.00	428.00	462.00	462.00	494.00	526.00	526.00	556.00	556.00	582.00	607.00	630.00	630.00	647.00	663.00	663.00	677.00	677.00	686.00	693.00	693.00	696.00	694.00	691.00	691.00	685.00	685.00	675.00	665.00	665.00	651.00	651.00	619.00	619.00	602.00	602.00	585.00	567.00	567.00	551.00	551.00	534.00	518.00	503.00	503.00	488.00	475.00	475.00	464.00	464.00	453.00	443.00	443.00	439.00	435.00	432.00	432.00	431.00	431.00	433.00	436.00	436.00	441.00	445.00	450.00	450.00	454.00	454.00	460.00	462.00	462.00	449.00	436.00	436.00	436.00	458.00	458.00	479.00	490.00	490.00	498.00	512.00	512.00	519.00	518.00	518.00	516.00	531.00	531.00	553.00	567.00	567.00	575.00	575.00	590.00	611.00	618.00	618.00	619.00	620.00	620.00	629.00	629.00	642.00	655.00	659.00	659.00	661.00	663.00	663.00	676.00	676.00	690.00	703.00	703.00	703.00	711.00	721.00	721.00	736.00	736.00	754.00	772.00	772.00	785.00	785.00	788.00	788.00	788.00	788.00	789.00	789.00	789.00	789.00	789.00	781.00	758.00	726.00	726.00	695.00	661.00	661.00	626.00	626.00	599.00	591.00	591.00	589.00	587.00	585.00	585.00	582.00
																																																																															53.00	53.00	69.00	72.00	76.00	76.00	85.00	85.00	99.00	114.00	114.00	133.00	154.00	154.00	176.00	204.00	204.00	233.00	262.00	262.00	295.00	327.00	327.00	360.00	360.00	394.00	428.00	462.00	462.00	494.00	526.00	526.00	556.00	556.00	582.00	607.00	630.00	630.00	647.00	663.00	663.00	677.00	677.00	686.00	693.00	693.00	696.00	694.00	691.00	691.00	685.00	685.00	675.00	665.00	665.00	651.00	651.00	619.00	619.00	602.00	602.00	585.00	567.00	567.00	551.00	551.00	534.00	518.00	503.00	503.00	488.00	475.00	475.00	464.00	464.00	453.00	443.00	443.00	439.00	435.00	432.00	432.00	431.00	431.00	433.00	436.00	436.00	441.00	445.00	450.00	450.00	454.00	454.00	460.00	462.00	462.00	449.00	436.00	436.00	436.00	458.00	458.00	479.00	490.00	490.00	498.00	512.00	512.00	519.00	518.00	518.00	516.00	531.00	531.00	553.00	567.00	567.00	575.00	575.00	590.00	611.00	618.00	618.00	619.00	620.00	620.00	629.00	629.00	642.00	655.00	659.00	659.00	661.00	663.00	663.00	676.00	676.00	690.00	703.00	703.00	703.00	711.00	721.00	721.00	736.00	736.00	754.00	772.00	772.00	785.00	785.00	788.00	788.00	788.00	788.00	789.00	789.00	789.00	789.00	789.00	781.00	758.00	726.00	726.00	695.00	661.00	661.00	626.00	626.00	599.00	591.00	591.00	589.00	587.00	585.00	585.00	582.00
																																																																																		72.00	76.00	76.00	85.00	85.00	99.00	114.00	114.00	133.00	154.00	154.00	176.00	204.00	204.00	233.00	262.00	262.00	295.00	327.00	327.00	360.00	360.00	394.00	428.00	462.00	462.00	494.00	526.00	526.00	556.00	556.00	582.00	607.00	630.00	630.00	647.00	663.00	663.00	677.00	677.00	686.00	693.00	693.00	696.00	694.00	691.00	691.00	685.00	685.00	675.00	665.00	665.00	651.00	651.00	619.00	619.00	602.00	602.00	585.00	567.00	567.00	551.00	551.00	534.00	518.00	503.00	503.00	488.00	475.00	475.00	464.00	464.00	453.00	443.00	443.00	439.00	435.00	432.00	432.00	431.00	431.00	433.00	436.00	436.00	441.00	445.00	450.00	450.00	454.00	454.00	460.00	462.00	462.00	449.00	436.00	436.00	436.00	458.00	458.00	479.00	490.00	490.00	498.00	512.00	512.00	519.00	518.00	518.00	516.00	531.00	531.00	553.00	567.00	567.00	575.00	575.00	590.00	611.00	618.00	618.00	619.00	620.00	620.00	629.00	629.00	642.00	655.00	659.00	659.00	661.00	663.00	663.00	676.00	676.00	690.00	703.00	703.00	703.00	711.00	721.00	721.00	736.00	736.00	754.00	772.00	772.00	785.00	785.00	788.00	788.00	788.00	788.00	789.00	789.00	789.00	789.00	789.00	781.00	758.00	726.00	726.00	695.00	661.00	661.00	626.00	626.00	599.00	591.00	591.00	589.00	587.00	585.00	585.00	582.00
																																																																																		72.00	76.00	76.00	85.00	85.00	99.00	114.00	114.00	133.00	154.00	154.00	176.00	204.00	204.00	233.00	262.00	262.00	295.00	327.00	327.00	360.00	360.00	394.00	428.00	462.00	462.00	494.00	526.00	526.00	556.00	556.00	582.00	607.00	630.00	630.00	647.00	663.00	663.00	677.00	677.00	686.00	693.00	693.00	696.00	694.00	691.00	691.00	685.00	685.00	675.00	665.00	665.00	651.00	651.00	619.00	619.00	602.00	602.00	585.00	567.00	567.00	551.00	551.00	534.00	518.00	503.00	503.00	488.00	475.00	475.00	464.00	464.00	453.00	443.00	443.00	439.00	435.00	432.00	432.00	431.00	431.00	433.00	436.00	436.00	441.00	445.00	450.00	450.00	454.00	454.00	460.00	462.00	462.00	449.00	436.00	436.00	436.00	458.00	458.00	479.00	490.00	490.00	498.00	512.00	512.00	519.00	518.00	518.00	516.00	531.00	531.00	553.00	567.00	567.00	575.00	575.00	590.00	611.00	618.00	618.00	619.00	620.00	620.00	629.00	629.00	642.00	655.00	659.00	659.00	661.00	663.00	663.00	676.00	676.00	690.00	703.00	703.00	703.00	711.00	721.00	721.00	736.00	736.00	754.00	772.00	772.00	785.00	785.00	788.00	788.00	788.00	788.00	789.00	789.00	789.00	789.00	789.00	781.00	758.00	726.00	726.00	695.00	661.00	661.00	626.00	626.00	599.00	591.00	591.00	589.00	587.00	585.00	585.00	582.00
																																																																																			62.00	62.00	100.00	100.00	137.00	155.00	155.00	173.00	194.00	194.00	218.00	242.00	242.00	269.00	299.00	299.00	328.00	360.00	360.00	392.00	392.00	423.00	455.00	486.00	486.00	516.00	544.00	544.00	571.00	571.00	596.00	618.00	637.00	637.00	654.00	665.00	665.00	674.00	674.00	681.00	684.00	684.00	685.00	682.00	675.00	675.00	667.00	667.00	656.00	642.00	642.00	627.00	627.00	593.00	593.00	575.00	575.00	556.00	539.00	539.00	520.00	520.00	504.00	489.00	473.00	473.00	461.00	450.00	450.00	439.00	439.00	429.00	422.00	422.00	416.00	414.00	413.00	413.00	413.00	413.00	416.00	421.00	421.00	427.00	434.00	441.00	441.00	449.00	449.00	458.00	468.00	468.00	476.00	464.00	464.00	452.00	445.00	445.00	454.00	459.00	459.00	471.00	489.00	489.00	501.00	506.00	506.00	510.00	519.00	519.00	531.00	538.00	538.00	542.00	542.00	558.00	585.00	612.00	612.00	630.00	634.00	634.00	628.00	628.00	633.00	645.00	657.00	657.00	666.00	678.00	678.00	691.00	691.00	708.00	722.00	722.00	733.00	744.00	755.00	755.00	765.00	765.00	774.00	779.00	779.00	781.00	781.00	782.00	782.00	778.00	778.00	768.00	754.00	754.00	737.00	737.00	715.00	691.00	669.00	669.00	651.00	637.00	637.00	625.00	625.00	615.00	609.00	609.00	605.00	600.00	594.00	594.00	590.00
																																																																																			62.00	62.00	100.00	100.00	137.00	155.00	155.00	173.00	194.00	194.00	218.00	242.00	242.00	269.00	299.00	299.00	328.00	360.00	360.00	392.00	392.00	423.00	455.00	486.00	486.00	516.00	544.00	544.00	571.00	571.00	596.00	618.00	637.00	637.00	654.00	665.00	665.00	674.00	674.00	681.00	684.00	684.00	685.00	682.00	675.00	675.00	667.00	667.00	656.00	642.00	642.00	627.00	627.00	593.00	593.00	575.00	575.00	556.00	539.00	539.00	520.00	520.00	504.00	489.00	473.00	473.00	461.00	450.00	450.00	439.00	439.00	429.00	422.00	422.00	416.00	414.00	413.00	413.00	413.00	413.00	416.00	421.00	421.00	427.00	434.00	441.00	441.00	449.00	449.00	458.00	468.00	468.00	476.00	464.00	464.00	452.00	445.00	445.00	454.00	459.00	459.00	471.00	489.00	489.00	501.00	506.00	506.00	510.00	519.00	519.00	531.00	538.00	538.00	542.00	542.00	558.00	585.00	612.00	612.00	630.00	634.00	634.00	628.00	628.00	633.00	645.00	657.00	657.00	666.00	678.00	678.00	691.00	691.00	708.00	722.00	722.00	733.00	744.00	755.00	755.00	765.00	765.00	774.00	779.00	779.00	781.00	781.00	782.00	782.00	778.00	778.00	768.00	754.00	754.00	737.00	737.00	715.00	691.00	669.00	669.00	651.00	637.00	637.00	625.00	625.00	615.00	609.00	609.00	605.00	600.00	594.00	594.00	590.00
																																																																																			62.00	62.00	100.00	100.00	137.00	155.00	155.00	173.00	194.00	194.00	218.00	242.00	242.00	269.00	299.00	299.00	328.00	360.00	360.00	392.00	392.00	423.00	455.00	486.00	486.00	516.00	544.00	544.00	571.00	571.00	596.00	618.00	637.00	637.00	654.00	665.00	665.00	674.00	674.00	681.00	684.00	684.00	685.00	682.00	675.00	675.00	667.00	667.00	656.00	642.00	642.00	627.00	627.00	593.00	593.00	575.00	575.00	556.00	539.00	539.00	520.00	520.00	504.00	489.00	473.00	473.00	461.00	450.00	450.00	439.00	439.00	429.00	422.00	422.00	416.00	414.00	413.00	413.00	413.00	413.00	416.00	421.00	421.00	427.00	434.00	441.00	441.00	449.00	449.00	458.00	468.00	468.00	476.00	464.00	464.00	452.00	445.00	445.00	454.00	459.00	459.00	471.00	489.00	489.00	501.00	506.00	506.00	510.00	519.00	519.00	531.00	538.00	538.00	542.00	542.00	558.00	585.00	612.00	612.00	630.00	634.00	634.00	628.00	628.00	633.00	645.00	657.00	657.00	666.00	678.00	678.00	691.00	691.00	708.00	722.00	722.00	733.00	744.00	755.00	755.00	765.00	765.00	774.00	779.00	779.00	781.00	781.00	782.00	782.00	778.00	778.00	768.00	754.00	754.00	737.00	737.00	715.00	691.00	669.00	669.00	651.00	637.00	637.00	625.00	625.00	615.00	609.00	609.00	605.00	600.00	594.00	594.00	590.00
																																																																																		67.00	125.00	125.00	162.00	162.00	186.00	202.00	202.00	221.00	240.00	240.00	261.00	286.00	286.00	312.00	339.00	339.00	367.00	396.00	396.00	425.00	425.00	455.00	484.00	513.00	513.00	539.00	565.00	565.00	588.00	588.00	609.00	629.00	645.00	645.00	658.00	669.00	669.00	674.00	674.00	678.00	681.00	681.00	677.00	671.00	664.00	664.00	653.00	653.00	640.00	626.00	626.00	609.00	609.00	573.00	573.00	555.00	555.00	537.00	518.00	518.00	500.00	500.00	482.00	467.00	455.00	455.00	442.00	432.00	432.00	424.00	424.00	416.00	409.00	409.00	407.00	404.00	405.00	405.00	407.00	407.00	410.00	415.00	415.00	423.00	432.00	441.00	441.00	450.00	450.00	459.00	469.00	469.00	480.00	491.00	491.00	482.00	471.00	471.00	462.00	470.00	470.00	480.00	488.00	488.00	494.00	499.00	499.00	505.00	521.00	521.00	538.00	551.00	551.00	563.00	563.00	583.00	615.00	654.00	654.00	691.00	700.00	700.00	684.00	684.00	678.00	689.00	709.00	709.00	727.00	739.00	739.00	745.00	745.00	751.00	758.00	758.00	766.00	776.00	783.00	783.00	786.00	786.00	790.00	790.00	790.00	788.00	788.00	776.00	776.00	758.00	758.00	733.00	707.00	707.00	680.00	680.00	651.00	634.00	629.00	629.00	628.00	626.00	626.00	623.00	623.00	620.00	616.00	616.00	613.00	611.00	608.00	608.00	605.00
																																																																																		67.00	125.00	125.00	162.00	162.00	186.00	202.00	202.00	221.00	240.00	240.00	261.00	286.00	286.00	312.00	339.00	339.00	367.00	396.00	396.00	425.00	425.00	455.00	484.00	513.00	513.00	539.00	565.00	565.00	588.00	588.00	609.00	629.00	645.00	645.00	658.00	669.00	669.00	674.00	674.00	678.00	681.00	681.00	677.00	671.00	664.00	664.00	653.00	653.00	640.00	626.00	626.00	609.00	609.00	573.00	573.00	555.00	555.00	537.00	518.00	518.00	500.00	500.00	482.00	467.00	455.00	455.00	442.00	432.00	432.00	424.00	424.00	416.00	409.00	409.00	407.00	404.00	405.00	405.00	407.00	407.00	410.00	415.00	415.00	423.00	432.00	441.00	441.00	450.00	450.00	459.00	469.00	469.00	480.00	491.00	491.00	482.00	471.00	471.00	462.00	470.00	470.00	480.00	488.00	488.00	494.00	499.00	499.00	505.00	521.00	521.00	538.00	551.00	551.00	563.00	563.00	583.00	615.00	654.00	654.00	691.00	700.00	700.00	684.00	684.00	678.00	689.00	709.00	709.00	727.00	739.00	739.00	745.00	745.00	751.00	758.00	758.00	766.00	776.00	783.00	783.00	786.00	786.00	790.00	790.00	790.00	788.00	788.00	776.00	776.00	758.00	758.00	733.00	707.00	707.00	680.00	680.00	651.00	634.00	629.00	629.00	628.00	626.00	626.00	623.00	623.00	620.00	616.00	616.00	613.00	611.00	608.00	608.00	605.00
																																																																																		67.00	125.00	125.00	162.00	162.00	186.00	202.00	202.00	221.00	240.00	240.00	261.00	286.00	286.00	312.00	339.00	339.00	367.00	396.00	396.00	425.00	425.00	455.00	484.00	513.00	513.00	539.00	565.00	565.00	588.00	588.00	609.00	629.00	645.00	645.00	658.00	669.00	669.00	674.00	674.00	678.00	681.00	681.00	677.00	671.00	664.00	664.00	653.00	653.00	640.00	626.00	626.00	609.00	609.00	573.00	573.00	555.00	555.00	537.00	518.00	518.00	500.00	500.00	482.00	467.00	455.00	455.00	442.00	432.00	432.00	424.00	424.00	416.00	409.00	409.00	407.00	404.00	405.00	405.00	407.00	407.00	410.00	415.00	415.00	423.00	432.00	441.00	441.00	450.00	450.00	459.00	469.00	469.00	480.00	491.00	491.00	482.00	471.00	471.00	462.00	470.00	470.00	480.00	488.00	488.00	494.00	499.00	499.00	505.00	521.00	521.00	538.00	551.00	551.00	563.00	563.00	583.00	615.00	654.00	654.00	691.00	700.00	700.00	684.00	684.00	678.00	689.00	709.00	709.00	727.00	739.00	739.00	745.00	745.00	751.00	758.00	758.00	766.00	776.00	783.00	783.00	786.00	786.00	790.00	790.00	790.00	788.00	788.00	776.00	776.00	758.00	758.00	733.00	707.00	707.00	680.00	680.00	651.00	634.00	629.00	629.00	628.00	626.00	626.00	623.00	623.00	620.00	616.00	616.00	613.00	611.00	608.00	608.00	605.00
																																																																																		131.00	191.00	191.00	229.00	229.00	242.00	255.00	255.00	270.00	290.00	290.00	310.00	332.00	332.00	357.00	382.00	382.00	407.00	434.00	434.00	460.00	460.00	486.00	513.00	539.00	539.00	563.00	585.00	585.00	606.00	606.00	624.00	640.00	655.00	655.00	665.00	672.00	672.00	678.00	678.00	679.00	678.00	678.00	675.00	668.00	658.00	658.00	648.00	648.00	634.00	618.00	618.00	601.00	601.00	564.00	564.00	546.00	546.00	529.00	512.00	512.00	494.00	494.00	478.00	462.00	449.00	449.00	440.00	431.00	431.00	423.00	423.00	418.00	413.00	413.00	410.00	411.00	412.00	412.00	414.00	414.00	420.00	425.00	425.00	432.00	442.00	452.00	452.00	462.00	462.00	472.00	481.00	481.00	491.00	502.00	502.00	513.00	507.00	507.00	498.00	487.00	487.00	493.00	502.00	502.00	509.00	513.00	513.00	516.00	519.00	519.00	535.00	550.00	550.00	582.00	582.00	617.00	642.00	659.00	659.00	682.00	705.00	705.00	728.00	728.00	739.00	749.00	759.00	759.00	768.00	777.00	777.00	790.00	790.00	807.00	825.00	825.00	836.00	825.00	800.00	800.00	790.00	790.00	803.00	810.00	810.00	806.00	806.00	780.00	780.00	751.00	751.00	716.00	678.00	678.00	658.00	658.00	648.00	641.00	639.00	639.00	637.00	635.00	635.00	632.00	632.00	629.00	627.00	627.00	626.00	626.00	626.00	626.00	622.00
																																																																																12.00	52.00	131.00	191.00	191.00	229.00	229.00	242.00	255.00	255.00	270.00	290.00	290.00	310.00	332.00	332.00	357.00	382.00	382.00	407.00	434.00	434.00	460.00	460.00	486.00	513.00	539.00	539.00	563.00	585.00	585.00	606.00	606.00	624.00	640.00	655.00	655.00	665.00	672.00	672.00	678.00	678.00	679.00	678.00	678.00	675.00	668.00	658.00	658.00	648.00	648.00	634.00	618.00	618.00	601.00	601.00	564.00	564.00	546.00	546.00	529.00	512.00	512.00	494.00	494.00	478.00	462.00	449.00	449.00	440.00	431.00	431.00	423.00	423.00	418.00	413.00	413.00	410.00	411.00	412.00	412.00	414.00	414.00	420.00	425.00	425.00	432.00	442.00	452.00	452.00	462.00	462.00	472.00	481.00	481.00	491.00	502.00	502.00	513.00	507.00	507.00	498.00	487.00	487.00	493.00	502.00	502.00	509.00	513.00	513.00	516.00	519.00	519.00	535.00	550.00	550.00	582.00	582.00	617.00	642.00	659.00	659.00	682.00	705.00	705.00	728.00	728.00	739.00	749.00	759.00	759.00	768.00	777.00	777.00	790.00	790.00	807.00	825.00	825.00	836.00	825.00	800.00	800.00	790.00	790.00	803.00	810.00	810.00	806.00	806.00	780.00	780.00	751.00	751.00	716.00	678.00	678.00	658.00	658.00	648.00	641.00	639.00	639.00	637.00	635.00	635.00	632.00	632.00	629.00	627.00	627.00	626.00	626.00	626.00	626.00	622.00
																																																																																12.00	52.00	131.00	191.00	191.00	229.00	229.00	242.00	255.00	255.00	270.00	290.00	290.00	310.00	332.00	332.00	357.00	382.00	382.00	407.00	434.00	434.00	460.00	460.00	486.00	513.00	539.00	539.00	563.00	585.00	585.00	606.00	606.00	624.00	640.00	655.00	655.00	665.00	672.00	672.00	678.00	678.00	679.00	678.00	678.00	675.00	668.00	658.00	658.00	648.00	648.00	634.00	618.00	618.00	601.00	601.00	564.00	564.00	546.00	546.00	529.00	512.00	512.00	494.00	494.00	478.00	462.00	449.00	449.00	440.00	431.00	431.00	423.00	423.00	418.00	413.00	413.00	410.00	411.00	412.00	412.00	414.00	414.00	420.00	425.00	425.00	432.00	442.00	452.00	452.00	462.00	462.00	472.00	481.00	481.00	491.00	502.00	502.00	513.00	507.00	507.00	498.00	487.00	487.00	493.00	502.00	502.00	509.00	513.00	513.00	516.00	519.00	519.00	535.00	550.00	550.00	582.00	582.00	617.00	642.00	659.00	659.00	682.00	705.00	705.00	728.00	728.00	739.00	749.00	759.00	759.00	768.00	777.00	777.00	790.00	790.00	807.00	825.00	825.00	836.00	825.00	800.00	800.00	790.00	790.00	803.00	810.00	810.00	806.00	806.00	780.00	780.00	751.00	751.00	716.00	678.00	678.00	658.00	658.00	648.00	641.00	639.00	639.00	637.00	635.00	635.00	632.00	632.00	629.00	627.00	627.00	626.00	626.00	626.00	626.00	622.00
																																																																															211.00	211.00	247.00	268.00	278.00	278.00	287.00	287.00	296.00	310.00	310.00	325.00	341.00	341.00	360.00	381.00	381.00	401.00	425.00	425.00	449.00	472.00	472.00	496.00	496.00	519.00	542.00	565.00	565.00	588.00	608.00	608.00	626.00	626.00	642.00	656.00	667.00	667.00	677.00	683.00	683.00	685.00	685.00	686.00	684.00	684.00	679.00	672.00	662.00	662.00	650.00	650.00	638.00	623.00	623.00	606.00	606.00	571.00	571.00	552.00	552.00	536.00	521.00	521.00	505.00	505.00	490.00	477.00	464.00	464.00	454.00	448.00	448.00	442.00	442.00	437.00	436.00	436.00	434.00	434.00	437.00	437.00	441.00	441.00	446.00	453.00	453.00	459.00	466.00	477.00	477.00	487.00	487.00	497.00	507.00	507.00	517.00	526.00	526.00	535.00	543.00	543.00	545.00	548.00	548.00	556.00	558.00	558.00	562.00	585.00	585.00	611.00	627.00	627.00	631.00	653.00	653.00	677.00	677.00	713.00	750.00	792.00	792.00	839.00	842.00	842.00	822.00	822.00	797.00	823.00	849.00	849.00	874.00	889.00	889.00	901.00	901.00	901.00	899.00	899.00	890.00	874.00	858.00	858.00	856.00	856.00	857.00	847.00	847.00	841.00	841.00	810.00	810.00	782.00	782.00	746.00	704.00	704.00	667.00	667.00	651.00	650.00	650.00	650.00	649.00	646.00	646.00	643.00	643.00	641.00	638.00	638.00	635.00	635.00	637.00	637.00	637.00
																																																																															211.00	211.00	247.00	268.00	278.00	278.00	287.00	287.00	296.00	310.00	310.00	325.00	341.00	341.00	360.00	381.00	381.00	401.00	425.00	425.00	449.00	472.00	472.00	496.00	496.00	519.00	542.00	565.00	565.00	588.00	608.00	608.00	626.00	626.00	642.00	656.00	667.00	667.00	677.00	683.00	683.00	685.00	685.00	686.00	684.00	684.00	679.00	672.00	662.00	662.00	650.00	650.00	638.00	623.00	623.00	606.00	606.00	571.00	571.00	552.00	552.00	536.00	521.00	521.00	505.00	505.00	490.00	477.00	464.00	464.00	454.00	448.00	448.00	442.00	442.00	437.00	436.00	436.00	434.00	434.00	437.00	437.00	441.00	441.00	446.00	453.00	453.00	459.00	466.00	477.00	477.00	487.00	487.00	497.00	507.00	507.00	517.00	526.00	526.00	535.00	543.00	543.00	545.00	548.00	548.00	556.00	558.00	558.00	562.00	585.00	585.00	611.00	627.00	627.00	631.00	653.00	653.00	677.00	677.00	713.00	750.00	792.00	792.00	839.00	842.00	842.00	822.00	822.00	797.00	823.00	849.00	849.00	874.00	889.00	889.00	901.00	901.00	901.00	899.00	899.00	890.00	874.00	858.00	858.00	856.00	856.00	857.00	847.00	847.00	841.00	841.00	810.00	810.00	782.00	782.00	746.00	704.00	704.00	667.00	667.00	651.00	650.00	650.00	650.00	649.00	646.00	646.00	643.00	643.00	641.00	638.00	638.00	635.00	635.00	637.00	637.00	637.00
																																																																															211.00	211.00	247.00	268.00	278.00	278.00	287.00	287.00	296.00	310.00	310.00	325.00	341.00	341.00	360.00	381.00	381.00	401.00	425.00	425.00	449.00	472.00	472.00	496.00	496.00	519.00	542.00	565.00	565.00	588.00	608.00	608.00	626.00	626.00	642.00	656.00	667.00	667.00	677.00	683.00	683.00	685.00	685.00	686.00	684.00	684.00	679.00	672.00	662.00	662.00	650.00	650.00	638.00	623.00	623.00	606.00	606.00	571.00	571.00	552.00	552.00	536.00	521.00	521.00	505.00	505.00	490.00	477.00	464.00	464.00	454.00	448.00	448.00	442.00	442.00	437.00	436.00	436.00	434.00	434.00	437.00	437.00	441.00	441.00	446.00	453.00	453.00	459.00	466.00	477.00	477.00	487.00	487.00	497.00	507.00	507.00	517.00	526.00	526.00	535.00	543.00	543.00	545.00	548.00	548.00	556.00	558.00	558.00	562.00	585.00	585.00	611.00	627.00	627.00	631.00	653.00	653.00	677.00	677.00	713.00	750.00	792.00	792.00	839.00	842.00	842.00	822.00	822.00	797.00	823.00	849.00	849.00	874.00	889.00	889.00	901.00	901.00	901.00	899.00	899.00	890.00	874.00	858.00	858.00	856.00	856.00	857.00	847.00	847.00	841.00	841.00	810.00	810.00	782.00	782.00	746.00	704.00	704.00	667.00	667.00	651.00	650.00	650.00	650.00	649.00	646.00	646.00	643.00	643.00	641.00	638.00	638.00	635.00	635.00	637.00	637.00	637.00
																																																																															211.00	211.00	247.00	268.00	278.00	278.00	287.00	287.00	296.00	310.00	310.00	325.00	341.00	341.00	360.00	381.00	381.00	401.00	425.00	425.00	449.00	472.00	472.00	496.00	496.00	519.00	542.00	565.00	565.00	588.00	608.00	608.00	626.00	626.00	642.00	656.00	667.00	667.00	677.00	683.00	683.00	685.00	685.00	686.00	684.00	684.00	679.00	672.00	662.00	662.00	650.00	650.00	638.00	623.00	623.00	606.00	606.00	571.00	571.00	552.00	552.00	536.00	521.00	521.00	505.00	505.00	490.00	477.00	464.00	464.00	454.00	448.00	448.00	442.00	442.00	437.00	436.00	436.00	434.00	434.00	437.00	437.00	441.00	441.00	446.00	453.00	453.00	459.00	466.00	477.00	477.00	487.00	487.00	497.00	507.00	507.00	517.00	526.00	526.00	535.00	543.00	543.00	545.00	548.00	548.00	556.00	558.00	558.00	562.00	585.00	585.00	611.00	627.00	627.00	631.00	653.00	653.00	677.00	677.00	713.00	750.00	792.00	792.00	839.00	842.00	842.00	822.00	822.00	797.00	823.00	849.00	849.00	874.00	889.00	889.00	901.00	901.00	901.00	899.00	899.00	890.00	874.00	858.00	858.00	856.00	856.00	857.00	847.00	847.00	841.00	841.00	810.00	810.00	782.00	782.00	746.00	704.00	704.00	667.00	667.00	651.00	650.00	650.00	650.00	649.00	646.00	646.00	643.00	643.00	641.00	638.00	638.00	635.00	635.00	637.00	637.00	637.00
																																																																														223.00	262.00	262.00	284.00	304.00	319.00	319.00	328.00	328.00	342.00	361.00	361.00	377.00	393.00	393.00	408.00	427.00	427.00	447.00	466.00	466.00	488.00	509.00	509.00	529.00	529.00	551.00	573.00	593.00	593.00	612.00	631.00	631.00	647.00	647.00	661.00	674.00	684.00	684.00	691.00	697.00	697.00	699.00	699.00	699.00	697.00	697.00	692.00	684.00	676.00	676.00	664.00	664.00	651.00	638.00	638.00	623.00	623.00	592.00	592.00	575.00	575.00	559.00	545.00	545.00	533.00	533.00	520.00	508.00	498.00	498.00	488.00	481.00	481.00	478.00	478.00	476.00	473.00	473.00	474.00	475.00	477.00	477.00	483.00	483.00	490.00	496.00	496.00	502.00	507.00	513.00	513.00	523.00	523.00	532.00	541.00	541.00	551.00	559.00	559.00	567.00	590.00	590.00	613.00	638.00	638.00	674.00	714.00	714.00	752.00	780.00	780.00	798.00	799.00	799.00	801.00	815.00	815.00	848.00	848.00	887.00	919.00	947.00	947.00	967.00	977.00	977.00	963.00	963.00	954.00	943.00	945.00	945.00	938.00	919.00	919.00	913.00	913.00	913.00	917.00	917.00	904.00	891.00	880.00	880.00	877.00	877.00	870.00	860.00	860.00	855.00	855.00	823.00	823.00	784.00	784.00	746.00	711.00	711.00	688.00	688.00	670.00	661.00	659.00	659.00	656.00	652.00	652.00	652.00	652.00	652.00	650.00	650.00	647.00	644.00	643.00	643.00	643.00
																																																																										92.00	92.00	158.00	158.00	223.00	262.00	262.00	284.00	304.00	319.00	319.00	328.00	328.00	342.00	361.00	361.00	377.00	393.00	393.00	408.00	427.00	427.00	447.00	466.00	466.00	488.00	509.00	509.00	529.00	529.00	551.00	573.00	593.00	593.00	612.00	631.00	631.00	647.00	647.00	661.00	674.00	684.00	684.00	691.00	697.00	697.00	699.00	699.00	699.00	697.00	697.00	692.00	684.00	676.00	676.00	664.00	664.00	651.00	638.00	638.00	623.00	623.00	592.00	592.00	575.00	575.00	559.00	545.00	545.00	533.00	533.00	520.00	508.00	498.00	498.00	488.00	481.00	481.00	478.00	478.00	476.00	473.00	473.00	474.00	475.00	477.00	477.00	483.00	483.00	490.00	496.00	496.00	502.00	507.00	513.00	513.00	523.00	523.00	532.00	541.00	541.00	551.00	559.00	559.00	567.00	590.00	590.00	613.00	638.00	638.00	674.00	714.00	714.00	752.00	780.00	780.00	798.00	799.00	799.00	801.00	815.00	815.00	848.00	848.00	887.00	919.00	947.00	947.00	967.00	977.00	977.00	963.00	963.00	954.00	943.00	945.00	945.00	938.00	919.00	919.00	913.00	913.00	913.00	917.00	917.00	904.00	891.00	880.00	880.00	877.00	877.00	870.00	860.00	860.00	855.00	855.00	823.00	823.00	784.00	784.00	746.00	711.00	711.00	688.00	688.00	670.00	661.00	659.00	659.00	656.00	652.00	652.00	652.00	652.00	652.00	650.00	650.00	647.00	644.00	643.00	643.00	643.00
																																																																										92.00	92.00	158.00	158.00	223.00	262.00	262.00	284.00	304.00	319.00	319.00	328.00	328.00	342.00	361.00	361.00	377.00	393.00	393.00	408.00	427.00	427.00	447.00	466.00	466.00	488.00	509.00	509.00	529.00	529.00	551.00	573.00	593.00	593.00	612.00	631.00	631.00	647.00	647.00	661.00	674.00	684.00	684.00	691.00	697.00	697.00	699.00	699.00	699.00	697.00	697.00	692.00	684.00	676.00	676.00	664.00	664.00	651.00	638.00	638.00	623.00	623.00	592.00	592.00	575.00	575.00	559.00	545.00	545.00	533.00	533.00	520.00	508.00	498.00	498.00	488.00	481.00	481.00	478.00	478.00	476.00	473.00	473.00	474.00	475.00	477.00	477.00	483.00	483.00	490.00	496.00	496.00	502.00	507.00	513.00	513.00	523.00	523.00	532.00	541.00	541.00	551.00	559.00	559.00	567.00	590.00	590.00	613.00	638.00	638.00	674.00	714.00	714.00	752.00	780.00	780.00	798.00	799.00	799.00	801.00	815.00	815.00	848.00	848.00	887.00	919.00	947.00	947.00	967.00	977.00	977.00	963.00	963.00	954.00	943.00	945.00	945.00	938.00	919.00	919.00	913.00	913.00	913.00	917.00	917.00	904.00	891.00	880.00	880.00	877.00	877.00	870.00	860.00	860.00	855.00	855.00	823.00	823.00	784.00	784.00	746.00	711.00	711.00	688.00	688.00	670.00	661.00	659.00	659.00	656.00	652.00	652.00	652.00	652.00	652.00	650.00	650.00	647.00	644.00	643.00	643.00	643.00
																																																																										92.00	92.00	158.00	158.00	223.00	262.00	262.00	284.00	304.00	319.00	319.00	328.00	328.00	342.00	361.00	361.00	377.00	393.00	393.00	408.00	427.00	427.00	447.00	466.00	466.00	488.00	509.00	509.00	529.00	529.00	551.00	573.00	593.00	593.00	612.00	631.00	631.00	647.00	647.00	661.00	674.00	684.00	684.00	691.00	697.00	697.00	699.00	699.00	699.00	697.00	697.00	692.00	684.00	676.00	676.00	664.00	664.00	651.00	638.00	638.00	623.00	623.00	592.00	592.00	575.00	575.00	559.00	545.00	545.00	533.00	533.00	520.00	508.00	498.00	498.00	488.00	481.00	481.00	478.00	478.00	476.00	473.00	473.00	474.00	475.00	477.00	477.00	483.00	483.00	490.00	496.00	496.00	502.00	507.00	513.00	513.00	523.00	523.00	532.00	541.00	541.00	551.00	559.00	559.00	567.00	590.00	590.00	613.00	638.00	638.00	674.00	714.00	714.00	752.00	780.00	780.00	798.00	799.00	799.00	801.00	815.00	815.00	848.00	848.00	887.00	919.00	947.00	947.00	967.00	977.00	977.00	963.00	963.00	954.00	943.00	945.00	945.00	938.00	919.00	919.00	913.00	913.00	913.00	917.00	917.00	904.00	891.00	880.00	880.00	877.00	877.00	870.00	860.00	860.00	855.00	855.00	823.00	823.00	784.00	784.00	746.00	711.00	711.00	688.00	688.00	670.00	661.00	659.00	659.00	656.00	652.00	652.00	652.00	652.00	652.00	650.00	650.00	647.00	644.00	643.00	643.00	643.00
																																																																							97.00	214.00	326.00	324.00	324.00	322.00	322.00	323.00	325.00	325.00	327.00	333.00	340.00	340.00	348.00	348.00	366.00	394.00	394.00	422.00	442.00	442.00	457.00	472.00	472.00	490.00	508.00	508.00	526.00	545.00	545.00	565.00	565.00	584.00	603.00	621.00	621.00	639.00	654.00	654.00	669.00	669.00	683.00	693.00	702.00	702.00	710.00	714.00	714.00	717.00	717.00	718.00	714.00	714.00	711.00	705.00	696.00	696.00	687.00	687.00	675.00	663.00	663.00	650.00	650.00	623.00	623.00	610.00	610.00	596.00	583.00	583.00	572.00	572.00	562.00	553.00	544.00	544.00	537.00	532.00	532.00	528.00	528.00	527.00	527.00	527.00	527.00	529.00	532.00	532.00	536.00	536.00	543.00	549.00	549.00	556.00	561.00	566.00	566.00	574.00	574.00	599.00	626.00	626.00	654.00	685.00	685.00	716.00	745.00	745.00	753.00	765.00	765.00	787.00	820.00	820.00	850.00	872.00	872.00	883.00	903.00	903.00	931.00	958.00	958.00	987.00	987.00	1017.00	1039.00	1046.00	1046.00	1045.00	1044.00	1044.00	1049.00	1049.00	1044.00	1034.00	1013.00	1013.00	988.00	965.00	965.00	946.00	946.00	946.00	948.00	948.00	950.00	945.00	936.00	936.00	925.00	925.00	907.00	884.00	884.00	849.00	849.00	781.00	781.00	742.00	742.00	716.00	700.00	700.00	693.00	693.00	686.00	681.00	677.00	677.00	673.00	670.00	670.00	668.00	668.00	665.00	662.00	662.00	660.00	659.00	658.00	658.00	657.00
																																																																						97.00	97.00	214.00	326.00	324.00	324.00	322.00	322.00	323.00	325.00	325.00	327.00	333.00	340.00	340.00	348.00	348.00	366.00	394.00	394.00	422.00	442.00	442.00	457.00	472.00	472.00	490.00	508.00	508.00	526.00	545.00	545.00	565.00	565.00	584.00	603.00	621.00	621.00	639.00	654.00	654.00	669.00	669.00	683.00	693.00	702.00	702.00	710.00	714.00	714.00	717.00	717.00	718.00	714.00	714.00	711.00	705.00	696.00	696.00	687.00	687.00	675.00	663.00	663.00	650.00	650.00	623.00	623.00	610.00	610.00	596.00	583.00	583.00	572.00	572.00	562.00	553.00	544.00	544.00	537.00	532.00	532.00	528.00	528.00	527.00	527.00	527.00	527.00	529.00	532.00	532.00	536.00	536.00	543.00	549.00	549.00	556.00	561.00	566.00	566.00	574.00	574.00	599.00	626.00	626.00	654.00	685.00	685.00	716.00	745.00	745.00	753.00	765.00	765.00	787.00	820.00	820.00	850.00	872.00	872.00	883.00	903.00	903.00	931.00	958.00	958.00	987.00	987.00	1017.00	1039.00	1046.00	1046.00	1045.00	1044.00	1044.00	1049.00	1049.00	1044.00	1034.00	1013.00	1013.00	988.00	965.00	965.00	946.00	946.00	946.00	948.00	948.00	950.00	945.00	936.00	936.00	925.00	925.00	907.00	884.00	884.00	849.00	849.00	781.00	781.00	742.00	742.00	716.00	700.00	700.00	693.00	693.00	686.00	681.00	677.00	677.00	673.00	670.00	670.00	668.00	668.00	665.00	662.00	662.00	660.00	659.00	658.00	658.00	657.00
																																																																						97.00	97.00	214.00	326.00	324.00	324.00	322.00	322.00	323.00	325.00	325.00	327.00	333.00	340.00	340.00	348.00	348.00	366.00	394.00	394.00	422.00	442.00	442.00	457.00	472.00	472.00	490.00	508.00	508.00	526.00	545.00	545.00	565.00	565.00	584.00	603.00	621.00	621.00	639.00	654.00	654.00	669.00	669.00	683.00	693.00	702.00	702.00	710.00	714.00	714.00	717.00	717.00	718.00	714.00	714.00	711.00	705.00	696.00	696.00	687.00	687.00	675.00	663.00	663.00	650.00	650.00	623.00	623.00	610.00	610.00	596.00	583.00	583.00	572.00	572.00	562.00	553.00	544.00	544.00	537.00	532.00	532.00	528.00	528.00	527.00	527.00	527.00	527.00	529.00	532.00	532.00	536.00	536.00	543.00	549.00	549.00	556.00	561.00	566.00	566.00	574.00	574.00	599.00	626.00	626.00	654.00	685.00	685.00	716.00	745.00	745.00	753.00	765.00	765.00	787.00	820.00	820.00	850.00	872.00	872.00	883.00	903.00	903.00	931.00	958.00	958.00	987.00	987.00	1017.00	1039.00	1046.00	1046.00	1045.00	1044.00	1044.00	1049.00	1049.00	1044.00	1034.00	1013.00	1013.00	988.00	965.00	965.00	946.00	946.00	946.00	948.00	948.00	950.00	945.00	936.00	936.00	925.00	925.00	907.00	884.00	884.00	849.00	849.00	781.00	781.00	742.00	742.00	716.00	700.00	700.00	693.00	693.00	686.00	681.00	677.00	677.00	673.00	670.00	670.00	668.00	668.00	665.00	662.00	662.00	660.00	659.00	658.00	658.00	657.00
																																																																							200.00	291.00	349.00	372.00	372.00	368.00	368.00	370.00	375.00	375.00	379.00	384.00	391.00	391.00	398.00	398.00	406.00	420.00	420.00	440.00	455.00	455.00	472.00	498.00	498.00	526.00	547.00	547.00	564.00	580.00	580.00	598.00	598.00	616.00	633.00	649.00	649.00	665.00	680.00	680.00	693.00	693.00	705.00	716.00	723.00	723.00	729.00	735.00	735.00	736.00	736.00	737.00	736.00	736.00	732.00	727.00	721.00	721.00	712.00	712.00	703.00	694.00	694.00	682.00	682.00	661.00	661.00	650.00	650.00	639.00	629.00	629.00	619.00	619.00	612.00	605.00	599.00	599.00	594.00	590.00	590.00	588.00	588.00	588.00	588.00	588.00	590.00	592.00	596.00	596.00	600.00	600.00	610.00	626.00	626.00	644.00	664.00	686.00	686.00	710.00	710.00	732.00	744.00	744.00	755.00	766.00	766.00	791.00	822.00	822.00	857.00	866.00	866.00	874.00	883.00	883.00	895.00	907.00	907.00	924.00	971.00	971.00	1012.00	1037.00	1037.00	1045.00	1045.00	1052.00	1059.00	1062.00	1062.00	1060.00	1055.00	1055.00	1047.00	1047.00	1037.00	1024.00	1016.00	1016.00	1008.00	992.00	992.00	977.00	977.00	967.00	972.00	972.00	988.00	1012.00	1006.00	1006.00	991.00	991.00	975.00	931.00	931.00	867.00	867.00	747.00	747.00	720.00	720.00	702.00	700.00	700.00	698.00	698.00	695.00	693.00	690.00	690.00	687.00	684.00	684.00	681.00	681.00	678.00	675.00	675.00	672.00	669.00	670.00	670.00	672.00
																																																																							200.00	291.00	349.00	372.00	372.00	368.00	368.00	370.00	375.00	375.00	379.00	384.00	391.00	391.00	398.00	398.00	406.00	420.00	420.00	440.00	455.00	455.00	472.00	498.00	498.00	526.00	547.00	547.00	564.00	580.00	580.00	598.00	598.00	616.00	633.00	649.00	649.00	665.00	680.00	680.00	693.00	693.00	705.00	716.00	723.00	723.00	729.00	735.00	735.00	736.00	736.00	737.00	736.00	736.00	732.00	727.00	721.00	721.00	712.00	712.00	703.00	694.00	694.00	682.00	682.00	661.00	661.00	650.00	650.00	639.00	629.00	629.00	619.00	619.00	612.00	605.00	599.00	599.00	594.00	590.00	590.00	588.00	588.00	588.00	588.00	588.00	590.00	592.00	596.00	596.00	600.00	600.00	610.00	626.00	626.00	644.00	664.00	686.00	686.00	710.00	710.00	732.00	744.00	744.00	755.00	766.00	766.00	791.00	822.00	822.00	857.00	866.00	866.00	874.00	883.00	883.00	895.00	907.00	907.00	924.00	971.00	971.00	1012.00	1037.00	1037.00	1045.00	1045.00	1052.00	1059.00	1062.00	1062.00	1060.00	1055.00	1055.00	1047.00	1047.00	1037.00	1024.00	1016.00	1016.00	1008.00	992.00	992.00	977.00	977.00	967.00	972.00	972.00	988.00	1012.00	1006.00	1006.00	991.00	991.00	975.00	931.00	931.00	867.00	867.00	747.00	747.00	720.00	720.00	702.00	700.00	700.00	698.00	698.00	695.00	693.00	690.00	690.00	687.00	684.00	684.00	681.00	681.00	678.00	675.00	675.00	672.00	669.00	670.00	670.00	672.00
																																																																						200.00	200.00	291.00	349.00	372.00	372.00	368.00	368.00	370.00	375.00	375.00	379.00	384.00	391.00	391.00	398.00	398.00	406.00	420.00	420.00	440.00	455.00	455.00	472.00	498.00	498.00	526.00	547.00	547.00	564.00	580.00	580.00	598.00	598.00	616.00	633.00	649.00	649.00	665.00	680.00	680.00	693.00	693.00	705.00	716.00	723.00	723.00	729.00	735.00	735.00	736.00	736.00	737.00	736.00	736.00	732.00	727.00	721.00	721.00	712.00	712.00	703.00	694.00	694.00	682.00	682.00	661.00	661.00	650.00	650.00	639.00	629.00	629.00	619.00	619.00	612.00	605.00	599.00	599.00	594.00	590.00	590.00	588.00	588.00	588.00	588.00	588.00	590.00	592.00	596.00	596.00	600.00	600.00	610.00	626.00	626.00	644.00	664.00	686.00	686.00	710.00	710.00	732.00	744.00	744.00	755.00	766.00	766.00	791.00	822.00	822.00	857.00	866.00	866.00	874.00	883.00	883.00	895.00	907.00	907.00	924.00	971.00	971.00	1012.00	1037.00	1037.00	1045.00	1045.00	1052.00	1059.00	1062.00	1062.00	1060.00	1055.00	1055.00	1047.00	1047.00	1037.00	1024.00	1016.00	1016.00	1008.00	992.00	992.00	977.00	977.00	967.00	972.00	972.00	988.00	1012.00	1006.00	1006.00	991.00	991.00	975.00	931.00	931.00	867.00	867.00	747.00	747.00	720.00	720.00	702.00	700.00	700.00	698.00	698.00	695.00	693.00	690.00	690.00	687.00	684.00	684.00	681.00	681.00	678.00	675.00	675.00	672.00	669.00	670.00	670.00	672.00
																																																																						200.00	200.00	291.00	349.00	372.00	372.00	368.00	368.00	370.00	375.00	375.00	379.00	384.00	391.00	391.00	398.00	398.00	406.00	420.00	420.00	440.00	455.00	455.00	472.00	498.00	498.00	526.00	547.00	547.00	564.00	580.00	580.00	598.00	598.00	616.00	633.00	649.00	649.00	665.00	680.00	680.00	693.00	693.00	705.00	716.00	723.00	723.00	729.00	735.00	735.00	736.00	736.00	737.00	736.00	736.00	732.00	727.00	721.00	721.00	712.00	712.00	703.00	694.00	694.00	682.00	682.00	661.00	661.00	650.00	650.00	639.00	629.00	629.00	619.00	619.00	612.00	605.00	599.00	599.00	594.00	590.00	590.00	588.00	588.00	588.00	588.00	588.00	590.00	592.00	596.00	596.00	600.00	600.00	610.00	626.00	626.00	644.00	664.00	686.00	686.00	710.00	710.00	732.00	744.00	744.00	755.00	766.00	766.00	791.00	822.00	822.00	857.00	866.00	866.00	874.00	883.00	883.00	895.00	907.00	907.00	924.00	971.00	971.00	1012.00	1037.00	1037.00	1045.00	1045.00	1052.00	1059.00	1062.00	1062.00	1060.00	1055.00	1055.00	1047.00	1047.00	1037.00	1024.00	1016.00	1016.00	1008.00	992.00	992.00	977.00	977.00	967.00	972.00	972.00	988.00	1012.00	1006.00	1006.00	991.00	991.00	975.00	931.00	931.00	867.00	867.00	747.00	747.00	720.00	720.00	702.00	700.00	700.00	698.00	698.00	695.00	693.00	690.00	690.00	687.00	684.00	684.00	681.00	681.00	678.00	675.00	675.00	672.00	669.00	670.00	670.00	672.00
																																																																						200.00	200.00	291.00	349.00	372.00	372.00	368.00	368.00	370.00	375.00	375.00	379.00	384.00	391.00	391.00	398.00	398.00	406.00	420.00	420.00	440.00	455.00	455.00	472.00	498.00	498.00	526.00	547.00	547.00	564.00	580.00	580.00	598.00	598.00	616.00	633.00	649.00	649.00	665.00	680.00	680.00	693.00	693.00	705.00	716.00	723.00	723.00	729.00	735.00	735.00	736.00	736.00	737.00	736.00	736.00	732.00	727.00	721.00	721.00	712.00	712.00	703.00	694.00	694.00	682.00	682.00	661.00	661.00	650.00	650.00	639.00	629.00	629.00	619.00	619.00	612.00	605.00	599.00	599.00	594.00	590.00	590.00	588.00	588.00	588.00	588.00	588.00	590.00	592.00	596.00	596.00	600.00	600.00	610.00	626.00	626.00	644.00	664.00	686.00	686.00	710.00	710.00	732.00	744.00	744.00	755.00	766.00	766.00	791.00	822.00	822.00	857.00	866.00	866.00	874.00	883.00	883.00	895.00	907.00	907.00	924.00	971.00	971.00	1012.00	1037.00	1037.00	1045.00	1045.00	1052.00	1059.00	1062.00	1062.00	1060.00	1055.00	1055.00	1047.00	1047.00	1037.00	1024.00	1016.00	1016.00	1008.00	992.00	992.00	977.00	977.00	967.00	972.00	972.00	988.00	1012.00	1006.00	1006.00	991.00	991.00	975.00	931.00	931.00	867.00	867.00	747.00	747.00	720.00	720.00	702.00	700.00	700.00	698.00	698.00	695.00	693.00	690.00	690.00	687.00	684.00	684.00	681.00	681.00	678.00	675.00	675.00	672.00	669.00	670.00	670.00	672.00
																																																																						132.00	132.00	149.00	188.00	265.00	265.00	374.00	374.00	389.00	400.00	400.00	408.00	416.00	428.00	428.00	443.00	443.00	451.00	462.00	462.00	476.00	491.00	491.00	506.00	526.00	526.00	552.00	575.00	575.00	593.00	610.00	610.00	630.00	630.00	648.00	664.00	679.00	679.00	693.00	706.00	706.00	718.00	718.00	728.00	737.00	745.00	745.00	750.00	754.00	754.00	758.00	758.00	758.00	757.00	757.00	756.00	750.00	744.00	744.00	739.00	739.00	731.00	723.00	723.00	715.00	715.00	697.00	697.00	689.00	689.00	681.00	675.00	675.00	668.00	668.00	663.00	659.00	657.00	657.00	657.00	658.00	658.00	659.00	659.00	657.00	659.00	659.00	665.00	675.00	688.00	688.00	702.00	702.00	719.00	731.00	731.00	741.00	752.00	762.00	762.00	773.00	773.00	783.00	795.00	795.00	812.00	831.00	831.00	850.00	873.00	873.00	890.00	900.00	900.00	924.00	951.00	951.00	978.00	1002.00	1002.00	1023.00	1042.00	1042.00	1057.00	1068.00	1068.00	1078.00	1078.00	1074.00	1061.00	1044.00	1044.00	1042.00	1037.00	1037.00	1029.00	1029.00	1021.00	1016.00	1009.00	1009.00	998.00	1012.00	1012.00	1033.00	1033.00	1063.00	1094.00	1094.00	1114.00	1106.00	1076.00	1076.00	1057.00	1057.00	1032.00	1001.00	1001.00	936.00	936.00	749.00	749.00	715.00	715.00	713.00	712.00	712.00	711.00	711.00	709.00	707.00	704.00	704.00	700.00	697.00	697.00	694.00	694.00	691.00	688.00	688.00	685.00	682.00	679.00	679.00	679.00
																																																																											265.00	374.00	374.00	389.00	400.00	400.00	408.00	416.00	428.00	428.00	443.00	443.00	451.00	462.00	462.00	476.00	491.00	491.00	506.00	526.00	526.00	552.00	575.00	575.00	593.00	610.00	610.00	630.00	630.00	648.00	664.00	679.00	679.00	693.00	706.00	706.00	718.00	718.00	728.00	737.00	745.00	745.00	750.00	754.00	754.00	758.00	758.00	758.00	757.00	757.00	756.00	750.00	744.00	744.00	739.00	739.00	731.00	723.00	723.00	715.00	715.00	697.00	697.00	689.00	689.00	681.00	675.00	675.00	668.00	668.00	663.00	659.00	657.00	657.00	657.00	658.00	658.00	659.00	659.00	657.00	659.00	659.00	665.00	675.00	688.00	688.00	702.00	702.00	719.00	731.00	731.00	741.00	752.00	762.00	762.00	773.00	773.00	783.00	795.00	795.00	812.00	831.00	831.00	850.00	873.00	873.00	890.00	900.00	900.00	924.00	951.00	951.00	978.00	1002.00	1002.00	1023.00	1042.00	1042.00	1057.00	1068.00	1068.00	1078.00	1078.00	1074.00	1061.00	1044.00	1044.00	1042.00	1037.00	1037.00	1029.00	1029.00	1021.00	1016.00	1009.00	1009.00	998.00	1012.00	1012.00	1033.00	1033.00	1063.00	1094.00	1094.00	1114.00	1106.00	1076.00	1076.00	1057.00	1057.00	1032.00	1001.00	1001.00	936.00	936.00	749.00	749.00	715.00	715.00	713.00	712.00	712.00	711.00	711.00	709.00	707.00	704.00	704.00	700.00	697.00	697.00	694.00	694.00	691.00	688.00	688.00	685.00	682.00	679.00	679.00	679.00
																																																																											265.00	374.00	374.00	389.00	400.00	400.00	408.00	416.00	428.00	428.00	443.00	443.00	451.00	462.00	462.00	476.00	491.00	491.00	506.00	526.00	526.00	552.00	575.00	575.00	593.00	610.00	610.00	630.00	630.00	648.00	664.00	679.00	679.00	693.00	706.00	706.00	718.00	718.00	728.00	737.00	745.00	745.00	750.00	754.00	754.00	758.00	758.00	758.00	757.00	757.00	756.00	750.00	744.00	744.00	739.00	739.00	731.00	723.00	723.00	715.00	715.00	697.00	697.00	689.00	689.00	681.00	675.00	675.00	668.00	668.00	663.00	659.00	657.00	657.00	657.00	658.00	658.00	659.00	659.00	657.00	659.00	659.00	665.00	675.00	688.00	688.00	702.00	702.00	719.00	731.00	731.00	741.00	752.00	762.00	762.00	773.00	773.00	783.00	795.00	795.00	812.00	831.00	831.00	850.00	873.00	873.00	890.00	900.00	900.00	924.00	951.00	951.00	978.00	1002.00	1002.00	1023.00	1042.00	1042.00	1057.00	1068.00	1068.00	1078.00	1078.00	1074.00	1061.00	1044.00	1044.00	1042.00	1037.00	1037.00	1029.00	1029.00	1021.00	1016.00	1009.00	1009.00	998.00	1012.00	1012.00	1033.00	1033.00	1063.00	1094.00	1094.00	1114.00	1106.00	1076.00	1076.00	1057.00	1057.00	1032.00	1001.00	1001.00	936.00	936.00	749.00	749.00	715.00	715.00	713.00	712.00	712.00	711.00	711.00	709.00	707.00	704.00	704.00	700.00	697.00	697.00	694.00	694.00	691.00	688.00	688.00	685.00	682.00	679.00	679.00	679.00
																																																																											265.00	374.00	374.00	389.00	400.00	400.00	408.00	416.00	428.00	428.00	443.00	443.00	451.00	462.00	462.00	476.00	491.00	491.00	506.00	526.00	526.00	552.00	575.00	575.00	593.00	610.00	610.00	630.00	630.00	648.00	664.00	679.00	679.00	693.00	706.00	706.00	718.00	718.00	728.00	737.00	745.00	745.00	750.00	754.00	754.00	758.00	758.00	758.00	757.00	757.00	756.00	750.00	744.00	744.00	739.00	739.00	731.00	723.00	723.00	715.00	715.00	697.00	697.00	689.00	689.00	681.00	675.00	675.00	668.00	668.00	663.00	659.00	657.00	657.00	657.00	658.00	658.00	659.00	659.00	657.00	659.00	659.00	665.00	675.00	688.00	688.00	702.00	702.00	719.00	731.00	731.00	741.00	752.00	762.00	762.00	773.00	773.00	783.00	795.00	795.00	812.00	831.00	831.00	850.00	873.00	873.00	890.00	900.00	900.00	924.00	951.00	951.00	978.00	1002.00	1002.00	1023.00	1042.00	1042.00	1057.00	1068.00	1068.00	1078.00	1078.00	1074.00	1061.00	1044.00	1044.00	1042.00	1037.00	1037.00	1029.00	1029.00	1021.00	1016.00	1009.00	1009.00	998.00	1012.00	1012.00	1033.00	1033.00	1063.00	1094.00	1094.00	1114.00	1106.00	1076.00	1076.00	1057.00	1057.00	1032.00	1001.00	1001.00	936.00	936.00	749.00	749.00	715.00	715.00	713.00	712.00	712.00	711.00	711.00	709.00	707.00	704.00	704.00	700.00	697.00	697.00	694.00	694.00	691.00	688.00	688.00	685.00	682.00	679.00	679.00	679.00
																																																																													259.00	407.00	424.00	424.00	431.00	438.00	451.00	451.00	462.00	462.00	471.00	491.00	491.00	509.00	525.00	525.00	542.00	561.00	561.00	581.00	597.00	597.00	613.00	632.00	632.00	655.00	655.00	677.00	695.00	709.00	709.00	721.00	733.00	733.00	743.00	743.00	752.00	760.00	766.00	766.00	772.00	774.00	774.00	776.00	776.00	777.00	775.00	775.00	773.00	770.00	765.00	765.00	760.00	760.00	754.00	748.00	748.00	742.00	742.00	729.00	729.00	724.00	724.00	719.00	715.00	715.00	713.00	713.00	711.00	711.00	711.00	711.00	713.00	717.00	717.00	723.00	723.00	729.00	737.00	737.00	745.00	754.00	764.00	764.00	775.00	775.00	786.00	794.00	794.00	805.00	820.00	834.00	834.00	849.00	849.00	864.00	880.00	880.00	896.00	911.00	911.00	925.00	936.00	936.00	958.00	994.00	994.00	1037.00	1055.00	1055.00	1068.00	1079.00	1079.00	1087.00	1096.00	1096.00	1105.00	1109.00	1109.00	1104.00	1104.00	1092.00	1075.00	1065.00	1065.00	1062.00	1050.00	1050.00	1043.00	1043.00	1044.00	1073.00	1112.00	1112.00	1157.00	1163.00	1163.00	1141.00	1141.00	1123.00	1106.00	1106.00	1085.00	1065.00	1072.00	1072.00	1097.00	1097.00	1094.00	1047.00	1047.00	995.00	995.00	843.00	843.00	762.00	762.00	722.00	722.00	722.00	722.00	722.00	721.00	719.00	716.00	716.00	713.00	710.00	710.00	707.00	707.00	704.00	702.00	702.00	699.00	696.00	694.00	694.00	693.00
																																																																														407.00	424.00	424.00	431.00	438.00	451.00	451.00	462.00	462.00	471.00	491.00	491.00	509.00	525.00	525.00	542.00	561.00	561.00	581.00	597.00	597.00	613.00	632.00	632.00	655.00	655.00	677.00	695.00	709.00	709.00	721.00	733.00	733.00	743.00	743.00	752.00	760.00	766.00	766.00	772.00	774.00	774.00	776.00	776.00	777.00	775.00	775.00	773.00	770.00	765.00	765.00	760.00	760.00	754.00	748.00	748.00	742.00	742.00	729.00	729.00	724.00	724.00	719.00	715.00	715.00	713.00	713.00	711.00	711.00	711.00	711.00	713.00	717.00	717.00	723.00	723.00	729.00	737.00	737.00	745.00	754.00	764.00	764.00	775.00	775.00	786.00	794.00	794.00	805.00	820.00	834.00	834.00	849.00	849.00	864.00	880.00	880.00	896.00	911.00	911.00	925.00	936.00	936.00	958.00	994.00	994.00	1037.00	1055.00	1055.00	1068.00	1079.00	1079.00	1087.00	1096.00	1096.00	1105.00	1109.00	1109.00	1104.00	1104.00	1092.00	1075.00	1065.00	1065.00	1062.00	1050.00	1050.00	1043.00	1043.00	1044.00	1073.00	1112.00	1112.00	1157.00	1163.00	1163.00	1141.00	1141.00	1123.00	1106.00	1106.00	1085.00	1065.00	1072.00	1072.00	1097.00	1097.00	1094.00	1047.00	1047.00	995.00	995.00	843.00	843.00	762.00	762.00	722.00	722.00	722.00	722.00	722.00	721.00	719.00	716.00	716.00	713.00	710.00	710.00	707.00	707.00	704.00	702.00	702.00	699.00	696.00	694.00	694.00	693.00