169.00	167.00	167.00	165.00	164.00	166.00	172.00	174.00	177.00	179.00	182.00	183.00	183.00	182.00	182.00	180.00	179.00	179.00	180.00	183.00	184.00	185.00	184.00	182.00	176.00	175.00	176.00	177.00	174.00	173.00	173.00	173.00	174.00	174.00	173.00	173.00	173.00	173.00	173.00	173.00	173.00	174.00	175.00	175.00	175.00	175.00	175.00	176.00	177.00	177.00	177.00	171.00	169.00	172.00	174.00	178.00	179.00	180.00	180.00	178.00	177.00	177.00	178.00	179.00	183.00	184.00	180.00	175.00	166.00	166.00	169.00	173.00	177.00	182.00	184.00	185.00	185.00	183.00	180.00	183.00	185.00	187.00	190.00	190.00	190.00	191.00	190.00	196.00	194.00	198.00	201.00	200.00	202.00	203.00	202.00	200.00	197.00	196.00	188.00	190.00	185.00	185.00	184.00	184.00	183.00	182.00	180.00	180.00	183.00	182.00	180.00	177.00	175.00	172.00	166.00	165.00	164.00	163.00	161.00	160.00	154.00	149.00	146.00	148.00	153.00	157.00	160.00	161.00	161.00	163.00	164.00	169.00	171.00	171.00	169.00	168.00	169.00	171.00	172.00	174.00	180.00	179.00	178.00	175.00	172.00	165.00	165.00	168.00	171.00	172.00	173.00	174.00	174.00	174.00	177.00	178.00	177.00	174.00	171.00	171.00	170.00	170.00	171.00	173.00	173.00	173.00	174.00	175.00	177.00	179.00	180.00	181.00	180.00	176.00	171.00	167.00	174.00	178.00	178.00	178.00	178.00	179.00	180.00	182.00	182.00	181.00	182.00	182.00	183.00	182.00	181.00	181.00	180.00	181.00	185.00	186.00	186.00	186.00	184.00	179.00	179.00	179.00	180.00	185.00	180.00	173.00	170.00	166.00	169.00	177.00	176.00	179.00	180.00	179.00	179.00	181.00	183.00	185.00	184.00	181.00	178.00	175.00	176.00	178.00	177.00	172.00	170.00	171.00	172.00	171.00	169.00	172.00	174.00	171.00	168.00	151.00	154.00	164.00	173.00	180.00	179.00	177.00	175.00	176.00	179.00	173.00	163.00	163.00	169.00	170.00	171.00	170.00	168.00	164.00	163.00	163.00
171.00	169.00	168.00	167.00	165.00	167.00	168.00	167.00	166.00	167.00	173.00	176.00	177.00	178.00	180.00	183.00	183.00	183.00	183.00	182.00	182.00	182.00	181.00	181.00	177.00	176.00	173.00	175.00	175.00	173.00	173.00	174.00	176.00	175.00	175.00	176.00	174.00	171.00	171.00	172.00	173.00	174.00	174.00	175.00	176.00	176.00	178.00	177.00	177.00	176.00	175.00	169.00	172.00	173.00	173.00	173.00	174.00	178.00	180.00	180.00	177.00	176.00	177.00	177.00	179.00	181.00	183.00	184.00	178.00	167.00	166.00	170.00	172.00	182.00	185.00	183.00	180.00	180.00	183.00	182.00	181.00	181.00	185.00	185.00	185.00	184.00	184.00	183.00	183.00	184.00	186.00	189.00	192.00	193.00	194.00	197.00	199.00	197.00	195.00	199.00	199.00	197.00	195.00	195.00	191.00	184.00	180.00	180.00	182.00	178.00	176.00	177.00	178.00	177.00	176.00	177.00	174.00	171.00	166.00	165.00	160.00	157.00	152.00	145.00	143.00	143.00	146.00	154.00	159.00	162.00	162.00	166.00	168.00	170.00	173.00	175.00	179.00	181.00	181.00	181.00	180.00	177.00	177.00	175.00	172.00	163.00	162.00	166.00	170.00	168.00	168.00	167.00	167.00	168.00	170.00	172.00	174.00	176.00	172.00	171.00	171.00	171.00	175.00	176.00	175.00	175.00	174.00	176.00	176.00	176.00	177.00	177.00	176.00	173.00	171.00	172.00	173.00	172.00	172.00	172.00	173.00	174.00	175.00	178.00	178.00	179.00	179.00	179.00	179.00	179.00	177.00	177.00	179.00	180.00	185.00	186.00	187.00	187.00	186.00	180.00	179.00	180.00	182.00	185.00	190.00	187.00	183.00	176.00	176.00	185.00	186.00	184.00	179.00	177.00	173.00	176.00	181.00	184.00	182.00	182.00	182.00	182.00	181.00	178.00	177.00	176.00	180.00	181.00	181.00	180.00	180.00	181.00	178.00	174.00	172.00	166.00	163.00	161.00	162.00	168.00	173.00	175.00	174.00	171.00	170.00	171.00	170.00	173.00	172.00	169.00	167.00	164.00	162.00	158.00	157.00	157.00
171.00	169.00	168.00	167.00	165.00	167.00	168.00	167.00	166.00	167.00	173.00	176.00	177.00	178.00	180.00	183.00	183.00	183.00	183.00	182.00	182.00	182.00	181.00	181.00	177.00	176.00	173.00	175.00	175.00	173.00	173.00	174.00	176.00	175.00	175.00	176.00	174.00	171.00	171.00	172.00	173.00	174.00	174.00	175.00	176.00	176.00	178.00	177.00	177.00	176.00	175.00	169.00	172.00	173.00	173.00	173.00	174.00	178.00	180.00	180.00	177.00	176.00	177.00	177.00	179.00	181.00	183.00	184.00	178.00	167.00	166.00	170.00	172.00	182.00	185.00	183.00	180.00	180.00	183.00	182.00	181.00	181.00	185.00	185.00	185.00	184.00	184.00	183.00	183.00	184.00	186.00	189.00	192.00	193.00	194.00	197.00	199.00	197.00	195.00	199.00	199.00	197.00	195.00	195.00	191.00	184.00	180.00	180.00	182.00	178.00	176.00	177.00	178.00	177.00	176.00	177.00	174.00	171.00	166.00	165.00	160.00	157.00	152.00	145.00	143.00	143.00	146.00	154.00	159.00	162.00	162.00	166.00	168.00	170.00	173.00	175.00	179.00	181.00	181.00	181.00	180.00	177.00	177.00	175.00	172.00	163.00	162.00	166.00	170.00	168.00	168.00	167.00	167.00	168.00	170.00	172.00	174.00	176.00	172.00	171.00	171.00	171.00	175.00	176.00	175.00	175.00	174.00	176.00	176.00	176.00	177.00	177.00	176.00	173.00	171.00	172.00	173.00	172.00	172.00	172.00	173.00	174.00	175.00	178.00	178.00	179.00	179.00	179.00	179.00	179.00	177.00	177.00	179.00	180.00	185.00	186.00	187.00	187.00	186.00	180.00	179.00	180.00	182.00	185.00	190.00	187.00	183.00	176.00	176.00	185.00	186.00	184.00	179.00	177.00	173.00	176.00	181.00	184.00	182.00	182.00	182.00	182.00	181.00	178.00	177.00	176.00	180.00	181.00	181.00	180.00	180.00	181.00	178.00	174.00	172.00	166.00	163.00	161.00	162.00	168.00	173.00	175.00	174.00	171.00	170.00	171.00	170.00	173.00	172.00	169.00	167.00	164.00	162.00	158.00	157.00	157.00
169.00	168.00	169.00	170.00	173.00	172.00	169.00	167.00	166.00	166.00	169.00	170.00	170.00	170.00	170.00	173.00	173.00	174.00	176.00	182.00	183.00	183.00	183.00	184.00	184.00	182.00	178.00	176.00	174.00	173.00	173.00	174.00	175.00	174.00	174.00	173.00	175.00	176.00	175.00	174.00	174.00	174.00	174.00	173.00	174.00	174.00	176.00	177.00	176.00	175.00	171.00	169.00	172.00	173.00	174.00	174.00	175.00	179.00	180.00	179.00	178.00	177.00	176.00	175.00	176.00	176.00	177.00	178.00	181.00	179.00	176.00	175.00	175.00	180.00	182.00	180.00	178.00	177.00	180.00	181.00	180.00	179.00	177.00	177.00	176.00	176.00	177.00	180.00	182.00	183.00	182.00	181.00	182.00	183.00	183.00	184.00	190.00	192.00	193.00	192.00	195.00	195.00	194.00	193.00	194.00	194.00	193.00	193.00	193.00	186.00	180.00	177.00	176.00	176.00	171.00	170.00	170.00	169.00	167.00	168.00	165.00	163.00	162.00	156.00	154.00	151.00	149.00	148.00	152.00	157.00	162.00	168.00	167.00	167.00	169.00	170.00	174.00	175.00	176.00	176.00	175.00	175.00	175.00	174.00	172.00	165.00	162.00	160.00	159.00	166.00	168.00	169.00	169.00	168.00	165.00	165.00	166.00	169.00	172.00	172.00	173.00	173.00	176.00	175.00	175.00	174.00	174.00	174.00	174.00	175.00	176.00	176.00	177.00	178.00	178.00	177.00	177.00	175.00	173.00	172.00	173.00	173.00	173.00	174.00	174.00	173.00	174.00	175.00	177.00	179.00	179.00	178.00	177.00	176.00	181.00	183.00	183.00	183.00	184.00	182.00	182.00	180.00	180.00	184.00	187.00	185.00	185.00	186.00	187.00	186.00	184.00	182.00	178.00	166.00	158.00	172.00	178.00	184.00	185.00	186.00	185.00	186.00	186.00	185.00	183.00	180.00	187.00	191.00	193.00	191.00	180.00	177.00	174.00	171.00	169.00	177.00	178.00	178.00	177.00	176.00	178.00	177.00	172.00	168.00	166.00	168.00	170.00	171.00	170.00	166.00	162.00	160.00	158.00	158.00	158.00	158.00
165.00	165.00	165.00	165.00	166.00	173.00	175.00	174.00	171.00	170.00	170.00	172.00	172.00	172.00	170.00	171.00	169.00	168.00	168.00	170.00	171.00	172.00	175.00	178.00	182.00	184.00	186.00	187.00	185.00	182.00	180.00	179.00	177.00	174.00	174.00	174.00	175.00	174.00	174.00	174.00	173.00	173.00	175.00	176.00	175.00	175.00	175.00	174.00	173.00	170.00	165.00	167.00	168.00	169.00	170.00	170.00	170.00	174.00	176.00	177.00	180.00	179.00	177.00	174.00	172.00	174.00	176.00	179.00	179.00	180.00	179.00	178.00	179.00	181.00	181.00	178.00	176.00	175.00	178.00	178.00	179.00	178.00	177.00	176.00	176.00	176.00	176.00	182.00	183.00	185.00	186.00	186.00	184.00	182.00	180.00	180.00	179.00	180.00	180.00	179.00	182.00	183.00	184.00	184.00	184.00	186.00	187.00	192.00	193.00	191.00	193.00	194.00	191.00	188.00	184.00	179.00	177.00	175.00	168.00	164.00	162.00	162.00	162.00	165.00	167.00	167.00	164.00	154.00	152.00	152.00	153.00	166.00	168.00	168.00	169.00	169.00	165.00	164.00	164.00	165.00	167.00	167.00	169.00	170.00	171.00	170.00	167.00	163.00	160.00	161.00	164.00	166.00	168.00	167.00	166.00	166.00	166.00	166.00	168.00	169.00	170.00	170.00	168.00	168.00	169.00	169.00	170.00	173.00	175.00	176.00	175.00	174.00	176.00	177.00	179.00	180.00	181.00	180.00	176.00	173.00	172.00	172.00	173.00	172.00	173.00	172.00	172.00	172.00	173.00	174.00	177.00	177.00	176.00	176.00	177.00	179.00	180.00	181.00	181.00	179.00	178.00	177.00	178.00	182.00	184.00	183.00	182.00	182.00	182.00	182.00	183.00	184.00	183.00	182.00	182.00	180.00	179.00	180.00	179.00	177.00	175.00	174.00	176.00	178.00	179.00	177.00	179.00	184.00	190.00	189.00	182.00	182.00	181.00	178.00	173.00	158.00	159.00	161.00	173.00	173.00	170.00	172.00	177.00	181.00	182.00	181.00	179.00	178.00	173.00	170.00	168.00	167.00	168.00	168.00	169.00	168.00
165.00	165.00	165.00	165.00	166.00	173.00	175.00	174.00	171.00	170.00	170.00	172.00	172.00	172.00	170.00	171.00	169.00	168.00	168.00	170.00	171.00	172.00	175.00	178.00	182.00	184.00	186.00	187.00	185.00	182.00	180.00	179.00	177.00	174.00	174.00	174.00	175.00	174.00	174.00	174.00	173.00	173.00	175.00	176.00	175.00	175.00	175.00	174.00	173.00	170.00	165.00	167.00	168.00	169.00	170.00	170.00	170.00	174.00	176.00	177.00	180.00	179.00	177.00	174.00	172.00	174.00	176.00	179.00	179.00	180.00	179.00	178.00	179.00	181.00	181.00	178.00	176.00	175.00	178.00	178.00	179.00	178.00	177.00	176.00	176.00	176.00	176.00	182.00	183.00	185.00	186.00	186.00	184.00	182.00	180.00	180.00	179.00	180.00	180.00	179.00	182.00	183.00	184.00	184.00	184.00	186.00	187.00	192.00	193.00	191.00	193.00	194.00	191.00	188.00	184.00	179.00	177.00	175.00	168.00	164.00	162.00	162.00	162.00	165.00	167.00	167.00	164.00	154.00	152.00	152.00	153.00	166.00	168.00	168.00	169.00	169.00	165.00	164.00	164.00	165.00	167.00	167.00	169.00	170.00	171.00	170.00	167.00	163.00	160.00	161.00	164.00	166.00	168.00	167.00	166.00	166.00	166.00	166.00	168.00	169.00	170.00	170.00	168.00	168.00	169.00	169.00	170.00	173.00	175.00	176.00	175.00	174.00	176.00	177.00	179.00	180.00	181.00	180.00	176.00	173.00	172.00	172.00	173.00	172.00	173.00	172.00	172.00	172.00	173.00	174.00	177.00	177.00	176.00	176.00	177.00	179.00	180.00	181.00	181.00	179.00	178.00	177.00	178.00	182.00	184.00	183.00	182.00	182.00	182.00	182.00	183.00	184.00	183.00	182.00	182.00	180.00	179.00	180.00	179.00	177.00	175.00	174.00	176.00	178.00	179.00	177.00	179.00	184.00	190.00	189.00	182.00	182.00	181.00	178.00	173.00	158.00	159.00	161.00	173.00	173.00	170.00	172.00	177.00	181.00	182.00	181.00	179.00	178.00	173.00	170.00	168.00	167.00	168.00	168.00	169.00	168.00
165.00	165.00	165.00	165.00	171.00	174.00	175.00	175.00	172.00	170.00	169.00	169.00	170.00	170.00	171.00	169.00	168.00	168.00	168.00	170.00	170.00	169.00	170.00	171.00	171.00	171.00	174.00	176.00	176.00	179.00	182.00	183.00	183.00	177.00	176.00	175.00	174.00	169.00	168.00	168.00	169.00	169.00	172.00	174.00	176.00	176.00	176.00	176.00	174.00	168.00	161.00	164.00	165.00	165.00	165.00	166.00	167.00	169.00	170.00	171.00	172.00	174.00	176.00	178.00	178.00	178.00	178.00	179.00	180.00	180.00	180.00	180.00	176.00	175.00	179.00	181.00	180.00	177.00	176.00	177.00	179.00	181.00	184.00	183.00	182.00	182.00	181.00	182.00	183.00	183.00	185.00	188.00	189.00	189.00	187.00	183.00	179.00	178.00	177.00	176.00	174.00	173.00	172.00	172.00	172.00	174.00	175.00	176.00	178.00	182.00	184.00	185.00	186.00	187.00	189.00	190.00	190.00	189.00	184.00	179.00	173.00	173.00	173.00	170.00	168.00	166.00	165.00	161.00	159.00	157.00	156.00	160.00	161.00	161.00	160.00	160.00	161.00	162.00	164.00	164.00	165.00	165.00	166.00	167.00	169.00	169.00	168.00	168.00	166.00	159.00	157.00	157.00	162.00	164.00	164.00	163.00	163.00	162.00	161.00	161.00	161.00	163.00	164.00	165.00	164.00	163.00	163.00	166.00	170.00	174.00	176.00	177.00	176.00	175.00	174.00	174.00	175.00	176.00	176.00	175.00	173.00	169.00	169.00	171.00	172.00	174.00	174.00	173.00	173.00	172.00	171.00	170.00	170.00	170.00	169.00	169.00	170.00	171.00	173.00	178.00	180.00	182.00	181.00	178.00	178.00	179.00	180.00	181.00	180.00	181.00	182.00	182.00	183.00	183.00	179.00	178.00	176.00	176.00	177.00	178.00	178.00	182.00	182.00	181.00	178.00	171.00	171.00	173.00	176.00	178.00	178.00	179.00	177.00	174.00	167.00	148.00	149.00	152.00	159.00	161.00	162.00	164.00	169.00	176.00	175.00	175.00	181.00	182.00	182.00	181.00	177.00	172.00	168.00	171.00	175.00	174.00
172.00	169.00	166.00	166.00	165.00	165.00	174.00	173.00	173.00	172.00	170.00	168.00	168.00	167.00	166.00	167.00	168.00	169.00	170.00	170.00	170.00	170.00	170.00	171.00	170.00	172.00	173.00	172.00	173.00	172.00	173.00	175.00	174.00	173.00	170.00	171.00	174.00	177.00	178.00	176.00	174.00	173.00	169.00	169.00	169.00	169.00	175.00	175.00	173.00	171.00	168.00	165.00	165.00	165.00	165.00	165.00	165.00	169.00	171.00	171.00	171.00	170.00	170.00	171.00	175.00	176.00	177.00	177.00	179.00	181.00	181.00	180.00	176.00	173.00	176.00	180.00	181.00	179.00	174.00	174.00	175.00	177.00	181.00	183.00	184.00	184.00	183.00	181.00	179.00	169.00	167.00	175.00	180.00	184.00	185.00	185.00	181.00	179.00	178.00	179.00	178.00	175.00	173.00	171.00	170.00	171.00	172.00	173.00	172.00	171.00	172.00	173.00	174.00	174.00	179.00	182.00	185.00	185.00	183.00	182.00	183.00	184.00	185.00	183.00	180.00	176.00	173.00	169.00	168.00	167.00	164.00	157.00	154.00	151.00	151.00	154.00	160.00	164.00	167.00	169.00	166.00	164.00	167.00	169.00	171.00	172.00	171.00	171.00	170.00	166.00	161.00	156.00	155.00	157.00	161.00	162.00	163.00	164.00	164.00	163.00	161.00	161.00	165.00	166.00	167.00	167.00	167.00	167.00	168.00	169.00	170.00	173.00	180.00	178.00	175.00	173.00	172.00	172.00	173.00	174.00	175.00	171.00	167.00	166.00	167.00	169.00	171.00	171.00	172.00	172.00	171.00	172.00	174.00	176.00	170.00	168.00	167.00	168.00	167.00	170.00	174.00	181.00	185.00	178.00	174.00	174.00	174.00	175.00	176.00	176.00	176.00	177.00	178.00	178.00	177.00	176.00	176.00	178.00	180.00	183.00	185.00	185.00	183.00	180.00	175.00	169.00	171.00	175.00	176.00	174.00	173.00	172.00	172.00	173.00	174.00	169.00	170.00	168.00	157.00	148.00	148.00	148.00	148.00	149.00	161.00	174.00	185.00	185.00	179.00	175.00	170.00	166.00	165.00	169.00	171.00	175.00
172.00	169.00	166.00	166.00	165.00	165.00	174.00	173.00	173.00	172.00	170.00	168.00	168.00	167.00	166.00	167.00	168.00	169.00	170.00	170.00	170.00	170.00	170.00	171.00	170.00	172.00	173.00	172.00	173.00	172.00	173.00	175.00	174.00	173.00	170.00	171.00	174.00	177.00	178.00	176.00	174.00	173.00	169.00	169.00	169.00	169.00	175.00	175.00	173.00	171.00	168.00	165.00	165.00	165.00	165.00	165.00	165.00	169.00	171.00	171.00	171.00	170.00	170.00	171.00	175.00	176.00	177.00	177.00	179.00	181.00	181.00	180.00	176.00	173.00	176.00	180.00	181.00	179.00	174.00	174.00	175.00	177.00	181.00	183.00	184.00	184.00	183.00	181.00	179.00	169.00	167.00	175.00	180.00	184.00	185.00	185.00	181.00	179.00	178.00	179.00	178.00	175.00	173.00	171.00	170.00	171.00	172.00	173.00	172.00	171.00	172.00	173.00	174.00	174.00	179.00	182.00	185.00	185.00	183.00	182.00	183.00	184.00	185.00	183.00	180.00	176.00	173.00	169.00	168.00	167.00	164.00	157.00	154.00	151.00	151.00	154.00	160.00	164.00	167.00	169.00	166.00	164.00	167.00	169.00	171.00	172.00	171.00	171.00	170.00	166.00	161.00	156.00	155.00	157.00	161.00	162.00	163.00	164.00	164.00	163.00	161.00	161.00	165.00	166.00	167.00	167.00	167.00	167.00	168.00	169.00	170.00	173.00	180.00	178.00	175.00	173.00	172.00	172.00	173.00	174.00	175.00	171.00	167.00	166.00	167.00	169.00	171.00	171.00	172.00	172.00	171.00	172.00	174.00	176.00	170.00	168.00	167.00	168.00	167.00	170.00	174.00	181.00	185.00	178.00	174.00	174.00	174.00	175.00	176.00	176.00	176.00	177.00	178.00	178.00	177.00	176.00	176.00	178.00	180.00	183.00	185.00	185.00	183.00	180.00	175.00	169.00	171.00	175.00	176.00	174.00	173.00	172.00	172.00	173.00	174.00	169.00	170.00	168.00	157.00	148.00	148.00	148.00	148.00	149.00	161.00	174.00	185.00	185.00	179.00	175.00	170.00	166.00	165.00	169.00	171.00	175.00
179.00	180.00	181.00	180.00	178.00	176.00	177.00	177.00	176.00	175.00	172.00	170.00	169.00	167.00	167.00	167.00	168.00	169.00	169.00	170.00	168.00	169.00	171.00	172.00	172.00	173.00	173.00	173.00	173.00	174.00	174.00	174.00	174.00	172.00	172.00	169.00	166.00	169.00	170.00	171.00	173.00	174.00	178.00	180.00	180.00	179.00	176.00	176.00	175.00	175.00	171.00	165.00	163.00	164.00	168.00	172.00	175.00	176.00	174.00	172.00	169.00	169.00	171.00	171.00	170.00	170.00	170.00	170.00	170.00	173.00	175.00	176.00	176.00	173.00	173.00	174.00	177.00	180.00	179.00	178.00	179.00	179.00	175.00	173.00	172.00	173.00	174.00	176.00	176.00	161.00	160.00	160.00	164.00	173.00	178.00	181.00	184.00	183.00	181.00	178.00	175.00	175.00	175.00	175.00	175.00	174.00	174.00	173.00	173.00	169.00	167.00	167.00	168.00	169.00	171.00	171.00	173.00	173.00	174.00	172.00	173.00	176.00	180.00	188.00	187.00	184.00	183.00	182.00	180.00	177.00	175.00	168.00	165.00	160.00	154.00	149.00	147.00	148.00	150.00	155.00	163.00	169.00	172.00	174.00	175.00	175.00	173.00	172.00	173.00	173.00	172.00	168.00	154.00	153.00	155.00	156.00	158.00	161.00	167.00	168.00	167.00	165.00	161.00	160.00	163.00	165.00	166.00	165.00	163.00	162.00	161.00	161.00	171.00	174.00	176.00	175.00	171.00	168.00	167.00	167.00	168.00	168.00	166.00	164.00	163.00	168.00	171.00	174.00	177.00	177.00	173.00	173.00	174.00	176.00	174.00	172.00	171.00	170.00	169.00	168.00	168.00	170.00	175.00	175.00	169.00	169.00	170.00	173.00	175.00	174.00	175.00	176.00	179.00	180.00	181.00	179.00	176.00	174.00	173.00	174.00	176.00	180.00	181.00	180.00	178.00	176.00	180.00	182.00	182.00	179.00	182.00	183.00	182.00	181.00	180.00	178.00	178.00	175.00	167.00	154.00	158.00	158.00	159.00	159.00	163.00	169.00	175.00	169.00	155.00	163.00	171.00	175.00	175.00	175.00	176.00	178.00
179.00	180.00	181.00	180.00	178.00	176.00	177.00	177.00	176.00	175.00	172.00	170.00	169.00	167.00	167.00	167.00	168.00	169.00	169.00	170.00	168.00	169.00	171.00	172.00	172.00	173.00	173.00	173.00	173.00	174.00	174.00	174.00	174.00	172.00	172.00	169.00	166.00	169.00	170.00	171.00	173.00	174.00	178.00	180.00	180.00	179.00	176.00	176.00	175.00	175.00	171.00	165.00	163.00	164.00	168.00	172.00	175.00	176.00	174.00	172.00	169.00	169.00	171.00	171.00	170.00	170.00	170.00	170.00	170.00	173.00	175.00	176.00	176.00	173.00	173.00	174.00	177.00	180.00	179.00	178.00	179.00	179.00	175.00	173.00	172.00	173.00	174.00	176.00	176.00	161.00	160.00	160.00	164.00	173.00	178.00	181.00	184.00	183.00	181.00	178.00	175.00	175.00	175.00	175.00	175.00	174.00	174.00	173.00	173.00	169.00	167.00	167.00	168.00	169.00	171.00	171.00	173.00	173.00	174.00	172.00	173.00	176.00	180.00	188.00	187.00	184.00	183.00	182.00	180.00	177.00	175.00	168.00	165.00	160.00	154.00	149.00	147.00	148.00	150.00	155.00	163.00	169.00	172.00	174.00	175.00	175.00	173.00	172.00	173.00	173.00	172.00	168.00	154.00	153.00	155.00	156.00	158.00	161.00	167.00	168.00	167.00	165.00	161.00	160.00	163.00	165.00	166.00	165.00	163.00	162.00	161.00	161.00	171.00	174.00	176.00	175.00	171.00	168.00	167.00	167.00	168.00	168.00	166.00	164.00	163.00	168.00	171.00	174.00	177.00	177.00	173.00	173.00	174.00	176.00	174.00	172.00	171.00	170.00	169.00	168.00	168.00	170.00	175.00	175.00	169.00	169.00	170.00	173.00	175.00	174.00	175.00	176.00	179.00	180.00	181.00	179.00	176.00	174.00	173.00	174.00	176.00	180.00	181.00	180.00	178.00	176.00	180.00	182.00	182.00	179.00	182.00	183.00	182.00	181.00	180.00	178.00	178.00	175.00	167.00	154.00	158.00	158.00	159.00	159.00	163.00	169.00	175.00	169.00	155.00	163.00	171.00	175.00	175.00	175.00	176.00	178.00
184.00	179.00	179.00	180.00	178.00	179.00	178.00	177.00	177.00	176.00	175.00	174.00	174.00	173.00	172.00	170.00	170.00	169.00	169.00	170.00	170.00	169.00	169.00	170.00	169.00	169.00	170.00	169.00	171.00	173.00	174.00	172.00	171.00	173.00	173.00	174.00	172.00	169.00	170.00	172.00	172.00	173.00	175.00	178.00	179.00	179.00	185.00	185.00	183.00	185.00	184.00	176.00	176.00	179.00	180.00	171.00	167.00	169.00	169.00	169.00	171.00	170.00	171.00	172.00	171.00	171.00	170.00	170.00	168.00	170.00	172.00	173.00	174.00	177.00	175.00	172.00	170.00	170.00	177.00	177.00	176.00	177.00	178.00	177.00	175.00	174.00	173.00	173.00	172.00	170.00	167.00	170.00	171.00	174.00	176.00	178.00	180.00	179.00	178.00	177.00	175.00	174.00	173.00	172.00	172.00	172.00	172.00	171.00	170.00	168.00	168.00	168.00	168.00	168.00	170.00	172.00	173.00	171.00	167.00	167.00	169.00	171.00	172.00	173.00	173.00	172.00	171.00	175.00	175.00	174.00	174.00	174.00	171.00	169.00	166.00	163.00	157.00	155.00	155.00	157.00	160.00	163.00	163.00	166.00	170.00	174.00	174.00	173.00	175.00	178.00	179.00	178.00	166.00	160.00	154.00	154.00	156.00	158.00	162.00	163.00	164.00	163.00	161.00	161.00	161.00	162.00	162.00	162.00	162.00	163.00	164.00	164.00	166.00	168.00	169.00	169.00	167.00	166.00	164.00	161.00	160.00	158.00	158.00	162.00	164.00	174.00	177.00	177.00	177.00	178.00	176.00	173.00	169.00	167.00	168.00	169.00	169.00	170.00	169.00	168.00	168.00	168.00	169.00	174.00	172.00	170.00	171.00	172.00	173.00	172.00	172.00	172.00	173.00	175.00	179.00	180.00	180.00	180.00	179.00	177.00	177.00	181.00	184.00	187.00	189.00	186.00	183.00	183.00	184.00	183.00	184.00	186.00	186.00	184.00	181.00	182.00	183.00	183.00	182.00	181.00	180.00	181.00	183.00	186.00	185.00	178.00	160.00	149.00	148.00	164.00	179.00	184.00	185.00	183.00	182.00	180.00
180.00	181.00	180.00	180.00	181.00	180.00	178.00	178.00	177.00	174.00	174.00	173.00	173.00	172.00	171.00	173.00	174.00	175.00	176.00	174.00	174.00	172.00	170.00	169.00	169.00	171.00	169.00	168.00	170.00	172.00	171.00	170.00	171.00	173.00	174.00	174.00	173.00	174.00	176.00	176.00	174.00	175.00	176.00	176.00	176.00	175.00	184.00	194.00	196.00	194.00	190.00	185.00	184.00	183.00	181.00	170.00	166.00	166.00	168.00	169.00	172.00	172.00	170.00	169.00	168.00	168.00	168.00	168.00	170.00	174.00	175.00	174.00	173.00	174.00	177.00	176.00	173.00	170.00	172.00	174.00	175.00	176.00	175.00	176.00	176.00	176.00	177.00	175.00	174.00	174.00	174.00	173.00	174.00	175.00	175.00	175.00	176.00	177.00	178.00	178.00	176.00	177.00	177.00	177.00	176.00	175.00	176.00	175.00	174.00	170.00	170.00	170.00	170.00	170.00	167.00	165.00	165.00	165.00	165.00	166.00	168.00	170.00	171.00	171.00	169.00	167.00	165.00	161.00	161.00	162.00	164.00	167.00	168.00	167.00	167.00	167.00	163.00	161.00	161.00	163.00	164.00	167.00	168.00	170.00	170.00	172.00	170.00	168.00	170.00	169.00	171.00	172.00	175.00	172.00	166.00	161.00	158.00	160.00	160.00	160.00	161.00	161.00	160.00	158.00	158.00	157.00	156.00	155.00	158.00	160.00	162.00	164.00	170.00	172.00	174.00	175.00	169.00	164.00	161.00	158.00	157.00	154.00	153.00	159.00	162.00	168.00	170.00	171.00	172.00	173.00	173.00	172.00	171.00	170.00	167.00	167.00	166.00	166.00	165.00	166.00	168.00	171.00	172.00	173.00	171.00	170.00	170.00	170.00	170.00	171.00	171.00	171.00	169.00	169.00	170.00	171.00	174.00	177.00	176.00	174.00	172.00	173.00	176.00	179.00	181.00	184.00	187.00	188.00	186.00	183.00	181.00	181.00	181.00	182.00	181.00	178.00	180.00	183.00	185.00	185.00	183.00	181.00	178.00	178.00	183.00	180.00	159.00	150.00	150.00	166.00	176.00	177.00	176.00	175.00	174.00	174.00
180.00	181.00	180.00	180.00	181.00	180.00	178.00	178.00	177.00	174.00	174.00	173.00	173.00	172.00	171.00	173.00	174.00	175.00	176.00	174.00	174.00	172.00	170.00	169.00	169.00	171.00	169.00	168.00	170.00	172.00	171.00	170.00	171.00	173.00	174.00	174.00	173.00	174.00	176.00	176.00	174.00	175.00	176.00	176.00	176.00	175.00	184.00	194.00	196.00	194.00	190.00	185.00	184.00	183.00	181.00	170.00	166.00	166.00	168.00	169.00	172.00	172.00	170.00	169.00	168.00	168.00	168.00	168.00	170.00	174.00	175.00	174.00	173.00	174.00	177.00	176.00	173.00	170.00	172.00	174.00	175.00	176.00	175.00	176.00	176.00	176.00	177.00	175.00	174.00	174.00	174.00	173.00	174.00	175.00	175.00	175.00	176.00	177.00	178.00	178.00	176.00	177.00	177.00	177.00	176.00	175.00	176.00	175.00	174.00	170.00	170.00	170.00	170.00	170.00	167.00	165.00	165.00	165.00	165.00	166.00	168.00	170.00	171.00	171.00	169.00	167.00	165.00	161.00	161.00	162.00	164.00	167.00	168.00	167.00	167.00	167.00	163.00	161.00	161.00	163.00	164.00	167.00	168.00	170.00	170.00	172.00	170.00	168.00	170.00	169.00	171.00	172.00	175.00	172.00	166.00	161.00	158.00	160.00	160.00	160.00	161.00	161.00	160.00	158.00	158.00	157.00	156.00	155.00	158.00	160.00	162.00	164.00	170.00	172.00	174.00	175.00	169.00	164.00	161.00	158.00	157.00	154.00	153.00	159.00	162.00	168.00	170.00	171.00	172.00	173.00	173.00	172.00	171.00	170.00	167.00	167.00	166.00	166.00	165.00	166.00	168.00	171.00	172.00	173.00	171.00	170.00	170.00	170.00	170.00	171.00	171.00	171.00	169.00	169.00	170.00	171.00	174.00	177.00	176.00	174.00	172.00	173.00	176.00	179.00	181.00	184.00	187.00	188.00	186.00	183.00	181.00	181.00	181.00	182.00	181.00	178.00	180.00	183.00	185.00	185.00	183.00	181.00	178.00	178.00	183.00	180.00	159.00	150.00	150.00	166.00	176.00	177.00	176.00	175.00	174.00	174.00
180.00	181.00	180.00	180.00	181.00	180.00	178.00	178.00	177.00	174.00	174.00	173.00	173.00	172.00	171.00	173.00	174.00	175.00	176.00	174.00	174.00	172.00	170.00	169.00	169.00	171.00	169.00	168.00	170.00	172.00	171.00	170.00	171.00	173.00	174.00	174.00	173.00	174.00	176.00	176.00	174.00	175.00	176.00	176.00	176.00	175.00	184.00	194.00	196.00	194.00	190.00	185.00	184.00	183.00	181.00	170.00	166.00	166.00	168.00	169.00	172.00	172.00	170.00	169.00	168.00	168.00	168.00	168.00	170.00	174.00	175.00	174.00	173.00	174.00	177.00	176.00	173.00	170.00	172.00	174.00	175.00	176.00	175.00	176.00	176.00	176.00	177.00	175.00	174.00	174.00	174.00	173.00	174.00	175.00	175.00	175.00	176.00	177.00	178.00	178.00	176.00	177.00	177.00	177.00	176.00	175.00	176.00	175.00	174.00	170.00	170.00	170.00	170.00	170.00	167.00	165.00	165.00	165.00	165.00	166.00	168.00	170.00	171.00	171.00	169.00	167.00	165.00	161.00	161.00	162.00	164.00	167.00	168.00	167.00	167.00	167.00	163.00	161.00	161.00	163.00	164.00	167.00	168.00	170.00	170.00	172.00	170.00	168.00	170.00	169.00	171.00	172.00	175.00	172.00	166.00	161.00	158.00	160.00	160.00	160.00	161.00	161.00	160.00	158.00	158.00	157.00	156.00	155.00	158.00	160.00	162.00	164.00	170.00	172.00	174.00	175.00	169.00	164.00	161.00	158.00	157.00	154.00	153.00	159.00	162.00	168.00	170.00	171.00	172.00	173.00	173.00	172.00	171.00	170.00	167.00	167.00	166.00	166.00	165.00	166.00	168.00	171.00	172.00	173.00	171.00	170.00	170.00	170.00	170.00	171.00	171.00	171.00	169.00	169.00	170.00	171.00	174.00	177.00	176.00	174.00	172.00	173.00	176.00	179.00	181.00	184.00	187.00	188.00	186.00	183.00	181.00	181.00	181.00	182.00	181.00	178.00	180.00	183.00	185.00	185.00	183.00	181.00	178.00	178.00	183.00	180.00	159.00	150.00	150.00	166.00	176.00	177.00	176.00	175.00	174.00	174.00
185.00	178.00	179.00	179.00	177.00	176.00	177.00	178.00	179.00	178.00	174.00	172.00	173.00	172.00	172.00	172.00	172.00	171.00	173.00	176.00	177.00	177.00	176.00	176.00	176.00	174.00	174.00	174.00	173.00	172.00	172.00	171.00	170.00	172.00	173.00	174.00	175.00	175.00	176.00	175.00	174.00	174.00	175.00	174.00	172.00	173.00	188.00	192.00	193.00	193.00	192.00	192.00	191.00	189.00	188.00	184.00	183.00	182.00	181.00	180.00	176.00	175.00	175.00	175.00	172.00	171.00	169.00	168.00	165.00	167.00	169.00	172.00	174.00	177.00	176.00	174.00	173.00	171.00	171.00	171.00	171.00	172.00	173.00	173.00	172.00	172.00	173.00	175.00	177.00	176.00	175.00	173.00	173.00	173.00	174.00	175.00	175.00	175.00	176.00	176.00	175.00	175.00	175.00	176.00	176.00	176.00	176.00	176.00	175.00	174.00	171.00	168.00	168.00	168.00	167.00	167.00	167.00	167.00	169.00	169.00	171.00	172.00	173.00	170.00	168.00	168.00	167.00	164.00	162.00	160.00	158.00	154.00	154.00	155.00	156.00	157.00	157.00	154.00	156.00	160.00	159.00	168.00	169.00	173.00	175.00	177.00	175.00	172.00	171.00	171.00	170.00	171.00	169.00	168.00	165.00	162.00	159.00	159.00	154.00	156.00	158.00	160.00	160.00	152.00	154.00	157.00	157.00	159.00	161.00	162.00	164.00	165.00	169.00	171.00	171.00	171.00	166.00	162.00	159.00	157.00	157.00	154.00	153.00	157.00	160.00	163.00	164.00	164.00	165.00	166.00	168.00	169.00	169.00	169.00	169.00	167.00	165.00	165.00	165.00	166.00	167.00	169.00	170.00	172.00	169.00	168.00	167.00	167.00	169.00	169.00	169.00	168.00	168.00	169.00	172.00	173.00	174.00	172.00	172.00	171.00	172.00	174.00	180.00	183.00	183.00	178.00	184.00	188.00	189.00	189.00	185.00	184.00	184.00	186.00	188.00	182.00	183.00	184.00	184.00	181.00	179.00	173.00	155.00	153.00	179.00	182.00	149.00	148.00	165.00	175.00	181.00	182.00	180.00	176.00	175.00	177.00
188.00	185.00	183.00	180.00	176.00	167.00	165.00	166.00	166.00	171.00	176.00	175.00	176.00	177.00	178.00	177.00	176.00	174.00	172.00	175.00	175.00	176.00	175.00	174.00	176.00	177.00	177.00	177.00	177.00	177.00	176.00	175.00	174.00	173.00	173.00	174.00	177.00	178.00	176.00	175.00	173.00	174.00	175.00	172.00	172.00	174.00	192.00	194.00	191.00	186.00	184.00	187.00	187.00	185.00	184.00	182.00	183.00	188.00	185.00	182.00	182.00	181.00	180.00	177.00	175.00	174.00	171.00	168.00	167.00	168.00	166.00	165.00	165.00	172.00	175.00	176.00	177.00	177.00	174.00	175.00	175.00	173.00	170.00	170.00	171.00	172.00	172.00	173.00	173.00	175.00	175.00	175.00	174.00	172.00	172.00	173.00	174.00	174.00	174.00	174.00	173.00	173.00	173.00	172.00	172.00	172.00	171.00	170.00	168.00	168.00	169.00	170.00	168.00	168.00	168.00	169.00	169.00	168.00	169.00	169.00	170.00	169.00	168.00	166.00	165.00	164.00	162.00	160.00	159.00	158.00	155.00	152.00	152.00	151.00	151.00	151.00	152.00	152.00	152.00	149.00	146.00	143.00	145.00	150.00	155.00	165.00	167.00	166.00	167.00	174.00	176.00	176.00	174.00	173.00	171.00	168.00	163.00	159.00	153.00	150.00	148.00	148.00	150.00	153.00	156.00	159.00	161.00	163.00	164.00	166.00	168.00	169.00	172.00	172.00	172.00	171.00	164.00	161.00	158.00	155.00	153.00	151.00	151.00	156.00	159.00	164.00	165.00	166.00	165.00	166.00	167.00	167.00	166.00	166.00	169.00	167.00	166.00	165.00	163.00	162.00	163.00	164.00	165.00	168.00	173.00	174.00	172.00	170.00	166.00	165.00	164.00	164.00	165.00	167.00	170.00	174.00	176.00	170.00	169.00	168.00	168.00	170.00	173.00	174.00	173.00	174.00	181.00	185.00	185.00	186.00	187.00	186.00	185.00	184.00	184.00	182.00	181.00	180.00	180.00	180.00	179.00	178.00	166.00	162.00	178.00	181.00	171.00	170.00	178.00	181.00	184.00	184.00	180.00	172.00	170.00	170.00
188.00	185.00	183.00	180.00	176.00	167.00	165.00	166.00	166.00	171.00	176.00	175.00	176.00	177.00	178.00	177.00	176.00	174.00	172.00	175.00	175.00	176.00	175.00	174.00	176.00	177.00	177.00	177.00	177.00	177.00	176.00	175.00	174.00	173.00	173.00	174.00	177.00	178.00	176.00	175.00	173.00	174.00	175.00	172.00	172.00	174.00	192.00	194.00	191.00	186.00	184.00	187.00	187.00	185.00	184.00	182.00	183.00	188.00	185.00	182.00	182.00	181.00	180.00	177.00	175.00	174.00	171.00	168.00	167.00	168.00	166.00	165.00	165.00	172.00	175.00	176.00	177.00	177.00	174.00	175.00	175.00	173.00	170.00	170.00	171.00	172.00	172.00	173.00	173.00	175.00	175.00	175.00	174.00	172.00	172.00	173.00	174.00	174.00	174.00	174.00	173.00	173.00	173.00	172.00	172.00	172.00	171.00	170.00	168.00	168.00	169.00	170.00	168.00	168.00	168.00	169.00	169.00	168.00	169.00	169.00	170.00	169.00	168.00	166.00	165.00	164.00	162.00	160.00	159.00	158.00	155.00	152.00	152.00	151.00	151.00	151.00	152.00	152.00	152.00	149.00	146.00	143.00	145.00	150.00	155.00	165.00	167.00	166.00	167.00	174.00	176.00	176.00	174.00	173.00	171.00	168.00	163.00	159.00	153.00	150.00	148.00	148.00	150.00	153.00	156.00	159.00	161.00	163.00	164.00	166.00	168.00	169.00	172.00	172.00	172.00	171.00	164.00	161.00	158.00	155.00	153.00	151.00	151.00	156.00	159.00	164.00	165.00	166.00	165.00	166.00	167.00	167.00	166.00	166.00	169.00	167.00	166.00	165.00	163.00	162.00	163.00	164.00	165.00	168.00	173.00	174.00	172.00	170.00	166.00	165.00	164.00	164.00	165.00	167.00	170.00	174.00	176.00	170.00	169.00	168.00	168.00	170.00	173.00	174.00	173.00	174.00	181.00	185.00	185.00	186.00	187.00	186.00	185.00	184.00	184.00	182.00	181.00	180.00	180.00	180.00	179.00	178.00	166.00	162.00	178.00	181.00	171.00	170.00	178.00	181.00	184.00	184.00	180.00	172.00	170.00	170.00
181.00	184.00	183.00	182.00	176.00	160.00	160.00	160.00	160.00	160.00	176.00	179.00	180.00	181.00	181.00	177.00	177.00	177.00	177.00	178.00	178.00	178.00	178.00	177.00	174.00	175.00	174.00	175.00	175.00	175.00	175.00	174.00	175.00	177.00	177.00	177.00	177.00	177.00	176.00	174.00	173.00	174.00	173.00	172.00	174.00	176.00	183.00	182.00	180.00	176.00	171.00	176.00	181.00	184.00	186.00	185.00	182.00	179.00	178.00	179.00	179.00	178.00	180.00	182.00	182.00	180.00	175.00	169.00	175.00	179.00	177.00	175.00	174.00	175.00	174.00	176.00	179.00	181.00	177.00	176.00	176.00	176.00	172.00	170.00	169.00	169.00	170.00	173.00	174.00	175.00	175.00	175.00	174.00	175.00	175.00	176.00	176.00	175.00	175.00	174.00	175.00	176.00	176.00	175.00	173.00	173.00	173.00	174.00	174.00	173.00	173.00	174.00	173.00	171.00	167.00	167.00	166.00	165.00	165.00	165.00	166.00	166.00	168.00	168.00	167.00	166.00	164.00	159.00	157.00	156.00	155.00	153.00	153.00	151.00	150.00	149.00	149.00	149.00	150.00	151.00	144.00	135.00	135.00	135.00	136.00	137.00	139.00	141.00	144.00	156.00	160.00	162.00	167.00	169.00	176.00	177.00	176.00	173.00	169.00	166.00	161.00	155.00	149.00	155.00	156.00	158.00	161.00	161.00	161.00	162.00	164.00	167.00	167.00	167.00	167.00	166.00	160.00	159.00	158.00	155.00	153.00	149.00	152.00	158.00	160.00	165.00	167.00	168.00	169.00	170.00	168.00	167.00	166.00	165.00	166.00	165.00	164.00	164.00	163.00	164.00	164.00	165.00	165.00	165.00	167.00	169.00	169.00	169.00	171.00	171.00	170.00	168.00	167.00	168.00	169.00	172.00	175.00	174.00	173.00	172.00	172.00	177.00	180.00	183.00	184.00	182.00	174.00	173.00	174.00	174.00	176.00	177.00	176.00	177.00	178.00	178.00	179.00	182.00	183.00	184.00	184.00	184.00	183.00	183.00	182.00	179.00	178.00	179.00	185.00	187.00	188.00	184.00	177.00	172.00	171.00	169.00
177.00	175.00	176.00	175.00	166.00	160.00	160.00	160.00	160.00	163.00	176.00	176.00	176.00	176.00	177.00	181.00	181.00	181.00	181.00	180.00	179.00	179.00	180.00	179.00	178.00	177.00	176.00	173.00	172.00	173.00	174.00	173.00	173.00	176.00	178.00	178.00	179.00	179.00	177.00	177.00	177.00	176.00	174.00	174.00	174.00	178.00	188.00	186.00	181.00	176.00	174.00	173.00	173.00	172.00	174.00	171.00	168.00	160.00	161.00	164.00	177.00	177.00	177.00	177.00	180.00	182.00	178.00	172.00	183.00	183.00	181.00	180.00	182.00	182.00	181.00	179.00	179.00	181.00	181.00	181.00	181.00	180.00	178.00	177.00	173.00	170.00	169.00	173.00	174.00	176.00	177.00	175.00	174.00	173.00	173.00	175.00	177.00	178.00	178.00	179.00	178.00	177.00	177.00	177.00	177.00	177.00	178.00	178.00	178.00	175.00	175.00	175.00	174.00	173.00	169.00	168.00	168.00	166.00	165.00	165.00	166.00	166.00	167.00	167.00	166.00	165.00	163.00	159.00	156.00	154.00	152.00	157.00	158.00	156.00	153.00	150.00	149.00	149.00	149.00	149.00	146.00	140.00	139.00	140.00	142.00	143.00	141.00	137.00	132.00	132.00	133.00	135.00	139.00	139.00	153.00	161.00	167.00	171.00	173.00	173.00	174.00	170.00	159.00	160.00	161.00	161.00	162.00	161.00	161.00	160.00	159.00	158.00	153.00	155.00	156.00	156.00	159.00	159.00	157.00	154.00	156.00	162.00	163.00	166.00	168.00	170.00	170.00	169.00	169.00	169.00	170.00	168.00	164.00	162.00	165.00	165.00	165.00	164.00	165.00	170.00	170.00	169.00	167.00	164.00	160.00	159.00	160.00	162.00	168.00	169.00	168.00	166.00	165.00	167.00	168.00	169.00	171.00	172.00	173.00	174.00	174.00	174.00	177.00	180.00	182.00	182.00	171.00	169.00	170.00	171.00	174.00	174.00	175.00	175.00	176.00	175.00	173.00	171.00	172.00	178.00	181.00	181.00	180.00	179.00	178.00	177.00	178.00	180.00	181.00	184.00	186.00	187.00	186.00	182.00	181.00	180.00
177.00	175.00	176.00	175.00	166.00	160.00	160.00	160.00	160.00	163.00	176.00	176.00	176.00	176.00	177.00	181.00	181.00	181.00	181.00	180.00	179.00	179.00	180.00	179.00	178.00	177.00	176.00	173.00	172.00	173.00	174.00	173.00	173.00	176.00	178.00	178.00	179.00	179.00	177.00	177.00	177.00	176.00	174.00	174.00	174.00	178.00	188.00	186.00	181.00	176.00	174.00	173.00	173.00	172.00	174.00	171.00	168.00	160.00	161.00	164.00	177.00	177.00	177.00	177.00	180.00	182.00	178.00	172.00	183.00	183.00	181.00	180.00	182.00	182.00	181.00	179.00	179.00	181.00	181.00	181.00	181.00	180.00	178.00	177.00	173.00	170.00	169.00	173.00	174.00	176.00	177.00	175.00	174.00	173.00	173.00	175.00	177.00	178.00	178.00	179.00	178.00	177.00	177.00	177.00	177.00	177.00	178.00	178.00	178.00	175.00	175.00	175.00	174.00	173.00	169.00	168.00	168.00	166.00	165.00	165.00	166.00	166.00	167.00	167.00	166.00	165.00	163.00	159.00	156.00	154.00	152.00	157.00	158.00	156.00	153.00	150.00	149.00	149.00	149.00	149.00	146.00	140.00	139.00	140.00	142.00	143.00	141.00	137.00	132.00	132.00	133.00	135.00	139.00	139.00	153.00	161.00	167.00	171.00	173.00	173.00	174.00	170.00	159.00	160.00	161.00	161.00	162.00	161.00	161.00	160.00	159.00	158.00	153.00	155.00	156.00	156.00	159.00	159.00	157.00	154.00	156.00	162.00	163.00	166.00	168.00	170.00	170.00	169.00	169.00	169.00	170.00	168.00	164.00	162.00	165.00	165.00	165.00	164.00	165.00	170.00	170.00	169.00	167.00	164.00	160.00	159.00	160.00	162.00	168.00	169.00	168.00	166.00	165.00	167.00	168.00	169.00	171.00	172.00	173.00	174.00	174.00	174.00	177.00	180.00	182.00	182.00	171.00	169.00	170.00	171.00	174.00	174.00	175.00	175.00	176.00	175.00	173.00	171.00	172.00	178.00	181.00	181.00	180.00	179.00	178.00	177.00	178.00	180.00	181.00	184.00	186.00	187.00	186.00	182.00	181.00	180.00
177.00	173.00	172.00	171.00	166.00	160.00	160.00	160.00	160.00	169.00	175.00	174.00	173.00	173.00	173.00	179.00	179.00	179.00	178.00	179.00	179.00	179.00	180.00	181.00	182.00	181.00	177.00	175.00	175.00	176.00	179.00	179.00	180.00	180.00	179.00	178.00	179.00	176.00	176.00	176.00	177.00	178.00	177.00	177.00	176.00	176.00	181.00	179.00	181.00	181.00	182.00	184.00	181.00	176.00	172.00	166.00	167.00	155.00	155.00	155.00	157.00	163.00	168.00	167.00	170.00	172.00	175.00	177.00	184.00	184.00	178.00	177.00	182.00	186.00	188.00	186.00	184.00	181.00	179.00	179.00	180.00	181.00	174.00	173.00	175.00	177.00	178.00	178.00	178.00	179.00	179.00	177.00	176.00	174.00	174.00	174.00	176.00	177.00	178.00	175.00	168.00	173.00	176.00	176.00	176.00	173.00	173.00	173.00	174.00	173.00	173.00	172.00	172.00	171.00	171.00	172.00	173.00	173.00	173.00	173.00	171.00	169.00	167.00	164.00	164.00	163.00	162.00	161.00	161.00	161.00	161.00	164.00	162.00	161.00	161.00	160.00	156.00	154.00	152.00	150.00	148.00	144.00	142.00	142.00	143.00	144.00	144.00	141.00	137.00	131.00	129.00	129.00	130.00	128.00	127.00	132.00	137.00	145.00	157.00	160.00	161.00	164.00	156.00	156.00	158.00	161.00	163.00	164.00	163.00	162.00	161.00	160.00	152.00	154.00	157.00	161.00	165.00	166.00	167.00	165.00	171.00	176.00	170.00	167.00	169.00	172.00	171.00	172.00	172.00	172.00	168.00	165.00	161.00	157.00	159.00	159.00	160.00	162.00	162.00	163.00	166.00	168.00	168.00	168.00	165.00	163.00	162.00	162.00	162.00	163.00	163.00	162.00	162.00	163.00	166.00	168.00	168.00	167.00	167.00	167.00	168.00	172.00	174.00	177.00	179.00	180.00	176.00	175.00	176.00	176.00	176.00	176.00	174.00	172.00	173.00	174.00	172.00	170.00	169.00	169.00	170.00	173.00	174.00	173.00	174.00	176.00	177.00	177.00	177.00	177.00	176.00	174.00	174.00	167.00	164.00	159.00
177.00	173.00	172.00	171.00	166.00	160.00	160.00	160.00	160.00	169.00	175.00	174.00	173.00	173.00	173.00	179.00	179.00	179.00	178.00	179.00	179.00	179.00	180.00	181.00	182.00	181.00	177.00	175.00	175.00	176.00	179.00	179.00	180.00	180.00	179.00	178.00	179.00	176.00	176.00	176.00	177.00	178.00	177.00	177.00	176.00	176.00	181.00	179.00	181.00	181.00	182.00	184.00	181.00	176.00	172.00	166.00	167.00	155.00	155.00	155.00	157.00	163.00	168.00	167.00	170.00	172.00	175.00	177.00	184.00	184.00	178.00	177.00	182.00	186.00	188.00	186.00	184.00	181.00	179.00	179.00	180.00	181.00	174.00	173.00	175.00	177.00	178.00	178.00	178.00	179.00	179.00	177.00	176.00	174.00	174.00	174.00	176.00	177.00	178.00	175.00	168.00	173.00	176.00	176.00	176.00	173.00	173.00	173.00	174.00	173.00	173.00	172.00	172.00	171.00	171.00	172.00	173.00	173.00	173.00	173.00	171.00	169.00	167.00	164.00	164.00	163.00	162.00	161.00	161.00	161.00	161.00	164.00	162.00	161.00	161.00	160.00	156.00	154.00	152.00	150.00	148.00	144.00	142.00	142.00	143.00	144.00	144.00	141.00	137.00	131.00	129.00	129.00	130.00	128.00	127.00	132.00	137.00	145.00	157.00	160.00	161.00	164.00	156.00	156.00	158.00	161.00	163.00	164.00	163.00	162.00	161.00	160.00	152.00	154.00	157.00	161.00	165.00	166.00	167.00	165.00	171.00	176.00	170.00	167.00	169.00	172.00	171.00	172.00	172.00	172.00	168.00	165.00	161.00	157.00	159.00	159.00	160.00	162.00	162.00	163.00	166.00	168.00	168.00	168.00	165.00	163.00	162.00	162.00	162.00	163.00	163.00	162.00	162.00	163.00	166.00	168.00	168.00	167.00	167.00	167.00	168.00	172.00	174.00	177.00	179.00	180.00	176.00	175.00	176.00	176.00	176.00	176.00	174.00	172.00	173.00	174.00	172.00	170.00	169.00	169.00	170.00	173.00	174.00	173.00	174.00	176.00	177.00	177.00	177.00	177.00	176.00	174.00	174.00	167.00	164.00	159.00
182.00	179.00	177.00	175.00	174.00	172.00	171.00	174.00	173.00	175.00	179.00	178.00	177.00	178.00	176.00	176.00	178.00	178.00	179.00	182.00	182.00	181.00	180.00	179.00	178.00	178.00	179.00	177.00	171.00	176.00	181.00	182.00	182.00	185.00	183.00	181.00	180.00	180.00	179.00	180.00	180.00	180.00	178.00	177.00	173.00	179.00	173.00	171.00	173.00	176.00	176.00	177.00	176.00	170.00	166.00	168.00	176.00	165.00	156.00	155.00	155.00	157.00	163.00	165.00	165.00	165.00	169.00	176.00	178.00	182.00	179.00	176.00	178.00	181.00	183.00	186.00	189.00	188.00	179.00	181.00	185.00	186.00	176.00	176.00	179.00	179.00	180.00	181.00	180.00	179.00	179.00	179.00	178.00	177.00	176.00	177.00	178.00	176.00	175.00	164.00	154.00	156.00	161.00	169.00	173.00	174.00	173.00	172.00	170.00	168.00	167.00	168.00	169.00	169.00	168.00	167.00	168.00	169.00	170.00	169.00	169.00	168.00	166.00	165.00	165.00	165.00	166.00	168.00	170.00	170.00	168.00	163.00	160.00	158.00	158.00	158.00	157.00	159.00	158.00	157.00	153.00	149.00	148.00	147.00	144.00	139.00	137.00	136.00	136.00	135.00	133.00	132.00	128.00	126.00	122.00	122.00	122.00	123.00	130.00	134.00	139.00	145.00	151.00	149.00	143.00	141.00	141.00	148.00	148.00	151.00	159.00	165.00	171.00	172.00	172.00	171.00	171.00	170.00	170.00	168.00	166.00	170.00	171.00	170.00	168.00	167.00	168.00	172.00	174.00	177.00	174.00	171.00	166.00	161.00	158.00	159.00	161.00	161.00	159.00	159.00	161.00	165.00	168.00	172.00	172.00	170.00	168.00	164.00	163.00	163.00	164.00	163.00	162.00	162.00	162.00	163.00	164.00	165.00	166.00	168.00	169.00	170.00	169.00	169.00	170.00	174.00	174.00	173.00	173.00	173.00	169.00	168.00	168.00	167.00	166.00	170.00	172.00	173.00	172.00	170.00	168.00	169.00	171.00	173.00	175.00	176.00	175.00	166.00	133.00	123.00	115.00	110.00	107.00	103.00	102.00	101.00
182.00	179.00	177.00	175.00	174.00	172.00	171.00	174.00	173.00	175.00	179.00	178.00	177.00	178.00	176.00	176.00	178.00	178.00	179.00	182.00	182.00	181.00	180.00	179.00	178.00	178.00	179.00	177.00	171.00	176.00	181.00	182.00	182.00	185.00	183.00	181.00	180.00	180.00	179.00	180.00	180.00	180.00	178.00	177.00	173.00	179.00	173.00	171.00	173.00	176.00	176.00	177.00	176.00	170.00	166.00	168.00	176.00	165.00	156.00	155.00	155.00	157.00	163.00	165.00	165.00	165.00	169.00	176.00	178.00	182.00	179.00	176.00	178.00	181.00	183.00	186.00	189.00	188.00	179.00	181.00	185.00	186.00	176.00	176.00	179.00	179.00	180.00	181.00	180.00	179.00	179.00	179.00	178.00	177.00	176.00	177.00	178.00	176.00	175.00	164.00	154.00	156.00	161.00	169.00	173.00	174.00	173.00	172.00	170.00	168.00	167.00	168.00	169.00	169.00	168.00	167.00	168.00	169.00	170.00	169.00	169.00	168.00	166.00	165.00	165.00	165.00	166.00	168.00	170.00	170.00	168.00	163.00	160.00	158.00	158.00	158.00	157.00	159.00	158.00	157.00	153.00	149.00	148.00	147.00	144.00	139.00	137.00	136.00	136.00	135.00	133.00	132.00	128.00	126.00	122.00	122.00	122.00	123.00	130.00	134.00	139.00	145.00	151.00	149.00	143.00	141.00	141.00	148.00	148.00	151.00	159.00	165.00	171.00	172.00	172.00	171.00	171.00	170.00	170.00	168.00	166.00	170.00	171.00	170.00	168.00	167.00	168.00	172.00	174.00	177.00	174.00	171.00	166.00	161.00	158.00	159.00	161.00	161.00	159.00	159.00	161.00	165.00	168.00	172.00	172.00	170.00	168.00	164.00	163.00	163.00	164.00	163.00	162.00	162.00	162.00	163.00	164.00	165.00	166.00	168.00	169.00	170.00	169.00	169.00	170.00	174.00	174.00	173.00	173.00	173.00	169.00	168.00	168.00	167.00	166.00	170.00	172.00	173.00	172.00	170.00	168.00	169.00	171.00	173.00	175.00	176.00	175.00	166.00	133.00	123.00	115.00	110.00	107.00	103.00	102.00	101.00
176.00	180.00	180.00	177.00	179.00	179.00	175.00	174.00	174.00	177.00	178.00	179.00	179.00	178.00	177.00	163.00	163.00	163.00	166.00	176.00	177.00	177.00	176.00	177.00	178.00	178.00	177.00	177.00	177.00	177.00	179.00	180.00	180.00	182.00	183.00	182.00	179.00	178.00	182.00	183.00	183.00	183.00	182.00	174.00	174.00	180.00	184.00	179.00	179.00	180.00	179.00	172.00	170.00	168.00	165.00	165.00	166.00	167.00	167.00	168.00	172.00	170.00	171.00	173.00	177.00	178.00	180.00	180.00	171.00	176.00	176.00	174.00	172.00	173.00	175.00	180.00	182.00	182.00	176.00	180.00	184.00	187.00	175.00	174.00	174.00	176.00	180.00	185.00	186.00	181.00	177.00	178.00	179.00	178.00	178.00	177.00	179.00	178.00	174.00	173.00	172.00	170.00	168.00	168.00	170.00	174.00	174.00	174.00	173.00	173.00	172.00	172.00	171.00	169.00	167.00	167.00	166.00	166.00	163.00	163.00	164.00	166.00	166.00	166.00	166.00	166.00	167.00	166.00	164.00	162.00	161.00	163.00	162.00	158.00	156.00	155.00	156.00	157.00	159.00	161.00	156.00	150.00	149.00	147.00	146.00	142.00	141.00	142.00	142.00	140.00	139.00	138.00	133.00	131.00	131.00	134.00	135.00	134.00	122.00	119.00	120.00	125.00	140.00	147.00	146.00	139.00	129.00	125.00	130.00	135.00	141.00	149.00	167.00	170.00	170.00	171.00	176.00	175.00	173.00	172.00	171.00	170.00	171.00	171.00	171.00	169.00	166.00	165.00	166.00	168.00	170.00	168.00	164.00	162.00	166.00	167.00	166.00	163.00	161.00	164.00	165.00	167.00	169.00	169.00	167.00	167.00	166.00	163.00	162.00	163.00	165.00	166.00	165.00	164.00	163.00	163.00	164.00	165.00	166.00	168.00	171.00	172.00	171.00	168.00	164.00	165.00	171.00	172.00	172.00	172.00	171.00	169.00	167.00	166.00	166.00	167.00	168.00	169.00	170.00	170.00	172.00	174.00	174.00	172.00	154.00	147.00	132.00	115.00	93.00	89.00	87.00	85.00	84.00	86.00	87.00	88.00
176.00	180.00	180.00	177.00	179.00	179.00	175.00	174.00	174.00	177.00	178.00	179.00	179.00	178.00	177.00	163.00	163.00	163.00	166.00	176.00	177.00	177.00	176.00	177.00	178.00	178.00	177.00	177.00	177.00	177.00	179.00	180.00	180.00	182.00	183.00	182.00	179.00	178.00	182.00	183.00	183.00	183.00	182.00	174.00	174.00	180.00	184.00	179.00	179.00	180.00	179.00	172.00	170.00	168.00	165.00	165.00	166.00	167.00	167.00	168.00	172.00	170.00	171.00	173.00	177.00	178.00	180.00	180.00	171.00	176.00	176.00	174.00	172.00	173.00	175.00	180.00	182.00	182.00	176.00	180.00	184.00	187.00	175.00	174.00	174.00	176.00	180.00	185.00	186.00	181.00	177.00	178.00	179.00	178.00	178.00	177.00	179.00	178.00	174.00	173.00	172.00	170.00	168.00	168.00	170.00	174.00	174.00	174.00	173.00	173.00	172.00	172.00	171.00	169.00	167.00	167.00	166.00	166.00	163.00	163.00	164.00	166.00	166.00	166.00	166.00	166.00	167.00	166.00	164.00	162.00	161.00	163.00	162.00	158.00	156.00	155.00	156.00	157.00	159.00	161.00	156.00	150.00	149.00	147.00	146.00	142.00	141.00	142.00	142.00	140.00	139.00	138.00	133.00	131.00	131.00	134.00	135.00	134.00	122.00	119.00	120.00	125.00	140.00	147.00	146.00	139.00	129.00	125.00	130.00	135.00	141.00	149.00	167.00	170.00	170.00	171.00	176.00	175.00	173.00	172.00	171.00	170.00	171.00	171.00	171.00	169.00	166.00	165.00	166.00	168.00	170.00	168.00	164.00	162.00	166.00	167.00	166.00	163.00	161.00	164.00	165.00	167.00	169.00	169.00	167.00	167.00	166.00	163.00	162.00	163.00	165.00	166.00	165.00	164.00	163.00	163.00	164.00	165.00	166.00	168.00	171.00	172.00	171.00	168.00	164.00	165.00	171.00	172.00	172.00	172.00	171.00	169.00	167.00	166.00	166.00	167.00	168.00	169.00	170.00	170.00	172.00	174.00	174.00	172.00	154.00	147.00	132.00	115.00	93.00	89.00	87.00	85.00	84.00	86.00	87.00	88.00
178.00	176.00	175.00	174.00	176.00	178.00	174.00	173.00	173.00	176.00	180.00	179.00	178.00	178.00	176.00	164.00	164.00	164.00	169.00	175.00	177.00	179.00	180.00	180.00	172.00	169.00	171.00	173.00	181.00	184.00	185.00	184.00	183.00	180.00	180.00	180.00	183.00	187.00	188.00	189.00	188.00	187.00	174.00	173.00	174.00	178.00	177.00	175.00	173.00	172.00	173.00	181.00	183.00	182.00	181.00	179.00	181.00	183.00	181.00	178.00	169.00	168.00	170.00	171.00	170.00	172.00	176.00	177.00	174.00	175.00	175.00	175.00	175.00	173.00	172.00	173.00	174.00	173.00	169.00	172.00	174.00	177.00	180.00	182.00	179.00	178.00	180.00	178.00	181.00	182.00	179.00	183.00	185.00	185.00	181.00	178.00	178.00	181.00	180.00	174.00	173.00	174.00	175.00	174.00	174.00	174.00	173.00	171.00	171.00	172.00	173.00	174.00	175.00	174.00	172.00	171.00	169.00	167.00	165.00	164.00	165.00	166.00	167.00	165.00	164.00	162.00	162.00	161.00	162.00	163.00	163.00	168.00	169.00	167.00	163.00	159.00	157.00	158.00	158.00	158.00	154.00	151.00	151.00	151.00	151.00	144.00	143.00	144.00	148.00	150.00	148.00	145.00	137.00	135.00	140.00	145.00	148.00	148.00	136.00	128.00	122.00	119.00	120.00	124.00	126.00	121.00	115.00	121.00	127.00	131.00	134.00	139.00	140.00	144.00	147.00	151.00	158.00	160.00	162.00	165.00	166.00	167.00	167.00	173.00	173.00	172.00	170.00	169.00	168.00	167.00	165.00	163.00	161.00	157.00	158.00	160.00	159.00	163.00	166.00	173.00	174.00	172.00	171.00	168.00	165.00	164.00	163.00	163.00	161.00	161.00	162.00	164.00	166.00	167.00	166.00	165.00	163.00	163.00	163.00	164.00	166.00	171.00	170.00	168.00	164.00	158.00	163.00	166.00	167.00	168.00	169.00	168.00	167.00	166.00	164.00	165.00	166.00	167.00	167.00	169.00	171.00	171.00	167.00	157.00	118.00	104.00	90.00	89.00	87.00	87.00	87.00	86.00	86.00	86.00	86.00	85.00
178.00	176.00	175.00	174.00	176.00	178.00	174.00	173.00	173.00	176.00	180.00	179.00	178.00	178.00	176.00	164.00	164.00	164.00	169.00	175.00	177.00	179.00	180.00	180.00	172.00	169.00	171.00	173.00	181.00	184.00	185.00	184.00	183.00	180.00	180.00	180.00	183.00	187.00	188.00	189.00	188.00	187.00	174.00	173.00	174.00	178.00	177.00	175.00	173.00	172.00	173.00	181.00	183.00	182.00	181.00	179.00	181.00	183.00	181.00	178.00	169.00	168.00	170.00	171.00	170.00	172.00	176.00	177.00	174.00	175.00	175.00	175.00	175.00	173.00	172.00	173.00	174.00	173.00	169.00	172.00	174.00	177.00	180.00	182.00	179.00	178.00	180.00	178.00	181.00	182.00	179.00	183.00	185.00	185.00	181.00	178.00	178.00	181.00	180.00	174.00	173.00	174.00	175.00	174.00	174.00	174.00	173.00	171.00	171.00	172.00	173.00	174.00	175.00	174.00	172.00	171.00	169.00	167.00	165.00	164.00	165.00	166.00	167.00	165.00	164.00	162.00	162.00	161.00	162.00	163.00	163.00	168.00	169.00	167.00	163.00	159.00	157.00	158.00	158.00	158.00	154.00	151.00	151.00	151.00	151.00	144.00	143.00	144.00	148.00	150.00	148.00	145.00	137.00	135.00	140.00	145.00	148.00	148.00	136.00	128.00	122.00	119.00	120.00	124.00	126.00	121.00	115.00	121.00	127.00	131.00	134.00	139.00	140.00	144.00	147.00	151.00	158.00	160.00	162.00	165.00	166.00	167.00	167.00	173.00	173.00	172.00	170.00	169.00	168.00	167.00	165.00	163.00	161.00	157.00	158.00	160.00	159.00	163.00	166.00	173.00	174.00	172.00	171.00	168.00	165.00	164.00	163.00	163.00	161.00	161.00	162.00	164.00	166.00	167.00	166.00	165.00	163.00	163.00	163.00	164.00	166.00	171.00	170.00	168.00	164.00	158.00	163.00	166.00	167.00	168.00	169.00	168.00	167.00	166.00	164.00	165.00	166.00	167.00	167.00	169.00	171.00	171.00	167.00	157.00	118.00	104.00	90.00	89.00	87.00	87.00	87.00	86.00	86.00	86.00	86.00	85.00
182.00	179.00	176.00	174.00	175.00	176.00	177.00	177.00	176.00	176.00	178.00	179.00	179.00	181.00	182.00	181.00	182.00	180.00	178.00	178.00	178.00	177.00	176.00	174.00	171.00	176.00	176.00	175.00	173.00	176.00	178.00	180.00	182.00	182.00	182.00	182.00	185.00	186.00	185.00	186.00	186.00	186.00	176.00	181.00	181.00	183.00	172.00	169.00	171.00	175.00	177.00	180.00	182.00	184.00	186.00	184.00	187.00	186.00	179.00	176.00	172.00	165.00	165.00	169.00	173.00	173.00	172.00	169.00	170.00	175.00	174.00	173.00	171.00	171.00	176.00	180.00	180.00	173.00	173.00	172.00	171.00	167.00	168.00	171.00	170.00	166.00	166.00	167.00	170.00	178.00	177.00	179.00	183.00	186.00	187.00	183.00	180.00	180.00	179.00	174.00	174.00	176.00	175.00	175.00	175.00	177.00	177.00	178.00	177.00	177.00	176.00	176.00	176.00	175.00	168.00	167.00	166.00	166.00	166.00	166.00	164.00	164.00	164.00	164.00	164.00	163.00	163.00	161.00	162.00	163.00	164.00	162.00	162.00	161.00	161.00	161.00	160.00	159.00	159.00	157.00	154.00	150.00	149.00	150.00	152.00	146.00	144.00	143.00	144.00	149.00	148.00	146.00	141.00	142.00	145.00	146.00	146.00	147.00	147.00	145.00	141.00	136.00	129.00	120.00	116.00	114.00	111.00	112.00	113.00	114.00	115.00	116.00	116.00	118.00	125.00	131.00	140.00	142.00	144.00	146.00	147.00	148.00	148.00	154.00	160.00	164.00	166.00	167.00	168.00	168.00	168.00	167.00	165.00	163.00	156.00	156.00	156.00	160.00	163.00	164.00	165.00	167.00	168.00	169.00	172.00	172.00	171.00	168.00	163.00	162.00	162.00	163.00	164.00	164.00	168.00	169.00	167.00	163.00	164.00	165.00	166.00	169.00	169.00	167.00	166.00	155.00	159.00	164.00	167.00	168.00	167.00	165.00	163.00	160.00	156.00	165.00	166.00	167.00	167.00	158.00	150.00	132.00	112.00	100.00	92.00	91.00	89.00	90.00	90.00	89.00	90.00	90.00	90.00	90.00	89.00	88.00
182.00	179.00	176.00	174.00	175.00	176.00	177.00	177.00	176.00	176.00	178.00	179.00	179.00	181.00	182.00	181.00	182.00	180.00	178.00	178.00	178.00	177.00	176.00	174.00	171.00	176.00	176.00	175.00	173.00	176.00	178.00	180.00	182.00	182.00	182.00	182.00	185.00	186.00	185.00	186.00	186.00	186.00	176.00	181.00	181.00	183.00	172.00	169.00	171.00	175.00	177.00	180.00	182.00	184.00	186.00	184.00	187.00	186.00	179.00	176.00	172.00	165.00	165.00	169.00	173.00	173.00	172.00	169.00	170.00	175.00	174.00	173.00	171.00	171.00	176.00	180.00	180.00	173.00	173.00	172.00	171.00	167.00	168.00	171.00	170.00	166.00	166.00	167.00	170.00	178.00	177.00	179.00	183.00	186.00	187.00	183.00	180.00	180.00	179.00	174.00	174.00	176.00	175.00	175.00	175.00	177.00	177.00	178.00	177.00	177.00	176.00	176.00	176.00	175.00	168.00	167.00	166.00	166.00	166.00	166.00	164.00	164.00	164.00	164.00	164.00	163.00	163.00	161.00	162.00	163.00	164.00	162.00	162.00	161.00	161.00	161.00	160.00	159.00	159.00	157.00	154.00	150.00	149.00	150.00	152.00	146.00	144.00	143.00	144.00	149.00	148.00	146.00	141.00	142.00	145.00	146.00	146.00	147.00	147.00	145.00	141.00	136.00	129.00	120.00	116.00	114.00	111.00	112.00	113.00	114.00	115.00	116.00	116.00	118.00	125.00	131.00	140.00	142.00	144.00	146.00	147.00	148.00	148.00	154.00	160.00	164.00	166.00	167.00	168.00	168.00	168.00	167.00	165.00	163.00	156.00	156.00	156.00	160.00	163.00	164.00	165.00	167.00	168.00	169.00	172.00	172.00	171.00	168.00	163.00	162.00	162.00	163.00	164.00	164.00	168.00	169.00	167.00	163.00	164.00	165.00	166.00	169.00	169.00	167.00	166.00	155.00	159.00	164.00	167.00	168.00	167.00	165.00	163.00	160.00	156.00	165.00	166.00	167.00	167.00	158.00	150.00	132.00	112.00	100.00	92.00	91.00	89.00	90.00	90.00	89.00	90.00	90.00	90.00	90.00	89.00	88.00
178.00	178.00	179.00	179.00	179.00	178.00	178.00	177.00	177.00	176.00	177.00	177.00	176.00	175.00	176.00	181.00	182.00	182.00	181.00	177.00	178.00	178.00	178.00	178.00	176.00	176.00	173.00	171.00	172.00	173.00	175.00	178.00	178.00	178.00	178.00	178.00	179.00	183.00	184.00	184.00	184.00	182.00	186.00	186.00	184.00	184.00	185.00	184.00	188.00	190.00	188.00	187.00	185.00	184.00	183.00	188.00	190.00	183.00	182.00	181.00	178.00	173.00	169.00	167.00	167.00	165.00	167.00	168.00	164.00	172.00	173.00	173.00	171.00	169.00	169.00	171.00	174.00	172.00	175.00	178.00	177.00	172.00	171.00	171.00	169.00	165.00	165.00	164.00	168.00	170.00	170.00	168.00	172.00	176.00	177.00	176.00	184.00	181.00	176.00	172.00	173.00	175.00	175.00	176.00	177.00	178.00	178.00	177.00	176.00	173.00	172.00	172.00	172.00	171.00	169.00	168.00	167.00	166.00	166.00	164.00	162.00	162.00	162.00	165.00	164.00	164.00	165.00	164.00	163.00	163.00	162.00	162.00	162.00	162.00	163.00	163.00	161.00	160.00	159.00	160.00	159.00	154.00	152.00	152.00	152.00	152.00	152.00	152.00	150.00	148.00	147.00	146.00	149.00	150.00	150.00	150.00	150.00	153.00	153.00	152.00	151.00	149.00	141.00	131.00	126.00	124.00	124.00	115.00	110.00	108.00	111.00	115.00	121.00	116.00	112.00	111.00	118.00	120.00	121.00	123.00	126.00	127.00	125.00	133.00	139.00	145.00	147.00	148.00	148.00	147.00	154.00	159.00	164.00	166.00	163.00	164.00	167.00	169.00	169.00	168.00	168.00	169.00	169.00	168.00	167.00	165.00	167.00	167.00	164.00	164.00	165.00	167.00	165.00	165.00	162.00	163.00	164.00	159.00	158.00	159.00	162.00	162.00	162.00	162.00	159.00	148.00	156.00	163.00	169.00	171.00	168.00	166.00	164.00	161.00	154.00	165.00	166.00	164.00	159.00	119.00	101.00	91.00	86.00	85.00	87.00	88.00	90.00	91.00	94.00	94.00	94.00	93.00	93.00	90.00	91.00	90.00
173.00	175.00	177.00	177.00	176.00	175.00	176.00	177.00	178.00	178.00	177.00	177.00	177.00	176.00	174.00	176.00	175.00	176.00	177.00	177.00	177.00	178.00	178.00	178.00	179.00	180.00	178.00	175.00	168.00	171.00	174.00	175.00	175.00	180.00	183.00	184.00	183.00	180.00	178.00	179.00	182.00	185.00	194.00	189.00	187.00	189.00	193.00	190.00	190.00	193.00	195.00	193.00	194.00	191.00	188.00	191.00	190.00	184.00	188.00	190.00	184.00	179.00	176.00	175.00	164.00	161.00	167.00	170.00	164.00	165.00	169.00	168.00	166.00	167.00	169.00	171.00	172.00	172.00	169.00	170.00	169.00	165.00	170.00	174.00	175.00	172.00	167.00	156.00	156.00	174.00	170.00	170.00	171.00	172.00	172.00	172.00	171.00	168.00	169.00	174.00	175.00	176.00	175.00	177.00	181.00	181.00	179.00	177.00	177.00	172.00	170.00	172.00	175.00	176.00	173.00	171.00	168.00	167.00	169.00	168.00	165.00	165.00	165.00	166.00	165.00	164.00	163.00	163.00	163.00	163.00	164.00	170.00	172.00	172.00	172.00	172.00	170.00	169.00	169.00	168.00	164.00	156.00	154.00	152.00	152.00	154.00	155.00	153.00	150.00	148.00	148.00	149.00	151.00	152.00	153.00	154.00	154.00	154.00	153.00	152.00	152.00	151.00	147.00	138.00	133.00	131.00	134.00	135.00	128.00	122.00	121.00	124.00	128.00	126.00	123.00	122.00	119.00	116.00	110.00	106.00	107.00	112.00	113.00	121.00	125.00	123.00	120.00	121.00	125.00	131.00	144.00	150.00	154.00	159.00	167.00	167.00	167.00	169.00	171.00	173.00	174.00	176.00	174.00	174.00	175.00	174.00	173.00	171.00	166.00	164.00	165.00	164.00	167.00	171.00	170.00	171.00	168.00	164.00	160.00	156.00	152.00	154.00	154.00	157.00	156.00	148.00	156.00	160.00	164.00	166.00	166.00	160.00	159.00	162.00	157.00	158.00	149.00	129.00	105.00	79.00	76.00	74.00	74.00	74.00	74.00	77.00	76.00	78.00	76.00	77.00	77.00	77.00	77.00	80.00	82.00	83.00
173.00	175.00	177.00	177.00	176.00	175.00	176.00	177.00	178.00	178.00	177.00	177.00	177.00	176.00	174.00	176.00	175.00	176.00	177.00	177.00	177.00	178.00	178.00	178.00	179.00	180.00	178.00	175.00	168.00	171.00	174.00	175.00	175.00	180.00	183.00	184.00	183.00	180.00	178.00	179.00	182.00	185.00	194.00	189.00	187.00	189.00	193.00	190.00	190.00	193.00	195.00	193.00	194.00	191.00	188.00	191.00	190.00	184.00	188.00	190.00	184.00	179.00	176.00	175.00	164.00	161.00	167.00	170.00	164.00	165.00	169.00	168.00	166.00	167.00	169.00	171.00	172.00	172.00	169.00	170.00	169.00	165.00	170.00	174.00	175.00	172.00	167.00	156.00	156.00	174.00	170.00	170.00	171.00	172.00	172.00	172.00	171.00	168.00	169.00	174.00	175.00	176.00	175.00	177.00	181.00	181.00	179.00	177.00	177.00	172.00	170.00	172.00	175.00	176.00	173.00	171.00	168.00	167.00	169.00	168.00	165.00	165.00	165.00	166.00	165.00	164.00	163.00	163.00	163.00	163.00	164.00	170.00	172.00	172.00	172.00	172.00	170.00	169.00	169.00	168.00	164.00	156.00	154.00	152.00	152.00	154.00	155.00	153.00	150.00	148.00	148.00	149.00	151.00	152.00	153.00	154.00	154.00	154.00	153.00	152.00	152.00	151.00	147.00	138.00	133.00	131.00	134.00	135.00	128.00	122.00	121.00	124.00	128.00	126.00	123.00	122.00	119.00	116.00	110.00	106.00	107.00	112.00	113.00	121.00	125.00	123.00	120.00	121.00	125.00	131.00	144.00	150.00	154.00	159.00	167.00	167.00	167.00	169.00	171.00	173.00	174.00	176.00	174.00	174.00	175.00	174.00	173.00	171.00	166.00	164.00	165.00	164.00	167.00	171.00	170.00	171.00	168.00	164.00	160.00	156.00	152.00	154.00	154.00	157.00	156.00	148.00	156.00	160.00	164.00	166.00	166.00	160.00	159.00	162.00	157.00	158.00	149.00	129.00	105.00	79.00	76.00	74.00	74.00	74.00	74.00	77.00	76.00	78.00	76.00	77.00	77.00	77.00	77.00	80.00	82.00	83.00
172.00	169.00	169.00	170.00	170.00	173.00	175.00	177.00	176.00	176.00	175.00	175.00	175.00	177.00	177.00	177.00	177.00	177.00	176.00	176.00	176.00	177.00	176.00	176.00	177.00	178.00	178.00	176.00	174.00	178.00	182.00	182.00	181.00	183.00	183.00	183.00	182.00	182.00	180.00	180.00	182.00	186.00	185.00	184.00	188.00	191.00	198.00	200.00	198.00	198.00	197.00	191.00	191.00	191.00	191.00	188.00	188.00	191.00	192.00	191.00	182.00	185.00	186.00	184.00	175.00	170.00	168.00	168.00	165.00	161.00	161.00	162.00	161.00	162.00	165.00	164.00	161.00	161.00	164.00	166.00	165.00	161.00	167.00	168.00	169.00	172.00	172.00	161.00	162.00	170.00	167.00	176.00	179.00	180.00	180.00	174.00	169.00	170.00	169.00	170.00	165.00	165.00	166.00	167.00	171.00	172.00	173.00	177.00	181.00	179.00	176.00	176.00	178.00	180.00	175.00	172.00	172.00	172.00	174.00	172.00	170.00	171.00	171.00	168.00	167.00	166.00	165.00	163.00	162.00	161.00	162.00	170.00	173.00	176.00	178.00	178.00	174.00	173.00	172.00	173.00	169.00	164.00	162.00	160.00	159.00	158.00	157.00	154.00	150.00	148.00	149.00	151.00	159.00	160.00	158.00	157.00	156.00	155.00	151.00	149.00	148.00	148.00	143.00	138.00	135.00	134.00	138.00	145.00	142.00	134.00	131.00	133.00	133.00	134.00	134.00	135.00	137.00	134.00	128.00	118.00	110.00	103.00	104.00	111.00	117.00	125.00	129.00	133.00	136.00	140.00	149.00	152.00	153.00	155.00	159.00	161.00	160.00	161.00	163.00	165.00	168.00	170.00	173.00	173.00	180.00	182.00	183.00	184.00	180.00	179.00	179.00	178.00	173.00	171.00	168.00	169.00	165.00	166.00	168.00	167.00	159.00	152.00	150.00	154.00	155.00	154.00	157.00	158.00	161.00	165.00	169.00	170.00	169.00	164.00	156.00	107.00	86.00	74.00	73.00	77.00	82.00	83.00	83.00	82.00	81.00	82.00	80.00	79.00	74.00	73.00	73.00	73.00	73.00	73.00	73.00	73.00
169.00	174.00	175.00	174.00	173.00	170.00	167.00	168.00	169.00	169.00	169.00	171.00	173.00	174.00	174.00	174.00	174.00	175.00	175.00	177.00	176.00	176.00	176.00	176.00	176.00	177.00	177.00	175.00	173.00	176.00	179.00	182.00	184.00	187.00	186.00	185.00	180.00	179.00	180.00	181.00	183.00	184.00	181.00	180.00	186.00	191.00	195.00	197.00	198.00	197.00	197.00	195.00	195.00	193.00	194.00	194.00	194.00	194.00	194.00	190.00	179.00	186.00	189.00	185.00	179.00	182.00	180.00	175.00	176.00	170.00	166.00	166.00	167.00	166.00	164.00	164.00	163.00	163.00	163.00	165.00	162.00	164.00	169.00	169.00	170.00	169.00	168.00	166.00	165.00	162.00	163.00	166.00	169.00	173.00	177.00	174.00	172.00	173.00	176.00	173.00	167.00	167.00	168.00	168.00	164.00	161.00	163.00	164.00	167.00	175.00	176.00	178.00	176.00	174.00	172.00	172.00	174.00	172.00	171.00	173.00	173.00	174.00	174.00	173.00	172.00	172.00	173.00	171.00	172.00	170.00	169.00	170.00	171.00	173.00	176.00	179.00	178.00	175.00	172.00	170.00	166.00	166.00	165.00	163.00	161.00	158.00	155.00	153.00	151.00	151.00	153.00	155.00	160.00	159.00	153.00	151.00	150.00	150.00	146.00	145.00	145.00	145.00	139.00	139.00	140.00	140.00	141.00	145.00	144.00	137.00	132.00	133.00	141.00	143.00	143.00	143.00	142.00	140.00	137.00	134.00	127.00	107.00	104.00	115.00	122.00	132.00	136.00	138.00	139.00	141.00	146.00	148.00	149.00	150.00	152.00	154.00	156.00	158.00	159.00	159.00	158.00	157.00	157.00	158.00	165.00	169.00	170.00	171.00	176.00	178.00	177.00	178.00	184.00	183.00	182.00	181.00	178.00	174.00	171.00	168.00	166.00	161.00	153.00	149.00	145.00	147.00	156.00	162.00	166.00	168.00	167.00	162.00	156.00	151.00	128.00	73.00	75.00	79.00	80.00	81.00	83.00	84.00	86.00	87.00	87.00	87.00	87.00	87.00	85.00	82.00	78.00	73.00	73.00	73.00	74.00	74.00
169.00	174.00	175.00	174.00	173.00	170.00	167.00	168.00	169.00	169.00	169.00	171.00	173.00	174.00	174.00	174.00	174.00	175.00	175.00	177.00	176.00	176.00	176.00	176.00	176.00	177.00	177.00	175.00	173.00	176.00	179.00	182.00	184.00	187.00	186.00	185.00	180.00	179.00	180.00	181.00	183.00	184.00	181.00	180.00	186.00	191.00	195.00	197.00	198.00	197.00	197.00	195.00	195.00	193.00	194.00	194.00	194.00	194.00	194.00	190.00	179.00	186.00	189.00	185.00	179.00	182.00	180.00	175.00	176.00	170.00	166.00	166.00	167.00	166.00	164.00	164.00	163.00	163.00	163.00	165.00	162.00	164.00	169.00	169.00	170.00	169.00	168.00	166.00	165.00	162.00	163.00	166.00	169.00	173.00	177.00	174.00	172.00	173.00	176.00	173.00	167.00	167.00	168.00	168.00	164.00	161.00	163.00	164.00	167.00	175.00	176.00	178.00	176.00	174.00	172.00	172.00	174.00	172.00	171.00	173.00	173.00	174.00	174.00	173.00	172.00	172.00	173.00	171.00	172.00	170.00	169.00	170.00	171.00	173.00	176.00	179.00	178.00	175.00	172.00	170.00	166.00	166.00	165.00	163.00	161.00	158.00	155.00	153.00	151.00	151.00	153.00	155.00	160.00	159.00	153.00	151.00	150.00	150.00	146.00	145.00	145.00	145.00	139.00	139.00	140.00	140.00	141.00	145.00	144.00	137.00	132.00	133.00	141.00	143.00	143.00	143.00	142.00	140.00	137.00	134.00	127.00	107.00	104.00	115.00	122.00	132.00	136.00	138.00	139.00	141.00	146.00	148.00	149.00	150.00	152.00	154.00	156.00	158.00	159.00	159.00	158.00	157.00	157.00	158.00	165.00	169.00	170.00	171.00	176.00	178.00	177.00	178.00	184.00	183.00	182.00	181.00	178.00	174.00	171.00	168.00	166.00	161.00	153.00	149.00	145.00	147.00	156.00	162.00	166.00	168.00	167.00	162.00	156.00	151.00	128.00	73.00	75.00	79.00	80.00	81.00	83.00	84.00	86.00	87.00	87.00	87.00	87.00	87.00	85.00	82.00	78.00	73.00	73.00	73.00	74.00	74.00
170.00	171.00	172.00	173.00	172.00	170.00	171.00	171.00	171.00	171.00	169.00	167.00	166.00	165.00	165.00	168.00	170.00	173.00	173.00	174.00	174.00	174.00	174.00	174.00	174.00	175.00	177.00	177.00	176.00	180.00	182.00	182.00	182.00	181.00	182.00	182.00	185.00	187.00	184.00	183.00	181.00	180.00	180.00	178.00	182.00	189.00	197.00	198.00	198.00	197.00	199.00	198.00	196.00	194.00	193.00	194.00	195.00	196.00	194.00	184.00	180.00	188.00	190.00	183.00	182.00	181.00	177.00	176.00	181.00	168.00	169.00	171.00	173.00	167.00	167.00	167.00	166.00	167.00	163.00	163.00	162.00	159.00	165.00	167.00	169.00	167.00	163.00	163.00	166.00	163.00	166.00	166.00	167.00	168.00	168.00	168.00	166.00	167.00	169.00	170.00	170.00	170.00	173.00	175.00	169.00	162.00	167.00	173.00	172.00	170.00	172.00	171.00	169.00	169.00	170.00	173.00	175.00	174.00	168.00	172.00	179.00	177.00	174.00	174.00	178.00	178.00	177.00	178.00	179.00	175.00	176.00	177.00	177.00	179.00	182.00	184.00	187.00	184.00	180.00	175.00	168.00	166.00	165.00	164.00	162.00	157.00	156.00	155.00	155.00	154.00	153.00	152.00	153.00	153.00	150.00	148.00	147.00	148.00	148.00	147.00	146.00	146.00	146.00	145.00	144.00	143.00	144.00	143.00	142.00	139.00	136.00	135.00	141.00	143.00	144.00	145.00	145.00	143.00	139.00	132.00	127.00	114.00	107.00	107.00	115.00	129.00	134.00	137.00	137.00	137.00	141.00	144.00	147.00	149.00	155.00	156.00	155.00	154.00	154.00	155.00	156.00	156.00	155.00	152.00	151.00	152.00	153.00	154.00	160.00	163.00	164.00	167.00	171.00	170.00	175.00	178.00	181.00	183.00	182.00	180.00	178.00	174.00	172.00	169.00	162.00	135.00	154.00	159.00	162.00	162.00	142.00	115.00	94.00	80.00	73.00	89.00	89.00	88.00	87.00	82.00	81.00	81.00	81.00	81.00	84.00	84.00	80.00	79.00	79.00	82.00	85.00	87.00	87.00	88.00	88.00	87.00
170.00	171.00	172.00	173.00	172.00	170.00	171.00	171.00	171.00	171.00	169.00	167.00	166.00	165.00	165.00	168.00	170.00	173.00	173.00	174.00	174.00	174.00	174.00	174.00	174.00	175.00	177.00	177.00	176.00	180.00	182.00	182.00	182.00	181.00	182.00	182.00	185.00	187.00	184.00	183.00	181.00	180.00	180.00	178.00	182.00	189.00	197.00	198.00	198.00	197.00	199.00	198.00	196.00	194.00	193.00	194.00	195.00	196.00	194.00	184.00	180.00	188.00	190.00	183.00	182.00	181.00	177.00	176.00	181.00	168.00	169.00	171.00	173.00	167.00	167.00	167.00	166.00	167.00	163.00	163.00	162.00	159.00	165.00	167.00	169.00	167.00	163.00	163.00	166.00	163.00	166.00	166.00	167.00	168.00	168.00	168.00	166.00	167.00	169.00	170.00	170.00	170.00	173.00	175.00	169.00	162.00	167.00	173.00	172.00	170.00	172.00	171.00	169.00	169.00	170.00	173.00	175.00	174.00	168.00	172.00	179.00	177.00	174.00	174.00	178.00	178.00	177.00	178.00	179.00	175.00	176.00	177.00	177.00	179.00	182.00	184.00	187.00	184.00	180.00	175.00	168.00	166.00	165.00	164.00	162.00	157.00	156.00	155.00	155.00	154.00	153.00	152.00	153.00	153.00	150.00	148.00	147.00	148.00	148.00	147.00	146.00	146.00	146.00	145.00	144.00	143.00	144.00	143.00	142.00	139.00	136.00	135.00	141.00	143.00	144.00	145.00	145.00	143.00	139.00	132.00	127.00	114.00	107.00	107.00	115.00	129.00	134.00	137.00	137.00	137.00	141.00	144.00	147.00	149.00	155.00	156.00	155.00	154.00	154.00	155.00	156.00	156.00	155.00	152.00	151.00	152.00	153.00	154.00	160.00	163.00	164.00	167.00	171.00	170.00	175.00	178.00	181.00	183.00	182.00	180.00	178.00	174.00	172.00	169.00	162.00	135.00	154.00	159.00	162.00	162.00	142.00	115.00	94.00	80.00	73.00	89.00	89.00	88.00	87.00	82.00	81.00	81.00	81.00	81.00	84.00	84.00	80.00	79.00	79.00	82.00	85.00	87.00	87.00	88.00	88.00	87.00
170.00	169.00	168.00	169.00	170.00	171.00	171.00	171.00	171.00	171.00	170.00	169.00	169.00	169.00	170.00	168.00	166.00	165.00	165.00	167.00	168.00	169.00	171.00	173.00	174.00	174.00	175.00	174.00	176.00	177.00	178.00	180.00	182.00	183.00	183.00	183.00	183.00	182.00	181.00	181.00	181.00	180.00	185.00	182.00	178.00	181.00	192.00	191.00	191.00	189.00	189.00	192.00	189.00	188.00	190.00	191.00	189.00	187.00	185.00	179.00	181.00	183.00	182.00	177.00	182.00	180.00	177.00	180.00	184.00	170.00	172.00	174.00	174.00	169.00	167.00	167.00	166.00	164.00	160.00	162.00	166.00	167.00	165.00	165.00	166.00	166.00	166.00	167.00	167.00	161.00	159.00	160.00	164.00	168.00	165.00	162.00	164.00	161.00	161.00	163.00	160.00	162.00	165.00	168.00	172.00	168.00	166.00	171.00	175.00	174.00	177.00	174.00	172.00	171.00	169.00	169.00	168.00	167.00	164.00	166.00	173.00	173.00	172.00	175.00	176.00	173.00	171.00	179.00	180.00	176.00	179.00	180.00	181.00	183.00	185.00	185.00	188.00	186.00	184.00	181.00	171.00	169.00	168.00	166.00	165.00	161.00	161.00	160.00	158.00	154.00	154.00	153.00	156.00	155.00	152.00	150.00	151.00	151.00	152.00	151.00	151.00	151.00	152.00	152.00	152.00	150.00	146.00	141.00	139.00	137.00	138.00	139.00	141.00	141.00	141.00	142.00	142.00	136.00	130.00	127.00	131.00	137.00	133.00	110.00	105.00	115.00	122.00	127.00	130.00	133.00	138.00	142.00	146.00	150.00	153.00	153.00	154.00	154.00	153.00	151.00	151.00	151.00	151.00	151.00	151.00	151.00	151.00	152.00	156.00	156.00	156.00	156.00	156.00	157.00	159.00	162.00	166.00	170.00	172.00	174.00	175.00	173.00	174.00	175.00	172.00	158.00	157.00	152.00	147.00	129.00	82.00	73.00	73.00	74.00	81.00	94.00	90.00	80.00	78.00	83.00	82.00	83.00	83.00	82.00	82.00	82.00	86.00	89.00	88.00	88.00	88.00	88.00	88.00	87.00	87.00	86.00
173.00	171.00	171.00	170.00	170.00	170.00	168.00	167.00	167.00	168.00	169.00	170.00	170.00	170.00	170.00	168.00	168.00	167.00	167.00	166.00	166.00	167.00	166.00	168.00	172.00	173.00	174.00	175.00	173.00	174.00	176.00	177.00	177.00	178.00	179.00	180.00	181.00	181.00	179.00	179.00	177.00	178.00	189.00	189.00	186.00	184.00	190.00	189.00	186.00	181.00	178.00	177.00	176.00	170.00	166.00	166.00	168.00	177.00	180.00	182.00	182.00	177.00	173.00	171.00	175.00	178.00	177.00	177.00	182.00	169.00	170.00	169.00	168.00	167.00	167.00	170.00	174.00	176.00	173.00	175.00	177.00	179.00	178.00	171.00	165.00	161.00	159.00	161.00	163.00	159.00	150.00	158.00	159.00	159.00	157.00	159.00	163.00	160.00	160.00	163.00	157.00	161.00	159.00	157.00	157.00	161.00	162.00	163.00	165.00	171.00	175.00	173.00	169.00	169.00	171.00	169.00	166.00	164.00	166.00	166.00	168.00	165.00	165.00	171.00	170.00	169.00	173.00	179.00	174.00	173.00	178.00	183.00	186.00	187.00	186.00	187.00	190.00	189.00	187.00	183.00	178.00	175.00	173.00	172.00	171.00	166.00	165.00	163.00	162.00	157.00	155.00	156.00	161.00	160.00	157.00	156.00	155.00	155.00	155.00	154.00	154.00	153.00	151.00	149.00	148.00	147.00	145.00	143.00	143.00	144.00	144.00	144.00	144.00	144.00	143.00	142.00	135.00	129.00	128.00	131.00	134.00	139.00	140.00	128.00	112.00	103.00	110.00	118.00	125.00	131.00	141.00	145.00	147.00	148.00	149.00	149.00	150.00	150.00	150.00	149.00	149.00	150.00	151.00	150.00	149.00	149.00	150.00	151.00	154.00	154.00	155.00	155.00	156.00	156.00	155.00	155.00	156.00	157.00	155.00	156.00	160.00	149.00	146.00	154.00	157.00	146.00	140.00	131.00	118.00	92.00	73.00	73.00	77.00	90.00	93.00	80.00	85.00	88.00	92.00	94.00	93.00	93.00	94.00	97.00	101.00	99.00	96.00	93.00	92.00	91.00	91.00	90.00	90.00	88.00	88.00	87.00
173.00	171.00	171.00	170.00	170.00	170.00	168.00	167.00	167.00	168.00	169.00	170.00	170.00	170.00	170.00	168.00	168.00	167.00	167.00	166.00	166.00	167.00	166.00	168.00	172.00	173.00	174.00	175.00	173.00	174.00	176.00	177.00	177.00	178.00	179.00	180.00	181.00	181.00	179.00	179.00	177.00	178.00	189.00	189.00	186.00	184.00	190.00	189.00	186.00	181.00	178.00	177.00	176.00	170.00	166.00	166.00	168.00	177.00	180.00	182.00	182.00	177.00	173.00	171.00	175.00	178.00	177.00	177.00	182.00	169.00	170.00	169.00	168.00	167.00	167.00	170.00	174.00	176.00	173.00	175.00	177.00	179.00	178.00	171.00	165.00	161.00	159.00	161.00	163.00	159.00	150.00	158.00	159.00	159.00	157.00	159.00	163.00	160.00	160.00	163.00	157.00	161.00	159.00	157.00	157.00	161.00	162.00	163.00	165.00	171.00	175.00	173.00	169.00	169.00	171.00	169.00	166.00	164.00	166.00	166.00	168.00	165.00	165.00	171.00	170.00	169.00	173.00	179.00	174.00	173.00	178.00	183.00	186.00	187.00	186.00	187.00	190.00	189.00	187.00	183.00	178.00	175.00	173.00	172.00	171.00	166.00	165.00	163.00	162.00	157.00	155.00	156.00	161.00	160.00	157.00	156.00	155.00	155.00	155.00	154.00	154.00	153.00	151.00	149.00	148.00	147.00	145.00	143.00	143.00	144.00	144.00	144.00	144.00	144.00	143.00	142.00	135.00	129.00	128.00	131.00	134.00	139.00	140.00	128.00	112.00	103.00	110.00	118.00	125.00	131.00	141.00	145.00	147.00	148.00	149.00	149.00	150.00	150.00	150.00	149.00	149.00	150.00	151.00	150.00	149.00	149.00	150.00	151.00	154.00	154.00	155.00	155.00	156.00	156.00	155.00	155.00	156.00	157.00	155.00	156.00	160.00	149.00	146.00	154.00	157.00	146.00	140.00	131.00	118.00	92.00	73.00	73.00	77.00	90.00	93.00	80.00	85.00	88.00	92.00	94.00	93.00	93.00	94.00	97.00	101.00	99.00	96.00	93.00	92.00	91.00	91.00	90.00	90.00	88.00	88.00	87.00
173.00	171.00	171.00	170.00	170.00	170.00	168.00	167.00	167.00	168.00	169.00	170.00	170.00	170.00	170.00	168.00	168.00	167.00	167.00	166.00	166.00	167.00	166.00	168.00	172.00	173.00	174.00	175.00	173.00	174.00	176.00	177.00	177.00	178.00	179.00	180.00	181.00	181.00	179.00	179.00	177.00	178.00	189.00	189.00	186.00	184.00	190.00	189.00	186.00	181.00	178.00	177.00	176.00	170.00	166.00	166.00	168.00	177.00	180.00	182.00	182.00	177.00	173.00	171.00	175.00	178.00	177.00	177.00	182.00	169.00	170.00	169.00	168.00	167.00	167.00	170.00	174.00	176.00	173.00	175.00	177.00	179.00	178.00	171.00	165.00	161.00	159.00	161.00	163.00	159.00	150.00	158.00	159.00	159.00	157.00	159.00	163.00	160.00	160.00	163.00	157.00	161.00	159.00	157.00	157.00	161.00	162.00	163.00	165.00	171.00	175.00	173.00	169.00	169.00	171.00	169.00	166.00	164.00	166.00	166.00	168.00	165.00	165.00	171.00	170.00	169.00	173.00	179.00	174.00	173.00	178.00	183.00	186.00	187.00	186.00	187.00	190.00	189.00	187.00	183.00	178.00	175.00	173.00	172.00	171.00	166.00	165.00	163.00	162.00	157.00	155.00	156.00	161.00	160.00	157.00	156.00	155.00	155.00	155.00	154.00	154.00	153.00	151.00	149.00	148.00	147.00	145.00	143.00	143.00	144.00	144.00	144.00	144.00	144.00	143.00	142.00	135.00	129.00	128.00	131.00	134.00	139.00	140.00	128.00	112.00	103.00	110.00	118.00	125.00	131.00	141.00	145.00	147.00	148.00	149.00	149.00	150.00	150.00	150.00	149.00	149.00	150.00	151.00	150.00	149.00	149.00	150.00	151.00	154.00	154.00	155.00	155.00	156.00	156.00	155.00	155.00	156.00	157.00	155.00	156.00	160.00	149.00	146.00	154.00	157.00	146.00	140.00	131.00	118.00	92.00	73.00	73.00	77.00	90.00	93.00	80.00	85.00	88.00	92.00	94.00	93.00	93.00	94.00	97.00	101.00	99.00	96.00	93.00	92.00	91.00	91.00	90.00	90.00	88.00	88.00	87.00
174.00	172.00	171.00	171.00	170.00	169.00	170.00	170.00	170.00	170.00	168.00	169.00	168.00	167.00	167.00	169.00	170.00	170.00	170.00	169.00	168.00	168.00	167.00	167.00	167.00	167.00	167.00	166.00	164.00	165.00	169.00	173.00	175.00	177.00	177.00	178.00	180.00	175.00	170.00	174.00	179.00	182.00	187.00	187.00	186.00	183.00	182.00	180.00	178.00	175.00	174.00	165.00	160.00	157.00	155.00	154.00	154.00	159.00	167.00	171.00	175.00	175.00	174.00	177.00	170.00	164.00	158.00	158.00	172.00	174.00	172.00	169.00	170.00	175.00	177.00	179.00	183.00	185.00	178.00	178.00	178.00	177.00	178.00	176.00	175.00	171.00	164.00	157.00	159.00	157.00	150.00	155.00	158.00	156.00	155.00	155.00	157.00	153.00	151.00	153.00	155.00	158.00	160.00	157.00	153.00	164.00	168.00	165.00	164.00	161.00	166.00	167.00	167.00	164.00	160.00	161.00	161.00	161.00	163.00	168.00	172.00	170.00	172.00	174.00	171.00	175.00	177.00	173.00	171.00	170.00	169.00	172.00	176.00	180.00	182.00	183.00	186.00	185.00	184.00	183.00	181.00	172.00	170.00	170.00	170.00	165.00	165.00	166.00	166.00	163.00	163.00	165.00	167.00	166.00	164.00	163.00	162.00	161.00	158.00	156.00	154.00	153.00	152.00	150.00	150.00	149.00	148.00	147.00	147.00	147.00	147.00	147.00	145.00	144.00	141.00	138.00	133.00	132.00	134.00	136.00	137.00	140.00	141.00	136.00	125.00	101.00	98.00	103.00	113.00	123.00	135.00	139.00	140.00	142.00	146.00	148.00	149.00	149.00	149.00	149.00	149.00	149.00	152.00	155.00	150.00	149.00	149.00	149.00	147.00	145.00	138.00	147.00	154.00	153.00	151.00	151.00	149.00	151.00	152.00	153.00	154.00	149.00	139.00	135.00	139.00	123.00	98.00	93.00	88.00	82.00	73.00	73.00	82.00	88.00	84.00	96.00	96.00	97.00	97.00	92.00	88.00	88.00	90.00	90.00	92.00	94.00	95.00	97.00	93.00	93.00	94.00	94.00	94.00	92.00	92.00	91.00
167.00	164.00	173.00	176.00	175.00	172.00	169.00	168.00	168.00	168.00	169.00	169.00	169.00	169.00	169.00	168.00	168.00	167.00	167.00	168.00	169.00	170.00	170.00	170.00	169.00	169.00	167.00	165.00	163.00	164.00	165.00	168.00	173.00	178.00	179.00	180.00	179.00	173.00	174.00	179.00	181.00	179.00	169.00	165.00	162.00	163.00	162.00	160.00	159.00	159.00	158.00	154.00	154.00	154.00	154.00	154.00	154.00	154.00	154.00	161.00	175.00	177.00	179.00	180.00	165.00	156.00	155.00	157.00	169.00	170.00	170.00	172.00	176.00	178.00	180.00	181.00	183.00	183.00	175.00	176.00	176.00	175.00	174.00	176.00	176.00	177.00	179.00	174.00	171.00	166.00	161.00	154.00	152.00	154.00	159.00	159.00	152.00	150.00	148.00	152.00	159.00	159.00	159.00	156.00	155.00	159.00	162.00	160.00	160.00	160.00	164.00	167.00	166.00	158.00	152.00	157.00	158.00	158.00	160.00	164.00	167.00	168.00	172.00	177.00	176.00	179.00	181.00	179.00	177.00	174.00	171.00	171.00	168.00	168.00	169.00	168.00	170.00	171.00	173.00	175.00	178.00	169.00	167.00	168.00	173.00	172.00	171.00	173.00	175.00	166.00	164.00	167.00	172.00	171.00	169.00	168.00	166.00	165.00	162.00	160.00	156.00	152.00	148.00	147.00	147.00	147.00	147.00	146.00	146.00	146.00	147.00	146.00	146.00	145.00	142.00	140.00	138.00	138.00	138.00	139.00	139.00	140.00	139.00	137.00	134.00	110.00	98.00	98.00	107.00	115.00	126.00	130.00	133.00	136.00	144.00	149.00	152.00	153.00	154.00	152.00	152.00	152.00	152.00	154.00	155.00	156.00	155.00	154.00	101.00	82.00	79.00	81.00	121.00	149.00	151.00	149.00	149.00	149.00	150.00	150.00	151.00	152.00	150.00	140.00	121.00	87.00	80.00	80.00	74.00	73.00	76.00	79.00	81.00	83.00	85.00	95.00	95.00	96.00	96.00	97.00	97.00	96.00	94.00	92.00	90.00	91.00	91.00	91.00	87.00	88.00	90.00	91.00	92.00	96.00	98.00	96.00
167.00	164.00	173.00	176.00	175.00	172.00	169.00	168.00	168.00	168.00	169.00	169.00	169.00	169.00	169.00	168.00	168.00	167.00	167.00	168.00	169.00	170.00	170.00	170.00	169.00	169.00	167.00	165.00	163.00	164.00	165.00	168.00	173.00	178.00	179.00	180.00	179.00	173.00	174.00	179.00	181.00	179.00	169.00	165.00	162.00	163.00	162.00	160.00	159.00	159.00	158.00	154.00	154.00	154.00	154.00	154.00	154.00	154.00	154.00	161.00	175.00	177.00	179.00	180.00	165.00	156.00	155.00	157.00	169.00	170.00	170.00	172.00	176.00	178.00	180.00	181.00	183.00	183.00	175.00	176.00	176.00	175.00	174.00	176.00	176.00	177.00	179.00	174.00	171.00	166.00	161.00	154.00	152.00	154.00	159.00	159.00	152.00	150.00	148.00	152.00	159.00	159.00	159.00	156.00	155.00	159.00	162.00	160.00	160.00	160.00	164.00	167.00	166.00	158.00	152.00	157.00	158.00	158.00	160.00	164.00	167.00	168.00	172.00	177.00	176.00	179.00	181.00	179.00	177.00	174.00	171.00	171.00	168.00	168.00	169.00	168.00	170.00	171.00	173.00	175.00	178.00	169.00	167.00	168.00	173.00	172.00	171.00	173.00	175.00	166.00	164.00	167.00	172.00	171.00	169.00	168.00	166.00	165.00	162.00	160.00	156.00	152.00	148.00	147.00	147.00	147.00	147.00	146.00	146.00	146.00	147.00	146.00	146.00	145.00	142.00	140.00	138.00	138.00	138.00	139.00	139.00	140.00	139.00	137.00	134.00	110.00	98.00	98.00	107.00	115.00	126.00	130.00	133.00	136.00	144.00	149.00	152.00	153.00	154.00	152.00	152.00	152.00	152.00	154.00	155.00	156.00	155.00	154.00	101.00	82.00	79.00	81.00	121.00	149.00	151.00	149.00	149.00	149.00	150.00	150.00	151.00	152.00	150.00	140.00	121.00	87.00	80.00	80.00	74.00	73.00	76.00	79.00	81.00	83.00	85.00	95.00	95.00	96.00	96.00	97.00	97.00	96.00	94.00	92.00	90.00	91.00	91.00	91.00	87.00	88.00	90.00	91.00	92.00	96.00	98.00	96.00
157.00	161.00	167.00	169.00	171.00	174.00	175.00	175.00	174.00	172.00	170.00	169.00	168.00	167.00	167.00	168.00	169.00	169.00	169.00	169.00	168.00	168.00	169.00	170.00	169.00	170.00	171.00	171.00	167.00	166.00	167.00	170.00	173.00	175.00	175.00	176.00	178.00	181.00	184.00	184.00	181.00	177.00	163.00	158.00	154.00	154.00	154.00	154.00	154.00	154.00	154.00	154.00	154.00	154.00	154.00	154.00	154.00	154.00	154.00	156.00	183.00	187.00	188.00	188.00	174.00	167.00	164.00	166.00	167.00	169.00	170.00	175.00	177.00	174.00	174.00	176.00	182.00	184.00	182.00	180.00	177.00	177.00	174.00	172.00	170.00	169.00	174.00	179.00	177.00	176.00	173.00	166.00	162.00	163.00	165.00	167.00	165.00	162.00	159.00	152.00	163.00	165.00	163.00	160.00	161.00	161.00	162.00	159.00	155.00	157.00	159.00	162.00	162.00	165.00	161.00	157.00	156.00	157.00	167.00	167.00	165.00	166.00	168.00	171.00	173.00	171.00	172.00	174.00	169.00	170.00	175.00	175.00	171.00	172.00	176.00	174.00	169.00	167.00	168.00	166.00	167.00	164.00	163.00	168.00	173.00	177.00	176.00	176.00	176.00	170.00	168.00	167.00	174.00	175.00	174.00	173.00	172.00	170.00	166.00	162.00	158.00	155.00	154.00	153.00	152.00	151.00	149.00	150.00	150.00	149.00	147.00	145.00	143.00	142.00	140.00	140.00	139.00	139.00	139.00	139.00	139.00	139.00	139.00	137.00	133.00	114.00	100.00	95.00	102.00	112.00	130.00	133.00	135.00	136.00	142.00	146.00	149.00	151.00	152.00	152.00	152.00	151.00	151.00	151.00	153.00	154.00	155.00	155.00	112.00	87.00	79.00	79.00	101.00	137.00	155.00	153.00	152.00	152.00	151.00	151.00	150.00	141.00	126.00	106.00	88.00	77.00	78.00	78.00	73.00	73.00	78.00	79.00	80.00	82.00	83.00	86.00	89.00	92.00	94.00	94.00	96.00	96.00	95.00	94.00	96.00	96.00	96.00	95.00	92.00	91.00	90.00	88.00	88.00	87.00	89.00	89.00
169.00	170.00	170.00	170.00	170.00	169.00	170.00	170.00	170.00	170.00	168.00	169.00	170.00	170.00	170.00	168.00	167.00	166.00	166.00	168.00	168.00	168.00	169.00	170.00	170.00	169.00	168.00	169.00	171.00	171.00	172.00	175.00	178.00	180.00	178.00	177.00	178.00	189.00	192.00	192.00	185.00	177.00	168.00	165.00	156.00	154.00	154.00	154.00	154.00	154.00	154.00	154.00	154.00	154.00	154.00	154.00	154.00	154.00	154.00	162.00	179.00	182.00	183.00	184.00	182.00	182.00	181.00	181.00	182.00	180.00	180.00	180.00	180.00	176.00	178.00	180.00	180.00	181.00	175.00	175.00	179.00	181.00	175.00	171.00	170.00	170.00	172.00	173.00	172.00	171.00	170.00	170.00	170.00	171.00	171.00	168.00	166.00	164.00	161.00	149.00	160.00	163.00	163.00	161.00	162.00	158.00	156.00	156.00	157.00	158.00	160.00	159.00	159.00	163.00	167.00	164.00	160.00	156.00	154.00	154.00	159.00	161.00	161.00	163.00	167.00	169.00	166.00	161.00	161.00	164.00	169.00	165.00	167.00	171.00	177.00	179.00	171.00	170.00	170.00	168.00	167.00	168.00	166.00	167.00	170.00	170.00	171.00	169.00	168.00	165.00	164.00	165.00	170.00	172.00	173.00	173.00	173.00	173.00	175.00	169.00	161.00	159.00	158.00	153.00	152.00	152.00	153.00	155.00	154.00	152.00	148.00	145.00	145.00	145.00	143.00	142.00	139.00	137.00	137.00	136.00	137.00	140.00	139.00	135.00	130.00	121.00	108.00	95.00	95.00	104.00	120.00	125.00	128.00	130.00	134.00	138.00	142.00	145.00	146.00	147.00	147.00	147.00	147.00	149.00	151.00	152.00	152.00	152.00	148.00	144.00	136.00	140.00	158.00	157.00	154.00	152.00	151.00	150.00	150.00	152.00	149.00	111.00	90.00	77.00	81.00	80.00	78.00	73.00	73.00	73.00	77.00	78.00	78.00	80.00	81.00	84.00	84.00	84.00	84.00	84.00	85.00	87.00	89.00	90.00	95.00	96.00	98.00	99.00	98.00	97.00	97.00	95.00	94.00	93.00	92.00	91.00
169.00	170.00	170.00	170.00	170.00	169.00	170.00	170.00	170.00	170.00	168.00	169.00	170.00	170.00	170.00	168.00	167.00	166.00	166.00	168.00	168.00	168.00	169.00	170.00	170.00	169.00	168.00	169.00	171.00	171.00	172.00	175.00	178.00	180.00	178.00	177.00	178.00	189.00	192.00	192.00	185.00	177.00	168.00	165.00	156.00	154.00	154.00	154.00	154.00	154.00	154.00	154.00	154.00	154.00	154.00	154.00	154.00	154.00	154.00	162.00	179.00	182.00	183.00	184.00	182.00	182.00	181.00	181.00	182.00	180.00	180.00	180.00	180.00	176.00	178.00	180.00	180.00	181.00	175.00	175.00	179.00	181.00	175.00	171.00	170.00	170.00	172.00	173.00	172.00	171.00	170.00	170.00	170.00	171.00	171.00	168.00	166.00	164.00	161.00	149.00	160.00	163.00	163.00	161.00	162.00	158.00	156.00	156.00	157.00	158.00	160.00	159.00	159.00	163.00	167.00	164.00	160.00	156.00	154.00	154.00	159.00	161.00	161.00	163.00	167.00	169.00	166.00	161.00	161.00	164.00	169.00	165.00	167.00	171.00	177.00	179.00	171.00	170.00	170.00	168.00	167.00	168.00	166.00	167.00	170.00	170.00	171.00	169.00	168.00	165.00	164.00	165.00	170.00	172.00	173.00	173.00	173.00	173.00	175.00	169.00	161.00	159.00	158.00	153.00	152.00	152.00	153.00	155.00	154.00	152.00	148.00	145.00	145.00	145.00	143.00	142.00	139.00	137.00	137.00	136.00	137.00	140.00	139.00	135.00	130.00	121.00	108.00	95.00	95.00	104.00	120.00	125.00	128.00	130.00	134.00	138.00	142.00	145.00	146.00	147.00	147.00	147.00	147.00	149.00	151.00	152.00	152.00	152.00	148.00	144.00	136.00	140.00	158.00	157.00	154.00	152.00	151.00	150.00	150.00	152.00	149.00	111.00	90.00	77.00	81.00	80.00	78.00	73.00	73.00	73.00	77.00	78.00	78.00	80.00	81.00	84.00	84.00	84.00	84.00	84.00	85.00	87.00	89.00	90.00	95.00	96.00	98.00	99.00	98.00	97.00	97.00	95.00	94.00	93.00	92.00	91.00
168.00	170.00	170.00	170.00	169.00	170.00	168.00	168.00	169.00	168.00	166.00	164.00	162.00	162.00	164.00	166.00	168.00	167.00	167.00	171.00	170.00	169.00	168.00	168.00	168.00	168.00	169.00	169.00	170.00	170.00	171.00	171.00	172.00	176.00	176.00	174.00	177.00	188.00	192.00	189.00	180.00	171.00	167.00	160.00	154.00	154.00	154.00	154.00	154.00	154.00	154.00	154.00	154.00	154.00	154.00	154.00	154.00	154.00	155.00	162.00	172.00	173.00	175.00	177.00	180.00	181.00	180.00	180.00	178.00	179.00	179.00	180.00	183.00	188.00	188.00	186.00	184.00	181.00	176.00	176.00	176.00	176.00	169.00	164.00	164.00	168.00	171.00	173.00	173.00	172.00	172.00	170.00	170.00	169.00	168.00	166.00	165.00	165.00	163.00	151.00	157.00	160.00	161.00	161.00	161.00	161.00	160.00	159.00	161.00	158.00	160.00	161.00	162.00	168.00	168.00	162.00	158.00	157.00	152.00	151.00	159.00	161.00	160.00	157.00	159.00	160.00	159.00	158.00	164.00	167.00	165.00	163.00	162.00	161.00	165.00	168.00	167.00	166.00	165.00	167.00	171.00	176.00	174.00	176.00	175.00	169.00	169.00	168.00	167.00	163.00	161.00	160.00	160.00	162.00	165.00	167.00	170.00	172.00	174.00	169.00	163.00	162.00	161.00	156.00	156.00	157.00	160.00	163.00	159.00	157.00	154.00	152.00	151.00	150.00	150.00	148.00	142.00	141.00	140.00	139.00	137.00	134.00	132.00	130.00	130.00	135.00	127.00	109.00	99.00	102.00	119.00	124.00	127.00	129.00	137.00	141.00	144.00	145.00	145.00	145.00	146.00	146.00	147.00	147.00	149.00	148.00	148.00	147.00	146.00	146.00	149.00	152.00	154.00	154.00	153.00	152.00	153.00	150.00	149.00	140.00	117.00	83.00	80.00	81.00	81.00	78.00	74.00	73.00	73.00	75.00	77.00	79.00	80.00	81.00	82.00	83.00	84.00	82.00	81.00	80.00	81.00	81.00	82.00	83.00	85.00	87.00	90.00	92.00	96.00	96.00	95.00	96.00	97.00	98.00	98.00	98.00
168.00	170.00	170.00	170.00	169.00	170.00	168.00	168.00	169.00	168.00	166.00	164.00	162.00	162.00	164.00	166.00	168.00	167.00	167.00	171.00	170.00	169.00	168.00	168.00	168.00	168.00	169.00	169.00	170.00	170.00	171.00	171.00	172.00	176.00	176.00	174.00	177.00	188.00	192.00	189.00	180.00	171.00	167.00	160.00	154.00	154.00	154.00	154.00	154.00	154.00	154.00	154.00	154.00	154.00	154.00	154.00	154.00	154.00	155.00	162.00	172.00	173.00	175.00	177.00	180.00	181.00	180.00	180.00	178.00	179.00	179.00	180.00	183.00	188.00	188.00	186.00	184.00	181.00	176.00	176.00	176.00	176.00	169.00	164.00	164.00	168.00	171.00	173.00	173.00	172.00	172.00	170.00	170.00	169.00	168.00	166.00	165.00	165.00	163.00	151.00	157.00	160.00	161.00	161.00	161.00	161.00	160.00	159.00	161.00	158.00	160.00	161.00	162.00	168.00	168.00	162.00	158.00	157.00	152.00	151.00	159.00	161.00	160.00	157.00	159.00	160.00	159.00	158.00	164.00	167.00	165.00	163.00	162.00	161.00	165.00	168.00	167.00	166.00	165.00	167.00	171.00	176.00	174.00	176.00	175.00	169.00	169.00	168.00	167.00	163.00	161.00	160.00	160.00	162.00	165.00	167.00	170.00	172.00	174.00	169.00	163.00	162.00	161.00	156.00	156.00	157.00	160.00	163.00	159.00	157.00	154.00	152.00	151.00	150.00	150.00	148.00	142.00	141.00	140.00	139.00	137.00	134.00	132.00	130.00	130.00	135.00	127.00	109.00	99.00	102.00	119.00	124.00	127.00	129.00	137.00	141.00	144.00	145.00	145.00	145.00	146.00	146.00	147.00	147.00	149.00	148.00	148.00	147.00	146.00	146.00	149.00	152.00	154.00	154.00	153.00	152.00	153.00	150.00	149.00	140.00	117.00	83.00	80.00	81.00	81.00	78.00	74.00	73.00	73.00	75.00	77.00	79.00	80.00	81.00	82.00	83.00	84.00	82.00	81.00	80.00	81.00	81.00	82.00	83.00	85.00	87.00	90.00	92.00	96.00	96.00	95.00	96.00	97.00	98.00	98.00	98.00
166.00	169.00	167.00	164.00	162.00	163.00	165.00	167.00	168.00	168.00	162.00	160.00	159.00	159.00	161.00	164.00	165.00	164.00	165.00	167.00	168.00	169.00	169.00	170.00	172.00	173.00	172.00	171.00	170.00	170.00	170.00	171.00	173.00	178.00	178.00	176.00	178.00	186.00	190.00	192.00	190.00	184.00	172.00	163.00	160.00	156.00	154.00	154.00	154.00	154.00	154.00	154.00	154.00	154.00	154.00	154.00	154.00	161.00	177.00	177.00	172.00	171.00	172.00	173.00	174.00	174.00	173.00	173.00	172.00	172.00	172.00	175.00	179.00	185.00	184.00	182.00	180.00	180.00	179.00	177.00	177.00	177.00	175.00	170.00	167.00	170.00	172.00	170.00	168.00	168.00	167.00	163.00	164.00	167.00	166.00	165.00	164.00	164.00	162.00	156.00	152.00	152.00	152.00	153.00	156.00	163.00	164.00	164.00	162.00	163.00	166.00	166.00	166.00	166.00	168.00	163.00	159.00	160.00	158.00	158.00	169.00	172.00	172.00	164.00	160.00	159.00	155.00	153.00	158.00	161.00	164.00	158.00	156.00	158.00	160.00	159.00	166.00	163.00	157.00	157.00	157.00	166.00	170.00	166.00	161.00	162.00	170.00	173.00	169.00	164.00	166.00	167.00	162.00	164.00	165.00	162.00	161.00	161.00	164.00	162.00	160.00	160.00	161.00	162.00	163.00	161.00	159.00	161.00	159.00	159.00	160.00	159.00	157.00	155.00	154.00	153.00	148.00	146.00	146.00	146.00	145.00	142.00	141.00	142.00	142.00	140.00	137.00	127.00	111.00	100.00	112.00	124.00	131.00	134.00	137.00	138.00	140.00	143.00	145.00	146.00	146.00	146.00	147.00	147.00	148.00	148.00	148.00	146.00	147.00	149.00	151.00	153.00	149.00	144.00	142.00	146.00	151.00	139.00	120.00	99.00	82.00	76.00	76.00	77.00	78.00	79.00	73.00	74.00	77.00	78.00	80.00	81.00	81.00	82.00	82.00	82.00	81.00	80.00	80.00	80.00	81.00	82.00	82.00	83.00	82.00	83.00	84.00	85.00	88.00	89.00	89.00	90.00	90.00	90.00	91.00	92.00
171.00	168.00	167.00	166.00	166.00	167.00	168.00	167.00	166.00	165.00	166.00	166.00	166.00	164.00	162.00	158.00	156.00	156.00	157.00	160.00	163.00	164.00	164.00	164.00	166.00	167.00	172.00	173.00	176.00	177.00	177.00	176.00	176.00	176.00	173.00	169.00	172.00	185.00	188.00	190.00	191.00	192.00	192.00	180.00	169.00	163.00	154.00	154.00	154.00	154.00	154.00	154.00	154.00	154.00	154.00	154.00	154.00	177.00	187.00	192.00	187.00	186.00	186.00	186.00	179.00	178.00	176.00	174.00	173.00	171.00	173.00	174.00	174.00	176.00	174.00	172.00	171.00	172.00	174.00	174.00	173.00	174.00	175.00	176.00	175.00	175.00	175.00	170.00	167.00	167.00	167.00	166.00	165.00	163.00	160.00	159.00	158.00	160.00	160.00	159.00	158.00	158.00	157.00	155.00	155.00	159.00	160.00	160.00	161.00	167.00	167.00	166.00	167.00	171.00	176.00	173.00	170.00	169.00	168.00	162.00	166.00	168.00	168.00	167.00	165.00	166.00	164.00	154.00	152.00	152.00	154.00	150.00	148.00	153.00	155.00	154.00	157.00	155.00	154.00	157.00	157.00	156.00	160.00	159.00	152.00	156.00	164.00	168.00	166.00	160.00	162.00	166.00	167.00	171.00	173.00	170.00	170.00	172.00	172.00	165.00	158.00	156.00	156.00	157.00	158.00	158.00	159.00	160.00	163.00	169.00	171.00	167.00	163.00	163.00	159.00	157.00	154.00	153.00	154.00	154.00	152.00	148.00	148.00	146.00	145.00	141.00	137.00	131.00	122.00	109.00	96.00	102.00	115.00	126.00	127.00	128.00	131.00	135.00	138.00	143.00	145.00	145.00	146.00	146.00	149.00	151.00	151.00	151.00	151.00	150.00	150.00	151.00	151.00	142.00	134.00	134.00	128.00	97.00	86.00	79.00	76.00	78.00	80.00	80.00	81.00	75.00	75.00	75.00	76.00	78.00	80.00	81.00	81.00	81.00	81.00	81.00	81.00	81.00	82.00	82.00	83.00	83.00	83.00	83.00	83.00	83.00	84.00	85.00	85.00	85.00	85.00	85.00	85.00	83.00	84.00	84.00
171.00	168.00	167.00	166.00	166.00	167.00	168.00	167.00	166.00	165.00	166.00	166.00	166.00	164.00	162.00	158.00	156.00	156.00	157.00	160.00	163.00	164.00	164.00	164.00	166.00	167.00	172.00	173.00	176.00	177.00	177.00	176.00	176.00	176.00	173.00	169.00	172.00	185.00	188.00	190.00	191.00	192.00	192.00	180.00	169.00	163.00	154.00	154.00	154.00	154.00	154.00	154.00	154.00	154.00	154.00	154.00	154.00	177.00	187.00	192.00	187.00	186.00	186.00	186.00	179.00	178.00	176.00	174.00	173.00	171.00	173.00	174.00	174.00	176.00	174.00	172.00	171.00	172.00	174.00	174.00	173.00	174.00	175.00	176.00	175.00	175.00	175.00	170.00	167.00	167.00	167.00	166.00	165.00	163.00	160.00	159.00	158.00	160.00	160.00	159.00	158.00	158.00	157.00	155.00	155.00	159.00	160.00	160.00	161.00	167.00	167.00	166.00	167.00	171.00	176.00	173.00	170.00	169.00	168.00	162.00	166.00	168.00	168.00	167.00	165.00	166.00	164.00	154.00	152.00	152.00	154.00	150.00	148.00	153.00	155.00	154.00	157.00	155.00	154.00	157.00	157.00	156.00	160.00	159.00	152.00	156.00	164.00	168.00	166.00	160.00	162.00	166.00	167.00	171.00	173.00	170.00	170.00	172.00	172.00	165.00	158.00	156.00	156.00	157.00	158.00	158.00	159.00	160.00	163.00	169.00	171.00	167.00	163.00	163.00	159.00	157.00	154.00	153.00	154.00	154.00	152.00	148.00	148.00	146.00	145.00	141.00	137.00	131.00	122.00	109.00	96.00	102.00	115.00	126.00	127.00	128.00	131.00	135.00	138.00	143.00	145.00	145.00	146.00	146.00	149.00	151.00	151.00	151.00	151.00	150.00	150.00	151.00	151.00	142.00	134.00	134.00	128.00	97.00	86.00	79.00	76.00	78.00	80.00	80.00	81.00	75.00	75.00	75.00	76.00	78.00	80.00	81.00	81.00	81.00	81.00	81.00	81.00	81.00	82.00	82.00	83.00	83.00	83.00	83.00	83.00	83.00	84.00	85.00	85.00	85.00	85.00	85.00	85.00	83.00	84.00	84.00
170.00	172.00	173.00	172.00	171.00	171.00	171.00	171.00	171.00	169.00	167.00	168.00	170.00	170.00	166.00	149.00	150.00	150.00	146.00	144.00	142.00	148.00	157.00	162.00	167.00	166.00	165.00	165.00	167.00	168.00	169.00	171.00	174.00	175.00	170.00	163.00	166.00	175.00	177.00	179.00	181.00	182.00	179.00	171.00	163.00	157.00	154.00	154.00	154.00	154.00	154.00	154.00	154.00	154.00	154.00	154.00	154.00	189.00	191.00	191.00	190.00	187.00	187.00	187.00	186.00	185.00	185.00	185.00	182.00	178.00	176.00	176.00	176.00	171.00	170.00	170.00	167.00	164.00	166.00	167.00	168.00	171.00	174.00	177.00	178.00	175.00	170.00	165.00	165.00	169.00	171.00	170.00	168.00	168.00	170.00	169.00	163.00	165.00	163.00	163.00	156.00	157.00	157.00	157.00	154.00	150.00	154.00	158.00	160.00	163.00	163.00	162.00	164.00	167.00	169.00	171.00	173.00	174.00	178.00	175.00	172.00	171.00	167.00	164.00	164.00	163.00	163.00	163.00	161.00	156.00	151.00	154.00	154.00	154.00	156.00	155.00	156.00	155.00	153.00	156.00	163.00	156.00	157.00	159.00	161.00	163.00	166.00	166.00	160.00	158.00	159.00	159.00	159.00	160.00	169.00	168.00	168.00	170.00	173.00	167.00	162.00	162.00	164.00	158.00	159.00	161.00	161.00	159.00	157.00	157.00	159.00	160.00	158.00	162.00	161.00	156.00	156.00	154.00	151.00	151.00	154.00	151.00	150.00	149.00	147.00	144.00	140.00	133.00	123.00	118.00	100.00	92.00	100.00	117.00	126.00	127.00	132.00	136.00	136.00	138.00	139.00	139.00	141.00	143.00	146.00	147.00	147.00	147.00	145.00	142.00	138.00	136.00	130.00	118.00	89.00	82.00	78.00	76.00	76.00	75.00	75.00	76.00	76.00	75.00	76.00	78.00	78.00	79.00	80.00	80.00	80.00	80.00	80.00	81.00	81.00	82.00	83.00	83.00	83.00	82.00	82.00	83.00	85.00	86.00	91.00	93.00	98.00	96.00	89.00	87.00	86.00	86.00	85.00	83.00	83.00	82.00
171.00	171.00	171.00	170.00	169.00	169.00	170.00	170.00	170.00	171.00	172.00	172.00	173.00	172.00	171.00	164.00	166.00	167.00	166.00	153.00	147.00	148.00	154.00	161.00	165.00	166.00	167.00	167.00	168.00	168.00	167.00	167.00	168.00	164.00	157.00	156.00	161.00	168.00	171.00	172.00	173.00	172.00	159.00	154.00	154.00	154.00	154.00	154.00	154.00	154.00	154.00	154.00	154.00	154.00	154.00	155.00	164.00	189.00	190.00	191.00	193.00	191.00	190.00	187.00	184.00	183.00	184.00	184.00	183.00	183.00	183.00	182.00	180.00	174.00	173.00	172.00	170.00	168.00	170.00	170.00	168.00	165.00	162.00	163.00	167.00	170.00	171.00	166.00	165.00	167.00	169.00	167.00	167.00	168.00	171.00	171.00	166.00	171.00	171.00	168.00	162.00	160.00	159.00	160.00	158.00	139.00	140.00	142.00	145.00	153.00	152.00	156.00	162.00	164.00	164.00	166.00	168.00	171.00	174.00	175.00	169.00	168.00	169.00	166.00	168.00	166.00	163.00	165.00	166.00	165.00	161.00	155.00	154.00	153.00	155.00	159.00	156.00	154.00	157.00	158.00	162.00	152.00	154.00	153.00	158.00	163.00	163.00	164.00	159.00	161.00	161.00	160.00	151.00	150.00	158.00	161.00	162.00	161.00	161.00	157.00	154.00	155.00	166.00	160.00	163.00	168.00	165.00	162.00	161.00	159.00	161.00	163.00	154.00	154.00	152.00	149.00	149.00	148.00	150.00	150.00	148.00	151.00	150.00	149.00	147.00	138.00	134.00	134.00	136.00	135.00	115.00	100.00	96.00	103.00	124.00	129.00	133.00	137.00	139.00	141.00	141.00	141.00	141.00	128.00	107.00	104.00	102.00	102.00	93.00	90.00	86.00	84.00	78.00	74.00	73.00	73.00	73.00	73.00	73.00	73.00	73.00	73.00	75.00	75.00	77.00	79.00	79.00	79.00	78.00	78.00	77.00	78.00	78.00	78.00	79.00	81.00	81.00	81.00	81.00	85.00	90.00	95.00	97.00	97.00	100.00	100.00	106.00	107.00	105.00	103.00	101.00	100.00	96.00	92.00	91.00	91.00
171.00	171.00	171.00	170.00	169.00	169.00	170.00	170.00	170.00	171.00	172.00	172.00	173.00	172.00	171.00	164.00	166.00	167.00	166.00	153.00	147.00	148.00	154.00	161.00	165.00	166.00	167.00	167.00	168.00	168.00	167.00	167.00	168.00	164.00	157.00	156.00	161.00	168.00	171.00	172.00	173.00	172.00	159.00	154.00	154.00	154.00	154.00	154.00	154.00	154.00	154.00	154.00	154.00	154.00	154.00	155.00	164.00	189.00	190.00	191.00	193.00	191.00	190.00	187.00	184.00	183.00	184.00	184.00	183.00	183.00	183.00	182.00	180.00	174.00	173.00	172.00	170.00	168.00	170.00	170.00	168.00	165.00	162.00	163.00	167.00	170.00	171.00	166.00	165.00	167.00	169.00	167.00	167.00	168.00	171.00	171.00	166.00	171.00	171.00	168.00	162.00	160.00	159.00	160.00	158.00	139.00	140.00	142.00	145.00	153.00	152.00	156.00	162.00	164.00	164.00	166.00	168.00	171.00	174.00	175.00	169.00	168.00	169.00	166.00	168.00	166.00	163.00	165.00	166.00	165.00	161.00	155.00	154.00	153.00	155.00	159.00	156.00	154.00	157.00	158.00	162.00	152.00	154.00	153.00	158.00	163.00	163.00	164.00	159.00	161.00	161.00	160.00	151.00	150.00	158.00	161.00	162.00	161.00	161.00	157.00	154.00	155.00	166.00	160.00	163.00	168.00	165.00	162.00	161.00	159.00	161.00	163.00	154.00	154.00	152.00	149.00	149.00	148.00	150.00	150.00	148.00	151.00	150.00	149.00	147.00	138.00	134.00	134.00	136.00	135.00	115.00	100.00	96.00	103.00	124.00	129.00	133.00	137.00	139.00	141.00	141.00	141.00	141.00	128.00	107.00	104.00	102.00	102.00	93.00	90.00	86.00	84.00	78.00	74.00	73.00	73.00	73.00	73.00	73.00	73.00	73.00	73.00	75.00	75.00	77.00	79.00	79.00	79.00	78.00	78.00	77.00	78.00	78.00	78.00	79.00	81.00	81.00	81.00	81.00	85.00	90.00	95.00	97.00	97.00	100.00	100.00	106.00	107.00	105.00	103.00	101.00	100.00	96.00	92.00	91.00	91.00
171.00	171.00	171.00	170.00	169.00	169.00	170.00	170.00	170.00	171.00	172.00	172.00	173.00	172.00	171.00	164.00	166.00	167.00	166.00	153.00	147.00	148.00	154.00	161.00	165.00	166.00	167.00	167.00	168.00	168.00	167.00	167.00	168.00	164.00	157.00	156.00	161.00	168.00	171.00	172.00	173.00	172.00	159.00	154.00	154.00	154.00	154.00	154.00	154.00	154.00	154.00	154.00	154.00	154.00	154.00	155.00	164.00	189.00	190.00	191.00	193.00	191.00	190.00	187.00	184.00	183.00	184.00	184.00	183.00	183.00	183.00	182.00	180.00	174.00	173.00	172.00	170.00	168.00	170.00	170.00	168.00	165.00	162.00	163.00	167.00	170.00	171.00	166.00	165.00	167.00	169.00	167.00	167.00	168.00	171.00	171.00	166.00	171.00	171.00	168.00	162.00	160.00	159.00	160.00	158.00	139.00	140.00	142.00	145.00	153.00	152.00	156.00	162.00	164.00	164.00	166.00	168.00	171.00	174.00	175.00	169.00	168.00	169.00	166.00	168.00	166.00	163.00	165.00	166.00	165.00	161.00	155.00	154.00	153.00	155.00	159.00	156.00	154.00	157.00	158.00	162.00	152.00	154.00	153.00	158.00	163.00	163.00	164.00	159.00	161.00	161.00	160.00	151.00	150.00	158.00	161.00	162.00	161.00	161.00	157.00	154.00	155.00	166.00	160.00	163.00	168.00	165.00	162.00	161.00	159.00	161.00	163.00	154.00	154.00	152.00	149.00	149.00	148.00	150.00	150.00	148.00	151.00	150.00	149.00	147.00	138.00	134.00	134.00	136.00	135.00	115.00	100.00	96.00	103.00	124.00	129.00	133.00	137.00	139.00	141.00	141.00	141.00	141.00	128.00	107.00	104.00	102.00	102.00	93.00	90.00	86.00	84.00	78.00	74.00	73.00	73.00	73.00	73.00	73.00	73.00	73.00	73.00	75.00	75.00	77.00	79.00	79.00	79.00	78.00	78.00	77.00	78.00	78.00	78.00	79.00	81.00	81.00	81.00	81.00	85.00	90.00	95.00	97.00	97.00	100.00	100.00	106.00	107.00	105.00	103.00	101.00	100.00	96.00	92.00	91.00	91.00
169.00	168.00	169.00	171.00	171.00	171.00	171.00	171.00	172.00	173.00	174.00	173.00	171.00	170.00	170.00	170.00	170.00	169.00	166.00	151.00	145.00	148.00	155.00	160.00	166.00	167.00	167.00	167.00	168.00	168.00	169.00	169.00	170.00	161.00	154.00	154.00	163.00	168.00	168.00	167.00	166.00	165.00	159.00	155.00	154.00	154.00	154.00	154.00	154.00	154.00	154.00	154.00	155.00	156.00	158.00	175.00	182.00	184.00	185.00	186.00	189.00	189.00	190.00	189.00	184.00	183.00	181.00	182.00	185.00	188.00	186.00	183.00	184.00	182.00	180.00	179.00	178.00	176.00	175.00	175.00	177.00	175.00	160.00	159.00	159.00	161.00	162.00	162.00	163.00	167.00	167.00	167.00	168.00	167.00	166.00	165.00	165.00	167.00	168.00	171.00	170.00	167.00	165.00	165.00	163.00	154.00	147.00	139.00	135.00	137.00	135.00	142.00	150.00	154.00	159.00	158.00	162.00	165.00	167.00	169.00	169.00	168.00	168.00	163.00	163.00	165.00	164.00	165.00	166.00	165.00	163.00	157.00	155.00	154.00	151.00	152.00	159.00	157.00	158.00	159.00	157.00	153.00	153.00	154.00	156.00	162.00	163.00	161.00	153.00	152.00	150.00	147.00	147.00	148.00	153.00	157.00	158.00	155.00	159.00	158.00	156.00	155.00	163.00	160.00	160.00	162.00	162.00	165.00	162.00	159.00	161.00	165.00	163.00	161.00	156.00	153.00	151.00	149.00	147.00	146.00	145.00	145.00	145.00	148.00	152.00	153.00	153.00	154.00	157.00	158.00	144.00	127.00	108.00	96.00	125.00	128.00	131.00	134.00	137.00	142.00	142.00	134.00	111.00	76.00	73.00	74.00	74.00	74.00	75.00	75.00	75.00	75.00	75.00	73.00	72.00	72.00	73.00	76.00	77.00	78.00	78.00	77.00	76.00	76.00	76.00	75.00	75.00	76.00	76.00	77.00	77.00	77.00	76.00	76.00	75.00	75.00	74.00	75.00	75.00	85.00	93.00	95.00	95.00	95.00	95.00	95.00	99.00	102.00	103.00	101.00	99.00	98.00	98.00	96.00	94.00	93.00
174.00	176.00	176.00	174.00	172.00	169.00	168.00	168.00	168.00	168.00	170.00	171.00	171.00	170.00	170.00	166.00	165.00	164.00	160.00	148.00	148.00	153.00	159.00	163.00	165.00	165.00	165.00	165.00	166.00	168.00	168.00	168.00	167.00	159.00	159.00	164.00	176.00	181.00	178.00	174.00	171.00	170.00	170.00	168.00	165.00	162.00	156.00	157.00	158.00	161.00	163.00	165.00	168.00	170.00	172.00	176.00	176.00	172.00	170.00	170.00	177.00	180.00	182.00	183.00	182.00	182.00	182.00	183.00	183.00	180.00	179.00	182.00	187.00	188.00	183.00	180.00	177.00	177.00	178.00	181.00	185.00	184.00	162.00	159.00	161.00	169.00	169.00	166.00	168.00	172.00	170.00	165.00	161.00	161.00	163.00	166.00	166.00	165.00	165.00	166.00	166.00	167.00	169.00	169.00	166.00	160.00	155.00	150.00	148.00	147.00	136.00	132.00	136.00	142.00	152.00	155.00	156.00	155.00	159.00	161.00	163.00	162.00	162.00	159.00	159.00	163.00	163.00	161.00	160.00	161.00	162.00	159.00	160.00	161.00	160.00	158.00	161.00	160.00	157.00	154.00	154.00	158.00	156.00	153.00	158.00	165.00	163.00	158.00	154.00	154.00	149.00	145.00	142.00	142.00	149.00	153.00	152.00	149.00	153.00	153.00	151.00	152.00	160.00	162.00	163.00	161.00	159.00	162.00	163.00	161.00	158.00	161.00	163.00	161.00	159.00	160.00	161.00	161.00	159.00	158.00	163.00	154.00	151.00	148.00	146.00	144.00	142.00	144.00	145.00	142.00	134.00	135.00	129.00	114.00	108.00	113.00	121.00	131.00	138.00	123.00	97.00	80.00	73.00	75.00	77.00	80.00	82.00	83.00	80.00	79.00	78.00	77.00	78.00	75.00	70.00	71.00	73.00	74.00	75.00	75.00	76.00	78.00	78.00	78.00	78.00	78.00	75.00	75.00	75.00	75.00	76.00	77.00	76.00	75.00	74.00	74.00	75.00	75.00	78.00	87.00	91.00	93.00	95.00	94.00	92.00	90.00	91.00	94.00	98.00	97.00	96.00	95.00	96.00	96.00	96.00	96.00
174.00	176.00	176.00	174.00	172.00	169.00	168.00	168.00	168.00	168.00	170.00	171.00	171.00	170.00	170.00	166.00	165.00	164.00	160.00	148.00	148.00	153.00	159.00	163.00	165.00	165.00	165.00	165.00	166.00	168.00	168.00	168.00	167.00	159.00	159.00	164.00	176.00	181.00	178.00	174.00	171.00	170.00	170.00	168.00	165.00	162.00	156.00	157.00	158.00	161.00	163.00	165.00	168.00	170.00	172.00	176.00	176.00	172.00	170.00	170.00	177.00	180.00	182.00	183.00	182.00	182.00	182.00	183.00	183.00	180.00	179.00	182.00	187.00	188.00	183.00	180.00	177.00	177.00	178.00	181.00	185.00	184.00	162.00	159.00	161.00	169.00	169.00	166.00	168.00	172.00	170.00	165.00	161.00	161.00	163.00	166.00	166.00	165.00	165.00	166.00	166.00	167.00	169.00	169.00	166.00	160.00	155.00	150.00	148.00	147.00	136.00	132.00	136.00	142.00	152.00	155.00	156.00	155.00	159.00	161.00	163.00	162.00	162.00	159.00	159.00	163.00	163.00	161.00	160.00	161.00	162.00	159.00	160.00	161.00	160.00	158.00	161.00	160.00	157.00	154.00	154.00	158.00	156.00	153.00	158.00	165.00	163.00	158.00	154.00	154.00	149.00	145.00	142.00	142.00	149.00	153.00	152.00	149.00	153.00	153.00	151.00	152.00	160.00	162.00	163.00	161.00	159.00	162.00	163.00	161.00	158.00	161.00	163.00	161.00	159.00	160.00	161.00	161.00	159.00	158.00	163.00	154.00	151.00	148.00	146.00	144.00	142.00	144.00	145.00	142.00	134.00	135.00	129.00	114.00	108.00	113.00	121.00	131.00	138.00	123.00	97.00	80.00	73.00	75.00	77.00	80.00	82.00	83.00	80.00	79.00	78.00	77.00	78.00	75.00	70.00	71.00	73.00	74.00	75.00	75.00	76.00	78.00	78.00	78.00	78.00	78.00	75.00	75.00	75.00	75.00	76.00	77.00	76.00	75.00	74.00	74.00	75.00	75.00	78.00	87.00	91.00	93.00	95.00	94.00	92.00	90.00	91.00	94.00	98.00	97.00	96.00	95.00	96.00	96.00	96.00	96.00
176.00	175.00	173.00	172.00	172.00	172.00	172.00	171.00	170.00	169.00	169.00	167.00	167.00	167.00	167.00	163.00	156.00	144.00	137.00	146.00	157.00	164.00	167.00	169.00	172.00	173.00	174.00	175.00	174.00	173.00	170.00	171.00	170.00	159.00	159.00	161.00	170.00	170.00	169.00	168.00	166.00	167.00	174.00	175.00	175.00	174.00	169.00	168.00	169.00	170.00	169.00	167.00	168.00	167.00	166.00	166.00	167.00	162.00	163.00	167.00	168.00	168.00	168.00	167.00	168.00	172.00	178.00	181.00	179.00	175.00	172.00	175.00	181.00	181.00	178.00	176.00	176.00	179.00	185.00	187.00	185.00	180.00	165.00	171.00	176.00	177.00	177.00	176.00	178.00	177.00	174.00	169.00	166.00	164.00	163.00	164.00	168.00	167.00	165.00	167.00	165.00	161.00	161.00	161.00	159.00	158.00	159.00	158.00	158.00	157.00	151.00	141.00	137.00	142.00	153.00	155.00	159.00	158.00	157.00	158.00	161.00	159.00	155.00	152.00	153.00	157.00	159.00	160.00	158.00	158.00	157.00	159.00	158.00	156.00	153.00	153.00	155.00	155.00	152.00	149.00	153.00	158.00	157.00	153.00	156.00	162.00	155.00	150.00	153.00	157.00	153.00	150.00	147.00	147.00	149.00	150.00	151.00	150.00	152.00	147.00	144.00	148.00	158.00	158.00	158.00	156.00	154.00	161.00	166.00	165.00	163.00	162.00	160.00	159.00	159.00	158.00	158.00	159.00	160.00	164.00	169.00	163.00	163.00	162.00	161.00	149.00	145.00	144.00	142.00	135.00	133.00	136.00	135.00	124.00	79.00	91.00	108.00	116.00	108.00	76.00	73.00	74.00	77.00	80.00	81.00	85.00	87.00	86.00	81.00	80.00	79.00	79.00	76.00	73.00	76.00	78.00	79.00	79.00	78.00	78.00	77.00	76.00	76.00	76.00	76.00	77.00	79.00	79.00	78.00	78.00	76.00	75.00	75.00	74.00	73.00	74.00	76.00	80.00	85.00	93.00	95.00	96.00	95.00	95.00	93.00	92.00	90.00	89.00	91.00	91.00	91.00	90.00	90.00	91.00	92.00	93.00
176.00	175.00	173.00	172.00	172.00	172.00	172.00	171.00	170.00	169.00	169.00	167.00	167.00	167.00	167.00	163.00	156.00	144.00	137.00	146.00	157.00	164.00	167.00	169.00	172.00	173.00	174.00	175.00	174.00	173.00	170.00	171.00	170.00	159.00	159.00	161.00	170.00	170.00	169.00	168.00	166.00	167.00	174.00	175.00	175.00	174.00	169.00	168.00	169.00	170.00	169.00	167.00	168.00	167.00	166.00	166.00	167.00	162.00	163.00	167.00	168.00	168.00	168.00	167.00	168.00	172.00	178.00	181.00	179.00	175.00	172.00	175.00	181.00	181.00	178.00	176.00	176.00	179.00	185.00	187.00	185.00	180.00	165.00	171.00	176.00	177.00	177.00	176.00	178.00	177.00	174.00	169.00	166.00	164.00	163.00	164.00	168.00	167.00	165.00	167.00	165.00	161.00	161.00	161.00	159.00	158.00	159.00	158.00	158.00	157.00	151.00	141.00	137.00	142.00	153.00	155.00	159.00	158.00	157.00	158.00	161.00	159.00	155.00	152.00	153.00	157.00	159.00	160.00	158.00	158.00	157.00	159.00	158.00	156.00	153.00	153.00	155.00	155.00	152.00	149.00	153.00	158.00	157.00	153.00	156.00	162.00	155.00	150.00	153.00	157.00	153.00	150.00	147.00	147.00	149.00	150.00	151.00	150.00	152.00	147.00	144.00	148.00	158.00	158.00	158.00	156.00	154.00	161.00	166.00	165.00	163.00	162.00	160.00	159.00	159.00	158.00	158.00	159.00	160.00	164.00	169.00	163.00	163.00	162.00	161.00	149.00	145.00	144.00	142.00	135.00	133.00	136.00	135.00	124.00	79.00	91.00	108.00	116.00	108.00	76.00	73.00	74.00	77.00	80.00	81.00	85.00	87.00	86.00	81.00	80.00	79.00	79.00	76.00	73.00	76.00	78.00	79.00	79.00	78.00	78.00	77.00	76.00	76.00	76.00	76.00	77.00	79.00	79.00	78.00	78.00	76.00	75.00	75.00	74.00	73.00	74.00	76.00	80.00	85.00	93.00	95.00	96.00	95.00	95.00	93.00	92.00	90.00	89.00	91.00	91.00	91.00	90.00	90.00	91.00	92.00	93.00
172.00	172.00	171.00	170.00	171.00	169.00	169.00	169.00	169.00	169.00	169.00	170.00	171.00	171.00	170.00	165.00	159.00	151.00	149.00	167.00	170.00	170.00	170.00	171.00	173.00	173.00	175.00	180.00	185.00	186.00	186.00	180.00	176.00	173.00	176.00	179.00	176.00	172.00	172.00	171.00	170.00	168.00	167.00	165.00	165.00	164.00	173.00	175.00	174.00	174.00	173.00	173.00	173.00	172.00	169.00	162.00	160.00	157.00	159.00	161.00	165.00	166.00	167.00	167.00	172.00	174.00	173.00	169.00	162.00	162.00	164.00	165.00	167.00	172.00	173.00	173.00	177.00	182.00	180.00	182.00	186.00	185.00	182.00	183.00	184.00	183.00	179.00	188.00	191.00	183.00	176.00	170.00	168.00	168.00	168.00	170.00	176.00	176.00	172.00	172.00	171.00	165.00	159.00	159.00	158.00	160.00	160.00	160.00	160.00	162.00	160.00	155.00	149.00	143.00	145.00	148.00	152.00	155.00	161.00	163.00	164.00	164.00	160.00	153.00	155.00	158.00	157.00	154.00	155.00	155.00	153.00	150.00	151.00	154.00	155.00	154.00	157.00	155.00	151.00	148.00	148.00	152.00	154.00	152.00	151.00	154.00	149.00	147.00	151.00	154.00	151.00	148.00	153.00	156.00	156.00	157.00	157.00	157.00	157.00	152.00	148.00	150.00	156.00	157.00	156.00	153.00	153.00	160.00	164.00	164.00	161.00	161.00	163.00	160.00	159.00	161.00	158.00	161.00	165.00	164.00	165.00	164.00	164.00	164.00	160.00	156.00	154.00	154.00	156.00	157.00	156.00	155.00	150.00	136.00	76.00	80.00	82.00	76.00	73.00	74.00	76.00	78.00	79.00	80.00	85.00	87.00	87.00	86.00	84.00	83.00	84.00	84.00	77.00	77.00	81.00	81.00	81.00	80.00	79.00	80.00	80.00	79.00	77.00	77.00	77.00	78.00	78.00	78.00	78.00	77.00	76.00	75.00	75.00	75.00	74.00	79.00	84.00	90.00	93.00	97.00	97.00	97.00	95.00	94.00	93.00	94.00	93.00	91.00	88.00	88.00	87.00	86.00	86.00	87.00	89.00	91.00
172.00	172.00	171.00	170.00	171.00	169.00	169.00	169.00	169.00	169.00	169.00	170.00	171.00	171.00	170.00	165.00	159.00	151.00	149.00	167.00	170.00	170.00	170.00	171.00	173.00	173.00	175.00	180.00	185.00	186.00	186.00	180.00	176.00	173.00	176.00	179.00	176.00	172.00	172.00	171.00	170.00	168.00	167.00	165.00	165.00	164.00	173.00	175.00	174.00	174.00	173.00	173.00	173.00	172.00	169.00	162.00	160.00	157.00	159.00	161.00	165.00	166.00	167.00	167.00	172.00	174.00	173.00	169.00	162.00	162.00	164.00	165.00	167.00	172.00	173.00	173.00	177.00	182.00	180.00	182.00	186.00	185.00	182.00	183.00	184.00	183.00	179.00	188.00	191.00	183.00	176.00	170.00	168.00	168.00	168.00	170.00	176.00	176.00	172.00	172.00	171.00	165.00	159.00	159.00	158.00	160.00	160.00	160.00	160.00	162.00	160.00	155.00	149.00	143.00	145.00	148.00	152.00	155.00	161.00	163.00	164.00	164.00	160.00	153.00	155.00	158.00	157.00	154.00	155.00	155.00	153.00	150.00	151.00	154.00	155.00	154.00	157.00	155.00	151.00	148.00	148.00	152.00	154.00	152.00	151.00	154.00	149.00	147.00	151.00	154.00	151.00	148.00	153.00	156.00	156.00	157.00	157.00	157.00	157.00	152.00	148.00	150.00	156.00	157.00	156.00	153.00	153.00	160.00	164.00	164.00	161.00	161.00	163.00	160.00	159.00	161.00	158.00	161.00	165.00	164.00	165.00	164.00	164.00	164.00	160.00	156.00	154.00	154.00	156.00	157.00	156.00	155.00	150.00	136.00	76.00	80.00	82.00	76.00	73.00	74.00	76.00	78.00	79.00	80.00	85.00	87.00	87.00	86.00	84.00	83.00	84.00	84.00	77.00	77.00	81.00	81.00	81.00	80.00	79.00	80.00	80.00	79.00	77.00	77.00	77.00	78.00	78.00	78.00	78.00	77.00	76.00	75.00	75.00	75.00	74.00	79.00	84.00	90.00	93.00	97.00	97.00	97.00	95.00	94.00	93.00	94.00	93.00	91.00	88.00	88.00	87.00	86.00	86.00	87.00	89.00	91.00
170.00	170.00	168.00	168.00	167.00	165.00	167.00	168.00	167.00	166.00	167.00	168.00	169.00	170.00	170.00	156.00	152.00	157.00	167.00	171.00	172.00	173.00	174.00	175.00	175.00	176.00	177.00	178.00	178.00	179.00	179.00	178.00	178.00	184.00	187.00	190.00	183.00	185.00	187.00	184.00	182.00	181.00	178.00	173.00	167.00	165.00	171.00	171.00	170.00	169.00	168.00	168.00	170.00	171.00	171.00	170.00	171.00	169.00	168.00	166.00	163.00	163.00	163.00	162.00	165.00	168.00	169.00	163.00	156.00	158.00	159.00	160.00	162.00	164.00	164.00	165.00	167.00	170.00	173.00	177.00	180.00	181.00	179.00	179.00	178.00	177.00	179.00	186.00	188.00	182.00	177.00	181.00	177.00	175.00	176.00	175.00	177.00	178.00	173.00	172.00	172.00	168.00	167.00	167.00	168.00	167.00	164.00	164.00	165.00	163.00	162.00	160.00	158.00	154.00	147.00	145.00	145.00	147.00	158.00	161.00	164.00	165.00	163.00	157.00	156.00	158.00	157.00	156.00	156.00	154.00	151.00	151.00	151.00	152.00	152.00	152.00	151.00	151.00	151.00	148.00	142.00	145.00	147.00	147.00	146.00	139.00	140.00	144.00	147.00	152.00	151.00	149.00	153.00	155.00	156.00	158.00	160.00	159.00	159.00	159.00	157.00	156.00	157.00	159.00	160.00	159.00	158.00	160.00	159.00	161.00	160.00	159.00	157.00	156.00	159.00	160.00	165.00	165.00	167.00	168.00	163.00	167.00	167.00	163.00	159.00	156.00	149.00	150.00	154.00	158.00	172.00	171.00	154.00	123.00	76.00	74.00	73.00	73.00	73.00	76.00	76.00	78.00	78.00	78.00	83.00	85.00	85.00	84.00	80.00	79.00	80.00	80.00	78.00	85.00	93.00	90.00	85.00	82.00	81.00	81.00	80.00	79.00	80.00	81.00	79.00	77.00	75.00	75.00	75.00	75.00	74.00	74.00	74.00	74.00	76.00	89.00	92.00	95.00	96.00	98.00	99.00	98.00	97.00	96.00	94.00	95.00	97.00	95.00	91.00	89.00	87.00	86.00	86.00	87.00	88.00	89.00
170.00	170.00	168.00	168.00	167.00	165.00	167.00	168.00	167.00	166.00	167.00	168.00	169.00	170.00	170.00	156.00	152.00	157.00	167.00	171.00	172.00	173.00	174.00	175.00	175.00	176.00	177.00	178.00	178.00	179.00	179.00	178.00	178.00	184.00	187.00	190.00	183.00	185.00	187.00	184.00	182.00	181.00	178.00	173.00	167.00	165.00	171.00	171.00	170.00	169.00	168.00	168.00	170.00	171.00	171.00	170.00	171.00	169.00	168.00	166.00	163.00	163.00	163.00	162.00	165.00	168.00	169.00	163.00	156.00	158.00	159.00	160.00	162.00	164.00	164.00	165.00	167.00	170.00	173.00	177.00	180.00	181.00	179.00	179.00	178.00	177.00	179.00	186.00	188.00	182.00	177.00	181.00	177.00	175.00	176.00	175.00	177.00	178.00	173.00	172.00	172.00	168.00	167.00	167.00	168.00	167.00	164.00	164.00	165.00	163.00	162.00	160.00	158.00	154.00	147.00	145.00	145.00	147.00	158.00	161.00	164.00	165.00	163.00	157.00	156.00	158.00	157.00	156.00	156.00	154.00	151.00	151.00	151.00	152.00	152.00	152.00	151.00	151.00	151.00	148.00	142.00	145.00	147.00	147.00	146.00	139.00	140.00	144.00	147.00	152.00	151.00	149.00	153.00	155.00	156.00	158.00	160.00	159.00	159.00	159.00	157.00	156.00	157.00	159.00	160.00	159.00	158.00	160.00	159.00	161.00	160.00	159.00	157.00	156.00	159.00	160.00	165.00	165.00	167.00	168.00	163.00	167.00	167.00	163.00	159.00	156.00	149.00	150.00	154.00	158.00	172.00	171.00	154.00	123.00	76.00	74.00	73.00	73.00	73.00	76.00	76.00	78.00	78.00	78.00	83.00	85.00	85.00	84.00	80.00	79.00	80.00	80.00	78.00	85.00	93.00	90.00	85.00	82.00	81.00	81.00	80.00	79.00	80.00	81.00	79.00	77.00	75.00	75.00	75.00	75.00	74.00	74.00	74.00	74.00	76.00	89.00	92.00	95.00	96.00	98.00	99.00	98.00	97.00	96.00	94.00	95.00	97.00	95.00	91.00	89.00	87.00	86.00	86.00	87.00	88.00	89.00
173.00	170.00	169.00	168.00	167.00	164.00	164.00	165.00	165.00	163.00	165.00	167.00	167.00	166.00	162.00	145.00	150.00	157.00	164.00	169.00	169.00	170.00	171.00	170.00	172.00	174.00	175.00	175.00	183.00	184.00	184.00	187.00	187.00	187.00	187.00	187.00	187.00	187.00	188.00	185.00	184.00	186.00	189.00	189.00	185.00	185.00	178.00	175.00	173.00	170.00	168.00	167.00	166.00	166.00	166.00	166.00	166.00	168.00	169.00	169.00	171.00	173.00	173.00	173.00	168.00	164.00	162.00	159.00	154.00	154.00	157.00	160.00	164.00	165.00	162.00	162.00	162.00	164.00	165.00	163.00	162.00	164.00	167.00	167.00	168.00	171.00	174.00	178.00	180.00	177.00	176.00	182.00	181.00	179.00	179.00	176.00	175.00	178.00	173.00	172.00	173.00	170.00	174.00	176.00	177.00	173.00	168.00	170.00	173.00	169.00	164.00	162.00	162.00	161.00	159.00	156.00	147.00	138.00	147.00	153.00	158.00	160.00	160.00	155.00	152.00	151.00	154.00	154.00	155.00	154.00	155.00	154.00	156.00	156.00	155.00	154.00	149.00	150.00	149.00	148.00	143.00	143.00	142.00	144.00	145.00	134.00	136.00	143.00	146.00	151.00	151.00	150.00	152.00	153.00	159.00	161.00	160.00	157.00	154.00	153.00	152.00	154.00	156.00	161.00	162.00	162.00	160.00	165.00	166.00	168.00	168.00	166.00	156.00	156.00	159.00	155.00	155.00	157.00	156.00	153.00	147.00	148.00	147.00	147.00	150.00	153.00	148.00	150.00	153.00	151.00	151.00	147.00	128.00	99.00	73.00	73.00	73.00	73.00	72.00	71.00	73.00	73.00	75.00	77.00	77.00	77.00	77.00	76.00	78.00	79.00	79.00	77.00	83.00	87.00	89.00	90.00	87.00	85.00	85.00	85.00	84.00	85.00	86.00	83.00	80.00	79.00	77.00	77.00	77.00	77.00	76.00	78.00	81.00	85.00	88.00	93.00	94.00	94.00	93.00	90.00	90.00	91.00	92.00	92.00	95.00	97.00	97.00	96.00	92.00	91.00	90.00	89.00	88.00	86.00	86.00	86.00
172.00	166.00	165.00	167.00	168.00	168.00	164.00	161.00	160.00	162.00	161.00	162.00	161.00	158.00	153.00	139.00	151.00	160.00	166.00	168.00	168.00	168.00	167.00	167.00	166.00	168.00	170.00	173.00	175.00	174.00	176.00	180.00	182.00	182.00	182.00	182.00	184.00	184.00	185.00	185.00	186.00	187.00	187.00	186.00	186.00	186.00	183.00	181.00	182.00	182.00	183.00	179.00	174.00	173.00	174.00	167.00	168.00	171.00	170.00	170.00	172.00	173.00	172.00	171.00	172.00	172.00	172.00	172.00	169.00	165.00	165.00	167.00	167.00	160.00	156.00	154.00	157.00	158.00	162.00	164.00	165.00	165.00	167.00	164.00	161.00	161.00	162.00	166.00	168.00	171.00	174.00	181.00	182.00	181.00	177.00	173.00	178.00	179.00	172.00	171.00	173.00	174.00	175.00	174.00	172.00	176.00	176.00	176.00	176.00	176.00	173.00	174.00	174.00	173.00	169.00	167.00	161.00	150.00	133.00	142.00	154.00	158.00	159.00	154.00	152.00	150.00	151.00	153.00	154.00	152.00	151.00	155.00	157.00	156.00	154.00	153.00	151.00	152.00	152.00	151.00	147.00	145.00	143.00	146.00	146.00	125.00	123.00	131.00	136.00	144.00	146.00	149.00	150.00	152.00	155.00	155.00	154.00	152.00	150.00	150.00	151.00	152.00	156.00	160.00	160.00	159.00	160.00	166.00	166.00	167.00	167.00	166.00	154.00	156.00	160.00	156.00	135.00	128.00	118.00	105.00	98.00	90.00	89.00	89.00	95.00	101.00	100.00	101.00	103.00	99.00	94.00	89.00	78.00	73.00	73.00	74.00	73.00	74.00	73.00	74.00	73.00	73.00	74.00	81.00	80.00	78.00	79.00	79.00	77.00	76.00	78.00	79.00	79.00	79.00	79.00	80.00	81.00	85.00	84.00	82.00	83.00	87.00	86.00	85.00	85.00	82.00	82.00	85.00	88.00	89.00	90.00	91.00	92.00	94.00	95.00	94.00	96.00	95.00	93.00	83.00	82.00	84.00	87.00	88.00	90.00	91.00	91.00	91.00	91.00	92.00	92.00	92.00	91.00	91.00	91.00	90.00
172.00	166.00	165.00	167.00	168.00	168.00	164.00	161.00	160.00	162.00	161.00	162.00	161.00	158.00	153.00	139.00	151.00	160.00	166.00	168.00	168.00	168.00	167.00	167.00	166.00	168.00	170.00	173.00	175.00	174.00	176.00	180.00	182.00	182.00	182.00	182.00	184.00	184.00	185.00	185.00	186.00	187.00	187.00	186.00	186.00	186.00	183.00	181.00	182.00	182.00	183.00	179.00	174.00	173.00	174.00	167.00	168.00	171.00	170.00	170.00	172.00	173.00	172.00	171.00	172.00	172.00	172.00	172.00	169.00	165.00	165.00	167.00	167.00	160.00	156.00	154.00	157.00	158.00	162.00	164.00	165.00	165.00	167.00	164.00	161.00	161.00	162.00	166.00	168.00	171.00	174.00	181.00	182.00	181.00	177.00	173.00	178.00	179.00	172.00	171.00	173.00	174.00	175.00	174.00	172.00	176.00	176.00	176.00	176.00	176.00	173.00	174.00	174.00	173.00	169.00	167.00	161.00	150.00	133.00	142.00	154.00	158.00	159.00	154.00	152.00	150.00	151.00	153.00	154.00	152.00	151.00	155.00	157.00	156.00	154.00	153.00	151.00	152.00	152.00	151.00	147.00	145.00	143.00	146.00	146.00	125.00	123.00	131.00	136.00	144.00	146.00	149.00	150.00	152.00	155.00	155.00	154.00	152.00	150.00	150.00	151.00	152.00	156.00	160.00	160.00	159.00	160.00	166.00	166.00	167.00	167.00	166.00	154.00	156.00	160.00	156.00	135.00	128.00	118.00	105.00	98.00	90.00	89.00	89.00	95.00	101.00	100.00	101.00	103.00	99.00	94.00	89.00	78.00	73.00	73.00	74.00	73.00	74.00	73.00	74.00	73.00	73.00	74.00	81.00	80.00	78.00	79.00	79.00	77.00	76.00	78.00	79.00	79.00	79.00	79.00	80.00	81.00	85.00	84.00	82.00	83.00	87.00	86.00	85.00	85.00	82.00	82.00	85.00	88.00	89.00	90.00	91.00	92.00	94.00	95.00	94.00	96.00	95.00	93.00	83.00	82.00	84.00	87.00	88.00	90.00	91.00	91.00	91.00	91.00	92.00	92.00	92.00	91.00	91.00	91.00	90.00
167.00	163.00	167.00	171.00	171.00	171.00	166.00	162.00	160.00	160.00	160.00	160.00	159.00	158.00	151.00	141.00	151.00	154.00	157.00	162.00	163.00	162.00	161.00	160.00	164.00	167.00	170.00	171.00	173.00	174.00	175.00	176.00	176.00	176.00	176.00	177.00	177.00	178.00	179.00	180.00	181.00	182.00	183.00	183.00	183.00	183.00	180.00	178.00	178.00	180.00	182.00	183.00	182.00	181.00	180.00	174.00	175.00	179.00	181.00	182.00	184.00	184.00	184.00	183.00	183.00	183.00	182.00	181.00	178.00	176.00	177.00	180.00	183.00	184.00	184.00	182.00	182.00	179.00	176.00	177.00	176.00	173.00	176.00	178.00	177.00	177.00	178.00	180.00	182.00	174.00	168.00	160.00	164.00	167.00	168.00	168.00	175.00	178.00	175.00	176.00	180.00	181.00	179.00	177.00	173.00	173.00	176.00	177.00	176.00	172.00	173.00	173.00	174.00	175.00	181.00	182.00	176.00	162.00	129.00	138.00	156.00	159.00	160.00	159.00	157.00	157.00	154.00	152.00	153.00	152.00	149.00	150.00	152.00	154.00	152.00	152.00	153.00	153.00	153.00	150.00	147.00	149.00	150.00	151.00	147.00	125.00	129.00	136.00	140.00	142.00	142.00	143.00	145.00	145.00	144.00	147.00	148.00	149.00	152.00	153.00	152.00	148.00	152.00	153.00	153.00	154.00	156.00	160.00	159.00	159.00	162.00	163.00	140.00	132.00	123.00	109.00	90.00	84.00	81.00	83.00	84.00	83.00	85.00	79.00	77.00	77.00	78.00	75.00	72.00	73.00	75.00	74.00	74.00	74.00	74.00	76.00	78.00	79.00	79.00	78.00	75.00	77.00	79.00	74.00	76.00	77.00	78.00	77.00	81.00	84.00	86.00	86.00	84.00	82.00	80.00	79.00	80.00	80.00	81.00	82.00	82.00	81.00	80.00	81.00	80.00	90.00	104.00	106.00	107.00	105.00	101.00	101.00	100.00	101.00	100.00	100.00	96.00	94.00	92.00	88.00	89.00	91.00	93.00	93.00	91.00	91.00	89.00	89.00	89.00	89.00	90.00	91.00	90.00	90.00	89.00	86.00
167.00	163.00	167.00	171.00	171.00	171.00	166.00	162.00	160.00	160.00	160.00	160.00	159.00	158.00	151.00	141.00	151.00	154.00	157.00	162.00	163.00	162.00	161.00	160.00	164.00	167.00	170.00	171.00	173.00	174.00	175.00	176.00	176.00	176.00	176.00	177.00	177.00	178.00	179.00	180.00	181.00	182.00	183.00	183.00	183.00	183.00	180.00	178.00	178.00	180.00	182.00	183.00	182.00	181.00	180.00	174.00	175.00	179.00	181.00	182.00	184.00	184.00	184.00	183.00	183.00	183.00	182.00	181.00	178.00	176.00	177.00	180.00	183.00	184.00	184.00	182.00	182.00	179.00	176.00	177.00	176.00	173.00	176.00	178.00	177.00	177.00	178.00	180.00	182.00	174.00	168.00	160.00	164.00	167.00	168.00	168.00	175.00	178.00	175.00	176.00	180.00	181.00	179.00	177.00	173.00	173.00	176.00	177.00	176.00	172.00	173.00	173.00	174.00	175.00	181.00	182.00	176.00	162.00	129.00	138.00	156.00	159.00	160.00	159.00	157.00	157.00	154.00	152.00	153.00	152.00	149.00	150.00	152.00	154.00	152.00	152.00	153.00	153.00	153.00	150.00	147.00	149.00	150.00	151.00	147.00	125.00	129.00	136.00	140.00	142.00	142.00	143.00	145.00	145.00	144.00	147.00	148.00	149.00	152.00	153.00	152.00	148.00	152.00	153.00	153.00	154.00	156.00	160.00	159.00	159.00	162.00	163.00	140.00	132.00	123.00	109.00	90.00	84.00	81.00	83.00	84.00	83.00	85.00	79.00	77.00	77.00	78.00	75.00	72.00	73.00	75.00	74.00	74.00	74.00	74.00	76.00	78.00	79.00	79.00	78.00	75.00	77.00	79.00	74.00	76.00	77.00	78.00	77.00	81.00	84.00	86.00	86.00	84.00	82.00	80.00	79.00	80.00	80.00	81.00	82.00	82.00	81.00	80.00	81.00	80.00	90.00	104.00	106.00	107.00	105.00	101.00	101.00	100.00	101.00	100.00	100.00	96.00	94.00	92.00	88.00	89.00	91.00	93.00	93.00	91.00	91.00	89.00	89.00	89.00	89.00	90.00	91.00	90.00	90.00	89.00	86.00
163.00	165.00	168.00	169.00	169.00	168.00	165.00	162.00	158.00	155.00	154.00	154.00	153.00	152.00	147.00	143.00	147.00	148.00	149.00	157.00	159.00	160.00	159.00	158.00	159.00	162.00	167.00	168.00	170.00	171.00	171.00	171.00	170.00	171.00	174.00	175.00	176.00	175.00	177.00	177.00	178.00	178.00	179.00	181.00	181.00	181.00	178.00	176.00	178.00	181.00	182.00	180.00	179.00	177.00	171.00	170.00	173.00	180.00	181.00	180.00	179.00	179.00	179.00	180.00	182.00	183.00	182.00	180.00	176.00	175.00	175.00	175.00	178.00	180.00	179.00	177.00	175.00	171.00	179.00	183.00	182.00	180.00	175.00	174.00	173.00	175.00	178.00	181.00	179.00	162.00	157.00	160.00	162.00	164.00	165.00	165.00	167.00	169.00	169.00	162.00	171.00	174.00	170.00	165.00	164.00	174.00	176.00	177.00	172.00	174.00	177.00	178.00	177.00	174.00	177.00	180.00	174.00	155.00	134.00	147.00	155.00	155.00	160.00	167.00	165.00	164.00	161.00	157.00	155.00	153.00	151.00	149.00	149.00	150.00	149.00	148.00	146.00	145.00	143.00	142.00	146.00	149.00	150.00	151.00	150.00	137.00	128.00	133.00	142.00	147.00	147.00	145.00	144.00	143.00	143.00	144.00	143.00	139.00	145.00	146.00	140.00	139.00	146.00	142.00	142.00	145.00	149.00	152.00	151.00	150.00	143.00	136.00	98.00	97.00	95.00	92.00	94.00	91.00	87.00	86.00	85.00	84.00	84.00	80.00	80.00	85.00	86.00	83.00	80.00	81.00	74.00	74.00	74.00	74.00	78.00	79.00	78.00	78.00	77.00	73.00	73.00	75.00	74.00	72.00	78.00	81.00	80.00	79.00	84.00	84.00	81.00	80.00	81.00	80.00	78.00	78.00	81.00	83.00	84.00	83.00	82.00	82.00	81.00	80.00	81.00	91.00	97.00	98.00	100.00	101.00	102.00	102.00	101.00	101.00	103.00	100.00	96.00	90.00	91.00	98.00	101.00	102.00	97.00	96.00	89.00	90.00	88.00	88.00	90.00	92.00	92.00	92.00	92.00	89.00	86.00	82.00
163.00	165.00	168.00	169.00	169.00	168.00	165.00	162.00	158.00	155.00	154.00	154.00	153.00	152.00	147.00	143.00	147.00	148.00	149.00	157.00	159.00	160.00	159.00	158.00	159.00	162.00	167.00	168.00	170.00	171.00	171.00	171.00	170.00	171.00	174.00	175.00	176.00	175.00	177.00	177.00	178.00	178.00	179.00	181.00	181.00	181.00	178.00	176.00	178.00	181.00	182.00	180.00	179.00	177.00	171.00	170.00	173.00	180.00	181.00	180.00	179.00	179.00	179.00	180.00	182.00	183.00	182.00	180.00	176.00	175.00	175.00	175.00	178.00	180.00	179.00	177.00	175.00	171.00	179.00	183.00	182.00	180.00	175.00	174.00	173.00	175.00	178.00	181.00	179.00	162.00	157.00	160.00	162.00	164.00	165.00	165.00	167.00	169.00	169.00	162.00	171.00	174.00	170.00	165.00	164.00	174.00	176.00	177.00	172.00	174.00	177.00	178.00	177.00	174.00	177.00	180.00	174.00	155.00	134.00	147.00	155.00	155.00	160.00	167.00	165.00	164.00	161.00	157.00	155.00	153.00	151.00	149.00	149.00	150.00	149.00	148.00	146.00	145.00	143.00	142.00	146.00	149.00	150.00	151.00	150.00	137.00	128.00	133.00	142.00	147.00	147.00	145.00	144.00	143.00	143.00	144.00	143.00	139.00	145.00	146.00	140.00	139.00	146.00	142.00	142.00	145.00	149.00	152.00	151.00	150.00	143.00	136.00	98.00	97.00	95.00	92.00	94.00	91.00	87.00	86.00	85.00	84.00	84.00	80.00	80.00	85.00	86.00	83.00	80.00	81.00	74.00	74.00	74.00	74.00	78.00	79.00	78.00	78.00	77.00	73.00	73.00	75.00	74.00	72.00	78.00	81.00	80.00	79.00	84.00	84.00	81.00	80.00	81.00	80.00	78.00	78.00	81.00	83.00	84.00	83.00	82.00	82.00	81.00	80.00	81.00	91.00	97.00	98.00	100.00	101.00	102.00	102.00	101.00	101.00	103.00	100.00	96.00	90.00	91.00	98.00	101.00	102.00	97.00	96.00	89.00	90.00	88.00	88.00	90.00	92.00	92.00	92.00	92.00	89.00	86.00	82.00
166.00	166.00	167.00	168.00	170.00	167.00	162.00	158.00	152.00	149.00	144.00	144.00	145.00	145.00	142.00	142.00	146.00	148.00	150.00	155.00	157.00	160.00	162.00	163.00	165.00	165.00	166.00	166.00	162.00	164.00	165.00	166.00	167.00	169.00	173.00	175.00	175.00	177.00	177.00	178.00	178.00	176.00	172.00	172.00	173.00	176.00	177.00	176.00	175.00	176.00	176.00	176.00	177.00	176.00	168.00	167.00	175.00	180.00	182.00	182.00	182.00	184.00	185.00	184.00	180.00	179.00	177.00	175.00	175.00	175.00	175.00	173.00	176.00	179.00	179.00	178.00	178.00	176.00	169.00	174.00	177.00	179.00	178.00	177.00	176.00	176.00	177.00	180.00	173.00	155.00	151.00	157.00	156.00	157.00	159.00	161.00	166.00	169.00	168.00	159.00	162.00	158.00	149.00	140.00	140.00	160.00	165.00	164.00	162.00	176.00	177.00	175.00	173.00	171.00	165.00	166.00	170.00	163.00	131.00	142.00	156.00	150.00	152.00	166.00	171.00	172.00	168.00	164.00	164.00	162.00	158.00	148.00	150.00	150.00	148.00	146.00	142.00	140.00	140.00	139.00	143.00	144.00	143.00	144.00	146.00	142.00	132.00	131.00	136.00	143.00	145.00	146.00	149.00	150.00	146.00	144.00	140.00	140.00	147.00	147.00	136.00	130.00	135.00	130.00	125.00	126.00	124.00	114.00	105.00	99.00	94.00	91.00	88.00	92.00	92.00	90.00	97.00	99.00	99.00	96.00	94.00	83.00	82.00	81.00	79.00	81.00	78.00	78.00	78.00	80.00	74.00	74.00	74.00	74.00	79.00	74.00	70.00	69.00	67.00	68.00	71.00	77.00	80.00	79.00	79.00	81.00	82.00	81.00	80.00	82.00	83.00	82.00	82.00	81.00	79.00	80.00	82.00	84.00	82.00	81.00	80.00	85.00	89.00	93.00	96.00	94.00	93.00	94.00	93.00	93.00	97.00	99.00	98.00	97.00	100.00	91.00	93.00	102.00	110.00	107.00	103.00	99.00	91.00	89.00	96.00	92.00	89.00	88.00	93.00	97.00	97.00	95.00	94.00	90.00	88.00	85.00
166.00	165.00	165.00	164.00	164.00	162.00	160.00	155.00	150.00	146.00	144.00	141.00	139.00	137.00	128.00	141.00	144.00	144.00	146.00	150.00	151.00	152.00	156.00	160.00	166.00	168.00	169.00	171.00	165.00	164.00	166.00	168.00	168.00	168.00	168.00	168.00	165.00	171.00	174.00	174.00	171.00	169.00	170.00	171.00	174.00	177.00	178.00	178.00	178.00	178.00	178.00	177.00	177.00	176.00	173.00	170.00	173.00	175.00	180.00	185.00	187.00	188.00	190.00	190.00	189.00	188.00	186.00	183.00	179.00	178.00	177.00	177.00	179.00	180.00	181.00	179.00	177.00	175.00	165.00	166.00	171.00	174.00	175.00	175.00	175.00	174.00	175.00	179.00	177.00	160.00	161.00	160.00	159.00	156.00	156.00	160.00	164.00	161.00	157.00	153.00	157.00	151.00	140.00	140.00	140.00	157.00	155.00	152.00	154.00	164.00	165.00	166.00	166.00	165.00	159.00	157.00	156.00	157.00	134.00	126.00	152.00	156.00	157.00	157.00	160.00	166.00	166.00	169.00	169.00	167.00	164.00	157.00	155.00	154.00	155.00	155.00	147.00	141.00	137.00	136.00	138.00	140.00	139.00	138.00	139.00	140.00	138.00	136.00	134.00	136.00	137.00	140.00	147.00	148.00	147.00	147.00	146.00	142.00	137.00	131.00	121.00	112.00	100.00	90.00	87.00	86.00	82.00	79.00	79.00	78.00	80.00	81.00	81.00	86.00	88.00	91.00	93.00	93.00	91.00	89.00	87.00	89.00	90.00	82.00	78.00	74.00	73.00	75.00	80.00	76.00	74.00	74.00	74.00	77.00	74.00	69.00	69.00	71.00	73.00	79.00	81.00	81.00	80.00	79.00	77.00	77.00	78.00	78.00	77.00	78.00	78.00	77.00	77.00	79.00	79.00	78.00	78.00	80.00	79.00	82.00	86.00	91.00	93.00	95.00	94.00	94.00	101.00	104.00	104.00	106.00	102.00	99.00	98.00	97.00	97.00	95.00	91.00	91.00	96.00	103.00	103.00	104.00	103.00	94.00	93.00	98.00	90.00	90.00	104.00	106.00	105.00	101.00	96.00	91.00	89.00	89.00
166.00	165.00	165.00	164.00	164.00	162.00	160.00	155.00	150.00	146.00	144.00	141.00	139.00	137.00	128.00	141.00	144.00	144.00	146.00	150.00	151.00	152.00	156.00	160.00	166.00	168.00	169.00	171.00	165.00	164.00	166.00	168.00	168.00	168.00	168.00	168.00	165.00	171.00	174.00	174.00	171.00	169.00	170.00	171.00	174.00	177.00	178.00	178.00	178.00	178.00	178.00	177.00	177.00	176.00	173.00	170.00	173.00	175.00	180.00	185.00	187.00	188.00	190.00	190.00	189.00	188.00	186.00	183.00	179.00	178.00	177.00	177.00	179.00	180.00	181.00	179.00	177.00	175.00	165.00	166.00	171.00	174.00	175.00	175.00	175.00	174.00	175.00	179.00	177.00	160.00	161.00	160.00	159.00	156.00	156.00	160.00	164.00	161.00	157.00	153.00	157.00	151.00	140.00	140.00	140.00	157.00	155.00	152.00	154.00	164.00	165.00	166.00	166.00	165.00	159.00	157.00	156.00	157.00	134.00	126.00	152.00	156.00	157.00	157.00	160.00	166.00	166.00	169.00	169.00	167.00	164.00	157.00	155.00	154.00	155.00	155.00	147.00	141.00	137.00	136.00	138.00	140.00	139.00	138.00	139.00	140.00	138.00	136.00	134.00	136.00	137.00	140.00	147.00	148.00	147.00	147.00	146.00	142.00	137.00	131.00	121.00	112.00	100.00	90.00	87.00	86.00	82.00	79.00	79.00	78.00	80.00	81.00	81.00	86.00	88.00	91.00	93.00	93.00	91.00	89.00	87.00	89.00	90.00	82.00	78.00	74.00	73.00	75.00	80.00	76.00	74.00	74.00	74.00	77.00	74.00	69.00	69.00	71.00	73.00	79.00	81.00	81.00	80.00	79.00	77.00	77.00	78.00	78.00	77.00	78.00	78.00	77.00	77.00	79.00	79.00	78.00	78.00	80.00	79.00	82.00	86.00	91.00	93.00	95.00	94.00	94.00	101.00	104.00	104.00	106.00	102.00	99.00	98.00	97.00	97.00	95.00	91.00	91.00	96.00	103.00	103.00	104.00	103.00	94.00	93.00	98.00	90.00	90.00	104.00	106.00	105.00	101.00	96.00	91.00	89.00	89.00
161.00	160.00	162.00	163.00	164.00	162.00	157.00	151.00	145.00	141.00	140.00	140.00	138.00	129.00	122.00	137.00	139.00	142.00	143.00	147.00	148.00	149.00	152.00	154.00	160.00	163.00	169.00	170.00	167.00	166.00	165.00	166.00	168.00	170.00	169.00	167.00	168.00	171.00	172.00	172.00	170.00	168.00	172.00	174.00	175.00	175.00	172.00	174.00	174.00	175.00	176.00	176.00	175.00	171.00	166.00	172.00	175.00	177.00	178.00	181.00	185.00	185.00	184.00	185.00	189.00	189.00	189.00	188.00	185.00	186.00	185.00	185.00	184.00	182.00	180.00	179.00	177.00	176.00	166.00	160.00	158.00	162.00	172.00	175.00	179.00	181.00	182.00	179.00	172.00	160.00	159.00	157.00	158.00	160.00	164.00	167.00	168.00	166.00	164.00	155.00	152.00	152.00	148.00	147.00	148.00	152.00	150.00	150.00	156.00	160.00	156.00	155.00	158.00	159.00	156.00	153.00	147.00	145.00	142.00	129.00	139.00	148.00	151.00	149.00	151.00	155.00	157.00	166.00	170.00	169.00	165.00	153.00	152.00	152.00	156.00	158.00	157.00	154.00	151.00	146.00	142.00	140.00	142.00	142.00	141.00	139.00	138.00	137.00	137.00	134.00	128.00	126.00	134.00	136.00	130.00	127.00	122.00	114.00	95.00	91.00	90.00	88.00	86.00	91.00	89.00	86.00	84.00	82.00	81.00	83.00	84.00	83.00	80.00	81.00	82.00	82.00	82.00	89.00	95.00	95.00	90.00	89.00	88.00	83.00	80.00	78.00	78.00	81.00	79.00	74.00	74.00	78.00	83.00	85.00	76.00	75.00	75.00	76.00	77.00	78.00	80.00	79.00	79.00	81.00	81.00	80.00	79.00	79.00	76.00	76.00	74.00	72.00	72.00	74.00	78.00	79.00	81.00	88.00	88.00	89.00	94.00	95.00	94.00	91.00	91.00	93.00	92.00	94.00	94.00	95.00	97.00	97.00	98.00	100.00	101.00	97.00	95.00	95.00	97.00	97.00	96.00	97.00	96.00	92.00	94.00	96.00	98.00	97.00	95.00	98.00	99.00	98.00	97.00	96.00	94.00	93.00
161.00	160.00	162.00	163.00	164.00	162.00	157.00	151.00	145.00	141.00	140.00	140.00	138.00	129.00	122.00	137.00	139.00	142.00	143.00	147.00	148.00	149.00	152.00	154.00	160.00	163.00	169.00	170.00	167.00	166.00	165.00	166.00	168.00	170.00	169.00	167.00	168.00	171.00	172.00	172.00	170.00	168.00	172.00	174.00	175.00	175.00	172.00	174.00	174.00	175.00	176.00	176.00	175.00	171.00	166.00	172.00	175.00	177.00	178.00	181.00	185.00	185.00	184.00	185.00	189.00	189.00	189.00	188.00	185.00	186.00	185.00	185.00	184.00	182.00	180.00	179.00	177.00	176.00	166.00	160.00	158.00	162.00	172.00	175.00	179.00	181.00	182.00	179.00	172.00	160.00	159.00	157.00	158.00	160.00	164.00	167.00	168.00	166.00	164.00	155.00	152.00	152.00	148.00	147.00	148.00	152.00	150.00	150.00	156.00	160.00	156.00	155.00	158.00	159.00	156.00	153.00	147.00	145.00	142.00	129.00	139.00	148.00	151.00	149.00	151.00	155.00	157.00	166.00	170.00	169.00	165.00	153.00	152.00	152.00	156.00	158.00	157.00	154.00	151.00	146.00	142.00	140.00	142.00	142.00	141.00	139.00	138.00	137.00	137.00	134.00	128.00	126.00	134.00	136.00	130.00	127.00	122.00	114.00	95.00	91.00	90.00	88.00	86.00	91.00	89.00	86.00	84.00	82.00	81.00	83.00	84.00	83.00	80.00	81.00	82.00	82.00	82.00	89.00	95.00	95.00	90.00	89.00	88.00	83.00	80.00	78.00	78.00	81.00	79.00	74.00	74.00	78.00	83.00	85.00	76.00	75.00	75.00	76.00	77.00	78.00	80.00	79.00	79.00	81.00	81.00	80.00	79.00	79.00	76.00	76.00	74.00	72.00	72.00	74.00	78.00	79.00	81.00	88.00	88.00	89.00	94.00	95.00	94.00	91.00	91.00	93.00	92.00	94.00	94.00	95.00	97.00	97.00	98.00	100.00	101.00	97.00	95.00	95.00	97.00	97.00	96.00	97.00	96.00	92.00	94.00	96.00	98.00	97.00	95.00	98.00	99.00	98.00	97.00	96.00	94.00	93.00
162.00	162.00	164.00	165.00	165.00	163.00	157.00	153.00	147.00	142.00	140.00	138.00	131.00	124.00	127.00	133.00	136.00	141.00	145.00	149.00	150.00	150.00	150.00	152.00	157.00	160.00	165.00	168.00	168.00	165.00	163.00	164.00	167.00	169.00	167.00	166.00	170.00	170.00	172.00	173.00	172.00	172.00	174.00	173.00	172.00	169.00	168.00	172.00	173.00	173.00	174.00	170.00	165.00	162.00	164.00	172.00	175.00	177.00	178.00	179.00	182.00	181.00	180.00	180.00	181.00	181.00	181.00	182.00	184.00	185.00	184.00	182.00	180.00	180.00	181.00	182.00	183.00	183.00	179.00	176.00	172.00	165.00	157.00	163.00	167.00	170.00	174.00	176.00	174.00	164.00	161.00	161.00	162.00	162.00	162.00	161.00	160.00	160.00	162.00	159.00	159.00	164.00	166.00	166.00	164.00	153.00	151.00	154.00	159.00	157.00	156.00	159.00	161.00	163.00	160.00	156.00	149.00	148.00	150.00	144.00	125.00	123.00	128.00	141.00	146.00	150.00	151.00	158.00	164.00	167.00	167.00	154.00	152.00	151.00	149.00	150.00	160.00	162.00	158.00	155.00	149.00	141.00	135.00	132.00	134.00	135.00	140.00	141.00	141.00	138.00	132.00	123.00	110.00	106.00	98.00	94.00	92.00	88.00	83.00	83.00	86.00	90.00	91.00	95.00	92.00	90.00	88.00	87.00	88.00	89.00	89.00	86.00	84.00	85.00	85.00	85.00	82.00	82.00	80.00	79.00	78.00	78.00	77.00	77.00	78.00	79.00	80.00	78.00	74.00	74.00	84.00	92.00	96.00	96.00	91.00	93.00	92.00	92.00	90.00	83.00	83.00	85.00	86.00	87.00	84.00	83.00	82.00	83.00	84.00	84.00	84.00	82.00	79.00	83.00	84.00	85.00	86.00	88.00	92.00	91.00	91.00	87.00	93.00	87.00	86.00	94.00	93.00	90.00	84.00	80.00	80.00	87.00	95.00	96.00	97.00	97.00	96.00	98.00	100.00	98.00	98.00	98.00	98.00	97.00	95.00	94.00	93.00	93.00	91.00	92.00	92.00	92.00	91.00	94.00	95.00	93.00
164.00	167.00	168.00	167.00	166.00	158.00	149.00	146.00	143.00	141.00	141.00	134.00	121.00	120.00	128.00	134.00	137.00	143.00	146.00	149.00	149.00	149.00	150.00	152.00	159.00	161.00	163.00	166.00	166.00	161.00	157.00	161.00	163.00	165.00	164.00	164.00	168.00	164.00	158.00	154.00	163.00	167.00	171.00	169.00	166.00	163.00	170.00	171.00	170.00	168.00	166.00	160.00	157.00	158.00	164.00	172.00	171.00	174.00	177.00	180.00	182.00	182.00	181.00	177.00	179.00	182.00	181.00	179.00	177.00	176.00	177.00	179.00	180.00	181.00	181.00	182.00	182.00	182.00	180.00	180.00	180.00	181.00	169.00	163.00	160.00	158.00	158.00	166.00	170.00	170.00	175.00	180.00	176.00	174.00	170.00	164.00	162.00	162.00	161.00	153.00	152.00	155.00	158.00	160.00	159.00	153.00	156.00	162.00	165.00	161.00	162.00	165.00	165.00	165.00	158.00	155.00	155.00	158.00	157.00	150.00	132.00	120.00	116.00	133.00	137.00	139.00	138.00	139.00	144.00	151.00	156.00	159.00	160.00	160.00	159.00	158.00	155.00	155.00	155.00	153.00	151.00	150.00	147.00	145.00	144.00	132.00	127.00	125.00	129.00	128.00	117.00	108.00	90.00	86.00	82.00	83.00	85.00	84.00	82.00	84.00	87.00	91.00	86.00	78.00	75.00	74.00	74.00	75.00	77.00	78.00	78.00	80.00	85.00	86.00	87.00	87.00	85.00	84.00	84.00	83.00	81.00	78.00	79.00	78.00	77.00	79.00	75.00	74.00	74.00	76.00	98.00	104.00	107.00	107.00	103.00	101.00	102.00	103.00	104.00	102.00	101.00	100.00	100.00	98.00	98.00	95.00	92.00	88.00	84.00	84.00	88.00	91.00	96.00	96.00	94.00	91.00	91.00	89.00	93.00	92.00	88.00	79.00	80.00	80.00	79.00	88.00	86.00	81.00	80.00	82.00	85.00	92.00	92.00	91.00	91.00	90.00	90.00	90.00	92.00	96.00	94.00	92.00	91.00	93.00	97.00	100.00	95.00	94.00	93.00	90.00	89.00	88.00	88.00	86.00	86.00	86.00
164.00	167.00	168.00	167.00	166.00	158.00	149.00	146.00	143.00	141.00	141.00	134.00	121.00	120.00	128.00	134.00	137.00	143.00	146.00	149.00	149.00	149.00	150.00	152.00	159.00	161.00	163.00	166.00	166.00	161.00	157.00	161.00	163.00	165.00	164.00	164.00	168.00	164.00	158.00	154.00	163.00	167.00	171.00	169.00	166.00	163.00	170.00	171.00	170.00	168.00	166.00	160.00	157.00	158.00	164.00	172.00	171.00	174.00	177.00	180.00	182.00	182.00	181.00	177.00	179.00	182.00	181.00	179.00	177.00	176.00	177.00	179.00	180.00	181.00	181.00	182.00	182.00	182.00	180.00	180.00	180.00	181.00	169.00	163.00	160.00	158.00	158.00	166.00	170.00	170.00	175.00	180.00	176.00	174.00	170.00	164.00	162.00	162.00	161.00	153.00	152.00	155.00	158.00	160.00	159.00	153.00	156.00	162.00	165.00	161.00	162.00	165.00	165.00	165.00	158.00	155.00	155.00	158.00	157.00	150.00	132.00	120.00	116.00	133.00	137.00	139.00	138.00	139.00	144.00	151.00	156.00	159.00	160.00	160.00	159.00	158.00	155.00	155.00	155.00	153.00	151.00	150.00	147.00	145.00	144.00	132.00	127.00	125.00	129.00	128.00	117.00	108.00	90.00	86.00	82.00	83.00	85.00	84.00	82.00	84.00	87.00	91.00	86.00	78.00	75.00	74.00	74.00	75.00	77.00	78.00	78.00	80.00	85.00	86.00	87.00	87.00	85.00	84.00	84.00	83.00	81.00	78.00	79.00	78.00	77.00	79.00	75.00	74.00	74.00	76.00	98.00	104.00	107.00	107.00	103.00	101.00	102.00	103.00	104.00	102.00	101.00	100.00	100.00	98.00	98.00	95.00	92.00	88.00	84.00	84.00	88.00	91.00	96.00	96.00	94.00	91.00	91.00	89.00	93.00	92.00	88.00	79.00	80.00	80.00	79.00	88.00	86.00	81.00	80.00	82.00	85.00	92.00	92.00	91.00	91.00	90.00	90.00	90.00	92.00	96.00	94.00	92.00	91.00	93.00	97.00	100.00	95.00	94.00	93.00	90.00	89.00	88.00	88.00	86.00	86.00	86.00
160.00	161.00	160.00	157.00	154.00	149.00	141.00	140.00	139.00	137.00	136.00	130.00	123.00	127.00	135.00	138.00	140.00	142.00	145.00	149.00	151.00	152.00	153.00	153.00	158.00	161.00	165.00	166.00	162.00	159.00	159.00	163.00	164.00	163.00	164.00	165.00	164.00	162.00	160.00	161.00	163.00	165.00	167.00	165.00	161.00	158.00	170.00	172.00	170.00	164.00	158.00	150.00	155.00	162.00	167.00	164.00	161.00	171.00	175.00	177.00	180.00	179.00	176.00	173.00	178.00	180.00	179.00	178.00	178.00	174.00	173.00	174.00	174.00	173.00	174.00	174.00	175.00	176.00	178.00	178.00	180.00	181.00	168.00	161.00	158.00	152.00	149.00	168.00	172.00	178.00	180.00	180.00	179.00	176.00	171.00	170.00	175.00	173.00	170.00	162.00	160.00	159.00	158.00	156.00	153.00	148.00	153.00	158.00	159.00	156.00	159.00	161.00	163.00	163.00	157.00	156.00	158.00	161.00	163.00	155.00	125.00	114.00	114.00	132.00	137.00	137.00	134.00	131.00	133.00	138.00	143.00	147.00	147.00	147.00	150.00	154.00	160.00	161.00	160.00	159.00	157.00	158.00	158.00	158.00	157.00	159.00	156.00	149.00	132.00	99.00	89.00	87.00	87.00	87.00	87.00	87.00	88.00	90.00	91.00	87.00	80.00	79.00	74.00	74.00	74.00	76.00	77.00	83.00	82.00	81.00	78.00	77.00	74.00	76.00	77.00	77.00	75.00	75.00	76.00	76.00	78.00	78.00	76.00	75.00	74.00	74.00	74.00	74.00	78.00	93.00	103.00	106.00	107.00	104.00	99.00	98.00	100.00	101.00	101.00	101.00	101.00	101.00	100.00	99.00	100.00	98.00	95.00	94.00	95.00	95.00	97.00	99.00	100.00	99.00	96.00	93.00	90.00	90.00	91.00	92.00	90.00	82.00	80.00	79.00	79.00	80.00	81.00	81.00	86.00	93.00	97.00	95.00	90.00	87.00	89.00	90.00	87.00	89.00	90.00	94.00	95.00	93.00	91.00	90.00	90.00	94.00	99.00	101.00	99.00	95.00	92.00	89.00	88.00	88.00	88.00	87.00
159.00	154.00	150.00	145.00	141.00	134.00	136.00	133.00	131.00	129.00	119.00	115.00	123.00	131.00	133.00	138.00	140.00	141.00	143.00	149.00	149.00	150.00	151.00	153.00	155.00	159.00	163.00	164.00	156.00	154.00	160.00	164.00	163.00	160.00	159.00	161.00	165.00	164.00	163.00	163.00	163.00	163.00	162.00	162.00	161.00	161.00	165.00	165.00	162.00	154.00	147.00	151.00	158.00	163.00	167.00	162.00	163.00	175.00	176.00	175.00	174.00	173.00	171.00	171.00	176.00	179.00	179.00	179.00	179.00	178.00	176.00	175.00	173.00	170.00	169.00	170.00	172.00	174.00	173.00	173.00	173.00	174.00	169.00	160.00	152.00	150.00	157.00	174.00	174.00	176.00	177.00	178.00	179.00	173.00	167.00	168.00	172.00	170.00	167.00	164.00	170.00	170.00	163.00	156.00	156.00	160.00	157.00	154.00	153.00	152.00	154.00	156.00	157.00	156.00	153.00	153.00	156.00	158.00	156.00	148.00	121.00	116.00	122.00	137.00	138.00	138.00	135.00	135.00	136.00	139.00	142.00	148.00	147.00	145.00	144.00	145.00	146.00	143.00	139.00	143.00	155.00	163.00	167.00	167.00	164.00	144.00	122.00	103.00	89.00	85.00	85.00	86.00	88.00	88.00	87.00	87.00	89.00	92.00	80.00	74.00	74.00	74.00	74.00	81.00	87.00	92.00	84.00	84.00	84.00	83.00	83.00	85.00	82.00	79.00	74.00	74.00	74.00	74.00	74.00	74.00	74.00	74.00	74.00	74.00	74.00	74.00	75.00	90.00	103.00	105.00	103.00	100.00	98.00	95.00	92.00	94.00	91.00	91.00	93.00	92.00	92.00	93.00	95.00	96.00	99.00	98.00	96.00	94.00	98.00	99.00	98.00	96.00	99.00	99.00	95.00	95.00	94.00	95.00	96.00	97.00	93.00	82.00	80.00	79.00	79.00	80.00	85.00	86.00	87.00	89.00	91.00	92.00	92.00	93.00	94.00	92.00	90.00	91.00	92.00	94.00	94.00	93.00	93.00	94.00	94.00	92.00	94.00	97.00	92.00	87.00	85.00	84.00	84.00	90.00	93.00	92.00
159.00	154.00	150.00	145.00	141.00	134.00	136.00	133.00	131.00	129.00	119.00	115.00	123.00	131.00	133.00	138.00	140.00	141.00	143.00	149.00	149.00	150.00	151.00	153.00	155.00	159.00	163.00	164.00	156.00	154.00	160.00	164.00	163.00	160.00	159.00	161.00	165.00	164.00	163.00	163.00	163.00	163.00	162.00	162.00	161.00	161.00	165.00	165.00	162.00	154.00	147.00	151.00	158.00	163.00	167.00	162.00	163.00	175.00	176.00	175.00	174.00	173.00	171.00	171.00	176.00	179.00	179.00	179.00	179.00	178.00	176.00	175.00	173.00	170.00	169.00	170.00	172.00	174.00	173.00	173.00	173.00	174.00	169.00	160.00	152.00	150.00	157.00	174.00	174.00	176.00	177.00	178.00	179.00	173.00	167.00	168.00	172.00	170.00	167.00	164.00	170.00	170.00	163.00	156.00	156.00	160.00	157.00	154.00	153.00	152.00	154.00	156.00	157.00	156.00	153.00	153.00	156.00	158.00	156.00	148.00	121.00	116.00	122.00	137.00	138.00	138.00	135.00	135.00	136.00	139.00	142.00	148.00	147.00	145.00	144.00	145.00	146.00	143.00	139.00	143.00	155.00	163.00	167.00	167.00	164.00	144.00	122.00	103.00	89.00	85.00	85.00	86.00	88.00	88.00	87.00	87.00	89.00	92.00	80.00	74.00	74.00	74.00	74.00	81.00	87.00	92.00	84.00	84.00	84.00	83.00	83.00	85.00	82.00	79.00	74.00	74.00	74.00	74.00	74.00	74.00	74.00	74.00	74.00	74.00	74.00	74.00	75.00	90.00	103.00	105.00	103.00	100.00	98.00	95.00	92.00	94.00	91.00	91.00	93.00	92.00	92.00	93.00	95.00	96.00	99.00	98.00	96.00	94.00	98.00	99.00	98.00	96.00	99.00	99.00	95.00	95.00	94.00	95.00	96.00	97.00	93.00	82.00	80.00	79.00	79.00	80.00	85.00	86.00	87.00	89.00	91.00	92.00	92.00	93.00	94.00	92.00	90.00	91.00	92.00	94.00	94.00	93.00	93.00	94.00	94.00	92.00	94.00	97.00	92.00	87.00	85.00	84.00	84.00	90.00	93.00	92.00
147.00	130.00	128.00	128.00	131.00	133.00	135.00	135.00	134.00	131.00	103.00	107.00	126.00	136.00	136.00	135.00	136.00	139.00	141.00	146.00	147.00	148.00	150.00	155.00	158.00	159.00	160.00	159.00	156.00	157.00	159.00	162.00	162.00	156.00	158.00	160.00	160.00	162.00	162.00	163.00	162.00	162.00	160.00	159.00	160.00	161.00	158.00	160.00	160.00	156.00	147.00	152.00	159.00	163.00	164.00	161.00	164.00	172.00	174.00	175.00	173.00	173.00	171.00	172.00	173.00	173.00	173.00	175.00	178.00	178.00	173.00	169.00	165.00	157.00	159.00	163.00	165.00	166.00	160.00	165.00	171.00	173.00	171.00	162.00	150.00	154.00	160.00	161.00	164.00	169.00	170.00	170.00	171.00	167.00	164.00	167.00	170.00	170.00	168.00	166.00	166.00	158.00	153.00	158.00	166.00	169.00	164.00	159.00	159.00	163.00	162.00	162.00	160.00	157.00	151.00	150.00	150.00	149.00	138.00	126.00	111.00	119.00	126.00	132.00	133.00	133.00	132.00	132.00	135.00	139.00	142.00	148.00	149.00	148.00	145.00	145.00	145.00	144.00	141.00	143.00	152.00	151.00	146.00	141.00	136.00	119.00	105.00	92.00	87.00	86.00	86.00	86.00	87.00	87.00	89.00	90.00	91.00	92.00	74.00	74.00	74.00	74.00	77.00	95.00	93.00	91.00	90.00	90.00	89.00	87.00	86.00	85.00	85.00	85.00	83.00	79.00	77.00	77.00	75.00	74.00	74.00	74.00	74.00	83.00	86.00	97.00	106.00	111.00	110.00	106.00	100.00	97.00	95.00	95.00	94.00	93.00	90.00	90.00	91.00	90.00	90.00	90.00	91.00	90.00	89.00	88.00	90.00	92.00	84.00	91.00	93.00	90.00	91.00	94.00	98.00	97.00	95.00	99.00	95.00	87.00	82.00	79.00	79.00	79.00	79.00	79.00	82.00	81.00	81.00	82.00	92.00	94.00	94.00	92.00	90.00	89.00	91.00	91.00	92.00	91.00	90.00	90.00	92.00	93.00	92.00	89.00	88.00	88.00	86.00	85.00	84.00	84.00	85.00	87.00	89.00	86.00
147.00	130.00	128.00	128.00	131.00	133.00	135.00	135.00	134.00	131.00	103.00	107.00	126.00	136.00	136.00	135.00	136.00	139.00	141.00	146.00	147.00	148.00	150.00	155.00	158.00	159.00	160.00	159.00	156.00	157.00	159.00	162.00	162.00	156.00	158.00	160.00	160.00	162.00	162.00	163.00	162.00	162.00	160.00	159.00	160.00	161.00	158.00	160.00	160.00	156.00	147.00	152.00	159.00	163.00	164.00	161.00	164.00	172.00	174.00	175.00	173.00	173.00	171.00	172.00	173.00	173.00	173.00	175.00	178.00	178.00	173.00	169.00	165.00	157.00	159.00	163.00	165.00	166.00	160.00	165.00	171.00	173.00	171.00	162.00	150.00	154.00	160.00	161.00	164.00	169.00	170.00	170.00	171.00	167.00	164.00	167.00	170.00	170.00	168.00	166.00	166.00	158.00	153.00	158.00	166.00	169.00	164.00	159.00	159.00	163.00	162.00	162.00	160.00	157.00	151.00	150.00	150.00	149.00	138.00	126.00	111.00	119.00	126.00	132.00	133.00	133.00	132.00	132.00	135.00	139.00	142.00	148.00	149.00	148.00	145.00	145.00	145.00	144.00	141.00	143.00	152.00	151.00	146.00	141.00	136.00	119.00	105.00	92.00	87.00	86.00	86.00	86.00	87.00	87.00	89.00	90.00	91.00	92.00	74.00	74.00	74.00	74.00	77.00	95.00	93.00	91.00	90.00	90.00	89.00	87.00	86.00	85.00	85.00	85.00	83.00	79.00	77.00	77.00	75.00	74.00	74.00	74.00	74.00	83.00	86.00	97.00	106.00	111.00	110.00	106.00	100.00	97.00	95.00	95.00	94.00	93.00	90.00	90.00	91.00	90.00	90.00	90.00	91.00	90.00	89.00	88.00	90.00	92.00	84.00	91.00	93.00	90.00	91.00	94.00	98.00	97.00	95.00	99.00	95.00	87.00	82.00	79.00	79.00	79.00	79.00	79.00	82.00	81.00	81.00	82.00	92.00	94.00	94.00	92.00	90.00	89.00	91.00	91.00	92.00	91.00	90.00	90.00	92.00	93.00	92.00	89.00	88.00	88.00	86.00	85.00	84.00	84.00	85.00	87.00	89.00	86.00
120.00	119.00	124.00	128.00	130.00	133.00	130.00	129.00	129.00	129.00	106.00	108.00	120.00	127.00	130.00	136.00	135.00	135.00	135.00	137.00	140.00	144.00	149.00	155.00	160.00	159.00	155.00	153.00	159.00	161.00	162.00	161.00	158.00	156.00	158.00	159.00	161.00	161.00	158.00	157.00	158.00	159.00	158.00	157.00	159.00	160.00	162.00	162.00	161.00	157.00	150.00	149.00	156.00	159.00	159.00	158.00	162.00	166.00	168.00	170.00	169.00	171.00	171.00	171.00	172.00	173.00	174.00	175.00	176.00	176.00	172.00	164.00	155.00	154.00	159.00	163.00	162.00	158.00	157.00	160.00	162.00	161.00	148.00	141.00	141.00	151.00	157.00	159.00	162.00	164.00	165.00	159.00	154.00	148.00	149.00	156.00	162.00	163.00	165.00	162.00	151.00	154.00	161.00	166.00	167.00	169.00	169.00	169.00	169.00	169.00	169.00	170.00	171.00	169.00	164.00	161.00	159.00	152.00	128.00	116.00	120.00	125.00	126.00	126.00	126.00	127.00	130.00	131.00	131.00	135.00	139.00	144.00	144.00	145.00	144.00	144.00	145.00	144.00	143.00	143.00	134.00	110.00	100.00	91.00	87.00	94.00	94.00	85.00	74.00	74.00	76.00	79.00	83.00	85.00	87.00	90.00	93.00	92.00	74.00	74.00	74.00	74.00	92.00	95.00	94.00	92.00	92.00	94.00	94.00	92.00	92.00	92.00	89.00	90.00	94.00	103.00	122.00	122.00	118.00	111.00	107.00	107.00	112.00	113.00	111.00	109.00	107.00	107.00	107.00	107.00	105.00	101.00	98.00	99.00	97.00	95.00	94.00	94.00	94.00	95.00	94.00	93.00	92.00	92.00	90.00	89.00	88.00	84.00	79.00	79.00	82.00	85.00	86.00	89.00	96.00	96.00	95.00	92.00	85.00	79.00	79.00	79.00	79.00	81.00	82.00	93.00	94.00	93.00	93.00	94.00	95.00	94.00	92.00	92.00	93.00	92.00	95.00	95.00	96.00	93.00	94.00	95.00	92.00	90.00	89.00	88.00	90.00	89.00	84.00	84.00	84.00	85.00	85.00	86.00	87.00	86.00
120.00	119.00	124.00	128.00	130.00	133.00	130.00	129.00	129.00	129.00	106.00	108.00	120.00	127.00	130.00	136.00	135.00	135.00	135.00	137.00	140.00	144.00	149.00	155.00	160.00	159.00	155.00	153.00	159.00	161.00	162.00	161.00	158.00	156.00	158.00	159.00	161.00	161.00	158.00	157.00	158.00	159.00	158.00	157.00	159.00	160.00	162.00	162.00	161.00	157.00	150.00	149.00	156.00	159.00	159.00	158.00	162.00	166.00	168.00	170.00	169.00	171.00	171.00	171.00	172.00	173.00	174.00	175.00	176.00	176.00	172.00	164.00	155.00	154.00	159.00	163.00	162.00	158.00	157.00	160.00	162.00	161.00	148.00	141.00	141.00	151.00	157.00	159.00	162.00	164.00	165.00	159.00	154.00	148.00	149.00	156.00	162.00	163.00	165.00	162.00	151.00	154.00	161.00	166.00	167.00	169.00	169.00	169.00	169.00	169.00	169.00	170.00	171.00	169.00	164.00	161.00	159.00	152.00	128.00	116.00	120.00	125.00	126.00	126.00	126.00	127.00	130.00	131.00	131.00	135.00	139.00	144.00	144.00	145.00	144.00	144.00	145.00	144.00	143.00	143.00	134.00	110.00	100.00	91.00	87.00	94.00	94.00	85.00	74.00	74.00	76.00	79.00	83.00	85.00	87.00	90.00	93.00	92.00	74.00	74.00	74.00	74.00	92.00	95.00	94.00	92.00	92.00	94.00	94.00	92.00	92.00	92.00	89.00	90.00	94.00	103.00	122.00	122.00	118.00	111.00	107.00	107.00	112.00	113.00	111.00	109.00	107.00	107.00	107.00	107.00	105.00	101.00	98.00	99.00	97.00	95.00	94.00	94.00	94.00	95.00	94.00	93.00	92.00	92.00	90.00	89.00	88.00	84.00	79.00	79.00	82.00	85.00	86.00	89.00	96.00	96.00	95.00	92.00	85.00	79.00	79.00	79.00	79.00	81.00	82.00	93.00	94.00	93.00	93.00	94.00	95.00	94.00	92.00	92.00	93.00	92.00	95.00	95.00	96.00	93.00	94.00	95.00	92.00	90.00	89.00	88.00	90.00	89.00	84.00	84.00	84.00	85.00	85.00	86.00	87.00	86.00
97.00	105.00	110.00	108.00	107.00	112.00	124.00	127.00	127.00	125.00	106.00	108.00	123.00	127.00	123.00	131.00	135.00	136.00	137.00	139.00	139.00	139.00	140.00	140.00	145.00	148.00	149.00	150.00	158.00	161.00	161.00	159.00	157.00	153.00	154.00	156.00	158.00	158.00	157.00	156.00	155.00	157.00	159.00	160.00	159.00	159.00	161.00	160.00	159.00	154.00	147.00	156.00	157.00	156.00	155.00	157.00	160.00	162.00	163.00	163.00	163.00	165.00	166.00	165.00	162.00	165.00	168.00	169.00	170.00	172.00	168.00	156.00	148.00	161.00	163.00	164.00	162.00	151.00	154.00	150.00	143.00	134.00	123.00	125.00	132.00	141.00	144.00	144.00	145.00	143.00	146.00	140.00	134.00	115.00	119.00	120.00	148.00	151.00	153.00	147.00	141.00	149.00	157.00	161.00	163.00	168.00	170.00	171.00	171.00	169.00	168.00	169.00	169.00	169.00	164.00	163.00	161.00	154.00	125.00	114.00	138.00	138.00	134.00	131.00	129.00	128.00	127.00	127.00	127.00	129.00	130.00	134.00	133.00	135.00	137.00	138.00	140.00	135.00	129.00	120.00	98.00	80.00	80.00	83.00	85.00	82.00	80.00	79.00	77.00	75.00	75.00	77.00	78.00	76.00	77.00	77.00	77.00	78.00	75.00	74.00	74.00	74.00	93.00	91.00	90.00	91.00	93.00	94.00	95.00	95.00	94.00	94.00	101.00	111.00	121.00	129.00	135.00	132.00	130.00	129.00	129.00	125.00	120.00	111.00	107.00	103.00	103.00	103.00	102.00	103.00	102.00	99.00	96.00	97.00	99.00	101.00	99.00	98.00	99.00	98.00	96.00	95.00	93.00	95.00	92.00	91.00	91.00	87.00	79.00	79.00	81.00	82.00	85.00	86.00	91.00	93.00	93.00	83.00	83.00	87.00	90.00	95.00	97.00	98.00	98.00	99.00	101.00	101.00	99.00	95.00	86.00	87.00	91.00	94.00	96.00	97.00	97.00	98.00	98.00	94.00	94.00	96.00	96.00	97.00	98.00	96.00	90.00	88.00	84.00	84.00	83.00	84.00	85.00	87.00	88.00	87.00
97.00	105.00	110.00	108.00	107.00	112.00	124.00	127.00	127.00	125.00	106.00	108.00	123.00	127.00	123.00	131.00	135.00	136.00	137.00	139.00	139.00	139.00	140.00	140.00	145.00	148.00	149.00	150.00	158.00	161.00	161.00	159.00	157.00	153.00	154.00	156.00	158.00	158.00	157.00	156.00	155.00	157.00	159.00	160.00	159.00	159.00	161.00	160.00	159.00	154.00	147.00	156.00	157.00	156.00	155.00	157.00	160.00	162.00	163.00	163.00	163.00	165.00	166.00	165.00	162.00	165.00	168.00	169.00	170.00	172.00	168.00	156.00	148.00	161.00	163.00	164.00	162.00	151.00	154.00	150.00	143.00	134.00	123.00	125.00	132.00	141.00	144.00	144.00	145.00	143.00	146.00	140.00	134.00	115.00	119.00	120.00	148.00	151.00	153.00	147.00	141.00	149.00	157.00	161.00	163.00	168.00	170.00	171.00	171.00	169.00	168.00	169.00	169.00	169.00	164.00	163.00	161.00	154.00	125.00	114.00	138.00	138.00	134.00	131.00	129.00	128.00	127.00	127.00	127.00	129.00	130.00	134.00	133.00	135.00	137.00	138.00	140.00	135.00	129.00	120.00	98.00	80.00	80.00	83.00	85.00	82.00	80.00	79.00	77.00	75.00	75.00	77.00	78.00	76.00	77.00	77.00	77.00	78.00	75.00	74.00	74.00	74.00	93.00	91.00	90.00	91.00	93.00	94.00	95.00	95.00	94.00	94.00	101.00	111.00	121.00	129.00	135.00	132.00	130.00	129.00	129.00	125.00	120.00	111.00	107.00	103.00	103.00	103.00	102.00	103.00	102.00	99.00	96.00	97.00	99.00	101.00	99.00	98.00	99.00	98.00	96.00	95.00	93.00	95.00	92.00	91.00	91.00	87.00	79.00	79.00	81.00	82.00	85.00	86.00	91.00	93.00	93.00	83.00	83.00	87.00	90.00	95.00	97.00	98.00	98.00	99.00	101.00	101.00	99.00	95.00	86.00	87.00	91.00	94.00	96.00	97.00	97.00	98.00	98.00	94.00	94.00	96.00	96.00	97.00	98.00	96.00	90.00	88.00	84.00	84.00	83.00	84.00	85.00	87.00	88.00	87.00
126.00	128.00	129.00	128.00	122.00	98.00	99.00	107.00	110.00	111.00	103.00	109.00	120.00	125.00	124.00	123.00	125.00	125.00	126.00	133.00	135.00	136.00	137.00	139.00	141.00	141.00	141.00	141.00	145.00	149.00	151.00	151.00	148.00	153.00	154.00	154.00	155.00	152.00	149.00	151.00	154.00	157.00	159.00	159.00	160.00	160.00	160.00	159.00	155.00	149.00	146.00	155.00	156.00	153.00	151.00	160.00	161.00	160.00	158.00	155.00	158.00	158.00	158.00	156.00	157.00	158.00	159.00	158.00	164.00	157.00	149.00	140.00	138.00	132.00	131.00	126.00	119.00	110.00	100.00	98.00	93.00	92.00	94.00	95.00	99.00	101.00	101.00	100.00	100.00	99.00	95.00	78.00	78.00	78.00	78.00	78.00	78.00	78.00	86.00	111.00	136.00	146.00	152.00	155.00	156.00	157.00	157.00	157.00	159.00	163.00	164.00	165.00	165.00	164.00	160.00	159.00	154.00	145.00	119.00	125.00	140.00	139.00	137.00	137.00	137.00	137.00	137.00	138.00	136.00	134.00	133.00	130.00	130.00	130.00	130.00	128.00	111.00	94.00	86.00	84.00	83.00	83.00	83.00	82.00	81.00	80.00	81.00	82.00	82.00	79.00	80.00	83.00	85.00	82.00	81.00	80.00	79.00	79.00	74.00	74.00	74.00	74.00	91.00	82.00	84.00	87.00	89.00	89.00	88.00	88.00	89.00	96.00	129.00	132.00	128.00	123.00	122.00	122.00	124.00	125.00	124.00	121.00	119.00	115.00	115.00	109.00	108.00	107.00	106.00	105.00	100.00	99.00	98.00	98.00	94.00	97.00	99.00	98.00	100.00	99.00	98.00	97.00	96.00	93.00	95.00	95.00	94.00	92.00	79.00	79.00	81.00	79.00	88.00	89.00	90.00	92.00	92.00	95.00	92.00	91.00	91.00	93.00	95.00	96.00	94.00	85.00	84.00	81.00	78.00	78.00	84.00	91.00	94.00	95.00	97.00	98.00	98.00	98.00	97.00	92.00	94.00	97.00	97.00	96.00	98.00	98.00	95.00	93.00	89.00	88.00	88.00	88.00	87.00	85.00	86.00	85.00
124.00	122.00	122.00	122.00	122.00	117.00	117.00	115.00	110.00	103.00	107.00	117.00	123.00	123.00	122.00	125.00	125.00	126.00	126.00	127.00	128.00	129.00	130.00	131.00	132.00	133.00	135.00	136.00	141.00	143.00	145.00	145.00	144.00	143.00	144.00	144.00	146.00	149.00	148.00	152.00	156.00	156.00	156.00	156.00	155.00	155.00	151.00	149.00	142.00	141.00	149.00	156.00	155.00	151.00	151.00	158.00	158.00	156.00	154.00	153.00	156.00	155.00	154.00	154.00	153.00	154.00	155.00	154.00	139.00	112.00	106.00	102.00	98.00	95.00	95.00	95.00	94.00	92.00	90.00	91.00	92.00	92.00	92.00	96.00	97.00	98.00	98.00	94.00	95.00	79.00	78.00	78.00	78.00	78.00	78.00	78.00	78.00	78.00	78.00	78.00	80.00	84.00	99.00	124.00	147.00	152.00	152.00	153.00	153.00	153.00	153.00	154.00	153.00	152.00	153.00	153.00	151.00	142.00	124.00	133.00	138.00	137.00	136.00	135.00	135.00	135.00	136.00	140.00	139.00	138.00	137.00	133.00	132.00	129.00	121.00	111.00	92.00	86.00	84.00	81.00	81.00	85.00	83.00	79.00	79.00	80.00	82.00	84.00	83.00	82.00	82.00	86.00	88.00	85.00	83.00	82.00	82.00	82.00	74.00	74.00	74.00	74.00	88.00	75.00	74.00	74.00	75.00	84.00	88.00	94.00	101.00	112.00	120.00	117.00	115.00	115.00	112.00	112.00	114.00	115.00	114.00	111.00	108.00	106.00	107.00	112.00	112.00	111.00	109.00	108.00	106.00	106.00	105.00	104.00	98.00	96.00	95.00	94.00	92.00	92.00	93.00	93.00	93.00	90.00	92.00	92.00	92.00	92.00	88.00	86.00	91.00	94.00	95.00	97.00	96.00	96.00	98.00	96.00	89.00	84.00	83.00	91.00	94.00	91.00	83.00	78.00	79.00	79.00	79.00	84.00	97.00	97.00	96.00	96.00	99.00	83.00	83.00	87.00	86.00	85.00	86.00	92.00	98.00	97.00	95.00	95.00	93.00	93.00	91.00	91.00	90.00	90.00	90.00	89.00	88.00	86.00
124.00	122.00	122.00	122.00	122.00	117.00	117.00	115.00	110.00	103.00	107.00	117.00	123.00	123.00	122.00	125.00	125.00	126.00	126.00	127.00	128.00	129.00	130.00	131.00	132.00	133.00	135.00	136.00	141.00	143.00	145.00	145.00	144.00	143.00	144.00	144.00	146.00	149.00	148.00	152.00	156.00	156.00	156.00	156.00	155.00	155.00	151.00	149.00	142.00	141.00	149.00	156.00	155.00	151.00	151.00	158.00	158.00	156.00	154.00	153.00	156.00	155.00	154.00	154.00	153.00	154.00	155.00	154.00	139.00	112.00	106.00	102.00	98.00	95.00	95.00	95.00	94.00	92.00	90.00	91.00	92.00	92.00	92.00	96.00	97.00	98.00	98.00	94.00	95.00	79.00	78.00	78.00	78.00	78.00	78.00	78.00	78.00	78.00	78.00	78.00	80.00	84.00	99.00	124.00	147.00	152.00	152.00	153.00	153.00	153.00	153.00	154.00	153.00	152.00	153.00	153.00	151.00	142.00	124.00	133.00	138.00	137.00	136.00	135.00	135.00	135.00	136.00	140.00	139.00	138.00	137.00	133.00	132.00	129.00	121.00	111.00	92.00	86.00	84.00	81.00	81.00	85.00	83.00	79.00	79.00	80.00	82.00	84.00	83.00	82.00	82.00	86.00	88.00	85.00	83.00	82.00	82.00	82.00	74.00	74.00	74.00	74.00	88.00	75.00	74.00	74.00	75.00	84.00	88.00	94.00	101.00	112.00	120.00	117.00	115.00	115.00	112.00	112.00	114.00	115.00	114.00	111.00	108.00	106.00	107.00	112.00	112.00	111.00	109.00	108.00	106.00	106.00	105.00	104.00	98.00	96.00	95.00	94.00	92.00	92.00	93.00	93.00	93.00	90.00	92.00	92.00	92.00	92.00	88.00	86.00	91.00	94.00	95.00	97.00	96.00	96.00	98.00	96.00	89.00	84.00	83.00	91.00	94.00	91.00	83.00	78.00	79.00	79.00	79.00	84.00	97.00	97.00	96.00	96.00	99.00	83.00	83.00	87.00	86.00	85.00	86.00	92.00	98.00	97.00	95.00	95.00	93.00	93.00	91.00	91.00	90.00	90.00	90.00	89.00	88.00	86.00
126.00	125.00	123.00	121.00	120.00	118.00	113.00	104.00	97.00	101.00	121.00	123.00	123.00	124.00	124.00	122.00	122.00	122.00	123.00	123.00	124.00	124.00	125.00	125.00	126.00	127.00	130.00	132.00	137.00	140.00	142.00	144.00	144.00	142.00	141.00	141.00	139.00	136.00	138.00	140.00	142.00	145.00	148.00	148.00	149.00	148.00	150.00	147.00	140.00	139.00	146.00	152.00	149.00	146.00	148.00	155.00	155.00	150.00	147.00	148.00	152.00	152.00	150.00	150.00	145.00	137.00	127.00	115.00	101.00	96.00	96.00	95.00	95.00	93.00	92.00	91.00	91.00	91.00	92.00	92.00	93.00	94.00	95.00	93.00	93.00	93.00	93.00	83.00	80.00	78.00	78.00	80.00	86.00	88.00	91.00	91.00	96.00	96.00	94.00	93.00	85.00	78.00	78.00	78.00	100.00	150.00	150.00	150.00	149.00	149.00	148.00	147.00	146.00	143.00	142.00	141.00	137.00	130.00	121.00	129.00	132.00	132.00	133.00	135.00	135.00	135.00	135.00	135.00	135.00	136.00	133.00	124.00	115.00	105.00	96.00	90.00	89.00	89.00	89.00	88.00	88.00	86.00	83.00	79.00	79.00	81.00	80.00	80.00	78.00	77.00	79.00	82.00	88.00	87.00	80.00	75.00	72.00	73.00	74.00	74.00	74.00	74.00	85.00	80.00	82.00	85.00	88.00	105.00	113.00	116.00	112.00	106.00	100.00	102.00	103.00	103.00	104.00	105.00	106.00	107.00	109.00	111.00	110.00	108.00	108.00	106.00	106.00	108.00	107.00	108.00	105.00	106.00	109.00	108.00	105.00	105.00	105.00	103.00	101.00	93.00	91.00	90.00	88.00	87.00	91.00	91.00	91.00	92.00	97.00	99.00	100.00	99.00	95.00	96.00	98.00	97.00	95.00	88.00	85.00	85.00	83.00	84.00	92.00	94.00	87.00	80.00	80.00	84.00	90.00	93.00	95.00	92.00	87.00	85.00	86.00	83.00	83.00	83.00	83.00	88.00	87.00	87.00	94.00	97.00	94.00	93.00	91.00	91.00	91.00	91.00	91.00	90.00	89.00	88.00	89.00	89.00
126.00	129.00	127.00	125.00	123.00	119.00	107.00	101.00	97.00	105.00	123.00	124.00	123.00	122.00	122.00	120.00	121.00	122.00	122.00	123.00	122.00	122.00	120.00	118.00	118.00	118.00	123.00	125.00	129.00	131.00	136.00	141.00	143.00	142.00	140.00	139.00	140.00	136.00	134.00	135.00	137.00	138.00	138.00	139.00	139.00	138.00	141.00	143.00	139.00	132.00	131.00	145.00	147.00	146.00	146.00	153.00	153.00	149.00	146.00	145.00	152.00	153.00	148.00	143.00	117.00	103.00	98.00	95.00	95.00	76.00	78.00	94.00	94.00	95.00	96.00	96.00	95.00	92.00	90.00	91.00	92.00	92.00	100.00	100.00	98.00	94.00	84.00	78.00	78.00	81.00	89.00	98.00	100.00	101.00	101.00	101.00	101.00	100.00	101.00	103.00	102.00	98.00	86.00	78.00	81.00	132.00	148.00	148.00	148.00	147.00	147.00	147.00	146.00	144.00	138.00	136.00	133.00	125.00	113.00	121.00	122.00	120.00	121.00	126.00	127.00	127.00	129.00	131.00	132.00	130.00	122.00	100.00	98.00	97.00	97.00	97.00	96.00	95.00	94.00	93.00	92.00	92.00	91.00	88.00	87.00	91.00	90.00	89.00	87.00	85.00	83.00	83.00	84.00	80.00	69.00	67.00	67.00	70.00	74.00	74.00	74.00	75.00	92.00	90.00	102.00	111.00	115.00	113.00	110.00	107.00	106.00	106.00	102.00	99.00	97.00	95.00	93.00	93.00	94.00	97.00	101.00	107.00	111.00	113.00	113.00	111.00	110.00	109.00	108.00	108.00	107.00	108.00	110.00	109.00	108.00	109.00	108.00	105.00	103.00	104.00	104.00	105.00	105.00	102.00	98.00	98.00	98.00	98.00	98.00	99.00	99.00	98.00	97.00	96.00	94.00	95.00	95.00	96.00	96.00	96.00	94.00	93.00	96.00	97.00	95.00	94.00	98.00	98.00	98.00	99.00	93.00	89.00	86.00	83.00	83.00	83.00	85.00	88.00	85.00	83.00	83.00	84.00	95.00	102.00	101.00	98.00	93.00	91.00	90.00	92.00	91.00	89.00	89.00	89.00	91.00	95.00
126.00	129.00	127.00	125.00	123.00	119.00	107.00	101.00	97.00	105.00	123.00	124.00	123.00	122.00	122.00	120.00	121.00	122.00	122.00	123.00	122.00	122.00	120.00	118.00	118.00	118.00	123.00	125.00	129.00	131.00	136.00	141.00	143.00	142.00	140.00	139.00	140.00	136.00	134.00	135.00	137.00	138.00	138.00	139.00	139.00	138.00	141.00	143.00	139.00	132.00	131.00	145.00	147.00	146.00	146.00	153.00	153.00	149.00	146.00	145.00	152.00	153.00	148.00	143.00	117.00	103.00	98.00	95.00	95.00	76.00	78.00	94.00	94.00	95.00	96.00	96.00	95.00	92.00	90.00	91.00	92.00	92.00	100.00	100.00	98.00	94.00	84.00	78.00	78.00	81.00	89.00	98.00	100.00	101.00	101.00	101.00	101.00	100.00	101.00	103.00	102.00	98.00	86.00	78.00	81.00	132.00	148.00	148.00	148.00	147.00	147.00	147.00	146.00	144.00	138.00	136.00	133.00	125.00	113.00	121.00	122.00	120.00	121.00	126.00	127.00	127.00	129.00	131.00	132.00	130.00	122.00	100.00	98.00	97.00	97.00	97.00	96.00	95.00	94.00	93.00	92.00	92.00	91.00	88.00	87.00	91.00	90.00	89.00	87.00	85.00	83.00	83.00	84.00	80.00	69.00	67.00	67.00	70.00	74.00	74.00	74.00	75.00	92.00	90.00	102.00	111.00	115.00	113.00	110.00	107.00	106.00	106.00	102.00	99.00	97.00	95.00	93.00	93.00	94.00	97.00	101.00	107.00	111.00	113.00	113.00	111.00	110.00	109.00	108.00	108.00	107.00	108.00	110.00	109.00	108.00	109.00	108.00	105.00	103.00	104.00	104.00	105.00	105.00	102.00	98.00	98.00	98.00	98.00	98.00	99.00	99.00	98.00	97.00	96.00	94.00	95.00	95.00	96.00	96.00	96.00	94.00	93.00	96.00	97.00	95.00	94.00	98.00	98.00	98.00	99.00	93.00	89.00	86.00	83.00	83.00	83.00	85.00	88.00	85.00	83.00	83.00	84.00	95.00	102.00	101.00	98.00	93.00	91.00	90.00	92.00	91.00	89.00	89.00	89.00	91.00	95.00
123.00	125.00	123.00	122.00	122.00	117.00	103.00	99.00	104.00	114.00	119.00	119.00	119.00	119.00	120.00	123.00	123.00	121.00	119.00	116.00	114.00	114.00	117.00	117.00	112.00	115.00	116.00	115.00	123.00	126.00	130.00	133.00	135.00	137.00	137.00	136.00	135.00	131.00	132.00	135.00	136.00	137.00	137.00	137.00	137.00	137.00	138.00	138.00	138.00	134.00	124.00	130.00	136.00	138.00	140.00	145.00	147.00	147.00	146.00	143.00	149.00	139.00	121.00	104.00	98.00	99.00	100.00	99.00	79.00	90.00	88.00	94.00	93.00	89.00	96.00	95.00	96.00	95.00	92.00	93.00	93.00	92.00	93.00	89.00	88.00	78.00	78.00	78.00	83.00	100.00	100.00	101.00	101.00	101.00	101.00	100.00	97.00	97.00	97.00	99.00	101.00	101.00	100.00	96.00	83.00	85.00	119.00	140.00	144.00	143.00	143.00	142.00	142.00	142.00	140.00	139.00	137.00	131.00	109.00	115.00	120.00	122.00	124.00	122.00	122.00	120.00	117.00	110.00	103.00	99.00	97.00	99.00	100.00	100.00	101.00	102.00	100.00	100.00	99.00	99.00	97.00	97.00	98.00	97.00	97.00	95.00	95.00	95.00	95.00	95.00	93.00	91.00	84.00	83.00	75.00	73.00	73.00	74.00	74.00	74.00	74.00	76.00	102.00	107.00	113.00	115.00	114.00	109.00	106.00	102.00	100.00	100.00	100.00	99.00	98.00	97.00	94.00	94.00	94.00	95.00	95.00	94.00	95.00	101.00	102.00	106.00	108.00	108.00	107.00	107.00	106.00	106.00	104.00	103.00	107.00	107.00	107.00	104.00	102.00	101.00	100.00	100.00	102.00	105.00	107.00	107.00	105.00	104.00	106.00	105.00	104.00	102.00	98.00	96.00	94.00	94.00	94.00	96.00	97.00	97.00	96.00	94.00	89.00	88.00	88.00	98.00	100.00	101.00	101.00	101.00	99.00	98.00	96.00	93.00	91.00	93.00	96.00	97.00	97.00	91.00	91.00	92.00	91.00	91.00	94.00	93.00	93.00	96.00	97.00	96.00	95.00	93.00	92.00	93.00	96.00	99.00
123.00	125.00	123.00	122.00	122.00	117.00	103.00	99.00	104.00	114.00	119.00	119.00	119.00	119.00	120.00	123.00	123.00	121.00	119.00	116.00	114.00	114.00	117.00	117.00	112.00	115.00	116.00	115.00	123.00	126.00	130.00	133.00	135.00	137.00	137.00	136.00	135.00	131.00	132.00	135.00	136.00	137.00	137.00	137.00	137.00	137.00	138.00	138.00	138.00	134.00	124.00	130.00	136.00	138.00	140.00	145.00	147.00	147.00	146.00	143.00	149.00	139.00	121.00	104.00	98.00	99.00	100.00	99.00	79.00	90.00	88.00	94.00	93.00	89.00	96.00	95.00	96.00	95.00	92.00	93.00	93.00	92.00	93.00	89.00	88.00	78.00	78.00	78.00	83.00	100.00	100.00	101.00	101.00	101.00	101.00	100.00	97.00	97.00	97.00	99.00	101.00	101.00	100.00	96.00	83.00	85.00	119.00	140.00	144.00	143.00	143.00	142.00	142.00	142.00	140.00	139.00	137.00	131.00	109.00	115.00	120.00	122.00	124.00	122.00	122.00	120.00	117.00	110.00	103.00	99.00	97.00	99.00	100.00	100.00	101.00	102.00	100.00	100.00	99.00	99.00	97.00	97.00	98.00	97.00	97.00	95.00	95.00	95.00	95.00	95.00	93.00	91.00	84.00	83.00	75.00	73.00	73.00	74.00	74.00	74.00	74.00	76.00	102.00	107.00	113.00	115.00	114.00	109.00	106.00	102.00	100.00	100.00	100.00	99.00	98.00	97.00	94.00	94.00	94.00	95.00	95.00	94.00	95.00	101.00	102.00	106.00	108.00	108.00	107.00	107.00	106.00	106.00	104.00	103.00	107.00	107.00	107.00	104.00	102.00	101.00	100.00	100.00	102.00	105.00	107.00	107.00	105.00	104.00	106.00	105.00	104.00	102.00	98.00	96.00	94.00	94.00	94.00	96.00	97.00	97.00	96.00	94.00	89.00	88.00	88.00	98.00	100.00	101.00	101.00	101.00	99.00	98.00	96.00	93.00	91.00	93.00	96.00	97.00	97.00	91.00	91.00	92.00	91.00	91.00	94.00	93.00	93.00	96.00	97.00	96.00	95.00	93.00	92.00	93.00	96.00	99.00
123.00	122.00	120.00	116.00	114.00	110.00	101.00	109.00	112.00	114.00	117.00	118.00	118.00	118.00	117.00	112.00	113.00	114.00	115.00	113.00	110.00	106.00	107.00	111.00	108.00	110.00	114.00	114.00	118.00	121.00	125.00	129.00	132.00	136.00	138.00	138.00	136.00	133.00	131.00	130.00	130.00	131.00	132.00	134.00	135.00	137.00	137.00	137.00	137.00	137.00	133.00	118.00	124.00	131.00	134.00	137.00	138.00	143.00	139.00	134.00	113.00	99.00	96.00	98.00	103.00	103.00	103.00	102.00	86.00	86.00	84.00	96.00	92.00	91.00	97.00	97.00	98.00	97.00	93.00	95.00	95.00	90.00	80.00	78.00	78.00	78.00	78.00	93.00	101.00	103.00	103.00	101.00	101.00	100.00	100.00	99.00	98.00	98.00	98.00	97.00	96.00	96.00	97.00	98.00	96.00	79.00	78.00	88.00	104.00	138.00	138.00	137.00	138.00	138.00	139.00	139.00	137.00	134.00	112.00	116.00	127.00	129.00	129.00	122.00	113.00	103.00	96.00	89.00	88.00	88.00	88.00	90.00	90.00	91.00	93.00	94.00	96.00	97.00	98.00	99.00	99.00	99.00	101.00	101.00	100.00	97.00	97.00	95.00	94.00	92.00	92.00	91.00	92.00	93.00	90.00	87.00	85.00	84.00	74.00	74.00	74.00	74.00	106.00	109.00	108.00	107.00	107.00	108.00	109.00	108.00	107.00	105.00	100.00	100.00	100.00	98.00	97.00	96.00	96.00	96.00	95.00	96.00	98.00	99.00	97.00	92.00	92.00	94.00	95.00	95.00	95.00	95.00	97.00	98.00	102.00	101.00	100.00	100.00	101.00	105.00	106.00	104.00	102.00	102.00	105.00	104.00	104.00	103.00	108.00	109.00	110.00	111.00	114.00	111.00	108.00	106.00	102.00	98.00	98.00	98.00	98.00	98.00	98.00	100.00	102.00	101.00	101.00	101.00	101.00	101.00	102.00	102.00	104.00	104.00	104.00	105.00	104.00	101.00	99.00	100.00	100.00	98.00	95.00	93.00	93.00	91.00	87.00	87.00	86.00	87.00	89.00	91.00	94.00	104.00	105.00	103.00
122.00	120.00	119.00	116.00	113.00	102.00	109.00	112.00	112.00	110.00	113.00	115.00	117.00	119.00	119.00	104.00	101.00	101.00	101.00	97.00	95.00	94.00	93.00	90.00	99.00	102.00	114.00	113.00	115.00	116.00	119.00	122.00	124.00	128.00	130.00	131.00	133.00	133.00	134.00	135.00	136.00	135.00	133.00	131.00	130.00	131.00	133.00	134.00	136.00	136.00	130.00	113.00	118.00	126.00	129.00	134.00	134.00	117.00	111.00	106.00	95.00	97.00	98.00	99.00	103.00	105.00	105.00	105.00	103.00	97.00	95.00	94.00	94.00	95.00	96.00	96.00	96.00	96.00	93.00	87.00	82.00	78.00	78.00	78.00	78.00	79.00	90.00	103.00	103.00	103.00	103.00	101.00	101.00	101.00	101.00	99.00	98.00	98.00	97.00	97.00	98.00	98.00	98.00	98.00	97.00	88.00	78.00	78.00	78.00	105.00	118.00	128.00	132.00	132.00	134.00	135.00	136.00	135.00	113.00	115.00	121.00	115.00	109.00	103.00	100.00	98.00	97.00	96.00	96.00	95.00	94.00	90.00	89.00	88.00	87.00	87.00	87.00	86.00	87.00	88.00	91.00	95.00	98.00	100.00	101.00	103.00	103.00	103.00	101.00	99.00	98.00	97.00	94.00	93.00	92.00	92.00	91.00	87.00	74.00	74.00	74.00	74.00	113.00	111.00	108.00	107.00	105.00	104.00	103.00	103.00	101.00	101.00	99.00	97.00	97.00	97.00	98.00	97.00	97.00	97.00	99.00	102.00	102.00	99.00	98.00	98.00	98.00	98.00	99.00	99.00	92.00	89.00	88.00	87.00	94.00	95.00	96.00	98.00	101.00	101.00	100.00	92.00	94.00	105.00	107.00	105.00	105.00	104.00	106.00	109.00	111.00	114.00	119.00	116.00	112.00	112.00	111.00	110.00	110.00	109.00	108.00	107.00	106.00	104.00	104.00	101.00	97.00	94.00	94.00	95.00	98.00	100.00	102.00	105.00	107.00	103.00	98.00	97.00	100.00	103.00	103.00	103.00	100.00	98.00	96.00	95.00	92.00	90.00	88.00	88.00	88.00	89.00	91.00	97.00	97.00	95.00
122.00	120.00	119.00	116.00	113.00	102.00	109.00	112.00	112.00	110.00	113.00	115.00	117.00	119.00	119.00	104.00	101.00	101.00	101.00	97.00	95.00	94.00	93.00	90.00	99.00	102.00	114.00	113.00	115.00	116.00	119.00	122.00	124.00	128.00	130.00	131.00	133.00	133.00	134.00	135.00	136.00	135.00	133.00	131.00	130.00	131.00	133.00	134.00	136.00	136.00	130.00	113.00	118.00	126.00	129.00	134.00	134.00	117.00	111.00	106.00	95.00	97.00	98.00	99.00	103.00	105.00	105.00	105.00	103.00	97.00	95.00	94.00	94.00	95.00	96.00	96.00	96.00	96.00	93.00	87.00	82.00	78.00	78.00	78.00	78.00	79.00	90.00	103.00	103.00	103.00	103.00	101.00	101.00	101.00	101.00	99.00	98.00	98.00	97.00	97.00	98.00	98.00	98.00	98.00	97.00	88.00	78.00	78.00	78.00	105.00	118.00	128.00	132.00	132.00	134.00	135.00	136.00	135.00	113.00	115.00	121.00	115.00	109.00	103.00	100.00	98.00	97.00	96.00	96.00	95.00	94.00	90.00	89.00	88.00	87.00	87.00	87.00	86.00	87.00	88.00	91.00	95.00	98.00	100.00	101.00	103.00	103.00	103.00	101.00	99.00	98.00	97.00	94.00	93.00	92.00	92.00	91.00	87.00	74.00	74.00	74.00	74.00	113.00	111.00	108.00	107.00	105.00	104.00	103.00	103.00	101.00	101.00	99.00	97.00	97.00	97.00	98.00	97.00	97.00	97.00	99.00	102.00	102.00	99.00	98.00	98.00	98.00	98.00	99.00	99.00	92.00	89.00	88.00	87.00	94.00	95.00	96.00	98.00	101.00	101.00	100.00	92.00	94.00	105.00	107.00	105.00	105.00	104.00	106.00	109.00	111.00	114.00	119.00	116.00	112.00	112.00	111.00	110.00	110.00	109.00	108.00	107.00	106.00	104.00	104.00	101.00	97.00	94.00	94.00	95.00	98.00	100.00	102.00	105.00	107.00	103.00	98.00	97.00	100.00	103.00	103.00	103.00	100.00	98.00	96.00	95.00	92.00	90.00	88.00	88.00	88.00	89.00	91.00	97.00	97.00	95.00
122.00	120.00	119.00	116.00	113.00	102.00	109.00	112.00	112.00	110.00	113.00	115.00	117.00	119.00	119.00	104.00	101.00	101.00	101.00	97.00	95.00	94.00	93.00	90.00	99.00	102.00	114.00	113.00	115.00	116.00	119.00	122.00	124.00	128.00	130.00	131.00	133.00	133.00	134.00	135.00	136.00	135.00	133.00	131.00	130.00	131.00	133.00	134.00	136.00	136.00	130.00	113.00	118.00	126.00	129.00	134.00	134.00	117.00	111.00	106.00	95.00	97.00	98.00	99.00	103.00	105.00	105.00	105.00	103.00	97.00	95.00	94.00	94.00	95.00	96.00	96.00	96.00	96.00	93.00	87.00	82.00	78.00	78.00	78.00	78.00	79.00	90.00	103.00	103.00	103.00	103.00	101.00	101.00	101.00	101.00	99.00	98.00	98.00	97.00	97.00	98.00	98.00	98.00	98.00	97.00	88.00	78.00	78.00	78.00	105.00	118.00	128.00	132.00	132.00	134.00	135.00	136.00	135.00	113.00	115.00	121.00	115.00	109.00	103.00	100.00	98.00	97.00	96.00	96.00	95.00	94.00	90.00	89.00	88.00	87.00	87.00	87.00	86.00	87.00	88.00	91.00	95.00	98.00	100.00	101.00	103.00	103.00	103.00	101.00	99.00	98.00	97.00	94.00	93.00	92.00	92.00	91.00	87.00	74.00	74.00	74.00	74.00	113.00	111.00	108.00	107.00	105.00	104.00	103.00	103.00	101.00	101.00	99.00	97.00	97.00	97.00	98.00	97.00	97.00	97.00	99.00	102.00	102.00	99.00	98.00	98.00	98.00	98.00	99.00	99.00	92.00	89.00	88.00	87.00	94.00	95.00	96.00	98.00	101.00	101.00	100.00	92.00	94.00	105.00	107.00	105.00	105.00	104.00	106.00	109.00	111.00	114.00	119.00	116.00	112.00	112.00	111.00	110.00	110.00	109.00	108.00	107.00	106.00	104.00	104.00	101.00	97.00	94.00	94.00	95.00	98.00	100.00	102.00	105.00	107.00	103.00	98.00	97.00	100.00	103.00	103.00	103.00	100.00	98.00	96.00	95.00	92.00	90.00	88.00	88.00	88.00	89.00	91.00	97.00	97.00	95.00
121.00	121.00	121.00	119.00	109.00	111.00	110.00	109.00	110.00	108.00	109.00	108.00	108.00	106.00	104.00	92.00	91.00	90.00	91.00	92.00	92.00	92.00	92.00	92.00	92.00	90.00	88.00	94.00	115.00	120.00	121.00	121.00	122.00	123.00	124.00	125.00	122.00	124.00	125.00	128.00	130.00	131.00	131.00	132.00	133.00	133.00	132.00	130.00	125.00	115.00	111.00	123.00	128.00	131.00	128.00	108.00	101.00	89.00	86.00	89.00	94.00	93.00	94.00	95.00	98.00	99.00	101.00	101.00	102.00	100.00	98.00	97.00	96.00	96.00	96.00	96.00	97.00	97.00	84.00	80.00	78.00	78.00	78.00	79.00	88.00	101.00	104.00	104.00	103.00	102.00	101.00	100.00	100.00	100.00	100.00	100.00	101.00	101.00	101.00	100.00	98.00	98.00	99.00	101.00	101.00	100.00	88.00	78.00	78.00	78.00	78.00	80.00	86.00	88.00	106.00	109.00	120.00	116.00	106.00	101.00	97.00	96.00	96.00	99.00	100.00	101.00	102.00	102.00	101.00	101.00	100.00	99.00	98.00	96.00	95.00	93.00	90.00	89.00	88.00	87.00	88.00	90.00	92.00	93.00	94.00	96.00	97.00	99.00	100.00	100.00	101.00	101.00	98.00	96.00	95.00	92.00	86.00	76.00	74.00	74.00	74.00	80.00	117.00	115.00	113.00	112.00	109.00	106.00	104.00	104.00	104.00	104.00	100.00	99.00	97.00	96.00	95.00	96.00	96.00	98.00	99.00	97.00	97.00	95.00	95.00	97.00	98.00	99.00	98.00	97.00	91.00	90.00	90.00	89.00	89.00	87.00	86.00	87.00	88.00	87.00	80.00	78.00	78.00	93.00	102.00	105.00	107.00	108.00	111.00	113.00	113.00	113.00	114.00	114.00	113.00	111.00	113.00	111.00	110.00	111.00	111.00	114.00	115.00	115.00	111.00	105.00	96.00	91.00	90.00	92.00	97.00	97.00	98.00	101.00	106.00	103.00	99.00	97.00	101.00	107.00	106.00	104.00	102.00	101.00	99.00	96.00	93.00	92.00	94.00	94.00	93.00	91.00	90.00	95.00	93.00	92.00
121.00	121.00	121.00	119.00	109.00	111.00	110.00	109.00	110.00	108.00	109.00	108.00	108.00	106.00	104.00	92.00	91.00	90.00	91.00	92.00	92.00	92.00	92.00	92.00	92.00	90.00	88.00	94.00	115.00	120.00	121.00	121.00	122.00	123.00	124.00	125.00	122.00	124.00	125.00	128.00	130.00	131.00	131.00	132.00	133.00	133.00	132.00	130.00	125.00	115.00	111.00	123.00	128.00	131.00	128.00	108.00	101.00	89.00	86.00	89.00	94.00	93.00	94.00	95.00	98.00	99.00	101.00	101.00	102.00	100.00	98.00	97.00	96.00	96.00	96.00	96.00	97.00	97.00	84.00	80.00	78.00	78.00	78.00	79.00	88.00	101.00	104.00	104.00	103.00	102.00	101.00	100.00	100.00	100.00	100.00	100.00	101.00	101.00	101.00	100.00	98.00	98.00	99.00	101.00	101.00	100.00	88.00	78.00	78.00	78.00	78.00	80.00	86.00	88.00	106.00	109.00	120.00	116.00	106.00	101.00	97.00	96.00	96.00	99.00	100.00	101.00	102.00	102.00	101.00	101.00	100.00	99.00	98.00	96.00	95.00	93.00	90.00	89.00	88.00	87.00	88.00	90.00	92.00	93.00	94.00	96.00	97.00	99.00	100.00	100.00	101.00	101.00	98.00	96.00	95.00	92.00	86.00	76.00	74.00	74.00	74.00	80.00	117.00	115.00	113.00	112.00	109.00	106.00	104.00	104.00	104.00	104.00	100.00	99.00	97.00	96.00	95.00	96.00	96.00	98.00	99.00	97.00	97.00	95.00	95.00	97.00	98.00	99.00	98.00	97.00	91.00	90.00	90.00	89.00	89.00	87.00	86.00	87.00	88.00	87.00	80.00	78.00	78.00	93.00	102.00	105.00	107.00	108.00	111.00	113.00	113.00	113.00	114.00	114.00	113.00	111.00	113.00	111.00	110.00	111.00	111.00	114.00	115.00	115.00	111.00	105.00	96.00	91.00	90.00	92.00	97.00	97.00	98.00	101.00	106.00	103.00	99.00	97.00	101.00	107.00	106.00	104.00	102.00	101.00	99.00	96.00	93.00	92.00	94.00	94.00	93.00	91.00	90.00	95.00	93.00	92.00
90.00	97.00	100.00	101.00	99.00	94.00	98.00	96.00	94.00	93.00	94.00	93.00	92.00	92.00	94.00	95.00	95.00	93.00	92.00	91.00	92.00	93.00	95.00	95.00	94.00	93.00	92.00	91.00	94.00	96.00	104.00	111.00	112.00	118.00	120.00	121.00	118.00	117.00	116.00	116.00	117.00	119.00	121.00	123.00	125.00	126.00	124.00	126.00	124.00	118.00	117.00	128.00	123.00	113.00	106.00	95.00	95.00	93.00	91.00	92.00	93.00	95.00	97.00	98.00	97.00	96.00	96.00	99.00	100.00	102.00	104.00	104.00	103.00	98.00	97.00	97.00	94.00	87.00	78.00	78.00	78.00	78.00	85.00	96.00	99.00	100.00	100.00	101.00	100.00	101.00	101.00	100.00	100.00	100.00	99.00	99.00	101.00	101.00	102.00	103.00	102.00	102.00	102.00	101.00	101.00	101.00	101.00	89.00	78.00	78.00	86.00	93.00	90.00	90.00	85.00	78.00	74.00	79.00	85.00	94.00	98.00	99.00	98.00	98.00	98.00	98.00	98.00	98.00	99.00	100.00	100.00	101.00	101.00	100.00	100.00	99.00	99.00	99.00	98.00	98.00	98.00	94.00	93.00	91.00	89.00	89.00	89.00	91.00	92.00	90.00	89.00	92.00	93.00	93.00	88.00	80.00	75.00	74.00	74.00	74.00	79.00	105.00	117.00	116.00	114.00	112.00	111.00	110.00	109.00	108.00	109.00	110.00	107.00	106.00	104.00	101.00	100.00	99.00	98.00	97.00	96.00	97.00	95.00	95.00	97.00	97.00	95.00	94.00	93.00	92.00	89.00	89.00	89.00	90.00	89.00	87.00	86.00	86.00	86.00	82.00	78.00	78.00	78.00	78.00	83.00	87.00	90.00	94.00	105.00	110.00	113.00	116.00	117.00	117.00	116.00	115.00	114.00	112.00	111.00	111.00	111.00	113.00	116.00	117.00	115.00	112.00	104.00	105.00	109.00	112.00	113.00	112.00	111.00	110.00	109.00	105.00	103.00	105.00	108.00	111.00	107.00	102.00	99.00	100.00	101.00	98.00	94.00	94.00	94.00	95.00	94.00	93.00	93.00	94.00	95.00	94.00
90.00	97.00	100.00	101.00	99.00	94.00	98.00	96.00	94.00	93.00	94.00	93.00	92.00	92.00	94.00	95.00	95.00	93.00	92.00	91.00	92.00	93.00	95.00	95.00	94.00	93.00	92.00	91.00	94.00	96.00	104.00	111.00	112.00	118.00	120.00	121.00	118.00	117.00	116.00	116.00	117.00	119.00	121.00	123.00	125.00	126.00	124.00	126.00	124.00	118.00	117.00	128.00	123.00	113.00	106.00	95.00	95.00	93.00	91.00	92.00	93.00	95.00	97.00	98.00	97.00	96.00	96.00	99.00	100.00	102.00	104.00	104.00	103.00	98.00	97.00	97.00	94.00	87.00	78.00	78.00	78.00	78.00	85.00	96.00	99.00	100.00	100.00	101.00	100.00	101.00	101.00	100.00	100.00	100.00	99.00	99.00	101.00	101.00	102.00	103.00	102.00	102.00	102.00	101.00	101.00	101.00	101.00	89.00	78.00	78.00	86.00	93.00	90.00	90.00	85.00	78.00	74.00	79.00	85.00	94.00	98.00	99.00	98.00	98.00	98.00	98.00	98.00	98.00	99.00	100.00	100.00	101.00	101.00	100.00	100.00	99.00	99.00	99.00	98.00	98.00	98.00	94.00	93.00	91.00	89.00	89.00	89.00	91.00	92.00	90.00	89.00	92.00	93.00	93.00	88.00	80.00	75.00	74.00	74.00	74.00	79.00	105.00	117.00	116.00	114.00	112.00	111.00	110.00	109.00	108.00	109.00	110.00	107.00	106.00	104.00	101.00	100.00	99.00	98.00	97.00	96.00	97.00	95.00	95.00	97.00	97.00	95.00	94.00	93.00	92.00	89.00	89.00	89.00	90.00	89.00	87.00	86.00	86.00	86.00	82.00	78.00	78.00	78.00	78.00	83.00	87.00	90.00	94.00	105.00	110.00	113.00	116.00	117.00	117.00	116.00	115.00	114.00	112.00	111.00	111.00	111.00	113.00	116.00	117.00	115.00	112.00	104.00	105.00	109.00	112.00	113.00	112.00	111.00	110.00	109.00	105.00	103.00	105.00	108.00	111.00	107.00	102.00	99.00	100.00	101.00	98.00	94.00	94.00	94.00	95.00	94.00	93.00	93.00	94.00	95.00	94.00
96.00	96.00	95.00	94.00	93.00	93.00	95.00	95.00	95.00	97.00	101.00	103.00	103.00	104.00	103.00	96.00	95.00	94.00	94.00	95.00	94.00	93.00	93.00	93.00	94.00	94.00	96.00	97.00	97.00	96.00	96.00	87.00	88.00	100.00	108.00	119.00	118.00	114.00	111.00	114.00	118.00	119.00	122.00	123.00	123.00	123.00	116.00	117.00	111.00	101.00	95.00	99.00	99.00	101.00	101.00	102.00	103.00	101.00	99.00	98.00	99.00	97.00	94.00	93.00	91.00	88.00	81.00	78.00	78.00	78.00	78.00	78.00	80.00	81.00	79.00	78.00	78.00	78.00	78.00	78.00	83.00	92.00	96.00	96.00	95.00	94.00	93.00	94.00	95.00	96.00	97.00	98.00	99.00	100.00	101.00	101.00	101.00	102.00	103.00	104.00	103.00	103.00	103.00	102.00	102.00	102.00	102.00	102.00	89.00	78.00	88.00	101.00	100.00	99.00	99.00	97.00	94.00	86.00	74.00	75.00	96.00	100.00	99.00	98.00	98.00	98.00	98.00	97.00	97.00	97.00	98.00	99.00	99.00	99.00	100.00	100.00	100.00	100.00	99.00	99.00	94.00	94.00	92.00	92.00	90.00	84.00	84.00	84.00	79.00	77.00	78.00	78.00	77.00	77.00	74.00	74.00	74.00	74.00	76.00	89.00	106.00	114.00	117.00	117.00	117.00	116.00	115.00	113.00	112.00	112.00	111.00	110.00	105.00	106.00	107.00	105.00	105.00	104.00	103.00	102.00	99.00	98.00	96.00	90.00	89.00	88.00	87.00	86.00	86.00	85.00	84.00	83.00	83.00	83.00	85.00	86.00	86.00	84.00	79.00	78.00	78.00	78.00	78.00	78.00	78.00	83.00	90.00	94.00	98.00	100.00	101.00	103.00	109.00	112.00	112.00	113.00	114.00	114.00	112.00	112.00	111.00	110.00	109.00	112.00	113.00	116.00	116.00	115.00	117.00	118.00	118.00	118.00	118.00	116.00	115.00	113.00	111.00	111.00	109.00	107.00	105.00	100.00	93.00	91.00	89.00	92.00	93.00	91.00	91.00	92.00	94.00	95.00	96.00	95.00	95.00	98.00
96.00	96.00	90.00	89.00	92.00	98.00	91.00	89.00	95.00	95.00	101.00	102.00	101.00	100.00	100.00	102.00	101.00	98.00	93.00	86.00	96.00	98.00	86.00	88.00	92.00	95.00	95.00	94.00	91.00	93.00	92.00	91.00	91.00	85.00	78.00	83.00	105.00	115.00	113.00	113.00	115.00	119.00	120.00	119.00	115.00	108.00	85.00	83.00	80.00	94.00	92.00	99.00	100.00	101.00	93.00	89.00	88.00	89.00	87.00	83.00	87.00	86.00	86.00	79.00	78.00	78.00	78.00	78.00	78.00	78.00	78.00	78.00	78.00	78.00	78.00	78.00	78.00	78.00	87.00	101.00	103.00	103.00	101.00	100.00	99.00	99.00	98.00	97.00	96.00	94.00	93.00	90.00	91.00	92.00	94.00	95.00	97.00	99.00	100.00	100.00	102.00	102.00	103.00	103.00	103.00	102.00	102.00	102.00	101.00	78.00	78.00	89.00	103.00	103.00	101.00	100.00	100.00	99.00	89.00	80.00	74.00	80.00	94.00	100.00	100.00	100.00	100.00	100.00	99.00	99.00	98.00	95.00	95.00	94.00	93.00	88.00	78.00	74.00	74.00	74.00	74.00	74.00	74.00	74.00	74.00	74.00	74.00	74.00	74.00	74.00	74.00	74.00	74.00	74.00	74.00	74.00	74.00	81.00	99.00	104.00	105.00	105.00	107.00	108.00	109.00	111.00	113.00	115.00	114.00	114.00	114.00	113.00	110.00	109.00	108.00	107.00	105.00	104.00	104.00	104.00	105.00	105.00	104.00	100.00	98.00	90.00	87.00	84.00	83.00	82.00	82.00	82.00	82.00	82.00	83.00	81.00	79.00	78.00	78.00	78.00	78.00	78.00	78.00	78.00	79.00	88.00	94.00	96.00	96.00	97.00	97.00	96.00	96.00	96.00	99.00	99.00	101.00	104.00	105.00	104.00	104.00	102.00	102.00	106.00	111.00	114.00	112.00	112.00	112.00	113.00	116.00	118.00	118.00	115.00	116.00	119.00	119.00	120.00	117.00	110.00	106.00	99.00	90.00	89.00	90.00	92.00	99.00	98.00	92.00	90.00	89.00	88.00	90.00	98.00	99.00	100.00
96.00	96.00	90.00	89.00	92.00	98.00	91.00	89.00	95.00	95.00	101.00	102.00	101.00	100.00	100.00	102.00	101.00	98.00	93.00	86.00	96.00	98.00	86.00	88.00	92.00	95.00	95.00	94.00	91.00	93.00	92.00	91.00	91.00	85.00	78.00	83.00	105.00	115.00	113.00	113.00	115.00	119.00	120.00	119.00	115.00	108.00	85.00	83.00	80.00	94.00	92.00	99.00	100.00	101.00	93.00	89.00	88.00	89.00	87.00	83.00	87.00	86.00	86.00	79.00	78.00	78.00	78.00	78.00	78.00	78.00	78.00	78.00	78.00	78.00	78.00	78.00	78.00	78.00	87.00	101.00	103.00	103.00	101.00	100.00	99.00	99.00	98.00	97.00	96.00	94.00	93.00	90.00	91.00	92.00	94.00	95.00	97.00	99.00	100.00	100.00	102.00	102.00	103.00	103.00	103.00	102.00	102.00	102.00	101.00	78.00	78.00	89.00	103.00	103.00	101.00	100.00	100.00	99.00	89.00	80.00	74.00	80.00	94.00	100.00	100.00	100.00	100.00	100.00	99.00	99.00	98.00	95.00	95.00	94.00	93.00	88.00	78.00	74.00	74.00	74.00	74.00	74.00	74.00	74.00	74.00	74.00	74.00	74.00	74.00	74.00	74.00	74.00	74.00	74.00	74.00	74.00	74.00	81.00	99.00	104.00	105.00	105.00	107.00	108.00	109.00	111.00	113.00	115.00	114.00	114.00	114.00	113.00	110.00	109.00	108.00	107.00	105.00	104.00	104.00	104.00	105.00	105.00	104.00	100.00	98.00	90.00	87.00	84.00	83.00	82.00	82.00	82.00	82.00	82.00	83.00	81.00	79.00	78.00	78.00	78.00	78.00	78.00	78.00	78.00	79.00	88.00	94.00	96.00	96.00	97.00	97.00	96.00	96.00	96.00	99.00	99.00	101.00	104.00	105.00	104.00	104.00	102.00	102.00	106.00	111.00	114.00	112.00	112.00	112.00	113.00	116.00	118.00	118.00	115.00	116.00	119.00	119.00	120.00	117.00	110.00	106.00	99.00	90.00	89.00	90.00	92.00	99.00	98.00	92.00	90.00	89.00	88.00	90.00	98.00	99.00	100.00
97.00	96.00	89.00	94.00	97.00	96.00	95.00	96.00	105.00	106.00	102.00	95.00	91.00	90.00	90.00	83.00	83.00	79.00	78.00	84.00	80.00	80.00	78.00	78.00	78.00	79.00	78.00	78.00	78.00	78.00	78.00	78.00	78.00	78.00	78.00	78.00	78.00	81.00	90.00	95.00	98.00	100.00	92.00	91.00	87.00	87.00	83.00	83.00	83.00	83.00	82.00	82.00	81.00	78.00	78.00	78.00	78.00	80.00	82.00	82.00	82.00	82.00	82.00	79.00	78.00	78.00	78.00	78.00	78.00	78.00	78.00	78.00	82.00	78.00	78.00	78.00	81.00	88.00	105.00	106.00	106.00	109.00	111.00	110.00	108.00	102.00	90.00	100.00	99.00	107.00	107.00	106.00	105.00	105.00	105.00	103.00	98.00	97.00	96.00	94.00	96.00	98.00	99.00	101.00	101.00	100.00	101.00	102.00	102.00	79.00	78.00	78.00	91.00	101.00	101.00	100.00	100.00	101.00	101.00	100.00	95.00	88.00	77.00	85.00	95.00	100.00	100.00	100.00	99.00	99.00	98.00	81.00	75.00	75.00	74.00	74.00	74.00	74.00	74.00	74.00	86.00	89.00	88.00	88.00	88.00	86.00	85.00	83.00	81.00	74.00	74.00	74.00	76.00	80.00	90.00	99.00	107.00	108.00	105.00	105.00	104.00	104.00	103.00	104.00	104.00	104.00	104.00	106.00	107.00	109.00	110.00	111.00	111.00	110.00	110.00	110.00	108.00	108.00	108.00	108.00	108.00	107.00	105.00	105.00	105.00	102.00	99.00	98.00	96.00	93.00	88.00	85.00	83.00	82.00	80.00	81.00	81.00	80.00	79.00	78.00	78.00	78.00	78.00	80.00	87.00	97.00	103.00	102.00	96.00	93.00	91.00	89.00	88.00	88.00	90.00	92.00	97.00	105.00	103.00	100.00	99.00	95.00	97.00	99.00	103.00	109.00	109.00	109.00	111.00	111.00	112.00	111.00	109.00	109.00	113.00	115.00	116.00	117.00	115.00	108.00	106.00	102.00	98.00	99.00	105.00	103.00	101.00	99.00	97.00	96.00	95.00	94.00	93.00	95.00	95.00	95.00
94.00	97.00	94.00	98.00	97.00	97.00	98.00	99.00	101.00	93.00	81.00	78.00	78.00	78.00	78.00	78.00	78.00	78.00	78.00	78.00	78.00	78.00	78.00	78.00	78.00	78.00	78.00	78.00	83.00	86.00	86.00	86.00	89.00	91.00	92.00	92.00	88.00	81.00	78.00	78.00	78.00	78.00	78.00	78.00	78.00	78.00	78.00	78.00	78.00	78.00	78.00	78.00	78.00	78.00	78.00	78.00	78.00	78.00	78.00	78.00	78.00	78.00	81.00	85.00	78.00	79.00	81.00	81.00	83.00	84.00	87.00	89.00	89.00	90.00	94.00	99.00	103.00	104.00	103.00	101.00	101.00	102.00	104.00	102.00	100.00	93.00	79.00	89.00	89.00	105.00	107.00	108.00	109.00	109.00	109.00	108.00	107.00	107.00	106.00	103.00	100.00	99.00	98.00	98.00	98.00	98.00	99.00	100.00	100.00	90.00	80.00	78.00	78.00	85.00	97.00	99.00	98.00	98.00	98.00	98.00	99.00	99.00	99.00	89.00	81.00	74.00	76.00	84.00	84.00	84.00	84.00	74.00	74.00	74.00	74.00	74.00	74.00	74.00	74.00	74.00	79.00	88.00	93.00	92.00	91.00	88.00	85.00	82.00	79.00	90.00	97.00	104.00	110.00	110.00	111.00	111.00	112.00	112.00	111.00	112.00	111.00	111.00	108.00	106.00	105.00	104.00	102.00	102.00	101.00	101.00	102.00	102.00	104.00	105.00	104.00	105.00	107.00	108.00	109.00	109.00	110.00	110.00	110.00	109.00	104.00	94.00	93.00	93.00	93.00	93.00	93.00	94.00	100.00	100.00	98.00	96.00	93.00	90.00	87.00	91.00	94.00	94.00	94.00	91.00	97.00	102.00	103.00	100.00	94.00	91.00	89.00	88.00	88.00	88.00	88.00	88.00	94.00	104.00	103.00	100.00	96.00	95.00	98.00	99.00	100.00	100.00	102.00	102.00	103.00	101.00	89.00	88.00	88.00	91.00	92.00	101.00	103.00	106.00	108.00	107.00	105.00	106.00	105.00	104.00	107.00	106.00	101.00	99.00	98.00	99.00	101.00	101.00	102.00	102.00	104.00	103.00
94.00	97.00	94.00	98.00	97.00	97.00	98.00	99.00	101.00	93.00	81.00	78.00	78.00	78.00	78.00	78.00	78.00	78.00	78.00	78.00	78.00	78.00	78.00	78.00	78.00	78.00	78.00	78.00	83.00	86.00	86.00	86.00	89.00	91.00	92.00	92.00	88.00	81.00	78.00	78.00	78.00	78.00	78.00	78.00	78.00	78.00	78.00	78.00	78.00	78.00	78.00	78.00	78.00	78.00	78.00	78.00	78.00	78.00	78.00	78.00	78.00	78.00	81.00	85.00	78.00	79.00	81.00	81.00	83.00	84.00	87.00	89.00	89.00	90.00	94.00	99.00	103.00	104.00	103.00	101.00	101.00	102.00	104.00	102.00	100.00	93.00	79.00	89.00	89.00	105.00	107.00	108.00	109.00	109.00	109.00	108.00	107.00	107.00	106.00	103.00	100.00	99.00	98.00	98.00	98.00	98.00	99.00	100.00	100.00	90.00	80.00	78.00	78.00	85.00	97.00	99.00	98.00	98.00	98.00	98.00	99.00	99.00	99.00	89.00	81.00	74.00	76.00	84.00	84.00	84.00	84.00	74.00	74.00	74.00	74.00	74.00	74.00	74.00	74.00	74.00	79.00	88.00	93.00	92.00	91.00	88.00	85.00	82.00	79.00	90.00	97.00	104.00	110.00	110.00	111.00	111.00	112.00	112.00	111.00	112.00	111.00	111.00	108.00	106.00	105.00	104.00	102.00	102.00	101.00	101.00	102.00	102.00	104.00	105.00	104.00	105.00	107.00	108.00	109.00	109.00	110.00	110.00	110.00	109.00	104.00	94.00	93.00	93.00	93.00	93.00	93.00	94.00	100.00	100.00	98.00	96.00	93.00	90.00	87.00	91.00	94.00	94.00	94.00	91.00	97.00	102.00	103.00	100.00	94.00	91.00	89.00	88.00	88.00	88.00	88.00	88.00	94.00	104.00	103.00	100.00	96.00	95.00	98.00	99.00	100.00	100.00	102.00	102.00	103.00	101.00	89.00	88.00	88.00	91.00	92.00	101.00	103.00	106.00	108.00	107.00	105.00	106.00	105.00	104.00	107.00	106.00	101.00	99.00	98.00	99.00	101.00	101.00	102.00	102.00	104.00	103.00
90.00	94.00	95.00	96.00	97.00	98.00	96.00	89.00	81.00	78.00	78.00	78.00	78.00	78.00	78.00	78.00	78.00	79.00	82.00	85.00	86.00	85.00	86.00	88.00	90.00	93.00	95.00	101.00	100.00	99.00	99.00	97.00	97.00	96.00	97.00	97.00	98.00	96.00	95.00	92.00	91.00	91.00	91.00	88.00	88.00	87.00	90.00	92.00	93.00	93.00	93.00	93.00	93.00	92.00	92.00	92.00	92.00	91.00	92.00	92.00	89.00	87.00	83.00	83.00	90.00	86.00	85.00	85.00	89.00	93.00	95.00	97.00	98.00	101.00	100.00	100.00	101.00	103.00	105.00	105.00	104.00	102.00	99.00	97.00	96.00	95.00	96.00	97.00	97.00	96.00	97.00	74.00	81.00	99.00	103.00	106.00	108.00	109.00	109.00	108.00	109.00	109.00	109.00	108.00	106.00	103.00	101.00	100.00	99.00	91.00	89.00	84.00	80.00	76.00	74.00	77.00	87.00	93.00	95.00	98.00	96.00	92.00	91.00	94.00	95.00	94.00	87.00	74.00	74.00	74.00	74.00	74.00	74.00	75.00	85.00	87.00	93.00	96.00	98.00	96.00	91.00	80.00	75.00	77.00	80.00	87.00	90.00	97.00	101.00	105.00	107.00	108.00	108.00	107.00	107.00	108.00	109.00	109.00	110.00	111.00	111.00	111.00	111.00	111.00	111.00	110.00	109.00	106.00	105.00	103.00	101.00	100.00	99.00	99.00	100.00	101.00	102.00	101.00	102.00	103.00	104.00	105.00	104.00	98.00	93.00	93.00	93.00	93.00	93.00	93.00	93.00	95.00	104.00	104.00	102.00	103.00	103.00	103.00	102.00	109.00	112.00	111.00	111.00	109.00	105.00	103.00	101.00	98.00	94.00	90.00	86.00	88.00	88.00	88.00	88.00	89.00	97.00	107.00	105.00	100.00	95.00	94.00	95.00	96.00	97.00	98.00	94.00	92.00	90.00	88.00	88.00	88.00	88.00	88.00	88.00	92.00	101.00	109.00	114.00	108.00	103.00	105.00	106.00	106.00	105.00	100.00	99.00	102.00	105.00	106.00	107.00	108.00	107.00	107.00	109.00	112.00
90.00	94.00	95.00	96.00	97.00	98.00	96.00	89.00	81.00	78.00	78.00	78.00	78.00	78.00	78.00	78.00	78.00	79.00	82.00	85.00	86.00	85.00	86.00	88.00	90.00	93.00	95.00	101.00	100.00	99.00	99.00	97.00	97.00	96.00	97.00	97.00	98.00	96.00	95.00	92.00	91.00	91.00	91.00	88.00	88.00	87.00	90.00	92.00	93.00	93.00	93.00	93.00	93.00	92.00	92.00	92.00	92.00	91.00	92.00	92.00	89.00	87.00	83.00	83.00	90.00	86.00	85.00	85.00	89.00	93.00	95.00	97.00	98.00	101.00	100.00	100.00	101.00	103.00	105.00	105.00	104.00	102.00	99.00	97.00	96.00	95.00	96.00	97.00	97.00	96.00	97.00	74.00	81.00	99.00	103.00	106.00	108.00	109.00	109.00	108.00	109.00	109.00	109.00	108.00	106.00	103.00	101.00	100.00	99.00	91.00	89.00	84.00	80.00	76.00	74.00	77.00	87.00	93.00	95.00	98.00	96.00	92.00	91.00	94.00	95.00	94.00	87.00	74.00	74.00	74.00	74.00	74.00	74.00	75.00	85.00	87.00	93.00	96.00	98.00	96.00	91.00	80.00	75.00	77.00	80.00	87.00	90.00	97.00	101.00	105.00	107.00	108.00	108.00	107.00	107.00	108.00	109.00	109.00	110.00	111.00	111.00	111.00	111.00	111.00	111.00	110.00	109.00	106.00	105.00	103.00	101.00	100.00	99.00	99.00	100.00	101.00	102.00	101.00	102.00	103.00	104.00	105.00	104.00	98.00	93.00	93.00	93.00	93.00	93.00	93.00	93.00	95.00	104.00	104.00	102.00	103.00	103.00	103.00	102.00	109.00	112.00	111.00	111.00	109.00	105.00	103.00	101.00	98.00	94.00	90.00	86.00	88.00	88.00	88.00	88.00	89.00	97.00	107.00	105.00	100.00	95.00	94.00	95.00	96.00	97.00	98.00	94.00	92.00	90.00	88.00	88.00	88.00	88.00	88.00	88.00	92.00	101.00	109.00	114.00	108.00	103.00	105.00	106.00	106.00	105.00	100.00	99.00	102.00	105.00	106.00	107.00	108.00	107.00	107.00	109.00	112.00
89.00	90.00	90.00	92.00	93.00	93.00	78.00	78.00	78.00	78.00	78.00	78.00	78.00	78.00	78.00	86.00	89.00	95.00	96.00	96.00	96.00	96.00	95.00	97.00	101.00	101.00	100.00	100.00	101.00	101.00	101.00	101.00	99.00	96.00	96.00	96.00	96.00	97.00	98.00	97.00	96.00	96.00	97.00	98.00	99.00	99.00	99.00	100.00	101.00	102.00	103.00	101.00	100.00	99.00	100.00	99.00	96.00	96.00	98.00	99.00	96.00	94.00	91.00	93.00	101.00	102.00	101.00	100.00	101.00	99.00	100.00	101.00	102.00	104.00	103.00	102.00	103.00	104.00	102.00	102.00	101.00	99.00	98.00	95.00	86.00	79.00	99.00	84.00	87.00	95.00	94.00	74.00	74.00	91.00	83.00	77.00	88.00	94.00	99.00	103.00	106.00	108.00	108.00	109.00	109.00	107.00	106.00	106.00	105.00	100.00	97.00	94.00	93.00	87.00	79.00	77.00	74.00	74.00	74.00	74.00	74.00	74.00	74.00	74.00	74.00	76.00	77.00	74.00	74.00	74.00	74.00	85.00	95.00	103.00	102.00	100.00	97.00	97.00	96.00	96.00	96.00	95.00	97.00	102.00	105.00	107.00	106.00	106.00	106.00	103.00	103.00	103.00	103.00	103.00	104.00	104.00	104.00	104.00	105.00	104.00	104.00	104.00	105.00	107.00	109.00	109.00	109.00	108.00	108.00	107.00	106.00	105.00	104.00	103.00	102.00	101.00	98.00	97.00	96.00	96.00	98.00	95.00	93.00	93.00	93.00	93.00	93.00	93.00	93.00	93.00	101.00	104.00	105.00	105.00	106.00	107.00	107.00	106.00	105.00	110.00	111.00	111.00	112.00	114.00	114.00	114.00	111.00	104.00	101.00	97.00	90.00	88.00	88.00	88.00	89.00	92.00	99.00	105.00	103.00	97.00	98.00	98.00	101.00	99.00	97.00	96.00	94.00	91.00	92.00	91.00	92.00	92.00	93.00	93.00	92.00	92.00	96.00	100.00	102.00	98.00	97.00	99.00	99.00	99.00	102.00	104.00	101.00	103.00	104.00	105.00	105.00	106.00	108.00	110.00	111.00	112.00
92.00	91.00	91.00	92.00	94.00	82.00	78.00	78.00	78.00	78.00	78.00	82.00	90.00	93.00	94.00	98.00	98.00	97.00	96.00	97.00	97.00	98.00	99.00	100.00	102.00	102.00	101.00	101.00	101.00	100.00	99.00	100.00	101.00	102.00	101.00	101.00	98.00	98.00	99.00	100.00	100.00	99.00	97.00	96.00	96.00	96.00	98.00	99.00	99.00	100.00	100.00	99.00	99.00	98.00	98.00	100.00	100.00	100.00	100.00	100.00	94.00	91.00	93.00	98.00	100.00	101.00	103.00	103.00	102.00	102.00	102.00	103.00	104.00	104.00	103.00	103.00	103.00	102.00	102.00	103.00	102.00	101.00	102.00	101.00	87.00	80.00	90.00	88.00	80.00	92.00	97.00	84.00	93.00	80.00	75.00	74.00	74.00	77.00	91.00	95.00	98.00	99.00	100.00	101.00	102.00	103.00	104.00	105.00	105.00	102.00	101.00	99.00	98.00	97.00	97.00	95.00	92.00	89.00	82.00	78.00	77.00	77.00	77.00	82.00	83.00	88.00	89.00	92.00	95.00	96.00	98.00	103.00	101.00	101.00	101.00	101.00	99.00	98.00	98.00	98.00	98.00	105.00	109.00	111.00	112.00	112.00	112.00	112.00	111.00	109.00	108.00	108.00	106.00	106.00	105.00	104.00	103.00	103.00	103.00	104.00	104.00	104.00	103.00	103.00	103.00	101.00	100.00	102.00	103.00	105.00	105.00	105.00	105.00	104.00	104.00	105.00	103.00	101.00	99.00	98.00	99.00	100.00	96.00	95.00	93.00	94.00	94.00	94.00	94.00	96.00	102.00	102.00	100.00	96.00	107.00	110.00	111.00	111.00	112.00	111.00	111.00	113.00	114.00	113.00	113.00	110.00	101.00	93.00	99.00	103.00	105.00	102.00	96.00	97.00	98.00	99.00	101.00	102.00	101.00	97.00	95.00	95.00	96.00	94.00	97.00	100.00	100.00	97.00	94.00	93.00	93.00	95.00	96.00	96.00	94.00	95.00	98.00	103.00	106.00	99.00	94.00	90.00	86.00	83.00	84.00	87.00	94.00	97.00	101.00	102.00	102.00	101.00	101.00	108.00	110.00	111.00
92.00	91.00	91.00	92.00	94.00	82.00	78.00	78.00	78.00	78.00	78.00	82.00	90.00	93.00	94.00	98.00	98.00	97.00	96.00	97.00	97.00	98.00	99.00	100.00	102.00	102.00	101.00	101.00	101.00	100.00	99.00	100.00	101.00	102.00	101.00	101.00	98.00	98.00	99.00	100.00	100.00	99.00	97.00	96.00	96.00	96.00	98.00	99.00	99.00	100.00	100.00	99.00	99.00	98.00	98.00	100.00	100.00	100.00	100.00	100.00	94.00	91.00	93.00	98.00	100.00	101.00	103.00	103.00	102.00	102.00	102.00	103.00	104.00	104.00	103.00	103.00	103.00	102.00	102.00	103.00	102.00	101.00	102.00	101.00	87.00	80.00	90.00	88.00	80.00	92.00	97.00	84.00	93.00	80.00	75.00	74.00	74.00	77.00	91.00	95.00	98.00	99.00	100.00	101.00	102.00	103.00	104.00	105.00	105.00	102.00	101.00	99.00	98.00	97.00	97.00	95.00	92.00	89.00	82.00	78.00	77.00	77.00	77.00	82.00	83.00	88.00	89.00	92.00	95.00	96.00	98.00	103.00	101.00	101.00	101.00	101.00	99.00	98.00	98.00	98.00	98.00	105.00	109.00	111.00	112.00	112.00	112.00	112.00	111.00	109.00	108.00	108.00	106.00	106.00	105.00	104.00	103.00	103.00	103.00	104.00	104.00	104.00	103.00	103.00	103.00	101.00	100.00	102.00	103.00	105.00	105.00	105.00	105.00	104.00	104.00	105.00	103.00	101.00	99.00	98.00	99.00	100.00	96.00	95.00	93.00	94.00	94.00	94.00	94.00	96.00	102.00	102.00	100.00	96.00	107.00	110.00	111.00	111.00	112.00	111.00	111.00	113.00	114.00	113.00	113.00	110.00	101.00	93.00	99.00	103.00	105.00	102.00	96.00	97.00	98.00	99.00	101.00	102.00	101.00	97.00	95.00	95.00	96.00	94.00	97.00	100.00	100.00	97.00	94.00	93.00	93.00	95.00	96.00	96.00	94.00	95.00	98.00	103.00	106.00	99.00	94.00	90.00	86.00	83.00	84.00	87.00	94.00	97.00	101.00	102.00	102.00	101.00	101.00	108.00	110.00	111.00
92.00	91.00	91.00	92.00	94.00	82.00	78.00	78.00	78.00	78.00	78.00	82.00	90.00	93.00	94.00	98.00	98.00	97.00	96.00	97.00	97.00	98.00	99.00	100.00	102.00	102.00	101.00	101.00	101.00	100.00	99.00	100.00	101.00	102.00	101.00	101.00	98.00	98.00	99.00	100.00	100.00	99.00	97.00	96.00	96.00	96.00	98.00	99.00	99.00	100.00	100.00	99.00	99.00	98.00	98.00	100.00	100.00	100.00	100.00	100.00	94.00	91.00	93.00	98.00	100.00	101.00	103.00	103.00	102.00	102.00	102.00	103.00	104.00	104.00	103.00	103.00	103.00	102.00	102.00	103.00	102.00	101.00	102.00	101.00	87.00	80.00	90.00	88.00	80.00	92.00	97.00	84.00	93.00	80.00	75.00	74.00	74.00	77.00	91.00	95.00	98.00	99.00	100.00	101.00	102.00	103.00	104.00	105.00	105.00	102.00	101.00	99.00	98.00	97.00	97.00	95.00	92.00	89.00	82.00	78.00	77.00	77.00	77.00	82.00	83.00	88.00	89.00	92.00	95.00	96.00	98.00	103.00	101.00	101.00	101.00	101.00	99.00	98.00	98.00	98.00	98.00	105.00	109.00	111.00	112.00	112.00	112.00	112.00	111.00	109.00	108.00	108.00	106.00	106.00	105.00	104.00	103.00	103.00	103.00	104.00	104.00	104.00	103.00	103.00	103.00	101.00	100.00	102.00	103.00	105.00	105.00	105.00	105.00	104.00	104.00	105.00	103.00	101.00	99.00	98.00	99.00	100.00	96.00	95.00	93.00	94.00	94.00	94.00	94.00	96.00	102.00	102.00	100.00	96.00	107.00	110.00	111.00	111.00	112.00	111.00	111.00	113.00	114.00	113.00	113.00	110.00	101.00	93.00	99.00	103.00	105.00	102.00	96.00	97.00	98.00	99.00	101.00	102.00	101.00	97.00	95.00	95.00	96.00	94.00	97.00	100.00	100.00	97.00	94.00	93.00	93.00	95.00	96.00	96.00	94.00	95.00	98.00	103.00	106.00	99.00	94.00	90.00	86.00	83.00	84.00	87.00	94.00	97.00	101.00	102.00	102.00	101.00	101.00	108.00	110.00	111.00
92.00	94.00	91.00	85.00	81.00	78.00	78.00	78.00	78.00	78.00	87.00	94.00	92.00	91.00	91.00	91.00	92.00	95.00	97.00	99.00	98.00	96.00	101.00	102.00	102.00	102.00	101.00	101.00	100.00	101.00	101.00	100.00	99.00	98.00	98.00	100.00	102.00	101.00	102.00	101.00	100.00	100.00	103.00	103.00	102.00	101.00	102.00	102.00	101.00	99.00	98.00	98.00	98.00	100.00	100.00	100.00	99.00	99.00	98.00	98.00	99.00	98.00	99.00	106.00	109.00	108.00	106.00	105.00	103.00	103.00	102.00	101.00	100.00	103.00	104.00	110.00	116.00	116.00	108.00	106.00	104.00	104.00	104.00	102.00	102.00	102.00	103.00	101.00	100.00	101.00	102.00	100.00	100.00	92.00	96.00	101.00	101.00	101.00	101.00	100.00	100.00	100.00	100.00	101.00	99.00	98.00	99.00	101.00	102.00	100.00	100.00	101.00	101.00	101.00	100.00	100.00	99.00	99.00	97.00	97.00	96.00	95.00	94.00	93.00	92.00	92.00	92.00	95.00	97.00	98.00	98.00	98.00	98.00	97.00	97.00	97.00	96.00	96.00	96.00	97.00	101.00	108.00	109.00	109.00	110.00	111.00	111.00	110.00	110.00	110.00	110.00	109.00	108.00	108.00	107.00	106.00	106.00	107.00	106.00	106.00	106.00	105.00	102.00	97.00	95.00	96.00	95.00	95.00	96.00	96.00	97.00	96.00	99.00	100.00	100.00	101.00	101.00	101.00	100.00	101.00	104.00	107.00	108.00	108.00	107.00	105.00	104.00	99.00	95.00	92.00	97.00	99.00	98.00	97.00	101.00	103.00	104.00	104.00	105.00	106.00	108.00	110.00	112.00	113.00	107.00	93.00	93.00	93.00	93.00	93.00	93.00	93.00	93.00	93.00	93.00	93.00	94.00	108.00	105.00	99.00	93.00	93.00	96.00	98.00	100.00	101.00	100.00	100.00	102.00	103.00	99.00	99.00	100.00	102.00	103.00	102.00	102.00	102.00	102.00	95.00	90.00	88.00	87.00	87.00	85.00	85.00	85.00	84.00	84.00	84.00	86.00	89.00	93.00	101.00	104.00	108.00
92.00	80.00	79.00	78.00	78.00	78.00	80.00	82.00	87.00	92.00	93.00	91.00	88.00	87.00	89.00	94.00	95.00	94.00	95.00	96.00	90.00	79.00	83.00	97.00	99.00	101.00	104.00	103.00	101.00	99.00	100.00	101.00	99.00	96.00	96.00	96.00	98.00	100.00	101.00	103.00	104.00	104.00	103.00	103.00	103.00	103.00	105.00	106.00	106.00	105.00	104.00	103.00	102.00	101.00	99.00	99.00	99.00	99.00	99.00	99.00	101.00	101.00	104.00	108.00	110.00	109.00	108.00	108.00	108.00	106.00	104.00	104.00	104.00	105.00	110.00	115.00	118.00	118.00	115.00	114.00	112.00	110.00	109.00	110.00	109.00	109.00	111.00	111.00	110.00	105.00	103.00	101.00	101.00	100.00	99.00	99.00	99.00	99.00	99.00	98.00	99.00	100.00	102.00	103.00	103.00	101.00	100.00	101.00	102.00	103.00	102.00	100.00	100.00	99.00	98.00	98.00	99.00	99.00	100.00	101.00	101.00	100.00	100.00	97.00	97.00	96.00	96.00	94.00	94.00	95.00	94.00	93.00	94.00	95.00	96.00	98.00	97.00	95.00	96.00	99.00	106.00	109.00	109.00	109.00	108.00	108.00	108.00	109.00	108.00	108.00	108.00	108.00	109.00	109.00	109.00	108.00	107.00	106.00	106.00	106.00	107.00	107.00	103.00	98.00	97.00	97.00	96.00	95.00	96.00	97.00	98.00	97.00	95.00	95.00	95.00	95.00	94.00	94.00	95.00	99.00	105.00	107.00	108.00	108.00	108.00	108.00	108.00	109.00	109.00	108.00	107.00	106.00	104.00	99.00	99.00	99.00	100.00	101.00	102.00	102.00	101.00	99.00	101.00	107.00	95.00	93.00	93.00	93.00	93.00	93.00	93.00	93.00	93.00	93.00	93.00	93.00	95.00	111.00	108.00	105.00	99.00	105.00	110.00	110.00	109.00	105.00	103.00	102.00	101.00	102.00	98.00	94.00	97.00	101.00	103.00	106.00	107.00	107.00	106.00	99.00	92.00	88.00	87.00	87.00	87.00	88.00	88.00	91.00	92.00	90.00	87.00	85.00	86.00	93.00	96.00	98.00
92.00	80.00	79.00	78.00	78.00	78.00	80.00	82.00	87.00	92.00	93.00	91.00	88.00	87.00	89.00	94.00	95.00	94.00	95.00	96.00	90.00	79.00	83.00	97.00	99.00	101.00	104.00	103.00	101.00	99.00	100.00	101.00	99.00	96.00	96.00	96.00	98.00	100.00	101.00	103.00	104.00	104.00	103.00	103.00	103.00	103.00	105.00	106.00	106.00	105.00	104.00	103.00	102.00	101.00	99.00	99.00	99.00	99.00	99.00	99.00	101.00	101.00	104.00	108.00	110.00	109.00	108.00	108.00	108.00	106.00	104.00	104.00	104.00	105.00	110.00	115.00	118.00	118.00	115.00	114.00	112.00	110.00	109.00	110.00	109.00	109.00	111.00	111.00	110.00	105.00	103.00	101.00	101.00	100.00	99.00	99.00	99.00	99.00	99.00	98.00	99.00	100.00	102.00	103.00	103.00	101.00	100.00	101.00	102.00	103.00	102.00	100.00	100.00	99.00	98.00	98.00	99.00	99.00	100.00	101.00	101.00	100.00	100.00	97.00	97.00	96.00	96.00	94.00	94.00	95.00	94.00	93.00	94.00	95.00	96.00	98.00	97.00	95.00	96.00	99.00	106.00	109.00	109.00	109.00	108.00	108.00	108.00	109.00	108.00	108.00	108.00	108.00	109.00	109.00	109.00	108.00	107.00	106.00	106.00	106.00	107.00	107.00	103.00	98.00	97.00	97.00	96.00	95.00	96.00	97.00	98.00	97.00	95.00	95.00	95.00	95.00	94.00	94.00	95.00	99.00	105.00	107.00	108.00	108.00	108.00	108.00	108.00	109.00	109.00	108.00	107.00	106.00	104.00	99.00	99.00	99.00	100.00	101.00	102.00	102.00	101.00	99.00	101.00	107.00	95.00	93.00	93.00	93.00	93.00	93.00	93.00	93.00	93.00	93.00	93.00	93.00	95.00	111.00	108.00	105.00	99.00	105.00	110.00	110.00	109.00	105.00	103.00	102.00	101.00	102.00	98.00	94.00	97.00	101.00	103.00	106.00	107.00	107.00	106.00	99.00	92.00	88.00	87.00	87.00	87.00	88.00	88.00	91.00	92.00	90.00	87.00	85.00	86.00	93.00	96.00	98.00
78.00	78.00	78.00	79.00	78.00	79.00	92.00	93.00	93.00	92.00	95.00	95.00	93.00	92.00	92.00	91.00	91.00	91.00	91.00	91.00	91.00	88.00	80.00	81.00	90.00	89.00	86.00	93.00	97.00	97.00	98.00	99.00	100.00	90.00	86.00	94.00	95.00	98.00	99.00	99.00	99.00	100.00	102.00	101.00	100.00	100.00	103.00	103.00	103.00	103.00	104.00	105.00	106.00	106.00	106.00	104.00	103.00	99.00	100.00	103.00	105.00	105.00	113.00	112.00	111.00	111.00	110.00	110.00	108.00	106.00	104.00	105.00	106.00	110.00	114.00	116.00	118.00	121.00	117.00	111.00	111.00	108.00	109.00	110.00	111.00	111.00	111.00	113.00	112.00	109.00	107.00	106.00	104.00	103.00	102.00	101.00	99.00	98.00	97.00	99.00	99.00	99.00	99.00	99.00	99.00	101.00	103.00	105.00	106.00	107.00	104.00	101.00	99.00	99.00	99.00	98.00	98.00	97.00	97.00	98.00	102.00	103.00	104.00	104.00	103.00	103.00	103.00	102.00	102.00	102.00	102.00	102.00	100.00	98.00	96.00	95.00	94.00	93.00	95.00	99.00	103.00	106.00	106.00	107.00	107.00	107.00	107.00	107.00	108.00	108.00	109.00	108.00	107.00	108.00	107.00	106.00	105.00	103.00	103.00	106.00	107.00	105.00	102.00	100.00	99.00	99.00	99.00	101.00	103.00	103.00	103.00	103.00	100.00	99.00	98.00	97.00	95.00	96.00	97.00	99.00	101.00	105.00	106.00	108.00	108.00	107.00	109.00	110.00	111.00	112.00	109.00	108.00	106.00	106.00	110.00	109.00	108.00	106.00	105.00	103.00	99.00	95.00	98.00	102.00	93.00	95.00	95.00	95.00	93.00	93.00	93.00	93.00	93.00	100.00	96.00	93.00	93.00	100.00	109.00	111.00	113.00	115.00	116.00	117.00	117.00	115.00	114.00	112.00	110.00	109.00	105.00	102.00	101.00	102.00	102.00	98.00	99.00	99.00	98.00	91.00	87.00	85.00	85.00	86.00	85.00	85.00	87.00	88.00	87.00	86.00	88.00	89.00	92.00	95.00	96.00	97.00
78.00	80.00	82.00	80.00	78.00	93.00	96.00	95.00	93.00	91.00	93.00	92.00	92.00	89.00	88.00	92.00	91.00	91.00	91.00	93.00	93.00	93.00	91.00	86.00	81.00	86.00	80.00	83.00	86.00	88.00	88.00	91.00	91.00	87.00	78.00	78.00	87.00	100.00	102.00	102.00	102.00	101.00	101.00	100.00	100.00	99.00	108.00	112.00	112.00	112.00	111.00	108.00	106.00	105.00	105.00	106.00	106.00	104.00	104.00	104.00	114.00	115.00	114.00	111.00	107.00	107.00	107.00	108.00	107.00	106.00	106.00	107.00	109.00	112.00	112.00	112.00	115.00	117.00	105.00	104.00	104.00	106.00	104.00	105.00	112.00	117.00	116.00	113.00	112.00	112.00	113.00	114.00	112.00	111.00	109.00	107.00	104.00	104.00	104.00	104.00	103.00	101.00	99.00	97.00	97.00	96.00	96.00	97.00	98.00	103.00	102.00	101.00	99.00	102.00	105.00	104.00	103.00	102.00	100.00	102.00	106.00	106.00	104.00	103.00	101.00	100.00	100.00	103.00	103.00	104.00	104.00	108.00	108.00	108.00	106.00	106.00	106.00	104.00	103.00	102.00	102.00	101.00	100.00	100.00	101.00	103.00	103.00	105.00	106.00	104.00	103.00	103.00	104.00	105.00	105.00	103.00	101.00	101.00	104.00	105.00	104.00	102.00	104.00	103.00	104.00	105.00	105.00	106.00	106.00	106.00	106.00	105.00	106.00	107.00	107.00	106.00	104.00	105.00	105.00	104.00	102.00	103.00	103.00	105.00	106.00	106.00	106.00	108.00	108.00	108.00	110.00	112.00	113.00	114.00	115.00	114.00	113.00	112.00	112.00	111.00	110.00	108.00	104.00	101.00	102.00	103.00	104.00	104.00	102.00	100.00	99.00	99.00	101.00	106.00	95.00	94.00	102.00	114.00	111.00	110.00	116.00	118.00	116.00	115.00	117.00	118.00	117.00	117.00	118.00	120.00	119.00	114.00	106.00	101.00	99.00	92.00	92.00	91.00	91.00	90.00	88.00	86.00	84.00	84.00	84.00	85.00	89.00	92.00	93.00	92.00	92.00	93.00	94.00	95.00	95.00	96.00
78.00	80.00	82.00	80.00	78.00	93.00	96.00	95.00	93.00	91.00	93.00	92.00	92.00	89.00	88.00	92.00	91.00	91.00	91.00	93.00	93.00	93.00	91.00	86.00	81.00	86.00	80.00	83.00	86.00	88.00	88.00	91.00	91.00	87.00	78.00	78.00	87.00	100.00	102.00	102.00	102.00	101.00	101.00	100.00	100.00	99.00	108.00	112.00	112.00	112.00	111.00	108.00	106.00	105.00	105.00	106.00	106.00	104.00	104.00	104.00	114.00	115.00	114.00	111.00	107.00	107.00	107.00	108.00	107.00	106.00	106.00	107.00	109.00	112.00	112.00	112.00	115.00	117.00	105.00	104.00	104.00	106.00	104.00	105.00	112.00	117.00	116.00	113.00	112.00	112.00	113.00	114.00	112.00	111.00	109.00	107.00	104.00	104.00	104.00	104.00	103.00	101.00	99.00	97.00	97.00	96.00	96.00	97.00	98.00	103.00	102.00	101.00	99.00	102.00	105.00	104.00	103.00	102.00	100.00	102.00	106.00	106.00	104.00	103.00	101.00	100.00	100.00	103.00	103.00	104.00	104.00	108.00	108.00	108.00	106.00	106.00	106.00	104.00	103.00	102.00	102.00	101.00	100.00	100.00	101.00	103.00	103.00	105.00	106.00	104.00	103.00	103.00	104.00	105.00	105.00	103.00	101.00	101.00	104.00	105.00	104.00	102.00	104.00	103.00	104.00	105.00	105.00	106.00	106.00	106.00	106.00	105.00	106.00	107.00	107.00	106.00	104.00	105.00	105.00	104.00	102.00	103.00	103.00	105.00	106.00	106.00	106.00	108.00	108.00	108.00	110.00	112.00	113.00	114.00	115.00	114.00	113.00	112.00	112.00	111.00	110.00	108.00	104.00	101.00	102.00	103.00	104.00	104.00	102.00	100.00	99.00	99.00	101.00	106.00	95.00	94.00	102.00	114.00	111.00	110.00	116.00	118.00	116.00	115.00	117.00	118.00	117.00	117.00	118.00	120.00	119.00	114.00	106.00	101.00	99.00	92.00	92.00	91.00	91.00	90.00	88.00	86.00	84.00	84.00	84.00	85.00	89.00	92.00	93.00	92.00	92.00	93.00	94.00	95.00	95.00	96.00
90.00	81.00	78.00	78.00	88.00	99.00	94.00	94.00	95.00	94.00	92.00	91.00	92.00	94.00	92.00	95.00	95.00	94.00	94.00	91.00	92.00	92.00	91.00	90.00	84.00	79.00	82.00	88.00	93.00	93.00	92.00	90.00	91.00	96.00	99.00	92.00	78.00	93.00	96.00	97.00	97.00	98.00	99.00	100.00	100.00	99.00	104.00	111.00	115.00	117.00	117.00	115.00	112.00	109.00	108.00	106.00	107.00	111.00	115.00	116.00	117.00	116.00	114.00	114.00	115.00	114.00	113.00	112.00	105.00	107.00	108.00	110.00	112.00	112.00	114.00	115.00	116.00	116.00	104.00	104.00	104.00	104.00	105.00	113.00	116.00	116.00	116.00	116.00	117.00	107.00	106.00	107.00	108.00	114.00	115.00	113.00	104.00	104.00	104.00	107.00	109.00	108.00	107.00	106.00	102.00	100.00	101.00	101.00	103.00	102.00	100.00	99.00	97.00	96.00	99.00	100.00	102.00	103.00	104.00	105.00	106.00	104.00	102.00	99.00	98.00	98.00	98.00	98.00	100.00	100.00	99.00	102.00	103.00	104.00	104.00	104.00	104.00	104.00	103.00	103.00	102.00	94.00	96.00	96.00	91.00	97.00	97.00	100.00	101.00	97.00	95.00	97.00	106.00	106.00	104.00	102.00	101.00	102.00	107.00	106.00	102.00	101.00	106.00	106.00	106.00	107.00	107.00	108.00	108.00	108.00	108.00	108.00	107.00	107.00	107.00	108.00	107.00	107.00	108.00	109.00	109.00	109.00	108.00	106.00	105.00	104.00	104.00	104.00	104.00	101.00	99.00	105.00	108.00	108.00	108.00	105.00	100.00	97.00	93.00	95.00	93.00	94.00	93.00	97.00	112.00	112.00	111.00	108.00	107.00	104.00	102.00	102.00	102.00	103.00	95.00	97.00	102.00	103.00	102.00	102.00	106.00	104.00	102.00	102.00	107.00	119.00	119.00	120.00	120.00	121.00	121.00	116.00	108.00	103.00	102.00	101.00	101.00	100.00	99.00	95.00	93.00	92.00	91.00	92.00	91.00	91.00	90.00	90.00	88.00	88.00	88.00	87.00	88.00	93.00	93.00	95.00
90.00	81.00	78.00	78.00	88.00	99.00	94.00	94.00	95.00	94.00	92.00	91.00	92.00	94.00	92.00	95.00	95.00	94.00	94.00	91.00	92.00	92.00	91.00	90.00	84.00	79.00	82.00	88.00	93.00	93.00	92.00	90.00	91.00	96.00	99.00	92.00	78.00	93.00	96.00	97.00	97.00	98.00	99.00	100.00	100.00	99.00	104.00	111.00	115.00	117.00	117.00	115.00	112.00	109.00	108.00	106.00	107.00	111.00	115.00	116.00	117.00	116.00	114.00	114.00	115.00	114.00	113.00	112.00	105.00	107.00	108.00	110.00	112.00	112.00	114.00	115.00	116.00	116.00	104.00	104.00	104.00	104.00	105.00	113.00	116.00	116.00	116.00	116.00	117.00	107.00	106.00	107.00	108.00	114.00	115.00	113.00	104.00	104.00	104.00	107.00	109.00	108.00	107.00	106.00	102.00	100.00	101.00	101.00	103.00	102.00	100.00	99.00	97.00	96.00	99.00	100.00	102.00	103.00	104.00	105.00	106.00	104.00	102.00	99.00	98.00	98.00	98.00	98.00	100.00	100.00	99.00	102.00	103.00	104.00	104.00	104.00	104.00	104.00	103.00	103.00	102.00	94.00	96.00	96.00	91.00	97.00	97.00	100.00	101.00	97.00	95.00	97.00	106.00	106.00	104.00	102.00	101.00	102.00	107.00	106.00	102.00	101.00	106.00	106.00	106.00	107.00	107.00	108.00	108.00	108.00	108.00	108.00	107.00	107.00	107.00	108.00	107.00	107.00	108.00	109.00	109.00	109.00	108.00	106.00	105.00	104.00	104.00	104.00	104.00	101.00	99.00	105.00	108.00	108.00	108.00	105.00	100.00	97.00	93.00	95.00	93.00	94.00	93.00	97.00	112.00	112.00	111.00	108.00	107.00	104.00	102.00	102.00	102.00	103.00	95.00	97.00	102.00	103.00	102.00	102.00	106.00	104.00	102.00	102.00	107.00	119.00	119.00	120.00	120.00	121.00	121.00	116.00	108.00	103.00	102.00	101.00	101.00	100.00	99.00	95.00	93.00	92.00	91.00	92.00	91.00	91.00	90.00	90.00	88.00	88.00	88.00	87.00	88.00	93.00	93.00	95.00
87.00	78.00	78.00	83.00	95.00	95.00	94.00	94.00	93.00	93.00	91.00	89.00	90.00	93.00	98.00	101.00	103.00	104.00	105.00	102.00	100.00	97.00	95.00	93.00	93.00	84.00	82.00	89.00	92.00	93.00	93.00	93.00	94.00	94.00	96.00	96.00	93.00	86.00	78.00	81.00	91.00	96.00	95.00	96.00	98.00	98.00	102.00	107.00	109.00	110.00	114.00	115.00	115.00	115.00	113.00	114.00	114.00	116.00	115.00	114.00	114.00	113.00	113.00	113.00	114.00	115.00	114.00	113.00	107.00	104.00	104.00	104.00	105.00	113.00	114.00	114.00	115.00	118.00	114.00	110.00	109.00	112.00	112.00	112.00	112.00	114.00	116.00	115.00	117.00	118.00	107.00	104.00	109.00	115.00	117.00	121.00	110.00	110.00	114.00	117.00	117.00	110.00	101.00	104.00	110.00	109.00	106.00	103.00	101.00	100.00	100.00	97.00	94.00	94.00	96.00	94.00	94.00	94.00	95.00	97.00	101.00	103.00	103.00	103.00	104.00	104.00	103.00	101.00	100.00	99.00	98.00	100.00	100.00	102.00	102.00	101.00	98.00	96.00	95.00	96.00	96.00	88.00	88.00	91.00	97.00	102.00	104.00	105.00	105.00	103.00	103.00	103.00	104.00	103.00	95.00	93.00	94.00	103.00	105.00	104.00	103.00	104.00	106.00	107.00	108.00	108.00	108.00	108.00	109.00	109.00	109.00	109.00	111.00	111.00	111.00	110.00	111.00	111.00	110.00	110.00	111.00	110.00	109.00	109.00	108.00	109.00	108.00	107.00	105.00	103.00	102.00	103.00	104.00	105.00	103.00	99.00	95.00	94.00	95.00	101.00	99.00	102.00	106.00	114.00	116.00	116.00	116.00	116.00	112.00	108.00	109.00	111.00	111.00	110.00	105.00	104.00	104.00	104.00	102.00	102.00	102.00	102.00	102.00	102.00	102.00	111.00	118.00	119.00	120.00	120.00	118.00	114.00	108.00	106.00	106.00	102.00	101.00	101.00	101.00	102.00	102.00	103.00	103.00	101.00	98.00	96.00	98.00	97.00	96.00	95.00	93.00	91.00	91.00	94.00	92.00	91.00
83.00	81.00	93.00	98.00	95.00	93.00	94.00	94.00	93.00	92.00	93.00	91.00	90.00	94.00	98.00	100.00	100.00	100.00	99.00	103.00	104.00	104.00	102.00	100.00	92.00	90.00	78.00	89.00	91.00	91.00	91.00	92.00	92.00	93.00	93.00	94.00	93.00	88.00	80.00	80.00	95.00	100.00	103.00	108.00	111.00	110.00	98.00	96.00	97.00	97.00	101.00	104.00	105.00	107.00	109.00	109.00	111.00	115.00	115.00	116.00	115.00	114.00	113.00	112.00	113.00	114.00	114.00	114.00	114.00	107.00	104.00	104.00	108.00	108.00	108.00	109.00	110.00	112.00	117.00	115.00	115.00	118.00	118.00	117.00	117.00	117.00	117.00	117.00	119.00	112.00	104.00	104.00	104.00	106.00	106.00	112.00	113.00	116.00	119.00	123.00	111.00	101.00	99.00	106.00	110.00	110.00	109.00	110.00	110.00	110.00	111.00	109.00	105.00	102.00	99.00	99.00	98.00	97.00	100.00	102.00	102.00	101.00	101.00	104.00	105.00	106.00	107.00	104.00	104.00	104.00	104.00	102.00	101.00	100.00	100.00	100.00	100.00	100.00	98.00	97.00	93.00	92.00	92.00	94.00	96.00	100.00	102.00	103.00	104.00	106.00	106.00	106.00	106.00	105.00	96.00	99.00	101.00	102.00	102.00	102.00	103.00	102.00	99.00	105.00	107.00	108.00	108.00	109.00	110.00	110.00	110.00	111.00	112.00	111.00	111.00	111.00	112.00	112.00	112.00	112.00	112.00	110.00	109.00	107.00	109.00	111.00	111.00	110.00	110.00	109.00	109.00	108.00	108.00	108.00	108.00	106.00	102.00	100.00	102.00	105.00	105.00	106.00	110.00	108.00	110.00	111.00	112.00	111.00	102.00	102.00	106.00	117.00	115.00	112.00	114.00	106.00	105.00	110.00	105.00	102.00	102.00	102.00	102.00	102.00	104.00	109.00	110.00	109.00	107.00	107.00	104.00	104.00	104.00	105.00	106.00	105.00	105.00	105.00	104.00	103.00	103.00	102.00	102.00	102.00	103.00	103.00	107.00	107.00	106.00	104.00	103.00	103.00	102.00	98.00	96.00	94.00
83.00	81.00	93.00	98.00	95.00	93.00	94.00	94.00	93.00	92.00	93.00	91.00	90.00	94.00	98.00	100.00	100.00	100.00	99.00	103.00	104.00	104.00	102.00	100.00	92.00	90.00	78.00	89.00	91.00	91.00	91.00	92.00	92.00	93.00	93.00	94.00	93.00	88.00	80.00	80.00	95.00	100.00	103.00	108.00	111.00	110.00	98.00	96.00	97.00	97.00	101.00	104.00	105.00	107.00	109.00	109.00	111.00	115.00	115.00	116.00	115.00	114.00	113.00	112.00	113.00	114.00	114.00	114.00	114.00	107.00	104.00	104.00	108.00	108.00	108.00	109.00	110.00	112.00	117.00	115.00	115.00	118.00	118.00	117.00	117.00	117.00	117.00	117.00	119.00	112.00	104.00	104.00	104.00	106.00	106.00	112.00	113.00	116.00	119.00	123.00	111.00	101.00	99.00	106.00	110.00	110.00	109.00	110.00	110.00	110.00	111.00	109.00	105.00	102.00	99.00	99.00	98.00	97.00	100.00	102.00	102.00	101.00	101.00	104.00	105.00	106.00	107.00	104.00	104.00	104.00	104.00	102.00	101.00	100.00	100.00	100.00	100.00	100.00	98.00	97.00	93.00	92.00	92.00	94.00	96.00	100.00	102.00	103.00	104.00	106.00	106.00	106.00	106.00	105.00	96.00	99.00	101.00	102.00	102.00	102.00	103.00	102.00	99.00	105.00	107.00	108.00	108.00	109.00	110.00	110.00	110.00	111.00	112.00	111.00	111.00	111.00	112.00	112.00	112.00	112.00	112.00	110.00	109.00	107.00	109.00	111.00	111.00	110.00	110.00	109.00	109.00	108.00	108.00	108.00	108.00	106.00	102.00	100.00	102.00	105.00	105.00	106.00	110.00	108.00	110.00	111.00	112.00	111.00	102.00	102.00	106.00	117.00	115.00	112.00	114.00	106.00	105.00	110.00	105.00	102.00	102.00	102.00	102.00	102.00	104.00	109.00	110.00	109.00	107.00	107.00	104.00	104.00	104.00	105.00	106.00	105.00	105.00	105.00	104.00	103.00	103.00	102.00	102.00	102.00	103.00	103.00	107.00	107.00	106.00	104.00	103.00	103.00	102.00	98.00	96.00	94.00
78.00	91.00	94.00	94.00	95.00	96.00	94.00	93.00	94.00	93.00	89.00	91.00	93.00	93.00	96.00	103.00	103.00	103.00	103.00	102.00	104.00	105.00	107.00	106.00	96.00	92.00	78.00	85.00	91.00	92.00	92.00	93.00	93.00	92.00	91.00	92.00	93.00	93.00	83.00	85.00	105.00	107.00	104.00	105.00	107.00	110.00	105.00	101.00	99.00	97.00	97.00	99.00	99.00	99.00	100.00	103.00	105.00	111.00	114.00	117.00	116.00	116.00	115.00	114.00	113.00	113.00	114.00	114.00	114.00	113.00	109.00	107.00	107.00	107.00	108.00	109.00	110.00	111.00	111.00	111.00	111.00	111.00	114.00	116.00	116.00	116.00	117.00	113.00	114.00	116.00	114.00	116.00	117.00	117.00	116.00	115.00	113.00	117.00	119.00	124.00	97.00	97.00	97.00	101.00	114.00	116.00	115.00	112.00	110.00	111.00	112.00	112.00	111.00	113.00	111.00	111.00	110.00	108.00	104.00	104.00	102.00	101.00	101.00	100.00	101.00	102.00	105.00	106.00	106.00	106.00	106.00	102.00	102.00	103.00	104.00	103.00	103.00	101.00	100.00	100.00	102.00	102.00	103.00	102.00	102.00	101.00	101.00	101.00	101.00	102.00	102.00	102.00	105.00	106.00	108.00	108.00	107.00	107.00	106.00	106.00	107.00	107.00	106.00	103.00	102.00	102.00	103.00	107.00	108.00	110.00	110.00	111.00	111.00	111.00	111.00	110.00	109.00	111.00	111.00	112.00	113.00	112.00	105.00	98.00	100.00	104.00	108.00	110.00	111.00	107.00	103.00	106.00	106.00	106.00	98.00	98.00	97.00	97.00	97.00	105.00	108.00	107.00	107.00	107.00	107.00	109.00	108.00	106.00	102.00	102.00	106.00	112.00	104.00	102.00	110.00	103.00	102.00	102.00	102.00	102.00	102.00	102.00	102.00	105.00	109.00	112.00	105.00	102.00	99.00	97.00	96.00	97.00	97.00	98.00	99.00	99.00	100.00	102.00	103.00	105.00	105.00	105.00	107.00	108.00	110.00	110.00	110.00	109.00	110.00	111.00	111.00	112.00	111.00	106.00	105.00	103.00
80.00	102.00	99.00	97.00	96.00	94.00	93.00	92.00	92.00	93.00	95.00	97.00	99.00	99.00	99.00	97.00	94.00	94.00	97.00	100.00	102.00	105.00	107.00	108.00	105.00	100.00	78.00	79.00	87.00	92.00	89.00	90.00	91.00	93.00	94.00	94.00	91.00	85.00	86.00	108.00	108.00	107.00	104.00	103.00	103.00	100.00	94.00	100.00	105.00	107.00	105.00	104.00	101.00	99.00	98.00	99.00	100.00	102.00	103.00	105.00	107.00	108.00	112.00	113.00	113.00	112.00	111.00	111.00	113.00	110.00	105.00	103.00	104.00	104.00	102.00	103.00	104.00	105.00	107.00	107.00	108.00	108.00	108.00	107.00	106.00	106.00	106.00	105.00	108.00	111.00	113.00	117.00	118.00	115.00	113.00	114.00	116.00	117.00	117.00	114.00	88.00	88.00	88.00	105.00	113.00	115.00	112.00	111.00	112.00	113.00	114.00	114.00	113.00	113.00	111.00	111.00	112.00	111.00	108.00	110.00	112.00	109.00	107.00	104.00	103.00	100.00	99.00	100.00	101.00	102.00	102.00	99.00	102.00	102.00	102.00	103.00	103.00	103.00	103.00	102.00	101.00	102.00	104.00	105.00	105.00	103.00	102.00	101.00	102.00	102.00	102.00	102.00	103.00	103.00	103.00	104.00	105.00	106.00	109.00	109.00	110.00	110.00	112.00	112.00	112.00	112.00	111.00	109.00	107.00	103.00	99.00	98.00	104.00	103.00	100.00	98.00	100.00	106.00	104.00	106.00	109.00	104.00	98.00	97.00	97.00	97.00	97.00	98.00	99.00	99.00	103.00	104.00	103.00	102.00	112.00	113.00	111.00	106.00	103.00	111.00	111.00	111.00	111.00	109.00	106.00	108.00	107.00	107.00	105.00	104.00	106.00	109.00	102.00	102.00	102.00	102.00	102.00	102.00	102.00	102.00	105.00	112.00	114.00	112.00	113.00	114.00	107.00	105.00	104.00	102.00	100.00	99.00	98.00	97.00	97.00	96.00	96.00	95.00	96.00	99.00	102.00	104.00	106.00	107.00	105.00	105.00	105.00	109.00	115.00	116.00	116.00	115.00	115.00	114.00	114.00	114.00
80.00	102.00	99.00	97.00	96.00	94.00	93.00	92.00	92.00	93.00	95.00	97.00	99.00	99.00	99.00	97.00	94.00	94.00	97.00	100.00	102.00	105.00	107.00	108.00	105.00	100.00	78.00	79.00	87.00	92.00	89.00	90.00	91.00	93.00	94.00	94.00	91.00	85.00	86.00	108.00	108.00	107.00	104.00	103.00	103.00	100.00	94.00	100.00	105.00	107.00	105.00	104.00	101.00	99.00	98.00	99.00	100.00	102.00	103.00	105.00	107.00	108.00	112.00	113.00	113.00	112.00	111.00	111.00	113.00	110.00	105.00	103.00	104.00	104.00	102.00	103.00	104.00	105.00	107.00	107.00	108.00	108.00	108.00	107.00	106.00	106.00	106.00	105.00	108.00	111.00	113.00	117.00	118.00	115.00	113.00	114.00	116.00	117.00	117.00	114.00	88.00	88.00	88.00	105.00	113.00	115.00	112.00	111.00	112.00	113.00	114.00	114.00	113.00	113.00	111.00	111.00	112.00	111.00	108.00	110.00	112.00	109.00	107.00	104.00	103.00	100.00	99.00	100.00	101.00	102.00	102.00	99.00	102.00	102.00	102.00	103.00	103.00	103.00	103.00	102.00	101.00	102.00	104.00	105.00	105.00	103.00	102.00	101.00	102.00	102.00	102.00	102.00	103.00	103.00	103.00	104.00	105.00	106.00	109.00	109.00	110.00	110.00	112.00	112.00	112.00	112.00	111.00	109.00	107.00	103.00	99.00	98.00	104.00	103.00	100.00	98.00	100.00	106.00	104.00	106.00	109.00	104.00	98.00	97.00	97.00	97.00	97.00	98.00	99.00	99.00	103.00	104.00	103.00	102.00	112.00	113.00	111.00	106.00	103.00	111.00	111.00	111.00	111.00	109.00	106.00	108.00	107.00	107.00	105.00	104.00	106.00	109.00	102.00	102.00	102.00	102.00	102.00	102.00	102.00	102.00	105.00	112.00	114.00	112.00	113.00	114.00	107.00	105.00	104.00	102.00	100.00	99.00	98.00	97.00	97.00	96.00	96.00	95.00	96.00	99.00	102.00	104.00	106.00	107.00	105.00	105.00	105.00	109.00	115.00	116.00	116.00	115.00	115.00	114.00	114.00	114.00
95.00	106.00	105.00	104.00	103.00	102.00	97.00	93.00	92.00	94.00	97.00	98.00	100.00	100.00	99.00	101.00	100.00	99.00	100.00	102.00	102.00	101.00	101.00	100.00	102.00	103.00	84.00	78.00	81.00	82.00	83.00	86.00	88.00	89.00	89.00	90.00	90.00	85.00	105.00	106.00	106.00	103.00	101.00	98.00	98.00	99.00	97.00	97.00	100.00	104.00	107.00	108.00	104.00	100.00	97.00	98.00	100.00	102.00	102.00	102.00	100.00	102.00	103.00	103.00	101.00	101.00	101.00	101.00	105.00	104.00	102.00	99.00	100.00	100.00	101.00	101.00	101.00	103.00	101.00	104.00	102.00	102.00	105.00	107.00	108.00	109.00	108.00	108.00	108.00	105.00	104.00	106.00	107.00	107.00	108.00	112.00	116.00	116.00	113.00	106.00	88.00	88.00	88.00	99.00	109.00	113.00	113.00	115.00	116.00	117.00	119.00	117.00	113.00	110.00	107.00	109.00	113.00	114.00	107.00	107.00	112.00	110.00	109.00	112.00	114.00	114.00	113.00	112.00	110.00	110.00	110.00	106.00	104.00	103.00	103.00	101.00	101.00	102.00	103.00	104.00	102.00	103.00	102.00	101.00	101.00	101.00	101.00	101.00	103.00	104.00	104.00	104.00	104.00	104.00	104.00	104.00	103.00	103.00	104.00	105.00	105.00	106.00	109.00	112.00	113.00	114.00	115.00	114.00	114.00	113.00	106.00	98.00	97.00	99.00	98.00	97.00	99.00	102.00	105.00	108.00	106.00	97.00	97.00	97.00	97.00	97.00	97.00	97.00	97.00	97.00	101.00	98.00	99.00	102.00	114.00	115.00	115.00	113.00	110.00	109.00	110.00	111.00	111.00	104.00	102.00	103.00	107.00	109.00	109.00	110.00	111.00	112.00	103.00	102.00	102.00	102.00	102.00	103.00	106.00	106.00	108.00	111.00	111.00	111.00	111.00	110.00	108.00	106.00	106.00	106.00	106.00	106.00	106.00	105.00	104.00	101.00	100.00	99.00	98.00	98.00	99.00	97.00	94.00	96.00	97.00	97.00	97.00	97.00	111.00	114.00	114.00	115.00	116.00	118.00	118.00	117.00
95.00	106.00	105.00	104.00	103.00	102.00	97.00	93.00	92.00	94.00	97.00	98.00	100.00	100.00	99.00	101.00	100.00	99.00	100.00	102.00	102.00	101.00	101.00	100.00	102.00	103.00	84.00	78.00	81.00	82.00	83.00	86.00	88.00	89.00	89.00	90.00	90.00	85.00	105.00	106.00	106.00	103.00	101.00	98.00	98.00	99.00	97.00	97.00	100.00	104.00	107.00	108.00	104.00	100.00	97.00	98.00	100.00	102.00	102.00	102.00	100.00	102.00	103.00	103.00	101.00	101.00	101.00	101.00	105.00	104.00	102.00	99.00	100.00	100.00	101.00	101.00	101.00	103.00	101.00	104.00	102.00	102.00	105.00	107.00	108.00	109.00	108.00	108.00	108.00	105.00	104.00	106.00	107.00	107.00	108.00	112.00	116.00	116.00	113.00	106.00	88.00	88.00	88.00	99.00	109.00	113.00	113.00	115.00	116.00	117.00	119.00	117.00	113.00	110.00	107.00	109.00	113.00	114.00	107.00	107.00	112.00	110.00	109.00	112.00	114.00	114.00	113.00	112.00	110.00	110.00	110.00	106.00	104.00	103.00	103.00	101.00	101.00	102.00	103.00	104.00	102.00	103.00	102.00	101.00	101.00	101.00	101.00	101.00	103.00	104.00	104.00	104.00	104.00	104.00	104.00	104.00	103.00	103.00	104.00	105.00	105.00	106.00	109.00	112.00	113.00	114.00	115.00	114.00	114.00	113.00	106.00	98.00	97.00	99.00	98.00	97.00	99.00	102.00	105.00	108.00	106.00	97.00	97.00	97.00	97.00	97.00	97.00	97.00	97.00	97.00	101.00	98.00	99.00	102.00	114.00	115.00	115.00	113.00	110.00	109.00	110.00	111.00	111.00	104.00	102.00	103.00	107.00	109.00	109.00	110.00	111.00	112.00	103.00	102.00	102.00	102.00	102.00	103.00	106.00	106.00	108.00	111.00	111.00	111.00	111.00	110.00	108.00	106.00	106.00	106.00	106.00	106.00	106.00	105.00	104.00	101.00	100.00	99.00	98.00	98.00	99.00	97.00	94.00	96.00	97.00	97.00	97.00	97.00	111.00	114.00	114.00	115.00	116.00	118.00	118.00	117.00
104.00	104.00	103.00	103.00	104.00	102.00	101.00	98.00	98.00	100.00	100.00	99.00	98.00	98.00	96.00	102.00	103.00	103.00	101.00	97.00	98.00	100.00	101.00	101.00	102.00	103.00	100.00	96.00	89.00	90.00	83.00	83.00	79.00	82.00	85.00	87.00	86.00	99.00	100.00	101.00	101.00	102.00	103.00	102.00	102.00	102.00	102.00	101.00	98.00	96.00	97.00	104.00	104.00	102.00	99.00	96.00	96.00	97.00	98.00	99.00	101.00	101.00	101.00	101.00	101.00	101.00	100.00	100.00	102.00	98.00	98.00	99.00	98.00	100.00	103.00	98.00	98.00	100.00	98.00	99.00	98.00	98.00	99.00	98.00	98.00	98.00	100.00	104.00	105.00	100.00	98.00	99.00	100.00	101.00	102.00	103.00	101.00	99.00	97.00	100.00	88.00	88.00	88.00	96.00	110.00	112.00	113.00	115.00	117.00	117.00	119.00	116.00	112.00	106.00	103.00	103.00	110.00	115.00	111.00	111.00	115.00	115.00	115.00	115.00	113.00	113.00	113.00	114.00	116.00	117.00	118.00	113.00	113.00	112.00	109.00	103.00	103.00	99.00	100.00	102.00	102.00	103.00	103.00	105.00	107.00	107.00	106.00	106.00	106.00	105.00	105.00	106.00	105.00	104.00	104.00	104.00	103.00	103.00	107.00	107.00	107.00	106.00	106.00	106.00	106.00	105.00	105.00	103.00	108.00	112.00	111.00	106.00	97.00	101.00	105.00	107.00	106.00	100.00	100.00	99.00	97.00	97.00	97.00	97.00	97.00	97.00	97.00	97.00	99.00	105.00	113.00	113.00	114.00	115.00	116.00	116.00	116.00	113.00	108.00	108.00	109.00	109.00	107.00	102.00	102.00	102.00	102.00	102.00	102.00	108.00	110.00	111.00	108.00	105.00	105.00	105.00	106.00	108.00	109.00	108.00	108.00	110.00	108.00	105.00	103.00	102.00	103.00	103.00	104.00	104.00	106.00	107.00	107.00	107.00	108.00	105.00	105.00	104.00	104.00	104.00	103.00	98.00	97.00	97.00	97.00	97.00	101.00	102.00	105.00	105.00	104.00	108.00	111.00	113.00	115.00	116.00
104.00	104.00	103.00	103.00	104.00	102.00	101.00	98.00	98.00	100.00	100.00	99.00	98.00	98.00	96.00	102.00	103.00	103.00	101.00	97.00	98.00	100.00	101.00	101.00	102.00	103.00	100.00	96.00	89.00	90.00	83.00	83.00	79.00	82.00	85.00	87.00	86.00	99.00	100.00	101.00	101.00	102.00	103.00	102.00	102.00	102.00	102.00	101.00	98.00	96.00	97.00	104.00	104.00	102.00	99.00	96.00	96.00	97.00	98.00	99.00	101.00	101.00	101.00	101.00	101.00	101.00	100.00	100.00	102.00	98.00	98.00	99.00	98.00	100.00	103.00	98.00	98.00	100.00	98.00	99.00	98.00	98.00	99.00	98.00	98.00	98.00	100.00	104.00	105.00	100.00	98.00	99.00	100.00	101.00	102.00	103.00	101.00	99.00	97.00	100.00	88.00	88.00	88.00	96.00	110.00	112.00	113.00	115.00	117.00	117.00	119.00	116.00	112.00	106.00	103.00	103.00	110.00	115.00	111.00	111.00	115.00	115.00	115.00	115.00	113.00	113.00	113.00	114.00	116.00	117.00	118.00	113.00	113.00	112.00	109.00	103.00	103.00	99.00	100.00	102.00	102.00	103.00	103.00	105.00	107.00	107.00	106.00	106.00	106.00	105.00	105.00	106.00	105.00	104.00	104.00	104.00	103.00	103.00	107.00	107.00	107.00	106.00	106.00	106.00	106.00	105.00	105.00	103.00	108.00	112.00	111.00	106.00	97.00	101.00	105.00	107.00	106.00	100.00	100.00	99.00	97.00	97.00	97.00	97.00	97.00	97.00	97.00	97.00	99.00	105.00	113.00	113.00	114.00	115.00	116.00	116.00	116.00	113.00	108.00	108.00	109.00	109.00	107.00	102.00	102.00	102.00	102.00	102.00	102.00	108.00	110.00	111.00	108.00	105.00	105.00	105.00	106.00	108.00	109.00	108.00	108.00	110.00	108.00	105.00	103.00	102.00	103.00	103.00	104.00	104.00	106.00	107.00	107.00	107.00	108.00	105.00	105.00	104.00	104.00	104.00	103.00	98.00	97.00	97.00	97.00	97.00	101.00	102.00	105.00	105.00	104.00	108.00	111.00	113.00	115.00	116.00
104.00	104.00	103.00	103.00	104.00	102.00	101.00	98.00	98.00	100.00	100.00	99.00	98.00	98.00	96.00	102.00	103.00	103.00	101.00	97.00	98.00	100.00	101.00	101.00	102.00	103.00	100.00	96.00	89.00	90.00	83.00	83.00	79.00	82.00	85.00	87.00	86.00	99.00	100.00	101.00	101.00	102.00	103.00	102.00	102.00	102.00	102.00	101.00	98.00	96.00	97.00	104.00	104.00	102.00	99.00	96.00	96.00	97.00	98.00	99.00	101.00	101.00	101.00	101.00	101.00	101.00	100.00	100.00	102.00	98.00	98.00	99.00	98.00	100.00	103.00	98.00	98.00	100.00	98.00	99.00	98.00	98.00	99.00	98.00	98.00	98.00	100.00	104.00	105.00	100.00	98.00	99.00	100.00	101.00	102.00	103.00	101.00	99.00	97.00	100.00	88.00	88.00	88.00	96.00	110.00	112.00	113.00	115.00	117.00	117.00	119.00	116.00	112.00	106.00	103.00	103.00	110.00	115.00	111.00	111.00	115.00	115.00	115.00	115.00	113.00	113.00	113.00	114.00	116.00	117.00	118.00	113.00	113.00	112.00	109.00	103.00	103.00	99.00	100.00	102.00	102.00	103.00	103.00	105.00	107.00	107.00	106.00	106.00	106.00	105.00	105.00	106.00	105.00	104.00	104.00	104.00	103.00	103.00	107.00	107.00	107.00	106.00	106.00	106.00	106.00	105.00	105.00	103.00	108.00	112.00	111.00	106.00	97.00	101.00	105.00	107.00	106.00	100.00	100.00	99.00	97.00	97.00	97.00	97.00	97.00	97.00	97.00	97.00	99.00	105.00	113.00	113.00	114.00	115.00	116.00	116.00	116.00	113.00	108.00	108.00	109.00	109.00	107.00	102.00	102.00	102.00	102.00	102.00	102.00	108.00	110.00	111.00	108.00	105.00	105.00	105.00	106.00	108.00	109.00	108.00	108.00	110.00	108.00	105.00	103.00	102.00	103.00	103.00	104.00	104.00	106.00	107.00	107.00	107.00	108.00	105.00	105.00	104.00	104.00	104.00	103.00	98.00	97.00	97.00	97.00	97.00	101.00	102.00	105.00	105.00	104.00	108.00	111.00	113.00	115.00	116.00
102.00	104.00	102.00	101.00	102.00	105.00	106.00	106.00	106.00	106.00	104.00	103.00	101.00	102.00	102.00	99.00	100.00	104.00	105.00	105.00	105.00	105.00	106.00	107.00	103.00	100.00	97.00	98.00	100.00	102.00	103.00	104.00	96.00	99.00	103.00	106.00	106.00	102.00	100.00	99.00	98.00	99.00	103.00	104.00	105.00	106.00	102.00	100.00	99.00	98.00	97.00	95.00	94.00	94.00	94.00	94.00	95.00	99.00	100.00	99.00	97.00	96.00	96.00	97.00	98.00	98.00	96.00	94.00	94.00	93.00	91.00	94.00	98.00	98.00	98.00	98.00	100.00	101.00	100.00	100.00	99.00	98.00	96.00	98.00	98.00	98.00	98.00	98.00	100.00	101.00	99.00	97.00	97.00	96.00	96.00	97.00	100.00	100.00	96.00	97.00	88.00	89.00	98.00	105.00	107.00	109.00	109.00	109.00	111.00	109.00	109.00	112.00	112.00	110.00	106.00	107.00	111.00	114.00	114.00	115.00	116.00	114.00	110.00	105.00	106.00	108.00	111.00	118.00	114.00	108.00	106.00	115.00	117.00	117.00	116.00	114.00	113.00	112.00	113.00	112.00	110.00	107.00	107.00	107.00	109.00	109.00	108.00	106.00	106.00	107.00	107.00	107.00	109.00	108.00	103.00	104.00	104.00	104.00	107.00	108.00	109.00	109.00	108.00	105.00	102.00	101.00	100.00	101.00	103.00	105.00	106.00	107.00	104.00	101.00	98.00	99.00	99.00	97.00	97.00	97.00	97.00	97.00	97.00	97.00	97.00	97.00	98.00	100.00	103.00	104.00	108.00	111.00	112.00	114.00	110.00	108.00	110.00	108.00	107.00	111.00	111.00	110.00	109.00	107.00	102.00	102.00	102.00	102.00	102.00	105.00	111.00	111.00	112.00	112.00	111.00	111.00	112.00	114.00	115.00	115.00	113.00	108.00	106.00	105.00	104.00	103.00	103.00	103.00	102.00	103.00	104.00	104.00	104.00	104.00	105.00	111.00	111.00	110.00	108.00	109.00	110.00	109.00	106.00	99.00	97.00	103.00	108.00	108.00	108.00	108.00	103.00	103.00	108.00	105.00	104.00	103.00
105.00	103.00	102.00	102.00	103.00	104.00	104.00	106.00	106.00	106.00	106.00	106.00	105.00	105.00	104.00	102.00	102.00	104.00	106.00	110.00	109.00	108.00	106.00	104.00	97.00	95.00	98.00	100.00	100.00	99.00	98.00	100.00	100.00	99.00	101.00	103.00	102.00	105.00	105.00	106.00	106.00	106.00	103.00	100.00	98.00	100.00	103.00	103.00	102.00	101.00	102.00	100.00	99.00	99.00	99.00	100.00	100.00	97.00	96.00	94.00	94.00	98.00	100.00	102.00	102.00	104.00	106.00	104.00	101.00	99.00	99.00	98.00	97.00	94.00	93.00	94.00	95.00	94.00	93.00	99.00	98.00	99.00	99.00	90.00	89.00	92.00	95.00	101.00	100.00	99.00	98.00	99.00	99.00	99.00	99.00	100.00	101.00	100.00	92.00	92.00	95.00	104.00	107.00	108.00	107.00	106.00	106.00	107.00	107.00	104.00	106.00	109.00	110.00	110.00	110.00	113.00	114.00	115.00	117.00	117.00	110.00	104.00	103.00	103.00	107.00	111.00	113.00	110.00	103.00	105.00	106.00	116.00	120.00	121.00	119.00	119.00	119.00	118.00	118.00	119.00	116.00	107.00	119.00	118.00	114.00	109.00	112.00	111.00	111.00	110.00	109.00	108.00	107.00	106.00	105.00	106.00	107.00	107.00	108.00	109.00	110.00	111.00	110.00	107.00	103.00	99.00	98.00	103.00	104.00	105.00	104.00	105.00	105.00	106.00	104.00	100.00	99.00	101.00	101.00	101.00	100.00	99.00	100.00	103.00	104.00	106.00	110.00	111.00	109.00	105.00	104.00	103.00	101.00	102.00	99.00	98.00	100.00	105.00	108.00	108.00	106.00	105.00	105.00	108.00	106.00	104.00	102.00	102.00	102.00	104.00	112.00	112.00	112.00	111.00	111.00	113.00	114.00	114.00	114.00	114.00	113.00	108.00	107.00	106.00	106.00	107.00	108.00	108.00	107.00	105.00	103.00	103.00	103.00	103.00	102.00	105.00	106.00	105.00	103.00	107.00	111.00	113.00	114.00	113.00	110.00	113.00	114.00	113.00	108.00	104.00	102.00	104.00	111.00	107.00	106.00	105.00
105.00	103.00	102.00	102.00	103.00	104.00	104.00	106.00	106.00	106.00	106.00	106.00	105.00	105.00	104.00	102.00	102.00	104.00	106.00	110.00	109.00	108.00	106.00	104.00	97.00	95.00	98.00	100.00	100.00	99.00	98.00	100.00	100.00	99.00	101.00	103.00	102.00	105.00	105.00	106.00	106.00	106.00	103.00	100.00	98.00	100.00	103.00	103.00	102.00	101.00	102.00	100.00	99.00	99.00	99.00	100.00	100.00	97.00	96.00	94.00	94.00	98.00	100.00	102.00	102.00	104.00	106.00	104.00	101.00	99.00	99.00	98.00	97.00	94.00	93.00	94.00	95.00	94.00	93.00	99.00	98.00	99.00	99.00	90.00	89.00	92.00	95.00	101.00	100.00	99.00	98.00	99.00	99.00	99.00	99.00	100.00	101.00	100.00	92.00	92.00	95.00	104.00	107.00	108.00	107.00	106.00	106.00	107.00	107.00	104.00	106.00	109.00	110.00	110.00	110.00	113.00	114.00	115.00	117.00	117.00	110.00	104.00	103.00	103.00	107.00	111.00	113.00	110.00	103.00	105.00	106.00	116.00	120.00	121.00	119.00	119.00	119.00	118.00	118.00	119.00	116.00	107.00	119.00	118.00	114.00	109.00	112.00	111.00	111.00	110.00	109.00	108.00	107.00	106.00	105.00	106.00	107.00	107.00	108.00	109.00	110.00	111.00	110.00	107.00	103.00	99.00	98.00	103.00	104.00	105.00	104.00	105.00	105.00	106.00	104.00	100.00	99.00	101.00	101.00	101.00	100.00	99.00	100.00	103.00	104.00	106.00	110.00	111.00	109.00	105.00	104.00	103.00	101.00	102.00	99.00	98.00	100.00	105.00	108.00	108.00	106.00	105.00	105.00	108.00	106.00	104.00	102.00	102.00	102.00	104.00	112.00	112.00	112.00	111.00	111.00	113.00	114.00	114.00	114.00	114.00	113.00	108.00	107.00	106.00	106.00	107.00	108.00	108.00	107.00	105.00	103.00	103.00	103.00	103.00	102.00	105.00	106.00	105.00	103.00	107.00	111.00	113.00	114.00	113.00	110.00	113.00	114.00	113.00	108.00	104.00	102.00	104.00	111.00	107.00	106.00	105.00
103.00	104.00	105.00	105.00	106.00	105.00	105.00	103.00	100.00	96.00	98.00	98.00	97.00	98.00	100.00	102.00	102.00	101.00	102.00	104.00	106.00	104.00	104.00	106.00	104.00	106.00	104.00	102.00	102.00	103.00	105.00	107.00	107.00	107.00	109.00	110.00	111.00	113.00	113.00	112.00	113.00	113.00	106.00	101.00	95.00	93.00	107.00	108.00	109.00	110.00	111.00	116.00	115.00	114.00	114.00	113.00	112.00	112.00	112.00	110.00	109.00	110.00	110.00	111.00	111.00	111.00	112.00	112.00	109.00	109.00	109.00	108.00	107.00	103.00	103.00	103.00	103.00	102.00	101.00	100.00	101.00	100.00	99.00	96.00	95.00	94.00	93.00	100.00	100.00	95.00	97.00	98.00	98.00	98.00	98.00	99.00	100.00	101.00	96.00	99.00	102.00	104.00	105.00	105.00	105.00	105.00	105.00	105.00	104.00	102.00	104.00	106.00	108.00	107.00	105.00	105.00	107.00	108.00	111.00	112.00	112.00	113.00	112.00	110.00	112.00	118.00	118.00	110.00	113.00	114.00	115.00	119.00	122.00	123.00	121.00	120.00	119.00	119.00	120.00	119.00	103.00	114.00	115.00	107.00	103.00	103.00	108.00	123.00	115.00	104.00	105.00	112.00	111.00	107.00	104.00	105.00	105.00	106.00	107.00	106.00	106.00	107.00	106.00	103.00	99.00	98.00	98.00	98.00	99.00	105.00	108.00	109.00	108.00	108.00	106.00	103.00	100.00	101.00	103.00	103.00	102.00	99.00	99.00	105.00	107.00	106.00	109.00	111.00	111.00	110.00	110.00	110.00	110.00	111.00	98.00	98.00	103.00	106.00	106.00	101.00	100.00	99.00	102.00	108.00	112.00	113.00	111.00	108.00	106.00	110.00	114.00	114.00	110.00	109.00	113.00	116.00	117.00	116.00	115.00	115.00	114.00	110.00	109.00	108.00	106.00	107.00	108.00	109.00	111.00	112.00	111.00	109.00	107.00	104.00	102.00	105.00	106.00	107.00	106.00	103.00	104.00	105.00	106.00	107.00	111.00	113.00	114.00	113.00	106.00	106.00	111.00	113.00	115.00	116.00	116.00	116.00
103.00	104.00	105.00	105.00	106.00	105.00	105.00	103.00	100.00	96.00	98.00	98.00	97.00	98.00	100.00	102.00	102.00	101.00	102.00	104.00	106.00	104.00	104.00	106.00	104.00	106.00	104.00	102.00	102.00	103.00	105.00	107.00	107.00	107.00	109.00	110.00	111.00	113.00	113.00	112.00	113.00	113.00	106.00	101.00	95.00	93.00	107.00	108.00	109.00	110.00	111.00	116.00	115.00	114.00	114.00	113.00	112.00	112.00	112.00	110.00	109.00	110.00	110.00	111.00	111.00	111.00	112.00	112.00	109.00	109.00	109.00	108.00	107.00	103.00	103.00	103.00	103.00	102.00	101.00	100.00	101.00	100.00	99.00	96.00	95.00	94.00	93.00	100.00	100.00	95.00	97.00	98.00	98.00	98.00	98.00	99.00	100.00	101.00	96.00	99.00	102.00	104.00	105.00	105.00	105.00	105.00	105.00	105.00	104.00	102.00	104.00	106.00	108.00	107.00	105.00	105.00	107.00	108.00	111.00	112.00	112.00	113.00	112.00	110.00	112.00	118.00	118.00	110.00	113.00	114.00	115.00	119.00	122.00	123.00	121.00	120.00	119.00	119.00	120.00	119.00	103.00	114.00	115.00	107.00	103.00	103.00	108.00	123.00	115.00	104.00	105.00	112.00	111.00	107.00	104.00	105.00	105.00	106.00	107.00	106.00	106.00	107.00	106.00	103.00	99.00	98.00	98.00	98.00	99.00	105.00	108.00	109.00	108.00	108.00	106.00	103.00	100.00	101.00	103.00	103.00	102.00	99.00	99.00	105.00	107.00	106.00	109.00	111.00	111.00	110.00	110.00	110.00	110.00	111.00	98.00	98.00	103.00	106.00	106.00	101.00	100.00	99.00	102.00	108.00	112.00	113.00	111.00	108.00	106.00	110.00	114.00	114.00	110.00	109.00	113.00	116.00	117.00	116.00	115.00	115.00	114.00	110.00	109.00	108.00	106.00	107.00	108.00	109.00	111.00	112.00	111.00	109.00	107.00	104.00	102.00	105.00	106.00	107.00	106.00	103.00	104.00	105.00	106.00	107.00	111.00	113.00	114.00	113.00	106.00	106.00	111.00	113.00	115.00	116.00	116.00	116.00
104.00	102.00	101.00	101.00	101.00	99.00	102.00	103.00	105.00	105.00	108.00	106.00	105.00	104.00	104.00	103.00	104.00	103.00	104.00	103.00	104.00	105.00	104.00	104.00	106.00	106.00	107.00	107.00	114.00	114.00	114.00	115.00	115.00	112.00	112.00	112.00	116.00	113.00	111.00	110.00	109.00	107.00	102.00	106.00	109.00	110.00	106.00	107.00	114.00	119.00	119.00	119.00	117.00	116.00	117.00	118.00	118.00	118.00	118.00	117.00	117.00	116.00	113.00	109.00	101.00	97.00	97.00	98.00	99.00	104.00	108.00	107.00	106.00	107.00	107.00	106.00	105.00	105.00	103.00	103.00	104.00	104.00	106.00	106.00	105.00	105.00	105.00	105.00	105.00	104.00	103.00	102.00	101.00	100.00	100.00	100.00	102.00	104.00	105.00	106.00	107.00	108.00	106.00	104.00	102.00	103.00	103.00	104.00	103.00	103.00	104.00	104.00	104.00	104.00	103.00	103.00	104.00	104.00	105.00	106.00	109.00	110.00	112.00	114.00	116.00	118.00	120.00	117.00	118.00	120.00	124.00	127.00	123.00	117.00	117.00	120.00	121.00	120.00	118.00	112.00	109.00	116.00	110.00	103.00	103.00	106.00	122.00	115.00	103.00	102.00	107.00	114.00	102.00	102.00	102.00	102.00	102.00	102.00	102.00	102.00	104.00	105.00	104.00	106.00	108.00	109.00	108.00	109.00	111.00	111.00	111.00	111.00	110.00	108.00	107.00	108.00	109.00	109.00	110.00	109.00	107.00	103.00	102.00	102.00	102.00	97.00	98.00	101.00	104.00	106.00	110.00	112.00	114.00	115.00	104.00	103.00	113.00	113.00	113.00	112.00	108.00	104.00	105.00	104.00	105.00	105.00	105.00	104.00	106.00	110.00	114.00	115.00	112.00	110.00	115.00	119.00	121.00	119.00	118.00	116.00	114.00	111.00	112.00	112.00	111.00	109.00	108.00	108.00	109.00	110.00	111.00	110.00	110.00	109.00	109.00	111.00	112.00	111.00	109.00	107.00	108.00	108.00	108.00	108.00	111.00	111.00	109.00	110.00	112.00	114.00	116.00	117.00	118.00	117.00	117.00	115.00
96.00	101.00	104.00	105.00	106.00	104.00	108.00	111.00	110.00	110.00	108.00	108.00	110.00	109.00	109.00	106.00	104.00	104.00	104.00	104.00	103.00	104.00	104.00	105.00	110.00	109.00	109.00	113.00	115.00	115.00	117.00	118.00	117.00	118.00	118.00	117.00	117.00	114.00	112.00	111.00	111.00	109.00	101.00	104.00	109.00	113.00	112.00	116.00	117.00	119.00	119.00	122.00	121.00	120.00	119.00	111.00	106.00	103.00	105.00	108.00	109.00	101.00	95.00	93.00	97.00	98.00	99.00	103.00	101.00	99.00	97.00	93.00	93.00	93.00	94.00	96.00	96.00	98.00	104.00	104.00	104.00	104.00	108.00	109.00	109.00	110.00	110.00	110.00	109.00	108.00	108.00	108.00	108.00	107.00	107.00	107.00	108.00	107.00	106.00	106.00	106.00	106.00	107.00	107.00	108.00	107.00	106.00	105.00	104.00	106.00	105.00	105.00	104.00	103.00	103.00	105.00	106.00	107.00	109.00	110.00	110.00	110.00	111.00	112.00	112.00	112.00	113.00	114.00	115.00	117.00	120.00	110.00	107.00	107.00	118.00	123.00	123.00	117.00	110.00	104.00	103.00	103.00	105.00	113.00	119.00	124.00	126.00	108.00	102.00	102.00	106.00	115.00	105.00	108.00	110.00	102.00	102.00	102.00	104.00	112.00	117.00	117.00	112.00	114.00	113.00	112.00	111.00	102.00	101.00	104.00	109.00	113.00	109.00	108.00	108.00	111.00	115.00	115.00	116.00	115.00	112.00	111.00	111.00	110.00	107.00	100.00	98.00	98.00	100.00	102.00	103.00	104.00	104.00	105.00	112.00	114.00	114.00	113.00	113.00	113.00	111.00	107.00	109.00	112.00	111.00	109.00	107.00	106.00	105.00	105.00	107.00	108.00	110.00	110.00	111.00	115.00	121.00	123.00	121.00	117.00	113.00	111.00	111.00	111.00	111.00	111.00	111.00	111.00	111.00	111.00	112.00	112.00	112.00	111.00	111.00	112.00	115.00	117.00	117.00	114.00	111.00	109.00	110.00	108.00	112.00	113.00	111.00	112.00	114.00	114.00	113.00	113.00	112.00	111.00	112.00	114.00
96.00	101.00	104.00	105.00	106.00	104.00	108.00	111.00	110.00	110.00	108.00	108.00	110.00	109.00	109.00	106.00	104.00	104.00	104.00	104.00	103.00	104.00	104.00	105.00	110.00	109.00	109.00	113.00	115.00	115.00	117.00	118.00	117.00	118.00	118.00	117.00	117.00	114.00	112.00	111.00	111.00	109.00	101.00	104.00	109.00	113.00	112.00	116.00	117.00	119.00	119.00	122.00	121.00	120.00	119.00	111.00	106.00	103.00	105.00	108.00	109.00	101.00	95.00	93.00	97.00	98.00	99.00	103.00	101.00	99.00	97.00	93.00	93.00	93.00	94.00	96.00	96.00	98.00	104.00	104.00	104.00	104.00	108.00	109.00	109.00	110.00	110.00	110.00	109.00	108.00	108.00	108.00	108.00	107.00	107.00	107.00	108.00	107.00	106.00	106.00	106.00	106.00	107.00	107.00	108.00	107.00	106.00	105.00	104.00	106.00	105.00	105.00	104.00	103.00	103.00	105.00	106.00	107.00	109.00	110.00	110.00	110.00	111.00	112.00	112.00	112.00	113.00	114.00	115.00	117.00	120.00	110.00	107.00	107.00	118.00	123.00	123.00	117.00	110.00	104.00	103.00	103.00	105.00	113.00	119.00	124.00	126.00	108.00	102.00	102.00	106.00	115.00	105.00	108.00	110.00	102.00	102.00	102.00	104.00	112.00	117.00	117.00	112.00	114.00	113.00	112.00	111.00	102.00	101.00	104.00	109.00	113.00	109.00	108.00	108.00	111.00	115.00	115.00	116.00	115.00	112.00	111.00	111.00	110.00	107.00	100.00	98.00	98.00	100.00	102.00	103.00	104.00	104.00	105.00	112.00	114.00	114.00	113.00	113.00	113.00	111.00	107.00	109.00	112.00	111.00	109.00	107.00	106.00	105.00	105.00	107.00	108.00	110.00	110.00	111.00	115.00	121.00	123.00	121.00	117.00	113.00	111.00	111.00	111.00	111.00	111.00	111.00	111.00	111.00	111.00	112.00	112.00	112.00	111.00	111.00	112.00	115.00	117.00	117.00	114.00	111.00	109.00	110.00	108.00	112.00	113.00	111.00	112.00	114.00	114.00	113.00	113.00	112.00	111.00	112.00	114.00
99.00	99.00	101.00	102.00	103.00	110.00	109.00	110.00	110.00	112.00	114.00	112.00	111.00	110.00	108.00	110.00	110.00	110.00	107.00	107.00	107.00	108.00	111.00	116.00	120.00	120.00	115.00	116.00	120.00	120.00	121.00	122.00	124.00	122.00	121.00	121.00	121.00	117.00	117.00	117.00	118.00	117.00	108.00	107.00	109.00	113.00	122.00	123.00	123.00	121.00	121.00	122.00	123.00	122.00	121.00	115.00	112.00	102.00	97.00	97.00	98.00	98.00	100.00	106.00	110.00	108.00	108.00	111.00	112.00	113.00	112.00	113.00	109.00	105.00	104.00	103.00	102.00	104.00	107.00	107.00	106.00	106.00	106.00	107.00	108.00	108.00	109.00	111.00	111.00	109.00	105.00	104.00	104.00	105.00	100.00	101.00	106.00	107.00	107.00	107.00	107.00	107.00	106.00	106.00	106.00	105.00	105.00	105.00	106.00	110.00	107.00	103.00	103.00	104.00	106.00	106.00	106.00	107.00	110.00	111.00	111.00	112.00	113.00	112.00	112.00	112.00	111.00	110.00	111.00	112.00	112.00	103.00	105.00	113.00	120.00	122.00	117.00	104.00	103.00	103.00	103.00	103.00	114.00	128.00	130.00	126.00	125.00	118.00	109.00	113.00	116.00	121.00	117.00	118.00	118.00	120.00	121.00	123.00	126.00	125.00	120.00	113.00	114.00	122.00	122.00	121.00	114.00	97.00	97.00	97.00	98.00	109.00	107.00	107.00	111.00	113.00	114.00	114.00	115.00	116.00	116.00	114.00	113.00	109.00	106.00	104.00	106.00	107.00	108.00	107.00	102.00	99.00	97.00	97.00	97.00	104.00	111.00	111.00	110.00	109.00	109.00	107.00	106.00	111.00	115.00	115.00	115.00	115.00	115.00	116.00	115.00	115.00	109.00	103.00	102.00	103.00	104.00	114.00	115.00	113.00	110.00	108.00	108.00	109.00	110.00	111.00	111.00	111.00	111.00	111.00	111.00	112.00	112.00	113.00	115.00	116.00	115.00	115.00	114.00	114.00	106.00	102.00	102.00	102.00	113.00	116.00	112.00	114.00	117.00	116.00	116.00	115.00	114.00	113.00	111.00	110.00
98.00	100.00	101.00	101.00	102.00	105.00	107.00	107.00	106.00	109.00	115.00	116.00	115.00	116.00	115.00	116.00	114.00	114.00	114.00	115.00	118.00	121.00	124.00	124.00	124.00	120.00	118.00	118.00	120.00	120.00	120.00	116.00	113.00	115.00	116.00	119.00	116.00	112.00	112.00	114.00	114.00	114.00	112.00	111.00	108.00	109.00	127.00	127.00	127.00	128.00	128.00	124.00	122.00	119.00	116.00	112.00	114.00	122.00	122.00	120.00	120.00	120.00	119.00	119.00	106.00	103.00	103.00	103.00	103.00	111.00	111.00	112.00	113.00	111.00	115.00	114.00	113.00	112.00	111.00	111.00	108.00	109.00	109.00	109.00	104.00	103.00	105.00	101.00	100.00	99.00	98.00	98.00	98.00	98.00	99.00	101.00	105.00	99.00	91.00	89.00	93.00	93.00	93.00	90.00	94.00	107.00	107.00	109.00	108.00	108.00	107.00	106.00	105.00	106.00	106.00	104.00	103.00	107.00	112.00	112.00	111.00	111.00	112.00	112.00	111.00	111.00	110.00	110.00	111.00	110.00	108.00	108.00	109.00	107.00	105.00	104.00	108.00	108.00	105.00	103.00	103.00	105.00	119.00	124.00	126.00	124.00	121.00	121.00	125.00	126.00	125.00	122.00	118.00	117.00	115.00	118.00	123.00	127.00	128.00	121.00	111.00	111.00	124.00	125.00	125.00	122.00	106.00	97.00	97.00	98.00	107.00	117.00	121.00	122.00	122.00	118.00	107.00	107.00	107.00	108.00	109.00	110.00	109.00	106.00	107.00	110.00	112.00	111.00	108.00	104.00	98.00	97.00	97.00	97.00	97.00	102.00	109.00	109.00	109.00	108.00	106.00	106.00	106.00	106.00	108.00	110.00	111.00	113.00	116.00	117.00	118.00	118.00	105.00	102.00	102.00	102.00	102.00	102.00	107.00	110.00	108.00	106.00	106.00	107.00	108.00	109.00	110.00	110.00	110.00	110.00	110.00	111.00	112.00	117.00	120.00	120.00	119.00	119.00	119.00	117.00	113.00	107.00	105.00	109.00	117.00	116.00	106.00	109.00	119.00	120.00	120.00	121.00	121.00	121.00	121.00	120.00
98.00	100.00	101.00	101.00	102.00	105.00	107.00	107.00	106.00	109.00	115.00	116.00	115.00	116.00	115.00	116.00	114.00	114.00	114.00	115.00	118.00	121.00	124.00	124.00	124.00	120.00	118.00	118.00	120.00	120.00	120.00	116.00	113.00	115.00	116.00	119.00	116.00	112.00	112.00	114.00	114.00	114.00	112.00	111.00	108.00	109.00	127.00	127.00	127.00	128.00	128.00	124.00	122.00	119.00	116.00	112.00	114.00	122.00	122.00	120.00	120.00	120.00	119.00	119.00	106.00	103.00	103.00	103.00	103.00	111.00	111.00	112.00	113.00	111.00	115.00	114.00	113.00	112.00	111.00	111.00	108.00	109.00	109.00	109.00	104.00	103.00	105.00	101.00	100.00	99.00	98.00	98.00	98.00	98.00	99.00	101.00	105.00	99.00	91.00	89.00	93.00	93.00	93.00	90.00	94.00	107.00	107.00	109.00	108.00	108.00	107.00	106.00	105.00	106.00	106.00	104.00	103.00	107.00	112.00	112.00	111.00	111.00	112.00	112.00	111.00	111.00	110.00	110.00	111.00	110.00	108.00	108.00	109.00	107.00	105.00	104.00	108.00	108.00	105.00	103.00	103.00	105.00	119.00	124.00	126.00	124.00	121.00	121.00	125.00	126.00	125.00	122.00	118.00	117.00	115.00	118.00	123.00	127.00	128.00	121.00	111.00	111.00	124.00	125.00	125.00	122.00	106.00	97.00	97.00	98.00	107.00	117.00	121.00	122.00	122.00	118.00	107.00	107.00	107.00	108.00	109.00	110.00	109.00	106.00	107.00	110.00	112.00	111.00	108.00	104.00	98.00	97.00	97.00	97.00	97.00	102.00	109.00	109.00	109.00	108.00	106.00	106.00	106.00	106.00	108.00	110.00	111.00	113.00	116.00	117.00	118.00	118.00	105.00	102.00	102.00	102.00	102.00	102.00	107.00	110.00	108.00	106.00	106.00	107.00	108.00	109.00	110.00	110.00	110.00	110.00	110.00	111.00	112.00	117.00	120.00	120.00	119.00	119.00	119.00	117.00	113.00	107.00	105.00	109.00	117.00	116.00	106.00	109.00	119.00	120.00	120.00	121.00	121.00	121.00	121.00	120.00
107.00	105.00	104.00	103.00	106.00	112.00	110.00	107.00	110.00	111.00	110.00	113.00	114.00	112.00	112.00	119.00	120.00	121.00	121.00	118.00	119.00	118.00	118.00	118.00	113.00	115.00	118.00	119.00	122.00	116.00	113.00	113.00	113.00	120.00	118.00	118.00	114.00	114.00	114.00	113.00	113.00	114.00	115.00	117.00	116.00	117.00	130.00	128.00	128.00	127.00	122.00	123.00	124.00	124.00	121.00	117.00	112.00	115.00	120.00	120.00	112.00	108.00	106.00	103.00	103.00	103.00	106.00	112.00	111.00	108.00	107.00	105.00	104.00	110.00	111.00	112.00	112.00	112.00	112.00	101.00	98.00	106.00	112.00	99.00	98.00	98.00	98.00	100.00	105.00	106.00	106.00	107.00	108.00	107.00	107.00	106.00	102.00	95.00	91.00	91.00	91.00	91.00	91.00	91.00	94.00	104.00	105.00	106.00	106.00	105.00	105.00	109.00	109.00	109.00	108.00	108.00	109.00	111.00	111.00	112.00	113.00	115.00	117.00	115.00	114.00	112.00	111.00	110.00	111.00	109.00	108.00	104.00	102.00	103.00	103.00	103.00	107.00	109.00	110.00	110.00	108.00	109.00	111.00	113.00	113.00	113.00	114.00	115.00	117.00	119.00	122.00	122.00	122.00	124.00	125.00	122.00	120.00	123.00	121.00	110.00	115.00	125.00	105.00	123.00	127.00	113.00	97.00	97.00	103.00	118.00	125.00	124.00	121.00	124.00	126.00	121.00	107.00	107.00	107.00	111.00	117.00	109.00	107.00	107.00	107.00	112.00	116.00	114.00	109.00	100.00	97.00	97.00	97.00	97.00	98.00	103.00	106.00	108.00	109.00	109.00	108.00	107.00	106.00	105.00	106.00	104.00	104.00	105.00	108.00	110.00	112.00	113.00	104.00	102.00	102.00	104.00	110.00	113.00	117.00	118.00	116.00	109.00	108.00	107.00	107.00	106.00	107.00	108.00	108.00	109.00	110.00	110.00	111.00	116.00	119.00	122.00	121.00	120.00	120.00	120.00	120.00	121.00	121.00	120.00	121.00	120.00	116.00	118.00	120.00	121.00	122.00	124.00	124.00	124.00	125.00	125.00
107.00	105.00	104.00	103.00	106.00	112.00	110.00	107.00	110.00	111.00	110.00	113.00	114.00	112.00	112.00	119.00	120.00	121.00	121.00	118.00	119.00	118.00	118.00	118.00	113.00	115.00	118.00	119.00	122.00	116.00	113.00	113.00	113.00	120.00	118.00	118.00	114.00	114.00	114.00	113.00	113.00	114.00	115.00	117.00	116.00	117.00	130.00	128.00	128.00	127.00	122.00	123.00	124.00	124.00	121.00	117.00	112.00	115.00	120.00	120.00	112.00	108.00	106.00	103.00	103.00	103.00	106.00	112.00	111.00	108.00	107.00	105.00	104.00	110.00	111.00	112.00	112.00	112.00	112.00	101.00	98.00	106.00	112.00	99.00	98.00	98.00	98.00	100.00	105.00	106.00	106.00	107.00	108.00	107.00	107.00	106.00	102.00	95.00	91.00	91.00	91.00	91.00	91.00	91.00	94.00	104.00	105.00	106.00	106.00	105.00	105.00	109.00	109.00	109.00	108.00	108.00	109.00	111.00	111.00	112.00	113.00	115.00	117.00	115.00	114.00	112.00	111.00	110.00	111.00	109.00	108.00	104.00	102.00	103.00	103.00	103.00	107.00	109.00	110.00	110.00	108.00	109.00	111.00	113.00	113.00	113.00	114.00	115.00	117.00	119.00	122.00	122.00	122.00	124.00	125.00	122.00	120.00	123.00	121.00	110.00	115.00	125.00	105.00	123.00	127.00	113.00	97.00	97.00	103.00	118.00	125.00	124.00	121.00	124.00	126.00	121.00	107.00	107.00	107.00	111.00	117.00	109.00	107.00	107.00	107.00	112.00	116.00	114.00	109.00	100.00	97.00	97.00	97.00	97.00	98.00	103.00	106.00	108.00	109.00	109.00	108.00	107.00	106.00	105.00	106.00	104.00	104.00	105.00	108.00	110.00	112.00	113.00	104.00	102.00	102.00	104.00	110.00	113.00	117.00	118.00	116.00	109.00	108.00	107.00	107.00	106.00	107.00	108.00	108.00	109.00	110.00	110.00	111.00	116.00	119.00	122.00	121.00	120.00	120.00	120.00	120.00	121.00	121.00	120.00	121.00	120.00	116.00	118.00	120.00	121.00	122.00	124.00	124.00	124.00	125.00	125.00
109.00	107.00	109.00	110.00	109.00	111.00	107.00	107.00	107.00	114.00	113.00	110.00	111.00	111.00	111.00	114.00	120.00	124.00	122.00	113.00	116.00	117.00	115.00	117.00	117.00	117.00	118.00	117.00	119.00	116.00	117.00	116.00	117.00	119.00	117.00	112.00	114.00	115.00	115.00	115.00	114.00	113.00	119.00	124.00	128.00	131.00	130.00	126.00	124.00	123.00	125.00	121.00	121.00	120.00	121.00	121.00	121.00	117.00	119.00	117.00	103.00	103.00	103.00	103.00	109.00	111.00	112.00	112.00	107.00	102.00	102.00	102.00	107.00	109.00	102.00	99.00	110.00	110.00	106.00	98.00	99.00	104.00	98.00	98.00	98.00	98.00	98.00	113.00	115.00	113.00	112.00	110.00	108.00	108.00	108.00	108.00	106.00	100.00	93.00	104.00	97.00	96.00	94.00	95.00	96.00	105.00	106.00	106.00	103.00	105.00	106.00	106.00	107.00	107.00	110.00	110.00	111.00	112.00	114.00	114.00	114.00	114.00	114.00	112.00	112.00	113.00	114.00	114.00	113.00	113.00	112.00	108.00	107.00	107.00	107.00	106.00	108.00	111.00	112.00	111.00	111.00	112.00	110.00	109.00	110.00	110.00	109.00	109.00	110.00	110.00	113.00	116.00	118.00	119.00	121.00	122.00	123.00	125.00	113.00	113.00	124.00	127.00	98.00	122.00	123.00	109.00	97.00	112.00	121.00	124.00	123.00	112.00	122.00	125.00	124.00	122.00	117.00	116.00	117.00	120.00	118.00	123.00	114.00	110.00	111.00	121.00	121.00	120.00	117.00	108.00	100.00	101.00	102.00	104.00	110.00	109.00	107.00	107.00	108.00	105.00	105.00	103.00	103.00	108.00	108.00	106.00	105.00	106.00	108.00	109.00	110.00	111.00	112.00	112.00	111.00	115.00	117.00	121.00	122.00	122.00	121.00	110.00	107.00	107.00	107.00	108.00	109.00	109.00	108.00	107.00	106.00	105.00	106.00	108.00	110.00	116.00	119.00	121.00	121.00	122.00	123.00	123.00	123.00	122.00	119.00	121.00	124.00	124.00	124.00	125.00	125.00	126.00	126.00	116.00	120.00	123.00
109.00	107.00	109.00	110.00	109.00	111.00	107.00	107.00	107.00	114.00	113.00	110.00	111.00	111.00	111.00	114.00	120.00	124.00	122.00	113.00	116.00	117.00	115.00	117.00	117.00	117.00	118.00	117.00	119.00	116.00	117.00	116.00	117.00	119.00	117.00	112.00	114.00	115.00	115.00	115.00	114.00	113.00	119.00	124.00	128.00	131.00	130.00	126.00	124.00	123.00	125.00	121.00	121.00	120.00	121.00	121.00	121.00	117.00	119.00	117.00	103.00	103.00	103.00	103.00	109.00	111.00	112.00	112.00	107.00	102.00	102.00	102.00	107.00	109.00	102.00	99.00	110.00	110.00	106.00	98.00	99.00	104.00	98.00	98.00	98.00	98.00	98.00	113.00	115.00	113.00	112.00	110.00	108.00	108.00	108.00	108.00	106.00	100.00	93.00	104.00	97.00	96.00	94.00	95.00	96.00	105.00	106.00	106.00	103.00	105.00	106.00	106.00	107.00	107.00	110.00	110.00	111.00	112.00	114.00	114.00	114.00	114.00	114.00	112.00	112.00	113.00	114.00	114.00	113.00	113.00	112.00	108.00	107.00	107.00	107.00	106.00	108.00	111.00	112.00	111.00	111.00	112.00	110.00	109.00	110.00	110.00	109.00	109.00	110.00	110.00	113.00	116.00	118.00	119.00	121.00	122.00	123.00	125.00	113.00	113.00	124.00	127.00	98.00	122.00	123.00	109.00	97.00	112.00	121.00	124.00	123.00	112.00	122.00	125.00	124.00	122.00	117.00	116.00	117.00	120.00	118.00	123.00	114.00	110.00	111.00	121.00	121.00	120.00	117.00	108.00	100.00	101.00	102.00	104.00	110.00	109.00	107.00	107.00	108.00	105.00	105.00	103.00	103.00	108.00	108.00	106.00	105.00	106.00	108.00	109.00	110.00	111.00	112.00	112.00	111.00	115.00	117.00	121.00	122.00	122.00	121.00	110.00	107.00	107.00	107.00	108.00	109.00	109.00	108.00	107.00	106.00	105.00	106.00	108.00	110.00	116.00	119.00	121.00	121.00	122.00	123.00	123.00	123.00	122.00	119.00	121.00	124.00	124.00	124.00	125.00	125.00	126.00	126.00	116.00	120.00	123.00
109.00	111.00	111.00	112.00	111.00	106.00	107.00	107.00	108.00	109.00	107.00	107.00	107.00	111.00	111.00	111.00	110.00	110.00	111.00	111.00	110.00	111.00	113.00	116.00	113.00	109.00	116.00	117.00	122.00	121.00	121.00	119.00	118.00	117.00	117.00	116.00	112.00	113.00	115.00	116.00	116.00	116.00	128.00	134.00	135.00	133.00	127.00	126.00	124.00	121.00	120.00	117.00	120.00	121.00	122.00	122.00	119.00	119.00	118.00	117.00	106.00	109.00	110.00	112.00	114.00	113.00	109.00	106.00	102.00	107.00	106.00	109.00	112.00	98.00	104.00	113.00	113.00	112.00	100.00	108.00	111.00	110.00	103.00	100.00	101.00	102.00	109.00	115.00	115.00	115.00	115.00	114.00	113.00	113.00	112.00	111.00	107.00	108.00	110.00	101.00	109.00	112.00	112.00	112.00	111.00	109.00	109.00	108.00	108.00	111.00	111.00	111.00	110.00	109.00	108.00	108.00	108.00	109.00	110.00	111.00	112.00	112.00	112.00	114.00	113.00	113.00	113.00	112.00	112.00	112.00	112.00	110.00	112.00	113.00	114.00	114.00	111.00	110.00	110.00	111.00	113.00	115.00	113.00	111.00	111.00	111.00	112.00	113.00	114.00	115.00	114.00	114.00	111.00	111.00	110.00	109.00	107.00	108.00	112.00	121.00	122.00	124.00	122.00	123.00	123.00	121.00	115.00	120.00	121.00	119.00	119.00	122.00	129.00	126.00	124.00	125.00	125.00	124.00	123.00	124.00	124.00	125.00	124.00	121.00	118.00	126.00	125.00	124.00	125.00	124.00	118.00	115.00	111.00	109.00	112.00	113.00	113.00	113.00	112.00	106.00	101.00	102.00	105.00	108.00	109.00	108.00	108.00	109.00	109.00	110.00	110.00	110.00	111.00	111.00	110.00	109.00	110.00	115.00	116.00	117.00	116.00	108.00	105.00	104.00	105.00	107.00	109.00	109.00	109.00	109.00	110.00	110.00	110.00	109.00	111.00	110.00	109.00	109.00	110.00	116.00	119.00	120.00	117.00	111.00	107.00	114.00	125.00	125.00	127.00	127.00	127.00	126.00	125.00	119.00	122.00	127.00
109.00	111.00	111.00	112.00	111.00	106.00	107.00	107.00	108.00	109.00	107.00	107.00	107.00	111.00	111.00	111.00	110.00	110.00	111.00	111.00	110.00	111.00	113.00	116.00	113.00	109.00	116.00	117.00	122.00	121.00	121.00	119.00	118.00	117.00	117.00	116.00	112.00	113.00	115.00	116.00	116.00	116.00	128.00	134.00	135.00	133.00	127.00	126.00	124.00	121.00	120.00	117.00	120.00	121.00	122.00	122.00	119.00	119.00	118.00	117.00	106.00	109.00	110.00	112.00	114.00	113.00	109.00	106.00	102.00	107.00	106.00	109.00	112.00	98.00	104.00	113.00	113.00	112.00	100.00	108.00	111.00	110.00	103.00	100.00	101.00	102.00	109.00	115.00	115.00	115.00	115.00	114.00	113.00	113.00	112.00	111.00	107.00	108.00	110.00	101.00	109.00	112.00	112.00	112.00	111.00	109.00	109.00	108.00	108.00	111.00	111.00	111.00	110.00	109.00	108.00	108.00	108.00	109.00	110.00	111.00	112.00	112.00	112.00	114.00	113.00	113.00	113.00	112.00	112.00	112.00	112.00	110.00	112.00	113.00	114.00	114.00	111.00	110.00	110.00	111.00	113.00	115.00	113.00	111.00	111.00	111.00	112.00	113.00	114.00	115.00	114.00	114.00	111.00	111.00	110.00	109.00	107.00	108.00	112.00	121.00	122.00	124.00	122.00	123.00	123.00	121.00	115.00	120.00	121.00	119.00	119.00	122.00	129.00	126.00	124.00	125.00	125.00	124.00	123.00	124.00	124.00	125.00	124.00	121.00	118.00	126.00	125.00	124.00	125.00	124.00	118.00	115.00	111.00	109.00	112.00	113.00	113.00	113.00	112.00	106.00	101.00	102.00	105.00	108.00	109.00	108.00	108.00	109.00	109.00	110.00	110.00	110.00	111.00	111.00	110.00	109.00	110.00	115.00	116.00	117.00	116.00	108.00	105.00	104.00	105.00	107.00	109.00	109.00	109.00	109.00	110.00	110.00	110.00	109.00	111.00	110.00	109.00	109.00	110.00	116.00	119.00	120.00	117.00	111.00	107.00	114.00	125.00	125.00	127.00	127.00	127.00	126.00	125.00	119.00	122.00	127.00
113.00	112.00	112.00	111.00	111.00	109.00	109.00	111.00	110.00	110.00	107.00	107.00	109.00	112.00	113.00	113.00	112.00	112.00	111.00	110.00	109.00	109.00	109.00	110.00	108.00	108.00	113.00	113.00	116.00	117.00	119.00	121.00	123.00	123.00	120.00	116.00	117.00	115.00	115.00	114.00	112.00	110.00	122.00	131.00	136.00	135.00	128.00	125.00	123.00	123.00	123.00	120.00	120.00	122.00	123.00	123.00	121.00	122.00	121.00	119.00	121.00	123.00	122.00	117.00	112.00	110.00	103.00	102.00	102.00	110.00	109.00	107.00	101.00	103.00	108.00	110.00	111.00	110.00	112.00	113.00	113.00	113.00	110.00	113.00	112.00	113.00	112.00	112.00	112.00	112.00	113.00	114.00	115.00	114.00	114.00	112.00	113.00	112.00	110.00	93.00	93.00	111.00	113.00	113.00	113.00	113.00	114.00	114.00	114.00	114.00	114.00	113.00	114.00	115.00	115.00	115.00	114.00	113.00	112.00	111.00	111.00	111.00	112.00	113.00	113.00	113.00	113.00	113.00	111.00	111.00	112.00	113.00	113.00	113.00	113.00	113.00	113.00	113.00	113.00	115.00	117.00	114.00	112.00	112.00	113.00	117.00	117.00	117.00	115.00	113.00	111.00	109.00	109.00	110.00	110.00	109.00	108.00	108.00	113.00	113.00	110.00	109.00	109.00	108.00	109.00	109.00	109.00	118.00	123.00	126.00	126.00	128.00	129.00	126.00	123.00	125.00	124.00	123.00	125.00	127.00	123.00	122.00	125.00	128.00	124.00	123.00	125.00	124.00	125.00	126.00	123.00	116.00	108.00	107.00	122.00	121.00	119.00	118.00	116.00	108.00	102.00	104.00	110.00	110.00	110.00	113.00	114.00	116.00	115.00	115.00	114.00	113.00	114.00	112.00	103.00	102.00	107.00	111.00	112.00	113.00	111.00	109.00	106.00	104.00	103.00	102.00	102.00	103.00	104.00	105.00	109.00	110.00	110.00	110.00	110.00	117.00	119.00	119.00	118.00	117.00	116.00	114.00	110.00	107.00	107.00	112.00	121.00	123.00	126.00	127.00	125.00	122.00	125.00	129.00	130.00	131.00
110.00	104.00	103.00	106.00	109.00	107.00	110.00	111.00	111.00	111.00	109.00	109.00	112.00	111.00	110.00	109.00	111.00	111.00	112.00	113.00	113.00	112.00	112.00	110.00	110.00	110.00	111.00	108.00	113.00	116.00	116.00	118.00	120.00	117.00	115.00	116.00	115.00	113.00	113.00	115.00	121.00	125.00	130.00	136.00	137.00	137.00	133.00	130.00	128.00	127.00	124.00	124.00	121.00	120.00	122.00	124.00	121.00	120.00	120.00	120.00	121.00	120.00	114.00	107.00	106.00	103.00	102.00	103.00	106.00	108.00	99.00	92.00	92.00	98.00	97.00	95.00	96.00	106.00	109.00	110.00	105.00	100.00	107.00	115.00	116.00	116.00	116.00	114.00	113.00	112.00	112.00	112.00	113.00	113.00	113.00	114.00	114.00	115.00	107.00	93.00	99.00	113.00	114.00	115.00	115.00	116.00	116.00	116.00	116.00	116.00	117.00	117.00	118.00	118.00	118.00	118.00	118.00	118.00	117.00	116.00	115.00	115.00	115.00	114.00	114.00	113.00	112.00	113.00	112.00	112.00	112.00	111.00	111.00	111.00	112.00	112.00	114.00	115.00	115.00	115.00	117.00	118.00	117.00	118.00	119.00	119.00	117.00	115.00	114.00	112.00	112.00	111.00	109.00	109.00	107.00	108.00	109.00	110.00	110.00	108.00	107.00	107.00	107.00	107.00	107.00	107.00	107.00	108.00	117.00	121.00	122.00	123.00	123.00	127.00	129.00	130.00	126.00	125.00	128.00	128.00	126.00	122.00	125.00	124.00	123.00	127.00	128.00	126.00	124.00	126.00	126.00	126.00	120.00	115.00	127.00	126.00	124.00	124.00	124.00	118.00	111.00	115.00	120.00	118.00	116.00	118.00	116.00	116.00	119.00	120.00	121.00	120.00	117.00	115.00	106.00	110.00	113.00	114.00	114.00	111.00	109.00	106.00	105.00	105.00	105.00	105.00	105.00	105.00	104.00	104.00	102.00	102.00	102.00	103.00	105.00	112.00	116.00	119.00	120.00	120.00	120.00	121.00	112.00	107.00	110.00	115.00	116.00	115.00	115.00	115.00	116.00	116.00	119.00	125.00	127.00	129.00
110.00	104.00	103.00	106.00	109.00	107.00	110.00	111.00	111.00	111.00	109.00	109.00	112.00	111.00	110.00	109.00	111.00	111.00	112.00	113.00	113.00	112.00	112.00	110.00	110.00	110.00	111.00	108.00	113.00	116.00	116.00	118.00	120.00	117.00	115.00	116.00	115.00	113.00	113.00	115.00	121.00	125.00	130.00	136.00	137.00	137.00	133.00	130.00	128.00	127.00	124.00	124.00	121.00	120.00	122.00	124.00	121.00	120.00	120.00	120.00	121.00	120.00	114.00	107.00	106.00	103.00	102.00	103.00	106.00	108.00	99.00	92.00	92.00	98.00	97.00	95.00	96.00	106.00	109.00	110.00	105.00	100.00	107.00	115.00	116.00	116.00	116.00	114.00	113.00	112.00	112.00	112.00	113.00	113.00	113.00	114.00	114.00	115.00	107.00	93.00	99.00	113.00	114.00	115.00	115.00	116.00	116.00	116.00	116.00	116.00	117.00	117.00	118.00	118.00	118.00	118.00	118.00	118.00	117.00	116.00	115.00	115.00	115.00	114.00	114.00	113.00	112.00	113.00	112.00	112.00	112.00	111.00	111.00	111.00	112.00	112.00	114.00	115.00	115.00	115.00	117.00	118.00	117.00	118.00	119.00	119.00	117.00	115.00	114.00	112.00	112.00	111.00	109.00	109.00	107.00	108.00	109.00	110.00	110.00	108.00	107.00	107.00	107.00	107.00	107.00	107.00	107.00	108.00	117.00	121.00	122.00	123.00	123.00	127.00	129.00	130.00	126.00	125.00	128.00	128.00	126.00	122.00	125.00	124.00	123.00	127.00	128.00	126.00	124.00	126.00	126.00	126.00	120.00	115.00	127.00	126.00	124.00	124.00	124.00	118.00	111.00	115.00	120.00	118.00	116.00	118.00	116.00	116.00	119.00	120.00	121.00	120.00	117.00	115.00	106.00	110.00	113.00	114.00	114.00	111.00	109.00	106.00	105.00	105.00	105.00	105.00	105.00	105.00	104.00	104.00	102.00	102.00	102.00	103.00	105.00	112.00	116.00	119.00	120.00	120.00	120.00	121.00	112.00	107.00	110.00	115.00	116.00	115.00	115.00	115.00	116.00	116.00	119.00	125.00	127.00	129.00
107.00	109.00	107.00	105.00	105.00	109.00	108.00	109.00	110.00	110.00	113.00	114.00	115.00	116.00	114.00	111.00	111.00	113.00	114.00	111.00	110.00	111.00	112.00	114.00	117.00	118.00	115.00	111.00	115.00	115.00	115.00	115.00	113.00	106.00	108.00	109.00	111.00	113.00	118.00	122.00	127.00	132.00	139.00	140.00	139.00	137.00	133.00	130.00	127.00	125.00	124.00	122.00	121.00	121.00	123.00	124.00	123.00	125.00	122.00	120.00	116.00	113.00	111.00	113.00	106.00	103.00	102.00	105.00	102.00	96.00	96.00	99.00	99.00	92.00	92.00	93.00	97.00	107.00	108.00	101.00	100.00	103.00	110.00	111.00	112.00	112.00	113.00	113.00	112.00	111.00	112.00	113.00	113.00	114.00	115.00	116.00	116.00	117.00	108.00	98.00	115.00	117.00	118.00	118.00	118.00	118.00	118.00	118.00	118.00	120.00	122.00	122.00	123.00	123.00	122.00	121.00	121.00	121.00	120.00	119.00	117.00	115.00	114.00	116.00	117.00	117.00	117.00	118.00	118.00	116.00	115.00	115.00	114.00	114.00	113.00	112.00	112.00	112.00	113.00	114.00	114.00	116.00	116.00	117.00	117.00	117.00	116.00	114.00	112.00	114.00	114.00	111.00	107.00	108.00	112.00	112.00	112.00	111.00	108.00	107.00	107.00	107.00	107.00	107.00	107.00	107.00	107.00	109.00	115.00	118.00	120.00	121.00	121.00	122.00	123.00	124.00	125.00	128.00	130.00	130.00	130.00	125.00	124.00	127.00	130.00	130.00	128.00	123.00	121.00	123.00	127.00	130.00	131.00	129.00	130.00	129.00	131.00	131.00	130.00	120.00	119.00	124.00	127.00	127.00	123.00	125.00	123.00	121.00	119.00	118.00	118.00	118.00	116.00	116.00	117.00	117.00	116.00	116.00	115.00	113.00	110.00	106.00	105.00	105.00	105.00	105.00	106.00	106.00	106.00	106.00	106.00	106.00	105.00	106.00	107.00	110.00	112.00	114.00	115.00	114.00	116.00	118.00	115.00	114.00	118.00	120.00	123.00	125.00	120.00	112.00	111.00	111.00	111.00	117.00	119.00	121.00
111.00	113.00	112.00	110.00	109.00	109.00	107.00	107.00	111.00	111.00	112.00	114.00	114.00	113.00	114.00	113.00	113.00	110.00	110.00	114.00	114.00	115.00	117.00	116.00	116.00	117.00	115.00	111.00	118.00	120.00	118.00	116.00	113.00	107.00	107.00	106.00	114.00	119.00	122.00	125.00	127.00	128.00	129.00	125.00	124.00	126.00	129.00	129.00	125.00	123.00	123.00	121.00	123.00	123.00	122.00	120.00	122.00	121.00	118.00	114.00	116.00	115.00	115.00	117.00	114.00	111.00	109.00	108.00	95.00	108.00	108.00	106.00	105.00	102.00	105.00	106.00	109.00	111.00	111.00	110.00	109.00	109.00	110.00	110.00	108.00	108.00	107.00	110.00	110.00	109.00	109.00	108.00	108.00	111.00	115.00	117.00	115.00	94.00	95.00	118.00	120.00	120.00	120.00	119.00	118.00	117.00	117.00	118.00	119.00	122.00	123.00	124.00	125.00	125.00	126.00	124.00	117.00	118.00	121.00	120.00	113.00	112.00	112.00	114.00	117.00	118.00	118.00	117.00	115.00	113.00	112.00	118.00	117.00	116.00	119.00	118.00	116.00	115.00	114.00	115.00	113.00	113.00	113.00	113.00	112.00	112.00	112.00	112.00	112.00	112.00	111.00	108.00	110.00	111.00	111.00	110.00	108.00	107.00	107.00	109.00	109.00	109.00	109.00	108.00	108.00	109.00	110.00	113.00	114.00	116.00	117.00	119.00	117.00	116.00	116.00	116.00	120.00	122.00	123.00	121.00	122.00	126.00	127.00	131.00	132.00	124.00	123.00	126.00	128.00	126.00	128.00	130.00	132.00	129.00	122.00	121.00	122.00	122.00	121.00	123.00	126.00	128.00	129.00	126.00	120.00	121.00	121.00	122.00	124.00	126.00	127.00	126.00	127.00	125.00	121.00	120.00	120.00	118.00	117.00	115.00	113.00	108.00	107.00	107.00	106.00	106.00	105.00	105.00	105.00	105.00	108.00	108.00	108.00	109.00	112.00	114.00	115.00	114.00	113.00	113.00	112.00	111.00	112.00	110.00	104.00	103.00	113.00	122.00	113.00	111.00	111.00	114.00	120.00	127.00	126.00	126.00
111.00	113.00	112.00	110.00	109.00	109.00	107.00	107.00	111.00	111.00	112.00	114.00	114.00	113.00	114.00	113.00	113.00	110.00	110.00	114.00	114.00	115.00	117.00	116.00	116.00	117.00	115.00	111.00	118.00	120.00	118.00	116.00	113.00	107.00	107.00	106.00	114.00	119.00	122.00	125.00	127.00	128.00	129.00	125.00	124.00	126.00	129.00	129.00	125.00	123.00	123.00	121.00	123.00	123.00	122.00	120.00	122.00	121.00	118.00	114.00	116.00	115.00	115.00	117.00	114.00	111.00	109.00	108.00	95.00	108.00	108.00	106.00	105.00	102.00	105.00	106.00	109.00	111.00	111.00	110.00	109.00	109.00	110.00	110.00	108.00	108.00	107.00	110.00	110.00	109.00	109.00	108.00	108.00	111.00	115.00	117.00	115.00	94.00	95.00	118.00	120.00	120.00	120.00	119.00	118.00	117.00	117.00	118.00	119.00	122.00	123.00	124.00	125.00	125.00	126.00	124.00	117.00	118.00	121.00	120.00	113.00	112.00	112.00	114.00	117.00	118.00	118.00	117.00	115.00	113.00	112.00	118.00	117.00	116.00	119.00	118.00	116.00	115.00	114.00	115.00	113.00	113.00	113.00	113.00	112.00	112.00	112.00	112.00	112.00	112.00	111.00	108.00	110.00	111.00	111.00	110.00	108.00	107.00	107.00	109.00	109.00	109.00	109.00	108.00	108.00	109.00	110.00	113.00	114.00	116.00	117.00	119.00	117.00	116.00	116.00	116.00	120.00	122.00	123.00	121.00	122.00	126.00	127.00	131.00	132.00	124.00	123.00	126.00	128.00	126.00	128.00	130.00	132.00	129.00	122.00	121.00	122.00	122.00	121.00	123.00	126.00	128.00	129.00	126.00	120.00	121.00	121.00	122.00	124.00	126.00	127.00	126.00	127.00	125.00	121.00	120.00	120.00	118.00	117.00	115.00	113.00	108.00	107.00	107.00	106.00	106.00	105.00	105.00	105.00	105.00	108.00	108.00	108.00	109.00	112.00	114.00	115.00	114.00	113.00	113.00	112.00	111.00	112.00	110.00	104.00	103.00	113.00	122.00	113.00	111.00	111.00	114.00	120.00	127.00	126.00	126.00
116.00	115.00	114.00	114.00	114.00	113.00	111.00	113.00	114.00	115.00	118.00	118.00	116.00	114.00	114.00	107.00	108.00	110.00	113.00	112.00	116.00	116.00	117.00	118.00	117.00	117.00	118.00	117.00	116.00	117.00	115.00	112.00	111.00	110.00	107.00	112.00	121.00	125.00	125.00	124.00	127.00	127.00	120.00	121.00	120.00	121.00	121.00	121.00	121.00	121.00	122.00	111.00	114.00	117.00	123.00	122.00	123.00	116.00	116.00	117.00	121.00	122.00	122.00	122.00	118.00	114.00	108.00	103.00	105.00	110.00	110.00	110.00	111.00	112.00	112.00	114.00	113.00	113.00	111.00	109.00	108.00	109.00	112.00	112.00	112.00	112.00	111.00	110.00	109.00	108.00	107.00	104.00	108.00	112.00	115.00	117.00	108.00	101.00	109.00	117.00	119.00	119.00	119.00	119.00	119.00	119.00	119.00	120.00	121.00	122.00	112.00	107.00	107.00	118.00	115.00	107.00	107.00	107.00	119.00	121.00	112.00	112.00	112.00	115.00	119.00	120.00	120.00	119.00	114.00	112.00	114.00	115.00	112.00	113.00	119.00	119.00	117.00	117.00	116.00	116.00	114.00	113.00	114.00	113.00	112.00	111.00	109.00	107.00	107.00	107.00	107.00	108.00	111.00	110.00	107.00	107.00	107.00	107.00	109.00	111.00	112.00	111.00	108.00	111.00	111.00	112.00	113.00	118.00	119.00	119.00	119.00	119.00	115.00	113.00	113.00	114.00	115.00	116.00	117.00	119.00	120.00	120.00	120.00	121.00	121.00	117.00	118.00	124.00	129.00	128.00	128.00	129.00	129.00	127.00	117.00	119.00	119.00	119.00	119.00	124.00	123.00	124.00	126.00	126.00	126.00	122.00	122.00	126.00	129.00	129.00	131.00	129.00	126.00	127.00	129.00	129.00	129.00	128.00	127.00	126.00	123.00	114.00	109.00	105.00	103.00	102.00	104.00	104.00	105.00	105.00	106.00	107.00	107.00	108.00	112.00	119.00	118.00	117.00	115.00	112.00	112.00	111.00	107.00	102.00	101.00	101.00	105.00	113.00	117.00	116.00	120.00	124.00	125.00	127.00	128.00	128.00
116.00	115.00	114.00	114.00	114.00	113.00	111.00	113.00	114.00	115.00	118.00	118.00	116.00	114.00	114.00	107.00	108.00	110.00	113.00	112.00	116.00	116.00	117.00	118.00	117.00	117.00	118.00	117.00	116.00	117.00	115.00	112.00	111.00	110.00	107.00	112.00	121.00	125.00	125.00	124.00	127.00	127.00	120.00	121.00	120.00	121.00	121.00	121.00	121.00	121.00	122.00	111.00	114.00	117.00	123.00	122.00	123.00	116.00	116.00	117.00	121.00	122.00	122.00	122.00	118.00	114.00	108.00	103.00	105.00	110.00	110.00	110.00	111.00	112.00	112.00	114.00	113.00	113.00	111.00	109.00	108.00	109.00	112.00	112.00	112.00	112.00	111.00	110.00	109.00	108.00	107.00	104.00	108.00	112.00	115.00	117.00	108.00	101.00	109.00	117.00	119.00	119.00	119.00	119.00	119.00	119.00	119.00	120.00	121.00	122.00	112.00	107.00	107.00	118.00	115.00	107.00	107.00	107.00	119.00	121.00	112.00	112.00	112.00	115.00	119.00	120.00	120.00	119.00	114.00	112.00	114.00	115.00	112.00	113.00	119.00	119.00	117.00	117.00	116.00	116.00	114.00	113.00	114.00	113.00	112.00	111.00	109.00	107.00	107.00	107.00	107.00	108.00	111.00	110.00	107.00	107.00	107.00	107.00	109.00	111.00	112.00	111.00	108.00	111.00	111.00	112.00	113.00	118.00	119.00	119.00	119.00	119.00	115.00	113.00	113.00	114.00	115.00	116.00	117.00	119.00	120.00	120.00	120.00	121.00	121.00	117.00	118.00	124.00	129.00	128.00	128.00	129.00	129.00	127.00	117.00	119.00	119.00	119.00	119.00	124.00	123.00	124.00	126.00	126.00	126.00	122.00	122.00	126.00	129.00	129.00	131.00	129.00	126.00	127.00	129.00	129.00	129.00	128.00	127.00	126.00	123.00	114.00	109.00	105.00	103.00	102.00	104.00	104.00	105.00	105.00	106.00	107.00	107.00	108.00	112.00	119.00	118.00	117.00	115.00	112.00	112.00	111.00	107.00	102.00	101.00	101.00	105.00	113.00	117.00	116.00	120.00	124.00	125.00	127.00	128.00	128.00
111.00	108.00	109.00	111.00	114.00	117.00	118.00	118.00	119.00	120.00	118.00	114.00	115.00	117.00	116.00	110.00	112.00	114.00	116.00	110.00	107.00	108.00	110.00	114.00	118.00	119.00	114.00	113.00	124.00	120.00	116.00	111.00	108.00	108.00	106.00	106.00	109.00	115.00	122.00	125.00	126.00	127.00	126.00	126.00	123.00	122.00	124.00	119.00	118.00	116.00	115.00	107.00	107.00	108.00	121.00	122.00	122.00	121.00	122.00	121.00	120.00	123.00	127.00	125.00	121.00	114.00	110.00	112.00	114.00	111.00	111.00	113.00	114.00	115.00	114.00	114.00	111.00	106.00	102.00	97.00	97.00	97.00	111.00	115.00	117.00	116.00	115.00	113.00	113.00	109.00	107.00	109.00	112.00	111.00	110.00	110.00	113.00	113.00	114.00	118.00	121.00	121.00	119.00	119.00	118.00	117.00	119.00	120.00	120.00	116.00	109.00	108.00	112.00	121.00	111.00	107.00	108.00	108.00	121.00	122.00	118.00	118.00	119.00	123.00	123.00	122.00	122.00	121.00	116.00	117.00	121.00	113.00	112.00	113.00	119.00	119.00	118.00	117.00	116.00	115.00	114.00	111.00	109.00	109.00	110.00	107.00	107.00	110.00	109.00	110.00	111.00	112.00	112.00	110.00	110.00	108.00	107.00	107.00	111.00	112.00	110.00	107.00	109.00	113.00	114.00	114.00	114.00	115.00	116.00	117.00	118.00	120.00	117.00	115.00	115.00	115.00	116.00	117.00	117.00	116.00	117.00	119.00	120.00	121.00	120.00	116.00	115.00	116.00	117.00	118.00	119.00	121.00	117.00	111.00	122.00	126.00	125.00	123.00	123.00	125.00	124.00	123.00	125.00	121.00	123.00	121.00	122.00	125.00	127.00	128.00	130.00	131.00	130.00	130.00	130.00	130.00	130.00	129.00	129.00	130.00	131.00	124.00	115.00	113.00	111.00	106.00	103.00	102.00	101.00	101.00	102.00	103.00	104.00	106.00	108.00	116.00	115.00	114.00	113.00	110.00	110.00	110.00	108.00	103.00	104.00	105.00	114.00	116.00	117.00	117.00	117.00	117.00	117.00	118.00	119.00	121.00
117.00	111.00	112.00	110.00	110.00	113.00	113.00	114.00	115.00	116.00	118.00	116.00	115.00	117.00	120.00	119.00	117.00	115.00	109.00	107.00	107.00	107.00	108.00	118.00	117.00	116.00	107.00	110.00	114.00	110.00	108.00	109.00	111.00	112.00	108.00	108.00	111.00	103.00	111.00	121.00	126.00	126.00	121.00	123.00	125.00	125.00	124.00	123.00	121.00	114.00	110.00	107.00	109.00	113.00	117.00	119.00	118.00	111.00	109.00	106.00	116.00	118.00	119.00	119.00	119.00	117.00	117.00	120.00	123.00	121.00	123.00	124.00	122.00	119.00	117.00	115.00	112.00	109.00	97.00	97.00	97.00	97.00	109.00	114.00	118.00	120.00	121.00	119.00	115.00	111.00	112.00	116.00	117.00	117.00	116.00	115.00	115.00	114.00	115.00	118.00	120.00	121.00	121.00	120.00	120.00	120.00	121.00	122.00	122.00	117.00	112.00	118.00	122.00	121.00	115.00	121.00	123.00	124.00	124.00	124.00	123.00	123.00	123.00	124.00	124.00	124.00	124.00	123.00	123.00	122.00	121.00	120.00	119.00	120.00	118.00	118.00	119.00	118.00	116.00	113.00	109.00	115.00	114.00	114.00	111.00	109.00	113.00	114.00	115.00	112.00	108.00	108.00	112.00	112.00	113.00	113.00	114.00	114.00	113.00	113.00	111.00	110.00	114.00	116.00	117.00	118.00	120.00	120.00	120.00	120.00	120.00	120.00	120.00	118.00	116.00	116.00	116.00	117.00	118.00	118.00	118.00	119.00	119.00	121.00	120.00	117.00	116.00	115.00	115.00	114.00	107.00	104.00	102.00	103.00	116.00	119.00	120.00	122.00	123.00	120.00	122.00	125.00	126.00	118.00	124.00	124.00	123.00	123.00	126.00	127.00	129.00	130.00	130.00	132.00	132.00	132.00	132.00	129.00	128.00	127.00	126.00	121.00	116.00	116.00	117.00	116.00	118.00	117.00	115.00	111.00	106.00	103.00	102.00	105.00	108.00	120.00	120.00	117.00	113.00	111.00	111.00	111.00	110.00	110.00	113.00	114.00	116.00	117.00	119.00	120.00	119.00	115.00	113.00	113.00	117.00	118.00
117.00	111.00	112.00	110.00	110.00	113.00	113.00	114.00	115.00	116.00	118.00	116.00	115.00	117.00	120.00	119.00	117.00	115.00	109.00	107.00	107.00	107.00	108.00	118.00	117.00	116.00	107.00	110.00	114.00	110.00	108.00	109.00	111.00	112.00	108.00	108.00	111.00	103.00	111.00	121.00	126.00	126.00	121.00	123.00	125.00	125.00	124.00	123.00	121.00	114.00	110.00	107.00	109.00	113.00	117.00	119.00	118.00	111.00	109.00	106.00	116.00	118.00	119.00	119.00	119.00	117.00	117.00	120.00	123.00	121.00	123.00	124.00	122.00	119.00	117.00	115.00	112.00	109.00	97.00	97.00	97.00	97.00	109.00	114.00	118.00	120.00	121.00	119.00	115.00	111.00	112.00	116.00	117.00	117.00	116.00	115.00	115.00	114.00	115.00	118.00	120.00	121.00	121.00	120.00	120.00	120.00	121.00	122.00	122.00	117.00	112.00	118.00	122.00	121.00	115.00	121.00	123.00	124.00	124.00	124.00	123.00	123.00	123.00	124.00	124.00	124.00	124.00	123.00	123.00	122.00	121.00	120.00	119.00	120.00	118.00	118.00	119.00	118.00	116.00	113.00	109.00	115.00	114.00	114.00	111.00	109.00	113.00	114.00	115.00	112.00	108.00	108.00	112.00	112.00	113.00	113.00	114.00	114.00	113.00	113.00	111.00	110.00	114.00	116.00	117.00	118.00	120.00	120.00	120.00	120.00	120.00	120.00	120.00	118.00	116.00	116.00	116.00	117.00	118.00	118.00	118.00	119.00	119.00	121.00	120.00	117.00	116.00	115.00	115.00	114.00	107.00	104.00	102.00	103.00	116.00	119.00	120.00	122.00	123.00	120.00	122.00	125.00	126.00	118.00	124.00	124.00	123.00	123.00	126.00	127.00	129.00	130.00	130.00	132.00	132.00	132.00	132.00	129.00	128.00	127.00	126.00	121.00	116.00	116.00	117.00	116.00	118.00	117.00	115.00	111.00	106.00	103.00	102.00	105.00	108.00	120.00	120.00	117.00	113.00	111.00	111.00	111.00	110.00	110.00	113.00	114.00	116.00	117.00	119.00	120.00	119.00	115.00	113.00	113.00	117.00	118.00
123.00	121.00	121.00	121.00	120.00	120.00	119.00	117.00	111.00	107.00	111.00	112.00	112.00	114.00	115.00	117.00	110.00	107.00	107.00	107.00	111.00	116.00	120.00	120.00	119.00	121.00	120.00	116.00	108.00	107.00	106.00	105.00	108.00	108.00	107.00	109.00	112.00	110.00	114.00	122.00	128.00	129.00	124.00	124.00	124.00	124.00	121.00	118.00	117.00	119.00	118.00	114.00	119.00	121.00	119.00	108.00	102.00	102.00	109.00	111.00	112.00	107.00	107.00	107.00	107.00	120.00	117.00	118.00	113.00	120.00	119.00	120.00	128.00	126.00	124.00	123.00	120.00	115.00	97.00	97.00	97.00	98.00	114.00	117.00	119.00	120.00	119.00	112.00	108.00	111.00	114.00	113.00	109.00	112.00	116.00	115.00	116.00	116.00	116.00	117.00	119.00	118.00	116.00	117.00	118.00	120.00	120.00	119.00	115.00	118.00	120.00	119.00	118.00	117.00	92.00	92.00	92.00	95.00	107.00	109.00	120.00	117.00	121.00	125.00	125.00	126.00	127.00	126.00	126.00	125.00	124.00	121.00	120.00	119.00	118.00	117.00	117.00	115.00	111.00	107.00	117.00	118.00	117.00	116.00	114.00	116.00	115.00	115.00	113.00	107.00	107.00	107.00	116.00	117.00	117.00	117.00	117.00	116.00	116.00	116.00	118.00	117.00	118.00	120.00	120.00	121.00	121.00	121.00	121.00	121.00	121.00	121.00	121.00	120.00	120.00	120.00	121.00	119.00	117.00	117.00	116.00	113.00	115.00	117.00	117.00	119.00	118.00	115.00	113.00	110.00	102.00	102.00	106.00	112.00	114.00	114.00	115.00	115.00	115.00	115.00	116.00	117.00	117.00	117.00	117.00	116.00	117.00	120.00	131.00	133.00	133.00	131.00	125.00	130.00	134.00	133.00	136.00	132.00	130.00	130.00	128.00	119.00	115.00	113.00	112.00	115.00	117.00	117.00	118.00	118.00	117.00	119.00	125.00	129.00	131.00	123.00	118.00	113.00	111.00	111.00	111.00	111.00	111.00	111.00	113.00	114.00	117.00	117.00	118.00	117.00	113.00	111.00	111.00	113.00	119.00	122.00
123.00	121.00	121.00	121.00	120.00	120.00	119.00	117.00	111.00	107.00	111.00	112.00	112.00	114.00	115.00	117.00	110.00	107.00	107.00	107.00	111.00	116.00	120.00	120.00	119.00	121.00	120.00	116.00	108.00	107.00	106.00	105.00	108.00	108.00	107.00	109.00	112.00	110.00	114.00	122.00	128.00	129.00	124.00	124.00	124.00	124.00	121.00	118.00	117.00	119.00	118.00	114.00	119.00	121.00	119.00	108.00	102.00	102.00	109.00	111.00	112.00	107.00	107.00	107.00	107.00	120.00	117.00	118.00	113.00	120.00	119.00	120.00	128.00	126.00	124.00	123.00	120.00	115.00	97.00	97.00	97.00	98.00	114.00	117.00	119.00	120.00	119.00	112.00	108.00	111.00	114.00	113.00	109.00	112.00	116.00	115.00	116.00	116.00	116.00	117.00	119.00	118.00	116.00	117.00	118.00	120.00	120.00	119.00	115.00	118.00	120.00	119.00	118.00	117.00	92.00	92.00	92.00	95.00	107.00	109.00	120.00	117.00	121.00	125.00	125.00	126.00	127.00	126.00	126.00	125.00	124.00	121.00	120.00	119.00	118.00	117.00	117.00	115.00	111.00	107.00	117.00	118.00	117.00	116.00	114.00	116.00	115.00	115.00	113.00	107.00	107.00	107.00	116.00	117.00	117.00	117.00	117.00	116.00	116.00	116.00	118.00	117.00	118.00	120.00	120.00	121.00	121.00	121.00	121.00	121.00	121.00	121.00	121.00	120.00	120.00	120.00	121.00	119.00	117.00	117.00	116.00	113.00	115.00	117.00	117.00	119.00	118.00	115.00	113.00	110.00	102.00	102.00	106.00	112.00	114.00	114.00	115.00	115.00	115.00	115.00	116.00	117.00	117.00	117.00	117.00	116.00	117.00	120.00	131.00	133.00	133.00	131.00	125.00	130.00	134.00	133.00	136.00	132.00	130.00	130.00	128.00	119.00	115.00	113.00	112.00	115.00	117.00	117.00	118.00	118.00	117.00	119.00	125.00	129.00	131.00	123.00	118.00	113.00	111.00	111.00	111.00	111.00	111.00	111.00	113.00	114.00	117.00	117.00	118.00	117.00	113.00	111.00	111.00	113.00	119.00	122.00
125.00	127.00	128.00	127.00	126.00	126.00	123.00	122.00	121.00	119.00	119.00	119.00	118.00	117.00	110.00	112.00	111.00	110.00	109.00	115.00	116.00	119.00	121.00	121.00	121.00	123.00	121.00	116.00	108.00	106.00	105.00	106.00	108.00	109.00	108.00	107.00	104.00	105.00	109.00	116.00	123.00	126.00	127.00	128.00	128.00	127.00	125.00	119.00	114.00	114.00	115.00	111.00	112.00	116.00	114.00	105.00	102.00	107.00	114.00	108.00	107.00	107.00	107.00	107.00	110.00	115.00	120.00	116.00	107.00	107.00	107.00	107.00	107.00	122.00	120.00	116.00	114.00	112.00	102.00	103.00	105.00	112.00	120.00	117.00	111.00	111.00	108.00	104.00	106.00	104.00	102.00	102.00	104.00	109.00	115.00	117.00	120.00	120.00	120.00	119.00	122.00	121.00	120.00	120.00	120.00	117.00	115.00	109.00	107.00	108.00	118.00	118.00	118.00	117.00	92.00	92.00	92.00	92.00	92.00	92.00	106.00	92.00	92.00	120.00	120.00	120.00	121.00	121.00	122.00	123.00	123.00	121.00	120.00	119.00	118.00	118.00	111.00	107.00	107.00	113.00	117.00	119.00	119.00	120.00	120.00	119.00	118.00	113.00	107.00	107.00	107.00	108.00	116.00	117.00	117.00	118.00	119.00	120.00	121.00	121.00	122.00	122.00	122.00	123.00	123.00	123.00	123.00	123.00	123.00	123.00	122.00	122.00	121.00	120.00	120.00	120.00	118.00	114.00	112.00	115.00	116.00	118.00	120.00	120.00	119.00	116.00	114.00	114.00	114.00	112.00	104.00	106.00	114.00	115.00	117.00	117.00	117.00	117.00	115.00	109.00	107.00	107.00	110.00	110.00	110.00	111.00	113.00	116.00	128.00	131.00	129.00	123.00	122.00	127.00	135.00	132.00	132.00	132.00	131.00	130.00	128.00	122.00	118.00	115.00	114.00	117.00	119.00	119.00	120.00	119.00	121.00	122.00	127.00	129.00	129.00	128.00	122.00	115.00	111.00	112.00	114.00	114.00	113.00	112.00	118.00	119.00	120.00	120.00	118.00	117.00	117.00	116.00	115.00	119.00	121.00	122.00
125.00	127.00	128.00	127.00	126.00	126.00	123.00	122.00	121.00	119.00	119.00	119.00	118.00	117.00	110.00	112.00	111.00	110.00	109.00	115.00	116.00	119.00	121.00	121.00	121.00	123.00	121.00	116.00	108.00	106.00	105.00	106.00	108.00	109.00	108.00	107.00	104.00	105.00	109.00	116.00	123.00	126.00	127.00	128.00	128.00	127.00	125.00	119.00	114.00	114.00	115.00	111.00	112.00	116.00	114.00	105.00	102.00	107.00	114.00	108.00	107.00	107.00	107.00	107.00	110.00	115.00	120.00	116.00	107.00	107.00	107.00	107.00	107.00	122.00	120.00	116.00	114.00	112.00	102.00	103.00	105.00	112.00	120.00	117.00	111.00	111.00	108.00	104.00	106.00	104.00	102.00	102.00	104.00	109.00	115.00	117.00	120.00	120.00	120.00	119.00	122.00	121.00	120.00	120.00	120.00	117.00	115.00	109.00	107.00	108.00	118.00	118.00	118.00	117.00	92.00	92.00	92.00	92.00	92.00	92.00	106.00	92.00	92.00	120.00	120.00	120.00	121.00	121.00	122.00	123.00	123.00	121.00	120.00	119.00	118.00	118.00	111.00	107.00	107.00	113.00	117.00	119.00	119.00	120.00	120.00	119.00	118.00	113.00	107.00	107.00	107.00	108.00	116.00	117.00	117.00	118.00	119.00	120.00	121.00	121.00	122.00	122.00	122.00	123.00	123.00	123.00	123.00	123.00	123.00	123.00	122.00	122.00	121.00	120.00	120.00	120.00	118.00	114.00	112.00	115.00	116.00	118.00	120.00	120.00	119.00	116.00	114.00	114.00	114.00	112.00	104.00	106.00	114.00	115.00	117.00	117.00	117.00	117.00	115.00	109.00	107.00	107.00	110.00	110.00	110.00	111.00	113.00	116.00	128.00	131.00	129.00	123.00	122.00	127.00	135.00	132.00	132.00	132.00	131.00	130.00	128.00	122.00	118.00	115.00	114.00	117.00	119.00	119.00	120.00	119.00	121.00	122.00	127.00	129.00	129.00	128.00	122.00	115.00	111.00	112.00	114.00	114.00	113.00	112.00	118.00	119.00	120.00	120.00	118.00	117.00	117.00	116.00	115.00	119.00	121.00	122.00
124.00	125.00	125.00	125.00	126.00	128.00	130.00	128.00	127.00	125.00	127.00	127.00	126.00	124.00	119.00	122.00	121.00	121.00	119.00	116.00	115.00	113.00	111.00	110.00	108.00	112.00	116.00	116.00	114.00	113.00	109.00	106.00	107.00	112.00	113.00	112.00	111.00	120.00	123.00	124.00	125.00	124.00	117.00	115.00	112.00	116.00	124.00	118.00	107.00	107.00	107.00	107.00	115.00	115.00	108.00	102.00	104.00	116.00	113.00	112.00	110.00	110.00	112.00	113.00	123.00	122.00	123.00	118.00	109.00	110.00	113.00	113.00	114.00	124.00	123.00	118.00	118.00	117.00	113.00	118.00	121.00	121.00	112.00	103.00	101.00	101.00	101.00	101.00	104.00	105.00	106.00	117.00	118.00	118.00	119.00	120.00	113.00	114.00	110.00	116.00	121.00	123.00	123.00	122.00	119.00	109.00	107.00	108.00	112.00	118.00	119.00	120.00	114.00	101.00	92.00	92.00	92.00	92.00	93.00	108.00	117.00	114.00	111.00	115.00	113.00	113.00	113.00	115.00	116.00	116.00	116.00	117.00	117.00	116.00	114.00	110.00	109.00	113.00	115.00	116.00	107.00	117.00	118.00	117.00	118.00	118.00	112.00	107.00	107.00	110.00	117.00	121.00	122.00	122.00	121.00	121.00	122.00	123.00	125.00	123.00	123.00	123.00	123.00	124.00	124.00	124.00	120.00	123.00	125.00	124.00	123.00	122.00	121.00	121.00	121.00	120.00	119.00	118.00	119.00	119.00	119.00	119.00	120.00	119.00	119.00	117.00	117.00	118.00	118.00	118.00	118.00	115.00	112.00	113.00	114.00	115.00	115.00	117.00	116.00	112.00	110.00	110.00	112.00	114.00	115.00	116.00	118.00	120.00	121.00	121.00	121.00	122.00	122.00	121.00	128.00	125.00	128.00	132.00	130.00	129.00	127.00	122.00	117.00	116.00	118.00	120.00	119.00	119.00	119.00	119.00	120.00	124.00	129.00	131.00	133.00	130.00	127.00	124.00	121.00	127.00	123.00	114.00	113.00	115.00	121.00	123.00	125.00	127.00	126.00	125.00	124.00	124.00	123.00	121.00	121.00	121.00
121.00	124.00	124.00	124.00	123.00	120.00	121.00	124.00	124.00	122.00	112.00	112.00	112.00	114.00	120.00	127.00	128.00	128.00	127.00	126.00	125.00	126.00	126.00	126.00	119.00	113.00	105.00	104.00	105.00	106.00	105.00	103.00	107.00	124.00	128.00	129.00	129.00	131.00	131.00	131.00	131.00	127.00	116.00	112.00	112.00	116.00	122.00	114.00	107.00	107.00	107.00	107.00	107.00	121.00	119.00	117.00	117.00	118.00	120.00	118.00	113.00	113.00	108.00	107.00	126.00	128.00	124.00	119.00	112.00	120.00	119.00	120.00	119.00	113.00	112.00	116.00	117.00	117.00	125.00	125.00	122.00	119.00	105.00	101.00	101.00	101.00	102.00	106.00	107.00	114.00	118.00	122.00	117.00	115.00	113.00	103.00	101.00	101.00	101.00	102.00	115.00	119.00	121.00	119.00	113.00	109.00	113.00	121.00	124.00	124.00	120.00	112.00	95.00	92.00	92.00	97.00	103.00	109.00	123.00	125.00	124.00	124.00	124.00	119.00	117.00	117.00	116.00	110.00	108.00	108.00	107.00	109.00	108.00	108.00	107.00	108.00	114.00	115.00	116.00	115.00	111.00	107.00	107.00	108.00	107.00	117.00	113.00	115.00	118.00	119.00	119.00	120.00	122.00	124.00	128.00	130.00	131.00	131.00	130.00	129.00	129.00	128.00	123.00	128.00	128.00	121.00	116.00	124.00	125.00	124.00	123.00	124.00	122.00	119.00	116.00	113.00	113.00	113.00	114.00	115.00	116.00	119.00	120.00	120.00	120.00	118.00	118.00	118.00	118.00	118.00	119.00	119.00	119.00	119.00	116.00	114.00	115.00	115.00	114.00	114.00	115.00	116.00	116.00	117.00	119.00	120.00	120.00	120.00	121.00	122.00	122.00	121.00	119.00	117.00	116.00	117.00	119.00	123.00	122.00	122.00	120.00	118.00	117.00	116.00	117.00	122.00	121.00	118.00	117.00	117.00	117.00	123.00	128.00	131.00	131.00	132.00	131.00	128.00	128.00	122.00	114.00	111.00	115.00	121.00	129.00	130.00	127.00	132.00	127.00	126.00	126.00	126.00	126.00	127.00	126.00	126.00
121.00	124.00	124.00	124.00	123.00	120.00	121.00	124.00	124.00	122.00	112.00	112.00	112.00	114.00	120.00	127.00	128.00	128.00	127.00	126.00	125.00	126.00	126.00	126.00	119.00	113.00	105.00	104.00	105.00	106.00	105.00	103.00	107.00	124.00	128.00	129.00	129.00	131.00	131.00	131.00	131.00	127.00	116.00	112.00	112.00	116.00	122.00	114.00	107.00	107.00	107.00	107.00	107.00	121.00	119.00	117.00	117.00	118.00	120.00	118.00	113.00	113.00	108.00	107.00	126.00	128.00	124.00	119.00	112.00	120.00	119.00	120.00	119.00	113.00	112.00	116.00	117.00	117.00	125.00	125.00	122.00	119.00	105.00	101.00	101.00	101.00	102.00	106.00	107.00	114.00	118.00	122.00	117.00	115.00	113.00	103.00	101.00	101.00	101.00	102.00	115.00	119.00	121.00	119.00	113.00	109.00	113.00	121.00	124.00	124.00	120.00	112.00	95.00	92.00	92.00	97.00	103.00	109.00	123.00	125.00	124.00	124.00	124.00	119.00	117.00	117.00	116.00	110.00	108.00	108.00	107.00	109.00	108.00	108.00	107.00	108.00	114.00	115.00	116.00	115.00	111.00	107.00	107.00	108.00	107.00	117.00	113.00	115.00	118.00	119.00	119.00	120.00	122.00	124.00	128.00	130.00	131.00	131.00	130.00	129.00	129.00	128.00	123.00	128.00	128.00	121.00	116.00	124.00	125.00	124.00	123.00	124.00	122.00	119.00	116.00	113.00	113.00	113.00	114.00	115.00	116.00	119.00	120.00	120.00	120.00	118.00	118.00	118.00	118.00	118.00	119.00	119.00	119.00	119.00	116.00	114.00	115.00	115.00	114.00	114.00	115.00	116.00	116.00	117.00	119.00	120.00	120.00	120.00	121.00	122.00	122.00	121.00	119.00	117.00	116.00	117.00	119.00	123.00	122.00	122.00	120.00	118.00	117.00	116.00	117.00	122.00	121.00	118.00	117.00	117.00	117.00	123.00	128.00	131.00	131.00	132.00	131.00	128.00	128.00	122.00	114.00	111.00	115.00	121.00	129.00	130.00	127.00	132.00	127.00	126.00	126.00	126.00	126.00	127.00	126.00	126.00
124.00	122.00	123.00	122.00	122.00	116.00	118.00	120.00	121.00	113.00	112.00	113.00	115.00	122.00	129.00	128.00	129.00	128.00	129.00	128.00	128.00	127.00	128.00	130.00	129.00	127.00	122.00	118.00	110.00	105.00	102.00	98.00	93.00	107.00	118.00	124.00	128.00	134.00	135.00	135.00	134.00	133.00	129.00	126.00	125.00	123.00	116.00	111.00	107.00	107.00	107.00	107.00	109.00	120.00	120.00	119.00	120.00	123.00	127.00	128.00	115.00	113.00	112.00	110.00	113.00	120.00	124.00	124.00	107.00	122.00	119.00	118.00	117.00	113.00	111.00	114.00	122.00	125.00	118.00	111.00	106.00	104.00	108.00	108.00	112.00	116.00	120.00	116.00	111.00	109.00	112.00	112.00	104.00	101.00	101.00	101.00	101.00	101.00	101.00	101.00	102.00	111.00	119.00	121.00	119.00	120.00	119.00	115.00	119.00	120.00	105.00	92.00	93.00	100.00	120.00	125.00	126.00	126.00	124.00	123.00	121.00	119.00	118.00	119.00	119.00	116.00	109.00	107.00	107.00	108.00	110.00	112.00	110.00	108.00	106.00	107.00	114.00	115.00	117.00	118.00	117.00	107.00	107.00	108.00	110.00	118.00	120.00	121.00	121.00	120.00	120.00	120.00	121.00	122.00	122.00	122.00	123.00	125.00	124.00	123.00	119.00	119.00	116.00	128.00	126.00	119.00	123.00	128.00	126.00	125.00	123.00	122.00	118.00	116.00	113.00	111.00	111.00	111.00	111.00	112.00	112.00	115.00	117.00	118.00	117.00	117.00	117.00	117.00	117.00	117.00	116.00	116.00	116.00	116.00	117.00	117.00	117.00	118.00	117.00	119.00	119.00	118.00	117.00	116.00	113.00	115.00	117.00	117.00	120.00	122.00	121.00	120.00	120.00	120.00	119.00	119.00	119.00	115.00	113.00	111.00	110.00	112.00	112.00	113.00	113.00	116.00	118.00	119.00	119.00	118.00	115.00	118.00	127.00	135.00	135.00	127.00	126.00	125.00	123.00	115.00	114.00	116.00	118.00	122.00	128.00	130.00	129.00	129.00	126.00	126.00	126.00	126.00	126.00	135.00	135.00	132.00
124.00	122.00	123.00	122.00	122.00	116.00	118.00	120.00	121.00	113.00	112.00	113.00	115.00	122.00	129.00	128.00	129.00	128.00	129.00	128.00	128.00	127.00	128.00	130.00	129.00	127.00	122.00	118.00	110.00	105.00	102.00	98.00	93.00	107.00	118.00	124.00	128.00	134.00	135.00	135.00	134.00	133.00	129.00	126.00	125.00	123.00	116.00	111.00	107.00	107.00	107.00	107.00	109.00	120.00	120.00	119.00	120.00	123.00	127.00	128.00	115.00	113.00	112.00	110.00	113.00	120.00	124.00	124.00	107.00	122.00	119.00	118.00	117.00	113.00	111.00	114.00	122.00	125.00	118.00	111.00	106.00	104.00	108.00	108.00	112.00	116.00	120.00	116.00	111.00	109.00	112.00	112.00	104.00	101.00	101.00	101.00	101.00	101.00	101.00	101.00	102.00	111.00	119.00	121.00	119.00	120.00	119.00	115.00	119.00	120.00	105.00	92.00	93.00	100.00	120.00	125.00	126.00	126.00	124.00	123.00	121.00	119.00	118.00	119.00	119.00	116.00	109.00	107.00	107.00	108.00	110.00	112.00	110.00	108.00	106.00	107.00	114.00	115.00	117.00	118.00	117.00	107.00	107.00	108.00	110.00	118.00	120.00	121.00	121.00	120.00	120.00	120.00	121.00	122.00	122.00	122.00	123.00	125.00	124.00	123.00	119.00	119.00	116.00	128.00	126.00	119.00	123.00	128.00	126.00	125.00	123.00	122.00	118.00	116.00	113.00	111.00	111.00	111.00	111.00	112.00	112.00	115.00	117.00	118.00	117.00	117.00	117.00	117.00	117.00	117.00	116.00	116.00	116.00	116.00	117.00	117.00	117.00	118.00	117.00	119.00	119.00	118.00	117.00	116.00	113.00	115.00	117.00	117.00	120.00	122.00	121.00	120.00	120.00	120.00	119.00	119.00	119.00	115.00	113.00	111.00	110.00	112.00	112.00	113.00	113.00	116.00	118.00	119.00	119.00	118.00	115.00	118.00	127.00	135.00	135.00	127.00	126.00	125.00	123.00	115.00	114.00	116.00	118.00	122.00	128.00	130.00	129.00	129.00	126.00	126.00	126.00	126.00	126.00	135.00	135.00	132.00
125.00	123.00	123.00	123.00	124.00	125.00	125.00	125.00	125.00	123.00	122.00	123.00	123.00	124.00	124.00	120.00	124.00	128.00	131.00	133.00	133.00	132.00	131.00	130.00	127.00	127.00	127.00	126.00	122.00	119.00	117.00	114.00	109.00	113.00	119.00	122.00	120.00	123.00	124.00	125.00	126.00	129.00	131.00	131.00	130.00	128.00	123.00	120.00	120.00	120.00	116.00	114.00	119.00	118.00	119.00	112.00	113.00	116.00	122.00	127.00	128.00	124.00	122.00	122.00	121.00	120.00	123.00	124.00	118.00	121.00	117.00	113.00	109.00	108.00	116.00	115.00	117.00	123.00	110.00	106.00	113.00	116.00	118.00	121.00	127.00	127.00	124.00	113.00	105.00	106.00	102.00	104.00	103.00	103.00	102.00	102.00	103.00	102.00	101.00	101.00	101.00	119.00	126.00	126.00	125.00	114.00	107.00	107.00	107.00	105.00	95.00	108.00	121.00	128.00	129.00	127.00	124.00	121.00	120.00	119.00	120.00	120.00	119.00	118.00	118.00	111.00	108.00	112.00	117.00	120.00	123.00	117.00	111.00	108.00	107.00	107.00	108.00	111.00	114.00	115.00	113.00	113.00	115.00	116.00	117.00	119.00	119.00	119.00	118.00	118.00	119.00	120.00	123.00	124.00	124.00	124.00	124.00	124.00	117.00	116.00	119.00	119.00	119.00	121.00	128.00	130.00	132.00	130.00	129.00	128.00	126.00	126.00	122.00	117.00	112.00	111.00	111.00	113.00	115.00	113.00	112.00	112.00	113.00	113.00	112.00	111.00	111.00	111.00	113.00	116.00	118.00	119.00	118.00	118.00	117.00	117.00	117.00	117.00	117.00	117.00	118.00	117.00	117.00	119.00	113.00	114.00	119.00	118.00	116.00	117.00	117.00	117.00	118.00	120.00	121.00	122.00	123.00	120.00	115.00	111.00	108.00	108.00	107.00	106.00	106.00	106.00	106.00	108.00	110.00	111.00	116.00	121.00	131.00	137.00	135.00	128.00	125.00	125.00	125.00	126.00	124.00	120.00	118.00	119.00	127.00	131.00	132.00	129.00	126.00	126.00	126.00	130.00	135.00	136.00	137.00	137.00
125.00	123.00	123.00	123.00	124.00	125.00	125.00	125.00	125.00	123.00	122.00	123.00	123.00	124.00	124.00	120.00	124.00	128.00	131.00	133.00	133.00	132.00	131.00	130.00	127.00	127.00	127.00	126.00	122.00	119.00	117.00	114.00	109.00	113.00	119.00	122.00	120.00	123.00	124.00	125.00	126.00	129.00	131.00	131.00	130.00	128.00	123.00	120.00	120.00	120.00	116.00	114.00	119.00	118.00	119.00	112.00	113.00	116.00	122.00	127.00	128.00	124.00	122.00	122.00	121.00	120.00	123.00	124.00	118.00	121.00	117.00	113.00	109.00	108.00	116.00	115.00	117.00	123.00	110.00	106.00	113.00	116.00	118.00	121.00	127.00	127.00	124.00	113.00	105.00	106.00	102.00	104.00	103.00	103.00	102.00	102.00	103.00	102.00	101.00	101.00	101.00	119.00	126.00	126.00	125.00	114.00	107.00	107.00	107.00	105.00	95.00	108.00	121.00	128.00	129.00	127.00	124.00	121.00	120.00	119.00	120.00	120.00	119.00	118.00	118.00	111.00	108.00	112.00	117.00	120.00	123.00	117.00	111.00	108.00	107.00	107.00	108.00	111.00	114.00	115.00	113.00	113.00	115.00	116.00	117.00	119.00	119.00	119.00	118.00	118.00	119.00	120.00	123.00	124.00	124.00	124.00	124.00	124.00	117.00	116.00	119.00	119.00	119.00	121.00	128.00	130.00	132.00	130.00	129.00	128.00	126.00	126.00	122.00	117.00	112.00	111.00	111.00	113.00	115.00	113.00	112.00	112.00	113.00	113.00	112.00	111.00	111.00	111.00	113.00	116.00	118.00	119.00	118.00	118.00	117.00	117.00	117.00	117.00	117.00	117.00	118.00	117.00	117.00	119.00	113.00	114.00	119.00	118.00	116.00	117.00	117.00	117.00	118.00	120.00	121.00	122.00	123.00	120.00	115.00	111.00	108.00	108.00	107.00	106.00	106.00	106.00	106.00	108.00	110.00	111.00	116.00	121.00	131.00	137.00	135.00	128.00	125.00	125.00	125.00	126.00	124.00	120.00	118.00	119.00	127.00	131.00	132.00	129.00	126.00	126.00	126.00	130.00	135.00	136.00	137.00	137.00
128.00	121.00	124.00	121.00	115.00	117.00	126.00	126.00	126.00	128.00	129.00	129.00	128.00	127.00	126.00	115.00	118.00	121.00	122.00	125.00	128.00	130.00	130.00	129.00	126.00	124.00	119.00	118.00	118.00	119.00	119.00	120.00	124.00	132.00	134.00	135.00	135.00	130.00	126.00	124.00	123.00	123.00	125.00	125.00	125.00	124.00	122.00	122.00	120.00	118.00	116.00	122.00	119.00	113.00	115.00	108.00	107.00	116.00	130.00	132.00	127.00	123.00	124.00	127.00	127.00	125.00	122.00	121.00	122.00	124.00	124.00	111.00	107.00	120.00	123.00	119.00	118.00	113.00	113.00	123.00	123.00	122.00	125.00	125.00	122.00	115.00	111.00	102.00	104.00	112.00	114.00	125.00	125.00	123.00	118.00	110.00	104.00	108.00	103.00	101.00	107.00	117.00	125.00	128.00	130.00	113.00	109.00	111.00	118.00	118.00	119.00	125.00	127.00	126.00	123.00	121.00	119.00	117.00	117.00	118.00	124.00	124.00	122.00	119.00	119.00	119.00	117.00	113.00	113.00	117.00	119.00	115.00	109.00	107.00	107.00	107.00	107.00	107.00	107.00	109.00	111.00	117.00	117.00	117.00	115.00	113.00	115.00	117.00	117.00	118.00	116.00	118.00	122.00	122.00	123.00	123.00	123.00	124.00	126.00	125.00	127.00	127.00	125.00	116.00	118.00	120.00	120.00	128.00	128.00	128.00	127.00	127.00	127.00	127.00	126.00	123.00	123.00	122.00	122.00	122.00	121.00	111.00	113.00	115.00	112.00	111.00	112.00	113.00	115.00	117.00	118.00	117.00	117.00	117.00	118.00	118.00	118.00	118.00	117.00	117.00	117.00	117.00	117.00	117.00	117.00	118.00	117.00	118.00	118.00	120.00	120.00	120.00	119.00	116.00	116.00	116.00	117.00	119.00	116.00	112.00	109.00	103.00	103.00	103.00	103.00	106.00	107.00	107.00	107.00	106.00	107.00	111.00	119.00	125.00	126.00	124.00	125.00	127.00	129.00	131.00	131.00	125.00	119.00	121.00	127.00	129.00	128.00	126.00	126.00	126.00	126.00	128.00	131.00	136.00	137.00	139.00
128.00	121.00	124.00	121.00	115.00	117.00	126.00	126.00	126.00	128.00	129.00	129.00	128.00	127.00	126.00	115.00	118.00	121.00	122.00	125.00	128.00	130.00	130.00	129.00	126.00	124.00	119.00	118.00	118.00	119.00	119.00	120.00	124.00	132.00	134.00	135.00	135.00	130.00	126.00	124.00	123.00	123.00	125.00	125.00	125.00	124.00	122.00	122.00	120.00	118.00	116.00	122.00	119.00	113.00	115.00	108.00	107.00	116.00	130.00	132.00	127.00	123.00	124.00	127.00	127.00	125.00	122.00	121.00	122.00	124.00	124.00	111.00	107.00	120.00	123.00	119.00	118.00	113.00	113.00	123.00	123.00	122.00	125.00	125.00	122.00	115.00	111.00	102.00	104.00	112.00	114.00	125.00	125.00	123.00	118.00	110.00	104.00	108.00	103.00	101.00	107.00	117.00	125.00	128.00	130.00	113.00	109.00	111.00	118.00	118.00	119.00	125.00	127.00	126.00	123.00	121.00	119.00	117.00	117.00	118.00	124.00	124.00	122.00	119.00	119.00	119.00	117.00	113.00	113.00	117.00	119.00	115.00	109.00	107.00	107.00	107.00	107.00	107.00	107.00	109.00	111.00	117.00	117.00	117.00	115.00	113.00	115.00	117.00	117.00	118.00	116.00	118.00	122.00	122.00	123.00	123.00	123.00	124.00	126.00	125.00	127.00	127.00	125.00	116.00	118.00	120.00	120.00	128.00	128.00	128.00	127.00	127.00	127.00	127.00	126.00	123.00	123.00	122.00	122.00	122.00	121.00	111.00	113.00	115.00	112.00	111.00	112.00	113.00	115.00	117.00	118.00	117.00	117.00	117.00	118.00	118.00	118.00	118.00	117.00	117.00	117.00	117.00	117.00	117.00	117.00	118.00	117.00	118.00	118.00	120.00	120.00	120.00	119.00	116.00	116.00	116.00	117.00	119.00	116.00	112.00	109.00	103.00	103.00	103.00	103.00	106.00	107.00	107.00	107.00	106.00	107.00	111.00	119.00	125.00	126.00	124.00	125.00	127.00	129.00	131.00	131.00	125.00	119.00	121.00	127.00	129.00	128.00	126.00	126.00	126.00	126.00	128.00	131.00	136.00	137.00	139.00
123.00	112.00	112.00	117.00	116.00	122.00	130.00	131.00	131.00	130.00	130.00	130.00	129.00	128.00	128.00	128.00	128.00	128.00	128.00	128.00	126.00	123.00	123.00	122.00	112.00	110.00	113.00	119.00	124.00	126.00	128.00	129.00	131.00	131.00	133.00	135.00	139.00	140.00	140.00	140.00	140.00	139.00	135.00	132.00	128.00	118.00	125.00	124.00	121.00	117.00	114.00	113.00	109.00	107.00	107.00	107.00	107.00	125.00	126.00	126.00	126.00	128.00	126.00	123.00	122.00	122.00	121.00	122.00	124.00	119.00	110.00	107.00	107.00	110.00	120.00	119.00	108.00	103.00	128.00	126.00	123.00	123.00	123.00	121.00	115.00	106.00	108.00	102.00	101.00	133.00	128.00	126.00	126.00	125.00	119.00	113.00	103.00	101.00	101.00	101.00	112.00	120.00	119.00	119.00	122.00	131.00	129.00	124.00	127.00	132.00	132.00	130.00	128.00	124.00	119.00	120.00	121.00	121.00	122.00	123.00	124.00	123.00	113.00	115.00	117.00	106.00	99.00	98.00	98.00	108.00	114.00	113.00	110.00	110.00	110.00	109.00	107.00	107.00	107.00	107.00	107.00	116.00	118.00	119.00	118.00	117.00	117.00	118.00	118.00	117.00	118.00	119.00	122.00	122.00	123.00	123.00	124.00	125.00	124.00	123.00	123.00	122.00	118.00	116.00	116.00	117.00	119.00	122.00	122.00	122.00	122.00	122.00	123.00	124.00	124.00	125.00	122.00	122.00	123.00	125.00	126.00	125.00	124.00	122.00	121.00	120.00	120.00	119.00	119.00	119.00	121.00	121.00	121.00	121.00	119.00	118.00	117.00	117.00	116.00	117.00	118.00	118.00	118.00	118.00	117.00	117.00	116.00	116.00	117.00	117.00	117.00	117.00	116.00	116.00	116.00	117.00	119.00	118.00	114.00	110.00	108.00	105.00	105.00	105.00	104.00	103.00	102.00	102.00	103.00	104.00	110.00	116.00	120.00	120.00	120.00	119.00	119.00	120.00	120.00	122.00	126.00	129.00	128.00	127.00	132.00	136.00	134.00	126.00	131.00	132.00	129.00	128.00	130.00	136.00	138.00	138.00
120.00	118.00	124.00	133.00	134.00	134.00	134.00	131.00	127.00	127.00	128.00	129.00	131.00	129.00	127.00	128.00	127.00	127.00	126.00	127.00	126.00	126.00	125.00	122.00	114.00	112.00	109.00	120.00	129.00	130.00	130.00	131.00	133.00	133.00	134.00	135.00	135.00	134.00	134.00	136.00	138.00	139.00	140.00	132.00	120.00	112.00	132.00	131.00	130.00	129.00	128.00	122.00	110.00	107.00	107.00	107.00	108.00	129.00	126.00	123.00	125.00	127.00	126.00	122.00	117.00	117.00	117.00	114.00	118.00	110.00	108.00	112.00	111.00	113.00	111.00	108.00	103.00	108.00	127.00	121.00	117.00	113.00	120.00	120.00	114.00	111.00	112.00	101.00	101.00	129.00	124.00	112.00	110.00	109.00	105.00	104.00	101.00	101.00	101.00	111.00	120.00	123.00	126.00	121.00	119.00	134.00	138.00	134.00	131.00	136.00	133.00	128.00	126.00	125.00	125.00	129.00	125.00	122.00	120.00	122.00	103.00	104.00	105.00	103.00	98.00	97.00	101.00	98.00	105.00	108.00	108.00	112.00	112.00	114.00	115.00	115.00	107.00	107.00	107.00	107.00	108.00	123.00	124.00	123.00	118.00	118.00	120.00	119.00	116.00	116.00	116.00	117.00	123.00	125.00	127.00	126.00	124.00	121.00	118.00	116.00	116.00	116.00	116.00	116.00	119.00	123.00	124.00	121.00	117.00	117.00	121.00	123.00	123.00	122.00	122.00	123.00	124.00	123.00	122.00	123.00	125.00	127.00	127.00	127.00	127.00	125.00	124.00	123.00	122.00	121.00	120.00	120.00	120.00	120.00	120.00	120.00	120.00	121.00	121.00	114.00	114.00	118.00	119.00	118.00	118.00	118.00	118.00	119.00	119.00	118.00	117.00	117.00	117.00	117.00	117.00	117.00	117.00	117.00	115.00	113.00	110.00	105.00	104.00	104.00	105.00	105.00	105.00	106.00	105.00	105.00	112.00	119.00	123.00	122.00	121.00	119.00	117.00	116.00	114.00	114.00	115.00	117.00	121.00	123.00	123.00	126.00	126.00	124.00	133.00	135.00	131.00	128.00	131.00	135.00	136.00	139.00
120.00	118.00	124.00	133.00	134.00	134.00	134.00	131.00	127.00	127.00	128.00	129.00	131.00	129.00	127.00	128.00	127.00	127.00	126.00	127.00	126.00	126.00	125.00	122.00	114.00	112.00	109.00	120.00	129.00	130.00	130.00	131.00	133.00	133.00	134.00	135.00	135.00	134.00	134.00	136.00	138.00	139.00	140.00	132.00	120.00	112.00	132.00	131.00	130.00	129.00	128.00	122.00	110.00	107.00	107.00	107.00	108.00	129.00	126.00	123.00	125.00	127.00	126.00	122.00	117.00	117.00	117.00	114.00	118.00	110.00	108.00	112.00	111.00	113.00	111.00	108.00	103.00	108.00	127.00	121.00	117.00	113.00	120.00	120.00	114.00	111.00	112.00	101.00	101.00	129.00	124.00	112.00	110.00	109.00	105.00	104.00	101.00	101.00	101.00	111.00	120.00	123.00	126.00	121.00	119.00	134.00	138.00	134.00	131.00	136.00	133.00	128.00	126.00	125.00	125.00	129.00	125.00	122.00	120.00	122.00	103.00	104.00	105.00	103.00	98.00	97.00	101.00	98.00	105.00	108.00	108.00	112.00	112.00	114.00	115.00	115.00	107.00	107.00	107.00	107.00	108.00	123.00	124.00	123.00	118.00	118.00	120.00	119.00	116.00	116.00	116.00	117.00	123.00	125.00	127.00	126.00	124.00	121.00	118.00	116.00	116.00	116.00	116.00	116.00	119.00	123.00	124.00	121.00	117.00	117.00	121.00	123.00	123.00	122.00	122.00	123.00	124.00	123.00	122.00	123.00	125.00	127.00	127.00	127.00	127.00	125.00	124.00	123.00	122.00	121.00	120.00	120.00	120.00	120.00	120.00	120.00	120.00	121.00	121.00	114.00	114.00	118.00	119.00	118.00	118.00	118.00	118.00	119.00	119.00	118.00	117.00	117.00	117.00	117.00	117.00	117.00	117.00	117.00	115.00	113.00	110.00	105.00	104.00	104.00	105.00	105.00	105.00	106.00	105.00	105.00	112.00	119.00	123.00	122.00	121.00	119.00	117.00	116.00	114.00	114.00	115.00	117.00	121.00	123.00	123.00	126.00	126.00	124.00	133.00	135.00	131.00	128.00	131.00	135.00	136.00	139.00
127.00	128.00	129.00	130.00	131.00	132.00	134.00	135.00	135.00	134.00	127.00	126.00	131.00	134.00	130.00	130.00	132.00	129.00	127.00	130.00	128.00	124.00	120.00	118.00	116.00	116.00	115.00	117.00	127.00	131.00	132.00	133.00	133.00	135.00	135.00	135.00	135.00	138.00	138.00	136.00	136.00	137.00	127.00	113.00	112.00	112.00	136.00	136.00	136.00	135.00	134.00	130.00	119.00	111.00	109.00	116.00	125.00	123.00	121.00	121.00	119.00	121.00	124.00	124.00	110.00	104.00	104.00	104.00	112.00	121.00	110.00	116.00	117.00	108.00	105.00	109.00	116.00	122.00	119.00	106.00	101.00	101.00	102.00	107.00	108.00	112.00	109.00	101.00	101.00	113.00	120.00	110.00	106.00	104.00	101.00	101.00	102.00	106.00	113.00	121.00	103.00	101.00	107.00	121.00	124.00	135.00	138.00	137.00	130.00	127.00	133.00	134.00	133.00	131.00	128.00	129.00	122.00	117.00	113.00	96.00	108.00	110.00	110.00	116.00	116.00	116.00	115.00	117.00	117.00	114.00	109.00	116.00	119.00	119.00	120.00	121.00	117.00	116.00	114.00	114.00	121.00	123.00	125.00	126.00	127.00	120.00	117.00	116.00	116.00	116.00	116.00	117.00	125.00	126.00	128.00	128.00	126.00	118.00	116.00	116.00	116.00	116.00	116.00	122.00	126.00	126.00	128.00	124.00	120.00	120.00	123.00	125.00	126.00	126.00	127.00	128.00	127.00	127.00	127.00	127.00	126.00	125.00	125.00	123.00	123.00	122.00	123.00	124.00	124.00	125.00	125.00	124.00	124.00	123.00	120.00	120.00	120.00	120.00	118.00	111.00	111.00	112.00	120.00	123.00	122.00	121.00	120.00	119.00	119.00	119.00	119.00	119.00	121.00	120.00	119.00	118.00	118.00	116.00	116.00	114.00	112.00	110.00	110.00	108.00	108.00	108.00	108.00	107.00	107.00	107.00	116.00	122.00	126.00	128.00	128.00	122.00	118.00	116.00	115.00	118.00	118.00	119.00	120.00	119.00	119.00	117.00	116.00	116.00	120.00	123.00	123.00	123.00	126.00	133.00	136.00	139.00
125.00	128.00	128.00	128.00	128.00	128.00	130.00	131.00	130.00	129.00	123.00	118.00	119.00	124.00	128.00	131.00	135.00	134.00	131.00	131.00	129.00	122.00	116.00	114.00	115.00	113.00	117.00	121.00	131.00	133.00	134.00	137.00	138.00	137.00	137.00	136.00	136.00	134.00	135.00	133.00	133.00	134.00	123.00	115.00	112.00	112.00	133.00	133.00	133.00	132.00	132.00	131.00	131.00	128.00	123.00	124.00	122.00	119.00	120.00	122.00	123.00	120.00	121.00	123.00	101.00	101.00	101.00	101.00	101.00	117.00	107.00	101.00	104.00	105.00	119.00	121.00	123.00	121.00	105.00	101.00	101.00	101.00	101.00	103.00	102.00	101.00	101.00	101.00	101.00	101.00	101.00	101.00	101.00	101.00	101.00	104.00	123.00	126.00	123.00	111.00	101.00	101.00	101.00	123.00	129.00	136.00	136.00	139.00	134.00	127.00	126.00	130.00	131.00	127.00	106.00	106.00	101.00	103.00	96.00	97.00	121.00	120.00	118.00	120.00	122.00	125.00	126.00	125.00	126.00	125.00	120.00	127.00	126.00	124.00	124.00	124.00	123.00	123.00	124.00	124.00	123.00	120.00	117.00	116.00	117.00	116.00	116.00	116.00	116.00	116.00	121.00	127.00	133.00	132.00	130.00	130.00	130.00	127.00	119.00	116.00	116.00	116.00	121.00	129.00	129.00	128.00	126.00	127.00	126.00	126.00	126.00	127.00	130.00	130.00	130.00	130.00	131.00	130.00	129.00	128.00	127.00	126.00	125.00	124.00	125.00	125.00	125.00	125.00	124.00	123.00	122.00	122.00	123.00	123.00	125.00	125.00	124.00	121.00	114.00	111.00	111.00	116.00	121.00	123.00	123.00	123.00	123.00	123.00	123.00	123.00	122.00	121.00	120.00	120.00	121.00	121.00	122.00	122.00	121.00	119.00	117.00	112.00	110.00	109.00	109.00	109.00	110.00	109.00	109.00	110.00	119.00	122.00	124.00	124.00	124.00	122.00	120.00	118.00	117.00	119.00	120.00	120.00	119.00	117.00	117.00	119.00	119.00	118.00	119.00	119.00	119.00	119.00	119.00	123.00	125.00	126.00
125.00	128.00	128.00	128.00	128.00	128.00	130.00	131.00	130.00	129.00	123.00	118.00	119.00	124.00	128.00	131.00	135.00	134.00	131.00	131.00	129.00	122.00	116.00	114.00	115.00	113.00	117.00	121.00	131.00	133.00	134.00	137.00	138.00	137.00	137.00	136.00	136.00	134.00	135.00	133.00	133.00	134.00	123.00	115.00	112.00	112.00	133.00	133.00	133.00	132.00	132.00	131.00	131.00	128.00	123.00	124.00	122.00	119.00	120.00	122.00	123.00	120.00	121.00	123.00	101.00	101.00	101.00	101.00	101.00	117.00	107.00	101.00	104.00	105.00	119.00	121.00	123.00	121.00	105.00	101.00	101.00	101.00	101.00	103.00	102.00	101.00	101.00	101.00	101.00	101.00	101.00	101.00	101.00	101.00	101.00	104.00	123.00	126.00	123.00	111.00	101.00	101.00	101.00	123.00	129.00	136.00	136.00	139.00	134.00	127.00	126.00	130.00	131.00	127.00	106.00	106.00	101.00	103.00	96.00	97.00	121.00	120.00	118.00	120.00	122.00	125.00	126.00	125.00	126.00	125.00	120.00	127.00	126.00	124.00	124.00	124.00	123.00	123.00	124.00	124.00	123.00	120.00	117.00	116.00	117.00	116.00	116.00	116.00	116.00	116.00	121.00	127.00	133.00	132.00	130.00	130.00	130.00	127.00	119.00	116.00	116.00	116.00	121.00	129.00	129.00	128.00	126.00	127.00	126.00	126.00	126.00	127.00	130.00	130.00	130.00	130.00	131.00	130.00	129.00	128.00	127.00	126.00	125.00	124.00	125.00	125.00	125.00	125.00	124.00	123.00	122.00	122.00	123.00	123.00	125.00	125.00	124.00	121.00	114.00	111.00	111.00	116.00	121.00	123.00	123.00	123.00	123.00	123.00	123.00	123.00	122.00	121.00	120.00	120.00	121.00	121.00	122.00	122.00	121.00	119.00	117.00	112.00	110.00	109.00	109.00	109.00	110.00	109.00	109.00	110.00	119.00	122.00	124.00	124.00	124.00	122.00	120.00	118.00	117.00	119.00	120.00	120.00	119.00	117.00	117.00	119.00	119.00	118.00	119.00	119.00	119.00	119.00	119.00	123.00	125.00	126.00
126.00	126.00	125.00	123.00	122.00	116.00	121.00	125.00	124.00	120.00	114.00	119.00	125.00	129.00	130.00	125.00	131.00	132.00	132.00	130.00	122.00	120.00	116.00	114.00	115.00	114.00	120.00	124.00	128.00	129.00	132.00	135.00	135.00	137.00	138.00	138.00	137.00	136.00	134.00	134.00	133.00	132.00	128.00	125.00	125.00	127.00	129.00	129.00	130.00	132.00	132.00	131.00	131.00	127.00	121.00	119.00	121.00	121.00	118.00	117.00	106.00	106.00	110.00	121.00	101.00	101.00	101.00	101.00	101.00	105.00	116.00	101.00	109.00	116.00	116.00	116.00	116.00	112.00	105.00	101.00	103.00	104.00	108.00	113.00	114.00	103.00	101.00	101.00	101.00	101.00	101.00	101.00	101.00	105.00	111.00	116.00	125.00	112.00	105.00	101.00	101.00	101.00	105.00	123.00	126.00	128.00	128.00	130.00	132.00	129.00	124.00	125.00	122.00	109.00	96.00	96.00	101.00	105.00	105.00	111.00	112.00	114.00	116.00	119.00	119.00	122.00	125.00	122.00	118.00	113.00	114.00	127.00	129.00	126.00	127.00	126.00	127.00	128.00	128.00	124.00	116.00	116.00	116.00	118.00	120.00	121.00	122.00	122.00	121.00	121.00	127.00	133.00	134.00	133.00	128.00	127.00	128.00	131.00	136.00	137.00	136.00	137.00	135.00	133.00	131.00	130.00	127.00	127.00	126.00	125.00	125.00	125.00	127.00	127.00	128.00	128.00	129.00	127.00	125.00	124.00	124.00	126.00	127.00	126.00	125.00	125.00	124.00	124.00	125.00	125.00	125.00	125.00	125.00	124.00	123.00	123.00	118.00	112.00	111.00	111.00	116.00	127.00	126.00	125.00	124.00	125.00	125.00	125.00	125.00	124.00	124.00	124.00	124.00	124.00	123.00	123.00	122.00	122.00	121.00	119.00	117.00	114.00	113.00	112.00	112.00	109.00	108.00	108.00	108.00	110.00	116.00	119.00	121.00	122.00	122.00	120.00	119.00	119.00	119.00	120.00	118.00	114.00	111.00	111.00	112.00	118.00	121.00	120.00	120.00	121.00	121.00	120.00	120.00	120.00	113.00	111.00
126.00	126.00	125.00	123.00	122.00	116.00	121.00	125.00	124.00	120.00	114.00	119.00	125.00	129.00	130.00	125.00	131.00	132.00	132.00	130.00	122.00	120.00	116.00	114.00	115.00	114.00	120.00	124.00	128.00	129.00	132.00	135.00	135.00	137.00	138.00	138.00	137.00	136.00	134.00	134.00	133.00	132.00	128.00	125.00	125.00	127.00	129.00	129.00	130.00	132.00	132.00	131.00	131.00	127.00	121.00	119.00	121.00	121.00	118.00	117.00	106.00	106.00	110.00	121.00	101.00	101.00	101.00	101.00	101.00	105.00	116.00	101.00	109.00	116.00	116.00	116.00	116.00	112.00	105.00	101.00	103.00	104.00	108.00	113.00	114.00	103.00	101.00	101.00	101.00	101.00	101.00	101.00	101.00	105.00	111.00	116.00	125.00	112.00	105.00	101.00	101.00	101.00	105.00	123.00	126.00	128.00	128.00	130.00	132.00	129.00	124.00	125.00	122.00	109.00	96.00	96.00	101.00	105.00	105.00	111.00	112.00	114.00	116.00	119.00	119.00	122.00	125.00	122.00	118.00	113.00	114.00	127.00	129.00	126.00	127.00	126.00	127.00	128.00	128.00	124.00	116.00	116.00	116.00	118.00	120.00	121.00	122.00	122.00	121.00	121.00	127.00	133.00	134.00	133.00	128.00	127.00	128.00	131.00	136.00	137.00	136.00	137.00	135.00	133.00	131.00	130.00	127.00	127.00	126.00	125.00	125.00	125.00	127.00	127.00	128.00	128.00	129.00	127.00	125.00	124.00	124.00	126.00	127.00	126.00	125.00	125.00	124.00	124.00	125.00	125.00	125.00	125.00	125.00	124.00	123.00	123.00	118.00	112.00	111.00	111.00	116.00	127.00	126.00	125.00	124.00	125.00	125.00	125.00	125.00	124.00	124.00	124.00	124.00	124.00	123.00	123.00	122.00	122.00	121.00	119.00	117.00	114.00	113.00	112.00	112.00	109.00	108.00	108.00	108.00	110.00	116.00	119.00	121.00	122.00	122.00	120.00	119.00	119.00	119.00	120.00	118.00	114.00	111.00	111.00	112.00	118.00	121.00	120.00	120.00	121.00	121.00	120.00	120.00	120.00	113.00	111.00
115.00	122.00	124.00	123.00	121.00	116.00	116.00	121.00	123.00	126.00	123.00	126.00	128.00	129.00	127.00	125.00	131.00	132.00	132.00	126.00	120.00	116.00	113.00	112.00	110.00	109.00	110.00	114.00	129.00	133.00	136.00	140.00	143.00	142.00	140.00	140.00	140.00	137.00	135.00	134.00	133.00	131.00	128.00	128.00	128.00	128.00	126.00	124.00	124.00	125.00	125.00	126.00	123.00	121.00	111.00	102.00	114.00	113.00	113.00	111.00	101.00	103.00	108.00	114.00	101.00	101.00	104.00	105.00	106.00	114.00	120.00	116.00	107.00	106.00	104.00	106.00	112.00	115.00	116.00	116.00	117.00	119.00	124.00	125.00	123.00	121.00	118.00	109.00	103.00	101.00	101.00	111.00	118.00	122.00	125.00	122.00	119.00	118.00	105.00	104.00	118.00	126.00	131.00	132.00	133.00	124.00	123.00	124.00	125.00	128.00	127.00	126.00	111.00	104.00	103.00	101.00	96.00	96.00	114.00	111.00	116.00	118.00	115.00	114.00	121.00	122.00	123.00	118.00	113.00	115.00	115.00	121.00	125.00	122.00	119.00	121.00	124.00	127.00	128.00	126.00	117.00	117.00	122.00	127.00	129.00	129.00	126.00	121.00	116.00	116.00	118.00	126.00	134.00	134.00	131.00	128.00	126.00	126.00	133.00	135.00	136.00	136.00	135.00	133.00	134.00	134.00	132.00	130.00	129.00	129.00	129.00	129.00	128.00	128.00	127.00	127.00	123.00	123.00	122.00	122.00	122.00	125.00	127.00	127.00	125.00	123.00	124.00	123.00	123.00	123.00	122.00	123.00	125.00	125.00	124.00	124.00	124.00	123.00	122.00	121.00	123.00	123.00	124.00	125.00	127.00	129.00	130.00	131.00	130.00	129.00	128.00	127.00	126.00	126.00	125.00	125.00	125.00	125.00	124.00	123.00	120.00	113.00	111.00	111.00	111.00	111.00	111.00	111.00	112.00	112.00	116.00	119.00	121.00	123.00	124.00	124.00	123.00	123.00	122.00	119.00	113.00	111.00	111.00	111.00	111.00	117.00	122.00	121.00	120.00	121.00	122.00	122.00	121.00	114.00	111.00	111.00
115.00	122.00	124.00	123.00	121.00	116.00	116.00	121.00	123.00	126.00	123.00	126.00	128.00	129.00	127.00	125.00	131.00	132.00	132.00	126.00	120.00	116.00	113.00	112.00	110.00	109.00	110.00	114.00	129.00	133.00	136.00	140.00	143.00	142.00	140.00	140.00	140.00	137.00	135.00	134.00	133.00	131.00	128.00	128.00	128.00	128.00	126.00	124.00	124.00	125.00	125.00	126.00	123.00	121.00	111.00	102.00	114.00	113.00	113.00	111.00	101.00	103.00	108.00	114.00	101.00	101.00	104.00	105.00	106.00	114.00	120.00	116.00	107.00	106.00	104.00	106.00	112.00	115.00	116.00	116.00	117.00	119.00	124.00	125.00	123.00	121.00	118.00	109.00	103.00	101.00	101.00	111.00	118.00	122.00	125.00	122.00	119.00	118.00	105.00	104.00	118.00	126.00	131.00	132.00	133.00	124.00	123.00	124.00	125.00	128.00	127.00	126.00	111.00	104.00	103.00	101.00	96.00	96.00	114.00	111.00	116.00	118.00	115.00	114.00	121.00	122.00	123.00	118.00	113.00	115.00	115.00	121.00	125.00	122.00	119.00	121.00	124.00	127.00	128.00	126.00	117.00	117.00	122.00	127.00	129.00	129.00	126.00	121.00	116.00	116.00	118.00	126.00	134.00	134.00	131.00	128.00	126.00	126.00	133.00	135.00	136.00	136.00	135.00	133.00	134.00	134.00	132.00	130.00	129.00	129.00	129.00	129.00	128.00	128.00	127.00	127.00	123.00	123.00	122.00	122.00	122.00	125.00	127.00	127.00	125.00	123.00	124.00	123.00	123.00	123.00	122.00	123.00	125.00	125.00	124.00	124.00	124.00	123.00	122.00	121.00	123.00	123.00	124.00	125.00	127.00	129.00	130.00	131.00	130.00	129.00	128.00	127.00	126.00	126.00	125.00	125.00	125.00	125.00	124.00	123.00	120.00	113.00	111.00	111.00	111.00	111.00	111.00	111.00	112.00	112.00	116.00	119.00	121.00	123.00	124.00	124.00	123.00	123.00	122.00	119.00	113.00	111.00	111.00	111.00	111.00	117.00	122.00	121.00	120.00	121.00	122.00	122.00	121.00	114.00	111.00	111.00
117.00	124.00	126.00	125.00	124.00	123.00	117.00	116.00	116.00	118.00	127.00	129.00	130.00	132.00	132.00	129.00	129.00	129.00	129.00	126.00	122.00	120.00	120.00	118.00	117.00	117.00	115.00	112.00	115.00	125.00	136.00	140.00	142.00	141.00	141.00	142.00	144.00	142.00	142.00	141.00	140.00	138.00	134.00	134.00	133.00	132.00	129.00	129.00	130.00	129.00	129.00	129.00	125.00	122.00	117.00	115.00	114.00	103.00	101.00	106.00	114.00	112.00	110.00	109.00	113.00	115.00	120.00	118.00	120.00	122.00	119.00	115.00	114.00	116.00	120.00	123.00	123.00	127.00	127.00	127.00	125.00	125.00	123.00	121.00	121.00	122.00	127.00	124.00	119.00	116.00	122.00	130.00	126.00	121.00	119.00	120.00	122.00	121.00	118.00	118.00	125.00	125.00	126.00	128.00	128.00	134.00	134.00	131.00	128.00	122.00	125.00	127.00	122.00	116.00	106.00	108.00	112.00	108.00	96.00	96.00	98.00	96.00	96.00	96.00	96.00	98.00	105.00	117.00	118.00	119.00	120.00	125.00	125.00	121.00	119.00	123.00	128.00	131.00	132.00	129.00	121.00	126.00	131.00	130.00	128.00	128.00	125.00	117.00	116.00	116.00	116.00	118.00	129.00	132.00	132.00	132.00	132.00	134.00	137.00	138.00	138.00	136.00	133.00	131.00	132.00	128.00	126.00	132.00	132.00	132.00	132.00	132.00	129.00	127.00	121.00	122.00	125.00	126.00	128.00	127.00	125.00	124.00	124.00	123.00	122.00	120.00	120.00	120.00	122.00	123.00	121.00	122.00	123.00	123.00	125.00	125.00	126.00	127.00	127.00	126.00	126.00	126.00	127.00	128.00	128.00	127.00	128.00	130.00	134.00	136.00	137.00	137.00	134.00	132.00	130.00	128.00	127.00	126.00	126.00	125.00	122.00	113.00	111.00	110.00	111.00	111.00	111.00	111.00	112.00	112.00	117.00	121.00	124.00	125.00	126.00	126.00	126.00	125.00	124.00	123.00	116.00	111.00	111.00	111.00	117.00	122.00	124.00	123.00	121.00	123.00	124.00	124.00	123.00	120.00	114.00	112.00
117.00	124.00	126.00	125.00	124.00	123.00	117.00	116.00	116.00	118.00	127.00	129.00	130.00	132.00	132.00	129.00	129.00	129.00	129.00	126.00	122.00	120.00	120.00	118.00	117.00	117.00	115.00	112.00	115.00	125.00	136.00	140.00	142.00	141.00	141.00	142.00	144.00	142.00	142.00	141.00	140.00	138.00	134.00	134.00	133.00	132.00	129.00	129.00	130.00	129.00	129.00	129.00	125.00	122.00	117.00	115.00	114.00	103.00	101.00	106.00	114.00	112.00	110.00	109.00	113.00	115.00	120.00	118.00	120.00	122.00	119.00	115.00	114.00	116.00	120.00	123.00	123.00	127.00	127.00	127.00	125.00	125.00	123.00	121.00	121.00	122.00	127.00	124.00	119.00	116.00	122.00	130.00	126.00	121.00	119.00	120.00	122.00	121.00	118.00	118.00	125.00	125.00	126.00	128.00	128.00	134.00	134.00	131.00	128.00	122.00	125.00	127.00	122.00	116.00	106.00	108.00	112.00	108.00	96.00	96.00	98.00	96.00	96.00	96.00	96.00	98.00	105.00	117.00	118.00	119.00	120.00	125.00	125.00	121.00	119.00	123.00	128.00	131.00	132.00	129.00	121.00	126.00	131.00	130.00	128.00	128.00	125.00	117.00	116.00	116.00	116.00	118.00	129.00	132.00	132.00	132.00	132.00	134.00	137.00	138.00	138.00	136.00	133.00	131.00	132.00	128.00	126.00	132.00	132.00	132.00	132.00	132.00	129.00	127.00	121.00	122.00	125.00	126.00	128.00	127.00	125.00	124.00	124.00	123.00	122.00	120.00	120.00	120.00	122.00	123.00	121.00	122.00	123.00	123.00	125.00	125.00	126.00	127.00	127.00	126.00	126.00	126.00	127.00	128.00	128.00	127.00	128.00	130.00	134.00	136.00	137.00	137.00	134.00	132.00	130.00	128.00	127.00	126.00	126.00	125.00	122.00	113.00	111.00	110.00	111.00	111.00	111.00	111.00	112.00	112.00	117.00	121.00	124.00	125.00	126.00	126.00	126.00	125.00	124.00	123.00	116.00	111.00	111.00	111.00	117.00	122.00	124.00	123.00	121.00	123.00	124.00	124.00	123.00	120.00	114.00	112.00
128.00	129.00	130.00	128.00	125.00	117.00	117.00	116.00	116.00	125.00	128.00	128.00	129.00	130.00	130.00	130.00	130.00	129.00	128.00	126.00	122.00	120.00	116.00	113.00	111.00	111.00	111.00	113.00	129.00	133.00	132.00	131.00	126.00	127.00	136.00	141.00	145.00	145.00	144.00	141.00	140.00	140.00	140.00	138.00	137.00	134.00	131.00	132.00	133.00	134.00	133.00	133.00	129.00	128.00	128.00	123.00	117.00	101.00	102.00	109.00	114.00	115.00	118.00	120.00	122.00	120.00	117.00	118.00	124.00	121.00	119.00	117.00	118.00	125.00	124.00	125.00	128.00	129.00	129.00	128.00	127.00	128.00	125.00	124.00	122.00	125.00	129.00	130.00	130.00	127.00	125.00	123.00	121.00	121.00	121.00	118.00	124.00	130.00	124.00	122.00	124.00	122.00	122.00	121.00	122.00	131.00	130.00	125.00	124.00	121.00	114.00	114.00	113.00	113.00	123.00	123.00	123.00	124.00	118.00	116.00	96.00	96.00	96.00	96.00	96.00	96.00	96.00	120.00	116.00	113.00	113.00	121.00	117.00	114.00	114.00	115.00	117.00	121.00	124.00	130.00	131.00	133.00	134.00	132.00	128.00	127.00	123.00	117.00	116.00	116.00	120.00	127.00	131.00	133.00	136.00	136.00	136.00	136.00	137.00	137.00	138.00	138.00	137.00	130.00	120.00	116.00	116.00	117.00	124.00	133.00	134.00	134.00	117.00	112.00	111.00	111.00	119.00	118.00	118.00	121.00	123.00	124.00	124.00	124.00	122.00	121.00	123.00	125.00	127.00	128.00	126.00	125.00	124.00	122.00	124.00	126.00	127.00	128.00	129.00	130.00	129.00	123.00	122.00	128.00	128.00	128.00	129.00	130.00	130.00	131.00	132.00	133.00	134.00	133.00	132.00	131.00	132.00	132.00	130.00	127.00	124.00	117.00	114.00	112.00	111.00	110.00	112.00	112.00	111.00	113.00	120.00	124.00	126.00	126.00	127.00	127.00	128.00	128.00	128.00	129.00	129.00	127.00	125.00	124.00	124.00	124.00	124.00	124.00	125.00	126.00	126.00	126.00	126.00	126.00	127.00	126.00
125.00	123.00	126.00	127.00	132.00	118.00	116.00	116.00	116.00	117.00	130.00	127.00	125.00	123.00	120.00	125.00	128.00	129.00	129.00	125.00	124.00	122.00	117.00	110.00	105.00	106.00	110.00	111.00	115.00	115.00	114.00	112.00	112.00	115.00	127.00	137.00	139.00	142.00	144.00	145.00	146.00	146.00	145.00	143.00	142.00	137.00	129.00	131.00	132.00	132.00	133.00	135.00	132.00	130.00	126.00	116.00	113.00	122.00	122.00	121.00	122.00	123.00	123.00	126.00	124.00	119.00	119.00	125.00	122.00	116.00	118.00	120.00	122.00	134.00	134.00	130.00	127.00	127.00	128.00	125.00	124.00	125.00	124.00	123.00	125.00	125.00	123.00	126.00	125.00	123.00	118.00	118.00	118.00	118.00	116.00	117.00	124.00	132.00	123.00	116.00	116.00	116.00	116.00	116.00	116.00	118.00	124.00	129.00	130.00	114.00	116.00	120.00	121.00	117.00	126.00	123.00	122.00	121.00	120.00	106.00	96.00	96.00	99.00	105.00	106.00	108.00	110.00	122.00	115.00	115.00	118.00	127.00	124.00	121.00	116.00	114.00	116.00	119.00	124.00	127.00	127.00	130.00	128.00	123.00	116.00	122.00	124.00	117.00	118.00	122.00	128.00	132.00	134.00	136.00	138.00	140.00	140.00	137.00	136.00	136.00	136.00	137.00	134.00	117.00	116.00	116.00	116.00	116.00	127.00	136.00	137.00	135.00	111.00	111.00	111.00	116.00	118.00	111.00	113.00	119.00	119.00	119.00	119.00	118.00	116.00	118.00	120.00	121.00	123.00	124.00	126.00	126.00	124.00	124.00	125.00	126.00	125.00	125.00	125.00	126.00	116.00	111.00	112.00	125.00	126.00	126.00	127.00	127.00	129.00	129.00	130.00	129.00	130.00	130.00	131.00	131.00	130.00	128.00	127.00	126.00	125.00	121.00	121.00	120.00	119.00	117.00	115.00	114.00	113.00	114.00	120.00	124.00	127.00	128.00	128.00	128.00	128.00	127.00	127.00	127.00	127.00	127.00	128.00	129.00	130.00	130.00	129.00	129.00	127.00	127.00	127.00	128.00	129.00	129.00	128.00	128.00
125.00	123.00	126.00	127.00	132.00	118.00	116.00	116.00	116.00	117.00	130.00	127.00	125.00	123.00	120.00	125.00	128.00	129.00	129.00	125.00	124.00	122.00	117.00	110.00	105.00	106.00	110.00	111.00	115.00	115.00	114.00	112.00	112.00	115.00	127.00	137.00	139.00	142.00	144.00	145.00	146.00	146.00	145.00	143.00	142.00	137.00	129.00	131.00	132.00	132.00	133.00	135.00	132.00	130.00	126.00	116.00	113.00	122.00	122.00	121.00	122.00	123.00	123.00	126.00	124.00	119.00	119.00	125.00	122.00	116.00	118.00	120.00	122.00	134.00	134.00	130.00	127.00	127.00	128.00	125.00	124.00	125.00	124.00	123.00	125.00	125.00	123.00	126.00	125.00	123.00	118.00	118.00	118.00	118.00	116.00	117.00	124.00	132.00	123.00	116.00	116.00	116.00	116.00	116.00	116.00	118.00	124.00	129.00	130.00	114.00	116.00	120.00	121.00	117.00	126.00	123.00	122.00	121.00	120.00	106.00	96.00	96.00	99.00	105.00	106.00	108.00	110.00	122.00	115.00	115.00	118.00	127.00	124.00	121.00	116.00	114.00	116.00	119.00	124.00	127.00	127.00	130.00	128.00	123.00	116.00	122.00	124.00	117.00	118.00	122.00	128.00	132.00	134.00	136.00	138.00	140.00	140.00	137.00	136.00	136.00	136.00	137.00	134.00	117.00	116.00	116.00	116.00	116.00	127.00	136.00	137.00	135.00	111.00	111.00	111.00	116.00	118.00	111.00	113.00	119.00	119.00	119.00	119.00	118.00	116.00	118.00	120.00	121.00	123.00	124.00	126.00	126.00	124.00	124.00	125.00	126.00	125.00	125.00	125.00	126.00	116.00	111.00	112.00	125.00	126.00	126.00	127.00	127.00	129.00	129.00	130.00	129.00	130.00	130.00	131.00	131.00	130.00	128.00	127.00	126.00	125.00	121.00	121.00	120.00	119.00	117.00	115.00	114.00	113.00	114.00	120.00	124.00	127.00	128.00	128.00	128.00	128.00	127.00	127.00	127.00	127.00	127.00	128.00	129.00	130.00	130.00	129.00	129.00	127.00	127.00	127.00	128.00	129.00	129.00	128.00	128.00
119.00	116.00	122.00	126.00	135.00	119.00	116.00	116.00	116.00	116.00	128.00	132.00	130.00	127.00	126.00	131.00	130.00	129.00	128.00	126.00	124.00	124.00	122.00	116.00	108.00	108.00	108.00	107.00	107.00	108.00	109.00	110.00	110.00	117.00	129.00	137.00	142.00	141.00	140.00	140.00	139.00	139.00	141.00	142.00	142.00	143.00	144.00	144.00	144.00	142.00	137.00	126.00	125.00	125.00	127.00	127.00	124.00	123.00	124.00	128.00	138.00	139.00	134.00	132.00	133.00	131.00	129.00	129.00	130.00	131.00	132.00	132.00	130.00	132.00	134.00	135.00	133.00	128.00	128.00	127.00	125.00	125.00	123.00	123.00	122.00	122.00	121.00	119.00	120.00	119.00	119.00	119.00	120.00	121.00	124.00	128.00	122.00	126.00	124.00	116.00	116.00	116.00	116.00	116.00	116.00	116.00	116.00	116.00	127.00	123.00	124.00	126.00	121.00	118.00	121.00	122.00	117.00	118.00	122.00	122.00	117.00	119.00	115.00	115.00	113.00	115.00	116.00	121.00	120.00	120.00	120.00	126.00	120.00	118.00	117.00	116.00	116.00	116.00	117.00	128.00	124.00	126.00	125.00	116.00	116.00	117.00	122.00	122.00	123.00	120.00	123.00	127.00	136.00	137.00	132.00	136.00	137.00	137.00	130.00	127.00	128.00	127.00	125.00	116.00	116.00	116.00	116.00	125.00	135.00	136.00	134.00	133.00	121.00	117.00	118.00	120.00	121.00	118.00	118.00	120.00	121.00	122.00	121.00	117.00	116.00	117.00	118.00	120.00	120.00	121.00	121.00	122.00	122.00	121.00	122.00	122.00	123.00	123.00	123.00	123.00	118.00	114.00	118.00	123.00	122.00	124.00	124.00	124.00	125.00	126.00	127.00	127.00	128.00	128.00	128.00	128.00	129.00	129.00	128.00	124.00	120.00	116.00	115.00	115.00	114.00	115.00	117.00	117.00	118.00	120.00	126.00	129.00	130.00	130.00	131.00	132.00	131.00	131.00	130.00	129.00	127.00	128.00	129.00	128.00	127.00	127.00	128.00	129.00	130.00	131.00	132.00	132.00	132.00	131.00	130.00	130.00
119.00	138.00	143.00	143.00	140.00	116.00	116.00	116.00	116.00	116.00	136.00	135.00	135.00	134.00	134.00	135.00	134.00	133.00	132.00	134.00	134.00	129.00	121.00	112.00	116.00	122.00	116.00	116.00	116.00	114.00	112.00	110.00	109.00	111.00	118.00	128.00	142.00	144.00	144.00	145.00	146.00	147.00	148.00	147.00	146.00	144.00	139.00	138.00	133.00	134.00	137.00	131.00	134.00	134.00	131.00	128.00	128.00	130.00	131.00	135.00	139.00	141.00	143.00	143.00	147.00	146.00	140.00	133.00	130.00	131.00	131.00	133.00	135.00	131.00	128.00	128.00	127.00	125.00	130.00	129.00	128.00	128.00	120.00	121.00	122.00	123.00	127.00	127.00	126.00	129.00	127.00	125.00	120.00	118.00	123.00	129.00	128.00	131.00	127.00	116.00	116.00	116.00	116.00	116.00	116.00	120.00	122.00	119.00	126.00	128.00	128.00	129.00	124.00	122.00	118.00	119.00	122.00	125.00	117.00	118.00	116.00	118.00	122.00	119.00	114.00	115.00	118.00	119.00	122.00	120.00	116.00	116.00	116.00	116.00	116.00	116.00	116.00	116.00	116.00	116.00	119.00	125.00	122.00	121.00	121.00	123.00	123.00	123.00	119.00	116.00	116.00	117.00	127.00	132.00	132.00	133.00	132.00	133.00	117.00	116.00	116.00	116.00	116.00	116.00	116.00	116.00	118.00	133.00	133.00	133.00	133.00	133.00	133.00	131.00	129.00	126.00	122.00	120.00	118.00	119.00	120.00	121.00	123.00	125.00	117.00	118.00	119.00	118.00	117.00	117.00	116.00	116.00	117.00	117.00	120.00	120.00	120.00	122.00	122.00	120.00	120.00	121.00	121.00	121.00	122.00	122.00	123.00	123.00	124.00	125.00	125.00	123.00	126.00	127.00	127.00	126.00	127.00	127.00	125.00	123.00	121.00	118.00	118.00	117.00	117.00	116.00	114.00	114.00	114.00	117.00	125.00	130.00	133.00	135.00	135.00	134.00	134.00	134.00	134.00	133.00	132.00	131.00	131.00	131.00	129.00	129.00	129.00	130.00	130.00	130.00	130.00	130.00	131.00	133.00	135.00	136.00
119.00	138.00	143.00	143.00	140.00	116.00	116.00	116.00	116.00	116.00	136.00	135.00	135.00	134.00	134.00	135.00	134.00	133.00	132.00	134.00	134.00	129.00	121.00	112.00	116.00	122.00	116.00	116.00	116.00	114.00	112.00	110.00	109.00	111.00	118.00	128.00	142.00	144.00	144.00	145.00	146.00	147.00	148.00	147.00	146.00	144.00	139.00	138.00	133.00	134.00	137.00	131.00	134.00	134.00	131.00	128.00	128.00	130.00	131.00	135.00	139.00	141.00	143.00	143.00	147.00	146.00	140.00	133.00	130.00	131.00	131.00	133.00	135.00	131.00	128.00	128.00	127.00	125.00	130.00	129.00	128.00	128.00	120.00	121.00	122.00	123.00	127.00	127.00	126.00	129.00	127.00	125.00	120.00	118.00	123.00	129.00	128.00	131.00	127.00	116.00	116.00	116.00	116.00	116.00	116.00	120.00	122.00	119.00	126.00	128.00	128.00	129.00	124.00	122.00	118.00	119.00	122.00	125.00	117.00	118.00	116.00	118.00	122.00	119.00	114.00	115.00	118.00	119.00	122.00	120.00	116.00	116.00	116.00	116.00	116.00	116.00	116.00	116.00	116.00	116.00	119.00	125.00	122.00	121.00	121.00	123.00	123.00	123.00	119.00	116.00	116.00	117.00	127.00	132.00	132.00	133.00	132.00	133.00	117.00	116.00	116.00	116.00	116.00	116.00	116.00	116.00	118.00	133.00	133.00	133.00	133.00	133.00	133.00	131.00	129.00	126.00	122.00	120.00	118.00	119.00	120.00	121.00	123.00	125.00	117.00	118.00	119.00	118.00	117.00	117.00	116.00	116.00	117.00	117.00	120.00	120.00	120.00	122.00	122.00	120.00	120.00	121.00	121.00	121.00	122.00	122.00	123.00	123.00	124.00	125.00	125.00	123.00	126.00	127.00	127.00	126.00	127.00	127.00	125.00	123.00	121.00	118.00	118.00	117.00	117.00	116.00	114.00	114.00	114.00	117.00	125.00	130.00	133.00	135.00	135.00	134.00	134.00	134.00	134.00	133.00	132.00	131.00	131.00	131.00	129.00	129.00	129.00	130.00	130.00	130.00	130.00	130.00	131.00	133.00	135.00	136.00
146.00	146.00	146.00	143.00	141.00	125.00	133.00	137.00	137.00	141.00	139.00	138.00	139.00	138.00	138.00	137.00	137.00	135.00	134.00	133.00	132.00	130.00	127.00	123.00	126.00	130.00	127.00	124.00	119.00	119.00	118.00	116.00	115.00	114.00	122.00	133.00	142.00	144.00	144.00	144.00	145.00	146.00	149.00	150.00	151.00	152.00	150.00	147.00	147.00	142.00	139.00	139.00	135.00	131.00	132.00	139.00	140.00	147.00	148.00	147.00	147.00	145.00	141.00	141.00	144.00	142.00	139.00	138.00	136.00	136.00	137.00	139.00	141.00	137.00	134.00	131.00	130.00	131.00	127.00	127.00	126.00	127.00	130.00	130.00	127.00	125.00	127.00	129.00	129.00	133.00	135.00	134.00	130.00	127.00	124.00	121.00	124.00	128.00	125.00	116.00	116.00	116.00	116.00	116.00	116.00	121.00	126.00	123.00	125.00	125.00	127.00	125.00	122.00	122.00	123.00	124.00	126.00	128.00	127.00	122.00	119.00	123.00	125.00	122.00	117.00	116.00	119.00	124.00	129.00	132.00	119.00	116.00	116.00	116.00	116.00	116.00	116.00	116.00	117.00	117.00	116.00	118.00	122.00	124.00	126.00	126.00	123.00	123.00	122.00	117.00	118.00	119.00	119.00	124.00	127.00	128.00	129.00	129.00	121.00	117.00	116.00	115.00	115.00	117.00	119.00	121.00	125.00	127.00	130.00	132.00	129.00	127.00	130.00	131.00	132.00	131.00	127.00	125.00	125.00	123.00	121.00	121.00	121.00	121.00	121.00	122.00	121.00	121.00	120.00	120.00	118.00	117.00	116.00	115.00	115.00	115.00	116.00	116.00	117.00	118.00	118.00	118.00	119.00	118.00	122.00	124.00	126.00	128.00	129.00	129.00	128.00	125.00	122.00	125.00	127.00	127.00	125.00	124.00	122.00	121.00	120.00	118.00	118.00	119.00	119.00	119.00	119.00	118.00	118.00	118.00	126.00	128.00	129.00	130.00	131.00	134.00	134.00	134.00	135.00	135.00	134.00	133.00	132.00	132.00	133.00	132.00	132.00	132.00	132.00	133.00	133.00	133.00	133.00	133.00	133.00	133.00
146.00	146.00	146.00	143.00	141.00	125.00	133.00	137.00	137.00	141.00	139.00	138.00	139.00	138.00	138.00	137.00	137.00	135.00	134.00	133.00	132.00	130.00	127.00	123.00	126.00	130.00	127.00	124.00	119.00	119.00	118.00	116.00	115.00	114.00	122.00	133.00	142.00	144.00	144.00	144.00	145.00	146.00	149.00	150.00	151.00	152.00	150.00	147.00	147.00	142.00	139.00	139.00	135.00	131.00	132.00	139.00	140.00	147.00	148.00	147.00	147.00	145.00	141.00	141.00	144.00	142.00	139.00	138.00	136.00	136.00	137.00	139.00	141.00	137.00	134.00	131.00	130.00	131.00	127.00	127.00	126.00	127.00	130.00	130.00	127.00	125.00	127.00	129.00	129.00	133.00	135.00	134.00	130.00	127.00	124.00	121.00	124.00	128.00	125.00	116.00	116.00	116.00	116.00	116.00	116.00	121.00	126.00	123.00	125.00	125.00	127.00	125.00	122.00	122.00	123.00	124.00	126.00	128.00	127.00	122.00	119.00	123.00	125.00	122.00	117.00	116.00	119.00	124.00	129.00	132.00	119.00	116.00	116.00	116.00	116.00	116.00	116.00	116.00	117.00	117.00	116.00	118.00	122.00	124.00	126.00	126.00	123.00	123.00	122.00	117.00	118.00	119.00	119.00	124.00	127.00	128.00	129.00	129.00	121.00	117.00	116.00	115.00	115.00	117.00	119.00	121.00	125.00	127.00	130.00	132.00	129.00	127.00	130.00	131.00	132.00	131.00	127.00	125.00	125.00	123.00	121.00	121.00	121.00	121.00	121.00	122.00	121.00	121.00	120.00	120.00	118.00	117.00	116.00	115.00	115.00	115.00	116.00	116.00	117.00	118.00	118.00	118.00	119.00	118.00	122.00	124.00	126.00	128.00	129.00	129.00	128.00	125.00	122.00	125.00	127.00	127.00	125.00	124.00	122.00	121.00	120.00	118.00	118.00	119.00	119.00	119.00	119.00	118.00	118.00	118.00	126.00	128.00	129.00	130.00	131.00	134.00	134.00	134.00	135.00	135.00	134.00	133.00	132.00	132.00	133.00	132.00	132.00	132.00	132.00	133.00	133.00	133.00	133.00	133.00	133.00	133.00
155.00	151.00	149.00	147.00	145.00	141.00	143.00	143.00	143.00	140.00	139.00	141.00	141.00	140.00	138.00	136.00	137.00	138.00	138.00	135.00	130.00	126.00	125.00	125.00	131.00	135.00	137.00	135.00	127.00	121.00	117.00	115.00	111.00	116.00	126.00	134.00	143.00	145.00	146.00	146.00	147.00	147.00	146.00	146.00	146.00	147.00	148.00	149.00	146.00	143.00	141.00	135.00	133.00	133.00	135.00	143.00	145.00	149.00	151.00	150.00	147.00	143.00	145.00	147.00	145.00	146.00	144.00	139.00	140.00	140.00	141.00	143.00	143.00	135.00	133.00	132.00	134.00	135.00	129.00	131.00	133.00	133.00	135.00	134.00	130.00	129.00	129.00	123.00	122.00	132.00	136.00	132.00	130.00	129.00	127.00	127.00	124.00	125.00	121.00	116.00	116.00	116.00	116.00	116.00	119.00	117.00	121.00	126.00	126.00	129.00	126.00	125.00	123.00	124.00	123.00	122.00	121.00	124.00	117.00	121.00	116.00	116.00	120.00	126.00	121.00	117.00	118.00	121.00	122.00	120.00	117.00	116.00	116.00	116.00	116.00	116.00	116.00	123.00	124.00	123.00	122.00	118.00	117.00	117.00	121.00	123.00	124.00	124.00	127.00	123.00	121.00	121.00	123.00	122.00	122.00	125.00	126.00	127.00	121.00	119.00	117.00	113.00	116.00	119.00	121.00	124.00	123.00	124.00	128.00	127.00	127.00	126.00	127.00	128.00	128.00	128.00	127.00	128.00	127.00	124.00	123.00	123.00	122.00	120.00	118.00	115.00	114.00	113.00	113.00	115.00	118.00	118.00	116.00	116.00	118.00	116.00	116.00	116.00	116.00	115.00	116.00	118.00	121.00	122.00	124.00	125.00	125.00	125.00	127.00	128.00	130.00	131.00	129.00	128.00	126.00	126.00	125.00	120.00	118.00	115.00	114.00	115.00	115.00	115.00	115.00	116.00	117.00	118.00	119.00	121.00	128.00	130.00	131.00	131.00	131.00	130.00	130.00	130.00	130.00	130.00	130.00	130.00	130.00	131.00	132.00	131.00	131.00	131.00	134.00	135.00	135.00	135.00	135.00	135.00	136.00	136.00
155.00	155.00	155.00	154.00	152.00	153.00	151.00	152.00	152.00	150.00	148.00	149.00	148.00	145.00	143.00	141.00	142.00	142.00	143.00	142.00	139.00	127.00	125.00	127.00	136.00	139.00	143.00	141.00	135.00	131.00	127.00	126.00	125.00	124.00	127.00	129.00	137.00	144.00	145.00	144.00	144.00	144.00	145.00	146.00	147.00	145.00	144.00	144.00	141.00	139.00	137.00	137.00	141.00	143.00	141.00	143.00	145.00	148.00	150.00	151.00	153.00	152.00	150.00	147.00	144.00	147.00	150.00	150.00	147.00	144.00	145.00	145.00	145.00	141.00	141.00	137.00	136.00	137.00	139.00	138.00	137.00	137.00	139.00	136.00	136.00	137.00	134.00	125.00	129.00	135.00	133.00	131.00	133.00	131.00	128.00	127.00	126.00	126.00	122.00	121.00	120.00	120.00	120.00	118.00	122.00	120.00	122.00	123.00	123.00	126.00	125.00	125.00	123.00	124.00	126.00	122.00	118.00	119.00	121.00	130.00	125.00	127.00	122.00	125.00	124.00	123.00	122.00	119.00	120.00	116.00	116.00	117.00	120.00	117.00	116.00	116.00	117.00	125.00	125.00	122.00	117.00	116.00	116.00	116.00	116.00	121.00	123.00	124.00	127.00	123.00	119.00	116.00	123.00	119.00	118.00	120.00	119.00	119.00	119.00	116.00	115.00	115.00	125.00	122.00	125.00	129.00	131.00	126.00	124.00	125.00	129.00	131.00	130.00	127.00	123.00	121.00	124.00	123.00	119.00	117.00	119.00	125.00	125.00	123.00	120.00	117.00	118.00	120.00	119.00	117.00	116.00	116.00	116.00	116.00	118.00	119.00	121.00	122.00	122.00	118.00	118.00	119.00	121.00	123.00	126.00	127.00	128.00	128.00	126.00	124.00	124.00	126.00	127.00	127.00	127.00	126.00	126.00	124.00	122.00	120.00	119.00	116.00	114.00	113.00	111.00	110.00	112.00	113.00	114.00	117.00	126.00	128.00	129.00	130.00	132.00	133.00	133.00	132.00	131.00	129.00	129.00	129.00	128.00	128.00	129.00	130.00	130.00	130.00	133.00	135.00	135.00	134.00	134.00	134.00	135.00	135.00
155.00	155.00	155.00	154.00	152.00	153.00	151.00	152.00	152.00	150.00	148.00	149.00	148.00	145.00	143.00	141.00	142.00	142.00	143.00	142.00	139.00	127.00	125.00	127.00	136.00	139.00	143.00	141.00	135.00	131.00	127.00	126.00	125.00	124.00	127.00	129.00	137.00	144.00	145.00	144.00	144.00	144.00	145.00	146.00	147.00	145.00	144.00	144.00	141.00	139.00	137.00	137.00	141.00	143.00	141.00	143.00	145.00	148.00	150.00	151.00	153.00	152.00	150.00	147.00	144.00	147.00	150.00	150.00	147.00	144.00	145.00	145.00	145.00	141.00	141.00	137.00	136.00	137.00	139.00	138.00	137.00	137.00	139.00	136.00	136.00	137.00	134.00	125.00	129.00	135.00	133.00	131.00	133.00	131.00	128.00	127.00	126.00	126.00	122.00	121.00	120.00	120.00	120.00	118.00	122.00	120.00	122.00	123.00	123.00	126.00	125.00	125.00	123.00	124.00	126.00	122.00	118.00	119.00	121.00	130.00	125.00	127.00	122.00	125.00	124.00	123.00	122.00	119.00	120.00	116.00	116.00	117.00	120.00	117.00	116.00	116.00	117.00	125.00	125.00	122.00	117.00	116.00	116.00	116.00	116.00	121.00	123.00	124.00	127.00	123.00	119.00	116.00	123.00	119.00	118.00	120.00	119.00	119.00	119.00	116.00	115.00	115.00	125.00	122.00	125.00	129.00	131.00	126.00	124.00	125.00	129.00	131.00	130.00	127.00	123.00	121.00	124.00	123.00	119.00	117.00	119.00	125.00	125.00	123.00	120.00	117.00	118.00	120.00	119.00	117.00	116.00	116.00	116.00	116.00	118.00	119.00	121.00	122.00	122.00	118.00	118.00	119.00	121.00	123.00	126.00	127.00	128.00	128.00	126.00	124.00	124.00	126.00	127.00	127.00	127.00	126.00	126.00	124.00	122.00	120.00	119.00	116.00	114.00	113.00	111.00	110.00	112.00	113.00	114.00	117.00	126.00	128.00	129.00	130.00	132.00	133.00	133.00	132.00	131.00	129.00	129.00	129.00	128.00	128.00	129.00	130.00	130.00	130.00	133.00	135.00	135.00	134.00	134.00	134.00	135.00	135.00
145.00	147.00	149.00	149.00	146.00	150.00	152.00	153.00	154.00	154.00	156.00	156.00	156.00	155.00	154.00	147.00	145.00	145.00	143.00	133.00	125.00	125.00	132.00	138.00	141.00	141.00	144.00	145.00	140.00	134.00	129.00	126.00	124.00	123.00	125.00	126.00	127.00	135.00	142.00	146.00	148.00	148.00	147.00	146.00	145.00	144.00	140.00	144.00	143.00	142.00	143.00	142.00	144.00	144.00	146.00	143.00	145.00	152.00	153.00	153.00	157.00	159.00	159.00	153.00	160.00	161.00	155.00	146.00	146.00	148.00	147.00	145.00	144.00	141.00	141.00	141.00	140.00	141.00	137.00	137.00	141.00	144.00	142.00	142.00	140.00	140.00	142.00	133.00	130.00	131.00	133.00	137.00	135.00	133.00	131.00	130.00	134.00	128.00	127.00	129.00	123.00	121.00	121.00	121.00	121.00	120.00	123.00	123.00	123.00	133.00	132.00	130.00	127.00	125.00	133.00	130.00	125.00	122.00	115.00	117.00	126.00	125.00	120.00	124.00	126.00	123.00	122.00	122.00	118.00	116.00	116.00	129.00	124.00	121.00	118.00	116.00	118.00	121.00	122.00	124.00	117.00	116.00	116.00	117.00	118.00	116.00	116.00	117.00	125.00	118.00	116.00	120.00	120.00	115.00	115.00	115.00	115.00	115.00	115.00	115.00	115.00	115.00	115.00	118.00	119.00	126.00	127.00	122.00	117.00	116.00	115.00	116.00	124.00	128.00	128.00	128.00	117.00	117.00	116.00	115.00	115.00	117.00	124.00	135.00	138.00	129.00	125.00	122.00	120.00	116.00	118.00	120.00	122.00	121.00	117.00	118.00	118.00	119.00	119.00	119.00	121.00	125.00	128.00	126.00	124.00	124.00	121.00	121.00	121.00	121.00	127.00	131.00	132.00	131.00	129.00	127.00	125.00	122.00	119.00	117.00	116.00	117.00	117.00	117.00	117.00	117.00	113.00	111.00	111.00	116.00	130.00	130.00	129.00	129.00	128.00	130.00	131.00	132.00	133.00	133.00	133.00	131.00	130.00	129.00	130.00	130.00	130.00	130.00	130.00	130.00	130.00	131.00	132.00	134.00	135.00	133.00
145.00	147.00	149.00	149.00	146.00	150.00	152.00	153.00	154.00	154.00	156.00	156.00	156.00	155.00	154.00	147.00	145.00	145.00	143.00	133.00	125.00	125.00	132.00	138.00	141.00	141.00	144.00	145.00	140.00	134.00	129.00	126.00	124.00	123.00	125.00	126.00	127.00	135.00	142.00	146.00	148.00	148.00	147.00	146.00	145.00	144.00	140.00	144.00	143.00	142.00	143.00	142.00	144.00	144.00	146.00	143.00	145.00	152.00	153.00	153.00	157.00	159.00	159.00	153.00	160.00	161.00	155.00	146.00	146.00	148.00	147.00	145.00	144.00	141.00	141.00	141.00	140.00	141.00	137.00	137.00	141.00	144.00	142.00	142.00	140.00	140.00	142.00	133.00	130.00	131.00	133.00	137.00	135.00	133.00	131.00	130.00	134.00	128.00	127.00	129.00	123.00	121.00	121.00	121.00	121.00	120.00	123.00	123.00	123.00	133.00	132.00	130.00	127.00	125.00	133.00	130.00	125.00	122.00	115.00	117.00	126.00	125.00	120.00	124.00	126.00	123.00	122.00	122.00	118.00	116.00	116.00	129.00	124.00	121.00	118.00	116.00	118.00	121.00	122.00	124.00	117.00	116.00	116.00	117.00	118.00	116.00	116.00	117.00	125.00	118.00	116.00	120.00	120.00	115.00	115.00	115.00	115.00	115.00	115.00	115.00	115.00	115.00	115.00	118.00	119.00	126.00	127.00	122.00	117.00	116.00	115.00	116.00	124.00	128.00	128.00	128.00	117.00	117.00	116.00	115.00	115.00	117.00	124.00	135.00	138.00	129.00	125.00	122.00	120.00	116.00	118.00	120.00	122.00	121.00	117.00	118.00	118.00	119.00	119.00	119.00	121.00	125.00	128.00	126.00	124.00	124.00	121.00	121.00	121.00	121.00	127.00	131.00	132.00	131.00	129.00	127.00	125.00	122.00	119.00	117.00	116.00	117.00	117.00	117.00	117.00	117.00	113.00	111.00	111.00	116.00	130.00	130.00	129.00	129.00	128.00	130.00	131.00	132.00	133.00	133.00	133.00	131.00	130.00	129.00	130.00	130.00	130.00	130.00	130.00	130.00	130.00	131.00	132.00	134.00	135.00	133.00
148.00	147.00	146.00	144.00	143.00	144.00	144.00	144.00	144.00	144.00	147.00	147.00	148.00	150.00	152.00	154.00	153.00	136.00	133.00	127.00	134.00	142.00	147.00	148.00	146.00	144.00	142.00	141.00	136.00	135.00	135.00	134.00	134.00	130.00	128.00	124.00	111.00	126.00	133.00	138.00	142.00	144.00	146.00	147.00	148.00	149.00	149.00	148.00	147.00	146.00	146.00	147.00	143.00	144.00	145.00	142.00	144.00	148.00	149.00	149.00	152.00	153.00	155.00	151.00	156.00	163.00	164.00	160.00	150.00	146.00	150.00	152.00	150.00	149.00	147.00	141.00	135.00	136.00	135.00	139.00	141.00	143.00	144.00	142.00	141.00	139.00	136.00	137.00	135.00	135.00	134.00	137.00	136.00	136.00	136.00	134.00	140.00	142.00	141.00	142.00	138.00	135.00	134.00	133.00	132.00	126.00	126.00	125.00	127.00	124.00	128.00	132.00	129.00	124.00	129.00	130.00	132.00	137.00	127.00	122.00	125.00	130.00	127.00	124.00	128.00	126.00	124.00	125.00	121.00	120.00	118.00	124.00	125.00	124.00	122.00	119.00	123.00	126.00	122.00	120.00	116.00	120.00	116.00	116.00	116.00	116.00	116.00	117.00	124.00	122.00	121.00	123.00	120.00	115.00	115.00	115.00	115.00	115.00	115.00	115.00	116.00	115.00	113.00	114.00	115.00	115.00	118.00	115.00	115.00	115.00	115.00	115.00	115.00	117.00	125.00	119.00	115.00	115.00	115.00	115.00	115.00	115.00	115.00	120.00	117.00	116.00	116.00	116.00	116.00	116.00	117.00	124.00	128.00	121.00	118.00	127.00	126.00	122.00	118.00	119.00	122.00	126.00	127.00	126.00	127.00	125.00	121.00	121.00	128.00	129.00	129.00	129.00	129.00	130.00	130.00	128.00	127.00	129.00	127.00	124.00	120.00	115.00	114.00	114.00	114.00	114.00	114.00	114.00	118.00	123.00	129.00	130.00	130.00	130.00	130.00	128.00	129.00	129.00	130.00	131.00	131.00	131.00	132.00	132.00	132.00	132.00	130.00	130.00	130.00	130.00	131.00	131.00	132.00	131.00	130.00	130.00
148.00	147.00	146.00	144.00	143.00	144.00	144.00	144.00	144.00	144.00	147.00	147.00	148.00	150.00	152.00	154.00	153.00	136.00	133.00	127.00	134.00	142.00	147.00	148.00	146.00	144.00	142.00	141.00	136.00	135.00	135.00	134.00	134.00	130.00	128.00	124.00	111.00	126.00	133.00	138.00	142.00	144.00	146.00	147.00	148.00	149.00	149.00	148.00	147.00	146.00	146.00	147.00	143.00	144.00	145.00	142.00	144.00	148.00	149.00	149.00	152.00	153.00	155.00	151.00	156.00	163.00	164.00	160.00	150.00	146.00	150.00	152.00	150.00	149.00	147.00	141.00	135.00	136.00	135.00	139.00	141.00	143.00	144.00	142.00	141.00	139.00	136.00	137.00	135.00	135.00	134.00	137.00	136.00	136.00	136.00	134.00	140.00	142.00	141.00	142.00	138.00	135.00	134.00	133.00	132.00	126.00	126.00	125.00	127.00	124.00	128.00	132.00	129.00	124.00	129.00	130.00	132.00	137.00	127.00	122.00	125.00	130.00	127.00	124.00	128.00	126.00	124.00	125.00	121.00	120.00	118.00	124.00	125.00	124.00	122.00	119.00	123.00	126.00	122.00	120.00	116.00	120.00	116.00	116.00	116.00	116.00	116.00	117.00	124.00	122.00	121.00	123.00	120.00	115.00	115.00	115.00	115.00	115.00	115.00	115.00	116.00	115.00	113.00	114.00	115.00	115.00	118.00	115.00	115.00	115.00	115.00	115.00	115.00	117.00	125.00	119.00	115.00	115.00	115.00	115.00	115.00	115.00	115.00	120.00	117.00	116.00	116.00	116.00	116.00	116.00	117.00	124.00	128.00	121.00	118.00	127.00	126.00	122.00	118.00	119.00	122.00	126.00	127.00	126.00	127.00	125.00	121.00	121.00	128.00	129.00	129.00	129.00	129.00	130.00	130.00	128.00	127.00	129.00	127.00	124.00	120.00	115.00	114.00	114.00	114.00	114.00	114.00	114.00	118.00	123.00	129.00	130.00	130.00	130.00	130.00	128.00	129.00	129.00	130.00	131.00	131.00	131.00	132.00	132.00	132.00	132.00	130.00	130.00	130.00	130.00	131.00	131.00	132.00	131.00	130.00	130.00
141.00	140.00	143.00	144.00	149.00	149.00	148.00	147.00	145.00	144.00	142.00	140.00	138.00	137.00	134.00	141.00	141.00	127.00	125.00	140.00	155.00	159.00	162.00	160.00	151.00	150.00	150.00	147.00	141.00	136.00	133.00	131.00	131.00	133.00	133.00	130.00	111.00	118.00	129.00	137.00	142.00	145.00	152.00	151.00	151.00	150.00	151.00	150.00	147.00	144.00	145.00	144.00	146.00	146.00	143.00	145.00	145.00	145.00	145.00	147.00	150.00	152.00	153.00	154.00	157.00	157.00	159.00	162.00	158.00	156.00	152.00	149.00	146.00	147.00	150.00	148.00	146.00	148.00	147.00	149.00	149.00	148.00	149.00	149.00	151.00	150.00	147.00	141.00	139.00	142.00	139.00	128.00	129.00	133.00	138.00	140.00	149.00	152.00	152.00	146.00	139.00	134.00	131.00	132.00	132.00	126.00	123.00	123.00	124.00	121.00	124.00	130.00	132.00	131.00	129.00	129.00	130.00	134.00	135.00	129.00	126.00	128.00	128.00	128.00	133.00	133.00	128.00	131.00	127.00	126.00	129.00	125.00	125.00	121.00	122.00	125.00	122.00	123.00	121.00	121.00	119.00	116.00	116.00	116.00	116.00	116.00	118.00	122.00	122.00	120.00	120.00	120.00	119.00	115.00	115.00	115.00	115.00	115.00	115.00	115.00	127.00	126.00	121.00	120.00	116.00	114.00	115.00	115.00	115.00	115.00	115.00	115.00	115.00	115.00	115.00	115.00	115.00	115.00	115.00	115.00	115.00	119.00	119.00	116.00	116.00	116.00	116.00	116.00	116.00	116.00	116.00	116.00	116.00	116.00	116.00	125.00	125.00	128.00	127.00	126.00	127.00	125.00	125.00	124.00	127.00	129.00	128.00	130.00	131.00	130.00	130.00	129.00	129.00	128.00	122.00	120.00	122.00	129.00	131.00	130.00	127.00	119.00	116.00	115.00	115.00	114.00	114.00	118.00	123.00	127.00	132.00	131.00	131.00	131.00	132.00	135.00	134.00	132.00	130.00	130.00	130.00	132.00	133.00	133.00	130.00	133.00	133.00	132.00	125.00	124.00	125.00	126.00	126.00	127.00	130.00	131.00
143.00	140.00	138.00	139.00	146.00	147.00	146.00	147.00	146.00	145.00	138.00	134.00	132.00	134.00	137.00	140.00	138.00	131.00	125.00	127.00	136.00	145.00	149.00	150.00	152.00	152.00	152.00	148.00	147.00	144.00	139.00	135.00	131.00	129.00	130.00	129.00	112.00	111.00	117.00	137.00	142.00	143.00	144.00	146.00	148.00	149.00	147.00	148.00	153.00	155.00	151.00	142.00	140.00	142.00	143.00	145.00	147.00	142.00	144.00	145.00	147.00	151.00	152.00	154.00	155.00	153.00	157.00	164.00	165.00	161.00	156.00	153.00	153.00	151.00	151.00	150.00	148.00	150.00	151.00	153.00	155.00	158.00	152.00	151.00	150.00	151.00	150.00	145.00	146.00	147.00	145.00	146.00	141.00	140.00	143.00	143.00	147.00	151.00	151.00	148.00	142.00	135.00	130.00	130.00	130.00	130.00	130.00	128.00	130.00	125.00	125.00	124.00	129.00	130.00	127.00	127.00	128.00	133.00	137.00	129.00	127.00	126.00	130.00	129.00	128.00	130.00	126.00	123.00	121.00	123.00	126.00	129.00	130.00	130.00	128.00	127.00	124.00	123.00	127.00	128.00	121.00	118.00	116.00	116.00	119.00	125.00	131.00	134.00	132.00	121.00	120.00	120.00	115.00	115.00	117.00	124.00	116.00	115.00	115.00	124.00	128.00	126.00	123.00	123.00	122.00	119.00	115.00	115.00	115.00	115.00	115.00	115.00	115.00	115.00	115.00	115.00	115.00	115.00	115.00	117.00	121.00	130.00	118.00	116.00	116.00	116.00	116.00	116.00	116.00	118.00	110.00	109.00	113.00	115.00	121.00	123.00	120.00	122.00	126.00	125.00	122.00	121.00	121.00	123.00	123.00	125.00	128.00	130.00	132.00	131.00	129.00	129.00	125.00	125.00	125.00	124.00	124.00	126.00	127.00	125.00	121.00	115.00	114.00	115.00	116.00	117.00	118.00	118.00	122.00	127.00	134.00	134.00	134.00	133.00	134.00	136.00	136.00	136.00	135.00	136.00	137.00	136.00	136.00	135.00	131.00	131.00	129.00	127.00	125.00	125.00	125.00	125.00	125.00	125.00	126.00	129.00
143.00	140.00	138.00	139.00	146.00	147.00	146.00	147.00	146.00	145.00	138.00	134.00	132.00	134.00	137.00	140.00	138.00	131.00	125.00	127.00	136.00	145.00	149.00	150.00	152.00	152.00	152.00	148.00	147.00	144.00	139.00	135.00	131.00	129.00	130.00	129.00	112.00	111.00	117.00	137.00	142.00	143.00	144.00	146.00	148.00	149.00	147.00	148.00	153.00	155.00	151.00	142.00	140.00	142.00	143.00	145.00	147.00	142.00	144.00	145.00	147.00	151.00	152.00	154.00	155.00	153.00	157.00	164.00	165.00	161.00	156.00	153.00	153.00	151.00	151.00	150.00	148.00	150.00	151.00	153.00	155.00	158.00	152.00	151.00	150.00	151.00	150.00	145.00	146.00	147.00	145.00	146.00	141.00	140.00	143.00	143.00	147.00	151.00	151.00	148.00	142.00	135.00	130.00	130.00	130.00	130.00	130.00	128.00	130.00	125.00	125.00	124.00	129.00	130.00	127.00	127.00	128.00	133.00	137.00	129.00	127.00	126.00	130.00	129.00	128.00	130.00	126.00	123.00	121.00	123.00	126.00	129.00	130.00	130.00	128.00	127.00	124.00	123.00	127.00	128.00	121.00	118.00	116.00	116.00	119.00	125.00	131.00	134.00	132.00	121.00	120.00	120.00	115.00	115.00	117.00	124.00	116.00	115.00	115.00	124.00	128.00	126.00	123.00	123.00	122.00	119.00	115.00	115.00	115.00	115.00	115.00	115.00	115.00	115.00	115.00	115.00	115.00	115.00	115.00	117.00	121.00	130.00	118.00	116.00	116.00	116.00	116.00	116.00	116.00	118.00	110.00	109.00	113.00	115.00	121.00	123.00	120.00	122.00	126.00	125.00	122.00	121.00	121.00	123.00	123.00	125.00	128.00	130.00	132.00	131.00	129.00	129.00	125.00	125.00	125.00	124.00	124.00	126.00	127.00	125.00	121.00	115.00	114.00	115.00	116.00	117.00	118.00	118.00	122.00	127.00	134.00	134.00	134.00	133.00	134.00	136.00	136.00	136.00	135.00	136.00	137.00	136.00	136.00	135.00	131.00	131.00	129.00	127.00	125.00	125.00	125.00	125.00	125.00	125.00	126.00	129.00
143.00	140.00	138.00	139.00	146.00	147.00	146.00	147.00	146.00	145.00	138.00	134.00	132.00	134.00	137.00	140.00	138.00	131.00	125.00	127.00	136.00	145.00	149.00	150.00	152.00	152.00	152.00	148.00	147.00	144.00	139.00	135.00	131.00	129.00	130.00	129.00	112.00	111.00	117.00	137.00	142.00	143.00	144.00	146.00	148.00	149.00	147.00	148.00	153.00	155.00	151.00	142.00	140.00	142.00	143.00	145.00	147.00	142.00	144.00	145.00	147.00	151.00	152.00	154.00	155.00	153.00	157.00	164.00	165.00	161.00	156.00	153.00	153.00	151.00	151.00	150.00	148.00	150.00	151.00	153.00	155.00	158.00	152.00	151.00	150.00	151.00	150.00	145.00	146.00	147.00	145.00	146.00	141.00	140.00	143.00	143.00	147.00	151.00	151.00	148.00	142.00	135.00	130.00	130.00	130.00	130.00	130.00	128.00	130.00	125.00	125.00	124.00	129.00	130.00	127.00	127.00	128.00	133.00	137.00	129.00	127.00	126.00	130.00	129.00	128.00	130.00	126.00	123.00	121.00	123.00	126.00	129.00	130.00	130.00	128.00	127.00	124.00	123.00	127.00	128.00	121.00	118.00	116.00	116.00	119.00	125.00	131.00	134.00	132.00	121.00	120.00	120.00	115.00	115.00	117.00	124.00	116.00	115.00	115.00	124.00	128.00	126.00	123.00	123.00	122.00	119.00	115.00	115.00	115.00	115.00	115.00	115.00	115.00	115.00	115.00	115.00	115.00	115.00	115.00	117.00	121.00	130.00	118.00	116.00	116.00	116.00	116.00	116.00	116.00	118.00	110.00	109.00	113.00	115.00	121.00	123.00	120.00	122.00	126.00	125.00	122.00	121.00	121.00	123.00	123.00	125.00	128.00	130.00	132.00	131.00	129.00	129.00	125.00	125.00	125.00	124.00	124.00	126.00	127.00	125.00	121.00	115.00	114.00	115.00	116.00	117.00	118.00	118.00	122.00	127.00	134.00	134.00	134.00	133.00	134.00	136.00	136.00	136.00	135.00	136.00	137.00	136.00	136.00	135.00	131.00	131.00	129.00	127.00	125.00	125.00	125.00	125.00	125.00	125.00	126.00	129.00
146.00	145.00	143.00	139.00	138.00	143.00	143.00	140.00	138.00	135.00	136.00	135.00	136.00	136.00	137.00	140.00	141.00	140.00	136.00	125.00	130.00	139.00	142.00	142.00	142.00	143.00	144.00	143.00	146.00	146.00	145.00	139.00	134.00	130.00	130.00	130.00	114.00	113.00	132.00	145.00	150.00	153.00	154.00	151.00	150.00	149.00	146.00	145.00	146.00	148.00	145.00	132.00	129.00	129.00	139.00	144.00	143.00	147.00	145.00	146.00	155.00	159.00	161.00	160.00	160.00	164.00	165.00	164.00	165.00	163.00	161.00	159.00	159.00	153.00	150.00	150.00	151.00	155.00	163.00	167.00	168.00	170.00	169.00	164.00	162.00	163.00	166.00	160.00	154.00	155.00	155.00	150.00	147.00	148.00	146.00	144.00	146.00	146.00	145.00	140.00	137.00	135.00	131.00	131.00	137.00	132.00	129.00	128.00	129.00	131.00	129.00	128.00	131.00	130.00	126.00	129.00	130.00	130.00	134.00	130.00	132.00	126.00	129.00	131.00	128.00	130.00	130.00	128.00	131.00	130.00	128.00	128.00	128.00	128.00	128.00	129.00	127.00	127.00	127.00	126.00	123.00	125.00	125.00	123.00	120.00	116.00	120.00	117.00	115.00	115.00	115.00	115.00	115.00	115.00	136.00	126.00	115.00	115.00	115.00	121.00	117.00	119.00	118.00	115.00	115.00	115.00	115.00	115.00	116.00	117.00	117.00	116.00	119.00	122.00	120.00	117.00	115.00	115.00	116.00	118.00	120.00	123.00	120.00	118.00	116.00	117.00	119.00	122.00	123.00	125.00	128.00	128.00	124.00	122.00	124.00	121.00	125.00	127.00	122.00	120.00	121.00	121.00	120.00	120.00	119.00	122.00	126.00	128.00	130.00	129.00	131.00	129.00	125.00	124.00	128.00	128.00	127.00	125.00	125.00	123.00	119.00	113.00	113.00	112.00	111.00	112.00	113.00	116.00	123.00	129.00	134.00	133.00	131.00	129.00	131.00	135.00	134.00	134.00	134.00	130.00	131.00	133.00	133.00	134.00	136.00	136.00	126.00	125.00	125.00	125.00	125.00	125.00	125.00	125.00	127.00	133.00
152.00	156.00	155.00	153.00	149.00	147.00	136.00	133.00	133.00	137.00	141.00	141.00	140.00	137.00	136.00	131.00	129.00	126.00	125.00	135.00	144.00	148.00	148.00	148.00	145.00	141.00	138.00	135.00	135.00	135.00	135.00	136.00	137.00	136.00	136.00	133.00	125.00	114.00	121.00	136.00	144.00	151.00	164.00	165.00	160.00	147.00	143.00	142.00	143.00	133.00	125.00	125.00	125.00	125.00	130.00	144.00	146.00	152.00	154.00	155.00	160.00	164.00	166.00	168.00	172.00	176.00	180.00	182.00	179.00	169.00	164.00	163.00	165.00	163.00	160.00	159.00	159.00	160.00	172.00	180.00	187.00	190.00	192.00	194.00	190.00	180.00	171.00	165.00	158.00	154.00	154.00	155.00	156.00	152.00	148.00	146.00	145.00	145.00	148.00	142.00	137.00	136.00	133.00	134.00	135.00	132.00	134.00	133.00	133.00	133.00	134.00	133.00	132.00	134.00	137.00	136.00	132.00	132.00	129.00	131.00	134.00	133.00	134.00	129.00	134.00	137.00	135.00	134.00	131.00	129.00	129.00	132.00	132.00	129.00	129.00	134.00	133.00	133.00	133.00	132.00	131.00	129.00	131.00	133.00	133.00	125.00	122.00	119.00	118.00	122.00	122.00	117.00	115.00	115.00	119.00	115.00	115.00	115.00	115.00	115.00	115.00	115.00	115.00	115.00	115.00	115.00	115.00	115.00	119.00	120.00	120.00	121.00	122.00	118.00	120.00	121.00	118.00	118.00	116.00	117.00	123.00	124.00	123.00	128.00	123.00	123.00	126.00	126.00	125.00	120.00	123.00	123.00	125.00	127.00	124.00	127.00	128.00	123.00	120.00	124.00	123.00	121.00	121.00	124.00	121.00	121.00	122.00	123.00	118.00	120.00	128.00	132.00	127.00	120.00	122.00	123.00	121.00	122.00	125.00	125.00	123.00	118.00	117.00	117.00	115.00	114.00	111.00	113.00	121.00	129.00	131.00	130.00	129.00	131.00	133.00	137.00	137.00	136.00	134.00	127.00	125.00	126.00	128.00	130.00	134.00	132.00	125.00	125.00	125.00	125.00	125.00	125.00	125.00	125.00	129.00	133.00
152.00	156.00	155.00	153.00	149.00	147.00	136.00	133.00	133.00	137.00	141.00	141.00	140.00	137.00	136.00	131.00	129.00	126.00	125.00	135.00	144.00	148.00	148.00	148.00	145.00	141.00	138.00	135.00	135.00	135.00	135.00	136.00	137.00	136.00	136.00	133.00	125.00	114.00	121.00	136.00	144.00	151.00	164.00	165.00	160.00	147.00	143.00	142.00	143.00	133.00	125.00	125.00	125.00	125.00	130.00	144.00	146.00	152.00	154.00	155.00	160.00	164.00	166.00	168.00	172.00	176.00	180.00	182.00	179.00	169.00	164.00	163.00	165.00	163.00	160.00	159.00	159.00	160.00	172.00	180.00	187.00	190.00	192.00	194.00	190.00	180.00	171.00	165.00	158.00	154.00	154.00	155.00	156.00	152.00	148.00	146.00	145.00	145.00	148.00	142.00	137.00	136.00	133.00	134.00	135.00	132.00	134.00	133.00	133.00	133.00	134.00	133.00	132.00	134.00	137.00	136.00	132.00	132.00	129.00	131.00	134.00	133.00	134.00	129.00	134.00	137.00	135.00	134.00	131.00	129.00	129.00	132.00	132.00	129.00	129.00	134.00	133.00	133.00	133.00	132.00	131.00	129.00	131.00	133.00	133.00	125.00	122.00	119.00	118.00	122.00	122.00	117.00	115.00	115.00	119.00	115.00	115.00	115.00	115.00	115.00	115.00	115.00	115.00	115.00	115.00	115.00	115.00	115.00	119.00	120.00	120.00	121.00	122.00	118.00	120.00	121.00	118.00	118.00	116.00	117.00	123.00	124.00	123.00	128.00	123.00	123.00	126.00	126.00	125.00	120.00	123.00	123.00	125.00	127.00	124.00	127.00	128.00	123.00	120.00	124.00	123.00	121.00	121.00	124.00	121.00	121.00	122.00	123.00	118.00	120.00	128.00	132.00	127.00	120.00	122.00	123.00	121.00	122.00	125.00	125.00	123.00	118.00	117.00	117.00	115.00	114.00	111.00	113.00	121.00	129.00	131.00	130.00	129.00	131.00	133.00	137.00	137.00	136.00	134.00	127.00	125.00	126.00	128.00	130.00	134.00	132.00	125.00	125.00	125.00	125.00	125.00	125.00	125.00	125.00	129.00	133.00
162.00	158.00	156.00	153.00	150.00	143.00	147.00	149.00	149.00	148.00	147.00	148.00	145.00	142.00	136.00	125.00	129.00	135.00	140.00	142.00	144.00	145.00	146.00	145.00	141.00	139.00	140.00	139.00	133.00	131.00	129.00	128.00	127.00	127.00	129.00	130.00	132.00	137.00	140.00	144.00	146.00	149.00	153.00	154.00	149.00	140.00	142.00	141.00	141.00	137.00	126.00	125.00	126.00	130.00	138.00	145.00	146.00	151.00	152.00	152.00	156.00	160.00	164.00	166.00	169.00	171.00	176.00	181.00	183.00	181.00	180.00	180.00	179.00	182.00	180.00	174.00	171.00	170.00	182.00	191.00	200.00	205.00	211.00	209.00	198.00	189.00	183.00	172.00	167.00	158.00	156.00	153.00	152.00	149.00	147.00	146.00	147.00	147.00	146.00	140.00	139.00	137.00	137.00	138.00	138.00	138.00	140.00	139.00	140.00	134.00	137.00	138.00	138.00	138.00	129.00	127.00	129.00	130.00	129.00	131.00	129.00	131.00	136.00	140.00	139.00	137.00	135.00	142.00	143.00	141.00	140.00	130.00	133.00	136.00	136.00	136.00	134.00	136.00	136.00	134.00	134.00	135.00	135.00	135.00	134.00	135.00	135.00	133.00	127.00	128.00	128.00	125.00	121.00	122.00	121.00	120.00	118.00	114.00	114.00	115.00	115.00	115.00	115.00	115.00	115.00	115.00	116.00	120.00	119.00	119.00	122.00	126.00	126.00	130.00	130.00	127.00	123.00	124.00	124.00	124.00	125.00	124.00	125.00	133.00	132.00	127.00	126.00	125.00	126.00	123.00	124.00	125.00	126.00	130.00	133.00	134.00	129.00	125.00	122.00	123.00	124.00	125.00	130.00	130.00	124.00	125.00	126.00	126.00	120.00	120.00	120.00	122.00	123.00	122.00	120.00	123.00	124.00	123.00	123.00	124.00	125.00	122.00	120.00	120.00	120.00	117.00	117.00	116.00	119.00	126.00	134.00	132.00	129.00	132.00	137.00	135.00	134.00	134.00	133.00	130.00	125.00	125.00	125.00	125.00	136.00	134.00	125.00	125.00	125.00	125.00	125.00	125.00	125.00	129.00	135.00	138.00
162.00	158.00	156.00	153.00	150.00	143.00	147.00	149.00	149.00	148.00	147.00	148.00	145.00	142.00	136.00	125.00	129.00	135.00	140.00	142.00	144.00	145.00	146.00	145.00	141.00	139.00	140.00	139.00	133.00	131.00	129.00	128.00	127.00	127.00	129.00	130.00	132.00	137.00	140.00	144.00	146.00	149.00	153.00	154.00	149.00	140.00	142.00	141.00	141.00	137.00	126.00	125.00	126.00	130.00	138.00	145.00	146.00	151.00	152.00	152.00	156.00	160.00	164.00	166.00	169.00	171.00	176.00	181.00	183.00	181.00	180.00	180.00	179.00	182.00	180.00	174.00	171.00	170.00	182.00	191.00	200.00	205.00	211.00	209.00	198.00	189.00	183.00	172.00	167.00	158.00	156.00	153.00	152.00	149.00	147.00	146.00	147.00	147.00	146.00	140.00	139.00	137.00	137.00	138.00	138.00	138.00	140.00	139.00	140.00	134.00	137.00	138.00	138.00	138.00	129.00	127.00	129.00	130.00	129.00	131.00	129.00	131.00	136.00	140.00	139.00	137.00	135.00	142.00	143.00	141.00	140.00	130.00	133.00	136.00	136.00	136.00	134.00	136.00	136.00	134.00	134.00	135.00	135.00	135.00	134.00	135.00	135.00	133.00	127.00	128.00	128.00	125.00	121.00	122.00	121.00	120.00	118.00	114.00	114.00	115.00	115.00	115.00	115.00	115.00	115.00	115.00	116.00	120.00	119.00	119.00	122.00	126.00	126.00	130.00	130.00	127.00	123.00	124.00	124.00	124.00	125.00	124.00	125.00	133.00	132.00	127.00	126.00	125.00	126.00	123.00	124.00	125.00	126.00	130.00	133.00	134.00	129.00	125.00	122.00	123.00	124.00	125.00	130.00	130.00	124.00	125.00	126.00	126.00	120.00	120.00	120.00	122.00	123.00	122.00	120.00	123.00	124.00	123.00	123.00	124.00	125.00	122.00	120.00	120.00	120.00	117.00	117.00	116.00	119.00	126.00	134.00	132.00	129.00	132.00	137.00	135.00	134.00	134.00	133.00	130.00	125.00	125.00	125.00	125.00	136.00	134.00	125.00	125.00	125.00	125.00	125.00	125.00	125.00	129.00	135.00	138.00
161.00	163.00	164.00	162.00	156.00	149.00	158.00	155.00	151.00	151.00	152.00	149.00	146.00	143.00	134.00	128.00	137.00	144.00	145.00	145.00	143.00	141.00	140.00	140.00	138.00	138.00	139.00	138.00	133.00	130.00	127.00	125.00	124.00	124.00	125.00	124.00	124.00	126.00	131.00	138.00	146.00	152.00	152.00	150.00	143.00	139.00	142.00	141.00	143.00	142.00	140.00	138.00	142.00	143.00	144.00	147.00	148.00	152.00	153.00	154.00	157.00	158.00	159.00	160.00	165.00	167.00	172.00	175.00	176.00	181.00	183.00	182.00	179.00	183.00	183.00	182.00	183.00	185.00	199.00	203.00	205.00	207.00	207.00	203.00	195.00	188.00	180.00	172.00	167.00	157.00	152.00	150.00	149.00	147.00	146.00	145.00	142.00	140.00	139.00	139.00	143.00	139.00	140.00	140.00	138.00	138.00	138.00	138.00	138.00	138.00	138.00	138.00	139.00	140.00	135.00	134.00	133.00	129.00	132.00	134.00	130.00	133.00	132.00	142.00	144.00	141.00	138.00	137.00	143.00	146.00	143.00	139.00	138.00	137.00	134.00	136.00	137.00	136.00	138.00	139.00	136.00	139.00	141.00	139.00	138.00	137.00	138.00	135.00	132.00	134.00	129.00	128.00	127.00	129.00	128.00	128.00	128.00	129.00	127.00	121.00	119.00	117.00	114.00	120.00	121.00	122.00	125.00	128.00	128.00	126.00	126.00	125.00	129.00	127.00	126.00	126.00	126.00	127.00	128.00	123.00	124.00	122.00	127.00	124.00	128.00	121.00	122.00	123.00	126.00	133.00	125.00	124.00	123.00	125.00	129.00	131.00	129.00	129.00	130.00	132.00	128.00	127.00	129.00	132.00	125.00	128.00	133.00	127.00	121.00	120.00	119.00	119.00	121.00	118.00	121.00	129.00	130.00	124.00	126.00	128.00	127.00	121.00	119.00	119.00	119.00	114.00	116.00	120.00	125.00	129.00	134.00	134.00	133.00	132.00	135.00	139.00	136.00	135.00	134.00	126.00	125.00	125.00	125.00	125.00	136.00	130.00	125.00	125.00	125.00	125.00	125.00	125.00	126.00	133.00	136.00	137.00
164.00	161.00	158.00	153.00	148.00	156.00	160.00	155.00	151.00	150.00	150.00	151.00	152.00	152.00	151.00	125.00	130.00	144.00	147.00	150.00	150.00	149.00	147.00	143.00	136.00	140.00	144.00	143.00	135.00	132.00	131.00	129.00	126.00	123.00	123.00	122.00	130.00	138.00	140.00	140.00	141.00	142.00	142.00	140.00	139.00	139.00	142.00	142.00	141.00	142.00	143.00	147.00	146.00	148.00	149.00	151.00	150.00	153.00	158.00	159.00	156.00	158.00	158.00	160.00	166.00	170.00	175.00	175.00	171.00	174.00	176.00	176.00	176.00	183.00	181.00	179.00	184.00	194.00	202.00	202.00	203.00	205.00	203.00	198.00	186.00	177.00	173.00	168.00	168.00	160.00	156.00	152.00	149.00	150.00	151.00	148.00	145.00	142.00	140.00	138.00	144.00	144.00	141.00	141.00	142.00	142.00	140.00	141.00	142.00	139.00	139.00	141.00	140.00	138.00	139.00	136.00	133.00	133.00	134.00	132.00	136.00	136.00	135.00	140.00	143.00	141.00	139.00	137.00	141.00	146.00	145.00	143.00	139.00	140.00	139.00	137.00	142.00	139.00	138.00	140.00	141.00	138.00	140.00	142.00	143.00	143.00	140.00	136.00	138.00	143.00	144.00	144.00	141.00	140.00	141.00	139.00	137.00	134.00	134.00	129.00	126.00	129.00	134.00	127.00	128.00	127.00	127.00	133.00	134.00	129.00	127.00	124.00	126.00	125.00	124.00	124.00	124.00	125.00	127.00	126.00	124.00	126.00	125.00	124.00	126.00	124.00	125.00	126.00	128.00	130.00	132.00	134.00	133.00	132.00	129.00	130.00	129.00	132.00	131.00	127.00	126.00	126.00	127.00	131.00	125.00	126.00	124.00	123.00	122.00	123.00	125.00	127.00	129.00	132.00	128.00	130.00	131.00	128.00	127.00	126.00	126.00	119.00	120.00	121.00	118.00	110.00	117.00	123.00	128.00	133.00	130.00	131.00	133.00	136.00	138.00	139.00	138.00	138.00	138.00	125.00	125.00	125.00	125.00	125.00	134.00	126.00	125.00	125.00	125.00	125.00	125.00	129.00	137.00	138.00	137.00	136.00
164.00	161.00	158.00	153.00	148.00	156.00	160.00	155.00	151.00	150.00	150.00	151.00	152.00	152.00	151.00	125.00	130.00	144.00	147.00	150.00	150.00	149.00	147.00	143.00	136.00	140.00	144.00	143.00	135.00	132.00	131.00	129.00	126.00	123.00	123.00	122.00	130.00	138.00	140.00	140.00	141.00	142.00	142.00	140.00	139.00	139.00	142.00	142.00	141.00	142.00	143.00	147.00	146.00	148.00	149.00	151.00	150.00	153.00	158.00	159.00	156.00	158.00	158.00	160.00	166.00	170.00	175.00	175.00	171.00	174.00	176.00	176.00	176.00	183.00	181.00	179.00	184.00	194.00	202.00	202.00	203.00	205.00	203.00	198.00	186.00	177.00	173.00	168.00	168.00	160.00	156.00	152.00	149.00	150.00	151.00	148.00	145.00	142.00	140.00	138.00	144.00	144.00	141.00	141.00	142.00	142.00	140.00	141.00	142.00	139.00	139.00	141.00	140.00	138.00	139.00	136.00	133.00	133.00	134.00	132.00	136.00	136.00	135.00	140.00	143.00	141.00	139.00	137.00	141.00	146.00	145.00	143.00	139.00	140.00	139.00	137.00	142.00	139.00	138.00	140.00	141.00	138.00	140.00	142.00	143.00	143.00	140.00	136.00	138.00	143.00	144.00	144.00	141.00	140.00	141.00	139.00	137.00	134.00	134.00	129.00	126.00	129.00	134.00	127.00	128.00	127.00	127.00	133.00	134.00	129.00	127.00	124.00	126.00	125.00	124.00	124.00	124.00	125.00	127.00	126.00	124.00	126.00	125.00	124.00	126.00	124.00	125.00	126.00	128.00	130.00	132.00	134.00	133.00	132.00	129.00	130.00	129.00	132.00	131.00	127.00	126.00	126.00	127.00	131.00	125.00	126.00	124.00	123.00	122.00	123.00	125.00	127.00	129.00	132.00	128.00	130.00	131.00	128.00	127.00	126.00	126.00	119.00	120.00	121.00	118.00	110.00	117.00	123.00	128.00	133.00	130.00	131.00	133.00	136.00	138.00	139.00	138.00	138.00	138.00	125.00	125.00	125.00	125.00	125.00	134.00	126.00	125.00	125.00	125.00	125.00	125.00	129.00	137.00	138.00	137.00	136.00
164.00	159.00	152.00	148.00	150.00	162.00	159.00	155.00	149.00	147.00	144.00	145.00	150.00	152.00	154.00	125.00	125.00	137.00	147.00	158.00	161.00	160.00	158.00	153.00	154.00	160.00	161.00	160.00	151.00	143.00	137.00	133.00	130.00	126.00	124.00	124.00	126.00	131.00	134.00	138.00	141.00	143.00	141.00	137.00	134.00	136.00	145.00	147.00	146.00	144.00	145.00	146.00	146.00	150.00	152.00	160.00	159.00	155.00	157.00	159.00	161.00	161.00	163.00	165.00	168.00	170.00	170.00	168.00	173.00	180.00	177.00	176.00	177.00	185.00	183.00	180.00	183.00	188.00	195.00	198.00	198.00	195.00	188.00	185.00	180.00	175.00	173.00	166.00	164.00	161.00	157.00	154.00	152.00	152.00	152.00	149.00	146.00	145.00	145.00	142.00	143.00	141.00	142.00	149.00	152.00	143.00	142.00	143.00	142.00	140.00	141.00	144.00	143.00	139.00	136.00	136.00	137.00	139.00	142.00	138.00	135.00	133.00	134.00	143.00	147.00	143.00	139.00	141.00	143.00	145.00	145.00	142.00	142.00	144.00	144.00	144.00	143.00	142.00	140.00	141.00	146.00	147.00	144.00	141.00	142.00	146.00	150.00	151.00	151.00	154.00	152.00	151.00	152.00	149.00	139.00	136.00	136.00	135.00	136.00	139.00	138.00	142.00	142.00	130.00	127.00	125.00	128.00	129.00	128.00	128.00	129.00	129.00	126.00	128.00	130.00	126.00	124.00	126.00	126.00	125.00	126.00	133.00	132.00	129.00	127.00	125.00	126.00	127.00	127.00	130.00	134.00	136.00	138.00	138.00	129.00	132.00	132.00	131.00	134.00	130.00	130.00	132.00	138.00	135.00	132.00	131.00	133.00	132.00	127.00	132.00	131.00	131.00	134.00	135.00	133.00	134.00	135.00	134.00	129.00	124.00	126.00	120.00	120.00	117.00	116.00	111.00	120.00	125.00	129.00	134.00	133.00	131.00	134.00	141.00	143.00	137.00	137.00	137.00	138.00	129.00	125.00	125.00	125.00	128.00	141.00	134.00	125.00	125.00	125.00	125.00	126.00	131.00	136.00	142.00	143.00	142.00
150.00	149.00	156.00	162.00	165.00	166.00	160.00	155.00	153.00	150.00	148.00	150.00	151.00	153.00	153.00	135.00	125.00	133.00	148.00	165.00	168.00	169.00	168.00	158.00	154.00	162.00	168.00	169.00	167.00	162.00	152.00	141.00	132.00	123.00	122.00	122.00	126.00	133.00	135.00	138.00	140.00	140.00	137.00	142.00	143.00	142.00	143.00	145.00	146.00	145.00	146.00	147.00	147.00	150.00	152.00	156.00	158.00	161.00	159.00	159.00	159.00	157.00	159.00	161.00	164.00	166.00	168.00	170.00	169.00	180.00	179.00	177.00	179.00	183.00	184.00	183.00	181.00	181.00	186.00	190.00	193.00	193.00	188.00	181.00	176.00	172.00	170.00	169.00	166.00	161.00	161.00	157.00	154.00	155.00	155.00	153.00	151.00	147.00	145.00	149.00	151.00	149.00	148.00	147.00	148.00	150.00	148.00	146.00	145.00	144.00	143.00	142.00	140.00	138.00	141.00	143.00	143.00	144.00	146.00	145.00	138.00	141.00	144.00	150.00	149.00	145.00	143.00	145.00	145.00	146.00	145.00	144.00	146.00	147.00	146.00	144.00	145.00	144.00	144.00	147.00	151.00	150.00	147.00	148.00	151.00	160.00	164.00	159.00	152.00	145.00	148.00	147.00	142.00	140.00	143.00	142.00	139.00	138.00	143.00	141.00	137.00	140.00	135.00	126.00	125.00	125.00	128.00	129.00	131.00	134.00	134.00	131.00	126.00	130.00	132.00	130.00	128.00	125.00	127.00	128.00	128.00	130.00	130.00	127.00	128.00	128.00	130.00	131.00	134.00	139.00	141.00	144.00	142.00	139.00	134.00	135.00	139.00	142.00	143.00	135.00	138.00	140.00	138.00	136.00	129.00	131.00	133.00	135.00	133.00	135.00	135.00	136.00	132.00	134.00	135.00	131.00	126.00	126.00	123.00	121.00	125.00	123.00	125.00	126.00	126.00	115.00	121.00	125.00	127.00	132.00	137.00	142.00	147.00	147.00	145.00	143.00	144.00	141.00	138.00	130.00	127.00	128.00	133.00	142.00	142.00	135.00	125.00	125.00	125.00	125.00	132.00	139.00	142.00	141.00	142.00	144.00
150.00	149.00	156.00	162.00	165.00	166.00	160.00	155.00	153.00	150.00	148.00	150.00	151.00	153.00	153.00	135.00	125.00	133.00	148.00	165.00	168.00	169.00	168.00	158.00	154.00	162.00	168.00	169.00	167.00	162.00	152.00	141.00	132.00	123.00	122.00	122.00	126.00	133.00	135.00	138.00	140.00	140.00	137.00	142.00	143.00	142.00	143.00	145.00	146.00	145.00	146.00	147.00	147.00	150.00	152.00	156.00	158.00	161.00	159.00	159.00	159.00	157.00	159.00	161.00	164.00	166.00	168.00	170.00	169.00	180.00	179.00	177.00	179.00	183.00	184.00	183.00	181.00	181.00	186.00	190.00	193.00	193.00	188.00	181.00	176.00	172.00	170.00	169.00	166.00	161.00	161.00	157.00	154.00	155.00	155.00	153.00	151.00	147.00	145.00	149.00	151.00	149.00	148.00	147.00	148.00	150.00	148.00	146.00	145.00	144.00	143.00	142.00	140.00	138.00	141.00	143.00	143.00	144.00	146.00	145.00	138.00	141.00	144.00	150.00	149.00	145.00	143.00	145.00	145.00	146.00	145.00	144.00	146.00	147.00	146.00	144.00	145.00	144.00	144.00	147.00	151.00	150.00	147.00	148.00	151.00	160.00	164.00	159.00	152.00	145.00	148.00	147.00	142.00	140.00	143.00	142.00	139.00	138.00	143.00	141.00	137.00	140.00	135.00	126.00	125.00	125.00	128.00	129.00	131.00	134.00	134.00	131.00	126.00	130.00	132.00	130.00	128.00	125.00	127.00	128.00	128.00	130.00	130.00	127.00	128.00	128.00	130.00	131.00	134.00	139.00	141.00	144.00	142.00	139.00	134.00	135.00	139.00	142.00	143.00	135.00	138.00	140.00	138.00	136.00	129.00	131.00	133.00	135.00	133.00	135.00	135.00	136.00	132.00	134.00	135.00	131.00	126.00	126.00	123.00	121.00	125.00	123.00	125.00	126.00	126.00	115.00	121.00	125.00	127.00	132.00	137.00	142.00	147.00	147.00	145.00	143.00	144.00	141.00	138.00	130.00	127.00	128.00	133.00	142.00	142.00	135.00	125.00	125.00	125.00	125.00	132.00	139.00	142.00	141.00	142.00	144.00
150.00	152.00	162.00	169.00	170.00	159.00	152.00	152.00	151.00	153.00	153.00	152.00	152.00	152.00	152.00	149.00	130.00	125.00	134.00	158.00	160.00	160.00	162.00	161.00	154.00	162.00	172.00	174.00	172.00	173.00	166.00	153.00	141.00	129.00	125.00	123.00	125.00	143.00	154.00	161.00	160.00	155.00	132.00	134.00	137.00	139.00	149.00	148.00	148.00	146.00	144.00	147.00	151.00	154.00	153.00	157.00	159.00	161.00	161.00	159.00	159.00	161.00	162.00	161.00	164.00	166.00	167.00	167.00	165.00	171.00	173.00	179.00	187.00	183.00	182.00	183.00	186.00	185.00	186.00	189.00	191.00	192.00	181.00	175.00	174.00	177.00	175.00	169.00	170.00	166.00	162.00	161.00	159.00	154.00	151.00	150.00	155.00	153.00	149.00	151.00	152.00	154.00	153.00	147.00	142.00	147.00	149.00	147.00	146.00	145.00	144.00	141.00	137.00	136.00	145.00	147.00	148.00	145.00	139.00	140.00	144.00	144.00	144.00	151.00	150.00	149.00	148.00	146.00	148.00	145.00	143.00	148.00	148.00	148.00	148.00	152.00	152.00	154.00	153.00	152.00	148.00	149.00	148.00	148.00	148.00	153.00	151.00	148.00	146.00	140.00	141.00	141.00	143.00	141.00	145.00	142.00	136.00	133.00	137.00	136.00	134.00	134.00	127.00	125.00	126.00	125.00	126.00	127.00	129.00	130.00	130.00	128.00	124.00	130.00	134.00	134.00	132.00	131.00	128.00	129.00	133.00	133.00	130.00	133.00	133.00	137.00	139.00	136.00	135.00	138.00	139.00	141.00	143.00	144.00	140.00	140.00	142.00	143.00	145.00	135.00	132.00	133.00	133.00	137.00	130.00	126.00	125.00	126.00	134.00	139.00	141.00	144.00	140.00	139.00	132.00	128.00	129.00	136.00	137.00	135.00	131.00	118.00	121.00	123.00	121.00	123.00	125.00	126.00	130.00	134.00	138.00	145.00	148.00	143.00	137.00	134.00	137.00	135.00	131.00	138.00	140.00	139.00	133.00	135.00	131.00	129.00	125.00	125.00	126.00	131.00	137.00	141.00	143.00	145.00	145.00	145.00
150.00	152.00	162.00	169.00	170.00	159.00	152.00	152.00	151.00	153.00	153.00	152.00	152.00	152.00	152.00	149.00	130.00	125.00	134.00	158.00	160.00	160.00	162.00	161.00	154.00	162.00	172.00	174.00	172.00	173.00	166.00	153.00	141.00	129.00	125.00	123.00	125.00	143.00	154.00	161.00	160.00	155.00	132.00	134.00	137.00	139.00	149.00	148.00	148.00	146.00	144.00	147.00	151.00	154.00	153.00	157.00	159.00	161.00	161.00	159.00	159.00	161.00	162.00	161.00	164.00	166.00	167.00	167.00	165.00	171.00	173.00	179.00	187.00	183.00	182.00	183.00	186.00	185.00	186.00	189.00	191.00	192.00	181.00	175.00	174.00	177.00	175.00	169.00	170.00	166.00	162.00	161.00	159.00	154.00	151.00	150.00	155.00	153.00	149.00	151.00	152.00	154.00	153.00	147.00	142.00	147.00	149.00	147.00	146.00	145.00	144.00	141.00	137.00	136.00	145.00	147.00	148.00	145.00	139.00	140.00	144.00	144.00	144.00	151.00	150.00	149.00	148.00	146.00	148.00	145.00	143.00	148.00	148.00	148.00	148.00	152.00	152.00	154.00	153.00	152.00	148.00	149.00	148.00	148.00	148.00	153.00	151.00	148.00	146.00	140.00	141.00	141.00	143.00	141.00	145.00	142.00	136.00	133.00	137.00	136.00	134.00	134.00	127.00	125.00	126.00	125.00	126.00	127.00	129.00	130.00	130.00	128.00	124.00	130.00	134.00	134.00	132.00	131.00	128.00	129.00	133.00	133.00	130.00	133.00	133.00	137.00	139.00	136.00	135.00	138.00	139.00	141.00	143.00	144.00	140.00	140.00	142.00	143.00	145.00	135.00	132.00	133.00	133.00	137.00	130.00	126.00	125.00	126.00	134.00	139.00	141.00	144.00	140.00	139.00	132.00	128.00	129.00	136.00	137.00	135.00	131.00	118.00	121.00	123.00	121.00	123.00	125.00	126.00	130.00	134.00	138.00	145.00	148.00	143.00	137.00	134.00	137.00	135.00	131.00	138.00	140.00	139.00	133.00	135.00	131.00	129.00	125.00	125.00	126.00	131.00	137.00	141.00	143.00	145.00	145.00	145.00
153.00	166.00	169.00	171.00	169.00	163.00	153.00	150.00	151.00	151.00	148.00	148.00	149.00	152.00	155.00	130.00	125.00	131.00	145.00	160.00	163.00	163.00	164.00	163.00	152.00	150.00	164.00	170.00	174.00	172.00	169.00	160.00	148.00	133.00	132.00	131.00	130.00	145.00	152.00	151.00	150.00	145.00	153.00	153.00	150.00	146.00	146.00	147.00	144.00	134.00	135.00	147.00	149.00	151.00	154.00	159.00	158.00	157.00	158.00	158.00	159.00	160.00	158.00	156.00	160.00	162.00	162.00	162.00	167.00	172.00	171.00	173.00	177.00	174.00	172.00	171.00	173.00	175.00	181.00	182.00	182.00	181.00	177.00	176.00	178.00	177.00	172.00	169.00	170.00	164.00	158.00	158.00	156.00	154.00	154.00	154.00	152.00	148.00	146.00	152.00	150.00	151.00	152.00	154.00	155.00	148.00	148.00	147.00	145.00	146.00	145.00	142.00	139.00	137.00	142.00	146.00	149.00	147.00	141.00	141.00	141.00	141.00	145.00	149.00	150.00	151.00	150.00	145.00	149.00	148.00	149.00	146.00	148.00	148.00	148.00	152.00	157.00	155.00	152.00	150.00	147.00	146.00	145.00	146.00	146.00	143.00	142.00	143.00	143.00	137.00	137.00	140.00	141.00	139.00	138.00	136.00	132.00	132.00	131.00	132.00	132.00	133.00	131.00	132.00	133.00	130.00	126.00	127.00	129.00	131.00	126.00	127.00	130.00	129.00	134.00	135.00	136.00	133.00	130.00	131.00	135.00	138.00	138.00	140.00	141.00	147.00	148.00	145.00	143.00	142.00	145.00	148.00	148.00	145.00	143.00	142.00	144.00	143.00	138.00	133.00	131.00	130.00	131.00	132.00	130.00	135.00	139.00	142.00	148.00	148.00	147.00	147.00	140.00	136.00	135.00	137.00	139.00	146.00	140.00	135.00	130.00	120.00	121.00	122.00	123.00	118.00	118.00	124.00	130.00	133.00	132.00	136.00	138.00	135.00	136.00	130.00	129.00	133.00	137.00	137.00	138.00	137.00	133.00	133.00	137.00	129.00	123.00	124.00	132.00	139.00	143.00	143.00	143.00	149.00	146.00	144.00
153.00	166.00	169.00	171.00	169.00	163.00	153.00	150.00	151.00	151.00	148.00	148.00	149.00	152.00	155.00	130.00	125.00	131.00	145.00	160.00	163.00	163.00	164.00	163.00	152.00	150.00	164.00	170.00	174.00	172.00	169.00	160.00	148.00	133.00	132.00	131.00	130.00	145.00	152.00	151.00	150.00	145.00	153.00	153.00	150.00	146.00	146.00	147.00	144.00	134.00	135.00	147.00	149.00	151.00	154.00	159.00	158.00	157.00	158.00	158.00	159.00	160.00	158.00	156.00	160.00	162.00	162.00	162.00	167.00	172.00	171.00	173.00	177.00	174.00	172.00	171.00	173.00	175.00	181.00	182.00	182.00	181.00	177.00	176.00	178.00	177.00	172.00	169.00	170.00	164.00	158.00	158.00	156.00	154.00	154.00	154.00	152.00	148.00	146.00	152.00	150.00	151.00	152.00	154.00	155.00	148.00	148.00	147.00	145.00	146.00	145.00	142.00	139.00	137.00	142.00	146.00	149.00	147.00	141.00	141.00	141.00	141.00	145.00	149.00	150.00	151.00	150.00	145.00	149.00	148.00	149.00	146.00	148.00	148.00	148.00	152.00	157.00	155.00	152.00	150.00	147.00	146.00	145.00	146.00	146.00	143.00	142.00	143.00	143.00	137.00	137.00	140.00	141.00	139.00	138.00	136.00	132.00	132.00	131.00	132.00	132.00	133.00	131.00	132.00	133.00	130.00	126.00	127.00	129.00	131.00	126.00	127.00	130.00	129.00	134.00	135.00	136.00	133.00	130.00	131.00	135.00	138.00	138.00	140.00	141.00	147.00	148.00	145.00	143.00	142.00	145.00	148.00	148.00	145.00	143.00	142.00	144.00	143.00	138.00	133.00	131.00	130.00	131.00	132.00	130.00	135.00	139.00	142.00	148.00	148.00	147.00	147.00	140.00	136.00	135.00	137.00	139.00	146.00	140.00	135.00	130.00	120.00	121.00	122.00	123.00	118.00	118.00	124.00	130.00	133.00	132.00	136.00	138.00	135.00	136.00	130.00	129.00	133.00	137.00	137.00	138.00	137.00	133.00	133.00	137.00	129.00	123.00	124.00	132.00	139.00	143.00	143.00	143.00	149.00	146.00	144.00
157.00	168.00	169.00	169.00	169.00	167.00	161.00	158.00	154.00	152.00	153.00	155.00	155.00	154.00	153.00	129.00	125.00	132.00	142.00	162.00	166.00	167.00	166.00	164.00	149.00	147.00	159.00	164.00	167.00	165.00	162.00	157.00	146.00	134.00	134.00	135.00	134.00	139.00	144.00	147.00	143.00	143.00	147.00	147.00	145.00	145.00	145.00	144.00	135.00	125.00	125.00	136.00	147.00	148.00	151.00	151.00	150.00	151.00	152.00	156.00	155.00	156.00	157.00	158.00	163.00	164.00	162.00	161.00	163.00	164.00	165.00	165.00	166.00	168.00	168.00	169.00	169.00	173.00	187.00	188.00	186.00	183.00	179.00	174.00	173.00	171.00	171.00	177.00	175.00	165.00	163.00	163.00	162.00	158.00	155.00	152.00	151.00	152.00	154.00	150.00	153.00	159.00	161.00	160.00	156.00	152.00	152.00	152.00	151.00	143.00	142.00	142.00	142.00	145.00	147.00	145.00	148.00	151.00	146.00	146.00	146.00	147.00	154.00	150.00	149.00	152.00	152.00	147.00	146.00	149.00	150.00	153.00	153.00	154.00	152.00	149.00	151.00	150.00	150.00	148.00	148.00	148.00	147.00	148.00	144.00	137.00	137.00	139.00	139.00	142.00	139.00	137.00	140.00	140.00	137.00	137.00	140.00	139.00	139.00	136.00	134.00	134.00	136.00	135.00	134.00	130.00	130.00	133.00	137.00	137.00	135.00	137.00	130.00	129.00	130.00	134.00	140.00	140.00	138.00	135.00	133.00	135.00	143.00	154.00	158.00	156.00	152.00	150.00	148.00	149.00	155.00	154.00	151.00	149.00	145.00	146.00	142.00	137.00	131.00	131.00	133.00	135.00	131.00	130.00	143.00	151.00	157.00	158.00	148.00	148.00	148.00	147.00	145.00	138.00	136.00	137.00	134.00	141.00	143.00	139.00	130.00	119.00	117.00	116.00	118.00	122.00	122.00	123.00	122.00	127.00	133.00	133.00	135.00	138.00	141.00	140.00	138.00	141.00	143.00	136.00	136.00	131.00	128.00	130.00	146.00	146.00	138.00	141.00	144.00	141.00	139.00	138.00	141.00	146.00	144.00	145.00
157.00	168.00	169.00	169.00	169.00	167.00	161.00	158.00	154.00	152.00	153.00	155.00	155.00	154.00	153.00	129.00	125.00	132.00	142.00	162.00	166.00	167.00	166.00	164.00	149.00	147.00	159.00	164.00	167.00	165.00	162.00	157.00	146.00	134.00	134.00	135.00	134.00	139.00	144.00	147.00	143.00	143.00	147.00	147.00	145.00	145.00	145.00	144.00	135.00	125.00	125.00	136.00	147.00	148.00	151.00	151.00	150.00	151.00	152.00	156.00	155.00	156.00	157.00	158.00	163.00	164.00	162.00	161.00	163.00	164.00	165.00	165.00	166.00	168.00	168.00	169.00	169.00	173.00	187.00	188.00	186.00	183.00	179.00	174.00	173.00	171.00	171.00	177.00	175.00	165.00	163.00	163.00	162.00	158.00	155.00	152.00	151.00	152.00	154.00	150.00	153.00	159.00	161.00	160.00	156.00	152.00	152.00	152.00	151.00	143.00	142.00	142.00	142.00	145.00	147.00	145.00	148.00	151.00	146.00	146.00	146.00	147.00	154.00	150.00	149.00	152.00	152.00	147.00	146.00	149.00	150.00	153.00	153.00	154.00	152.00	149.00	151.00	150.00	150.00	148.00	148.00	148.00	147.00	148.00	144.00	137.00	137.00	139.00	139.00	142.00	139.00	137.00	140.00	140.00	137.00	137.00	140.00	139.00	139.00	136.00	134.00	134.00	136.00	135.00	134.00	130.00	130.00	133.00	137.00	137.00	135.00	137.00	130.00	129.00	130.00	134.00	140.00	140.00	138.00	135.00	133.00	135.00	143.00	154.00	158.00	156.00	152.00	150.00	148.00	149.00	155.00	154.00	151.00	149.00	145.00	146.00	142.00	137.00	131.00	131.00	133.00	135.00	131.00	130.00	143.00	151.00	157.00	158.00	148.00	148.00	148.00	147.00	145.00	138.00	136.00	137.00	134.00	141.00	143.00	139.00	130.00	119.00	117.00	116.00	118.00	122.00	122.00	123.00	122.00	127.00	133.00	133.00	135.00	138.00	141.00	140.00	138.00	141.00	143.00	136.00	136.00	131.00	128.00	130.00	146.00	146.00	138.00	141.00	144.00	141.00	139.00	138.00	141.00	146.00	144.00	145.00
156.00	168.00	170.00	170.00	168.00	166.00	161.00	159.00	157.00	155.00	154.00	152.00	154.00	155.00	155.00	130.00	126.00	145.00	154.00	162.00	163.00	165.00	163.00	161.00	156.00	154.00	158.00	158.00	161.00	162.00	161.00	158.00	152.00	138.00	136.00	137.00	137.00	139.00	139.00	138.00	137.00	140.00	145.00	147.00	146.00	145.00	142.00	140.00	129.00	125.00	125.00	124.00	142.00	141.00	143.00	145.00	146.00	148.00	149.00	151.00	152.00	156.00	157.00	156.00	157.00	158.00	158.00	159.00	160.00	162.00	162.00	163.00	166.00	168.00	168.00	172.00	176.00	179.00	179.00	179.00	182.00	184.00	185.00	184.00	181.00	178.00	176.00	173.00	173.00	172.00	169.00	161.00	162.00	159.00	157.00	153.00	160.00	162.00	161.00	156.00	161.00	165.00	166.00	161.00	156.00	155.00	152.00	150.00	148.00	138.00	137.00	137.00	139.00	145.00	152.00	150.00	149.00	151.00	153.00	153.00	156.00	159.00	162.00	155.00	152.00	151.00	152.00	150.00	150.00	152.00	151.00	147.00	147.00	145.00	145.00	149.00	151.00	150.00	150.00	153.00	152.00	145.00	145.00	142.00	142.00	150.00	148.00	147.00	148.00	148.00	146.00	146.00	148.00	149.00	145.00	141.00	140.00	140.00	137.00	134.00	134.00	135.00	134.00	138.00	133.00	130.00	133.00	139.00	137.00	137.00	142.00	142.00	132.00	131.00	133.00	133.00	135.00	139.00	141.00	139.00	140.00	143.00	146.00	154.00	153.00	150.00	150.00	151.00	153.00	158.00	154.00	153.00	153.00	150.00	146.00	148.00	147.00	143.00	140.00	137.00	137.00	136.00	136.00	144.00	153.00	155.00	153.00	150.00	147.00	148.00	147.00	144.00	137.00	140.00	141.00	143.00	141.00	139.00	140.00	139.00	137.00	123.00	118.00	118.00	120.00	126.00	129.00	132.00	127.00	125.00	134.00	136.00	136.00	134.00	133.00	138.00	140.00	141.00	141.00	137.00	132.00	122.00	122.00	124.00	134.00	141.00	141.00	141.00	142.00	143.00	143.00	145.00	147.00	136.00	137.00	137.00
157.00	168.00	165.00	162.00	160.00	159.00	154.00	152.00	154.00	157.00	161.00	160.00	157.00	152.00	147.00	129.00	125.00	140.00	154.00	158.00	163.00	168.00	171.00	171.00	168.00	165.00	158.00	156.00	153.00	155.00	157.00	160.00	160.00	145.00	136.00	133.00	135.00	136.00	136.00	135.00	139.00	140.00	141.00	144.00	145.00	145.00	144.00	134.00	125.00	125.00	125.00	137.00	148.00	146.00	146.00	147.00	149.00	150.00	151.00	155.00	154.00	157.00	157.00	156.00	153.00	153.00	153.00	155.00	157.00	159.00	161.00	163.00	164.00	163.00	165.00	173.00	178.00	180.00	178.00	177.00	177.00	178.00	185.00	186.00	185.00	183.00	180.00	177.00	177.00	171.00	169.00	169.00	170.00	167.00	166.00	166.00	171.00	168.00	164.00	165.00	166.00	165.00	163.00	159.00	156.00	150.00	148.00	150.00	151.00	142.00	136.00	139.00	145.00	150.00	151.00	149.00	149.00	149.00	149.00	150.00	152.00	153.00	154.00	149.00	150.00	153.00	158.00	164.00	158.00	157.00	157.00	154.00	155.00	156.00	155.00	155.00	154.00	152.00	149.00	149.00	150.00	151.00	153.00	155.00	157.00	159.00	157.00	155.00	152.00	150.00	150.00	149.00	149.00	150.00	143.00	144.00	144.00	141.00	137.00	137.00	138.00	140.00	136.00	136.00	135.00	134.00	136.00	134.00	138.00	141.00	139.00	137.00	135.00	134.00	133.00	134.00	135.00	135.00	138.00	139.00	145.00	155.00	154.00	157.00	157.00	162.00	165.00	160.00	159.00	156.00	151.00	150.00	147.00	144.00	142.00	141.00	143.00	143.00	140.00	138.00	136.00	137.00	140.00	149.00	152.00	157.00	157.00	153.00	144.00	144.00	142.00	139.00	141.00	143.00	140.00	138.00	139.00	137.00	135.00	133.00	132.00	126.00	126.00	122.00	121.00	123.00	124.00	127.00	125.00	119.00	125.00	133.00	136.00	134.00	131.00	137.00	138.00	133.00	127.00	127.00	127.00	129.00	135.00	138.00	134.00	131.00	133.00	138.00	135.00	138.00	142.00	140.00	136.00	135.00	135.00	136.00
157.00	168.00	165.00	162.00	160.00	159.00	154.00	152.00	154.00	157.00	161.00	160.00	157.00	152.00	147.00	129.00	125.00	140.00	154.00	158.00	163.00	168.00	171.00	171.00	168.00	165.00	158.00	156.00	153.00	155.00	157.00	160.00	160.00	145.00	136.00	133.00	135.00	136.00	136.00	135.00	139.00	140.00	141.00	144.00	145.00	145.00	144.00	134.00	125.00	125.00	125.00	137.00	148.00	146.00	146.00	147.00	149.00	150.00	151.00	155.00	154.00	157.00	157.00	156.00	153.00	153.00	153.00	155.00	157.00	159.00	161.00	163.00	164.00	163.00	165.00	173.00	178.00	180.00	178.00	177.00	177.00	178.00	185.00	186.00	185.00	183.00	180.00	177.00	177.00	171.00	169.00	169.00	170.00	167.00	166.00	166.00	171.00	168.00	164.00	165.00	166.00	165.00	163.00	159.00	156.00	150.00	148.00	150.00	151.00	142.00	136.00	139.00	145.00	150.00	151.00	149.00	149.00	149.00	149.00	150.00	152.00	153.00	154.00	149.00	150.00	153.00	158.00	164.00	158.00	157.00	157.00	154.00	155.00	156.00	155.00	155.00	154.00	152.00	149.00	149.00	150.00	151.00	153.00	155.00	157.00	159.00	157.00	155.00	152.00	150.00	150.00	149.00	149.00	150.00	143.00	144.00	144.00	141.00	137.00	137.00	138.00	140.00	136.00	136.00	135.00	134.00	136.00	134.00	138.00	141.00	139.00	137.00	135.00	134.00	133.00	134.00	135.00	135.00	138.00	139.00	145.00	155.00	154.00	157.00	157.00	162.00	165.00	160.00	159.00	156.00	151.00	150.00	147.00	144.00	142.00	141.00	143.00	143.00	140.00	138.00	136.00	137.00	140.00	149.00	152.00	157.00	157.00	153.00	144.00	144.00	142.00	139.00	141.00	143.00	140.00	138.00	139.00	137.00	135.00	133.00	132.00	126.00	126.00	122.00	121.00	123.00	124.00	127.00	125.00	119.00	125.00	133.00	136.00	134.00	131.00	137.00	138.00	133.00	127.00	127.00	127.00	129.00	135.00	138.00	134.00	131.00	133.00	138.00	135.00	138.00	142.00	140.00	136.00	135.00	135.00	136.00
165.00	170.00	172.00	172.00	168.00	158.00	150.00	152.00	154.00	152.00	154.00	150.00	148.00	143.00	129.00	131.00	125.00	125.00	132.00	145.00	151.00	159.00	167.00	171.00	169.00	168.00	166.00	167.00	164.00	160.00	156.00	155.00	154.00	150.00	144.00	141.00	134.00	135.00	133.00	137.00	142.00	142.00	145.00	149.00	149.00	146.00	143.00	140.00	137.00	138.00	142.00	149.00	149.00	150.00	151.00	150.00	152.00	153.00	152.00	152.00	153.00	155.00	154.00	155.00	155.00	157.00	160.00	159.00	158.00	156.00	160.00	163.00	162.00	161.00	163.00	167.00	170.00	173.00	172.00	177.00	180.00	178.00	176.00	177.00	178.00	177.00	176.00	181.00	180.00	176.00	181.00	179.00	176.00	173.00	173.00	175.00	174.00	173.00	170.00	163.00	160.00	163.00	164.00	165.00	164.00	153.00	151.00	154.00	156.00	147.00	144.00	146.00	152.00	157.00	163.00	162.00	157.00	151.00	151.00	154.00	151.00	152.00	154.00	151.00	149.00	148.00	155.00	171.00	165.00	160.00	158.00	154.00	154.00	156.00	159.00	159.00	152.00	151.00	151.00	153.00	156.00	161.00	164.00	165.00	163.00	163.00	159.00	157.00	156.00	155.00	153.00	150.00	148.00	147.00	144.00	146.00	145.00	144.00	142.00	143.00	140.00	139.00	139.00	141.00	139.00	138.00	137.00	135.00	136.00	135.00	134.00	134.00	135.00	135.00	136.00	136.00	138.00	143.00	148.00	152.00	157.00	164.00	166.00	162.00	156.00	152.00	155.00	149.00	147.00	148.00	146.00	146.00	146.00	143.00	140.00	140.00	145.00	143.00	140.00	141.00	140.00	140.00	143.00	156.00	155.00	152.00	151.00	151.00	147.00	150.00	149.00	154.00	150.00	147.00	140.00	136.00	135.00	140.00	141.00	136.00	136.00	129.00	128.00	128.00	124.00	127.00	118.00	119.00	119.00	119.00	127.00	127.00	128.00	128.00	127.00	133.00	126.00	116.00	108.00	123.00	130.00	133.00	136.00	142.00	141.00	138.00	134.00	136.00	138.00	137.00	135.00	135.00	135.00	139.00	141.00	142.00
164.00	166.00	165.00	165.00	163.00	155.00	159.00	163.00	163.00	159.00	149.00	138.00	125.00	125.00	127.00	139.00	133.00	130.00	133.00	142.00	148.00	153.00	157.00	161.00	169.00	170.00	168.00	169.00	169.00	169.00	169.00	170.00	170.00	166.00	159.00	150.00	141.00	135.00	133.00	135.00	141.00	143.00	145.00	144.00	149.00	153.00	147.00	147.00	145.00	147.00	150.00	150.00	151.00	152.00	153.00	155.00	154.00	155.00	155.00	153.00	152.00	152.00	154.00	152.00	156.00	159.00	159.00	159.00	162.00	163.00	164.00	165.00	165.00	166.00	166.00	168.00	169.00	167.00	170.00	172.00	174.00	174.00	173.00	170.00	171.00	172.00	174.00	177.00	178.00	173.00	171.00	175.00	176.00	181.00	186.00	190.00	182.00	178.00	177.00	165.00	159.00	157.00	158.00	163.00	162.00	156.00	153.00	152.00	154.00	154.00	150.00	150.00	154.00	157.00	162.00	162.00	157.00	154.00	157.00	158.00	155.00	157.00	161.00	162.00	161.00	160.00	162.00	175.00	181.00	176.00	171.00	160.00	159.00	161.00	162.00	162.00	157.00	158.00	157.00	159.00	158.00	163.00	162.00	162.00	162.00	160.00	159.00	157.00	153.00	151.00	153.00	152.00	145.00	147.00	144.00	142.00	146.00	146.00	146.00	147.00	145.00	145.00	145.00	140.00	141.00	141.00	139.00	138.00	139.00	140.00	140.00	141.00	132.00	132.00	136.00	137.00	141.00	143.00	149.00	154.00	159.00	159.00	156.00	149.00	145.00	144.00	146.00	146.00	145.00	141.00	142.00	143.00	145.00	144.00	138.00	139.00	143.00	143.00	141.00	142.00	143.00	149.00	151.00	158.00	162.00	161.00	160.00	155.00	152.00	152.00	155.00	159.00	162.00	159.00	147.00	143.00	143.00	138.00	140.00	141.00	142.00	130.00	129.00	129.00	129.00	128.00	124.00	122.00	124.00	125.00	122.00	120.00	120.00	120.00	119.00	126.00	117.00	111.00	117.00	130.00	130.00	130.00	128.00	134.00	146.00	139.00	127.00	129.00	137.00	138.00	137.00	137.00	135.00	135.00	145.00	149.00
164.00	166.00	165.00	165.00	163.00	155.00	159.00	163.00	163.00	159.00	149.00	138.00	125.00	125.00	127.00	139.00	133.00	130.00	133.00	142.00	148.00	153.00	157.00	161.00	169.00	170.00	168.00	169.00	169.00	169.00	169.00	170.00	170.00	166.00	159.00	150.00	141.00	135.00	133.00	135.00	141.00	143.00	145.00	144.00	149.00	153.00	147.00	147.00	145.00	147.00	150.00	150.00	151.00	152.00	153.00	155.00	154.00	155.00	155.00	153.00	152.00	152.00	154.00	152.00	156.00	159.00	159.00	159.00	162.00	163.00	164.00	165.00	165.00	166.00	166.00	168.00	169.00	167.00	170.00	172.00	174.00	174.00	173.00	170.00	171.00	172.00	174.00	177.00	178.00	173.00	171.00	175.00	176.00	181.00	186.00	190.00	182.00	178.00	177.00	165.00	159.00	157.00	158.00	163.00	162.00	156.00	153.00	152.00	154.00	154.00	150.00	150.00	154.00	157.00	162.00	162.00	157.00	154.00	157.00	158.00	155.00	157.00	161.00	162.00	161.00	160.00	162.00	175.00	181.00	176.00	171.00	160.00	159.00	161.00	162.00	162.00	157.00	158.00	157.00	159.00	158.00	163.00	162.00	162.00	162.00	160.00	159.00	157.00	153.00	151.00	153.00	152.00	145.00	147.00	144.00	142.00	146.00	146.00	146.00	147.00	145.00	145.00	145.00	140.00	141.00	141.00	139.00	138.00	139.00	140.00	140.00	141.00	132.00	132.00	136.00	137.00	141.00	143.00	149.00	154.00	159.00	159.00	156.00	149.00	145.00	144.00	146.00	146.00	145.00	141.00	142.00	143.00	145.00	144.00	138.00	139.00	143.00	143.00	141.00	142.00	143.00	149.00	151.00	158.00	162.00	161.00	160.00	155.00	152.00	152.00	155.00	159.00	162.00	159.00	147.00	143.00	143.00	138.00	140.00	141.00	142.00	130.00	129.00	129.00	129.00	128.00	124.00	122.00	124.00	125.00	122.00	120.00	120.00	120.00	119.00	126.00	117.00	111.00	117.00	130.00	130.00	130.00	128.00	134.00	146.00	139.00	127.00	129.00	137.00	138.00	137.00	137.00	135.00	135.00	145.00	149.00
165.00	163.00	163.00	163.00	161.00	155.00	155.00	157.00	154.00	150.00	130.00	126.00	133.00	141.00	145.00	151.00	151.00	150.00	150.00	150.00	151.00	155.00	160.00	164.00	169.00	170.00	168.00	168.00	167.00	168.00	167.00	167.00	169.00	169.00	167.00	167.00	159.00	135.00	138.00	141.00	142.00	142.00	141.00	139.00	144.00	150.00	151.00	152.00	154.00	156.00	157.00	154.00	156.00	157.00	157.00	152.00	150.00	153.00	152.00	151.00	152.00	158.00	159.00	153.00	159.00	160.00	159.00	159.00	159.00	156.00	157.00	159.00	162.00	172.00	174.00	172.00	169.00	169.00	171.00	170.00	169.00	170.00	170.00	168.00	166.00	165.00	166.00	171.00	173.00	177.00	177.00	178.00	176.00	177.00	180.00	184.00	186.00	183.00	179.00	175.00	167.00	162.00	160.00	162.00	165.00	164.00	159.00	156.00	160.00	171.00	165.00	156.00	148.00	148.00	158.00	164.00	161.00	157.00	150.00	155.00	154.00	156.00	160.00	161.00	162.00	161.00	163.00	174.00	181.00	174.00	170.00	164.00	164.00	162.00	158.00	157.00	158.00	159.00	160.00	160.00	157.00	158.00	160.00	159.00	156.00	156.00	154.00	150.00	147.00	149.00	148.00	148.00	147.00	148.00	143.00	143.00	144.00	144.00	143.00	142.00	142.00	140.00	141.00	142.00	140.00	140.00	139.00	141.00	140.00	140.00	139.00	138.00	139.00	139.00	138.00	139.00	144.00	149.00	152.00	156.00	157.00	154.00	150.00	146.00	145.00	148.00	148.00	143.00	143.00	143.00	141.00	137.00	138.00	140.00	141.00	140.00	140.00	145.00	147.00	144.00	145.00	152.00	157.00	156.00	155.00	157.00	155.00	153.00	159.00	157.00	157.00	157.00	160.00	160.00	151.00	147.00	145.00	144.00	147.00	144.00	144.00	143.00	138.00	129.00	127.00	123.00	122.00	124.00	126.00	126.00	119.00	117.00	122.00	120.00	117.00	118.00	120.00	122.00	124.00	129.00	130.00	130.00	133.00	136.00	139.00	140.00	141.00	137.00	134.00	138.00	140.00	145.00	136.00	135.00	136.00	145.00
165.00	163.00	163.00	163.00	161.00	155.00	155.00	157.00	154.00	150.00	130.00	126.00	133.00	141.00	145.00	151.00	151.00	150.00	150.00	150.00	151.00	155.00	160.00	164.00	169.00	170.00	168.00	168.00	167.00	168.00	167.00	167.00	169.00	169.00	167.00	167.00	159.00	135.00	138.00	141.00	142.00	142.00	141.00	139.00	144.00	150.00	151.00	152.00	154.00	156.00	157.00	154.00	156.00	157.00	157.00	152.00	150.00	153.00	152.00	151.00	152.00	158.00	159.00	153.00	159.00	160.00	159.00	159.00	159.00	156.00	157.00	159.00	162.00	172.00	174.00	172.00	169.00	169.00	171.00	170.00	169.00	170.00	170.00	168.00	166.00	165.00	166.00	171.00	173.00	177.00	177.00	178.00	176.00	177.00	180.00	184.00	186.00	183.00	179.00	175.00	167.00	162.00	160.00	162.00	165.00	164.00	159.00	156.00	160.00	171.00	165.00	156.00	148.00	148.00	158.00	164.00	161.00	157.00	150.00	155.00	154.00	156.00	160.00	161.00	162.00	161.00	163.00	174.00	181.00	174.00	170.00	164.00	164.00	162.00	158.00	157.00	158.00	159.00	160.00	160.00	157.00	158.00	160.00	159.00	156.00	156.00	154.00	150.00	147.00	149.00	148.00	148.00	147.00	148.00	143.00	143.00	144.00	144.00	143.00	142.00	142.00	140.00	141.00	142.00	140.00	140.00	139.00	141.00	140.00	140.00	139.00	138.00	139.00	139.00	138.00	139.00	144.00	149.00	152.00	156.00	157.00	154.00	150.00	146.00	145.00	148.00	148.00	143.00	143.00	143.00	141.00	137.00	138.00	140.00	141.00	140.00	140.00	145.00	147.00	144.00	145.00	152.00	157.00	156.00	155.00	157.00	155.00	153.00	159.00	157.00	157.00	157.00	160.00	160.00	151.00	147.00	145.00	144.00	147.00	144.00	144.00	143.00	138.00	129.00	127.00	123.00	122.00	124.00	126.00	126.00	119.00	117.00	122.00	120.00	117.00	118.00	120.00	122.00	124.00	129.00	130.00	130.00	133.00	136.00	139.00	140.00	141.00	137.00	134.00	138.00	140.00	145.00	136.00	135.00	136.00	145.00
161.00	158.00	158.00	156.00	153.00	151.00	133.00	130.00	130.00	132.00	131.00	130.00	132.00	140.00	149.00	153.00	156.00	160.00	163.00	166.00	167.00	167.00	167.00	168.00	168.00	168.00	168.00	168.00	170.00	174.00	176.00	175.00	172.00	164.00	160.00	157.00	147.00	134.00	139.00	137.00	139.00	140.00	142.00	143.00	145.00	146.00	149.00	149.00	151.00	149.00	148.00	150.00	151.00	150.00	148.00	146.00	145.00	151.00	153.00	153.00	155.00	156.00	155.00	155.00	158.00	159.00	162.00	163.00	167.00	163.00	161.00	163.00	169.00	177.00	177.00	174.00	171.00	169.00	170.00	170.00	171.00	171.00	176.00	177.00	175.00	173.00	171.00	172.00	173.00	176.00	176.00	179.00	181.00	184.00	183.00	182.00	185.00	189.00	188.00	177.00	173.00	170.00	172.00	178.00	177.00	165.00	169.00	171.00	171.00	178.00	173.00	169.00	165.00	159.00	154.00	161.00	165.00	164.00	153.00	152.00	160.00	159.00	159.00	159.00	161.00	160.00	161.00	165.00	169.00	166.00	163.00	158.00	157.00	156.00	156.00	157.00	159.00	155.00	153.00	156.00	156.00	154.00	155.00	155.00	154.00	154.00	153.00	151.00	150.00	148.00	147.00	148.00	146.00	145.00	144.00	145.00	147.00	149.00	142.00	141.00	138.00	138.00	142.00	141.00	142.00	141.00	139.00	141.00	140.00	139.00	138.00	139.00	139.00	144.00	148.00	147.00	160.00	164.00	165.00	160.00	157.00	150.00	146.00	141.00	139.00	138.00	145.00	148.00	146.00	144.00	143.00	144.00	143.00	142.00	147.00	146.00	147.00	150.00	151.00	150.00	153.00	155.00	157.00	156.00	155.00	158.00	162.00	162.00	162.00	158.00	157.00	158.00	153.00	157.00	156.00	151.00	145.00	149.00	150.00	144.00	141.00	142.00	142.00	141.00	133.00	124.00	120.00	119.00	118.00	116.00	116.00	118.00	123.00	125.00	124.00	116.00	116.00	117.00	120.00	123.00	125.00	126.00	134.00	141.00	141.00	143.00	141.00	138.00	138.00	137.00	136.00	140.00	136.00	135.00	136.00	143.00
150.00	146.00	144.00	142.00	142.00	149.00	152.00	148.00	144.00	144.00	145.00	145.00	149.00	153.00	156.00	158.00	158.00	160.00	163.00	169.00	169.00	170.00	170.00	170.00	170.00	169.00	167.00	164.00	171.00	172.00	175.00	177.00	178.00	175.00	171.00	166.00	142.00	133.00	135.00	134.00	137.00	136.00	142.00	143.00	143.00	145.00	142.00	144.00	144.00	142.00	144.00	143.00	145.00	144.00	143.00	142.00	145.00	155.00	157.00	154.00	152.00	153.00	155.00	153.00	155.00	156.00	159.00	165.00	172.00	172.00	171.00	169.00	173.00	176.00	178.00	178.00	176.00	174.00	173.00	173.00	178.00	185.00	181.00	177.00	177.00	180.00	176.00	172.00	174.00	175.00	177.00	180.00	182.00	184.00	185.00	185.00	182.00	185.00	188.00	181.00	172.00	170.00	175.00	182.00	185.00	178.00	178.00	183.00	184.00	178.00	176.00	174.00	172.00	169.00	165.00	163.00	165.00	163.00	162.00	161.00	158.00	158.00	159.00	163.00	162.00	158.00	156.00	162.00	164.00	166.00	166.00	156.00	157.00	160.00	160.00	159.00	158.00	156.00	155.00	158.00	158.00	157.00	156.00	156.00	157.00	151.00	152.00	153.00	152.00	151.00	148.00	146.00	146.00	144.00	145.00	143.00	142.00	143.00	141.00	141.00	140.00	140.00	140.00	138.00	140.00	140.00	138.00	141.00	138.00	138.00	138.00	139.00	156.00	160.00	162.00	162.00	167.00	167.00	165.00	161.00	158.00	155.00	153.00	152.00	153.00	158.00	163.00	164.00	165.00	161.00	157.00	152.00	150.00	148.00	143.00	147.00	152.00	154.00	153.00	154.00	157.00	159.00	158.00	161.00	162.00	162.00	159.00	159.00	159.00	156.00	157.00	155.00	148.00	148.00	151.00	150.00	149.00	151.00	151.00	148.00	148.00	144.00	140.00	139.00	139.00	134.00	121.00	118.00	117.00	115.00	117.00	119.00	121.00	122.00	128.00	127.00	122.00	120.00	122.00	121.00	122.00	123.00	125.00	129.00	133.00	134.00	140.00	138.00	136.00	135.00	134.00	134.00	132.00	133.00	135.00	137.00
150.00	146.00	144.00	142.00	142.00	149.00	152.00	148.00	144.00	144.00	145.00	145.00	149.00	153.00	156.00	158.00	158.00	160.00	163.00	169.00	169.00	170.00	170.00	170.00	170.00	169.00	167.00	164.00	171.00	172.00	175.00	177.00	178.00	175.00	171.00	166.00	142.00	133.00	135.00	134.00	137.00	136.00	142.00	143.00	143.00	145.00	142.00	144.00	144.00	142.00	144.00	143.00	145.00	144.00	143.00	142.00	145.00	155.00	157.00	154.00	152.00	153.00	155.00	153.00	155.00	156.00	159.00	165.00	172.00	172.00	171.00	169.00	173.00	176.00	178.00	178.00	176.00	174.00	173.00	173.00	178.00	185.00	181.00	177.00	177.00	180.00	176.00	172.00	174.00	175.00	177.00	180.00	182.00	184.00	185.00	185.00	182.00	185.00	188.00	181.00	172.00	170.00	175.00	182.00	185.00	178.00	178.00	183.00	184.00	178.00	176.00	174.00	172.00	169.00	165.00	163.00	165.00	163.00	162.00	161.00	158.00	158.00	159.00	163.00	162.00	158.00	156.00	162.00	164.00	166.00	166.00	156.00	157.00	160.00	160.00	159.00	158.00	156.00	155.00	158.00	158.00	157.00	156.00	156.00	157.00	151.00	152.00	153.00	152.00	151.00	148.00	146.00	146.00	144.00	145.00	143.00	142.00	143.00	141.00	141.00	140.00	140.00	140.00	138.00	140.00	140.00	138.00	141.00	138.00	138.00	138.00	139.00	156.00	160.00	162.00	162.00	167.00	167.00	165.00	161.00	158.00	155.00	153.00	152.00	153.00	158.00	163.00	164.00	165.00	161.00	157.00	152.00	150.00	148.00	143.00	147.00	152.00	154.00	153.00	154.00	157.00	159.00	158.00	161.00	162.00	162.00	159.00	159.00	159.00	156.00	157.00	155.00	148.00	148.00	151.00	150.00	149.00	151.00	151.00	148.00	148.00	144.00	140.00	139.00	139.00	134.00	121.00	118.00	117.00	115.00	117.00	119.00	121.00	122.00	128.00	127.00	122.00	120.00	122.00	121.00	122.00	123.00	125.00	129.00	133.00	134.00	140.00	138.00	136.00	135.00	134.00	134.00	132.00	133.00	135.00	137.00
150.00	142.00	139.00	139.00	138.00	144.00	146.00	145.00	143.00	142.00	141.00	143.00	145.00	149.00	151.00	161.00	162.00	163.00	164.00	165.00	166.00	167.00	168.00	169.00	169.00	167.00	157.00	159.00	174.00	176.00	178.00	177.00	178.00	173.00	170.00	169.00	137.00	136.00	134.00	133.00	132.00	131.00	137.00	137.00	137.00	138.00	140.00	141.00	141.00	142.00	141.00	139.00	147.00	148.00	146.00	143.00	147.00	155.00	154.00	154.00	156.00	158.00	160.00	160.00	163.00	164.00	165.00	167.00	173.00	174.00	175.00	180.00	182.00	179.00	176.00	173.00	172.00	173.00	178.00	177.00	179.00	182.00	178.00	175.00	177.00	180.00	180.00	179.00	181.00	180.00	178.00	173.00	175.00	177.00	180.00	184.00	185.00	187.00	187.00	185.00	186.00	191.00	189.00	186.00	183.00	181.00	181.00	183.00	181.00	178.00	179.00	179.00	177.00	172.00	168.00	166.00	166.00	166.00	164.00	165.00	164.00	164.00	161.00	165.00	162.00	161.00	162.00	166.00	164.00	160.00	156.00	163.00	158.00	157.00	158.00	159.00	153.00	151.00	151.00	151.00	141.00	142.00	148.00	155.00	156.00	151.00	151.00	151.00	151.00	154.00	155.00	154.00	147.00	146.00	143.00	143.00	141.00	139.00	143.00	142.00	142.00	141.00	140.00	142.00	143.00	142.00	141.00	145.00	144.00	145.00	148.00	153.00	172.00	171.00	168.00	165.00	160.00	164.00	166.00	163.00	158.00	158.00	160.00	160.00	162.00	165.00	167.00	167.00	165.00	163.00	161.00	154.00	152.00	149.00	143.00	148.00	151.00	154.00	157.00	159.00	160.00	157.00	156.00	161.00	164.00	163.00	161.00	161.00	163.00	161.00	156.00	155.00	147.00	144.00	146.00	147.00	145.00	143.00	146.00	150.00	153.00	148.00	145.00	144.00	141.00	134.00	120.00	117.00	118.00	116.00	119.00	118.00	115.00	117.00	122.00	126.00	127.00	122.00	118.00	116.00	117.00	122.00	127.00	132.00	135.00	136.00	138.00	146.00	144.00	140.00	138.00	138.00	139.00	145.00	146.00	150.00
153.00	151.00	149.00	148.00	148.00	147.00	142.00	140.00	138.00	136.00	136.00	138.00	140.00	143.00	144.00	152.00	154.00	155.00	157.00	159.00	161.00	162.00	164.00	165.00	165.00	166.00	166.00	168.00	174.00	173.00	172.00	170.00	168.00	175.00	176.00	164.00	133.00	137.00	137.00	135.00	136.00	139.00	138.00	141.00	143.00	142.00	142.00	139.00	137.00	138.00	140.00	140.00	144.00	143.00	142.00	145.00	149.00	152.00	149.00	151.00	156.00	157.00	161.00	167.00	167.00	167.00	169.00	173.00	178.00	182.00	182.00	184.00	187.00	185.00	180.00	177.00	175.00	174.00	181.00	183.00	181.00	180.00	184.00	185.00	183.00	180.00	180.00	182.00	182.00	183.00	180.00	173.00	174.00	177.00	179.00	179.00	178.00	180.00	181.00	188.00	189.00	199.00	203.00	201.00	195.00	183.00	183.00	182.00	178.00	174.00	175.00	176.00	176.00	176.00	173.00	173.00	173.00	171.00	169.00	167.00	169.00	171.00	170.00	169.00	167.00	165.00	166.00	162.00	167.00	164.00	162.00	163.00	161.00	160.00	161.00	163.00	162.00	164.00	165.00	164.00	174.00	170.00	161.00	154.00	149.00	156.00	156.00	154.00	152.00	150.00	148.00	149.00	144.00	144.00	145.00	146.00	143.00	143.00	144.00	140.00	140.00	143.00	146.00	145.00	143.00	140.00	140.00	151.00	153.00	153.00	159.00	164.00	163.00	162.00	165.00	163.00	159.00	156.00	155.00	155.00	156.00	162.00	171.00	169.00	166.00	170.00	171.00	170.00	171.00	169.00	163.00	157.00	156.00	159.00	167.00	158.00	152.00	152.00	152.00	160.00	157.00	158.00	159.00	162.00	161.00	162.00	162.00	163.00	164.00	164.00	161.00	158.00	151.00	150.00	151.00	151.00	148.00	149.00	151.00	152.00	151.00	145.00	143.00	143.00	138.00	129.00	123.00	120.00	119.00	116.00	119.00	118.00	118.00	120.00	122.00	123.00	127.00	134.00	133.00	120.00	116.00	121.00	125.00	129.00	135.00	134.00	134.00	133.00	132.00	134.00	132.00	132.00	134.00	143.00	148.00	148.00
153.00	151.00	149.00	148.00	148.00	147.00	142.00	140.00	138.00	136.00	136.00	138.00	140.00	143.00	144.00	152.00	154.00	155.00	157.00	159.00	161.00	162.00	164.00	165.00	165.00	166.00	166.00	168.00	174.00	173.00	172.00	170.00	168.00	175.00	176.00	164.00	133.00	137.00	137.00	135.00	136.00	139.00	138.00	141.00	143.00	142.00	142.00	139.00	137.00	138.00	140.00	140.00	144.00	143.00	142.00	145.00	149.00	152.00	149.00	151.00	156.00	157.00	161.00	167.00	167.00	167.00	169.00	173.00	178.00	182.00	182.00	184.00	187.00	185.00	180.00	177.00	175.00	174.00	181.00	183.00	181.00	180.00	184.00	185.00	183.00	180.00	180.00	182.00	182.00	183.00	180.00	173.00	174.00	177.00	179.00	179.00	178.00	180.00	181.00	188.00	189.00	199.00	203.00	201.00	195.00	183.00	183.00	182.00	178.00	174.00	175.00	176.00	176.00	176.00	173.00	173.00	173.00	171.00	169.00	167.00	169.00	171.00	170.00	169.00	167.00	165.00	166.00	162.00	167.00	164.00	162.00	163.00	161.00	160.00	161.00	163.00	162.00	164.00	165.00	164.00	174.00	170.00	161.00	154.00	149.00	156.00	156.00	154.00	152.00	150.00	148.00	149.00	144.00	144.00	145.00	146.00	143.00	143.00	144.00	140.00	140.00	143.00	146.00	145.00	143.00	140.00	140.00	151.00	153.00	153.00	159.00	164.00	163.00	162.00	165.00	163.00	159.00	156.00	155.00	155.00	156.00	162.00	171.00	169.00	166.00	170.00	171.00	170.00	171.00	169.00	163.00	157.00	156.00	159.00	167.00	158.00	152.00	152.00	152.00	160.00	157.00	158.00	159.00	162.00	161.00	162.00	162.00	163.00	164.00	164.00	161.00	158.00	151.00	150.00	151.00	151.00	148.00	149.00	151.00	152.00	151.00	145.00	143.00	143.00	138.00	129.00	123.00	120.00	119.00	116.00	119.00	118.00	118.00	120.00	122.00	123.00	127.00	134.00	133.00	120.00	116.00	121.00	125.00	129.00	135.00	134.00	134.00	133.00	132.00	134.00	132.00	132.00	134.00	143.00	148.00	148.00
156.00	156.00	156.00	157.00	156.00	154.00	150.00	147.00	144.00	144.00	140.00	140.00	141.00	142.00	143.00	147.00	148.00	150.00	152.00	153.00	154.00	154.00	155.00	157.00	155.00	154.00	158.00	160.00	164.00	167.00	169.00	171.00	172.00	177.00	171.00	145.00	130.00	130.00	132.00	133.00	134.00	138.00	141.00	140.00	139.00	139.00	138.00	136.00	136.00	135.00	136.00	140.00	141.00	141.00	143.00	147.00	149.00	151.00	151.00	151.00	155.00	158.00	161.00	162.00	165.00	167.00	172.00	177.00	185.00	188.00	189.00	192.00	195.00	185.00	181.00	181.00	183.00	185.00	182.00	186.00	187.00	185.00	188.00	188.00	186.00	186.00	187.00	179.00	175.00	175.00	176.00	180.00	179.00	177.00	178.00	180.00	175.00	174.00	176.00	179.00	185.00	190.00	193.00	194.00	190.00	190.00	192.00	189.00	185.00	181.00	178.00	176.00	174.00	173.00	175.00	174.00	173.00	175.00	168.00	168.00	169.00	172.00	172.00	168.00	167.00	168.00	169.00	162.00	165.00	163.00	163.00	162.00	165.00	167.00	168.00	165.00	162.00	162.00	167.00	169.00	172.00	164.00	159.00	155.00	153.00	154.00	152.00	152.00	152.00	150.00	150.00	149.00	144.00	143.00	144.00	147.00	150.00	150.00	145.00	145.00	145.00	145.00	142.00	147.00	150.00	148.00	148.00	162.00	163.00	163.00	166.00	170.00	159.00	160.00	160.00	165.00	167.00	167.00	164.00	162.00	164.00	172.00	170.00	173.00	173.00	170.00	167.00	165.00	169.00	166.00	161.00	162.00	161.00	164.00	170.00	166.00	163.00	161.00	160.00	160.00	159.00	161.00	162.00	160.00	160.00	162.00	162.00	161.00	162.00	161.00	160.00	160.00	150.00	152.00	150.00	146.00	145.00	151.00	153.00	155.00	154.00	142.00	138.00	134.00	131.00	122.00	126.00	124.00	124.00	123.00	122.00	123.00	120.00	122.00	122.00	121.00	125.00	129.00	129.00	126.00	120.00	122.00	124.00	124.00	129.00	127.00	130.00	130.00	135.00	136.00	135.00	133.00	134.00	136.00	140.00	140.00
156.00	156.00	156.00	157.00	156.00	154.00	150.00	147.00	144.00	144.00	140.00	140.00	141.00	142.00	143.00	147.00	148.00	150.00	152.00	153.00	154.00	154.00	155.00	157.00	155.00	154.00	158.00	160.00	164.00	167.00	169.00	171.00	172.00	177.00	171.00	145.00	130.00	130.00	132.00	133.00	134.00	138.00	141.00	140.00	139.00	139.00	138.00	136.00	136.00	135.00	136.00	140.00	141.00	141.00	143.00	147.00	149.00	151.00	151.00	151.00	155.00	158.00	161.00	162.00	165.00	167.00	172.00	177.00	185.00	188.00	189.00	192.00	195.00	185.00	181.00	181.00	183.00	185.00	182.00	186.00	187.00	185.00	188.00	188.00	186.00	186.00	187.00	179.00	175.00	175.00	176.00	180.00	179.00	177.00	178.00	180.00	175.00	174.00	176.00	179.00	185.00	190.00	193.00	194.00	190.00	190.00	192.00	189.00	185.00	181.00	178.00	176.00	174.00	173.00	175.00	174.00	173.00	175.00	168.00	168.00	169.00	172.00	172.00	168.00	167.00	168.00	169.00	162.00	165.00	163.00	163.00	162.00	165.00	167.00	168.00	165.00	162.00	162.00	167.00	169.00	172.00	164.00	159.00	155.00	153.00	154.00	152.00	152.00	152.00	150.00	150.00	149.00	144.00	143.00	144.00	147.00	150.00	150.00	145.00	145.00	145.00	145.00	142.00	147.00	150.00	148.00	148.00	162.00	163.00	163.00	166.00	170.00	159.00	160.00	160.00	165.00	167.00	167.00	164.00	162.00	164.00	172.00	170.00	173.00	173.00	170.00	167.00	165.00	169.00	166.00	161.00	162.00	161.00	164.00	170.00	166.00	163.00	161.00	160.00	160.00	159.00	161.00	162.00	160.00	160.00	162.00	162.00	161.00	162.00	161.00	160.00	160.00	150.00	152.00	150.00	146.00	145.00	151.00	153.00	155.00	154.00	142.00	138.00	134.00	131.00	122.00	126.00	124.00	124.00	123.00	122.00	123.00	120.00	122.00	122.00	121.00	125.00	129.00	129.00	126.00	120.00	122.00	124.00	124.00	129.00	127.00	130.00	130.00	135.00	136.00	135.00	133.00	134.00	136.00	140.00	140.00
160.00	160.00	158.00	156.00	155.00	151.00	150.00	149.00	149.00	149.00	150.00	150.00	150.00	149.00	149.00	149.00	150.00	151.00	151.00	152.00	152.00	153.00	153.00	156.00	158.00	159.00	160.00	159.00	156.00	157.00	158.00	161.00	162.00	161.00	147.00	135.00	131.00	130.00	134.00	134.00	135.00	137.00	139.00	141.00	143.00	141.00	137.00	136.00	138.00	137.00	136.00	140.00	141.00	141.00	139.00	146.00	149.00	150.00	152.00	152.00	155.00	158.00	162.00	162.00	167.00	172.00	172.00	171.00	185.00	187.00	187.00	191.00	195.00	191.00	189.00	185.00	184.00	188.00	182.00	184.00	189.00	194.00	193.00	194.00	193.00	193.00	192.00	199.00	194.00	179.00	175.00	182.00	183.00	180.00	181.00	188.00	189.00	188.00	190.00	192.00	187.00	186.00	186.00	188.00	188.00	189.00	190.00	189.00	186.00	178.00	177.00	177.00	178.00	178.00	179.00	175.00	173.00	173.00	173.00	171.00	173.00	174.00	173.00	169.00	168.00	168.00	169.00	170.00	172.00	170.00	168.00	168.00	167.00	169.00	169.00	168.00	167.00	165.00	163.00	159.00	161.00	156.00	153.00	153.00	151.00	153.00	153.00	155.00	155.00	155.00	155.00	156.00	155.00	154.00	150.00	146.00	146.00	144.00	142.00	147.00	149.00	146.00	144.00	152.00	153.00	154.00	158.00	168.00	169.00	169.00	166.00	162.00	157.00	159.00	162.00	166.00	168.00	168.00	173.00	175.00	174.00	172.00	169.00	166.00	168.00	167.00	163.00	161.00	165.00	169.00	167.00	165.00	166.00	165.00	167.00	166.00	168.00	170.00	167.00	161.00	160.00	158.00	158.00	163.00	163.00	167.00	167.00	164.00	164.00	158.00	154.00	155.00	158.00	157.00	155.00	152.00	149.00	148.00	148.00	149.00	151.00	144.00	143.00	140.00	139.00	135.00	122.00	119.00	121.00	121.00	121.00	118.00	118.00	119.00	119.00	123.00	123.00	122.00	123.00	128.00	129.00	125.00	124.00	123.00	125.00	122.00	127.00	130.00	130.00	130.00	131.00	132.00	136.00	137.00	137.00	141.00
160.00	160.00	158.00	156.00	155.00	151.00	150.00	149.00	149.00	149.00	150.00	150.00	150.00	149.00	149.00	149.00	150.00	151.00	151.00	152.00	152.00	153.00	153.00	156.00	158.00	159.00	160.00	159.00	156.00	157.00	158.00	161.00	162.00	161.00	147.00	135.00	131.00	130.00	134.00	134.00	135.00	137.00	139.00	141.00	143.00	141.00	137.00	136.00	138.00	137.00	136.00	140.00	141.00	141.00	139.00	146.00	149.00	150.00	152.00	152.00	155.00	158.00	162.00	162.00	167.00	172.00	172.00	171.00	185.00	187.00	187.00	191.00	195.00	191.00	189.00	185.00	184.00	188.00	182.00	184.00	189.00	194.00	193.00	194.00	193.00	193.00	192.00	199.00	194.00	179.00	175.00	182.00	183.00	180.00	181.00	188.00	189.00	188.00	190.00	192.00	187.00	186.00	186.00	188.00	188.00	189.00	190.00	189.00	186.00	178.00	177.00	177.00	178.00	178.00	179.00	175.00	173.00	173.00	173.00	171.00	173.00	174.00	173.00	169.00	168.00	168.00	169.00	170.00	172.00	170.00	168.00	168.00	167.00	169.00	169.00	168.00	167.00	165.00	163.00	159.00	161.00	156.00	153.00	153.00	151.00	153.00	153.00	155.00	155.00	155.00	155.00	156.00	155.00	154.00	150.00	146.00	146.00	144.00	142.00	147.00	149.00	146.00	144.00	152.00	153.00	154.00	158.00	168.00	169.00	169.00	166.00	162.00	157.00	159.00	162.00	166.00	168.00	168.00	173.00	175.00	174.00	172.00	169.00	166.00	168.00	167.00	163.00	161.00	165.00	169.00	167.00	165.00	166.00	165.00	167.00	166.00	168.00	170.00	167.00	161.00	160.00	158.00	158.00	163.00	163.00	167.00	167.00	164.00	164.00	158.00	154.00	155.00	158.00	157.00	155.00	152.00	149.00	148.00	148.00	149.00	151.00	144.00	143.00	140.00	139.00	135.00	122.00	119.00	121.00	121.00	121.00	118.00	118.00	119.00	119.00	123.00	123.00	122.00	123.00	128.00	129.00	125.00	124.00	123.00	125.00	122.00	127.00	130.00	130.00	130.00	131.00	132.00	136.00	137.00	137.00	141.00
157.00	155.00	154.00	153.00	154.00	153.00	150.00	150.00	150.00	149.00	153.00	154.00	155.00	156.00	158.00	160.00	160.00	160.00	160.00	159.00	158.00	157.00	156.00	157.00	155.00	155.00	155.00	157.00	156.00	156.00	157.00	157.00	160.00	150.00	136.00	132.00	135.00	136.00	137.00	138.00	139.00	138.00	134.00	135.00	139.00	144.00	135.00	135.00	136.00	136.00	137.00	141.00	139.00	137.00	138.00	147.00	150.00	146.00	149.00	152.00	161.00	159.00	159.00	159.00	160.00	159.00	162.00	164.00	178.00	185.00	189.00	191.00	188.00	185.00	185.00	190.00	191.00	188.00	187.00	186.00	192.00	194.00	193.00	196.00	198.00	194.00	195.00	205.00	206.00	198.00	192.00	178.00	177.00	178.00	182.00	188.00	189.00	187.00	188.00	191.00	189.00	191.00	190.00	190.00	193.00	190.00	189.00	190.00	189.00	181.00	180.00	182.00	180.00	176.00	177.00	176.00	175.00	173.00	174.00	174.00	173.00	173.00	173.00	171.00	171.00	170.00	171.00	176.00	176.00	172.00	170.00	168.00	169.00	170.00	170.00	168.00	167.00	165.00	160.00	158.00	152.00	151.00	153.00	155.00	155.00	159.00	157.00	156.00	159.00	158.00	159.00	163.00	160.00	160.00	158.00	157.00	154.00	153.00	153.00	149.00	151.00	151.00	148.00	151.00	150.00	152.00	154.00	158.00	162.00	166.00	166.00	168.00	170.00	169.00	167.00	166.00	175.00	175.00	174.00	174.00	175.00	176.00	175.00	168.00	161.00	165.00	163.00	165.00	164.00	166.00	169.00	171.00	172.00	171.00	172.00	172.00	172.00	165.00	160.00	164.00	163.00	162.00	164.00	168.00	169.00	169.00	171.00	169.00	160.00	156.00	156.00	156.00	159.00	159.00	157.00	156.00	154.00	152.00	152.00	148.00	146.00	147.00	147.00	141.00	136.00	134.00	125.00	124.00	124.00	123.00	120.00	121.00	118.00	119.00	123.00	130.00	129.00	131.00	134.00	134.00	132.00	127.00	127.00	130.00	132.00	129.00	127.00	128.00	133.00	136.00	137.00	137.00	136.00	134.00	136.00	139.00
157.00	155.00	154.00	153.00	154.00	153.00	150.00	150.00	150.00	149.00	153.00	154.00	155.00	156.00	158.00	160.00	160.00	160.00	160.00	159.00	158.00	157.00	156.00	157.00	155.00	155.00	155.00	157.00	156.00	156.00	157.00	157.00	160.00	150.00	136.00	132.00	135.00	136.00	137.00	138.00	139.00	138.00	134.00	135.00	139.00	144.00	135.00	135.00	136.00	136.00	137.00	141.00	139.00	137.00	138.00	147.00	150.00	146.00	149.00	152.00	161.00	159.00	159.00	159.00	160.00	159.00	162.00	164.00	178.00	185.00	189.00	191.00	188.00	185.00	185.00	190.00	191.00	188.00	187.00	186.00	192.00	194.00	193.00	196.00	198.00	194.00	195.00	205.00	206.00	198.00	192.00	178.00	177.00	178.00	182.00	188.00	189.00	187.00	188.00	191.00	189.00	191.00	190.00	190.00	193.00	190.00	189.00	190.00	189.00	181.00	180.00	182.00	180.00	176.00	177.00	176.00	175.00	173.00	174.00	174.00	173.00	173.00	173.00	171.00	171.00	170.00	171.00	176.00	176.00	172.00	170.00	168.00	169.00	170.00	170.00	168.00	167.00	165.00	160.00	158.00	152.00	151.00	153.00	155.00	155.00	159.00	157.00	156.00	159.00	158.00	159.00	163.00	160.00	160.00	158.00	157.00	154.00	153.00	153.00	149.00	151.00	151.00	148.00	151.00	150.00	152.00	154.00	158.00	162.00	166.00	166.00	168.00	170.00	169.00	167.00	166.00	175.00	175.00	174.00	174.00	175.00	176.00	175.00	168.00	161.00	165.00	163.00	165.00	164.00	166.00	169.00	171.00	172.00	171.00	172.00	172.00	172.00	165.00	160.00	164.00	163.00	162.00	164.00	168.00	169.00	169.00	171.00	169.00	160.00	156.00	156.00	156.00	159.00	159.00	157.00	156.00	154.00	152.00	152.00	148.00	146.00	147.00	147.00	141.00	136.00	134.00	125.00	124.00	124.00	123.00	120.00	121.00	118.00	119.00	123.00	130.00	129.00	131.00	134.00	134.00	132.00	127.00	127.00	130.00	132.00	129.00	127.00	128.00	133.00	136.00	137.00	137.00	136.00	134.00	136.00	139.00
154.00	151.00	151.00	150.00	150.00	149.00	148.00	148.00	149.00	151.00	157.00	158.00	157.00	157.00	158.00	160.00	161.00	162.00	163.00	164.00	163.00	162.00	160.00	159.00	158.00	156.00	153.00	152.00	148.00	144.00	138.00	136.00	139.00	133.00	130.00	131.00	136.00	137.00	139.00	139.00	141.00	143.00	139.00	137.00	137.00	137.00	136.00	135.00	137.00	142.00	145.00	141.00	136.00	138.00	141.00	145.00	149.00	148.00	151.00	154.00	161.00	157.00	157.00	158.00	167.00	171.00	171.00	170.00	166.00	168.00	174.00	177.00	179.00	182.00	186.00	190.00	190.00	190.00	186.00	184.00	186.00	188.00	197.00	197.00	200.00	201.00	198.00	201.00	201.00	203.00	203.00	191.00	189.00	187.00	188.00	189.00	189.00	189.00	189.00	189.00	185.00	187.00	188.00	187.00	186.00	187.00	186.00	184.00	184.00	185.00	183.00	186.00	187.00	184.00	179.00	175.00	170.00	170.00	172.00	177.00	177.00	174.00	171.00	169.00	170.00	168.00	166.00	172.00	177.00	176.00	172.00	166.00	168.00	169.00	168.00	165.00	162.00	164.00	164.00	162.00	156.00	160.00	157.00	156.00	157.00	159.00	159.00	160.00	160.00	161.00	160.00	159.00	156.00	157.00	153.00	155.00	156.00	156.00	152.00	150.00	150.00	150.00	149.00	155.00	155.00	156.00	157.00	157.00	161.00	162.00	164.00	167.00	172.00	171.00	170.00	170.00	172.00	175.00	173.00	171.00	174.00	174.00	170.00	174.00	173.00	176.00	175.00	175.00	173.00	170.00	169.00	170.00	173.00	176.00	170.00	167.00	172.00	173.00	170.00	168.00	167.00	164.00	163.00	168.00	169.00	167.00	164.00	161.00	157.00	155.00	154.00	152.00	153.00	158.00	159.00	155.00	150.00	149.00	150.00	151.00	148.00	147.00	142.00	139.00	138.00	128.00	125.00	126.00	124.00	122.00	121.00	118.00	116.00	119.00	123.00	134.00	135.00	133.00	135.00	138.00	134.00	131.00	131.00	128.00	127.00	129.00	125.00	124.00	128.00	129.00	131.00	134.00	133.00	134.00	138.00	140.00
154.00	151.00	151.00	150.00	150.00	149.00	148.00	148.00	149.00	151.00	157.00	158.00	157.00	157.00	158.00	160.00	161.00	162.00	163.00	164.00	163.00	162.00	160.00	159.00	158.00	156.00	153.00	152.00	148.00	144.00	138.00	136.00	139.00	133.00	130.00	131.00	136.00	137.00	139.00	139.00	141.00	143.00	139.00	137.00	137.00	137.00	136.00	135.00	137.00	142.00	145.00	141.00	136.00	138.00	141.00	145.00	149.00	148.00	151.00	154.00	161.00	157.00	157.00	158.00	167.00	171.00	171.00	170.00	166.00	168.00	174.00	177.00	179.00	182.00	186.00	190.00	190.00	190.00	186.00	184.00	186.00	188.00	197.00	197.00	200.00	201.00	198.00	201.00	201.00	203.00	203.00	191.00	189.00	187.00	188.00	189.00	189.00	189.00	189.00	189.00	185.00	187.00	188.00	187.00	186.00	187.00	186.00	184.00	184.00	185.00	183.00	186.00	187.00	184.00	179.00	175.00	170.00	170.00	172.00	177.00	177.00	174.00	171.00	169.00	170.00	168.00	166.00	172.00	177.00	176.00	172.00	166.00	168.00	169.00	168.00	165.00	162.00	164.00	164.00	162.00	156.00	160.00	157.00	156.00	157.00	159.00	159.00	160.00	160.00	161.00	160.00	159.00	156.00	157.00	153.00	155.00	156.00	156.00	152.00	150.00	150.00	150.00	149.00	155.00	155.00	156.00	157.00	157.00	161.00	162.00	164.00	167.00	172.00	171.00	170.00	170.00	172.00	175.00	173.00	171.00	174.00	174.00	170.00	174.00	173.00	176.00	175.00	175.00	173.00	170.00	169.00	170.00	173.00	176.00	170.00	167.00	172.00	173.00	170.00	168.00	167.00	164.00	163.00	168.00	169.00	167.00	164.00	161.00	157.00	155.00	154.00	152.00	153.00	158.00	159.00	155.00	150.00	149.00	150.00	151.00	148.00	147.00	142.00	139.00	138.00	128.00	125.00	126.00	124.00	122.00	121.00	118.00	116.00	119.00	123.00	134.00	135.00	133.00	135.00	138.00	134.00	131.00	131.00	128.00	127.00	129.00	125.00	124.00	128.00	129.00	131.00	134.00	133.00	134.00	138.00	140.00
147.00	150.00	152.00	152.00	153.00	151.00	146.00	145.00	146.00	148.00	153.00	154.00	156.00	157.00	159.00	161.00	161.00	161.00	159.00	158.00	157.00	156.00	156.00	156.00	139.00	137.00	154.00	153.00	152.00	150.00	147.00	147.00	143.00	133.00	133.00	134.00	138.00	137.00	136.00	138.00	141.00	143.00	140.00	138.00	138.00	138.00	141.00	140.00	140.00	142.00	144.00	140.00	141.00	142.00	141.00	144.00	148.00	146.00	150.00	151.00	149.00	149.00	151.00	152.00	163.00	164.00	168.00	171.00	177.00	169.00	167.00	169.00	171.00	182.00	186.00	187.00	184.00	181.00	185.00	188.00	190.00	189.00	195.00	197.00	199.00	201.00	200.00	201.00	203.00	201.00	198.00	197.00	200.00	201.00	198.00	193.00	191.00	188.00	186.00	193.00	195.00	196.00	193.00	192.00	191.00	192.00	190.00	189.00	189.00	185.00	181.00	180.00	182.00	184.00	178.00	177.00	174.00	173.00	177.00	177.00	176.00	175.00	177.00	175.00	172.00	174.00	176.00	173.00	173.00	173.00	172.00	167.00	166.00	166.00	166.00	166.00	169.00	170.00	169.00	167.00	164.00	162.00	162.00	162.00	162.00	164.00	161.00	159.00	160.00	161.00	161.00	160.00	156.00	157.00	154.00	154.00	155.00	157.00	159.00	156.00	156.00	158.00	153.00	157.00	159.00	159.00	162.00	164.00	160.00	160.00	166.00	170.00	165.00	165.00	167.00	170.00	169.00	172.00	171.00	168.00	171.00	170.00	167.00	172.00	173.00	178.00	182.00	180.00	175.00	170.00	168.00	170.00	169.00	170.00	176.00	176.00	176.00	175.00	172.00	169.00	169.00	169.00	165.00	167.00	163.00	163.00	163.00	163.00	160.00	157.00	160.00	162.00	159.00	156.00	157.00	155.00	151.00	152.00	149.00	146.00	144.00	142.00	142.00	141.00	135.00	127.00	122.00	123.00	122.00	123.00	119.00	119.00	119.00	119.00	119.00	133.00	134.00	136.00	137.00	137.00	136.00	133.00	131.00	130.00	127.00	126.00	126.00	128.00	131.00	132.00	132.00	132.00	133.00	135.00	138.00	140.00
147.00	150.00	152.00	152.00	153.00	151.00	146.00	145.00	146.00	148.00	153.00	154.00	156.00	157.00	159.00	161.00	161.00	161.00	159.00	158.00	157.00	156.00	156.00	156.00	139.00	137.00	154.00	153.00	152.00	150.00	147.00	147.00	143.00	133.00	133.00	134.00	138.00	137.00	136.00	138.00	141.00	143.00	140.00	138.00	138.00	138.00	141.00	140.00	140.00	142.00	144.00	140.00	141.00	142.00	141.00	144.00	148.00	146.00	150.00	151.00	149.00	149.00	151.00	152.00	163.00	164.00	168.00	171.00	177.00	169.00	167.00	169.00	171.00	182.00	186.00	187.00	184.00	181.00	185.00	188.00	190.00	189.00	195.00	197.00	199.00	201.00	200.00	201.00	203.00	201.00	198.00	197.00	200.00	201.00	198.00	193.00	191.00	188.00	186.00	193.00	195.00	196.00	193.00	192.00	191.00	192.00	190.00	189.00	189.00	185.00	181.00	180.00	182.00	184.00	178.00	177.00	174.00	173.00	177.00	177.00	176.00	175.00	177.00	175.00	172.00	174.00	176.00	173.00	173.00	173.00	172.00	167.00	166.00	166.00	166.00	166.00	169.00	170.00	169.00	167.00	164.00	162.00	162.00	162.00	162.00	164.00	161.00	159.00	160.00	161.00	161.00	160.00	156.00	157.00	154.00	154.00	155.00	157.00	159.00	156.00	156.00	158.00	153.00	157.00	159.00	159.00	162.00	164.00	160.00	160.00	166.00	170.00	165.00	165.00	167.00	170.00	169.00	172.00	171.00	168.00	171.00	170.00	167.00	172.00	173.00	178.00	182.00	180.00	175.00	170.00	168.00	170.00	169.00	170.00	176.00	176.00	176.00	175.00	172.00	169.00	169.00	169.00	165.00	167.00	163.00	163.00	163.00	163.00	160.00	157.00	160.00	162.00	159.00	156.00	157.00	155.00	151.00	152.00	149.00	146.00	144.00	142.00	142.00	141.00	135.00	127.00	122.00	123.00	122.00	123.00	119.00	119.00	119.00	119.00	119.00	133.00	134.00	136.00	137.00	137.00	136.00	133.00	131.00	130.00	127.00	126.00	126.00	128.00	131.00	132.00	132.00	132.00	133.00	135.00	138.00	140.00
144.00	150.00	151.00	152.00	150.00	147.00	143.00	144.00	146.00	148.00	154.00	155.00	156.00	158.00	159.00	157.00	158.00	157.00	156.00	155.00	155.00	154.00	150.00	143.00	134.00	134.00	134.00	134.00	155.00	156.00	156.00	152.00	140.00	135.00	134.00	134.00	131.00	133.00	133.00	133.00	135.00	135.00	140.00	139.00	139.00	140.00	138.00	139.00	139.00	142.00	144.00	141.00	143.00	144.00	144.00	145.00	146.00	149.00	151.00	150.00	146.00	148.00	148.00	148.00	152.00	156.00	161.00	162.00	172.00	176.00	175.00	173.00	175.00	181.00	182.00	184.00	186.00	187.00	192.00	193.00	194.00	193.00	192.00	193.00	195.00	193.00	193.00	198.00	199.00	204.00	205.00	200.00	198.00	199.00	200.00	200.00	202.00	200.00	195.00	193.00	193.00	195.00	193.00	191.00	189.00	196.00	196.00	193.00	192.00	188.00	185.00	181.00	182.00	185.00	181.00	182.00	183.00	180.00	178.00	178.00	178.00	177.00	173.00	175.00	175.00	175.00	176.00	173.00	171.00	170.00	170.00	171.00	173.00	170.00	170.00	170.00	167.00	168.00	168.00	168.00	169.00	170.00	168.00	168.00	168.00	167.00	165.00	161.00	160.00	166.00	165.00	164.00	161.00	158.00	160.00	161.00	161.00	162.00	156.00	154.00	154.00	151.00	155.00	164.00	163.00	161.00	163.00	176.00	177.00	178.00	179.00	178.00	172.00	173.00	175.00	172.00	168.00	169.00	171.00	172.00	175.00	185.00	185.00	174.00	174.00	175.00	177.00	177.00	175.00	172.00	168.00	168.00	170.00	172.00	179.00	183.00	183.00	177.00	174.00	165.00	168.00	168.00	165.00	161.00	162.00	163.00	166.00	165.00	164.00	164.00	162.00	160.00	157.00	154.00	154.00	154.00	153.00	151.00	153.00	151.00	151.00	145.00	143.00	139.00	131.00	126.00	123.00	123.00	122.00	122.00	119.00	119.00	119.00	119.00	119.00	130.00	134.00	138.00	139.00	140.00	138.00	135.00	135.00	133.00	132.00	130.00	129.00	130.00	136.00	133.00	131.00	129.00	134.00	137.00	139.00	140.00
147.00	152.00	153.00	153.00	153.00	147.00	140.00	139.00	140.00	142.00	146.00	148.00	151.00	155.00	157.00	158.00	157.00	153.00	150.00	149.00	151.00	148.00	137.00	136.00	134.00	134.00	134.00	135.00	152.00	153.00	151.00	140.00	133.00	136.00	135.00	132.00	132.00	139.00	140.00	139.00	137.00	137.00	139.00	139.00	143.00	144.00	137.00	139.00	142.00	142.00	142.00	141.00	143.00	147.00	148.00	142.00	143.00	150.00	150.00	146.00	152.00	150.00	147.00	147.00	152.00	155.00	157.00	161.00	167.00	174.00	174.00	174.00	173.00	177.00	184.00	190.00	190.00	190.00	191.00	188.00	185.00	188.00	191.00	193.00	190.00	186.00	186.00	197.00	200.00	201.00	200.00	205.00	199.00	194.00	194.00	193.00	194.00	194.00	193.00	190.00	193.00	194.00	196.00	196.00	194.00	191.00	191.00	189.00	189.00	186.00	187.00	186.00	186.00	184.00	185.00	185.00	182.00	179.00	177.00	179.00	180.00	179.00	178.00	173.00	175.00	176.00	176.00	173.00	172.00	174.00	174.00	172.00	174.00	172.00	170.00	170.00	169.00	171.00	173.00	171.00	173.00	175.00	172.00	169.00	168.00	168.00	165.00	165.00	166.00	163.00	162.00	164.00	164.00	167.00	164.00	165.00	165.00	163.00	158.00	159.00	154.00	149.00	151.00	156.00	160.00	164.00	169.00	170.00	171.00	174.00	174.00	170.00	176.00	178.00	179.00	179.00	178.00	176.00	176.00	177.00	179.00	184.00	181.00	182.00	182.00	180.00	180.00	179.00	177.00	174.00	176.00	177.00	179.00	180.00	176.00	177.00	179.00	178.00	177.00	172.00	168.00	164.00	161.00	159.00	158.00	161.00	166.00	167.00	167.00	167.00	168.00	166.00	161.00	160.00	157.00	154.00	154.00	153.00	155.00	152.00	150.00	145.00	141.00	134.00	126.00	125.00	122.00	121.00	119.00	115.00	117.00	119.00	119.00	119.00	119.00	125.00	127.00	134.00	135.00	130.00	131.00	132.00	133.00	132.00	132.00	132.00	132.00	129.00	131.00	131.00	129.00	128.00	133.00	142.00	141.00	140.00
147.00	152.00	153.00	153.00	153.00	147.00	140.00	139.00	140.00	142.00	146.00	148.00	151.00	155.00	157.00	158.00	157.00	153.00	150.00	149.00	151.00	148.00	137.00	136.00	134.00	134.00	134.00	135.00	152.00	153.00	151.00	140.00	133.00	136.00	135.00	132.00	132.00	139.00	140.00	139.00	137.00	137.00	139.00	139.00	143.00	144.00	137.00	139.00	142.00	142.00	142.00	141.00	143.00	147.00	148.00	142.00	143.00	150.00	150.00	146.00	152.00	150.00	147.00	147.00	152.00	155.00	157.00	161.00	167.00	174.00	174.00	174.00	173.00	177.00	184.00	190.00	190.00	190.00	191.00	188.00	185.00	188.00	191.00	193.00	190.00	186.00	186.00	197.00	200.00	201.00	200.00	205.00	199.00	194.00	194.00	193.00	194.00	194.00	193.00	190.00	193.00	194.00	196.00	196.00	194.00	191.00	191.00	189.00	189.00	186.00	187.00	186.00	186.00	184.00	185.00	185.00	182.00	179.00	177.00	179.00	180.00	179.00	178.00	173.00	175.00	176.00	176.00	173.00	172.00	174.00	174.00	172.00	174.00	172.00	170.00	170.00	169.00	171.00	173.00	171.00	173.00	175.00	172.00	169.00	168.00	168.00	165.00	165.00	166.00	163.00	162.00	164.00	164.00	167.00	164.00	165.00	165.00	163.00	158.00	159.00	154.00	149.00	151.00	156.00	160.00	164.00	169.00	170.00	171.00	174.00	174.00	170.00	176.00	178.00	179.00	179.00	178.00	176.00	176.00	177.00	179.00	184.00	181.00	182.00	182.00	180.00	180.00	179.00	177.00	174.00	176.00	177.00	179.00	180.00	176.00	177.00	179.00	178.00	177.00	172.00	168.00	164.00	161.00	159.00	158.00	161.00	166.00	167.00	167.00	167.00	168.00	166.00	161.00	160.00	157.00	154.00	154.00	153.00	155.00	152.00	150.00	145.00	141.00	134.00	126.00	125.00	122.00	121.00	119.00	115.00	117.00	119.00	119.00	119.00	119.00	125.00	127.00	134.00	135.00	130.00	131.00	132.00	133.00	132.00	132.00	132.00	132.00	129.00	131.00	131.00	129.00	128.00	133.00	142.00	141.00	140.00
145.00	147.00	147.00	147.00	147.00	148.00	143.00	143.00	143.00	143.00	143.00	145.00	148.00	153.00	156.00	155.00	152.00	150.00	150.00	150.00	152.00	155.00	156.00	157.00	151.00	146.00	137.00	137.00	151.00	151.00	145.00	135.00	132.00	136.00	134.00	133.00	133.00	136.00	135.00	135.00	136.00	137.00	135.00	136.00	141.00	143.00	137.00	140.00	140.00	139.00	140.00	143.00	142.00	142.00	142.00	142.00	141.00	145.00	146.00	151.00	150.00	150.00	153.00	155.00	151.00	151.00	152.00	155.00	160.00	163.00	165.00	167.00	168.00	171.00	175.00	179.00	179.00	184.00	179.00	180.00	182.00	185.00	183.00	183.00	184.00	186.00	185.00	197.00	200.00	196.00	196.00	197.00	196.00	197.00	199.00	195.00	189.00	188.00	189.00	187.00	189.00	188.00	188.00	190.00	194.00	197.00	199.00	197.00	195.00	192.00	190.00	191.00	192.00	190.00	185.00	182.00	181.00	180.00	180.00	178.00	183.00	181.00	179.00	182.00	179.00	178.00	178.00	177.00	174.00	171.00	171.00	176.00	173.00	172.00	174.00	174.00	169.00	169.00	171.00	168.00	169.00	168.00	172.00	173.00	171.00	166.00	164.00	167.00	168.00	167.00	164.00	165.00	165.00	166.00	165.00	166.00	167.00	162.00	159.00	155.00	150.00	149.00	147.00	151.00	153.00	155.00	164.00	174.00	173.00	169.00	169.00	171.00	172.00	174.00	182.00	188.00	190.00	187.00	183.00	181.00	182.00	179.00	177.00	186.00	184.00	185.00	184.00	177.00	171.00	170.00	171.00	176.00	182.00	182.00	180.00	180.00	182.00	181.00	177.00	171.00	169.00	164.00	161.00	163.00	159.00	160.00	161.00	162.00	161.00	165.00	166.00	164.00	154.00	159.00	158.00	154.00	152.00	150.00	148.00	147.00	147.00	143.00	136.00	132.00	129.00	129.00	127.00	128.00	129.00	129.00	125.00	123.00	119.00	119.00	122.00	126.00	129.00	130.00	133.00	138.00	139.00	136.00	130.00	128.00	132.00	136.00	133.00	133.00	130.00	130.00	129.00	129.00	132.00	142.00	143.00	143.00
145.00	145.00	145.00	145.00	144.00	144.00	139.00	137.00	137.00	138.00	141.00	142.00	143.00	146.00	151.00	158.00	158.00	158.00	158.00	157.00	157.00	155.00	155.00	155.00	155.00	155.00	153.00	152.00	151.00	144.00	126.00	124.00	133.00	134.00	133.00	134.00	137.00	135.00	133.00	132.00	131.00	132.00	138.00	137.00	136.00	139.00	139.00	139.00	137.00	137.00	138.00	142.00	135.00	134.00	134.00	143.00	141.00	146.00	152.00	154.00	146.00	148.00	153.00	155.00	148.00	149.00	152.00	157.00	163.00	158.00	158.00	158.00	157.00	162.00	163.00	168.00	169.00	171.00	169.00	172.00	174.00	173.00	178.00	182.00	184.00	183.00	186.00	196.00	194.00	193.00	196.00	187.00	190.00	192.00	190.00	186.00	186.00	184.00	184.00	190.00	189.00	190.00	190.00	190.00	188.00	194.00	191.00	190.00	190.00	189.00	190.00	189.00	190.00	192.00	189.00	188.00	186.00	185.00	182.00	180.00	184.00	183.00	181.00	180.00	176.00	174.00	174.00	170.00	171.00	172.00	175.00	177.00	178.00	179.00	177.00	174.00	168.00	164.00	162.00	161.00	169.00	172.00	173.00	171.00	168.00	167.00	167.00	167.00	169.00	166.00	164.00	163.00	166.00	167.00	165.00	161.00	161.00	162.00	162.00	164.00	160.00	156.00	155.00	156.00	153.00	158.00	162.00	173.00	173.00	166.00	160.00	162.00	173.00	171.00	173.00	180.00	190.00	189.00	187.00	184.00	183.00	182.00	183.00	186.00	181.00	183.00	181.00	177.00	178.00	179.00	177.00	176.00	178.00	179.00	174.00	175.00	176.00	175.00	173.00	169.00	165.00	164.00	162.00	166.00	166.00	162.00	159.00	162.00	160.00	166.00	167.00	165.00	157.00	151.00	155.00	156.00	152.00	152.00	151.00	148.00	142.00	133.00	131.00	125.00	124.00	126.00	123.00	125.00	127.00	130.00	125.00	127.00	131.00	127.00	122.00	131.00	130.00	130.00	131.00	136.00	140.00	141.00	138.00	134.00	129.00	131.00	134.00	135.00	133.00	134.00	137.00	136.00	135.00	133.00	138.00	143.00