																																																																					21.00	60.00	197.00	243.00	282.00	380.00	362.00	348.00	321.00	291.00	275.00	255.00	273.00	284.00	296.00	366.00	387.00	429.00	444.00	445.00	469.00	458.00	460.00	457.00	457.00	457.00	457.00	457.00	457.00	425.00	387.00	360.00	392.00	437.00	431.00	421.00	338.00	291.00	186.00	144.00	111.00	81.00	57.00	33.00	23.00	24.00	16.00	15.00	26.00	27.00	25.00	18.00	15.00	15.00	23.00	29.00	14.00	16.00	18.00	12.00	2.00					8.00	11.00	10.00	5.00	4.00	0.00	14.00	31.00	57.00	116.00	177.00	229.00	263.00	427.00	479.00	511.00	565.00	594.00	610.00	620.00	624.00	624.00	613.00	643.00	653.00	653.00	650.00	663.00	651.00	640.00	636.00	647.00	656.00	656.00	620.00	634.00	633.00	626.00	626.00	620.00	569.00	522.00	510.00	514.00	490.00	495.00	478.00	456.00	436.00	334.00	326.00	325.00	328.00	318.00	311.00	251.00	196.00	173.00	150.00	123.00	78.00	20.00																																																												
																																																																					21.00	60.00	197.00	243.00	282.00	380.00	362.00	348.00	321.00	291.00	275.00	255.00	273.00	284.00	296.00	366.00	387.00	429.00	444.00	445.00	469.00	458.00	460.00	457.00	457.00	457.00	457.00	457.00	457.00	425.00	387.00	360.00	392.00	437.00	431.00	421.00	338.00	291.00	186.00	144.00	111.00	81.00	57.00	33.00	23.00	24.00	16.00	15.00	26.00	27.00	25.00	18.00	15.00	15.00	23.00	29.00	14.00	16.00	18.00	12.00	2.00					8.00	11.00	10.00	5.00	4.00	0.00	14.00	31.00	57.00	116.00	177.00	229.00	263.00	427.00	479.00	511.00	565.00	594.00	610.00	620.00	624.00	624.00	613.00	643.00	653.00	653.00	650.00	663.00	651.00	640.00	636.00	647.00	656.00	656.00	620.00	634.00	633.00	626.00	626.00	620.00	569.00	522.00	510.00	514.00	490.00	495.00	478.00	456.00	436.00	334.00	326.00	325.00	328.00	318.00	311.00	251.00	196.00	173.00	150.00	123.00	78.00	20.00																																																												
																																																																					21.00	60.00	197.00	243.00	282.00	380.00	362.00	348.00	321.00	291.00	275.00	255.00	273.00	284.00	296.00	366.00	387.00	429.00	444.00	445.00	469.00	458.00	460.00	457.00	457.00	457.00	457.00	457.00	457.00	425.00	387.00	360.00	392.00	437.00	431.00	421.00	338.00	291.00	186.00	144.00	111.00	81.00	57.00	33.00	23.00	24.00	16.00	15.00	26.00	27.00	25.00	18.00	15.00	15.00	23.00	29.00	14.00	16.00	18.00	12.00	2.00					8.00	11.00	10.00	5.00	4.00	0.00	14.00	31.00	57.00	116.00	177.00	229.00	263.00	427.00	479.00	511.00	565.00	594.00	610.00	620.00	624.00	624.00	613.00	643.00	653.00	653.00	650.00	663.00	651.00	640.00	636.00	647.00	656.00	656.00	620.00	634.00	633.00	626.00	626.00	620.00	569.00	522.00	510.00	514.00	490.00	495.00	478.00	456.00	436.00	334.00	326.00	325.00	328.00	318.00	311.00	251.00	196.00	173.00	150.00	123.00	78.00	20.00																																																												
																																																																							48.00	59.00	75.00	104.00	154.00	170.00	185.00	247.00	296.00	382.00	430.00	486.00	540.00	622.00	625.00	629.00	622.00	614.00	617.00	606.00	587.00	565.00	475.00	456.00	456.00	470.00	470.00	459.00	443.00	383.00	308.00	281.00	239.00	189.00	106.00	74.00	34.00	23.00	14.00	9.00																0.00	0.00	0.00									0.00	0.00	0.00	0.00	0.00	0.00	31.00	85.00	143.00	188.00	323.00	399.00	443.00	506.00	566.00	611.00	625.00	626.00	620.00	608.00	570.00	578.00	599.00	609.00	608.00	604.00	595.00	591.00	629.00	623.00	621.00	603.00	605.00	597.00	588.00	577.00	572.00	531.00	508.00	504.00	499.00	486.00	488.00	460.00	406.00	387.00	346.00	343.00	334.00	336.00	308.00	290.00	208.00	145.00	108.00	55.00	28.00	11.00																																																													
																																																																							48.00	59.00	75.00	104.00	154.00	170.00	185.00	247.00	296.00	382.00	430.00	486.00	540.00	622.00	625.00	629.00	622.00	614.00	617.00	606.00	587.00	565.00	475.00	456.00	456.00	470.00	470.00	459.00	443.00	383.00	308.00	281.00	239.00	189.00	106.00	74.00	34.00	23.00	14.00	9.00																0.00	0.00	0.00									0.00	0.00	0.00	0.00	0.00	0.00	31.00	85.00	143.00	188.00	323.00	399.00	443.00	506.00	566.00	611.00	625.00	626.00	620.00	608.00	570.00	578.00	599.00	609.00	608.00	604.00	595.00	591.00	629.00	623.00	621.00	603.00	605.00	597.00	588.00	577.00	572.00	531.00	508.00	504.00	499.00	486.00	488.00	460.00	406.00	387.00	346.00	343.00	334.00	336.00	308.00	290.00	208.00	145.00	108.00	55.00	28.00	11.00																																																													
																																																																							48.00	59.00	75.00	104.00	154.00	170.00	185.00	247.00	296.00	382.00	430.00	486.00	540.00	622.00	625.00	629.00	622.00	614.00	617.00	606.00	587.00	565.00	475.00	456.00	456.00	470.00	470.00	459.00	443.00	383.00	308.00	281.00	239.00	189.00	106.00	74.00	34.00	23.00	14.00	9.00																0.00	0.00	0.00									0.00	0.00	0.00	0.00	0.00	0.00	31.00	85.00	143.00	188.00	323.00	399.00	443.00	506.00	566.00	611.00	625.00	626.00	620.00	608.00	570.00	578.00	599.00	609.00	608.00	604.00	595.00	591.00	629.00	623.00	621.00	603.00	605.00	597.00	588.00	577.00	572.00	531.00	508.00	504.00	499.00	486.00	488.00	460.00	406.00	387.00	346.00	343.00	334.00	336.00	308.00	290.00	208.00	145.00	108.00	55.00	28.00	11.00																																																													
																																																																							48.00	59.00	75.00	104.00	154.00	170.00	185.00	247.00	296.00	382.00	430.00	486.00	540.00	622.00	625.00	629.00	622.00	614.00	617.00	606.00	587.00	565.00	475.00	456.00	456.00	470.00	470.00	459.00	443.00	383.00	308.00	281.00	239.00	189.00	106.00	74.00	34.00	23.00	14.00	9.00																0.00	0.00	0.00									0.00	0.00	0.00	0.00	0.00	0.00	31.00	85.00	143.00	188.00	323.00	399.00	443.00	506.00	566.00	611.00	625.00	626.00	620.00	608.00	570.00	578.00	599.00	609.00	608.00	604.00	595.00	591.00	629.00	623.00	621.00	603.00	605.00	597.00	588.00	577.00	572.00	531.00	508.00	504.00	499.00	486.00	488.00	460.00	406.00	387.00	346.00	343.00	334.00	336.00	308.00	290.00	208.00	145.00	108.00	55.00	28.00	11.00																																																													
																																																																										14.00	65.00	99.00	127.00	188.00	238.00	326.00	384.00	421.00	466.00	532.00	519.00	521.00	495.00	474.00	461.00	479.00	501.00	495.00	390.00	369.00	328.00	302.00	295.00	229.00	186.00	146.00	108.00	43.00	26.00	0.00																																						0.00	0.00	0.00	70.00	126.00	228.00	255.00	297.00	354.00	418.00	556.00	605.00	630.00	619.00	611.00	544.00	505.00	478.00	468.00	457.00	478.00	486.00	494.00	524.00	513.00	512.00	499.00	482.00	490.00	485.00	466.00	451.00	410.00	397.00	380.00	382.00	311.00	294.00	281.00	251.00	231.00	194.00	163.00	125.00	121.00	72.00	53.00	21.00	14.00	6.00																																																																
																																																																										14.00	65.00	99.00	127.00	188.00	238.00	326.00	384.00	421.00	466.00	532.00	519.00	521.00	495.00	474.00	461.00	479.00	501.00	495.00	390.00	369.00	328.00	302.00	295.00	229.00	186.00	146.00	108.00	43.00	26.00	0.00																																						0.00	0.00	0.00	70.00	126.00	228.00	255.00	297.00	354.00	418.00	556.00	605.00	630.00	619.00	611.00	544.00	505.00	478.00	468.00	457.00	478.00	486.00	494.00	524.00	513.00	512.00	499.00	482.00	490.00	485.00	466.00	451.00	410.00	397.00	380.00	382.00	311.00	294.00	281.00	251.00	231.00	194.00	163.00	125.00	121.00	72.00	53.00	21.00	14.00	6.00																																																																
																																																																										14.00	65.00	99.00	127.00	188.00	238.00	326.00	384.00	421.00	466.00	532.00	519.00	521.00	495.00	474.00	461.00	479.00	501.00	495.00	390.00	369.00	328.00	302.00	295.00	229.00	186.00	146.00	108.00	43.00	26.00	0.00																																						0.00	0.00	0.00	70.00	126.00	228.00	255.00	297.00	354.00	418.00	556.00	605.00	630.00	619.00	611.00	544.00	505.00	478.00	468.00	457.00	478.00	486.00	494.00	524.00	513.00	512.00	499.00	482.00	490.00	485.00	466.00	451.00	410.00	397.00	380.00	382.00	311.00	294.00	281.00	251.00	231.00	194.00	163.00	125.00	121.00	72.00	53.00	21.00	14.00	6.00																																																																
																																																																										14.00	65.00	99.00	127.00	188.00	238.00	326.00	384.00	421.00	466.00	532.00	519.00	521.00	495.00	474.00	461.00	479.00	501.00	495.00	390.00	369.00	328.00	302.00	295.00	229.00	186.00	146.00	108.00	43.00	26.00	0.00																																						0.00	0.00	0.00	70.00	126.00	228.00	255.00	297.00	354.00	418.00	556.00	605.00	630.00	619.00	611.00	544.00	505.00	478.00	468.00	457.00	478.00	486.00	494.00	524.00	513.00	512.00	499.00	482.00	490.00	485.00	466.00	451.00	410.00	397.00	380.00	382.00	311.00	294.00	281.00	251.00	231.00	194.00	163.00	125.00	121.00	72.00	53.00	21.00	14.00	6.00																																																																
																																																																										14.00	65.00	99.00	127.00	188.00	238.00	326.00	384.00	421.00	466.00	532.00	519.00	521.00	495.00	474.00	461.00	479.00	501.00	495.00	390.00	369.00	328.00	302.00	295.00	229.00	186.00	146.00	108.00	43.00	26.00	0.00																																						0.00	0.00	0.00	70.00	126.00	228.00	255.00	297.00	354.00	418.00	556.00	605.00	630.00	619.00	611.00	544.00	505.00	478.00	468.00	457.00	478.00	486.00	494.00	524.00	513.00	512.00	499.00	482.00	490.00	485.00	466.00	451.00	410.00	397.00	380.00	382.00	311.00	294.00	281.00	251.00	231.00	194.00	163.00	125.00	121.00	72.00	53.00	21.00	14.00	6.00																																																																
																																																																										14.00	65.00	99.00	127.00	188.00	238.00	326.00	384.00	421.00	466.00	532.00	519.00	521.00	495.00	474.00	461.00	479.00	501.00	495.00	390.00	369.00	328.00	302.00	295.00	229.00	186.00	146.00	108.00	43.00	26.00	0.00																																						0.00	0.00	0.00	70.00	126.00	228.00	255.00	297.00	354.00	418.00	556.00	605.00	630.00	619.00	611.00	544.00	505.00	478.00	468.00	457.00	478.00	486.00	494.00	524.00	513.00	512.00	499.00	482.00	490.00	485.00	466.00	451.00	410.00	397.00	380.00	382.00	311.00	294.00	281.00	251.00	231.00	194.00	163.00	125.00	121.00	72.00	53.00	21.00	14.00	6.00																																																																
																																																																															17.00	30.00	50.00	57.00	80.00	106.00	102.00	102.00	99.00	99.00	96.00	99.00	98.00	81.00	56.00	53.00		23.00	23.00																																														0.00	0.00	0.00	41.00	156.00	188.00	229.00	286.00	360.00	530.00	607.00	643.00	618.00	623.00	579.00	510.00	466.00	456.00	458.00	441.00	421.00	404.00	357.00	324.00	314.00	309.00	272.00	273.00	251.00	244.00	227.00	204.00	185.00	158.00	133.00	89.00	83.00	90.00	61.00	27.00																																																																									
																																																																															17.00	30.00	50.00	57.00	80.00	106.00	102.00	102.00	99.00	99.00	96.00	99.00	98.00	81.00	56.00	53.00		23.00	23.00																																														0.00	0.00	0.00	41.00	156.00	188.00	229.00	286.00	360.00	530.00	607.00	643.00	618.00	623.00	579.00	510.00	466.00	456.00	458.00	441.00	421.00	404.00	357.00	324.00	314.00	309.00	272.00	273.00	251.00	244.00	227.00	204.00	185.00	158.00	133.00	89.00	83.00	90.00	61.00	27.00																																																																									
																																																																															17.00	30.00	50.00	57.00	80.00	106.00	102.00	102.00	99.00	99.00	96.00	99.00	98.00	81.00	56.00	53.00		23.00	23.00																																														0.00	0.00	0.00	41.00	156.00	188.00	229.00	286.00	360.00	530.00	607.00	643.00	618.00	623.00	579.00	510.00	466.00	456.00	458.00	441.00	421.00	404.00	357.00	324.00	314.00	309.00	272.00	273.00	251.00	244.00	227.00	204.00	185.00	158.00	133.00	89.00	83.00	90.00	61.00	27.00																																																																									
																																																																															17.00	30.00	50.00	57.00	80.00	106.00	102.00	102.00	99.00	99.00	96.00	99.00	98.00	81.00	56.00	53.00		23.00	23.00																																														0.00	0.00	0.00	41.00	156.00	188.00	229.00	286.00	360.00	530.00	607.00	643.00	618.00	623.00	579.00	510.00	466.00	456.00	458.00	441.00	421.00	404.00	357.00	324.00	314.00	309.00	272.00	273.00	251.00	244.00	227.00	204.00	185.00	158.00	133.00	89.00	83.00	90.00	61.00	27.00																																																																									
																																																																																																																																																			65.00	106.00	146.00	190.00	243.00	374.00	444.00	504.00	521.00	558.00	533.00	490.00	459.00	452.00	474.00	475.00	477.00	469.00	445.00	395.00	338.00	334.00	321.00	304.00	243.00	168.00	155.00	92.00	68.00	52.00	35.00	10.00	9.00	10.00																																																																											
																																																																																																																																																			65.00	106.00	146.00	190.00	243.00	374.00	444.00	504.00	521.00	558.00	533.00	490.00	459.00	452.00	474.00	475.00	477.00	469.00	445.00	395.00	338.00	334.00	321.00	304.00	243.00	168.00	155.00	92.00	68.00	52.00	35.00	10.00	9.00	10.00																																																																											
																																																																																																																																																			65.00	106.00	146.00	190.00	243.00	374.00	444.00	504.00	521.00	558.00	533.00	490.00	459.00	452.00	474.00	475.00	477.00	469.00	445.00	395.00	338.00	334.00	321.00	304.00	243.00	168.00	155.00	92.00	68.00	52.00	35.00	10.00	9.00	10.00																																																																											
																																																																																																																																																			65.00	106.00	146.00	190.00	243.00	374.00	444.00	504.00	521.00	558.00	533.00	490.00	459.00	452.00	474.00	475.00	477.00	469.00	445.00	395.00	338.00	334.00	321.00	304.00	243.00	168.00	155.00	92.00	68.00	52.00	35.00	10.00	9.00	10.00																																																																											
																																																																																																																																																		0.00	0.00	0.00	24.00	44.00	75.00	157.00	190.00	217.00	255.00	319.00	425.00	456.00	458.00	457.00	423.00	410.00	380.00	374.00	353.00	344.00	319.00	281.00	219.00	185.00	136.00	97.00	73.00	22.00	14.00	9.00	3.00																																																																														
																																																																																																																																																		0.00	0.00	0.00	24.00	44.00	75.00	157.00	190.00	217.00	255.00	319.00	425.00	456.00	458.00	457.00	423.00	410.00	380.00	374.00	353.00	344.00	319.00	281.00	219.00	185.00	136.00	97.00	73.00	22.00	14.00	9.00	3.00																																																																														
																																																																																																																																																		0.00	0.00	0.00	24.00	44.00	75.00	157.00	190.00	217.00	255.00	319.00	425.00	456.00	458.00	457.00	423.00	410.00	380.00	374.00	353.00	344.00	319.00	281.00	219.00	185.00	136.00	97.00	73.00	22.00	14.00	9.00	3.00																																																																														
																																																																																																																																																		0.00	0.00	0.00	24.00	44.00	75.00	157.00	190.00	217.00	255.00	319.00	425.00	456.00	458.00	457.00	423.00	410.00	380.00	374.00	353.00	344.00	319.00	281.00	219.00	185.00	136.00	97.00	73.00	22.00	14.00	9.00	3.00																																																																														
																																																																																																																																																				0.00	0.00	0.00	0.00	16.00	36.00	69.00	115.00	247.00	379.00	453.00	459.00	447.00	330.00	274.00	217.00	186.00	145.00	111.00	95.00	52.00	20.00	13.00	0.00																																																																																				
																																																																																																																																																				0.00	0.00	0.00	0.00	16.00	36.00	69.00	115.00	247.00	379.00	453.00	459.00	447.00	330.00	274.00	217.00	186.00	145.00	111.00	95.00	52.00	20.00	13.00	0.00																																																																																				
																																																																																																																																																				0.00	0.00	0.00	0.00	16.00	36.00	69.00	115.00	247.00	379.00	453.00	459.00	447.00	330.00	274.00	217.00	186.00	145.00	111.00	95.00	52.00	20.00	13.00	0.00																																																																																				
																																																																																																																																																				0.00	0.00	0.00	0.00	16.00	36.00	69.00	115.00	247.00	379.00	453.00	459.00	447.00	330.00	274.00	217.00	186.00	145.00	111.00	95.00	52.00	20.00	13.00	0.00																																																																																				
																																																																																																																																																						0.00	0.00	0.00	0.00	0.00	0.00	108.00	262.00	337.00	362.00	311.00	161.00	88.00	50.00	22.00																																																																																											
																																																																																																																																																						0.00	0.00	0.00	0.00	0.00	0.00	108.00	262.00	337.00	362.00	311.00	161.00	88.00	50.00	22.00																																																																																											
																																																																																																																																																						0.00	0.00	0.00	0.00	0.00	0.00	108.00	262.00	337.00	362.00	311.00	161.00	88.00	50.00	22.00																																																																																											
																																																																																																																																																						0.00	0.00	0.00	0.00	0.00	0.00	108.00	262.00	337.00	362.00	311.00	161.00	88.00	50.00	22.00																																																																																											
																																																																																																																																																						0.00	0.00	0.00	0.00	0.00	0.00	108.00	262.00	337.00	362.00	311.00	161.00	88.00	50.00	22.00																																																																																											
																																																																																																																																																											0.00	0.00	103.00	118.00	100.00	58.00																																																																																															
																																																																																																																																																											0.00	0.00	103.00	118.00	100.00	58.00																																																																																															
																																																																																																																																																											0.00	0.00	103.00	118.00	100.00	58.00																																																																																															
																																																																																																																																																											0.00	0.00	103.00	118.00	100.00	58.00																																																																																															
																																																																																																																																																																																																																																																															
																																																																																																																																																																																																																																																															
																																																																																																																																																																																																																																																															
																																																																																																																																																																																																																																																															
																																																																																																																																																																																																																																																															
																																																																																																																																																																																																																																																															
																																																																																																																																																																																																																																																															
																																																																																																																																																																																																																																																															
																																																																																																																																																																																																																																																															
																																																																																																																																																																																																																																																															
																																																																																																																																																																																																																																																															
																																																																																																																																																																																																																																																															
																																																																																																																																																																																																																																																															
																																																																																																																																																																																																																																																															
																																																																																																																																																																																																																																																															
																																																																																																																																																																																																																																																															
																																																																																																																																																																																																																																																															
																																																																																																																																																																																																																																																															
																																																																																																																																																																																																																																																															
																																																																																																																																																																																																																																																															
																																																																																																																																																																																																																																																															
																																																																																																																																																																																																																																																															
																																																																																																																																																																																																																																																															
																																																																																																																																																																																																																																																															
																																																																																																																																																																																																																																																															
6.00																																																																																																																																																																																																																																																															
6.00																																																																																																																																																																																																																																																															
6.00																																																																																																																																																																																																																																																															
6.00																																																																																																																																																																																																																																																															
																																																																																																																																																																																																																																																															
																																																																																																																																																																																																																																																															
																																																																																																																																																																																																																																																															
																																																																																																																																																																																																																																																															
																																																																																																																																																																																																																																																															
																																																																																																																																																																																																																																																															
																																																																																																																																																																																																																																																															
																																																																																																																																																																																																																																																															
																																																																																																																																																																																																																																																															
																																																																																																																																																																																																																																																															
																																																																																																																																																																																																																																																															
																																																																																																																																																																																																																																																															
																																																																																																																																																																																																																																																															
																																																																																																																																																																																																																																																															
																																																																																																																																																																																																																																																															
																																																																																																																																																																																																																																																															
																																																																																																																																																																																																																																																															
																																																																																																																																																																																																																																																															
																																																																																																																																																																																																																																																															
																																																																																																																																																																																																																																																															
																																																																																																																																																																																																																																																															
																																																																																																																																																																																																																																																															
																																																																																																																																																																																																																																																															
																																																																																																																																																																																																																																																															
																																																																																																																																																																																																																																																															
																																																																																																																																																																																																																																																															
																																																																																																																																																																																																																																																															
																																																																																																																																																																																																																																																															
																																																																																																																																																																																																																																																															
																																																																																																																																																																																																																																																															
																																																																																																																																																																																																																																																															
																																																																																																																																																																																																																																																															
																																																																																																																																																																																																																																																															
																																																																																																																																																																																																																																																															
																																																																																																																																																																																																																																																															
																																																																																																																																																																																																																																																															
																																																																																																																																																																																																																																																															
																																																																																																																																																																																																																																																															
																																																																																																																																																																																																																																																															
																																																																																																																																																																																																																																																															
																																																																																																																																																																																																																																																															
																																																																																																																																																																																																																																																															
																																																																																																																																																																																																																																																															
																																																																																																																																																																																																																																																															
																																																																																																																																																																																																																																																															
																																																																																																																																																																																																																																																															
		3.00	1.00	1.00																	55.00																																																																																																																																																																																																																																										
		3.00	1.00	1.00																	55.00																																																																																																																																																																																																																																										
		3.00	1.00	1.00																	55.00																																																																																																																																																																																																																																										
		3.00	1.00	1.00																	55.00																																																																																																																																																																																																																																										
47.00	26.00	13.00	2.00																		116.00	79.00	15.00	1.00	6.00																																																																																																																																																																																																																																						
47.00	26.00	13.00	2.00																		116.00	79.00	15.00	1.00	6.00																																																																																																																																																																																																																																						
47.00	26.00	13.00	2.00																		116.00	79.00	15.00	1.00	6.00																																																																																																																																																																																																																																						
47.00	26.00	13.00	2.00																		116.00	79.00	15.00	1.00	6.00																																																																																																																																																																																																																																						
47.00	26.00	13.00	2.00																		116.00	79.00	15.00	1.00	6.00																																																																																																																																																																																																																																						
47.00	26.00	13.00	2.00																		116.00	79.00	15.00	1.00	6.00																																																																																																																																																																																																																																						
0.00	1.00																					8.00	3.00	2.00	35.00	71.00	49.00	19.00																																																																																																																																																																																																																																			
0.00	1.00																					8.00	3.00	2.00	35.00	71.00	49.00	19.00																																																																																																																																																																																																																																			
0.00	1.00																					8.00	3.00	2.00	35.00	71.00	49.00	19.00																																																																																																																																																																																																																																			
0.00	1.00																					8.00	3.00	2.00	35.00	71.00	49.00	19.00																																																																																																																																																																																																																																			
20.00																									32.00	154.00	150.00	80.00	8.00																																																																																																																																																																																																																																		
20.00																									32.00	154.00	150.00	80.00	8.00																																																																																																																																																																																																																																		
20.00																									32.00	154.00	150.00	80.00	8.00																																																																																																																																																																																																																																		
20.00																									32.00	154.00	150.00	80.00	8.00																																																																																																																																																																																																																																		
102.00	102.00	96.00	56.00																																																																																																																																																																																																																																																												
102.00	102.00	96.00	56.00																																																																																																																																																																																																																																																												
102.00	102.00	96.00	56.00																																																																																																																																																																																																																																																												
102.00	102.00	96.00	56.00																																																																																																																																																																																																																																																												
290.00	251.00	184.00	120.00	8.00	0.00	0.00																																																																																																																																																																																																																																																									
290.00	251.00	184.00	120.00	8.00	0.00	0.00																																																																																																																																																																																																																																																									
290.00	251.00	184.00	120.00	8.00	0.00	0.00																																																																																																																																																																																																																																																									
290.00	251.00	184.00	120.00	8.00	0.00	0.00																																																																																																																																																																																																																																																									
372.00	286.00	206.00	127.00	0.00	0.00	0.00																																																																																																																																																																																																																																																									
372.00	286.00	206.00	127.00	0.00	0.00	0.00																																																																																																																																																																																																																																																									
372.00	286.00	206.00	127.00	0.00	0.00	0.00																																																																																																																																																																																																																																																									
372.00	286.00	206.00	127.00	0.00	0.00	0.00																																																																																																																																																																																																																																																									
295.00	223.00	163.00	85.00																																																																																																																																																																																																																																																												
295.00	223.00	163.00	85.00																																																																																																																																																																																																																																																												
295.00	223.00	163.00	85.00																																																																																																																																																																																																																																																												
295.00	223.00	163.00	85.00																																																																																																																																																																																																																																																												
177.00	107.00	48.00																																																																																																																																																																																																																																																													
177.00	107.00	48.00																																																																																																																																																																																																																																																													
177.00	107.00	48.00																																																																																																																																																																																																																																																													
177.00	107.00	48.00																																																																																																																																																																																																																																																													
																																																																																																																																																																																																																																																															
																																																																																																																																																																																																																																																															
																																																																																																																																																																																																																																																															
																																																																																																																																																																																																																																																															
																																																																																																																																																																																																																																																															
																																																																																																																																																																																																																																																															
																																																																																																																																																																																																																																																															
																																																																																																																																																																																																																																																															
																																																																																																																																																																																																																																																															
																																																																																																																																																																																																																																																															
																																																																																																																																																																																																																																																															
																																																																																																																																																																																																																																																															
																																																																																																																																																																																																																																																															
																																																																																																																																																																																																																																																															
																																																																																																																																																																																																																																																															
																																																																																																																																																																																																																																																															
																																																																																																																																																																																																																																																															
																																																																																																																																																																																																																																																															
																																																																																																																																																																																																																																																															
																																																																																																																																																																																																																																																															
																																																																																																																																																																																																																																																															
																																																																																																																																																																																																																																																															
																																																																																																																																																																																																																																																															
																																																																																																																																																																																																																																																															
																																																																																																																																																																																																																																																															
																																																																																																																																																																																																																																																															
																																																																																																																																																																																																																																																															
																																																																																																																																																																																																																																																															
																																																																																																																																																																																																																																																															
																																																																																																																																																																																																																																																															
																																																																																																																																																																																																																																																															
																																																																																																																																																																																																																																																															
																																																																																																																																																																																																																																																															
																																																																																																																																																																																																																																																															
																																																																																																																																																																																																																																																															
																																																																																																																																																																																																																																																															
																																																																																																																																																																																																																																																															
																																																																																																																																																																																																																																																															
																																																																																																																																																																																																																																																															
																																																																																																																																																																																																																																																															
																																																																																																																																																																																																																																																															
																																																																																																																																																																																																																																																															
																																																																																																																																																																																																																																																															
																																																																																																																																																																																																																																																															
																																																																																																																																																																																																																																																															
																																																																																																																																																																																																																																																															
																																																																																																																																																																																																																																																															
																																																																																																																																																																																																																																																															
																																																																																																																																																																																																																																																															
																																																																																																																																																																																																																																																															
																																																																																																																																																																																																																																																															
																																																																																																																																																																																																																																																															
																																																																																																																																																																																																																																																															
																																																																																																																																																																																																																																																															
																																																																																																																																																																																																																																																															
																																																																																																																																																																																																																																																															
																																																																																																																																																																																																																																																															
																																																																																																																																																																																																																																																															
																																																																																																																																																																																																																																																															
																																																																																																																																																																																																																																																															
																																																																																																																																																																																																																																																															
																																																																																																																																																																																																																																																															
																																																																																																																																																																																																																																																															
																																																																																																																																																																																																																																																															
																																																																																																																																																																																																																																																															
																																																																																																																																																																																																																																																															
																																																																																																																																																																																																																																																															
																																																																																																																																																																																																																																																															
																																																																																																																																																																																																																																																															
																																																																																																																																																																																																																																																															
																																																																																																																																																																																																																																																															
																																																																																																																																																																																																																																																															
																																																																																																																																																																																																																																																															
																																																																																																																																																																																																																																																															
																																																																																																																																																																																																																																																															
																																																																																																																																																																																																																																																															
																																																																																																																																																																																																																																																															
																																																																																																																																																																																																																																																															
																																																																																																																																																																																																																																																															
																																																																																																																																																																																																																																																															
																																																																																																																																																																																																																																																															
																																																																																																																																																																																																																																																															
																																																																																																																																																																																																																																																															
																																																																																																																																																																																																																																																															
																																																																																																																																																																																																																																																															
																																																																																																																																																																																																																																																															
																																																																																																																																																																																																																																																															
																																																																																																																																																																																																																																																															
																																																																																																																																																																																																																																																															
																																																																																																																																																																																																																																																															
																																																																																																																																																																																																																																																															
																																																																																																																																																																																																																																																															
																																																																																																																																																																																																																																																															
																																																																																																																																																																																																																																																															
																																																																																																																																																																																																																																																															
																																																																																																																																																																																																																																																															
																																																																																																																																																																																																																																																															
																																																																																																																																																																																																																																																															
																																																																																																																																																																																																																																																															
																																																																																																																																																																																																																																																															
																																																																																																																																																																																																																																																															
																																																																																																																																																																																																																																																															
																																																																																																																																																																																																																																																															
																																																																																																																																																																																																																																																															
																																																																																																																																																																																																																																																															