2510.00	2510.00	2510.00	2510.00	2510.00	2511.00	2511.00	2511.00	2511.00	2511.00	2511.00	2512.00	2512.00	2512.00	2512.00	2512.00	2512.00	2512.00	2512.00	2512.00	2513.00	2513.00	2513.00	2513.00	2513.00	2513.00	2513.00	2513.00	2513.00	2513.00	2513.00	2514.00	2514.00	2514.00	2514.00	2514.00	2514.00	2514.00	2515.00	2515.00	2515.00	2515.00	2515.00	2515.00	2515.00	2515.00	2515.00	2516.00	2516.00	2516.00	2516.00	2516.00	2516.00	2516.00	2516.00	2516.00	2516.00	2516.00	2516.00	2516.00	2516.00	2517.00	2517.00	2517.00	2517.00	2517.00	2517.00	2517.00	2517.00	2517.00	2517.00	2517.00	2517.00	2517.00	2517.00	2517.00	2517.00	2518.00	2518.00	2518.00	2518.00	2518.00	2518.00	2518.00	2518.00	2518.00	2518.00	2518.00	2519.00	2519.00	2519.00	2519.00	2519.00	2519.00	2519.00	2519.00	2519.00	2519.00	2520.00	2520.00	2520.00	2520.00	2520.00	2520.00	2520.00	2520.00	2520.00	2521.00	2521.00	2521.00	2521.00	2521.00	2521.00	2522.00	2522.00	2522.00	2522.00	2522.00	2522.00	2522.00	2523.00	2523.00	2523.00	2523.00	2523.00	2523.00	2523.00	2523.00	2523.00	2524.00	2524.00	2524.00	2524.00	2524.00	2524.00	2524.00	2524.00	2524.00	2524.00	2524.00	2524.00	2525.00	2525.00	2525.00	2525.00	2525.00	2525.00	2525.00	2525.00	2525.00	2525.00	2525.00	2525.00	2525.00	2525.00	2525.00	2525.00	2525.00	2525.00	2525.00	2526.00	2526.00	2526.00	2526.00	2526.00	2526.00	2526.00	2526.00	2526.00	2526.00	2526.00	2526.00	2526.00	2526.00	2526.00	2526.00	2526.00	2526.00	2526.00	2526.00	2526.00	2526.00	2526.00	2526.00	2526.00	2526.00	2526.00	2526.00	2526.00	2526.00	2526.00	2526.00	2526.00	2526.00	2526.00	2526.00	2526.00	2526.00	2527.00	2527.00	2527.00	2527.00	2527.00	2527.00	2527.00	2527.00	2527.00	2527.00	2527.00	2527.00	2527.00	2527.00	2527.00	2527.00	2527.00	2527.00	2527.00	2528.00	2528.00	2528.00	2528.00	2528.00	2528.00	2528.00	2528.00	2528.00	2528.00	2528.00	2528.00	2528.00	2529.00	2529.00	2529.00	2529.00	2529.00	2529.00	2529.00	2529.00	2529.00	2529.00	2529.00	2529.00	2529.00	2529.00	2530.00	2530.00	2530.00	2530.00	2530.00	2530.00	2530.00	2530.00	2530.00	2530.00	2530.00	2531.00
2510.00	2510.00	2510.00	2510.00	2510.00	2511.00	2511.00	2511.00	2511.00	2511.00	2511.00	2512.00	2512.00	2512.00	2512.00	2512.00	2512.00	2512.00	2512.00	2512.00	2513.00	2513.00	2513.00	2513.00	2513.00	2513.00	2513.00	2513.00	2513.00	2513.00	2513.00	2514.00	2514.00	2514.00	2514.00	2514.00	2514.00	2514.00	2515.00	2515.00	2515.00	2515.00	2515.00	2515.00	2515.00	2515.00	2515.00	2516.00	2516.00	2516.00	2516.00	2516.00	2516.00	2516.00	2516.00	2516.00	2516.00	2516.00	2516.00	2516.00	2516.00	2517.00	2517.00	2517.00	2517.00	2517.00	2517.00	2517.00	2517.00	2517.00	2517.00	2517.00	2517.00	2517.00	2517.00	2517.00	2517.00	2518.00	2518.00	2518.00	2518.00	2518.00	2518.00	2518.00	2518.00	2518.00	2518.00	2518.00	2519.00	2519.00	2519.00	2519.00	2519.00	2519.00	2519.00	2519.00	2519.00	2519.00	2520.00	2520.00	2520.00	2520.00	2520.00	2520.00	2520.00	2520.00	2520.00	2521.00	2521.00	2521.00	2521.00	2521.00	2521.00	2522.00	2522.00	2522.00	2522.00	2522.00	2522.00	2522.00	2523.00	2523.00	2523.00	2523.00	2523.00	2523.00	2523.00	2523.00	2523.00	2524.00	2524.00	2524.00	2524.00	2524.00	2524.00	2524.00	2524.00	2524.00	2524.00	2524.00	2524.00	2525.00	2525.00	2525.00	2525.00	2525.00	2525.00	2525.00	2525.00	2525.00	2525.00	2525.00	2525.00	2525.00	2525.00	2525.00	2525.00	2525.00	2525.00	2525.00	2526.00	2526.00	2526.00	2526.00	2526.00	2526.00	2526.00	2526.00	2526.00	2526.00	2526.00	2526.00	2526.00	2526.00	2526.00	2526.00	2526.00	2526.00	2526.00	2526.00	2526.00	2526.00	2526.00	2526.00	2526.00	2526.00	2526.00	2526.00	2526.00	2526.00	2526.00	2526.00	2526.00	2526.00	2526.00	2526.00	2526.00	2526.00	2527.00	2527.00	2527.00	2527.00	2527.00	2527.00	2527.00	2527.00	2527.00	2527.00	2527.00	2527.00	2527.00	2527.00	2527.00	2527.00	2527.00	2527.00	2527.00	2528.00	2528.00	2528.00	2528.00	2528.00	2528.00	2528.00	2528.00	2528.00	2528.00	2528.00	2528.00	2528.00	2529.00	2529.00	2529.00	2529.00	2529.00	2529.00	2529.00	2529.00	2529.00	2529.00	2529.00	2529.00	2529.00	2529.00	2530.00	2530.00	2530.00	2530.00	2530.00	2530.00	2530.00	2530.00	2530.00	2530.00	2530.00	2531.00
2510.00	2510.00	2510.00	2510.00	2510.00	2511.00	2511.00	2511.00	2511.00	2511.00	2511.00	2512.00	2512.00	2512.00	2512.00	2512.00	2512.00	2512.00	2512.00	2512.00	2513.00	2513.00	2513.00	2513.00	2513.00	2513.00	2513.00	2513.00	2513.00	2513.00	2513.00	2514.00	2514.00	2514.00	2514.00	2514.00	2514.00	2514.00	2515.00	2515.00	2515.00	2515.00	2515.00	2515.00	2515.00	2515.00	2515.00	2516.00	2516.00	2516.00	2516.00	2516.00	2516.00	2516.00	2516.00	2516.00	2516.00	2516.00	2516.00	2516.00	2516.00	2517.00	2517.00	2517.00	2517.00	2517.00	2517.00	2517.00	2517.00	2517.00	2517.00	2517.00	2517.00	2517.00	2517.00	2517.00	2517.00	2518.00	2518.00	2518.00	2518.00	2518.00	2518.00	2518.00	2518.00	2518.00	2518.00	2518.00	2519.00	2519.00	2519.00	2519.00	2519.00	2519.00	2519.00	2519.00	2519.00	2519.00	2520.00	2520.00	2520.00	2520.00	2520.00	2520.00	2520.00	2520.00	2520.00	2521.00	2521.00	2521.00	2521.00	2521.00	2521.00	2522.00	2522.00	2522.00	2522.00	2522.00	2522.00	2522.00	2523.00	2523.00	2523.00	2523.00	2523.00	2523.00	2523.00	2523.00	2523.00	2524.00	2524.00	2524.00	2524.00	2524.00	2524.00	2524.00	2524.00	2524.00	2524.00	2524.00	2524.00	2525.00	2525.00	2525.00	2525.00	2525.00	2525.00	2525.00	2525.00	2525.00	2525.00	2525.00	2525.00	2525.00	2525.00	2525.00	2525.00	2525.00	2525.00	2525.00	2526.00	2526.00	2526.00	2526.00	2526.00	2526.00	2526.00	2526.00	2526.00	2526.00	2526.00	2526.00	2526.00	2526.00	2526.00	2526.00	2526.00	2526.00	2526.00	2526.00	2526.00	2526.00	2526.00	2526.00	2526.00	2526.00	2526.00	2526.00	2526.00	2526.00	2526.00	2526.00	2526.00	2526.00	2526.00	2526.00	2526.00	2526.00	2527.00	2527.00	2527.00	2527.00	2527.00	2527.00	2527.00	2527.00	2527.00	2527.00	2527.00	2527.00	2527.00	2527.00	2527.00	2527.00	2527.00	2527.00	2527.00	2528.00	2528.00	2528.00	2528.00	2528.00	2528.00	2528.00	2528.00	2528.00	2528.00	2528.00	2528.00	2528.00	2529.00	2529.00	2529.00	2529.00	2529.00	2529.00	2529.00	2529.00	2529.00	2529.00	2529.00	2529.00	2529.00	2529.00	2530.00	2530.00	2530.00	2530.00	2530.00	2530.00	2530.00	2530.00	2530.00	2530.00	2530.00	2531.00
2511.00	2512.00	2512.00	2512.00	2512.00	2512.00	2512.00	2512.00	2512.00	2512.00	2513.00	2513.00	2513.00	2513.00	2513.00	2513.00	2513.00	2513.00	2513.00	2514.00	2514.00	2514.00	2514.00	2514.00	2514.00	2514.00	2514.00	2514.00	2515.00	2515.00	2515.00	2515.00	2515.00	2515.00	2515.00	2515.00	2515.00	2515.00	2515.00	2515.00	2515.00	2515.00	2516.00	2516.00	2516.00	2516.00	2516.00	2516.00	2516.00	2516.00	2516.00	2516.00	2516.00	2516.00	2516.00	2516.00	2516.00	2516.00	2517.00	2517.00	2517.00	2517.00	2517.00	2517.00	2517.00	2517.00	2517.00	2517.00	2517.00	2517.00	2517.00	2517.00	2517.00	2517.00	2517.00	2517.00	2517.00	2518.00	2518.00	2518.00	2518.00	2518.00	2518.00	2518.00	2518.00	2518.00	2518.00	2518.00	2518.00	2518.00	2518.00	2519.00	2519.00	2519.00	2519.00	2519.00	2519.00	2519.00	2519.00	2519.00	2520.00	2520.00	2520.00	2520.00	2520.00	2520.00	2520.00	2520.00	2520.00	2521.00	2521.00	2521.00	2521.00	2521.00	2522.00	2522.00	2522.00	2522.00	2522.00	2522.00	2523.00	2523.00	2523.00	2523.00	2523.00	2523.00	2523.00	2523.00	2524.00	2524.00	2524.00	2524.00	2524.00	2524.00	2524.00	2524.00	2524.00	2525.00	2525.00	2525.00	2525.00	2525.00	2525.00	2525.00	2525.00	2525.00	2525.00	2525.00	2526.00	2526.00	2526.00	2526.00	2526.00	2526.00	2526.00	2526.00	2526.00	2526.00	2526.00	2526.00	2526.00	2527.00	2527.00	2527.00	2527.00	2527.00	2527.00	2527.00	2527.00	2527.00	2527.00	2527.00	2527.00	2527.00	2527.00	2527.00	2527.00	2527.00	2527.00	2527.00	2527.00	2527.00	2528.00	2528.00	2528.00	2528.00	2528.00	2528.00	2528.00	2528.00	2528.00	2528.00	2528.00	2528.00	2528.00	2528.00	2528.00	2528.00	2528.00	2528.00	2528.00	2528.00	2528.00	2528.00	2528.00	2528.00	2528.00	2528.00	2528.00	2528.00	2528.00	2528.00	2529.00	2529.00	2529.00	2529.00	2529.00	2529.00	2529.00	2529.00	2529.00	2529.00	2529.00	2529.00	2529.00	2530.00	2530.00	2530.00	2530.00	2530.00	2530.00	2530.00	2530.00	2530.00	2530.00	2530.00	2530.00	2531.00	2531.00	2531.00	2531.00	2531.00	2531.00	2531.00	2531.00	2531.00	2531.00	2531.00	2531.00	2531.00	2531.00	2532.00	2532.00	2532.00	2532.00	2532.00
2511.00	2512.00	2512.00	2512.00	2512.00	2512.00	2512.00	2512.00	2512.00	2512.00	2513.00	2513.00	2513.00	2513.00	2513.00	2513.00	2513.00	2513.00	2513.00	2514.00	2514.00	2514.00	2514.00	2514.00	2514.00	2514.00	2514.00	2514.00	2515.00	2515.00	2515.00	2515.00	2515.00	2515.00	2515.00	2515.00	2515.00	2515.00	2515.00	2515.00	2515.00	2515.00	2516.00	2516.00	2516.00	2516.00	2516.00	2516.00	2516.00	2516.00	2516.00	2516.00	2516.00	2516.00	2516.00	2516.00	2516.00	2516.00	2517.00	2517.00	2517.00	2517.00	2517.00	2517.00	2517.00	2517.00	2517.00	2517.00	2517.00	2517.00	2517.00	2517.00	2517.00	2517.00	2517.00	2517.00	2517.00	2518.00	2518.00	2518.00	2518.00	2518.00	2518.00	2518.00	2518.00	2518.00	2518.00	2518.00	2518.00	2518.00	2518.00	2519.00	2519.00	2519.00	2519.00	2519.00	2519.00	2519.00	2519.00	2519.00	2520.00	2520.00	2520.00	2520.00	2520.00	2520.00	2520.00	2520.00	2520.00	2521.00	2521.00	2521.00	2521.00	2521.00	2522.00	2522.00	2522.00	2522.00	2522.00	2522.00	2523.00	2523.00	2523.00	2523.00	2523.00	2523.00	2523.00	2523.00	2524.00	2524.00	2524.00	2524.00	2524.00	2524.00	2524.00	2524.00	2524.00	2525.00	2525.00	2525.00	2525.00	2525.00	2525.00	2525.00	2525.00	2525.00	2525.00	2525.00	2526.00	2526.00	2526.00	2526.00	2526.00	2526.00	2526.00	2526.00	2526.00	2526.00	2526.00	2526.00	2526.00	2527.00	2527.00	2527.00	2527.00	2527.00	2527.00	2527.00	2527.00	2527.00	2527.00	2527.00	2527.00	2527.00	2527.00	2527.00	2527.00	2527.00	2527.00	2527.00	2527.00	2527.00	2528.00	2528.00	2528.00	2528.00	2528.00	2528.00	2528.00	2528.00	2528.00	2528.00	2528.00	2528.00	2528.00	2528.00	2528.00	2528.00	2528.00	2528.00	2528.00	2528.00	2528.00	2528.00	2528.00	2528.00	2528.00	2528.00	2528.00	2528.00	2528.00	2528.00	2529.00	2529.00	2529.00	2529.00	2529.00	2529.00	2529.00	2529.00	2529.00	2529.00	2529.00	2529.00	2529.00	2530.00	2530.00	2530.00	2530.00	2530.00	2530.00	2530.00	2530.00	2530.00	2530.00	2530.00	2530.00	2531.00	2531.00	2531.00	2531.00	2531.00	2531.00	2531.00	2531.00	2531.00	2531.00	2531.00	2531.00	2531.00	2531.00	2532.00	2532.00	2532.00	2532.00	2532.00
2511.00	2512.00	2512.00	2512.00	2512.00	2512.00	2512.00	2512.00	2512.00	2512.00	2513.00	2513.00	2513.00	2513.00	2513.00	2513.00	2513.00	2513.00	2513.00	2514.00	2514.00	2514.00	2514.00	2514.00	2514.00	2514.00	2514.00	2514.00	2515.00	2515.00	2515.00	2515.00	2515.00	2515.00	2515.00	2515.00	2515.00	2515.00	2515.00	2515.00	2515.00	2515.00	2516.00	2516.00	2516.00	2516.00	2516.00	2516.00	2516.00	2516.00	2516.00	2516.00	2516.00	2516.00	2516.00	2516.00	2516.00	2516.00	2517.00	2517.00	2517.00	2517.00	2517.00	2517.00	2517.00	2517.00	2517.00	2517.00	2517.00	2517.00	2517.00	2517.00	2517.00	2517.00	2517.00	2517.00	2517.00	2518.00	2518.00	2518.00	2518.00	2518.00	2518.00	2518.00	2518.00	2518.00	2518.00	2518.00	2518.00	2518.00	2518.00	2519.00	2519.00	2519.00	2519.00	2519.00	2519.00	2519.00	2519.00	2519.00	2520.00	2520.00	2520.00	2520.00	2520.00	2520.00	2520.00	2520.00	2520.00	2521.00	2521.00	2521.00	2521.00	2521.00	2522.00	2522.00	2522.00	2522.00	2522.00	2522.00	2523.00	2523.00	2523.00	2523.00	2523.00	2523.00	2523.00	2523.00	2524.00	2524.00	2524.00	2524.00	2524.00	2524.00	2524.00	2524.00	2524.00	2525.00	2525.00	2525.00	2525.00	2525.00	2525.00	2525.00	2525.00	2525.00	2525.00	2525.00	2526.00	2526.00	2526.00	2526.00	2526.00	2526.00	2526.00	2526.00	2526.00	2526.00	2526.00	2526.00	2526.00	2527.00	2527.00	2527.00	2527.00	2527.00	2527.00	2527.00	2527.00	2527.00	2527.00	2527.00	2527.00	2527.00	2527.00	2527.00	2527.00	2527.00	2527.00	2527.00	2527.00	2527.00	2528.00	2528.00	2528.00	2528.00	2528.00	2528.00	2528.00	2528.00	2528.00	2528.00	2528.00	2528.00	2528.00	2528.00	2528.00	2528.00	2528.00	2528.00	2528.00	2528.00	2528.00	2528.00	2528.00	2528.00	2528.00	2528.00	2528.00	2528.00	2528.00	2528.00	2529.00	2529.00	2529.00	2529.00	2529.00	2529.00	2529.00	2529.00	2529.00	2529.00	2529.00	2529.00	2529.00	2530.00	2530.00	2530.00	2530.00	2530.00	2530.00	2530.00	2530.00	2530.00	2530.00	2530.00	2530.00	2531.00	2531.00	2531.00	2531.00	2531.00	2531.00	2531.00	2531.00	2531.00	2531.00	2531.00	2531.00	2531.00	2531.00	2532.00	2532.00	2532.00	2532.00	2532.00
2511.00	2512.00	2512.00	2512.00	2512.00	2512.00	2512.00	2512.00	2512.00	2512.00	2513.00	2513.00	2513.00	2513.00	2513.00	2513.00	2513.00	2513.00	2513.00	2514.00	2514.00	2514.00	2514.00	2514.00	2514.00	2514.00	2514.00	2514.00	2515.00	2515.00	2515.00	2515.00	2515.00	2515.00	2515.00	2515.00	2515.00	2515.00	2515.00	2515.00	2515.00	2515.00	2516.00	2516.00	2516.00	2516.00	2516.00	2516.00	2516.00	2516.00	2516.00	2516.00	2516.00	2516.00	2516.00	2516.00	2516.00	2516.00	2517.00	2517.00	2517.00	2517.00	2517.00	2517.00	2517.00	2517.00	2517.00	2517.00	2517.00	2517.00	2517.00	2517.00	2517.00	2517.00	2517.00	2517.00	2517.00	2518.00	2518.00	2518.00	2518.00	2518.00	2518.00	2518.00	2518.00	2518.00	2518.00	2518.00	2518.00	2518.00	2518.00	2519.00	2519.00	2519.00	2519.00	2519.00	2519.00	2519.00	2519.00	2519.00	2520.00	2520.00	2520.00	2520.00	2520.00	2520.00	2520.00	2520.00	2520.00	2521.00	2521.00	2521.00	2521.00	2521.00	2522.00	2522.00	2522.00	2522.00	2522.00	2522.00	2523.00	2523.00	2523.00	2523.00	2523.00	2523.00	2523.00	2523.00	2524.00	2524.00	2524.00	2524.00	2524.00	2524.00	2524.00	2524.00	2524.00	2525.00	2525.00	2525.00	2525.00	2525.00	2525.00	2525.00	2525.00	2525.00	2525.00	2525.00	2526.00	2526.00	2526.00	2526.00	2526.00	2526.00	2526.00	2526.00	2526.00	2526.00	2526.00	2526.00	2526.00	2527.00	2527.00	2527.00	2527.00	2527.00	2527.00	2527.00	2527.00	2527.00	2527.00	2527.00	2527.00	2527.00	2527.00	2527.00	2527.00	2527.00	2527.00	2527.00	2527.00	2527.00	2528.00	2528.00	2528.00	2528.00	2528.00	2528.00	2528.00	2528.00	2528.00	2528.00	2528.00	2528.00	2528.00	2528.00	2528.00	2528.00	2528.00	2528.00	2528.00	2528.00	2528.00	2528.00	2528.00	2528.00	2528.00	2528.00	2528.00	2528.00	2528.00	2528.00	2529.00	2529.00	2529.00	2529.00	2529.00	2529.00	2529.00	2529.00	2529.00	2529.00	2529.00	2529.00	2529.00	2530.00	2530.00	2530.00	2530.00	2530.00	2530.00	2530.00	2530.00	2530.00	2530.00	2530.00	2530.00	2531.00	2531.00	2531.00	2531.00	2531.00	2531.00	2531.00	2531.00	2531.00	2531.00	2531.00	2531.00	2531.00	2531.00	2532.00	2532.00	2532.00	2532.00	2532.00
2511.00	2512.00	2512.00	2512.00	2512.00	2512.00	2512.00	2512.00	2512.00	2512.00	2513.00	2513.00	2513.00	2513.00	2513.00	2513.00	2513.00	2513.00	2513.00	2514.00	2514.00	2514.00	2514.00	2514.00	2514.00	2514.00	2514.00	2514.00	2515.00	2515.00	2515.00	2515.00	2515.00	2515.00	2515.00	2515.00	2515.00	2515.00	2515.00	2515.00	2515.00	2515.00	2516.00	2516.00	2516.00	2516.00	2516.00	2516.00	2516.00	2516.00	2516.00	2516.00	2516.00	2516.00	2516.00	2516.00	2516.00	2516.00	2517.00	2517.00	2517.00	2517.00	2517.00	2517.00	2517.00	2517.00	2517.00	2517.00	2517.00	2517.00	2517.00	2517.00	2517.00	2517.00	2517.00	2517.00	2517.00	2518.00	2518.00	2518.00	2518.00	2518.00	2518.00	2518.00	2518.00	2518.00	2518.00	2518.00	2518.00	2518.00	2518.00	2519.00	2519.00	2519.00	2519.00	2519.00	2519.00	2519.00	2519.00	2519.00	2520.00	2520.00	2520.00	2520.00	2520.00	2520.00	2520.00	2520.00	2520.00	2521.00	2521.00	2521.00	2521.00	2521.00	2522.00	2522.00	2522.00	2522.00	2522.00	2522.00	2523.00	2523.00	2523.00	2523.00	2523.00	2523.00	2523.00	2523.00	2524.00	2524.00	2524.00	2524.00	2524.00	2524.00	2524.00	2524.00	2524.00	2525.00	2525.00	2525.00	2525.00	2525.00	2525.00	2525.00	2525.00	2525.00	2525.00	2525.00	2526.00	2526.00	2526.00	2526.00	2526.00	2526.00	2526.00	2526.00	2526.00	2526.00	2526.00	2526.00	2526.00	2527.00	2527.00	2527.00	2527.00	2527.00	2527.00	2527.00	2527.00	2527.00	2527.00	2527.00	2527.00	2527.00	2527.00	2527.00	2527.00	2527.00	2527.00	2527.00	2527.00	2527.00	2528.00	2528.00	2528.00	2528.00	2528.00	2528.00	2528.00	2528.00	2528.00	2528.00	2528.00	2528.00	2528.00	2528.00	2528.00	2528.00	2528.00	2528.00	2528.00	2528.00	2528.00	2528.00	2528.00	2528.00	2528.00	2528.00	2528.00	2528.00	2528.00	2528.00	2529.00	2529.00	2529.00	2529.00	2529.00	2529.00	2529.00	2529.00	2529.00	2529.00	2529.00	2529.00	2529.00	2530.00	2530.00	2530.00	2530.00	2530.00	2530.00	2530.00	2530.00	2530.00	2530.00	2530.00	2530.00	2531.00	2531.00	2531.00	2531.00	2531.00	2531.00	2531.00	2531.00	2531.00	2531.00	2531.00	2531.00	2531.00	2531.00	2532.00	2532.00	2532.00	2532.00	2532.00
2511.00	2512.00	2512.00	2512.00	2512.00	2512.00	2512.00	2512.00	2512.00	2512.00	2513.00	2513.00	2513.00	2513.00	2513.00	2513.00	2513.00	2513.00	2513.00	2514.00	2514.00	2514.00	2514.00	2514.00	2514.00	2514.00	2514.00	2514.00	2515.00	2515.00	2515.00	2515.00	2515.00	2515.00	2515.00	2515.00	2515.00	2515.00	2515.00	2515.00	2515.00	2515.00	2516.00	2516.00	2516.00	2516.00	2516.00	2516.00	2516.00	2516.00	2516.00	2516.00	2516.00	2516.00	2516.00	2516.00	2516.00	2516.00	2517.00	2517.00	2517.00	2517.00	2517.00	2517.00	2517.00	2517.00	2517.00	2517.00	2517.00	2517.00	2517.00	2517.00	2517.00	2517.00	2517.00	2517.00	2517.00	2518.00	2518.00	2518.00	2518.00	2518.00	2518.00	2518.00	2518.00	2518.00	2518.00	2518.00	2518.00	2518.00	2518.00	2519.00	2519.00	2519.00	2519.00	2519.00	2519.00	2519.00	2519.00	2519.00	2520.00	2520.00	2520.00	2520.00	2520.00	2520.00	2520.00	2520.00	2520.00	2521.00	2521.00	2521.00	2521.00	2521.00	2522.00	2522.00	2522.00	2522.00	2522.00	2522.00	2523.00	2523.00	2523.00	2523.00	2523.00	2523.00	2523.00	2523.00	2524.00	2524.00	2524.00	2524.00	2524.00	2524.00	2524.00	2524.00	2524.00	2525.00	2525.00	2525.00	2525.00	2525.00	2525.00	2525.00	2525.00	2525.00	2525.00	2525.00	2526.00	2526.00	2526.00	2526.00	2526.00	2526.00	2526.00	2526.00	2526.00	2526.00	2526.00	2526.00	2526.00	2527.00	2527.00	2527.00	2527.00	2527.00	2527.00	2527.00	2527.00	2527.00	2527.00	2527.00	2527.00	2527.00	2527.00	2527.00	2527.00	2527.00	2527.00	2527.00	2527.00	2527.00	2528.00	2528.00	2528.00	2528.00	2528.00	2528.00	2528.00	2528.00	2528.00	2528.00	2528.00	2528.00	2528.00	2528.00	2528.00	2528.00	2528.00	2528.00	2528.00	2528.00	2528.00	2528.00	2528.00	2528.00	2528.00	2528.00	2528.00	2528.00	2528.00	2528.00	2529.00	2529.00	2529.00	2529.00	2529.00	2529.00	2529.00	2529.00	2529.00	2529.00	2529.00	2529.00	2529.00	2530.00	2530.00	2530.00	2530.00	2530.00	2530.00	2530.00	2530.00	2530.00	2530.00	2530.00	2530.00	2531.00	2531.00	2531.00	2531.00	2531.00	2531.00	2531.00	2531.00	2531.00	2531.00	2531.00	2531.00	2531.00	2531.00	2532.00	2532.00	2532.00	2532.00	2532.00
2511.00	2512.00	2512.00	2512.00	2512.00	2512.00	2512.00	2512.00	2512.00	2512.00	2513.00	2513.00	2513.00	2513.00	2513.00	2513.00	2513.00	2513.00	2513.00	2514.00	2514.00	2514.00	2514.00	2514.00	2514.00	2514.00	2514.00	2514.00	2515.00	2515.00	2515.00	2515.00	2515.00	2515.00	2515.00	2515.00	2515.00	2515.00	2515.00	2515.00	2515.00	2515.00	2516.00	2516.00	2516.00	2516.00	2516.00	2516.00	2516.00	2516.00	2516.00	2516.00	2516.00	2516.00	2516.00	2516.00	2516.00	2516.00	2517.00	2517.00	2517.00	2517.00	2517.00	2517.00	2517.00	2517.00	2517.00	2517.00	2517.00	2517.00	2517.00	2517.00	2517.00	2517.00	2517.00	2517.00	2517.00	2518.00	2518.00	2518.00	2518.00	2518.00	2518.00	2518.00	2518.00	2518.00	2518.00	2518.00	2518.00	2518.00	2518.00	2519.00	2519.00	2519.00	2519.00	2519.00	2519.00	2519.00	2519.00	2519.00	2520.00	2520.00	2520.00	2520.00	2520.00	2520.00	2520.00	2520.00	2520.00	2521.00	2521.00	2521.00	2521.00	2521.00	2522.00	2522.00	2522.00	2522.00	2522.00	2522.00	2523.00	2523.00	2523.00	2523.00	2523.00	2523.00	2523.00	2523.00	2524.00	2524.00	2524.00	2524.00	2524.00	2524.00	2524.00	2524.00	2524.00	2525.00	2525.00	2525.00	2525.00	2525.00	2525.00	2525.00	2525.00	2525.00	2525.00	2525.00	2526.00	2526.00	2526.00	2526.00	2526.00	2526.00	2526.00	2526.00	2526.00	2526.00	2526.00	2526.00	2526.00	2527.00	2527.00	2527.00	2527.00	2527.00	2527.00	2527.00	2527.00	2527.00	2527.00	2527.00	2527.00	2527.00	2527.00	2527.00	2527.00	2527.00	2527.00	2527.00	2527.00	2527.00	2528.00	2528.00	2528.00	2528.00	2528.00	2528.00	2528.00	2528.00	2528.00	2528.00	2528.00	2528.00	2528.00	2528.00	2528.00	2528.00	2528.00	2528.00	2528.00	2528.00	2528.00	2528.00	2528.00	2528.00	2528.00	2528.00	2528.00	2528.00	2528.00	2528.00	2529.00	2529.00	2529.00	2529.00	2529.00	2529.00	2529.00	2529.00	2529.00	2529.00	2529.00	2529.00	2529.00	2530.00	2530.00	2530.00	2530.00	2530.00	2530.00	2530.00	2530.00	2530.00	2530.00	2530.00	2530.00	2531.00	2531.00	2531.00	2531.00	2531.00	2531.00	2531.00	2531.00	2531.00	2531.00	2531.00	2531.00	2531.00	2531.00	2532.00	2532.00	2532.00	2532.00	2532.00
2511.00	2512.00	2512.00	2512.00	2512.00	2512.00	2512.00	2512.00	2512.00	2512.00	2513.00	2513.00	2513.00	2513.00	2513.00	2513.00	2513.00	2513.00	2513.00	2514.00	2514.00	2514.00	2514.00	2514.00	2514.00	2514.00	2514.00	2514.00	2515.00	2515.00	2515.00	2515.00	2515.00	2515.00	2515.00	2515.00	2515.00	2515.00	2515.00	2515.00	2515.00	2515.00	2516.00	2516.00	2516.00	2516.00	2516.00	2516.00	2516.00	2516.00	2516.00	2516.00	2516.00	2516.00	2516.00	2516.00	2516.00	2516.00	2517.00	2517.00	2517.00	2517.00	2517.00	2517.00	2517.00	2517.00	2517.00	2517.00	2517.00	2517.00	2517.00	2517.00	2517.00	2517.00	2517.00	2517.00	2517.00	2518.00	2518.00	2518.00	2518.00	2518.00	2518.00	2518.00	2518.00	2518.00	2518.00	2518.00	2518.00	2518.00	2518.00	2519.00	2519.00	2519.00	2519.00	2519.00	2519.00	2519.00	2519.00	2519.00	2520.00	2520.00	2520.00	2520.00	2520.00	2520.00	2520.00	2520.00	2520.00	2521.00	2521.00	2521.00	2521.00	2521.00	2522.00	2522.00	2522.00	2522.00	2522.00	2522.00	2523.00	2523.00	2523.00	2523.00	2523.00	2523.00	2523.00	2523.00	2524.00	2524.00	2524.00	2524.00	2524.00	2524.00	2524.00	2524.00	2524.00	2525.00	2525.00	2525.00	2525.00	2525.00	2525.00	2525.00	2525.00	2525.00	2525.00	2525.00	2526.00	2526.00	2526.00	2526.00	2526.00	2526.00	2526.00	2526.00	2526.00	2526.00	2526.00	2526.00	2526.00	2527.00	2527.00	2527.00	2527.00	2527.00	2527.00	2527.00	2527.00	2527.00	2527.00	2527.00	2527.00	2527.00	2527.00	2527.00	2527.00	2527.00	2527.00	2527.00	2527.00	2527.00	2528.00	2528.00	2528.00	2528.00	2528.00	2528.00	2528.00	2528.00	2528.00	2528.00	2528.00	2528.00	2528.00	2528.00	2528.00	2528.00	2528.00	2528.00	2528.00	2528.00	2528.00	2528.00	2528.00	2528.00	2528.00	2528.00	2528.00	2528.00	2528.00	2528.00	2529.00	2529.00	2529.00	2529.00	2529.00	2529.00	2529.00	2529.00	2529.00	2529.00	2529.00	2529.00	2529.00	2530.00	2530.00	2530.00	2530.00	2530.00	2530.00	2530.00	2530.00	2530.00	2530.00	2530.00	2530.00	2531.00	2531.00	2531.00	2531.00	2531.00	2531.00	2531.00	2531.00	2531.00	2531.00	2531.00	2531.00	2531.00	2531.00	2532.00	2532.00	2532.00	2532.00	2532.00
2511.00	2512.00	2512.00	2512.00	2512.00	2512.00	2512.00	2512.00	2512.00	2512.00	2513.00	2513.00	2513.00	2513.00	2513.00	2513.00	2513.00	2513.00	2513.00	2514.00	2514.00	2514.00	2514.00	2514.00	2514.00	2514.00	2514.00	2514.00	2515.00	2515.00	2515.00	2515.00	2515.00	2515.00	2515.00	2515.00	2515.00	2515.00	2515.00	2515.00	2515.00	2515.00	2516.00	2516.00	2516.00	2516.00	2516.00	2516.00	2516.00	2516.00	2516.00	2516.00	2516.00	2516.00	2516.00	2516.00	2516.00	2516.00	2517.00	2517.00	2517.00	2517.00	2517.00	2517.00	2517.00	2517.00	2517.00	2517.00	2517.00	2517.00	2517.00	2517.00	2517.00	2517.00	2517.00	2517.00	2517.00	2518.00	2518.00	2518.00	2518.00	2518.00	2518.00	2518.00	2518.00	2518.00	2518.00	2518.00	2518.00	2518.00	2518.00	2519.00	2519.00	2519.00	2519.00	2519.00	2519.00	2519.00	2519.00	2519.00	2520.00	2520.00	2520.00	2520.00	2520.00	2520.00	2520.00	2520.00	2520.00	2521.00	2521.00	2521.00	2521.00	2521.00	2522.00	2522.00	2522.00	2522.00	2522.00	2522.00	2523.00	2523.00	2523.00	2523.00	2523.00	2523.00	2523.00	2523.00	2524.00	2524.00	2524.00	2524.00	2524.00	2524.00	2524.00	2524.00	2524.00	2525.00	2525.00	2525.00	2525.00	2525.00	2525.00	2525.00	2525.00	2525.00	2525.00	2525.00	2526.00	2526.00	2526.00	2526.00	2526.00	2526.00	2526.00	2526.00	2526.00	2526.00	2526.00	2526.00	2526.00	2527.00	2527.00	2527.00	2527.00	2527.00	2527.00	2527.00	2527.00	2527.00	2527.00	2527.00	2527.00	2527.00	2527.00	2527.00	2527.00	2527.00	2527.00	2527.00	2527.00	2527.00	2528.00	2528.00	2528.00	2528.00	2528.00	2528.00	2528.00	2528.00	2528.00	2528.00	2528.00	2528.00	2528.00	2528.00	2528.00	2528.00	2528.00	2528.00	2528.00	2528.00	2528.00	2528.00	2528.00	2528.00	2528.00	2528.00	2528.00	2528.00	2528.00	2528.00	2529.00	2529.00	2529.00	2529.00	2529.00	2529.00	2529.00	2529.00	2529.00	2529.00	2529.00	2529.00	2529.00	2530.00	2530.00	2530.00	2530.00	2530.00	2530.00	2530.00	2530.00	2530.00	2530.00	2530.00	2530.00	2531.00	2531.00	2531.00	2531.00	2531.00	2531.00	2531.00	2531.00	2531.00	2531.00	2531.00	2531.00	2531.00	2531.00	2532.00	2532.00	2532.00	2532.00	2532.00
2511.00	2512.00	2512.00	2512.00	2512.00	2512.00	2512.00	2512.00	2512.00	2512.00	2513.00	2513.00	2513.00	2513.00	2513.00	2513.00	2513.00	2513.00	2513.00	2514.00	2514.00	2514.00	2514.00	2514.00	2514.00	2514.00	2514.00	2514.00	2515.00	2515.00	2515.00	2515.00	2515.00	2515.00	2515.00	2515.00	2515.00	2515.00	2515.00	2515.00	2515.00	2515.00	2516.00	2516.00	2516.00	2516.00	2516.00	2516.00	2516.00	2516.00	2516.00	2516.00	2516.00	2516.00	2516.00	2516.00	2516.00	2516.00	2517.00	2517.00	2517.00	2517.00	2517.00	2517.00	2517.00	2517.00	2517.00	2517.00	2517.00	2517.00	2517.00	2517.00	2517.00	2517.00	2517.00	2517.00	2517.00	2518.00	2518.00	2518.00	2518.00	2518.00	2518.00	2518.00	2518.00	2518.00	2518.00	2518.00	2518.00	2518.00	2518.00	2519.00	2519.00	2519.00	2519.00	2519.00	2519.00	2519.00	2519.00	2519.00	2520.00	2520.00	2520.00	2520.00	2520.00	2520.00	2520.00	2520.00	2520.00	2521.00	2521.00	2521.00	2521.00	2521.00	2522.00	2522.00	2522.00	2522.00	2522.00	2522.00	2523.00	2523.00	2523.00	2523.00	2523.00	2523.00	2523.00	2523.00	2524.00	2524.00	2524.00	2524.00	2524.00	2524.00	2524.00	2524.00	2524.00	2525.00	2525.00	2525.00	2525.00	2525.00	2525.00	2525.00	2525.00	2525.00	2525.00	2525.00	2526.00	2526.00	2526.00	2526.00	2526.00	2526.00	2526.00	2526.00	2526.00	2526.00	2526.00	2526.00	2526.00	2527.00	2527.00	2527.00	2527.00	2527.00	2527.00	2527.00	2527.00	2527.00	2527.00	2527.00	2527.00	2527.00	2527.00	2527.00	2527.00	2527.00	2527.00	2527.00	2527.00	2527.00	2528.00	2528.00	2528.00	2528.00	2528.00	2528.00	2528.00	2528.00	2528.00	2528.00	2528.00	2528.00	2528.00	2528.00	2528.00	2528.00	2528.00	2528.00	2528.00	2528.00	2528.00	2528.00	2528.00	2528.00	2528.00	2528.00	2528.00	2528.00	2528.00	2528.00	2529.00	2529.00	2529.00	2529.00	2529.00	2529.00	2529.00	2529.00	2529.00	2529.00	2529.00	2529.00	2529.00	2530.00	2530.00	2530.00	2530.00	2530.00	2530.00	2530.00	2530.00	2530.00	2530.00	2530.00	2530.00	2531.00	2531.00	2531.00	2531.00	2531.00	2531.00	2531.00	2531.00	2531.00	2531.00	2531.00	2531.00	2531.00	2531.00	2532.00	2532.00	2532.00	2532.00	2532.00
2511.00	2512.00	2512.00	2512.00	2512.00	2512.00	2512.00	2512.00	2512.00	2512.00	2513.00	2513.00	2513.00	2513.00	2513.00	2513.00	2513.00	2513.00	2513.00	2514.00	2514.00	2514.00	2514.00	2514.00	2514.00	2514.00	2514.00	2514.00	2515.00	2515.00	2515.00	2515.00	2515.00	2515.00	2515.00	2515.00	2515.00	2515.00	2515.00	2515.00	2515.00	2515.00	2516.00	2516.00	2516.00	2516.00	2516.00	2516.00	2516.00	2516.00	2516.00	2516.00	2516.00	2516.00	2516.00	2516.00	2516.00	2516.00	2517.00	2517.00	2517.00	2517.00	2517.00	2517.00	2517.00	2517.00	2517.00	2517.00	2517.00	2517.00	2517.00	2517.00	2517.00	2517.00	2517.00	2517.00	2517.00	2518.00	2518.00	2518.00	2518.00	2518.00	2518.00	2518.00	2518.00	2518.00	2518.00	2518.00	2518.00	2518.00	2518.00	2519.00	2519.00	2519.00	2519.00	2519.00	2519.00	2519.00	2519.00	2519.00	2520.00	2520.00	2520.00	2520.00	2520.00	2520.00	2520.00	2520.00	2520.00	2521.00	2521.00	2521.00	2521.00	2521.00	2522.00	2522.00	2522.00	2522.00	2522.00	2522.00	2523.00	2523.00	2523.00	2523.00	2523.00	2523.00	2523.00	2523.00	2524.00	2524.00	2524.00	2524.00	2524.00	2524.00	2524.00	2524.00	2524.00	2525.00	2525.00	2525.00	2525.00	2525.00	2525.00	2525.00	2525.00	2525.00	2525.00	2525.00	2526.00	2526.00	2526.00	2526.00	2526.00	2526.00	2526.00	2526.00	2526.00	2526.00	2526.00	2526.00	2526.00	2527.00	2527.00	2527.00	2527.00	2527.00	2527.00	2527.00	2527.00	2527.00	2527.00	2527.00	2527.00	2527.00	2527.00	2527.00	2527.00	2527.00	2527.00	2527.00	2527.00	2527.00	2528.00	2528.00	2528.00	2528.00	2528.00	2528.00	2528.00	2528.00	2528.00	2528.00	2528.00	2528.00	2528.00	2528.00	2528.00	2528.00	2528.00	2528.00	2528.00	2528.00	2528.00	2528.00	2528.00	2528.00	2528.00	2528.00	2528.00	2528.00	2528.00	2528.00	2529.00	2529.00	2529.00	2529.00	2529.00	2529.00	2529.00	2529.00	2529.00	2529.00	2529.00	2529.00	2529.00	2530.00	2530.00	2530.00	2530.00	2530.00	2530.00	2530.00	2530.00	2530.00	2530.00	2530.00	2530.00	2531.00	2531.00	2531.00	2531.00	2531.00	2531.00	2531.00	2531.00	2531.00	2531.00	2531.00	2531.00	2531.00	2531.00	2532.00	2532.00	2532.00	2532.00	2532.00
2511.00	2512.00	2512.00	2512.00	2512.00	2512.00	2512.00	2512.00	2512.00	2512.00	2513.00	2513.00	2513.00	2513.00	2513.00	2513.00	2513.00	2513.00	2513.00	2514.00	2514.00	2514.00	2514.00	2514.00	2514.00	2514.00	2514.00	2514.00	2515.00	2515.00	2515.00	2515.00	2515.00	2515.00	2515.00	2515.00	2515.00	2515.00	2515.00	2515.00	2515.00	2515.00	2516.00	2516.00	2516.00	2516.00	2516.00	2516.00	2516.00	2516.00	2516.00	2516.00	2516.00	2516.00	2516.00	2516.00	2516.00	2516.00	2517.00	2517.00	2517.00	2517.00	2517.00	2517.00	2517.00	2517.00	2517.00	2517.00	2517.00	2517.00	2517.00	2517.00	2517.00	2517.00	2517.00	2517.00	2517.00	2518.00	2518.00	2518.00	2518.00	2518.00	2518.00	2518.00	2518.00	2518.00	2518.00	2518.00	2518.00	2518.00	2518.00	2519.00	2519.00	2519.00	2519.00	2519.00	2519.00	2519.00	2519.00	2519.00	2520.00	2520.00	2520.00	2520.00	2520.00	2520.00	2520.00	2520.00	2520.00	2521.00	2521.00	2521.00	2521.00	2521.00	2522.00	2522.00	2522.00	2522.00	2522.00	2522.00	2523.00	2523.00	2523.00	2523.00	2523.00	2523.00	2523.00	2523.00	2524.00	2524.00	2524.00	2524.00	2524.00	2524.00	2524.00	2524.00	2524.00	2525.00	2525.00	2525.00	2525.00	2525.00	2525.00	2525.00	2525.00	2525.00	2525.00	2525.00	2526.00	2526.00	2526.00	2526.00	2526.00	2526.00	2526.00	2526.00	2526.00	2526.00	2526.00	2526.00	2526.00	2527.00	2527.00	2527.00	2527.00	2527.00	2527.00	2527.00	2527.00	2527.00	2527.00	2527.00	2527.00	2527.00	2527.00	2527.00	2527.00	2527.00	2527.00	2527.00	2527.00	2527.00	2528.00	2528.00	2528.00	2528.00	2528.00	2528.00	2528.00	2528.00	2528.00	2528.00	2528.00	2528.00	2528.00	2528.00	2528.00	2528.00	2528.00	2528.00	2528.00	2528.00	2528.00	2528.00	2528.00	2528.00	2528.00	2528.00	2528.00	2528.00	2528.00	2528.00	2529.00	2529.00	2529.00	2529.00	2529.00	2529.00	2529.00	2529.00	2529.00	2529.00	2529.00	2529.00	2529.00	2530.00	2530.00	2530.00	2530.00	2530.00	2530.00	2530.00	2530.00	2530.00	2530.00	2530.00	2530.00	2531.00	2531.00	2531.00	2531.00	2531.00	2531.00	2531.00	2531.00	2531.00	2531.00	2531.00	2531.00	2531.00	2531.00	2532.00	2532.00	2532.00	2532.00	2532.00
2511.00	2512.00	2512.00	2512.00	2512.00	2512.00	2512.00	2512.00	2512.00	2512.00	2513.00	2513.00	2513.00	2513.00	2513.00	2513.00	2513.00	2513.00	2513.00	2514.00	2514.00	2514.00	2514.00	2514.00	2514.00	2514.00	2514.00	2514.00	2515.00	2515.00	2515.00	2515.00	2515.00	2515.00	2515.00	2515.00	2515.00	2515.00	2515.00	2515.00	2515.00	2515.00	2516.00	2516.00	2516.00	2516.00	2516.00	2516.00	2516.00	2516.00	2516.00	2516.00	2516.00	2516.00	2516.00	2516.00	2516.00	2516.00	2517.00	2517.00	2517.00	2517.00	2517.00	2517.00	2517.00	2517.00	2517.00	2517.00	2517.00	2517.00	2517.00	2517.00	2517.00	2517.00	2517.00	2517.00	2517.00	2518.00	2518.00	2518.00	2518.00	2518.00	2518.00	2518.00	2518.00	2518.00	2518.00	2518.00	2518.00	2518.00	2518.00	2519.00	2519.00	2519.00	2519.00	2519.00	2519.00	2519.00	2519.00	2519.00	2520.00	2520.00	2520.00	2520.00	2520.00	2520.00	2520.00	2520.00	2520.00	2521.00	2521.00	2521.00	2521.00	2521.00	2522.00	2522.00	2522.00	2522.00	2522.00	2522.00	2523.00	2523.00	2523.00	2523.00	2523.00	2523.00	2523.00	2523.00	2524.00	2524.00	2524.00	2524.00	2524.00	2524.00	2524.00	2524.00	2524.00	2525.00	2525.00	2525.00	2525.00	2525.00	2525.00	2525.00	2525.00	2525.00	2525.00	2525.00	2526.00	2526.00	2526.00	2526.00	2526.00	2526.00	2526.00	2526.00	2526.00	2526.00	2526.00	2526.00	2526.00	2527.00	2527.00	2527.00	2527.00	2527.00	2527.00	2527.00	2527.00	2527.00	2527.00	2527.00	2527.00	2527.00	2527.00	2527.00	2527.00	2527.00	2527.00	2527.00	2527.00	2527.00	2528.00	2528.00	2528.00	2528.00	2528.00	2528.00	2528.00	2528.00	2528.00	2528.00	2528.00	2528.00	2528.00	2528.00	2528.00	2528.00	2528.00	2528.00	2528.00	2528.00	2528.00	2528.00	2528.00	2528.00	2528.00	2528.00	2528.00	2528.00	2528.00	2528.00	2529.00	2529.00	2529.00	2529.00	2529.00	2529.00	2529.00	2529.00	2529.00	2529.00	2529.00	2529.00	2529.00	2530.00	2530.00	2530.00	2530.00	2530.00	2530.00	2530.00	2530.00	2530.00	2530.00	2530.00	2530.00	2531.00	2531.00	2531.00	2531.00	2531.00	2531.00	2531.00	2531.00	2531.00	2531.00	2531.00	2531.00	2531.00	2531.00	2532.00	2532.00	2532.00	2532.00	2532.00
2511.00	2512.00	2512.00	2512.00	2512.00	2512.00	2512.00	2512.00	2512.00	2512.00	2513.00	2513.00	2513.00	2513.00	2513.00	2513.00	2513.00	2513.00	2513.00	2514.00	2514.00	2514.00	2514.00	2514.00	2514.00	2514.00	2514.00	2514.00	2515.00	2515.00	2515.00	2515.00	2515.00	2515.00	2515.00	2515.00	2515.00	2515.00	2515.00	2515.00	2515.00	2515.00	2516.00	2516.00	2516.00	2516.00	2516.00	2516.00	2516.00	2516.00	2516.00	2516.00	2516.00	2516.00	2516.00	2516.00	2516.00	2516.00	2517.00	2517.00	2517.00	2517.00	2517.00	2517.00	2517.00	2517.00	2517.00	2517.00	2517.00	2517.00	2517.00	2517.00	2517.00	2517.00	2517.00	2517.00	2517.00	2518.00	2518.00	2518.00	2518.00	2518.00	2518.00	2518.00	2518.00	2518.00	2518.00	2518.00	2518.00	2518.00	2518.00	2519.00	2519.00	2519.00	2519.00	2519.00	2519.00	2519.00	2519.00	2519.00	2520.00	2520.00	2520.00	2520.00	2520.00	2520.00	2520.00	2520.00	2520.00	2521.00	2521.00	2521.00	2521.00	2521.00	2522.00	2522.00	2522.00	2522.00	2522.00	2522.00	2523.00	2523.00	2523.00	2523.00	2523.00	2523.00	2523.00	2523.00	2524.00	2524.00	2524.00	2524.00	2524.00	2524.00	2524.00	2524.00	2524.00	2525.00	2525.00	2525.00	2525.00	2525.00	2525.00	2525.00	2525.00	2525.00	2525.00	2525.00	2526.00	2526.00	2526.00	2526.00	2526.00	2526.00	2526.00	2526.00	2526.00	2526.00	2526.00	2526.00	2526.00	2527.00	2527.00	2527.00	2527.00	2527.00	2527.00	2527.00	2527.00	2527.00	2527.00	2527.00	2527.00	2527.00	2527.00	2527.00	2527.00	2527.00	2527.00	2527.00	2527.00	2527.00	2528.00	2528.00	2528.00	2528.00	2528.00	2528.00	2528.00	2528.00	2528.00	2528.00	2528.00	2528.00	2528.00	2528.00	2528.00	2528.00	2528.00	2528.00	2528.00	2528.00	2528.00	2528.00	2528.00	2528.00	2528.00	2528.00	2528.00	2528.00	2528.00	2528.00	2529.00	2529.00	2529.00	2529.00	2529.00	2529.00	2529.00	2529.00	2529.00	2529.00	2529.00	2529.00	2529.00	2530.00	2530.00	2530.00	2530.00	2530.00	2530.00	2530.00	2530.00	2530.00	2530.00	2530.00	2530.00	2531.00	2531.00	2531.00	2531.00	2531.00	2531.00	2531.00	2531.00	2531.00	2531.00	2531.00	2531.00	2531.00	2531.00	2532.00	2532.00	2532.00	2532.00	2532.00
2511.00	2512.00	2512.00	2512.00	2512.00	2512.00	2512.00	2512.00	2512.00	2512.00	2513.00	2513.00	2513.00	2513.00	2513.00	2513.00	2513.00	2513.00	2513.00	2514.00	2514.00	2514.00	2514.00	2514.00	2514.00	2514.00	2514.00	2514.00	2515.00	2515.00	2515.00	2515.00	2515.00	2515.00	2515.00	2515.00	2515.00	2515.00	2515.00	2515.00	2515.00	2515.00	2516.00	2516.00	2516.00	2516.00	2516.00	2516.00	2516.00	2516.00	2516.00	2516.00	2516.00	2516.00	2516.00	2516.00	2516.00	2516.00	2517.00	2517.00	2517.00	2517.00	2517.00	2517.00	2517.00	2517.00	2517.00	2517.00	2517.00	2517.00	2517.00	2517.00	2517.00	2517.00	2517.00	2517.00	2517.00	2518.00	2518.00	2518.00	2518.00	2518.00	2518.00	2518.00	2518.00	2518.00	2518.00	2518.00	2518.00	2518.00	2518.00	2519.00	2519.00	2519.00	2519.00	2519.00	2519.00	2519.00	2519.00	2519.00	2520.00	2520.00	2520.00	2520.00	2520.00	2520.00	2520.00	2520.00	2520.00	2521.00	2521.00	2521.00	2521.00	2521.00	2522.00	2522.00	2522.00	2522.00	2522.00	2522.00	2523.00	2523.00	2523.00	2523.00	2523.00	2523.00	2523.00	2523.00	2524.00	2524.00	2524.00	2524.00	2524.00	2524.00	2524.00	2524.00	2524.00	2525.00	2525.00	2525.00	2525.00	2525.00	2525.00	2525.00	2525.00	2525.00	2525.00	2525.00	2526.00	2526.00	2526.00	2526.00	2526.00	2526.00	2526.00	2526.00	2526.00	2526.00	2526.00	2526.00	2526.00	2527.00	2527.00	2527.00	2527.00	2527.00	2527.00	2527.00	2527.00	2527.00	2527.00	2527.00	2527.00	2527.00	2527.00	2527.00	2527.00	2527.00	2527.00	2527.00	2527.00	2527.00	2528.00	2528.00	2528.00	2528.00	2528.00	2528.00	2528.00	2528.00	2528.00	2528.00	2528.00	2528.00	2528.00	2528.00	2528.00	2528.00	2528.00	2528.00	2528.00	2528.00	2528.00	2528.00	2528.00	2528.00	2528.00	2528.00	2528.00	2528.00	2528.00	2528.00	2529.00	2529.00	2529.00	2529.00	2529.00	2529.00	2529.00	2529.00	2529.00	2529.00	2529.00	2529.00	2529.00	2530.00	2530.00	2530.00	2530.00	2530.00	2530.00	2530.00	2530.00	2530.00	2530.00	2530.00	2530.00	2531.00	2531.00	2531.00	2531.00	2531.00	2531.00	2531.00	2531.00	2531.00	2531.00	2531.00	2531.00	2531.00	2531.00	2532.00	2532.00	2532.00	2532.00	2532.00
2511.00	2512.00	2512.00	2512.00	2512.00	2512.00	2512.00	2512.00	2512.00	2512.00	2513.00	2513.00	2513.00	2513.00	2513.00	2513.00	2513.00	2513.00	2513.00	2514.00	2514.00	2514.00	2514.00	2514.00	2514.00	2514.00	2514.00	2514.00	2515.00	2515.00	2515.00	2515.00	2515.00	2515.00	2515.00	2515.00	2515.00	2515.00	2515.00	2515.00	2515.00	2515.00	2516.00	2516.00	2516.00	2516.00	2516.00	2516.00	2516.00	2516.00	2516.00	2516.00	2516.00	2516.00	2516.00	2516.00	2516.00	2516.00	2517.00	2517.00	2517.00	2517.00	2517.00	2517.00	2517.00	2517.00	2517.00	2517.00	2517.00	2517.00	2517.00	2517.00	2517.00	2517.00	2517.00	2517.00	2517.00	2518.00	2518.00	2518.00	2518.00	2518.00	2518.00	2518.00	2518.00	2518.00	2518.00	2518.00	2518.00	2518.00	2518.00	2519.00	2519.00	2519.00	2519.00	2519.00	2519.00	2519.00	2519.00	2519.00	2520.00	2520.00	2520.00	2520.00	2520.00	2520.00	2520.00	2520.00	2520.00	2521.00	2521.00	2521.00	2521.00	2521.00	2522.00	2522.00	2522.00	2522.00	2522.00	2522.00	2523.00	2523.00	2523.00	2523.00	2523.00	2523.00	2523.00	2523.00	2524.00	2524.00	2524.00	2524.00	2524.00	2524.00	2524.00	2524.00	2524.00	2525.00	2525.00	2525.00	2525.00	2525.00	2525.00	2525.00	2525.00	2525.00	2525.00	2525.00	2526.00	2526.00	2526.00	2526.00	2526.00	2526.00	2526.00	2526.00	2526.00	2526.00	2526.00	2526.00	2526.00	2527.00	2527.00	2527.00	2527.00	2527.00	2527.00	2527.00	2527.00	2527.00	2527.00	2527.00	2527.00	2527.00	2527.00	2527.00	2527.00	2527.00	2527.00	2527.00	2527.00	2527.00	2528.00	2528.00	2528.00	2528.00	2528.00	2528.00	2528.00	2528.00	2528.00	2528.00	2528.00	2528.00	2528.00	2528.00	2528.00	2528.00	2528.00	2528.00	2528.00	2528.00	2528.00	2528.00	2528.00	2528.00	2528.00	2528.00	2528.00	2528.00	2528.00	2528.00	2529.00	2529.00	2529.00	2529.00	2529.00	2529.00	2529.00	2529.00	2529.00	2529.00	2529.00	2529.00	2529.00	2530.00	2530.00	2530.00	2530.00	2530.00	2530.00	2530.00	2530.00	2530.00	2530.00	2530.00	2530.00	2531.00	2531.00	2531.00	2531.00	2531.00	2531.00	2531.00	2531.00	2531.00	2531.00	2531.00	2531.00	2531.00	2531.00	2532.00	2532.00	2532.00	2532.00	2532.00
2513.00	2513.00	2513.00	2514.00	2514.00	2514.00	2514.00	2514.00	2514.00	2514.00	2514.00	2514.00	2514.00	2515.00	2515.00	2515.00	2515.00	2515.00	2515.00	2515.00	2515.00	2515.00	2515.00	2515.00	2515.00	2515.00	2515.00	2515.00	2516.00	2516.00	2516.00	2516.00	2516.00	2516.00	2516.00	2516.00	2516.00	2516.00	2516.00	2516.00	2516.00	2516.00	2516.00	2516.00	2516.00	2516.00	2517.00	2517.00	2517.00	2517.00	2517.00	2517.00	2517.00	2517.00	2517.00	2517.00	2517.00	2517.00	2517.00	2517.00	2517.00	2517.00	2517.00	2517.00	2517.00	2517.00	2518.00	2518.00	2518.00	2518.00	2518.00	2518.00	2518.00	2518.00	2518.00	2518.00	2518.00	2518.00	2518.00	2519.00	2519.00	2519.00	2519.00	2519.00	2519.00	2519.00	2519.00	2519.00	2519.00	2519.00	2520.00	2520.00	2520.00	2520.00	2520.00	2520.00	2520.00	2520.00	2520.00	2520.00	2521.00	2521.00	2521.00	2521.00	2521.00	2521.00	2521.00	2521.00	2521.00	2522.00	2522.00	2522.00	2522.00	2522.00	2523.00	2523.00	2523.00	2523.00	2523.00	2523.00	2524.00	2524.00	2524.00	2524.00	2524.00	2524.00	2524.00	2524.00	2524.00	2525.00	2525.00	2525.00	2525.00	2525.00	2525.00	2525.00	2525.00	2525.00	2525.00	2526.00	2526.00	2526.00	2526.00	2526.00	2526.00	2526.00	2526.00	2526.00	2527.00	2527.00	2527.00	2527.00	2527.00	2527.00	2527.00	2527.00	2527.00	2527.00	2528.00	2528.00	2528.00	2528.00	2528.00	2528.00	2528.00	2528.00	2528.00	2528.00	2528.00	2528.00	2528.00	2528.00	2528.00	2528.00	2528.00	2529.00	2529.00	2529.00	2529.00	2529.00	2529.00	2529.00	2529.00	2529.00	2529.00	2529.00	2529.00	2529.00	2529.00	2529.00	2529.00	2529.00	2529.00	2529.00	2529.00	2529.00	2529.00	2529.00	2529.00	2529.00	2529.00	2530.00	2530.00	2530.00	2530.00	2530.00	2530.00	2530.00	2530.00	2530.00	2530.00	2530.00	2530.00	2530.00	2530.00	2530.00	2530.00	2530.00	2530.00	2531.00	2531.00	2531.00	2531.00	2531.00	2531.00	2531.00	2531.00	2531.00	2531.00	2531.00	2531.00	2531.00	2531.00	2531.00	2532.00	2532.00	2532.00	2532.00	2532.00	2532.00	2532.00	2532.00	2532.00	2532.00	2533.00	2533.00	2533.00	2533.00	2533.00	2533.00	2533.00	2533.00	2533.00	2533.00	2533.00	2534.00
2513.00	2513.00	2513.00	2514.00	2514.00	2514.00	2514.00	2514.00	2514.00	2514.00	2514.00	2514.00	2514.00	2515.00	2515.00	2515.00	2515.00	2515.00	2515.00	2515.00	2515.00	2515.00	2515.00	2515.00	2515.00	2515.00	2515.00	2515.00	2516.00	2516.00	2516.00	2516.00	2516.00	2516.00	2516.00	2516.00	2516.00	2516.00	2516.00	2516.00	2516.00	2516.00	2516.00	2516.00	2516.00	2516.00	2517.00	2517.00	2517.00	2517.00	2517.00	2517.00	2517.00	2517.00	2517.00	2517.00	2517.00	2517.00	2517.00	2517.00	2517.00	2517.00	2517.00	2517.00	2517.00	2517.00	2518.00	2518.00	2518.00	2518.00	2518.00	2518.00	2518.00	2518.00	2518.00	2518.00	2518.00	2518.00	2518.00	2519.00	2519.00	2519.00	2519.00	2519.00	2519.00	2519.00	2519.00	2519.00	2519.00	2519.00	2520.00	2520.00	2520.00	2520.00	2520.00	2520.00	2520.00	2520.00	2520.00	2520.00	2521.00	2521.00	2521.00	2521.00	2521.00	2521.00	2521.00	2521.00	2521.00	2522.00	2522.00	2522.00	2522.00	2522.00	2523.00	2523.00	2523.00	2523.00	2523.00	2523.00	2524.00	2524.00	2524.00	2524.00	2524.00	2524.00	2524.00	2524.00	2524.00	2525.00	2525.00	2525.00	2525.00	2525.00	2525.00	2525.00	2525.00	2525.00	2525.00	2526.00	2526.00	2526.00	2526.00	2526.00	2526.00	2526.00	2526.00	2526.00	2527.00	2527.00	2527.00	2527.00	2527.00	2527.00	2527.00	2527.00	2527.00	2527.00	2528.00	2528.00	2528.00	2528.00	2528.00	2528.00	2528.00	2528.00	2528.00	2528.00	2528.00	2528.00	2528.00	2528.00	2528.00	2528.00	2528.00	2529.00	2529.00	2529.00	2529.00	2529.00	2529.00	2529.00	2529.00	2529.00	2529.00	2529.00	2529.00	2529.00	2529.00	2529.00	2529.00	2529.00	2529.00	2529.00	2529.00	2529.00	2529.00	2529.00	2529.00	2529.00	2529.00	2530.00	2530.00	2530.00	2530.00	2530.00	2530.00	2530.00	2530.00	2530.00	2530.00	2530.00	2530.00	2530.00	2530.00	2530.00	2530.00	2530.00	2530.00	2531.00	2531.00	2531.00	2531.00	2531.00	2531.00	2531.00	2531.00	2531.00	2531.00	2531.00	2531.00	2531.00	2531.00	2531.00	2532.00	2532.00	2532.00	2532.00	2532.00	2532.00	2532.00	2532.00	2532.00	2532.00	2533.00	2533.00	2533.00	2533.00	2533.00	2533.00	2533.00	2533.00	2533.00	2533.00	2533.00	2534.00
2513.00	2513.00	2513.00	2514.00	2514.00	2514.00	2514.00	2514.00	2514.00	2514.00	2514.00	2514.00	2514.00	2515.00	2515.00	2515.00	2515.00	2515.00	2515.00	2515.00	2515.00	2515.00	2515.00	2515.00	2515.00	2515.00	2515.00	2515.00	2516.00	2516.00	2516.00	2516.00	2516.00	2516.00	2516.00	2516.00	2516.00	2516.00	2516.00	2516.00	2516.00	2516.00	2516.00	2516.00	2516.00	2516.00	2517.00	2517.00	2517.00	2517.00	2517.00	2517.00	2517.00	2517.00	2517.00	2517.00	2517.00	2517.00	2517.00	2517.00	2517.00	2517.00	2517.00	2517.00	2517.00	2517.00	2518.00	2518.00	2518.00	2518.00	2518.00	2518.00	2518.00	2518.00	2518.00	2518.00	2518.00	2518.00	2518.00	2519.00	2519.00	2519.00	2519.00	2519.00	2519.00	2519.00	2519.00	2519.00	2519.00	2519.00	2520.00	2520.00	2520.00	2520.00	2520.00	2520.00	2520.00	2520.00	2520.00	2520.00	2521.00	2521.00	2521.00	2521.00	2521.00	2521.00	2521.00	2521.00	2521.00	2522.00	2522.00	2522.00	2522.00	2522.00	2523.00	2523.00	2523.00	2523.00	2523.00	2523.00	2524.00	2524.00	2524.00	2524.00	2524.00	2524.00	2524.00	2524.00	2524.00	2525.00	2525.00	2525.00	2525.00	2525.00	2525.00	2525.00	2525.00	2525.00	2525.00	2526.00	2526.00	2526.00	2526.00	2526.00	2526.00	2526.00	2526.00	2526.00	2527.00	2527.00	2527.00	2527.00	2527.00	2527.00	2527.00	2527.00	2527.00	2527.00	2528.00	2528.00	2528.00	2528.00	2528.00	2528.00	2528.00	2528.00	2528.00	2528.00	2528.00	2528.00	2528.00	2528.00	2528.00	2528.00	2528.00	2529.00	2529.00	2529.00	2529.00	2529.00	2529.00	2529.00	2529.00	2529.00	2529.00	2529.00	2529.00	2529.00	2529.00	2529.00	2529.00	2529.00	2529.00	2529.00	2529.00	2529.00	2529.00	2529.00	2529.00	2529.00	2529.00	2530.00	2530.00	2530.00	2530.00	2530.00	2530.00	2530.00	2530.00	2530.00	2530.00	2530.00	2530.00	2530.00	2530.00	2530.00	2530.00	2530.00	2530.00	2531.00	2531.00	2531.00	2531.00	2531.00	2531.00	2531.00	2531.00	2531.00	2531.00	2531.00	2531.00	2531.00	2531.00	2531.00	2532.00	2532.00	2532.00	2532.00	2532.00	2532.00	2532.00	2532.00	2532.00	2532.00	2533.00	2533.00	2533.00	2533.00	2533.00	2533.00	2533.00	2533.00	2533.00	2533.00	2533.00	2534.00
2513.00	2513.00	2513.00	2514.00	2514.00	2514.00	2514.00	2514.00	2514.00	2514.00	2514.00	2514.00	2514.00	2515.00	2515.00	2515.00	2515.00	2515.00	2515.00	2515.00	2515.00	2515.00	2515.00	2515.00	2515.00	2515.00	2515.00	2515.00	2516.00	2516.00	2516.00	2516.00	2516.00	2516.00	2516.00	2516.00	2516.00	2516.00	2516.00	2516.00	2516.00	2516.00	2516.00	2516.00	2516.00	2516.00	2517.00	2517.00	2517.00	2517.00	2517.00	2517.00	2517.00	2517.00	2517.00	2517.00	2517.00	2517.00	2517.00	2517.00	2517.00	2517.00	2517.00	2517.00	2517.00	2517.00	2518.00	2518.00	2518.00	2518.00	2518.00	2518.00	2518.00	2518.00	2518.00	2518.00	2518.00	2518.00	2518.00	2519.00	2519.00	2519.00	2519.00	2519.00	2519.00	2519.00	2519.00	2519.00	2519.00	2519.00	2520.00	2520.00	2520.00	2520.00	2520.00	2520.00	2520.00	2520.00	2520.00	2520.00	2521.00	2521.00	2521.00	2521.00	2521.00	2521.00	2521.00	2521.00	2521.00	2522.00	2522.00	2522.00	2522.00	2522.00	2523.00	2523.00	2523.00	2523.00	2523.00	2523.00	2524.00	2524.00	2524.00	2524.00	2524.00	2524.00	2524.00	2524.00	2524.00	2525.00	2525.00	2525.00	2525.00	2525.00	2525.00	2525.00	2525.00	2525.00	2525.00	2526.00	2526.00	2526.00	2526.00	2526.00	2526.00	2526.00	2526.00	2526.00	2527.00	2527.00	2527.00	2527.00	2527.00	2527.00	2527.00	2527.00	2527.00	2527.00	2528.00	2528.00	2528.00	2528.00	2528.00	2528.00	2528.00	2528.00	2528.00	2528.00	2528.00	2528.00	2528.00	2528.00	2528.00	2528.00	2528.00	2529.00	2529.00	2529.00	2529.00	2529.00	2529.00	2529.00	2529.00	2529.00	2529.00	2529.00	2529.00	2529.00	2529.00	2529.00	2529.00	2529.00	2529.00	2529.00	2529.00	2529.00	2529.00	2529.00	2529.00	2529.00	2529.00	2530.00	2530.00	2530.00	2530.00	2530.00	2530.00	2530.00	2530.00	2530.00	2530.00	2530.00	2530.00	2530.00	2530.00	2530.00	2530.00	2530.00	2530.00	2531.00	2531.00	2531.00	2531.00	2531.00	2531.00	2531.00	2531.00	2531.00	2531.00	2531.00	2531.00	2531.00	2531.00	2531.00	2532.00	2532.00	2532.00	2532.00	2532.00	2532.00	2532.00	2532.00	2532.00	2532.00	2533.00	2533.00	2533.00	2533.00	2533.00	2533.00	2533.00	2533.00	2533.00	2533.00	2533.00	2534.00
2513.00	2513.00	2513.00	2514.00	2514.00	2514.00	2514.00	2514.00	2514.00	2514.00	2514.00	2514.00	2514.00	2515.00	2515.00	2515.00	2515.00	2515.00	2515.00	2515.00	2515.00	2515.00	2515.00	2515.00	2515.00	2515.00	2515.00	2515.00	2516.00	2516.00	2516.00	2516.00	2516.00	2516.00	2516.00	2516.00	2516.00	2516.00	2516.00	2516.00	2516.00	2516.00	2516.00	2516.00	2516.00	2516.00	2517.00	2517.00	2517.00	2517.00	2517.00	2517.00	2517.00	2517.00	2517.00	2517.00	2517.00	2517.00	2517.00	2517.00	2517.00	2517.00	2517.00	2517.00	2517.00	2517.00	2518.00	2518.00	2518.00	2518.00	2518.00	2518.00	2518.00	2518.00	2518.00	2518.00	2518.00	2518.00	2518.00	2519.00	2519.00	2519.00	2519.00	2519.00	2519.00	2519.00	2519.00	2519.00	2519.00	2519.00	2520.00	2520.00	2520.00	2520.00	2520.00	2520.00	2520.00	2520.00	2520.00	2520.00	2521.00	2521.00	2521.00	2521.00	2521.00	2521.00	2521.00	2521.00	2521.00	2522.00	2522.00	2522.00	2522.00	2522.00	2523.00	2523.00	2523.00	2523.00	2523.00	2523.00	2524.00	2524.00	2524.00	2524.00	2524.00	2524.00	2524.00	2524.00	2524.00	2525.00	2525.00	2525.00	2525.00	2525.00	2525.00	2525.00	2525.00	2525.00	2525.00	2526.00	2526.00	2526.00	2526.00	2526.00	2526.00	2526.00	2526.00	2526.00	2527.00	2527.00	2527.00	2527.00	2527.00	2527.00	2527.00	2527.00	2527.00	2527.00	2528.00	2528.00	2528.00	2528.00	2528.00	2528.00	2528.00	2528.00	2528.00	2528.00	2528.00	2528.00	2528.00	2528.00	2528.00	2528.00	2528.00	2529.00	2529.00	2529.00	2529.00	2529.00	2529.00	2529.00	2529.00	2529.00	2529.00	2529.00	2529.00	2529.00	2529.00	2529.00	2529.00	2529.00	2529.00	2529.00	2529.00	2529.00	2529.00	2529.00	2529.00	2529.00	2529.00	2530.00	2530.00	2530.00	2530.00	2530.00	2530.00	2530.00	2530.00	2530.00	2530.00	2530.00	2530.00	2530.00	2530.00	2530.00	2530.00	2530.00	2530.00	2531.00	2531.00	2531.00	2531.00	2531.00	2531.00	2531.00	2531.00	2531.00	2531.00	2531.00	2531.00	2531.00	2531.00	2531.00	2532.00	2532.00	2532.00	2532.00	2532.00	2532.00	2532.00	2532.00	2532.00	2532.00	2533.00	2533.00	2533.00	2533.00	2533.00	2533.00	2533.00	2533.00	2533.00	2533.00	2533.00	2534.00
2513.00	2513.00	2513.00	2514.00	2514.00	2514.00	2514.00	2514.00	2514.00	2514.00	2514.00	2514.00	2514.00	2515.00	2515.00	2515.00	2515.00	2515.00	2515.00	2515.00	2515.00	2515.00	2515.00	2515.00	2515.00	2515.00	2515.00	2515.00	2516.00	2516.00	2516.00	2516.00	2516.00	2516.00	2516.00	2516.00	2516.00	2516.00	2516.00	2516.00	2516.00	2516.00	2516.00	2516.00	2516.00	2516.00	2517.00	2517.00	2517.00	2517.00	2517.00	2517.00	2517.00	2517.00	2517.00	2517.00	2517.00	2517.00	2517.00	2517.00	2517.00	2517.00	2517.00	2517.00	2517.00	2517.00	2518.00	2518.00	2518.00	2518.00	2518.00	2518.00	2518.00	2518.00	2518.00	2518.00	2518.00	2518.00	2518.00	2519.00	2519.00	2519.00	2519.00	2519.00	2519.00	2519.00	2519.00	2519.00	2519.00	2519.00	2520.00	2520.00	2520.00	2520.00	2520.00	2520.00	2520.00	2520.00	2520.00	2520.00	2521.00	2521.00	2521.00	2521.00	2521.00	2521.00	2521.00	2521.00	2521.00	2522.00	2522.00	2522.00	2522.00	2522.00	2523.00	2523.00	2523.00	2523.00	2523.00	2523.00	2524.00	2524.00	2524.00	2524.00	2524.00	2524.00	2524.00	2524.00	2524.00	2525.00	2525.00	2525.00	2525.00	2525.00	2525.00	2525.00	2525.00	2525.00	2525.00	2526.00	2526.00	2526.00	2526.00	2526.00	2526.00	2526.00	2526.00	2526.00	2527.00	2527.00	2527.00	2527.00	2527.00	2527.00	2527.00	2527.00	2527.00	2527.00	2528.00	2528.00	2528.00	2528.00	2528.00	2528.00	2528.00	2528.00	2528.00	2528.00	2528.00	2528.00	2528.00	2528.00	2528.00	2528.00	2528.00	2529.00	2529.00	2529.00	2529.00	2529.00	2529.00	2529.00	2529.00	2529.00	2529.00	2529.00	2529.00	2529.00	2529.00	2529.00	2529.00	2529.00	2529.00	2529.00	2529.00	2529.00	2529.00	2529.00	2529.00	2529.00	2529.00	2530.00	2530.00	2530.00	2530.00	2530.00	2530.00	2530.00	2530.00	2530.00	2530.00	2530.00	2530.00	2530.00	2530.00	2530.00	2530.00	2530.00	2530.00	2531.00	2531.00	2531.00	2531.00	2531.00	2531.00	2531.00	2531.00	2531.00	2531.00	2531.00	2531.00	2531.00	2531.00	2531.00	2532.00	2532.00	2532.00	2532.00	2532.00	2532.00	2532.00	2532.00	2532.00	2532.00	2533.00	2533.00	2533.00	2533.00	2533.00	2533.00	2533.00	2533.00	2533.00	2533.00	2533.00	2534.00
2513.00	2513.00	2513.00	2514.00	2514.00	2514.00	2514.00	2514.00	2514.00	2514.00	2514.00	2514.00	2514.00	2515.00	2515.00	2515.00	2515.00	2515.00	2515.00	2515.00	2515.00	2515.00	2515.00	2515.00	2515.00	2515.00	2515.00	2515.00	2516.00	2516.00	2516.00	2516.00	2516.00	2516.00	2516.00	2516.00	2516.00	2516.00	2516.00	2516.00	2516.00	2516.00	2516.00	2516.00	2516.00	2516.00	2517.00	2517.00	2517.00	2517.00	2517.00	2517.00	2517.00	2517.00	2517.00	2517.00	2517.00	2517.00	2517.00	2517.00	2517.00	2517.00	2517.00	2517.00	2517.00	2517.00	2518.00	2518.00	2518.00	2518.00	2518.00	2518.00	2518.00	2518.00	2518.00	2518.00	2518.00	2518.00	2518.00	2519.00	2519.00	2519.00	2519.00	2519.00	2519.00	2519.00	2519.00	2519.00	2519.00	2519.00	2520.00	2520.00	2520.00	2520.00	2520.00	2520.00	2520.00	2520.00	2520.00	2520.00	2521.00	2521.00	2521.00	2521.00	2521.00	2521.00	2521.00	2521.00	2521.00	2522.00	2522.00	2522.00	2522.00	2522.00	2523.00	2523.00	2523.00	2523.00	2523.00	2523.00	2524.00	2524.00	2524.00	2524.00	2524.00	2524.00	2524.00	2524.00	2524.00	2525.00	2525.00	2525.00	2525.00	2525.00	2525.00	2525.00	2525.00	2525.00	2525.00	2526.00	2526.00	2526.00	2526.00	2526.00	2526.00	2526.00	2526.00	2526.00	2527.00	2527.00	2527.00	2527.00	2527.00	2527.00	2527.00	2527.00	2527.00	2527.00	2528.00	2528.00	2528.00	2528.00	2528.00	2528.00	2528.00	2528.00	2528.00	2528.00	2528.00	2528.00	2528.00	2528.00	2528.00	2528.00	2528.00	2529.00	2529.00	2529.00	2529.00	2529.00	2529.00	2529.00	2529.00	2529.00	2529.00	2529.00	2529.00	2529.00	2529.00	2529.00	2529.00	2529.00	2529.00	2529.00	2529.00	2529.00	2529.00	2529.00	2529.00	2529.00	2529.00	2530.00	2530.00	2530.00	2530.00	2530.00	2530.00	2530.00	2530.00	2530.00	2530.00	2530.00	2530.00	2530.00	2530.00	2530.00	2530.00	2530.00	2530.00	2531.00	2531.00	2531.00	2531.00	2531.00	2531.00	2531.00	2531.00	2531.00	2531.00	2531.00	2531.00	2531.00	2531.00	2531.00	2532.00	2532.00	2532.00	2532.00	2532.00	2532.00	2532.00	2532.00	2532.00	2532.00	2533.00	2533.00	2533.00	2533.00	2533.00	2533.00	2533.00	2533.00	2533.00	2533.00	2533.00	2534.00
2513.00	2513.00	2513.00	2514.00	2514.00	2514.00	2514.00	2514.00	2514.00	2514.00	2514.00	2514.00	2514.00	2515.00	2515.00	2515.00	2515.00	2515.00	2515.00	2515.00	2515.00	2515.00	2515.00	2515.00	2515.00	2515.00	2515.00	2515.00	2516.00	2516.00	2516.00	2516.00	2516.00	2516.00	2516.00	2516.00	2516.00	2516.00	2516.00	2516.00	2516.00	2516.00	2516.00	2516.00	2516.00	2516.00	2517.00	2517.00	2517.00	2517.00	2517.00	2517.00	2517.00	2517.00	2517.00	2517.00	2517.00	2517.00	2517.00	2517.00	2517.00	2517.00	2517.00	2517.00	2517.00	2517.00	2518.00	2518.00	2518.00	2518.00	2518.00	2518.00	2518.00	2518.00	2518.00	2518.00	2518.00	2518.00	2518.00	2519.00	2519.00	2519.00	2519.00	2519.00	2519.00	2519.00	2519.00	2519.00	2519.00	2519.00	2520.00	2520.00	2520.00	2520.00	2520.00	2520.00	2520.00	2520.00	2520.00	2520.00	2521.00	2521.00	2521.00	2521.00	2521.00	2521.00	2521.00	2521.00	2521.00	2522.00	2522.00	2522.00	2522.00	2522.00	2523.00	2523.00	2523.00	2523.00	2523.00	2523.00	2524.00	2524.00	2524.00	2524.00	2524.00	2524.00	2524.00	2524.00	2524.00	2525.00	2525.00	2525.00	2525.00	2525.00	2525.00	2525.00	2525.00	2525.00	2525.00	2526.00	2526.00	2526.00	2526.00	2526.00	2526.00	2526.00	2526.00	2526.00	2527.00	2527.00	2527.00	2527.00	2527.00	2527.00	2527.00	2527.00	2527.00	2527.00	2528.00	2528.00	2528.00	2528.00	2528.00	2528.00	2528.00	2528.00	2528.00	2528.00	2528.00	2528.00	2528.00	2528.00	2528.00	2528.00	2528.00	2529.00	2529.00	2529.00	2529.00	2529.00	2529.00	2529.00	2529.00	2529.00	2529.00	2529.00	2529.00	2529.00	2529.00	2529.00	2529.00	2529.00	2529.00	2529.00	2529.00	2529.00	2529.00	2529.00	2529.00	2529.00	2529.00	2530.00	2530.00	2530.00	2530.00	2530.00	2530.00	2530.00	2530.00	2530.00	2530.00	2530.00	2530.00	2530.00	2530.00	2530.00	2530.00	2530.00	2530.00	2531.00	2531.00	2531.00	2531.00	2531.00	2531.00	2531.00	2531.00	2531.00	2531.00	2531.00	2531.00	2531.00	2531.00	2531.00	2532.00	2532.00	2532.00	2532.00	2532.00	2532.00	2532.00	2532.00	2532.00	2532.00	2533.00	2533.00	2533.00	2533.00	2533.00	2533.00	2533.00	2533.00	2533.00	2533.00	2533.00	2534.00
2513.00	2513.00	2513.00	2514.00	2514.00	2514.00	2514.00	2514.00	2514.00	2514.00	2514.00	2514.00	2514.00	2515.00	2515.00	2515.00	2515.00	2515.00	2515.00	2515.00	2515.00	2515.00	2515.00	2515.00	2515.00	2515.00	2515.00	2515.00	2516.00	2516.00	2516.00	2516.00	2516.00	2516.00	2516.00	2516.00	2516.00	2516.00	2516.00	2516.00	2516.00	2516.00	2516.00	2516.00	2516.00	2516.00	2517.00	2517.00	2517.00	2517.00	2517.00	2517.00	2517.00	2517.00	2517.00	2517.00	2517.00	2517.00	2517.00	2517.00	2517.00	2517.00	2517.00	2517.00	2517.00	2517.00	2518.00	2518.00	2518.00	2518.00	2518.00	2518.00	2518.00	2518.00	2518.00	2518.00	2518.00	2518.00	2518.00	2519.00	2519.00	2519.00	2519.00	2519.00	2519.00	2519.00	2519.00	2519.00	2519.00	2519.00	2520.00	2520.00	2520.00	2520.00	2520.00	2520.00	2520.00	2520.00	2520.00	2520.00	2521.00	2521.00	2521.00	2521.00	2521.00	2521.00	2521.00	2521.00	2521.00	2522.00	2522.00	2522.00	2522.00	2522.00	2523.00	2523.00	2523.00	2523.00	2523.00	2523.00	2524.00	2524.00	2524.00	2524.00	2524.00	2524.00	2524.00	2524.00	2524.00	2525.00	2525.00	2525.00	2525.00	2525.00	2525.00	2525.00	2525.00	2525.00	2525.00	2526.00	2526.00	2526.00	2526.00	2526.00	2526.00	2526.00	2526.00	2526.00	2527.00	2527.00	2527.00	2527.00	2527.00	2527.00	2527.00	2527.00	2527.00	2527.00	2528.00	2528.00	2528.00	2528.00	2528.00	2528.00	2528.00	2528.00	2528.00	2528.00	2528.00	2528.00	2528.00	2528.00	2528.00	2528.00	2528.00	2529.00	2529.00	2529.00	2529.00	2529.00	2529.00	2529.00	2529.00	2529.00	2529.00	2529.00	2529.00	2529.00	2529.00	2529.00	2529.00	2529.00	2529.00	2529.00	2529.00	2529.00	2529.00	2529.00	2529.00	2529.00	2529.00	2530.00	2530.00	2530.00	2530.00	2530.00	2530.00	2530.00	2530.00	2530.00	2530.00	2530.00	2530.00	2530.00	2530.00	2530.00	2530.00	2530.00	2530.00	2531.00	2531.00	2531.00	2531.00	2531.00	2531.00	2531.00	2531.00	2531.00	2531.00	2531.00	2531.00	2531.00	2531.00	2531.00	2532.00	2532.00	2532.00	2532.00	2532.00	2532.00	2532.00	2532.00	2532.00	2532.00	2533.00	2533.00	2533.00	2533.00	2533.00	2533.00	2533.00	2533.00	2533.00	2533.00	2533.00	2534.00
2513.00	2513.00	2513.00	2514.00	2514.00	2514.00	2514.00	2514.00	2514.00	2514.00	2514.00	2514.00	2514.00	2515.00	2515.00	2515.00	2515.00	2515.00	2515.00	2515.00	2515.00	2515.00	2515.00	2515.00	2515.00	2515.00	2515.00	2515.00	2516.00	2516.00	2516.00	2516.00	2516.00	2516.00	2516.00	2516.00	2516.00	2516.00	2516.00	2516.00	2516.00	2516.00	2516.00	2516.00	2516.00	2516.00	2517.00	2517.00	2517.00	2517.00	2517.00	2517.00	2517.00	2517.00	2517.00	2517.00	2517.00	2517.00	2517.00	2517.00	2517.00	2517.00	2517.00	2517.00	2517.00	2517.00	2518.00	2518.00	2518.00	2518.00	2518.00	2518.00	2518.00	2518.00	2518.00	2518.00	2518.00	2518.00	2518.00	2519.00	2519.00	2519.00	2519.00	2519.00	2519.00	2519.00	2519.00	2519.00	2519.00	2519.00	2520.00	2520.00	2520.00	2520.00	2520.00	2520.00	2520.00	2520.00	2520.00	2520.00	2521.00	2521.00	2521.00	2521.00	2521.00	2521.00	2521.00	2521.00	2521.00	2522.00	2522.00	2522.00	2522.00	2522.00	2523.00	2523.00	2523.00	2523.00	2523.00	2523.00	2524.00	2524.00	2524.00	2524.00	2524.00	2524.00	2524.00	2524.00	2524.00	2525.00	2525.00	2525.00	2525.00	2525.00	2525.00	2525.00	2525.00	2525.00	2525.00	2526.00	2526.00	2526.00	2526.00	2526.00	2526.00	2526.00	2526.00	2526.00	2527.00	2527.00	2527.00	2527.00	2527.00	2527.00	2527.00	2527.00	2527.00	2527.00	2528.00	2528.00	2528.00	2528.00	2528.00	2528.00	2528.00	2528.00	2528.00	2528.00	2528.00	2528.00	2528.00	2528.00	2528.00	2528.00	2528.00	2529.00	2529.00	2529.00	2529.00	2529.00	2529.00	2529.00	2529.00	2529.00	2529.00	2529.00	2529.00	2529.00	2529.00	2529.00	2529.00	2529.00	2529.00	2529.00	2529.00	2529.00	2529.00	2529.00	2529.00	2529.00	2529.00	2530.00	2530.00	2530.00	2530.00	2530.00	2530.00	2530.00	2530.00	2530.00	2530.00	2530.00	2530.00	2530.00	2530.00	2530.00	2530.00	2530.00	2530.00	2531.00	2531.00	2531.00	2531.00	2531.00	2531.00	2531.00	2531.00	2531.00	2531.00	2531.00	2531.00	2531.00	2531.00	2531.00	2532.00	2532.00	2532.00	2532.00	2532.00	2532.00	2532.00	2532.00	2532.00	2532.00	2533.00	2533.00	2533.00	2533.00	2533.00	2533.00	2533.00	2533.00	2533.00	2533.00	2533.00	2534.00
2513.00	2513.00	2513.00	2514.00	2514.00	2514.00	2514.00	2514.00	2514.00	2514.00	2514.00	2514.00	2514.00	2515.00	2515.00	2515.00	2515.00	2515.00	2515.00	2515.00	2515.00	2515.00	2515.00	2515.00	2515.00	2515.00	2515.00	2515.00	2516.00	2516.00	2516.00	2516.00	2516.00	2516.00	2516.00	2516.00	2516.00	2516.00	2516.00	2516.00	2516.00	2516.00	2516.00	2516.00	2516.00	2516.00	2517.00	2517.00	2517.00	2517.00	2517.00	2517.00	2517.00	2517.00	2517.00	2517.00	2517.00	2517.00	2517.00	2517.00	2517.00	2517.00	2517.00	2517.00	2517.00	2517.00	2518.00	2518.00	2518.00	2518.00	2518.00	2518.00	2518.00	2518.00	2518.00	2518.00	2518.00	2518.00	2518.00	2519.00	2519.00	2519.00	2519.00	2519.00	2519.00	2519.00	2519.00	2519.00	2519.00	2519.00	2520.00	2520.00	2520.00	2520.00	2520.00	2520.00	2520.00	2520.00	2520.00	2520.00	2521.00	2521.00	2521.00	2521.00	2521.00	2521.00	2521.00	2521.00	2521.00	2522.00	2522.00	2522.00	2522.00	2522.00	2523.00	2523.00	2523.00	2523.00	2523.00	2523.00	2524.00	2524.00	2524.00	2524.00	2524.00	2524.00	2524.00	2524.00	2524.00	2525.00	2525.00	2525.00	2525.00	2525.00	2525.00	2525.00	2525.00	2525.00	2525.00	2526.00	2526.00	2526.00	2526.00	2526.00	2526.00	2526.00	2526.00	2526.00	2527.00	2527.00	2527.00	2527.00	2527.00	2527.00	2527.00	2527.00	2527.00	2527.00	2528.00	2528.00	2528.00	2528.00	2528.00	2528.00	2528.00	2528.00	2528.00	2528.00	2528.00	2528.00	2528.00	2528.00	2528.00	2528.00	2528.00	2529.00	2529.00	2529.00	2529.00	2529.00	2529.00	2529.00	2529.00	2529.00	2529.00	2529.00	2529.00	2529.00	2529.00	2529.00	2529.00	2529.00	2529.00	2529.00	2529.00	2529.00	2529.00	2529.00	2529.00	2529.00	2529.00	2530.00	2530.00	2530.00	2530.00	2530.00	2530.00	2530.00	2530.00	2530.00	2530.00	2530.00	2530.00	2530.00	2530.00	2530.00	2530.00	2530.00	2530.00	2531.00	2531.00	2531.00	2531.00	2531.00	2531.00	2531.00	2531.00	2531.00	2531.00	2531.00	2531.00	2531.00	2531.00	2531.00	2532.00	2532.00	2532.00	2532.00	2532.00	2532.00	2532.00	2532.00	2532.00	2532.00	2533.00	2533.00	2533.00	2533.00	2533.00	2533.00	2533.00	2533.00	2533.00	2533.00	2533.00	2534.00
2513.00	2513.00	2513.00	2514.00	2514.00	2514.00	2514.00	2514.00	2514.00	2514.00	2514.00	2514.00	2514.00	2515.00	2515.00	2515.00	2515.00	2515.00	2515.00	2515.00	2515.00	2515.00	2515.00	2515.00	2515.00	2515.00	2515.00	2515.00	2516.00	2516.00	2516.00	2516.00	2516.00	2516.00	2516.00	2516.00	2516.00	2516.00	2516.00	2516.00	2516.00	2516.00	2516.00	2516.00	2516.00	2516.00	2517.00	2517.00	2517.00	2517.00	2517.00	2517.00	2517.00	2517.00	2517.00	2517.00	2517.00	2517.00	2517.00	2517.00	2517.00	2517.00	2517.00	2517.00	2517.00	2517.00	2518.00	2518.00	2518.00	2518.00	2518.00	2518.00	2518.00	2518.00	2518.00	2518.00	2518.00	2518.00	2518.00	2519.00	2519.00	2519.00	2519.00	2519.00	2519.00	2519.00	2519.00	2519.00	2519.00	2519.00	2520.00	2520.00	2520.00	2520.00	2520.00	2520.00	2520.00	2520.00	2520.00	2520.00	2521.00	2521.00	2521.00	2521.00	2521.00	2521.00	2521.00	2521.00	2521.00	2522.00	2522.00	2522.00	2522.00	2522.00	2523.00	2523.00	2523.00	2523.00	2523.00	2523.00	2524.00	2524.00	2524.00	2524.00	2524.00	2524.00	2524.00	2524.00	2524.00	2525.00	2525.00	2525.00	2525.00	2525.00	2525.00	2525.00	2525.00	2525.00	2525.00	2526.00	2526.00	2526.00	2526.00	2526.00	2526.00	2526.00	2526.00	2526.00	2527.00	2527.00	2527.00	2527.00	2527.00	2527.00	2527.00	2527.00	2527.00	2527.00	2528.00	2528.00	2528.00	2528.00	2528.00	2528.00	2528.00	2528.00	2528.00	2528.00	2528.00	2528.00	2528.00	2528.00	2528.00	2528.00	2528.00	2529.00	2529.00	2529.00	2529.00	2529.00	2529.00	2529.00	2529.00	2529.00	2529.00	2529.00	2529.00	2529.00	2529.00	2529.00	2529.00	2529.00	2529.00	2529.00	2529.00	2529.00	2529.00	2529.00	2529.00	2529.00	2529.00	2530.00	2530.00	2530.00	2530.00	2530.00	2530.00	2530.00	2530.00	2530.00	2530.00	2530.00	2530.00	2530.00	2530.00	2530.00	2530.00	2530.00	2530.00	2531.00	2531.00	2531.00	2531.00	2531.00	2531.00	2531.00	2531.00	2531.00	2531.00	2531.00	2531.00	2531.00	2531.00	2531.00	2532.00	2532.00	2532.00	2532.00	2532.00	2532.00	2532.00	2532.00	2532.00	2532.00	2533.00	2533.00	2533.00	2533.00	2533.00	2533.00	2533.00	2533.00	2533.00	2533.00	2533.00	2534.00
2513.00	2513.00	2513.00	2514.00	2514.00	2514.00	2514.00	2514.00	2514.00	2514.00	2514.00	2514.00	2514.00	2515.00	2515.00	2515.00	2515.00	2515.00	2515.00	2515.00	2515.00	2515.00	2515.00	2515.00	2515.00	2515.00	2515.00	2515.00	2516.00	2516.00	2516.00	2516.00	2516.00	2516.00	2516.00	2516.00	2516.00	2516.00	2516.00	2516.00	2516.00	2516.00	2516.00	2516.00	2516.00	2516.00	2517.00	2517.00	2517.00	2517.00	2517.00	2517.00	2517.00	2517.00	2517.00	2517.00	2517.00	2517.00	2517.00	2517.00	2517.00	2517.00	2517.00	2517.00	2517.00	2517.00	2518.00	2518.00	2518.00	2518.00	2518.00	2518.00	2518.00	2518.00	2518.00	2518.00	2518.00	2518.00	2518.00	2519.00	2519.00	2519.00	2519.00	2519.00	2519.00	2519.00	2519.00	2519.00	2519.00	2519.00	2520.00	2520.00	2520.00	2520.00	2520.00	2520.00	2520.00	2520.00	2520.00	2520.00	2521.00	2521.00	2521.00	2521.00	2521.00	2521.00	2521.00	2521.00	2521.00	2522.00	2522.00	2522.00	2522.00	2522.00	2523.00	2523.00	2523.00	2523.00	2523.00	2523.00	2524.00	2524.00	2524.00	2524.00	2524.00	2524.00	2524.00	2524.00	2524.00	2525.00	2525.00	2525.00	2525.00	2525.00	2525.00	2525.00	2525.00	2525.00	2525.00	2526.00	2526.00	2526.00	2526.00	2526.00	2526.00	2526.00	2526.00	2526.00	2527.00	2527.00	2527.00	2527.00	2527.00	2527.00	2527.00	2527.00	2527.00	2527.00	2528.00	2528.00	2528.00	2528.00	2528.00	2528.00	2528.00	2528.00	2528.00	2528.00	2528.00	2528.00	2528.00	2528.00	2528.00	2528.00	2528.00	2529.00	2529.00	2529.00	2529.00	2529.00	2529.00	2529.00	2529.00	2529.00	2529.00	2529.00	2529.00	2529.00	2529.00	2529.00	2529.00	2529.00	2529.00	2529.00	2529.00	2529.00	2529.00	2529.00	2529.00	2529.00	2529.00	2530.00	2530.00	2530.00	2530.00	2530.00	2530.00	2530.00	2530.00	2530.00	2530.00	2530.00	2530.00	2530.00	2530.00	2530.00	2530.00	2530.00	2530.00	2531.00	2531.00	2531.00	2531.00	2531.00	2531.00	2531.00	2531.00	2531.00	2531.00	2531.00	2531.00	2531.00	2531.00	2531.00	2532.00	2532.00	2532.00	2532.00	2532.00	2532.00	2532.00	2532.00	2532.00	2532.00	2533.00	2533.00	2533.00	2533.00	2533.00	2533.00	2533.00	2533.00	2533.00	2533.00	2533.00	2534.00
2513.00	2513.00	2513.00	2514.00	2514.00	2514.00	2514.00	2514.00	2514.00	2514.00	2514.00	2514.00	2514.00	2515.00	2515.00	2515.00	2515.00	2515.00	2515.00	2515.00	2515.00	2515.00	2515.00	2515.00	2515.00	2515.00	2515.00	2515.00	2516.00	2516.00	2516.00	2516.00	2516.00	2516.00	2516.00	2516.00	2516.00	2516.00	2516.00	2516.00	2516.00	2516.00	2516.00	2516.00	2516.00	2516.00	2517.00	2517.00	2517.00	2517.00	2517.00	2517.00	2517.00	2517.00	2517.00	2517.00	2517.00	2517.00	2517.00	2517.00	2517.00	2517.00	2517.00	2517.00	2517.00	2517.00	2518.00	2518.00	2518.00	2518.00	2518.00	2518.00	2518.00	2518.00	2518.00	2518.00	2518.00	2518.00	2518.00	2519.00	2519.00	2519.00	2519.00	2519.00	2519.00	2519.00	2519.00	2519.00	2519.00	2519.00	2520.00	2520.00	2520.00	2520.00	2520.00	2520.00	2520.00	2520.00	2520.00	2520.00	2521.00	2521.00	2521.00	2521.00	2521.00	2521.00	2521.00	2521.00	2521.00	2522.00	2522.00	2522.00	2522.00	2522.00	2523.00	2523.00	2523.00	2523.00	2523.00	2523.00	2524.00	2524.00	2524.00	2524.00	2524.00	2524.00	2524.00	2524.00	2524.00	2525.00	2525.00	2525.00	2525.00	2525.00	2525.00	2525.00	2525.00	2525.00	2525.00	2526.00	2526.00	2526.00	2526.00	2526.00	2526.00	2526.00	2526.00	2526.00	2527.00	2527.00	2527.00	2527.00	2527.00	2527.00	2527.00	2527.00	2527.00	2527.00	2528.00	2528.00	2528.00	2528.00	2528.00	2528.00	2528.00	2528.00	2528.00	2528.00	2528.00	2528.00	2528.00	2528.00	2528.00	2528.00	2528.00	2529.00	2529.00	2529.00	2529.00	2529.00	2529.00	2529.00	2529.00	2529.00	2529.00	2529.00	2529.00	2529.00	2529.00	2529.00	2529.00	2529.00	2529.00	2529.00	2529.00	2529.00	2529.00	2529.00	2529.00	2529.00	2529.00	2530.00	2530.00	2530.00	2530.00	2530.00	2530.00	2530.00	2530.00	2530.00	2530.00	2530.00	2530.00	2530.00	2530.00	2530.00	2530.00	2530.00	2530.00	2531.00	2531.00	2531.00	2531.00	2531.00	2531.00	2531.00	2531.00	2531.00	2531.00	2531.00	2531.00	2531.00	2531.00	2531.00	2532.00	2532.00	2532.00	2532.00	2532.00	2532.00	2532.00	2532.00	2532.00	2532.00	2533.00	2533.00	2533.00	2533.00	2533.00	2533.00	2533.00	2533.00	2533.00	2533.00	2533.00	2534.00
2513.00	2513.00	2513.00	2514.00	2514.00	2514.00	2514.00	2514.00	2514.00	2514.00	2514.00	2514.00	2514.00	2515.00	2515.00	2515.00	2515.00	2515.00	2515.00	2515.00	2515.00	2515.00	2515.00	2515.00	2515.00	2515.00	2515.00	2515.00	2516.00	2516.00	2516.00	2516.00	2516.00	2516.00	2516.00	2516.00	2516.00	2516.00	2516.00	2516.00	2516.00	2516.00	2516.00	2516.00	2516.00	2516.00	2517.00	2517.00	2517.00	2517.00	2517.00	2517.00	2517.00	2517.00	2517.00	2517.00	2517.00	2517.00	2517.00	2517.00	2517.00	2517.00	2517.00	2517.00	2517.00	2517.00	2518.00	2518.00	2518.00	2518.00	2518.00	2518.00	2518.00	2518.00	2518.00	2518.00	2518.00	2518.00	2518.00	2519.00	2519.00	2519.00	2519.00	2519.00	2519.00	2519.00	2519.00	2519.00	2519.00	2519.00	2520.00	2520.00	2520.00	2520.00	2520.00	2520.00	2520.00	2520.00	2520.00	2520.00	2521.00	2521.00	2521.00	2521.00	2521.00	2521.00	2521.00	2521.00	2521.00	2522.00	2522.00	2522.00	2522.00	2522.00	2523.00	2523.00	2523.00	2523.00	2523.00	2523.00	2524.00	2524.00	2524.00	2524.00	2524.00	2524.00	2524.00	2524.00	2524.00	2525.00	2525.00	2525.00	2525.00	2525.00	2525.00	2525.00	2525.00	2525.00	2525.00	2526.00	2526.00	2526.00	2526.00	2526.00	2526.00	2526.00	2526.00	2526.00	2527.00	2527.00	2527.00	2527.00	2527.00	2527.00	2527.00	2527.00	2527.00	2527.00	2528.00	2528.00	2528.00	2528.00	2528.00	2528.00	2528.00	2528.00	2528.00	2528.00	2528.00	2528.00	2528.00	2528.00	2528.00	2528.00	2528.00	2529.00	2529.00	2529.00	2529.00	2529.00	2529.00	2529.00	2529.00	2529.00	2529.00	2529.00	2529.00	2529.00	2529.00	2529.00	2529.00	2529.00	2529.00	2529.00	2529.00	2529.00	2529.00	2529.00	2529.00	2529.00	2529.00	2530.00	2530.00	2530.00	2530.00	2530.00	2530.00	2530.00	2530.00	2530.00	2530.00	2530.00	2530.00	2530.00	2530.00	2530.00	2530.00	2530.00	2530.00	2531.00	2531.00	2531.00	2531.00	2531.00	2531.00	2531.00	2531.00	2531.00	2531.00	2531.00	2531.00	2531.00	2531.00	2531.00	2532.00	2532.00	2532.00	2532.00	2532.00	2532.00	2532.00	2532.00	2532.00	2532.00	2533.00	2533.00	2533.00	2533.00	2533.00	2533.00	2533.00	2533.00	2533.00	2533.00	2533.00	2534.00
2513.00	2513.00	2513.00	2514.00	2514.00	2514.00	2514.00	2514.00	2514.00	2514.00	2514.00	2514.00	2514.00	2515.00	2515.00	2515.00	2515.00	2515.00	2515.00	2515.00	2515.00	2515.00	2515.00	2515.00	2515.00	2515.00	2515.00	2515.00	2516.00	2516.00	2516.00	2516.00	2516.00	2516.00	2516.00	2516.00	2516.00	2516.00	2516.00	2516.00	2516.00	2516.00	2516.00	2516.00	2516.00	2516.00	2517.00	2517.00	2517.00	2517.00	2517.00	2517.00	2517.00	2517.00	2517.00	2517.00	2517.00	2517.00	2517.00	2517.00	2517.00	2517.00	2517.00	2517.00	2517.00	2517.00	2518.00	2518.00	2518.00	2518.00	2518.00	2518.00	2518.00	2518.00	2518.00	2518.00	2518.00	2518.00	2518.00	2519.00	2519.00	2519.00	2519.00	2519.00	2519.00	2519.00	2519.00	2519.00	2519.00	2519.00	2520.00	2520.00	2520.00	2520.00	2520.00	2520.00	2520.00	2520.00	2520.00	2520.00	2521.00	2521.00	2521.00	2521.00	2521.00	2521.00	2521.00	2521.00	2521.00	2522.00	2522.00	2522.00	2522.00	2522.00	2523.00	2523.00	2523.00	2523.00	2523.00	2523.00	2524.00	2524.00	2524.00	2524.00	2524.00	2524.00	2524.00	2524.00	2524.00	2525.00	2525.00	2525.00	2525.00	2525.00	2525.00	2525.00	2525.00	2525.00	2525.00	2526.00	2526.00	2526.00	2526.00	2526.00	2526.00	2526.00	2526.00	2526.00	2527.00	2527.00	2527.00	2527.00	2527.00	2527.00	2527.00	2527.00	2527.00	2527.00	2528.00	2528.00	2528.00	2528.00	2528.00	2528.00	2528.00	2528.00	2528.00	2528.00	2528.00	2528.00	2528.00	2528.00	2528.00	2528.00	2528.00	2529.00	2529.00	2529.00	2529.00	2529.00	2529.00	2529.00	2529.00	2529.00	2529.00	2529.00	2529.00	2529.00	2529.00	2529.00	2529.00	2529.00	2529.00	2529.00	2529.00	2529.00	2529.00	2529.00	2529.00	2529.00	2529.00	2530.00	2530.00	2530.00	2530.00	2530.00	2530.00	2530.00	2530.00	2530.00	2530.00	2530.00	2530.00	2530.00	2530.00	2530.00	2530.00	2530.00	2530.00	2531.00	2531.00	2531.00	2531.00	2531.00	2531.00	2531.00	2531.00	2531.00	2531.00	2531.00	2531.00	2531.00	2531.00	2531.00	2532.00	2532.00	2532.00	2532.00	2532.00	2532.00	2532.00	2532.00	2532.00	2532.00	2533.00	2533.00	2533.00	2533.00	2533.00	2533.00	2533.00	2533.00	2533.00	2533.00	2533.00	2534.00
2513.00	2513.00	2513.00	2514.00	2514.00	2514.00	2514.00	2514.00	2514.00	2514.00	2514.00	2514.00	2514.00	2515.00	2515.00	2515.00	2515.00	2515.00	2515.00	2515.00	2515.00	2515.00	2515.00	2515.00	2515.00	2515.00	2515.00	2515.00	2516.00	2516.00	2516.00	2516.00	2516.00	2516.00	2516.00	2516.00	2516.00	2516.00	2516.00	2516.00	2516.00	2516.00	2516.00	2516.00	2516.00	2516.00	2517.00	2517.00	2517.00	2517.00	2517.00	2517.00	2517.00	2517.00	2517.00	2517.00	2517.00	2517.00	2517.00	2517.00	2517.00	2517.00	2517.00	2517.00	2517.00	2517.00	2518.00	2518.00	2518.00	2518.00	2518.00	2518.00	2518.00	2518.00	2518.00	2518.00	2518.00	2518.00	2518.00	2519.00	2519.00	2519.00	2519.00	2519.00	2519.00	2519.00	2519.00	2519.00	2519.00	2519.00	2520.00	2520.00	2520.00	2520.00	2520.00	2520.00	2520.00	2520.00	2520.00	2520.00	2521.00	2521.00	2521.00	2521.00	2521.00	2521.00	2521.00	2521.00	2521.00	2522.00	2522.00	2522.00	2522.00	2522.00	2523.00	2523.00	2523.00	2523.00	2523.00	2523.00	2524.00	2524.00	2524.00	2524.00	2524.00	2524.00	2524.00	2524.00	2524.00	2525.00	2525.00	2525.00	2525.00	2525.00	2525.00	2525.00	2525.00	2525.00	2525.00	2526.00	2526.00	2526.00	2526.00	2526.00	2526.00	2526.00	2526.00	2526.00	2527.00	2527.00	2527.00	2527.00	2527.00	2527.00	2527.00	2527.00	2527.00	2527.00	2528.00	2528.00	2528.00	2528.00	2528.00	2528.00	2528.00	2528.00	2528.00	2528.00	2528.00	2528.00	2528.00	2528.00	2528.00	2528.00	2528.00	2529.00	2529.00	2529.00	2529.00	2529.00	2529.00	2529.00	2529.00	2529.00	2529.00	2529.00	2529.00	2529.00	2529.00	2529.00	2529.00	2529.00	2529.00	2529.00	2529.00	2529.00	2529.00	2529.00	2529.00	2529.00	2529.00	2530.00	2530.00	2530.00	2530.00	2530.00	2530.00	2530.00	2530.00	2530.00	2530.00	2530.00	2530.00	2530.00	2530.00	2530.00	2530.00	2530.00	2530.00	2531.00	2531.00	2531.00	2531.00	2531.00	2531.00	2531.00	2531.00	2531.00	2531.00	2531.00	2531.00	2531.00	2531.00	2531.00	2532.00	2532.00	2532.00	2532.00	2532.00	2532.00	2532.00	2532.00	2532.00	2532.00	2533.00	2533.00	2533.00	2533.00	2533.00	2533.00	2533.00	2533.00	2533.00	2533.00	2533.00	2534.00
2515.00	2515.00	2515.00	2516.00	2516.00	2516.00	2516.00	2516.00	2516.00	2516.00	2516.00	2516.00	2516.00	2516.00	2516.00	2516.00	2516.00	2517.00	2517.00	2517.00	2517.00	2517.00	2517.00	2517.00	2517.00	2517.00	2517.00	2517.00	2517.00	2517.00	2517.00	2517.00	2517.00	2517.00	2517.00	2517.00	2517.00	2518.00	2518.00	2518.00	2518.00	2518.00	2518.00	2518.00	2518.00	2518.00	2518.00	2518.00	2518.00	2518.00	2518.00	2518.00	2518.00	2518.00	2518.00	2519.00	2519.00	2519.00	2519.00	2519.00	2519.00	2519.00	2519.00	2519.00	2519.00	2519.00	2519.00	2519.00	2519.00	2520.00	2520.00	2520.00	2520.00	2520.00	2520.00	2520.00	2520.00	2520.00	2520.00	2520.00	2520.00	2521.00	2521.00	2521.00	2521.00	2521.00	2521.00	2521.00	2521.00	2521.00	2522.00	2522.00	2522.00	2522.00	2522.00	2522.00	2522.00	2522.00	2523.00	2523.00	2523.00	2523.00	2523.00	2523.00	2523.00	2523.00	2523.00	2524.00	2524.00	2524.00	2524.00	2524.00	2524.00	2524.00	2525.00	2525.00	2525.00	2525.00	2525.00	2525.00	2526.00	2526.00	2526.00	2526.00	2526.00	2526.00	2526.00	2526.00	2526.00	2527.00	2527.00	2527.00	2527.00	2527.00	2527.00	2527.00	2527.00	2528.00	2528.00	2528.00	2528.00	2528.00	2528.00	2528.00	2528.00	2528.00	2528.00	2528.00	2529.00	2529.00	2529.00	2529.00	2529.00	2529.00	2529.00	2529.00	2529.00	2529.00	2530.00	2530.00	2530.00	2530.00	2530.00	2530.00	2530.00	2530.00	2530.00	2530.00	2530.00	2530.00	2530.00	2530.00	2530.00	2530.00	2530.00	2530.00	2530.00	2530.00	2530.00	2530.00	2530.00	2530.00	2530.00	2530.00	2530.00	2530.00	2530.00	2530.00	2530.00	2530.00	2530.00	2530.00	2530.00	2530.00	2530.00	2530.00	2530.00	2530.00	2531.00	2531.00	2531.00	2531.00	2531.00	2531.00	2531.00	2531.00	2531.00	2531.00	2531.00	2531.00	2531.00	2531.00	2531.00	2531.00	2531.00	2531.00	2532.00	2532.00	2532.00	2532.00	2532.00	2532.00	2532.00	2532.00	2532.00	2532.00	2533.00	2533.00	2533.00	2533.00	2533.00	2533.00	2533.00	2533.00	2533.00	2533.00	2533.00	2533.00	2533.00	2534.00	2534.00	2534.00	2534.00	2534.00	2534.00	2534.00	2534.00	2534.00	2534.00	2534.00	2534.00	2534.00	2534.00	2534.00	2535.00	2535.00
2515.00	2515.00	2515.00	2516.00	2516.00	2516.00	2516.00	2516.00	2516.00	2516.00	2516.00	2516.00	2516.00	2516.00	2516.00	2516.00	2516.00	2517.00	2517.00	2517.00	2517.00	2517.00	2517.00	2517.00	2517.00	2517.00	2517.00	2517.00	2517.00	2517.00	2517.00	2517.00	2517.00	2517.00	2517.00	2517.00	2517.00	2518.00	2518.00	2518.00	2518.00	2518.00	2518.00	2518.00	2518.00	2518.00	2518.00	2518.00	2518.00	2518.00	2518.00	2518.00	2518.00	2518.00	2518.00	2519.00	2519.00	2519.00	2519.00	2519.00	2519.00	2519.00	2519.00	2519.00	2519.00	2519.00	2519.00	2519.00	2519.00	2520.00	2520.00	2520.00	2520.00	2520.00	2520.00	2520.00	2520.00	2520.00	2520.00	2520.00	2520.00	2521.00	2521.00	2521.00	2521.00	2521.00	2521.00	2521.00	2521.00	2521.00	2522.00	2522.00	2522.00	2522.00	2522.00	2522.00	2522.00	2522.00	2523.00	2523.00	2523.00	2523.00	2523.00	2523.00	2523.00	2523.00	2523.00	2524.00	2524.00	2524.00	2524.00	2524.00	2524.00	2524.00	2525.00	2525.00	2525.00	2525.00	2525.00	2525.00	2526.00	2526.00	2526.00	2526.00	2526.00	2526.00	2526.00	2526.00	2526.00	2527.00	2527.00	2527.00	2527.00	2527.00	2527.00	2527.00	2527.00	2528.00	2528.00	2528.00	2528.00	2528.00	2528.00	2528.00	2528.00	2528.00	2528.00	2528.00	2529.00	2529.00	2529.00	2529.00	2529.00	2529.00	2529.00	2529.00	2529.00	2529.00	2530.00	2530.00	2530.00	2530.00	2530.00	2530.00	2530.00	2530.00	2530.00	2530.00	2530.00	2530.00	2530.00	2530.00	2530.00	2530.00	2530.00	2530.00	2530.00	2530.00	2530.00	2530.00	2530.00	2530.00	2530.00	2530.00	2530.00	2530.00	2530.00	2530.00	2530.00	2530.00	2530.00	2530.00	2530.00	2530.00	2530.00	2530.00	2530.00	2530.00	2531.00	2531.00	2531.00	2531.00	2531.00	2531.00	2531.00	2531.00	2531.00	2531.00	2531.00	2531.00	2531.00	2531.00	2531.00	2531.00	2531.00	2531.00	2532.00	2532.00	2532.00	2532.00	2532.00	2532.00	2532.00	2532.00	2532.00	2532.00	2533.00	2533.00	2533.00	2533.00	2533.00	2533.00	2533.00	2533.00	2533.00	2533.00	2533.00	2533.00	2533.00	2534.00	2534.00	2534.00	2534.00	2534.00	2534.00	2534.00	2534.00	2534.00	2534.00	2534.00	2534.00	2534.00	2534.00	2534.00	2535.00	2535.00
2515.00	2515.00	2515.00	2516.00	2516.00	2516.00	2516.00	2516.00	2516.00	2516.00	2516.00	2516.00	2516.00	2516.00	2516.00	2516.00	2516.00	2517.00	2517.00	2517.00	2517.00	2517.00	2517.00	2517.00	2517.00	2517.00	2517.00	2517.00	2517.00	2517.00	2517.00	2517.00	2517.00	2517.00	2517.00	2517.00	2517.00	2518.00	2518.00	2518.00	2518.00	2518.00	2518.00	2518.00	2518.00	2518.00	2518.00	2518.00	2518.00	2518.00	2518.00	2518.00	2518.00	2518.00	2518.00	2519.00	2519.00	2519.00	2519.00	2519.00	2519.00	2519.00	2519.00	2519.00	2519.00	2519.00	2519.00	2519.00	2519.00	2520.00	2520.00	2520.00	2520.00	2520.00	2520.00	2520.00	2520.00	2520.00	2520.00	2520.00	2520.00	2521.00	2521.00	2521.00	2521.00	2521.00	2521.00	2521.00	2521.00	2521.00	2522.00	2522.00	2522.00	2522.00	2522.00	2522.00	2522.00	2522.00	2523.00	2523.00	2523.00	2523.00	2523.00	2523.00	2523.00	2523.00	2523.00	2524.00	2524.00	2524.00	2524.00	2524.00	2524.00	2524.00	2525.00	2525.00	2525.00	2525.00	2525.00	2525.00	2526.00	2526.00	2526.00	2526.00	2526.00	2526.00	2526.00	2526.00	2526.00	2527.00	2527.00	2527.00	2527.00	2527.00	2527.00	2527.00	2527.00	2528.00	2528.00	2528.00	2528.00	2528.00	2528.00	2528.00	2528.00	2528.00	2528.00	2528.00	2529.00	2529.00	2529.00	2529.00	2529.00	2529.00	2529.00	2529.00	2529.00	2529.00	2530.00	2530.00	2530.00	2530.00	2530.00	2530.00	2530.00	2530.00	2530.00	2530.00	2530.00	2530.00	2530.00	2530.00	2530.00	2530.00	2530.00	2530.00	2530.00	2530.00	2530.00	2530.00	2530.00	2530.00	2530.00	2530.00	2530.00	2530.00	2530.00	2530.00	2530.00	2530.00	2530.00	2530.00	2530.00	2530.00	2530.00	2530.00	2530.00	2530.00	2531.00	2531.00	2531.00	2531.00	2531.00	2531.00	2531.00	2531.00	2531.00	2531.00	2531.00	2531.00	2531.00	2531.00	2531.00	2531.00	2531.00	2531.00	2532.00	2532.00	2532.00	2532.00	2532.00	2532.00	2532.00	2532.00	2532.00	2532.00	2533.00	2533.00	2533.00	2533.00	2533.00	2533.00	2533.00	2533.00	2533.00	2533.00	2533.00	2533.00	2533.00	2534.00	2534.00	2534.00	2534.00	2534.00	2534.00	2534.00	2534.00	2534.00	2534.00	2534.00	2534.00	2534.00	2534.00	2534.00	2535.00	2535.00
2515.00	2515.00	2515.00	2516.00	2516.00	2516.00	2516.00	2516.00	2516.00	2516.00	2516.00	2516.00	2516.00	2516.00	2516.00	2516.00	2516.00	2517.00	2517.00	2517.00	2517.00	2517.00	2517.00	2517.00	2517.00	2517.00	2517.00	2517.00	2517.00	2517.00	2517.00	2517.00	2517.00	2517.00	2517.00	2517.00	2517.00	2518.00	2518.00	2518.00	2518.00	2518.00	2518.00	2518.00	2518.00	2518.00	2518.00	2518.00	2518.00	2518.00	2518.00	2518.00	2518.00	2518.00	2518.00	2519.00	2519.00	2519.00	2519.00	2519.00	2519.00	2519.00	2519.00	2519.00	2519.00	2519.00	2519.00	2519.00	2519.00	2520.00	2520.00	2520.00	2520.00	2520.00	2520.00	2520.00	2520.00	2520.00	2520.00	2520.00	2520.00	2521.00	2521.00	2521.00	2521.00	2521.00	2521.00	2521.00	2521.00	2521.00	2522.00	2522.00	2522.00	2522.00	2522.00	2522.00	2522.00	2522.00	2523.00	2523.00	2523.00	2523.00	2523.00	2523.00	2523.00	2523.00	2523.00	2524.00	2524.00	2524.00	2524.00	2524.00	2524.00	2524.00	2525.00	2525.00	2525.00	2525.00	2525.00	2525.00	2526.00	2526.00	2526.00	2526.00	2526.00	2526.00	2526.00	2526.00	2526.00	2527.00	2527.00	2527.00	2527.00	2527.00	2527.00	2527.00	2527.00	2528.00	2528.00	2528.00	2528.00	2528.00	2528.00	2528.00	2528.00	2528.00	2528.00	2528.00	2529.00	2529.00	2529.00	2529.00	2529.00	2529.00	2529.00	2529.00	2529.00	2529.00	2530.00	2530.00	2530.00	2530.00	2530.00	2530.00	2530.00	2530.00	2530.00	2530.00	2530.00	2530.00	2530.00	2530.00	2530.00	2530.00	2530.00	2530.00	2530.00	2530.00	2530.00	2530.00	2530.00	2530.00	2530.00	2530.00	2530.00	2530.00	2530.00	2530.00	2530.00	2530.00	2530.00	2530.00	2530.00	2530.00	2530.00	2530.00	2530.00	2530.00	2531.00	2531.00	2531.00	2531.00	2531.00	2531.00	2531.00	2531.00	2531.00	2531.00	2531.00	2531.00	2531.00	2531.00	2531.00	2531.00	2531.00	2531.00	2532.00	2532.00	2532.00	2532.00	2532.00	2532.00	2532.00	2532.00	2532.00	2532.00	2533.00	2533.00	2533.00	2533.00	2533.00	2533.00	2533.00	2533.00	2533.00	2533.00	2533.00	2533.00	2533.00	2534.00	2534.00	2534.00	2534.00	2534.00	2534.00	2534.00	2534.00	2534.00	2534.00	2534.00	2534.00	2534.00	2534.00	2534.00	2535.00	2535.00
2515.00	2515.00	2515.00	2516.00	2516.00	2516.00	2516.00	2516.00	2516.00	2516.00	2516.00	2516.00	2516.00	2516.00	2516.00	2516.00	2516.00	2517.00	2517.00	2517.00	2517.00	2517.00	2517.00	2517.00	2517.00	2517.00	2517.00	2517.00	2517.00	2517.00	2517.00	2517.00	2517.00	2517.00	2517.00	2517.00	2517.00	2518.00	2518.00	2518.00	2518.00	2518.00	2518.00	2518.00	2518.00	2518.00	2518.00	2518.00	2518.00	2518.00	2518.00	2518.00	2518.00	2518.00	2518.00	2519.00	2519.00	2519.00	2519.00	2519.00	2519.00	2519.00	2519.00	2519.00	2519.00	2519.00	2519.00	2519.00	2519.00	2520.00	2520.00	2520.00	2520.00	2520.00	2520.00	2520.00	2520.00	2520.00	2520.00	2520.00	2520.00	2521.00	2521.00	2521.00	2521.00	2521.00	2521.00	2521.00	2521.00	2521.00	2522.00	2522.00	2522.00	2522.00	2522.00	2522.00	2522.00	2522.00	2523.00	2523.00	2523.00	2523.00	2523.00	2523.00	2523.00	2523.00	2523.00	2524.00	2524.00	2524.00	2524.00	2524.00	2524.00	2524.00	2525.00	2525.00	2525.00	2525.00	2525.00	2525.00	2526.00	2526.00	2526.00	2526.00	2526.00	2526.00	2526.00	2526.00	2526.00	2527.00	2527.00	2527.00	2527.00	2527.00	2527.00	2527.00	2527.00	2528.00	2528.00	2528.00	2528.00	2528.00	2528.00	2528.00	2528.00	2528.00	2528.00	2528.00	2529.00	2529.00	2529.00	2529.00	2529.00	2529.00	2529.00	2529.00	2529.00	2529.00	2530.00	2530.00	2530.00	2530.00	2530.00	2530.00	2530.00	2530.00	2530.00	2530.00	2530.00	2530.00	2530.00	2530.00	2530.00	2530.00	2530.00	2530.00	2530.00	2530.00	2530.00	2530.00	2530.00	2530.00	2530.00	2530.00	2530.00	2530.00	2530.00	2530.00	2530.00	2530.00	2530.00	2530.00	2530.00	2530.00	2530.00	2530.00	2530.00	2530.00	2531.00	2531.00	2531.00	2531.00	2531.00	2531.00	2531.00	2531.00	2531.00	2531.00	2531.00	2531.00	2531.00	2531.00	2531.00	2531.00	2531.00	2531.00	2532.00	2532.00	2532.00	2532.00	2532.00	2532.00	2532.00	2532.00	2532.00	2532.00	2533.00	2533.00	2533.00	2533.00	2533.00	2533.00	2533.00	2533.00	2533.00	2533.00	2533.00	2533.00	2533.00	2534.00	2534.00	2534.00	2534.00	2534.00	2534.00	2534.00	2534.00	2534.00	2534.00	2534.00	2534.00	2534.00	2534.00	2534.00	2535.00	2535.00
2515.00	2515.00	2515.00	2516.00	2516.00	2516.00	2516.00	2516.00	2516.00	2516.00	2516.00	2516.00	2516.00	2516.00	2516.00	2516.00	2516.00	2517.00	2517.00	2517.00	2517.00	2517.00	2517.00	2517.00	2517.00	2517.00	2517.00	2517.00	2517.00	2517.00	2517.00	2517.00	2517.00	2517.00	2517.00	2517.00	2517.00	2518.00	2518.00	2518.00	2518.00	2518.00	2518.00	2518.00	2518.00	2518.00	2518.00	2518.00	2518.00	2518.00	2518.00	2518.00	2518.00	2518.00	2518.00	2519.00	2519.00	2519.00	2519.00	2519.00	2519.00	2519.00	2519.00	2519.00	2519.00	2519.00	2519.00	2519.00	2519.00	2520.00	2520.00	2520.00	2520.00	2520.00	2520.00	2520.00	2520.00	2520.00	2520.00	2520.00	2520.00	2521.00	2521.00	2521.00	2521.00	2521.00	2521.00	2521.00	2521.00	2521.00	2522.00	2522.00	2522.00	2522.00	2522.00	2522.00	2522.00	2522.00	2523.00	2523.00	2523.00	2523.00	2523.00	2523.00	2523.00	2523.00	2523.00	2524.00	2524.00	2524.00	2524.00	2524.00	2524.00	2524.00	2525.00	2525.00	2525.00	2525.00	2525.00	2525.00	2526.00	2526.00	2526.00	2526.00	2526.00	2526.00	2526.00	2526.00	2526.00	2527.00	2527.00	2527.00	2527.00	2527.00	2527.00	2527.00	2527.00	2528.00	2528.00	2528.00	2528.00	2528.00	2528.00	2528.00	2528.00	2528.00	2528.00	2528.00	2529.00	2529.00	2529.00	2529.00	2529.00	2529.00	2529.00	2529.00	2529.00	2529.00	2530.00	2530.00	2530.00	2530.00	2530.00	2530.00	2530.00	2530.00	2530.00	2530.00	2530.00	2530.00	2530.00	2530.00	2530.00	2530.00	2530.00	2530.00	2530.00	2530.00	2530.00	2530.00	2530.00	2530.00	2530.00	2530.00	2530.00	2530.00	2530.00	2530.00	2530.00	2530.00	2530.00	2530.00	2530.00	2530.00	2530.00	2530.00	2530.00	2530.00	2531.00	2531.00	2531.00	2531.00	2531.00	2531.00	2531.00	2531.00	2531.00	2531.00	2531.00	2531.00	2531.00	2531.00	2531.00	2531.00	2531.00	2531.00	2532.00	2532.00	2532.00	2532.00	2532.00	2532.00	2532.00	2532.00	2532.00	2532.00	2533.00	2533.00	2533.00	2533.00	2533.00	2533.00	2533.00	2533.00	2533.00	2533.00	2533.00	2533.00	2533.00	2534.00	2534.00	2534.00	2534.00	2534.00	2534.00	2534.00	2534.00	2534.00	2534.00	2534.00	2534.00	2534.00	2534.00	2534.00	2535.00	2535.00
2515.00	2515.00	2515.00	2516.00	2516.00	2516.00	2516.00	2516.00	2516.00	2516.00	2516.00	2516.00	2516.00	2516.00	2516.00	2516.00	2516.00	2517.00	2517.00	2517.00	2517.00	2517.00	2517.00	2517.00	2517.00	2517.00	2517.00	2517.00	2517.00	2517.00	2517.00	2517.00	2517.00	2517.00	2517.00	2517.00	2517.00	2518.00	2518.00	2518.00	2518.00	2518.00	2518.00	2518.00	2518.00	2518.00	2518.00	2518.00	2518.00	2518.00	2518.00	2518.00	2518.00	2518.00	2518.00	2519.00	2519.00	2519.00	2519.00	2519.00	2519.00	2519.00	2519.00	2519.00	2519.00	2519.00	2519.00	2519.00	2519.00	2520.00	2520.00	2520.00	2520.00	2520.00	2520.00	2520.00	2520.00	2520.00	2520.00	2520.00	2520.00	2521.00	2521.00	2521.00	2521.00	2521.00	2521.00	2521.00	2521.00	2521.00	2522.00	2522.00	2522.00	2522.00	2522.00	2522.00	2522.00	2522.00	2523.00	2523.00	2523.00	2523.00	2523.00	2523.00	2523.00	2523.00	2523.00	2524.00	2524.00	2524.00	2524.00	2524.00	2524.00	2524.00	2525.00	2525.00	2525.00	2525.00	2525.00	2525.00	2526.00	2526.00	2526.00	2526.00	2526.00	2526.00	2526.00	2526.00	2526.00	2527.00	2527.00	2527.00	2527.00	2527.00	2527.00	2527.00	2527.00	2528.00	2528.00	2528.00	2528.00	2528.00	2528.00	2528.00	2528.00	2528.00	2528.00	2528.00	2529.00	2529.00	2529.00	2529.00	2529.00	2529.00	2529.00	2529.00	2529.00	2529.00	2530.00	2530.00	2530.00	2530.00	2530.00	2530.00	2530.00	2530.00	2530.00	2530.00	2530.00	2530.00	2530.00	2530.00	2530.00	2530.00	2530.00	2530.00	2530.00	2530.00	2530.00	2530.00	2530.00	2530.00	2530.00	2530.00	2530.00	2530.00	2530.00	2530.00	2530.00	2530.00	2530.00	2530.00	2530.00	2530.00	2530.00	2530.00	2530.00	2530.00	2531.00	2531.00	2531.00	2531.00	2531.00	2531.00	2531.00	2531.00	2531.00	2531.00	2531.00	2531.00	2531.00	2531.00	2531.00	2531.00	2531.00	2531.00	2532.00	2532.00	2532.00	2532.00	2532.00	2532.00	2532.00	2532.00	2532.00	2532.00	2533.00	2533.00	2533.00	2533.00	2533.00	2533.00	2533.00	2533.00	2533.00	2533.00	2533.00	2533.00	2533.00	2534.00	2534.00	2534.00	2534.00	2534.00	2534.00	2534.00	2534.00	2534.00	2534.00	2534.00	2534.00	2534.00	2534.00	2534.00	2535.00	2535.00
2515.00	2515.00	2515.00	2516.00	2516.00	2516.00	2516.00	2516.00	2516.00	2516.00	2516.00	2516.00	2516.00	2516.00	2516.00	2516.00	2516.00	2517.00	2517.00	2517.00	2517.00	2517.00	2517.00	2517.00	2517.00	2517.00	2517.00	2517.00	2517.00	2517.00	2517.00	2517.00	2517.00	2517.00	2517.00	2517.00	2517.00	2518.00	2518.00	2518.00	2518.00	2518.00	2518.00	2518.00	2518.00	2518.00	2518.00	2518.00	2518.00	2518.00	2518.00	2518.00	2518.00	2518.00	2518.00	2519.00	2519.00	2519.00	2519.00	2519.00	2519.00	2519.00	2519.00	2519.00	2519.00	2519.00	2519.00	2519.00	2519.00	2520.00	2520.00	2520.00	2520.00	2520.00	2520.00	2520.00	2520.00	2520.00	2520.00	2520.00	2520.00	2521.00	2521.00	2521.00	2521.00	2521.00	2521.00	2521.00	2521.00	2521.00	2522.00	2522.00	2522.00	2522.00	2522.00	2522.00	2522.00	2522.00	2523.00	2523.00	2523.00	2523.00	2523.00	2523.00	2523.00	2523.00	2523.00	2524.00	2524.00	2524.00	2524.00	2524.00	2524.00	2524.00	2525.00	2525.00	2525.00	2525.00	2525.00	2525.00	2526.00	2526.00	2526.00	2526.00	2526.00	2526.00	2526.00	2526.00	2526.00	2527.00	2527.00	2527.00	2527.00	2527.00	2527.00	2527.00	2527.00	2528.00	2528.00	2528.00	2528.00	2528.00	2528.00	2528.00	2528.00	2528.00	2528.00	2528.00	2529.00	2529.00	2529.00	2529.00	2529.00	2529.00	2529.00	2529.00	2529.00	2529.00	2530.00	2530.00	2530.00	2530.00	2530.00	2530.00	2530.00	2530.00	2530.00	2530.00	2530.00	2530.00	2530.00	2530.00	2530.00	2530.00	2530.00	2530.00	2530.00	2530.00	2530.00	2530.00	2530.00	2530.00	2530.00	2530.00	2530.00	2530.00	2530.00	2530.00	2530.00	2530.00	2530.00	2530.00	2530.00	2530.00	2530.00	2530.00	2530.00	2530.00	2531.00	2531.00	2531.00	2531.00	2531.00	2531.00	2531.00	2531.00	2531.00	2531.00	2531.00	2531.00	2531.00	2531.00	2531.00	2531.00	2531.00	2531.00	2532.00	2532.00	2532.00	2532.00	2532.00	2532.00	2532.00	2532.00	2532.00	2532.00	2533.00	2533.00	2533.00	2533.00	2533.00	2533.00	2533.00	2533.00	2533.00	2533.00	2533.00	2533.00	2533.00	2534.00	2534.00	2534.00	2534.00	2534.00	2534.00	2534.00	2534.00	2534.00	2534.00	2534.00	2534.00	2534.00	2534.00	2534.00	2535.00	2535.00
2515.00	2515.00	2515.00	2516.00	2516.00	2516.00	2516.00	2516.00	2516.00	2516.00	2516.00	2516.00	2516.00	2516.00	2516.00	2516.00	2516.00	2517.00	2517.00	2517.00	2517.00	2517.00	2517.00	2517.00	2517.00	2517.00	2517.00	2517.00	2517.00	2517.00	2517.00	2517.00	2517.00	2517.00	2517.00	2517.00	2517.00	2518.00	2518.00	2518.00	2518.00	2518.00	2518.00	2518.00	2518.00	2518.00	2518.00	2518.00	2518.00	2518.00	2518.00	2518.00	2518.00	2518.00	2518.00	2519.00	2519.00	2519.00	2519.00	2519.00	2519.00	2519.00	2519.00	2519.00	2519.00	2519.00	2519.00	2519.00	2519.00	2520.00	2520.00	2520.00	2520.00	2520.00	2520.00	2520.00	2520.00	2520.00	2520.00	2520.00	2520.00	2521.00	2521.00	2521.00	2521.00	2521.00	2521.00	2521.00	2521.00	2521.00	2522.00	2522.00	2522.00	2522.00	2522.00	2522.00	2522.00	2522.00	2523.00	2523.00	2523.00	2523.00	2523.00	2523.00	2523.00	2523.00	2523.00	2524.00	2524.00	2524.00	2524.00	2524.00	2524.00	2524.00	2525.00	2525.00	2525.00	2525.00	2525.00	2525.00	2526.00	2526.00	2526.00	2526.00	2526.00	2526.00	2526.00	2526.00	2526.00	2527.00	2527.00	2527.00	2527.00	2527.00	2527.00	2527.00	2527.00	2528.00	2528.00	2528.00	2528.00	2528.00	2528.00	2528.00	2528.00	2528.00	2528.00	2528.00	2529.00	2529.00	2529.00	2529.00	2529.00	2529.00	2529.00	2529.00	2529.00	2529.00	2530.00	2530.00	2530.00	2530.00	2530.00	2530.00	2530.00	2530.00	2530.00	2530.00	2530.00	2530.00	2530.00	2530.00	2530.00	2530.00	2530.00	2530.00	2530.00	2530.00	2530.00	2530.00	2530.00	2530.00	2530.00	2530.00	2530.00	2530.00	2530.00	2530.00	2530.00	2530.00	2530.00	2530.00	2530.00	2530.00	2530.00	2530.00	2530.00	2530.00	2531.00	2531.00	2531.00	2531.00	2531.00	2531.00	2531.00	2531.00	2531.00	2531.00	2531.00	2531.00	2531.00	2531.00	2531.00	2531.00	2531.00	2531.00	2532.00	2532.00	2532.00	2532.00	2532.00	2532.00	2532.00	2532.00	2532.00	2532.00	2533.00	2533.00	2533.00	2533.00	2533.00	2533.00	2533.00	2533.00	2533.00	2533.00	2533.00	2533.00	2533.00	2534.00	2534.00	2534.00	2534.00	2534.00	2534.00	2534.00	2534.00	2534.00	2534.00	2534.00	2534.00	2534.00	2534.00	2534.00	2535.00	2535.00
2515.00	2515.00	2515.00	2516.00	2516.00	2516.00	2516.00	2516.00	2516.00	2516.00	2516.00	2516.00	2516.00	2516.00	2516.00	2516.00	2516.00	2517.00	2517.00	2517.00	2517.00	2517.00	2517.00	2517.00	2517.00	2517.00	2517.00	2517.00	2517.00	2517.00	2517.00	2517.00	2517.00	2517.00	2517.00	2517.00	2517.00	2518.00	2518.00	2518.00	2518.00	2518.00	2518.00	2518.00	2518.00	2518.00	2518.00	2518.00	2518.00	2518.00	2518.00	2518.00	2518.00	2518.00	2518.00	2519.00	2519.00	2519.00	2519.00	2519.00	2519.00	2519.00	2519.00	2519.00	2519.00	2519.00	2519.00	2519.00	2519.00	2520.00	2520.00	2520.00	2520.00	2520.00	2520.00	2520.00	2520.00	2520.00	2520.00	2520.00	2520.00	2521.00	2521.00	2521.00	2521.00	2521.00	2521.00	2521.00	2521.00	2521.00	2522.00	2522.00	2522.00	2522.00	2522.00	2522.00	2522.00	2522.00	2523.00	2523.00	2523.00	2523.00	2523.00	2523.00	2523.00	2523.00	2523.00	2524.00	2524.00	2524.00	2524.00	2524.00	2524.00	2524.00	2525.00	2525.00	2525.00	2525.00	2525.00	2525.00	2526.00	2526.00	2526.00	2526.00	2526.00	2526.00	2526.00	2526.00	2526.00	2527.00	2527.00	2527.00	2527.00	2527.00	2527.00	2527.00	2527.00	2528.00	2528.00	2528.00	2528.00	2528.00	2528.00	2528.00	2528.00	2528.00	2528.00	2528.00	2529.00	2529.00	2529.00	2529.00	2529.00	2529.00	2529.00	2529.00	2529.00	2529.00	2530.00	2530.00	2530.00	2530.00	2530.00	2530.00	2530.00	2530.00	2530.00	2530.00	2530.00	2530.00	2530.00	2530.00	2530.00	2530.00	2530.00	2530.00	2530.00	2530.00	2530.00	2530.00	2530.00	2530.00	2530.00	2530.00	2530.00	2530.00	2530.00	2530.00	2530.00	2530.00	2530.00	2530.00	2530.00	2530.00	2530.00	2530.00	2530.00	2530.00	2531.00	2531.00	2531.00	2531.00	2531.00	2531.00	2531.00	2531.00	2531.00	2531.00	2531.00	2531.00	2531.00	2531.00	2531.00	2531.00	2531.00	2531.00	2532.00	2532.00	2532.00	2532.00	2532.00	2532.00	2532.00	2532.00	2532.00	2532.00	2533.00	2533.00	2533.00	2533.00	2533.00	2533.00	2533.00	2533.00	2533.00	2533.00	2533.00	2533.00	2533.00	2534.00	2534.00	2534.00	2534.00	2534.00	2534.00	2534.00	2534.00	2534.00	2534.00	2534.00	2534.00	2534.00	2534.00	2534.00	2535.00	2535.00
2515.00	2515.00	2515.00	2516.00	2516.00	2516.00	2516.00	2516.00	2516.00	2516.00	2516.00	2516.00	2516.00	2516.00	2516.00	2516.00	2516.00	2517.00	2517.00	2517.00	2517.00	2517.00	2517.00	2517.00	2517.00	2517.00	2517.00	2517.00	2517.00	2517.00	2517.00	2517.00	2517.00	2517.00	2517.00	2517.00	2517.00	2518.00	2518.00	2518.00	2518.00	2518.00	2518.00	2518.00	2518.00	2518.00	2518.00	2518.00	2518.00	2518.00	2518.00	2518.00	2518.00	2518.00	2518.00	2519.00	2519.00	2519.00	2519.00	2519.00	2519.00	2519.00	2519.00	2519.00	2519.00	2519.00	2519.00	2519.00	2519.00	2520.00	2520.00	2520.00	2520.00	2520.00	2520.00	2520.00	2520.00	2520.00	2520.00	2520.00	2520.00	2521.00	2521.00	2521.00	2521.00	2521.00	2521.00	2521.00	2521.00	2521.00	2522.00	2522.00	2522.00	2522.00	2522.00	2522.00	2522.00	2522.00	2523.00	2523.00	2523.00	2523.00	2523.00	2523.00	2523.00	2523.00	2523.00	2524.00	2524.00	2524.00	2524.00	2524.00	2524.00	2524.00	2525.00	2525.00	2525.00	2525.00	2525.00	2525.00	2526.00	2526.00	2526.00	2526.00	2526.00	2526.00	2526.00	2526.00	2526.00	2527.00	2527.00	2527.00	2527.00	2527.00	2527.00	2527.00	2527.00	2528.00	2528.00	2528.00	2528.00	2528.00	2528.00	2528.00	2528.00	2528.00	2528.00	2528.00	2529.00	2529.00	2529.00	2529.00	2529.00	2529.00	2529.00	2529.00	2529.00	2529.00	2530.00	2530.00	2530.00	2530.00	2530.00	2530.00	2530.00	2530.00	2530.00	2530.00	2530.00	2530.00	2530.00	2530.00	2530.00	2530.00	2530.00	2530.00	2530.00	2530.00	2530.00	2530.00	2530.00	2530.00	2530.00	2530.00	2530.00	2530.00	2530.00	2530.00	2530.00	2530.00	2530.00	2530.00	2530.00	2530.00	2530.00	2530.00	2530.00	2530.00	2531.00	2531.00	2531.00	2531.00	2531.00	2531.00	2531.00	2531.00	2531.00	2531.00	2531.00	2531.00	2531.00	2531.00	2531.00	2531.00	2531.00	2531.00	2532.00	2532.00	2532.00	2532.00	2532.00	2532.00	2532.00	2532.00	2532.00	2532.00	2533.00	2533.00	2533.00	2533.00	2533.00	2533.00	2533.00	2533.00	2533.00	2533.00	2533.00	2533.00	2533.00	2534.00	2534.00	2534.00	2534.00	2534.00	2534.00	2534.00	2534.00	2534.00	2534.00	2534.00	2534.00	2534.00	2534.00	2534.00	2535.00	2535.00
2515.00	2515.00	2515.00	2516.00	2516.00	2516.00	2516.00	2516.00	2516.00	2516.00	2516.00	2516.00	2516.00	2516.00	2516.00	2516.00	2516.00	2517.00	2517.00	2517.00	2517.00	2517.00	2517.00	2517.00	2517.00	2517.00	2517.00	2517.00	2517.00	2517.00	2517.00	2517.00	2517.00	2517.00	2517.00	2517.00	2517.00	2518.00	2518.00	2518.00	2518.00	2518.00	2518.00	2518.00	2518.00	2518.00	2518.00	2518.00	2518.00	2518.00	2518.00	2518.00	2518.00	2518.00	2518.00	2519.00	2519.00	2519.00	2519.00	2519.00	2519.00	2519.00	2519.00	2519.00	2519.00	2519.00	2519.00	2519.00	2519.00	2520.00	2520.00	2520.00	2520.00	2520.00	2520.00	2520.00	2520.00	2520.00	2520.00	2520.00	2520.00	2521.00	2521.00	2521.00	2521.00	2521.00	2521.00	2521.00	2521.00	2521.00	2522.00	2522.00	2522.00	2522.00	2522.00	2522.00	2522.00	2522.00	2523.00	2523.00	2523.00	2523.00	2523.00	2523.00	2523.00	2523.00	2523.00	2524.00	2524.00	2524.00	2524.00	2524.00	2524.00	2524.00	2525.00	2525.00	2525.00	2525.00	2525.00	2525.00	2526.00	2526.00	2526.00	2526.00	2526.00	2526.00	2526.00	2526.00	2526.00	2527.00	2527.00	2527.00	2527.00	2527.00	2527.00	2527.00	2527.00	2528.00	2528.00	2528.00	2528.00	2528.00	2528.00	2528.00	2528.00	2528.00	2528.00	2528.00	2529.00	2529.00	2529.00	2529.00	2529.00	2529.00	2529.00	2529.00	2529.00	2529.00	2530.00	2530.00	2530.00	2530.00	2530.00	2530.00	2530.00	2530.00	2530.00	2530.00	2530.00	2530.00	2530.00	2530.00	2530.00	2530.00	2530.00	2530.00	2530.00	2530.00	2530.00	2530.00	2530.00	2530.00	2530.00	2530.00	2530.00	2530.00	2530.00	2530.00	2530.00	2530.00	2530.00	2530.00	2530.00	2530.00	2530.00	2530.00	2530.00	2530.00	2531.00	2531.00	2531.00	2531.00	2531.00	2531.00	2531.00	2531.00	2531.00	2531.00	2531.00	2531.00	2531.00	2531.00	2531.00	2531.00	2531.00	2531.00	2532.00	2532.00	2532.00	2532.00	2532.00	2532.00	2532.00	2532.00	2532.00	2532.00	2533.00	2533.00	2533.00	2533.00	2533.00	2533.00	2533.00	2533.00	2533.00	2533.00	2533.00	2533.00	2533.00	2534.00	2534.00	2534.00	2534.00	2534.00	2534.00	2534.00	2534.00	2534.00	2534.00	2534.00	2534.00	2534.00	2534.00	2534.00	2535.00	2535.00
2515.00	2515.00	2515.00	2516.00	2516.00	2516.00	2516.00	2516.00	2516.00	2516.00	2516.00	2516.00	2516.00	2516.00	2516.00	2516.00	2516.00	2517.00	2517.00	2517.00	2517.00	2517.00	2517.00	2517.00	2517.00	2517.00	2517.00	2517.00	2517.00	2517.00	2517.00	2517.00	2517.00	2517.00	2517.00	2517.00	2517.00	2518.00	2518.00	2518.00	2518.00	2518.00	2518.00	2518.00	2518.00	2518.00	2518.00	2518.00	2518.00	2518.00	2518.00	2518.00	2518.00	2518.00	2518.00	2519.00	2519.00	2519.00	2519.00	2519.00	2519.00	2519.00	2519.00	2519.00	2519.00	2519.00	2519.00	2519.00	2519.00	2520.00	2520.00	2520.00	2520.00	2520.00	2520.00	2520.00	2520.00	2520.00	2520.00	2520.00	2520.00	2521.00	2521.00	2521.00	2521.00	2521.00	2521.00	2521.00	2521.00	2521.00	2522.00	2522.00	2522.00	2522.00	2522.00	2522.00	2522.00	2522.00	2523.00	2523.00	2523.00	2523.00	2523.00	2523.00	2523.00	2523.00	2523.00	2524.00	2524.00	2524.00	2524.00	2524.00	2524.00	2524.00	2525.00	2525.00	2525.00	2525.00	2525.00	2525.00	2526.00	2526.00	2526.00	2526.00	2526.00	2526.00	2526.00	2526.00	2526.00	2527.00	2527.00	2527.00	2527.00	2527.00	2527.00	2527.00	2527.00	2528.00	2528.00	2528.00	2528.00	2528.00	2528.00	2528.00	2528.00	2528.00	2528.00	2528.00	2529.00	2529.00	2529.00	2529.00	2529.00	2529.00	2529.00	2529.00	2529.00	2529.00	2530.00	2530.00	2530.00	2530.00	2530.00	2530.00	2530.00	2530.00	2530.00	2530.00	2530.00	2530.00	2530.00	2530.00	2530.00	2530.00	2530.00	2530.00	2530.00	2530.00	2530.00	2530.00	2530.00	2530.00	2530.00	2530.00	2530.00	2530.00	2530.00	2530.00	2530.00	2530.00	2530.00	2530.00	2530.00	2530.00	2530.00	2530.00	2530.00	2530.00	2531.00	2531.00	2531.00	2531.00	2531.00	2531.00	2531.00	2531.00	2531.00	2531.00	2531.00	2531.00	2531.00	2531.00	2531.00	2531.00	2531.00	2531.00	2532.00	2532.00	2532.00	2532.00	2532.00	2532.00	2532.00	2532.00	2532.00	2532.00	2533.00	2533.00	2533.00	2533.00	2533.00	2533.00	2533.00	2533.00	2533.00	2533.00	2533.00	2533.00	2533.00	2534.00	2534.00	2534.00	2534.00	2534.00	2534.00	2534.00	2534.00	2534.00	2534.00	2534.00	2534.00	2534.00	2534.00	2534.00	2535.00	2535.00
2515.00	2515.00	2515.00	2516.00	2516.00	2516.00	2516.00	2516.00	2516.00	2516.00	2516.00	2516.00	2516.00	2516.00	2516.00	2516.00	2516.00	2517.00	2517.00	2517.00	2517.00	2517.00	2517.00	2517.00	2517.00	2517.00	2517.00	2517.00	2517.00	2517.00	2517.00	2517.00	2517.00	2517.00	2517.00	2517.00	2517.00	2518.00	2518.00	2518.00	2518.00	2518.00	2518.00	2518.00	2518.00	2518.00	2518.00	2518.00	2518.00	2518.00	2518.00	2518.00	2518.00	2518.00	2518.00	2519.00	2519.00	2519.00	2519.00	2519.00	2519.00	2519.00	2519.00	2519.00	2519.00	2519.00	2519.00	2519.00	2519.00	2520.00	2520.00	2520.00	2520.00	2520.00	2520.00	2520.00	2520.00	2520.00	2520.00	2520.00	2520.00	2521.00	2521.00	2521.00	2521.00	2521.00	2521.00	2521.00	2521.00	2521.00	2522.00	2522.00	2522.00	2522.00	2522.00	2522.00	2522.00	2522.00	2523.00	2523.00	2523.00	2523.00	2523.00	2523.00	2523.00	2523.00	2523.00	2524.00	2524.00	2524.00	2524.00	2524.00	2524.00	2524.00	2525.00	2525.00	2525.00	2525.00	2525.00	2525.00	2526.00	2526.00	2526.00	2526.00	2526.00	2526.00	2526.00	2526.00	2526.00	2527.00	2527.00	2527.00	2527.00	2527.00	2527.00	2527.00	2527.00	2528.00	2528.00	2528.00	2528.00	2528.00	2528.00	2528.00	2528.00	2528.00	2528.00	2528.00	2529.00	2529.00	2529.00	2529.00	2529.00	2529.00	2529.00	2529.00	2529.00	2529.00	2530.00	2530.00	2530.00	2530.00	2530.00	2530.00	2530.00	2530.00	2530.00	2530.00	2530.00	2530.00	2530.00	2530.00	2530.00	2530.00	2530.00	2530.00	2530.00	2530.00	2530.00	2530.00	2530.00	2530.00	2530.00	2530.00	2530.00	2530.00	2530.00	2530.00	2530.00	2530.00	2530.00	2530.00	2530.00	2530.00	2530.00	2530.00	2530.00	2530.00	2531.00	2531.00	2531.00	2531.00	2531.00	2531.00	2531.00	2531.00	2531.00	2531.00	2531.00	2531.00	2531.00	2531.00	2531.00	2531.00	2531.00	2531.00	2532.00	2532.00	2532.00	2532.00	2532.00	2532.00	2532.00	2532.00	2532.00	2532.00	2533.00	2533.00	2533.00	2533.00	2533.00	2533.00	2533.00	2533.00	2533.00	2533.00	2533.00	2533.00	2533.00	2534.00	2534.00	2534.00	2534.00	2534.00	2534.00	2534.00	2534.00	2534.00	2534.00	2534.00	2534.00	2534.00	2534.00	2534.00	2535.00	2535.00
2515.00	2515.00	2515.00	2516.00	2516.00	2516.00	2516.00	2516.00	2516.00	2516.00	2516.00	2516.00	2516.00	2516.00	2516.00	2516.00	2516.00	2517.00	2517.00	2517.00	2517.00	2517.00	2517.00	2517.00	2517.00	2517.00	2517.00	2517.00	2517.00	2517.00	2517.00	2517.00	2517.00	2517.00	2517.00	2517.00	2517.00	2518.00	2518.00	2518.00	2518.00	2518.00	2518.00	2518.00	2518.00	2518.00	2518.00	2518.00	2518.00	2518.00	2518.00	2518.00	2518.00	2518.00	2518.00	2519.00	2519.00	2519.00	2519.00	2519.00	2519.00	2519.00	2519.00	2519.00	2519.00	2519.00	2519.00	2519.00	2519.00	2520.00	2520.00	2520.00	2520.00	2520.00	2520.00	2520.00	2520.00	2520.00	2520.00	2520.00	2520.00	2521.00	2521.00	2521.00	2521.00	2521.00	2521.00	2521.00	2521.00	2521.00	2522.00	2522.00	2522.00	2522.00	2522.00	2522.00	2522.00	2522.00	2523.00	2523.00	2523.00	2523.00	2523.00	2523.00	2523.00	2523.00	2523.00	2524.00	2524.00	2524.00	2524.00	2524.00	2524.00	2524.00	2525.00	2525.00	2525.00	2525.00	2525.00	2525.00	2526.00	2526.00	2526.00	2526.00	2526.00	2526.00	2526.00	2526.00	2526.00	2527.00	2527.00	2527.00	2527.00	2527.00	2527.00	2527.00	2527.00	2528.00	2528.00	2528.00	2528.00	2528.00	2528.00	2528.00	2528.00	2528.00	2528.00	2528.00	2529.00	2529.00	2529.00	2529.00	2529.00	2529.00	2529.00	2529.00	2529.00	2529.00	2530.00	2530.00	2530.00	2530.00	2530.00	2530.00	2530.00	2530.00	2530.00	2530.00	2530.00	2530.00	2530.00	2530.00	2530.00	2530.00	2530.00	2530.00	2530.00	2530.00	2530.00	2530.00	2530.00	2530.00	2530.00	2530.00	2530.00	2530.00	2530.00	2530.00	2530.00	2530.00	2530.00	2530.00	2530.00	2530.00	2530.00	2530.00	2530.00	2530.00	2531.00	2531.00	2531.00	2531.00	2531.00	2531.00	2531.00	2531.00	2531.00	2531.00	2531.00	2531.00	2531.00	2531.00	2531.00	2531.00	2531.00	2531.00	2532.00	2532.00	2532.00	2532.00	2532.00	2532.00	2532.00	2532.00	2532.00	2532.00	2533.00	2533.00	2533.00	2533.00	2533.00	2533.00	2533.00	2533.00	2533.00	2533.00	2533.00	2533.00	2533.00	2534.00	2534.00	2534.00	2534.00	2534.00	2534.00	2534.00	2534.00	2534.00	2534.00	2534.00	2534.00	2534.00	2534.00	2534.00	2535.00	2535.00
2515.00	2515.00	2515.00	2516.00	2516.00	2516.00	2516.00	2516.00	2516.00	2516.00	2516.00	2516.00	2516.00	2516.00	2516.00	2516.00	2516.00	2517.00	2517.00	2517.00	2517.00	2517.00	2517.00	2517.00	2517.00	2517.00	2517.00	2517.00	2517.00	2517.00	2517.00	2517.00	2517.00	2517.00	2517.00	2517.00	2517.00	2518.00	2518.00	2518.00	2518.00	2518.00	2518.00	2518.00	2518.00	2518.00	2518.00	2518.00	2518.00	2518.00	2518.00	2518.00	2518.00	2518.00	2518.00	2519.00	2519.00	2519.00	2519.00	2519.00	2519.00	2519.00	2519.00	2519.00	2519.00	2519.00	2519.00	2519.00	2519.00	2520.00	2520.00	2520.00	2520.00	2520.00	2520.00	2520.00	2520.00	2520.00	2520.00	2520.00	2520.00	2521.00	2521.00	2521.00	2521.00	2521.00	2521.00	2521.00	2521.00	2521.00	2522.00	2522.00	2522.00	2522.00	2522.00	2522.00	2522.00	2522.00	2523.00	2523.00	2523.00	2523.00	2523.00	2523.00	2523.00	2523.00	2523.00	2524.00	2524.00	2524.00	2524.00	2524.00	2524.00	2524.00	2525.00	2525.00	2525.00	2525.00	2525.00	2525.00	2526.00	2526.00	2526.00	2526.00	2526.00	2526.00	2526.00	2526.00	2526.00	2527.00	2527.00	2527.00	2527.00	2527.00	2527.00	2527.00	2527.00	2528.00	2528.00	2528.00	2528.00	2528.00	2528.00	2528.00	2528.00	2528.00	2528.00	2528.00	2529.00	2529.00	2529.00	2529.00	2529.00	2529.00	2529.00	2529.00	2529.00	2529.00	2530.00	2530.00	2530.00	2530.00	2530.00	2530.00	2530.00	2530.00	2530.00	2530.00	2530.00	2530.00	2530.00	2530.00	2530.00	2530.00	2530.00	2530.00	2530.00	2530.00	2530.00	2530.00	2530.00	2530.00	2530.00	2530.00	2530.00	2530.00	2530.00	2530.00	2530.00	2530.00	2530.00	2530.00	2530.00	2530.00	2530.00	2530.00	2530.00	2530.00	2531.00	2531.00	2531.00	2531.00	2531.00	2531.00	2531.00	2531.00	2531.00	2531.00	2531.00	2531.00	2531.00	2531.00	2531.00	2531.00	2531.00	2531.00	2532.00	2532.00	2532.00	2532.00	2532.00	2532.00	2532.00	2532.00	2532.00	2532.00	2533.00	2533.00	2533.00	2533.00	2533.00	2533.00	2533.00	2533.00	2533.00	2533.00	2533.00	2533.00	2533.00	2534.00	2534.00	2534.00	2534.00	2534.00	2534.00	2534.00	2534.00	2534.00	2534.00	2534.00	2534.00	2534.00	2534.00	2534.00	2535.00	2535.00
2515.00	2515.00	2515.00	2516.00	2516.00	2516.00	2516.00	2516.00	2516.00	2516.00	2516.00	2516.00	2516.00	2516.00	2516.00	2516.00	2516.00	2517.00	2517.00	2517.00	2517.00	2517.00	2517.00	2517.00	2517.00	2517.00	2517.00	2517.00	2517.00	2517.00	2517.00	2517.00	2517.00	2517.00	2517.00	2517.00	2517.00	2518.00	2518.00	2518.00	2518.00	2518.00	2518.00	2518.00	2518.00	2518.00	2518.00	2518.00	2518.00	2518.00	2518.00	2518.00	2518.00	2518.00	2518.00	2519.00	2519.00	2519.00	2519.00	2519.00	2519.00	2519.00	2519.00	2519.00	2519.00	2519.00	2519.00	2519.00	2519.00	2520.00	2520.00	2520.00	2520.00	2520.00	2520.00	2520.00	2520.00	2520.00	2520.00	2520.00	2520.00	2521.00	2521.00	2521.00	2521.00	2521.00	2521.00	2521.00	2521.00	2521.00	2522.00	2522.00	2522.00	2522.00	2522.00	2522.00	2522.00	2522.00	2523.00	2523.00	2523.00	2523.00	2523.00	2523.00	2523.00	2523.00	2523.00	2524.00	2524.00	2524.00	2524.00	2524.00	2524.00	2524.00	2525.00	2525.00	2525.00	2525.00	2525.00	2525.00	2526.00	2526.00	2526.00	2526.00	2526.00	2526.00	2526.00	2526.00	2526.00	2527.00	2527.00	2527.00	2527.00	2527.00	2527.00	2527.00	2527.00	2528.00	2528.00	2528.00	2528.00	2528.00	2528.00	2528.00	2528.00	2528.00	2528.00	2528.00	2529.00	2529.00	2529.00	2529.00	2529.00	2529.00	2529.00	2529.00	2529.00	2529.00	2530.00	2530.00	2530.00	2530.00	2530.00	2530.00	2530.00	2530.00	2530.00	2530.00	2530.00	2530.00	2530.00	2530.00	2530.00	2530.00	2530.00	2530.00	2530.00	2530.00	2530.00	2530.00	2530.00	2530.00	2530.00	2530.00	2530.00	2530.00	2530.00	2530.00	2530.00	2530.00	2530.00	2530.00	2530.00	2530.00	2530.00	2530.00	2530.00	2530.00	2531.00	2531.00	2531.00	2531.00	2531.00	2531.00	2531.00	2531.00	2531.00	2531.00	2531.00	2531.00	2531.00	2531.00	2531.00	2531.00	2531.00	2531.00	2532.00	2532.00	2532.00	2532.00	2532.00	2532.00	2532.00	2532.00	2532.00	2532.00	2533.00	2533.00	2533.00	2533.00	2533.00	2533.00	2533.00	2533.00	2533.00	2533.00	2533.00	2533.00	2533.00	2534.00	2534.00	2534.00	2534.00	2534.00	2534.00	2534.00	2534.00	2534.00	2534.00	2534.00	2534.00	2534.00	2534.00	2534.00	2535.00	2535.00
2515.00	2515.00	2515.00	2516.00	2516.00	2516.00	2516.00	2516.00	2516.00	2516.00	2516.00	2516.00	2516.00	2516.00	2516.00	2516.00	2516.00	2517.00	2517.00	2517.00	2517.00	2517.00	2517.00	2517.00	2517.00	2517.00	2517.00	2517.00	2517.00	2517.00	2517.00	2517.00	2517.00	2517.00	2517.00	2517.00	2517.00	2518.00	2518.00	2518.00	2518.00	2518.00	2518.00	2518.00	2518.00	2518.00	2518.00	2518.00	2518.00	2518.00	2518.00	2518.00	2518.00	2518.00	2518.00	2519.00	2519.00	2519.00	2519.00	2519.00	2519.00	2519.00	2519.00	2519.00	2519.00	2519.00	2519.00	2519.00	2519.00	2520.00	2520.00	2520.00	2520.00	2520.00	2520.00	2520.00	2520.00	2520.00	2520.00	2520.00	2520.00	2521.00	2521.00	2521.00	2521.00	2521.00	2521.00	2521.00	2521.00	2521.00	2522.00	2522.00	2522.00	2522.00	2522.00	2522.00	2522.00	2522.00	2523.00	2523.00	2523.00	2523.00	2523.00	2523.00	2523.00	2523.00	2523.00	2524.00	2524.00	2524.00	2524.00	2524.00	2524.00	2524.00	2525.00	2525.00	2525.00	2525.00	2525.00	2525.00	2526.00	2526.00	2526.00	2526.00	2526.00	2526.00	2526.00	2526.00	2526.00	2527.00	2527.00	2527.00	2527.00	2527.00	2527.00	2527.00	2527.00	2528.00	2528.00	2528.00	2528.00	2528.00	2528.00	2528.00	2528.00	2528.00	2528.00	2528.00	2529.00	2529.00	2529.00	2529.00	2529.00	2529.00	2529.00	2529.00	2529.00	2529.00	2530.00	2530.00	2530.00	2530.00	2530.00	2530.00	2530.00	2530.00	2530.00	2530.00	2530.00	2530.00	2530.00	2530.00	2530.00	2530.00	2530.00	2530.00	2530.00	2530.00	2530.00	2530.00	2530.00	2530.00	2530.00	2530.00	2530.00	2530.00	2530.00	2530.00	2530.00	2530.00	2530.00	2530.00	2530.00	2530.00	2530.00	2530.00	2530.00	2530.00	2531.00	2531.00	2531.00	2531.00	2531.00	2531.00	2531.00	2531.00	2531.00	2531.00	2531.00	2531.00	2531.00	2531.00	2531.00	2531.00	2531.00	2531.00	2532.00	2532.00	2532.00	2532.00	2532.00	2532.00	2532.00	2532.00	2532.00	2532.00	2533.00	2533.00	2533.00	2533.00	2533.00	2533.00	2533.00	2533.00	2533.00	2533.00	2533.00	2533.00	2533.00	2534.00	2534.00	2534.00	2534.00	2534.00	2534.00	2534.00	2534.00	2534.00	2534.00	2534.00	2534.00	2534.00	2534.00	2534.00	2535.00	2535.00
2518.00	2518.00	2518.00	2518.00	2518.00	2518.00	2518.00	2518.00	2518.00	2518.00	2519.00	2519.00	2519.00	2519.00	2519.00	2519.00	2519.00	2519.00	2519.00	2519.00	2519.00	2519.00	2519.00	2519.00	2520.00	2520.00	2520.00	2520.00	2520.00	2520.00	2520.00	2520.00	2520.00	2520.00	2520.00	2520.00	2520.00	2520.00	2520.00	2520.00	2520.00	2520.00	2520.00	2520.00	2520.00	2521.00	2521.00	2521.00	2521.00	2521.00	2521.00	2521.00	2521.00	2521.00	2521.00	2521.00	2521.00	2521.00	2522.00	2522.00	2522.00	2522.00	2522.00	2522.00	2522.00	2522.00	2522.00	2522.00	2522.00	2522.00	2522.00	2522.00	2523.00	2523.00	2523.00	2523.00	2523.00	2523.00	2523.00	2523.00	2523.00	2523.00	2523.00	2523.00	2523.00	2523.00	2524.00	2524.00	2524.00	2524.00	2524.00	2524.00	2524.00	2525.00	2525.00	2525.00	2525.00	2525.00	2525.00	2525.00	2526.00	2526.00	2526.00	2526.00	2526.00	2526.00	2526.00	2526.00	2526.00	2527.00	2527.00	2527.00	2527.00	2527.00	2527.00	2527.00	2527.00	2527.00	2528.00	2528.00	2528.00	2528.00	2528.00	2528.00	2528.00	2528.00	2528.00	2529.00	2529.00	2529.00	2529.00	2529.00	2530.00	2530.00	2530.00	2530.00	2530.00	2530.00	2530.00	2531.00	2531.00	2531.00	2531.00	2531.00	2531.00	2531.00	2531.00	2531.00	2531.00	2531.00	2531.00	2531.00	2531.00	2531.00	2531.00	2531.00	2531.00	2531.00	2532.00	2532.00	2532.00	2532.00	2532.00	2532.00	2532.00	2532.00	2532.00	2532.00	2532.00	2532.00	2532.00	2532.00	2532.00	2532.00	2532.00	2532.00	2532.00	2532.00	2532.00	2532.00	2532.00	2532.00	2532.00	2532.00	2532.00	2532.00	2532.00	2532.00	2532.00	2532.00	2532.00	2532.00	2532.00	2532.00	2532.00	2532.00	2532.00	2532.00	2532.00	2533.00	2533.00	2533.00	2533.00	2533.00	2533.00	2533.00	2533.00	2533.00	2533.00	2533.00	2533.00	2533.00	2533.00	2533.00	2533.00	2533.00	2533.00	2533.00	2533.00	2533.00	2533.00	2534.00	2534.00	2534.00	2534.00	2534.00	2534.00	2534.00	2534.00	2534.00	2534.00	2534.00	2534.00	2534.00	2534.00	2534.00	2534.00	2535.00	2535.00	2535.00	2535.00	2535.00	2535.00	2535.00	2535.00	2535.00	2536.00	2536.00	2536.00	2536.00	2536.00	2536.00	2536.00	2536.00	2536.00	2537.00
2518.00	2518.00	2518.00	2518.00	2518.00	2518.00	2518.00	2518.00	2518.00	2518.00	2519.00	2519.00	2519.00	2519.00	2519.00	2519.00	2519.00	2519.00	2519.00	2519.00	2519.00	2519.00	2519.00	2519.00	2520.00	2520.00	2520.00	2520.00	2520.00	2520.00	2520.00	2520.00	2520.00	2520.00	2520.00	2520.00	2520.00	2520.00	2520.00	2520.00	2520.00	2520.00	2520.00	2520.00	2520.00	2521.00	2521.00	2521.00	2521.00	2521.00	2521.00	2521.00	2521.00	2521.00	2521.00	2521.00	2521.00	2521.00	2522.00	2522.00	2522.00	2522.00	2522.00	2522.00	2522.00	2522.00	2522.00	2522.00	2522.00	2522.00	2522.00	2522.00	2523.00	2523.00	2523.00	2523.00	2523.00	2523.00	2523.00	2523.00	2523.00	2523.00	2523.00	2523.00	2523.00	2523.00	2524.00	2524.00	2524.00	2524.00	2524.00	2524.00	2524.00	2525.00	2525.00	2525.00	2525.00	2525.00	2525.00	2525.00	2526.00	2526.00	2526.00	2526.00	2526.00	2526.00	2526.00	2526.00	2526.00	2527.00	2527.00	2527.00	2527.00	2527.00	2527.00	2527.00	2527.00	2527.00	2528.00	2528.00	2528.00	2528.00	2528.00	2528.00	2528.00	2528.00	2528.00	2529.00	2529.00	2529.00	2529.00	2529.00	2530.00	2530.00	2530.00	2530.00	2530.00	2530.00	2530.00	2531.00	2531.00	2531.00	2531.00	2531.00	2531.00	2531.00	2531.00	2531.00	2531.00	2531.00	2531.00	2531.00	2531.00	2531.00	2531.00	2531.00	2531.00	2531.00	2532.00	2532.00	2532.00	2532.00	2532.00	2532.00	2532.00	2532.00	2532.00	2532.00	2532.00	2532.00	2532.00	2532.00	2532.00	2532.00	2532.00	2532.00	2532.00	2532.00	2532.00	2532.00	2532.00	2532.00	2532.00	2532.00	2532.00	2532.00	2532.00	2532.00	2532.00	2532.00	2532.00	2532.00	2532.00	2532.00	2532.00	2532.00	2532.00	2532.00	2532.00	2533.00	2533.00	2533.00	2533.00	2533.00	2533.00	2533.00	2533.00	2533.00	2533.00	2533.00	2533.00	2533.00	2533.00	2533.00	2533.00	2533.00	2533.00	2533.00	2533.00	2533.00	2533.00	2534.00	2534.00	2534.00	2534.00	2534.00	2534.00	2534.00	2534.00	2534.00	2534.00	2534.00	2534.00	2534.00	2534.00	2534.00	2534.00	2535.00	2535.00	2535.00	2535.00	2535.00	2535.00	2535.00	2535.00	2535.00	2536.00	2536.00	2536.00	2536.00	2536.00	2536.00	2536.00	2536.00	2536.00	2537.00
2518.00	2518.00	2518.00	2518.00	2518.00	2518.00	2518.00	2518.00	2518.00	2518.00	2519.00	2519.00	2519.00	2519.00	2519.00	2519.00	2519.00	2519.00	2519.00	2519.00	2519.00	2519.00	2519.00	2519.00	2520.00	2520.00	2520.00	2520.00	2520.00	2520.00	2520.00	2520.00	2520.00	2520.00	2520.00	2520.00	2520.00	2520.00	2520.00	2520.00	2520.00	2520.00	2520.00	2520.00	2520.00	2521.00	2521.00	2521.00	2521.00	2521.00	2521.00	2521.00	2521.00	2521.00	2521.00	2521.00	2521.00	2521.00	2522.00	2522.00	2522.00	2522.00	2522.00	2522.00	2522.00	2522.00	2522.00	2522.00	2522.00	2522.00	2522.00	2522.00	2523.00	2523.00	2523.00	2523.00	2523.00	2523.00	2523.00	2523.00	2523.00	2523.00	2523.00	2523.00	2523.00	2523.00	2524.00	2524.00	2524.00	2524.00	2524.00	2524.00	2524.00	2525.00	2525.00	2525.00	2525.00	2525.00	2525.00	2525.00	2526.00	2526.00	2526.00	2526.00	2526.00	2526.00	2526.00	2526.00	2526.00	2527.00	2527.00	2527.00	2527.00	2527.00	2527.00	2527.00	2527.00	2527.00	2528.00	2528.00	2528.00	2528.00	2528.00	2528.00	2528.00	2528.00	2528.00	2529.00	2529.00	2529.00	2529.00	2529.00	2530.00	2530.00	2530.00	2530.00	2530.00	2530.00	2530.00	2531.00	2531.00	2531.00	2531.00	2531.00	2531.00	2531.00	2531.00	2531.00	2531.00	2531.00	2531.00	2531.00	2531.00	2531.00	2531.00	2531.00	2531.00	2531.00	2532.00	2532.00	2532.00	2532.00	2532.00	2532.00	2532.00	2532.00	2532.00	2532.00	2532.00	2532.00	2532.00	2532.00	2532.00	2532.00	2532.00	2532.00	2532.00	2532.00	2532.00	2532.00	2532.00	2532.00	2532.00	2532.00	2532.00	2532.00	2532.00	2532.00	2532.00	2532.00	2532.00	2532.00	2532.00	2532.00	2532.00	2532.00	2532.00	2532.00	2532.00	2533.00	2533.00	2533.00	2533.00	2533.00	2533.00	2533.00	2533.00	2533.00	2533.00	2533.00	2533.00	2533.00	2533.00	2533.00	2533.00	2533.00	2533.00	2533.00	2533.00	2533.00	2533.00	2534.00	2534.00	2534.00	2534.00	2534.00	2534.00	2534.00	2534.00	2534.00	2534.00	2534.00	2534.00	2534.00	2534.00	2534.00	2534.00	2535.00	2535.00	2535.00	2535.00	2535.00	2535.00	2535.00	2535.00	2535.00	2536.00	2536.00	2536.00	2536.00	2536.00	2536.00	2536.00	2536.00	2536.00	2537.00
2518.00	2518.00	2518.00	2518.00	2518.00	2518.00	2518.00	2518.00	2518.00	2518.00	2519.00	2519.00	2519.00	2519.00	2519.00	2519.00	2519.00	2519.00	2519.00	2519.00	2519.00	2519.00	2519.00	2519.00	2520.00	2520.00	2520.00	2520.00	2520.00	2520.00	2520.00	2520.00	2520.00	2520.00	2520.00	2520.00	2520.00	2520.00	2520.00	2520.00	2520.00	2520.00	2520.00	2520.00	2520.00	2521.00	2521.00	2521.00	2521.00	2521.00	2521.00	2521.00	2521.00	2521.00	2521.00	2521.00	2521.00	2521.00	2522.00	2522.00	2522.00	2522.00	2522.00	2522.00	2522.00	2522.00	2522.00	2522.00	2522.00	2522.00	2522.00	2522.00	2523.00	2523.00	2523.00	2523.00	2523.00	2523.00	2523.00	2523.00	2523.00	2523.00	2523.00	2523.00	2523.00	2523.00	2524.00	2524.00	2524.00	2524.00	2524.00	2524.00	2524.00	2525.00	2525.00	2525.00	2525.00	2525.00	2525.00	2525.00	2526.00	2526.00	2526.00	2526.00	2526.00	2526.00	2526.00	2526.00	2526.00	2527.00	2527.00	2527.00	2527.00	2527.00	2527.00	2527.00	2527.00	2527.00	2528.00	2528.00	2528.00	2528.00	2528.00	2528.00	2528.00	2528.00	2528.00	2529.00	2529.00	2529.00	2529.00	2529.00	2530.00	2530.00	2530.00	2530.00	2530.00	2530.00	2530.00	2531.00	2531.00	2531.00	2531.00	2531.00	2531.00	2531.00	2531.00	2531.00	2531.00	2531.00	2531.00	2531.00	2531.00	2531.00	2531.00	2531.00	2531.00	2531.00	2532.00	2532.00	2532.00	2532.00	2532.00	2532.00	2532.00	2532.00	2532.00	2532.00	2532.00	2532.00	2532.00	2532.00	2532.00	2532.00	2532.00	2532.00	2532.00	2532.00	2532.00	2532.00	2532.00	2532.00	2532.00	2532.00	2532.00	2532.00	2532.00	2532.00	2532.00	2532.00	2532.00	2532.00	2532.00	2532.00	2532.00	2532.00	2532.00	2532.00	2532.00	2533.00	2533.00	2533.00	2533.00	2533.00	2533.00	2533.00	2533.00	2533.00	2533.00	2533.00	2533.00	2533.00	2533.00	2533.00	2533.00	2533.00	2533.00	2533.00	2533.00	2533.00	2533.00	2534.00	2534.00	2534.00	2534.00	2534.00	2534.00	2534.00	2534.00	2534.00	2534.00	2534.00	2534.00	2534.00	2534.00	2534.00	2534.00	2535.00	2535.00	2535.00	2535.00	2535.00	2535.00	2535.00	2535.00	2535.00	2536.00	2536.00	2536.00	2536.00	2536.00	2536.00	2536.00	2536.00	2536.00	2537.00
2518.00	2518.00	2518.00	2518.00	2518.00	2518.00	2518.00	2518.00	2518.00	2518.00	2519.00	2519.00	2519.00	2519.00	2519.00	2519.00	2519.00	2519.00	2519.00	2519.00	2519.00	2519.00	2519.00	2519.00	2520.00	2520.00	2520.00	2520.00	2520.00	2520.00	2520.00	2520.00	2520.00	2520.00	2520.00	2520.00	2520.00	2520.00	2520.00	2520.00	2520.00	2520.00	2520.00	2520.00	2520.00	2521.00	2521.00	2521.00	2521.00	2521.00	2521.00	2521.00	2521.00	2521.00	2521.00	2521.00	2521.00	2521.00	2522.00	2522.00	2522.00	2522.00	2522.00	2522.00	2522.00	2522.00	2522.00	2522.00	2522.00	2522.00	2522.00	2522.00	2523.00	2523.00	2523.00	2523.00	2523.00	2523.00	2523.00	2523.00	2523.00	2523.00	2523.00	2523.00	2523.00	2523.00	2524.00	2524.00	2524.00	2524.00	2524.00	2524.00	2524.00	2525.00	2525.00	2525.00	2525.00	2525.00	2525.00	2525.00	2526.00	2526.00	2526.00	2526.00	2526.00	2526.00	2526.00	2526.00	2526.00	2527.00	2527.00	2527.00	2527.00	2527.00	2527.00	2527.00	2527.00	2527.00	2528.00	2528.00	2528.00	2528.00	2528.00	2528.00	2528.00	2528.00	2528.00	2529.00	2529.00	2529.00	2529.00	2529.00	2530.00	2530.00	2530.00	2530.00	2530.00	2530.00	2530.00	2531.00	2531.00	2531.00	2531.00	2531.00	2531.00	2531.00	2531.00	2531.00	2531.00	2531.00	2531.00	2531.00	2531.00	2531.00	2531.00	2531.00	2531.00	2531.00	2532.00	2532.00	2532.00	2532.00	2532.00	2532.00	2532.00	2532.00	2532.00	2532.00	2532.00	2532.00	2532.00	2532.00	2532.00	2532.00	2532.00	2532.00	2532.00	2532.00	2532.00	2532.00	2532.00	2532.00	2532.00	2532.00	2532.00	2532.00	2532.00	2532.00	2532.00	2532.00	2532.00	2532.00	2532.00	2532.00	2532.00	2532.00	2532.00	2532.00	2532.00	2533.00	2533.00	2533.00	2533.00	2533.00	2533.00	2533.00	2533.00	2533.00	2533.00	2533.00	2533.00	2533.00	2533.00	2533.00	2533.00	2533.00	2533.00	2533.00	2533.00	2533.00	2533.00	2534.00	2534.00	2534.00	2534.00	2534.00	2534.00	2534.00	2534.00	2534.00	2534.00	2534.00	2534.00	2534.00	2534.00	2534.00	2534.00	2535.00	2535.00	2535.00	2535.00	2535.00	2535.00	2535.00	2535.00	2535.00	2536.00	2536.00	2536.00	2536.00	2536.00	2536.00	2536.00	2536.00	2536.00	2537.00
2518.00	2518.00	2518.00	2518.00	2518.00	2518.00	2518.00	2518.00	2518.00	2518.00	2519.00	2519.00	2519.00	2519.00	2519.00	2519.00	2519.00	2519.00	2519.00	2519.00	2519.00	2519.00	2519.00	2519.00	2520.00	2520.00	2520.00	2520.00	2520.00	2520.00	2520.00	2520.00	2520.00	2520.00	2520.00	2520.00	2520.00	2520.00	2520.00	2520.00	2520.00	2520.00	2520.00	2520.00	2520.00	2521.00	2521.00	2521.00	2521.00	2521.00	2521.00	2521.00	2521.00	2521.00	2521.00	2521.00	2521.00	2521.00	2522.00	2522.00	2522.00	2522.00	2522.00	2522.00	2522.00	2522.00	2522.00	2522.00	2522.00	2522.00	2522.00	2522.00	2523.00	2523.00	2523.00	2523.00	2523.00	2523.00	2523.00	2523.00	2523.00	2523.00	2523.00	2523.00	2523.00	2523.00	2524.00	2524.00	2524.00	2524.00	2524.00	2524.00	2524.00	2525.00	2525.00	2525.00	2525.00	2525.00	2525.00	2525.00	2526.00	2526.00	2526.00	2526.00	2526.00	2526.00	2526.00	2526.00	2526.00	2527.00	2527.00	2527.00	2527.00	2527.00	2527.00	2527.00	2527.00	2527.00	2528.00	2528.00	2528.00	2528.00	2528.00	2528.00	2528.00	2528.00	2528.00	2529.00	2529.00	2529.00	2529.00	2529.00	2530.00	2530.00	2530.00	2530.00	2530.00	2530.00	2530.00	2531.00	2531.00	2531.00	2531.00	2531.00	2531.00	2531.00	2531.00	2531.00	2531.00	2531.00	2531.00	2531.00	2531.00	2531.00	2531.00	2531.00	2531.00	2531.00	2532.00	2532.00	2532.00	2532.00	2532.00	2532.00	2532.00	2532.00	2532.00	2532.00	2532.00	2532.00	2532.00	2532.00	2532.00	2532.00	2532.00	2532.00	2532.00	2532.00	2532.00	2532.00	2532.00	2532.00	2532.00	2532.00	2532.00	2532.00	2532.00	2532.00	2532.00	2532.00	2532.00	2532.00	2532.00	2532.00	2532.00	2532.00	2532.00	2532.00	2532.00	2533.00	2533.00	2533.00	2533.00	2533.00	2533.00	2533.00	2533.00	2533.00	2533.00	2533.00	2533.00	2533.00	2533.00	2533.00	2533.00	2533.00	2533.00	2533.00	2533.00	2533.00	2533.00	2534.00	2534.00	2534.00	2534.00	2534.00	2534.00	2534.00	2534.00	2534.00	2534.00	2534.00	2534.00	2534.00	2534.00	2534.00	2534.00	2535.00	2535.00	2535.00	2535.00	2535.00	2535.00	2535.00	2535.00	2535.00	2536.00	2536.00	2536.00	2536.00	2536.00	2536.00	2536.00	2536.00	2536.00	2537.00
2518.00	2518.00	2518.00	2518.00	2518.00	2518.00	2518.00	2518.00	2518.00	2518.00	2519.00	2519.00	2519.00	2519.00	2519.00	2519.00	2519.00	2519.00	2519.00	2519.00	2519.00	2519.00	2519.00	2519.00	2520.00	2520.00	2520.00	2520.00	2520.00	2520.00	2520.00	2520.00	2520.00	2520.00	2520.00	2520.00	2520.00	2520.00	2520.00	2520.00	2520.00	2520.00	2520.00	2520.00	2520.00	2521.00	2521.00	2521.00	2521.00	2521.00	2521.00	2521.00	2521.00	2521.00	2521.00	2521.00	2521.00	2521.00	2522.00	2522.00	2522.00	2522.00	2522.00	2522.00	2522.00	2522.00	2522.00	2522.00	2522.00	2522.00	2522.00	2522.00	2523.00	2523.00	2523.00	2523.00	2523.00	2523.00	2523.00	2523.00	2523.00	2523.00	2523.00	2523.00	2523.00	2523.00	2524.00	2524.00	2524.00	2524.00	2524.00	2524.00	2524.00	2525.00	2525.00	2525.00	2525.00	2525.00	2525.00	2525.00	2526.00	2526.00	2526.00	2526.00	2526.00	2526.00	2526.00	2526.00	2526.00	2527.00	2527.00	2527.00	2527.00	2527.00	2527.00	2527.00	2527.00	2527.00	2528.00	2528.00	2528.00	2528.00	2528.00	2528.00	2528.00	2528.00	2528.00	2529.00	2529.00	2529.00	2529.00	2529.00	2530.00	2530.00	2530.00	2530.00	2530.00	2530.00	2530.00	2531.00	2531.00	2531.00	2531.00	2531.00	2531.00	2531.00	2531.00	2531.00	2531.00	2531.00	2531.00	2531.00	2531.00	2531.00	2531.00	2531.00	2531.00	2531.00	2532.00	2532.00	2532.00	2532.00	2532.00	2532.00	2532.00	2532.00	2532.00	2532.00	2532.00	2532.00	2532.00	2532.00	2532.00	2532.00	2532.00	2532.00	2532.00	2532.00	2532.00	2532.00	2532.00	2532.00	2532.00	2532.00	2532.00	2532.00	2532.00	2532.00	2532.00	2532.00	2532.00	2532.00	2532.00	2532.00	2532.00	2532.00	2532.00	2532.00	2532.00	2533.00	2533.00	2533.00	2533.00	2533.00	2533.00	2533.00	2533.00	2533.00	2533.00	2533.00	2533.00	2533.00	2533.00	2533.00	2533.00	2533.00	2533.00	2533.00	2533.00	2533.00	2533.00	2534.00	2534.00	2534.00	2534.00	2534.00	2534.00	2534.00	2534.00	2534.00	2534.00	2534.00	2534.00	2534.00	2534.00	2534.00	2534.00	2535.00	2535.00	2535.00	2535.00	2535.00	2535.00	2535.00	2535.00	2535.00	2536.00	2536.00	2536.00	2536.00	2536.00	2536.00	2536.00	2536.00	2536.00	2537.00
2518.00	2518.00	2518.00	2518.00	2518.00	2518.00	2518.00	2518.00	2518.00	2518.00	2519.00	2519.00	2519.00	2519.00	2519.00	2519.00	2519.00	2519.00	2519.00	2519.00	2519.00	2519.00	2519.00	2519.00	2520.00	2520.00	2520.00	2520.00	2520.00	2520.00	2520.00	2520.00	2520.00	2520.00	2520.00	2520.00	2520.00	2520.00	2520.00	2520.00	2520.00	2520.00	2520.00	2520.00	2520.00	2521.00	2521.00	2521.00	2521.00	2521.00	2521.00	2521.00	2521.00	2521.00	2521.00	2521.00	2521.00	2521.00	2522.00	2522.00	2522.00	2522.00	2522.00	2522.00	2522.00	2522.00	2522.00	2522.00	2522.00	2522.00	2522.00	2522.00	2523.00	2523.00	2523.00	2523.00	2523.00	2523.00	2523.00	2523.00	2523.00	2523.00	2523.00	2523.00	2523.00	2523.00	2524.00	2524.00	2524.00	2524.00	2524.00	2524.00	2524.00	2525.00	2525.00	2525.00	2525.00	2525.00	2525.00	2525.00	2526.00	2526.00	2526.00	2526.00	2526.00	2526.00	2526.00	2526.00	2526.00	2527.00	2527.00	2527.00	2527.00	2527.00	2527.00	2527.00	2527.00	2527.00	2528.00	2528.00	2528.00	2528.00	2528.00	2528.00	2528.00	2528.00	2528.00	2529.00	2529.00	2529.00	2529.00	2529.00	2530.00	2530.00	2530.00	2530.00	2530.00	2530.00	2530.00	2531.00	2531.00	2531.00	2531.00	2531.00	2531.00	2531.00	2531.00	2531.00	2531.00	2531.00	2531.00	2531.00	2531.00	2531.00	2531.00	2531.00	2531.00	2531.00	2532.00	2532.00	2532.00	2532.00	2532.00	2532.00	2532.00	2532.00	2532.00	2532.00	2532.00	2532.00	2532.00	2532.00	2532.00	2532.00	2532.00	2532.00	2532.00	2532.00	2532.00	2532.00	2532.00	2532.00	2532.00	2532.00	2532.00	2532.00	2532.00	2532.00	2532.00	2532.00	2532.00	2532.00	2532.00	2532.00	2532.00	2532.00	2532.00	2532.00	2532.00	2533.00	2533.00	2533.00	2533.00	2533.00	2533.00	2533.00	2533.00	2533.00	2533.00	2533.00	2533.00	2533.00	2533.00	2533.00	2533.00	2533.00	2533.00	2533.00	2533.00	2533.00	2533.00	2534.00	2534.00	2534.00	2534.00	2534.00	2534.00	2534.00	2534.00	2534.00	2534.00	2534.00	2534.00	2534.00	2534.00	2534.00	2534.00	2535.00	2535.00	2535.00	2535.00	2535.00	2535.00	2535.00	2535.00	2535.00	2536.00	2536.00	2536.00	2536.00	2536.00	2536.00	2536.00	2536.00	2536.00	2537.00
2518.00	2518.00	2518.00	2518.00	2518.00	2518.00	2518.00	2518.00	2518.00	2518.00	2519.00	2519.00	2519.00	2519.00	2519.00	2519.00	2519.00	2519.00	2519.00	2519.00	2519.00	2519.00	2519.00	2519.00	2520.00	2520.00	2520.00	2520.00	2520.00	2520.00	2520.00	2520.00	2520.00	2520.00	2520.00	2520.00	2520.00	2520.00	2520.00	2520.00	2520.00	2520.00	2520.00	2520.00	2520.00	2521.00	2521.00	2521.00	2521.00	2521.00	2521.00	2521.00	2521.00	2521.00	2521.00	2521.00	2521.00	2521.00	2522.00	2522.00	2522.00	2522.00	2522.00	2522.00	2522.00	2522.00	2522.00	2522.00	2522.00	2522.00	2522.00	2522.00	2523.00	2523.00	2523.00	2523.00	2523.00	2523.00	2523.00	2523.00	2523.00	2523.00	2523.00	2523.00	2523.00	2523.00	2524.00	2524.00	2524.00	2524.00	2524.00	2524.00	2524.00	2525.00	2525.00	2525.00	2525.00	2525.00	2525.00	2525.00	2526.00	2526.00	2526.00	2526.00	2526.00	2526.00	2526.00	2526.00	2526.00	2527.00	2527.00	2527.00	2527.00	2527.00	2527.00	2527.00	2527.00	2527.00	2528.00	2528.00	2528.00	2528.00	2528.00	2528.00	2528.00	2528.00	2528.00	2529.00	2529.00	2529.00	2529.00	2529.00	2530.00	2530.00	2530.00	2530.00	2530.00	2530.00	2530.00	2531.00	2531.00	2531.00	2531.00	2531.00	2531.00	2531.00	2531.00	2531.00	2531.00	2531.00	2531.00	2531.00	2531.00	2531.00	2531.00	2531.00	2531.00	2531.00	2532.00	2532.00	2532.00	2532.00	2532.00	2532.00	2532.00	2532.00	2532.00	2532.00	2532.00	2532.00	2532.00	2532.00	2532.00	2532.00	2532.00	2532.00	2532.00	2532.00	2532.00	2532.00	2532.00	2532.00	2532.00	2532.00	2532.00	2532.00	2532.00	2532.00	2532.00	2532.00	2532.00	2532.00	2532.00	2532.00	2532.00	2532.00	2532.00	2532.00	2532.00	2533.00	2533.00	2533.00	2533.00	2533.00	2533.00	2533.00	2533.00	2533.00	2533.00	2533.00	2533.00	2533.00	2533.00	2533.00	2533.00	2533.00	2533.00	2533.00	2533.00	2533.00	2533.00	2534.00	2534.00	2534.00	2534.00	2534.00	2534.00	2534.00	2534.00	2534.00	2534.00	2534.00	2534.00	2534.00	2534.00	2534.00	2534.00	2535.00	2535.00	2535.00	2535.00	2535.00	2535.00	2535.00	2535.00	2535.00	2536.00	2536.00	2536.00	2536.00	2536.00	2536.00	2536.00	2536.00	2536.00	2537.00
2518.00	2518.00	2518.00	2518.00	2518.00	2518.00	2518.00	2518.00	2518.00	2518.00	2519.00	2519.00	2519.00	2519.00	2519.00	2519.00	2519.00	2519.00	2519.00	2519.00	2519.00	2519.00	2519.00	2519.00	2520.00	2520.00	2520.00	2520.00	2520.00	2520.00	2520.00	2520.00	2520.00	2520.00	2520.00	2520.00	2520.00	2520.00	2520.00	2520.00	2520.00	2520.00	2520.00	2520.00	2520.00	2521.00	2521.00	2521.00	2521.00	2521.00	2521.00	2521.00	2521.00	2521.00	2521.00	2521.00	2521.00	2521.00	2522.00	2522.00	2522.00	2522.00	2522.00	2522.00	2522.00	2522.00	2522.00	2522.00	2522.00	2522.00	2522.00	2522.00	2523.00	2523.00	2523.00	2523.00	2523.00	2523.00	2523.00	2523.00	2523.00	2523.00	2523.00	2523.00	2523.00	2523.00	2524.00	2524.00	2524.00	2524.00	2524.00	2524.00	2524.00	2525.00	2525.00	2525.00	2525.00	2525.00	2525.00	2525.00	2526.00	2526.00	2526.00	2526.00	2526.00	2526.00	2526.00	2526.00	2526.00	2527.00	2527.00	2527.00	2527.00	2527.00	2527.00	2527.00	2527.00	2527.00	2528.00	2528.00	2528.00	2528.00	2528.00	2528.00	2528.00	2528.00	2528.00	2529.00	2529.00	2529.00	2529.00	2529.00	2530.00	2530.00	2530.00	2530.00	2530.00	2530.00	2530.00	2531.00	2531.00	2531.00	2531.00	2531.00	2531.00	2531.00	2531.00	2531.00	2531.00	2531.00	2531.00	2531.00	2531.00	2531.00	2531.00	2531.00	2531.00	2531.00	2532.00	2532.00	2532.00	2532.00	2532.00	2532.00	2532.00	2532.00	2532.00	2532.00	2532.00	2532.00	2532.00	2532.00	2532.00	2532.00	2532.00	2532.00	2532.00	2532.00	2532.00	2532.00	2532.00	2532.00	2532.00	2532.00	2532.00	2532.00	2532.00	2532.00	2532.00	2532.00	2532.00	2532.00	2532.00	2532.00	2532.00	2532.00	2532.00	2532.00	2532.00	2533.00	2533.00	2533.00	2533.00	2533.00	2533.00	2533.00	2533.00	2533.00	2533.00	2533.00	2533.00	2533.00	2533.00	2533.00	2533.00	2533.00	2533.00	2533.00	2533.00	2533.00	2533.00	2534.00	2534.00	2534.00	2534.00	2534.00	2534.00	2534.00	2534.00	2534.00	2534.00	2534.00	2534.00	2534.00	2534.00	2534.00	2534.00	2535.00	2535.00	2535.00	2535.00	2535.00	2535.00	2535.00	2535.00	2535.00	2536.00	2536.00	2536.00	2536.00	2536.00	2536.00	2536.00	2536.00	2536.00	2537.00
2518.00	2518.00	2518.00	2518.00	2518.00	2518.00	2518.00	2518.00	2518.00	2518.00	2519.00	2519.00	2519.00	2519.00	2519.00	2519.00	2519.00	2519.00	2519.00	2519.00	2519.00	2519.00	2519.00	2519.00	2520.00	2520.00	2520.00	2520.00	2520.00	2520.00	2520.00	2520.00	2520.00	2520.00	2520.00	2520.00	2520.00	2520.00	2520.00	2520.00	2520.00	2520.00	2520.00	2520.00	2520.00	2521.00	2521.00	2521.00	2521.00	2521.00	2521.00	2521.00	2521.00	2521.00	2521.00	2521.00	2521.00	2521.00	2522.00	2522.00	2522.00	2522.00	2522.00	2522.00	2522.00	2522.00	2522.00	2522.00	2522.00	2522.00	2522.00	2522.00	2523.00	2523.00	2523.00	2523.00	2523.00	2523.00	2523.00	2523.00	2523.00	2523.00	2523.00	2523.00	2523.00	2523.00	2524.00	2524.00	2524.00	2524.00	2524.00	2524.00	2524.00	2525.00	2525.00	2525.00	2525.00	2525.00	2525.00	2525.00	2526.00	2526.00	2526.00	2526.00	2526.00	2526.00	2526.00	2526.00	2526.00	2527.00	2527.00	2527.00	2527.00	2527.00	2527.00	2527.00	2527.00	2527.00	2528.00	2528.00	2528.00	2528.00	2528.00	2528.00	2528.00	2528.00	2528.00	2529.00	2529.00	2529.00	2529.00	2529.00	2530.00	2530.00	2530.00	2530.00	2530.00	2530.00	2530.00	2531.00	2531.00	2531.00	2531.00	2531.00	2531.00	2531.00	2531.00	2531.00	2531.00	2531.00	2531.00	2531.00	2531.00	2531.00	2531.00	2531.00	2531.00	2531.00	2532.00	2532.00	2532.00	2532.00	2532.00	2532.00	2532.00	2532.00	2532.00	2532.00	2532.00	2532.00	2532.00	2532.00	2532.00	2532.00	2532.00	2532.00	2532.00	2532.00	2532.00	2532.00	2532.00	2532.00	2532.00	2532.00	2532.00	2532.00	2532.00	2532.00	2532.00	2532.00	2532.00	2532.00	2532.00	2532.00	2532.00	2532.00	2532.00	2532.00	2532.00	2533.00	2533.00	2533.00	2533.00	2533.00	2533.00	2533.00	2533.00	2533.00	2533.00	2533.00	2533.00	2533.00	2533.00	2533.00	2533.00	2533.00	2533.00	2533.00	2533.00	2533.00	2533.00	2534.00	2534.00	2534.00	2534.00	2534.00	2534.00	2534.00	2534.00	2534.00	2534.00	2534.00	2534.00	2534.00	2534.00	2534.00	2534.00	2535.00	2535.00	2535.00	2535.00	2535.00	2535.00	2535.00	2535.00	2535.00	2536.00	2536.00	2536.00	2536.00	2536.00	2536.00	2536.00	2536.00	2536.00	2537.00
2518.00	2518.00	2518.00	2518.00	2518.00	2518.00	2518.00	2518.00	2518.00	2518.00	2519.00	2519.00	2519.00	2519.00	2519.00	2519.00	2519.00	2519.00	2519.00	2519.00	2519.00	2519.00	2519.00	2519.00	2520.00	2520.00	2520.00	2520.00	2520.00	2520.00	2520.00	2520.00	2520.00	2520.00	2520.00	2520.00	2520.00	2520.00	2520.00	2520.00	2520.00	2520.00	2520.00	2520.00	2520.00	2521.00	2521.00	2521.00	2521.00	2521.00	2521.00	2521.00	2521.00	2521.00	2521.00	2521.00	2521.00	2521.00	2522.00	2522.00	2522.00	2522.00	2522.00	2522.00	2522.00	2522.00	2522.00	2522.00	2522.00	2522.00	2522.00	2522.00	2523.00	2523.00	2523.00	2523.00	2523.00	2523.00	2523.00	2523.00	2523.00	2523.00	2523.00	2523.00	2523.00	2523.00	2524.00	2524.00	2524.00	2524.00	2524.00	2524.00	2524.00	2525.00	2525.00	2525.00	2525.00	2525.00	2525.00	2525.00	2526.00	2526.00	2526.00	2526.00	2526.00	2526.00	2526.00	2526.00	2526.00	2527.00	2527.00	2527.00	2527.00	2527.00	2527.00	2527.00	2527.00	2527.00	2528.00	2528.00	2528.00	2528.00	2528.00	2528.00	2528.00	2528.00	2528.00	2529.00	2529.00	2529.00	2529.00	2529.00	2530.00	2530.00	2530.00	2530.00	2530.00	2530.00	2530.00	2531.00	2531.00	2531.00	2531.00	2531.00	2531.00	2531.00	2531.00	2531.00	2531.00	2531.00	2531.00	2531.00	2531.00	2531.00	2531.00	2531.00	2531.00	2531.00	2532.00	2532.00	2532.00	2532.00	2532.00	2532.00	2532.00	2532.00	2532.00	2532.00	2532.00	2532.00	2532.00	2532.00	2532.00	2532.00	2532.00	2532.00	2532.00	2532.00	2532.00	2532.00	2532.00	2532.00	2532.00	2532.00	2532.00	2532.00	2532.00	2532.00	2532.00	2532.00	2532.00	2532.00	2532.00	2532.00	2532.00	2532.00	2532.00	2532.00	2532.00	2533.00	2533.00	2533.00	2533.00	2533.00	2533.00	2533.00	2533.00	2533.00	2533.00	2533.00	2533.00	2533.00	2533.00	2533.00	2533.00	2533.00	2533.00	2533.00	2533.00	2533.00	2533.00	2534.00	2534.00	2534.00	2534.00	2534.00	2534.00	2534.00	2534.00	2534.00	2534.00	2534.00	2534.00	2534.00	2534.00	2534.00	2534.00	2535.00	2535.00	2535.00	2535.00	2535.00	2535.00	2535.00	2535.00	2535.00	2536.00	2536.00	2536.00	2536.00	2536.00	2536.00	2536.00	2536.00	2536.00	2537.00
2518.00	2518.00	2518.00	2518.00	2518.00	2518.00	2518.00	2518.00	2518.00	2518.00	2519.00	2519.00	2519.00	2519.00	2519.00	2519.00	2519.00	2519.00	2519.00	2519.00	2519.00	2519.00	2519.00	2519.00	2520.00	2520.00	2520.00	2520.00	2520.00	2520.00	2520.00	2520.00	2520.00	2520.00	2520.00	2520.00	2520.00	2520.00	2520.00	2520.00	2520.00	2520.00	2520.00	2520.00	2520.00	2521.00	2521.00	2521.00	2521.00	2521.00	2521.00	2521.00	2521.00	2521.00	2521.00	2521.00	2521.00	2521.00	2522.00	2522.00	2522.00	2522.00	2522.00	2522.00	2522.00	2522.00	2522.00	2522.00	2522.00	2522.00	2522.00	2522.00	2523.00	2523.00	2523.00	2523.00	2523.00	2523.00	2523.00	2523.00	2523.00	2523.00	2523.00	2523.00	2523.00	2523.00	2524.00	2524.00	2524.00	2524.00	2524.00	2524.00	2524.00	2525.00	2525.00	2525.00	2525.00	2525.00	2525.00	2525.00	2526.00	2526.00	2526.00	2526.00	2526.00	2526.00	2526.00	2526.00	2526.00	2527.00	2527.00	2527.00	2527.00	2527.00	2527.00	2527.00	2527.00	2527.00	2528.00	2528.00	2528.00	2528.00	2528.00	2528.00	2528.00	2528.00	2528.00	2529.00	2529.00	2529.00	2529.00	2529.00	2530.00	2530.00	2530.00	2530.00	2530.00	2530.00	2530.00	2531.00	2531.00	2531.00	2531.00	2531.00	2531.00	2531.00	2531.00	2531.00	2531.00	2531.00	2531.00	2531.00	2531.00	2531.00	2531.00	2531.00	2531.00	2531.00	2532.00	2532.00	2532.00	2532.00	2532.00	2532.00	2532.00	2532.00	2532.00	2532.00	2532.00	2532.00	2532.00	2532.00	2532.00	2532.00	2532.00	2532.00	2532.00	2532.00	2532.00	2532.00	2532.00	2532.00	2532.00	2532.00	2532.00	2532.00	2532.00	2532.00	2532.00	2532.00	2532.00	2532.00	2532.00	2532.00	2532.00	2532.00	2532.00	2532.00	2532.00	2533.00	2533.00	2533.00	2533.00	2533.00	2533.00	2533.00	2533.00	2533.00	2533.00	2533.00	2533.00	2533.00	2533.00	2533.00	2533.00	2533.00	2533.00	2533.00	2533.00	2533.00	2533.00	2534.00	2534.00	2534.00	2534.00	2534.00	2534.00	2534.00	2534.00	2534.00	2534.00	2534.00	2534.00	2534.00	2534.00	2534.00	2534.00	2535.00	2535.00	2535.00	2535.00	2535.00	2535.00	2535.00	2535.00	2535.00	2536.00	2536.00	2536.00	2536.00	2536.00	2536.00	2536.00	2536.00	2536.00	2537.00
2518.00	2518.00	2518.00	2518.00	2518.00	2518.00	2518.00	2518.00	2518.00	2518.00	2519.00	2519.00	2519.00	2519.00	2519.00	2519.00	2519.00	2519.00	2519.00	2519.00	2519.00	2519.00	2519.00	2519.00	2520.00	2520.00	2520.00	2520.00	2520.00	2520.00	2520.00	2520.00	2520.00	2520.00	2520.00	2520.00	2520.00	2520.00	2520.00	2520.00	2520.00	2520.00	2520.00	2520.00	2520.00	2521.00	2521.00	2521.00	2521.00	2521.00	2521.00	2521.00	2521.00	2521.00	2521.00	2521.00	2521.00	2521.00	2522.00	2522.00	2522.00	2522.00	2522.00	2522.00	2522.00	2522.00	2522.00	2522.00	2522.00	2522.00	2522.00	2522.00	2523.00	2523.00	2523.00	2523.00	2523.00	2523.00	2523.00	2523.00	2523.00	2523.00	2523.00	2523.00	2523.00	2523.00	2524.00	2524.00	2524.00	2524.00	2524.00	2524.00	2524.00	2525.00	2525.00	2525.00	2525.00	2525.00	2525.00	2525.00	2526.00	2526.00	2526.00	2526.00	2526.00	2526.00	2526.00	2526.00	2526.00	2527.00	2527.00	2527.00	2527.00	2527.00	2527.00	2527.00	2527.00	2527.00	2528.00	2528.00	2528.00	2528.00	2528.00	2528.00	2528.00	2528.00	2528.00	2529.00	2529.00	2529.00	2529.00	2529.00	2530.00	2530.00	2530.00	2530.00	2530.00	2530.00	2530.00	2531.00	2531.00	2531.00	2531.00	2531.00	2531.00	2531.00	2531.00	2531.00	2531.00	2531.00	2531.00	2531.00	2531.00	2531.00	2531.00	2531.00	2531.00	2531.00	2532.00	2532.00	2532.00	2532.00	2532.00	2532.00	2532.00	2532.00	2532.00	2532.00	2532.00	2532.00	2532.00	2532.00	2532.00	2532.00	2532.00	2532.00	2532.00	2532.00	2532.00	2532.00	2532.00	2532.00	2532.00	2532.00	2532.00	2532.00	2532.00	2532.00	2532.00	2532.00	2532.00	2532.00	2532.00	2532.00	2532.00	2532.00	2532.00	2532.00	2532.00	2533.00	2533.00	2533.00	2533.00	2533.00	2533.00	2533.00	2533.00	2533.00	2533.00	2533.00	2533.00	2533.00	2533.00	2533.00	2533.00	2533.00	2533.00	2533.00	2533.00	2533.00	2533.00	2534.00	2534.00	2534.00	2534.00	2534.00	2534.00	2534.00	2534.00	2534.00	2534.00	2534.00	2534.00	2534.00	2534.00	2534.00	2534.00	2535.00	2535.00	2535.00	2535.00	2535.00	2535.00	2535.00	2535.00	2535.00	2536.00	2536.00	2536.00	2536.00	2536.00	2536.00	2536.00	2536.00	2536.00	2537.00
2518.00	2518.00	2518.00	2518.00	2518.00	2518.00	2518.00	2518.00	2518.00	2518.00	2519.00	2519.00	2519.00	2519.00	2519.00	2519.00	2519.00	2519.00	2519.00	2519.00	2519.00	2519.00	2519.00	2519.00	2520.00	2520.00	2520.00	2520.00	2520.00	2520.00	2520.00	2520.00	2520.00	2520.00	2520.00	2520.00	2520.00	2520.00	2520.00	2520.00	2520.00	2520.00	2520.00	2520.00	2520.00	2521.00	2521.00	2521.00	2521.00	2521.00	2521.00	2521.00	2521.00	2521.00	2521.00	2521.00	2521.00	2521.00	2522.00	2522.00	2522.00	2522.00	2522.00	2522.00	2522.00	2522.00	2522.00	2522.00	2522.00	2522.00	2522.00	2522.00	2523.00	2523.00	2523.00	2523.00	2523.00	2523.00	2523.00	2523.00	2523.00	2523.00	2523.00	2523.00	2523.00	2523.00	2524.00	2524.00	2524.00	2524.00	2524.00	2524.00	2524.00	2525.00	2525.00	2525.00	2525.00	2525.00	2525.00	2525.00	2526.00	2526.00	2526.00	2526.00	2526.00	2526.00	2526.00	2526.00	2526.00	2527.00	2527.00	2527.00	2527.00	2527.00	2527.00	2527.00	2527.00	2527.00	2528.00	2528.00	2528.00	2528.00	2528.00	2528.00	2528.00	2528.00	2528.00	2529.00	2529.00	2529.00	2529.00	2529.00	2530.00	2530.00	2530.00	2530.00	2530.00	2530.00	2530.00	2531.00	2531.00	2531.00	2531.00	2531.00	2531.00	2531.00	2531.00	2531.00	2531.00	2531.00	2531.00	2531.00	2531.00	2531.00	2531.00	2531.00	2531.00	2531.00	2532.00	2532.00	2532.00	2532.00	2532.00	2532.00	2532.00	2532.00	2532.00	2532.00	2532.00	2532.00	2532.00	2532.00	2532.00	2532.00	2532.00	2532.00	2532.00	2532.00	2532.00	2532.00	2532.00	2532.00	2532.00	2532.00	2532.00	2532.00	2532.00	2532.00	2532.00	2532.00	2532.00	2532.00	2532.00	2532.00	2532.00	2532.00	2532.00	2532.00	2532.00	2533.00	2533.00	2533.00	2533.00	2533.00	2533.00	2533.00	2533.00	2533.00	2533.00	2533.00	2533.00	2533.00	2533.00	2533.00	2533.00	2533.00	2533.00	2533.00	2533.00	2533.00	2533.00	2534.00	2534.00	2534.00	2534.00	2534.00	2534.00	2534.00	2534.00	2534.00	2534.00	2534.00	2534.00	2534.00	2534.00	2534.00	2534.00	2535.00	2535.00	2535.00	2535.00	2535.00	2535.00	2535.00	2535.00	2535.00	2536.00	2536.00	2536.00	2536.00	2536.00	2536.00	2536.00	2536.00	2536.00	2537.00
2518.00	2518.00	2518.00	2518.00	2518.00	2518.00	2518.00	2518.00	2518.00	2518.00	2519.00	2519.00	2519.00	2519.00	2519.00	2519.00	2519.00	2519.00	2519.00	2519.00	2519.00	2519.00	2519.00	2519.00	2520.00	2520.00	2520.00	2520.00	2520.00	2520.00	2520.00	2520.00	2520.00	2520.00	2520.00	2520.00	2520.00	2520.00	2520.00	2520.00	2520.00	2520.00	2520.00	2520.00	2520.00	2521.00	2521.00	2521.00	2521.00	2521.00	2521.00	2521.00	2521.00	2521.00	2521.00	2521.00	2521.00	2521.00	2522.00	2522.00	2522.00	2522.00	2522.00	2522.00	2522.00	2522.00	2522.00	2522.00	2522.00	2522.00	2522.00	2522.00	2523.00	2523.00	2523.00	2523.00	2523.00	2523.00	2523.00	2523.00	2523.00	2523.00	2523.00	2523.00	2523.00	2523.00	2524.00	2524.00	2524.00	2524.00	2524.00	2524.00	2524.00	2525.00	2525.00	2525.00	2525.00	2525.00	2525.00	2525.00	2526.00	2526.00	2526.00	2526.00	2526.00	2526.00	2526.00	2526.00	2526.00	2527.00	2527.00	2527.00	2527.00	2527.00	2527.00	2527.00	2527.00	2527.00	2528.00	2528.00	2528.00	2528.00	2528.00	2528.00	2528.00	2528.00	2528.00	2529.00	2529.00	2529.00	2529.00	2529.00	2530.00	2530.00	2530.00	2530.00	2530.00	2530.00	2530.00	2531.00	2531.00	2531.00	2531.00	2531.00	2531.00	2531.00	2531.00	2531.00	2531.00	2531.00	2531.00	2531.00	2531.00	2531.00	2531.00	2531.00	2531.00	2531.00	2532.00	2532.00	2532.00	2532.00	2532.00	2532.00	2532.00	2532.00	2532.00	2532.00	2532.00	2532.00	2532.00	2532.00	2532.00	2532.00	2532.00	2532.00	2532.00	2532.00	2532.00	2532.00	2532.00	2532.00	2532.00	2532.00	2532.00	2532.00	2532.00	2532.00	2532.00	2532.00	2532.00	2532.00	2532.00	2532.00	2532.00	2532.00	2532.00	2532.00	2532.00	2533.00	2533.00	2533.00	2533.00	2533.00	2533.00	2533.00	2533.00	2533.00	2533.00	2533.00	2533.00	2533.00	2533.00	2533.00	2533.00	2533.00	2533.00	2533.00	2533.00	2533.00	2533.00	2534.00	2534.00	2534.00	2534.00	2534.00	2534.00	2534.00	2534.00	2534.00	2534.00	2534.00	2534.00	2534.00	2534.00	2534.00	2534.00	2535.00	2535.00	2535.00	2535.00	2535.00	2535.00	2535.00	2535.00	2535.00	2536.00	2536.00	2536.00	2536.00	2536.00	2536.00	2536.00	2536.00	2536.00	2537.00
2521.00	2521.00	2521.00	2521.00	2521.00	2521.00	2522.00	2522.00	2522.00	2522.00	2522.00	2522.00	2522.00	2522.00	2522.00	2522.00	2522.00	2522.00	2522.00	2522.00	2523.00	2523.00	2523.00	2523.00	2523.00	2523.00	2523.00	2523.00	2523.00	2523.00	2523.00	2523.00	2523.00	2523.00	2523.00	2523.00	2523.00	2524.00	2524.00	2524.00	2524.00	2524.00	2524.00	2524.00	2524.00	2524.00	2524.00	2524.00	2524.00	2524.00	2524.00	2524.00	2524.00	2524.00	2524.00	2524.00	2524.00	2524.00	2525.00	2525.00	2525.00	2525.00	2525.00	2525.00	2525.00	2525.00	2525.00	2525.00	2525.00	2525.00	2525.00	2525.00	2526.00	2526.00	2526.00	2526.00	2526.00	2526.00	2526.00	2526.00	2526.00	2527.00	2527.00	2527.00	2527.00	2527.00	2527.00	2527.00	2527.00	2527.00	2527.00	2528.00	2528.00	2528.00	2528.00	2528.00	2528.00	2528.00	2528.00	2528.00	2528.00	2528.00	2529.00	2529.00	2529.00	2529.00	2529.00	2529.00	2529.00	2529.00	2529.00	2530.00	2530.00	2530.00	2530.00	2530.00	2530.00	2530.00	2530.00	2530.00	2531.00	2531.00	2531.00	2531.00	2531.00	2531.00	2531.00	2531.00	2532.00	2532.00	2532.00	2532.00	2532.00	2532.00	2533.00	2533.00	2533.00	2533.00	2533.00	2533.00	2533.00	2534.00	2534.00	2534.00	2534.00	2534.00	2534.00	2534.00	2534.00	2534.00	2534.00	2534.00	2534.00	2534.00	2534.00	2534.00	2534.00	2534.00	2534.00	2534.00	2534.00	2534.00	2534.00	2535.00	2535.00	2535.00	2535.00	2535.00	2535.00	2535.00	2535.00	2535.00	2535.00	2535.00	2535.00	2535.00	2535.00	2535.00	2535.00	2535.00	2535.00	2535.00	2535.00	2535.00	2535.00	2535.00	2535.00	2535.00	2535.00	2535.00	2535.00	2535.00	2535.00	2535.00	2535.00	2535.00	2535.00	2535.00	2535.00	2535.00	2535.00	2535.00	2535.00	2535.00	2535.00	2535.00	2535.00	2535.00	2535.00	2535.00	2535.00	2535.00	2535.00	2535.00	2535.00	2535.00	2535.00	2535.00	2535.00	2535.00	2535.00	2535.00	2535.00	2535.00	2535.00	2536.00	2536.00	2536.00	2536.00	2536.00	2536.00	2536.00	2536.00	2536.00	2536.00	2536.00	2536.00	2536.00	2536.00	2537.00	2537.00	2537.00	2537.00	2537.00	2537.00	2537.00	2537.00	2537.00	2538.00	2538.00	2538.00	2538.00	2538.00	2538.00	2538.00	2538.00
2521.00	2521.00	2521.00	2521.00	2521.00	2521.00	2522.00	2522.00	2522.00	2522.00	2522.00	2522.00	2522.00	2522.00	2522.00	2522.00	2522.00	2522.00	2522.00	2522.00	2523.00	2523.00	2523.00	2523.00	2523.00	2523.00	2523.00	2523.00	2523.00	2523.00	2523.00	2523.00	2523.00	2523.00	2523.00	2523.00	2523.00	2524.00	2524.00	2524.00	2524.00	2524.00	2524.00	2524.00	2524.00	2524.00	2524.00	2524.00	2524.00	2524.00	2524.00	2524.00	2524.00	2524.00	2524.00	2524.00	2524.00	2524.00	2525.00	2525.00	2525.00	2525.00	2525.00	2525.00	2525.00	2525.00	2525.00	2525.00	2525.00	2525.00	2525.00	2525.00	2526.00	2526.00	2526.00	2526.00	2526.00	2526.00	2526.00	2526.00	2526.00	2527.00	2527.00	2527.00	2527.00	2527.00	2527.00	2527.00	2527.00	2527.00	2527.00	2528.00	2528.00	2528.00	2528.00	2528.00	2528.00	2528.00	2528.00	2528.00	2528.00	2528.00	2529.00	2529.00	2529.00	2529.00	2529.00	2529.00	2529.00	2529.00	2529.00	2530.00	2530.00	2530.00	2530.00	2530.00	2530.00	2530.00	2530.00	2530.00	2531.00	2531.00	2531.00	2531.00	2531.00	2531.00	2531.00	2531.00	2532.00	2532.00	2532.00	2532.00	2532.00	2532.00	2533.00	2533.00	2533.00	2533.00	2533.00	2533.00	2533.00	2534.00	2534.00	2534.00	2534.00	2534.00	2534.00	2534.00	2534.00	2534.00	2534.00	2534.00	2534.00	2534.00	2534.00	2534.00	2534.00	2534.00	2534.00	2534.00	2534.00	2534.00	2534.00	2535.00	2535.00	2535.00	2535.00	2535.00	2535.00	2535.00	2535.00	2535.00	2535.00	2535.00	2535.00	2535.00	2535.00	2535.00	2535.00	2535.00	2535.00	2535.00	2535.00	2535.00	2535.00	2535.00	2535.00	2535.00	2535.00	2535.00	2535.00	2535.00	2535.00	2535.00	2535.00	2535.00	2535.00	2535.00	2535.00	2535.00	2535.00	2535.00	2535.00	2535.00	2535.00	2535.00	2535.00	2535.00	2535.00	2535.00	2535.00	2535.00	2535.00	2535.00	2535.00	2535.00	2535.00	2535.00	2535.00	2535.00	2535.00	2535.00	2535.00	2535.00	2535.00	2536.00	2536.00	2536.00	2536.00	2536.00	2536.00	2536.00	2536.00	2536.00	2536.00	2536.00	2536.00	2536.00	2536.00	2537.00	2537.00	2537.00	2537.00	2537.00	2537.00	2537.00	2537.00	2537.00	2538.00	2538.00	2538.00	2538.00	2538.00	2538.00	2538.00	2538.00
2521.00	2521.00	2521.00	2521.00	2521.00	2521.00	2522.00	2522.00	2522.00	2522.00	2522.00	2522.00	2522.00	2522.00	2522.00	2522.00	2522.00	2522.00	2522.00	2522.00	2523.00	2523.00	2523.00	2523.00	2523.00	2523.00	2523.00	2523.00	2523.00	2523.00	2523.00	2523.00	2523.00	2523.00	2523.00	2523.00	2523.00	2524.00	2524.00	2524.00	2524.00	2524.00	2524.00	2524.00	2524.00	2524.00	2524.00	2524.00	2524.00	2524.00	2524.00	2524.00	2524.00	2524.00	2524.00	2524.00	2524.00	2524.00	2525.00	2525.00	2525.00	2525.00	2525.00	2525.00	2525.00	2525.00	2525.00	2525.00	2525.00	2525.00	2525.00	2525.00	2526.00	2526.00	2526.00	2526.00	2526.00	2526.00	2526.00	2526.00	2526.00	2527.00	2527.00	2527.00	2527.00	2527.00	2527.00	2527.00	2527.00	2527.00	2527.00	2528.00	2528.00	2528.00	2528.00	2528.00	2528.00	2528.00	2528.00	2528.00	2528.00	2528.00	2529.00	2529.00	2529.00	2529.00	2529.00	2529.00	2529.00	2529.00	2529.00	2530.00	2530.00	2530.00	2530.00	2530.00	2530.00	2530.00	2530.00	2530.00	2531.00	2531.00	2531.00	2531.00	2531.00	2531.00	2531.00	2531.00	2532.00	2532.00	2532.00	2532.00	2532.00	2532.00	2533.00	2533.00	2533.00	2533.00	2533.00	2533.00	2533.00	2534.00	2534.00	2534.00	2534.00	2534.00	2534.00	2534.00	2534.00	2534.00	2534.00	2534.00	2534.00	2534.00	2534.00	2534.00	2534.00	2534.00	2534.00	2534.00	2534.00	2534.00	2534.00	2535.00	2535.00	2535.00	2535.00	2535.00	2535.00	2535.00	2535.00	2535.00	2535.00	2535.00	2535.00	2535.00	2535.00	2535.00	2535.00	2535.00	2535.00	2535.00	2535.00	2535.00	2535.00	2535.00	2535.00	2535.00	2535.00	2535.00	2535.00	2535.00	2535.00	2535.00	2535.00	2535.00	2535.00	2535.00	2535.00	2535.00	2535.00	2535.00	2535.00	2535.00	2535.00	2535.00	2535.00	2535.00	2535.00	2535.00	2535.00	2535.00	2535.00	2535.00	2535.00	2535.00	2535.00	2535.00	2535.00	2535.00	2535.00	2535.00	2535.00	2535.00	2535.00	2536.00	2536.00	2536.00	2536.00	2536.00	2536.00	2536.00	2536.00	2536.00	2536.00	2536.00	2536.00	2536.00	2536.00	2537.00	2537.00	2537.00	2537.00	2537.00	2537.00	2537.00	2537.00	2537.00	2538.00	2538.00	2538.00	2538.00	2538.00	2538.00	2538.00	2538.00
2521.00	2521.00	2521.00	2521.00	2521.00	2521.00	2522.00	2522.00	2522.00	2522.00	2522.00	2522.00	2522.00	2522.00	2522.00	2522.00	2522.00	2522.00	2522.00	2522.00	2523.00	2523.00	2523.00	2523.00	2523.00	2523.00	2523.00	2523.00	2523.00	2523.00	2523.00	2523.00	2523.00	2523.00	2523.00	2523.00	2523.00	2524.00	2524.00	2524.00	2524.00	2524.00	2524.00	2524.00	2524.00	2524.00	2524.00	2524.00	2524.00	2524.00	2524.00	2524.00	2524.00	2524.00	2524.00	2524.00	2524.00	2524.00	2525.00	2525.00	2525.00	2525.00	2525.00	2525.00	2525.00	2525.00	2525.00	2525.00	2525.00	2525.00	2525.00	2525.00	2526.00	2526.00	2526.00	2526.00	2526.00	2526.00	2526.00	2526.00	2526.00	2527.00	2527.00	2527.00	2527.00	2527.00	2527.00	2527.00	2527.00	2527.00	2527.00	2528.00	2528.00	2528.00	2528.00	2528.00	2528.00	2528.00	2528.00	2528.00	2528.00	2528.00	2529.00	2529.00	2529.00	2529.00	2529.00	2529.00	2529.00	2529.00	2529.00	2530.00	2530.00	2530.00	2530.00	2530.00	2530.00	2530.00	2530.00	2530.00	2531.00	2531.00	2531.00	2531.00	2531.00	2531.00	2531.00	2531.00	2532.00	2532.00	2532.00	2532.00	2532.00	2532.00	2533.00	2533.00	2533.00	2533.00	2533.00	2533.00	2533.00	2534.00	2534.00	2534.00	2534.00	2534.00	2534.00	2534.00	2534.00	2534.00	2534.00	2534.00	2534.00	2534.00	2534.00	2534.00	2534.00	2534.00	2534.00	2534.00	2534.00	2534.00	2534.00	2535.00	2535.00	2535.00	2535.00	2535.00	2535.00	2535.00	2535.00	2535.00	2535.00	2535.00	2535.00	2535.00	2535.00	2535.00	2535.00	2535.00	2535.00	2535.00	2535.00	2535.00	2535.00	2535.00	2535.00	2535.00	2535.00	2535.00	2535.00	2535.00	2535.00	2535.00	2535.00	2535.00	2535.00	2535.00	2535.00	2535.00	2535.00	2535.00	2535.00	2535.00	2535.00	2535.00	2535.00	2535.00	2535.00	2535.00	2535.00	2535.00	2535.00	2535.00	2535.00	2535.00	2535.00	2535.00	2535.00	2535.00	2535.00	2535.00	2535.00	2535.00	2535.00	2536.00	2536.00	2536.00	2536.00	2536.00	2536.00	2536.00	2536.00	2536.00	2536.00	2536.00	2536.00	2536.00	2536.00	2537.00	2537.00	2537.00	2537.00	2537.00	2537.00	2537.00	2537.00	2537.00	2538.00	2538.00	2538.00	2538.00	2538.00	2538.00	2538.00	2538.00
2521.00	2521.00	2521.00	2521.00	2521.00	2521.00	2522.00	2522.00	2522.00	2522.00	2522.00	2522.00	2522.00	2522.00	2522.00	2522.00	2522.00	2522.00	2522.00	2522.00	2523.00	2523.00	2523.00	2523.00	2523.00	2523.00	2523.00	2523.00	2523.00	2523.00	2523.00	2523.00	2523.00	2523.00	2523.00	2523.00	2523.00	2524.00	2524.00	2524.00	2524.00	2524.00	2524.00	2524.00	2524.00	2524.00	2524.00	2524.00	2524.00	2524.00	2524.00	2524.00	2524.00	2524.00	2524.00	2524.00	2524.00	2524.00	2525.00	2525.00	2525.00	2525.00	2525.00	2525.00	2525.00	2525.00	2525.00	2525.00	2525.00	2525.00	2525.00	2525.00	2526.00	2526.00	2526.00	2526.00	2526.00	2526.00	2526.00	2526.00	2526.00	2527.00	2527.00	2527.00	2527.00	2527.00	2527.00	2527.00	2527.00	2527.00	2527.00	2528.00	2528.00	2528.00	2528.00	2528.00	2528.00	2528.00	2528.00	2528.00	2528.00	2528.00	2529.00	2529.00	2529.00	2529.00	2529.00	2529.00	2529.00	2529.00	2529.00	2530.00	2530.00	2530.00	2530.00	2530.00	2530.00	2530.00	2530.00	2530.00	2531.00	2531.00	2531.00	2531.00	2531.00	2531.00	2531.00	2531.00	2532.00	2532.00	2532.00	2532.00	2532.00	2532.00	2533.00	2533.00	2533.00	2533.00	2533.00	2533.00	2533.00	2534.00	2534.00	2534.00	2534.00	2534.00	2534.00	2534.00	2534.00	2534.00	2534.00	2534.00	2534.00	2534.00	2534.00	2534.00	2534.00	2534.00	2534.00	2534.00	2534.00	2534.00	2534.00	2535.00	2535.00	2535.00	2535.00	2535.00	2535.00	2535.00	2535.00	2535.00	2535.00	2535.00	2535.00	2535.00	2535.00	2535.00	2535.00	2535.00	2535.00	2535.00	2535.00	2535.00	2535.00	2535.00	2535.00	2535.00	2535.00	2535.00	2535.00	2535.00	2535.00	2535.00	2535.00	2535.00	2535.00	2535.00	2535.00	2535.00	2535.00	2535.00	2535.00	2535.00	2535.00	2535.00	2535.00	2535.00	2535.00	2535.00	2535.00	2535.00	2535.00	2535.00	2535.00	2535.00	2535.00	2535.00	2535.00	2535.00	2535.00	2535.00	2535.00	2535.00	2535.00	2536.00	2536.00	2536.00	2536.00	2536.00	2536.00	2536.00	2536.00	2536.00	2536.00	2536.00	2536.00	2536.00	2536.00	2537.00	2537.00	2537.00	2537.00	2537.00	2537.00	2537.00	2537.00	2537.00	2538.00	2538.00	2538.00	2538.00	2538.00	2538.00	2538.00	2538.00
2521.00	2521.00	2521.00	2521.00	2521.00	2521.00	2522.00	2522.00	2522.00	2522.00	2522.00	2522.00	2522.00	2522.00	2522.00	2522.00	2522.00	2522.00	2522.00	2522.00	2523.00	2523.00	2523.00	2523.00	2523.00	2523.00	2523.00	2523.00	2523.00	2523.00	2523.00	2523.00	2523.00	2523.00	2523.00	2523.00	2523.00	2524.00	2524.00	2524.00	2524.00	2524.00	2524.00	2524.00	2524.00	2524.00	2524.00	2524.00	2524.00	2524.00	2524.00	2524.00	2524.00	2524.00	2524.00	2524.00	2524.00	2524.00	2525.00	2525.00	2525.00	2525.00	2525.00	2525.00	2525.00	2525.00	2525.00	2525.00	2525.00	2525.00	2525.00	2525.00	2526.00	2526.00	2526.00	2526.00	2526.00	2526.00	2526.00	2526.00	2526.00	2527.00	2527.00	2527.00	2527.00	2527.00	2527.00	2527.00	2527.00	2527.00	2527.00	2528.00	2528.00	2528.00	2528.00	2528.00	2528.00	2528.00	2528.00	2528.00	2528.00	2528.00	2529.00	2529.00	2529.00	2529.00	2529.00	2529.00	2529.00	2529.00	2529.00	2530.00	2530.00	2530.00	2530.00	2530.00	2530.00	2530.00	2530.00	2530.00	2531.00	2531.00	2531.00	2531.00	2531.00	2531.00	2531.00	2531.00	2532.00	2532.00	2532.00	2532.00	2532.00	2532.00	2533.00	2533.00	2533.00	2533.00	2533.00	2533.00	2533.00	2534.00	2534.00	2534.00	2534.00	2534.00	2534.00	2534.00	2534.00	2534.00	2534.00	2534.00	2534.00	2534.00	2534.00	2534.00	2534.00	2534.00	2534.00	2534.00	2534.00	2534.00	2534.00	2535.00	2535.00	2535.00	2535.00	2535.00	2535.00	2535.00	2535.00	2535.00	2535.00	2535.00	2535.00	2535.00	2535.00	2535.00	2535.00	2535.00	2535.00	2535.00	2535.00	2535.00	2535.00	2535.00	2535.00	2535.00	2535.00	2535.00	2535.00	2535.00	2535.00	2535.00	2535.00	2535.00	2535.00	2535.00	2535.00	2535.00	2535.00	2535.00	2535.00	2535.00	2535.00	2535.00	2535.00	2535.00	2535.00	2535.00	2535.00	2535.00	2535.00	2535.00	2535.00	2535.00	2535.00	2535.00	2535.00	2535.00	2535.00	2535.00	2535.00	2535.00	2535.00	2536.00	2536.00	2536.00	2536.00	2536.00	2536.00	2536.00	2536.00	2536.00	2536.00	2536.00	2536.00	2536.00	2536.00	2537.00	2537.00	2537.00	2537.00	2537.00	2537.00	2537.00	2537.00	2537.00	2538.00	2538.00	2538.00	2538.00	2538.00	2538.00	2538.00	2538.00
2521.00	2521.00	2521.00	2521.00	2521.00	2521.00	2522.00	2522.00	2522.00	2522.00	2522.00	2522.00	2522.00	2522.00	2522.00	2522.00	2522.00	2522.00	2522.00	2522.00	2523.00	2523.00	2523.00	2523.00	2523.00	2523.00	2523.00	2523.00	2523.00	2523.00	2523.00	2523.00	2523.00	2523.00	2523.00	2523.00	2523.00	2524.00	2524.00	2524.00	2524.00	2524.00	2524.00	2524.00	2524.00	2524.00	2524.00	2524.00	2524.00	2524.00	2524.00	2524.00	2524.00	2524.00	2524.00	2524.00	2524.00	2524.00	2525.00	2525.00	2525.00	2525.00	2525.00	2525.00	2525.00	2525.00	2525.00	2525.00	2525.00	2525.00	2525.00	2525.00	2526.00	2526.00	2526.00	2526.00	2526.00	2526.00	2526.00	2526.00	2526.00	2527.00	2527.00	2527.00	2527.00	2527.00	2527.00	2527.00	2527.00	2527.00	2527.00	2528.00	2528.00	2528.00	2528.00	2528.00	2528.00	2528.00	2528.00	2528.00	2528.00	2528.00	2529.00	2529.00	2529.00	2529.00	2529.00	2529.00	2529.00	2529.00	2529.00	2530.00	2530.00	2530.00	2530.00	2530.00	2530.00	2530.00	2530.00	2530.00	2531.00	2531.00	2531.00	2531.00	2531.00	2531.00	2531.00	2531.00	2532.00	2532.00	2532.00	2532.00	2532.00	2532.00	2533.00	2533.00	2533.00	2533.00	2533.00	2533.00	2533.00	2534.00	2534.00	2534.00	2534.00	2534.00	2534.00	2534.00	2534.00	2534.00	2534.00	2534.00	2534.00	2534.00	2534.00	2534.00	2534.00	2534.00	2534.00	2534.00	2534.00	2534.00	2534.00	2535.00	2535.00	2535.00	2535.00	2535.00	2535.00	2535.00	2535.00	2535.00	2535.00	2535.00	2535.00	2535.00	2535.00	2535.00	2535.00	2535.00	2535.00	2535.00	2535.00	2535.00	2535.00	2535.00	2535.00	2535.00	2535.00	2535.00	2535.00	2535.00	2535.00	2535.00	2535.00	2535.00	2535.00	2535.00	2535.00	2535.00	2535.00	2535.00	2535.00	2535.00	2535.00	2535.00	2535.00	2535.00	2535.00	2535.00	2535.00	2535.00	2535.00	2535.00	2535.00	2535.00	2535.00	2535.00	2535.00	2535.00	2535.00	2535.00	2535.00	2535.00	2535.00	2536.00	2536.00	2536.00	2536.00	2536.00	2536.00	2536.00	2536.00	2536.00	2536.00	2536.00	2536.00	2536.00	2536.00	2537.00	2537.00	2537.00	2537.00	2537.00	2537.00	2537.00	2537.00	2537.00	2538.00	2538.00	2538.00	2538.00	2538.00	2538.00	2538.00	2538.00
2521.00	2521.00	2521.00	2521.00	2521.00	2521.00	2522.00	2522.00	2522.00	2522.00	2522.00	2522.00	2522.00	2522.00	2522.00	2522.00	2522.00	2522.00	2522.00	2522.00	2523.00	2523.00	2523.00	2523.00	2523.00	2523.00	2523.00	2523.00	2523.00	2523.00	2523.00	2523.00	2523.00	2523.00	2523.00	2523.00	2523.00	2524.00	2524.00	2524.00	2524.00	2524.00	2524.00	2524.00	2524.00	2524.00	2524.00	2524.00	2524.00	2524.00	2524.00	2524.00	2524.00	2524.00	2524.00	2524.00	2524.00	2524.00	2525.00	2525.00	2525.00	2525.00	2525.00	2525.00	2525.00	2525.00	2525.00	2525.00	2525.00	2525.00	2525.00	2525.00	2526.00	2526.00	2526.00	2526.00	2526.00	2526.00	2526.00	2526.00	2526.00	2527.00	2527.00	2527.00	2527.00	2527.00	2527.00	2527.00	2527.00	2527.00	2527.00	2528.00	2528.00	2528.00	2528.00	2528.00	2528.00	2528.00	2528.00	2528.00	2528.00	2528.00	2529.00	2529.00	2529.00	2529.00	2529.00	2529.00	2529.00	2529.00	2529.00	2530.00	2530.00	2530.00	2530.00	2530.00	2530.00	2530.00	2530.00	2530.00	2531.00	2531.00	2531.00	2531.00	2531.00	2531.00	2531.00	2531.00	2532.00	2532.00	2532.00	2532.00	2532.00	2532.00	2533.00	2533.00	2533.00	2533.00	2533.00	2533.00	2533.00	2534.00	2534.00	2534.00	2534.00	2534.00	2534.00	2534.00	2534.00	2534.00	2534.00	2534.00	2534.00	2534.00	2534.00	2534.00	2534.00	2534.00	2534.00	2534.00	2534.00	2534.00	2534.00	2535.00	2535.00	2535.00	2535.00	2535.00	2535.00	2535.00	2535.00	2535.00	2535.00	2535.00	2535.00	2535.00	2535.00	2535.00	2535.00	2535.00	2535.00	2535.00	2535.00	2535.00	2535.00	2535.00	2535.00	2535.00	2535.00	2535.00	2535.00	2535.00	2535.00	2535.00	2535.00	2535.00	2535.00	2535.00	2535.00	2535.00	2535.00	2535.00	2535.00	2535.00	2535.00	2535.00	2535.00	2535.00	2535.00	2535.00	2535.00	2535.00	2535.00	2535.00	2535.00	2535.00	2535.00	2535.00	2535.00	2535.00	2535.00	2535.00	2535.00	2535.00	2535.00	2536.00	2536.00	2536.00	2536.00	2536.00	2536.00	2536.00	2536.00	2536.00	2536.00	2536.00	2536.00	2536.00	2536.00	2537.00	2537.00	2537.00	2537.00	2537.00	2537.00	2537.00	2537.00	2537.00	2538.00	2538.00	2538.00	2538.00	2538.00	2538.00	2538.00	2538.00
2521.00	2521.00	2521.00	2521.00	2521.00	2521.00	2522.00	2522.00	2522.00	2522.00	2522.00	2522.00	2522.00	2522.00	2522.00	2522.00	2522.00	2522.00	2522.00	2522.00	2523.00	2523.00	2523.00	2523.00	2523.00	2523.00	2523.00	2523.00	2523.00	2523.00	2523.00	2523.00	2523.00	2523.00	2523.00	2523.00	2523.00	2524.00	2524.00	2524.00	2524.00	2524.00	2524.00	2524.00	2524.00	2524.00	2524.00	2524.00	2524.00	2524.00	2524.00	2524.00	2524.00	2524.00	2524.00	2524.00	2524.00	2524.00	2525.00	2525.00	2525.00	2525.00	2525.00	2525.00	2525.00	2525.00	2525.00	2525.00	2525.00	2525.00	2525.00	2525.00	2526.00	2526.00	2526.00	2526.00	2526.00	2526.00	2526.00	2526.00	2526.00	2527.00	2527.00	2527.00	2527.00	2527.00	2527.00	2527.00	2527.00	2527.00	2527.00	2528.00	2528.00	2528.00	2528.00	2528.00	2528.00	2528.00	2528.00	2528.00	2528.00	2528.00	2529.00	2529.00	2529.00	2529.00	2529.00	2529.00	2529.00	2529.00	2529.00	2530.00	2530.00	2530.00	2530.00	2530.00	2530.00	2530.00	2530.00	2530.00	2531.00	2531.00	2531.00	2531.00	2531.00	2531.00	2531.00	2531.00	2532.00	2532.00	2532.00	2532.00	2532.00	2532.00	2533.00	2533.00	2533.00	2533.00	2533.00	2533.00	2533.00	2534.00	2534.00	2534.00	2534.00	2534.00	2534.00	2534.00	2534.00	2534.00	2534.00	2534.00	2534.00	2534.00	2534.00	2534.00	2534.00	2534.00	2534.00	2534.00	2534.00	2534.00	2534.00	2535.00	2535.00	2535.00	2535.00	2535.00	2535.00	2535.00	2535.00	2535.00	2535.00	2535.00	2535.00	2535.00	2535.00	2535.00	2535.00	2535.00	2535.00	2535.00	2535.00	2535.00	2535.00	2535.00	2535.00	2535.00	2535.00	2535.00	2535.00	2535.00	2535.00	2535.00	2535.00	2535.00	2535.00	2535.00	2535.00	2535.00	2535.00	2535.00	2535.00	2535.00	2535.00	2535.00	2535.00	2535.00	2535.00	2535.00	2535.00	2535.00	2535.00	2535.00	2535.00	2535.00	2535.00	2535.00	2535.00	2535.00	2535.00	2535.00	2535.00	2535.00	2535.00	2536.00	2536.00	2536.00	2536.00	2536.00	2536.00	2536.00	2536.00	2536.00	2536.00	2536.00	2536.00	2536.00	2536.00	2537.00	2537.00	2537.00	2537.00	2537.00	2537.00	2537.00	2537.00	2537.00	2538.00	2538.00	2538.00	2538.00	2538.00	2538.00	2538.00	2538.00
2521.00	2521.00	2521.00	2521.00	2521.00	2521.00	2522.00	2522.00	2522.00	2522.00	2522.00	2522.00	2522.00	2522.00	2522.00	2522.00	2522.00	2522.00	2522.00	2522.00	2523.00	2523.00	2523.00	2523.00	2523.00	2523.00	2523.00	2523.00	2523.00	2523.00	2523.00	2523.00	2523.00	2523.00	2523.00	2523.00	2523.00	2524.00	2524.00	2524.00	2524.00	2524.00	2524.00	2524.00	2524.00	2524.00	2524.00	2524.00	2524.00	2524.00	2524.00	2524.00	2524.00	2524.00	2524.00	2524.00	2524.00	2524.00	2525.00	2525.00	2525.00	2525.00	2525.00	2525.00	2525.00	2525.00	2525.00	2525.00	2525.00	2525.00	2525.00	2525.00	2526.00	2526.00	2526.00	2526.00	2526.00	2526.00	2526.00	2526.00	2526.00	2527.00	2527.00	2527.00	2527.00	2527.00	2527.00	2527.00	2527.00	2527.00	2527.00	2528.00	2528.00	2528.00	2528.00	2528.00	2528.00	2528.00	2528.00	2528.00	2528.00	2528.00	2529.00	2529.00	2529.00	2529.00	2529.00	2529.00	2529.00	2529.00	2529.00	2530.00	2530.00	2530.00	2530.00	2530.00	2530.00	2530.00	2530.00	2530.00	2531.00	2531.00	2531.00	2531.00	2531.00	2531.00	2531.00	2531.00	2532.00	2532.00	2532.00	2532.00	2532.00	2532.00	2533.00	2533.00	2533.00	2533.00	2533.00	2533.00	2533.00	2534.00	2534.00	2534.00	2534.00	2534.00	2534.00	2534.00	2534.00	2534.00	2534.00	2534.00	2534.00	2534.00	2534.00	2534.00	2534.00	2534.00	2534.00	2534.00	2534.00	2534.00	2534.00	2535.00	2535.00	2535.00	2535.00	2535.00	2535.00	2535.00	2535.00	2535.00	2535.00	2535.00	2535.00	2535.00	2535.00	2535.00	2535.00	2535.00	2535.00	2535.00	2535.00	2535.00	2535.00	2535.00	2535.00	2535.00	2535.00	2535.00	2535.00	2535.00	2535.00	2535.00	2535.00	2535.00	2535.00	2535.00	2535.00	2535.00	2535.00	2535.00	2535.00	2535.00	2535.00	2535.00	2535.00	2535.00	2535.00	2535.00	2535.00	2535.00	2535.00	2535.00	2535.00	2535.00	2535.00	2535.00	2535.00	2535.00	2535.00	2535.00	2535.00	2535.00	2535.00	2536.00	2536.00	2536.00	2536.00	2536.00	2536.00	2536.00	2536.00	2536.00	2536.00	2536.00	2536.00	2536.00	2536.00	2537.00	2537.00	2537.00	2537.00	2537.00	2537.00	2537.00	2537.00	2537.00	2538.00	2538.00	2538.00	2538.00	2538.00	2538.00	2538.00	2538.00
2521.00	2521.00	2521.00	2521.00	2521.00	2521.00	2522.00	2522.00	2522.00	2522.00	2522.00	2522.00	2522.00	2522.00	2522.00	2522.00	2522.00	2522.00	2522.00	2522.00	2523.00	2523.00	2523.00	2523.00	2523.00	2523.00	2523.00	2523.00	2523.00	2523.00	2523.00	2523.00	2523.00	2523.00	2523.00	2523.00	2523.00	2524.00	2524.00	2524.00	2524.00	2524.00	2524.00	2524.00	2524.00	2524.00	2524.00	2524.00	2524.00	2524.00	2524.00	2524.00	2524.00	2524.00	2524.00	2524.00	2524.00	2524.00	2525.00	2525.00	2525.00	2525.00	2525.00	2525.00	2525.00	2525.00	2525.00	2525.00	2525.00	2525.00	2525.00	2525.00	2526.00	2526.00	2526.00	2526.00	2526.00	2526.00	2526.00	2526.00	2526.00	2527.00	2527.00	2527.00	2527.00	2527.00	2527.00	2527.00	2527.00	2527.00	2527.00	2528.00	2528.00	2528.00	2528.00	2528.00	2528.00	2528.00	2528.00	2528.00	2528.00	2528.00	2529.00	2529.00	2529.00	2529.00	2529.00	2529.00	2529.00	2529.00	2529.00	2530.00	2530.00	2530.00	2530.00	2530.00	2530.00	2530.00	2530.00	2530.00	2531.00	2531.00	2531.00	2531.00	2531.00	2531.00	2531.00	2531.00	2532.00	2532.00	2532.00	2532.00	2532.00	2532.00	2533.00	2533.00	2533.00	2533.00	2533.00	2533.00	2533.00	2534.00	2534.00	2534.00	2534.00	2534.00	2534.00	2534.00	2534.00	2534.00	2534.00	2534.00	2534.00	2534.00	2534.00	2534.00	2534.00	2534.00	2534.00	2534.00	2534.00	2534.00	2534.00	2535.00	2535.00	2535.00	2535.00	2535.00	2535.00	2535.00	2535.00	2535.00	2535.00	2535.00	2535.00	2535.00	2535.00	2535.00	2535.00	2535.00	2535.00	2535.00	2535.00	2535.00	2535.00	2535.00	2535.00	2535.00	2535.00	2535.00	2535.00	2535.00	2535.00	2535.00	2535.00	2535.00	2535.00	2535.00	2535.00	2535.00	2535.00	2535.00	2535.00	2535.00	2535.00	2535.00	2535.00	2535.00	2535.00	2535.00	2535.00	2535.00	2535.00	2535.00	2535.00	2535.00	2535.00	2535.00	2535.00	2535.00	2535.00	2535.00	2535.00	2535.00	2535.00	2536.00	2536.00	2536.00	2536.00	2536.00	2536.00	2536.00	2536.00	2536.00	2536.00	2536.00	2536.00	2536.00	2536.00	2537.00	2537.00	2537.00	2537.00	2537.00	2537.00	2537.00	2537.00	2537.00	2538.00	2538.00	2538.00	2538.00	2538.00	2538.00	2538.00	2538.00
2521.00	2521.00	2521.00	2521.00	2521.00	2521.00	2522.00	2522.00	2522.00	2522.00	2522.00	2522.00	2522.00	2522.00	2522.00	2522.00	2522.00	2522.00	2522.00	2522.00	2523.00	2523.00	2523.00	2523.00	2523.00	2523.00	2523.00	2523.00	2523.00	2523.00	2523.00	2523.00	2523.00	2523.00	2523.00	2523.00	2523.00	2524.00	2524.00	2524.00	2524.00	2524.00	2524.00	2524.00	2524.00	2524.00	2524.00	2524.00	2524.00	2524.00	2524.00	2524.00	2524.00	2524.00	2524.00	2524.00	2524.00	2524.00	2525.00	2525.00	2525.00	2525.00	2525.00	2525.00	2525.00	2525.00	2525.00	2525.00	2525.00	2525.00	2525.00	2525.00	2526.00	2526.00	2526.00	2526.00	2526.00	2526.00	2526.00	2526.00	2526.00	2527.00	2527.00	2527.00	2527.00	2527.00	2527.00	2527.00	2527.00	2527.00	2527.00	2528.00	2528.00	2528.00	2528.00	2528.00	2528.00	2528.00	2528.00	2528.00	2528.00	2528.00	2529.00	2529.00	2529.00	2529.00	2529.00	2529.00	2529.00	2529.00	2529.00	2530.00	2530.00	2530.00	2530.00	2530.00	2530.00	2530.00	2530.00	2530.00	2531.00	2531.00	2531.00	2531.00	2531.00	2531.00	2531.00	2531.00	2532.00	2532.00	2532.00	2532.00	2532.00	2532.00	2533.00	2533.00	2533.00	2533.00	2533.00	2533.00	2533.00	2534.00	2534.00	2534.00	2534.00	2534.00	2534.00	2534.00	2534.00	2534.00	2534.00	2534.00	2534.00	2534.00	2534.00	2534.00	2534.00	2534.00	2534.00	2534.00	2534.00	2534.00	2534.00	2535.00	2535.00	2535.00	2535.00	2535.00	2535.00	2535.00	2535.00	2535.00	2535.00	2535.00	2535.00	2535.00	2535.00	2535.00	2535.00	2535.00	2535.00	2535.00	2535.00	2535.00	2535.00	2535.00	2535.00	2535.00	2535.00	2535.00	2535.00	2535.00	2535.00	2535.00	2535.00	2535.00	2535.00	2535.00	2535.00	2535.00	2535.00	2535.00	2535.00	2535.00	2535.00	2535.00	2535.00	2535.00	2535.00	2535.00	2535.00	2535.00	2535.00	2535.00	2535.00	2535.00	2535.00	2535.00	2535.00	2535.00	2535.00	2535.00	2535.00	2535.00	2535.00	2536.00	2536.00	2536.00	2536.00	2536.00	2536.00	2536.00	2536.00	2536.00	2536.00	2536.00	2536.00	2536.00	2536.00	2537.00	2537.00	2537.00	2537.00	2537.00	2537.00	2537.00	2537.00	2537.00	2538.00	2538.00	2538.00	2538.00	2538.00	2538.00	2538.00	2538.00
2521.00	2521.00	2521.00	2521.00	2521.00	2521.00	2522.00	2522.00	2522.00	2522.00	2522.00	2522.00	2522.00	2522.00	2522.00	2522.00	2522.00	2522.00	2522.00	2522.00	2523.00	2523.00	2523.00	2523.00	2523.00	2523.00	2523.00	2523.00	2523.00	2523.00	2523.00	2523.00	2523.00	2523.00	2523.00	2523.00	2523.00	2524.00	2524.00	2524.00	2524.00	2524.00	2524.00	2524.00	2524.00	2524.00	2524.00	2524.00	2524.00	2524.00	2524.00	2524.00	2524.00	2524.00	2524.00	2524.00	2524.00	2524.00	2525.00	2525.00	2525.00	2525.00	2525.00	2525.00	2525.00	2525.00	2525.00	2525.00	2525.00	2525.00	2525.00	2525.00	2526.00	2526.00	2526.00	2526.00	2526.00	2526.00	2526.00	2526.00	2526.00	2527.00	2527.00	2527.00	2527.00	2527.00	2527.00	2527.00	2527.00	2527.00	2527.00	2528.00	2528.00	2528.00	2528.00	2528.00	2528.00	2528.00	2528.00	2528.00	2528.00	2528.00	2529.00	2529.00	2529.00	2529.00	2529.00	2529.00	2529.00	2529.00	2529.00	2530.00	2530.00	2530.00	2530.00	2530.00	2530.00	2530.00	2530.00	2530.00	2531.00	2531.00	2531.00	2531.00	2531.00	2531.00	2531.00	2531.00	2532.00	2532.00	2532.00	2532.00	2532.00	2532.00	2533.00	2533.00	2533.00	2533.00	2533.00	2533.00	2533.00	2534.00	2534.00	2534.00	2534.00	2534.00	2534.00	2534.00	2534.00	2534.00	2534.00	2534.00	2534.00	2534.00	2534.00	2534.00	2534.00	2534.00	2534.00	2534.00	2534.00	2534.00	2534.00	2535.00	2535.00	2535.00	2535.00	2535.00	2535.00	2535.00	2535.00	2535.00	2535.00	2535.00	2535.00	2535.00	2535.00	2535.00	2535.00	2535.00	2535.00	2535.00	2535.00	2535.00	2535.00	2535.00	2535.00	2535.00	2535.00	2535.00	2535.00	2535.00	2535.00	2535.00	2535.00	2535.00	2535.00	2535.00	2535.00	2535.00	2535.00	2535.00	2535.00	2535.00	2535.00	2535.00	2535.00	2535.00	2535.00	2535.00	2535.00	2535.00	2535.00	2535.00	2535.00	2535.00	2535.00	2535.00	2535.00	2535.00	2535.00	2535.00	2535.00	2535.00	2535.00	2536.00	2536.00	2536.00	2536.00	2536.00	2536.00	2536.00	2536.00	2536.00	2536.00	2536.00	2536.00	2536.00	2536.00	2537.00	2537.00	2537.00	2537.00	2537.00	2537.00	2537.00	2537.00	2537.00	2538.00	2538.00	2538.00	2538.00	2538.00	2538.00	2538.00	2538.00
2521.00	2521.00	2521.00	2521.00	2521.00	2521.00	2522.00	2522.00	2522.00	2522.00	2522.00	2522.00	2522.00	2522.00	2522.00	2522.00	2522.00	2522.00	2522.00	2522.00	2523.00	2523.00	2523.00	2523.00	2523.00	2523.00	2523.00	2523.00	2523.00	2523.00	2523.00	2523.00	2523.00	2523.00	2523.00	2523.00	2523.00	2524.00	2524.00	2524.00	2524.00	2524.00	2524.00	2524.00	2524.00	2524.00	2524.00	2524.00	2524.00	2524.00	2524.00	2524.00	2524.00	2524.00	2524.00	2524.00	2524.00	2524.00	2525.00	2525.00	2525.00	2525.00	2525.00	2525.00	2525.00	2525.00	2525.00	2525.00	2525.00	2525.00	2525.00	2525.00	2526.00	2526.00	2526.00	2526.00	2526.00	2526.00	2526.00	2526.00	2526.00	2527.00	2527.00	2527.00	2527.00	2527.00	2527.00	2527.00	2527.00	2527.00	2527.00	2528.00	2528.00	2528.00	2528.00	2528.00	2528.00	2528.00	2528.00	2528.00	2528.00	2528.00	2529.00	2529.00	2529.00	2529.00	2529.00	2529.00	2529.00	2529.00	2529.00	2530.00	2530.00	2530.00	2530.00	2530.00	2530.00	2530.00	2530.00	2530.00	2531.00	2531.00	2531.00	2531.00	2531.00	2531.00	2531.00	2531.00	2532.00	2532.00	2532.00	2532.00	2532.00	2532.00	2533.00	2533.00	2533.00	2533.00	2533.00	2533.00	2533.00	2534.00	2534.00	2534.00	2534.00	2534.00	2534.00	2534.00	2534.00	2534.00	2534.00	2534.00	2534.00	2534.00	2534.00	2534.00	2534.00	2534.00	2534.00	2534.00	2534.00	2534.00	2534.00	2535.00	2535.00	2535.00	2535.00	2535.00	2535.00	2535.00	2535.00	2535.00	2535.00	2535.00	2535.00	2535.00	2535.00	2535.00	2535.00	2535.00	2535.00	2535.00	2535.00	2535.00	2535.00	2535.00	2535.00	2535.00	2535.00	2535.00	2535.00	2535.00	2535.00	2535.00	2535.00	2535.00	2535.00	2535.00	2535.00	2535.00	2535.00	2535.00	2535.00	2535.00	2535.00	2535.00	2535.00	2535.00	2535.00	2535.00	2535.00	2535.00	2535.00	2535.00	2535.00	2535.00	2535.00	2535.00	2535.00	2535.00	2535.00	2535.00	2535.00	2535.00	2535.00	2536.00	2536.00	2536.00	2536.00	2536.00	2536.00	2536.00	2536.00	2536.00	2536.00	2536.00	2536.00	2536.00	2536.00	2537.00	2537.00	2537.00	2537.00	2537.00	2537.00	2537.00	2537.00	2537.00	2538.00	2538.00	2538.00	2538.00	2538.00	2538.00	2538.00	2538.00
2521.00	2521.00	2521.00	2521.00	2521.00	2521.00	2522.00	2522.00	2522.00	2522.00	2522.00	2522.00	2522.00	2522.00	2522.00	2522.00	2522.00	2522.00	2522.00	2522.00	2523.00	2523.00	2523.00	2523.00	2523.00	2523.00	2523.00	2523.00	2523.00	2523.00	2523.00	2523.00	2523.00	2523.00	2523.00	2523.00	2523.00	2524.00	2524.00	2524.00	2524.00	2524.00	2524.00	2524.00	2524.00	2524.00	2524.00	2524.00	2524.00	2524.00	2524.00	2524.00	2524.00	2524.00	2524.00	2524.00	2524.00	2524.00	2525.00	2525.00	2525.00	2525.00	2525.00	2525.00	2525.00	2525.00	2525.00	2525.00	2525.00	2525.00	2525.00	2525.00	2526.00	2526.00	2526.00	2526.00	2526.00	2526.00	2526.00	2526.00	2526.00	2527.00	2527.00	2527.00	2527.00	2527.00	2527.00	2527.00	2527.00	2527.00	2527.00	2528.00	2528.00	2528.00	2528.00	2528.00	2528.00	2528.00	2528.00	2528.00	2528.00	2528.00	2529.00	2529.00	2529.00	2529.00	2529.00	2529.00	2529.00	2529.00	2529.00	2530.00	2530.00	2530.00	2530.00	2530.00	2530.00	2530.00	2530.00	2530.00	2531.00	2531.00	2531.00	2531.00	2531.00	2531.00	2531.00	2531.00	2532.00	2532.00	2532.00	2532.00	2532.00	2532.00	2533.00	2533.00	2533.00	2533.00	2533.00	2533.00	2533.00	2534.00	2534.00	2534.00	2534.00	2534.00	2534.00	2534.00	2534.00	2534.00	2534.00	2534.00	2534.00	2534.00	2534.00	2534.00	2534.00	2534.00	2534.00	2534.00	2534.00	2534.00	2534.00	2535.00	2535.00	2535.00	2535.00	2535.00	2535.00	2535.00	2535.00	2535.00	2535.00	2535.00	2535.00	2535.00	2535.00	2535.00	2535.00	2535.00	2535.00	2535.00	2535.00	2535.00	2535.00	2535.00	2535.00	2535.00	2535.00	2535.00	2535.00	2535.00	2535.00	2535.00	2535.00	2535.00	2535.00	2535.00	2535.00	2535.00	2535.00	2535.00	2535.00	2535.00	2535.00	2535.00	2535.00	2535.00	2535.00	2535.00	2535.00	2535.00	2535.00	2535.00	2535.00	2535.00	2535.00	2535.00	2535.00	2535.00	2535.00	2535.00	2535.00	2535.00	2535.00	2536.00	2536.00	2536.00	2536.00	2536.00	2536.00	2536.00	2536.00	2536.00	2536.00	2536.00	2536.00	2536.00	2536.00	2537.00	2537.00	2537.00	2537.00	2537.00	2537.00	2537.00	2537.00	2537.00	2538.00	2538.00	2538.00	2538.00	2538.00	2538.00	2538.00	2538.00
2521.00	2521.00	2521.00	2521.00	2521.00	2521.00	2522.00	2522.00	2522.00	2522.00	2522.00	2522.00	2522.00	2522.00	2522.00	2522.00	2522.00	2522.00	2522.00	2522.00	2523.00	2523.00	2523.00	2523.00	2523.00	2523.00	2523.00	2523.00	2523.00	2523.00	2523.00	2523.00	2523.00	2523.00	2523.00	2523.00	2523.00	2524.00	2524.00	2524.00	2524.00	2524.00	2524.00	2524.00	2524.00	2524.00	2524.00	2524.00	2524.00	2524.00	2524.00	2524.00	2524.00	2524.00	2524.00	2524.00	2524.00	2524.00	2525.00	2525.00	2525.00	2525.00	2525.00	2525.00	2525.00	2525.00	2525.00	2525.00	2525.00	2525.00	2525.00	2525.00	2526.00	2526.00	2526.00	2526.00	2526.00	2526.00	2526.00	2526.00	2526.00	2527.00	2527.00	2527.00	2527.00	2527.00	2527.00	2527.00	2527.00	2527.00	2527.00	2528.00	2528.00	2528.00	2528.00	2528.00	2528.00	2528.00	2528.00	2528.00	2528.00	2528.00	2529.00	2529.00	2529.00	2529.00	2529.00	2529.00	2529.00	2529.00	2529.00	2530.00	2530.00	2530.00	2530.00	2530.00	2530.00	2530.00	2530.00	2530.00	2531.00	2531.00	2531.00	2531.00	2531.00	2531.00	2531.00	2531.00	2532.00	2532.00	2532.00	2532.00	2532.00	2532.00	2533.00	2533.00	2533.00	2533.00	2533.00	2533.00	2533.00	2534.00	2534.00	2534.00	2534.00	2534.00	2534.00	2534.00	2534.00	2534.00	2534.00	2534.00	2534.00	2534.00	2534.00	2534.00	2534.00	2534.00	2534.00	2534.00	2534.00	2534.00	2534.00	2535.00	2535.00	2535.00	2535.00	2535.00	2535.00	2535.00	2535.00	2535.00	2535.00	2535.00	2535.00	2535.00	2535.00	2535.00	2535.00	2535.00	2535.00	2535.00	2535.00	2535.00	2535.00	2535.00	2535.00	2535.00	2535.00	2535.00	2535.00	2535.00	2535.00	2535.00	2535.00	2535.00	2535.00	2535.00	2535.00	2535.00	2535.00	2535.00	2535.00	2535.00	2535.00	2535.00	2535.00	2535.00	2535.00	2535.00	2535.00	2535.00	2535.00	2535.00	2535.00	2535.00	2535.00	2535.00	2535.00	2535.00	2535.00	2535.00	2535.00	2535.00	2535.00	2536.00	2536.00	2536.00	2536.00	2536.00	2536.00	2536.00	2536.00	2536.00	2536.00	2536.00	2536.00	2536.00	2536.00	2537.00	2537.00	2537.00	2537.00	2537.00	2537.00	2537.00	2537.00	2537.00	2538.00	2538.00	2538.00	2538.00	2538.00	2538.00	2538.00	2538.00
2521.00	2521.00	2521.00	2521.00	2521.00	2521.00	2522.00	2522.00	2522.00	2522.00	2522.00	2522.00	2522.00	2522.00	2522.00	2522.00	2522.00	2522.00	2522.00	2522.00	2523.00	2523.00	2523.00	2523.00	2523.00	2523.00	2523.00	2523.00	2523.00	2523.00	2523.00	2523.00	2523.00	2523.00	2523.00	2523.00	2523.00	2524.00	2524.00	2524.00	2524.00	2524.00	2524.00	2524.00	2524.00	2524.00	2524.00	2524.00	2524.00	2524.00	2524.00	2524.00	2524.00	2524.00	2524.00	2524.00	2524.00	2524.00	2525.00	2525.00	2525.00	2525.00	2525.00	2525.00	2525.00	2525.00	2525.00	2525.00	2525.00	2525.00	2525.00	2525.00	2526.00	2526.00	2526.00	2526.00	2526.00	2526.00	2526.00	2526.00	2526.00	2527.00	2527.00	2527.00	2527.00	2527.00	2527.00	2527.00	2527.00	2527.00	2527.00	2528.00	2528.00	2528.00	2528.00	2528.00	2528.00	2528.00	2528.00	2528.00	2528.00	2528.00	2529.00	2529.00	2529.00	2529.00	2529.00	2529.00	2529.00	2529.00	2529.00	2530.00	2530.00	2530.00	2530.00	2530.00	2530.00	2530.00	2530.00	2530.00	2531.00	2531.00	2531.00	2531.00	2531.00	2531.00	2531.00	2531.00	2532.00	2532.00	2532.00	2532.00	2532.00	2532.00	2533.00	2533.00	2533.00	2533.00	2533.00	2533.00	2533.00	2534.00	2534.00	2534.00	2534.00	2534.00	2534.00	2534.00	2534.00	2534.00	2534.00	2534.00	2534.00	2534.00	2534.00	2534.00	2534.00	2534.00	2534.00	2534.00	2534.00	2534.00	2534.00	2535.00	2535.00	2535.00	2535.00	2535.00	2535.00	2535.00	2535.00	2535.00	2535.00	2535.00	2535.00	2535.00	2535.00	2535.00	2535.00	2535.00	2535.00	2535.00	2535.00	2535.00	2535.00	2535.00	2535.00	2535.00	2535.00	2535.00	2535.00	2535.00	2535.00	2535.00	2535.00	2535.00	2535.00	2535.00	2535.00	2535.00	2535.00	2535.00	2535.00	2535.00	2535.00	2535.00	2535.00	2535.00	2535.00	2535.00	2535.00	2535.00	2535.00	2535.00	2535.00	2535.00	2535.00	2535.00	2535.00	2535.00	2535.00	2535.00	2535.00	2535.00	2535.00	2536.00	2536.00	2536.00	2536.00	2536.00	2536.00	2536.00	2536.00	2536.00	2536.00	2536.00	2536.00	2536.00	2536.00	2537.00	2537.00	2537.00	2537.00	2537.00	2537.00	2537.00	2537.00	2537.00	2538.00	2538.00	2538.00	2538.00	2538.00	2538.00	2538.00	2538.00
2524.00	2524.00	2525.00	2525.00	2525.00	2525.00	2525.00	2525.00	2525.00	2525.00	2525.00	2525.00	2525.00	2525.00	2525.00	2525.00	2525.00	2526.00	2526.00	2526.00	2526.00	2526.00	2526.00	2526.00	2526.00	2526.00	2526.00	2526.00	2526.00	2526.00	2526.00	2526.00	2526.00	2526.00	2526.00	2526.00	2526.00	2526.00	2526.00	2526.00	2527.00	2527.00	2527.00	2527.00	2527.00	2527.00	2527.00	2527.00	2527.00	2527.00	2527.00	2527.00	2527.00	2527.00	2527.00	2527.00	2527.00	2527.00	2527.00	2527.00	2527.00	2527.00	2527.00	2528.00	2528.00	2528.00	2528.00	2528.00	2528.00	2528.00	2528.00	2528.00	2528.00	2529.00	2529.00	2529.00	2529.00	2529.00	2529.00	2529.00	2529.00	2529.00	2529.00	2529.00	2530.00	2530.00	2530.00	2530.00	2530.00	2530.00	2530.00	2530.00	2530.00	2531.00	2531.00	2531.00	2531.00	2531.00	2531.00	2531.00	2531.00	2531.00	2531.00	2531.00	2532.00	2532.00	2532.00	2532.00	2532.00	2532.00	2532.00	2532.00	2532.00	2533.00	2533.00	2533.00	2533.00	2533.00	2533.00	2533.00	2533.00	2533.00	2534.00	2534.00	2534.00	2534.00	2534.00	2534.00	2535.00	2535.00	2535.00	2535.00	2535.00	2535.00	2535.00	2535.00	2536.00	2536.00	2536.00	2536.00	2536.00	2536.00	2536.00	2537.00	2537.00	2537.00	2537.00	2537.00	2537.00	2537.00	2537.00	2537.00	2538.00	2538.00	2538.00	2538.00	2538.00	2538.00	2538.00	2538.00	2538.00	2538.00	2538.00	2538.00	2538.00	2538.00	2538.00	2538.00	2538.00	2538.00	2538.00	2538.00	2538.00	2538.00	2538.00	2538.00	2538.00	2538.00	2538.00	2538.00	2538.00	2538.00	2538.00	2538.00	2538.00	2538.00	2538.00	2538.00	2538.00	2538.00	2538.00	2538.00	2538.00	2538.00	2538.00	2538.00	2538.00	2538.00	2538.00	2538.00	2538.00	2538.00	2538.00	2538.00	2538.00	2538.00	2538.00	2538.00	2538.00	2538.00	2538.00	2538.00	2539.00	2539.00	2539.00	2539.00	2539.00	2539.00	2539.00	2539.00	2539.00	2539.00	2539.00	2539.00	2539.00	2539.00	2539.00	2539.00	2539.00	2539.00	2539.00	2539.00	2539.00	2539.00	2539.00	2539.00	2539.00	2539.00	2539.00	2539.00	2539.00	2539.00	2539.00	2539.00	2539.00	2539.00	2539.00	2539.00	2540.00	2540.00	2540.00	2540.00	2540.00	2540.00	2540.00	2540.00
2524.00	2524.00	2525.00	2525.00	2525.00	2525.00	2525.00	2525.00	2525.00	2525.00	2525.00	2525.00	2525.00	2525.00	2525.00	2525.00	2525.00	2526.00	2526.00	2526.00	2526.00	2526.00	2526.00	2526.00	2526.00	2526.00	2526.00	2526.00	2526.00	2526.00	2526.00	2526.00	2526.00	2526.00	2526.00	2526.00	2526.00	2526.00	2526.00	2526.00	2527.00	2527.00	2527.00	2527.00	2527.00	2527.00	2527.00	2527.00	2527.00	2527.00	2527.00	2527.00	2527.00	2527.00	2527.00	2527.00	2527.00	2527.00	2527.00	2527.00	2527.00	2527.00	2527.00	2528.00	2528.00	2528.00	2528.00	2528.00	2528.00	2528.00	2528.00	2528.00	2528.00	2529.00	2529.00	2529.00	2529.00	2529.00	2529.00	2529.00	2529.00	2529.00	2529.00	2529.00	2530.00	2530.00	2530.00	2530.00	2530.00	2530.00	2530.00	2530.00	2530.00	2531.00	2531.00	2531.00	2531.00	2531.00	2531.00	2531.00	2531.00	2531.00	2531.00	2531.00	2532.00	2532.00	2532.00	2532.00	2532.00	2532.00	2532.00	2532.00	2532.00	2533.00	2533.00	2533.00	2533.00	2533.00	2533.00	2533.00	2533.00	2533.00	2534.00	2534.00	2534.00	2534.00	2534.00	2534.00	2535.00	2535.00	2535.00	2535.00	2535.00	2535.00	2535.00	2535.00	2536.00	2536.00	2536.00	2536.00	2536.00	2536.00	2536.00	2537.00	2537.00	2537.00	2537.00	2537.00	2537.00	2537.00	2537.00	2537.00	2538.00	2538.00	2538.00	2538.00	2538.00	2538.00	2538.00	2538.00	2538.00	2538.00	2538.00	2538.00	2538.00	2538.00	2538.00	2538.00	2538.00	2538.00	2538.00	2538.00	2538.00	2538.00	2538.00	2538.00	2538.00	2538.00	2538.00	2538.00	2538.00	2538.00	2538.00	2538.00	2538.00	2538.00	2538.00	2538.00	2538.00	2538.00	2538.00	2538.00	2538.00	2538.00	2538.00	2538.00	2538.00	2538.00	2538.00	2538.00	2538.00	2538.00	2538.00	2538.00	2538.00	2538.00	2538.00	2538.00	2538.00	2538.00	2538.00	2538.00	2539.00	2539.00	2539.00	2539.00	2539.00	2539.00	2539.00	2539.00	2539.00	2539.00	2539.00	2539.00	2539.00	2539.00	2539.00	2539.00	2539.00	2539.00	2539.00	2539.00	2539.00	2539.00	2539.00	2539.00	2539.00	2539.00	2539.00	2539.00	2539.00	2539.00	2539.00	2539.00	2539.00	2539.00	2539.00	2539.00	2540.00	2540.00	2540.00	2540.00	2540.00	2540.00	2540.00	2540.00
2524.00	2524.00	2525.00	2525.00	2525.00	2525.00	2525.00	2525.00	2525.00	2525.00	2525.00	2525.00	2525.00	2525.00	2525.00	2525.00	2525.00	2526.00	2526.00	2526.00	2526.00	2526.00	2526.00	2526.00	2526.00	2526.00	2526.00	2526.00	2526.00	2526.00	2526.00	2526.00	2526.00	2526.00	2526.00	2526.00	2526.00	2526.00	2526.00	2526.00	2527.00	2527.00	2527.00	2527.00	2527.00	2527.00	2527.00	2527.00	2527.00	2527.00	2527.00	2527.00	2527.00	2527.00	2527.00	2527.00	2527.00	2527.00	2527.00	2527.00	2527.00	2527.00	2527.00	2528.00	2528.00	2528.00	2528.00	2528.00	2528.00	2528.00	2528.00	2528.00	2528.00	2529.00	2529.00	2529.00	2529.00	2529.00	2529.00	2529.00	2529.00	2529.00	2529.00	2529.00	2530.00	2530.00	2530.00	2530.00	2530.00	2530.00	2530.00	2530.00	2530.00	2531.00	2531.00	2531.00	2531.00	2531.00	2531.00	2531.00	2531.00	2531.00	2531.00	2531.00	2532.00	2532.00	2532.00	2532.00	2532.00	2532.00	2532.00	2532.00	2532.00	2533.00	2533.00	2533.00	2533.00	2533.00	2533.00	2533.00	2533.00	2533.00	2534.00	2534.00	2534.00	2534.00	2534.00	2534.00	2535.00	2535.00	2535.00	2535.00	2535.00	2535.00	2535.00	2535.00	2536.00	2536.00	2536.00	2536.00	2536.00	2536.00	2536.00	2537.00	2537.00	2537.00	2537.00	2537.00	2537.00	2537.00	2537.00	2537.00	2538.00	2538.00	2538.00	2538.00	2538.00	2538.00	2538.00	2538.00	2538.00	2538.00	2538.00	2538.00	2538.00	2538.00	2538.00	2538.00	2538.00	2538.00	2538.00	2538.00	2538.00	2538.00	2538.00	2538.00	2538.00	2538.00	2538.00	2538.00	2538.00	2538.00	2538.00	2538.00	2538.00	2538.00	2538.00	2538.00	2538.00	2538.00	2538.00	2538.00	2538.00	2538.00	2538.00	2538.00	2538.00	2538.00	2538.00	2538.00	2538.00	2538.00	2538.00	2538.00	2538.00	2538.00	2538.00	2538.00	2538.00	2538.00	2538.00	2538.00	2539.00	2539.00	2539.00	2539.00	2539.00	2539.00	2539.00	2539.00	2539.00	2539.00	2539.00	2539.00	2539.00	2539.00	2539.00	2539.00	2539.00	2539.00	2539.00	2539.00	2539.00	2539.00	2539.00	2539.00	2539.00	2539.00	2539.00	2539.00	2539.00	2539.00	2539.00	2539.00	2539.00	2539.00	2539.00	2539.00	2540.00	2540.00	2540.00	2540.00	2540.00	2540.00	2540.00	2540.00
2524.00	2524.00	2525.00	2525.00	2525.00	2525.00	2525.00	2525.00	2525.00	2525.00	2525.00	2525.00	2525.00	2525.00	2525.00	2525.00	2525.00	2526.00	2526.00	2526.00	2526.00	2526.00	2526.00	2526.00	2526.00	2526.00	2526.00	2526.00	2526.00	2526.00	2526.00	2526.00	2526.00	2526.00	2526.00	2526.00	2526.00	2526.00	2526.00	2526.00	2527.00	2527.00	2527.00	2527.00	2527.00	2527.00	2527.00	2527.00	2527.00	2527.00	2527.00	2527.00	2527.00	2527.00	2527.00	2527.00	2527.00	2527.00	2527.00	2527.00	2527.00	2527.00	2527.00	2528.00	2528.00	2528.00	2528.00	2528.00	2528.00	2528.00	2528.00	2528.00	2528.00	2529.00	2529.00	2529.00	2529.00	2529.00	2529.00	2529.00	2529.00	2529.00	2529.00	2529.00	2530.00	2530.00	2530.00	2530.00	2530.00	2530.00	2530.00	2530.00	2530.00	2531.00	2531.00	2531.00	2531.00	2531.00	2531.00	2531.00	2531.00	2531.00	2531.00	2531.00	2532.00	2532.00	2532.00	2532.00	2532.00	2532.00	2532.00	2532.00	2532.00	2533.00	2533.00	2533.00	2533.00	2533.00	2533.00	2533.00	2533.00	2533.00	2534.00	2534.00	2534.00	2534.00	2534.00	2534.00	2535.00	2535.00	2535.00	2535.00	2535.00	2535.00	2535.00	2535.00	2536.00	2536.00	2536.00	2536.00	2536.00	2536.00	2536.00	2537.00	2537.00	2537.00	2537.00	2537.00	2537.00	2537.00	2537.00	2537.00	2538.00	2538.00	2538.00	2538.00	2538.00	2538.00	2538.00	2538.00	2538.00	2538.00	2538.00	2538.00	2538.00	2538.00	2538.00	2538.00	2538.00	2538.00	2538.00	2538.00	2538.00	2538.00	2538.00	2538.00	2538.00	2538.00	2538.00	2538.00	2538.00	2538.00	2538.00	2538.00	2538.00	2538.00	2538.00	2538.00	2538.00	2538.00	2538.00	2538.00	2538.00	2538.00	2538.00	2538.00	2538.00	2538.00	2538.00	2538.00	2538.00	2538.00	2538.00	2538.00	2538.00	2538.00	2538.00	2538.00	2538.00	2538.00	2538.00	2538.00	2539.00	2539.00	2539.00	2539.00	2539.00	2539.00	2539.00	2539.00	2539.00	2539.00	2539.00	2539.00	2539.00	2539.00	2539.00	2539.00	2539.00	2539.00	2539.00	2539.00	2539.00	2539.00	2539.00	2539.00	2539.00	2539.00	2539.00	2539.00	2539.00	2539.00	2539.00	2539.00	2539.00	2539.00	2539.00	2539.00	2540.00	2540.00	2540.00	2540.00	2540.00	2540.00	2540.00	2540.00
2524.00	2524.00	2525.00	2525.00	2525.00	2525.00	2525.00	2525.00	2525.00	2525.00	2525.00	2525.00	2525.00	2525.00	2525.00	2525.00	2525.00	2526.00	2526.00	2526.00	2526.00	2526.00	2526.00	2526.00	2526.00	2526.00	2526.00	2526.00	2526.00	2526.00	2526.00	2526.00	2526.00	2526.00	2526.00	2526.00	2526.00	2526.00	2526.00	2526.00	2527.00	2527.00	2527.00	2527.00	2527.00	2527.00	2527.00	2527.00	2527.00	2527.00	2527.00	2527.00	2527.00	2527.00	2527.00	2527.00	2527.00	2527.00	2527.00	2527.00	2527.00	2527.00	2527.00	2528.00	2528.00	2528.00	2528.00	2528.00	2528.00	2528.00	2528.00	2528.00	2528.00	2529.00	2529.00	2529.00	2529.00	2529.00	2529.00	2529.00	2529.00	2529.00	2529.00	2529.00	2530.00	2530.00	2530.00	2530.00	2530.00	2530.00	2530.00	2530.00	2530.00	2531.00	2531.00	2531.00	2531.00	2531.00	2531.00	2531.00	2531.00	2531.00	2531.00	2531.00	2532.00	2532.00	2532.00	2532.00	2532.00	2532.00	2532.00	2532.00	2532.00	2533.00	2533.00	2533.00	2533.00	2533.00	2533.00	2533.00	2533.00	2533.00	2534.00	2534.00	2534.00	2534.00	2534.00	2534.00	2535.00	2535.00	2535.00	2535.00	2535.00	2535.00	2535.00	2535.00	2536.00	2536.00	2536.00	2536.00	2536.00	2536.00	2536.00	2537.00	2537.00	2537.00	2537.00	2537.00	2537.00	2537.00	2537.00	2537.00	2538.00	2538.00	2538.00	2538.00	2538.00	2538.00	2538.00	2538.00	2538.00	2538.00	2538.00	2538.00	2538.00	2538.00	2538.00	2538.00	2538.00	2538.00	2538.00	2538.00	2538.00	2538.00	2538.00	2538.00	2538.00	2538.00	2538.00	2538.00	2538.00	2538.00	2538.00	2538.00	2538.00	2538.00	2538.00	2538.00	2538.00	2538.00	2538.00	2538.00	2538.00	2538.00	2538.00	2538.00	2538.00	2538.00	2538.00	2538.00	2538.00	2538.00	2538.00	2538.00	2538.00	2538.00	2538.00	2538.00	2538.00	2538.00	2538.00	2538.00	2539.00	2539.00	2539.00	2539.00	2539.00	2539.00	2539.00	2539.00	2539.00	2539.00	2539.00	2539.00	2539.00	2539.00	2539.00	2539.00	2539.00	2539.00	2539.00	2539.00	2539.00	2539.00	2539.00	2539.00	2539.00	2539.00	2539.00	2539.00	2539.00	2539.00	2539.00	2539.00	2539.00	2539.00	2539.00	2539.00	2540.00	2540.00	2540.00	2540.00	2540.00	2540.00	2540.00	2540.00
2524.00	2524.00	2525.00	2525.00	2525.00	2525.00	2525.00	2525.00	2525.00	2525.00	2525.00	2525.00	2525.00	2525.00	2525.00	2525.00	2525.00	2526.00	2526.00	2526.00	2526.00	2526.00	2526.00	2526.00	2526.00	2526.00	2526.00	2526.00	2526.00	2526.00	2526.00	2526.00	2526.00	2526.00	2526.00	2526.00	2526.00	2526.00	2526.00	2526.00	2527.00	2527.00	2527.00	2527.00	2527.00	2527.00	2527.00	2527.00	2527.00	2527.00	2527.00	2527.00	2527.00	2527.00	2527.00	2527.00	2527.00	2527.00	2527.00	2527.00	2527.00	2527.00	2527.00	2528.00	2528.00	2528.00	2528.00	2528.00	2528.00	2528.00	2528.00	2528.00	2528.00	2529.00	2529.00	2529.00	2529.00	2529.00	2529.00	2529.00	2529.00	2529.00	2529.00	2529.00	2530.00	2530.00	2530.00	2530.00	2530.00	2530.00	2530.00	2530.00	2530.00	2531.00	2531.00	2531.00	2531.00	2531.00	2531.00	2531.00	2531.00	2531.00	2531.00	2531.00	2532.00	2532.00	2532.00	2532.00	2532.00	2532.00	2532.00	2532.00	2532.00	2533.00	2533.00	2533.00	2533.00	2533.00	2533.00	2533.00	2533.00	2533.00	2534.00	2534.00	2534.00	2534.00	2534.00	2534.00	2535.00	2535.00	2535.00	2535.00	2535.00	2535.00	2535.00	2535.00	2536.00	2536.00	2536.00	2536.00	2536.00	2536.00	2536.00	2537.00	2537.00	2537.00	2537.00	2537.00	2537.00	2537.00	2537.00	2537.00	2538.00	2538.00	2538.00	2538.00	2538.00	2538.00	2538.00	2538.00	2538.00	2538.00	2538.00	2538.00	2538.00	2538.00	2538.00	2538.00	2538.00	2538.00	2538.00	2538.00	2538.00	2538.00	2538.00	2538.00	2538.00	2538.00	2538.00	2538.00	2538.00	2538.00	2538.00	2538.00	2538.00	2538.00	2538.00	2538.00	2538.00	2538.00	2538.00	2538.00	2538.00	2538.00	2538.00	2538.00	2538.00	2538.00	2538.00	2538.00	2538.00	2538.00	2538.00	2538.00	2538.00	2538.00	2538.00	2538.00	2538.00	2538.00	2538.00	2538.00	2539.00	2539.00	2539.00	2539.00	2539.00	2539.00	2539.00	2539.00	2539.00	2539.00	2539.00	2539.00	2539.00	2539.00	2539.00	2539.00	2539.00	2539.00	2539.00	2539.00	2539.00	2539.00	2539.00	2539.00	2539.00	2539.00	2539.00	2539.00	2539.00	2539.00	2539.00	2539.00	2539.00	2539.00	2539.00	2539.00	2540.00	2540.00	2540.00	2540.00	2540.00	2540.00	2540.00	2540.00
2524.00	2524.00	2525.00	2525.00	2525.00	2525.00	2525.00	2525.00	2525.00	2525.00	2525.00	2525.00	2525.00	2525.00	2525.00	2525.00	2525.00	2526.00	2526.00	2526.00	2526.00	2526.00	2526.00	2526.00	2526.00	2526.00	2526.00	2526.00	2526.00	2526.00	2526.00	2526.00	2526.00	2526.00	2526.00	2526.00	2526.00	2526.00	2526.00	2526.00	2527.00	2527.00	2527.00	2527.00	2527.00	2527.00	2527.00	2527.00	2527.00	2527.00	2527.00	2527.00	2527.00	2527.00	2527.00	2527.00	2527.00	2527.00	2527.00	2527.00	2527.00	2527.00	2527.00	2528.00	2528.00	2528.00	2528.00	2528.00	2528.00	2528.00	2528.00	2528.00	2528.00	2529.00	2529.00	2529.00	2529.00	2529.00	2529.00	2529.00	2529.00	2529.00	2529.00	2529.00	2530.00	2530.00	2530.00	2530.00	2530.00	2530.00	2530.00	2530.00	2530.00	2531.00	2531.00	2531.00	2531.00	2531.00	2531.00	2531.00	2531.00	2531.00	2531.00	2531.00	2532.00	2532.00	2532.00	2532.00	2532.00	2532.00	2532.00	2532.00	2532.00	2533.00	2533.00	2533.00	2533.00	2533.00	2533.00	2533.00	2533.00	2533.00	2534.00	2534.00	2534.00	2534.00	2534.00	2534.00	2535.00	2535.00	2535.00	2535.00	2535.00	2535.00	2535.00	2535.00	2536.00	2536.00	2536.00	2536.00	2536.00	2536.00	2536.00	2537.00	2537.00	2537.00	2537.00	2537.00	2537.00	2537.00	2537.00	2537.00	2538.00	2538.00	2538.00	2538.00	2538.00	2538.00	2538.00	2538.00	2538.00	2538.00	2538.00	2538.00	2538.00	2538.00	2538.00	2538.00	2538.00	2538.00	2538.00	2538.00	2538.00	2538.00	2538.00	2538.00	2538.00	2538.00	2538.00	2538.00	2538.00	2538.00	2538.00	2538.00	2538.00	2538.00	2538.00	2538.00	2538.00	2538.00	2538.00	2538.00	2538.00	2538.00	2538.00	2538.00	2538.00	2538.00	2538.00	2538.00	2538.00	2538.00	2538.00	2538.00	2538.00	2538.00	2538.00	2538.00	2538.00	2538.00	2538.00	2538.00	2539.00	2539.00	2539.00	2539.00	2539.00	2539.00	2539.00	2539.00	2539.00	2539.00	2539.00	2539.00	2539.00	2539.00	2539.00	2539.00	2539.00	2539.00	2539.00	2539.00	2539.00	2539.00	2539.00	2539.00	2539.00	2539.00	2539.00	2539.00	2539.00	2539.00	2539.00	2539.00	2539.00	2539.00	2539.00	2539.00	2540.00	2540.00	2540.00	2540.00	2540.00	2540.00	2540.00	2540.00
2524.00	2524.00	2525.00	2525.00	2525.00	2525.00	2525.00	2525.00	2525.00	2525.00	2525.00	2525.00	2525.00	2525.00	2525.00	2525.00	2525.00	2526.00	2526.00	2526.00	2526.00	2526.00	2526.00	2526.00	2526.00	2526.00	2526.00	2526.00	2526.00	2526.00	2526.00	2526.00	2526.00	2526.00	2526.00	2526.00	2526.00	2526.00	2526.00	2526.00	2527.00	2527.00	2527.00	2527.00	2527.00	2527.00	2527.00	2527.00	2527.00	2527.00	2527.00	2527.00	2527.00	2527.00	2527.00	2527.00	2527.00	2527.00	2527.00	2527.00	2527.00	2527.00	2527.00	2528.00	2528.00	2528.00	2528.00	2528.00	2528.00	2528.00	2528.00	2528.00	2528.00	2529.00	2529.00	2529.00	2529.00	2529.00	2529.00	2529.00	2529.00	2529.00	2529.00	2529.00	2530.00	2530.00	2530.00	2530.00	2530.00	2530.00	2530.00	2530.00	2530.00	2531.00	2531.00	2531.00	2531.00	2531.00	2531.00	2531.00	2531.00	2531.00	2531.00	2531.00	2532.00	2532.00	2532.00	2532.00	2532.00	2532.00	2532.00	2532.00	2532.00	2533.00	2533.00	2533.00	2533.00	2533.00	2533.00	2533.00	2533.00	2533.00	2534.00	2534.00	2534.00	2534.00	2534.00	2534.00	2535.00	2535.00	2535.00	2535.00	2535.00	2535.00	2535.00	2535.00	2536.00	2536.00	2536.00	2536.00	2536.00	2536.00	2536.00	2537.00	2537.00	2537.00	2537.00	2537.00	2537.00	2537.00	2537.00	2537.00	2538.00	2538.00	2538.00	2538.00	2538.00	2538.00	2538.00	2538.00	2538.00	2538.00	2538.00	2538.00	2538.00	2538.00	2538.00	2538.00	2538.00	2538.00	2538.00	2538.00	2538.00	2538.00	2538.00	2538.00	2538.00	2538.00	2538.00	2538.00	2538.00	2538.00	2538.00	2538.00	2538.00	2538.00	2538.00	2538.00	2538.00	2538.00	2538.00	2538.00	2538.00	2538.00	2538.00	2538.00	2538.00	2538.00	2538.00	2538.00	2538.00	2538.00	2538.00	2538.00	2538.00	2538.00	2538.00	2538.00	2538.00	2538.00	2538.00	2538.00	2539.00	2539.00	2539.00	2539.00	2539.00	2539.00	2539.00	2539.00	2539.00	2539.00	2539.00	2539.00	2539.00	2539.00	2539.00	2539.00	2539.00	2539.00	2539.00	2539.00	2539.00	2539.00	2539.00	2539.00	2539.00	2539.00	2539.00	2539.00	2539.00	2539.00	2539.00	2539.00	2539.00	2539.00	2539.00	2539.00	2540.00	2540.00	2540.00	2540.00	2540.00	2540.00	2540.00	2540.00
2524.00	2524.00	2525.00	2525.00	2525.00	2525.00	2525.00	2525.00	2525.00	2525.00	2525.00	2525.00	2525.00	2525.00	2525.00	2525.00	2525.00	2526.00	2526.00	2526.00	2526.00	2526.00	2526.00	2526.00	2526.00	2526.00	2526.00	2526.00	2526.00	2526.00	2526.00	2526.00	2526.00	2526.00	2526.00	2526.00	2526.00	2526.00	2526.00	2526.00	2527.00	2527.00	2527.00	2527.00	2527.00	2527.00	2527.00	2527.00	2527.00	2527.00	2527.00	2527.00	2527.00	2527.00	2527.00	2527.00	2527.00	2527.00	2527.00	2527.00	2527.00	2527.00	2527.00	2528.00	2528.00	2528.00	2528.00	2528.00	2528.00	2528.00	2528.00	2528.00	2528.00	2529.00	2529.00	2529.00	2529.00	2529.00	2529.00	2529.00	2529.00	2529.00	2529.00	2529.00	2530.00	2530.00	2530.00	2530.00	2530.00	2530.00	2530.00	2530.00	2530.00	2531.00	2531.00	2531.00	2531.00	2531.00	2531.00	2531.00	2531.00	2531.00	2531.00	2531.00	2532.00	2532.00	2532.00	2532.00	2532.00	2532.00	2532.00	2532.00	2532.00	2533.00	2533.00	2533.00	2533.00	2533.00	2533.00	2533.00	2533.00	2533.00	2534.00	2534.00	2534.00	2534.00	2534.00	2534.00	2535.00	2535.00	2535.00	2535.00	2535.00	2535.00	2535.00	2535.00	2536.00	2536.00	2536.00	2536.00	2536.00	2536.00	2536.00	2537.00	2537.00	2537.00	2537.00	2537.00	2537.00	2537.00	2537.00	2537.00	2538.00	2538.00	2538.00	2538.00	2538.00	2538.00	2538.00	2538.00	2538.00	2538.00	2538.00	2538.00	2538.00	2538.00	2538.00	2538.00	2538.00	2538.00	2538.00	2538.00	2538.00	2538.00	2538.00	2538.00	2538.00	2538.00	2538.00	2538.00	2538.00	2538.00	2538.00	2538.00	2538.00	2538.00	2538.00	2538.00	2538.00	2538.00	2538.00	2538.00	2538.00	2538.00	2538.00	2538.00	2538.00	2538.00	2538.00	2538.00	2538.00	2538.00	2538.00	2538.00	2538.00	2538.00	2538.00	2538.00	2538.00	2538.00	2538.00	2538.00	2539.00	2539.00	2539.00	2539.00	2539.00	2539.00	2539.00	2539.00	2539.00	2539.00	2539.00	2539.00	2539.00	2539.00	2539.00	2539.00	2539.00	2539.00	2539.00	2539.00	2539.00	2539.00	2539.00	2539.00	2539.00	2539.00	2539.00	2539.00	2539.00	2539.00	2539.00	2539.00	2539.00	2539.00	2539.00	2539.00	2540.00	2540.00	2540.00	2540.00	2540.00	2540.00	2540.00	2540.00
2524.00	2524.00	2525.00	2525.00	2525.00	2525.00	2525.00	2525.00	2525.00	2525.00	2525.00	2525.00	2525.00	2525.00	2525.00	2525.00	2525.00	2526.00	2526.00	2526.00	2526.00	2526.00	2526.00	2526.00	2526.00	2526.00	2526.00	2526.00	2526.00	2526.00	2526.00	2526.00	2526.00	2526.00	2526.00	2526.00	2526.00	2526.00	2526.00	2526.00	2527.00	2527.00	2527.00	2527.00	2527.00	2527.00	2527.00	2527.00	2527.00	2527.00	2527.00	2527.00	2527.00	2527.00	2527.00	2527.00	2527.00	2527.00	2527.00	2527.00	2527.00	2527.00	2527.00	2528.00	2528.00	2528.00	2528.00	2528.00	2528.00	2528.00	2528.00	2528.00	2528.00	2529.00	2529.00	2529.00	2529.00	2529.00	2529.00	2529.00	2529.00	2529.00	2529.00	2529.00	2530.00	2530.00	2530.00	2530.00	2530.00	2530.00	2530.00	2530.00	2530.00	2531.00	2531.00	2531.00	2531.00	2531.00	2531.00	2531.00	2531.00	2531.00	2531.00	2531.00	2532.00	2532.00	2532.00	2532.00	2532.00	2532.00	2532.00	2532.00	2532.00	2533.00	2533.00	2533.00	2533.00	2533.00	2533.00	2533.00	2533.00	2533.00	2534.00	2534.00	2534.00	2534.00	2534.00	2534.00	2535.00	2535.00	2535.00	2535.00	2535.00	2535.00	2535.00	2535.00	2536.00	2536.00	2536.00	2536.00	2536.00	2536.00	2536.00	2537.00	2537.00	2537.00	2537.00	2537.00	2537.00	2537.00	2537.00	2537.00	2538.00	2538.00	2538.00	2538.00	2538.00	2538.00	2538.00	2538.00	2538.00	2538.00	2538.00	2538.00	2538.00	2538.00	2538.00	2538.00	2538.00	2538.00	2538.00	2538.00	2538.00	2538.00	2538.00	2538.00	2538.00	2538.00	2538.00	2538.00	2538.00	2538.00	2538.00	2538.00	2538.00	2538.00	2538.00	2538.00	2538.00	2538.00	2538.00	2538.00	2538.00	2538.00	2538.00	2538.00	2538.00	2538.00	2538.00	2538.00	2538.00	2538.00	2538.00	2538.00	2538.00	2538.00	2538.00	2538.00	2538.00	2538.00	2538.00	2538.00	2539.00	2539.00	2539.00	2539.00	2539.00	2539.00	2539.00	2539.00	2539.00	2539.00	2539.00	2539.00	2539.00	2539.00	2539.00	2539.00	2539.00	2539.00	2539.00	2539.00	2539.00	2539.00	2539.00	2539.00	2539.00	2539.00	2539.00	2539.00	2539.00	2539.00	2539.00	2539.00	2539.00	2539.00	2539.00	2539.00	2540.00	2540.00	2540.00	2540.00	2540.00	2540.00	2540.00	2540.00
2524.00	2524.00	2525.00	2525.00	2525.00	2525.00	2525.00	2525.00	2525.00	2525.00	2525.00	2525.00	2525.00	2525.00	2525.00	2525.00	2525.00	2526.00	2526.00	2526.00	2526.00	2526.00	2526.00	2526.00	2526.00	2526.00	2526.00	2526.00	2526.00	2526.00	2526.00	2526.00	2526.00	2526.00	2526.00	2526.00	2526.00	2526.00	2526.00	2526.00	2527.00	2527.00	2527.00	2527.00	2527.00	2527.00	2527.00	2527.00	2527.00	2527.00	2527.00	2527.00	2527.00	2527.00	2527.00	2527.00	2527.00	2527.00	2527.00	2527.00	2527.00	2527.00	2527.00	2528.00	2528.00	2528.00	2528.00	2528.00	2528.00	2528.00	2528.00	2528.00	2528.00	2529.00	2529.00	2529.00	2529.00	2529.00	2529.00	2529.00	2529.00	2529.00	2529.00	2529.00	2530.00	2530.00	2530.00	2530.00	2530.00	2530.00	2530.00	2530.00	2530.00	2531.00	2531.00	2531.00	2531.00	2531.00	2531.00	2531.00	2531.00	2531.00	2531.00	2531.00	2532.00	2532.00	2532.00	2532.00	2532.00	2532.00	2532.00	2532.00	2532.00	2533.00	2533.00	2533.00	2533.00	2533.00	2533.00	2533.00	2533.00	2533.00	2534.00	2534.00	2534.00	2534.00	2534.00	2534.00	2535.00	2535.00	2535.00	2535.00	2535.00	2535.00	2535.00	2535.00	2536.00	2536.00	2536.00	2536.00	2536.00	2536.00	2536.00	2537.00	2537.00	2537.00	2537.00	2537.00	2537.00	2537.00	2537.00	2537.00	2538.00	2538.00	2538.00	2538.00	2538.00	2538.00	2538.00	2538.00	2538.00	2538.00	2538.00	2538.00	2538.00	2538.00	2538.00	2538.00	2538.00	2538.00	2538.00	2538.00	2538.00	2538.00	2538.00	2538.00	2538.00	2538.00	2538.00	2538.00	2538.00	2538.00	2538.00	2538.00	2538.00	2538.00	2538.00	2538.00	2538.00	2538.00	2538.00	2538.00	2538.00	2538.00	2538.00	2538.00	2538.00	2538.00	2538.00	2538.00	2538.00	2538.00	2538.00	2538.00	2538.00	2538.00	2538.00	2538.00	2538.00	2538.00	2538.00	2538.00	2539.00	2539.00	2539.00	2539.00	2539.00	2539.00	2539.00	2539.00	2539.00	2539.00	2539.00	2539.00	2539.00	2539.00	2539.00	2539.00	2539.00	2539.00	2539.00	2539.00	2539.00	2539.00	2539.00	2539.00	2539.00	2539.00	2539.00	2539.00	2539.00	2539.00	2539.00	2539.00	2539.00	2539.00	2539.00	2539.00	2540.00	2540.00	2540.00	2540.00	2540.00	2540.00	2540.00	2540.00
2524.00	2524.00	2525.00	2525.00	2525.00	2525.00	2525.00	2525.00	2525.00	2525.00	2525.00	2525.00	2525.00	2525.00	2525.00	2525.00	2525.00	2526.00	2526.00	2526.00	2526.00	2526.00	2526.00	2526.00	2526.00	2526.00	2526.00	2526.00	2526.00	2526.00	2526.00	2526.00	2526.00	2526.00	2526.00	2526.00	2526.00	2526.00	2526.00	2526.00	2527.00	2527.00	2527.00	2527.00	2527.00	2527.00	2527.00	2527.00	2527.00	2527.00	2527.00	2527.00	2527.00	2527.00	2527.00	2527.00	2527.00	2527.00	2527.00	2527.00	2527.00	2527.00	2527.00	2528.00	2528.00	2528.00	2528.00	2528.00	2528.00	2528.00	2528.00	2528.00	2528.00	2529.00	2529.00	2529.00	2529.00	2529.00	2529.00	2529.00	2529.00	2529.00	2529.00	2529.00	2530.00	2530.00	2530.00	2530.00	2530.00	2530.00	2530.00	2530.00	2530.00	2531.00	2531.00	2531.00	2531.00	2531.00	2531.00	2531.00	2531.00	2531.00	2531.00	2531.00	2532.00	2532.00	2532.00	2532.00	2532.00	2532.00	2532.00	2532.00	2532.00	2533.00	2533.00	2533.00	2533.00	2533.00	2533.00	2533.00	2533.00	2533.00	2534.00	2534.00	2534.00	2534.00	2534.00	2534.00	2535.00	2535.00	2535.00	2535.00	2535.00	2535.00	2535.00	2535.00	2536.00	2536.00	2536.00	2536.00	2536.00	2536.00	2536.00	2537.00	2537.00	2537.00	2537.00	2537.00	2537.00	2537.00	2537.00	2537.00	2538.00	2538.00	2538.00	2538.00	2538.00	2538.00	2538.00	2538.00	2538.00	2538.00	2538.00	2538.00	2538.00	2538.00	2538.00	2538.00	2538.00	2538.00	2538.00	2538.00	2538.00	2538.00	2538.00	2538.00	2538.00	2538.00	2538.00	2538.00	2538.00	2538.00	2538.00	2538.00	2538.00	2538.00	2538.00	2538.00	2538.00	2538.00	2538.00	2538.00	2538.00	2538.00	2538.00	2538.00	2538.00	2538.00	2538.00	2538.00	2538.00	2538.00	2538.00	2538.00	2538.00	2538.00	2538.00	2538.00	2538.00	2538.00	2538.00	2538.00	2539.00	2539.00	2539.00	2539.00	2539.00	2539.00	2539.00	2539.00	2539.00	2539.00	2539.00	2539.00	2539.00	2539.00	2539.00	2539.00	2539.00	2539.00	2539.00	2539.00	2539.00	2539.00	2539.00	2539.00	2539.00	2539.00	2539.00	2539.00	2539.00	2539.00	2539.00	2539.00	2539.00	2539.00	2539.00	2539.00	2540.00	2540.00	2540.00	2540.00	2540.00	2540.00	2540.00	2540.00
2524.00	2524.00	2525.00	2525.00	2525.00	2525.00	2525.00	2525.00	2525.00	2525.00	2525.00	2525.00	2525.00	2525.00	2525.00	2525.00	2525.00	2526.00	2526.00	2526.00	2526.00	2526.00	2526.00	2526.00	2526.00	2526.00	2526.00	2526.00	2526.00	2526.00	2526.00	2526.00	2526.00	2526.00	2526.00	2526.00	2526.00	2526.00	2526.00	2526.00	2527.00	2527.00	2527.00	2527.00	2527.00	2527.00	2527.00	2527.00	2527.00	2527.00	2527.00	2527.00	2527.00	2527.00	2527.00	2527.00	2527.00	2527.00	2527.00	2527.00	2527.00	2527.00	2527.00	2528.00	2528.00	2528.00	2528.00	2528.00	2528.00	2528.00	2528.00	2528.00	2528.00	2529.00	2529.00	2529.00	2529.00	2529.00	2529.00	2529.00	2529.00	2529.00	2529.00	2529.00	2530.00	2530.00	2530.00	2530.00	2530.00	2530.00	2530.00	2530.00	2530.00	2531.00	2531.00	2531.00	2531.00	2531.00	2531.00	2531.00	2531.00	2531.00	2531.00	2531.00	2532.00	2532.00	2532.00	2532.00	2532.00	2532.00	2532.00	2532.00	2532.00	2533.00	2533.00	2533.00	2533.00	2533.00	2533.00	2533.00	2533.00	2533.00	2534.00	2534.00	2534.00	2534.00	2534.00	2534.00	2535.00	2535.00	2535.00	2535.00	2535.00	2535.00	2535.00	2535.00	2536.00	2536.00	2536.00	2536.00	2536.00	2536.00	2536.00	2537.00	2537.00	2537.00	2537.00	2537.00	2537.00	2537.00	2537.00	2537.00	2538.00	2538.00	2538.00	2538.00	2538.00	2538.00	2538.00	2538.00	2538.00	2538.00	2538.00	2538.00	2538.00	2538.00	2538.00	2538.00	2538.00	2538.00	2538.00	2538.00	2538.00	2538.00	2538.00	2538.00	2538.00	2538.00	2538.00	2538.00	2538.00	2538.00	2538.00	2538.00	2538.00	2538.00	2538.00	2538.00	2538.00	2538.00	2538.00	2538.00	2538.00	2538.00	2538.00	2538.00	2538.00	2538.00	2538.00	2538.00	2538.00	2538.00	2538.00	2538.00	2538.00	2538.00	2538.00	2538.00	2538.00	2538.00	2538.00	2538.00	2539.00	2539.00	2539.00	2539.00	2539.00	2539.00	2539.00	2539.00	2539.00	2539.00	2539.00	2539.00	2539.00	2539.00	2539.00	2539.00	2539.00	2539.00	2539.00	2539.00	2539.00	2539.00	2539.00	2539.00	2539.00	2539.00	2539.00	2539.00	2539.00	2539.00	2539.00	2539.00	2539.00	2539.00	2539.00	2539.00	2540.00	2540.00	2540.00	2540.00	2540.00	2540.00	2540.00	2540.00
2524.00	2524.00	2525.00	2525.00	2525.00	2525.00	2525.00	2525.00	2525.00	2525.00	2525.00	2525.00	2525.00	2525.00	2525.00	2525.00	2525.00	2526.00	2526.00	2526.00	2526.00	2526.00	2526.00	2526.00	2526.00	2526.00	2526.00	2526.00	2526.00	2526.00	2526.00	2526.00	2526.00	2526.00	2526.00	2526.00	2526.00	2526.00	2526.00	2526.00	2527.00	2527.00	2527.00	2527.00	2527.00	2527.00	2527.00	2527.00	2527.00	2527.00	2527.00	2527.00	2527.00	2527.00	2527.00	2527.00	2527.00	2527.00	2527.00	2527.00	2527.00	2527.00	2527.00	2528.00	2528.00	2528.00	2528.00	2528.00	2528.00	2528.00	2528.00	2528.00	2528.00	2529.00	2529.00	2529.00	2529.00	2529.00	2529.00	2529.00	2529.00	2529.00	2529.00	2529.00	2530.00	2530.00	2530.00	2530.00	2530.00	2530.00	2530.00	2530.00	2530.00	2531.00	2531.00	2531.00	2531.00	2531.00	2531.00	2531.00	2531.00	2531.00	2531.00	2531.00	2532.00	2532.00	2532.00	2532.00	2532.00	2532.00	2532.00	2532.00	2532.00	2533.00	2533.00	2533.00	2533.00	2533.00	2533.00	2533.00	2533.00	2533.00	2534.00	2534.00	2534.00	2534.00	2534.00	2534.00	2535.00	2535.00	2535.00	2535.00	2535.00	2535.00	2535.00	2535.00	2536.00	2536.00	2536.00	2536.00	2536.00	2536.00	2536.00	2537.00	2537.00	2537.00	2537.00	2537.00	2537.00	2537.00	2537.00	2537.00	2538.00	2538.00	2538.00	2538.00	2538.00	2538.00	2538.00	2538.00	2538.00	2538.00	2538.00	2538.00	2538.00	2538.00	2538.00	2538.00	2538.00	2538.00	2538.00	2538.00	2538.00	2538.00	2538.00	2538.00	2538.00	2538.00	2538.00	2538.00	2538.00	2538.00	2538.00	2538.00	2538.00	2538.00	2538.00	2538.00	2538.00	2538.00	2538.00	2538.00	2538.00	2538.00	2538.00	2538.00	2538.00	2538.00	2538.00	2538.00	2538.00	2538.00	2538.00	2538.00	2538.00	2538.00	2538.00	2538.00	2538.00	2538.00	2538.00	2538.00	2539.00	2539.00	2539.00	2539.00	2539.00	2539.00	2539.00	2539.00	2539.00	2539.00	2539.00	2539.00	2539.00	2539.00	2539.00	2539.00	2539.00	2539.00	2539.00	2539.00	2539.00	2539.00	2539.00	2539.00	2539.00	2539.00	2539.00	2539.00	2539.00	2539.00	2539.00	2539.00	2539.00	2539.00	2539.00	2539.00	2540.00	2540.00	2540.00	2540.00	2540.00	2540.00	2540.00	2540.00
2524.00	2524.00	2525.00	2525.00	2525.00	2525.00	2525.00	2525.00	2525.00	2525.00	2525.00	2525.00	2525.00	2525.00	2525.00	2525.00	2525.00	2526.00	2526.00	2526.00	2526.00	2526.00	2526.00	2526.00	2526.00	2526.00	2526.00	2526.00	2526.00	2526.00	2526.00	2526.00	2526.00	2526.00	2526.00	2526.00	2526.00	2526.00	2526.00	2526.00	2527.00	2527.00	2527.00	2527.00	2527.00	2527.00	2527.00	2527.00	2527.00	2527.00	2527.00	2527.00	2527.00	2527.00	2527.00	2527.00	2527.00	2527.00	2527.00	2527.00	2527.00	2527.00	2527.00	2528.00	2528.00	2528.00	2528.00	2528.00	2528.00	2528.00	2528.00	2528.00	2528.00	2529.00	2529.00	2529.00	2529.00	2529.00	2529.00	2529.00	2529.00	2529.00	2529.00	2529.00	2530.00	2530.00	2530.00	2530.00	2530.00	2530.00	2530.00	2530.00	2530.00	2531.00	2531.00	2531.00	2531.00	2531.00	2531.00	2531.00	2531.00	2531.00	2531.00	2531.00	2532.00	2532.00	2532.00	2532.00	2532.00	2532.00	2532.00	2532.00	2532.00	2533.00	2533.00	2533.00	2533.00	2533.00	2533.00	2533.00	2533.00	2533.00	2534.00	2534.00	2534.00	2534.00	2534.00	2534.00	2535.00	2535.00	2535.00	2535.00	2535.00	2535.00	2535.00	2535.00	2536.00	2536.00	2536.00	2536.00	2536.00	2536.00	2536.00	2537.00	2537.00	2537.00	2537.00	2537.00	2537.00	2537.00	2537.00	2537.00	2538.00	2538.00	2538.00	2538.00	2538.00	2538.00	2538.00	2538.00	2538.00	2538.00	2538.00	2538.00	2538.00	2538.00	2538.00	2538.00	2538.00	2538.00	2538.00	2538.00	2538.00	2538.00	2538.00	2538.00	2538.00	2538.00	2538.00	2538.00	2538.00	2538.00	2538.00	2538.00	2538.00	2538.00	2538.00	2538.00	2538.00	2538.00	2538.00	2538.00	2538.00	2538.00	2538.00	2538.00	2538.00	2538.00	2538.00	2538.00	2538.00	2538.00	2538.00	2538.00	2538.00	2538.00	2538.00	2538.00	2538.00	2538.00	2538.00	2538.00	2539.00	2539.00	2539.00	2539.00	2539.00	2539.00	2539.00	2539.00	2539.00	2539.00	2539.00	2539.00	2539.00	2539.00	2539.00	2539.00	2539.00	2539.00	2539.00	2539.00	2539.00	2539.00	2539.00	2539.00	2539.00	2539.00	2539.00	2539.00	2539.00	2539.00	2539.00	2539.00	2539.00	2539.00	2539.00	2539.00	2540.00	2540.00	2540.00	2540.00	2540.00	2540.00	2540.00	2540.00
2524.00	2524.00	2525.00	2525.00	2525.00	2525.00	2525.00	2525.00	2525.00	2525.00	2525.00	2525.00	2525.00	2525.00	2525.00	2525.00	2525.00	2526.00	2526.00	2526.00	2526.00	2526.00	2526.00	2526.00	2526.00	2526.00	2526.00	2526.00	2526.00	2526.00	2526.00	2526.00	2526.00	2526.00	2526.00	2526.00	2526.00	2526.00	2526.00	2526.00	2527.00	2527.00	2527.00	2527.00	2527.00	2527.00	2527.00	2527.00	2527.00	2527.00	2527.00	2527.00	2527.00	2527.00	2527.00	2527.00	2527.00	2527.00	2527.00	2527.00	2527.00	2527.00	2527.00	2528.00	2528.00	2528.00	2528.00	2528.00	2528.00	2528.00	2528.00	2528.00	2528.00	2529.00	2529.00	2529.00	2529.00	2529.00	2529.00	2529.00	2529.00	2529.00	2529.00	2529.00	2530.00	2530.00	2530.00	2530.00	2530.00	2530.00	2530.00	2530.00	2530.00	2531.00	2531.00	2531.00	2531.00	2531.00	2531.00	2531.00	2531.00	2531.00	2531.00	2531.00	2532.00	2532.00	2532.00	2532.00	2532.00	2532.00	2532.00	2532.00	2532.00	2533.00	2533.00	2533.00	2533.00	2533.00	2533.00	2533.00	2533.00	2533.00	2534.00	2534.00	2534.00	2534.00	2534.00	2534.00	2535.00	2535.00	2535.00	2535.00	2535.00	2535.00	2535.00	2535.00	2536.00	2536.00	2536.00	2536.00	2536.00	2536.00	2536.00	2537.00	2537.00	2537.00	2537.00	2537.00	2537.00	2537.00	2537.00	2537.00	2538.00	2538.00	2538.00	2538.00	2538.00	2538.00	2538.00	2538.00	2538.00	2538.00	2538.00	2538.00	2538.00	2538.00	2538.00	2538.00	2538.00	2538.00	2538.00	2538.00	2538.00	2538.00	2538.00	2538.00	2538.00	2538.00	2538.00	2538.00	2538.00	2538.00	2538.00	2538.00	2538.00	2538.00	2538.00	2538.00	2538.00	2538.00	2538.00	2538.00	2538.00	2538.00	2538.00	2538.00	2538.00	2538.00	2538.00	2538.00	2538.00	2538.00	2538.00	2538.00	2538.00	2538.00	2538.00	2538.00	2538.00	2538.00	2538.00	2538.00	2539.00	2539.00	2539.00	2539.00	2539.00	2539.00	2539.00	2539.00	2539.00	2539.00	2539.00	2539.00	2539.00	2539.00	2539.00	2539.00	2539.00	2539.00	2539.00	2539.00	2539.00	2539.00	2539.00	2539.00	2539.00	2539.00	2539.00	2539.00	2539.00	2539.00	2539.00	2539.00	2539.00	2539.00	2539.00	2539.00	2540.00	2540.00	2540.00	2540.00	2540.00	2540.00	2540.00	2540.00
2527.00	2527.00	2527.00	2528.00	2528.00	2528.00	2528.00	2528.00	2528.00	2528.00	2528.00	2528.00	2528.00	2528.00	2528.00	2528.00	2528.00	2529.00	2529.00	2529.00	2529.00	2529.00	2529.00	2529.00	2529.00	2529.00	2529.00	2529.00	2529.00	2529.00	2529.00	2529.00	2529.00	2529.00	2529.00	2529.00	2529.00	2529.00	2529.00	2529.00	2529.00	2529.00	2529.00	2529.00	2529.00	2529.00	2529.00	2530.00	2530.00	2530.00	2530.00	2530.00	2530.00	2530.00	2530.00	2530.00	2530.00	2530.00	2530.00	2530.00	2530.00	2530.00	2530.00	2530.00	2530.00	2530.00	2530.00	2531.00	2531.00	2531.00	2531.00	2531.00	2531.00	2531.00	2531.00	2531.00	2531.00	2532.00	2532.00	2532.00	2532.00	2532.00	2532.00	2532.00	2532.00	2532.00	2533.00	2533.00	2533.00	2533.00	2533.00	2533.00	2533.00	2533.00	2533.00	2533.00	2534.00	2534.00	2534.00	2534.00	2534.00	2534.00	2534.00	2534.00	2534.00	2535.00	2535.00	2535.00	2535.00	2535.00	2535.00	2535.00	2535.00	2535.00	2535.00	2535.00	2536.00	2536.00	2536.00	2536.00	2536.00	2536.00	2536.00	2537.00	2537.00	2537.00	2537.00	2537.00	2537.00	2538.00	2538.00	2538.00	2538.00	2538.00	2538.00	2538.00	2539.00	2539.00	2539.00	2539.00	2539.00	2539.00	2539.00	2539.00	2539.00	2540.00	2540.00	2540.00	2540.00	2540.00	2540.00	2540.00	2540.00	2540.00	2540.00	2541.00	2541.00	2541.00	2541.00	2541.00	2541.00	2541.00	2541.00	2541.00	2541.00	2541.00	2541.00	2541.00	2541.00	2541.00	2541.00	2541.00	2541.00	2541.00	2541.00	2541.00	2541.00	2541.00	2541.00	2541.00	2541.00	2541.00	2541.00	2541.00	2541.00	2541.00	2541.00	2541.00	2541.00	2541.00	2541.00	2541.00	2541.00	2541.00	2541.00	2541.00	2541.00	2541.00	2541.00	2541.00	2541.00	2541.00	2541.00	2541.00	2541.00	2541.00	2541.00	2541.00	2541.00	2541.00	2541.00	2541.00	2541.00	2541.00	2541.00	2541.00	2541.00	2541.00	2541.00	2541.00	2541.00	2541.00	2541.00	2541.00	2541.00	2541.00	2541.00	2541.00	2541.00	2541.00	2541.00	2541.00	2541.00	2541.00	2541.00	2542.00	2542.00	2542.00	2542.00	2542.00	2542.00	2542.00	2542.00	2542.00	2542.00	2542.00	2542.00	2542.00	2542.00	2542.00	2542.00	2542.00	2542.00	2542.00	2543.00	2543.00
2527.00	2527.00	2527.00	2528.00	2528.00	2528.00	2528.00	2528.00	2528.00	2528.00	2528.00	2528.00	2528.00	2528.00	2528.00	2528.00	2528.00	2529.00	2529.00	2529.00	2529.00	2529.00	2529.00	2529.00	2529.00	2529.00	2529.00	2529.00	2529.00	2529.00	2529.00	2529.00	2529.00	2529.00	2529.00	2529.00	2529.00	2529.00	2529.00	2529.00	2529.00	2529.00	2529.00	2529.00	2529.00	2529.00	2529.00	2530.00	2530.00	2530.00	2530.00	2530.00	2530.00	2530.00	2530.00	2530.00	2530.00	2530.00	2530.00	2530.00	2530.00	2530.00	2530.00	2530.00	2530.00	2530.00	2530.00	2531.00	2531.00	2531.00	2531.00	2531.00	2531.00	2531.00	2531.00	2531.00	2531.00	2532.00	2532.00	2532.00	2532.00	2532.00	2532.00	2532.00	2532.00	2532.00	2533.00	2533.00	2533.00	2533.00	2533.00	2533.00	2533.00	2533.00	2533.00	2533.00	2534.00	2534.00	2534.00	2534.00	2534.00	2534.00	2534.00	2534.00	2534.00	2535.00	2535.00	2535.00	2535.00	2535.00	2535.00	2535.00	2535.00	2535.00	2535.00	2535.00	2536.00	2536.00	2536.00	2536.00	2536.00	2536.00	2536.00	2537.00	2537.00	2537.00	2537.00	2537.00	2537.00	2538.00	2538.00	2538.00	2538.00	2538.00	2538.00	2538.00	2539.00	2539.00	2539.00	2539.00	2539.00	2539.00	2539.00	2539.00	2539.00	2540.00	2540.00	2540.00	2540.00	2540.00	2540.00	2540.00	2540.00	2540.00	2540.00	2541.00	2541.00	2541.00	2541.00	2541.00	2541.00	2541.00	2541.00	2541.00	2541.00	2541.00	2541.00	2541.00	2541.00	2541.00	2541.00	2541.00	2541.00	2541.00	2541.00	2541.00	2541.00	2541.00	2541.00	2541.00	2541.00	2541.00	2541.00	2541.00	2541.00	2541.00	2541.00	2541.00	2541.00	2541.00	2541.00	2541.00	2541.00	2541.00	2541.00	2541.00	2541.00	2541.00	2541.00	2541.00	2541.00	2541.00	2541.00	2541.00	2541.00	2541.00	2541.00	2541.00	2541.00	2541.00	2541.00	2541.00	2541.00	2541.00	2541.00	2541.00	2541.00	2541.00	2541.00	2541.00	2541.00	2541.00	2541.00	2541.00	2541.00	2541.00	2541.00	2541.00	2541.00	2541.00	2541.00	2541.00	2541.00	2541.00	2541.00	2542.00	2542.00	2542.00	2542.00	2542.00	2542.00	2542.00	2542.00	2542.00	2542.00	2542.00	2542.00	2542.00	2542.00	2542.00	2542.00	2542.00	2542.00	2542.00	2543.00	2543.00
2527.00	2527.00	2527.00	2528.00	2528.00	2528.00	2528.00	2528.00	2528.00	2528.00	2528.00	2528.00	2528.00	2528.00	2528.00	2528.00	2528.00	2529.00	2529.00	2529.00	2529.00	2529.00	2529.00	2529.00	2529.00	2529.00	2529.00	2529.00	2529.00	2529.00	2529.00	2529.00	2529.00	2529.00	2529.00	2529.00	2529.00	2529.00	2529.00	2529.00	2529.00	2529.00	2529.00	2529.00	2529.00	2529.00	2529.00	2530.00	2530.00	2530.00	2530.00	2530.00	2530.00	2530.00	2530.00	2530.00	2530.00	2530.00	2530.00	2530.00	2530.00	2530.00	2530.00	2530.00	2530.00	2530.00	2530.00	2531.00	2531.00	2531.00	2531.00	2531.00	2531.00	2531.00	2531.00	2531.00	2531.00	2532.00	2532.00	2532.00	2532.00	2532.00	2532.00	2532.00	2532.00	2532.00	2533.00	2533.00	2533.00	2533.00	2533.00	2533.00	2533.00	2533.00	2533.00	2533.00	2534.00	2534.00	2534.00	2534.00	2534.00	2534.00	2534.00	2534.00	2534.00	2535.00	2535.00	2535.00	2535.00	2535.00	2535.00	2535.00	2535.00	2535.00	2535.00	2535.00	2536.00	2536.00	2536.00	2536.00	2536.00	2536.00	2536.00	2537.00	2537.00	2537.00	2537.00	2537.00	2537.00	2538.00	2538.00	2538.00	2538.00	2538.00	2538.00	2538.00	2539.00	2539.00	2539.00	2539.00	2539.00	2539.00	2539.00	2539.00	2539.00	2540.00	2540.00	2540.00	2540.00	2540.00	2540.00	2540.00	2540.00	2540.00	2540.00	2541.00	2541.00	2541.00	2541.00	2541.00	2541.00	2541.00	2541.00	2541.00	2541.00	2541.00	2541.00	2541.00	2541.00	2541.00	2541.00	2541.00	2541.00	2541.00	2541.00	2541.00	2541.00	2541.00	2541.00	2541.00	2541.00	2541.00	2541.00	2541.00	2541.00	2541.00	2541.00	2541.00	2541.00	2541.00	2541.00	2541.00	2541.00	2541.00	2541.00	2541.00	2541.00	2541.00	2541.00	2541.00	2541.00	2541.00	2541.00	2541.00	2541.00	2541.00	2541.00	2541.00	2541.00	2541.00	2541.00	2541.00	2541.00	2541.00	2541.00	2541.00	2541.00	2541.00	2541.00	2541.00	2541.00	2541.00	2541.00	2541.00	2541.00	2541.00	2541.00	2541.00	2541.00	2541.00	2541.00	2541.00	2541.00	2541.00	2541.00	2542.00	2542.00	2542.00	2542.00	2542.00	2542.00	2542.00	2542.00	2542.00	2542.00	2542.00	2542.00	2542.00	2542.00	2542.00	2542.00	2542.00	2542.00	2542.00	2543.00	2543.00
2527.00	2527.00	2527.00	2528.00	2528.00	2528.00	2528.00	2528.00	2528.00	2528.00	2528.00	2528.00	2528.00	2528.00	2528.00	2528.00	2528.00	2529.00	2529.00	2529.00	2529.00	2529.00	2529.00	2529.00	2529.00	2529.00	2529.00	2529.00	2529.00	2529.00	2529.00	2529.00	2529.00	2529.00	2529.00	2529.00	2529.00	2529.00	2529.00	2529.00	2529.00	2529.00	2529.00	2529.00	2529.00	2529.00	2529.00	2530.00	2530.00	2530.00	2530.00	2530.00	2530.00	2530.00	2530.00	2530.00	2530.00	2530.00	2530.00	2530.00	2530.00	2530.00	2530.00	2530.00	2530.00	2530.00	2530.00	2531.00	2531.00	2531.00	2531.00	2531.00	2531.00	2531.00	2531.00	2531.00	2531.00	2532.00	2532.00	2532.00	2532.00	2532.00	2532.00	2532.00	2532.00	2532.00	2533.00	2533.00	2533.00	2533.00	2533.00	2533.00	2533.00	2533.00	2533.00	2533.00	2534.00	2534.00	2534.00	2534.00	2534.00	2534.00	2534.00	2534.00	2534.00	2535.00	2535.00	2535.00	2535.00	2535.00	2535.00	2535.00	2535.00	2535.00	2535.00	2535.00	2536.00	2536.00	2536.00	2536.00	2536.00	2536.00	2536.00	2537.00	2537.00	2537.00	2537.00	2537.00	2537.00	2538.00	2538.00	2538.00	2538.00	2538.00	2538.00	2538.00	2539.00	2539.00	2539.00	2539.00	2539.00	2539.00	2539.00	2539.00	2539.00	2540.00	2540.00	2540.00	2540.00	2540.00	2540.00	2540.00	2540.00	2540.00	2540.00	2541.00	2541.00	2541.00	2541.00	2541.00	2541.00	2541.00	2541.00	2541.00	2541.00	2541.00	2541.00	2541.00	2541.00	2541.00	2541.00	2541.00	2541.00	2541.00	2541.00	2541.00	2541.00	2541.00	2541.00	2541.00	2541.00	2541.00	2541.00	2541.00	2541.00	2541.00	2541.00	2541.00	2541.00	2541.00	2541.00	2541.00	2541.00	2541.00	2541.00	2541.00	2541.00	2541.00	2541.00	2541.00	2541.00	2541.00	2541.00	2541.00	2541.00	2541.00	2541.00	2541.00	2541.00	2541.00	2541.00	2541.00	2541.00	2541.00	2541.00	2541.00	2541.00	2541.00	2541.00	2541.00	2541.00	2541.00	2541.00	2541.00	2541.00	2541.00	2541.00	2541.00	2541.00	2541.00	2541.00	2541.00	2541.00	2541.00	2541.00	2542.00	2542.00	2542.00	2542.00	2542.00	2542.00	2542.00	2542.00	2542.00	2542.00	2542.00	2542.00	2542.00	2542.00	2542.00	2542.00	2542.00	2542.00	2542.00	2543.00	2543.00
2527.00	2527.00	2527.00	2528.00	2528.00	2528.00	2528.00	2528.00	2528.00	2528.00	2528.00	2528.00	2528.00	2528.00	2528.00	2528.00	2528.00	2529.00	2529.00	2529.00	2529.00	2529.00	2529.00	2529.00	2529.00	2529.00	2529.00	2529.00	2529.00	2529.00	2529.00	2529.00	2529.00	2529.00	2529.00	2529.00	2529.00	2529.00	2529.00	2529.00	2529.00	2529.00	2529.00	2529.00	2529.00	2529.00	2529.00	2530.00	2530.00	2530.00	2530.00	2530.00	2530.00	2530.00	2530.00	2530.00	2530.00	2530.00	2530.00	2530.00	2530.00	2530.00	2530.00	2530.00	2530.00	2530.00	2530.00	2531.00	2531.00	2531.00	2531.00	2531.00	2531.00	2531.00	2531.00	2531.00	2531.00	2532.00	2532.00	2532.00	2532.00	2532.00	2532.00	2532.00	2532.00	2532.00	2533.00	2533.00	2533.00	2533.00	2533.00	2533.00	2533.00	2533.00	2533.00	2533.00	2534.00	2534.00	2534.00	2534.00	2534.00	2534.00	2534.00	2534.00	2534.00	2535.00	2535.00	2535.00	2535.00	2535.00	2535.00	2535.00	2535.00	2535.00	2535.00	2535.00	2536.00	2536.00	2536.00	2536.00	2536.00	2536.00	2536.00	2537.00	2537.00	2537.00	2537.00	2537.00	2537.00	2538.00	2538.00	2538.00	2538.00	2538.00	2538.00	2538.00	2539.00	2539.00	2539.00	2539.00	2539.00	2539.00	2539.00	2539.00	2539.00	2540.00	2540.00	2540.00	2540.00	2540.00	2540.00	2540.00	2540.00	2540.00	2540.00	2541.00	2541.00	2541.00	2541.00	2541.00	2541.00	2541.00	2541.00	2541.00	2541.00	2541.00	2541.00	2541.00	2541.00	2541.00	2541.00	2541.00	2541.00	2541.00	2541.00	2541.00	2541.00	2541.00	2541.00	2541.00	2541.00	2541.00	2541.00	2541.00	2541.00	2541.00	2541.00	2541.00	2541.00	2541.00	2541.00	2541.00	2541.00	2541.00	2541.00	2541.00	2541.00	2541.00	2541.00	2541.00	2541.00	2541.00	2541.00	2541.00	2541.00	2541.00	2541.00	2541.00	2541.00	2541.00	2541.00	2541.00	2541.00	2541.00	2541.00	2541.00	2541.00	2541.00	2541.00	2541.00	2541.00	2541.00	2541.00	2541.00	2541.00	2541.00	2541.00	2541.00	2541.00	2541.00	2541.00	2541.00	2541.00	2541.00	2541.00	2542.00	2542.00	2542.00	2542.00	2542.00	2542.00	2542.00	2542.00	2542.00	2542.00	2542.00	2542.00	2542.00	2542.00	2542.00	2542.00	2542.00	2542.00	2542.00	2543.00	2543.00
2527.00	2527.00	2527.00	2528.00	2528.00	2528.00	2528.00	2528.00	2528.00	2528.00	2528.00	2528.00	2528.00	2528.00	2528.00	2528.00	2528.00	2529.00	2529.00	2529.00	2529.00	2529.00	2529.00	2529.00	2529.00	2529.00	2529.00	2529.00	2529.00	2529.00	2529.00	2529.00	2529.00	2529.00	2529.00	2529.00	2529.00	2529.00	2529.00	2529.00	2529.00	2529.00	2529.00	2529.00	2529.00	2529.00	2529.00	2530.00	2530.00	2530.00	2530.00	2530.00	2530.00	2530.00	2530.00	2530.00	2530.00	2530.00	2530.00	2530.00	2530.00	2530.00	2530.00	2530.00	2530.00	2530.00	2530.00	2531.00	2531.00	2531.00	2531.00	2531.00	2531.00	2531.00	2531.00	2531.00	2531.00	2532.00	2532.00	2532.00	2532.00	2532.00	2532.00	2532.00	2532.00	2532.00	2533.00	2533.00	2533.00	2533.00	2533.00	2533.00	2533.00	2533.00	2533.00	2533.00	2534.00	2534.00	2534.00	2534.00	2534.00	2534.00	2534.00	2534.00	2534.00	2535.00	2535.00	2535.00	2535.00	2535.00	2535.00	2535.00	2535.00	2535.00	2535.00	2535.00	2536.00	2536.00	2536.00	2536.00	2536.00	2536.00	2536.00	2537.00	2537.00	2537.00	2537.00	2537.00	2537.00	2538.00	2538.00	2538.00	2538.00	2538.00	2538.00	2538.00	2539.00	2539.00	2539.00	2539.00	2539.00	2539.00	2539.00	2539.00	2539.00	2540.00	2540.00	2540.00	2540.00	2540.00	2540.00	2540.00	2540.00	2540.00	2540.00	2541.00	2541.00	2541.00	2541.00	2541.00	2541.00	2541.00	2541.00	2541.00	2541.00	2541.00	2541.00	2541.00	2541.00	2541.00	2541.00	2541.00	2541.00	2541.00	2541.00	2541.00	2541.00	2541.00	2541.00	2541.00	2541.00	2541.00	2541.00	2541.00	2541.00	2541.00	2541.00	2541.00	2541.00	2541.00	2541.00	2541.00	2541.00	2541.00	2541.00	2541.00	2541.00	2541.00	2541.00	2541.00	2541.00	2541.00	2541.00	2541.00	2541.00	2541.00	2541.00	2541.00	2541.00	2541.00	2541.00	2541.00	2541.00	2541.00	2541.00	2541.00	2541.00	2541.00	2541.00	2541.00	2541.00	2541.00	2541.00	2541.00	2541.00	2541.00	2541.00	2541.00	2541.00	2541.00	2541.00	2541.00	2541.00	2541.00	2541.00	2542.00	2542.00	2542.00	2542.00	2542.00	2542.00	2542.00	2542.00	2542.00	2542.00	2542.00	2542.00	2542.00	2542.00	2542.00	2542.00	2542.00	2542.00	2542.00	2543.00	2543.00
2527.00	2527.00	2527.00	2528.00	2528.00	2528.00	2528.00	2528.00	2528.00	2528.00	2528.00	2528.00	2528.00	2528.00	2528.00	2528.00	2528.00	2529.00	2529.00	2529.00	2529.00	2529.00	2529.00	2529.00	2529.00	2529.00	2529.00	2529.00	2529.00	2529.00	2529.00	2529.00	2529.00	2529.00	2529.00	2529.00	2529.00	2529.00	2529.00	2529.00	2529.00	2529.00	2529.00	2529.00	2529.00	2529.00	2529.00	2530.00	2530.00	2530.00	2530.00	2530.00	2530.00	2530.00	2530.00	2530.00	2530.00	2530.00	2530.00	2530.00	2530.00	2530.00	2530.00	2530.00	2530.00	2530.00	2530.00	2531.00	2531.00	2531.00	2531.00	2531.00	2531.00	2531.00	2531.00	2531.00	2531.00	2532.00	2532.00	2532.00	2532.00	2532.00	2532.00	2532.00	2532.00	2532.00	2533.00	2533.00	2533.00	2533.00	2533.00	2533.00	2533.00	2533.00	2533.00	2533.00	2534.00	2534.00	2534.00	2534.00	2534.00	2534.00	2534.00	2534.00	2534.00	2535.00	2535.00	2535.00	2535.00	2535.00	2535.00	2535.00	2535.00	2535.00	2535.00	2535.00	2536.00	2536.00	2536.00	2536.00	2536.00	2536.00	2536.00	2537.00	2537.00	2537.00	2537.00	2537.00	2537.00	2538.00	2538.00	2538.00	2538.00	2538.00	2538.00	2538.00	2539.00	2539.00	2539.00	2539.00	2539.00	2539.00	2539.00	2539.00	2539.00	2540.00	2540.00	2540.00	2540.00	2540.00	2540.00	2540.00	2540.00	2540.00	2540.00	2541.00	2541.00	2541.00	2541.00	2541.00	2541.00	2541.00	2541.00	2541.00	2541.00	2541.00	2541.00	2541.00	2541.00	2541.00	2541.00	2541.00	2541.00	2541.00	2541.00	2541.00	2541.00	2541.00	2541.00	2541.00	2541.00	2541.00	2541.00	2541.00	2541.00	2541.00	2541.00	2541.00	2541.00	2541.00	2541.00	2541.00	2541.00	2541.00	2541.00	2541.00	2541.00	2541.00	2541.00	2541.00	2541.00	2541.00	2541.00	2541.00	2541.00	2541.00	2541.00	2541.00	2541.00	2541.00	2541.00	2541.00	2541.00	2541.00	2541.00	2541.00	2541.00	2541.00	2541.00	2541.00	2541.00	2541.00	2541.00	2541.00	2541.00	2541.00	2541.00	2541.00	2541.00	2541.00	2541.00	2541.00	2541.00	2541.00	2541.00	2542.00	2542.00	2542.00	2542.00	2542.00	2542.00	2542.00	2542.00	2542.00	2542.00	2542.00	2542.00	2542.00	2542.00	2542.00	2542.00	2542.00	2542.00	2542.00	2543.00	2543.00
2527.00	2527.00	2527.00	2528.00	2528.00	2528.00	2528.00	2528.00	2528.00	2528.00	2528.00	2528.00	2528.00	2528.00	2528.00	2528.00	2528.00	2529.00	2529.00	2529.00	2529.00	2529.00	2529.00	2529.00	2529.00	2529.00	2529.00	2529.00	2529.00	2529.00	2529.00	2529.00	2529.00	2529.00	2529.00	2529.00	2529.00	2529.00	2529.00	2529.00	2529.00	2529.00	2529.00	2529.00	2529.00	2529.00	2529.00	2530.00	2530.00	2530.00	2530.00	2530.00	2530.00	2530.00	2530.00	2530.00	2530.00	2530.00	2530.00	2530.00	2530.00	2530.00	2530.00	2530.00	2530.00	2530.00	2530.00	2531.00	2531.00	2531.00	2531.00	2531.00	2531.00	2531.00	2531.00	2531.00	2531.00	2532.00	2532.00	2532.00	2532.00	2532.00	2532.00	2532.00	2532.00	2532.00	2533.00	2533.00	2533.00	2533.00	2533.00	2533.00	2533.00	2533.00	2533.00	2533.00	2534.00	2534.00	2534.00	2534.00	2534.00	2534.00	2534.00	2534.00	2534.00	2535.00	2535.00	2535.00	2535.00	2535.00	2535.00	2535.00	2535.00	2535.00	2535.00	2535.00	2536.00	2536.00	2536.00	2536.00	2536.00	2536.00	2536.00	2537.00	2537.00	2537.00	2537.00	2537.00	2537.00	2538.00	2538.00	2538.00	2538.00	2538.00	2538.00	2538.00	2539.00	2539.00	2539.00	2539.00	2539.00	2539.00	2539.00	2539.00	2539.00	2540.00	2540.00	2540.00	2540.00	2540.00	2540.00	2540.00	2540.00	2540.00	2540.00	2541.00	2541.00	2541.00	2541.00	2541.00	2541.00	2541.00	2541.00	2541.00	2541.00	2541.00	2541.00	2541.00	2541.00	2541.00	2541.00	2541.00	2541.00	2541.00	2541.00	2541.00	2541.00	2541.00	2541.00	2541.00	2541.00	2541.00	2541.00	2541.00	2541.00	2541.00	2541.00	2541.00	2541.00	2541.00	2541.00	2541.00	2541.00	2541.00	2541.00	2541.00	2541.00	2541.00	2541.00	2541.00	2541.00	2541.00	2541.00	2541.00	2541.00	2541.00	2541.00	2541.00	2541.00	2541.00	2541.00	2541.00	2541.00	2541.00	2541.00	2541.00	2541.00	2541.00	2541.00	2541.00	2541.00	2541.00	2541.00	2541.00	2541.00	2541.00	2541.00	2541.00	2541.00	2541.00	2541.00	2541.00	2541.00	2541.00	2541.00	2542.00	2542.00	2542.00	2542.00	2542.00	2542.00	2542.00	2542.00	2542.00	2542.00	2542.00	2542.00	2542.00	2542.00	2542.00	2542.00	2542.00	2542.00	2542.00	2543.00	2543.00
2527.00	2527.00	2527.00	2528.00	2528.00	2528.00	2528.00	2528.00	2528.00	2528.00	2528.00	2528.00	2528.00	2528.00	2528.00	2528.00	2528.00	2529.00	2529.00	2529.00	2529.00	2529.00	2529.00	2529.00	2529.00	2529.00	2529.00	2529.00	2529.00	2529.00	2529.00	2529.00	2529.00	2529.00	2529.00	2529.00	2529.00	2529.00	2529.00	2529.00	2529.00	2529.00	2529.00	2529.00	2529.00	2529.00	2529.00	2530.00	2530.00	2530.00	2530.00	2530.00	2530.00	2530.00	2530.00	2530.00	2530.00	2530.00	2530.00	2530.00	2530.00	2530.00	2530.00	2530.00	2530.00	2530.00	2530.00	2531.00	2531.00	2531.00	2531.00	2531.00	2531.00	2531.00	2531.00	2531.00	2531.00	2532.00	2532.00	2532.00	2532.00	2532.00	2532.00	2532.00	2532.00	2532.00	2533.00	2533.00	2533.00	2533.00	2533.00	2533.00	2533.00	2533.00	2533.00	2533.00	2534.00	2534.00	2534.00	2534.00	2534.00	2534.00	2534.00	2534.00	2534.00	2535.00	2535.00	2535.00	2535.00	2535.00	2535.00	2535.00	2535.00	2535.00	2535.00	2535.00	2536.00	2536.00	2536.00	2536.00	2536.00	2536.00	2536.00	2537.00	2537.00	2537.00	2537.00	2537.00	2537.00	2538.00	2538.00	2538.00	2538.00	2538.00	2538.00	2538.00	2539.00	2539.00	2539.00	2539.00	2539.00	2539.00	2539.00	2539.00	2539.00	2540.00	2540.00	2540.00	2540.00	2540.00	2540.00	2540.00	2540.00	2540.00	2540.00	2541.00	2541.00	2541.00	2541.00	2541.00	2541.00	2541.00	2541.00	2541.00	2541.00	2541.00	2541.00	2541.00	2541.00	2541.00	2541.00	2541.00	2541.00	2541.00	2541.00	2541.00	2541.00	2541.00	2541.00	2541.00	2541.00	2541.00	2541.00	2541.00	2541.00	2541.00	2541.00	2541.00	2541.00	2541.00	2541.00	2541.00	2541.00	2541.00	2541.00	2541.00	2541.00	2541.00	2541.00	2541.00	2541.00	2541.00	2541.00	2541.00	2541.00	2541.00	2541.00	2541.00	2541.00	2541.00	2541.00	2541.00	2541.00	2541.00	2541.00	2541.00	2541.00	2541.00	2541.00	2541.00	2541.00	2541.00	2541.00	2541.00	2541.00	2541.00	2541.00	2541.00	2541.00	2541.00	2541.00	2541.00	2541.00	2541.00	2541.00	2542.00	2542.00	2542.00	2542.00	2542.00	2542.00	2542.00	2542.00	2542.00	2542.00	2542.00	2542.00	2542.00	2542.00	2542.00	2542.00	2542.00	2542.00	2542.00	2543.00	2543.00
2527.00	2527.00	2527.00	2528.00	2528.00	2528.00	2528.00	2528.00	2528.00	2528.00	2528.00	2528.00	2528.00	2528.00	2528.00	2528.00	2528.00	2529.00	2529.00	2529.00	2529.00	2529.00	2529.00	2529.00	2529.00	2529.00	2529.00	2529.00	2529.00	2529.00	2529.00	2529.00	2529.00	2529.00	2529.00	2529.00	2529.00	2529.00	2529.00	2529.00	2529.00	2529.00	2529.00	2529.00	2529.00	2529.00	2529.00	2530.00	2530.00	2530.00	2530.00	2530.00	2530.00	2530.00	2530.00	2530.00	2530.00	2530.00	2530.00	2530.00	2530.00	2530.00	2530.00	2530.00	2530.00	2530.00	2530.00	2531.00	2531.00	2531.00	2531.00	2531.00	2531.00	2531.00	2531.00	2531.00	2531.00	2532.00	2532.00	2532.00	2532.00	2532.00	2532.00	2532.00	2532.00	2532.00	2533.00	2533.00	2533.00	2533.00	2533.00	2533.00	2533.00	2533.00	2533.00	2533.00	2534.00	2534.00	2534.00	2534.00	2534.00	2534.00	2534.00	2534.00	2534.00	2535.00	2535.00	2535.00	2535.00	2535.00	2535.00	2535.00	2535.00	2535.00	2535.00	2535.00	2536.00	2536.00	2536.00	2536.00	2536.00	2536.00	2536.00	2537.00	2537.00	2537.00	2537.00	2537.00	2537.00	2538.00	2538.00	2538.00	2538.00	2538.00	2538.00	2538.00	2539.00	2539.00	2539.00	2539.00	2539.00	2539.00	2539.00	2539.00	2539.00	2540.00	2540.00	2540.00	2540.00	2540.00	2540.00	2540.00	2540.00	2540.00	2540.00	2541.00	2541.00	2541.00	2541.00	2541.00	2541.00	2541.00	2541.00	2541.00	2541.00	2541.00	2541.00	2541.00	2541.00	2541.00	2541.00	2541.00	2541.00	2541.00	2541.00	2541.00	2541.00	2541.00	2541.00	2541.00	2541.00	2541.00	2541.00	2541.00	2541.00	2541.00	2541.00	2541.00	2541.00	2541.00	2541.00	2541.00	2541.00	2541.00	2541.00	2541.00	2541.00	2541.00	2541.00	2541.00	2541.00	2541.00	2541.00	2541.00	2541.00	2541.00	2541.00	2541.00	2541.00	2541.00	2541.00	2541.00	2541.00	2541.00	2541.00	2541.00	2541.00	2541.00	2541.00	2541.00	2541.00	2541.00	2541.00	2541.00	2541.00	2541.00	2541.00	2541.00	2541.00	2541.00	2541.00	2541.00	2541.00	2541.00	2541.00	2542.00	2542.00	2542.00	2542.00	2542.00	2542.00	2542.00	2542.00	2542.00	2542.00	2542.00	2542.00	2542.00	2542.00	2542.00	2542.00	2542.00	2542.00	2542.00	2543.00	2543.00
2527.00	2527.00	2527.00	2528.00	2528.00	2528.00	2528.00	2528.00	2528.00	2528.00	2528.00	2528.00	2528.00	2528.00	2528.00	2528.00	2528.00	2529.00	2529.00	2529.00	2529.00	2529.00	2529.00	2529.00	2529.00	2529.00	2529.00	2529.00	2529.00	2529.00	2529.00	2529.00	2529.00	2529.00	2529.00	2529.00	2529.00	2529.00	2529.00	2529.00	2529.00	2529.00	2529.00	2529.00	2529.00	2529.00	2529.00	2530.00	2530.00	2530.00	2530.00	2530.00	2530.00	2530.00	2530.00	2530.00	2530.00	2530.00	2530.00	2530.00	2530.00	2530.00	2530.00	2530.00	2530.00	2530.00	2530.00	2531.00	2531.00	2531.00	2531.00	2531.00	2531.00	2531.00	2531.00	2531.00	2531.00	2532.00	2532.00	2532.00	2532.00	2532.00	2532.00	2532.00	2532.00	2532.00	2533.00	2533.00	2533.00	2533.00	2533.00	2533.00	2533.00	2533.00	2533.00	2533.00	2534.00	2534.00	2534.00	2534.00	2534.00	2534.00	2534.00	2534.00	2534.00	2535.00	2535.00	2535.00	2535.00	2535.00	2535.00	2535.00	2535.00	2535.00	2535.00	2535.00	2536.00	2536.00	2536.00	2536.00	2536.00	2536.00	2536.00	2537.00	2537.00	2537.00	2537.00	2537.00	2537.00	2538.00	2538.00	2538.00	2538.00	2538.00	2538.00	2538.00	2539.00	2539.00	2539.00	2539.00	2539.00	2539.00	2539.00	2539.00	2539.00	2540.00	2540.00	2540.00	2540.00	2540.00	2540.00	2540.00	2540.00	2540.00	2540.00	2541.00	2541.00	2541.00	2541.00	2541.00	2541.00	2541.00	2541.00	2541.00	2541.00	2541.00	2541.00	2541.00	2541.00	2541.00	2541.00	2541.00	2541.00	2541.00	2541.00	2541.00	2541.00	2541.00	2541.00	2541.00	2541.00	2541.00	2541.00	2541.00	2541.00	2541.00	2541.00	2541.00	2541.00	2541.00	2541.00	2541.00	2541.00	2541.00	2541.00	2541.00	2541.00	2541.00	2541.00	2541.00	2541.00	2541.00	2541.00	2541.00	2541.00	2541.00	2541.00	2541.00	2541.00	2541.00	2541.00	2541.00	2541.00	2541.00	2541.00	2541.00	2541.00	2541.00	2541.00	2541.00	2541.00	2541.00	2541.00	2541.00	2541.00	2541.00	2541.00	2541.00	2541.00	2541.00	2541.00	2541.00	2541.00	2541.00	2541.00	2542.00	2542.00	2542.00	2542.00	2542.00	2542.00	2542.00	2542.00	2542.00	2542.00	2542.00	2542.00	2542.00	2542.00	2542.00	2542.00	2542.00	2542.00	2542.00	2543.00	2543.00
2527.00	2527.00	2527.00	2528.00	2528.00	2528.00	2528.00	2528.00	2528.00	2528.00	2528.00	2528.00	2528.00	2528.00	2528.00	2528.00	2528.00	2529.00	2529.00	2529.00	2529.00	2529.00	2529.00	2529.00	2529.00	2529.00	2529.00	2529.00	2529.00	2529.00	2529.00	2529.00	2529.00	2529.00	2529.00	2529.00	2529.00	2529.00	2529.00	2529.00	2529.00	2529.00	2529.00	2529.00	2529.00	2529.00	2529.00	2530.00	2530.00	2530.00	2530.00	2530.00	2530.00	2530.00	2530.00	2530.00	2530.00	2530.00	2530.00	2530.00	2530.00	2530.00	2530.00	2530.00	2530.00	2530.00	2530.00	2531.00	2531.00	2531.00	2531.00	2531.00	2531.00	2531.00	2531.00	2531.00	2531.00	2532.00	2532.00	2532.00	2532.00	2532.00	2532.00	2532.00	2532.00	2532.00	2533.00	2533.00	2533.00	2533.00	2533.00	2533.00	2533.00	2533.00	2533.00	2533.00	2534.00	2534.00	2534.00	2534.00	2534.00	2534.00	2534.00	2534.00	2534.00	2535.00	2535.00	2535.00	2535.00	2535.00	2535.00	2535.00	2535.00	2535.00	2535.00	2535.00	2536.00	2536.00	2536.00	2536.00	2536.00	2536.00	2536.00	2537.00	2537.00	2537.00	2537.00	2537.00	2537.00	2538.00	2538.00	2538.00	2538.00	2538.00	2538.00	2538.00	2539.00	2539.00	2539.00	2539.00	2539.00	2539.00	2539.00	2539.00	2539.00	2540.00	2540.00	2540.00	2540.00	2540.00	2540.00	2540.00	2540.00	2540.00	2540.00	2541.00	2541.00	2541.00	2541.00	2541.00	2541.00	2541.00	2541.00	2541.00	2541.00	2541.00	2541.00	2541.00	2541.00	2541.00	2541.00	2541.00	2541.00	2541.00	2541.00	2541.00	2541.00	2541.00	2541.00	2541.00	2541.00	2541.00	2541.00	2541.00	2541.00	2541.00	2541.00	2541.00	2541.00	2541.00	2541.00	2541.00	2541.00	2541.00	2541.00	2541.00	2541.00	2541.00	2541.00	2541.00	2541.00	2541.00	2541.00	2541.00	2541.00	2541.00	2541.00	2541.00	2541.00	2541.00	2541.00	2541.00	2541.00	2541.00	2541.00	2541.00	2541.00	2541.00	2541.00	2541.00	2541.00	2541.00	2541.00	2541.00	2541.00	2541.00	2541.00	2541.00	2541.00	2541.00	2541.00	2541.00	2541.00	2541.00	2541.00	2542.00	2542.00	2542.00	2542.00	2542.00	2542.00	2542.00	2542.00	2542.00	2542.00	2542.00	2542.00	2542.00	2542.00	2542.00	2542.00	2542.00	2542.00	2542.00	2543.00	2543.00
2527.00	2527.00	2527.00	2528.00	2528.00	2528.00	2528.00	2528.00	2528.00	2528.00	2528.00	2528.00	2528.00	2528.00	2528.00	2528.00	2528.00	2529.00	2529.00	2529.00	2529.00	2529.00	2529.00	2529.00	2529.00	2529.00	2529.00	2529.00	2529.00	2529.00	2529.00	2529.00	2529.00	2529.00	2529.00	2529.00	2529.00	2529.00	2529.00	2529.00	2529.00	2529.00	2529.00	2529.00	2529.00	2529.00	2529.00	2530.00	2530.00	2530.00	2530.00	2530.00	2530.00	2530.00	2530.00	2530.00	2530.00	2530.00	2530.00	2530.00	2530.00	2530.00	2530.00	2530.00	2530.00	2530.00	2530.00	2531.00	2531.00	2531.00	2531.00	2531.00	2531.00	2531.00	2531.00	2531.00	2531.00	2532.00	2532.00	2532.00	2532.00	2532.00	2532.00	2532.00	2532.00	2532.00	2533.00	2533.00	2533.00	2533.00	2533.00	2533.00	2533.00	2533.00	2533.00	2533.00	2534.00	2534.00	2534.00	2534.00	2534.00	2534.00	2534.00	2534.00	2534.00	2535.00	2535.00	2535.00	2535.00	2535.00	2535.00	2535.00	2535.00	2535.00	2535.00	2535.00	2536.00	2536.00	2536.00	2536.00	2536.00	2536.00	2536.00	2537.00	2537.00	2537.00	2537.00	2537.00	2537.00	2538.00	2538.00	2538.00	2538.00	2538.00	2538.00	2538.00	2539.00	2539.00	2539.00	2539.00	2539.00	2539.00	2539.00	2539.00	2539.00	2540.00	2540.00	2540.00	2540.00	2540.00	2540.00	2540.00	2540.00	2540.00	2540.00	2541.00	2541.00	2541.00	2541.00	2541.00	2541.00	2541.00	2541.00	2541.00	2541.00	2541.00	2541.00	2541.00	2541.00	2541.00	2541.00	2541.00	2541.00	2541.00	2541.00	2541.00	2541.00	2541.00	2541.00	2541.00	2541.00	2541.00	2541.00	2541.00	2541.00	2541.00	2541.00	2541.00	2541.00	2541.00	2541.00	2541.00	2541.00	2541.00	2541.00	2541.00	2541.00	2541.00	2541.00	2541.00	2541.00	2541.00	2541.00	2541.00	2541.00	2541.00	2541.00	2541.00	2541.00	2541.00	2541.00	2541.00	2541.00	2541.00	2541.00	2541.00	2541.00	2541.00	2541.00	2541.00	2541.00	2541.00	2541.00	2541.00	2541.00	2541.00	2541.00	2541.00	2541.00	2541.00	2541.00	2541.00	2541.00	2541.00	2541.00	2542.00	2542.00	2542.00	2542.00	2542.00	2542.00	2542.00	2542.00	2542.00	2542.00	2542.00	2542.00	2542.00	2542.00	2542.00	2542.00	2542.00	2542.00	2542.00	2543.00	2543.00
2527.00	2527.00	2527.00	2528.00	2528.00	2528.00	2528.00	2528.00	2528.00	2528.00	2528.00	2528.00	2528.00	2528.00	2528.00	2528.00	2528.00	2529.00	2529.00	2529.00	2529.00	2529.00	2529.00	2529.00	2529.00	2529.00	2529.00	2529.00	2529.00	2529.00	2529.00	2529.00	2529.00	2529.00	2529.00	2529.00	2529.00	2529.00	2529.00	2529.00	2529.00	2529.00	2529.00	2529.00	2529.00	2529.00	2529.00	2530.00	2530.00	2530.00	2530.00	2530.00	2530.00	2530.00	2530.00	2530.00	2530.00	2530.00	2530.00	2530.00	2530.00	2530.00	2530.00	2530.00	2530.00	2530.00	2530.00	2531.00	2531.00	2531.00	2531.00	2531.00	2531.00	2531.00	2531.00	2531.00	2531.00	2532.00	2532.00	2532.00	2532.00	2532.00	2532.00	2532.00	2532.00	2532.00	2533.00	2533.00	2533.00	2533.00	2533.00	2533.00	2533.00	2533.00	2533.00	2533.00	2534.00	2534.00	2534.00	2534.00	2534.00	2534.00	2534.00	2534.00	2534.00	2535.00	2535.00	2535.00	2535.00	2535.00	2535.00	2535.00	2535.00	2535.00	2535.00	2535.00	2536.00	2536.00	2536.00	2536.00	2536.00	2536.00	2536.00	2537.00	2537.00	2537.00	2537.00	2537.00	2537.00	2538.00	2538.00	2538.00	2538.00	2538.00	2538.00	2538.00	2539.00	2539.00	2539.00	2539.00	2539.00	2539.00	2539.00	2539.00	2539.00	2540.00	2540.00	2540.00	2540.00	2540.00	2540.00	2540.00	2540.00	2540.00	2540.00	2541.00	2541.00	2541.00	2541.00	2541.00	2541.00	2541.00	2541.00	2541.00	2541.00	2541.00	2541.00	2541.00	2541.00	2541.00	2541.00	2541.00	2541.00	2541.00	2541.00	2541.00	2541.00	2541.00	2541.00	2541.00	2541.00	2541.00	2541.00	2541.00	2541.00	2541.00	2541.00	2541.00	2541.00	2541.00	2541.00	2541.00	2541.00	2541.00	2541.00	2541.00	2541.00	2541.00	2541.00	2541.00	2541.00	2541.00	2541.00	2541.00	2541.00	2541.00	2541.00	2541.00	2541.00	2541.00	2541.00	2541.00	2541.00	2541.00	2541.00	2541.00	2541.00	2541.00	2541.00	2541.00	2541.00	2541.00	2541.00	2541.00	2541.00	2541.00	2541.00	2541.00	2541.00	2541.00	2541.00	2541.00	2541.00	2541.00	2541.00	2542.00	2542.00	2542.00	2542.00	2542.00	2542.00	2542.00	2542.00	2542.00	2542.00	2542.00	2542.00	2542.00	2542.00	2542.00	2542.00	2542.00	2542.00	2542.00	2543.00	2543.00
2527.00	2527.00	2527.00	2528.00	2528.00	2528.00	2528.00	2528.00	2528.00	2528.00	2528.00	2528.00	2528.00	2528.00	2528.00	2528.00	2528.00	2529.00	2529.00	2529.00	2529.00	2529.00	2529.00	2529.00	2529.00	2529.00	2529.00	2529.00	2529.00	2529.00	2529.00	2529.00	2529.00	2529.00	2529.00	2529.00	2529.00	2529.00	2529.00	2529.00	2529.00	2529.00	2529.00	2529.00	2529.00	2529.00	2529.00	2530.00	2530.00	2530.00	2530.00	2530.00	2530.00	2530.00	2530.00	2530.00	2530.00	2530.00	2530.00	2530.00	2530.00	2530.00	2530.00	2530.00	2530.00	2530.00	2530.00	2531.00	2531.00	2531.00	2531.00	2531.00	2531.00	2531.00	2531.00	2531.00	2531.00	2532.00	2532.00	2532.00	2532.00	2532.00	2532.00	2532.00	2532.00	2532.00	2533.00	2533.00	2533.00	2533.00	2533.00	2533.00	2533.00	2533.00	2533.00	2533.00	2534.00	2534.00	2534.00	2534.00	2534.00	2534.00	2534.00	2534.00	2534.00	2535.00	2535.00	2535.00	2535.00	2535.00	2535.00	2535.00	2535.00	2535.00	2535.00	2535.00	2536.00	2536.00	2536.00	2536.00	2536.00	2536.00	2536.00	2537.00	2537.00	2537.00	2537.00	2537.00	2537.00	2538.00	2538.00	2538.00	2538.00	2538.00	2538.00	2538.00	2539.00	2539.00	2539.00	2539.00	2539.00	2539.00	2539.00	2539.00	2539.00	2540.00	2540.00	2540.00	2540.00	2540.00	2540.00	2540.00	2540.00	2540.00	2540.00	2541.00	2541.00	2541.00	2541.00	2541.00	2541.00	2541.00	2541.00	2541.00	2541.00	2541.00	2541.00	2541.00	2541.00	2541.00	2541.00	2541.00	2541.00	2541.00	2541.00	2541.00	2541.00	2541.00	2541.00	2541.00	2541.00	2541.00	2541.00	2541.00	2541.00	2541.00	2541.00	2541.00	2541.00	2541.00	2541.00	2541.00	2541.00	2541.00	2541.00	2541.00	2541.00	2541.00	2541.00	2541.00	2541.00	2541.00	2541.00	2541.00	2541.00	2541.00	2541.00	2541.00	2541.00	2541.00	2541.00	2541.00	2541.00	2541.00	2541.00	2541.00	2541.00	2541.00	2541.00	2541.00	2541.00	2541.00	2541.00	2541.00	2541.00	2541.00	2541.00	2541.00	2541.00	2541.00	2541.00	2541.00	2541.00	2541.00	2541.00	2542.00	2542.00	2542.00	2542.00	2542.00	2542.00	2542.00	2542.00	2542.00	2542.00	2542.00	2542.00	2542.00	2542.00	2542.00	2542.00	2542.00	2542.00	2542.00	2543.00	2543.00
2527.00	2527.00	2527.00	2528.00	2528.00	2528.00	2528.00	2528.00	2528.00	2528.00	2528.00	2528.00	2528.00	2528.00	2528.00	2528.00	2528.00	2529.00	2529.00	2529.00	2529.00	2529.00	2529.00	2529.00	2529.00	2529.00	2529.00	2529.00	2529.00	2529.00	2529.00	2529.00	2529.00	2529.00	2529.00	2529.00	2529.00	2529.00	2529.00	2529.00	2529.00	2529.00	2529.00	2529.00	2529.00	2529.00	2529.00	2530.00	2530.00	2530.00	2530.00	2530.00	2530.00	2530.00	2530.00	2530.00	2530.00	2530.00	2530.00	2530.00	2530.00	2530.00	2530.00	2530.00	2530.00	2530.00	2530.00	2531.00	2531.00	2531.00	2531.00	2531.00	2531.00	2531.00	2531.00	2531.00	2531.00	2532.00	2532.00	2532.00	2532.00	2532.00	2532.00	2532.00	2532.00	2532.00	2533.00	2533.00	2533.00	2533.00	2533.00	2533.00	2533.00	2533.00	2533.00	2533.00	2534.00	2534.00	2534.00	2534.00	2534.00	2534.00	2534.00	2534.00	2534.00	2535.00	2535.00	2535.00	2535.00	2535.00	2535.00	2535.00	2535.00	2535.00	2535.00	2535.00	2536.00	2536.00	2536.00	2536.00	2536.00	2536.00	2536.00	2537.00	2537.00	2537.00	2537.00	2537.00	2537.00	2538.00	2538.00	2538.00	2538.00	2538.00	2538.00	2538.00	2539.00	2539.00	2539.00	2539.00	2539.00	2539.00	2539.00	2539.00	2539.00	2540.00	2540.00	2540.00	2540.00	2540.00	2540.00	2540.00	2540.00	2540.00	2540.00	2541.00	2541.00	2541.00	2541.00	2541.00	2541.00	2541.00	2541.00	2541.00	2541.00	2541.00	2541.00	2541.00	2541.00	2541.00	2541.00	2541.00	2541.00	2541.00	2541.00	2541.00	2541.00	2541.00	2541.00	2541.00	2541.00	2541.00	2541.00	2541.00	2541.00	2541.00	2541.00	2541.00	2541.00	2541.00	2541.00	2541.00	2541.00	2541.00	2541.00	2541.00	2541.00	2541.00	2541.00	2541.00	2541.00	2541.00	2541.00	2541.00	2541.00	2541.00	2541.00	2541.00	2541.00	2541.00	2541.00	2541.00	2541.00	2541.00	2541.00	2541.00	2541.00	2541.00	2541.00	2541.00	2541.00	2541.00	2541.00	2541.00	2541.00	2541.00	2541.00	2541.00	2541.00	2541.00	2541.00	2541.00	2541.00	2541.00	2541.00	2542.00	2542.00	2542.00	2542.00	2542.00	2542.00	2542.00	2542.00	2542.00	2542.00	2542.00	2542.00	2542.00	2542.00	2542.00	2542.00	2542.00	2542.00	2542.00	2543.00	2543.00
2527.00	2527.00	2527.00	2528.00	2528.00	2528.00	2528.00	2528.00	2528.00	2528.00	2528.00	2528.00	2528.00	2528.00	2528.00	2528.00	2528.00	2529.00	2529.00	2529.00	2529.00	2529.00	2529.00	2529.00	2529.00	2529.00	2529.00	2529.00	2529.00	2529.00	2529.00	2529.00	2529.00	2529.00	2529.00	2529.00	2529.00	2529.00	2529.00	2529.00	2529.00	2529.00	2529.00	2529.00	2529.00	2529.00	2529.00	2530.00	2530.00	2530.00	2530.00	2530.00	2530.00	2530.00	2530.00	2530.00	2530.00	2530.00	2530.00	2530.00	2530.00	2530.00	2530.00	2530.00	2530.00	2530.00	2530.00	2531.00	2531.00	2531.00	2531.00	2531.00	2531.00	2531.00	2531.00	2531.00	2531.00	2532.00	2532.00	2532.00	2532.00	2532.00	2532.00	2532.00	2532.00	2532.00	2533.00	2533.00	2533.00	2533.00	2533.00	2533.00	2533.00	2533.00	2533.00	2533.00	2534.00	2534.00	2534.00	2534.00	2534.00	2534.00	2534.00	2534.00	2534.00	2535.00	2535.00	2535.00	2535.00	2535.00	2535.00	2535.00	2535.00	2535.00	2535.00	2535.00	2536.00	2536.00	2536.00	2536.00	2536.00	2536.00	2536.00	2537.00	2537.00	2537.00	2537.00	2537.00	2537.00	2538.00	2538.00	2538.00	2538.00	2538.00	2538.00	2538.00	2539.00	2539.00	2539.00	2539.00	2539.00	2539.00	2539.00	2539.00	2539.00	2540.00	2540.00	2540.00	2540.00	2540.00	2540.00	2540.00	2540.00	2540.00	2540.00	2541.00	2541.00	2541.00	2541.00	2541.00	2541.00	2541.00	2541.00	2541.00	2541.00	2541.00	2541.00	2541.00	2541.00	2541.00	2541.00	2541.00	2541.00	2541.00	2541.00	2541.00	2541.00	2541.00	2541.00	2541.00	2541.00	2541.00	2541.00	2541.00	2541.00	2541.00	2541.00	2541.00	2541.00	2541.00	2541.00	2541.00	2541.00	2541.00	2541.00	2541.00	2541.00	2541.00	2541.00	2541.00	2541.00	2541.00	2541.00	2541.00	2541.00	2541.00	2541.00	2541.00	2541.00	2541.00	2541.00	2541.00	2541.00	2541.00	2541.00	2541.00	2541.00	2541.00	2541.00	2541.00	2541.00	2541.00	2541.00	2541.00	2541.00	2541.00	2541.00	2541.00	2541.00	2541.00	2541.00	2541.00	2541.00	2541.00	2541.00	2542.00	2542.00	2542.00	2542.00	2542.00	2542.00	2542.00	2542.00	2542.00	2542.00	2542.00	2542.00	2542.00	2542.00	2542.00	2542.00	2542.00	2542.00	2542.00	2543.00	2543.00
2527.00	2527.00	2527.00	2528.00	2528.00	2528.00	2528.00	2528.00	2528.00	2528.00	2528.00	2528.00	2528.00	2528.00	2528.00	2528.00	2528.00	2529.00	2529.00	2529.00	2529.00	2529.00	2529.00	2529.00	2529.00	2529.00	2529.00	2529.00	2529.00	2529.00	2529.00	2529.00	2529.00	2529.00	2529.00	2529.00	2529.00	2529.00	2529.00	2529.00	2529.00	2529.00	2529.00	2529.00	2529.00	2529.00	2529.00	2530.00	2530.00	2530.00	2530.00	2530.00	2530.00	2530.00	2530.00	2530.00	2530.00	2530.00	2530.00	2530.00	2530.00	2530.00	2530.00	2530.00	2530.00	2530.00	2530.00	2531.00	2531.00	2531.00	2531.00	2531.00	2531.00	2531.00	2531.00	2531.00	2531.00	2532.00	2532.00	2532.00	2532.00	2532.00	2532.00	2532.00	2532.00	2532.00	2533.00	2533.00	2533.00	2533.00	2533.00	2533.00	2533.00	2533.00	2533.00	2533.00	2534.00	2534.00	2534.00	2534.00	2534.00	2534.00	2534.00	2534.00	2534.00	2535.00	2535.00	2535.00	2535.00	2535.00	2535.00	2535.00	2535.00	2535.00	2535.00	2535.00	2536.00	2536.00	2536.00	2536.00	2536.00	2536.00	2536.00	2537.00	2537.00	2537.00	2537.00	2537.00	2537.00	2538.00	2538.00	2538.00	2538.00	2538.00	2538.00	2538.00	2539.00	2539.00	2539.00	2539.00	2539.00	2539.00	2539.00	2539.00	2539.00	2540.00	2540.00	2540.00	2540.00	2540.00	2540.00	2540.00	2540.00	2540.00	2540.00	2541.00	2541.00	2541.00	2541.00	2541.00	2541.00	2541.00	2541.00	2541.00	2541.00	2541.00	2541.00	2541.00	2541.00	2541.00	2541.00	2541.00	2541.00	2541.00	2541.00	2541.00	2541.00	2541.00	2541.00	2541.00	2541.00	2541.00	2541.00	2541.00	2541.00	2541.00	2541.00	2541.00	2541.00	2541.00	2541.00	2541.00	2541.00	2541.00	2541.00	2541.00	2541.00	2541.00	2541.00	2541.00	2541.00	2541.00	2541.00	2541.00	2541.00	2541.00	2541.00	2541.00	2541.00	2541.00	2541.00	2541.00	2541.00	2541.00	2541.00	2541.00	2541.00	2541.00	2541.00	2541.00	2541.00	2541.00	2541.00	2541.00	2541.00	2541.00	2541.00	2541.00	2541.00	2541.00	2541.00	2541.00	2541.00	2541.00	2541.00	2542.00	2542.00	2542.00	2542.00	2542.00	2542.00	2542.00	2542.00	2542.00	2542.00	2542.00	2542.00	2542.00	2542.00	2542.00	2542.00	2542.00	2542.00	2542.00	2543.00	2543.00
2527.00	2527.00	2527.00	2528.00	2528.00	2528.00	2528.00	2528.00	2528.00	2528.00	2528.00	2528.00	2528.00	2528.00	2528.00	2528.00	2528.00	2529.00	2529.00	2529.00	2529.00	2529.00	2529.00	2529.00	2529.00	2529.00	2529.00	2529.00	2529.00	2529.00	2529.00	2529.00	2529.00	2529.00	2529.00	2529.00	2529.00	2529.00	2529.00	2529.00	2529.00	2529.00	2529.00	2529.00	2529.00	2529.00	2529.00	2530.00	2530.00	2530.00	2530.00	2530.00	2530.00	2530.00	2530.00	2530.00	2530.00	2530.00	2530.00	2530.00	2530.00	2530.00	2530.00	2530.00	2530.00	2530.00	2530.00	2531.00	2531.00	2531.00	2531.00	2531.00	2531.00	2531.00	2531.00	2531.00	2531.00	2532.00	2532.00	2532.00	2532.00	2532.00	2532.00	2532.00	2532.00	2532.00	2533.00	2533.00	2533.00	2533.00	2533.00	2533.00	2533.00	2533.00	2533.00	2533.00	2534.00	2534.00	2534.00	2534.00	2534.00	2534.00	2534.00	2534.00	2534.00	2535.00	2535.00	2535.00	2535.00	2535.00	2535.00	2535.00	2535.00	2535.00	2535.00	2535.00	2536.00	2536.00	2536.00	2536.00	2536.00	2536.00	2536.00	2537.00	2537.00	2537.00	2537.00	2537.00	2537.00	2538.00	2538.00	2538.00	2538.00	2538.00	2538.00	2538.00	2539.00	2539.00	2539.00	2539.00	2539.00	2539.00	2539.00	2539.00	2539.00	2540.00	2540.00	2540.00	2540.00	2540.00	2540.00	2540.00	2540.00	2540.00	2540.00	2541.00	2541.00	2541.00	2541.00	2541.00	2541.00	2541.00	2541.00	2541.00	2541.00	2541.00	2541.00	2541.00	2541.00	2541.00	2541.00	2541.00	2541.00	2541.00	2541.00	2541.00	2541.00	2541.00	2541.00	2541.00	2541.00	2541.00	2541.00	2541.00	2541.00	2541.00	2541.00	2541.00	2541.00	2541.00	2541.00	2541.00	2541.00	2541.00	2541.00	2541.00	2541.00	2541.00	2541.00	2541.00	2541.00	2541.00	2541.00	2541.00	2541.00	2541.00	2541.00	2541.00	2541.00	2541.00	2541.00	2541.00	2541.00	2541.00	2541.00	2541.00	2541.00	2541.00	2541.00	2541.00	2541.00	2541.00	2541.00	2541.00	2541.00	2541.00	2541.00	2541.00	2541.00	2541.00	2541.00	2541.00	2541.00	2541.00	2541.00	2542.00	2542.00	2542.00	2542.00	2542.00	2542.00	2542.00	2542.00	2542.00	2542.00	2542.00	2542.00	2542.00	2542.00	2542.00	2542.00	2542.00	2542.00	2542.00	2543.00	2543.00
2527.00	2527.00	2527.00	2528.00	2528.00	2528.00	2528.00	2528.00	2528.00	2528.00	2528.00	2528.00	2528.00	2528.00	2528.00	2528.00	2528.00	2529.00	2529.00	2529.00	2529.00	2529.00	2529.00	2529.00	2529.00	2529.00	2529.00	2529.00	2529.00	2529.00	2529.00	2529.00	2529.00	2529.00	2529.00	2529.00	2529.00	2529.00	2529.00	2529.00	2529.00	2529.00	2529.00	2529.00	2529.00	2529.00	2529.00	2530.00	2530.00	2530.00	2530.00	2530.00	2530.00	2530.00	2530.00	2530.00	2530.00	2530.00	2530.00	2530.00	2530.00	2530.00	2530.00	2530.00	2530.00	2530.00	2530.00	2531.00	2531.00	2531.00	2531.00	2531.00	2531.00	2531.00	2531.00	2531.00	2531.00	2532.00	2532.00	2532.00	2532.00	2532.00	2532.00	2532.00	2532.00	2532.00	2533.00	2533.00	2533.00	2533.00	2533.00	2533.00	2533.00	2533.00	2533.00	2533.00	2534.00	2534.00	2534.00	2534.00	2534.00	2534.00	2534.00	2534.00	2534.00	2535.00	2535.00	2535.00	2535.00	2535.00	2535.00	2535.00	2535.00	2535.00	2535.00	2535.00	2536.00	2536.00	2536.00	2536.00	2536.00	2536.00	2536.00	2537.00	2537.00	2537.00	2537.00	2537.00	2537.00	2538.00	2538.00	2538.00	2538.00	2538.00	2538.00	2538.00	2539.00	2539.00	2539.00	2539.00	2539.00	2539.00	2539.00	2539.00	2539.00	2540.00	2540.00	2540.00	2540.00	2540.00	2540.00	2540.00	2540.00	2540.00	2540.00	2541.00	2541.00	2541.00	2541.00	2541.00	2541.00	2541.00	2541.00	2541.00	2541.00	2541.00	2541.00	2541.00	2541.00	2541.00	2541.00	2541.00	2541.00	2541.00	2541.00	2541.00	2541.00	2541.00	2541.00	2541.00	2541.00	2541.00	2541.00	2541.00	2541.00	2541.00	2541.00	2541.00	2541.00	2541.00	2541.00	2541.00	2541.00	2541.00	2541.00	2541.00	2541.00	2541.00	2541.00	2541.00	2541.00	2541.00	2541.00	2541.00	2541.00	2541.00	2541.00	2541.00	2541.00	2541.00	2541.00	2541.00	2541.00	2541.00	2541.00	2541.00	2541.00	2541.00	2541.00	2541.00	2541.00	2541.00	2541.00	2541.00	2541.00	2541.00	2541.00	2541.00	2541.00	2541.00	2541.00	2541.00	2541.00	2541.00	2541.00	2542.00	2542.00	2542.00	2542.00	2542.00	2542.00	2542.00	2542.00	2542.00	2542.00	2542.00	2542.00	2542.00	2542.00	2542.00	2542.00	2542.00	2542.00	2542.00	2543.00	2543.00
2527.00	2527.00	2527.00	2528.00	2528.00	2528.00	2528.00	2528.00	2528.00	2528.00	2528.00	2528.00	2528.00	2528.00	2528.00	2528.00	2528.00	2529.00	2529.00	2529.00	2529.00	2529.00	2529.00	2529.00	2529.00	2529.00	2529.00	2529.00	2529.00	2529.00	2529.00	2529.00	2529.00	2529.00	2529.00	2529.00	2529.00	2529.00	2529.00	2529.00	2529.00	2529.00	2529.00	2529.00	2529.00	2529.00	2529.00	2530.00	2530.00	2530.00	2530.00	2530.00	2530.00	2530.00	2530.00	2530.00	2530.00	2530.00	2530.00	2530.00	2530.00	2530.00	2530.00	2530.00	2530.00	2530.00	2530.00	2531.00	2531.00	2531.00	2531.00	2531.00	2531.00	2531.00	2531.00	2531.00	2531.00	2532.00	2532.00	2532.00	2532.00	2532.00	2532.00	2532.00	2532.00	2532.00	2533.00	2533.00	2533.00	2533.00	2533.00	2533.00	2533.00	2533.00	2533.00	2533.00	2534.00	2534.00	2534.00	2534.00	2534.00	2534.00	2534.00	2534.00	2534.00	2535.00	2535.00	2535.00	2535.00	2535.00	2535.00	2535.00	2535.00	2535.00	2535.00	2535.00	2536.00	2536.00	2536.00	2536.00	2536.00	2536.00	2536.00	2537.00	2537.00	2537.00	2537.00	2537.00	2537.00	2538.00	2538.00	2538.00	2538.00	2538.00	2538.00	2538.00	2539.00	2539.00	2539.00	2539.00	2539.00	2539.00	2539.00	2539.00	2539.00	2540.00	2540.00	2540.00	2540.00	2540.00	2540.00	2540.00	2540.00	2540.00	2540.00	2541.00	2541.00	2541.00	2541.00	2541.00	2541.00	2541.00	2541.00	2541.00	2541.00	2541.00	2541.00	2541.00	2541.00	2541.00	2541.00	2541.00	2541.00	2541.00	2541.00	2541.00	2541.00	2541.00	2541.00	2541.00	2541.00	2541.00	2541.00	2541.00	2541.00	2541.00	2541.00	2541.00	2541.00	2541.00	2541.00	2541.00	2541.00	2541.00	2541.00	2541.00	2541.00	2541.00	2541.00	2541.00	2541.00	2541.00	2541.00	2541.00	2541.00	2541.00	2541.00	2541.00	2541.00	2541.00	2541.00	2541.00	2541.00	2541.00	2541.00	2541.00	2541.00	2541.00	2541.00	2541.00	2541.00	2541.00	2541.00	2541.00	2541.00	2541.00	2541.00	2541.00	2541.00	2541.00	2541.00	2541.00	2541.00	2541.00	2541.00	2542.00	2542.00	2542.00	2542.00	2542.00	2542.00	2542.00	2542.00	2542.00	2542.00	2542.00	2542.00	2542.00	2542.00	2542.00	2542.00	2542.00	2542.00	2542.00	2543.00	2543.00
2527.00	2527.00	2527.00	2528.00	2528.00	2528.00	2528.00	2528.00	2528.00	2528.00	2528.00	2528.00	2528.00	2528.00	2528.00	2528.00	2528.00	2529.00	2529.00	2529.00	2529.00	2529.00	2529.00	2529.00	2529.00	2529.00	2529.00	2529.00	2529.00	2529.00	2529.00	2529.00	2529.00	2529.00	2529.00	2529.00	2529.00	2529.00	2529.00	2529.00	2529.00	2529.00	2529.00	2529.00	2529.00	2529.00	2529.00	2530.00	2530.00	2530.00	2530.00	2530.00	2530.00	2530.00	2530.00	2530.00	2530.00	2530.00	2530.00	2530.00	2530.00	2530.00	2530.00	2530.00	2530.00	2530.00	2530.00	2531.00	2531.00	2531.00	2531.00	2531.00	2531.00	2531.00	2531.00	2531.00	2531.00	2532.00	2532.00	2532.00	2532.00	2532.00	2532.00	2532.00	2532.00	2532.00	2533.00	2533.00	2533.00	2533.00	2533.00	2533.00	2533.00	2533.00	2533.00	2533.00	2534.00	2534.00	2534.00	2534.00	2534.00	2534.00	2534.00	2534.00	2534.00	2535.00	2535.00	2535.00	2535.00	2535.00	2535.00	2535.00	2535.00	2535.00	2535.00	2535.00	2536.00	2536.00	2536.00	2536.00	2536.00	2536.00	2536.00	2537.00	2537.00	2537.00	2537.00	2537.00	2537.00	2538.00	2538.00	2538.00	2538.00	2538.00	2538.00	2538.00	2539.00	2539.00	2539.00	2539.00	2539.00	2539.00	2539.00	2539.00	2539.00	2540.00	2540.00	2540.00	2540.00	2540.00	2540.00	2540.00	2540.00	2540.00	2540.00	2541.00	2541.00	2541.00	2541.00	2541.00	2541.00	2541.00	2541.00	2541.00	2541.00	2541.00	2541.00	2541.00	2541.00	2541.00	2541.00	2541.00	2541.00	2541.00	2541.00	2541.00	2541.00	2541.00	2541.00	2541.00	2541.00	2541.00	2541.00	2541.00	2541.00	2541.00	2541.00	2541.00	2541.00	2541.00	2541.00	2541.00	2541.00	2541.00	2541.00	2541.00	2541.00	2541.00	2541.00	2541.00	2541.00	2541.00	2541.00	2541.00	2541.00	2541.00	2541.00	2541.00	2541.00	2541.00	2541.00	2541.00	2541.00	2541.00	2541.00	2541.00	2541.00	2541.00	2541.00	2541.00	2541.00	2541.00	2541.00	2541.00	2541.00	2541.00	2541.00	2541.00	2541.00	2541.00	2541.00	2541.00	2541.00	2541.00	2541.00	2542.00	2542.00	2542.00	2542.00	2542.00	2542.00	2542.00	2542.00	2542.00	2542.00	2542.00	2542.00	2542.00	2542.00	2542.00	2542.00	2542.00	2542.00	2542.00	2543.00	2543.00
2527.00	2527.00	2527.00	2528.00	2528.00	2528.00	2528.00	2528.00	2528.00	2528.00	2528.00	2528.00	2528.00	2528.00	2528.00	2528.00	2528.00	2529.00	2529.00	2529.00	2529.00	2529.00	2529.00	2529.00	2529.00	2529.00	2529.00	2529.00	2529.00	2529.00	2529.00	2529.00	2529.00	2529.00	2529.00	2529.00	2529.00	2529.00	2529.00	2529.00	2529.00	2529.00	2529.00	2529.00	2529.00	2529.00	2529.00	2530.00	2530.00	2530.00	2530.00	2530.00	2530.00	2530.00	2530.00	2530.00	2530.00	2530.00	2530.00	2530.00	2530.00	2530.00	2530.00	2530.00	2530.00	2530.00	2530.00	2531.00	2531.00	2531.00	2531.00	2531.00	2531.00	2531.00	2531.00	2531.00	2531.00	2532.00	2532.00	2532.00	2532.00	2532.00	2532.00	2532.00	2532.00	2532.00	2533.00	2533.00	2533.00	2533.00	2533.00	2533.00	2533.00	2533.00	2533.00	2533.00	2534.00	2534.00	2534.00	2534.00	2534.00	2534.00	2534.00	2534.00	2534.00	2535.00	2535.00	2535.00	2535.00	2535.00	2535.00	2535.00	2535.00	2535.00	2535.00	2535.00	2536.00	2536.00	2536.00	2536.00	2536.00	2536.00	2536.00	2537.00	2537.00	2537.00	2537.00	2537.00	2537.00	2538.00	2538.00	2538.00	2538.00	2538.00	2538.00	2538.00	2539.00	2539.00	2539.00	2539.00	2539.00	2539.00	2539.00	2539.00	2539.00	2540.00	2540.00	2540.00	2540.00	2540.00	2540.00	2540.00	2540.00	2540.00	2540.00	2541.00	2541.00	2541.00	2541.00	2541.00	2541.00	2541.00	2541.00	2541.00	2541.00	2541.00	2541.00	2541.00	2541.00	2541.00	2541.00	2541.00	2541.00	2541.00	2541.00	2541.00	2541.00	2541.00	2541.00	2541.00	2541.00	2541.00	2541.00	2541.00	2541.00	2541.00	2541.00	2541.00	2541.00	2541.00	2541.00	2541.00	2541.00	2541.00	2541.00	2541.00	2541.00	2541.00	2541.00	2541.00	2541.00	2541.00	2541.00	2541.00	2541.00	2541.00	2541.00	2541.00	2541.00	2541.00	2541.00	2541.00	2541.00	2541.00	2541.00	2541.00	2541.00	2541.00	2541.00	2541.00	2541.00	2541.00	2541.00	2541.00	2541.00	2541.00	2541.00	2541.00	2541.00	2541.00	2541.00	2541.00	2541.00	2541.00	2541.00	2542.00	2542.00	2542.00	2542.00	2542.00	2542.00	2542.00	2542.00	2542.00	2542.00	2542.00	2542.00	2542.00	2542.00	2542.00	2542.00	2542.00	2542.00	2542.00	2543.00	2543.00
2527.00	2527.00	2527.00	2528.00	2528.00	2528.00	2528.00	2528.00	2528.00	2528.00	2528.00	2528.00	2528.00	2528.00	2528.00	2528.00	2528.00	2529.00	2529.00	2529.00	2529.00	2529.00	2529.00	2529.00	2529.00	2529.00	2529.00	2529.00	2529.00	2529.00	2529.00	2529.00	2529.00	2529.00	2529.00	2529.00	2529.00	2529.00	2529.00	2529.00	2529.00	2529.00	2529.00	2529.00	2529.00	2529.00	2529.00	2530.00	2530.00	2530.00	2530.00	2530.00	2530.00	2530.00	2530.00	2530.00	2530.00	2530.00	2530.00	2530.00	2530.00	2530.00	2530.00	2530.00	2530.00	2530.00	2530.00	2531.00	2531.00	2531.00	2531.00	2531.00	2531.00	2531.00	2531.00	2531.00	2531.00	2532.00	2532.00	2532.00	2532.00	2532.00	2532.00	2532.00	2532.00	2532.00	2533.00	2533.00	2533.00	2533.00	2533.00	2533.00	2533.00	2533.00	2533.00	2533.00	2534.00	2534.00	2534.00	2534.00	2534.00	2534.00	2534.00	2534.00	2534.00	2535.00	2535.00	2535.00	2535.00	2535.00	2535.00	2535.00	2535.00	2535.00	2535.00	2535.00	2536.00	2536.00	2536.00	2536.00	2536.00	2536.00	2536.00	2537.00	2537.00	2537.00	2537.00	2537.00	2537.00	2538.00	2538.00	2538.00	2538.00	2538.00	2538.00	2538.00	2539.00	2539.00	2539.00	2539.00	2539.00	2539.00	2539.00	2539.00	2539.00	2540.00	2540.00	2540.00	2540.00	2540.00	2540.00	2540.00	2540.00	2540.00	2540.00	2541.00	2541.00	2541.00	2541.00	2541.00	2541.00	2541.00	2541.00	2541.00	2541.00	2541.00	2541.00	2541.00	2541.00	2541.00	2541.00	2541.00	2541.00	2541.00	2541.00	2541.00	2541.00	2541.00	2541.00	2541.00	2541.00	2541.00	2541.00	2541.00	2541.00	2541.00	2541.00	2541.00	2541.00	2541.00	2541.00	2541.00	2541.00	2541.00	2541.00	2541.00	2541.00	2541.00	2541.00	2541.00	2541.00	2541.00	2541.00	2541.00	2541.00	2541.00	2541.00	2541.00	2541.00	2541.00	2541.00	2541.00	2541.00	2541.00	2541.00	2541.00	2541.00	2541.00	2541.00	2541.00	2541.00	2541.00	2541.00	2541.00	2541.00	2541.00	2541.00	2541.00	2541.00	2541.00	2541.00	2541.00	2541.00	2541.00	2541.00	2542.00	2542.00	2542.00	2542.00	2542.00	2542.00	2542.00	2542.00	2542.00	2542.00	2542.00	2542.00	2542.00	2542.00	2542.00	2542.00	2542.00	2542.00	2542.00	2543.00	2543.00
2527.00	2527.00	2527.00	2528.00	2528.00	2528.00	2528.00	2528.00	2528.00	2528.00	2528.00	2528.00	2528.00	2528.00	2528.00	2528.00	2528.00	2529.00	2529.00	2529.00	2529.00	2529.00	2529.00	2529.00	2529.00	2529.00	2529.00	2529.00	2529.00	2529.00	2529.00	2529.00	2529.00	2529.00	2529.00	2529.00	2529.00	2529.00	2529.00	2529.00	2529.00	2529.00	2529.00	2529.00	2529.00	2529.00	2529.00	2530.00	2530.00	2530.00	2530.00	2530.00	2530.00	2530.00	2530.00	2530.00	2530.00	2530.00	2530.00	2530.00	2530.00	2530.00	2530.00	2530.00	2530.00	2530.00	2530.00	2531.00	2531.00	2531.00	2531.00	2531.00	2531.00	2531.00	2531.00	2531.00	2531.00	2532.00	2532.00	2532.00	2532.00	2532.00	2532.00	2532.00	2532.00	2532.00	2533.00	2533.00	2533.00	2533.00	2533.00	2533.00	2533.00	2533.00	2533.00	2533.00	2534.00	2534.00	2534.00	2534.00	2534.00	2534.00	2534.00	2534.00	2534.00	2535.00	2535.00	2535.00	2535.00	2535.00	2535.00	2535.00	2535.00	2535.00	2535.00	2535.00	2536.00	2536.00	2536.00	2536.00	2536.00	2536.00	2536.00	2537.00	2537.00	2537.00	2537.00	2537.00	2537.00	2538.00	2538.00	2538.00	2538.00	2538.00	2538.00	2538.00	2539.00	2539.00	2539.00	2539.00	2539.00	2539.00	2539.00	2539.00	2539.00	2540.00	2540.00	2540.00	2540.00	2540.00	2540.00	2540.00	2540.00	2540.00	2540.00	2541.00	2541.00	2541.00	2541.00	2541.00	2541.00	2541.00	2541.00	2541.00	2541.00	2541.00	2541.00	2541.00	2541.00	2541.00	2541.00	2541.00	2541.00	2541.00	2541.00	2541.00	2541.00	2541.00	2541.00	2541.00	2541.00	2541.00	2541.00	2541.00	2541.00	2541.00	2541.00	2541.00	2541.00	2541.00	2541.00	2541.00	2541.00	2541.00	2541.00	2541.00	2541.00	2541.00	2541.00	2541.00	2541.00	2541.00	2541.00	2541.00	2541.00	2541.00	2541.00	2541.00	2541.00	2541.00	2541.00	2541.00	2541.00	2541.00	2541.00	2541.00	2541.00	2541.00	2541.00	2541.00	2541.00	2541.00	2541.00	2541.00	2541.00	2541.00	2541.00	2541.00	2541.00	2541.00	2541.00	2541.00	2541.00	2541.00	2541.00	2542.00	2542.00	2542.00	2542.00	2542.00	2542.00	2542.00	2542.00	2542.00	2542.00	2542.00	2542.00	2542.00	2542.00	2542.00	2542.00	2542.00	2542.00	2542.00	2543.00	2543.00
2527.00	2527.00	2527.00	2528.00	2528.00	2528.00	2528.00	2528.00	2528.00	2528.00	2528.00	2528.00	2528.00	2528.00	2528.00	2528.00	2528.00	2529.00	2529.00	2529.00	2529.00	2529.00	2529.00	2529.00	2529.00	2529.00	2529.00	2529.00	2529.00	2529.00	2529.00	2529.00	2529.00	2529.00	2529.00	2529.00	2529.00	2529.00	2529.00	2529.00	2529.00	2529.00	2529.00	2529.00	2529.00	2529.00	2529.00	2530.00	2530.00	2530.00	2530.00	2530.00	2530.00	2530.00	2530.00	2530.00	2530.00	2530.00	2530.00	2530.00	2530.00	2530.00	2530.00	2530.00	2530.00	2530.00	2530.00	2531.00	2531.00	2531.00	2531.00	2531.00	2531.00	2531.00	2531.00	2531.00	2531.00	2532.00	2532.00	2532.00	2532.00	2532.00	2532.00	2532.00	2532.00	2532.00	2533.00	2533.00	2533.00	2533.00	2533.00	2533.00	2533.00	2533.00	2533.00	2533.00	2534.00	2534.00	2534.00	2534.00	2534.00	2534.00	2534.00	2534.00	2534.00	2535.00	2535.00	2535.00	2535.00	2535.00	2535.00	2535.00	2535.00	2535.00	2535.00	2535.00	2536.00	2536.00	2536.00	2536.00	2536.00	2536.00	2536.00	2537.00	2537.00	2537.00	2537.00	2537.00	2537.00	2538.00	2538.00	2538.00	2538.00	2538.00	2538.00	2538.00	2539.00	2539.00	2539.00	2539.00	2539.00	2539.00	2539.00	2539.00	2539.00	2540.00	2540.00	2540.00	2540.00	2540.00	2540.00	2540.00	2540.00	2540.00	2540.00	2541.00	2541.00	2541.00	2541.00	2541.00	2541.00	2541.00	2541.00	2541.00	2541.00	2541.00	2541.00	2541.00	2541.00	2541.00	2541.00	2541.00	2541.00	2541.00	2541.00	2541.00	2541.00	2541.00	2541.00	2541.00	2541.00	2541.00	2541.00	2541.00	2541.00	2541.00	2541.00	2541.00	2541.00	2541.00	2541.00	2541.00	2541.00	2541.00	2541.00	2541.00	2541.00	2541.00	2541.00	2541.00	2541.00	2541.00	2541.00	2541.00	2541.00	2541.00	2541.00	2541.00	2541.00	2541.00	2541.00	2541.00	2541.00	2541.00	2541.00	2541.00	2541.00	2541.00	2541.00	2541.00	2541.00	2541.00	2541.00	2541.00	2541.00	2541.00	2541.00	2541.00	2541.00	2541.00	2541.00	2541.00	2541.00	2541.00	2541.00	2542.00	2542.00	2542.00	2542.00	2542.00	2542.00	2542.00	2542.00	2542.00	2542.00	2542.00	2542.00	2542.00	2542.00	2542.00	2542.00	2542.00	2542.00	2542.00	2543.00	2543.00
2527.00	2527.00	2527.00	2528.00	2528.00	2528.00	2528.00	2528.00	2528.00	2528.00	2528.00	2528.00	2528.00	2528.00	2528.00	2528.00	2528.00	2529.00	2529.00	2529.00	2529.00	2529.00	2529.00	2529.00	2529.00	2529.00	2529.00	2529.00	2529.00	2529.00	2529.00	2529.00	2529.00	2529.00	2529.00	2529.00	2529.00	2529.00	2529.00	2529.00	2529.00	2529.00	2529.00	2529.00	2529.00	2529.00	2529.00	2530.00	2530.00	2530.00	2530.00	2530.00	2530.00	2530.00	2530.00	2530.00	2530.00	2530.00	2530.00	2530.00	2530.00	2530.00	2530.00	2530.00	2530.00	2530.00	2530.00	2531.00	2531.00	2531.00	2531.00	2531.00	2531.00	2531.00	2531.00	2531.00	2531.00	2532.00	2532.00	2532.00	2532.00	2532.00	2532.00	2532.00	2532.00	2532.00	2533.00	2533.00	2533.00	2533.00	2533.00	2533.00	2533.00	2533.00	2533.00	2533.00	2534.00	2534.00	2534.00	2534.00	2534.00	2534.00	2534.00	2534.00	2534.00	2535.00	2535.00	2535.00	2535.00	2535.00	2535.00	2535.00	2535.00	2535.00	2535.00	2535.00	2536.00	2536.00	2536.00	2536.00	2536.00	2536.00	2536.00	2537.00	2537.00	2537.00	2537.00	2537.00	2537.00	2538.00	2538.00	2538.00	2538.00	2538.00	2538.00	2538.00	2539.00	2539.00	2539.00	2539.00	2539.00	2539.00	2539.00	2539.00	2539.00	2540.00	2540.00	2540.00	2540.00	2540.00	2540.00	2540.00	2540.00	2540.00	2540.00	2541.00	2541.00	2541.00	2541.00	2541.00	2541.00	2541.00	2541.00	2541.00	2541.00	2541.00	2541.00	2541.00	2541.00	2541.00	2541.00	2541.00	2541.00	2541.00	2541.00	2541.00	2541.00	2541.00	2541.00	2541.00	2541.00	2541.00	2541.00	2541.00	2541.00	2541.00	2541.00	2541.00	2541.00	2541.00	2541.00	2541.00	2541.00	2541.00	2541.00	2541.00	2541.00	2541.00	2541.00	2541.00	2541.00	2541.00	2541.00	2541.00	2541.00	2541.00	2541.00	2541.00	2541.00	2541.00	2541.00	2541.00	2541.00	2541.00	2541.00	2541.00	2541.00	2541.00	2541.00	2541.00	2541.00	2541.00	2541.00	2541.00	2541.00	2541.00	2541.00	2541.00	2541.00	2541.00	2541.00	2541.00	2541.00	2541.00	2541.00	2542.00	2542.00	2542.00	2542.00	2542.00	2542.00	2542.00	2542.00	2542.00	2542.00	2542.00	2542.00	2542.00	2542.00	2542.00	2542.00	2542.00	2542.00	2542.00	2543.00	2543.00
2527.00	2527.00	2527.00	2528.00	2528.00	2528.00	2528.00	2528.00	2528.00	2528.00	2528.00	2528.00	2528.00	2528.00	2528.00	2528.00	2528.00	2529.00	2529.00	2529.00	2529.00	2529.00	2529.00	2529.00	2529.00	2529.00	2529.00	2529.00	2529.00	2529.00	2529.00	2529.00	2529.00	2529.00	2529.00	2529.00	2529.00	2529.00	2529.00	2529.00	2529.00	2529.00	2529.00	2529.00	2529.00	2529.00	2529.00	2530.00	2530.00	2530.00	2530.00	2530.00	2530.00	2530.00	2530.00	2530.00	2530.00	2530.00	2530.00	2530.00	2530.00	2530.00	2530.00	2530.00	2530.00	2530.00	2530.00	2531.00	2531.00	2531.00	2531.00	2531.00	2531.00	2531.00	2531.00	2531.00	2531.00	2532.00	2532.00	2532.00	2532.00	2532.00	2532.00	2532.00	2532.00	2532.00	2533.00	2533.00	2533.00	2533.00	2533.00	2533.00	2533.00	2533.00	2533.00	2533.00	2534.00	2534.00	2534.00	2534.00	2534.00	2534.00	2534.00	2534.00	2534.00	2535.00	2535.00	2535.00	2535.00	2535.00	2535.00	2535.00	2535.00	2535.00	2535.00	2535.00	2536.00	2536.00	2536.00	2536.00	2536.00	2536.00	2536.00	2537.00	2537.00	2537.00	2537.00	2537.00	2537.00	2538.00	2538.00	2538.00	2538.00	2538.00	2538.00	2538.00	2539.00	2539.00	2539.00	2539.00	2539.00	2539.00	2539.00	2539.00	2539.00	2540.00	2540.00	2540.00	2540.00	2540.00	2540.00	2540.00	2540.00	2540.00	2540.00	2541.00	2541.00	2541.00	2541.00	2541.00	2541.00	2541.00	2541.00	2541.00	2541.00	2541.00	2541.00	2541.00	2541.00	2541.00	2541.00	2541.00	2541.00	2541.00	2541.00	2541.00	2541.00	2541.00	2541.00	2541.00	2541.00	2541.00	2541.00	2541.00	2541.00	2541.00	2541.00	2541.00	2541.00	2541.00	2541.00	2541.00	2541.00	2541.00	2541.00	2541.00	2541.00	2541.00	2541.00	2541.00	2541.00	2541.00	2541.00	2541.00	2541.00	2541.00	2541.00	2541.00	2541.00	2541.00	2541.00	2541.00	2541.00	2541.00	2541.00	2541.00	2541.00	2541.00	2541.00	2541.00	2541.00	2541.00	2541.00	2541.00	2541.00	2541.00	2541.00	2541.00	2541.00	2541.00	2541.00	2541.00	2541.00	2541.00	2541.00	2542.00	2542.00	2542.00	2542.00	2542.00	2542.00	2542.00	2542.00	2542.00	2542.00	2542.00	2542.00	2542.00	2542.00	2542.00	2542.00	2542.00	2542.00	2542.00	2543.00	2543.00
2527.00	2527.00	2527.00	2528.00	2528.00	2528.00	2528.00	2528.00	2528.00	2528.00	2528.00	2528.00	2528.00	2528.00	2528.00	2528.00	2528.00	2529.00	2529.00	2529.00	2529.00	2529.00	2529.00	2529.00	2529.00	2529.00	2529.00	2529.00	2529.00	2529.00	2529.00	2529.00	2529.00	2529.00	2529.00	2529.00	2529.00	2529.00	2529.00	2529.00	2529.00	2529.00	2529.00	2529.00	2529.00	2529.00	2529.00	2530.00	2530.00	2530.00	2530.00	2530.00	2530.00	2530.00	2530.00	2530.00	2530.00	2530.00	2530.00	2530.00	2530.00	2530.00	2530.00	2530.00	2530.00	2530.00	2530.00	2531.00	2531.00	2531.00	2531.00	2531.00	2531.00	2531.00	2531.00	2531.00	2531.00	2532.00	2532.00	2532.00	2532.00	2532.00	2532.00	2532.00	2532.00	2532.00	2533.00	2533.00	2533.00	2533.00	2533.00	2533.00	2533.00	2533.00	2533.00	2533.00	2534.00	2534.00	2534.00	2534.00	2534.00	2534.00	2534.00	2534.00	2534.00	2535.00	2535.00	2535.00	2535.00	2535.00	2535.00	2535.00	2535.00	2535.00	2535.00	2535.00	2536.00	2536.00	2536.00	2536.00	2536.00	2536.00	2536.00	2537.00	2537.00	2537.00	2537.00	2537.00	2537.00	2538.00	2538.00	2538.00	2538.00	2538.00	2538.00	2538.00	2539.00	2539.00	2539.00	2539.00	2539.00	2539.00	2539.00	2539.00	2539.00	2540.00	2540.00	2540.00	2540.00	2540.00	2540.00	2540.00	2540.00	2540.00	2540.00	2541.00	2541.00	2541.00	2541.00	2541.00	2541.00	2541.00	2541.00	2541.00	2541.00	2541.00	2541.00	2541.00	2541.00	2541.00	2541.00	2541.00	2541.00	2541.00	2541.00	2541.00	2541.00	2541.00	2541.00	2541.00	2541.00	2541.00	2541.00	2541.00	2541.00	2541.00	2541.00	2541.00	2541.00	2541.00	2541.00	2541.00	2541.00	2541.00	2541.00	2541.00	2541.00	2541.00	2541.00	2541.00	2541.00	2541.00	2541.00	2541.00	2541.00	2541.00	2541.00	2541.00	2541.00	2541.00	2541.00	2541.00	2541.00	2541.00	2541.00	2541.00	2541.00	2541.00	2541.00	2541.00	2541.00	2541.00	2541.00	2541.00	2541.00	2541.00	2541.00	2541.00	2541.00	2541.00	2541.00	2541.00	2541.00	2541.00	2541.00	2542.00	2542.00	2542.00	2542.00	2542.00	2542.00	2542.00	2542.00	2542.00	2542.00	2542.00	2542.00	2542.00	2542.00	2542.00	2542.00	2542.00	2542.00	2542.00	2543.00	2543.00
2527.00	2527.00	2527.00	2528.00	2528.00	2528.00	2528.00	2528.00	2528.00	2528.00	2528.00	2528.00	2528.00	2528.00	2528.00	2528.00	2528.00	2529.00	2529.00	2529.00	2529.00	2529.00	2529.00	2529.00	2529.00	2529.00	2529.00	2529.00	2529.00	2529.00	2529.00	2529.00	2529.00	2529.00	2529.00	2529.00	2529.00	2529.00	2529.00	2529.00	2529.00	2529.00	2529.00	2529.00	2529.00	2529.00	2529.00	2530.00	2530.00	2530.00	2530.00	2530.00	2530.00	2530.00	2530.00	2530.00	2530.00	2530.00	2530.00	2530.00	2530.00	2530.00	2530.00	2530.00	2530.00	2530.00	2530.00	2531.00	2531.00	2531.00	2531.00	2531.00	2531.00	2531.00	2531.00	2531.00	2531.00	2532.00	2532.00	2532.00	2532.00	2532.00	2532.00	2532.00	2532.00	2532.00	2533.00	2533.00	2533.00	2533.00	2533.00	2533.00	2533.00	2533.00	2533.00	2533.00	2534.00	2534.00	2534.00	2534.00	2534.00	2534.00	2534.00	2534.00	2534.00	2535.00	2535.00	2535.00	2535.00	2535.00	2535.00	2535.00	2535.00	2535.00	2535.00	2535.00	2536.00	2536.00	2536.00	2536.00	2536.00	2536.00	2536.00	2537.00	2537.00	2537.00	2537.00	2537.00	2537.00	2538.00	2538.00	2538.00	2538.00	2538.00	2538.00	2538.00	2539.00	2539.00	2539.00	2539.00	2539.00	2539.00	2539.00	2539.00	2539.00	2540.00	2540.00	2540.00	2540.00	2540.00	2540.00	2540.00	2540.00	2540.00	2540.00	2541.00	2541.00	2541.00	2541.00	2541.00	2541.00	2541.00	2541.00	2541.00	2541.00	2541.00	2541.00	2541.00	2541.00	2541.00	2541.00	2541.00	2541.00	2541.00	2541.00	2541.00	2541.00	2541.00	2541.00	2541.00	2541.00	2541.00	2541.00	2541.00	2541.00	2541.00	2541.00	2541.00	2541.00	2541.00	2541.00	2541.00	2541.00	2541.00	2541.00	2541.00	2541.00	2541.00	2541.00	2541.00	2541.00	2541.00	2541.00	2541.00	2541.00	2541.00	2541.00	2541.00	2541.00	2541.00	2541.00	2541.00	2541.00	2541.00	2541.00	2541.00	2541.00	2541.00	2541.00	2541.00	2541.00	2541.00	2541.00	2541.00	2541.00	2541.00	2541.00	2541.00	2541.00	2541.00	2541.00	2541.00	2541.00	2541.00	2541.00	2542.00	2542.00	2542.00	2542.00	2542.00	2542.00	2542.00	2542.00	2542.00	2542.00	2542.00	2542.00	2542.00	2542.00	2542.00	2542.00	2542.00	2542.00	2542.00	2543.00	2543.00
2527.00	2527.00	2527.00	2528.00	2528.00	2528.00	2528.00	2528.00	2528.00	2528.00	2528.00	2528.00	2528.00	2528.00	2528.00	2528.00	2528.00	2529.00	2529.00	2529.00	2529.00	2529.00	2529.00	2529.00	2529.00	2529.00	2529.00	2529.00	2529.00	2529.00	2529.00	2529.00	2529.00	2529.00	2529.00	2529.00	2529.00	2529.00	2529.00	2529.00	2529.00	2529.00	2529.00	2529.00	2529.00	2529.00	2529.00	2530.00	2530.00	2530.00	2530.00	2530.00	2530.00	2530.00	2530.00	2530.00	2530.00	2530.00	2530.00	2530.00	2530.00	2530.00	2530.00	2530.00	2530.00	2530.00	2530.00	2531.00	2531.00	2531.00	2531.00	2531.00	2531.00	2531.00	2531.00	2531.00	2531.00	2532.00	2532.00	2532.00	2532.00	2532.00	2532.00	2532.00	2532.00	2532.00	2533.00	2533.00	2533.00	2533.00	2533.00	2533.00	2533.00	2533.00	2533.00	2533.00	2534.00	2534.00	2534.00	2534.00	2534.00	2534.00	2534.00	2534.00	2534.00	2535.00	2535.00	2535.00	2535.00	2535.00	2535.00	2535.00	2535.00	2535.00	2535.00	2535.00	2536.00	2536.00	2536.00	2536.00	2536.00	2536.00	2536.00	2537.00	2537.00	2537.00	2537.00	2537.00	2537.00	2538.00	2538.00	2538.00	2538.00	2538.00	2538.00	2538.00	2539.00	2539.00	2539.00	2539.00	2539.00	2539.00	2539.00	2539.00	2539.00	2540.00	2540.00	2540.00	2540.00	2540.00	2540.00	2540.00	2540.00	2540.00	2540.00	2541.00	2541.00	2541.00	2541.00	2541.00	2541.00	2541.00	2541.00	2541.00	2541.00	2541.00	2541.00	2541.00	2541.00	2541.00	2541.00	2541.00	2541.00	2541.00	2541.00	2541.00	2541.00	2541.00	2541.00	2541.00	2541.00	2541.00	2541.00	2541.00	2541.00	2541.00	2541.00	2541.00	2541.00	2541.00	2541.00	2541.00	2541.00	2541.00	2541.00	2541.00	2541.00	2541.00	2541.00	2541.00	2541.00	2541.00	2541.00	2541.00	2541.00	2541.00	2541.00	2541.00	2541.00	2541.00	2541.00	2541.00	2541.00	2541.00	2541.00	2541.00	2541.00	2541.00	2541.00	2541.00	2541.00	2541.00	2541.00	2541.00	2541.00	2541.00	2541.00	2541.00	2541.00	2541.00	2541.00	2541.00	2541.00	2541.00	2541.00	2542.00	2542.00	2542.00	2542.00	2542.00	2542.00	2542.00	2542.00	2542.00	2542.00	2542.00	2542.00	2542.00	2542.00	2542.00	2542.00	2542.00	2542.00	2542.00	2543.00	2543.00
2527.00	2527.00	2527.00	2528.00	2528.00	2528.00	2528.00	2528.00	2528.00	2528.00	2528.00	2528.00	2528.00	2528.00	2528.00	2528.00	2528.00	2529.00	2529.00	2529.00	2529.00	2529.00	2529.00	2529.00	2529.00	2529.00	2529.00	2529.00	2529.00	2529.00	2529.00	2529.00	2529.00	2529.00	2529.00	2529.00	2529.00	2529.00	2529.00	2529.00	2529.00	2529.00	2529.00	2529.00	2529.00	2529.00	2529.00	2530.00	2530.00	2530.00	2530.00	2530.00	2530.00	2530.00	2530.00	2530.00	2530.00	2530.00	2530.00	2530.00	2530.00	2530.00	2530.00	2530.00	2530.00	2530.00	2530.00	2531.00	2531.00	2531.00	2531.00	2531.00	2531.00	2531.00	2531.00	2531.00	2531.00	2532.00	2532.00	2532.00	2532.00	2532.00	2532.00	2532.00	2532.00	2532.00	2533.00	2533.00	2533.00	2533.00	2533.00	2533.00	2533.00	2533.00	2533.00	2533.00	2534.00	2534.00	2534.00	2534.00	2534.00	2534.00	2534.00	2534.00	2534.00	2535.00	2535.00	2535.00	2535.00	2535.00	2535.00	2535.00	2535.00	2535.00	2535.00	2535.00	2536.00	2536.00	2536.00	2536.00	2536.00	2536.00	2536.00	2537.00	2537.00	2537.00	2537.00	2537.00	2537.00	2538.00	2538.00	2538.00	2538.00	2538.00	2538.00	2538.00	2539.00	2539.00	2539.00	2539.00	2539.00	2539.00	2539.00	2539.00	2539.00	2540.00	2540.00	2540.00	2540.00	2540.00	2540.00	2540.00	2540.00	2540.00	2540.00	2541.00	2541.00	2541.00	2541.00	2541.00	2541.00	2541.00	2541.00	2541.00	2541.00	2541.00	2541.00	2541.00	2541.00	2541.00	2541.00	2541.00	2541.00	2541.00	2541.00	2541.00	2541.00	2541.00	2541.00	2541.00	2541.00	2541.00	2541.00	2541.00	2541.00	2541.00	2541.00	2541.00	2541.00	2541.00	2541.00	2541.00	2541.00	2541.00	2541.00	2541.00	2541.00	2541.00	2541.00	2541.00	2541.00	2541.00	2541.00	2541.00	2541.00	2541.00	2541.00	2541.00	2541.00	2541.00	2541.00	2541.00	2541.00	2541.00	2541.00	2541.00	2541.00	2541.00	2541.00	2541.00	2541.00	2541.00	2541.00	2541.00	2541.00	2541.00	2541.00	2541.00	2541.00	2541.00	2541.00	2541.00	2541.00	2541.00	2541.00	2542.00	2542.00	2542.00	2542.00	2542.00	2542.00	2542.00	2542.00	2542.00	2542.00	2542.00	2542.00	2542.00	2542.00	2542.00	2542.00	2542.00	2542.00	2542.00	2543.00	2543.00
2527.00	2527.00	2527.00	2528.00	2528.00	2528.00	2528.00	2528.00	2528.00	2528.00	2528.00	2528.00	2528.00	2528.00	2528.00	2528.00	2528.00	2529.00	2529.00	2529.00	2529.00	2529.00	2529.00	2529.00	2529.00	2529.00	2529.00	2529.00	2529.00	2529.00	2529.00	2529.00	2529.00	2529.00	2529.00	2529.00	2529.00	2529.00	2529.00	2529.00	2529.00	2529.00	2529.00	2529.00	2529.00	2529.00	2529.00	2530.00	2530.00	2530.00	2530.00	2530.00	2530.00	2530.00	2530.00	2530.00	2530.00	2530.00	2530.00	2530.00	2530.00	2530.00	2530.00	2530.00	2530.00	2530.00	2530.00	2531.00	2531.00	2531.00	2531.00	2531.00	2531.00	2531.00	2531.00	2531.00	2531.00	2532.00	2532.00	2532.00	2532.00	2532.00	2532.00	2532.00	2532.00	2532.00	2533.00	2533.00	2533.00	2533.00	2533.00	2533.00	2533.00	2533.00	2533.00	2533.00	2534.00	2534.00	2534.00	2534.00	2534.00	2534.00	2534.00	2534.00	2534.00	2535.00	2535.00	2535.00	2535.00	2535.00	2535.00	2535.00	2535.00	2535.00	2535.00	2535.00	2536.00	2536.00	2536.00	2536.00	2536.00	2536.00	2536.00	2537.00	2537.00	2537.00	2537.00	2537.00	2537.00	2538.00	2538.00	2538.00	2538.00	2538.00	2538.00	2538.00	2539.00	2539.00	2539.00	2539.00	2539.00	2539.00	2539.00	2539.00	2539.00	2540.00	2540.00	2540.00	2540.00	2540.00	2540.00	2540.00	2540.00	2540.00	2540.00	2541.00	2541.00	2541.00	2541.00	2541.00	2541.00	2541.00	2541.00	2541.00	2541.00	2541.00	2541.00	2541.00	2541.00	2541.00	2541.00	2541.00	2541.00	2541.00	2541.00	2541.00	2541.00	2541.00	2541.00	2541.00	2541.00	2541.00	2541.00	2541.00	2541.00	2541.00	2541.00	2541.00	2541.00	2541.00	2541.00	2541.00	2541.00	2541.00	2541.00	2541.00	2541.00	2541.00	2541.00	2541.00	2541.00	2541.00	2541.00	2541.00	2541.00	2541.00	2541.00	2541.00	2541.00	2541.00	2541.00	2541.00	2541.00	2541.00	2541.00	2541.00	2541.00	2541.00	2541.00	2541.00	2541.00	2541.00	2541.00	2541.00	2541.00	2541.00	2541.00	2541.00	2541.00	2541.00	2541.00	2541.00	2541.00	2541.00	2541.00	2542.00	2542.00	2542.00	2542.00	2542.00	2542.00	2542.00	2542.00	2542.00	2542.00	2542.00	2542.00	2542.00	2542.00	2542.00	2542.00	2542.00	2542.00	2542.00	2543.00	2543.00
2527.00	2527.00	2527.00	2528.00	2528.00	2528.00	2528.00	2528.00	2528.00	2528.00	2528.00	2528.00	2528.00	2528.00	2528.00	2528.00	2528.00	2529.00	2529.00	2529.00	2529.00	2529.00	2529.00	2529.00	2529.00	2529.00	2529.00	2529.00	2529.00	2529.00	2529.00	2529.00	2529.00	2529.00	2529.00	2529.00	2529.00	2529.00	2529.00	2529.00	2529.00	2529.00	2529.00	2529.00	2529.00	2529.00	2529.00	2530.00	2530.00	2530.00	2530.00	2530.00	2530.00	2530.00	2530.00	2530.00	2530.00	2530.00	2530.00	2530.00	2530.00	2530.00	2530.00	2530.00	2530.00	2530.00	2530.00	2531.00	2531.00	2531.00	2531.00	2531.00	2531.00	2531.00	2531.00	2531.00	2531.00	2532.00	2532.00	2532.00	2532.00	2532.00	2532.00	2532.00	2532.00	2532.00	2533.00	2533.00	2533.00	2533.00	2533.00	2533.00	2533.00	2533.00	2533.00	2533.00	2534.00	2534.00	2534.00	2534.00	2534.00	2534.00	2534.00	2534.00	2534.00	2535.00	2535.00	2535.00	2535.00	2535.00	2535.00	2535.00	2535.00	2535.00	2535.00	2535.00	2536.00	2536.00	2536.00	2536.00	2536.00	2536.00	2536.00	2537.00	2537.00	2537.00	2537.00	2537.00	2537.00	2538.00	2538.00	2538.00	2538.00	2538.00	2538.00	2538.00	2539.00	2539.00	2539.00	2539.00	2539.00	2539.00	2539.00	2539.00	2539.00	2540.00	2540.00	2540.00	2540.00	2540.00	2540.00	2540.00	2540.00	2540.00	2540.00	2541.00	2541.00	2541.00	2541.00	2541.00	2541.00	2541.00	2541.00	2541.00	2541.00	2541.00	2541.00	2541.00	2541.00	2541.00	2541.00	2541.00	2541.00	2541.00	2541.00	2541.00	2541.00	2541.00	2541.00	2541.00	2541.00	2541.00	2541.00	2541.00	2541.00	2541.00	2541.00	2541.00	2541.00	2541.00	2541.00	2541.00	2541.00	2541.00	2541.00	2541.00	2541.00	2541.00	2541.00	2541.00	2541.00	2541.00	2541.00	2541.00	2541.00	2541.00	2541.00	2541.00	2541.00	2541.00	2541.00	2541.00	2541.00	2541.00	2541.00	2541.00	2541.00	2541.00	2541.00	2541.00	2541.00	2541.00	2541.00	2541.00	2541.00	2541.00	2541.00	2541.00	2541.00	2541.00	2541.00	2541.00	2541.00	2541.00	2541.00	2542.00	2542.00	2542.00	2542.00	2542.00	2542.00	2542.00	2542.00	2542.00	2542.00	2542.00	2542.00	2542.00	2542.00	2542.00	2542.00	2542.00	2542.00	2542.00	2543.00	2543.00
2527.00	2527.00	2527.00	2528.00	2528.00	2528.00	2528.00	2528.00	2528.00	2528.00	2528.00	2528.00	2528.00	2528.00	2528.00	2528.00	2528.00	2529.00	2529.00	2529.00	2529.00	2529.00	2529.00	2529.00	2529.00	2529.00	2529.00	2529.00	2529.00	2529.00	2529.00	2529.00	2529.00	2529.00	2529.00	2529.00	2529.00	2529.00	2529.00	2529.00	2529.00	2529.00	2529.00	2529.00	2529.00	2529.00	2529.00	2530.00	2530.00	2530.00	2530.00	2530.00	2530.00	2530.00	2530.00	2530.00	2530.00	2530.00	2530.00	2530.00	2530.00	2530.00	2530.00	2530.00	2530.00	2530.00	2530.00	2531.00	2531.00	2531.00	2531.00	2531.00	2531.00	2531.00	2531.00	2531.00	2531.00	2532.00	2532.00	2532.00	2532.00	2532.00	2532.00	2532.00	2532.00	2532.00	2533.00	2533.00	2533.00	2533.00	2533.00	2533.00	2533.00	2533.00	2533.00	2533.00	2534.00	2534.00	2534.00	2534.00	2534.00	2534.00	2534.00	2534.00	2534.00	2535.00	2535.00	2535.00	2535.00	2535.00	2535.00	2535.00	2535.00	2535.00	2535.00	2535.00	2536.00	2536.00	2536.00	2536.00	2536.00	2536.00	2536.00	2537.00	2537.00	2537.00	2537.00	2537.00	2537.00	2538.00	2538.00	2538.00	2538.00	2538.00	2538.00	2538.00	2539.00	2539.00	2539.00	2539.00	2539.00	2539.00	2539.00	2539.00	2539.00	2540.00	2540.00	2540.00	2540.00	2540.00	2540.00	2540.00	2540.00	2540.00	2540.00	2541.00	2541.00	2541.00	2541.00	2541.00	2541.00	2541.00	2541.00	2541.00	2541.00	2541.00	2541.00	2541.00	2541.00	2541.00	2541.00	2541.00	2541.00	2541.00	2541.00	2541.00	2541.00	2541.00	2541.00	2541.00	2541.00	2541.00	2541.00	2541.00	2541.00	2541.00	2541.00	2541.00	2541.00	2541.00	2541.00	2541.00	2541.00	2541.00	2541.00	2541.00	2541.00	2541.00	2541.00	2541.00	2541.00	2541.00	2541.00	2541.00	2541.00	2541.00	2541.00	2541.00	2541.00	2541.00	2541.00	2541.00	2541.00	2541.00	2541.00	2541.00	2541.00	2541.00	2541.00	2541.00	2541.00	2541.00	2541.00	2541.00	2541.00	2541.00	2541.00	2541.00	2541.00	2541.00	2541.00	2541.00	2541.00	2541.00	2541.00	2542.00	2542.00	2542.00	2542.00	2542.00	2542.00	2542.00	2542.00	2542.00	2542.00	2542.00	2542.00	2542.00	2542.00	2542.00	2542.00	2542.00	2542.00	2542.00	2543.00	2543.00
2529.00	2530.00	2530.00	2530.00	2530.00	2530.00	2530.00	2530.00	2530.00	2530.00	2530.00	2530.00	2530.00	2530.00	2531.00	2531.00	2531.00	2531.00	2531.00	2531.00	2531.00	2531.00	2531.00	2531.00	2531.00	2531.00	2531.00	2531.00	2531.00	2531.00	2531.00	2531.00	2531.00	2531.00	2532.00	2532.00	2532.00	2532.00	2532.00	2532.00	2532.00	2532.00	2532.00	2532.00	2532.00	2532.00	2532.00	2532.00	2532.00	2532.00	2532.00	2532.00	2532.00	2532.00	2532.00	2532.00	2532.00	2532.00	2532.00	2532.00	2532.00	2532.00	2532.00	2532.00	2532.00	2532.00	2532.00	2533.00	2533.00	2533.00	2533.00	2533.00	2533.00	2533.00	2533.00	2533.00	2533.00	2533.00	2534.00	2534.00	2534.00	2534.00	2534.00	2534.00	2534.00	2534.00	2535.00	2535.00	2535.00	2535.00	2535.00	2536.00	2536.00	2536.00	2536.00	2536.00	2536.00	2536.00	2536.00	2537.00	2537.00	2537.00	2537.00	2537.00	2537.00	2538.00	2538.00	2538.00	2538.00	2538.00	2538.00	2539.00	2539.00	2539.00	2539.00	2539.00	2539.00	2539.00	2540.00	2540.00	2540.00	2540.00	2540.00	2540.00	2540.00	2541.00	2541.00	2541.00	2541.00	2541.00	2541.00	2541.00	2542.00	2542.00	2542.00	2542.00	2542.00	2542.00	2542.00	2543.00	2543.00	2543.00	2543.00	2543.00	2543.00	2543.00	2543.00	2543.00	2543.00	2544.00	2544.00	2544.00	2544.00	2544.00	2544.00	2544.00	2544.00	2544.00	2544.00	2544.00	2544.00	2544.00	2544.00	2544.00	2544.00	2544.00	2544.00	2544.00	2544.00	2544.00	2544.00	2544.00	2544.00	2544.00	2544.00	2544.00	2544.00	2544.00	2544.00	2544.00	2544.00	2544.00	2544.00	2544.00	2544.00	2544.00	2544.00	2544.00	2544.00	2544.00	2544.00	2544.00	2544.00	2544.00	2544.00	2544.00	2544.00	2544.00	2544.00	2544.00	2544.00	2544.00	2544.00	2544.00	2544.00	2544.00	2544.00	2544.00	2544.00	2544.00	2543.00	2543.00	2543.00	2543.00	2543.00	2543.00	2543.00	2543.00	2543.00	2543.00	2543.00	2543.00	2543.00	2543.00	2543.00	2543.00	2543.00	2543.00	2543.00	2543.00	2543.00	2543.00	2543.00	2543.00	2543.00	2543.00	2543.00	2543.00	2543.00	2543.00	2544.00	2544.00	2544.00	2544.00	2544.00	2544.00	2544.00	2544.00	2544.00	2544.00	2544.00	2544.00	2544.00	2544.00	2544.00	2544.00
2529.00	2530.00	2530.00	2530.00	2530.00	2530.00	2530.00	2530.00	2530.00	2530.00	2530.00	2530.00	2530.00	2530.00	2531.00	2531.00	2531.00	2531.00	2531.00	2531.00	2531.00	2531.00	2531.00	2531.00	2531.00	2531.00	2531.00	2531.00	2531.00	2531.00	2531.00	2531.00	2531.00	2531.00	2532.00	2532.00	2532.00	2532.00	2532.00	2532.00	2532.00	2532.00	2532.00	2532.00	2532.00	2532.00	2532.00	2532.00	2532.00	2532.00	2532.00	2532.00	2532.00	2532.00	2532.00	2532.00	2532.00	2532.00	2532.00	2532.00	2532.00	2532.00	2532.00	2532.00	2532.00	2532.00	2532.00	2533.00	2533.00	2533.00	2533.00	2533.00	2533.00	2533.00	2533.00	2533.00	2533.00	2533.00	2534.00	2534.00	2534.00	2534.00	2534.00	2534.00	2534.00	2534.00	2535.00	2535.00	2535.00	2535.00	2535.00	2536.00	2536.00	2536.00	2536.00	2536.00	2536.00	2536.00	2536.00	2537.00	2537.00	2537.00	2537.00	2537.00	2537.00	2538.00	2538.00	2538.00	2538.00	2538.00	2538.00	2539.00	2539.00	2539.00	2539.00	2539.00	2539.00	2539.00	2540.00	2540.00	2540.00	2540.00	2540.00	2540.00	2540.00	2541.00	2541.00	2541.00	2541.00	2541.00	2541.00	2541.00	2542.00	2542.00	2542.00	2542.00	2542.00	2542.00	2542.00	2543.00	2543.00	2543.00	2543.00	2543.00	2543.00	2543.00	2543.00	2543.00	2543.00	2544.00	2544.00	2544.00	2544.00	2544.00	2544.00	2544.00	2544.00	2544.00	2544.00	2544.00	2544.00	2544.00	2544.00	2544.00	2544.00	2544.00	2544.00	2544.00	2544.00	2544.00	2544.00	2544.00	2544.00	2544.00	2544.00	2544.00	2544.00	2544.00	2544.00	2544.00	2544.00	2544.00	2544.00	2544.00	2544.00	2544.00	2544.00	2544.00	2544.00	2544.00	2544.00	2544.00	2544.00	2544.00	2544.00	2544.00	2544.00	2544.00	2544.00	2544.00	2544.00	2544.00	2544.00	2544.00	2544.00	2544.00	2544.00	2544.00	2544.00	2544.00	2543.00	2543.00	2543.00	2543.00	2543.00	2543.00	2543.00	2543.00	2543.00	2543.00	2543.00	2543.00	2543.00	2543.00	2543.00	2543.00	2543.00	2543.00	2543.00	2543.00	2543.00	2543.00	2543.00	2543.00	2543.00	2543.00	2543.00	2543.00	2543.00	2543.00	2544.00	2544.00	2544.00	2544.00	2544.00	2544.00	2544.00	2544.00	2544.00	2544.00	2544.00	2544.00	2544.00	2544.00	2544.00	2544.00
2529.00	2530.00	2530.00	2530.00	2530.00	2530.00	2530.00	2530.00	2530.00	2530.00	2530.00	2530.00	2530.00	2530.00	2531.00	2531.00	2531.00	2531.00	2531.00	2531.00	2531.00	2531.00	2531.00	2531.00	2531.00	2531.00	2531.00	2531.00	2531.00	2531.00	2531.00	2531.00	2531.00	2531.00	2532.00	2532.00	2532.00	2532.00	2532.00	2532.00	2532.00	2532.00	2532.00	2532.00	2532.00	2532.00	2532.00	2532.00	2532.00	2532.00	2532.00	2532.00	2532.00	2532.00	2532.00	2532.00	2532.00	2532.00	2532.00	2532.00	2532.00	2532.00	2532.00	2532.00	2532.00	2532.00	2532.00	2533.00	2533.00	2533.00	2533.00	2533.00	2533.00	2533.00	2533.00	2533.00	2533.00	2533.00	2534.00	2534.00	2534.00	2534.00	2534.00	2534.00	2534.00	2534.00	2535.00	2535.00	2535.00	2535.00	2535.00	2536.00	2536.00	2536.00	2536.00	2536.00	2536.00	2536.00	2536.00	2537.00	2537.00	2537.00	2537.00	2537.00	2537.00	2538.00	2538.00	2538.00	2538.00	2538.00	2538.00	2539.00	2539.00	2539.00	2539.00	2539.00	2539.00	2539.00	2540.00	2540.00	2540.00	2540.00	2540.00	2540.00	2540.00	2541.00	2541.00	2541.00	2541.00	2541.00	2541.00	2541.00	2542.00	2542.00	2542.00	2542.00	2542.00	2542.00	2542.00	2543.00	2543.00	2543.00	2543.00	2543.00	2543.00	2543.00	2543.00	2543.00	2543.00	2544.00	2544.00	2544.00	2544.00	2544.00	2544.00	2544.00	2544.00	2544.00	2544.00	2544.00	2544.00	2544.00	2544.00	2544.00	2544.00	2544.00	2544.00	2544.00	2544.00	2544.00	2544.00	2544.00	2544.00	2544.00	2544.00	2544.00	2544.00	2544.00	2544.00	2544.00	2544.00	2544.00	2544.00	2544.00	2544.00	2544.00	2544.00	2544.00	2544.00	2544.00	2544.00	2544.00	2544.00	2544.00	2544.00	2544.00	2544.00	2544.00	2544.00	2544.00	2544.00	2544.00	2544.00	2544.00	2544.00	2544.00	2544.00	2544.00	2544.00	2544.00	2543.00	2543.00	2543.00	2543.00	2543.00	2543.00	2543.00	2543.00	2543.00	2543.00	2543.00	2543.00	2543.00	2543.00	2543.00	2543.00	2543.00	2543.00	2543.00	2543.00	2543.00	2543.00	2543.00	2543.00	2543.00	2543.00	2543.00	2543.00	2543.00	2543.00	2544.00	2544.00	2544.00	2544.00	2544.00	2544.00	2544.00	2544.00	2544.00	2544.00	2544.00	2544.00	2544.00	2544.00	2544.00	2544.00
2529.00	2530.00	2530.00	2530.00	2530.00	2530.00	2530.00	2530.00	2530.00	2530.00	2530.00	2530.00	2530.00	2530.00	2531.00	2531.00	2531.00	2531.00	2531.00	2531.00	2531.00	2531.00	2531.00	2531.00	2531.00	2531.00	2531.00	2531.00	2531.00	2531.00	2531.00	2531.00	2531.00	2531.00	2532.00	2532.00	2532.00	2532.00	2532.00	2532.00	2532.00	2532.00	2532.00	2532.00	2532.00	2532.00	2532.00	2532.00	2532.00	2532.00	2532.00	2532.00	2532.00	2532.00	2532.00	2532.00	2532.00	2532.00	2532.00	2532.00	2532.00	2532.00	2532.00	2532.00	2532.00	2532.00	2532.00	2533.00	2533.00	2533.00	2533.00	2533.00	2533.00	2533.00	2533.00	2533.00	2533.00	2533.00	2534.00	2534.00	2534.00	2534.00	2534.00	2534.00	2534.00	2534.00	2535.00	2535.00	2535.00	2535.00	2535.00	2536.00	2536.00	2536.00	2536.00	2536.00	2536.00	2536.00	2536.00	2537.00	2537.00	2537.00	2537.00	2537.00	2537.00	2538.00	2538.00	2538.00	2538.00	2538.00	2538.00	2539.00	2539.00	2539.00	2539.00	2539.00	2539.00	2539.00	2540.00	2540.00	2540.00	2540.00	2540.00	2540.00	2540.00	2541.00	2541.00	2541.00	2541.00	2541.00	2541.00	2541.00	2542.00	2542.00	2542.00	2542.00	2542.00	2542.00	2542.00	2543.00	2543.00	2543.00	2543.00	2543.00	2543.00	2543.00	2543.00	2543.00	2543.00	2544.00	2544.00	2544.00	2544.00	2544.00	2544.00	2544.00	2544.00	2544.00	2544.00	2544.00	2544.00	2544.00	2544.00	2544.00	2544.00	2544.00	2544.00	2544.00	2544.00	2544.00	2544.00	2544.00	2544.00	2544.00	2544.00	2544.00	2544.00	2544.00	2544.00	2544.00	2544.00	2544.00	2544.00	2544.00	2544.00	2544.00	2544.00	2544.00	2544.00	2544.00	2544.00	2544.00	2544.00	2544.00	2544.00	2544.00	2544.00	2544.00	2544.00	2544.00	2544.00	2544.00	2544.00	2544.00	2544.00	2544.00	2544.00	2544.00	2544.00	2544.00	2543.00	2543.00	2543.00	2543.00	2543.00	2543.00	2543.00	2543.00	2543.00	2543.00	2543.00	2543.00	2543.00	2543.00	2543.00	2543.00	2543.00	2543.00	2543.00	2543.00	2543.00	2543.00	2543.00	2543.00	2543.00	2543.00	2543.00	2543.00	2543.00	2543.00	2544.00	2544.00	2544.00	2544.00	2544.00	2544.00	2544.00	2544.00	2544.00	2544.00	2544.00	2544.00	2544.00	2544.00	2544.00	2544.00
2529.00	2530.00	2530.00	2530.00	2530.00	2530.00	2530.00	2530.00	2530.00	2530.00	2530.00	2530.00	2530.00	2530.00	2531.00	2531.00	2531.00	2531.00	2531.00	2531.00	2531.00	2531.00	2531.00	2531.00	2531.00	2531.00	2531.00	2531.00	2531.00	2531.00	2531.00	2531.00	2531.00	2531.00	2532.00	2532.00	2532.00	2532.00	2532.00	2532.00	2532.00	2532.00	2532.00	2532.00	2532.00	2532.00	2532.00	2532.00	2532.00	2532.00	2532.00	2532.00	2532.00	2532.00	2532.00	2532.00	2532.00	2532.00	2532.00	2532.00	2532.00	2532.00	2532.00	2532.00	2532.00	2532.00	2532.00	2533.00	2533.00	2533.00	2533.00	2533.00	2533.00	2533.00	2533.00	2533.00	2533.00	2533.00	2534.00	2534.00	2534.00	2534.00	2534.00	2534.00	2534.00	2534.00	2535.00	2535.00	2535.00	2535.00	2535.00	2536.00	2536.00	2536.00	2536.00	2536.00	2536.00	2536.00	2536.00	2537.00	2537.00	2537.00	2537.00	2537.00	2537.00	2538.00	2538.00	2538.00	2538.00	2538.00	2538.00	2539.00	2539.00	2539.00	2539.00	2539.00	2539.00	2539.00	2540.00	2540.00	2540.00	2540.00	2540.00	2540.00	2540.00	2541.00	2541.00	2541.00	2541.00	2541.00	2541.00	2541.00	2542.00	2542.00	2542.00	2542.00	2542.00	2542.00	2542.00	2543.00	2543.00	2543.00	2543.00	2543.00	2543.00	2543.00	2543.00	2543.00	2543.00	2544.00	2544.00	2544.00	2544.00	2544.00	2544.00	2544.00	2544.00	2544.00	2544.00	2544.00	2544.00	2544.00	2544.00	2544.00	2544.00	2544.00	2544.00	2544.00	2544.00	2544.00	2544.00	2544.00	2544.00	2544.00	2544.00	2544.00	2544.00	2544.00	2544.00	2544.00	2544.00	2544.00	2544.00	2544.00	2544.00	2544.00	2544.00	2544.00	2544.00	2544.00	2544.00	2544.00	2544.00	2544.00	2544.00	2544.00	2544.00	2544.00	2544.00	2544.00	2544.00	2544.00	2544.00	2544.00	2544.00	2544.00	2544.00	2544.00	2544.00	2544.00	2543.00	2543.00	2543.00	2543.00	2543.00	2543.00	2543.00	2543.00	2543.00	2543.00	2543.00	2543.00	2543.00	2543.00	2543.00	2543.00	2543.00	2543.00	2543.00	2543.00	2543.00	2543.00	2543.00	2543.00	2543.00	2543.00	2543.00	2543.00	2543.00	2543.00	2544.00	2544.00	2544.00	2544.00	2544.00	2544.00	2544.00	2544.00	2544.00	2544.00	2544.00	2544.00	2544.00	2544.00	2544.00	2544.00
2529.00	2530.00	2530.00	2530.00	2530.00	2530.00	2530.00	2530.00	2530.00	2530.00	2530.00	2530.00	2530.00	2530.00	2531.00	2531.00	2531.00	2531.00	2531.00	2531.00	2531.00	2531.00	2531.00	2531.00	2531.00	2531.00	2531.00	2531.00	2531.00	2531.00	2531.00	2531.00	2531.00	2531.00	2532.00	2532.00	2532.00	2532.00	2532.00	2532.00	2532.00	2532.00	2532.00	2532.00	2532.00	2532.00	2532.00	2532.00	2532.00	2532.00	2532.00	2532.00	2532.00	2532.00	2532.00	2532.00	2532.00	2532.00	2532.00	2532.00	2532.00	2532.00	2532.00	2532.00	2532.00	2532.00	2532.00	2533.00	2533.00	2533.00	2533.00	2533.00	2533.00	2533.00	2533.00	2533.00	2533.00	2533.00	2534.00	2534.00	2534.00	2534.00	2534.00	2534.00	2534.00	2534.00	2535.00	2535.00	2535.00	2535.00	2535.00	2536.00	2536.00	2536.00	2536.00	2536.00	2536.00	2536.00	2536.00	2537.00	2537.00	2537.00	2537.00	2537.00	2537.00	2538.00	2538.00	2538.00	2538.00	2538.00	2538.00	2539.00	2539.00	2539.00	2539.00	2539.00	2539.00	2539.00	2540.00	2540.00	2540.00	2540.00	2540.00	2540.00	2540.00	2541.00	2541.00	2541.00	2541.00	2541.00	2541.00	2541.00	2542.00	2542.00	2542.00	2542.00	2542.00	2542.00	2542.00	2543.00	2543.00	2543.00	2543.00	2543.00	2543.00	2543.00	2543.00	2543.00	2543.00	2544.00	2544.00	2544.00	2544.00	2544.00	2544.00	2544.00	2544.00	2544.00	2544.00	2544.00	2544.00	2544.00	2544.00	2544.00	2544.00	2544.00	2544.00	2544.00	2544.00	2544.00	2544.00	2544.00	2544.00	2544.00	2544.00	2544.00	2544.00	2544.00	2544.00	2544.00	2544.00	2544.00	2544.00	2544.00	2544.00	2544.00	2544.00	2544.00	2544.00	2544.00	2544.00	2544.00	2544.00	2544.00	2544.00	2544.00	2544.00	2544.00	2544.00	2544.00	2544.00	2544.00	2544.00	2544.00	2544.00	2544.00	2544.00	2544.00	2544.00	2544.00	2543.00	2543.00	2543.00	2543.00	2543.00	2543.00	2543.00	2543.00	2543.00	2543.00	2543.00	2543.00	2543.00	2543.00	2543.00	2543.00	2543.00	2543.00	2543.00	2543.00	2543.00	2543.00	2543.00	2543.00	2543.00	2543.00	2543.00	2543.00	2543.00	2543.00	2544.00	2544.00	2544.00	2544.00	2544.00	2544.00	2544.00	2544.00	2544.00	2544.00	2544.00	2544.00	2544.00	2544.00	2544.00	2544.00
2529.00	2530.00	2530.00	2530.00	2530.00	2530.00	2530.00	2530.00	2530.00	2530.00	2530.00	2530.00	2530.00	2530.00	2531.00	2531.00	2531.00	2531.00	2531.00	2531.00	2531.00	2531.00	2531.00	2531.00	2531.00	2531.00	2531.00	2531.00	2531.00	2531.00	2531.00	2531.00	2531.00	2531.00	2532.00	2532.00	2532.00	2532.00	2532.00	2532.00	2532.00	2532.00	2532.00	2532.00	2532.00	2532.00	2532.00	2532.00	2532.00	2532.00	2532.00	2532.00	2532.00	2532.00	2532.00	2532.00	2532.00	2532.00	2532.00	2532.00	2532.00	2532.00	2532.00	2532.00	2532.00	2532.00	2532.00	2533.00	2533.00	2533.00	2533.00	2533.00	2533.00	2533.00	2533.00	2533.00	2533.00	2533.00	2534.00	2534.00	2534.00	2534.00	2534.00	2534.00	2534.00	2534.00	2535.00	2535.00	2535.00	2535.00	2535.00	2536.00	2536.00	2536.00	2536.00	2536.00	2536.00	2536.00	2536.00	2537.00	2537.00	2537.00	2537.00	2537.00	2537.00	2538.00	2538.00	2538.00	2538.00	2538.00	2538.00	2539.00	2539.00	2539.00	2539.00	2539.00	2539.00	2539.00	2540.00	2540.00	2540.00	2540.00	2540.00	2540.00	2540.00	2541.00	2541.00	2541.00	2541.00	2541.00	2541.00	2541.00	2542.00	2542.00	2542.00	2542.00	2542.00	2542.00	2542.00	2543.00	2543.00	2543.00	2543.00	2543.00	2543.00	2543.00	2543.00	2543.00	2543.00	2544.00	2544.00	2544.00	2544.00	2544.00	2544.00	2544.00	2544.00	2544.00	2544.00	2544.00	2544.00	2544.00	2544.00	2544.00	2544.00	2544.00	2544.00	2544.00	2544.00	2544.00	2544.00	2544.00	2544.00	2544.00	2544.00	2544.00	2544.00	2544.00	2544.00	2544.00	2544.00	2544.00	2544.00	2544.00	2544.00	2544.00	2544.00	2544.00	2544.00	2544.00	2544.00	2544.00	2544.00	2544.00	2544.00	2544.00	2544.00	2544.00	2544.00	2544.00	2544.00	2544.00	2544.00	2544.00	2544.00	2544.00	2544.00	2544.00	2544.00	2544.00	2543.00	2543.00	2543.00	2543.00	2543.00	2543.00	2543.00	2543.00	2543.00	2543.00	2543.00	2543.00	2543.00	2543.00	2543.00	2543.00	2543.00	2543.00	2543.00	2543.00	2543.00	2543.00	2543.00	2543.00	2543.00	2543.00	2543.00	2543.00	2543.00	2543.00	2544.00	2544.00	2544.00	2544.00	2544.00	2544.00	2544.00	2544.00	2544.00	2544.00	2544.00	2544.00	2544.00	2544.00	2544.00	2544.00
2529.00	2530.00	2530.00	2530.00	2530.00	2530.00	2530.00	2530.00	2530.00	2530.00	2530.00	2530.00	2530.00	2530.00	2531.00	2531.00	2531.00	2531.00	2531.00	2531.00	2531.00	2531.00	2531.00	2531.00	2531.00	2531.00	2531.00	2531.00	2531.00	2531.00	2531.00	2531.00	2531.00	2531.00	2532.00	2532.00	2532.00	2532.00	2532.00	2532.00	2532.00	2532.00	2532.00	2532.00	2532.00	2532.00	2532.00	2532.00	2532.00	2532.00	2532.00	2532.00	2532.00	2532.00	2532.00	2532.00	2532.00	2532.00	2532.00	2532.00	2532.00	2532.00	2532.00	2532.00	2532.00	2532.00	2532.00	2533.00	2533.00	2533.00	2533.00	2533.00	2533.00	2533.00	2533.00	2533.00	2533.00	2533.00	2534.00	2534.00	2534.00	2534.00	2534.00	2534.00	2534.00	2534.00	2535.00	2535.00	2535.00	2535.00	2535.00	2536.00	2536.00	2536.00	2536.00	2536.00	2536.00	2536.00	2536.00	2537.00	2537.00	2537.00	2537.00	2537.00	2537.00	2538.00	2538.00	2538.00	2538.00	2538.00	2538.00	2539.00	2539.00	2539.00	2539.00	2539.00	2539.00	2539.00	2540.00	2540.00	2540.00	2540.00	2540.00	2540.00	2540.00	2541.00	2541.00	2541.00	2541.00	2541.00	2541.00	2541.00	2542.00	2542.00	2542.00	2542.00	2542.00	2542.00	2542.00	2543.00	2543.00	2543.00	2543.00	2543.00	2543.00	2543.00	2543.00	2543.00	2543.00	2544.00	2544.00	2544.00	2544.00	2544.00	2544.00	2544.00	2544.00	2544.00	2544.00	2544.00	2544.00	2544.00	2544.00	2544.00	2544.00	2544.00	2544.00	2544.00	2544.00	2544.00	2544.00	2544.00	2544.00	2544.00	2544.00	2544.00	2544.00	2544.00	2544.00	2544.00	2544.00	2544.00	2544.00	2544.00	2544.00	2544.00	2544.00	2544.00	2544.00	2544.00	2544.00	2544.00	2544.00	2544.00	2544.00	2544.00	2544.00	2544.00	2544.00	2544.00	2544.00	2544.00	2544.00	2544.00	2544.00	2544.00	2544.00	2544.00	2544.00	2544.00	2543.00	2543.00	2543.00	2543.00	2543.00	2543.00	2543.00	2543.00	2543.00	2543.00	2543.00	2543.00	2543.00	2543.00	2543.00	2543.00	2543.00	2543.00	2543.00	2543.00	2543.00	2543.00	2543.00	2543.00	2543.00	2543.00	2543.00	2543.00	2543.00	2543.00	2544.00	2544.00	2544.00	2544.00	2544.00	2544.00	2544.00	2544.00	2544.00	2544.00	2544.00	2544.00	2544.00	2544.00	2544.00	2544.00
2529.00	2530.00	2530.00	2530.00	2530.00	2530.00	2530.00	2530.00	2530.00	2530.00	2530.00	2530.00	2530.00	2530.00	2531.00	2531.00	2531.00	2531.00	2531.00	2531.00	2531.00	2531.00	2531.00	2531.00	2531.00	2531.00	2531.00	2531.00	2531.00	2531.00	2531.00	2531.00	2531.00	2531.00	2532.00	2532.00	2532.00	2532.00	2532.00	2532.00	2532.00	2532.00	2532.00	2532.00	2532.00	2532.00	2532.00	2532.00	2532.00	2532.00	2532.00	2532.00	2532.00	2532.00	2532.00	2532.00	2532.00	2532.00	2532.00	2532.00	2532.00	2532.00	2532.00	2532.00	2532.00	2532.00	2532.00	2533.00	2533.00	2533.00	2533.00	2533.00	2533.00	2533.00	2533.00	2533.00	2533.00	2533.00	2534.00	2534.00	2534.00	2534.00	2534.00	2534.00	2534.00	2534.00	2535.00	2535.00	2535.00	2535.00	2535.00	2536.00	2536.00	2536.00	2536.00	2536.00	2536.00	2536.00	2536.00	2537.00	2537.00	2537.00	2537.00	2537.00	2537.00	2538.00	2538.00	2538.00	2538.00	2538.00	2538.00	2539.00	2539.00	2539.00	2539.00	2539.00	2539.00	2539.00	2540.00	2540.00	2540.00	2540.00	2540.00	2540.00	2540.00	2541.00	2541.00	2541.00	2541.00	2541.00	2541.00	2541.00	2542.00	2542.00	2542.00	2542.00	2542.00	2542.00	2542.00	2543.00	2543.00	2543.00	2543.00	2543.00	2543.00	2543.00	2543.00	2543.00	2543.00	2544.00	2544.00	2544.00	2544.00	2544.00	2544.00	2544.00	2544.00	2544.00	2544.00	2544.00	2544.00	2544.00	2544.00	2544.00	2544.00	2544.00	2544.00	2544.00	2544.00	2544.00	2544.00	2544.00	2544.00	2544.00	2544.00	2544.00	2544.00	2544.00	2544.00	2544.00	2544.00	2544.00	2544.00	2544.00	2544.00	2544.00	2544.00	2544.00	2544.00	2544.00	2544.00	2544.00	2544.00	2544.00	2544.00	2544.00	2544.00	2544.00	2544.00	2544.00	2544.00	2544.00	2544.00	2544.00	2544.00	2544.00	2544.00	2544.00	2544.00	2544.00	2543.00	2543.00	2543.00	2543.00	2543.00	2543.00	2543.00	2543.00	2543.00	2543.00	2543.00	2543.00	2543.00	2543.00	2543.00	2543.00	2543.00	2543.00	2543.00	2543.00	2543.00	2543.00	2543.00	2543.00	2543.00	2543.00	2543.00	2543.00	2543.00	2543.00	2544.00	2544.00	2544.00	2544.00	2544.00	2544.00	2544.00	2544.00	2544.00	2544.00	2544.00	2544.00	2544.00	2544.00	2544.00	2544.00
2529.00	2530.00	2530.00	2530.00	2530.00	2530.00	2530.00	2530.00	2530.00	2530.00	2530.00	2530.00	2530.00	2530.00	2531.00	2531.00	2531.00	2531.00	2531.00	2531.00	2531.00	2531.00	2531.00	2531.00	2531.00	2531.00	2531.00	2531.00	2531.00	2531.00	2531.00	2531.00	2531.00	2531.00	2532.00	2532.00	2532.00	2532.00	2532.00	2532.00	2532.00	2532.00	2532.00	2532.00	2532.00	2532.00	2532.00	2532.00	2532.00	2532.00	2532.00	2532.00	2532.00	2532.00	2532.00	2532.00	2532.00	2532.00	2532.00	2532.00	2532.00	2532.00	2532.00	2532.00	2532.00	2532.00	2532.00	2533.00	2533.00	2533.00	2533.00	2533.00	2533.00	2533.00	2533.00	2533.00	2533.00	2533.00	2534.00	2534.00	2534.00	2534.00	2534.00	2534.00	2534.00	2534.00	2535.00	2535.00	2535.00	2535.00	2535.00	2536.00	2536.00	2536.00	2536.00	2536.00	2536.00	2536.00	2536.00	2537.00	2537.00	2537.00	2537.00	2537.00	2537.00	2538.00	2538.00	2538.00	2538.00	2538.00	2538.00	2539.00	2539.00	2539.00	2539.00	2539.00	2539.00	2539.00	2540.00	2540.00	2540.00	2540.00	2540.00	2540.00	2540.00	2541.00	2541.00	2541.00	2541.00	2541.00	2541.00	2541.00	2542.00	2542.00	2542.00	2542.00	2542.00	2542.00	2542.00	2543.00	2543.00	2543.00	2543.00	2543.00	2543.00	2543.00	2543.00	2543.00	2543.00	2544.00	2544.00	2544.00	2544.00	2544.00	2544.00	2544.00	2544.00	2544.00	2544.00	2544.00	2544.00	2544.00	2544.00	2544.00	2544.00	2544.00	2544.00	2544.00	2544.00	2544.00	2544.00	2544.00	2544.00	2544.00	2544.00	2544.00	2544.00	2544.00	2544.00	2544.00	2544.00	2544.00	2544.00	2544.00	2544.00	2544.00	2544.00	2544.00	2544.00	2544.00	2544.00	2544.00	2544.00	2544.00	2544.00	2544.00	2544.00	2544.00	2544.00	2544.00	2544.00	2544.00	2544.00	2544.00	2544.00	2544.00	2544.00	2544.00	2544.00	2544.00	2543.00	2543.00	2543.00	2543.00	2543.00	2543.00	2543.00	2543.00	2543.00	2543.00	2543.00	2543.00	2543.00	2543.00	2543.00	2543.00	2543.00	2543.00	2543.00	2543.00	2543.00	2543.00	2543.00	2543.00	2543.00	2543.00	2543.00	2543.00	2543.00	2543.00	2544.00	2544.00	2544.00	2544.00	2544.00	2544.00	2544.00	2544.00	2544.00	2544.00	2544.00	2544.00	2544.00	2544.00	2544.00	2544.00
2529.00	2530.00	2530.00	2530.00	2530.00	2530.00	2530.00	2530.00	2530.00	2530.00	2530.00	2530.00	2530.00	2530.00	2531.00	2531.00	2531.00	2531.00	2531.00	2531.00	2531.00	2531.00	2531.00	2531.00	2531.00	2531.00	2531.00	2531.00	2531.00	2531.00	2531.00	2531.00	2531.00	2531.00	2532.00	2532.00	2532.00	2532.00	2532.00	2532.00	2532.00	2532.00	2532.00	2532.00	2532.00	2532.00	2532.00	2532.00	2532.00	2532.00	2532.00	2532.00	2532.00	2532.00	2532.00	2532.00	2532.00	2532.00	2532.00	2532.00	2532.00	2532.00	2532.00	2532.00	2532.00	2532.00	2532.00	2533.00	2533.00	2533.00	2533.00	2533.00	2533.00	2533.00	2533.00	2533.00	2533.00	2533.00	2534.00	2534.00	2534.00	2534.00	2534.00	2534.00	2534.00	2534.00	2535.00	2535.00	2535.00	2535.00	2535.00	2536.00	2536.00	2536.00	2536.00	2536.00	2536.00	2536.00	2536.00	2537.00	2537.00	2537.00	2537.00	2537.00	2537.00	2538.00	2538.00	2538.00	2538.00	2538.00	2538.00	2539.00	2539.00	2539.00	2539.00	2539.00	2539.00	2539.00	2540.00	2540.00	2540.00	2540.00	2540.00	2540.00	2540.00	2541.00	2541.00	2541.00	2541.00	2541.00	2541.00	2541.00	2542.00	2542.00	2542.00	2542.00	2542.00	2542.00	2542.00	2543.00	2543.00	2543.00	2543.00	2543.00	2543.00	2543.00	2543.00	2543.00	2543.00	2544.00	2544.00	2544.00	2544.00	2544.00	2544.00	2544.00	2544.00	2544.00	2544.00	2544.00	2544.00	2544.00	2544.00	2544.00	2544.00	2544.00	2544.00	2544.00	2544.00	2544.00	2544.00	2544.00	2544.00	2544.00	2544.00	2544.00	2544.00	2544.00	2544.00	2544.00	2544.00	2544.00	2544.00	2544.00	2544.00	2544.00	2544.00	2544.00	2544.00	2544.00	2544.00	2544.00	2544.00	2544.00	2544.00	2544.00	2544.00	2544.00	2544.00	2544.00	2544.00	2544.00	2544.00	2544.00	2544.00	2544.00	2544.00	2544.00	2544.00	2544.00	2543.00	2543.00	2543.00	2543.00	2543.00	2543.00	2543.00	2543.00	2543.00	2543.00	2543.00	2543.00	2543.00	2543.00	2543.00	2543.00	2543.00	2543.00	2543.00	2543.00	2543.00	2543.00	2543.00	2543.00	2543.00	2543.00	2543.00	2543.00	2543.00	2543.00	2544.00	2544.00	2544.00	2544.00	2544.00	2544.00	2544.00	2544.00	2544.00	2544.00	2544.00	2544.00	2544.00	2544.00	2544.00	2544.00
2529.00	2530.00	2530.00	2530.00	2530.00	2530.00	2530.00	2530.00	2530.00	2530.00	2530.00	2530.00	2530.00	2530.00	2531.00	2531.00	2531.00	2531.00	2531.00	2531.00	2531.00	2531.00	2531.00	2531.00	2531.00	2531.00	2531.00	2531.00	2531.00	2531.00	2531.00	2531.00	2531.00	2531.00	2532.00	2532.00	2532.00	2532.00	2532.00	2532.00	2532.00	2532.00	2532.00	2532.00	2532.00	2532.00	2532.00	2532.00	2532.00	2532.00	2532.00	2532.00	2532.00	2532.00	2532.00	2532.00	2532.00	2532.00	2532.00	2532.00	2532.00	2532.00	2532.00	2532.00	2532.00	2532.00	2532.00	2533.00	2533.00	2533.00	2533.00	2533.00	2533.00	2533.00	2533.00	2533.00	2533.00	2533.00	2534.00	2534.00	2534.00	2534.00	2534.00	2534.00	2534.00	2534.00	2535.00	2535.00	2535.00	2535.00	2535.00	2536.00	2536.00	2536.00	2536.00	2536.00	2536.00	2536.00	2536.00	2537.00	2537.00	2537.00	2537.00	2537.00	2537.00	2538.00	2538.00	2538.00	2538.00	2538.00	2538.00	2539.00	2539.00	2539.00	2539.00	2539.00	2539.00	2539.00	2540.00	2540.00	2540.00	2540.00	2540.00	2540.00	2540.00	2541.00	2541.00	2541.00	2541.00	2541.00	2541.00	2541.00	2542.00	2542.00	2542.00	2542.00	2542.00	2542.00	2542.00	2543.00	2543.00	2543.00	2543.00	2543.00	2543.00	2543.00	2543.00	2543.00	2543.00	2544.00	2544.00	2544.00	2544.00	2544.00	2544.00	2544.00	2544.00	2544.00	2544.00	2544.00	2544.00	2544.00	2544.00	2544.00	2544.00	2544.00	2544.00	2544.00	2544.00	2544.00	2544.00	2544.00	2544.00	2544.00	2544.00	2544.00	2544.00	2544.00	2544.00	2544.00	2544.00	2544.00	2544.00	2544.00	2544.00	2544.00	2544.00	2544.00	2544.00	2544.00	2544.00	2544.00	2544.00	2544.00	2544.00	2544.00	2544.00	2544.00	2544.00	2544.00	2544.00	2544.00	2544.00	2544.00	2544.00	2544.00	2544.00	2544.00	2544.00	2544.00	2543.00	2543.00	2543.00	2543.00	2543.00	2543.00	2543.00	2543.00	2543.00	2543.00	2543.00	2543.00	2543.00	2543.00	2543.00	2543.00	2543.00	2543.00	2543.00	2543.00	2543.00	2543.00	2543.00	2543.00	2543.00	2543.00	2543.00	2543.00	2543.00	2543.00	2544.00	2544.00	2544.00	2544.00	2544.00	2544.00	2544.00	2544.00	2544.00	2544.00	2544.00	2544.00	2544.00	2544.00	2544.00	2544.00
2529.00	2530.00	2530.00	2530.00	2530.00	2530.00	2530.00	2530.00	2530.00	2530.00	2530.00	2530.00	2530.00	2530.00	2531.00	2531.00	2531.00	2531.00	2531.00	2531.00	2531.00	2531.00	2531.00	2531.00	2531.00	2531.00	2531.00	2531.00	2531.00	2531.00	2531.00	2531.00	2531.00	2531.00	2532.00	2532.00	2532.00	2532.00	2532.00	2532.00	2532.00	2532.00	2532.00	2532.00	2532.00	2532.00	2532.00	2532.00	2532.00	2532.00	2532.00	2532.00	2532.00	2532.00	2532.00	2532.00	2532.00	2532.00	2532.00	2532.00	2532.00	2532.00	2532.00	2532.00	2532.00	2532.00	2532.00	2533.00	2533.00	2533.00	2533.00	2533.00	2533.00	2533.00	2533.00	2533.00	2533.00	2533.00	2534.00	2534.00	2534.00	2534.00	2534.00	2534.00	2534.00	2534.00	2535.00	2535.00	2535.00	2535.00	2535.00	2536.00	2536.00	2536.00	2536.00	2536.00	2536.00	2536.00	2536.00	2537.00	2537.00	2537.00	2537.00	2537.00	2537.00	2538.00	2538.00	2538.00	2538.00	2538.00	2538.00	2539.00	2539.00	2539.00	2539.00	2539.00	2539.00	2539.00	2540.00	2540.00	2540.00	2540.00	2540.00	2540.00	2540.00	2541.00	2541.00	2541.00	2541.00	2541.00	2541.00	2541.00	2542.00	2542.00	2542.00	2542.00	2542.00	2542.00	2542.00	2543.00	2543.00	2543.00	2543.00	2543.00	2543.00	2543.00	2543.00	2543.00	2543.00	2544.00	2544.00	2544.00	2544.00	2544.00	2544.00	2544.00	2544.00	2544.00	2544.00	2544.00	2544.00	2544.00	2544.00	2544.00	2544.00	2544.00	2544.00	2544.00	2544.00	2544.00	2544.00	2544.00	2544.00	2544.00	2544.00	2544.00	2544.00	2544.00	2544.00	2544.00	2544.00	2544.00	2544.00	2544.00	2544.00	2544.00	2544.00	2544.00	2544.00	2544.00	2544.00	2544.00	2544.00	2544.00	2544.00	2544.00	2544.00	2544.00	2544.00	2544.00	2544.00	2544.00	2544.00	2544.00	2544.00	2544.00	2544.00	2544.00	2544.00	2544.00	2543.00	2543.00	2543.00	2543.00	2543.00	2543.00	2543.00	2543.00	2543.00	2543.00	2543.00	2543.00	2543.00	2543.00	2543.00	2543.00	2543.00	2543.00	2543.00	2543.00	2543.00	2543.00	2543.00	2543.00	2543.00	2543.00	2543.00	2543.00	2543.00	2543.00	2544.00	2544.00	2544.00	2544.00	2544.00	2544.00	2544.00	2544.00	2544.00	2544.00	2544.00	2544.00	2544.00	2544.00	2544.00	2544.00
2529.00	2530.00	2530.00	2530.00	2530.00	2530.00	2530.00	2530.00	2530.00	2530.00	2530.00	2530.00	2530.00	2530.00	2531.00	2531.00	2531.00	2531.00	2531.00	2531.00	2531.00	2531.00	2531.00	2531.00	2531.00	2531.00	2531.00	2531.00	2531.00	2531.00	2531.00	2531.00	2531.00	2531.00	2532.00	2532.00	2532.00	2532.00	2532.00	2532.00	2532.00	2532.00	2532.00	2532.00	2532.00	2532.00	2532.00	2532.00	2532.00	2532.00	2532.00	2532.00	2532.00	2532.00	2532.00	2532.00	2532.00	2532.00	2532.00	2532.00	2532.00	2532.00	2532.00	2532.00	2532.00	2532.00	2532.00	2533.00	2533.00	2533.00	2533.00	2533.00	2533.00	2533.00	2533.00	2533.00	2533.00	2533.00	2534.00	2534.00	2534.00	2534.00	2534.00	2534.00	2534.00	2534.00	2535.00	2535.00	2535.00	2535.00	2535.00	2536.00	2536.00	2536.00	2536.00	2536.00	2536.00	2536.00	2536.00	2537.00	2537.00	2537.00	2537.00	2537.00	2537.00	2538.00	2538.00	2538.00	2538.00	2538.00	2538.00	2539.00	2539.00	2539.00	2539.00	2539.00	2539.00	2539.00	2540.00	2540.00	2540.00	2540.00	2540.00	2540.00	2540.00	2541.00	2541.00	2541.00	2541.00	2541.00	2541.00	2541.00	2542.00	2542.00	2542.00	2542.00	2542.00	2542.00	2542.00	2543.00	2543.00	2543.00	2543.00	2543.00	2543.00	2543.00	2543.00	2543.00	2543.00	2544.00	2544.00	2544.00	2544.00	2544.00	2544.00	2544.00	2544.00	2544.00	2544.00	2544.00	2544.00	2544.00	2544.00	2544.00	2544.00	2544.00	2544.00	2544.00	2544.00	2544.00	2544.00	2544.00	2544.00	2544.00	2544.00	2544.00	2544.00	2544.00	2544.00	2544.00	2544.00	2544.00	2544.00	2544.00	2544.00	2544.00	2544.00	2544.00	2544.00	2544.00	2544.00	2544.00	2544.00	2544.00	2544.00	2544.00	2544.00	2544.00	2544.00	2544.00	2544.00	2544.00	2544.00	2544.00	2544.00	2544.00	2544.00	2544.00	2544.00	2544.00	2543.00	2543.00	2543.00	2543.00	2543.00	2543.00	2543.00	2543.00	2543.00	2543.00	2543.00	2543.00	2543.00	2543.00	2543.00	2543.00	2543.00	2543.00	2543.00	2543.00	2543.00	2543.00	2543.00	2543.00	2543.00	2543.00	2543.00	2543.00	2543.00	2543.00	2544.00	2544.00	2544.00	2544.00	2544.00	2544.00	2544.00	2544.00	2544.00	2544.00	2544.00	2544.00	2544.00	2544.00	2544.00	2544.00
2529.00	2530.00	2530.00	2530.00	2530.00	2530.00	2530.00	2530.00	2530.00	2530.00	2530.00	2530.00	2530.00	2530.00	2531.00	2531.00	2531.00	2531.00	2531.00	2531.00	2531.00	2531.00	2531.00	2531.00	2531.00	2531.00	2531.00	2531.00	2531.00	2531.00	2531.00	2531.00	2531.00	2531.00	2532.00	2532.00	2532.00	2532.00	2532.00	2532.00	2532.00	2532.00	2532.00	2532.00	2532.00	2532.00	2532.00	2532.00	2532.00	2532.00	2532.00	2532.00	2532.00	2532.00	2532.00	2532.00	2532.00	2532.00	2532.00	2532.00	2532.00	2532.00	2532.00	2532.00	2532.00	2532.00	2532.00	2533.00	2533.00	2533.00	2533.00	2533.00	2533.00	2533.00	2533.00	2533.00	2533.00	2533.00	2534.00	2534.00	2534.00	2534.00	2534.00	2534.00	2534.00	2534.00	2535.00	2535.00	2535.00	2535.00	2535.00	2536.00	2536.00	2536.00	2536.00	2536.00	2536.00	2536.00	2536.00	2537.00	2537.00	2537.00	2537.00	2537.00	2537.00	2538.00	2538.00	2538.00	2538.00	2538.00	2538.00	2539.00	2539.00	2539.00	2539.00	2539.00	2539.00	2539.00	2540.00	2540.00	2540.00	2540.00	2540.00	2540.00	2540.00	2541.00	2541.00	2541.00	2541.00	2541.00	2541.00	2541.00	2542.00	2542.00	2542.00	2542.00	2542.00	2542.00	2542.00	2543.00	2543.00	2543.00	2543.00	2543.00	2543.00	2543.00	2543.00	2543.00	2543.00	2544.00	2544.00	2544.00	2544.00	2544.00	2544.00	2544.00	2544.00	2544.00	2544.00	2544.00	2544.00	2544.00	2544.00	2544.00	2544.00	2544.00	2544.00	2544.00	2544.00	2544.00	2544.00	2544.00	2544.00	2544.00	2544.00	2544.00	2544.00	2544.00	2544.00	2544.00	2544.00	2544.00	2544.00	2544.00	2544.00	2544.00	2544.00	2544.00	2544.00	2544.00	2544.00	2544.00	2544.00	2544.00	2544.00	2544.00	2544.00	2544.00	2544.00	2544.00	2544.00	2544.00	2544.00	2544.00	2544.00	2544.00	2544.00	2544.00	2544.00	2544.00	2543.00	2543.00	2543.00	2543.00	2543.00	2543.00	2543.00	2543.00	2543.00	2543.00	2543.00	2543.00	2543.00	2543.00	2543.00	2543.00	2543.00	2543.00	2543.00	2543.00	2543.00	2543.00	2543.00	2543.00	2543.00	2543.00	2543.00	2543.00	2543.00	2543.00	2544.00	2544.00	2544.00	2544.00	2544.00	2544.00	2544.00	2544.00	2544.00	2544.00	2544.00	2544.00	2544.00	2544.00	2544.00	2544.00
2529.00	2530.00	2530.00	2530.00	2530.00	2530.00	2530.00	2530.00	2530.00	2530.00	2530.00	2530.00	2530.00	2530.00	2531.00	2531.00	2531.00	2531.00	2531.00	2531.00	2531.00	2531.00	2531.00	2531.00	2531.00	2531.00	2531.00	2531.00	2531.00	2531.00	2531.00	2531.00	2531.00	2531.00	2532.00	2532.00	2532.00	2532.00	2532.00	2532.00	2532.00	2532.00	2532.00	2532.00	2532.00	2532.00	2532.00	2532.00	2532.00	2532.00	2532.00	2532.00	2532.00	2532.00	2532.00	2532.00	2532.00	2532.00	2532.00	2532.00	2532.00	2532.00	2532.00	2532.00	2532.00	2532.00	2532.00	2533.00	2533.00	2533.00	2533.00	2533.00	2533.00	2533.00	2533.00	2533.00	2533.00	2533.00	2534.00	2534.00	2534.00	2534.00	2534.00	2534.00	2534.00	2534.00	2535.00	2535.00	2535.00	2535.00	2535.00	2536.00	2536.00	2536.00	2536.00	2536.00	2536.00	2536.00	2536.00	2537.00	2537.00	2537.00	2537.00	2537.00	2537.00	2538.00	2538.00	2538.00	2538.00	2538.00	2538.00	2539.00	2539.00	2539.00	2539.00	2539.00	2539.00	2539.00	2540.00	2540.00	2540.00	2540.00	2540.00	2540.00	2540.00	2541.00	2541.00	2541.00	2541.00	2541.00	2541.00	2541.00	2542.00	2542.00	2542.00	2542.00	2542.00	2542.00	2542.00	2543.00	2543.00	2543.00	2543.00	2543.00	2543.00	2543.00	2543.00	2543.00	2543.00	2544.00	2544.00	2544.00	2544.00	2544.00	2544.00	2544.00	2544.00	2544.00	2544.00	2544.00	2544.00	2544.00	2544.00	2544.00	2544.00	2544.00	2544.00	2544.00	2544.00	2544.00	2544.00	2544.00	2544.00	2544.00	2544.00	2544.00	2544.00	2544.00	2544.00	2544.00	2544.00	2544.00	2544.00	2544.00	2544.00	2544.00	2544.00	2544.00	2544.00	2544.00	2544.00	2544.00	2544.00	2544.00	2544.00	2544.00	2544.00	2544.00	2544.00	2544.00	2544.00	2544.00	2544.00	2544.00	2544.00	2544.00	2544.00	2544.00	2544.00	2544.00	2543.00	2543.00	2543.00	2543.00	2543.00	2543.00	2543.00	2543.00	2543.00	2543.00	2543.00	2543.00	2543.00	2543.00	2543.00	2543.00	2543.00	2543.00	2543.00	2543.00	2543.00	2543.00	2543.00	2543.00	2543.00	2543.00	2543.00	2543.00	2543.00	2543.00	2544.00	2544.00	2544.00	2544.00	2544.00	2544.00	2544.00	2544.00	2544.00	2544.00	2544.00	2544.00	2544.00	2544.00	2544.00	2544.00
2529.00	2530.00	2530.00	2530.00	2530.00	2530.00	2530.00	2530.00	2530.00	2530.00	2530.00	2530.00	2530.00	2530.00	2531.00	2531.00	2531.00	2531.00	2531.00	2531.00	2531.00	2531.00	2531.00	2531.00	2531.00	2531.00	2531.00	2531.00	2531.00	2531.00	2531.00	2531.00	2531.00	2531.00	2532.00	2532.00	2532.00	2532.00	2532.00	2532.00	2532.00	2532.00	2532.00	2532.00	2532.00	2532.00	2532.00	2532.00	2532.00	2532.00	2532.00	2532.00	2532.00	2532.00	2532.00	2532.00	2532.00	2532.00	2532.00	2532.00	2532.00	2532.00	2532.00	2532.00	2532.00	2532.00	2532.00	2533.00	2533.00	2533.00	2533.00	2533.00	2533.00	2533.00	2533.00	2533.00	2533.00	2533.00	2534.00	2534.00	2534.00	2534.00	2534.00	2534.00	2534.00	2534.00	2535.00	2535.00	2535.00	2535.00	2535.00	2536.00	2536.00	2536.00	2536.00	2536.00	2536.00	2536.00	2536.00	2537.00	2537.00	2537.00	2537.00	2537.00	2537.00	2538.00	2538.00	2538.00	2538.00	2538.00	2538.00	2539.00	2539.00	2539.00	2539.00	2539.00	2539.00	2539.00	2540.00	2540.00	2540.00	2540.00	2540.00	2540.00	2540.00	2541.00	2541.00	2541.00	2541.00	2541.00	2541.00	2541.00	2542.00	2542.00	2542.00	2542.00	2542.00	2542.00	2542.00	2543.00	2543.00	2543.00	2543.00	2543.00	2543.00	2543.00	2543.00	2543.00	2543.00	2544.00	2544.00	2544.00	2544.00	2544.00	2544.00	2544.00	2544.00	2544.00	2544.00	2544.00	2544.00	2544.00	2544.00	2544.00	2544.00	2544.00	2544.00	2544.00	2544.00	2544.00	2544.00	2544.00	2544.00	2544.00	2544.00	2544.00	2544.00	2544.00	2544.00	2544.00	2544.00	2544.00	2544.00	2544.00	2544.00	2544.00	2544.00	2544.00	2544.00	2544.00	2544.00	2544.00	2544.00	2544.00	2544.00	2544.00	2544.00	2544.00	2544.00	2544.00	2544.00	2544.00	2544.00	2544.00	2544.00	2544.00	2544.00	2544.00	2544.00	2544.00	2543.00	2543.00	2543.00	2543.00	2543.00	2543.00	2543.00	2543.00	2543.00	2543.00	2543.00	2543.00	2543.00	2543.00	2543.00	2543.00	2543.00	2543.00	2543.00	2543.00	2543.00	2543.00	2543.00	2543.00	2543.00	2543.00	2543.00	2543.00	2543.00	2543.00	2544.00	2544.00	2544.00	2544.00	2544.00	2544.00	2544.00	2544.00	2544.00	2544.00	2544.00	2544.00	2544.00	2544.00	2544.00	2544.00
2531.00	2531.00	2531.00	2531.00	2531.00	2531.00	2531.00	2531.00	2531.00	2531.00	2531.00	2531.00	2531.00	2531.00	2532.00	2532.00	2532.00	2532.00	2532.00	2532.00	2532.00	2532.00	2532.00	2532.00	2532.00	2532.00	2532.00	2532.00	2532.00	2532.00	2532.00	2532.00	2532.00	2532.00	2533.00	2533.00	2533.00	2533.00	2533.00	2533.00	2533.00	2533.00	2533.00	2533.00	2533.00	2533.00	2533.00	2533.00	2533.00	2534.00	2534.00	2534.00	2534.00	2534.00	2534.00	2534.00	2534.00	2534.00	2534.00	2534.00	2535.00	2535.00	2535.00	2535.00	2535.00	2535.00	2535.00	2535.00	2535.00	2535.00	2536.00	2536.00	2536.00	2536.00	2536.00	2536.00	2536.00	2536.00	2536.00	2537.00	2537.00	2537.00	2537.00	2537.00	2537.00	2537.00	2537.00	2538.00	2538.00	2538.00	2538.00	2538.00	2538.00	2539.00	2539.00	2539.00	2539.00	2539.00	2539.00	2540.00	2540.00	2540.00	2540.00	2540.00	2540.00	2540.00	2540.00	2541.00	2541.00	2541.00	2541.00	2541.00	2541.00	2542.00	2542.00	2542.00	2542.00	2542.00	2543.00	2543.00	2543.00	2543.00	2543.00	2543.00	2543.00	2543.00	2543.00	2544.00	2544.00	2544.00	2544.00	2544.00	2545.00	2545.00	2545.00	2545.00	2545.00	2545.00	2545.00	2545.00	2545.00	2546.00	2546.00	2546.00	2546.00	2546.00	2546.00	2546.00	2546.00	2546.00	2546.00	2546.00	2546.00	2546.00	2546.00	2546.00	2546.00	2546.00	2547.00	2547.00	2547.00	2547.00	2547.00	2547.00	2547.00	2547.00	2547.00	2547.00	2547.00	2547.00	2547.00	2547.00	2547.00	2547.00	2547.00	2547.00	2547.00	2547.00	2547.00	2547.00	2547.00	2547.00	2547.00	2547.00	2547.00	2547.00	2547.00	2546.00	2546.00	2546.00	2546.00	2546.00	2546.00	2546.00	2546.00	2546.00	2546.00	2546.00	2546.00	2546.00	2546.00	2546.00	2546.00	2545.00	2545.00	2545.00	2545.00	2545.00	2545.00	2545.00	2545.00	2545.00	2545.00	2545.00	2545.00	2545.00	2544.00	2544.00	2544.00	2544.00	2544.00	2544.00	2544.00	2544.00	2544.00	2544.00	2544.00	2544.00	2544.00	2544.00	2544.00	2544.00	2544.00	2544.00	2544.00	2544.00	2544.00	2544.00	2544.00	2544.00	2544.00	2544.00	2544.00	2544.00	2544.00	2544.00	2544.00	2544.00	2544.00	2544.00	2544.00	2544.00	2544.00	2544.00	2544.00	2544.00
2531.00	2531.00	2531.00	2531.00	2531.00	2531.00	2531.00	2531.00	2531.00	2531.00	2531.00	2531.00	2531.00	2531.00	2532.00	2532.00	2532.00	2532.00	2532.00	2532.00	2532.00	2532.00	2532.00	2532.00	2532.00	2532.00	2532.00	2532.00	2532.00	2532.00	2532.00	2532.00	2532.00	2532.00	2533.00	2533.00	2533.00	2533.00	2533.00	2533.00	2533.00	2533.00	2533.00	2533.00	2533.00	2533.00	2533.00	2533.00	2533.00	2534.00	2534.00	2534.00	2534.00	2534.00	2534.00	2534.00	2534.00	2534.00	2534.00	2534.00	2535.00	2535.00	2535.00	2535.00	2535.00	2535.00	2535.00	2535.00	2535.00	2535.00	2536.00	2536.00	2536.00	2536.00	2536.00	2536.00	2536.00	2536.00	2536.00	2537.00	2537.00	2537.00	2537.00	2537.00	2537.00	2537.00	2537.00	2538.00	2538.00	2538.00	2538.00	2538.00	2538.00	2539.00	2539.00	2539.00	2539.00	2539.00	2539.00	2540.00	2540.00	2540.00	2540.00	2540.00	2540.00	2540.00	2540.00	2541.00	2541.00	2541.00	2541.00	2541.00	2541.00	2542.00	2542.00	2542.00	2542.00	2542.00	2543.00	2543.00	2543.00	2543.00	2543.00	2543.00	2543.00	2543.00	2543.00	2544.00	2544.00	2544.00	2544.00	2544.00	2545.00	2545.00	2545.00	2545.00	2545.00	2545.00	2545.00	2545.00	2545.00	2546.00	2546.00	2546.00	2546.00	2546.00	2546.00	2546.00	2546.00	2546.00	2546.00	2546.00	2546.00	2546.00	2546.00	2546.00	2546.00	2546.00	2547.00	2547.00	2547.00	2547.00	2547.00	2547.00	2547.00	2547.00	2547.00	2547.00	2547.00	2547.00	2547.00	2547.00	2547.00	2547.00	2547.00	2547.00	2547.00	2547.00	2547.00	2547.00	2547.00	2547.00	2547.00	2547.00	2547.00	2547.00	2547.00	2546.00	2546.00	2546.00	2546.00	2546.00	2546.00	2546.00	2546.00	2546.00	2546.00	2546.00	2546.00	2546.00	2546.00	2546.00	2546.00	2545.00	2545.00	2545.00	2545.00	2545.00	2545.00	2545.00	2545.00	2545.00	2545.00	2545.00	2545.00	2545.00	2544.00	2544.00	2544.00	2544.00	2544.00	2544.00	2544.00	2544.00	2544.00	2544.00	2544.00	2544.00	2544.00	2544.00	2544.00	2544.00	2544.00	2544.00	2544.00	2544.00	2544.00	2544.00	2544.00	2544.00	2544.00	2544.00	2544.00	2544.00	2544.00	2544.00	2544.00	2544.00	2544.00	2544.00	2544.00	2544.00	2544.00	2544.00	2544.00	2544.00
2531.00	2531.00	2531.00	2531.00	2531.00	2531.00	2531.00	2531.00	2531.00	2531.00	2531.00	2531.00	2531.00	2531.00	2532.00	2532.00	2532.00	2532.00	2532.00	2532.00	2532.00	2532.00	2532.00	2532.00	2532.00	2532.00	2532.00	2532.00	2532.00	2532.00	2532.00	2532.00	2532.00	2532.00	2533.00	2533.00	2533.00	2533.00	2533.00	2533.00	2533.00	2533.00	2533.00	2533.00	2533.00	2533.00	2533.00	2533.00	2533.00	2534.00	2534.00	2534.00	2534.00	2534.00	2534.00	2534.00	2534.00	2534.00	2534.00	2534.00	2535.00	2535.00	2535.00	2535.00	2535.00	2535.00	2535.00	2535.00	2535.00	2535.00	2536.00	2536.00	2536.00	2536.00	2536.00	2536.00	2536.00	2536.00	2536.00	2537.00	2537.00	2537.00	2537.00	2537.00	2537.00	2537.00	2537.00	2538.00	2538.00	2538.00	2538.00	2538.00	2538.00	2539.00	2539.00	2539.00	2539.00	2539.00	2539.00	2540.00	2540.00	2540.00	2540.00	2540.00	2540.00	2540.00	2540.00	2541.00	2541.00	2541.00	2541.00	2541.00	2541.00	2542.00	2542.00	2542.00	2542.00	2542.00	2543.00	2543.00	2543.00	2543.00	2543.00	2543.00	2543.00	2543.00	2543.00	2544.00	2544.00	2544.00	2544.00	2544.00	2545.00	2545.00	2545.00	2545.00	2545.00	2545.00	2545.00	2545.00	2545.00	2546.00	2546.00	2546.00	2546.00	2546.00	2546.00	2546.00	2546.00	2546.00	2546.00	2546.00	2546.00	2546.00	2546.00	2546.00	2546.00	2546.00	2547.00	2547.00	2547.00	2547.00	2547.00	2547.00	2547.00	2547.00	2547.00	2547.00	2547.00	2547.00	2547.00	2547.00	2547.00	2547.00	2547.00	2547.00	2547.00	2547.00	2547.00	2547.00	2547.00	2547.00	2547.00	2547.00	2547.00	2547.00	2547.00	2546.00	2546.00	2546.00	2546.00	2546.00	2546.00	2546.00	2546.00	2546.00	2546.00	2546.00	2546.00	2546.00	2546.00	2546.00	2546.00	2545.00	2545.00	2545.00	2545.00	2545.00	2545.00	2545.00	2545.00	2545.00	2545.00	2545.00	2545.00	2545.00	2544.00	2544.00	2544.00	2544.00	2544.00	2544.00	2544.00	2544.00	2544.00	2544.00	2544.00	2544.00	2544.00	2544.00	2544.00	2544.00	2544.00	2544.00	2544.00	2544.00	2544.00	2544.00	2544.00	2544.00	2544.00	2544.00	2544.00	2544.00	2544.00	2544.00	2544.00	2544.00	2544.00	2544.00	2544.00	2544.00	2544.00	2544.00	2544.00	2544.00
2531.00	2531.00	2531.00	2531.00	2531.00	2531.00	2531.00	2531.00	2531.00	2531.00	2531.00	2531.00	2531.00	2531.00	2532.00	2532.00	2532.00	2532.00	2532.00	2532.00	2532.00	2532.00	2532.00	2532.00	2532.00	2532.00	2532.00	2532.00	2532.00	2532.00	2532.00	2532.00	2532.00	2532.00	2533.00	2533.00	2533.00	2533.00	2533.00	2533.00	2533.00	2533.00	2533.00	2533.00	2533.00	2533.00	2533.00	2533.00	2533.00	2534.00	2534.00	2534.00	2534.00	2534.00	2534.00	2534.00	2534.00	2534.00	2534.00	2534.00	2535.00	2535.00	2535.00	2535.00	2535.00	2535.00	2535.00	2535.00	2535.00	2535.00	2536.00	2536.00	2536.00	2536.00	2536.00	2536.00	2536.00	2536.00	2536.00	2537.00	2537.00	2537.00	2537.00	2537.00	2537.00	2537.00	2537.00	2538.00	2538.00	2538.00	2538.00	2538.00	2538.00	2539.00	2539.00	2539.00	2539.00	2539.00	2539.00	2540.00	2540.00	2540.00	2540.00	2540.00	2540.00	2540.00	2540.00	2541.00	2541.00	2541.00	2541.00	2541.00	2541.00	2542.00	2542.00	2542.00	2542.00	2542.00	2543.00	2543.00	2543.00	2543.00	2543.00	2543.00	2543.00	2543.00	2543.00	2544.00	2544.00	2544.00	2544.00	2544.00	2545.00	2545.00	2545.00	2545.00	2545.00	2545.00	2545.00	2545.00	2545.00	2546.00	2546.00	2546.00	2546.00	2546.00	2546.00	2546.00	2546.00	2546.00	2546.00	2546.00	2546.00	2546.00	2546.00	2546.00	2546.00	2546.00	2547.00	2547.00	2547.00	2547.00	2547.00	2547.00	2547.00	2547.00	2547.00	2547.00	2547.00	2547.00	2547.00	2547.00	2547.00	2547.00	2547.00	2547.00	2547.00	2547.00	2547.00	2547.00	2547.00	2547.00	2547.00	2547.00	2547.00	2547.00	2547.00	2546.00	2546.00	2546.00	2546.00	2546.00	2546.00	2546.00	2546.00	2546.00	2546.00	2546.00	2546.00	2546.00	2546.00	2546.00	2546.00	2545.00	2545.00	2545.00	2545.00	2545.00	2545.00	2545.00	2545.00	2545.00	2545.00	2545.00	2545.00	2545.00	2544.00	2544.00	2544.00	2544.00	2544.00	2544.00	2544.00	2544.00	2544.00	2544.00	2544.00	2544.00	2544.00	2544.00	2544.00	2544.00	2544.00	2544.00	2544.00	2544.00	2544.00	2544.00	2544.00	2544.00	2544.00	2544.00	2544.00	2544.00	2544.00	2544.00	2544.00	2544.00	2544.00	2544.00	2544.00	2544.00	2544.00	2544.00	2544.00	2544.00
2531.00	2531.00	2531.00	2531.00	2531.00	2531.00	2531.00	2531.00	2531.00	2531.00	2531.00	2531.00	2531.00	2531.00	2532.00	2532.00	2532.00	2532.00	2532.00	2532.00	2532.00	2532.00	2532.00	2532.00	2532.00	2532.00	2532.00	2532.00	2532.00	2532.00	2532.00	2532.00	2532.00	2532.00	2533.00	2533.00	2533.00	2533.00	2533.00	2533.00	2533.00	2533.00	2533.00	2533.00	2533.00	2533.00	2533.00	2533.00	2533.00	2534.00	2534.00	2534.00	2534.00	2534.00	2534.00	2534.00	2534.00	2534.00	2534.00	2534.00	2535.00	2535.00	2535.00	2535.00	2535.00	2535.00	2535.00	2535.00	2535.00	2535.00	2536.00	2536.00	2536.00	2536.00	2536.00	2536.00	2536.00	2536.00	2536.00	2537.00	2537.00	2537.00	2537.00	2537.00	2537.00	2537.00	2537.00	2538.00	2538.00	2538.00	2538.00	2538.00	2538.00	2539.00	2539.00	2539.00	2539.00	2539.00	2539.00	2540.00	2540.00	2540.00	2540.00	2540.00	2540.00	2540.00	2540.00	2541.00	2541.00	2541.00	2541.00	2541.00	2541.00	2542.00	2542.00	2542.00	2542.00	2542.00	2543.00	2543.00	2543.00	2543.00	2543.00	2543.00	2543.00	2543.00	2543.00	2544.00	2544.00	2544.00	2544.00	2544.00	2545.00	2545.00	2545.00	2545.00	2545.00	2545.00	2545.00	2545.00	2545.00	2546.00	2546.00	2546.00	2546.00	2546.00	2546.00	2546.00	2546.00	2546.00	2546.00	2546.00	2546.00	2546.00	2546.00	2546.00	2546.00	2546.00	2547.00	2547.00	2547.00	2547.00	2547.00	2547.00	2547.00	2547.00	2547.00	2547.00	2547.00	2547.00	2547.00	2547.00	2547.00	2547.00	2547.00	2547.00	2547.00	2547.00	2547.00	2547.00	2547.00	2547.00	2547.00	2547.00	2547.00	2547.00	2547.00	2546.00	2546.00	2546.00	2546.00	2546.00	2546.00	2546.00	2546.00	2546.00	2546.00	2546.00	2546.00	2546.00	2546.00	2546.00	2546.00	2545.00	2545.00	2545.00	2545.00	2545.00	2545.00	2545.00	2545.00	2545.00	2545.00	2545.00	2545.00	2545.00	2544.00	2544.00	2544.00	2544.00	2544.00	2544.00	2544.00	2544.00	2544.00	2544.00	2544.00	2544.00	2544.00	2544.00	2544.00	2544.00	2544.00	2544.00	2544.00	2544.00	2544.00	2544.00	2544.00	2544.00	2544.00	2544.00	2544.00	2544.00	2544.00	2544.00	2544.00	2544.00	2544.00	2544.00	2544.00	2544.00	2544.00	2544.00	2544.00	2544.00
2531.00	2531.00	2531.00	2531.00	2531.00	2531.00	2531.00	2531.00	2531.00	2531.00	2531.00	2531.00	2531.00	2531.00	2532.00	2532.00	2532.00	2532.00	2532.00	2532.00	2532.00	2532.00	2532.00	2532.00	2532.00	2532.00	2532.00	2532.00	2532.00	2532.00	2532.00	2532.00	2532.00	2532.00	2533.00	2533.00	2533.00	2533.00	2533.00	2533.00	2533.00	2533.00	2533.00	2533.00	2533.00	2533.00	2533.00	2533.00	2533.00	2534.00	2534.00	2534.00	2534.00	2534.00	2534.00	2534.00	2534.00	2534.00	2534.00	2534.00	2535.00	2535.00	2535.00	2535.00	2535.00	2535.00	2535.00	2535.00	2535.00	2535.00	2536.00	2536.00	2536.00	2536.00	2536.00	2536.00	2536.00	2536.00	2536.00	2537.00	2537.00	2537.00	2537.00	2537.00	2537.00	2537.00	2537.00	2538.00	2538.00	2538.00	2538.00	2538.00	2538.00	2539.00	2539.00	2539.00	2539.00	2539.00	2539.00	2540.00	2540.00	2540.00	2540.00	2540.00	2540.00	2540.00	2540.00	2541.00	2541.00	2541.00	2541.00	2541.00	2541.00	2542.00	2542.00	2542.00	2542.00	2542.00	2543.00	2543.00	2543.00	2543.00	2543.00	2543.00	2543.00	2543.00	2543.00	2544.00	2544.00	2544.00	2544.00	2544.00	2545.00	2545.00	2545.00	2545.00	2545.00	2545.00	2545.00	2545.00	2545.00	2546.00	2546.00	2546.00	2546.00	2546.00	2546.00	2546.00	2546.00	2546.00	2546.00	2546.00	2546.00	2546.00	2546.00	2546.00	2546.00	2546.00	2547.00	2547.00	2547.00	2547.00	2547.00	2547.00	2547.00	2547.00	2547.00	2547.00	2547.00	2547.00	2547.00	2547.00	2547.00	2547.00	2547.00	2547.00	2547.00	2547.00	2547.00	2547.00	2547.00	2547.00	2547.00	2547.00	2547.00	2547.00	2547.00	2546.00	2546.00	2546.00	2546.00	2546.00	2546.00	2546.00	2546.00	2546.00	2546.00	2546.00	2546.00	2546.00	2546.00	2546.00	2546.00	2545.00	2545.00	2545.00	2545.00	2545.00	2545.00	2545.00	2545.00	2545.00	2545.00	2545.00	2545.00	2545.00	2544.00	2544.00	2544.00	2544.00	2544.00	2544.00	2544.00	2544.00	2544.00	2544.00	2544.00	2544.00	2544.00	2544.00	2544.00	2544.00	2544.00	2544.00	2544.00	2544.00	2544.00	2544.00	2544.00	2544.00	2544.00	2544.00	2544.00	2544.00	2544.00	2544.00	2544.00	2544.00	2544.00	2544.00	2544.00	2544.00	2544.00	2544.00	2544.00	2544.00
2531.00	2531.00	2531.00	2531.00	2531.00	2531.00	2531.00	2531.00	2531.00	2531.00	2531.00	2531.00	2531.00	2531.00	2532.00	2532.00	2532.00	2532.00	2532.00	2532.00	2532.00	2532.00	2532.00	2532.00	2532.00	2532.00	2532.00	2532.00	2532.00	2532.00	2532.00	2532.00	2532.00	2532.00	2533.00	2533.00	2533.00	2533.00	2533.00	2533.00	2533.00	2533.00	2533.00	2533.00	2533.00	2533.00	2533.00	2533.00	2533.00	2534.00	2534.00	2534.00	2534.00	2534.00	2534.00	2534.00	2534.00	2534.00	2534.00	2534.00	2535.00	2535.00	2535.00	2535.00	2535.00	2535.00	2535.00	2535.00	2535.00	2535.00	2536.00	2536.00	2536.00	2536.00	2536.00	2536.00	2536.00	2536.00	2536.00	2537.00	2537.00	2537.00	2537.00	2537.00	2537.00	2537.00	2537.00	2538.00	2538.00	2538.00	2538.00	2538.00	2538.00	2539.00	2539.00	2539.00	2539.00	2539.00	2539.00	2540.00	2540.00	2540.00	2540.00	2540.00	2540.00	2540.00	2540.00	2541.00	2541.00	2541.00	2541.00	2541.00	2541.00	2542.00	2542.00	2542.00	2542.00	2542.00	2543.00	2543.00	2543.00	2543.00	2543.00	2543.00	2543.00	2543.00	2543.00	2544.00	2544.00	2544.00	2544.00	2544.00	2545.00	2545.00	2545.00	2545.00	2545.00	2545.00	2545.00	2545.00	2545.00	2546.00	2546.00	2546.00	2546.00	2546.00	2546.00	2546.00	2546.00	2546.00	2546.00	2546.00	2546.00	2546.00	2546.00	2546.00	2546.00	2546.00	2547.00	2547.00	2547.00	2547.00	2547.00	2547.00	2547.00	2547.00	2547.00	2547.00	2547.00	2547.00	2547.00	2547.00	2547.00	2547.00	2547.00	2547.00	2547.00	2547.00	2547.00	2547.00	2547.00	2547.00	2547.00	2547.00	2547.00	2547.00	2547.00	2546.00	2546.00	2546.00	2546.00	2546.00	2546.00	2546.00	2546.00	2546.00	2546.00	2546.00	2546.00	2546.00	2546.00	2546.00	2546.00	2545.00	2545.00	2545.00	2545.00	2545.00	2545.00	2545.00	2545.00	2545.00	2545.00	2545.00	2545.00	2545.00	2544.00	2544.00	2544.00	2544.00	2544.00	2544.00	2544.00	2544.00	2544.00	2544.00	2544.00	2544.00	2544.00	2544.00	2544.00	2544.00	2544.00	2544.00	2544.00	2544.00	2544.00	2544.00	2544.00	2544.00	2544.00	2544.00	2544.00	2544.00	2544.00	2544.00	2544.00	2544.00	2544.00	2544.00	2544.00	2544.00	2544.00	2544.00	2544.00	2544.00
2531.00	2531.00	2531.00	2531.00	2531.00	2531.00	2531.00	2531.00	2531.00	2531.00	2531.00	2531.00	2531.00	2531.00	2532.00	2532.00	2532.00	2532.00	2532.00	2532.00	2532.00	2532.00	2532.00	2532.00	2532.00	2532.00	2532.00	2532.00	2532.00	2532.00	2532.00	2532.00	2532.00	2532.00	2533.00	2533.00	2533.00	2533.00	2533.00	2533.00	2533.00	2533.00	2533.00	2533.00	2533.00	2533.00	2533.00	2533.00	2533.00	2534.00	2534.00	2534.00	2534.00	2534.00	2534.00	2534.00	2534.00	2534.00	2534.00	2534.00	2535.00	2535.00	2535.00	2535.00	2535.00	2535.00	2535.00	2535.00	2535.00	2535.00	2536.00	2536.00	2536.00	2536.00	2536.00	2536.00	2536.00	2536.00	2536.00	2537.00	2537.00	2537.00	2537.00	2537.00	2537.00	2537.00	2537.00	2538.00	2538.00	2538.00	2538.00	2538.00	2538.00	2539.00	2539.00	2539.00	2539.00	2539.00	2539.00	2540.00	2540.00	2540.00	2540.00	2540.00	2540.00	2540.00	2540.00	2541.00	2541.00	2541.00	2541.00	2541.00	2541.00	2542.00	2542.00	2542.00	2542.00	2542.00	2543.00	2543.00	2543.00	2543.00	2543.00	2543.00	2543.00	2543.00	2543.00	2544.00	2544.00	2544.00	2544.00	2544.00	2545.00	2545.00	2545.00	2545.00	2545.00	2545.00	2545.00	2545.00	2545.00	2546.00	2546.00	2546.00	2546.00	2546.00	2546.00	2546.00	2546.00	2546.00	2546.00	2546.00	2546.00	2546.00	2546.00	2546.00	2546.00	2546.00	2547.00	2547.00	2547.00	2547.00	2547.00	2547.00	2547.00	2547.00	2547.00	2547.00	2547.00	2547.00	2547.00	2547.00	2547.00	2547.00	2547.00	2547.00	2547.00	2547.00	2547.00	2547.00	2547.00	2547.00	2547.00	2547.00	2547.00	2547.00	2547.00	2546.00	2546.00	2546.00	2546.00	2546.00	2546.00	2546.00	2546.00	2546.00	2546.00	2546.00	2546.00	2546.00	2546.00	2546.00	2546.00	2545.00	2545.00	2545.00	2545.00	2545.00	2545.00	2545.00	2545.00	2545.00	2545.00	2545.00	2545.00	2545.00	2544.00	2544.00	2544.00	2544.00	2544.00	2544.00	2544.00	2544.00	2544.00	2544.00	2544.00	2544.00	2544.00	2544.00	2544.00	2544.00	2544.00	2544.00	2544.00	2544.00	2544.00	2544.00	2544.00	2544.00	2544.00	2544.00	2544.00	2544.00	2544.00	2544.00	2544.00	2544.00	2544.00	2544.00	2544.00	2544.00	2544.00	2544.00	2544.00	2544.00
2531.00	2531.00	2531.00	2531.00	2531.00	2531.00	2531.00	2531.00	2531.00	2531.00	2531.00	2531.00	2531.00	2531.00	2532.00	2532.00	2532.00	2532.00	2532.00	2532.00	2532.00	2532.00	2532.00	2532.00	2532.00	2532.00	2532.00	2532.00	2532.00	2532.00	2532.00	2532.00	2532.00	2532.00	2533.00	2533.00	2533.00	2533.00	2533.00	2533.00	2533.00	2533.00	2533.00	2533.00	2533.00	2533.00	2533.00	2533.00	2533.00	2534.00	2534.00	2534.00	2534.00	2534.00	2534.00	2534.00	2534.00	2534.00	2534.00	2534.00	2535.00	2535.00	2535.00	2535.00	2535.00	2535.00	2535.00	2535.00	2535.00	2535.00	2536.00	2536.00	2536.00	2536.00	2536.00	2536.00	2536.00	2536.00	2536.00	2537.00	2537.00	2537.00	2537.00	2537.00	2537.00	2537.00	2537.00	2538.00	2538.00	2538.00	2538.00	2538.00	2538.00	2539.00	2539.00	2539.00	2539.00	2539.00	2539.00	2540.00	2540.00	2540.00	2540.00	2540.00	2540.00	2540.00	2540.00	2541.00	2541.00	2541.00	2541.00	2541.00	2541.00	2542.00	2542.00	2542.00	2542.00	2542.00	2543.00	2543.00	2543.00	2543.00	2543.00	2543.00	2543.00	2543.00	2543.00	2544.00	2544.00	2544.00	2544.00	2544.00	2545.00	2545.00	2545.00	2545.00	2545.00	2545.00	2545.00	2545.00	2545.00	2546.00	2546.00	2546.00	2546.00	2546.00	2546.00	2546.00	2546.00	2546.00	2546.00	2546.00	2546.00	2546.00	2546.00	2546.00	2546.00	2546.00	2547.00	2547.00	2547.00	2547.00	2547.00	2547.00	2547.00	2547.00	2547.00	2547.00	2547.00	2547.00	2547.00	2547.00	2547.00	2547.00	2547.00	2547.00	2547.00	2547.00	2547.00	2547.00	2547.00	2547.00	2547.00	2547.00	2547.00	2547.00	2547.00	2546.00	2546.00	2546.00	2546.00	2546.00	2546.00	2546.00	2546.00	2546.00	2546.00	2546.00	2546.00	2546.00	2546.00	2546.00	2546.00	2545.00	2545.00	2545.00	2545.00	2545.00	2545.00	2545.00	2545.00	2545.00	2545.00	2545.00	2545.00	2545.00	2544.00	2544.00	2544.00	2544.00	2544.00	2544.00	2544.00	2544.00	2544.00	2544.00	2544.00	2544.00	2544.00	2544.00	2544.00	2544.00	2544.00	2544.00	2544.00	2544.00	2544.00	2544.00	2544.00	2544.00	2544.00	2544.00	2544.00	2544.00	2544.00	2544.00	2544.00	2544.00	2544.00	2544.00	2544.00	2544.00	2544.00	2544.00	2544.00	2544.00
2531.00	2531.00	2531.00	2531.00	2531.00	2531.00	2531.00	2531.00	2531.00	2531.00	2531.00	2531.00	2531.00	2531.00	2532.00	2532.00	2532.00	2532.00	2532.00	2532.00	2532.00	2532.00	2532.00	2532.00	2532.00	2532.00	2532.00	2532.00	2532.00	2532.00	2532.00	2532.00	2532.00	2532.00	2533.00	2533.00	2533.00	2533.00	2533.00	2533.00	2533.00	2533.00	2533.00	2533.00	2533.00	2533.00	2533.00	2533.00	2533.00	2534.00	2534.00	2534.00	2534.00	2534.00	2534.00	2534.00	2534.00	2534.00	2534.00	2534.00	2535.00	2535.00	2535.00	2535.00	2535.00	2535.00	2535.00	2535.00	2535.00	2535.00	2536.00	2536.00	2536.00	2536.00	2536.00	2536.00	2536.00	2536.00	2536.00	2537.00	2537.00	2537.00	2537.00	2537.00	2537.00	2537.00	2537.00	2538.00	2538.00	2538.00	2538.00	2538.00	2538.00	2539.00	2539.00	2539.00	2539.00	2539.00	2539.00	2540.00	2540.00	2540.00	2540.00	2540.00	2540.00	2540.00	2540.00	2541.00	2541.00	2541.00	2541.00	2541.00	2541.00	2542.00	2542.00	2542.00	2542.00	2542.00	2543.00	2543.00	2543.00	2543.00	2543.00	2543.00	2543.00	2543.00	2543.00	2544.00	2544.00	2544.00	2544.00	2544.00	2545.00	2545.00	2545.00	2545.00	2545.00	2545.00	2545.00	2545.00	2545.00	2546.00	2546.00	2546.00	2546.00	2546.00	2546.00	2546.00	2546.00	2546.00	2546.00	2546.00	2546.00	2546.00	2546.00	2546.00	2546.00	2546.00	2547.00	2547.00	2547.00	2547.00	2547.00	2547.00	2547.00	2547.00	2547.00	2547.00	2547.00	2547.00	2547.00	2547.00	2547.00	2547.00	2547.00	2547.00	2547.00	2547.00	2547.00	2547.00	2547.00	2547.00	2547.00	2547.00	2547.00	2547.00	2547.00	2546.00	2546.00	2546.00	2546.00	2546.00	2546.00	2546.00	2546.00	2546.00	2546.00	2546.00	2546.00	2546.00	2546.00	2546.00	2546.00	2545.00	2545.00	2545.00	2545.00	2545.00	2545.00	2545.00	2545.00	2545.00	2545.00	2545.00	2545.00	2545.00	2544.00	2544.00	2544.00	2544.00	2544.00	2544.00	2544.00	2544.00	2544.00	2544.00	2544.00	2544.00	2544.00	2544.00	2544.00	2544.00	2544.00	2544.00	2544.00	2544.00	2544.00	2544.00	2544.00	2544.00	2544.00	2544.00	2544.00	2544.00	2544.00	2544.00	2544.00	2544.00	2544.00	2544.00	2544.00	2544.00	2544.00	2544.00	2544.00	2544.00
2531.00	2531.00	2531.00	2531.00	2531.00	2531.00	2531.00	2531.00	2531.00	2531.00	2531.00	2531.00	2531.00	2531.00	2532.00	2532.00	2532.00	2532.00	2532.00	2532.00	2532.00	2532.00	2532.00	2532.00	2532.00	2532.00	2532.00	2532.00	2532.00	2532.00	2532.00	2532.00	2532.00	2532.00	2533.00	2533.00	2533.00	2533.00	2533.00	2533.00	2533.00	2533.00	2533.00	2533.00	2533.00	2533.00	2533.00	2533.00	2533.00	2534.00	2534.00	2534.00	2534.00	2534.00	2534.00	2534.00	2534.00	2534.00	2534.00	2534.00	2535.00	2535.00	2535.00	2535.00	2535.00	2535.00	2535.00	2535.00	2535.00	2535.00	2536.00	2536.00	2536.00	2536.00	2536.00	2536.00	2536.00	2536.00	2536.00	2537.00	2537.00	2537.00	2537.00	2537.00	2537.00	2537.00	2537.00	2538.00	2538.00	2538.00	2538.00	2538.00	2538.00	2539.00	2539.00	2539.00	2539.00	2539.00	2539.00	2540.00	2540.00	2540.00	2540.00	2540.00	2540.00	2540.00	2540.00	2541.00	2541.00	2541.00	2541.00	2541.00	2541.00	2542.00	2542.00	2542.00	2542.00	2542.00	2543.00	2543.00	2543.00	2543.00	2543.00	2543.00	2543.00	2543.00	2543.00	2544.00	2544.00	2544.00	2544.00	2544.00	2545.00	2545.00	2545.00	2545.00	2545.00	2545.00	2545.00	2545.00	2545.00	2546.00	2546.00	2546.00	2546.00	2546.00	2546.00	2546.00	2546.00	2546.00	2546.00	2546.00	2546.00	2546.00	2546.00	2546.00	2546.00	2546.00	2547.00	2547.00	2547.00	2547.00	2547.00	2547.00	2547.00	2547.00	2547.00	2547.00	2547.00	2547.00	2547.00	2547.00	2547.00	2547.00	2547.00	2547.00	2547.00	2547.00	2547.00	2547.00	2547.00	2547.00	2547.00	2547.00	2547.00	2547.00	2547.00	2546.00	2546.00	2546.00	2546.00	2546.00	2546.00	2546.00	2546.00	2546.00	2546.00	2546.00	2546.00	2546.00	2546.00	2546.00	2546.00	2545.00	2545.00	2545.00	2545.00	2545.00	2545.00	2545.00	2545.00	2545.00	2545.00	2545.00	2545.00	2545.00	2544.00	2544.00	2544.00	2544.00	2544.00	2544.00	2544.00	2544.00	2544.00	2544.00	2544.00	2544.00	2544.00	2544.00	2544.00	2544.00	2544.00	2544.00	2544.00	2544.00	2544.00	2544.00	2544.00	2544.00	2544.00	2544.00	2544.00	2544.00	2544.00	2544.00	2544.00	2544.00	2544.00	2544.00	2544.00	2544.00	2544.00	2544.00	2544.00	2544.00
2531.00	2531.00	2531.00	2531.00	2531.00	2531.00	2531.00	2531.00	2531.00	2531.00	2531.00	2531.00	2531.00	2531.00	2532.00	2532.00	2532.00	2532.00	2532.00	2532.00	2532.00	2532.00	2532.00	2532.00	2532.00	2532.00	2532.00	2532.00	2532.00	2532.00	2532.00	2532.00	2532.00	2532.00	2533.00	2533.00	2533.00	2533.00	2533.00	2533.00	2533.00	2533.00	2533.00	2533.00	2533.00	2533.00	2533.00	2533.00	2533.00	2534.00	2534.00	2534.00	2534.00	2534.00	2534.00	2534.00	2534.00	2534.00	2534.00	2534.00	2535.00	2535.00	2535.00	2535.00	2535.00	2535.00	2535.00	2535.00	2535.00	2535.00	2536.00	2536.00	2536.00	2536.00	2536.00	2536.00	2536.00	2536.00	2536.00	2537.00	2537.00	2537.00	2537.00	2537.00	2537.00	2537.00	2537.00	2538.00	2538.00	2538.00	2538.00	2538.00	2538.00	2539.00	2539.00	2539.00	2539.00	2539.00	2539.00	2540.00	2540.00	2540.00	2540.00	2540.00	2540.00	2540.00	2540.00	2541.00	2541.00	2541.00	2541.00	2541.00	2541.00	2542.00	2542.00	2542.00	2542.00	2542.00	2543.00	2543.00	2543.00	2543.00	2543.00	2543.00	2543.00	2543.00	2543.00	2544.00	2544.00	2544.00	2544.00	2544.00	2545.00	2545.00	2545.00	2545.00	2545.00	2545.00	2545.00	2545.00	2545.00	2546.00	2546.00	2546.00	2546.00	2546.00	2546.00	2546.00	2546.00	2546.00	2546.00	2546.00	2546.00	2546.00	2546.00	2546.00	2546.00	2546.00	2547.00	2547.00	2547.00	2547.00	2547.00	2547.00	2547.00	2547.00	2547.00	2547.00	2547.00	2547.00	2547.00	2547.00	2547.00	2547.00	2547.00	2547.00	2547.00	2547.00	2547.00	2547.00	2547.00	2547.00	2547.00	2547.00	2547.00	2547.00	2547.00	2546.00	2546.00	2546.00	2546.00	2546.00	2546.00	2546.00	2546.00	2546.00	2546.00	2546.00	2546.00	2546.00	2546.00	2546.00	2546.00	2545.00	2545.00	2545.00	2545.00	2545.00	2545.00	2545.00	2545.00	2545.00	2545.00	2545.00	2545.00	2545.00	2544.00	2544.00	2544.00	2544.00	2544.00	2544.00	2544.00	2544.00	2544.00	2544.00	2544.00	2544.00	2544.00	2544.00	2544.00	2544.00	2544.00	2544.00	2544.00	2544.00	2544.00	2544.00	2544.00	2544.00	2544.00	2544.00	2544.00	2544.00	2544.00	2544.00	2544.00	2544.00	2544.00	2544.00	2544.00	2544.00	2544.00	2544.00	2544.00	2544.00
2531.00	2531.00	2531.00	2531.00	2531.00	2531.00	2531.00	2531.00	2531.00	2531.00	2531.00	2531.00	2531.00	2531.00	2532.00	2532.00	2532.00	2532.00	2532.00	2532.00	2532.00	2532.00	2532.00	2532.00	2532.00	2532.00	2532.00	2532.00	2532.00	2532.00	2532.00	2532.00	2532.00	2532.00	2533.00	2533.00	2533.00	2533.00	2533.00	2533.00	2533.00	2533.00	2533.00	2533.00	2533.00	2533.00	2533.00	2533.00	2533.00	2534.00	2534.00	2534.00	2534.00	2534.00	2534.00	2534.00	2534.00	2534.00	2534.00	2534.00	2535.00	2535.00	2535.00	2535.00	2535.00	2535.00	2535.00	2535.00	2535.00	2535.00	2536.00	2536.00	2536.00	2536.00	2536.00	2536.00	2536.00	2536.00	2536.00	2537.00	2537.00	2537.00	2537.00	2537.00	2537.00	2537.00	2537.00	2538.00	2538.00	2538.00	2538.00	2538.00	2538.00	2539.00	2539.00	2539.00	2539.00	2539.00	2539.00	2540.00	2540.00	2540.00	2540.00	2540.00	2540.00	2540.00	2540.00	2541.00	2541.00	2541.00	2541.00	2541.00	2541.00	2542.00	2542.00	2542.00	2542.00	2542.00	2543.00	2543.00	2543.00	2543.00	2543.00	2543.00	2543.00	2543.00	2543.00	2544.00	2544.00	2544.00	2544.00	2544.00	2545.00	2545.00	2545.00	2545.00	2545.00	2545.00	2545.00	2545.00	2545.00	2546.00	2546.00	2546.00	2546.00	2546.00	2546.00	2546.00	2546.00	2546.00	2546.00	2546.00	2546.00	2546.00	2546.00	2546.00	2546.00	2546.00	2547.00	2547.00	2547.00	2547.00	2547.00	2547.00	2547.00	2547.00	2547.00	2547.00	2547.00	2547.00	2547.00	2547.00	2547.00	2547.00	2547.00	2547.00	2547.00	2547.00	2547.00	2547.00	2547.00	2547.00	2547.00	2547.00	2547.00	2547.00	2547.00	2546.00	2546.00	2546.00	2546.00	2546.00	2546.00	2546.00	2546.00	2546.00	2546.00	2546.00	2546.00	2546.00	2546.00	2546.00	2546.00	2545.00	2545.00	2545.00	2545.00	2545.00	2545.00	2545.00	2545.00	2545.00	2545.00	2545.00	2545.00	2545.00	2544.00	2544.00	2544.00	2544.00	2544.00	2544.00	2544.00	2544.00	2544.00	2544.00	2544.00	2544.00	2544.00	2544.00	2544.00	2544.00	2544.00	2544.00	2544.00	2544.00	2544.00	2544.00	2544.00	2544.00	2544.00	2544.00	2544.00	2544.00	2544.00	2544.00	2544.00	2544.00	2544.00	2544.00	2544.00	2544.00	2544.00	2544.00	2544.00	2544.00
2531.00	2531.00	2531.00	2531.00	2531.00	2531.00	2531.00	2531.00	2531.00	2531.00	2531.00	2531.00	2531.00	2531.00	2532.00	2532.00	2532.00	2532.00	2532.00	2532.00	2532.00	2532.00	2532.00	2532.00	2532.00	2532.00	2532.00	2532.00	2532.00	2532.00	2532.00	2532.00	2532.00	2532.00	2533.00	2533.00	2533.00	2533.00	2533.00	2533.00	2533.00	2533.00	2533.00	2533.00	2533.00	2533.00	2533.00	2533.00	2533.00	2534.00	2534.00	2534.00	2534.00	2534.00	2534.00	2534.00	2534.00	2534.00	2534.00	2534.00	2535.00	2535.00	2535.00	2535.00	2535.00	2535.00	2535.00	2535.00	2535.00	2535.00	2536.00	2536.00	2536.00	2536.00	2536.00	2536.00	2536.00	2536.00	2536.00	2537.00	2537.00	2537.00	2537.00	2537.00	2537.00	2537.00	2537.00	2538.00	2538.00	2538.00	2538.00	2538.00	2538.00	2539.00	2539.00	2539.00	2539.00	2539.00	2539.00	2540.00	2540.00	2540.00	2540.00	2540.00	2540.00	2540.00	2540.00	2541.00	2541.00	2541.00	2541.00	2541.00	2541.00	2542.00	2542.00	2542.00	2542.00	2542.00	2543.00	2543.00	2543.00	2543.00	2543.00	2543.00	2543.00	2543.00	2543.00	2544.00	2544.00	2544.00	2544.00	2544.00	2545.00	2545.00	2545.00	2545.00	2545.00	2545.00	2545.00	2545.00	2545.00	2546.00	2546.00	2546.00	2546.00	2546.00	2546.00	2546.00	2546.00	2546.00	2546.00	2546.00	2546.00	2546.00	2546.00	2546.00	2546.00	2546.00	2547.00	2547.00	2547.00	2547.00	2547.00	2547.00	2547.00	2547.00	2547.00	2547.00	2547.00	2547.00	2547.00	2547.00	2547.00	2547.00	2547.00	2547.00	2547.00	2547.00	2547.00	2547.00	2547.00	2547.00	2547.00	2547.00	2547.00	2547.00	2547.00	2546.00	2546.00	2546.00	2546.00	2546.00	2546.00	2546.00	2546.00	2546.00	2546.00	2546.00	2546.00	2546.00	2546.00	2546.00	2546.00	2545.00	2545.00	2545.00	2545.00	2545.00	2545.00	2545.00	2545.00	2545.00	2545.00	2545.00	2545.00	2545.00	2544.00	2544.00	2544.00	2544.00	2544.00	2544.00	2544.00	2544.00	2544.00	2544.00	2544.00	2544.00	2544.00	2544.00	2544.00	2544.00	2544.00	2544.00	2544.00	2544.00	2544.00	2544.00	2544.00	2544.00	2544.00	2544.00	2544.00	2544.00	2544.00	2544.00	2544.00	2544.00	2544.00	2544.00	2544.00	2544.00	2544.00	2544.00	2544.00	2544.00
2531.00	2531.00	2531.00	2531.00	2531.00	2531.00	2531.00	2531.00	2531.00	2531.00	2531.00	2531.00	2531.00	2531.00	2532.00	2532.00	2532.00	2532.00	2532.00	2532.00	2532.00	2532.00	2532.00	2532.00	2532.00	2532.00	2532.00	2532.00	2532.00	2532.00	2532.00	2532.00	2532.00	2532.00	2533.00	2533.00	2533.00	2533.00	2533.00	2533.00	2533.00	2533.00	2533.00	2533.00	2533.00	2533.00	2533.00	2533.00	2533.00	2534.00	2534.00	2534.00	2534.00	2534.00	2534.00	2534.00	2534.00	2534.00	2534.00	2534.00	2535.00	2535.00	2535.00	2535.00	2535.00	2535.00	2535.00	2535.00	2535.00	2535.00	2536.00	2536.00	2536.00	2536.00	2536.00	2536.00	2536.00	2536.00	2536.00	2537.00	2537.00	2537.00	2537.00	2537.00	2537.00	2537.00	2537.00	2538.00	2538.00	2538.00	2538.00	2538.00	2538.00	2539.00	2539.00	2539.00	2539.00	2539.00	2539.00	2540.00	2540.00	2540.00	2540.00	2540.00	2540.00	2540.00	2540.00	2541.00	2541.00	2541.00	2541.00	2541.00	2541.00	2542.00	2542.00	2542.00	2542.00	2542.00	2543.00	2543.00	2543.00	2543.00	2543.00	2543.00	2543.00	2543.00	2543.00	2544.00	2544.00	2544.00	2544.00	2544.00	2545.00	2545.00	2545.00	2545.00	2545.00	2545.00	2545.00	2545.00	2545.00	2546.00	2546.00	2546.00	2546.00	2546.00	2546.00	2546.00	2546.00	2546.00	2546.00	2546.00	2546.00	2546.00	2546.00	2546.00	2546.00	2546.00	2547.00	2547.00	2547.00	2547.00	2547.00	2547.00	2547.00	2547.00	2547.00	2547.00	2547.00	2547.00	2547.00	2547.00	2547.00	2547.00	2547.00	2547.00	2547.00	2547.00	2547.00	2547.00	2547.00	2547.00	2547.00	2547.00	2547.00	2547.00	2547.00	2546.00	2546.00	2546.00	2546.00	2546.00	2546.00	2546.00	2546.00	2546.00	2546.00	2546.00	2546.00	2546.00	2546.00	2546.00	2546.00	2545.00	2545.00	2545.00	2545.00	2545.00	2545.00	2545.00	2545.00	2545.00	2545.00	2545.00	2545.00	2545.00	2544.00	2544.00	2544.00	2544.00	2544.00	2544.00	2544.00	2544.00	2544.00	2544.00	2544.00	2544.00	2544.00	2544.00	2544.00	2544.00	2544.00	2544.00	2544.00	2544.00	2544.00	2544.00	2544.00	2544.00	2544.00	2544.00	2544.00	2544.00	2544.00	2544.00	2544.00	2544.00	2544.00	2544.00	2544.00	2544.00	2544.00	2544.00	2544.00	2544.00
2531.00	2531.00	2531.00	2531.00	2531.00	2531.00	2531.00	2531.00	2531.00	2531.00	2531.00	2531.00	2531.00	2531.00	2532.00	2532.00	2532.00	2532.00	2532.00	2532.00	2532.00	2532.00	2532.00	2532.00	2532.00	2532.00	2532.00	2532.00	2532.00	2532.00	2532.00	2532.00	2532.00	2532.00	2533.00	2533.00	2533.00	2533.00	2533.00	2533.00	2533.00	2533.00	2533.00	2533.00	2533.00	2533.00	2533.00	2533.00	2533.00	2534.00	2534.00	2534.00	2534.00	2534.00	2534.00	2534.00	2534.00	2534.00	2534.00	2534.00	2535.00	2535.00	2535.00	2535.00	2535.00	2535.00	2535.00	2535.00	2535.00	2535.00	2536.00	2536.00	2536.00	2536.00	2536.00	2536.00	2536.00	2536.00	2536.00	2537.00	2537.00	2537.00	2537.00	2537.00	2537.00	2537.00	2537.00	2538.00	2538.00	2538.00	2538.00	2538.00	2538.00	2539.00	2539.00	2539.00	2539.00	2539.00	2539.00	2540.00	2540.00	2540.00	2540.00	2540.00	2540.00	2540.00	2540.00	2541.00	2541.00	2541.00	2541.00	2541.00	2541.00	2542.00	2542.00	2542.00	2542.00	2542.00	2543.00	2543.00	2543.00	2543.00	2543.00	2543.00	2543.00	2543.00	2543.00	2544.00	2544.00	2544.00	2544.00	2544.00	2545.00	2545.00	2545.00	2545.00	2545.00	2545.00	2545.00	2545.00	2545.00	2546.00	2546.00	2546.00	2546.00	2546.00	2546.00	2546.00	2546.00	2546.00	2546.00	2546.00	2546.00	2546.00	2546.00	2546.00	2546.00	2546.00	2547.00	2547.00	2547.00	2547.00	2547.00	2547.00	2547.00	2547.00	2547.00	2547.00	2547.00	2547.00	2547.00	2547.00	2547.00	2547.00	2547.00	2547.00	2547.00	2547.00	2547.00	2547.00	2547.00	2547.00	2547.00	2547.00	2547.00	2547.00	2547.00	2546.00	2546.00	2546.00	2546.00	2546.00	2546.00	2546.00	2546.00	2546.00	2546.00	2546.00	2546.00	2546.00	2546.00	2546.00	2546.00	2545.00	2545.00	2545.00	2545.00	2545.00	2545.00	2545.00	2545.00	2545.00	2545.00	2545.00	2545.00	2545.00	2544.00	2544.00	2544.00	2544.00	2544.00	2544.00	2544.00	2544.00	2544.00	2544.00	2544.00	2544.00	2544.00	2544.00	2544.00	2544.00	2544.00	2544.00	2544.00	2544.00	2544.00	2544.00	2544.00	2544.00	2544.00	2544.00	2544.00	2544.00	2544.00	2544.00	2544.00	2544.00	2544.00	2544.00	2544.00	2544.00	2544.00	2544.00	2544.00	2544.00
2532.00	2532.00	2532.00	2532.00	2532.00	2532.00	2532.00	2532.00	2532.00	2532.00	2532.00	2532.00	2532.00	2532.00	2532.00	2533.00	2533.00	2533.00	2533.00	2533.00	2533.00	2533.00	2533.00	2533.00	2533.00	2533.00	2533.00	2533.00	2533.00	2534.00	2534.00	2534.00	2534.00	2534.00	2534.00	2534.00	2534.00	2534.00	2534.00	2534.00	2535.00	2535.00	2535.00	2535.00	2535.00	2535.00	2535.00	2535.00	2535.00	2535.00	2535.00	2535.00	2535.00	2535.00	2535.00	2535.00	2536.00	2536.00	2536.00	2536.00	2536.00	2536.00	2536.00	2536.00	2536.00	2536.00	2537.00	2537.00	2537.00	2537.00	2537.00	2537.00	2537.00	2538.00	2538.00	2538.00	2538.00	2538.00	2538.00	2539.00	2539.00	2539.00	2539.00	2539.00	2539.00	2539.00	2540.00	2540.00	2540.00	2540.00	2540.00	2540.00	2540.00	2541.00	2541.00	2541.00	2541.00	2541.00	2541.00	2542.00	2542.00	2542.00	2542.00	2542.00	2542.00	2543.00	2543.00	2543.00	2543.00	2543.00	2543.00	2544.00	2544.00	2544.00	2544.00	2544.00	2544.00	2544.00	2545.00	2545.00	2545.00	2545.00	2545.00	2545.00	2545.00	2546.00	2546.00	2546.00	2546.00	2546.00	2546.00	2547.00	2547.00	2547.00	2547.00	2547.00	2547.00	2547.00	2547.00	2547.00	2547.00	2547.00	2547.00	2547.00	2547.00	2547.00	2547.00	2547.00	2547.00	2548.00	2548.00	2548.00	2548.00	2548.00	2548.00	2548.00	2548.00	2548.00	2548.00	2548.00	2548.00	2548.00	2548.00	2548.00	2548.00	2548.00	2548.00	2548.00	2548.00	2548.00	2548.00	2548.00	2548.00	2548.00	2548.00	2548.00	2548.00	2548.00	2548.00	2548.00	2547.00	2547.00	2547.00	2547.00	2547.00	2547.00	2547.00	2547.00	2547.00	2547.00	2547.00	2547.00	2546.00	2546.00	2546.00	2546.00	2546.00	2546.00	2546.00	2546.00	2546.00	2546.00	2546.00	2545.00	2545.00	2545.00	2545.00	2545.00	2545.00	2545.00	2545.00	2545.00	2544.00	2544.00	2544.00	2544.00	2544.00	2544.00	2544.00	2544.00	2544.00	2544.00	2544.00	2544.00	2544.00	2544.00	2544.00	2544.00	2544.00	2544.00	2544.00	2544.00	2544.00	2544.00	2544.00	2544.00	2544.00	2544.00	2544.00	2544.00	2544.00	2544.00	2544.00	2544.00	2544.00	2544.00	2544.00	2544.00	2544.00	2544.00	2544.00	2544.00	2544.00	2544.00	2544.00	2544.00
2532.00	2532.00	2532.00	2532.00	2532.00	2532.00	2532.00	2532.00	2532.00	2532.00	2532.00	2532.00	2532.00	2532.00	2532.00	2533.00	2533.00	2533.00	2533.00	2533.00	2533.00	2533.00	2533.00	2533.00	2533.00	2533.00	2533.00	2533.00	2533.00	2534.00	2534.00	2534.00	2534.00	2534.00	2534.00	2534.00	2534.00	2534.00	2534.00	2534.00	2535.00	2535.00	2535.00	2535.00	2535.00	2535.00	2535.00	2535.00	2535.00	2535.00	2535.00	2535.00	2535.00	2535.00	2535.00	2535.00	2536.00	2536.00	2536.00	2536.00	2536.00	2536.00	2536.00	2536.00	2536.00	2536.00	2537.00	2537.00	2537.00	2537.00	2537.00	2537.00	2537.00	2538.00	2538.00	2538.00	2538.00	2538.00	2538.00	2539.00	2539.00	2539.00	2539.00	2539.00	2539.00	2539.00	2540.00	2540.00	2540.00	2540.00	2540.00	2540.00	2540.00	2541.00	2541.00	2541.00	2541.00	2541.00	2541.00	2542.00	2542.00	2542.00	2542.00	2542.00	2542.00	2543.00	2543.00	2543.00	2543.00	2543.00	2543.00	2544.00	2544.00	2544.00	2544.00	2544.00	2544.00	2544.00	2545.00	2545.00	2545.00	2545.00	2545.00	2545.00	2545.00	2546.00	2546.00	2546.00	2546.00	2546.00	2546.00	2547.00	2547.00	2547.00	2547.00	2547.00	2547.00	2547.00	2547.00	2547.00	2547.00	2547.00	2547.00	2547.00	2547.00	2547.00	2547.00	2547.00	2547.00	2548.00	2548.00	2548.00	2548.00	2548.00	2548.00	2548.00	2548.00	2548.00	2548.00	2548.00	2548.00	2548.00	2548.00	2548.00	2548.00	2548.00	2548.00	2548.00	2548.00	2548.00	2548.00	2548.00	2548.00	2548.00	2548.00	2548.00	2548.00	2548.00	2548.00	2548.00	2547.00	2547.00	2547.00	2547.00	2547.00	2547.00	2547.00	2547.00	2547.00	2547.00	2547.00	2547.00	2546.00	2546.00	2546.00	2546.00	2546.00	2546.00	2546.00	2546.00	2546.00	2546.00	2546.00	2545.00	2545.00	2545.00	2545.00	2545.00	2545.00	2545.00	2545.00	2545.00	2544.00	2544.00	2544.00	2544.00	2544.00	2544.00	2544.00	2544.00	2544.00	2544.00	2544.00	2544.00	2544.00	2544.00	2544.00	2544.00	2544.00	2544.00	2544.00	2544.00	2544.00	2544.00	2544.00	2544.00	2544.00	2544.00	2544.00	2544.00	2544.00	2544.00	2544.00	2544.00	2544.00	2544.00	2544.00	2544.00	2544.00	2544.00	2544.00	2544.00	2544.00	2544.00	2544.00	2544.00
2532.00	2532.00	2532.00	2532.00	2532.00	2532.00	2532.00	2532.00	2532.00	2532.00	2532.00	2532.00	2532.00	2532.00	2532.00	2533.00	2533.00	2533.00	2533.00	2533.00	2533.00	2533.00	2533.00	2533.00	2533.00	2533.00	2533.00	2533.00	2533.00	2534.00	2534.00	2534.00	2534.00	2534.00	2534.00	2534.00	2534.00	2534.00	2534.00	2534.00	2535.00	2535.00	2535.00	2535.00	2535.00	2535.00	2535.00	2535.00	2535.00	2535.00	2535.00	2535.00	2535.00	2535.00	2535.00	2535.00	2536.00	2536.00	2536.00	2536.00	2536.00	2536.00	2536.00	2536.00	2536.00	2536.00	2537.00	2537.00	2537.00	2537.00	2537.00	2537.00	2537.00	2538.00	2538.00	2538.00	2538.00	2538.00	2538.00	2539.00	2539.00	2539.00	2539.00	2539.00	2539.00	2539.00	2540.00	2540.00	2540.00	2540.00	2540.00	2540.00	2540.00	2541.00	2541.00	2541.00	2541.00	2541.00	2541.00	2542.00	2542.00	2542.00	2542.00	2542.00	2542.00	2543.00	2543.00	2543.00	2543.00	2543.00	2543.00	2544.00	2544.00	2544.00	2544.00	2544.00	2544.00	2544.00	2545.00	2545.00	2545.00	2545.00	2545.00	2545.00	2545.00	2546.00	2546.00	2546.00	2546.00	2546.00	2546.00	2547.00	2547.00	2547.00	2547.00	2547.00	2547.00	2547.00	2547.00	2547.00	2547.00	2547.00	2547.00	2547.00	2547.00	2547.00	2547.00	2547.00	2547.00	2548.00	2548.00	2548.00	2548.00	2548.00	2548.00	2548.00	2548.00	2548.00	2548.00	2548.00	2548.00	2548.00	2548.00	2548.00	2548.00	2548.00	2548.00	2548.00	2548.00	2548.00	2548.00	2548.00	2548.00	2548.00	2548.00	2548.00	2548.00	2548.00	2548.00	2548.00	2547.00	2547.00	2547.00	2547.00	2547.00	2547.00	2547.00	2547.00	2547.00	2547.00	2547.00	2547.00	2546.00	2546.00	2546.00	2546.00	2546.00	2546.00	2546.00	2546.00	2546.00	2546.00	2546.00	2545.00	2545.00	2545.00	2545.00	2545.00	2545.00	2545.00	2545.00	2545.00	2544.00	2544.00	2544.00	2544.00	2544.00	2544.00	2544.00	2544.00	2544.00	2544.00	2544.00	2544.00	2544.00	2544.00	2544.00	2544.00	2544.00	2544.00	2544.00	2544.00	2544.00	2544.00	2544.00	2544.00	2544.00	2544.00	2544.00	2544.00	2544.00	2544.00	2544.00	2544.00	2544.00	2544.00	2544.00	2544.00	2544.00	2544.00	2544.00	2544.00	2544.00	2544.00	2544.00	2544.00
2532.00	2532.00	2532.00	2532.00	2532.00	2532.00	2532.00	2532.00	2532.00	2532.00	2532.00	2532.00	2532.00	2532.00	2532.00	2533.00	2533.00	2533.00	2533.00	2533.00	2533.00	2533.00	2533.00	2533.00	2533.00	2533.00	2533.00	2533.00	2533.00	2534.00	2534.00	2534.00	2534.00	2534.00	2534.00	2534.00	2534.00	2534.00	2534.00	2534.00	2535.00	2535.00	2535.00	2535.00	2535.00	2535.00	2535.00	2535.00	2535.00	2535.00	2535.00	2535.00	2535.00	2535.00	2535.00	2535.00	2536.00	2536.00	2536.00	2536.00	2536.00	2536.00	2536.00	2536.00	2536.00	2536.00	2537.00	2537.00	2537.00	2537.00	2537.00	2537.00	2537.00	2538.00	2538.00	2538.00	2538.00	2538.00	2538.00	2539.00	2539.00	2539.00	2539.00	2539.00	2539.00	2539.00	2540.00	2540.00	2540.00	2540.00	2540.00	2540.00	2540.00	2541.00	2541.00	2541.00	2541.00	2541.00	2541.00	2542.00	2542.00	2542.00	2542.00	2542.00	2542.00	2543.00	2543.00	2543.00	2543.00	2543.00	2543.00	2544.00	2544.00	2544.00	2544.00	2544.00	2544.00	2544.00	2545.00	2545.00	2545.00	2545.00	2545.00	2545.00	2545.00	2546.00	2546.00	2546.00	2546.00	2546.00	2546.00	2547.00	2547.00	2547.00	2547.00	2547.00	2547.00	2547.00	2547.00	2547.00	2547.00	2547.00	2547.00	2547.00	2547.00	2547.00	2547.00	2547.00	2547.00	2548.00	2548.00	2548.00	2548.00	2548.00	2548.00	2548.00	2548.00	2548.00	2548.00	2548.00	2548.00	2548.00	2548.00	2548.00	2548.00	2548.00	2548.00	2548.00	2548.00	2548.00	2548.00	2548.00	2548.00	2548.00	2548.00	2548.00	2548.00	2548.00	2548.00	2548.00	2547.00	2547.00	2547.00	2547.00	2547.00	2547.00	2547.00	2547.00	2547.00	2547.00	2547.00	2547.00	2546.00	2546.00	2546.00	2546.00	2546.00	2546.00	2546.00	2546.00	2546.00	2546.00	2546.00	2545.00	2545.00	2545.00	2545.00	2545.00	2545.00	2545.00	2545.00	2545.00	2544.00	2544.00	2544.00	2544.00	2544.00	2544.00	2544.00	2544.00	2544.00	2544.00	2544.00	2544.00	2544.00	2544.00	2544.00	2544.00	2544.00	2544.00	2544.00	2544.00	2544.00	2544.00	2544.00	2544.00	2544.00	2544.00	2544.00	2544.00	2544.00	2544.00	2544.00	2544.00	2544.00	2544.00	2544.00	2544.00	2544.00	2544.00	2544.00	2544.00	2544.00	2544.00	2544.00	2544.00
2532.00	2532.00	2532.00	2532.00	2532.00	2532.00	2532.00	2532.00	2532.00	2532.00	2532.00	2532.00	2532.00	2532.00	2532.00	2533.00	2533.00	2533.00	2533.00	2533.00	2533.00	2533.00	2533.00	2533.00	2533.00	2533.00	2533.00	2533.00	2533.00	2534.00	2534.00	2534.00	2534.00	2534.00	2534.00	2534.00	2534.00	2534.00	2534.00	2534.00	2535.00	2535.00	2535.00	2535.00	2535.00	2535.00	2535.00	2535.00	2535.00	2535.00	2535.00	2535.00	2535.00	2535.00	2535.00	2535.00	2536.00	2536.00	2536.00	2536.00	2536.00	2536.00	2536.00	2536.00	2536.00	2536.00	2537.00	2537.00	2537.00	2537.00	2537.00	2537.00	2537.00	2538.00	2538.00	2538.00	2538.00	2538.00	2538.00	2539.00	2539.00	2539.00	2539.00	2539.00	2539.00	2539.00	2540.00	2540.00	2540.00	2540.00	2540.00	2540.00	2540.00	2541.00	2541.00	2541.00	2541.00	2541.00	2541.00	2542.00	2542.00	2542.00	2542.00	2542.00	2542.00	2543.00	2543.00	2543.00	2543.00	2543.00	2543.00	2544.00	2544.00	2544.00	2544.00	2544.00	2544.00	2544.00	2545.00	2545.00	2545.00	2545.00	2545.00	2545.00	2545.00	2546.00	2546.00	2546.00	2546.00	2546.00	2546.00	2547.00	2547.00	2547.00	2547.00	2547.00	2547.00	2547.00	2547.00	2547.00	2547.00	2547.00	2547.00	2547.00	2547.00	2547.00	2547.00	2547.00	2547.00	2548.00	2548.00	2548.00	2548.00	2548.00	2548.00	2548.00	2548.00	2548.00	2548.00	2548.00	2548.00	2548.00	2548.00	2548.00	2548.00	2548.00	2548.00	2548.00	2548.00	2548.00	2548.00	2548.00	2548.00	2548.00	2548.00	2548.00	2548.00	2548.00	2548.00	2548.00	2547.00	2547.00	2547.00	2547.00	2547.00	2547.00	2547.00	2547.00	2547.00	2547.00	2547.00	2547.00	2546.00	2546.00	2546.00	2546.00	2546.00	2546.00	2546.00	2546.00	2546.00	2546.00	2546.00	2545.00	2545.00	2545.00	2545.00	2545.00	2545.00	2545.00	2545.00	2545.00	2544.00	2544.00	2544.00	2544.00	2544.00	2544.00	2544.00	2544.00	2544.00	2544.00	2544.00	2544.00	2544.00	2544.00	2544.00	2544.00	2544.00	2544.00	2544.00	2544.00	2544.00	2544.00	2544.00	2544.00	2544.00	2544.00	2544.00	2544.00	2544.00	2544.00	2544.00	2544.00	2544.00	2544.00	2544.00	2544.00	2544.00	2544.00	2544.00	2544.00	2544.00	2544.00	2544.00	2544.00
2532.00	2532.00	2532.00	2532.00	2532.00	2532.00	2532.00	2532.00	2532.00	2532.00	2532.00	2532.00	2532.00	2532.00	2532.00	2533.00	2533.00	2533.00	2533.00	2533.00	2533.00	2533.00	2533.00	2533.00	2533.00	2533.00	2533.00	2533.00	2533.00	2534.00	2534.00	2534.00	2534.00	2534.00	2534.00	2534.00	2534.00	2534.00	2534.00	2534.00	2535.00	2535.00	2535.00	2535.00	2535.00	2535.00	2535.00	2535.00	2535.00	2535.00	2535.00	2535.00	2535.00	2535.00	2535.00	2535.00	2536.00	2536.00	2536.00	2536.00	2536.00	2536.00	2536.00	2536.00	2536.00	2536.00	2537.00	2537.00	2537.00	2537.00	2537.00	2537.00	2537.00	2538.00	2538.00	2538.00	2538.00	2538.00	2538.00	2539.00	2539.00	2539.00	2539.00	2539.00	2539.00	2539.00	2540.00	2540.00	2540.00	2540.00	2540.00	2540.00	2540.00	2541.00	2541.00	2541.00	2541.00	2541.00	2541.00	2542.00	2542.00	2542.00	2542.00	2542.00	2542.00	2543.00	2543.00	2543.00	2543.00	2543.00	2543.00	2544.00	2544.00	2544.00	2544.00	2544.00	2544.00	2544.00	2545.00	2545.00	2545.00	2545.00	2545.00	2545.00	2545.00	2546.00	2546.00	2546.00	2546.00	2546.00	2546.00	2547.00	2547.00	2547.00	2547.00	2547.00	2547.00	2547.00	2547.00	2547.00	2547.00	2547.00	2547.00	2547.00	2547.00	2547.00	2547.00	2547.00	2547.00	2548.00	2548.00	2548.00	2548.00	2548.00	2548.00	2548.00	2548.00	2548.00	2548.00	2548.00	2548.00	2548.00	2548.00	2548.00	2548.00	2548.00	2548.00	2548.00	2548.00	2548.00	2548.00	2548.00	2548.00	2548.00	2548.00	2548.00	2548.00	2548.00	2548.00	2548.00	2547.00	2547.00	2547.00	2547.00	2547.00	2547.00	2547.00	2547.00	2547.00	2547.00	2547.00	2547.00	2546.00	2546.00	2546.00	2546.00	2546.00	2546.00	2546.00	2546.00	2546.00	2546.00	2546.00	2545.00	2545.00	2545.00	2545.00	2545.00	2545.00	2545.00	2545.00	2545.00	2544.00	2544.00	2544.00	2544.00	2544.00	2544.00	2544.00	2544.00	2544.00	2544.00	2544.00	2544.00	2544.00	2544.00	2544.00	2544.00	2544.00	2544.00	2544.00	2544.00	2544.00	2544.00	2544.00	2544.00	2544.00	2544.00	2544.00	2544.00	2544.00	2544.00	2544.00	2544.00	2544.00	2544.00	2544.00	2544.00	2544.00	2544.00	2544.00	2544.00	2544.00	2544.00	2544.00	2544.00
2532.00	2532.00	2532.00	2532.00	2532.00	2532.00	2532.00	2532.00	2532.00	2532.00	2532.00	2532.00	2532.00	2532.00	2532.00	2533.00	2533.00	2533.00	2533.00	2533.00	2533.00	2533.00	2533.00	2533.00	2533.00	2533.00	2533.00	2533.00	2533.00	2534.00	2534.00	2534.00	2534.00	2534.00	2534.00	2534.00	2534.00	2534.00	2534.00	2534.00	2535.00	2535.00	2535.00	2535.00	2535.00	2535.00	2535.00	2535.00	2535.00	2535.00	2535.00	2535.00	2535.00	2535.00	2535.00	2535.00	2536.00	2536.00	2536.00	2536.00	2536.00	2536.00	2536.00	2536.00	2536.00	2536.00	2537.00	2537.00	2537.00	2537.00	2537.00	2537.00	2537.00	2538.00	2538.00	2538.00	2538.00	2538.00	2538.00	2539.00	2539.00	2539.00	2539.00	2539.00	2539.00	2539.00	2540.00	2540.00	2540.00	2540.00	2540.00	2540.00	2540.00	2541.00	2541.00	2541.00	2541.00	2541.00	2541.00	2542.00	2542.00	2542.00	2542.00	2542.00	2542.00	2543.00	2543.00	2543.00	2543.00	2543.00	2543.00	2544.00	2544.00	2544.00	2544.00	2544.00	2544.00	2544.00	2545.00	2545.00	2545.00	2545.00	2545.00	2545.00	2545.00	2546.00	2546.00	2546.00	2546.00	2546.00	2546.00	2547.00	2547.00	2547.00	2547.00	2547.00	2547.00	2547.00	2547.00	2547.00	2547.00	2547.00	2547.00	2547.00	2547.00	2547.00	2547.00	2547.00	2547.00	2548.00	2548.00	2548.00	2548.00	2548.00	2548.00	2548.00	2548.00	2548.00	2548.00	2548.00	2548.00	2548.00	2548.00	2548.00	2548.00	2548.00	2548.00	2548.00	2548.00	2548.00	2548.00	2548.00	2548.00	2548.00	2548.00	2548.00	2548.00	2548.00	2548.00	2548.00	2547.00	2547.00	2547.00	2547.00	2547.00	2547.00	2547.00	2547.00	2547.00	2547.00	2547.00	2547.00	2546.00	2546.00	2546.00	2546.00	2546.00	2546.00	2546.00	2546.00	2546.00	2546.00	2546.00	2545.00	2545.00	2545.00	2545.00	2545.00	2545.00	2545.00	2545.00	2545.00	2544.00	2544.00	2544.00	2544.00	2544.00	2544.00	2544.00	2544.00	2544.00	2544.00	2544.00	2544.00	2544.00	2544.00	2544.00	2544.00	2544.00	2544.00	2544.00	2544.00	2544.00	2544.00	2544.00	2544.00	2544.00	2544.00	2544.00	2544.00	2544.00	2544.00	2544.00	2544.00	2544.00	2544.00	2544.00	2544.00	2544.00	2544.00	2544.00	2544.00	2544.00	2544.00	2544.00	2544.00
2532.00	2532.00	2532.00	2532.00	2532.00	2532.00	2532.00	2532.00	2532.00	2532.00	2532.00	2532.00	2532.00	2532.00	2532.00	2533.00	2533.00	2533.00	2533.00	2533.00	2533.00	2533.00	2533.00	2533.00	2533.00	2533.00	2533.00	2533.00	2533.00	2534.00	2534.00	2534.00	2534.00	2534.00	2534.00	2534.00	2534.00	2534.00	2534.00	2534.00	2535.00	2535.00	2535.00	2535.00	2535.00	2535.00	2535.00	2535.00	2535.00	2535.00	2535.00	2535.00	2535.00	2535.00	2535.00	2535.00	2536.00	2536.00	2536.00	2536.00	2536.00	2536.00	2536.00	2536.00	2536.00	2536.00	2537.00	2537.00	2537.00	2537.00	2537.00	2537.00	2537.00	2538.00	2538.00	2538.00	2538.00	2538.00	2538.00	2539.00	2539.00	2539.00	2539.00	2539.00	2539.00	2539.00	2540.00	2540.00	2540.00	2540.00	2540.00	2540.00	2540.00	2541.00	2541.00	2541.00	2541.00	2541.00	2541.00	2542.00	2542.00	2542.00	2542.00	2542.00	2542.00	2543.00	2543.00	2543.00	2543.00	2543.00	2543.00	2544.00	2544.00	2544.00	2544.00	2544.00	2544.00	2544.00	2545.00	2545.00	2545.00	2545.00	2545.00	2545.00	2545.00	2546.00	2546.00	2546.00	2546.00	2546.00	2546.00	2547.00	2547.00	2547.00	2547.00	2547.00	2547.00	2547.00	2547.00	2547.00	2547.00	2547.00	2547.00	2547.00	2547.00	2547.00	2547.00	2547.00	2547.00	2548.00	2548.00	2548.00	2548.00	2548.00	2548.00	2548.00	2548.00	2548.00	2548.00	2548.00	2548.00	2548.00	2548.00	2548.00	2548.00	2548.00	2548.00	2548.00	2548.00	2548.00	2548.00	2548.00	2548.00	2548.00	2548.00	2548.00	2548.00	2548.00	2548.00	2548.00	2547.00	2547.00	2547.00	2547.00	2547.00	2547.00	2547.00	2547.00	2547.00	2547.00	2547.00	2547.00	2546.00	2546.00	2546.00	2546.00	2546.00	2546.00	2546.00	2546.00	2546.00	2546.00	2546.00	2545.00	2545.00	2545.00	2545.00	2545.00	2545.00	2545.00	2545.00	2545.00	2544.00	2544.00	2544.00	2544.00	2544.00	2544.00	2544.00	2544.00	2544.00	2544.00	2544.00	2544.00	2544.00	2544.00	2544.00	2544.00	2544.00	2544.00	2544.00	2544.00	2544.00	2544.00	2544.00	2544.00	2544.00	2544.00	2544.00	2544.00	2544.00	2544.00	2544.00	2544.00	2544.00	2544.00	2544.00	2544.00	2544.00	2544.00	2544.00	2544.00	2544.00	2544.00	2544.00	2544.00
2532.00	2532.00	2532.00	2532.00	2532.00	2532.00	2532.00	2532.00	2532.00	2532.00	2532.00	2532.00	2532.00	2532.00	2532.00	2533.00	2533.00	2533.00	2533.00	2533.00	2533.00	2533.00	2533.00	2533.00	2533.00	2533.00	2533.00	2533.00	2533.00	2534.00	2534.00	2534.00	2534.00	2534.00	2534.00	2534.00	2534.00	2534.00	2534.00	2534.00	2535.00	2535.00	2535.00	2535.00	2535.00	2535.00	2535.00	2535.00	2535.00	2535.00	2535.00	2535.00	2535.00	2535.00	2535.00	2535.00	2536.00	2536.00	2536.00	2536.00	2536.00	2536.00	2536.00	2536.00	2536.00	2536.00	2537.00	2537.00	2537.00	2537.00	2537.00	2537.00	2537.00	2538.00	2538.00	2538.00	2538.00	2538.00	2538.00	2539.00	2539.00	2539.00	2539.00	2539.00	2539.00	2539.00	2540.00	2540.00	2540.00	2540.00	2540.00	2540.00	2540.00	2541.00	2541.00	2541.00	2541.00	2541.00	2541.00	2542.00	2542.00	2542.00	2542.00	2542.00	2542.00	2543.00	2543.00	2543.00	2543.00	2543.00	2543.00	2544.00	2544.00	2544.00	2544.00	2544.00	2544.00	2544.00	2545.00	2545.00	2545.00	2545.00	2545.00	2545.00	2545.00	2546.00	2546.00	2546.00	2546.00	2546.00	2546.00	2547.00	2547.00	2547.00	2547.00	2547.00	2547.00	2547.00	2547.00	2547.00	2547.00	2547.00	2547.00	2547.00	2547.00	2547.00	2547.00	2547.00	2547.00	2548.00	2548.00	2548.00	2548.00	2548.00	2548.00	2548.00	2548.00	2548.00	2548.00	2548.00	2548.00	2548.00	2548.00	2548.00	2548.00	2548.00	2548.00	2548.00	2548.00	2548.00	2548.00	2548.00	2548.00	2548.00	2548.00	2548.00	2548.00	2548.00	2548.00	2548.00	2547.00	2547.00	2547.00	2547.00	2547.00	2547.00	2547.00	2547.00	2547.00	2547.00	2547.00	2547.00	2546.00	2546.00	2546.00	2546.00	2546.00	2546.00	2546.00	2546.00	2546.00	2546.00	2546.00	2545.00	2545.00	2545.00	2545.00	2545.00	2545.00	2545.00	2545.00	2545.00	2544.00	2544.00	2544.00	2544.00	2544.00	2544.00	2544.00	2544.00	2544.00	2544.00	2544.00	2544.00	2544.00	2544.00	2544.00	2544.00	2544.00	2544.00	2544.00	2544.00	2544.00	2544.00	2544.00	2544.00	2544.00	2544.00	2544.00	2544.00	2544.00	2544.00	2544.00	2544.00	2544.00	2544.00	2544.00	2544.00	2544.00	2544.00	2544.00	2544.00	2544.00	2544.00	2544.00	2544.00
2532.00	2532.00	2532.00	2532.00	2532.00	2532.00	2532.00	2532.00	2532.00	2532.00	2532.00	2532.00	2532.00	2532.00	2532.00	2533.00	2533.00	2533.00	2533.00	2533.00	2533.00	2533.00	2533.00	2533.00	2533.00	2533.00	2533.00	2533.00	2533.00	2534.00	2534.00	2534.00	2534.00	2534.00	2534.00	2534.00	2534.00	2534.00	2534.00	2534.00	2535.00	2535.00	2535.00	2535.00	2535.00	2535.00	2535.00	2535.00	2535.00	2535.00	2535.00	2535.00	2535.00	2535.00	2535.00	2535.00	2536.00	2536.00	2536.00	2536.00	2536.00	2536.00	2536.00	2536.00	2536.00	2536.00	2537.00	2537.00	2537.00	2537.00	2537.00	2537.00	2537.00	2538.00	2538.00	2538.00	2538.00	2538.00	2538.00	2539.00	2539.00	2539.00	2539.00	2539.00	2539.00	2539.00	2540.00	2540.00	2540.00	2540.00	2540.00	2540.00	2540.00	2541.00	2541.00	2541.00	2541.00	2541.00	2541.00	2542.00	2542.00	2542.00	2542.00	2542.00	2542.00	2543.00	2543.00	2543.00	2543.00	2543.00	2543.00	2544.00	2544.00	2544.00	2544.00	2544.00	2544.00	2544.00	2545.00	2545.00	2545.00	2545.00	2545.00	2545.00	2545.00	2546.00	2546.00	2546.00	2546.00	2546.00	2546.00	2547.00	2547.00	2547.00	2547.00	2547.00	2547.00	2547.00	2547.00	2547.00	2547.00	2547.00	2547.00	2547.00	2547.00	2547.00	2547.00	2547.00	2547.00	2548.00	2548.00	2548.00	2548.00	2548.00	2548.00	2548.00	2548.00	2548.00	2548.00	2548.00	2548.00	2548.00	2548.00	2548.00	2548.00	2548.00	2548.00	2548.00	2548.00	2548.00	2548.00	2548.00	2548.00	2548.00	2548.00	2548.00	2548.00	2548.00	2548.00	2548.00	2547.00	2547.00	2547.00	2547.00	2547.00	2547.00	2547.00	2547.00	2547.00	2547.00	2547.00	2547.00	2546.00	2546.00	2546.00	2546.00	2546.00	2546.00	2546.00	2546.00	2546.00	2546.00	2546.00	2545.00	2545.00	2545.00	2545.00	2545.00	2545.00	2545.00	2545.00	2545.00	2544.00	2544.00	2544.00	2544.00	2544.00	2544.00	2544.00	2544.00	2544.00	2544.00	2544.00	2544.00	2544.00	2544.00	2544.00	2544.00	2544.00	2544.00	2544.00	2544.00	2544.00	2544.00	2544.00	2544.00	2544.00	2544.00	2544.00	2544.00	2544.00	2544.00	2544.00	2544.00	2544.00	2544.00	2544.00	2544.00	2544.00	2544.00	2544.00	2544.00	2544.00	2544.00	2544.00	2544.00
2532.00	2532.00	2532.00	2532.00	2532.00	2532.00	2532.00	2532.00	2532.00	2532.00	2532.00	2532.00	2532.00	2532.00	2532.00	2533.00	2533.00	2533.00	2533.00	2533.00	2533.00	2533.00	2533.00	2533.00	2533.00	2533.00	2533.00	2533.00	2533.00	2534.00	2534.00	2534.00	2534.00	2534.00	2534.00	2534.00	2534.00	2534.00	2534.00	2534.00	2535.00	2535.00	2535.00	2535.00	2535.00	2535.00	2535.00	2535.00	2535.00	2535.00	2535.00	2535.00	2535.00	2535.00	2535.00	2535.00	2536.00	2536.00	2536.00	2536.00	2536.00	2536.00	2536.00	2536.00	2536.00	2536.00	2537.00	2537.00	2537.00	2537.00	2537.00	2537.00	2537.00	2538.00	2538.00	2538.00	2538.00	2538.00	2538.00	2539.00	2539.00	2539.00	2539.00	2539.00	2539.00	2539.00	2540.00	2540.00	2540.00	2540.00	2540.00	2540.00	2540.00	2541.00	2541.00	2541.00	2541.00	2541.00	2541.00	2542.00	2542.00	2542.00	2542.00	2542.00	2542.00	2543.00	2543.00	2543.00	2543.00	2543.00	2543.00	2544.00	2544.00	2544.00	2544.00	2544.00	2544.00	2544.00	2545.00	2545.00	2545.00	2545.00	2545.00	2545.00	2545.00	2546.00	2546.00	2546.00	2546.00	2546.00	2546.00	2547.00	2547.00	2547.00	2547.00	2547.00	2547.00	2547.00	2547.00	2547.00	2547.00	2547.00	2547.00	2547.00	2547.00	2547.00	2547.00	2547.00	2547.00	2548.00	2548.00	2548.00	2548.00	2548.00	2548.00	2548.00	2548.00	2548.00	2548.00	2548.00	2548.00	2548.00	2548.00	2548.00	2548.00	2548.00	2548.00	2548.00	2548.00	2548.00	2548.00	2548.00	2548.00	2548.00	2548.00	2548.00	2548.00	2548.00	2548.00	2548.00	2547.00	2547.00	2547.00	2547.00	2547.00	2547.00	2547.00	2547.00	2547.00	2547.00	2547.00	2547.00	2546.00	2546.00	2546.00	2546.00	2546.00	2546.00	2546.00	2546.00	2546.00	2546.00	2546.00	2545.00	2545.00	2545.00	2545.00	2545.00	2545.00	2545.00	2545.00	2545.00	2544.00	2544.00	2544.00	2544.00	2544.00	2544.00	2544.00	2544.00	2544.00	2544.00	2544.00	2544.00	2544.00	2544.00	2544.00	2544.00	2544.00	2544.00	2544.00	2544.00	2544.00	2544.00	2544.00	2544.00	2544.00	2544.00	2544.00	2544.00	2544.00	2544.00	2544.00	2544.00	2544.00	2544.00	2544.00	2544.00	2544.00	2544.00	2544.00	2544.00	2544.00	2544.00	2544.00	2544.00
2532.00	2532.00	2532.00	2532.00	2532.00	2532.00	2532.00	2532.00	2532.00	2532.00	2532.00	2532.00	2532.00	2532.00	2532.00	2533.00	2533.00	2533.00	2533.00	2533.00	2533.00	2533.00	2533.00	2533.00	2533.00	2533.00	2533.00	2533.00	2533.00	2534.00	2534.00	2534.00	2534.00	2534.00	2534.00	2534.00	2534.00	2534.00	2534.00	2534.00	2535.00	2535.00	2535.00	2535.00	2535.00	2535.00	2535.00	2535.00	2535.00	2535.00	2535.00	2535.00	2535.00	2535.00	2535.00	2535.00	2536.00	2536.00	2536.00	2536.00	2536.00	2536.00	2536.00	2536.00	2536.00	2536.00	2537.00	2537.00	2537.00	2537.00	2537.00	2537.00	2537.00	2538.00	2538.00	2538.00	2538.00	2538.00	2538.00	2539.00	2539.00	2539.00	2539.00	2539.00	2539.00	2539.00	2540.00	2540.00	2540.00	2540.00	2540.00	2540.00	2540.00	2541.00	2541.00	2541.00	2541.00	2541.00	2541.00	2542.00	2542.00	2542.00	2542.00	2542.00	2542.00	2543.00	2543.00	2543.00	2543.00	2543.00	2543.00	2544.00	2544.00	2544.00	2544.00	2544.00	2544.00	2544.00	2545.00	2545.00	2545.00	2545.00	2545.00	2545.00	2545.00	2546.00	2546.00	2546.00	2546.00	2546.00	2546.00	2547.00	2547.00	2547.00	2547.00	2547.00	2547.00	2547.00	2547.00	2547.00	2547.00	2547.00	2547.00	2547.00	2547.00	2547.00	2547.00	2547.00	2547.00	2548.00	2548.00	2548.00	2548.00	2548.00	2548.00	2548.00	2548.00	2548.00	2548.00	2548.00	2548.00	2548.00	2548.00	2548.00	2548.00	2548.00	2548.00	2548.00	2548.00	2548.00	2548.00	2548.00	2548.00	2548.00	2548.00	2548.00	2548.00	2548.00	2548.00	2548.00	2547.00	2547.00	2547.00	2547.00	2547.00	2547.00	2547.00	2547.00	2547.00	2547.00	2547.00	2547.00	2546.00	2546.00	2546.00	2546.00	2546.00	2546.00	2546.00	2546.00	2546.00	2546.00	2546.00	2545.00	2545.00	2545.00	2545.00	2545.00	2545.00	2545.00	2545.00	2545.00	2544.00	2544.00	2544.00	2544.00	2544.00	2544.00	2544.00	2544.00	2544.00	2544.00	2544.00	2544.00	2544.00	2544.00	2544.00	2544.00	2544.00	2544.00	2544.00	2544.00	2544.00	2544.00	2544.00	2544.00	2544.00	2544.00	2544.00	2544.00	2544.00	2544.00	2544.00	2544.00	2544.00	2544.00	2544.00	2544.00	2544.00	2544.00	2544.00	2544.00	2544.00	2544.00	2544.00	2544.00
2532.00	2532.00	2532.00	2532.00	2532.00	2532.00	2532.00	2532.00	2532.00	2532.00	2532.00	2532.00	2532.00	2532.00	2532.00	2533.00	2533.00	2533.00	2533.00	2533.00	2533.00	2533.00	2533.00	2533.00	2533.00	2533.00	2533.00	2533.00	2533.00	2534.00	2534.00	2534.00	2534.00	2534.00	2534.00	2534.00	2534.00	2534.00	2534.00	2534.00	2535.00	2535.00	2535.00	2535.00	2535.00	2535.00	2535.00	2535.00	2535.00	2535.00	2535.00	2535.00	2535.00	2535.00	2535.00	2535.00	2536.00	2536.00	2536.00	2536.00	2536.00	2536.00	2536.00	2536.00	2536.00	2536.00	2537.00	2537.00	2537.00	2537.00	2537.00	2537.00	2537.00	2538.00	2538.00	2538.00	2538.00	2538.00	2538.00	2539.00	2539.00	2539.00	2539.00	2539.00	2539.00	2539.00	2540.00	2540.00	2540.00	2540.00	2540.00	2540.00	2540.00	2541.00	2541.00	2541.00	2541.00	2541.00	2541.00	2542.00	2542.00	2542.00	2542.00	2542.00	2542.00	2543.00	2543.00	2543.00	2543.00	2543.00	2543.00	2544.00	2544.00	2544.00	2544.00	2544.00	2544.00	2544.00	2545.00	2545.00	2545.00	2545.00	2545.00	2545.00	2545.00	2546.00	2546.00	2546.00	2546.00	2546.00	2546.00	2547.00	2547.00	2547.00	2547.00	2547.00	2547.00	2547.00	2547.00	2547.00	2547.00	2547.00	2547.00	2547.00	2547.00	2547.00	2547.00	2547.00	2547.00	2548.00	2548.00	2548.00	2548.00	2548.00	2548.00	2548.00	2548.00	2548.00	2548.00	2548.00	2548.00	2548.00	2548.00	2548.00	2548.00	2548.00	2548.00	2548.00	2548.00	2548.00	2548.00	2548.00	2548.00	2548.00	2548.00	2548.00	2548.00	2548.00	2548.00	2548.00	2547.00	2547.00	2547.00	2547.00	2547.00	2547.00	2547.00	2547.00	2547.00	2547.00	2547.00	2547.00	2546.00	2546.00	2546.00	2546.00	2546.00	2546.00	2546.00	2546.00	2546.00	2546.00	2546.00	2545.00	2545.00	2545.00	2545.00	2545.00	2545.00	2545.00	2545.00	2545.00	2544.00	2544.00	2544.00	2544.00	2544.00	2544.00	2544.00	2544.00	2544.00	2544.00	2544.00	2544.00	2544.00	2544.00	2544.00	2544.00	2544.00	2544.00	2544.00	2544.00	2544.00	2544.00	2544.00	2544.00	2544.00	2544.00	2544.00	2544.00	2544.00	2544.00	2544.00	2544.00	2544.00	2544.00	2544.00	2544.00	2544.00	2544.00	2544.00	2544.00	2544.00	2544.00	2544.00	2544.00
2532.00	2532.00	2532.00	2532.00	2532.00	2532.00	2532.00	2532.00	2532.00	2532.00	2532.00	2532.00	2532.00	2532.00	2532.00	2533.00	2533.00	2533.00	2533.00	2533.00	2533.00	2533.00	2533.00	2533.00	2533.00	2533.00	2533.00	2533.00	2533.00	2534.00	2534.00	2534.00	2534.00	2534.00	2534.00	2534.00	2534.00	2534.00	2534.00	2534.00	2535.00	2535.00	2535.00	2535.00	2535.00	2535.00	2535.00	2535.00	2535.00	2535.00	2535.00	2535.00	2535.00	2535.00	2535.00	2535.00	2536.00	2536.00	2536.00	2536.00	2536.00	2536.00	2536.00	2536.00	2536.00	2536.00	2537.00	2537.00	2537.00	2537.00	2537.00	2537.00	2537.00	2538.00	2538.00	2538.00	2538.00	2538.00	2538.00	2539.00	2539.00	2539.00	2539.00	2539.00	2539.00	2539.00	2540.00	2540.00	2540.00	2540.00	2540.00	2540.00	2540.00	2541.00	2541.00	2541.00	2541.00	2541.00	2541.00	2542.00	2542.00	2542.00	2542.00	2542.00	2542.00	2543.00	2543.00	2543.00	2543.00	2543.00	2543.00	2544.00	2544.00	2544.00	2544.00	2544.00	2544.00	2544.00	2545.00	2545.00	2545.00	2545.00	2545.00	2545.00	2545.00	2546.00	2546.00	2546.00	2546.00	2546.00	2546.00	2547.00	2547.00	2547.00	2547.00	2547.00	2547.00	2547.00	2547.00	2547.00	2547.00	2547.00	2547.00	2547.00	2547.00	2547.00	2547.00	2547.00	2547.00	2548.00	2548.00	2548.00	2548.00	2548.00	2548.00	2548.00	2548.00	2548.00	2548.00	2548.00	2548.00	2548.00	2548.00	2548.00	2548.00	2548.00	2548.00	2548.00	2548.00	2548.00	2548.00	2548.00	2548.00	2548.00	2548.00	2548.00	2548.00	2548.00	2548.00	2548.00	2547.00	2547.00	2547.00	2547.00	2547.00	2547.00	2547.00	2547.00	2547.00	2547.00	2547.00	2547.00	2546.00	2546.00	2546.00	2546.00	2546.00	2546.00	2546.00	2546.00	2546.00	2546.00	2546.00	2545.00	2545.00	2545.00	2545.00	2545.00	2545.00	2545.00	2545.00	2545.00	2544.00	2544.00	2544.00	2544.00	2544.00	2544.00	2544.00	2544.00	2544.00	2544.00	2544.00	2544.00	2544.00	2544.00	2544.00	2544.00	2544.00	2544.00	2544.00	2544.00	2544.00	2544.00	2544.00	2544.00	2544.00	2544.00	2544.00	2544.00	2544.00	2544.00	2544.00	2544.00	2544.00	2544.00	2544.00	2544.00	2544.00	2544.00	2544.00	2544.00	2544.00	2544.00	2544.00	2544.00
2532.00	2532.00	2532.00	2532.00	2532.00	2532.00	2532.00	2532.00	2532.00	2532.00	2532.00	2532.00	2532.00	2532.00	2532.00	2533.00	2533.00	2533.00	2533.00	2533.00	2533.00	2533.00	2533.00	2533.00	2533.00	2533.00	2533.00	2533.00	2533.00	2534.00	2534.00	2534.00	2534.00	2534.00	2534.00	2534.00	2534.00	2534.00	2534.00	2534.00	2535.00	2535.00	2535.00	2535.00	2535.00	2535.00	2535.00	2535.00	2535.00	2535.00	2535.00	2535.00	2535.00	2535.00	2535.00	2535.00	2536.00	2536.00	2536.00	2536.00	2536.00	2536.00	2536.00	2536.00	2536.00	2536.00	2537.00	2537.00	2537.00	2537.00	2537.00	2537.00	2537.00	2538.00	2538.00	2538.00	2538.00	2538.00	2538.00	2539.00	2539.00	2539.00	2539.00	2539.00	2539.00	2539.00	2540.00	2540.00	2540.00	2540.00	2540.00	2540.00	2540.00	2541.00	2541.00	2541.00	2541.00	2541.00	2541.00	2542.00	2542.00	2542.00	2542.00	2542.00	2542.00	2543.00	2543.00	2543.00	2543.00	2543.00	2543.00	2544.00	2544.00	2544.00	2544.00	2544.00	2544.00	2544.00	2545.00	2545.00	2545.00	2545.00	2545.00	2545.00	2545.00	2546.00	2546.00	2546.00	2546.00	2546.00	2546.00	2547.00	2547.00	2547.00	2547.00	2547.00	2547.00	2547.00	2547.00	2547.00	2547.00	2547.00	2547.00	2547.00	2547.00	2547.00	2547.00	2547.00	2547.00	2548.00	2548.00	2548.00	2548.00	2548.00	2548.00	2548.00	2548.00	2548.00	2548.00	2548.00	2548.00	2548.00	2548.00	2548.00	2548.00	2548.00	2548.00	2548.00	2548.00	2548.00	2548.00	2548.00	2548.00	2548.00	2548.00	2548.00	2548.00	2548.00	2548.00	2548.00	2547.00	2547.00	2547.00	2547.00	2547.00	2547.00	2547.00	2547.00	2547.00	2547.00	2547.00	2547.00	2546.00	2546.00	2546.00	2546.00	2546.00	2546.00	2546.00	2546.00	2546.00	2546.00	2546.00	2545.00	2545.00	2545.00	2545.00	2545.00	2545.00	2545.00	2545.00	2545.00	2544.00	2544.00	2544.00	2544.00	2544.00	2544.00	2544.00	2544.00	2544.00	2544.00	2544.00	2544.00	2544.00	2544.00	2544.00	2544.00	2544.00	2544.00	2544.00	2544.00	2544.00	2544.00	2544.00	2544.00	2544.00	2544.00	2544.00	2544.00	2544.00	2544.00	2544.00	2544.00	2544.00	2544.00	2544.00	2544.00	2544.00	2544.00	2544.00	2544.00	2544.00	2544.00	2544.00	2544.00
2532.00	2532.00	2532.00	2532.00	2532.00	2532.00	2532.00	2532.00	2532.00	2532.00	2532.00	2532.00	2532.00	2532.00	2532.00	2533.00	2533.00	2533.00	2533.00	2533.00	2533.00	2533.00	2533.00	2533.00	2533.00	2533.00	2533.00	2533.00	2533.00	2534.00	2534.00	2534.00	2534.00	2534.00	2534.00	2534.00	2534.00	2534.00	2534.00	2534.00	2535.00	2535.00	2535.00	2535.00	2535.00	2535.00	2535.00	2535.00	2535.00	2535.00	2535.00	2535.00	2535.00	2535.00	2535.00	2535.00	2536.00	2536.00	2536.00	2536.00	2536.00	2536.00	2536.00	2536.00	2536.00	2536.00	2537.00	2537.00	2537.00	2537.00	2537.00	2537.00	2537.00	2538.00	2538.00	2538.00	2538.00	2538.00	2538.00	2539.00	2539.00	2539.00	2539.00	2539.00	2539.00	2539.00	2540.00	2540.00	2540.00	2540.00	2540.00	2540.00	2540.00	2541.00	2541.00	2541.00	2541.00	2541.00	2541.00	2542.00	2542.00	2542.00	2542.00	2542.00	2542.00	2543.00	2543.00	2543.00	2543.00	2543.00	2543.00	2544.00	2544.00	2544.00	2544.00	2544.00	2544.00	2544.00	2545.00	2545.00	2545.00	2545.00	2545.00	2545.00	2545.00	2546.00	2546.00	2546.00	2546.00	2546.00	2546.00	2547.00	2547.00	2547.00	2547.00	2547.00	2547.00	2547.00	2547.00	2547.00	2547.00	2547.00	2547.00	2547.00	2547.00	2547.00	2547.00	2547.00	2547.00	2548.00	2548.00	2548.00	2548.00	2548.00	2548.00	2548.00	2548.00	2548.00	2548.00	2548.00	2548.00	2548.00	2548.00	2548.00	2548.00	2548.00	2548.00	2548.00	2548.00	2548.00	2548.00	2548.00	2548.00	2548.00	2548.00	2548.00	2548.00	2548.00	2548.00	2548.00	2547.00	2547.00	2547.00	2547.00	2547.00	2547.00	2547.00	2547.00	2547.00	2547.00	2547.00	2547.00	2546.00	2546.00	2546.00	2546.00	2546.00	2546.00	2546.00	2546.00	2546.00	2546.00	2546.00	2545.00	2545.00	2545.00	2545.00	2545.00	2545.00	2545.00	2545.00	2545.00	2544.00	2544.00	2544.00	2544.00	2544.00	2544.00	2544.00	2544.00	2544.00	2544.00	2544.00	2544.00	2544.00	2544.00	2544.00	2544.00	2544.00	2544.00	2544.00	2544.00	2544.00	2544.00	2544.00	2544.00	2544.00	2544.00	2544.00	2544.00	2544.00	2544.00	2544.00	2544.00	2544.00	2544.00	2544.00	2544.00	2544.00	2544.00	2544.00	2544.00	2544.00	2544.00	2544.00	2544.00
2532.00	2532.00	2532.00	2532.00	2532.00	2532.00	2532.00	2532.00	2532.00	2532.00	2532.00	2532.00	2532.00	2532.00	2532.00	2533.00	2533.00	2533.00	2533.00	2533.00	2533.00	2533.00	2533.00	2533.00	2533.00	2533.00	2533.00	2533.00	2533.00	2534.00	2534.00	2534.00	2534.00	2534.00	2534.00	2534.00	2534.00	2534.00	2534.00	2534.00	2535.00	2535.00	2535.00	2535.00	2535.00	2535.00	2535.00	2535.00	2535.00	2535.00	2535.00	2535.00	2535.00	2535.00	2535.00	2535.00	2536.00	2536.00	2536.00	2536.00	2536.00	2536.00	2536.00	2536.00	2536.00	2536.00	2537.00	2537.00	2537.00	2537.00	2537.00	2537.00	2537.00	2538.00	2538.00	2538.00	2538.00	2538.00	2538.00	2539.00	2539.00	2539.00	2539.00	2539.00	2539.00	2539.00	2540.00	2540.00	2540.00	2540.00	2540.00	2540.00	2540.00	2541.00	2541.00	2541.00	2541.00	2541.00	2541.00	2542.00	2542.00	2542.00	2542.00	2542.00	2542.00	2543.00	2543.00	2543.00	2543.00	2543.00	2543.00	2544.00	2544.00	2544.00	2544.00	2544.00	2544.00	2544.00	2545.00	2545.00	2545.00	2545.00	2545.00	2545.00	2545.00	2546.00	2546.00	2546.00	2546.00	2546.00	2546.00	2547.00	2547.00	2547.00	2547.00	2547.00	2547.00	2547.00	2547.00	2547.00	2547.00	2547.00	2547.00	2547.00	2547.00	2547.00	2547.00	2547.00	2547.00	2548.00	2548.00	2548.00	2548.00	2548.00	2548.00	2548.00	2548.00	2548.00	2548.00	2548.00	2548.00	2548.00	2548.00	2548.00	2548.00	2548.00	2548.00	2548.00	2548.00	2548.00	2548.00	2548.00	2548.00	2548.00	2548.00	2548.00	2548.00	2548.00	2548.00	2548.00	2547.00	2547.00	2547.00	2547.00	2547.00	2547.00	2547.00	2547.00	2547.00	2547.00	2547.00	2547.00	2546.00	2546.00	2546.00	2546.00	2546.00	2546.00	2546.00	2546.00	2546.00	2546.00	2546.00	2545.00	2545.00	2545.00	2545.00	2545.00	2545.00	2545.00	2545.00	2545.00	2544.00	2544.00	2544.00	2544.00	2544.00	2544.00	2544.00	2544.00	2544.00	2544.00	2544.00	2544.00	2544.00	2544.00	2544.00	2544.00	2544.00	2544.00	2544.00	2544.00	2544.00	2544.00	2544.00	2544.00	2544.00	2544.00	2544.00	2544.00	2544.00	2544.00	2544.00	2544.00	2544.00	2544.00	2544.00	2544.00	2544.00	2544.00	2544.00	2544.00	2544.00	2544.00	2544.00	2544.00
2533.00	2533.00	2533.00	2533.00	2533.00	2533.00	2533.00	2533.00	2533.00	2533.00	2533.00	2533.00	2533.00	2533.00	2533.00	2533.00	2533.00	2534.00	2534.00	2534.00	2534.00	2534.00	2534.00	2534.00	2534.00	2534.00	2534.00	2534.00	2534.00	2534.00	2534.00	2534.00	2534.00	2534.00	2535.00	2535.00	2535.00	2535.00	2535.00	2535.00	2535.00	2535.00	2535.00	2535.00	2535.00	2535.00	2536.00	2536.00	2536.00	2536.00	2536.00	2536.00	2536.00	2536.00	2537.00	2537.00	2537.00	2537.00	2537.00	2537.00	2537.00	2538.00	2538.00	2538.00	2538.00	2538.00	2538.00	2538.00	2538.00	2539.00	2539.00	2539.00	2539.00	2539.00	2539.00	2539.00	2539.00	2539.00	2540.00	2540.00	2540.00	2540.00	2540.00	2540.00	2541.00	2541.00	2541.00	2541.00	2541.00	2541.00	2541.00	2542.00	2542.00	2542.00	2542.00	2542.00	2542.00	2542.00	2543.00	2543.00	2543.00	2543.00	2543.00	2543.00	2544.00	2544.00	2544.00	2544.00	2544.00	2545.00	2545.00	2545.00	2545.00	2545.00	2545.00	2545.00	2546.00	2546.00	2546.00	2546.00	2546.00	2546.00	2546.00	2546.00	2546.00	2546.00	2546.00	2547.00	2547.00	2547.00	2547.00	2547.00	2547.00	2547.00	2547.00	2547.00	2547.00	2547.00	2547.00	2547.00	2547.00	2547.00	2547.00	2547.00	2547.00	2547.00	2547.00	2547.00	2547.00	2547.00	2547.00	2547.00	2547.00	2547.00	2547.00	2547.00	2547.00	2547.00	2547.00	2547.00	2547.00	2547.00	2547.00	2547.00	2547.00	2547.00	2547.00	2547.00	2547.00	2547.00	2547.00	2547.00	2547.00	2547.00	2547.00	2547.00	2547.00	2547.00	2546.00	2546.00	2546.00	2546.00	2546.00	2546.00	2546.00	2546.00	2546.00	2546.00	2546.00	2545.00	2545.00	2545.00	2545.00	2545.00	2545.00	2545.00	2545.00	2545.00	2544.00	2544.00	2544.00	2544.00	2544.00	2544.00	2544.00	2544.00	2544.00	2543.00	2543.00	2543.00	2543.00	2543.00	2543.00	2543.00	2543.00	2543.00	2543.00	2543.00	2543.00	2543.00	2543.00	2543.00	2543.00	2543.00	2542.00	2542.00	2542.00	2542.00	2542.00	2542.00	2542.00	2542.00	2542.00	2542.00	2542.00	2542.00	2542.00	2542.00	2542.00	2542.00	2542.00	2542.00	2542.00	2542.00	2542.00	2542.00	2542.00	2542.00	2542.00	2542.00	2542.00	2542.00	2542.00	2542.00	2542.00	2542.00
2533.00	2533.00	2533.00	2533.00	2533.00	2533.00	2533.00	2533.00	2533.00	2533.00	2533.00	2533.00	2533.00	2533.00	2533.00	2533.00	2533.00	2534.00	2534.00	2534.00	2534.00	2534.00	2534.00	2534.00	2534.00	2534.00	2534.00	2534.00	2534.00	2534.00	2534.00	2534.00	2534.00	2534.00	2535.00	2535.00	2535.00	2535.00	2535.00	2535.00	2535.00	2535.00	2535.00	2535.00	2535.00	2535.00	2536.00	2536.00	2536.00	2536.00	2536.00	2536.00	2536.00	2536.00	2537.00	2537.00	2537.00	2537.00	2537.00	2537.00	2537.00	2538.00	2538.00	2538.00	2538.00	2538.00	2538.00	2538.00	2538.00	2539.00	2539.00	2539.00	2539.00	2539.00	2539.00	2539.00	2539.00	2539.00	2540.00	2540.00	2540.00	2540.00	2540.00	2540.00	2541.00	2541.00	2541.00	2541.00	2541.00	2541.00	2541.00	2542.00	2542.00	2542.00	2542.00	2542.00	2542.00	2542.00	2543.00	2543.00	2543.00	2543.00	2543.00	2543.00	2544.00	2544.00	2544.00	2544.00	2544.00	2545.00	2545.00	2545.00	2545.00	2545.00	2545.00	2545.00	2546.00	2546.00	2546.00	2546.00	2546.00	2546.00	2546.00	2546.00	2546.00	2546.00	2546.00	2547.00	2547.00	2547.00	2547.00	2547.00	2547.00	2547.00	2547.00	2547.00	2547.00	2547.00	2547.00	2547.00	2547.00	2547.00	2547.00	2547.00	2547.00	2547.00	2547.00	2547.00	2547.00	2547.00	2547.00	2547.00	2547.00	2547.00	2547.00	2547.00	2547.00	2547.00	2547.00	2547.00	2547.00	2547.00	2547.00	2547.00	2547.00	2547.00	2547.00	2547.00	2547.00	2547.00	2547.00	2547.00	2547.00	2547.00	2547.00	2547.00	2547.00	2547.00	2546.00	2546.00	2546.00	2546.00	2546.00	2546.00	2546.00	2546.00	2546.00	2546.00	2546.00	2545.00	2545.00	2545.00	2545.00	2545.00	2545.00	2545.00	2545.00	2545.00	2544.00	2544.00	2544.00	2544.00	2544.00	2544.00	2544.00	2544.00	2544.00	2543.00	2543.00	2543.00	2543.00	2543.00	2543.00	2543.00	2543.00	2543.00	2543.00	2543.00	2543.00	2543.00	2543.00	2543.00	2543.00	2543.00	2542.00	2542.00	2542.00	2542.00	2542.00	2542.00	2542.00	2542.00	2542.00	2542.00	2542.00	2542.00	2542.00	2542.00	2542.00	2542.00	2542.00	2542.00	2542.00	2542.00	2542.00	2542.00	2542.00	2542.00	2542.00	2542.00	2542.00	2542.00	2542.00	2542.00	2542.00	2542.00
2533.00	2533.00	2533.00	2533.00	2533.00	2533.00	2533.00	2533.00	2533.00	2533.00	2533.00	2533.00	2533.00	2533.00	2533.00	2533.00	2533.00	2534.00	2534.00	2534.00	2534.00	2534.00	2534.00	2534.00	2534.00	2534.00	2534.00	2534.00	2534.00	2534.00	2534.00	2534.00	2534.00	2534.00	2535.00	2535.00	2535.00	2535.00	2535.00	2535.00	2535.00	2535.00	2535.00	2535.00	2535.00	2535.00	2536.00	2536.00	2536.00	2536.00	2536.00	2536.00	2536.00	2536.00	2537.00	2537.00	2537.00	2537.00	2537.00	2537.00	2537.00	2538.00	2538.00	2538.00	2538.00	2538.00	2538.00	2538.00	2538.00	2539.00	2539.00	2539.00	2539.00	2539.00	2539.00	2539.00	2539.00	2539.00	2540.00	2540.00	2540.00	2540.00	2540.00	2540.00	2541.00	2541.00	2541.00	2541.00	2541.00	2541.00	2541.00	2542.00	2542.00	2542.00	2542.00	2542.00	2542.00	2542.00	2543.00	2543.00	2543.00	2543.00	2543.00	2543.00	2544.00	2544.00	2544.00	2544.00	2544.00	2545.00	2545.00	2545.00	2545.00	2545.00	2545.00	2545.00	2546.00	2546.00	2546.00	2546.00	2546.00	2546.00	2546.00	2546.00	2546.00	2546.00	2546.00	2547.00	2547.00	2547.00	2547.00	2547.00	2547.00	2547.00	2547.00	2547.00	2547.00	2547.00	2547.00	2547.00	2547.00	2547.00	2547.00	2547.00	2547.00	2547.00	2547.00	2547.00	2547.00	2547.00	2547.00	2547.00	2547.00	2547.00	2547.00	2547.00	2547.00	2547.00	2547.00	2547.00	2547.00	2547.00	2547.00	2547.00	2547.00	2547.00	2547.00	2547.00	2547.00	2547.00	2547.00	2547.00	2547.00	2547.00	2547.00	2547.00	2547.00	2547.00	2546.00	2546.00	2546.00	2546.00	2546.00	2546.00	2546.00	2546.00	2546.00	2546.00	2546.00	2545.00	2545.00	2545.00	2545.00	2545.00	2545.00	2545.00	2545.00	2545.00	2544.00	2544.00	2544.00	2544.00	2544.00	2544.00	2544.00	2544.00	2544.00	2543.00	2543.00	2543.00	2543.00	2543.00	2543.00	2543.00	2543.00	2543.00	2543.00	2543.00	2543.00	2543.00	2543.00	2543.00	2543.00	2543.00	2542.00	2542.00	2542.00	2542.00	2542.00	2542.00	2542.00	2542.00	2542.00	2542.00	2542.00	2542.00	2542.00	2542.00	2542.00	2542.00	2542.00	2542.00	2542.00	2542.00	2542.00	2542.00	2542.00	2542.00	2542.00	2542.00	2542.00	2542.00	2542.00	2542.00	2542.00	2542.00
2533.00	2533.00	2533.00	2533.00	2533.00	2533.00	2533.00	2533.00	2533.00	2533.00	2533.00	2533.00	2533.00	2533.00	2533.00	2533.00	2533.00	2534.00	2534.00	2534.00	2534.00	2534.00	2534.00	2534.00	2534.00	2534.00	2534.00	2534.00	2534.00	2534.00	2534.00	2534.00	2534.00	2534.00	2535.00	2535.00	2535.00	2535.00	2535.00	2535.00	2535.00	2535.00	2535.00	2535.00	2535.00	2535.00	2536.00	2536.00	2536.00	2536.00	2536.00	2536.00	2536.00	2536.00	2537.00	2537.00	2537.00	2537.00	2537.00	2537.00	2537.00	2538.00	2538.00	2538.00	2538.00	2538.00	2538.00	2538.00	2538.00	2539.00	2539.00	2539.00	2539.00	2539.00	2539.00	2539.00	2539.00	2539.00	2540.00	2540.00	2540.00	2540.00	2540.00	2540.00	2541.00	2541.00	2541.00	2541.00	2541.00	2541.00	2541.00	2542.00	2542.00	2542.00	2542.00	2542.00	2542.00	2542.00	2543.00	2543.00	2543.00	2543.00	2543.00	2543.00	2544.00	2544.00	2544.00	2544.00	2544.00	2545.00	2545.00	2545.00	2545.00	2545.00	2545.00	2545.00	2546.00	2546.00	2546.00	2546.00	2546.00	2546.00	2546.00	2546.00	2546.00	2546.00	2546.00	2547.00	2547.00	2547.00	2547.00	2547.00	2547.00	2547.00	2547.00	2547.00	2547.00	2547.00	2547.00	2547.00	2547.00	2547.00	2547.00	2547.00	2547.00	2547.00	2547.00	2547.00	2547.00	2547.00	2547.00	2547.00	2547.00	2547.00	2547.00	2547.00	2547.00	2547.00	2547.00	2547.00	2547.00	2547.00	2547.00	2547.00	2547.00	2547.00	2547.00	2547.00	2547.00	2547.00	2547.00	2547.00	2547.00	2547.00	2547.00	2547.00	2547.00	2547.00	2546.00	2546.00	2546.00	2546.00	2546.00	2546.00	2546.00	2546.00	2546.00	2546.00	2546.00	2545.00	2545.00	2545.00	2545.00	2545.00	2545.00	2545.00	2545.00	2545.00	2544.00	2544.00	2544.00	2544.00	2544.00	2544.00	2544.00	2544.00	2544.00	2543.00	2543.00	2543.00	2543.00	2543.00	2543.00	2543.00	2543.00	2543.00	2543.00	2543.00	2543.00	2543.00	2543.00	2543.00	2543.00	2543.00	2542.00	2542.00	2542.00	2542.00	2542.00	2542.00	2542.00	2542.00	2542.00	2542.00	2542.00	2542.00	2542.00	2542.00	2542.00	2542.00	2542.00	2542.00	2542.00	2542.00	2542.00	2542.00	2542.00	2542.00	2542.00	2542.00	2542.00	2542.00	2542.00	2542.00	2542.00	2542.00
2533.00	2533.00	2533.00	2533.00	2533.00	2533.00	2533.00	2533.00	2533.00	2533.00	2533.00	2533.00	2533.00	2533.00	2533.00	2533.00	2533.00	2534.00	2534.00	2534.00	2534.00	2534.00	2534.00	2534.00	2534.00	2534.00	2534.00	2534.00	2534.00	2534.00	2534.00	2534.00	2534.00	2534.00	2535.00	2535.00	2535.00	2535.00	2535.00	2535.00	2535.00	2535.00	2535.00	2535.00	2535.00	2535.00	2536.00	2536.00	2536.00	2536.00	2536.00	2536.00	2536.00	2536.00	2537.00	2537.00	2537.00	2537.00	2537.00	2537.00	2537.00	2538.00	2538.00	2538.00	2538.00	2538.00	2538.00	2538.00	2538.00	2539.00	2539.00	2539.00	2539.00	2539.00	2539.00	2539.00	2539.00	2539.00	2540.00	2540.00	2540.00	2540.00	2540.00	2540.00	2541.00	2541.00	2541.00	2541.00	2541.00	2541.00	2541.00	2542.00	2542.00	2542.00	2542.00	2542.00	2542.00	2542.00	2543.00	2543.00	2543.00	2543.00	2543.00	2543.00	2544.00	2544.00	2544.00	2544.00	2544.00	2545.00	2545.00	2545.00	2545.00	2545.00	2545.00	2545.00	2546.00	2546.00	2546.00	2546.00	2546.00	2546.00	2546.00	2546.00	2546.00	2546.00	2546.00	2547.00	2547.00	2547.00	2547.00	2547.00	2547.00	2547.00	2547.00	2547.00	2547.00	2547.00	2547.00	2547.00	2547.00	2547.00	2547.00	2547.00	2547.00	2547.00	2547.00	2547.00	2547.00	2547.00	2547.00	2547.00	2547.00	2547.00	2547.00	2547.00	2547.00	2547.00	2547.00	2547.00	2547.00	2547.00	2547.00	2547.00	2547.00	2547.00	2547.00	2547.00	2547.00	2547.00	2547.00	2547.00	2547.00	2547.00	2547.00	2547.00	2547.00	2547.00	2546.00	2546.00	2546.00	2546.00	2546.00	2546.00	2546.00	2546.00	2546.00	2546.00	2546.00	2545.00	2545.00	2545.00	2545.00	2545.00	2545.00	2545.00	2545.00	2545.00	2544.00	2544.00	2544.00	2544.00	2544.00	2544.00	2544.00	2544.00	2544.00	2543.00	2543.00	2543.00	2543.00	2543.00	2543.00	2543.00	2543.00	2543.00	2543.00	2543.00	2543.00	2543.00	2543.00	2543.00	2543.00	2543.00	2542.00	2542.00	2542.00	2542.00	2542.00	2542.00	2542.00	2542.00	2542.00	2542.00	2542.00	2542.00	2542.00	2542.00	2542.00	2542.00	2542.00	2542.00	2542.00	2542.00	2542.00	2542.00	2542.00	2542.00	2542.00	2542.00	2542.00	2542.00	2542.00	2542.00	2542.00	2542.00
2533.00	2533.00	2533.00	2533.00	2533.00	2533.00	2533.00	2533.00	2533.00	2533.00	2533.00	2533.00	2533.00	2533.00	2533.00	2533.00	2533.00	2534.00	2534.00	2534.00	2534.00	2534.00	2534.00	2534.00	2534.00	2534.00	2534.00	2534.00	2534.00	2534.00	2534.00	2534.00	2534.00	2534.00	2535.00	2535.00	2535.00	2535.00	2535.00	2535.00	2535.00	2535.00	2535.00	2535.00	2535.00	2535.00	2536.00	2536.00	2536.00	2536.00	2536.00	2536.00	2536.00	2536.00	2537.00	2537.00	2537.00	2537.00	2537.00	2537.00	2537.00	2538.00	2538.00	2538.00	2538.00	2538.00	2538.00	2538.00	2538.00	2539.00	2539.00	2539.00	2539.00	2539.00	2539.00	2539.00	2539.00	2539.00	2540.00	2540.00	2540.00	2540.00	2540.00	2540.00	2541.00	2541.00	2541.00	2541.00	2541.00	2541.00	2541.00	2542.00	2542.00	2542.00	2542.00	2542.00	2542.00	2542.00	2543.00	2543.00	2543.00	2543.00	2543.00	2543.00	2544.00	2544.00	2544.00	2544.00	2544.00	2545.00	2545.00	2545.00	2545.00	2545.00	2545.00	2545.00	2546.00	2546.00	2546.00	2546.00	2546.00	2546.00	2546.00	2546.00	2546.00	2546.00	2546.00	2547.00	2547.00	2547.00	2547.00	2547.00	2547.00	2547.00	2547.00	2547.00	2547.00	2547.00	2547.00	2547.00	2547.00	2547.00	2547.00	2547.00	2547.00	2547.00	2547.00	2547.00	2547.00	2547.00	2547.00	2547.00	2547.00	2547.00	2547.00	2547.00	2547.00	2547.00	2547.00	2547.00	2547.00	2547.00	2547.00	2547.00	2547.00	2547.00	2547.00	2547.00	2547.00	2547.00	2547.00	2547.00	2547.00	2547.00	2547.00	2547.00	2547.00	2547.00	2546.00	2546.00	2546.00	2546.00	2546.00	2546.00	2546.00	2546.00	2546.00	2546.00	2546.00	2545.00	2545.00	2545.00	2545.00	2545.00	2545.00	2545.00	2545.00	2545.00	2544.00	2544.00	2544.00	2544.00	2544.00	2544.00	2544.00	2544.00	2544.00	2543.00	2543.00	2543.00	2543.00	2543.00	2543.00	2543.00	2543.00	2543.00	2543.00	2543.00	2543.00	2543.00	2543.00	2543.00	2543.00	2543.00	2542.00	2542.00	2542.00	2542.00	2542.00	2542.00	2542.00	2542.00	2542.00	2542.00	2542.00	2542.00	2542.00	2542.00	2542.00	2542.00	2542.00	2542.00	2542.00	2542.00	2542.00	2542.00	2542.00	2542.00	2542.00	2542.00	2542.00	2542.00	2542.00	2542.00	2542.00	2542.00
2533.00	2533.00	2533.00	2533.00	2533.00	2533.00	2533.00	2533.00	2533.00	2533.00	2533.00	2533.00	2533.00	2533.00	2533.00	2533.00	2533.00	2534.00	2534.00	2534.00	2534.00	2534.00	2534.00	2534.00	2534.00	2534.00	2534.00	2534.00	2534.00	2534.00	2534.00	2534.00	2534.00	2534.00	2535.00	2535.00	2535.00	2535.00	2535.00	2535.00	2535.00	2535.00	2535.00	2535.00	2535.00	2535.00	2536.00	2536.00	2536.00	2536.00	2536.00	2536.00	2536.00	2536.00	2537.00	2537.00	2537.00	2537.00	2537.00	2537.00	2537.00	2538.00	2538.00	2538.00	2538.00	2538.00	2538.00	2538.00	2538.00	2539.00	2539.00	2539.00	2539.00	2539.00	2539.00	2539.00	2539.00	2539.00	2540.00	2540.00	2540.00	2540.00	2540.00	2540.00	2541.00	2541.00	2541.00	2541.00	2541.00	2541.00	2541.00	2542.00	2542.00	2542.00	2542.00	2542.00	2542.00	2542.00	2543.00	2543.00	2543.00	2543.00	2543.00	2543.00	2544.00	2544.00	2544.00	2544.00	2544.00	2545.00	2545.00	2545.00	2545.00	2545.00	2545.00	2545.00	2546.00	2546.00	2546.00	2546.00	2546.00	2546.00	2546.00	2546.00	2546.00	2546.00	2546.00	2547.00	2547.00	2547.00	2547.00	2547.00	2547.00	2547.00	2547.00	2547.00	2547.00	2547.00	2547.00	2547.00	2547.00	2547.00	2547.00	2547.00	2547.00	2547.00	2547.00	2547.00	2547.00	2547.00	2547.00	2547.00	2547.00	2547.00	2547.00	2547.00	2547.00	2547.00	2547.00	2547.00	2547.00	2547.00	2547.00	2547.00	2547.00	2547.00	2547.00	2547.00	2547.00	2547.00	2547.00	2547.00	2547.00	2547.00	2547.00	2547.00	2547.00	2547.00	2546.00	2546.00	2546.00	2546.00	2546.00	2546.00	2546.00	2546.00	2546.00	2546.00	2546.00	2545.00	2545.00	2545.00	2545.00	2545.00	2545.00	2545.00	2545.00	2545.00	2544.00	2544.00	2544.00	2544.00	2544.00	2544.00	2544.00	2544.00	2544.00	2543.00	2543.00	2543.00	2543.00	2543.00	2543.00	2543.00	2543.00	2543.00	2543.00	2543.00	2543.00	2543.00	2543.00	2543.00	2543.00	2543.00	2542.00	2542.00	2542.00	2542.00	2542.00	2542.00	2542.00	2542.00	2542.00	2542.00	2542.00	2542.00	2542.00	2542.00	2542.00	2542.00	2542.00	2542.00	2542.00	2542.00	2542.00	2542.00	2542.00	2542.00	2542.00	2542.00	2542.00	2542.00	2542.00	2542.00	2542.00	2542.00
2533.00	2533.00	2533.00	2533.00	2533.00	2533.00	2533.00	2533.00	2533.00	2533.00	2533.00	2533.00	2533.00	2533.00	2533.00	2533.00	2533.00	2534.00	2534.00	2534.00	2534.00	2534.00	2534.00	2534.00	2534.00	2534.00	2534.00	2534.00	2534.00	2534.00	2534.00	2534.00	2534.00	2534.00	2535.00	2535.00	2535.00	2535.00	2535.00	2535.00	2535.00	2535.00	2535.00	2535.00	2535.00	2535.00	2536.00	2536.00	2536.00	2536.00	2536.00	2536.00	2536.00	2536.00	2537.00	2537.00	2537.00	2537.00	2537.00	2537.00	2537.00	2538.00	2538.00	2538.00	2538.00	2538.00	2538.00	2538.00	2538.00	2539.00	2539.00	2539.00	2539.00	2539.00	2539.00	2539.00	2539.00	2539.00	2540.00	2540.00	2540.00	2540.00	2540.00	2540.00	2541.00	2541.00	2541.00	2541.00	2541.00	2541.00	2541.00	2542.00	2542.00	2542.00	2542.00	2542.00	2542.00	2542.00	2543.00	2543.00	2543.00	2543.00	2543.00	2543.00	2544.00	2544.00	2544.00	2544.00	2544.00	2545.00	2545.00	2545.00	2545.00	2545.00	2545.00	2545.00	2546.00	2546.00	2546.00	2546.00	2546.00	2546.00	2546.00	2546.00	2546.00	2546.00	2546.00	2547.00	2547.00	2547.00	2547.00	2547.00	2547.00	2547.00	2547.00	2547.00	2547.00	2547.00	2547.00	2547.00	2547.00	2547.00	2547.00	2547.00	2547.00	2547.00	2547.00	2547.00	2547.00	2547.00	2547.00	2547.00	2547.00	2547.00	2547.00	2547.00	2547.00	2547.00	2547.00	2547.00	2547.00	2547.00	2547.00	2547.00	2547.00	2547.00	2547.00	2547.00	2547.00	2547.00	2547.00	2547.00	2547.00	2547.00	2547.00	2547.00	2547.00	2547.00	2546.00	2546.00	2546.00	2546.00	2546.00	2546.00	2546.00	2546.00	2546.00	2546.00	2546.00	2545.00	2545.00	2545.00	2545.00	2545.00	2545.00	2545.00	2545.00	2545.00	2544.00	2544.00	2544.00	2544.00	2544.00	2544.00	2544.00	2544.00	2544.00	2543.00	2543.00	2543.00	2543.00	2543.00	2543.00	2543.00	2543.00	2543.00	2543.00	2543.00	2543.00	2543.00	2543.00	2543.00	2543.00	2543.00	2542.00	2542.00	2542.00	2542.00	2542.00	2542.00	2542.00	2542.00	2542.00	2542.00	2542.00	2542.00	2542.00	2542.00	2542.00	2542.00	2542.00	2542.00	2542.00	2542.00	2542.00	2542.00	2542.00	2542.00	2542.00	2542.00	2542.00	2542.00	2542.00	2542.00	2542.00	2542.00
2533.00	2533.00	2533.00	2533.00	2533.00	2533.00	2533.00	2533.00	2533.00	2533.00	2533.00	2533.00	2533.00	2533.00	2533.00	2533.00	2533.00	2534.00	2534.00	2534.00	2534.00	2534.00	2534.00	2534.00	2534.00	2534.00	2534.00	2534.00	2534.00	2534.00	2534.00	2534.00	2534.00	2534.00	2535.00	2535.00	2535.00	2535.00	2535.00	2535.00	2535.00	2535.00	2535.00	2535.00	2535.00	2535.00	2536.00	2536.00	2536.00	2536.00	2536.00	2536.00	2536.00	2536.00	2537.00	2537.00	2537.00	2537.00	2537.00	2537.00	2537.00	2538.00	2538.00	2538.00	2538.00	2538.00	2538.00	2538.00	2538.00	2539.00	2539.00	2539.00	2539.00	2539.00	2539.00	2539.00	2539.00	2539.00	2540.00	2540.00	2540.00	2540.00	2540.00	2540.00	2541.00	2541.00	2541.00	2541.00	2541.00	2541.00	2541.00	2542.00	2542.00	2542.00	2542.00	2542.00	2542.00	2542.00	2543.00	2543.00	2543.00	2543.00	2543.00	2543.00	2544.00	2544.00	2544.00	2544.00	2544.00	2545.00	2545.00	2545.00	2545.00	2545.00	2545.00	2545.00	2546.00	2546.00	2546.00	2546.00	2546.00	2546.00	2546.00	2546.00	2546.00	2546.00	2546.00	2547.00	2547.00	2547.00	2547.00	2547.00	2547.00	2547.00	2547.00	2547.00	2547.00	2547.00	2547.00	2547.00	2547.00	2547.00	2547.00	2547.00	2547.00	2547.00	2547.00	2547.00	2547.00	2547.00	2547.00	2547.00	2547.00	2547.00	2547.00	2547.00	2547.00	2547.00	2547.00	2547.00	2547.00	2547.00	2547.00	2547.00	2547.00	2547.00	2547.00	2547.00	2547.00	2547.00	2547.00	2547.00	2547.00	2547.00	2547.00	2547.00	2547.00	2547.00	2546.00	2546.00	2546.00	2546.00	2546.00	2546.00	2546.00	2546.00	2546.00	2546.00	2546.00	2545.00	2545.00	2545.00	2545.00	2545.00	2545.00	2545.00	2545.00	2545.00	2544.00	2544.00	2544.00	2544.00	2544.00	2544.00	2544.00	2544.00	2544.00	2543.00	2543.00	2543.00	2543.00	2543.00	2543.00	2543.00	2543.00	2543.00	2543.00	2543.00	2543.00	2543.00	2543.00	2543.00	2543.00	2543.00	2542.00	2542.00	2542.00	2542.00	2542.00	2542.00	2542.00	2542.00	2542.00	2542.00	2542.00	2542.00	2542.00	2542.00	2542.00	2542.00	2542.00	2542.00	2542.00	2542.00	2542.00	2542.00	2542.00	2542.00	2542.00	2542.00	2542.00	2542.00	2542.00	2542.00	2542.00	2542.00
2533.00	2533.00	2533.00	2533.00	2533.00	2533.00	2533.00	2533.00	2533.00	2533.00	2533.00	2533.00	2533.00	2533.00	2533.00	2533.00	2533.00	2534.00	2534.00	2534.00	2534.00	2534.00	2534.00	2534.00	2534.00	2534.00	2534.00	2534.00	2534.00	2534.00	2534.00	2534.00	2534.00	2534.00	2535.00	2535.00	2535.00	2535.00	2535.00	2535.00	2535.00	2535.00	2535.00	2535.00	2535.00	2535.00	2536.00	2536.00	2536.00	2536.00	2536.00	2536.00	2536.00	2536.00	2537.00	2537.00	2537.00	2537.00	2537.00	2537.00	2537.00	2538.00	2538.00	2538.00	2538.00	2538.00	2538.00	2538.00	2538.00	2539.00	2539.00	2539.00	2539.00	2539.00	2539.00	2539.00	2539.00	2539.00	2540.00	2540.00	2540.00	2540.00	2540.00	2540.00	2541.00	2541.00	2541.00	2541.00	2541.00	2541.00	2541.00	2542.00	2542.00	2542.00	2542.00	2542.00	2542.00	2542.00	2543.00	2543.00	2543.00	2543.00	2543.00	2543.00	2544.00	2544.00	2544.00	2544.00	2544.00	2545.00	2545.00	2545.00	2545.00	2545.00	2545.00	2545.00	2546.00	2546.00	2546.00	2546.00	2546.00	2546.00	2546.00	2546.00	2546.00	2546.00	2546.00	2547.00	2547.00	2547.00	2547.00	2547.00	2547.00	2547.00	2547.00	2547.00	2547.00	2547.00	2547.00	2547.00	2547.00	2547.00	2547.00	2547.00	2547.00	2547.00	2547.00	2547.00	2547.00	2547.00	2547.00	2547.00	2547.00	2547.00	2547.00	2547.00	2547.00	2547.00	2547.00	2547.00	2547.00	2547.00	2547.00	2547.00	2547.00	2547.00	2547.00	2547.00	2547.00	2547.00	2547.00	2547.00	2547.00	2547.00	2547.00	2547.00	2547.00	2547.00	2546.00	2546.00	2546.00	2546.00	2546.00	2546.00	2546.00	2546.00	2546.00	2546.00	2546.00	2545.00	2545.00	2545.00	2545.00	2545.00	2545.00	2545.00	2545.00	2545.00	2544.00	2544.00	2544.00	2544.00	2544.00	2544.00	2544.00	2544.00	2544.00	2543.00	2543.00	2543.00	2543.00	2543.00	2543.00	2543.00	2543.00	2543.00	2543.00	2543.00	2543.00	2543.00	2543.00	2543.00	2543.00	2543.00	2542.00	2542.00	2542.00	2542.00	2542.00	2542.00	2542.00	2542.00	2542.00	2542.00	2542.00	2542.00	2542.00	2542.00	2542.00	2542.00	2542.00	2542.00	2542.00	2542.00	2542.00	2542.00	2542.00	2542.00	2542.00	2542.00	2542.00	2542.00	2542.00	2542.00	2542.00	2542.00
2533.00	2533.00	2533.00	2533.00	2533.00	2533.00	2533.00	2533.00	2533.00	2533.00	2533.00	2533.00	2533.00	2533.00	2533.00	2533.00	2533.00	2534.00	2534.00	2534.00	2534.00	2534.00	2534.00	2534.00	2534.00	2534.00	2534.00	2534.00	2534.00	2534.00	2534.00	2534.00	2534.00	2534.00	2535.00	2535.00	2535.00	2535.00	2535.00	2535.00	2535.00	2535.00	2535.00	2535.00	2535.00	2535.00	2536.00	2536.00	2536.00	2536.00	2536.00	2536.00	2536.00	2536.00	2537.00	2537.00	2537.00	2537.00	2537.00	2537.00	2537.00	2538.00	2538.00	2538.00	2538.00	2538.00	2538.00	2538.00	2538.00	2539.00	2539.00	2539.00	2539.00	2539.00	2539.00	2539.00	2539.00	2539.00	2540.00	2540.00	2540.00	2540.00	2540.00	2540.00	2541.00	2541.00	2541.00	2541.00	2541.00	2541.00	2541.00	2542.00	2542.00	2542.00	2542.00	2542.00	2542.00	2542.00	2543.00	2543.00	2543.00	2543.00	2543.00	2543.00	2544.00	2544.00	2544.00	2544.00	2544.00	2545.00	2545.00	2545.00	2545.00	2545.00	2545.00	2545.00	2546.00	2546.00	2546.00	2546.00	2546.00	2546.00	2546.00	2546.00	2546.00	2546.00	2546.00	2547.00	2547.00	2547.00	2547.00	2547.00	2547.00	2547.00	2547.00	2547.00	2547.00	2547.00	2547.00	2547.00	2547.00	2547.00	2547.00	2547.00	2547.00	2547.00	2547.00	2547.00	2547.00	2547.00	2547.00	2547.00	2547.00	2547.00	2547.00	2547.00	2547.00	2547.00	2547.00	2547.00	2547.00	2547.00	2547.00	2547.00	2547.00	2547.00	2547.00	2547.00	2547.00	2547.00	2547.00	2547.00	2547.00	2547.00	2547.00	2547.00	2547.00	2547.00	2546.00	2546.00	2546.00	2546.00	2546.00	2546.00	2546.00	2546.00	2546.00	2546.00	2546.00	2545.00	2545.00	2545.00	2545.00	2545.00	2545.00	2545.00	2545.00	2545.00	2544.00	2544.00	2544.00	2544.00	2544.00	2544.00	2544.00	2544.00	2544.00	2543.00	2543.00	2543.00	2543.00	2543.00	2543.00	2543.00	2543.00	2543.00	2543.00	2543.00	2543.00	2543.00	2543.00	2543.00	2543.00	2543.00	2542.00	2542.00	2542.00	2542.00	2542.00	2542.00	2542.00	2542.00	2542.00	2542.00	2542.00	2542.00	2542.00	2542.00	2542.00	2542.00	2542.00	2542.00	2542.00	2542.00	2542.00	2542.00	2542.00	2542.00	2542.00	2542.00	2542.00	2542.00	2542.00	2542.00	2542.00	2542.00
2533.00	2533.00	2533.00	2533.00	2533.00	2533.00	2533.00	2533.00	2533.00	2533.00	2533.00	2533.00	2533.00	2533.00	2533.00	2533.00	2533.00	2534.00	2534.00	2534.00	2534.00	2534.00	2534.00	2534.00	2534.00	2534.00	2534.00	2534.00	2534.00	2534.00	2534.00	2534.00	2534.00	2534.00	2535.00	2535.00	2535.00	2535.00	2535.00	2535.00	2535.00	2535.00	2535.00	2535.00	2535.00	2535.00	2536.00	2536.00	2536.00	2536.00	2536.00	2536.00	2536.00	2536.00	2537.00	2537.00	2537.00	2537.00	2537.00	2537.00	2537.00	2538.00	2538.00	2538.00	2538.00	2538.00	2538.00	2538.00	2538.00	2539.00	2539.00	2539.00	2539.00	2539.00	2539.00	2539.00	2539.00	2539.00	2540.00	2540.00	2540.00	2540.00	2540.00	2540.00	2541.00	2541.00	2541.00	2541.00	2541.00	2541.00	2541.00	2542.00	2542.00	2542.00	2542.00	2542.00	2542.00	2542.00	2543.00	2543.00	2543.00	2543.00	2543.00	2543.00	2544.00	2544.00	2544.00	2544.00	2544.00	2545.00	2545.00	2545.00	2545.00	2545.00	2545.00	2545.00	2546.00	2546.00	2546.00	2546.00	2546.00	2546.00	2546.00	2546.00	2546.00	2546.00	2546.00	2547.00	2547.00	2547.00	2547.00	2547.00	2547.00	2547.00	2547.00	2547.00	2547.00	2547.00	2547.00	2547.00	2547.00	2547.00	2547.00	2547.00	2547.00	2547.00	2547.00	2547.00	2547.00	2547.00	2547.00	2547.00	2547.00	2547.00	2547.00	2547.00	2547.00	2547.00	2547.00	2547.00	2547.00	2547.00	2547.00	2547.00	2547.00	2547.00	2547.00	2547.00	2547.00	2547.00	2547.00	2547.00	2547.00	2547.00	2547.00	2547.00	2547.00	2547.00	2546.00	2546.00	2546.00	2546.00	2546.00	2546.00	2546.00	2546.00	2546.00	2546.00	2546.00	2545.00	2545.00	2545.00	2545.00	2545.00	2545.00	2545.00	2545.00	2545.00	2544.00	2544.00	2544.00	2544.00	2544.00	2544.00	2544.00	2544.00	2544.00	2543.00	2543.00	2543.00	2543.00	2543.00	2543.00	2543.00	2543.00	2543.00	2543.00	2543.00	2543.00	2543.00	2543.00	2543.00	2543.00	2543.00	2542.00	2542.00	2542.00	2542.00	2542.00	2542.00	2542.00	2542.00	2542.00	2542.00	2542.00	2542.00	2542.00	2542.00	2542.00	2542.00	2542.00	2542.00	2542.00	2542.00	2542.00	2542.00	2542.00	2542.00	2542.00	2542.00	2542.00	2542.00	2542.00	2542.00	2542.00	2542.00
2533.00	2533.00	2533.00	2533.00	2533.00	2533.00	2533.00	2533.00	2533.00	2533.00	2533.00	2533.00	2533.00	2533.00	2533.00	2533.00	2533.00	2534.00	2534.00	2534.00	2534.00	2534.00	2534.00	2534.00	2534.00	2534.00	2534.00	2534.00	2534.00	2534.00	2534.00	2534.00	2534.00	2534.00	2535.00	2535.00	2535.00	2535.00	2535.00	2535.00	2535.00	2535.00	2535.00	2535.00	2535.00	2535.00	2536.00	2536.00	2536.00	2536.00	2536.00	2536.00	2536.00	2536.00	2537.00	2537.00	2537.00	2537.00	2537.00	2537.00	2537.00	2538.00	2538.00	2538.00	2538.00	2538.00	2538.00	2538.00	2538.00	2539.00	2539.00	2539.00	2539.00	2539.00	2539.00	2539.00	2539.00	2539.00	2540.00	2540.00	2540.00	2540.00	2540.00	2540.00	2541.00	2541.00	2541.00	2541.00	2541.00	2541.00	2541.00	2542.00	2542.00	2542.00	2542.00	2542.00	2542.00	2542.00	2543.00	2543.00	2543.00	2543.00	2543.00	2543.00	2544.00	2544.00	2544.00	2544.00	2544.00	2545.00	2545.00	2545.00	2545.00	2545.00	2545.00	2545.00	2546.00	2546.00	2546.00	2546.00	2546.00	2546.00	2546.00	2546.00	2546.00	2546.00	2546.00	2547.00	2547.00	2547.00	2547.00	2547.00	2547.00	2547.00	2547.00	2547.00	2547.00	2547.00	2547.00	2547.00	2547.00	2547.00	2547.00	2547.00	2547.00	2547.00	2547.00	2547.00	2547.00	2547.00	2547.00	2547.00	2547.00	2547.00	2547.00	2547.00	2547.00	2547.00	2547.00	2547.00	2547.00	2547.00	2547.00	2547.00	2547.00	2547.00	2547.00	2547.00	2547.00	2547.00	2547.00	2547.00	2547.00	2547.00	2547.00	2547.00	2547.00	2547.00	2546.00	2546.00	2546.00	2546.00	2546.00	2546.00	2546.00	2546.00	2546.00	2546.00	2546.00	2545.00	2545.00	2545.00	2545.00	2545.00	2545.00	2545.00	2545.00	2545.00	2544.00	2544.00	2544.00	2544.00	2544.00	2544.00	2544.00	2544.00	2544.00	2543.00	2543.00	2543.00	2543.00	2543.00	2543.00	2543.00	2543.00	2543.00	2543.00	2543.00	2543.00	2543.00	2543.00	2543.00	2543.00	2543.00	2542.00	2542.00	2542.00	2542.00	2542.00	2542.00	2542.00	2542.00	2542.00	2542.00	2542.00	2542.00	2542.00	2542.00	2542.00	2542.00	2542.00	2542.00	2542.00	2542.00	2542.00	2542.00	2542.00	2542.00	2542.00	2542.00	2542.00	2542.00	2542.00	2542.00	2542.00	2542.00
2533.00	2533.00	2533.00	2533.00	2533.00	2533.00	2533.00	2533.00	2533.00	2533.00	2533.00	2533.00	2533.00	2533.00	2533.00	2533.00	2533.00	2534.00	2534.00	2534.00	2534.00	2534.00	2534.00	2534.00	2534.00	2534.00	2534.00	2534.00	2534.00	2534.00	2534.00	2534.00	2534.00	2534.00	2535.00	2535.00	2535.00	2535.00	2535.00	2535.00	2535.00	2535.00	2535.00	2535.00	2535.00	2535.00	2536.00	2536.00	2536.00	2536.00	2536.00	2536.00	2536.00	2536.00	2537.00	2537.00	2537.00	2537.00	2537.00	2537.00	2537.00	2538.00	2538.00	2538.00	2538.00	2538.00	2538.00	2538.00	2538.00	2539.00	2539.00	2539.00	2539.00	2539.00	2539.00	2539.00	2539.00	2539.00	2540.00	2540.00	2540.00	2540.00	2540.00	2540.00	2541.00	2541.00	2541.00	2541.00	2541.00	2541.00	2541.00	2542.00	2542.00	2542.00	2542.00	2542.00	2542.00	2542.00	2543.00	2543.00	2543.00	2543.00	2543.00	2543.00	2544.00	2544.00	2544.00	2544.00	2544.00	2545.00	2545.00	2545.00	2545.00	2545.00	2545.00	2545.00	2546.00	2546.00	2546.00	2546.00	2546.00	2546.00	2546.00	2546.00	2546.00	2546.00	2546.00	2547.00	2547.00	2547.00	2547.00	2547.00	2547.00	2547.00	2547.00	2547.00	2547.00	2547.00	2547.00	2547.00	2547.00	2547.00	2547.00	2547.00	2547.00	2547.00	2547.00	2547.00	2547.00	2547.00	2547.00	2547.00	2547.00	2547.00	2547.00	2547.00	2547.00	2547.00	2547.00	2547.00	2547.00	2547.00	2547.00	2547.00	2547.00	2547.00	2547.00	2547.00	2547.00	2547.00	2547.00	2547.00	2547.00	2547.00	2547.00	2547.00	2547.00	2547.00	2546.00	2546.00	2546.00	2546.00	2546.00	2546.00	2546.00	2546.00	2546.00	2546.00	2546.00	2545.00	2545.00	2545.00	2545.00	2545.00	2545.00	2545.00	2545.00	2545.00	2544.00	2544.00	2544.00	2544.00	2544.00	2544.00	2544.00	2544.00	2544.00	2543.00	2543.00	2543.00	2543.00	2543.00	2543.00	2543.00	2543.00	2543.00	2543.00	2543.00	2543.00	2543.00	2543.00	2543.00	2543.00	2543.00	2542.00	2542.00	2542.00	2542.00	2542.00	2542.00	2542.00	2542.00	2542.00	2542.00	2542.00	2542.00	2542.00	2542.00	2542.00	2542.00	2542.00	2542.00	2542.00	2542.00	2542.00	2542.00	2542.00	2542.00	2542.00	2542.00	2542.00	2542.00	2542.00	2542.00	2542.00	2542.00
2533.00	2533.00	2533.00	2533.00	2533.00	2533.00	2533.00	2533.00	2533.00	2533.00	2533.00	2533.00	2533.00	2533.00	2533.00	2533.00	2533.00	2534.00	2534.00	2534.00	2534.00	2534.00	2534.00	2534.00	2534.00	2534.00	2534.00	2534.00	2534.00	2534.00	2534.00	2534.00	2534.00	2534.00	2535.00	2535.00	2535.00	2535.00	2535.00	2535.00	2535.00	2535.00	2535.00	2535.00	2535.00	2535.00	2536.00	2536.00	2536.00	2536.00	2536.00	2536.00	2536.00	2536.00	2537.00	2537.00	2537.00	2537.00	2537.00	2537.00	2537.00	2538.00	2538.00	2538.00	2538.00	2538.00	2538.00	2538.00	2538.00	2539.00	2539.00	2539.00	2539.00	2539.00	2539.00	2539.00	2539.00	2539.00	2540.00	2540.00	2540.00	2540.00	2540.00	2540.00	2541.00	2541.00	2541.00	2541.00	2541.00	2541.00	2541.00	2542.00	2542.00	2542.00	2542.00	2542.00	2542.00	2542.00	2543.00	2543.00	2543.00	2543.00	2543.00	2543.00	2544.00	2544.00	2544.00	2544.00	2544.00	2545.00	2545.00	2545.00	2545.00	2545.00	2545.00	2545.00	2546.00	2546.00	2546.00	2546.00	2546.00	2546.00	2546.00	2546.00	2546.00	2546.00	2546.00	2547.00	2547.00	2547.00	2547.00	2547.00	2547.00	2547.00	2547.00	2547.00	2547.00	2547.00	2547.00	2547.00	2547.00	2547.00	2547.00	2547.00	2547.00	2547.00	2547.00	2547.00	2547.00	2547.00	2547.00	2547.00	2547.00	2547.00	2547.00	2547.00	2547.00	2547.00	2547.00	2547.00	2547.00	2547.00	2547.00	2547.00	2547.00	2547.00	2547.00	2547.00	2547.00	2547.00	2547.00	2547.00	2547.00	2547.00	2547.00	2547.00	2547.00	2547.00	2546.00	2546.00	2546.00	2546.00	2546.00	2546.00	2546.00	2546.00	2546.00	2546.00	2546.00	2545.00	2545.00	2545.00	2545.00	2545.00	2545.00	2545.00	2545.00	2545.00	2544.00	2544.00	2544.00	2544.00	2544.00	2544.00	2544.00	2544.00	2544.00	2543.00	2543.00	2543.00	2543.00	2543.00	2543.00	2543.00	2543.00	2543.00	2543.00	2543.00	2543.00	2543.00	2543.00	2543.00	2543.00	2543.00	2542.00	2542.00	2542.00	2542.00	2542.00	2542.00	2542.00	2542.00	2542.00	2542.00	2542.00	2542.00	2542.00	2542.00	2542.00	2542.00	2542.00	2542.00	2542.00	2542.00	2542.00	2542.00	2542.00	2542.00	2542.00	2542.00	2542.00	2542.00	2542.00	2542.00	2542.00	2542.00
2533.00	2533.00	2533.00	2533.00	2533.00	2533.00	2533.00	2533.00	2533.00	2533.00	2533.00	2533.00	2533.00	2533.00	2533.00	2533.00	2533.00	2534.00	2534.00	2534.00	2534.00	2534.00	2534.00	2534.00	2534.00	2534.00	2534.00	2534.00	2534.00	2534.00	2534.00	2534.00	2534.00	2534.00	2535.00	2535.00	2535.00	2535.00	2535.00	2535.00	2535.00	2535.00	2535.00	2535.00	2535.00	2535.00	2536.00	2536.00	2536.00	2536.00	2536.00	2536.00	2536.00	2536.00	2537.00	2537.00	2537.00	2537.00	2537.00	2537.00	2537.00	2538.00	2538.00	2538.00	2538.00	2538.00	2538.00	2538.00	2538.00	2539.00	2539.00	2539.00	2539.00	2539.00	2539.00	2539.00	2539.00	2539.00	2540.00	2540.00	2540.00	2540.00	2540.00	2540.00	2541.00	2541.00	2541.00	2541.00	2541.00	2541.00	2541.00	2542.00	2542.00	2542.00	2542.00	2542.00	2542.00	2542.00	2543.00	2543.00	2543.00	2543.00	2543.00	2543.00	2544.00	2544.00	2544.00	2544.00	2544.00	2545.00	2545.00	2545.00	2545.00	2545.00	2545.00	2545.00	2546.00	2546.00	2546.00	2546.00	2546.00	2546.00	2546.00	2546.00	2546.00	2546.00	2546.00	2547.00	2547.00	2547.00	2547.00	2547.00	2547.00	2547.00	2547.00	2547.00	2547.00	2547.00	2547.00	2547.00	2547.00	2547.00	2547.00	2547.00	2547.00	2547.00	2547.00	2547.00	2547.00	2547.00	2547.00	2547.00	2547.00	2547.00	2547.00	2547.00	2547.00	2547.00	2547.00	2547.00	2547.00	2547.00	2547.00	2547.00	2547.00	2547.00	2547.00	2547.00	2547.00	2547.00	2547.00	2547.00	2547.00	2547.00	2547.00	2547.00	2547.00	2547.00	2546.00	2546.00	2546.00	2546.00	2546.00	2546.00	2546.00	2546.00	2546.00	2546.00	2546.00	2545.00	2545.00	2545.00	2545.00	2545.00	2545.00	2545.00	2545.00	2545.00	2544.00	2544.00	2544.00	2544.00	2544.00	2544.00	2544.00	2544.00	2544.00	2543.00	2543.00	2543.00	2543.00	2543.00	2543.00	2543.00	2543.00	2543.00	2543.00	2543.00	2543.00	2543.00	2543.00	2543.00	2543.00	2543.00	2542.00	2542.00	2542.00	2542.00	2542.00	2542.00	2542.00	2542.00	2542.00	2542.00	2542.00	2542.00	2542.00	2542.00	2542.00	2542.00	2542.00	2542.00	2542.00	2542.00	2542.00	2542.00	2542.00	2542.00	2542.00	2542.00	2542.00	2542.00	2542.00	2542.00	2542.00	2542.00
2533.00	2533.00	2533.00	2533.00	2533.00	2533.00	2533.00	2533.00	2533.00	2533.00	2533.00	2533.00	2533.00	2533.00	2533.00	2533.00	2533.00	2534.00	2534.00	2534.00	2534.00	2534.00	2534.00	2534.00	2534.00	2534.00	2534.00	2534.00	2534.00	2534.00	2534.00	2534.00	2534.00	2534.00	2535.00	2535.00	2535.00	2535.00	2535.00	2535.00	2535.00	2535.00	2535.00	2535.00	2535.00	2535.00	2536.00	2536.00	2536.00	2536.00	2536.00	2536.00	2536.00	2536.00	2537.00	2537.00	2537.00	2537.00	2537.00	2537.00	2537.00	2538.00	2538.00	2538.00	2538.00	2538.00	2538.00	2538.00	2538.00	2539.00	2539.00	2539.00	2539.00	2539.00	2539.00	2539.00	2539.00	2539.00	2540.00	2540.00	2540.00	2540.00	2540.00	2540.00	2541.00	2541.00	2541.00	2541.00	2541.00	2541.00	2541.00	2542.00	2542.00	2542.00	2542.00	2542.00	2542.00	2542.00	2543.00	2543.00	2543.00	2543.00	2543.00	2543.00	2544.00	2544.00	2544.00	2544.00	2544.00	2545.00	2545.00	2545.00	2545.00	2545.00	2545.00	2545.00	2546.00	2546.00	2546.00	2546.00	2546.00	2546.00	2546.00	2546.00	2546.00	2546.00	2546.00	2547.00	2547.00	2547.00	2547.00	2547.00	2547.00	2547.00	2547.00	2547.00	2547.00	2547.00	2547.00	2547.00	2547.00	2547.00	2547.00	2547.00	2547.00	2547.00	2547.00	2547.00	2547.00	2547.00	2547.00	2547.00	2547.00	2547.00	2547.00	2547.00	2547.00	2547.00	2547.00	2547.00	2547.00	2547.00	2547.00	2547.00	2547.00	2547.00	2547.00	2547.00	2547.00	2547.00	2547.00	2547.00	2547.00	2547.00	2547.00	2547.00	2547.00	2547.00	2546.00	2546.00	2546.00	2546.00	2546.00	2546.00	2546.00	2546.00	2546.00	2546.00	2546.00	2545.00	2545.00	2545.00	2545.00	2545.00	2545.00	2545.00	2545.00	2545.00	2544.00	2544.00	2544.00	2544.00	2544.00	2544.00	2544.00	2544.00	2544.00	2543.00	2543.00	2543.00	2543.00	2543.00	2543.00	2543.00	2543.00	2543.00	2543.00	2543.00	2543.00	2543.00	2543.00	2543.00	2543.00	2543.00	2542.00	2542.00	2542.00	2542.00	2542.00	2542.00	2542.00	2542.00	2542.00	2542.00	2542.00	2542.00	2542.00	2542.00	2542.00	2542.00	2542.00	2542.00	2542.00	2542.00	2542.00	2542.00	2542.00	2542.00	2542.00	2542.00	2542.00	2542.00	2542.00	2542.00	2542.00	2542.00
2533.00	2533.00	2533.00	2533.00	2533.00	2533.00	2533.00	2533.00	2533.00	2533.00	2533.00	2533.00	2533.00	2533.00	2533.00	2533.00	2533.00	2534.00	2534.00	2534.00	2534.00	2534.00	2534.00	2534.00	2534.00	2534.00	2534.00	2534.00	2534.00	2534.00	2534.00	2534.00	2534.00	2534.00	2535.00	2535.00	2535.00	2535.00	2535.00	2535.00	2535.00	2535.00	2535.00	2535.00	2535.00	2535.00	2536.00	2536.00	2536.00	2536.00	2536.00	2536.00	2536.00	2536.00	2537.00	2537.00	2537.00	2537.00	2537.00	2537.00	2537.00	2538.00	2538.00	2538.00	2538.00	2538.00	2538.00	2538.00	2538.00	2539.00	2539.00	2539.00	2539.00	2539.00	2539.00	2539.00	2539.00	2539.00	2540.00	2540.00	2540.00	2540.00	2540.00	2540.00	2541.00	2541.00	2541.00	2541.00	2541.00	2541.00	2541.00	2542.00	2542.00	2542.00	2542.00	2542.00	2542.00	2542.00	2543.00	2543.00	2543.00	2543.00	2543.00	2543.00	2544.00	2544.00	2544.00	2544.00	2544.00	2545.00	2545.00	2545.00	2545.00	2545.00	2545.00	2545.00	2546.00	2546.00	2546.00	2546.00	2546.00	2546.00	2546.00	2546.00	2546.00	2546.00	2546.00	2547.00	2547.00	2547.00	2547.00	2547.00	2547.00	2547.00	2547.00	2547.00	2547.00	2547.00	2547.00	2547.00	2547.00	2547.00	2547.00	2547.00	2547.00	2547.00	2547.00	2547.00	2547.00	2547.00	2547.00	2547.00	2547.00	2547.00	2547.00	2547.00	2547.00	2547.00	2547.00	2547.00	2547.00	2547.00	2547.00	2547.00	2547.00	2547.00	2547.00	2547.00	2547.00	2547.00	2547.00	2547.00	2547.00	2547.00	2547.00	2547.00	2547.00	2547.00	2546.00	2546.00	2546.00	2546.00	2546.00	2546.00	2546.00	2546.00	2546.00	2546.00	2546.00	2545.00	2545.00	2545.00	2545.00	2545.00	2545.00	2545.00	2545.00	2545.00	2544.00	2544.00	2544.00	2544.00	2544.00	2544.00	2544.00	2544.00	2544.00	2543.00	2543.00	2543.00	2543.00	2543.00	2543.00	2543.00	2543.00	2543.00	2543.00	2543.00	2543.00	2543.00	2543.00	2543.00	2543.00	2543.00	2542.00	2542.00	2542.00	2542.00	2542.00	2542.00	2542.00	2542.00	2542.00	2542.00	2542.00	2542.00	2542.00	2542.00	2542.00	2542.00	2542.00	2542.00	2542.00	2542.00	2542.00	2542.00	2542.00	2542.00	2542.00	2542.00	2542.00	2542.00	2542.00	2542.00	2542.00	2542.00
2533.00	2533.00	2533.00	2533.00	2533.00	2533.00	2533.00	2533.00	2533.00	2533.00	2533.00	2533.00	2533.00	2534.00	2534.00	2534.00	2534.00	2534.00	2534.00	2534.00	2534.00	2534.00	2534.00	2534.00	2534.00	2534.00	2534.00	2534.00	2535.00	2535.00	2535.00	2535.00	2535.00	2535.00	2535.00	2535.00	2535.00	2535.00	2536.00	2536.00	2536.00	2536.00	2536.00	2536.00	2536.00	2536.00	2536.00	2537.00	2537.00	2537.00	2537.00	2537.00	2537.00	2537.00	2537.00	2538.00	2538.00	2538.00	2538.00	2538.00	2538.00	2538.00	2538.00	2538.00	2539.00	2539.00	2539.00	2539.00	2539.00	2539.00	2539.00	2539.00	2539.00	2540.00	2540.00	2540.00	2540.00	2540.00	2540.00	2540.00	2540.00	2540.00	2541.00	2541.00	2541.00	2541.00	2541.00	2541.00	2542.00	2542.00	2542.00	2542.00	2542.00	2542.00	2542.00	2543.00	2543.00	2543.00	2543.00	2543.00	2543.00	2543.00	2544.00	2544.00	2544.00	2544.00	2544.00	2544.00	2544.00	2544.00	2544.00	2545.00	2545.00	2545.00	2545.00	2545.00	2545.00	2545.00	2545.00	2545.00	2545.00	2545.00	2545.00	2545.00	2545.00	2546.00	2546.00	2546.00	2546.00	2546.00	2546.00	2546.00	2546.00	2546.00	2546.00	2546.00	2546.00	2546.00	2546.00	2546.00	2546.00	2546.00	2546.00	2546.00	2546.00	2546.00	2546.00	2546.00	2546.00	2546.00	2546.00	2546.00	2546.00	2546.00	2546.00	2546.00	2546.00	2546.00	2546.00	2546.00	2546.00	2546.00	2546.00	2546.00	2546.00	2546.00	2546.00	2545.00	2545.00	2545.00	2545.00	2545.00	2545.00	2545.00	2545.00	2545.00	2545.00	2545.00	2545.00	2545.00	2544.00	2544.00	2544.00	2544.00	2544.00	2544.00	2544.00	2544.00	2544.00	2543.00	2543.00	2543.00	2543.00	2543.00	2543.00	2543.00	2543.00	2543.00	2543.00	2542.00	2542.00	2542.00	2542.00	2542.00	2542.00	2542.00	2542.00	2542.00	2541.00	2541.00	2541.00	2541.00	2541.00	2541.00	2541.00	2541.00	2541.00	2541.00	2541.00	2541.00	2541.00	2541.00	2541.00	2541.00	2541.00	2541.00	2540.00	2540.00	2540.00	2540.00	2540.00	2540.00	2540.00	2540.00	2540.00	2540.00	2540.00	2540.00	2540.00	2540.00	2540.00	2540.00	2540.00	2540.00	2540.00	2540.00	2539.00	2539.00	2539.00	2539.00	2539.00	2539.00	2539.00	2539.00	2539.00	2539.00
2533.00	2533.00	2533.00	2533.00	2533.00	2533.00	2533.00	2533.00	2533.00	2533.00	2533.00	2533.00	2533.00	2534.00	2534.00	2534.00	2534.00	2534.00	2534.00	2534.00	2534.00	2534.00	2534.00	2534.00	2534.00	2534.00	2534.00	2534.00	2535.00	2535.00	2535.00	2535.00	2535.00	2535.00	2535.00	2535.00	2535.00	2535.00	2536.00	2536.00	2536.00	2536.00	2536.00	2536.00	2536.00	2536.00	2536.00	2537.00	2537.00	2537.00	2537.00	2537.00	2537.00	2537.00	2537.00	2538.00	2538.00	2538.00	2538.00	2538.00	2538.00	2538.00	2538.00	2538.00	2539.00	2539.00	2539.00	2539.00	2539.00	2539.00	2539.00	2539.00	2539.00	2540.00	2540.00	2540.00	2540.00	2540.00	2540.00	2540.00	2540.00	2540.00	2541.00	2541.00	2541.00	2541.00	2541.00	2541.00	2542.00	2542.00	2542.00	2542.00	2542.00	2542.00	2542.00	2543.00	2543.00	2543.00	2543.00	2543.00	2543.00	2543.00	2544.00	2544.00	2544.00	2544.00	2544.00	2544.00	2544.00	2544.00	2544.00	2545.00	2545.00	2545.00	2545.00	2545.00	2545.00	2545.00	2545.00	2545.00	2545.00	2545.00	2545.00	2545.00	2545.00	2546.00	2546.00	2546.00	2546.00	2546.00	2546.00	2546.00	2546.00	2546.00	2546.00	2546.00	2546.00	2546.00	2546.00	2546.00	2546.00	2546.00	2546.00	2546.00	2546.00	2546.00	2546.00	2546.00	2546.00	2546.00	2546.00	2546.00	2546.00	2546.00	2546.00	2546.00	2546.00	2546.00	2546.00	2546.00	2546.00	2546.00	2546.00	2546.00	2546.00	2546.00	2546.00	2545.00	2545.00	2545.00	2545.00	2545.00	2545.00	2545.00	2545.00	2545.00	2545.00	2545.00	2545.00	2545.00	2544.00	2544.00	2544.00	2544.00	2544.00	2544.00	2544.00	2544.00	2544.00	2543.00	2543.00	2543.00	2543.00	2543.00	2543.00	2543.00	2543.00	2543.00	2543.00	2542.00	2542.00	2542.00	2542.00	2542.00	2542.00	2542.00	2542.00	2542.00	2541.00	2541.00	2541.00	2541.00	2541.00	2541.00	2541.00	2541.00	2541.00	2541.00	2541.00	2541.00	2541.00	2541.00	2541.00	2541.00	2541.00	2541.00	2540.00	2540.00	2540.00	2540.00	2540.00	2540.00	2540.00	2540.00	2540.00	2540.00	2540.00	2540.00	2540.00	2540.00	2540.00	2540.00	2540.00	2540.00	2540.00	2540.00	2539.00	2539.00	2539.00	2539.00	2539.00	2539.00	2539.00	2539.00	2539.00	2539.00
2533.00	2533.00	2533.00	2533.00	2533.00	2533.00	2533.00	2533.00	2533.00	2533.00	2533.00	2533.00	2533.00	2534.00	2534.00	2534.00	2534.00	2534.00	2534.00	2534.00	2534.00	2534.00	2534.00	2534.00	2534.00	2534.00	2534.00	2534.00	2535.00	2535.00	2535.00	2535.00	2535.00	2535.00	2535.00	2535.00	2535.00	2535.00	2536.00	2536.00	2536.00	2536.00	2536.00	2536.00	2536.00	2536.00	2536.00	2537.00	2537.00	2537.00	2537.00	2537.00	2537.00	2537.00	2537.00	2538.00	2538.00	2538.00	2538.00	2538.00	2538.00	2538.00	2538.00	2538.00	2539.00	2539.00	2539.00	2539.00	2539.00	2539.00	2539.00	2539.00	2539.00	2540.00	2540.00	2540.00	2540.00	2540.00	2540.00	2540.00	2540.00	2540.00	2541.00	2541.00	2541.00	2541.00	2541.00	2541.00	2542.00	2542.00	2542.00	2542.00	2542.00	2542.00	2542.00	2543.00	2543.00	2543.00	2543.00	2543.00	2543.00	2543.00	2544.00	2544.00	2544.00	2544.00	2544.00	2544.00	2544.00	2544.00	2544.00	2545.00	2545.00	2545.00	2545.00	2545.00	2545.00	2545.00	2545.00	2545.00	2545.00	2545.00	2545.00	2545.00	2545.00	2546.00	2546.00	2546.00	2546.00	2546.00	2546.00	2546.00	2546.00	2546.00	2546.00	2546.00	2546.00	2546.00	2546.00	2546.00	2546.00	2546.00	2546.00	2546.00	2546.00	2546.00	2546.00	2546.00	2546.00	2546.00	2546.00	2546.00	2546.00	2546.00	2546.00	2546.00	2546.00	2546.00	2546.00	2546.00	2546.00	2546.00	2546.00	2546.00	2546.00	2546.00	2546.00	2545.00	2545.00	2545.00	2545.00	2545.00	2545.00	2545.00	2545.00	2545.00	2545.00	2545.00	2545.00	2545.00	2544.00	2544.00	2544.00	2544.00	2544.00	2544.00	2544.00	2544.00	2544.00	2543.00	2543.00	2543.00	2543.00	2543.00	2543.00	2543.00	2543.00	2543.00	2543.00	2542.00	2542.00	2542.00	2542.00	2542.00	2542.00	2542.00	2542.00	2542.00	2541.00	2541.00	2541.00	2541.00	2541.00	2541.00	2541.00	2541.00	2541.00	2541.00	2541.00	2541.00	2541.00	2541.00	2541.00	2541.00	2541.00	2541.00	2540.00	2540.00	2540.00	2540.00	2540.00	2540.00	2540.00	2540.00	2540.00	2540.00	2540.00	2540.00	2540.00	2540.00	2540.00	2540.00	2540.00	2540.00	2540.00	2540.00	2539.00	2539.00	2539.00	2539.00	2539.00	2539.00	2539.00	2539.00	2539.00	2539.00
2533.00	2533.00	2533.00	2533.00	2533.00	2533.00	2533.00	2533.00	2533.00	2533.00	2533.00	2533.00	2533.00	2534.00	2534.00	2534.00	2534.00	2534.00	2534.00	2534.00	2534.00	2534.00	2534.00	2534.00	2534.00	2534.00	2534.00	2534.00	2535.00	2535.00	2535.00	2535.00	2535.00	2535.00	2535.00	2535.00	2535.00	2535.00	2536.00	2536.00	2536.00	2536.00	2536.00	2536.00	2536.00	2536.00	2536.00	2537.00	2537.00	2537.00	2537.00	2537.00	2537.00	2537.00	2537.00	2538.00	2538.00	2538.00	2538.00	2538.00	2538.00	2538.00	2538.00	2538.00	2539.00	2539.00	2539.00	2539.00	2539.00	2539.00	2539.00	2539.00	2539.00	2540.00	2540.00	2540.00	2540.00	2540.00	2540.00	2540.00	2540.00	2540.00	2541.00	2541.00	2541.00	2541.00	2541.00	2541.00	2542.00	2542.00	2542.00	2542.00	2542.00	2542.00	2542.00	2543.00	2543.00	2543.00	2543.00	2543.00	2543.00	2543.00	2544.00	2544.00	2544.00	2544.00	2544.00	2544.00	2544.00	2544.00	2544.00	2545.00	2545.00	2545.00	2545.00	2545.00	2545.00	2545.00	2545.00	2545.00	2545.00	2545.00	2545.00	2545.00	2545.00	2546.00	2546.00	2546.00	2546.00	2546.00	2546.00	2546.00	2546.00	2546.00	2546.00	2546.00	2546.00	2546.00	2546.00	2546.00	2546.00	2546.00	2546.00	2546.00	2546.00	2546.00	2546.00	2546.00	2546.00	2546.00	2546.00	2546.00	2546.00	2546.00	2546.00	2546.00	2546.00	2546.00	2546.00	2546.00	2546.00	2546.00	2546.00	2546.00	2546.00	2546.00	2546.00	2545.00	2545.00	2545.00	2545.00	2545.00	2545.00	2545.00	2545.00	2545.00	2545.00	2545.00	2545.00	2545.00	2544.00	2544.00	2544.00	2544.00	2544.00	2544.00	2544.00	2544.00	2544.00	2543.00	2543.00	2543.00	2543.00	2543.00	2543.00	2543.00	2543.00	2543.00	2543.00	2542.00	2542.00	2542.00	2542.00	2542.00	2542.00	2542.00	2542.00	2542.00	2541.00	2541.00	2541.00	2541.00	2541.00	2541.00	2541.00	2541.00	2541.00	2541.00	2541.00	2541.00	2541.00	2541.00	2541.00	2541.00	2541.00	2541.00	2540.00	2540.00	2540.00	2540.00	2540.00	2540.00	2540.00	2540.00	2540.00	2540.00	2540.00	2540.00	2540.00	2540.00	2540.00	2540.00	2540.00	2540.00	2540.00	2540.00	2539.00	2539.00	2539.00	2539.00	2539.00	2539.00	2539.00	2539.00	2539.00	2539.00
2533.00	2533.00	2533.00	2533.00	2533.00	2533.00	2533.00	2533.00	2533.00	2533.00	2533.00	2533.00	2533.00	2534.00	2534.00	2534.00	2534.00	2534.00	2534.00	2534.00	2534.00	2534.00	2534.00	2534.00	2534.00	2534.00	2534.00	2534.00	2535.00	2535.00	2535.00	2535.00	2535.00	2535.00	2535.00	2535.00	2535.00	2535.00	2536.00	2536.00	2536.00	2536.00	2536.00	2536.00	2536.00	2536.00	2536.00	2537.00	2537.00	2537.00	2537.00	2537.00	2537.00	2537.00	2537.00	2538.00	2538.00	2538.00	2538.00	2538.00	2538.00	2538.00	2538.00	2538.00	2539.00	2539.00	2539.00	2539.00	2539.00	2539.00	2539.00	2539.00	2539.00	2540.00	2540.00	2540.00	2540.00	2540.00	2540.00	2540.00	2540.00	2540.00	2541.00	2541.00	2541.00	2541.00	2541.00	2541.00	2542.00	2542.00	2542.00	2542.00	2542.00	2542.00	2542.00	2543.00	2543.00	2543.00	2543.00	2543.00	2543.00	2543.00	2544.00	2544.00	2544.00	2544.00	2544.00	2544.00	2544.00	2544.00	2544.00	2545.00	2545.00	2545.00	2545.00	2545.00	2545.00	2545.00	2545.00	2545.00	2545.00	2545.00	2545.00	2545.00	2545.00	2546.00	2546.00	2546.00	2546.00	2546.00	2546.00	2546.00	2546.00	2546.00	2546.00	2546.00	2546.00	2546.00	2546.00	2546.00	2546.00	2546.00	2546.00	2546.00	2546.00	2546.00	2546.00	2546.00	2546.00	2546.00	2546.00	2546.00	2546.00	2546.00	2546.00	2546.00	2546.00	2546.00	2546.00	2546.00	2546.00	2546.00	2546.00	2546.00	2546.00	2546.00	2546.00	2545.00	2545.00	2545.00	2545.00	2545.00	2545.00	2545.00	2545.00	2545.00	2545.00	2545.00	2545.00	2545.00	2544.00	2544.00	2544.00	2544.00	2544.00	2544.00	2544.00	2544.00	2544.00	2543.00	2543.00	2543.00	2543.00	2543.00	2543.00	2543.00	2543.00	2543.00	2543.00	2542.00	2542.00	2542.00	2542.00	2542.00	2542.00	2542.00	2542.00	2542.00	2541.00	2541.00	2541.00	2541.00	2541.00	2541.00	2541.00	2541.00	2541.00	2541.00	2541.00	2541.00	2541.00	2541.00	2541.00	2541.00	2541.00	2541.00	2540.00	2540.00	2540.00	2540.00	2540.00	2540.00	2540.00	2540.00	2540.00	2540.00	2540.00	2540.00	2540.00	2540.00	2540.00	2540.00	2540.00	2540.00	2540.00	2540.00	2539.00	2539.00	2539.00	2539.00	2539.00	2539.00	2539.00	2539.00	2539.00	2539.00
2533.00	2533.00	2533.00	2533.00	2533.00	2533.00	2533.00	2533.00	2533.00	2533.00	2533.00	2533.00	2533.00	2534.00	2534.00	2534.00	2534.00	2534.00	2534.00	2534.00	2534.00	2534.00	2534.00	2534.00	2534.00	2534.00	2534.00	2534.00	2535.00	2535.00	2535.00	2535.00	2535.00	2535.00	2535.00	2535.00	2535.00	2535.00	2536.00	2536.00	2536.00	2536.00	2536.00	2536.00	2536.00	2536.00	2536.00	2537.00	2537.00	2537.00	2537.00	2537.00	2537.00	2537.00	2537.00	2538.00	2538.00	2538.00	2538.00	2538.00	2538.00	2538.00	2538.00	2538.00	2539.00	2539.00	2539.00	2539.00	2539.00	2539.00	2539.00	2539.00	2539.00	2540.00	2540.00	2540.00	2540.00	2540.00	2540.00	2540.00	2540.00	2540.00	2541.00	2541.00	2541.00	2541.00	2541.00	2541.00	2542.00	2542.00	2542.00	2542.00	2542.00	2542.00	2542.00	2543.00	2543.00	2543.00	2543.00	2543.00	2543.00	2543.00	2544.00	2544.00	2544.00	2544.00	2544.00	2544.00	2544.00	2544.00	2544.00	2545.00	2545.00	2545.00	2545.00	2545.00	2545.00	2545.00	2545.00	2545.00	2545.00	2545.00	2545.00	2545.00	2545.00	2546.00	2546.00	2546.00	2546.00	2546.00	2546.00	2546.00	2546.00	2546.00	2546.00	2546.00	2546.00	2546.00	2546.00	2546.00	2546.00	2546.00	2546.00	2546.00	2546.00	2546.00	2546.00	2546.00	2546.00	2546.00	2546.00	2546.00	2546.00	2546.00	2546.00	2546.00	2546.00	2546.00	2546.00	2546.00	2546.00	2546.00	2546.00	2546.00	2546.00	2546.00	2546.00	2545.00	2545.00	2545.00	2545.00	2545.00	2545.00	2545.00	2545.00	2545.00	2545.00	2545.00	2545.00	2545.00	2544.00	2544.00	2544.00	2544.00	2544.00	2544.00	2544.00	2544.00	2544.00	2543.00	2543.00	2543.00	2543.00	2543.00	2543.00	2543.00	2543.00	2543.00	2543.00	2542.00	2542.00	2542.00	2542.00	2542.00	2542.00	2542.00	2542.00	2542.00	2541.00	2541.00	2541.00	2541.00	2541.00	2541.00	2541.00	2541.00	2541.00	2541.00	2541.00	2541.00	2541.00	2541.00	2541.00	2541.00	2541.00	2541.00	2540.00	2540.00	2540.00	2540.00	2540.00	2540.00	2540.00	2540.00	2540.00	2540.00	2540.00	2540.00	2540.00	2540.00	2540.00	2540.00	2540.00	2540.00	2540.00	2540.00	2539.00	2539.00	2539.00	2539.00	2539.00	2539.00	2539.00	2539.00	2539.00	2539.00
2533.00	2533.00	2533.00	2533.00	2533.00	2533.00	2533.00	2533.00	2533.00	2533.00	2533.00	2533.00	2533.00	2534.00	2534.00	2534.00	2534.00	2534.00	2534.00	2534.00	2534.00	2534.00	2534.00	2534.00	2534.00	2534.00	2534.00	2534.00	2535.00	2535.00	2535.00	2535.00	2535.00	2535.00	2535.00	2535.00	2535.00	2535.00	2536.00	2536.00	2536.00	2536.00	2536.00	2536.00	2536.00	2536.00	2536.00	2537.00	2537.00	2537.00	2537.00	2537.00	2537.00	2537.00	2537.00	2538.00	2538.00	2538.00	2538.00	2538.00	2538.00	2538.00	2538.00	2538.00	2539.00	2539.00	2539.00	2539.00	2539.00	2539.00	2539.00	2539.00	2539.00	2540.00	2540.00	2540.00	2540.00	2540.00	2540.00	2540.00	2540.00	2540.00	2541.00	2541.00	2541.00	2541.00	2541.00	2541.00	2542.00	2542.00	2542.00	2542.00	2542.00	2542.00	2542.00	2543.00	2543.00	2543.00	2543.00	2543.00	2543.00	2543.00	2544.00	2544.00	2544.00	2544.00	2544.00	2544.00	2544.00	2544.00	2544.00	2545.00	2545.00	2545.00	2545.00	2545.00	2545.00	2545.00	2545.00	2545.00	2545.00	2545.00	2545.00	2545.00	2545.00	2546.00	2546.00	2546.00	2546.00	2546.00	2546.00	2546.00	2546.00	2546.00	2546.00	2546.00	2546.00	2546.00	2546.00	2546.00	2546.00	2546.00	2546.00	2546.00	2546.00	2546.00	2546.00	2546.00	2546.00	2546.00	2546.00	2546.00	2546.00	2546.00	2546.00	2546.00	2546.00	2546.00	2546.00	2546.00	2546.00	2546.00	2546.00	2546.00	2546.00	2546.00	2546.00	2545.00	2545.00	2545.00	2545.00	2545.00	2545.00	2545.00	2545.00	2545.00	2545.00	2545.00	2545.00	2545.00	2544.00	2544.00	2544.00	2544.00	2544.00	2544.00	2544.00	2544.00	2544.00	2543.00	2543.00	2543.00	2543.00	2543.00	2543.00	2543.00	2543.00	2543.00	2543.00	2542.00	2542.00	2542.00	2542.00	2542.00	2542.00	2542.00	2542.00	2542.00	2541.00	2541.00	2541.00	2541.00	2541.00	2541.00	2541.00	2541.00	2541.00	2541.00	2541.00	2541.00	2541.00	2541.00	2541.00	2541.00	2541.00	2541.00	2540.00	2540.00	2540.00	2540.00	2540.00	2540.00	2540.00	2540.00	2540.00	2540.00	2540.00	2540.00	2540.00	2540.00	2540.00	2540.00	2540.00	2540.00	2540.00	2540.00	2539.00	2539.00	2539.00	2539.00	2539.00	2539.00	2539.00	2539.00	2539.00	2539.00
2533.00	2533.00	2533.00	2533.00	2533.00	2533.00	2533.00	2533.00	2533.00	2533.00	2533.00	2533.00	2533.00	2534.00	2534.00	2534.00	2534.00	2534.00	2534.00	2534.00	2534.00	2534.00	2534.00	2534.00	2534.00	2534.00	2534.00	2534.00	2535.00	2535.00	2535.00	2535.00	2535.00	2535.00	2535.00	2535.00	2535.00	2535.00	2536.00	2536.00	2536.00	2536.00	2536.00	2536.00	2536.00	2536.00	2536.00	2537.00	2537.00	2537.00	2537.00	2537.00	2537.00	2537.00	2537.00	2538.00	2538.00	2538.00	2538.00	2538.00	2538.00	2538.00	2538.00	2538.00	2539.00	2539.00	2539.00	2539.00	2539.00	2539.00	2539.00	2539.00	2539.00	2540.00	2540.00	2540.00	2540.00	2540.00	2540.00	2540.00	2540.00	2540.00	2541.00	2541.00	2541.00	2541.00	2541.00	2541.00	2542.00	2542.00	2542.00	2542.00	2542.00	2542.00	2542.00	2543.00	2543.00	2543.00	2543.00	2543.00	2543.00	2543.00	2544.00	2544.00	2544.00	2544.00	2544.00	2544.00	2544.00	2544.00	2544.00	2545.00	2545.00	2545.00	2545.00	2545.00	2545.00	2545.00	2545.00	2545.00	2545.00	2545.00	2545.00	2545.00	2545.00	2546.00	2546.00	2546.00	2546.00	2546.00	2546.00	2546.00	2546.00	2546.00	2546.00	2546.00	2546.00	2546.00	2546.00	2546.00	2546.00	2546.00	2546.00	2546.00	2546.00	2546.00	2546.00	2546.00	2546.00	2546.00	2546.00	2546.00	2546.00	2546.00	2546.00	2546.00	2546.00	2546.00	2546.00	2546.00	2546.00	2546.00	2546.00	2546.00	2546.00	2546.00	2546.00	2545.00	2545.00	2545.00	2545.00	2545.00	2545.00	2545.00	2545.00	2545.00	2545.00	2545.00	2545.00	2545.00	2544.00	2544.00	2544.00	2544.00	2544.00	2544.00	2544.00	2544.00	2544.00	2543.00	2543.00	2543.00	2543.00	2543.00	2543.00	2543.00	2543.00	2543.00	2543.00	2542.00	2542.00	2542.00	2542.00	2542.00	2542.00	2542.00	2542.00	2542.00	2541.00	2541.00	2541.00	2541.00	2541.00	2541.00	2541.00	2541.00	2541.00	2541.00	2541.00	2541.00	2541.00	2541.00	2541.00	2541.00	2541.00	2541.00	2540.00	2540.00	2540.00	2540.00	2540.00	2540.00	2540.00	2540.00	2540.00	2540.00	2540.00	2540.00	2540.00	2540.00	2540.00	2540.00	2540.00	2540.00	2540.00	2540.00	2539.00	2539.00	2539.00	2539.00	2539.00	2539.00	2539.00	2539.00	2539.00	2539.00
2533.00	2533.00	2533.00	2533.00	2533.00	2533.00	2533.00	2533.00	2533.00	2533.00	2533.00	2533.00	2533.00	2534.00	2534.00	2534.00	2534.00	2534.00	2534.00	2534.00	2534.00	2534.00	2534.00	2534.00	2534.00	2534.00	2534.00	2534.00	2535.00	2535.00	2535.00	2535.00	2535.00	2535.00	2535.00	2535.00	2535.00	2535.00	2536.00	2536.00	2536.00	2536.00	2536.00	2536.00	2536.00	2536.00	2536.00	2537.00	2537.00	2537.00	2537.00	2537.00	2537.00	2537.00	2537.00	2538.00	2538.00	2538.00	2538.00	2538.00	2538.00	2538.00	2538.00	2538.00	2539.00	2539.00	2539.00	2539.00	2539.00	2539.00	2539.00	2539.00	2539.00	2540.00	2540.00	2540.00	2540.00	2540.00	2540.00	2540.00	2540.00	2540.00	2541.00	2541.00	2541.00	2541.00	2541.00	2541.00	2542.00	2542.00	2542.00	2542.00	2542.00	2542.00	2542.00	2543.00	2543.00	2543.00	2543.00	2543.00	2543.00	2543.00	2544.00	2544.00	2544.00	2544.00	2544.00	2544.00	2544.00	2544.00	2544.00	2545.00	2545.00	2545.00	2545.00	2545.00	2545.00	2545.00	2545.00	2545.00	2545.00	2545.00	2545.00	2545.00	2545.00	2546.00	2546.00	2546.00	2546.00	2546.00	2546.00	2546.00	2546.00	2546.00	2546.00	2546.00	2546.00	2546.00	2546.00	2546.00	2546.00	2546.00	2546.00	2546.00	2546.00	2546.00	2546.00	2546.00	2546.00	2546.00	2546.00	2546.00	2546.00	2546.00	2546.00	2546.00	2546.00	2546.00	2546.00	2546.00	2546.00	2546.00	2546.00	2546.00	2546.00	2546.00	2546.00	2545.00	2545.00	2545.00	2545.00	2545.00	2545.00	2545.00	2545.00	2545.00	2545.00	2545.00	2545.00	2545.00	2544.00	2544.00	2544.00	2544.00	2544.00	2544.00	2544.00	2544.00	2544.00	2543.00	2543.00	2543.00	2543.00	2543.00	2543.00	2543.00	2543.00	2543.00	2543.00	2542.00	2542.00	2542.00	2542.00	2542.00	2542.00	2542.00	2542.00	2542.00	2541.00	2541.00	2541.00	2541.00	2541.00	2541.00	2541.00	2541.00	2541.00	2541.00	2541.00	2541.00	2541.00	2541.00	2541.00	2541.00	2541.00	2541.00	2540.00	2540.00	2540.00	2540.00	2540.00	2540.00	2540.00	2540.00	2540.00	2540.00	2540.00	2540.00	2540.00	2540.00	2540.00	2540.00	2540.00	2540.00	2540.00	2540.00	2539.00	2539.00	2539.00	2539.00	2539.00	2539.00	2539.00	2539.00	2539.00	2539.00
2533.00	2533.00	2533.00	2533.00	2533.00	2533.00	2533.00	2533.00	2533.00	2533.00	2533.00	2533.00	2533.00	2534.00	2534.00	2534.00	2534.00	2534.00	2534.00	2534.00	2534.00	2534.00	2534.00	2534.00	2534.00	2534.00	2534.00	2534.00	2535.00	2535.00	2535.00	2535.00	2535.00	2535.00	2535.00	2535.00	2535.00	2535.00	2536.00	2536.00	2536.00	2536.00	2536.00	2536.00	2536.00	2536.00	2536.00	2537.00	2537.00	2537.00	2537.00	2537.00	2537.00	2537.00	2537.00	2538.00	2538.00	2538.00	2538.00	2538.00	2538.00	2538.00	2538.00	2538.00	2539.00	2539.00	2539.00	2539.00	2539.00	2539.00	2539.00	2539.00	2539.00	2540.00	2540.00	2540.00	2540.00	2540.00	2540.00	2540.00	2540.00	2540.00	2541.00	2541.00	2541.00	2541.00	2541.00	2541.00	2542.00	2542.00	2542.00	2542.00	2542.00	2542.00	2542.00	2543.00	2543.00	2543.00	2543.00	2543.00	2543.00	2543.00	2544.00	2544.00	2544.00	2544.00	2544.00	2544.00	2544.00	2544.00	2544.00	2545.00	2545.00	2545.00	2545.00	2545.00	2545.00	2545.00	2545.00	2545.00	2545.00	2545.00	2545.00	2545.00	2545.00	2546.00	2546.00	2546.00	2546.00	2546.00	2546.00	2546.00	2546.00	2546.00	2546.00	2546.00	2546.00	2546.00	2546.00	2546.00	2546.00	2546.00	2546.00	2546.00	2546.00	2546.00	2546.00	2546.00	2546.00	2546.00	2546.00	2546.00	2546.00	2546.00	2546.00	2546.00	2546.00	2546.00	2546.00	2546.00	2546.00	2546.00	2546.00	2546.00	2546.00	2546.00	2546.00	2545.00	2545.00	2545.00	2545.00	2545.00	2545.00	2545.00	2545.00	2545.00	2545.00	2545.00	2545.00	2545.00	2544.00	2544.00	2544.00	2544.00	2544.00	2544.00	2544.00	2544.00	2544.00	2543.00	2543.00	2543.00	2543.00	2543.00	2543.00	2543.00	2543.00	2543.00	2543.00	2542.00	2542.00	2542.00	2542.00	2542.00	2542.00	2542.00	2542.00	2542.00	2541.00	2541.00	2541.00	2541.00	2541.00	2541.00	2541.00	2541.00	2541.00	2541.00	2541.00	2541.00	2541.00	2541.00	2541.00	2541.00	2541.00	2541.00	2540.00	2540.00	2540.00	2540.00	2540.00	2540.00	2540.00	2540.00	2540.00	2540.00	2540.00	2540.00	2540.00	2540.00	2540.00	2540.00	2540.00	2540.00	2540.00	2540.00	2539.00	2539.00	2539.00	2539.00	2539.00	2539.00	2539.00	2539.00	2539.00	2539.00
2533.00	2533.00	2533.00	2533.00	2533.00	2533.00	2533.00	2533.00	2533.00	2533.00	2533.00	2533.00	2533.00	2534.00	2534.00	2534.00	2534.00	2534.00	2534.00	2534.00	2534.00	2534.00	2534.00	2534.00	2534.00	2534.00	2534.00	2534.00	2535.00	2535.00	2535.00	2535.00	2535.00	2535.00	2535.00	2535.00	2535.00	2535.00	2536.00	2536.00	2536.00	2536.00	2536.00	2536.00	2536.00	2536.00	2536.00	2537.00	2537.00	2537.00	2537.00	2537.00	2537.00	2537.00	2537.00	2538.00	2538.00	2538.00	2538.00	2538.00	2538.00	2538.00	2538.00	2538.00	2539.00	2539.00	2539.00	2539.00	2539.00	2539.00	2539.00	2539.00	2539.00	2540.00	2540.00	2540.00	2540.00	2540.00	2540.00	2540.00	2540.00	2540.00	2541.00	2541.00	2541.00	2541.00	2541.00	2541.00	2542.00	2542.00	2542.00	2542.00	2542.00	2542.00	2542.00	2543.00	2543.00	2543.00	2543.00	2543.00	2543.00	2543.00	2544.00	2544.00	2544.00	2544.00	2544.00	2544.00	2544.00	2544.00	2544.00	2545.00	2545.00	2545.00	2545.00	2545.00	2545.00	2545.00	2545.00	2545.00	2545.00	2545.00	2545.00	2545.00	2545.00	2546.00	2546.00	2546.00	2546.00	2546.00	2546.00	2546.00	2546.00	2546.00	2546.00	2546.00	2546.00	2546.00	2546.00	2546.00	2546.00	2546.00	2546.00	2546.00	2546.00	2546.00	2546.00	2546.00	2546.00	2546.00	2546.00	2546.00	2546.00	2546.00	2546.00	2546.00	2546.00	2546.00	2546.00	2546.00	2546.00	2546.00	2546.00	2546.00	2546.00	2546.00	2546.00	2545.00	2545.00	2545.00	2545.00	2545.00	2545.00	2545.00	2545.00	2545.00	2545.00	2545.00	2545.00	2545.00	2544.00	2544.00	2544.00	2544.00	2544.00	2544.00	2544.00	2544.00	2544.00	2543.00	2543.00	2543.00	2543.00	2543.00	2543.00	2543.00	2543.00	2543.00	2543.00	2542.00	2542.00	2542.00	2542.00	2542.00	2542.00	2542.00	2542.00	2542.00	2541.00	2541.00	2541.00	2541.00	2541.00	2541.00	2541.00	2541.00	2541.00	2541.00	2541.00	2541.00	2541.00	2541.00	2541.00	2541.00	2541.00	2541.00	2540.00	2540.00	2540.00	2540.00	2540.00	2540.00	2540.00	2540.00	2540.00	2540.00	2540.00	2540.00	2540.00	2540.00	2540.00	2540.00	2540.00	2540.00	2540.00	2540.00	2539.00	2539.00	2539.00	2539.00	2539.00	2539.00	2539.00	2539.00	2539.00	2539.00
2533.00	2533.00	2533.00	2533.00	2533.00	2533.00	2533.00	2533.00	2533.00	2533.00	2533.00	2533.00	2533.00	2534.00	2534.00	2534.00	2534.00	2534.00	2534.00	2534.00	2534.00	2534.00	2534.00	2534.00	2534.00	2534.00	2534.00	2534.00	2535.00	2535.00	2535.00	2535.00	2535.00	2535.00	2535.00	2535.00	2535.00	2535.00	2536.00	2536.00	2536.00	2536.00	2536.00	2536.00	2536.00	2536.00	2536.00	2537.00	2537.00	2537.00	2537.00	2537.00	2537.00	2537.00	2537.00	2538.00	2538.00	2538.00	2538.00	2538.00	2538.00	2538.00	2538.00	2538.00	2539.00	2539.00	2539.00	2539.00	2539.00	2539.00	2539.00	2539.00	2539.00	2540.00	2540.00	2540.00	2540.00	2540.00	2540.00	2540.00	2540.00	2540.00	2541.00	2541.00	2541.00	2541.00	2541.00	2541.00	2542.00	2542.00	2542.00	2542.00	2542.00	2542.00	2542.00	2543.00	2543.00	2543.00	2543.00	2543.00	2543.00	2543.00	2544.00	2544.00	2544.00	2544.00	2544.00	2544.00	2544.00	2544.00	2544.00	2545.00	2545.00	2545.00	2545.00	2545.00	2545.00	2545.00	2545.00	2545.00	2545.00	2545.00	2545.00	2545.00	2545.00	2546.00	2546.00	2546.00	2546.00	2546.00	2546.00	2546.00	2546.00	2546.00	2546.00	2546.00	2546.00	2546.00	2546.00	2546.00	2546.00	2546.00	2546.00	2546.00	2546.00	2546.00	2546.00	2546.00	2546.00	2546.00	2546.00	2546.00	2546.00	2546.00	2546.00	2546.00	2546.00	2546.00	2546.00	2546.00	2546.00	2546.00	2546.00	2546.00	2546.00	2546.00	2546.00	2545.00	2545.00	2545.00	2545.00	2545.00	2545.00	2545.00	2545.00	2545.00	2545.00	2545.00	2545.00	2545.00	2544.00	2544.00	2544.00	2544.00	2544.00	2544.00	2544.00	2544.00	2544.00	2543.00	2543.00	2543.00	2543.00	2543.00	2543.00	2543.00	2543.00	2543.00	2543.00	2542.00	2542.00	2542.00	2542.00	2542.00	2542.00	2542.00	2542.00	2542.00	2541.00	2541.00	2541.00	2541.00	2541.00	2541.00	2541.00	2541.00	2541.00	2541.00	2541.00	2541.00	2541.00	2541.00	2541.00	2541.00	2541.00	2541.00	2540.00	2540.00	2540.00	2540.00	2540.00	2540.00	2540.00	2540.00	2540.00	2540.00	2540.00	2540.00	2540.00	2540.00	2540.00	2540.00	2540.00	2540.00	2540.00	2540.00	2539.00	2539.00	2539.00	2539.00	2539.00	2539.00	2539.00	2539.00	2539.00	2539.00
2533.00	2533.00	2533.00	2533.00	2533.00	2533.00	2533.00	2533.00	2533.00	2533.00	2533.00	2533.00	2533.00	2534.00	2534.00	2534.00	2534.00	2534.00	2534.00	2534.00	2534.00	2534.00	2534.00	2534.00	2534.00	2534.00	2534.00	2534.00	2535.00	2535.00	2535.00	2535.00	2535.00	2535.00	2535.00	2535.00	2535.00	2535.00	2536.00	2536.00	2536.00	2536.00	2536.00	2536.00	2536.00	2536.00	2536.00	2537.00	2537.00	2537.00	2537.00	2537.00	2537.00	2537.00	2537.00	2538.00	2538.00	2538.00	2538.00	2538.00	2538.00	2538.00	2538.00	2538.00	2539.00	2539.00	2539.00	2539.00	2539.00	2539.00	2539.00	2539.00	2539.00	2540.00	2540.00	2540.00	2540.00	2540.00	2540.00	2540.00	2540.00	2540.00	2541.00	2541.00	2541.00	2541.00	2541.00	2541.00	2542.00	2542.00	2542.00	2542.00	2542.00	2542.00	2542.00	2543.00	2543.00	2543.00	2543.00	2543.00	2543.00	2543.00	2544.00	2544.00	2544.00	2544.00	2544.00	2544.00	2544.00	2544.00	2544.00	2545.00	2545.00	2545.00	2545.00	2545.00	2545.00	2545.00	2545.00	2545.00	2545.00	2545.00	2545.00	2545.00	2545.00	2546.00	2546.00	2546.00	2546.00	2546.00	2546.00	2546.00	2546.00	2546.00	2546.00	2546.00	2546.00	2546.00	2546.00	2546.00	2546.00	2546.00	2546.00	2546.00	2546.00	2546.00	2546.00	2546.00	2546.00	2546.00	2546.00	2546.00	2546.00	2546.00	2546.00	2546.00	2546.00	2546.00	2546.00	2546.00	2546.00	2546.00	2546.00	2546.00	2546.00	2546.00	2546.00	2545.00	2545.00	2545.00	2545.00	2545.00	2545.00	2545.00	2545.00	2545.00	2545.00	2545.00	2545.00	2545.00	2544.00	2544.00	2544.00	2544.00	2544.00	2544.00	2544.00	2544.00	2544.00	2543.00	2543.00	2543.00	2543.00	2543.00	2543.00	2543.00	2543.00	2543.00	2543.00	2542.00	2542.00	2542.00	2542.00	2542.00	2542.00	2542.00	2542.00	2542.00	2541.00	2541.00	2541.00	2541.00	2541.00	2541.00	2541.00	2541.00	2541.00	2541.00	2541.00	2541.00	2541.00	2541.00	2541.00	2541.00	2541.00	2541.00	2540.00	2540.00	2540.00	2540.00	2540.00	2540.00	2540.00	2540.00	2540.00	2540.00	2540.00	2540.00	2540.00	2540.00	2540.00	2540.00	2540.00	2540.00	2540.00	2540.00	2539.00	2539.00	2539.00	2539.00	2539.00	2539.00	2539.00	2539.00	2539.00	2539.00
2533.00	2533.00	2533.00	2533.00	2533.00	2533.00	2533.00	2533.00	2533.00	2533.00	2533.00	2533.00	2533.00	2534.00	2534.00	2534.00	2534.00	2534.00	2534.00	2534.00	2534.00	2534.00	2534.00	2534.00	2534.00	2534.00	2534.00	2534.00	2535.00	2535.00	2535.00	2535.00	2535.00	2535.00	2535.00	2535.00	2535.00	2535.00	2536.00	2536.00	2536.00	2536.00	2536.00	2536.00	2536.00	2536.00	2536.00	2537.00	2537.00	2537.00	2537.00	2537.00	2537.00	2537.00	2537.00	2538.00	2538.00	2538.00	2538.00	2538.00	2538.00	2538.00	2538.00	2538.00	2539.00	2539.00	2539.00	2539.00	2539.00	2539.00	2539.00	2539.00	2539.00	2540.00	2540.00	2540.00	2540.00	2540.00	2540.00	2540.00	2540.00	2540.00	2541.00	2541.00	2541.00	2541.00	2541.00	2541.00	2542.00	2542.00	2542.00	2542.00	2542.00	2542.00	2542.00	2543.00	2543.00	2543.00	2543.00	2543.00	2543.00	2543.00	2544.00	2544.00	2544.00	2544.00	2544.00	2544.00	2544.00	2544.00	2544.00	2545.00	2545.00	2545.00	2545.00	2545.00	2545.00	2545.00	2545.00	2545.00	2545.00	2545.00	2545.00	2545.00	2545.00	2546.00	2546.00	2546.00	2546.00	2546.00	2546.00	2546.00	2546.00	2546.00	2546.00	2546.00	2546.00	2546.00	2546.00	2546.00	2546.00	2546.00	2546.00	2546.00	2546.00	2546.00	2546.00	2546.00	2546.00	2546.00	2546.00	2546.00	2546.00	2546.00	2546.00	2546.00	2546.00	2546.00	2546.00	2546.00	2546.00	2546.00	2546.00	2546.00	2546.00	2546.00	2546.00	2545.00	2545.00	2545.00	2545.00	2545.00	2545.00	2545.00	2545.00	2545.00	2545.00	2545.00	2545.00	2545.00	2544.00	2544.00	2544.00	2544.00	2544.00	2544.00	2544.00	2544.00	2544.00	2543.00	2543.00	2543.00	2543.00	2543.00	2543.00	2543.00	2543.00	2543.00	2543.00	2542.00	2542.00	2542.00	2542.00	2542.00	2542.00	2542.00	2542.00	2542.00	2541.00	2541.00	2541.00	2541.00	2541.00	2541.00	2541.00	2541.00	2541.00	2541.00	2541.00	2541.00	2541.00	2541.00	2541.00	2541.00	2541.00	2541.00	2540.00	2540.00	2540.00	2540.00	2540.00	2540.00	2540.00	2540.00	2540.00	2540.00	2540.00	2540.00	2540.00	2540.00	2540.00	2540.00	2540.00	2540.00	2540.00	2540.00	2539.00	2539.00	2539.00	2539.00	2539.00	2539.00	2539.00	2539.00	2539.00	2539.00
2533.00	2533.00	2533.00	2533.00	2533.00	2533.00	2533.00	2533.00	2533.00	2533.00	2533.00	2533.00	2533.00	2534.00	2534.00	2534.00	2534.00	2534.00	2534.00	2534.00	2534.00	2534.00	2534.00	2534.00	2534.00	2534.00	2534.00	2534.00	2535.00	2535.00	2535.00	2535.00	2535.00	2535.00	2535.00	2535.00	2535.00	2535.00	2536.00	2536.00	2536.00	2536.00	2536.00	2536.00	2536.00	2536.00	2536.00	2537.00	2537.00	2537.00	2537.00	2537.00	2537.00	2537.00	2537.00	2538.00	2538.00	2538.00	2538.00	2538.00	2538.00	2538.00	2538.00	2538.00	2539.00	2539.00	2539.00	2539.00	2539.00	2539.00	2539.00	2539.00	2539.00	2540.00	2540.00	2540.00	2540.00	2540.00	2540.00	2540.00	2540.00	2540.00	2541.00	2541.00	2541.00	2541.00	2541.00	2541.00	2542.00	2542.00	2542.00	2542.00	2542.00	2542.00	2542.00	2543.00	2543.00	2543.00	2543.00	2543.00	2543.00	2543.00	2544.00	2544.00	2544.00	2544.00	2544.00	2544.00	2544.00	2544.00	2544.00	2545.00	2545.00	2545.00	2545.00	2545.00	2545.00	2545.00	2545.00	2545.00	2545.00	2545.00	2545.00	2545.00	2545.00	2546.00	2546.00	2546.00	2546.00	2546.00	2546.00	2546.00	2546.00	2546.00	2546.00	2546.00	2546.00	2546.00	2546.00	2546.00	2546.00	2546.00	2546.00	2546.00	2546.00	2546.00	2546.00	2546.00	2546.00	2546.00	2546.00	2546.00	2546.00	2546.00	2546.00	2546.00	2546.00	2546.00	2546.00	2546.00	2546.00	2546.00	2546.00	2546.00	2546.00	2546.00	2546.00	2545.00	2545.00	2545.00	2545.00	2545.00	2545.00	2545.00	2545.00	2545.00	2545.00	2545.00	2545.00	2545.00	2544.00	2544.00	2544.00	2544.00	2544.00	2544.00	2544.00	2544.00	2544.00	2543.00	2543.00	2543.00	2543.00	2543.00	2543.00	2543.00	2543.00	2543.00	2543.00	2542.00	2542.00	2542.00	2542.00	2542.00	2542.00	2542.00	2542.00	2542.00	2541.00	2541.00	2541.00	2541.00	2541.00	2541.00	2541.00	2541.00	2541.00	2541.00	2541.00	2541.00	2541.00	2541.00	2541.00	2541.00	2541.00	2541.00	2540.00	2540.00	2540.00	2540.00	2540.00	2540.00	2540.00	2540.00	2540.00	2540.00	2540.00	2540.00	2540.00	2540.00	2540.00	2540.00	2540.00	2540.00	2540.00	2540.00	2539.00	2539.00	2539.00	2539.00	2539.00	2539.00	2539.00	2539.00	2539.00	2539.00
2533.00	2533.00	2533.00	2533.00	2533.00	2533.00	2533.00	2533.00	2533.00	2533.00	2533.00	2533.00	2533.00	2534.00	2534.00	2534.00	2534.00	2534.00	2534.00	2534.00	2534.00	2534.00	2534.00	2534.00	2534.00	2534.00	2534.00	2534.00	2535.00	2535.00	2535.00	2535.00	2535.00	2535.00	2535.00	2535.00	2535.00	2535.00	2536.00	2536.00	2536.00	2536.00	2536.00	2536.00	2536.00	2536.00	2536.00	2537.00	2537.00	2537.00	2537.00	2537.00	2537.00	2537.00	2537.00	2538.00	2538.00	2538.00	2538.00	2538.00	2538.00	2538.00	2538.00	2538.00	2539.00	2539.00	2539.00	2539.00	2539.00	2539.00	2539.00	2539.00	2539.00	2540.00	2540.00	2540.00	2540.00	2540.00	2540.00	2540.00	2540.00	2540.00	2541.00	2541.00	2541.00	2541.00	2541.00	2541.00	2542.00	2542.00	2542.00	2542.00	2542.00	2542.00	2542.00	2543.00	2543.00	2543.00	2543.00	2543.00	2543.00	2543.00	2544.00	2544.00	2544.00	2544.00	2544.00	2544.00	2544.00	2544.00	2544.00	2545.00	2545.00	2545.00	2545.00	2545.00	2545.00	2545.00	2545.00	2545.00	2545.00	2545.00	2545.00	2545.00	2545.00	2546.00	2546.00	2546.00	2546.00	2546.00	2546.00	2546.00	2546.00	2546.00	2546.00	2546.00	2546.00	2546.00	2546.00	2546.00	2546.00	2546.00	2546.00	2546.00	2546.00	2546.00	2546.00	2546.00	2546.00	2546.00	2546.00	2546.00	2546.00	2546.00	2546.00	2546.00	2546.00	2546.00	2546.00	2546.00	2546.00	2546.00	2546.00	2546.00	2546.00	2546.00	2546.00	2545.00	2545.00	2545.00	2545.00	2545.00	2545.00	2545.00	2545.00	2545.00	2545.00	2545.00	2545.00	2545.00	2544.00	2544.00	2544.00	2544.00	2544.00	2544.00	2544.00	2544.00	2544.00	2543.00	2543.00	2543.00	2543.00	2543.00	2543.00	2543.00	2543.00	2543.00	2543.00	2542.00	2542.00	2542.00	2542.00	2542.00	2542.00	2542.00	2542.00	2542.00	2541.00	2541.00	2541.00	2541.00	2541.00	2541.00	2541.00	2541.00	2541.00	2541.00	2541.00	2541.00	2541.00	2541.00	2541.00	2541.00	2541.00	2541.00	2540.00	2540.00	2540.00	2540.00	2540.00	2540.00	2540.00	2540.00	2540.00	2540.00	2540.00	2540.00	2540.00	2540.00	2540.00	2540.00	2540.00	2540.00	2540.00	2540.00	2539.00	2539.00	2539.00	2539.00	2539.00	2539.00	2539.00	2539.00	2539.00	2539.00
2533.00	2533.00	2533.00	2533.00	2533.00	2533.00	2533.00	2533.00	2533.00	2533.00	2533.00	2533.00	2533.00	2534.00	2534.00	2534.00	2534.00	2534.00	2534.00	2534.00	2534.00	2534.00	2534.00	2534.00	2534.00	2534.00	2534.00	2534.00	2535.00	2535.00	2535.00	2535.00	2535.00	2535.00	2535.00	2535.00	2535.00	2535.00	2536.00	2536.00	2536.00	2536.00	2536.00	2536.00	2536.00	2536.00	2536.00	2537.00	2537.00	2537.00	2537.00	2537.00	2537.00	2537.00	2537.00	2538.00	2538.00	2538.00	2538.00	2538.00	2538.00	2538.00	2538.00	2538.00	2539.00	2539.00	2539.00	2539.00	2539.00	2539.00	2539.00	2539.00	2539.00	2540.00	2540.00	2540.00	2540.00	2540.00	2540.00	2540.00	2540.00	2540.00	2541.00	2541.00	2541.00	2541.00	2541.00	2541.00	2542.00	2542.00	2542.00	2542.00	2542.00	2542.00	2542.00	2543.00	2543.00	2543.00	2543.00	2543.00	2543.00	2543.00	2544.00	2544.00	2544.00	2544.00	2544.00	2544.00	2544.00	2544.00	2544.00	2545.00	2545.00	2545.00	2545.00	2545.00	2545.00	2545.00	2545.00	2545.00	2545.00	2545.00	2545.00	2545.00	2545.00	2546.00	2546.00	2546.00	2546.00	2546.00	2546.00	2546.00	2546.00	2546.00	2546.00	2546.00	2546.00	2546.00	2546.00	2546.00	2546.00	2546.00	2546.00	2546.00	2546.00	2546.00	2546.00	2546.00	2546.00	2546.00	2546.00	2546.00	2546.00	2546.00	2546.00	2546.00	2546.00	2546.00	2546.00	2546.00	2546.00	2546.00	2546.00	2546.00	2546.00	2546.00	2546.00	2545.00	2545.00	2545.00	2545.00	2545.00	2545.00	2545.00	2545.00	2545.00	2545.00	2545.00	2545.00	2545.00	2544.00	2544.00	2544.00	2544.00	2544.00	2544.00	2544.00	2544.00	2544.00	2543.00	2543.00	2543.00	2543.00	2543.00	2543.00	2543.00	2543.00	2543.00	2543.00	2542.00	2542.00	2542.00	2542.00	2542.00	2542.00	2542.00	2542.00	2542.00	2541.00	2541.00	2541.00	2541.00	2541.00	2541.00	2541.00	2541.00	2541.00	2541.00	2541.00	2541.00	2541.00	2541.00	2541.00	2541.00	2541.00	2541.00	2540.00	2540.00	2540.00	2540.00	2540.00	2540.00	2540.00	2540.00	2540.00	2540.00	2540.00	2540.00	2540.00	2540.00	2540.00	2540.00	2540.00	2540.00	2540.00	2540.00	2539.00	2539.00	2539.00	2539.00	2539.00	2539.00	2539.00	2539.00	2539.00	2539.00
2534.00	2534.00	2534.00	2534.00	2534.00	2534.00	2534.00	2534.00	2534.00	2534.00	2534.00	2534.00	2534.00	2534.00	2534.00	2534.00	2534.00	2534.00	2534.00	2535.00	2535.00	2535.00	2535.00	2535.00	2535.00	2535.00	2535.00	2535.00	2535.00	2535.00	2535.00	2535.00	2535.00	2535.00	2536.00	2536.00	2536.00	2536.00	2536.00	2536.00	2536.00	2536.00	2536.00	2536.00	2536.00	2537.00	2537.00	2537.00	2537.00	2537.00	2537.00	2537.00	2537.00	2537.00	2538.00	2538.00	2538.00	2538.00	2538.00	2538.00	2538.00	2538.00	2538.00	2538.00	2538.00	2538.00	2539.00	2539.00	2539.00	2539.00	2539.00	2539.00	2539.00	2539.00	2539.00	2539.00	2539.00	2539.00	2540.00	2540.00	2540.00	2540.00	2540.00	2540.00	2540.00	2540.00	2541.00	2541.00	2541.00	2541.00	2541.00	2541.00	2541.00	2542.00	2542.00	2542.00	2542.00	2542.00	2542.00	2542.00	2542.00	2542.00	2542.00	2542.00	2543.00	2543.00	2543.00	2543.00	2543.00	2543.00	2543.00	2543.00	2543.00	2543.00	2543.00	2543.00	2543.00	2543.00	2543.00	2543.00	2543.00	2543.00	2543.00	2543.00	2543.00	2544.00	2544.00	2544.00	2544.00	2544.00	2544.00	2544.00	2544.00	2544.00	2544.00	2544.00	2544.00	2544.00	2544.00	2544.00	2544.00	2544.00	2544.00	2544.00	2544.00	2544.00	2544.00	2544.00	2544.00	2544.00	2544.00	2544.00	2544.00	2544.00	2544.00	2544.00	2544.00	2544.00	2544.00	2544.00	2544.00	2544.00	2544.00	2543.00	2543.00	2543.00	2543.00	2543.00	2543.00	2543.00	2543.00	2543.00	2543.00	2543.00	2543.00	2543.00	2543.00	2543.00	2542.00	2542.00	2542.00	2542.00	2542.00	2542.00	2542.00	2542.00	2542.00	2541.00	2541.00	2541.00	2541.00	2541.00	2541.00	2541.00	2541.00	2541.00	2541.00	2541.00	2541.00	2540.00	2540.00	2540.00	2540.00	2540.00	2540.00	2540.00	2540.00	2540.00	2540.00	2540.00	2539.00	2539.00	2539.00	2539.00	2539.00	2539.00	2539.00	2539.00	2539.00	2539.00	2539.00	2539.00	2539.00	2539.00	2539.00	2539.00	2539.00	2539.00	2539.00	2539.00	2539.00	2538.00	2538.00	2538.00	2538.00	2538.00	2538.00	2538.00	2538.00	2538.00	2538.00	2538.00	2538.00	2538.00	2538.00	2538.00	2538.00	2538.00	2538.00	2538.00	2538.00	2538.00	2538.00	2538.00	2538.00	2538.00
2534.00	2534.00	2534.00	2534.00	2534.00	2534.00	2534.00	2534.00	2534.00	2534.00	2534.00	2534.00	2534.00	2534.00	2534.00	2534.00	2534.00	2534.00	2534.00	2535.00	2535.00	2535.00	2535.00	2535.00	2535.00	2535.00	2535.00	2535.00	2535.00	2535.00	2535.00	2535.00	2535.00	2535.00	2536.00	2536.00	2536.00	2536.00	2536.00	2536.00	2536.00	2536.00	2536.00	2536.00	2536.00	2537.00	2537.00	2537.00	2537.00	2537.00	2537.00	2537.00	2537.00	2537.00	2538.00	2538.00	2538.00	2538.00	2538.00	2538.00	2538.00	2538.00	2538.00	2538.00	2538.00	2538.00	2539.00	2539.00	2539.00	2539.00	2539.00	2539.00	2539.00	2539.00	2539.00	2539.00	2539.00	2539.00	2540.00	2540.00	2540.00	2540.00	2540.00	2540.00	2540.00	2540.00	2541.00	2541.00	2541.00	2541.00	2541.00	2541.00	2541.00	2542.00	2542.00	2542.00	2542.00	2542.00	2542.00	2542.00	2542.00	2542.00	2542.00	2542.00	2543.00	2543.00	2543.00	2543.00	2543.00	2543.00	2543.00	2543.00	2543.00	2543.00	2543.00	2543.00	2543.00	2543.00	2543.00	2543.00	2543.00	2543.00	2543.00	2543.00	2543.00	2544.00	2544.00	2544.00	2544.00	2544.00	2544.00	2544.00	2544.00	2544.00	2544.00	2544.00	2544.00	2544.00	2544.00	2544.00	2544.00	2544.00	2544.00	2544.00	2544.00	2544.00	2544.00	2544.00	2544.00	2544.00	2544.00	2544.00	2544.00	2544.00	2544.00	2544.00	2544.00	2544.00	2544.00	2544.00	2544.00	2544.00	2544.00	2543.00	2543.00	2543.00	2543.00	2543.00	2543.00	2543.00	2543.00	2543.00	2543.00	2543.00	2543.00	2543.00	2543.00	2543.00	2542.00	2542.00	2542.00	2542.00	2542.00	2542.00	2542.00	2542.00	2542.00	2541.00	2541.00	2541.00	2541.00	2541.00	2541.00	2541.00	2541.00	2541.00	2541.00	2541.00	2541.00	2540.00	2540.00	2540.00	2540.00	2540.00	2540.00	2540.00	2540.00	2540.00	2540.00	2540.00	2539.00	2539.00	2539.00	2539.00	2539.00	2539.00	2539.00	2539.00	2539.00	2539.00	2539.00	2539.00	2539.00	2539.00	2539.00	2539.00	2539.00	2539.00	2539.00	2539.00	2539.00	2538.00	2538.00	2538.00	2538.00	2538.00	2538.00	2538.00	2538.00	2538.00	2538.00	2538.00	2538.00	2538.00	2538.00	2538.00	2538.00	2538.00	2538.00	2538.00	2538.00	2538.00	2538.00	2538.00	2538.00	2538.00
2534.00	2534.00	2534.00	2534.00	2534.00	2534.00	2534.00	2534.00	2534.00	2534.00	2534.00	2534.00	2534.00	2534.00	2534.00	2534.00	2534.00	2534.00	2534.00	2535.00	2535.00	2535.00	2535.00	2535.00	2535.00	2535.00	2535.00	2535.00	2535.00	2535.00	2535.00	2535.00	2535.00	2535.00	2536.00	2536.00	2536.00	2536.00	2536.00	2536.00	2536.00	2536.00	2536.00	2536.00	2536.00	2537.00	2537.00	2537.00	2537.00	2537.00	2537.00	2537.00	2537.00	2537.00	2538.00	2538.00	2538.00	2538.00	2538.00	2538.00	2538.00	2538.00	2538.00	2538.00	2538.00	2538.00	2539.00	2539.00	2539.00	2539.00	2539.00	2539.00	2539.00	2539.00	2539.00	2539.00	2539.00	2539.00	2540.00	2540.00	2540.00	2540.00	2540.00	2540.00	2540.00	2540.00	2541.00	2541.00	2541.00	2541.00	2541.00	2541.00	2541.00	2542.00	2542.00	2542.00	2542.00	2542.00	2542.00	2542.00	2542.00	2542.00	2542.00	2542.00	2543.00	2543.00	2543.00	2543.00	2543.00	2543.00	2543.00	2543.00	2543.00	2543.00	2543.00	2543.00	2543.00	2543.00	2543.00	2543.00	2543.00	2543.00	2543.00	2543.00	2543.00	2544.00	2544.00	2544.00	2544.00	2544.00	2544.00	2544.00	2544.00	2544.00	2544.00	2544.00	2544.00	2544.00	2544.00	2544.00	2544.00	2544.00	2544.00	2544.00	2544.00	2544.00	2544.00	2544.00	2544.00	2544.00	2544.00	2544.00	2544.00	2544.00	2544.00	2544.00	2544.00	2544.00	2544.00	2544.00	2544.00	2544.00	2544.00	2543.00	2543.00	2543.00	2543.00	2543.00	2543.00	2543.00	2543.00	2543.00	2543.00	2543.00	2543.00	2543.00	2543.00	2543.00	2542.00	2542.00	2542.00	2542.00	2542.00	2542.00	2542.00	2542.00	2542.00	2541.00	2541.00	2541.00	2541.00	2541.00	2541.00	2541.00	2541.00	2541.00	2541.00	2541.00	2541.00	2540.00	2540.00	2540.00	2540.00	2540.00	2540.00	2540.00	2540.00	2540.00	2540.00	2540.00	2539.00	2539.00	2539.00	2539.00	2539.00	2539.00	2539.00	2539.00	2539.00	2539.00	2539.00	2539.00	2539.00	2539.00	2539.00	2539.00	2539.00	2539.00	2539.00	2539.00	2539.00	2538.00	2538.00	2538.00	2538.00	2538.00	2538.00	2538.00	2538.00	2538.00	2538.00	2538.00	2538.00	2538.00	2538.00	2538.00	2538.00	2538.00	2538.00	2538.00	2538.00	2538.00	2538.00	2538.00	2538.00	2538.00
2534.00	2534.00	2534.00	2534.00	2534.00	2534.00	2534.00	2534.00	2534.00	2534.00	2534.00	2534.00	2534.00	2534.00	2534.00	2534.00	2534.00	2534.00	2534.00	2535.00	2535.00	2535.00	2535.00	2535.00	2535.00	2535.00	2535.00	2535.00	2535.00	2535.00	2535.00	2535.00	2535.00	2535.00	2536.00	2536.00	2536.00	2536.00	2536.00	2536.00	2536.00	2536.00	2536.00	2536.00	2536.00	2537.00	2537.00	2537.00	2537.00	2537.00	2537.00	2537.00	2537.00	2537.00	2538.00	2538.00	2538.00	2538.00	2538.00	2538.00	2538.00	2538.00	2538.00	2538.00	2538.00	2538.00	2539.00	2539.00	2539.00	2539.00	2539.00	2539.00	2539.00	2539.00	2539.00	2539.00	2539.00	2539.00	2540.00	2540.00	2540.00	2540.00	2540.00	2540.00	2540.00	2540.00	2541.00	2541.00	2541.00	2541.00	2541.00	2541.00	2541.00	2542.00	2542.00	2542.00	2542.00	2542.00	2542.00	2542.00	2542.00	2542.00	2542.00	2542.00	2543.00	2543.00	2543.00	2543.00	2543.00	2543.00	2543.00	2543.00	2543.00	2543.00	2543.00	2543.00	2543.00	2543.00	2543.00	2543.00	2543.00	2543.00	2543.00	2543.00	2543.00	2544.00	2544.00	2544.00	2544.00	2544.00	2544.00	2544.00	2544.00	2544.00	2544.00	2544.00	2544.00	2544.00	2544.00	2544.00	2544.00	2544.00	2544.00	2544.00	2544.00	2544.00	2544.00	2544.00	2544.00	2544.00	2544.00	2544.00	2544.00	2544.00	2544.00	2544.00	2544.00	2544.00	2544.00	2544.00	2544.00	2544.00	2544.00	2543.00	2543.00	2543.00	2543.00	2543.00	2543.00	2543.00	2543.00	2543.00	2543.00	2543.00	2543.00	2543.00	2543.00	2543.00	2542.00	2542.00	2542.00	2542.00	2542.00	2542.00	2542.00	2542.00	2542.00	2541.00	2541.00	2541.00	2541.00	2541.00	2541.00	2541.00	2541.00	2541.00	2541.00	2541.00	2541.00	2540.00	2540.00	2540.00	2540.00	2540.00	2540.00	2540.00	2540.00	2540.00	2540.00	2540.00	2539.00	2539.00	2539.00	2539.00	2539.00	2539.00	2539.00	2539.00	2539.00	2539.00	2539.00	2539.00	2539.00	2539.00	2539.00	2539.00	2539.00	2539.00	2539.00	2539.00	2539.00	2538.00	2538.00	2538.00	2538.00	2538.00	2538.00	2538.00	2538.00	2538.00	2538.00	2538.00	2538.00	2538.00	2538.00	2538.00	2538.00	2538.00	2538.00	2538.00	2538.00	2538.00	2538.00	2538.00	2538.00	2538.00
2534.00	2534.00	2534.00	2534.00	2534.00	2534.00	2534.00	2534.00	2534.00	2534.00	2534.00	2534.00	2534.00	2534.00	2534.00	2534.00	2534.00	2534.00	2534.00	2535.00	2535.00	2535.00	2535.00	2535.00	2535.00	2535.00	2535.00	2535.00	2535.00	2535.00	2535.00	2535.00	2535.00	2535.00	2536.00	2536.00	2536.00	2536.00	2536.00	2536.00	2536.00	2536.00	2536.00	2536.00	2536.00	2537.00	2537.00	2537.00	2537.00	2537.00	2537.00	2537.00	2537.00	2537.00	2538.00	2538.00	2538.00	2538.00	2538.00	2538.00	2538.00	2538.00	2538.00	2538.00	2538.00	2538.00	2539.00	2539.00	2539.00	2539.00	2539.00	2539.00	2539.00	2539.00	2539.00	2539.00	2539.00	2539.00	2540.00	2540.00	2540.00	2540.00	2540.00	2540.00	2540.00	2540.00	2541.00	2541.00	2541.00	2541.00	2541.00	2541.00	2541.00	2542.00	2542.00	2542.00	2542.00	2542.00	2542.00	2542.00	2542.00	2542.00	2542.00	2542.00	2543.00	2543.00	2543.00	2543.00	2543.00	2543.00	2543.00	2543.00	2543.00	2543.00	2543.00	2543.00	2543.00	2543.00	2543.00	2543.00	2543.00	2543.00	2543.00	2543.00	2543.00	2544.00	2544.00	2544.00	2544.00	2544.00	2544.00	2544.00	2544.00	2544.00	2544.00	2544.00	2544.00	2544.00	2544.00	2544.00	2544.00	2544.00	2544.00	2544.00	2544.00	2544.00	2544.00	2544.00	2544.00	2544.00	2544.00	2544.00	2544.00	2544.00	2544.00	2544.00	2544.00	2544.00	2544.00	2544.00	2544.00	2544.00	2544.00	2543.00	2543.00	2543.00	2543.00	2543.00	2543.00	2543.00	2543.00	2543.00	2543.00	2543.00	2543.00	2543.00	2543.00	2543.00	2542.00	2542.00	2542.00	2542.00	2542.00	2542.00	2542.00	2542.00	2542.00	2541.00	2541.00	2541.00	2541.00	2541.00	2541.00	2541.00	2541.00	2541.00	2541.00	2541.00	2541.00	2540.00	2540.00	2540.00	2540.00	2540.00	2540.00	2540.00	2540.00	2540.00	2540.00	2540.00	2539.00	2539.00	2539.00	2539.00	2539.00	2539.00	2539.00	2539.00	2539.00	2539.00	2539.00	2539.00	2539.00	2539.00	2539.00	2539.00	2539.00	2539.00	2539.00	2539.00	2539.00	2538.00	2538.00	2538.00	2538.00	2538.00	2538.00	2538.00	2538.00	2538.00	2538.00	2538.00	2538.00	2538.00	2538.00	2538.00	2538.00	2538.00	2538.00	2538.00	2538.00	2538.00	2538.00	2538.00	2538.00	2538.00
2534.00	2534.00	2534.00	2534.00	2534.00	2534.00	2534.00	2534.00	2534.00	2534.00	2534.00	2534.00	2534.00	2534.00	2534.00	2534.00	2534.00	2534.00	2534.00	2535.00	2535.00	2535.00	2535.00	2535.00	2535.00	2535.00	2535.00	2535.00	2535.00	2535.00	2535.00	2535.00	2535.00	2535.00	2536.00	2536.00	2536.00	2536.00	2536.00	2536.00	2536.00	2536.00	2536.00	2536.00	2536.00	2537.00	2537.00	2537.00	2537.00	2537.00	2537.00	2537.00	2537.00	2537.00	2538.00	2538.00	2538.00	2538.00	2538.00	2538.00	2538.00	2538.00	2538.00	2538.00	2538.00	2538.00	2539.00	2539.00	2539.00	2539.00	2539.00	2539.00	2539.00	2539.00	2539.00	2539.00	2539.00	2539.00	2540.00	2540.00	2540.00	2540.00	2540.00	2540.00	2540.00	2540.00	2541.00	2541.00	2541.00	2541.00	2541.00	2541.00	2541.00	2542.00	2542.00	2542.00	2542.00	2542.00	2542.00	2542.00	2542.00	2542.00	2542.00	2542.00	2543.00	2543.00	2543.00	2543.00	2543.00	2543.00	2543.00	2543.00	2543.00	2543.00	2543.00	2543.00	2543.00	2543.00	2543.00	2543.00	2543.00	2543.00	2543.00	2543.00	2543.00	2544.00	2544.00	2544.00	2544.00	2544.00	2544.00	2544.00	2544.00	2544.00	2544.00	2544.00	2544.00	2544.00	2544.00	2544.00	2544.00	2544.00	2544.00	2544.00	2544.00	2544.00	2544.00	2544.00	2544.00	2544.00	2544.00	2544.00	2544.00	2544.00	2544.00	2544.00	2544.00	2544.00	2544.00	2544.00	2544.00	2544.00	2544.00	2543.00	2543.00	2543.00	2543.00	2543.00	2543.00	2543.00	2543.00	2543.00	2543.00	2543.00	2543.00	2543.00	2543.00	2543.00	2542.00	2542.00	2542.00	2542.00	2542.00	2542.00	2542.00	2542.00	2542.00	2541.00	2541.00	2541.00	2541.00	2541.00	2541.00	2541.00	2541.00	2541.00	2541.00	2541.00	2541.00	2540.00	2540.00	2540.00	2540.00	2540.00	2540.00	2540.00	2540.00	2540.00	2540.00	2540.00	2539.00	2539.00	2539.00	2539.00	2539.00	2539.00	2539.00	2539.00	2539.00	2539.00	2539.00	2539.00	2539.00	2539.00	2539.00	2539.00	2539.00	2539.00	2539.00	2539.00	2539.00	2538.00	2538.00	2538.00	2538.00	2538.00	2538.00	2538.00	2538.00	2538.00	2538.00	2538.00	2538.00	2538.00	2538.00	2538.00	2538.00	2538.00	2538.00	2538.00	2538.00	2538.00	2538.00	2538.00	2538.00	2538.00
2534.00	2534.00	2534.00	2534.00	2534.00	2534.00	2534.00	2534.00	2534.00	2534.00	2534.00	2534.00	2534.00	2534.00	2534.00	2534.00	2534.00	2534.00	2534.00	2535.00	2535.00	2535.00	2535.00	2535.00	2535.00	2535.00	2535.00	2535.00	2535.00	2535.00	2535.00	2535.00	2535.00	2535.00	2536.00	2536.00	2536.00	2536.00	2536.00	2536.00	2536.00	2536.00	2536.00	2536.00	2536.00	2537.00	2537.00	2537.00	2537.00	2537.00	2537.00	2537.00	2537.00	2537.00	2538.00	2538.00	2538.00	2538.00	2538.00	2538.00	2538.00	2538.00	2538.00	2538.00	2538.00	2538.00	2539.00	2539.00	2539.00	2539.00	2539.00	2539.00	2539.00	2539.00	2539.00	2539.00	2539.00	2539.00	2540.00	2540.00	2540.00	2540.00	2540.00	2540.00	2540.00	2540.00	2541.00	2541.00	2541.00	2541.00	2541.00	2541.00	2541.00	2542.00	2542.00	2542.00	2542.00	2542.00	2542.00	2542.00	2542.00	2542.00	2542.00	2542.00	2543.00	2543.00	2543.00	2543.00	2543.00	2543.00	2543.00	2543.00	2543.00	2543.00	2543.00	2543.00	2543.00	2543.00	2543.00	2543.00	2543.00	2543.00	2543.00	2543.00	2543.00	2544.00	2544.00	2544.00	2544.00	2544.00	2544.00	2544.00	2544.00	2544.00	2544.00	2544.00	2544.00	2544.00	2544.00	2544.00	2544.00	2544.00	2544.00	2544.00	2544.00	2544.00	2544.00	2544.00	2544.00	2544.00	2544.00	2544.00	2544.00	2544.00	2544.00	2544.00	2544.00	2544.00	2544.00	2544.00	2544.00	2544.00	2544.00	2543.00	2543.00	2543.00	2543.00	2543.00	2543.00	2543.00	2543.00	2543.00	2543.00	2543.00	2543.00	2543.00	2543.00	2543.00	2542.00	2542.00	2542.00	2542.00	2542.00	2542.00	2542.00	2542.00	2542.00	2541.00	2541.00	2541.00	2541.00	2541.00	2541.00	2541.00	2541.00	2541.00	2541.00	2541.00	2541.00	2540.00	2540.00	2540.00	2540.00	2540.00	2540.00	2540.00	2540.00	2540.00	2540.00	2540.00	2539.00	2539.00	2539.00	2539.00	2539.00	2539.00	2539.00	2539.00	2539.00	2539.00	2539.00	2539.00	2539.00	2539.00	2539.00	2539.00	2539.00	2539.00	2539.00	2539.00	2539.00	2538.00	2538.00	2538.00	2538.00	2538.00	2538.00	2538.00	2538.00	2538.00	2538.00	2538.00	2538.00	2538.00	2538.00	2538.00	2538.00	2538.00	2538.00	2538.00	2538.00	2538.00	2538.00	2538.00	2538.00	2538.00
2534.00	2534.00	2534.00	2534.00	2534.00	2534.00	2534.00	2534.00	2534.00	2534.00	2534.00	2534.00	2534.00	2534.00	2534.00	2534.00	2534.00	2534.00	2534.00	2535.00	2535.00	2535.00	2535.00	2535.00	2535.00	2535.00	2535.00	2535.00	2535.00	2535.00	2535.00	2535.00	2535.00	2535.00	2536.00	2536.00	2536.00	2536.00	2536.00	2536.00	2536.00	2536.00	2536.00	2536.00	2536.00	2537.00	2537.00	2537.00	2537.00	2537.00	2537.00	2537.00	2537.00	2537.00	2538.00	2538.00	2538.00	2538.00	2538.00	2538.00	2538.00	2538.00	2538.00	2538.00	2538.00	2538.00	2539.00	2539.00	2539.00	2539.00	2539.00	2539.00	2539.00	2539.00	2539.00	2539.00	2539.00	2539.00	2540.00	2540.00	2540.00	2540.00	2540.00	2540.00	2540.00	2540.00	2541.00	2541.00	2541.00	2541.00	2541.00	2541.00	2541.00	2542.00	2542.00	2542.00	2542.00	2542.00	2542.00	2542.00	2542.00	2542.00	2542.00	2542.00	2543.00	2543.00	2543.00	2543.00	2543.00	2543.00	2543.00	2543.00	2543.00	2543.00	2543.00	2543.00	2543.00	2543.00	2543.00	2543.00	2543.00	2543.00	2543.00	2543.00	2543.00	2544.00	2544.00	2544.00	2544.00	2544.00	2544.00	2544.00	2544.00	2544.00	2544.00	2544.00	2544.00	2544.00	2544.00	2544.00	2544.00	2544.00	2544.00	2544.00	2544.00	2544.00	2544.00	2544.00	2544.00	2544.00	2544.00	2544.00	2544.00	2544.00	2544.00	2544.00	2544.00	2544.00	2544.00	2544.00	2544.00	2544.00	2544.00	2543.00	2543.00	2543.00	2543.00	2543.00	2543.00	2543.00	2543.00	2543.00	2543.00	2543.00	2543.00	2543.00	2543.00	2543.00	2542.00	2542.00	2542.00	2542.00	2542.00	2542.00	2542.00	2542.00	2542.00	2541.00	2541.00	2541.00	2541.00	2541.00	2541.00	2541.00	2541.00	2541.00	2541.00	2541.00	2541.00	2540.00	2540.00	2540.00	2540.00	2540.00	2540.00	2540.00	2540.00	2540.00	2540.00	2540.00	2539.00	2539.00	2539.00	2539.00	2539.00	2539.00	2539.00	2539.00	2539.00	2539.00	2539.00	2539.00	2539.00	2539.00	2539.00	2539.00	2539.00	2539.00	2539.00	2539.00	2539.00	2538.00	2538.00	2538.00	2538.00	2538.00	2538.00	2538.00	2538.00	2538.00	2538.00	2538.00	2538.00	2538.00	2538.00	2538.00	2538.00	2538.00	2538.00	2538.00	2538.00	2538.00	2538.00	2538.00	2538.00	2538.00
2534.00	2534.00	2534.00	2534.00	2534.00	2534.00	2534.00	2534.00	2534.00	2534.00	2534.00	2534.00	2534.00	2534.00	2534.00	2534.00	2534.00	2534.00	2534.00	2535.00	2535.00	2535.00	2535.00	2535.00	2535.00	2535.00	2535.00	2535.00	2535.00	2535.00	2535.00	2535.00	2535.00	2535.00	2536.00	2536.00	2536.00	2536.00	2536.00	2536.00	2536.00	2536.00	2536.00	2536.00	2536.00	2537.00	2537.00	2537.00	2537.00	2537.00	2537.00	2537.00	2537.00	2537.00	2538.00	2538.00	2538.00	2538.00	2538.00	2538.00	2538.00	2538.00	2538.00	2538.00	2538.00	2538.00	2539.00	2539.00	2539.00	2539.00	2539.00	2539.00	2539.00	2539.00	2539.00	2539.00	2539.00	2539.00	2540.00	2540.00	2540.00	2540.00	2540.00	2540.00	2540.00	2540.00	2541.00	2541.00	2541.00	2541.00	2541.00	2541.00	2541.00	2542.00	2542.00	2542.00	2542.00	2542.00	2542.00	2542.00	2542.00	2542.00	2542.00	2542.00	2543.00	2543.00	2543.00	2543.00	2543.00	2543.00	2543.00	2543.00	2543.00	2543.00	2543.00	2543.00	2543.00	2543.00	2543.00	2543.00	2543.00	2543.00	2543.00	2543.00	2543.00	2544.00	2544.00	2544.00	2544.00	2544.00	2544.00	2544.00	2544.00	2544.00	2544.00	2544.00	2544.00	2544.00	2544.00	2544.00	2544.00	2544.00	2544.00	2544.00	2544.00	2544.00	2544.00	2544.00	2544.00	2544.00	2544.00	2544.00	2544.00	2544.00	2544.00	2544.00	2544.00	2544.00	2544.00	2544.00	2544.00	2544.00	2544.00	2543.00	2543.00	2543.00	2543.00	2543.00	2543.00	2543.00	2543.00	2543.00	2543.00	2543.00	2543.00	2543.00	2543.00	2543.00	2542.00	2542.00	2542.00	2542.00	2542.00	2542.00	2542.00	2542.00	2542.00	2541.00	2541.00	2541.00	2541.00	2541.00	2541.00	2541.00	2541.00	2541.00	2541.00	2541.00	2541.00	2540.00	2540.00	2540.00	2540.00	2540.00	2540.00	2540.00	2540.00	2540.00	2540.00	2540.00	2539.00	2539.00	2539.00	2539.00	2539.00	2539.00	2539.00	2539.00	2539.00	2539.00	2539.00	2539.00	2539.00	2539.00	2539.00	2539.00	2539.00	2539.00	2539.00	2539.00	2539.00	2538.00	2538.00	2538.00	2538.00	2538.00	2538.00	2538.00	2538.00	2538.00	2538.00	2538.00	2538.00	2538.00	2538.00	2538.00	2538.00	2538.00	2538.00	2538.00	2538.00	2538.00	2538.00	2538.00	2538.00	2538.00
2534.00	2534.00	2534.00	2534.00	2534.00	2534.00	2534.00	2534.00	2534.00	2534.00	2534.00	2534.00	2534.00	2534.00	2534.00	2534.00	2534.00	2534.00	2534.00	2535.00	2535.00	2535.00	2535.00	2535.00	2535.00	2535.00	2535.00	2535.00	2535.00	2535.00	2535.00	2535.00	2535.00	2535.00	2536.00	2536.00	2536.00	2536.00	2536.00	2536.00	2536.00	2536.00	2536.00	2536.00	2536.00	2537.00	2537.00	2537.00	2537.00	2537.00	2537.00	2537.00	2537.00	2537.00	2538.00	2538.00	2538.00	2538.00	2538.00	2538.00	2538.00	2538.00	2538.00	2538.00	2538.00	2538.00	2539.00	2539.00	2539.00	2539.00	2539.00	2539.00	2539.00	2539.00	2539.00	2539.00	2539.00	2539.00	2540.00	2540.00	2540.00	2540.00	2540.00	2540.00	2540.00	2540.00	2541.00	2541.00	2541.00	2541.00	2541.00	2541.00	2541.00	2542.00	2542.00	2542.00	2542.00	2542.00	2542.00	2542.00	2542.00	2542.00	2542.00	2542.00	2543.00	2543.00	2543.00	2543.00	2543.00	2543.00	2543.00	2543.00	2543.00	2543.00	2543.00	2543.00	2543.00	2543.00	2543.00	2543.00	2543.00	2543.00	2543.00	2543.00	2543.00	2544.00	2544.00	2544.00	2544.00	2544.00	2544.00	2544.00	2544.00	2544.00	2544.00	2544.00	2544.00	2544.00	2544.00	2544.00	2544.00	2544.00	2544.00	2544.00	2544.00	2544.00	2544.00	2544.00	2544.00	2544.00	2544.00	2544.00	2544.00	2544.00	2544.00	2544.00	2544.00	2544.00	2544.00	2544.00	2544.00	2544.00	2544.00	2543.00	2543.00	2543.00	2543.00	2543.00	2543.00	2543.00	2543.00	2543.00	2543.00	2543.00	2543.00	2543.00	2543.00	2543.00	2542.00	2542.00	2542.00	2542.00	2542.00	2542.00	2542.00	2542.00	2542.00	2541.00	2541.00	2541.00	2541.00	2541.00	2541.00	2541.00	2541.00	2541.00	2541.00	2541.00	2541.00	2540.00	2540.00	2540.00	2540.00	2540.00	2540.00	2540.00	2540.00	2540.00	2540.00	2540.00	2539.00	2539.00	2539.00	2539.00	2539.00	2539.00	2539.00	2539.00	2539.00	2539.00	2539.00	2539.00	2539.00	2539.00	2539.00	2539.00	2539.00	2539.00	2539.00	2539.00	2539.00	2538.00	2538.00	2538.00	2538.00	2538.00	2538.00	2538.00	2538.00	2538.00	2538.00	2538.00	2538.00	2538.00	2538.00	2538.00	2538.00	2538.00	2538.00	2538.00	2538.00	2538.00	2538.00	2538.00	2538.00	2538.00
2534.00	2534.00	2534.00	2534.00	2534.00	2534.00	2534.00	2534.00	2534.00	2534.00	2534.00	2534.00	2534.00	2534.00	2534.00	2534.00	2534.00	2534.00	2534.00	2535.00	2535.00	2535.00	2535.00	2535.00	2535.00	2535.00	2535.00	2535.00	2535.00	2535.00	2535.00	2535.00	2535.00	2535.00	2536.00	2536.00	2536.00	2536.00	2536.00	2536.00	2536.00	2536.00	2536.00	2536.00	2536.00	2537.00	2537.00	2537.00	2537.00	2537.00	2537.00	2537.00	2537.00	2537.00	2538.00	2538.00	2538.00	2538.00	2538.00	2538.00	2538.00	2538.00	2538.00	2538.00	2538.00	2538.00	2539.00	2539.00	2539.00	2539.00	2539.00	2539.00	2539.00	2539.00	2539.00	2539.00	2539.00	2539.00	2540.00	2540.00	2540.00	2540.00	2540.00	2540.00	2540.00	2540.00	2541.00	2541.00	2541.00	2541.00	2541.00	2541.00	2541.00	2542.00	2542.00	2542.00	2542.00	2542.00	2542.00	2542.00	2542.00	2542.00	2542.00	2542.00	2543.00	2543.00	2543.00	2543.00	2543.00	2543.00	2543.00	2543.00	2543.00	2543.00	2543.00	2543.00	2543.00	2543.00	2543.00	2543.00	2543.00	2543.00	2543.00	2543.00	2543.00	2544.00	2544.00	2544.00	2544.00	2544.00	2544.00	2544.00	2544.00	2544.00	2544.00	2544.00	2544.00	2544.00	2544.00	2544.00	2544.00	2544.00	2544.00	2544.00	2544.00	2544.00	2544.00	2544.00	2544.00	2544.00	2544.00	2544.00	2544.00	2544.00	2544.00	2544.00	2544.00	2544.00	2544.00	2544.00	2544.00	2544.00	2544.00	2543.00	2543.00	2543.00	2543.00	2543.00	2543.00	2543.00	2543.00	2543.00	2543.00	2543.00	2543.00	2543.00	2543.00	2543.00	2542.00	2542.00	2542.00	2542.00	2542.00	2542.00	2542.00	2542.00	2542.00	2541.00	2541.00	2541.00	2541.00	2541.00	2541.00	2541.00	2541.00	2541.00	2541.00	2541.00	2541.00	2540.00	2540.00	2540.00	2540.00	2540.00	2540.00	2540.00	2540.00	2540.00	2540.00	2540.00	2539.00	2539.00	2539.00	2539.00	2539.00	2539.00	2539.00	2539.00	2539.00	2539.00	2539.00	2539.00	2539.00	2539.00	2539.00	2539.00	2539.00	2539.00	2539.00	2539.00	2539.00	2538.00	2538.00	2538.00	2538.00	2538.00	2538.00	2538.00	2538.00	2538.00	2538.00	2538.00	2538.00	2538.00	2538.00	2538.00	2538.00	2538.00	2538.00	2538.00	2538.00	2538.00	2538.00	2538.00	2538.00	2538.00
2534.00	2534.00	2534.00	2534.00	2534.00	2534.00	2534.00	2534.00	2534.00	2534.00	2534.00	2534.00	2534.00	2534.00	2534.00	2534.00	2534.00	2534.00	2534.00	2535.00	2535.00	2535.00	2535.00	2535.00	2535.00	2535.00	2535.00	2535.00	2535.00	2535.00	2535.00	2535.00	2535.00	2535.00	2536.00	2536.00	2536.00	2536.00	2536.00	2536.00	2536.00	2536.00	2536.00	2536.00	2536.00	2537.00	2537.00	2537.00	2537.00	2537.00	2537.00	2537.00	2537.00	2537.00	2538.00	2538.00	2538.00	2538.00	2538.00	2538.00	2538.00	2538.00	2538.00	2538.00	2538.00	2538.00	2539.00	2539.00	2539.00	2539.00	2539.00	2539.00	2539.00	2539.00	2539.00	2539.00	2539.00	2539.00	2540.00	2540.00	2540.00	2540.00	2540.00	2540.00	2540.00	2540.00	2541.00	2541.00	2541.00	2541.00	2541.00	2541.00	2541.00	2542.00	2542.00	2542.00	2542.00	2542.00	2542.00	2542.00	2542.00	2542.00	2542.00	2542.00	2543.00	2543.00	2543.00	2543.00	2543.00	2543.00	2543.00	2543.00	2543.00	2543.00	2543.00	2543.00	2543.00	2543.00	2543.00	2543.00	2543.00	2543.00	2543.00	2543.00	2543.00	2544.00	2544.00	2544.00	2544.00	2544.00	2544.00	2544.00	2544.00	2544.00	2544.00	2544.00	2544.00	2544.00	2544.00	2544.00	2544.00	2544.00	2544.00	2544.00	2544.00	2544.00	2544.00	2544.00	2544.00	2544.00	2544.00	2544.00	2544.00	2544.00	2544.00	2544.00	2544.00	2544.00	2544.00	2544.00	2544.00	2544.00	2544.00	2543.00	2543.00	2543.00	2543.00	2543.00	2543.00	2543.00	2543.00	2543.00	2543.00	2543.00	2543.00	2543.00	2543.00	2543.00	2542.00	2542.00	2542.00	2542.00	2542.00	2542.00	2542.00	2542.00	2542.00	2541.00	2541.00	2541.00	2541.00	2541.00	2541.00	2541.00	2541.00	2541.00	2541.00	2541.00	2541.00	2540.00	2540.00	2540.00	2540.00	2540.00	2540.00	2540.00	2540.00	2540.00	2540.00	2540.00	2539.00	2539.00	2539.00	2539.00	2539.00	2539.00	2539.00	2539.00	2539.00	2539.00	2539.00	2539.00	2539.00	2539.00	2539.00	2539.00	2539.00	2539.00	2539.00	2539.00	2539.00	2538.00	2538.00	2538.00	2538.00	2538.00	2538.00	2538.00	2538.00	2538.00	2538.00	2538.00	2538.00	2538.00	2538.00	2538.00	2538.00	2538.00	2538.00	2538.00	2538.00	2538.00	2538.00	2538.00	2538.00	2538.00
2534.00	2534.00	2534.00	2534.00	2534.00	2534.00	2534.00	2534.00	2534.00	2534.00	2534.00	2534.00	2534.00	2534.00	2534.00	2534.00	2534.00	2534.00	2534.00	2535.00	2535.00	2535.00	2535.00	2535.00	2535.00	2535.00	2535.00	2535.00	2535.00	2535.00	2535.00	2535.00	2535.00	2535.00	2536.00	2536.00	2536.00	2536.00	2536.00	2536.00	2536.00	2536.00	2536.00	2536.00	2536.00	2537.00	2537.00	2537.00	2537.00	2537.00	2537.00	2537.00	2537.00	2537.00	2538.00	2538.00	2538.00	2538.00	2538.00	2538.00	2538.00	2538.00	2538.00	2538.00	2538.00	2538.00	2539.00	2539.00	2539.00	2539.00	2539.00	2539.00	2539.00	2539.00	2539.00	2539.00	2539.00	2539.00	2540.00	2540.00	2540.00	2540.00	2540.00	2540.00	2540.00	2540.00	2541.00	2541.00	2541.00	2541.00	2541.00	2541.00	2541.00	2542.00	2542.00	2542.00	2542.00	2542.00	2542.00	2542.00	2542.00	2542.00	2542.00	2542.00	2543.00	2543.00	2543.00	2543.00	2543.00	2543.00	2543.00	2543.00	2543.00	2543.00	2543.00	2543.00	2543.00	2543.00	2543.00	2543.00	2543.00	2543.00	2543.00	2543.00	2543.00	2544.00	2544.00	2544.00	2544.00	2544.00	2544.00	2544.00	2544.00	2544.00	2544.00	2544.00	2544.00	2544.00	2544.00	2544.00	2544.00	2544.00	2544.00	2544.00	2544.00	2544.00	2544.00	2544.00	2544.00	2544.00	2544.00	2544.00	2544.00	2544.00	2544.00	2544.00	2544.00	2544.00	2544.00	2544.00	2544.00	2544.00	2544.00	2543.00	2543.00	2543.00	2543.00	2543.00	2543.00	2543.00	2543.00	2543.00	2543.00	2543.00	2543.00	2543.00	2543.00	2543.00	2542.00	2542.00	2542.00	2542.00	2542.00	2542.00	2542.00	2542.00	2542.00	2541.00	2541.00	2541.00	2541.00	2541.00	2541.00	2541.00	2541.00	2541.00	2541.00	2541.00	2541.00	2540.00	2540.00	2540.00	2540.00	2540.00	2540.00	2540.00	2540.00	2540.00	2540.00	2540.00	2539.00	2539.00	2539.00	2539.00	2539.00	2539.00	2539.00	2539.00	2539.00	2539.00	2539.00	2539.00	2539.00	2539.00	2539.00	2539.00	2539.00	2539.00	2539.00	2539.00	2539.00	2538.00	2538.00	2538.00	2538.00	2538.00	2538.00	2538.00	2538.00	2538.00	2538.00	2538.00	2538.00	2538.00	2538.00	2538.00	2538.00	2538.00	2538.00	2538.00	2538.00	2538.00	2538.00	2538.00	2538.00	2538.00
2534.00	2534.00	2534.00	2534.00	2534.00	2534.00	2534.00	2534.00	2534.00	2534.00	2534.00	2534.00	2534.00	2534.00	2534.00	2534.00	2534.00	2534.00	2534.00	2535.00	2535.00	2535.00	2535.00	2535.00	2535.00	2535.00	2535.00	2535.00	2535.00	2535.00	2535.00	2535.00	2535.00	2535.00	2536.00	2536.00	2536.00	2536.00	2536.00	2536.00	2536.00	2536.00	2536.00	2536.00	2536.00	2537.00	2537.00	2537.00	2537.00	2537.00	2537.00	2537.00	2537.00	2537.00	2538.00	2538.00	2538.00	2538.00	2538.00	2538.00	2538.00	2538.00	2538.00	2538.00	2538.00	2538.00	2539.00	2539.00	2539.00	2539.00	2539.00	2539.00	2539.00	2539.00	2539.00	2539.00	2539.00	2539.00	2540.00	2540.00	2540.00	2540.00	2540.00	2540.00	2540.00	2540.00	2541.00	2541.00	2541.00	2541.00	2541.00	2541.00	2541.00	2542.00	2542.00	2542.00	2542.00	2542.00	2542.00	2542.00	2542.00	2542.00	2542.00	2542.00	2543.00	2543.00	2543.00	2543.00	2543.00	2543.00	2543.00	2543.00	2543.00	2543.00	2543.00	2543.00	2543.00	2543.00	2543.00	2543.00	2543.00	2543.00	2543.00	2543.00	2543.00	2544.00	2544.00	2544.00	2544.00	2544.00	2544.00	2544.00	2544.00	2544.00	2544.00	2544.00	2544.00	2544.00	2544.00	2544.00	2544.00	2544.00	2544.00	2544.00	2544.00	2544.00	2544.00	2544.00	2544.00	2544.00	2544.00	2544.00	2544.00	2544.00	2544.00	2544.00	2544.00	2544.00	2544.00	2544.00	2544.00	2544.00	2544.00	2543.00	2543.00	2543.00	2543.00	2543.00	2543.00	2543.00	2543.00	2543.00	2543.00	2543.00	2543.00	2543.00	2543.00	2543.00	2542.00	2542.00	2542.00	2542.00	2542.00	2542.00	2542.00	2542.00	2542.00	2541.00	2541.00	2541.00	2541.00	2541.00	2541.00	2541.00	2541.00	2541.00	2541.00	2541.00	2541.00	2540.00	2540.00	2540.00	2540.00	2540.00	2540.00	2540.00	2540.00	2540.00	2540.00	2540.00	2539.00	2539.00	2539.00	2539.00	2539.00	2539.00	2539.00	2539.00	2539.00	2539.00	2539.00	2539.00	2539.00	2539.00	2539.00	2539.00	2539.00	2539.00	2539.00	2539.00	2539.00	2538.00	2538.00	2538.00	2538.00	2538.00	2538.00	2538.00	2538.00	2538.00	2538.00	2538.00	2538.00	2538.00	2538.00	2538.00	2538.00	2538.00	2538.00	2538.00	2538.00	2538.00	2538.00	2538.00	2538.00	2538.00
2534.00	2534.00	2534.00	2534.00	2534.00	2534.00	2534.00	2534.00	2534.00	2534.00	2534.00	2534.00	2534.00	2534.00	2534.00	2534.00	2534.00	2534.00	2534.00	2535.00	2535.00	2535.00	2535.00	2535.00	2535.00	2535.00	2535.00	2535.00	2535.00	2535.00	2535.00	2535.00	2535.00	2535.00	2536.00	2536.00	2536.00	2536.00	2536.00	2536.00	2536.00	2536.00	2536.00	2536.00	2536.00	2537.00	2537.00	2537.00	2537.00	2537.00	2537.00	2537.00	2537.00	2537.00	2538.00	2538.00	2538.00	2538.00	2538.00	2538.00	2538.00	2538.00	2538.00	2538.00	2538.00	2538.00	2539.00	2539.00	2539.00	2539.00	2539.00	2539.00	2539.00	2539.00	2539.00	2539.00	2539.00	2539.00	2540.00	2540.00	2540.00	2540.00	2540.00	2540.00	2540.00	2540.00	2541.00	2541.00	2541.00	2541.00	2541.00	2541.00	2541.00	2542.00	2542.00	2542.00	2542.00	2542.00	2542.00	2542.00	2542.00	2542.00	2542.00	2542.00	2543.00	2543.00	2543.00	2543.00	2543.00	2543.00	2543.00	2543.00	2543.00	2543.00	2543.00	2543.00	2543.00	2543.00	2543.00	2543.00	2543.00	2543.00	2543.00	2543.00	2543.00	2544.00	2544.00	2544.00	2544.00	2544.00	2544.00	2544.00	2544.00	2544.00	2544.00	2544.00	2544.00	2544.00	2544.00	2544.00	2544.00	2544.00	2544.00	2544.00	2544.00	2544.00	2544.00	2544.00	2544.00	2544.00	2544.00	2544.00	2544.00	2544.00	2544.00	2544.00	2544.00	2544.00	2544.00	2544.00	2544.00	2544.00	2544.00	2543.00	2543.00	2543.00	2543.00	2543.00	2543.00	2543.00	2543.00	2543.00	2543.00	2543.00	2543.00	2543.00	2543.00	2543.00	2542.00	2542.00	2542.00	2542.00	2542.00	2542.00	2542.00	2542.00	2542.00	2541.00	2541.00	2541.00	2541.00	2541.00	2541.00	2541.00	2541.00	2541.00	2541.00	2541.00	2541.00	2540.00	2540.00	2540.00	2540.00	2540.00	2540.00	2540.00	2540.00	2540.00	2540.00	2540.00	2539.00	2539.00	2539.00	2539.00	2539.00	2539.00	2539.00	2539.00	2539.00	2539.00	2539.00	2539.00	2539.00	2539.00	2539.00	2539.00	2539.00	2539.00	2539.00	2539.00	2539.00	2538.00	2538.00	2538.00	2538.00	2538.00	2538.00	2538.00	2538.00	2538.00	2538.00	2538.00	2538.00	2538.00	2538.00	2538.00	2538.00	2538.00	2538.00	2538.00	2538.00	2538.00	2538.00	2538.00	2538.00	2538.00
2534.00	2534.00	2534.00	2534.00	2534.00	2534.00	2534.00	2534.00	2534.00	2534.00	2534.00	2534.00	2534.00	2534.00	2534.00	2534.00	2534.00	2534.00	2534.00	2535.00	2535.00	2535.00	2535.00	2535.00	2535.00	2535.00	2535.00	2535.00	2535.00	2535.00	2535.00	2535.00	2535.00	2535.00	2536.00	2536.00	2536.00	2536.00	2536.00	2536.00	2536.00	2536.00	2536.00	2536.00	2536.00	2537.00	2537.00	2537.00	2537.00	2537.00	2537.00	2537.00	2537.00	2537.00	2538.00	2538.00	2538.00	2538.00	2538.00	2538.00	2538.00	2538.00	2538.00	2538.00	2538.00	2538.00	2539.00	2539.00	2539.00	2539.00	2539.00	2539.00	2539.00	2539.00	2539.00	2539.00	2539.00	2539.00	2540.00	2540.00	2540.00	2540.00	2540.00	2540.00	2540.00	2540.00	2541.00	2541.00	2541.00	2541.00	2541.00	2541.00	2541.00	2542.00	2542.00	2542.00	2542.00	2542.00	2542.00	2542.00	2542.00	2542.00	2542.00	2542.00	2543.00	2543.00	2543.00	2543.00	2543.00	2543.00	2543.00	2543.00	2543.00	2543.00	2543.00	2543.00	2543.00	2543.00	2543.00	2543.00	2543.00	2543.00	2543.00	2543.00	2543.00	2544.00	2544.00	2544.00	2544.00	2544.00	2544.00	2544.00	2544.00	2544.00	2544.00	2544.00	2544.00	2544.00	2544.00	2544.00	2544.00	2544.00	2544.00	2544.00	2544.00	2544.00	2544.00	2544.00	2544.00	2544.00	2544.00	2544.00	2544.00	2544.00	2544.00	2544.00	2544.00	2544.00	2544.00	2544.00	2544.00	2544.00	2544.00	2543.00	2543.00	2543.00	2543.00	2543.00	2543.00	2543.00	2543.00	2543.00	2543.00	2543.00	2543.00	2543.00	2543.00	2543.00	2542.00	2542.00	2542.00	2542.00	2542.00	2542.00	2542.00	2542.00	2542.00	2541.00	2541.00	2541.00	2541.00	2541.00	2541.00	2541.00	2541.00	2541.00	2541.00	2541.00	2541.00	2540.00	2540.00	2540.00	2540.00	2540.00	2540.00	2540.00	2540.00	2540.00	2540.00	2540.00	2539.00	2539.00	2539.00	2539.00	2539.00	2539.00	2539.00	2539.00	2539.00	2539.00	2539.00	2539.00	2539.00	2539.00	2539.00	2539.00	2539.00	2539.00	2539.00	2539.00	2539.00	2538.00	2538.00	2538.00	2538.00	2538.00	2538.00	2538.00	2538.00	2538.00	2538.00	2538.00	2538.00	2538.00	2538.00	2538.00	2538.00	2538.00	2538.00	2538.00	2538.00	2538.00	2538.00	2538.00	2538.00	2538.00
2534.00	2534.00	2534.00	2534.00	2534.00	2534.00	2534.00	2534.00	2534.00	2534.00	2534.00	2535.00	2535.00	2535.00	2535.00	2535.00	2535.00	2535.00	2535.00	2535.00	2535.00	2535.00	2535.00	2535.00	2535.00	2535.00	2535.00	2535.00	2535.00	2536.00	2536.00	2536.00	2536.00	2536.00	2536.00	2536.00	2536.00	2536.00	2536.00	2536.00	2536.00	2536.00	2536.00	2536.00	2536.00	2536.00	2537.00	2537.00	2537.00	2537.00	2537.00	2537.00	2537.00	2537.00	2537.00	2537.00	2537.00	2537.00	2538.00	2538.00	2538.00	2538.00	2538.00	2538.00	2538.00	2538.00	2538.00	2538.00	2538.00	2538.00	2538.00	2538.00	2538.00	2538.00	2538.00	2539.00	2539.00	2539.00	2539.00	2539.00	2539.00	2539.00	2539.00	2539.00	2539.00	2539.00	2539.00	2540.00	2540.00	2540.00	2540.00	2540.00	2540.00	2540.00	2540.00	2540.00	2540.00	2540.00	2540.00	2540.00	2541.00	2541.00	2541.00	2541.00	2541.00	2541.00	2541.00	2541.00	2541.00	2541.00	2541.00	2541.00	2541.00	2541.00	2541.00	2541.00	2541.00	2541.00	2541.00	2541.00	2541.00	2541.00	2541.00	2541.00	2541.00	2541.00	2541.00	2541.00	2541.00	2541.00	2541.00	2541.00	2541.00	2541.00	2541.00	2541.00	2541.00	2541.00	2541.00	2541.00	2541.00	2541.00	2541.00	2541.00	2541.00	2541.00	2541.00	2541.00	2541.00	2541.00	2541.00	2541.00	2541.00	2541.00	2541.00	2541.00	2541.00	2541.00	2541.00	2541.00	2541.00	2541.00	2541.00	2541.00	2541.00	2541.00	2541.00	2541.00	2541.00	2540.00	2540.00	2540.00	2540.00	2540.00	2540.00	2540.00	2540.00	2540.00	2540.00	2540.00	2540.00	2540.00	2539.00	2539.00	2539.00	2539.00	2539.00	2539.00	2539.00	2539.00	2539.00	2539.00	2539.00	2539.00	2539.00	2539.00	2538.00	2538.00	2538.00	2538.00	2538.00	2538.00	2538.00	2538.00	2538.00	2538.00	2538.00	2538.00	2538.00	2538.00	2538.00	2538.00	2538.00	2538.00	2538.00	2538.00	2538.00	2537.00	2537.00	2537.00	2537.00	2537.00	2537.00	2537.00	2537.00	2537.00	2537.00	2537.00	2537.00	2537.00	2537.00	2537.00	2537.00	2537.00	2537.00	2537.00	2537.00	2537.00	2537.00	2537.00	2537.00	2537.00	2537.00	2537.00	2537.00	2537.00	2537.00	2537.00	2537.00	2537.00	2537.00	2537.00	2537.00	2537.00	2537.00	2537.00
2534.00	2534.00	2534.00	2534.00	2534.00	2534.00	2534.00	2534.00	2534.00	2534.00	2534.00	2535.00	2535.00	2535.00	2535.00	2535.00	2535.00	2535.00	2535.00	2535.00	2535.00	2535.00	2535.00	2535.00	2535.00	2535.00	2535.00	2535.00	2535.00	2536.00	2536.00	2536.00	2536.00	2536.00	2536.00	2536.00	2536.00	2536.00	2536.00	2536.00	2536.00	2536.00	2536.00	2536.00	2536.00	2536.00	2537.00	2537.00	2537.00	2537.00	2537.00	2537.00	2537.00	2537.00	2537.00	2537.00	2537.00	2537.00	2538.00	2538.00	2538.00	2538.00	2538.00	2538.00	2538.00	2538.00	2538.00	2538.00	2538.00	2538.00	2538.00	2538.00	2538.00	2538.00	2538.00	2539.00	2539.00	2539.00	2539.00	2539.00	2539.00	2539.00	2539.00	2539.00	2539.00	2539.00	2539.00	2540.00	2540.00	2540.00	2540.00	2540.00	2540.00	2540.00	2540.00	2540.00	2540.00	2540.00	2540.00	2540.00	2541.00	2541.00	2541.00	2541.00	2541.00	2541.00	2541.00	2541.00	2541.00	2541.00	2541.00	2541.00	2541.00	2541.00	2541.00	2541.00	2541.00	2541.00	2541.00	2541.00	2541.00	2541.00	2541.00	2541.00	2541.00	2541.00	2541.00	2541.00	2541.00	2541.00	2541.00	2541.00	2541.00	2541.00	2541.00	2541.00	2541.00	2541.00	2541.00	2541.00	2541.00	2541.00	2541.00	2541.00	2541.00	2541.00	2541.00	2541.00	2541.00	2541.00	2541.00	2541.00	2541.00	2541.00	2541.00	2541.00	2541.00	2541.00	2541.00	2541.00	2541.00	2541.00	2541.00	2541.00	2541.00	2541.00	2541.00	2541.00	2541.00	2540.00	2540.00	2540.00	2540.00	2540.00	2540.00	2540.00	2540.00	2540.00	2540.00	2540.00	2540.00	2540.00	2539.00	2539.00	2539.00	2539.00	2539.00	2539.00	2539.00	2539.00	2539.00	2539.00	2539.00	2539.00	2539.00	2539.00	2538.00	2538.00	2538.00	2538.00	2538.00	2538.00	2538.00	2538.00	2538.00	2538.00	2538.00	2538.00	2538.00	2538.00	2538.00	2538.00	2538.00	2538.00	2538.00	2538.00	2538.00	2537.00	2537.00	2537.00	2537.00	2537.00	2537.00	2537.00	2537.00	2537.00	2537.00	2537.00	2537.00	2537.00	2537.00	2537.00	2537.00	2537.00	2537.00	2537.00	2537.00	2537.00	2537.00	2537.00	2537.00	2537.00	2537.00	2537.00	2537.00	2537.00	2537.00	2537.00	2537.00	2537.00	2537.00	2537.00	2537.00	2537.00	2537.00	2537.00
2534.00	2534.00	2534.00	2534.00	2534.00	2534.00	2534.00	2534.00	2534.00	2534.00	2534.00	2535.00	2535.00	2535.00	2535.00	2535.00	2535.00	2535.00	2535.00	2535.00	2535.00	2535.00	2535.00	2535.00	2535.00	2535.00	2535.00	2535.00	2535.00	2536.00	2536.00	2536.00	2536.00	2536.00	2536.00	2536.00	2536.00	2536.00	2536.00	2536.00	2536.00	2536.00	2536.00	2536.00	2536.00	2536.00	2537.00	2537.00	2537.00	2537.00	2537.00	2537.00	2537.00	2537.00	2537.00	2537.00	2537.00	2537.00	2538.00	2538.00	2538.00	2538.00	2538.00	2538.00	2538.00	2538.00	2538.00	2538.00	2538.00	2538.00	2538.00	2538.00	2538.00	2538.00	2538.00	2539.00	2539.00	2539.00	2539.00	2539.00	2539.00	2539.00	2539.00	2539.00	2539.00	2539.00	2539.00	2540.00	2540.00	2540.00	2540.00	2540.00	2540.00	2540.00	2540.00	2540.00	2540.00	2540.00	2540.00	2540.00	2541.00	2541.00	2541.00	2541.00	2541.00	2541.00	2541.00	2541.00	2541.00	2541.00	2541.00	2541.00	2541.00	2541.00	2541.00	2541.00	2541.00	2541.00	2541.00	2541.00	2541.00	2541.00	2541.00	2541.00	2541.00	2541.00	2541.00	2541.00	2541.00	2541.00	2541.00	2541.00	2541.00	2541.00	2541.00	2541.00	2541.00	2541.00	2541.00	2541.00	2541.00	2541.00	2541.00	2541.00	2541.00	2541.00	2541.00	2541.00	2541.00	2541.00	2541.00	2541.00	2541.00	2541.00	2541.00	2541.00	2541.00	2541.00	2541.00	2541.00	2541.00	2541.00	2541.00	2541.00	2541.00	2541.00	2541.00	2541.00	2541.00	2540.00	2540.00	2540.00	2540.00	2540.00	2540.00	2540.00	2540.00	2540.00	2540.00	2540.00	2540.00	2540.00	2539.00	2539.00	2539.00	2539.00	2539.00	2539.00	2539.00	2539.00	2539.00	2539.00	2539.00	2539.00	2539.00	2539.00	2538.00	2538.00	2538.00	2538.00	2538.00	2538.00	2538.00	2538.00	2538.00	2538.00	2538.00	2538.00	2538.00	2538.00	2538.00	2538.00	2538.00	2538.00	2538.00	2538.00	2538.00	2537.00	2537.00	2537.00	2537.00	2537.00	2537.00	2537.00	2537.00	2537.00	2537.00	2537.00	2537.00	2537.00	2537.00	2537.00	2537.00	2537.00	2537.00	2537.00	2537.00	2537.00	2537.00	2537.00	2537.00	2537.00	2537.00	2537.00	2537.00	2537.00	2537.00	2537.00	2537.00	2537.00	2537.00	2537.00	2537.00	2537.00	2537.00	2537.00
2534.00	2534.00	2534.00	2534.00	2534.00	2534.00	2534.00	2534.00	2534.00	2534.00	2534.00	2535.00	2535.00	2535.00	2535.00	2535.00	2535.00	2535.00	2535.00	2535.00	2535.00	2535.00	2535.00	2535.00	2535.00	2535.00	2535.00	2535.00	2535.00	2536.00	2536.00	2536.00	2536.00	2536.00	2536.00	2536.00	2536.00	2536.00	2536.00	2536.00	2536.00	2536.00	2536.00	2536.00	2536.00	2536.00	2537.00	2537.00	2537.00	2537.00	2537.00	2537.00	2537.00	2537.00	2537.00	2537.00	2537.00	2537.00	2538.00	2538.00	2538.00	2538.00	2538.00	2538.00	2538.00	2538.00	2538.00	2538.00	2538.00	2538.00	2538.00	2538.00	2538.00	2538.00	2538.00	2539.00	2539.00	2539.00	2539.00	2539.00	2539.00	2539.00	2539.00	2539.00	2539.00	2539.00	2539.00	2540.00	2540.00	2540.00	2540.00	2540.00	2540.00	2540.00	2540.00	2540.00	2540.00	2540.00	2540.00	2540.00	2541.00	2541.00	2541.00	2541.00	2541.00	2541.00	2541.00	2541.00	2541.00	2541.00	2541.00	2541.00	2541.00	2541.00	2541.00	2541.00	2541.00	2541.00	2541.00	2541.00	2541.00	2541.00	2541.00	2541.00	2541.00	2541.00	2541.00	2541.00	2541.00	2541.00	2541.00	2541.00	2541.00	2541.00	2541.00	2541.00	2541.00	2541.00	2541.00	2541.00	2541.00	2541.00	2541.00	2541.00	2541.00	2541.00	2541.00	2541.00	2541.00	2541.00	2541.00	2541.00	2541.00	2541.00	2541.00	2541.00	2541.00	2541.00	2541.00	2541.00	2541.00	2541.00	2541.00	2541.00	2541.00	2541.00	2541.00	2541.00	2541.00	2540.00	2540.00	2540.00	2540.00	2540.00	2540.00	2540.00	2540.00	2540.00	2540.00	2540.00	2540.00	2540.00	2539.00	2539.00	2539.00	2539.00	2539.00	2539.00	2539.00	2539.00	2539.00	2539.00	2539.00	2539.00	2539.00	2539.00	2538.00	2538.00	2538.00	2538.00	2538.00	2538.00	2538.00	2538.00	2538.00	2538.00	2538.00	2538.00	2538.00	2538.00	2538.00	2538.00	2538.00	2538.00	2538.00	2538.00	2538.00	2537.00	2537.00	2537.00	2537.00	2537.00	2537.00	2537.00	2537.00	2537.00	2537.00	2537.00	2537.00	2537.00	2537.00	2537.00	2537.00	2537.00	2537.00	2537.00	2537.00	2537.00	2537.00	2537.00	2537.00	2537.00	2537.00	2537.00	2537.00	2537.00	2537.00	2537.00	2537.00	2537.00	2537.00	2537.00	2537.00	2537.00	2537.00	2537.00
2534.00	2534.00	2534.00	2534.00	2534.00	2534.00	2534.00	2534.00	2534.00	2534.00	2534.00	2535.00	2535.00	2535.00	2535.00	2535.00	2535.00	2535.00	2535.00	2535.00	2535.00	2535.00	2535.00	2535.00	2535.00	2535.00	2535.00	2535.00	2535.00	2536.00	2536.00	2536.00	2536.00	2536.00	2536.00	2536.00	2536.00	2536.00	2536.00	2536.00	2536.00	2536.00	2536.00	2536.00	2536.00	2536.00	2537.00	2537.00	2537.00	2537.00	2537.00	2537.00	2537.00	2537.00	2537.00	2537.00	2537.00	2537.00	2538.00	2538.00	2538.00	2538.00	2538.00	2538.00	2538.00	2538.00	2538.00	2538.00	2538.00	2538.00	2538.00	2538.00	2538.00	2538.00	2538.00	2539.00	2539.00	2539.00	2539.00	2539.00	2539.00	2539.00	2539.00	2539.00	2539.00	2539.00	2539.00	2540.00	2540.00	2540.00	2540.00	2540.00	2540.00	2540.00	2540.00	2540.00	2540.00	2540.00	2540.00	2540.00	2541.00	2541.00	2541.00	2541.00	2541.00	2541.00	2541.00	2541.00	2541.00	2541.00	2541.00	2541.00	2541.00	2541.00	2541.00	2541.00	2541.00	2541.00	2541.00	2541.00	2541.00	2541.00	2541.00	2541.00	2541.00	2541.00	2541.00	2541.00	2541.00	2541.00	2541.00	2541.00	2541.00	2541.00	2541.00	2541.00	2541.00	2541.00	2541.00	2541.00	2541.00	2541.00	2541.00	2541.00	2541.00	2541.00	2541.00	2541.00	2541.00	2541.00	2541.00	2541.00	2541.00	2541.00	2541.00	2541.00	2541.00	2541.00	2541.00	2541.00	2541.00	2541.00	2541.00	2541.00	2541.00	2541.00	2541.00	2541.00	2541.00	2540.00	2540.00	2540.00	2540.00	2540.00	2540.00	2540.00	2540.00	2540.00	2540.00	2540.00	2540.00	2540.00	2539.00	2539.00	2539.00	2539.00	2539.00	2539.00	2539.00	2539.00	2539.00	2539.00	2539.00	2539.00	2539.00	2539.00	2538.00	2538.00	2538.00	2538.00	2538.00	2538.00	2538.00	2538.00	2538.00	2538.00	2538.00	2538.00	2538.00	2538.00	2538.00	2538.00	2538.00	2538.00	2538.00	2538.00	2538.00	2537.00	2537.00	2537.00	2537.00	2537.00	2537.00	2537.00	2537.00	2537.00	2537.00	2537.00	2537.00	2537.00	2537.00	2537.00	2537.00	2537.00	2537.00	2537.00	2537.00	2537.00	2537.00	2537.00	2537.00	2537.00	2537.00	2537.00	2537.00	2537.00	2537.00	2537.00	2537.00	2537.00	2537.00	2537.00	2537.00	2537.00	2537.00	2537.00
2534.00	2534.00	2534.00	2534.00	2534.00	2534.00	2534.00	2534.00	2534.00	2534.00	2534.00	2535.00	2535.00	2535.00	2535.00	2535.00	2535.00	2535.00	2535.00	2535.00	2535.00	2535.00	2535.00	2535.00	2535.00	2535.00	2535.00	2535.00	2535.00	2536.00	2536.00	2536.00	2536.00	2536.00	2536.00	2536.00	2536.00	2536.00	2536.00	2536.00	2536.00	2536.00	2536.00	2536.00	2536.00	2536.00	2537.00	2537.00	2537.00	2537.00	2537.00	2537.00	2537.00	2537.00	2537.00	2537.00	2537.00	2537.00	2538.00	2538.00	2538.00	2538.00	2538.00	2538.00	2538.00	2538.00	2538.00	2538.00	2538.00	2538.00	2538.00	2538.00	2538.00	2538.00	2538.00	2539.00	2539.00	2539.00	2539.00	2539.00	2539.00	2539.00	2539.00	2539.00	2539.00	2539.00	2539.00	2540.00	2540.00	2540.00	2540.00	2540.00	2540.00	2540.00	2540.00	2540.00	2540.00	2540.00	2540.00	2540.00	2541.00	2541.00	2541.00	2541.00	2541.00	2541.00	2541.00	2541.00	2541.00	2541.00	2541.00	2541.00	2541.00	2541.00	2541.00	2541.00	2541.00	2541.00	2541.00	2541.00	2541.00	2541.00	2541.00	2541.00	2541.00	2541.00	2541.00	2541.00	2541.00	2541.00	2541.00	2541.00	2541.00	2541.00	2541.00	2541.00	2541.00	2541.00	2541.00	2541.00	2541.00	2541.00	2541.00	2541.00	2541.00	2541.00	2541.00	2541.00	2541.00	2541.00	2541.00	2541.00	2541.00	2541.00	2541.00	2541.00	2541.00	2541.00	2541.00	2541.00	2541.00	2541.00	2541.00	2541.00	2541.00	2541.00	2541.00	2541.00	2541.00	2540.00	2540.00	2540.00	2540.00	2540.00	2540.00	2540.00	2540.00	2540.00	2540.00	2540.00	2540.00	2540.00	2539.00	2539.00	2539.00	2539.00	2539.00	2539.00	2539.00	2539.00	2539.00	2539.00	2539.00	2539.00	2539.00	2539.00	2538.00	2538.00	2538.00	2538.00	2538.00	2538.00	2538.00	2538.00	2538.00	2538.00	2538.00	2538.00	2538.00	2538.00	2538.00	2538.00	2538.00	2538.00	2538.00	2538.00	2538.00	2537.00	2537.00	2537.00	2537.00	2537.00	2537.00	2537.00	2537.00	2537.00	2537.00	2537.00	2537.00	2537.00	2537.00	2537.00	2537.00	2537.00	2537.00	2537.00	2537.00	2537.00	2537.00	2537.00	2537.00	2537.00	2537.00	2537.00	2537.00	2537.00	2537.00	2537.00	2537.00	2537.00	2537.00	2537.00	2537.00	2537.00	2537.00	2537.00
2534.00	2534.00	2534.00	2534.00	2534.00	2534.00	2534.00	2534.00	2534.00	2534.00	2534.00	2535.00	2535.00	2535.00	2535.00	2535.00	2535.00	2535.00	2535.00	2535.00	2535.00	2535.00	2535.00	2535.00	2535.00	2535.00	2535.00	2535.00	2535.00	2536.00	2536.00	2536.00	2536.00	2536.00	2536.00	2536.00	2536.00	2536.00	2536.00	2536.00	2536.00	2536.00	2536.00	2536.00	2536.00	2536.00	2537.00	2537.00	2537.00	2537.00	2537.00	2537.00	2537.00	2537.00	2537.00	2537.00	2537.00	2537.00	2538.00	2538.00	2538.00	2538.00	2538.00	2538.00	2538.00	2538.00	2538.00	2538.00	2538.00	2538.00	2538.00	2538.00	2538.00	2538.00	2538.00	2539.00	2539.00	2539.00	2539.00	2539.00	2539.00	2539.00	2539.00	2539.00	2539.00	2539.00	2539.00	2540.00	2540.00	2540.00	2540.00	2540.00	2540.00	2540.00	2540.00	2540.00	2540.00	2540.00	2540.00	2540.00	2541.00	2541.00	2541.00	2541.00	2541.00	2541.00	2541.00	2541.00	2541.00	2541.00	2541.00	2541.00	2541.00	2541.00	2541.00	2541.00	2541.00	2541.00	2541.00	2541.00	2541.00	2541.00	2541.00	2541.00	2541.00	2541.00	2541.00	2541.00	2541.00	2541.00	2541.00	2541.00	2541.00	2541.00	2541.00	2541.00	2541.00	2541.00	2541.00	2541.00	2541.00	2541.00	2541.00	2541.00	2541.00	2541.00	2541.00	2541.00	2541.00	2541.00	2541.00	2541.00	2541.00	2541.00	2541.00	2541.00	2541.00	2541.00	2541.00	2541.00	2541.00	2541.00	2541.00	2541.00	2541.00	2541.00	2541.00	2541.00	2541.00	2540.00	2540.00	2540.00	2540.00	2540.00	2540.00	2540.00	2540.00	2540.00	2540.00	2540.00	2540.00	2540.00	2539.00	2539.00	2539.00	2539.00	2539.00	2539.00	2539.00	2539.00	2539.00	2539.00	2539.00	2539.00	2539.00	2539.00	2538.00	2538.00	2538.00	2538.00	2538.00	2538.00	2538.00	2538.00	2538.00	2538.00	2538.00	2538.00	2538.00	2538.00	2538.00	2538.00	2538.00	2538.00	2538.00	2538.00	2538.00	2537.00	2537.00	2537.00	2537.00	2537.00	2537.00	2537.00	2537.00	2537.00	2537.00	2537.00	2537.00	2537.00	2537.00	2537.00	2537.00	2537.00	2537.00	2537.00	2537.00	2537.00	2537.00	2537.00	2537.00	2537.00	2537.00	2537.00	2537.00	2537.00	2537.00	2537.00	2537.00	2537.00	2537.00	2537.00	2537.00	2537.00	2537.00	2537.00
2534.00	2534.00	2534.00	2534.00	2534.00	2534.00	2534.00	2534.00	2534.00	2534.00	2534.00	2535.00	2535.00	2535.00	2535.00	2535.00	2535.00	2535.00	2535.00	2535.00	2535.00	2535.00	2535.00	2535.00	2535.00	2535.00	2535.00	2535.00	2535.00	2536.00	2536.00	2536.00	2536.00	2536.00	2536.00	2536.00	2536.00	2536.00	2536.00	2536.00	2536.00	2536.00	2536.00	2536.00	2536.00	2536.00	2537.00	2537.00	2537.00	2537.00	2537.00	2537.00	2537.00	2537.00	2537.00	2537.00	2537.00	2537.00	2538.00	2538.00	2538.00	2538.00	2538.00	2538.00	2538.00	2538.00	2538.00	2538.00	2538.00	2538.00	2538.00	2538.00	2538.00	2538.00	2538.00	2539.00	2539.00	2539.00	2539.00	2539.00	2539.00	2539.00	2539.00	2539.00	2539.00	2539.00	2539.00	2540.00	2540.00	2540.00	2540.00	2540.00	2540.00	2540.00	2540.00	2540.00	2540.00	2540.00	2540.00	2540.00	2541.00	2541.00	2541.00	2541.00	2541.00	2541.00	2541.00	2541.00	2541.00	2541.00	2541.00	2541.00	2541.00	2541.00	2541.00	2541.00	2541.00	2541.00	2541.00	2541.00	2541.00	2541.00	2541.00	2541.00	2541.00	2541.00	2541.00	2541.00	2541.00	2541.00	2541.00	2541.00	2541.00	2541.00	2541.00	2541.00	2541.00	2541.00	2541.00	2541.00	2541.00	2541.00	2541.00	2541.00	2541.00	2541.00	2541.00	2541.00	2541.00	2541.00	2541.00	2541.00	2541.00	2541.00	2541.00	2541.00	2541.00	2541.00	2541.00	2541.00	2541.00	2541.00	2541.00	2541.00	2541.00	2541.00	2541.00	2541.00	2541.00	2540.00	2540.00	2540.00	2540.00	2540.00	2540.00	2540.00	2540.00	2540.00	2540.00	2540.00	2540.00	2540.00	2539.00	2539.00	2539.00	2539.00	2539.00	2539.00	2539.00	2539.00	2539.00	2539.00	2539.00	2539.00	2539.00	2539.00	2538.00	2538.00	2538.00	2538.00	2538.00	2538.00	2538.00	2538.00	2538.00	2538.00	2538.00	2538.00	2538.00	2538.00	2538.00	2538.00	2538.00	2538.00	2538.00	2538.00	2538.00	2537.00	2537.00	2537.00	2537.00	2537.00	2537.00	2537.00	2537.00	2537.00	2537.00	2537.00	2537.00	2537.00	2537.00	2537.00	2537.00	2537.00	2537.00	2537.00	2537.00	2537.00	2537.00	2537.00	2537.00	2537.00	2537.00	2537.00	2537.00	2537.00	2537.00	2537.00	2537.00	2537.00	2537.00	2537.00	2537.00	2537.00	2537.00	2537.00
2534.00	2534.00	2534.00	2534.00	2534.00	2534.00	2534.00	2534.00	2534.00	2534.00	2534.00	2535.00	2535.00	2535.00	2535.00	2535.00	2535.00	2535.00	2535.00	2535.00	2535.00	2535.00	2535.00	2535.00	2535.00	2535.00	2535.00	2535.00	2535.00	2536.00	2536.00	2536.00	2536.00	2536.00	2536.00	2536.00	2536.00	2536.00	2536.00	2536.00	2536.00	2536.00	2536.00	2536.00	2536.00	2536.00	2537.00	2537.00	2537.00	2537.00	2537.00	2537.00	2537.00	2537.00	2537.00	2537.00	2537.00	2537.00	2538.00	2538.00	2538.00	2538.00	2538.00	2538.00	2538.00	2538.00	2538.00	2538.00	2538.00	2538.00	2538.00	2538.00	2538.00	2538.00	2538.00	2539.00	2539.00	2539.00	2539.00	2539.00	2539.00	2539.00	2539.00	2539.00	2539.00	2539.00	2539.00	2540.00	2540.00	2540.00	2540.00	2540.00	2540.00	2540.00	2540.00	2540.00	2540.00	2540.00	2540.00	2540.00	2541.00	2541.00	2541.00	2541.00	2541.00	2541.00	2541.00	2541.00	2541.00	2541.00	2541.00	2541.00	2541.00	2541.00	2541.00	2541.00	2541.00	2541.00	2541.00	2541.00	2541.00	2541.00	2541.00	2541.00	2541.00	2541.00	2541.00	2541.00	2541.00	2541.00	2541.00	2541.00	2541.00	2541.00	2541.00	2541.00	2541.00	2541.00	2541.00	2541.00	2541.00	2541.00	2541.00	2541.00	2541.00	2541.00	2541.00	2541.00	2541.00	2541.00	2541.00	2541.00	2541.00	2541.00	2541.00	2541.00	2541.00	2541.00	2541.00	2541.00	2541.00	2541.00	2541.00	2541.00	2541.00	2541.00	2541.00	2541.00	2541.00	2540.00	2540.00	2540.00	2540.00	2540.00	2540.00	2540.00	2540.00	2540.00	2540.00	2540.00	2540.00	2540.00	2539.00	2539.00	2539.00	2539.00	2539.00	2539.00	2539.00	2539.00	2539.00	2539.00	2539.00	2539.00	2539.00	2539.00	2538.00	2538.00	2538.00	2538.00	2538.00	2538.00	2538.00	2538.00	2538.00	2538.00	2538.00	2538.00	2538.00	2538.00	2538.00	2538.00	2538.00	2538.00	2538.00	2538.00	2538.00	2537.00	2537.00	2537.00	2537.00	2537.00	2537.00	2537.00	2537.00	2537.00	2537.00	2537.00	2537.00	2537.00	2537.00	2537.00	2537.00	2537.00	2537.00	2537.00	2537.00	2537.00	2537.00	2537.00	2537.00	2537.00	2537.00	2537.00	2537.00	2537.00	2537.00	2537.00	2537.00	2537.00	2537.00	2537.00	2537.00	2537.00	2537.00	2537.00
2534.00	2534.00	2534.00	2534.00	2534.00	2534.00	2534.00	2534.00	2534.00	2534.00	2534.00	2535.00	2535.00	2535.00	2535.00	2535.00	2535.00	2535.00	2535.00	2535.00	2535.00	2535.00	2535.00	2535.00	2535.00	2535.00	2535.00	2535.00	2535.00	2536.00	2536.00	2536.00	2536.00	2536.00	2536.00	2536.00	2536.00	2536.00	2536.00	2536.00	2536.00	2536.00	2536.00	2536.00	2536.00	2536.00	2537.00	2537.00	2537.00	2537.00	2537.00	2537.00	2537.00	2537.00	2537.00	2537.00	2537.00	2537.00	2538.00	2538.00	2538.00	2538.00	2538.00	2538.00	2538.00	2538.00	2538.00	2538.00	2538.00	2538.00	2538.00	2538.00	2538.00	2538.00	2538.00	2539.00	2539.00	2539.00	2539.00	2539.00	2539.00	2539.00	2539.00	2539.00	2539.00	2539.00	2539.00	2540.00	2540.00	2540.00	2540.00	2540.00	2540.00	2540.00	2540.00	2540.00	2540.00	2540.00	2540.00	2540.00	2541.00	2541.00	2541.00	2541.00	2541.00	2541.00	2541.00	2541.00	2541.00	2541.00	2541.00	2541.00	2541.00	2541.00	2541.00	2541.00	2541.00	2541.00	2541.00	2541.00	2541.00	2541.00	2541.00	2541.00	2541.00	2541.00	2541.00	2541.00	2541.00	2541.00	2541.00	2541.00	2541.00	2541.00	2541.00	2541.00	2541.00	2541.00	2541.00	2541.00	2541.00	2541.00	2541.00	2541.00	2541.00	2541.00	2541.00	2541.00	2541.00	2541.00	2541.00	2541.00	2541.00	2541.00	2541.00	2541.00	2541.00	2541.00	2541.00	2541.00	2541.00	2541.00	2541.00	2541.00	2541.00	2541.00	2541.00	2541.00	2541.00	2540.00	2540.00	2540.00	2540.00	2540.00	2540.00	2540.00	2540.00	2540.00	2540.00	2540.00	2540.00	2540.00	2539.00	2539.00	2539.00	2539.00	2539.00	2539.00	2539.00	2539.00	2539.00	2539.00	2539.00	2539.00	2539.00	2539.00	2538.00	2538.00	2538.00	2538.00	2538.00	2538.00	2538.00	2538.00	2538.00	2538.00	2538.00	2538.00	2538.00	2538.00	2538.00	2538.00	2538.00	2538.00	2538.00	2538.00	2538.00	2537.00	2537.00	2537.00	2537.00	2537.00	2537.00	2537.00	2537.00	2537.00	2537.00	2537.00	2537.00	2537.00	2537.00	2537.00	2537.00	2537.00	2537.00	2537.00	2537.00	2537.00	2537.00	2537.00	2537.00	2537.00	2537.00	2537.00	2537.00	2537.00	2537.00	2537.00	2537.00	2537.00	2537.00	2537.00	2537.00	2537.00	2537.00	2537.00
2534.00	2534.00	2534.00	2534.00	2534.00	2534.00	2534.00	2534.00	2534.00	2534.00	2534.00	2535.00	2535.00	2535.00	2535.00	2535.00	2535.00	2535.00	2535.00	2535.00	2535.00	2535.00	2535.00	2535.00	2535.00	2535.00	2535.00	2535.00	2535.00	2536.00	2536.00	2536.00	2536.00	2536.00	2536.00	2536.00	2536.00	2536.00	2536.00	2536.00	2536.00	2536.00	2536.00	2536.00	2536.00	2536.00	2537.00	2537.00	2537.00	2537.00	2537.00	2537.00	2537.00	2537.00	2537.00	2537.00	2537.00	2537.00	2538.00	2538.00	2538.00	2538.00	2538.00	2538.00	2538.00	2538.00	2538.00	2538.00	2538.00	2538.00	2538.00	2538.00	2538.00	2538.00	2538.00	2539.00	2539.00	2539.00	2539.00	2539.00	2539.00	2539.00	2539.00	2539.00	2539.00	2539.00	2539.00	2540.00	2540.00	2540.00	2540.00	2540.00	2540.00	2540.00	2540.00	2540.00	2540.00	2540.00	2540.00	2540.00	2541.00	2541.00	2541.00	2541.00	2541.00	2541.00	2541.00	2541.00	2541.00	2541.00	2541.00	2541.00	2541.00	2541.00	2541.00	2541.00	2541.00	2541.00	2541.00	2541.00	2541.00	2541.00	2541.00	2541.00	2541.00	2541.00	2541.00	2541.00	2541.00	2541.00	2541.00	2541.00	2541.00	2541.00	2541.00	2541.00	2541.00	2541.00	2541.00	2541.00	2541.00	2541.00	2541.00	2541.00	2541.00	2541.00	2541.00	2541.00	2541.00	2541.00	2541.00	2541.00	2541.00	2541.00	2541.00	2541.00	2541.00	2541.00	2541.00	2541.00	2541.00	2541.00	2541.00	2541.00	2541.00	2541.00	2541.00	2541.00	2541.00	2540.00	2540.00	2540.00	2540.00	2540.00	2540.00	2540.00	2540.00	2540.00	2540.00	2540.00	2540.00	2540.00	2539.00	2539.00	2539.00	2539.00	2539.00	2539.00	2539.00	2539.00	2539.00	2539.00	2539.00	2539.00	2539.00	2539.00	2538.00	2538.00	2538.00	2538.00	2538.00	2538.00	2538.00	2538.00	2538.00	2538.00	2538.00	2538.00	2538.00	2538.00	2538.00	2538.00	2538.00	2538.00	2538.00	2538.00	2538.00	2537.00	2537.00	2537.00	2537.00	2537.00	2537.00	2537.00	2537.00	2537.00	2537.00	2537.00	2537.00	2537.00	2537.00	2537.00	2537.00	2537.00	2537.00	2537.00	2537.00	2537.00	2537.00	2537.00	2537.00	2537.00	2537.00	2537.00	2537.00	2537.00	2537.00	2537.00	2537.00	2537.00	2537.00	2537.00	2537.00	2537.00	2537.00	2537.00
2534.00	2534.00	2534.00	2534.00	2534.00	2534.00	2534.00	2534.00	2534.00	2534.00	2534.00	2535.00	2535.00	2535.00	2535.00	2535.00	2535.00	2535.00	2535.00	2535.00	2535.00	2535.00	2535.00	2535.00	2535.00	2535.00	2535.00	2535.00	2535.00	2536.00	2536.00	2536.00	2536.00	2536.00	2536.00	2536.00	2536.00	2536.00	2536.00	2536.00	2536.00	2536.00	2536.00	2536.00	2536.00	2536.00	2537.00	2537.00	2537.00	2537.00	2537.00	2537.00	2537.00	2537.00	2537.00	2537.00	2537.00	2537.00	2538.00	2538.00	2538.00	2538.00	2538.00	2538.00	2538.00	2538.00	2538.00	2538.00	2538.00	2538.00	2538.00	2538.00	2538.00	2538.00	2538.00	2539.00	2539.00	2539.00	2539.00	2539.00	2539.00	2539.00	2539.00	2539.00	2539.00	2539.00	2539.00	2540.00	2540.00	2540.00	2540.00	2540.00	2540.00	2540.00	2540.00	2540.00	2540.00	2540.00	2540.00	2540.00	2541.00	2541.00	2541.00	2541.00	2541.00	2541.00	2541.00	2541.00	2541.00	2541.00	2541.00	2541.00	2541.00	2541.00	2541.00	2541.00	2541.00	2541.00	2541.00	2541.00	2541.00	2541.00	2541.00	2541.00	2541.00	2541.00	2541.00	2541.00	2541.00	2541.00	2541.00	2541.00	2541.00	2541.00	2541.00	2541.00	2541.00	2541.00	2541.00	2541.00	2541.00	2541.00	2541.00	2541.00	2541.00	2541.00	2541.00	2541.00	2541.00	2541.00	2541.00	2541.00	2541.00	2541.00	2541.00	2541.00	2541.00	2541.00	2541.00	2541.00	2541.00	2541.00	2541.00	2541.00	2541.00	2541.00	2541.00	2541.00	2541.00	2540.00	2540.00	2540.00	2540.00	2540.00	2540.00	2540.00	2540.00	2540.00	2540.00	2540.00	2540.00	2540.00	2539.00	2539.00	2539.00	2539.00	2539.00	2539.00	2539.00	2539.00	2539.00	2539.00	2539.00	2539.00	2539.00	2539.00	2538.00	2538.00	2538.00	2538.00	2538.00	2538.00	2538.00	2538.00	2538.00	2538.00	2538.00	2538.00	2538.00	2538.00	2538.00	2538.00	2538.00	2538.00	2538.00	2538.00	2538.00	2537.00	2537.00	2537.00	2537.00	2537.00	2537.00	2537.00	2537.00	2537.00	2537.00	2537.00	2537.00	2537.00	2537.00	2537.00	2537.00	2537.00	2537.00	2537.00	2537.00	2537.00	2537.00	2537.00	2537.00	2537.00	2537.00	2537.00	2537.00	2537.00	2537.00	2537.00	2537.00	2537.00	2537.00	2537.00	2537.00	2537.00	2537.00	2537.00
2534.00	2534.00	2534.00	2534.00	2534.00	2534.00	2534.00	2534.00	2534.00	2534.00	2534.00	2535.00	2535.00	2535.00	2535.00	2535.00	2535.00	2535.00	2535.00	2535.00	2535.00	2535.00	2535.00	2535.00	2535.00	2535.00	2535.00	2535.00	2535.00	2536.00	2536.00	2536.00	2536.00	2536.00	2536.00	2536.00	2536.00	2536.00	2536.00	2536.00	2536.00	2536.00	2536.00	2536.00	2536.00	2536.00	2537.00	2537.00	2537.00	2537.00	2537.00	2537.00	2537.00	2537.00	2537.00	2537.00	2537.00	2537.00	2538.00	2538.00	2538.00	2538.00	2538.00	2538.00	2538.00	2538.00	2538.00	2538.00	2538.00	2538.00	2538.00	2538.00	2538.00	2538.00	2538.00	2539.00	2539.00	2539.00	2539.00	2539.00	2539.00	2539.00	2539.00	2539.00	2539.00	2539.00	2539.00	2540.00	2540.00	2540.00	2540.00	2540.00	2540.00	2540.00	2540.00	2540.00	2540.00	2540.00	2540.00	2540.00	2541.00	2541.00	2541.00	2541.00	2541.00	2541.00	2541.00	2541.00	2541.00	2541.00	2541.00	2541.00	2541.00	2541.00	2541.00	2541.00	2541.00	2541.00	2541.00	2541.00	2541.00	2541.00	2541.00	2541.00	2541.00	2541.00	2541.00	2541.00	2541.00	2541.00	2541.00	2541.00	2541.00	2541.00	2541.00	2541.00	2541.00	2541.00	2541.00	2541.00	2541.00	2541.00	2541.00	2541.00	2541.00	2541.00	2541.00	2541.00	2541.00	2541.00	2541.00	2541.00	2541.00	2541.00	2541.00	2541.00	2541.00	2541.00	2541.00	2541.00	2541.00	2541.00	2541.00	2541.00	2541.00	2541.00	2541.00	2541.00	2541.00	2540.00	2540.00	2540.00	2540.00	2540.00	2540.00	2540.00	2540.00	2540.00	2540.00	2540.00	2540.00	2540.00	2539.00	2539.00	2539.00	2539.00	2539.00	2539.00	2539.00	2539.00	2539.00	2539.00	2539.00	2539.00	2539.00	2539.00	2538.00	2538.00	2538.00	2538.00	2538.00	2538.00	2538.00	2538.00	2538.00	2538.00	2538.00	2538.00	2538.00	2538.00	2538.00	2538.00	2538.00	2538.00	2538.00	2538.00	2538.00	2537.00	2537.00	2537.00	2537.00	2537.00	2537.00	2537.00	2537.00	2537.00	2537.00	2537.00	2537.00	2537.00	2537.00	2537.00	2537.00	2537.00	2537.00	2537.00	2537.00	2537.00	2537.00	2537.00	2537.00	2537.00	2537.00	2537.00	2537.00	2537.00	2537.00	2537.00	2537.00	2537.00	2537.00	2537.00	2537.00	2537.00	2537.00	2537.00
2534.00	2534.00	2534.00	2534.00	2534.00	2534.00	2534.00	2534.00	2534.00	2534.00	2534.00	2535.00	2535.00	2535.00	2535.00	2535.00	2535.00	2535.00	2535.00	2535.00	2535.00	2535.00	2535.00	2535.00	2535.00	2535.00	2535.00	2535.00	2535.00	2536.00	2536.00	2536.00	2536.00	2536.00	2536.00	2536.00	2536.00	2536.00	2536.00	2536.00	2536.00	2536.00	2536.00	2536.00	2536.00	2536.00	2537.00	2537.00	2537.00	2537.00	2537.00	2537.00	2537.00	2537.00	2537.00	2537.00	2537.00	2537.00	2538.00	2538.00	2538.00	2538.00	2538.00	2538.00	2538.00	2538.00	2538.00	2538.00	2538.00	2538.00	2538.00	2538.00	2538.00	2538.00	2538.00	2539.00	2539.00	2539.00	2539.00	2539.00	2539.00	2539.00	2539.00	2539.00	2539.00	2539.00	2539.00	2540.00	2540.00	2540.00	2540.00	2540.00	2540.00	2540.00	2540.00	2540.00	2540.00	2540.00	2540.00	2540.00	2541.00	2541.00	2541.00	2541.00	2541.00	2541.00	2541.00	2541.00	2541.00	2541.00	2541.00	2541.00	2541.00	2541.00	2541.00	2541.00	2541.00	2541.00	2541.00	2541.00	2541.00	2541.00	2541.00	2541.00	2541.00	2541.00	2541.00	2541.00	2541.00	2541.00	2541.00	2541.00	2541.00	2541.00	2541.00	2541.00	2541.00	2541.00	2541.00	2541.00	2541.00	2541.00	2541.00	2541.00	2541.00	2541.00	2541.00	2541.00	2541.00	2541.00	2541.00	2541.00	2541.00	2541.00	2541.00	2541.00	2541.00	2541.00	2541.00	2541.00	2541.00	2541.00	2541.00	2541.00	2541.00	2541.00	2541.00	2541.00	2541.00	2540.00	2540.00	2540.00	2540.00	2540.00	2540.00	2540.00	2540.00	2540.00	2540.00	2540.00	2540.00	2540.00	2539.00	2539.00	2539.00	2539.00	2539.00	2539.00	2539.00	2539.00	2539.00	2539.00	2539.00	2539.00	2539.00	2539.00	2538.00	2538.00	2538.00	2538.00	2538.00	2538.00	2538.00	2538.00	2538.00	2538.00	2538.00	2538.00	2538.00	2538.00	2538.00	2538.00	2538.00	2538.00	2538.00	2538.00	2538.00	2537.00	2537.00	2537.00	2537.00	2537.00	2537.00	2537.00	2537.00	2537.00	2537.00	2537.00	2537.00	2537.00	2537.00	2537.00	2537.00	2537.00	2537.00	2537.00	2537.00	2537.00	2537.00	2537.00	2537.00	2537.00	2537.00	2537.00	2537.00	2537.00	2537.00	2537.00	2537.00	2537.00	2537.00	2537.00	2537.00	2537.00	2537.00	2537.00
2534.00	2534.00	2534.00	2534.00	2534.00	2534.00	2534.00	2534.00	2534.00	2534.00	2534.00	2535.00	2535.00	2535.00	2535.00	2535.00	2535.00	2535.00	2535.00	2535.00	2535.00	2535.00	2535.00	2535.00	2535.00	2535.00	2535.00	2535.00	2535.00	2536.00	2536.00	2536.00	2536.00	2536.00	2536.00	2536.00	2536.00	2536.00	2536.00	2536.00	2536.00	2536.00	2536.00	2536.00	2536.00	2536.00	2537.00	2537.00	2537.00	2537.00	2537.00	2537.00	2537.00	2537.00	2537.00	2537.00	2537.00	2537.00	2538.00	2538.00	2538.00	2538.00	2538.00	2538.00	2538.00	2538.00	2538.00	2538.00	2538.00	2538.00	2538.00	2538.00	2538.00	2538.00	2538.00	2539.00	2539.00	2539.00	2539.00	2539.00	2539.00	2539.00	2539.00	2539.00	2539.00	2539.00	2539.00	2540.00	2540.00	2540.00	2540.00	2540.00	2540.00	2540.00	2540.00	2540.00	2540.00	2540.00	2540.00	2540.00	2541.00	2541.00	2541.00	2541.00	2541.00	2541.00	2541.00	2541.00	2541.00	2541.00	2541.00	2541.00	2541.00	2541.00	2541.00	2541.00	2541.00	2541.00	2541.00	2541.00	2541.00	2541.00	2541.00	2541.00	2541.00	2541.00	2541.00	2541.00	2541.00	2541.00	2541.00	2541.00	2541.00	2541.00	2541.00	2541.00	2541.00	2541.00	2541.00	2541.00	2541.00	2541.00	2541.00	2541.00	2541.00	2541.00	2541.00	2541.00	2541.00	2541.00	2541.00	2541.00	2541.00	2541.00	2541.00	2541.00	2541.00	2541.00	2541.00	2541.00	2541.00	2541.00	2541.00	2541.00	2541.00	2541.00	2541.00	2541.00	2541.00	2540.00	2540.00	2540.00	2540.00	2540.00	2540.00	2540.00	2540.00	2540.00	2540.00	2540.00	2540.00	2540.00	2539.00	2539.00	2539.00	2539.00	2539.00	2539.00	2539.00	2539.00	2539.00	2539.00	2539.00	2539.00	2539.00	2539.00	2538.00	2538.00	2538.00	2538.00	2538.00	2538.00	2538.00	2538.00	2538.00	2538.00	2538.00	2538.00	2538.00	2538.00	2538.00	2538.00	2538.00	2538.00	2538.00	2538.00	2538.00	2537.00	2537.00	2537.00	2537.00	2537.00	2537.00	2537.00	2537.00	2537.00	2537.00	2537.00	2537.00	2537.00	2537.00	2537.00	2537.00	2537.00	2537.00	2537.00	2537.00	2537.00	2537.00	2537.00	2537.00	2537.00	2537.00	2537.00	2537.00	2537.00	2537.00	2537.00	2537.00	2537.00	2537.00	2537.00	2537.00	2537.00	2537.00	2537.00
2534.00	2534.00	2534.00	2534.00	2534.00	2534.00	2534.00	2534.00	2534.00	2534.00	2534.00	2535.00	2535.00	2535.00	2535.00	2535.00	2535.00	2535.00	2535.00	2535.00	2535.00	2535.00	2535.00	2535.00	2535.00	2535.00	2535.00	2535.00	2535.00	2536.00	2536.00	2536.00	2536.00	2536.00	2536.00	2536.00	2536.00	2536.00	2536.00	2536.00	2536.00	2536.00	2536.00	2536.00	2536.00	2536.00	2537.00	2537.00	2537.00	2537.00	2537.00	2537.00	2537.00	2537.00	2537.00	2537.00	2537.00	2537.00	2538.00	2538.00	2538.00	2538.00	2538.00	2538.00	2538.00	2538.00	2538.00	2538.00	2538.00	2538.00	2538.00	2538.00	2538.00	2538.00	2538.00	2539.00	2539.00	2539.00	2539.00	2539.00	2539.00	2539.00	2539.00	2539.00	2539.00	2539.00	2539.00	2540.00	2540.00	2540.00	2540.00	2540.00	2540.00	2540.00	2540.00	2540.00	2540.00	2540.00	2540.00	2540.00	2541.00	2541.00	2541.00	2541.00	2541.00	2541.00	2541.00	2541.00	2541.00	2541.00	2541.00	2541.00	2541.00	2541.00	2541.00	2541.00	2541.00	2541.00	2541.00	2541.00	2541.00	2541.00	2541.00	2541.00	2541.00	2541.00	2541.00	2541.00	2541.00	2541.00	2541.00	2541.00	2541.00	2541.00	2541.00	2541.00	2541.00	2541.00	2541.00	2541.00	2541.00	2541.00	2541.00	2541.00	2541.00	2541.00	2541.00	2541.00	2541.00	2541.00	2541.00	2541.00	2541.00	2541.00	2541.00	2541.00	2541.00	2541.00	2541.00	2541.00	2541.00	2541.00	2541.00	2541.00	2541.00	2541.00	2541.00	2541.00	2541.00	2540.00	2540.00	2540.00	2540.00	2540.00	2540.00	2540.00	2540.00	2540.00	2540.00	2540.00	2540.00	2540.00	2539.00	2539.00	2539.00	2539.00	2539.00	2539.00	2539.00	2539.00	2539.00	2539.00	2539.00	2539.00	2539.00	2539.00	2538.00	2538.00	2538.00	2538.00	2538.00	2538.00	2538.00	2538.00	2538.00	2538.00	2538.00	2538.00	2538.00	2538.00	2538.00	2538.00	2538.00	2538.00	2538.00	2538.00	2538.00	2537.00	2537.00	2537.00	2537.00	2537.00	2537.00	2537.00	2537.00	2537.00	2537.00	2537.00	2537.00	2537.00	2537.00	2537.00	2537.00	2537.00	2537.00	2537.00	2537.00	2537.00	2537.00	2537.00	2537.00	2537.00	2537.00	2537.00	2537.00	2537.00	2537.00	2537.00	2537.00	2537.00	2537.00	2537.00	2537.00	2537.00	2537.00	2537.00
2534.00	2534.00	2534.00	2534.00	2534.00	2534.00	2534.00	2534.00	2534.00	2534.00	2534.00	2535.00	2535.00	2535.00	2535.00	2535.00	2535.00	2535.00	2535.00	2535.00	2535.00	2535.00	2535.00	2535.00	2535.00	2535.00	2535.00	2535.00	2535.00	2536.00	2536.00	2536.00	2536.00	2536.00	2536.00	2536.00	2536.00	2536.00	2536.00	2536.00	2536.00	2536.00	2536.00	2536.00	2536.00	2536.00	2537.00	2537.00	2537.00	2537.00	2537.00	2537.00	2537.00	2537.00	2537.00	2537.00	2537.00	2537.00	2538.00	2538.00	2538.00	2538.00	2538.00	2538.00	2538.00	2538.00	2538.00	2538.00	2538.00	2538.00	2538.00	2538.00	2538.00	2538.00	2538.00	2539.00	2539.00	2539.00	2539.00	2539.00	2539.00	2539.00	2539.00	2539.00	2539.00	2539.00	2539.00	2540.00	2540.00	2540.00	2540.00	2540.00	2540.00	2540.00	2540.00	2540.00	2540.00	2540.00	2540.00	2540.00	2541.00	2541.00	2541.00	2541.00	2541.00	2541.00	2541.00	2541.00	2541.00	2541.00	2541.00	2541.00	2541.00	2541.00	2541.00	2541.00	2541.00	2541.00	2541.00	2541.00	2541.00	2541.00	2541.00	2541.00	2541.00	2541.00	2541.00	2541.00	2541.00	2541.00	2541.00	2541.00	2541.00	2541.00	2541.00	2541.00	2541.00	2541.00	2541.00	2541.00	2541.00	2541.00	2541.00	2541.00	2541.00	2541.00	2541.00	2541.00	2541.00	2541.00	2541.00	2541.00	2541.00	2541.00	2541.00	2541.00	2541.00	2541.00	2541.00	2541.00	2541.00	2541.00	2541.00	2541.00	2541.00	2541.00	2541.00	2541.00	2541.00	2540.00	2540.00	2540.00	2540.00	2540.00	2540.00	2540.00	2540.00	2540.00	2540.00	2540.00	2540.00	2540.00	2539.00	2539.00	2539.00	2539.00	2539.00	2539.00	2539.00	2539.00	2539.00	2539.00	2539.00	2539.00	2539.00	2539.00	2538.00	2538.00	2538.00	2538.00	2538.00	2538.00	2538.00	2538.00	2538.00	2538.00	2538.00	2538.00	2538.00	2538.00	2538.00	2538.00	2538.00	2538.00	2538.00	2538.00	2538.00	2537.00	2537.00	2537.00	2537.00	2537.00	2537.00	2537.00	2537.00	2537.00	2537.00	2537.00	2537.00	2537.00	2537.00	2537.00	2537.00	2537.00	2537.00	2537.00	2537.00	2537.00	2537.00	2537.00	2537.00	2537.00	2537.00	2537.00	2537.00	2537.00	2537.00	2537.00	2537.00	2537.00	2537.00	2537.00	2537.00	2537.00	2537.00	2537.00