1990.00	1991.00	1991.00	1991.00	1992.00	1992.00	1992.00	1992.00	1992.00	1993.00	1993.00	1993.00	1993.00	1994.00	1994.00	1994.00	1994.00	1994.00	1994.00	1995.00	1995.00	1995.00	1995.00	1995.00	1996.00	1996.00	1996.00	1996.00	1996.00	1996.00	1996.00	1996.00	1996.00	1996.00	1997.00	1997.00	1997.00	1997.00	1997.00	1997.00	1997.00	1997.00	1998.00	1998.00	1998.00	1998.00	1998.00	1998.00	1999.00	1999.00	1999.00	1999.00	1999.00	2000.00	2000.00	2001.00	2001.00	2001.00	2001.00	2002.00	2002.00	2002.00	2002.00	2002.00	2003.00	2003.00	2004.00	2004.00	2004.00	2005.00	2005.00	2005.00	2005.00	2005.00	2005.00	2006.00	2006.00	2006.00	2006.00	2006.00	2006.00	2006.00	2007.00	2007.00	2007.00	2007.00	2007.00	2008.00	2008.00	2008.00	2008.00	2008.00	2008.00	2008.00	2007.00	2007.00	2007.00	2007.00	2007.00	2007.00	2007.00	2007.00	2007.00	2007.00	2007.00	2007.00	2007.00	2007.00	2007.00	2007.00	2006.00	2006.00	2006.00	2006.00	2006.00	2006.00	2006.00	2006.00	2006.00	2006.00	2006.00	2006.00	2006.00	2006.00	2005.00	2005.00	2005.00	2005.00	2005.00	2005.00	2004.00	2004.00	2004.00	2004.00	2004.00	2003.00	2003.00	2003.00	2003.00	2002.00	2002.00	2002.00	2001.00	2001.00	2001.00	2001.00	2001.00	2001.00	2000.00	2000.00	2000.00	2000.00	2000.00	2000.00	1999.00	1999.00	1999.00	1999.00	1999.00	1999.00	1999.00	1999.00	1998.00	1998.00	1998.00	1998.00	1998.00	1997.00	1997.00	1997.00	1997.00	1996.00	1996.00	1996.00	1996.00	1996.00	1996.00	1995.00	1995.00	1995.00	1995.00	1995.00	1995.00	1995.00	1995.00	1995.00	1995.00	1995.00	1995.00	1995.00	1995.00	1995.00	1995.00	1995.00	1995.00	1995.00	1995.00	1995.00	1995.00	1995.00	1995.00	1995.00	1995.00	1996.00	1996.00	1996.00	1997.00	1997.00	1997.00	1998.00	1998.00	1998.00	1998.00	1999.00	1999.00	1999.00	1999.00	2000.00	2000.00	2000.00	2000.00	2000.00	2001.00	2001.00	2001.00	2001.00	2001.00	2001.00	2001.00	2001.00	2001.00	2001.00	2001.00	2001.00	2001.00	2001.00	2001.00	2001.00	2001.00	2001.00	2001.00	2001.00	2001.00	2001.00	2002.00	2002.00	2002.00	2002.00	2002.00	2002.00	2003.00	2003.00	2003.00	2003.00	2004.00	2004.00
1990.00	1991.00	1991.00	1991.00	1992.00	1992.00	1992.00	1992.00	1992.00	1993.00	1993.00	1993.00	1993.00	1994.00	1994.00	1994.00	1994.00	1994.00	1994.00	1995.00	1995.00	1995.00	1995.00	1995.00	1996.00	1996.00	1996.00	1996.00	1996.00	1996.00	1996.00	1996.00	1996.00	1996.00	1997.00	1997.00	1997.00	1997.00	1997.00	1997.00	1997.00	1997.00	1998.00	1998.00	1998.00	1998.00	1998.00	1998.00	1999.00	1999.00	1999.00	1999.00	1999.00	2000.00	2000.00	2001.00	2001.00	2001.00	2001.00	2002.00	2002.00	2002.00	2002.00	2002.00	2003.00	2003.00	2004.00	2004.00	2004.00	2005.00	2005.00	2005.00	2005.00	2005.00	2005.00	2006.00	2006.00	2006.00	2006.00	2006.00	2006.00	2006.00	2007.00	2007.00	2007.00	2007.00	2007.00	2008.00	2008.00	2008.00	2008.00	2008.00	2008.00	2008.00	2007.00	2007.00	2007.00	2007.00	2007.00	2007.00	2007.00	2007.00	2007.00	2007.00	2007.00	2007.00	2007.00	2007.00	2007.00	2007.00	2006.00	2006.00	2006.00	2006.00	2006.00	2006.00	2006.00	2006.00	2006.00	2006.00	2006.00	2006.00	2006.00	2006.00	2005.00	2005.00	2005.00	2005.00	2005.00	2005.00	2004.00	2004.00	2004.00	2004.00	2004.00	2003.00	2003.00	2003.00	2003.00	2002.00	2002.00	2002.00	2001.00	2001.00	2001.00	2001.00	2001.00	2001.00	2000.00	2000.00	2000.00	2000.00	2000.00	2000.00	1999.00	1999.00	1999.00	1999.00	1999.00	1999.00	1999.00	1999.00	1998.00	1998.00	1998.00	1998.00	1998.00	1997.00	1997.00	1997.00	1997.00	1996.00	1996.00	1996.00	1996.00	1996.00	1996.00	1995.00	1995.00	1995.00	1995.00	1995.00	1995.00	1995.00	1995.00	1995.00	1995.00	1995.00	1995.00	1995.00	1995.00	1995.00	1995.00	1995.00	1995.00	1995.00	1995.00	1995.00	1995.00	1995.00	1995.00	1995.00	1995.00	1996.00	1996.00	1996.00	1997.00	1997.00	1997.00	1998.00	1998.00	1998.00	1998.00	1999.00	1999.00	1999.00	1999.00	2000.00	2000.00	2000.00	2000.00	2000.00	2001.00	2001.00	2001.00	2001.00	2001.00	2001.00	2001.00	2001.00	2001.00	2001.00	2001.00	2001.00	2001.00	2001.00	2001.00	2001.00	2001.00	2001.00	2001.00	2001.00	2001.00	2001.00	2002.00	2002.00	2002.00	2002.00	2002.00	2002.00	2003.00	2003.00	2003.00	2003.00	2004.00	2004.00
1990.00	1991.00	1991.00	1991.00	1992.00	1992.00	1992.00	1992.00	1992.00	1993.00	1993.00	1993.00	1993.00	1994.00	1994.00	1994.00	1994.00	1994.00	1994.00	1995.00	1995.00	1995.00	1995.00	1995.00	1996.00	1996.00	1996.00	1996.00	1996.00	1996.00	1996.00	1996.00	1996.00	1996.00	1997.00	1997.00	1997.00	1997.00	1997.00	1997.00	1997.00	1997.00	1998.00	1998.00	1998.00	1998.00	1998.00	1998.00	1999.00	1999.00	1999.00	1999.00	1999.00	2000.00	2000.00	2001.00	2001.00	2001.00	2001.00	2002.00	2002.00	2002.00	2002.00	2002.00	2003.00	2003.00	2004.00	2004.00	2004.00	2005.00	2005.00	2005.00	2005.00	2005.00	2005.00	2006.00	2006.00	2006.00	2006.00	2006.00	2006.00	2006.00	2007.00	2007.00	2007.00	2007.00	2007.00	2008.00	2008.00	2008.00	2008.00	2008.00	2008.00	2008.00	2007.00	2007.00	2007.00	2007.00	2007.00	2007.00	2007.00	2007.00	2007.00	2007.00	2007.00	2007.00	2007.00	2007.00	2007.00	2007.00	2006.00	2006.00	2006.00	2006.00	2006.00	2006.00	2006.00	2006.00	2006.00	2006.00	2006.00	2006.00	2006.00	2006.00	2005.00	2005.00	2005.00	2005.00	2005.00	2005.00	2004.00	2004.00	2004.00	2004.00	2004.00	2003.00	2003.00	2003.00	2003.00	2002.00	2002.00	2002.00	2001.00	2001.00	2001.00	2001.00	2001.00	2001.00	2000.00	2000.00	2000.00	2000.00	2000.00	2000.00	1999.00	1999.00	1999.00	1999.00	1999.00	1999.00	1999.00	1999.00	1998.00	1998.00	1998.00	1998.00	1998.00	1997.00	1997.00	1997.00	1997.00	1996.00	1996.00	1996.00	1996.00	1996.00	1996.00	1995.00	1995.00	1995.00	1995.00	1995.00	1995.00	1995.00	1995.00	1995.00	1995.00	1995.00	1995.00	1995.00	1995.00	1995.00	1995.00	1995.00	1995.00	1995.00	1995.00	1995.00	1995.00	1995.00	1995.00	1995.00	1995.00	1996.00	1996.00	1996.00	1997.00	1997.00	1997.00	1998.00	1998.00	1998.00	1998.00	1999.00	1999.00	1999.00	1999.00	2000.00	2000.00	2000.00	2000.00	2000.00	2001.00	2001.00	2001.00	2001.00	2001.00	2001.00	2001.00	2001.00	2001.00	2001.00	2001.00	2001.00	2001.00	2001.00	2001.00	2001.00	2001.00	2001.00	2001.00	2001.00	2001.00	2001.00	2002.00	2002.00	2002.00	2002.00	2002.00	2002.00	2003.00	2003.00	2003.00	2003.00	2004.00	2004.00
1990.00	1991.00	1991.00	1991.00	1992.00	1992.00	1992.00	1992.00	1992.00	1993.00	1993.00	1993.00	1993.00	1994.00	1994.00	1994.00	1994.00	1994.00	1994.00	1995.00	1995.00	1995.00	1995.00	1995.00	1996.00	1996.00	1996.00	1996.00	1996.00	1996.00	1996.00	1996.00	1996.00	1996.00	1997.00	1997.00	1997.00	1997.00	1997.00	1997.00	1997.00	1997.00	1998.00	1998.00	1998.00	1998.00	1998.00	1998.00	1999.00	1999.00	1999.00	1999.00	1999.00	2000.00	2000.00	2001.00	2001.00	2001.00	2001.00	2002.00	2002.00	2002.00	2002.00	2002.00	2003.00	2003.00	2004.00	2004.00	2004.00	2005.00	2005.00	2005.00	2005.00	2005.00	2005.00	2006.00	2006.00	2006.00	2006.00	2006.00	2006.00	2006.00	2007.00	2007.00	2007.00	2007.00	2007.00	2008.00	2008.00	2008.00	2008.00	2008.00	2008.00	2008.00	2007.00	2007.00	2007.00	2007.00	2007.00	2007.00	2007.00	2007.00	2007.00	2007.00	2007.00	2007.00	2007.00	2007.00	2007.00	2007.00	2006.00	2006.00	2006.00	2006.00	2006.00	2006.00	2006.00	2006.00	2006.00	2006.00	2006.00	2006.00	2006.00	2006.00	2005.00	2005.00	2005.00	2005.00	2005.00	2005.00	2004.00	2004.00	2004.00	2004.00	2004.00	2003.00	2003.00	2003.00	2003.00	2002.00	2002.00	2002.00	2001.00	2001.00	2001.00	2001.00	2001.00	2001.00	2000.00	2000.00	2000.00	2000.00	2000.00	2000.00	1999.00	1999.00	1999.00	1999.00	1999.00	1999.00	1999.00	1999.00	1998.00	1998.00	1998.00	1998.00	1998.00	1997.00	1997.00	1997.00	1997.00	1996.00	1996.00	1996.00	1996.00	1996.00	1996.00	1995.00	1995.00	1995.00	1995.00	1995.00	1995.00	1995.00	1995.00	1995.00	1995.00	1995.00	1995.00	1995.00	1995.00	1995.00	1995.00	1995.00	1995.00	1995.00	1995.00	1995.00	1995.00	1995.00	1995.00	1995.00	1995.00	1996.00	1996.00	1996.00	1997.00	1997.00	1997.00	1998.00	1998.00	1998.00	1998.00	1999.00	1999.00	1999.00	1999.00	2000.00	2000.00	2000.00	2000.00	2000.00	2001.00	2001.00	2001.00	2001.00	2001.00	2001.00	2001.00	2001.00	2001.00	2001.00	2001.00	2001.00	2001.00	2001.00	2001.00	2001.00	2001.00	2001.00	2001.00	2001.00	2001.00	2001.00	2002.00	2002.00	2002.00	2002.00	2002.00	2002.00	2003.00	2003.00	2003.00	2003.00	2004.00	2004.00
1990.00	1991.00	1991.00	1991.00	1992.00	1992.00	1992.00	1992.00	1992.00	1993.00	1993.00	1993.00	1993.00	1994.00	1994.00	1994.00	1994.00	1994.00	1994.00	1995.00	1995.00	1995.00	1995.00	1995.00	1996.00	1996.00	1996.00	1996.00	1996.00	1996.00	1996.00	1996.00	1996.00	1996.00	1997.00	1997.00	1997.00	1997.00	1997.00	1997.00	1997.00	1997.00	1998.00	1998.00	1998.00	1998.00	1998.00	1998.00	1999.00	1999.00	1999.00	1999.00	1999.00	2000.00	2000.00	2001.00	2001.00	2001.00	2001.00	2002.00	2002.00	2002.00	2002.00	2002.00	2003.00	2003.00	2004.00	2004.00	2004.00	2005.00	2005.00	2005.00	2005.00	2005.00	2005.00	2006.00	2006.00	2006.00	2006.00	2006.00	2006.00	2006.00	2007.00	2007.00	2007.00	2007.00	2007.00	2008.00	2008.00	2008.00	2008.00	2008.00	2008.00	2008.00	2007.00	2007.00	2007.00	2007.00	2007.00	2007.00	2007.00	2007.00	2007.00	2007.00	2007.00	2007.00	2007.00	2007.00	2007.00	2007.00	2006.00	2006.00	2006.00	2006.00	2006.00	2006.00	2006.00	2006.00	2006.00	2006.00	2006.00	2006.00	2006.00	2006.00	2005.00	2005.00	2005.00	2005.00	2005.00	2005.00	2004.00	2004.00	2004.00	2004.00	2004.00	2003.00	2003.00	2003.00	2003.00	2002.00	2002.00	2002.00	2001.00	2001.00	2001.00	2001.00	2001.00	2001.00	2000.00	2000.00	2000.00	2000.00	2000.00	2000.00	1999.00	1999.00	1999.00	1999.00	1999.00	1999.00	1999.00	1999.00	1998.00	1998.00	1998.00	1998.00	1998.00	1997.00	1997.00	1997.00	1997.00	1996.00	1996.00	1996.00	1996.00	1996.00	1996.00	1995.00	1995.00	1995.00	1995.00	1995.00	1995.00	1995.00	1995.00	1995.00	1995.00	1995.00	1995.00	1995.00	1995.00	1995.00	1995.00	1995.00	1995.00	1995.00	1995.00	1995.00	1995.00	1995.00	1995.00	1995.00	1995.00	1996.00	1996.00	1996.00	1997.00	1997.00	1997.00	1998.00	1998.00	1998.00	1998.00	1999.00	1999.00	1999.00	1999.00	2000.00	2000.00	2000.00	2000.00	2000.00	2001.00	2001.00	2001.00	2001.00	2001.00	2001.00	2001.00	2001.00	2001.00	2001.00	2001.00	2001.00	2001.00	2001.00	2001.00	2001.00	2001.00	2001.00	2001.00	2001.00	2001.00	2001.00	2002.00	2002.00	2002.00	2002.00	2002.00	2002.00	2003.00	2003.00	2003.00	2003.00	2004.00	2004.00
1990.00	1991.00	1991.00	1991.00	1992.00	1992.00	1992.00	1992.00	1992.00	1993.00	1993.00	1993.00	1993.00	1994.00	1994.00	1994.00	1994.00	1994.00	1994.00	1995.00	1995.00	1995.00	1995.00	1995.00	1996.00	1996.00	1996.00	1996.00	1996.00	1996.00	1996.00	1996.00	1996.00	1996.00	1997.00	1997.00	1997.00	1997.00	1997.00	1997.00	1997.00	1997.00	1998.00	1998.00	1998.00	1998.00	1998.00	1998.00	1999.00	1999.00	1999.00	1999.00	1999.00	2000.00	2000.00	2001.00	2001.00	2001.00	2001.00	2002.00	2002.00	2002.00	2002.00	2002.00	2003.00	2003.00	2004.00	2004.00	2004.00	2005.00	2005.00	2005.00	2005.00	2005.00	2005.00	2006.00	2006.00	2006.00	2006.00	2006.00	2006.00	2006.00	2007.00	2007.00	2007.00	2007.00	2007.00	2008.00	2008.00	2008.00	2008.00	2008.00	2008.00	2008.00	2007.00	2007.00	2007.00	2007.00	2007.00	2007.00	2007.00	2007.00	2007.00	2007.00	2007.00	2007.00	2007.00	2007.00	2007.00	2007.00	2006.00	2006.00	2006.00	2006.00	2006.00	2006.00	2006.00	2006.00	2006.00	2006.00	2006.00	2006.00	2006.00	2006.00	2005.00	2005.00	2005.00	2005.00	2005.00	2005.00	2004.00	2004.00	2004.00	2004.00	2004.00	2003.00	2003.00	2003.00	2003.00	2002.00	2002.00	2002.00	2001.00	2001.00	2001.00	2001.00	2001.00	2001.00	2000.00	2000.00	2000.00	2000.00	2000.00	2000.00	1999.00	1999.00	1999.00	1999.00	1999.00	1999.00	1999.00	1999.00	1998.00	1998.00	1998.00	1998.00	1998.00	1997.00	1997.00	1997.00	1997.00	1996.00	1996.00	1996.00	1996.00	1996.00	1996.00	1995.00	1995.00	1995.00	1995.00	1995.00	1995.00	1995.00	1995.00	1995.00	1995.00	1995.00	1995.00	1995.00	1995.00	1995.00	1995.00	1995.00	1995.00	1995.00	1995.00	1995.00	1995.00	1995.00	1995.00	1995.00	1995.00	1996.00	1996.00	1996.00	1997.00	1997.00	1997.00	1998.00	1998.00	1998.00	1998.00	1999.00	1999.00	1999.00	1999.00	2000.00	2000.00	2000.00	2000.00	2000.00	2001.00	2001.00	2001.00	2001.00	2001.00	2001.00	2001.00	2001.00	2001.00	2001.00	2001.00	2001.00	2001.00	2001.00	2001.00	2001.00	2001.00	2001.00	2001.00	2001.00	2001.00	2001.00	2002.00	2002.00	2002.00	2002.00	2002.00	2002.00	2003.00	2003.00	2003.00	2003.00	2004.00	2004.00
1990.00	1991.00	1991.00	1991.00	1992.00	1992.00	1992.00	1992.00	1992.00	1993.00	1993.00	1993.00	1993.00	1994.00	1994.00	1994.00	1994.00	1994.00	1994.00	1995.00	1995.00	1995.00	1995.00	1995.00	1996.00	1996.00	1996.00	1996.00	1996.00	1996.00	1996.00	1996.00	1996.00	1996.00	1997.00	1997.00	1997.00	1997.00	1997.00	1997.00	1997.00	1997.00	1998.00	1998.00	1998.00	1998.00	1998.00	1998.00	1999.00	1999.00	1999.00	1999.00	1999.00	2000.00	2000.00	2001.00	2001.00	2001.00	2001.00	2002.00	2002.00	2002.00	2002.00	2002.00	2003.00	2003.00	2004.00	2004.00	2004.00	2005.00	2005.00	2005.00	2005.00	2005.00	2005.00	2006.00	2006.00	2006.00	2006.00	2006.00	2006.00	2006.00	2007.00	2007.00	2007.00	2007.00	2007.00	2008.00	2008.00	2008.00	2008.00	2008.00	2008.00	2008.00	2007.00	2007.00	2007.00	2007.00	2007.00	2007.00	2007.00	2007.00	2007.00	2007.00	2007.00	2007.00	2007.00	2007.00	2007.00	2007.00	2006.00	2006.00	2006.00	2006.00	2006.00	2006.00	2006.00	2006.00	2006.00	2006.00	2006.00	2006.00	2006.00	2006.00	2005.00	2005.00	2005.00	2005.00	2005.00	2005.00	2004.00	2004.00	2004.00	2004.00	2004.00	2003.00	2003.00	2003.00	2003.00	2002.00	2002.00	2002.00	2001.00	2001.00	2001.00	2001.00	2001.00	2001.00	2000.00	2000.00	2000.00	2000.00	2000.00	2000.00	1999.00	1999.00	1999.00	1999.00	1999.00	1999.00	1999.00	1999.00	1998.00	1998.00	1998.00	1998.00	1998.00	1997.00	1997.00	1997.00	1997.00	1996.00	1996.00	1996.00	1996.00	1996.00	1996.00	1995.00	1995.00	1995.00	1995.00	1995.00	1995.00	1995.00	1995.00	1995.00	1995.00	1995.00	1995.00	1995.00	1995.00	1995.00	1995.00	1995.00	1995.00	1995.00	1995.00	1995.00	1995.00	1995.00	1995.00	1995.00	1995.00	1996.00	1996.00	1996.00	1997.00	1997.00	1997.00	1998.00	1998.00	1998.00	1998.00	1999.00	1999.00	1999.00	1999.00	2000.00	2000.00	2000.00	2000.00	2000.00	2001.00	2001.00	2001.00	2001.00	2001.00	2001.00	2001.00	2001.00	2001.00	2001.00	2001.00	2001.00	2001.00	2001.00	2001.00	2001.00	2001.00	2001.00	2001.00	2001.00	2001.00	2001.00	2002.00	2002.00	2002.00	2002.00	2002.00	2002.00	2003.00	2003.00	2003.00	2003.00	2004.00	2004.00
1990.00	1991.00	1991.00	1991.00	1992.00	1992.00	1992.00	1992.00	1992.00	1993.00	1993.00	1993.00	1993.00	1994.00	1994.00	1994.00	1994.00	1994.00	1994.00	1995.00	1995.00	1995.00	1995.00	1995.00	1996.00	1996.00	1996.00	1996.00	1996.00	1996.00	1996.00	1996.00	1996.00	1996.00	1997.00	1997.00	1997.00	1997.00	1997.00	1997.00	1997.00	1997.00	1998.00	1998.00	1998.00	1998.00	1998.00	1998.00	1999.00	1999.00	1999.00	1999.00	1999.00	2000.00	2000.00	2001.00	2001.00	2001.00	2001.00	2002.00	2002.00	2002.00	2002.00	2002.00	2003.00	2003.00	2004.00	2004.00	2004.00	2005.00	2005.00	2005.00	2005.00	2005.00	2005.00	2006.00	2006.00	2006.00	2006.00	2006.00	2006.00	2006.00	2007.00	2007.00	2007.00	2007.00	2007.00	2008.00	2008.00	2008.00	2008.00	2008.00	2008.00	2008.00	2007.00	2007.00	2007.00	2007.00	2007.00	2007.00	2007.00	2007.00	2007.00	2007.00	2007.00	2007.00	2007.00	2007.00	2007.00	2007.00	2006.00	2006.00	2006.00	2006.00	2006.00	2006.00	2006.00	2006.00	2006.00	2006.00	2006.00	2006.00	2006.00	2006.00	2005.00	2005.00	2005.00	2005.00	2005.00	2005.00	2004.00	2004.00	2004.00	2004.00	2004.00	2003.00	2003.00	2003.00	2003.00	2002.00	2002.00	2002.00	2001.00	2001.00	2001.00	2001.00	2001.00	2001.00	2000.00	2000.00	2000.00	2000.00	2000.00	2000.00	1999.00	1999.00	1999.00	1999.00	1999.00	1999.00	1999.00	1999.00	1998.00	1998.00	1998.00	1998.00	1998.00	1997.00	1997.00	1997.00	1997.00	1996.00	1996.00	1996.00	1996.00	1996.00	1996.00	1995.00	1995.00	1995.00	1995.00	1995.00	1995.00	1995.00	1995.00	1995.00	1995.00	1995.00	1995.00	1995.00	1995.00	1995.00	1995.00	1995.00	1995.00	1995.00	1995.00	1995.00	1995.00	1995.00	1995.00	1995.00	1995.00	1996.00	1996.00	1996.00	1997.00	1997.00	1997.00	1998.00	1998.00	1998.00	1998.00	1999.00	1999.00	1999.00	1999.00	2000.00	2000.00	2000.00	2000.00	2000.00	2001.00	2001.00	2001.00	2001.00	2001.00	2001.00	2001.00	2001.00	2001.00	2001.00	2001.00	2001.00	2001.00	2001.00	2001.00	2001.00	2001.00	2001.00	2001.00	2001.00	2001.00	2001.00	2002.00	2002.00	2002.00	2002.00	2002.00	2002.00	2003.00	2003.00	2003.00	2003.00	2004.00	2004.00
1992.00	1992.00	1993.00	1993.00	1993.00	1993.00	1993.00	1994.00	1994.00	1994.00	1994.00	1995.00	1995.00	1995.00	1995.00	1995.00	1995.00	1995.00	1996.00	1996.00	1996.00	1996.00	1997.00	1997.00	1997.00	1997.00	1997.00	1997.00	1997.00	1997.00	1997.00	1997.00	1998.00	1998.00	1998.00	1998.00	1999.00	1999.00	1999.00	1999.00	1999.00	2000.00	2000.00	2000.00	2000.00	2001.00	2001.00	2001.00	2002.00	2002.00	2002.00	2002.00	2002.00	2003.00	2003.00	2004.00	2004.00	2005.00	2005.00	2005.00	2006.00	2006.00	2006.00	2006.00	2007.00	2007.00	2008.00	2008.00	2008.00	2008.00	2008.00	2009.00	2009.00	2009.00	2010.00	2010.00	2010.00	2011.00	2011.00	2011.00	2011.00	2011.00	2011.00	2011.00	2011.00	2011.00	2011.00	2011.00	2011.00	2012.00	2012.00	2012.00	2012.00	2012.00	2012.00	2012.00	2012.00	2012.00	2012.00	2012.00	2011.00	2011.00	2011.00	2011.00	2011.00	2011.00	2011.00	2011.00	2011.00	2010.00	2010.00	2010.00	2010.00	2010.00	2010.00	2010.00	2010.00	2010.00	2010.00	2010.00	2010.00	2010.00	2010.00	2010.00	2009.00	2009.00	2009.00	2009.00	2009.00	2009.00	2008.00	2008.00	2008.00	2008.00	2008.00	2007.00	2007.00	2006.00	2006.00	2006.00	2005.00	2005.00	2005.00	2005.00	2004.00	2004.00	2004.00	2003.00	2003.00	2002.00	2002.00	2002.00	2002.00	2001.00	2001.00	2001.00	2001.00	2001.00	2000.00	2000.00	2000.00	2000.00	1999.00	1999.00	1999.00	1999.00	1999.00	1998.00	1998.00	1997.00	1997.00	1997.00	1997.00	1997.00	1997.00	1997.00	1996.00	1996.00	1996.00	1996.00	1996.00	1996.00	1996.00	1996.00	1996.00	1996.00	1996.00	1996.00	1996.00	1996.00	1996.00	1996.00	1997.00	1997.00	1997.00	1997.00	1997.00	1998.00	1998.00	1998.00	1998.00	1999.00	1999.00	1999.00	1999.00	1999.00	2000.00	2000.00	2000.00	2001.00	2001.00	2001.00	2002.00	2002.00	2002.00	2002.00	2002.00	2003.00	2003.00	2003.00	2003.00	2004.00	2004.00	2004.00	2004.00	2004.00	2004.00	2004.00	2004.00	2004.00	2004.00	2004.00	2004.00	2004.00	2004.00	2004.00	2004.00	2004.00	2004.00	2004.00	2004.00	2004.00	2004.00	2004.00	2004.00	2004.00	2004.00	2004.00	2004.00	2004.00	2005.00	2005.00	2005.00	2005.00	2006.00	2006.00
1992.00	1992.00	1993.00	1993.00	1993.00	1993.00	1993.00	1994.00	1994.00	1994.00	1994.00	1995.00	1995.00	1995.00	1995.00	1995.00	1995.00	1995.00	1996.00	1996.00	1996.00	1996.00	1997.00	1997.00	1997.00	1997.00	1997.00	1997.00	1997.00	1997.00	1997.00	1997.00	1998.00	1998.00	1998.00	1998.00	1999.00	1999.00	1999.00	1999.00	1999.00	2000.00	2000.00	2000.00	2000.00	2001.00	2001.00	2001.00	2002.00	2002.00	2002.00	2002.00	2002.00	2003.00	2003.00	2004.00	2004.00	2005.00	2005.00	2005.00	2006.00	2006.00	2006.00	2006.00	2007.00	2007.00	2008.00	2008.00	2008.00	2008.00	2008.00	2009.00	2009.00	2009.00	2010.00	2010.00	2010.00	2011.00	2011.00	2011.00	2011.00	2011.00	2011.00	2011.00	2011.00	2011.00	2011.00	2011.00	2011.00	2012.00	2012.00	2012.00	2012.00	2012.00	2012.00	2012.00	2012.00	2012.00	2012.00	2012.00	2011.00	2011.00	2011.00	2011.00	2011.00	2011.00	2011.00	2011.00	2011.00	2010.00	2010.00	2010.00	2010.00	2010.00	2010.00	2010.00	2010.00	2010.00	2010.00	2010.00	2010.00	2010.00	2010.00	2010.00	2009.00	2009.00	2009.00	2009.00	2009.00	2009.00	2008.00	2008.00	2008.00	2008.00	2008.00	2007.00	2007.00	2006.00	2006.00	2006.00	2005.00	2005.00	2005.00	2005.00	2004.00	2004.00	2004.00	2003.00	2003.00	2002.00	2002.00	2002.00	2002.00	2001.00	2001.00	2001.00	2001.00	2001.00	2000.00	2000.00	2000.00	2000.00	1999.00	1999.00	1999.00	1999.00	1999.00	1998.00	1998.00	1997.00	1997.00	1997.00	1997.00	1997.00	1997.00	1997.00	1996.00	1996.00	1996.00	1996.00	1996.00	1996.00	1996.00	1996.00	1996.00	1996.00	1996.00	1996.00	1996.00	1996.00	1996.00	1996.00	1997.00	1997.00	1997.00	1997.00	1997.00	1998.00	1998.00	1998.00	1998.00	1999.00	1999.00	1999.00	1999.00	1999.00	2000.00	2000.00	2000.00	2001.00	2001.00	2001.00	2002.00	2002.00	2002.00	2002.00	2002.00	2003.00	2003.00	2003.00	2003.00	2004.00	2004.00	2004.00	2004.00	2004.00	2004.00	2004.00	2004.00	2004.00	2004.00	2004.00	2004.00	2004.00	2004.00	2004.00	2004.00	2004.00	2004.00	2004.00	2004.00	2004.00	2004.00	2004.00	2004.00	2004.00	2004.00	2004.00	2004.00	2004.00	2005.00	2005.00	2005.00	2005.00	2006.00	2006.00
1992.00	1992.00	1993.00	1993.00	1993.00	1993.00	1993.00	1994.00	1994.00	1994.00	1994.00	1995.00	1995.00	1995.00	1995.00	1995.00	1995.00	1995.00	1996.00	1996.00	1996.00	1996.00	1997.00	1997.00	1997.00	1997.00	1997.00	1997.00	1997.00	1997.00	1997.00	1997.00	1998.00	1998.00	1998.00	1998.00	1999.00	1999.00	1999.00	1999.00	1999.00	2000.00	2000.00	2000.00	2000.00	2001.00	2001.00	2001.00	2002.00	2002.00	2002.00	2002.00	2002.00	2003.00	2003.00	2004.00	2004.00	2005.00	2005.00	2005.00	2006.00	2006.00	2006.00	2006.00	2007.00	2007.00	2008.00	2008.00	2008.00	2008.00	2008.00	2009.00	2009.00	2009.00	2010.00	2010.00	2010.00	2011.00	2011.00	2011.00	2011.00	2011.00	2011.00	2011.00	2011.00	2011.00	2011.00	2011.00	2011.00	2012.00	2012.00	2012.00	2012.00	2012.00	2012.00	2012.00	2012.00	2012.00	2012.00	2012.00	2011.00	2011.00	2011.00	2011.00	2011.00	2011.00	2011.00	2011.00	2011.00	2010.00	2010.00	2010.00	2010.00	2010.00	2010.00	2010.00	2010.00	2010.00	2010.00	2010.00	2010.00	2010.00	2010.00	2010.00	2009.00	2009.00	2009.00	2009.00	2009.00	2009.00	2008.00	2008.00	2008.00	2008.00	2008.00	2007.00	2007.00	2006.00	2006.00	2006.00	2005.00	2005.00	2005.00	2005.00	2004.00	2004.00	2004.00	2003.00	2003.00	2002.00	2002.00	2002.00	2002.00	2001.00	2001.00	2001.00	2001.00	2001.00	2000.00	2000.00	2000.00	2000.00	1999.00	1999.00	1999.00	1999.00	1999.00	1998.00	1998.00	1997.00	1997.00	1997.00	1997.00	1997.00	1997.00	1997.00	1996.00	1996.00	1996.00	1996.00	1996.00	1996.00	1996.00	1996.00	1996.00	1996.00	1996.00	1996.00	1996.00	1996.00	1996.00	1996.00	1997.00	1997.00	1997.00	1997.00	1997.00	1998.00	1998.00	1998.00	1998.00	1999.00	1999.00	1999.00	1999.00	1999.00	2000.00	2000.00	2000.00	2001.00	2001.00	2001.00	2002.00	2002.00	2002.00	2002.00	2002.00	2003.00	2003.00	2003.00	2003.00	2004.00	2004.00	2004.00	2004.00	2004.00	2004.00	2004.00	2004.00	2004.00	2004.00	2004.00	2004.00	2004.00	2004.00	2004.00	2004.00	2004.00	2004.00	2004.00	2004.00	2004.00	2004.00	2004.00	2004.00	2004.00	2004.00	2004.00	2004.00	2004.00	2005.00	2005.00	2005.00	2005.00	2006.00	2006.00
1992.00	1992.00	1993.00	1993.00	1993.00	1993.00	1993.00	1994.00	1994.00	1994.00	1994.00	1995.00	1995.00	1995.00	1995.00	1995.00	1995.00	1995.00	1996.00	1996.00	1996.00	1996.00	1997.00	1997.00	1997.00	1997.00	1997.00	1997.00	1997.00	1997.00	1997.00	1997.00	1998.00	1998.00	1998.00	1998.00	1999.00	1999.00	1999.00	1999.00	1999.00	2000.00	2000.00	2000.00	2000.00	2001.00	2001.00	2001.00	2002.00	2002.00	2002.00	2002.00	2002.00	2003.00	2003.00	2004.00	2004.00	2005.00	2005.00	2005.00	2006.00	2006.00	2006.00	2006.00	2007.00	2007.00	2008.00	2008.00	2008.00	2008.00	2008.00	2009.00	2009.00	2009.00	2010.00	2010.00	2010.00	2011.00	2011.00	2011.00	2011.00	2011.00	2011.00	2011.00	2011.00	2011.00	2011.00	2011.00	2011.00	2012.00	2012.00	2012.00	2012.00	2012.00	2012.00	2012.00	2012.00	2012.00	2012.00	2012.00	2011.00	2011.00	2011.00	2011.00	2011.00	2011.00	2011.00	2011.00	2011.00	2010.00	2010.00	2010.00	2010.00	2010.00	2010.00	2010.00	2010.00	2010.00	2010.00	2010.00	2010.00	2010.00	2010.00	2010.00	2009.00	2009.00	2009.00	2009.00	2009.00	2009.00	2008.00	2008.00	2008.00	2008.00	2008.00	2007.00	2007.00	2006.00	2006.00	2006.00	2005.00	2005.00	2005.00	2005.00	2004.00	2004.00	2004.00	2003.00	2003.00	2002.00	2002.00	2002.00	2002.00	2001.00	2001.00	2001.00	2001.00	2001.00	2000.00	2000.00	2000.00	2000.00	1999.00	1999.00	1999.00	1999.00	1999.00	1998.00	1998.00	1997.00	1997.00	1997.00	1997.00	1997.00	1997.00	1997.00	1996.00	1996.00	1996.00	1996.00	1996.00	1996.00	1996.00	1996.00	1996.00	1996.00	1996.00	1996.00	1996.00	1996.00	1996.00	1996.00	1997.00	1997.00	1997.00	1997.00	1997.00	1998.00	1998.00	1998.00	1998.00	1999.00	1999.00	1999.00	1999.00	1999.00	2000.00	2000.00	2000.00	2001.00	2001.00	2001.00	2002.00	2002.00	2002.00	2002.00	2002.00	2003.00	2003.00	2003.00	2003.00	2004.00	2004.00	2004.00	2004.00	2004.00	2004.00	2004.00	2004.00	2004.00	2004.00	2004.00	2004.00	2004.00	2004.00	2004.00	2004.00	2004.00	2004.00	2004.00	2004.00	2004.00	2004.00	2004.00	2004.00	2004.00	2004.00	2004.00	2004.00	2004.00	2005.00	2005.00	2005.00	2005.00	2006.00	2006.00
1992.00	1992.00	1993.00	1993.00	1993.00	1993.00	1993.00	1994.00	1994.00	1994.00	1994.00	1995.00	1995.00	1995.00	1995.00	1995.00	1995.00	1995.00	1996.00	1996.00	1996.00	1996.00	1997.00	1997.00	1997.00	1997.00	1997.00	1997.00	1997.00	1997.00	1997.00	1997.00	1998.00	1998.00	1998.00	1998.00	1999.00	1999.00	1999.00	1999.00	1999.00	2000.00	2000.00	2000.00	2000.00	2001.00	2001.00	2001.00	2002.00	2002.00	2002.00	2002.00	2002.00	2003.00	2003.00	2004.00	2004.00	2005.00	2005.00	2005.00	2006.00	2006.00	2006.00	2006.00	2007.00	2007.00	2008.00	2008.00	2008.00	2008.00	2008.00	2009.00	2009.00	2009.00	2010.00	2010.00	2010.00	2011.00	2011.00	2011.00	2011.00	2011.00	2011.00	2011.00	2011.00	2011.00	2011.00	2011.00	2011.00	2012.00	2012.00	2012.00	2012.00	2012.00	2012.00	2012.00	2012.00	2012.00	2012.00	2012.00	2011.00	2011.00	2011.00	2011.00	2011.00	2011.00	2011.00	2011.00	2011.00	2010.00	2010.00	2010.00	2010.00	2010.00	2010.00	2010.00	2010.00	2010.00	2010.00	2010.00	2010.00	2010.00	2010.00	2010.00	2009.00	2009.00	2009.00	2009.00	2009.00	2009.00	2008.00	2008.00	2008.00	2008.00	2008.00	2007.00	2007.00	2006.00	2006.00	2006.00	2005.00	2005.00	2005.00	2005.00	2004.00	2004.00	2004.00	2003.00	2003.00	2002.00	2002.00	2002.00	2002.00	2001.00	2001.00	2001.00	2001.00	2001.00	2000.00	2000.00	2000.00	2000.00	1999.00	1999.00	1999.00	1999.00	1999.00	1998.00	1998.00	1997.00	1997.00	1997.00	1997.00	1997.00	1997.00	1997.00	1996.00	1996.00	1996.00	1996.00	1996.00	1996.00	1996.00	1996.00	1996.00	1996.00	1996.00	1996.00	1996.00	1996.00	1996.00	1996.00	1997.00	1997.00	1997.00	1997.00	1997.00	1998.00	1998.00	1998.00	1998.00	1999.00	1999.00	1999.00	1999.00	1999.00	2000.00	2000.00	2000.00	2001.00	2001.00	2001.00	2002.00	2002.00	2002.00	2002.00	2002.00	2003.00	2003.00	2003.00	2003.00	2004.00	2004.00	2004.00	2004.00	2004.00	2004.00	2004.00	2004.00	2004.00	2004.00	2004.00	2004.00	2004.00	2004.00	2004.00	2004.00	2004.00	2004.00	2004.00	2004.00	2004.00	2004.00	2004.00	2004.00	2004.00	2004.00	2004.00	2004.00	2004.00	2005.00	2005.00	2005.00	2005.00	2006.00	2006.00
1992.00	1992.00	1993.00	1993.00	1993.00	1993.00	1993.00	1994.00	1994.00	1994.00	1994.00	1995.00	1995.00	1995.00	1995.00	1995.00	1995.00	1995.00	1996.00	1996.00	1996.00	1996.00	1997.00	1997.00	1997.00	1997.00	1997.00	1997.00	1997.00	1997.00	1997.00	1997.00	1998.00	1998.00	1998.00	1998.00	1999.00	1999.00	1999.00	1999.00	1999.00	2000.00	2000.00	2000.00	2000.00	2001.00	2001.00	2001.00	2002.00	2002.00	2002.00	2002.00	2002.00	2003.00	2003.00	2004.00	2004.00	2005.00	2005.00	2005.00	2006.00	2006.00	2006.00	2006.00	2007.00	2007.00	2008.00	2008.00	2008.00	2008.00	2008.00	2009.00	2009.00	2009.00	2010.00	2010.00	2010.00	2011.00	2011.00	2011.00	2011.00	2011.00	2011.00	2011.00	2011.00	2011.00	2011.00	2011.00	2011.00	2012.00	2012.00	2012.00	2012.00	2012.00	2012.00	2012.00	2012.00	2012.00	2012.00	2012.00	2011.00	2011.00	2011.00	2011.00	2011.00	2011.00	2011.00	2011.00	2011.00	2010.00	2010.00	2010.00	2010.00	2010.00	2010.00	2010.00	2010.00	2010.00	2010.00	2010.00	2010.00	2010.00	2010.00	2010.00	2009.00	2009.00	2009.00	2009.00	2009.00	2009.00	2008.00	2008.00	2008.00	2008.00	2008.00	2007.00	2007.00	2006.00	2006.00	2006.00	2005.00	2005.00	2005.00	2005.00	2004.00	2004.00	2004.00	2003.00	2003.00	2002.00	2002.00	2002.00	2002.00	2001.00	2001.00	2001.00	2001.00	2001.00	2000.00	2000.00	2000.00	2000.00	1999.00	1999.00	1999.00	1999.00	1999.00	1998.00	1998.00	1997.00	1997.00	1997.00	1997.00	1997.00	1997.00	1997.00	1996.00	1996.00	1996.00	1996.00	1996.00	1996.00	1996.00	1996.00	1996.00	1996.00	1996.00	1996.00	1996.00	1996.00	1996.00	1996.00	1997.00	1997.00	1997.00	1997.00	1997.00	1998.00	1998.00	1998.00	1998.00	1999.00	1999.00	1999.00	1999.00	1999.00	2000.00	2000.00	2000.00	2001.00	2001.00	2001.00	2002.00	2002.00	2002.00	2002.00	2002.00	2003.00	2003.00	2003.00	2003.00	2004.00	2004.00	2004.00	2004.00	2004.00	2004.00	2004.00	2004.00	2004.00	2004.00	2004.00	2004.00	2004.00	2004.00	2004.00	2004.00	2004.00	2004.00	2004.00	2004.00	2004.00	2004.00	2004.00	2004.00	2004.00	2004.00	2004.00	2004.00	2004.00	2005.00	2005.00	2005.00	2005.00	2006.00	2006.00
1992.00	1992.00	1993.00	1993.00	1993.00	1993.00	1993.00	1994.00	1994.00	1994.00	1994.00	1995.00	1995.00	1995.00	1995.00	1995.00	1995.00	1995.00	1996.00	1996.00	1996.00	1996.00	1997.00	1997.00	1997.00	1997.00	1997.00	1997.00	1997.00	1997.00	1997.00	1997.00	1998.00	1998.00	1998.00	1998.00	1999.00	1999.00	1999.00	1999.00	1999.00	2000.00	2000.00	2000.00	2000.00	2001.00	2001.00	2001.00	2002.00	2002.00	2002.00	2002.00	2002.00	2003.00	2003.00	2004.00	2004.00	2005.00	2005.00	2005.00	2006.00	2006.00	2006.00	2006.00	2007.00	2007.00	2008.00	2008.00	2008.00	2008.00	2008.00	2009.00	2009.00	2009.00	2010.00	2010.00	2010.00	2011.00	2011.00	2011.00	2011.00	2011.00	2011.00	2011.00	2011.00	2011.00	2011.00	2011.00	2011.00	2012.00	2012.00	2012.00	2012.00	2012.00	2012.00	2012.00	2012.00	2012.00	2012.00	2012.00	2011.00	2011.00	2011.00	2011.00	2011.00	2011.00	2011.00	2011.00	2011.00	2010.00	2010.00	2010.00	2010.00	2010.00	2010.00	2010.00	2010.00	2010.00	2010.00	2010.00	2010.00	2010.00	2010.00	2010.00	2009.00	2009.00	2009.00	2009.00	2009.00	2009.00	2008.00	2008.00	2008.00	2008.00	2008.00	2007.00	2007.00	2006.00	2006.00	2006.00	2005.00	2005.00	2005.00	2005.00	2004.00	2004.00	2004.00	2003.00	2003.00	2002.00	2002.00	2002.00	2002.00	2001.00	2001.00	2001.00	2001.00	2001.00	2000.00	2000.00	2000.00	2000.00	1999.00	1999.00	1999.00	1999.00	1999.00	1998.00	1998.00	1997.00	1997.00	1997.00	1997.00	1997.00	1997.00	1997.00	1996.00	1996.00	1996.00	1996.00	1996.00	1996.00	1996.00	1996.00	1996.00	1996.00	1996.00	1996.00	1996.00	1996.00	1996.00	1996.00	1997.00	1997.00	1997.00	1997.00	1997.00	1998.00	1998.00	1998.00	1998.00	1999.00	1999.00	1999.00	1999.00	1999.00	2000.00	2000.00	2000.00	2001.00	2001.00	2001.00	2002.00	2002.00	2002.00	2002.00	2002.00	2003.00	2003.00	2003.00	2003.00	2004.00	2004.00	2004.00	2004.00	2004.00	2004.00	2004.00	2004.00	2004.00	2004.00	2004.00	2004.00	2004.00	2004.00	2004.00	2004.00	2004.00	2004.00	2004.00	2004.00	2004.00	2004.00	2004.00	2004.00	2004.00	2004.00	2004.00	2004.00	2004.00	2005.00	2005.00	2005.00	2005.00	2006.00	2006.00
1992.00	1992.00	1993.00	1993.00	1993.00	1993.00	1993.00	1994.00	1994.00	1994.00	1994.00	1995.00	1995.00	1995.00	1995.00	1995.00	1995.00	1995.00	1996.00	1996.00	1996.00	1996.00	1997.00	1997.00	1997.00	1997.00	1997.00	1997.00	1997.00	1997.00	1997.00	1997.00	1998.00	1998.00	1998.00	1998.00	1999.00	1999.00	1999.00	1999.00	1999.00	2000.00	2000.00	2000.00	2000.00	2001.00	2001.00	2001.00	2002.00	2002.00	2002.00	2002.00	2002.00	2003.00	2003.00	2004.00	2004.00	2005.00	2005.00	2005.00	2006.00	2006.00	2006.00	2006.00	2007.00	2007.00	2008.00	2008.00	2008.00	2008.00	2008.00	2009.00	2009.00	2009.00	2010.00	2010.00	2010.00	2011.00	2011.00	2011.00	2011.00	2011.00	2011.00	2011.00	2011.00	2011.00	2011.00	2011.00	2011.00	2012.00	2012.00	2012.00	2012.00	2012.00	2012.00	2012.00	2012.00	2012.00	2012.00	2012.00	2011.00	2011.00	2011.00	2011.00	2011.00	2011.00	2011.00	2011.00	2011.00	2010.00	2010.00	2010.00	2010.00	2010.00	2010.00	2010.00	2010.00	2010.00	2010.00	2010.00	2010.00	2010.00	2010.00	2010.00	2009.00	2009.00	2009.00	2009.00	2009.00	2009.00	2008.00	2008.00	2008.00	2008.00	2008.00	2007.00	2007.00	2006.00	2006.00	2006.00	2005.00	2005.00	2005.00	2005.00	2004.00	2004.00	2004.00	2003.00	2003.00	2002.00	2002.00	2002.00	2002.00	2001.00	2001.00	2001.00	2001.00	2001.00	2000.00	2000.00	2000.00	2000.00	1999.00	1999.00	1999.00	1999.00	1999.00	1998.00	1998.00	1997.00	1997.00	1997.00	1997.00	1997.00	1997.00	1997.00	1996.00	1996.00	1996.00	1996.00	1996.00	1996.00	1996.00	1996.00	1996.00	1996.00	1996.00	1996.00	1996.00	1996.00	1996.00	1996.00	1997.00	1997.00	1997.00	1997.00	1997.00	1998.00	1998.00	1998.00	1998.00	1999.00	1999.00	1999.00	1999.00	1999.00	2000.00	2000.00	2000.00	2001.00	2001.00	2001.00	2002.00	2002.00	2002.00	2002.00	2002.00	2003.00	2003.00	2003.00	2003.00	2004.00	2004.00	2004.00	2004.00	2004.00	2004.00	2004.00	2004.00	2004.00	2004.00	2004.00	2004.00	2004.00	2004.00	2004.00	2004.00	2004.00	2004.00	2004.00	2004.00	2004.00	2004.00	2004.00	2004.00	2004.00	2004.00	2004.00	2004.00	2004.00	2005.00	2005.00	2005.00	2005.00	2006.00	2006.00
1992.00	1992.00	1993.00	1993.00	1993.00	1993.00	1993.00	1994.00	1994.00	1994.00	1994.00	1995.00	1995.00	1995.00	1995.00	1995.00	1995.00	1995.00	1996.00	1996.00	1996.00	1996.00	1997.00	1997.00	1997.00	1997.00	1997.00	1997.00	1997.00	1997.00	1997.00	1997.00	1998.00	1998.00	1998.00	1998.00	1999.00	1999.00	1999.00	1999.00	1999.00	2000.00	2000.00	2000.00	2000.00	2001.00	2001.00	2001.00	2002.00	2002.00	2002.00	2002.00	2002.00	2003.00	2003.00	2004.00	2004.00	2005.00	2005.00	2005.00	2006.00	2006.00	2006.00	2006.00	2007.00	2007.00	2008.00	2008.00	2008.00	2008.00	2008.00	2009.00	2009.00	2009.00	2010.00	2010.00	2010.00	2011.00	2011.00	2011.00	2011.00	2011.00	2011.00	2011.00	2011.00	2011.00	2011.00	2011.00	2011.00	2012.00	2012.00	2012.00	2012.00	2012.00	2012.00	2012.00	2012.00	2012.00	2012.00	2012.00	2011.00	2011.00	2011.00	2011.00	2011.00	2011.00	2011.00	2011.00	2011.00	2010.00	2010.00	2010.00	2010.00	2010.00	2010.00	2010.00	2010.00	2010.00	2010.00	2010.00	2010.00	2010.00	2010.00	2010.00	2009.00	2009.00	2009.00	2009.00	2009.00	2009.00	2008.00	2008.00	2008.00	2008.00	2008.00	2007.00	2007.00	2006.00	2006.00	2006.00	2005.00	2005.00	2005.00	2005.00	2004.00	2004.00	2004.00	2003.00	2003.00	2002.00	2002.00	2002.00	2002.00	2001.00	2001.00	2001.00	2001.00	2001.00	2000.00	2000.00	2000.00	2000.00	1999.00	1999.00	1999.00	1999.00	1999.00	1998.00	1998.00	1997.00	1997.00	1997.00	1997.00	1997.00	1997.00	1997.00	1996.00	1996.00	1996.00	1996.00	1996.00	1996.00	1996.00	1996.00	1996.00	1996.00	1996.00	1996.00	1996.00	1996.00	1996.00	1996.00	1997.00	1997.00	1997.00	1997.00	1997.00	1998.00	1998.00	1998.00	1998.00	1999.00	1999.00	1999.00	1999.00	1999.00	2000.00	2000.00	2000.00	2001.00	2001.00	2001.00	2002.00	2002.00	2002.00	2002.00	2002.00	2003.00	2003.00	2003.00	2003.00	2004.00	2004.00	2004.00	2004.00	2004.00	2004.00	2004.00	2004.00	2004.00	2004.00	2004.00	2004.00	2004.00	2004.00	2004.00	2004.00	2004.00	2004.00	2004.00	2004.00	2004.00	2004.00	2004.00	2004.00	2004.00	2004.00	2004.00	2004.00	2004.00	2005.00	2005.00	2005.00	2005.00	2006.00	2006.00
1993.00	1993.00	1993.00	1993.00	1993.00	1993.00	1994.00	1994.00	1994.00	1994.00	1995.00	1995.00	1995.00	1995.00	1995.00	1996.00	1996.00	1996.00	1996.00	1997.00	1997.00	1997.00	1997.00	1997.00	1997.00	1998.00	1998.00	1998.00	1998.00	1998.00	1998.00	1998.00	1999.00	1999.00	2000.00	2000.00	2000.00	2001.00	2001.00	2001.00	2001.00	2001.00	2002.00	2002.00	2002.00	2003.00	2003.00	2003.00	2004.00	2004.00	2004.00	2005.00	2005.00	2006.00	2006.00	2007.00	2007.00	2007.00	2007.00	2008.00	2009.00	2009.00	2009.00	2009.00	2011.00	2011.00	2011.00	2011.00	2012.00	2012.00	2012.00	2013.00	2013.00	2013.00	2013.00	2013.00	2013.00	2014.00	2014.00	2014.00	2014.00	2014.00	2014.00	2014.00	2014.00	2014.00	2014.00	2014.00	2014.00	2015.00	2015.00	2015.00	2015.00	2015.00	2015.00	2015.00	2015.00	2015.00	2015.00	2015.00	2015.00	2014.00	2014.00	2014.00	2014.00	2014.00	2014.00	2014.00	2014.00	2014.00	2014.00	2014.00	2013.00	2013.00	2013.00	2013.00	2013.00	2013.00	2013.00	2013.00	2013.00	2013.00	2012.00	2012.00	2012.00	2012.00	2012.00	2012.00	2011.00	2011.00	2011.00	2011.00	2011.00	2011.00	2011.00	2010.00	2010.00	2009.00	2009.00	2009.00	2008.00	2008.00	2008.00	2008.00	2007.00	2007.00	2007.00	2006.00	2006.00	2005.00	2005.00	2004.00	2004.00	2004.00	2003.00	2003.00	2003.00	2003.00	2002.00	2002.00	2001.00	2001.00	2001.00	2000.00	2000.00	2000.00	2000.00	2000.00	1999.00	1999.00	1999.00	1999.00	1999.00	1999.00	1998.00	1998.00	1998.00	1998.00	1998.00	1998.00	1998.00	1998.00	1998.00	1999.00	1999.00	1999.00	1999.00	1999.00	2000.00	2000.00	2000.00	2000.00	2001.00	2001.00	2001.00	2001.00	2001.00	2002.00	2002.00	2002.00	2003.00	2003.00	2003.00	2003.00	2004.00	2004.00	2004.00	2004.00	2005.00	2005.00	2005.00	2005.00	2006.00	2006.00	2006.00	2007.00	2007.00	2007.00	2007.00	2007.00	2007.00	2008.00	2008.00	2008.00	2008.00	2008.00	2008.00	2008.00	2008.00	2008.00	2008.00	2008.00	2008.00	2007.00	2007.00	2007.00	2007.00	2007.00	2007.00	2007.00	2007.00	2008.00	2008.00	2008.00	2008.00	2008.00	2008.00	2008.00	2008.00	2008.00	2008.00	2008.00	2008.00	2008.00	2009.00	2009.00
1993.00	1993.00	1993.00	1993.00	1993.00	1993.00	1994.00	1994.00	1994.00	1994.00	1995.00	1995.00	1995.00	1995.00	1995.00	1996.00	1996.00	1996.00	1996.00	1997.00	1997.00	1997.00	1997.00	1997.00	1997.00	1998.00	1998.00	1998.00	1998.00	1998.00	1998.00	1998.00	1999.00	1999.00	2000.00	2000.00	2000.00	2001.00	2001.00	2001.00	2001.00	2001.00	2002.00	2002.00	2002.00	2003.00	2003.00	2003.00	2004.00	2004.00	2004.00	2005.00	2005.00	2006.00	2006.00	2007.00	2007.00	2007.00	2007.00	2008.00	2009.00	2009.00	2009.00	2009.00	2011.00	2011.00	2011.00	2011.00	2012.00	2012.00	2012.00	2013.00	2013.00	2013.00	2013.00	2013.00	2013.00	2014.00	2014.00	2014.00	2014.00	2014.00	2014.00	2014.00	2014.00	2014.00	2014.00	2014.00	2014.00	2015.00	2015.00	2015.00	2015.00	2015.00	2015.00	2015.00	2015.00	2015.00	2015.00	2015.00	2015.00	2014.00	2014.00	2014.00	2014.00	2014.00	2014.00	2014.00	2014.00	2014.00	2014.00	2014.00	2013.00	2013.00	2013.00	2013.00	2013.00	2013.00	2013.00	2013.00	2013.00	2013.00	2012.00	2012.00	2012.00	2012.00	2012.00	2012.00	2011.00	2011.00	2011.00	2011.00	2011.00	2011.00	2011.00	2010.00	2010.00	2009.00	2009.00	2009.00	2008.00	2008.00	2008.00	2008.00	2007.00	2007.00	2007.00	2006.00	2006.00	2005.00	2005.00	2004.00	2004.00	2004.00	2003.00	2003.00	2003.00	2003.00	2002.00	2002.00	2001.00	2001.00	2001.00	2000.00	2000.00	2000.00	2000.00	2000.00	1999.00	1999.00	1999.00	1999.00	1999.00	1999.00	1998.00	1998.00	1998.00	1998.00	1998.00	1998.00	1998.00	1998.00	1998.00	1999.00	1999.00	1999.00	1999.00	1999.00	2000.00	2000.00	2000.00	2000.00	2001.00	2001.00	2001.00	2001.00	2001.00	2002.00	2002.00	2002.00	2003.00	2003.00	2003.00	2003.00	2004.00	2004.00	2004.00	2004.00	2005.00	2005.00	2005.00	2005.00	2006.00	2006.00	2006.00	2007.00	2007.00	2007.00	2007.00	2007.00	2007.00	2008.00	2008.00	2008.00	2008.00	2008.00	2008.00	2008.00	2008.00	2008.00	2008.00	2008.00	2008.00	2007.00	2007.00	2007.00	2007.00	2007.00	2007.00	2007.00	2007.00	2008.00	2008.00	2008.00	2008.00	2008.00	2008.00	2008.00	2008.00	2008.00	2008.00	2008.00	2008.00	2008.00	2009.00	2009.00
1993.00	1993.00	1993.00	1993.00	1993.00	1993.00	1994.00	1994.00	1994.00	1994.00	1995.00	1995.00	1995.00	1995.00	1995.00	1996.00	1996.00	1996.00	1996.00	1997.00	1997.00	1997.00	1997.00	1997.00	1997.00	1998.00	1998.00	1998.00	1998.00	1998.00	1998.00	1998.00	1999.00	1999.00	2000.00	2000.00	2000.00	2001.00	2001.00	2001.00	2001.00	2001.00	2002.00	2002.00	2002.00	2003.00	2003.00	2003.00	2004.00	2004.00	2004.00	2005.00	2005.00	2006.00	2006.00	2007.00	2007.00	2007.00	2007.00	2008.00	2009.00	2009.00	2009.00	2009.00	2011.00	2011.00	2011.00	2011.00	2012.00	2012.00	2012.00	2013.00	2013.00	2013.00	2013.00	2013.00	2013.00	2014.00	2014.00	2014.00	2014.00	2014.00	2014.00	2014.00	2014.00	2014.00	2014.00	2014.00	2014.00	2015.00	2015.00	2015.00	2015.00	2015.00	2015.00	2015.00	2015.00	2015.00	2015.00	2015.00	2015.00	2014.00	2014.00	2014.00	2014.00	2014.00	2014.00	2014.00	2014.00	2014.00	2014.00	2014.00	2013.00	2013.00	2013.00	2013.00	2013.00	2013.00	2013.00	2013.00	2013.00	2013.00	2012.00	2012.00	2012.00	2012.00	2012.00	2012.00	2011.00	2011.00	2011.00	2011.00	2011.00	2011.00	2011.00	2010.00	2010.00	2009.00	2009.00	2009.00	2008.00	2008.00	2008.00	2008.00	2007.00	2007.00	2007.00	2006.00	2006.00	2005.00	2005.00	2004.00	2004.00	2004.00	2003.00	2003.00	2003.00	2003.00	2002.00	2002.00	2001.00	2001.00	2001.00	2000.00	2000.00	2000.00	2000.00	2000.00	1999.00	1999.00	1999.00	1999.00	1999.00	1999.00	1998.00	1998.00	1998.00	1998.00	1998.00	1998.00	1998.00	1998.00	1998.00	1999.00	1999.00	1999.00	1999.00	1999.00	2000.00	2000.00	2000.00	2000.00	2001.00	2001.00	2001.00	2001.00	2001.00	2002.00	2002.00	2002.00	2003.00	2003.00	2003.00	2003.00	2004.00	2004.00	2004.00	2004.00	2005.00	2005.00	2005.00	2005.00	2006.00	2006.00	2006.00	2007.00	2007.00	2007.00	2007.00	2007.00	2007.00	2008.00	2008.00	2008.00	2008.00	2008.00	2008.00	2008.00	2008.00	2008.00	2008.00	2008.00	2008.00	2007.00	2007.00	2007.00	2007.00	2007.00	2007.00	2007.00	2007.00	2008.00	2008.00	2008.00	2008.00	2008.00	2008.00	2008.00	2008.00	2008.00	2008.00	2008.00	2008.00	2008.00	2009.00	2009.00
1993.00	1993.00	1993.00	1993.00	1993.00	1993.00	1994.00	1994.00	1994.00	1994.00	1995.00	1995.00	1995.00	1995.00	1995.00	1996.00	1996.00	1996.00	1996.00	1997.00	1997.00	1997.00	1997.00	1997.00	1997.00	1998.00	1998.00	1998.00	1998.00	1998.00	1998.00	1998.00	1999.00	1999.00	2000.00	2000.00	2000.00	2001.00	2001.00	2001.00	2001.00	2001.00	2002.00	2002.00	2002.00	2003.00	2003.00	2003.00	2004.00	2004.00	2004.00	2005.00	2005.00	2006.00	2006.00	2007.00	2007.00	2007.00	2007.00	2008.00	2009.00	2009.00	2009.00	2009.00	2011.00	2011.00	2011.00	2011.00	2012.00	2012.00	2012.00	2013.00	2013.00	2013.00	2013.00	2013.00	2013.00	2014.00	2014.00	2014.00	2014.00	2014.00	2014.00	2014.00	2014.00	2014.00	2014.00	2014.00	2014.00	2015.00	2015.00	2015.00	2015.00	2015.00	2015.00	2015.00	2015.00	2015.00	2015.00	2015.00	2015.00	2014.00	2014.00	2014.00	2014.00	2014.00	2014.00	2014.00	2014.00	2014.00	2014.00	2014.00	2013.00	2013.00	2013.00	2013.00	2013.00	2013.00	2013.00	2013.00	2013.00	2013.00	2012.00	2012.00	2012.00	2012.00	2012.00	2012.00	2011.00	2011.00	2011.00	2011.00	2011.00	2011.00	2011.00	2010.00	2010.00	2009.00	2009.00	2009.00	2008.00	2008.00	2008.00	2008.00	2007.00	2007.00	2007.00	2006.00	2006.00	2005.00	2005.00	2004.00	2004.00	2004.00	2003.00	2003.00	2003.00	2003.00	2002.00	2002.00	2001.00	2001.00	2001.00	2000.00	2000.00	2000.00	2000.00	2000.00	1999.00	1999.00	1999.00	1999.00	1999.00	1999.00	1998.00	1998.00	1998.00	1998.00	1998.00	1998.00	1998.00	1998.00	1998.00	1999.00	1999.00	1999.00	1999.00	1999.00	2000.00	2000.00	2000.00	2000.00	2001.00	2001.00	2001.00	2001.00	2001.00	2002.00	2002.00	2002.00	2003.00	2003.00	2003.00	2003.00	2004.00	2004.00	2004.00	2004.00	2005.00	2005.00	2005.00	2005.00	2006.00	2006.00	2006.00	2007.00	2007.00	2007.00	2007.00	2007.00	2007.00	2008.00	2008.00	2008.00	2008.00	2008.00	2008.00	2008.00	2008.00	2008.00	2008.00	2008.00	2008.00	2007.00	2007.00	2007.00	2007.00	2007.00	2007.00	2007.00	2007.00	2008.00	2008.00	2008.00	2008.00	2008.00	2008.00	2008.00	2008.00	2008.00	2008.00	2008.00	2008.00	2008.00	2009.00	2009.00
1993.00	1993.00	1993.00	1993.00	1993.00	1993.00	1994.00	1994.00	1994.00	1994.00	1995.00	1995.00	1995.00	1995.00	1995.00	1996.00	1996.00	1996.00	1996.00	1997.00	1997.00	1997.00	1997.00	1997.00	1997.00	1998.00	1998.00	1998.00	1998.00	1998.00	1998.00	1998.00	1999.00	1999.00	2000.00	2000.00	2000.00	2001.00	2001.00	2001.00	2001.00	2001.00	2002.00	2002.00	2002.00	2003.00	2003.00	2003.00	2004.00	2004.00	2004.00	2005.00	2005.00	2006.00	2006.00	2007.00	2007.00	2007.00	2007.00	2008.00	2009.00	2009.00	2009.00	2009.00	2011.00	2011.00	2011.00	2011.00	2012.00	2012.00	2012.00	2013.00	2013.00	2013.00	2013.00	2013.00	2013.00	2014.00	2014.00	2014.00	2014.00	2014.00	2014.00	2014.00	2014.00	2014.00	2014.00	2014.00	2014.00	2015.00	2015.00	2015.00	2015.00	2015.00	2015.00	2015.00	2015.00	2015.00	2015.00	2015.00	2015.00	2014.00	2014.00	2014.00	2014.00	2014.00	2014.00	2014.00	2014.00	2014.00	2014.00	2014.00	2013.00	2013.00	2013.00	2013.00	2013.00	2013.00	2013.00	2013.00	2013.00	2013.00	2012.00	2012.00	2012.00	2012.00	2012.00	2012.00	2011.00	2011.00	2011.00	2011.00	2011.00	2011.00	2011.00	2010.00	2010.00	2009.00	2009.00	2009.00	2008.00	2008.00	2008.00	2008.00	2007.00	2007.00	2007.00	2006.00	2006.00	2005.00	2005.00	2004.00	2004.00	2004.00	2003.00	2003.00	2003.00	2003.00	2002.00	2002.00	2001.00	2001.00	2001.00	2000.00	2000.00	2000.00	2000.00	2000.00	1999.00	1999.00	1999.00	1999.00	1999.00	1999.00	1998.00	1998.00	1998.00	1998.00	1998.00	1998.00	1998.00	1998.00	1998.00	1999.00	1999.00	1999.00	1999.00	1999.00	2000.00	2000.00	2000.00	2000.00	2001.00	2001.00	2001.00	2001.00	2001.00	2002.00	2002.00	2002.00	2003.00	2003.00	2003.00	2003.00	2004.00	2004.00	2004.00	2004.00	2005.00	2005.00	2005.00	2005.00	2006.00	2006.00	2006.00	2007.00	2007.00	2007.00	2007.00	2007.00	2007.00	2008.00	2008.00	2008.00	2008.00	2008.00	2008.00	2008.00	2008.00	2008.00	2008.00	2008.00	2008.00	2007.00	2007.00	2007.00	2007.00	2007.00	2007.00	2007.00	2007.00	2008.00	2008.00	2008.00	2008.00	2008.00	2008.00	2008.00	2008.00	2008.00	2008.00	2008.00	2008.00	2008.00	2009.00	2009.00
1993.00	1993.00	1993.00	1993.00	1993.00	1993.00	1994.00	1994.00	1994.00	1994.00	1995.00	1995.00	1995.00	1995.00	1995.00	1996.00	1996.00	1996.00	1996.00	1997.00	1997.00	1997.00	1997.00	1997.00	1997.00	1998.00	1998.00	1998.00	1998.00	1998.00	1998.00	1998.00	1999.00	1999.00	2000.00	2000.00	2000.00	2001.00	2001.00	2001.00	2001.00	2001.00	2002.00	2002.00	2002.00	2003.00	2003.00	2003.00	2004.00	2004.00	2004.00	2005.00	2005.00	2006.00	2006.00	2007.00	2007.00	2007.00	2007.00	2008.00	2009.00	2009.00	2009.00	2009.00	2011.00	2011.00	2011.00	2011.00	2012.00	2012.00	2012.00	2013.00	2013.00	2013.00	2013.00	2013.00	2013.00	2014.00	2014.00	2014.00	2014.00	2014.00	2014.00	2014.00	2014.00	2014.00	2014.00	2014.00	2014.00	2015.00	2015.00	2015.00	2015.00	2015.00	2015.00	2015.00	2015.00	2015.00	2015.00	2015.00	2015.00	2014.00	2014.00	2014.00	2014.00	2014.00	2014.00	2014.00	2014.00	2014.00	2014.00	2014.00	2013.00	2013.00	2013.00	2013.00	2013.00	2013.00	2013.00	2013.00	2013.00	2013.00	2012.00	2012.00	2012.00	2012.00	2012.00	2012.00	2011.00	2011.00	2011.00	2011.00	2011.00	2011.00	2011.00	2010.00	2010.00	2009.00	2009.00	2009.00	2008.00	2008.00	2008.00	2008.00	2007.00	2007.00	2007.00	2006.00	2006.00	2005.00	2005.00	2004.00	2004.00	2004.00	2003.00	2003.00	2003.00	2003.00	2002.00	2002.00	2001.00	2001.00	2001.00	2000.00	2000.00	2000.00	2000.00	2000.00	1999.00	1999.00	1999.00	1999.00	1999.00	1999.00	1998.00	1998.00	1998.00	1998.00	1998.00	1998.00	1998.00	1998.00	1998.00	1999.00	1999.00	1999.00	1999.00	1999.00	2000.00	2000.00	2000.00	2000.00	2001.00	2001.00	2001.00	2001.00	2001.00	2002.00	2002.00	2002.00	2003.00	2003.00	2003.00	2003.00	2004.00	2004.00	2004.00	2004.00	2005.00	2005.00	2005.00	2005.00	2006.00	2006.00	2006.00	2007.00	2007.00	2007.00	2007.00	2007.00	2007.00	2008.00	2008.00	2008.00	2008.00	2008.00	2008.00	2008.00	2008.00	2008.00	2008.00	2008.00	2008.00	2007.00	2007.00	2007.00	2007.00	2007.00	2007.00	2007.00	2007.00	2008.00	2008.00	2008.00	2008.00	2008.00	2008.00	2008.00	2008.00	2008.00	2008.00	2008.00	2008.00	2008.00	2009.00	2009.00
1993.00	1993.00	1993.00	1993.00	1993.00	1993.00	1994.00	1994.00	1994.00	1994.00	1995.00	1995.00	1995.00	1995.00	1995.00	1996.00	1996.00	1996.00	1996.00	1997.00	1997.00	1997.00	1997.00	1997.00	1997.00	1998.00	1998.00	1998.00	1998.00	1998.00	1998.00	1998.00	1999.00	1999.00	2000.00	2000.00	2000.00	2001.00	2001.00	2001.00	2001.00	2001.00	2002.00	2002.00	2002.00	2003.00	2003.00	2003.00	2004.00	2004.00	2004.00	2005.00	2005.00	2006.00	2006.00	2007.00	2007.00	2007.00	2007.00	2008.00	2009.00	2009.00	2009.00	2009.00	2011.00	2011.00	2011.00	2011.00	2012.00	2012.00	2012.00	2013.00	2013.00	2013.00	2013.00	2013.00	2013.00	2014.00	2014.00	2014.00	2014.00	2014.00	2014.00	2014.00	2014.00	2014.00	2014.00	2014.00	2014.00	2015.00	2015.00	2015.00	2015.00	2015.00	2015.00	2015.00	2015.00	2015.00	2015.00	2015.00	2015.00	2014.00	2014.00	2014.00	2014.00	2014.00	2014.00	2014.00	2014.00	2014.00	2014.00	2014.00	2013.00	2013.00	2013.00	2013.00	2013.00	2013.00	2013.00	2013.00	2013.00	2013.00	2012.00	2012.00	2012.00	2012.00	2012.00	2012.00	2011.00	2011.00	2011.00	2011.00	2011.00	2011.00	2011.00	2010.00	2010.00	2009.00	2009.00	2009.00	2008.00	2008.00	2008.00	2008.00	2007.00	2007.00	2007.00	2006.00	2006.00	2005.00	2005.00	2004.00	2004.00	2004.00	2003.00	2003.00	2003.00	2003.00	2002.00	2002.00	2001.00	2001.00	2001.00	2000.00	2000.00	2000.00	2000.00	2000.00	1999.00	1999.00	1999.00	1999.00	1999.00	1999.00	1998.00	1998.00	1998.00	1998.00	1998.00	1998.00	1998.00	1998.00	1998.00	1999.00	1999.00	1999.00	1999.00	1999.00	2000.00	2000.00	2000.00	2000.00	2001.00	2001.00	2001.00	2001.00	2001.00	2002.00	2002.00	2002.00	2003.00	2003.00	2003.00	2003.00	2004.00	2004.00	2004.00	2004.00	2005.00	2005.00	2005.00	2005.00	2006.00	2006.00	2006.00	2007.00	2007.00	2007.00	2007.00	2007.00	2007.00	2008.00	2008.00	2008.00	2008.00	2008.00	2008.00	2008.00	2008.00	2008.00	2008.00	2008.00	2008.00	2007.00	2007.00	2007.00	2007.00	2007.00	2007.00	2007.00	2007.00	2008.00	2008.00	2008.00	2008.00	2008.00	2008.00	2008.00	2008.00	2008.00	2008.00	2008.00	2008.00	2008.00	2009.00	2009.00
1993.00	1993.00	1993.00	1993.00	1993.00	1993.00	1994.00	1994.00	1994.00	1994.00	1995.00	1995.00	1995.00	1995.00	1995.00	1996.00	1996.00	1996.00	1996.00	1997.00	1997.00	1997.00	1997.00	1997.00	1997.00	1998.00	1998.00	1998.00	1998.00	1998.00	1998.00	1998.00	1999.00	1999.00	2000.00	2000.00	2000.00	2001.00	2001.00	2001.00	2001.00	2001.00	2002.00	2002.00	2002.00	2003.00	2003.00	2003.00	2004.00	2004.00	2004.00	2005.00	2005.00	2006.00	2006.00	2007.00	2007.00	2007.00	2007.00	2008.00	2009.00	2009.00	2009.00	2009.00	2011.00	2011.00	2011.00	2011.00	2012.00	2012.00	2012.00	2013.00	2013.00	2013.00	2013.00	2013.00	2013.00	2014.00	2014.00	2014.00	2014.00	2014.00	2014.00	2014.00	2014.00	2014.00	2014.00	2014.00	2014.00	2015.00	2015.00	2015.00	2015.00	2015.00	2015.00	2015.00	2015.00	2015.00	2015.00	2015.00	2015.00	2014.00	2014.00	2014.00	2014.00	2014.00	2014.00	2014.00	2014.00	2014.00	2014.00	2014.00	2013.00	2013.00	2013.00	2013.00	2013.00	2013.00	2013.00	2013.00	2013.00	2013.00	2012.00	2012.00	2012.00	2012.00	2012.00	2012.00	2011.00	2011.00	2011.00	2011.00	2011.00	2011.00	2011.00	2010.00	2010.00	2009.00	2009.00	2009.00	2008.00	2008.00	2008.00	2008.00	2007.00	2007.00	2007.00	2006.00	2006.00	2005.00	2005.00	2004.00	2004.00	2004.00	2003.00	2003.00	2003.00	2003.00	2002.00	2002.00	2001.00	2001.00	2001.00	2000.00	2000.00	2000.00	2000.00	2000.00	1999.00	1999.00	1999.00	1999.00	1999.00	1999.00	1998.00	1998.00	1998.00	1998.00	1998.00	1998.00	1998.00	1998.00	1998.00	1999.00	1999.00	1999.00	1999.00	1999.00	2000.00	2000.00	2000.00	2000.00	2001.00	2001.00	2001.00	2001.00	2001.00	2002.00	2002.00	2002.00	2003.00	2003.00	2003.00	2003.00	2004.00	2004.00	2004.00	2004.00	2005.00	2005.00	2005.00	2005.00	2006.00	2006.00	2006.00	2007.00	2007.00	2007.00	2007.00	2007.00	2007.00	2008.00	2008.00	2008.00	2008.00	2008.00	2008.00	2008.00	2008.00	2008.00	2008.00	2008.00	2008.00	2007.00	2007.00	2007.00	2007.00	2007.00	2007.00	2007.00	2007.00	2008.00	2008.00	2008.00	2008.00	2008.00	2008.00	2008.00	2008.00	2008.00	2008.00	2008.00	2008.00	2008.00	2009.00	2009.00
1994.00	1994.00	1994.00	1994.00	1994.00	1994.00	1994.00	1994.00	1994.00	1995.00	1995.00	1995.00	1995.00	1995.00	1995.00	1996.00	1996.00	1996.00	1996.00	1996.00	1996.00	1997.00	1997.00	1997.00	1997.00	1998.00	1998.00	1998.00	1999.00	1999.00	1999.00	1999.00	2000.00	2000.00	2000.00	2000.00	2001.00	2001.00	2001.00	2002.00	2002.00	2002.00	2003.00	2004.00	2004.00	2004.00	2005.00	2005.00	2005.00	2005.00	2006.00	2006.00	2006.00	2007.00	2008.00	2008.00	2008.00	2009.00	2009.00	2009.00	2010.00	2010.00	2011.00	2011.00	2012.00	2012.00	2013.00	2013.00	2013.00	2014.00	2014.00	2014.00	2014.00	2014.00	2015.00	2015.00	2015.00	2016.00	2016.00	2016.00	2016.00	2016.00	2016.00	2016.00	2016.00	2016.00	2016.00	2017.00	2017.00	2017.00	2017.00	2017.00	2017.00	2017.00	2017.00	2017.00	2017.00	2017.00	2017.00	2017.00	2017.00	2017.00	2017.00	2017.00	2017.00	2016.00	2016.00	2016.00	2016.00	2016.00	2016.00	2016.00	2016.00	2016.00	2016.00	2016.00	2016.00	2016.00	2015.00	2015.00	2015.00	2015.00	2015.00	2015.00	2015.00	2015.00	2015.00	2014.00	2014.00	2014.00	2014.00	2014.00	2014.00	2013.00	2013.00	2013.00	2012.00	2012.00	2012.00	2011.00	2011.00	2011.00	2010.00	2010.00	2010.00	2009.00	2009.00	2009.00	2008.00	2007.00	2007.00	2007.00	2007.00	2006.00	2006.00	2006.00	2005.00	2005.00	2004.00	2004.00	2004.00	2004.00	2003.00	2003.00	2003.00	2003.00	2003.00	2003.00	2002.00	2002.00	2002.00	2002.00	2002.00	2002.00	2002.00	2002.00	2002.00	2002.00	2002.00	2002.00	2002.00	2003.00	2003.00	2003.00	2003.00	2003.00	2004.00	2004.00	2004.00	2004.00	2005.00	2005.00	2006.00	2006.00	2006.00	2006.00	2006.00	2007.00	2007.00	2007.00	2008.00	2008.00	2008.00	2009.00	2009.00	2009.00	2009.00	2009.00	2010.00	2010.00	2010.00	2010.00	2011.00	2011.00	2011.00	2011.00	2011.00	2012.00	2012.00	2012.00	2012.00	2012.00	2012.00	2012.00	2012.00	2012.00	2012.00	2012.00	2012.00	2012.00	2012.00	2012.00	2012.00	2011.00	2011.00	2011.00	2011.00	2011.00	2011.00	2011.00	2011.00	2011.00	2011.00	2011.00	2011.00	2011.00	2011.00	2011.00	2011.00	2011.00	2011.00	2011.00	2012.00	2012.00	2012.00	2012.00
1994.00	1994.00	1994.00	1994.00	1994.00	1994.00	1994.00	1994.00	1994.00	1995.00	1995.00	1995.00	1995.00	1995.00	1995.00	1996.00	1996.00	1996.00	1996.00	1996.00	1996.00	1997.00	1997.00	1997.00	1997.00	1998.00	1998.00	1998.00	1999.00	1999.00	1999.00	1999.00	2000.00	2000.00	2000.00	2000.00	2001.00	2001.00	2001.00	2002.00	2002.00	2002.00	2003.00	2004.00	2004.00	2004.00	2005.00	2005.00	2005.00	2005.00	2006.00	2006.00	2006.00	2007.00	2008.00	2008.00	2008.00	2009.00	2009.00	2009.00	2010.00	2010.00	2011.00	2011.00	2012.00	2012.00	2013.00	2013.00	2013.00	2014.00	2014.00	2014.00	2014.00	2014.00	2015.00	2015.00	2015.00	2016.00	2016.00	2016.00	2016.00	2016.00	2016.00	2016.00	2016.00	2016.00	2016.00	2017.00	2017.00	2017.00	2017.00	2017.00	2017.00	2017.00	2017.00	2017.00	2017.00	2017.00	2017.00	2017.00	2017.00	2017.00	2017.00	2017.00	2017.00	2016.00	2016.00	2016.00	2016.00	2016.00	2016.00	2016.00	2016.00	2016.00	2016.00	2016.00	2016.00	2016.00	2015.00	2015.00	2015.00	2015.00	2015.00	2015.00	2015.00	2015.00	2015.00	2014.00	2014.00	2014.00	2014.00	2014.00	2014.00	2013.00	2013.00	2013.00	2012.00	2012.00	2012.00	2011.00	2011.00	2011.00	2010.00	2010.00	2010.00	2009.00	2009.00	2009.00	2008.00	2007.00	2007.00	2007.00	2007.00	2006.00	2006.00	2006.00	2005.00	2005.00	2004.00	2004.00	2004.00	2004.00	2003.00	2003.00	2003.00	2003.00	2003.00	2003.00	2002.00	2002.00	2002.00	2002.00	2002.00	2002.00	2002.00	2002.00	2002.00	2002.00	2002.00	2002.00	2002.00	2003.00	2003.00	2003.00	2003.00	2003.00	2004.00	2004.00	2004.00	2004.00	2005.00	2005.00	2006.00	2006.00	2006.00	2006.00	2006.00	2007.00	2007.00	2007.00	2008.00	2008.00	2008.00	2009.00	2009.00	2009.00	2009.00	2009.00	2010.00	2010.00	2010.00	2010.00	2011.00	2011.00	2011.00	2011.00	2011.00	2012.00	2012.00	2012.00	2012.00	2012.00	2012.00	2012.00	2012.00	2012.00	2012.00	2012.00	2012.00	2012.00	2012.00	2012.00	2012.00	2011.00	2011.00	2011.00	2011.00	2011.00	2011.00	2011.00	2011.00	2011.00	2011.00	2011.00	2011.00	2011.00	2011.00	2011.00	2011.00	2011.00	2011.00	2011.00	2012.00	2012.00	2012.00	2012.00
1994.00	1994.00	1994.00	1994.00	1994.00	1994.00	1994.00	1994.00	1994.00	1995.00	1995.00	1995.00	1995.00	1995.00	1995.00	1996.00	1996.00	1996.00	1996.00	1996.00	1996.00	1997.00	1997.00	1997.00	1997.00	1998.00	1998.00	1998.00	1999.00	1999.00	1999.00	1999.00	2000.00	2000.00	2000.00	2000.00	2001.00	2001.00	2001.00	2002.00	2002.00	2002.00	2003.00	2004.00	2004.00	2004.00	2005.00	2005.00	2005.00	2005.00	2006.00	2006.00	2006.00	2007.00	2008.00	2008.00	2008.00	2009.00	2009.00	2009.00	2010.00	2010.00	2011.00	2011.00	2012.00	2012.00	2013.00	2013.00	2013.00	2014.00	2014.00	2014.00	2014.00	2014.00	2015.00	2015.00	2015.00	2016.00	2016.00	2016.00	2016.00	2016.00	2016.00	2016.00	2016.00	2016.00	2016.00	2017.00	2017.00	2017.00	2017.00	2017.00	2017.00	2017.00	2017.00	2017.00	2017.00	2017.00	2017.00	2017.00	2017.00	2017.00	2017.00	2017.00	2017.00	2016.00	2016.00	2016.00	2016.00	2016.00	2016.00	2016.00	2016.00	2016.00	2016.00	2016.00	2016.00	2016.00	2015.00	2015.00	2015.00	2015.00	2015.00	2015.00	2015.00	2015.00	2015.00	2014.00	2014.00	2014.00	2014.00	2014.00	2014.00	2013.00	2013.00	2013.00	2012.00	2012.00	2012.00	2011.00	2011.00	2011.00	2010.00	2010.00	2010.00	2009.00	2009.00	2009.00	2008.00	2007.00	2007.00	2007.00	2007.00	2006.00	2006.00	2006.00	2005.00	2005.00	2004.00	2004.00	2004.00	2004.00	2003.00	2003.00	2003.00	2003.00	2003.00	2003.00	2002.00	2002.00	2002.00	2002.00	2002.00	2002.00	2002.00	2002.00	2002.00	2002.00	2002.00	2002.00	2002.00	2003.00	2003.00	2003.00	2003.00	2003.00	2004.00	2004.00	2004.00	2004.00	2005.00	2005.00	2006.00	2006.00	2006.00	2006.00	2006.00	2007.00	2007.00	2007.00	2008.00	2008.00	2008.00	2009.00	2009.00	2009.00	2009.00	2009.00	2010.00	2010.00	2010.00	2010.00	2011.00	2011.00	2011.00	2011.00	2011.00	2012.00	2012.00	2012.00	2012.00	2012.00	2012.00	2012.00	2012.00	2012.00	2012.00	2012.00	2012.00	2012.00	2012.00	2012.00	2012.00	2011.00	2011.00	2011.00	2011.00	2011.00	2011.00	2011.00	2011.00	2011.00	2011.00	2011.00	2011.00	2011.00	2011.00	2011.00	2011.00	2011.00	2011.00	2011.00	2012.00	2012.00	2012.00	2012.00
1994.00	1994.00	1994.00	1994.00	1994.00	1994.00	1994.00	1994.00	1994.00	1995.00	1995.00	1995.00	1995.00	1995.00	1995.00	1996.00	1996.00	1996.00	1996.00	1996.00	1996.00	1997.00	1997.00	1997.00	1997.00	1998.00	1998.00	1998.00	1999.00	1999.00	1999.00	1999.00	2000.00	2000.00	2000.00	2000.00	2001.00	2001.00	2001.00	2002.00	2002.00	2002.00	2003.00	2004.00	2004.00	2004.00	2005.00	2005.00	2005.00	2005.00	2006.00	2006.00	2006.00	2007.00	2008.00	2008.00	2008.00	2009.00	2009.00	2009.00	2010.00	2010.00	2011.00	2011.00	2012.00	2012.00	2013.00	2013.00	2013.00	2014.00	2014.00	2014.00	2014.00	2014.00	2015.00	2015.00	2015.00	2016.00	2016.00	2016.00	2016.00	2016.00	2016.00	2016.00	2016.00	2016.00	2016.00	2017.00	2017.00	2017.00	2017.00	2017.00	2017.00	2017.00	2017.00	2017.00	2017.00	2017.00	2017.00	2017.00	2017.00	2017.00	2017.00	2017.00	2017.00	2016.00	2016.00	2016.00	2016.00	2016.00	2016.00	2016.00	2016.00	2016.00	2016.00	2016.00	2016.00	2016.00	2015.00	2015.00	2015.00	2015.00	2015.00	2015.00	2015.00	2015.00	2015.00	2014.00	2014.00	2014.00	2014.00	2014.00	2014.00	2013.00	2013.00	2013.00	2012.00	2012.00	2012.00	2011.00	2011.00	2011.00	2010.00	2010.00	2010.00	2009.00	2009.00	2009.00	2008.00	2007.00	2007.00	2007.00	2007.00	2006.00	2006.00	2006.00	2005.00	2005.00	2004.00	2004.00	2004.00	2004.00	2003.00	2003.00	2003.00	2003.00	2003.00	2003.00	2002.00	2002.00	2002.00	2002.00	2002.00	2002.00	2002.00	2002.00	2002.00	2002.00	2002.00	2002.00	2002.00	2003.00	2003.00	2003.00	2003.00	2003.00	2004.00	2004.00	2004.00	2004.00	2005.00	2005.00	2006.00	2006.00	2006.00	2006.00	2006.00	2007.00	2007.00	2007.00	2008.00	2008.00	2008.00	2009.00	2009.00	2009.00	2009.00	2009.00	2010.00	2010.00	2010.00	2010.00	2011.00	2011.00	2011.00	2011.00	2011.00	2012.00	2012.00	2012.00	2012.00	2012.00	2012.00	2012.00	2012.00	2012.00	2012.00	2012.00	2012.00	2012.00	2012.00	2012.00	2012.00	2011.00	2011.00	2011.00	2011.00	2011.00	2011.00	2011.00	2011.00	2011.00	2011.00	2011.00	2011.00	2011.00	2011.00	2011.00	2011.00	2011.00	2011.00	2011.00	2012.00	2012.00	2012.00	2012.00
1994.00	1994.00	1994.00	1994.00	1994.00	1994.00	1994.00	1994.00	1994.00	1995.00	1995.00	1995.00	1995.00	1995.00	1995.00	1996.00	1996.00	1996.00	1996.00	1996.00	1996.00	1997.00	1997.00	1997.00	1997.00	1998.00	1998.00	1998.00	1999.00	1999.00	1999.00	1999.00	2000.00	2000.00	2000.00	2000.00	2001.00	2001.00	2001.00	2002.00	2002.00	2002.00	2003.00	2004.00	2004.00	2004.00	2005.00	2005.00	2005.00	2005.00	2006.00	2006.00	2006.00	2007.00	2008.00	2008.00	2008.00	2009.00	2009.00	2009.00	2010.00	2010.00	2011.00	2011.00	2012.00	2012.00	2013.00	2013.00	2013.00	2014.00	2014.00	2014.00	2014.00	2014.00	2015.00	2015.00	2015.00	2016.00	2016.00	2016.00	2016.00	2016.00	2016.00	2016.00	2016.00	2016.00	2016.00	2017.00	2017.00	2017.00	2017.00	2017.00	2017.00	2017.00	2017.00	2017.00	2017.00	2017.00	2017.00	2017.00	2017.00	2017.00	2017.00	2017.00	2017.00	2016.00	2016.00	2016.00	2016.00	2016.00	2016.00	2016.00	2016.00	2016.00	2016.00	2016.00	2016.00	2016.00	2015.00	2015.00	2015.00	2015.00	2015.00	2015.00	2015.00	2015.00	2015.00	2014.00	2014.00	2014.00	2014.00	2014.00	2014.00	2013.00	2013.00	2013.00	2012.00	2012.00	2012.00	2011.00	2011.00	2011.00	2010.00	2010.00	2010.00	2009.00	2009.00	2009.00	2008.00	2007.00	2007.00	2007.00	2007.00	2006.00	2006.00	2006.00	2005.00	2005.00	2004.00	2004.00	2004.00	2004.00	2003.00	2003.00	2003.00	2003.00	2003.00	2003.00	2002.00	2002.00	2002.00	2002.00	2002.00	2002.00	2002.00	2002.00	2002.00	2002.00	2002.00	2002.00	2002.00	2003.00	2003.00	2003.00	2003.00	2003.00	2004.00	2004.00	2004.00	2004.00	2005.00	2005.00	2006.00	2006.00	2006.00	2006.00	2006.00	2007.00	2007.00	2007.00	2008.00	2008.00	2008.00	2009.00	2009.00	2009.00	2009.00	2009.00	2010.00	2010.00	2010.00	2010.00	2011.00	2011.00	2011.00	2011.00	2011.00	2012.00	2012.00	2012.00	2012.00	2012.00	2012.00	2012.00	2012.00	2012.00	2012.00	2012.00	2012.00	2012.00	2012.00	2012.00	2012.00	2011.00	2011.00	2011.00	2011.00	2011.00	2011.00	2011.00	2011.00	2011.00	2011.00	2011.00	2011.00	2011.00	2011.00	2011.00	2011.00	2011.00	2011.00	2011.00	2012.00	2012.00	2012.00	2012.00
1994.00	1994.00	1994.00	1994.00	1994.00	1994.00	1994.00	1994.00	1994.00	1995.00	1995.00	1995.00	1995.00	1995.00	1995.00	1996.00	1996.00	1996.00	1996.00	1996.00	1996.00	1997.00	1997.00	1997.00	1997.00	1998.00	1998.00	1998.00	1999.00	1999.00	1999.00	1999.00	2000.00	2000.00	2000.00	2000.00	2001.00	2001.00	2001.00	2002.00	2002.00	2002.00	2003.00	2004.00	2004.00	2004.00	2005.00	2005.00	2005.00	2005.00	2006.00	2006.00	2006.00	2007.00	2008.00	2008.00	2008.00	2009.00	2009.00	2009.00	2010.00	2010.00	2011.00	2011.00	2012.00	2012.00	2013.00	2013.00	2013.00	2014.00	2014.00	2014.00	2014.00	2014.00	2015.00	2015.00	2015.00	2016.00	2016.00	2016.00	2016.00	2016.00	2016.00	2016.00	2016.00	2016.00	2016.00	2017.00	2017.00	2017.00	2017.00	2017.00	2017.00	2017.00	2017.00	2017.00	2017.00	2017.00	2017.00	2017.00	2017.00	2017.00	2017.00	2017.00	2017.00	2016.00	2016.00	2016.00	2016.00	2016.00	2016.00	2016.00	2016.00	2016.00	2016.00	2016.00	2016.00	2016.00	2015.00	2015.00	2015.00	2015.00	2015.00	2015.00	2015.00	2015.00	2015.00	2014.00	2014.00	2014.00	2014.00	2014.00	2014.00	2013.00	2013.00	2013.00	2012.00	2012.00	2012.00	2011.00	2011.00	2011.00	2010.00	2010.00	2010.00	2009.00	2009.00	2009.00	2008.00	2007.00	2007.00	2007.00	2007.00	2006.00	2006.00	2006.00	2005.00	2005.00	2004.00	2004.00	2004.00	2004.00	2003.00	2003.00	2003.00	2003.00	2003.00	2003.00	2002.00	2002.00	2002.00	2002.00	2002.00	2002.00	2002.00	2002.00	2002.00	2002.00	2002.00	2002.00	2002.00	2003.00	2003.00	2003.00	2003.00	2003.00	2004.00	2004.00	2004.00	2004.00	2005.00	2005.00	2006.00	2006.00	2006.00	2006.00	2006.00	2007.00	2007.00	2007.00	2008.00	2008.00	2008.00	2009.00	2009.00	2009.00	2009.00	2009.00	2010.00	2010.00	2010.00	2010.00	2011.00	2011.00	2011.00	2011.00	2011.00	2012.00	2012.00	2012.00	2012.00	2012.00	2012.00	2012.00	2012.00	2012.00	2012.00	2012.00	2012.00	2012.00	2012.00	2012.00	2012.00	2011.00	2011.00	2011.00	2011.00	2011.00	2011.00	2011.00	2011.00	2011.00	2011.00	2011.00	2011.00	2011.00	2011.00	2011.00	2011.00	2011.00	2011.00	2011.00	2012.00	2012.00	2012.00	2012.00
1994.00	1994.00	1994.00	1994.00	1994.00	1994.00	1994.00	1994.00	1994.00	1995.00	1995.00	1995.00	1995.00	1995.00	1995.00	1996.00	1996.00	1996.00	1996.00	1996.00	1996.00	1997.00	1997.00	1997.00	1997.00	1998.00	1998.00	1998.00	1999.00	1999.00	1999.00	1999.00	2000.00	2000.00	2000.00	2000.00	2001.00	2001.00	2001.00	2002.00	2002.00	2002.00	2003.00	2004.00	2004.00	2004.00	2005.00	2005.00	2005.00	2005.00	2006.00	2006.00	2006.00	2007.00	2008.00	2008.00	2008.00	2009.00	2009.00	2009.00	2010.00	2010.00	2011.00	2011.00	2012.00	2012.00	2013.00	2013.00	2013.00	2014.00	2014.00	2014.00	2014.00	2014.00	2015.00	2015.00	2015.00	2016.00	2016.00	2016.00	2016.00	2016.00	2016.00	2016.00	2016.00	2016.00	2016.00	2017.00	2017.00	2017.00	2017.00	2017.00	2017.00	2017.00	2017.00	2017.00	2017.00	2017.00	2017.00	2017.00	2017.00	2017.00	2017.00	2017.00	2017.00	2016.00	2016.00	2016.00	2016.00	2016.00	2016.00	2016.00	2016.00	2016.00	2016.00	2016.00	2016.00	2016.00	2015.00	2015.00	2015.00	2015.00	2015.00	2015.00	2015.00	2015.00	2015.00	2014.00	2014.00	2014.00	2014.00	2014.00	2014.00	2013.00	2013.00	2013.00	2012.00	2012.00	2012.00	2011.00	2011.00	2011.00	2010.00	2010.00	2010.00	2009.00	2009.00	2009.00	2008.00	2007.00	2007.00	2007.00	2007.00	2006.00	2006.00	2006.00	2005.00	2005.00	2004.00	2004.00	2004.00	2004.00	2003.00	2003.00	2003.00	2003.00	2003.00	2003.00	2002.00	2002.00	2002.00	2002.00	2002.00	2002.00	2002.00	2002.00	2002.00	2002.00	2002.00	2002.00	2002.00	2003.00	2003.00	2003.00	2003.00	2003.00	2004.00	2004.00	2004.00	2004.00	2005.00	2005.00	2006.00	2006.00	2006.00	2006.00	2006.00	2007.00	2007.00	2007.00	2008.00	2008.00	2008.00	2009.00	2009.00	2009.00	2009.00	2009.00	2010.00	2010.00	2010.00	2010.00	2011.00	2011.00	2011.00	2011.00	2011.00	2012.00	2012.00	2012.00	2012.00	2012.00	2012.00	2012.00	2012.00	2012.00	2012.00	2012.00	2012.00	2012.00	2012.00	2012.00	2012.00	2011.00	2011.00	2011.00	2011.00	2011.00	2011.00	2011.00	2011.00	2011.00	2011.00	2011.00	2011.00	2011.00	2011.00	2011.00	2011.00	2011.00	2011.00	2011.00	2012.00	2012.00	2012.00	2012.00
1994.00	1994.00	1994.00	1994.00	1994.00	1994.00	1994.00	1994.00	1994.00	1995.00	1995.00	1995.00	1995.00	1995.00	1995.00	1996.00	1996.00	1996.00	1996.00	1996.00	1996.00	1997.00	1997.00	1997.00	1997.00	1998.00	1998.00	1998.00	1999.00	1999.00	1999.00	1999.00	2000.00	2000.00	2000.00	2000.00	2001.00	2001.00	2001.00	2002.00	2002.00	2002.00	2003.00	2004.00	2004.00	2004.00	2005.00	2005.00	2005.00	2005.00	2006.00	2006.00	2006.00	2007.00	2008.00	2008.00	2008.00	2009.00	2009.00	2009.00	2010.00	2010.00	2011.00	2011.00	2012.00	2012.00	2013.00	2013.00	2013.00	2014.00	2014.00	2014.00	2014.00	2014.00	2015.00	2015.00	2015.00	2016.00	2016.00	2016.00	2016.00	2016.00	2016.00	2016.00	2016.00	2016.00	2016.00	2017.00	2017.00	2017.00	2017.00	2017.00	2017.00	2017.00	2017.00	2017.00	2017.00	2017.00	2017.00	2017.00	2017.00	2017.00	2017.00	2017.00	2017.00	2016.00	2016.00	2016.00	2016.00	2016.00	2016.00	2016.00	2016.00	2016.00	2016.00	2016.00	2016.00	2016.00	2015.00	2015.00	2015.00	2015.00	2015.00	2015.00	2015.00	2015.00	2015.00	2014.00	2014.00	2014.00	2014.00	2014.00	2014.00	2013.00	2013.00	2013.00	2012.00	2012.00	2012.00	2011.00	2011.00	2011.00	2010.00	2010.00	2010.00	2009.00	2009.00	2009.00	2008.00	2007.00	2007.00	2007.00	2007.00	2006.00	2006.00	2006.00	2005.00	2005.00	2004.00	2004.00	2004.00	2004.00	2003.00	2003.00	2003.00	2003.00	2003.00	2003.00	2002.00	2002.00	2002.00	2002.00	2002.00	2002.00	2002.00	2002.00	2002.00	2002.00	2002.00	2002.00	2002.00	2003.00	2003.00	2003.00	2003.00	2003.00	2004.00	2004.00	2004.00	2004.00	2005.00	2005.00	2006.00	2006.00	2006.00	2006.00	2006.00	2007.00	2007.00	2007.00	2008.00	2008.00	2008.00	2009.00	2009.00	2009.00	2009.00	2009.00	2010.00	2010.00	2010.00	2010.00	2011.00	2011.00	2011.00	2011.00	2011.00	2012.00	2012.00	2012.00	2012.00	2012.00	2012.00	2012.00	2012.00	2012.00	2012.00	2012.00	2012.00	2012.00	2012.00	2012.00	2012.00	2011.00	2011.00	2011.00	2011.00	2011.00	2011.00	2011.00	2011.00	2011.00	2011.00	2011.00	2011.00	2011.00	2011.00	2011.00	2011.00	2011.00	2011.00	2011.00	2012.00	2012.00	2012.00	2012.00
1994.00	1994.00	1994.00	1994.00	1994.00	1994.00	1994.00	1994.00	1994.00	1995.00	1995.00	1995.00	1995.00	1995.00	1995.00	1996.00	1996.00	1996.00	1996.00	1996.00	1996.00	1997.00	1997.00	1997.00	1997.00	1998.00	1998.00	1998.00	1999.00	1999.00	1999.00	1999.00	2000.00	2000.00	2000.00	2000.00	2001.00	2001.00	2001.00	2002.00	2002.00	2002.00	2003.00	2004.00	2004.00	2004.00	2005.00	2005.00	2005.00	2005.00	2006.00	2006.00	2006.00	2007.00	2008.00	2008.00	2008.00	2009.00	2009.00	2009.00	2010.00	2010.00	2011.00	2011.00	2012.00	2012.00	2013.00	2013.00	2013.00	2014.00	2014.00	2014.00	2014.00	2014.00	2015.00	2015.00	2015.00	2016.00	2016.00	2016.00	2016.00	2016.00	2016.00	2016.00	2016.00	2016.00	2016.00	2017.00	2017.00	2017.00	2017.00	2017.00	2017.00	2017.00	2017.00	2017.00	2017.00	2017.00	2017.00	2017.00	2017.00	2017.00	2017.00	2017.00	2017.00	2016.00	2016.00	2016.00	2016.00	2016.00	2016.00	2016.00	2016.00	2016.00	2016.00	2016.00	2016.00	2016.00	2015.00	2015.00	2015.00	2015.00	2015.00	2015.00	2015.00	2015.00	2015.00	2014.00	2014.00	2014.00	2014.00	2014.00	2014.00	2013.00	2013.00	2013.00	2012.00	2012.00	2012.00	2011.00	2011.00	2011.00	2010.00	2010.00	2010.00	2009.00	2009.00	2009.00	2008.00	2007.00	2007.00	2007.00	2007.00	2006.00	2006.00	2006.00	2005.00	2005.00	2004.00	2004.00	2004.00	2004.00	2003.00	2003.00	2003.00	2003.00	2003.00	2003.00	2002.00	2002.00	2002.00	2002.00	2002.00	2002.00	2002.00	2002.00	2002.00	2002.00	2002.00	2002.00	2002.00	2003.00	2003.00	2003.00	2003.00	2003.00	2004.00	2004.00	2004.00	2004.00	2005.00	2005.00	2006.00	2006.00	2006.00	2006.00	2006.00	2007.00	2007.00	2007.00	2008.00	2008.00	2008.00	2009.00	2009.00	2009.00	2009.00	2009.00	2010.00	2010.00	2010.00	2010.00	2011.00	2011.00	2011.00	2011.00	2011.00	2012.00	2012.00	2012.00	2012.00	2012.00	2012.00	2012.00	2012.00	2012.00	2012.00	2012.00	2012.00	2012.00	2012.00	2012.00	2012.00	2011.00	2011.00	2011.00	2011.00	2011.00	2011.00	2011.00	2011.00	2011.00	2011.00	2011.00	2011.00	2011.00	2011.00	2011.00	2011.00	2011.00	2011.00	2011.00	2012.00	2012.00	2012.00	2012.00
1994.00	1994.00	1994.00	1994.00	1994.00	1994.00	1994.00	1994.00	1994.00	1994.00	1994.00	1995.00	1995.00	1995.00	1995.00	1995.00	1995.00	1995.00	1996.00	1996.00	1996.00	1996.00	1997.00	1997.00	1997.00	1998.00	1998.00	1998.00	1999.00	1999.00	1999.00	1999.00	2000.00	2000.00	2001.00	2001.00	2001.00	2002.00	2002.00	2002.00	2002.00	2003.00	2003.00	2004.00	2004.00	2005.00	2005.00	2005.00	2006.00	2006.00	2007.00	2007.00	2007.00	2008.00	2009.00	2009.00	2009.00	2010.00	2010.00	2011.00	2011.00	2011.00	2012.00	2012.00	2013.00	2013.00	2013.00	2013.00	2013.00	2014.00	2014.00	2014.00	2014.00	2015.00	2015.00	2016.00	2016.00	2016.00	2017.00	2017.00	2017.00	2017.00	2017.00	2017.00	2017.00	2018.00	2018.00	2018.00	2018.00	2018.00	2018.00	2018.00	2018.00	2018.00	2018.00	2019.00	2018.00	2018.00	2018.00	2018.00	2018.00	2018.00	2018.00	2018.00	2018.00	2018.00	2018.00	2018.00	2018.00	2018.00	2018.00	2018.00	2018.00	2018.00	2018.00	2018.00	2018.00	2018.00	2017.00	2017.00	2017.00	2017.00	2017.00	2017.00	2017.00	2017.00	2017.00	2017.00	2017.00	2017.00	2016.00	2016.00	2016.00	2016.00	2016.00	2015.00	2015.00	2014.00	2014.00	2014.00	2013.00	2013.00	2013.00	2013.00	2012.00	2012.00	2012.00	2011.00	2011.00	2011.00	2011.00	2010.00	2010.00	2010.00	2009.00	2009.00	2009.00	2009.00	2007.00	2007.00	2007.00	2007.00	2007.00	2007.00	2007.00	2007.00	2007.00	2006.00	2006.00	2006.00	2006.00	2006.00	2007.00	2007.00	2007.00	2007.00	2007.00	2007.00	2007.00	2007.00	2008.00	2008.00	2008.00	2008.00	2008.00	2009.00	2009.00	2009.00	2010.00	2010.00	2011.00	2011.00	2011.00	2011.00	2011.00	2012.00	2012.00	2012.00	2012.00	2013.00	2013.00	2014.00	2014.00	2014.00	2014.00	2014.00	2015.00	2015.00	2015.00	2015.00	2015.00	2016.00	2016.00	2016.00	2016.00	2016.00	2016.00	2016.00	2016.00	2016.00	2016.00	2016.00	2016.00	2016.00	2016.00	2016.00	2016.00	2016.00	2016.00	2016.00	2015.00	2015.00	2015.00	2015.00	2015.00	2015.00	2015.00	2015.00	2015.00	2014.00	2014.00	2014.00	2014.00	2014.00	2014.00	2014.00	2014.00	2015.00	2015.00	2015.00	2015.00	2015.00	2015.00	2016.00	2016.00	2016.00
1994.00	1994.00	1994.00	1994.00	1994.00	1994.00	1994.00	1994.00	1994.00	1994.00	1994.00	1995.00	1995.00	1995.00	1995.00	1995.00	1995.00	1995.00	1996.00	1996.00	1996.00	1996.00	1997.00	1997.00	1997.00	1998.00	1998.00	1998.00	1999.00	1999.00	1999.00	1999.00	2000.00	2000.00	2001.00	2001.00	2001.00	2002.00	2002.00	2002.00	2002.00	2003.00	2003.00	2004.00	2004.00	2005.00	2005.00	2005.00	2006.00	2006.00	2007.00	2007.00	2007.00	2008.00	2009.00	2009.00	2009.00	2010.00	2010.00	2011.00	2011.00	2011.00	2012.00	2012.00	2013.00	2013.00	2013.00	2013.00	2013.00	2014.00	2014.00	2014.00	2014.00	2015.00	2015.00	2016.00	2016.00	2016.00	2017.00	2017.00	2017.00	2017.00	2017.00	2017.00	2017.00	2018.00	2018.00	2018.00	2018.00	2018.00	2018.00	2018.00	2018.00	2018.00	2018.00	2019.00	2018.00	2018.00	2018.00	2018.00	2018.00	2018.00	2018.00	2018.00	2018.00	2018.00	2018.00	2018.00	2018.00	2018.00	2018.00	2018.00	2018.00	2018.00	2018.00	2018.00	2018.00	2018.00	2017.00	2017.00	2017.00	2017.00	2017.00	2017.00	2017.00	2017.00	2017.00	2017.00	2017.00	2017.00	2016.00	2016.00	2016.00	2016.00	2016.00	2015.00	2015.00	2014.00	2014.00	2014.00	2013.00	2013.00	2013.00	2013.00	2012.00	2012.00	2012.00	2011.00	2011.00	2011.00	2011.00	2010.00	2010.00	2010.00	2009.00	2009.00	2009.00	2009.00	2007.00	2007.00	2007.00	2007.00	2007.00	2007.00	2007.00	2007.00	2007.00	2006.00	2006.00	2006.00	2006.00	2006.00	2007.00	2007.00	2007.00	2007.00	2007.00	2007.00	2007.00	2007.00	2008.00	2008.00	2008.00	2008.00	2008.00	2009.00	2009.00	2009.00	2010.00	2010.00	2011.00	2011.00	2011.00	2011.00	2011.00	2012.00	2012.00	2012.00	2012.00	2013.00	2013.00	2014.00	2014.00	2014.00	2014.00	2014.00	2015.00	2015.00	2015.00	2015.00	2015.00	2016.00	2016.00	2016.00	2016.00	2016.00	2016.00	2016.00	2016.00	2016.00	2016.00	2016.00	2016.00	2016.00	2016.00	2016.00	2016.00	2016.00	2016.00	2016.00	2015.00	2015.00	2015.00	2015.00	2015.00	2015.00	2015.00	2015.00	2015.00	2014.00	2014.00	2014.00	2014.00	2014.00	2014.00	2014.00	2014.00	2015.00	2015.00	2015.00	2015.00	2015.00	2015.00	2016.00	2016.00	2016.00
1994.00	1994.00	1994.00	1994.00	1994.00	1994.00	1994.00	1994.00	1994.00	1994.00	1994.00	1995.00	1995.00	1995.00	1995.00	1995.00	1995.00	1995.00	1996.00	1996.00	1996.00	1996.00	1997.00	1997.00	1997.00	1998.00	1998.00	1998.00	1999.00	1999.00	1999.00	1999.00	2000.00	2000.00	2001.00	2001.00	2001.00	2002.00	2002.00	2002.00	2002.00	2003.00	2003.00	2004.00	2004.00	2005.00	2005.00	2005.00	2006.00	2006.00	2007.00	2007.00	2007.00	2008.00	2009.00	2009.00	2009.00	2010.00	2010.00	2011.00	2011.00	2011.00	2012.00	2012.00	2013.00	2013.00	2013.00	2013.00	2013.00	2014.00	2014.00	2014.00	2014.00	2015.00	2015.00	2016.00	2016.00	2016.00	2017.00	2017.00	2017.00	2017.00	2017.00	2017.00	2017.00	2018.00	2018.00	2018.00	2018.00	2018.00	2018.00	2018.00	2018.00	2018.00	2018.00	2019.00	2018.00	2018.00	2018.00	2018.00	2018.00	2018.00	2018.00	2018.00	2018.00	2018.00	2018.00	2018.00	2018.00	2018.00	2018.00	2018.00	2018.00	2018.00	2018.00	2018.00	2018.00	2018.00	2017.00	2017.00	2017.00	2017.00	2017.00	2017.00	2017.00	2017.00	2017.00	2017.00	2017.00	2017.00	2016.00	2016.00	2016.00	2016.00	2016.00	2015.00	2015.00	2014.00	2014.00	2014.00	2013.00	2013.00	2013.00	2013.00	2012.00	2012.00	2012.00	2011.00	2011.00	2011.00	2011.00	2010.00	2010.00	2010.00	2009.00	2009.00	2009.00	2009.00	2007.00	2007.00	2007.00	2007.00	2007.00	2007.00	2007.00	2007.00	2007.00	2006.00	2006.00	2006.00	2006.00	2006.00	2007.00	2007.00	2007.00	2007.00	2007.00	2007.00	2007.00	2007.00	2008.00	2008.00	2008.00	2008.00	2008.00	2009.00	2009.00	2009.00	2010.00	2010.00	2011.00	2011.00	2011.00	2011.00	2011.00	2012.00	2012.00	2012.00	2012.00	2013.00	2013.00	2014.00	2014.00	2014.00	2014.00	2014.00	2015.00	2015.00	2015.00	2015.00	2015.00	2016.00	2016.00	2016.00	2016.00	2016.00	2016.00	2016.00	2016.00	2016.00	2016.00	2016.00	2016.00	2016.00	2016.00	2016.00	2016.00	2016.00	2016.00	2016.00	2015.00	2015.00	2015.00	2015.00	2015.00	2015.00	2015.00	2015.00	2015.00	2014.00	2014.00	2014.00	2014.00	2014.00	2014.00	2014.00	2014.00	2015.00	2015.00	2015.00	2015.00	2015.00	2015.00	2016.00	2016.00	2016.00
1994.00	1994.00	1994.00	1994.00	1994.00	1994.00	1994.00	1994.00	1994.00	1994.00	1994.00	1995.00	1995.00	1995.00	1995.00	1995.00	1995.00	1995.00	1996.00	1996.00	1996.00	1996.00	1997.00	1997.00	1997.00	1998.00	1998.00	1998.00	1999.00	1999.00	1999.00	1999.00	2000.00	2000.00	2001.00	2001.00	2001.00	2002.00	2002.00	2002.00	2002.00	2003.00	2003.00	2004.00	2004.00	2005.00	2005.00	2005.00	2006.00	2006.00	2007.00	2007.00	2007.00	2008.00	2009.00	2009.00	2009.00	2010.00	2010.00	2011.00	2011.00	2011.00	2012.00	2012.00	2013.00	2013.00	2013.00	2013.00	2013.00	2014.00	2014.00	2014.00	2014.00	2015.00	2015.00	2016.00	2016.00	2016.00	2017.00	2017.00	2017.00	2017.00	2017.00	2017.00	2017.00	2018.00	2018.00	2018.00	2018.00	2018.00	2018.00	2018.00	2018.00	2018.00	2018.00	2019.00	2018.00	2018.00	2018.00	2018.00	2018.00	2018.00	2018.00	2018.00	2018.00	2018.00	2018.00	2018.00	2018.00	2018.00	2018.00	2018.00	2018.00	2018.00	2018.00	2018.00	2018.00	2018.00	2017.00	2017.00	2017.00	2017.00	2017.00	2017.00	2017.00	2017.00	2017.00	2017.00	2017.00	2017.00	2016.00	2016.00	2016.00	2016.00	2016.00	2015.00	2015.00	2014.00	2014.00	2014.00	2013.00	2013.00	2013.00	2013.00	2012.00	2012.00	2012.00	2011.00	2011.00	2011.00	2011.00	2010.00	2010.00	2010.00	2009.00	2009.00	2009.00	2009.00	2007.00	2007.00	2007.00	2007.00	2007.00	2007.00	2007.00	2007.00	2007.00	2006.00	2006.00	2006.00	2006.00	2006.00	2007.00	2007.00	2007.00	2007.00	2007.00	2007.00	2007.00	2007.00	2008.00	2008.00	2008.00	2008.00	2008.00	2009.00	2009.00	2009.00	2010.00	2010.00	2011.00	2011.00	2011.00	2011.00	2011.00	2012.00	2012.00	2012.00	2012.00	2013.00	2013.00	2014.00	2014.00	2014.00	2014.00	2014.00	2015.00	2015.00	2015.00	2015.00	2015.00	2016.00	2016.00	2016.00	2016.00	2016.00	2016.00	2016.00	2016.00	2016.00	2016.00	2016.00	2016.00	2016.00	2016.00	2016.00	2016.00	2016.00	2016.00	2016.00	2015.00	2015.00	2015.00	2015.00	2015.00	2015.00	2015.00	2015.00	2015.00	2014.00	2014.00	2014.00	2014.00	2014.00	2014.00	2014.00	2014.00	2015.00	2015.00	2015.00	2015.00	2015.00	2015.00	2016.00	2016.00	2016.00
1994.00	1994.00	1994.00	1994.00	1994.00	1994.00	1994.00	1994.00	1994.00	1994.00	1994.00	1995.00	1995.00	1995.00	1995.00	1995.00	1995.00	1995.00	1996.00	1996.00	1996.00	1996.00	1997.00	1997.00	1997.00	1998.00	1998.00	1998.00	1999.00	1999.00	1999.00	1999.00	2000.00	2000.00	2001.00	2001.00	2001.00	2002.00	2002.00	2002.00	2002.00	2003.00	2003.00	2004.00	2004.00	2005.00	2005.00	2005.00	2006.00	2006.00	2007.00	2007.00	2007.00	2008.00	2009.00	2009.00	2009.00	2010.00	2010.00	2011.00	2011.00	2011.00	2012.00	2012.00	2013.00	2013.00	2013.00	2013.00	2013.00	2014.00	2014.00	2014.00	2014.00	2015.00	2015.00	2016.00	2016.00	2016.00	2017.00	2017.00	2017.00	2017.00	2017.00	2017.00	2017.00	2018.00	2018.00	2018.00	2018.00	2018.00	2018.00	2018.00	2018.00	2018.00	2018.00	2019.00	2018.00	2018.00	2018.00	2018.00	2018.00	2018.00	2018.00	2018.00	2018.00	2018.00	2018.00	2018.00	2018.00	2018.00	2018.00	2018.00	2018.00	2018.00	2018.00	2018.00	2018.00	2018.00	2017.00	2017.00	2017.00	2017.00	2017.00	2017.00	2017.00	2017.00	2017.00	2017.00	2017.00	2017.00	2016.00	2016.00	2016.00	2016.00	2016.00	2015.00	2015.00	2014.00	2014.00	2014.00	2013.00	2013.00	2013.00	2013.00	2012.00	2012.00	2012.00	2011.00	2011.00	2011.00	2011.00	2010.00	2010.00	2010.00	2009.00	2009.00	2009.00	2009.00	2007.00	2007.00	2007.00	2007.00	2007.00	2007.00	2007.00	2007.00	2007.00	2006.00	2006.00	2006.00	2006.00	2006.00	2007.00	2007.00	2007.00	2007.00	2007.00	2007.00	2007.00	2007.00	2008.00	2008.00	2008.00	2008.00	2008.00	2009.00	2009.00	2009.00	2010.00	2010.00	2011.00	2011.00	2011.00	2011.00	2011.00	2012.00	2012.00	2012.00	2012.00	2013.00	2013.00	2014.00	2014.00	2014.00	2014.00	2014.00	2015.00	2015.00	2015.00	2015.00	2015.00	2016.00	2016.00	2016.00	2016.00	2016.00	2016.00	2016.00	2016.00	2016.00	2016.00	2016.00	2016.00	2016.00	2016.00	2016.00	2016.00	2016.00	2016.00	2016.00	2015.00	2015.00	2015.00	2015.00	2015.00	2015.00	2015.00	2015.00	2015.00	2014.00	2014.00	2014.00	2014.00	2014.00	2014.00	2014.00	2014.00	2015.00	2015.00	2015.00	2015.00	2015.00	2015.00	2016.00	2016.00	2016.00
1994.00	1994.00	1994.00	1994.00	1994.00	1994.00	1994.00	1994.00	1994.00	1994.00	1994.00	1995.00	1995.00	1995.00	1995.00	1995.00	1995.00	1995.00	1996.00	1996.00	1996.00	1996.00	1997.00	1997.00	1997.00	1998.00	1998.00	1998.00	1999.00	1999.00	1999.00	1999.00	2000.00	2000.00	2001.00	2001.00	2001.00	2002.00	2002.00	2002.00	2002.00	2003.00	2003.00	2004.00	2004.00	2005.00	2005.00	2005.00	2006.00	2006.00	2007.00	2007.00	2007.00	2008.00	2009.00	2009.00	2009.00	2010.00	2010.00	2011.00	2011.00	2011.00	2012.00	2012.00	2013.00	2013.00	2013.00	2013.00	2013.00	2014.00	2014.00	2014.00	2014.00	2015.00	2015.00	2016.00	2016.00	2016.00	2017.00	2017.00	2017.00	2017.00	2017.00	2017.00	2017.00	2018.00	2018.00	2018.00	2018.00	2018.00	2018.00	2018.00	2018.00	2018.00	2018.00	2019.00	2018.00	2018.00	2018.00	2018.00	2018.00	2018.00	2018.00	2018.00	2018.00	2018.00	2018.00	2018.00	2018.00	2018.00	2018.00	2018.00	2018.00	2018.00	2018.00	2018.00	2018.00	2018.00	2017.00	2017.00	2017.00	2017.00	2017.00	2017.00	2017.00	2017.00	2017.00	2017.00	2017.00	2017.00	2016.00	2016.00	2016.00	2016.00	2016.00	2015.00	2015.00	2014.00	2014.00	2014.00	2013.00	2013.00	2013.00	2013.00	2012.00	2012.00	2012.00	2011.00	2011.00	2011.00	2011.00	2010.00	2010.00	2010.00	2009.00	2009.00	2009.00	2009.00	2007.00	2007.00	2007.00	2007.00	2007.00	2007.00	2007.00	2007.00	2007.00	2006.00	2006.00	2006.00	2006.00	2006.00	2007.00	2007.00	2007.00	2007.00	2007.00	2007.00	2007.00	2007.00	2008.00	2008.00	2008.00	2008.00	2008.00	2009.00	2009.00	2009.00	2010.00	2010.00	2011.00	2011.00	2011.00	2011.00	2011.00	2012.00	2012.00	2012.00	2012.00	2013.00	2013.00	2014.00	2014.00	2014.00	2014.00	2014.00	2015.00	2015.00	2015.00	2015.00	2015.00	2016.00	2016.00	2016.00	2016.00	2016.00	2016.00	2016.00	2016.00	2016.00	2016.00	2016.00	2016.00	2016.00	2016.00	2016.00	2016.00	2016.00	2016.00	2016.00	2015.00	2015.00	2015.00	2015.00	2015.00	2015.00	2015.00	2015.00	2015.00	2014.00	2014.00	2014.00	2014.00	2014.00	2014.00	2014.00	2014.00	2015.00	2015.00	2015.00	2015.00	2015.00	2015.00	2016.00	2016.00	2016.00
1994.00	1994.00	1994.00	1994.00	1994.00	1994.00	1994.00	1994.00	1994.00	1994.00	1994.00	1995.00	1995.00	1995.00	1995.00	1995.00	1995.00	1995.00	1996.00	1996.00	1996.00	1996.00	1997.00	1997.00	1997.00	1998.00	1998.00	1998.00	1999.00	1999.00	1999.00	1999.00	2000.00	2000.00	2001.00	2001.00	2001.00	2002.00	2002.00	2002.00	2002.00	2003.00	2003.00	2004.00	2004.00	2005.00	2005.00	2005.00	2006.00	2006.00	2007.00	2007.00	2007.00	2008.00	2009.00	2009.00	2009.00	2010.00	2010.00	2011.00	2011.00	2011.00	2012.00	2012.00	2013.00	2013.00	2013.00	2013.00	2013.00	2014.00	2014.00	2014.00	2014.00	2015.00	2015.00	2016.00	2016.00	2016.00	2017.00	2017.00	2017.00	2017.00	2017.00	2017.00	2017.00	2018.00	2018.00	2018.00	2018.00	2018.00	2018.00	2018.00	2018.00	2018.00	2018.00	2019.00	2018.00	2018.00	2018.00	2018.00	2018.00	2018.00	2018.00	2018.00	2018.00	2018.00	2018.00	2018.00	2018.00	2018.00	2018.00	2018.00	2018.00	2018.00	2018.00	2018.00	2018.00	2018.00	2017.00	2017.00	2017.00	2017.00	2017.00	2017.00	2017.00	2017.00	2017.00	2017.00	2017.00	2017.00	2016.00	2016.00	2016.00	2016.00	2016.00	2015.00	2015.00	2014.00	2014.00	2014.00	2013.00	2013.00	2013.00	2013.00	2012.00	2012.00	2012.00	2011.00	2011.00	2011.00	2011.00	2010.00	2010.00	2010.00	2009.00	2009.00	2009.00	2009.00	2007.00	2007.00	2007.00	2007.00	2007.00	2007.00	2007.00	2007.00	2007.00	2006.00	2006.00	2006.00	2006.00	2006.00	2007.00	2007.00	2007.00	2007.00	2007.00	2007.00	2007.00	2007.00	2008.00	2008.00	2008.00	2008.00	2008.00	2009.00	2009.00	2009.00	2010.00	2010.00	2011.00	2011.00	2011.00	2011.00	2011.00	2012.00	2012.00	2012.00	2012.00	2013.00	2013.00	2014.00	2014.00	2014.00	2014.00	2014.00	2015.00	2015.00	2015.00	2015.00	2015.00	2016.00	2016.00	2016.00	2016.00	2016.00	2016.00	2016.00	2016.00	2016.00	2016.00	2016.00	2016.00	2016.00	2016.00	2016.00	2016.00	2016.00	2016.00	2016.00	2015.00	2015.00	2015.00	2015.00	2015.00	2015.00	2015.00	2015.00	2015.00	2014.00	2014.00	2014.00	2014.00	2014.00	2014.00	2014.00	2014.00	2015.00	2015.00	2015.00	2015.00	2015.00	2015.00	2016.00	2016.00	2016.00
1994.00	1994.00	1994.00	1994.00	1994.00	1994.00	1994.00	1994.00	1994.00	1994.00	1994.00	1995.00	1995.00	1995.00	1995.00	1995.00	1995.00	1995.00	1996.00	1996.00	1996.00	1996.00	1997.00	1997.00	1997.00	1998.00	1998.00	1998.00	1999.00	1999.00	1999.00	1999.00	2000.00	2000.00	2001.00	2001.00	2001.00	2002.00	2002.00	2002.00	2002.00	2003.00	2003.00	2004.00	2004.00	2005.00	2005.00	2005.00	2006.00	2006.00	2007.00	2007.00	2007.00	2008.00	2009.00	2009.00	2009.00	2010.00	2010.00	2011.00	2011.00	2011.00	2012.00	2012.00	2013.00	2013.00	2013.00	2013.00	2013.00	2014.00	2014.00	2014.00	2014.00	2015.00	2015.00	2016.00	2016.00	2016.00	2017.00	2017.00	2017.00	2017.00	2017.00	2017.00	2017.00	2018.00	2018.00	2018.00	2018.00	2018.00	2018.00	2018.00	2018.00	2018.00	2018.00	2019.00	2018.00	2018.00	2018.00	2018.00	2018.00	2018.00	2018.00	2018.00	2018.00	2018.00	2018.00	2018.00	2018.00	2018.00	2018.00	2018.00	2018.00	2018.00	2018.00	2018.00	2018.00	2018.00	2017.00	2017.00	2017.00	2017.00	2017.00	2017.00	2017.00	2017.00	2017.00	2017.00	2017.00	2017.00	2016.00	2016.00	2016.00	2016.00	2016.00	2015.00	2015.00	2014.00	2014.00	2014.00	2013.00	2013.00	2013.00	2013.00	2012.00	2012.00	2012.00	2011.00	2011.00	2011.00	2011.00	2010.00	2010.00	2010.00	2009.00	2009.00	2009.00	2009.00	2007.00	2007.00	2007.00	2007.00	2007.00	2007.00	2007.00	2007.00	2007.00	2006.00	2006.00	2006.00	2006.00	2006.00	2007.00	2007.00	2007.00	2007.00	2007.00	2007.00	2007.00	2007.00	2008.00	2008.00	2008.00	2008.00	2008.00	2009.00	2009.00	2009.00	2010.00	2010.00	2011.00	2011.00	2011.00	2011.00	2011.00	2012.00	2012.00	2012.00	2012.00	2013.00	2013.00	2014.00	2014.00	2014.00	2014.00	2014.00	2015.00	2015.00	2015.00	2015.00	2015.00	2016.00	2016.00	2016.00	2016.00	2016.00	2016.00	2016.00	2016.00	2016.00	2016.00	2016.00	2016.00	2016.00	2016.00	2016.00	2016.00	2016.00	2016.00	2016.00	2015.00	2015.00	2015.00	2015.00	2015.00	2015.00	2015.00	2015.00	2015.00	2014.00	2014.00	2014.00	2014.00	2014.00	2014.00	2014.00	2014.00	2015.00	2015.00	2015.00	2015.00	2015.00	2015.00	2016.00	2016.00	2016.00
1994.00	1994.00	1994.00	1994.00	1994.00	1994.00	1994.00	1994.00	1994.00	1994.00	1994.00	1995.00	1995.00	1995.00	1995.00	1995.00	1995.00	1995.00	1996.00	1996.00	1996.00	1996.00	1997.00	1997.00	1997.00	1998.00	1998.00	1998.00	1999.00	1999.00	1999.00	1999.00	2000.00	2000.00	2001.00	2001.00	2001.00	2002.00	2002.00	2002.00	2002.00	2003.00	2003.00	2004.00	2004.00	2005.00	2005.00	2005.00	2006.00	2006.00	2007.00	2007.00	2007.00	2008.00	2009.00	2009.00	2009.00	2010.00	2010.00	2011.00	2011.00	2011.00	2012.00	2012.00	2013.00	2013.00	2013.00	2013.00	2013.00	2014.00	2014.00	2014.00	2014.00	2015.00	2015.00	2016.00	2016.00	2016.00	2017.00	2017.00	2017.00	2017.00	2017.00	2017.00	2017.00	2018.00	2018.00	2018.00	2018.00	2018.00	2018.00	2018.00	2018.00	2018.00	2018.00	2019.00	2018.00	2018.00	2018.00	2018.00	2018.00	2018.00	2018.00	2018.00	2018.00	2018.00	2018.00	2018.00	2018.00	2018.00	2018.00	2018.00	2018.00	2018.00	2018.00	2018.00	2018.00	2018.00	2017.00	2017.00	2017.00	2017.00	2017.00	2017.00	2017.00	2017.00	2017.00	2017.00	2017.00	2017.00	2016.00	2016.00	2016.00	2016.00	2016.00	2015.00	2015.00	2014.00	2014.00	2014.00	2013.00	2013.00	2013.00	2013.00	2012.00	2012.00	2012.00	2011.00	2011.00	2011.00	2011.00	2010.00	2010.00	2010.00	2009.00	2009.00	2009.00	2009.00	2007.00	2007.00	2007.00	2007.00	2007.00	2007.00	2007.00	2007.00	2007.00	2006.00	2006.00	2006.00	2006.00	2006.00	2007.00	2007.00	2007.00	2007.00	2007.00	2007.00	2007.00	2007.00	2008.00	2008.00	2008.00	2008.00	2008.00	2009.00	2009.00	2009.00	2010.00	2010.00	2011.00	2011.00	2011.00	2011.00	2011.00	2012.00	2012.00	2012.00	2012.00	2013.00	2013.00	2014.00	2014.00	2014.00	2014.00	2014.00	2015.00	2015.00	2015.00	2015.00	2015.00	2016.00	2016.00	2016.00	2016.00	2016.00	2016.00	2016.00	2016.00	2016.00	2016.00	2016.00	2016.00	2016.00	2016.00	2016.00	2016.00	2016.00	2016.00	2016.00	2015.00	2015.00	2015.00	2015.00	2015.00	2015.00	2015.00	2015.00	2015.00	2014.00	2014.00	2014.00	2014.00	2014.00	2014.00	2014.00	2014.00	2015.00	2015.00	2015.00	2015.00	2015.00	2015.00	2016.00	2016.00	2016.00
1995.00	1995.00	1995.00	1995.00	1995.00	1995.00	1995.00	1995.00	1995.00	1995.00	1995.00	1995.00	1995.00	1995.00	1995.00	1995.00	1995.00	1995.00	1996.00	1996.00	1996.00	1996.00	1997.00	1997.00	1997.00	1997.00	1997.00	1998.00	1998.00	1998.00	1998.00	1998.00	1999.00	1999.00	2000.00	2000.00	2000.00	2001.00	2001.00	2002.00	2002.00	2002.00	2003.00	2004.00	2004.00	2004.00	2005.00	2005.00	2006.00	2006.00	2006.00	2007.00	2007.00	2008.00	2008.00	2009.00	2009.00	2010.00	2010.00	2010.00	2011.00	2011.00	2012.00	2012.00	2013.00	2013.00	2013.00	2013.00	2014.00	2014.00	2014.00	2015.00	2015.00	2015.00	2016.00	2016.00	2016.00	2016.00	2017.00	2017.00	2017.00	2017.00	2017.00	2018.00	2018.00	2018.00	2018.00	2018.00	2018.00	2019.00	2019.00	2019.00	2019.00	2019.00	2019.00	2019.00	2019.00	2019.00	2019.00	2019.00	2019.00	2020.00	2020.00	2020.00	2020.00	2020.00	2020.00	2020.00	2020.00	2020.00	2019.00	2019.00	2019.00	2019.00	2019.00	2019.00	2019.00	2019.00	2019.00	2019.00	2019.00	2019.00	2019.00	2019.00	2019.00	2019.00	2019.00	2018.00	2018.00	2018.00	2018.00	2018.00	2018.00	2017.00	2017.00	2017.00	2017.00	2016.00	2016.00	2016.00	2016.00	2016.00	2015.00	2015.00	2015.00	2014.00	2014.00	2014.00	2014.00	2013.00	2013.00	2013.00	2013.00	2012.00	2012.00	2012.00	2012.00	2012.00	2011.00	2011.00	2011.00	2011.00	2011.00	2011.00	2011.00	2011.00	2011.00	2011.00	2011.00	2011.00	2011.00	2011.00	2012.00	2012.00	2012.00	2012.00	2012.00	2013.00	2013.00	2013.00	2013.00	2014.00	2014.00	2014.00	2014.00	2015.00	2015.00	2015.00	2016.00	2016.00	2016.00	2016.00	2016.00	2016.00	2017.00	2017.00	2017.00	2017.00	2017.00	2018.00	2018.00	2018.00	2018.00	2019.00	2019.00	2019.00	2020.00	2020.00	2020.00	2020.00	2020.00	2020.00	2020.00	2020.00	2020.00	2020.00	2020.00	2020.00	2020.00	2020.00	2020.00	2020.00	2020.00	2020.00	2020.00	2020.00	2020.00	2019.00	2019.00	2019.00	2019.00	2019.00	2019.00	2018.00	2018.00	2018.00	2018.00	2018.00	2018.00	2019.00	2019.00	2019.00	2019.00	2019.00	2019.00	2019.00	2019.00	2019.00	2019.00	2019.00	2020.00	2020.00	2020.00	2020.00	2021.00	2021.00
1995.00	1995.00	1995.00	1995.00	1995.00	1995.00	1995.00	1995.00	1995.00	1995.00	1995.00	1995.00	1995.00	1995.00	1995.00	1995.00	1995.00	1995.00	1996.00	1996.00	1996.00	1996.00	1997.00	1997.00	1997.00	1997.00	1997.00	1998.00	1998.00	1998.00	1998.00	1998.00	1999.00	1999.00	2000.00	2000.00	2000.00	2001.00	2001.00	2002.00	2002.00	2002.00	2003.00	2004.00	2004.00	2004.00	2005.00	2005.00	2006.00	2006.00	2006.00	2007.00	2007.00	2008.00	2008.00	2009.00	2009.00	2010.00	2010.00	2010.00	2011.00	2011.00	2012.00	2012.00	2013.00	2013.00	2013.00	2013.00	2014.00	2014.00	2014.00	2015.00	2015.00	2015.00	2016.00	2016.00	2016.00	2016.00	2017.00	2017.00	2017.00	2017.00	2017.00	2018.00	2018.00	2018.00	2018.00	2018.00	2018.00	2019.00	2019.00	2019.00	2019.00	2019.00	2019.00	2019.00	2019.00	2019.00	2019.00	2019.00	2019.00	2020.00	2020.00	2020.00	2020.00	2020.00	2020.00	2020.00	2020.00	2020.00	2019.00	2019.00	2019.00	2019.00	2019.00	2019.00	2019.00	2019.00	2019.00	2019.00	2019.00	2019.00	2019.00	2019.00	2019.00	2019.00	2019.00	2018.00	2018.00	2018.00	2018.00	2018.00	2018.00	2017.00	2017.00	2017.00	2017.00	2016.00	2016.00	2016.00	2016.00	2016.00	2015.00	2015.00	2015.00	2014.00	2014.00	2014.00	2014.00	2013.00	2013.00	2013.00	2013.00	2012.00	2012.00	2012.00	2012.00	2012.00	2011.00	2011.00	2011.00	2011.00	2011.00	2011.00	2011.00	2011.00	2011.00	2011.00	2011.00	2011.00	2011.00	2011.00	2012.00	2012.00	2012.00	2012.00	2012.00	2013.00	2013.00	2013.00	2013.00	2014.00	2014.00	2014.00	2014.00	2015.00	2015.00	2015.00	2016.00	2016.00	2016.00	2016.00	2016.00	2016.00	2017.00	2017.00	2017.00	2017.00	2017.00	2018.00	2018.00	2018.00	2018.00	2019.00	2019.00	2019.00	2020.00	2020.00	2020.00	2020.00	2020.00	2020.00	2020.00	2020.00	2020.00	2020.00	2020.00	2020.00	2020.00	2020.00	2020.00	2020.00	2020.00	2020.00	2020.00	2020.00	2020.00	2019.00	2019.00	2019.00	2019.00	2019.00	2019.00	2018.00	2018.00	2018.00	2018.00	2018.00	2018.00	2019.00	2019.00	2019.00	2019.00	2019.00	2019.00	2019.00	2019.00	2019.00	2019.00	2019.00	2020.00	2020.00	2020.00	2020.00	2021.00	2021.00
1995.00	1995.00	1995.00	1995.00	1995.00	1995.00	1995.00	1995.00	1995.00	1995.00	1995.00	1995.00	1995.00	1995.00	1995.00	1995.00	1995.00	1995.00	1996.00	1996.00	1996.00	1996.00	1997.00	1997.00	1997.00	1997.00	1997.00	1998.00	1998.00	1998.00	1998.00	1998.00	1999.00	1999.00	2000.00	2000.00	2000.00	2001.00	2001.00	2002.00	2002.00	2002.00	2003.00	2004.00	2004.00	2004.00	2005.00	2005.00	2006.00	2006.00	2006.00	2007.00	2007.00	2008.00	2008.00	2009.00	2009.00	2010.00	2010.00	2010.00	2011.00	2011.00	2012.00	2012.00	2013.00	2013.00	2013.00	2013.00	2014.00	2014.00	2014.00	2015.00	2015.00	2015.00	2016.00	2016.00	2016.00	2016.00	2017.00	2017.00	2017.00	2017.00	2017.00	2018.00	2018.00	2018.00	2018.00	2018.00	2018.00	2019.00	2019.00	2019.00	2019.00	2019.00	2019.00	2019.00	2019.00	2019.00	2019.00	2019.00	2019.00	2020.00	2020.00	2020.00	2020.00	2020.00	2020.00	2020.00	2020.00	2020.00	2019.00	2019.00	2019.00	2019.00	2019.00	2019.00	2019.00	2019.00	2019.00	2019.00	2019.00	2019.00	2019.00	2019.00	2019.00	2019.00	2019.00	2018.00	2018.00	2018.00	2018.00	2018.00	2018.00	2017.00	2017.00	2017.00	2017.00	2016.00	2016.00	2016.00	2016.00	2016.00	2015.00	2015.00	2015.00	2014.00	2014.00	2014.00	2014.00	2013.00	2013.00	2013.00	2013.00	2012.00	2012.00	2012.00	2012.00	2012.00	2011.00	2011.00	2011.00	2011.00	2011.00	2011.00	2011.00	2011.00	2011.00	2011.00	2011.00	2011.00	2011.00	2011.00	2012.00	2012.00	2012.00	2012.00	2012.00	2013.00	2013.00	2013.00	2013.00	2014.00	2014.00	2014.00	2014.00	2015.00	2015.00	2015.00	2016.00	2016.00	2016.00	2016.00	2016.00	2016.00	2017.00	2017.00	2017.00	2017.00	2017.00	2018.00	2018.00	2018.00	2018.00	2019.00	2019.00	2019.00	2020.00	2020.00	2020.00	2020.00	2020.00	2020.00	2020.00	2020.00	2020.00	2020.00	2020.00	2020.00	2020.00	2020.00	2020.00	2020.00	2020.00	2020.00	2020.00	2020.00	2020.00	2019.00	2019.00	2019.00	2019.00	2019.00	2019.00	2018.00	2018.00	2018.00	2018.00	2018.00	2018.00	2019.00	2019.00	2019.00	2019.00	2019.00	2019.00	2019.00	2019.00	2019.00	2019.00	2019.00	2020.00	2020.00	2020.00	2020.00	2021.00	2021.00
1995.00	1995.00	1995.00	1995.00	1995.00	1995.00	1995.00	1995.00	1995.00	1995.00	1995.00	1995.00	1995.00	1995.00	1995.00	1995.00	1995.00	1995.00	1996.00	1996.00	1996.00	1996.00	1997.00	1997.00	1997.00	1997.00	1997.00	1998.00	1998.00	1998.00	1998.00	1998.00	1999.00	1999.00	2000.00	2000.00	2000.00	2001.00	2001.00	2002.00	2002.00	2002.00	2003.00	2004.00	2004.00	2004.00	2005.00	2005.00	2006.00	2006.00	2006.00	2007.00	2007.00	2008.00	2008.00	2009.00	2009.00	2010.00	2010.00	2010.00	2011.00	2011.00	2012.00	2012.00	2013.00	2013.00	2013.00	2013.00	2014.00	2014.00	2014.00	2015.00	2015.00	2015.00	2016.00	2016.00	2016.00	2016.00	2017.00	2017.00	2017.00	2017.00	2017.00	2018.00	2018.00	2018.00	2018.00	2018.00	2018.00	2019.00	2019.00	2019.00	2019.00	2019.00	2019.00	2019.00	2019.00	2019.00	2019.00	2019.00	2019.00	2020.00	2020.00	2020.00	2020.00	2020.00	2020.00	2020.00	2020.00	2020.00	2019.00	2019.00	2019.00	2019.00	2019.00	2019.00	2019.00	2019.00	2019.00	2019.00	2019.00	2019.00	2019.00	2019.00	2019.00	2019.00	2019.00	2018.00	2018.00	2018.00	2018.00	2018.00	2018.00	2017.00	2017.00	2017.00	2017.00	2016.00	2016.00	2016.00	2016.00	2016.00	2015.00	2015.00	2015.00	2014.00	2014.00	2014.00	2014.00	2013.00	2013.00	2013.00	2013.00	2012.00	2012.00	2012.00	2012.00	2012.00	2011.00	2011.00	2011.00	2011.00	2011.00	2011.00	2011.00	2011.00	2011.00	2011.00	2011.00	2011.00	2011.00	2011.00	2012.00	2012.00	2012.00	2012.00	2012.00	2013.00	2013.00	2013.00	2013.00	2014.00	2014.00	2014.00	2014.00	2015.00	2015.00	2015.00	2016.00	2016.00	2016.00	2016.00	2016.00	2016.00	2017.00	2017.00	2017.00	2017.00	2017.00	2018.00	2018.00	2018.00	2018.00	2019.00	2019.00	2019.00	2020.00	2020.00	2020.00	2020.00	2020.00	2020.00	2020.00	2020.00	2020.00	2020.00	2020.00	2020.00	2020.00	2020.00	2020.00	2020.00	2020.00	2020.00	2020.00	2020.00	2020.00	2019.00	2019.00	2019.00	2019.00	2019.00	2019.00	2018.00	2018.00	2018.00	2018.00	2018.00	2018.00	2019.00	2019.00	2019.00	2019.00	2019.00	2019.00	2019.00	2019.00	2019.00	2019.00	2019.00	2020.00	2020.00	2020.00	2020.00	2021.00	2021.00
1995.00	1995.00	1995.00	1995.00	1995.00	1995.00	1995.00	1995.00	1995.00	1995.00	1995.00	1995.00	1995.00	1995.00	1995.00	1995.00	1995.00	1995.00	1996.00	1996.00	1996.00	1996.00	1997.00	1997.00	1997.00	1997.00	1997.00	1998.00	1998.00	1998.00	1998.00	1998.00	1999.00	1999.00	2000.00	2000.00	2000.00	2001.00	2001.00	2002.00	2002.00	2002.00	2003.00	2004.00	2004.00	2004.00	2005.00	2005.00	2006.00	2006.00	2006.00	2007.00	2007.00	2008.00	2008.00	2009.00	2009.00	2010.00	2010.00	2010.00	2011.00	2011.00	2012.00	2012.00	2013.00	2013.00	2013.00	2013.00	2014.00	2014.00	2014.00	2015.00	2015.00	2015.00	2016.00	2016.00	2016.00	2016.00	2017.00	2017.00	2017.00	2017.00	2017.00	2018.00	2018.00	2018.00	2018.00	2018.00	2018.00	2019.00	2019.00	2019.00	2019.00	2019.00	2019.00	2019.00	2019.00	2019.00	2019.00	2019.00	2019.00	2020.00	2020.00	2020.00	2020.00	2020.00	2020.00	2020.00	2020.00	2020.00	2019.00	2019.00	2019.00	2019.00	2019.00	2019.00	2019.00	2019.00	2019.00	2019.00	2019.00	2019.00	2019.00	2019.00	2019.00	2019.00	2019.00	2018.00	2018.00	2018.00	2018.00	2018.00	2018.00	2017.00	2017.00	2017.00	2017.00	2016.00	2016.00	2016.00	2016.00	2016.00	2015.00	2015.00	2015.00	2014.00	2014.00	2014.00	2014.00	2013.00	2013.00	2013.00	2013.00	2012.00	2012.00	2012.00	2012.00	2012.00	2011.00	2011.00	2011.00	2011.00	2011.00	2011.00	2011.00	2011.00	2011.00	2011.00	2011.00	2011.00	2011.00	2011.00	2012.00	2012.00	2012.00	2012.00	2012.00	2013.00	2013.00	2013.00	2013.00	2014.00	2014.00	2014.00	2014.00	2015.00	2015.00	2015.00	2016.00	2016.00	2016.00	2016.00	2016.00	2016.00	2017.00	2017.00	2017.00	2017.00	2017.00	2018.00	2018.00	2018.00	2018.00	2019.00	2019.00	2019.00	2020.00	2020.00	2020.00	2020.00	2020.00	2020.00	2020.00	2020.00	2020.00	2020.00	2020.00	2020.00	2020.00	2020.00	2020.00	2020.00	2020.00	2020.00	2020.00	2020.00	2020.00	2019.00	2019.00	2019.00	2019.00	2019.00	2019.00	2018.00	2018.00	2018.00	2018.00	2018.00	2018.00	2019.00	2019.00	2019.00	2019.00	2019.00	2019.00	2019.00	2019.00	2019.00	2019.00	2019.00	2020.00	2020.00	2020.00	2020.00	2021.00	2021.00
1995.00	1995.00	1995.00	1995.00	1995.00	1995.00	1995.00	1995.00	1995.00	1995.00	1995.00	1995.00	1995.00	1995.00	1995.00	1995.00	1995.00	1995.00	1996.00	1996.00	1996.00	1996.00	1997.00	1997.00	1997.00	1997.00	1997.00	1998.00	1998.00	1998.00	1998.00	1998.00	1999.00	1999.00	2000.00	2000.00	2000.00	2001.00	2001.00	2002.00	2002.00	2002.00	2003.00	2004.00	2004.00	2004.00	2005.00	2005.00	2006.00	2006.00	2006.00	2007.00	2007.00	2008.00	2008.00	2009.00	2009.00	2010.00	2010.00	2010.00	2011.00	2011.00	2012.00	2012.00	2013.00	2013.00	2013.00	2013.00	2014.00	2014.00	2014.00	2015.00	2015.00	2015.00	2016.00	2016.00	2016.00	2016.00	2017.00	2017.00	2017.00	2017.00	2017.00	2018.00	2018.00	2018.00	2018.00	2018.00	2018.00	2019.00	2019.00	2019.00	2019.00	2019.00	2019.00	2019.00	2019.00	2019.00	2019.00	2019.00	2019.00	2020.00	2020.00	2020.00	2020.00	2020.00	2020.00	2020.00	2020.00	2020.00	2019.00	2019.00	2019.00	2019.00	2019.00	2019.00	2019.00	2019.00	2019.00	2019.00	2019.00	2019.00	2019.00	2019.00	2019.00	2019.00	2019.00	2018.00	2018.00	2018.00	2018.00	2018.00	2018.00	2017.00	2017.00	2017.00	2017.00	2016.00	2016.00	2016.00	2016.00	2016.00	2015.00	2015.00	2015.00	2014.00	2014.00	2014.00	2014.00	2013.00	2013.00	2013.00	2013.00	2012.00	2012.00	2012.00	2012.00	2012.00	2011.00	2011.00	2011.00	2011.00	2011.00	2011.00	2011.00	2011.00	2011.00	2011.00	2011.00	2011.00	2011.00	2011.00	2012.00	2012.00	2012.00	2012.00	2012.00	2013.00	2013.00	2013.00	2013.00	2014.00	2014.00	2014.00	2014.00	2015.00	2015.00	2015.00	2016.00	2016.00	2016.00	2016.00	2016.00	2016.00	2017.00	2017.00	2017.00	2017.00	2017.00	2018.00	2018.00	2018.00	2018.00	2019.00	2019.00	2019.00	2020.00	2020.00	2020.00	2020.00	2020.00	2020.00	2020.00	2020.00	2020.00	2020.00	2020.00	2020.00	2020.00	2020.00	2020.00	2020.00	2020.00	2020.00	2020.00	2020.00	2020.00	2019.00	2019.00	2019.00	2019.00	2019.00	2019.00	2018.00	2018.00	2018.00	2018.00	2018.00	2018.00	2019.00	2019.00	2019.00	2019.00	2019.00	2019.00	2019.00	2019.00	2019.00	2019.00	2019.00	2020.00	2020.00	2020.00	2020.00	2021.00	2021.00
1995.00	1995.00	1995.00	1995.00	1995.00	1995.00	1995.00	1995.00	1995.00	1995.00	1995.00	1995.00	1995.00	1995.00	1995.00	1995.00	1995.00	1995.00	1996.00	1996.00	1996.00	1996.00	1997.00	1997.00	1997.00	1997.00	1997.00	1998.00	1998.00	1998.00	1998.00	1998.00	1999.00	1999.00	2000.00	2000.00	2000.00	2001.00	2001.00	2002.00	2002.00	2002.00	2003.00	2004.00	2004.00	2004.00	2005.00	2005.00	2006.00	2006.00	2006.00	2007.00	2007.00	2008.00	2008.00	2009.00	2009.00	2010.00	2010.00	2010.00	2011.00	2011.00	2012.00	2012.00	2013.00	2013.00	2013.00	2013.00	2014.00	2014.00	2014.00	2015.00	2015.00	2015.00	2016.00	2016.00	2016.00	2016.00	2017.00	2017.00	2017.00	2017.00	2017.00	2018.00	2018.00	2018.00	2018.00	2018.00	2018.00	2019.00	2019.00	2019.00	2019.00	2019.00	2019.00	2019.00	2019.00	2019.00	2019.00	2019.00	2019.00	2020.00	2020.00	2020.00	2020.00	2020.00	2020.00	2020.00	2020.00	2020.00	2019.00	2019.00	2019.00	2019.00	2019.00	2019.00	2019.00	2019.00	2019.00	2019.00	2019.00	2019.00	2019.00	2019.00	2019.00	2019.00	2019.00	2018.00	2018.00	2018.00	2018.00	2018.00	2018.00	2017.00	2017.00	2017.00	2017.00	2016.00	2016.00	2016.00	2016.00	2016.00	2015.00	2015.00	2015.00	2014.00	2014.00	2014.00	2014.00	2013.00	2013.00	2013.00	2013.00	2012.00	2012.00	2012.00	2012.00	2012.00	2011.00	2011.00	2011.00	2011.00	2011.00	2011.00	2011.00	2011.00	2011.00	2011.00	2011.00	2011.00	2011.00	2011.00	2012.00	2012.00	2012.00	2012.00	2012.00	2013.00	2013.00	2013.00	2013.00	2014.00	2014.00	2014.00	2014.00	2015.00	2015.00	2015.00	2016.00	2016.00	2016.00	2016.00	2016.00	2016.00	2017.00	2017.00	2017.00	2017.00	2017.00	2018.00	2018.00	2018.00	2018.00	2019.00	2019.00	2019.00	2020.00	2020.00	2020.00	2020.00	2020.00	2020.00	2020.00	2020.00	2020.00	2020.00	2020.00	2020.00	2020.00	2020.00	2020.00	2020.00	2020.00	2020.00	2020.00	2020.00	2020.00	2019.00	2019.00	2019.00	2019.00	2019.00	2019.00	2018.00	2018.00	2018.00	2018.00	2018.00	2018.00	2019.00	2019.00	2019.00	2019.00	2019.00	2019.00	2019.00	2019.00	2019.00	2019.00	2019.00	2020.00	2020.00	2020.00	2020.00	2021.00	2021.00
1995.00	1995.00	1995.00	1995.00	1995.00	1995.00	1995.00	1995.00	1995.00	1995.00	1995.00	1995.00	1995.00	1995.00	1995.00	1995.00	1995.00	1995.00	1996.00	1996.00	1996.00	1996.00	1997.00	1997.00	1997.00	1997.00	1997.00	1998.00	1998.00	1998.00	1998.00	1998.00	1999.00	1999.00	2000.00	2000.00	2000.00	2001.00	2001.00	2002.00	2002.00	2002.00	2003.00	2004.00	2004.00	2004.00	2005.00	2005.00	2006.00	2006.00	2006.00	2007.00	2007.00	2008.00	2008.00	2009.00	2009.00	2010.00	2010.00	2010.00	2011.00	2011.00	2012.00	2012.00	2013.00	2013.00	2013.00	2013.00	2014.00	2014.00	2014.00	2015.00	2015.00	2015.00	2016.00	2016.00	2016.00	2016.00	2017.00	2017.00	2017.00	2017.00	2017.00	2018.00	2018.00	2018.00	2018.00	2018.00	2018.00	2019.00	2019.00	2019.00	2019.00	2019.00	2019.00	2019.00	2019.00	2019.00	2019.00	2019.00	2019.00	2020.00	2020.00	2020.00	2020.00	2020.00	2020.00	2020.00	2020.00	2020.00	2019.00	2019.00	2019.00	2019.00	2019.00	2019.00	2019.00	2019.00	2019.00	2019.00	2019.00	2019.00	2019.00	2019.00	2019.00	2019.00	2019.00	2018.00	2018.00	2018.00	2018.00	2018.00	2018.00	2017.00	2017.00	2017.00	2017.00	2016.00	2016.00	2016.00	2016.00	2016.00	2015.00	2015.00	2015.00	2014.00	2014.00	2014.00	2014.00	2013.00	2013.00	2013.00	2013.00	2012.00	2012.00	2012.00	2012.00	2012.00	2011.00	2011.00	2011.00	2011.00	2011.00	2011.00	2011.00	2011.00	2011.00	2011.00	2011.00	2011.00	2011.00	2011.00	2012.00	2012.00	2012.00	2012.00	2012.00	2013.00	2013.00	2013.00	2013.00	2014.00	2014.00	2014.00	2014.00	2015.00	2015.00	2015.00	2016.00	2016.00	2016.00	2016.00	2016.00	2016.00	2017.00	2017.00	2017.00	2017.00	2017.00	2018.00	2018.00	2018.00	2018.00	2019.00	2019.00	2019.00	2020.00	2020.00	2020.00	2020.00	2020.00	2020.00	2020.00	2020.00	2020.00	2020.00	2020.00	2020.00	2020.00	2020.00	2020.00	2020.00	2020.00	2020.00	2020.00	2020.00	2020.00	2019.00	2019.00	2019.00	2019.00	2019.00	2019.00	2018.00	2018.00	2018.00	2018.00	2018.00	2018.00	2019.00	2019.00	2019.00	2019.00	2019.00	2019.00	2019.00	2019.00	2019.00	2019.00	2019.00	2020.00	2020.00	2020.00	2020.00	2021.00	2021.00
1996.00	1996.00	1996.00	1996.00	1996.00	1996.00	1996.00	1995.00	1995.00	1995.00	1995.00	1995.00	1995.00	1995.00	1995.00	1995.00	1995.00	1995.00	1995.00	1996.00	1996.00	1996.00	1996.00	1996.00	1997.00	1997.00	1997.00	1997.00	1998.00	1998.00	1998.00	1998.00	1999.00	1999.00	1999.00	1999.00	2000.00	2001.00	2001.00	2002.00	2002.00	2002.00	2003.00	2004.00	2004.00	2005.00	2005.00	2005.00	2006.00	2006.00	2007.00	2007.00	2007.00	2008.00	2009.00	2009.00	2009.00	2010.00	2010.00	2010.00	2011.00	2011.00	2011.00	2011.00	2012.00	2012.00	2013.00	2013.00	2013.00	2014.00	2014.00	2014.00	2014.00	2015.00	2015.00	2016.00	2016.00	2016.00	2017.00	2017.00	2017.00	2017.00	2018.00	2018.00	2018.00	2018.00	2018.00	2019.00	2019.00	2019.00	2019.00	2019.00	2019.00	2019.00	2020.00	2020.00	2020.00	2020.00	2020.00	2020.00	2021.00	2021.00	2021.00	2021.00	2021.00	2021.00	2021.00	2021.00	2021.00	2021.00	2021.00	2021.00	2021.00	2021.00	2021.00	2021.00	2021.00	2021.00	2021.00	2021.00	2021.00	2021.00	2021.00	2021.00	2021.00	2021.00	2020.00	2020.00	2020.00	2020.00	2020.00	2019.00	2019.00	2019.00	2019.00	2019.00	2018.00	2018.00	2018.00	2018.00	2017.00	2017.00	2017.00	2017.00	2017.00	2016.00	2016.00	2016.00	2016.00	2015.00	2015.00	2015.00	2015.00	2015.00	2014.00	2014.00	2014.00	2014.00	2014.00	2014.00	2014.00	2014.00	2014.00	2014.00	2014.00	2015.00	2015.00	2015.00	2015.00	2015.00	2015.00	2016.00	2016.00	2016.00	2017.00	2017.00	2017.00	2017.00	2017.00	2018.00	2018.00	2019.00	2019.00	2019.00	2019.00	2019.00	2020.00	2020.00	2020.00	2020.00	2021.00	2021.00	2021.00	2021.00	2021.00	2022.00	2022.00	2022.00	2022.00	2022.00	2022.00	2023.00	2023.00	2023.00	2023.00	2023.00	2023.00	2023.00	2023.00	2023.00	2023.00	2023.00	2023.00	2023.00	2023.00	2023.00	2023.00	2023.00	2023.00	2023.00	2023.00	2023.00	2023.00	2023.00	2023.00	2023.00	2022.00	2022.00	2022.00	2022.00	2022.00	2022.00	2022.00	2022.00	2022.00	2022.00	2022.00	2022.00	2022.00	2022.00	2022.00	2022.00	2023.00	2023.00	2023.00	2023.00	2023.00	2024.00	2024.00	2024.00	2024.00	2024.00	2025.00	2025.00	2026.00	2026.00
1996.00	1996.00	1996.00	1996.00	1996.00	1996.00	1996.00	1995.00	1995.00	1995.00	1995.00	1995.00	1995.00	1995.00	1995.00	1995.00	1995.00	1995.00	1995.00	1996.00	1996.00	1996.00	1996.00	1996.00	1997.00	1997.00	1997.00	1997.00	1998.00	1998.00	1998.00	1998.00	1999.00	1999.00	1999.00	1999.00	2000.00	2001.00	2001.00	2002.00	2002.00	2002.00	2003.00	2004.00	2004.00	2005.00	2005.00	2005.00	2006.00	2006.00	2007.00	2007.00	2007.00	2008.00	2009.00	2009.00	2009.00	2010.00	2010.00	2010.00	2011.00	2011.00	2011.00	2011.00	2012.00	2012.00	2013.00	2013.00	2013.00	2014.00	2014.00	2014.00	2014.00	2015.00	2015.00	2016.00	2016.00	2016.00	2017.00	2017.00	2017.00	2017.00	2018.00	2018.00	2018.00	2018.00	2018.00	2019.00	2019.00	2019.00	2019.00	2019.00	2019.00	2019.00	2020.00	2020.00	2020.00	2020.00	2020.00	2020.00	2021.00	2021.00	2021.00	2021.00	2021.00	2021.00	2021.00	2021.00	2021.00	2021.00	2021.00	2021.00	2021.00	2021.00	2021.00	2021.00	2021.00	2021.00	2021.00	2021.00	2021.00	2021.00	2021.00	2021.00	2021.00	2021.00	2020.00	2020.00	2020.00	2020.00	2020.00	2019.00	2019.00	2019.00	2019.00	2019.00	2018.00	2018.00	2018.00	2018.00	2017.00	2017.00	2017.00	2017.00	2017.00	2016.00	2016.00	2016.00	2016.00	2015.00	2015.00	2015.00	2015.00	2015.00	2014.00	2014.00	2014.00	2014.00	2014.00	2014.00	2014.00	2014.00	2014.00	2014.00	2014.00	2015.00	2015.00	2015.00	2015.00	2015.00	2015.00	2016.00	2016.00	2016.00	2017.00	2017.00	2017.00	2017.00	2017.00	2018.00	2018.00	2019.00	2019.00	2019.00	2019.00	2019.00	2020.00	2020.00	2020.00	2020.00	2021.00	2021.00	2021.00	2021.00	2021.00	2022.00	2022.00	2022.00	2022.00	2022.00	2022.00	2023.00	2023.00	2023.00	2023.00	2023.00	2023.00	2023.00	2023.00	2023.00	2023.00	2023.00	2023.00	2023.00	2023.00	2023.00	2023.00	2023.00	2023.00	2023.00	2023.00	2023.00	2023.00	2023.00	2023.00	2023.00	2022.00	2022.00	2022.00	2022.00	2022.00	2022.00	2022.00	2022.00	2022.00	2022.00	2022.00	2022.00	2022.00	2022.00	2022.00	2022.00	2023.00	2023.00	2023.00	2023.00	2023.00	2024.00	2024.00	2024.00	2024.00	2024.00	2025.00	2025.00	2026.00	2026.00
1996.00	1996.00	1996.00	1996.00	1996.00	1996.00	1996.00	1995.00	1995.00	1995.00	1995.00	1995.00	1995.00	1995.00	1995.00	1995.00	1995.00	1995.00	1995.00	1996.00	1996.00	1996.00	1996.00	1996.00	1997.00	1997.00	1997.00	1997.00	1998.00	1998.00	1998.00	1998.00	1999.00	1999.00	1999.00	1999.00	2000.00	2001.00	2001.00	2002.00	2002.00	2002.00	2003.00	2004.00	2004.00	2005.00	2005.00	2005.00	2006.00	2006.00	2007.00	2007.00	2007.00	2008.00	2009.00	2009.00	2009.00	2010.00	2010.00	2010.00	2011.00	2011.00	2011.00	2011.00	2012.00	2012.00	2013.00	2013.00	2013.00	2014.00	2014.00	2014.00	2014.00	2015.00	2015.00	2016.00	2016.00	2016.00	2017.00	2017.00	2017.00	2017.00	2018.00	2018.00	2018.00	2018.00	2018.00	2019.00	2019.00	2019.00	2019.00	2019.00	2019.00	2019.00	2020.00	2020.00	2020.00	2020.00	2020.00	2020.00	2021.00	2021.00	2021.00	2021.00	2021.00	2021.00	2021.00	2021.00	2021.00	2021.00	2021.00	2021.00	2021.00	2021.00	2021.00	2021.00	2021.00	2021.00	2021.00	2021.00	2021.00	2021.00	2021.00	2021.00	2021.00	2021.00	2020.00	2020.00	2020.00	2020.00	2020.00	2019.00	2019.00	2019.00	2019.00	2019.00	2018.00	2018.00	2018.00	2018.00	2017.00	2017.00	2017.00	2017.00	2017.00	2016.00	2016.00	2016.00	2016.00	2015.00	2015.00	2015.00	2015.00	2015.00	2014.00	2014.00	2014.00	2014.00	2014.00	2014.00	2014.00	2014.00	2014.00	2014.00	2014.00	2015.00	2015.00	2015.00	2015.00	2015.00	2015.00	2016.00	2016.00	2016.00	2017.00	2017.00	2017.00	2017.00	2017.00	2018.00	2018.00	2019.00	2019.00	2019.00	2019.00	2019.00	2020.00	2020.00	2020.00	2020.00	2021.00	2021.00	2021.00	2021.00	2021.00	2022.00	2022.00	2022.00	2022.00	2022.00	2022.00	2023.00	2023.00	2023.00	2023.00	2023.00	2023.00	2023.00	2023.00	2023.00	2023.00	2023.00	2023.00	2023.00	2023.00	2023.00	2023.00	2023.00	2023.00	2023.00	2023.00	2023.00	2023.00	2023.00	2023.00	2023.00	2022.00	2022.00	2022.00	2022.00	2022.00	2022.00	2022.00	2022.00	2022.00	2022.00	2022.00	2022.00	2022.00	2022.00	2022.00	2022.00	2023.00	2023.00	2023.00	2023.00	2023.00	2024.00	2024.00	2024.00	2024.00	2024.00	2025.00	2025.00	2026.00	2026.00
1996.00	1996.00	1996.00	1996.00	1996.00	1996.00	1996.00	1995.00	1995.00	1995.00	1995.00	1995.00	1995.00	1995.00	1995.00	1995.00	1995.00	1995.00	1995.00	1996.00	1996.00	1996.00	1996.00	1996.00	1997.00	1997.00	1997.00	1997.00	1998.00	1998.00	1998.00	1998.00	1999.00	1999.00	1999.00	1999.00	2000.00	2001.00	2001.00	2002.00	2002.00	2002.00	2003.00	2004.00	2004.00	2005.00	2005.00	2005.00	2006.00	2006.00	2007.00	2007.00	2007.00	2008.00	2009.00	2009.00	2009.00	2010.00	2010.00	2010.00	2011.00	2011.00	2011.00	2011.00	2012.00	2012.00	2013.00	2013.00	2013.00	2014.00	2014.00	2014.00	2014.00	2015.00	2015.00	2016.00	2016.00	2016.00	2017.00	2017.00	2017.00	2017.00	2018.00	2018.00	2018.00	2018.00	2018.00	2019.00	2019.00	2019.00	2019.00	2019.00	2019.00	2019.00	2020.00	2020.00	2020.00	2020.00	2020.00	2020.00	2021.00	2021.00	2021.00	2021.00	2021.00	2021.00	2021.00	2021.00	2021.00	2021.00	2021.00	2021.00	2021.00	2021.00	2021.00	2021.00	2021.00	2021.00	2021.00	2021.00	2021.00	2021.00	2021.00	2021.00	2021.00	2021.00	2020.00	2020.00	2020.00	2020.00	2020.00	2019.00	2019.00	2019.00	2019.00	2019.00	2018.00	2018.00	2018.00	2018.00	2017.00	2017.00	2017.00	2017.00	2017.00	2016.00	2016.00	2016.00	2016.00	2015.00	2015.00	2015.00	2015.00	2015.00	2014.00	2014.00	2014.00	2014.00	2014.00	2014.00	2014.00	2014.00	2014.00	2014.00	2014.00	2015.00	2015.00	2015.00	2015.00	2015.00	2015.00	2016.00	2016.00	2016.00	2017.00	2017.00	2017.00	2017.00	2017.00	2018.00	2018.00	2019.00	2019.00	2019.00	2019.00	2019.00	2020.00	2020.00	2020.00	2020.00	2021.00	2021.00	2021.00	2021.00	2021.00	2022.00	2022.00	2022.00	2022.00	2022.00	2022.00	2023.00	2023.00	2023.00	2023.00	2023.00	2023.00	2023.00	2023.00	2023.00	2023.00	2023.00	2023.00	2023.00	2023.00	2023.00	2023.00	2023.00	2023.00	2023.00	2023.00	2023.00	2023.00	2023.00	2023.00	2023.00	2022.00	2022.00	2022.00	2022.00	2022.00	2022.00	2022.00	2022.00	2022.00	2022.00	2022.00	2022.00	2022.00	2022.00	2022.00	2022.00	2023.00	2023.00	2023.00	2023.00	2023.00	2024.00	2024.00	2024.00	2024.00	2024.00	2025.00	2025.00	2026.00	2026.00
1996.00	1996.00	1996.00	1996.00	1996.00	1996.00	1996.00	1995.00	1995.00	1995.00	1995.00	1995.00	1995.00	1995.00	1995.00	1995.00	1995.00	1995.00	1995.00	1996.00	1996.00	1996.00	1996.00	1996.00	1997.00	1997.00	1997.00	1997.00	1998.00	1998.00	1998.00	1998.00	1999.00	1999.00	1999.00	1999.00	2000.00	2001.00	2001.00	2002.00	2002.00	2002.00	2003.00	2004.00	2004.00	2005.00	2005.00	2005.00	2006.00	2006.00	2007.00	2007.00	2007.00	2008.00	2009.00	2009.00	2009.00	2010.00	2010.00	2010.00	2011.00	2011.00	2011.00	2011.00	2012.00	2012.00	2013.00	2013.00	2013.00	2014.00	2014.00	2014.00	2014.00	2015.00	2015.00	2016.00	2016.00	2016.00	2017.00	2017.00	2017.00	2017.00	2018.00	2018.00	2018.00	2018.00	2018.00	2019.00	2019.00	2019.00	2019.00	2019.00	2019.00	2019.00	2020.00	2020.00	2020.00	2020.00	2020.00	2020.00	2021.00	2021.00	2021.00	2021.00	2021.00	2021.00	2021.00	2021.00	2021.00	2021.00	2021.00	2021.00	2021.00	2021.00	2021.00	2021.00	2021.00	2021.00	2021.00	2021.00	2021.00	2021.00	2021.00	2021.00	2021.00	2021.00	2020.00	2020.00	2020.00	2020.00	2020.00	2019.00	2019.00	2019.00	2019.00	2019.00	2018.00	2018.00	2018.00	2018.00	2017.00	2017.00	2017.00	2017.00	2017.00	2016.00	2016.00	2016.00	2016.00	2015.00	2015.00	2015.00	2015.00	2015.00	2014.00	2014.00	2014.00	2014.00	2014.00	2014.00	2014.00	2014.00	2014.00	2014.00	2014.00	2015.00	2015.00	2015.00	2015.00	2015.00	2015.00	2016.00	2016.00	2016.00	2017.00	2017.00	2017.00	2017.00	2017.00	2018.00	2018.00	2019.00	2019.00	2019.00	2019.00	2019.00	2020.00	2020.00	2020.00	2020.00	2021.00	2021.00	2021.00	2021.00	2021.00	2022.00	2022.00	2022.00	2022.00	2022.00	2022.00	2023.00	2023.00	2023.00	2023.00	2023.00	2023.00	2023.00	2023.00	2023.00	2023.00	2023.00	2023.00	2023.00	2023.00	2023.00	2023.00	2023.00	2023.00	2023.00	2023.00	2023.00	2023.00	2023.00	2023.00	2023.00	2022.00	2022.00	2022.00	2022.00	2022.00	2022.00	2022.00	2022.00	2022.00	2022.00	2022.00	2022.00	2022.00	2022.00	2022.00	2022.00	2023.00	2023.00	2023.00	2023.00	2023.00	2024.00	2024.00	2024.00	2024.00	2024.00	2025.00	2025.00	2026.00	2026.00
1996.00	1996.00	1996.00	1996.00	1996.00	1996.00	1996.00	1995.00	1995.00	1995.00	1995.00	1995.00	1995.00	1995.00	1995.00	1995.00	1995.00	1995.00	1995.00	1996.00	1996.00	1996.00	1996.00	1996.00	1997.00	1997.00	1997.00	1997.00	1998.00	1998.00	1998.00	1998.00	1999.00	1999.00	1999.00	1999.00	2000.00	2001.00	2001.00	2002.00	2002.00	2002.00	2003.00	2004.00	2004.00	2005.00	2005.00	2005.00	2006.00	2006.00	2007.00	2007.00	2007.00	2008.00	2009.00	2009.00	2009.00	2010.00	2010.00	2010.00	2011.00	2011.00	2011.00	2011.00	2012.00	2012.00	2013.00	2013.00	2013.00	2014.00	2014.00	2014.00	2014.00	2015.00	2015.00	2016.00	2016.00	2016.00	2017.00	2017.00	2017.00	2017.00	2018.00	2018.00	2018.00	2018.00	2018.00	2019.00	2019.00	2019.00	2019.00	2019.00	2019.00	2019.00	2020.00	2020.00	2020.00	2020.00	2020.00	2020.00	2021.00	2021.00	2021.00	2021.00	2021.00	2021.00	2021.00	2021.00	2021.00	2021.00	2021.00	2021.00	2021.00	2021.00	2021.00	2021.00	2021.00	2021.00	2021.00	2021.00	2021.00	2021.00	2021.00	2021.00	2021.00	2021.00	2020.00	2020.00	2020.00	2020.00	2020.00	2019.00	2019.00	2019.00	2019.00	2019.00	2018.00	2018.00	2018.00	2018.00	2017.00	2017.00	2017.00	2017.00	2017.00	2016.00	2016.00	2016.00	2016.00	2015.00	2015.00	2015.00	2015.00	2015.00	2014.00	2014.00	2014.00	2014.00	2014.00	2014.00	2014.00	2014.00	2014.00	2014.00	2014.00	2015.00	2015.00	2015.00	2015.00	2015.00	2015.00	2016.00	2016.00	2016.00	2017.00	2017.00	2017.00	2017.00	2017.00	2018.00	2018.00	2019.00	2019.00	2019.00	2019.00	2019.00	2020.00	2020.00	2020.00	2020.00	2021.00	2021.00	2021.00	2021.00	2021.00	2022.00	2022.00	2022.00	2022.00	2022.00	2022.00	2023.00	2023.00	2023.00	2023.00	2023.00	2023.00	2023.00	2023.00	2023.00	2023.00	2023.00	2023.00	2023.00	2023.00	2023.00	2023.00	2023.00	2023.00	2023.00	2023.00	2023.00	2023.00	2023.00	2023.00	2023.00	2022.00	2022.00	2022.00	2022.00	2022.00	2022.00	2022.00	2022.00	2022.00	2022.00	2022.00	2022.00	2022.00	2022.00	2022.00	2022.00	2023.00	2023.00	2023.00	2023.00	2023.00	2024.00	2024.00	2024.00	2024.00	2024.00	2025.00	2025.00	2026.00	2026.00
1996.00	1996.00	1996.00	1996.00	1996.00	1996.00	1996.00	1995.00	1995.00	1995.00	1995.00	1995.00	1995.00	1995.00	1995.00	1995.00	1995.00	1995.00	1995.00	1996.00	1996.00	1996.00	1996.00	1996.00	1997.00	1997.00	1997.00	1997.00	1998.00	1998.00	1998.00	1998.00	1999.00	1999.00	1999.00	1999.00	2000.00	2001.00	2001.00	2002.00	2002.00	2002.00	2003.00	2004.00	2004.00	2005.00	2005.00	2005.00	2006.00	2006.00	2007.00	2007.00	2007.00	2008.00	2009.00	2009.00	2009.00	2010.00	2010.00	2010.00	2011.00	2011.00	2011.00	2011.00	2012.00	2012.00	2013.00	2013.00	2013.00	2014.00	2014.00	2014.00	2014.00	2015.00	2015.00	2016.00	2016.00	2016.00	2017.00	2017.00	2017.00	2017.00	2018.00	2018.00	2018.00	2018.00	2018.00	2019.00	2019.00	2019.00	2019.00	2019.00	2019.00	2019.00	2020.00	2020.00	2020.00	2020.00	2020.00	2020.00	2021.00	2021.00	2021.00	2021.00	2021.00	2021.00	2021.00	2021.00	2021.00	2021.00	2021.00	2021.00	2021.00	2021.00	2021.00	2021.00	2021.00	2021.00	2021.00	2021.00	2021.00	2021.00	2021.00	2021.00	2021.00	2021.00	2020.00	2020.00	2020.00	2020.00	2020.00	2019.00	2019.00	2019.00	2019.00	2019.00	2018.00	2018.00	2018.00	2018.00	2017.00	2017.00	2017.00	2017.00	2017.00	2016.00	2016.00	2016.00	2016.00	2015.00	2015.00	2015.00	2015.00	2015.00	2014.00	2014.00	2014.00	2014.00	2014.00	2014.00	2014.00	2014.00	2014.00	2014.00	2014.00	2015.00	2015.00	2015.00	2015.00	2015.00	2015.00	2016.00	2016.00	2016.00	2017.00	2017.00	2017.00	2017.00	2017.00	2018.00	2018.00	2019.00	2019.00	2019.00	2019.00	2019.00	2020.00	2020.00	2020.00	2020.00	2021.00	2021.00	2021.00	2021.00	2021.00	2022.00	2022.00	2022.00	2022.00	2022.00	2022.00	2023.00	2023.00	2023.00	2023.00	2023.00	2023.00	2023.00	2023.00	2023.00	2023.00	2023.00	2023.00	2023.00	2023.00	2023.00	2023.00	2023.00	2023.00	2023.00	2023.00	2023.00	2023.00	2023.00	2023.00	2023.00	2022.00	2022.00	2022.00	2022.00	2022.00	2022.00	2022.00	2022.00	2022.00	2022.00	2022.00	2022.00	2022.00	2022.00	2022.00	2022.00	2023.00	2023.00	2023.00	2023.00	2023.00	2024.00	2024.00	2024.00	2024.00	2024.00	2025.00	2025.00	2026.00	2026.00
1996.00	1996.00	1996.00	1996.00	1996.00	1996.00	1996.00	1995.00	1995.00	1995.00	1995.00	1995.00	1995.00	1995.00	1995.00	1995.00	1995.00	1995.00	1995.00	1996.00	1996.00	1996.00	1996.00	1996.00	1997.00	1997.00	1997.00	1997.00	1998.00	1998.00	1998.00	1998.00	1999.00	1999.00	1999.00	1999.00	2000.00	2001.00	2001.00	2002.00	2002.00	2002.00	2003.00	2004.00	2004.00	2005.00	2005.00	2005.00	2006.00	2006.00	2007.00	2007.00	2007.00	2008.00	2009.00	2009.00	2009.00	2010.00	2010.00	2010.00	2011.00	2011.00	2011.00	2011.00	2012.00	2012.00	2013.00	2013.00	2013.00	2014.00	2014.00	2014.00	2014.00	2015.00	2015.00	2016.00	2016.00	2016.00	2017.00	2017.00	2017.00	2017.00	2018.00	2018.00	2018.00	2018.00	2018.00	2019.00	2019.00	2019.00	2019.00	2019.00	2019.00	2019.00	2020.00	2020.00	2020.00	2020.00	2020.00	2020.00	2021.00	2021.00	2021.00	2021.00	2021.00	2021.00	2021.00	2021.00	2021.00	2021.00	2021.00	2021.00	2021.00	2021.00	2021.00	2021.00	2021.00	2021.00	2021.00	2021.00	2021.00	2021.00	2021.00	2021.00	2021.00	2021.00	2020.00	2020.00	2020.00	2020.00	2020.00	2019.00	2019.00	2019.00	2019.00	2019.00	2018.00	2018.00	2018.00	2018.00	2017.00	2017.00	2017.00	2017.00	2017.00	2016.00	2016.00	2016.00	2016.00	2015.00	2015.00	2015.00	2015.00	2015.00	2014.00	2014.00	2014.00	2014.00	2014.00	2014.00	2014.00	2014.00	2014.00	2014.00	2014.00	2015.00	2015.00	2015.00	2015.00	2015.00	2015.00	2016.00	2016.00	2016.00	2017.00	2017.00	2017.00	2017.00	2017.00	2018.00	2018.00	2019.00	2019.00	2019.00	2019.00	2019.00	2020.00	2020.00	2020.00	2020.00	2021.00	2021.00	2021.00	2021.00	2021.00	2022.00	2022.00	2022.00	2022.00	2022.00	2022.00	2023.00	2023.00	2023.00	2023.00	2023.00	2023.00	2023.00	2023.00	2023.00	2023.00	2023.00	2023.00	2023.00	2023.00	2023.00	2023.00	2023.00	2023.00	2023.00	2023.00	2023.00	2023.00	2023.00	2023.00	2023.00	2022.00	2022.00	2022.00	2022.00	2022.00	2022.00	2022.00	2022.00	2022.00	2022.00	2022.00	2022.00	2022.00	2022.00	2022.00	2022.00	2023.00	2023.00	2023.00	2023.00	2023.00	2024.00	2024.00	2024.00	2024.00	2024.00	2025.00	2025.00	2026.00	2026.00
1998.00	1998.00	1998.00	1998.00	1997.00	1997.00	1997.00	1997.00	1997.00	1997.00	1997.00	1997.00	1997.00	1997.00	1997.00	1997.00	1997.00	1997.00	1997.00	1997.00	1997.00	1997.00	1998.00	1998.00	1998.00	1998.00	1998.00	1998.00	1999.00	1999.00	1999.00	1999.00	1999.00	2000.00	2000.00	2000.00	2000.00	2001.00	2001.00	2002.00	2002.00	2002.00	2003.00	2004.00	2004.00	2004.00	2005.00	2005.00	2006.00	2006.00	2007.00	2008.00	2008.00	2008.00	2009.00	2010.00	2010.00	2010.00	2010.00	2011.00	2011.00	2011.00	2012.00	2012.00	2013.00	2013.00	2014.00	2014.00	2014.00	2014.00	2014.00	2015.00	2015.00	2015.00	2016.00	2016.00	2016.00	2017.00	2017.00	2017.00	2017.00	2017.00	2018.00	2018.00	2018.00	2019.00	2019.00	2019.00	2019.00	2019.00	2019.00	2020.00	2020.00	2020.00	2020.00	2020.00	2021.00	2021.00	2021.00	2021.00	2021.00	2021.00	2021.00	2021.00	2021.00	2022.00	2022.00	2022.00	2022.00	2022.00	2022.00	2022.00	2022.00	2022.00	2022.00	2022.00	2022.00	2022.00	2022.00	2022.00	2022.00	2022.00	2022.00	2022.00	2021.00	2021.00	2021.00	2021.00	2021.00	2021.00	2021.00	2020.00	2020.00	2020.00	2020.00	2020.00	2019.00	2019.00	2019.00	2019.00	2018.00	2018.00	2018.00	2018.00	2018.00	2017.00	2017.00	2017.00	2017.00	2016.00	2016.00	2016.00	2016.00	2016.00	2016.00	2016.00	2016.00	2016.00	2016.00	2016.00	2016.00	2016.00	2017.00	2017.00	2017.00	2017.00	2017.00	2017.00	2018.00	2018.00	2018.00	2019.00	2019.00	2019.00	2020.00	2020.00	2020.00	2021.00	2021.00	2021.00	2021.00	2022.00	2022.00	2022.00	2022.00	2022.00	2023.00	2023.00	2023.00	2023.00	2024.00	2024.00	2024.00	2024.00	2025.00	2025.00	2025.00	2025.00	2025.00	2025.00	2026.00	2026.00	2026.00	2026.00	2026.00	2026.00	2026.00	2026.00	2025.00	2025.00	2025.00	2025.00	2025.00	2025.00	2025.00	2025.00	2025.00	2025.00	2025.00	2025.00	2025.00	2025.00	2025.00	2025.00	2025.00	2025.00	2025.00	2025.00	2025.00	2025.00	2025.00	2025.00	2025.00	2025.00	2025.00	2025.00	2026.00	2026.00	2026.00	2026.00	2026.00	2026.00	2026.00	2026.00	2027.00	2027.00	2027.00	2028.00	2028.00	2028.00	2028.00	2028.00	2029.00	2030.00	2030.00	2030.00
1998.00	1998.00	1998.00	1998.00	1997.00	1997.00	1997.00	1997.00	1997.00	1997.00	1997.00	1997.00	1997.00	1997.00	1997.00	1997.00	1997.00	1997.00	1997.00	1997.00	1997.00	1997.00	1998.00	1998.00	1998.00	1998.00	1998.00	1998.00	1999.00	1999.00	1999.00	1999.00	1999.00	2000.00	2000.00	2000.00	2000.00	2001.00	2001.00	2002.00	2002.00	2002.00	2003.00	2004.00	2004.00	2004.00	2005.00	2005.00	2006.00	2006.00	2007.00	2008.00	2008.00	2008.00	2009.00	2010.00	2010.00	2010.00	2010.00	2011.00	2011.00	2011.00	2012.00	2012.00	2013.00	2013.00	2014.00	2014.00	2014.00	2014.00	2014.00	2015.00	2015.00	2015.00	2016.00	2016.00	2016.00	2017.00	2017.00	2017.00	2017.00	2017.00	2018.00	2018.00	2018.00	2019.00	2019.00	2019.00	2019.00	2019.00	2019.00	2020.00	2020.00	2020.00	2020.00	2020.00	2021.00	2021.00	2021.00	2021.00	2021.00	2021.00	2021.00	2021.00	2021.00	2022.00	2022.00	2022.00	2022.00	2022.00	2022.00	2022.00	2022.00	2022.00	2022.00	2022.00	2022.00	2022.00	2022.00	2022.00	2022.00	2022.00	2022.00	2022.00	2021.00	2021.00	2021.00	2021.00	2021.00	2021.00	2021.00	2020.00	2020.00	2020.00	2020.00	2020.00	2019.00	2019.00	2019.00	2019.00	2018.00	2018.00	2018.00	2018.00	2018.00	2017.00	2017.00	2017.00	2017.00	2016.00	2016.00	2016.00	2016.00	2016.00	2016.00	2016.00	2016.00	2016.00	2016.00	2016.00	2016.00	2016.00	2017.00	2017.00	2017.00	2017.00	2017.00	2017.00	2018.00	2018.00	2018.00	2019.00	2019.00	2019.00	2020.00	2020.00	2020.00	2021.00	2021.00	2021.00	2021.00	2022.00	2022.00	2022.00	2022.00	2022.00	2023.00	2023.00	2023.00	2023.00	2024.00	2024.00	2024.00	2024.00	2025.00	2025.00	2025.00	2025.00	2025.00	2025.00	2026.00	2026.00	2026.00	2026.00	2026.00	2026.00	2026.00	2026.00	2025.00	2025.00	2025.00	2025.00	2025.00	2025.00	2025.00	2025.00	2025.00	2025.00	2025.00	2025.00	2025.00	2025.00	2025.00	2025.00	2025.00	2025.00	2025.00	2025.00	2025.00	2025.00	2025.00	2025.00	2025.00	2025.00	2025.00	2025.00	2026.00	2026.00	2026.00	2026.00	2026.00	2026.00	2026.00	2026.00	2027.00	2027.00	2027.00	2028.00	2028.00	2028.00	2028.00	2028.00	2029.00	2030.00	2030.00	2030.00
1998.00	1998.00	1998.00	1998.00	1997.00	1997.00	1997.00	1997.00	1997.00	1997.00	1997.00	1997.00	1997.00	1997.00	1997.00	1997.00	1997.00	1997.00	1997.00	1997.00	1997.00	1997.00	1998.00	1998.00	1998.00	1998.00	1998.00	1998.00	1999.00	1999.00	1999.00	1999.00	1999.00	2000.00	2000.00	2000.00	2000.00	2001.00	2001.00	2002.00	2002.00	2002.00	2003.00	2004.00	2004.00	2004.00	2005.00	2005.00	2006.00	2006.00	2007.00	2008.00	2008.00	2008.00	2009.00	2010.00	2010.00	2010.00	2010.00	2011.00	2011.00	2011.00	2012.00	2012.00	2013.00	2013.00	2014.00	2014.00	2014.00	2014.00	2014.00	2015.00	2015.00	2015.00	2016.00	2016.00	2016.00	2017.00	2017.00	2017.00	2017.00	2017.00	2018.00	2018.00	2018.00	2019.00	2019.00	2019.00	2019.00	2019.00	2019.00	2020.00	2020.00	2020.00	2020.00	2020.00	2021.00	2021.00	2021.00	2021.00	2021.00	2021.00	2021.00	2021.00	2021.00	2022.00	2022.00	2022.00	2022.00	2022.00	2022.00	2022.00	2022.00	2022.00	2022.00	2022.00	2022.00	2022.00	2022.00	2022.00	2022.00	2022.00	2022.00	2022.00	2021.00	2021.00	2021.00	2021.00	2021.00	2021.00	2021.00	2020.00	2020.00	2020.00	2020.00	2020.00	2019.00	2019.00	2019.00	2019.00	2018.00	2018.00	2018.00	2018.00	2018.00	2017.00	2017.00	2017.00	2017.00	2016.00	2016.00	2016.00	2016.00	2016.00	2016.00	2016.00	2016.00	2016.00	2016.00	2016.00	2016.00	2016.00	2017.00	2017.00	2017.00	2017.00	2017.00	2017.00	2018.00	2018.00	2018.00	2019.00	2019.00	2019.00	2020.00	2020.00	2020.00	2021.00	2021.00	2021.00	2021.00	2022.00	2022.00	2022.00	2022.00	2022.00	2023.00	2023.00	2023.00	2023.00	2024.00	2024.00	2024.00	2024.00	2025.00	2025.00	2025.00	2025.00	2025.00	2025.00	2026.00	2026.00	2026.00	2026.00	2026.00	2026.00	2026.00	2026.00	2025.00	2025.00	2025.00	2025.00	2025.00	2025.00	2025.00	2025.00	2025.00	2025.00	2025.00	2025.00	2025.00	2025.00	2025.00	2025.00	2025.00	2025.00	2025.00	2025.00	2025.00	2025.00	2025.00	2025.00	2025.00	2025.00	2025.00	2025.00	2026.00	2026.00	2026.00	2026.00	2026.00	2026.00	2026.00	2026.00	2027.00	2027.00	2027.00	2028.00	2028.00	2028.00	2028.00	2028.00	2029.00	2030.00	2030.00	2030.00
1998.00	1998.00	1998.00	1998.00	1997.00	1997.00	1997.00	1997.00	1997.00	1997.00	1997.00	1997.00	1997.00	1997.00	1997.00	1997.00	1997.00	1997.00	1997.00	1997.00	1997.00	1997.00	1998.00	1998.00	1998.00	1998.00	1998.00	1998.00	1999.00	1999.00	1999.00	1999.00	1999.00	2000.00	2000.00	2000.00	2000.00	2001.00	2001.00	2002.00	2002.00	2002.00	2003.00	2004.00	2004.00	2004.00	2005.00	2005.00	2006.00	2006.00	2007.00	2008.00	2008.00	2008.00	2009.00	2010.00	2010.00	2010.00	2010.00	2011.00	2011.00	2011.00	2012.00	2012.00	2013.00	2013.00	2014.00	2014.00	2014.00	2014.00	2014.00	2015.00	2015.00	2015.00	2016.00	2016.00	2016.00	2017.00	2017.00	2017.00	2017.00	2017.00	2018.00	2018.00	2018.00	2019.00	2019.00	2019.00	2019.00	2019.00	2019.00	2020.00	2020.00	2020.00	2020.00	2020.00	2021.00	2021.00	2021.00	2021.00	2021.00	2021.00	2021.00	2021.00	2021.00	2022.00	2022.00	2022.00	2022.00	2022.00	2022.00	2022.00	2022.00	2022.00	2022.00	2022.00	2022.00	2022.00	2022.00	2022.00	2022.00	2022.00	2022.00	2022.00	2021.00	2021.00	2021.00	2021.00	2021.00	2021.00	2021.00	2020.00	2020.00	2020.00	2020.00	2020.00	2019.00	2019.00	2019.00	2019.00	2018.00	2018.00	2018.00	2018.00	2018.00	2017.00	2017.00	2017.00	2017.00	2016.00	2016.00	2016.00	2016.00	2016.00	2016.00	2016.00	2016.00	2016.00	2016.00	2016.00	2016.00	2016.00	2017.00	2017.00	2017.00	2017.00	2017.00	2017.00	2018.00	2018.00	2018.00	2019.00	2019.00	2019.00	2020.00	2020.00	2020.00	2021.00	2021.00	2021.00	2021.00	2022.00	2022.00	2022.00	2022.00	2022.00	2023.00	2023.00	2023.00	2023.00	2024.00	2024.00	2024.00	2024.00	2025.00	2025.00	2025.00	2025.00	2025.00	2025.00	2026.00	2026.00	2026.00	2026.00	2026.00	2026.00	2026.00	2026.00	2025.00	2025.00	2025.00	2025.00	2025.00	2025.00	2025.00	2025.00	2025.00	2025.00	2025.00	2025.00	2025.00	2025.00	2025.00	2025.00	2025.00	2025.00	2025.00	2025.00	2025.00	2025.00	2025.00	2025.00	2025.00	2025.00	2025.00	2025.00	2026.00	2026.00	2026.00	2026.00	2026.00	2026.00	2026.00	2026.00	2027.00	2027.00	2027.00	2028.00	2028.00	2028.00	2028.00	2028.00	2029.00	2030.00	2030.00	2030.00
1998.00	1998.00	1998.00	1998.00	1997.00	1997.00	1997.00	1997.00	1997.00	1997.00	1997.00	1997.00	1997.00	1997.00	1997.00	1997.00	1997.00	1997.00	1997.00	1997.00	1997.00	1997.00	1998.00	1998.00	1998.00	1998.00	1998.00	1998.00	1999.00	1999.00	1999.00	1999.00	1999.00	2000.00	2000.00	2000.00	2000.00	2001.00	2001.00	2002.00	2002.00	2002.00	2003.00	2004.00	2004.00	2004.00	2005.00	2005.00	2006.00	2006.00	2007.00	2008.00	2008.00	2008.00	2009.00	2010.00	2010.00	2010.00	2010.00	2011.00	2011.00	2011.00	2012.00	2012.00	2013.00	2013.00	2014.00	2014.00	2014.00	2014.00	2014.00	2015.00	2015.00	2015.00	2016.00	2016.00	2016.00	2017.00	2017.00	2017.00	2017.00	2017.00	2018.00	2018.00	2018.00	2019.00	2019.00	2019.00	2019.00	2019.00	2019.00	2020.00	2020.00	2020.00	2020.00	2020.00	2021.00	2021.00	2021.00	2021.00	2021.00	2021.00	2021.00	2021.00	2021.00	2022.00	2022.00	2022.00	2022.00	2022.00	2022.00	2022.00	2022.00	2022.00	2022.00	2022.00	2022.00	2022.00	2022.00	2022.00	2022.00	2022.00	2022.00	2022.00	2021.00	2021.00	2021.00	2021.00	2021.00	2021.00	2021.00	2020.00	2020.00	2020.00	2020.00	2020.00	2019.00	2019.00	2019.00	2019.00	2018.00	2018.00	2018.00	2018.00	2018.00	2017.00	2017.00	2017.00	2017.00	2016.00	2016.00	2016.00	2016.00	2016.00	2016.00	2016.00	2016.00	2016.00	2016.00	2016.00	2016.00	2016.00	2017.00	2017.00	2017.00	2017.00	2017.00	2017.00	2018.00	2018.00	2018.00	2019.00	2019.00	2019.00	2020.00	2020.00	2020.00	2021.00	2021.00	2021.00	2021.00	2022.00	2022.00	2022.00	2022.00	2022.00	2023.00	2023.00	2023.00	2023.00	2024.00	2024.00	2024.00	2024.00	2025.00	2025.00	2025.00	2025.00	2025.00	2025.00	2026.00	2026.00	2026.00	2026.00	2026.00	2026.00	2026.00	2026.00	2025.00	2025.00	2025.00	2025.00	2025.00	2025.00	2025.00	2025.00	2025.00	2025.00	2025.00	2025.00	2025.00	2025.00	2025.00	2025.00	2025.00	2025.00	2025.00	2025.00	2025.00	2025.00	2025.00	2025.00	2025.00	2025.00	2025.00	2025.00	2026.00	2026.00	2026.00	2026.00	2026.00	2026.00	2026.00	2026.00	2027.00	2027.00	2027.00	2028.00	2028.00	2028.00	2028.00	2028.00	2029.00	2030.00	2030.00	2030.00
1998.00	1998.00	1998.00	1998.00	1997.00	1997.00	1997.00	1997.00	1997.00	1997.00	1997.00	1997.00	1997.00	1997.00	1997.00	1997.00	1997.00	1997.00	1997.00	1997.00	1997.00	1997.00	1998.00	1998.00	1998.00	1998.00	1998.00	1998.00	1999.00	1999.00	1999.00	1999.00	1999.00	2000.00	2000.00	2000.00	2000.00	2001.00	2001.00	2002.00	2002.00	2002.00	2003.00	2004.00	2004.00	2004.00	2005.00	2005.00	2006.00	2006.00	2007.00	2008.00	2008.00	2008.00	2009.00	2010.00	2010.00	2010.00	2010.00	2011.00	2011.00	2011.00	2012.00	2012.00	2013.00	2013.00	2014.00	2014.00	2014.00	2014.00	2014.00	2015.00	2015.00	2015.00	2016.00	2016.00	2016.00	2017.00	2017.00	2017.00	2017.00	2017.00	2018.00	2018.00	2018.00	2019.00	2019.00	2019.00	2019.00	2019.00	2019.00	2020.00	2020.00	2020.00	2020.00	2020.00	2021.00	2021.00	2021.00	2021.00	2021.00	2021.00	2021.00	2021.00	2021.00	2022.00	2022.00	2022.00	2022.00	2022.00	2022.00	2022.00	2022.00	2022.00	2022.00	2022.00	2022.00	2022.00	2022.00	2022.00	2022.00	2022.00	2022.00	2022.00	2021.00	2021.00	2021.00	2021.00	2021.00	2021.00	2021.00	2020.00	2020.00	2020.00	2020.00	2020.00	2019.00	2019.00	2019.00	2019.00	2018.00	2018.00	2018.00	2018.00	2018.00	2017.00	2017.00	2017.00	2017.00	2016.00	2016.00	2016.00	2016.00	2016.00	2016.00	2016.00	2016.00	2016.00	2016.00	2016.00	2016.00	2016.00	2017.00	2017.00	2017.00	2017.00	2017.00	2017.00	2018.00	2018.00	2018.00	2019.00	2019.00	2019.00	2020.00	2020.00	2020.00	2021.00	2021.00	2021.00	2021.00	2022.00	2022.00	2022.00	2022.00	2022.00	2023.00	2023.00	2023.00	2023.00	2024.00	2024.00	2024.00	2024.00	2025.00	2025.00	2025.00	2025.00	2025.00	2025.00	2026.00	2026.00	2026.00	2026.00	2026.00	2026.00	2026.00	2026.00	2025.00	2025.00	2025.00	2025.00	2025.00	2025.00	2025.00	2025.00	2025.00	2025.00	2025.00	2025.00	2025.00	2025.00	2025.00	2025.00	2025.00	2025.00	2025.00	2025.00	2025.00	2025.00	2025.00	2025.00	2025.00	2025.00	2025.00	2025.00	2026.00	2026.00	2026.00	2026.00	2026.00	2026.00	2026.00	2026.00	2027.00	2027.00	2027.00	2028.00	2028.00	2028.00	2028.00	2028.00	2029.00	2030.00	2030.00	2030.00
1998.00	1998.00	1998.00	1998.00	1997.00	1997.00	1997.00	1997.00	1997.00	1997.00	1997.00	1997.00	1997.00	1997.00	1997.00	1997.00	1997.00	1997.00	1997.00	1997.00	1997.00	1997.00	1998.00	1998.00	1998.00	1998.00	1998.00	1998.00	1999.00	1999.00	1999.00	1999.00	1999.00	2000.00	2000.00	2000.00	2000.00	2001.00	2001.00	2002.00	2002.00	2002.00	2003.00	2004.00	2004.00	2004.00	2005.00	2005.00	2006.00	2006.00	2007.00	2008.00	2008.00	2008.00	2009.00	2010.00	2010.00	2010.00	2010.00	2011.00	2011.00	2011.00	2012.00	2012.00	2013.00	2013.00	2014.00	2014.00	2014.00	2014.00	2014.00	2015.00	2015.00	2015.00	2016.00	2016.00	2016.00	2017.00	2017.00	2017.00	2017.00	2017.00	2018.00	2018.00	2018.00	2019.00	2019.00	2019.00	2019.00	2019.00	2019.00	2020.00	2020.00	2020.00	2020.00	2020.00	2021.00	2021.00	2021.00	2021.00	2021.00	2021.00	2021.00	2021.00	2021.00	2022.00	2022.00	2022.00	2022.00	2022.00	2022.00	2022.00	2022.00	2022.00	2022.00	2022.00	2022.00	2022.00	2022.00	2022.00	2022.00	2022.00	2022.00	2022.00	2021.00	2021.00	2021.00	2021.00	2021.00	2021.00	2021.00	2020.00	2020.00	2020.00	2020.00	2020.00	2019.00	2019.00	2019.00	2019.00	2018.00	2018.00	2018.00	2018.00	2018.00	2017.00	2017.00	2017.00	2017.00	2016.00	2016.00	2016.00	2016.00	2016.00	2016.00	2016.00	2016.00	2016.00	2016.00	2016.00	2016.00	2016.00	2017.00	2017.00	2017.00	2017.00	2017.00	2017.00	2018.00	2018.00	2018.00	2019.00	2019.00	2019.00	2020.00	2020.00	2020.00	2021.00	2021.00	2021.00	2021.00	2022.00	2022.00	2022.00	2022.00	2022.00	2023.00	2023.00	2023.00	2023.00	2024.00	2024.00	2024.00	2024.00	2025.00	2025.00	2025.00	2025.00	2025.00	2025.00	2026.00	2026.00	2026.00	2026.00	2026.00	2026.00	2026.00	2026.00	2025.00	2025.00	2025.00	2025.00	2025.00	2025.00	2025.00	2025.00	2025.00	2025.00	2025.00	2025.00	2025.00	2025.00	2025.00	2025.00	2025.00	2025.00	2025.00	2025.00	2025.00	2025.00	2025.00	2025.00	2025.00	2025.00	2025.00	2025.00	2026.00	2026.00	2026.00	2026.00	2026.00	2026.00	2026.00	2026.00	2027.00	2027.00	2027.00	2028.00	2028.00	2028.00	2028.00	2028.00	2029.00	2030.00	2030.00	2030.00
1998.00	1998.00	1998.00	1998.00	1997.00	1997.00	1997.00	1997.00	1997.00	1997.00	1997.00	1997.00	1997.00	1997.00	1997.00	1997.00	1997.00	1997.00	1997.00	1997.00	1997.00	1997.00	1998.00	1998.00	1998.00	1998.00	1998.00	1998.00	1999.00	1999.00	1999.00	1999.00	1999.00	2000.00	2000.00	2000.00	2000.00	2001.00	2001.00	2002.00	2002.00	2002.00	2003.00	2004.00	2004.00	2004.00	2005.00	2005.00	2006.00	2006.00	2007.00	2008.00	2008.00	2008.00	2009.00	2010.00	2010.00	2010.00	2010.00	2011.00	2011.00	2011.00	2012.00	2012.00	2013.00	2013.00	2014.00	2014.00	2014.00	2014.00	2014.00	2015.00	2015.00	2015.00	2016.00	2016.00	2016.00	2017.00	2017.00	2017.00	2017.00	2017.00	2018.00	2018.00	2018.00	2019.00	2019.00	2019.00	2019.00	2019.00	2019.00	2020.00	2020.00	2020.00	2020.00	2020.00	2021.00	2021.00	2021.00	2021.00	2021.00	2021.00	2021.00	2021.00	2021.00	2022.00	2022.00	2022.00	2022.00	2022.00	2022.00	2022.00	2022.00	2022.00	2022.00	2022.00	2022.00	2022.00	2022.00	2022.00	2022.00	2022.00	2022.00	2022.00	2021.00	2021.00	2021.00	2021.00	2021.00	2021.00	2021.00	2020.00	2020.00	2020.00	2020.00	2020.00	2019.00	2019.00	2019.00	2019.00	2018.00	2018.00	2018.00	2018.00	2018.00	2017.00	2017.00	2017.00	2017.00	2016.00	2016.00	2016.00	2016.00	2016.00	2016.00	2016.00	2016.00	2016.00	2016.00	2016.00	2016.00	2016.00	2017.00	2017.00	2017.00	2017.00	2017.00	2017.00	2018.00	2018.00	2018.00	2019.00	2019.00	2019.00	2020.00	2020.00	2020.00	2021.00	2021.00	2021.00	2021.00	2022.00	2022.00	2022.00	2022.00	2022.00	2023.00	2023.00	2023.00	2023.00	2024.00	2024.00	2024.00	2024.00	2025.00	2025.00	2025.00	2025.00	2025.00	2025.00	2026.00	2026.00	2026.00	2026.00	2026.00	2026.00	2026.00	2026.00	2025.00	2025.00	2025.00	2025.00	2025.00	2025.00	2025.00	2025.00	2025.00	2025.00	2025.00	2025.00	2025.00	2025.00	2025.00	2025.00	2025.00	2025.00	2025.00	2025.00	2025.00	2025.00	2025.00	2025.00	2025.00	2025.00	2025.00	2025.00	2026.00	2026.00	2026.00	2026.00	2026.00	2026.00	2026.00	2026.00	2027.00	2027.00	2027.00	2028.00	2028.00	2028.00	2028.00	2028.00	2029.00	2030.00	2030.00	2030.00
2001.00	2001.00	2001.00	2001.00	2000.00	2000.00	2000.00	2000.00	2000.00	2000.00	2000.00	2000.00	2000.00	2000.00	2000.00	2000.00	2000.00	2000.00	2000.00	2000.00	2000.00	2000.00	2000.00	2000.00	2000.00	2000.00	2000.00	2000.00	2001.00	2001.00	2001.00	2001.00	2001.00	2002.00	2002.00	2002.00	2003.00	2003.00	2003.00	2004.00	2004.00	2004.00	2005.00	2006.00	2006.00	2006.00	2007.00	2007.00	2008.00	2008.00	2008.00	2009.00	2009.00	2010.00	2010.00	2011.00	2011.00	2011.00	2011.00	2012.00	2013.00	2013.00	2013.00	2013.00	2014.00	2014.00	2015.00	2015.00	2015.00	2016.00	2016.00	2016.00	2016.00	2017.00	2017.00	2017.00	2017.00	2017.00	2018.00	2018.00	2018.00	2018.00	2018.00	2019.00	2019.00	2019.00	2019.00	2020.00	2020.00	2020.00	2020.00	2020.00	2021.00	2021.00	2021.00	2021.00	2022.00	2022.00	2022.00	2022.00	2022.00	2022.00	2022.00	2023.00	2023.00	2023.00	2023.00	2024.00	2024.00	2024.00	2024.00	2024.00	2024.00	2024.00	2024.00	2024.00	2024.00	2024.00	2024.00	2024.00	2024.00	2023.00	2023.00	2023.00	2023.00	2023.00	2023.00	2023.00	2022.00	2022.00	2022.00	2022.00	2022.00	2021.00	2021.00	2021.00	2021.00	2020.00	2020.00	2020.00	2019.00	2019.00	2019.00	2019.00	2018.00	2018.00	2018.00	2018.00	2018.00	2018.00	2018.00	2018.00	2018.00	2018.00	2018.00	2018.00	2018.00	2018.00	2018.00	2018.00	2018.00	2018.00	2018.00	2018.00	2018.00	2019.00	2019.00	2019.00	2019.00	2020.00	2020.00	2020.00	2021.00	2021.00	2021.00	2021.00	2022.00	2022.00	2022.00	2022.00	2023.00	2023.00	2023.00	2024.00	2024.00	2024.00	2024.00	2024.00	2025.00	2025.00	2025.00	2025.00	2026.00	2026.00	2026.00	2026.00	2026.00	2026.00	2026.00	2026.00	2027.00	2027.00	2027.00	2027.00	2027.00	2027.00	2027.00	2027.00	2027.00	2027.00	2027.00	2027.00	2027.00	2027.00	2027.00	2027.00	2027.00	2027.00	2027.00	2027.00	2027.00	2027.00	2027.00	2027.00	2027.00	2027.00	2027.00	2027.00	2027.00	2027.00	2027.00	2027.00	2027.00	2027.00	2027.00	2028.00	2028.00	2028.00	2028.00	2029.00	2029.00	2029.00	2029.00	2029.00	2030.00	2030.00	2030.00	2031.00	2031.00	2031.00	2032.00	2032.00	2033.00	2033.00	2034.00	2034.00
2001.00	2001.00	2001.00	2001.00	2000.00	2000.00	2000.00	2000.00	2000.00	2000.00	2000.00	2000.00	2000.00	2000.00	2000.00	2000.00	2000.00	2000.00	2000.00	2000.00	2000.00	2000.00	2000.00	2000.00	2000.00	2000.00	2000.00	2000.00	2001.00	2001.00	2001.00	2001.00	2001.00	2002.00	2002.00	2002.00	2003.00	2003.00	2003.00	2004.00	2004.00	2004.00	2005.00	2006.00	2006.00	2006.00	2007.00	2007.00	2008.00	2008.00	2008.00	2009.00	2009.00	2010.00	2010.00	2011.00	2011.00	2011.00	2011.00	2012.00	2013.00	2013.00	2013.00	2013.00	2014.00	2014.00	2015.00	2015.00	2015.00	2016.00	2016.00	2016.00	2016.00	2017.00	2017.00	2017.00	2017.00	2017.00	2018.00	2018.00	2018.00	2018.00	2018.00	2019.00	2019.00	2019.00	2019.00	2020.00	2020.00	2020.00	2020.00	2020.00	2021.00	2021.00	2021.00	2021.00	2022.00	2022.00	2022.00	2022.00	2022.00	2022.00	2022.00	2023.00	2023.00	2023.00	2023.00	2024.00	2024.00	2024.00	2024.00	2024.00	2024.00	2024.00	2024.00	2024.00	2024.00	2024.00	2024.00	2024.00	2024.00	2023.00	2023.00	2023.00	2023.00	2023.00	2023.00	2023.00	2022.00	2022.00	2022.00	2022.00	2022.00	2021.00	2021.00	2021.00	2021.00	2020.00	2020.00	2020.00	2019.00	2019.00	2019.00	2019.00	2018.00	2018.00	2018.00	2018.00	2018.00	2018.00	2018.00	2018.00	2018.00	2018.00	2018.00	2018.00	2018.00	2018.00	2018.00	2018.00	2018.00	2018.00	2018.00	2018.00	2018.00	2019.00	2019.00	2019.00	2019.00	2020.00	2020.00	2020.00	2021.00	2021.00	2021.00	2021.00	2022.00	2022.00	2022.00	2022.00	2023.00	2023.00	2023.00	2024.00	2024.00	2024.00	2024.00	2024.00	2025.00	2025.00	2025.00	2025.00	2026.00	2026.00	2026.00	2026.00	2026.00	2026.00	2026.00	2026.00	2027.00	2027.00	2027.00	2027.00	2027.00	2027.00	2027.00	2027.00	2027.00	2027.00	2027.00	2027.00	2027.00	2027.00	2027.00	2027.00	2027.00	2027.00	2027.00	2027.00	2027.00	2027.00	2027.00	2027.00	2027.00	2027.00	2027.00	2027.00	2027.00	2027.00	2027.00	2027.00	2027.00	2027.00	2027.00	2028.00	2028.00	2028.00	2028.00	2029.00	2029.00	2029.00	2029.00	2029.00	2030.00	2030.00	2030.00	2031.00	2031.00	2031.00	2032.00	2032.00	2033.00	2033.00	2034.00	2034.00
2001.00	2001.00	2001.00	2001.00	2000.00	2000.00	2000.00	2000.00	2000.00	2000.00	2000.00	2000.00	2000.00	2000.00	2000.00	2000.00	2000.00	2000.00	2000.00	2000.00	2000.00	2000.00	2000.00	2000.00	2000.00	2000.00	2000.00	2000.00	2001.00	2001.00	2001.00	2001.00	2001.00	2002.00	2002.00	2002.00	2003.00	2003.00	2003.00	2004.00	2004.00	2004.00	2005.00	2006.00	2006.00	2006.00	2007.00	2007.00	2008.00	2008.00	2008.00	2009.00	2009.00	2010.00	2010.00	2011.00	2011.00	2011.00	2011.00	2012.00	2013.00	2013.00	2013.00	2013.00	2014.00	2014.00	2015.00	2015.00	2015.00	2016.00	2016.00	2016.00	2016.00	2017.00	2017.00	2017.00	2017.00	2017.00	2018.00	2018.00	2018.00	2018.00	2018.00	2019.00	2019.00	2019.00	2019.00	2020.00	2020.00	2020.00	2020.00	2020.00	2021.00	2021.00	2021.00	2021.00	2022.00	2022.00	2022.00	2022.00	2022.00	2022.00	2022.00	2023.00	2023.00	2023.00	2023.00	2024.00	2024.00	2024.00	2024.00	2024.00	2024.00	2024.00	2024.00	2024.00	2024.00	2024.00	2024.00	2024.00	2024.00	2023.00	2023.00	2023.00	2023.00	2023.00	2023.00	2023.00	2022.00	2022.00	2022.00	2022.00	2022.00	2021.00	2021.00	2021.00	2021.00	2020.00	2020.00	2020.00	2019.00	2019.00	2019.00	2019.00	2018.00	2018.00	2018.00	2018.00	2018.00	2018.00	2018.00	2018.00	2018.00	2018.00	2018.00	2018.00	2018.00	2018.00	2018.00	2018.00	2018.00	2018.00	2018.00	2018.00	2018.00	2019.00	2019.00	2019.00	2019.00	2020.00	2020.00	2020.00	2021.00	2021.00	2021.00	2021.00	2022.00	2022.00	2022.00	2022.00	2023.00	2023.00	2023.00	2024.00	2024.00	2024.00	2024.00	2024.00	2025.00	2025.00	2025.00	2025.00	2026.00	2026.00	2026.00	2026.00	2026.00	2026.00	2026.00	2026.00	2027.00	2027.00	2027.00	2027.00	2027.00	2027.00	2027.00	2027.00	2027.00	2027.00	2027.00	2027.00	2027.00	2027.00	2027.00	2027.00	2027.00	2027.00	2027.00	2027.00	2027.00	2027.00	2027.00	2027.00	2027.00	2027.00	2027.00	2027.00	2027.00	2027.00	2027.00	2027.00	2027.00	2027.00	2027.00	2028.00	2028.00	2028.00	2028.00	2029.00	2029.00	2029.00	2029.00	2029.00	2030.00	2030.00	2030.00	2031.00	2031.00	2031.00	2032.00	2032.00	2033.00	2033.00	2034.00	2034.00
2001.00	2001.00	2001.00	2001.00	2000.00	2000.00	2000.00	2000.00	2000.00	2000.00	2000.00	2000.00	2000.00	2000.00	2000.00	2000.00	2000.00	2000.00	2000.00	2000.00	2000.00	2000.00	2000.00	2000.00	2000.00	2000.00	2000.00	2000.00	2001.00	2001.00	2001.00	2001.00	2001.00	2002.00	2002.00	2002.00	2003.00	2003.00	2003.00	2004.00	2004.00	2004.00	2005.00	2006.00	2006.00	2006.00	2007.00	2007.00	2008.00	2008.00	2008.00	2009.00	2009.00	2010.00	2010.00	2011.00	2011.00	2011.00	2011.00	2012.00	2013.00	2013.00	2013.00	2013.00	2014.00	2014.00	2015.00	2015.00	2015.00	2016.00	2016.00	2016.00	2016.00	2017.00	2017.00	2017.00	2017.00	2017.00	2018.00	2018.00	2018.00	2018.00	2018.00	2019.00	2019.00	2019.00	2019.00	2020.00	2020.00	2020.00	2020.00	2020.00	2021.00	2021.00	2021.00	2021.00	2022.00	2022.00	2022.00	2022.00	2022.00	2022.00	2022.00	2023.00	2023.00	2023.00	2023.00	2024.00	2024.00	2024.00	2024.00	2024.00	2024.00	2024.00	2024.00	2024.00	2024.00	2024.00	2024.00	2024.00	2024.00	2023.00	2023.00	2023.00	2023.00	2023.00	2023.00	2023.00	2022.00	2022.00	2022.00	2022.00	2022.00	2021.00	2021.00	2021.00	2021.00	2020.00	2020.00	2020.00	2019.00	2019.00	2019.00	2019.00	2018.00	2018.00	2018.00	2018.00	2018.00	2018.00	2018.00	2018.00	2018.00	2018.00	2018.00	2018.00	2018.00	2018.00	2018.00	2018.00	2018.00	2018.00	2018.00	2018.00	2018.00	2019.00	2019.00	2019.00	2019.00	2020.00	2020.00	2020.00	2021.00	2021.00	2021.00	2021.00	2022.00	2022.00	2022.00	2022.00	2023.00	2023.00	2023.00	2024.00	2024.00	2024.00	2024.00	2024.00	2025.00	2025.00	2025.00	2025.00	2026.00	2026.00	2026.00	2026.00	2026.00	2026.00	2026.00	2026.00	2027.00	2027.00	2027.00	2027.00	2027.00	2027.00	2027.00	2027.00	2027.00	2027.00	2027.00	2027.00	2027.00	2027.00	2027.00	2027.00	2027.00	2027.00	2027.00	2027.00	2027.00	2027.00	2027.00	2027.00	2027.00	2027.00	2027.00	2027.00	2027.00	2027.00	2027.00	2027.00	2027.00	2027.00	2027.00	2028.00	2028.00	2028.00	2028.00	2029.00	2029.00	2029.00	2029.00	2029.00	2030.00	2030.00	2030.00	2031.00	2031.00	2031.00	2032.00	2032.00	2033.00	2033.00	2034.00	2034.00
2005.00	2004.00	2004.00	2004.00	2004.00	2004.00	2004.00	2004.00	2004.00	2004.00	2004.00	2003.00	2003.00	2003.00	2003.00	2003.00	2003.00	2003.00	2003.00	2003.00	2003.00	2003.00	2003.00	2003.00	2003.00	2003.00	2003.00	2003.00	2004.00	2004.00	2004.00	2004.00	2004.00	2004.00	2005.00	2005.00	2005.00	2006.00	2006.00	2006.00	2006.00	2007.00	2007.00	2008.00	2008.00	2009.00	2009.00	2009.00	2010.00	2010.00	2011.00	2011.00	2011.00	2012.00	2013.00	2013.00	2013.00	2014.00	2014.00	2014.00	2015.00	2015.00	2016.00	2016.00	2016.00	2016.00	2017.00	2017.00	2017.00	2018.00	2018.00	2018.00	2018.00	2018.00	2019.00	2019.00	2019.00	2019.00	2019.00	2019.00	2020.00	2020.00	2020.00	2020.00	2020.00	2021.00	2021.00	2022.00	2022.00	2022.00	2022.00	2022.00	2023.00	2023.00	2023.00	2023.00	2024.00	2024.00	2024.00	2024.00	2024.00	2024.00	2024.00	2025.00	2025.00	2025.00	2025.00	2026.00	2026.00	2026.00	2026.00	2026.00	2026.00	2026.00	2026.00	2026.00	2026.00	2026.00	2026.00	2025.00	2025.00	2025.00	2025.00	2025.00	2025.00	2025.00	2025.00	2024.00	2024.00	2024.00	2023.00	2023.00	2023.00	2023.00	2023.00	2022.00	2022.00	2021.00	2021.00	2021.00	2020.00	2020.00	2020.00	2020.00	2020.00	2019.00	2019.00	2019.00	2019.00	2019.00	2019.00	2019.00	2019.00	2019.00	2020.00	2020.00	2020.00	2020.00	2020.00	2020.00	2020.00	2020.00	2020.00	2021.00	2021.00	2021.00	2021.00	2021.00	2022.00	2022.00	2022.00	2022.00	2023.00	2023.00	2023.00	2023.00	2024.00	2024.00	2024.00	2025.00	2025.00	2025.00	2025.00	2026.00	2026.00	2026.00	2026.00	2026.00	2027.00	2027.00	2027.00	2027.00	2028.00	2028.00	2028.00	2028.00	2028.00	2028.00	2028.00	2028.00	2028.00	2029.00	2029.00	2029.00	2029.00	2029.00	2029.00	2029.00	2029.00	2029.00	2029.00	2029.00	2029.00	2029.00	2029.00	2029.00	2029.00	2029.00	2029.00	2029.00	2029.00	2029.00	2029.00	2029.00	2029.00	2029.00	2029.00	2029.00	2029.00	2029.00	2029.00	2030.00	2030.00	2030.00	2030.00	2030.00	2030.00	2030.00	2031.00	2031.00	2031.00	2031.00	2032.00	2032.00	2033.00	2033.00	2033.00	2034.00	2034.00	2034.00	2035.00	2035.00	2036.00	2037.00	2037.00	2037.00
2005.00	2004.00	2004.00	2004.00	2004.00	2004.00	2004.00	2004.00	2004.00	2004.00	2004.00	2003.00	2003.00	2003.00	2003.00	2003.00	2003.00	2003.00	2003.00	2003.00	2003.00	2003.00	2003.00	2003.00	2003.00	2003.00	2003.00	2003.00	2004.00	2004.00	2004.00	2004.00	2004.00	2004.00	2005.00	2005.00	2005.00	2006.00	2006.00	2006.00	2006.00	2007.00	2007.00	2008.00	2008.00	2009.00	2009.00	2009.00	2010.00	2010.00	2011.00	2011.00	2011.00	2012.00	2013.00	2013.00	2013.00	2014.00	2014.00	2014.00	2015.00	2015.00	2016.00	2016.00	2016.00	2016.00	2017.00	2017.00	2017.00	2018.00	2018.00	2018.00	2018.00	2018.00	2019.00	2019.00	2019.00	2019.00	2019.00	2019.00	2020.00	2020.00	2020.00	2020.00	2020.00	2021.00	2021.00	2022.00	2022.00	2022.00	2022.00	2022.00	2023.00	2023.00	2023.00	2023.00	2024.00	2024.00	2024.00	2024.00	2024.00	2024.00	2024.00	2025.00	2025.00	2025.00	2025.00	2026.00	2026.00	2026.00	2026.00	2026.00	2026.00	2026.00	2026.00	2026.00	2026.00	2026.00	2026.00	2025.00	2025.00	2025.00	2025.00	2025.00	2025.00	2025.00	2025.00	2024.00	2024.00	2024.00	2023.00	2023.00	2023.00	2023.00	2023.00	2022.00	2022.00	2021.00	2021.00	2021.00	2020.00	2020.00	2020.00	2020.00	2020.00	2019.00	2019.00	2019.00	2019.00	2019.00	2019.00	2019.00	2019.00	2019.00	2020.00	2020.00	2020.00	2020.00	2020.00	2020.00	2020.00	2020.00	2020.00	2021.00	2021.00	2021.00	2021.00	2021.00	2022.00	2022.00	2022.00	2022.00	2023.00	2023.00	2023.00	2023.00	2024.00	2024.00	2024.00	2025.00	2025.00	2025.00	2025.00	2026.00	2026.00	2026.00	2026.00	2026.00	2027.00	2027.00	2027.00	2027.00	2028.00	2028.00	2028.00	2028.00	2028.00	2028.00	2028.00	2028.00	2028.00	2029.00	2029.00	2029.00	2029.00	2029.00	2029.00	2029.00	2029.00	2029.00	2029.00	2029.00	2029.00	2029.00	2029.00	2029.00	2029.00	2029.00	2029.00	2029.00	2029.00	2029.00	2029.00	2029.00	2029.00	2029.00	2029.00	2029.00	2029.00	2029.00	2029.00	2030.00	2030.00	2030.00	2030.00	2030.00	2030.00	2030.00	2031.00	2031.00	2031.00	2031.00	2032.00	2032.00	2033.00	2033.00	2033.00	2034.00	2034.00	2034.00	2035.00	2035.00	2036.00	2037.00	2037.00	2037.00
2005.00	2004.00	2004.00	2004.00	2004.00	2004.00	2004.00	2004.00	2004.00	2004.00	2004.00	2003.00	2003.00	2003.00	2003.00	2003.00	2003.00	2003.00	2003.00	2003.00	2003.00	2003.00	2003.00	2003.00	2003.00	2003.00	2003.00	2003.00	2004.00	2004.00	2004.00	2004.00	2004.00	2004.00	2005.00	2005.00	2005.00	2006.00	2006.00	2006.00	2006.00	2007.00	2007.00	2008.00	2008.00	2009.00	2009.00	2009.00	2010.00	2010.00	2011.00	2011.00	2011.00	2012.00	2013.00	2013.00	2013.00	2014.00	2014.00	2014.00	2015.00	2015.00	2016.00	2016.00	2016.00	2016.00	2017.00	2017.00	2017.00	2018.00	2018.00	2018.00	2018.00	2018.00	2019.00	2019.00	2019.00	2019.00	2019.00	2019.00	2020.00	2020.00	2020.00	2020.00	2020.00	2021.00	2021.00	2022.00	2022.00	2022.00	2022.00	2022.00	2023.00	2023.00	2023.00	2023.00	2024.00	2024.00	2024.00	2024.00	2024.00	2024.00	2024.00	2025.00	2025.00	2025.00	2025.00	2026.00	2026.00	2026.00	2026.00	2026.00	2026.00	2026.00	2026.00	2026.00	2026.00	2026.00	2026.00	2025.00	2025.00	2025.00	2025.00	2025.00	2025.00	2025.00	2025.00	2024.00	2024.00	2024.00	2023.00	2023.00	2023.00	2023.00	2023.00	2022.00	2022.00	2021.00	2021.00	2021.00	2020.00	2020.00	2020.00	2020.00	2020.00	2019.00	2019.00	2019.00	2019.00	2019.00	2019.00	2019.00	2019.00	2019.00	2020.00	2020.00	2020.00	2020.00	2020.00	2020.00	2020.00	2020.00	2020.00	2021.00	2021.00	2021.00	2021.00	2021.00	2022.00	2022.00	2022.00	2022.00	2023.00	2023.00	2023.00	2023.00	2024.00	2024.00	2024.00	2025.00	2025.00	2025.00	2025.00	2026.00	2026.00	2026.00	2026.00	2026.00	2027.00	2027.00	2027.00	2027.00	2028.00	2028.00	2028.00	2028.00	2028.00	2028.00	2028.00	2028.00	2028.00	2029.00	2029.00	2029.00	2029.00	2029.00	2029.00	2029.00	2029.00	2029.00	2029.00	2029.00	2029.00	2029.00	2029.00	2029.00	2029.00	2029.00	2029.00	2029.00	2029.00	2029.00	2029.00	2029.00	2029.00	2029.00	2029.00	2029.00	2029.00	2029.00	2029.00	2030.00	2030.00	2030.00	2030.00	2030.00	2030.00	2030.00	2031.00	2031.00	2031.00	2031.00	2032.00	2032.00	2033.00	2033.00	2033.00	2034.00	2034.00	2034.00	2035.00	2035.00	2036.00	2037.00	2037.00	2037.00
2005.00	2004.00	2004.00	2004.00	2004.00	2004.00	2004.00	2004.00	2004.00	2004.00	2004.00	2003.00	2003.00	2003.00	2003.00	2003.00	2003.00	2003.00	2003.00	2003.00	2003.00	2003.00	2003.00	2003.00	2003.00	2003.00	2003.00	2003.00	2004.00	2004.00	2004.00	2004.00	2004.00	2004.00	2005.00	2005.00	2005.00	2006.00	2006.00	2006.00	2006.00	2007.00	2007.00	2008.00	2008.00	2009.00	2009.00	2009.00	2010.00	2010.00	2011.00	2011.00	2011.00	2012.00	2013.00	2013.00	2013.00	2014.00	2014.00	2014.00	2015.00	2015.00	2016.00	2016.00	2016.00	2016.00	2017.00	2017.00	2017.00	2018.00	2018.00	2018.00	2018.00	2018.00	2019.00	2019.00	2019.00	2019.00	2019.00	2019.00	2020.00	2020.00	2020.00	2020.00	2020.00	2021.00	2021.00	2022.00	2022.00	2022.00	2022.00	2022.00	2023.00	2023.00	2023.00	2023.00	2024.00	2024.00	2024.00	2024.00	2024.00	2024.00	2024.00	2025.00	2025.00	2025.00	2025.00	2026.00	2026.00	2026.00	2026.00	2026.00	2026.00	2026.00	2026.00	2026.00	2026.00	2026.00	2026.00	2025.00	2025.00	2025.00	2025.00	2025.00	2025.00	2025.00	2025.00	2024.00	2024.00	2024.00	2023.00	2023.00	2023.00	2023.00	2023.00	2022.00	2022.00	2021.00	2021.00	2021.00	2020.00	2020.00	2020.00	2020.00	2020.00	2019.00	2019.00	2019.00	2019.00	2019.00	2019.00	2019.00	2019.00	2019.00	2020.00	2020.00	2020.00	2020.00	2020.00	2020.00	2020.00	2020.00	2020.00	2021.00	2021.00	2021.00	2021.00	2021.00	2022.00	2022.00	2022.00	2022.00	2023.00	2023.00	2023.00	2023.00	2024.00	2024.00	2024.00	2025.00	2025.00	2025.00	2025.00	2026.00	2026.00	2026.00	2026.00	2026.00	2027.00	2027.00	2027.00	2027.00	2028.00	2028.00	2028.00	2028.00	2028.00	2028.00	2028.00	2028.00	2028.00	2029.00	2029.00	2029.00	2029.00	2029.00	2029.00	2029.00	2029.00	2029.00	2029.00	2029.00	2029.00	2029.00	2029.00	2029.00	2029.00	2029.00	2029.00	2029.00	2029.00	2029.00	2029.00	2029.00	2029.00	2029.00	2029.00	2029.00	2029.00	2029.00	2029.00	2030.00	2030.00	2030.00	2030.00	2030.00	2030.00	2030.00	2031.00	2031.00	2031.00	2031.00	2032.00	2032.00	2033.00	2033.00	2033.00	2034.00	2034.00	2034.00	2035.00	2035.00	2036.00	2037.00	2037.00	2037.00
2005.00	2004.00	2004.00	2004.00	2004.00	2004.00	2004.00	2004.00	2004.00	2004.00	2004.00	2003.00	2003.00	2003.00	2003.00	2003.00	2003.00	2003.00	2003.00	2003.00	2003.00	2003.00	2003.00	2003.00	2003.00	2003.00	2003.00	2003.00	2004.00	2004.00	2004.00	2004.00	2004.00	2004.00	2005.00	2005.00	2005.00	2006.00	2006.00	2006.00	2006.00	2007.00	2007.00	2008.00	2008.00	2009.00	2009.00	2009.00	2010.00	2010.00	2011.00	2011.00	2011.00	2012.00	2013.00	2013.00	2013.00	2014.00	2014.00	2014.00	2015.00	2015.00	2016.00	2016.00	2016.00	2016.00	2017.00	2017.00	2017.00	2018.00	2018.00	2018.00	2018.00	2018.00	2019.00	2019.00	2019.00	2019.00	2019.00	2019.00	2020.00	2020.00	2020.00	2020.00	2020.00	2021.00	2021.00	2022.00	2022.00	2022.00	2022.00	2022.00	2023.00	2023.00	2023.00	2023.00	2024.00	2024.00	2024.00	2024.00	2024.00	2024.00	2024.00	2025.00	2025.00	2025.00	2025.00	2026.00	2026.00	2026.00	2026.00	2026.00	2026.00	2026.00	2026.00	2026.00	2026.00	2026.00	2026.00	2025.00	2025.00	2025.00	2025.00	2025.00	2025.00	2025.00	2025.00	2024.00	2024.00	2024.00	2023.00	2023.00	2023.00	2023.00	2023.00	2022.00	2022.00	2021.00	2021.00	2021.00	2020.00	2020.00	2020.00	2020.00	2020.00	2019.00	2019.00	2019.00	2019.00	2019.00	2019.00	2019.00	2019.00	2019.00	2020.00	2020.00	2020.00	2020.00	2020.00	2020.00	2020.00	2020.00	2020.00	2021.00	2021.00	2021.00	2021.00	2021.00	2022.00	2022.00	2022.00	2022.00	2023.00	2023.00	2023.00	2023.00	2024.00	2024.00	2024.00	2025.00	2025.00	2025.00	2025.00	2026.00	2026.00	2026.00	2026.00	2026.00	2027.00	2027.00	2027.00	2027.00	2028.00	2028.00	2028.00	2028.00	2028.00	2028.00	2028.00	2028.00	2028.00	2029.00	2029.00	2029.00	2029.00	2029.00	2029.00	2029.00	2029.00	2029.00	2029.00	2029.00	2029.00	2029.00	2029.00	2029.00	2029.00	2029.00	2029.00	2029.00	2029.00	2029.00	2029.00	2029.00	2029.00	2029.00	2029.00	2029.00	2029.00	2029.00	2029.00	2030.00	2030.00	2030.00	2030.00	2030.00	2030.00	2030.00	2031.00	2031.00	2031.00	2031.00	2032.00	2032.00	2033.00	2033.00	2033.00	2034.00	2034.00	2034.00	2035.00	2035.00	2036.00	2037.00	2037.00	2037.00
2005.00	2004.00	2004.00	2004.00	2004.00	2004.00	2004.00	2004.00	2004.00	2004.00	2004.00	2003.00	2003.00	2003.00	2003.00	2003.00	2003.00	2003.00	2003.00	2003.00	2003.00	2003.00	2003.00	2003.00	2003.00	2003.00	2003.00	2003.00	2004.00	2004.00	2004.00	2004.00	2004.00	2004.00	2005.00	2005.00	2005.00	2006.00	2006.00	2006.00	2006.00	2007.00	2007.00	2008.00	2008.00	2009.00	2009.00	2009.00	2010.00	2010.00	2011.00	2011.00	2011.00	2012.00	2013.00	2013.00	2013.00	2014.00	2014.00	2014.00	2015.00	2015.00	2016.00	2016.00	2016.00	2016.00	2017.00	2017.00	2017.00	2018.00	2018.00	2018.00	2018.00	2018.00	2019.00	2019.00	2019.00	2019.00	2019.00	2019.00	2020.00	2020.00	2020.00	2020.00	2020.00	2021.00	2021.00	2022.00	2022.00	2022.00	2022.00	2022.00	2023.00	2023.00	2023.00	2023.00	2024.00	2024.00	2024.00	2024.00	2024.00	2024.00	2024.00	2025.00	2025.00	2025.00	2025.00	2026.00	2026.00	2026.00	2026.00	2026.00	2026.00	2026.00	2026.00	2026.00	2026.00	2026.00	2026.00	2025.00	2025.00	2025.00	2025.00	2025.00	2025.00	2025.00	2025.00	2024.00	2024.00	2024.00	2023.00	2023.00	2023.00	2023.00	2023.00	2022.00	2022.00	2021.00	2021.00	2021.00	2020.00	2020.00	2020.00	2020.00	2020.00	2019.00	2019.00	2019.00	2019.00	2019.00	2019.00	2019.00	2019.00	2019.00	2020.00	2020.00	2020.00	2020.00	2020.00	2020.00	2020.00	2020.00	2020.00	2021.00	2021.00	2021.00	2021.00	2021.00	2022.00	2022.00	2022.00	2022.00	2023.00	2023.00	2023.00	2023.00	2024.00	2024.00	2024.00	2025.00	2025.00	2025.00	2025.00	2026.00	2026.00	2026.00	2026.00	2026.00	2027.00	2027.00	2027.00	2027.00	2028.00	2028.00	2028.00	2028.00	2028.00	2028.00	2028.00	2028.00	2028.00	2029.00	2029.00	2029.00	2029.00	2029.00	2029.00	2029.00	2029.00	2029.00	2029.00	2029.00	2029.00	2029.00	2029.00	2029.00	2029.00	2029.00	2029.00	2029.00	2029.00	2029.00	2029.00	2029.00	2029.00	2029.00	2029.00	2029.00	2029.00	2029.00	2029.00	2030.00	2030.00	2030.00	2030.00	2030.00	2030.00	2030.00	2031.00	2031.00	2031.00	2031.00	2032.00	2032.00	2033.00	2033.00	2033.00	2034.00	2034.00	2034.00	2035.00	2035.00	2036.00	2037.00	2037.00	2037.00
2005.00	2004.00	2004.00	2004.00	2004.00	2004.00	2004.00	2004.00	2004.00	2004.00	2004.00	2003.00	2003.00	2003.00	2003.00	2003.00	2003.00	2003.00	2003.00	2003.00	2003.00	2003.00	2003.00	2003.00	2003.00	2003.00	2003.00	2003.00	2004.00	2004.00	2004.00	2004.00	2004.00	2004.00	2005.00	2005.00	2005.00	2006.00	2006.00	2006.00	2006.00	2007.00	2007.00	2008.00	2008.00	2009.00	2009.00	2009.00	2010.00	2010.00	2011.00	2011.00	2011.00	2012.00	2013.00	2013.00	2013.00	2014.00	2014.00	2014.00	2015.00	2015.00	2016.00	2016.00	2016.00	2016.00	2017.00	2017.00	2017.00	2018.00	2018.00	2018.00	2018.00	2018.00	2019.00	2019.00	2019.00	2019.00	2019.00	2019.00	2020.00	2020.00	2020.00	2020.00	2020.00	2021.00	2021.00	2022.00	2022.00	2022.00	2022.00	2022.00	2023.00	2023.00	2023.00	2023.00	2024.00	2024.00	2024.00	2024.00	2024.00	2024.00	2024.00	2025.00	2025.00	2025.00	2025.00	2026.00	2026.00	2026.00	2026.00	2026.00	2026.00	2026.00	2026.00	2026.00	2026.00	2026.00	2026.00	2025.00	2025.00	2025.00	2025.00	2025.00	2025.00	2025.00	2025.00	2024.00	2024.00	2024.00	2023.00	2023.00	2023.00	2023.00	2023.00	2022.00	2022.00	2021.00	2021.00	2021.00	2020.00	2020.00	2020.00	2020.00	2020.00	2019.00	2019.00	2019.00	2019.00	2019.00	2019.00	2019.00	2019.00	2019.00	2020.00	2020.00	2020.00	2020.00	2020.00	2020.00	2020.00	2020.00	2020.00	2021.00	2021.00	2021.00	2021.00	2021.00	2022.00	2022.00	2022.00	2022.00	2023.00	2023.00	2023.00	2023.00	2024.00	2024.00	2024.00	2025.00	2025.00	2025.00	2025.00	2026.00	2026.00	2026.00	2026.00	2026.00	2027.00	2027.00	2027.00	2027.00	2028.00	2028.00	2028.00	2028.00	2028.00	2028.00	2028.00	2028.00	2028.00	2029.00	2029.00	2029.00	2029.00	2029.00	2029.00	2029.00	2029.00	2029.00	2029.00	2029.00	2029.00	2029.00	2029.00	2029.00	2029.00	2029.00	2029.00	2029.00	2029.00	2029.00	2029.00	2029.00	2029.00	2029.00	2029.00	2029.00	2029.00	2029.00	2029.00	2030.00	2030.00	2030.00	2030.00	2030.00	2030.00	2030.00	2031.00	2031.00	2031.00	2031.00	2032.00	2032.00	2033.00	2033.00	2033.00	2034.00	2034.00	2034.00	2035.00	2035.00	2036.00	2037.00	2037.00	2037.00
2005.00	2004.00	2004.00	2004.00	2004.00	2004.00	2004.00	2004.00	2004.00	2004.00	2004.00	2003.00	2003.00	2003.00	2003.00	2003.00	2003.00	2003.00	2003.00	2003.00	2003.00	2003.00	2003.00	2003.00	2003.00	2003.00	2003.00	2003.00	2004.00	2004.00	2004.00	2004.00	2004.00	2004.00	2005.00	2005.00	2005.00	2006.00	2006.00	2006.00	2006.00	2007.00	2007.00	2008.00	2008.00	2009.00	2009.00	2009.00	2010.00	2010.00	2011.00	2011.00	2011.00	2012.00	2013.00	2013.00	2013.00	2014.00	2014.00	2014.00	2015.00	2015.00	2016.00	2016.00	2016.00	2016.00	2017.00	2017.00	2017.00	2018.00	2018.00	2018.00	2018.00	2018.00	2019.00	2019.00	2019.00	2019.00	2019.00	2019.00	2020.00	2020.00	2020.00	2020.00	2020.00	2021.00	2021.00	2022.00	2022.00	2022.00	2022.00	2022.00	2023.00	2023.00	2023.00	2023.00	2024.00	2024.00	2024.00	2024.00	2024.00	2024.00	2024.00	2025.00	2025.00	2025.00	2025.00	2026.00	2026.00	2026.00	2026.00	2026.00	2026.00	2026.00	2026.00	2026.00	2026.00	2026.00	2026.00	2025.00	2025.00	2025.00	2025.00	2025.00	2025.00	2025.00	2025.00	2024.00	2024.00	2024.00	2023.00	2023.00	2023.00	2023.00	2023.00	2022.00	2022.00	2021.00	2021.00	2021.00	2020.00	2020.00	2020.00	2020.00	2020.00	2019.00	2019.00	2019.00	2019.00	2019.00	2019.00	2019.00	2019.00	2019.00	2020.00	2020.00	2020.00	2020.00	2020.00	2020.00	2020.00	2020.00	2020.00	2021.00	2021.00	2021.00	2021.00	2021.00	2022.00	2022.00	2022.00	2022.00	2023.00	2023.00	2023.00	2023.00	2024.00	2024.00	2024.00	2025.00	2025.00	2025.00	2025.00	2026.00	2026.00	2026.00	2026.00	2026.00	2027.00	2027.00	2027.00	2027.00	2028.00	2028.00	2028.00	2028.00	2028.00	2028.00	2028.00	2028.00	2028.00	2029.00	2029.00	2029.00	2029.00	2029.00	2029.00	2029.00	2029.00	2029.00	2029.00	2029.00	2029.00	2029.00	2029.00	2029.00	2029.00	2029.00	2029.00	2029.00	2029.00	2029.00	2029.00	2029.00	2029.00	2029.00	2029.00	2029.00	2029.00	2029.00	2029.00	2030.00	2030.00	2030.00	2030.00	2030.00	2030.00	2030.00	2031.00	2031.00	2031.00	2031.00	2032.00	2032.00	2033.00	2033.00	2033.00	2034.00	2034.00	2034.00	2035.00	2035.00	2036.00	2037.00	2037.00	2037.00
2005.00	2004.00	2004.00	2004.00	2004.00	2004.00	2004.00	2004.00	2004.00	2004.00	2004.00	2003.00	2003.00	2003.00	2003.00	2003.00	2003.00	2003.00	2003.00	2003.00	2003.00	2003.00	2003.00	2003.00	2003.00	2003.00	2003.00	2003.00	2004.00	2004.00	2004.00	2004.00	2004.00	2004.00	2005.00	2005.00	2005.00	2006.00	2006.00	2006.00	2006.00	2007.00	2007.00	2008.00	2008.00	2009.00	2009.00	2009.00	2010.00	2010.00	2011.00	2011.00	2011.00	2012.00	2013.00	2013.00	2013.00	2014.00	2014.00	2014.00	2015.00	2015.00	2016.00	2016.00	2016.00	2016.00	2017.00	2017.00	2017.00	2018.00	2018.00	2018.00	2018.00	2018.00	2019.00	2019.00	2019.00	2019.00	2019.00	2019.00	2020.00	2020.00	2020.00	2020.00	2020.00	2021.00	2021.00	2022.00	2022.00	2022.00	2022.00	2022.00	2023.00	2023.00	2023.00	2023.00	2024.00	2024.00	2024.00	2024.00	2024.00	2024.00	2024.00	2025.00	2025.00	2025.00	2025.00	2026.00	2026.00	2026.00	2026.00	2026.00	2026.00	2026.00	2026.00	2026.00	2026.00	2026.00	2026.00	2025.00	2025.00	2025.00	2025.00	2025.00	2025.00	2025.00	2025.00	2024.00	2024.00	2024.00	2023.00	2023.00	2023.00	2023.00	2023.00	2022.00	2022.00	2021.00	2021.00	2021.00	2020.00	2020.00	2020.00	2020.00	2020.00	2019.00	2019.00	2019.00	2019.00	2019.00	2019.00	2019.00	2019.00	2019.00	2020.00	2020.00	2020.00	2020.00	2020.00	2020.00	2020.00	2020.00	2020.00	2021.00	2021.00	2021.00	2021.00	2021.00	2022.00	2022.00	2022.00	2022.00	2023.00	2023.00	2023.00	2023.00	2024.00	2024.00	2024.00	2025.00	2025.00	2025.00	2025.00	2026.00	2026.00	2026.00	2026.00	2026.00	2027.00	2027.00	2027.00	2027.00	2028.00	2028.00	2028.00	2028.00	2028.00	2028.00	2028.00	2028.00	2028.00	2029.00	2029.00	2029.00	2029.00	2029.00	2029.00	2029.00	2029.00	2029.00	2029.00	2029.00	2029.00	2029.00	2029.00	2029.00	2029.00	2029.00	2029.00	2029.00	2029.00	2029.00	2029.00	2029.00	2029.00	2029.00	2029.00	2029.00	2029.00	2029.00	2029.00	2030.00	2030.00	2030.00	2030.00	2030.00	2030.00	2030.00	2031.00	2031.00	2031.00	2031.00	2032.00	2032.00	2033.00	2033.00	2033.00	2034.00	2034.00	2034.00	2035.00	2035.00	2036.00	2037.00	2037.00	2037.00
2005.00	2004.00	2004.00	2004.00	2004.00	2004.00	2004.00	2004.00	2004.00	2004.00	2004.00	2003.00	2003.00	2003.00	2003.00	2003.00	2003.00	2003.00	2003.00	2003.00	2003.00	2003.00	2003.00	2003.00	2003.00	2003.00	2003.00	2003.00	2004.00	2004.00	2004.00	2004.00	2004.00	2004.00	2005.00	2005.00	2005.00	2006.00	2006.00	2006.00	2006.00	2007.00	2007.00	2008.00	2008.00	2009.00	2009.00	2009.00	2010.00	2010.00	2011.00	2011.00	2011.00	2012.00	2013.00	2013.00	2013.00	2014.00	2014.00	2014.00	2015.00	2015.00	2016.00	2016.00	2016.00	2016.00	2017.00	2017.00	2017.00	2018.00	2018.00	2018.00	2018.00	2018.00	2019.00	2019.00	2019.00	2019.00	2019.00	2019.00	2020.00	2020.00	2020.00	2020.00	2020.00	2021.00	2021.00	2022.00	2022.00	2022.00	2022.00	2022.00	2023.00	2023.00	2023.00	2023.00	2024.00	2024.00	2024.00	2024.00	2024.00	2024.00	2024.00	2025.00	2025.00	2025.00	2025.00	2026.00	2026.00	2026.00	2026.00	2026.00	2026.00	2026.00	2026.00	2026.00	2026.00	2026.00	2026.00	2025.00	2025.00	2025.00	2025.00	2025.00	2025.00	2025.00	2025.00	2024.00	2024.00	2024.00	2023.00	2023.00	2023.00	2023.00	2023.00	2022.00	2022.00	2021.00	2021.00	2021.00	2020.00	2020.00	2020.00	2020.00	2020.00	2019.00	2019.00	2019.00	2019.00	2019.00	2019.00	2019.00	2019.00	2019.00	2020.00	2020.00	2020.00	2020.00	2020.00	2020.00	2020.00	2020.00	2020.00	2021.00	2021.00	2021.00	2021.00	2021.00	2022.00	2022.00	2022.00	2022.00	2023.00	2023.00	2023.00	2023.00	2024.00	2024.00	2024.00	2025.00	2025.00	2025.00	2025.00	2026.00	2026.00	2026.00	2026.00	2026.00	2027.00	2027.00	2027.00	2027.00	2028.00	2028.00	2028.00	2028.00	2028.00	2028.00	2028.00	2028.00	2028.00	2029.00	2029.00	2029.00	2029.00	2029.00	2029.00	2029.00	2029.00	2029.00	2029.00	2029.00	2029.00	2029.00	2029.00	2029.00	2029.00	2029.00	2029.00	2029.00	2029.00	2029.00	2029.00	2029.00	2029.00	2029.00	2029.00	2029.00	2029.00	2029.00	2029.00	2030.00	2030.00	2030.00	2030.00	2030.00	2030.00	2030.00	2031.00	2031.00	2031.00	2031.00	2032.00	2032.00	2033.00	2033.00	2033.00	2034.00	2034.00	2034.00	2035.00	2035.00	2036.00	2037.00	2037.00	2037.00
2009.00	2008.00	2008.00	2008.00	2008.00	2008.00	2008.00	2008.00	2008.00	2008.00	2008.00	2008.00	2008.00	2008.00	2008.00	2008.00	2008.00	2008.00	2008.00	2007.00	2007.00	2007.00	2007.00	2007.00	2007.00	2008.00	2008.00	2008.00	2008.00	2008.00	2008.00	2008.00	2009.00	2009.00	2009.00	2009.00	2009.00	2010.00	2010.00	2010.00	2010.00	2010.00	2011.00	2011.00	2011.00	2012.00	2013.00	2013.00	2013.00	2013.00	2014.00	2015.00	2015.00	2015.00	2016.00	2016.00	2016.00	2017.00	2017.00	2018.00	2018.00	2018.00	2019.00	2019.00	2020.00	2020.00	2020.00	2020.00	2020.00	2021.00	2021.00	2021.00	2021.00	2021.00	2022.00	2022.00	2022.00	2022.00	2022.00	2022.00	2023.00	2023.00	2023.00	2023.00	2023.00	2023.00	2024.00	2024.00	2024.00	2024.00	2024.00	2024.00	2025.00	2025.00	2025.00	2025.00	2026.00	2026.00	2026.00	2026.00	2026.00	2026.00	2026.00	2027.00	2027.00	2027.00	2027.00	2028.00	2028.00	2028.00	2028.00	2028.00	2027.00	2027.00	2027.00	2027.00	2027.00	2027.00	2027.00	2027.00	2027.00	2027.00	2027.00	2027.00	2026.00	2026.00	2026.00	2026.00	2026.00	2026.00	2025.00	2025.00	2025.00	2024.00	2024.00	2024.00	2023.00	2023.00	2023.00	2023.00	2022.00	2022.00	2022.00	2022.00	2021.00	2021.00	2021.00	2021.00	2021.00	2021.00	2021.00	2021.00	2021.00	2021.00	2021.00	2021.00	2022.00	2022.00	2023.00	2023.00	2023.00	2023.00	2023.00	2023.00	2023.00	2024.00	2024.00	2024.00	2025.00	2025.00	2025.00	2025.00	2026.00	2026.00	2026.00	2026.00	2027.00	2027.00	2027.00	2028.00	2028.00	2028.00	2028.00	2029.00	2029.00	2029.00	2029.00	2029.00	2030.00	2030.00	2030.00	2030.00	2030.00	2030.00	2031.00	2031.00	2031.00	2031.00	2031.00	2031.00	2031.00	2031.00	2031.00	2031.00	2031.00	2031.00	2031.00	2031.00	2032.00	2032.00	2032.00	2032.00	2032.00	2032.00	2032.00	2032.00	2032.00	2032.00	2032.00	2032.00	2032.00	2032.00	2032.00	2032.00	2032.00	2032.00	2032.00	2032.00	2032.00	2032.00	2032.00	2032.00	2032.00	2033.00	2033.00	2033.00	2033.00	2033.00	2033.00	2034.00	2034.00	2034.00	2035.00	2035.00	2035.00	2036.00	2036.00	2037.00	2037.00	2037.00	2038.00	2038.00	2039.00	2039.00	2040.00	2040.00
2009.00	2008.00	2008.00	2008.00	2008.00	2008.00	2008.00	2008.00	2008.00	2008.00	2008.00	2008.00	2008.00	2008.00	2008.00	2008.00	2008.00	2008.00	2008.00	2007.00	2007.00	2007.00	2007.00	2007.00	2007.00	2008.00	2008.00	2008.00	2008.00	2008.00	2008.00	2008.00	2009.00	2009.00	2009.00	2009.00	2009.00	2010.00	2010.00	2010.00	2010.00	2010.00	2011.00	2011.00	2011.00	2012.00	2013.00	2013.00	2013.00	2013.00	2014.00	2015.00	2015.00	2015.00	2016.00	2016.00	2016.00	2017.00	2017.00	2018.00	2018.00	2018.00	2019.00	2019.00	2020.00	2020.00	2020.00	2020.00	2020.00	2021.00	2021.00	2021.00	2021.00	2021.00	2022.00	2022.00	2022.00	2022.00	2022.00	2022.00	2023.00	2023.00	2023.00	2023.00	2023.00	2023.00	2024.00	2024.00	2024.00	2024.00	2024.00	2024.00	2025.00	2025.00	2025.00	2025.00	2026.00	2026.00	2026.00	2026.00	2026.00	2026.00	2026.00	2027.00	2027.00	2027.00	2027.00	2028.00	2028.00	2028.00	2028.00	2028.00	2027.00	2027.00	2027.00	2027.00	2027.00	2027.00	2027.00	2027.00	2027.00	2027.00	2027.00	2027.00	2026.00	2026.00	2026.00	2026.00	2026.00	2026.00	2025.00	2025.00	2025.00	2024.00	2024.00	2024.00	2023.00	2023.00	2023.00	2023.00	2022.00	2022.00	2022.00	2022.00	2021.00	2021.00	2021.00	2021.00	2021.00	2021.00	2021.00	2021.00	2021.00	2021.00	2021.00	2021.00	2022.00	2022.00	2023.00	2023.00	2023.00	2023.00	2023.00	2023.00	2023.00	2024.00	2024.00	2024.00	2025.00	2025.00	2025.00	2025.00	2026.00	2026.00	2026.00	2026.00	2027.00	2027.00	2027.00	2028.00	2028.00	2028.00	2028.00	2029.00	2029.00	2029.00	2029.00	2029.00	2030.00	2030.00	2030.00	2030.00	2030.00	2030.00	2031.00	2031.00	2031.00	2031.00	2031.00	2031.00	2031.00	2031.00	2031.00	2031.00	2031.00	2031.00	2031.00	2031.00	2032.00	2032.00	2032.00	2032.00	2032.00	2032.00	2032.00	2032.00	2032.00	2032.00	2032.00	2032.00	2032.00	2032.00	2032.00	2032.00	2032.00	2032.00	2032.00	2032.00	2032.00	2032.00	2032.00	2032.00	2032.00	2033.00	2033.00	2033.00	2033.00	2033.00	2033.00	2034.00	2034.00	2034.00	2035.00	2035.00	2035.00	2036.00	2036.00	2037.00	2037.00	2037.00	2038.00	2038.00	2039.00	2039.00	2040.00	2040.00
2009.00	2008.00	2008.00	2008.00	2008.00	2008.00	2008.00	2008.00	2008.00	2008.00	2008.00	2008.00	2008.00	2008.00	2008.00	2008.00	2008.00	2008.00	2008.00	2007.00	2007.00	2007.00	2007.00	2007.00	2007.00	2008.00	2008.00	2008.00	2008.00	2008.00	2008.00	2008.00	2009.00	2009.00	2009.00	2009.00	2009.00	2010.00	2010.00	2010.00	2010.00	2010.00	2011.00	2011.00	2011.00	2012.00	2013.00	2013.00	2013.00	2013.00	2014.00	2015.00	2015.00	2015.00	2016.00	2016.00	2016.00	2017.00	2017.00	2018.00	2018.00	2018.00	2019.00	2019.00	2020.00	2020.00	2020.00	2020.00	2020.00	2021.00	2021.00	2021.00	2021.00	2021.00	2022.00	2022.00	2022.00	2022.00	2022.00	2022.00	2023.00	2023.00	2023.00	2023.00	2023.00	2023.00	2024.00	2024.00	2024.00	2024.00	2024.00	2024.00	2025.00	2025.00	2025.00	2025.00	2026.00	2026.00	2026.00	2026.00	2026.00	2026.00	2026.00	2027.00	2027.00	2027.00	2027.00	2028.00	2028.00	2028.00	2028.00	2028.00	2027.00	2027.00	2027.00	2027.00	2027.00	2027.00	2027.00	2027.00	2027.00	2027.00	2027.00	2027.00	2026.00	2026.00	2026.00	2026.00	2026.00	2026.00	2025.00	2025.00	2025.00	2024.00	2024.00	2024.00	2023.00	2023.00	2023.00	2023.00	2022.00	2022.00	2022.00	2022.00	2021.00	2021.00	2021.00	2021.00	2021.00	2021.00	2021.00	2021.00	2021.00	2021.00	2021.00	2021.00	2022.00	2022.00	2023.00	2023.00	2023.00	2023.00	2023.00	2023.00	2023.00	2024.00	2024.00	2024.00	2025.00	2025.00	2025.00	2025.00	2026.00	2026.00	2026.00	2026.00	2027.00	2027.00	2027.00	2028.00	2028.00	2028.00	2028.00	2029.00	2029.00	2029.00	2029.00	2029.00	2030.00	2030.00	2030.00	2030.00	2030.00	2030.00	2031.00	2031.00	2031.00	2031.00	2031.00	2031.00	2031.00	2031.00	2031.00	2031.00	2031.00	2031.00	2031.00	2031.00	2032.00	2032.00	2032.00	2032.00	2032.00	2032.00	2032.00	2032.00	2032.00	2032.00	2032.00	2032.00	2032.00	2032.00	2032.00	2032.00	2032.00	2032.00	2032.00	2032.00	2032.00	2032.00	2032.00	2032.00	2032.00	2033.00	2033.00	2033.00	2033.00	2033.00	2033.00	2034.00	2034.00	2034.00	2035.00	2035.00	2035.00	2036.00	2036.00	2037.00	2037.00	2037.00	2038.00	2038.00	2039.00	2039.00	2040.00	2040.00
2009.00	2008.00	2008.00	2008.00	2008.00	2008.00	2008.00	2008.00	2008.00	2008.00	2008.00	2008.00	2008.00	2008.00	2008.00	2008.00	2008.00	2008.00	2008.00	2007.00	2007.00	2007.00	2007.00	2007.00	2007.00	2008.00	2008.00	2008.00	2008.00	2008.00	2008.00	2008.00	2009.00	2009.00	2009.00	2009.00	2009.00	2010.00	2010.00	2010.00	2010.00	2010.00	2011.00	2011.00	2011.00	2012.00	2013.00	2013.00	2013.00	2013.00	2014.00	2015.00	2015.00	2015.00	2016.00	2016.00	2016.00	2017.00	2017.00	2018.00	2018.00	2018.00	2019.00	2019.00	2020.00	2020.00	2020.00	2020.00	2020.00	2021.00	2021.00	2021.00	2021.00	2021.00	2022.00	2022.00	2022.00	2022.00	2022.00	2022.00	2023.00	2023.00	2023.00	2023.00	2023.00	2023.00	2024.00	2024.00	2024.00	2024.00	2024.00	2024.00	2025.00	2025.00	2025.00	2025.00	2026.00	2026.00	2026.00	2026.00	2026.00	2026.00	2026.00	2027.00	2027.00	2027.00	2027.00	2028.00	2028.00	2028.00	2028.00	2028.00	2027.00	2027.00	2027.00	2027.00	2027.00	2027.00	2027.00	2027.00	2027.00	2027.00	2027.00	2027.00	2026.00	2026.00	2026.00	2026.00	2026.00	2026.00	2025.00	2025.00	2025.00	2024.00	2024.00	2024.00	2023.00	2023.00	2023.00	2023.00	2022.00	2022.00	2022.00	2022.00	2021.00	2021.00	2021.00	2021.00	2021.00	2021.00	2021.00	2021.00	2021.00	2021.00	2021.00	2021.00	2022.00	2022.00	2023.00	2023.00	2023.00	2023.00	2023.00	2023.00	2023.00	2024.00	2024.00	2024.00	2025.00	2025.00	2025.00	2025.00	2026.00	2026.00	2026.00	2026.00	2027.00	2027.00	2027.00	2028.00	2028.00	2028.00	2028.00	2029.00	2029.00	2029.00	2029.00	2029.00	2030.00	2030.00	2030.00	2030.00	2030.00	2030.00	2031.00	2031.00	2031.00	2031.00	2031.00	2031.00	2031.00	2031.00	2031.00	2031.00	2031.00	2031.00	2031.00	2031.00	2032.00	2032.00	2032.00	2032.00	2032.00	2032.00	2032.00	2032.00	2032.00	2032.00	2032.00	2032.00	2032.00	2032.00	2032.00	2032.00	2032.00	2032.00	2032.00	2032.00	2032.00	2032.00	2032.00	2032.00	2032.00	2033.00	2033.00	2033.00	2033.00	2033.00	2033.00	2034.00	2034.00	2034.00	2035.00	2035.00	2035.00	2036.00	2036.00	2037.00	2037.00	2037.00	2038.00	2038.00	2039.00	2039.00	2040.00	2040.00
2009.00	2008.00	2008.00	2008.00	2008.00	2008.00	2008.00	2008.00	2008.00	2008.00	2008.00	2008.00	2008.00	2008.00	2008.00	2008.00	2008.00	2008.00	2008.00	2007.00	2007.00	2007.00	2007.00	2007.00	2007.00	2008.00	2008.00	2008.00	2008.00	2008.00	2008.00	2008.00	2009.00	2009.00	2009.00	2009.00	2009.00	2010.00	2010.00	2010.00	2010.00	2010.00	2011.00	2011.00	2011.00	2012.00	2013.00	2013.00	2013.00	2013.00	2014.00	2015.00	2015.00	2015.00	2016.00	2016.00	2016.00	2017.00	2017.00	2018.00	2018.00	2018.00	2019.00	2019.00	2020.00	2020.00	2020.00	2020.00	2020.00	2021.00	2021.00	2021.00	2021.00	2021.00	2022.00	2022.00	2022.00	2022.00	2022.00	2022.00	2023.00	2023.00	2023.00	2023.00	2023.00	2023.00	2024.00	2024.00	2024.00	2024.00	2024.00	2024.00	2025.00	2025.00	2025.00	2025.00	2026.00	2026.00	2026.00	2026.00	2026.00	2026.00	2026.00	2027.00	2027.00	2027.00	2027.00	2028.00	2028.00	2028.00	2028.00	2028.00	2027.00	2027.00	2027.00	2027.00	2027.00	2027.00	2027.00	2027.00	2027.00	2027.00	2027.00	2027.00	2026.00	2026.00	2026.00	2026.00	2026.00	2026.00	2025.00	2025.00	2025.00	2024.00	2024.00	2024.00	2023.00	2023.00	2023.00	2023.00	2022.00	2022.00	2022.00	2022.00	2021.00	2021.00	2021.00	2021.00	2021.00	2021.00	2021.00	2021.00	2021.00	2021.00	2021.00	2021.00	2022.00	2022.00	2023.00	2023.00	2023.00	2023.00	2023.00	2023.00	2023.00	2024.00	2024.00	2024.00	2025.00	2025.00	2025.00	2025.00	2026.00	2026.00	2026.00	2026.00	2027.00	2027.00	2027.00	2028.00	2028.00	2028.00	2028.00	2029.00	2029.00	2029.00	2029.00	2029.00	2030.00	2030.00	2030.00	2030.00	2030.00	2030.00	2031.00	2031.00	2031.00	2031.00	2031.00	2031.00	2031.00	2031.00	2031.00	2031.00	2031.00	2031.00	2031.00	2031.00	2032.00	2032.00	2032.00	2032.00	2032.00	2032.00	2032.00	2032.00	2032.00	2032.00	2032.00	2032.00	2032.00	2032.00	2032.00	2032.00	2032.00	2032.00	2032.00	2032.00	2032.00	2032.00	2032.00	2032.00	2032.00	2033.00	2033.00	2033.00	2033.00	2033.00	2033.00	2034.00	2034.00	2034.00	2035.00	2035.00	2035.00	2036.00	2036.00	2037.00	2037.00	2037.00	2038.00	2038.00	2039.00	2039.00	2040.00	2040.00
2009.00	2008.00	2008.00	2008.00	2008.00	2008.00	2008.00	2008.00	2008.00	2008.00	2008.00	2008.00	2008.00	2008.00	2008.00	2008.00	2008.00	2008.00	2008.00	2007.00	2007.00	2007.00	2007.00	2007.00	2007.00	2008.00	2008.00	2008.00	2008.00	2008.00	2008.00	2008.00	2009.00	2009.00	2009.00	2009.00	2009.00	2010.00	2010.00	2010.00	2010.00	2010.00	2011.00	2011.00	2011.00	2012.00	2013.00	2013.00	2013.00	2013.00	2014.00	2015.00	2015.00	2015.00	2016.00	2016.00	2016.00	2017.00	2017.00	2018.00	2018.00	2018.00	2019.00	2019.00	2020.00	2020.00	2020.00	2020.00	2020.00	2021.00	2021.00	2021.00	2021.00	2021.00	2022.00	2022.00	2022.00	2022.00	2022.00	2022.00	2023.00	2023.00	2023.00	2023.00	2023.00	2023.00	2024.00	2024.00	2024.00	2024.00	2024.00	2024.00	2025.00	2025.00	2025.00	2025.00	2026.00	2026.00	2026.00	2026.00	2026.00	2026.00	2026.00	2027.00	2027.00	2027.00	2027.00	2028.00	2028.00	2028.00	2028.00	2028.00	2027.00	2027.00	2027.00	2027.00	2027.00	2027.00	2027.00	2027.00	2027.00	2027.00	2027.00	2027.00	2026.00	2026.00	2026.00	2026.00	2026.00	2026.00	2025.00	2025.00	2025.00	2024.00	2024.00	2024.00	2023.00	2023.00	2023.00	2023.00	2022.00	2022.00	2022.00	2022.00	2021.00	2021.00	2021.00	2021.00	2021.00	2021.00	2021.00	2021.00	2021.00	2021.00	2021.00	2021.00	2022.00	2022.00	2023.00	2023.00	2023.00	2023.00	2023.00	2023.00	2023.00	2024.00	2024.00	2024.00	2025.00	2025.00	2025.00	2025.00	2026.00	2026.00	2026.00	2026.00	2027.00	2027.00	2027.00	2028.00	2028.00	2028.00	2028.00	2029.00	2029.00	2029.00	2029.00	2029.00	2030.00	2030.00	2030.00	2030.00	2030.00	2030.00	2031.00	2031.00	2031.00	2031.00	2031.00	2031.00	2031.00	2031.00	2031.00	2031.00	2031.00	2031.00	2031.00	2031.00	2032.00	2032.00	2032.00	2032.00	2032.00	2032.00	2032.00	2032.00	2032.00	2032.00	2032.00	2032.00	2032.00	2032.00	2032.00	2032.00	2032.00	2032.00	2032.00	2032.00	2032.00	2032.00	2032.00	2032.00	2032.00	2033.00	2033.00	2033.00	2033.00	2033.00	2033.00	2034.00	2034.00	2034.00	2035.00	2035.00	2035.00	2036.00	2036.00	2037.00	2037.00	2037.00	2038.00	2038.00	2039.00	2039.00	2040.00	2040.00
2009.00	2008.00	2008.00	2008.00	2008.00	2008.00	2008.00	2008.00	2008.00	2008.00	2008.00	2008.00	2008.00	2008.00	2008.00	2008.00	2008.00	2008.00	2008.00	2007.00	2007.00	2007.00	2007.00	2007.00	2007.00	2008.00	2008.00	2008.00	2008.00	2008.00	2008.00	2008.00	2009.00	2009.00	2009.00	2009.00	2009.00	2010.00	2010.00	2010.00	2010.00	2010.00	2011.00	2011.00	2011.00	2012.00	2013.00	2013.00	2013.00	2013.00	2014.00	2015.00	2015.00	2015.00	2016.00	2016.00	2016.00	2017.00	2017.00	2018.00	2018.00	2018.00	2019.00	2019.00	2020.00	2020.00	2020.00	2020.00	2020.00	2021.00	2021.00	2021.00	2021.00	2021.00	2022.00	2022.00	2022.00	2022.00	2022.00	2022.00	2023.00	2023.00	2023.00	2023.00	2023.00	2023.00	2024.00	2024.00	2024.00	2024.00	2024.00	2024.00	2025.00	2025.00	2025.00	2025.00	2026.00	2026.00	2026.00	2026.00	2026.00	2026.00	2026.00	2027.00	2027.00	2027.00	2027.00	2028.00	2028.00	2028.00	2028.00	2028.00	2027.00	2027.00	2027.00	2027.00	2027.00	2027.00	2027.00	2027.00	2027.00	2027.00	2027.00	2027.00	2026.00	2026.00	2026.00	2026.00	2026.00	2026.00	2025.00	2025.00	2025.00	2024.00	2024.00	2024.00	2023.00	2023.00	2023.00	2023.00	2022.00	2022.00	2022.00	2022.00	2021.00	2021.00	2021.00	2021.00	2021.00	2021.00	2021.00	2021.00	2021.00	2021.00	2021.00	2021.00	2022.00	2022.00	2023.00	2023.00	2023.00	2023.00	2023.00	2023.00	2023.00	2024.00	2024.00	2024.00	2025.00	2025.00	2025.00	2025.00	2026.00	2026.00	2026.00	2026.00	2027.00	2027.00	2027.00	2028.00	2028.00	2028.00	2028.00	2029.00	2029.00	2029.00	2029.00	2029.00	2030.00	2030.00	2030.00	2030.00	2030.00	2030.00	2031.00	2031.00	2031.00	2031.00	2031.00	2031.00	2031.00	2031.00	2031.00	2031.00	2031.00	2031.00	2031.00	2031.00	2032.00	2032.00	2032.00	2032.00	2032.00	2032.00	2032.00	2032.00	2032.00	2032.00	2032.00	2032.00	2032.00	2032.00	2032.00	2032.00	2032.00	2032.00	2032.00	2032.00	2032.00	2032.00	2032.00	2032.00	2032.00	2033.00	2033.00	2033.00	2033.00	2033.00	2033.00	2034.00	2034.00	2034.00	2035.00	2035.00	2035.00	2036.00	2036.00	2037.00	2037.00	2037.00	2038.00	2038.00	2039.00	2039.00	2040.00	2040.00
2009.00	2008.00	2008.00	2008.00	2008.00	2008.00	2008.00	2008.00	2008.00	2008.00	2008.00	2008.00	2008.00	2008.00	2008.00	2008.00	2008.00	2008.00	2008.00	2007.00	2007.00	2007.00	2007.00	2007.00	2007.00	2008.00	2008.00	2008.00	2008.00	2008.00	2008.00	2008.00	2009.00	2009.00	2009.00	2009.00	2009.00	2010.00	2010.00	2010.00	2010.00	2010.00	2011.00	2011.00	2011.00	2012.00	2013.00	2013.00	2013.00	2013.00	2014.00	2015.00	2015.00	2015.00	2016.00	2016.00	2016.00	2017.00	2017.00	2018.00	2018.00	2018.00	2019.00	2019.00	2020.00	2020.00	2020.00	2020.00	2020.00	2021.00	2021.00	2021.00	2021.00	2021.00	2022.00	2022.00	2022.00	2022.00	2022.00	2022.00	2023.00	2023.00	2023.00	2023.00	2023.00	2023.00	2024.00	2024.00	2024.00	2024.00	2024.00	2024.00	2025.00	2025.00	2025.00	2025.00	2026.00	2026.00	2026.00	2026.00	2026.00	2026.00	2026.00	2027.00	2027.00	2027.00	2027.00	2028.00	2028.00	2028.00	2028.00	2028.00	2027.00	2027.00	2027.00	2027.00	2027.00	2027.00	2027.00	2027.00	2027.00	2027.00	2027.00	2027.00	2026.00	2026.00	2026.00	2026.00	2026.00	2026.00	2025.00	2025.00	2025.00	2024.00	2024.00	2024.00	2023.00	2023.00	2023.00	2023.00	2022.00	2022.00	2022.00	2022.00	2021.00	2021.00	2021.00	2021.00	2021.00	2021.00	2021.00	2021.00	2021.00	2021.00	2021.00	2021.00	2022.00	2022.00	2023.00	2023.00	2023.00	2023.00	2023.00	2023.00	2023.00	2024.00	2024.00	2024.00	2025.00	2025.00	2025.00	2025.00	2026.00	2026.00	2026.00	2026.00	2027.00	2027.00	2027.00	2028.00	2028.00	2028.00	2028.00	2029.00	2029.00	2029.00	2029.00	2029.00	2030.00	2030.00	2030.00	2030.00	2030.00	2030.00	2031.00	2031.00	2031.00	2031.00	2031.00	2031.00	2031.00	2031.00	2031.00	2031.00	2031.00	2031.00	2031.00	2031.00	2032.00	2032.00	2032.00	2032.00	2032.00	2032.00	2032.00	2032.00	2032.00	2032.00	2032.00	2032.00	2032.00	2032.00	2032.00	2032.00	2032.00	2032.00	2032.00	2032.00	2032.00	2032.00	2032.00	2032.00	2032.00	2033.00	2033.00	2033.00	2033.00	2033.00	2033.00	2034.00	2034.00	2034.00	2035.00	2035.00	2035.00	2036.00	2036.00	2037.00	2037.00	2037.00	2038.00	2038.00	2039.00	2039.00	2040.00	2040.00
2012.00	2012.00	2012.00	2012.00	2012.00	2012.00	2012.00	2012.00	2012.00	2012.00	2012.00	2012.00	2012.00	2012.00	2012.00	2012.00	2012.00	2012.00	2012.00	2012.00	2012.00	2012.00	2012.00	2012.00	2012.00	2012.00	2012.00	2012.00	2012.00	2012.00	2013.00	2013.00	2013.00	2013.00	2013.00	2013.00	2014.00	2014.00	2014.00	2014.00	2014.00	2015.00	2015.00	2016.00	2016.00	2016.00	2017.00	2017.00	2017.00	2017.00	2018.00	2018.00	2018.00	2019.00	2019.00	2020.00	2020.00	2020.00	2020.00	2021.00	2022.00	2022.00	2022.00	2022.00	2023.00	2023.00	2024.00	2024.00	2024.00	2025.00	2025.00	2025.00	2025.00	2025.00	2026.00	2026.00	2026.00	2026.00	2026.00	2026.00	2027.00	2027.00	2027.00	2027.00	2027.00	2027.00	2028.00	2028.00	2028.00	2028.00	2028.00	2028.00	2029.00	2029.00	2029.00	2029.00	2029.00	2029.00	2029.00	2029.00	2030.00	2030.00	2030.00	2030.00	2030.00	2030.00	2030.00	2030.00	2030.00	2030.00	2030.00	2030.00	2030.00	2030.00	2030.00	2030.00	2030.00	2030.00	2030.00	2029.00	2029.00	2029.00	2029.00	2029.00	2029.00	2029.00	2028.00	2028.00	2028.00	2028.00	2027.00	2027.00	2027.00	2027.00	2027.00	2026.00	2026.00	2026.00	2026.00	2025.00	2025.00	2025.00	2025.00	2025.00	2024.00	2024.00	2024.00	2024.00	2024.00	2024.00	2024.00	2024.00	2024.00	2024.00	2024.00	2024.00	2024.00	2024.00	2026.00	2026.00	2026.00	2026.00	2027.00	2027.00	2027.00	2028.00	2028.00	2028.00	2029.00	2029.00	2029.00	2029.00	2030.00	2030.00	2030.00	2030.00	2030.00	2031.00	2031.00	2031.00	2031.00	2031.00	2031.00	2032.00	2032.00	2032.00	2032.00	2032.00	2033.00	2033.00	2033.00	2033.00	2033.00	2033.00	2033.00	2033.00	2033.00	2033.00	2033.00	2033.00	2033.00	2033.00	2033.00	2033.00	2034.00	2034.00	2034.00	2034.00	2034.00	2034.00	2034.00	2034.00	2034.00	2034.00	2034.00	2034.00	2034.00	2034.00	2034.00	2034.00	2034.00	2034.00	2034.00	2034.00	2034.00	2034.00	2034.00	2034.00	2034.00	2034.00	2034.00	2035.00	2035.00	2035.00	2035.00	2035.00	2035.00	2035.00	2035.00	2036.00	2036.00	2036.00	2037.00	2037.00	2038.00	2038.00	2038.00	2039.00	2039.00	2039.00	2040.00	2040.00	2041.00	2041.00	2042.00	2042.00
2012.00	2012.00	2012.00	2012.00	2012.00	2012.00	2012.00	2012.00	2012.00	2012.00	2012.00	2012.00	2012.00	2012.00	2012.00	2012.00	2012.00	2012.00	2012.00	2012.00	2012.00	2012.00	2012.00	2012.00	2012.00	2012.00	2012.00	2012.00	2012.00	2012.00	2013.00	2013.00	2013.00	2013.00	2013.00	2013.00	2014.00	2014.00	2014.00	2014.00	2014.00	2015.00	2015.00	2016.00	2016.00	2016.00	2017.00	2017.00	2017.00	2017.00	2018.00	2018.00	2018.00	2019.00	2019.00	2020.00	2020.00	2020.00	2020.00	2021.00	2022.00	2022.00	2022.00	2022.00	2023.00	2023.00	2024.00	2024.00	2024.00	2025.00	2025.00	2025.00	2025.00	2025.00	2026.00	2026.00	2026.00	2026.00	2026.00	2026.00	2027.00	2027.00	2027.00	2027.00	2027.00	2027.00	2028.00	2028.00	2028.00	2028.00	2028.00	2028.00	2029.00	2029.00	2029.00	2029.00	2029.00	2029.00	2029.00	2029.00	2030.00	2030.00	2030.00	2030.00	2030.00	2030.00	2030.00	2030.00	2030.00	2030.00	2030.00	2030.00	2030.00	2030.00	2030.00	2030.00	2030.00	2030.00	2030.00	2029.00	2029.00	2029.00	2029.00	2029.00	2029.00	2029.00	2028.00	2028.00	2028.00	2028.00	2027.00	2027.00	2027.00	2027.00	2027.00	2026.00	2026.00	2026.00	2026.00	2025.00	2025.00	2025.00	2025.00	2025.00	2024.00	2024.00	2024.00	2024.00	2024.00	2024.00	2024.00	2024.00	2024.00	2024.00	2024.00	2024.00	2024.00	2024.00	2026.00	2026.00	2026.00	2026.00	2027.00	2027.00	2027.00	2028.00	2028.00	2028.00	2029.00	2029.00	2029.00	2029.00	2030.00	2030.00	2030.00	2030.00	2030.00	2031.00	2031.00	2031.00	2031.00	2031.00	2031.00	2032.00	2032.00	2032.00	2032.00	2032.00	2033.00	2033.00	2033.00	2033.00	2033.00	2033.00	2033.00	2033.00	2033.00	2033.00	2033.00	2033.00	2033.00	2033.00	2033.00	2033.00	2034.00	2034.00	2034.00	2034.00	2034.00	2034.00	2034.00	2034.00	2034.00	2034.00	2034.00	2034.00	2034.00	2034.00	2034.00	2034.00	2034.00	2034.00	2034.00	2034.00	2034.00	2034.00	2034.00	2034.00	2034.00	2034.00	2034.00	2035.00	2035.00	2035.00	2035.00	2035.00	2035.00	2035.00	2035.00	2036.00	2036.00	2036.00	2037.00	2037.00	2038.00	2038.00	2038.00	2039.00	2039.00	2039.00	2040.00	2040.00	2041.00	2041.00	2042.00	2042.00
2012.00	2012.00	2012.00	2012.00	2012.00	2012.00	2012.00	2012.00	2012.00	2012.00	2012.00	2012.00	2012.00	2012.00	2012.00	2012.00	2012.00	2012.00	2012.00	2012.00	2012.00	2012.00	2012.00	2012.00	2012.00	2012.00	2012.00	2012.00	2012.00	2012.00	2013.00	2013.00	2013.00	2013.00	2013.00	2013.00	2014.00	2014.00	2014.00	2014.00	2014.00	2015.00	2015.00	2016.00	2016.00	2016.00	2017.00	2017.00	2017.00	2017.00	2018.00	2018.00	2018.00	2019.00	2019.00	2020.00	2020.00	2020.00	2020.00	2021.00	2022.00	2022.00	2022.00	2022.00	2023.00	2023.00	2024.00	2024.00	2024.00	2025.00	2025.00	2025.00	2025.00	2025.00	2026.00	2026.00	2026.00	2026.00	2026.00	2026.00	2027.00	2027.00	2027.00	2027.00	2027.00	2027.00	2028.00	2028.00	2028.00	2028.00	2028.00	2028.00	2029.00	2029.00	2029.00	2029.00	2029.00	2029.00	2029.00	2029.00	2030.00	2030.00	2030.00	2030.00	2030.00	2030.00	2030.00	2030.00	2030.00	2030.00	2030.00	2030.00	2030.00	2030.00	2030.00	2030.00	2030.00	2030.00	2030.00	2029.00	2029.00	2029.00	2029.00	2029.00	2029.00	2029.00	2028.00	2028.00	2028.00	2028.00	2027.00	2027.00	2027.00	2027.00	2027.00	2026.00	2026.00	2026.00	2026.00	2025.00	2025.00	2025.00	2025.00	2025.00	2024.00	2024.00	2024.00	2024.00	2024.00	2024.00	2024.00	2024.00	2024.00	2024.00	2024.00	2024.00	2024.00	2024.00	2026.00	2026.00	2026.00	2026.00	2027.00	2027.00	2027.00	2028.00	2028.00	2028.00	2029.00	2029.00	2029.00	2029.00	2030.00	2030.00	2030.00	2030.00	2030.00	2031.00	2031.00	2031.00	2031.00	2031.00	2031.00	2032.00	2032.00	2032.00	2032.00	2032.00	2033.00	2033.00	2033.00	2033.00	2033.00	2033.00	2033.00	2033.00	2033.00	2033.00	2033.00	2033.00	2033.00	2033.00	2033.00	2033.00	2034.00	2034.00	2034.00	2034.00	2034.00	2034.00	2034.00	2034.00	2034.00	2034.00	2034.00	2034.00	2034.00	2034.00	2034.00	2034.00	2034.00	2034.00	2034.00	2034.00	2034.00	2034.00	2034.00	2034.00	2034.00	2034.00	2034.00	2035.00	2035.00	2035.00	2035.00	2035.00	2035.00	2035.00	2035.00	2036.00	2036.00	2036.00	2037.00	2037.00	2038.00	2038.00	2038.00	2039.00	2039.00	2039.00	2040.00	2040.00	2041.00	2041.00	2042.00	2042.00
2012.00	2012.00	2012.00	2012.00	2012.00	2012.00	2012.00	2012.00	2012.00	2012.00	2012.00	2012.00	2012.00	2012.00	2012.00	2012.00	2012.00	2012.00	2012.00	2012.00	2012.00	2012.00	2012.00	2012.00	2012.00	2012.00	2012.00	2012.00	2012.00	2012.00	2013.00	2013.00	2013.00	2013.00	2013.00	2013.00	2014.00	2014.00	2014.00	2014.00	2014.00	2015.00	2015.00	2016.00	2016.00	2016.00	2017.00	2017.00	2017.00	2017.00	2018.00	2018.00	2018.00	2019.00	2019.00	2020.00	2020.00	2020.00	2020.00	2021.00	2022.00	2022.00	2022.00	2022.00	2023.00	2023.00	2024.00	2024.00	2024.00	2025.00	2025.00	2025.00	2025.00	2025.00	2026.00	2026.00	2026.00	2026.00	2026.00	2026.00	2027.00	2027.00	2027.00	2027.00	2027.00	2027.00	2028.00	2028.00	2028.00	2028.00	2028.00	2028.00	2029.00	2029.00	2029.00	2029.00	2029.00	2029.00	2029.00	2029.00	2030.00	2030.00	2030.00	2030.00	2030.00	2030.00	2030.00	2030.00	2030.00	2030.00	2030.00	2030.00	2030.00	2030.00	2030.00	2030.00	2030.00	2030.00	2030.00	2029.00	2029.00	2029.00	2029.00	2029.00	2029.00	2029.00	2028.00	2028.00	2028.00	2028.00	2027.00	2027.00	2027.00	2027.00	2027.00	2026.00	2026.00	2026.00	2026.00	2025.00	2025.00	2025.00	2025.00	2025.00	2024.00	2024.00	2024.00	2024.00	2024.00	2024.00	2024.00	2024.00	2024.00	2024.00	2024.00	2024.00	2024.00	2024.00	2026.00	2026.00	2026.00	2026.00	2027.00	2027.00	2027.00	2028.00	2028.00	2028.00	2029.00	2029.00	2029.00	2029.00	2030.00	2030.00	2030.00	2030.00	2030.00	2031.00	2031.00	2031.00	2031.00	2031.00	2031.00	2032.00	2032.00	2032.00	2032.00	2032.00	2033.00	2033.00	2033.00	2033.00	2033.00	2033.00	2033.00	2033.00	2033.00	2033.00	2033.00	2033.00	2033.00	2033.00	2033.00	2033.00	2034.00	2034.00	2034.00	2034.00	2034.00	2034.00	2034.00	2034.00	2034.00	2034.00	2034.00	2034.00	2034.00	2034.00	2034.00	2034.00	2034.00	2034.00	2034.00	2034.00	2034.00	2034.00	2034.00	2034.00	2034.00	2034.00	2034.00	2035.00	2035.00	2035.00	2035.00	2035.00	2035.00	2035.00	2035.00	2036.00	2036.00	2036.00	2037.00	2037.00	2038.00	2038.00	2038.00	2039.00	2039.00	2039.00	2040.00	2040.00	2041.00	2041.00	2042.00	2042.00
2012.00	2012.00	2012.00	2012.00	2012.00	2012.00	2012.00	2012.00	2012.00	2012.00	2012.00	2012.00	2012.00	2012.00	2012.00	2012.00	2012.00	2012.00	2012.00	2012.00	2012.00	2012.00	2012.00	2012.00	2012.00	2012.00	2012.00	2012.00	2012.00	2012.00	2013.00	2013.00	2013.00	2013.00	2013.00	2013.00	2014.00	2014.00	2014.00	2014.00	2014.00	2015.00	2015.00	2016.00	2016.00	2016.00	2017.00	2017.00	2017.00	2017.00	2018.00	2018.00	2018.00	2019.00	2019.00	2020.00	2020.00	2020.00	2020.00	2021.00	2022.00	2022.00	2022.00	2022.00	2023.00	2023.00	2024.00	2024.00	2024.00	2025.00	2025.00	2025.00	2025.00	2025.00	2026.00	2026.00	2026.00	2026.00	2026.00	2026.00	2027.00	2027.00	2027.00	2027.00	2027.00	2027.00	2028.00	2028.00	2028.00	2028.00	2028.00	2028.00	2029.00	2029.00	2029.00	2029.00	2029.00	2029.00	2029.00	2029.00	2030.00	2030.00	2030.00	2030.00	2030.00	2030.00	2030.00	2030.00	2030.00	2030.00	2030.00	2030.00	2030.00	2030.00	2030.00	2030.00	2030.00	2030.00	2030.00	2029.00	2029.00	2029.00	2029.00	2029.00	2029.00	2029.00	2028.00	2028.00	2028.00	2028.00	2027.00	2027.00	2027.00	2027.00	2027.00	2026.00	2026.00	2026.00	2026.00	2025.00	2025.00	2025.00	2025.00	2025.00	2024.00	2024.00	2024.00	2024.00	2024.00	2024.00	2024.00	2024.00	2024.00	2024.00	2024.00	2024.00	2024.00	2024.00	2026.00	2026.00	2026.00	2026.00	2027.00	2027.00	2027.00	2028.00	2028.00	2028.00	2029.00	2029.00	2029.00	2029.00	2030.00	2030.00	2030.00	2030.00	2030.00	2031.00	2031.00	2031.00	2031.00	2031.00	2031.00	2032.00	2032.00	2032.00	2032.00	2032.00	2033.00	2033.00	2033.00	2033.00	2033.00	2033.00	2033.00	2033.00	2033.00	2033.00	2033.00	2033.00	2033.00	2033.00	2033.00	2033.00	2034.00	2034.00	2034.00	2034.00	2034.00	2034.00	2034.00	2034.00	2034.00	2034.00	2034.00	2034.00	2034.00	2034.00	2034.00	2034.00	2034.00	2034.00	2034.00	2034.00	2034.00	2034.00	2034.00	2034.00	2034.00	2034.00	2034.00	2035.00	2035.00	2035.00	2035.00	2035.00	2035.00	2035.00	2035.00	2036.00	2036.00	2036.00	2037.00	2037.00	2038.00	2038.00	2038.00	2039.00	2039.00	2039.00	2040.00	2040.00	2041.00	2041.00	2042.00	2042.00
2012.00	2012.00	2012.00	2012.00	2012.00	2012.00	2012.00	2012.00	2012.00	2012.00	2012.00	2012.00	2012.00	2012.00	2012.00	2012.00	2012.00	2012.00	2012.00	2012.00	2012.00	2012.00	2012.00	2012.00	2012.00	2012.00	2012.00	2012.00	2012.00	2012.00	2013.00	2013.00	2013.00	2013.00	2013.00	2013.00	2014.00	2014.00	2014.00	2014.00	2014.00	2015.00	2015.00	2016.00	2016.00	2016.00	2017.00	2017.00	2017.00	2017.00	2018.00	2018.00	2018.00	2019.00	2019.00	2020.00	2020.00	2020.00	2020.00	2021.00	2022.00	2022.00	2022.00	2022.00	2023.00	2023.00	2024.00	2024.00	2024.00	2025.00	2025.00	2025.00	2025.00	2025.00	2026.00	2026.00	2026.00	2026.00	2026.00	2026.00	2027.00	2027.00	2027.00	2027.00	2027.00	2027.00	2028.00	2028.00	2028.00	2028.00	2028.00	2028.00	2029.00	2029.00	2029.00	2029.00	2029.00	2029.00	2029.00	2029.00	2030.00	2030.00	2030.00	2030.00	2030.00	2030.00	2030.00	2030.00	2030.00	2030.00	2030.00	2030.00	2030.00	2030.00	2030.00	2030.00	2030.00	2030.00	2030.00	2029.00	2029.00	2029.00	2029.00	2029.00	2029.00	2029.00	2028.00	2028.00	2028.00	2028.00	2027.00	2027.00	2027.00	2027.00	2027.00	2026.00	2026.00	2026.00	2026.00	2025.00	2025.00	2025.00	2025.00	2025.00	2024.00	2024.00	2024.00	2024.00	2024.00	2024.00	2024.00	2024.00	2024.00	2024.00	2024.00	2024.00	2024.00	2024.00	2026.00	2026.00	2026.00	2026.00	2027.00	2027.00	2027.00	2028.00	2028.00	2028.00	2029.00	2029.00	2029.00	2029.00	2030.00	2030.00	2030.00	2030.00	2030.00	2031.00	2031.00	2031.00	2031.00	2031.00	2031.00	2032.00	2032.00	2032.00	2032.00	2032.00	2033.00	2033.00	2033.00	2033.00	2033.00	2033.00	2033.00	2033.00	2033.00	2033.00	2033.00	2033.00	2033.00	2033.00	2033.00	2033.00	2034.00	2034.00	2034.00	2034.00	2034.00	2034.00	2034.00	2034.00	2034.00	2034.00	2034.00	2034.00	2034.00	2034.00	2034.00	2034.00	2034.00	2034.00	2034.00	2034.00	2034.00	2034.00	2034.00	2034.00	2034.00	2034.00	2034.00	2035.00	2035.00	2035.00	2035.00	2035.00	2035.00	2035.00	2035.00	2036.00	2036.00	2036.00	2037.00	2037.00	2038.00	2038.00	2038.00	2039.00	2039.00	2039.00	2040.00	2040.00	2041.00	2041.00	2042.00	2042.00
2012.00	2012.00	2012.00	2012.00	2012.00	2012.00	2012.00	2012.00	2012.00	2012.00	2012.00	2012.00	2012.00	2012.00	2012.00	2012.00	2012.00	2012.00	2012.00	2012.00	2012.00	2012.00	2012.00	2012.00	2012.00	2012.00	2012.00	2012.00	2012.00	2012.00	2013.00	2013.00	2013.00	2013.00	2013.00	2013.00	2014.00	2014.00	2014.00	2014.00	2014.00	2015.00	2015.00	2016.00	2016.00	2016.00	2017.00	2017.00	2017.00	2017.00	2018.00	2018.00	2018.00	2019.00	2019.00	2020.00	2020.00	2020.00	2020.00	2021.00	2022.00	2022.00	2022.00	2022.00	2023.00	2023.00	2024.00	2024.00	2024.00	2025.00	2025.00	2025.00	2025.00	2025.00	2026.00	2026.00	2026.00	2026.00	2026.00	2026.00	2027.00	2027.00	2027.00	2027.00	2027.00	2027.00	2028.00	2028.00	2028.00	2028.00	2028.00	2028.00	2029.00	2029.00	2029.00	2029.00	2029.00	2029.00	2029.00	2029.00	2030.00	2030.00	2030.00	2030.00	2030.00	2030.00	2030.00	2030.00	2030.00	2030.00	2030.00	2030.00	2030.00	2030.00	2030.00	2030.00	2030.00	2030.00	2030.00	2029.00	2029.00	2029.00	2029.00	2029.00	2029.00	2029.00	2028.00	2028.00	2028.00	2028.00	2027.00	2027.00	2027.00	2027.00	2027.00	2026.00	2026.00	2026.00	2026.00	2025.00	2025.00	2025.00	2025.00	2025.00	2024.00	2024.00	2024.00	2024.00	2024.00	2024.00	2024.00	2024.00	2024.00	2024.00	2024.00	2024.00	2024.00	2024.00	2026.00	2026.00	2026.00	2026.00	2027.00	2027.00	2027.00	2028.00	2028.00	2028.00	2029.00	2029.00	2029.00	2029.00	2030.00	2030.00	2030.00	2030.00	2030.00	2031.00	2031.00	2031.00	2031.00	2031.00	2031.00	2032.00	2032.00	2032.00	2032.00	2032.00	2033.00	2033.00	2033.00	2033.00	2033.00	2033.00	2033.00	2033.00	2033.00	2033.00	2033.00	2033.00	2033.00	2033.00	2033.00	2033.00	2034.00	2034.00	2034.00	2034.00	2034.00	2034.00	2034.00	2034.00	2034.00	2034.00	2034.00	2034.00	2034.00	2034.00	2034.00	2034.00	2034.00	2034.00	2034.00	2034.00	2034.00	2034.00	2034.00	2034.00	2034.00	2034.00	2034.00	2035.00	2035.00	2035.00	2035.00	2035.00	2035.00	2035.00	2035.00	2036.00	2036.00	2036.00	2037.00	2037.00	2038.00	2038.00	2038.00	2039.00	2039.00	2039.00	2040.00	2040.00	2041.00	2041.00	2042.00	2042.00
2012.00	2012.00	2012.00	2012.00	2012.00	2012.00	2012.00	2012.00	2012.00	2012.00	2012.00	2012.00	2012.00	2012.00	2012.00	2012.00	2012.00	2012.00	2012.00	2012.00	2012.00	2012.00	2012.00	2012.00	2012.00	2012.00	2012.00	2012.00	2012.00	2012.00	2013.00	2013.00	2013.00	2013.00	2013.00	2013.00	2014.00	2014.00	2014.00	2014.00	2014.00	2015.00	2015.00	2016.00	2016.00	2016.00	2017.00	2017.00	2017.00	2017.00	2018.00	2018.00	2018.00	2019.00	2019.00	2020.00	2020.00	2020.00	2020.00	2021.00	2022.00	2022.00	2022.00	2022.00	2023.00	2023.00	2024.00	2024.00	2024.00	2025.00	2025.00	2025.00	2025.00	2025.00	2026.00	2026.00	2026.00	2026.00	2026.00	2026.00	2027.00	2027.00	2027.00	2027.00	2027.00	2027.00	2028.00	2028.00	2028.00	2028.00	2028.00	2028.00	2029.00	2029.00	2029.00	2029.00	2029.00	2029.00	2029.00	2029.00	2030.00	2030.00	2030.00	2030.00	2030.00	2030.00	2030.00	2030.00	2030.00	2030.00	2030.00	2030.00	2030.00	2030.00	2030.00	2030.00	2030.00	2030.00	2030.00	2029.00	2029.00	2029.00	2029.00	2029.00	2029.00	2029.00	2028.00	2028.00	2028.00	2028.00	2027.00	2027.00	2027.00	2027.00	2027.00	2026.00	2026.00	2026.00	2026.00	2025.00	2025.00	2025.00	2025.00	2025.00	2024.00	2024.00	2024.00	2024.00	2024.00	2024.00	2024.00	2024.00	2024.00	2024.00	2024.00	2024.00	2024.00	2024.00	2026.00	2026.00	2026.00	2026.00	2027.00	2027.00	2027.00	2028.00	2028.00	2028.00	2029.00	2029.00	2029.00	2029.00	2030.00	2030.00	2030.00	2030.00	2030.00	2031.00	2031.00	2031.00	2031.00	2031.00	2031.00	2032.00	2032.00	2032.00	2032.00	2032.00	2033.00	2033.00	2033.00	2033.00	2033.00	2033.00	2033.00	2033.00	2033.00	2033.00	2033.00	2033.00	2033.00	2033.00	2033.00	2033.00	2034.00	2034.00	2034.00	2034.00	2034.00	2034.00	2034.00	2034.00	2034.00	2034.00	2034.00	2034.00	2034.00	2034.00	2034.00	2034.00	2034.00	2034.00	2034.00	2034.00	2034.00	2034.00	2034.00	2034.00	2034.00	2034.00	2034.00	2035.00	2035.00	2035.00	2035.00	2035.00	2035.00	2035.00	2035.00	2036.00	2036.00	2036.00	2037.00	2037.00	2038.00	2038.00	2038.00	2039.00	2039.00	2039.00	2040.00	2040.00	2041.00	2041.00	2042.00	2042.00
2012.00	2012.00	2012.00	2012.00	2012.00	2012.00	2012.00	2012.00	2012.00	2012.00	2012.00	2012.00	2012.00	2012.00	2012.00	2012.00	2012.00	2012.00	2012.00	2012.00	2012.00	2012.00	2012.00	2012.00	2012.00	2012.00	2012.00	2012.00	2012.00	2012.00	2013.00	2013.00	2013.00	2013.00	2013.00	2013.00	2014.00	2014.00	2014.00	2014.00	2014.00	2015.00	2015.00	2016.00	2016.00	2016.00	2017.00	2017.00	2017.00	2017.00	2018.00	2018.00	2018.00	2019.00	2019.00	2020.00	2020.00	2020.00	2020.00	2021.00	2022.00	2022.00	2022.00	2022.00	2023.00	2023.00	2024.00	2024.00	2024.00	2025.00	2025.00	2025.00	2025.00	2025.00	2026.00	2026.00	2026.00	2026.00	2026.00	2026.00	2027.00	2027.00	2027.00	2027.00	2027.00	2027.00	2028.00	2028.00	2028.00	2028.00	2028.00	2028.00	2029.00	2029.00	2029.00	2029.00	2029.00	2029.00	2029.00	2029.00	2030.00	2030.00	2030.00	2030.00	2030.00	2030.00	2030.00	2030.00	2030.00	2030.00	2030.00	2030.00	2030.00	2030.00	2030.00	2030.00	2030.00	2030.00	2030.00	2029.00	2029.00	2029.00	2029.00	2029.00	2029.00	2029.00	2028.00	2028.00	2028.00	2028.00	2027.00	2027.00	2027.00	2027.00	2027.00	2026.00	2026.00	2026.00	2026.00	2025.00	2025.00	2025.00	2025.00	2025.00	2024.00	2024.00	2024.00	2024.00	2024.00	2024.00	2024.00	2024.00	2024.00	2024.00	2024.00	2024.00	2024.00	2024.00	2026.00	2026.00	2026.00	2026.00	2027.00	2027.00	2027.00	2028.00	2028.00	2028.00	2029.00	2029.00	2029.00	2029.00	2030.00	2030.00	2030.00	2030.00	2030.00	2031.00	2031.00	2031.00	2031.00	2031.00	2031.00	2032.00	2032.00	2032.00	2032.00	2032.00	2033.00	2033.00	2033.00	2033.00	2033.00	2033.00	2033.00	2033.00	2033.00	2033.00	2033.00	2033.00	2033.00	2033.00	2033.00	2033.00	2034.00	2034.00	2034.00	2034.00	2034.00	2034.00	2034.00	2034.00	2034.00	2034.00	2034.00	2034.00	2034.00	2034.00	2034.00	2034.00	2034.00	2034.00	2034.00	2034.00	2034.00	2034.00	2034.00	2034.00	2034.00	2034.00	2034.00	2035.00	2035.00	2035.00	2035.00	2035.00	2035.00	2035.00	2035.00	2036.00	2036.00	2036.00	2037.00	2037.00	2038.00	2038.00	2038.00	2039.00	2039.00	2039.00	2040.00	2040.00	2041.00	2041.00	2042.00	2042.00
2015.00	2015.00	2015.00	2015.00	2015.00	2015.00	2015.00	2015.00	2015.00	2015.00	2015.00	2015.00	2015.00	2015.00	2015.00	2015.00	2016.00	2016.00	2016.00	2016.00	2016.00	2016.00	2016.00	2016.00	2016.00	2016.00	2016.00	2016.00	2016.00	2016.00	2016.00	2016.00	2017.00	2017.00	2017.00	2017.00	2018.00	2018.00	2018.00	2019.00	2019.00	2019.00	2020.00	2020.00	2020.00	2020.00	2021.00	2021.00	2021.00	2021.00	2022.00	2022.00	2022.00	2023.00	2023.00	2024.00	2024.00	2024.00	2024.00	2025.00	2026.00	2026.00	2026.00	2026.00	2027.00	2027.00	2028.00	2028.00	2028.00	2029.00	2029.00	2029.00	2029.00	2029.00	2029.00	2030.00	2030.00	2030.00	2030.00	2030.00	2030.00	2030.00	2031.00	2031.00	2031.00	2031.00	2031.00	2032.00	2032.00	2032.00	2032.00	2032.00	2032.00	2032.00	2033.00	2033.00	2033.00	2033.00	2033.00	2033.00	2033.00	2033.00	2033.00	2033.00	2033.00	2034.00	2034.00	2033.00	2033.00	2033.00	2033.00	2033.00	2033.00	2033.00	2033.00	2033.00	2033.00	2033.00	2032.00	2032.00	2032.00	2032.00	2032.00	2032.00	2031.00	2031.00	2031.00	2031.00	2030.00	2030.00	2030.00	2030.00	2030.00	2029.00	2029.00	2029.00	2029.00	2029.00	2029.00	2028.00	2028.00	2028.00	2028.00	2028.00	2028.00	2028.00	2028.00	2028.00	2028.00	2027.00	2027.00	2027.00	2027.00	2027.00	2028.00	2028.00	2028.00	2028.00	2029.00	2029.00	2029.00	2029.00	2030.00	2030.00	2030.00	2031.00	2031.00	2031.00	2032.00	2032.00	2032.00	2032.00	2033.00	2033.00	2033.00	2033.00	2033.00	2034.00	2034.00	2034.00	2034.00	2034.00	2034.00	2035.00	2035.00	2035.00	2035.00	2035.00	2035.00	2035.00	2035.00	2035.00	2035.00	2035.00	2035.00	2035.00	2035.00	2035.00	2035.00	2035.00	2035.00	2035.00	2035.00	2035.00	2035.00	2035.00	2035.00	2035.00	2035.00	2035.00	2035.00	2035.00	2035.00	2035.00	2035.00	2035.00	2035.00	2035.00	2035.00	2035.00	2035.00	2035.00	2035.00	2035.00	2035.00	2035.00	2035.00	2035.00	2035.00	2036.00	2036.00	2036.00	2036.00	2036.00	2036.00	2037.00	2037.00	2037.00	2037.00	2038.00	2038.00	2038.00	2039.00	2039.00	2039.00	2040.00	2040.00	2040.00	2041.00	2041.00	2042.00	2042.00	2042.00	2043.00	2044.00	2044.00
2015.00	2015.00	2015.00	2015.00	2015.00	2015.00	2015.00	2015.00	2015.00	2015.00	2015.00	2015.00	2015.00	2015.00	2015.00	2015.00	2016.00	2016.00	2016.00	2016.00	2016.00	2016.00	2016.00	2016.00	2016.00	2016.00	2016.00	2016.00	2016.00	2016.00	2016.00	2016.00	2017.00	2017.00	2017.00	2017.00	2018.00	2018.00	2018.00	2019.00	2019.00	2019.00	2020.00	2020.00	2020.00	2020.00	2021.00	2021.00	2021.00	2021.00	2022.00	2022.00	2022.00	2023.00	2023.00	2024.00	2024.00	2024.00	2024.00	2025.00	2026.00	2026.00	2026.00	2026.00	2027.00	2027.00	2028.00	2028.00	2028.00	2029.00	2029.00	2029.00	2029.00	2029.00	2029.00	2030.00	2030.00	2030.00	2030.00	2030.00	2030.00	2030.00	2031.00	2031.00	2031.00	2031.00	2031.00	2032.00	2032.00	2032.00	2032.00	2032.00	2032.00	2032.00	2033.00	2033.00	2033.00	2033.00	2033.00	2033.00	2033.00	2033.00	2033.00	2033.00	2033.00	2034.00	2034.00	2033.00	2033.00	2033.00	2033.00	2033.00	2033.00	2033.00	2033.00	2033.00	2033.00	2033.00	2032.00	2032.00	2032.00	2032.00	2032.00	2032.00	2031.00	2031.00	2031.00	2031.00	2030.00	2030.00	2030.00	2030.00	2030.00	2029.00	2029.00	2029.00	2029.00	2029.00	2029.00	2028.00	2028.00	2028.00	2028.00	2028.00	2028.00	2028.00	2028.00	2028.00	2028.00	2027.00	2027.00	2027.00	2027.00	2027.00	2028.00	2028.00	2028.00	2028.00	2029.00	2029.00	2029.00	2029.00	2030.00	2030.00	2030.00	2031.00	2031.00	2031.00	2032.00	2032.00	2032.00	2032.00	2033.00	2033.00	2033.00	2033.00	2033.00	2034.00	2034.00	2034.00	2034.00	2034.00	2034.00	2035.00	2035.00	2035.00	2035.00	2035.00	2035.00	2035.00	2035.00	2035.00	2035.00	2035.00	2035.00	2035.00	2035.00	2035.00	2035.00	2035.00	2035.00	2035.00	2035.00	2035.00	2035.00	2035.00	2035.00	2035.00	2035.00	2035.00	2035.00	2035.00	2035.00	2035.00	2035.00	2035.00	2035.00	2035.00	2035.00	2035.00	2035.00	2035.00	2035.00	2035.00	2035.00	2035.00	2035.00	2035.00	2035.00	2036.00	2036.00	2036.00	2036.00	2036.00	2036.00	2037.00	2037.00	2037.00	2037.00	2038.00	2038.00	2038.00	2039.00	2039.00	2039.00	2040.00	2040.00	2040.00	2041.00	2041.00	2042.00	2042.00	2042.00	2043.00	2044.00	2044.00
2015.00	2015.00	2015.00	2015.00	2015.00	2015.00	2015.00	2015.00	2015.00	2015.00	2015.00	2015.00	2015.00	2015.00	2015.00	2015.00	2016.00	2016.00	2016.00	2016.00	2016.00	2016.00	2016.00	2016.00	2016.00	2016.00	2016.00	2016.00	2016.00	2016.00	2016.00	2016.00	2017.00	2017.00	2017.00	2017.00	2018.00	2018.00	2018.00	2019.00	2019.00	2019.00	2020.00	2020.00	2020.00	2020.00	2021.00	2021.00	2021.00	2021.00	2022.00	2022.00	2022.00	2023.00	2023.00	2024.00	2024.00	2024.00	2024.00	2025.00	2026.00	2026.00	2026.00	2026.00	2027.00	2027.00	2028.00	2028.00	2028.00	2029.00	2029.00	2029.00	2029.00	2029.00	2029.00	2030.00	2030.00	2030.00	2030.00	2030.00	2030.00	2030.00	2031.00	2031.00	2031.00	2031.00	2031.00	2032.00	2032.00	2032.00	2032.00	2032.00	2032.00	2032.00	2033.00	2033.00	2033.00	2033.00	2033.00	2033.00	2033.00	2033.00	2033.00	2033.00	2033.00	2034.00	2034.00	2033.00	2033.00	2033.00	2033.00	2033.00	2033.00	2033.00	2033.00	2033.00	2033.00	2033.00	2032.00	2032.00	2032.00	2032.00	2032.00	2032.00	2031.00	2031.00	2031.00	2031.00	2030.00	2030.00	2030.00	2030.00	2030.00	2029.00	2029.00	2029.00	2029.00	2029.00	2029.00	2028.00	2028.00	2028.00	2028.00	2028.00	2028.00	2028.00	2028.00	2028.00	2028.00	2027.00	2027.00	2027.00	2027.00	2027.00	2028.00	2028.00	2028.00	2028.00	2029.00	2029.00	2029.00	2029.00	2030.00	2030.00	2030.00	2031.00	2031.00	2031.00	2032.00	2032.00	2032.00	2032.00	2033.00	2033.00	2033.00	2033.00	2033.00	2034.00	2034.00	2034.00	2034.00	2034.00	2034.00	2035.00	2035.00	2035.00	2035.00	2035.00	2035.00	2035.00	2035.00	2035.00	2035.00	2035.00	2035.00	2035.00	2035.00	2035.00	2035.00	2035.00	2035.00	2035.00	2035.00	2035.00	2035.00	2035.00	2035.00	2035.00	2035.00	2035.00	2035.00	2035.00	2035.00	2035.00	2035.00	2035.00	2035.00	2035.00	2035.00	2035.00	2035.00	2035.00	2035.00	2035.00	2035.00	2035.00	2035.00	2035.00	2035.00	2036.00	2036.00	2036.00	2036.00	2036.00	2036.00	2037.00	2037.00	2037.00	2037.00	2038.00	2038.00	2038.00	2039.00	2039.00	2039.00	2040.00	2040.00	2040.00	2041.00	2041.00	2042.00	2042.00	2042.00	2043.00	2044.00	2044.00
2015.00	2015.00	2015.00	2015.00	2015.00	2015.00	2015.00	2015.00	2015.00	2015.00	2015.00	2015.00	2015.00	2015.00	2015.00	2015.00	2016.00	2016.00	2016.00	2016.00	2016.00	2016.00	2016.00	2016.00	2016.00	2016.00	2016.00	2016.00	2016.00	2016.00	2016.00	2016.00	2017.00	2017.00	2017.00	2017.00	2018.00	2018.00	2018.00	2019.00	2019.00	2019.00	2020.00	2020.00	2020.00	2020.00	2021.00	2021.00	2021.00	2021.00	2022.00	2022.00	2022.00	2023.00	2023.00	2024.00	2024.00	2024.00	2024.00	2025.00	2026.00	2026.00	2026.00	2026.00	2027.00	2027.00	2028.00	2028.00	2028.00	2029.00	2029.00	2029.00	2029.00	2029.00	2029.00	2030.00	2030.00	2030.00	2030.00	2030.00	2030.00	2030.00	2031.00	2031.00	2031.00	2031.00	2031.00	2032.00	2032.00	2032.00	2032.00	2032.00	2032.00	2032.00	2033.00	2033.00	2033.00	2033.00	2033.00	2033.00	2033.00	2033.00	2033.00	2033.00	2033.00	2034.00	2034.00	2033.00	2033.00	2033.00	2033.00	2033.00	2033.00	2033.00	2033.00	2033.00	2033.00	2033.00	2032.00	2032.00	2032.00	2032.00	2032.00	2032.00	2031.00	2031.00	2031.00	2031.00	2030.00	2030.00	2030.00	2030.00	2030.00	2029.00	2029.00	2029.00	2029.00	2029.00	2029.00	2028.00	2028.00	2028.00	2028.00	2028.00	2028.00	2028.00	2028.00	2028.00	2028.00	2027.00	2027.00	2027.00	2027.00	2027.00	2028.00	2028.00	2028.00	2028.00	2029.00	2029.00	2029.00	2029.00	2030.00	2030.00	2030.00	2031.00	2031.00	2031.00	2032.00	2032.00	2032.00	2032.00	2033.00	2033.00	2033.00	2033.00	2033.00	2034.00	2034.00	2034.00	2034.00	2034.00	2034.00	2035.00	2035.00	2035.00	2035.00	2035.00	2035.00	2035.00	2035.00	2035.00	2035.00	2035.00	2035.00	2035.00	2035.00	2035.00	2035.00	2035.00	2035.00	2035.00	2035.00	2035.00	2035.00	2035.00	2035.00	2035.00	2035.00	2035.00	2035.00	2035.00	2035.00	2035.00	2035.00	2035.00	2035.00	2035.00	2035.00	2035.00	2035.00	2035.00	2035.00	2035.00	2035.00	2035.00	2035.00	2035.00	2035.00	2036.00	2036.00	2036.00	2036.00	2036.00	2036.00	2037.00	2037.00	2037.00	2037.00	2038.00	2038.00	2038.00	2039.00	2039.00	2039.00	2040.00	2040.00	2040.00	2041.00	2041.00	2042.00	2042.00	2042.00	2043.00	2044.00	2044.00
2015.00	2015.00	2015.00	2015.00	2015.00	2015.00	2015.00	2015.00	2015.00	2015.00	2015.00	2015.00	2015.00	2015.00	2015.00	2015.00	2016.00	2016.00	2016.00	2016.00	2016.00	2016.00	2016.00	2016.00	2016.00	2016.00	2016.00	2016.00	2016.00	2016.00	2016.00	2016.00	2017.00	2017.00	2017.00	2017.00	2018.00	2018.00	2018.00	2019.00	2019.00	2019.00	2020.00	2020.00	2020.00	2020.00	2021.00	2021.00	2021.00	2021.00	2022.00	2022.00	2022.00	2023.00	2023.00	2024.00	2024.00	2024.00	2024.00	2025.00	2026.00	2026.00	2026.00	2026.00	2027.00	2027.00	2028.00	2028.00	2028.00	2029.00	2029.00	2029.00	2029.00	2029.00	2029.00	2030.00	2030.00	2030.00	2030.00	2030.00	2030.00	2030.00	2031.00	2031.00	2031.00	2031.00	2031.00	2032.00	2032.00	2032.00	2032.00	2032.00	2032.00	2032.00	2033.00	2033.00	2033.00	2033.00	2033.00	2033.00	2033.00	2033.00	2033.00	2033.00	2033.00	2034.00	2034.00	2033.00	2033.00	2033.00	2033.00	2033.00	2033.00	2033.00	2033.00	2033.00	2033.00	2033.00	2032.00	2032.00	2032.00	2032.00	2032.00	2032.00	2031.00	2031.00	2031.00	2031.00	2030.00	2030.00	2030.00	2030.00	2030.00	2029.00	2029.00	2029.00	2029.00	2029.00	2029.00	2028.00	2028.00	2028.00	2028.00	2028.00	2028.00	2028.00	2028.00	2028.00	2028.00	2027.00	2027.00	2027.00	2027.00	2027.00	2028.00	2028.00	2028.00	2028.00	2029.00	2029.00	2029.00	2029.00	2030.00	2030.00	2030.00	2031.00	2031.00	2031.00	2032.00	2032.00	2032.00	2032.00	2033.00	2033.00	2033.00	2033.00	2033.00	2034.00	2034.00	2034.00	2034.00	2034.00	2034.00	2035.00	2035.00	2035.00	2035.00	2035.00	2035.00	2035.00	2035.00	2035.00	2035.00	2035.00	2035.00	2035.00	2035.00	2035.00	2035.00	2035.00	2035.00	2035.00	2035.00	2035.00	2035.00	2035.00	2035.00	2035.00	2035.00	2035.00	2035.00	2035.00	2035.00	2035.00	2035.00	2035.00	2035.00	2035.00	2035.00	2035.00	2035.00	2035.00	2035.00	2035.00	2035.00	2035.00	2035.00	2035.00	2035.00	2036.00	2036.00	2036.00	2036.00	2036.00	2036.00	2037.00	2037.00	2037.00	2037.00	2038.00	2038.00	2038.00	2039.00	2039.00	2039.00	2040.00	2040.00	2040.00	2041.00	2041.00	2042.00	2042.00	2042.00	2043.00	2044.00	2044.00
2015.00	2015.00	2015.00	2015.00	2015.00	2015.00	2015.00	2015.00	2015.00	2015.00	2015.00	2015.00	2015.00	2015.00	2015.00	2015.00	2016.00	2016.00	2016.00	2016.00	2016.00	2016.00	2016.00	2016.00	2016.00	2016.00	2016.00	2016.00	2016.00	2016.00	2016.00	2016.00	2017.00	2017.00	2017.00	2017.00	2018.00	2018.00	2018.00	2019.00	2019.00	2019.00	2020.00	2020.00	2020.00	2020.00	2021.00	2021.00	2021.00	2021.00	2022.00	2022.00	2022.00	2023.00	2023.00	2024.00	2024.00	2024.00	2024.00	2025.00	2026.00	2026.00	2026.00	2026.00	2027.00	2027.00	2028.00	2028.00	2028.00	2029.00	2029.00	2029.00	2029.00	2029.00	2029.00	2030.00	2030.00	2030.00	2030.00	2030.00	2030.00	2030.00	2031.00	2031.00	2031.00	2031.00	2031.00	2032.00	2032.00	2032.00	2032.00	2032.00	2032.00	2032.00	2033.00	2033.00	2033.00	2033.00	2033.00	2033.00	2033.00	2033.00	2033.00	2033.00	2033.00	2034.00	2034.00	2033.00	2033.00	2033.00	2033.00	2033.00	2033.00	2033.00	2033.00	2033.00	2033.00	2033.00	2032.00	2032.00	2032.00	2032.00	2032.00	2032.00	2031.00	2031.00	2031.00	2031.00	2030.00	2030.00	2030.00	2030.00	2030.00	2029.00	2029.00	2029.00	2029.00	2029.00	2029.00	2028.00	2028.00	2028.00	2028.00	2028.00	2028.00	2028.00	2028.00	2028.00	2028.00	2027.00	2027.00	2027.00	2027.00	2027.00	2028.00	2028.00	2028.00	2028.00	2029.00	2029.00	2029.00	2029.00	2030.00	2030.00	2030.00	2031.00	2031.00	2031.00	2032.00	2032.00	2032.00	2032.00	2033.00	2033.00	2033.00	2033.00	2033.00	2034.00	2034.00	2034.00	2034.00	2034.00	2034.00	2035.00	2035.00	2035.00	2035.00	2035.00	2035.00	2035.00	2035.00	2035.00	2035.00	2035.00	2035.00	2035.00	2035.00	2035.00	2035.00	2035.00	2035.00	2035.00	2035.00	2035.00	2035.00	2035.00	2035.00	2035.00	2035.00	2035.00	2035.00	2035.00	2035.00	2035.00	2035.00	2035.00	2035.00	2035.00	2035.00	2035.00	2035.00	2035.00	2035.00	2035.00	2035.00	2035.00	2035.00	2035.00	2035.00	2036.00	2036.00	2036.00	2036.00	2036.00	2036.00	2037.00	2037.00	2037.00	2037.00	2038.00	2038.00	2038.00	2039.00	2039.00	2039.00	2040.00	2040.00	2040.00	2041.00	2041.00	2042.00	2042.00	2042.00	2043.00	2044.00	2044.00
2015.00	2015.00	2015.00	2015.00	2015.00	2015.00	2015.00	2015.00	2015.00	2015.00	2015.00	2015.00	2015.00	2015.00	2015.00	2015.00	2016.00	2016.00	2016.00	2016.00	2016.00	2016.00	2016.00	2016.00	2016.00	2016.00	2016.00	2016.00	2016.00	2016.00	2016.00	2016.00	2017.00	2017.00	2017.00	2017.00	2018.00	2018.00	2018.00	2019.00	2019.00	2019.00	2020.00	2020.00	2020.00	2020.00	2021.00	2021.00	2021.00	2021.00	2022.00	2022.00	2022.00	2023.00	2023.00	2024.00	2024.00	2024.00	2024.00	2025.00	2026.00	2026.00	2026.00	2026.00	2027.00	2027.00	2028.00	2028.00	2028.00	2029.00	2029.00	2029.00	2029.00	2029.00	2029.00	2030.00	2030.00	2030.00	2030.00	2030.00	2030.00	2030.00	2031.00	2031.00	2031.00	2031.00	2031.00	2032.00	2032.00	2032.00	2032.00	2032.00	2032.00	2032.00	2033.00	2033.00	2033.00	2033.00	2033.00	2033.00	2033.00	2033.00	2033.00	2033.00	2033.00	2034.00	2034.00	2033.00	2033.00	2033.00	2033.00	2033.00	2033.00	2033.00	2033.00	2033.00	2033.00	2033.00	2032.00	2032.00	2032.00	2032.00	2032.00	2032.00	2031.00	2031.00	2031.00	2031.00	2030.00	2030.00	2030.00	2030.00	2030.00	2029.00	2029.00	2029.00	2029.00	2029.00	2029.00	2028.00	2028.00	2028.00	2028.00	2028.00	2028.00	2028.00	2028.00	2028.00	2028.00	2027.00	2027.00	2027.00	2027.00	2027.00	2028.00	2028.00	2028.00	2028.00	2029.00	2029.00	2029.00	2029.00	2030.00	2030.00	2030.00	2031.00	2031.00	2031.00	2032.00	2032.00	2032.00	2032.00	2033.00	2033.00	2033.00	2033.00	2033.00	2034.00	2034.00	2034.00	2034.00	2034.00	2034.00	2035.00	2035.00	2035.00	2035.00	2035.00	2035.00	2035.00	2035.00	2035.00	2035.00	2035.00	2035.00	2035.00	2035.00	2035.00	2035.00	2035.00	2035.00	2035.00	2035.00	2035.00	2035.00	2035.00	2035.00	2035.00	2035.00	2035.00	2035.00	2035.00	2035.00	2035.00	2035.00	2035.00	2035.00	2035.00	2035.00	2035.00	2035.00	2035.00	2035.00	2035.00	2035.00	2035.00	2035.00	2035.00	2035.00	2036.00	2036.00	2036.00	2036.00	2036.00	2036.00	2037.00	2037.00	2037.00	2037.00	2038.00	2038.00	2038.00	2039.00	2039.00	2039.00	2040.00	2040.00	2040.00	2041.00	2041.00	2042.00	2042.00	2042.00	2043.00	2044.00	2044.00
2015.00	2015.00	2015.00	2015.00	2015.00	2015.00	2015.00	2015.00	2015.00	2015.00	2015.00	2015.00	2015.00	2015.00	2015.00	2015.00	2016.00	2016.00	2016.00	2016.00	2016.00	2016.00	2016.00	2016.00	2016.00	2016.00	2016.00	2016.00	2016.00	2016.00	2016.00	2016.00	2017.00	2017.00	2017.00	2017.00	2018.00	2018.00	2018.00	2019.00	2019.00	2019.00	2020.00	2020.00	2020.00	2020.00	2021.00	2021.00	2021.00	2021.00	2022.00	2022.00	2022.00	2023.00	2023.00	2024.00	2024.00	2024.00	2024.00	2025.00	2026.00	2026.00	2026.00	2026.00	2027.00	2027.00	2028.00	2028.00	2028.00	2029.00	2029.00	2029.00	2029.00	2029.00	2029.00	2030.00	2030.00	2030.00	2030.00	2030.00	2030.00	2030.00	2031.00	2031.00	2031.00	2031.00	2031.00	2032.00	2032.00	2032.00	2032.00	2032.00	2032.00	2032.00	2033.00	2033.00	2033.00	2033.00	2033.00	2033.00	2033.00	2033.00	2033.00	2033.00	2033.00	2034.00	2034.00	2033.00	2033.00	2033.00	2033.00	2033.00	2033.00	2033.00	2033.00	2033.00	2033.00	2033.00	2032.00	2032.00	2032.00	2032.00	2032.00	2032.00	2031.00	2031.00	2031.00	2031.00	2030.00	2030.00	2030.00	2030.00	2030.00	2029.00	2029.00	2029.00	2029.00	2029.00	2029.00	2028.00	2028.00	2028.00	2028.00	2028.00	2028.00	2028.00	2028.00	2028.00	2028.00	2027.00	2027.00	2027.00	2027.00	2027.00	2028.00	2028.00	2028.00	2028.00	2029.00	2029.00	2029.00	2029.00	2030.00	2030.00	2030.00	2031.00	2031.00	2031.00	2032.00	2032.00	2032.00	2032.00	2033.00	2033.00	2033.00	2033.00	2033.00	2034.00	2034.00	2034.00	2034.00	2034.00	2034.00	2035.00	2035.00	2035.00	2035.00	2035.00	2035.00	2035.00	2035.00	2035.00	2035.00	2035.00	2035.00	2035.00	2035.00	2035.00	2035.00	2035.00	2035.00	2035.00	2035.00	2035.00	2035.00	2035.00	2035.00	2035.00	2035.00	2035.00	2035.00	2035.00	2035.00	2035.00	2035.00	2035.00	2035.00	2035.00	2035.00	2035.00	2035.00	2035.00	2035.00	2035.00	2035.00	2035.00	2035.00	2035.00	2035.00	2036.00	2036.00	2036.00	2036.00	2036.00	2036.00	2037.00	2037.00	2037.00	2037.00	2038.00	2038.00	2038.00	2039.00	2039.00	2039.00	2040.00	2040.00	2040.00	2041.00	2041.00	2042.00	2042.00	2042.00	2043.00	2044.00	2044.00
2015.00	2015.00	2015.00	2015.00	2015.00	2015.00	2015.00	2015.00	2015.00	2015.00	2015.00	2015.00	2015.00	2015.00	2015.00	2015.00	2016.00	2016.00	2016.00	2016.00	2016.00	2016.00	2016.00	2016.00	2016.00	2016.00	2016.00	2016.00	2016.00	2016.00	2016.00	2016.00	2017.00	2017.00	2017.00	2017.00	2018.00	2018.00	2018.00	2019.00	2019.00	2019.00	2020.00	2020.00	2020.00	2020.00	2021.00	2021.00	2021.00	2021.00	2022.00	2022.00	2022.00	2023.00	2023.00	2024.00	2024.00	2024.00	2024.00	2025.00	2026.00	2026.00	2026.00	2026.00	2027.00	2027.00	2028.00	2028.00	2028.00	2029.00	2029.00	2029.00	2029.00	2029.00	2029.00	2030.00	2030.00	2030.00	2030.00	2030.00	2030.00	2030.00	2031.00	2031.00	2031.00	2031.00	2031.00	2032.00	2032.00	2032.00	2032.00	2032.00	2032.00	2032.00	2033.00	2033.00	2033.00	2033.00	2033.00	2033.00	2033.00	2033.00	2033.00	2033.00	2033.00	2034.00	2034.00	2033.00	2033.00	2033.00	2033.00	2033.00	2033.00	2033.00	2033.00	2033.00	2033.00	2033.00	2032.00	2032.00	2032.00	2032.00	2032.00	2032.00	2031.00	2031.00	2031.00	2031.00	2030.00	2030.00	2030.00	2030.00	2030.00	2029.00	2029.00	2029.00	2029.00	2029.00	2029.00	2028.00	2028.00	2028.00	2028.00	2028.00	2028.00	2028.00	2028.00	2028.00	2028.00	2027.00	2027.00	2027.00	2027.00	2027.00	2028.00	2028.00	2028.00	2028.00	2029.00	2029.00	2029.00	2029.00	2030.00	2030.00	2030.00	2031.00	2031.00	2031.00	2032.00	2032.00	2032.00	2032.00	2033.00	2033.00	2033.00	2033.00	2033.00	2034.00	2034.00	2034.00	2034.00	2034.00	2034.00	2035.00	2035.00	2035.00	2035.00	2035.00	2035.00	2035.00	2035.00	2035.00	2035.00	2035.00	2035.00	2035.00	2035.00	2035.00	2035.00	2035.00	2035.00	2035.00	2035.00	2035.00	2035.00	2035.00	2035.00	2035.00	2035.00	2035.00	2035.00	2035.00	2035.00	2035.00	2035.00	2035.00	2035.00	2035.00	2035.00	2035.00	2035.00	2035.00	2035.00	2035.00	2035.00	2035.00	2035.00	2035.00	2035.00	2036.00	2036.00	2036.00	2036.00	2036.00	2036.00	2037.00	2037.00	2037.00	2037.00	2038.00	2038.00	2038.00	2039.00	2039.00	2039.00	2040.00	2040.00	2040.00	2041.00	2041.00	2042.00	2042.00	2042.00	2043.00	2044.00	2044.00
2017.00	2017.00	2017.00	2017.00	2017.00	2017.00	2017.00	2017.00	2017.00	2017.00	2017.00	2018.00	2018.00	2018.00	2018.00	2018.00	2018.00	2018.00	2019.00	2019.00	2019.00	2019.00	2019.00	2019.00	2019.00	2020.00	2020.00	2020.00	2020.00	2020.00	2020.00	2020.00	2021.00	2021.00	2021.00	2021.00	2022.00	2022.00	2022.00	2023.00	2023.00	2023.00	2023.00	2024.00	2024.00	2024.00	2025.00	2025.00	2025.00	2025.00	2026.00	2026.00	2026.00	2027.00	2027.00	2028.00	2028.00	2028.00	2028.00	2029.00	2029.00	2029.00	2030.00	2030.00	2031.00	2031.00	2031.00	2031.00	2031.00	2032.00	2032.00	2032.00	2032.00	2033.00	2033.00	2033.00	2033.00	2034.00	2034.00	2034.00	2034.00	2034.00	2034.00	2035.00	2035.00	2035.00	2035.00	2035.00	2035.00	2035.00	2035.00	2036.00	2036.00	2036.00	2036.00	2036.00	2036.00	2036.00	2036.00	2036.00	2036.00	2036.00	2036.00	2037.00	2037.00	2037.00	2037.00	2037.00	2037.00	2037.00	2036.00	2036.00	2036.00	2036.00	2036.00	2036.00	2036.00	2036.00	2036.00	2035.00	2035.00	2035.00	2035.00	2035.00	2034.00	2034.00	2034.00	2034.00	2033.00	2033.00	2033.00	2033.00	2033.00	2033.00	2033.00	2032.00	2032.00	2032.00	2032.00	2032.00	2032.00	2032.00	2031.00	2031.00	2031.00	2031.00	2031.00	2031.00	2031.00	2031.00	2031.00	2031.00	2031.00	2031.00	2031.00	2031.00	2032.00	2032.00	2032.00	2032.00	2033.00	2033.00	2033.00	2033.00	2033.00	2034.00	2034.00	2034.00	2035.00	2035.00	2035.00	2035.00	2036.00	2036.00	2036.00	2036.00	2036.00	2036.00	2036.00	2036.00	2036.00	2036.00	2036.00	2036.00	2036.00	2036.00	2036.00	2036.00	2037.00	2037.00	2037.00	2037.00	2037.00	2037.00	2037.00	2037.00	2037.00	2036.00	2036.00	2036.00	2036.00	2036.00	2036.00	2036.00	2036.00	2036.00	2036.00	2036.00	2036.00	2036.00	2036.00	2036.00	2036.00	2036.00	2036.00	2036.00	2036.00	2036.00	2036.00	2036.00	2036.00	2037.00	2037.00	2037.00	2037.00	2037.00	2037.00	2037.00	2037.00	2037.00	2038.00	2038.00	2038.00	2038.00	2038.00	2039.00	2039.00	2039.00	2039.00	2040.00	2040.00	2040.00	2041.00	2041.00	2041.00	2042.00	2042.00	2042.00	2043.00	2043.00	2044.00	2044.00	2045.00	2045.00	2046.00	2046.00
2017.00	2017.00	2017.00	2017.00	2017.00	2017.00	2017.00	2017.00	2017.00	2017.00	2017.00	2018.00	2018.00	2018.00	2018.00	2018.00	2018.00	2018.00	2019.00	2019.00	2019.00	2019.00	2019.00	2019.00	2019.00	2020.00	2020.00	2020.00	2020.00	2020.00	2020.00	2020.00	2021.00	2021.00	2021.00	2021.00	2022.00	2022.00	2022.00	2023.00	2023.00	2023.00	2023.00	2024.00	2024.00	2024.00	2025.00	2025.00	2025.00	2025.00	2026.00	2026.00	2026.00	2027.00	2027.00	2028.00	2028.00	2028.00	2028.00	2029.00	2029.00	2029.00	2030.00	2030.00	2031.00	2031.00	2031.00	2031.00	2031.00	2032.00	2032.00	2032.00	2032.00	2033.00	2033.00	2033.00	2033.00	2034.00	2034.00	2034.00	2034.00	2034.00	2034.00	2035.00	2035.00	2035.00	2035.00	2035.00	2035.00	2035.00	2035.00	2036.00	2036.00	2036.00	2036.00	2036.00	2036.00	2036.00	2036.00	2036.00	2036.00	2036.00	2036.00	2037.00	2037.00	2037.00	2037.00	2037.00	2037.00	2037.00	2036.00	2036.00	2036.00	2036.00	2036.00	2036.00	2036.00	2036.00	2036.00	2035.00	2035.00	2035.00	2035.00	2035.00	2034.00	2034.00	2034.00	2034.00	2033.00	2033.00	2033.00	2033.00	2033.00	2033.00	2033.00	2032.00	2032.00	2032.00	2032.00	2032.00	2032.00	2032.00	2031.00	2031.00	2031.00	2031.00	2031.00	2031.00	2031.00	2031.00	2031.00	2031.00	2031.00	2031.00	2031.00	2031.00	2032.00	2032.00	2032.00	2032.00	2033.00	2033.00	2033.00	2033.00	2033.00	2034.00	2034.00	2034.00	2035.00	2035.00	2035.00	2035.00	2036.00	2036.00	2036.00	2036.00	2036.00	2036.00	2036.00	2036.00	2036.00	2036.00	2036.00	2036.00	2036.00	2036.00	2036.00	2036.00	2037.00	2037.00	2037.00	2037.00	2037.00	2037.00	2037.00	2037.00	2037.00	2036.00	2036.00	2036.00	2036.00	2036.00	2036.00	2036.00	2036.00	2036.00	2036.00	2036.00	2036.00	2036.00	2036.00	2036.00	2036.00	2036.00	2036.00	2036.00	2036.00	2036.00	2036.00	2036.00	2036.00	2037.00	2037.00	2037.00	2037.00	2037.00	2037.00	2037.00	2037.00	2037.00	2038.00	2038.00	2038.00	2038.00	2038.00	2039.00	2039.00	2039.00	2039.00	2040.00	2040.00	2040.00	2041.00	2041.00	2041.00	2042.00	2042.00	2042.00	2043.00	2043.00	2044.00	2044.00	2045.00	2045.00	2046.00	2046.00
2017.00	2017.00	2017.00	2017.00	2017.00	2017.00	2017.00	2017.00	2017.00	2017.00	2017.00	2018.00	2018.00	2018.00	2018.00	2018.00	2018.00	2018.00	2019.00	2019.00	2019.00	2019.00	2019.00	2019.00	2019.00	2020.00	2020.00	2020.00	2020.00	2020.00	2020.00	2020.00	2021.00	2021.00	2021.00	2021.00	2022.00	2022.00	2022.00	2023.00	2023.00	2023.00	2023.00	2024.00	2024.00	2024.00	2025.00	2025.00	2025.00	2025.00	2026.00	2026.00	2026.00	2027.00	2027.00	2028.00	2028.00	2028.00	2028.00	2029.00	2029.00	2029.00	2030.00	2030.00	2031.00	2031.00	2031.00	2031.00	2031.00	2032.00	2032.00	2032.00	2032.00	2033.00	2033.00	2033.00	2033.00	2034.00	2034.00	2034.00	2034.00	2034.00	2034.00	2035.00	2035.00	2035.00	2035.00	2035.00	2035.00	2035.00	2035.00	2036.00	2036.00	2036.00	2036.00	2036.00	2036.00	2036.00	2036.00	2036.00	2036.00	2036.00	2036.00	2037.00	2037.00	2037.00	2037.00	2037.00	2037.00	2037.00	2036.00	2036.00	2036.00	2036.00	2036.00	2036.00	2036.00	2036.00	2036.00	2035.00	2035.00	2035.00	2035.00	2035.00	2034.00	2034.00	2034.00	2034.00	2033.00	2033.00	2033.00	2033.00	2033.00	2033.00	2033.00	2032.00	2032.00	2032.00	2032.00	2032.00	2032.00	2032.00	2031.00	2031.00	2031.00	2031.00	2031.00	2031.00	2031.00	2031.00	2031.00	2031.00	2031.00	2031.00	2031.00	2031.00	2032.00	2032.00	2032.00	2032.00	2033.00	2033.00	2033.00	2033.00	2033.00	2034.00	2034.00	2034.00	2035.00	2035.00	2035.00	2035.00	2036.00	2036.00	2036.00	2036.00	2036.00	2036.00	2036.00	2036.00	2036.00	2036.00	2036.00	2036.00	2036.00	2036.00	2036.00	2036.00	2037.00	2037.00	2037.00	2037.00	2037.00	2037.00	2037.00	2037.00	2037.00	2036.00	2036.00	2036.00	2036.00	2036.00	2036.00	2036.00	2036.00	2036.00	2036.00	2036.00	2036.00	2036.00	2036.00	2036.00	2036.00	2036.00	2036.00	2036.00	2036.00	2036.00	2036.00	2036.00	2036.00	2037.00	2037.00	2037.00	2037.00	2037.00	2037.00	2037.00	2037.00	2037.00	2038.00	2038.00	2038.00	2038.00	2038.00	2039.00	2039.00	2039.00	2039.00	2040.00	2040.00	2040.00	2041.00	2041.00	2041.00	2042.00	2042.00	2042.00	2043.00	2043.00	2044.00	2044.00	2045.00	2045.00	2046.00	2046.00
2017.00	2017.00	2017.00	2017.00	2017.00	2017.00	2017.00	2017.00	2017.00	2017.00	2017.00	2018.00	2018.00	2018.00	2018.00	2018.00	2018.00	2018.00	2019.00	2019.00	2019.00	2019.00	2019.00	2019.00	2019.00	2020.00	2020.00	2020.00	2020.00	2020.00	2020.00	2020.00	2021.00	2021.00	2021.00	2021.00	2022.00	2022.00	2022.00	2023.00	2023.00	2023.00	2023.00	2024.00	2024.00	2024.00	2025.00	2025.00	2025.00	2025.00	2026.00	2026.00	2026.00	2027.00	2027.00	2028.00	2028.00	2028.00	2028.00	2029.00	2029.00	2029.00	2030.00	2030.00	2031.00	2031.00	2031.00	2031.00	2031.00	2032.00	2032.00	2032.00	2032.00	2033.00	2033.00	2033.00	2033.00	2034.00	2034.00	2034.00	2034.00	2034.00	2034.00	2035.00	2035.00	2035.00	2035.00	2035.00	2035.00	2035.00	2035.00	2036.00	2036.00	2036.00	2036.00	2036.00	2036.00	2036.00	2036.00	2036.00	2036.00	2036.00	2036.00	2037.00	2037.00	2037.00	2037.00	2037.00	2037.00	2037.00	2036.00	2036.00	2036.00	2036.00	2036.00	2036.00	2036.00	2036.00	2036.00	2035.00	2035.00	2035.00	2035.00	2035.00	2034.00	2034.00	2034.00	2034.00	2033.00	2033.00	2033.00	2033.00	2033.00	2033.00	2033.00	2032.00	2032.00	2032.00	2032.00	2032.00	2032.00	2032.00	2031.00	2031.00	2031.00	2031.00	2031.00	2031.00	2031.00	2031.00	2031.00	2031.00	2031.00	2031.00	2031.00	2031.00	2032.00	2032.00	2032.00	2032.00	2033.00	2033.00	2033.00	2033.00	2033.00	2034.00	2034.00	2034.00	2035.00	2035.00	2035.00	2035.00	2036.00	2036.00	2036.00	2036.00	2036.00	2036.00	2036.00	2036.00	2036.00	2036.00	2036.00	2036.00	2036.00	2036.00	2036.00	2036.00	2037.00	2037.00	2037.00	2037.00	2037.00	2037.00	2037.00	2037.00	2037.00	2036.00	2036.00	2036.00	2036.00	2036.00	2036.00	2036.00	2036.00	2036.00	2036.00	2036.00	2036.00	2036.00	2036.00	2036.00	2036.00	2036.00	2036.00	2036.00	2036.00	2036.00	2036.00	2036.00	2036.00	2037.00	2037.00	2037.00	2037.00	2037.00	2037.00	2037.00	2037.00	2037.00	2038.00	2038.00	2038.00	2038.00	2038.00	2039.00	2039.00	2039.00	2039.00	2040.00	2040.00	2040.00	2041.00	2041.00	2041.00	2042.00	2042.00	2042.00	2043.00	2043.00	2044.00	2044.00	2045.00	2045.00	2046.00	2046.00
2017.00	2017.00	2017.00	2017.00	2017.00	2017.00	2017.00	2017.00	2017.00	2017.00	2017.00	2018.00	2018.00	2018.00	2018.00	2018.00	2018.00	2018.00	2019.00	2019.00	2019.00	2019.00	2019.00	2019.00	2019.00	2020.00	2020.00	2020.00	2020.00	2020.00	2020.00	2020.00	2021.00	2021.00	2021.00	2021.00	2022.00	2022.00	2022.00	2023.00	2023.00	2023.00	2023.00	2024.00	2024.00	2024.00	2025.00	2025.00	2025.00	2025.00	2026.00	2026.00	2026.00	2027.00	2027.00	2028.00	2028.00	2028.00	2028.00	2029.00	2029.00	2029.00	2030.00	2030.00	2031.00	2031.00	2031.00	2031.00	2031.00	2032.00	2032.00	2032.00	2032.00	2033.00	2033.00	2033.00	2033.00	2034.00	2034.00	2034.00	2034.00	2034.00	2034.00	2035.00	2035.00	2035.00	2035.00	2035.00	2035.00	2035.00	2035.00	2036.00	2036.00	2036.00	2036.00	2036.00	2036.00	2036.00	2036.00	2036.00	2036.00	2036.00	2036.00	2037.00	2037.00	2037.00	2037.00	2037.00	2037.00	2037.00	2036.00	2036.00	2036.00	2036.00	2036.00	2036.00	2036.00	2036.00	2036.00	2035.00	2035.00	2035.00	2035.00	2035.00	2034.00	2034.00	2034.00	2034.00	2033.00	2033.00	2033.00	2033.00	2033.00	2033.00	2033.00	2032.00	2032.00	2032.00	2032.00	2032.00	2032.00	2032.00	2031.00	2031.00	2031.00	2031.00	2031.00	2031.00	2031.00	2031.00	2031.00	2031.00	2031.00	2031.00	2031.00	2031.00	2032.00	2032.00	2032.00	2032.00	2033.00	2033.00	2033.00	2033.00	2033.00	2034.00	2034.00	2034.00	2035.00	2035.00	2035.00	2035.00	2036.00	2036.00	2036.00	2036.00	2036.00	2036.00	2036.00	2036.00	2036.00	2036.00	2036.00	2036.00	2036.00	2036.00	2036.00	2036.00	2037.00	2037.00	2037.00	2037.00	2037.00	2037.00	2037.00	2037.00	2037.00	2036.00	2036.00	2036.00	2036.00	2036.00	2036.00	2036.00	2036.00	2036.00	2036.00	2036.00	2036.00	2036.00	2036.00	2036.00	2036.00	2036.00	2036.00	2036.00	2036.00	2036.00	2036.00	2036.00	2036.00	2037.00	2037.00	2037.00	2037.00	2037.00	2037.00	2037.00	2037.00	2037.00	2038.00	2038.00	2038.00	2038.00	2038.00	2039.00	2039.00	2039.00	2039.00	2040.00	2040.00	2040.00	2041.00	2041.00	2041.00	2042.00	2042.00	2042.00	2043.00	2043.00	2044.00	2044.00	2045.00	2045.00	2046.00	2046.00
2017.00	2017.00	2017.00	2017.00	2017.00	2017.00	2017.00	2017.00	2017.00	2017.00	2017.00	2018.00	2018.00	2018.00	2018.00	2018.00	2018.00	2018.00	2019.00	2019.00	2019.00	2019.00	2019.00	2019.00	2019.00	2020.00	2020.00	2020.00	2020.00	2020.00	2020.00	2020.00	2021.00	2021.00	2021.00	2021.00	2022.00	2022.00	2022.00	2023.00	2023.00	2023.00	2023.00	2024.00	2024.00	2024.00	2025.00	2025.00	2025.00	2025.00	2026.00	2026.00	2026.00	2027.00	2027.00	2028.00	2028.00	2028.00	2028.00	2029.00	2029.00	2029.00	2030.00	2030.00	2031.00	2031.00	2031.00	2031.00	2031.00	2032.00	2032.00	2032.00	2032.00	2033.00	2033.00	2033.00	2033.00	2034.00	2034.00	2034.00	2034.00	2034.00	2034.00	2035.00	2035.00	2035.00	2035.00	2035.00	2035.00	2035.00	2035.00	2036.00	2036.00	2036.00	2036.00	2036.00	2036.00	2036.00	2036.00	2036.00	2036.00	2036.00	2036.00	2037.00	2037.00	2037.00	2037.00	2037.00	2037.00	2037.00	2036.00	2036.00	2036.00	2036.00	2036.00	2036.00	2036.00	2036.00	2036.00	2035.00	2035.00	2035.00	2035.00	2035.00	2034.00	2034.00	2034.00	2034.00	2033.00	2033.00	2033.00	2033.00	2033.00	2033.00	2033.00	2032.00	2032.00	2032.00	2032.00	2032.00	2032.00	2032.00	2031.00	2031.00	2031.00	2031.00	2031.00	2031.00	2031.00	2031.00	2031.00	2031.00	2031.00	2031.00	2031.00	2031.00	2032.00	2032.00	2032.00	2032.00	2033.00	2033.00	2033.00	2033.00	2033.00	2034.00	2034.00	2034.00	2035.00	2035.00	2035.00	2035.00	2036.00	2036.00	2036.00	2036.00	2036.00	2036.00	2036.00	2036.00	2036.00	2036.00	2036.00	2036.00	2036.00	2036.00	2036.00	2036.00	2037.00	2037.00	2037.00	2037.00	2037.00	2037.00	2037.00	2037.00	2037.00	2036.00	2036.00	2036.00	2036.00	2036.00	2036.00	2036.00	2036.00	2036.00	2036.00	2036.00	2036.00	2036.00	2036.00	2036.00	2036.00	2036.00	2036.00	2036.00	2036.00	2036.00	2036.00	2036.00	2036.00	2037.00	2037.00	2037.00	2037.00	2037.00	2037.00	2037.00	2037.00	2037.00	2038.00	2038.00	2038.00	2038.00	2038.00	2039.00	2039.00	2039.00	2039.00	2040.00	2040.00	2040.00	2041.00	2041.00	2041.00	2042.00	2042.00	2042.00	2043.00	2043.00	2044.00	2044.00	2045.00	2045.00	2046.00	2046.00
2017.00	2017.00	2017.00	2017.00	2017.00	2017.00	2017.00	2017.00	2017.00	2017.00	2017.00	2018.00	2018.00	2018.00	2018.00	2018.00	2018.00	2018.00	2019.00	2019.00	2019.00	2019.00	2019.00	2019.00	2019.00	2020.00	2020.00	2020.00	2020.00	2020.00	2020.00	2020.00	2021.00	2021.00	2021.00	2021.00	2022.00	2022.00	2022.00	2023.00	2023.00	2023.00	2023.00	2024.00	2024.00	2024.00	2025.00	2025.00	2025.00	2025.00	2026.00	2026.00	2026.00	2027.00	2027.00	2028.00	2028.00	2028.00	2028.00	2029.00	2029.00	2029.00	2030.00	2030.00	2031.00	2031.00	2031.00	2031.00	2031.00	2032.00	2032.00	2032.00	2032.00	2033.00	2033.00	2033.00	2033.00	2034.00	2034.00	2034.00	2034.00	2034.00	2034.00	2035.00	2035.00	2035.00	2035.00	2035.00	2035.00	2035.00	2035.00	2036.00	2036.00	2036.00	2036.00	2036.00	2036.00	2036.00	2036.00	2036.00	2036.00	2036.00	2036.00	2037.00	2037.00	2037.00	2037.00	2037.00	2037.00	2037.00	2036.00	2036.00	2036.00	2036.00	2036.00	2036.00	2036.00	2036.00	2036.00	2035.00	2035.00	2035.00	2035.00	2035.00	2034.00	2034.00	2034.00	2034.00	2033.00	2033.00	2033.00	2033.00	2033.00	2033.00	2033.00	2032.00	2032.00	2032.00	2032.00	2032.00	2032.00	2032.00	2031.00	2031.00	2031.00	2031.00	2031.00	2031.00	2031.00	2031.00	2031.00	2031.00	2031.00	2031.00	2031.00	2031.00	2032.00	2032.00	2032.00	2032.00	2033.00	2033.00	2033.00	2033.00	2033.00	2034.00	2034.00	2034.00	2035.00	2035.00	2035.00	2035.00	2036.00	2036.00	2036.00	2036.00	2036.00	2036.00	2036.00	2036.00	2036.00	2036.00	2036.00	2036.00	2036.00	2036.00	2036.00	2036.00	2037.00	2037.00	2037.00	2037.00	2037.00	2037.00	2037.00	2037.00	2037.00	2036.00	2036.00	2036.00	2036.00	2036.00	2036.00	2036.00	2036.00	2036.00	2036.00	2036.00	2036.00	2036.00	2036.00	2036.00	2036.00	2036.00	2036.00	2036.00	2036.00	2036.00	2036.00	2036.00	2036.00	2037.00	2037.00	2037.00	2037.00	2037.00	2037.00	2037.00	2037.00	2037.00	2038.00	2038.00	2038.00	2038.00	2038.00	2039.00	2039.00	2039.00	2039.00	2040.00	2040.00	2040.00	2041.00	2041.00	2041.00	2042.00	2042.00	2042.00	2043.00	2043.00	2044.00	2044.00	2045.00	2045.00	2046.00	2046.00
2017.00	2017.00	2017.00	2017.00	2017.00	2017.00	2017.00	2017.00	2017.00	2017.00	2017.00	2018.00	2018.00	2018.00	2018.00	2018.00	2018.00	2018.00	2019.00	2019.00	2019.00	2019.00	2019.00	2019.00	2019.00	2020.00	2020.00	2020.00	2020.00	2020.00	2020.00	2020.00	2021.00	2021.00	2021.00	2021.00	2022.00	2022.00	2022.00	2023.00	2023.00	2023.00	2023.00	2024.00	2024.00	2024.00	2025.00	2025.00	2025.00	2025.00	2026.00	2026.00	2026.00	2027.00	2027.00	2028.00	2028.00	2028.00	2028.00	2029.00	2029.00	2029.00	2030.00	2030.00	2031.00	2031.00	2031.00	2031.00	2031.00	2032.00	2032.00	2032.00	2032.00	2033.00	2033.00	2033.00	2033.00	2034.00	2034.00	2034.00	2034.00	2034.00	2034.00	2035.00	2035.00	2035.00	2035.00	2035.00	2035.00	2035.00	2035.00	2036.00	2036.00	2036.00	2036.00	2036.00	2036.00	2036.00	2036.00	2036.00	2036.00	2036.00	2036.00	2037.00	2037.00	2037.00	2037.00	2037.00	2037.00	2037.00	2036.00	2036.00	2036.00	2036.00	2036.00	2036.00	2036.00	2036.00	2036.00	2035.00	2035.00	2035.00	2035.00	2035.00	2034.00	2034.00	2034.00	2034.00	2033.00	2033.00	2033.00	2033.00	2033.00	2033.00	2033.00	2032.00	2032.00	2032.00	2032.00	2032.00	2032.00	2032.00	2031.00	2031.00	2031.00	2031.00	2031.00	2031.00	2031.00	2031.00	2031.00	2031.00	2031.00	2031.00	2031.00	2031.00	2032.00	2032.00	2032.00	2032.00	2033.00	2033.00	2033.00	2033.00	2033.00	2034.00	2034.00	2034.00	2035.00	2035.00	2035.00	2035.00	2036.00	2036.00	2036.00	2036.00	2036.00	2036.00	2036.00	2036.00	2036.00	2036.00	2036.00	2036.00	2036.00	2036.00	2036.00	2036.00	2037.00	2037.00	2037.00	2037.00	2037.00	2037.00	2037.00	2037.00	2037.00	2036.00	2036.00	2036.00	2036.00	2036.00	2036.00	2036.00	2036.00	2036.00	2036.00	2036.00	2036.00	2036.00	2036.00	2036.00	2036.00	2036.00	2036.00	2036.00	2036.00	2036.00	2036.00	2036.00	2036.00	2037.00	2037.00	2037.00	2037.00	2037.00	2037.00	2037.00	2037.00	2037.00	2038.00	2038.00	2038.00	2038.00	2038.00	2039.00	2039.00	2039.00	2039.00	2040.00	2040.00	2040.00	2041.00	2041.00	2041.00	2042.00	2042.00	2042.00	2043.00	2043.00	2044.00	2044.00	2045.00	2045.00	2046.00	2046.00
2019.00	2019.00	2019.00	2019.00	2019.00	2019.00	2019.00	2019.00	2019.00	2019.00	2020.00	2020.00	2020.00	2020.00	2020.00	2020.00	2021.00	2021.00	2021.00	2021.00	2021.00	2021.00	2022.00	2022.00	2022.00	2022.00	2022.00	2023.00	2023.00	2023.00	2023.00	2023.00	2024.00	2024.00	2025.00	2025.00	2025.00	2026.00	2026.00	2026.00	2026.00	2027.00	2027.00	2028.00	2028.00	2028.00	2028.00	2028.00	2029.00	2029.00	2029.00	2030.00	2030.00	2030.00	2031.00	2031.00	2031.00	2032.00	2032.00	2032.00	2033.00	2033.00	2033.00	2033.00	2034.00	2034.00	2035.00	2035.00	2035.00	2035.00	2035.00	2036.00	2036.00	2036.00	2036.00	2036.00	2036.00	2037.00	2037.00	2037.00	2037.00	2037.00	2038.00	2038.00	2038.00	2038.00	2038.00	2039.00	2039.00	2039.00	2039.00	2039.00	2039.00	2039.00	2039.00	2039.00	2039.00	2039.00	2039.00	2039.00	2039.00	2039.00	2039.00	2039.00	2039.00	2039.00	2039.00	2039.00	2039.00	2039.00	2039.00	2039.00	2039.00	2039.00	2039.00	2039.00	2039.00	2039.00	2038.00	2038.00	2038.00	2038.00	2038.00	2038.00	2037.00	2037.00	2037.00	2037.00	2036.00	2036.00	2036.00	2036.00	2036.00	2035.00	2035.00	2035.00	2035.00	2035.00	2035.00	2035.00	2035.00	2035.00	2035.00	2035.00	2035.00	2035.00	2035.00	2035.00	2035.00	2035.00	2035.00	2035.00	2035.00	2035.00	2035.00	2035.00	2036.00	2036.00	2036.00	2036.00	2036.00	2036.00	2036.00	2037.00	2037.00	2037.00	2037.00	2037.00	2037.00	2037.00	2037.00	2038.00	2038.00	2038.00	2038.00	2038.00	2038.00	2038.00	2038.00	2038.00	2038.00	2038.00	2038.00	2038.00	2038.00	2038.00	2038.00	2038.00	2038.00	2038.00	2038.00	2038.00	2038.00	2038.00	2038.00	2038.00	2038.00	2038.00	2038.00	2038.00	2038.00	2038.00	2038.00	2038.00	2038.00	2038.00	2038.00	2038.00	2038.00	2038.00	2038.00	2038.00	2037.00	2037.00	2037.00	2037.00	2037.00	2037.00	2037.00	2037.00	2038.00	2038.00	2038.00	2038.00	2038.00	2038.00	2038.00	2038.00	2038.00	2039.00	2039.00	2039.00	2039.00	2039.00	2039.00	2040.00	2040.00	2040.00	2041.00	2041.00	2041.00	2042.00	2042.00	2042.00	2042.00	2043.00	2043.00	2044.00	2045.00	2045.00	2045.00	2045.00	2046.00	2047.00	2048.00	2048.00
2019.00	2019.00	2019.00	2019.00	2019.00	2019.00	2019.00	2019.00	2019.00	2019.00	2020.00	2020.00	2020.00	2020.00	2020.00	2020.00	2021.00	2021.00	2021.00	2021.00	2021.00	2021.00	2022.00	2022.00	2022.00	2022.00	2022.00	2023.00	2023.00	2023.00	2023.00	2023.00	2024.00	2024.00	2025.00	2025.00	2025.00	2026.00	2026.00	2026.00	2026.00	2027.00	2027.00	2028.00	2028.00	2028.00	2028.00	2028.00	2029.00	2029.00	2029.00	2030.00	2030.00	2030.00	2031.00	2031.00	2031.00	2032.00	2032.00	2032.00	2033.00	2033.00	2033.00	2033.00	2034.00	2034.00	2035.00	2035.00	2035.00	2035.00	2035.00	2036.00	2036.00	2036.00	2036.00	2036.00	2036.00	2037.00	2037.00	2037.00	2037.00	2037.00	2038.00	2038.00	2038.00	2038.00	2038.00	2039.00	2039.00	2039.00	2039.00	2039.00	2039.00	2039.00	2039.00	2039.00	2039.00	2039.00	2039.00	2039.00	2039.00	2039.00	2039.00	2039.00	2039.00	2039.00	2039.00	2039.00	2039.00	2039.00	2039.00	2039.00	2039.00	2039.00	2039.00	2039.00	2039.00	2039.00	2038.00	2038.00	2038.00	2038.00	2038.00	2038.00	2037.00	2037.00	2037.00	2037.00	2036.00	2036.00	2036.00	2036.00	2036.00	2035.00	2035.00	2035.00	2035.00	2035.00	2035.00	2035.00	2035.00	2035.00	2035.00	2035.00	2035.00	2035.00	2035.00	2035.00	2035.00	2035.00	2035.00	2035.00	2035.00	2035.00	2035.00	2035.00	2036.00	2036.00	2036.00	2036.00	2036.00	2036.00	2036.00	2037.00	2037.00	2037.00	2037.00	2037.00	2037.00	2037.00	2037.00	2038.00	2038.00	2038.00	2038.00	2038.00	2038.00	2038.00	2038.00	2038.00	2038.00	2038.00	2038.00	2038.00	2038.00	2038.00	2038.00	2038.00	2038.00	2038.00	2038.00	2038.00	2038.00	2038.00	2038.00	2038.00	2038.00	2038.00	2038.00	2038.00	2038.00	2038.00	2038.00	2038.00	2038.00	2038.00	2038.00	2038.00	2038.00	2038.00	2038.00	2038.00	2037.00	2037.00	2037.00	2037.00	2037.00	2037.00	2037.00	2037.00	2038.00	2038.00	2038.00	2038.00	2038.00	2038.00	2038.00	2038.00	2038.00	2039.00	2039.00	2039.00	2039.00	2039.00	2039.00	2040.00	2040.00	2040.00	2041.00	2041.00	2041.00	2042.00	2042.00	2042.00	2042.00	2043.00	2043.00	2044.00	2045.00	2045.00	2045.00	2045.00	2046.00	2047.00	2048.00	2048.00
2019.00	2019.00	2019.00	2019.00	2019.00	2019.00	2019.00	2019.00	2019.00	2019.00	2020.00	2020.00	2020.00	2020.00	2020.00	2020.00	2021.00	2021.00	2021.00	2021.00	2021.00	2021.00	2022.00	2022.00	2022.00	2022.00	2022.00	2023.00	2023.00	2023.00	2023.00	2023.00	2024.00	2024.00	2025.00	2025.00	2025.00	2026.00	2026.00	2026.00	2026.00	2027.00	2027.00	2028.00	2028.00	2028.00	2028.00	2028.00	2029.00	2029.00	2029.00	2030.00	2030.00	2030.00	2031.00	2031.00	2031.00	2032.00	2032.00	2032.00	2033.00	2033.00	2033.00	2033.00	2034.00	2034.00	2035.00	2035.00	2035.00	2035.00	2035.00	2036.00	2036.00	2036.00	2036.00	2036.00	2036.00	2037.00	2037.00	2037.00	2037.00	2037.00	2038.00	2038.00	2038.00	2038.00	2038.00	2039.00	2039.00	2039.00	2039.00	2039.00	2039.00	2039.00	2039.00	2039.00	2039.00	2039.00	2039.00	2039.00	2039.00	2039.00	2039.00	2039.00	2039.00	2039.00	2039.00	2039.00	2039.00	2039.00	2039.00	2039.00	2039.00	2039.00	2039.00	2039.00	2039.00	2039.00	2038.00	2038.00	2038.00	2038.00	2038.00	2038.00	2037.00	2037.00	2037.00	2037.00	2036.00	2036.00	2036.00	2036.00	2036.00	2035.00	2035.00	2035.00	2035.00	2035.00	2035.00	2035.00	2035.00	2035.00	2035.00	2035.00	2035.00	2035.00	2035.00	2035.00	2035.00	2035.00	2035.00	2035.00	2035.00	2035.00	2035.00	2035.00	2036.00	2036.00	2036.00	2036.00	2036.00	2036.00	2036.00	2037.00	2037.00	2037.00	2037.00	2037.00	2037.00	2037.00	2037.00	2038.00	2038.00	2038.00	2038.00	2038.00	2038.00	2038.00	2038.00	2038.00	2038.00	2038.00	2038.00	2038.00	2038.00	2038.00	2038.00	2038.00	2038.00	2038.00	2038.00	2038.00	2038.00	2038.00	2038.00	2038.00	2038.00	2038.00	2038.00	2038.00	2038.00	2038.00	2038.00	2038.00	2038.00	2038.00	2038.00	2038.00	2038.00	2038.00	2038.00	2038.00	2037.00	2037.00	2037.00	2037.00	2037.00	2037.00	2037.00	2037.00	2038.00	2038.00	2038.00	2038.00	2038.00	2038.00	2038.00	2038.00	2038.00	2039.00	2039.00	2039.00	2039.00	2039.00	2039.00	2040.00	2040.00	2040.00	2041.00	2041.00	2041.00	2042.00	2042.00	2042.00	2042.00	2043.00	2043.00	2044.00	2045.00	2045.00	2045.00	2045.00	2046.00	2047.00	2048.00	2048.00
2019.00	2019.00	2019.00	2019.00	2019.00	2019.00	2019.00	2019.00	2019.00	2019.00	2020.00	2020.00	2020.00	2020.00	2020.00	2020.00	2021.00	2021.00	2021.00	2021.00	2021.00	2021.00	2022.00	2022.00	2022.00	2022.00	2022.00	2023.00	2023.00	2023.00	2023.00	2023.00	2024.00	2024.00	2025.00	2025.00	2025.00	2026.00	2026.00	2026.00	2026.00	2027.00	2027.00	2028.00	2028.00	2028.00	2028.00	2028.00	2029.00	2029.00	2029.00	2030.00	2030.00	2030.00	2031.00	2031.00	2031.00	2032.00	2032.00	2032.00	2033.00	2033.00	2033.00	2033.00	2034.00	2034.00	2035.00	2035.00	2035.00	2035.00	2035.00	2036.00	2036.00	2036.00	2036.00	2036.00	2036.00	2037.00	2037.00	2037.00	2037.00	2037.00	2038.00	2038.00	2038.00	2038.00	2038.00	2039.00	2039.00	2039.00	2039.00	2039.00	2039.00	2039.00	2039.00	2039.00	2039.00	2039.00	2039.00	2039.00	2039.00	2039.00	2039.00	2039.00	2039.00	2039.00	2039.00	2039.00	2039.00	2039.00	2039.00	2039.00	2039.00	2039.00	2039.00	2039.00	2039.00	2039.00	2038.00	2038.00	2038.00	2038.00	2038.00	2038.00	2037.00	2037.00	2037.00	2037.00	2036.00	2036.00	2036.00	2036.00	2036.00	2035.00	2035.00	2035.00	2035.00	2035.00	2035.00	2035.00	2035.00	2035.00	2035.00	2035.00	2035.00	2035.00	2035.00	2035.00	2035.00	2035.00	2035.00	2035.00	2035.00	2035.00	2035.00	2035.00	2036.00	2036.00	2036.00	2036.00	2036.00	2036.00	2036.00	2037.00	2037.00	2037.00	2037.00	2037.00	2037.00	2037.00	2037.00	2038.00	2038.00	2038.00	2038.00	2038.00	2038.00	2038.00	2038.00	2038.00	2038.00	2038.00	2038.00	2038.00	2038.00	2038.00	2038.00	2038.00	2038.00	2038.00	2038.00	2038.00	2038.00	2038.00	2038.00	2038.00	2038.00	2038.00	2038.00	2038.00	2038.00	2038.00	2038.00	2038.00	2038.00	2038.00	2038.00	2038.00	2038.00	2038.00	2038.00	2038.00	2037.00	2037.00	2037.00	2037.00	2037.00	2037.00	2037.00	2037.00	2038.00	2038.00	2038.00	2038.00	2038.00	2038.00	2038.00	2038.00	2038.00	2039.00	2039.00	2039.00	2039.00	2039.00	2039.00	2040.00	2040.00	2040.00	2041.00	2041.00	2041.00	2042.00	2042.00	2042.00	2042.00	2043.00	2043.00	2044.00	2045.00	2045.00	2045.00	2045.00	2046.00	2047.00	2048.00	2048.00
2019.00	2019.00	2019.00	2019.00	2019.00	2019.00	2019.00	2019.00	2019.00	2019.00	2020.00	2020.00	2020.00	2020.00	2020.00	2020.00	2021.00	2021.00	2021.00	2021.00	2021.00	2021.00	2022.00	2022.00	2022.00	2022.00	2022.00	2023.00	2023.00	2023.00	2023.00	2023.00	2024.00	2024.00	2025.00	2025.00	2025.00	2026.00	2026.00	2026.00	2026.00	2027.00	2027.00	2028.00	2028.00	2028.00	2028.00	2028.00	2029.00	2029.00	2029.00	2030.00	2030.00	2030.00	2031.00	2031.00	2031.00	2032.00	2032.00	2032.00	2033.00	2033.00	2033.00	2033.00	2034.00	2034.00	2035.00	2035.00	2035.00	2035.00	2035.00	2036.00	2036.00	2036.00	2036.00	2036.00	2036.00	2037.00	2037.00	2037.00	2037.00	2037.00	2038.00	2038.00	2038.00	2038.00	2038.00	2039.00	2039.00	2039.00	2039.00	2039.00	2039.00	2039.00	2039.00	2039.00	2039.00	2039.00	2039.00	2039.00	2039.00	2039.00	2039.00	2039.00	2039.00	2039.00	2039.00	2039.00	2039.00	2039.00	2039.00	2039.00	2039.00	2039.00	2039.00	2039.00	2039.00	2039.00	2038.00	2038.00	2038.00	2038.00	2038.00	2038.00	2037.00	2037.00	2037.00	2037.00	2036.00	2036.00	2036.00	2036.00	2036.00	2035.00	2035.00	2035.00	2035.00	2035.00	2035.00	2035.00	2035.00	2035.00	2035.00	2035.00	2035.00	2035.00	2035.00	2035.00	2035.00	2035.00	2035.00	2035.00	2035.00	2035.00	2035.00	2035.00	2036.00	2036.00	2036.00	2036.00	2036.00	2036.00	2036.00	2037.00	2037.00	2037.00	2037.00	2037.00	2037.00	2037.00	2037.00	2038.00	2038.00	2038.00	2038.00	2038.00	2038.00	2038.00	2038.00	2038.00	2038.00	2038.00	2038.00	2038.00	2038.00	2038.00	2038.00	2038.00	2038.00	2038.00	2038.00	2038.00	2038.00	2038.00	2038.00	2038.00	2038.00	2038.00	2038.00	2038.00	2038.00	2038.00	2038.00	2038.00	2038.00	2038.00	2038.00	2038.00	2038.00	2038.00	2038.00	2038.00	2037.00	2037.00	2037.00	2037.00	2037.00	2037.00	2037.00	2037.00	2038.00	2038.00	2038.00	2038.00	2038.00	2038.00	2038.00	2038.00	2038.00	2039.00	2039.00	2039.00	2039.00	2039.00	2039.00	2040.00	2040.00	2040.00	2041.00	2041.00	2041.00	2042.00	2042.00	2042.00	2042.00	2043.00	2043.00	2044.00	2045.00	2045.00	2045.00	2045.00	2046.00	2047.00	2048.00	2048.00
2019.00	2019.00	2019.00	2019.00	2019.00	2019.00	2019.00	2019.00	2019.00	2019.00	2020.00	2020.00	2020.00	2020.00	2020.00	2020.00	2021.00	2021.00	2021.00	2021.00	2021.00	2021.00	2022.00	2022.00	2022.00	2022.00	2022.00	2023.00	2023.00	2023.00	2023.00	2023.00	2024.00	2024.00	2025.00	2025.00	2025.00	2026.00	2026.00	2026.00	2026.00	2027.00	2027.00	2028.00	2028.00	2028.00	2028.00	2028.00	2029.00	2029.00	2029.00	2030.00	2030.00	2030.00	2031.00	2031.00	2031.00	2032.00	2032.00	2032.00	2033.00	2033.00	2033.00	2033.00	2034.00	2034.00	2035.00	2035.00	2035.00	2035.00	2035.00	2036.00	2036.00	2036.00	2036.00	2036.00	2036.00	2037.00	2037.00	2037.00	2037.00	2037.00	2038.00	2038.00	2038.00	2038.00	2038.00	2039.00	2039.00	2039.00	2039.00	2039.00	2039.00	2039.00	2039.00	2039.00	2039.00	2039.00	2039.00	2039.00	2039.00	2039.00	2039.00	2039.00	2039.00	2039.00	2039.00	2039.00	2039.00	2039.00	2039.00	2039.00	2039.00	2039.00	2039.00	2039.00	2039.00	2039.00	2038.00	2038.00	2038.00	2038.00	2038.00	2038.00	2037.00	2037.00	2037.00	2037.00	2036.00	2036.00	2036.00	2036.00	2036.00	2035.00	2035.00	2035.00	2035.00	2035.00	2035.00	2035.00	2035.00	2035.00	2035.00	2035.00	2035.00	2035.00	2035.00	2035.00	2035.00	2035.00	2035.00	2035.00	2035.00	2035.00	2035.00	2035.00	2036.00	2036.00	2036.00	2036.00	2036.00	2036.00	2036.00	2037.00	2037.00	2037.00	2037.00	2037.00	2037.00	2037.00	2037.00	2038.00	2038.00	2038.00	2038.00	2038.00	2038.00	2038.00	2038.00	2038.00	2038.00	2038.00	2038.00	2038.00	2038.00	2038.00	2038.00	2038.00	2038.00	2038.00	2038.00	2038.00	2038.00	2038.00	2038.00	2038.00	2038.00	2038.00	2038.00	2038.00	2038.00	2038.00	2038.00	2038.00	2038.00	2038.00	2038.00	2038.00	2038.00	2038.00	2038.00	2038.00	2037.00	2037.00	2037.00	2037.00	2037.00	2037.00	2037.00	2037.00	2038.00	2038.00	2038.00	2038.00	2038.00	2038.00	2038.00	2038.00	2038.00	2039.00	2039.00	2039.00	2039.00	2039.00	2039.00	2040.00	2040.00	2040.00	2041.00	2041.00	2041.00	2042.00	2042.00	2042.00	2042.00	2043.00	2043.00	2044.00	2045.00	2045.00	2045.00	2045.00	2046.00	2047.00	2048.00	2048.00
2019.00	2019.00	2019.00	2019.00	2019.00	2019.00	2019.00	2019.00	2019.00	2019.00	2020.00	2020.00	2020.00	2020.00	2020.00	2020.00	2021.00	2021.00	2021.00	2021.00	2021.00	2021.00	2022.00	2022.00	2022.00	2022.00	2022.00	2023.00	2023.00	2023.00	2023.00	2023.00	2024.00	2024.00	2025.00	2025.00	2025.00	2026.00	2026.00	2026.00	2026.00	2027.00	2027.00	2028.00	2028.00	2028.00	2028.00	2028.00	2029.00	2029.00	2029.00	2030.00	2030.00	2030.00	2031.00	2031.00	2031.00	2032.00	2032.00	2032.00	2033.00	2033.00	2033.00	2033.00	2034.00	2034.00	2035.00	2035.00	2035.00	2035.00	2035.00	2036.00	2036.00	2036.00	2036.00	2036.00	2036.00	2037.00	2037.00	2037.00	2037.00	2037.00	2038.00	2038.00	2038.00	2038.00	2038.00	2039.00	2039.00	2039.00	2039.00	2039.00	2039.00	2039.00	2039.00	2039.00	2039.00	2039.00	2039.00	2039.00	2039.00	2039.00	2039.00	2039.00	2039.00	2039.00	2039.00	2039.00	2039.00	2039.00	2039.00	2039.00	2039.00	2039.00	2039.00	2039.00	2039.00	2039.00	2038.00	2038.00	2038.00	2038.00	2038.00	2038.00	2037.00	2037.00	2037.00	2037.00	2036.00	2036.00	2036.00	2036.00	2036.00	2035.00	2035.00	2035.00	2035.00	2035.00	2035.00	2035.00	2035.00	2035.00	2035.00	2035.00	2035.00	2035.00	2035.00	2035.00	2035.00	2035.00	2035.00	2035.00	2035.00	2035.00	2035.00	2035.00	2036.00	2036.00	2036.00	2036.00	2036.00	2036.00	2036.00	2037.00	2037.00	2037.00	2037.00	2037.00	2037.00	2037.00	2037.00	2038.00	2038.00	2038.00	2038.00	2038.00	2038.00	2038.00	2038.00	2038.00	2038.00	2038.00	2038.00	2038.00	2038.00	2038.00	2038.00	2038.00	2038.00	2038.00	2038.00	2038.00	2038.00	2038.00	2038.00	2038.00	2038.00	2038.00	2038.00	2038.00	2038.00	2038.00	2038.00	2038.00	2038.00	2038.00	2038.00	2038.00	2038.00	2038.00	2038.00	2038.00	2037.00	2037.00	2037.00	2037.00	2037.00	2037.00	2037.00	2037.00	2038.00	2038.00	2038.00	2038.00	2038.00	2038.00	2038.00	2038.00	2038.00	2039.00	2039.00	2039.00	2039.00	2039.00	2039.00	2040.00	2040.00	2040.00	2041.00	2041.00	2041.00	2042.00	2042.00	2042.00	2042.00	2043.00	2043.00	2044.00	2045.00	2045.00	2045.00	2045.00	2046.00	2047.00	2048.00	2048.00
2019.00	2019.00	2019.00	2019.00	2019.00	2019.00	2019.00	2019.00	2019.00	2019.00	2020.00	2020.00	2020.00	2020.00	2020.00	2020.00	2021.00	2021.00	2021.00	2021.00	2021.00	2021.00	2022.00	2022.00	2022.00	2022.00	2022.00	2023.00	2023.00	2023.00	2023.00	2023.00	2024.00	2024.00	2025.00	2025.00	2025.00	2026.00	2026.00	2026.00	2026.00	2027.00	2027.00	2028.00	2028.00	2028.00	2028.00	2028.00	2029.00	2029.00	2029.00	2030.00	2030.00	2030.00	2031.00	2031.00	2031.00	2032.00	2032.00	2032.00	2033.00	2033.00	2033.00	2033.00	2034.00	2034.00	2035.00	2035.00	2035.00	2035.00	2035.00	2036.00	2036.00	2036.00	2036.00	2036.00	2036.00	2037.00	2037.00	2037.00	2037.00	2037.00	2038.00	2038.00	2038.00	2038.00	2038.00	2039.00	2039.00	2039.00	2039.00	2039.00	2039.00	2039.00	2039.00	2039.00	2039.00	2039.00	2039.00	2039.00	2039.00	2039.00	2039.00	2039.00	2039.00	2039.00	2039.00	2039.00	2039.00	2039.00	2039.00	2039.00	2039.00	2039.00	2039.00	2039.00	2039.00	2039.00	2038.00	2038.00	2038.00	2038.00	2038.00	2038.00	2037.00	2037.00	2037.00	2037.00	2036.00	2036.00	2036.00	2036.00	2036.00	2035.00	2035.00	2035.00	2035.00	2035.00	2035.00	2035.00	2035.00	2035.00	2035.00	2035.00	2035.00	2035.00	2035.00	2035.00	2035.00	2035.00	2035.00	2035.00	2035.00	2035.00	2035.00	2035.00	2036.00	2036.00	2036.00	2036.00	2036.00	2036.00	2036.00	2037.00	2037.00	2037.00	2037.00	2037.00	2037.00	2037.00	2037.00	2038.00	2038.00	2038.00	2038.00	2038.00	2038.00	2038.00	2038.00	2038.00	2038.00	2038.00	2038.00	2038.00	2038.00	2038.00	2038.00	2038.00	2038.00	2038.00	2038.00	2038.00	2038.00	2038.00	2038.00	2038.00	2038.00	2038.00	2038.00	2038.00	2038.00	2038.00	2038.00	2038.00	2038.00	2038.00	2038.00	2038.00	2038.00	2038.00	2038.00	2038.00	2037.00	2037.00	2037.00	2037.00	2037.00	2037.00	2037.00	2037.00	2038.00	2038.00	2038.00	2038.00	2038.00	2038.00	2038.00	2038.00	2038.00	2039.00	2039.00	2039.00	2039.00	2039.00	2039.00	2040.00	2040.00	2040.00	2041.00	2041.00	2041.00	2042.00	2042.00	2042.00	2042.00	2043.00	2043.00	2044.00	2045.00	2045.00	2045.00	2045.00	2046.00	2047.00	2048.00	2048.00
2020.00	2020.00	2020.00	2020.00	2020.00	2020.00	2020.00	2020.00	2020.00	2021.00	2021.00	2021.00	2021.00	2022.00	2022.00	2022.00	2022.00	2022.00	2023.00	2023.00	2023.00	2023.00	2024.00	2024.00	2024.00	2024.00	2024.00	2025.00	2025.00	2025.00	2026.00	2026.00	2026.00	2027.00	2027.00	2027.00	2028.00	2028.00	2028.00	2029.00	2029.00	2029.00	2030.00	2030.00	2030.00	2031.00	2031.00	2031.00	2032.00	2032.00	2032.00	2033.00	2033.00	2033.00	2034.00	2034.00	2034.00	2034.00	2034.00	2035.00	2035.00	2035.00	2036.00	2036.00	2037.00	2037.00	2037.00	2037.00	2038.00	2038.00	2038.00	2038.00	2038.00	2039.00	2039.00	2039.00	2039.00	2040.00	2040.00	2040.00	2040.00	2040.00	2040.00	2041.00	2041.00	2041.00	2041.00	2041.00	2041.00	2041.00	2041.00	2042.00	2042.00	2042.00	2042.00	2042.00	2042.00	2042.00	2042.00	2042.00	2042.00	2042.00	2042.00	2042.00	2042.00	2042.00	2042.00	2042.00	2042.00	2042.00	2042.00	2042.00	2042.00	2042.00	2042.00	2041.00	2041.00	2041.00	2041.00	2041.00	2041.00	2040.00	2040.00	2040.00	2040.00	2040.00	2040.00	2040.00	2039.00	2039.00	2039.00	2039.00	2039.00	2039.00	2039.00	2039.00	2038.00	2038.00	2038.00	2038.00	2038.00	2038.00	2038.00	2038.00	2038.00	2038.00	2038.00	2038.00	2038.00	2038.00	2038.00	2038.00	2038.00	2038.00	2038.00	2038.00	2039.00	2039.00	2039.00	2039.00	2039.00	2039.00	2039.00	2039.00	2039.00	2040.00	2040.00	2040.00	2040.00	2040.00	2040.00	2040.00	2040.00	2040.00	2040.00	2040.00	2040.00	2040.00	2040.00	2040.00	2040.00	2040.00	2040.00	2040.00	2040.00	2040.00	2040.00	2040.00	2040.00	2040.00	2040.00	2040.00	2040.00	2040.00	2040.00	2040.00	2040.00	2040.00	2040.00	2040.00	2039.00	2039.00	2039.00	2039.00	2039.00	2039.00	2039.00	2039.00	2039.00	2039.00	2039.00	2039.00	2039.00	2039.00	2039.00	2039.00	2039.00	2039.00	2039.00	2039.00	2039.00	2039.00	2039.00	2039.00	2039.00	2039.00	2039.00	2039.00	2039.00	2039.00	2039.00	2040.00	2040.00	2040.00	2040.00	2040.00	2040.00	2040.00	2041.00	2041.00	2041.00	2042.00	2042.00	2042.00	2043.00	2044.00	2044.00	2045.00	2045.00	2045.00	2046.00	2046.00	2047.00	2048.00	2049.00	2049.00
2020.00	2020.00	2020.00	2020.00	2020.00	2020.00	2020.00	2020.00	2020.00	2021.00	2021.00	2021.00	2021.00	2022.00	2022.00	2022.00	2022.00	2022.00	2023.00	2023.00	2023.00	2023.00	2024.00	2024.00	2024.00	2024.00	2024.00	2025.00	2025.00	2025.00	2026.00	2026.00	2026.00	2027.00	2027.00	2027.00	2028.00	2028.00	2028.00	2029.00	2029.00	2029.00	2030.00	2030.00	2030.00	2031.00	2031.00	2031.00	2032.00	2032.00	2032.00	2033.00	2033.00	2033.00	2034.00	2034.00	2034.00	2034.00	2034.00	2035.00	2035.00	2035.00	2036.00	2036.00	2037.00	2037.00	2037.00	2037.00	2038.00	2038.00	2038.00	2038.00	2038.00	2039.00	2039.00	2039.00	2039.00	2040.00	2040.00	2040.00	2040.00	2040.00	2040.00	2041.00	2041.00	2041.00	2041.00	2041.00	2041.00	2041.00	2041.00	2042.00	2042.00	2042.00	2042.00	2042.00	2042.00	2042.00	2042.00	2042.00	2042.00	2042.00	2042.00	2042.00	2042.00	2042.00	2042.00	2042.00	2042.00	2042.00	2042.00	2042.00	2042.00	2042.00	2042.00	2041.00	2041.00	2041.00	2041.00	2041.00	2041.00	2040.00	2040.00	2040.00	2040.00	2040.00	2040.00	2040.00	2039.00	2039.00	2039.00	2039.00	2039.00	2039.00	2039.00	2039.00	2038.00	2038.00	2038.00	2038.00	2038.00	2038.00	2038.00	2038.00	2038.00	2038.00	2038.00	2038.00	2038.00	2038.00	2038.00	2038.00	2038.00	2038.00	2038.00	2038.00	2039.00	2039.00	2039.00	2039.00	2039.00	2039.00	2039.00	2039.00	2039.00	2040.00	2040.00	2040.00	2040.00	2040.00	2040.00	2040.00	2040.00	2040.00	2040.00	2040.00	2040.00	2040.00	2040.00	2040.00	2040.00	2040.00	2040.00	2040.00	2040.00	2040.00	2040.00	2040.00	2040.00	2040.00	2040.00	2040.00	2040.00	2040.00	2040.00	2040.00	2040.00	2040.00	2040.00	2040.00	2039.00	2039.00	2039.00	2039.00	2039.00	2039.00	2039.00	2039.00	2039.00	2039.00	2039.00	2039.00	2039.00	2039.00	2039.00	2039.00	2039.00	2039.00	2039.00	2039.00	2039.00	2039.00	2039.00	2039.00	2039.00	2039.00	2039.00	2039.00	2039.00	2039.00	2039.00	2040.00	2040.00	2040.00	2040.00	2040.00	2040.00	2040.00	2041.00	2041.00	2041.00	2042.00	2042.00	2042.00	2043.00	2044.00	2044.00	2045.00	2045.00	2045.00	2046.00	2046.00	2047.00	2048.00	2049.00	2049.00
2020.00	2020.00	2020.00	2020.00	2020.00	2020.00	2020.00	2020.00	2020.00	2021.00	2021.00	2021.00	2021.00	2022.00	2022.00	2022.00	2022.00	2022.00	2023.00	2023.00	2023.00	2023.00	2024.00	2024.00	2024.00	2024.00	2024.00	2025.00	2025.00	2025.00	2026.00	2026.00	2026.00	2027.00	2027.00	2027.00	2028.00	2028.00	2028.00	2029.00	2029.00	2029.00	2030.00	2030.00	2030.00	2031.00	2031.00	2031.00	2032.00	2032.00	2032.00	2033.00	2033.00	2033.00	2034.00	2034.00	2034.00	2034.00	2034.00	2035.00	2035.00	2035.00	2036.00	2036.00	2037.00	2037.00	2037.00	2037.00	2038.00	2038.00	2038.00	2038.00	2038.00	2039.00	2039.00	2039.00	2039.00	2040.00	2040.00	2040.00	2040.00	2040.00	2040.00	2041.00	2041.00	2041.00	2041.00	2041.00	2041.00	2041.00	2041.00	2042.00	2042.00	2042.00	2042.00	2042.00	2042.00	2042.00	2042.00	2042.00	2042.00	2042.00	2042.00	2042.00	2042.00	2042.00	2042.00	2042.00	2042.00	2042.00	2042.00	2042.00	2042.00	2042.00	2042.00	2041.00	2041.00	2041.00	2041.00	2041.00	2041.00	2040.00	2040.00	2040.00	2040.00	2040.00	2040.00	2040.00	2039.00	2039.00	2039.00	2039.00	2039.00	2039.00	2039.00	2039.00	2038.00	2038.00	2038.00	2038.00	2038.00	2038.00	2038.00	2038.00	2038.00	2038.00	2038.00	2038.00	2038.00	2038.00	2038.00	2038.00	2038.00	2038.00	2038.00	2038.00	2039.00	2039.00	2039.00	2039.00	2039.00	2039.00	2039.00	2039.00	2039.00	2040.00	2040.00	2040.00	2040.00	2040.00	2040.00	2040.00	2040.00	2040.00	2040.00	2040.00	2040.00	2040.00	2040.00	2040.00	2040.00	2040.00	2040.00	2040.00	2040.00	2040.00	2040.00	2040.00	2040.00	2040.00	2040.00	2040.00	2040.00	2040.00	2040.00	2040.00	2040.00	2040.00	2040.00	2040.00	2039.00	2039.00	2039.00	2039.00	2039.00	2039.00	2039.00	2039.00	2039.00	2039.00	2039.00	2039.00	2039.00	2039.00	2039.00	2039.00	2039.00	2039.00	2039.00	2039.00	2039.00	2039.00	2039.00	2039.00	2039.00	2039.00	2039.00	2039.00	2039.00	2039.00	2039.00	2040.00	2040.00	2040.00	2040.00	2040.00	2040.00	2040.00	2041.00	2041.00	2041.00	2042.00	2042.00	2042.00	2043.00	2044.00	2044.00	2045.00	2045.00	2045.00	2046.00	2046.00	2047.00	2048.00	2049.00	2049.00
2020.00	2020.00	2020.00	2020.00	2020.00	2020.00	2020.00	2020.00	2020.00	2021.00	2021.00	2021.00	2021.00	2022.00	2022.00	2022.00	2022.00	2022.00	2023.00	2023.00	2023.00	2023.00	2024.00	2024.00	2024.00	2024.00	2024.00	2025.00	2025.00	2025.00	2026.00	2026.00	2026.00	2027.00	2027.00	2027.00	2028.00	2028.00	2028.00	2029.00	2029.00	2029.00	2030.00	2030.00	2030.00	2031.00	2031.00	2031.00	2032.00	2032.00	2032.00	2033.00	2033.00	2033.00	2034.00	2034.00	2034.00	2034.00	2034.00	2035.00	2035.00	2035.00	2036.00	2036.00	2037.00	2037.00	2037.00	2037.00	2038.00	2038.00	2038.00	2038.00	2038.00	2039.00	2039.00	2039.00	2039.00	2040.00	2040.00	2040.00	2040.00	2040.00	2040.00	2041.00	2041.00	2041.00	2041.00	2041.00	2041.00	2041.00	2041.00	2042.00	2042.00	2042.00	2042.00	2042.00	2042.00	2042.00	2042.00	2042.00	2042.00	2042.00	2042.00	2042.00	2042.00	2042.00	2042.00	2042.00	2042.00	2042.00	2042.00	2042.00	2042.00	2042.00	2042.00	2041.00	2041.00	2041.00	2041.00	2041.00	2041.00	2040.00	2040.00	2040.00	2040.00	2040.00	2040.00	2040.00	2039.00	2039.00	2039.00	2039.00	2039.00	2039.00	2039.00	2039.00	2038.00	2038.00	2038.00	2038.00	2038.00	2038.00	2038.00	2038.00	2038.00	2038.00	2038.00	2038.00	2038.00	2038.00	2038.00	2038.00	2038.00	2038.00	2038.00	2038.00	2039.00	2039.00	2039.00	2039.00	2039.00	2039.00	2039.00	2039.00	2039.00	2040.00	2040.00	2040.00	2040.00	2040.00	2040.00	2040.00	2040.00	2040.00	2040.00	2040.00	2040.00	2040.00	2040.00	2040.00	2040.00	2040.00	2040.00	2040.00	2040.00	2040.00	2040.00	2040.00	2040.00	2040.00	2040.00	2040.00	2040.00	2040.00	2040.00	2040.00	2040.00	2040.00	2040.00	2040.00	2039.00	2039.00	2039.00	2039.00	2039.00	2039.00	2039.00	2039.00	2039.00	2039.00	2039.00	2039.00	2039.00	2039.00	2039.00	2039.00	2039.00	2039.00	2039.00	2039.00	2039.00	2039.00	2039.00	2039.00	2039.00	2039.00	2039.00	2039.00	2039.00	2039.00	2039.00	2040.00	2040.00	2040.00	2040.00	2040.00	2040.00	2040.00	2041.00	2041.00	2041.00	2042.00	2042.00	2042.00	2043.00	2044.00	2044.00	2045.00	2045.00	2045.00	2046.00	2046.00	2047.00	2048.00	2049.00	2049.00
2020.00	2020.00	2020.00	2020.00	2020.00	2020.00	2020.00	2020.00	2020.00	2021.00	2021.00	2021.00	2021.00	2022.00	2022.00	2022.00	2022.00	2022.00	2023.00	2023.00	2023.00	2023.00	2024.00	2024.00	2024.00	2024.00	2024.00	2025.00	2025.00	2025.00	2026.00	2026.00	2026.00	2027.00	2027.00	2027.00	2028.00	2028.00	2028.00	2029.00	2029.00	2029.00	2030.00	2030.00	2030.00	2031.00	2031.00	2031.00	2032.00	2032.00	2032.00	2033.00	2033.00	2033.00	2034.00	2034.00	2034.00	2034.00	2034.00	2035.00	2035.00	2035.00	2036.00	2036.00	2037.00	2037.00	2037.00	2037.00	2038.00	2038.00	2038.00	2038.00	2038.00	2039.00	2039.00	2039.00	2039.00	2040.00	2040.00	2040.00	2040.00	2040.00	2040.00	2041.00	2041.00	2041.00	2041.00	2041.00	2041.00	2041.00	2041.00	2042.00	2042.00	2042.00	2042.00	2042.00	2042.00	2042.00	2042.00	2042.00	2042.00	2042.00	2042.00	2042.00	2042.00	2042.00	2042.00	2042.00	2042.00	2042.00	2042.00	2042.00	2042.00	2042.00	2042.00	2041.00	2041.00	2041.00	2041.00	2041.00	2041.00	2040.00	2040.00	2040.00	2040.00	2040.00	2040.00	2040.00	2039.00	2039.00	2039.00	2039.00	2039.00	2039.00	2039.00	2039.00	2038.00	2038.00	2038.00	2038.00	2038.00	2038.00	2038.00	2038.00	2038.00	2038.00	2038.00	2038.00	2038.00	2038.00	2038.00	2038.00	2038.00	2038.00	2038.00	2038.00	2039.00	2039.00	2039.00	2039.00	2039.00	2039.00	2039.00	2039.00	2039.00	2040.00	2040.00	2040.00	2040.00	2040.00	2040.00	2040.00	2040.00	2040.00	2040.00	2040.00	2040.00	2040.00	2040.00	2040.00	2040.00	2040.00	2040.00	2040.00	2040.00	2040.00	2040.00	2040.00	2040.00	2040.00	2040.00	2040.00	2040.00	2040.00	2040.00	2040.00	2040.00	2040.00	2040.00	2040.00	2039.00	2039.00	2039.00	2039.00	2039.00	2039.00	2039.00	2039.00	2039.00	2039.00	2039.00	2039.00	2039.00	2039.00	2039.00	2039.00	2039.00	2039.00	2039.00	2039.00	2039.00	2039.00	2039.00	2039.00	2039.00	2039.00	2039.00	2039.00	2039.00	2039.00	2039.00	2040.00	2040.00	2040.00	2040.00	2040.00	2040.00	2040.00	2041.00	2041.00	2041.00	2042.00	2042.00	2042.00	2043.00	2044.00	2044.00	2045.00	2045.00	2045.00	2046.00	2046.00	2047.00	2048.00	2049.00	2049.00
2020.00	2020.00	2020.00	2020.00	2020.00	2020.00	2020.00	2020.00	2020.00	2021.00	2021.00	2021.00	2021.00	2022.00	2022.00	2022.00	2022.00	2022.00	2023.00	2023.00	2023.00	2023.00	2024.00	2024.00	2024.00	2024.00	2024.00	2025.00	2025.00	2025.00	2026.00	2026.00	2026.00	2027.00	2027.00	2027.00	2028.00	2028.00	2028.00	2029.00	2029.00	2029.00	2030.00	2030.00	2030.00	2031.00	2031.00	2031.00	2032.00	2032.00	2032.00	2033.00	2033.00	2033.00	2034.00	2034.00	2034.00	2034.00	2034.00	2035.00	2035.00	2035.00	2036.00	2036.00	2037.00	2037.00	2037.00	2037.00	2038.00	2038.00	2038.00	2038.00	2038.00	2039.00	2039.00	2039.00	2039.00	2040.00	2040.00	2040.00	2040.00	2040.00	2040.00	2041.00	2041.00	2041.00	2041.00	2041.00	2041.00	2041.00	2041.00	2042.00	2042.00	2042.00	2042.00	2042.00	2042.00	2042.00	2042.00	2042.00	2042.00	2042.00	2042.00	2042.00	2042.00	2042.00	2042.00	2042.00	2042.00	2042.00	2042.00	2042.00	2042.00	2042.00	2042.00	2041.00	2041.00	2041.00	2041.00	2041.00	2041.00	2040.00	2040.00	2040.00	2040.00	2040.00	2040.00	2040.00	2039.00	2039.00	2039.00	2039.00	2039.00	2039.00	2039.00	2039.00	2038.00	2038.00	2038.00	2038.00	2038.00	2038.00	2038.00	2038.00	2038.00	2038.00	2038.00	2038.00	2038.00	2038.00	2038.00	2038.00	2038.00	2038.00	2038.00	2038.00	2039.00	2039.00	2039.00	2039.00	2039.00	2039.00	2039.00	2039.00	2039.00	2040.00	2040.00	2040.00	2040.00	2040.00	2040.00	2040.00	2040.00	2040.00	2040.00	2040.00	2040.00	2040.00	2040.00	2040.00	2040.00	2040.00	2040.00	2040.00	2040.00	2040.00	2040.00	2040.00	2040.00	2040.00	2040.00	2040.00	2040.00	2040.00	2040.00	2040.00	2040.00	2040.00	2040.00	2040.00	2039.00	2039.00	2039.00	2039.00	2039.00	2039.00	2039.00	2039.00	2039.00	2039.00	2039.00	2039.00	2039.00	2039.00	2039.00	2039.00	2039.00	2039.00	2039.00	2039.00	2039.00	2039.00	2039.00	2039.00	2039.00	2039.00	2039.00	2039.00	2039.00	2039.00	2039.00	2040.00	2040.00	2040.00	2040.00	2040.00	2040.00	2040.00	2041.00	2041.00	2041.00	2042.00	2042.00	2042.00	2043.00	2044.00	2044.00	2045.00	2045.00	2045.00	2046.00	2046.00	2047.00	2048.00	2049.00	2049.00
2020.00	2020.00	2020.00	2020.00	2020.00	2020.00	2020.00	2020.00	2020.00	2021.00	2021.00	2021.00	2021.00	2022.00	2022.00	2022.00	2022.00	2022.00	2023.00	2023.00	2023.00	2023.00	2024.00	2024.00	2024.00	2024.00	2024.00	2025.00	2025.00	2025.00	2026.00	2026.00	2026.00	2027.00	2027.00	2027.00	2028.00	2028.00	2028.00	2029.00	2029.00	2029.00	2030.00	2030.00	2030.00	2031.00	2031.00	2031.00	2032.00	2032.00	2032.00	2033.00	2033.00	2033.00	2034.00	2034.00	2034.00	2034.00	2034.00	2035.00	2035.00	2035.00	2036.00	2036.00	2037.00	2037.00	2037.00	2037.00	2038.00	2038.00	2038.00	2038.00	2038.00	2039.00	2039.00	2039.00	2039.00	2040.00	2040.00	2040.00	2040.00	2040.00	2040.00	2041.00	2041.00	2041.00	2041.00	2041.00	2041.00	2041.00	2041.00	2042.00	2042.00	2042.00	2042.00	2042.00	2042.00	2042.00	2042.00	2042.00	2042.00	2042.00	2042.00	2042.00	2042.00	2042.00	2042.00	2042.00	2042.00	2042.00	2042.00	2042.00	2042.00	2042.00	2042.00	2041.00	2041.00	2041.00	2041.00	2041.00	2041.00	2040.00	2040.00	2040.00	2040.00	2040.00	2040.00	2040.00	2039.00	2039.00	2039.00	2039.00	2039.00	2039.00	2039.00	2039.00	2038.00	2038.00	2038.00	2038.00	2038.00	2038.00	2038.00	2038.00	2038.00	2038.00	2038.00	2038.00	2038.00	2038.00	2038.00	2038.00	2038.00	2038.00	2038.00	2038.00	2039.00	2039.00	2039.00	2039.00	2039.00	2039.00	2039.00	2039.00	2039.00	2040.00	2040.00	2040.00	2040.00	2040.00	2040.00	2040.00	2040.00	2040.00	2040.00	2040.00	2040.00	2040.00	2040.00	2040.00	2040.00	2040.00	2040.00	2040.00	2040.00	2040.00	2040.00	2040.00	2040.00	2040.00	2040.00	2040.00	2040.00	2040.00	2040.00	2040.00	2040.00	2040.00	2040.00	2040.00	2039.00	2039.00	2039.00	2039.00	2039.00	2039.00	2039.00	2039.00	2039.00	2039.00	2039.00	2039.00	2039.00	2039.00	2039.00	2039.00	2039.00	2039.00	2039.00	2039.00	2039.00	2039.00	2039.00	2039.00	2039.00	2039.00	2039.00	2039.00	2039.00	2039.00	2039.00	2040.00	2040.00	2040.00	2040.00	2040.00	2040.00	2040.00	2041.00	2041.00	2041.00	2042.00	2042.00	2042.00	2043.00	2044.00	2044.00	2045.00	2045.00	2045.00	2046.00	2046.00	2047.00	2048.00	2049.00	2049.00
2020.00	2020.00	2020.00	2020.00	2020.00	2020.00	2020.00	2020.00	2020.00	2021.00	2021.00	2021.00	2021.00	2022.00	2022.00	2022.00	2022.00	2022.00	2023.00	2023.00	2023.00	2023.00	2024.00	2024.00	2024.00	2024.00	2024.00	2025.00	2025.00	2025.00	2026.00	2026.00	2026.00	2027.00	2027.00	2027.00	2028.00	2028.00	2028.00	2029.00	2029.00	2029.00	2030.00	2030.00	2030.00	2031.00	2031.00	2031.00	2032.00	2032.00	2032.00	2033.00	2033.00	2033.00	2034.00	2034.00	2034.00	2034.00	2034.00	2035.00	2035.00	2035.00	2036.00	2036.00	2037.00	2037.00	2037.00	2037.00	2038.00	2038.00	2038.00	2038.00	2038.00	2039.00	2039.00	2039.00	2039.00	2040.00	2040.00	2040.00	2040.00	2040.00	2040.00	2041.00	2041.00	2041.00	2041.00	2041.00	2041.00	2041.00	2041.00	2042.00	2042.00	2042.00	2042.00	2042.00	2042.00	2042.00	2042.00	2042.00	2042.00	2042.00	2042.00	2042.00	2042.00	2042.00	2042.00	2042.00	2042.00	2042.00	2042.00	2042.00	2042.00	2042.00	2042.00	2041.00	2041.00	2041.00	2041.00	2041.00	2041.00	2040.00	2040.00	2040.00	2040.00	2040.00	2040.00	2040.00	2039.00	2039.00	2039.00	2039.00	2039.00	2039.00	2039.00	2039.00	2038.00	2038.00	2038.00	2038.00	2038.00	2038.00	2038.00	2038.00	2038.00	2038.00	2038.00	2038.00	2038.00	2038.00	2038.00	2038.00	2038.00	2038.00	2038.00	2038.00	2039.00	2039.00	2039.00	2039.00	2039.00	2039.00	2039.00	2039.00	2039.00	2040.00	2040.00	2040.00	2040.00	2040.00	2040.00	2040.00	2040.00	2040.00	2040.00	2040.00	2040.00	2040.00	2040.00	2040.00	2040.00	2040.00	2040.00	2040.00	2040.00	2040.00	2040.00	2040.00	2040.00	2040.00	2040.00	2040.00	2040.00	2040.00	2040.00	2040.00	2040.00	2040.00	2040.00	2040.00	2039.00	2039.00	2039.00	2039.00	2039.00	2039.00	2039.00	2039.00	2039.00	2039.00	2039.00	2039.00	2039.00	2039.00	2039.00	2039.00	2039.00	2039.00	2039.00	2039.00	2039.00	2039.00	2039.00	2039.00	2039.00	2039.00	2039.00	2039.00	2039.00	2039.00	2039.00	2040.00	2040.00	2040.00	2040.00	2040.00	2040.00	2040.00	2041.00	2041.00	2041.00	2042.00	2042.00	2042.00	2043.00	2044.00	2044.00	2045.00	2045.00	2045.00	2046.00	2046.00	2047.00	2048.00	2049.00	2049.00
2021.00	2021.00	2021.00	2021.00	2021.00	2021.00	2021.00	2022.00	2022.00	2022.00	2022.00	2023.00	2023.00	2023.00	2023.00	2023.00	2024.00	2024.00	2024.00	2025.00	2025.00	2025.00	2025.00	2025.00	2026.00	2026.00	2026.00	2027.00	2028.00	2028.00	2028.00	2028.00	2029.00	2029.00	2030.00	2030.00	2031.00	2031.00	2031.00	2032.00	2032.00	2032.00	2033.00	2034.00	2034.00	2034.00	2035.00	2035.00	2035.00	2035.00	2035.00	2036.00	2036.00	2036.00	2037.00	2037.00	2037.00	2037.00	2037.00	2038.00	2038.00	2038.00	2038.00	2038.00	2039.00	2039.00	2039.00	2039.00	2039.00	2040.00	2040.00	2040.00	2040.00	2040.00	2041.00	2041.00	2041.00	2041.00	2042.00	2042.00	2042.00	2042.00	2042.00	2043.00	2043.00	2043.00	2043.00	2043.00	2043.00	2043.00	2043.00	2044.00	2044.00	2044.00	2044.00	2044.00	2044.00	2044.00	2044.00	2044.00	2044.00	2045.00	2045.00	2045.00	2045.00	2044.00	2044.00	2044.00	2044.00	2044.00	2044.00	2044.00	2044.00	2044.00	2044.00	2043.00	2043.00	2043.00	2043.00	2042.00	2042.00	2042.00	2042.00	2042.00	2042.00	2042.00	2042.00	2041.00	2041.00	2041.00	2041.00	2041.00	2041.00	2041.00	2041.00	2041.00	2041.00	2041.00	2041.00	2041.00	2041.00	2041.00	2040.00	2040.00	2040.00	2040.00	2040.00	2040.00	2040.00	2040.00	2040.00	2041.00	2041.00	2041.00	2041.00	2041.00	2041.00	2041.00	2042.00	2042.00	2042.00	2042.00	2042.00	2042.00	2042.00	2042.00	2042.00	2043.00	2043.00	2043.00	2043.00	2043.00	2043.00	2043.00	2043.00	2043.00	2043.00	2043.00	2043.00	2043.00	2043.00	2043.00	2043.00	2042.00	2042.00	2042.00	2042.00	2042.00	2042.00	2042.00	2042.00	2042.00	2042.00	2042.00	2042.00	2042.00	2042.00	2042.00	2042.00	2041.00	2041.00	2041.00	2041.00	2041.00	2041.00	2041.00	2040.00	2040.00	2040.00	2040.00	2040.00	2040.00	2039.00	2039.00	2039.00	2039.00	2039.00	2039.00	2039.00	2039.00	2039.00	2039.00	2039.00	2039.00	2039.00	2039.00	2039.00	2039.00	2039.00	2039.00	2040.00	2040.00	2040.00	2040.00	2040.00	2040.00	2041.00	2041.00	2041.00	2042.00	2042.00	2043.00	2043.00	2043.00	2044.00	2045.00	2045.00	2046.00	2046.00	2046.00	2047.00	2047.00	2048.00	2049.00	2050.00	2050.00
2021.00	2021.00	2021.00	2021.00	2021.00	2021.00	2021.00	2022.00	2022.00	2022.00	2022.00	2023.00	2023.00	2023.00	2023.00	2023.00	2024.00	2024.00	2024.00	2025.00	2025.00	2025.00	2025.00	2025.00	2026.00	2026.00	2026.00	2027.00	2028.00	2028.00	2028.00	2028.00	2029.00	2029.00	2030.00	2030.00	2031.00	2031.00	2031.00	2032.00	2032.00	2032.00	2033.00	2034.00	2034.00	2034.00	2035.00	2035.00	2035.00	2035.00	2035.00	2036.00	2036.00	2036.00	2037.00	2037.00	2037.00	2037.00	2037.00	2038.00	2038.00	2038.00	2038.00	2038.00	2039.00	2039.00	2039.00	2039.00	2039.00	2040.00	2040.00	2040.00	2040.00	2040.00	2041.00	2041.00	2041.00	2041.00	2042.00	2042.00	2042.00	2042.00	2042.00	2043.00	2043.00	2043.00	2043.00	2043.00	2043.00	2043.00	2043.00	2044.00	2044.00	2044.00	2044.00	2044.00	2044.00	2044.00	2044.00	2044.00	2044.00	2045.00	2045.00	2045.00	2045.00	2044.00	2044.00	2044.00	2044.00	2044.00	2044.00	2044.00	2044.00	2044.00	2044.00	2043.00	2043.00	2043.00	2043.00	2042.00	2042.00	2042.00	2042.00	2042.00	2042.00	2042.00	2042.00	2041.00	2041.00	2041.00	2041.00	2041.00	2041.00	2041.00	2041.00	2041.00	2041.00	2041.00	2041.00	2041.00	2041.00	2041.00	2040.00	2040.00	2040.00	2040.00	2040.00	2040.00	2040.00	2040.00	2040.00	2041.00	2041.00	2041.00	2041.00	2041.00	2041.00	2041.00	2042.00	2042.00	2042.00	2042.00	2042.00	2042.00	2042.00	2042.00	2042.00	2043.00	2043.00	2043.00	2043.00	2043.00	2043.00	2043.00	2043.00	2043.00	2043.00	2043.00	2043.00	2043.00	2043.00	2043.00	2043.00	2042.00	2042.00	2042.00	2042.00	2042.00	2042.00	2042.00	2042.00	2042.00	2042.00	2042.00	2042.00	2042.00	2042.00	2042.00	2042.00	2041.00	2041.00	2041.00	2041.00	2041.00	2041.00	2041.00	2040.00	2040.00	2040.00	2040.00	2040.00	2040.00	2039.00	2039.00	2039.00	2039.00	2039.00	2039.00	2039.00	2039.00	2039.00	2039.00	2039.00	2039.00	2039.00	2039.00	2039.00	2039.00	2039.00	2039.00	2040.00	2040.00	2040.00	2040.00	2040.00	2040.00	2041.00	2041.00	2041.00	2042.00	2042.00	2043.00	2043.00	2043.00	2044.00	2045.00	2045.00	2046.00	2046.00	2046.00	2047.00	2047.00	2048.00	2049.00	2050.00	2050.00
2021.00	2021.00	2021.00	2021.00	2021.00	2021.00	2021.00	2022.00	2022.00	2022.00	2022.00	2023.00	2023.00	2023.00	2023.00	2023.00	2024.00	2024.00	2024.00	2025.00	2025.00	2025.00	2025.00	2025.00	2026.00	2026.00	2026.00	2027.00	2028.00	2028.00	2028.00	2028.00	2029.00	2029.00	2030.00	2030.00	2031.00	2031.00	2031.00	2032.00	2032.00	2032.00	2033.00	2034.00	2034.00	2034.00	2035.00	2035.00	2035.00	2035.00	2035.00	2036.00	2036.00	2036.00	2037.00	2037.00	2037.00	2037.00	2037.00	2038.00	2038.00	2038.00	2038.00	2038.00	2039.00	2039.00	2039.00	2039.00	2039.00	2040.00	2040.00	2040.00	2040.00	2040.00	2041.00	2041.00	2041.00	2041.00	2042.00	2042.00	2042.00	2042.00	2042.00	2043.00	2043.00	2043.00	2043.00	2043.00	2043.00	2043.00	2043.00	2044.00	2044.00	2044.00	2044.00	2044.00	2044.00	2044.00	2044.00	2044.00	2044.00	2045.00	2045.00	2045.00	2045.00	2044.00	2044.00	2044.00	2044.00	2044.00	2044.00	2044.00	2044.00	2044.00	2044.00	2043.00	2043.00	2043.00	2043.00	2042.00	2042.00	2042.00	2042.00	2042.00	2042.00	2042.00	2042.00	2041.00	2041.00	2041.00	2041.00	2041.00	2041.00	2041.00	2041.00	2041.00	2041.00	2041.00	2041.00	2041.00	2041.00	2041.00	2040.00	2040.00	2040.00	2040.00	2040.00	2040.00	2040.00	2040.00	2040.00	2041.00	2041.00	2041.00	2041.00	2041.00	2041.00	2041.00	2042.00	2042.00	2042.00	2042.00	2042.00	2042.00	2042.00	2042.00	2042.00	2043.00	2043.00	2043.00	2043.00	2043.00	2043.00	2043.00	2043.00	2043.00	2043.00	2043.00	2043.00	2043.00	2043.00	2043.00	2043.00	2042.00	2042.00	2042.00	2042.00	2042.00	2042.00	2042.00	2042.00	2042.00	2042.00	2042.00	2042.00	2042.00	2042.00	2042.00	2042.00	2041.00	2041.00	2041.00	2041.00	2041.00	2041.00	2041.00	2040.00	2040.00	2040.00	2040.00	2040.00	2040.00	2039.00	2039.00	2039.00	2039.00	2039.00	2039.00	2039.00	2039.00	2039.00	2039.00	2039.00	2039.00	2039.00	2039.00	2039.00	2039.00	2039.00	2039.00	2040.00	2040.00	2040.00	2040.00	2040.00	2040.00	2041.00	2041.00	2041.00	2042.00	2042.00	2043.00	2043.00	2043.00	2044.00	2045.00	2045.00	2046.00	2046.00	2046.00	2047.00	2047.00	2048.00	2049.00	2050.00	2050.00
2021.00	2021.00	2021.00	2021.00	2021.00	2021.00	2021.00	2022.00	2022.00	2022.00	2022.00	2023.00	2023.00	2023.00	2023.00	2023.00	2024.00	2024.00	2024.00	2025.00	2025.00	2025.00	2025.00	2025.00	2026.00	2026.00	2026.00	2027.00	2028.00	2028.00	2028.00	2028.00	2029.00	2029.00	2030.00	2030.00	2031.00	2031.00	2031.00	2032.00	2032.00	2032.00	2033.00	2034.00	2034.00	2034.00	2035.00	2035.00	2035.00	2035.00	2035.00	2036.00	2036.00	2036.00	2037.00	2037.00	2037.00	2037.00	2037.00	2038.00	2038.00	2038.00	2038.00	2038.00	2039.00	2039.00	2039.00	2039.00	2039.00	2040.00	2040.00	2040.00	2040.00	2040.00	2041.00	2041.00	2041.00	2041.00	2042.00	2042.00	2042.00	2042.00	2042.00	2043.00	2043.00	2043.00	2043.00	2043.00	2043.00	2043.00	2043.00	2044.00	2044.00	2044.00	2044.00	2044.00	2044.00	2044.00	2044.00	2044.00	2044.00	2045.00	2045.00	2045.00	2045.00	2044.00	2044.00	2044.00	2044.00	2044.00	2044.00	2044.00	2044.00	2044.00	2044.00	2043.00	2043.00	2043.00	2043.00	2042.00	2042.00	2042.00	2042.00	2042.00	2042.00	2042.00	2042.00	2041.00	2041.00	2041.00	2041.00	2041.00	2041.00	2041.00	2041.00	2041.00	2041.00	2041.00	2041.00	2041.00	2041.00	2041.00	2040.00	2040.00	2040.00	2040.00	2040.00	2040.00	2040.00	2040.00	2040.00	2041.00	2041.00	2041.00	2041.00	2041.00	2041.00	2041.00	2042.00	2042.00	2042.00	2042.00	2042.00	2042.00	2042.00	2042.00	2042.00	2043.00	2043.00	2043.00	2043.00	2043.00	2043.00	2043.00	2043.00	2043.00	2043.00	2043.00	2043.00	2043.00	2043.00	2043.00	2043.00	2042.00	2042.00	2042.00	2042.00	2042.00	2042.00	2042.00	2042.00	2042.00	2042.00	2042.00	2042.00	2042.00	2042.00	2042.00	2042.00	2041.00	2041.00	2041.00	2041.00	2041.00	2041.00	2041.00	2040.00	2040.00	2040.00	2040.00	2040.00	2040.00	2039.00	2039.00	2039.00	2039.00	2039.00	2039.00	2039.00	2039.00	2039.00	2039.00	2039.00	2039.00	2039.00	2039.00	2039.00	2039.00	2039.00	2039.00	2040.00	2040.00	2040.00	2040.00	2040.00	2040.00	2041.00	2041.00	2041.00	2042.00	2042.00	2043.00	2043.00	2043.00	2044.00	2045.00	2045.00	2046.00	2046.00	2046.00	2047.00	2047.00	2048.00	2049.00	2050.00	2050.00
2021.00	2021.00	2021.00	2021.00	2021.00	2021.00	2021.00	2022.00	2022.00	2022.00	2022.00	2023.00	2023.00	2023.00	2023.00	2023.00	2024.00	2024.00	2024.00	2025.00	2025.00	2025.00	2025.00	2025.00	2026.00	2026.00	2026.00	2027.00	2028.00	2028.00	2028.00	2028.00	2029.00	2029.00	2030.00	2030.00	2031.00	2031.00	2031.00	2032.00	2032.00	2032.00	2033.00	2034.00	2034.00	2034.00	2035.00	2035.00	2035.00	2035.00	2035.00	2036.00	2036.00	2036.00	2037.00	2037.00	2037.00	2037.00	2037.00	2038.00	2038.00	2038.00	2038.00	2038.00	2039.00	2039.00	2039.00	2039.00	2039.00	2040.00	2040.00	2040.00	2040.00	2040.00	2041.00	2041.00	2041.00	2041.00	2042.00	2042.00	2042.00	2042.00	2042.00	2043.00	2043.00	2043.00	2043.00	2043.00	2043.00	2043.00	2043.00	2044.00	2044.00	2044.00	2044.00	2044.00	2044.00	2044.00	2044.00	2044.00	2044.00	2045.00	2045.00	2045.00	2045.00	2044.00	2044.00	2044.00	2044.00	2044.00	2044.00	2044.00	2044.00	2044.00	2044.00	2043.00	2043.00	2043.00	2043.00	2042.00	2042.00	2042.00	2042.00	2042.00	2042.00	2042.00	2042.00	2041.00	2041.00	2041.00	2041.00	2041.00	2041.00	2041.00	2041.00	2041.00	2041.00	2041.00	2041.00	2041.00	2041.00	2041.00	2040.00	2040.00	2040.00	2040.00	2040.00	2040.00	2040.00	2040.00	2040.00	2041.00	2041.00	2041.00	2041.00	2041.00	2041.00	2041.00	2042.00	2042.00	2042.00	2042.00	2042.00	2042.00	2042.00	2042.00	2042.00	2043.00	2043.00	2043.00	2043.00	2043.00	2043.00	2043.00	2043.00	2043.00	2043.00	2043.00	2043.00	2043.00	2043.00	2043.00	2043.00	2042.00	2042.00	2042.00	2042.00	2042.00	2042.00	2042.00	2042.00	2042.00	2042.00	2042.00	2042.00	2042.00	2042.00	2042.00	2042.00	2041.00	2041.00	2041.00	2041.00	2041.00	2041.00	2041.00	2040.00	2040.00	2040.00	2040.00	2040.00	2040.00	2039.00	2039.00	2039.00	2039.00	2039.00	2039.00	2039.00	2039.00	2039.00	2039.00	2039.00	2039.00	2039.00	2039.00	2039.00	2039.00	2039.00	2039.00	2040.00	2040.00	2040.00	2040.00	2040.00	2040.00	2041.00	2041.00	2041.00	2042.00	2042.00	2043.00	2043.00	2043.00	2044.00	2045.00	2045.00	2046.00	2046.00	2046.00	2047.00	2047.00	2048.00	2049.00	2050.00	2050.00
2021.00	2021.00	2021.00	2021.00	2021.00	2021.00	2021.00	2022.00	2022.00	2022.00	2022.00	2023.00	2023.00	2023.00	2023.00	2023.00	2024.00	2024.00	2024.00	2025.00	2025.00	2025.00	2025.00	2025.00	2026.00	2026.00	2026.00	2027.00	2028.00	2028.00	2028.00	2028.00	2029.00	2029.00	2030.00	2030.00	2031.00	2031.00	2031.00	2032.00	2032.00	2032.00	2033.00	2034.00	2034.00	2034.00	2035.00	2035.00	2035.00	2035.00	2035.00	2036.00	2036.00	2036.00	2037.00	2037.00	2037.00	2037.00	2037.00	2038.00	2038.00	2038.00	2038.00	2038.00	2039.00	2039.00	2039.00	2039.00	2039.00	2040.00	2040.00	2040.00	2040.00	2040.00	2041.00	2041.00	2041.00	2041.00	2042.00	2042.00	2042.00	2042.00	2042.00	2043.00	2043.00	2043.00	2043.00	2043.00	2043.00	2043.00	2043.00	2044.00	2044.00	2044.00	2044.00	2044.00	2044.00	2044.00	2044.00	2044.00	2044.00	2045.00	2045.00	2045.00	2045.00	2044.00	2044.00	2044.00	2044.00	2044.00	2044.00	2044.00	2044.00	2044.00	2044.00	2043.00	2043.00	2043.00	2043.00	2042.00	2042.00	2042.00	2042.00	2042.00	2042.00	2042.00	2042.00	2041.00	2041.00	2041.00	2041.00	2041.00	2041.00	2041.00	2041.00	2041.00	2041.00	2041.00	2041.00	2041.00	2041.00	2041.00	2040.00	2040.00	2040.00	2040.00	2040.00	2040.00	2040.00	2040.00	2040.00	2041.00	2041.00	2041.00	2041.00	2041.00	2041.00	2041.00	2042.00	2042.00	2042.00	2042.00	2042.00	2042.00	2042.00	2042.00	2042.00	2043.00	2043.00	2043.00	2043.00	2043.00	2043.00	2043.00	2043.00	2043.00	2043.00	2043.00	2043.00	2043.00	2043.00	2043.00	2043.00	2042.00	2042.00	2042.00	2042.00	2042.00	2042.00	2042.00	2042.00	2042.00	2042.00	2042.00	2042.00	2042.00	2042.00	2042.00	2042.00	2041.00	2041.00	2041.00	2041.00	2041.00	2041.00	2041.00	2040.00	2040.00	2040.00	2040.00	2040.00	2040.00	2039.00	2039.00	2039.00	2039.00	2039.00	2039.00	2039.00	2039.00	2039.00	2039.00	2039.00	2039.00	2039.00	2039.00	2039.00	2039.00	2039.00	2039.00	2040.00	2040.00	2040.00	2040.00	2040.00	2040.00	2041.00	2041.00	2041.00	2042.00	2042.00	2043.00	2043.00	2043.00	2044.00	2045.00	2045.00	2046.00	2046.00	2046.00	2047.00	2047.00	2048.00	2049.00	2050.00	2050.00
2021.00	2021.00	2021.00	2021.00	2021.00	2021.00	2021.00	2022.00	2022.00	2022.00	2022.00	2023.00	2023.00	2023.00	2023.00	2023.00	2024.00	2024.00	2024.00	2025.00	2025.00	2025.00	2025.00	2025.00	2026.00	2026.00	2026.00	2027.00	2028.00	2028.00	2028.00	2028.00	2029.00	2029.00	2030.00	2030.00	2031.00	2031.00	2031.00	2032.00	2032.00	2032.00	2033.00	2034.00	2034.00	2034.00	2035.00	2035.00	2035.00	2035.00	2035.00	2036.00	2036.00	2036.00	2037.00	2037.00	2037.00	2037.00	2037.00	2038.00	2038.00	2038.00	2038.00	2038.00	2039.00	2039.00	2039.00	2039.00	2039.00	2040.00	2040.00	2040.00	2040.00	2040.00	2041.00	2041.00	2041.00	2041.00	2042.00	2042.00	2042.00	2042.00	2042.00	2043.00	2043.00	2043.00	2043.00	2043.00	2043.00	2043.00	2043.00	2044.00	2044.00	2044.00	2044.00	2044.00	2044.00	2044.00	2044.00	2044.00	2044.00	2045.00	2045.00	2045.00	2045.00	2044.00	2044.00	2044.00	2044.00	2044.00	2044.00	2044.00	2044.00	2044.00	2044.00	2043.00	2043.00	2043.00	2043.00	2042.00	2042.00	2042.00	2042.00	2042.00	2042.00	2042.00	2042.00	2041.00	2041.00	2041.00	2041.00	2041.00	2041.00	2041.00	2041.00	2041.00	2041.00	2041.00	2041.00	2041.00	2041.00	2041.00	2040.00	2040.00	2040.00	2040.00	2040.00	2040.00	2040.00	2040.00	2040.00	2041.00	2041.00	2041.00	2041.00	2041.00	2041.00	2041.00	2042.00	2042.00	2042.00	2042.00	2042.00	2042.00	2042.00	2042.00	2042.00	2043.00	2043.00	2043.00	2043.00	2043.00	2043.00	2043.00	2043.00	2043.00	2043.00	2043.00	2043.00	2043.00	2043.00	2043.00	2043.00	2042.00	2042.00	2042.00	2042.00	2042.00	2042.00	2042.00	2042.00	2042.00	2042.00	2042.00	2042.00	2042.00	2042.00	2042.00	2042.00	2041.00	2041.00	2041.00	2041.00	2041.00	2041.00	2041.00	2040.00	2040.00	2040.00	2040.00	2040.00	2040.00	2039.00	2039.00	2039.00	2039.00	2039.00	2039.00	2039.00	2039.00	2039.00	2039.00	2039.00	2039.00	2039.00	2039.00	2039.00	2039.00	2039.00	2039.00	2040.00	2040.00	2040.00	2040.00	2040.00	2040.00	2041.00	2041.00	2041.00	2042.00	2042.00	2043.00	2043.00	2043.00	2044.00	2045.00	2045.00	2046.00	2046.00	2046.00	2047.00	2047.00	2048.00	2049.00	2050.00	2050.00
2021.00	2021.00	2021.00	2021.00	2021.00	2021.00	2021.00	2022.00	2022.00	2022.00	2022.00	2023.00	2023.00	2023.00	2023.00	2023.00	2024.00	2024.00	2024.00	2025.00	2025.00	2025.00	2025.00	2025.00	2026.00	2026.00	2026.00	2027.00	2028.00	2028.00	2028.00	2028.00	2029.00	2029.00	2030.00	2030.00	2031.00	2031.00	2031.00	2032.00	2032.00	2032.00	2033.00	2034.00	2034.00	2034.00	2035.00	2035.00	2035.00	2035.00	2035.00	2036.00	2036.00	2036.00	2037.00	2037.00	2037.00	2037.00	2037.00	2038.00	2038.00	2038.00	2038.00	2038.00	2039.00	2039.00	2039.00	2039.00	2039.00	2040.00	2040.00	2040.00	2040.00	2040.00	2041.00	2041.00	2041.00	2041.00	2042.00	2042.00	2042.00	2042.00	2042.00	2043.00	2043.00	2043.00	2043.00	2043.00	2043.00	2043.00	2043.00	2044.00	2044.00	2044.00	2044.00	2044.00	2044.00	2044.00	2044.00	2044.00	2044.00	2045.00	2045.00	2045.00	2045.00	2044.00	2044.00	2044.00	2044.00	2044.00	2044.00	2044.00	2044.00	2044.00	2044.00	2043.00	2043.00	2043.00	2043.00	2042.00	2042.00	2042.00	2042.00	2042.00	2042.00	2042.00	2042.00	2041.00	2041.00	2041.00	2041.00	2041.00	2041.00	2041.00	2041.00	2041.00	2041.00	2041.00	2041.00	2041.00	2041.00	2041.00	2040.00	2040.00	2040.00	2040.00	2040.00	2040.00	2040.00	2040.00	2040.00	2041.00	2041.00	2041.00	2041.00	2041.00	2041.00	2041.00	2042.00	2042.00	2042.00	2042.00	2042.00	2042.00	2042.00	2042.00	2042.00	2043.00	2043.00	2043.00	2043.00	2043.00	2043.00	2043.00	2043.00	2043.00	2043.00	2043.00	2043.00	2043.00	2043.00	2043.00	2043.00	2042.00	2042.00	2042.00	2042.00	2042.00	2042.00	2042.00	2042.00	2042.00	2042.00	2042.00	2042.00	2042.00	2042.00	2042.00	2042.00	2041.00	2041.00	2041.00	2041.00	2041.00	2041.00	2041.00	2040.00	2040.00	2040.00	2040.00	2040.00	2040.00	2039.00	2039.00	2039.00	2039.00	2039.00	2039.00	2039.00	2039.00	2039.00	2039.00	2039.00	2039.00	2039.00	2039.00	2039.00	2039.00	2039.00	2039.00	2040.00	2040.00	2040.00	2040.00	2040.00	2040.00	2041.00	2041.00	2041.00	2042.00	2042.00	2043.00	2043.00	2043.00	2044.00	2045.00	2045.00	2046.00	2046.00	2046.00	2047.00	2047.00	2048.00	2049.00	2050.00	2050.00
2021.00	2021.00	2021.00	2021.00	2021.00	2021.00	2021.00	2022.00	2022.00	2022.00	2022.00	2023.00	2023.00	2023.00	2023.00	2023.00	2024.00	2024.00	2024.00	2025.00	2025.00	2025.00	2025.00	2025.00	2026.00	2026.00	2026.00	2027.00	2028.00	2028.00	2028.00	2028.00	2029.00	2029.00	2030.00	2030.00	2031.00	2031.00	2031.00	2032.00	2032.00	2032.00	2033.00	2034.00	2034.00	2034.00	2035.00	2035.00	2035.00	2035.00	2035.00	2036.00	2036.00	2036.00	2037.00	2037.00	2037.00	2037.00	2037.00	2038.00	2038.00	2038.00	2038.00	2038.00	2039.00	2039.00	2039.00	2039.00	2039.00	2040.00	2040.00	2040.00	2040.00	2040.00	2041.00	2041.00	2041.00	2041.00	2042.00	2042.00	2042.00	2042.00	2042.00	2043.00	2043.00	2043.00	2043.00	2043.00	2043.00	2043.00	2043.00	2044.00	2044.00	2044.00	2044.00	2044.00	2044.00	2044.00	2044.00	2044.00	2044.00	2045.00	2045.00	2045.00	2045.00	2044.00	2044.00	2044.00	2044.00	2044.00	2044.00	2044.00	2044.00	2044.00	2044.00	2043.00	2043.00	2043.00	2043.00	2042.00	2042.00	2042.00	2042.00	2042.00	2042.00	2042.00	2042.00	2041.00	2041.00	2041.00	2041.00	2041.00	2041.00	2041.00	2041.00	2041.00	2041.00	2041.00	2041.00	2041.00	2041.00	2041.00	2040.00	2040.00	2040.00	2040.00	2040.00	2040.00	2040.00	2040.00	2040.00	2041.00	2041.00	2041.00	2041.00	2041.00	2041.00	2041.00	2042.00	2042.00	2042.00	2042.00	2042.00	2042.00	2042.00	2042.00	2042.00	2043.00	2043.00	2043.00	2043.00	2043.00	2043.00	2043.00	2043.00	2043.00	2043.00	2043.00	2043.00	2043.00	2043.00	2043.00	2043.00	2042.00	2042.00	2042.00	2042.00	2042.00	2042.00	2042.00	2042.00	2042.00	2042.00	2042.00	2042.00	2042.00	2042.00	2042.00	2042.00	2041.00	2041.00	2041.00	2041.00	2041.00	2041.00	2041.00	2040.00	2040.00	2040.00	2040.00	2040.00	2040.00	2039.00	2039.00	2039.00	2039.00	2039.00	2039.00	2039.00	2039.00	2039.00	2039.00	2039.00	2039.00	2039.00	2039.00	2039.00	2039.00	2039.00	2039.00	2040.00	2040.00	2040.00	2040.00	2040.00	2040.00	2041.00	2041.00	2041.00	2042.00	2042.00	2043.00	2043.00	2043.00	2044.00	2045.00	2045.00	2046.00	2046.00	2046.00	2047.00	2047.00	2048.00	2049.00	2050.00	2050.00
2022.00	2022.00	2022.00	2022.00	2022.00	2022.00	2022.00	2023.00	2023.00	2023.00	2024.00	2024.00	2024.00	2025.00	2025.00	2025.00	2026.00	2026.00	2026.00	2027.00	2027.00	2027.00	2028.00	2028.00	2028.00	2029.00	2029.00	2029.00	2030.00	2030.00	2030.00	2030.00	2031.00	2032.00	2032.00	2032.00	2033.00	2033.00	2033.00	2034.00	2034.00	2035.00	2035.00	2036.00	2036.00	2036.00	2037.00	2037.00	2037.00	2037.00	2038.00	2038.00	2038.00	2038.00	2039.00	2039.00	2039.00	2039.00	2039.00	2040.00	2040.00	2040.00	2040.00	2040.00	2041.00	2041.00	2041.00	2041.00	2041.00	2042.00	2042.00	2042.00	2042.00	2042.00	2042.00	2043.00	2043.00	2043.00	2043.00	2043.00	2044.00	2044.00	2044.00	2044.00	2044.00	2044.00	2045.00	2045.00	2045.00	2045.00	2045.00	2046.00	2046.00	2046.00	2046.00	2046.00	2046.00	2046.00	2046.00	2046.00	2046.00	2046.00	2046.00	2046.00	2046.00	2046.00	2046.00	2046.00	2046.00	2045.00	2045.00	2045.00	2045.00	2045.00	2045.00	2045.00	2044.00	2044.00	2044.00	2044.00	2044.00	2044.00	2044.00	2044.00	2043.00	2043.00	2043.00	2043.00	2043.00	2043.00	2043.00	2043.00	2043.00	2043.00	2043.00	2043.00	2043.00	2043.00	2043.00	2043.00	2043.00	2043.00	2043.00	2043.00	2043.00	2043.00	2043.00	2043.00	2043.00	2043.00	2043.00	2044.00	2044.00	2044.00	2044.00	2044.00	2044.00	2044.00	2045.00	2045.00	2045.00	2045.00	2045.00	2045.00	2045.00	2045.00	2045.00	2045.00	2045.00	2046.00	2046.00	2046.00	2046.00	2046.00	2046.00	2046.00	2046.00	2046.00	2046.00	2046.00	2046.00	2046.00	2046.00	2046.00	2046.00	2046.00	2046.00	2046.00	2045.00	2045.00	2045.00	2045.00	2045.00	2045.00	2045.00	2044.00	2044.00	2044.00	2044.00	2044.00	2044.00	2044.00	2044.00	2043.00	2043.00	2043.00	2043.00	2043.00	2042.00	2042.00	2042.00	2042.00	2041.00	2041.00	2041.00	2041.00	2041.00	2041.00	2040.00	2040.00	2040.00	2040.00	2040.00	2040.00	2040.00	2040.00	2040.00	2040.00	2040.00	2041.00	2041.00	2041.00	2041.00	2041.00	2041.00	2042.00	2043.00	2043.00	2044.00	2044.00	2044.00	2045.00	2046.00	2046.00	2046.00	2047.00	2047.00	2048.00	2049.00	2049.00	2049.00	2049.00	2050.00	2051.00	2052.00	2052.00
2022.00	2022.00	2022.00	2022.00	2022.00	2022.00	2022.00	2023.00	2023.00	2023.00	2024.00	2024.00	2024.00	2025.00	2025.00	2025.00	2026.00	2026.00	2026.00	2027.00	2027.00	2027.00	2028.00	2028.00	2028.00	2029.00	2029.00	2029.00	2030.00	2030.00	2030.00	2030.00	2031.00	2032.00	2032.00	2032.00	2033.00	2033.00	2033.00	2034.00	2034.00	2035.00	2035.00	2036.00	2036.00	2036.00	2037.00	2037.00	2037.00	2037.00	2038.00	2038.00	2038.00	2038.00	2039.00	2039.00	2039.00	2039.00	2039.00	2040.00	2040.00	2040.00	2040.00	2040.00	2041.00	2041.00	2041.00	2041.00	2041.00	2042.00	2042.00	2042.00	2042.00	2042.00	2042.00	2043.00	2043.00	2043.00	2043.00	2043.00	2044.00	2044.00	2044.00	2044.00	2044.00	2044.00	2045.00	2045.00	2045.00	2045.00	2045.00	2046.00	2046.00	2046.00	2046.00	2046.00	2046.00	2046.00	2046.00	2046.00	2046.00	2046.00	2046.00	2046.00	2046.00	2046.00	2046.00	2046.00	2046.00	2045.00	2045.00	2045.00	2045.00	2045.00	2045.00	2045.00	2044.00	2044.00	2044.00	2044.00	2044.00	2044.00	2044.00	2044.00	2043.00	2043.00	2043.00	2043.00	2043.00	2043.00	2043.00	2043.00	2043.00	2043.00	2043.00	2043.00	2043.00	2043.00	2043.00	2043.00	2043.00	2043.00	2043.00	2043.00	2043.00	2043.00	2043.00	2043.00	2043.00	2043.00	2043.00	2044.00	2044.00	2044.00	2044.00	2044.00	2044.00	2044.00	2045.00	2045.00	2045.00	2045.00	2045.00	2045.00	2045.00	2045.00	2045.00	2045.00	2045.00	2046.00	2046.00	2046.00	2046.00	2046.00	2046.00	2046.00	2046.00	2046.00	2046.00	2046.00	2046.00	2046.00	2046.00	2046.00	2046.00	2046.00	2046.00	2046.00	2045.00	2045.00	2045.00	2045.00	2045.00	2045.00	2045.00	2044.00	2044.00	2044.00	2044.00	2044.00	2044.00	2044.00	2044.00	2043.00	2043.00	2043.00	2043.00	2043.00	2042.00	2042.00	2042.00	2042.00	2041.00	2041.00	2041.00	2041.00	2041.00	2041.00	2040.00	2040.00	2040.00	2040.00	2040.00	2040.00	2040.00	2040.00	2040.00	2040.00	2040.00	2041.00	2041.00	2041.00	2041.00	2041.00	2041.00	2042.00	2043.00	2043.00	2044.00	2044.00	2044.00	2045.00	2046.00	2046.00	2046.00	2047.00	2047.00	2048.00	2049.00	2049.00	2049.00	2049.00	2050.00	2051.00	2052.00	2052.00
2022.00	2022.00	2022.00	2022.00	2022.00	2022.00	2022.00	2023.00	2023.00	2023.00	2024.00	2024.00	2024.00	2025.00	2025.00	2025.00	2026.00	2026.00	2026.00	2027.00	2027.00	2027.00	2028.00	2028.00	2028.00	2029.00	2029.00	2029.00	2030.00	2030.00	2030.00	2030.00	2031.00	2032.00	2032.00	2032.00	2033.00	2033.00	2033.00	2034.00	2034.00	2035.00	2035.00	2036.00	2036.00	2036.00	2037.00	2037.00	2037.00	2037.00	2038.00	2038.00	2038.00	2038.00	2039.00	2039.00	2039.00	2039.00	2039.00	2040.00	2040.00	2040.00	2040.00	2040.00	2041.00	2041.00	2041.00	2041.00	2041.00	2042.00	2042.00	2042.00	2042.00	2042.00	2042.00	2043.00	2043.00	2043.00	2043.00	2043.00	2044.00	2044.00	2044.00	2044.00	2044.00	2044.00	2045.00	2045.00	2045.00	2045.00	2045.00	2046.00	2046.00	2046.00	2046.00	2046.00	2046.00	2046.00	2046.00	2046.00	2046.00	2046.00	2046.00	2046.00	2046.00	2046.00	2046.00	2046.00	2046.00	2045.00	2045.00	2045.00	2045.00	2045.00	2045.00	2045.00	2044.00	2044.00	2044.00	2044.00	2044.00	2044.00	2044.00	2044.00	2043.00	2043.00	2043.00	2043.00	2043.00	2043.00	2043.00	2043.00	2043.00	2043.00	2043.00	2043.00	2043.00	2043.00	2043.00	2043.00	2043.00	2043.00	2043.00	2043.00	2043.00	2043.00	2043.00	2043.00	2043.00	2043.00	2043.00	2044.00	2044.00	2044.00	2044.00	2044.00	2044.00	2044.00	2045.00	2045.00	2045.00	2045.00	2045.00	2045.00	2045.00	2045.00	2045.00	2045.00	2045.00	2046.00	2046.00	2046.00	2046.00	2046.00	2046.00	2046.00	2046.00	2046.00	2046.00	2046.00	2046.00	2046.00	2046.00	2046.00	2046.00	2046.00	2046.00	2046.00	2045.00	2045.00	2045.00	2045.00	2045.00	2045.00	2045.00	2044.00	2044.00	2044.00	2044.00	2044.00	2044.00	2044.00	2044.00	2043.00	2043.00	2043.00	2043.00	2043.00	2042.00	2042.00	2042.00	2042.00	2041.00	2041.00	2041.00	2041.00	2041.00	2041.00	2040.00	2040.00	2040.00	2040.00	2040.00	2040.00	2040.00	2040.00	2040.00	2040.00	2040.00	2041.00	2041.00	2041.00	2041.00	2041.00	2041.00	2042.00	2043.00	2043.00	2044.00	2044.00	2044.00	2045.00	2046.00	2046.00	2046.00	2047.00	2047.00	2048.00	2049.00	2049.00	2049.00	2049.00	2050.00	2051.00	2052.00	2052.00
2022.00	2022.00	2022.00	2022.00	2022.00	2022.00	2022.00	2023.00	2023.00	2023.00	2024.00	2024.00	2024.00	2025.00	2025.00	2025.00	2026.00	2026.00	2026.00	2027.00	2027.00	2027.00	2028.00	2028.00	2028.00	2029.00	2029.00	2029.00	2030.00	2030.00	2030.00	2030.00	2031.00	2032.00	2032.00	2032.00	2033.00	2033.00	2033.00	2034.00	2034.00	2035.00	2035.00	2036.00	2036.00	2036.00	2037.00	2037.00	2037.00	2037.00	2038.00	2038.00	2038.00	2038.00	2039.00	2039.00	2039.00	2039.00	2039.00	2040.00	2040.00	2040.00	2040.00	2040.00	2041.00	2041.00	2041.00	2041.00	2041.00	2042.00	2042.00	2042.00	2042.00	2042.00	2042.00	2043.00	2043.00	2043.00	2043.00	2043.00	2044.00	2044.00	2044.00	2044.00	2044.00	2044.00	2045.00	2045.00	2045.00	2045.00	2045.00	2046.00	2046.00	2046.00	2046.00	2046.00	2046.00	2046.00	2046.00	2046.00	2046.00	2046.00	2046.00	2046.00	2046.00	2046.00	2046.00	2046.00	2046.00	2045.00	2045.00	2045.00	2045.00	2045.00	2045.00	2045.00	2044.00	2044.00	2044.00	2044.00	2044.00	2044.00	2044.00	2044.00	2043.00	2043.00	2043.00	2043.00	2043.00	2043.00	2043.00	2043.00	2043.00	2043.00	2043.00	2043.00	2043.00	2043.00	2043.00	2043.00	2043.00	2043.00	2043.00	2043.00	2043.00	2043.00	2043.00	2043.00	2043.00	2043.00	2043.00	2044.00	2044.00	2044.00	2044.00	2044.00	2044.00	2044.00	2045.00	2045.00	2045.00	2045.00	2045.00	2045.00	2045.00	2045.00	2045.00	2045.00	2045.00	2046.00	2046.00	2046.00	2046.00	2046.00	2046.00	2046.00	2046.00	2046.00	2046.00	2046.00	2046.00	2046.00	2046.00	2046.00	2046.00	2046.00	2046.00	2046.00	2045.00	2045.00	2045.00	2045.00	2045.00	2045.00	2045.00	2044.00	2044.00	2044.00	2044.00	2044.00	2044.00	2044.00	2044.00	2043.00	2043.00	2043.00	2043.00	2043.00	2042.00	2042.00	2042.00	2042.00	2041.00	2041.00	2041.00	2041.00	2041.00	2041.00	2040.00	2040.00	2040.00	2040.00	2040.00	2040.00	2040.00	2040.00	2040.00	2040.00	2040.00	2041.00	2041.00	2041.00	2041.00	2041.00	2041.00	2042.00	2043.00	2043.00	2044.00	2044.00	2044.00	2045.00	2046.00	2046.00	2046.00	2047.00	2047.00	2048.00	2049.00	2049.00	2049.00	2049.00	2050.00	2051.00	2052.00	2052.00
2022.00	2022.00	2022.00	2022.00	2022.00	2022.00	2022.00	2023.00	2023.00	2023.00	2024.00	2024.00	2024.00	2025.00	2025.00	2025.00	2026.00	2026.00	2026.00	2027.00	2027.00	2027.00	2028.00	2028.00	2028.00	2029.00	2029.00	2029.00	2030.00	2030.00	2030.00	2030.00	2031.00	2032.00	2032.00	2032.00	2033.00	2033.00	2033.00	2034.00	2034.00	2035.00	2035.00	2036.00	2036.00	2036.00	2037.00	2037.00	2037.00	2037.00	2038.00	2038.00	2038.00	2038.00	2039.00	2039.00	2039.00	2039.00	2039.00	2040.00	2040.00	2040.00	2040.00	2040.00	2041.00	2041.00	2041.00	2041.00	2041.00	2042.00	2042.00	2042.00	2042.00	2042.00	2042.00	2043.00	2043.00	2043.00	2043.00	2043.00	2044.00	2044.00	2044.00	2044.00	2044.00	2044.00	2045.00	2045.00	2045.00	2045.00	2045.00	2046.00	2046.00	2046.00	2046.00	2046.00	2046.00	2046.00	2046.00	2046.00	2046.00	2046.00	2046.00	2046.00	2046.00	2046.00	2046.00	2046.00	2046.00	2045.00	2045.00	2045.00	2045.00	2045.00	2045.00	2045.00	2044.00	2044.00	2044.00	2044.00	2044.00	2044.00	2044.00	2044.00	2043.00	2043.00	2043.00	2043.00	2043.00	2043.00	2043.00	2043.00	2043.00	2043.00	2043.00	2043.00	2043.00	2043.00	2043.00	2043.00	2043.00	2043.00	2043.00	2043.00	2043.00	2043.00	2043.00	2043.00	2043.00	2043.00	2043.00	2044.00	2044.00	2044.00	2044.00	2044.00	2044.00	2044.00	2045.00	2045.00	2045.00	2045.00	2045.00	2045.00	2045.00	2045.00	2045.00	2045.00	2045.00	2046.00	2046.00	2046.00	2046.00	2046.00	2046.00	2046.00	2046.00	2046.00	2046.00	2046.00	2046.00	2046.00	2046.00	2046.00	2046.00	2046.00	2046.00	2046.00	2045.00	2045.00	2045.00	2045.00	2045.00	2045.00	2045.00	2044.00	2044.00	2044.00	2044.00	2044.00	2044.00	2044.00	2044.00	2043.00	2043.00	2043.00	2043.00	2043.00	2042.00	2042.00	2042.00	2042.00	2041.00	2041.00	2041.00	2041.00	2041.00	2041.00	2040.00	2040.00	2040.00	2040.00	2040.00	2040.00	2040.00	2040.00	2040.00	2040.00	2040.00	2041.00	2041.00	2041.00	2041.00	2041.00	2041.00	2042.00	2043.00	2043.00	2044.00	2044.00	2044.00	2045.00	2046.00	2046.00	2046.00	2047.00	2047.00	2048.00	2049.00	2049.00	2049.00	2049.00	2050.00	2051.00	2052.00	2052.00
2022.00	2022.00	2022.00	2022.00	2022.00	2022.00	2022.00	2023.00	2023.00	2023.00	2024.00	2024.00	2024.00	2025.00	2025.00	2025.00	2026.00	2026.00	2026.00	2027.00	2027.00	2027.00	2028.00	2028.00	2028.00	2029.00	2029.00	2029.00	2030.00	2030.00	2030.00	2030.00	2031.00	2032.00	2032.00	2032.00	2033.00	2033.00	2033.00	2034.00	2034.00	2035.00	2035.00	2036.00	2036.00	2036.00	2037.00	2037.00	2037.00	2037.00	2038.00	2038.00	2038.00	2038.00	2039.00	2039.00	2039.00	2039.00	2039.00	2040.00	2040.00	2040.00	2040.00	2040.00	2041.00	2041.00	2041.00	2041.00	2041.00	2042.00	2042.00	2042.00	2042.00	2042.00	2042.00	2043.00	2043.00	2043.00	2043.00	2043.00	2044.00	2044.00	2044.00	2044.00	2044.00	2044.00	2045.00	2045.00	2045.00	2045.00	2045.00	2046.00	2046.00	2046.00	2046.00	2046.00	2046.00	2046.00	2046.00	2046.00	2046.00	2046.00	2046.00	2046.00	2046.00	2046.00	2046.00	2046.00	2046.00	2045.00	2045.00	2045.00	2045.00	2045.00	2045.00	2045.00	2044.00	2044.00	2044.00	2044.00	2044.00	2044.00	2044.00	2044.00	2043.00	2043.00	2043.00	2043.00	2043.00	2043.00	2043.00	2043.00	2043.00	2043.00	2043.00	2043.00	2043.00	2043.00	2043.00	2043.00	2043.00	2043.00	2043.00	2043.00	2043.00	2043.00	2043.00	2043.00	2043.00	2043.00	2043.00	2044.00	2044.00	2044.00	2044.00	2044.00	2044.00	2044.00	2045.00	2045.00	2045.00	2045.00	2045.00	2045.00	2045.00	2045.00	2045.00	2045.00	2045.00	2046.00	2046.00	2046.00	2046.00	2046.00	2046.00	2046.00	2046.00	2046.00	2046.00	2046.00	2046.00	2046.00	2046.00	2046.00	2046.00	2046.00	2046.00	2046.00	2045.00	2045.00	2045.00	2045.00	2045.00	2045.00	2045.00	2044.00	2044.00	2044.00	2044.00	2044.00	2044.00	2044.00	2044.00	2043.00	2043.00	2043.00	2043.00	2043.00	2042.00	2042.00	2042.00	2042.00	2041.00	2041.00	2041.00	2041.00	2041.00	2041.00	2040.00	2040.00	2040.00	2040.00	2040.00	2040.00	2040.00	2040.00	2040.00	2040.00	2040.00	2041.00	2041.00	2041.00	2041.00	2041.00	2041.00	2042.00	2043.00	2043.00	2044.00	2044.00	2044.00	2045.00	2046.00	2046.00	2046.00	2047.00	2047.00	2048.00	2049.00	2049.00	2049.00	2049.00	2050.00	2051.00	2052.00	2052.00
2022.00	2022.00	2022.00	2022.00	2022.00	2022.00	2022.00	2023.00	2023.00	2023.00	2024.00	2024.00	2024.00	2025.00	2025.00	2025.00	2026.00	2026.00	2026.00	2027.00	2027.00	2027.00	2028.00	2028.00	2028.00	2029.00	2029.00	2029.00	2030.00	2030.00	2030.00	2030.00	2031.00	2032.00	2032.00	2032.00	2033.00	2033.00	2033.00	2034.00	2034.00	2035.00	2035.00	2036.00	2036.00	2036.00	2037.00	2037.00	2037.00	2037.00	2038.00	2038.00	2038.00	2038.00	2039.00	2039.00	2039.00	2039.00	2039.00	2040.00	2040.00	2040.00	2040.00	2040.00	2041.00	2041.00	2041.00	2041.00	2041.00	2042.00	2042.00	2042.00	2042.00	2042.00	2042.00	2043.00	2043.00	2043.00	2043.00	2043.00	2044.00	2044.00	2044.00	2044.00	2044.00	2044.00	2045.00	2045.00	2045.00	2045.00	2045.00	2046.00	2046.00	2046.00	2046.00	2046.00	2046.00	2046.00	2046.00	2046.00	2046.00	2046.00	2046.00	2046.00	2046.00	2046.00	2046.00	2046.00	2046.00	2045.00	2045.00	2045.00	2045.00	2045.00	2045.00	2045.00	2044.00	2044.00	2044.00	2044.00	2044.00	2044.00	2044.00	2044.00	2043.00	2043.00	2043.00	2043.00	2043.00	2043.00	2043.00	2043.00	2043.00	2043.00	2043.00	2043.00	2043.00	2043.00	2043.00	2043.00	2043.00	2043.00	2043.00	2043.00	2043.00	2043.00	2043.00	2043.00	2043.00	2043.00	2043.00	2044.00	2044.00	2044.00	2044.00	2044.00	2044.00	2044.00	2045.00	2045.00	2045.00	2045.00	2045.00	2045.00	2045.00	2045.00	2045.00	2045.00	2045.00	2046.00	2046.00	2046.00	2046.00	2046.00	2046.00	2046.00	2046.00	2046.00	2046.00	2046.00	2046.00	2046.00	2046.00	2046.00	2046.00	2046.00	2046.00	2046.00	2045.00	2045.00	2045.00	2045.00	2045.00	2045.00	2045.00	2044.00	2044.00	2044.00	2044.00	2044.00	2044.00	2044.00	2044.00	2043.00	2043.00	2043.00	2043.00	2043.00	2042.00	2042.00	2042.00	2042.00	2041.00	2041.00	2041.00	2041.00	2041.00	2041.00	2040.00	2040.00	2040.00	2040.00	2040.00	2040.00	2040.00	2040.00	2040.00	2040.00	2040.00	2041.00	2041.00	2041.00	2041.00	2041.00	2041.00	2042.00	2043.00	2043.00	2044.00	2044.00	2044.00	2045.00	2046.00	2046.00	2046.00	2047.00	2047.00	2048.00	2049.00	2049.00	2049.00	2049.00	2050.00	2051.00	2052.00	2052.00
2022.00	2022.00	2022.00	2022.00	2022.00	2022.00	2022.00	2023.00	2023.00	2023.00	2024.00	2024.00	2024.00	2025.00	2025.00	2025.00	2026.00	2026.00	2026.00	2027.00	2027.00	2027.00	2028.00	2028.00	2028.00	2029.00	2029.00	2029.00	2030.00	2030.00	2030.00	2030.00	2031.00	2032.00	2032.00	2032.00	2033.00	2033.00	2033.00	2034.00	2034.00	2035.00	2035.00	2036.00	2036.00	2036.00	2037.00	2037.00	2037.00	2037.00	2038.00	2038.00	2038.00	2038.00	2039.00	2039.00	2039.00	2039.00	2039.00	2040.00	2040.00	2040.00	2040.00	2040.00	2041.00	2041.00	2041.00	2041.00	2041.00	2042.00	2042.00	2042.00	2042.00	2042.00	2042.00	2043.00	2043.00	2043.00	2043.00	2043.00	2044.00	2044.00	2044.00	2044.00	2044.00	2044.00	2045.00	2045.00	2045.00	2045.00	2045.00	2046.00	2046.00	2046.00	2046.00	2046.00	2046.00	2046.00	2046.00	2046.00	2046.00	2046.00	2046.00	2046.00	2046.00	2046.00	2046.00	2046.00	2046.00	2045.00	2045.00	2045.00	2045.00	2045.00	2045.00	2045.00	2044.00	2044.00	2044.00	2044.00	2044.00	2044.00	2044.00	2044.00	2043.00	2043.00	2043.00	2043.00	2043.00	2043.00	2043.00	2043.00	2043.00	2043.00	2043.00	2043.00	2043.00	2043.00	2043.00	2043.00	2043.00	2043.00	2043.00	2043.00	2043.00	2043.00	2043.00	2043.00	2043.00	2043.00	2043.00	2044.00	2044.00	2044.00	2044.00	2044.00	2044.00	2044.00	2045.00	2045.00	2045.00	2045.00	2045.00	2045.00	2045.00	2045.00	2045.00	2045.00	2045.00	2046.00	2046.00	2046.00	2046.00	2046.00	2046.00	2046.00	2046.00	2046.00	2046.00	2046.00	2046.00	2046.00	2046.00	2046.00	2046.00	2046.00	2046.00	2046.00	2045.00	2045.00	2045.00	2045.00	2045.00	2045.00	2045.00	2044.00	2044.00	2044.00	2044.00	2044.00	2044.00	2044.00	2044.00	2043.00	2043.00	2043.00	2043.00	2043.00	2042.00	2042.00	2042.00	2042.00	2041.00	2041.00	2041.00	2041.00	2041.00	2041.00	2040.00	2040.00	2040.00	2040.00	2040.00	2040.00	2040.00	2040.00	2040.00	2040.00	2040.00	2041.00	2041.00	2041.00	2041.00	2041.00	2041.00	2042.00	2043.00	2043.00	2044.00	2044.00	2044.00	2045.00	2046.00	2046.00	2046.00	2047.00	2047.00	2048.00	2049.00	2049.00	2049.00	2049.00	2050.00	2051.00	2052.00	2052.00
2022.00	2022.00	2022.00	2022.00	2022.00	2022.00	2022.00	2023.00	2023.00	2023.00	2024.00	2024.00	2024.00	2025.00	2025.00	2025.00	2026.00	2026.00	2026.00	2027.00	2027.00	2027.00	2028.00	2028.00	2028.00	2029.00	2029.00	2029.00	2030.00	2030.00	2030.00	2030.00	2031.00	2032.00	2032.00	2032.00	2033.00	2033.00	2033.00	2034.00	2034.00	2035.00	2035.00	2036.00	2036.00	2036.00	2037.00	2037.00	2037.00	2037.00	2038.00	2038.00	2038.00	2038.00	2039.00	2039.00	2039.00	2039.00	2039.00	2040.00	2040.00	2040.00	2040.00	2040.00	2041.00	2041.00	2041.00	2041.00	2041.00	2042.00	2042.00	2042.00	2042.00	2042.00	2042.00	2043.00	2043.00	2043.00	2043.00	2043.00	2044.00	2044.00	2044.00	2044.00	2044.00	2044.00	2045.00	2045.00	2045.00	2045.00	2045.00	2046.00	2046.00	2046.00	2046.00	2046.00	2046.00	2046.00	2046.00	2046.00	2046.00	2046.00	2046.00	2046.00	2046.00	2046.00	2046.00	2046.00	2046.00	2045.00	2045.00	2045.00	2045.00	2045.00	2045.00	2045.00	2044.00	2044.00	2044.00	2044.00	2044.00	2044.00	2044.00	2044.00	2043.00	2043.00	2043.00	2043.00	2043.00	2043.00	2043.00	2043.00	2043.00	2043.00	2043.00	2043.00	2043.00	2043.00	2043.00	2043.00	2043.00	2043.00	2043.00	2043.00	2043.00	2043.00	2043.00	2043.00	2043.00	2043.00	2043.00	2044.00	2044.00	2044.00	2044.00	2044.00	2044.00	2044.00	2045.00	2045.00	2045.00	2045.00	2045.00	2045.00	2045.00	2045.00	2045.00	2045.00	2045.00	2046.00	2046.00	2046.00	2046.00	2046.00	2046.00	2046.00	2046.00	2046.00	2046.00	2046.00	2046.00	2046.00	2046.00	2046.00	2046.00	2046.00	2046.00	2046.00	2045.00	2045.00	2045.00	2045.00	2045.00	2045.00	2045.00	2044.00	2044.00	2044.00	2044.00	2044.00	2044.00	2044.00	2044.00	2043.00	2043.00	2043.00	2043.00	2043.00	2042.00	2042.00	2042.00	2042.00	2041.00	2041.00	2041.00	2041.00	2041.00	2041.00	2040.00	2040.00	2040.00	2040.00	2040.00	2040.00	2040.00	2040.00	2040.00	2040.00	2040.00	2041.00	2041.00	2041.00	2041.00	2041.00	2041.00	2042.00	2043.00	2043.00	2044.00	2044.00	2044.00	2045.00	2046.00	2046.00	2046.00	2047.00	2047.00	2048.00	2049.00	2049.00	2049.00	2049.00	2050.00	2051.00	2052.00	2052.00
2022.00	2023.00	2023.00	2023.00	2023.00	2023.00	2023.00	2024.00	2024.00	2024.00	2025.00	2025.00	2025.00	2026.00	2026.00	2026.00	2027.00	2027.00	2028.00	2028.00	2028.00	2029.00	2029.00	2029.00	2030.00	2031.00	2031.00	2031.00	2032.00	2032.00	2033.00	2033.00	2033.00	2034.00	2034.00	2034.00	2035.00	2036.00	2036.00	2036.00	2036.00	2037.00	2037.00	2038.00	2038.00	2038.00	2039.00	2039.00	2039.00	2039.00	2040.00	2040.00	2040.00	2041.00	2041.00	2041.00	2041.00	2041.00	2041.00	2042.00	2042.00	2042.00	2042.00	2042.00	2043.00	2043.00	2043.00	2043.00	2043.00	2043.00	2043.00	2043.00	2043.00	2044.00	2044.00	2044.00	2044.00	2045.00	2045.00	2045.00	2045.00	2045.00	2046.00	2046.00	2046.00	2046.00	2046.00	2047.00	2047.00	2047.00	2047.00	2047.00	2047.00	2047.00	2047.00	2047.00	2047.00	2047.00	2047.00	2047.00	2047.00	2047.00	2047.00	2047.00	2047.00	2047.00	2047.00	2047.00	2047.00	2047.00	2047.00	2047.00	2047.00	2047.00	2047.00	2046.00	2046.00	2046.00	2046.00	2046.00	2046.00	2046.00	2045.00	2045.00	2045.00	2045.00	2045.00	2045.00	2045.00	2045.00	2045.00	2045.00	2045.00	2045.00	2045.00	2044.00	2044.00	2044.00	2044.00	2045.00	2045.00	2045.00	2045.00	2045.00	2045.00	2045.00	2045.00	2045.00	2045.00	2046.00	2046.00	2046.00	2046.00	2046.00	2047.00	2047.00	2047.00	2047.00	2047.00	2047.00	2047.00	2047.00	2048.00	2048.00	2048.00	2048.00	2048.00	2048.00	2048.00	2048.00	2048.00	2048.00	2049.00	2049.00	2049.00	2049.00	2049.00	2049.00	2049.00	2049.00	2049.00	2049.00	2049.00	2049.00	2049.00	2048.00	2048.00	2048.00	2048.00	2048.00	2048.00	2048.00	2047.00	2047.00	2047.00	2047.00	2047.00	2047.00	2047.00	2046.00	2046.00	2046.00	2046.00	2045.00	2045.00	2045.00	2045.00	2045.00	2044.00	2044.00	2044.00	2044.00	2044.00	2044.00	2044.00	2043.00	2043.00	2043.00	2043.00	2043.00	2043.00	2043.00	2043.00	2043.00	2043.00	2043.00	2044.00	2044.00	2044.00	2044.00	2045.00	2045.00	2045.00	2046.00	2046.00	2046.00	2047.00	2047.00	2048.00	2049.00	2049.00	2049.00	2050.00	2050.00	2051.00	2052.00	2052.00	2052.00	2053.00	2053.00	2054.00	2054.00	2055.00	2055.00	2056.00	2056.00
2022.00	2023.00	2023.00	2023.00	2023.00	2023.00	2023.00	2024.00	2024.00	2024.00	2025.00	2025.00	2025.00	2026.00	2026.00	2026.00	2027.00	2027.00	2028.00	2028.00	2028.00	2029.00	2029.00	2029.00	2030.00	2031.00	2031.00	2031.00	2032.00	2032.00	2033.00	2033.00	2033.00	2034.00	2034.00	2034.00	2035.00	2036.00	2036.00	2036.00	2036.00	2037.00	2037.00	2038.00	2038.00	2038.00	2039.00	2039.00	2039.00	2039.00	2040.00	2040.00	2040.00	2041.00	2041.00	2041.00	2041.00	2041.00	2041.00	2042.00	2042.00	2042.00	2042.00	2042.00	2043.00	2043.00	2043.00	2043.00	2043.00	2043.00	2043.00	2043.00	2043.00	2044.00	2044.00	2044.00	2044.00	2045.00	2045.00	2045.00	2045.00	2045.00	2046.00	2046.00	2046.00	2046.00	2046.00	2047.00	2047.00	2047.00	2047.00	2047.00	2047.00	2047.00	2047.00	2047.00	2047.00	2047.00	2047.00	2047.00	2047.00	2047.00	2047.00	2047.00	2047.00	2047.00	2047.00	2047.00	2047.00	2047.00	2047.00	2047.00	2047.00	2047.00	2047.00	2046.00	2046.00	2046.00	2046.00	2046.00	2046.00	2046.00	2045.00	2045.00	2045.00	2045.00	2045.00	2045.00	2045.00	2045.00	2045.00	2045.00	2045.00	2045.00	2045.00	2044.00	2044.00	2044.00	2044.00	2045.00	2045.00	2045.00	2045.00	2045.00	2045.00	2045.00	2045.00	2045.00	2045.00	2046.00	2046.00	2046.00	2046.00	2046.00	2047.00	2047.00	2047.00	2047.00	2047.00	2047.00	2047.00	2047.00	2048.00	2048.00	2048.00	2048.00	2048.00	2048.00	2048.00	2048.00	2048.00	2048.00	2049.00	2049.00	2049.00	2049.00	2049.00	2049.00	2049.00	2049.00	2049.00	2049.00	2049.00	2049.00	2049.00	2048.00	2048.00	2048.00	2048.00	2048.00	2048.00	2048.00	2047.00	2047.00	2047.00	2047.00	2047.00	2047.00	2047.00	2046.00	2046.00	2046.00	2046.00	2045.00	2045.00	2045.00	2045.00	2045.00	2044.00	2044.00	2044.00	2044.00	2044.00	2044.00	2044.00	2043.00	2043.00	2043.00	2043.00	2043.00	2043.00	2043.00	2043.00	2043.00	2043.00	2043.00	2044.00	2044.00	2044.00	2044.00	2045.00	2045.00	2045.00	2046.00	2046.00	2046.00	2047.00	2047.00	2048.00	2049.00	2049.00	2049.00	2050.00	2050.00	2051.00	2052.00	2052.00	2052.00	2053.00	2053.00	2054.00	2054.00	2055.00	2055.00	2056.00	2056.00
2022.00	2023.00	2023.00	2023.00	2023.00	2023.00	2023.00	2024.00	2024.00	2024.00	2025.00	2025.00	2025.00	2026.00	2026.00	2026.00	2027.00	2027.00	2028.00	2028.00	2028.00	2029.00	2029.00	2029.00	2030.00	2031.00	2031.00	2031.00	2032.00	2032.00	2033.00	2033.00	2033.00	2034.00	2034.00	2034.00	2035.00	2036.00	2036.00	2036.00	2036.00	2037.00	2037.00	2038.00	2038.00	2038.00	2039.00	2039.00	2039.00	2039.00	2040.00	2040.00	2040.00	2041.00	2041.00	2041.00	2041.00	2041.00	2041.00	2042.00	2042.00	2042.00	2042.00	2042.00	2043.00	2043.00	2043.00	2043.00	2043.00	2043.00	2043.00	2043.00	2043.00	2044.00	2044.00	2044.00	2044.00	2045.00	2045.00	2045.00	2045.00	2045.00	2046.00	2046.00	2046.00	2046.00	2046.00	2047.00	2047.00	2047.00	2047.00	2047.00	2047.00	2047.00	2047.00	2047.00	2047.00	2047.00	2047.00	2047.00	2047.00	2047.00	2047.00	2047.00	2047.00	2047.00	2047.00	2047.00	2047.00	2047.00	2047.00	2047.00	2047.00	2047.00	2047.00	2046.00	2046.00	2046.00	2046.00	2046.00	2046.00	2046.00	2045.00	2045.00	2045.00	2045.00	2045.00	2045.00	2045.00	2045.00	2045.00	2045.00	2045.00	2045.00	2045.00	2044.00	2044.00	2044.00	2044.00	2045.00	2045.00	2045.00	2045.00	2045.00	2045.00	2045.00	2045.00	2045.00	2045.00	2046.00	2046.00	2046.00	2046.00	2046.00	2047.00	2047.00	2047.00	2047.00	2047.00	2047.00	2047.00	2047.00	2048.00	2048.00	2048.00	2048.00	2048.00	2048.00	2048.00	2048.00	2048.00	2048.00	2049.00	2049.00	2049.00	2049.00	2049.00	2049.00	2049.00	2049.00	2049.00	2049.00	2049.00	2049.00	2049.00	2048.00	2048.00	2048.00	2048.00	2048.00	2048.00	2048.00	2047.00	2047.00	2047.00	2047.00	2047.00	2047.00	2047.00	2046.00	2046.00	2046.00	2046.00	2045.00	2045.00	2045.00	2045.00	2045.00	2044.00	2044.00	2044.00	2044.00	2044.00	2044.00	2044.00	2043.00	2043.00	2043.00	2043.00	2043.00	2043.00	2043.00	2043.00	2043.00	2043.00	2043.00	2044.00	2044.00	2044.00	2044.00	2045.00	2045.00	2045.00	2046.00	2046.00	2046.00	2047.00	2047.00	2048.00	2049.00	2049.00	2049.00	2050.00	2050.00	2051.00	2052.00	2052.00	2052.00	2053.00	2053.00	2054.00	2054.00	2055.00	2055.00	2056.00	2056.00
2022.00	2023.00	2023.00	2023.00	2023.00	2023.00	2023.00	2024.00	2024.00	2024.00	2025.00	2025.00	2025.00	2026.00	2026.00	2026.00	2027.00	2027.00	2028.00	2028.00	2028.00	2029.00	2029.00	2029.00	2030.00	2031.00	2031.00	2031.00	2032.00	2032.00	2033.00	2033.00	2033.00	2034.00	2034.00	2034.00	2035.00	2036.00	2036.00	2036.00	2036.00	2037.00	2037.00	2038.00	2038.00	2038.00	2039.00	2039.00	2039.00	2039.00	2040.00	2040.00	2040.00	2041.00	2041.00	2041.00	2041.00	2041.00	2041.00	2042.00	2042.00	2042.00	2042.00	2042.00	2043.00	2043.00	2043.00	2043.00	2043.00	2043.00	2043.00	2043.00	2043.00	2044.00	2044.00	2044.00	2044.00	2045.00	2045.00	2045.00	2045.00	2045.00	2046.00	2046.00	2046.00	2046.00	2046.00	2047.00	2047.00	2047.00	2047.00	2047.00	2047.00	2047.00	2047.00	2047.00	2047.00	2047.00	2047.00	2047.00	2047.00	2047.00	2047.00	2047.00	2047.00	2047.00	2047.00	2047.00	2047.00	2047.00	2047.00	2047.00	2047.00	2047.00	2047.00	2046.00	2046.00	2046.00	2046.00	2046.00	2046.00	2046.00	2045.00	2045.00	2045.00	2045.00	2045.00	2045.00	2045.00	2045.00	2045.00	2045.00	2045.00	2045.00	2045.00	2044.00	2044.00	2044.00	2044.00	2045.00	2045.00	2045.00	2045.00	2045.00	2045.00	2045.00	2045.00	2045.00	2045.00	2046.00	2046.00	2046.00	2046.00	2046.00	2047.00	2047.00	2047.00	2047.00	2047.00	2047.00	2047.00	2047.00	2048.00	2048.00	2048.00	2048.00	2048.00	2048.00	2048.00	2048.00	2048.00	2048.00	2049.00	2049.00	2049.00	2049.00	2049.00	2049.00	2049.00	2049.00	2049.00	2049.00	2049.00	2049.00	2049.00	2048.00	2048.00	2048.00	2048.00	2048.00	2048.00	2048.00	2047.00	2047.00	2047.00	2047.00	2047.00	2047.00	2047.00	2046.00	2046.00	2046.00	2046.00	2045.00	2045.00	2045.00	2045.00	2045.00	2044.00	2044.00	2044.00	2044.00	2044.00	2044.00	2044.00	2043.00	2043.00	2043.00	2043.00	2043.00	2043.00	2043.00	2043.00	2043.00	2043.00	2043.00	2044.00	2044.00	2044.00	2044.00	2045.00	2045.00	2045.00	2046.00	2046.00	2046.00	2047.00	2047.00	2048.00	2049.00	2049.00	2049.00	2050.00	2050.00	2051.00	2052.00	2052.00	2052.00	2053.00	2053.00	2054.00	2054.00	2055.00	2055.00	2056.00	2056.00
2022.00	2023.00	2023.00	2023.00	2023.00	2023.00	2023.00	2024.00	2024.00	2024.00	2025.00	2025.00	2025.00	2026.00	2026.00	2026.00	2027.00	2027.00	2028.00	2028.00	2028.00	2029.00	2029.00	2029.00	2030.00	2031.00	2031.00	2031.00	2032.00	2032.00	2033.00	2033.00	2033.00	2034.00	2034.00	2034.00	2035.00	2036.00	2036.00	2036.00	2036.00	2037.00	2037.00	2038.00	2038.00	2038.00	2039.00	2039.00	2039.00	2039.00	2040.00	2040.00	2040.00	2041.00	2041.00	2041.00	2041.00	2041.00	2041.00	2042.00	2042.00	2042.00	2042.00	2042.00	2043.00	2043.00	2043.00	2043.00	2043.00	2043.00	2043.00	2043.00	2043.00	2044.00	2044.00	2044.00	2044.00	2045.00	2045.00	2045.00	2045.00	2045.00	2046.00	2046.00	2046.00	2046.00	2046.00	2047.00	2047.00	2047.00	2047.00	2047.00	2047.00	2047.00	2047.00	2047.00	2047.00	2047.00	2047.00	2047.00	2047.00	2047.00	2047.00	2047.00	2047.00	2047.00	2047.00	2047.00	2047.00	2047.00	2047.00	2047.00	2047.00	2047.00	2047.00	2046.00	2046.00	2046.00	2046.00	2046.00	2046.00	2046.00	2045.00	2045.00	2045.00	2045.00	2045.00	2045.00	2045.00	2045.00	2045.00	2045.00	2045.00	2045.00	2045.00	2044.00	2044.00	2044.00	2044.00	2045.00	2045.00	2045.00	2045.00	2045.00	2045.00	2045.00	2045.00	2045.00	2045.00	2046.00	2046.00	2046.00	2046.00	2046.00	2047.00	2047.00	2047.00	2047.00	2047.00	2047.00	2047.00	2047.00	2048.00	2048.00	2048.00	2048.00	2048.00	2048.00	2048.00	2048.00	2048.00	2048.00	2049.00	2049.00	2049.00	2049.00	2049.00	2049.00	2049.00	2049.00	2049.00	2049.00	2049.00	2049.00	2049.00	2048.00	2048.00	2048.00	2048.00	2048.00	2048.00	2048.00	2047.00	2047.00	2047.00	2047.00	2047.00	2047.00	2047.00	2046.00	2046.00	2046.00	2046.00	2045.00	2045.00	2045.00	2045.00	2045.00	2044.00	2044.00	2044.00	2044.00	2044.00	2044.00	2044.00	2043.00	2043.00	2043.00	2043.00	2043.00	2043.00	2043.00	2043.00	2043.00	2043.00	2043.00	2044.00	2044.00	2044.00	2044.00	2045.00	2045.00	2045.00	2046.00	2046.00	2046.00	2047.00	2047.00	2048.00	2049.00	2049.00	2049.00	2050.00	2050.00	2051.00	2052.00	2052.00	2052.00	2053.00	2053.00	2054.00	2054.00	2055.00	2055.00	2056.00	2056.00
2022.00	2023.00	2023.00	2023.00	2023.00	2023.00	2023.00	2024.00	2024.00	2024.00	2025.00	2025.00	2025.00	2026.00	2026.00	2026.00	2027.00	2027.00	2028.00	2028.00	2028.00	2029.00	2029.00	2029.00	2030.00	2031.00	2031.00	2031.00	2032.00	2032.00	2033.00	2033.00	2033.00	2034.00	2034.00	2034.00	2035.00	2036.00	2036.00	2036.00	2036.00	2037.00	2037.00	2038.00	2038.00	2038.00	2039.00	2039.00	2039.00	2039.00	2040.00	2040.00	2040.00	2041.00	2041.00	2041.00	2041.00	2041.00	2041.00	2042.00	2042.00	2042.00	2042.00	2042.00	2043.00	2043.00	2043.00	2043.00	2043.00	2043.00	2043.00	2043.00	2043.00	2044.00	2044.00	2044.00	2044.00	2045.00	2045.00	2045.00	2045.00	2045.00	2046.00	2046.00	2046.00	2046.00	2046.00	2047.00	2047.00	2047.00	2047.00	2047.00	2047.00	2047.00	2047.00	2047.00	2047.00	2047.00	2047.00	2047.00	2047.00	2047.00	2047.00	2047.00	2047.00	2047.00	2047.00	2047.00	2047.00	2047.00	2047.00	2047.00	2047.00	2047.00	2047.00	2046.00	2046.00	2046.00	2046.00	2046.00	2046.00	2046.00	2045.00	2045.00	2045.00	2045.00	2045.00	2045.00	2045.00	2045.00	2045.00	2045.00	2045.00	2045.00	2045.00	2044.00	2044.00	2044.00	2044.00	2045.00	2045.00	2045.00	2045.00	2045.00	2045.00	2045.00	2045.00	2045.00	2045.00	2046.00	2046.00	2046.00	2046.00	2046.00	2047.00	2047.00	2047.00	2047.00	2047.00	2047.00	2047.00	2047.00	2048.00	2048.00	2048.00	2048.00	2048.00	2048.00	2048.00	2048.00	2048.00	2048.00	2049.00	2049.00	2049.00	2049.00	2049.00	2049.00	2049.00	2049.00	2049.00	2049.00	2049.00	2049.00	2049.00	2048.00	2048.00	2048.00	2048.00	2048.00	2048.00	2048.00	2047.00	2047.00	2047.00	2047.00	2047.00	2047.00	2047.00	2046.00	2046.00	2046.00	2046.00	2045.00	2045.00	2045.00	2045.00	2045.00	2044.00	2044.00	2044.00	2044.00	2044.00	2044.00	2044.00	2043.00	2043.00	2043.00	2043.00	2043.00	2043.00	2043.00	2043.00	2043.00	2043.00	2043.00	2044.00	2044.00	2044.00	2044.00	2045.00	2045.00	2045.00	2046.00	2046.00	2046.00	2047.00	2047.00	2048.00	2049.00	2049.00	2049.00	2050.00	2050.00	2051.00	2052.00	2052.00	2052.00	2053.00	2053.00	2054.00	2054.00	2055.00	2055.00	2056.00	2056.00
2022.00	2023.00	2023.00	2023.00	2023.00	2023.00	2023.00	2024.00	2024.00	2024.00	2025.00	2025.00	2025.00	2026.00	2026.00	2026.00	2027.00	2027.00	2028.00	2028.00	2028.00	2029.00	2029.00	2029.00	2030.00	2031.00	2031.00	2031.00	2032.00	2032.00	2033.00	2033.00	2033.00	2034.00	2034.00	2034.00	2035.00	2036.00	2036.00	2036.00	2036.00	2037.00	2037.00	2038.00	2038.00	2038.00	2039.00	2039.00	2039.00	2039.00	2040.00	2040.00	2040.00	2041.00	2041.00	2041.00	2041.00	2041.00	2041.00	2042.00	2042.00	2042.00	2042.00	2042.00	2043.00	2043.00	2043.00	2043.00	2043.00	2043.00	2043.00	2043.00	2043.00	2044.00	2044.00	2044.00	2044.00	2045.00	2045.00	2045.00	2045.00	2045.00	2046.00	2046.00	2046.00	2046.00	2046.00	2047.00	2047.00	2047.00	2047.00	2047.00	2047.00	2047.00	2047.00	2047.00	2047.00	2047.00	2047.00	2047.00	2047.00	2047.00	2047.00	2047.00	2047.00	2047.00	2047.00	2047.00	2047.00	2047.00	2047.00	2047.00	2047.00	2047.00	2047.00	2046.00	2046.00	2046.00	2046.00	2046.00	2046.00	2046.00	2045.00	2045.00	2045.00	2045.00	2045.00	2045.00	2045.00	2045.00	2045.00	2045.00	2045.00	2045.00	2045.00	2044.00	2044.00	2044.00	2044.00	2045.00	2045.00	2045.00	2045.00	2045.00	2045.00	2045.00	2045.00	2045.00	2045.00	2046.00	2046.00	2046.00	2046.00	2046.00	2047.00	2047.00	2047.00	2047.00	2047.00	2047.00	2047.00	2047.00	2048.00	2048.00	2048.00	2048.00	2048.00	2048.00	2048.00	2048.00	2048.00	2048.00	2049.00	2049.00	2049.00	2049.00	2049.00	2049.00	2049.00	2049.00	2049.00	2049.00	2049.00	2049.00	2049.00	2048.00	2048.00	2048.00	2048.00	2048.00	2048.00	2048.00	2047.00	2047.00	2047.00	2047.00	2047.00	2047.00	2047.00	2046.00	2046.00	2046.00	2046.00	2045.00	2045.00	2045.00	2045.00	2045.00	2044.00	2044.00	2044.00	2044.00	2044.00	2044.00	2044.00	2043.00	2043.00	2043.00	2043.00	2043.00	2043.00	2043.00	2043.00	2043.00	2043.00	2043.00	2044.00	2044.00	2044.00	2044.00	2045.00	2045.00	2045.00	2046.00	2046.00	2046.00	2047.00	2047.00	2048.00	2049.00	2049.00	2049.00	2050.00	2050.00	2051.00	2052.00	2052.00	2052.00	2053.00	2053.00	2054.00	2054.00	2055.00	2055.00	2056.00	2056.00
2022.00	2023.00	2023.00	2023.00	2023.00	2023.00	2023.00	2024.00	2024.00	2024.00	2025.00	2025.00	2025.00	2026.00	2026.00	2026.00	2027.00	2027.00	2028.00	2028.00	2028.00	2029.00	2029.00	2029.00	2030.00	2031.00	2031.00	2031.00	2032.00	2032.00	2033.00	2033.00	2033.00	2034.00	2034.00	2034.00	2035.00	2036.00	2036.00	2036.00	2036.00	2037.00	2037.00	2038.00	2038.00	2038.00	2039.00	2039.00	2039.00	2039.00	2040.00	2040.00	2040.00	2041.00	2041.00	2041.00	2041.00	2041.00	2041.00	2042.00	2042.00	2042.00	2042.00	2042.00	2043.00	2043.00	2043.00	2043.00	2043.00	2043.00	2043.00	2043.00	2043.00	2044.00	2044.00	2044.00	2044.00	2045.00	2045.00	2045.00	2045.00	2045.00	2046.00	2046.00	2046.00	2046.00	2046.00	2047.00	2047.00	2047.00	2047.00	2047.00	2047.00	2047.00	2047.00	2047.00	2047.00	2047.00	2047.00	2047.00	2047.00	2047.00	2047.00	2047.00	2047.00	2047.00	2047.00	2047.00	2047.00	2047.00	2047.00	2047.00	2047.00	2047.00	2047.00	2046.00	2046.00	2046.00	2046.00	2046.00	2046.00	2046.00	2045.00	2045.00	2045.00	2045.00	2045.00	2045.00	2045.00	2045.00	2045.00	2045.00	2045.00	2045.00	2045.00	2044.00	2044.00	2044.00	2044.00	2045.00	2045.00	2045.00	2045.00	2045.00	2045.00	2045.00	2045.00	2045.00	2045.00	2046.00	2046.00	2046.00	2046.00	2046.00	2047.00	2047.00	2047.00	2047.00	2047.00	2047.00	2047.00	2047.00	2048.00	2048.00	2048.00	2048.00	2048.00	2048.00	2048.00	2048.00	2048.00	2048.00	2049.00	2049.00	2049.00	2049.00	2049.00	2049.00	2049.00	2049.00	2049.00	2049.00	2049.00	2049.00	2049.00	2048.00	2048.00	2048.00	2048.00	2048.00	2048.00	2048.00	2047.00	2047.00	2047.00	2047.00	2047.00	2047.00	2047.00	2046.00	2046.00	2046.00	2046.00	2045.00	2045.00	2045.00	2045.00	2045.00	2044.00	2044.00	2044.00	2044.00	2044.00	2044.00	2044.00	2043.00	2043.00	2043.00	2043.00	2043.00	2043.00	2043.00	2043.00	2043.00	2043.00	2043.00	2044.00	2044.00	2044.00	2044.00	2045.00	2045.00	2045.00	2046.00	2046.00	2046.00	2047.00	2047.00	2048.00	2049.00	2049.00	2049.00	2050.00	2050.00	2051.00	2052.00	2052.00	2052.00	2053.00	2053.00	2054.00	2054.00	2055.00	2055.00	2056.00	2056.00
2022.00	2023.00	2023.00	2023.00	2023.00	2023.00	2023.00	2024.00	2024.00	2024.00	2025.00	2025.00	2025.00	2026.00	2026.00	2026.00	2027.00	2027.00	2028.00	2028.00	2028.00	2029.00	2029.00	2029.00	2030.00	2031.00	2031.00	2031.00	2032.00	2032.00	2033.00	2033.00	2033.00	2034.00	2034.00	2034.00	2035.00	2036.00	2036.00	2036.00	2036.00	2037.00	2037.00	2038.00	2038.00	2038.00	2039.00	2039.00	2039.00	2039.00	2040.00	2040.00	2040.00	2041.00	2041.00	2041.00	2041.00	2041.00	2041.00	2042.00	2042.00	2042.00	2042.00	2042.00	2043.00	2043.00	2043.00	2043.00	2043.00	2043.00	2043.00	2043.00	2043.00	2044.00	2044.00	2044.00	2044.00	2045.00	2045.00	2045.00	2045.00	2045.00	2046.00	2046.00	2046.00	2046.00	2046.00	2047.00	2047.00	2047.00	2047.00	2047.00	2047.00	2047.00	2047.00	2047.00	2047.00	2047.00	2047.00	2047.00	2047.00	2047.00	2047.00	2047.00	2047.00	2047.00	2047.00	2047.00	2047.00	2047.00	2047.00	2047.00	2047.00	2047.00	2047.00	2046.00	2046.00	2046.00	2046.00	2046.00	2046.00	2046.00	2045.00	2045.00	2045.00	2045.00	2045.00	2045.00	2045.00	2045.00	2045.00	2045.00	2045.00	2045.00	2045.00	2044.00	2044.00	2044.00	2044.00	2045.00	2045.00	2045.00	2045.00	2045.00	2045.00	2045.00	2045.00	2045.00	2045.00	2046.00	2046.00	2046.00	2046.00	2046.00	2047.00	2047.00	2047.00	2047.00	2047.00	2047.00	2047.00	2047.00	2048.00	2048.00	2048.00	2048.00	2048.00	2048.00	2048.00	2048.00	2048.00	2048.00	2049.00	2049.00	2049.00	2049.00	2049.00	2049.00	2049.00	2049.00	2049.00	2049.00	2049.00	2049.00	2049.00	2048.00	2048.00	2048.00	2048.00	2048.00	2048.00	2048.00	2047.00	2047.00	2047.00	2047.00	2047.00	2047.00	2047.00	2046.00	2046.00	2046.00	2046.00	2045.00	2045.00	2045.00	2045.00	2045.00	2044.00	2044.00	2044.00	2044.00	2044.00	2044.00	2044.00	2043.00	2043.00	2043.00	2043.00	2043.00	2043.00	2043.00	2043.00	2043.00	2043.00	2043.00	2044.00	2044.00	2044.00	2044.00	2045.00	2045.00	2045.00	2046.00	2046.00	2046.00	2047.00	2047.00	2048.00	2049.00	2049.00	2049.00	2050.00	2050.00	2051.00	2052.00	2052.00	2052.00	2053.00	2053.00	2054.00	2054.00	2055.00	2055.00	2056.00	2056.00
2023.00	2023.00	2023.00	2023.00	2024.00	2024.00	2024.00	2025.00	2025.00	2025.00	2026.00	2027.00	2027.00	2027.00	2027.00	2028.00	2028.00	2028.00	2029.00	2030.00	2030.00	2030.00	2031.00	2031.00	2032.00	2032.00	2032.00	2033.00	2034.00	2034.00	2035.00	2035.00	2035.00	2036.00	2037.00	2037.00	2037.00	2038.00	2038.00	2038.00	2038.00	2039.00	2040.00	2040.00	2040.00	2041.00	2041.00	2041.00	2041.00	2041.00	2042.00	2042.00	2042.00	2042.00	2043.00	2043.00	2043.00	2043.00	2043.00	2043.00	2043.00	2043.00	2044.00	2044.00	2044.00	2044.00	2044.00	2044.00	2045.00	2045.00	2045.00	2045.00	2045.00	2045.00	2046.00	2046.00	2046.00	2046.00	2046.00	2046.00	2047.00	2047.00	2047.00	2047.00	2047.00	2047.00	2048.00	2048.00	2048.00	2048.00	2048.00	2048.00	2048.00	2048.00	2049.00	2049.00	2049.00	2049.00	2049.00	2049.00	2049.00	2049.00	2049.00	2049.00	2049.00	2048.00	2048.00	2048.00	2048.00	2048.00	2048.00	2048.00	2048.00	2048.00	2047.00	2047.00	2047.00	2047.00	2047.00	2047.00	2047.00	2047.00	2047.00	2047.00	2047.00	2047.00	2047.00	2046.00	2046.00	2046.00	2046.00	2046.00	2046.00	2046.00	2046.00	2046.00	2046.00	2046.00	2046.00	2046.00	2047.00	2047.00	2047.00	2047.00	2047.00	2047.00	2047.00	2047.00	2047.00	2048.00	2048.00	2048.00	2048.00	2048.00	2048.00	2048.00	2048.00	2048.00	2049.00	2049.00	2049.00	2049.00	2050.00	2050.00	2050.00	2050.00	2050.00	2050.00	2051.00	2051.00	2051.00	2051.00	2051.00	2051.00	2051.00	2051.00	2051.00	2051.00	2051.00	2051.00	2051.00	2051.00	2051.00	2051.00	2051.00	2051.00	2051.00	2051.00	2051.00	2051.00	2050.00	2050.00	2050.00	2050.00	2050.00	2050.00	2050.00	2049.00	2049.00	2049.00	2049.00	2049.00	2049.00	2049.00	2048.00	2048.00	2048.00	2048.00	2048.00	2048.00	2048.00	2047.00	2047.00	2047.00	2047.00	2047.00	2047.00	2048.00	2048.00	2048.00	2048.00	2048.00	2048.00	2048.00	2049.00	2049.00	2049.00	2050.00	2050.00	2050.00	2051.00	2051.00	2051.00	2052.00	2052.00	2053.00	2053.00	2053.00	2054.00	2055.00	2055.00	2056.00	2056.00	2056.00	2057.00	2058.00	2058.00	2059.00	2059.00	2059.00	2060.00	2060.00	2061.00	2061.00	2062.00	2062.00
2023.00	2023.00	2023.00	2023.00	2024.00	2024.00	2024.00	2025.00	2025.00	2025.00	2026.00	2027.00	2027.00	2027.00	2027.00	2028.00	2028.00	2028.00	2029.00	2030.00	2030.00	2030.00	2031.00	2031.00	2032.00	2032.00	2032.00	2033.00	2034.00	2034.00	2035.00	2035.00	2035.00	2036.00	2037.00	2037.00	2037.00	2038.00	2038.00	2038.00	2038.00	2039.00	2040.00	2040.00	2040.00	2041.00	2041.00	2041.00	2041.00	2041.00	2042.00	2042.00	2042.00	2042.00	2043.00	2043.00	2043.00	2043.00	2043.00	2043.00	2043.00	2043.00	2044.00	2044.00	2044.00	2044.00	2044.00	2044.00	2045.00	2045.00	2045.00	2045.00	2045.00	2045.00	2046.00	2046.00	2046.00	2046.00	2046.00	2046.00	2047.00	2047.00	2047.00	2047.00	2047.00	2047.00	2048.00	2048.00	2048.00	2048.00	2048.00	2048.00	2048.00	2048.00	2049.00	2049.00	2049.00	2049.00	2049.00	2049.00	2049.00	2049.00	2049.00	2049.00	2049.00	2048.00	2048.00	2048.00	2048.00	2048.00	2048.00	2048.00	2048.00	2048.00	2047.00	2047.00	2047.00	2047.00	2047.00	2047.00	2047.00	2047.00	2047.00	2047.00	2047.00	2047.00	2047.00	2046.00	2046.00	2046.00	2046.00	2046.00	2046.00	2046.00	2046.00	2046.00	2046.00	2046.00	2046.00	2046.00	2047.00	2047.00	2047.00	2047.00	2047.00	2047.00	2047.00	2047.00	2047.00	2048.00	2048.00	2048.00	2048.00	2048.00	2048.00	2048.00	2048.00	2048.00	2049.00	2049.00	2049.00	2049.00	2050.00	2050.00	2050.00	2050.00	2050.00	2050.00	2051.00	2051.00	2051.00	2051.00	2051.00	2051.00	2051.00	2051.00	2051.00	2051.00	2051.00	2051.00	2051.00	2051.00	2051.00	2051.00	2051.00	2051.00	2051.00	2051.00	2051.00	2051.00	2050.00	2050.00	2050.00	2050.00	2050.00	2050.00	2050.00	2049.00	2049.00	2049.00	2049.00	2049.00	2049.00	2049.00	2048.00	2048.00	2048.00	2048.00	2048.00	2048.00	2048.00	2047.00	2047.00	2047.00	2047.00	2047.00	2047.00	2048.00	2048.00	2048.00	2048.00	2048.00	2048.00	2048.00	2049.00	2049.00	2049.00	2050.00	2050.00	2050.00	2051.00	2051.00	2051.00	2052.00	2052.00	2053.00	2053.00	2053.00	2054.00	2055.00	2055.00	2056.00	2056.00	2056.00	2057.00	2058.00	2058.00	2059.00	2059.00	2059.00	2060.00	2060.00	2061.00	2061.00	2062.00	2062.00
2023.00	2023.00	2023.00	2023.00	2024.00	2024.00	2024.00	2025.00	2025.00	2025.00	2026.00	2027.00	2027.00	2027.00	2027.00	2028.00	2028.00	2028.00	2029.00	2030.00	2030.00	2030.00	2031.00	2031.00	2032.00	2032.00	2032.00	2033.00	2034.00	2034.00	2035.00	2035.00	2035.00	2036.00	2037.00	2037.00	2037.00	2038.00	2038.00	2038.00	2038.00	2039.00	2040.00	2040.00	2040.00	2041.00	2041.00	2041.00	2041.00	2041.00	2042.00	2042.00	2042.00	2042.00	2043.00	2043.00	2043.00	2043.00	2043.00	2043.00	2043.00	2043.00	2044.00	2044.00	2044.00	2044.00	2044.00	2044.00	2045.00	2045.00	2045.00	2045.00	2045.00	2045.00	2046.00	2046.00	2046.00	2046.00	2046.00	2046.00	2047.00	2047.00	2047.00	2047.00	2047.00	2047.00	2048.00	2048.00	2048.00	2048.00	2048.00	2048.00	2048.00	2048.00	2049.00	2049.00	2049.00	2049.00	2049.00	2049.00	2049.00	2049.00	2049.00	2049.00	2049.00	2048.00	2048.00	2048.00	2048.00	2048.00	2048.00	2048.00	2048.00	2048.00	2047.00	2047.00	2047.00	2047.00	2047.00	2047.00	2047.00	2047.00	2047.00	2047.00	2047.00	2047.00	2047.00	2046.00	2046.00	2046.00	2046.00	2046.00	2046.00	2046.00	2046.00	2046.00	2046.00	2046.00	2046.00	2046.00	2047.00	2047.00	2047.00	2047.00	2047.00	2047.00	2047.00	2047.00	2047.00	2048.00	2048.00	2048.00	2048.00	2048.00	2048.00	2048.00	2048.00	2048.00	2049.00	2049.00	2049.00	2049.00	2050.00	2050.00	2050.00	2050.00	2050.00	2050.00	2051.00	2051.00	2051.00	2051.00	2051.00	2051.00	2051.00	2051.00	2051.00	2051.00	2051.00	2051.00	2051.00	2051.00	2051.00	2051.00	2051.00	2051.00	2051.00	2051.00	2051.00	2051.00	2050.00	2050.00	2050.00	2050.00	2050.00	2050.00	2050.00	2049.00	2049.00	2049.00	2049.00	2049.00	2049.00	2049.00	2048.00	2048.00	2048.00	2048.00	2048.00	2048.00	2048.00	2047.00	2047.00	2047.00	2047.00	2047.00	2047.00	2048.00	2048.00	2048.00	2048.00	2048.00	2048.00	2048.00	2049.00	2049.00	2049.00	2050.00	2050.00	2050.00	2051.00	2051.00	2051.00	2052.00	2052.00	2053.00	2053.00	2053.00	2054.00	2055.00	2055.00	2056.00	2056.00	2056.00	2057.00	2058.00	2058.00	2059.00	2059.00	2059.00	2060.00	2060.00	2061.00	2061.00	2062.00	2062.00
2023.00	2023.00	2023.00	2023.00	2024.00	2024.00	2024.00	2025.00	2025.00	2025.00	2026.00	2027.00	2027.00	2027.00	2027.00	2028.00	2028.00	2028.00	2029.00	2030.00	2030.00	2030.00	2031.00	2031.00	2032.00	2032.00	2032.00	2033.00	2034.00	2034.00	2035.00	2035.00	2035.00	2036.00	2037.00	2037.00	2037.00	2038.00	2038.00	2038.00	2038.00	2039.00	2040.00	2040.00	2040.00	2041.00	2041.00	2041.00	2041.00	2041.00	2042.00	2042.00	2042.00	2042.00	2043.00	2043.00	2043.00	2043.00	2043.00	2043.00	2043.00	2043.00	2044.00	2044.00	2044.00	2044.00	2044.00	2044.00	2045.00	2045.00	2045.00	2045.00	2045.00	2045.00	2046.00	2046.00	2046.00	2046.00	2046.00	2046.00	2047.00	2047.00	2047.00	2047.00	2047.00	2047.00	2048.00	2048.00	2048.00	2048.00	2048.00	2048.00	2048.00	2048.00	2049.00	2049.00	2049.00	2049.00	2049.00	2049.00	2049.00	2049.00	2049.00	2049.00	2049.00	2048.00	2048.00	2048.00	2048.00	2048.00	2048.00	2048.00	2048.00	2048.00	2047.00	2047.00	2047.00	2047.00	2047.00	2047.00	2047.00	2047.00	2047.00	2047.00	2047.00	2047.00	2047.00	2046.00	2046.00	2046.00	2046.00	2046.00	2046.00	2046.00	2046.00	2046.00	2046.00	2046.00	2046.00	2046.00	2047.00	2047.00	2047.00	2047.00	2047.00	2047.00	2047.00	2047.00	2047.00	2048.00	2048.00	2048.00	2048.00	2048.00	2048.00	2048.00	2048.00	2048.00	2049.00	2049.00	2049.00	2049.00	2050.00	2050.00	2050.00	2050.00	2050.00	2050.00	2051.00	2051.00	2051.00	2051.00	2051.00	2051.00	2051.00	2051.00	2051.00	2051.00	2051.00	2051.00	2051.00	2051.00	2051.00	2051.00	2051.00	2051.00	2051.00	2051.00	2051.00	2051.00	2050.00	2050.00	2050.00	2050.00	2050.00	2050.00	2050.00	2049.00	2049.00	2049.00	2049.00	2049.00	2049.00	2049.00	2048.00	2048.00	2048.00	2048.00	2048.00	2048.00	2048.00	2047.00	2047.00	2047.00	2047.00	2047.00	2047.00	2048.00	2048.00	2048.00	2048.00	2048.00	2048.00	2048.00	2049.00	2049.00	2049.00	2050.00	2050.00	2050.00	2051.00	2051.00	2051.00	2052.00	2052.00	2053.00	2053.00	2053.00	2054.00	2055.00	2055.00	2056.00	2056.00	2056.00	2057.00	2058.00	2058.00	2059.00	2059.00	2059.00	2060.00	2060.00	2061.00	2061.00	2062.00	2062.00
2023.00	2023.00	2023.00	2023.00	2024.00	2024.00	2024.00	2025.00	2025.00	2025.00	2026.00	2027.00	2027.00	2027.00	2027.00	2028.00	2028.00	2028.00	2029.00	2030.00	2030.00	2030.00	2031.00	2031.00	2032.00	2032.00	2032.00	2033.00	2034.00	2034.00	2035.00	2035.00	2035.00	2036.00	2037.00	2037.00	2037.00	2038.00	2038.00	2038.00	2038.00	2039.00	2040.00	2040.00	2040.00	2041.00	2041.00	2041.00	2041.00	2041.00	2042.00	2042.00	2042.00	2042.00	2043.00	2043.00	2043.00	2043.00	2043.00	2043.00	2043.00	2043.00	2044.00	2044.00	2044.00	2044.00	2044.00	2044.00	2045.00	2045.00	2045.00	2045.00	2045.00	2045.00	2046.00	2046.00	2046.00	2046.00	2046.00	2046.00	2047.00	2047.00	2047.00	2047.00	2047.00	2047.00	2048.00	2048.00	2048.00	2048.00	2048.00	2048.00	2048.00	2048.00	2049.00	2049.00	2049.00	2049.00	2049.00	2049.00	2049.00	2049.00	2049.00	2049.00	2049.00	2048.00	2048.00	2048.00	2048.00	2048.00	2048.00	2048.00	2048.00	2048.00	2047.00	2047.00	2047.00	2047.00	2047.00	2047.00	2047.00	2047.00	2047.00	2047.00	2047.00	2047.00	2047.00	2046.00	2046.00	2046.00	2046.00	2046.00	2046.00	2046.00	2046.00	2046.00	2046.00	2046.00	2046.00	2046.00	2047.00	2047.00	2047.00	2047.00	2047.00	2047.00	2047.00	2047.00	2047.00	2048.00	2048.00	2048.00	2048.00	2048.00	2048.00	2048.00	2048.00	2048.00	2049.00	2049.00	2049.00	2049.00	2050.00	2050.00	2050.00	2050.00	2050.00	2050.00	2051.00	2051.00	2051.00	2051.00	2051.00	2051.00	2051.00	2051.00	2051.00	2051.00	2051.00	2051.00	2051.00	2051.00	2051.00	2051.00	2051.00	2051.00	2051.00	2051.00	2051.00	2051.00	2050.00	2050.00	2050.00	2050.00	2050.00	2050.00	2050.00	2049.00	2049.00	2049.00	2049.00	2049.00	2049.00	2049.00	2048.00	2048.00	2048.00	2048.00	2048.00	2048.00	2048.00	2047.00	2047.00	2047.00	2047.00	2047.00	2047.00	2048.00	2048.00	2048.00	2048.00	2048.00	2048.00	2048.00	2049.00	2049.00	2049.00	2050.00	2050.00	2050.00	2051.00	2051.00	2051.00	2052.00	2052.00	2053.00	2053.00	2053.00	2054.00	2055.00	2055.00	2056.00	2056.00	2056.00	2057.00	2058.00	2058.00	2059.00	2059.00	2059.00	2060.00	2060.00	2061.00	2061.00	2062.00	2062.00
2023.00	2023.00	2023.00	2023.00	2024.00	2024.00	2024.00	2025.00	2025.00	2025.00	2026.00	2027.00	2027.00	2027.00	2027.00	2028.00	2028.00	2028.00	2029.00	2030.00	2030.00	2030.00	2031.00	2031.00	2032.00	2032.00	2032.00	2033.00	2034.00	2034.00	2035.00	2035.00	2035.00	2036.00	2037.00	2037.00	2037.00	2038.00	2038.00	2038.00	2038.00	2039.00	2040.00	2040.00	2040.00	2041.00	2041.00	2041.00	2041.00	2041.00	2042.00	2042.00	2042.00	2042.00	2043.00	2043.00	2043.00	2043.00	2043.00	2043.00	2043.00	2043.00	2044.00	2044.00	2044.00	2044.00	2044.00	2044.00	2045.00	2045.00	2045.00	2045.00	2045.00	2045.00	2046.00	2046.00	2046.00	2046.00	2046.00	2046.00	2047.00	2047.00	2047.00	2047.00	2047.00	2047.00	2048.00	2048.00	2048.00	2048.00	2048.00	2048.00	2048.00	2048.00	2049.00	2049.00	2049.00	2049.00	2049.00	2049.00	2049.00	2049.00	2049.00	2049.00	2049.00	2048.00	2048.00	2048.00	2048.00	2048.00	2048.00	2048.00	2048.00	2048.00	2047.00	2047.00	2047.00	2047.00	2047.00	2047.00	2047.00	2047.00	2047.00	2047.00	2047.00	2047.00	2047.00	2046.00	2046.00	2046.00	2046.00	2046.00	2046.00	2046.00	2046.00	2046.00	2046.00	2046.00	2046.00	2046.00	2047.00	2047.00	2047.00	2047.00	2047.00	2047.00	2047.00	2047.00	2047.00	2048.00	2048.00	2048.00	2048.00	2048.00	2048.00	2048.00	2048.00	2048.00	2049.00	2049.00	2049.00	2049.00	2050.00	2050.00	2050.00	2050.00	2050.00	2050.00	2051.00	2051.00	2051.00	2051.00	2051.00	2051.00	2051.00	2051.00	2051.00	2051.00	2051.00	2051.00	2051.00	2051.00	2051.00	2051.00	2051.00	2051.00	2051.00	2051.00	2051.00	2051.00	2050.00	2050.00	2050.00	2050.00	2050.00	2050.00	2050.00	2049.00	2049.00	2049.00	2049.00	2049.00	2049.00	2049.00	2048.00	2048.00	2048.00	2048.00	2048.00	2048.00	2048.00	2047.00	2047.00	2047.00	2047.00	2047.00	2047.00	2048.00	2048.00	2048.00	2048.00	2048.00	2048.00	2048.00	2049.00	2049.00	2049.00	2050.00	2050.00	2050.00	2051.00	2051.00	2051.00	2052.00	2052.00	2053.00	2053.00	2053.00	2054.00	2055.00	2055.00	2056.00	2056.00	2056.00	2057.00	2058.00	2058.00	2059.00	2059.00	2059.00	2060.00	2060.00	2061.00	2061.00	2062.00	2062.00
2023.00	2023.00	2023.00	2023.00	2024.00	2024.00	2024.00	2025.00	2025.00	2025.00	2026.00	2027.00	2027.00	2027.00	2027.00	2028.00	2028.00	2028.00	2029.00	2030.00	2030.00	2030.00	2031.00	2031.00	2032.00	2032.00	2032.00	2033.00	2034.00	2034.00	2035.00	2035.00	2035.00	2036.00	2037.00	2037.00	2037.00	2038.00	2038.00	2038.00	2038.00	2039.00	2040.00	2040.00	2040.00	2041.00	2041.00	2041.00	2041.00	2041.00	2042.00	2042.00	2042.00	2042.00	2043.00	2043.00	2043.00	2043.00	2043.00	2043.00	2043.00	2043.00	2044.00	2044.00	2044.00	2044.00	2044.00	2044.00	2045.00	2045.00	2045.00	2045.00	2045.00	2045.00	2046.00	2046.00	2046.00	2046.00	2046.00	2046.00	2047.00	2047.00	2047.00	2047.00	2047.00	2047.00	2048.00	2048.00	2048.00	2048.00	2048.00	2048.00	2048.00	2048.00	2049.00	2049.00	2049.00	2049.00	2049.00	2049.00	2049.00	2049.00	2049.00	2049.00	2049.00	2048.00	2048.00	2048.00	2048.00	2048.00	2048.00	2048.00	2048.00	2048.00	2047.00	2047.00	2047.00	2047.00	2047.00	2047.00	2047.00	2047.00	2047.00	2047.00	2047.00	2047.00	2047.00	2046.00	2046.00	2046.00	2046.00	2046.00	2046.00	2046.00	2046.00	2046.00	2046.00	2046.00	2046.00	2046.00	2047.00	2047.00	2047.00	2047.00	2047.00	2047.00	2047.00	2047.00	2047.00	2048.00	2048.00	2048.00	2048.00	2048.00	2048.00	2048.00	2048.00	2048.00	2049.00	2049.00	2049.00	2049.00	2050.00	2050.00	2050.00	2050.00	2050.00	2050.00	2051.00	2051.00	2051.00	2051.00	2051.00	2051.00	2051.00	2051.00	2051.00	2051.00	2051.00	2051.00	2051.00	2051.00	2051.00	2051.00	2051.00	2051.00	2051.00	2051.00	2051.00	2051.00	2050.00	2050.00	2050.00	2050.00	2050.00	2050.00	2050.00	2049.00	2049.00	2049.00	2049.00	2049.00	2049.00	2049.00	2048.00	2048.00	2048.00	2048.00	2048.00	2048.00	2048.00	2047.00	2047.00	2047.00	2047.00	2047.00	2047.00	2048.00	2048.00	2048.00	2048.00	2048.00	2048.00	2048.00	2049.00	2049.00	2049.00	2050.00	2050.00	2050.00	2051.00	2051.00	2051.00	2052.00	2052.00	2053.00	2053.00	2053.00	2054.00	2055.00	2055.00	2056.00	2056.00	2056.00	2057.00	2058.00	2058.00	2059.00	2059.00	2059.00	2060.00	2060.00	2061.00	2061.00	2062.00	2062.00
2023.00	2023.00	2023.00	2023.00	2024.00	2024.00	2024.00	2025.00	2025.00	2025.00	2026.00	2027.00	2027.00	2027.00	2027.00	2028.00	2028.00	2028.00	2029.00	2030.00	2030.00	2030.00	2031.00	2031.00	2032.00	2032.00	2032.00	2033.00	2034.00	2034.00	2035.00	2035.00	2035.00	2036.00	2037.00	2037.00	2037.00	2038.00	2038.00	2038.00	2038.00	2039.00	2040.00	2040.00	2040.00	2041.00	2041.00	2041.00	2041.00	2041.00	2042.00	2042.00	2042.00	2042.00	2043.00	2043.00	2043.00	2043.00	2043.00	2043.00	2043.00	2043.00	2044.00	2044.00	2044.00	2044.00	2044.00	2044.00	2045.00	2045.00	2045.00	2045.00	2045.00	2045.00	2046.00	2046.00	2046.00	2046.00	2046.00	2046.00	2047.00	2047.00	2047.00	2047.00	2047.00	2047.00	2048.00	2048.00	2048.00	2048.00	2048.00	2048.00	2048.00	2048.00	2049.00	2049.00	2049.00	2049.00	2049.00	2049.00	2049.00	2049.00	2049.00	2049.00	2049.00	2048.00	2048.00	2048.00	2048.00	2048.00	2048.00	2048.00	2048.00	2048.00	2047.00	2047.00	2047.00	2047.00	2047.00	2047.00	2047.00	2047.00	2047.00	2047.00	2047.00	2047.00	2047.00	2046.00	2046.00	2046.00	2046.00	2046.00	2046.00	2046.00	2046.00	2046.00	2046.00	2046.00	2046.00	2046.00	2047.00	2047.00	2047.00	2047.00	2047.00	2047.00	2047.00	2047.00	2047.00	2048.00	2048.00	2048.00	2048.00	2048.00	2048.00	2048.00	2048.00	2048.00	2049.00	2049.00	2049.00	2049.00	2050.00	2050.00	2050.00	2050.00	2050.00	2050.00	2051.00	2051.00	2051.00	2051.00	2051.00	2051.00	2051.00	2051.00	2051.00	2051.00	2051.00	2051.00	2051.00	2051.00	2051.00	2051.00	2051.00	2051.00	2051.00	2051.00	2051.00	2051.00	2050.00	2050.00	2050.00	2050.00	2050.00	2050.00	2050.00	2049.00	2049.00	2049.00	2049.00	2049.00	2049.00	2049.00	2048.00	2048.00	2048.00	2048.00	2048.00	2048.00	2048.00	2047.00	2047.00	2047.00	2047.00	2047.00	2047.00	2048.00	2048.00	2048.00	2048.00	2048.00	2048.00	2048.00	2049.00	2049.00	2049.00	2050.00	2050.00	2050.00	2051.00	2051.00	2051.00	2052.00	2052.00	2053.00	2053.00	2053.00	2054.00	2055.00	2055.00	2056.00	2056.00	2056.00	2057.00	2058.00	2058.00	2059.00	2059.00	2059.00	2060.00	2060.00	2061.00	2061.00	2062.00	2062.00
2025.00	2025.00	2026.00	2026.00	2026.00	2026.00	2027.00	2027.00	2027.00	2028.00	2028.00	2029.00	2029.00	2030.00	2030.00	2030.00	2031.00	2031.00	2032.00	2033.00	2033.00	2033.00	2034.00	2034.00	2035.00	2035.00	2035.00	2036.00	2036.00	2036.00	2037.00	2037.00	2038.00	2038.00	2039.00	2039.00	2039.00	2040.00	2040.00	2041.00	2041.00	2041.00	2042.00	2042.00	2042.00	2042.00	2043.00	2043.00	2043.00	2043.00	2043.00	2044.00	2044.00	2044.00	2044.00	2044.00	2044.00	2045.00	2045.00	2045.00	2045.00	2045.00	2045.00	2045.00	2046.00	2046.00	2046.00	2046.00	2046.00	2046.00	2046.00	2047.00	2047.00	2047.00	2047.00	2048.00	2048.00	2048.00	2048.00	2048.00	2048.00	2048.00	2048.00	2049.00	2049.00	2049.00	2049.00	2049.00	2049.00	2049.00	2049.00	2049.00	2049.00	2049.00	2050.00	2050.00	2050.00	2050.00	2050.00	2050.00	2050.00	2050.00	2050.00	2050.00	2050.00	2050.00	2050.00	2050.00	2050.00	2050.00	2049.00	2049.00	2049.00	2049.00	2049.00	2049.00	2049.00	2049.00	2048.00	2048.00	2048.00	2048.00	2048.00	2048.00	2048.00	2048.00	2048.00	2048.00	2048.00	2048.00	2048.00	2048.00	2048.00	2048.00	2048.00	2048.00	2048.00	2048.00	2048.00	2048.00	2048.00	2048.00	2048.00	2048.00	2048.00	2048.00	2048.00	2048.00	2048.00	2049.00	2049.00	2049.00	2049.00	2049.00	2049.00	2049.00	2050.00	2050.00	2050.00	2050.00	2050.00	2050.00	2051.00	2051.00	2051.00	2051.00	2051.00	2052.00	2052.00	2052.00	2052.00	2053.00	2053.00	2053.00	2053.00	2053.00	2053.00	2053.00	2053.00	2054.00	2054.00	2054.00	2054.00	2054.00	2054.00	2054.00	2054.00	2054.00	2054.00	2054.00	2054.00	2054.00	2054.00	2054.00	2053.00	2053.00	2053.00	2053.00	2053.00	2053.00	2052.00	2052.00	2052.00	2052.00	2052.00	2052.00	2052.00	2052.00	2052.00	2052.00	2052.00	2052.00	2052.00	2053.00	2053.00	2053.00	2053.00	2053.00	2053.00	2053.00	2054.00	2054.00	2055.00	2055.00	2055.00	2055.00	2056.00	2056.00	2056.00	2057.00	2058.00	2058.00	2058.00	2059.00	2059.00	2060.00	2061.00	2061.00	2061.00	2062.00	2062.00	2063.00	2064.00	2064.00	2064.00	2065.00	2065.00	2066.00	2066.00	2066.00	2067.00	2067.00	2067.00	2067.00	2068.00	2068.00
2025.00	2025.00	2026.00	2026.00	2026.00	2026.00	2027.00	2027.00	2027.00	2028.00	2028.00	2029.00	2029.00	2030.00	2030.00	2030.00	2031.00	2031.00	2032.00	2033.00	2033.00	2033.00	2034.00	2034.00	2035.00	2035.00	2035.00	2036.00	2036.00	2036.00	2037.00	2037.00	2038.00	2038.00	2039.00	2039.00	2039.00	2040.00	2040.00	2041.00	2041.00	2041.00	2042.00	2042.00	2042.00	2042.00	2043.00	2043.00	2043.00	2043.00	2043.00	2044.00	2044.00	2044.00	2044.00	2044.00	2044.00	2045.00	2045.00	2045.00	2045.00	2045.00	2045.00	2045.00	2046.00	2046.00	2046.00	2046.00	2046.00	2046.00	2046.00	2047.00	2047.00	2047.00	2047.00	2048.00	2048.00	2048.00	2048.00	2048.00	2048.00	2048.00	2048.00	2049.00	2049.00	2049.00	2049.00	2049.00	2049.00	2049.00	2049.00	2049.00	2049.00	2049.00	2050.00	2050.00	2050.00	2050.00	2050.00	2050.00	2050.00	2050.00	2050.00	2050.00	2050.00	2050.00	2050.00	2050.00	2050.00	2050.00	2049.00	2049.00	2049.00	2049.00	2049.00	2049.00	2049.00	2049.00	2048.00	2048.00	2048.00	2048.00	2048.00	2048.00	2048.00	2048.00	2048.00	2048.00	2048.00	2048.00	2048.00	2048.00	2048.00	2048.00	2048.00	2048.00	2048.00	2048.00	2048.00	2048.00	2048.00	2048.00	2048.00	2048.00	2048.00	2048.00	2048.00	2048.00	2048.00	2049.00	2049.00	2049.00	2049.00	2049.00	2049.00	2049.00	2050.00	2050.00	2050.00	2050.00	2050.00	2050.00	2051.00	2051.00	2051.00	2051.00	2051.00	2052.00	2052.00	2052.00	2052.00	2053.00	2053.00	2053.00	2053.00	2053.00	2053.00	2053.00	2053.00	2054.00	2054.00	2054.00	2054.00	2054.00	2054.00	2054.00	2054.00	2054.00	2054.00	2054.00	2054.00	2054.00	2054.00	2054.00	2053.00	2053.00	2053.00	2053.00	2053.00	2053.00	2052.00	2052.00	2052.00	2052.00	2052.00	2052.00	2052.00	2052.00	2052.00	2052.00	2052.00	2052.00	2052.00	2053.00	2053.00	2053.00	2053.00	2053.00	2053.00	2053.00	2054.00	2054.00	2055.00	2055.00	2055.00	2055.00	2056.00	2056.00	2056.00	2057.00	2058.00	2058.00	2058.00	2059.00	2059.00	2060.00	2061.00	2061.00	2061.00	2062.00	2062.00	2063.00	2064.00	2064.00	2064.00	2065.00	2065.00	2066.00	2066.00	2066.00	2067.00	2067.00	2067.00	2067.00	2068.00	2068.00
2025.00	2025.00	2026.00	2026.00	2026.00	2026.00	2027.00	2027.00	2027.00	2028.00	2028.00	2029.00	2029.00	2030.00	2030.00	2030.00	2031.00	2031.00	2032.00	2033.00	2033.00	2033.00	2034.00	2034.00	2035.00	2035.00	2035.00	2036.00	2036.00	2036.00	2037.00	2037.00	2038.00	2038.00	2039.00	2039.00	2039.00	2040.00	2040.00	2041.00	2041.00	2041.00	2042.00	2042.00	2042.00	2042.00	2043.00	2043.00	2043.00	2043.00	2043.00	2044.00	2044.00	2044.00	2044.00	2044.00	2044.00	2045.00	2045.00	2045.00	2045.00	2045.00	2045.00	2045.00	2046.00	2046.00	2046.00	2046.00	2046.00	2046.00	2046.00	2047.00	2047.00	2047.00	2047.00	2048.00	2048.00	2048.00	2048.00	2048.00	2048.00	2048.00	2048.00	2049.00	2049.00	2049.00	2049.00	2049.00	2049.00	2049.00	2049.00	2049.00	2049.00	2049.00	2050.00	2050.00	2050.00	2050.00	2050.00	2050.00	2050.00	2050.00	2050.00	2050.00	2050.00	2050.00	2050.00	2050.00	2050.00	2050.00	2049.00	2049.00	2049.00	2049.00	2049.00	2049.00	2049.00	2049.00	2048.00	2048.00	2048.00	2048.00	2048.00	2048.00	2048.00	2048.00	2048.00	2048.00	2048.00	2048.00	2048.00	2048.00	2048.00	2048.00	2048.00	2048.00	2048.00	2048.00	2048.00	2048.00	2048.00	2048.00	2048.00	2048.00	2048.00	2048.00	2048.00	2048.00	2048.00	2049.00	2049.00	2049.00	2049.00	2049.00	2049.00	2049.00	2050.00	2050.00	2050.00	2050.00	2050.00	2050.00	2051.00	2051.00	2051.00	2051.00	2051.00	2052.00	2052.00	2052.00	2052.00	2053.00	2053.00	2053.00	2053.00	2053.00	2053.00	2053.00	2053.00	2054.00	2054.00	2054.00	2054.00	2054.00	2054.00	2054.00	2054.00	2054.00	2054.00	2054.00	2054.00	2054.00	2054.00	2054.00	2053.00	2053.00	2053.00	2053.00	2053.00	2053.00	2052.00	2052.00	2052.00	2052.00	2052.00	2052.00	2052.00	2052.00	2052.00	2052.00	2052.00	2052.00	2052.00	2053.00	2053.00	2053.00	2053.00	2053.00	2053.00	2053.00	2054.00	2054.00	2055.00	2055.00	2055.00	2055.00	2056.00	2056.00	2056.00	2057.00	2058.00	2058.00	2058.00	2059.00	2059.00	2060.00	2061.00	2061.00	2061.00	2062.00	2062.00	2063.00	2064.00	2064.00	2064.00	2065.00	2065.00	2066.00	2066.00	2066.00	2067.00	2067.00	2067.00	2067.00	2068.00	2068.00
2025.00	2025.00	2026.00	2026.00	2026.00	2026.00	2027.00	2027.00	2027.00	2028.00	2028.00	2029.00	2029.00	2030.00	2030.00	2030.00	2031.00	2031.00	2032.00	2033.00	2033.00	2033.00	2034.00	2034.00	2035.00	2035.00	2035.00	2036.00	2036.00	2036.00	2037.00	2037.00	2038.00	2038.00	2039.00	2039.00	2039.00	2040.00	2040.00	2041.00	2041.00	2041.00	2042.00	2042.00	2042.00	2042.00	2043.00	2043.00	2043.00	2043.00	2043.00	2044.00	2044.00	2044.00	2044.00	2044.00	2044.00	2045.00	2045.00	2045.00	2045.00	2045.00	2045.00	2045.00	2046.00	2046.00	2046.00	2046.00	2046.00	2046.00	2046.00	2047.00	2047.00	2047.00	2047.00	2048.00	2048.00	2048.00	2048.00	2048.00	2048.00	2048.00	2048.00	2049.00	2049.00	2049.00	2049.00	2049.00	2049.00	2049.00	2049.00	2049.00	2049.00	2049.00	2050.00	2050.00	2050.00	2050.00	2050.00	2050.00	2050.00	2050.00	2050.00	2050.00	2050.00	2050.00	2050.00	2050.00	2050.00	2050.00	2049.00	2049.00	2049.00	2049.00	2049.00	2049.00	2049.00	2049.00	2048.00	2048.00	2048.00	2048.00	2048.00	2048.00	2048.00	2048.00	2048.00	2048.00	2048.00	2048.00	2048.00	2048.00	2048.00	2048.00	2048.00	2048.00	2048.00	2048.00	2048.00	2048.00	2048.00	2048.00	2048.00	2048.00	2048.00	2048.00	2048.00	2048.00	2048.00	2049.00	2049.00	2049.00	2049.00	2049.00	2049.00	2049.00	2050.00	2050.00	2050.00	2050.00	2050.00	2050.00	2051.00	2051.00	2051.00	2051.00	2051.00	2052.00	2052.00	2052.00	2052.00	2053.00	2053.00	2053.00	2053.00	2053.00	2053.00	2053.00	2053.00	2054.00	2054.00	2054.00	2054.00	2054.00	2054.00	2054.00	2054.00	2054.00	2054.00	2054.00	2054.00	2054.00	2054.00	2054.00	2053.00	2053.00	2053.00	2053.00	2053.00	2053.00	2052.00	2052.00	2052.00	2052.00	2052.00	2052.00	2052.00	2052.00	2052.00	2052.00	2052.00	2052.00	2052.00	2053.00	2053.00	2053.00	2053.00	2053.00	2053.00	2053.00	2054.00	2054.00	2055.00	2055.00	2055.00	2055.00	2056.00	2056.00	2056.00	2057.00	2058.00	2058.00	2058.00	2059.00	2059.00	2060.00	2061.00	2061.00	2061.00	2062.00	2062.00	2063.00	2064.00	2064.00	2064.00	2065.00	2065.00	2066.00	2066.00	2066.00	2067.00	2067.00	2067.00	2067.00	2068.00	2068.00
2025.00	2025.00	2026.00	2026.00	2026.00	2026.00	2027.00	2027.00	2027.00	2028.00	2028.00	2029.00	2029.00	2030.00	2030.00	2030.00	2031.00	2031.00	2032.00	2033.00	2033.00	2033.00	2034.00	2034.00	2035.00	2035.00	2035.00	2036.00	2036.00	2036.00	2037.00	2037.00	2038.00	2038.00	2039.00	2039.00	2039.00	2040.00	2040.00	2041.00	2041.00	2041.00	2042.00	2042.00	2042.00	2042.00	2043.00	2043.00	2043.00	2043.00	2043.00	2044.00	2044.00	2044.00	2044.00	2044.00	2044.00	2045.00	2045.00	2045.00	2045.00	2045.00	2045.00	2045.00	2046.00	2046.00	2046.00	2046.00	2046.00	2046.00	2046.00	2047.00	2047.00	2047.00	2047.00	2048.00	2048.00	2048.00	2048.00	2048.00	2048.00	2048.00	2048.00	2049.00	2049.00	2049.00	2049.00	2049.00	2049.00	2049.00	2049.00	2049.00	2049.00	2049.00	2050.00	2050.00	2050.00	2050.00	2050.00	2050.00	2050.00	2050.00	2050.00	2050.00	2050.00	2050.00	2050.00	2050.00	2050.00	2050.00	2049.00	2049.00	2049.00	2049.00	2049.00	2049.00	2049.00	2049.00	2048.00	2048.00	2048.00	2048.00	2048.00	2048.00	2048.00	2048.00	2048.00	2048.00	2048.00	2048.00	2048.00	2048.00	2048.00	2048.00	2048.00	2048.00	2048.00	2048.00	2048.00	2048.00	2048.00	2048.00	2048.00	2048.00	2048.00	2048.00	2048.00	2048.00	2048.00	2049.00	2049.00	2049.00	2049.00	2049.00	2049.00	2049.00	2050.00	2050.00	2050.00	2050.00	2050.00	2050.00	2051.00	2051.00	2051.00	2051.00	2051.00	2052.00	2052.00	2052.00	2052.00	2053.00	2053.00	2053.00	2053.00	2053.00	2053.00	2053.00	2053.00	2054.00	2054.00	2054.00	2054.00	2054.00	2054.00	2054.00	2054.00	2054.00	2054.00	2054.00	2054.00	2054.00	2054.00	2054.00	2053.00	2053.00	2053.00	2053.00	2053.00	2053.00	2052.00	2052.00	2052.00	2052.00	2052.00	2052.00	2052.00	2052.00	2052.00	2052.00	2052.00	2052.00	2052.00	2053.00	2053.00	2053.00	2053.00	2053.00	2053.00	2053.00	2054.00	2054.00	2055.00	2055.00	2055.00	2055.00	2056.00	2056.00	2056.00	2057.00	2058.00	2058.00	2058.00	2059.00	2059.00	2060.00	2061.00	2061.00	2061.00	2062.00	2062.00	2063.00	2064.00	2064.00	2064.00	2065.00	2065.00	2066.00	2066.00	2066.00	2067.00	2067.00	2067.00	2067.00	2068.00	2068.00
2025.00	2025.00	2026.00	2026.00	2026.00	2026.00	2027.00	2027.00	2027.00	2028.00	2028.00	2029.00	2029.00	2030.00	2030.00	2030.00	2031.00	2031.00	2032.00	2033.00	2033.00	2033.00	2034.00	2034.00	2035.00	2035.00	2035.00	2036.00	2036.00	2036.00	2037.00	2037.00	2038.00	2038.00	2039.00	2039.00	2039.00	2040.00	2040.00	2041.00	2041.00	2041.00	2042.00	2042.00	2042.00	2042.00	2043.00	2043.00	2043.00	2043.00	2043.00	2044.00	2044.00	2044.00	2044.00	2044.00	2044.00	2045.00	2045.00	2045.00	2045.00	2045.00	2045.00	2045.00	2046.00	2046.00	2046.00	2046.00	2046.00	2046.00	2046.00	2047.00	2047.00	2047.00	2047.00	2048.00	2048.00	2048.00	2048.00	2048.00	2048.00	2048.00	2048.00	2049.00	2049.00	2049.00	2049.00	2049.00	2049.00	2049.00	2049.00	2049.00	2049.00	2049.00	2050.00	2050.00	2050.00	2050.00	2050.00	2050.00	2050.00	2050.00	2050.00	2050.00	2050.00	2050.00	2050.00	2050.00	2050.00	2050.00	2049.00	2049.00	2049.00	2049.00	2049.00	2049.00	2049.00	2049.00	2048.00	2048.00	2048.00	2048.00	2048.00	2048.00	2048.00	2048.00	2048.00	2048.00	2048.00	2048.00	2048.00	2048.00	2048.00	2048.00	2048.00	2048.00	2048.00	2048.00	2048.00	2048.00	2048.00	2048.00	2048.00	2048.00	2048.00	2048.00	2048.00	2048.00	2048.00	2049.00	2049.00	2049.00	2049.00	2049.00	2049.00	2049.00	2050.00	2050.00	2050.00	2050.00	2050.00	2050.00	2051.00	2051.00	2051.00	2051.00	2051.00	2052.00	2052.00	2052.00	2052.00	2053.00	2053.00	2053.00	2053.00	2053.00	2053.00	2053.00	2053.00	2054.00	2054.00	2054.00	2054.00	2054.00	2054.00	2054.00	2054.00	2054.00	2054.00	2054.00	2054.00	2054.00	2054.00	2054.00	2053.00	2053.00	2053.00	2053.00	2053.00	2053.00	2052.00	2052.00	2052.00	2052.00	2052.00	2052.00	2052.00	2052.00	2052.00	2052.00	2052.00	2052.00	2052.00	2053.00	2053.00	2053.00	2053.00	2053.00	2053.00	2053.00	2054.00	2054.00	2055.00	2055.00	2055.00	2055.00	2056.00	2056.00	2056.00	2057.00	2058.00	2058.00	2058.00	2059.00	2059.00	2060.00	2061.00	2061.00	2061.00	2062.00	2062.00	2063.00	2064.00	2064.00	2064.00	2065.00	2065.00	2066.00	2066.00	2066.00	2067.00	2067.00	2067.00	2067.00	2068.00	2068.00
2025.00	2025.00	2026.00	2026.00	2026.00	2026.00	2027.00	2027.00	2027.00	2028.00	2028.00	2029.00	2029.00	2030.00	2030.00	2030.00	2031.00	2031.00	2032.00	2033.00	2033.00	2033.00	2034.00	2034.00	2035.00	2035.00	2035.00	2036.00	2036.00	2036.00	2037.00	2037.00	2038.00	2038.00	2039.00	2039.00	2039.00	2040.00	2040.00	2041.00	2041.00	2041.00	2042.00	2042.00	2042.00	2042.00	2043.00	2043.00	2043.00	2043.00	2043.00	2044.00	2044.00	2044.00	2044.00	2044.00	2044.00	2045.00	2045.00	2045.00	2045.00	2045.00	2045.00	2045.00	2046.00	2046.00	2046.00	2046.00	2046.00	2046.00	2046.00	2047.00	2047.00	2047.00	2047.00	2048.00	2048.00	2048.00	2048.00	2048.00	2048.00	2048.00	2048.00	2049.00	2049.00	2049.00	2049.00	2049.00	2049.00	2049.00	2049.00	2049.00	2049.00	2049.00	2050.00	2050.00	2050.00	2050.00	2050.00	2050.00	2050.00	2050.00	2050.00	2050.00	2050.00	2050.00	2050.00	2050.00	2050.00	2050.00	2049.00	2049.00	2049.00	2049.00	2049.00	2049.00	2049.00	2049.00	2048.00	2048.00	2048.00	2048.00	2048.00	2048.00	2048.00	2048.00	2048.00	2048.00	2048.00	2048.00	2048.00	2048.00	2048.00	2048.00	2048.00	2048.00	2048.00	2048.00	2048.00	2048.00	2048.00	2048.00	2048.00	2048.00	2048.00	2048.00	2048.00	2048.00	2048.00	2049.00	2049.00	2049.00	2049.00	2049.00	2049.00	2049.00	2050.00	2050.00	2050.00	2050.00	2050.00	2050.00	2051.00	2051.00	2051.00	2051.00	2051.00	2052.00	2052.00	2052.00	2052.00	2053.00	2053.00	2053.00	2053.00	2053.00	2053.00	2053.00	2053.00	2054.00	2054.00	2054.00	2054.00	2054.00	2054.00	2054.00	2054.00	2054.00	2054.00	2054.00	2054.00	2054.00	2054.00	2054.00	2053.00	2053.00	2053.00	2053.00	2053.00	2053.00	2052.00	2052.00	2052.00	2052.00	2052.00	2052.00	2052.00	2052.00	2052.00	2052.00	2052.00	2052.00	2052.00	2053.00	2053.00	2053.00	2053.00	2053.00	2053.00	2053.00	2054.00	2054.00	2055.00	2055.00	2055.00	2055.00	2056.00	2056.00	2056.00	2057.00	2058.00	2058.00	2058.00	2059.00	2059.00	2060.00	2061.00	2061.00	2061.00	2062.00	2062.00	2063.00	2064.00	2064.00	2064.00	2065.00	2065.00	2066.00	2066.00	2066.00	2067.00	2067.00	2067.00	2067.00	2068.00	2068.00
2025.00	2025.00	2026.00	2026.00	2026.00	2026.00	2027.00	2027.00	2027.00	2028.00	2028.00	2029.00	2029.00	2030.00	2030.00	2030.00	2031.00	2031.00	2032.00	2033.00	2033.00	2033.00	2034.00	2034.00	2035.00	2035.00	2035.00	2036.00	2036.00	2036.00	2037.00	2037.00	2038.00	2038.00	2039.00	2039.00	2039.00	2040.00	2040.00	2041.00	2041.00	2041.00	2042.00	2042.00	2042.00	2042.00	2043.00	2043.00	2043.00	2043.00	2043.00	2044.00	2044.00	2044.00	2044.00	2044.00	2044.00	2045.00	2045.00	2045.00	2045.00	2045.00	2045.00	2045.00	2046.00	2046.00	2046.00	2046.00	2046.00	2046.00	2046.00	2047.00	2047.00	2047.00	2047.00	2048.00	2048.00	2048.00	2048.00	2048.00	2048.00	2048.00	2048.00	2049.00	2049.00	2049.00	2049.00	2049.00	2049.00	2049.00	2049.00	2049.00	2049.00	2049.00	2050.00	2050.00	2050.00	2050.00	2050.00	2050.00	2050.00	2050.00	2050.00	2050.00	2050.00	2050.00	2050.00	2050.00	2050.00	2050.00	2049.00	2049.00	2049.00	2049.00	2049.00	2049.00	2049.00	2049.00	2048.00	2048.00	2048.00	2048.00	2048.00	2048.00	2048.00	2048.00	2048.00	2048.00	2048.00	2048.00	2048.00	2048.00	2048.00	2048.00	2048.00	2048.00	2048.00	2048.00	2048.00	2048.00	2048.00	2048.00	2048.00	2048.00	2048.00	2048.00	2048.00	2048.00	2048.00	2049.00	2049.00	2049.00	2049.00	2049.00	2049.00	2049.00	2050.00	2050.00	2050.00	2050.00	2050.00	2050.00	2051.00	2051.00	2051.00	2051.00	2051.00	2052.00	2052.00	2052.00	2052.00	2053.00	2053.00	2053.00	2053.00	2053.00	2053.00	2053.00	2053.00	2054.00	2054.00	2054.00	2054.00	2054.00	2054.00	2054.00	2054.00	2054.00	2054.00	2054.00	2054.00	2054.00	2054.00	2054.00	2053.00	2053.00	2053.00	2053.00	2053.00	2053.00	2052.00	2052.00	2052.00	2052.00	2052.00	2052.00	2052.00	2052.00	2052.00	2052.00	2052.00	2052.00	2052.00	2053.00	2053.00	2053.00	2053.00	2053.00	2053.00	2053.00	2054.00	2054.00	2055.00	2055.00	2055.00	2055.00	2056.00	2056.00	2056.00	2057.00	2058.00	2058.00	2058.00	2059.00	2059.00	2060.00	2061.00	2061.00	2061.00	2062.00	2062.00	2063.00	2064.00	2064.00	2064.00	2065.00	2065.00	2066.00	2066.00	2066.00	2067.00	2067.00	2067.00	2067.00	2068.00	2068.00
2025.00	2025.00	2026.00	2026.00	2026.00	2026.00	2027.00	2027.00	2027.00	2028.00	2028.00	2029.00	2029.00	2030.00	2030.00	2030.00	2031.00	2031.00	2032.00	2033.00	2033.00	2033.00	2034.00	2034.00	2035.00	2035.00	2035.00	2036.00	2036.00	2036.00	2037.00	2037.00	2038.00	2038.00	2039.00	2039.00	2039.00	2040.00	2040.00	2041.00	2041.00	2041.00	2042.00	2042.00	2042.00	2042.00	2043.00	2043.00	2043.00	2043.00	2043.00	2044.00	2044.00	2044.00	2044.00	2044.00	2044.00	2045.00	2045.00	2045.00	2045.00	2045.00	2045.00	2045.00	2046.00	2046.00	2046.00	2046.00	2046.00	2046.00	2046.00	2047.00	2047.00	2047.00	2047.00	2048.00	2048.00	2048.00	2048.00	2048.00	2048.00	2048.00	2048.00	2049.00	2049.00	2049.00	2049.00	2049.00	2049.00	2049.00	2049.00	2049.00	2049.00	2049.00	2050.00	2050.00	2050.00	2050.00	2050.00	2050.00	2050.00	2050.00	2050.00	2050.00	2050.00	2050.00	2050.00	2050.00	2050.00	2050.00	2049.00	2049.00	2049.00	2049.00	2049.00	2049.00	2049.00	2049.00	2048.00	2048.00	2048.00	2048.00	2048.00	2048.00	2048.00	2048.00	2048.00	2048.00	2048.00	2048.00	2048.00	2048.00	2048.00	2048.00	2048.00	2048.00	2048.00	2048.00	2048.00	2048.00	2048.00	2048.00	2048.00	2048.00	2048.00	2048.00	2048.00	2048.00	2048.00	2049.00	2049.00	2049.00	2049.00	2049.00	2049.00	2049.00	2050.00	2050.00	2050.00	2050.00	2050.00	2050.00	2051.00	2051.00	2051.00	2051.00	2051.00	2052.00	2052.00	2052.00	2052.00	2053.00	2053.00	2053.00	2053.00	2053.00	2053.00	2053.00	2053.00	2054.00	2054.00	2054.00	2054.00	2054.00	2054.00	2054.00	2054.00	2054.00	2054.00	2054.00	2054.00	2054.00	2054.00	2054.00	2053.00	2053.00	2053.00	2053.00	2053.00	2053.00	2052.00	2052.00	2052.00	2052.00	2052.00	2052.00	2052.00	2052.00	2052.00	2052.00	2052.00	2052.00	2052.00	2053.00	2053.00	2053.00	2053.00	2053.00	2053.00	2053.00	2054.00	2054.00	2055.00	2055.00	2055.00	2055.00	2056.00	2056.00	2056.00	2057.00	2058.00	2058.00	2058.00	2059.00	2059.00	2060.00	2061.00	2061.00	2061.00	2062.00	2062.00	2063.00	2064.00	2064.00	2064.00	2065.00	2065.00	2066.00	2066.00	2066.00	2067.00	2067.00	2067.00	2067.00	2068.00	2068.00
2029.00	2029.00	2030.00	2030.00	2030.00	2030.00	2030.00	2031.00	2031.00	2031.00	2032.00	2032.00	2032.00	2033.00	2033.00	2034.00	2034.00	2034.00	2035.00	2036.00	2036.00	2037.00	2037.00	2037.00	2038.00	2038.00	2038.00	2039.00	2039.00	2039.00	2040.00	2040.00	2041.00	2041.00	2042.00	2042.00	2042.00	2042.00	2042.00	2043.00	2043.00	2043.00	2043.00	2044.00	2044.00	2044.00	2044.00	2044.00	2044.00	2044.00	2045.00	2045.00	2045.00	2045.00	2045.00	2046.00	2046.00	2046.00	2046.00	2046.00	2047.00	2047.00	2047.00	2047.00	2047.00	2047.00	2047.00	2047.00	2047.00	2047.00	2047.00	2048.00	2048.00	2048.00	2048.00	2049.00	2049.00	2049.00	2049.00	2049.00	2049.00	2049.00	2050.00	2050.00	2050.00	2050.00	2050.00	2050.00	2050.00	2050.00	2050.00	2050.00	2050.00	2050.00	2051.00	2051.00	2051.00	2051.00	2051.00	2051.00	2051.00	2051.00	2051.00	2051.00	2051.00	2051.00	2051.00	2051.00	2051.00	2050.00	2050.00	2050.00	2050.00	2050.00	2050.00	2050.00	2050.00	2050.00	2049.00	2049.00	2049.00	2049.00	2049.00	2049.00	2049.00	2049.00	2049.00	2049.00	2049.00	2049.00	2049.00	2048.00	2048.00	2048.00	2048.00	2048.00	2048.00	2048.00	2048.00	2048.00	2048.00	2048.00	2048.00	2048.00	2048.00	2048.00	2048.00	2049.00	2049.00	2049.00	2049.00	2050.00	2050.00	2050.00	2050.00	2050.00	2050.00	2050.00	2051.00	2051.00	2051.00	2051.00	2052.00	2052.00	2052.00	2052.00	2052.00	2053.00	2053.00	2053.00	2053.00	2054.00	2054.00	2054.00	2054.00	2054.00	2054.00	2054.00	2054.00	2055.00	2055.00	2055.00	2055.00	2055.00	2055.00	2055.00	2055.00	2055.00	2055.00	2055.00	2056.00	2056.00	2056.00	2056.00	2056.00	2056.00	2056.00	2056.00	2056.00	2056.00	2056.00	2056.00	2056.00	2056.00	2056.00	2056.00	2057.00	2057.00	2057.00	2057.00	2057.00	2058.00	2058.00	2058.00	2058.00	2059.00	2059.00	2059.00	2059.00	2059.00	2060.00	2060.00	2061.00	2061.00	2062.00	2062.00	2063.00	2063.00	2063.00	2064.00	2065.00	2066.00	2066.00	2066.00	2066.00	2067.00	2067.00	2067.00	2068.00	2069.00	2069.00	2069.00	2070.00	2070.00	2070.00	2071.00	2071.00	2071.00	2072.00	2072.00	2072.00	2072.00	2072.00	2073.00	2073.00	2073.00
2029.00	2029.00	2030.00	2030.00	2030.00	2030.00	2030.00	2031.00	2031.00	2031.00	2032.00	2032.00	2032.00	2033.00	2033.00	2034.00	2034.00	2034.00	2035.00	2036.00	2036.00	2037.00	2037.00	2037.00	2038.00	2038.00	2038.00	2039.00	2039.00	2039.00	2040.00	2040.00	2041.00	2041.00	2042.00	2042.00	2042.00	2042.00	2042.00	2043.00	2043.00	2043.00	2043.00	2044.00	2044.00	2044.00	2044.00	2044.00	2044.00	2044.00	2045.00	2045.00	2045.00	2045.00	2045.00	2046.00	2046.00	2046.00	2046.00	2046.00	2047.00	2047.00	2047.00	2047.00	2047.00	2047.00	2047.00	2047.00	2047.00	2047.00	2047.00	2048.00	2048.00	2048.00	2048.00	2049.00	2049.00	2049.00	2049.00	2049.00	2049.00	2049.00	2050.00	2050.00	2050.00	2050.00	2050.00	2050.00	2050.00	2050.00	2050.00	2050.00	2050.00	2050.00	2051.00	2051.00	2051.00	2051.00	2051.00	2051.00	2051.00	2051.00	2051.00	2051.00	2051.00	2051.00	2051.00	2051.00	2051.00	2050.00	2050.00	2050.00	2050.00	2050.00	2050.00	2050.00	2050.00	2050.00	2049.00	2049.00	2049.00	2049.00	2049.00	2049.00	2049.00	2049.00	2049.00	2049.00	2049.00	2049.00	2049.00	2048.00	2048.00	2048.00	2048.00	2048.00	2048.00	2048.00	2048.00	2048.00	2048.00	2048.00	2048.00	2048.00	2048.00	2048.00	2048.00	2049.00	2049.00	2049.00	2049.00	2050.00	2050.00	2050.00	2050.00	2050.00	2050.00	2050.00	2051.00	2051.00	2051.00	2051.00	2052.00	2052.00	2052.00	2052.00	2052.00	2053.00	2053.00	2053.00	2053.00	2054.00	2054.00	2054.00	2054.00	2054.00	2054.00	2054.00	2054.00	2055.00	2055.00	2055.00	2055.00	2055.00	2055.00	2055.00	2055.00	2055.00	2055.00	2055.00	2056.00	2056.00	2056.00	2056.00	2056.00	2056.00	2056.00	2056.00	2056.00	2056.00	2056.00	2056.00	2056.00	2056.00	2056.00	2056.00	2057.00	2057.00	2057.00	2057.00	2057.00	2058.00	2058.00	2058.00	2058.00	2059.00	2059.00	2059.00	2059.00	2059.00	2060.00	2060.00	2061.00	2061.00	2062.00	2062.00	2063.00	2063.00	2063.00	2064.00	2065.00	2066.00	2066.00	2066.00	2066.00	2067.00	2067.00	2067.00	2068.00	2069.00	2069.00	2069.00	2070.00	2070.00	2070.00	2071.00	2071.00	2071.00	2072.00	2072.00	2072.00	2072.00	2072.00	2073.00	2073.00	2073.00
2029.00	2029.00	2030.00	2030.00	2030.00	2030.00	2030.00	2031.00	2031.00	2031.00	2032.00	2032.00	2032.00	2033.00	2033.00	2034.00	2034.00	2034.00	2035.00	2036.00	2036.00	2037.00	2037.00	2037.00	2038.00	2038.00	2038.00	2039.00	2039.00	2039.00	2040.00	2040.00	2041.00	2041.00	2042.00	2042.00	2042.00	2042.00	2042.00	2043.00	2043.00	2043.00	2043.00	2044.00	2044.00	2044.00	2044.00	2044.00	2044.00	2044.00	2045.00	2045.00	2045.00	2045.00	2045.00	2046.00	2046.00	2046.00	2046.00	2046.00	2047.00	2047.00	2047.00	2047.00	2047.00	2047.00	2047.00	2047.00	2047.00	2047.00	2047.00	2048.00	2048.00	2048.00	2048.00	2049.00	2049.00	2049.00	2049.00	2049.00	2049.00	2049.00	2050.00	2050.00	2050.00	2050.00	2050.00	2050.00	2050.00	2050.00	2050.00	2050.00	2050.00	2050.00	2051.00	2051.00	2051.00	2051.00	2051.00	2051.00	2051.00	2051.00	2051.00	2051.00	2051.00	2051.00	2051.00	2051.00	2051.00	2050.00	2050.00	2050.00	2050.00	2050.00	2050.00	2050.00	2050.00	2050.00	2049.00	2049.00	2049.00	2049.00	2049.00	2049.00	2049.00	2049.00	2049.00	2049.00	2049.00	2049.00	2049.00	2048.00	2048.00	2048.00	2048.00	2048.00	2048.00	2048.00	2048.00	2048.00	2048.00	2048.00	2048.00	2048.00	2048.00	2048.00	2048.00	2049.00	2049.00	2049.00	2049.00	2050.00	2050.00	2050.00	2050.00	2050.00	2050.00	2050.00	2051.00	2051.00	2051.00	2051.00	2052.00	2052.00	2052.00	2052.00	2052.00	2053.00	2053.00	2053.00	2053.00	2054.00	2054.00	2054.00	2054.00	2054.00	2054.00	2054.00	2054.00	2055.00	2055.00	2055.00	2055.00	2055.00	2055.00	2055.00	2055.00	2055.00	2055.00	2055.00	2056.00	2056.00	2056.00	2056.00	2056.00	2056.00	2056.00	2056.00	2056.00	2056.00	2056.00	2056.00	2056.00	2056.00	2056.00	2056.00	2057.00	2057.00	2057.00	2057.00	2057.00	2058.00	2058.00	2058.00	2058.00	2059.00	2059.00	2059.00	2059.00	2059.00	2060.00	2060.00	2061.00	2061.00	2062.00	2062.00	2063.00	2063.00	2063.00	2064.00	2065.00	2066.00	2066.00	2066.00	2066.00	2067.00	2067.00	2067.00	2068.00	2069.00	2069.00	2069.00	2070.00	2070.00	2070.00	2071.00	2071.00	2071.00	2072.00	2072.00	2072.00	2072.00	2072.00	2073.00	2073.00	2073.00
2029.00	2029.00	2030.00	2030.00	2030.00	2030.00	2030.00	2031.00	2031.00	2031.00	2032.00	2032.00	2032.00	2033.00	2033.00	2034.00	2034.00	2034.00	2035.00	2036.00	2036.00	2037.00	2037.00	2037.00	2038.00	2038.00	2038.00	2039.00	2039.00	2039.00	2040.00	2040.00	2041.00	2041.00	2042.00	2042.00	2042.00	2042.00	2042.00	2043.00	2043.00	2043.00	2043.00	2044.00	2044.00	2044.00	2044.00	2044.00	2044.00	2044.00	2045.00	2045.00	2045.00	2045.00	2045.00	2046.00	2046.00	2046.00	2046.00	2046.00	2047.00	2047.00	2047.00	2047.00	2047.00	2047.00	2047.00	2047.00	2047.00	2047.00	2047.00	2048.00	2048.00	2048.00	2048.00	2049.00	2049.00	2049.00	2049.00	2049.00	2049.00	2049.00	2050.00	2050.00	2050.00	2050.00	2050.00	2050.00	2050.00	2050.00	2050.00	2050.00	2050.00	2050.00	2051.00	2051.00	2051.00	2051.00	2051.00	2051.00	2051.00	2051.00	2051.00	2051.00	2051.00	2051.00	2051.00	2051.00	2051.00	2050.00	2050.00	2050.00	2050.00	2050.00	2050.00	2050.00	2050.00	2050.00	2049.00	2049.00	2049.00	2049.00	2049.00	2049.00	2049.00	2049.00	2049.00	2049.00	2049.00	2049.00	2049.00	2048.00	2048.00	2048.00	2048.00	2048.00	2048.00	2048.00	2048.00	2048.00	2048.00	2048.00	2048.00	2048.00	2048.00	2048.00	2048.00	2049.00	2049.00	2049.00	2049.00	2050.00	2050.00	2050.00	2050.00	2050.00	2050.00	2050.00	2051.00	2051.00	2051.00	2051.00	2052.00	2052.00	2052.00	2052.00	2052.00	2053.00	2053.00	2053.00	2053.00	2054.00	2054.00	2054.00	2054.00	2054.00	2054.00	2054.00	2054.00	2055.00	2055.00	2055.00	2055.00	2055.00	2055.00	2055.00	2055.00	2055.00	2055.00	2055.00	2056.00	2056.00	2056.00	2056.00	2056.00	2056.00	2056.00	2056.00	2056.00	2056.00	2056.00	2056.00	2056.00	2056.00	2056.00	2056.00	2057.00	2057.00	2057.00	2057.00	2057.00	2058.00	2058.00	2058.00	2058.00	2059.00	2059.00	2059.00	2059.00	2059.00	2060.00	2060.00	2061.00	2061.00	2062.00	2062.00	2063.00	2063.00	2063.00	2064.00	2065.00	2066.00	2066.00	2066.00	2066.00	2067.00	2067.00	2067.00	2068.00	2069.00	2069.00	2069.00	2070.00	2070.00	2070.00	2071.00	2071.00	2071.00	2072.00	2072.00	2072.00	2072.00	2072.00	2073.00	2073.00	2073.00
2029.00	2029.00	2030.00	2030.00	2030.00	2030.00	2030.00	2031.00	2031.00	2031.00	2032.00	2032.00	2032.00	2033.00	2033.00	2034.00	2034.00	2034.00	2035.00	2036.00	2036.00	2037.00	2037.00	2037.00	2038.00	2038.00	2038.00	2039.00	2039.00	2039.00	2040.00	2040.00	2041.00	2041.00	2042.00	2042.00	2042.00	2042.00	2042.00	2043.00	2043.00	2043.00	2043.00	2044.00	2044.00	2044.00	2044.00	2044.00	2044.00	2044.00	2045.00	2045.00	2045.00	2045.00	2045.00	2046.00	2046.00	2046.00	2046.00	2046.00	2047.00	2047.00	2047.00	2047.00	2047.00	2047.00	2047.00	2047.00	2047.00	2047.00	2047.00	2048.00	2048.00	2048.00	2048.00	2049.00	2049.00	2049.00	2049.00	2049.00	2049.00	2049.00	2050.00	2050.00	2050.00	2050.00	2050.00	2050.00	2050.00	2050.00	2050.00	2050.00	2050.00	2050.00	2051.00	2051.00	2051.00	2051.00	2051.00	2051.00	2051.00	2051.00	2051.00	2051.00	2051.00	2051.00	2051.00	2051.00	2051.00	2050.00	2050.00	2050.00	2050.00	2050.00	2050.00	2050.00	2050.00	2050.00	2049.00	2049.00	2049.00	2049.00	2049.00	2049.00	2049.00	2049.00	2049.00	2049.00	2049.00	2049.00	2049.00	2048.00	2048.00	2048.00	2048.00	2048.00	2048.00	2048.00	2048.00	2048.00	2048.00	2048.00	2048.00	2048.00	2048.00	2048.00	2048.00	2049.00	2049.00	2049.00	2049.00	2050.00	2050.00	2050.00	2050.00	2050.00	2050.00	2050.00	2051.00	2051.00	2051.00	2051.00	2052.00	2052.00	2052.00	2052.00	2052.00	2053.00	2053.00	2053.00	2053.00	2054.00	2054.00	2054.00	2054.00	2054.00	2054.00	2054.00	2054.00	2055.00	2055.00	2055.00	2055.00	2055.00	2055.00	2055.00	2055.00	2055.00	2055.00	2055.00	2056.00	2056.00	2056.00	2056.00	2056.00	2056.00	2056.00	2056.00	2056.00	2056.00	2056.00	2056.00	2056.00	2056.00	2056.00	2056.00	2057.00	2057.00	2057.00	2057.00	2057.00	2058.00	2058.00	2058.00	2058.00	2059.00	2059.00	2059.00	2059.00	2059.00	2060.00	2060.00	2061.00	2061.00	2062.00	2062.00	2063.00	2063.00	2063.00	2064.00	2065.00	2066.00	2066.00	2066.00	2066.00	2067.00	2067.00	2067.00	2068.00	2069.00	2069.00	2069.00	2070.00	2070.00	2070.00	2071.00	2071.00	2071.00	2072.00	2072.00	2072.00	2072.00	2072.00	2073.00	2073.00	2073.00
2029.00	2029.00	2030.00	2030.00	2030.00	2030.00	2030.00	2031.00	2031.00	2031.00	2032.00	2032.00	2032.00	2033.00	2033.00	2034.00	2034.00	2034.00	2035.00	2036.00	2036.00	2037.00	2037.00	2037.00	2038.00	2038.00	2038.00	2039.00	2039.00	2039.00	2040.00	2040.00	2041.00	2041.00	2042.00	2042.00	2042.00	2042.00	2042.00	2043.00	2043.00	2043.00	2043.00	2044.00	2044.00	2044.00	2044.00	2044.00	2044.00	2044.00	2045.00	2045.00	2045.00	2045.00	2045.00	2046.00	2046.00	2046.00	2046.00	2046.00	2047.00	2047.00	2047.00	2047.00	2047.00	2047.00	2047.00	2047.00	2047.00	2047.00	2047.00	2048.00	2048.00	2048.00	2048.00	2049.00	2049.00	2049.00	2049.00	2049.00	2049.00	2049.00	2050.00	2050.00	2050.00	2050.00	2050.00	2050.00	2050.00	2050.00	2050.00	2050.00	2050.00	2050.00	2051.00	2051.00	2051.00	2051.00	2051.00	2051.00	2051.00	2051.00	2051.00	2051.00	2051.00	2051.00	2051.00	2051.00	2051.00	2050.00	2050.00	2050.00	2050.00	2050.00	2050.00	2050.00	2050.00	2050.00	2049.00	2049.00	2049.00	2049.00	2049.00	2049.00	2049.00	2049.00	2049.00	2049.00	2049.00	2049.00	2049.00	2048.00	2048.00	2048.00	2048.00	2048.00	2048.00	2048.00	2048.00	2048.00	2048.00	2048.00	2048.00	2048.00	2048.00	2048.00	2048.00	2049.00	2049.00	2049.00	2049.00	2050.00	2050.00	2050.00	2050.00	2050.00	2050.00	2050.00	2051.00	2051.00	2051.00	2051.00	2052.00	2052.00	2052.00	2052.00	2052.00	2053.00	2053.00	2053.00	2053.00	2054.00	2054.00	2054.00	2054.00	2054.00	2054.00	2054.00	2054.00	2055.00	2055.00	2055.00	2055.00	2055.00	2055.00	2055.00	2055.00	2055.00	2055.00	2055.00	2056.00	2056.00	2056.00	2056.00	2056.00	2056.00	2056.00	2056.00	2056.00	2056.00	2056.00	2056.00	2056.00	2056.00	2056.00	2056.00	2057.00	2057.00	2057.00	2057.00	2057.00	2058.00	2058.00	2058.00	2058.00	2059.00	2059.00	2059.00	2059.00	2059.00	2060.00	2060.00	2061.00	2061.00	2062.00	2062.00	2063.00	2063.00	2063.00	2064.00	2065.00	2066.00	2066.00	2066.00	2066.00	2067.00	2067.00	2067.00	2068.00	2069.00	2069.00	2069.00	2070.00	2070.00	2070.00	2071.00	2071.00	2071.00	2072.00	2072.00	2072.00	2072.00	2072.00	2073.00	2073.00	2073.00
2029.00	2029.00	2030.00	2030.00	2030.00	2030.00	2030.00	2031.00	2031.00	2031.00	2032.00	2032.00	2032.00	2033.00	2033.00	2034.00	2034.00	2034.00	2035.00	2036.00	2036.00	2037.00	2037.00	2037.00	2038.00	2038.00	2038.00	2039.00	2039.00	2039.00	2040.00	2040.00	2041.00	2041.00	2042.00	2042.00	2042.00	2042.00	2042.00	2043.00	2043.00	2043.00	2043.00	2044.00	2044.00	2044.00	2044.00	2044.00	2044.00	2044.00	2045.00	2045.00	2045.00	2045.00	2045.00	2046.00	2046.00	2046.00	2046.00	2046.00	2047.00	2047.00	2047.00	2047.00	2047.00	2047.00	2047.00	2047.00	2047.00	2047.00	2047.00	2048.00	2048.00	2048.00	2048.00	2049.00	2049.00	2049.00	2049.00	2049.00	2049.00	2049.00	2050.00	2050.00	2050.00	2050.00	2050.00	2050.00	2050.00	2050.00	2050.00	2050.00	2050.00	2050.00	2051.00	2051.00	2051.00	2051.00	2051.00	2051.00	2051.00	2051.00	2051.00	2051.00	2051.00	2051.00	2051.00	2051.00	2051.00	2050.00	2050.00	2050.00	2050.00	2050.00	2050.00	2050.00	2050.00	2050.00	2049.00	2049.00	2049.00	2049.00	2049.00	2049.00	2049.00	2049.00	2049.00	2049.00	2049.00	2049.00	2049.00	2048.00	2048.00	2048.00	2048.00	2048.00	2048.00	2048.00	2048.00	2048.00	2048.00	2048.00	2048.00	2048.00	2048.00	2048.00	2048.00	2049.00	2049.00	2049.00	2049.00	2050.00	2050.00	2050.00	2050.00	2050.00	2050.00	2050.00	2051.00	2051.00	2051.00	2051.00	2052.00	2052.00	2052.00	2052.00	2052.00	2053.00	2053.00	2053.00	2053.00	2054.00	2054.00	2054.00	2054.00	2054.00	2054.00	2054.00	2054.00	2055.00	2055.00	2055.00	2055.00	2055.00	2055.00	2055.00	2055.00	2055.00	2055.00	2055.00	2056.00	2056.00	2056.00	2056.00	2056.00	2056.00	2056.00	2056.00	2056.00	2056.00	2056.00	2056.00	2056.00	2056.00	2056.00	2056.00	2057.00	2057.00	2057.00	2057.00	2057.00	2058.00	2058.00	2058.00	2058.00	2059.00	2059.00	2059.00	2059.00	2059.00	2060.00	2060.00	2061.00	2061.00	2062.00	2062.00	2063.00	2063.00	2063.00	2064.00	2065.00	2066.00	2066.00	2066.00	2066.00	2067.00	2067.00	2067.00	2068.00	2069.00	2069.00	2069.00	2070.00	2070.00	2070.00	2071.00	2071.00	2071.00	2072.00	2072.00	2072.00	2072.00	2072.00	2073.00	2073.00	2073.00
2029.00	2029.00	2030.00	2030.00	2030.00	2030.00	2030.00	2031.00	2031.00	2031.00	2032.00	2032.00	2032.00	2033.00	2033.00	2034.00	2034.00	2034.00	2035.00	2036.00	2036.00	2037.00	2037.00	2037.00	2038.00	2038.00	2038.00	2039.00	2039.00	2039.00	2040.00	2040.00	2041.00	2041.00	2042.00	2042.00	2042.00	2042.00	2042.00	2043.00	2043.00	2043.00	2043.00	2044.00	2044.00	2044.00	2044.00	2044.00	2044.00	2044.00	2045.00	2045.00	2045.00	2045.00	2045.00	2046.00	2046.00	2046.00	2046.00	2046.00	2047.00	2047.00	2047.00	2047.00	2047.00	2047.00	2047.00	2047.00	2047.00	2047.00	2047.00	2048.00	2048.00	2048.00	2048.00	2049.00	2049.00	2049.00	2049.00	2049.00	2049.00	2049.00	2050.00	2050.00	2050.00	2050.00	2050.00	2050.00	2050.00	2050.00	2050.00	2050.00	2050.00	2050.00	2051.00	2051.00	2051.00	2051.00	2051.00	2051.00	2051.00	2051.00	2051.00	2051.00	2051.00	2051.00	2051.00	2051.00	2051.00	2050.00	2050.00	2050.00	2050.00	2050.00	2050.00	2050.00	2050.00	2050.00	2049.00	2049.00	2049.00	2049.00	2049.00	2049.00	2049.00	2049.00	2049.00	2049.00	2049.00	2049.00	2049.00	2048.00	2048.00	2048.00	2048.00	2048.00	2048.00	2048.00	2048.00	2048.00	2048.00	2048.00	2048.00	2048.00	2048.00	2048.00	2048.00	2049.00	2049.00	2049.00	2049.00	2050.00	2050.00	2050.00	2050.00	2050.00	2050.00	2050.00	2051.00	2051.00	2051.00	2051.00	2052.00	2052.00	2052.00	2052.00	2052.00	2053.00	2053.00	2053.00	2053.00	2054.00	2054.00	2054.00	2054.00	2054.00	2054.00	2054.00	2054.00	2055.00	2055.00	2055.00	2055.00	2055.00	2055.00	2055.00	2055.00	2055.00	2055.00	2055.00	2056.00	2056.00	2056.00	2056.00	2056.00	2056.00	2056.00	2056.00	2056.00	2056.00	2056.00	2056.00	2056.00	2056.00	2056.00	2056.00	2057.00	2057.00	2057.00	2057.00	2057.00	2058.00	2058.00	2058.00	2058.00	2059.00	2059.00	2059.00	2059.00	2059.00	2060.00	2060.00	2061.00	2061.00	2062.00	2062.00	2063.00	2063.00	2063.00	2064.00	2065.00	2066.00	2066.00	2066.00	2066.00	2067.00	2067.00	2067.00	2068.00	2069.00	2069.00	2069.00	2070.00	2070.00	2070.00	2071.00	2071.00	2071.00	2072.00	2072.00	2072.00	2072.00	2072.00	2073.00	2073.00	2073.00
2033.00	2033.00	2034.00	2034.00	2034.00	2034.00	2035.00	2035.00	2035.00	2036.00	2036.00	2037.00	2037.00	2037.00	2037.00	2038.00	2038.00	2038.00	2039.00	2039.00	2039.00	2040.00	2040.00	2040.00	2041.00	2041.00	2041.00	2042.00	2042.00	2042.00	2042.00	2042.00	2043.00	2043.00	2044.00	2044.00	2044.00	2044.00	2044.00	2045.00	2045.00	2045.00	2045.00	2045.00	2045.00	2045.00	2045.00	2045.00	2045.00	2045.00	2046.00	2046.00	2046.00	2046.00	2046.00	2047.00	2047.00	2047.00	2047.00	2047.00	2047.00	2047.00	2048.00	2048.00	2048.00	2048.00	2048.00	2048.00	2048.00	2049.00	2049.00	2049.00	2049.00	2049.00	2049.00	2050.00	2050.00	2050.00	2050.00	2050.00	2051.00	2051.00	2051.00	2051.00	2051.00	2052.00	2052.00	2052.00	2052.00	2052.00	2052.00	2052.00	2052.00	2052.00	2052.00	2052.00	2052.00	2052.00	2052.00	2052.00	2052.00	2052.00	2052.00	2052.00	2052.00	2052.00	2052.00	2052.00	2052.00	2052.00	2051.00	2051.00	2051.00	2051.00	2051.00	2051.00	2051.00	2051.00	2051.00	2051.00	2051.00	2050.00	2050.00	2050.00	2050.00	2050.00	2050.00	2050.00	2050.00	2050.00	2050.00	2049.00	2049.00	2049.00	2049.00	2049.00	2049.00	2049.00	2049.00	2049.00	2049.00	2049.00	2049.00	2049.00	2049.00	2049.00	2049.00	2050.00	2050.00	2050.00	2050.00	2050.00	2050.00	2050.00	2050.00	2050.00	2051.00	2051.00	2051.00	2051.00	2052.00	2052.00	2052.00	2052.00	2052.00	2053.00	2053.00	2053.00	2053.00	2054.00	2054.00	2054.00	2054.00	2054.00	2054.00	2054.00	2055.00	2055.00	2055.00	2055.00	2056.00	2056.00	2056.00	2056.00	2056.00	2057.00	2057.00	2057.00	2057.00	2057.00	2058.00	2058.00	2058.00	2058.00	2059.00	2059.00	2059.00	2059.00	2059.00	2059.00	2059.00	2060.00	2060.00	2060.00	2061.00	2061.00	2061.00	2061.00	2062.00	2062.00	2062.00	2063.00	2063.00	2064.00	2064.00	2064.00	2064.00	2065.00	2065.00	2065.00	2066.00	2066.00	2067.00	2067.00	2068.00	2068.00	2069.00	2070.00	2070.00	2070.00	2071.00	2072.00	2072.00	2072.00	2072.00	2073.00	2073.00	2073.00	2074.00	2074.00	2074.00	2074.00	2075.00	2075.00	2075.00	2076.00	2076.00	2076.00	2076.00	2076.00	2076.00	2076.00	2076.00	2076.00	2076.00	2076.00
2033.00	2033.00	2034.00	2034.00	2034.00	2034.00	2035.00	2035.00	2035.00	2036.00	2036.00	2037.00	2037.00	2037.00	2037.00	2038.00	2038.00	2038.00	2039.00	2039.00	2039.00	2040.00	2040.00	2040.00	2041.00	2041.00	2041.00	2042.00	2042.00	2042.00	2042.00	2042.00	2043.00	2043.00	2044.00	2044.00	2044.00	2044.00	2044.00	2045.00	2045.00	2045.00	2045.00	2045.00	2045.00	2045.00	2045.00	2045.00	2045.00	2045.00	2046.00	2046.00	2046.00	2046.00	2046.00	2047.00	2047.00	2047.00	2047.00	2047.00	2047.00	2047.00	2048.00	2048.00	2048.00	2048.00	2048.00	2048.00	2048.00	2049.00	2049.00	2049.00	2049.00	2049.00	2049.00	2050.00	2050.00	2050.00	2050.00	2050.00	2051.00	2051.00	2051.00	2051.00	2051.00	2052.00	2052.00	2052.00	2052.00	2052.00	2052.00	2052.00	2052.00	2052.00	2052.00	2052.00	2052.00	2052.00	2052.00	2052.00	2052.00	2052.00	2052.00	2052.00	2052.00	2052.00	2052.00	2052.00	2052.00	2052.00	2051.00	2051.00	2051.00	2051.00	2051.00	2051.00	2051.00	2051.00	2051.00	2051.00	2051.00	2050.00	2050.00	2050.00	2050.00	2050.00	2050.00	2050.00	2050.00	2050.00	2050.00	2049.00	2049.00	2049.00	2049.00	2049.00	2049.00	2049.00	2049.00	2049.00	2049.00	2049.00	2049.00	2049.00	2049.00	2049.00	2049.00	2050.00	2050.00	2050.00	2050.00	2050.00	2050.00	2050.00	2050.00	2050.00	2051.00	2051.00	2051.00	2051.00	2052.00	2052.00	2052.00	2052.00	2052.00	2053.00	2053.00	2053.00	2053.00	2054.00	2054.00	2054.00	2054.00	2054.00	2054.00	2054.00	2055.00	2055.00	2055.00	2055.00	2056.00	2056.00	2056.00	2056.00	2056.00	2057.00	2057.00	2057.00	2057.00	2057.00	2058.00	2058.00	2058.00	2058.00	2059.00	2059.00	2059.00	2059.00	2059.00	2059.00	2059.00	2060.00	2060.00	2060.00	2061.00	2061.00	2061.00	2061.00	2062.00	2062.00	2062.00	2063.00	2063.00	2064.00	2064.00	2064.00	2064.00	2065.00	2065.00	2065.00	2066.00	2066.00	2067.00	2067.00	2068.00	2068.00	2069.00	2070.00	2070.00	2070.00	2071.00	2072.00	2072.00	2072.00	2072.00	2073.00	2073.00	2073.00	2074.00	2074.00	2074.00	2074.00	2075.00	2075.00	2075.00	2076.00	2076.00	2076.00	2076.00	2076.00	2076.00	2076.00	2076.00	2076.00	2076.00	2076.00
2033.00	2033.00	2034.00	2034.00	2034.00	2034.00	2035.00	2035.00	2035.00	2036.00	2036.00	2037.00	2037.00	2037.00	2037.00	2038.00	2038.00	2038.00	2039.00	2039.00	2039.00	2040.00	2040.00	2040.00	2041.00	2041.00	2041.00	2042.00	2042.00	2042.00	2042.00	2042.00	2043.00	2043.00	2044.00	2044.00	2044.00	2044.00	2044.00	2045.00	2045.00	2045.00	2045.00	2045.00	2045.00	2045.00	2045.00	2045.00	2045.00	2045.00	2046.00	2046.00	2046.00	2046.00	2046.00	2047.00	2047.00	2047.00	2047.00	2047.00	2047.00	2047.00	2048.00	2048.00	2048.00	2048.00	2048.00	2048.00	2048.00	2049.00	2049.00	2049.00	2049.00	2049.00	2049.00	2050.00	2050.00	2050.00	2050.00	2050.00	2051.00	2051.00	2051.00	2051.00	2051.00	2052.00	2052.00	2052.00	2052.00	2052.00	2052.00	2052.00	2052.00	2052.00	2052.00	2052.00	2052.00	2052.00	2052.00	2052.00	2052.00	2052.00	2052.00	2052.00	2052.00	2052.00	2052.00	2052.00	2052.00	2052.00	2051.00	2051.00	2051.00	2051.00	2051.00	2051.00	2051.00	2051.00	2051.00	2051.00	2051.00	2050.00	2050.00	2050.00	2050.00	2050.00	2050.00	2050.00	2050.00	2050.00	2050.00	2049.00	2049.00	2049.00	2049.00	2049.00	2049.00	2049.00	2049.00	2049.00	2049.00	2049.00	2049.00	2049.00	2049.00	2049.00	2049.00	2050.00	2050.00	2050.00	2050.00	2050.00	2050.00	2050.00	2050.00	2050.00	2051.00	2051.00	2051.00	2051.00	2052.00	2052.00	2052.00	2052.00	2052.00	2053.00	2053.00	2053.00	2053.00	2054.00	2054.00	2054.00	2054.00	2054.00	2054.00	2054.00	2055.00	2055.00	2055.00	2055.00	2056.00	2056.00	2056.00	2056.00	2056.00	2057.00	2057.00	2057.00	2057.00	2057.00	2058.00	2058.00	2058.00	2058.00	2059.00	2059.00	2059.00	2059.00	2059.00	2059.00	2059.00	2060.00	2060.00	2060.00	2061.00	2061.00	2061.00	2061.00	2062.00	2062.00	2062.00	2063.00	2063.00	2064.00	2064.00	2064.00	2064.00	2065.00	2065.00	2065.00	2066.00	2066.00	2067.00	2067.00	2068.00	2068.00	2069.00	2070.00	2070.00	2070.00	2071.00	2072.00	2072.00	2072.00	2072.00	2073.00	2073.00	2073.00	2074.00	2074.00	2074.00	2074.00	2075.00	2075.00	2075.00	2076.00	2076.00	2076.00	2076.00	2076.00	2076.00	2076.00	2076.00	2076.00	2076.00	2076.00
2033.00	2033.00	2034.00	2034.00	2034.00	2034.00	2035.00	2035.00	2035.00	2036.00	2036.00	2037.00	2037.00	2037.00	2037.00	2038.00	2038.00	2038.00	2039.00	2039.00	2039.00	2040.00	2040.00	2040.00	2041.00	2041.00	2041.00	2042.00	2042.00	2042.00	2042.00	2042.00	2043.00	2043.00	2044.00	2044.00	2044.00	2044.00	2044.00	2045.00	2045.00	2045.00	2045.00	2045.00	2045.00	2045.00	2045.00	2045.00	2045.00	2045.00	2046.00	2046.00	2046.00	2046.00	2046.00	2047.00	2047.00	2047.00	2047.00	2047.00	2047.00	2047.00	2048.00	2048.00	2048.00	2048.00	2048.00	2048.00	2048.00	2049.00	2049.00	2049.00	2049.00	2049.00	2049.00	2050.00	2050.00	2050.00	2050.00	2050.00	2051.00	2051.00	2051.00	2051.00	2051.00	2052.00	2052.00	2052.00	2052.00	2052.00	2052.00	2052.00	2052.00	2052.00	2052.00	2052.00	2052.00	2052.00	2052.00	2052.00	2052.00	2052.00	2052.00	2052.00	2052.00	2052.00	2052.00	2052.00	2052.00	2052.00	2051.00	2051.00	2051.00	2051.00	2051.00	2051.00	2051.00	2051.00	2051.00	2051.00	2051.00	2050.00	2050.00	2050.00	2050.00	2050.00	2050.00	2050.00	2050.00	2050.00	2050.00	2049.00	2049.00	2049.00	2049.00	2049.00	2049.00	2049.00	2049.00	2049.00	2049.00	2049.00	2049.00	2049.00	2049.00	2049.00	2049.00	2050.00	2050.00	2050.00	2050.00	2050.00	2050.00	2050.00	2050.00	2050.00	2051.00	2051.00	2051.00	2051.00	2052.00	2052.00	2052.00	2052.00	2052.00	2053.00	2053.00	2053.00	2053.00	2054.00	2054.00	2054.00	2054.00	2054.00	2054.00	2054.00	2055.00	2055.00	2055.00	2055.00	2056.00	2056.00	2056.00	2056.00	2056.00	2057.00	2057.00	2057.00	2057.00	2057.00	2058.00	2058.00	2058.00	2058.00	2059.00	2059.00	2059.00	2059.00	2059.00	2059.00	2059.00	2060.00	2060.00	2060.00	2061.00	2061.00	2061.00	2061.00	2062.00	2062.00	2062.00	2063.00	2063.00	2064.00	2064.00	2064.00	2064.00	2065.00	2065.00	2065.00	2066.00	2066.00	2067.00	2067.00	2068.00	2068.00	2069.00	2070.00	2070.00	2070.00	2071.00	2072.00	2072.00	2072.00	2072.00	2073.00	2073.00	2073.00	2074.00	2074.00	2074.00	2074.00	2075.00	2075.00	2075.00	2076.00	2076.00	2076.00	2076.00	2076.00	2076.00	2076.00	2076.00	2076.00	2076.00	2076.00
2033.00	2033.00	2034.00	2034.00	2034.00	2034.00	2035.00	2035.00	2035.00	2036.00	2036.00	2037.00	2037.00	2037.00	2037.00	2038.00	2038.00	2038.00	2039.00	2039.00	2039.00	2040.00	2040.00	2040.00	2041.00	2041.00	2041.00	2042.00	2042.00	2042.00	2042.00	2042.00	2043.00	2043.00	2044.00	2044.00	2044.00	2044.00	2044.00	2045.00	2045.00	2045.00	2045.00	2045.00	2045.00	2045.00	2045.00	2045.00	2045.00	2045.00	2046.00	2046.00	2046.00	2046.00	2046.00	2047.00	2047.00	2047.00	2047.00	2047.00	2047.00	2047.00	2048.00	2048.00	2048.00	2048.00	2048.00	2048.00	2048.00	2049.00	2049.00	2049.00	2049.00	2049.00	2049.00	2050.00	2050.00	2050.00	2050.00	2050.00	2051.00	2051.00	2051.00	2051.00	2051.00	2052.00	2052.00	2052.00	2052.00	2052.00	2052.00	2052.00	2052.00	2052.00	2052.00	2052.00	2052.00	2052.00	2052.00	2052.00	2052.00	2052.00	2052.00	2052.00	2052.00	2052.00	2052.00	2052.00	2052.00	2052.00	2051.00	2051.00	2051.00	2051.00	2051.00	2051.00	2051.00	2051.00	2051.00	2051.00	2051.00	2050.00	2050.00	2050.00	2050.00	2050.00	2050.00	2050.00	2050.00	2050.00	2050.00	2049.00	2049.00	2049.00	2049.00	2049.00	2049.00	2049.00	2049.00	2049.00	2049.00	2049.00	2049.00	2049.00	2049.00	2049.00	2049.00	2050.00	2050.00	2050.00	2050.00	2050.00	2050.00	2050.00	2050.00	2050.00	2051.00	2051.00	2051.00	2051.00	2052.00	2052.00	2052.00	2052.00	2052.00	2053.00	2053.00	2053.00	2053.00	2054.00	2054.00	2054.00	2054.00	2054.00	2054.00	2054.00	2055.00	2055.00	2055.00	2055.00	2056.00	2056.00	2056.00	2056.00	2056.00	2057.00	2057.00	2057.00	2057.00	2057.00	2058.00	2058.00	2058.00	2058.00	2059.00	2059.00	2059.00	2059.00	2059.00	2059.00	2059.00	2060.00	2060.00	2060.00	2061.00	2061.00	2061.00	2061.00	2062.00	2062.00	2062.00	2063.00	2063.00	2064.00	2064.00	2064.00	2064.00	2065.00	2065.00	2065.00	2066.00	2066.00	2067.00	2067.00	2068.00	2068.00	2069.00	2070.00	2070.00	2070.00	2071.00	2072.00	2072.00	2072.00	2072.00	2073.00	2073.00	2073.00	2074.00	2074.00	2074.00	2074.00	2075.00	2075.00	2075.00	2076.00	2076.00	2076.00	2076.00	2076.00	2076.00	2076.00	2076.00	2076.00	2076.00	2076.00
2033.00	2033.00	2034.00	2034.00	2034.00	2034.00	2035.00	2035.00	2035.00	2036.00	2036.00	2037.00	2037.00	2037.00	2037.00	2038.00	2038.00	2038.00	2039.00	2039.00	2039.00	2040.00	2040.00	2040.00	2041.00	2041.00	2041.00	2042.00	2042.00	2042.00	2042.00	2042.00	2043.00	2043.00	2044.00	2044.00	2044.00	2044.00	2044.00	2045.00	2045.00	2045.00	2045.00	2045.00	2045.00	2045.00	2045.00	2045.00	2045.00	2045.00	2046.00	2046.00	2046.00	2046.00	2046.00	2047.00	2047.00	2047.00	2047.00	2047.00	2047.00	2047.00	2048.00	2048.00	2048.00	2048.00	2048.00	2048.00	2048.00	2049.00	2049.00	2049.00	2049.00	2049.00	2049.00	2050.00	2050.00	2050.00	2050.00	2050.00	2051.00	2051.00	2051.00	2051.00	2051.00	2052.00	2052.00	2052.00	2052.00	2052.00	2052.00	2052.00	2052.00	2052.00	2052.00	2052.00	2052.00	2052.00	2052.00	2052.00	2052.00	2052.00	2052.00	2052.00	2052.00	2052.00	2052.00	2052.00	2052.00	2052.00	2051.00	2051.00	2051.00	2051.00	2051.00	2051.00	2051.00	2051.00	2051.00	2051.00	2051.00	2050.00	2050.00	2050.00	2050.00	2050.00	2050.00	2050.00	2050.00	2050.00	2050.00	2049.00	2049.00	2049.00	2049.00	2049.00	2049.00	2049.00	2049.00	2049.00	2049.00	2049.00	2049.00	2049.00	2049.00	2049.00	2049.00	2050.00	2050.00	2050.00	2050.00	2050.00	2050.00	2050.00	2050.00	2050.00	2051.00	2051.00	2051.00	2051.00	2052.00	2052.00	2052.00	2052.00	2052.00	2053.00	2053.00	2053.00	2053.00	2054.00	2054.00	2054.00	2054.00	2054.00	2054.00	2054.00	2055.00	2055.00	2055.00	2055.00	2056.00	2056.00	2056.00	2056.00	2056.00	2057.00	2057.00	2057.00	2057.00	2057.00	2058.00	2058.00	2058.00	2058.00	2059.00	2059.00	2059.00	2059.00	2059.00	2059.00	2059.00	2060.00	2060.00	2060.00	2061.00	2061.00	2061.00	2061.00	2062.00	2062.00	2062.00	2063.00	2063.00	2064.00	2064.00	2064.00	2064.00	2065.00	2065.00	2065.00	2066.00	2066.00	2067.00	2067.00	2068.00	2068.00	2069.00	2070.00	2070.00	2070.00	2071.00	2072.00	2072.00	2072.00	2072.00	2073.00	2073.00	2073.00	2074.00	2074.00	2074.00	2074.00	2075.00	2075.00	2075.00	2076.00	2076.00	2076.00	2076.00	2076.00	2076.00	2076.00	2076.00	2076.00	2076.00	2076.00
2033.00	2033.00	2034.00	2034.00	2034.00	2034.00	2035.00	2035.00	2035.00	2036.00	2036.00	2037.00	2037.00	2037.00	2037.00	2038.00	2038.00	2038.00	2039.00	2039.00	2039.00	2040.00	2040.00	2040.00	2041.00	2041.00	2041.00	2042.00	2042.00	2042.00	2042.00	2042.00	2043.00	2043.00	2044.00	2044.00	2044.00	2044.00	2044.00	2045.00	2045.00	2045.00	2045.00	2045.00	2045.00	2045.00	2045.00	2045.00	2045.00	2045.00	2046.00	2046.00	2046.00	2046.00	2046.00	2047.00	2047.00	2047.00	2047.00	2047.00	2047.00	2047.00	2048.00	2048.00	2048.00	2048.00	2048.00	2048.00	2048.00	2049.00	2049.00	2049.00	2049.00	2049.00	2049.00	2050.00	2050.00	2050.00	2050.00	2050.00	2051.00	2051.00	2051.00	2051.00	2051.00	2052.00	2052.00	2052.00	2052.00	2052.00	2052.00	2052.00	2052.00	2052.00	2052.00	2052.00	2052.00	2052.00	2052.00	2052.00	2052.00	2052.00	2052.00	2052.00	2052.00	2052.00	2052.00	2052.00	2052.00	2052.00	2051.00	2051.00	2051.00	2051.00	2051.00	2051.00	2051.00	2051.00	2051.00	2051.00	2051.00	2050.00	2050.00	2050.00	2050.00	2050.00	2050.00	2050.00	2050.00	2050.00	2050.00	2049.00	2049.00	2049.00	2049.00	2049.00	2049.00	2049.00	2049.00	2049.00	2049.00	2049.00	2049.00	2049.00	2049.00	2049.00	2049.00	2050.00	2050.00	2050.00	2050.00	2050.00	2050.00	2050.00	2050.00	2050.00	2051.00	2051.00	2051.00	2051.00	2052.00	2052.00	2052.00	2052.00	2052.00	2053.00	2053.00	2053.00	2053.00	2054.00	2054.00	2054.00	2054.00	2054.00	2054.00	2054.00	2055.00	2055.00	2055.00	2055.00	2056.00	2056.00	2056.00	2056.00	2056.00	2057.00	2057.00	2057.00	2057.00	2057.00	2058.00	2058.00	2058.00	2058.00	2059.00	2059.00	2059.00	2059.00	2059.00	2059.00	2059.00	2060.00	2060.00	2060.00	2061.00	2061.00	2061.00	2061.00	2062.00	2062.00	2062.00	2063.00	2063.00	2064.00	2064.00	2064.00	2064.00	2065.00	2065.00	2065.00	2066.00	2066.00	2067.00	2067.00	2068.00	2068.00	2069.00	2070.00	2070.00	2070.00	2071.00	2072.00	2072.00	2072.00	2072.00	2073.00	2073.00	2073.00	2074.00	2074.00	2074.00	2074.00	2075.00	2075.00	2075.00	2076.00	2076.00	2076.00	2076.00	2076.00	2076.00	2076.00	2076.00	2076.00	2076.00	2076.00
2033.00	2033.00	2034.00	2034.00	2034.00	2034.00	2035.00	2035.00	2035.00	2036.00	2036.00	2037.00	2037.00	2037.00	2037.00	2038.00	2038.00	2038.00	2039.00	2039.00	2039.00	2040.00	2040.00	2040.00	2041.00	2041.00	2041.00	2042.00	2042.00	2042.00	2042.00	2042.00	2043.00	2043.00	2044.00	2044.00	2044.00	2044.00	2044.00	2045.00	2045.00	2045.00	2045.00	2045.00	2045.00	2045.00	2045.00	2045.00	2045.00	2045.00	2046.00	2046.00	2046.00	2046.00	2046.00	2047.00	2047.00	2047.00	2047.00	2047.00	2047.00	2047.00	2048.00	2048.00	2048.00	2048.00	2048.00	2048.00	2048.00	2049.00	2049.00	2049.00	2049.00	2049.00	2049.00	2050.00	2050.00	2050.00	2050.00	2050.00	2051.00	2051.00	2051.00	2051.00	2051.00	2052.00	2052.00	2052.00	2052.00	2052.00	2052.00	2052.00	2052.00	2052.00	2052.00	2052.00	2052.00	2052.00	2052.00	2052.00	2052.00	2052.00	2052.00	2052.00	2052.00	2052.00	2052.00	2052.00	2052.00	2052.00	2051.00	2051.00	2051.00	2051.00	2051.00	2051.00	2051.00	2051.00	2051.00	2051.00	2051.00	2050.00	2050.00	2050.00	2050.00	2050.00	2050.00	2050.00	2050.00	2050.00	2050.00	2049.00	2049.00	2049.00	2049.00	2049.00	2049.00	2049.00	2049.00	2049.00	2049.00	2049.00	2049.00	2049.00	2049.00	2049.00	2049.00	2050.00	2050.00	2050.00	2050.00	2050.00	2050.00	2050.00	2050.00	2050.00	2051.00	2051.00	2051.00	2051.00	2052.00	2052.00	2052.00	2052.00	2052.00	2053.00	2053.00	2053.00	2053.00	2054.00	2054.00	2054.00	2054.00	2054.00	2054.00	2054.00	2055.00	2055.00	2055.00	2055.00	2056.00	2056.00	2056.00	2056.00	2056.00	2057.00	2057.00	2057.00	2057.00	2057.00	2058.00	2058.00	2058.00	2058.00	2059.00	2059.00	2059.00	2059.00	2059.00	2059.00	2059.00	2060.00	2060.00	2060.00	2061.00	2061.00	2061.00	2061.00	2062.00	2062.00	2062.00	2063.00	2063.00	2064.00	2064.00	2064.00	2064.00	2065.00	2065.00	2065.00	2066.00	2066.00	2067.00	2067.00	2068.00	2068.00	2069.00	2070.00	2070.00	2070.00	2071.00	2072.00	2072.00	2072.00	2072.00	2073.00	2073.00	2073.00	2074.00	2074.00	2074.00	2074.00	2075.00	2075.00	2075.00	2076.00	2076.00	2076.00	2076.00	2076.00	2076.00	2076.00	2076.00	2076.00	2076.00	2076.00
2033.00	2033.00	2034.00	2034.00	2034.00	2034.00	2035.00	2035.00	2035.00	2036.00	2036.00	2037.00	2037.00	2037.00	2037.00	2038.00	2038.00	2038.00	2039.00	2039.00	2039.00	2040.00	2040.00	2040.00	2041.00	2041.00	2041.00	2042.00	2042.00	2042.00	2042.00	2042.00	2043.00	2043.00	2044.00	2044.00	2044.00	2044.00	2044.00	2045.00	2045.00	2045.00	2045.00	2045.00	2045.00	2045.00	2045.00	2045.00	2045.00	2045.00	2046.00	2046.00	2046.00	2046.00	2046.00	2047.00	2047.00	2047.00	2047.00	2047.00	2047.00	2047.00	2048.00	2048.00	2048.00	2048.00	2048.00	2048.00	2048.00	2049.00	2049.00	2049.00	2049.00	2049.00	2049.00	2050.00	2050.00	2050.00	2050.00	2050.00	2051.00	2051.00	2051.00	2051.00	2051.00	2052.00	2052.00	2052.00	2052.00	2052.00	2052.00	2052.00	2052.00	2052.00	2052.00	2052.00	2052.00	2052.00	2052.00	2052.00	2052.00	2052.00	2052.00	2052.00	2052.00	2052.00	2052.00	2052.00	2052.00	2052.00	2051.00	2051.00	2051.00	2051.00	2051.00	2051.00	2051.00	2051.00	2051.00	2051.00	2051.00	2050.00	2050.00	2050.00	2050.00	2050.00	2050.00	2050.00	2050.00	2050.00	2050.00	2049.00	2049.00	2049.00	2049.00	2049.00	2049.00	2049.00	2049.00	2049.00	2049.00	2049.00	2049.00	2049.00	2049.00	2049.00	2049.00	2050.00	2050.00	2050.00	2050.00	2050.00	2050.00	2050.00	2050.00	2050.00	2051.00	2051.00	2051.00	2051.00	2052.00	2052.00	2052.00	2052.00	2052.00	2053.00	2053.00	2053.00	2053.00	2054.00	2054.00	2054.00	2054.00	2054.00	2054.00	2054.00	2055.00	2055.00	2055.00	2055.00	2056.00	2056.00	2056.00	2056.00	2056.00	2057.00	2057.00	2057.00	2057.00	2057.00	2058.00	2058.00	2058.00	2058.00	2059.00	2059.00	2059.00	2059.00	2059.00	2059.00	2059.00	2060.00	2060.00	2060.00	2061.00	2061.00	2061.00	2061.00	2062.00	2062.00	2062.00	2063.00	2063.00	2064.00	2064.00	2064.00	2064.00	2065.00	2065.00	2065.00	2066.00	2066.00	2067.00	2067.00	2068.00	2068.00	2069.00	2070.00	2070.00	2070.00	2071.00	2072.00	2072.00	2072.00	2072.00	2073.00	2073.00	2073.00	2074.00	2074.00	2074.00	2074.00	2075.00	2075.00	2075.00	2076.00	2076.00	2076.00	2076.00	2076.00	2076.00	2076.00	2076.00	2076.00	2076.00	2076.00
2038.00	2038.00	2038.00	2038.00	2039.00	2039.00	2039.00	2040.00	2040.00	2040.00	2041.00	2041.00	2041.00	2041.00	2041.00	2042.00	2042.00	2042.00	2043.00	2043.00	2043.00	2043.00	2043.00	2043.00	2044.00	2044.00	2044.00	2044.00	2045.00	2045.00	2045.00	2045.00	2045.00	2045.00	2045.00	2045.00	2045.00	2045.00	2045.00	2046.00	2046.00	2046.00	2046.00	2046.00	2046.00	2046.00	2046.00	2046.00	2046.00	2046.00	2047.00	2047.00	2047.00	2047.00	2047.00	2047.00	2047.00	2047.00	2047.00	2048.00	2048.00	2048.00	2048.00	2048.00	2049.00	2049.00	2049.00	2049.00	2049.00	2050.00	2050.00	2050.00	2050.00	2050.00	2051.00	2051.00	2051.00	2051.00	2052.00	2052.00	2052.00	2052.00	2052.00	2052.00	2052.00	2053.00	2053.00	2053.00	2053.00	2053.00	2053.00	2053.00	2053.00	2053.00	2053.00	2053.00	2053.00	2053.00	2053.00	2053.00	2053.00	2053.00	2053.00	2053.00	2053.00	2053.00	2053.00	2053.00	2053.00	2053.00	2053.00	2053.00	2053.00	2053.00	2053.00	2052.00	2052.00	2052.00	2052.00	2052.00	2052.00	2052.00	2052.00	2052.00	2052.00	2052.00	2052.00	2051.00	2051.00	2051.00	2051.00	2051.00	2051.00	2051.00	2051.00	2050.00	2050.00	2050.00	2050.00	2050.00	2050.00	2050.00	2050.00	2050.00	2050.00	2050.00	2050.00	2050.00	2050.00	2050.00	2050.00	2050.00	2050.00	2050.00	2051.00	2051.00	2051.00	2051.00	2051.00	2051.00	2052.00	2052.00	2052.00	2052.00	2052.00	2053.00	2053.00	2053.00	2053.00	2054.00	2054.00	2054.00	2054.00	2054.00	2055.00	2055.00	2055.00	2056.00	2056.00	2056.00	2057.00	2057.00	2057.00	2058.00	2058.00	2058.00	2058.00	2058.00	2059.00	2059.00	2060.00	2060.00	2060.00	2060.00	2061.00	2061.00	2061.00	2062.00	2062.00	2062.00	2063.00	2063.00	2063.00	2064.00	2065.00	2065.00	2065.00	2065.00	2066.00	2067.00	2067.00	2067.00	2068.00	2069.00	2069.00	2069.00	2069.00	2070.00	2070.00	2070.00	2071.00	2072.00	2072.00	2072.00	2073.00	2073.00	2074.00	2075.00	2075.00	2075.00	2075.00	2076.00	2076.00	2076.00	2076.00	2077.00	2077.00	2077.00	2077.00	2078.00	2078.00	2078.00	2078.00	2078.00	2078.00	2078.00	2078.00	2078.00	2078.00	2078.00	2078.00	2078.00	2078.00	2078.00	2078.00	2078.00
2038.00	2038.00	2038.00	2038.00	2039.00	2039.00	2039.00	2040.00	2040.00	2040.00	2041.00	2041.00	2041.00	2041.00	2041.00	2042.00	2042.00	2042.00	2043.00	2043.00	2043.00	2043.00	2043.00	2043.00	2044.00	2044.00	2044.00	2044.00	2045.00	2045.00	2045.00	2045.00	2045.00	2045.00	2045.00	2045.00	2045.00	2045.00	2045.00	2046.00	2046.00	2046.00	2046.00	2046.00	2046.00	2046.00	2046.00	2046.00	2046.00	2046.00	2047.00	2047.00	2047.00	2047.00	2047.00	2047.00	2047.00	2047.00	2047.00	2048.00	2048.00	2048.00	2048.00	2048.00	2049.00	2049.00	2049.00	2049.00	2049.00	2050.00	2050.00	2050.00	2050.00	2050.00	2051.00	2051.00	2051.00	2051.00	2052.00	2052.00	2052.00	2052.00	2052.00	2052.00	2052.00	2053.00	2053.00	2053.00	2053.00	2053.00	2053.00	2053.00	2053.00	2053.00	2053.00	2053.00	2053.00	2053.00	2053.00	2053.00	2053.00	2053.00	2053.00	2053.00	2053.00	2053.00	2053.00	2053.00	2053.00	2053.00	2053.00	2053.00	2053.00	2053.00	2053.00	2052.00	2052.00	2052.00	2052.00	2052.00	2052.00	2052.00	2052.00	2052.00	2052.00	2052.00	2052.00	2051.00	2051.00	2051.00	2051.00	2051.00	2051.00	2051.00	2051.00	2050.00	2050.00	2050.00	2050.00	2050.00	2050.00	2050.00	2050.00	2050.00	2050.00	2050.00	2050.00	2050.00	2050.00	2050.00	2050.00	2050.00	2050.00	2050.00	2051.00	2051.00	2051.00	2051.00	2051.00	2051.00	2052.00	2052.00	2052.00	2052.00	2052.00	2053.00	2053.00	2053.00	2053.00	2054.00	2054.00	2054.00	2054.00	2054.00	2055.00	2055.00	2055.00	2056.00	2056.00	2056.00	2057.00	2057.00	2057.00	2058.00	2058.00	2058.00	2058.00	2058.00	2059.00	2059.00	2060.00	2060.00	2060.00	2060.00	2061.00	2061.00	2061.00	2062.00	2062.00	2062.00	2063.00	2063.00	2063.00	2064.00	2065.00	2065.00	2065.00	2065.00	2066.00	2067.00	2067.00	2067.00	2068.00	2069.00	2069.00	2069.00	2069.00	2070.00	2070.00	2070.00	2071.00	2072.00	2072.00	2072.00	2073.00	2073.00	2074.00	2075.00	2075.00	2075.00	2075.00	2076.00	2076.00	2076.00	2076.00	2077.00	2077.00	2077.00	2077.00	2078.00	2078.00	2078.00	2078.00	2078.00	2078.00	2078.00	2078.00	2078.00	2078.00	2078.00	2078.00	2078.00	2078.00	2078.00	2078.00	2078.00
2038.00	2038.00	2038.00	2038.00	2039.00	2039.00	2039.00	2040.00	2040.00	2040.00	2041.00	2041.00	2041.00	2041.00	2041.00	2042.00	2042.00	2042.00	2043.00	2043.00	2043.00	2043.00	2043.00	2043.00	2044.00	2044.00	2044.00	2044.00	2045.00	2045.00	2045.00	2045.00	2045.00	2045.00	2045.00	2045.00	2045.00	2045.00	2045.00	2046.00	2046.00	2046.00	2046.00	2046.00	2046.00	2046.00	2046.00	2046.00	2046.00	2046.00	2047.00	2047.00	2047.00	2047.00	2047.00	2047.00	2047.00	2047.00	2047.00	2048.00	2048.00	2048.00	2048.00	2048.00	2049.00	2049.00	2049.00	2049.00	2049.00	2050.00	2050.00	2050.00	2050.00	2050.00	2051.00	2051.00	2051.00	2051.00	2052.00	2052.00	2052.00	2052.00	2052.00	2052.00	2052.00	2053.00	2053.00	2053.00	2053.00	2053.00	2053.00	2053.00	2053.00	2053.00	2053.00	2053.00	2053.00	2053.00	2053.00	2053.00	2053.00	2053.00	2053.00	2053.00	2053.00	2053.00	2053.00	2053.00	2053.00	2053.00	2053.00	2053.00	2053.00	2053.00	2053.00	2052.00	2052.00	2052.00	2052.00	2052.00	2052.00	2052.00	2052.00	2052.00	2052.00	2052.00	2052.00	2051.00	2051.00	2051.00	2051.00	2051.00	2051.00	2051.00	2051.00	2050.00	2050.00	2050.00	2050.00	2050.00	2050.00	2050.00	2050.00	2050.00	2050.00	2050.00	2050.00	2050.00	2050.00	2050.00	2050.00	2050.00	2050.00	2050.00	2051.00	2051.00	2051.00	2051.00	2051.00	2051.00	2052.00	2052.00	2052.00	2052.00	2052.00	2053.00	2053.00	2053.00	2053.00	2054.00	2054.00	2054.00	2054.00	2054.00	2055.00	2055.00	2055.00	2056.00	2056.00	2056.00	2057.00	2057.00	2057.00	2058.00	2058.00	2058.00	2058.00	2058.00	2059.00	2059.00	2060.00	2060.00	2060.00	2060.00	2061.00	2061.00	2061.00	2062.00	2062.00	2062.00	2063.00	2063.00	2063.00	2064.00	2065.00	2065.00	2065.00	2065.00	2066.00	2067.00	2067.00	2067.00	2068.00	2069.00	2069.00	2069.00	2069.00	2070.00	2070.00	2070.00	2071.00	2072.00	2072.00	2072.00	2073.00	2073.00	2074.00	2075.00	2075.00	2075.00	2075.00	2076.00	2076.00	2076.00	2076.00	2077.00	2077.00	2077.00	2077.00	2078.00	2078.00	2078.00	2078.00	2078.00	2078.00	2078.00	2078.00	2078.00	2078.00	2078.00	2078.00	2078.00	2078.00	2078.00	2078.00	2078.00
2038.00	2038.00	2038.00	2038.00	2039.00	2039.00	2039.00	2040.00	2040.00	2040.00	2041.00	2041.00	2041.00	2041.00	2041.00	2042.00	2042.00	2042.00	2043.00	2043.00	2043.00	2043.00	2043.00	2043.00	2044.00	2044.00	2044.00	2044.00	2045.00	2045.00	2045.00	2045.00	2045.00	2045.00	2045.00	2045.00	2045.00	2045.00	2045.00	2046.00	2046.00	2046.00	2046.00	2046.00	2046.00	2046.00	2046.00	2046.00	2046.00	2046.00	2047.00	2047.00	2047.00	2047.00	2047.00	2047.00	2047.00	2047.00	2047.00	2048.00	2048.00	2048.00	2048.00	2048.00	2049.00	2049.00	2049.00	2049.00	2049.00	2050.00	2050.00	2050.00	2050.00	2050.00	2051.00	2051.00	2051.00	2051.00	2052.00	2052.00	2052.00	2052.00	2052.00	2052.00	2052.00	2053.00	2053.00	2053.00	2053.00	2053.00	2053.00	2053.00	2053.00	2053.00	2053.00	2053.00	2053.00	2053.00	2053.00	2053.00	2053.00	2053.00	2053.00	2053.00	2053.00	2053.00	2053.00	2053.00	2053.00	2053.00	2053.00	2053.00	2053.00	2053.00	2053.00	2052.00	2052.00	2052.00	2052.00	2052.00	2052.00	2052.00	2052.00	2052.00	2052.00	2052.00	2052.00	2051.00	2051.00	2051.00	2051.00	2051.00	2051.00	2051.00	2051.00	2050.00	2050.00	2050.00	2050.00	2050.00	2050.00	2050.00	2050.00	2050.00	2050.00	2050.00	2050.00	2050.00	2050.00	2050.00	2050.00	2050.00	2050.00	2050.00	2051.00	2051.00	2051.00	2051.00	2051.00	2051.00	2052.00	2052.00	2052.00	2052.00	2052.00	2053.00	2053.00	2053.00	2053.00	2054.00	2054.00	2054.00	2054.00	2054.00	2055.00	2055.00	2055.00	2056.00	2056.00	2056.00	2057.00	2057.00	2057.00	2058.00	2058.00	2058.00	2058.00	2058.00	2059.00	2059.00	2060.00	2060.00	2060.00	2060.00	2061.00	2061.00	2061.00	2062.00	2062.00	2062.00	2063.00	2063.00	2063.00	2064.00	2065.00	2065.00	2065.00	2065.00	2066.00	2067.00	2067.00	2067.00	2068.00	2069.00	2069.00	2069.00	2069.00	2070.00	2070.00	2070.00	2071.00	2072.00	2072.00	2072.00	2073.00	2073.00	2074.00	2075.00	2075.00	2075.00	2075.00	2076.00	2076.00	2076.00	2076.00	2077.00	2077.00	2077.00	2077.00	2078.00	2078.00	2078.00	2078.00	2078.00	2078.00	2078.00	2078.00	2078.00	2078.00	2078.00	2078.00	2078.00	2078.00	2078.00	2078.00	2078.00
2038.00	2038.00	2038.00	2038.00	2039.00	2039.00	2039.00	2040.00	2040.00	2040.00	2041.00	2041.00	2041.00	2041.00	2041.00	2042.00	2042.00	2042.00	2043.00	2043.00	2043.00	2043.00	2043.00	2043.00	2044.00	2044.00	2044.00	2044.00	2045.00	2045.00	2045.00	2045.00	2045.00	2045.00	2045.00	2045.00	2045.00	2045.00	2045.00	2046.00	2046.00	2046.00	2046.00	2046.00	2046.00	2046.00	2046.00	2046.00	2046.00	2046.00	2047.00	2047.00	2047.00	2047.00	2047.00	2047.00	2047.00	2047.00	2047.00	2048.00	2048.00	2048.00	2048.00	2048.00	2049.00	2049.00	2049.00	2049.00	2049.00	2050.00	2050.00	2050.00	2050.00	2050.00	2051.00	2051.00	2051.00	2051.00	2052.00	2052.00	2052.00	2052.00	2052.00	2052.00	2052.00	2053.00	2053.00	2053.00	2053.00	2053.00	2053.00	2053.00	2053.00	2053.00	2053.00	2053.00	2053.00	2053.00	2053.00	2053.00	2053.00	2053.00	2053.00	2053.00	2053.00	2053.00	2053.00	2053.00	2053.00	2053.00	2053.00	2053.00	2053.00	2053.00	2053.00	2052.00	2052.00	2052.00	2052.00	2052.00	2052.00	2052.00	2052.00	2052.00	2052.00	2052.00	2052.00	2051.00	2051.00	2051.00	2051.00	2051.00	2051.00	2051.00	2051.00	2050.00	2050.00	2050.00	2050.00	2050.00	2050.00	2050.00	2050.00	2050.00	2050.00	2050.00	2050.00	2050.00	2050.00	2050.00	2050.00	2050.00	2050.00	2050.00	2051.00	2051.00	2051.00	2051.00	2051.00	2051.00	2052.00	2052.00	2052.00	2052.00	2052.00	2053.00	2053.00	2053.00	2053.00	2054.00	2054.00	2054.00	2054.00	2054.00	2055.00	2055.00	2055.00	2056.00	2056.00	2056.00	2057.00	2057.00	2057.00	2058.00	2058.00	2058.00	2058.00	2058.00	2059.00	2059.00	2060.00	2060.00	2060.00	2060.00	2061.00	2061.00	2061.00	2062.00	2062.00	2062.00	2063.00	2063.00	2063.00	2064.00	2065.00	2065.00	2065.00	2065.00	2066.00	2067.00	2067.00	2067.00	2068.00	2069.00	2069.00	2069.00	2069.00	2070.00	2070.00	2070.00	2071.00	2072.00	2072.00	2072.00	2073.00	2073.00	2074.00	2075.00	2075.00	2075.00	2075.00	2076.00	2076.00	2076.00	2076.00	2077.00	2077.00	2077.00	2077.00	2078.00	2078.00	2078.00	2078.00	2078.00	2078.00	2078.00	2078.00	2078.00	2078.00	2078.00	2078.00	2078.00	2078.00	2078.00	2078.00	2078.00
2038.00	2038.00	2038.00	2038.00	2039.00	2039.00	2039.00	2040.00	2040.00	2040.00	2041.00	2041.00	2041.00	2041.00	2041.00	2042.00	2042.00	2042.00	2043.00	2043.00	2043.00	2043.00	2043.00	2043.00	2044.00	2044.00	2044.00	2044.00	2045.00	2045.00	2045.00	2045.00	2045.00	2045.00	2045.00	2045.00	2045.00	2045.00	2045.00	2046.00	2046.00	2046.00	2046.00	2046.00	2046.00	2046.00	2046.00	2046.00	2046.00	2046.00	2047.00	2047.00	2047.00	2047.00	2047.00	2047.00	2047.00	2047.00	2047.00	2048.00	2048.00	2048.00	2048.00	2048.00	2049.00	2049.00	2049.00	2049.00	2049.00	2050.00	2050.00	2050.00	2050.00	2050.00	2051.00	2051.00	2051.00	2051.00	2052.00	2052.00	2052.00	2052.00	2052.00	2052.00	2052.00	2053.00	2053.00	2053.00	2053.00	2053.00	2053.00	2053.00	2053.00	2053.00	2053.00	2053.00	2053.00	2053.00	2053.00	2053.00	2053.00	2053.00	2053.00	2053.00	2053.00	2053.00	2053.00	2053.00	2053.00	2053.00	2053.00	2053.00	2053.00	2053.00	2053.00	2052.00	2052.00	2052.00	2052.00	2052.00	2052.00	2052.00	2052.00	2052.00	2052.00	2052.00	2052.00	2051.00	2051.00	2051.00	2051.00	2051.00	2051.00	2051.00	2051.00	2050.00	2050.00	2050.00	2050.00	2050.00	2050.00	2050.00	2050.00	2050.00	2050.00	2050.00	2050.00	2050.00	2050.00	2050.00	2050.00	2050.00	2050.00	2050.00	2051.00	2051.00	2051.00	2051.00	2051.00	2051.00	2052.00	2052.00	2052.00	2052.00	2052.00	2053.00	2053.00	2053.00	2053.00	2054.00	2054.00	2054.00	2054.00	2054.00	2055.00	2055.00	2055.00	2056.00	2056.00	2056.00	2057.00	2057.00	2057.00	2058.00	2058.00	2058.00	2058.00	2058.00	2059.00	2059.00	2060.00	2060.00	2060.00	2060.00	2061.00	2061.00	2061.00	2062.00	2062.00	2062.00	2063.00	2063.00	2063.00	2064.00	2065.00	2065.00	2065.00	2065.00	2066.00	2067.00	2067.00	2067.00	2068.00	2069.00	2069.00	2069.00	2069.00	2070.00	2070.00	2070.00	2071.00	2072.00	2072.00	2072.00	2073.00	2073.00	2074.00	2075.00	2075.00	2075.00	2075.00	2076.00	2076.00	2076.00	2076.00	2077.00	2077.00	2077.00	2077.00	2078.00	2078.00	2078.00	2078.00	2078.00	2078.00	2078.00	2078.00	2078.00	2078.00	2078.00	2078.00	2078.00	2078.00	2078.00	2078.00	2078.00
2038.00	2038.00	2038.00	2038.00	2039.00	2039.00	2039.00	2040.00	2040.00	2040.00	2041.00	2041.00	2041.00	2041.00	2041.00	2042.00	2042.00	2042.00	2043.00	2043.00	2043.00	2043.00	2043.00	2043.00	2044.00	2044.00	2044.00	2044.00	2045.00	2045.00	2045.00	2045.00	2045.00	2045.00	2045.00	2045.00	2045.00	2045.00	2045.00	2046.00	2046.00	2046.00	2046.00	2046.00	2046.00	2046.00	2046.00	2046.00	2046.00	2046.00	2047.00	2047.00	2047.00	2047.00	2047.00	2047.00	2047.00	2047.00	2047.00	2048.00	2048.00	2048.00	2048.00	2048.00	2049.00	2049.00	2049.00	2049.00	2049.00	2050.00	2050.00	2050.00	2050.00	2050.00	2051.00	2051.00	2051.00	2051.00	2052.00	2052.00	2052.00	2052.00	2052.00	2052.00	2052.00	2053.00	2053.00	2053.00	2053.00	2053.00	2053.00	2053.00	2053.00	2053.00	2053.00	2053.00	2053.00	2053.00	2053.00	2053.00	2053.00	2053.00	2053.00	2053.00	2053.00	2053.00	2053.00	2053.00	2053.00	2053.00	2053.00	2053.00	2053.00	2053.00	2053.00	2052.00	2052.00	2052.00	2052.00	2052.00	2052.00	2052.00	2052.00	2052.00	2052.00	2052.00	2052.00	2051.00	2051.00	2051.00	2051.00	2051.00	2051.00	2051.00	2051.00	2050.00	2050.00	2050.00	2050.00	2050.00	2050.00	2050.00	2050.00	2050.00	2050.00	2050.00	2050.00	2050.00	2050.00	2050.00	2050.00	2050.00	2050.00	2050.00	2051.00	2051.00	2051.00	2051.00	2051.00	2051.00	2052.00	2052.00	2052.00	2052.00	2052.00	2053.00	2053.00	2053.00	2053.00	2054.00	2054.00	2054.00	2054.00	2054.00	2055.00	2055.00	2055.00	2056.00	2056.00	2056.00	2057.00	2057.00	2057.00	2058.00	2058.00	2058.00	2058.00	2058.00	2059.00	2059.00	2060.00	2060.00	2060.00	2060.00	2061.00	2061.00	2061.00	2062.00	2062.00	2062.00	2063.00	2063.00	2063.00	2064.00	2065.00	2065.00	2065.00	2065.00	2066.00	2067.00	2067.00	2067.00	2068.00	2069.00	2069.00	2069.00	2069.00	2070.00	2070.00	2070.00	2071.00	2072.00	2072.00	2072.00	2073.00	2073.00	2074.00	2075.00	2075.00	2075.00	2075.00	2076.00	2076.00	2076.00	2076.00	2077.00	2077.00	2077.00	2077.00	2078.00	2078.00	2078.00	2078.00	2078.00	2078.00	2078.00	2078.00	2078.00	2078.00	2078.00	2078.00	2078.00	2078.00	2078.00	2078.00	2078.00
2038.00	2038.00	2038.00	2038.00	2039.00	2039.00	2039.00	2040.00	2040.00	2040.00	2041.00	2041.00	2041.00	2041.00	2041.00	2042.00	2042.00	2042.00	2043.00	2043.00	2043.00	2043.00	2043.00	2043.00	2044.00	2044.00	2044.00	2044.00	2045.00	2045.00	2045.00	2045.00	2045.00	2045.00	2045.00	2045.00	2045.00	2045.00	2045.00	2046.00	2046.00	2046.00	2046.00	2046.00	2046.00	2046.00	2046.00	2046.00	2046.00	2046.00	2047.00	2047.00	2047.00	2047.00	2047.00	2047.00	2047.00	2047.00	2047.00	2048.00	2048.00	2048.00	2048.00	2048.00	2049.00	2049.00	2049.00	2049.00	2049.00	2050.00	2050.00	2050.00	2050.00	2050.00	2051.00	2051.00	2051.00	2051.00	2052.00	2052.00	2052.00	2052.00	2052.00	2052.00	2052.00	2053.00	2053.00	2053.00	2053.00	2053.00	2053.00	2053.00	2053.00	2053.00	2053.00	2053.00	2053.00	2053.00	2053.00	2053.00	2053.00	2053.00	2053.00	2053.00	2053.00	2053.00	2053.00	2053.00	2053.00	2053.00	2053.00	2053.00	2053.00	2053.00	2053.00	2052.00	2052.00	2052.00	2052.00	2052.00	2052.00	2052.00	2052.00	2052.00	2052.00	2052.00	2052.00	2051.00	2051.00	2051.00	2051.00	2051.00	2051.00	2051.00	2051.00	2050.00	2050.00	2050.00	2050.00	2050.00	2050.00	2050.00	2050.00	2050.00	2050.00	2050.00	2050.00	2050.00	2050.00	2050.00	2050.00	2050.00	2050.00	2050.00	2051.00	2051.00	2051.00	2051.00	2051.00	2051.00	2052.00	2052.00	2052.00	2052.00	2052.00	2053.00	2053.00	2053.00	2053.00	2054.00	2054.00	2054.00	2054.00	2054.00	2055.00	2055.00	2055.00	2056.00	2056.00	2056.00	2057.00	2057.00	2057.00	2058.00	2058.00	2058.00	2058.00	2058.00	2059.00	2059.00	2060.00	2060.00	2060.00	2060.00	2061.00	2061.00	2061.00	2062.00	2062.00	2062.00	2063.00	2063.00	2063.00	2064.00	2065.00	2065.00	2065.00	2065.00	2066.00	2067.00	2067.00	2067.00	2068.00	2069.00	2069.00	2069.00	2069.00	2070.00	2070.00	2070.00	2071.00	2072.00	2072.00	2072.00	2073.00	2073.00	2074.00	2075.00	2075.00	2075.00	2075.00	2076.00	2076.00	2076.00	2076.00	2077.00	2077.00	2077.00	2077.00	2078.00	2078.00	2078.00	2078.00	2078.00	2078.00	2078.00	2078.00	2078.00	2078.00	2078.00	2078.00	2078.00	2078.00	2078.00	2078.00	2078.00
2038.00	2038.00	2038.00	2038.00	2039.00	2039.00	2039.00	2040.00	2040.00	2040.00	2041.00	2041.00	2041.00	2041.00	2041.00	2042.00	2042.00	2042.00	2043.00	2043.00	2043.00	2043.00	2043.00	2043.00	2044.00	2044.00	2044.00	2044.00	2045.00	2045.00	2045.00	2045.00	2045.00	2045.00	2045.00	2045.00	2045.00	2045.00	2045.00	2046.00	2046.00	2046.00	2046.00	2046.00	2046.00	2046.00	2046.00	2046.00	2046.00	2046.00	2047.00	2047.00	2047.00	2047.00	2047.00	2047.00	2047.00	2047.00	2047.00	2048.00	2048.00	2048.00	2048.00	2048.00	2049.00	2049.00	2049.00	2049.00	2049.00	2050.00	2050.00	2050.00	2050.00	2050.00	2051.00	2051.00	2051.00	2051.00	2052.00	2052.00	2052.00	2052.00	2052.00	2052.00	2052.00	2053.00	2053.00	2053.00	2053.00	2053.00	2053.00	2053.00	2053.00	2053.00	2053.00	2053.00	2053.00	2053.00	2053.00	2053.00	2053.00	2053.00	2053.00	2053.00	2053.00	2053.00	2053.00	2053.00	2053.00	2053.00	2053.00	2053.00	2053.00	2053.00	2053.00	2052.00	2052.00	2052.00	2052.00	2052.00	2052.00	2052.00	2052.00	2052.00	2052.00	2052.00	2052.00	2051.00	2051.00	2051.00	2051.00	2051.00	2051.00	2051.00	2051.00	2050.00	2050.00	2050.00	2050.00	2050.00	2050.00	2050.00	2050.00	2050.00	2050.00	2050.00	2050.00	2050.00	2050.00	2050.00	2050.00	2050.00	2050.00	2050.00	2051.00	2051.00	2051.00	2051.00	2051.00	2051.00	2052.00	2052.00	2052.00	2052.00	2052.00	2053.00	2053.00	2053.00	2053.00	2054.00	2054.00	2054.00	2054.00	2054.00	2055.00	2055.00	2055.00	2056.00	2056.00	2056.00	2057.00	2057.00	2057.00	2058.00	2058.00	2058.00	2058.00	2058.00	2059.00	2059.00	2060.00	2060.00	2060.00	2060.00	2061.00	2061.00	2061.00	2062.00	2062.00	2062.00	2063.00	2063.00	2063.00	2064.00	2065.00	2065.00	2065.00	2065.00	2066.00	2067.00	2067.00	2067.00	2068.00	2069.00	2069.00	2069.00	2069.00	2070.00	2070.00	2070.00	2071.00	2072.00	2072.00	2072.00	2073.00	2073.00	2074.00	2075.00	2075.00	2075.00	2075.00	2076.00	2076.00	2076.00	2076.00	2077.00	2077.00	2077.00	2077.00	2078.00	2078.00	2078.00	2078.00	2078.00	2078.00	2078.00	2078.00	2078.00	2078.00	2078.00	2078.00	2078.00	2078.00	2078.00	2078.00	2078.00
2042.00	2042.00	2042.00	2042.00	2043.00	2043.00	2043.00	2044.00	2044.00	2044.00	2044.00	2044.00	2044.00	2045.00	2045.00	2045.00	2045.00	2045.00	2045.00	2046.00	2046.00	2046.00	2046.00	2046.00	2046.00	2047.00	2047.00	2047.00	2047.00	2047.00	2047.00	2047.00	2047.00	2047.00	2047.00	2047.00	2047.00	2047.00	2047.00	2047.00	2047.00	2047.00	2047.00	2047.00	2047.00	2047.00	2047.00	2047.00	2047.00	2047.00	2048.00	2048.00	2048.00	2048.00	2048.00	2048.00	2048.00	2048.00	2048.00	2049.00	2049.00	2049.00	2049.00	2049.00	2050.00	2050.00	2050.00	2050.00	2051.00	2051.00	2051.00	2051.00	2051.00	2051.00	2052.00	2052.00	2052.00	2052.00	2053.00	2053.00	2053.00	2053.00	2053.00	2054.00	2054.00	2054.00	2054.00	2054.00	2054.00	2054.00	2054.00	2054.00	2054.00	2054.00	2054.00	2054.00	2054.00	2054.00	2054.00	2054.00	2054.00	2054.00	2054.00	2055.00	2055.00	2054.00	2054.00	2054.00	2054.00	2054.00	2054.00	2054.00	2054.00	2054.00	2054.00	2054.00	2054.00	2054.00	2054.00	2054.00	2054.00	2054.00	2054.00	2054.00	2053.00	2053.00	2053.00	2053.00	2053.00	2053.00	2053.00	2052.00	2052.00	2052.00	2052.00	2052.00	2052.00	2052.00	2052.00	2052.00	2051.00	2051.00	2051.00	2051.00	2051.00	2051.00	2051.00	2051.00	2051.00	2051.00	2051.00	2051.00	2051.00	2051.00	2052.00	2052.00	2052.00	2052.00	2053.00	2053.00	2053.00	2053.00	2053.00	2053.00	2053.00	2054.00	2054.00	2054.00	2054.00	2055.00	2055.00	2055.00	2056.00	2056.00	2056.00	2056.00	2057.00	2057.00	2057.00	2058.00	2059.00	2059.00	2059.00	2059.00	2059.00	2060.00	2060.00	2060.00	2061.00	2061.00	2062.00	2062.00	2063.00	2063.00	2063.00	2064.00	2064.00	2065.00	2065.00	2065.00	2066.00	2067.00	2067.00	2067.00	2068.00	2068.00	2069.00	2069.00	2070.00	2070.00	2070.00	2071.00	2072.00	2073.00	2073.00	2073.00	2073.00	2074.00	2075.00	2075.00	2075.00	2076.00	2076.00	2076.00	2077.00	2077.00	2078.00	2078.00	2078.00	2079.00	2079.00	2079.00	2079.00	2079.00	2079.00	2080.00	2080.00	2080.00	2080.00	2080.00	2080.00	2080.00	2080.00	2080.00	2080.00	2080.00	2080.00	2080.00	2080.00	2080.00	2080.00	2080.00	2080.00	2080.00	2080.00	2080.00
2042.00	2042.00	2042.00	2042.00	2043.00	2043.00	2043.00	2044.00	2044.00	2044.00	2044.00	2044.00	2044.00	2045.00	2045.00	2045.00	2045.00	2045.00	2045.00	2046.00	2046.00	2046.00	2046.00	2046.00	2046.00	2047.00	2047.00	2047.00	2047.00	2047.00	2047.00	2047.00	2047.00	2047.00	2047.00	2047.00	2047.00	2047.00	2047.00	2047.00	2047.00	2047.00	2047.00	2047.00	2047.00	2047.00	2047.00	2047.00	2047.00	2047.00	2048.00	2048.00	2048.00	2048.00	2048.00	2048.00	2048.00	2048.00	2048.00	2049.00	2049.00	2049.00	2049.00	2049.00	2050.00	2050.00	2050.00	2050.00	2051.00	2051.00	2051.00	2051.00	2051.00	2051.00	2052.00	2052.00	2052.00	2052.00	2053.00	2053.00	2053.00	2053.00	2053.00	2054.00	2054.00	2054.00	2054.00	2054.00	2054.00	2054.00	2054.00	2054.00	2054.00	2054.00	2054.00	2054.00	2054.00	2054.00	2054.00	2054.00	2054.00	2054.00	2054.00	2055.00	2055.00	2054.00	2054.00	2054.00	2054.00	2054.00	2054.00	2054.00	2054.00	2054.00	2054.00	2054.00	2054.00	2054.00	2054.00	2054.00	2054.00	2054.00	2054.00	2054.00	2053.00	2053.00	2053.00	2053.00	2053.00	2053.00	2053.00	2052.00	2052.00	2052.00	2052.00	2052.00	2052.00	2052.00	2052.00	2052.00	2051.00	2051.00	2051.00	2051.00	2051.00	2051.00	2051.00	2051.00	2051.00	2051.00	2051.00	2051.00	2051.00	2051.00	2052.00	2052.00	2052.00	2052.00	2053.00	2053.00	2053.00	2053.00	2053.00	2053.00	2053.00	2054.00	2054.00	2054.00	2054.00	2055.00	2055.00	2055.00	2056.00	2056.00	2056.00	2056.00	2057.00	2057.00	2057.00	2058.00	2059.00	2059.00	2059.00	2059.00	2059.00	2060.00	2060.00	2060.00	2061.00	2061.00	2062.00	2062.00	2063.00	2063.00	2063.00	2064.00	2064.00	2065.00	2065.00	2065.00	2066.00	2067.00	2067.00	2067.00	2068.00	2068.00	2069.00	2069.00	2070.00	2070.00	2070.00	2071.00	2072.00	2073.00	2073.00	2073.00	2073.00	2074.00	2075.00	2075.00	2075.00	2076.00	2076.00	2076.00	2077.00	2077.00	2078.00	2078.00	2078.00	2079.00	2079.00	2079.00	2079.00	2079.00	2079.00	2080.00	2080.00	2080.00	2080.00	2080.00	2080.00	2080.00	2080.00	2080.00	2080.00	2080.00	2080.00	2080.00	2080.00	2080.00	2080.00	2080.00	2080.00	2080.00	2080.00	2080.00
2042.00	2042.00	2042.00	2042.00	2043.00	2043.00	2043.00	2044.00	2044.00	2044.00	2044.00	2044.00	2044.00	2045.00	2045.00	2045.00	2045.00	2045.00	2045.00	2046.00	2046.00	2046.00	2046.00	2046.00	2046.00	2047.00	2047.00	2047.00	2047.00	2047.00	2047.00	2047.00	2047.00	2047.00	2047.00	2047.00	2047.00	2047.00	2047.00	2047.00	2047.00	2047.00	2047.00	2047.00	2047.00	2047.00	2047.00	2047.00	2047.00	2047.00	2048.00	2048.00	2048.00	2048.00	2048.00	2048.00	2048.00	2048.00	2048.00	2049.00	2049.00	2049.00	2049.00	2049.00	2050.00	2050.00	2050.00	2050.00	2051.00	2051.00	2051.00	2051.00	2051.00	2051.00	2052.00	2052.00	2052.00	2052.00	2053.00	2053.00	2053.00	2053.00	2053.00	2054.00	2054.00	2054.00	2054.00	2054.00	2054.00	2054.00	2054.00	2054.00	2054.00	2054.00	2054.00	2054.00	2054.00	2054.00	2054.00	2054.00	2054.00	2054.00	2054.00	2055.00	2055.00	2054.00	2054.00	2054.00	2054.00	2054.00	2054.00	2054.00	2054.00	2054.00	2054.00	2054.00	2054.00	2054.00	2054.00	2054.00	2054.00	2054.00	2054.00	2054.00	2053.00	2053.00	2053.00	2053.00	2053.00	2053.00	2053.00	2052.00	2052.00	2052.00	2052.00	2052.00	2052.00	2052.00	2052.00	2052.00	2051.00	2051.00	2051.00	2051.00	2051.00	2051.00	2051.00	2051.00	2051.00	2051.00	2051.00	2051.00	2051.00	2051.00	2052.00	2052.00	2052.00	2052.00	2053.00	2053.00	2053.00	2053.00	2053.00	2053.00	2053.00	2054.00	2054.00	2054.00	2054.00	2055.00	2055.00	2055.00	2056.00	2056.00	2056.00	2056.00	2057.00	2057.00	2057.00	2058.00	2059.00	2059.00	2059.00	2059.00	2059.00	2060.00	2060.00	2060.00	2061.00	2061.00	2062.00	2062.00	2063.00	2063.00	2063.00	2064.00	2064.00	2065.00	2065.00	2065.00	2066.00	2067.00	2067.00	2067.00	2068.00	2068.00	2069.00	2069.00	2070.00	2070.00	2070.00	2071.00	2072.00	2073.00	2073.00	2073.00	2073.00	2074.00	2075.00	2075.00	2075.00	2076.00	2076.00	2076.00	2077.00	2077.00	2078.00	2078.00	2078.00	2079.00	2079.00	2079.00	2079.00	2079.00	2079.00	2080.00	2080.00	2080.00	2080.00	2080.00	2080.00	2080.00	2080.00	2080.00	2080.00	2080.00	2080.00	2080.00	2080.00	2080.00	2080.00	2080.00	2080.00	2080.00	2080.00	2080.00
2042.00	2042.00	2042.00	2042.00	2043.00	2043.00	2043.00	2044.00	2044.00	2044.00	2044.00	2044.00	2044.00	2045.00	2045.00	2045.00	2045.00	2045.00	2045.00	2046.00	2046.00	2046.00	2046.00	2046.00	2046.00	2047.00	2047.00	2047.00	2047.00	2047.00	2047.00	2047.00	2047.00	2047.00	2047.00	2047.00	2047.00	2047.00	2047.00	2047.00	2047.00	2047.00	2047.00	2047.00	2047.00	2047.00	2047.00	2047.00	2047.00	2047.00	2048.00	2048.00	2048.00	2048.00	2048.00	2048.00	2048.00	2048.00	2048.00	2049.00	2049.00	2049.00	2049.00	2049.00	2050.00	2050.00	2050.00	2050.00	2051.00	2051.00	2051.00	2051.00	2051.00	2051.00	2052.00	2052.00	2052.00	2052.00	2053.00	2053.00	2053.00	2053.00	2053.00	2054.00	2054.00	2054.00	2054.00	2054.00	2054.00	2054.00	2054.00	2054.00	2054.00	2054.00	2054.00	2054.00	2054.00	2054.00	2054.00	2054.00	2054.00	2054.00	2054.00	2055.00	2055.00	2054.00	2054.00	2054.00	2054.00	2054.00	2054.00	2054.00	2054.00	2054.00	2054.00	2054.00	2054.00	2054.00	2054.00	2054.00	2054.00	2054.00	2054.00	2054.00	2053.00	2053.00	2053.00	2053.00	2053.00	2053.00	2053.00	2052.00	2052.00	2052.00	2052.00	2052.00	2052.00	2052.00	2052.00	2052.00	2051.00	2051.00	2051.00	2051.00	2051.00	2051.00	2051.00	2051.00	2051.00	2051.00	2051.00	2051.00	2051.00	2051.00	2052.00	2052.00	2052.00	2052.00	2053.00	2053.00	2053.00	2053.00	2053.00	2053.00	2053.00	2054.00	2054.00	2054.00	2054.00	2055.00	2055.00	2055.00	2056.00	2056.00	2056.00	2056.00	2057.00	2057.00	2057.00	2058.00	2059.00	2059.00	2059.00	2059.00	2059.00	2060.00	2060.00	2060.00	2061.00	2061.00	2062.00	2062.00	2063.00	2063.00	2063.00	2064.00	2064.00	2065.00	2065.00	2065.00	2066.00	2067.00	2067.00	2067.00	2068.00	2068.00	2069.00	2069.00	2070.00	2070.00	2070.00	2071.00	2072.00	2073.00	2073.00	2073.00	2073.00	2074.00	2075.00	2075.00	2075.00	2076.00	2076.00	2076.00	2077.00	2077.00	2078.00	2078.00	2078.00	2079.00	2079.00	2079.00	2079.00	2079.00	2079.00	2080.00	2080.00	2080.00	2080.00	2080.00	2080.00	2080.00	2080.00	2080.00	2080.00	2080.00	2080.00	2080.00	2080.00	2080.00	2080.00	2080.00	2080.00	2080.00	2080.00	2080.00
2042.00	2042.00	2042.00	2042.00	2043.00	2043.00	2043.00	2044.00	2044.00	2044.00	2044.00	2044.00	2044.00	2045.00	2045.00	2045.00	2045.00	2045.00	2045.00	2046.00	2046.00	2046.00	2046.00	2046.00	2046.00	2047.00	2047.00	2047.00	2047.00	2047.00	2047.00	2047.00	2047.00	2047.00	2047.00	2047.00	2047.00	2047.00	2047.00	2047.00	2047.00	2047.00	2047.00	2047.00	2047.00	2047.00	2047.00	2047.00	2047.00	2047.00	2048.00	2048.00	2048.00	2048.00	2048.00	2048.00	2048.00	2048.00	2048.00	2049.00	2049.00	2049.00	2049.00	2049.00	2050.00	2050.00	2050.00	2050.00	2051.00	2051.00	2051.00	2051.00	2051.00	2051.00	2052.00	2052.00	2052.00	2052.00	2053.00	2053.00	2053.00	2053.00	2053.00	2054.00	2054.00	2054.00	2054.00	2054.00	2054.00	2054.00	2054.00	2054.00	2054.00	2054.00	2054.00	2054.00	2054.00	2054.00	2054.00	2054.00	2054.00	2054.00	2054.00	2055.00	2055.00	2054.00	2054.00	2054.00	2054.00	2054.00	2054.00	2054.00	2054.00	2054.00	2054.00	2054.00	2054.00	2054.00	2054.00	2054.00	2054.00	2054.00	2054.00	2054.00	2053.00	2053.00	2053.00	2053.00	2053.00	2053.00	2053.00	2052.00	2052.00	2052.00	2052.00	2052.00	2052.00	2052.00	2052.00	2052.00	2051.00	2051.00	2051.00	2051.00	2051.00	2051.00	2051.00	2051.00	2051.00	2051.00	2051.00	2051.00	2051.00	2051.00	2052.00	2052.00	2052.00	2052.00	2053.00	2053.00	2053.00	2053.00	2053.00	2053.00	2053.00	2054.00	2054.00	2054.00	2054.00	2055.00	2055.00	2055.00	2056.00	2056.00	2056.00	2056.00	2057.00	2057.00	2057.00	2058.00	2059.00	2059.00	2059.00	2059.00	2059.00	2060.00	2060.00	2060.00	2061.00	2061.00	2062.00	2062.00	2063.00	2063.00	2063.00	2064.00	2064.00	2065.00	2065.00	2065.00	2066.00	2067.00	2067.00	2067.00	2068.00	2068.00	2069.00	2069.00	2070.00	2070.00	2070.00	2071.00	2072.00	2073.00	2073.00	2073.00	2073.00	2074.00	2075.00	2075.00	2075.00	2076.00	2076.00	2076.00	2077.00	2077.00	2078.00	2078.00	2078.00	2079.00	2079.00	2079.00	2079.00	2079.00	2079.00	2080.00	2080.00	2080.00	2080.00	2080.00	2080.00	2080.00	2080.00	2080.00	2080.00	2080.00	2080.00	2080.00	2080.00	2080.00	2080.00	2080.00	2080.00	2080.00	2080.00	2080.00
2042.00	2042.00	2042.00	2042.00	2043.00	2043.00	2043.00	2044.00	2044.00	2044.00	2044.00	2044.00	2044.00	2045.00	2045.00	2045.00	2045.00	2045.00	2045.00	2046.00	2046.00	2046.00	2046.00	2046.00	2046.00	2047.00	2047.00	2047.00	2047.00	2047.00	2047.00	2047.00	2047.00	2047.00	2047.00	2047.00	2047.00	2047.00	2047.00	2047.00	2047.00	2047.00	2047.00	2047.00	2047.00	2047.00	2047.00	2047.00	2047.00	2047.00	2048.00	2048.00	2048.00	2048.00	2048.00	2048.00	2048.00	2048.00	2048.00	2049.00	2049.00	2049.00	2049.00	2049.00	2050.00	2050.00	2050.00	2050.00	2051.00	2051.00	2051.00	2051.00	2051.00	2051.00	2052.00	2052.00	2052.00	2052.00	2053.00	2053.00	2053.00	2053.00	2053.00	2054.00	2054.00	2054.00	2054.00	2054.00	2054.00	2054.00	2054.00	2054.00	2054.00	2054.00	2054.00	2054.00	2054.00	2054.00	2054.00	2054.00	2054.00	2054.00	2054.00	2055.00	2055.00	2054.00	2054.00	2054.00	2054.00	2054.00	2054.00	2054.00	2054.00	2054.00	2054.00	2054.00	2054.00	2054.00	2054.00	2054.00	2054.00	2054.00	2054.00	2054.00	2053.00	2053.00	2053.00	2053.00	2053.00	2053.00	2053.00	2052.00	2052.00	2052.00	2052.00	2052.00	2052.00	2052.00	2052.00	2052.00	2051.00	2051.00	2051.00	2051.00	2051.00	2051.00	2051.00	2051.00	2051.00	2051.00	2051.00	2051.00	2051.00	2051.00	2052.00	2052.00	2052.00	2052.00	2053.00	2053.00	2053.00	2053.00	2053.00	2053.00	2053.00	2054.00	2054.00	2054.00	2054.00	2055.00	2055.00	2055.00	2056.00	2056.00	2056.00	2056.00	2057.00	2057.00	2057.00	2058.00	2059.00	2059.00	2059.00	2059.00	2059.00	2060.00	2060.00	2060.00	2061.00	2061.00	2062.00	2062.00	2063.00	2063.00	2063.00	2064.00	2064.00	2065.00	2065.00	2065.00	2066.00	2067.00	2067.00	2067.00	2068.00	2068.00	2069.00	2069.00	2070.00	2070.00	2070.00	2071.00	2072.00	2073.00	2073.00	2073.00	2073.00	2074.00	2075.00	2075.00	2075.00	2076.00	2076.00	2076.00	2077.00	2077.00	2078.00	2078.00	2078.00	2079.00	2079.00	2079.00	2079.00	2079.00	2079.00	2080.00	2080.00	2080.00	2080.00	2080.00	2080.00	2080.00	2080.00	2080.00	2080.00	2080.00	2080.00	2080.00	2080.00	2080.00	2080.00	2080.00	2080.00	2080.00	2080.00	2080.00
2042.00	2042.00	2042.00	2042.00	2043.00	2043.00	2043.00	2044.00	2044.00	2044.00	2044.00	2044.00	2044.00	2045.00	2045.00	2045.00	2045.00	2045.00	2045.00	2046.00	2046.00	2046.00	2046.00	2046.00	2046.00	2047.00	2047.00	2047.00	2047.00	2047.00	2047.00	2047.00	2047.00	2047.00	2047.00	2047.00	2047.00	2047.00	2047.00	2047.00	2047.00	2047.00	2047.00	2047.00	2047.00	2047.00	2047.00	2047.00	2047.00	2047.00	2048.00	2048.00	2048.00	2048.00	2048.00	2048.00	2048.00	2048.00	2048.00	2049.00	2049.00	2049.00	2049.00	2049.00	2050.00	2050.00	2050.00	2050.00	2051.00	2051.00	2051.00	2051.00	2051.00	2051.00	2052.00	2052.00	2052.00	2052.00	2053.00	2053.00	2053.00	2053.00	2053.00	2054.00	2054.00	2054.00	2054.00	2054.00	2054.00	2054.00	2054.00	2054.00	2054.00	2054.00	2054.00	2054.00	2054.00	2054.00	2054.00	2054.00	2054.00	2054.00	2054.00	2055.00	2055.00	2054.00	2054.00	2054.00	2054.00	2054.00	2054.00	2054.00	2054.00	2054.00	2054.00	2054.00	2054.00	2054.00	2054.00	2054.00	2054.00	2054.00	2054.00	2054.00	2053.00	2053.00	2053.00	2053.00	2053.00	2053.00	2053.00	2052.00	2052.00	2052.00	2052.00	2052.00	2052.00	2052.00	2052.00	2052.00	2051.00	2051.00	2051.00	2051.00	2051.00	2051.00	2051.00	2051.00	2051.00	2051.00	2051.00	2051.00	2051.00	2051.00	2052.00	2052.00	2052.00	2052.00	2053.00	2053.00	2053.00	2053.00	2053.00	2053.00	2053.00	2054.00	2054.00	2054.00	2054.00	2055.00	2055.00	2055.00	2056.00	2056.00	2056.00	2056.00	2057.00	2057.00	2057.00	2058.00	2059.00	2059.00	2059.00	2059.00	2059.00	2060.00	2060.00	2060.00	2061.00	2061.00	2062.00	2062.00	2063.00	2063.00	2063.00	2064.00	2064.00	2065.00	2065.00	2065.00	2066.00	2067.00	2067.00	2067.00	2068.00	2068.00	2069.00	2069.00	2070.00	2070.00	2070.00	2071.00	2072.00	2073.00	2073.00	2073.00	2073.00	2074.00	2075.00	2075.00	2075.00	2076.00	2076.00	2076.00	2077.00	2077.00	2078.00	2078.00	2078.00	2079.00	2079.00	2079.00	2079.00	2079.00	2079.00	2080.00	2080.00	2080.00	2080.00	2080.00	2080.00	2080.00	2080.00	2080.00	2080.00	2080.00	2080.00	2080.00	2080.00	2080.00	2080.00	2080.00	2080.00	2080.00	2080.00	2080.00
2042.00	2042.00	2042.00	2042.00	2043.00	2043.00	2043.00	2044.00	2044.00	2044.00	2044.00	2044.00	2044.00	2045.00	2045.00	2045.00	2045.00	2045.00	2045.00	2046.00	2046.00	2046.00	2046.00	2046.00	2046.00	2047.00	2047.00	2047.00	2047.00	2047.00	2047.00	2047.00	2047.00	2047.00	2047.00	2047.00	2047.00	2047.00	2047.00	2047.00	2047.00	2047.00	2047.00	2047.00	2047.00	2047.00	2047.00	2047.00	2047.00	2047.00	2048.00	2048.00	2048.00	2048.00	2048.00	2048.00	2048.00	2048.00	2048.00	2049.00	2049.00	2049.00	2049.00	2049.00	2050.00	2050.00	2050.00	2050.00	2051.00	2051.00	2051.00	2051.00	2051.00	2051.00	2052.00	2052.00	2052.00	2052.00	2053.00	2053.00	2053.00	2053.00	2053.00	2054.00	2054.00	2054.00	2054.00	2054.00	2054.00	2054.00	2054.00	2054.00	2054.00	2054.00	2054.00	2054.00	2054.00	2054.00	2054.00	2054.00	2054.00	2054.00	2054.00	2055.00	2055.00	2054.00	2054.00	2054.00	2054.00	2054.00	2054.00	2054.00	2054.00	2054.00	2054.00	2054.00	2054.00	2054.00	2054.00	2054.00	2054.00	2054.00	2054.00	2054.00	2053.00	2053.00	2053.00	2053.00	2053.00	2053.00	2053.00	2052.00	2052.00	2052.00	2052.00	2052.00	2052.00	2052.00	2052.00	2052.00	2051.00	2051.00	2051.00	2051.00	2051.00	2051.00	2051.00	2051.00	2051.00	2051.00	2051.00	2051.00	2051.00	2051.00	2052.00	2052.00	2052.00	2052.00	2053.00	2053.00	2053.00	2053.00	2053.00	2053.00	2053.00	2054.00	2054.00	2054.00	2054.00	2055.00	2055.00	2055.00	2056.00	2056.00	2056.00	2056.00	2057.00	2057.00	2057.00	2058.00	2059.00	2059.00	2059.00	2059.00	2059.00	2060.00	2060.00	2060.00	2061.00	2061.00	2062.00	2062.00	2063.00	2063.00	2063.00	2064.00	2064.00	2065.00	2065.00	2065.00	2066.00	2067.00	2067.00	2067.00	2068.00	2068.00	2069.00	2069.00	2070.00	2070.00	2070.00	2071.00	2072.00	2073.00	2073.00	2073.00	2073.00	2074.00	2075.00	2075.00	2075.00	2076.00	2076.00	2076.00	2077.00	2077.00	2078.00	2078.00	2078.00	2079.00	2079.00	2079.00	2079.00	2079.00	2079.00	2080.00	2080.00	2080.00	2080.00	2080.00	2080.00	2080.00	2080.00	2080.00	2080.00	2080.00	2080.00	2080.00	2080.00	2080.00	2080.00	2080.00	2080.00	2080.00	2080.00	2080.00
2045.00	2045.00	2045.00	2045.00	2046.00	2046.00	2046.00	2046.00	2046.00	2046.00	2047.00	2047.00	2047.00	2047.00	2047.00	2047.00	2047.00	2047.00	2047.00	2047.00	2047.00	2048.00	2048.00	2048.00	2048.00	2048.00	2048.00	2048.00	2048.00	2048.00	2048.00	2048.00	2048.00	2048.00	2048.00	2048.00	2048.00	2048.00	2048.00	2048.00	2048.00	2048.00	2048.00	2048.00	2048.00	2048.00	2048.00	2048.00	2049.00	2049.00	2049.00	2049.00	2049.00	2049.00	2049.00	2049.00	2049.00	2050.00	2050.00	2050.00	2050.00	2050.00	2050.00	2050.00	2051.00	2051.00	2051.00	2051.00	2052.00	2052.00	2052.00	2052.00	2052.00	2053.00	2053.00	2053.00	2053.00	2053.00	2054.00	2054.00	2054.00	2054.00	2054.00	2055.00	2055.00	2055.00	2055.00	2055.00	2055.00	2055.00	2055.00	2055.00	2056.00	2056.00	2056.00	2056.00	2056.00	2056.00	2056.00	2056.00	2056.00	2056.00	2056.00	2056.00	2056.00	2056.00	2056.00	2056.00	2056.00	2056.00	2056.00	2056.00	2056.00	2056.00	2056.00	2056.00	2056.00	2056.00	2056.00	2056.00	2056.00	2055.00	2055.00	2055.00	2055.00	2055.00	2055.00	2055.00	2055.00	2055.00	2054.00	2054.00	2054.00	2054.00	2054.00	2054.00	2054.00	2054.00	2054.00	2054.00	2054.00	2054.00	2054.00	2054.00	2054.00	2054.00	2054.00	2054.00	2054.00	2054.00	2054.00	2054.00	2054.00	2054.00	2054.00	2054.00	2055.00	2055.00	2055.00	2055.00	2056.00	2056.00	2056.00	2056.00	2056.00	2056.00	2056.00	2057.00	2057.00	2057.00	2057.00	2058.00	2058.00	2058.00	2059.00	2059.00	2059.00	2060.00	2060.00	2060.00	2061.00	2061.00	2061.00	2061.00	2061.00	2062.00	2062.00	2062.00	2063.00	2063.00	2064.00	2064.00	2065.00	2065.00	2066.00	2066.00	2066.00	2067.00	2067.00	2068.00	2068.00	2069.00	2069.00	2070.00	2071.00	2071.00	2072.00	2072.00	2072.00	2073.00	2073.00	2074.00	2074.00	2075.00	2075.00	2075.00	2075.00	2076.00	2077.00	2077.00	2077.00	2078.00	2078.00	2078.00	2079.00	2079.00	2080.00	2080.00	2080.00	2081.00	2081.00	2081.00	2081.00	2081.00	2081.00	2082.00	2082.00	2082.00	2082.00	2082.00	2082.00	2082.00	2082.00	2082.00	2083.00	2083.00	2083.00	2083.00	2083.00	2083.00	2083.00	2083.00	2083.00	2083.00	2083.00	2083.00
2045.00	2045.00	2045.00	2045.00	2046.00	2046.00	2046.00	2046.00	2046.00	2046.00	2047.00	2047.00	2047.00	2047.00	2047.00	2047.00	2047.00	2047.00	2047.00	2047.00	2047.00	2048.00	2048.00	2048.00	2048.00	2048.00	2048.00	2048.00	2048.00	2048.00	2048.00	2048.00	2048.00	2048.00	2048.00	2048.00	2048.00	2048.00	2048.00	2048.00	2048.00	2048.00	2048.00	2048.00	2048.00	2048.00	2048.00	2048.00	2049.00	2049.00	2049.00	2049.00	2049.00	2049.00	2049.00	2049.00	2049.00	2050.00	2050.00	2050.00	2050.00	2050.00	2050.00	2050.00	2051.00	2051.00	2051.00	2051.00	2052.00	2052.00	2052.00	2052.00	2052.00	2053.00	2053.00	2053.00	2053.00	2053.00	2054.00	2054.00	2054.00	2054.00	2054.00	2055.00	2055.00	2055.00	2055.00	2055.00	2055.00	2055.00	2055.00	2055.00	2056.00	2056.00	2056.00	2056.00	2056.00	2056.00	2056.00	2056.00	2056.00	2056.00	2056.00	2056.00	2056.00	2056.00	2056.00	2056.00	2056.00	2056.00	2056.00	2056.00	2056.00	2056.00	2056.00	2056.00	2056.00	2056.00	2056.00	2056.00	2056.00	2055.00	2055.00	2055.00	2055.00	2055.00	2055.00	2055.00	2055.00	2055.00	2054.00	2054.00	2054.00	2054.00	2054.00	2054.00	2054.00	2054.00	2054.00	2054.00	2054.00	2054.00	2054.00	2054.00	2054.00	2054.00	2054.00	2054.00	2054.00	2054.00	2054.00	2054.00	2054.00	2054.00	2054.00	2054.00	2055.00	2055.00	2055.00	2055.00	2056.00	2056.00	2056.00	2056.00	2056.00	2056.00	2056.00	2057.00	2057.00	2057.00	2057.00	2058.00	2058.00	2058.00	2059.00	2059.00	2059.00	2060.00	2060.00	2060.00	2061.00	2061.00	2061.00	2061.00	2061.00	2062.00	2062.00	2062.00	2063.00	2063.00	2064.00	2064.00	2065.00	2065.00	2066.00	2066.00	2066.00	2067.00	2067.00	2068.00	2068.00	2069.00	2069.00	2070.00	2071.00	2071.00	2072.00	2072.00	2072.00	2073.00	2073.00	2074.00	2074.00	2075.00	2075.00	2075.00	2075.00	2076.00	2077.00	2077.00	2077.00	2078.00	2078.00	2078.00	2079.00	2079.00	2080.00	2080.00	2080.00	2081.00	2081.00	2081.00	2081.00	2081.00	2081.00	2082.00	2082.00	2082.00	2082.00	2082.00	2082.00	2082.00	2082.00	2082.00	2083.00	2083.00	2083.00	2083.00	2083.00	2083.00	2083.00	2083.00	2083.00	2083.00	2083.00	2083.00
2045.00	2045.00	2045.00	2045.00	2046.00	2046.00	2046.00	2046.00	2046.00	2046.00	2047.00	2047.00	2047.00	2047.00	2047.00	2047.00	2047.00	2047.00	2047.00	2047.00	2047.00	2048.00	2048.00	2048.00	2048.00	2048.00	2048.00	2048.00	2048.00	2048.00	2048.00	2048.00	2048.00	2048.00	2048.00	2048.00	2048.00	2048.00	2048.00	2048.00	2048.00	2048.00	2048.00	2048.00	2048.00	2048.00	2048.00	2048.00	2049.00	2049.00	2049.00	2049.00	2049.00	2049.00	2049.00	2049.00	2049.00	2050.00	2050.00	2050.00	2050.00	2050.00	2050.00	2050.00	2051.00	2051.00	2051.00	2051.00	2052.00	2052.00	2052.00	2052.00	2052.00	2053.00	2053.00	2053.00	2053.00	2053.00	2054.00	2054.00	2054.00	2054.00	2054.00	2055.00	2055.00	2055.00	2055.00	2055.00	2055.00	2055.00	2055.00	2055.00	2056.00	2056.00	2056.00	2056.00	2056.00	2056.00	2056.00	2056.00	2056.00	2056.00	2056.00	2056.00	2056.00	2056.00	2056.00	2056.00	2056.00	2056.00	2056.00	2056.00	2056.00	2056.00	2056.00	2056.00	2056.00	2056.00	2056.00	2056.00	2056.00	2055.00	2055.00	2055.00	2055.00	2055.00	2055.00	2055.00	2055.00	2055.00	2054.00	2054.00	2054.00	2054.00	2054.00	2054.00	2054.00	2054.00	2054.00	2054.00	2054.00	2054.00	2054.00	2054.00	2054.00	2054.00	2054.00	2054.00	2054.00	2054.00	2054.00	2054.00	2054.00	2054.00	2054.00	2054.00	2055.00	2055.00	2055.00	2055.00	2056.00	2056.00	2056.00	2056.00	2056.00	2056.00	2056.00	2057.00	2057.00	2057.00	2057.00	2058.00	2058.00	2058.00	2059.00	2059.00	2059.00	2060.00	2060.00	2060.00	2061.00	2061.00	2061.00	2061.00	2061.00	2062.00	2062.00	2062.00	2063.00	2063.00	2064.00	2064.00	2065.00	2065.00	2066.00	2066.00	2066.00	2067.00	2067.00	2068.00	2068.00	2069.00	2069.00	2070.00	2071.00	2071.00	2072.00	2072.00	2072.00	2073.00	2073.00	2074.00	2074.00	2075.00	2075.00	2075.00	2075.00	2076.00	2077.00	2077.00	2077.00	2078.00	2078.00	2078.00	2079.00	2079.00	2080.00	2080.00	2080.00	2081.00	2081.00	2081.00	2081.00	2081.00	2081.00	2082.00	2082.00	2082.00	2082.00	2082.00	2082.00	2082.00	2082.00	2082.00	2083.00	2083.00	2083.00	2083.00	2083.00	2083.00	2083.00	2083.00	2083.00	2083.00	2083.00	2083.00
2045.00	2045.00	2045.00	2045.00	2046.00	2046.00	2046.00	2046.00	2046.00	2046.00	2047.00	2047.00	2047.00	2047.00	2047.00	2047.00	2047.00	2047.00	2047.00	2047.00	2047.00	2048.00	2048.00	2048.00	2048.00	2048.00	2048.00	2048.00	2048.00	2048.00	2048.00	2048.00	2048.00	2048.00	2048.00	2048.00	2048.00	2048.00	2048.00	2048.00	2048.00	2048.00	2048.00	2048.00	2048.00	2048.00	2048.00	2048.00	2049.00	2049.00	2049.00	2049.00	2049.00	2049.00	2049.00	2049.00	2049.00	2050.00	2050.00	2050.00	2050.00	2050.00	2050.00	2050.00	2051.00	2051.00	2051.00	2051.00	2052.00	2052.00	2052.00	2052.00	2052.00	2053.00	2053.00	2053.00	2053.00	2053.00	2054.00	2054.00	2054.00	2054.00	2054.00	2055.00	2055.00	2055.00	2055.00	2055.00	2055.00	2055.00	2055.00	2055.00	2056.00	2056.00	2056.00	2056.00	2056.00	2056.00	2056.00	2056.00	2056.00	2056.00	2056.00	2056.00	2056.00	2056.00	2056.00	2056.00	2056.00	2056.00	2056.00	2056.00	2056.00	2056.00	2056.00	2056.00	2056.00	2056.00	2056.00	2056.00	2056.00	2055.00	2055.00	2055.00	2055.00	2055.00	2055.00	2055.00	2055.00	2055.00	2054.00	2054.00	2054.00	2054.00	2054.00	2054.00	2054.00	2054.00	2054.00	2054.00	2054.00	2054.00	2054.00	2054.00	2054.00	2054.00	2054.00	2054.00	2054.00	2054.00	2054.00	2054.00	2054.00	2054.00	2054.00	2054.00	2055.00	2055.00	2055.00	2055.00	2056.00	2056.00	2056.00	2056.00	2056.00	2056.00	2056.00	2057.00	2057.00	2057.00	2057.00	2058.00	2058.00	2058.00	2059.00	2059.00	2059.00	2060.00	2060.00	2060.00	2061.00	2061.00	2061.00	2061.00	2061.00	2062.00	2062.00	2062.00	2063.00	2063.00	2064.00	2064.00	2065.00	2065.00	2066.00	2066.00	2066.00	2067.00	2067.00	2068.00	2068.00	2069.00	2069.00	2070.00	2071.00	2071.00	2072.00	2072.00	2072.00	2073.00	2073.00	2074.00	2074.00	2075.00	2075.00	2075.00	2075.00	2076.00	2077.00	2077.00	2077.00	2078.00	2078.00	2078.00	2079.00	2079.00	2080.00	2080.00	2080.00	2081.00	2081.00	2081.00	2081.00	2081.00	2081.00	2082.00	2082.00	2082.00	2082.00	2082.00	2082.00	2082.00	2082.00	2082.00	2083.00	2083.00	2083.00	2083.00	2083.00	2083.00	2083.00	2083.00	2083.00	2083.00	2083.00	2083.00
2045.00	2045.00	2045.00	2045.00	2046.00	2046.00	2046.00	2046.00	2046.00	2046.00	2047.00	2047.00	2047.00	2047.00	2047.00	2047.00	2047.00	2047.00	2047.00	2047.00	2047.00	2048.00	2048.00	2048.00	2048.00	2048.00	2048.00	2048.00	2048.00	2048.00	2048.00	2048.00	2048.00	2048.00	2048.00	2048.00	2048.00	2048.00	2048.00	2048.00	2048.00	2048.00	2048.00	2048.00	2048.00	2048.00	2048.00	2048.00	2049.00	2049.00	2049.00	2049.00	2049.00	2049.00	2049.00	2049.00	2049.00	2050.00	2050.00	2050.00	2050.00	2050.00	2050.00	2050.00	2051.00	2051.00	2051.00	2051.00	2052.00	2052.00	2052.00	2052.00	2052.00	2053.00	2053.00	2053.00	2053.00	2053.00	2054.00	2054.00	2054.00	2054.00	2054.00	2055.00	2055.00	2055.00	2055.00	2055.00	2055.00	2055.00	2055.00	2055.00	2056.00	2056.00	2056.00	2056.00	2056.00	2056.00	2056.00	2056.00	2056.00	2056.00	2056.00	2056.00	2056.00	2056.00	2056.00	2056.00	2056.00	2056.00	2056.00	2056.00	2056.00	2056.00	2056.00	2056.00	2056.00	2056.00	2056.00	2056.00	2056.00	2055.00	2055.00	2055.00	2055.00	2055.00	2055.00	2055.00	2055.00	2055.00	2054.00	2054.00	2054.00	2054.00	2054.00	2054.00	2054.00	2054.00	2054.00	2054.00	2054.00	2054.00	2054.00	2054.00	2054.00	2054.00	2054.00	2054.00	2054.00	2054.00	2054.00	2054.00	2054.00	2054.00	2054.00	2054.00	2055.00	2055.00	2055.00	2055.00	2056.00	2056.00	2056.00	2056.00	2056.00	2056.00	2056.00	2057.00	2057.00	2057.00	2057.00	2058.00	2058.00	2058.00	2059.00	2059.00	2059.00	2060.00	2060.00	2060.00	2061.00	2061.00	2061.00	2061.00	2061.00	2062.00	2062.00	2062.00	2063.00	2063.00	2064.00	2064.00	2065.00	2065.00	2066.00	2066.00	2066.00	2067.00	2067.00	2068.00	2068.00	2069.00	2069.00	2070.00	2071.00	2071.00	2072.00	2072.00	2072.00	2073.00	2073.00	2074.00	2074.00	2075.00	2075.00	2075.00	2075.00	2076.00	2077.00	2077.00	2077.00	2078.00	2078.00	2078.00	2079.00	2079.00	2080.00	2080.00	2080.00	2081.00	2081.00	2081.00	2081.00	2081.00	2081.00	2082.00	2082.00	2082.00	2082.00	2082.00	2082.00	2082.00	2082.00	2082.00	2083.00	2083.00	2083.00	2083.00	2083.00	2083.00	2083.00	2083.00	2083.00	2083.00	2083.00	2083.00
2045.00	2045.00	2045.00	2045.00	2046.00	2046.00	2046.00	2046.00	2046.00	2046.00	2047.00	2047.00	2047.00	2047.00	2047.00	2047.00	2047.00	2047.00	2047.00	2047.00	2047.00	2048.00	2048.00	2048.00	2048.00	2048.00	2048.00	2048.00	2048.00	2048.00	2048.00	2048.00	2048.00	2048.00	2048.00	2048.00	2048.00	2048.00	2048.00	2048.00	2048.00	2048.00	2048.00	2048.00	2048.00	2048.00	2048.00	2048.00	2049.00	2049.00	2049.00	2049.00	2049.00	2049.00	2049.00	2049.00	2049.00	2050.00	2050.00	2050.00	2050.00	2050.00	2050.00	2050.00	2051.00	2051.00	2051.00	2051.00	2052.00	2052.00	2052.00	2052.00	2052.00	2053.00	2053.00	2053.00	2053.00	2053.00	2054.00	2054.00	2054.00	2054.00	2054.00	2055.00	2055.00	2055.00	2055.00	2055.00	2055.00	2055.00	2055.00	2055.00	2056.00	2056.00	2056.00	2056.00	2056.00	2056.00	2056.00	2056.00	2056.00	2056.00	2056.00	2056.00	2056.00	2056.00	2056.00	2056.00	2056.00	2056.00	2056.00	2056.00	2056.00	2056.00	2056.00	2056.00	2056.00	2056.00	2056.00	2056.00	2056.00	2055.00	2055.00	2055.00	2055.00	2055.00	2055.00	2055.00	2055.00	2055.00	2054.00	2054.00	2054.00	2054.00	2054.00	2054.00	2054.00	2054.00	2054.00	2054.00	2054.00	2054.00	2054.00	2054.00	2054.00	2054.00	2054.00	2054.00	2054.00	2054.00	2054.00	2054.00	2054.00	2054.00	2054.00	2054.00	2055.00	2055.00	2055.00	2055.00	2056.00	2056.00	2056.00	2056.00	2056.00	2056.00	2056.00	2057.00	2057.00	2057.00	2057.00	2058.00	2058.00	2058.00	2059.00	2059.00	2059.00	2060.00	2060.00	2060.00	2061.00	2061.00	2061.00	2061.00	2061.00	2062.00	2062.00	2062.00	2063.00	2063.00	2064.00	2064.00	2065.00	2065.00	2066.00	2066.00	2066.00	2067.00	2067.00	2068.00	2068.00	2069.00	2069.00	2070.00	2071.00	2071.00	2072.00	2072.00	2072.00	2073.00	2073.00	2074.00	2074.00	2075.00	2075.00	2075.00	2075.00	2076.00	2077.00	2077.00	2077.00	2078.00	2078.00	2078.00	2079.00	2079.00	2080.00	2080.00	2080.00	2081.00	2081.00	2081.00	2081.00	2081.00	2081.00	2082.00	2082.00	2082.00	2082.00	2082.00	2082.00	2082.00	2082.00	2082.00	2083.00	2083.00	2083.00	2083.00	2083.00	2083.00	2083.00	2083.00	2083.00	2083.00	2083.00	2083.00
2045.00	2045.00	2045.00	2045.00	2046.00	2046.00	2046.00	2046.00	2046.00	2046.00	2047.00	2047.00	2047.00	2047.00	2047.00	2047.00	2047.00	2047.00	2047.00	2047.00	2047.00	2048.00	2048.00	2048.00	2048.00	2048.00	2048.00	2048.00	2048.00	2048.00	2048.00	2048.00	2048.00	2048.00	2048.00	2048.00	2048.00	2048.00	2048.00	2048.00	2048.00	2048.00	2048.00	2048.00	2048.00	2048.00	2048.00	2048.00	2049.00	2049.00	2049.00	2049.00	2049.00	2049.00	2049.00	2049.00	2049.00	2050.00	2050.00	2050.00	2050.00	2050.00	2050.00	2050.00	2051.00	2051.00	2051.00	2051.00	2052.00	2052.00	2052.00	2052.00	2052.00	2053.00	2053.00	2053.00	2053.00	2053.00	2054.00	2054.00	2054.00	2054.00	2054.00	2055.00	2055.00	2055.00	2055.00	2055.00	2055.00	2055.00	2055.00	2055.00	2056.00	2056.00	2056.00	2056.00	2056.00	2056.00	2056.00	2056.00	2056.00	2056.00	2056.00	2056.00	2056.00	2056.00	2056.00	2056.00	2056.00	2056.00	2056.00	2056.00	2056.00	2056.00	2056.00	2056.00	2056.00	2056.00	2056.00	2056.00	2056.00	2055.00	2055.00	2055.00	2055.00	2055.00	2055.00	2055.00	2055.00	2055.00	2054.00	2054.00	2054.00	2054.00	2054.00	2054.00	2054.00	2054.00	2054.00	2054.00	2054.00	2054.00	2054.00	2054.00	2054.00	2054.00	2054.00	2054.00	2054.00	2054.00	2054.00	2054.00	2054.00	2054.00	2054.00	2054.00	2055.00	2055.00	2055.00	2055.00	2056.00	2056.00	2056.00	2056.00	2056.00	2056.00	2056.00	2057.00	2057.00	2057.00	2057.00	2058.00	2058.00	2058.00	2059.00	2059.00	2059.00	2060.00	2060.00	2060.00	2061.00	2061.00	2061.00	2061.00	2061.00	2062.00	2062.00	2062.00	2063.00	2063.00	2064.00	2064.00	2065.00	2065.00	2066.00	2066.00	2066.00	2067.00	2067.00	2068.00	2068.00	2069.00	2069.00	2070.00	2071.00	2071.00	2072.00	2072.00	2072.00	2073.00	2073.00	2074.00	2074.00	2075.00	2075.00	2075.00	2075.00	2076.00	2077.00	2077.00	2077.00	2078.00	2078.00	2078.00	2079.00	2079.00	2080.00	2080.00	2080.00	2081.00	2081.00	2081.00	2081.00	2081.00	2081.00	2082.00	2082.00	2082.00	2082.00	2082.00	2082.00	2082.00	2082.00	2082.00	2083.00	2083.00	2083.00	2083.00	2083.00	2083.00	2083.00	2083.00	2083.00	2083.00	2083.00	2083.00
2045.00	2045.00	2045.00	2045.00	2046.00	2046.00	2046.00	2046.00	2046.00	2046.00	2047.00	2047.00	2047.00	2047.00	2047.00	2047.00	2047.00	2047.00	2047.00	2047.00	2047.00	2048.00	2048.00	2048.00	2048.00	2048.00	2048.00	2048.00	2048.00	2048.00	2048.00	2048.00	2048.00	2048.00	2048.00	2048.00	2048.00	2048.00	2048.00	2048.00	2048.00	2048.00	2048.00	2048.00	2048.00	2048.00	2048.00	2048.00	2049.00	2049.00	2049.00	2049.00	2049.00	2049.00	2049.00	2049.00	2049.00	2050.00	2050.00	2050.00	2050.00	2050.00	2050.00	2050.00	2051.00	2051.00	2051.00	2051.00	2052.00	2052.00	2052.00	2052.00	2052.00	2053.00	2053.00	2053.00	2053.00	2053.00	2054.00	2054.00	2054.00	2054.00	2054.00	2055.00	2055.00	2055.00	2055.00	2055.00	2055.00	2055.00	2055.00	2055.00	2056.00	2056.00	2056.00	2056.00	2056.00	2056.00	2056.00	2056.00	2056.00	2056.00	2056.00	2056.00	2056.00	2056.00	2056.00	2056.00	2056.00	2056.00	2056.00	2056.00	2056.00	2056.00	2056.00	2056.00	2056.00	2056.00	2056.00	2056.00	2056.00	2055.00	2055.00	2055.00	2055.00	2055.00	2055.00	2055.00	2055.00	2055.00	2054.00	2054.00	2054.00	2054.00	2054.00	2054.00	2054.00	2054.00	2054.00	2054.00	2054.00	2054.00	2054.00	2054.00	2054.00	2054.00	2054.00	2054.00	2054.00	2054.00	2054.00	2054.00	2054.00	2054.00	2054.00	2054.00	2055.00	2055.00	2055.00	2055.00	2056.00	2056.00	2056.00	2056.00	2056.00	2056.00	2056.00	2057.00	2057.00	2057.00	2057.00	2058.00	2058.00	2058.00	2059.00	2059.00	2059.00	2060.00	2060.00	2060.00	2061.00	2061.00	2061.00	2061.00	2061.00	2062.00	2062.00	2062.00	2063.00	2063.00	2064.00	2064.00	2065.00	2065.00	2066.00	2066.00	2066.00	2067.00	2067.00	2068.00	2068.00	2069.00	2069.00	2070.00	2071.00	2071.00	2072.00	2072.00	2072.00	2073.00	2073.00	2074.00	2074.00	2075.00	2075.00	2075.00	2075.00	2076.00	2077.00	2077.00	2077.00	2078.00	2078.00	2078.00	2079.00	2079.00	2080.00	2080.00	2080.00	2081.00	2081.00	2081.00	2081.00	2081.00	2081.00	2082.00	2082.00	2082.00	2082.00	2082.00	2082.00	2082.00	2082.00	2082.00	2083.00	2083.00	2083.00	2083.00	2083.00	2083.00	2083.00	2083.00	2083.00	2083.00	2083.00	2083.00
2045.00	2045.00	2045.00	2045.00	2046.00	2046.00	2046.00	2046.00	2046.00	2046.00	2047.00	2047.00	2047.00	2047.00	2047.00	2047.00	2047.00	2047.00	2047.00	2047.00	2047.00	2048.00	2048.00	2048.00	2048.00	2048.00	2048.00	2048.00	2048.00	2048.00	2048.00	2048.00	2048.00	2048.00	2048.00	2048.00	2048.00	2048.00	2048.00	2048.00	2048.00	2048.00	2048.00	2048.00	2048.00	2048.00	2048.00	2048.00	2049.00	2049.00	2049.00	2049.00	2049.00	2049.00	2049.00	2049.00	2049.00	2050.00	2050.00	2050.00	2050.00	2050.00	2050.00	2050.00	2051.00	2051.00	2051.00	2051.00	2052.00	2052.00	2052.00	2052.00	2052.00	2053.00	2053.00	2053.00	2053.00	2053.00	2054.00	2054.00	2054.00	2054.00	2054.00	2055.00	2055.00	2055.00	2055.00	2055.00	2055.00	2055.00	2055.00	2055.00	2056.00	2056.00	2056.00	2056.00	2056.00	2056.00	2056.00	2056.00	2056.00	2056.00	2056.00	2056.00	2056.00	2056.00	2056.00	2056.00	2056.00	2056.00	2056.00	2056.00	2056.00	2056.00	2056.00	2056.00	2056.00	2056.00	2056.00	2056.00	2056.00	2055.00	2055.00	2055.00	2055.00	2055.00	2055.00	2055.00	2055.00	2055.00	2054.00	2054.00	2054.00	2054.00	2054.00	2054.00	2054.00	2054.00	2054.00	2054.00	2054.00	2054.00	2054.00	2054.00	2054.00	2054.00	2054.00	2054.00	2054.00	2054.00	2054.00	2054.00	2054.00	2054.00	2054.00	2054.00	2055.00	2055.00	2055.00	2055.00	2056.00	2056.00	2056.00	2056.00	2056.00	2056.00	2056.00	2057.00	2057.00	2057.00	2057.00	2058.00	2058.00	2058.00	2059.00	2059.00	2059.00	2060.00	2060.00	2060.00	2061.00	2061.00	2061.00	2061.00	2061.00	2062.00	2062.00	2062.00	2063.00	2063.00	2064.00	2064.00	2065.00	2065.00	2066.00	2066.00	2066.00	2067.00	2067.00	2068.00	2068.00	2069.00	2069.00	2070.00	2071.00	2071.00	2072.00	2072.00	2072.00	2073.00	2073.00	2074.00	2074.00	2075.00	2075.00	2075.00	2075.00	2076.00	2077.00	2077.00	2077.00	2078.00	2078.00	2078.00	2079.00	2079.00	2080.00	2080.00	2080.00	2081.00	2081.00	2081.00	2081.00	2081.00	2081.00	2082.00	2082.00	2082.00	2082.00	2082.00	2082.00	2082.00	2082.00	2082.00	2083.00	2083.00	2083.00	2083.00	2083.00	2083.00	2083.00	2083.00	2083.00	2083.00	2083.00	2083.00
2045.00	2045.00	2045.00	2045.00	2046.00	2046.00	2046.00	2046.00	2046.00	2046.00	2047.00	2047.00	2047.00	2047.00	2047.00	2047.00	2047.00	2047.00	2047.00	2047.00	2047.00	2048.00	2048.00	2048.00	2048.00	2048.00	2048.00	2048.00	2048.00	2048.00	2048.00	2048.00	2048.00	2048.00	2048.00	2048.00	2048.00	2048.00	2048.00	2048.00	2048.00	2048.00	2048.00	2048.00	2048.00	2048.00	2048.00	2048.00	2049.00	2049.00	2049.00	2049.00	2049.00	2049.00	2049.00	2049.00	2049.00	2050.00	2050.00	2050.00	2050.00	2050.00	2050.00	2050.00	2051.00	2051.00	2051.00	2051.00	2052.00	2052.00	2052.00	2052.00	2052.00	2053.00	2053.00	2053.00	2053.00	2053.00	2054.00	2054.00	2054.00	2054.00	2054.00	2055.00	2055.00	2055.00	2055.00	2055.00	2055.00	2055.00	2055.00	2055.00	2056.00	2056.00	2056.00	2056.00	2056.00	2056.00	2056.00	2056.00	2056.00	2056.00	2056.00	2056.00	2056.00	2056.00	2056.00	2056.00	2056.00	2056.00	2056.00	2056.00	2056.00	2056.00	2056.00	2056.00	2056.00	2056.00	2056.00	2056.00	2056.00	2055.00	2055.00	2055.00	2055.00	2055.00	2055.00	2055.00	2055.00	2055.00	2054.00	2054.00	2054.00	2054.00	2054.00	2054.00	2054.00	2054.00	2054.00	2054.00	2054.00	2054.00	2054.00	2054.00	2054.00	2054.00	2054.00	2054.00	2054.00	2054.00	2054.00	2054.00	2054.00	2054.00	2054.00	2054.00	2055.00	2055.00	2055.00	2055.00	2056.00	2056.00	2056.00	2056.00	2056.00	2056.00	2056.00	2057.00	2057.00	2057.00	2057.00	2058.00	2058.00	2058.00	2059.00	2059.00	2059.00	2060.00	2060.00	2060.00	2061.00	2061.00	2061.00	2061.00	2061.00	2062.00	2062.00	2062.00	2063.00	2063.00	2064.00	2064.00	2065.00	2065.00	2066.00	2066.00	2066.00	2067.00	2067.00	2068.00	2068.00	2069.00	2069.00	2070.00	2071.00	2071.00	2072.00	2072.00	2072.00	2073.00	2073.00	2074.00	2074.00	2075.00	2075.00	2075.00	2075.00	2076.00	2077.00	2077.00	2077.00	2078.00	2078.00	2078.00	2079.00	2079.00	2080.00	2080.00	2080.00	2081.00	2081.00	2081.00	2081.00	2081.00	2081.00	2082.00	2082.00	2082.00	2082.00	2082.00	2082.00	2082.00	2082.00	2082.00	2083.00	2083.00	2083.00	2083.00	2083.00	2083.00	2083.00	2083.00	2083.00	2083.00	2083.00	2083.00
2046.00	2047.00	2047.00	2047.00	2047.00	2047.00	2048.00	2048.00	2048.00	2048.00	2048.00	2048.00	2048.00	2049.00	2049.00	2049.00	2049.00	2049.00	2049.00	2049.00	2049.00	2049.00	2049.00	2049.00	2050.00	2050.00	2050.00	2050.00	2050.00	2050.00	2050.00	2050.00	2049.00	2049.00	2049.00	2049.00	2049.00	2050.00	2050.00	2050.00	2050.00	2050.00	2050.00	2050.00	2050.00	2050.00	2050.00	2050.00	2050.00	2050.00	2051.00	2051.00	2051.00	2051.00	2051.00	2051.00	2051.00	2051.00	2051.00	2051.00	2052.00	2052.00	2052.00	2052.00	2052.00	2052.00	2052.00	2052.00	2053.00	2053.00	2053.00	2053.00	2053.00	2054.00	2054.00	2054.00	2054.00	2055.00	2055.00	2055.00	2055.00	2055.00	2055.00	2056.00	2056.00	2056.00	2056.00	2056.00	2056.00	2056.00	2056.00	2056.00	2057.00	2057.00	2057.00	2057.00	2057.00	2057.00	2057.00	2057.00	2058.00	2058.00	2058.00	2058.00	2058.00	2058.00	2058.00	2058.00	2058.00	2058.00	2058.00	2058.00	2058.00	2058.00	2058.00	2058.00	2058.00	2058.00	2058.00	2057.00	2057.00	2057.00	2057.00	2057.00	2057.00	2057.00	2057.00	2057.00	2057.00	2057.00	2057.00	2057.00	2057.00	2057.00	2057.00	2057.00	2058.00	2058.00	2058.00	2058.00	2058.00	2058.00	2058.00	2058.00	2058.00	2058.00	2058.00	2058.00	2058.00	2058.00	2058.00	2058.00	2058.00	2058.00	2058.00	2058.00	2059.00	2059.00	2059.00	2059.00	2059.00	2059.00	2059.00	2060.00	2060.00	2060.00	2060.00	2060.00	2060.00	2061.00	2061.00	2061.00	2062.00	2062.00	2062.00	2062.00	2062.00	2063.00	2063.00	2063.00	2064.00	2064.00	2064.00	2064.00	2064.00	2065.00	2065.00	2065.00	2066.00	2066.00	2067.00	2067.00	2067.00	2067.00	2068.00	2068.00	2068.00	2069.00	2069.00	2069.00	2070.00	2071.00	2071.00	2071.00	2072.00	2072.00	2073.00	2073.00	2073.00	2074.00	2074.00	2075.00	2075.00	2076.00	2076.00	2077.00	2077.00	2077.00	2078.00	2078.00	2078.00	2079.00	2079.00	2079.00	2080.00	2080.00	2080.00	2081.00	2081.00	2081.00	2081.00	2082.00	2082.00	2082.00	2082.00	2083.00	2083.00	2083.00	2083.00	2083.00	2083.00	2083.00	2084.00	2084.00	2084.00	2084.00	2084.00	2084.00	2084.00	2084.00	2085.00	2085.00	2085.00	2085.00	2085.00	2085.00
2046.00	2047.00	2047.00	2047.00	2047.00	2047.00	2048.00	2048.00	2048.00	2048.00	2048.00	2048.00	2048.00	2049.00	2049.00	2049.00	2049.00	2049.00	2049.00	2049.00	2049.00	2049.00	2049.00	2049.00	2050.00	2050.00	2050.00	2050.00	2050.00	2050.00	2050.00	2050.00	2049.00	2049.00	2049.00	2049.00	2049.00	2050.00	2050.00	2050.00	2050.00	2050.00	2050.00	2050.00	2050.00	2050.00	2050.00	2050.00	2050.00	2050.00	2051.00	2051.00	2051.00	2051.00	2051.00	2051.00	2051.00	2051.00	2051.00	2051.00	2052.00	2052.00	2052.00	2052.00	2052.00	2052.00	2052.00	2052.00	2053.00	2053.00	2053.00	2053.00	2053.00	2054.00	2054.00	2054.00	2054.00	2055.00	2055.00	2055.00	2055.00	2055.00	2055.00	2056.00	2056.00	2056.00	2056.00	2056.00	2056.00	2056.00	2056.00	2056.00	2057.00	2057.00	2057.00	2057.00	2057.00	2057.00	2057.00	2057.00	2058.00	2058.00	2058.00	2058.00	2058.00	2058.00	2058.00	2058.00	2058.00	2058.00	2058.00	2058.00	2058.00	2058.00	2058.00	2058.00	2058.00	2058.00	2058.00	2057.00	2057.00	2057.00	2057.00	2057.00	2057.00	2057.00	2057.00	2057.00	2057.00	2057.00	2057.00	2057.00	2057.00	2057.00	2057.00	2057.00	2058.00	2058.00	2058.00	2058.00	2058.00	2058.00	2058.00	2058.00	2058.00	2058.00	2058.00	2058.00	2058.00	2058.00	2058.00	2058.00	2058.00	2058.00	2058.00	2058.00	2059.00	2059.00	2059.00	2059.00	2059.00	2059.00	2059.00	2060.00	2060.00	2060.00	2060.00	2060.00	2060.00	2061.00	2061.00	2061.00	2062.00	2062.00	2062.00	2062.00	2062.00	2063.00	2063.00	2063.00	2064.00	2064.00	2064.00	2064.00	2064.00	2065.00	2065.00	2065.00	2066.00	2066.00	2067.00	2067.00	2067.00	2067.00	2068.00	2068.00	2068.00	2069.00	2069.00	2069.00	2070.00	2071.00	2071.00	2071.00	2072.00	2072.00	2073.00	2073.00	2073.00	2074.00	2074.00	2075.00	2075.00	2076.00	2076.00	2077.00	2077.00	2077.00	2078.00	2078.00	2078.00	2079.00	2079.00	2079.00	2080.00	2080.00	2080.00	2081.00	2081.00	2081.00	2081.00	2082.00	2082.00	2082.00	2082.00	2083.00	2083.00	2083.00	2083.00	2083.00	2083.00	2083.00	2084.00	2084.00	2084.00	2084.00	2084.00	2084.00	2084.00	2084.00	2085.00	2085.00	2085.00	2085.00	2085.00	2085.00
2046.00	2047.00	2047.00	2047.00	2047.00	2047.00	2048.00	2048.00	2048.00	2048.00	2048.00	2048.00	2048.00	2049.00	2049.00	2049.00	2049.00	2049.00	2049.00	2049.00	2049.00	2049.00	2049.00	2049.00	2050.00	2050.00	2050.00	2050.00	2050.00	2050.00	2050.00	2050.00	2049.00	2049.00	2049.00	2049.00	2049.00	2050.00	2050.00	2050.00	2050.00	2050.00	2050.00	2050.00	2050.00	2050.00	2050.00	2050.00	2050.00	2050.00	2051.00	2051.00	2051.00	2051.00	2051.00	2051.00	2051.00	2051.00	2051.00	2051.00	2052.00	2052.00	2052.00	2052.00	2052.00	2052.00	2052.00	2052.00	2053.00	2053.00	2053.00	2053.00	2053.00	2054.00	2054.00	2054.00	2054.00	2055.00	2055.00	2055.00	2055.00	2055.00	2055.00	2056.00	2056.00	2056.00	2056.00	2056.00	2056.00	2056.00	2056.00	2056.00	2057.00	2057.00	2057.00	2057.00	2057.00	2057.00	2057.00	2057.00	2058.00	2058.00	2058.00	2058.00	2058.00	2058.00	2058.00	2058.00	2058.00	2058.00	2058.00	2058.00	2058.00	2058.00	2058.00	2058.00	2058.00	2058.00	2058.00	2057.00	2057.00	2057.00	2057.00	2057.00	2057.00	2057.00	2057.00	2057.00	2057.00	2057.00	2057.00	2057.00	2057.00	2057.00	2057.00	2057.00	2058.00	2058.00	2058.00	2058.00	2058.00	2058.00	2058.00	2058.00	2058.00	2058.00	2058.00	2058.00	2058.00	2058.00	2058.00	2058.00	2058.00	2058.00	2058.00	2058.00	2059.00	2059.00	2059.00	2059.00	2059.00	2059.00	2059.00	2060.00	2060.00	2060.00	2060.00	2060.00	2060.00	2061.00	2061.00	2061.00	2062.00	2062.00	2062.00	2062.00	2062.00	2063.00	2063.00	2063.00	2064.00	2064.00	2064.00	2064.00	2064.00	2065.00	2065.00	2065.00	2066.00	2066.00	2067.00	2067.00	2067.00	2067.00	2068.00	2068.00	2068.00	2069.00	2069.00	2069.00	2070.00	2071.00	2071.00	2071.00	2072.00	2072.00	2073.00	2073.00	2073.00	2074.00	2074.00	2075.00	2075.00	2076.00	2076.00	2077.00	2077.00	2077.00	2078.00	2078.00	2078.00	2079.00	2079.00	2079.00	2080.00	2080.00	2080.00	2081.00	2081.00	2081.00	2081.00	2082.00	2082.00	2082.00	2082.00	2083.00	2083.00	2083.00	2083.00	2083.00	2083.00	2083.00	2084.00	2084.00	2084.00	2084.00	2084.00	2084.00	2084.00	2084.00	2085.00	2085.00	2085.00	2085.00	2085.00	2085.00
2046.00	2047.00	2047.00	2047.00	2047.00	2047.00	2048.00	2048.00	2048.00	2048.00	2048.00	2048.00	2048.00	2049.00	2049.00	2049.00	2049.00	2049.00	2049.00	2049.00	2049.00	2049.00	2049.00	2049.00	2050.00	2050.00	2050.00	2050.00	2050.00	2050.00	2050.00	2050.00	2049.00	2049.00	2049.00	2049.00	2049.00	2050.00	2050.00	2050.00	2050.00	2050.00	2050.00	2050.00	2050.00	2050.00	2050.00	2050.00	2050.00	2050.00	2051.00	2051.00	2051.00	2051.00	2051.00	2051.00	2051.00	2051.00	2051.00	2051.00	2052.00	2052.00	2052.00	2052.00	2052.00	2052.00	2052.00	2052.00	2053.00	2053.00	2053.00	2053.00	2053.00	2054.00	2054.00	2054.00	2054.00	2055.00	2055.00	2055.00	2055.00	2055.00	2055.00	2056.00	2056.00	2056.00	2056.00	2056.00	2056.00	2056.00	2056.00	2056.00	2057.00	2057.00	2057.00	2057.00	2057.00	2057.00	2057.00	2057.00	2058.00	2058.00	2058.00	2058.00	2058.00	2058.00	2058.00	2058.00	2058.00	2058.00	2058.00	2058.00	2058.00	2058.00	2058.00	2058.00	2058.00	2058.00	2058.00	2057.00	2057.00	2057.00	2057.00	2057.00	2057.00	2057.00	2057.00	2057.00	2057.00	2057.00	2057.00	2057.00	2057.00	2057.00	2057.00	2057.00	2058.00	2058.00	2058.00	2058.00	2058.00	2058.00	2058.00	2058.00	2058.00	2058.00	2058.00	2058.00	2058.00	2058.00	2058.00	2058.00	2058.00	2058.00	2058.00	2058.00	2059.00	2059.00	2059.00	2059.00	2059.00	2059.00	2059.00	2060.00	2060.00	2060.00	2060.00	2060.00	2060.00	2061.00	2061.00	2061.00	2062.00	2062.00	2062.00	2062.00	2062.00	2063.00	2063.00	2063.00	2064.00	2064.00	2064.00	2064.00	2064.00	2065.00	2065.00	2065.00	2066.00	2066.00	2067.00	2067.00	2067.00	2067.00	2068.00	2068.00	2068.00	2069.00	2069.00	2069.00	2070.00	2071.00	2071.00	2071.00	2072.00	2072.00	2073.00	2073.00	2073.00	2074.00	2074.00	2075.00	2075.00	2076.00	2076.00	2077.00	2077.00	2077.00	2078.00	2078.00	2078.00	2079.00	2079.00	2079.00	2080.00	2080.00	2080.00	2081.00	2081.00	2081.00	2081.00	2082.00	2082.00	2082.00	2082.00	2083.00	2083.00	2083.00	2083.00	2083.00	2083.00	2083.00	2084.00	2084.00	2084.00	2084.00	2084.00	2084.00	2084.00	2084.00	2085.00	2085.00	2085.00	2085.00	2085.00	2085.00
2046.00	2047.00	2047.00	2047.00	2047.00	2047.00	2048.00	2048.00	2048.00	2048.00	2048.00	2048.00	2048.00	2049.00	2049.00	2049.00	2049.00	2049.00	2049.00	2049.00	2049.00	2049.00	2049.00	2049.00	2050.00	2050.00	2050.00	2050.00	2050.00	2050.00	2050.00	2050.00	2049.00	2049.00	2049.00	2049.00	2049.00	2050.00	2050.00	2050.00	2050.00	2050.00	2050.00	2050.00	2050.00	2050.00	2050.00	2050.00	2050.00	2050.00	2051.00	2051.00	2051.00	2051.00	2051.00	2051.00	2051.00	2051.00	2051.00	2051.00	2052.00	2052.00	2052.00	2052.00	2052.00	2052.00	2052.00	2052.00	2053.00	2053.00	2053.00	2053.00	2053.00	2054.00	2054.00	2054.00	2054.00	2055.00	2055.00	2055.00	2055.00	2055.00	2055.00	2056.00	2056.00	2056.00	2056.00	2056.00	2056.00	2056.00	2056.00	2056.00	2057.00	2057.00	2057.00	2057.00	2057.00	2057.00	2057.00	2057.00	2058.00	2058.00	2058.00	2058.00	2058.00	2058.00	2058.00	2058.00	2058.00	2058.00	2058.00	2058.00	2058.00	2058.00	2058.00	2058.00	2058.00	2058.00	2058.00	2057.00	2057.00	2057.00	2057.00	2057.00	2057.00	2057.00	2057.00	2057.00	2057.00	2057.00	2057.00	2057.00	2057.00	2057.00	2057.00	2057.00	2058.00	2058.00	2058.00	2058.00	2058.00	2058.00	2058.00	2058.00	2058.00	2058.00	2058.00	2058.00	2058.00	2058.00	2058.00	2058.00	2058.00	2058.00	2058.00	2058.00	2059.00	2059.00	2059.00	2059.00	2059.00	2059.00	2059.00	2060.00	2060.00	2060.00	2060.00	2060.00	2060.00	2061.00	2061.00	2061.00	2062.00	2062.00	2062.00	2062.00	2062.00	2063.00	2063.00	2063.00	2064.00	2064.00	2064.00	2064.00	2064.00	2065.00	2065.00	2065.00	2066.00	2066.00	2067.00	2067.00	2067.00	2067.00	2068.00	2068.00	2068.00	2069.00	2069.00	2069.00	2070.00	2071.00	2071.00	2071.00	2072.00	2072.00	2073.00	2073.00	2073.00	2074.00	2074.00	2075.00	2075.00	2076.00	2076.00	2077.00	2077.00	2077.00	2078.00	2078.00	2078.00	2079.00	2079.00	2079.00	2080.00	2080.00	2080.00	2081.00	2081.00	2081.00	2081.00	2082.00	2082.00	2082.00	2082.00	2083.00	2083.00	2083.00	2083.00	2083.00	2083.00	2083.00	2084.00	2084.00	2084.00	2084.00	2084.00	2084.00	2084.00	2084.00	2085.00	2085.00	2085.00	2085.00	2085.00	2085.00
2046.00	2047.00	2047.00	2047.00	2047.00	2047.00	2048.00	2048.00	2048.00	2048.00	2048.00	2048.00	2048.00	2049.00	2049.00	2049.00	2049.00	2049.00	2049.00	2049.00	2049.00	2049.00	2049.00	2049.00	2050.00	2050.00	2050.00	2050.00	2050.00	2050.00	2050.00	2050.00	2049.00	2049.00	2049.00	2049.00	2049.00	2050.00	2050.00	2050.00	2050.00	2050.00	2050.00	2050.00	2050.00	2050.00	2050.00	2050.00	2050.00	2050.00	2051.00	2051.00	2051.00	2051.00	2051.00	2051.00	2051.00	2051.00	2051.00	2051.00	2052.00	2052.00	2052.00	2052.00	2052.00	2052.00	2052.00	2052.00	2053.00	2053.00	2053.00	2053.00	2053.00	2054.00	2054.00	2054.00	2054.00	2055.00	2055.00	2055.00	2055.00	2055.00	2055.00	2056.00	2056.00	2056.00	2056.00	2056.00	2056.00	2056.00	2056.00	2056.00	2057.00	2057.00	2057.00	2057.00	2057.00	2057.00	2057.00	2057.00	2058.00	2058.00	2058.00	2058.00	2058.00	2058.00	2058.00	2058.00	2058.00	2058.00	2058.00	2058.00	2058.00	2058.00	2058.00	2058.00	2058.00	2058.00	2058.00	2057.00	2057.00	2057.00	2057.00	2057.00	2057.00	2057.00	2057.00	2057.00	2057.00	2057.00	2057.00	2057.00	2057.00	2057.00	2057.00	2057.00	2058.00	2058.00	2058.00	2058.00	2058.00	2058.00	2058.00	2058.00	2058.00	2058.00	2058.00	2058.00	2058.00	2058.00	2058.00	2058.00	2058.00	2058.00	2058.00	2058.00	2059.00	2059.00	2059.00	2059.00	2059.00	2059.00	2059.00	2060.00	2060.00	2060.00	2060.00	2060.00	2060.00	2061.00	2061.00	2061.00	2062.00	2062.00	2062.00	2062.00	2062.00	2063.00	2063.00	2063.00	2064.00	2064.00	2064.00	2064.00	2064.00	2065.00	2065.00	2065.00	2066.00	2066.00	2067.00	2067.00	2067.00	2067.00	2068.00	2068.00	2068.00	2069.00	2069.00	2069.00	2070.00	2071.00	2071.00	2071.00	2072.00	2072.00	2073.00	2073.00	2073.00	2074.00	2074.00	2075.00	2075.00	2076.00	2076.00	2077.00	2077.00	2077.00	2078.00	2078.00	2078.00	2079.00	2079.00	2079.00	2080.00	2080.00	2080.00	2081.00	2081.00	2081.00	2081.00	2082.00	2082.00	2082.00	2082.00	2083.00	2083.00	2083.00	2083.00	2083.00	2083.00	2083.00	2084.00	2084.00	2084.00	2084.00	2084.00	2084.00	2084.00	2084.00	2085.00	2085.00	2085.00	2085.00	2085.00	2085.00
2046.00	2047.00	2047.00	2047.00	2047.00	2047.00	2048.00	2048.00	2048.00	2048.00	2048.00	2048.00	2048.00	2049.00	2049.00	2049.00	2049.00	2049.00	2049.00	2049.00	2049.00	2049.00	2049.00	2049.00	2050.00	2050.00	2050.00	2050.00	2050.00	2050.00	2050.00	2050.00	2049.00	2049.00	2049.00	2049.00	2049.00	2050.00	2050.00	2050.00	2050.00	2050.00	2050.00	2050.00	2050.00	2050.00	2050.00	2050.00	2050.00	2050.00	2051.00	2051.00	2051.00	2051.00	2051.00	2051.00	2051.00	2051.00	2051.00	2051.00	2052.00	2052.00	2052.00	2052.00	2052.00	2052.00	2052.00	2052.00	2053.00	2053.00	2053.00	2053.00	2053.00	2054.00	2054.00	2054.00	2054.00	2055.00	2055.00	2055.00	2055.00	2055.00	2055.00	2056.00	2056.00	2056.00	2056.00	2056.00	2056.00	2056.00	2056.00	2056.00	2057.00	2057.00	2057.00	2057.00	2057.00	2057.00	2057.00	2057.00	2058.00	2058.00	2058.00	2058.00	2058.00	2058.00	2058.00	2058.00	2058.00	2058.00	2058.00	2058.00	2058.00	2058.00	2058.00	2058.00	2058.00	2058.00	2058.00	2057.00	2057.00	2057.00	2057.00	2057.00	2057.00	2057.00	2057.00	2057.00	2057.00	2057.00	2057.00	2057.00	2057.00	2057.00	2057.00	2057.00	2058.00	2058.00	2058.00	2058.00	2058.00	2058.00	2058.00	2058.00	2058.00	2058.00	2058.00	2058.00	2058.00	2058.00	2058.00	2058.00	2058.00	2058.00	2058.00	2058.00	2059.00	2059.00	2059.00	2059.00	2059.00	2059.00	2059.00	2060.00	2060.00	2060.00	2060.00	2060.00	2060.00	2061.00	2061.00	2061.00	2062.00	2062.00	2062.00	2062.00	2062.00	2063.00	2063.00	2063.00	2064.00	2064.00	2064.00	2064.00	2064.00	2065.00	2065.00	2065.00	2066.00	2066.00	2067.00	2067.00	2067.00	2067.00	2068.00	2068.00	2068.00	2069.00	2069.00	2069.00	2070.00	2071.00	2071.00	2071.00	2072.00	2072.00	2073.00	2073.00	2073.00	2074.00	2074.00	2075.00	2075.00	2076.00	2076.00	2077.00	2077.00	2077.00	2078.00	2078.00	2078.00	2079.00	2079.00	2079.00	2080.00	2080.00	2080.00	2081.00	2081.00	2081.00	2081.00	2082.00	2082.00	2082.00	2082.00	2083.00	2083.00	2083.00	2083.00	2083.00	2083.00	2083.00	2084.00	2084.00	2084.00	2084.00	2084.00	2084.00	2084.00	2084.00	2085.00	2085.00	2085.00	2085.00	2085.00	2085.00
2046.00	2047.00	2047.00	2047.00	2047.00	2047.00	2048.00	2048.00	2048.00	2048.00	2048.00	2048.00	2048.00	2049.00	2049.00	2049.00	2049.00	2049.00	2049.00	2049.00	2049.00	2049.00	2049.00	2049.00	2050.00	2050.00	2050.00	2050.00	2050.00	2050.00	2050.00	2050.00	2049.00	2049.00	2049.00	2049.00	2049.00	2050.00	2050.00	2050.00	2050.00	2050.00	2050.00	2050.00	2050.00	2050.00	2050.00	2050.00	2050.00	2050.00	2051.00	2051.00	2051.00	2051.00	2051.00	2051.00	2051.00	2051.00	2051.00	2051.00	2052.00	2052.00	2052.00	2052.00	2052.00	2052.00	2052.00	2052.00	2053.00	2053.00	2053.00	2053.00	2053.00	2054.00	2054.00	2054.00	2054.00	2055.00	2055.00	2055.00	2055.00	2055.00	2055.00	2056.00	2056.00	2056.00	2056.00	2056.00	2056.00	2056.00	2056.00	2056.00	2057.00	2057.00	2057.00	2057.00	2057.00	2057.00	2057.00	2057.00	2058.00	2058.00	2058.00	2058.00	2058.00	2058.00	2058.00	2058.00	2058.00	2058.00	2058.00	2058.00	2058.00	2058.00	2058.00	2058.00	2058.00	2058.00	2058.00	2057.00	2057.00	2057.00	2057.00	2057.00	2057.00	2057.00	2057.00	2057.00	2057.00	2057.00	2057.00	2057.00	2057.00	2057.00	2057.00	2057.00	2058.00	2058.00	2058.00	2058.00	2058.00	2058.00	2058.00	2058.00	2058.00	2058.00	2058.00	2058.00	2058.00	2058.00	2058.00	2058.00	2058.00	2058.00	2058.00	2058.00	2059.00	2059.00	2059.00	2059.00	2059.00	2059.00	2059.00	2060.00	2060.00	2060.00	2060.00	2060.00	2060.00	2061.00	2061.00	2061.00	2062.00	2062.00	2062.00	2062.00	2062.00	2063.00	2063.00	2063.00	2064.00	2064.00	2064.00	2064.00	2064.00	2065.00	2065.00	2065.00	2066.00	2066.00	2067.00	2067.00	2067.00	2067.00	2068.00	2068.00	2068.00	2069.00	2069.00	2069.00	2070.00	2071.00	2071.00	2071.00	2072.00	2072.00	2073.00	2073.00	2073.00	2074.00	2074.00	2075.00	2075.00	2076.00	2076.00	2077.00	2077.00	2077.00	2078.00	2078.00	2078.00	2079.00	2079.00	2079.00	2080.00	2080.00	2080.00	2081.00	2081.00	2081.00	2081.00	2082.00	2082.00	2082.00	2082.00	2083.00	2083.00	2083.00	2083.00	2083.00	2083.00	2083.00	2084.00	2084.00	2084.00	2084.00	2084.00	2084.00	2084.00	2084.00	2085.00	2085.00	2085.00	2085.00	2085.00	2085.00
2048.00	2048.00	2048.00	2048.00	2048.00	2048.00	2049.00	2049.00	2049.00	2049.00	2050.00	2050.00	2050.00	2050.00	2050.00	2050.00	2051.00	2051.00	2051.00	2051.00	2051.00	2051.00	2051.00	2051.00	2051.00	2051.00	2051.00	2051.00	2051.00	2051.00	2051.00	2051.00	2051.00	2051.00	2051.00	2051.00	2051.00	2051.00	2051.00	2051.00	2051.00	2051.00	2051.00	2051.00	2051.00	2051.00	2052.00	2052.00	2052.00	2052.00	2052.00	2053.00	2053.00	2053.00	2053.00	2053.00	2053.00	2053.00	2053.00	2053.00	2053.00	2053.00	2053.00	2053.00	2054.00	2054.00	2054.00	2054.00	2054.00	2054.00	2054.00	2055.00	2055.00	2055.00	2055.00	2055.00	2055.00	2056.00	2056.00	2056.00	2056.00	2056.00	2057.00	2057.00	2057.00	2057.00	2057.00	2057.00	2057.00	2058.00	2058.00	2058.00	2058.00	2058.00	2058.00	2058.00	2059.00	2059.00	2059.00	2059.00	2059.00	2059.00	2059.00	2059.00	2059.00	2059.00	2059.00	2060.00	2060.00	2060.00	2060.00	2060.00	2060.00	2060.00	2060.00	2060.00	2060.00	2060.00	2060.00	2060.00	2060.00	2060.00	2060.00	2060.00	2061.00	2061.00	2061.00	2061.00	2061.00	2061.00	2061.00	2061.00	2061.00	2061.00	2061.00	2061.00	2061.00	2061.00	2061.00	2061.00	2062.00	2062.00	2062.00	2062.00	2062.00	2062.00	2062.00	2062.00	2062.00	2062.00	2062.00	2062.00	2062.00	2063.00	2063.00	2063.00	2063.00	2063.00	2063.00	2063.00	2064.00	2064.00	2064.00	2064.00	2064.00	2064.00	2064.00	2065.00	2065.00	2065.00	2065.00	2066.00	2066.00	2066.00	2066.00	2066.00	2067.00	2067.00	2067.00	2067.00	2068.00	2068.00	2068.00	2069.00	2069.00	2069.00	2069.00	2069.00	2070.00	2070.00	2070.00	2070.00	2071.00	2071.00	2071.00	2072.00	2072.00	2072.00	2072.00	2072.00	2072.00	2073.00	2073.00	2073.00	2073.00	2073.00	2073.00	2073.00	2074.00	2075.00	2075.00	2075.00	2076.00	2076.00	2076.00	2077.00	2077.00	2077.00	2078.00	2078.00	2078.00	2079.00	2079.00	2079.00	2080.00	2080.00	2080.00	2081.00	2081.00	2081.00	2082.00	2082.00	2082.00	2083.00	2083.00	2083.00	2083.00	2083.00	2084.00	2084.00	2084.00	2084.00	2084.00	2084.00	2085.00	2085.00	2085.00	2085.00	2085.00	2085.00	2086.00	2086.00	2086.00	2086.00	2086.00	2086.00
2048.00	2048.00	2048.00	2048.00	2048.00	2048.00	2049.00	2049.00	2049.00	2049.00	2050.00	2050.00	2050.00	2050.00	2050.00	2050.00	2051.00	2051.00	2051.00	2051.00	2051.00	2051.00	2051.00	2051.00	2051.00	2051.00	2051.00	2051.00	2051.00	2051.00	2051.00	2051.00	2051.00	2051.00	2051.00	2051.00	2051.00	2051.00	2051.00	2051.00	2051.00	2051.00	2051.00	2051.00	2051.00	2051.00	2052.00	2052.00	2052.00	2052.00	2052.00	2053.00	2053.00	2053.00	2053.00	2053.00	2053.00	2053.00	2053.00	2053.00	2053.00	2053.00	2053.00	2053.00	2054.00	2054.00	2054.00	2054.00	2054.00	2054.00	2054.00	2055.00	2055.00	2055.00	2055.00	2055.00	2055.00	2056.00	2056.00	2056.00	2056.00	2056.00	2057.00	2057.00	2057.00	2057.00	2057.00	2057.00	2057.00	2058.00	2058.00	2058.00	2058.00	2058.00	2058.00	2058.00	2059.00	2059.00	2059.00	2059.00	2059.00	2059.00	2059.00	2059.00	2059.00	2059.00	2059.00	2060.00	2060.00	2060.00	2060.00	2060.00	2060.00	2060.00	2060.00	2060.00	2060.00	2060.00	2060.00	2060.00	2060.00	2060.00	2060.00	2060.00	2061.00	2061.00	2061.00	2061.00	2061.00	2061.00	2061.00	2061.00	2061.00	2061.00	2061.00	2061.00	2061.00	2061.00	2061.00	2061.00	2062.00	2062.00	2062.00	2062.00	2062.00	2062.00	2062.00	2062.00	2062.00	2062.00	2062.00	2062.00	2062.00	2063.00	2063.00	2063.00	2063.00	2063.00	2063.00	2063.00	2064.00	2064.00	2064.00	2064.00	2064.00	2064.00	2064.00	2065.00	2065.00	2065.00	2065.00	2066.00	2066.00	2066.00	2066.00	2066.00	2067.00	2067.00	2067.00	2067.00	2068.00	2068.00	2068.00	2069.00	2069.00	2069.00	2069.00	2069.00	2070.00	2070.00	2070.00	2070.00	2071.00	2071.00	2071.00	2072.00	2072.00	2072.00	2072.00	2072.00	2072.00	2073.00	2073.00	2073.00	2073.00	2073.00	2073.00	2073.00	2074.00	2075.00	2075.00	2075.00	2076.00	2076.00	2076.00	2077.00	2077.00	2077.00	2078.00	2078.00	2078.00	2079.00	2079.00	2079.00	2080.00	2080.00	2080.00	2081.00	2081.00	2081.00	2082.00	2082.00	2082.00	2083.00	2083.00	2083.00	2083.00	2083.00	2084.00	2084.00	2084.00	2084.00	2084.00	2084.00	2085.00	2085.00	2085.00	2085.00	2085.00	2085.00	2086.00	2086.00	2086.00	2086.00	2086.00	2086.00
2048.00	2048.00	2048.00	2048.00	2048.00	2048.00	2049.00	2049.00	2049.00	2049.00	2050.00	2050.00	2050.00	2050.00	2050.00	2050.00	2051.00	2051.00	2051.00	2051.00	2051.00	2051.00	2051.00	2051.00	2051.00	2051.00	2051.00	2051.00	2051.00	2051.00	2051.00	2051.00	2051.00	2051.00	2051.00	2051.00	2051.00	2051.00	2051.00	2051.00	2051.00	2051.00	2051.00	2051.00	2051.00	2051.00	2052.00	2052.00	2052.00	2052.00	2052.00	2053.00	2053.00	2053.00	2053.00	2053.00	2053.00	2053.00	2053.00	2053.00	2053.00	2053.00	2053.00	2053.00	2054.00	2054.00	2054.00	2054.00	2054.00	2054.00	2054.00	2055.00	2055.00	2055.00	2055.00	2055.00	2055.00	2056.00	2056.00	2056.00	2056.00	2056.00	2057.00	2057.00	2057.00	2057.00	2057.00	2057.00	2057.00	2058.00	2058.00	2058.00	2058.00	2058.00	2058.00	2058.00	2059.00	2059.00	2059.00	2059.00	2059.00	2059.00	2059.00	2059.00	2059.00	2059.00	2059.00	2060.00	2060.00	2060.00	2060.00	2060.00	2060.00	2060.00	2060.00	2060.00	2060.00	2060.00	2060.00	2060.00	2060.00	2060.00	2060.00	2060.00	2061.00	2061.00	2061.00	2061.00	2061.00	2061.00	2061.00	2061.00	2061.00	2061.00	2061.00	2061.00	2061.00	2061.00	2061.00	2061.00	2062.00	2062.00	2062.00	2062.00	2062.00	2062.00	2062.00	2062.00	2062.00	2062.00	2062.00	2062.00	2062.00	2063.00	2063.00	2063.00	2063.00	2063.00	2063.00	2063.00	2064.00	2064.00	2064.00	2064.00	2064.00	2064.00	2064.00	2065.00	2065.00	2065.00	2065.00	2066.00	2066.00	2066.00	2066.00	2066.00	2067.00	2067.00	2067.00	2067.00	2068.00	2068.00	2068.00	2069.00	2069.00	2069.00	2069.00	2069.00	2070.00	2070.00	2070.00	2070.00	2071.00	2071.00	2071.00	2072.00	2072.00	2072.00	2072.00	2072.00	2072.00	2073.00	2073.00	2073.00	2073.00	2073.00	2073.00	2073.00	2074.00	2075.00	2075.00	2075.00	2076.00	2076.00	2076.00	2077.00	2077.00	2077.00	2078.00	2078.00	2078.00	2079.00	2079.00	2079.00	2080.00	2080.00	2080.00	2081.00	2081.00	2081.00	2082.00	2082.00	2082.00	2083.00	2083.00	2083.00	2083.00	2083.00	2084.00	2084.00	2084.00	2084.00	2084.00	2084.00	2085.00	2085.00	2085.00	2085.00	2085.00	2085.00	2086.00	2086.00	2086.00	2086.00	2086.00	2086.00
2048.00	2048.00	2048.00	2048.00	2048.00	2048.00	2049.00	2049.00	2049.00	2049.00	2050.00	2050.00	2050.00	2050.00	2050.00	2050.00	2051.00	2051.00	2051.00	2051.00	2051.00	2051.00	2051.00	2051.00	2051.00	2051.00	2051.00	2051.00	2051.00	2051.00	2051.00	2051.00	2051.00	2051.00	2051.00	2051.00	2051.00	2051.00	2051.00	2051.00	2051.00	2051.00	2051.00	2051.00	2051.00	2051.00	2052.00	2052.00	2052.00	2052.00	2052.00	2053.00	2053.00	2053.00	2053.00	2053.00	2053.00	2053.00	2053.00	2053.00	2053.00	2053.00	2053.00	2053.00	2054.00	2054.00	2054.00	2054.00	2054.00	2054.00	2054.00	2055.00	2055.00	2055.00	2055.00	2055.00	2055.00	2056.00	2056.00	2056.00	2056.00	2056.00	2057.00	2057.00	2057.00	2057.00	2057.00	2057.00	2057.00	2058.00	2058.00	2058.00	2058.00	2058.00	2058.00	2058.00	2059.00	2059.00	2059.00	2059.00	2059.00	2059.00	2059.00	2059.00	2059.00	2059.00	2059.00	2060.00	2060.00	2060.00	2060.00	2060.00	2060.00	2060.00	2060.00	2060.00	2060.00	2060.00	2060.00	2060.00	2060.00	2060.00	2060.00	2060.00	2061.00	2061.00	2061.00	2061.00	2061.00	2061.00	2061.00	2061.00	2061.00	2061.00	2061.00	2061.00	2061.00	2061.00	2061.00	2061.00	2062.00	2062.00	2062.00	2062.00	2062.00	2062.00	2062.00	2062.00	2062.00	2062.00	2062.00	2062.00	2062.00	2063.00	2063.00	2063.00	2063.00	2063.00	2063.00	2063.00	2064.00	2064.00	2064.00	2064.00	2064.00	2064.00	2064.00	2065.00	2065.00	2065.00	2065.00	2066.00	2066.00	2066.00	2066.00	2066.00	2067.00	2067.00	2067.00	2067.00	2068.00	2068.00	2068.00	2069.00	2069.00	2069.00	2069.00	2069.00	2070.00	2070.00	2070.00	2070.00	2071.00	2071.00	2071.00	2072.00	2072.00	2072.00	2072.00	2072.00	2072.00	2073.00	2073.00	2073.00	2073.00	2073.00	2073.00	2073.00	2074.00	2075.00	2075.00	2075.00	2076.00	2076.00	2076.00	2077.00	2077.00	2077.00	2078.00	2078.00	2078.00	2079.00	2079.00	2079.00	2080.00	2080.00	2080.00	2081.00	2081.00	2081.00	2082.00	2082.00	2082.00	2083.00	2083.00	2083.00	2083.00	2083.00	2084.00	2084.00	2084.00	2084.00	2084.00	2084.00	2085.00	2085.00	2085.00	2085.00	2085.00	2085.00	2086.00	2086.00	2086.00	2086.00	2086.00	2086.00
2048.00	2048.00	2048.00	2048.00	2048.00	2048.00	2049.00	2049.00	2049.00	2049.00	2050.00	2050.00	2050.00	2050.00	2050.00	2050.00	2051.00	2051.00	2051.00	2051.00	2051.00	2051.00	2051.00	2051.00	2051.00	2051.00	2051.00	2051.00	2051.00	2051.00	2051.00	2051.00	2051.00	2051.00	2051.00	2051.00	2051.00	2051.00	2051.00	2051.00	2051.00	2051.00	2051.00	2051.00	2051.00	2051.00	2052.00	2052.00	2052.00	2052.00	2052.00	2053.00	2053.00	2053.00	2053.00	2053.00	2053.00	2053.00	2053.00	2053.00	2053.00	2053.00	2053.00	2053.00	2054.00	2054.00	2054.00	2054.00	2054.00	2054.00	2054.00	2055.00	2055.00	2055.00	2055.00	2055.00	2055.00	2056.00	2056.00	2056.00	2056.00	2056.00	2057.00	2057.00	2057.00	2057.00	2057.00	2057.00	2057.00	2058.00	2058.00	2058.00	2058.00	2058.00	2058.00	2058.00	2059.00	2059.00	2059.00	2059.00	2059.00	2059.00	2059.00	2059.00	2059.00	2059.00	2059.00	2060.00	2060.00	2060.00	2060.00	2060.00	2060.00	2060.00	2060.00	2060.00	2060.00	2060.00	2060.00	2060.00	2060.00	2060.00	2060.00	2060.00	2061.00	2061.00	2061.00	2061.00	2061.00	2061.00	2061.00	2061.00	2061.00	2061.00	2061.00	2061.00	2061.00	2061.00	2061.00	2061.00	2062.00	2062.00	2062.00	2062.00	2062.00	2062.00	2062.00	2062.00	2062.00	2062.00	2062.00	2062.00	2062.00	2063.00	2063.00	2063.00	2063.00	2063.00	2063.00	2063.00	2064.00	2064.00	2064.00	2064.00	2064.00	2064.00	2064.00	2065.00	2065.00	2065.00	2065.00	2066.00	2066.00	2066.00	2066.00	2066.00	2067.00	2067.00	2067.00	2067.00	2068.00	2068.00	2068.00	2069.00	2069.00	2069.00	2069.00	2069.00	2070.00	2070.00	2070.00	2070.00	2071.00	2071.00	2071.00	2072.00	2072.00	2072.00	2072.00	2072.00	2072.00	2073.00	2073.00	2073.00	2073.00	2073.00	2073.00	2073.00	2074.00	2075.00	2075.00	2075.00	2076.00	2076.00	2076.00	2077.00	2077.00	2077.00	2078.00	2078.00	2078.00	2079.00	2079.00	2079.00	2080.00	2080.00	2080.00	2081.00	2081.00	2081.00	2082.00	2082.00	2082.00	2083.00	2083.00	2083.00	2083.00	2083.00	2084.00	2084.00	2084.00	2084.00	2084.00	2084.00	2085.00	2085.00	2085.00	2085.00	2085.00	2085.00	2086.00	2086.00	2086.00	2086.00	2086.00	2086.00
2048.00	2048.00	2048.00	2048.00	2048.00	2048.00	2049.00	2049.00	2049.00	2049.00	2050.00	2050.00	2050.00	2050.00	2050.00	2050.00	2051.00	2051.00	2051.00	2051.00	2051.00	2051.00	2051.00	2051.00	2051.00	2051.00	2051.00	2051.00	2051.00	2051.00	2051.00	2051.00	2051.00	2051.00	2051.00	2051.00	2051.00	2051.00	2051.00	2051.00	2051.00	2051.00	2051.00	2051.00	2051.00	2051.00	2052.00	2052.00	2052.00	2052.00	2052.00	2053.00	2053.00	2053.00	2053.00	2053.00	2053.00	2053.00	2053.00	2053.00	2053.00	2053.00	2053.00	2053.00	2054.00	2054.00	2054.00	2054.00	2054.00	2054.00	2054.00	2055.00	2055.00	2055.00	2055.00	2055.00	2055.00	2056.00	2056.00	2056.00	2056.00	2056.00	2057.00	2057.00	2057.00	2057.00	2057.00	2057.00	2057.00	2058.00	2058.00	2058.00	2058.00	2058.00	2058.00	2058.00	2059.00	2059.00	2059.00	2059.00	2059.00	2059.00	2059.00	2059.00	2059.00	2059.00	2059.00	2060.00	2060.00	2060.00	2060.00	2060.00	2060.00	2060.00	2060.00	2060.00	2060.00	2060.00	2060.00	2060.00	2060.00	2060.00	2060.00	2060.00	2061.00	2061.00	2061.00	2061.00	2061.00	2061.00	2061.00	2061.00	2061.00	2061.00	2061.00	2061.00	2061.00	2061.00	2061.00	2061.00	2062.00	2062.00	2062.00	2062.00	2062.00	2062.00	2062.00	2062.00	2062.00	2062.00	2062.00	2062.00	2062.00	2063.00	2063.00	2063.00	2063.00	2063.00	2063.00	2063.00	2064.00	2064.00	2064.00	2064.00	2064.00	2064.00	2064.00	2065.00	2065.00	2065.00	2065.00	2066.00	2066.00	2066.00	2066.00	2066.00	2067.00	2067.00	2067.00	2067.00	2068.00	2068.00	2068.00	2069.00	2069.00	2069.00	2069.00	2069.00	2070.00	2070.00	2070.00	2070.00	2071.00	2071.00	2071.00	2072.00	2072.00	2072.00	2072.00	2072.00	2072.00	2073.00	2073.00	2073.00	2073.00	2073.00	2073.00	2073.00	2074.00	2075.00	2075.00	2075.00	2076.00	2076.00	2076.00	2077.00	2077.00	2077.00	2078.00	2078.00	2078.00	2079.00	2079.00	2079.00	2080.00	2080.00	2080.00	2081.00	2081.00	2081.00	2082.00	2082.00	2082.00	2083.00	2083.00	2083.00	2083.00	2083.00	2084.00	2084.00	2084.00	2084.00	2084.00	2084.00	2085.00	2085.00	2085.00	2085.00	2085.00	2085.00	2086.00	2086.00	2086.00	2086.00	2086.00	2086.00
2048.00	2048.00	2048.00	2048.00	2048.00	2048.00	2049.00	2049.00	2049.00	2049.00	2050.00	2050.00	2050.00	2050.00	2050.00	2050.00	2051.00	2051.00	2051.00	2051.00	2051.00	2051.00	2051.00	2051.00	2051.00	2051.00	2051.00	2051.00	2051.00	2051.00	2051.00	2051.00	2051.00	2051.00	2051.00	2051.00	2051.00	2051.00	2051.00	2051.00	2051.00	2051.00	2051.00	2051.00	2051.00	2051.00	2052.00	2052.00	2052.00	2052.00	2052.00	2053.00	2053.00	2053.00	2053.00	2053.00	2053.00	2053.00	2053.00	2053.00	2053.00	2053.00	2053.00	2053.00	2054.00	2054.00	2054.00	2054.00	2054.00	2054.00	2054.00	2055.00	2055.00	2055.00	2055.00	2055.00	2055.00	2056.00	2056.00	2056.00	2056.00	2056.00	2057.00	2057.00	2057.00	2057.00	2057.00	2057.00	2057.00	2058.00	2058.00	2058.00	2058.00	2058.00	2058.00	2058.00	2059.00	2059.00	2059.00	2059.00	2059.00	2059.00	2059.00	2059.00	2059.00	2059.00	2059.00	2060.00	2060.00	2060.00	2060.00	2060.00	2060.00	2060.00	2060.00	2060.00	2060.00	2060.00	2060.00	2060.00	2060.00	2060.00	2060.00	2060.00	2061.00	2061.00	2061.00	2061.00	2061.00	2061.00	2061.00	2061.00	2061.00	2061.00	2061.00	2061.00	2061.00	2061.00	2061.00	2061.00	2062.00	2062.00	2062.00	2062.00	2062.00	2062.00	2062.00	2062.00	2062.00	2062.00	2062.00	2062.00	2062.00	2063.00	2063.00	2063.00	2063.00	2063.00	2063.00	2063.00	2064.00	2064.00	2064.00	2064.00	2064.00	2064.00	2064.00	2065.00	2065.00	2065.00	2065.00	2066.00	2066.00	2066.00	2066.00	2066.00	2067.00	2067.00	2067.00	2067.00	2068.00	2068.00	2068.00	2069.00	2069.00	2069.00	2069.00	2069.00	2070.00	2070.00	2070.00	2070.00	2071.00	2071.00	2071.00	2072.00	2072.00	2072.00	2072.00	2072.00	2072.00	2073.00	2073.00	2073.00	2073.00	2073.00	2073.00	2073.00	2074.00	2075.00	2075.00	2075.00	2076.00	2076.00	2076.00	2077.00	2077.00	2077.00	2078.00	2078.00	2078.00	2079.00	2079.00	2079.00	2080.00	2080.00	2080.00	2081.00	2081.00	2081.00	2082.00	2082.00	2082.00	2083.00	2083.00	2083.00	2083.00	2083.00	2084.00	2084.00	2084.00	2084.00	2084.00	2084.00	2085.00	2085.00	2085.00	2085.00	2085.00	2085.00	2086.00	2086.00	2086.00	2086.00	2086.00	2086.00
2048.00	2048.00	2048.00	2048.00	2048.00	2048.00	2049.00	2049.00	2049.00	2049.00	2050.00	2050.00	2050.00	2050.00	2050.00	2050.00	2051.00	2051.00	2051.00	2051.00	2051.00	2051.00	2051.00	2051.00	2051.00	2051.00	2051.00	2051.00	2051.00	2051.00	2051.00	2051.00	2051.00	2051.00	2051.00	2051.00	2051.00	2051.00	2051.00	2051.00	2051.00	2051.00	2051.00	2051.00	2051.00	2051.00	2052.00	2052.00	2052.00	2052.00	2052.00	2053.00	2053.00	2053.00	2053.00	2053.00	2053.00	2053.00	2053.00	2053.00	2053.00	2053.00	2053.00	2053.00	2054.00	2054.00	2054.00	2054.00	2054.00	2054.00	2054.00	2055.00	2055.00	2055.00	2055.00	2055.00	2055.00	2056.00	2056.00	2056.00	2056.00	2056.00	2057.00	2057.00	2057.00	2057.00	2057.00	2057.00	2057.00	2058.00	2058.00	2058.00	2058.00	2058.00	2058.00	2058.00	2059.00	2059.00	2059.00	2059.00	2059.00	2059.00	2059.00	2059.00	2059.00	2059.00	2059.00	2060.00	2060.00	2060.00	2060.00	2060.00	2060.00	2060.00	2060.00	2060.00	2060.00	2060.00	2060.00	2060.00	2060.00	2060.00	2060.00	2060.00	2061.00	2061.00	2061.00	2061.00	2061.00	2061.00	2061.00	2061.00	2061.00	2061.00	2061.00	2061.00	2061.00	2061.00	2061.00	2061.00	2062.00	2062.00	2062.00	2062.00	2062.00	2062.00	2062.00	2062.00	2062.00	2062.00	2062.00	2062.00	2062.00	2063.00	2063.00	2063.00	2063.00	2063.00	2063.00	2063.00	2064.00	2064.00	2064.00	2064.00	2064.00	2064.00	2064.00	2065.00	2065.00	2065.00	2065.00	2066.00	2066.00	2066.00	2066.00	2066.00	2067.00	2067.00	2067.00	2067.00	2068.00	2068.00	2068.00	2069.00	2069.00	2069.00	2069.00	2069.00	2070.00	2070.00	2070.00	2070.00	2071.00	2071.00	2071.00	2072.00	2072.00	2072.00	2072.00	2072.00	2072.00	2073.00	2073.00	2073.00	2073.00	2073.00	2073.00	2073.00	2074.00	2075.00	2075.00	2075.00	2076.00	2076.00	2076.00	2077.00	2077.00	2077.00	2078.00	2078.00	2078.00	2079.00	2079.00	2079.00	2080.00	2080.00	2080.00	2081.00	2081.00	2081.00	2082.00	2082.00	2082.00	2083.00	2083.00	2083.00	2083.00	2083.00	2084.00	2084.00	2084.00	2084.00	2084.00	2084.00	2085.00	2085.00	2085.00	2085.00	2085.00	2085.00	2086.00	2086.00	2086.00	2086.00	2086.00	2086.00
2049.00	2050.00	2050.00	2050.00	2050.00	2050.00	2050.00	2050.00	2050.00	2051.00	2051.00	2051.00	2051.00	2051.00	2051.00	2051.00	2052.00	2052.00	2052.00	2052.00	2052.00	2052.00	2052.00	2052.00	2052.00	2052.00	2052.00	2053.00	2053.00	2053.00	2053.00	2053.00	2053.00	2053.00	2053.00	2053.00	2053.00	2053.00	2053.00	2054.00	2054.00	2054.00	2054.00	2054.00	2054.00	2054.00	2054.00	2054.00	2054.00	2054.00	2054.00	2055.00	2055.00	2055.00	2055.00	2055.00	2055.00	2055.00	2055.00	2055.00	2055.00	2055.00	2055.00	2055.00	2056.00	2056.00	2056.00	2056.00	2056.00	2056.00	2056.00	2056.00	2056.00	2056.00	2057.00	2057.00	2057.00	2057.00	2058.00	2058.00	2058.00	2058.00	2058.00	2058.00	2058.00	2059.00	2059.00	2059.00	2059.00	2059.00	2059.00	2059.00	2060.00	2060.00	2060.00	2060.00	2060.00	2060.00	2060.00	2060.00	2060.00	2061.00	2061.00	2061.00	2061.00	2062.00	2062.00	2062.00	2062.00	2062.00	2062.00	2062.00	2062.00	2062.00	2063.00	2063.00	2063.00	2063.00	2063.00	2063.00	2063.00	2063.00	2063.00	2063.00	2063.00	2063.00	2063.00	2064.00	2064.00	2064.00	2064.00	2064.00	2064.00	2064.00	2064.00	2065.00	2065.00	2065.00	2065.00	2065.00	2065.00	2065.00	2066.00	2066.00	2066.00	2066.00	2066.00	2066.00	2066.00	2067.00	2067.00	2067.00	2067.00	2067.00	2067.00	2067.00	2068.00	2068.00	2068.00	2068.00	2068.00	2068.00	2069.00	2069.00	2069.00	2069.00	2069.00	2069.00	2070.00	2070.00	2070.00	2070.00	2071.00	2071.00	2071.00	2071.00	2072.00	2072.00	2072.00	2072.00	2072.00	2073.00	2073.00	2073.00	2073.00	2073.00	2073.00	2073.00	2074.00	2074.00	2074.00	2074.00	2075.00	2075.00	2075.00	2076.00	2076.00	2076.00	2076.00	2076.00	2076.00	2076.00	2076.00	2076.00	2076.00	2076.00	2076.00	2076.00	2077.00	2077.00	2077.00	2077.00	2077.00	2078.00	2078.00	2078.00	2078.00	2078.00	2079.00	2079.00	2079.00	2079.00	2080.00	2080.00	2080.00	2080.00	2081.00	2081.00	2081.00	2082.00	2082.00	2083.00	2083.00	2083.00	2083.00	2083.00	2084.00	2084.00	2084.00	2084.00	2084.00	2085.00	2085.00	2085.00	2085.00	2085.00	2085.00	2086.00	2086.00	2086.00	2086.00	2086.00	2086.00	2087.00	2087.00	2087.00
2049.00	2050.00	2050.00	2050.00	2050.00	2050.00	2050.00	2050.00	2050.00	2051.00	2051.00	2051.00	2051.00	2051.00	2051.00	2051.00	2052.00	2052.00	2052.00	2052.00	2052.00	2052.00	2052.00	2052.00	2052.00	2052.00	2052.00	2053.00	2053.00	2053.00	2053.00	2053.00	2053.00	2053.00	2053.00	2053.00	2053.00	2053.00	2053.00	2054.00	2054.00	2054.00	2054.00	2054.00	2054.00	2054.00	2054.00	2054.00	2054.00	2054.00	2054.00	2055.00	2055.00	2055.00	2055.00	2055.00	2055.00	2055.00	2055.00	2055.00	2055.00	2055.00	2055.00	2055.00	2056.00	2056.00	2056.00	2056.00	2056.00	2056.00	2056.00	2056.00	2056.00	2056.00	2057.00	2057.00	2057.00	2057.00	2058.00	2058.00	2058.00	2058.00	2058.00	2058.00	2058.00	2059.00	2059.00	2059.00	2059.00	2059.00	2059.00	2059.00	2060.00	2060.00	2060.00	2060.00	2060.00	2060.00	2060.00	2060.00	2060.00	2061.00	2061.00	2061.00	2061.00	2062.00	2062.00	2062.00	2062.00	2062.00	2062.00	2062.00	2062.00	2062.00	2063.00	2063.00	2063.00	2063.00	2063.00	2063.00	2063.00	2063.00	2063.00	2063.00	2063.00	2063.00	2063.00	2064.00	2064.00	2064.00	2064.00	2064.00	2064.00	2064.00	2064.00	2065.00	2065.00	2065.00	2065.00	2065.00	2065.00	2065.00	2066.00	2066.00	2066.00	2066.00	2066.00	2066.00	2066.00	2067.00	2067.00	2067.00	2067.00	2067.00	2067.00	2067.00	2068.00	2068.00	2068.00	2068.00	2068.00	2068.00	2069.00	2069.00	2069.00	2069.00	2069.00	2069.00	2070.00	2070.00	2070.00	2070.00	2071.00	2071.00	2071.00	2071.00	2072.00	2072.00	2072.00	2072.00	2072.00	2073.00	2073.00	2073.00	2073.00	2073.00	2073.00	2073.00	2074.00	2074.00	2074.00	2074.00	2075.00	2075.00	2075.00	2076.00	2076.00	2076.00	2076.00	2076.00	2076.00	2076.00	2076.00	2076.00	2076.00	2076.00	2076.00	2076.00	2077.00	2077.00	2077.00	2077.00	2077.00	2078.00	2078.00	2078.00	2078.00	2078.00	2079.00	2079.00	2079.00	2079.00	2080.00	2080.00	2080.00	2080.00	2081.00	2081.00	2081.00	2082.00	2082.00	2083.00	2083.00	2083.00	2083.00	2083.00	2084.00	2084.00	2084.00	2084.00	2084.00	2085.00	2085.00	2085.00	2085.00	2085.00	2085.00	2086.00	2086.00	2086.00	2086.00	2086.00	2086.00	2087.00	2087.00	2087.00
2049.00	2050.00	2050.00	2050.00	2050.00	2050.00	2050.00	2050.00	2050.00	2051.00	2051.00	2051.00	2051.00	2051.00	2051.00	2051.00	2052.00	2052.00	2052.00	2052.00	2052.00	2052.00	2052.00	2052.00	2052.00	2052.00	2052.00	2053.00	2053.00	2053.00	2053.00	2053.00	2053.00	2053.00	2053.00	2053.00	2053.00	2053.00	2053.00	2054.00	2054.00	2054.00	2054.00	2054.00	2054.00	2054.00	2054.00	2054.00	2054.00	2054.00	2054.00	2055.00	2055.00	2055.00	2055.00	2055.00	2055.00	2055.00	2055.00	2055.00	2055.00	2055.00	2055.00	2055.00	2056.00	2056.00	2056.00	2056.00	2056.00	2056.00	2056.00	2056.00	2056.00	2056.00	2057.00	2057.00	2057.00	2057.00	2058.00	2058.00	2058.00	2058.00	2058.00	2058.00	2058.00	2059.00	2059.00	2059.00	2059.00	2059.00	2059.00	2059.00	2060.00	2060.00	2060.00	2060.00	2060.00	2060.00	2060.00	2060.00	2060.00	2061.00	2061.00	2061.00	2061.00	2062.00	2062.00	2062.00	2062.00	2062.00	2062.00	2062.00	2062.00	2062.00	2063.00	2063.00	2063.00	2063.00	2063.00	2063.00	2063.00	2063.00	2063.00	2063.00	2063.00	2063.00	2063.00	2064.00	2064.00	2064.00	2064.00	2064.00	2064.00	2064.00	2064.00	2065.00	2065.00	2065.00	2065.00	2065.00	2065.00	2065.00	2066.00	2066.00	2066.00	2066.00	2066.00	2066.00	2066.00	2067.00	2067.00	2067.00	2067.00	2067.00	2067.00	2067.00	2068.00	2068.00	2068.00	2068.00	2068.00	2068.00	2069.00	2069.00	2069.00	2069.00	2069.00	2069.00	2070.00	2070.00	2070.00	2070.00	2071.00	2071.00	2071.00	2071.00	2072.00	2072.00	2072.00	2072.00	2072.00	2073.00	2073.00	2073.00	2073.00	2073.00	2073.00	2073.00	2074.00	2074.00	2074.00	2074.00	2075.00	2075.00	2075.00	2076.00	2076.00	2076.00	2076.00	2076.00	2076.00	2076.00	2076.00	2076.00	2076.00	2076.00	2076.00	2076.00	2077.00	2077.00	2077.00	2077.00	2077.00	2078.00	2078.00	2078.00	2078.00	2078.00	2079.00	2079.00	2079.00	2079.00	2080.00	2080.00	2080.00	2080.00	2081.00	2081.00	2081.00	2082.00	2082.00	2083.00	2083.00	2083.00	2083.00	2083.00	2084.00	2084.00	2084.00	2084.00	2084.00	2085.00	2085.00	2085.00	2085.00	2085.00	2085.00	2086.00	2086.00	2086.00	2086.00	2086.00	2086.00	2087.00	2087.00	2087.00
2049.00	2050.00	2050.00	2050.00	2050.00	2050.00	2050.00	2050.00	2050.00	2051.00	2051.00	2051.00	2051.00	2051.00	2051.00	2051.00	2052.00	2052.00	2052.00	2052.00	2052.00	2052.00	2052.00	2052.00	2052.00	2052.00	2052.00	2053.00	2053.00	2053.00	2053.00	2053.00	2053.00	2053.00	2053.00	2053.00	2053.00	2053.00	2053.00	2054.00	2054.00	2054.00	2054.00	2054.00	2054.00	2054.00	2054.00	2054.00	2054.00	2054.00	2054.00	2055.00	2055.00	2055.00	2055.00	2055.00	2055.00	2055.00	2055.00	2055.00	2055.00	2055.00	2055.00	2055.00	2056.00	2056.00	2056.00	2056.00	2056.00	2056.00	2056.00	2056.00	2056.00	2056.00	2057.00	2057.00	2057.00	2057.00	2058.00	2058.00	2058.00	2058.00	2058.00	2058.00	2058.00	2059.00	2059.00	2059.00	2059.00	2059.00	2059.00	2059.00	2060.00	2060.00	2060.00	2060.00	2060.00	2060.00	2060.00	2060.00	2060.00	2061.00	2061.00	2061.00	2061.00	2062.00	2062.00	2062.00	2062.00	2062.00	2062.00	2062.00	2062.00	2062.00	2063.00	2063.00	2063.00	2063.00	2063.00	2063.00	2063.00	2063.00	2063.00	2063.00	2063.00	2063.00	2063.00	2064.00	2064.00	2064.00	2064.00	2064.00	2064.00	2064.00	2064.00	2065.00	2065.00	2065.00	2065.00	2065.00	2065.00	2065.00	2066.00	2066.00	2066.00	2066.00	2066.00	2066.00	2066.00	2067.00	2067.00	2067.00	2067.00	2067.00	2067.00	2067.00	2068.00	2068.00	2068.00	2068.00	2068.00	2068.00	2069.00	2069.00	2069.00	2069.00	2069.00	2069.00	2070.00	2070.00	2070.00	2070.00	2071.00	2071.00	2071.00	2071.00	2072.00	2072.00	2072.00	2072.00	2072.00	2073.00	2073.00	2073.00	2073.00	2073.00	2073.00	2073.00	2074.00	2074.00	2074.00	2074.00	2075.00	2075.00	2075.00	2076.00	2076.00	2076.00	2076.00	2076.00	2076.00	2076.00	2076.00	2076.00	2076.00	2076.00	2076.00	2076.00	2077.00	2077.00	2077.00	2077.00	2077.00	2078.00	2078.00	2078.00	2078.00	2078.00	2079.00	2079.00	2079.00	2079.00	2080.00	2080.00	2080.00	2080.00	2081.00	2081.00	2081.00	2082.00	2082.00	2083.00	2083.00	2083.00	2083.00	2083.00	2084.00	2084.00	2084.00	2084.00	2084.00	2085.00	2085.00	2085.00	2085.00	2085.00	2085.00	2086.00	2086.00	2086.00	2086.00	2086.00	2086.00	2087.00	2087.00	2087.00
2049.00	2050.00	2050.00	2050.00	2050.00	2050.00	2050.00	2050.00	2050.00	2051.00	2051.00	2051.00	2051.00	2051.00	2051.00	2051.00	2052.00	2052.00	2052.00	2052.00	2052.00	2052.00	2052.00	2052.00	2052.00	2052.00	2052.00	2053.00	2053.00	2053.00	2053.00	2053.00	2053.00	2053.00	2053.00	2053.00	2053.00	2053.00	2053.00	2054.00	2054.00	2054.00	2054.00	2054.00	2054.00	2054.00	2054.00	2054.00	2054.00	2054.00	2054.00	2055.00	2055.00	2055.00	2055.00	2055.00	2055.00	2055.00	2055.00	2055.00	2055.00	2055.00	2055.00	2055.00	2056.00	2056.00	2056.00	2056.00	2056.00	2056.00	2056.00	2056.00	2056.00	2056.00	2057.00	2057.00	2057.00	2057.00	2058.00	2058.00	2058.00	2058.00	2058.00	2058.00	2058.00	2059.00	2059.00	2059.00	2059.00	2059.00	2059.00	2059.00	2060.00	2060.00	2060.00	2060.00	2060.00	2060.00	2060.00	2060.00	2060.00	2061.00	2061.00	2061.00	2061.00	2062.00	2062.00	2062.00	2062.00	2062.00	2062.00	2062.00	2062.00	2062.00	2063.00	2063.00	2063.00	2063.00	2063.00	2063.00	2063.00	2063.00	2063.00	2063.00	2063.00	2063.00	2063.00	2064.00	2064.00	2064.00	2064.00	2064.00	2064.00	2064.00	2064.00	2065.00	2065.00	2065.00	2065.00	2065.00	2065.00	2065.00	2066.00	2066.00	2066.00	2066.00	2066.00	2066.00	2066.00	2067.00	2067.00	2067.00	2067.00	2067.00	2067.00	2067.00	2068.00	2068.00	2068.00	2068.00	2068.00	2068.00	2069.00	2069.00	2069.00	2069.00	2069.00	2069.00	2070.00	2070.00	2070.00	2070.00	2071.00	2071.00	2071.00	2071.00	2072.00	2072.00	2072.00	2072.00	2072.00	2073.00	2073.00	2073.00	2073.00	2073.00	2073.00	2073.00	2074.00	2074.00	2074.00	2074.00	2075.00	2075.00	2075.00	2076.00	2076.00	2076.00	2076.00	2076.00	2076.00	2076.00	2076.00	2076.00	2076.00	2076.00	2076.00	2076.00	2077.00	2077.00	2077.00	2077.00	2077.00	2078.00	2078.00	2078.00	2078.00	2078.00	2079.00	2079.00	2079.00	2079.00	2080.00	2080.00	2080.00	2080.00	2081.00	2081.00	2081.00	2082.00	2082.00	2083.00	2083.00	2083.00	2083.00	2083.00	2084.00	2084.00	2084.00	2084.00	2084.00	2085.00	2085.00	2085.00	2085.00	2085.00	2085.00	2086.00	2086.00	2086.00	2086.00	2086.00	2086.00	2087.00	2087.00	2087.00
2049.00	2050.00	2050.00	2050.00	2050.00	2050.00	2050.00	2050.00	2050.00	2051.00	2051.00	2051.00	2051.00	2051.00	2051.00	2051.00	2052.00	2052.00	2052.00	2052.00	2052.00	2052.00	2052.00	2052.00	2052.00	2052.00	2052.00	2053.00	2053.00	2053.00	2053.00	2053.00	2053.00	2053.00	2053.00	2053.00	2053.00	2053.00	2053.00	2054.00	2054.00	2054.00	2054.00	2054.00	2054.00	2054.00	2054.00	2054.00	2054.00	2054.00	2054.00	2055.00	2055.00	2055.00	2055.00	2055.00	2055.00	2055.00	2055.00	2055.00	2055.00	2055.00	2055.00	2055.00	2056.00	2056.00	2056.00	2056.00	2056.00	2056.00	2056.00	2056.00	2056.00	2056.00	2057.00	2057.00	2057.00	2057.00	2058.00	2058.00	2058.00	2058.00	2058.00	2058.00	2058.00	2059.00	2059.00	2059.00	2059.00	2059.00	2059.00	2059.00	2060.00	2060.00	2060.00	2060.00	2060.00	2060.00	2060.00	2060.00	2060.00	2061.00	2061.00	2061.00	2061.00	2062.00	2062.00	2062.00	2062.00	2062.00	2062.00	2062.00	2062.00	2062.00	2063.00	2063.00	2063.00	2063.00	2063.00	2063.00	2063.00	2063.00	2063.00	2063.00	2063.00	2063.00	2063.00	2064.00	2064.00	2064.00	2064.00	2064.00	2064.00	2064.00	2064.00	2065.00	2065.00	2065.00	2065.00	2065.00	2065.00	2065.00	2066.00	2066.00	2066.00	2066.00	2066.00	2066.00	2066.00	2067.00	2067.00	2067.00	2067.00	2067.00	2067.00	2067.00	2068.00	2068.00	2068.00	2068.00	2068.00	2068.00	2069.00	2069.00	2069.00	2069.00	2069.00	2069.00	2070.00	2070.00	2070.00	2070.00	2071.00	2071.00	2071.00	2071.00	2072.00	2072.00	2072.00	2072.00	2072.00	2073.00	2073.00	2073.00	2073.00	2073.00	2073.00	2073.00	2074.00	2074.00	2074.00	2074.00	2075.00	2075.00	2075.00	2076.00	2076.00	2076.00	2076.00	2076.00	2076.00	2076.00	2076.00	2076.00	2076.00	2076.00	2076.00	2076.00	2077.00	2077.00	2077.00	2077.00	2077.00	2078.00	2078.00	2078.00	2078.00	2078.00	2079.00	2079.00	2079.00	2079.00	2080.00	2080.00	2080.00	2080.00	2081.00	2081.00	2081.00	2082.00	2082.00	2083.00	2083.00	2083.00	2083.00	2083.00	2084.00	2084.00	2084.00	2084.00	2084.00	2085.00	2085.00	2085.00	2085.00	2085.00	2085.00	2086.00	2086.00	2086.00	2086.00	2086.00	2086.00	2087.00	2087.00	2087.00
2049.00	2050.00	2050.00	2050.00	2050.00	2050.00	2050.00	2050.00	2050.00	2051.00	2051.00	2051.00	2051.00	2051.00	2051.00	2051.00	2052.00	2052.00	2052.00	2052.00	2052.00	2052.00	2052.00	2052.00	2052.00	2052.00	2052.00	2053.00	2053.00	2053.00	2053.00	2053.00	2053.00	2053.00	2053.00	2053.00	2053.00	2053.00	2053.00	2054.00	2054.00	2054.00	2054.00	2054.00	2054.00	2054.00	2054.00	2054.00	2054.00	2054.00	2054.00	2055.00	2055.00	2055.00	2055.00	2055.00	2055.00	2055.00	2055.00	2055.00	2055.00	2055.00	2055.00	2055.00	2056.00	2056.00	2056.00	2056.00	2056.00	2056.00	2056.00	2056.00	2056.00	2056.00	2057.00	2057.00	2057.00	2057.00	2058.00	2058.00	2058.00	2058.00	2058.00	2058.00	2058.00	2059.00	2059.00	2059.00	2059.00	2059.00	2059.00	2059.00	2060.00	2060.00	2060.00	2060.00	2060.00	2060.00	2060.00	2060.00	2060.00	2061.00	2061.00	2061.00	2061.00	2062.00	2062.00	2062.00	2062.00	2062.00	2062.00	2062.00	2062.00	2062.00	2063.00	2063.00	2063.00	2063.00	2063.00	2063.00	2063.00	2063.00	2063.00	2063.00	2063.00	2063.00	2063.00	2064.00	2064.00	2064.00	2064.00	2064.00	2064.00	2064.00	2064.00	2065.00	2065.00	2065.00	2065.00	2065.00	2065.00	2065.00	2066.00	2066.00	2066.00	2066.00	2066.00	2066.00	2066.00	2067.00	2067.00	2067.00	2067.00	2067.00	2067.00	2067.00	2068.00	2068.00	2068.00	2068.00	2068.00	2068.00	2069.00	2069.00	2069.00	2069.00	2069.00	2069.00	2070.00	2070.00	2070.00	2070.00	2071.00	2071.00	2071.00	2071.00	2072.00	2072.00	2072.00	2072.00	2072.00	2073.00	2073.00	2073.00	2073.00	2073.00	2073.00	2073.00	2074.00	2074.00	2074.00	2074.00	2075.00	2075.00	2075.00	2076.00	2076.00	2076.00	2076.00	2076.00	2076.00	2076.00	2076.00	2076.00	2076.00	2076.00	2076.00	2076.00	2077.00	2077.00	2077.00	2077.00	2077.00	2078.00	2078.00	2078.00	2078.00	2078.00	2079.00	2079.00	2079.00	2079.00	2080.00	2080.00	2080.00	2080.00	2081.00	2081.00	2081.00	2082.00	2082.00	2083.00	2083.00	2083.00	2083.00	2083.00	2084.00	2084.00	2084.00	2084.00	2084.00	2085.00	2085.00	2085.00	2085.00	2085.00	2085.00	2086.00	2086.00	2086.00	2086.00	2086.00	2086.00	2087.00	2087.00	2087.00
2049.00	2050.00	2050.00	2050.00	2050.00	2050.00	2050.00	2050.00	2050.00	2051.00	2051.00	2051.00	2051.00	2051.00	2051.00	2051.00	2052.00	2052.00	2052.00	2052.00	2052.00	2052.00	2052.00	2052.00	2052.00	2052.00	2052.00	2053.00	2053.00	2053.00	2053.00	2053.00	2053.00	2053.00	2053.00	2053.00	2053.00	2053.00	2053.00	2054.00	2054.00	2054.00	2054.00	2054.00	2054.00	2054.00	2054.00	2054.00	2054.00	2054.00	2054.00	2055.00	2055.00	2055.00	2055.00	2055.00	2055.00	2055.00	2055.00	2055.00	2055.00	2055.00	2055.00	2055.00	2056.00	2056.00	2056.00	2056.00	2056.00	2056.00	2056.00	2056.00	2056.00	2056.00	2057.00	2057.00	2057.00	2057.00	2058.00	2058.00	2058.00	2058.00	2058.00	2058.00	2058.00	2059.00	2059.00	2059.00	2059.00	2059.00	2059.00	2059.00	2060.00	2060.00	2060.00	2060.00	2060.00	2060.00	2060.00	2060.00	2060.00	2061.00	2061.00	2061.00	2061.00	2062.00	2062.00	2062.00	2062.00	2062.00	2062.00	2062.00	2062.00	2062.00	2063.00	2063.00	2063.00	2063.00	2063.00	2063.00	2063.00	2063.00	2063.00	2063.00	2063.00	2063.00	2063.00	2064.00	2064.00	2064.00	2064.00	2064.00	2064.00	2064.00	2064.00	2065.00	2065.00	2065.00	2065.00	2065.00	2065.00	2065.00	2066.00	2066.00	2066.00	2066.00	2066.00	2066.00	2066.00	2067.00	2067.00	2067.00	2067.00	2067.00	2067.00	2067.00	2068.00	2068.00	2068.00	2068.00	2068.00	2068.00	2069.00	2069.00	2069.00	2069.00	2069.00	2069.00	2070.00	2070.00	2070.00	2070.00	2071.00	2071.00	2071.00	2071.00	2072.00	2072.00	2072.00	2072.00	2072.00	2073.00	2073.00	2073.00	2073.00	2073.00	2073.00	2073.00	2074.00	2074.00	2074.00	2074.00	2075.00	2075.00	2075.00	2076.00	2076.00	2076.00	2076.00	2076.00	2076.00	2076.00	2076.00	2076.00	2076.00	2076.00	2076.00	2076.00	2077.00	2077.00	2077.00	2077.00	2077.00	2078.00	2078.00	2078.00	2078.00	2078.00	2079.00	2079.00	2079.00	2079.00	2080.00	2080.00	2080.00	2080.00	2081.00	2081.00	2081.00	2082.00	2082.00	2083.00	2083.00	2083.00	2083.00	2083.00	2084.00	2084.00	2084.00	2084.00	2084.00	2085.00	2085.00	2085.00	2085.00	2085.00	2085.00	2086.00	2086.00	2086.00	2086.00	2086.00	2086.00	2087.00	2087.00	2087.00
2049.00	2050.00	2050.00	2050.00	2050.00	2050.00	2050.00	2050.00	2050.00	2051.00	2051.00	2051.00	2051.00	2051.00	2051.00	2051.00	2052.00	2052.00	2052.00	2052.00	2052.00	2052.00	2052.00	2052.00	2052.00	2052.00	2052.00	2053.00	2053.00	2053.00	2053.00	2053.00	2053.00	2053.00	2053.00	2053.00	2053.00	2053.00	2053.00	2054.00	2054.00	2054.00	2054.00	2054.00	2054.00	2054.00	2054.00	2054.00	2054.00	2054.00	2054.00	2055.00	2055.00	2055.00	2055.00	2055.00	2055.00	2055.00	2055.00	2055.00	2055.00	2055.00	2055.00	2055.00	2056.00	2056.00	2056.00	2056.00	2056.00	2056.00	2056.00	2056.00	2056.00	2056.00	2057.00	2057.00	2057.00	2057.00	2058.00	2058.00	2058.00	2058.00	2058.00	2058.00	2058.00	2059.00	2059.00	2059.00	2059.00	2059.00	2059.00	2059.00	2060.00	2060.00	2060.00	2060.00	2060.00	2060.00	2060.00	2060.00	2060.00	2061.00	2061.00	2061.00	2061.00	2062.00	2062.00	2062.00	2062.00	2062.00	2062.00	2062.00	2062.00	2062.00	2063.00	2063.00	2063.00	2063.00	2063.00	2063.00	2063.00	2063.00	2063.00	2063.00	2063.00	2063.00	2063.00	2064.00	2064.00	2064.00	2064.00	2064.00	2064.00	2064.00	2064.00	2065.00	2065.00	2065.00	2065.00	2065.00	2065.00	2065.00	2066.00	2066.00	2066.00	2066.00	2066.00	2066.00	2066.00	2067.00	2067.00	2067.00	2067.00	2067.00	2067.00	2067.00	2068.00	2068.00	2068.00	2068.00	2068.00	2068.00	2069.00	2069.00	2069.00	2069.00	2069.00	2069.00	2070.00	2070.00	2070.00	2070.00	2071.00	2071.00	2071.00	2071.00	2072.00	2072.00	2072.00	2072.00	2072.00	2073.00	2073.00	2073.00	2073.00	2073.00	2073.00	2073.00	2074.00	2074.00	2074.00	2074.00	2075.00	2075.00	2075.00	2076.00	2076.00	2076.00	2076.00	2076.00	2076.00	2076.00	2076.00	2076.00	2076.00	2076.00	2076.00	2076.00	2077.00	2077.00	2077.00	2077.00	2077.00	2078.00	2078.00	2078.00	2078.00	2078.00	2079.00	2079.00	2079.00	2079.00	2080.00	2080.00	2080.00	2080.00	2081.00	2081.00	2081.00	2082.00	2082.00	2083.00	2083.00	2083.00	2083.00	2083.00	2084.00	2084.00	2084.00	2084.00	2084.00	2085.00	2085.00	2085.00	2085.00	2085.00	2085.00	2086.00	2086.00	2086.00	2086.00	2086.00	2086.00	2087.00	2087.00	2087.00
2051.00	2052.00	2052.00	2052.00	2052.00	2052.00	2052.00	2052.00	2052.00	2052.00	2052.00	2052.00	2052.00	2052.00	2052.00	2052.00	2053.00	2053.00	2053.00	2053.00	2053.00	2053.00	2053.00	2053.00	2053.00	2053.00	2053.00	2054.00	2054.00	2054.00	2054.00	2054.00	2054.00	2054.00	2055.00	2055.00	2055.00	2055.00	2055.00	2055.00	2055.00	2056.00	2056.00	2056.00	2056.00	2056.00	2057.00	2057.00	2057.00	2057.00	2057.00	2057.00	2057.00	2057.00	2057.00	2057.00	2057.00	2058.00	2058.00	2058.00	2058.00	2058.00	2058.00	2058.00	2058.00	2058.00	2058.00	2058.00	2058.00	2058.00	2058.00	2059.00	2059.00	2059.00	2059.00	2059.00	2059.00	2059.00	2060.00	2060.00	2060.00	2060.00	2060.00	2060.00	2060.00	2060.00	2060.00	2061.00	2061.00	2061.00	2061.00	2061.00	2061.00	2061.00	2061.00	2062.00	2062.00	2062.00	2062.00	2062.00	2063.00	2063.00	2063.00	2063.00	2063.00	2064.00	2064.00	2064.00	2064.00	2064.00	2064.00	2064.00	2064.00	2064.00	2064.00	2065.00	2065.00	2065.00	2065.00	2065.00	2065.00	2065.00	2066.00	2066.00	2066.00	2066.00	2066.00	2066.00	2067.00	2067.00	2067.00	2067.00	2067.00	2067.00	2067.00	2067.00	2067.00	2068.00	2068.00	2068.00	2068.00	2068.00	2069.00	2069.00	2069.00	2069.00	2069.00	2070.00	2070.00	2070.00	2070.00	2071.00	2071.00	2071.00	2071.00	2071.00	2071.00	2071.00	2072.00	2072.00	2072.00	2072.00	2073.00	2073.00	2073.00	2073.00	2073.00	2074.00	2074.00	2075.00	2075.00	2075.00	2075.00	2075.00	2076.00	2076.00	2076.00	2076.00	2076.00	2077.00	2077.00	2077.00	2077.00	2077.00	2077.00	2078.00	2078.00	2078.00	2078.00	2078.00	2079.00	2079.00	2079.00	2079.00	2079.00	2079.00	2079.00	2079.00	2079.00	2079.00	2080.00	2080.00	2080.00	2080.00	2080.00	2080.00	2080.00	2080.00	2080.00	2080.00	2080.00	2080.00	2080.00	2081.00	2081.00	2081.00	2081.00	2081.00	2081.00	2081.00	2082.00	2082.00	2082.00	2082.00	2082.00	2082.00	2083.00	2083.00	2083.00	2083.00	2084.00	2084.00	2084.00	2084.00	2084.00	2085.00	2085.00	2085.00	2085.00	2086.00	2086.00	2086.00	2086.00	2086.00	2086.00	2087.00	2087.00	2087.00	2087.00	2087.00	2088.00	2088.00	2088.00	2088.00	2088.00	2088.00
2051.00	2052.00	2052.00	2052.00	2052.00	2052.00	2052.00	2052.00	2052.00	2052.00	2052.00	2052.00	2052.00	2052.00	2052.00	2052.00	2053.00	2053.00	2053.00	2053.00	2053.00	2053.00	2053.00	2053.00	2053.00	2053.00	2053.00	2054.00	2054.00	2054.00	2054.00	2054.00	2054.00	2054.00	2055.00	2055.00	2055.00	2055.00	2055.00	2055.00	2055.00	2056.00	2056.00	2056.00	2056.00	2056.00	2057.00	2057.00	2057.00	2057.00	2057.00	2057.00	2057.00	2057.00	2057.00	2057.00	2057.00	2058.00	2058.00	2058.00	2058.00	2058.00	2058.00	2058.00	2058.00	2058.00	2058.00	2058.00	2058.00	2058.00	2058.00	2059.00	2059.00	2059.00	2059.00	2059.00	2059.00	2059.00	2060.00	2060.00	2060.00	2060.00	2060.00	2060.00	2060.00	2060.00	2060.00	2061.00	2061.00	2061.00	2061.00	2061.00	2061.00	2061.00	2061.00	2062.00	2062.00	2062.00	2062.00	2062.00	2063.00	2063.00	2063.00	2063.00	2063.00	2064.00	2064.00	2064.00	2064.00	2064.00	2064.00	2064.00	2064.00	2064.00	2064.00	2065.00	2065.00	2065.00	2065.00	2065.00	2065.00	2065.00	2066.00	2066.00	2066.00	2066.00	2066.00	2066.00	2067.00	2067.00	2067.00	2067.00	2067.00	2067.00	2067.00	2067.00	2067.00	2068.00	2068.00	2068.00	2068.00	2068.00	2069.00	2069.00	2069.00	2069.00	2069.00	2070.00	2070.00	2070.00	2070.00	2071.00	2071.00	2071.00	2071.00	2071.00	2071.00	2071.00	2072.00	2072.00	2072.00	2072.00	2073.00	2073.00	2073.00	2073.00	2073.00	2074.00	2074.00	2075.00	2075.00	2075.00	2075.00	2075.00	2076.00	2076.00	2076.00	2076.00	2076.00	2077.00	2077.00	2077.00	2077.00	2077.00	2077.00	2078.00	2078.00	2078.00	2078.00	2078.00	2079.00	2079.00	2079.00	2079.00	2079.00	2079.00	2079.00	2079.00	2079.00	2079.00	2080.00	2080.00	2080.00	2080.00	2080.00	2080.00	2080.00	2080.00	2080.00	2080.00	2080.00	2080.00	2080.00	2081.00	2081.00	2081.00	2081.00	2081.00	2081.00	2081.00	2082.00	2082.00	2082.00	2082.00	2082.00	2082.00	2083.00	2083.00	2083.00	2083.00	2084.00	2084.00	2084.00	2084.00	2084.00	2085.00	2085.00	2085.00	2085.00	2086.00	2086.00	2086.00	2086.00	2086.00	2086.00	2087.00	2087.00	2087.00	2087.00	2087.00	2088.00	2088.00	2088.00	2088.00	2088.00	2088.00
2051.00	2052.00	2052.00	2052.00	2052.00	2052.00	2052.00	2052.00	2052.00	2052.00	2052.00	2052.00	2052.00	2052.00	2052.00	2052.00	2053.00	2053.00	2053.00	2053.00	2053.00	2053.00	2053.00	2053.00	2053.00	2053.00	2053.00	2054.00	2054.00	2054.00	2054.00	2054.00	2054.00	2054.00	2055.00	2055.00	2055.00	2055.00	2055.00	2055.00	2055.00	2056.00	2056.00	2056.00	2056.00	2056.00	2057.00	2057.00	2057.00	2057.00	2057.00	2057.00	2057.00	2057.00	2057.00	2057.00	2057.00	2058.00	2058.00	2058.00	2058.00	2058.00	2058.00	2058.00	2058.00	2058.00	2058.00	2058.00	2058.00	2058.00	2058.00	2059.00	2059.00	2059.00	2059.00	2059.00	2059.00	2059.00	2060.00	2060.00	2060.00	2060.00	2060.00	2060.00	2060.00	2060.00	2060.00	2061.00	2061.00	2061.00	2061.00	2061.00	2061.00	2061.00	2061.00	2062.00	2062.00	2062.00	2062.00	2062.00	2063.00	2063.00	2063.00	2063.00	2063.00	2064.00	2064.00	2064.00	2064.00	2064.00	2064.00	2064.00	2064.00	2064.00	2064.00	2065.00	2065.00	2065.00	2065.00	2065.00	2065.00	2065.00	2066.00	2066.00	2066.00	2066.00	2066.00	2066.00	2067.00	2067.00	2067.00	2067.00	2067.00	2067.00	2067.00	2067.00	2067.00	2068.00	2068.00	2068.00	2068.00	2068.00	2069.00	2069.00	2069.00	2069.00	2069.00	2070.00	2070.00	2070.00	2070.00	2071.00	2071.00	2071.00	2071.00	2071.00	2071.00	2071.00	2072.00	2072.00	2072.00	2072.00	2073.00	2073.00	2073.00	2073.00	2073.00	2074.00	2074.00	2075.00	2075.00	2075.00	2075.00	2075.00	2076.00	2076.00	2076.00	2076.00	2076.00	2077.00	2077.00	2077.00	2077.00	2077.00	2077.00	2078.00	2078.00	2078.00	2078.00	2078.00	2079.00	2079.00	2079.00	2079.00	2079.00	2079.00	2079.00	2079.00	2079.00	2079.00	2080.00	2080.00	2080.00	2080.00	2080.00	2080.00	2080.00	2080.00	2080.00	2080.00	2080.00	2080.00	2080.00	2081.00	2081.00	2081.00	2081.00	2081.00	2081.00	2081.00	2082.00	2082.00	2082.00	2082.00	2082.00	2082.00	2083.00	2083.00	2083.00	2083.00	2084.00	2084.00	2084.00	2084.00	2084.00	2085.00	2085.00	2085.00	2085.00	2086.00	2086.00	2086.00	2086.00	2086.00	2086.00	2087.00	2087.00	2087.00	2087.00	2087.00	2088.00	2088.00	2088.00	2088.00	2088.00	2088.00
2051.00	2052.00	2052.00	2052.00	2052.00	2052.00	2052.00	2052.00	2052.00	2052.00	2052.00	2052.00	2052.00	2052.00	2052.00	2052.00	2053.00	2053.00	2053.00	2053.00	2053.00	2053.00	2053.00	2053.00	2053.00	2053.00	2053.00	2054.00	2054.00	2054.00	2054.00	2054.00	2054.00	2054.00	2055.00	2055.00	2055.00	2055.00	2055.00	2055.00	2055.00	2056.00	2056.00	2056.00	2056.00	2056.00	2057.00	2057.00	2057.00	2057.00	2057.00	2057.00	2057.00	2057.00	2057.00	2057.00	2057.00	2058.00	2058.00	2058.00	2058.00	2058.00	2058.00	2058.00	2058.00	2058.00	2058.00	2058.00	2058.00	2058.00	2058.00	2059.00	2059.00	2059.00	2059.00	2059.00	2059.00	2059.00	2060.00	2060.00	2060.00	2060.00	2060.00	2060.00	2060.00	2060.00	2060.00	2061.00	2061.00	2061.00	2061.00	2061.00	2061.00	2061.00	2061.00	2062.00	2062.00	2062.00	2062.00	2062.00	2063.00	2063.00	2063.00	2063.00	2063.00	2064.00	2064.00	2064.00	2064.00	2064.00	2064.00	2064.00	2064.00	2064.00	2064.00	2065.00	2065.00	2065.00	2065.00	2065.00	2065.00	2065.00	2066.00	2066.00	2066.00	2066.00	2066.00	2066.00	2067.00	2067.00	2067.00	2067.00	2067.00	2067.00	2067.00	2067.00	2067.00	2068.00	2068.00	2068.00	2068.00	2068.00	2069.00	2069.00	2069.00	2069.00	2069.00	2070.00	2070.00	2070.00	2070.00	2071.00	2071.00	2071.00	2071.00	2071.00	2071.00	2071.00	2072.00	2072.00	2072.00	2072.00	2073.00	2073.00	2073.00	2073.00	2073.00	2074.00	2074.00	2075.00	2075.00	2075.00	2075.00	2075.00	2076.00	2076.00	2076.00	2076.00	2076.00	2077.00	2077.00	2077.00	2077.00	2077.00	2077.00	2078.00	2078.00	2078.00	2078.00	2078.00	2079.00	2079.00	2079.00	2079.00	2079.00	2079.00	2079.00	2079.00	2079.00	2079.00	2080.00	2080.00	2080.00	2080.00	2080.00	2080.00	2080.00	2080.00	2080.00	2080.00	2080.00	2080.00	2080.00	2081.00	2081.00	2081.00	2081.00	2081.00	2081.00	2081.00	2082.00	2082.00	2082.00	2082.00	2082.00	2082.00	2083.00	2083.00	2083.00	2083.00	2084.00	2084.00	2084.00	2084.00	2084.00	2085.00	2085.00	2085.00	2085.00	2086.00	2086.00	2086.00	2086.00	2086.00	2086.00	2087.00	2087.00	2087.00	2087.00	2087.00	2088.00	2088.00	2088.00	2088.00	2088.00	2088.00
2051.00	2052.00	2052.00	2052.00	2052.00	2052.00	2052.00	2052.00	2052.00	2052.00	2052.00	2052.00	2052.00	2052.00	2052.00	2052.00	2053.00	2053.00	2053.00	2053.00	2053.00	2053.00	2053.00	2053.00	2053.00	2053.00	2053.00	2054.00	2054.00	2054.00	2054.00	2054.00	2054.00	2054.00	2055.00	2055.00	2055.00	2055.00	2055.00	2055.00	2055.00	2056.00	2056.00	2056.00	2056.00	2056.00	2057.00	2057.00	2057.00	2057.00	2057.00	2057.00	2057.00	2057.00	2057.00	2057.00	2057.00	2058.00	2058.00	2058.00	2058.00	2058.00	2058.00	2058.00	2058.00	2058.00	2058.00	2058.00	2058.00	2058.00	2058.00	2059.00	2059.00	2059.00	2059.00	2059.00	2059.00	2059.00	2060.00	2060.00	2060.00	2060.00	2060.00	2060.00	2060.00	2060.00	2060.00	2061.00	2061.00	2061.00	2061.00	2061.00	2061.00	2061.00	2061.00	2062.00	2062.00	2062.00	2062.00	2062.00	2063.00	2063.00	2063.00	2063.00	2063.00	2064.00	2064.00	2064.00	2064.00	2064.00	2064.00	2064.00	2064.00	2064.00	2064.00	2065.00	2065.00	2065.00	2065.00	2065.00	2065.00	2065.00	2066.00	2066.00	2066.00	2066.00	2066.00	2066.00	2067.00	2067.00	2067.00	2067.00	2067.00	2067.00	2067.00	2067.00	2067.00	2068.00	2068.00	2068.00	2068.00	2068.00	2069.00	2069.00	2069.00	2069.00	2069.00	2070.00	2070.00	2070.00	2070.00	2071.00	2071.00	2071.00	2071.00	2071.00	2071.00	2071.00	2072.00	2072.00	2072.00	2072.00	2073.00	2073.00	2073.00	2073.00	2073.00	2074.00	2074.00	2075.00	2075.00	2075.00	2075.00	2075.00	2076.00	2076.00	2076.00	2076.00	2076.00	2077.00	2077.00	2077.00	2077.00	2077.00	2077.00	2078.00	2078.00	2078.00	2078.00	2078.00	2079.00	2079.00	2079.00	2079.00	2079.00	2079.00	2079.00	2079.00	2079.00	2079.00	2080.00	2080.00	2080.00	2080.00	2080.00	2080.00	2080.00	2080.00	2080.00	2080.00	2080.00	2080.00	2080.00	2081.00	2081.00	2081.00	2081.00	2081.00	2081.00	2081.00	2082.00	2082.00	2082.00	2082.00	2082.00	2082.00	2083.00	2083.00	2083.00	2083.00	2084.00	2084.00	2084.00	2084.00	2084.00	2085.00	2085.00	2085.00	2085.00	2086.00	2086.00	2086.00	2086.00	2086.00	2086.00	2087.00	2087.00	2087.00	2087.00	2087.00	2088.00	2088.00	2088.00	2088.00	2088.00	2088.00
2051.00	2052.00	2052.00	2052.00	2052.00	2052.00	2052.00	2052.00	2052.00	2052.00	2052.00	2052.00	2052.00	2052.00	2052.00	2052.00	2053.00	2053.00	2053.00	2053.00	2053.00	2053.00	2053.00	2053.00	2053.00	2053.00	2053.00	2054.00	2054.00	2054.00	2054.00	2054.00	2054.00	2054.00	2055.00	2055.00	2055.00	2055.00	2055.00	2055.00	2055.00	2056.00	2056.00	2056.00	2056.00	2056.00	2057.00	2057.00	2057.00	2057.00	2057.00	2057.00	2057.00	2057.00	2057.00	2057.00	2057.00	2058.00	2058.00	2058.00	2058.00	2058.00	2058.00	2058.00	2058.00	2058.00	2058.00	2058.00	2058.00	2058.00	2058.00	2059.00	2059.00	2059.00	2059.00	2059.00	2059.00	2059.00	2060.00	2060.00	2060.00	2060.00	2060.00	2060.00	2060.00	2060.00	2060.00	2061.00	2061.00	2061.00	2061.00	2061.00	2061.00	2061.00	2061.00	2062.00	2062.00	2062.00	2062.00	2062.00	2063.00	2063.00	2063.00	2063.00	2063.00	2064.00	2064.00	2064.00	2064.00	2064.00	2064.00	2064.00	2064.00	2064.00	2064.00	2065.00	2065.00	2065.00	2065.00	2065.00	2065.00	2065.00	2066.00	2066.00	2066.00	2066.00	2066.00	2066.00	2067.00	2067.00	2067.00	2067.00	2067.00	2067.00	2067.00	2067.00	2067.00	2068.00	2068.00	2068.00	2068.00	2068.00	2069.00	2069.00	2069.00	2069.00	2069.00	2070.00	2070.00	2070.00	2070.00	2071.00	2071.00	2071.00	2071.00	2071.00	2071.00	2071.00	2072.00	2072.00	2072.00	2072.00	2073.00	2073.00	2073.00	2073.00	2073.00	2074.00	2074.00	2075.00	2075.00	2075.00	2075.00	2075.00	2076.00	2076.00	2076.00	2076.00	2076.00	2077.00	2077.00	2077.00	2077.00	2077.00	2077.00	2078.00	2078.00	2078.00	2078.00	2078.00	2079.00	2079.00	2079.00	2079.00	2079.00	2079.00	2079.00	2079.00	2079.00	2079.00	2080.00	2080.00	2080.00	2080.00	2080.00	2080.00	2080.00	2080.00	2080.00	2080.00	2080.00	2080.00	2080.00	2081.00	2081.00	2081.00	2081.00	2081.00	2081.00	2081.00	2082.00	2082.00	2082.00	2082.00	2082.00	2082.00	2083.00	2083.00	2083.00	2083.00	2084.00	2084.00	2084.00	2084.00	2084.00	2085.00	2085.00	2085.00	2085.00	2086.00	2086.00	2086.00	2086.00	2086.00	2086.00	2087.00	2087.00	2087.00	2087.00	2087.00	2088.00	2088.00	2088.00	2088.00	2088.00	2088.00
2051.00	2052.00	2052.00	2052.00	2052.00	2052.00	2052.00	2052.00	2052.00	2052.00	2052.00	2052.00	2052.00	2052.00	2052.00	2052.00	2053.00	2053.00	2053.00	2053.00	2053.00	2053.00	2053.00	2053.00	2053.00	2053.00	2053.00	2054.00	2054.00	2054.00	2054.00	2054.00	2054.00	2054.00	2055.00	2055.00	2055.00	2055.00	2055.00	2055.00	2055.00	2056.00	2056.00	2056.00	2056.00	2056.00	2057.00	2057.00	2057.00	2057.00	2057.00	2057.00	2057.00	2057.00	2057.00	2057.00	2057.00	2058.00	2058.00	2058.00	2058.00	2058.00	2058.00	2058.00	2058.00	2058.00	2058.00	2058.00	2058.00	2058.00	2058.00	2059.00	2059.00	2059.00	2059.00	2059.00	2059.00	2059.00	2060.00	2060.00	2060.00	2060.00	2060.00	2060.00	2060.00	2060.00	2060.00	2061.00	2061.00	2061.00	2061.00	2061.00	2061.00	2061.00	2061.00	2062.00	2062.00	2062.00	2062.00	2062.00	2063.00	2063.00	2063.00	2063.00	2063.00	2064.00	2064.00	2064.00	2064.00	2064.00	2064.00	2064.00	2064.00	2064.00	2064.00	2065.00	2065.00	2065.00	2065.00	2065.00	2065.00	2065.00	2066.00	2066.00	2066.00	2066.00	2066.00	2066.00	2067.00	2067.00	2067.00	2067.00	2067.00	2067.00	2067.00	2067.00	2067.00	2068.00	2068.00	2068.00	2068.00	2068.00	2069.00	2069.00	2069.00	2069.00	2069.00	2070.00	2070.00	2070.00	2070.00	2071.00	2071.00	2071.00	2071.00	2071.00	2071.00	2071.00	2072.00	2072.00	2072.00	2072.00	2073.00	2073.00	2073.00	2073.00	2073.00	2074.00	2074.00	2075.00	2075.00	2075.00	2075.00	2075.00	2076.00	2076.00	2076.00	2076.00	2076.00	2077.00	2077.00	2077.00	2077.00	2077.00	2077.00	2078.00	2078.00	2078.00	2078.00	2078.00	2079.00	2079.00	2079.00	2079.00	2079.00	2079.00	2079.00	2079.00	2079.00	2079.00	2080.00	2080.00	2080.00	2080.00	2080.00	2080.00	2080.00	2080.00	2080.00	2080.00	2080.00	2080.00	2080.00	2081.00	2081.00	2081.00	2081.00	2081.00	2081.00	2081.00	2082.00	2082.00	2082.00	2082.00	2082.00	2082.00	2083.00	2083.00	2083.00	2083.00	2084.00	2084.00	2084.00	2084.00	2084.00	2085.00	2085.00	2085.00	2085.00	2086.00	2086.00	2086.00	2086.00	2086.00	2086.00	2087.00	2087.00	2087.00	2087.00	2087.00	2088.00	2088.00	2088.00	2088.00	2088.00	2088.00
2051.00	2052.00	2052.00	2052.00	2052.00	2052.00	2052.00	2052.00	2052.00	2052.00	2052.00	2052.00	2052.00	2052.00	2052.00	2052.00	2053.00	2053.00	2053.00	2053.00	2053.00	2053.00	2053.00	2053.00	2053.00	2053.00	2053.00	2054.00	2054.00	2054.00	2054.00	2054.00	2054.00	2054.00	2055.00	2055.00	2055.00	2055.00	2055.00	2055.00	2055.00	2056.00	2056.00	2056.00	2056.00	2056.00	2057.00	2057.00	2057.00	2057.00	2057.00	2057.00	2057.00	2057.00	2057.00	2057.00	2057.00	2058.00	2058.00	2058.00	2058.00	2058.00	2058.00	2058.00	2058.00	2058.00	2058.00	2058.00	2058.00	2058.00	2058.00	2059.00	2059.00	2059.00	2059.00	2059.00	2059.00	2059.00	2060.00	2060.00	2060.00	2060.00	2060.00	2060.00	2060.00	2060.00	2060.00	2061.00	2061.00	2061.00	2061.00	2061.00	2061.00	2061.00	2061.00	2062.00	2062.00	2062.00	2062.00	2062.00	2063.00	2063.00	2063.00	2063.00	2063.00	2064.00	2064.00	2064.00	2064.00	2064.00	2064.00	2064.00	2064.00	2064.00	2064.00	2065.00	2065.00	2065.00	2065.00	2065.00	2065.00	2065.00	2066.00	2066.00	2066.00	2066.00	2066.00	2066.00	2067.00	2067.00	2067.00	2067.00	2067.00	2067.00	2067.00	2067.00	2067.00	2068.00	2068.00	2068.00	2068.00	2068.00	2069.00	2069.00	2069.00	2069.00	2069.00	2070.00	2070.00	2070.00	2070.00	2071.00	2071.00	2071.00	2071.00	2071.00	2071.00	2071.00	2072.00	2072.00	2072.00	2072.00	2073.00	2073.00	2073.00	2073.00	2073.00	2074.00	2074.00	2075.00	2075.00	2075.00	2075.00	2075.00	2076.00	2076.00	2076.00	2076.00	2076.00	2077.00	2077.00	2077.00	2077.00	2077.00	2077.00	2078.00	2078.00	2078.00	2078.00	2078.00	2079.00	2079.00	2079.00	2079.00	2079.00	2079.00	2079.00	2079.00	2079.00	2079.00	2080.00	2080.00	2080.00	2080.00	2080.00	2080.00	2080.00	2080.00	2080.00	2080.00	2080.00	2080.00	2080.00	2081.00	2081.00	2081.00	2081.00	2081.00	2081.00	2081.00	2082.00	2082.00	2082.00	2082.00	2082.00	2082.00	2083.00	2083.00	2083.00	2083.00	2084.00	2084.00	2084.00	2084.00	2084.00	2085.00	2085.00	2085.00	2085.00	2086.00	2086.00	2086.00	2086.00	2086.00	2086.00	2087.00	2087.00	2087.00	2087.00	2087.00	2088.00	2088.00	2088.00	2088.00	2088.00	2088.00
2053.00	2053.00	2053.00	2053.00	2053.00	2053.00	2053.00	2053.00	2053.00	2053.00	2053.00	2053.00	2053.00	2053.00	2053.00	2054.00	2054.00	2054.00	2054.00	2054.00	2054.00	2054.00	2054.00	2054.00	2055.00	2055.00	2055.00	2055.00	2055.00	2055.00	2056.00	2056.00	2056.00	2056.00	2056.00	2056.00	2057.00	2057.00	2057.00	2057.00	2057.00	2058.00	2058.00	2058.00	2058.00	2059.00	2059.00	2059.00	2060.00	2060.00	2060.00	2060.00	2060.00	2060.00	2060.00	2061.00	2061.00	2061.00	2061.00	2061.00	2061.00	2061.00	2061.00	2061.00	2061.00	2061.00	2061.00	2061.00	2062.00	2062.00	2062.00	2062.00	2062.00	2062.00	2062.00	2062.00	2062.00	2062.00	2062.00	2062.00	2062.00	2062.00	2063.00	2063.00	2063.00	2063.00	2063.00	2063.00	2063.00	2064.00	2064.00	2064.00	2064.00	2064.00	2064.00	2064.00	2064.00	2064.00	2064.00	2064.00	2065.00	2065.00	2065.00	2065.00	2065.00	2066.00	2066.00	2066.00	2066.00	2066.00	2066.00	2066.00	2066.00	2066.00	2066.00	2067.00	2067.00	2067.00	2067.00	2067.00	2067.00	2067.00	2067.00	2067.00	2067.00	2067.00	2068.00	2068.00	2068.00	2068.00	2068.00	2069.00	2069.00	2069.00	2069.00	2069.00	2069.00	2070.00	2070.00	2070.00	2071.00	2071.00	2071.00	2071.00	2072.00	2072.00	2072.00	2072.00	2073.00	2073.00	2073.00	2073.00	2073.00	2074.00	2074.00	2074.00	2074.00	2074.00	2075.00	2075.00	2076.00	2076.00	2076.00	2077.00	2077.00	2077.00	2077.00	2077.00	2078.00	2078.00	2078.00	2079.00	2079.00	2079.00	2079.00	2079.00	2080.00	2080.00	2080.00	2080.00	2081.00	2081.00	2081.00	2081.00	2081.00	2081.00	2082.00	2082.00	2082.00	2082.00	2082.00	2082.00	2083.00	2083.00	2083.00	2083.00	2083.00	2083.00	2083.00	2083.00	2083.00	2083.00	2083.00	2083.00	2084.00	2084.00	2084.00	2084.00	2084.00	2084.00	2084.00	2084.00	2084.00	2084.00	2084.00	2084.00	2084.00	2084.00	2085.00	2085.00	2085.00	2085.00	2085.00	2085.00	2085.00	2085.00	2086.00	2086.00	2086.00	2086.00	2086.00	2087.00	2087.00	2087.00	2087.00	2087.00	2087.00	2087.00	2088.00	2088.00	2088.00	2088.00	2089.00	2089.00	2089.00	2089.00	2089.00	2089.00	2090.00	2090.00	2090.00	2090.00	2090.00	2090.00	2090.00	2090.00
2053.00	2053.00	2053.00	2053.00	2053.00	2053.00	2053.00	2053.00	2053.00	2053.00	2053.00	2053.00	2053.00	2053.00	2053.00	2054.00	2054.00	2054.00	2054.00	2054.00	2054.00	2054.00	2054.00	2054.00	2055.00	2055.00	2055.00	2055.00	2055.00	2055.00	2056.00	2056.00	2056.00	2056.00	2056.00	2056.00	2057.00	2057.00	2057.00	2057.00	2057.00	2058.00	2058.00	2058.00	2058.00	2059.00	2059.00	2059.00	2060.00	2060.00	2060.00	2060.00	2060.00	2060.00	2060.00	2061.00	2061.00	2061.00	2061.00	2061.00	2061.00	2061.00	2061.00	2061.00	2061.00	2061.00	2061.00	2061.00	2062.00	2062.00	2062.00	2062.00	2062.00	2062.00	2062.00	2062.00	2062.00	2062.00	2062.00	2062.00	2062.00	2062.00	2063.00	2063.00	2063.00	2063.00	2063.00	2063.00	2063.00	2064.00	2064.00	2064.00	2064.00	2064.00	2064.00	2064.00	2064.00	2064.00	2064.00	2064.00	2065.00	2065.00	2065.00	2065.00	2065.00	2066.00	2066.00	2066.00	2066.00	2066.00	2066.00	2066.00	2066.00	2066.00	2066.00	2067.00	2067.00	2067.00	2067.00	2067.00	2067.00	2067.00	2067.00	2067.00	2067.00	2067.00	2068.00	2068.00	2068.00	2068.00	2068.00	2069.00	2069.00	2069.00	2069.00	2069.00	2069.00	2070.00	2070.00	2070.00	2071.00	2071.00	2071.00	2071.00	2072.00	2072.00	2072.00	2072.00	2073.00	2073.00	2073.00	2073.00	2073.00	2074.00	2074.00	2074.00	2074.00	2074.00	2075.00	2075.00	2076.00	2076.00	2076.00	2077.00	2077.00	2077.00	2077.00	2077.00	2078.00	2078.00	2078.00	2079.00	2079.00	2079.00	2079.00	2079.00	2080.00	2080.00	2080.00	2080.00	2081.00	2081.00	2081.00	2081.00	2081.00	2081.00	2082.00	2082.00	2082.00	2082.00	2082.00	2082.00	2083.00	2083.00	2083.00	2083.00	2083.00	2083.00	2083.00	2083.00	2083.00	2083.00	2083.00	2083.00	2084.00	2084.00	2084.00	2084.00	2084.00	2084.00	2084.00	2084.00	2084.00	2084.00	2084.00	2084.00	2084.00	2084.00	2085.00	2085.00	2085.00	2085.00	2085.00	2085.00	2085.00	2085.00	2086.00	2086.00	2086.00	2086.00	2086.00	2087.00	2087.00	2087.00	2087.00	2087.00	2087.00	2087.00	2088.00	2088.00	2088.00	2088.00	2089.00	2089.00	2089.00	2089.00	2089.00	2089.00	2090.00	2090.00	2090.00	2090.00	2090.00	2090.00	2090.00	2090.00
2053.00	2053.00	2053.00	2053.00	2053.00	2053.00	2053.00	2053.00	2053.00	2053.00	2053.00	2053.00	2053.00	2053.00	2053.00	2054.00	2054.00	2054.00	2054.00	2054.00	2054.00	2054.00	2054.00	2054.00	2055.00	2055.00	2055.00	2055.00	2055.00	2055.00	2056.00	2056.00	2056.00	2056.00	2056.00	2056.00	2057.00	2057.00	2057.00	2057.00	2057.00	2058.00	2058.00	2058.00	2058.00	2059.00	2059.00	2059.00	2060.00	2060.00	2060.00	2060.00	2060.00	2060.00	2060.00	2061.00	2061.00	2061.00	2061.00	2061.00	2061.00	2061.00	2061.00	2061.00	2061.00	2061.00	2061.00	2061.00	2062.00	2062.00	2062.00	2062.00	2062.00	2062.00	2062.00	2062.00	2062.00	2062.00	2062.00	2062.00	2062.00	2062.00	2063.00	2063.00	2063.00	2063.00	2063.00	2063.00	2063.00	2064.00	2064.00	2064.00	2064.00	2064.00	2064.00	2064.00	2064.00	2064.00	2064.00	2064.00	2065.00	2065.00	2065.00	2065.00	2065.00	2066.00	2066.00	2066.00	2066.00	2066.00	2066.00	2066.00	2066.00	2066.00	2066.00	2067.00	2067.00	2067.00	2067.00	2067.00	2067.00	2067.00	2067.00	2067.00	2067.00	2067.00	2068.00	2068.00	2068.00	2068.00	2068.00	2069.00	2069.00	2069.00	2069.00	2069.00	2069.00	2070.00	2070.00	2070.00	2071.00	2071.00	2071.00	2071.00	2072.00	2072.00	2072.00	2072.00	2073.00	2073.00	2073.00	2073.00	2073.00	2074.00	2074.00	2074.00	2074.00	2074.00	2075.00	2075.00	2076.00	2076.00	2076.00	2077.00	2077.00	2077.00	2077.00	2077.00	2078.00	2078.00	2078.00	2079.00	2079.00	2079.00	2079.00	2079.00	2080.00	2080.00	2080.00	2080.00	2081.00	2081.00	2081.00	2081.00	2081.00	2081.00	2082.00	2082.00	2082.00	2082.00	2082.00	2082.00	2083.00	2083.00	2083.00	2083.00	2083.00	2083.00	2083.00	2083.00	2083.00	2083.00	2083.00	2083.00	2084.00	2084.00	2084.00	2084.00	2084.00	2084.00	2084.00	2084.00	2084.00	2084.00	2084.00	2084.00	2084.00	2084.00	2085.00	2085.00	2085.00	2085.00	2085.00	2085.00	2085.00	2085.00	2086.00	2086.00	2086.00	2086.00	2086.00	2087.00	2087.00	2087.00	2087.00	2087.00	2087.00	2087.00	2088.00	2088.00	2088.00	2088.00	2089.00	2089.00	2089.00	2089.00	2089.00	2089.00	2090.00	2090.00	2090.00	2090.00	2090.00	2090.00	2090.00	2090.00
2053.00	2053.00	2053.00	2053.00	2053.00	2053.00	2053.00	2053.00	2053.00	2053.00	2053.00	2053.00	2053.00	2053.00	2053.00	2054.00	2054.00	2054.00	2054.00	2054.00	2054.00	2054.00	2054.00	2054.00	2055.00	2055.00	2055.00	2055.00	2055.00	2055.00	2056.00	2056.00	2056.00	2056.00	2056.00	2056.00	2057.00	2057.00	2057.00	2057.00	2057.00	2058.00	2058.00	2058.00	2058.00	2059.00	2059.00	2059.00	2060.00	2060.00	2060.00	2060.00	2060.00	2060.00	2060.00	2061.00	2061.00	2061.00	2061.00	2061.00	2061.00	2061.00	2061.00	2061.00	2061.00	2061.00	2061.00	2061.00	2062.00	2062.00	2062.00	2062.00	2062.00	2062.00	2062.00	2062.00	2062.00	2062.00	2062.00	2062.00	2062.00	2062.00	2063.00	2063.00	2063.00	2063.00	2063.00	2063.00	2063.00	2064.00	2064.00	2064.00	2064.00	2064.00	2064.00	2064.00	2064.00	2064.00	2064.00	2064.00	2065.00	2065.00	2065.00	2065.00	2065.00	2066.00	2066.00	2066.00	2066.00	2066.00	2066.00	2066.00	2066.00	2066.00	2066.00	2067.00	2067.00	2067.00	2067.00	2067.00	2067.00	2067.00	2067.00	2067.00	2067.00	2067.00	2068.00	2068.00	2068.00	2068.00	2068.00	2069.00	2069.00	2069.00	2069.00	2069.00	2069.00	2070.00	2070.00	2070.00	2071.00	2071.00	2071.00	2071.00	2072.00	2072.00	2072.00	2072.00	2073.00	2073.00	2073.00	2073.00	2073.00	2074.00	2074.00	2074.00	2074.00	2074.00	2075.00	2075.00	2076.00	2076.00	2076.00	2077.00	2077.00	2077.00	2077.00	2077.00	2078.00	2078.00	2078.00	2079.00	2079.00	2079.00	2079.00	2079.00	2080.00	2080.00	2080.00	2080.00	2081.00	2081.00	2081.00	2081.00	2081.00	2081.00	2082.00	2082.00	2082.00	2082.00	2082.00	2082.00	2083.00	2083.00	2083.00	2083.00	2083.00	2083.00	2083.00	2083.00	2083.00	2083.00	2083.00	2083.00	2084.00	2084.00	2084.00	2084.00	2084.00	2084.00	2084.00	2084.00	2084.00	2084.00	2084.00	2084.00	2084.00	2084.00	2085.00	2085.00	2085.00	2085.00	2085.00	2085.00	2085.00	2085.00	2086.00	2086.00	2086.00	2086.00	2086.00	2087.00	2087.00	2087.00	2087.00	2087.00	2087.00	2087.00	2088.00	2088.00	2088.00	2088.00	2089.00	2089.00	2089.00	2089.00	2089.00	2089.00	2090.00	2090.00	2090.00	2090.00	2090.00	2090.00	2090.00	2090.00