3104.00	3104.00	3103.00	3103.00	3103.00	3103.00	3103.00	3103.00	3103.00	3103.00	3102.00	3102.00	3102.00	3102.00	3102.00	3102.00	3101.00	3101.00	3101.00	3101.00	3101.00	3101.00	3101.00	3100.00	3100.00	3100.00	3100.00	3100.00	3100.00	3100.00	3099.00	3099.00	3099.00	3099.00	3099.00	3099.00	3099.00	3098.00	3098.00	3098.00	3098.00	3098.00	3098.00	3097.00	3097.00	3097.00	3097.00	3097.00	3097.00	3096.00	3096.00	3096.00	3096.00	3096.00	3096.00	3096.00	3096.00	3095.00	3095.00	3095.00	3095.00	3095.00	3095.00	3094.00	3094.00	3094.00	3094.00	3094.00	3094.00	3093.00	3093.00	3093.00	3093.00	3093.00	3093.00	3092.00	3092.00	3092.00	3092.00	3092.00	3092.00	3092.00	3092.00	3091.00	3091.00	3091.00	3091.00	3091.00	3090.00	3090.00	3090.00	3090.00	3090.00	3090.00	3090.00	3089.00	3089.00	3089.00	3089.00	3089.00	3089.00	3089.00	3088.00	3088.00	3088.00	3088.00	3088.00	3088.00	3087.00	3087.00	3087.00	3087.00	3087.00	3086.00	3086.00	3086.00	3085.00	3085.00	3085.00	3085.00	3085.00	3085.00	3085.00	3085.00	3085.00	3084.00	3084.00	3084.00	3084.00	3084.00	3084.00	3084.00	3084.00	3084.00	3084.00	3084.00	3083.00	3083.00	3083.00	3083.00	3083.00	3083.00	3083.00	3083.00	3083.00	3083.00	3083.00	3083.00	3082.00	3082.00	3082.00	3082.00	3082.00	3082.00	3081.00	3081.00	3081.00	3081.00	3081.00	3080.00	3080.00	3080.00	3080.00	3079.00	3079.00	3079.00	3079.00	3079.00	3078.00	3078.00	3078.00	3078.00	3078.00	3077.00	3077.00	3077.00	3077.00	3077.00	3077.00	3077.00	3077.00	3076.00	3076.00	3076.00	3076.00	3076.00	3076.00	3075.00	3075.00	3075.00	3075.00	3075.00	3075.00	3074.00	3074.00	3074.00	3074.00	3074.00	3074.00	3074.00	3073.00	3073.00	3073.00	3073.00	3073.00	3073.00	3073.00	3072.00	3072.00	3072.00	3072.00	3072.00	3072.00	3071.00	3071.00	3071.00	3071.00	3071.00	3070.00	3070.00	3070.00	3070.00	3069.00	3069.00	3069.00	3069.00	3069.00	3069.00	3068.00	3068.00	3068.00	3068.00	3068.00	3068.00	3068.00	3068.00	3068.00	3067.00	3067.00	3067.00	3067.00	3067.00	3067.00	3067.00	3067.00	3067.00	3066.00	3066.00	3066.00	3066.00	3066.00	3066.00	3066.00	3065.00	3065.00	3065.00
3104.00	3104.00	3103.00	3103.00	3103.00	3103.00	3103.00	3103.00	3103.00	3103.00	3102.00	3102.00	3102.00	3102.00	3102.00	3102.00	3101.00	3101.00	3101.00	3101.00	3101.00	3101.00	3101.00	3100.00	3100.00	3100.00	3100.00	3100.00	3100.00	3100.00	3099.00	3099.00	3099.00	3099.00	3099.00	3099.00	3099.00	3098.00	3098.00	3098.00	3098.00	3098.00	3098.00	3097.00	3097.00	3097.00	3097.00	3097.00	3097.00	3096.00	3096.00	3096.00	3096.00	3096.00	3096.00	3096.00	3096.00	3095.00	3095.00	3095.00	3095.00	3095.00	3095.00	3094.00	3094.00	3094.00	3094.00	3094.00	3094.00	3093.00	3093.00	3093.00	3093.00	3093.00	3093.00	3092.00	3092.00	3092.00	3092.00	3092.00	3092.00	3092.00	3092.00	3091.00	3091.00	3091.00	3091.00	3091.00	3090.00	3090.00	3090.00	3090.00	3090.00	3090.00	3090.00	3089.00	3089.00	3089.00	3089.00	3089.00	3089.00	3089.00	3088.00	3088.00	3088.00	3088.00	3088.00	3088.00	3087.00	3087.00	3087.00	3087.00	3087.00	3086.00	3086.00	3086.00	3085.00	3085.00	3085.00	3085.00	3085.00	3085.00	3085.00	3085.00	3085.00	3084.00	3084.00	3084.00	3084.00	3084.00	3084.00	3084.00	3084.00	3084.00	3084.00	3084.00	3083.00	3083.00	3083.00	3083.00	3083.00	3083.00	3083.00	3083.00	3083.00	3083.00	3083.00	3083.00	3082.00	3082.00	3082.00	3082.00	3082.00	3082.00	3081.00	3081.00	3081.00	3081.00	3081.00	3080.00	3080.00	3080.00	3080.00	3079.00	3079.00	3079.00	3079.00	3079.00	3078.00	3078.00	3078.00	3078.00	3078.00	3077.00	3077.00	3077.00	3077.00	3077.00	3077.00	3077.00	3077.00	3076.00	3076.00	3076.00	3076.00	3076.00	3076.00	3075.00	3075.00	3075.00	3075.00	3075.00	3075.00	3074.00	3074.00	3074.00	3074.00	3074.00	3074.00	3074.00	3073.00	3073.00	3073.00	3073.00	3073.00	3073.00	3073.00	3072.00	3072.00	3072.00	3072.00	3072.00	3072.00	3071.00	3071.00	3071.00	3071.00	3071.00	3070.00	3070.00	3070.00	3070.00	3069.00	3069.00	3069.00	3069.00	3069.00	3069.00	3068.00	3068.00	3068.00	3068.00	3068.00	3068.00	3068.00	3068.00	3068.00	3067.00	3067.00	3067.00	3067.00	3067.00	3067.00	3067.00	3067.00	3067.00	3066.00	3066.00	3066.00	3066.00	3066.00	3066.00	3066.00	3065.00	3065.00	3065.00
3104.00	3104.00	3103.00	3103.00	3103.00	3103.00	3103.00	3103.00	3103.00	3103.00	3102.00	3102.00	3102.00	3102.00	3102.00	3102.00	3101.00	3101.00	3101.00	3101.00	3101.00	3101.00	3101.00	3100.00	3100.00	3100.00	3100.00	3100.00	3100.00	3100.00	3099.00	3099.00	3099.00	3099.00	3099.00	3099.00	3099.00	3098.00	3098.00	3098.00	3098.00	3098.00	3098.00	3097.00	3097.00	3097.00	3097.00	3097.00	3097.00	3096.00	3096.00	3096.00	3096.00	3096.00	3096.00	3096.00	3096.00	3095.00	3095.00	3095.00	3095.00	3095.00	3095.00	3094.00	3094.00	3094.00	3094.00	3094.00	3094.00	3093.00	3093.00	3093.00	3093.00	3093.00	3093.00	3092.00	3092.00	3092.00	3092.00	3092.00	3092.00	3092.00	3092.00	3091.00	3091.00	3091.00	3091.00	3091.00	3090.00	3090.00	3090.00	3090.00	3090.00	3090.00	3090.00	3089.00	3089.00	3089.00	3089.00	3089.00	3089.00	3089.00	3088.00	3088.00	3088.00	3088.00	3088.00	3088.00	3087.00	3087.00	3087.00	3087.00	3087.00	3086.00	3086.00	3086.00	3085.00	3085.00	3085.00	3085.00	3085.00	3085.00	3085.00	3085.00	3085.00	3084.00	3084.00	3084.00	3084.00	3084.00	3084.00	3084.00	3084.00	3084.00	3084.00	3084.00	3083.00	3083.00	3083.00	3083.00	3083.00	3083.00	3083.00	3083.00	3083.00	3083.00	3083.00	3083.00	3082.00	3082.00	3082.00	3082.00	3082.00	3082.00	3081.00	3081.00	3081.00	3081.00	3081.00	3080.00	3080.00	3080.00	3080.00	3079.00	3079.00	3079.00	3079.00	3079.00	3078.00	3078.00	3078.00	3078.00	3078.00	3077.00	3077.00	3077.00	3077.00	3077.00	3077.00	3077.00	3077.00	3076.00	3076.00	3076.00	3076.00	3076.00	3076.00	3075.00	3075.00	3075.00	3075.00	3075.00	3075.00	3074.00	3074.00	3074.00	3074.00	3074.00	3074.00	3074.00	3073.00	3073.00	3073.00	3073.00	3073.00	3073.00	3073.00	3072.00	3072.00	3072.00	3072.00	3072.00	3072.00	3071.00	3071.00	3071.00	3071.00	3071.00	3070.00	3070.00	3070.00	3070.00	3069.00	3069.00	3069.00	3069.00	3069.00	3069.00	3068.00	3068.00	3068.00	3068.00	3068.00	3068.00	3068.00	3068.00	3068.00	3067.00	3067.00	3067.00	3067.00	3067.00	3067.00	3067.00	3067.00	3067.00	3066.00	3066.00	3066.00	3066.00	3066.00	3066.00	3066.00	3065.00	3065.00	3065.00
3104.00	3104.00	3103.00	3103.00	3103.00	3103.00	3103.00	3103.00	3103.00	3103.00	3102.00	3102.00	3102.00	3102.00	3102.00	3102.00	3101.00	3101.00	3101.00	3101.00	3101.00	3101.00	3101.00	3100.00	3100.00	3100.00	3100.00	3100.00	3100.00	3100.00	3099.00	3099.00	3099.00	3099.00	3099.00	3099.00	3099.00	3098.00	3098.00	3098.00	3098.00	3098.00	3098.00	3097.00	3097.00	3097.00	3097.00	3097.00	3097.00	3096.00	3096.00	3096.00	3096.00	3096.00	3096.00	3096.00	3096.00	3095.00	3095.00	3095.00	3095.00	3095.00	3095.00	3094.00	3094.00	3094.00	3094.00	3094.00	3094.00	3093.00	3093.00	3093.00	3093.00	3093.00	3093.00	3092.00	3092.00	3092.00	3092.00	3092.00	3092.00	3092.00	3092.00	3091.00	3091.00	3091.00	3091.00	3091.00	3090.00	3090.00	3090.00	3090.00	3090.00	3090.00	3090.00	3089.00	3089.00	3089.00	3089.00	3089.00	3089.00	3089.00	3088.00	3088.00	3088.00	3088.00	3088.00	3088.00	3087.00	3087.00	3087.00	3087.00	3087.00	3086.00	3086.00	3086.00	3085.00	3085.00	3085.00	3085.00	3085.00	3085.00	3085.00	3085.00	3085.00	3084.00	3084.00	3084.00	3084.00	3084.00	3084.00	3084.00	3084.00	3084.00	3084.00	3084.00	3083.00	3083.00	3083.00	3083.00	3083.00	3083.00	3083.00	3083.00	3083.00	3083.00	3083.00	3083.00	3082.00	3082.00	3082.00	3082.00	3082.00	3082.00	3081.00	3081.00	3081.00	3081.00	3081.00	3080.00	3080.00	3080.00	3080.00	3079.00	3079.00	3079.00	3079.00	3079.00	3078.00	3078.00	3078.00	3078.00	3078.00	3077.00	3077.00	3077.00	3077.00	3077.00	3077.00	3077.00	3077.00	3076.00	3076.00	3076.00	3076.00	3076.00	3076.00	3075.00	3075.00	3075.00	3075.00	3075.00	3075.00	3074.00	3074.00	3074.00	3074.00	3074.00	3074.00	3074.00	3073.00	3073.00	3073.00	3073.00	3073.00	3073.00	3073.00	3072.00	3072.00	3072.00	3072.00	3072.00	3072.00	3071.00	3071.00	3071.00	3071.00	3071.00	3070.00	3070.00	3070.00	3070.00	3069.00	3069.00	3069.00	3069.00	3069.00	3069.00	3068.00	3068.00	3068.00	3068.00	3068.00	3068.00	3068.00	3068.00	3068.00	3067.00	3067.00	3067.00	3067.00	3067.00	3067.00	3067.00	3067.00	3067.00	3066.00	3066.00	3066.00	3066.00	3066.00	3066.00	3066.00	3065.00	3065.00	3065.00
3104.00	3104.00	3103.00	3103.00	3103.00	3103.00	3103.00	3103.00	3103.00	3103.00	3102.00	3102.00	3102.00	3102.00	3102.00	3102.00	3101.00	3101.00	3101.00	3101.00	3101.00	3101.00	3101.00	3100.00	3100.00	3100.00	3100.00	3100.00	3100.00	3100.00	3099.00	3099.00	3099.00	3099.00	3099.00	3099.00	3099.00	3098.00	3098.00	3098.00	3098.00	3098.00	3098.00	3097.00	3097.00	3097.00	3097.00	3097.00	3097.00	3096.00	3096.00	3096.00	3096.00	3096.00	3096.00	3096.00	3096.00	3095.00	3095.00	3095.00	3095.00	3095.00	3095.00	3094.00	3094.00	3094.00	3094.00	3094.00	3094.00	3093.00	3093.00	3093.00	3093.00	3093.00	3093.00	3092.00	3092.00	3092.00	3092.00	3092.00	3092.00	3092.00	3092.00	3091.00	3091.00	3091.00	3091.00	3091.00	3090.00	3090.00	3090.00	3090.00	3090.00	3090.00	3090.00	3089.00	3089.00	3089.00	3089.00	3089.00	3089.00	3089.00	3088.00	3088.00	3088.00	3088.00	3088.00	3088.00	3087.00	3087.00	3087.00	3087.00	3087.00	3086.00	3086.00	3086.00	3085.00	3085.00	3085.00	3085.00	3085.00	3085.00	3085.00	3085.00	3085.00	3084.00	3084.00	3084.00	3084.00	3084.00	3084.00	3084.00	3084.00	3084.00	3084.00	3084.00	3083.00	3083.00	3083.00	3083.00	3083.00	3083.00	3083.00	3083.00	3083.00	3083.00	3083.00	3083.00	3082.00	3082.00	3082.00	3082.00	3082.00	3082.00	3081.00	3081.00	3081.00	3081.00	3081.00	3080.00	3080.00	3080.00	3080.00	3079.00	3079.00	3079.00	3079.00	3079.00	3078.00	3078.00	3078.00	3078.00	3078.00	3077.00	3077.00	3077.00	3077.00	3077.00	3077.00	3077.00	3077.00	3076.00	3076.00	3076.00	3076.00	3076.00	3076.00	3075.00	3075.00	3075.00	3075.00	3075.00	3075.00	3074.00	3074.00	3074.00	3074.00	3074.00	3074.00	3074.00	3073.00	3073.00	3073.00	3073.00	3073.00	3073.00	3073.00	3072.00	3072.00	3072.00	3072.00	3072.00	3072.00	3071.00	3071.00	3071.00	3071.00	3071.00	3070.00	3070.00	3070.00	3070.00	3069.00	3069.00	3069.00	3069.00	3069.00	3069.00	3068.00	3068.00	3068.00	3068.00	3068.00	3068.00	3068.00	3068.00	3068.00	3067.00	3067.00	3067.00	3067.00	3067.00	3067.00	3067.00	3067.00	3067.00	3066.00	3066.00	3066.00	3066.00	3066.00	3066.00	3066.00	3065.00	3065.00	3065.00
3104.00	3104.00	3103.00	3103.00	3103.00	3103.00	3103.00	3103.00	3103.00	3103.00	3102.00	3102.00	3102.00	3102.00	3102.00	3102.00	3101.00	3101.00	3101.00	3101.00	3101.00	3101.00	3101.00	3100.00	3100.00	3100.00	3100.00	3100.00	3100.00	3100.00	3099.00	3099.00	3099.00	3099.00	3099.00	3099.00	3099.00	3098.00	3098.00	3098.00	3098.00	3098.00	3098.00	3097.00	3097.00	3097.00	3097.00	3097.00	3097.00	3096.00	3096.00	3096.00	3096.00	3096.00	3096.00	3096.00	3096.00	3095.00	3095.00	3095.00	3095.00	3095.00	3095.00	3094.00	3094.00	3094.00	3094.00	3094.00	3094.00	3093.00	3093.00	3093.00	3093.00	3093.00	3093.00	3092.00	3092.00	3092.00	3092.00	3092.00	3092.00	3092.00	3092.00	3091.00	3091.00	3091.00	3091.00	3091.00	3090.00	3090.00	3090.00	3090.00	3090.00	3090.00	3090.00	3089.00	3089.00	3089.00	3089.00	3089.00	3089.00	3089.00	3088.00	3088.00	3088.00	3088.00	3088.00	3088.00	3087.00	3087.00	3087.00	3087.00	3087.00	3086.00	3086.00	3086.00	3085.00	3085.00	3085.00	3085.00	3085.00	3085.00	3085.00	3085.00	3085.00	3084.00	3084.00	3084.00	3084.00	3084.00	3084.00	3084.00	3084.00	3084.00	3084.00	3084.00	3083.00	3083.00	3083.00	3083.00	3083.00	3083.00	3083.00	3083.00	3083.00	3083.00	3083.00	3083.00	3082.00	3082.00	3082.00	3082.00	3082.00	3082.00	3081.00	3081.00	3081.00	3081.00	3081.00	3080.00	3080.00	3080.00	3080.00	3079.00	3079.00	3079.00	3079.00	3079.00	3078.00	3078.00	3078.00	3078.00	3078.00	3077.00	3077.00	3077.00	3077.00	3077.00	3077.00	3077.00	3077.00	3076.00	3076.00	3076.00	3076.00	3076.00	3076.00	3075.00	3075.00	3075.00	3075.00	3075.00	3075.00	3074.00	3074.00	3074.00	3074.00	3074.00	3074.00	3074.00	3073.00	3073.00	3073.00	3073.00	3073.00	3073.00	3073.00	3072.00	3072.00	3072.00	3072.00	3072.00	3072.00	3071.00	3071.00	3071.00	3071.00	3071.00	3070.00	3070.00	3070.00	3070.00	3069.00	3069.00	3069.00	3069.00	3069.00	3069.00	3068.00	3068.00	3068.00	3068.00	3068.00	3068.00	3068.00	3068.00	3068.00	3067.00	3067.00	3067.00	3067.00	3067.00	3067.00	3067.00	3067.00	3067.00	3066.00	3066.00	3066.00	3066.00	3066.00	3066.00	3066.00	3065.00	3065.00	3065.00
3104.00	3104.00	3103.00	3103.00	3103.00	3103.00	3103.00	3103.00	3103.00	3103.00	3102.00	3102.00	3102.00	3102.00	3102.00	3102.00	3101.00	3101.00	3101.00	3101.00	3101.00	3101.00	3101.00	3100.00	3100.00	3100.00	3100.00	3100.00	3100.00	3100.00	3099.00	3099.00	3099.00	3099.00	3099.00	3099.00	3099.00	3098.00	3098.00	3098.00	3098.00	3098.00	3098.00	3097.00	3097.00	3097.00	3097.00	3097.00	3097.00	3096.00	3096.00	3096.00	3096.00	3096.00	3096.00	3096.00	3096.00	3095.00	3095.00	3095.00	3095.00	3095.00	3095.00	3094.00	3094.00	3094.00	3094.00	3094.00	3094.00	3093.00	3093.00	3093.00	3093.00	3093.00	3093.00	3092.00	3092.00	3092.00	3092.00	3092.00	3092.00	3092.00	3092.00	3091.00	3091.00	3091.00	3091.00	3091.00	3090.00	3090.00	3090.00	3090.00	3090.00	3090.00	3090.00	3089.00	3089.00	3089.00	3089.00	3089.00	3089.00	3089.00	3088.00	3088.00	3088.00	3088.00	3088.00	3088.00	3087.00	3087.00	3087.00	3087.00	3087.00	3086.00	3086.00	3086.00	3085.00	3085.00	3085.00	3085.00	3085.00	3085.00	3085.00	3085.00	3085.00	3084.00	3084.00	3084.00	3084.00	3084.00	3084.00	3084.00	3084.00	3084.00	3084.00	3084.00	3083.00	3083.00	3083.00	3083.00	3083.00	3083.00	3083.00	3083.00	3083.00	3083.00	3083.00	3083.00	3082.00	3082.00	3082.00	3082.00	3082.00	3082.00	3081.00	3081.00	3081.00	3081.00	3081.00	3080.00	3080.00	3080.00	3080.00	3079.00	3079.00	3079.00	3079.00	3079.00	3078.00	3078.00	3078.00	3078.00	3078.00	3077.00	3077.00	3077.00	3077.00	3077.00	3077.00	3077.00	3077.00	3076.00	3076.00	3076.00	3076.00	3076.00	3076.00	3075.00	3075.00	3075.00	3075.00	3075.00	3075.00	3074.00	3074.00	3074.00	3074.00	3074.00	3074.00	3074.00	3073.00	3073.00	3073.00	3073.00	3073.00	3073.00	3073.00	3072.00	3072.00	3072.00	3072.00	3072.00	3072.00	3071.00	3071.00	3071.00	3071.00	3071.00	3070.00	3070.00	3070.00	3070.00	3069.00	3069.00	3069.00	3069.00	3069.00	3069.00	3068.00	3068.00	3068.00	3068.00	3068.00	3068.00	3068.00	3068.00	3068.00	3067.00	3067.00	3067.00	3067.00	3067.00	3067.00	3067.00	3067.00	3067.00	3066.00	3066.00	3066.00	3066.00	3066.00	3066.00	3066.00	3065.00	3065.00	3065.00
3103.00	3103.00	3102.00	3102.00	3102.00	3102.00	3102.00	3102.00	3101.00	3101.00	3101.00	3101.00	3101.00	3101.00	3100.00	3100.00	3100.00	3100.00	3100.00	3100.00	3100.00	3100.00	3099.00	3099.00	3099.00	3099.00	3099.00	3099.00	3098.00	3098.00	3098.00	3098.00	3098.00	3098.00	3097.00	3097.00	3097.00	3097.00	3097.00	3097.00	3097.00	3097.00	3096.00	3096.00	3096.00	3096.00	3096.00	3096.00	3095.00	3095.00	3095.00	3095.00	3095.00	3094.00	3094.00	3094.00	3094.00	3094.00	3094.00	3094.00	3094.00	3093.00	3093.00	3093.00	3093.00	3093.00	3093.00	3092.00	3092.00	3092.00	3092.00	3092.00	3092.00	3092.00	3091.00	3091.00	3091.00	3091.00	3091.00	3091.00	3091.00	3090.00	3090.00	3090.00	3090.00	3090.00	3090.00	3089.00	3089.00	3089.00	3089.00	3089.00	3089.00	3089.00	3089.00	3088.00	3088.00	3088.00	3088.00	3088.00	3088.00	3087.00	3087.00	3087.00	3087.00	3087.00	3086.00	3086.00	3086.00	3086.00	3086.00	3086.00	3086.00	3085.00	3085.00	3085.00	3085.00	3085.00	3085.00	3085.00	3084.00	3084.00	3084.00	3084.00	3084.00	3084.00	3084.00	3084.00	3083.00	3083.00	3083.00	3083.00	3083.00	3083.00	3083.00	3083.00	3083.00	3083.00	3082.00	3082.00	3082.00	3082.00	3082.00	3082.00	3082.00	3082.00	3082.00	3081.00	3081.00	3081.00	3081.00	3081.00	3080.00	3080.00	3080.00	3080.00	3080.00	3079.00	3079.00	3079.00	3079.00	3078.00	3078.00	3078.00	3078.00	3078.00	3077.00	3077.00	3077.00	3077.00	3077.00	3077.00	3077.00	3076.00	3076.00	3076.00	3076.00	3076.00	3076.00	3075.00	3075.00	3075.00	3075.00	3075.00	3075.00	3075.00	3074.00	3074.00	3074.00	3074.00	3074.00	3073.00	3073.00	3073.00	3073.00	3073.00	3073.00	3073.00	3073.00	3073.00	3072.00	3072.00	3072.00	3072.00	3072.00	3071.00	3071.00	3071.00	3071.00	3071.00	3071.00	3070.00	3070.00	3070.00	3070.00	3070.00	3070.00	3070.00	3070.00	3069.00	3069.00	3069.00	3069.00	3069.00	3069.00	3068.00	3068.00	3068.00	3068.00	3068.00	3068.00	3068.00	3068.00	3068.00	3067.00	3067.00	3067.00	3067.00	3067.00	3067.00	3067.00	3067.00	3067.00	3066.00	3066.00	3066.00	3066.00	3066.00	3066.00	3066.00	3065.00	3065.00	3065.00	3065.00	3065.00	3064.00
3103.00	3103.00	3102.00	3102.00	3102.00	3102.00	3102.00	3102.00	3101.00	3101.00	3101.00	3101.00	3101.00	3101.00	3100.00	3100.00	3100.00	3100.00	3100.00	3100.00	3100.00	3100.00	3099.00	3099.00	3099.00	3099.00	3099.00	3099.00	3098.00	3098.00	3098.00	3098.00	3098.00	3098.00	3097.00	3097.00	3097.00	3097.00	3097.00	3097.00	3097.00	3097.00	3096.00	3096.00	3096.00	3096.00	3096.00	3096.00	3095.00	3095.00	3095.00	3095.00	3095.00	3094.00	3094.00	3094.00	3094.00	3094.00	3094.00	3094.00	3094.00	3093.00	3093.00	3093.00	3093.00	3093.00	3093.00	3092.00	3092.00	3092.00	3092.00	3092.00	3092.00	3092.00	3091.00	3091.00	3091.00	3091.00	3091.00	3091.00	3091.00	3090.00	3090.00	3090.00	3090.00	3090.00	3090.00	3089.00	3089.00	3089.00	3089.00	3089.00	3089.00	3089.00	3089.00	3088.00	3088.00	3088.00	3088.00	3088.00	3088.00	3087.00	3087.00	3087.00	3087.00	3087.00	3086.00	3086.00	3086.00	3086.00	3086.00	3086.00	3086.00	3085.00	3085.00	3085.00	3085.00	3085.00	3085.00	3085.00	3084.00	3084.00	3084.00	3084.00	3084.00	3084.00	3084.00	3084.00	3083.00	3083.00	3083.00	3083.00	3083.00	3083.00	3083.00	3083.00	3083.00	3083.00	3082.00	3082.00	3082.00	3082.00	3082.00	3082.00	3082.00	3082.00	3082.00	3081.00	3081.00	3081.00	3081.00	3081.00	3080.00	3080.00	3080.00	3080.00	3080.00	3079.00	3079.00	3079.00	3079.00	3078.00	3078.00	3078.00	3078.00	3078.00	3077.00	3077.00	3077.00	3077.00	3077.00	3077.00	3077.00	3076.00	3076.00	3076.00	3076.00	3076.00	3076.00	3075.00	3075.00	3075.00	3075.00	3075.00	3075.00	3075.00	3074.00	3074.00	3074.00	3074.00	3074.00	3073.00	3073.00	3073.00	3073.00	3073.00	3073.00	3073.00	3073.00	3073.00	3072.00	3072.00	3072.00	3072.00	3072.00	3071.00	3071.00	3071.00	3071.00	3071.00	3071.00	3070.00	3070.00	3070.00	3070.00	3070.00	3070.00	3070.00	3070.00	3069.00	3069.00	3069.00	3069.00	3069.00	3069.00	3068.00	3068.00	3068.00	3068.00	3068.00	3068.00	3068.00	3068.00	3068.00	3067.00	3067.00	3067.00	3067.00	3067.00	3067.00	3067.00	3067.00	3067.00	3066.00	3066.00	3066.00	3066.00	3066.00	3066.00	3066.00	3065.00	3065.00	3065.00	3065.00	3065.00	3064.00
3103.00	3103.00	3102.00	3102.00	3102.00	3102.00	3102.00	3102.00	3101.00	3101.00	3101.00	3101.00	3101.00	3101.00	3100.00	3100.00	3100.00	3100.00	3100.00	3100.00	3100.00	3100.00	3099.00	3099.00	3099.00	3099.00	3099.00	3099.00	3098.00	3098.00	3098.00	3098.00	3098.00	3098.00	3097.00	3097.00	3097.00	3097.00	3097.00	3097.00	3097.00	3097.00	3096.00	3096.00	3096.00	3096.00	3096.00	3096.00	3095.00	3095.00	3095.00	3095.00	3095.00	3094.00	3094.00	3094.00	3094.00	3094.00	3094.00	3094.00	3094.00	3093.00	3093.00	3093.00	3093.00	3093.00	3093.00	3092.00	3092.00	3092.00	3092.00	3092.00	3092.00	3092.00	3091.00	3091.00	3091.00	3091.00	3091.00	3091.00	3091.00	3090.00	3090.00	3090.00	3090.00	3090.00	3090.00	3089.00	3089.00	3089.00	3089.00	3089.00	3089.00	3089.00	3089.00	3088.00	3088.00	3088.00	3088.00	3088.00	3088.00	3087.00	3087.00	3087.00	3087.00	3087.00	3086.00	3086.00	3086.00	3086.00	3086.00	3086.00	3086.00	3085.00	3085.00	3085.00	3085.00	3085.00	3085.00	3085.00	3084.00	3084.00	3084.00	3084.00	3084.00	3084.00	3084.00	3084.00	3083.00	3083.00	3083.00	3083.00	3083.00	3083.00	3083.00	3083.00	3083.00	3083.00	3082.00	3082.00	3082.00	3082.00	3082.00	3082.00	3082.00	3082.00	3082.00	3081.00	3081.00	3081.00	3081.00	3081.00	3080.00	3080.00	3080.00	3080.00	3080.00	3079.00	3079.00	3079.00	3079.00	3078.00	3078.00	3078.00	3078.00	3078.00	3077.00	3077.00	3077.00	3077.00	3077.00	3077.00	3077.00	3076.00	3076.00	3076.00	3076.00	3076.00	3076.00	3075.00	3075.00	3075.00	3075.00	3075.00	3075.00	3075.00	3074.00	3074.00	3074.00	3074.00	3074.00	3073.00	3073.00	3073.00	3073.00	3073.00	3073.00	3073.00	3073.00	3073.00	3072.00	3072.00	3072.00	3072.00	3072.00	3071.00	3071.00	3071.00	3071.00	3071.00	3071.00	3070.00	3070.00	3070.00	3070.00	3070.00	3070.00	3070.00	3070.00	3069.00	3069.00	3069.00	3069.00	3069.00	3069.00	3068.00	3068.00	3068.00	3068.00	3068.00	3068.00	3068.00	3068.00	3068.00	3067.00	3067.00	3067.00	3067.00	3067.00	3067.00	3067.00	3067.00	3067.00	3066.00	3066.00	3066.00	3066.00	3066.00	3066.00	3066.00	3065.00	3065.00	3065.00	3065.00	3065.00	3064.00
3103.00	3103.00	3102.00	3102.00	3102.00	3102.00	3102.00	3102.00	3101.00	3101.00	3101.00	3101.00	3101.00	3101.00	3100.00	3100.00	3100.00	3100.00	3100.00	3100.00	3100.00	3100.00	3099.00	3099.00	3099.00	3099.00	3099.00	3099.00	3098.00	3098.00	3098.00	3098.00	3098.00	3098.00	3097.00	3097.00	3097.00	3097.00	3097.00	3097.00	3097.00	3097.00	3096.00	3096.00	3096.00	3096.00	3096.00	3096.00	3095.00	3095.00	3095.00	3095.00	3095.00	3094.00	3094.00	3094.00	3094.00	3094.00	3094.00	3094.00	3094.00	3093.00	3093.00	3093.00	3093.00	3093.00	3093.00	3092.00	3092.00	3092.00	3092.00	3092.00	3092.00	3092.00	3091.00	3091.00	3091.00	3091.00	3091.00	3091.00	3091.00	3090.00	3090.00	3090.00	3090.00	3090.00	3090.00	3089.00	3089.00	3089.00	3089.00	3089.00	3089.00	3089.00	3089.00	3088.00	3088.00	3088.00	3088.00	3088.00	3088.00	3087.00	3087.00	3087.00	3087.00	3087.00	3086.00	3086.00	3086.00	3086.00	3086.00	3086.00	3086.00	3085.00	3085.00	3085.00	3085.00	3085.00	3085.00	3085.00	3084.00	3084.00	3084.00	3084.00	3084.00	3084.00	3084.00	3084.00	3083.00	3083.00	3083.00	3083.00	3083.00	3083.00	3083.00	3083.00	3083.00	3083.00	3082.00	3082.00	3082.00	3082.00	3082.00	3082.00	3082.00	3082.00	3082.00	3081.00	3081.00	3081.00	3081.00	3081.00	3080.00	3080.00	3080.00	3080.00	3080.00	3079.00	3079.00	3079.00	3079.00	3078.00	3078.00	3078.00	3078.00	3078.00	3077.00	3077.00	3077.00	3077.00	3077.00	3077.00	3077.00	3076.00	3076.00	3076.00	3076.00	3076.00	3076.00	3075.00	3075.00	3075.00	3075.00	3075.00	3075.00	3075.00	3074.00	3074.00	3074.00	3074.00	3074.00	3073.00	3073.00	3073.00	3073.00	3073.00	3073.00	3073.00	3073.00	3073.00	3072.00	3072.00	3072.00	3072.00	3072.00	3071.00	3071.00	3071.00	3071.00	3071.00	3071.00	3070.00	3070.00	3070.00	3070.00	3070.00	3070.00	3070.00	3070.00	3069.00	3069.00	3069.00	3069.00	3069.00	3069.00	3068.00	3068.00	3068.00	3068.00	3068.00	3068.00	3068.00	3068.00	3068.00	3067.00	3067.00	3067.00	3067.00	3067.00	3067.00	3067.00	3067.00	3067.00	3066.00	3066.00	3066.00	3066.00	3066.00	3066.00	3066.00	3065.00	3065.00	3065.00	3065.00	3065.00	3064.00
3103.00	3103.00	3102.00	3102.00	3102.00	3102.00	3102.00	3102.00	3101.00	3101.00	3101.00	3101.00	3101.00	3101.00	3100.00	3100.00	3100.00	3100.00	3100.00	3100.00	3100.00	3100.00	3099.00	3099.00	3099.00	3099.00	3099.00	3099.00	3098.00	3098.00	3098.00	3098.00	3098.00	3098.00	3097.00	3097.00	3097.00	3097.00	3097.00	3097.00	3097.00	3097.00	3096.00	3096.00	3096.00	3096.00	3096.00	3096.00	3095.00	3095.00	3095.00	3095.00	3095.00	3094.00	3094.00	3094.00	3094.00	3094.00	3094.00	3094.00	3094.00	3093.00	3093.00	3093.00	3093.00	3093.00	3093.00	3092.00	3092.00	3092.00	3092.00	3092.00	3092.00	3092.00	3091.00	3091.00	3091.00	3091.00	3091.00	3091.00	3091.00	3090.00	3090.00	3090.00	3090.00	3090.00	3090.00	3089.00	3089.00	3089.00	3089.00	3089.00	3089.00	3089.00	3089.00	3088.00	3088.00	3088.00	3088.00	3088.00	3088.00	3087.00	3087.00	3087.00	3087.00	3087.00	3086.00	3086.00	3086.00	3086.00	3086.00	3086.00	3086.00	3085.00	3085.00	3085.00	3085.00	3085.00	3085.00	3085.00	3084.00	3084.00	3084.00	3084.00	3084.00	3084.00	3084.00	3084.00	3083.00	3083.00	3083.00	3083.00	3083.00	3083.00	3083.00	3083.00	3083.00	3083.00	3082.00	3082.00	3082.00	3082.00	3082.00	3082.00	3082.00	3082.00	3082.00	3081.00	3081.00	3081.00	3081.00	3081.00	3080.00	3080.00	3080.00	3080.00	3080.00	3079.00	3079.00	3079.00	3079.00	3078.00	3078.00	3078.00	3078.00	3078.00	3077.00	3077.00	3077.00	3077.00	3077.00	3077.00	3077.00	3076.00	3076.00	3076.00	3076.00	3076.00	3076.00	3075.00	3075.00	3075.00	3075.00	3075.00	3075.00	3075.00	3074.00	3074.00	3074.00	3074.00	3074.00	3073.00	3073.00	3073.00	3073.00	3073.00	3073.00	3073.00	3073.00	3073.00	3072.00	3072.00	3072.00	3072.00	3072.00	3071.00	3071.00	3071.00	3071.00	3071.00	3071.00	3070.00	3070.00	3070.00	3070.00	3070.00	3070.00	3070.00	3070.00	3069.00	3069.00	3069.00	3069.00	3069.00	3069.00	3068.00	3068.00	3068.00	3068.00	3068.00	3068.00	3068.00	3068.00	3068.00	3067.00	3067.00	3067.00	3067.00	3067.00	3067.00	3067.00	3067.00	3067.00	3066.00	3066.00	3066.00	3066.00	3066.00	3066.00	3066.00	3065.00	3065.00	3065.00	3065.00	3065.00	3064.00
3103.00	3103.00	3102.00	3102.00	3102.00	3102.00	3102.00	3102.00	3101.00	3101.00	3101.00	3101.00	3101.00	3101.00	3100.00	3100.00	3100.00	3100.00	3100.00	3100.00	3100.00	3100.00	3099.00	3099.00	3099.00	3099.00	3099.00	3099.00	3098.00	3098.00	3098.00	3098.00	3098.00	3098.00	3097.00	3097.00	3097.00	3097.00	3097.00	3097.00	3097.00	3097.00	3096.00	3096.00	3096.00	3096.00	3096.00	3096.00	3095.00	3095.00	3095.00	3095.00	3095.00	3094.00	3094.00	3094.00	3094.00	3094.00	3094.00	3094.00	3094.00	3093.00	3093.00	3093.00	3093.00	3093.00	3093.00	3092.00	3092.00	3092.00	3092.00	3092.00	3092.00	3092.00	3091.00	3091.00	3091.00	3091.00	3091.00	3091.00	3091.00	3090.00	3090.00	3090.00	3090.00	3090.00	3090.00	3089.00	3089.00	3089.00	3089.00	3089.00	3089.00	3089.00	3089.00	3088.00	3088.00	3088.00	3088.00	3088.00	3088.00	3087.00	3087.00	3087.00	3087.00	3087.00	3086.00	3086.00	3086.00	3086.00	3086.00	3086.00	3086.00	3085.00	3085.00	3085.00	3085.00	3085.00	3085.00	3085.00	3084.00	3084.00	3084.00	3084.00	3084.00	3084.00	3084.00	3084.00	3083.00	3083.00	3083.00	3083.00	3083.00	3083.00	3083.00	3083.00	3083.00	3083.00	3082.00	3082.00	3082.00	3082.00	3082.00	3082.00	3082.00	3082.00	3082.00	3081.00	3081.00	3081.00	3081.00	3081.00	3080.00	3080.00	3080.00	3080.00	3080.00	3079.00	3079.00	3079.00	3079.00	3078.00	3078.00	3078.00	3078.00	3078.00	3077.00	3077.00	3077.00	3077.00	3077.00	3077.00	3077.00	3076.00	3076.00	3076.00	3076.00	3076.00	3076.00	3075.00	3075.00	3075.00	3075.00	3075.00	3075.00	3075.00	3074.00	3074.00	3074.00	3074.00	3074.00	3073.00	3073.00	3073.00	3073.00	3073.00	3073.00	3073.00	3073.00	3073.00	3072.00	3072.00	3072.00	3072.00	3072.00	3071.00	3071.00	3071.00	3071.00	3071.00	3071.00	3070.00	3070.00	3070.00	3070.00	3070.00	3070.00	3070.00	3070.00	3069.00	3069.00	3069.00	3069.00	3069.00	3069.00	3068.00	3068.00	3068.00	3068.00	3068.00	3068.00	3068.00	3068.00	3068.00	3067.00	3067.00	3067.00	3067.00	3067.00	3067.00	3067.00	3067.00	3067.00	3066.00	3066.00	3066.00	3066.00	3066.00	3066.00	3066.00	3065.00	3065.00	3065.00	3065.00	3065.00	3064.00
3103.00	3103.00	3102.00	3102.00	3102.00	3102.00	3102.00	3102.00	3101.00	3101.00	3101.00	3101.00	3101.00	3101.00	3100.00	3100.00	3100.00	3100.00	3100.00	3100.00	3100.00	3100.00	3099.00	3099.00	3099.00	3099.00	3099.00	3099.00	3098.00	3098.00	3098.00	3098.00	3098.00	3098.00	3097.00	3097.00	3097.00	3097.00	3097.00	3097.00	3097.00	3097.00	3096.00	3096.00	3096.00	3096.00	3096.00	3096.00	3095.00	3095.00	3095.00	3095.00	3095.00	3094.00	3094.00	3094.00	3094.00	3094.00	3094.00	3094.00	3094.00	3093.00	3093.00	3093.00	3093.00	3093.00	3093.00	3092.00	3092.00	3092.00	3092.00	3092.00	3092.00	3092.00	3091.00	3091.00	3091.00	3091.00	3091.00	3091.00	3091.00	3090.00	3090.00	3090.00	3090.00	3090.00	3090.00	3089.00	3089.00	3089.00	3089.00	3089.00	3089.00	3089.00	3089.00	3088.00	3088.00	3088.00	3088.00	3088.00	3088.00	3087.00	3087.00	3087.00	3087.00	3087.00	3086.00	3086.00	3086.00	3086.00	3086.00	3086.00	3086.00	3085.00	3085.00	3085.00	3085.00	3085.00	3085.00	3085.00	3084.00	3084.00	3084.00	3084.00	3084.00	3084.00	3084.00	3084.00	3083.00	3083.00	3083.00	3083.00	3083.00	3083.00	3083.00	3083.00	3083.00	3083.00	3082.00	3082.00	3082.00	3082.00	3082.00	3082.00	3082.00	3082.00	3082.00	3081.00	3081.00	3081.00	3081.00	3081.00	3080.00	3080.00	3080.00	3080.00	3080.00	3079.00	3079.00	3079.00	3079.00	3078.00	3078.00	3078.00	3078.00	3078.00	3077.00	3077.00	3077.00	3077.00	3077.00	3077.00	3077.00	3076.00	3076.00	3076.00	3076.00	3076.00	3076.00	3075.00	3075.00	3075.00	3075.00	3075.00	3075.00	3075.00	3074.00	3074.00	3074.00	3074.00	3074.00	3073.00	3073.00	3073.00	3073.00	3073.00	3073.00	3073.00	3073.00	3073.00	3072.00	3072.00	3072.00	3072.00	3072.00	3071.00	3071.00	3071.00	3071.00	3071.00	3071.00	3070.00	3070.00	3070.00	3070.00	3070.00	3070.00	3070.00	3070.00	3069.00	3069.00	3069.00	3069.00	3069.00	3069.00	3068.00	3068.00	3068.00	3068.00	3068.00	3068.00	3068.00	3068.00	3068.00	3067.00	3067.00	3067.00	3067.00	3067.00	3067.00	3067.00	3067.00	3067.00	3066.00	3066.00	3066.00	3066.00	3066.00	3066.00	3066.00	3065.00	3065.00	3065.00	3065.00	3065.00	3064.00
3103.00	3103.00	3102.00	3102.00	3102.00	3102.00	3102.00	3102.00	3101.00	3101.00	3101.00	3101.00	3101.00	3101.00	3100.00	3100.00	3100.00	3100.00	3100.00	3100.00	3100.00	3100.00	3099.00	3099.00	3099.00	3099.00	3099.00	3099.00	3098.00	3098.00	3098.00	3098.00	3098.00	3098.00	3097.00	3097.00	3097.00	3097.00	3097.00	3097.00	3097.00	3097.00	3096.00	3096.00	3096.00	3096.00	3096.00	3096.00	3095.00	3095.00	3095.00	3095.00	3095.00	3094.00	3094.00	3094.00	3094.00	3094.00	3094.00	3094.00	3094.00	3093.00	3093.00	3093.00	3093.00	3093.00	3093.00	3092.00	3092.00	3092.00	3092.00	3092.00	3092.00	3092.00	3091.00	3091.00	3091.00	3091.00	3091.00	3091.00	3091.00	3090.00	3090.00	3090.00	3090.00	3090.00	3090.00	3089.00	3089.00	3089.00	3089.00	3089.00	3089.00	3089.00	3089.00	3088.00	3088.00	3088.00	3088.00	3088.00	3088.00	3087.00	3087.00	3087.00	3087.00	3087.00	3086.00	3086.00	3086.00	3086.00	3086.00	3086.00	3086.00	3085.00	3085.00	3085.00	3085.00	3085.00	3085.00	3085.00	3084.00	3084.00	3084.00	3084.00	3084.00	3084.00	3084.00	3084.00	3083.00	3083.00	3083.00	3083.00	3083.00	3083.00	3083.00	3083.00	3083.00	3083.00	3082.00	3082.00	3082.00	3082.00	3082.00	3082.00	3082.00	3082.00	3082.00	3081.00	3081.00	3081.00	3081.00	3081.00	3080.00	3080.00	3080.00	3080.00	3080.00	3079.00	3079.00	3079.00	3079.00	3078.00	3078.00	3078.00	3078.00	3078.00	3077.00	3077.00	3077.00	3077.00	3077.00	3077.00	3077.00	3076.00	3076.00	3076.00	3076.00	3076.00	3076.00	3075.00	3075.00	3075.00	3075.00	3075.00	3075.00	3075.00	3074.00	3074.00	3074.00	3074.00	3074.00	3073.00	3073.00	3073.00	3073.00	3073.00	3073.00	3073.00	3073.00	3073.00	3072.00	3072.00	3072.00	3072.00	3072.00	3071.00	3071.00	3071.00	3071.00	3071.00	3071.00	3070.00	3070.00	3070.00	3070.00	3070.00	3070.00	3070.00	3070.00	3069.00	3069.00	3069.00	3069.00	3069.00	3069.00	3068.00	3068.00	3068.00	3068.00	3068.00	3068.00	3068.00	3068.00	3068.00	3067.00	3067.00	3067.00	3067.00	3067.00	3067.00	3067.00	3067.00	3067.00	3066.00	3066.00	3066.00	3066.00	3066.00	3066.00	3066.00	3065.00	3065.00	3065.00	3065.00	3065.00	3064.00
3103.00	3103.00	3102.00	3102.00	3102.00	3102.00	3102.00	3102.00	3101.00	3101.00	3101.00	3101.00	3101.00	3101.00	3100.00	3100.00	3100.00	3100.00	3100.00	3100.00	3100.00	3100.00	3099.00	3099.00	3099.00	3099.00	3099.00	3099.00	3098.00	3098.00	3098.00	3098.00	3098.00	3098.00	3097.00	3097.00	3097.00	3097.00	3097.00	3097.00	3097.00	3097.00	3096.00	3096.00	3096.00	3096.00	3096.00	3096.00	3095.00	3095.00	3095.00	3095.00	3095.00	3094.00	3094.00	3094.00	3094.00	3094.00	3094.00	3094.00	3094.00	3093.00	3093.00	3093.00	3093.00	3093.00	3093.00	3092.00	3092.00	3092.00	3092.00	3092.00	3092.00	3092.00	3091.00	3091.00	3091.00	3091.00	3091.00	3091.00	3091.00	3090.00	3090.00	3090.00	3090.00	3090.00	3090.00	3089.00	3089.00	3089.00	3089.00	3089.00	3089.00	3089.00	3089.00	3088.00	3088.00	3088.00	3088.00	3088.00	3088.00	3087.00	3087.00	3087.00	3087.00	3087.00	3086.00	3086.00	3086.00	3086.00	3086.00	3086.00	3086.00	3085.00	3085.00	3085.00	3085.00	3085.00	3085.00	3085.00	3084.00	3084.00	3084.00	3084.00	3084.00	3084.00	3084.00	3084.00	3083.00	3083.00	3083.00	3083.00	3083.00	3083.00	3083.00	3083.00	3083.00	3083.00	3082.00	3082.00	3082.00	3082.00	3082.00	3082.00	3082.00	3082.00	3082.00	3081.00	3081.00	3081.00	3081.00	3081.00	3080.00	3080.00	3080.00	3080.00	3080.00	3079.00	3079.00	3079.00	3079.00	3078.00	3078.00	3078.00	3078.00	3078.00	3077.00	3077.00	3077.00	3077.00	3077.00	3077.00	3077.00	3076.00	3076.00	3076.00	3076.00	3076.00	3076.00	3075.00	3075.00	3075.00	3075.00	3075.00	3075.00	3075.00	3074.00	3074.00	3074.00	3074.00	3074.00	3073.00	3073.00	3073.00	3073.00	3073.00	3073.00	3073.00	3073.00	3073.00	3072.00	3072.00	3072.00	3072.00	3072.00	3071.00	3071.00	3071.00	3071.00	3071.00	3071.00	3070.00	3070.00	3070.00	3070.00	3070.00	3070.00	3070.00	3070.00	3069.00	3069.00	3069.00	3069.00	3069.00	3069.00	3068.00	3068.00	3068.00	3068.00	3068.00	3068.00	3068.00	3068.00	3068.00	3067.00	3067.00	3067.00	3067.00	3067.00	3067.00	3067.00	3067.00	3067.00	3066.00	3066.00	3066.00	3066.00	3066.00	3066.00	3066.00	3065.00	3065.00	3065.00	3065.00	3065.00	3064.00
3103.00	3103.00	3102.00	3102.00	3102.00	3102.00	3102.00	3102.00	3101.00	3101.00	3101.00	3101.00	3101.00	3101.00	3100.00	3100.00	3100.00	3100.00	3100.00	3100.00	3100.00	3100.00	3099.00	3099.00	3099.00	3099.00	3099.00	3099.00	3098.00	3098.00	3098.00	3098.00	3098.00	3098.00	3097.00	3097.00	3097.00	3097.00	3097.00	3097.00	3097.00	3097.00	3096.00	3096.00	3096.00	3096.00	3096.00	3096.00	3095.00	3095.00	3095.00	3095.00	3095.00	3094.00	3094.00	3094.00	3094.00	3094.00	3094.00	3094.00	3094.00	3093.00	3093.00	3093.00	3093.00	3093.00	3093.00	3092.00	3092.00	3092.00	3092.00	3092.00	3092.00	3092.00	3091.00	3091.00	3091.00	3091.00	3091.00	3091.00	3091.00	3090.00	3090.00	3090.00	3090.00	3090.00	3090.00	3089.00	3089.00	3089.00	3089.00	3089.00	3089.00	3089.00	3089.00	3088.00	3088.00	3088.00	3088.00	3088.00	3088.00	3087.00	3087.00	3087.00	3087.00	3087.00	3086.00	3086.00	3086.00	3086.00	3086.00	3086.00	3086.00	3085.00	3085.00	3085.00	3085.00	3085.00	3085.00	3085.00	3084.00	3084.00	3084.00	3084.00	3084.00	3084.00	3084.00	3084.00	3083.00	3083.00	3083.00	3083.00	3083.00	3083.00	3083.00	3083.00	3083.00	3083.00	3082.00	3082.00	3082.00	3082.00	3082.00	3082.00	3082.00	3082.00	3082.00	3081.00	3081.00	3081.00	3081.00	3081.00	3080.00	3080.00	3080.00	3080.00	3080.00	3079.00	3079.00	3079.00	3079.00	3078.00	3078.00	3078.00	3078.00	3078.00	3077.00	3077.00	3077.00	3077.00	3077.00	3077.00	3077.00	3076.00	3076.00	3076.00	3076.00	3076.00	3076.00	3075.00	3075.00	3075.00	3075.00	3075.00	3075.00	3075.00	3074.00	3074.00	3074.00	3074.00	3074.00	3073.00	3073.00	3073.00	3073.00	3073.00	3073.00	3073.00	3073.00	3073.00	3072.00	3072.00	3072.00	3072.00	3072.00	3071.00	3071.00	3071.00	3071.00	3071.00	3071.00	3070.00	3070.00	3070.00	3070.00	3070.00	3070.00	3070.00	3070.00	3069.00	3069.00	3069.00	3069.00	3069.00	3069.00	3068.00	3068.00	3068.00	3068.00	3068.00	3068.00	3068.00	3068.00	3068.00	3067.00	3067.00	3067.00	3067.00	3067.00	3067.00	3067.00	3067.00	3067.00	3066.00	3066.00	3066.00	3066.00	3066.00	3066.00	3066.00	3065.00	3065.00	3065.00	3065.00	3065.00	3064.00
3103.00	3103.00	3102.00	3102.00	3102.00	3102.00	3102.00	3102.00	3101.00	3101.00	3101.00	3101.00	3101.00	3101.00	3100.00	3100.00	3100.00	3100.00	3100.00	3100.00	3100.00	3100.00	3099.00	3099.00	3099.00	3099.00	3099.00	3099.00	3098.00	3098.00	3098.00	3098.00	3098.00	3098.00	3097.00	3097.00	3097.00	3097.00	3097.00	3097.00	3097.00	3097.00	3096.00	3096.00	3096.00	3096.00	3096.00	3096.00	3095.00	3095.00	3095.00	3095.00	3095.00	3094.00	3094.00	3094.00	3094.00	3094.00	3094.00	3094.00	3094.00	3093.00	3093.00	3093.00	3093.00	3093.00	3093.00	3092.00	3092.00	3092.00	3092.00	3092.00	3092.00	3092.00	3091.00	3091.00	3091.00	3091.00	3091.00	3091.00	3091.00	3090.00	3090.00	3090.00	3090.00	3090.00	3090.00	3089.00	3089.00	3089.00	3089.00	3089.00	3089.00	3089.00	3089.00	3088.00	3088.00	3088.00	3088.00	3088.00	3088.00	3087.00	3087.00	3087.00	3087.00	3087.00	3086.00	3086.00	3086.00	3086.00	3086.00	3086.00	3086.00	3085.00	3085.00	3085.00	3085.00	3085.00	3085.00	3085.00	3084.00	3084.00	3084.00	3084.00	3084.00	3084.00	3084.00	3084.00	3083.00	3083.00	3083.00	3083.00	3083.00	3083.00	3083.00	3083.00	3083.00	3083.00	3082.00	3082.00	3082.00	3082.00	3082.00	3082.00	3082.00	3082.00	3082.00	3081.00	3081.00	3081.00	3081.00	3081.00	3080.00	3080.00	3080.00	3080.00	3080.00	3079.00	3079.00	3079.00	3079.00	3078.00	3078.00	3078.00	3078.00	3078.00	3077.00	3077.00	3077.00	3077.00	3077.00	3077.00	3077.00	3076.00	3076.00	3076.00	3076.00	3076.00	3076.00	3075.00	3075.00	3075.00	3075.00	3075.00	3075.00	3075.00	3074.00	3074.00	3074.00	3074.00	3074.00	3073.00	3073.00	3073.00	3073.00	3073.00	3073.00	3073.00	3073.00	3073.00	3072.00	3072.00	3072.00	3072.00	3072.00	3071.00	3071.00	3071.00	3071.00	3071.00	3071.00	3070.00	3070.00	3070.00	3070.00	3070.00	3070.00	3070.00	3070.00	3069.00	3069.00	3069.00	3069.00	3069.00	3069.00	3068.00	3068.00	3068.00	3068.00	3068.00	3068.00	3068.00	3068.00	3068.00	3067.00	3067.00	3067.00	3067.00	3067.00	3067.00	3067.00	3067.00	3067.00	3066.00	3066.00	3066.00	3066.00	3066.00	3066.00	3066.00	3065.00	3065.00	3065.00	3065.00	3065.00	3064.00
3102.00	3101.00	3101.00	3101.00	3101.00	3101.00	3101.00	3100.00	3100.00	3100.00	3100.00	3100.00	3099.00	3099.00	3099.00	3099.00	3099.00	3099.00	3099.00	3099.00	3099.00	3098.00	3098.00	3098.00	3098.00	3098.00	3097.00	3097.00	3097.00	3097.00	3097.00	3097.00	3097.00	3096.00	3096.00	3096.00	3096.00	3096.00	3096.00	3096.00	3095.00	3095.00	3095.00	3095.00	3095.00	3095.00	3094.00	3094.00	3094.00	3094.00	3094.00	3094.00	3094.00	3093.00	3093.00	3093.00	3093.00	3093.00	3093.00	3093.00	3092.00	3092.00	3092.00	3092.00	3092.00	3092.00	3091.00	3091.00	3091.00	3091.00	3091.00	3091.00	3091.00	3091.00	3090.00	3090.00	3090.00	3090.00	3090.00	3090.00	3090.00	3089.00	3089.00	3089.00	3089.00	3089.00	3089.00	3089.00	3089.00	3089.00	3088.00	3088.00	3088.00	3088.00	3088.00	3088.00	3087.00	3087.00	3087.00	3087.00	3087.00	3086.00	3086.00	3086.00	3086.00	3086.00	3085.00	3085.00	3085.00	3085.00	3085.00	3085.00	3085.00	3085.00	3085.00	3085.00	3084.00	3084.00	3084.00	3084.00	3084.00	3084.00	3084.00	3084.00	3084.00	3083.00	3083.00	3083.00	3083.00	3083.00	3083.00	3083.00	3083.00	3082.00	3082.00	3082.00	3082.00	3082.00	3081.00	3081.00	3081.00	3081.00	3081.00	3081.00	3081.00	3080.00	3080.00	3080.00	3080.00	3079.00	3079.00	3079.00	3079.00	3079.00	3078.00	3078.00	3078.00	3078.00	3078.00	3078.00	3077.00	3077.00	3077.00	3077.00	3077.00	3077.00	3076.00	3076.00	3076.00	3076.00	3076.00	3076.00	3075.00	3075.00	3075.00	3075.00	3075.00	3075.00	3074.00	3074.00	3074.00	3074.00	3074.00	3074.00	3073.00	3073.00	3073.00	3073.00	3073.00	3073.00	3073.00	3072.00	3072.00	3072.00	3072.00	3072.00	3072.00	3072.00	3071.00	3071.00	3071.00	3071.00	3071.00	3071.00	3070.00	3070.00	3070.00	3070.00	3070.00	3070.00	3070.00	3070.00	3070.00	3069.00	3069.00	3069.00	3069.00	3069.00	3069.00	3069.00	3069.00	3069.00	3068.00	3068.00	3068.00	3068.00	3068.00	3068.00	3068.00	3068.00	3068.00	3068.00	3067.00	3067.00	3067.00	3067.00	3067.00	3067.00	3067.00	3067.00	3067.00	3066.00	3066.00	3066.00	3066.00	3066.00	3066.00	3066.00	3065.00	3065.00	3065.00	3065.00	3065.00	3065.00	3065.00	3064.00
3102.00	3101.00	3101.00	3101.00	3101.00	3101.00	3101.00	3100.00	3100.00	3100.00	3100.00	3100.00	3099.00	3099.00	3099.00	3099.00	3099.00	3099.00	3099.00	3099.00	3099.00	3098.00	3098.00	3098.00	3098.00	3098.00	3097.00	3097.00	3097.00	3097.00	3097.00	3097.00	3097.00	3096.00	3096.00	3096.00	3096.00	3096.00	3096.00	3096.00	3095.00	3095.00	3095.00	3095.00	3095.00	3095.00	3094.00	3094.00	3094.00	3094.00	3094.00	3094.00	3094.00	3093.00	3093.00	3093.00	3093.00	3093.00	3093.00	3093.00	3092.00	3092.00	3092.00	3092.00	3092.00	3092.00	3091.00	3091.00	3091.00	3091.00	3091.00	3091.00	3091.00	3091.00	3090.00	3090.00	3090.00	3090.00	3090.00	3090.00	3090.00	3089.00	3089.00	3089.00	3089.00	3089.00	3089.00	3089.00	3089.00	3089.00	3088.00	3088.00	3088.00	3088.00	3088.00	3088.00	3087.00	3087.00	3087.00	3087.00	3087.00	3086.00	3086.00	3086.00	3086.00	3086.00	3085.00	3085.00	3085.00	3085.00	3085.00	3085.00	3085.00	3085.00	3085.00	3085.00	3084.00	3084.00	3084.00	3084.00	3084.00	3084.00	3084.00	3084.00	3084.00	3083.00	3083.00	3083.00	3083.00	3083.00	3083.00	3083.00	3083.00	3082.00	3082.00	3082.00	3082.00	3082.00	3081.00	3081.00	3081.00	3081.00	3081.00	3081.00	3081.00	3080.00	3080.00	3080.00	3080.00	3079.00	3079.00	3079.00	3079.00	3079.00	3078.00	3078.00	3078.00	3078.00	3078.00	3078.00	3077.00	3077.00	3077.00	3077.00	3077.00	3077.00	3076.00	3076.00	3076.00	3076.00	3076.00	3076.00	3075.00	3075.00	3075.00	3075.00	3075.00	3075.00	3074.00	3074.00	3074.00	3074.00	3074.00	3074.00	3073.00	3073.00	3073.00	3073.00	3073.00	3073.00	3073.00	3072.00	3072.00	3072.00	3072.00	3072.00	3072.00	3072.00	3071.00	3071.00	3071.00	3071.00	3071.00	3071.00	3070.00	3070.00	3070.00	3070.00	3070.00	3070.00	3070.00	3070.00	3070.00	3069.00	3069.00	3069.00	3069.00	3069.00	3069.00	3069.00	3069.00	3069.00	3068.00	3068.00	3068.00	3068.00	3068.00	3068.00	3068.00	3068.00	3068.00	3068.00	3067.00	3067.00	3067.00	3067.00	3067.00	3067.00	3067.00	3067.00	3067.00	3066.00	3066.00	3066.00	3066.00	3066.00	3066.00	3066.00	3065.00	3065.00	3065.00	3065.00	3065.00	3065.00	3065.00	3064.00
3102.00	3101.00	3101.00	3101.00	3101.00	3101.00	3101.00	3100.00	3100.00	3100.00	3100.00	3100.00	3099.00	3099.00	3099.00	3099.00	3099.00	3099.00	3099.00	3099.00	3099.00	3098.00	3098.00	3098.00	3098.00	3098.00	3097.00	3097.00	3097.00	3097.00	3097.00	3097.00	3097.00	3096.00	3096.00	3096.00	3096.00	3096.00	3096.00	3096.00	3095.00	3095.00	3095.00	3095.00	3095.00	3095.00	3094.00	3094.00	3094.00	3094.00	3094.00	3094.00	3094.00	3093.00	3093.00	3093.00	3093.00	3093.00	3093.00	3093.00	3092.00	3092.00	3092.00	3092.00	3092.00	3092.00	3091.00	3091.00	3091.00	3091.00	3091.00	3091.00	3091.00	3091.00	3090.00	3090.00	3090.00	3090.00	3090.00	3090.00	3090.00	3089.00	3089.00	3089.00	3089.00	3089.00	3089.00	3089.00	3089.00	3089.00	3088.00	3088.00	3088.00	3088.00	3088.00	3088.00	3087.00	3087.00	3087.00	3087.00	3087.00	3086.00	3086.00	3086.00	3086.00	3086.00	3085.00	3085.00	3085.00	3085.00	3085.00	3085.00	3085.00	3085.00	3085.00	3085.00	3084.00	3084.00	3084.00	3084.00	3084.00	3084.00	3084.00	3084.00	3084.00	3083.00	3083.00	3083.00	3083.00	3083.00	3083.00	3083.00	3083.00	3082.00	3082.00	3082.00	3082.00	3082.00	3081.00	3081.00	3081.00	3081.00	3081.00	3081.00	3081.00	3080.00	3080.00	3080.00	3080.00	3079.00	3079.00	3079.00	3079.00	3079.00	3078.00	3078.00	3078.00	3078.00	3078.00	3078.00	3077.00	3077.00	3077.00	3077.00	3077.00	3077.00	3076.00	3076.00	3076.00	3076.00	3076.00	3076.00	3075.00	3075.00	3075.00	3075.00	3075.00	3075.00	3074.00	3074.00	3074.00	3074.00	3074.00	3074.00	3073.00	3073.00	3073.00	3073.00	3073.00	3073.00	3073.00	3072.00	3072.00	3072.00	3072.00	3072.00	3072.00	3072.00	3071.00	3071.00	3071.00	3071.00	3071.00	3071.00	3070.00	3070.00	3070.00	3070.00	3070.00	3070.00	3070.00	3070.00	3070.00	3069.00	3069.00	3069.00	3069.00	3069.00	3069.00	3069.00	3069.00	3069.00	3068.00	3068.00	3068.00	3068.00	3068.00	3068.00	3068.00	3068.00	3068.00	3068.00	3067.00	3067.00	3067.00	3067.00	3067.00	3067.00	3067.00	3067.00	3067.00	3066.00	3066.00	3066.00	3066.00	3066.00	3066.00	3066.00	3065.00	3065.00	3065.00	3065.00	3065.00	3065.00	3065.00	3064.00
3102.00	3101.00	3101.00	3101.00	3101.00	3101.00	3101.00	3100.00	3100.00	3100.00	3100.00	3100.00	3099.00	3099.00	3099.00	3099.00	3099.00	3099.00	3099.00	3099.00	3099.00	3098.00	3098.00	3098.00	3098.00	3098.00	3097.00	3097.00	3097.00	3097.00	3097.00	3097.00	3097.00	3096.00	3096.00	3096.00	3096.00	3096.00	3096.00	3096.00	3095.00	3095.00	3095.00	3095.00	3095.00	3095.00	3094.00	3094.00	3094.00	3094.00	3094.00	3094.00	3094.00	3093.00	3093.00	3093.00	3093.00	3093.00	3093.00	3093.00	3092.00	3092.00	3092.00	3092.00	3092.00	3092.00	3091.00	3091.00	3091.00	3091.00	3091.00	3091.00	3091.00	3091.00	3090.00	3090.00	3090.00	3090.00	3090.00	3090.00	3090.00	3089.00	3089.00	3089.00	3089.00	3089.00	3089.00	3089.00	3089.00	3089.00	3088.00	3088.00	3088.00	3088.00	3088.00	3088.00	3087.00	3087.00	3087.00	3087.00	3087.00	3086.00	3086.00	3086.00	3086.00	3086.00	3085.00	3085.00	3085.00	3085.00	3085.00	3085.00	3085.00	3085.00	3085.00	3085.00	3084.00	3084.00	3084.00	3084.00	3084.00	3084.00	3084.00	3084.00	3084.00	3083.00	3083.00	3083.00	3083.00	3083.00	3083.00	3083.00	3083.00	3082.00	3082.00	3082.00	3082.00	3082.00	3081.00	3081.00	3081.00	3081.00	3081.00	3081.00	3081.00	3080.00	3080.00	3080.00	3080.00	3079.00	3079.00	3079.00	3079.00	3079.00	3078.00	3078.00	3078.00	3078.00	3078.00	3078.00	3077.00	3077.00	3077.00	3077.00	3077.00	3077.00	3076.00	3076.00	3076.00	3076.00	3076.00	3076.00	3075.00	3075.00	3075.00	3075.00	3075.00	3075.00	3074.00	3074.00	3074.00	3074.00	3074.00	3074.00	3073.00	3073.00	3073.00	3073.00	3073.00	3073.00	3073.00	3072.00	3072.00	3072.00	3072.00	3072.00	3072.00	3072.00	3071.00	3071.00	3071.00	3071.00	3071.00	3071.00	3070.00	3070.00	3070.00	3070.00	3070.00	3070.00	3070.00	3070.00	3070.00	3069.00	3069.00	3069.00	3069.00	3069.00	3069.00	3069.00	3069.00	3069.00	3068.00	3068.00	3068.00	3068.00	3068.00	3068.00	3068.00	3068.00	3068.00	3068.00	3067.00	3067.00	3067.00	3067.00	3067.00	3067.00	3067.00	3067.00	3067.00	3066.00	3066.00	3066.00	3066.00	3066.00	3066.00	3066.00	3065.00	3065.00	3065.00	3065.00	3065.00	3065.00	3065.00	3064.00
3102.00	3101.00	3101.00	3101.00	3101.00	3101.00	3101.00	3100.00	3100.00	3100.00	3100.00	3100.00	3099.00	3099.00	3099.00	3099.00	3099.00	3099.00	3099.00	3099.00	3099.00	3098.00	3098.00	3098.00	3098.00	3098.00	3097.00	3097.00	3097.00	3097.00	3097.00	3097.00	3097.00	3096.00	3096.00	3096.00	3096.00	3096.00	3096.00	3096.00	3095.00	3095.00	3095.00	3095.00	3095.00	3095.00	3094.00	3094.00	3094.00	3094.00	3094.00	3094.00	3094.00	3093.00	3093.00	3093.00	3093.00	3093.00	3093.00	3093.00	3092.00	3092.00	3092.00	3092.00	3092.00	3092.00	3091.00	3091.00	3091.00	3091.00	3091.00	3091.00	3091.00	3091.00	3090.00	3090.00	3090.00	3090.00	3090.00	3090.00	3090.00	3089.00	3089.00	3089.00	3089.00	3089.00	3089.00	3089.00	3089.00	3089.00	3088.00	3088.00	3088.00	3088.00	3088.00	3088.00	3087.00	3087.00	3087.00	3087.00	3087.00	3086.00	3086.00	3086.00	3086.00	3086.00	3085.00	3085.00	3085.00	3085.00	3085.00	3085.00	3085.00	3085.00	3085.00	3085.00	3084.00	3084.00	3084.00	3084.00	3084.00	3084.00	3084.00	3084.00	3084.00	3083.00	3083.00	3083.00	3083.00	3083.00	3083.00	3083.00	3083.00	3082.00	3082.00	3082.00	3082.00	3082.00	3081.00	3081.00	3081.00	3081.00	3081.00	3081.00	3081.00	3080.00	3080.00	3080.00	3080.00	3079.00	3079.00	3079.00	3079.00	3079.00	3078.00	3078.00	3078.00	3078.00	3078.00	3078.00	3077.00	3077.00	3077.00	3077.00	3077.00	3077.00	3076.00	3076.00	3076.00	3076.00	3076.00	3076.00	3075.00	3075.00	3075.00	3075.00	3075.00	3075.00	3074.00	3074.00	3074.00	3074.00	3074.00	3074.00	3073.00	3073.00	3073.00	3073.00	3073.00	3073.00	3073.00	3072.00	3072.00	3072.00	3072.00	3072.00	3072.00	3072.00	3071.00	3071.00	3071.00	3071.00	3071.00	3071.00	3070.00	3070.00	3070.00	3070.00	3070.00	3070.00	3070.00	3070.00	3070.00	3069.00	3069.00	3069.00	3069.00	3069.00	3069.00	3069.00	3069.00	3069.00	3068.00	3068.00	3068.00	3068.00	3068.00	3068.00	3068.00	3068.00	3068.00	3068.00	3067.00	3067.00	3067.00	3067.00	3067.00	3067.00	3067.00	3067.00	3067.00	3066.00	3066.00	3066.00	3066.00	3066.00	3066.00	3066.00	3065.00	3065.00	3065.00	3065.00	3065.00	3065.00	3065.00	3064.00
3102.00	3101.00	3101.00	3101.00	3101.00	3101.00	3101.00	3100.00	3100.00	3100.00	3100.00	3100.00	3099.00	3099.00	3099.00	3099.00	3099.00	3099.00	3099.00	3099.00	3099.00	3098.00	3098.00	3098.00	3098.00	3098.00	3097.00	3097.00	3097.00	3097.00	3097.00	3097.00	3097.00	3096.00	3096.00	3096.00	3096.00	3096.00	3096.00	3096.00	3095.00	3095.00	3095.00	3095.00	3095.00	3095.00	3094.00	3094.00	3094.00	3094.00	3094.00	3094.00	3094.00	3093.00	3093.00	3093.00	3093.00	3093.00	3093.00	3093.00	3092.00	3092.00	3092.00	3092.00	3092.00	3092.00	3091.00	3091.00	3091.00	3091.00	3091.00	3091.00	3091.00	3091.00	3090.00	3090.00	3090.00	3090.00	3090.00	3090.00	3090.00	3089.00	3089.00	3089.00	3089.00	3089.00	3089.00	3089.00	3089.00	3089.00	3088.00	3088.00	3088.00	3088.00	3088.00	3088.00	3087.00	3087.00	3087.00	3087.00	3087.00	3086.00	3086.00	3086.00	3086.00	3086.00	3085.00	3085.00	3085.00	3085.00	3085.00	3085.00	3085.00	3085.00	3085.00	3085.00	3084.00	3084.00	3084.00	3084.00	3084.00	3084.00	3084.00	3084.00	3084.00	3083.00	3083.00	3083.00	3083.00	3083.00	3083.00	3083.00	3083.00	3082.00	3082.00	3082.00	3082.00	3082.00	3081.00	3081.00	3081.00	3081.00	3081.00	3081.00	3081.00	3080.00	3080.00	3080.00	3080.00	3079.00	3079.00	3079.00	3079.00	3079.00	3078.00	3078.00	3078.00	3078.00	3078.00	3078.00	3077.00	3077.00	3077.00	3077.00	3077.00	3077.00	3076.00	3076.00	3076.00	3076.00	3076.00	3076.00	3075.00	3075.00	3075.00	3075.00	3075.00	3075.00	3074.00	3074.00	3074.00	3074.00	3074.00	3074.00	3073.00	3073.00	3073.00	3073.00	3073.00	3073.00	3073.00	3072.00	3072.00	3072.00	3072.00	3072.00	3072.00	3072.00	3071.00	3071.00	3071.00	3071.00	3071.00	3071.00	3070.00	3070.00	3070.00	3070.00	3070.00	3070.00	3070.00	3070.00	3070.00	3069.00	3069.00	3069.00	3069.00	3069.00	3069.00	3069.00	3069.00	3069.00	3068.00	3068.00	3068.00	3068.00	3068.00	3068.00	3068.00	3068.00	3068.00	3068.00	3067.00	3067.00	3067.00	3067.00	3067.00	3067.00	3067.00	3067.00	3067.00	3066.00	3066.00	3066.00	3066.00	3066.00	3066.00	3066.00	3065.00	3065.00	3065.00	3065.00	3065.00	3065.00	3065.00	3064.00
3102.00	3101.00	3101.00	3101.00	3101.00	3101.00	3101.00	3100.00	3100.00	3100.00	3100.00	3100.00	3099.00	3099.00	3099.00	3099.00	3099.00	3099.00	3099.00	3099.00	3099.00	3098.00	3098.00	3098.00	3098.00	3098.00	3097.00	3097.00	3097.00	3097.00	3097.00	3097.00	3097.00	3096.00	3096.00	3096.00	3096.00	3096.00	3096.00	3096.00	3095.00	3095.00	3095.00	3095.00	3095.00	3095.00	3094.00	3094.00	3094.00	3094.00	3094.00	3094.00	3094.00	3093.00	3093.00	3093.00	3093.00	3093.00	3093.00	3093.00	3092.00	3092.00	3092.00	3092.00	3092.00	3092.00	3091.00	3091.00	3091.00	3091.00	3091.00	3091.00	3091.00	3091.00	3090.00	3090.00	3090.00	3090.00	3090.00	3090.00	3090.00	3089.00	3089.00	3089.00	3089.00	3089.00	3089.00	3089.00	3089.00	3089.00	3088.00	3088.00	3088.00	3088.00	3088.00	3088.00	3087.00	3087.00	3087.00	3087.00	3087.00	3086.00	3086.00	3086.00	3086.00	3086.00	3085.00	3085.00	3085.00	3085.00	3085.00	3085.00	3085.00	3085.00	3085.00	3085.00	3084.00	3084.00	3084.00	3084.00	3084.00	3084.00	3084.00	3084.00	3084.00	3083.00	3083.00	3083.00	3083.00	3083.00	3083.00	3083.00	3083.00	3082.00	3082.00	3082.00	3082.00	3082.00	3081.00	3081.00	3081.00	3081.00	3081.00	3081.00	3081.00	3080.00	3080.00	3080.00	3080.00	3079.00	3079.00	3079.00	3079.00	3079.00	3078.00	3078.00	3078.00	3078.00	3078.00	3078.00	3077.00	3077.00	3077.00	3077.00	3077.00	3077.00	3076.00	3076.00	3076.00	3076.00	3076.00	3076.00	3075.00	3075.00	3075.00	3075.00	3075.00	3075.00	3074.00	3074.00	3074.00	3074.00	3074.00	3074.00	3073.00	3073.00	3073.00	3073.00	3073.00	3073.00	3073.00	3072.00	3072.00	3072.00	3072.00	3072.00	3072.00	3072.00	3071.00	3071.00	3071.00	3071.00	3071.00	3071.00	3070.00	3070.00	3070.00	3070.00	3070.00	3070.00	3070.00	3070.00	3070.00	3069.00	3069.00	3069.00	3069.00	3069.00	3069.00	3069.00	3069.00	3069.00	3068.00	3068.00	3068.00	3068.00	3068.00	3068.00	3068.00	3068.00	3068.00	3068.00	3067.00	3067.00	3067.00	3067.00	3067.00	3067.00	3067.00	3067.00	3067.00	3066.00	3066.00	3066.00	3066.00	3066.00	3066.00	3066.00	3065.00	3065.00	3065.00	3065.00	3065.00	3065.00	3065.00	3064.00
3102.00	3101.00	3101.00	3101.00	3101.00	3101.00	3101.00	3100.00	3100.00	3100.00	3100.00	3100.00	3099.00	3099.00	3099.00	3099.00	3099.00	3099.00	3099.00	3099.00	3099.00	3098.00	3098.00	3098.00	3098.00	3098.00	3097.00	3097.00	3097.00	3097.00	3097.00	3097.00	3097.00	3096.00	3096.00	3096.00	3096.00	3096.00	3096.00	3096.00	3095.00	3095.00	3095.00	3095.00	3095.00	3095.00	3094.00	3094.00	3094.00	3094.00	3094.00	3094.00	3094.00	3093.00	3093.00	3093.00	3093.00	3093.00	3093.00	3093.00	3092.00	3092.00	3092.00	3092.00	3092.00	3092.00	3091.00	3091.00	3091.00	3091.00	3091.00	3091.00	3091.00	3091.00	3090.00	3090.00	3090.00	3090.00	3090.00	3090.00	3090.00	3089.00	3089.00	3089.00	3089.00	3089.00	3089.00	3089.00	3089.00	3089.00	3088.00	3088.00	3088.00	3088.00	3088.00	3088.00	3087.00	3087.00	3087.00	3087.00	3087.00	3086.00	3086.00	3086.00	3086.00	3086.00	3085.00	3085.00	3085.00	3085.00	3085.00	3085.00	3085.00	3085.00	3085.00	3085.00	3084.00	3084.00	3084.00	3084.00	3084.00	3084.00	3084.00	3084.00	3084.00	3083.00	3083.00	3083.00	3083.00	3083.00	3083.00	3083.00	3083.00	3082.00	3082.00	3082.00	3082.00	3082.00	3081.00	3081.00	3081.00	3081.00	3081.00	3081.00	3081.00	3080.00	3080.00	3080.00	3080.00	3079.00	3079.00	3079.00	3079.00	3079.00	3078.00	3078.00	3078.00	3078.00	3078.00	3078.00	3077.00	3077.00	3077.00	3077.00	3077.00	3077.00	3076.00	3076.00	3076.00	3076.00	3076.00	3076.00	3075.00	3075.00	3075.00	3075.00	3075.00	3075.00	3074.00	3074.00	3074.00	3074.00	3074.00	3074.00	3073.00	3073.00	3073.00	3073.00	3073.00	3073.00	3073.00	3072.00	3072.00	3072.00	3072.00	3072.00	3072.00	3072.00	3071.00	3071.00	3071.00	3071.00	3071.00	3071.00	3070.00	3070.00	3070.00	3070.00	3070.00	3070.00	3070.00	3070.00	3070.00	3069.00	3069.00	3069.00	3069.00	3069.00	3069.00	3069.00	3069.00	3069.00	3068.00	3068.00	3068.00	3068.00	3068.00	3068.00	3068.00	3068.00	3068.00	3068.00	3067.00	3067.00	3067.00	3067.00	3067.00	3067.00	3067.00	3067.00	3067.00	3066.00	3066.00	3066.00	3066.00	3066.00	3066.00	3066.00	3065.00	3065.00	3065.00	3065.00	3065.00	3065.00	3065.00	3064.00
3102.00	3101.00	3101.00	3101.00	3101.00	3101.00	3101.00	3100.00	3100.00	3100.00	3100.00	3100.00	3099.00	3099.00	3099.00	3099.00	3099.00	3099.00	3099.00	3099.00	3099.00	3098.00	3098.00	3098.00	3098.00	3098.00	3097.00	3097.00	3097.00	3097.00	3097.00	3097.00	3097.00	3096.00	3096.00	3096.00	3096.00	3096.00	3096.00	3096.00	3095.00	3095.00	3095.00	3095.00	3095.00	3095.00	3094.00	3094.00	3094.00	3094.00	3094.00	3094.00	3094.00	3093.00	3093.00	3093.00	3093.00	3093.00	3093.00	3093.00	3092.00	3092.00	3092.00	3092.00	3092.00	3092.00	3091.00	3091.00	3091.00	3091.00	3091.00	3091.00	3091.00	3091.00	3090.00	3090.00	3090.00	3090.00	3090.00	3090.00	3090.00	3089.00	3089.00	3089.00	3089.00	3089.00	3089.00	3089.00	3089.00	3089.00	3088.00	3088.00	3088.00	3088.00	3088.00	3088.00	3087.00	3087.00	3087.00	3087.00	3087.00	3086.00	3086.00	3086.00	3086.00	3086.00	3085.00	3085.00	3085.00	3085.00	3085.00	3085.00	3085.00	3085.00	3085.00	3085.00	3084.00	3084.00	3084.00	3084.00	3084.00	3084.00	3084.00	3084.00	3084.00	3083.00	3083.00	3083.00	3083.00	3083.00	3083.00	3083.00	3083.00	3082.00	3082.00	3082.00	3082.00	3082.00	3081.00	3081.00	3081.00	3081.00	3081.00	3081.00	3081.00	3080.00	3080.00	3080.00	3080.00	3079.00	3079.00	3079.00	3079.00	3079.00	3078.00	3078.00	3078.00	3078.00	3078.00	3078.00	3077.00	3077.00	3077.00	3077.00	3077.00	3077.00	3076.00	3076.00	3076.00	3076.00	3076.00	3076.00	3075.00	3075.00	3075.00	3075.00	3075.00	3075.00	3074.00	3074.00	3074.00	3074.00	3074.00	3074.00	3073.00	3073.00	3073.00	3073.00	3073.00	3073.00	3073.00	3072.00	3072.00	3072.00	3072.00	3072.00	3072.00	3072.00	3071.00	3071.00	3071.00	3071.00	3071.00	3071.00	3070.00	3070.00	3070.00	3070.00	3070.00	3070.00	3070.00	3070.00	3070.00	3069.00	3069.00	3069.00	3069.00	3069.00	3069.00	3069.00	3069.00	3069.00	3068.00	3068.00	3068.00	3068.00	3068.00	3068.00	3068.00	3068.00	3068.00	3068.00	3067.00	3067.00	3067.00	3067.00	3067.00	3067.00	3067.00	3067.00	3067.00	3066.00	3066.00	3066.00	3066.00	3066.00	3066.00	3066.00	3065.00	3065.00	3065.00	3065.00	3065.00	3065.00	3065.00	3064.00
3102.00	3101.00	3101.00	3101.00	3101.00	3101.00	3101.00	3100.00	3100.00	3100.00	3100.00	3100.00	3099.00	3099.00	3099.00	3099.00	3099.00	3099.00	3099.00	3099.00	3099.00	3098.00	3098.00	3098.00	3098.00	3098.00	3097.00	3097.00	3097.00	3097.00	3097.00	3097.00	3097.00	3096.00	3096.00	3096.00	3096.00	3096.00	3096.00	3096.00	3095.00	3095.00	3095.00	3095.00	3095.00	3095.00	3094.00	3094.00	3094.00	3094.00	3094.00	3094.00	3094.00	3093.00	3093.00	3093.00	3093.00	3093.00	3093.00	3093.00	3092.00	3092.00	3092.00	3092.00	3092.00	3092.00	3091.00	3091.00	3091.00	3091.00	3091.00	3091.00	3091.00	3091.00	3090.00	3090.00	3090.00	3090.00	3090.00	3090.00	3090.00	3089.00	3089.00	3089.00	3089.00	3089.00	3089.00	3089.00	3089.00	3089.00	3088.00	3088.00	3088.00	3088.00	3088.00	3088.00	3087.00	3087.00	3087.00	3087.00	3087.00	3086.00	3086.00	3086.00	3086.00	3086.00	3085.00	3085.00	3085.00	3085.00	3085.00	3085.00	3085.00	3085.00	3085.00	3085.00	3084.00	3084.00	3084.00	3084.00	3084.00	3084.00	3084.00	3084.00	3084.00	3083.00	3083.00	3083.00	3083.00	3083.00	3083.00	3083.00	3083.00	3082.00	3082.00	3082.00	3082.00	3082.00	3081.00	3081.00	3081.00	3081.00	3081.00	3081.00	3081.00	3080.00	3080.00	3080.00	3080.00	3079.00	3079.00	3079.00	3079.00	3079.00	3078.00	3078.00	3078.00	3078.00	3078.00	3078.00	3077.00	3077.00	3077.00	3077.00	3077.00	3077.00	3076.00	3076.00	3076.00	3076.00	3076.00	3076.00	3075.00	3075.00	3075.00	3075.00	3075.00	3075.00	3074.00	3074.00	3074.00	3074.00	3074.00	3074.00	3073.00	3073.00	3073.00	3073.00	3073.00	3073.00	3073.00	3072.00	3072.00	3072.00	3072.00	3072.00	3072.00	3072.00	3071.00	3071.00	3071.00	3071.00	3071.00	3071.00	3070.00	3070.00	3070.00	3070.00	3070.00	3070.00	3070.00	3070.00	3070.00	3069.00	3069.00	3069.00	3069.00	3069.00	3069.00	3069.00	3069.00	3069.00	3068.00	3068.00	3068.00	3068.00	3068.00	3068.00	3068.00	3068.00	3068.00	3068.00	3067.00	3067.00	3067.00	3067.00	3067.00	3067.00	3067.00	3067.00	3067.00	3066.00	3066.00	3066.00	3066.00	3066.00	3066.00	3066.00	3065.00	3065.00	3065.00	3065.00	3065.00	3065.00	3065.00	3064.00
3101.00	3100.00	3100.00	3100.00	3100.00	3099.00	3099.00	3099.00	3099.00	3099.00	3099.00	3099.00	3098.00	3098.00	3098.00	3098.00	3098.00	3098.00	3098.00	3097.00	3097.00	3097.00	3097.00	3097.00	3097.00	3096.00	3096.00	3096.00	3096.00	3096.00	3096.00	3096.00	3096.00	3096.00	3095.00	3095.00	3095.00	3095.00	3095.00	3095.00	3095.00	3095.00	3094.00	3094.00	3094.00	3094.00	3094.00	3094.00	3093.00	3093.00	3093.00	3093.00	3093.00	3092.00	3092.00	3092.00	3092.00	3092.00	3092.00	3092.00	3091.00	3091.00	3091.00	3091.00	3091.00	3091.00	3091.00	3091.00	3091.00	3090.00	3090.00	3090.00	3090.00	3090.00	3090.00	3090.00	3090.00	3090.00	3089.00	3089.00	3089.00	3089.00	3089.00	3089.00	3088.00	3088.00	3088.00	3088.00	3088.00	3088.00	3088.00	3088.00	3087.00	3087.00	3087.00	3087.00	3087.00	3086.00	3086.00	3086.00	3086.00	3086.00	3086.00	3086.00	3085.00	3085.00	3085.00	3085.00	3085.00	3085.00	3085.00	3084.00	3084.00	3084.00	3084.00	3084.00	3084.00	3083.00	3083.00	3083.00	3083.00	3083.00	3083.00	3083.00	3083.00	3082.00	3082.00	3082.00	3082.00	3082.00	3082.00	3081.00	3081.00	3081.00	3081.00	3081.00	3081.00	3081.00	3080.00	3080.00	3080.00	3080.00	3080.00	3080.00	3080.00	3079.00	3079.00	3079.00	3079.00	3079.00	3079.00	3078.00	3078.00	3078.00	3078.00	3078.00	3078.00	3077.00	3077.00	3077.00	3077.00	3077.00	3077.00	3077.00	3076.00	3076.00	3076.00	3076.00	3076.00	3075.00	3075.00	3075.00	3075.00	3075.00	3075.00	3074.00	3074.00	3074.00	3074.00	3074.00	3074.00	3073.00	3073.00	3073.00	3073.00	3073.00	3072.00	3072.00	3072.00	3072.00	3072.00	3071.00	3071.00	3071.00	3071.00	3071.00	3071.00	3071.00	3071.00	3071.00	3070.00	3070.00	3070.00	3070.00	3070.00	3070.00	3070.00	3070.00	3070.00	3070.00	3069.00	3069.00	3069.00	3069.00	3069.00	3069.00	3068.00	3068.00	3068.00	3068.00	3068.00	3068.00	3068.00	3068.00	3068.00	3067.00	3067.00	3067.00	3067.00	3067.00	3067.00	3067.00	3067.00	3067.00	3067.00	3067.00	3066.00	3066.00	3066.00	3066.00	3066.00	3066.00	3065.00	3065.00	3065.00	3065.00	3065.00	3065.00	3065.00	3065.00	3064.00	3064.00	3064.00	3064.00	3064.00	3063.00
3101.00	3100.00	3100.00	3100.00	3100.00	3099.00	3099.00	3099.00	3099.00	3099.00	3099.00	3099.00	3098.00	3098.00	3098.00	3098.00	3098.00	3098.00	3098.00	3097.00	3097.00	3097.00	3097.00	3097.00	3097.00	3096.00	3096.00	3096.00	3096.00	3096.00	3096.00	3096.00	3096.00	3096.00	3095.00	3095.00	3095.00	3095.00	3095.00	3095.00	3095.00	3095.00	3094.00	3094.00	3094.00	3094.00	3094.00	3094.00	3093.00	3093.00	3093.00	3093.00	3093.00	3092.00	3092.00	3092.00	3092.00	3092.00	3092.00	3092.00	3091.00	3091.00	3091.00	3091.00	3091.00	3091.00	3091.00	3091.00	3091.00	3090.00	3090.00	3090.00	3090.00	3090.00	3090.00	3090.00	3090.00	3090.00	3089.00	3089.00	3089.00	3089.00	3089.00	3089.00	3088.00	3088.00	3088.00	3088.00	3088.00	3088.00	3088.00	3088.00	3087.00	3087.00	3087.00	3087.00	3087.00	3086.00	3086.00	3086.00	3086.00	3086.00	3086.00	3086.00	3085.00	3085.00	3085.00	3085.00	3085.00	3085.00	3085.00	3084.00	3084.00	3084.00	3084.00	3084.00	3084.00	3083.00	3083.00	3083.00	3083.00	3083.00	3083.00	3083.00	3083.00	3082.00	3082.00	3082.00	3082.00	3082.00	3082.00	3081.00	3081.00	3081.00	3081.00	3081.00	3081.00	3081.00	3080.00	3080.00	3080.00	3080.00	3080.00	3080.00	3080.00	3079.00	3079.00	3079.00	3079.00	3079.00	3079.00	3078.00	3078.00	3078.00	3078.00	3078.00	3078.00	3077.00	3077.00	3077.00	3077.00	3077.00	3077.00	3077.00	3076.00	3076.00	3076.00	3076.00	3076.00	3075.00	3075.00	3075.00	3075.00	3075.00	3075.00	3074.00	3074.00	3074.00	3074.00	3074.00	3074.00	3073.00	3073.00	3073.00	3073.00	3073.00	3072.00	3072.00	3072.00	3072.00	3072.00	3071.00	3071.00	3071.00	3071.00	3071.00	3071.00	3071.00	3071.00	3071.00	3070.00	3070.00	3070.00	3070.00	3070.00	3070.00	3070.00	3070.00	3070.00	3070.00	3069.00	3069.00	3069.00	3069.00	3069.00	3069.00	3068.00	3068.00	3068.00	3068.00	3068.00	3068.00	3068.00	3068.00	3068.00	3067.00	3067.00	3067.00	3067.00	3067.00	3067.00	3067.00	3067.00	3067.00	3067.00	3067.00	3066.00	3066.00	3066.00	3066.00	3066.00	3066.00	3065.00	3065.00	3065.00	3065.00	3065.00	3065.00	3065.00	3065.00	3064.00	3064.00	3064.00	3064.00	3064.00	3063.00
3101.00	3100.00	3100.00	3100.00	3100.00	3099.00	3099.00	3099.00	3099.00	3099.00	3099.00	3099.00	3098.00	3098.00	3098.00	3098.00	3098.00	3098.00	3098.00	3097.00	3097.00	3097.00	3097.00	3097.00	3097.00	3096.00	3096.00	3096.00	3096.00	3096.00	3096.00	3096.00	3096.00	3096.00	3095.00	3095.00	3095.00	3095.00	3095.00	3095.00	3095.00	3095.00	3094.00	3094.00	3094.00	3094.00	3094.00	3094.00	3093.00	3093.00	3093.00	3093.00	3093.00	3092.00	3092.00	3092.00	3092.00	3092.00	3092.00	3092.00	3091.00	3091.00	3091.00	3091.00	3091.00	3091.00	3091.00	3091.00	3091.00	3090.00	3090.00	3090.00	3090.00	3090.00	3090.00	3090.00	3090.00	3090.00	3089.00	3089.00	3089.00	3089.00	3089.00	3089.00	3088.00	3088.00	3088.00	3088.00	3088.00	3088.00	3088.00	3088.00	3087.00	3087.00	3087.00	3087.00	3087.00	3086.00	3086.00	3086.00	3086.00	3086.00	3086.00	3086.00	3085.00	3085.00	3085.00	3085.00	3085.00	3085.00	3085.00	3084.00	3084.00	3084.00	3084.00	3084.00	3084.00	3083.00	3083.00	3083.00	3083.00	3083.00	3083.00	3083.00	3083.00	3082.00	3082.00	3082.00	3082.00	3082.00	3082.00	3081.00	3081.00	3081.00	3081.00	3081.00	3081.00	3081.00	3080.00	3080.00	3080.00	3080.00	3080.00	3080.00	3080.00	3079.00	3079.00	3079.00	3079.00	3079.00	3079.00	3078.00	3078.00	3078.00	3078.00	3078.00	3078.00	3077.00	3077.00	3077.00	3077.00	3077.00	3077.00	3077.00	3076.00	3076.00	3076.00	3076.00	3076.00	3075.00	3075.00	3075.00	3075.00	3075.00	3075.00	3074.00	3074.00	3074.00	3074.00	3074.00	3074.00	3073.00	3073.00	3073.00	3073.00	3073.00	3072.00	3072.00	3072.00	3072.00	3072.00	3071.00	3071.00	3071.00	3071.00	3071.00	3071.00	3071.00	3071.00	3071.00	3070.00	3070.00	3070.00	3070.00	3070.00	3070.00	3070.00	3070.00	3070.00	3070.00	3069.00	3069.00	3069.00	3069.00	3069.00	3069.00	3068.00	3068.00	3068.00	3068.00	3068.00	3068.00	3068.00	3068.00	3068.00	3067.00	3067.00	3067.00	3067.00	3067.00	3067.00	3067.00	3067.00	3067.00	3067.00	3067.00	3066.00	3066.00	3066.00	3066.00	3066.00	3066.00	3065.00	3065.00	3065.00	3065.00	3065.00	3065.00	3065.00	3065.00	3064.00	3064.00	3064.00	3064.00	3064.00	3063.00
3101.00	3100.00	3100.00	3100.00	3100.00	3099.00	3099.00	3099.00	3099.00	3099.00	3099.00	3099.00	3098.00	3098.00	3098.00	3098.00	3098.00	3098.00	3098.00	3097.00	3097.00	3097.00	3097.00	3097.00	3097.00	3096.00	3096.00	3096.00	3096.00	3096.00	3096.00	3096.00	3096.00	3096.00	3095.00	3095.00	3095.00	3095.00	3095.00	3095.00	3095.00	3095.00	3094.00	3094.00	3094.00	3094.00	3094.00	3094.00	3093.00	3093.00	3093.00	3093.00	3093.00	3092.00	3092.00	3092.00	3092.00	3092.00	3092.00	3092.00	3091.00	3091.00	3091.00	3091.00	3091.00	3091.00	3091.00	3091.00	3091.00	3090.00	3090.00	3090.00	3090.00	3090.00	3090.00	3090.00	3090.00	3090.00	3089.00	3089.00	3089.00	3089.00	3089.00	3089.00	3088.00	3088.00	3088.00	3088.00	3088.00	3088.00	3088.00	3088.00	3087.00	3087.00	3087.00	3087.00	3087.00	3086.00	3086.00	3086.00	3086.00	3086.00	3086.00	3086.00	3085.00	3085.00	3085.00	3085.00	3085.00	3085.00	3085.00	3084.00	3084.00	3084.00	3084.00	3084.00	3084.00	3083.00	3083.00	3083.00	3083.00	3083.00	3083.00	3083.00	3083.00	3082.00	3082.00	3082.00	3082.00	3082.00	3082.00	3081.00	3081.00	3081.00	3081.00	3081.00	3081.00	3081.00	3080.00	3080.00	3080.00	3080.00	3080.00	3080.00	3080.00	3079.00	3079.00	3079.00	3079.00	3079.00	3079.00	3078.00	3078.00	3078.00	3078.00	3078.00	3078.00	3077.00	3077.00	3077.00	3077.00	3077.00	3077.00	3077.00	3076.00	3076.00	3076.00	3076.00	3076.00	3075.00	3075.00	3075.00	3075.00	3075.00	3075.00	3074.00	3074.00	3074.00	3074.00	3074.00	3074.00	3073.00	3073.00	3073.00	3073.00	3073.00	3072.00	3072.00	3072.00	3072.00	3072.00	3071.00	3071.00	3071.00	3071.00	3071.00	3071.00	3071.00	3071.00	3071.00	3070.00	3070.00	3070.00	3070.00	3070.00	3070.00	3070.00	3070.00	3070.00	3070.00	3069.00	3069.00	3069.00	3069.00	3069.00	3069.00	3068.00	3068.00	3068.00	3068.00	3068.00	3068.00	3068.00	3068.00	3068.00	3067.00	3067.00	3067.00	3067.00	3067.00	3067.00	3067.00	3067.00	3067.00	3067.00	3067.00	3066.00	3066.00	3066.00	3066.00	3066.00	3066.00	3065.00	3065.00	3065.00	3065.00	3065.00	3065.00	3065.00	3065.00	3064.00	3064.00	3064.00	3064.00	3064.00	3063.00
3101.00	3100.00	3100.00	3100.00	3100.00	3099.00	3099.00	3099.00	3099.00	3099.00	3099.00	3099.00	3098.00	3098.00	3098.00	3098.00	3098.00	3098.00	3098.00	3097.00	3097.00	3097.00	3097.00	3097.00	3097.00	3096.00	3096.00	3096.00	3096.00	3096.00	3096.00	3096.00	3096.00	3096.00	3095.00	3095.00	3095.00	3095.00	3095.00	3095.00	3095.00	3095.00	3094.00	3094.00	3094.00	3094.00	3094.00	3094.00	3093.00	3093.00	3093.00	3093.00	3093.00	3092.00	3092.00	3092.00	3092.00	3092.00	3092.00	3092.00	3091.00	3091.00	3091.00	3091.00	3091.00	3091.00	3091.00	3091.00	3091.00	3090.00	3090.00	3090.00	3090.00	3090.00	3090.00	3090.00	3090.00	3090.00	3089.00	3089.00	3089.00	3089.00	3089.00	3089.00	3088.00	3088.00	3088.00	3088.00	3088.00	3088.00	3088.00	3088.00	3087.00	3087.00	3087.00	3087.00	3087.00	3086.00	3086.00	3086.00	3086.00	3086.00	3086.00	3086.00	3085.00	3085.00	3085.00	3085.00	3085.00	3085.00	3085.00	3084.00	3084.00	3084.00	3084.00	3084.00	3084.00	3083.00	3083.00	3083.00	3083.00	3083.00	3083.00	3083.00	3083.00	3082.00	3082.00	3082.00	3082.00	3082.00	3082.00	3081.00	3081.00	3081.00	3081.00	3081.00	3081.00	3081.00	3080.00	3080.00	3080.00	3080.00	3080.00	3080.00	3080.00	3079.00	3079.00	3079.00	3079.00	3079.00	3079.00	3078.00	3078.00	3078.00	3078.00	3078.00	3078.00	3077.00	3077.00	3077.00	3077.00	3077.00	3077.00	3077.00	3076.00	3076.00	3076.00	3076.00	3076.00	3075.00	3075.00	3075.00	3075.00	3075.00	3075.00	3074.00	3074.00	3074.00	3074.00	3074.00	3074.00	3073.00	3073.00	3073.00	3073.00	3073.00	3072.00	3072.00	3072.00	3072.00	3072.00	3071.00	3071.00	3071.00	3071.00	3071.00	3071.00	3071.00	3071.00	3071.00	3070.00	3070.00	3070.00	3070.00	3070.00	3070.00	3070.00	3070.00	3070.00	3070.00	3069.00	3069.00	3069.00	3069.00	3069.00	3069.00	3068.00	3068.00	3068.00	3068.00	3068.00	3068.00	3068.00	3068.00	3068.00	3067.00	3067.00	3067.00	3067.00	3067.00	3067.00	3067.00	3067.00	3067.00	3067.00	3067.00	3066.00	3066.00	3066.00	3066.00	3066.00	3066.00	3065.00	3065.00	3065.00	3065.00	3065.00	3065.00	3065.00	3065.00	3064.00	3064.00	3064.00	3064.00	3064.00	3063.00
3101.00	3100.00	3100.00	3100.00	3100.00	3099.00	3099.00	3099.00	3099.00	3099.00	3099.00	3099.00	3098.00	3098.00	3098.00	3098.00	3098.00	3098.00	3098.00	3097.00	3097.00	3097.00	3097.00	3097.00	3097.00	3096.00	3096.00	3096.00	3096.00	3096.00	3096.00	3096.00	3096.00	3096.00	3095.00	3095.00	3095.00	3095.00	3095.00	3095.00	3095.00	3095.00	3094.00	3094.00	3094.00	3094.00	3094.00	3094.00	3093.00	3093.00	3093.00	3093.00	3093.00	3092.00	3092.00	3092.00	3092.00	3092.00	3092.00	3092.00	3091.00	3091.00	3091.00	3091.00	3091.00	3091.00	3091.00	3091.00	3091.00	3090.00	3090.00	3090.00	3090.00	3090.00	3090.00	3090.00	3090.00	3090.00	3089.00	3089.00	3089.00	3089.00	3089.00	3089.00	3088.00	3088.00	3088.00	3088.00	3088.00	3088.00	3088.00	3088.00	3087.00	3087.00	3087.00	3087.00	3087.00	3086.00	3086.00	3086.00	3086.00	3086.00	3086.00	3086.00	3085.00	3085.00	3085.00	3085.00	3085.00	3085.00	3085.00	3084.00	3084.00	3084.00	3084.00	3084.00	3084.00	3083.00	3083.00	3083.00	3083.00	3083.00	3083.00	3083.00	3083.00	3082.00	3082.00	3082.00	3082.00	3082.00	3082.00	3081.00	3081.00	3081.00	3081.00	3081.00	3081.00	3081.00	3080.00	3080.00	3080.00	3080.00	3080.00	3080.00	3080.00	3079.00	3079.00	3079.00	3079.00	3079.00	3079.00	3078.00	3078.00	3078.00	3078.00	3078.00	3078.00	3077.00	3077.00	3077.00	3077.00	3077.00	3077.00	3077.00	3076.00	3076.00	3076.00	3076.00	3076.00	3075.00	3075.00	3075.00	3075.00	3075.00	3075.00	3074.00	3074.00	3074.00	3074.00	3074.00	3074.00	3073.00	3073.00	3073.00	3073.00	3073.00	3072.00	3072.00	3072.00	3072.00	3072.00	3071.00	3071.00	3071.00	3071.00	3071.00	3071.00	3071.00	3071.00	3071.00	3070.00	3070.00	3070.00	3070.00	3070.00	3070.00	3070.00	3070.00	3070.00	3070.00	3069.00	3069.00	3069.00	3069.00	3069.00	3069.00	3068.00	3068.00	3068.00	3068.00	3068.00	3068.00	3068.00	3068.00	3068.00	3067.00	3067.00	3067.00	3067.00	3067.00	3067.00	3067.00	3067.00	3067.00	3067.00	3067.00	3066.00	3066.00	3066.00	3066.00	3066.00	3066.00	3065.00	3065.00	3065.00	3065.00	3065.00	3065.00	3065.00	3065.00	3064.00	3064.00	3064.00	3064.00	3064.00	3063.00
3101.00	3100.00	3100.00	3100.00	3100.00	3099.00	3099.00	3099.00	3099.00	3099.00	3099.00	3099.00	3098.00	3098.00	3098.00	3098.00	3098.00	3098.00	3098.00	3097.00	3097.00	3097.00	3097.00	3097.00	3097.00	3096.00	3096.00	3096.00	3096.00	3096.00	3096.00	3096.00	3096.00	3096.00	3095.00	3095.00	3095.00	3095.00	3095.00	3095.00	3095.00	3095.00	3094.00	3094.00	3094.00	3094.00	3094.00	3094.00	3093.00	3093.00	3093.00	3093.00	3093.00	3092.00	3092.00	3092.00	3092.00	3092.00	3092.00	3092.00	3091.00	3091.00	3091.00	3091.00	3091.00	3091.00	3091.00	3091.00	3091.00	3090.00	3090.00	3090.00	3090.00	3090.00	3090.00	3090.00	3090.00	3090.00	3089.00	3089.00	3089.00	3089.00	3089.00	3089.00	3088.00	3088.00	3088.00	3088.00	3088.00	3088.00	3088.00	3088.00	3087.00	3087.00	3087.00	3087.00	3087.00	3086.00	3086.00	3086.00	3086.00	3086.00	3086.00	3086.00	3085.00	3085.00	3085.00	3085.00	3085.00	3085.00	3085.00	3084.00	3084.00	3084.00	3084.00	3084.00	3084.00	3083.00	3083.00	3083.00	3083.00	3083.00	3083.00	3083.00	3083.00	3082.00	3082.00	3082.00	3082.00	3082.00	3082.00	3081.00	3081.00	3081.00	3081.00	3081.00	3081.00	3081.00	3080.00	3080.00	3080.00	3080.00	3080.00	3080.00	3080.00	3079.00	3079.00	3079.00	3079.00	3079.00	3079.00	3078.00	3078.00	3078.00	3078.00	3078.00	3078.00	3077.00	3077.00	3077.00	3077.00	3077.00	3077.00	3077.00	3076.00	3076.00	3076.00	3076.00	3076.00	3075.00	3075.00	3075.00	3075.00	3075.00	3075.00	3074.00	3074.00	3074.00	3074.00	3074.00	3074.00	3073.00	3073.00	3073.00	3073.00	3073.00	3072.00	3072.00	3072.00	3072.00	3072.00	3071.00	3071.00	3071.00	3071.00	3071.00	3071.00	3071.00	3071.00	3071.00	3070.00	3070.00	3070.00	3070.00	3070.00	3070.00	3070.00	3070.00	3070.00	3070.00	3069.00	3069.00	3069.00	3069.00	3069.00	3069.00	3068.00	3068.00	3068.00	3068.00	3068.00	3068.00	3068.00	3068.00	3068.00	3067.00	3067.00	3067.00	3067.00	3067.00	3067.00	3067.00	3067.00	3067.00	3067.00	3067.00	3066.00	3066.00	3066.00	3066.00	3066.00	3066.00	3065.00	3065.00	3065.00	3065.00	3065.00	3065.00	3065.00	3065.00	3064.00	3064.00	3064.00	3064.00	3064.00	3063.00
3101.00	3100.00	3100.00	3100.00	3100.00	3099.00	3099.00	3099.00	3099.00	3099.00	3099.00	3099.00	3098.00	3098.00	3098.00	3098.00	3098.00	3098.00	3098.00	3097.00	3097.00	3097.00	3097.00	3097.00	3097.00	3096.00	3096.00	3096.00	3096.00	3096.00	3096.00	3096.00	3096.00	3096.00	3095.00	3095.00	3095.00	3095.00	3095.00	3095.00	3095.00	3095.00	3094.00	3094.00	3094.00	3094.00	3094.00	3094.00	3093.00	3093.00	3093.00	3093.00	3093.00	3092.00	3092.00	3092.00	3092.00	3092.00	3092.00	3092.00	3091.00	3091.00	3091.00	3091.00	3091.00	3091.00	3091.00	3091.00	3091.00	3090.00	3090.00	3090.00	3090.00	3090.00	3090.00	3090.00	3090.00	3090.00	3089.00	3089.00	3089.00	3089.00	3089.00	3089.00	3088.00	3088.00	3088.00	3088.00	3088.00	3088.00	3088.00	3088.00	3087.00	3087.00	3087.00	3087.00	3087.00	3086.00	3086.00	3086.00	3086.00	3086.00	3086.00	3086.00	3085.00	3085.00	3085.00	3085.00	3085.00	3085.00	3085.00	3084.00	3084.00	3084.00	3084.00	3084.00	3084.00	3083.00	3083.00	3083.00	3083.00	3083.00	3083.00	3083.00	3083.00	3082.00	3082.00	3082.00	3082.00	3082.00	3082.00	3081.00	3081.00	3081.00	3081.00	3081.00	3081.00	3081.00	3080.00	3080.00	3080.00	3080.00	3080.00	3080.00	3080.00	3079.00	3079.00	3079.00	3079.00	3079.00	3079.00	3078.00	3078.00	3078.00	3078.00	3078.00	3078.00	3077.00	3077.00	3077.00	3077.00	3077.00	3077.00	3077.00	3076.00	3076.00	3076.00	3076.00	3076.00	3075.00	3075.00	3075.00	3075.00	3075.00	3075.00	3074.00	3074.00	3074.00	3074.00	3074.00	3074.00	3073.00	3073.00	3073.00	3073.00	3073.00	3072.00	3072.00	3072.00	3072.00	3072.00	3071.00	3071.00	3071.00	3071.00	3071.00	3071.00	3071.00	3071.00	3071.00	3070.00	3070.00	3070.00	3070.00	3070.00	3070.00	3070.00	3070.00	3070.00	3070.00	3069.00	3069.00	3069.00	3069.00	3069.00	3069.00	3068.00	3068.00	3068.00	3068.00	3068.00	3068.00	3068.00	3068.00	3068.00	3067.00	3067.00	3067.00	3067.00	3067.00	3067.00	3067.00	3067.00	3067.00	3067.00	3067.00	3066.00	3066.00	3066.00	3066.00	3066.00	3066.00	3065.00	3065.00	3065.00	3065.00	3065.00	3065.00	3065.00	3065.00	3064.00	3064.00	3064.00	3064.00	3064.00	3063.00
3101.00	3100.00	3100.00	3100.00	3100.00	3099.00	3099.00	3099.00	3099.00	3099.00	3099.00	3099.00	3098.00	3098.00	3098.00	3098.00	3098.00	3098.00	3098.00	3097.00	3097.00	3097.00	3097.00	3097.00	3097.00	3096.00	3096.00	3096.00	3096.00	3096.00	3096.00	3096.00	3096.00	3096.00	3095.00	3095.00	3095.00	3095.00	3095.00	3095.00	3095.00	3095.00	3094.00	3094.00	3094.00	3094.00	3094.00	3094.00	3093.00	3093.00	3093.00	3093.00	3093.00	3092.00	3092.00	3092.00	3092.00	3092.00	3092.00	3092.00	3091.00	3091.00	3091.00	3091.00	3091.00	3091.00	3091.00	3091.00	3091.00	3090.00	3090.00	3090.00	3090.00	3090.00	3090.00	3090.00	3090.00	3090.00	3089.00	3089.00	3089.00	3089.00	3089.00	3089.00	3088.00	3088.00	3088.00	3088.00	3088.00	3088.00	3088.00	3088.00	3087.00	3087.00	3087.00	3087.00	3087.00	3086.00	3086.00	3086.00	3086.00	3086.00	3086.00	3086.00	3085.00	3085.00	3085.00	3085.00	3085.00	3085.00	3085.00	3084.00	3084.00	3084.00	3084.00	3084.00	3084.00	3083.00	3083.00	3083.00	3083.00	3083.00	3083.00	3083.00	3083.00	3082.00	3082.00	3082.00	3082.00	3082.00	3082.00	3081.00	3081.00	3081.00	3081.00	3081.00	3081.00	3081.00	3080.00	3080.00	3080.00	3080.00	3080.00	3080.00	3080.00	3079.00	3079.00	3079.00	3079.00	3079.00	3079.00	3078.00	3078.00	3078.00	3078.00	3078.00	3078.00	3077.00	3077.00	3077.00	3077.00	3077.00	3077.00	3077.00	3076.00	3076.00	3076.00	3076.00	3076.00	3075.00	3075.00	3075.00	3075.00	3075.00	3075.00	3074.00	3074.00	3074.00	3074.00	3074.00	3074.00	3073.00	3073.00	3073.00	3073.00	3073.00	3072.00	3072.00	3072.00	3072.00	3072.00	3071.00	3071.00	3071.00	3071.00	3071.00	3071.00	3071.00	3071.00	3071.00	3070.00	3070.00	3070.00	3070.00	3070.00	3070.00	3070.00	3070.00	3070.00	3070.00	3069.00	3069.00	3069.00	3069.00	3069.00	3069.00	3068.00	3068.00	3068.00	3068.00	3068.00	3068.00	3068.00	3068.00	3068.00	3067.00	3067.00	3067.00	3067.00	3067.00	3067.00	3067.00	3067.00	3067.00	3067.00	3067.00	3066.00	3066.00	3066.00	3066.00	3066.00	3066.00	3065.00	3065.00	3065.00	3065.00	3065.00	3065.00	3065.00	3065.00	3064.00	3064.00	3064.00	3064.00	3064.00	3063.00
3101.00	3100.00	3100.00	3100.00	3100.00	3099.00	3099.00	3099.00	3099.00	3099.00	3099.00	3099.00	3098.00	3098.00	3098.00	3098.00	3098.00	3098.00	3098.00	3097.00	3097.00	3097.00	3097.00	3097.00	3097.00	3096.00	3096.00	3096.00	3096.00	3096.00	3096.00	3096.00	3096.00	3096.00	3095.00	3095.00	3095.00	3095.00	3095.00	3095.00	3095.00	3095.00	3094.00	3094.00	3094.00	3094.00	3094.00	3094.00	3093.00	3093.00	3093.00	3093.00	3093.00	3092.00	3092.00	3092.00	3092.00	3092.00	3092.00	3092.00	3091.00	3091.00	3091.00	3091.00	3091.00	3091.00	3091.00	3091.00	3091.00	3090.00	3090.00	3090.00	3090.00	3090.00	3090.00	3090.00	3090.00	3090.00	3089.00	3089.00	3089.00	3089.00	3089.00	3089.00	3088.00	3088.00	3088.00	3088.00	3088.00	3088.00	3088.00	3088.00	3087.00	3087.00	3087.00	3087.00	3087.00	3086.00	3086.00	3086.00	3086.00	3086.00	3086.00	3086.00	3085.00	3085.00	3085.00	3085.00	3085.00	3085.00	3085.00	3084.00	3084.00	3084.00	3084.00	3084.00	3084.00	3083.00	3083.00	3083.00	3083.00	3083.00	3083.00	3083.00	3083.00	3082.00	3082.00	3082.00	3082.00	3082.00	3082.00	3081.00	3081.00	3081.00	3081.00	3081.00	3081.00	3081.00	3080.00	3080.00	3080.00	3080.00	3080.00	3080.00	3080.00	3079.00	3079.00	3079.00	3079.00	3079.00	3079.00	3078.00	3078.00	3078.00	3078.00	3078.00	3078.00	3077.00	3077.00	3077.00	3077.00	3077.00	3077.00	3077.00	3076.00	3076.00	3076.00	3076.00	3076.00	3075.00	3075.00	3075.00	3075.00	3075.00	3075.00	3074.00	3074.00	3074.00	3074.00	3074.00	3074.00	3073.00	3073.00	3073.00	3073.00	3073.00	3072.00	3072.00	3072.00	3072.00	3072.00	3071.00	3071.00	3071.00	3071.00	3071.00	3071.00	3071.00	3071.00	3071.00	3070.00	3070.00	3070.00	3070.00	3070.00	3070.00	3070.00	3070.00	3070.00	3070.00	3069.00	3069.00	3069.00	3069.00	3069.00	3069.00	3068.00	3068.00	3068.00	3068.00	3068.00	3068.00	3068.00	3068.00	3068.00	3067.00	3067.00	3067.00	3067.00	3067.00	3067.00	3067.00	3067.00	3067.00	3067.00	3067.00	3066.00	3066.00	3066.00	3066.00	3066.00	3066.00	3065.00	3065.00	3065.00	3065.00	3065.00	3065.00	3065.00	3065.00	3064.00	3064.00	3064.00	3064.00	3064.00	3063.00
3101.00	3100.00	3100.00	3100.00	3100.00	3099.00	3099.00	3099.00	3099.00	3099.00	3099.00	3099.00	3098.00	3098.00	3098.00	3098.00	3098.00	3098.00	3098.00	3097.00	3097.00	3097.00	3097.00	3097.00	3097.00	3096.00	3096.00	3096.00	3096.00	3096.00	3096.00	3096.00	3096.00	3096.00	3095.00	3095.00	3095.00	3095.00	3095.00	3095.00	3095.00	3095.00	3094.00	3094.00	3094.00	3094.00	3094.00	3094.00	3093.00	3093.00	3093.00	3093.00	3093.00	3092.00	3092.00	3092.00	3092.00	3092.00	3092.00	3092.00	3091.00	3091.00	3091.00	3091.00	3091.00	3091.00	3091.00	3091.00	3091.00	3090.00	3090.00	3090.00	3090.00	3090.00	3090.00	3090.00	3090.00	3090.00	3089.00	3089.00	3089.00	3089.00	3089.00	3089.00	3088.00	3088.00	3088.00	3088.00	3088.00	3088.00	3088.00	3088.00	3087.00	3087.00	3087.00	3087.00	3087.00	3086.00	3086.00	3086.00	3086.00	3086.00	3086.00	3086.00	3085.00	3085.00	3085.00	3085.00	3085.00	3085.00	3085.00	3084.00	3084.00	3084.00	3084.00	3084.00	3084.00	3083.00	3083.00	3083.00	3083.00	3083.00	3083.00	3083.00	3083.00	3082.00	3082.00	3082.00	3082.00	3082.00	3082.00	3081.00	3081.00	3081.00	3081.00	3081.00	3081.00	3081.00	3080.00	3080.00	3080.00	3080.00	3080.00	3080.00	3080.00	3079.00	3079.00	3079.00	3079.00	3079.00	3079.00	3078.00	3078.00	3078.00	3078.00	3078.00	3078.00	3077.00	3077.00	3077.00	3077.00	3077.00	3077.00	3077.00	3076.00	3076.00	3076.00	3076.00	3076.00	3075.00	3075.00	3075.00	3075.00	3075.00	3075.00	3074.00	3074.00	3074.00	3074.00	3074.00	3074.00	3073.00	3073.00	3073.00	3073.00	3073.00	3072.00	3072.00	3072.00	3072.00	3072.00	3071.00	3071.00	3071.00	3071.00	3071.00	3071.00	3071.00	3071.00	3071.00	3070.00	3070.00	3070.00	3070.00	3070.00	3070.00	3070.00	3070.00	3070.00	3070.00	3069.00	3069.00	3069.00	3069.00	3069.00	3069.00	3068.00	3068.00	3068.00	3068.00	3068.00	3068.00	3068.00	3068.00	3068.00	3067.00	3067.00	3067.00	3067.00	3067.00	3067.00	3067.00	3067.00	3067.00	3067.00	3067.00	3066.00	3066.00	3066.00	3066.00	3066.00	3066.00	3065.00	3065.00	3065.00	3065.00	3065.00	3065.00	3065.00	3065.00	3064.00	3064.00	3064.00	3064.00	3064.00	3063.00
3100.00	3099.00	3099.00	3099.00	3099.00	3098.00	3098.00	3098.00	3098.00	3098.00	3098.00	3098.00	3097.00	3097.00	3097.00	3097.00	3097.00	3097.00	3097.00	3097.00	3097.00	3096.00	3096.00	3096.00	3096.00	3096.00	3096.00	3096.00	3096.00	3096.00	3095.00	3095.00	3095.00	3095.00	3095.00	3095.00	3095.00	3094.00	3094.00	3094.00	3094.00	3094.00	3094.00	3093.00	3093.00	3093.00	3093.00	3093.00	3093.00	3093.00	3093.00	3092.00	3092.00	3092.00	3092.00	3092.00	3092.00	3091.00	3091.00	3091.00	3091.00	3091.00	3091.00	3090.00	3090.00	3090.00	3090.00	3090.00	3090.00	3090.00	3089.00	3089.00	3089.00	3089.00	3089.00	3089.00	3088.00	3088.00	3088.00	3088.00	3088.00	3088.00	3088.00	3088.00	3087.00	3087.00	3087.00	3087.00	3087.00	3087.00	3086.00	3086.00	3086.00	3086.00	3086.00	3086.00	3085.00	3085.00	3085.00	3085.00	3085.00	3085.00	3085.00	3085.00	3084.00	3084.00	3084.00	3084.00	3084.00	3084.00	3083.00	3083.00	3083.00	3083.00	3083.00	3083.00	3082.00	3082.00	3082.00	3082.00	3082.00	3082.00	3082.00	3082.00	3081.00	3081.00	3081.00	3081.00	3081.00	3080.00	3080.00	3080.00	3080.00	3080.00	3080.00	3080.00	3079.00	3079.00	3079.00	3079.00	3079.00	3079.00	3079.00	3079.00	3079.00	3078.00	3078.00	3078.00	3078.00	3078.00	3078.00	3078.00	3078.00	3078.00	3077.00	3077.00	3077.00	3077.00	3077.00	3077.00	3076.00	3076.00	3076.00	3076.00	3075.00	3075.00	3075.00	3075.00	3075.00	3075.00	3074.00	3074.00	3074.00	3074.00	3074.00	3074.00	3074.00	3073.00	3073.00	3073.00	3073.00	3073.00	3072.00	3072.00	3072.00	3072.00	3072.00	3072.00	3072.00	3071.00	3071.00	3071.00	3071.00	3071.00	3071.00	3070.00	3070.00	3070.00	3070.00	3070.00	3070.00	3070.00	3069.00	3069.00	3069.00	3069.00	3069.00	3069.00	3069.00	3068.00	3068.00	3068.00	3068.00	3068.00	3067.00	3067.00	3067.00	3067.00	3067.00	3067.00	3067.00	3067.00	3066.00	3066.00	3066.00	3066.00	3066.00	3066.00	3066.00	3066.00	3066.00	3066.00	3065.00	3065.00	3065.00	3065.00	3065.00	3065.00	3065.00	3065.00	3065.00	3065.00	3064.00	3064.00	3064.00	3064.00	3064.00	3064.00	3064.00	3064.00	3064.00	3063.00	3063.00	3063.00	3063.00	3063.00
3100.00	3099.00	3099.00	3099.00	3099.00	3098.00	3098.00	3098.00	3098.00	3098.00	3098.00	3098.00	3097.00	3097.00	3097.00	3097.00	3097.00	3097.00	3097.00	3097.00	3097.00	3096.00	3096.00	3096.00	3096.00	3096.00	3096.00	3096.00	3096.00	3096.00	3095.00	3095.00	3095.00	3095.00	3095.00	3095.00	3095.00	3094.00	3094.00	3094.00	3094.00	3094.00	3094.00	3093.00	3093.00	3093.00	3093.00	3093.00	3093.00	3093.00	3093.00	3092.00	3092.00	3092.00	3092.00	3092.00	3092.00	3091.00	3091.00	3091.00	3091.00	3091.00	3091.00	3090.00	3090.00	3090.00	3090.00	3090.00	3090.00	3090.00	3089.00	3089.00	3089.00	3089.00	3089.00	3089.00	3088.00	3088.00	3088.00	3088.00	3088.00	3088.00	3088.00	3088.00	3087.00	3087.00	3087.00	3087.00	3087.00	3087.00	3086.00	3086.00	3086.00	3086.00	3086.00	3086.00	3085.00	3085.00	3085.00	3085.00	3085.00	3085.00	3085.00	3085.00	3084.00	3084.00	3084.00	3084.00	3084.00	3084.00	3083.00	3083.00	3083.00	3083.00	3083.00	3083.00	3082.00	3082.00	3082.00	3082.00	3082.00	3082.00	3082.00	3082.00	3081.00	3081.00	3081.00	3081.00	3081.00	3080.00	3080.00	3080.00	3080.00	3080.00	3080.00	3080.00	3079.00	3079.00	3079.00	3079.00	3079.00	3079.00	3079.00	3079.00	3079.00	3078.00	3078.00	3078.00	3078.00	3078.00	3078.00	3078.00	3078.00	3078.00	3077.00	3077.00	3077.00	3077.00	3077.00	3077.00	3076.00	3076.00	3076.00	3076.00	3075.00	3075.00	3075.00	3075.00	3075.00	3075.00	3074.00	3074.00	3074.00	3074.00	3074.00	3074.00	3074.00	3073.00	3073.00	3073.00	3073.00	3073.00	3072.00	3072.00	3072.00	3072.00	3072.00	3072.00	3072.00	3071.00	3071.00	3071.00	3071.00	3071.00	3071.00	3070.00	3070.00	3070.00	3070.00	3070.00	3070.00	3070.00	3069.00	3069.00	3069.00	3069.00	3069.00	3069.00	3069.00	3068.00	3068.00	3068.00	3068.00	3068.00	3067.00	3067.00	3067.00	3067.00	3067.00	3067.00	3067.00	3067.00	3066.00	3066.00	3066.00	3066.00	3066.00	3066.00	3066.00	3066.00	3066.00	3066.00	3065.00	3065.00	3065.00	3065.00	3065.00	3065.00	3065.00	3065.00	3065.00	3065.00	3064.00	3064.00	3064.00	3064.00	3064.00	3064.00	3064.00	3064.00	3064.00	3063.00	3063.00	3063.00	3063.00	3063.00
3100.00	3099.00	3099.00	3099.00	3099.00	3098.00	3098.00	3098.00	3098.00	3098.00	3098.00	3098.00	3097.00	3097.00	3097.00	3097.00	3097.00	3097.00	3097.00	3097.00	3097.00	3096.00	3096.00	3096.00	3096.00	3096.00	3096.00	3096.00	3096.00	3096.00	3095.00	3095.00	3095.00	3095.00	3095.00	3095.00	3095.00	3094.00	3094.00	3094.00	3094.00	3094.00	3094.00	3093.00	3093.00	3093.00	3093.00	3093.00	3093.00	3093.00	3093.00	3092.00	3092.00	3092.00	3092.00	3092.00	3092.00	3091.00	3091.00	3091.00	3091.00	3091.00	3091.00	3090.00	3090.00	3090.00	3090.00	3090.00	3090.00	3090.00	3089.00	3089.00	3089.00	3089.00	3089.00	3089.00	3088.00	3088.00	3088.00	3088.00	3088.00	3088.00	3088.00	3088.00	3087.00	3087.00	3087.00	3087.00	3087.00	3087.00	3086.00	3086.00	3086.00	3086.00	3086.00	3086.00	3085.00	3085.00	3085.00	3085.00	3085.00	3085.00	3085.00	3085.00	3084.00	3084.00	3084.00	3084.00	3084.00	3084.00	3083.00	3083.00	3083.00	3083.00	3083.00	3083.00	3082.00	3082.00	3082.00	3082.00	3082.00	3082.00	3082.00	3082.00	3081.00	3081.00	3081.00	3081.00	3081.00	3080.00	3080.00	3080.00	3080.00	3080.00	3080.00	3080.00	3079.00	3079.00	3079.00	3079.00	3079.00	3079.00	3079.00	3079.00	3079.00	3078.00	3078.00	3078.00	3078.00	3078.00	3078.00	3078.00	3078.00	3078.00	3077.00	3077.00	3077.00	3077.00	3077.00	3077.00	3076.00	3076.00	3076.00	3076.00	3075.00	3075.00	3075.00	3075.00	3075.00	3075.00	3074.00	3074.00	3074.00	3074.00	3074.00	3074.00	3074.00	3073.00	3073.00	3073.00	3073.00	3073.00	3072.00	3072.00	3072.00	3072.00	3072.00	3072.00	3072.00	3071.00	3071.00	3071.00	3071.00	3071.00	3071.00	3070.00	3070.00	3070.00	3070.00	3070.00	3070.00	3070.00	3069.00	3069.00	3069.00	3069.00	3069.00	3069.00	3069.00	3068.00	3068.00	3068.00	3068.00	3068.00	3067.00	3067.00	3067.00	3067.00	3067.00	3067.00	3067.00	3067.00	3066.00	3066.00	3066.00	3066.00	3066.00	3066.00	3066.00	3066.00	3066.00	3066.00	3065.00	3065.00	3065.00	3065.00	3065.00	3065.00	3065.00	3065.00	3065.00	3065.00	3064.00	3064.00	3064.00	3064.00	3064.00	3064.00	3064.00	3064.00	3064.00	3063.00	3063.00	3063.00	3063.00	3063.00
3100.00	3099.00	3099.00	3099.00	3099.00	3098.00	3098.00	3098.00	3098.00	3098.00	3098.00	3098.00	3097.00	3097.00	3097.00	3097.00	3097.00	3097.00	3097.00	3097.00	3097.00	3096.00	3096.00	3096.00	3096.00	3096.00	3096.00	3096.00	3096.00	3096.00	3095.00	3095.00	3095.00	3095.00	3095.00	3095.00	3095.00	3094.00	3094.00	3094.00	3094.00	3094.00	3094.00	3093.00	3093.00	3093.00	3093.00	3093.00	3093.00	3093.00	3093.00	3092.00	3092.00	3092.00	3092.00	3092.00	3092.00	3091.00	3091.00	3091.00	3091.00	3091.00	3091.00	3090.00	3090.00	3090.00	3090.00	3090.00	3090.00	3090.00	3089.00	3089.00	3089.00	3089.00	3089.00	3089.00	3088.00	3088.00	3088.00	3088.00	3088.00	3088.00	3088.00	3088.00	3087.00	3087.00	3087.00	3087.00	3087.00	3087.00	3086.00	3086.00	3086.00	3086.00	3086.00	3086.00	3085.00	3085.00	3085.00	3085.00	3085.00	3085.00	3085.00	3085.00	3084.00	3084.00	3084.00	3084.00	3084.00	3084.00	3083.00	3083.00	3083.00	3083.00	3083.00	3083.00	3082.00	3082.00	3082.00	3082.00	3082.00	3082.00	3082.00	3082.00	3081.00	3081.00	3081.00	3081.00	3081.00	3080.00	3080.00	3080.00	3080.00	3080.00	3080.00	3080.00	3079.00	3079.00	3079.00	3079.00	3079.00	3079.00	3079.00	3079.00	3079.00	3078.00	3078.00	3078.00	3078.00	3078.00	3078.00	3078.00	3078.00	3078.00	3077.00	3077.00	3077.00	3077.00	3077.00	3077.00	3076.00	3076.00	3076.00	3076.00	3075.00	3075.00	3075.00	3075.00	3075.00	3075.00	3074.00	3074.00	3074.00	3074.00	3074.00	3074.00	3074.00	3073.00	3073.00	3073.00	3073.00	3073.00	3072.00	3072.00	3072.00	3072.00	3072.00	3072.00	3072.00	3071.00	3071.00	3071.00	3071.00	3071.00	3071.00	3070.00	3070.00	3070.00	3070.00	3070.00	3070.00	3070.00	3069.00	3069.00	3069.00	3069.00	3069.00	3069.00	3069.00	3068.00	3068.00	3068.00	3068.00	3068.00	3067.00	3067.00	3067.00	3067.00	3067.00	3067.00	3067.00	3067.00	3066.00	3066.00	3066.00	3066.00	3066.00	3066.00	3066.00	3066.00	3066.00	3066.00	3065.00	3065.00	3065.00	3065.00	3065.00	3065.00	3065.00	3065.00	3065.00	3065.00	3064.00	3064.00	3064.00	3064.00	3064.00	3064.00	3064.00	3064.00	3064.00	3063.00	3063.00	3063.00	3063.00	3063.00
3100.00	3099.00	3099.00	3099.00	3099.00	3098.00	3098.00	3098.00	3098.00	3098.00	3098.00	3098.00	3097.00	3097.00	3097.00	3097.00	3097.00	3097.00	3097.00	3097.00	3097.00	3096.00	3096.00	3096.00	3096.00	3096.00	3096.00	3096.00	3096.00	3096.00	3095.00	3095.00	3095.00	3095.00	3095.00	3095.00	3095.00	3094.00	3094.00	3094.00	3094.00	3094.00	3094.00	3093.00	3093.00	3093.00	3093.00	3093.00	3093.00	3093.00	3093.00	3092.00	3092.00	3092.00	3092.00	3092.00	3092.00	3091.00	3091.00	3091.00	3091.00	3091.00	3091.00	3090.00	3090.00	3090.00	3090.00	3090.00	3090.00	3090.00	3089.00	3089.00	3089.00	3089.00	3089.00	3089.00	3088.00	3088.00	3088.00	3088.00	3088.00	3088.00	3088.00	3088.00	3087.00	3087.00	3087.00	3087.00	3087.00	3087.00	3086.00	3086.00	3086.00	3086.00	3086.00	3086.00	3085.00	3085.00	3085.00	3085.00	3085.00	3085.00	3085.00	3085.00	3084.00	3084.00	3084.00	3084.00	3084.00	3084.00	3083.00	3083.00	3083.00	3083.00	3083.00	3083.00	3082.00	3082.00	3082.00	3082.00	3082.00	3082.00	3082.00	3082.00	3081.00	3081.00	3081.00	3081.00	3081.00	3080.00	3080.00	3080.00	3080.00	3080.00	3080.00	3080.00	3079.00	3079.00	3079.00	3079.00	3079.00	3079.00	3079.00	3079.00	3079.00	3078.00	3078.00	3078.00	3078.00	3078.00	3078.00	3078.00	3078.00	3078.00	3077.00	3077.00	3077.00	3077.00	3077.00	3077.00	3076.00	3076.00	3076.00	3076.00	3075.00	3075.00	3075.00	3075.00	3075.00	3075.00	3074.00	3074.00	3074.00	3074.00	3074.00	3074.00	3074.00	3073.00	3073.00	3073.00	3073.00	3073.00	3072.00	3072.00	3072.00	3072.00	3072.00	3072.00	3072.00	3071.00	3071.00	3071.00	3071.00	3071.00	3071.00	3070.00	3070.00	3070.00	3070.00	3070.00	3070.00	3070.00	3069.00	3069.00	3069.00	3069.00	3069.00	3069.00	3069.00	3068.00	3068.00	3068.00	3068.00	3068.00	3067.00	3067.00	3067.00	3067.00	3067.00	3067.00	3067.00	3067.00	3066.00	3066.00	3066.00	3066.00	3066.00	3066.00	3066.00	3066.00	3066.00	3066.00	3065.00	3065.00	3065.00	3065.00	3065.00	3065.00	3065.00	3065.00	3065.00	3065.00	3064.00	3064.00	3064.00	3064.00	3064.00	3064.00	3064.00	3064.00	3064.00	3063.00	3063.00	3063.00	3063.00	3063.00
3100.00	3099.00	3099.00	3099.00	3099.00	3098.00	3098.00	3098.00	3098.00	3098.00	3098.00	3098.00	3097.00	3097.00	3097.00	3097.00	3097.00	3097.00	3097.00	3097.00	3097.00	3096.00	3096.00	3096.00	3096.00	3096.00	3096.00	3096.00	3096.00	3096.00	3095.00	3095.00	3095.00	3095.00	3095.00	3095.00	3095.00	3094.00	3094.00	3094.00	3094.00	3094.00	3094.00	3093.00	3093.00	3093.00	3093.00	3093.00	3093.00	3093.00	3093.00	3092.00	3092.00	3092.00	3092.00	3092.00	3092.00	3091.00	3091.00	3091.00	3091.00	3091.00	3091.00	3090.00	3090.00	3090.00	3090.00	3090.00	3090.00	3090.00	3089.00	3089.00	3089.00	3089.00	3089.00	3089.00	3088.00	3088.00	3088.00	3088.00	3088.00	3088.00	3088.00	3088.00	3087.00	3087.00	3087.00	3087.00	3087.00	3087.00	3086.00	3086.00	3086.00	3086.00	3086.00	3086.00	3085.00	3085.00	3085.00	3085.00	3085.00	3085.00	3085.00	3085.00	3084.00	3084.00	3084.00	3084.00	3084.00	3084.00	3083.00	3083.00	3083.00	3083.00	3083.00	3083.00	3082.00	3082.00	3082.00	3082.00	3082.00	3082.00	3082.00	3082.00	3081.00	3081.00	3081.00	3081.00	3081.00	3080.00	3080.00	3080.00	3080.00	3080.00	3080.00	3080.00	3079.00	3079.00	3079.00	3079.00	3079.00	3079.00	3079.00	3079.00	3079.00	3078.00	3078.00	3078.00	3078.00	3078.00	3078.00	3078.00	3078.00	3078.00	3077.00	3077.00	3077.00	3077.00	3077.00	3077.00	3076.00	3076.00	3076.00	3076.00	3075.00	3075.00	3075.00	3075.00	3075.00	3075.00	3074.00	3074.00	3074.00	3074.00	3074.00	3074.00	3074.00	3073.00	3073.00	3073.00	3073.00	3073.00	3072.00	3072.00	3072.00	3072.00	3072.00	3072.00	3072.00	3071.00	3071.00	3071.00	3071.00	3071.00	3071.00	3070.00	3070.00	3070.00	3070.00	3070.00	3070.00	3070.00	3069.00	3069.00	3069.00	3069.00	3069.00	3069.00	3069.00	3068.00	3068.00	3068.00	3068.00	3068.00	3067.00	3067.00	3067.00	3067.00	3067.00	3067.00	3067.00	3067.00	3066.00	3066.00	3066.00	3066.00	3066.00	3066.00	3066.00	3066.00	3066.00	3066.00	3065.00	3065.00	3065.00	3065.00	3065.00	3065.00	3065.00	3065.00	3065.00	3065.00	3064.00	3064.00	3064.00	3064.00	3064.00	3064.00	3064.00	3064.00	3064.00	3063.00	3063.00	3063.00	3063.00	3063.00
3100.00	3099.00	3099.00	3099.00	3099.00	3098.00	3098.00	3098.00	3098.00	3098.00	3098.00	3098.00	3097.00	3097.00	3097.00	3097.00	3097.00	3097.00	3097.00	3097.00	3097.00	3096.00	3096.00	3096.00	3096.00	3096.00	3096.00	3096.00	3096.00	3096.00	3095.00	3095.00	3095.00	3095.00	3095.00	3095.00	3095.00	3094.00	3094.00	3094.00	3094.00	3094.00	3094.00	3093.00	3093.00	3093.00	3093.00	3093.00	3093.00	3093.00	3093.00	3092.00	3092.00	3092.00	3092.00	3092.00	3092.00	3091.00	3091.00	3091.00	3091.00	3091.00	3091.00	3090.00	3090.00	3090.00	3090.00	3090.00	3090.00	3090.00	3089.00	3089.00	3089.00	3089.00	3089.00	3089.00	3088.00	3088.00	3088.00	3088.00	3088.00	3088.00	3088.00	3088.00	3087.00	3087.00	3087.00	3087.00	3087.00	3087.00	3086.00	3086.00	3086.00	3086.00	3086.00	3086.00	3085.00	3085.00	3085.00	3085.00	3085.00	3085.00	3085.00	3085.00	3084.00	3084.00	3084.00	3084.00	3084.00	3084.00	3083.00	3083.00	3083.00	3083.00	3083.00	3083.00	3082.00	3082.00	3082.00	3082.00	3082.00	3082.00	3082.00	3082.00	3081.00	3081.00	3081.00	3081.00	3081.00	3080.00	3080.00	3080.00	3080.00	3080.00	3080.00	3080.00	3079.00	3079.00	3079.00	3079.00	3079.00	3079.00	3079.00	3079.00	3079.00	3078.00	3078.00	3078.00	3078.00	3078.00	3078.00	3078.00	3078.00	3078.00	3077.00	3077.00	3077.00	3077.00	3077.00	3077.00	3076.00	3076.00	3076.00	3076.00	3075.00	3075.00	3075.00	3075.00	3075.00	3075.00	3074.00	3074.00	3074.00	3074.00	3074.00	3074.00	3074.00	3073.00	3073.00	3073.00	3073.00	3073.00	3072.00	3072.00	3072.00	3072.00	3072.00	3072.00	3072.00	3071.00	3071.00	3071.00	3071.00	3071.00	3071.00	3070.00	3070.00	3070.00	3070.00	3070.00	3070.00	3070.00	3069.00	3069.00	3069.00	3069.00	3069.00	3069.00	3069.00	3068.00	3068.00	3068.00	3068.00	3068.00	3067.00	3067.00	3067.00	3067.00	3067.00	3067.00	3067.00	3067.00	3066.00	3066.00	3066.00	3066.00	3066.00	3066.00	3066.00	3066.00	3066.00	3066.00	3065.00	3065.00	3065.00	3065.00	3065.00	3065.00	3065.00	3065.00	3065.00	3065.00	3064.00	3064.00	3064.00	3064.00	3064.00	3064.00	3064.00	3064.00	3064.00	3063.00	3063.00	3063.00	3063.00	3063.00
3100.00	3099.00	3099.00	3099.00	3099.00	3098.00	3098.00	3098.00	3098.00	3098.00	3098.00	3098.00	3097.00	3097.00	3097.00	3097.00	3097.00	3097.00	3097.00	3097.00	3097.00	3096.00	3096.00	3096.00	3096.00	3096.00	3096.00	3096.00	3096.00	3096.00	3095.00	3095.00	3095.00	3095.00	3095.00	3095.00	3095.00	3094.00	3094.00	3094.00	3094.00	3094.00	3094.00	3093.00	3093.00	3093.00	3093.00	3093.00	3093.00	3093.00	3093.00	3092.00	3092.00	3092.00	3092.00	3092.00	3092.00	3091.00	3091.00	3091.00	3091.00	3091.00	3091.00	3090.00	3090.00	3090.00	3090.00	3090.00	3090.00	3090.00	3089.00	3089.00	3089.00	3089.00	3089.00	3089.00	3088.00	3088.00	3088.00	3088.00	3088.00	3088.00	3088.00	3088.00	3087.00	3087.00	3087.00	3087.00	3087.00	3087.00	3086.00	3086.00	3086.00	3086.00	3086.00	3086.00	3085.00	3085.00	3085.00	3085.00	3085.00	3085.00	3085.00	3085.00	3084.00	3084.00	3084.00	3084.00	3084.00	3084.00	3083.00	3083.00	3083.00	3083.00	3083.00	3083.00	3082.00	3082.00	3082.00	3082.00	3082.00	3082.00	3082.00	3082.00	3081.00	3081.00	3081.00	3081.00	3081.00	3080.00	3080.00	3080.00	3080.00	3080.00	3080.00	3080.00	3079.00	3079.00	3079.00	3079.00	3079.00	3079.00	3079.00	3079.00	3079.00	3078.00	3078.00	3078.00	3078.00	3078.00	3078.00	3078.00	3078.00	3078.00	3077.00	3077.00	3077.00	3077.00	3077.00	3077.00	3076.00	3076.00	3076.00	3076.00	3075.00	3075.00	3075.00	3075.00	3075.00	3075.00	3074.00	3074.00	3074.00	3074.00	3074.00	3074.00	3074.00	3073.00	3073.00	3073.00	3073.00	3073.00	3072.00	3072.00	3072.00	3072.00	3072.00	3072.00	3072.00	3071.00	3071.00	3071.00	3071.00	3071.00	3071.00	3070.00	3070.00	3070.00	3070.00	3070.00	3070.00	3070.00	3069.00	3069.00	3069.00	3069.00	3069.00	3069.00	3069.00	3068.00	3068.00	3068.00	3068.00	3068.00	3067.00	3067.00	3067.00	3067.00	3067.00	3067.00	3067.00	3067.00	3066.00	3066.00	3066.00	3066.00	3066.00	3066.00	3066.00	3066.00	3066.00	3066.00	3065.00	3065.00	3065.00	3065.00	3065.00	3065.00	3065.00	3065.00	3065.00	3065.00	3064.00	3064.00	3064.00	3064.00	3064.00	3064.00	3064.00	3064.00	3064.00	3063.00	3063.00	3063.00	3063.00	3063.00
3100.00	3099.00	3099.00	3099.00	3099.00	3098.00	3098.00	3098.00	3098.00	3098.00	3098.00	3098.00	3097.00	3097.00	3097.00	3097.00	3097.00	3097.00	3097.00	3097.00	3097.00	3096.00	3096.00	3096.00	3096.00	3096.00	3096.00	3096.00	3096.00	3096.00	3095.00	3095.00	3095.00	3095.00	3095.00	3095.00	3095.00	3094.00	3094.00	3094.00	3094.00	3094.00	3094.00	3093.00	3093.00	3093.00	3093.00	3093.00	3093.00	3093.00	3093.00	3092.00	3092.00	3092.00	3092.00	3092.00	3092.00	3091.00	3091.00	3091.00	3091.00	3091.00	3091.00	3090.00	3090.00	3090.00	3090.00	3090.00	3090.00	3090.00	3089.00	3089.00	3089.00	3089.00	3089.00	3089.00	3088.00	3088.00	3088.00	3088.00	3088.00	3088.00	3088.00	3088.00	3087.00	3087.00	3087.00	3087.00	3087.00	3087.00	3086.00	3086.00	3086.00	3086.00	3086.00	3086.00	3085.00	3085.00	3085.00	3085.00	3085.00	3085.00	3085.00	3085.00	3084.00	3084.00	3084.00	3084.00	3084.00	3084.00	3083.00	3083.00	3083.00	3083.00	3083.00	3083.00	3082.00	3082.00	3082.00	3082.00	3082.00	3082.00	3082.00	3082.00	3081.00	3081.00	3081.00	3081.00	3081.00	3080.00	3080.00	3080.00	3080.00	3080.00	3080.00	3080.00	3079.00	3079.00	3079.00	3079.00	3079.00	3079.00	3079.00	3079.00	3079.00	3078.00	3078.00	3078.00	3078.00	3078.00	3078.00	3078.00	3078.00	3078.00	3077.00	3077.00	3077.00	3077.00	3077.00	3077.00	3076.00	3076.00	3076.00	3076.00	3075.00	3075.00	3075.00	3075.00	3075.00	3075.00	3074.00	3074.00	3074.00	3074.00	3074.00	3074.00	3074.00	3073.00	3073.00	3073.00	3073.00	3073.00	3072.00	3072.00	3072.00	3072.00	3072.00	3072.00	3072.00	3071.00	3071.00	3071.00	3071.00	3071.00	3071.00	3070.00	3070.00	3070.00	3070.00	3070.00	3070.00	3070.00	3069.00	3069.00	3069.00	3069.00	3069.00	3069.00	3069.00	3068.00	3068.00	3068.00	3068.00	3068.00	3067.00	3067.00	3067.00	3067.00	3067.00	3067.00	3067.00	3067.00	3066.00	3066.00	3066.00	3066.00	3066.00	3066.00	3066.00	3066.00	3066.00	3066.00	3065.00	3065.00	3065.00	3065.00	3065.00	3065.00	3065.00	3065.00	3065.00	3065.00	3064.00	3064.00	3064.00	3064.00	3064.00	3064.00	3064.00	3064.00	3064.00	3063.00	3063.00	3063.00	3063.00	3063.00
3100.00	3099.00	3099.00	3099.00	3099.00	3098.00	3098.00	3098.00	3098.00	3098.00	3098.00	3098.00	3097.00	3097.00	3097.00	3097.00	3097.00	3097.00	3097.00	3097.00	3097.00	3096.00	3096.00	3096.00	3096.00	3096.00	3096.00	3096.00	3096.00	3096.00	3095.00	3095.00	3095.00	3095.00	3095.00	3095.00	3095.00	3094.00	3094.00	3094.00	3094.00	3094.00	3094.00	3093.00	3093.00	3093.00	3093.00	3093.00	3093.00	3093.00	3093.00	3092.00	3092.00	3092.00	3092.00	3092.00	3092.00	3091.00	3091.00	3091.00	3091.00	3091.00	3091.00	3090.00	3090.00	3090.00	3090.00	3090.00	3090.00	3090.00	3089.00	3089.00	3089.00	3089.00	3089.00	3089.00	3088.00	3088.00	3088.00	3088.00	3088.00	3088.00	3088.00	3088.00	3087.00	3087.00	3087.00	3087.00	3087.00	3087.00	3086.00	3086.00	3086.00	3086.00	3086.00	3086.00	3085.00	3085.00	3085.00	3085.00	3085.00	3085.00	3085.00	3085.00	3084.00	3084.00	3084.00	3084.00	3084.00	3084.00	3083.00	3083.00	3083.00	3083.00	3083.00	3083.00	3082.00	3082.00	3082.00	3082.00	3082.00	3082.00	3082.00	3082.00	3081.00	3081.00	3081.00	3081.00	3081.00	3080.00	3080.00	3080.00	3080.00	3080.00	3080.00	3080.00	3079.00	3079.00	3079.00	3079.00	3079.00	3079.00	3079.00	3079.00	3079.00	3078.00	3078.00	3078.00	3078.00	3078.00	3078.00	3078.00	3078.00	3078.00	3077.00	3077.00	3077.00	3077.00	3077.00	3077.00	3076.00	3076.00	3076.00	3076.00	3075.00	3075.00	3075.00	3075.00	3075.00	3075.00	3074.00	3074.00	3074.00	3074.00	3074.00	3074.00	3074.00	3073.00	3073.00	3073.00	3073.00	3073.00	3072.00	3072.00	3072.00	3072.00	3072.00	3072.00	3072.00	3071.00	3071.00	3071.00	3071.00	3071.00	3071.00	3070.00	3070.00	3070.00	3070.00	3070.00	3070.00	3070.00	3069.00	3069.00	3069.00	3069.00	3069.00	3069.00	3069.00	3068.00	3068.00	3068.00	3068.00	3068.00	3067.00	3067.00	3067.00	3067.00	3067.00	3067.00	3067.00	3067.00	3066.00	3066.00	3066.00	3066.00	3066.00	3066.00	3066.00	3066.00	3066.00	3066.00	3065.00	3065.00	3065.00	3065.00	3065.00	3065.00	3065.00	3065.00	3065.00	3065.00	3064.00	3064.00	3064.00	3064.00	3064.00	3064.00	3064.00	3064.00	3064.00	3063.00	3063.00	3063.00	3063.00	3063.00
3100.00	3099.00	3099.00	3099.00	3099.00	3098.00	3098.00	3098.00	3098.00	3098.00	3098.00	3098.00	3097.00	3097.00	3097.00	3097.00	3097.00	3097.00	3097.00	3097.00	3097.00	3096.00	3096.00	3096.00	3096.00	3096.00	3096.00	3096.00	3096.00	3096.00	3095.00	3095.00	3095.00	3095.00	3095.00	3095.00	3095.00	3094.00	3094.00	3094.00	3094.00	3094.00	3094.00	3093.00	3093.00	3093.00	3093.00	3093.00	3093.00	3093.00	3093.00	3092.00	3092.00	3092.00	3092.00	3092.00	3092.00	3091.00	3091.00	3091.00	3091.00	3091.00	3091.00	3090.00	3090.00	3090.00	3090.00	3090.00	3090.00	3090.00	3089.00	3089.00	3089.00	3089.00	3089.00	3089.00	3088.00	3088.00	3088.00	3088.00	3088.00	3088.00	3088.00	3088.00	3087.00	3087.00	3087.00	3087.00	3087.00	3087.00	3086.00	3086.00	3086.00	3086.00	3086.00	3086.00	3085.00	3085.00	3085.00	3085.00	3085.00	3085.00	3085.00	3085.00	3084.00	3084.00	3084.00	3084.00	3084.00	3084.00	3083.00	3083.00	3083.00	3083.00	3083.00	3083.00	3082.00	3082.00	3082.00	3082.00	3082.00	3082.00	3082.00	3082.00	3081.00	3081.00	3081.00	3081.00	3081.00	3080.00	3080.00	3080.00	3080.00	3080.00	3080.00	3080.00	3079.00	3079.00	3079.00	3079.00	3079.00	3079.00	3079.00	3079.00	3079.00	3078.00	3078.00	3078.00	3078.00	3078.00	3078.00	3078.00	3078.00	3078.00	3077.00	3077.00	3077.00	3077.00	3077.00	3077.00	3076.00	3076.00	3076.00	3076.00	3075.00	3075.00	3075.00	3075.00	3075.00	3075.00	3074.00	3074.00	3074.00	3074.00	3074.00	3074.00	3074.00	3073.00	3073.00	3073.00	3073.00	3073.00	3072.00	3072.00	3072.00	3072.00	3072.00	3072.00	3072.00	3071.00	3071.00	3071.00	3071.00	3071.00	3071.00	3070.00	3070.00	3070.00	3070.00	3070.00	3070.00	3070.00	3069.00	3069.00	3069.00	3069.00	3069.00	3069.00	3069.00	3068.00	3068.00	3068.00	3068.00	3068.00	3067.00	3067.00	3067.00	3067.00	3067.00	3067.00	3067.00	3067.00	3066.00	3066.00	3066.00	3066.00	3066.00	3066.00	3066.00	3066.00	3066.00	3066.00	3065.00	3065.00	3065.00	3065.00	3065.00	3065.00	3065.00	3065.00	3065.00	3065.00	3064.00	3064.00	3064.00	3064.00	3064.00	3064.00	3064.00	3064.00	3064.00	3063.00	3063.00	3063.00	3063.00	3063.00
3100.00	3099.00	3099.00	3099.00	3099.00	3098.00	3098.00	3098.00	3098.00	3098.00	3098.00	3098.00	3097.00	3097.00	3097.00	3097.00	3097.00	3097.00	3097.00	3097.00	3097.00	3096.00	3096.00	3096.00	3096.00	3096.00	3096.00	3096.00	3096.00	3096.00	3095.00	3095.00	3095.00	3095.00	3095.00	3095.00	3095.00	3094.00	3094.00	3094.00	3094.00	3094.00	3094.00	3093.00	3093.00	3093.00	3093.00	3093.00	3093.00	3093.00	3093.00	3092.00	3092.00	3092.00	3092.00	3092.00	3092.00	3091.00	3091.00	3091.00	3091.00	3091.00	3091.00	3090.00	3090.00	3090.00	3090.00	3090.00	3090.00	3090.00	3089.00	3089.00	3089.00	3089.00	3089.00	3089.00	3088.00	3088.00	3088.00	3088.00	3088.00	3088.00	3088.00	3088.00	3087.00	3087.00	3087.00	3087.00	3087.00	3087.00	3086.00	3086.00	3086.00	3086.00	3086.00	3086.00	3085.00	3085.00	3085.00	3085.00	3085.00	3085.00	3085.00	3085.00	3084.00	3084.00	3084.00	3084.00	3084.00	3084.00	3083.00	3083.00	3083.00	3083.00	3083.00	3083.00	3082.00	3082.00	3082.00	3082.00	3082.00	3082.00	3082.00	3082.00	3081.00	3081.00	3081.00	3081.00	3081.00	3080.00	3080.00	3080.00	3080.00	3080.00	3080.00	3080.00	3079.00	3079.00	3079.00	3079.00	3079.00	3079.00	3079.00	3079.00	3079.00	3078.00	3078.00	3078.00	3078.00	3078.00	3078.00	3078.00	3078.00	3078.00	3077.00	3077.00	3077.00	3077.00	3077.00	3077.00	3076.00	3076.00	3076.00	3076.00	3075.00	3075.00	3075.00	3075.00	3075.00	3075.00	3074.00	3074.00	3074.00	3074.00	3074.00	3074.00	3074.00	3073.00	3073.00	3073.00	3073.00	3073.00	3072.00	3072.00	3072.00	3072.00	3072.00	3072.00	3072.00	3071.00	3071.00	3071.00	3071.00	3071.00	3071.00	3070.00	3070.00	3070.00	3070.00	3070.00	3070.00	3070.00	3069.00	3069.00	3069.00	3069.00	3069.00	3069.00	3069.00	3068.00	3068.00	3068.00	3068.00	3068.00	3067.00	3067.00	3067.00	3067.00	3067.00	3067.00	3067.00	3067.00	3066.00	3066.00	3066.00	3066.00	3066.00	3066.00	3066.00	3066.00	3066.00	3066.00	3065.00	3065.00	3065.00	3065.00	3065.00	3065.00	3065.00	3065.00	3065.00	3065.00	3064.00	3064.00	3064.00	3064.00	3064.00	3064.00	3064.00	3064.00	3064.00	3063.00	3063.00	3063.00	3063.00	3063.00
3098.00	3098.00	3098.00	3097.00	3097.00	3097.00	3097.00	3097.00	3097.00	3097.00	3096.00	3096.00	3096.00	3096.00	3096.00	3096.00	3095.00	3095.00	3095.00	3095.00	3095.00	3095.00	3095.00	3094.00	3094.00	3094.00	3094.00	3094.00	3094.00	3094.00	3094.00	3094.00	3094.00	3093.00	3093.00	3093.00	3093.00	3093.00	3093.00	3093.00	3093.00	3093.00	3093.00	3092.00	3092.00	3092.00	3092.00	3092.00	3092.00	3092.00	3092.00	3092.00	3091.00	3091.00	3091.00	3091.00	3091.00	3091.00	3090.00	3090.00	3090.00	3090.00	3090.00	3090.00	3089.00	3089.00	3089.00	3089.00	3089.00	3089.00	3088.00	3088.00	3088.00	3088.00	3088.00	3088.00	3088.00	3088.00	3088.00	3087.00	3087.00	3087.00	3087.00	3087.00	3087.00	3086.00	3086.00	3086.00	3086.00	3086.00	3085.00	3085.00	3085.00	3085.00	3085.00	3085.00	3085.00	3084.00	3084.00	3084.00	3084.00	3084.00	3084.00	3084.00	3084.00	3084.00	3083.00	3083.00	3083.00	3083.00	3083.00	3083.00	3083.00	3082.00	3082.00	3082.00	3082.00	3081.00	3081.00	3081.00	3081.00	3081.00	3080.00	3080.00	3080.00	3080.00	3080.00	3080.00	3079.00	3079.00	3079.00	3079.00	3079.00	3079.00	3079.00	3079.00	3078.00	3078.00	3078.00	3078.00	3078.00	3078.00	3078.00	3078.00	3078.00	3078.00	3078.00	3078.00	3077.00	3077.00	3077.00	3077.00	3077.00	3077.00	3077.00	3077.00	3076.00	3076.00	3076.00	3076.00	3076.00	3075.00	3075.00	3075.00	3075.00	3075.00	3075.00	3075.00	3074.00	3074.00	3074.00	3074.00	3074.00	3073.00	3073.00	3073.00	3073.00	3073.00	3072.00	3072.00	3072.00	3072.00	3071.00	3071.00	3071.00	3071.00	3071.00	3070.00	3070.00	3070.00	3070.00	3070.00	3070.00	3070.00	3070.00	3069.00	3069.00	3069.00	3069.00	3069.00	3068.00	3068.00	3068.00	3068.00	3068.00	3068.00	3068.00	3067.00	3067.00	3067.00	3067.00	3067.00	3067.00	3067.00	3066.00	3066.00	3066.00	3066.00	3066.00	3066.00	3066.00	3065.00	3065.00	3065.00	3065.00	3065.00	3065.00	3064.00	3064.00	3064.00	3064.00	3064.00	3064.00	3064.00	3064.00	3064.00	3064.00	3063.00	3063.00	3063.00	3063.00	3063.00	3063.00	3063.00	3063.00	3063.00	3063.00	3063.00	3063.00	3063.00	3063.00	3062.00	3062.00	3062.00	3062.00	3062.00
3098.00	3098.00	3098.00	3097.00	3097.00	3097.00	3097.00	3097.00	3097.00	3097.00	3096.00	3096.00	3096.00	3096.00	3096.00	3096.00	3095.00	3095.00	3095.00	3095.00	3095.00	3095.00	3095.00	3094.00	3094.00	3094.00	3094.00	3094.00	3094.00	3094.00	3094.00	3094.00	3094.00	3093.00	3093.00	3093.00	3093.00	3093.00	3093.00	3093.00	3093.00	3093.00	3093.00	3092.00	3092.00	3092.00	3092.00	3092.00	3092.00	3092.00	3092.00	3092.00	3091.00	3091.00	3091.00	3091.00	3091.00	3091.00	3090.00	3090.00	3090.00	3090.00	3090.00	3090.00	3089.00	3089.00	3089.00	3089.00	3089.00	3089.00	3088.00	3088.00	3088.00	3088.00	3088.00	3088.00	3088.00	3088.00	3088.00	3087.00	3087.00	3087.00	3087.00	3087.00	3087.00	3086.00	3086.00	3086.00	3086.00	3086.00	3085.00	3085.00	3085.00	3085.00	3085.00	3085.00	3085.00	3084.00	3084.00	3084.00	3084.00	3084.00	3084.00	3084.00	3084.00	3084.00	3083.00	3083.00	3083.00	3083.00	3083.00	3083.00	3083.00	3082.00	3082.00	3082.00	3082.00	3081.00	3081.00	3081.00	3081.00	3081.00	3080.00	3080.00	3080.00	3080.00	3080.00	3080.00	3079.00	3079.00	3079.00	3079.00	3079.00	3079.00	3079.00	3079.00	3078.00	3078.00	3078.00	3078.00	3078.00	3078.00	3078.00	3078.00	3078.00	3078.00	3078.00	3078.00	3077.00	3077.00	3077.00	3077.00	3077.00	3077.00	3077.00	3077.00	3076.00	3076.00	3076.00	3076.00	3076.00	3075.00	3075.00	3075.00	3075.00	3075.00	3075.00	3075.00	3074.00	3074.00	3074.00	3074.00	3074.00	3073.00	3073.00	3073.00	3073.00	3073.00	3072.00	3072.00	3072.00	3072.00	3071.00	3071.00	3071.00	3071.00	3071.00	3070.00	3070.00	3070.00	3070.00	3070.00	3070.00	3070.00	3070.00	3069.00	3069.00	3069.00	3069.00	3069.00	3068.00	3068.00	3068.00	3068.00	3068.00	3068.00	3068.00	3067.00	3067.00	3067.00	3067.00	3067.00	3067.00	3067.00	3066.00	3066.00	3066.00	3066.00	3066.00	3066.00	3066.00	3065.00	3065.00	3065.00	3065.00	3065.00	3065.00	3064.00	3064.00	3064.00	3064.00	3064.00	3064.00	3064.00	3064.00	3064.00	3064.00	3063.00	3063.00	3063.00	3063.00	3063.00	3063.00	3063.00	3063.00	3063.00	3063.00	3063.00	3063.00	3063.00	3063.00	3062.00	3062.00	3062.00	3062.00	3062.00
3098.00	3098.00	3098.00	3097.00	3097.00	3097.00	3097.00	3097.00	3097.00	3097.00	3096.00	3096.00	3096.00	3096.00	3096.00	3096.00	3095.00	3095.00	3095.00	3095.00	3095.00	3095.00	3095.00	3094.00	3094.00	3094.00	3094.00	3094.00	3094.00	3094.00	3094.00	3094.00	3094.00	3093.00	3093.00	3093.00	3093.00	3093.00	3093.00	3093.00	3093.00	3093.00	3093.00	3092.00	3092.00	3092.00	3092.00	3092.00	3092.00	3092.00	3092.00	3092.00	3091.00	3091.00	3091.00	3091.00	3091.00	3091.00	3090.00	3090.00	3090.00	3090.00	3090.00	3090.00	3089.00	3089.00	3089.00	3089.00	3089.00	3089.00	3088.00	3088.00	3088.00	3088.00	3088.00	3088.00	3088.00	3088.00	3088.00	3087.00	3087.00	3087.00	3087.00	3087.00	3087.00	3086.00	3086.00	3086.00	3086.00	3086.00	3085.00	3085.00	3085.00	3085.00	3085.00	3085.00	3085.00	3084.00	3084.00	3084.00	3084.00	3084.00	3084.00	3084.00	3084.00	3084.00	3083.00	3083.00	3083.00	3083.00	3083.00	3083.00	3083.00	3082.00	3082.00	3082.00	3082.00	3081.00	3081.00	3081.00	3081.00	3081.00	3080.00	3080.00	3080.00	3080.00	3080.00	3080.00	3079.00	3079.00	3079.00	3079.00	3079.00	3079.00	3079.00	3079.00	3078.00	3078.00	3078.00	3078.00	3078.00	3078.00	3078.00	3078.00	3078.00	3078.00	3078.00	3078.00	3077.00	3077.00	3077.00	3077.00	3077.00	3077.00	3077.00	3077.00	3076.00	3076.00	3076.00	3076.00	3076.00	3075.00	3075.00	3075.00	3075.00	3075.00	3075.00	3075.00	3074.00	3074.00	3074.00	3074.00	3074.00	3073.00	3073.00	3073.00	3073.00	3073.00	3072.00	3072.00	3072.00	3072.00	3071.00	3071.00	3071.00	3071.00	3071.00	3070.00	3070.00	3070.00	3070.00	3070.00	3070.00	3070.00	3070.00	3069.00	3069.00	3069.00	3069.00	3069.00	3068.00	3068.00	3068.00	3068.00	3068.00	3068.00	3068.00	3067.00	3067.00	3067.00	3067.00	3067.00	3067.00	3067.00	3066.00	3066.00	3066.00	3066.00	3066.00	3066.00	3066.00	3065.00	3065.00	3065.00	3065.00	3065.00	3065.00	3064.00	3064.00	3064.00	3064.00	3064.00	3064.00	3064.00	3064.00	3064.00	3064.00	3063.00	3063.00	3063.00	3063.00	3063.00	3063.00	3063.00	3063.00	3063.00	3063.00	3063.00	3063.00	3063.00	3063.00	3062.00	3062.00	3062.00	3062.00	3062.00
3098.00	3098.00	3098.00	3097.00	3097.00	3097.00	3097.00	3097.00	3097.00	3097.00	3096.00	3096.00	3096.00	3096.00	3096.00	3096.00	3095.00	3095.00	3095.00	3095.00	3095.00	3095.00	3095.00	3094.00	3094.00	3094.00	3094.00	3094.00	3094.00	3094.00	3094.00	3094.00	3094.00	3093.00	3093.00	3093.00	3093.00	3093.00	3093.00	3093.00	3093.00	3093.00	3093.00	3092.00	3092.00	3092.00	3092.00	3092.00	3092.00	3092.00	3092.00	3092.00	3091.00	3091.00	3091.00	3091.00	3091.00	3091.00	3090.00	3090.00	3090.00	3090.00	3090.00	3090.00	3089.00	3089.00	3089.00	3089.00	3089.00	3089.00	3088.00	3088.00	3088.00	3088.00	3088.00	3088.00	3088.00	3088.00	3088.00	3087.00	3087.00	3087.00	3087.00	3087.00	3087.00	3086.00	3086.00	3086.00	3086.00	3086.00	3085.00	3085.00	3085.00	3085.00	3085.00	3085.00	3085.00	3084.00	3084.00	3084.00	3084.00	3084.00	3084.00	3084.00	3084.00	3084.00	3083.00	3083.00	3083.00	3083.00	3083.00	3083.00	3083.00	3082.00	3082.00	3082.00	3082.00	3081.00	3081.00	3081.00	3081.00	3081.00	3080.00	3080.00	3080.00	3080.00	3080.00	3080.00	3079.00	3079.00	3079.00	3079.00	3079.00	3079.00	3079.00	3079.00	3078.00	3078.00	3078.00	3078.00	3078.00	3078.00	3078.00	3078.00	3078.00	3078.00	3078.00	3078.00	3077.00	3077.00	3077.00	3077.00	3077.00	3077.00	3077.00	3077.00	3076.00	3076.00	3076.00	3076.00	3076.00	3075.00	3075.00	3075.00	3075.00	3075.00	3075.00	3075.00	3074.00	3074.00	3074.00	3074.00	3074.00	3073.00	3073.00	3073.00	3073.00	3073.00	3072.00	3072.00	3072.00	3072.00	3071.00	3071.00	3071.00	3071.00	3071.00	3070.00	3070.00	3070.00	3070.00	3070.00	3070.00	3070.00	3070.00	3069.00	3069.00	3069.00	3069.00	3069.00	3068.00	3068.00	3068.00	3068.00	3068.00	3068.00	3068.00	3067.00	3067.00	3067.00	3067.00	3067.00	3067.00	3067.00	3066.00	3066.00	3066.00	3066.00	3066.00	3066.00	3066.00	3065.00	3065.00	3065.00	3065.00	3065.00	3065.00	3064.00	3064.00	3064.00	3064.00	3064.00	3064.00	3064.00	3064.00	3064.00	3064.00	3063.00	3063.00	3063.00	3063.00	3063.00	3063.00	3063.00	3063.00	3063.00	3063.00	3063.00	3063.00	3063.00	3063.00	3062.00	3062.00	3062.00	3062.00	3062.00
3098.00	3098.00	3098.00	3097.00	3097.00	3097.00	3097.00	3097.00	3097.00	3097.00	3096.00	3096.00	3096.00	3096.00	3096.00	3096.00	3095.00	3095.00	3095.00	3095.00	3095.00	3095.00	3095.00	3094.00	3094.00	3094.00	3094.00	3094.00	3094.00	3094.00	3094.00	3094.00	3094.00	3093.00	3093.00	3093.00	3093.00	3093.00	3093.00	3093.00	3093.00	3093.00	3093.00	3092.00	3092.00	3092.00	3092.00	3092.00	3092.00	3092.00	3092.00	3092.00	3091.00	3091.00	3091.00	3091.00	3091.00	3091.00	3090.00	3090.00	3090.00	3090.00	3090.00	3090.00	3089.00	3089.00	3089.00	3089.00	3089.00	3089.00	3088.00	3088.00	3088.00	3088.00	3088.00	3088.00	3088.00	3088.00	3088.00	3087.00	3087.00	3087.00	3087.00	3087.00	3087.00	3086.00	3086.00	3086.00	3086.00	3086.00	3085.00	3085.00	3085.00	3085.00	3085.00	3085.00	3085.00	3084.00	3084.00	3084.00	3084.00	3084.00	3084.00	3084.00	3084.00	3084.00	3083.00	3083.00	3083.00	3083.00	3083.00	3083.00	3083.00	3082.00	3082.00	3082.00	3082.00	3081.00	3081.00	3081.00	3081.00	3081.00	3080.00	3080.00	3080.00	3080.00	3080.00	3080.00	3079.00	3079.00	3079.00	3079.00	3079.00	3079.00	3079.00	3079.00	3078.00	3078.00	3078.00	3078.00	3078.00	3078.00	3078.00	3078.00	3078.00	3078.00	3078.00	3078.00	3077.00	3077.00	3077.00	3077.00	3077.00	3077.00	3077.00	3077.00	3076.00	3076.00	3076.00	3076.00	3076.00	3075.00	3075.00	3075.00	3075.00	3075.00	3075.00	3075.00	3074.00	3074.00	3074.00	3074.00	3074.00	3073.00	3073.00	3073.00	3073.00	3073.00	3072.00	3072.00	3072.00	3072.00	3071.00	3071.00	3071.00	3071.00	3071.00	3070.00	3070.00	3070.00	3070.00	3070.00	3070.00	3070.00	3070.00	3069.00	3069.00	3069.00	3069.00	3069.00	3068.00	3068.00	3068.00	3068.00	3068.00	3068.00	3068.00	3067.00	3067.00	3067.00	3067.00	3067.00	3067.00	3067.00	3066.00	3066.00	3066.00	3066.00	3066.00	3066.00	3066.00	3065.00	3065.00	3065.00	3065.00	3065.00	3065.00	3064.00	3064.00	3064.00	3064.00	3064.00	3064.00	3064.00	3064.00	3064.00	3064.00	3063.00	3063.00	3063.00	3063.00	3063.00	3063.00	3063.00	3063.00	3063.00	3063.00	3063.00	3063.00	3063.00	3063.00	3062.00	3062.00	3062.00	3062.00	3062.00
3098.00	3098.00	3098.00	3097.00	3097.00	3097.00	3097.00	3097.00	3097.00	3097.00	3096.00	3096.00	3096.00	3096.00	3096.00	3096.00	3095.00	3095.00	3095.00	3095.00	3095.00	3095.00	3095.00	3094.00	3094.00	3094.00	3094.00	3094.00	3094.00	3094.00	3094.00	3094.00	3094.00	3093.00	3093.00	3093.00	3093.00	3093.00	3093.00	3093.00	3093.00	3093.00	3093.00	3092.00	3092.00	3092.00	3092.00	3092.00	3092.00	3092.00	3092.00	3092.00	3091.00	3091.00	3091.00	3091.00	3091.00	3091.00	3090.00	3090.00	3090.00	3090.00	3090.00	3090.00	3089.00	3089.00	3089.00	3089.00	3089.00	3089.00	3088.00	3088.00	3088.00	3088.00	3088.00	3088.00	3088.00	3088.00	3088.00	3087.00	3087.00	3087.00	3087.00	3087.00	3087.00	3086.00	3086.00	3086.00	3086.00	3086.00	3085.00	3085.00	3085.00	3085.00	3085.00	3085.00	3085.00	3084.00	3084.00	3084.00	3084.00	3084.00	3084.00	3084.00	3084.00	3084.00	3083.00	3083.00	3083.00	3083.00	3083.00	3083.00	3083.00	3082.00	3082.00	3082.00	3082.00	3081.00	3081.00	3081.00	3081.00	3081.00	3080.00	3080.00	3080.00	3080.00	3080.00	3080.00	3079.00	3079.00	3079.00	3079.00	3079.00	3079.00	3079.00	3079.00	3078.00	3078.00	3078.00	3078.00	3078.00	3078.00	3078.00	3078.00	3078.00	3078.00	3078.00	3078.00	3077.00	3077.00	3077.00	3077.00	3077.00	3077.00	3077.00	3077.00	3076.00	3076.00	3076.00	3076.00	3076.00	3075.00	3075.00	3075.00	3075.00	3075.00	3075.00	3075.00	3074.00	3074.00	3074.00	3074.00	3074.00	3073.00	3073.00	3073.00	3073.00	3073.00	3072.00	3072.00	3072.00	3072.00	3071.00	3071.00	3071.00	3071.00	3071.00	3070.00	3070.00	3070.00	3070.00	3070.00	3070.00	3070.00	3070.00	3069.00	3069.00	3069.00	3069.00	3069.00	3068.00	3068.00	3068.00	3068.00	3068.00	3068.00	3068.00	3067.00	3067.00	3067.00	3067.00	3067.00	3067.00	3067.00	3066.00	3066.00	3066.00	3066.00	3066.00	3066.00	3066.00	3065.00	3065.00	3065.00	3065.00	3065.00	3065.00	3064.00	3064.00	3064.00	3064.00	3064.00	3064.00	3064.00	3064.00	3064.00	3064.00	3063.00	3063.00	3063.00	3063.00	3063.00	3063.00	3063.00	3063.00	3063.00	3063.00	3063.00	3063.00	3063.00	3063.00	3062.00	3062.00	3062.00	3062.00	3062.00
3098.00	3098.00	3098.00	3097.00	3097.00	3097.00	3097.00	3097.00	3097.00	3097.00	3096.00	3096.00	3096.00	3096.00	3096.00	3096.00	3095.00	3095.00	3095.00	3095.00	3095.00	3095.00	3095.00	3094.00	3094.00	3094.00	3094.00	3094.00	3094.00	3094.00	3094.00	3094.00	3094.00	3093.00	3093.00	3093.00	3093.00	3093.00	3093.00	3093.00	3093.00	3093.00	3093.00	3092.00	3092.00	3092.00	3092.00	3092.00	3092.00	3092.00	3092.00	3092.00	3091.00	3091.00	3091.00	3091.00	3091.00	3091.00	3090.00	3090.00	3090.00	3090.00	3090.00	3090.00	3089.00	3089.00	3089.00	3089.00	3089.00	3089.00	3088.00	3088.00	3088.00	3088.00	3088.00	3088.00	3088.00	3088.00	3088.00	3087.00	3087.00	3087.00	3087.00	3087.00	3087.00	3086.00	3086.00	3086.00	3086.00	3086.00	3085.00	3085.00	3085.00	3085.00	3085.00	3085.00	3085.00	3084.00	3084.00	3084.00	3084.00	3084.00	3084.00	3084.00	3084.00	3084.00	3083.00	3083.00	3083.00	3083.00	3083.00	3083.00	3083.00	3082.00	3082.00	3082.00	3082.00	3081.00	3081.00	3081.00	3081.00	3081.00	3080.00	3080.00	3080.00	3080.00	3080.00	3080.00	3079.00	3079.00	3079.00	3079.00	3079.00	3079.00	3079.00	3079.00	3078.00	3078.00	3078.00	3078.00	3078.00	3078.00	3078.00	3078.00	3078.00	3078.00	3078.00	3078.00	3077.00	3077.00	3077.00	3077.00	3077.00	3077.00	3077.00	3077.00	3076.00	3076.00	3076.00	3076.00	3076.00	3075.00	3075.00	3075.00	3075.00	3075.00	3075.00	3075.00	3074.00	3074.00	3074.00	3074.00	3074.00	3073.00	3073.00	3073.00	3073.00	3073.00	3072.00	3072.00	3072.00	3072.00	3071.00	3071.00	3071.00	3071.00	3071.00	3070.00	3070.00	3070.00	3070.00	3070.00	3070.00	3070.00	3070.00	3069.00	3069.00	3069.00	3069.00	3069.00	3068.00	3068.00	3068.00	3068.00	3068.00	3068.00	3068.00	3067.00	3067.00	3067.00	3067.00	3067.00	3067.00	3067.00	3066.00	3066.00	3066.00	3066.00	3066.00	3066.00	3066.00	3065.00	3065.00	3065.00	3065.00	3065.00	3065.00	3064.00	3064.00	3064.00	3064.00	3064.00	3064.00	3064.00	3064.00	3064.00	3064.00	3063.00	3063.00	3063.00	3063.00	3063.00	3063.00	3063.00	3063.00	3063.00	3063.00	3063.00	3063.00	3063.00	3063.00	3062.00	3062.00	3062.00	3062.00	3062.00
3098.00	3098.00	3098.00	3097.00	3097.00	3097.00	3097.00	3097.00	3097.00	3097.00	3096.00	3096.00	3096.00	3096.00	3096.00	3096.00	3095.00	3095.00	3095.00	3095.00	3095.00	3095.00	3095.00	3094.00	3094.00	3094.00	3094.00	3094.00	3094.00	3094.00	3094.00	3094.00	3094.00	3093.00	3093.00	3093.00	3093.00	3093.00	3093.00	3093.00	3093.00	3093.00	3093.00	3092.00	3092.00	3092.00	3092.00	3092.00	3092.00	3092.00	3092.00	3092.00	3091.00	3091.00	3091.00	3091.00	3091.00	3091.00	3090.00	3090.00	3090.00	3090.00	3090.00	3090.00	3089.00	3089.00	3089.00	3089.00	3089.00	3089.00	3088.00	3088.00	3088.00	3088.00	3088.00	3088.00	3088.00	3088.00	3088.00	3087.00	3087.00	3087.00	3087.00	3087.00	3087.00	3086.00	3086.00	3086.00	3086.00	3086.00	3085.00	3085.00	3085.00	3085.00	3085.00	3085.00	3085.00	3084.00	3084.00	3084.00	3084.00	3084.00	3084.00	3084.00	3084.00	3084.00	3083.00	3083.00	3083.00	3083.00	3083.00	3083.00	3083.00	3082.00	3082.00	3082.00	3082.00	3081.00	3081.00	3081.00	3081.00	3081.00	3080.00	3080.00	3080.00	3080.00	3080.00	3080.00	3079.00	3079.00	3079.00	3079.00	3079.00	3079.00	3079.00	3079.00	3078.00	3078.00	3078.00	3078.00	3078.00	3078.00	3078.00	3078.00	3078.00	3078.00	3078.00	3078.00	3077.00	3077.00	3077.00	3077.00	3077.00	3077.00	3077.00	3077.00	3076.00	3076.00	3076.00	3076.00	3076.00	3075.00	3075.00	3075.00	3075.00	3075.00	3075.00	3075.00	3074.00	3074.00	3074.00	3074.00	3074.00	3073.00	3073.00	3073.00	3073.00	3073.00	3072.00	3072.00	3072.00	3072.00	3071.00	3071.00	3071.00	3071.00	3071.00	3070.00	3070.00	3070.00	3070.00	3070.00	3070.00	3070.00	3070.00	3069.00	3069.00	3069.00	3069.00	3069.00	3068.00	3068.00	3068.00	3068.00	3068.00	3068.00	3068.00	3067.00	3067.00	3067.00	3067.00	3067.00	3067.00	3067.00	3066.00	3066.00	3066.00	3066.00	3066.00	3066.00	3066.00	3065.00	3065.00	3065.00	3065.00	3065.00	3065.00	3064.00	3064.00	3064.00	3064.00	3064.00	3064.00	3064.00	3064.00	3064.00	3064.00	3063.00	3063.00	3063.00	3063.00	3063.00	3063.00	3063.00	3063.00	3063.00	3063.00	3063.00	3063.00	3063.00	3063.00	3062.00	3062.00	3062.00	3062.00	3062.00
3098.00	3098.00	3098.00	3097.00	3097.00	3097.00	3097.00	3097.00	3097.00	3097.00	3096.00	3096.00	3096.00	3096.00	3096.00	3096.00	3095.00	3095.00	3095.00	3095.00	3095.00	3095.00	3095.00	3094.00	3094.00	3094.00	3094.00	3094.00	3094.00	3094.00	3094.00	3094.00	3094.00	3093.00	3093.00	3093.00	3093.00	3093.00	3093.00	3093.00	3093.00	3093.00	3093.00	3092.00	3092.00	3092.00	3092.00	3092.00	3092.00	3092.00	3092.00	3092.00	3091.00	3091.00	3091.00	3091.00	3091.00	3091.00	3090.00	3090.00	3090.00	3090.00	3090.00	3090.00	3089.00	3089.00	3089.00	3089.00	3089.00	3089.00	3088.00	3088.00	3088.00	3088.00	3088.00	3088.00	3088.00	3088.00	3088.00	3087.00	3087.00	3087.00	3087.00	3087.00	3087.00	3086.00	3086.00	3086.00	3086.00	3086.00	3085.00	3085.00	3085.00	3085.00	3085.00	3085.00	3085.00	3084.00	3084.00	3084.00	3084.00	3084.00	3084.00	3084.00	3084.00	3084.00	3083.00	3083.00	3083.00	3083.00	3083.00	3083.00	3083.00	3082.00	3082.00	3082.00	3082.00	3081.00	3081.00	3081.00	3081.00	3081.00	3080.00	3080.00	3080.00	3080.00	3080.00	3080.00	3079.00	3079.00	3079.00	3079.00	3079.00	3079.00	3079.00	3079.00	3078.00	3078.00	3078.00	3078.00	3078.00	3078.00	3078.00	3078.00	3078.00	3078.00	3078.00	3078.00	3077.00	3077.00	3077.00	3077.00	3077.00	3077.00	3077.00	3077.00	3076.00	3076.00	3076.00	3076.00	3076.00	3075.00	3075.00	3075.00	3075.00	3075.00	3075.00	3075.00	3074.00	3074.00	3074.00	3074.00	3074.00	3073.00	3073.00	3073.00	3073.00	3073.00	3072.00	3072.00	3072.00	3072.00	3071.00	3071.00	3071.00	3071.00	3071.00	3070.00	3070.00	3070.00	3070.00	3070.00	3070.00	3070.00	3070.00	3069.00	3069.00	3069.00	3069.00	3069.00	3068.00	3068.00	3068.00	3068.00	3068.00	3068.00	3068.00	3067.00	3067.00	3067.00	3067.00	3067.00	3067.00	3067.00	3066.00	3066.00	3066.00	3066.00	3066.00	3066.00	3066.00	3065.00	3065.00	3065.00	3065.00	3065.00	3065.00	3064.00	3064.00	3064.00	3064.00	3064.00	3064.00	3064.00	3064.00	3064.00	3064.00	3063.00	3063.00	3063.00	3063.00	3063.00	3063.00	3063.00	3063.00	3063.00	3063.00	3063.00	3063.00	3063.00	3063.00	3062.00	3062.00	3062.00	3062.00	3062.00
3098.00	3098.00	3098.00	3097.00	3097.00	3097.00	3097.00	3097.00	3097.00	3097.00	3096.00	3096.00	3096.00	3096.00	3096.00	3096.00	3095.00	3095.00	3095.00	3095.00	3095.00	3095.00	3095.00	3094.00	3094.00	3094.00	3094.00	3094.00	3094.00	3094.00	3094.00	3094.00	3094.00	3093.00	3093.00	3093.00	3093.00	3093.00	3093.00	3093.00	3093.00	3093.00	3093.00	3092.00	3092.00	3092.00	3092.00	3092.00	3092.00	3092.00	3092.00	3092.00	3091.00	3091.00	3091.00	3091.00	3091.00	3091.00	3090.00	3090.00	3090.00	3090.00	3090.00	3090.00	3089.00	3089.00	3089.00	3089.00	3089.00	3089.00	3088.00	3088.00	3088.00	3088.00	3088.00	3088.00	3088.00	3088.00	3088.00	3087.00	3087.00	3087.00	3087.00	3087.00	3087.00	3086.00	3086.00	3086.00	3086.00	3086.00	3085.00	3085.00	3085.00	3085.00	3085.00	3085.00	3085.00	3084.00	3084.00	3084.00	3084.00	3084.00	3084.00	3084.00	3084.00	3084.00	3083.00	3083.00	3083.00	3083.00	3083.00	3083.00	3083.00	3082.00	3082.00	3082.00	3082.00	3081.00	3081.00	3081.00	3081.00	3081.00	3080.00	3080.00	3080.00	3080.00	3080.00	3080.00	3079.00	3079.00	3079.00	3079.00	3079.00	3079.00	3079.00	3079.00	3078.00	3078.00	3078.00	3078.00	3078.00	3078.00	3078.00	3078.00	3078.00	3078.00	3078.00	3078.00	3077.00	3077.00	3077.00	3077.00	3077.00	3077.00	3077.00	3077.00	3076.00	3076.00	3076.00	3076.00	3076.00	3075.00	3075.00	3075.00	3075.00	3075.00	3075.00	3075.00	3074.00	3074.00	3074.00	3074.00	3074.00	3073.00	3073.00	3073.00	3073.00	3073.00	3072.00	3072.00	3072.00	3072.00	3071.00	3071.00	3071.00	3071.00	3071.00	3070.00	3070.00	3070.00	3070.00	3070.00	3070.00	3070.00	3070.00	3069.00	3069.00	3069.00	3069.00	3069.00	3068.00	3068.00	3068.00	3068.00	3068.00	3068.00	3068.00	3067.00	3067.00	3067.00	3067.00	3067.00	3067.00	3067.00	3066.00	3066.00	3066.00	3066.00	3066.00	3066.00	3066.00	3065.00	3065.00	3065.00	3065.00	3065.00	3065.00	3064.00	3064.00	3064.00	3064.00	3064.00	3064.00	3064.00	3064.00	3064.00	3064.00	3063.00	3063.00	3063.00	3063.00	3063.00	3063.00	3063.00	3063.00	3063.00	3063.00	3063.00	3063.00	3063.00	3063.00	3062.00	3062.00	3062.00	3062.00	3062.00
3097.00	3097.00	3096.00	3096.00	3096.00	3096.00	3096.00	3095.00	3095.00	3095.00	3095.00	3095.00	3094.00	3094.00	3094.00	3094.00	3093.00	3093.00	3093.00	3093.00	3093.00	3093.00	3092.00	3092.00	3092.00	3092.00	3092.00	3092.00	3092.00	3092.00	3092.00	3092.00	3092.00	3092.00	3092.00	3091.00	3091.00	3091.00	3091.00	3091.00	3091.00	3091.00	3091.00	3091.00	3091.00	3091.00	3091.00	3091.00	3091.00	3090.00	3090.00	3090.00	3090.00	3090.00	3090.00	3090.00	3090.00	3090.00	3090.00	3090.00	3090.00	3089.00	3089.00	3089.00	3089.00	3089.00	3089.00	3088.00	3088.00	3088.00	3088.00	3088.00	3088.00	3088.00	3087.00	3087.00	3087.00	3087.00	3087.00	3087.00	3087.00	3086.00	3086.00	3086.00	3086.00	3086.00	3086.00	3085.00	3085.00	3085.00	3085.00	3085.00	3085.00	3084.00	3084.00	3084.00	3084.00	3084.00	3084.00	3084.00	3084.00	3083.00	3083.00	3083.00	3083.00	3083.00	3082.00	3082.00	3082.00	3082.00	3081.00	3081.00	3081.00	3081.00	3081.00	3080.00	3080.00	3080.00	3080.00	3080.00	3079.00	3079.00	3079.00	3079.00	3079.00	3079.00	3079.00	3079.00	3079.00	3078.00	3078.00	3078.00	3078.00	3078.00	3078.00	3078.00	3078.00	3078.00	3077.00	3077.00	3077.00	3077.00	3077.00	3077.00	3077.00	3077.00	3077.00	3076.00	3076.00	3076.00	3076.00	3076.00	3076.00	3076.00	3075.00	3075.00	3075.00	3075.00	3075.00	3075.00	3075.00	3075.00	3075.00	3074.00	3074.00	3074.00	3074.00	3074.00	3074.00	3074.00	3073.00	3073.00	3073.00	3072.00	3072.00	3072.00	3072.00	3071.00	3071.00	3070.00	3070.00	3070.00	3070.00	3070.00	3070.00	3070.00	3069.00	3069.00	3069.00	3069.00	3069.00	3069.00	3069.00	3068.00	3068.00	3068.00	3068.00	3068.00	3068.00	3068.00	3067.00	3067.00	3067.00	3067.00	3067.00	3066.00	3066.00	3066.00	3066.00	3066.00	3066.00	3066.00	3066.00	3065.00	3065.00	3065.00	3065.00	3065.00	3065.00	3064.00	3064.00	3064.00	3064.00	3064.00	3064.00	3063.00	3063.00	3063.00	3063.00	3063.00	3063.00	3063.00	3062.00	3062.00	3062.00	3062.00	3062.00	3062.00	3062.00	3062.00	3062.00	3062.00	3062.00	3061.00	3061.00	3061.00	3061.00	3061.00	3061.00	3061.00	3061.00	3061.00	3061.00	3061.00	3061.00	3060.00
3097.00	3097.00	3096.00	3096.00	3096.00	3096.00	3096.00	3095.00	3095.00	3095.00	3095.00	3095.00	3094.00	3094.00	3094.00	3094.00	3093.00	3093.00	3093.00	3093.00	3093.00	3093.00	3092.00	3092.00	3092.00	3092.00	3092.00	3092.00	3092.00	3092.00	3092.00	3092.00	3092.00	3092.00	3092.00	3091.00	3091.00	3091.00	3091.00	3091.00	3091.00	3091.00	3091.00	3091.00	3091.00	3091.00	3091.00	3091.00	3091.00	3090.00	3090.00	3090.00	3090.00	3090.00	3090.00	3090.00	3090.00	3090.00	3090.00	3090.00	3090.00	3089.00	3089.00	3089.00	3089.00	3089.00	3089.00	3088.00	3088.00	3088.00	3088.00	3088.00	3088.00	3088.00	3087.00	3087.00	3087.00	3087.00	3087.00	3087.00	3087.00	3086.00	3086.00	3086.00	3086.00	3086.00	3086.00	3085.00	3085.00	3085.00	3085.00	3085.00	3085.00	3084.00	3084.00	3084.00	3084.00	3084.00	3084.00	3084.00	3084.00	3083.00	3083.00	3083.00	3083.00	3083.00	3082.00	3082.00	3082.00	3082.00	3081.00	3081.00	3081.00	3081.00	3081.00	3080.00	3080.00	3080.00	3080.00	3080.00	3079.00	3079.00	3079.00	3079.00	3079.00	3079.00	3079.00	3079.00	3079.00	3078.00	3078.00	3078.00	3078.00	3078.00	3078.00	3078.00	3078.00	3078.00	3077.00	3077.00	3077.00	3077.00	3077.00	3077.00	3077.00	3077.00	3077.00	3076.00	3076.00	3076.00	3076.00	3076.00	3076.00	3076.00	3075.00	3075.00	3075.00	3075.00	3075.00	3075.00	3075.00	3075.00	3075.00	3074.00	3074.00	3074.00	3074.00	3074.00	3074.00	3074.00	3073.00	3073.00	3073.00	3072.00	3072.00	3072.00	3072.00	3071.00	3071.00	3070.00	3070.00	3070.00	3070.00	3070.00	3070.00	3070.00	3069.00	3069.00	3069.00	3069.00	3069.00	3069.00	3069.00	3068.00	3068.00	3068.00	3068.00	3068.00	3068.00	3068.00	3067.00	3067.00	3067.00	3067.00	3067.00	3066.00	3066.00	3066.00	3066.00	3066.00	3066.00	3066.00	3066.00	3065.00	3065.00	3065.00	3065.00	3065.00	3065.00	3064.00	3064.00	3064.00	3064.00	3064.00	3064.00	3063.00	3063.00	3063.00	3063.00	3063.00	3063.00	3063.00	3062.00	3062.00	3062.00	3062.00	3062.00	3062.00	3062.00	3062.00	3062.00	3062.00	3062.00	3061.00	3061.00	3061.00	3061.00	3061.00	3061.00	3061.00	3061.00	3061.00	3061.00	3061.00	3061.00	3060.00
3097.00	3097.00	3096.00	3096.00	3096.00	3096.00	3096.00	3095.00	3095.00	3095.00	3095.00	3095.00	3094.00	3094.00	3094.00	3094.00	3093.00	3093.00	3093.00	3093.00	3093.00	3093.00	3092.00	3092.00	3092.00	3092.00	3092.00	3092.00	3092.00	3092.00	3092.00	3092.00	3092.00	3092.00	3092.00	3091.00	3091.00	3091.00	3091.00	3091.00	3091.00	3091.00	3091.00	3091.00	3091.00	3091.00	3091.00	3091.00	3091.00	3090.00	3090.00	3090.00	3090.00	3090.00	3090.00	3090.00	3090.00	3090.00	3090.00	3090.00	3090.00	3089.00	3089.00	3089.00	3089.00	3089.00	3089.00	3088.00	3088.00	3088.00	3088.00	3088.00	3088.00	3088.00	3087.00	3087.00	3087.00	3087.00	3087.00	3087.00	3087.00	3086.00	3086.00	3086.00	3086.00	3086.00	3086.00	3085.00	3085.00	3085.00	3085.00	3085.00	3085.00	3084.00	3084.00	3084.00	3084.00	3084.00	3084.00	3084.00	3084.00	3083.00	3083.00	3083.00	3083.00	3083.00	3082.00	3082.00	3082.00	3082.00	3081.00	3081.00	3081.00	3081.00	3081.00	3080.00	3080.00	3080.00	3080.00	3080.00	3079.00	3079.00	3079.00	3079.00	3079.00	3079.00	3079.00	3079.00	3079.00	3078.00	3078.00	3078.00	3078.00	3078.00	3078.00	3078.00	3078.00	3078.00	3077.00	3077.00	3077.00	3077.00	3077.00	3077.00	3077.00	3077.00	3077.00	3076.00	3076.00	3076.00	3076.00	3076.00	3076.00	3076.00	3075.00	3075.00	3075.00	3075.00	3075.00	3075.00	3075.00	3075.00	3075.00	3074.00	3074.00	3074.00	3074.00	3074.00	3074.00	3074.00	3073.00	3073.00	3073.00	3072.00	3072.00	3072.00	3072.00	3071.00	3071.00	3070.00	3070.00	3070.00	3070.00	3070.00	3070.00	3070.00	3069.00	3069.00	3069.00	3069.00	3069.00	3069.00	3069.00	3068.00	3068.00	3068.00	3068.00	3068.00	3068.00	3068.00	3067.00	3067.00	3067.00	3067.00	3067.00	3066.00	3066.00	3066.00	3066.00	3066.00	3066.00	3066.00	3066.00	3065.00	3065.00	3065.00	3065.00	3065.00	3065.00	3064.00	3064.00	3064.00	3064.00	3064.00	3064.00	3063.00	3063.00	3063.00	3063.00	3063.00	3063.00	3063.00	3062.00	3062.00	3062.00	3062.00	3062.00	3062.00	3062.00	3062.00	3062.00	3062.00	3062.00	3061.00	3061.00	3061.00	3061.00	3061.00	3061.00	3061.00	3061.00	3061.00	3061.00	3061.00	3061.00	3060.00
3097.00	3097.00	3096.00	3096.00	3096.00	3096.00	3096.00	3095.00	3095.00	3095.00	3095.00	3095.00	3094.00	3094.00	3094.00	3094.00	3093.00	3093.00	3093.00	3093.00	3093.00	3093.00	3092.00	3092.00	3092.00	3092.00	3092.00	3092.00	3092.00	3092.00	3092.00	3092.00	3092.00	3092.00	3092.00	3091.00	3091.00	3091.00	3091.00	3091.00	3091.00	3091.00	3091.00	3091.00	3091.00	3091.00	3091.00	3091.00	3091.00	3090.00	3090.00	3090.00	3090.00	3090.00	3090.00	3090.00	3090.00	3090.00	3090.00	3090.00	3090.00	3089.00	3089.00	3089.00	3089.00	3089.00	3089.00	3088.00	3088.00	3088.00	3088.00	3088.00	3088.00	3088.00	3087.00	3087.00	3087.00	3087.00	3087.00	3087.00	3087.00	3086.00	3086.00	3086.00	3086.00	3086.00	3086.00	3085.00	3085.00	3085.00	3085.00	3085.00	3085.00	3084.00	3084.00	3084.00	3084.00	3084.00	3084.00	3084.00	3084.00	3083.00	3083.00	3083.00	3083.00	3083.00	3082.00	3082.00	3082.00	3082.00	3081.00	3081.00	3081.00	3081.00	3081.00	3080.00	3080.00	3080.00	3080.00	3080.00	3079.00	3079.00	3079.00	3079.00	3079.00	3079.00	3079.00	3079.00	3079.00	3078.00	3078.00	3078.00	3078.00	3078.00	3078.00	3078.00	3078.00	3078.00	3077.00	3077.00	3077.00	3077.00	3077.00	3077.00	3077.00	3077.00	3077.00	3076.00	3076.00	3076.00	3076.00	3076.00	3076.00	3076.00	3075.00	3075.00	3075.00	3075.00	3075.00	3075.00	3075.00	3075.00	3075.00	3074.00	3074.00	3074.00	3074.00	3074.00	3074.00	3074.00	3073.00	3073.00	3073.00	3072.00	3072.00	3072.00	3072.00	3071.00	3071.00	3070.00	3070.00	3070.00	3070.00	3070.00	3070.00	3070.00	3069.00	3069.00	3069.00	3069.00	3069.00	3069.00	3069.00	3068.00	3068.00	3068.00	3068.00	3068.00	3068.00	3068.00	3067.00	3067.00	3067.00	3067.00	3067.00	3066.00	3066.00	3066.00	3066.00	3066.00	3066.00	3066.00	3066.00	3065.00	3065.00	3065.00	3065.00	3065.00	3065.00	3064.00	3064.00	3064.00	3064.00	3064.00	3064.00	3063.00	3063.00	3063.00	3063.00	3063.00	3063.00	3063.00	3062.00	3062.00	3062.00	3062.00	3062.00	3062.00	3062.00	3062.00	3062.00	3062.00	3062.00	3061.00	3061.00	3061.00	3061.00	3061.00	3061.00	3061.00	3061.00	3061.00	3061.00	3061.00	3061.00	3060.00
3097.00	3097.00	3096.00	3096.00	3096.00	3096.00	3096.00	3095.00	3095.00	3095.00	3095.00	3095.00	3094.00	3094.00	3094.00	3094.00	3093.00	3093.00	3093.00	3093.00	3093.00	3093.00	3092.00	3092.00	3092.00	3092.00	3092.00	3092.00	3092.00	3092.00	3092.00	3092.00	3092.00	3092.00	3092.00	3091.00	3091.00	3091.00	3091.00	3091.00	3091.00	3091.00	3091.00	3091.00	3091.00	3091.00	3091.00	3091.00	3091.00	3090.00	3090.00	3090.00	3090.00	3090.00	3090.00	3090.00	3090.00	3090.00	3090.00	3090.00	3090.00	3089.00	3089.00	3089.00	3089.00	3089.00	3089.00	3088.00	3088.00	3088.00	3088.00	3088.00	3088.00	3088.00	3087.00	3087.00	3087.00	3087.00	3087.00	3087.00	3087.00	3086.00	3086.00	3086.00	3086.00	3086.00	3086.00	3085.00	3085.00	3085.00	3085.00	3085.00	3085.00	3084.00	3084.00	3084.00	3084.00	3084.00	3084.00	3084.00	3084.00	3083.00	3083.00	3083.00	3083.00	3083.00	3082.00	3082.00	3082.00	3082.00	3081.00	3081.00	3081.00	3081.00	3081.00	3080.00	3080.00	3080.00	3080.00	3080.00	3079.00	3079.00	3079.00	3079.00	3079.00	3079.00	3079.00	3079.00	3079.00	3078.00	3078.00	3078.00	3078.00	3078.00	3078.00	3078.00	3078.00	3078.00	3077.00	3077.00	3077.00	3077.00	3077.00	3077.00	3077.00	3077.00	3077.00	3076.00	3076.00	3076.00	3076.00	3076.00	3076.00	3076.00	3075.00	3075.00	3075.00	3075.00	3075.00	3075.00	3075.00	3075.00	3075.00	3074.00	3074.00	3074.00	3074.00	3074.00	3074.00	3074.00	3073.00	3073.00	3073.00	3072.00	3072.00	3072.00	3072.00	3071.00	3071.00	3070.00	3070.00	3070.00	3070.00	3070.00	3070.00	3070.00	3069.00	3069.00	3069.00	3069.00	3069.00	3069.00	3069.00	3068.00	3068.00	3068.00	3068.00	3068.00	3068.00	3068.00	3067.00	3067.00	3067.00	3067.00	3067.00	3066.00	3066.00	3066.00	3066.00	3066.00	3066.00	3066.00	3066.00	3065.00	3065.00	3065.00	3065.00	3065.00	3065.00	3064.00	3064.00	3064.00	3064.00	3064.00	3064.00	3063.00	3063.00	3063.00	3063.00	3063.00	3063.00	3063.00	3062.00	3062.00	3062.00	3062.00	3062.00	3062.00	3062.00	3062.00	3062.00	3062.00	3062.00	3061.00	3061.00	3061.00	3061.00	3061.00	3061.00	3061.00	3061.00	3061.00	3061.00	3061.00	3061.00	3060.00
3097.00	3097.00	3096.00	3096.00	3096.00	3096.00	3096.00	3095.00	3095.00	3095.00	3095.00	3095.00	3094.00	3094.00	3094.00	3094.00	3093.00	3093.00	3093.00	3093.00	3093.00	3093.00	3092.00	3092.00	3092.00	3092.00	3092.00	3092.00	3092.00	3092.00	3092.00	3092.00	3092.00	3092.00	3092.00	3091.00	3091.00	3091.00	3091.00	3091.00	3091.00	3091.00	3091.00	3091.00	3091.00	3091.00	3091.00	3091.00	3091.00	3090.00	3090.00	3090.00	3090.00	3090.00	3090.00	3090.00	3090.00	3090.00	3090.00	3090.00	3090.00	3089.00	3089.00	3089.00	3089.00	3089.00	3089.00	3088.00	3088.00	3088.00	3088.00	3088.00	3088.00	3088.00	3087.00	3087.00	3087.00	3087.00	3087.00	3087.00	3087.00	3086.00	3086.00	3086.00	3086.00	3086.00	3086.00	3085.00	3085.00	3085.00	3085.00	3085.00	3085.00	3084.00	3084.00	3084.00	3084.00	3084.00	3084.00	3084.00	3084.00	3083.00	3083.00	3083.00	3083.00	3083.00	3082.00	3082.00	3082.00	3082.00	3081.00	3081.00	3081.00	3081.00	3081.00	3080.00	3080.00	3080.00	3080.00	3080.00	3079.00	3079.00	3079.00	3079.00	3079.00	3079.00	3079.00	3079.00	3079.00	3078.00	3078.00	3078.00	3078.00	3078.00	3078.00	3078.00	3078.00	3078.00	3077.00	3077.00	3077.00	3077.00	3077.00	3077.00	3077.00	3077.00	3077.00	3076.00	3076.00	3076.00	3076.00	3076.00	3076.00	3076.00	3075.00	3075.00	3075.00	3075.00	3075.00	3075.00	3075.00	3075.00	3075.00	3074.00	3074.00	3074.00	3074.00	3074.00	3074.00	3074.00	3073.00	3073.00	3073.00	3072.00	3072.00	3072.00	3072.00	3071.00	3071.00	3070.00	3070.00	3070.00	3070.00	3070.00	3070.00	3070.00	3069.00	3069.00	3069.00	3069.00	3069.00	3069.00	3069.00	3068.00	3068.00	3068.00	3068.00	3068.00	3068.00	3068.00	3067.00	3067.00	3067.00	3067.00	3067.00	3066.00	3066.00	3066.00	3066.00	3066.00	3066.00	3066.00	3066.00	3065.00	3065.00	3065.00	3065.00	3065.00	3065.00	3064.00	3064.00	3064.00	3064.00	3064.00	3064.00	3063.00	3063.00	3063.00	3063.00	3063.00	3063.00	3063.00	3062.00	3062.00	3062.00	3062.00	3062.00	3062.00	3062.00	3062.00	3062.00	3062.00	3062.00	3061.00	3061.00	3061.00	3061.00	3061.00	3061.00	3061.00	3061.00	3061.00	3061.00	3061.00	3061.00	3060.00
3097.00	3097.00	3096.00	3096.00	3096.00	3096.00	3096.00	3095.00	3095.00	3095.00	3095.00	3095.00	3094.00	3094.00	3094.00	3094.00	3093.00	3093.00	3093.00	3093.00	3093.00	3093.00	3092.00	3092.00	3092.00	3092.00	3092.00	3092.00	3092.00	3092.00	3092.00	3092.00	3092.00	3092.00	3092.00	3091.00	3091.00	3091.00	3091.00	3091.00	3091.00	3091.00	3091.00	3091.00	3091.00	3091.00	3091.00	3091.00	3091.00	3090.00	3090.00	3090.00	3090.00	3090.00	3090.00	3090.00	3090.00	3090.00	3090.00	3090.00	3090.00	3089.00	3089.00	3089.00	3089.00	3089.00	3089.00	3088.00	3088.00	3088.00	3088.00	3088.00	3088.00	3088.00	3087.00	3087.00	3087.00	3087.00	3087.00	3087.00	3087.00	3086.00	3086.00	3086.00	3086.00	3086.00	3086.00	3085.00	3085.00	3085.00	3085.00	3085.00	3085.00	3084.00	3084.00	3084.00	3084.00	3084.00	3084.00	3084.00	3084.00	3083.00	3083.00	3083.00	3083.00	3083.00	3082.00	3082.00	3082.00	3082.00	3081.00	3081.00	3081.00	3081.00	3081.00	3080.00	3080.00	3080.00	3080.00	3080.00	3079.00	3079.00	3079.00	3079.00	3079.00	3079.00	3079.00	3079.00	3079.00	3078.00	3078.00	3078.00	3078.00	3078.00	3078.00	3078.00	3078.00	3078.00	3077.00	3077.00	3077.00	3077.00	3077.00	3077.00	3077.00	3077.00	3077.00	3076.00	3076.00	3076.00	3076.00	3076.00	3076.00	3076.00	3075.00	3075.00	3075.00	3075.00	3075.00	3075.00	3075.00	3075.00	3075.00	3074.00	3074.00	3074.00	3074.00	3074.00	3074.00	3074.00	3073.00	3073.00	3073.00	3072.00	3072.00	3072.00	3072.00	3071.00	3071.00	3070.00	3070.00	3070.00	3070.00	3070.00	3070.00	3070.00	3069.00	3069.00	3069.00	3069.00	3069.00	3069.00	3069.00	3068.00	3068.00	3068.00	3068.00	3068.00	3068.00	3068.00	3067.00	3067.00	3067.00	3067.00	3067.00	3066.00	3066.00	3066.00	3066.00	3066.00	3066.00	3066.00	3066.00	3065.00	3065.00	3065.00	3065.00	3065.00	3065.00	3064.00	3064.00	3064.00	3064.00	3064.00	3064.00	3063.00	3063.00	3063.00	3063.00	3063.00	3063.00	3063.00	3062.00	3062.00	3062.00	3062.00	3062.00	3062.00	3062.00	3062.00	3062.00	3062.00	3062.00	3061.00	3061.00	3061.00	3061.00	3061.00	3061.00	3061.00	3061.00	3061.00	3061.00	3061.00	3061.00	3060.00
3097.00	3097.00	3096.00	3096.00	3096.00	3096.00	3096.00	3095.00	3095.00	3095.00	3095.00	3095.00	3094.00	3094.00	3094.00	3094.00	3093.00	3093.00	3093.00	3093.00	3093.00	3093.00	3092.00	3092.00	3092.00	3092.00	3092.00	3092.00	3092.00	3092.00	3092.00	3092.00	3092.00	3092.00	3092.00	3091.00	3091.00	3091.00	3091.00	3091.00	3091.00	3091.00	3091.00	3091.00	3091.00	3091.00	3091.00	3091.00	3091.00	3090.00	3090.00	3090.00	3090.00	3090.00	3090.00	3090.00	3090.00	3090.00	3090.00	3090.00	3090.00	3089.00	3089.00	3089.00	3089.00	3089.00	3089.00	3088.00	3088.00	3088.00	3088.00	3088.00	3088.00	3088.00	3087.00	3087.00	3087.00	3087.00	3087.00	3087.00	3087.00	3086.00	3086.00	3086.00	3086.00	3086.00	3086.00	3085.00	3085.00	3085.00	3085.00	3085.00	3085.00	3084.00	3084.00	3084.00	3084.00	3084.00	3084.00	3084.00	3084.00	3083.00	3083.00	3083.00	3083.00	3083.00	3082.00	3082.00	3082.00	3082.00	3081.00	3081.00	3081.00	3081.00	3081.00	3080.00	3080.00	3080.00	3080.00	3080.00	3079.00	3079.00	3079.00	3079.00	3079.00	3079.00	3079.00	3079.00	3079.00	3078.00	3078.00	3078.00	3078.00	3078.00	3078.00	3078.00	3078.00	3078.00	3077.00	3077.00	3077.00	3077.00	3077.00	3077.00	3077.00	3077.00	3077.00	3076.00	3076.00	3076.00	3076.00	3076.00	3076.00	3076.00	3075.00	3075.00	3075.00	3075.00	3075.00	3075.00	3075.00	3075.00	3075.00	3074.00	3074.00	3074.00	3074.00	3074.00	3074.00	3074.00	3073.00	3073.00	3073.00	3072.00	3072.00	3072.00	3072.00	3071.00	3071.00	3070.00	3070.00	3070.00	3070.00	3070.00	3070.00	3070.00	3069.00	3069.00	3069.00	3069.00	3069.00	3069.00	3069.00	3068.00	3068.00	3068.00	3068.00	3068.00	3068.00	3068.00	3067.00	3067.00	3067.00	3067.00	3067.00	3066.00	3066.00	3066.00	3066.00	3066.00	3066.00	3066.00	3066.00	3065.00	3065.00	3065.00	3065.00	3065.00	3065.00	3064.00	3064.00	3064.00	3064.00	3064.00	3064.00	3063.00	3063.00	3063.00	3063.00	3063.00	3063.00	3063.00	3062.00	3062.00	3062.00	3062.00	3062.00	3062.00	3062.00	3062.00	3062.00	3062.00	3062.00	3061.00	3061.00	3061.00	3061.00	3061.00	3061.00	3061.00	3061.00	3061.00	3061.00	3061.00	3061.00	3060.00
3097.00	3097.00	3096.00	3096.00	3096.00	3096.00	3096.00	3095.00	3095.00	3095.00	3095.00	3095.00	3094.00	3094.00	3094.00	3094.00	3093.00	3093.00	3093.00	3093.00	3093.00	3093.00	3092.00	3092.00	3092.00	3092.00	3092.00	3092.00	3092.00	3092.00	3092.00	3092.00	3092.00	3092.00	3092.00	3091.00	3091.00	3091.00	3091.00	3091.00	3091.00	3091.00	3091.00	3091.00	3091.00	3091.00	3091.00	3091.00	3091.00	3090.00	3090.00	3090.00	3090.00	3090.00	3090.00	3090.00	3090.00	3090.00	3090.00	3090.00	3090.00	3089.00	3089.00	3089.00	3089.00	3089.00	3089.00	3088.00	3088.00	3088.00	3088.00	3088.00	3088.00	3088.00	3087.00	3087.00	3087.00	3087.00	3087.00	3087.00	3087.00	3086.00	3086.00	3086.00	3086.00	3086.00	3086.00	3085.00	3085.00	3085.00	3085.00	3085.00	3085.00	3084.00	3084.00	3084.00	3084.00	3084.00	3084.00	3084.00	3084.00	3083.00	3083.00	3083.00	3083.00	3083.00	3082.00	3082.00	3082.00	3082.00	3081.00	3081.00	3081.00	3081.00	3081.00	3080.00	3080.00	3080.00	3080.00	3080.00	3079.00	3079.00	3079.00	3079.00	3079.00	3079.00	3079.00	3079.00	3079.00	3078.00	3078.00	3078.00	3078.00	3078.00	3078.00	3078.00	3078.00	3078.00	3077.00	3077.00	3077.00	3077.00	3077.00	3077.00	3077.00	3077.00	3077.00	3076.00	3076.00	3076.00	3076.00	3076.00	3076.00	3076.00	3075.00	3075.00	3075.00	3075.00	3075.00	3075.00	3075.00	3075.00	3075.00	3074.00	3074.00	3074.00	3074.00	3074.00	3074.00	3074.00	3073.00	3073.00	3073.00	3072.00	3072.00	3072.00	3072.00	3071.00	3071.00	3070.00	3070.00	3070.00	3070.00	3070.00	3070.00	3070.00	3069.00	3069.00	3069.00	3069.00	3069.00	3069.00	3069.00	3068.00	3068.00	3068.00	3068.00	3068.00	3068.00	3068.00	3067.00	3067.00	3067.00	3067.00	3067.00	3066.00	3066.00	3066.00	3066.00	3066.00	3066.00	3066.00	3066.00	3065.00	3065.00	3065.00	3065.00	3065.00	3065.00	3064.00	3064.00	3064.00	3064.00	3064.00	3064.00	3063.00	3063.00	3063.00	3063.00	3063.00	3063.00	3063.00	3062.00	3062.00	3062.00	3062.00	3062.00	3062.00	3062.00	3062.00	3062.00	3062.00	3062.00	3061.00	3061.00	3061.00	3061.00	3061.00	3061.00	3061.00	3061.00	3061.00	3061.00	3061.00	3061.00	3060.00
3097.00	3097.00	3096.00	3096.00	3096.00	3096.00	3096.00	3095.00	3095.00	3095.00	3095.00	3095.00	3094.00	3094.00	3094.00	3094.00	3093.00	3093.00	3093.00	3093.00	3093.00	3093.00	3092.00	3092.00	3092.00	3092.00	3092.00	3092.00	3092.00	3092.00	3092.00	3092.00	3092.00	3092.00	3092.00	3091.00	3091.00	3091.00	3091.00	3091.00	3091.00	3091.00	3091.00	3091.00	3091.00	3091.00	3091.00	3091.00	3091.00	3090.00	3090.00	3090.00	3090.00	3090.00	3090.00	3090.00	3090.00	3090.00	3090.00	3090.00	3090.00	3089.00	3089.00	3089.00	3089.00	3089.00	3089.00	3088.00	3088.00	3088.00	3088.00	3088.00	3088.00	3088.00	3087.00	3087.00	3087.00	3087.00	3087.00	3087.00	3087.00	3086.00	3086.00	3086.00	3086.00	3086.00	3086.00	3085.00	3085.00	3085.00	3085.00	3085.00	3085.00	3084.00	3084.00	3084.00	3084.00	3084.00	3084.00	3084.00	3084.00	3083.00	3083.00	3083.00	3083.00	3083.00	3082.00	3082.00	3082.00	3082.00	3081.00	3081.00	3081.00	3081.00	3081.00	3080.00	3080.00	3080.00	3080.00	3080.00	3079.00	3079.00	3079.00	3079.00	3079.00	3079.00	3079.00	3079.00	3079.00	3078.00	3078.00	3078.00	3078.00	3078.00	3078.00	3078.00	3078.00	3078.00	3077.00	3077.00	3077.00	3077.00	3077.00	3077.00	3077.00	3077.00	3077.00	3076.00	3076.00	3076.00	3076.00	3076.00	3076.00	3076.00	3075.00	3075.00	3075.00	3075.00	3075.00	3075.00	3075.00	3075.00	3075.00	3074.00	3074.00	3074.00	3074.00	3074.00	3074.00	3074.00	3073.00	3073.00	3073.00	3072.00	3072.00	3072.00	3072.00	3071.00	3071.00	3070.00	3070.00	3070.00	3070.00	3070.00	3070.00	3070.00	3069.00	3069.00	3069.00	3069.00	3069.00	3069.00	3069.00	3068.00	3068.00	3068.00	3068.00	3068.00	3068.00	3068.00	3067.00	3067.00	3067.00	3067.00	3067.00	3066.00	3066.00	3066.00	3066.00	3066.00	3066.00	3066.00	3066.00	3065.00	3065.00	3065.00	3065.00	3065.00	3065.00	3064.00	3064.00	3064.00	3064.00	3064.00	3064.00	3063.00	3063.00	3063.00	3063.00	3063.00	3063.00	3063.00	3062.00	3062.00	3062.00	3062.00	3062.00	3062.00	3062.00	3062.00	3062.00	3062.00	3062.00	3061.00	3061.00	3061.00	3061.00	3061.00	3061.00	3061.00	3061.00	3061.00	3061.00	3061.00	3061.00	3060.00
3097.00	3097.00	3096.00	3096.00	3096.00	3096.00	3096.00	3095.00	3095.00	3095.00	3095.00	3095.00	3094.00	3094.00	3094.00	3094.00	3093.00	3093.00	3093.00	3093.00	3093.00	3093.00	3092.00	3092.00	3092.00	3092.00	3092.00	3092.00	3092.00	3092.00	3092.00	3092.00	3092.00	3092.00	3092.00	3091.00	3091.00	3091.00	3091.00	3091.00	3091.00	3091.00	3091.00	3091.00	3091.00	3091.00	3091.00	3091.00	3091.00	3090.00	3090.00	3090.00	3090.00	3090.00	3090.00	3090.00	3090.00	3090.00	3090.00	3090.00	3090.00	3089.00	3089.00	3089.00	3089.00	3089.00	3089.00	3088.00	3088.00	3088.00	3088.00	3088.00	3088.00	3088.00	3087.00	3087.00	3087.00	3087.00	3087.00	3087.00	3087.00	3086.00	3086.00	3086.00	3086.00	3086.00	3086.00	3085.00	3085.00	3085.00	3085.00	3085.00	3085.00	3084.00	3084.00	3084.00	3084.00	3084.00	3084.00	3084.00	3084.00	3083.00	3083.00	3083.00	3083.00	3083.00	3082.00	3082.00	3082.00	3082.00	3081.00	3081.00	3081.00	3081.00	3081.00	3080.00	3080.00	3080.00	3080.00	3080.00	3079.00	3079.00	3079.00	3079.00	3079.00	3079.00	3079.00	3079.00	3079.00	3078.00	3078.00	3078.00	3078.00	3078.00	3078.00	3078.00	3078.00	3078.00	3077.00	3077.00	3077.00	3077.00	3077.00	3077.00	3077.00	3077.00	3077.00	3076.00	3076.00	3076.00	3076.00	3076.00	3076.00	3076.00	3075.00	3075.00	3075.00	3075.00	3075.00	3075.00	3075.00	3075.00	3075.00	3074.00	3074.00	3074.00	3074.00	3074.00	3074.00	3074.00	3073.00	3073.00	3073.00	3072.00	3072.00	3072.00	3072.00	3071.00	3071.00	3070.00	3070.00	3070.00	3070.00	3070.00	3070.00	3070.00	3069.00	3069.00	3069.00	3069.00	3069.00	3069.00	3069.00	3068.00	3068.00	3068.00	3068.00	3068.00	3068.00	3068.00	3067.00	3067.00	3067.00	3067.00	3067.00	3066.00	3066.00	3066.00	3066.00	3066.00	3066.00	3066.00	3066.00	3065.00	3065.00	3065.00	3065.00	3065.00	3065.00	3064.00	3064.00	3064.00	3064.00	3064.00	3064.00	3063.00	3063.00	3063.00	3063.00	3063.00	3063.00	3063.00	3062.00	3062.00	3062.00	3062.00	3062.00	3062.00	3062.00	3062.00	3062.00	3062.00	3062.00	3061.00	3061.00	3061.00	3061.00	3061.00	3061.00	3061.00	3061.00	3061.00	3061.00	3061.00	3061.00	3060.00
3095.00	3095.00	3095.00	3095.00	3095.00	3095.00	3095.00	3094.00	3094.00	3094.00	3094.00	3094.00	3093.00	3093.00	3093.00	3093.00	3093.00	3092.00	3092.00	3092.00	3092.00	3092.00	3091.00	3091.00	3091.00	3091.00	3091.00	3091.00	3090.00	3090.00	3090.00	3090.00	3090.00	3090.00	3090.00	3090.00	3090.00	3090.00	3090.00	3090.00	3089.00	3089.00	3089.00	3089.00	3089.00	3089.00	3089.00	3089.00	3089.00	3089.00	3089.00	3089.00	3089.00	3088.00	3088.00	3088.00	3088.00	3088.00	3088.00	3088.00	3088.00	3088.00	3088.00	3088.00	3088.00	3088.00	3087.00	3087.00	3087.00	3087.00	3087.00	3087.00	3086.00	3086.00	3086.00	3086.00	3086.00	3086.00	3086.00	3085.00	3085.00	3085.00	3085.00	3085.00	3085.00	3084.00	3084.00	3084.00	3084.00	3084.00	3084.00	3084.00	3084.00	3083.00	3083.00	3083.00	3083.00	3083.00	3083.00	3082.00	3082.00	3082.00	3082.00	3082.00	3082.00	3082.00	3081.00	3081.00	3080.00	3080.00	3080.00	3080.00	3080.00	3080.00	3080.00	3079.00	3079.00	3079.00	3079.00	3078.00	3078.00	3078.00	3078.00	3078.00	3078.00	3078.00	3078.00	3078.00	3078.00	3078.00	3078.00	3078.00	3078.00	3077.00	3077.00	3077.00	3077.00	3077.00	3076.00	3076.00	3076.00	3076.00	3076.00	3076.00	3076.00	3076.00	3076.00	3075.00	3075.00	3075.00	3075.00	3075.00	3074.00	3074.00	3074.00	3074.00	3074.00	3074.00	3074.00	3074.00	3074.00	3073.00	3073.00	3073.00	3073.00	3073.00	3072.00	3072.00	3072.00	3072.00	3071.00	3071.00	3071.00	3070.00	3070.00	3070.00	3070.00	3070.00	3069.00	3069.00	3069.00	3069.00	3069.00	3069.00	3068.00	3068.00	3068.00	3068.00	3068.00	3067.00	3067.00	3067.00	3067.00	3067.00	3067.00	3067.00	3067.00	3067.00	3066.00	3066.00	3066.00	3066.00	3066.00	3066.00	3065.00	3065.00	3065.00	3065.00	3065.00	3065.00	3064.00	3064.00	3064.00	3064.00	3063.00	3063.00	3063.00	3063.00	3063.00	3063.00	3063.00	3062.00	3062.00	3062.00	3062.00	3061.00	3061.00	3061.00	3061.00	3061.00	3061.00	3061.00	3061.00	3061.00	3061.00	3061.00	3060.00	3060.00	3060.00	3060.00	3060.00	3060.00	3060.00	3060.00	3060.00	3060.00	3060.00	3060.00	3059.00	3059.00	3059.00	3059.00	3059.00	3059.00	3059.00	3059.00
3095.00	3095.00	3095.00	3095.00	3095.00	3095.00	3095.00	3094.00	3094.00	3094.00	3094.00	3094.00	3093.00	3093.00	3093.00	3093.00	3093.00	3092.00	3092.00	3092.00	3092.00	3092.00	3091.00	3091.00	3091.00	3091.00	3091.00	3091.00	3090.00	3090.00	3090.00	3090.00	3090.00	3090.00	3090.00	3090.00	3090.00	3090.00	3090.00	3090.00	3089.00	3089.00	3089.00	3089.00	3089.00	3089.00	3089.00	3089.00	3089.00	3089.00	3089.00	3089.00	3089.00	3088.00	3088.00	3088.00	3088.00	3088.00	3088.00	3088.00	3088.00	3088.00	3088.00	3088.00	3088.00	3088.00	3087.00	3087.00	3087.00	3087.00	3087.00	3087.00	3086.00	3086.00	3086.00	3086.00	3086.00	3086.00	3086.00	3085.00	3085.00	3085.00	3085.00	3085.00	3085.00	3084.00	3084.00	3084.00	3084.00	3084.00	3084.00	3084.00	3084.00	3083.00	3083.00	3083.00	3083.00	3083.00	3083.00	3082.00	3082.00	3082.00	3082.00	3082.00	3082.00	3082.00	3081.00	3081.00	3080.00	3080.00	3080.00	3080.00	3080.00	3080.00	3080.00	3079.00	3079.00	3079.00	3079.00	3078.00	3078.00	3078.00	3078.00	3078.00	3078.00	3078.00	3078.00	3078.00	3078.00	3078.00	3078.00	3078.00	3078.00	3077.00	3077.00	3077.00	3077.00	3077.00	3076.00	3076.00	3076.00	3076.00	3076.00	3076.00	3076.00	3076.00	3076.00	3075.00	3075.00	3075.00	3075.00	3075.00	3074.00	3074.00	3074.00	3074.00	3074.00	3074.00	3074.00	3074.00	3074.00	3073.00	3073.00	3073.00	3073.00	3073.00	3072.00	3072.00	3072.00	3072.00	3071.00	3071.00	3071.00	3070.00	3070.00	3070.00	3070.00	3070.00	3069.00	3069.00	3069.00	3069.00	3069.00	3069.00	3068.00	3068.00	3068.00	3068.00	3068.00	3067.00	3067.00	3067.00	3067.00	3067.00	3067.00	3067.00	3067.00	3067.00	3066.00	3066.00	3066.00	3066.00	3066.00	3066.00	3065.00	3065.00	3065.00	3065.00	3065.00	3065.00	3064.00	3064.00	3064.00	3064.00	3063.00	3063.00	3063.00	3063.00	3063.00	3063.00	3063.00	3062.00	3062.00	3062.00	3062.00	3061.00	3061.00	3061.00	3061.00	3061.00	3061.00	3061.00	3061.00	3061.00	3061.00	3061.00	3060.00	3060.00	3060.00	3060.00	3060.00	3060.00	3060.00	3060.00	3060.00	3060.00	3060.00	3060.00	3059.00	3059.00	3059.00	3059.00	3059.00	3059.00	3059.00	3059.00
3095.00	3095.00	3095.00	3095.00	3095.00	3095.00	3095.00	3094.00	3094.00	3094.00	3094.00	3094.00	3093.00	3093.00	3093.00	3093.00	3093.00	3092.00	3092.00	3092.00	3092.00	3092.00	3091.00	3091.00	3091.00	3091.00	3091.00	3091.00	3090.00	3090.00	3090.00	3090.00	3090.00	3090.00	3090.00	3090.00	3090.00	3090.00	3090.00	3090.00	3089.00	3089.00	3089.00	3089.00	3089.00	3089.00	3089.00	3089.00	3089.00	3089.00	3089.00	3089.00	3089.00	3088.00	3088.00	3088.00	3088.00	3088.00	3088.00	3088.00	3088.00	3088.00	3088.00	3088.00	3088.00	3088.00	3087.00	3087.00	3087.00	3087.00	3087.00	3087.00	3086.00	3086.00	3086.00	3086.00	3086.00	3086.00	3086.00	3085.00	3085.00	3085.00	3085.00	3085.00	3085.00	3084.00	3084.00	3084.00	3084.00	3084.00	3084.00	3084.00	3084.00	3083.00	3083.00	3083.00	3083.00	3083.00	3083.00	3082.00	3082.00	3082.00	3082.00	3082.00	3082.00	3082.00	3081.00	3081.00	3080.00	3080.00	3080.00	3080.00	3080.00	3080.00	3080.00	3079.00	3079.00	3079.00	3079.00	3078.00	3078.00	3078.00	3078.00	3078.00	3078.00	3078.00	3078.00	3078.00	3078.00	3078.00	3078.00	3078.00	3078.00	3077.00	3077.00	3077.00	3077.00	3077.00	3076.00	3076.00	3076.00	3076.00	3076.00	3076.00	3076.00	3076.00	3076.00	3075.00	3075.00	3075.00	3075.00	3075.00	3074.00	3074.00	3074.00	3074.00	3074.00	3074.00	3074.00	3074.00	3074.00	3073.00	3073.00	3073.00	3073.00	3073.00	3072.00	3072.00	3072.00	3072.00	3071.00	3071.00	3071.00	3070.00	3070.00	3070.00	3070.00	3070.00	3069.00	3069.00	3069.00	3069.00	3069.00	3069.00	3068.00	3068.00	3068.00	3068.00	3068.00	3067.00	3067.00	3067.00	3067.00	3067.00	3067.00	3067.00	3067.00	3067.00	3066.00	3066.00	3066.00	3066.00	3066.00	3066.00	3065.00	3065.00	3065.00	3065.00	3065.00	3065.00	3064.00	3064.00	3064.00	3064.00	3063.00	3063.00	3063.00	3063.00	3063.00	3063.00	3063.00	3062.00	3062.00	3062.00	3062.00	3061.00	3061.00	3061.00	3061.00	3061.00	3061.00	3061.00	3061.00	3061.00	3061.00	3061.00	3060.00	3060.00	3060.00	3060.00	3060.00	3060.00	3060.00	3060.00	3060.00	3060.00	3060.00	3060.00	3059.00	3059.00	3059.00	3059.00	3059.00	3059.00	3059.00	3059.00
3095.00	3095.00	3095.00	3095.00	3095.00	3095.00	3095.00	3094.00	3094.00	3094.00	3094.00	3094.00	3093.00	3093.00	3093.00	3093.00	3093.00	3092.00	3092.00	3092.00	3092.00	3092.00	3091.00	3091.00	3091.00	3091.00	3091.00	3091.00	3090.00	3090.00	3090.00	3090.00	3090.00	3090.00	3090.00	3090.00	3090.00	3090.00	3090.00	3090.00	3089.00	3089.00	3089.00	3089.00	3089.00	3089.00	3089.00	3089.00	3089.00	3089.00	3089.00	3089.00	3089.00	3088.00	3088.00	3088.00	3088.00	3088.00	3088.00	3088.00	3088.00	3088.00	3088.00	3088.00	3088.00	3088.00	3087.00	3087.00	3087.00	3087.00	3087.00	3087.00	3086.00	3086.00	3086.00	3086.00	3086.00	3086.00	3086.00	3085.00	3085.00	3085.00	3085.00	3085.00	3085.00	3084.00	3084.00	3084.00	3084.00	3084.00	3084.00	3084.00	3084.00	3083.00	3083.00	3083.00	3083.00	3083.00	3083.00	3082.00	3082.00	3082.00	3082.00	3082.00	3082.00	3082.00	3081.00	3081.00	3080.00	3080.00	3080.00	3080.00	3080.00	3080.00	3080.00	3079.00	3079.00	3079.00	3079.00	3078.00	3078.00	3078.00	3078.00	3078.00	3078.00	3078.00	3078.00	3078.00	3078.00	3078.00	3078.00	3078.00	3078.00	3077.00	3077.00	3077.00	3077.00	3077.00	3076.00	3076.00	3076.00	3076.00	3076.00	3076.00	3076.00	3076.00	3076.00	3075.00	3075.00	3075.00	3075.00	3075.00	3074.00	3074.00	3074.00	3074.00	3074.00	3074.00	3074.00	3074.00	3074.00	3073.00	3073.00	3073.00	3073.00	3073.00	3072.00	3072.00	3072.00	3072.00	3071.00	3071.00	3071.00	3070.00	3070.00	3070.00	3070.00	3070.00	3069.00	3069.00	3069.00	3069.00	3069.00	3069.00	3068.00	3068.00	3068.00	3068.00	3068.00	3067.00	3067.00	3067.00	3067.00	3067.00	3067.00	3067.00	3067.00	3067.00	3066.00	3066.00	3066.00	3066.00	3066.00	3066.00	3065.00	3065.00	3065.00	3065.00	3065.00	3065.00	3064.00	3064.00	3064.00	3064.00	3063.00	3063.00	3063.00	3063.00	3063.00	3063.00	3063.00	3062.00	3062.00	3062.00	3062.00	3061.00	3061.00	3061.00	3061.00	3061.00	3061.00	3061.00	3061.00	3061.00	3061.00	3061.00	3060.00	3060.00	3060.00	3060.00	3060.00	3060.00	3060.00	3060.00	3060.00	3060.00	3060.00	3060.00	3059.00	3059.00	3059.00	3059.00	3059.00	3059.00	3059.00	3059.00
3095.00	3095.00	3095.00	3095.00	3095.00	3095.00	3095.00	3094.00	3094.00	3094.00	3094.00	3094.00	3093.00	3093.00	3093.00	3093.00	3093.00	3092.00	3092.00	3092.00	3092.00	3092.00	3091.00	3091.00	3091.00	3091.00	3091.00	3091.00	3090.00	3090.00	3090.00	3090.00	3090.00	3090.00	3090.00	3090.00	3090.00	3090.00	3090.00	3090.00	3089.00	3089.00	3089.00	3089.00	3089.00	3089.00	3089.00	3089.00	3089.00	3089.00	3089.00	3089.00	3089.00	3088.00	3088.00	3088.00	3088.00	3088.00	3088.00	3088.00	3088.00	3088.00	3088.00	3088.00	3088.00	3088.00	3087.00	3087.00	3087.00	3087.00	3087.00	3087.00	3086.00	3086.00	3086.00	3086.00	3086.00	3086.00	3086.00	3085.00	3085.00	3085.00	3085.00	3085.00	3085.00	3084.00	3084.00	3084.00	3084.00	3084.00	3084.00	3084.00	3084.00	3083.00	3083.00	3083.00	3083.00	3083.00	3083.00	3082.00	3082.00	3082.00	3082.00	3082.00	3082.00	3082.00	3081.00	3081.00	3080.00	3080.00	3080.00	3080.00	3080.00	3080.00	3080.00	3079.00	3079.00	3079.00	3079.00	3078.00	3078.00	3078.00	3078.00	3078.00	3078.00	3078.00	3078.00	3078.00	3078.00	3078.00	3078.00	3078.00	3078.00	3077.00	3077.00	3077.00	3077.00	3077.00	3076.00	3076.00	3076.00	3076.00	3076.00	3076.00	3076.00	3076.00	3076.00	3075.00	3075.00	3075.00	3075.00	3075.00	3074.00	3074.00	3074.00	3074.00	3074.00	3074.00	3074.00	3074.00	3074.00	3073.00	3073.00	3073.00	3073.00	3073.00	3072.00	3072.00	3072.00	3072.00	3071.00	3071.00	3071.00	3070.00	3070.00	3070.00	3070.00	3070.00	3069.00	3069.00	3069.00	3069.00	3069.00	3069.00	3068.00	3068.00	3068.00	3068.00	3068.00	3067.00	3067.00	3067.00	3067.00	3067.00	3067.00	3067.00	3067.00	3067.00	3066.00	3066.00	3066.00	3066.00	3066.00	3066.00	3065.00	3065.00	3065.00	3065.00	3065.00	3065.00	3064.00	3064.00	3064.00	3064.00	3063.00	3063.00	3063.00	3063.00	3063.00	3063.00	3063.00	3062.00	3062.00	3062.00	3062.00	3061.00	3061.00	3061.00	3061.00	3061.00	3061.00	3061.00	3061.00	3061.00	3061.00	3061.00	3060.00	3060.00	3060.00	3060.00	3060.00	3060.00	3060.00	3060.00	3060.00	3060.00	3060.00	3060.00	3059.00	3059.00	3059.00	3059.00	3059.00	3059.00	3059.00	3059.00
3095.00	3095.00	3095.00	3095.00	3095.00	3095.00	3095.00	3094.00	3094.00	3094.00	3094.00	3094.00	3093.00	3093.00	3093.00	3093.00	3093.00	3092.00	3092.00	3092.00	3092.00	3092.00	3091.00	3091.00	3091.00	3091.00	3091.00	3091.00	3090.00	3090.00	3090.00	3090.00	3090.00	3090.00	3090.00	3090.00	3090.00	3090.00	3090.00	3090.00	3089.00	3089.00	3089.00	3089.00	3089.00	3089.00	3089.00	3089.00	3089.00	3089.00	3089.00	3089.00	3089.00	3088.00	3088.00	3088.00	3088.00	3088.00	3088.00	3088.00	3088.00	3088.00	3088.00	3088.00	3088.00	3088.00	3087.00	3087.00	3087.00	3087.00	3087.00	3087.00	3086.00	3086.00	3086.00	3086.00	3086.00	3086.00	3086.00	3085.00	3085.00	3085.00	3085.00	3085.00	3085.00	3084.00	3084.00	3084.00	3084.00	3084.00	3084.00	3084.00	3084.00	3083.00	3083.00	3083.00	3083.00	3083.00	3083.00	3082.00	3082.00	3082.00	3082.00	3082.00	3082.00	3082.00	3081.00	3081.00	3080.00	3080.00	3080.00	3080.00	3080.00	3080.00	3080.00	3079.00	3079.00	3079.00	3079.00	3078.00	3078.00	3078.00	3078.00	3078.00	3078.00	3078.00	3078.00	3078.00	3078.00	3078.00	3078.00	3078.00	3078.00	3077.00	3077.00	3077.00	3077.00	3077.00	3076.00	3076.00	3076.00	3076.00	3076.00	3076.00	3076.00	3076.00	3076.00	3075.00	3075.00	3075.00	3075.00	3075.00	3074.00	3074.00	3074.00	3074.00	3074.00	3074.00	3074.00	3074.00	3074.00	3073.00	3073.00	3073.00	3073.00	3073.00	3072.00	3072.00	3072.00	3072.00	3071.00	3071.00	3071.00	3070.00	3070.00	3070.00	3070.00	3070.00	3069.00	3069.00	3069.00	3069.00	3069.00	3069.00	3068.00	3068.00	3068.00	3068.00	3068.00	3067.00	3067.00	3067.00	3067.00	3067.00	3067.00	3067.00	3067.00	3067.00	3066.00	3066.00	3066.00	3066.00	3066.00	3066.00	3065.00	3065.00	3065.00	3065.00	3065.00	3065.00	3064.00	3064.00	3064.00	3064.00	3063.00	3063.00	3063.00	3063.00	3063.00	3063.00	3063.00	3062.00	3062.00	3062.00	3062.00	3061.00	3061.00	3061.00	3061.00	3061.00	3061.00	3061.00	3061.00	3061.00	3061.00	3061.00	3060.00	3060.00	3060.00	3060.00	3060.00	3060.00	3060.00	3060.00	3060.00	3060.00	3060.00	3060.00	3059.00	3059.00	3059.00	3059.00	3059.00	3059.00	3059.00	3059.00
3095.00	3095.00	3095.00	3095.00	3095.00	3095.00	3095.00	3094.00	3094.00	3094.00	3094.00	3094.00	3093.00	3093.00	3093.00	3093.00	3093.00	3092.00	3092.00	3092.00	3092.00	3092.00	3091.00	3091.00	3091.00	3091.00	3091.00	3091.00	3090.00	3090.00	3090.00	3090.00	3090.00	3090.00	3090.00	3090.00	3090.00	3090.00	3090.00	3090.00	3089.00	3089.00	3089.00	3089.00	3089.00	3089.00	3089.00	3089.00	3089.00	3089.00	3089.00	3089.00	3089.00	3088.00	3088.00	3088.00	3088.00	3088.00	3088.00	3088.00	3088.00	3088.00	3088.00	3088.00	3088.00	3088.00	3087.00	3087.00	3087.00	3087.00	3087.00	3087.00	3086.00	3086.00	3086.00	3086.00	3086.00	3086.00	3086.00	3085.00	3085.00	3085.00	3085.00	3085.00	3085.00	3084.00	3084.00	3084.00	3084.00	3084.00	3084.00	3084.00	3084.00	3083.00	3083.00	3083.00	3083.00	3083.00	3083.00	3082.00	3082.00	3082.00	3082.00	3082.00	3082.00	3082.00	3081.00	3081.00	3080.00	3080.00	3080.00	3080.00	3080.00	3080.00	3080.00	3079.00	3079.00	3079.00	3079.00	3078.00	3078.00	3078.00	3078.00	3078.00	3078.00	3078.00	3078.00	3078.00	3078.00	3078.00	3078.00	3078.00	3078.00	3077.00	3077.00	3077.00	3077.00	3077.00	3076.00	3076.00	3076.00	3076.00	3076.00	3076.00	3076.00	3076.00	3076.00	3075.00	3075.00	3075.00	3075.00	3075.00	3074.00	3074.00	3074.00	3074.00	3074.00	3074.00	3074.00	3074.00	3074.00	3073.00	3073.00	3073.00	3073.00	3073.00	3072.00	3072.00	3072.00	3072.00	3071.00	3071.00	3071.00	3070.00	3070.00	3070.00	3070.00	3070.00	3069.00	3069.00	3069.00	3069.00	3069.00	3069.00	3068.00	3068.00	3068.00	3068.00	3068.00	3067.00	3067.00	3067.00	3067.00	3067.00	3067.00	3067.00	3067.00	3067.00	3066.00	3066.00	3066.00	3066.00	3066.00	3066.00	3065.00	3065.00	3065.00	3065.00	3065.00	3065.00	3064.00	3064.00	3064.00	3064.00	3063.00	3063.00	3063.00	3063.00	3063.00	3063.00	3063.00	3062.00	3062.00	3062.00	3062.00	3061.00	3061.00	3061.00	3061.00	3061.00	3061.00	3061.00	3061.00	3061.00	3061.00	3061.00	3060.00	3060.00	3060.00	3060.00	3060.00	3060.00	3060.00	3060.00	3060.00	3060.00	3060.00	3060.00	3059.00	3059.00	3059.00	3059.00	3059.00	3059.00	3059.00	3059.00
3095.00	3095.00	3095.00	3095.00	3095.00	3095.00	3095.00	3094.00	3094.00	3094.00	3094.00	3094.00	3093.00	3093.00	3093.00	3093.00	3093.00	3092.00	3092.00	3092.00	3092.00	3092.00	3091.00	3091.00	3091.00	3091.00	3091.00	3091.00	3090.00	3090.00	3090.00	3090.00	3090.00	3090.00	3090.00	3090.00	3090.00	3090.00	3090.00	3090.00	3089.00	3089.00	3089.00	3089.00	3089.00	3089.00	3089.00	3089.00	3089.00	3089.00	3089.00	3089.00	3089.00	3088.00	3088.00	3088.00	3088.00	3088.00	3088.00	3088.00	3088.00	3088.00	3088.00	3088.00	3088.00	3088.00	3087.00	3087.00	3087.00	3087.00	3087.00	3087.00	3086.00	3086.00	3086.00	3086.00	3086.00	3086.00	3086.00	3085.00	3085.00	3085.00	3085.00	3085.00	3085.00	3084.00	3084.00	3084.00	3084.00	3084.00	3084.00	3084.00	3084.00	3083.00	3083.00	3083.00	3083.00	3083.00	3083.00	3082.00	3082.00	3082.00	3082.00	3082.00	3082.00	3082.00	3081.00	3081.00	3080.00	3080.00	3080.00	3080.00	3080.00	3080.00	3080.00	3079.00	3079.00	3079.00	3079.00	3078.00	3078.00	3078.00	3078.00	3078.00	3078.00	3078.00	3078.00	3078.00	3078.00	3078.00	3078.00	3078.00	3078.00	3077.00	3077.00	3077.00	3077.00	3077.00	3076.00	3076.00	3076.00	3076.00	3076.00	3076.00	3076.00	3076.00	3076.00	3075.00	3075.00	3075.00	3075.00	3075.00	3074.00	3074.00	3074.00	3074.00	3074.00	3074.00	3074.00	3074.00	3074.00	3073.00	3073.00	3073.00	3073.00	3073.00	3072.00	3072.00	3072.00	3072.00	3071.00	3071.00	3071.00	3070.00	3070.00	3070.00	3070.00	3070.00	3069.00	3069.00	3069.00	3069.00	3069.00	3069.00	3068.00	3068.00	3068.00	3068.00	3068.00	3067.00	3067.00	3067.00	3067.00	3067.00	3067.00	3067.00	3067.00	3067.00	3066.00	3066.00	3066.00	3066.00	3066.00	3066.00	3065.00	3065.00	3065.00	3065.00	3065.00	3065.00	3064.00	3064.00	3064.00	3064.00	3063.00	3063.00	3063.00	3063.00	3063.00	3063.00	3063.00	3062.00	3062.00	3062.00	3062.00	3061.00	3061.00	3061.00	3061.00	3061.00	3061.00	3061.00	3061.00	3061.00	3061.00	3061.00	3060.00	3060.00	3060.00	3060.00	3060.00	3060.00	3060.00	3060.00	3060.00	3060.00	3060.00	3060.00	3059.00	3059.00	3059.00	3059.00	3059.00	3059.00	3059.00	3059.00
3095.00	3095.00	3095.00	3095.00	3095.00	3095.00	3095.00	3094.00	3094.00	3094.00	3094.00	3094.00	3093.00	3093.00	3093.00	3093.00	3093.00	3092.00	3092.00	3092.00	3092.00	3092.00	3091.00	3091.00	3091.00	3091.00	3091.00	3091.00	3090.00	3090.00	3090.00	3090.00	3090.00	3090.00	3090.00	3090.00	3090.00	3090.00	3090.00	3090.00	3089.00	3089.00	3089.00	3089.00	3089.00	3089.00	3089.00	3089.00	3089.00	3089.00	3089.00	3089.00	3089.00	3088.00	3088.00	3088.00	3088.00	3088.00	3088.00	3088.00	3088.00	3088.00	3088.00	3088.00	3088.00	3088.00	3087.00	3087.00	3087.00	3087.00	3087.00	3087.00	3086.00	3086.00	3086.00	3086.00	3086.00	3086.00	3086.00	3085.00	3085.00	3085.00	3085.00	3085.00	3085.00	3084.00	3084.00	3084.00	3084.00	3084.00	3084.00	3084.00	3084.00	3083.00	3083.00	3083.00	3083.00	3083.00	3083.00	3082.00	3082.00	3082.00	3082.00	3082.00	3082.00	3082.00	3081.00	3081.00	3080.00	3080.00	3080.00	3080.00	3080.00	3080.00	3080.00	3079.00	3079.00	3079.00	3079.00	3078.00	3078.00	3078.00	3078.00	3078.00	3078.00	3078.00	3078.00	3078.00	3078.00	3078.00	3078.00	3078.00	3078.00	3077.00	3077.00	3077.00	3077.00	3077.00	3076.00	3076.00	3076.00	3076.00	3076.00	3076.00	3076.00	3076.00	3076.00	3075.00	3075.00	3075.00	3075.00	3075.00	3074.00	3074.00	3074.00	3074.00	3074.00	3074.00	3074.00	3074.00	3074.00	3073.00	3073.00	3073.00	3073.00	3073.00	3072.00	3072.00	3072.00	3072.00	3071.00	3071.00	3071.00	3070.00	3070.00	3070.00	3070.00	3070.00	3069.00	3069.00	3069.00	3069.00	3069.00	3069.00	3068.00	3068.00	3068.00	3068.00	3068.00	3067.00	3067.00	3067.00	3067.00	3067.00	3067.00	3067.00	3067.00	3067.00	3066.00	3066.00	3066.00	3066.00	3066.00	3066.00	3065.00	3065.00	3065.00	3065.00	3065.00	3065.00	3064.00	3064.00	3064.00	3064.00	3063.00	3063.00	3063.00	3063.00	3063.00	3063.00	3063.00	3062.00	3062.00	3062.00	3062.00	3061.00	3061.00	3061.00	3061.00	3061.00	3061.00	3061.00	3061.00	3061.00	3061.00	3061.00	3060.00	3060.00	3060.00	3060.00	3060.00	3060.00	3060.00	3060.00	3060.00	3060.00	3060.00	3060.00	3059.00	3059.00	3059.00	3059.00	3059.00	3059.00	3059.00	3059.00
3095.00	3095.00	3095.00	3095.00	3095.00	3095.00	3095.00	3094.00	3094.00	3094.00	3094.00	3094.00	3093.00	3093.00	3093.00	3093.00	3093.00	3092.00	3092.00	3092.00	3092.00	3092.00	3091.00	3091.00	3091.00	3091.00	3091.00	3091.00	3090.00	3090.00	3090.00	3090.00	3090.00	3090.00	3090.00	3090.00	3090.00	3090.00	3090.00	3090.00	3089.00	3089.00	3089.00	3089.00	3089.00	3089.00	3089.00	3089.00	3089.00	3089.00	3089.00	3089.00	3089.00	3088.00	3088.00	3088.00	3088.00	3088.00	3088.00	3088.00	3088.00	3088.00	3088.00	3088.00	3088.00	3088.00	3087.00	3087.00	3087.00	3087.00	3087.00	3087.00	3086.00	3086.00	3086.00	3086.00	3086.00	3086.00	3086.00	3085.00	3085.00	3085.00	3085.00	3085.00	3085.00	3084.00	3084.00	3084.00	3084.00	3084.00	3084.00	3084.00	3084.00	3083.00	3083.00	3083.00	3083.00	3083.00	3083.00	3082.00	3082.00	3082.00	3082.00	3082.00	3082.00	3082.00	3081.00	3081.00	3080.00	3080.00	3080.00	3080.00	3080.00	3080.00	3080.00	3079.00	3079.00	3079.00	3079.00	3078.00	3078.00	3078.00	3078.00	3078.00	3078.00	3078.00	3078.00	3078.00	3078.00	3078.00	3078.00	3078.00	3078.00	3077.00	3077.00	3077.00	3077.00	3077.00	3076.00	3076.00	3076.00	3076.00	3076.00	3076.00	3076.00	3076.00	3076.00	3075.00	3075.00	3075.00	3075.00	3075.00	3074.00	3074.00	3074.00	3074.00	3074.00	3074.00	3074.00	3074.00	3074.00	3073.00	3073.00	3073.00	3073.00	3073.00	3072.00	3072.00	3072.00	3072.00	3071.00	3071.00	3071.00	3070.00	3070.00	3070.00	3070.00	3070.00	3069.00	3069.00	3069.00	3069.00	3069.00	3069.00	3068.00	3068.00	3068.00	3068.00	3068.00	3067.00	3067.00	3067.00	3067.00	3067.00	3067.00	3067.00	3067.00	3067.00	3066.00	3066.00	3066.00	3066.00	3066.00	3066.00	3065.00	3065.00	3065.00	3065.00	3065.00	3065.00	3064.00	3064.00	3064.00	3064.00	3063.00	3063.00	3063.00	3063.00	3063.00	3063.00	3063.00	3062.00	3062.00	3062.00	3062.00	3061.00	3061.00	3061.00	3061.00	3061.00	3061.00	3061.00	3061.00	3061.00	3061.00	3061.00	3060.00	3060.00	3060.00	3060.00	3060.00	3060.00	3060.00	3060.00	3060.00	3060.00	3060.00	3060.00	3059.00	3059.00	3059.00	3059.00	3059.00	3059.00	3059.00	3059.00
3095.00	3095.00	3095.00	3095.00	3095.00	3095.00	3095.00	3094.00	3094.00	3094.00	3094.00	3094.00	3093.00	3093.00	3093.00	3093.00	3093.00	3092.00	3092.00	3092.00	3092.00	3092.00	3091.00	3091.00	3091.00	3091.00	3091.00	3091.00	3090.00	3090.00	3090.00	3090.00	3090.00	3090.00	3090.00	3090.00	3090.00	3090.00	3090.00	3090.00	3089.00	3089.00	3089.00	3089.00	3089.00	3089.00	3089.00	3089.00	3089.00	3089.00	3089.00	3089.00	3089.00	3088.00	3088.00	3088.00	3088.00	3088.00	3088.00	3088.00	3088.00	3088.00	3088.00	3088.00	3088.00	3088.00	3087.00	3087.00	3087.00	3087.00	3087.00	3087.00	3086.00	3086.00	3086.00	3086.00	3086.00	3086.00	3086.00	3085.00	3085.00	3085.00	3085.00	3085.00	3085.00	3084.00	3084.00	3084.00	3084.00	3084.00	3084.00	3084.00	3084.00	3083.00	3083.00	3083.00	3083.00	3083.00	3083.00	3082.00	3082.00	3082.00	3082.00	3082.00	3082.00	3082.00	3081.00	3081.00	3080.00	3080.00	3080.00	3080.00	3080.00	3080.00	3080.00	3079.00	3079.00	3079.00	3079.00	3078.00	3078.00	3078.00	3078.00	3078.00	3078.00	3078.00	3078.00	3078.00	3078.00	3078.00	3078.00	3078.00	3078.00	3077.00	3077.00	3077.00	3077.00	3077.00	3076.00	3076.00	3076.00	3076.00	3076.00	3076.00	3076.00	3076.00	3076.00	3075.00	3075.00	3075.00	3075.00	3075.00	3074.00	3074.00	3074.00	3074.00	3074.00	3074.00	3074.00	3074.00	3074.00	3073.00	3073.00	3073.00	3073.00	3073.00	3072.00	3072.00	3072.00	3072.00	3071.00	3071.00	3071.00	3070.00	3070.00	3070.00	3070.00	3070.00	3069.00	3069.00	3069.00	3069.00	3069.00	3069.00	3068.00	3068.00	3068.00	3068.00	3068.00	3067.00	3067.00	3067.00	3067.00	3067.00	3067.00	3067.00	3067.00	3067.00	3066.00	3066.00	3066.00	3066.00	3066.00	3066.00	3065.00	3065.00	3065.00	3065.00	3065.00	3065.00	3064.00	3064.00	3064.00	3064.00	3063.00	3063.00	3063.00	3063.00	3063.00	3063.00	3063.00	3062.00	3062.00	3062.00	3062.00	3061.00	3061.00	3061.00	3061.00	3061.00	3061.00	3061.00	3061.00	3061.00	3061.00	3061.00	3060.00	3060.00	3060.00	3060.00	3060.00	3060.00	3060.00	3060.00	3060.00	3060.00	3060.00	3060.00	3059.00	3059.00	3059.00	3059.00	3059.00	3059.00	3059.00	3059.00
3095.00	3094.00	3094.00	3094.00	3094.00	3094.00	3094.00	3093.00	3093.00	3093.00	3093.00	3093.00	3092.00	3092.00	3092.00	3092.00	3092.00	3091.00	3091.00	3091.00	3091.00	3091.00	3090.00	3090.00	3090.00	3090.00	3089.00	3089.00	3089.00	3089.00	3089.00	3089.00	3089.00	3089.00	3089.00	3088.00	3088.00	3088.00	3088.00	3088.00	3088.00	3088.00	3088.00	3088.00	3088.00	3088.00	3087.00	3087.00	3087.00	3087.00	3087.00	3087.00	3087.00	3087.00	3087.00	3087.00	3087.00	3087.00	3087.00	3087.00	3087.00	3086.00	3086.00	3086.00	3086.00	3086.00	3086.00	3086.00	3086.00	3086.00	3086.00	3086.00	3085.00	3085.00	3085.00	3085.00	3085.00	3085.00	3084.00	3084.00	3084.00	3084.00	3084.00	3084.00	3083.00	3083.00	3083.00	3083.00	3083.00	3083.00	3083.00	3083.00	3082.00	3082.00	3082.00	3082.00	3082.00	3081.00	3081.00	3081.00	3081.00	3081.00	3080.00	3080.00	3080.00	3080.00	3079.00	3079.00	3079.00	3079.00	3079.00	3078.00	3078.00	3078.00	3078.00	3078.00	3078.00	3078.00	3078.00	3078.00	3077.00	3077.00	3077.00	3077.00	3077.00	3077.00	3077.00	3077.00	3077.00	3077.00	3077.00	3076.00	3076.00	3076.00	3076.00	3076.00	3076.00	3076.00	3075.00	3075.00	3075.00	3075.00	3075.00	3075.00	3075.00	3074.00	3074.00	3074.00	3074.00	3074.00	3074.00	3073.00	3073.00	3073.00	3073.00	3073.00	3073.00	3073.00	3073.00	3073.00	3073.00	3072.00	3072.00	3072.00	3072.00	3072.00	3071.00	3071.00	3071.00	3070.00	3070.00	3070.00	3069.00	3069.00	3069.00	3068.00	3068.00	3068.00	3067.00	3067.00	3067.00	3067.00	3067.00	3067.00	3066.00	3066.00	3066.00	3066.00	3066.00	3066.00	3065.00	3065.00	3065.00	3065.00	3065.00	3065.00	3065.00	3065.00	3064.00	3064.00	3064.00	3064.00	3064.00	3064.00	3063.00	3063.00	3063.00	3063.00	3063.00	3063.00	3062.00	3062.00	3062.00	3062.00	3062.00	3062.00	3062.00	3062.00	3061.00	3061.00	3061.00	3061.00	3061.00	3061.00	3061.00	3060.00	3060.00	3060.00	3060.00	3060.00	3060.00	3060.00	3060.00	3060.00	3060.00	3060.00	3060.00	3059.00	3059.00	3059.00	3059.00	3059.00	3059.00	3059.00	3059.00	3059.00	3058.00	3058.00	3058.00	3058.00	3058.00	3058.00	3058.00	3058.00	3058.00	3058.00
3095.00	3094.00	3094.00	3094.00	3094.00	3094.00	3094.00	3093.00	3093.00	3093.00	3093.00	3093.00	3092.00	3092.00	3092.00	3092.00	3092.00	3091.00	3091.00	3091.00	3091.00	3091.00	3090.00	3090.00	3090.00	3090.00	3089.00	3089.00	3089.00	3089.00	3089.00	3089.00	3089.00	3089.00	3089.00	3088.00	3088.00	3088.00	3088.00	3088.00	3088.00	3088.00	3088.00	3088.00	3088.00	3088.00	3087.00	3087.00	3087.00	3087.00	3087.00	3087.00	3087.00	3087.00	3087.00	3087.00	3087.00	3087.00	3087.00	3087.00	3087.00	3086.00	3086.00	3086.00	3086.00	3086.00	3086.00	3086.00	3086.00	3086.00	3086.00	3086.00	3085.00	3085.00	3085.00	3085.00	3085.00	3085.00	3084.00	3084.00	3084.00	3084.00	3084.00	3084.00	3083.00	3083.00	3083.00	3083.00	3083.00	3083.00	3083.00	3083.00	3082.00	3082.00	3082.00	3082.00	3082.00	3081.00	3081.00	3081.00	3081.00	3081.00	3080.00	3080.00	3080.00	3080.00	3079.00	3079.00	3079.00	3079.00	3079.00	3078.00	3078.00	3078.00	3078.00	3078.00	3078.00	3078.00	3078.00	3078.00	3077.00	3077.00	3077.00	3077.00	3077.00	3077.00	3077.00	3077.00	3077.00	3077.00	3077.00	3076.00	3076.00	3076.00	3076.00	3076.00	3076.00	3076.00	3075.00	3075.00	3075.00	3075.00	3075.00	3075.00	3075.00	3074.00	3074.00	3074.00	3074.00	3074.00	3074.00	3073.00	3073.00	3073.00	3073.00	3073.00	3073.00	3073.00	3073.00	3073.00	3073.00	3072.00	3072.00	3072.00	3072.00	3072.00	3071.00	3071.00	3071.00	3070.00	3070.00	3070.00	3069.00	3069.00	3069.00	3068.00	3068.00	3068.00	3067.00	3067.00	3067.00	3067.00	3067.00	3067.00	3066.00	3066.00	3066.00	3066.00	3066.00	3066.00	3065.00	3065.00	3065.00	3065.00	3065.00	3065.00	3065.00	3065.00	3064.00	3064.00	3064.00	3064.00	3064.00	3064.00	3063.00	3063.00	3063.00	3063.00	3063.00	3063.00	3062.00	3062.00	3062.00	3062.00	3062.00	3062.00	3062.00	3062.00	3061.00	3061.00	3061.00	3061.00	3061.00	3061.00	3061.00	3060.00	3060.00	3060.00	3060.00	3060.00	3060.00	3060.00	3060.00	3060.00	3060.00	3060.00	3060.00	3059.00	3059.00	3059.00	3059.00	3059.00	3059.00	3059.00	3059.00	3059.00	3058.00	3058.00	3058.00	3058.00	3058.00	3058.00	3058.00	3058.00	3058.00	3058.00
3095.00	3094.00	3094.00	3094.00	3094.00	3094.00	3094.00	3093.00	3093.00	3093.00	3093.00	3093.00	3092.00	3092.00	3092.00	3092.00	3092.00	3091.00	3091.00	3091.00	3091.00	3091.00	3090.00	3090.00	3090.00	3090.00	3089.00	3089.00	3089.00	3089.00	3089.00	3089.00	3089.00	3089.00	3089.00	3088.00	3088.00	3088.00	3088.00	3088.00	3088.00	3088.00	3088.00	3088.00	3088.00	3088.00	3087.00	3087.00	3087.00	3087.00	3087.00	3087.00	3087.00	3087.00	3087.00	3087.00	3087.00	3087.00	3087.00	3087.00	3087.00	3086.00	3086.00	3086.00	3086.00	3086.00	3086.00	3086.00	3086.00	3086.00	3086.00	3086.00	3085.00	3085.00	3085.00	3085.00	3085.00	3085.00	3084.00	3084.00	3084.00	3084.00	3084.00	3084.00	3083.00	3083.00	3083.00	3083.00	3083.00	3083.00	3083.00	3083.00	3082.00	3082.00	3082.00	3082.00	3082.00	3081.00	3081.00	3081.00	3081.00	3081.00	3080.00	3080.00	3080.00	3080.00	3079.00	3079.00	3079.00	3079.00	3079.00	3078.00	3078.00	3078.00	3078.00	3078.00	3078.00	3078.00	3078.00	3078.00	3077.00	3077.00	3077.00	3077.00	3077.00	3077.00	3077.00	3077.00	3077.00	3077.00	3077.00	3076.00	3076.00	3076.00	3076.00	3076.00	3076.00	3076.00	3075.00	3075.00	3075.00	3075.00	3075.00	3075.00	3075.00	3074.00	3074.00	3074.00	3074.00	3074.00	3074.00	3073.00	3073.00	3073.00	3073.00	3073.00	3073.00	3073.00	3073.00	3073.00	3073.00	3072.00	3072.00	3072.00	3072.00	3072.00	3071.00	3071.00	3071.00	3070.00	3070.00	3070.00	3069.00	3069.00	3069.00	3068.00	3068.00	3068.00	3067.00	3067.00	3067.00	3067.00	3067.00	3067.00	3066.00	3066.00	3066.00	3066.00	3066.00	3066.00	3065.00	3065.00	3065.00	3065.00	3065.00	3065.00	3065.00	3065.00	3064.00	3064.00	3064.00	3064.00	3064.00	3064.00	3063.00	3063.00	3063.00	3063.00	3063.00	3063.00	3062.00	3062.00	3062.00	3062.00	3062.00	3062.00	3062.00	3062.00	3061.00	3061.00	3061.00	3061.00	3061.00	3061.00	3061.00	3060.00	3060.00	3060.00	3060.00	3060.00	3060.00	3060.00	3060.00	3060.00	3060.00	3060.00	3060.00	3059.00	3059.00	3059.00	3059.00	3059.00	3059.00	3059.00	3059.00	3059.00	3058.00	3058.00	3058.00	3058.00	3058.00	3058.00	3058.00	3058.00	3058.00	3058.00
3095.00	3094.00	3094.00	3094.00	3094.00	3094.00	3094.00	3093.00	3093.00	3093.00	3093.00	3093.00	3092.00	3092.00	3092.00	3092.00	3092.00	3091.00	3091.00	3091.00	3091.00	3091.00	3090.00	3090.00	3090.00	3090.00	3089.00	3089.00	3089.00	3089.00	3089.00	3089.00	3089.00	3089.00	3089.00	3088.00	3088.00	3088.00	3088.00	3088.00	3088.00	3088.00	3088.00	3088.00	3088.00	3088.00	3087.00	3087.00	3087.00	3087.00	3087.00	3087.00	3087.00	3087.00	3087.00	3087.00	3087.00	3087.00	3087.00	3087.00	3087.00	3086.00	3086.00	3086.00	3086.00	3086.00	3086.00	3086.00	3086.00	3086.00	3086.00	3086.00	3085.00	3085.00	3085.00	3085.00	3085.00	3085.00	3084.00	3084.00	3084.00	3084.00	3084.00	3084.00	3083.00	3083.00	3083.00	3083.00	3083.00	3083.00	3083.00	3083.00	3082.00	3082.00	3082.00	3082.00	3082.00	3081.00	3081.00	3081.00	3081.00	3081.00	3080.00	3080.00	3080.00	3080.00	3079.00	3079.00	3079.00	3079.00	3079.00	3078.00	3078.00	3078.00	3078.00	3078.00	3078.00	3078.00	3078.00	3078.00	3077.00	3077.00	3077.00	3077.00	3077.00	3077.00	3077.00	3077.00	3077.00	3077.00	3077.00	3076.00	3076.00	3076.00	3076.00	3076.00	3076.00	3076.00	3075.00	3075.00	3075.00	3075.00	3075.00	3075.00	3075.00	3074.00	3074.00	3074.00	3074.00	3074.00	3074.00	3073.00	3073.00	3073.00	3073.00	3073.00	3073.00	3073.00	3073.00	3073.00	3073.00	3072.00	3072.00	3072.00	3072.00	3072.00	3071.00	3071.00	3071.00	3070.00	3070.00	3070.00	3069.00	3069.00	3069.00	3068.00	3068.00	3068.00	3067.00	3067.00	3067.00	3067.00	3067.00	3067.00	3066.00	3066.00	3066.00	3066.00	3066.00	3066.00	3065.00	3065.00	3065.00	3065.00	3065.00	3065.00	3065.00	3065.00	3064.00	3064.00	3064.00	3064.00	3064.00	3064.00	3063.00	3063.00	3063.00	3063.00	3063.00	3063.00	3062.00	3062.00	3062.00	3062.00	3062.00	3062.00	3062.00	3062.00	3061.00	3061.00	3061.00	3061.00	3061.00	3061.00	3061.00	3060.00	3060.00	3060.00	3060.00	3060.00	3060.00	3060.00	3060.00	3060.00	3060.00	3060.00	3060.00	3059.00	3059.00	3059.00	3059.00	3059.00	3059.00	3059.00	3059.00	3059.00	3058.00	3058.00	3058.00	3058.00	3058.00	3058.00	3058.00	3058.00	3058.00	3058.00
3095.00	3094.00	3094.00	3094.00	3094.00	3094.00	3094.00	3093.00	3093.00	3093.00	3093.00	3093.00	3092.00	3092.00	3092.00	3092.00	3092.00	3091.00	3091.00	3091.00	3091.00	3091.00	3090.00	3090.00	3090.00	3090.00	3089.00	3089.00	3089.00	3089.00	3089.00	3089.00	3089.00	3089.00	3089.00	3088.00	3088.00	3088.00	3088.00	3088.00	3088.00	3088.00	3088.00	3088.00	3088.00	3088.00	3087.00	3087.00	3087.00	3087.00	3087.00	3087.00	3087.00	3087.00	3087.00	3087.00	3087.00	3087.00	3087.00	3087.00	3087.00	3086.00	3086.00	3086.00	3086.00	3086.00	3086.00	3086.00	3086.00	3086.00	3086.00	3086.00	3085.00	3085.00	3085.00	3085.00	3085.00	3085.00	3084.00	3084.00	3084.00	3084.00	3084.00	3084.00	3083.00	3083.00	3083.00	3083.00	3083.00	3083.00	3083.00	3083.00	3082.00	3082.00	3082.00	3082.00	3082.00	3081.00	3081.00	3081.00	3081.00	3081.00	3080.00	3080.00	3080.00	3080.00	3079.00	3079.00	3079.00	3079.00	3079.00	3078.00	3078.00	3078.00	3078.00	3078.00	3078.00	3078.00	3078.00	3078.00	3077.00	3077.00	3077.00	3077.00	3077.00	3077.00	3077.00	3077.00	3077.00	3077.00	3077.00	3076.00	3076.00	3076.00	3076.00	3076.00	3076.00	3076.00	3075.00	3075.00	3075.00	3075.00	3075.00	3075.00	3075.00	3074.00	3074.00	3074.00	3074.00	3074.00	3074.00	3073.00	3073.00	3073.00	3073.00	3073.00	3073.00	3073.00	3073.00	3073.00	3073.00	3072.00	3072.00	3072.00	3072.00	3072.00	3071.00	3071.00	3071.00	3070.00	3070.00	3070.00	3069.00	3069.00	3069.00	3068.00	3068.00	3068.00	3067.00	3067.00	3067.00	3067.00	3067.00	3067.00	3066.00	3066.00	3066.00	3066.00	3066.00	3066.00	3065.00	3065.00	3065.00	3065.00	3065.00	3065.00	3065.00	3065.00	3064.00	3064.00	3064.00	3064.00	3064.00	3064.00	3063.00	3063.00	3063.00	3063.00	3063.00	3063.00	3062.00	3062.00	3062.00	3062.00	3062.00	3062.00	3062.00	3062.00	3061.00	3061.00	3061.00	3061.00	3061.00	3061.00	3061.00	3060.00	3060.00	3060.00	3060.00	3060.00	3060.00	3060.00	3060.00	3060.00	3060.00	3060.00	3060.00	3059.00	3059.00	3059.00	3059.00	3059.00	3059.00	3059.00	3059.00	3059.00	3058.00	3058.00	3058.00	3058.00	3058.00	3058.00	3058.00	3058.00	3058.00	3058.00
3095.00	3094.00	3094.00	3094.00	3094.00	3094.00	3094.00	3093.00	3093.00	3093.00	3093.00	3093.00	3092.00	3092.00	3092.00	3092.00	3092.00	3091.00	3091.00	3091.00	3091.00	3091.00	3090.00	3090.00	3090.00	3090.00	3089.00	3089.00	3089.00	3089.00	3089.00	3089.00	3089.00	3089.00	3089.00	3088.00	3088.00	3088.00	3088.00	3088.00	3088.00	3088.00	3088.00	3088.00	3088.00	3088.00	3087.00	3087.00	3087.00	3087.00	3087.00	3087.00	3087.00	3087.00	3087.00	3087.00	3087.00	3087.00	3087.00	3087.00	3087.00	3086.00	3086.00	3086.00	3086.00	3086.00	3086.00	3086.00	3086.00	3086.00	3086.00	3086.00	3085.00	3085.00	3085.00	3085.00	3085.00	3085.00	3084.00	3084.00	3084.00	3084.00	3084.00	3084.00	3083.00	3083.00	3083.00	3083.00	3083.00	3083.00	3083.00	3083.00	3082.00	3082.00	3082.00	3082.00	3082.00	3081.00	3081.00	3081.00	3081.00	3081.00	3080.00	3080.00	3080.00	3080.00	3079.00	3079.00	3079.00	3079.00	3079.00	3078.00	3078.00	3078.00	3078.00	3078.00	3078.00	3078.00	3078.00	3078.00	3077.00	3077.00	3077.00	3077.00	3077.00	3077.00	3077.00	3077.00	3077.00	3077.00	3077.00	3076.00	3076.00	3076.00	3076.00	3076.00	3076.00	3076.00	3075.00	3075.00	3075.00	3075.00	3075.00	3075.00	3075.00	3074.00	3074.00	3074.00	3074.00	3074.00	3074.00	3073.00	3073.00	3073.00	3073.00	3073.00	3073.00	3073.00	3073.00	3073.00	3073.00	3072.00	3072.00	3072.00	3072.00	3072.00	3071.00	3071.00	3071.00	3070.00	3070.00	3070.00	3069.00	3069.00	3069.00	3068.00	3068.00	3068.00	3067.00	3067.00	3067.00	3067.00	3067.00	3067.00	3066.00	3066.00	3066.00	3066.00	3066.00	3066.00	3065.00	3065.00	3065.00	3065.00	3065.00	3065.00	3065.00	3065.00	3064.00	3064.00	3064.00	3064.00	3064.00	3064.00	3063.00	3063.00	3063.00	3063.00	3063.00	3063.00	3062.00	3062.00	3062.00	3062.00	3062.00	3062.00	3062.00	3062.00	3061.00	3061.00	3061.00	3061.00	3061.00	3061.00	3061.00	3060.00	3060.00	3060.00	3060.00	3060.00	3060.00	3060.00	3060.00	3060.00	3060.00	3060.00	3060.00	3059.00	3059.00	3059.00	3059.00	3059.00	3059.00	3059.00	3059.00	3059.00	3058.00	3058.00	3058.00	3058.00	3058.00	3058.00	3058.00	3058.00	3058.00	3058.00
3095.00	3094.00	3094.00	3094.00	3094.00	3094.00	3094.00	3093.00	3093.00	3093.00	3093.00	3093.00	3092.00	3092.00	3092.00	3092.00	3092.00	3091.00	3091.00	3091.00	3091.00	3091.00	3090.00	3090.00	3090.00	3090.00	3089.00	3089.00	3089.00	3089.00	3089.00	3089.00	3089.00	3089.00	3089.00	3088.00	3088.00	3088.00	3088.00	3088.00	3088.00	3088.00	3088.00	3088.00	3088.00	3088.00	3087.00	3087.00	3087.00	3087.00	3087.00	3087.00	3087.00	3087.00	3087.00	3087.00	3087.00	3087.00	3087.00	3087.00	3087.00	3086.00	3086.00	3086.00	3086.00	3086.00	3086.00	3086.00	3086.00	3086.00	3086.00	3086.00	3085.00	3085.00	3085.00	3085.00	3085.00	3085.00	3084.00	3084.00	3084.00	3084.00	3084.00	3084.00	3083.00	3083.00	3083.00	3083.00	3083.00	3083.00	3083.00	3083.00	3082.00	3082.00	3082.00	3082.00	3082.00	3081.00	3081.00	3081.00	3081.00	3081.00	3080.00	3080.00	3080.00	3080.00	3079.00	3079.00	3079.00	3079.00	3079.00	3078.00	3078.00	3078.00	3078.00	3078.00	3078.00	3078.00	3078.00	3078.00	3077.00	3077.00	3077.00	3077.00	3077.00	3077.00	3077.00	3077.00	3077.00	3077.00	3077.00	3076.00	3076.00	3076.00	3076.00	3076.00	3076.00	3076.00	3075.00	3075.00	3075.00	3075.00	3075.00	3075.00	3075.00	3074.00	3074.00	3074.00	3074.00	3074.00	3074.00	3073.00	3073.00	3073.00	3073.00	3073.00	3073.00	3073.00	3073.00	3073.00	3073.00	3072.00	3072.00	3072.00	3072.00	3072.00	3071.00	3071.00	3071.00	3070.00	3070.00	3070.00	3069.00	3069.00	3069.00	3068.00	3068.00	3068.00	3067.00	3067.00	3067.00	3067.00	3067.00	3067.00	3066.00	3066.00	3066.00	3066.00	3066.00	3066.00	3065.00	3065.00	3065.00	3065.00	3065.00	3065.00	3065.00	3065.00	3064.00	3064.00	3064.00	3064.00	3064.00	3064.00	3063.00	3063.00	3063.00	3063.00	3063.00	3063.00	3062.00	3062.00	3062.00	3062.00	3062.00	3062.00	3062.00	3062.00	3061.00	3061.00	3061.00	3061.00	3061.00	3061.00	3061.00	3060.00	3060.00	3060.00	3060.00	3060.00	3060.00	3060.00	3060.00	3060.00	3060.00	3060.00	3060.00	3059.00	3059.00	3059.00	3059.00	3059.00	3059.00	3059.00	3059.00	3059.00	3058.00	3058.00	3058.00	3058.00	3058.00	3058.00	3058.00	3058.00	3058.00	3058.00
3095.00	3094.00	3094.00	3094.00	3094.00	3094.00	3094.00	3093.00	3093.00	3093.00	3093.00	3093.00	3092.00	3092.00	3092.00	3092.00	3092.00	3091.00	3091.00	3091.00	3091.00	3091.00	3090.00	3090.00	3090.00	3090.00	3089.00	3089.00	3089.00	3089.00	3089.00	3089.00	3089.00	3089.00	3089.00	3088.00	3088.00	3088.00	3088.00	3088.00	3088.00	3088.00	3088.00	3088.00	3088.00	3088.00	3087.00	3087.00	3087.00	3087.00	3087.00	3087.00	3087.00	3087.00	3087.00	3087.00	3087.00	3087.00	3087.00	3087.00	3087.00	3086.00	3086.00	3086.00	3086.00	3086.00	3086.00	3086.00	3086.00	3086.00	3086.00	3086.00	3085.00	3085.00	3085.00	3085.00	3085.00	3085.00	3084.00	3084.00	3084.00	3084.00	3084.00	3084.00	3083.00	3083.00	3083.00	3083.00	3083.00	3083.00	3083.00	3083.00	3082.00	3082.00	3082.00	3082.00	3082.00	3081.00	3081.00	3081.00	3081.00	3081.00	3080.00	3080.00	3080.00	3080.00	3079.00	3079.00	3079.00	3079.00	3079.00	3078.00	3078.00	3078.00	3078.00	3078.00	3078.00	3078.00	3078.00	3078.00	3077.00	3077.00	3077.00	3077.00	3077.00	3077.00	3077.00	3077.00	3077.00	3077.00	3077.00	3076.00	3076.00	3076.00	3076.00	3076.00	3076.00	3076.00	3075.00	3075.00	3075.00	3075.00	3075.00	3075.00	3075.00	3074.00	3074.00	3074.00	3074.00	3074.00	3074.00	3073.00	3073.00	3073.00	3073.00	3073.00	3073.00	3073.00	3073.00	3073.00	3073.00	3072.00	3072.00	3072.00	3072.00	3072.00	3071.00	3071.00	3071.00	3070.00	3070.00	3070.00	3069.00	3069.00	3069.00	3068.00	3068.00	3068.00	3067.00	3067.00	3067.00	3067.00	3067.00	3067.00	3066.00	3066.00	3066.00	3066.00	3066.00	3066.00	3065.00	3065.00	3065.00	3065.00	3065.00	3065.00	3065.00	3065.00	3064.00	3064.00	3064.00	3064.00	3064.00	3064.00	3063.00	3063.00	3063.00	3063.00	3063.00	3063.00	3062.00	3062.00	3062.00	3062.00	3062.00	3062.00	3062.00	3062.00	3061.00	3061.00	3061.00	3061.00	3061.00	3061.00	3061.00	3060.00	3060.00	3060.00	3060.00	3060.00	3060.00	3060.00	3060.00	3060.00	3060.00	3060.00	3060.00	3059.00	3059.00	3059.00	3059.00	3059.00	3059.00	3059.00	3059.00	3059.00	3058.00	3058.00	3058.00	3058.00	3058.00	3058.00	3058.00	3058.00	3058.00	3058.00
3095.00	3094.00	3094.00	3094.00	3094.00	3094.00	3094.00	3093.00	3093.00	3093.00	3093.00	3093.00	3092.00	3092.00	3092.00	3092.00	3092.00	3091.00	3091.00	3091.00	3091.00	3091.00	3090.00	3090.00	3090.00	3090.00	3089.00	3089.00	3089.00	3089.00	3089.00	3089.00	3089.00	3089.00	3089.00	3088.00	3088.00	3088.00	3088.00	3088.00	3088.00	3088.00	3088.00	3088.00	3088.00	3088.00	3087.00	3087.00	3087.00	3087.00	3087.00	3087.00	3087.00	3087.00	3087.00	3087.00	3087.00	3087.00	3087.00	3087.00	3087.00	3086.00	3086.00	3086.00	3086.00	3086.00	3086.00	3086.00	3086.00	3086.00	3086.00	3086.00	3085.00	3085.00	3085.00	3085.00	3085.00	3085.00	3084.00	3084.00	3084.00	3084.00	3084.00	3084.00	3083.00	3083.00	3083.00	3083.00	3083.00	3083.00	3083.00	3083.00	3082.00	3082.00	3082.00	3082.00	3082.00	3081.00	3081.00	3081.00	3081.00	3081.00	3080.00	3080.00	3080.00	3080.00	3079.00	3079.00	3079.00	3079.00	3079.00	3078.00	3078.00	3078.00	3078.00	3078.00	3078.00	3078.00	3078.00	3078.00	3077.00	3077.00	3077.00	3077.00	3077.00	3077.00	3077.00	3077.00	3077.00	3077.00	3077.00	3076.00	3076.00	3076.00	3076.00	3076.00	3076.00	3076.00	3075.00	3075.00	3075.00	3075.00	3075.00	3075.00	3075.00	3074.00	3074.00	3074.00	3074.00	3074.00	3074.00	3073.00	3073.00	3073.00	3073.00	3073.00	3073.00	3073.00	3073.00	3073.00	3073.00	3072.00	3072.00	3072.00	3072.00	3072.00	3071.00	3071.00	3071.00	3070.00	3070.00	3070.00	3069.00	3069.00	3069.00	3068.00	3068.00	3068.00	3067.00	3067.00	3067.00	3067.00	3067.00	3067.00	3066.00	3066.00	3066.00	3066.00	3066.00	3066.00	3065.00	3065.00	3065.00	3065.00	3065.00	3065.00	3065.00	3065.00	3064.00	3064.00	3064.00	3064.00	3064.00	3064.00	3063.00	3063.00	3063.00	3063.00	3063.00	3063.00	3062.00	3062.00	3062.00	3062.00	3062.00	3062.00	3062.00	3062.00	3061.00	3061.00	3061.00	3061.00	3061.00	3061.00	3061.00	3060.00	3060.00	3060.00	3060.00	3060.00	3060.00	3060.00	3060.00	3060.00	3060.00	3060.00	3060.00	3059.00	3059.00	3059.00	3059.00	3059.00	3059.00	3059.00	3059.00	3059.00	3058.00	3058.00	3058.00	3058.00	3058.00	3058.00	3058.00	3058.00	3058.00	3058.00
3095.00	3094.00	3094.00	3094.00	3094.00	3094.00	3094.00	3093.00	3093.00	3093.00	3093.00	3093.00	3092.00	3092.00	3092.00	3092.00	3092.00	3091.00	3091.00	3091.00	3091.00	3091.00	3090.00	3090.00	3090.00	3090.00	3089.00	3089.00	3089.00	3089.00	3089.00	3089.00	3089.00	3089.00	3089.00	3088.00	3088.00	3088.00	3088.00	3088.00	3088.00	3088.00	3088.00	3088.00	3088.00	3088.00	3087.00	3087.00	3087.00	3087.00	3087.00	3087.00	3087.00	3087.00	3087.00	3087.00	3087.00	3087.00	3087.00	3087.00	3087.00	3086.00	3086.00	3086.00	3086.00	3086.00	3086.00	3086.00	3086.00	3086.00	3086.00	3086.00	3085.00	3085.00	3085.00	3085.00	3085.00	3085.00	3084.00	3084.00	3084.00	3084.00	3084.00	3084.00	3083.00	3083.00	3083.00	3083.00	3083.00	3083.00	3083.00	3083.00	3082.00	3082.00	3082.00	3082.00	3082.00	3081.00	3081.00	3081.00	3081.00	3081.00	3080.00	3080.00	3080.00	3080.00	3079.00	3079.00	3079.00	3079.00	3079.00	3078.00	3078.00	3078.00	3078.00	3078.00	3078.00	3078.00	3078.00	3078.00	3077.00	3077.00	3077.00	3077.00	3077.00	3077.00	3077.00	3077.00	3077.00	3077.00	3077.00	3076.00	3076.00	3076.00	3076.00	3076.00	3076.00	3076.00	3075.00	3075.00	3075.00	3075.00	3075.00	3075.00	3075.00	3074.00	3074.00	3074.00	3074.00	3074.00	3074.00	3073.00	3073.00	3073.00	3073.00	3073.00	3073.00	3073.00	3073.00	3073.00	3073.00	3072.00	3072.00	3072.00	3072.00	3072.00	3071.00	3071.00	3071.00	3070.00	3070.00	3070.00	3069.00	3069.00	3069.00	3068.00	3068.00	3068.00	3067.00	3067.00	3067.00	3067.00	3067.00	3067.00	3066.00	3066.00	3066.00	3066.00	3066.00	3066.00	3065.00	3065.00	3065.00	3065.00	3065.00	3065.00	3065.00	3065.00	3064.00	3064.00	3064.00	3064.00	3064.00	3064.00	3063.00	3063.00	3063.00	3063.00	3063.00	3063.00	3062.00	3062.00	3062.00	3062.00	3062.00	3062.00	3062.00	3062.00	3061.00	3061.00	3061.00	3061.00	3061.00	3061.00	3061.00	3060.00	3060.00	3060.00	3060.00	3060.00	3060.00	3060.00	3060.00	3060.00	3060.00	3060.00	3060.00	3059.00	3059.00	3059.00	3059.00	3059.00	3059.00	3059.00	3059.00	3059.00	3058.00	3058.00	3058.00	3058.00	3058.00	3058.00	3058.00	3058.00	3058.00	3058.00
3095.00	3094.00	3094.00	3094.00	3094.00	3094.00	3094.00	3093.00	3093.00	3093.00	3093.00	3093.00	3092.00	3092.00	3092.00	3092.00	3092.00	3091.00	3091.00	3091.00	3091.00	3091.00	3090.00	3090.00	3090.00	3090.00	3089.00	3089.00	3089.00	3089.00	3089.00	3089.00	3089.00	3089.00	3089.00	3088.00	3088.00	3088.00	3088.00	3088.00	3088.00	3088.00	3088.00	3088.00	3088.00	3088.00	3087.00	3087.00	3087.00	3087.00	3087.00	3087.00	3087.00	3087.00	3087.00	3087.00	3087.00	3087.00	3087.00	3087.00	3087.00	3086.00	3086.00	3086.00	3086.00	3086.00	3086.00	3086.00	3086.00	3086.00	3086.00	3086.00	3085.00	3085.00	3085.00	3085.00	3085.00	3085.00	3084.00	3084.00	3084.00	3084.00	3084.00	3084.00	3083.00	3083.00	3083.00	3083.00	3083.00	3083.00	3083.00	3083.00	3082.00	3082.00	3082.00	3082.00	3082.00	3081.00	3081.00	3081.00	3081.00	3081.00	3080.00	3080.00	3080.00	3080.00	3079.00	3079.00	3079.00	3079.00	3079.00	3078.00	3078.00	3078.00	3078.00	3078.00	3078.00	3078.00	3078.00	3078.00	3077.00	3077.00	3077.00	3077.00	3077.00	3077.00	3077.00	3077.00	3077.00	3077.00	3077.00	3076.00	3076.00	3076.00	3076.00	3076.00	3076.00	3076.00	3075.00	3075.00	3075.00	3075.00	3075.00	3075.00	3075.00	3074.00	3074.00	3074.00	3074.00	3074.00	3074.00	3073.00	3073.00	3073.00	3073.00	3073.00	3073.00	3073.00	3073.00	3073.00	3073.00	3072.00	3072.00	3072.00	3072.00	3072.00	3071.00	3071.00	3071.00	3070.00	3070.00	3070.00	3069.00	3069.00	3069.00	3068.00	3068.00	3068.00	3067.00	3067.00	3067.00	3067.00	3067.00	3067.00	3066.00	3066.00	3066.00	3066.00	3066.00	3066.00	3065.00	3065.00	3065.00	3065.00	3065.00	3065.00	3065.00	3065.00	3064.00	3064.00	3064.00	3064.00	3064.00	3064.00	3063.00	3063.00	3063.00	3063.00	3063.00	3063.00	3062.00	3062.00	3062.00	3062.00	3062.00	3062.00	3062.00	3062.00	3061.00	3061.00	3061.00	3061.00	3061.00	3061.00	3061.00	3060.00	3060.00	3060.00	3060.00	3060.00	3060.00	3060.00	3060.00	3060.00	3060.00	3060.00	3060.00	3059.00	3059.00	3059.00	3059.00	3059.00	3059.00	3059.00	3059.00	3059.00	3058.00	3058.00	3058.00	3058.00	3058.00	3058.00	3058.00	3058.00	3058.00	3058.00
3094.00	3094.00	3094.00	3093.00	3093.00	3093.00	3093.00	3093.00	3093.00	3093.00	3092.00	3092.00	3092.00	3092.00	3091.00	3091.00	3091.00	3091.00	3091.00	3090.00	3090.00	3090.00	3090.00	3089.00	3089.00	3089.00	3089.00	3089.00	3089.00	3089.00	3088.00	3088.00	3088.00	3088.00	3088.00	3088.00	3088.00	3087.00	3087.00	3087.00	3087.00	3087.00	3087.00	3087.00	3087.00	3087.00	3086.00	3086.00	3086.00	3086.00	3086.00	3086.00	3086.00	3086.00	3086.00	3086.00	3086.00	3086.00	3086.00	3086.00	3086.00	3086.00	3086.00	3085.00	3085.00	3085.00	3085.00	3085.00	3085.00	3085.00	3084.00	3084.00	3084.00	3084.00	3084.00	3084.00	3083.00	3083.00	3083.00	3083.00	3083.00	3083.00	3083.00	3082.00	3082.00	3082.00	3082.00	3082.00	3082.00	3082.00	3081.00	3081.00	3081.00	3081.00	3081.00	3081.00	3080.00	3080.00	3080.00	3080.00	3080.00	3080.00	3080.00	3080.00	3079.00	3079.00	3079.00	3079.00	3078.00	3078.00	3078.00	3078.00	3078.00	3077.00	3077.00	3077.00	3077.00	3077.00	3077.00	3077.00	3076.00	3076.00	3076.00	3076.00	3076.00	3076.00	3076.00	3076.00	3076.00	3075.00	3075.00	3075.00	3075.00	3075.00	3075.00	3075.00	3074.00	3074.00	3074.00	3074.00	3074.00	3074.00	3074.00	3073.00	3073.00	3073.00	3073.00	3073.00	3073.00	3072.00	3072.00	3072.00	3072.00	3072.00	3072.00	3072.00	3072.00	3071.00	3071.00	3071.00	3071.00	3071.00	3071.00	3070.00	3070.00	3070.00	3070.00	3070.00	3069.00	3069.00	3068.00	3068.00	3068.00	3068.00	3068.00	3067.00	3067.00	3067.00	3066.00	3066.00	3066.00	3066.00	3065.00	3065.00	3065.00	3065.00	3065.00	3065.00	3065.00	3064.00	3064.00	3064.00	3064.00	3064.00	3064.00	3064.00	3063.00	3063.00	3063.00	3063.00	3063.00	3063.00	3062.00	3062.00	3062.00	3062.00	3062.00	3062.00	3062.00	3061.00	3061.00	3061.00	3061.00	3061.00	3061.00	3061.00	3060.00	3060.00	3060.00	3060.00	3060.00	3060.00	3060.00	3060.00	3060.00	3059.00	3059.00	3059.00	3059.00	3059.00	3059.00	3059.00	3059.00	3059.00	3059.00	3059.00	3058.00	3058.00	3058.00	3058.00	3058.00	3058.00	3058.00	3058.00	3058.00	3058.00	3058.00	3058.00	3058.00	3058.00	3058.00	3058.00	3058.00	3057.00	3057.00	3057.00
3094.00	3094.00	3094.00	3093.00	3093.00	3093.00	3093.00	3093.00	3093.00	3093.00	3092.00	3092.00	3092.00	3092.00	3091.00	3091.00	3091.00	3091.00	3091.00	3090.00	3090.00	3090.00	3090.00	3089.00	3089.00	3089.00	3089.00	3089.00	3089.00	3089.00	3088.00	3088.00	3088.00	3088.00	3088.00	3088.00	3088.00	3087.00	3087.00	3087.00	3087.00	3087.00	3087.00	3087.00	3087.00	3087.00	3086.00	3086.00	3086.00	3086.00	3086.00	3086.00	3086.00	3086.00	3086.00	3086.00	3086.00	3086.00	3086.00	3086.00	3086.00	3086.00	3086.00	3085.00	3085.00	3085.00	3085.00	3085.00	3085.00	3085.00	3084.00	3084.00	3084.00	3084.00	3084.00	3084.00	3083.00	3083.00	3083.00	3083.00	3083.00	3083.00	3083.00	3082.00	3082.00	3082.00	3082.00	3082.00	3082.00	3082.00	3081.00	3081.00	3081.00	3081.00	3081.00	3081.00	3080.00	3080.00	3080.00	3080.00	3080.00	3080.00	3080.00	3080.00	3079.00	3079.00	3079.00	3079.00	3078.00	3078.00	3078.00	3078.00	3078.00	3077.00	3077.00	3077.00	3077.00	3077.00	3077.00	3077.00	3076.00	3076.00	3076.00	3076.00	3076.00	3076.00	3076.00	3076.00	3076.00	3075.00	3075.00	3075.00	3075.00	3075.00	3075.00	3075.00	3074.00	3074.00	3074.00	3074.00	3074.00	3074.00	3074.00	3073.00	3073.00	3073.00	3073.00	3073.00	3073.00	3072.00	3072.00	3072.00	3072.00	3072.00	3072.00	3072.00	3072.00	3071.00	3071.00	3071.00	3071.00	3071.00	3071.00	3070.00	3070.00	3070.00	3070.00	3070.00	3069.00	3069.00	3068.00	3068.00	3068.00	3068.00	3068.00	3067.00	3067.00	3067.00	3066.00	3066.00	3066.00	3066.00	3065.00	3065.00	3065.00	3065.00	3065.00	3065.00	3065.00	3064.00	3064.00	3064.00	3064.00	3064.00	3064.00	3064.00	3063.00	3063.00	3063.00	3063.00	3063.00	3063.00	3062.00	3062.00	3062.00	3062.00	3062.00	3062.00	3062.00	3061.00	3061.00	3061.00	3061.00	3061.00	3061.00	3061.00	3060.00	3060.00	3060.00	3060.00	3060.00	3060.00	3060.00	3060.00	3060.00	3059.00	3059.00	3059.00	3059.00	3059.00	3059.00	3059.00	3059.00	3059.00	3059.00	3059.00	3058.00	3058.00	3058.00	3058.00	3058.00	3058.00	3058.00	3058.00	3058.00	3058.00	3058.00	3058.00	3058.00	3058.00	3058.00	3058.00	3058.00	3057.00	3057.00	3057.00
3094.00	3094.00	3094.00	3093.00	3093.00	3093.00	3093.00	3093.00	3093.00	3093.00	3092.00	3092.00	3092.00	3092.00	3091.00	3091.00	3091.00	3091.00	3091.00	3090.00	3090.00	3090.00	3090.00	3089.00	3089.00	3089.00	3089.00	3089.00	3089.00	3089.00	3088.00	3088.00	3088.00	3088.00	3088.00	3088.00	3088.00	3087.00	3087.00	3087.00	3087.00	3087.00	3087.00	3087.00	3087.00	3087.00	3086.00	3086.00	3086.00	3086.00	3086.00	3086.00	3086.00	3086.00	3086.00	3086.00	3086.00	3086.00	3086.00	3086.00	3086.00	3086.00	3086.00	3085.00	3085.00	3085.00	3085.00	3085.00	3085.00	3085.00	3084.00	3084.00	3084.00	3084.00	3084.00	3084.00	3083.00	3083.00	3083.00	3083.00	3083.00	3083.00	3083.00	3082.00	3082.00	3082.00	3082.00	3082.00	3082.00	3082.00	3081.00	3081.00	3081.00	3081.00	3081.00	3081.00	3080.00	3080.00	3080.00	3080.00	3080.00	3080.00	3080.00	3080.00	3079.00	3079.00	3079.00	3079.00	3078.00	3078.00	3078.00	3078.00	3078.00	3077.00	3077.00	3077.00	3077.00	3077.00	3077.00	3077.00	3076.00	3076.00	3076.00	3076.00	3076.00	3076.00	3076.00	3076.00	3076.00	3075.00	3075.00	3075.00	3075.00	3075.00	3075.00	3075.00	3074.00	3074.00	3074.00	3074.00	3074.00	3074.00	3074.00	3073.00	3073.00	3073.00	3073.00	3073.00	3073.00	3072.00	3072.00	3072.00	3072.00	3072.00	3072.00	3072.00	3072.00	3071.00	3071.00	3071.00	3071.00	3071.00	3071.00	3070.00	3070.00	3070.00	3070.00	3070.00	3069.00	3069.00	3068.00	3068.00	3068.00	3068.00	3068.00	3067.00	3067.00	3067.00	3066.00	3066.00	3066.00	3066.00	3065.00	3065.00	3065.00	3065.00	3065.00	3065.00	3065.00	3064.00	3064.00	3064.00	3064.00	3064.00	3064.00	3064.00	3063.00	3063.00	3063.00	3063.00	3063.00	3063.00	3062.00	3062.00	3062.00	3062.00	3062.00	3062.00	3062.00	3061.00	3061.00	3061.00	3061.00	3061.00	3061.00	3061.00	3060.00	3060.00	3060.00	3060.00	3060.00	3060.00	3060.00	3060.00	3060.00	3059.00	3059.00	3059.00	3059.00	3059.00	3059.00	3059.00	3059.00	3059.00	3059.00	3059.00	3058.00	3058.00	3058.00	3058.00	3058.00	3058.00	3058.00	3058.00	3058.00	3058.00	3058.00	3058.00	3058.00	3058.00	3058.00	3058.00	3058.00	3057.00	3057.00	3057.00
3094.00	3094.00	3094.00	3093.00	3093.00	3093.00	3093.00	3093.00	3093.00	3093.00	3092.00	3092.00	3092.00	3092.00	3091.00	3091.00	3091.00	3091.00	3091.00	3090.00	3090.00	3090.00	3090.00	3089.00	3089.00	3089.00	3089.00	3089.00	3089.00	3089.00	3088.00	3088.00	3088.00	3088.00	3088.00	3088.00	3088.00	3087.00	3087.00	3087.00	3087.00	3087.00	3087.00	3087.00	3087.00	3087.00	3086.00	3086.00	3086.00	3086.00	3086.00	3086.00	3086.00	3086.00	3086.00	3086.00	3086.00	3086.00	3086.00	3086.00	3086.00	3086.00	3086.00	3085.00	3085.00	3085.00	3085.00	3085.00	3085.00	3085.00	3084.00	3084.00	3084.00	3084.00	3084.00	3084.00	3083.00	3083.00	3083.00	3083.00	3083.00	3083.00	3083.00	3082.00	3082.00	3082.00	3082.00	3082.00	3082.00	3082.00	3081.00	3081.00	3081.00	3081.00	3081.00	3081.00	3080.00	3080.00	3080.00	3080.00	3080.00	3080.00	3080.00	3080.00	3079.00	3079.00	3079.00	3079.00	3078.00	3078.00	3078.00	3078.00	3078.00	3077.00	3077.00	3077.00	3077.00	3077.00	3077.00	3077.00	3076.00	3076.00	3076.00	3076.00	3076.00	3076.00	3076.00	3076.00	3076.00	3075.00	3075.00	3075.00	3075.00	3075.00	3075.00	3075.00	3074.00	3074.00	3074.00	3074.00	3074.00	3074.00	3074.00	3073.00	3073.00	3073.00	3073.00	3073.00	3073.00	3072.00	3072.00	3072.00	3072.00	3072.00	3072.00	3072.00	3072.00	3071.00	3071.00	3071.00	3071.00	3071.00	3071.00	3070.00	3070.00	3070.00	3070.00	3070.00	3069.00	3069.00	3068.00	3068.00	3068.00	3068.00	3068.00	3067.00	3067.00	3067.00	3066.00	3066.00	3066.00	3066.00	3065.00	3065.00	3065.00	3065.00	3065.00	3065.00	3065.00	3064.00	3064.00	3064.00	3064.00	3064.00	3064.00	3064.00	3063.00	3063.00	3063.00	3063.00	3063.00	3063.00	3062.00	3062.00	3062.00	3062.00	3062.00	3062.00	3062.00	3061.00	3061.00	3061.00	3061.00	3061.00	3061.00	3061.00	3060.00	3060.00	3060.00	3060.00	3060.00	3060.00	3060.00	3060.00	3060.00	3059.00	3059.00	3059.00	3059.00	3059.00	3059.00	3059.00	3059.00	3059.00	3059.00	3059.00	3058.00	3058.00	3058.00	3058.00	3058.00	3058.00	3058.00	3058.00	3058.00	3058.00	3058.00	3058.00	3058.00	3058.00	3058.00	3058.00	3058.00	3057.00	3057.00	3057.00
3094.00	3094.00	3094.00	3093.00	3093.00	3093.00	3093.00	3093.00	3093.00	3093.00	3092.00	3092.00	3092.00	3092.00	3091.00	3091.00	3091.00	3091.00	3091.00	3090.00	3090.00	3090.00	3090.00	3089.00	3089.00	3089.00	3089.00	3089.00	3089.00	3089.00	3088.00	3088.00	3088.00	3088.00	3088.00	3088.00	3088.00	3087.00	3087.00	3087.00	3087.00	3087.00	3087.00	3087.00	3087.00	3087.00	3086.00	3086.00	3086.00	3086.00	3086.00	3086.00	3086.00	3086.00	3086.00	3086.00	3086.00	3086.00	3086.00	3086.00	3086.00	3086.00	3086.00	3085.00	3085.00	3085.00	3085.00	3085.00	3085.00	3085.00	3084.00	3084.00	3084.00	3084.00	3084.00	3084.00	3083.00	3083.00	3083.00	3083.00	3083.00	3083.00	3083.00	3082.00	3082.00	3082.00	3082.00	3082.00	3082.00	3082.00	3081.00	3081.00	3081.00	3081.00	3081.00	3081.00	3080.00	3080.00	3080.00	3080.00	3080.00	3080.00	3080.00	3080.00	3079.00	3079.00	3079.00	3079.00	3078.00	3078.00	3078.00	3078.00	3078.00	3077.00	3077.00	3077.00	3077.00	3077.00	3077.00	3077.00	3076.00	3076.00	3076.00	3076.00	3076.00	3076.00	3076.00	3076.00	3076.00	3075.00	3075.00	3075.00	3075.00	3075.00	3075.00	3075.00	3074.00	3074.00	3074.00	3074.00	3074.00	3074.00	3074.00	3073.00	3073.00	3073.00	3073.00	3073.00	3073.00	3072.00	3072.00	3072.00	3072.00	3072.00	3072.00	3072.00	3072.00	3071.00	3071.00	3071.00	3071.00	3071.00	3071.00	3070.00	3070.00	3070.00	3070.00	3070.00	3069.00	3069.00	3068.00	3068.00	3068.00	3068.00	3068.00	3067.00	3067.00	3067.00	3066.00	3066.00	3066.00	3066.00	3065.00	3065.00	3065.00	3065.00	3065.00	3065.00	3065.00	3064.00	3064.00	3064.00	3064.00	3064.00	3064.00	3064.00	3063.00	3063.00	3063.00	3063.00	3063.00	3063.00	3062.00	3062.00	3062.00	3062.00	3062.00	3062.00	3062.00	3061.00	3061.00	3061.00	3061.00	3061.00	3061.00	3061.00	3060.00	3060.00	3060.00	3060.00	3060.00	3060.00	3060.00	3060.00	3060.00	3059.00	3059.00	3059.00	3059.00	3059.00	3059.00	3059.00	3059.00	3059.00	3059.00	3059.00	3058.00	3058.00	3058.00	3058.00	3058.00	3058.00	3058.00	3058.00	3058.00	3058.00	3058.00	3058.00	3058.00	3058.00	3058.00	3058.00	3058.00	3057.00	3057.00	3057.00
3094.00	3094.00	3094.00	3093.00	3093.00	3093.00	3093.00	3093.00	3093.00	3093.00	3092.00	3092.00	3092.00	3092.00	3091.00	3091.00	3091.00	3091.00	3091.00	3090.00	3090.00	3090.00	3090.00	3089.00	3089.00	3089.00	3089.00	3089.00	3089.00	3089.00	3088.00	3088.00	3088.00	3088.00	3088.00	3088.00	3088.00	3087.00	3087.00	3087.00	3087.00	3087.00	3087.00	3087.00	3087.00	3087.00	3086.00	3086.00	3086.00	3086.00	3086.00	3086.00	3086.00	3086.00	3086.00	3086.00	3086.00	3086.00	3086.00	3086.00	3086.00	3086.00	3086.00	3085.00	3085.00	3085.00	3085.00	3085.00	3085.00	3085.00	3084.00	3084.00	3084.00	3084.00	3084.00	3084.00	3083.00	3083.00	3083.00	3083.00	3083.00	3083.00	3083.00	3082.00	3082.00	3082.00	3082.00	3082.00	3082.00	3082.00	3081.00	3081.00	3081.00	3081.00	3081.00	3081.00	3080.00	3080.00	3080.00	3080.00	3080.00	3080.00	3080.00	3080.00	3079.00	3079.00	3079.00	3079.00	3078.00	3078.00	3078.00	3078.00	3078.00	3077.00	3077.00	3077.00	3077.00	3077.00	3077.00	3077.00	3076.00	3076.00	3076.00	3076.00	3076.00	3076.00	3076.00	3076.00	3076.00	3075.00	3075.00	3075.00	3075.00	3075.00	3075.00	3075.00	3074.00	3074.00	3074.00	3074.00	3074.00	3074.00	3074.00	3073.00	3073.00	3073.00	3073.00	3073.00	3073.00	3072.00	3072.00	3072.00	3072.00	3072.00	3072.00	3072.00	3072.00	3071.00	3071.00	3071.00	3071.00	3071.00	3071.00	3070.00	3070.00	3070.00	3070.00	3070.00	3069.00	3069.00	3068.00	3068.00	3068.00	3068.00	3068.00	3067.00	3067.00	3067.00	3066.00	3066.00	3066.00	3066.00	3065.00	3065.00	3065.00	3065.00	3065.00	3065.00	3065.00	3064.00	3064.00	3064.00	3064.00	3064.00	3064.00	3064.00	3063.00	3063.00	3063.00	3063.00	3063.00	3063.00	3062.00	3062.00	3062.00	3062.00	3062.00	3062.00	3062.00	3061.00	3061.00	3061.00	3061.00	3061.00	3061.00	3061.00	3060.00	3060.00	3060.00	3060.00	3060.00	3060.00	3060.00	3060.00	3060.00	3059.00	3059.00	3059.00	3059.00	3059.00	3059.00	3059.00	3059.00	3059.00	3059.00	3059.00	3058.00	3058.00	3058.00	3058.00	3058.00	3058.00	3058.00	3058.00	3058.00	3058.00	3058.00	3058.00	3058.00	3058.00	3058.00	3058.00	3058.00	3057.00	3057.00	3057.00
3094.00	3094.00	3094.00	3093.00	3093.00	3093.00	3093.00	3093.00	3093.00	3093.00	3092.00	3092.00	3092.00	3092.00	3091.00	3091.00	3091.00	3091.00	3091.00	3090.00	3090.00	3090.00	3090.00	3089.00	3089.00	3089.00	3089.00	3089.00	3089.00	3089.00	3088.00	3088.00	3088.00	3088.00	3088.00	3088.00	3088.00	3087.00	3087.00	3087.00	3087.00	3087.00	3087.00	3087.00	3087.00	3087.00	3086.00	3086.00	3086.00	3086.00	3086.00	3086.00	3086.00	3086.00	3086.00	3086.00	3086.00	3086.00	3086.00	3086.00	3086.00	3086.00	3086.00	3085.00	3085.00	3085.00	3085.00	3085.00	3085.00	3085.00	3084.00	3084.00	3084.00	3084.00	3084.00	3084.00	3083.00	3083.00	3083.00	3083.00	3083.00	3083.00	3083.00	3082.00	3082.00	3082.00	3082.00	3082.00	3082.00	3082.00	3081.00	3081.00	3081.00	3081.00	3081.00	3081.00	3080.00	3080.00	3080.00	3080.00	3080.00	3080.00	3080.00	3080.00	3079.00	3079.00	3079.00	3079.00	3078.00	3078.00	3078.00	3078.00	3078.00	3077.00	3077.00	3077.00	3077.00	3077.00	3077.00	3077.00	3076.00	3076.00	3076.00	3076.00	3076.00	3076.00	3076.00	3076.00	3076.00	3075.00	3075.00	3075.00	3075.00	3075.00	3075.00	3075.00	3074.00	3074.00	3074.00	3074.00	3074.00	3074.00	3074.00	3073.00	3073.00	3073.00	3073.00	3073.00	3073.00	3072.00	3072.00	3072.00	3072.00	3072.00	3072.00	3072.00	3072.00	3071.00	3071.00	3071.00	3071.00	3071.00	3071.00	3070.00	3070.00	3070.00	3070.00	3070.00	3069.00	3069.00	3068.00	3068.00	3068.00	3068.00	3068.00	3067.00	3067.00	3067.00	3066.00	3066.00	3066.00	3066.00	3065.00	3065.00	3065.00	3065.00	3065.00	3065.00	3065.00	3064.00	3064.00	3064.00	3064.00	3064.00	3064.00	3064.00	3063.00	3063.00	3063.00	3063.00	3063.00	3063.00	3062.00	3062.00	3062.00	3062.00	3062.00	3062.00	3062.00	3061.00	3061.00	3061.00	3061.00	3061.00	3061.00	3061.00	3060.00	3060.00	3060.00	3060.00	3060.00	3060.00	3060.00	3060.00	3060.00	3059.00	3059.00	3059.00	3059.00	3059.00	3059.00	3059.00	3059.00	3059.00	3059.00	3059.00	3058.00	3058.00	3058.00	3058.00	3058.00	3058.00	3058.00	3058.00	3058.00	3058.00	3058.00	3058.00	3058.00	3058.00	3058.00	3058.00	3058.00	3057.00	3057.00	3057.00
3094.00	3094.00	3094.00	3093.00	3093.00	3093.00	3093.00	3093.00	3093.00	3093.00	3092.00	3092.00	3092.00	3092.00	3091.00	3091.00	3091.00	3091.00	3091.00	3090.00	3090.00	3090.00	3090.00	3089.00	3089.00	3089.00	3089.00	3089.00	3089.00	3089.00	3088.00	3088.00	3088.00	3088.00	3088.00	3088.00	3088.00	3087.00	3087.00	3087.00	3087.00	3087.00	3087.00	3087.00	3087.00	3087.00	3086.00	3086.00	3086.00	3086.00	3086.00	3086.00	3086.00	3086.00	3086.00	3086.00	3086.00	3086.00	3086.00	3086.00	3086.00	3086.00	3086.00	3085.00	3085.00	3085.00	3085.00	3085.00	3085.00	3085.00	3084.00	3084.00	3084.00	3084.00	3084.00	3084.00	3083.00	3083.00	3083.00	3083.00	3083.00	3083.00	3083.00	3082.00	3082.00	3082.00	3082.00	3082.00	3082.00	3082.00	3081.00	3081.00	3081.00	3081.00	3081.00	3081.00	3080.00	3080.00	3080.00	3080.00	3080.00	3080.00	3080.00	3080.00	3079.00	3079.00	3079.00	3079.00	3078.00	3078.00	3078.00	3078.00	3078.00	3077.00	3077.00	3077.00	3077.00	3077.00	3077.00	3077.00	3076.00	3076.00	3076.00	3076.00	3076.00	3076.00	3076.00	3076.00	3076.00	3075.00	3075.00	3075.00	3075.00	3075.00	3075.00	3075.00	3074.00	3074.00	3074.00	3074.00	3074.00	3074.00	3074.00	3073.00	3073.00	3073.00	3073.00	3073.00	3073.00	3072.00	3072.00	3072.00	3072.00	3072.00	3072.00	3072.00	3072.00	3071.00	3071.00	3071.00	3071.00	3071.00	3071.00	3070.00	3070.00	3070.00	3070.00	3070.00	3069.00	3069.00	3068.00	3068.00	3068.00	3068.00	3068.00	3067.00	3067.00	3067.00	3066.00	3066.00	3066.00	3066.00	3065.00	3065.00	3065.00	3065.00	3065.00	3065.00	3065.00	3064.00	3064.00	3064.00	3064.00	3064.00	3064.00	3064.00	3063.00	3063.00	3063.00	3063.00	3063.00	3063.00	3062.00	3062.00	3062.00	3062.00	3062.00	3062.00	3062.00	3061.00	3061.00	3061.00	3061.00	3061.00	3061.00	3061.00	3060.00	3060.00	3060.00	3060.00	3060.00	3060.00	3060.00	3060.00	3060.00	3059.00	3059.00	3059.00	3059.00	3059.00	3059.00	3059.00	3059.00	3059.00	3059.00	3059.00	3058.00	3058.00	3058.00	3058.00	3058.00	3058.00	3058.00	3058.00	3058.00	3058.00	3058.00	3058.00	3058.00	3058.00	3058.00	3058.00	3058.00	3057.00	3057.00	3057.00
3094.00	3094.00	3094.00	3093.00	3093.00	3093.00	3093.00	3093.00	3093.00	3093.00	3092.00	3092.00	3092.00	3092.00	3091.00	3091.00	3091.00	3091.00	3091.00	3090.00	3090.00	3090.00	3090.00	3089.00	3089.00	3089.00	3089.00	3089.00	3089.00	3089.00	3088.00	3088.00	3088.00	3088.00	3088.00	3088.00	3088.00	3087.00	3087.00	3087.00	3087.00	3087.00	3087.00	3087.00	3087.00	3087.00	3086.00	3086.00	3086.00	3086.00	3086.00	3086.00	3086.00	3086.00	3086.00	3086.00	3086.00	3086.00	3086.00	3086.00	3086.00	3086.00	3086.00	3085.00	3085.00	3085.00	3085.00	3085.00	3085.00	3085.00	3084.00	3084.00	3084.00	3084.00	3084.00	3084.00	3083.00	3083.00	3083.00	3083.00	3083.00	3083.00	3083.00	3082.00	3082.00	3082.00	3082.00	3082.00	3082.00	3082.00	3081.00	3081.00	3081.00	3081.00	3081.00	3081.00	3080.00	3080.00	3080.00	3080.00	3080.00	3080.00	3080.00	3080.00	3079.00	3079.00	3079.00	3079.00	3078.00	3078.00	3078.00	3078.00	3078.00	3077.00	3077.00	3077.00	3077.00	3077.00	3077.00	3077.00	3076.00	3076.00	3076.00	3076.00	3076.00	3076.00	3076.00	3076.00	3076.00	3075.00	3075.00	3075.00	3075.00	3075.00	3075.00	3075.00	3074.00	3074.00	3074.00	3074.00	3074.00	3074.00	3074.00	3073.00	3073.00	3073.00	3073.00	3073.00	3073.00	3072.00	3072.00	3072.00	3072.00	3072.00	3072.00	3072.00	3072.00	3071.00	3071.00	3071.00	3071.00	3071.00	3071.00	3070.00	3070.00	3070.00	3070.00	3070.00	3069.00	3069.00	3068.00	3068.00	3068.00	3068.00	3068.00	3067.00	3067.00	3067.00	3066.00	3066.00	3066.00	3066.00	3065.00	3065.00	3065.00	3065.00	3065.00	3065.00	3065.00	3064.00	3064.00	3064.00	3064.00	3064.00	3064.00	3064.00	3063.00	3063.00	3063.00	3063.00	3063.00	3063.00	3062.00	3062.00	3062.00	3062.00	3062.00	3062.00	3062.00	3061.00	3061.00	3061.00	3061.00	3061.00	3061.00	3061.00	3060.00	3060.00	3060.00	3060.00	3060.00	3060.00	3060.00	3060.00	3060.00	3059.00	3059.00	3059.00	3059.00	3059.00	3059.00	3059.00	3059.00	3059.00	3059.00	3059.00	3058.00	3058.00	3058.00	3058.00	3058.00	3058.00	3058.00	3058.00	3058.00	3058.00	3058.00	3058.00	3058.00	3058.00	3058.00	3058.00	3058.00	3057.00	3057.00	3057.00
3094.00	3094.00	3094.00	3093.00	3093.00	3093.00	3093.00	3093.00	3093.00	3093.00	3092.00	3092.00	3092.00	3092.00	3091.00	3091.00	3091.00	3091.00	3091.00	3090.00	3090.00	3090.00	3090.00	3089.00	3089.00	3089.00	3089.00	3089.00	3089.00	3089.00	3088.00	3088.00	3088.00	3088.00	3088.00	3088.00	3088.00	3087.00	3087.00	3087.00	3087.00	3087.00	3087.00	3087.00	3087.00	3087.00	3086.00	3086.00	3086.00	3086.00	3086.00	3086.00	3086.00	3086.00	3086.00	3086.00	3086.00	3086.00	3086.00	3086.00	3086.00	3086.00	3086.00	3085.00	3085.00	3085.00	3085.00	3085.00	3085.00	3085.00	3084.00	3084.00	3084.00	3084.00	3084.00	3084.00	3083.00	3083.00	3083.00	3083.00	3083.00	3083.00	3083.00	3082.00	3082.00	3082.00	3082.00	3082.00	3082.00	3082.00	3081.00	3081.00	3081.00	3081.00	3081.00	3081.00	3080.00	3080.00	3080.00	3080.00	3080.00	3080.00	3080.00	3080.00	3079.00	3079.00	3079.00	3079.00	3078.00	3078.00	3078.00	3078.00	3078.00	3077.00	3077.00	3077.00	3077.00	3077.00	3077.00	3077.00	3076.00	3076.00	3076.00	3076.00	3076.00	3076.00	3076.00	3076.00	3076.00	3075.00	3075.00	3075.00	3075.00	3075.00	3075.00	3075.00	3074.00	3074.00	3074.00	3074.00	3074.00	3074.00	3074.00	3073.00	3073.00	3073.00	3073.00	3073.00	3073.00	3072.00	3072.00	3072.00	3072.00	3072.00	3072.00	3072.00	3072.00	3071.00	3071.00	3071.00	3071.00	3071.00	3071.00	3070.00	3070.00	3070.00	3070.00	3070.00	3069.00	3069.00	3068.00	3068.00	3068.00	3068.00	3068.00	3067.00	3067.00	3067.00	3066.00	3066.00	3066.00	3066.00	3065.00	3065.00	3065.00	3065.00	3065.00	3065.00	3065.00	3064.00	3064.00	3064.00	3064.00	3064.00	3064.00	3064.00	3063.00	3063.00	3063.00	3063.00	3063.00	3063.00	3062.00	3062.00	3062.00	3062.00	3062.00	3062.00	3062.00	3061.00	3061.00	3061.00	3061.00	3061.00	3061.00	3061.00	3060.00	3060.00	3060.00	3060.00	3060.00	3060.00	3060.00	3060.00	3060.00	3059.00	3059.00	3059.00	3059.00	3059.00	3059.00	3059.00	3059.00	3059.00	3059.00	3059.00	3058.00	3058.00	3058.00	3058.00	3058.00	3058.00	3058.00	3058.00	3058.00	3058.00	3058.00	3058.00	3058.00	3058.00	3058.00	3058.00	3058.00	3057.00	3057.00	3057.00
3094.00	3094.00	3094.00	3093.00	3093.00	3093.00	3093.00	3093.00	3093.00	3093.00	3092.00	3092.00	3092.00	3092.00	3091.00	3091.00	3091.00	3091.00	3091.00	3090.00	3090.00	3090.00	3090.00	3089.00	3089.00	3089.00	3089.00	3089.00	3089.00	3089.00	3088.00	3088.00	3088.00	3088.00	3088.00	3088.00	3088.00	3087.00	3087.00	3087.00	3087.00	3087.00	3087.00	3087.00	3087.00	3087.00	3086.00	3086.00	3086.00	3086.00	3086.00	3086.00	3086.00	3086.00	3086.00	3086.00	3086.00	3086.00	3086.00	3086.00	3086.00	3086.00	3086.00	3085.00	3085.00	3085.00	3085.00	3085.00	3085.00	3085.00	3084.00	3084.00	3084.00	3084.00	3084.00	3084.00	3083.00	3083.00	3083.00	3083.00	3083.00	3083.00	3083.00	3082.00	3082.00	3082.00	3082.00	3082.00	3082.00	3082.00	3081.00	3081.00	3081.00	3081.00	3081.00	3081.00	3080.00	3080.00	3080.00	3080.00	3080.00	3080.00	3080.00	3080.00	3079.00	3079.00	3079.00	3079.00	3078.00	3078.00	3078.00	3078.00	3078.00	3077.00	3077.00	3077.00	3077.00	3077.00	3077.00	3077.00	3076.00	3076.00	3076.00	3076.00	3076.00	3076.00	3076.00	3076.00	3076.00	3075.00	3075.00	3075.00	3075.00	3075.00	3075.00	3075.00	3074.00	3074.00	3074.00	3074.00	3074.00	3074.00	3074.00	3073.00	3073.00	3073.00	3073.00	3073.00	3073.00	3072.00	3072.00	3072.00	3072.00	3072.00	3072.00	3072.00	3072.00	3071.00	3071.00	3071.00	3071.00	3071.00	3071.00	3070.00	3070.00	3070.00	3070.00	3070.00	3069.00	3069.00	3068.00	3068.00	3068.00	3068.00	3068.00	3067.00	3067.00	3067.00	3066.00	3066.00	3066.00	3066.00	3065.00	3065.00	3065.00	3065.00	3065.00	3065.00	3065.00	3064.00	3064.00	3064.00	3064.00	3064.00	3064.00	3064.00	3063.00	3063.00	3063.00	3063.00	3063.00	3063.00	3062.00	3062.00	3062.00	3062.00	3062.00	3062.00	3062.00	3061.00	3061.00	3061.00	3061.00	3061.00	3061.00	3061.00	3060.00	3060.00	3060.00	3060.00	3060.00	3060.00	3060.00	3060.00	3060.00	3059.00	3059.00	3059.00	3059.00	3059.00	3059.00	3059.00	3059.00	3059.00	3059.00	3059.00	3058.00	3058.00	3058.00	3058.00	3058.00	3058.00	3058.00	3058.00	3058.00	3058.00	3058.00	3058.00	3058.00	3058.00	3058.00	3058.00	3058.00	3057.00	3057.00	3057.00
3093.00	3093.00	3093.00	3093.00	3093.00	3092.00	3092.00	3092.00	3092.00	3092.00	3092.00	3092.00	3091.00	3091.00	3090.00	3090.00	3090.00	3090.00	3090.00	3090.00	3090.00	3089.00	3089.00	3089.00	3089.00	3089.00	3088.00	3088.00	3088.00	3088.00	3088.00	3088.00	3088.00	3087.00	3087.00	3087.00	3087.00	3086.00	3086.00	3086.00	3086.00	3086.00	3086.00	3086.00	3086.00	3086.00	3085.00	3085.00	3085.00	3085.00	3085.00	3085.00	3085.00	3085.00	3085.00	3084.00	3084.00	3084.00	3084.00	3084.00	3084.00	3084.00	3084.00	3084.00	3084.00	3084.00	3084.00	3084.00	3084.00	3083.00	3083.00	3083.00	3083.00	3083.00	3083.00	3082.00	3082.00	3082.00	3082.00	3082.00	3082.00	3082.00	3082.00	3081.00	3081.00	3081.00	3081.00	3081.00	3080.00	3080.00	3080.00	3080.00	3080.00	3080.00	3080.00	3079.00	3079.00	3079.00	3079.00	3078.00	3078.00	3078.00	3078.00	3078.00	3078.00	3078.00	3078.00	3078.00	3077.00	3077.00	3077.00	3077.00	3077.00	3077.00	3077.00	3076.00	3076.00	3076.00	3076.00	3076.00	3076.00	3076.00	3075.00	3075.00	3075.00	3075.00	3075.00	3075.00	3074.00	3074.00	3074.00	3074.00	3074.00	3074.00	3074.00	3074.00	3073.00	3073.00	3073.00	3073.00	3073.00	3073.00	3072.00	3072.00	3072.00	3072.00	3072.00	3071.00	3071.00	3071.00	3071.00	3071.00	3070.00	3070.00	3070.00	3070.00	3070.00	3070.00	3070.00	3070.00	3070.00	3069.00	3069.00	3069.00	3069.00	3069.00	3068.00	3068.00	3068.00	3067.00	3067.00	3067.00	3066.00	3066.00	3066.00	3066.00	3066.00	3066.00	3065.00	3065.00	3065.00	3065.00	3065.00	3065.00	3064.00	3064.00	3064.00	3064.00	3064.00	3063.00	3063.00	3063.00	3063.00	3063.00	3063.00	3062.00	3062.00	3062.00	3062.00	3062.00	3062.00	3062.00	3062.00	3062.00	3061.00	3061.00	3061.00	3061.00	3061.00	3061.00	3061.00	3061.00	3061.00	3060.00	3060.00	3060.00	3060.00	3060.00	3060.00	3060.00	3060.00	3060.00	3059.00	3059.00	3059.00	3059.00	3059.00	3059.00	3059.00	3059.00	3059.00	3059.00	3058.00	3058.00	3058.00	3058.00	3058.00	3058.00	3058.00	3058.00	3058.00	3058.00	3058.00	3058.00	3058.00	3058.00	3058.00	3058.00	3057.00	3057.00	3057.00	3057.00	3057.00	3057.00	3057.00	3057.00
3093.00	3093.00	3093.00	3093.00	3093.00	3092.00	3092.00	3092.00	3092.00	3092.00	3092.00	3092.00	3091.00	3091.00	3090.00	3090.00	3090.00	3090.00	3090.00	3090.00	3090.00	3089.00	3089.00	3089.00	3089.00	3089.00	3088.00	3088.00	3088.00	3088.00	3088.00	3088.00	3088.00	3087.00	3087.00	3087.00	3087.00	3086.00	3086.00	3086.00	3086.00	3086.00	3086.00	3086.00	3086.00	3086.00	3085.00	3085.00	3085.00	3085.00	3085.00	3085.00	3085.00	3085.00	3085.00	3084.00	3084.00	3084.00	3084.00	3084.00	3084.00	3084.00	3084.00	3084.00	3084.00	3084.00	3084.00	3084.00	3084.00	3083.00	3083.00	3083.00	3083.00	3083.00	3083.00	3082.00	3082.00	3082.00	3082.00	3082.00	3082.00	3082.00	3082.00	3081.00	3081.00	3081.00	3081.00	3081.00	3080.00	3080.00	3080.00	3080.00	3080.00	3080.00	3080.00	3079.00	3079.00	3079.00	3079.00	3078.00	3078.00	3078.00	3078.00	3078.00	3078.00	3078.00	3078.00	3078.00	3077.00	3077.00	3077.00	3077.00	3077.00	3077.00	3077.00	3076.00	3076.00	3076.00	3076.00	3076.00	3076.00	3076.00	3075.00	3075.00	3075.00	3075.00	3075.00	3075.00	3074.00	3074.00	3074.00	3074.00	3074.00	3074.00	3074.00	3074.00	3073.00	3073.00	3073.00	3073.00	3073.00	3073.00	3072.00	3072.00	3072.00	3072.00	3072.00	3071.00	3071.00	3071.00	3071.00	3071.00	3070.00	3070.00	3070.00	3070.00	3070.00	3070.00	3070.00	3070.00	3070.00	3069.00	3069.00	3069.00	3069.00	3069.00	3068.00	3068.00	3068.00	3067.00	3067.00	3067.00	3066.00	3066.00	3066.00	3066.00	3066.00	3066.00	3065.00	3065.00	3065.00	3065.00	3065.00	3065.00	3064.00	3064.00	3064.00	3064.00	3064.00	3063.00	3063.00	3063.00	3063.00	3063.00	3063.00	3062.00	3062.00	3062.00	3062.00	3062.00	3062.00	3062.00	3062.00	3062.00	3061.00	3061.00	3061.00	3061.00	3061.00	3061.00	3061.00	3061.00	3061.00	3060.00	3060.00	3060.00	3060.00	3060.00	3060.00	3060.00	3060.00	3060.00	3059.00	3059.00	3059.00	3059.00	3059.00	3059.00	3059.00	3059.00	3059.00	3059.00	3058.00	3058.00	3058.00	3058.00	3058.00	3058.00	3058.00	3058.00	3058.00	3058.00	3058.00	3058.00	3058.00	3058.00	3058.00	3058.00	3057.00	3057.00	3057.00	3057.00	3057.00	3057.00	3057.00	3057.00
3093.00	3093.00	3093.00	3093.00	3093.00	3092.00	3092.00	3092.00	3092.00	3092.00	3092.00	3092.00	3091.00	3091.00	3090.00	3090.00	3090.00	3090.00	3090.00	3090.00	3090.00	3089.00	3089.00	3089.00	3089.00	3089.00	3088.00	3088.00	3088.00	3088.00	3088.00	3088.00	3088.00	3087.00	3087.00	3087.00	3087.00	3086.00	3086.00	3086.00	3086.00	3086.00	3086.00	3086.00	3086.00	3086.00	3085.00	3085.00	3085.00	3085.00	3085.00	3085.00	3085.00	3085.00	3085.00	3084.00	3084.00	3084.00	3084.00	3084.00	3084.00	3084.00	3084.00	3084.00	3084.00	3084.00	3084.00	3084.00	3084.00	3083.00	3083.00	3083.00	3083.00	3083.00	3083.00	3082.00	3082.00	3082.00	3082.00	3082.00	3082.00	3082.00	3082.00	3081.00	3081.00	3081.00	3081.00	3081.00	3080.00	3080.00	3080.00	3080.00	3080.00	3080.00	3080.00	3079.00	3079.00	3079.00	3079.00	3078.00	3078.00	3078.00	3078.00	3078.00	3078.00	3078.00	3078.00	3078.00	3077.00	3077.00	3077.00	3077.00	3077.00	3077.00	3077.00	3076.00	3076.00	3076.00	3076.00	3076.00	3076.00	3076.00	3075.00	3075.00	3075.00	3075.00	3075.00	3075.00	3074.00	3074.00	3074.00	3074.00	3074.00	3074.00	3074.00	3074.00	3073.00	3073.00	3073.00	3073.00	3073.00	3073.00	3072.00	3072.00	3072.00	3072.00	3072.00	3071.00	3071.00	3071.00	3071.00	3071.00	3070.00	3070.00	3070.00	3070.00	3070.00	3070.00	3070.00	3070.00	3070.00	3069.00	3069.00	3069.00	3069.00	3069.00	3068.00	3068.00	3068.00	3067.00	3067.00	3067.00	3066.00	3066.00	3066.00	3066.00	3066.00	3066.00	3065.00	3065.00	3065.00	3065.00	3065.00	3065.00	3064.00	3064.00	3064.00	3064.00	3064.00	3063.00	3063.00	3063.00	3063.00	3063.00	3063.00	3062.00	3062.00	3062.00	3062.00	3062.00	3062.00	3062.00	3062.00	3062.00	3061.00	3061.00	3061.00	3061.00	3061.00	3061.00	3061.00	3061.00	3061.00	3060.00	3060.00	3060.00	3060.00	3060.00	3060.00	3060.00	3060.00	3060.00	3059.00	3059.00	3059.00	3059.00	3059.00	3059.00	3059.00	3059.00	3059.00	3059.00	3058.00	3058.00	3058.00	3058.00	3058.00	3058.00	3058.00	3058.00	3058.00	3058.00	3058.00	3058.00	3058.00	3058.00	3058.00	3058.00	3057.00	3057.00	3057.00	3057.00	3057.00	3057.00	3057.00	3057.00
3093.00	3093.00	3093.00	3093.00	3093.00	3092.00	3092.00	3092.00	3092.00	3092.00	3092.00	3092.00	3091.00	3091.00	3090.00	3090.00	3090.00	3090.00	3090.00	3090.00	3090.00	3089.00	3089.00	3089.00	3089.00	3089.00	3088.00	3088.00	3088.00	3088.00	3088.00	3088.00	3088.00	3087.00	3087.00	3087.00	3087.00	3086.00	3086.00	3086.00	3086.00	3086.00	3086.00	3086.00	3086.00	3086.00	3085.00	3085.00	3085.00	3085.00	3085.00	3085.00	3085.00	3085.00	3085.00	3084.00	3084.00	3084.00	3084.00	3084.00	3084.00	3084.00	3084.00	3084.00	3084.00	3084.00	3084.00	3084.00	3084.00	3083.00	3083.00	3083.00	3083.00	3083.00	3083.00	3082.00	3082.00	3082.00	3082.00	3082.00	3082.00	3082.00	3082.00	3081.00	3081.00	3081.00	3081.00	3081.00	3080.00	3080.00	3080.00	3080.00	3080.00	3080.00	3080.00	3079.00	3079.00	3079.00	3079.00	3078.00	3078.00	3078.00	3078.00	3078.00	3078.00	3078.00	3078.00	3078.00	3077.00	3077.00	3077.00	3077.00	3077.00	3077.00	3077.00	3076.00	3076.00	3076.00	3076.00	3076.00	3076.00	3076.00	3075.00	3075.00	3075.00	3075.00	3075.00	3075.00	3074.00	3074.00	3074.00	3074.00	3074.00	3074.00	3074.00	3074.00	3073.00	3073.00	3073.00	3073.00	3073.00	3073.00	3072.00	3072.00	3072.00	3072.00	3072.00	3071.00	3071.00	3071.00	3071.00	3071.00	3070.00	3070.00	3070.00	3070.00	3070.00	3070.00	3070.00	3070.00	3070.00	3069.00	3069.00	3069.00	3069.00	3069.00	3068.00	3068.00	3068.00	3067.00	3067.00	3067.00	3066.00	3066.00	3066.00	3066.00	3066.00	3066.00	3065.00	3065.00	3065.00	3065.00	3065.00	3065.00	3064.00	3064.00	3064.00	3064.00	3064.00	3063.00	3063.00	3063.00	3063.00	3063.00	3063.00	3062.00	3062.00	3062.00	3062.00	3062.00	3062.00	3062.00	3062.00	3062.00	3061.00	3061.00	3061.00	3061.00	3061.00	3061.00	3061.00	3061.00	3061.00	3060.00	3060.00	3060.00	3060.00	3060.00	3060.00	3060.00	3060.00	3060.00	3059.00	3059.00	3059.00	3059.00	3059.00	3059.00	3059.00	3059.00	3059.00	3059.00	3058.00	3058.00	3058.00	3058.00	3058.00	3058.00	3058.00	3058.00	3058.00	3058.00	3058.00	3058.00	3058.00	3058.00	3058.00	3058.00	3057.00	3057.00	3057.00	3057.00	3057.00	3057.00	3057.00	3057.00
3093.00	3093.00	3093.00	3093.00	3093.00	3092.00	3092.00	3092.00	3092.00	3092.00	3092.00	3092.00	3091.00	3091.00	3090.00	3090.00	3090.00	3090.00	3090.00	3090.00	3090.00	3089.00	3089.00	3089.00	3089.00	3089.00	3088.00	3088.00	3088.00	3088.00	3088.00	3088.00	3088.00	3087.00	3087.00	3087.00	3087.00	3086.00	3086.00	3086.00	3086.00	3086.00	3086.00	3086.00	3086.00	3086.00	3085.00	3085.00	3085.00	3085.00	3085.00	3085.00	3085.00	3085.00	3085.00	3084.00	3084.00	3084.00	3084.00	3084.00	3084.00	3084.00	3084.00	3084.00	3084.00	3084.00	3084.00	3084.00	3084.00	3083.00	3083.00	3083.00	3083.00	3083.00	3083.00	3082.00	3082.00	3082.00	3082.00	3082.00	3082.00	3082.00	3082.00	3081.00	3081.00	3081.00	3081.00	3081.00	3080.00	3080.00	3080.00	3080.00	3080.00	3080.00	3080.00	3079.00	3079.00	3079.00	3079.00	3078.00	3078.00	3078.00	3078.00	3078.00	3078.00	3078.00	3078.00	3078.00	3077.00	3077.00	3077.00	3077.00	3077.00	3077.00	3077.00	3076.00	3076.00	3076.00	3076.00	3076.00	3076.00	3076.00	3075.00	3075.00	3075.00	3075.00	3075.00	3075.00	3074.00	3074.00	3074.00	3074.00	3074.00	3074.00	3074.00	3074.00	3073.00	3073.00	3073.00	3073.00	3073.00	3073.00	3072.00	3072.00	3072.00	3072.00	3072.00	3071.00	3071.00	3071.00	3071.00	3071.00	3070.00	3070.00	3070.00	3070.00	3070.00	3070.00	3070.00	3070.00	3070.00	3069.00	3069.00	3069.00	3069.00	3069.00	3068.00	3068.00	3068.00	3067.00	3067.00	3067.00	3066.00	3066.00	3066.00	3066.00	3066.00	3066.00	3065.00	3065.00	3065.00	3065.00	3065.00	3065.00	3064.00	3064.00	3064.00	3064.00	3064.00	3063.00	3063.00	3063.00	3063.00	3063.00	3063.00	3062.00	3062.00	3062.00	3062.00	3062.00	3062.00	3062.00	3062.00	3062.00	3061.00	3061.00	3061.00	3061.00	3061.00	3061.00	3061.00	3061.00	3061.00	3060.00	3060.00	3060.00	3060.00	3060.00	3060.00	3060.00	3060.00	3060.00	3059.00	3059.00	3059.00	3059.00	3059.00	3059.00	3059.00	3059.00	3059.00	3059.00	3058.00	3058.00	3058.00	3058.00	3058.00	3058.00	3058.00	3058.00	3058.00	3058.00	3058.00	3058.00	3058.00	3058.00	3058.00	3058.00	3057.00	3057.00	3057.00	3057.00	3057.00	3057.00	3057.00	3057.00
3093.00	3093.00	3093.00	3093.00	3093.00	3092.00	3092.00	3092.00	3092.00	3092.00	3092.00	3092.00	3091.00	3091.00	3090.00	3090.00	3090.00	3090.00	3090.00	3090.00	3090.00	3089.00	3089.00	3089.00	3089.00	3089.00	3088.00	3088.00	3088.00	3088.00	3088.00	3088.00	3088.00	3087.00	3087.00	3087.00	3087.00	3086.00	3086.00	3086.00	3086.00	3086.00	3086.00	3086.00	3086.00	3086.00	3085.00	3085.00	3085.00	3085.00	3085.00	3085.00	3085.00	3085.00	3085.00	3084.00	3084.00	3084.00	3084.00	3084.00	3084.00	3084.00	3084.00	3084.00	3084.00	3084.00	3084.00	3084.00	3084.00	3083.00	3083.00	3083.00	3083.00	3083.00	3083.00	3082.00	3082.00	3082.00	3082.00	3082.00	3082.00	3082.00	3082.00	3081.00	3081.00	3081.00	3081.00	3081.00	3080.00	3080.00	3080.00	3080.00	3080.00	3080.00	3080.00	3079.00	3079.00	3079.00	3079.00	3078.00	3078.00	3078.00	3078.00	3078.00	3078.00	3078.00	3078.00	3078.00	3077.00	3077.00	3077.00	3077.00	3077.00	3077.00	3077.00	3076.00	3076.00	3076.00	3076.00	3076.00	3076.00	3076.00	3075.00	3075.00	3075.00	3075.00	3075.00	3075.00	3074.00	3074.00	3074.00	3074.00	3074.00	3074.00	3074.00	3074.00	3073.00	3073.00	3073.00	3073.00	3073.00	3073.00	3072.00	3072.00	3072.00	3072.00	3072.00	3071.00	3071.00	3071.00	3071.00	3071.00	3070.00	3070.00	3070.00	3070.00	3070.00	3070.00	3070.00	3070.00	3070.00	3069.00	3069.00	3069.00	3069.00	3069.00	3068.00	3068.00	3068.00	3067.00	3067.00	3067.00	3066.00	3066.00	3066.00	3066.00	3066.00	3066.00	3065.00	3065.00	3065.00	3065.00	3065.00	3065.00	3064.00	3064.00	3064.00	3064.00	3064.00	3063.00	3063.00	3063.00	3063.00	3063.00	3063.00	3062.00	3062.00	3062.00	3062.00	3062.00	3062.00	3062.00	3062.00	3062.00	3061.00	3061.00	3061.00	3061.00	3061.00	3061.00	3061.00	3061.00	3061.00	3060.00	3060.00	3060.00	3060.00	3060.00	3060.00	3060.00	3060.00	3060.00	3059.00	3059.00	3059.00	3059.00	3059.00	3059.00	3059.00	3059.00	3059.00	3059.00	3058.00	3058.00	3058.00	3058.00	3058.00	3058.00	3058.00	3058.00	3058.00	3058.00	3058.00	3058.00	3058.00	3058.00	3058.00	3058.00	3057.00	3057.00	3057.00	3057.00	3057.00	3057.00	3057.00	3057.00
3093.00	3093.00	3093.00	3093.00	3093.00	3092.00	3092.00	3092.00	3092.00	3092.00	3092.00	3092.00	3091.00	3091.00	3090.00	3090.00	3090.00	3090.00	3090.00	3090.00	3090.00	3089.00	3089.00	3089.00	3089.00	3089.00	3088.00	3088.00	3088.00	3088.00	3088.00	3088.00	3088.00	3087.00	3087.00	3087.00	3087.00	3086.00	3086.00	3086.00	3086.00	3086.00	3086.00	3086.00	3086.00	3086.00	3085.00	3085.00	3085.00	3085.00	3085.00	3085.00	3085.00	3085.00	3085.00	3084.00	3084.00	3084.00	3084.00	3084.00	3084.00	3084.00	3084.00	3084.00	3084.00	3084.00	3084.00	3084.00	3084.00	3083.00	3083.00	3083.00	3083.00	3083.00	3083.00	3082.00	3082.00	3082.00	3082.00	3082.00	3082.00	3082.00	3082.00	3081.00	3081.00	3081.00	3081.00	3081.00	3080.00	3080.00	3080.00	3080.00	3080.00	3080.00	3080.00	3079.00	3079.00	3079.00	3079.00	3078.00	3078.00	3078.00	3078.00	3078.00	3078.00	3078.00	3078.00	3078.00	3077.00	3077.00	3077.00	3077.00	3077.00	3077.00	3077.00	3076.00	3076.00	3076.00	3076.00	3076.00	3076.00	3076.00	3075.00	3075.00	3075.00	3075.00	3075.00	3075.00	3074.00	3074.00	3074.00	3074.00	3074.00	3074.00	3074.00	3074.00	3073.00	3073.00	3073.00	3073.00	3073.00	3073.00	3072.00	3072.00	3072.00	3072.00	3072.00	3071.00	3071.00	3071.00	3071.00	3071.00	3070.00	3070.00	3070.00	3070.00	3070.00	3070.00	3070.00	3070.00	3070.00	3069.00	3069.00	3069.00	3069.00	3069.00	3068.00	3068.00	3068.00	3067.00	3067.00	3067.00	3066.00	3066.00	3066.00	3066.00	3066.00	3066.00	3065.00	3065.00	3065.00	3065.00	3065.00	3065.00	3064.00	3064.00	3064.00	3064.00	3064.00	3063.00	3063.00	3063.00	3063.00	3063.00	3063.00	3062.00	3062.00	3062.00	3062.00	3062.00	3062.00	3062.00	3062.00	3062.00	3061.00	3061.00	3061.00	3061.00	3061.00	3061.00	3061.00	3061.00	3061.00	3060.00	3060.00	3060.00	3060.00	3060.00	3060.00	3060.00	3060.00	3060.00	3059.00	3059.00	3059.00	3059.00	3059.00	3059.00	3059.00	3059.00	3059.00	3059.00	3058.00	3058.00	3058.00	3058.00	3058.00	3058.00	3058.00	3058.00	3058.00	3058.00	3058.00	3058.00	3058.00	3058.00	3058.00	3058.00	3057.00	3057.00	3057.00	3057.00	3057.00	3057.00	3057.00	3057.00
3093.00	3093.00	3093.00	3093.00	3093.00	3092.00	3092.00	3092.00	3092.00	3092.00	3092.00	3092.00	3091.00	3091.00	3090.00	3090.00	3090.00	3090.00	3090.00	3090.00	3090.00	3089.00	3089.00	3089.00	3089.00	3089.00	3088.00	3088.00	3088.00	3088.00	3088.00	3088.00	3088.00	3087.00	3087.00	3087.00	3087.00	3086.00	3086.00	3086.00	3086.00	3086.00	3086.00	3086.00	3086.00	3086.00	3085.00	3085.00	3085.00	3085.00	3085.00	3085.00	3085.00	3085.00	3085.00	3084.00	3084.00	3084.00	3084.00	3084.00	3084.00	3084.00	3084.00	3084.00	3084.00	3084.00	3084.00	3084.00	3084.00	3083.00	3083.00	3083.00	3083.00	3083.00	3083.00	3082.00	3082.00	3082.00	3082.00	3082.00	3082.00	3082.00	3082.00	3081.00	3081.00	3081.00	3081.00	3081.00	3080.00	3080.00	3080.00	3080.00	3080.00	3080.00	3080.00	3079.00	3079.00	3079.00	3079.00	3078.00	3078.00	3078.00	3078.00	3078.00	3078.00	3078.00	3078.00	3078.00	3077.00	3077.00	3077.00	3077.00	3077.00	3077.00	3077.00	3076.00	3076.00	3076.00	3076.00	3076.00	3076.00	3076.00	3075.00	3075.00	3075.00	3075.00	3075.00	3075.00	3074.00	3074.00	3074.00	3074.00	3074.00	3074.00	3074.00	3074.00	3073.00	3073.00	3073.00	3073.00	3073.00	3073.00	3072.00	3072.00	3072.00	3072.00	3072.00	3071.00	3071.00	3071.00	3071.00	3071.00	3070.00	3070.00	3070.00	3070.00	3070.00	3070.00	3070.00	3070.00	3070.00	3069.00	3069.00	3069.00	3069.00	3069.00	3068.00	3068.00	3068.00	3067.00	3067.00	3067.00	3066.00	3066.00	3066.00	3066.00	3066.00	3066.00	3065.00	3065.00	3065.00	3065.00	3065.00	3065.00	3064.00	3064.00	3064.00	3064.00	3064.00	3063.00	3063.00	3063.00	3063.00	3063.00	3063.00	3062.00	3062.00	3062.00	3062.00	3062.00	3062.00	3062.00	3062.00	3062.00	3061.00	3061.00	3061.00	3061.00	3061.00	3061.00	3061.00	3061.00	3061.00	3060.00	3060.00	3060.00	3060.00	3060.00	3060.00	3060.00	3060.00	3060.00	3059.00	3059.00	3059.00	3059.00	3059.00	3059.00	3059.00	3059.00	3059.00	3059.00	3058.00	3058.00	3058.00	3058.00	3058.00	3058.00	3058.00	3058.00	3058.00	3058.00	3058.00	3058.00	3058.00	3058.00	3058.00	3058.00	3057.00	3057.00	3057.00	3057.00	3057.00	3057.00	3057.00	3057.00
3093.00	3093.00	3093.00	3093.00	3093.00	3092.00	3092.00	3092.00	3092.00	3092.00	3092.00	3092.00	3091.00	3091.00	3090.00	3090.00	3090.00	3090.00	3090.00	3090.00	3090.00	3089.00	3089.00	3089.00	3089.00	3089.00	3088.00	3088.00	3088.00	3088.00	3088.00	3088.00	3088.00	3087.00	3087.00	3087.00	3087.00	3086.00	3086.00	3086.00	3086.00	3086.00	3086.00	3086.00	3086.00	3086.00	3085.00	3085.00	3085.00	3085.00	3085.00	3085.00	3085.00	3085.00	3085.00	3084.00	3084.00	3084.00	3084.00	3084.00	3084.00	3084.00	3084.00	3084.00	3084.00	3084.00	3084.00	3084.00	3084.00	3083.00	3083.00	3083.00	3083.00	3083.00	3083.00	3082.00	3082.00	3082.00	3082.00	3082.00	3082.00	3082.00	3082.00	3081.00	3081.00	3081.00	3081.00	3081.00	3080.00	3080.00	3080.00	3080.00	3080.00	3080.00	3080.00	3079.00	3079.00	3079.00	3079.00	3078.00	3078.00	3078.00	3078.00	3078.00	3078.00	3078.00	3078.00	3078.00	3077.00	3077.00	3077.00	3077.00	3077.00	3077.00	3077.00	3076.00	3076.00	3076.00	3076.00	3076.00	3076.00	3076.00	3075.00	3075.00	3075.00	3075.00	3075.00	3075.00	3074.00	3074.00	3074.00	3074.00	3074.00	3074.00	3074.00	3074.00	3073.00	3073.00	3073.00	3073.00	3073.00	3073.00	3072.00	3072.00	3072.00	3072.00	3072.00	3071.00	3071.00	3071.00	3071.00	3071.00	3070.00	3070.00	3070.00	3070.00	3070.00	3070.00	3070.00	3070.00	3070.00	3069.00	3069.00	3069.00	3069.00	3069.00	3068.00	3068.00	3068.00	3067.00	3067.00	3067.00	3066.00	3066.00	3066.00	3066.00	3066.00	3066.00	3065.00	3065.00	3065.00	3065.00	3065.00	3065.00	3064.00	3064.00	3064.00	3064.00	3064.00	3063.00	3063.00	3063.00	3063.00	3063.00	3063.00	3062.00	3062.00	3062.00	3062.00	3062.00	3062.00	3062.00	3062.00	3062.00	3061.00	3061.00	3061.00	3061.00	3061.00	3061.00	3061.00	3061.00	3061.00	3060.00	3060.00	3060.00	3060.00	3060.00	3060.00	3060.00	3060.00	3060.00	3059.00	3059.00	3059.00	3059.00	3059.00	3059.00	3059.00	3059.00	3059.00	3059.00	3058.00	3058.00	3058.00	3058.00	3058.00	3058.00	3058.00	3058.00	3058.00	3058.00	3058.00	3058.00	3058.00	3058.00	3058.00	3058.00	3057.00	3057.00	3057.00	3057.00	3057.00	3057.00	3057.00	3057.00
3093.00	3093.00	3093.00	3093.00	3093.00	3092.00	3092.00	3092.00	3092.00	3092.00	3092.00	3092.00	3091.00	3091.00	3090.00	3090.00	3090.00	3090.00	3090.00	3090.00	3090.00	3089.00	3089.00	3089.00	3089.00	3089.00	3088.00	3088.00	3088.00	3088.00	3088.00	3088.00	3088.00	3087.00	3087.00	3087.00	3087.00	3086.00	3086.00	3086.00	3086.00	3086.00	3086.00	3086.00	3086.00	3086.00	3085.00	3085.00	3085.00	3085.00	3085.00	3085.00	3085.00	3085.00	3085.00	3084.00	3084.00	3084.00	3084.00	3084.00	3084.00	3084.00	3084.00	3084.00	3084.00	3084.00	3084.00	3084.00	3084.00	3083.00	3083.00	3083.00	3083.00	3083.00	3083.00	3082.00	3082.00	3082.00	3082.00	3082.00	3082.00	3082.00	3082.00	3081.00	3081.00	3081.00	3081.00	3081.00	3080.00	3080.00	3080.00	3080.00	3080.00	3080.00	3080.00	3079.00	3079.00	3079.00	3079.00	3078.00	3078.00	3078.00	3078.00	3078.00	3078.00	3078.00	3078.00	3078.00	3077.00	3077.00	3077.00	3077.00	3077.00	3077.00	3077.00	3076.00	3076.00	3076.00	3076.00	3076.00	3076.00	3076.00	3075.00	3075.00	3075.00	3075.00	3075.00	3075.00	3074.00	3074.00	3074.00	3074.00	3074.00	3074.00	3074.00	3074.00	3073.00	3073.00	3073.00	3073.00	3073.00	3073.00	3072.00	3072.00	3072.00	3072.00	3072.00	3071.00	3071.00	3071.00	3071.00	3071.00	3070.00	3070.00	3070.00	3070.00	3070.00	3070.00	3070.00	3070.00	3070.00	3069.00	3069.00	3069.00	3069.00	3069.00	3068.00	3068.00	3068.00	3067.00	3067.00	3067.00	3066.00	3066.00	3066.00	3066.00	3066.00	3066.00	3065.00	3065.00	3065.00	3065.00	3065.00	3065.00	3064.00	3064.00	3064.00	3064.00	3064.00	3063.00	3063.00	3063.00	3063.00	3063.00	3063.00	3062.00	3062.00	3062.00	3062.00	3062.00	3062.00	3062.00	3062.00	3062.00	3061.00	3061.00	3061.00	3061.00	3061.00	3061.00	3061.00	3061.00	3061.00	3060.00	3060.00	3060.00	3060.00	3060.00	3060.00	3060.00	3060.00	3060.00	3059.00	3059.00	3059.00	3059.00	3059.00	3059.00	3059.00	3059.00	3059.00	3059.00	3058.00	3058.00	3058.00	3058.00	3058.00	3058.00	3058.00	3058.00	3058.00	3058.00	3058.00	3058.00	3058.00	3058.00	3058.00	3058.00	3057.00	3057.00	3057.00	3057.00	3057.00	3057.00	3057.00	3057.00
3093.00	3093.00	3093.00	3093.00	3093.00	3092.00	3092.00	3092.00	3092.00	3092.00	3092.00	3092.00	3091.00	3091.00	3090.00	3090.00	3090.00	3090.00	3090.00	3090.00	3090.00	3089.00	3089.00	3089.00	3089.00	3089.00	3088.00	3088.00	3088.00	3088.00	3088.00	3088.00	3088.00	3087.00	3087.00	3087.00	3087.00	3086.00	3086.00	3086.00	3086.00	3086.00	3086.00	3086.00	3086.00	3086.00	3085.00	3085.00	3085.00	3085.00	3085.00	3085.00	3085.00	3085.00	3085.00	3084.00	3084.00	3084.00	3084.00	3084.00	3084.00	3084.00	3084.00	3084.00	3084.00	3084.00	3084.00	3084.00	3084.00	3083.00	3083.00	3083.00	3083.00	3083.00	3083.00	3082.00	3082.00	3082.00	3082.00	3082.00	3082.00	3082.00	3082.00	3081.00	3081.00	3081.00	3081.00	3081.00	3080.00	3080.00	3080.00	3080.00	3080.00	3080.00	3080.00	3079.00	3079.00	3079.00	3079.00	3078.00	3078.00	3078.00	3078.00	3078.00	3078.00	3078.00	3078.00	3078.00	3077.00	3077.00	3077.00	3077.00	3077.00	3077.00	3077.00	3076.00	3076.00	3076.00	3076.00	3076.00	3076.00	3076.00	3075.00	3075.00	3075.00	3075.00	3075.00	3075.00	3074.00	3074.00	3074.00	3074.00	3074.00	3074.00	3074.00	3074.00	3073.00	3073.00	3073.00	3073.00	3073.00	3073.00	3072.00	3072.00	3072.00	3072.00	3072.00	3071.00	3071.00	3071.00	3071.00	3071.00	3070.00	3070.00	3070.00	3070.00	3070.00	3070.00	3070.00	3070.00	3070.00	3069.00	3069.00	3069.00	3069.00	3069.00	3068.00	3068.00	3068.00	3067.00	3067.00	3067.00	3066.00	3066.00	3066.00	3066.00	3066.00	3066.00	3065.00	3065.00	3065.00	3065.00	3065.00	3065.00	3064.00	3064.00	3064.00	3064.00	3064.00	3063.00	3063.00	3063.00	3063.00	3063.00	3063.00	3062.00	3062.00	3062.00	3062.00	3062.00	3062.00	3062.00	3062.00	3062.00	3061.00	3061.00	3061.00	3061.00	3061.00	3061.00	3061.00	3061.00	3061.00	3060.00	3060.00	3060.00	3060.00	3060.00	3060.00	3060.00	3060.00	3060.00	3059.00	3059.00	3059.00	3059.00	3059.00	3059.00	3059.00	3059.00	3059.00	3059.00	3058.00	3058.00	3058.00	3058.00	3058.00	3058.00	3058.00	3058.00	3058.00	3058.00	3058.00	3058.00	3058.00	3058.00	3058.00	3058.00	3057.00	3057.00	3057.00	3057.00	3057.00	3057.00	3057.00	3057.00
3093.00	3093.00	3093.00	3093.00	3093.00	3092.00	3092.00	3092.00	3092.00	3092.00	3092.00	3092.00	3091.00	3091.00	3090.00	3090.00	3090.00	3090.00	3090.00	3090.00	3090.00	3089.00	3089.00	3089.00	3089.00	3089.00	3088.00	3088.00	3088.00	3088.00	3088.00	3088.00	3088.00	3087.00	3087.00	3087.00	3087.00	3086.00	3086.00	3086.00	3086.00	3086.00	3086.00	3086.00	3086.00	3086.00	3085.00	3085.00	3085.00	3085.00	3085.00	3085.00	3085.00	3085.00	3085.00	3084.00	3084.00	3084.00	3084.00	3084.00	3084.00	3084.00	3084.00	3084.00	3084.00	3084.00	3084.00	3084.00	3084.00	3083.00	3083.00	3083.00	3083.00	3083.00	3083.00	3082.00	3082.00	3082.00	3082.00	3082.00	3082.00	3082.00	3082.00	3081.00	3081.00	3081.00	3081.00	3081.00	3080.00	3080.00	3080.00	3080.00	3080.00	3080.00	3080.00	3079.00	3079.00	3079.00	3079.00	3078.00	3078.00	3078.00	3078.00	3078.00	3078.00	3078.00	3078.00	3078.00	3077.00	3077.00	3077.00	3077.00	3077.00	3077.00	3077.00	3076.00	3076.00	3076.00	3076.00	3076.00	3076.00	3076.00	3075.00	3075.00	3075.00	3075.00	3075.00	3075.00	3074.00	3074.00	3074.00	3074.00	3074.00	3074.00	3074.00	3074.00	3073.00	3073.00	3073.00	3073.00	3073.00	3073.00	3072.00	3072.00	3072.00	3072.00	3072.00	3071.00	3071.00	3071.00	3071.00	3071.00	3070.00	3070.00	3070.00	3070.00	3070.00	3070.00	3070.00	3070.00	3070.00	3069.00	3069.00	3069.00	3069.00	3069.00	3068.00	3068.00	3068.00	3067.00	3067.00	3067.00	3066.00	3066.00	3066.00	3066.00	3066.00	3066.00	3065.00	3065.00	3065.00	3065.00	3065.00	3065.00	3064.00	3064.00	3064.00	3064.00	3064.00	3063.00	3063.00	3063.00	3063.00	3063.00	3063.00	3062.00	3062.00	3062.00	3062.00	3062.00	3062.00	3062.00	3062.00	3062.00	3061.00	3061.00	3061.00	3061.00	3061.00	3061.00	3061.00	3061.00	3061.00	3060.00	3060.00	3060.00	3060.00	3060.00	3060.00	3060.00	3060.00	3060.00	3059.00	3059.00	3059.00	3059.00	3059.00	3059.00	3059.00	3059.00	3059.00	3059.00	3058.00	3058.00	3058.00	3058.00	3058.00	3058.00	3058.00	3058.00	3058.00	3058.00	3058.00	3058.00	3058.00	3058.00	3058.00	3058.00	3057.00	3057.00	3057.00	3057.00	3057.00	3057.00	3057.00	3057.00
3093.00	3093.00	3093.00	3093.00	3093.00	3092.00	3092.00	3092.00	3092.00	3092.00	3092.00	3092.00	3091.00	3091.00	3090.00	3090.00	3090.00	3090.00	3090.00	3090.00	3090.00	3089.00	3089.00	3089.00	3089.00	3089.00	3088.00	3088.00	3088.00	3088.00	3088.00	3088.00	3088.00	3087.00	3087.00	3087.00	3087.00	3086.00	3086.00	3086.00	3086.00	3086.00	3086.00	3086.00	3086.00	3086.00	3085.00	3085.00	3085.00	3085.00	3085.00	3085.00	3085.00	3085.00	3085.00	3084.00	3084.00	3084.00	3084.00	3084.00	3084.00	3084.00	3084.00	3084.00	3084.00	3084.00	3084.00	3084.00	3084.00	3083.00	3083.00	3083.00	3083.00	3083.00	3083.00	3082.00	3082.00	3082.00	3082.00	3082.00	3082.00	3082.00	3082.00	3081.00	3081.00	3081.00	3081.00	3081.00	3080.00	3080.00	3080.00	3080.00	3080.00	3080.00	3080.00	3079.00	3079.00	3079.00	3079.00	3078.00	3078.00	3078.00	3078.00	3078.00	3078.00	3078.00	3078.00	3078.00	3077.00	3077.00	3077.00	3077.00	3077.00	3077.00	3077.00	3076.00	3076.00	3076.00	3076.00	3076.00	3076.00	3076.00	3075.00	3075.00	3075.00	3075.00	3075.00	3075.00	3074.00	3074.00	3074.00	3074.00	3074.00	3074.00	3074.00	3074.00	3073.00	3073.00	3073.00	3073.00	3073.00	3073.00	3072.00	3072.00	3072.00	3072.00	3072.00	3071.00	3071.00	3071.00	3071.00	3071.00	3070.00	3070.00	3070.00	3070.00	3070.00	3070.00	3070.00	3070.00	3070.00	3069.00	3069.00	3069.00	3069.00	3069.00	3068.00	3068.00	3068.00	3067.00	3067.00	3067.00	3066.00	3066.00	3066.00	3066.00	3066.00	3066.00	3065.00	3065.00	3065.00	3065.00	3065.00	3065.00	3064.00	3064.00	3064.00	3064.00	3064.00	3063.00	3063.00	3063.00	3063.00	3063.00	3063.00	3062.00	3062.00	3062.00	3062.00	3062.00	3062.00	3062.00	3062.00	3062.00	3061.00	3061.00	3061.00	3061.00	3061.00	3061.00	3061.00	3061.00	3061.00	3060.00	3060.00	3060.00	3060.00	3060.00	3060.00	3060.00	3060.00	3060.00	3059.00	3059.00	3059.00	3059.00	3059.00	3059.00	3059.00	3059.00	3059.00	3059.00	3058.00	3058.00	3058.00	3058.00	3058.00	3058.00	3058.00	3058.00	3058.00	3058.00	3058.00	3058.00	3058.00	3058.00	3058.00	3058.00	3057.00	3057.00	3057.00	3057.00	3057.00	3057.00	3057.00	3057.00
3093.00	3093.00	3093.00	3093.00	3093.00	3092.00	3092.00	3092.00	3092.00	3092.00	3092.00	3092.00	3091.00	3091.00	3090.00	3090.00	3090.00	3090.00	3090.00	3090.00	3090.00	3089.00	3089.00	3089.00	3089.00	3089.00	3088.00	3088.00	3088.00	3088.00	3088.00	3088.00	3088.00	3087.00	3087.00	3087.00	3087.00	3086.00	3086.00	3086.00	3086.00	3086.00	3086.00	3086.00	3086.00	3086.00	3085.00	3085.00	3085.00	3085.00	3085.00	3085.00	3085.00	3085.00	3085.00	3084.00	3084.00	3084.00	3084.00	3084.00	3084.00	3084.00	3084.00	3084.00	3084.00	3084.00	3084.00	3084.00	3084.00	3083.00	3083.00	3083.00	3083.00	3083.00	3083.00	3082.00	3082.00	3082.00	3082.00	3082.00	3082.00	3082.00	3082.00	3081.00	3081.00	3081.00	3081.00	3081.00	3080.00	3080.00	3080.00	3080.00	3080.00	3080.00	3080.00	3079.00	3079.00	3079.00	3079.00	3078.00	3078.00	3078.00	3078.00	3078.00	3078.00	3078.00	3078.00	3078.00	3077.00	3077.00	3077.00	3077.00	3077.00	3077.00	3077.00	3076.00	3076.00	3076.00	3076.00	3076.00	3076.00	3076.00	3075.00	3075.00	3075.00	3075.00	3075.00	3075.00	3074.00	3074.00	3074.00	3074.00	3074.00	3074.00	3074.00	3074.00	3073.00	3073.00	3073.00	3073.00	3073.00	3073.00	3072.00	3072.00	3072.00	3072.00	3072.00	3071.00	3071.00	3071.00	3071.00	3071.00	3070.00	3070.00	3070.00	3070.00	3070.00	3070.00	3070.00	3070.00	3070.00	3069.00	3069.00	3069.00	3069.00	3069.00	3068.00	3068.00	3068.00	3067.00	3067.00	3067.00	3066.00	3066.00	3066.00	3066.00	3066.00	3066.00	3065.00	3065.00	3065.00	3065.00	3065.00	3065.00	3064.00	3064.00	3064.00	3064.00	3064.00	3063.00	3063.00	3063.00	3063.00	3063.00	3063.00	3062.00	3062.00	3062.00	3062.00	3062.00	3062.00	3062.00	3062.00	3062.00	3061.00	3061.00	3061.00	3061.00	3061.00	3061.00	3061.00	3061.00	3061.00	3060.00	3060.00	3060.00	3060.00	3060.00	3060.00	3060.00	3060.00	3060.00	3059.00	3059.00	3059.00	3059.00	3059.00	3059.00	3059.00	3059.00	3059.00	3059.00	3058.00	3058.00	3058.00	3058.00	3058.00	3058.00	3058.00	3058.00	3058.00	3058.00	3058.00	3058.00	3058.00	3058.00	3058.00	3058.00	3057.00	3057.00	3057.00	3057.00	3057.00	3057.00	3057.00	3057.00
3093.00	3093.00	3093.00	3093.00	3093.00	3092.00	3092.00	3092.00	3092.00	3092.00	3092.00	3092.00	3091.00	3091.00	3090.00	3090.00	3090.00	3090.00	3090.00	3090.00	3090.00	3089.00	3089.00	3089.00	3089.00	3089.00	3088.00	3088.00	3088.00	3088.00	3088.00	3088.00	3088.00	3087.00	3087.00	3087.00	3087.00	3086.00	3086.00	3086.00	3086.00	3086.00	3086.00	3086.00	3086.00	3086.00	3085.00	3085.00	3085.00	3085.00	3085.00	3085.00	3085.00	3085.00	3085.00	3084.00	3084.00	3084.00	3084.00	3084.00	3084.00	3084.00	3084.00	3084.00	3084.00	3084.00	3084.00	3084.00	3084.00	3083.00	3083.00	3083.00	3083.00	3083.00	3083.00	3082.00	3082.00	3082.00	3082.00	3082.00	3082.00	3082.00	3082.00	3081.00	3081.00	3081.00	3081.00	3081.00	3080.00	3080.00	3080.00	3080.00	3080.00	3080.00	3080.00	3079.00	3079.00	3079.00	3079.00	3078.00	3078.00	3078.00	3078.00	3078.00	3078.00	3078.00	3078.00	3078.00	3077.00	3077.00	3077.00	3077.00	3077.00	3077.00	3077.00	3076.00	3076.00	3076.00	3076.00	3076.00	3076.00	3076.00	3075.00	3075.00	3075.00	3075.00	3075.00	3075.00	3074.00	3074.00	3074.00	3074.00	3074.00	3074.00	3074.00	3074.00	3073.00	3073.00	3073.00	3073.00	3073.00	3073.00	3072.00	3072.00	3072.00	3072.00	3072.00	3071.00	3071.00	3071.00	3071.00	3071.00	3070.00	3070.00	3070.00	3070.00	3070.00	3070.00	3070.00	3070.00	3070.00	3069.00	3069.00	3069.00	3069.00	3069.00	3068.00	3068.00	3068.00	3067.00	3067.00	3067.00	3066.00	3066.00	3066.00	3066.00	3066.00	3066.00	3065.00	3065.00	3065.00	3065.00	3065.00	3065.00	3064.00	3064.00	3064.00	3064.00	3064.00	3063.00	3063.00	3063.00	3063.00	3063.00	3063.00	3062.00	3062.00	3062.00	3062.00	3062.00	3062.00	3062.00	3062.00	3062.00	3061.00	3061.00	3061.00	3061.00	3061.00	3061.00	3061.00	3061.00	3061.00	3060.00	3060.00	3060.00	3060.00	3060.00	3060.00	3060.00	3060.00	3060.00	3059.00	3059.00	3059.00	3059.00	3059.00	3059.00	3059.00	3059.00	3059.00	3059.00	3058.00	3058.00	3058.00	3058.00	3058.00	3058.00	3058.00	3058.00	3058.00	3058.00	3058.00	3058.00	3058.00	3058.00	3058.00	3058.00	3057.00	3057.00	3057.00	3057.00	3057.00	3057.00	3057.00	3057.00
3093.00	3093.00	3093.00	3093.00	3093.00	3092.00	3092.00	3092.00	3092.00	3092.00	3092.00	3092.00	3091.00	3091.00	3090.00	3090.00	3090.00	3090.00	3090.00	3090.00	3090.00	3089.00	3089.00	3089.00	3089.00	3089.00	3088.00	3088.00	3088.00	3088.00	3088.00	3088.00	3088.00	3087.00	3087.00	3087.00	3087.00	3086.00	3086.00	3086.00	3086.00	3086.00	3086.00	3086.00	3086.00	3086.00	3085.00	3085.00	3085.00	3085.00	3085.00	3085.00	3085.00	3085.00	3085.00	3084.00	3084.00	3084.00	3084.00	3084.00	3084.00	3084.00	3084.00	3084.00	3084.00	3084.00	3084.00	3084.00	3084.00	3083.00	3083.00	3083.00	3083.00	3083.00	3083.00	3082.00	3082.00	3082.00	3082.00	3082.00	3082.00	3082.00	3082.00	3081.00	3081.00	3081.00	3081.00	3081.00	3080.00	3080.00	3080.00	3080.00	3080.00	3080.00	3080.00	3079.00	3079.00	3079.00	3079.00	3078.00	3078.00	3078.00	3078.00	3078.00	3078.00	3078.00	3078.00	3078.00	3077.00	3077.00	3077.00	3077.00	3077.00	3077.00	3077.00	3076.00	3076.00	3076.00	3076.00	3076.00	3076.00	3076.00	3075.00	3075.00	3075.00	3075.00	3075.00	3075.00	3074.00	3074.00	3074.00	3074.00	3074.00	3074.00	3074.00	3074.00	3073.00	3073.00	3073.00	3073.00	3073.00	3073.00	3072.00	3072.00	3072.00	3072.00	3072.00	3071.00	3071.00	3071.00	3071.00	3071.00	3070.00	3070.00	3070.00	3070.00	3070.00	3070.00	3070.00	3070.00	3070.00	3069.00	3069.00	3069.00	3069.00	3069.00	3068.00	3068.00	3068.00	3067.00	3067.00	3067.00	3066.00	3066.00	3066.00	3066.00	3066.00	3066.00	3065.00	3065.00	3065.00	3065.00	3065.00	3065.00	3064.00	3064.00	3064.00	3064.00	3064.00	3063.00	3063.00	3063.00	3063.00	3063.00	3063.00	3062.00	3062.00	3062.00	3062.00	3062.00	3062.00	3062.00	3062.00	3062.00	3061.00	3061.00	3061.00	3061.00	3061.00	3061.00	3061.00	3061.00	3061.00	3060.00	3060.00	3060.00	3060.00	3060.00	3060.00	3060.00	3060.00	3060.00	3059.00	3059.00	3059.00	3059.00	3059.00	3059.00	3059.00	3059.00	3059.00	3059.00	3058.00	3058.00	3058.00	3058.00	3058.00	3058.00	3058.00	3058.00	3058.00	3058.00	3058.00	3058.00	3058.00	3058.00	3058.00	3058.00	3057.00	3057.00	3057.00	3057.00	3057.00	3057.00	3057.00	3057.00
3093.00	3093.00	3093.00	3093.00	3093.00	3092.00	3092.00	3092.00	3092.00	3092.00	3092.00	3092.00	3091.00	3091.00	3090.00	3090.00	3090.00	3090.00	3090.00	3090.00	3090.00	3089.00	3089.00	3089.00	3089.00	3089.00	3088.00	3088.00	3088.00	3088.00	3088.00	3088.00	3088.00	3087.00	3087.00	3087.00	3087.00	3086.00	3086.00	3086.00	3086.00	3086.00	3086.00	3086.00	3086.00	3086.00	3085.00	3085.00	3085.00	3085.00	3085.00	3085.00	3085.00	3085.00	3085.00	3084.00	3084.00	3084.00	3084.00	3084.00	3084.00	3084.00	3084.00	3084.00	3084.00	3084.00	3084.00	3084.00	3084.00	3083.00	3083.00	3083.00	3083.00	3083.00	3083.00	3082.00	3082.00	3082.00	3082.00	3082.00	3082.00	3082.00	3082.00	3081.00	3081.00	3081.00	3081.00	3081.00	3080.00	3080.00	3080.00	3080.00	3080.00	3080.00	3080.00	3079.00	3079.00	3079.00	3079.00	3078.00	3078.00	3078.00	3078.00	3078.00	3078.00	3078.00	3078.00	3078.00	3077.00	3077.00	3077.00	3077.00	3077.00	3077.00	3077.00	3076.00	3076.00	3076.00	3076.00	3076.00	3076.00	3076.00	3075.00	3075.00	3075.00	3075.00	3075.00	3075.00	3074.00	3074.00	3074.00	3074.00	3074.00	3074.00	3074.00	3074.00	3073.00	3073.00	3073.00	3073.00	3073.00	3073.00	3072.00	3072.00	3072.00	3072.00	3072.00	3071.00	3071.00	3071.00	3071.00	3071.00	3070.00	3070.00	3070.00	3070.00	3070.00	3070.00	3070.00	3070.00	3070.00	3069.00	3069.00	3069.00	3069.00	3069.00	3068.00	3068.00	3068.00	3067.00	3067.00	3067.00	3066.00	3066.00	3066.00	3066.00	3066.00	3066.00	3065.00	3065.00	3065.00	3065.00	3065.00	3065.00	3064.00	3064.00	3064.00	3064.00	3064.00	3063.00	3063.00	3063.00	3063.00	3063.00	3063.00	3062.00	3062.00	3062.00	3062.00	3062.00	3062.00	3062.00	3062.00	3062.00	3061.00	3061.00	3061.00	3061.00	3061.00	3061.00	3061.00	3061.00	3061.00	3060.00	3060.00	3060.00	3060.00	3060.00	3060.00	3060.00	3060.00	3060.00	3059.00	3059.00	3059.00	3059.00	3059.00	3059.00	3059.00	3059.00	3059.00	3059.00	3058.00	3058.00	3058.00	3058.00	3058.00	3058.00	3058.00	3058.00	3058.00	3058.00	3058.00	3058.00	3058.00	3058.00	3058.00	3058.00	3057.00	3057.00	3057.00	3057.00	3057.00	3057.00	3057.00	3057.00
3093.00	3093.00	3093.00	3093.00	3093.00	3092.00	3092.00	3092.00	3092.00	3092.00	3092.00	3092.00	3091.00	3091.00	3090.00	3090.00	3090.00	3090.00	3090.00	3090.00	3090.00	3089.00	3089.00	3089.00	3089.00	3089.00	3088.00	3088.00	3088.00	3088.00	3088.00	3088.00	3088.00	3087.00	3087.00	3087.00	3087.00	3086.00	3086.00	3086.00	3086.00	3086.00	3086.00	3086.00	3086.00	3086.00	3085.00	3085.00	3085.00	3085.00	3085.00	3085.00	3085.00	3085.00	3085.00	3084.00	3084.00	3084.00	3084.00	3084.00	3084.00	3084.00	3084.00	3084.00	3084.00	3084.00	3084.00	3084.00	3084.00	3083.00	3083.00	3083.00	3083.00	3083.00	3083.00	3082.00	3082.00	3082.00	3082.00	3082.00	3082.00	3082.00	3082.00	3081.00	3081.00	3081.00	3081.00	3081.00	3080.00	3080.00	3080.00	3080.00	3080.00	3080.00	3080.00	3079.00	3079.00	3079.00	3079.00	3078.00	3078.00	3078.00	3078.00	3078.00	3078.00	3078.00	3078.00	3078.00	3077.00	3077.00	3077.00	3077.00	3077.00	3077.00	3077.00	3076.00	3076.00	3076.00	3076.00	3076.00	3076.00	3076.00	3075.00	3075.00	3075.00	3075.00	3075.00	3075.00	3074.00	3074.00	3074.00	3074.00	3074.00	3074.00	3074.00	3074.00	3073.00	3073.00	3073.00	3073.00	3073.00	3073.00	3072.00	3072.00	3072.00	3072.00	3072.00	3071.00	3071.00	3071.00	3071.00	3071.00	3070.00	3070.00	3070.00	3070.00	3070.00	3070.00	3070.00	3070.00	3070.00	3069.00	3069.00	3069.00	3069.00	3069.00	3068.00	3068.00	3068.00	3067.00	3067.00	3067.00	3066.00	3066.00	3066.00	3066.00	3066.00	3066.00	3065.00	3065.00	3065.00	3065.00	3065.00	3065.00	3064.00	3064.00	3064.00	3064.00	3064.00	3063.00	3063.00	3063.00	3063.00	3063.00	3063.00	3062.00	3062.00	3062.00	3062.00	3062.00	3062.00	3062.00	3062.00	3062.00	3061.00	3061.00	3061.00	3061.00	3061.00	3061.00	3061.00	3061.00	3061.00	3060.00	3060.00	3060.00	3060.00	3060.00	3060.00	3060.00	3060.00	3060.00	3059.00	3059.00	3059.00	3059.00	3059.00	3059.00	3059.00	3059.00	3059.00	3059.00	3058.00	3058.00	3058.00	3058.00	3058.00	3058.00	3058.00	3058.00	3058.00	3058.00	3058.00	3058.00	3058.00	3058.00	3058.00	3058.00	3057.00	3057.00	3057.00	3057.00	3057.00	3057.00	3057.00	3057.00
3093.00	3093.00	3093.00	3093.00	3093.00	3092.00	3092.00	3092.00	3092.00	3092.00	3092.00	3092.00	3091.00	3091.00	3090.00	3090.00	3090.00	3090.00	3090.00	3090.00	3090.00	3089.00	3089.00	3089.00	3089.00	3089.00	3088.00	3088.00	3088.00	3088.00	3088.00	3088.00	3088.00	3087.00	3087.00	3087.00	3087.00	3086.00	3086.00	3086.00	3086.00	3086.00	3086.00	3086.00	3086.00	3086.00	3085.00	3085.00	3085.00	3085.00	3085.00	3085.00	3085.00	3085.00	3085.00	3084.00	3084.00	3084.00	3084.00	3084.00	3084.00	3084.00	3084.00	3084.00	3084.00	3084.00	3084.00	3084.00	3084.00	3083.00	3083.00	3083.00	3083.00	3083.00	3083.00	3082.00	3082.00	3082.00	3082.00	3082.00	3082.00	3082.00	3082.00	3081.00	3081.00	3081.00	3081.00	3081.00	3080.00	3080.00	3080.00	3080.00	3080.00	3080.00	3080.00	3079.00	3079.00	3079.00	3079.00	3078.00	3078.00	3078.00	3078.00	3078.00	3078.00	3078.00	3078.00	3078.00	3077.00	3077.00	3077.00	3077.00	3077.00	3077.00	3077.00	3076.00	3076.00	3076.00	3076.00	3076.00	3076.00	3076.00	3075.00	3075.00	3075.00	3075.00	3075.00	3075.00	3074.00	3074.00	3074.00	3074.00	3074.00	3074.00	3074.00	3074.00	3073.00	3073.00	3073.00	3073.00	3073.00	3073.00	3072.00	3072.00	3072.00	3072.00	3072.00	3071.00	3071.00	3071.00	3071.00	3071.00	3070.00	3070.00	3070.00	3070.00	3070.00	3070.00	3070.00	3070.00	3070.00	3069.00	3069.00	3069.00	3069.00	3069.00	3068.00	3068.00	3068.00	3067.00	3067.00	3067.00	3066.00	3066.00	3066.00	3066.00	3066.00	3066.00	3065.00	3065.00	3065.00	3065.00	3065.00	3065.00	3064.00	3064.00	3064.00	3064.00	3064.00	3063.00	3063.00	3063.00	3063.00	3063.00	3063.00	3062.00	3062.00	3062.00	3062.00	3062.00	3062.00	3062.00	3062.00	3062.00	3061.00	3061.00	3061.00	3061.00	3061.00	3061.00	3061.00	3061.00	3061.00	3060.00	3060.00	3060.00	3060.00	3060.00	3060.00	3060.00	3060.00	3060.00	3059.00	3059.00	3059.00	3059.00	3059.00	3059.00	3059.00	3059.00	3059.00	3059.00	3058.00	3058.00	3058.00	3058.00	3058.00	3058.00	3058.00	3058.00	3058.00	3058.00	3058.00	3058.00	3058.00	3058.00	3058.00	3058.00	3057.00	3057.00	3057.00	3057.00	3057.00	3057.00	3057.00	3057.00
3093.00	3093.00	3093.00	3093.00	3093.00	3092.00	3092.00	3092.00	3092.00	3092.00	3092.00	3092.00	3091.00	3091.00	3090.00	3090.00	3090.00	3090.00	3090.00	3090.00	3090.00	3089.00	3089.00	3089.00	3089.00	3089.00	3088.00	3088.00	3088.00	3088.00	3088.00	3088.00	3088.00	3087.00	3087.00	3087.00	3087.00	3086.00	3086.00	3086.00	3086.00	3086.00	3086.00	3086.00	3086.00	3086.00	3085.00	3085.00	3085.00	3085.00	3085.00	3085.00	3085.00	3085.00	3085.00	3084.00	3084.00	3084.00	3084.00	3084.00	3084.00	3084.00	3084.00	3084.00	3084.00	3084.00	3084.00	3084.00	3084.00	3083.00	3083.00	3083.00	3083.00	3083.00	3083.00	3082.00	3082.00	3082.00	3082.00	3082.00	3082.00	3082.00	3082.00	3081.00	3081.00	3081.00	3081.00	3081.00	3080.00	3080.00	3080.00	3080.00	3080.00	3080.00	3080.00	3079.00	3079.00	3079.00	3079.00	3078.00	3078.00	3078.00	3078.00	3078.00	3078.00	3078.00	3078.00	3078.00	3077.00	3077.00	3077.00	3077.00	3077.00	3077.00	3077.00	3076.00	3076.00	3076.00	3076.00	3076.00	3076.00	3076.00	3075.00	3075.00	3075.00	3075.00	3075.00	3075.00	3074.00	3074.00	3074.00	3074.00	3074.00	3074.00	3074.00	3074.00	3073.00	3073.00	3073.00	3073.00	3073.00	3073.00	3072.00	3072.00	3072.00	3072.00	3072.00	3071.00	3071.00	3071.00	3071.00	3071.00	3070.00	3070.00	3070.00	3070.00	3070.00	3070.00	3070.00	3070.00	3070.00	3069.00	3069.00	3069.00	3069.00	3069.00	3068.00	3068.00	3068.00	3067.00	3067.00	3067.00	3066.00	3066.00	3066.00	3066.00	3066.00	3066.00	3065.00	3065.00	3065.00	3065.00	3065.00	3065.00	3064.00	3064.00	3064.00	3064.00	3064.00	3063.00	3063.00	3063.00	3063.00	3063.00	3063.00	3062.00	3062.00	3062.00	3062.00	3062.00	3062.00	3062.00	3062.00	3062.00	3061.00	3061.00	3061.00	3061.00	3061.00	3061.00	3061.00	3061.00	3061.00	3060.00	3060.00	3060.00	3060.00	3060.00	3060.00	3060.00	3060.00	3060.00	3059.00	3059.00	3059.00	3059.00	3059.00	3059.00	3059.00	3059.00	3059.00	3059.00	3058.00	3058.00	3058.00	3058.00	3058.00	3058.00	3058.00	3058.00	3058.00	3058.00	3058.00	3058.00	3058.00	3058.00	3058.00	3058.00	3057.00	3057.00	3057.00	3057.00	3057.00	3057.00	3057.00	3057.00
3093.00	3093.00	3093.00	3093.00	3093.00	3092.00	3092.00	3092.00	3092.00	3092.00	3092.00	3092.00	3091.00	3091.00	3090.00	3090.00	3090.00	3090.00	3090.00	3090.00	3090.00	3089.00	3089.00	3089.00	3089.00	3089.00	3088.00	3088.00	3088.00	3088.00	3088.00	3088.00	3088.00	3087.00	3087.00	3087.00	3087.00	3086.00	3086.00	3086.00	3086.00	3086.00	3086.00	3086.00	3086.00	3086.00	3085.00	3085.00	3085.00	3085.00	3085.00	3085.00	3085.00	3085.00	3085.00	3084.00	3084.00	3084.00	3084.00	3084.00	3084.00	3084.00	3084.00	3084.00	3084.00	3084.00	3084.00	3084.00	3084.00	3083.00	3083.00	3083.00	3083.00	3083.00	3083.00	3082.00	3082.00	3082.00	3082.00	3082.00	3082.00	3082.00	3082.00	3081.00	3081.00	3081.00	3081.00	3081.00	3080.00	3080.00	3080.00	3080.00	3080.00	3080.00	3080.00	3079.00	3079.00	3079.00	3079.00	3078.00	3078.00	3078.00	3078.00	3078.00	3078.00	3078.00	3078.00	3078.00	3077.00	3077.00	3077.00	3077.00	3077.00	3077.00	3077.00	3076.00	3076.00	3076.00	3076.00	3076.00	3076.00	3076.00	3075.00	3075.00	3075.00	3075.00	3075.00	3075.00	3074.00	3074.00	3074.00	3074.00	3074.00	3074.00	3074.00	3074.00	3073.00	3073.00	3073.00	3073.00	3073.00	3073.00	3072.00	3072.00	3072.00	3072.00	3072.00	3071.00	3071.00	3071.00	3071.00	3071.00	3070.00	3070.00	3070.00	3070.00	3070.00	3070.00	3070.00	3070.00	3070.00	3069.00	3069.00	3069.00	3069.00	3069.00	3068.00	3068.00	3068.00	3067.00	3067.00	3067.00	3066.00	3066.00	3066.00	3066.00	3066.00	3066.00	3065.00	3065.00	3065.00	3065.00	3065.00	3065.00	3064.00	3064.00	3064.00	3064.00	3064.00	3063.00	3063.00	3063.00	3063.00	3063.00	3063.00	3062.00	3062.00	3062.00	3062.00	3062.00	3062.00	3062.00	3062.00	3062.00	3061.00	3061.00	3061.00	3061.00	3061.00	3061.00	3061.00	3061.00	3061.00	3060.00	3060.00	3060.00	3060.00	3060.00	3060.00	3060.00	3060.00	3060.00	3059.00	3059.00	3059.00	3059.00	3059.00	3059.00	3059.00	3059.00	3059.00	3059.00	3058.00	3058.00	3058.00	3058.00	3058.00	3058.00	3058.00	3058.00	3058.00	3058.00	3058.00	3058.00	3058.00	3058.00	3058.00	3058.00	3057.00	3057.00	3057.00	3057.00	3057.00	3057.00	3057.00	3057.00
3093.00	3093.00	3093.00	3093.00	3093.00	3092.00	3092.00	3092.00	3092.00	3092.00	3092.00	3092.00	3091.00	3091.00	3090.00	3090.00	3090.00	3090.00	3090.00	3090.00	3090.00	3089.00	3089.00	3089.00	3089.00	3089.00	3088.00	3088.00	3088.00	3088.00	3088.00	3088.00	3088.00	3087.00	3087.00	3087.00	3087.00	3086.00	3086.00	3086.00	3086.00	3086.00	3086.00	3086.00	3086.00	3086.00	3085.00	3085.00	3085.00	3085.00	3085.00	3085.00	3085.00	3085.00	3085.00	3084.00	3084.00	3084.00	3084.00	3084.00	3084.00	3084.00	3084.00	3084.00	3084.00	3084.00	3084.00	3084.00	3084.00	3083.00	3083.00	3083.00	3083.00	3083.00	3083.00	3082.00	3082.00	3082.00	3082.00	3082.00	3082.00	3082.00	3082.00	3081.00	3081.00	3081.00	3081.00	3081.00	3080.00	3080.00	3080.00	3080.00	3080.00	3080.00	3080.00	3079.00	3079.00	3079.00	3079.00	3078.00	3078.00	3078.00	3078.00	3078.00	3078.00	3078.00	3078.00	3078.00	3077.00	3077.00	3077.00	3077.00	3077.00	3077.00	3077.00	3076.00	3076.00	3076.00	3076.00	3076.00	3076.00	3076.00	3075.00	3075.00	3075.00	3075.00	3075.00	3075.00	3074.00	3074.00	3074.00	3074.00	3074.00	3074.00	3074.00	3074.00	3073.00	3073.00	3073.00	3073.00	3073.00	3073.00	3072.00	3072.00	3072.00	3072.00	3072.00	3071.00	3071.00	3071.00	3071.00	3071.00	3070.00	3070.00	3070.00	3070.00	3070.00	3070.00	3070.00	3070.00	3070.00	3069.00	3069.00	3069.00	3069.00	3069.00	3068.00	3068.00	3068.00	3067.00	3067.00	3067.00	3066.00	3066.00	3066.00	3066.00	3066.00	3066.00	3065.00	3065.00	3065.00	3065.00	3065.00	3065.00	3064.00	3064.00	3064.00	3064.00	3064.00	3063.00	3063.00	3063.00	3063.00	3063.00	3063.00	3062.00	3062.00	3062.00	3062.00	3062.00	3062.00	3062.00	3062.00	3062.00	3061.00	3061.00	3061.00	3061.00	3061.00	3061.00	3061.00	3061.00	3061.00	3060.00	3060.00	3060.00	3060.00	3060.00	3060.00	3060.00	3060.00	3060.00	3059.00	3059.00	3059.00	3059.00	3059.00	3059.00	3059.00	3059.00	3059.00	3059.00	3058.00	3058.00	3058.00	3058.00	3058.00	3058.00	3058.00	3058.00	3058.00	3058.00	3058.00	3058.00	3058.00	3058.00	3058.00	3058.00	3057.00	3057.00	3057.00	3057.00	3057.00	3057.00	3057.00	3057.00
3093.00	3092.00	3092.00	3092.00	3092.00	3092.00	3092.00	3091.00	3091.00	3091.00	3091.00	3091.00	3090.00	3090.00	3090.00	3090.00	3089.00	3089.00	3089.00	3089.00	3089.00	3088.00	3088.00	3088.00	3088.00	3088.00	3087.00	3087.00	3087.00	3087.00	3087.00	3087.00	3087.00	3087.00	3086.00	3086.00	3086.00	3086.00	3086.00	3086.00	3085.00	3085.00	3085.00	3085.00	3085.00	3085.00	3085.00	3085.00	3084.00	3084.00	3084.00	3084.00	3084.00	3084.00	3084.00	3084.00	3084.00	3083.00	3083.00	3083.00	3083.00	3083.00	3083.00	3083.00	3083.00	3083.00	3083.00	3082.00	3082.00	3082.00	3082.00	3082.00	3082.00	3082.00	3081.00	3081.00	3081.00	3081.00	3081.00	3081.00	3081.00	3080.00	3080.00	3080.00	3080.00	3080.00	3080.00	3079.00	3079.00	3079.00	3079.00	3079.00	3078.00	3078.00	3078.00	3078.00	3077.00	3077.00	3077.00	3077.00	3077.00	3076.00	3076.00	3076.00	3076.00	3076.00	3076.00	3076.00	3075.00	3075.00	3075.00	3075.00	3075.00	3075.00	3075.00	3075.00	3074.00	3074.00	3074.00	3074.00	3074.00	3074.00	3074.00	3074.00	3074.00	3073.00	3073.00	3073.00	3073.00	3073.00	3073.00	3072.00	3072.00	3072.00	3072.00	3072.00	3071.00	3071.00	3071.00	3071.00	3071.00	3071.00	3070.00	3070.00	3070.00	3070.00	3070.00	3070.00	3069.00	3069.00	3069.00	3069.00	3069.00	3069.00	3068.00	3068.00	3068.00	3068.00	3068.00	3068.00	3068.00	3067.00	3067.00	3067.00	3067.00	3067.00	3067.00	3067.00	3066.00	3066.00	3066.00	3066.00	3066.00	3065.00	3065.00	3065.00	3065.00	3065.00	3065.00	3064.00	3064.00	3064.00	3064.00	3064.00	3064.00	3064.00	3063.00	3063.00	3063.00	3063.00	3063.00	3062.00	3062.00	3062.00	3062.00	3062.00	3062.00	3062.00	3062.00	3062.00	3061.00	3061.00	3061.00	3061.00	3061.00	3061.00	3061.00	3061.00	3061.00	3061.00	3060.00	3060.00	3060.00	3060.00	3060.00	3060.00	3060.00	3060.00	3060.00	3059.00	3059.00	3059.00	3059.00	3059.00	3059.00	3059.00	3059.00	3059.00	3058.00	3058.00	3058.00	3058.00	3058.00	3058.00	3058.00	3058.00	3058.00	3058.00	3058.00	3058.00	3058.00	3058.00	3058.00	3058.00	3058.00	3057.00	3057.00	3057.00	3057.00	3057.00	3057.00	3057.00	3057.00	3057.00	3057.00	3057.00
3093.00	3092.00	3092.00	3092.00	3092.00	3092.00	3092.00	3091.00	3091.00	3091.00	3091.00	3091.00	3090.00	3090.00	3090.00	3090.00	3089.00	3089.00	3089.00	3089.00	3089.00	3088.00	3088.00	3088.00	3088.00	3088.00	3087.00	3087.00	3087.00	3087.00	3087.00	3087.00	3087.00	3087.00	3086.00	3086.00	3086.00	3086.00	3086.00	3086.00	3085.00	3085.00	3085.00	3085.00	3085.00	3085.00	3085.00	3085.00	3084.00	3084.00	3084.00	3084.00	3084.00	3084.00	3084.00	3084.00	3084.00	3083.00	3083.00	3083.00	3083.00	3083.00	3083.00	3083.00	3083.00	3083.00	3083.00	3082.00	3082.00	3082.00	3082.00	3082.00	3082.00	3082.00	3081.00	3081.00	3081.00	3081.00	3081.00	3081.00	3081.00	3080.00	3080.00	3080.00	3080.00	3080.00	3080.00	3079.00	3079.00	3079.00	3079.00	3079.00	3078.00	3078.00	3078.00	3078.00	3077.00	3077.00	3077.00	3077.00	3077.00	3076.00	3076.00	3076.00	3076.00	3076.00	3076.00	3076.00	3075.00	3075.00	3075.00	3075.00	3075.00	3075.00	3075.00	3075.00	3074.00	3074.00	3074.00	3074.00	3074.00	3074.00	3074.00	3074.00	3074.00	3073.00	3073.00	3073.00	3073.00	3073.00	3073.00	3072.00	3072.00	3072.00	3072.00	3072.00	3071.00	3071.00	3071.00	3071.00	3071.00	3071.00	3070.00	3070.00	3070.00	3070.00	3070.00	3070.00	3069.00	3069.00	3069.00	3069.00	3069.00	3069.00	3068.00	3068.00	3068.00	3068.00	3068.00	3068.00	3068.00	3067.00	3067.00	3067.00	3067.00	3067.00	3067.00	3067.00	3066.00	3066.00	3066.00	3066.00	3066.00	3065.00	3065.00	3065.00	3065.00	3065.00	3065.00	3064.00	3064.00	3064.00	3064.00	3064.00	3064.00	3064.00	3063.00	3063.00	3063.00	3063.00	3063.00	3062.00	3062.00	3062.00	3062.00	3062.00	3062.00	3062.00	3062.00	3062.00	3061.00	3061.00	3061.00	3061.00	3061.00	3061.00	3061.00	3061.00	3061.00	3061.00	3060.00	3060.00	3060.00	3060.00	3060.00	3060.00	3060.00	3060.00	3060.00	3059.00	3059.00	3059.00	3059.00	3059.00	3059.00	3059.00	3059.00	3059.00	3058.00	3058.00	3058.00	3058.00	3058.00	3058.00	3058.00	3058.00	3058.00	3058.00	3058.00	3058.00	3058.00	3058.00	3058.00	3058.00	3058.00	3057.00	3057.00	3057.00	3057.00	3057.00	3057.00	3057.00	3057.00	3057.00	3057.00	3057.00
3093.00	3092.00	3092.00	3092.00	3092.00	3092.00	3092.00	3091.00	3091.00	3091.00	3091.00	3091.00	3090.00	3090.00	3090.00	3090.00	3089.00	3089.00	3089.00	3089.00	3089.00	3088.00	3088.00	3088.00	3088.00	3088.00	3087.00	3087.00	3087.00	3087.00	3087.00	3087.00	3087.00	3087.00	3086.00	3086.00	3086.00	3086.00	3086.00	3086.00	3085.00	3085.00	3085.00	3085.00	3085.00	3085.00	3085.00	3085.00	3084.00	3084.00	3084.00	3084.00	3084.00	3084.00	3084.00	3084.00	3084.00	3083.00	3083.00	3083.00	3083.00	3083.00	3083.00	3083.00	3083.00	3083.00	3083.00	3082.00	3082.00	3082.00	3082.00	3082.00	3082.00	3082.00	3081.00	3081.00	3081.00	3081.00	3081.00	3081.00	3081.00	3080.00	3080.00	3080.00	3080.00	3080.00	3080.00	3079.00	3079.00	3079.00	3079.00	3079.00	3078.00	3078.00	3078.00	3078.00	3077.00	3077.00	3077.00	3077.00	3077.00	3076.00	3076.00	3076.00	3076.00	3076.00	3076.00	3076.00	3075.00	3075.00	3075.00	3075.00	3075.00	3075.00	3075.00	3075.00	3074.00	3074.00	3074.00	3074.00	3074.00	3074.00	3074.00	3074.00	3074.00	3073.00	3073.00	3073.00	3073.00	3073.00	3073.00	3072.00	3072.00	3072.00	3072.00	3072.00	3071.00	3071.00	3071.00	3071.00	3071.00	3071.00	3070.00	3070.00	3070.00	3070.00	3070.00	3070.00	3069.00	3069.00	3069.00	3069.00	3069.00	3069.00	3068.00	3068.00	3068.00	3068.00	3068.00	3068.00	3068.00	3067.00	3067.00	3067.00	3067.00	3067.00	3067.00	3067.00	3066.00	3066.00	3066.00	3066.00	3066.00	3065.00	3065.00	3065.00	3065.00	3065.00	3065.00	3064.00	3064.00	3064.00	3064.00	3064.00	3064.00	3064.00	3063.00	3063.00	3063.00	3063.00	3063.00	3062.00	3062.00	3062.00	3062.00	3062.00	3062.00	3062.00	3062.00	3062.00	3061.00	3061.00	3061.00	3061.00	3061.00	3061.00	3061.00	3061.00	3061.00	3061.00	3060.00	3060.00	3060.00	3060.00	3060.00	3060.00	3060.00	3060.00	3060.00	3059.00	3059.00	3059.00	3059.00	3059.00	3059.00	3059.00	3059.00	3059.00	3058.00	3058.00	3058.00	3058.00	3058.00	3058.00	3058.00	3058.00	3058.00	3058.00	3058.00	3058.00	3058.00	3058.00	3058.00	3058.00	3058.00	3057.00	3057.00	3057.00	3057.00	3057.00	3057.00	3057.00	3057.00	3057.00	3057.00	3057.00
3093.00	3092.00	3092.00	3092.00	3092.00	3092.00	3092.00	3091.00	3091.00	3091.00	3091.00	3091.00	3090.00	3090.00	3090.00	3090.00	3089.00	3089.00	3089.00	3089.00	3089.00	3088.00	3088.00	3088.00	3088.00	3088.00	3087.00	3087.00	3087.00	3087.00	3087.00	3087.00	3087.00	3087.00	3086.00	3086.00	3086.00	3086.00	3086.00	3086.00	3085.00	3085.00	3085.00	3085.00	3085.00	3085.00	3085.00	3085.00	3084.00	3084.00	3084.00	3084.00	3084.00	3084.00	3084.00	3084.00	3084.00	3083.00	3083.00	3083.00	3083.00	3083.00	3083.00	3083.00	3083.00	3083.00	3083.00	3082.00	3082.00	3082.00	3082.00	3082.00	3082.00	3082.00	3081.00	3081.00	3081.00	3081.00	3081.00	3081.00	3081.00	3080.00	3080.00	3080.00	3080.00	3080.00	3080.00	3079.00	3079.00	3079.00	3079.00	3079.00	3078.00	3078.00	3078.00	3078.00	3077.00	3077.00	3077.00	3077.00	3077.00	3076.00	3076.00	3076.00	3076.00	3076.00	3076.00	3076.00	3075.00	3075.00	3075.00	3075.00	3075.00	3075.00	3075.00	3075.00	3074.00	3074.00	3074.00	3074.00	3074.00	3074.00	3074.00	3074.00	3074.00	3073.00	3073.00	3073.00	3073.00	3073.00	3073.00	3072.00	3072.00	3072.00	3072.00	3072.00	3071.00	3071.00	3071.00	3071.00	3071.00	3071.00	3070.00	3070.00	3070.00	3070.00	3070.00	3070.00	3069.00	3069.00	3069.00	3069.00	3069.00	3069.00	3068.00	3068.00	3068.00	3068.00	3068.00	3068.00	3068.00	3067.00	3067.00	3067.00	3067.00	3067.00	3067.00	3067.00	3066.00	3066.00	3066.00	3066.00	3066.00	3065.00	3065.00	3065.00	3065.00	3065.00	3065.00	3064.00	3064.00	3064.00	3064.00	3064.00	3064.00	3064.00	3063.00	3063.00	3063.00	3063.00	3063.00	3062.00	3062.00	3062.00	3062.00	3062.00	3062.00	3062.00	3062.00	3062.00	3061.00	3061.00	3061.00	3061.00	3061.00	3061.00	3061.00	3061.00	3061.00	3061.00	3060.00	3060.00	3060.00	3060.00	3060.00	3060.00	3060.00	3060.00	3060.00	3059.00	3059.00	3059.00	3059.00	3059.00	3059.00	3059.00	3059.00	3059.00	3058.00	3058.00	3058.00	3058.00	3058.00	3058.00	3058.00	3058.00	3058.00	3058.00	3058.00	3058.00	3058.00	3058.00	3058.00	3058.00	3058.00	3057.00	3057.00	3057.00	3057.00	3057.00	3057.00	3057.00	3057.00	3057.00	3057.00	3057.00
3093.00	3092.00	3092.00	3092.00	3092.00	3092.00	3092.00	3091.00	3091.00	3091.00	3091.00	3091.00	3090.00	3090.00	3090.00	3090.00	3089.00	3089.00	3089.00	3089.00	3089.00	3088.00	3088.00	3088.00	3088.00	3088.00	3087.00	3087.00	3087.00	3087.00	3087.00	3087.00	3087.00	3087.00	3086.00	3086.00	3086.00	3086.00	3086.00	3086.00	3085.00	3085.00	3085.00	3085.00	3085.00	3085.00	3085.00	3085.00	3084.00	3084.00	3084.00	3084.00	3084.00	3084.00	3084.00	3084.00	3084.00	3083.00	3083.00	3083.00	3083.00	3083.00	3083.00	3083.00	3083.00	3083.00	3083.00	3082.00	3082.00	3082.00	3082.00	3082.00	3082.00	3082.00	3081.00	3081.00	3081.00	3081.00	3081.00	3081.00	3081.00	3080.00	3080.00	3080.00	3080.00	3080.00	3080.00	3079.00	3079.00	3079.00	3079.00	3079.00	3078.00	3078.00	3078.00	3078.00	3077.00	3077.00	3077.00	3077.00	3077.00	3076.00	3076.00	3076.00	3076.00	3076.00	3076.00	3076.00	3075.00	3075.00	3075.00	3075.00	3075.00	3075.00	3075.00	3075.00	3074.00	3074.00	3074.00	3074.00	3074.00	3074.00	3074.00	3074.00	3074.00	3073.00	3073.00	3073.00	3073.00	3073.00	3073.00	3072.00	3072.00	3072.00	3072.00	3072.00	3071.00	3071.00	3071.00	3071.00	3071.00	3071.00	3070.00	3070.00	3070.00	3070.00	3070.00	3070.00	3069.00	3069.00	3069.00	3069.00	3069.00	3069.00	3068.00	3068.00	3068.00	3068.00	3068.00	3068.00	3068.00	3067.00	3067.00	3067.00	3067.00	3067.00	3067.00	3067.00	3066.00	3066.00	3066.00	3066.00	3066.00	3065.00	3065.00	3065.00	3065.00	3065.00	3065.00	3064.00	3064.00	3064.00	3064.00	3064.00	3064.00	3064.00	3063.00	3063.00	3063.00	3063.00	3063.00	3062.00	3062.00	3062.00	3062.00	3062.00	3062.00	3062.00	3062.00	3062.00	3061.00	3061.00	3061.00	3061.00	3061.00	3061.00	3061.00	3061.00	3061.00	3061.00	3060.00	3060.00	3060.00	3060.00	3060.00	3060.00	3060.00	3060.00	3060.00	3059.00	3059.00	3059.00	3059.00	3059.00	3059.00	3059.00	3059.00	3059.00	3058.00	3058.00	3058.00	3058.00	3058.00	3058.00	3058.00	3058.00	3058.00	3058.00	3058.00	3058.00	3058.00	3058.00	3058.00	3058.00	3058.00	3057.00	3057.00	3057.00	3057.00	3057.00	3057.00	3057.00	3057.00	3057.00	3057.00	3057.00
3093.00	3092.00	3092.00	3092.00	3092.00	3092.00	3092.00	3091.00	3091.00	3091.00	3091.00	3091.00	3090.00	3090.00	3090.00	3090.00	3089.00	3089.00	3089.00	3089.00	3089.00	3088.00	3088.00	3088.00	3088.00	3088.00	3087.00	3087.00	3087.00	3087.00	3087.00	3087.00	3087.00	3087.00	3086.00	3086.00	3086.00	3086.00	3086.00	3086.00	3085.00	3085.00	3085.00	3085.00	3085.00	3085.00	3085.00	3085.00	3084.00	3084.00	3084.00	3084.00	3084.00	3084.00	3084.00	3084.00	3084.00	3083.00	3083.00	3083.00	3083.00	3083.00	3083.00	3083.00	3083.00	3083.00	3083.00	3082.00	3082.00	3082.00	3082.00	3082.00	3082.00	3082.00	3081.00	3081.00	3081.00	3081.00	3081.00	3081.00	3081.00	3080.00	3080.00	3080.00	3080.00	3080.00	3080.00	3079.00	3079.00	3079.00	3079.00	3079.00	3078.00	3078.00	3078.00	3078.00	3077.00	3077.00	3077.00	3077.00	3077.00	3076.00	3076.00	3076.00	3076.00	3076.00	3076.00	3076.00	3075.00	3075.00	3075.00	3075.00	3075.00	3075.00	3075.00	3075.00	3074.00	3074.00	3074.00	3074.00	3074.00	3074.00	3074.00	3074.00	3074.00	3073.00	3073.00	3073.00	3073.00	3073.00	3073.00	3072.00	3072.00	3072.00	3072.00	3072.00	3071.00	3071.00	3071.00	3071.00	3071.00	3071.00	3070.00	3070.00	3070.00	3070.00	3070.00	3070.00	3069.00	3069.00	3069.00	3069.00	3069.00	3069.00	3068.00	3068.00	3068.00	3068.00	3068.00	3068.00	3068.00	3067.00	3067.00	3067.00	3067.00	3067.00	3067.00	3067.00	3066.00	3066.00	3066.00	3066.00	3066.00	3065.00	3065.00	3065.00	3065.00	3065.00	3065.00	3064.00	3064.00	3064.00	3064.00	3064.00	3064.00	3064.00	3063.00	3063.00	3063.00	3063.00	3063.00	3062.00	3062.00	3062.00	3062.00	3062.00	3062.00	3062.00	3062.00	3062.00	3061.00	3061.00	3061.00	3061.00	3061.00	3061.00	3061.00	3061.00	3061.00	3061.00	3060.00	3060.00	3060.00	3060.00	3060.00	3060.00	3060.00	3060.00	3060.00	3059.00	3059.00	3059.00	3059.00	3059.00	3059.00	3059.00	3059.00	3059.00	3058.00	3058.00	3058.00	3058.00	3058.00	3058.00	3058.00	3058.00	3058.00	3058.00	3058.00	3058.00	3058.00	3058.00	3058.00	3058.00	3058.00	3057.00	3057.00	3057.00	3057.00	3057.00	3057.00	3057.00	3057.00	3057.00	3057.00	3057.00
3093.00	3092.00	3092.00	3092.00	3092.00	3092.00	3092.00	3091.00	3091.00	3091.00	3091.00	3091.00	3090.00	3090.00	3090.00	3090.00	3089.00	3089.00	3089.00	3089.00	3089.00	3088.00	3088.00	3088.00	3088.00	3088.00	3087.00	3087.00	3087.00	3087.00	3087.00	3087.00	3087.00	3087.00	3086.00	3086.00	3086.00	3086.00	3086.00	3086.00	3085.00	3085.00	3085.00	3085.00	3085.00	3085.00	3085.00	3085.00	3084.00	3084.00	3084.00	3084.00	3084.00	3084.00	3084.00	3084.00	3084.00	3083.00	3083.00	3083.00	3083.00	3083.00	3083.00	3083.00	3083.00	3083.00	3083.00	3082.00	3082.00	3082.00	3082.00	3082.00	3082.00	3082.00	3081.00	3081.00	3081.00	3081.00	3081.00	3081.00	3081.00	3080.00	3080.00	3080.00	3080.00	3080.00	3080.00	3079.00	3079.00	3079.00	3079.00	3079.00	3078.00	3078.00	3078.00	3078.00	3077.00	3077.00	3077.00	3077.00	3077.00	3076.00	3076.00	3076.00	3076.00	3076.00	3076.00	3076.00	3075.00	3075.00	3075.00	3075.00	3075.00	3075.00	3075.00	3075.00	3074.00	3074.00	3074.00	3074.00	3074.00	3074.00	3074.00	3074.00	3074.00	3073.00	3073.00	3073.00	3073.00	3073.00	3073.00	3072.00	3072.00	3072.00	3072.00	3072.00	3071.00	3071.00	3071.00	3071.00	3071.00	3071.00	3070.00	3070.00	3070.00	3070.00	3070.00	3070.00	3069.00	3069.00	3069.00	3069.00	3069.00	3069.00	3068.00	3068.00	3068.00	3068.00	3068.00	3068.00	3068.00	3067.00	3067.00	3067.00	3067.00	3067.00	3067.00	3067.00	3066.00	3066.00	3066.00	3066.00	3066.00	3065.00	3065.00	3065.00	3065.00	3065.00	3065.00	3064.00	3064.00	3064.00	3064.00	3064.00	3064.00	3064.00	3063.00	3063.00	3063.00	3063.00	3063.00	3062.00	3062.00	3062.00	3062.00	3062.00	3062.00	3062.00	3062.00	3062.00	3061.00	3061.00	3061.00	3061.00	3061.00	3061.00	3061.00	3061.00	3061.00	3061.00	3060.00	3060.00	3060.00	3060.00	3060.00	3060.00	3060.00	3060.00	3060.00	3059.00	3059.00	3059.00	3059.00	3059.00	3059.00	3059.00	3059.00	3059.00	3058.00	3058.00	3058.00	3058.00	3058.00	3058.00	3058.00	3058.00	3058.00	3058.00	3058.00	3058.00	3058.00	3058.00	3058.00	3058.00	3058.00	3057.00	3057.00	3057.00	3057.00	3057.00	3057.00	3057.00	3057.00	3057.00	3057.00	3057.00
3093.00	3092.00	3092.00	3092.00	3092.00	3092.00	3092.00	3091.00	3091.00	3091.00	3091.00	3091.00	3090.00	3090.00	3090.00	3090.00	3089.00	3089.00	3089.00	3089.00	3089.00	3088.00	3088.00	3088.00	3088.00	3088.00	3087.00	3087.00	3087.00	3087.00	3087.00	3087.00	3087.00	3087.00	3086.00	3086.00	3086.00	3086.00	3086.00	3086.00	3085.00	3085.00	3085.00	3085.00	3085.00	3085.00	3085.00	3085.00	3084.00	3084.00	3084.00	3084.00	3084.00	3084.00	3084.00	3084.00	3084.00	3083.00	3083.00	3083.00	3083.00	3083.00	3083.00	3083.00	3083.00	3083.00	3083.00	3082.00	3082.00	3082.00	3082.00	3082.00	3082.00	3082.00	3081.00	3081.00	3081.00	3081.00	3081.00	3081.00	3081.00	3080.00	3080.00	3080.00	3080.00	3080.00	3080.00	3079.00	3079.00	3079.00	3079.00	3079.00	3078.00	3078.00	3078.00	3078.00	3077.00	3077.00	3077.00	3077.00	3077.00	3076.00	3076.00	3076.00	3076.00	3076.00	3076.00	3076.00	3075.00	3075.00	3075.00	3075.00	3075.00	3075.00	3075.00	3075.00	3074.00	3074.00	3074.00	3074.00	3074.00	3074.00	3074.00	3074.00	3074.00	3073.00	3073.00	3073.00	3073.00	3073.00	3073.00	3072.00	3072.00	3072.00	3072.00	3072.00	3071.00	3071.00	3071.00	3071.00	3071.00	3071.00	3070.00	3070.00	3070.00	3070.00	3070.00	3070.00	3069.00	3069.00	3069.00	3069.00	3069.00	3069.00	3068.00	3068.00	3068.00	3068.00	3068.00	3068.00	3068.00	3067.00	3067.00	3067.00	3067.00	3067.00	3067.00	3067.00	3066.00	3066.00	3066.00	3066.00	3066.00	3065.00	3065.00	3065.00	3065.00	3065.00	3065.00	3064.00	3064.00	3064.00	3064.00	3064.00	3064.00	3064.00	3063.00	3063.00	3063.00	3063.00	3063.00	3062.00	3062.00	3062.00	3062.00	3062.00	3062.00	3062.00	3062.00	3062.00	3061.00	3061.00	3061.00	3061.00	3061.00	3061.00	3061.00	3061.00	3061.00	3061.00	3060.00	3060.00	3060.00	3060.00	3060.00	3060.00	3060.00	3060.00	3060.00	3059.00	3059.00	3059.00	3059.00	3059.00	3059.00	3059.00	3059.00	3059.00	3058.00	3058.00	3058.00	3058.00	3058.00	3058.00	3058.00	3058.00	3058.00	3058.00	3058.00	3058.00	3058.00	3058.00	3058.00	3058.00	3058.00	3057.00	3057.00	3057.00	3057.00	3057.00	3057.00	3057.00	3057.00	3057.00	3057.00	3057.00
3093.00	3092.00	3092.00	3092.00	3092.00	3092.00	3092.00	3091.00	3091.00	3091.00	3091.00	3091.00	3090.00	3090.00	3090.00	3090.00	3089.00	3089.00	3089.00	3089.00	3089.00	3088.00	3088.00	3088.00	3088.00	3088.00	3087.00	3087.00	3087.00	3087.00	3087.00	3087.00	3087.00	3087.00	3086.00	3086.00	3086.00	3086.00	3086.00	3086.00	3085.00	3085.00	3085.00	3085.00	3085.00	3085.00	3085.00	3085.00	3084.00	3084.00	3084.00	3084.00	3084.00	3084.00	3084.00	3084.00	3084.00	3083.00	3083.00	3083.00	3083.00	3083.00	3083.00	3083.00	3083.00	3083.00	3083.00	3082.00	3082.00	3082.00	3082.00	3082.00	3082.00	3082.00	3081.00	3081.00	3081.00	3081.00	3081.00	3081.00	3081.00	3080.00	3080.00	3080.00	3080.00	3080.00	3080.00	3079.00	3079.00	3079.00	3079.00	3079.00	3078.00	3078.00	3078.00	3078.00	3077.00	3077.00	3077.00	3077.00	3077.00	3076.00	3076.00	3076.00	3076.00	3076.00	3076.00	3076.00	3075.00	3075.00	3075.00	3075.00	3075.00	3075.00	3075.00	3075.00	3074.00	3074.00	3074.00	3074.00	3074.00	3074.00	3074.00	3074.00	3074.00	3073.00	3073.00	3073.00	3073.00	3073.00	3073.00	3072.00	3072.00	3072.00	3072.00	3072.00	3071.00	3071.00	3071.00	3071.00	3071.00	3071.00	3070.00	3070.00	3070.00	3070.00	3070.00	3070.00	3069.00	3069.00	3069.00	3069.00	3069.00	3069.00	3068.00	3068.00	3068.00	3068.00	3068.00	3068.00	3068.00	3067.00	3067.00	3067.00	3067.00	3067.00	3067.00	3067.00	3066.00	3066.00	3066.00	3066.00	3066.00	3065.00	3065.00	3065.00	3065.00	3065.00	3065.00	3064.00	3064.00	3064.00	3064.00	3064.00	3064.00	3064.00	3063.00	3063.00	3063.00	3063.00	3063.00	3062.00	3062.00	3062.00	3062.00	3062.00	3062.00	3062.00	3062.00	3062.00	3061.00	3061.00	3061.00	3061.00	3061.00	3061.00	3061.00	3061.00	3061.00	3061.00	3060.00	3060.00	3060.00	3060.00	3060.00	3060.00	3060.00	3060.00	3060.00	3059.00	3059.00	3059.00	3059.00	3059.00	3059.00	3059.00	3059.00	3059.00	3058.00	3058.00	3058.00	3058.00	3058.00	3058.00	3058.00	3058.00	3058.00	3058.00	3058.00	3058.00	3058.00	3058.00	3058.00	3058.00	3058.00	3057.00	3057.00	3057.00	3057.00	3057.00	3057.00	3057.00	3057.00	3057.00	3057.00	3057.00
3093.00	3092.00	3092.00	3092.00	3092.00	3092.00	3092.00	3091.00	3091.00	3091.00	3091.00	3091.00	3090.00	3090.00	3090.00	3090.00	3089.00	3089.00	3089.00	3089.00	3089.00	3088.00	3088.00	3088.00	3088.00	3088.00	3087.00	3087.00	3087.00	3087.00	3087.00	3087.00	3087.00	3087.00	3086.00	3086.00	3086.00	3086.00	3086.00	3086.00	3085.00	3085.00	3085.00	3085.00	3085.00	3085.00	3085.00	3085.00	3084.00	3084.00	3084.00	3084.00	3084.00	3084.00	3084.00	3084.00	3084.00	3083.00	3083.00	3083.00	3083.00	3083.00	3083.00	3083.00	3083.00	3083.00	3083.00	3082.00	3082.00	3082.00	3082.00	3082.00	3082.00	3082.00	3081.00	3081.00	3081.00	3081.00	3081.00	3081.00	3081.00	3080.00	3080.00	3080.00	3080.00	3080.00	3080.00	3079.00	3079.00	3079.00	3079.00	3079.00	3078.00	3078.00	3078.00	3078.00	3077.00	3077.00	3077.00	3077.00	3077.00	3076.00	3076.00	3076.00	3076.00	3076.00	3076.00	3076.00	3075.00	3075.00	3075.00	3075.00	3075.00	3075.00	3075.00	3075.00	3074.00	3074.00	3074.00	3074.00	3074.00	3074.00	3074.00	3074.00	3074.00	3073.00	3073.00	3073.00	3073.00	3073.00	3073.00	3072.00	3072.00	3072.00	3072.00	3072.00	3071.00	3071.00	3071.00	3071.00	3071.00	3071.00	3070.00	3070.00	3070.00	3070.00	3070.00	3070.00	3069.00	3069.00	3069.00	3069.00	3069.00	3069.00	3068.00	3068.00	3068.00	3068.00	3068.00	3068.00	3068.00	3067.00	3067.00	3067.00	3067.00	3067.00	3067.00	3067.00	3066.00	3066.00	3066.00	3066.00	3066.00	3065.00	3065.00	3065.00	3065.00	3065.00	3065.00	3064.00	3064.00	3064.00	3064.00	3064.00	3064.00	3064.00	3063.00	3063.00	3063.00	3063.00	3063.00	3062.00	3062.00	3062.00	3062.00	3062.00	3062.00	3062.00	3062.00	3062.00	3061.00	3061.00	3061.00	3061.00	3061.00	3061.00	3061.00	3061.00	3061.00	3061.00	3060.00	3060.00	3060.00	3060.00	3060.00	3060.00	3060.00	3060.00	3060.00	3059.00	3059.00	3059.00	3059.00	3059.00	3059.00	3059.00	3059.00	3059.00	3058.00	3058.00	3058.00	3058.00	3058.00	3058.00	3058.00	3058.00	3058.00	3058.00	3058.00	3058.00	3058.00	3058.00	3058.00	3058.00	3058.00	3057.00	3057.00	3057.00	3057.00	3057.00	3057.00	3057.00	3057.00	3057.00	3057.00	3057.00
3091.00	3091.00	3091.00	3090.00	3090.00	3090.00	3090.00	3090.00	3090.00	3090.00	3089.00	3089.00	3089.00	3089.00	3088.00	3088.00	3088.00	3088.00	3088.00	3087.00	3087.00	3087.00	3087.00	3087.00	3087.00	3087.00	3086.00	3086.00	3086.00	3086.00	3086.00	3086.00	3086.00	3085.00	3085.00	3085.00	3085.00	3085.00	3085.00	3084.00	3084.00	3084.00	3084.00	3084.00	3084.00	3084.00	3083.00	3083.00	3083.00	3083.00	3083.00	3083.00	3082.00	3082.00	3082.00	3082.00	3082.00	3082.00	3082.00	3082.00	3082.00	3081.00	3081.00	3081.00	3081.00	3081.00	3081.00	3080.00	3080.00	3080.00	3080.00	3080.00	3080.00	3080.00	3080.00	3080.00	3079.00	3079.00	3079.00	3079.00	3079.00	3079.00	3079.00	3078.00	3078.00	3078.00	3078.00	3078.00	3077.00	3077.00	3077.00	3077.00	3077.00	3076.00	3076.00	3076.00	3076.00	3076.00	3076.00	3075.00	3075.00	3075.00	3075.00	3075.00	3075.00	3075.00	3074.00	3074.00	3074.00	3074.00	3074.00	3074.00	3074.00	3073.00	3073.00	3073.00	3073.00	3073.00	3073.00	3072.00	3072.00	3072.00	3072.00	3072.00	3072.00	3072.00	3072.00	3071.00	3071.00	3071.00	3071.00	3071.00	3071.00	3070.00	3070.00	3070.00	3070.00	3070.00	3069.00	3069.00	3069.00	3069.00	3069.00	3069.00	3069.00	3069.00	3069.00	3068.00	3068.00	3068.00	3068.00	3068.00	3067.00	3067.00	3067.00	3067.00	3067.00	3067.00	3067.00	3066.00	3066.00	3066.00	3066.00	3066.00	3066.00	3066.00	3065.00	3065.00	3065.00	3065.00	3065.00	3065.00	3064.00	3064.00	3064.00	3064.00	3064.00	3064.00	3064.00	3063.00	3063.00	3063.00	3063.00	3063.00	3063.00	3063.00	3063.00	3063.00	3063.00	3062.00	3062.00	3062.00	3062.00	3062.00	3062.00	3062.00	3062.00	3062.00	3061.00	3061.00	3061.00	3061.00	3061.00	3061.00	3061.00	3061.00	3061.00	3060.00	3060.00	3060.00	3060.00	3060.00	3060.00	3060.00	3059.00	3059.00	3059.00	3059.00	3059.00	3059.00	3059.00	3059.00	3059.00	3058.00	3058.00	3058.00	3058.00	3058.00	3058.00	3058.00	3058.00	3058.00	3058.00	3058.00	3058.00	3058.00	3058.00	3058.00	3058.00	3058.00	3058.00	3058.00	3058.00	3058.00	3058.00	3058.00	3058.00	3058.00	3058.00	3058.00	3057.00	3057.00	3057.00	3057.00	3057.00	3057.00
3091.00	3091.00	3091.00	3090.00	3090.00	3090.00	3090.00	3090.00	3090.00	3090.00	3089.00	3089.00	3089.00	3089.00	3088.00	3088.00	3088.00	3088.00	3088.00	3087.00	3087.00	3087.00	3087.00	3087.00	3087.00	3087.00	3086.00	3086.00	3086.00	3086.00	3086.00	3086.00	3086.00	3085.00	3085.00	3085.00	3085.00	3085.00	3085.00	3084.00	3084.00	3084.00	3084.00	3084.00	3084.00	3084.00	3083.00	3083.00	3083.00	3083.00	3083.00	3083.00	3082.00	3082.00	3082.00	3082.00	3082.00	3082.00	3082.00	3082.00	3082.00	3081.00	3081.00	3081.00	3081.00	3081.00	3081.00	3080.00	3080.00	3080.00	3080.00	3080.00	3080.00	3080.00	3080.00	3080.00	3079.00	3079.00	3079.00	3079.00	3079.00	3079.00	3079.00	3078.00	3078.00	3078.00	3078.00	3078.00	3077.00	3077.00	3077.00	3077.00	3077.00	3076.00	3076.00	3076.00	3076.00	3076.00	3076.00	3075.00	3075.00	3075.00	3075.00	3075.00	3075.00	3075.00	3074.00	3074.00	3074.00	3074.00	3074.00	3074.00	3074.00	3073.00	3073.00	3073.00	3073.00	3073.00	3073.00	3072.00	3072.00	3072.00	3072.00	3072.00	3072.00	3072.00	3072.00	3071.00	3071.00	3071.00	3071.00	3071.00	3071.00	3070.00	3070.00	3070.00	3070.00	3070.00	3069.00	3069.00	3069.00	3069.00	3069.00	3069.00	3069.00	3069.00	3069.00	3068.00	3068.00	3068.00	3068.00	3068.00	3067.00	3067.00	3067.00	3067.00	3067.00	3067.00	3067.00	3066.00	3066.00	3066.00	3066.00	3066.00	3066.00	3066.00	3065.00	3065.00	3065.00	3065.00	3065.00	3065.00	3064.00	3064.00	3064.00	3064.00	3064.00	3064.00	3064.00	3063.00	3063.00	3063.00	3063.00	3063.00	3063.00	3063.00	3063.00	3063.00	3063.00	3062.00	3062.00	3062.00	3062.00	3062.00	3062.00	3062.00	3062.00	3062.00	3061.00	3061.00	3061.00	3061.00	3061.00	3061.00	3061.00	3061.00	3061.00	3060.00	3060.00	3060.00	3060.00	3060.00	3060.00	3060.00	3059.00	3059.00	3059.00	3059.00	3059.00	3059.00	3059.00	3059.00	3059.00	3058.00	3058.00	3058.00	3058.00	3058.00	3058.00	3058.00	3058.00	3058.00	3058.00	3058.00	3058.00	3058.00	3058.00	3058.00	3058.00	3058.00	3058.00	3058.00	3058.00	3058.00	3058.00	3058.00	3058.00	3058.00	3058.00	3058.00	3057.00	3057.00	3057.00	3057.00	3057.00	3057.00
3091.00	3091.00	3091.00	3090.00	3090.00	3090.00	3090.00	3090.00	3090.00	3090.00	3089.00	3089.00	3089.00	3089.00	3088.00	3088.00	3088.00	3088.00	3088.00	3087.00	3087.00	3087.00	3087.00	3087.00	3087.00	3087.00	3086.00	3086.00	3086.00	3086.00	3086.00	3086.00	3086.00	3085.00	3085.00	3085.00	3085.00	3085.00	3085.00	3084.00	3084.00	3084.00	3084.00	3084.00	3084.00	3084.00	3083.00	3083.00	3083.00	3083.00	3083.00	3083.00	3082.00	3082.00	3082.00	3082.00	3082.00	3082.00	3082.00	3082.00	3082.00	3081.00	3081.00	3081.00	3081.00	3081.00	3081.00	3080.00	3080.00	3080.00	3080.00	3080.00	3080.00	3080.00	3080.00	3080.00	3079.00	3079.00	3079.00	3079.00	3079.00	3079.00	3079.00	3078.00	3078.00	3078.00	3078.00	3078.00	3077.00	3077.00	3077.00	3077.00	3077.00	3076.00	3076.00	3076.00	3076.00	3076.00	3076.00	3075.00	3075.00	3075.00	3075.00	3075.00	3075.00	3075.00	3074.00	3074.00	3074.00	3074.00	3074.00	3074.00	3074.00	3073.00	3073.00	3073.00	3073.00	3073.00	3073.00	3072.00	3072.00	3072.00	3072.00	3072.00	3072.00	3072.00	3072.00	3071.00	3071.00	3071.00	3071.00	3071.00	3071.00	3070.00	3070.00	3070.00	3070.00	3070.00	3069.00	3069.00	3069.00	3069.00	3069.00	3069.00	3069.00	3069.00	3069.00	3068.00	3068.00	3068.00	3068.00	3068.00	3067.00	3067.00	3067.00	3067.00	3067.00	3067.00	3067.00	3066.00	3066.00	3066.00	3066.00	3066.00	3066.00	3066.00	3065.00	3065.00	3065.00	3065.00	3065.00	3065.00	3064.00	3064.00	3064.00	3064.00	3064.00	3064.00	3064.00	3063.00	3063.00	3063.00	3063.00	3063.00	3063.00	3063.00	3063.00	3063.00	3063.00	3062.00	3062.00	3062.00	3062.00	3062.00	3062.00	3062.00	3062.00	3062.00	3061.00	3061.00	3061.00	3061.00	3061.00	3061.00	3061.00	3061.00	3061.00	3060.00	3060.00	3060.00	3060.00	3060.00	3060.00	3060.00	3059.00	3059.00	3059.00	3059.00	3059.00	3059.00	3059.00	3059.00	3059.00	3058.00	3058.00	3058.00	3058.00	3058.00	3058.00	3058.00	3058.00	3058.00	3058.00	3058.00	3058.00	3058.00	3058.00	3058.00	3058.00	3058.00	3058.00	3058.00	3058.00	3058.00	3058.00	3058.00	3058.00	3058.00	3058.00	3058.00	3057.00	3057.00	3057.00	3057.00	3057.00	3057.00
3091.00	3091.00	3091.00	3090.00	3090.00	3090.00	3090.00	3090.00	3090.00	3090.00	3089.00	3089.00	3089.00	3089.00	3088.00	3088.00	3088.00	3088.00	3088.00	3087.00	3087.00	3087.00	3087.00	3087.00	3087.00	3087.00	3086.00	3086.00	3086.00	3086.00	3086.00	3086.00	3086.00	3085.00	3085.00	3085.00	3085.00	3085.00	3085.00	3084.00	3084.00	3084.00	3084.00	3084.00	3084.00	3084.00	3083.00	3083.00	3083.00	3083.00	3083.00	3083.00	3082.00	3082.00	3082.00	3082.00	3082.00	3082.00	3082.00	3082.00	3082.00	3081.00	3081.00	3081.00	3081.00	3081.00	3081.00	3080.00	3080.00	3080.00	3080.00	3080.00	3080.00	3080.00	3080.00	3080.00	3079.00	3079.00	3079.00	3079.00	3079.00	3079.00	3079.00	3078.00	3078.00	3078.00	3078.00	3078.00	3077.00	3077.00	3077.00	3077.00	3077.00	3076.00	3076.00	3076.00	3076.00	3076.00	3076.00	3075.00	3075.00	3075.00	3075.00	3075.00	3075.00	3075.00	3074.00	3074.00	3074.00	3074.00	3074.00	3074.00	3074.00	3073.00	3073.00	3073.00	3073.00	3073.00	3073.00	3072.00	3072.00	3072.00	3072.00	3072.00	3072.00	3072.00	3072.00	3071.00	3071.00	3071.00	3071.00	3071.00	3071.00	3070.00	3070.00	3070.00	3070.00	3070.00	3069.00	3069.00	3069.00	3069.00	3069.00	3069.00	3069.00	3069.00	3069.00	3068.00	3068.00	3068.00	3068.00	3068.00	3067.00	3067.00	3067.00	3067.00	3067.00	3067.00	3067.00	3066.00	3066.00	3066.00	3066.00	3066.00	3066.00	3066.00	3065.00	3065.00	3065.00	3065.00	3065.00	3065.00	3064.00	3064.00	3064.00	3064.00	3064.00	3064.00	3064.00	3063.00	3063.00	3063.00	3063.00	3063.00	3063.00	3063.00	3063.00	3063.00	3063.00	3062.00	3062.00	3062.00	3062.00	3062.00	3062.00	3062.00	3062.00	3062.00	3061.00	3061.00	3061.00	3061.00	3061.00	3061.00	3061.00	3061.00	3061.00	3060.00	3060.00	3060.00	3060.00	3060.00	3060.00	3060.00	3059.00	3059.00	3059.00	3059.00	3059.00	3059.00	3059.00	3059.00	3059.00	3058.00	3058.00	3058.00	3058.00	3058.00	3058.00	3058.00	3058.00	3058.00	3058.00	3058.00	3058.00	3058.00	3058.00	3058.00	3058.00	3058.00	3058.00	3058.00	3058.00	3058.00	3058.00	3058.00	3058.00	3058.00	3058.00	3058.00	3057.00	3057.00	3057.00	3057.00	3057.00	3057.00
3091.00	3091.00	3091.00	3090.00	3090.00	3090.00	3090.00	3090.00	3090.00	3090.00	3089.00	3089.00	3089.00	3089.00	3088.00	3088.00	3088.00	3088.00	3088.00	3087.00	3087.00	3087.00	3087.00	3087.00	3087.00	3087.00	3086.00	3086.00	3086.00	3086.00	3086.00	3086.00	3086.00	3085.00	3085.00	3085.00	3085.00	3085.00	3085.00	3084.00	3084.00	3084.00	3084.00	3084.00	3084.00	3084.00	3083.00	3083.00	3083.00	3083.00	3083.00	3083.00	3082.00	3082.00	3082.00	3082.00	3082.00	3082.00	3082.00	3082.00	3082.00	3081.00	3081.00	3081.00	3081.00	3081.00	3081.00	3080.00	3080.00	3080.00	3080.00	3080.00	3080.00	3080.00	3080.00	3080.00	3079.00	3079.00	3079.00	3079.00	3079.00	3079.00	3079.00	3078.00	3078.00	3078.00	3078.00	3078.00	3077.00	3077.00	3077.00	3077.00	3077.00	3076.00	3076.00	3076.00	3076.00	3076.00	3076.00	3075.00	3075.00	3075.00	3075.00	3075.00	3075.00	3075.00	3074.00	3074.00	3074.00	3074.00	3074.00	3074.00	3074.00	3073.00	3073.00	3073.00	3073.00	3073.00	3073.00	3072.00	3072.00	3072.00	3072.00	3072.00	3072.00	3072.00	3072.00	3071.00	3071.00	3071.00	3071.00	3071.00	3071.00	3070.00	3070.00	3070.00	3070.00	3070.00	3069.00	3069.00	3069.00	3069.00	3069.00	3069.00	3069.00	3069.00	3069.00	3068.00	3068.00	3068.00	3068.00	3068.00	3067.00	3067.00	3067.00	3067.00	3067.00	3067.00	3067.00	3066.00	3066.00	3066.00	3066.00	3066.00	3066.00	3066.00	3065.00	3065.00	3065.00	3065.00	3065.00	3065.00	3064.00	3064.00	3064.00	3064.00	3064.00	3064.00	3064.00	3063.00	3063.00	3063.00	3063.00	3063.00	3063.00	3063.00	3063.00	3063.00	3063.00	3062.00	3062.00	3062.00	3062.00	3062.00	3062.00	3062.00	3062.00	3062.00	3061.00	3061.00	3061.00	3061.00	3061.00	3061.00	3061.00	3061.00	3061.00	3060.00	3060.00	3060.00	3060.00	3060.00	3060.00	3060.00	3059.00	3059.00	3059.00	3059.00	3059.00	3059.00	3059.00	3059.00	3059.00	3058.00	3058.00	3058.00	3058.00	3058.00	3058.00	3058.00	3058.00	3058.00	3058.00	3058.00	3058.00	3058.00	3058.00	3058.00	3058.00	3058.00	3058.00	3058.00	3058.00	3058.00	3058.00	3058.00	3058.00	3058.00	3058.00	3058.00	3057.00	3057.00	3057.00	3057.00	3057.00	3057.00
3091.00	3091.00	3091.00	3090.00	3090.00	3090.00	3090.00	3090.00	3090.00	3090.00	3089.00	3089.00	3089.00	3089.00	3088.00	3088.00	3088.00	3088.00	3088.00	3087.00	3087.00	3087.00	3087.00	3087.00	3087.00	3087.00	3086.00	3086.00	3086.00	3086.00	3086.00	3086.00	3086.00	3085.00	3085.00	3085.00	3085.00	3085.00	3085.00	3084.00	3084.00	3084.00	3084.00	3084.00	3084.00	3084.00	3083.00	3083.00	3083.00	3083.00	3083.00	3083.00	3082.00	3082.00	3082.00	3082.00	3082.00	3082.00	3082.00	3082.00	3082.00	3081.00	3081.00	3081.00	3081.00	3081.00	3081.00	3080.00	3080.00	3080.00	3080.00	3080.00	3080.00	3080.00	3080.00	3080.00	3079.00	3079.00	3079.00	3079.00	3079.00	3079.00	3079.00	3078.00	3078.00	3078.00	3078.00	3078.00	3077.00	3077.00	3077.00	3077.00	3077.00	3076.00	3076.00	3076.00	3076.00	3076.00	3076.00	3075.00	3075.00	3075.00	3075.00	3075.00	3075.00	3075.00	3074.00	3074.00	3074.00	3074.00	3074.00	3074.00	3074.00	3073.00	3073.00	3073.00	3073.00	3073.00	3073.00	3072.00	3072.00	3072.00	3072.00	3072.00	3072.00	3072.00	3072.00	3071.00	3071.00	3071.00	3071.00	3071.00	3071.00	3070.00	3070.00	3070.00	3070.00	3070.00	3069.00	3069.00	3069.00	3069.00	3069.00	3069.00	3069.00	3069.00	3069.00	3068.00	3068.00	3068.00	3068.00	3068.00	3067.00	3067.00	3067.00	3067.00	3067.00	3067.00	3067.00	3066.00	3066.00	3066.00	3066.00	3066.00	3066.00	3066.00	3065.00	3065.00	3065.00	3065.00	3065.00	3065.00	3064.00	3064.00	3064.00	3064.00	3064.00	3064.00	3064.00	3063.00	3063.00	3063.00	3063.00	3063.00	3063.00	3063.00	3063.00	3063.00	3063.00	3062.00	3062.00	3062.00	3062.00	3062.00	3062.00	3062.00	3062.00	3062.00	3061.00	3061.00	3061.00	3061.00	3061.00	3061.00	3061.00	3061.00	3061.00	3060.00	3060.00	3060.00	3060.00	3060.00	3060.00	3060.00	3059.00	3059.00	3059.00	3059.00	3059.00	3059.00	3059.00	3059.00	3059.00	3058.00	3058.00	3058.00	3058.00	3058.00	3058.00	3058.00	3058.00	3058.00	3058.00	3058.00	3058.00	3058.00	3058.00	3058.00	3058.00	3058.00	3058.00	3058.00	3058.00	3058.00	3058.00	3058.00	3058.00	3058.00	3058.00	3058.00	3057.00	3057.00	3057.00	3057.00	3057.00	3057.00
3091.00	3091.00	3091.00	3090.00	3090.00	3090.00	3090.00	3090.00	3090.00	3090.00	3089.00	3089.00	3089.00	3089.00	3088.00	3088.00	3088.00	3088.00	3088.00	3087.00	3087.00	3087.00	3087.00	3087.00	3087.00	3087.00	3086.00	3086.00	3086.00	3086.00	3086.00	3086.00	3086.00	3085.00	3085.00	3085.00	3085.00	3085.00	3085.00	3084.00	3084.00	3084.00	3084.00	3084.00	3084.00	3084.00	3083.00	3083.00	3083.00	3083.00	3083.00	3083.00	3082.00	3082.00	3082.00	3082.00	3082.00	3082.00	3082.00	3082.00	3082.00	3081.00	3081.00	3081.00	3081.00	3081.00	3081.00	3080.00	3080.00	3080.00	3080.00	3080.00	3080.00	3080.00	3080.00	3080.00	3079.00	3079.00	3079.00	3079.00	3079.00	3079.00	3079.00	3078.00	3078.00	3078.00	3078.00	3078.00	3077.00	3077.00	3077.00	3077.00	3077.00	3076.00	3076.00	3076.00	3076.00	3076.00	3076.00	3075.00	3075.00	3075.00	3075.00	3075.00	3075.00	3075.00	3074.00	3074.00	3074.00	3074.00	3074.00	3074.00	3074.00	3073.00	3073.00	3073.00	3073.00	3073.00	3073.00	3072.00	3072.00	3072.00	3072.00	3072.00	3072.00	3072.00	3072.00	3071.00	3071.00	3071.00	3071.00	3071.00	3071.00	3070.00	3070.00	3070.00	3070.00	3070.00	3069.00	3069.00	3069.00	3069.00	3069.00	3069.00	3069.00	3069.00	3069.00	3068.00	3068.00	3068.00	3068.00	3068.00	3067.00	3067.00	3067.00	3067.00	3067.00	3067.00	3067.00	3066.00	3066.00	3066.00	3066.00	3066.00	3066.00	3066.00	3065.00	3065.00	3065.00	3065.00	3065.00	3065.00	3064.00	3064.00	3064.00	3064.00	3064.00	3064.00	3064.00	3063.00	3063.00	3063.00	3063.00	3063.00	3063.00	3063.00	3063.00	3063.00	3063.00	3062.00	3062.00	3062.00	3062.00	3062.00	3062.00	3062.00	3062.00	3062.00	3061.00	3061.00	3061.00	3061.00	3061.00	3061.00	3061.00	3061.00	3061.00	3060.00	3060.00	3060.00	3060.00	3060.00	3060.00	3060.00	3059.00	3059.00	3059.00	3059.00	3059.00	3059.00	3059.00	3059.00	3059.00	3058.00	3058.00	3058.00	3058.00	3058.00	3058.00	3058.00	3058.00	3058.00	3058.00	3058.00	3058.00	3058.00	3058.00	3058.00	3058.00	3058.00	3058.00	3058.00	3058.00	3058.00	3058.00	3058.00	3058.00	3058.00	3058.00	3058.00	3057.00	3057.00	3057.00	3057.00	3057.00	3057.00
3091.00	3091.00	3091.00	3090.00	3090.00	3090.00	3090.00	3090.00	3090.00	3090.00	3089.00	3089.00	3089.00	3089.00	3088.00	3088.00	3088.00	3088.00	3088.00	3087.00	3087.00	3087.00	3087.00	3087.00	3087.00	3087.00	3086.00	3086.00	3086.00	3086.00	3086.00	3086.00	3086.00	3085.00	3085.00	3085.00	3085.00	3085.00	3085.00	3084.00	3084.00	3084.00	3084.00	3084.00	3084.00	3084.00	3083.00	3083.00	3083.00	3083.00	3083.00	3083.00	3082.00	3082.00	3082.00	3082.00	3082.00	3082.00	3082.00	3082.00	3082.00	3081.00	3081.00	3081.00	3081.00	3081.00	3081.00	3080.00	3080.00	3080.00	3080.00	3080.00	3080.00	3080.00	3080.00	3080.00	3079.00	3079.00	3079.00	3079.00	3079.00	3079.00	3079.00	3078.00	3078.00	3078.00	3078.00	3078.00	3077.00	3077.00	3077.00	3077.00	3077.00	3076.00	3076.00	3076.00	3076.00	3076.00	3076.00	3075.00	3075.00	3075.00	3075.00	3075.00	3075.00	3075.00	3074.00	3074.00	3074.00	3074.00	3074.00	3074.00	3074.00	3073.00	3073.00	3073.00	3073.00	3073.00	3073.00	3072.00	3072.00	3072.00	3072.00	3072.00	3072.00	3072.00	3072.00	3071.00	3071.00	3071.00	3071.00	3071.00	3071.00	3070.00	3070.00	3070.00	3070.00	3070.00	3069.00	3069.00	3069.00	3069.00	3069.00	3069.00	3069.00	3069.00	3069.00	3068.00	3068.00	3068.00	3068.00	3068.00	3067.00	3067.00	3067.00	3067.00	3067.00	3067.00	3067.00	3066.00	3066.00	3066.00	3066.00	3066.00	3066.00	3066.00	3065.00	3065.00	3065.00	3065.00	3065.00	3065.00	3064.00	3064.00	3064.00	3064.00	3064.00	3064.00	3064.00	3063.00	3063.00	3063.00	3063.00	3063.00	3063.00	3063.00	3063.00	3063.00	3063.00	3062.00	3062.00	3062.00	3062.00	3062.00	3062.00	3062.00	3062.00	3062.00	3061.00	3061.00	3061.00	3061.00	3061.00	3061.00	3061.00	3061.00	3061.00	3060.00	3060.00	3060.00	3060.00	3060.00	3060.00	3060.00	3059.00	3059.00	3059.00	3059.00	3059.00	3059.00	3059.00	3059.00	3059.00	3058.00	3058.00	3058.00	3058.00	3058.00	3058.00	3058.00	3058.00	3058.00	3058.00	3058.00	3058.00	3058.00	3058.00	3058.00	3058.00	3058.00	3058.00	3058.00	3058.00	3058.00	3058.00	3058.00	3058.00	3058.00	3058.00	3058.00	3057.00	3057.00	3057.00	3057.00	3057.00	3057.00
3091.00	3091.00	3091.00	3090.00	3090.00	3090.00	3090.00	3090.00	3090.00	3090.00	3089.00	3089.00	3089.00	3089.00	3088.00	3088.00	3088.00	3088.00	3088.00	3087.00	3087.00	3087.00	3087.00	3087.00	3087.00	3087.00	3086.00	3086.00	3086.00	3086.00	3086.00	3086.00	3086.00	3085.00	3085.00	3085.00	3085.00	3085.00	3085.00	3084.00	3084.00	3084.00	3084.00	3084.00	3084.00	3084.00	3083.00	3083.00	3083.00	3083.00	3083.00	3083.00	3082.00	3082.00	3082.00	3082.00	3082.00	3082.00	3082.00	3082.00	3082.00	3081.00	3081.00	3081.00	3081.00	3081.00	3081.00	3080.00	3080.00	3080.00	3080.00	3080.00	3080.00	3080.00	3080.00	3080.00	3079.00	3079.00	3079.00	3079.00	3079.00	3079.00	3079.00	3078.00	3078.00	3078.00	3078.00	3078.00	3077.00	3077.00	3077.00	3077.00	3077.00	3076.00	3076.00	3076.00	3076.00	3076.00	3076.00	3075.00	3075.00	3075.00	3075.00	3075.00	3075.00	3075.00	3074.00	3074.00	3074.00	3074.00	3074.00	3074.00	3074.00	3073.00	3073.00	3073.00	3073.00	3073.00	3073.00	3072.00	3072.00	3072.00	3072.00	3072.00	3072.00	3072.00	3072.00	3071.00	3071.00	3071.00	3071.00	3071.00	3071.00	3070.00	3070.00	3070.00	3070.00	3070.00	3069.00	3069.00	3069.00	3069.00	3069.00	3069.00	3069.00	3069.00	3069.00	3068.00	3068.00	3068.00	3068.00	3068.00	3067.00	3067.00	3067.00	3067.00	3067.00	3067.00	3067.00	3066.00	3066.00	3066.00	3066.00	3066.00	3066.00	3066.00	3065.00	3065.00	3065.00	3065.00	3065.00	3065.00	3064.00	3064.00	3064.00	3064.00	3064.00	3064.00	3064.00	3063.00	3063.00	3063.00	3063.00	3063.00	3063.00	3063.00	3063.00	3063.00	3063.00	3062.00	3062.00	3062.00	3062.00	3062.00	3062.00	3062.00	3062.00	3062.00	3061.00	3061.00	3061.00	3061.00	3061.00	3061.00	3061.00	3061.00	3061.00	3060.00	3060.00	3060.00	3060.00	3060.00	3060.00	3060.00	3059.00	3059.00	3059.00	3059.00	3059.00	3059.00	3059.00	3059.00	3059.00	3058.00	3058.00	3058.00	3058.00	3058.00	3058.00	3058.00	3058.00	3058.00	3058.00	3058.00	3058.00	3058.00	3058.00	3058.00	3058.00	3058.00	3058.00	3058.00	3058.00	3058.00	3058.00	3058.00	3058.00	3058.00	3058.00	3058.00	3057.00	3057.00	3057.00	3057.00	3057.00	3057.00
3091.00	3091.00	3091.00	3090.00	3090.00	3090.00	3090.00	3090.00	3090.00	3090.00	3089.00	3089.00	3089.00	3089.00	3088.00	3088.00	3088.00	3088.00	3088.00	3087.00	3087.00	3087.00	3087.00	3087.00	3087.00	3087.00	3086.00	3086.00	3086.00	3086.00	3086.00	3086.00	3086.00	3085.00	3085.00	3085.00	3085.00	3085.00	3085.00	3084.00	3084.00	3084.00	3084.00	3084.00	3084.00	3084.00	3083.00	3083.00	3083.00	3083.00	3083.00	3083.00	3082.00	3082.00	3082.00	3082.00	3082.00	3082.00	3082.00	3082.00	3082.00	3081.00	3081.00	3081.00	3081.00	3081.00	3081.00	3080.00	3080.00	3080.00	3080.00	3080.00	3080.00	3080.00	3080.00	3080.00	3079.00	3079.00	3079.00	3079.00	3079.00	3079.00	3079.00	3078.00	3078.00	3078.00	3078.00	3078.00	3077.00	3077.00	3077.00	3077.00	3077.00	3076.00	3076.00	3076.00	3076.00	3076.00	3076.00	3075.00	3075.00	3075.00	3075.00	3075.00	3075.00	3075.00	3074.00	3074.00	3074.00	3074.00	3074.00	3074.00	3074.00	3073.00	3073.00	3073.00	3073.00	3073.00	3073.00	3072.00	3072.00	3072.00	3072.00	3072.00	3072.00	3072.00	3072.00	3071.00	3071.00	3071.00	3071.00	3071.00	3071.00	3070.00	3070.00	3070.00	3070.00	3070.00	3069.00	3069.00	3069.00	3069.00	3069.00	3069.00	3069.00	3069.00	3069.00	3068.00	3068.00	3068.00	3068.00	3068.00	3067.00	3067.00	3067.00	3067.00	3067.00	3067.00	3067.00	3066.00	3066.00	3066.00	3066.00	3066.00	3066.00	3066.00	3065.00	3065.00	3065.00	3065.00	3065.00	3065.00	3064.00	3064.00	3064.00	3064.00	3064.00	3064.00	3064.00	3063.00	3063.00	3063.00	3063.00	3063.00	3063.00	3063.00	3063.00	3063.00	3063.00	3062.00	3062.00	3062.00	3062.00	3062.00	3062.00	3062.00	3062.00	3062.00	3061.00	3061.00	3061.00	3061.00	3061.00	3061.00	3061.00	3061.00	3061.00	3060.00	3060.00	3060.00	3060.00	3060.00	3060.00	3060.00	3059.00	3059.00	3059.00	3059.00	3059.00	3059.00	3059.00	3059.00	3059.00	3058.00	3058.00	3058.00	3058.00	3058.00	3058.00	3058.00	3058.00	3058.00	3058.00	3058.00	3058.00	3058.00	3058.00	3058.00	3058.00	3058.00	3058.00	3058.00	3058.00	3058.00	3058.00	3058.00	3058.00	3058.00	3058.00	3058.00	3057.00	3057.00	3057.00	3057.00	3057.00	3057.00
3091.00	3091.00	3091.00	3090.00	3090.00	3090.00	3090.00	3090.00	3090.00	3090.00	3089.00	3089.00	3089.00	3089.00	3088.00	3088.00	3088.00	3088.00	3088.00	3087.00	3087.00	3087.00	3087.00	3087.00	3087.00	3087.00	3086.00	3086.00	3086.00	3086.00	3086.00	3086.00	3086.00	3085.00	3085.00	3085.00	3085.00	3085.00	3085.00	3084.00	3084.00	3084.00	3084.00	3084.00	3084.00	3084.00	3083.00	3083.00	3083.00	3083.00	3083.00	3083.00	3082.00	3082.00	3082.00	3082.00	3082.00	3082.00	3082.00	3082.00	3082.00	3081.00	3081.00	3081.00	3081.00	3081.00	3081.00	3080.00	3080.00	3080.00	3080.00	3080.00	3080.00	3080.00	3080.00	3080.00	3079.00	3079.00	3079.00	3079.00	3079.00	3079.00	3079.00	3078.00	3078.00	3078.00	3078.00	3078.00	3077.00	3077.00	3077.00	3077.00	3077.00	3076.00	3076.00	3076.00	3076.00	3076.00	3076.00	3075.00	3075.00	3075.00	3075.00	3075.00	3075.00	3075.00	3074.00	3074.00	3074.00	3074.00	3074.00	3074.00	3074.00	3073.00	3073.00	3073.00	3073.00	3073.00	3073.00	3072.00	3072.00	3072.00	3072.00	3072.00	3072.00	3072.00	3072.00	3071.00	3071.00	3071.00	3071.00	3071.00	3071.00	3070.00	3070.00	3070.00	3070.00	3070.00	3069.00	3069.00	3069.00	3069.00	3069.00	3069.00	3069.00	3069.00	3069.00	3068.00	3068.00	3068.00	3068.00	3068.00	3067.00	3067.00	3067.00	3067.00	3067.00	3067.00	3067.00	3066.00	3066.00	3066.00	3066.00	3066.00	3066.00	3066.00	3065.00	3065.00	3065.00	3065.00	3065.00	3065.00	3064.00	3064.00	3064.00	3064.00	3064.00	3064.00	3064.00	3063.00	3063.00	3063.00	3063.00	3063.00	3063.00	3063.00	3063.00	3063.00	3063.00	3062.00	3062.00	3062.00	3062.00	3062.00	3062.00	3062.00	3062.00	3062.00	3061.00	3061.00	3061.00	3061.00	3061.00	3061.00	3061.00	3061.00	3061.00	3060.00	3060.00	3060.00	3060.00	3060.00	3060.00	3060.00	3059.00	3059.00	3059.00	3059.00	3059.00	3059.00	3059.00	3059.00	3059.00	3058.00	3058.00	3058.00	3058.00	3058.00	3058.00	3058.00	3058.00	3058.00	3058.00	3058.00	3058.00	3058.00	3058.00	3058.00	3058.00	3058.00	3058.00	3058.00	3058.00	3058.00	3058.00	3058.00	3058.00	3058.00	3058.00	3058.00	3057.00	3057.00	3057.00	3057.00	3057.00	3057.00
3091.00	3091.00	3091.00	3090.00	3090.00	3090.00	3090.00	3090.00	3090.00	3090.00	3089.00	3089.00	3089.00	3089.00	3088.00	3088.00	3088.00	3088.00	3088.00	3087.00	3087.00	3087.00	3087.00	3087.00	3087.00	3087.00	3086.00	3086.00	3086.00	3086.00	3086.00	3086.00	3086.00	3085.00	3085.00	3085.00	3085.00	3085.00	3085.00	3084.00	3084.00	3084.00	3084.00	3084.00	3084.00	3084.00	3083.00	3083.00	3083.00	3083.00	3083.00	3083.00	3082.00	3082.00	3082.00	3082.00	3082.00	3082.00	3082.00	3082.00	3082.00	3081.00	3081.00	3081.00	3081.00	3081.00	3081.00	3080.00	3080.00	3080.00	3080.00	3080.00	3080.00	3080.00	3080.00	3080.00	3079.00	3079.00	3079.00	3079.00	3079.00	3079.00	3079.00	3078.00	3078.00	3078.00	3078.00	3078.00	3077.00	3077.00	3077.00	3077.00	3077.00	3076.00	3076.00	3076.00	3076.00	3076.00	3076.00	3075.00	3075.00	3075.00	3075.00	3075.00	3075.00	3075.00	3074.00	3074.00	3074.00	3074.00	3074.00	3074.00	3074.00	3073.00	3073.00	3073.00	3073.00	3073.00	3073.00	3072.00	3072.00	3072.00	3072.00	3072.00	3072.00	3072.00	3072.00	3071.00	3071.00	3071.00	3071.00	3071.00	3071.00	3070.00	3070.00	3070.00	3070.00	3070.00	3069.00	3069.00	3069.00	3069.00	3069.00	3069.00	3069.00	3069.00	3069.00	3068.00	3068.00	3068.00	3068.00	3068.00	3067.00	3067.00	3067.00	3067.00	3067.00	3067.00	3067.00	3066.00	3066.00	3066.00	3066.00	3066.00	3066.00	3066.00	3065.00	3065.00	3065.00	3065.00	3065.00	3065.00	3064.00	3064.00	3064.00	3064.00	3064.00	3064.00	3064.00	3063.00	3063.00	3063.00	3063.00	3063.00	3063.00	3063.00	3063.00	3063.00	3063.00	3062.00	3062.00	3062.00	3062.00	3062.00	3062.00	3062.00	3062.00	3062.00	3061.00	3061.00	3061.00	3061.00	3061.00	3061.00	3061.00	3061.00	3061.00	3060.00	3060.00	3060.00	3060.00	3060.00	3060.00	3060.00	3059.00	3059.00	3059.00	3059.00	3059.00	3059.00	3059.00	3059.00	3059.00	3058.00	3058.00	3058.00	3058.00	3058.00	3058.00	3058.00	3058.00	3058.00	3058.00	3058.00	3058.00	3058.00	3058.00	3058.00	3058.00	3058.00	3058.00	3058.00	3058.00	3058.00	3058.00	3058.00	3058.00	3058.00	3058.00	3058.00	3057.00	3057.00	3057.00	3057.00	3057.00	3057.00
3090.00	3090.00	3090.00	3089.00	3089.00	3089.00	3089.00	3089.00	3088.00	3088.00	3088.00	3088.00	3087.00	3087.00	3087.00	3087.00	3087.00	3086.00	3086.00	3086.00	3086.00	3086.00	3086.00	3086.00	3086.00	3085.00	3085.00	3085.00	3085.00	3085.00	3085.00	3084.00	3084.00	3084.00	3084.00	3084.00	3084.00	3083.00	3083.00	3083.00	3083.00	3083.00	3083.00	3083.00	3082.00	3082.00	3082.00	3082.00	3082.00	3082.00	3082.00	3081.00	3081.00	3081.00	3081.00	3081.00	3081.00	3081.00	3080.00	3080.00	3080.00	3080.00	3080.00	3080.00	3079.00	3079.00	3079.00	3079.00	3079.00	3079.00	3078.00	3078.00	3078.00	3078.00	3078.00	3078.00	3078.00	3078.00	3077.00	3077.00	3077.00	3077.00	3077.00	3077.00	3076.00	3076.00	3076.00	3076.00	3076.00	3076.00	3076.00	3076.00	3075.00	3075.00	3075.00	3075.00	3075.00	3074.00	3074.00	3074.00	3074.00	3074.00	3074.00	3074.00	3073.00	3073.00	3073.00	3073.00	3073.00	3073.00	3072.00	3072.00	3072.00	3072.00	3072.00	3072.00	3071.00	3071.00	3071.00	3071.00	3071.00	3071.00	3071.00	3071.00	3070.00	3070.00	3070.00	3070.00	3070.00	3070.00	3070.00	3069.00	3069.00	3069.00	3069.00	3069.00	3069.00	3069.00	3068.00	3068.00	3068.00	3068.00	3068.00	3068.00	3068.00	3067.00	3067.00	3067.00	3067.00	3067.00	3067.00	3066.00	3066.00	3066.00	3066.00	3066.00	3066.00	3066.00	3066.00	3065.00	3065.00	3065.00	3065.00	3065.00	3064.00	3064.00	3064.00	3064.00	3064.00	3064.00	3064.00	3064.00	3064.00	3063.00	3063.00	3063.00	3063.00	3063.00	3063.00	3063.00	3063.00	3063.00	3063.00	3063.00	3063.00	3063.00	3062.00	3062.00	3062.00	3062.00	3062.00	3062.00	3062.00	3062.00	3062.00	3061.00	3061.00	3061.00	3061.00	3061.00	3061.00	3061.00	3060.00	3060.00	3060.00	3060.00	3060.00	3060.00	3060.00	3060.00	3060.00	3060.00	3060.00	3060.00	3059.00	3059.00	3059.00	3059.00	3059.00	3059.00	3059.00	3059.00	3059.00	3059.00	3059.00	3059.00	3059.00	3059.00	3058.00	3058.00	3058.00	3058.00	3058.00	3058.00	3058.00	3058.00	3058.00	3058.00	3058.00	3058.00	3058.00	3058.00	3058.00	3058.00	3058.00	3058.00	3058.00	3058.00	3059.00	3059.00	3058.00	3058.00	3058.00	3058.00	3058.00	3058.00
3090.00	3090.00	3090.00	3089.00	3089.00	3089.00	3089.00	3089.00	3088.00	3088.00	3088.00	3088.00	3087.00	3087.00	3087.00	3087.00	3087.00	3086.00	3086.00	3086.00	3086.00	3086.00	3086.00	3086.00	3086.00	3085.00	3085.00	3085.00	3085.00	3085.00	3085.00	3084.00	3084.00	3084.00	3084.00	3084.00	3084.00	3083.00	3083.00	3083.00	3083.00	3083.00	3083.00	3083.00	3082.00	3082.00	3082.00	3082.00	3082.00	3082.00	3082.00	3081.00	3081.00	3081.00	3081.00	3081.00	3081.00	3081.00	3080.00	3080.00	3080.00	3080.00	3080.00	3080.00	3079.00	3079.00	3079.00	3079.00	3079.00	3079.00	3078.00	3078.00	3078.00	3078.00	3078.00	3078.00	3078.00	3078.00	3077.00	3077.00	3077.00	3077.00	3077.00	3077.00	3076.00	3076.00	3076.00	3076.00	3076.00	3076.00	3076.00	3076.00	3075.00	3075.00	3075.00	3075.00	3075.00	3074.00	3074.00	3074.00	3074.00	3074.00	3074.00	3074.00	3073.00	3073.00	3073.00	3073.00	3073.00	3073.00	3072.00	3072.00	3072.00	3072.00	3072.00	3072.00	3071.00	3071.00	3071.00	3071.00	3071.00	3071.00	3071.00	3071.00	3070.00	3070.00	3070.00	3070.00	3070.00	3070.00	3070.00	3069.00	3069.00	3069.00	3069.00	3069.00	3069.00	3069.00	3068.00	3068.00	3068.00	3068.00	3068.00	3068.00	3068.00	3067.00	3067.00	3067.00	3067.00	3067.00	3067.00	3066.00	3066.00	3066.00	3066.00	3066.00	3066.00	3066.00	3066.00	3065.00	3065.00	3065.00	3065.00	3065.00	3064.00	3064.00	3064.00	3064.00	3064.00	3064.00	3064.00	3064.00	3064.00	3063.00	3063.00	3063.00	3063.00	3063.00	3063.00	3063.00	3063.00	3063.00	3063.00	3063.00	3063.00	3063.00	3062.00	3062.00	3062.00	3062.00	3062.00	3062.00	3062.00	3062.00	3062.00	3061.00	3061.00	3061.00	3061.00	3061.00	3061.00	3061.00	3060.00	3060.00	3060.00	3060.00	3060.00	3060.00	3060.00	3060.00	3060.00	3060.00	3060.00	3060.00	3059.00	3059.00	3059.00	3059.00	3059.00	3059.00	3059.00	3059.00	3059.00	3059.00	3059.00	3059.00	3059.00	3059.00	3058.00	3058.00	3058.00	3058.00	3058.00	3058.00	3058.00	3058.00	3058.00	3058.00	3058.00	3058.00	3058.00	3058.00	3058.00	3058.00	3058.00	3058.00	3058.00	3058.00	3059.00	3059.00	3058.00	3058.00	3058.00	3058.00	3058.00	3058.00
3090.00	3090.00	3090.00	3089.00	3089.00	3089.00	3089.00	3089.00	3088.00	3088.00	3088.00	3088.00	3087.00	3087.00	3087.00	3087.00	3087.00	3086.00	3086.00	3086.00	3086.00	3086.00	3086.00	3086.00	3086.00	3085.00	3085.00	3085.00	3085.00	3085.00	3085.00	3084.00	3084.00	3084.00	3084.00	3084.00	3084.00	3083.00	3083.00	3083.00	3083.00	3083.00	3083.00	3083.00	3082.00	3082.00	3082.00	3082.00	3082.00	3082.00	3082.00	3081.00	3081.00	3081.00	3081.00	3081.00	3081.00	3081.00	3080.00	3080.00	3080.00	3080.00	3080.00	3080.00	3079.00	3079.00	3079.00	3079.00	3079.00	3079.00	3078.00	3078.00	3078.00	3078.00	3078.00	3078.00	3078.00	3078.00	3077.00	3077.00	3077.00	3077.00	3077.00	3077.00	3076.00	3076.00	3076.00	3076.00	3076.00	3076.00	3076.00	3076.00	3075.00	3075.00	3075.00	3075.00	3075.00	3074.00	3074.00	3074.00	3074.00	3074.00	3074.00	3074.00	3073.00	3073.00	3073.00	3073.00	3073.00	3073.00	3072.00	3072.00	3072.00	3072.00	3072.00	3072.00	3071.00	3071.00	3071.00	3071.00	3071.00	3071.00	3071.00	3071.00	3070.00	3070.00	3070.00	3070.00	3070.00	3070.00	3070.00	3069.00	3069.00	3069.00	3069.00	3069.00	3069.00	3069.00	3068.00	3068.00	3068.00	3068.00	3068.00	3068.00	3068.00	3067.00	3067.00	3067.00	3067.00	3067.00	3067.00	3066.00	3066.00	3066.00	3066.00	3066.00	3066.00	3066.00	3066.00	3065.00	3065.00	3065.00	3065.00	3065.00	3064.00	3064.00	3064.00	3064.00	3064.00	3064.00	3064.00	3064.00	3064.00	3063.00	3063.00	3063.00	3063.00	3063.00	3063.00	3063.00	3063.00	3063.00	3063.00	3063.00	3063.00	3063.00	3062.00	3062.00	3062.00	3062.00	3062.00	3062.00	3062.00	3062.00	3062.00	3061.00	3061.00	3061.00	3061.00	3061.00	3061.00	3061.00	3060.00	3060.00	3060.00	3060.00	3060.00	3060.00	3060.00	3060.00	3060.00	3060.00	3060.00	3060.00	3059.00	3059.00	3059.00	3059.00	3059.00	3059.00	3059.00	3059.00	3059.00	3059.00	3059.00	3059.00	3059.00	3059.00	3058.00	3058.00	3058.00	3058.00	3058.00	3058.00	3058.00	3058.00	3058.00	3058.00	3058.00	3058.00	3058.00	3058.00	3058.00	3058.00	3058.00	3058.00	3058.00	3058.00	3059.00	3059.00	3058.00	3058.00	3058.00	3058.00	3058.00	3058.00
3090.00	3090.00	3090.00	3089.00	3089.00	3089.00	3089.00	3089.00	3088.00	3088.00	3088.00	3088.00	3087.00	3087.00	3087.00	3087.00	3087.00	3086.00	3086.00	3086.00	3086.00	3086.00	3086.00	3086.00	3086.00	3085.00	3085.00	3085.00	3085.00	3085.00	3085.00	3084.00	3084.00	3084.00	3084.00	3084.00	3084.00	3083.00	3083.00	3083.00	3083.00	3083.00	3083.00	3083.00	3082.00	3082.00	3082.00	3082.00	3082.00	3082.00	3082.00	3081.00	3081.00	3081.00	3081.00	3081.00	3081.00	3081.00	3080.00	3080.00	3080.00	3080.00	3080.00	3080.00	3079.00	3079.00	3079.00	3079.00	3079.00	3079.00	3078.00	3078.00	3078.00	3078.00	3078.00	3078.00	3078.00	3078.00	3077.00	3077.00	3077.00	3077.00	3077.00	3077.00	3076.00	3076.00	3076.00	3076.00	3076.00	3076.00	3076.00	3076.00	3075.00	3075.00	3075.00	3075.00	3075.00	3074.00	3074.00	3074.00	3074.00	3074.00	3074.00	3074.00	3073.00	3073.00	3073.00	3073.00	3073.00	3073.00	3072.00	3072.00	3072.00	3072.00	3072.00	3072.00	3071.00	3071.00	3071.00	3071.00	3071.00	3071.00	3071.00	3071.00	3070.00	3070.00	3070.00	3070.00	3070.00	3070.00	3070.00	3069.00	3069.00	3069.00	3069.00	3069.00	3069.00	3069.00	3068.00	3068.00	3068.00	3068.00	3068.00	3068.00	3068.00	3067.00	3067.00	3067.00	3067.00	3067.00	3067.00	3066.00	3066.00	3066.00	3066.00	3066.00	3066.00	3066.00	3066.00	3065.00	3065.00	3065.00	3065.00	3065.00	3064.00	3064.00	3064.00	3064.00	3064.00	3064.00	3064.00	3064.00	3064.00	3063.00	3063.00	3063.00	3063.00	3063.00	3063.00	3063.00	3063.00	3063.00	3063.00	3063.00	3063.00	3063.00	3062.00	3062.00	3062.00	3062.00	3062.00	3062.00	3062.00	3062.00	3062.00	3061.00	3061.00	3061.00	3061.00	3061.00	3061.00	3061.00	3060.00	3060.00	3060.00	3060.00	3060.00	3060.00	3060.00	3060.00	3060.00	3060.00	3060.00	3060.00	3059.00	3059.00	3059.00	3059.00	3059.00	3059.00	3059.00	3059.00	3059.00	3059.00	3059.00	3059.00	3059.00	3059.00	3058.00	3058.00	3058.00	3058.00	3058.00	3058.00	3058.00	3058.00	3058.00	3058.00	3058.00	3058.00	3058.00	3058.00	3058.00	3058.00	3058.00	3058.00	3058.00	3058.00	3059.00	3059.00	3058.00	3058.00	3058.00	3058.00	3058.00	3058.00
3090.00	3090.00	3090.00	3089.00	3089.00	3089.00	3089.00	3089.00	3088.00	3088.00	3088.00	3088.00	3087.00	3087.00	3087.00	3087.00	3087.00	3086.00	3086.00	3086.00	3086.00	3086.00	3086.00	3086.00	3086.00	3085.00	3085.00	3085.00	3085.00	3085.00	3085.00	3084.00	3084.00	3084.00	3084.00	3084.00	3084.00	3083.00	3083.00	3083.00	3083.00	3083.00	3083.00	3083.00	3082.00	3082.00	3082.00	3082.00	3082.00	3082.00	3082.00	3081.00	3081.00	3081.00	3081.00	3081.00	3081.00	3081.00	3080.00	3080.00	3080.00	3080.00	3080.00	3080.00	3079.00	3079.00	3079.00	3079.00	3079.00	3079.00	3078.00	3078.00	3078.00	3078.00	3078.00	3078.00	3078.00	3078.00	3077.00	3077.00	3077.00	3077.00	3077.00	3077.00	3076.00	3076.00	3076.00	3076.00	3076.00	3076.00	3076.00	3076.00	3075.00	3075.00	3075.00	3075.00	3075.00	3074.00	3074.00	3074.00	3074.00	3074.00	3074.00	3074.00	3073.00	3073.00	3073.00	3073.00	3073.00	3073.00	3072.00	3072.00	3072.00	3072.00	3072.00	3072.00	3071.00	3071.00	3071.00	3071.00	3071.00	3071.00	3071.00	3071.00	3070.00	3070.00	3070.00	3070.00	3070.00	3070.00	3070.00	3069.00	3069.00	3069.00	3069.00	3069.00	3069.00	3069.00	3068.00	3068.00	3068.00	3068.00	3068.00	3068.00	3068.00	3067.00	3067.00	3067.00	3067.00	3067.00	3067.00	3066.00	3066.00	3066.00	3066.00	3066.00	3066.00	3066.00	3066.00	3065.00	3065.00	3065.00	3065.00	3065.00	3064.00	3064.00	3064.00	3064.00	3064.00	3064.00	3064.00	3064.00	3064.00	3063.00	3063.00	3063.00	3063.00	3063.00	3063.00	3063.00	3063.00	3063.00	3063.00	3063.00	3063.00	3063.00	3062.00	3062.00	3062.00	3062.00	3062.00	3062.00	3062.00	3062.00	3062.00	3061.00	3061.00	3061.00	3061.00	3061.00	3061.00	3061.00	3060.00	3060.00	3060.00	3060.00	3060.00	3060.00	3060.00	3060.00	3060.00	3060.00	3060.00	3060.00	3059.00	3059.00	3059.00	3059.00	3059.00	3059.00	3059.00	3059.00	3059.00	3059.00	3059.00	3059.00	3059.00	3059.00	3058.00	3058.00	3058.00	3058.00	3058.00	3058.00	3058.00	3058.00	3058.00	3058.00	3058.00	3058.00	3058.00	3058.00	3058.00	3058.00	3058.00	3058.00	3058.00	3058.00	3059.00	3059.00	3058.00	3058.00	3058.00	3058.00	3058.00	3058.00
3090.00	3090.00	3090.00	3089.00	3089.00	3089.00	3089.00	3089.00	3088.00	3088.00	3088.00	3088.00	3087.00	3087.00	3087.00	3087.00	3087.00	3086.00	3086.00	3086.00	3086.00	3086.00	3086.00	3086.00	3086.00	3085.00	3085.00	3085.00	3085.00	3085.00	3085.00	3084.00	3084.00	3084.00	3084.00	3084.00	3084.00	3083.00	3083.00	3083.00	3083.00	3083.00	3083.00	3083.00	3082.00	3082.00	3082.00	3082.00	3082.00	3082.00	3082.00	3081.00	3081.00	3081.00	3081.00	3081.00	3081.00	3081.00	3080.00	3080.00	3080.00	3080.00	3080.00	3080.00	3079.00	3079.00	3079.00	3079.00	3079.00	3079.00	3078.00	3078.00	3078.00	3078.00	3078.00	3078.00	3078.00	3078.00	3077.00	3077.00	3077.00	3077.00	3077.00	3077.00	3076.00	3076.00	3076.00	3076.00	3076.00	3076.00	3076.00	3076.00	3075.00	3075.00	3075.00	3075.00	3075.00	3074.00	3074.00	3074.00	3074.00	3074.00	3074.00	3074.00	3073.00	3073.00	3073.00	3073.00	3073.00	3073.00	3072.00	3072.00	3072.00	3072.00	3072.00	3072.00	3071.00	3071.00	3071.00	3071.00	3071.00	3071.00	3071.00	3071.00	3070.00	3070.00	3070.00	3070.00	3070.00	3070.00	3070.00	3069.00	3069.00	3069.00	3069.00	3069.00	3069.00	3069.00	3068.00	3068.00	3068.00	3068.00	3068.00	3068.00	3068.00	3067.00	3067.00	3067.00	3067.00	3067.00	3067.00	3066.00	3066.00	3066.00	3066.00	3066.00	3066.00	3066.00	3066.00	3065.00	3065.00	3065.00	3065.00	3065.00	3064.00	3064.00	3064.00	3064.00	3064.00	3064.00	3064.00	3064.00	3064.00	3063.00	3063.00	3063.00	3063.00	3063.00	3063.00	3063.00	3063.00	3063.00	3063.00	3063.00	3063.00	3063.00	3062.00	3062.00	3062.00	3062.00	3062.00	3062.00	3062.00	3062.00	3062.00	3061.00	3061.00	3061.00	3061.00	3061.00	3061.00	3061.00	3060.00	3060.00	3060.00	3060.00	3060.00	3060.00	3060.00	3060.00	3060.00	3060.00	3060.00	3060.00	3059.00	3059.00	3059.00	3059.00	3059.00	3059.00	3059.00	3059.00	3059.00	3059.00	3059.00	3059.00	3059.00	3059.00	3058.00	3058.00	3058.00	3058.00	3058.00	3058.00	3058.00	3058.00	3058.00	3058.00	3058.00	3058.00	3058.00	3058.00	3058.00	3058.00	3058.00	3058.00	3058.00	3058.00	3059.00	3059.00	3058.00	3058.00	3058.00	3058.00	3058.00	3058.00
3090.00	3090.00	3090.00	3089.00	3089.00	3089.00	3089.00	3089.00	3088.00	3088.00	3088.00	3088.00	3087.00	3087.00	3087.00	3087.00	3087.00	3086.00	3086.00	3086.00	3086.00	3086.00	3086.00	3086.00	3086.00	3085.00	3085.00	3085.00	3085.00	3085.00	3085.00	3084.00	3084.00	3084.00	3084.00	3084.00	3084.00	3083.00	3083.00	3083.00	3083.00	3083.00	3083.00	3083.00	3082.00	3082.00	3082.00	3082.00	3082.00	3082.00	3082.00	3081.00	3081.00	3081.00	3081.00	3081.00	3081.00	3081.00	3080.00	3080.00	3080.00	3080.00	3080.00	3080.00	3079.00	3079.00	3079.00	3079.00	3079.00	3079.00	3078.00	3078.00	3078.00	3078.00	3078.00	3078.00	3078.00	3078.00	3077.00	3077.00	3077.00	3077.00	3077.00	3077.00	3076.00	3076.00	3076.00	3076.00	3076.00	3076.00	3076.00	3076.00	3075.00	3075.00	3075.00	3075.00	3075.00	3074.00	3074.00	3074.00	3074.00	3074.00	3074.00	3074.00	3073.00	3073.00	3073.00	3073.00	3073.00	3073.00	3072.00	3072.00	3072.00	3072.00	3072.00	3072.00	3071.00	3071.00	3071.00	3071.00	3071.00	3071.00	3071.00	3071.00	3070.00	3070.00	3070.00	3070.00	3070.00	3070.00	3070.00	3069.00	3069.00	3069.00	3069.00	3069.00	3069.00	3069.00	3068.00	3068.00	3068.00	3068.00	3068.00	3068.00	3068.00	3067.00	3067.00	3067.00	3067.00	3067.00	3067.00	3066.00	3066.00	3066.00	3066.00	3066.00	3066.00	3066.00	3066.00	3065.00	3065.00	3065.00	3065.00	3065.00	3064.00	3064.00	3064.00	3064.00	3064.00	3064.00	3064.00	3064.00	3064.00	3063.00	3063.00	3063.00	3063.00	3063.00	3063.00	3063.00	3063.00	3063.00	3063.00	3063.00	3063.00	3063.00	3062.00	3062.00	3062.00	3062.00	3062.00	3062.00	3062.00	3062.00	3062.00	3061.00	3061.00	3061.00	3061.00	3061.00	3061.00	3061.00	3060.00	3060.00	3060.00	3060.00	3060.00	3060.00	3060.00	3060.00	3060.00	3060.00	3060.00	3060.00	3059.00	3059.00	3059.00	3059.00	3059.00	3059.00	3059.00	3059.00	3059.00	3059.00	3059.00	3059.00	3059.00	3059.00	3058.00	3058.00	3058.00	3058.00	3058.00	3058.00	3058.00	3058.00	3058.00	3058.00	3058.00	3058.00	3058.00	3058.00	3058.00	3058.00	3058.00	3058.00	3058.00	3058.00	3059.00	3059.00	3058.00	3058.00	3058.00	3058.00	3058.00	3058.00
3090.00	3090.00	3090.00	3089.00	3089.00	3089.00	3089.00	3089.00	3088.00	3088.00	3088.00	3088.00	3087.00	3087.00	3087.00	3087.00	3087.00	3086.00	3086.00	3086.00	3086.00	3086.00	3086.00	3086.00	3086.00	3085.00	3085.00	3085.00	3085.00	3085.00	3085.00	3084.00	3084.00	3084.00	3084.00	3084.00	3084.00	3083.00	3083.00	3083.00	3083.00	3083.00	3083.00	3083.00	3082.00	3082.00	3082.00	3082.00	3082.00	3082.00	3082.00	3081.00	3081.00	3081.00	3081.00	3081.00	3081.00	3081.00	3080.00	3080.00	3080.00	3080.00	3080.00	3080.00	3079.00	3079.00	3079.00	3079.00	3079.00	3079.00	3078.00	3078.00	3078.00	3078.00	3078.00	3078.00	3078.00	3078.00	3077.00	3077.00	3077.00	3077.00	3077.00	3077.00	3076.00	3076.00	3076.00	3076.00	3076.00	3076.00	3076.00	3076.00	3075.00	3075.00	3075.00	3075.00	3075.00	3074.00	3074.00	3074.00	3074.00	3074.00	3074.00	3074.00	3073.00	3073.00	3073.00	3073.00	3073.00	3073.00	3072.00	3072.00	3072.00	3072.00	3072.00	3072.00	3071.00	3071.00	3071.00	3071.00	3071.00	3071.00	3071.00	3071.00	3070.00	3070.00	3070.00	3070.00	3070.00	3070.00	3070.00	3069.00	3069.00	3069.00	3069.00	3069.00	3069.00	3069.00	3068.00	3068.00	3068.00	3068.00	3068.00	3068.00	3068.00	3067.00	3067.00	3067.00	3067.00	3067.00	3067.00	3066.00	3066.00	3066.00	3066.00	3066.00	3066.00	3066.00	3066.00	3065.00	3065.00	3065.00	3065.00	3065.00	3064.00	3064.00	3064.00	3064.00	3064.00	3064.00	3064.00	3064.00	3064.00	3063.00	3063.00	3063.00	3063.00	3063.00	3063.00	3063.00	3063.00	3063.00	3063.00	3063.00	3063.00	3063.00	3062.00	3062.00	3062.00	3062.00	3062.00	3062.00	3062.00	3062.00	3062.00	3061.00	3061.00	3061.00	3061.00	3061.00	3061.00	3061.00	3060.00	3060.00	3060.00	3060.00	3060.00	3060.00	3060.00	3060.00	3060.00	3060.00	3060.00	3060.00	3059.00	3059.00	3059.00	3059.00	3059.00	3059.00	3059.00	3059.00	3059.00	3059.00	3059.00	3059.00	3059.00	3059.00	3058.00	3058.00	3058.00	3058.00	3058.00	3058.00	3058.00	3058.00	3058.00	3058.00	3058.00	3058.00	3058.00	3058.00	3058.00	3058.00	3058.00	3058.00	3058.00	3058.00	3059.00	3059.00	3058.00	3058.00	3058.00	3058.00	3058.00	3058.00
3090.00	3090.00	3090.00	3089.00	3089.00	3089.00	3089.00	3089.00	3088.00	3088.00	3088.00	3088.00	3087.00	3087.00	3087.00	3087.00	3087.00	3086.00	3086.00	3086.00	3086.00	3086.00	3086.00	3086.00	3086.00	3085.00	3085.00	3085.00	3085.00	3085.00	3085.00	3084.00	3084.00	3084.00	3084.00	3084.00	3084.00	3083.00	3083.00	3083.00	3083.00	3083.00	3083.00	3083.00	3082.00	3082.00	3082.00	3082.00	3082.00	3082.00	3082.00	3081.00	3081.00	3081.00	3081.00	3081.00	3081.00	3081.00	3080.00	3080.00	3080.00	3080.00	3080.00	3080.00	3079.00	3079.00	3079.00	3079.00	3079.00	3079.00	3078.00	3078.00	3078.00	3078.00	3078.00	3078.00	3078.00	3078.00	3077.00	3077.00	3077.00	3077.00	3077.00	3077.00	3076.00	3076.00	3076.00	3076.00	3076.00	3076.00	3076.00	3076.00	3075.00	3075.00	3075.00	3075.00	3075.00	3074.00	3074.00	3074.00	3074.00	3074.00	3074.00	3074.00	3073.00	3073.00	3073.00	3073.00	3073.00	3073.00	3072.00	3072.00	3072.00	3072.00	3072.00	3072.00	3071.00	3071.00	3071.00	3071.00	3071.00	3071.00	3071.00	3071.00	3070.00	3070.00	3070.00	3070.00	3070.00	3070.00	3070.00	3069.00	3069.00	3069.00	3069.00	3069.00	3069.00	3069.00	3068.00	3068.00	3068.00	3068.00	3068.00	3068.00	3068.00	3067.00	3067.00	3067.00	3067.00	3067.00	3067.00	3066.00	3066.00	3066.00	3066.00	3066.00	3066.00	3066.00	3066.00	3065.00	3065.00	3065.00	3065.00	3065.00	3064.00	3064.00	3064.00	3064.00	3064.00	3064.00	3064.00	3064.00	3064.00	3063.00	3063.00	3063.00	3063.00	3063.00	3063.00	3063.00	3063.00	3063.00	3063.00	3063.00	3063.00	3063.00	3062.00	3062.00	3062.00	3062.00	3062.00	3062.00	3062.00	3062.00	3062.00	3061.00	3061.00	3061.00	3061.00	3061.00	3061.00	3061.00	3060.00	3060.00	3060.00	3060.00	3060.00	3060.00	3060.00	3060.00	3060.00	3060.00	3060.00	3060.00	3059.00	3059.00	3059.00	3059.00	3059.00	3059.00	3059.00	3059.00	3059.00	3059.00	3059.00	3059.00	3059.00	3059.00	3058.00	3058.00	3058.00	3058.00	3058.00	3058.00	3058.00	3058.00	3058.00	3058.00	3058.00	3058.00	3058.00	3058.00	3058.00	3058.00	3058.00	3058.00	3058.00	3058.00	3059.00	3059.00	3058.00	3058.00	3058.00	3058.00	3058.00	3058.00
3090.00	3090.00	3090.00	3089.00	3089.00	3089.00	3089.00	3089.00	3088.00	3088.00	3088.00	3088.00	3087.00	3087.00	3087.00	3087.00	3087.00	3086.00	3086.00	3086.00	3086.00	3086.00	3086.00	3086.00	3086.00	3085.00	3085.00	3085.00	3085.00	3085.00	3085.00	3084.00	3084.00	3084.00	3084.00	3084.00	3084.00	3083.00	3083.00	3083.00	3083.00	3083.00	3083.00	3083.00	3082.00	3082.00	3082.00	3082.00	3082.00	3082.00	3082.00	3081.00	3081.00	3081.00	3081.00	3081.00	3081.00	3081.00	3080.00	3080.00	3080.00	3080.00	3080.00	3080.00	3079.00	3079.00	3079.00	3079.00	3079.00	3079.00	3078.00	3078.00	3078.00	3078.00	3078.00	3078.00	3078.00	3078.00	3077.00	3077.00	3077.00	3077.00	3077.00	3077.00	3076.00	3076.00	3076.00	3076.00	3076.00	3076.00	3076.00	3076.00	3075.00	3075.00	3075.00	3075.00	3075.00	3074.00	3074.00	3074.00	3074.00	3074.00	3074.00	3074.00	3073.00	3073.00	3073.00	3073.00	3073.00	3073.00	3072.00	3072.00	3072.00	3072.00	3072.00	3072.00	3071.00	3071.00	3071.00	3071.00	3071.00	3071.00	3071.00	3071.00	3070.00	3070.00	3070.00	3070.00	3070.00	3070.00	3070.00	3069.00	3069.00	3069.00	3069.00	3069.00	3069.00	3069.00	3068.00	3068.00	3068.00	3068.00	3068.00	3068.00	3068.00	3067.00	3067.00	3067.00	3067.00	3067.00	3067.00	3066.00	3066.00	3066.00	3066.00	3066.00	3066.00	3066.00	3066.00	3065.00	3065.00	3065.00	3065.00	3065.00	3064.00	3064.00	3064.00	3064.00	3064.00	3064.00	3064.00	3064.00	3064.00	3063.00	3063.00	3063.00	3063.00	3063.00	3063.00	3063.00	3063.00	3063.00	3063.00	3063.00	3063.00	3063.00	3062.00	3062.00	3062.00	3062.00	3062.00	3062.00	3062.00	3062.00	3062.00	3061.00	3061.00	3061.00	3061.00	3061.00	3061.00	3061.00	3060.00	3060.00	3060.00	3060.00	3060.00	3060.00	3060.00	3060.00	3060.00	3060.00	3060.00	3060.00	3059.00	3059.00	3059.00	3059.00	3059.00	3059.00	3059.00	3059.00	3059.00	3059.00	3059.00	3059.00	3059.00	3059.00	3058.00	3058.00	3058.00	3058.00	3058.00	3058.00	3058.00	3058.00	3058.00	3058.00	3058.00	3058.00	3058.00	3058.00	3058.00	3058.00	3058.00	3058.00	3058.00	3058.00	3059.00	3059.00	3058.00	3058.00	3058.00	3058.00	3058.00	3058.00
3089.00	3089.00	3088.00	3088.00	3088.00	3088.00	3088.00	3088.00	3087.00	3087.00	3087.00	3087.00	3086.00	3086.00	3086.00	3086.00	3086.00	3085.00	3085.00	3085.00	3085.00	3085.00	3085.00	3084.00	3084.00	3084.00	3084.00	3084.00	3084.00	3084.00	3083.00	3083.00	3083.00	3083.00	3083.00	3082.00	3082.00	3082.00	3082.00	3082.00	3082.00	3082.00	3081.00	3081.00	3081.00	3081.00	3081.00	3081.00	3081.00	3080.00	3080.00	3080.00	3080.00	3080.00	3080.00	3080.00	3080.00	3079.00	3079.00	3079.00	3079.00	3078.00	3078.00	3078.00	3078.00	3078.00	3078.00	3077.00	3077.00	3077.00	3077.00	3077.00	3077.00	3077.00	3077.00	3077.00	3076.00	3076.00	3076.00	3076.00	3076.00	3076.00	3076.00	3075.00	3075.00	3075.00	3075.00	3075.00	3074.00	3074.00	3074.00	3074.00	3074.00	3074.00	3074.00	3073.00	3073.00	3073.00	3073.00	3073.00	3073.00	3073.00	3072.00	3072.00	3072.00	3072.00	3072.00	3072.00	3071.00	3071.00	3071.00	3071.00	3071.00	3070.00	3070.00	3070.00	3070.00	3069.00	3069.00	3069.00	3069.00	3069.00	3069.00	3069.00	3069.00	3068.00	3068.00	3068.00	3068.00	3068.00	3068.00	3067.00	3067.00	3067.00	3067.00	3067.00	3067.00	3067.00	3067.00	3067.00	3067.00	3067.00	3066.00	3066.00	3066.00	3066.00	3066.00	3066.00	3066.00	3065.00	3065.00	3065.00	3065.00	3065.00	3065.00	3065.00	3065.00	3064.00	3064.00	3064.00	3064.00	3064.00	3064.00	3064.00	3063.00	3063.00	3063.00	3063.00	3063.00	3063.00	3063.00	3063.00	3063.00	3062.00	3062.00	3062.00	3062.00	3062.00	3062.00	3062.00	3062.00	3062.00	3062.00	3062.00	3062.00	3062.00	3062.00	3062.00	3062.00	3062.00	3061.00	3061.00	3061.00	3061.00	3061.00	3061.00	3061.00	3061.00	3061.00	3061.00	3060.00	3060.00	3060.00	3060.00	3060.00	3060.00	3060.00	3060.00	3060.00	3060.00	3060.00	3060.00	3060.00	3060.00	3060.00	3060.00	3060.00	3060.00	3060.00	3060.00	3060.00	3059.00	3059.00	3059.00	3059.00	3059.00	3059.00	3059.00	3059.00	3059.00	3059.00	3059.00	3059.00	3059.00	3058.00	3058.00	3058.00	3058.00	3058.00	3058.00	3058.00	3058.00	3058.00	3058.00	3058.00	3058.00	3058.00	3058.00	3059.00	3059.00	3059.00	3058.00	3058.00	3058.00	3058.00	3058.00
3089.00	3089.00	3088.00	3088.00	3088.00	3088.00	3088.00	3088.00	3087.00	3087.00	3087.00	3087.00	3086.00	3086.00	3086.00	3086.00	3086.00	3085.00	3085.00	3085.00	3085.00	3085.00	3085.00	3084.00	3084.00	3084.00	3084.00	3084.00	3084.00	3084.00	3083.00	3083.00	3083.00	3083.00	3083.00	3082.00	3082.00	3082.00	3082.00	3082.00	3082.00	3082.00	3081.00	3081.00	3081.00	3081.00	3081.00	3081.00	3081.00	3080.00	3080.00	3080.00	3080.00	3080.00	3080.00	3080.00	3080.00	3079.00	3079.00	3079.00	3079.00	3078.00	3078.00	3078.00	3078.00	3078.00	3078.00	3077.00	3077.00	3077.00	3077.00	3077.00	3077.00	3077.00	3077.00	3077.00	3076.00	3076.00	3076.00	3076.00	3076.00	3076.00	3076.00	3075.00	3075.00	3075.00	3075.00	3075.00	3074.00	3074.00	3074.00	3074.00	3074.00	3074.00	3074.00	3073.00	3073.00	3073.00	3073.00	3073.00	3073.00	3073.00	3072.00	3072.00	3072.00	3072.00	3072.00	3072.00	3071.00	3071.00	3071.00	3071.00	3071.00	3070.00	3070.00	3070.00	3070.00	3069.00	3069.00	3069.00	3069.00	3069.00	3069.00	3069.00	3069.00	3068.00	3068.00	3068.00	3068.00	3068.00	3068.00	3067.00	3067.00	3067.00	3067.00	3067.00	3067.00	3067.00	3067.00	3067.00	3067.00	3067.00	3066.00	3066.00	3066.00	3066.00	3066.00	3066.00	3066.00	3065.00	3065.00	3065.00	3065.00	3065.00	3065.00	3065.00	3065.00	3064.00	3064.00	3064.00	3064.00	3064.00	3064.00	3064.00	3063.00	3063.00	3063.00	3063.00	3063.00	3063.00	3063.00	3063.00	3063.00	3062.00	3062.00	3062.00	3062.00	3062.00	3062.00	3062.00	3062.00	3062.00	3062.00	3062.00	3062.00	3062.00	3062.00	3062.00	3062.00	3062.00	3061.00	3061.00	3061.00	3061.00	3061.00	3061.00	3061.00	3061.00	3061.00	3061.00	3060.00	3060.00	3060.00	3060.00	3060.00	3060.00	3060.00	3060.00	3060.00	3060.00	3060.00	3060.00	3060.00	3060.00	3060.00	3060.00	3060.00	3060.00	3060.00	3060.00	3060.00	3059.00	3059.00	3059.00	3059.00	3059.00	3059.00	3059.00	3059.00	3059.00	3059.00	3059.00	3059.00	3059.00	3058.00	3058.00	3058.00	3058.00	3058.00	3058.00	3058.00	3058.00	3058.00	3058.00	3058.00	3058.00	3058.00	3058.00	3059.00	3059.00	3059.00	3058.00	3058.00	3058.00	3058.00	3058.00
3089.00	3089.00	3088.00	3088.00	3088.00	3088.00	3088.00	3088.00	3087.00	3087.00	3087.00	3087.00	3086.00	3086.00	3086.00	3086.00	3086.00	3085.00	3085.00	3085.00	3085.00	3085.00	3085.00	3084.00	3084.00	3084.00	3084.00	3084.00	3084.00	3084.00	3083.00	3083.00	3083.00	3083.00	3083.00	3082.00	3082.00	3082.00	3082.00	3082.00	3082.00	3082.00	3081.00	3081.00	3081.00	3081.00	3081.00	3081.00	3081.00	3080.00	3080.00	3080.00	3080.00	3080.00	3080.00	3080.00	3080.00	3079.00	3079.00	3079.00	3079.00	3078.00	3078.00	3078.00	3078.00	3078.00	3078.00	3077.00	3077.00	3077.00	3077.00	3077.00	3077.00	3077.00	3077.00	3077.00	3076.00	3076.00	3076.00	3076.00	3076.00	3076.00	3076.00	3075.00	3075.00	3075.00	3075.00	3075.00	3074.00	3074.00	3074.00	3074.00	3074.00	3074.00	3074.00	3073.00	3073.00	3073.00	3073.00	3073.00	3073.00	3073.00	3072.00	3072.00	3072.00	3072.00	3072.00	3072.00	3071.00	3071.00	3071.00	3071.00	3071.00	3070.00	3070.00	3070.00	3070.00	3069.00	3069.00	3069.00	3069.00	3069.00	3069.00	3069.00	3069.00	3068.00	3068.00	3068.00	3068.00	3068.00	3068.00	3067.00	3067.00	3067.00	3067.00	3067.00	3067.00	3067.00	3067.00	3067.00	3067.00	3067.00	3066.00	3066.00	3066.00	3066.00	3066.00	3066.00	3066.00	3065.00	3065.00	3065.00	3065.00	3065.00	3065.00	3065.00	3065.00	3064.00	3064.00	3064.00	3064.00	3064.00	3064.00	3064.00	3063.00	3063.00	3063.00	3063.00	3063.00	3063.00	3063.00	3063.00	3063.00	3062.00	3062.00	3062.00	3062.00	3062.00	3062.00	3062.00	3062.00	3062.00	3062.00	3062.00	3062.00	3062.00	3062.00	3062.00	3062.00	3062.00	3061.00	3061.00	3061.00	3061.00	3061.00	3061.00	3061.00	3061.00	3061.00	3061.00	3060.00	3060.00	3060.00	3060.00	3060.00	3060.00	3060.00	3060.00	3060.00	3060.00	3060.00	3060.00	3060.00	3060.00	3060.00	3060.00	3060.00	3060.00	3060.00	3060.00	3060.00	3059.00	3059.00	3059.00	3059.00	3059.00	3059.00	3059.00	3059.00	3059.00	3059.00	3059.00	3059.00	3059.00	3058.00	3058.00	3058.00	3058.00	3058.00	3058.00	3058.00	3058.00	3058.00	3058.00	3058.00	3058.00	3058.00	3058.00	3059.00	3059.00	3059.00	3058.00	3058.00	3058.00	3058.00	3058.00
3089.00	3089.00	3088.00	3088.00	3088.00	3088.00	3088.00	3088.00	3087.00	3087.00	3087.00	3087.00	3086.00	3086.00	3086.00	3086.00	3086.00	3085.00	3085.00	3085.00	3085.00	3085.00	3085.00	3084.00	3084.00	3084.00	3084.00	3084.00	3084.00	3084.00	3083.00	3083.00	3083.00	3083.00	3083.00	3082.00	3082.00	3082.00	3082.00	3082.00	3082.00	3082.00	3081.00	3081.00	3081.00	3081.00	3081.00	3081.00	3081.00	3080.00	3080.00	3080.00	3080.00	3080.00	3080.00	3080.00	3080.00	3079.00	3079.00	3079.00	3079.00	3078.00	3078.00	3078.00	3078.00	3078.00	3078.00	3077.00	3077.00	3077.00	3077.00	3077.00	3077.00	3077.00	3077.00	3077.00	3076.00	3076.00	3076.00	3076.00	3076.00	3076.00	3076.00	3075.00	3075.00	3075.00	3075.00	3075.00	3074.00	3074.00	3074.00	3074.00	3074.00	3074.00	3074.00	3073.00	3073.00	3073.00	3073.00	3073.00	3073.00	3073.00	3072.00	3072.00	3072.00	3072.00	3072.00	3072.00	3071.00	3071.00	3071.00	3071.00	3071.00	3070.00	3070.00	3070.00	3070.00	3069.00	3069.00	3069.00	3069.00	3069.00	3069.00	3069.00	3069.00	3068.00	3068.00	3068.00	3068.00	3068.00	3068.00	3067.00	3067.00	3067.00	3067.00	3067.00	3067.00	3067.00	3067.00	3067.00	3067.00	3067.00	3066.00	3066.00	3066.00	3066.00	3066.00	3066.00	3066.00	3065.00	3065.00	3065.00	3065.00	3065.00	3065.00	3065.00	3065.00	3064.00	3064.00	3064.00	3064.00	3064.00	3064.00	3064.00	3063.00	3063.00	3063.00	3063.00	3063.00	3063.00	3063.00	3063.00	3063.00	3062.00	3062.00	3062.00	3062.00	3062.00	3062.00	3062.00	3062.00	3062.00	3062.00	3062.00	3062.00	3062.00	3062.00	3062.00	3062.00	3062.00	3061.00	3061.00	3061.00	3061.00	3061.00	3061.00	3061.00	3061.00	3061.00	3061.00	3060.00	3060.00	3060.00	3060.00	3060.00	3060.00	3060.00	3060.00	3060.00	3060.00	3060.00	3060.00	3060.00	3060.00	3060.00	3060.00	3060.00	3060.00	3060.00	3060.00	3060.00	3059.00	3059.00	3059.00	3059.00	3059.00	3059.00	3059.00	3059.00	3059.00	3059.00	3059.00	3059.00	3059.00	3058.00	3058.00	3058.00	3058.00	3058.00	3058.00	3058.00	3058.00	3058.00	3058.00	3058.00	3058.00	3058.00	3058.00	3059.00	3059.00	3059.00	3058.00	3058.00	3058.00	3058.00	3058.00
3089.00	3089.00	3088.00	3088.00	3088.00	3088.00	3088.00	3088.00	3087.00	3087.00	3087.00	3087.00	3086.00	3086.00	3086.00	3086.00	3086.00	3085.00	3085.00	3085.00	3085.00	3085.00	3085.00	3084.00	3084.00	3084.00	3084.00	3084.00	3084.00	3084.00	3083.00	3083.00	3083.00	3083.00	3083.00	3082.00	3082.00	3082.00	3082.00	3082.00	3082.00	3082.00	3081.00	3081.00	3081.00	3081.00	3081.00	3081.00	3081.00	3080.00	3080.00	3080.00	3080.00	3080.00	3080.00	3080.00	3080.00	3079.00	3079.00	3079.00	3079.00	3078.00	3078.00	3078.00	3078.00	3078.00	3078.00	3077.00	3077.00	3077.00	3077.00	3077.00	3077.00	3077.00	3077.00	3077.00	3076.00	3076.00	3076.00	3076.00	3076.00	3076.00	3076.00	3075.00	3075.00	3075.00	3075.00	3075.00	3074.00	3074.00	3074.00	3074.00	3074.00	3074.00	3074.00	3073.00	3073.00	3073.00	3073.00	3073.00	3073.00	3073.00	3072.00	3072.00	3072.00	3072.00	3072.00	3072.00	3071.00	3071.00	3071.00	3071.00	3071.00	3070.00	3070.00	3070.00	3070.00	3069.00	3069.00	3069.00	3069.00	3069.00	3069.00	3069.00	3069.00	3068.00	3068.00	3068.00	3068.00	3068.00	3068.00	3067.00	3067.00	3067.00	3067.00	3067.00	3067.00	3067.00	3067.00	3067.00	3067.00	3067.00	3066.00	3066.00	3066.00	3066.00	3066.00	3066.00	3066.00	3065.00	3065.00	3065.00	3065.00	3065.00	3065.00	3065.00	3065.00	3064.00	3064.00	3064.00	3064.00	3064.00	3064.00	3064.00	3063.00	3063.00	3063.00	3063.00	3063.00	3063.00	3063.00	3063.00	3063.00	3062.00	3062.00	3062.00	3062.00	3062.00	3062.00	3062.00	3062.00	3062.00	3062.00	3062.00	3062.00	3062.00	3062.00	3062.00	3062.00	3062.00	3061.00	3061.00	3061.00	3061.00	3061.00	3061.00	3061.00	3061.00	3061.00	3061.00	3060.00	3060.00	3060.00	3060.00	3060.00	3060.00	3060.00	3060.00	3060.00	3060.00	3060.00	3060.00	3060.00	3060.00	3060.00	3060.00	3060.00	3060.00	3060.00	3060.00	3060.00	3059.00	3059.00	3059.00	3059.00	3059.00	3059.00	3059.00	3059.00	3059.00	3059.00	3059.00	3059.00	3059.00	3058.00	3058.00	3058.00	3058.00	3058.00	3058.00	3058.00	3058.00	3058.00	3058.00	3058.00	3058.00	3058.00	3058.00	3059.00	3059.00	3059.00	3058.00	3058.00	3058.00	3058.00	3058.00
3089.00	3089.00	3088.00	3088.00	3088.00	3088.00	3088.00	3088.00	3087.00	3087.00	3087.00	3087.00	3086.00	3086.00	3086.00	3086.00	3086.00	3085.00	3085.00	3085.00	3085.00	3085.00	3085.00	3084.00	3084.00	3084.00	3084.00	3084.00	3084.00	3084.00	3083.00	3083.00	3083.00	3083.00	3083.00	3082.00	3082.00	3082.00	3082.00	3082.00	3082.00	3082.00	3081.00	3081.00	3081.00	3081.00	3081.00	3081.00	3081.00	3080.00	3080.00	3080.00	3080.00	3080.00	3080.00	3080.00	3080.00	3079.00	3079.00	3079.00	3079.00	3078.00	3078.00	3078.00	3078.00	3078.00	3078.00	3077.00	3077.00	3077.00	3077.00	3077.00	3077.00	3077.00	3077.00	3077.00	3076.00	3076.00	3076.00	3076.00	3076.00	3076.00	3076.00	3075.00	3075.00	3075.00	3075.00	3075.00	3074.00	3074.00	3074.00	3074.00	3074.00	3074.00	3074.00	3073.00	3073.00	3073.00	3073.00	3073.00	3073.00	3073.00	3072.00	3072.00	3072.00	3072.00	3072.00	3072.00	3071.00	3071.00	3071.00	3071.00	3071.00	3070.00	3070.00	3070.00	3070.00	3069.00	3069.00	3069.00	3069.00	3069.00	3069.00	3069.00	3069.00	3068.00	3068.00	3068.00	3068.00	3068.00	3068.00	3067.00	3067.00	3067.00	3067.00	3067.00	3067.00	3067.00	3067.00	3067.00	3067.00	3067.00	3066.00	3066.00	3066.00	3066.00	3066.00	3066.00	3066.00	3065.00	3065.00	3065.00	3065.00	3065.00	3065.00	3065.00	3065.00	3064.00	3064.00	3064.00	3064.00	3064.00	3064.00	3064.00	3063.00	3063.00	3063.00	3063.00	3063.00	3063.00	3063.00	3063.00	3063.00	3062.00	3062.00	3062.00	3062.00	3062.00	3062.00	3062.00	3062.00	3062.00	3062.00	3062.00	3062.00	3062.00	3062.00	3062.00	3062.00	3062.00	3061.00	3061.00	3061.00	3061.00	3061.00	3061.00	3061.00	3061.00	3061.00	3061.00	3060.00	3060.00	3060.00	3060.00	3060.00	3060.00	3060.00	3060.00	3060.00	3060.00	3060.00	3060.00	3060.00	3060.00	3060.00	3060.00	3060.00	3060.00	3060.00	3060.00	3060.00	3059.00	3059.00	3059.00	3059.00	3059.00	3059.00	3059.00	3059.00	3059.00	3059.00	3059.00	3059.00	3059.00	3058.00	3058.00	3058.00	3058.00	3058.00	3058.00	3058.00	3058.00	3058.00	3058.00	3058.00	3058.00	3058.00	3058.00	3059.00	3059.00	3059.00	3058.00	3058.00	3058.00	3058.00	3058.00
3089.00	3089.00	3088.00	3088.00	3088.00	3088.00	3088.00	3088.00	3087.00	3087.00	3087.00	3087.00	3086.00	3086.00	3086.00	3086.00	3086.00	3085.00	3085.00	3085.00	3085.00	3085.00	3085.00	3084.00	3084.00	3084.00	3084.00	3084.00	3084.00	3084.00	3083.00	3083.00	3083.00	3083.00	3083.00	3082.00	3082.00	3082.00	3082.00	3082.00	3082.00	3082.00	3081.00	3081.00	3081.00	3081.00	3081.00	3081.00	3081.00	3080.00	3080.00	3080.00	3080.00	3080.00	3080.00	3080.00	3080.00	3079.00	3079.00	3079.00	3079.00	3078.00	3078.00	3078.00	3078.00	3078.00	3078.00	3077.00	3077.00	3077.00	3077.00	3077.00	3077.00	3077.00	3077.00	3077.00	3076.00	3076.00	3076.00	3076.00	3076.00	3076.00	3076.00	3075.00	3075.00	3075.00	3075.00	3075.00	3074.00	3074.00	3074.00	3074.00	3074.00	3074.00	3074.00	3073.00	3073.00	3073.00	3073.00	3073.00	3073.00	3073.00	3072.00	3072.00	3072.00	3072.00	3072.00	3072.00	3071.00	3071.00	3071.00	3071.00	3071.00	3070.00	3070.00	3070.00	3070.00	3069.00	3069.00	3069.00	3069.00	3069.00	3069.00	3069.00	3069.00	3068.00	3068.00	3068.00	3068.00	3068.00	3068.00	3067.00	3067.00	3067.00	3067.00	3067.00	3067.00	3067.00	3067.00	3067.00	3067.00	3067.00	3066.00	3066.00	3066.00	3066.00	3066.00	3066.00	3066.00	3065.00	3065.00	3065.00	3065.00	3065.00	3065.00	3065.00	3065.00	3064.00	3064.00	3064.00	3064.00	3064.00	3064.00	3064.00	3063.00	3063.00	3063.00	3063.00	3063.00	3063.00	3063.00	3063.00	3063.00	3062.00	3062.00	3062.00	3062.00	3062.00	3062.00	3062.00	3062.00	3062.00	3062.00	3062.00	3062.00	3062.00	3062.00	3062.00	3062.00	3062.00	3061.00	3061.00	3061.00	3061.00	3061.00	3061.00	3061.00	3061.00	3061.00	3061.00	3060.00	3060.00	3060.00	3060.00	3060.00	3060.00	3060.00	3060.00	3060.00	3060.00	3060.00	3060.00	3060.00	3060.00	3060.00	3060.00	3060.00	3060.00	3060.00	3060.00	3060.00	3059.00	3059.00	3059.00	3059.00	3059.00	3059.00	3059.00	3059.00	3059.00	3059.00	3059.00	3059.00	3059.00	3058.00	3058.00	3058.00	3058.00	3058.00	3058.00	3058.00	3058.00	3058.00	3058.00	3058.00	3058.00	3058.00	3058.00	3059.00	3059.00	3059.00	3058.00	3058.00	3058.00	3058.00	3058.00
3089.00	3089.00	3088.00	3088.00	3088.00	3088.00	3088.00	3088.00	3087.00	3087.00	3087.00	3087.00	3086.00	3086.00	3086.00	3086.00	3086.00	3085.00	3085.00	3085.00	3085.00	3085.00	3085.00	3084.00	3084.00	3084.00	3084.00	3084.00	3084.00	3084.00	3083.00	3083.00	3083.00	3083.00	3083.00	3082.00	3082.00	3082.00	3082.00	3082.00	3082.00	3082.00	3081.00	3081.00	3081.00	3081.00	3081.00	3081.00	3081.00	3080.00	3080.00	3080.00	3080.00	3080.00	3080.00	3080.00	3080.00	3079.00	3079.00	3079.00	3079.00	3078.00	3078.00	3078.00	3078.00	3078.00	3078.00	3077.00	3077.00	3077.00	3077.00	3077.00	3077.00	3077.00	3077.00	3077.00	3076.00	3076.00	3076.00	3076.00	3076.00	3076.00	3076.00	3075.00	3075.00	3075.00	3075.00	3075.00	3074.00	3074.00	3074.00	3074.00	3074.00	3074.00	3074.00	3073.00	3073.00	3073.00	3073.00	3073.00	3073.00	3073.00	3072.00	3072.00	3072.00	3072.00	3072.00	3072.00	3071.00	3071.00	3071.00	3071.00	3071.00	3070.00	3070.00	3070.00	3070.00	3069.00	3069.00	3069.00	3069.00	3069.00	3069.00	3069.00	3069.00	3068.00	3068.00	3068.00	3068.00	3068.00	3068.00	3067.00	3067.00	3067.00	3067.00	3067.00	3067.00	3067.00	3067.00	3067.00	3067.00	3067.00	3066.00	3066.00	3066.00	3066.00	3066.00	3066.00	3066.00	3065.00	3065.00	3065.00	3065.00	3065.00	3065.00	3065.00	3065.00	3064.00	3064.00	3064.00	3064.00	3064.00	3064.00	3064.00	3063.00	3063.00	3063.00	3063.00	3063.00	3063.00	3063.00	3063.00	3063.00	3062.00	3062.00	3062.00	3062.00	3062.00	3062.00	3062.00	3062.00	3062.00	3062.00	3062.00	3062.00	3062.00	3062.00	3062.00	3062.00	3062.00	3061.00	3061.00	3061.00	3061.00	3061.00	3061.00	3061.00	3061.00	3061.00	3061.00	3060.00	3060.00	3060.00	3060.00	3060.00	3060.00	3060.00	3060.00	3060.00	3060.00	3060.00	3060.00	3060.00	3060.00	3060.00	3060.00	3060.00	3060.00	3060.00	3060.00	3060.00	3059.00	3059.00	3059.00	3059.00	3059.00	3059.00	3059.00	3059.00	3059.00	3059.00	3059.00	3059.00	3059.00	3058.00	3058.00	3058.00	3058.00	3058.00	3058.00	3058.00	3058.00	3058.00	3058.00	3058.00	3058.00	3058.00	3058.00	3059.00	3059.00	3059.00	3058.00	3058.00	3058.00	3058.00	3058.00
3089.00	3089.00	3088.00	3088.00	3088.00	3088.00	3088.00	3088.00	3087.00	3087.00	3087.00	3087.00	3086.00	3086.00	3086.00	3086.00	3086.00	3085.00	3085.00	3085.00	3085.00	3085.00	3085.00	3084.00	3084.00	3084.00	3084.00	3084.00	3084.00	3084.00	3083.00	3083.00	3083.00	3083.00	3083.00	3082.00	3082.00	3082.00	3082.00	3082.00	3082.00	3082.00	3081.00	3081.00	3081.00	3081.00	3081.00	3081.00	3081.00	3080.00	3080.00	3080.00	3080.00	3080.00	3080.00	3080.00	3080.00	3079.00	3079.00	3079.00	3079.00	3078.00	3078.00	3078.00	3078.00	3078.00	3078.00	3077.00	3077.00	3077.00	3077.00	3077.00	3077.00	3077.00	3077.00	3077.00	3076.00	3076.00	3076.00	3076.00	3076.00	3076.00	3076.00	3075.00	3075.00	3075.00	3075.00	3075.00	3074.00	3074.00	3074.00	3074.00	3074.00	3074.00	3074.00	3073.00	3073.00	3073.00	3073.00	3073.00	3073.00	3073.00	3072.00	3072.00	3072.00	3072.00	3072.00	3072.00	3071.00	3071.00	3071.00	3071.00	3071.00	3070.00	3070.00	3070.00	3070.00	3069.00	3069.00	3069.00	3069.00	3069.00	3069.00	3069.00	3069.00	3068.00	3068.00	3068.00	3068.00	3068.00	3068.00	3067.00	3067.00	3067.00	3067.00	3067.00	3067.00	3067.00	3067.00	3067.00	3067.00	3067.00	3066.00	3066.00	3066.00	3066.00	3066.00	3066.00	3066.00	3065.00	3065.00	3065.00	3065.00	3065.00	3065.00	3065.00	3065.00	3064.00	3064.00	3064.00	3064.00	3064.00	3064.00	3064.00	3063.00	3063.00	3063.00	3063.00	3063.00	3063.00	3063.00	3063.00	3063.00	3062.00	3062.00	3062.00	3062.00	3062.00	3062.00	3062.00	3062.00	3062.00	3062.00	3062.00	3062.00	3062.00	3062.00	3062.00	3062.00	3062.00	3061.00	3061.00	3061.00	3061.00	3061.00	3061.00	3061.00	3061.00	3061.00	3061.00	3060.00	3060.00	3060.00	3060.00	3060.00	3060.00	3060.00	3060.00	3060.00	3060.00	3060.00	3060.00	3060.00	3060.00	3060.00	3060.00	3060.00	3060.00	3060.00	3060.00	3060.00	3059.00	3059.00	3059.00	3059.00	3059.00	3059.00	3059.00	3059.00	3059.00	3059.00	3059.00	3059.00	3059.00	3058.00	3058.00	3058.00	3058.00	3058.00	3058.00	3058.00	3058.00	3058.00	3058.00	3058.00	3058.00	3058.00	3058.00	3059.00	3059.00	3059.00	3058.00	3058.00	3058.00	3058.00	3058.00
3089.00	3089.00	3088.00	3088.00	3088.00	3088.00	3088.00	3088.00	3087.00	3087.00	3087.00	3087.00	3086.00	3086.00	3086.00	3086.00	3086.00	3085.00	3085.00	3085.00	3085.00	3085.00	3085.00	3084.00	3084.00	3084.00	3084.00	3084.00	3084.00	3084.00	3083.00	3083.00	3083.00	3083.00	3083.00	3082.00	3082.00	3082.00	3082.00	3082.00	3082.00	3082.00	3081.00	3081.00	3081.00	3081.00	3081.00	3081.00	3081.00	3080.00	3080.00	3080.00	3080.00	3080.00	3080.00	3080.00	3080.00	3079.00	3079.00	3079.00	3079.00	3078.00	3078.00	3078.00	3078.00	3078.00	3078.00	3077.00	3077.00	3077.00	3077.00	3077.00	3077.00	3077.00	3077.00	3077.00	3076.00	3076.00	3076.00	3076.00	3076.00	3076.00	3076.00	3075.00	3075.00	3075.00	3075.00	3075.00	3074.00	3074.00	3074.00	3074.00	3074.00	3074.00	3074.00	3073.00	3073.00	3073.00	3073.00	3073.00	3073.00	3073.00	3072.00	3072.00	3072.00	3072.00	3072.00	3072.00	3071.00	3071.00	3071.00	3071.00	3071.00	3070.00	3070.00	3070.00	3070.00	3069.00	3069.00	3069.00	3069.00	3069.00	3069.00	3069.00	3069.00	3068.00	3068.00	3068.00	3068.00	3068.00	3068.00	3067.00	3067.00	3067.00	3067.00	3067.00	3067.00	3067.00	3067.00	3067.00	3067.00	3067.00	3066.00	3066.00	3066.00	3066.00	3066.00	3066.00	3066.00	3065.00	3065.00	3065.00	3065.00	3065.00	3065.00	3065.00	3065.00	3064.00	3064.00	3064.00	3064.00	3064.00	3064.00	3064.00	3063.00	3063.00	3063.00	3063.00	3063.00	3063.00	3063.00	3063.00	3063.00	3062.00	3062.00	3062.00	3062.00	3062.00	3062.00	3062.00	3062.00	3062.00	3062.00	3062.00	3062.00	3062.00	3062.00	3062.00	3062.00	3062.00	3061.00	3061.00	3061.00	3061.00	3061.00	3061.00	3061.00	3061.00	3061.00	3061.00	3060.00	3060.00	3060.00	3060.00	3060.00	3060.00	3060.00	3060.00	3060.00	3060.00	3060.00	3060.00	3060.00	3060.00	3060.00	3060.00	3060.00	3060.00	3060.00	3060.00	3060.00	3059.00	3059.00	3059.00	3059.00	3059.00	3059.00	3059.00	3059.00	3059.00	3059.00	3059.00	3059.00	3059.00	3058.00	3058.00	3058.00	3058.00	3058.00	3058.00	3058.00	3058.00	3058.00	3058.00	3058.00	3058.00	3058.00	3058.00	3059.00	3059.00	3059.00	3058.00	3058.00	3058.00	3058.00	3058.00
3089.00	3089.00	3088.00	3088.00	3088.00	3088.00	3088.00	3088.00	3087.00	3087.00	3087.00	3087.00	3086.00	3086.00	3086.00	3086.00	3086.00	3085.00	3085.00	3085.00	3085.00	3085.00	3085.00	3084.00	3084.00	3084.00	3084.00	3084.00	3084.00	3084.00	3083.00	3083.00	3083.00	3083.00	3083.00	3082.00	3082.00	3082.00	3082.00	3082.00	3082.00	3082.00	3081.00	3081.00	3081.00	3081.00	3081.00	3081.00	3081.00	3080.00	3080.00	3080.00	3080.00	3080.00	3080.00	3080.00	3080.00	3079.00	3079.00	3079.00	3079.00	3078.00	3078.00	3078.00	3078.00	3078.00	3078.00	3077.00	3077.00	3077.00	3077.00	3077.00	3077.00	3077.00	3077.00	3077.00	3076.00	3076.00	3076.00	3076.00	3076.00	3076.00	3076.00	3075.00	3075.00	3075.00	3075.00	3075.00	3074.00	3074.00	3074.00	3074.00	3074.00	3074.00	3074.00	3073.00	3073.00	3073.00	3073.00	3073.00	3073.00	3073.00	3072.00	3072.00	3072.00	3072.00	3072.00	3072.00	3071.00	3071.00	3071.00	3071.00	3071.00	3070.00	3070.00	3070.00	3070.00	3069.00	3069.00	3069.00	3069.00	3069.00	3069.00	3069.00	3069.00	3068.00	3068.00	3068.00	3068.00	3068.00	3068.00	3067.00	3067.00	3067.00	3067.00	3067.00	3067.00	3067.00	3067.00	3067.00	3067.00	3067.00	3066.00	3066.00	3066.00	3066.00	3066.00	3066.00	3066.00	3065.00	3065.00	3065.00	3065.00	3065.00	3065.00	3065.00	3065.00	3064.00	3064.00	3064.00	3064.00	3064.00	3064.00	3064.00	3063.00	3063.00	3063.00	3063.00	3063.00	3063.00	3063.00	3063.00	3063.00	3062.00	3062.00	3062.00	3062.00	3062.00	3062.00	3062.00	3062.00	3062.00	3062.00	3062.00	3062.00	3062.00	3062.00	3062.00	3062.00	3062.00	3061.00	3061.00	3061.00	3061.00	3061.00	3061.00	3061.00	3061.00	3061.00	3061.00	3060.00	3060.00	3060.00	3060.00	3060.00	3060.00	3060.00	3060.00	3060.00	3060.00	3060.00	3060.00	3060.00	3060.00	3060.00	3060.00	3060.00	3060.00	3060.00	3060.00	3060.00	3059.00	3059.00	3059.00	3059.00	3059.00	3059.00	3059.00	3059.00	3059.00	3059.00	3059.00	3059.00	3059.00	3058.00	3058.00	3058.00	3058.00	3058.00	3058.00	3058.00	3058.00	3058.00	3058.00	3058.00	3058.00	3058.00	3058.00	3059.00	3059.00	3059.00	3058.00	3058.00	3058.00	3058.00	3058.00
3088.00	3087.00	3087.00	3087.00	3087.00	3087.00	3087.00	3086.00	3086.00	3086.00	3085.00	3085.00	3085.00	3085.00	3084.00	3084.00	3084.00	3084.00	3084.00	3084.00	3084.00	3083.00	3083.00	3083.00	3083.00	3082.00	3082.00	3082.00	3082.00	3082.00	3081.00	3081.00	3081.00	3081.00	3081.00	3080.00	3080.00	3080.00	3080.00	3080.00	3080.00	3080.00	3079.00	3079.00	3079.00	3079.00	3079.00	3079.00	3079.00	3078.00	3078.00	3078.00	3078.00	3078.00	3078.00	3078.00	3078.00	3077.00	3077.00	3077.00	3077.00	3076.00	3076.00	3076.00	3076.00	3076.00	3076.00	3076.00	3076.00	3075.00	3075.00	3075.00	3075.00	3075.00	3075.00	3075.00	3074.00	3074.00	3074.00	3074.00	3074.00	3074.00	3074.00	3073.00	3073.00	3073.00	3073.00	3073.00	3072.00	3072.00	3072.00	3072.00	3072.00	3071.00	3071.00	3071.00	3071.00	3071.00	3071.00	3071.00	3071.00	3070.00	3070.00	3070.00	3070.00	3070.00	3070.00	3070.00	3070.00	3070.00	3069.00	3069.00	3069.00	3069.00	3069.00	3068.00	3068.00	3068.00	3068.00	3068.00	3068.00	3068.00	3067.00	3067.00	3067.00	3067.00	3067.00	3067.00	3067.00	3067.00	3067.00	3066.00	3066.00	3066.00	3066.00	3066.00	3066.00	3066.00	3066.00	3066.00	3066.00	3066.00	3065.00	3065.00	3065.00	3065.00	3065.00	3065.00	3065.00	3065.00	3065.00	3064.00	3064.00	3064.00	3064.00	3064.00	3064.00	3064.00	3064.00	3064.00	3063.00	3063.00	3063.00	3063.00	3063.00	3063.00	3063.00	3063.00	3063.00	3063.00	3062.00	3062.00	3062.00	3062.00	3062.00	3062.00	3062.00	3062.00	3062.00	3062.00	3062.00	3062.00	3062.00	3062.00	3062.00	3062.00	3062.00	3061.00	3061.00	3061.00	3061.00	3061.00	3061.00	3061.00	3061.00	3061.00	3060.00	3060.00	3060.00	3060.00	3060.00	3060.00	3060.00	3060.00	3060.00	3060.00	3060.00	3060.00	3060.00	3060.00	3060.00	3060.00	3060.00	3060.00	3060.00	3060.00	3060.00	3060.00	3060.00	3060.00	3060.00	3060.00	3060.00	3060.00	3060.00	3060.00	3060.00	3060.00	3060.00	3060.00	3060.00	3060.00	3060.00	3060.00	3060.00	3060.00	3059.00	3059.00	3059.00	3059.00	3059.00	3059.00	3059.00	3059.00	3059.00	3059.00	3059.00	3059.00	3059.00	3059.00	3059.00	3058.00	3058.00	3058.00	3058.00	3058.00
3088.00	3087.00	3087.00	3087.00	3087.00	3087.00	3087.00	3086.00	3086.00	3086.00	3085.00	3085.00	3085.00	3085.00	3084.00	3084.00	3084.00	3084.00	3084.00	3084.00	3084.00	3083.00	3083.00	3083.00	3083.00	3082.00	3082.00	3082.00	3082.00	3082.00	3081.00	3081.00	3081.00	3081.00	3081.00	3080.00	3080.00	3080.00	3080.00	3080.00	3080.00	3080.00	3079.00	3079.00	3079.00	3079.00	3079.00	3079.00	3079.00	3078.00	3078.00	3078.00	3078.00	3078.00	3078.00	3078.00	3078.00	3077.00	3077.00	3077.00	3077.00	3076.00	3076.00	3076.00	3076.00	3076.00	3076.00	3076.00	3076.00	3075.00	3075.00	3075.00	3075.00	3075.00	3075.00	3075.00	3074.00	3074.00	3074.00	3074.00	3074.00	3074.00	3074.00	3073.00	3073.00	3073.00	3073.00	3073.00	3072.00	3072.00	3072.00	3072.00	3072.00	3071.00	3071.00	3071.00	3071.00	3071.00	3071.00	3071.00	3071.00	3070.00	3070.00	3070.00	3070.00	3070.00	3070.00	3070.00	3070.00	3070.00	3069.00	3069.00	3069.00	3069.00	3069.00	3068.00	3068.00	3068.00	3068.00	3068.00	3068.00	3068.00	3067.00	3067.00	3067.00	3067.00	3067.00	3067.00	3067.00	3067.00	3067.00	3066.00	3066.00	3066.00	3066.00	3066.00	3066.00	3066.00	3066.00	3066.00	3066.00	3066.00	3065.00	3065.00	3065.00	3065.00	3065.00	3065.00	3065.00	3065.00	3065.00	3064.00	3064.00	3064.00	3064.00	3064.00	3064.00	3064.00	3064.00	3064.00	3063.00	3063.00	3063.00	3063.00	3063.00	3063.00	3063.00	3063.00	3063.00	3063.00	3062.00	3062.00	3062.00	3062.00	3062.00	3062.00	3062.00	3062.00	3062.00	3062.00	3062.00	3062.00	3062.00	3062.00	3062.00	3062.00	3062.00	3061.00	3061.00	3061.00	3061.00	3061.00	3061.00	3061.00	3061.00	3061.00	3060.00	3060.00	3060.00	3060.00	3060.00	3060.00	3060.00	3060.00	3060.00	3060.00	3060.00	3060.00	3060.00	3060.00	3060.00	3060.00	3060.00	3060.00	3060.00	3060.00	3060.00	3060.00	3060.00	3060.00	3060.00	3060.00	3060.00	3060.00	3060.00	3060.00	3060.00	3060.00	3060.00	3060.00	3060.00	3060.00	3060.00	3060.00	3060.00	3060.00	3059.00	3059.00	3059.00	3059.00	3059.00	3059.00	3059.00	3059.00	3059.00	3059.00	3059.00	3059.00	3059.00	3059.00	3059.00	3058.00	3058.00	3058.00	3058.00	3058.00
3088.00	3087.00	3087.00	3087.00	3087.00	3087.00	3087.00	3086.00	3086.00	3086.00	3085.00	3085.00	3085.00	3085.00	3084.00	3084.00	3084.00	3084.00	3084.00	3084.00	3084.00	3083.00	3083.00	3083.00	3083.00	3082.00	3082.00	3082.00	3082.00	3082.00	3081.00	3081.00	3081.00	3081.00	3081.00	3080.00	3080.00	3080.00	3080.00	3080.00	3080.00	3080.00	3079.00	3079.00	3079.00	3079.00	3079.00	3079.00	3079.00	3078.00	3078.00	3078.00	3078.00	3078.00	3078.00	3078.00	3078.00	3077.00	3077.00	3077.00	3077.00	3076.00	3076.00	3076.00	3076.00	3076.00	3076.00	3076.00	3076.00	3075.00	3075.00	3075.00	3075.00	3075.00	3075.00	3075.00	3074.00	3074.00	3074.00	3074.00	3074.00	3074.00	3074.00	3073.00	3073.00	3073.00	3073.00	3073.00	3072.00	3072.00	3072.00	3072.00	3072.00	3071.00	3071.00	3071.00	3071.00	3071.00	3071.00	3071.00	3071.00	3070.00	3070.00	3070.00	3070.00	3070.00	3070.00	3070.00	3070.00	3070.00	3069.00	3069.00	3069.00	3069.00	3069.00	3068.00	3068.00	3068.00	3068.00	3068.00	3068.00	3068.00	3067.00	3067.00	3067.00	3067.00	3067.00	3067.00	3067.00	3067.00	3067.00	3066.00	3066.00	3066.00	3066.00	3066.00	3066.00	3066.00	3066.00	3066.00	3066.00	3066.00	3065.00	3065.00	3065.00	3065.00	3065.00	3065.00	3065.00	3065.00	3065.00	3064.00	3064.00	3064.00	3064.00	3064.00	3064.00	3064.00	3064.00	3064.00	3063.00	3063.00	3063.00	3063.00	3063.00	3063.00	3063.00	3063.00	3063.00	3063.00	3062.00	3062.00	3062.00	3062.00	3062.00	3062.00	3062.00	3062.00	3062.00	3062.00	3062.00	3062.00	3062.00	3062.00	3062.00	3062.00	3062.00	3061.00	3061.00	3061.00	3061.00	3061.00	3061.00	3061.00	3061.00	3061.00	3060.00	3060.00	3060.00	3060.00	3060.00	3060.00	3060.00	3060.00	3060.00	3060.00	3060.00	3060.00	3060.00	3060.00	3060.00	3060.00	3060.00	3060.00	3060.00	3060.00	3060.00	3060.00	3060.00	3060.00	3060.00	3060.00	3060.00	3060.00	3060.00	3060.00	3060.00	3060.00	3060.00	3060.00	3060.00	3060.00	3060.00	3060.00	3060.00	3060.00	3059.00	3059.00	3059.00	3059.00	3059.00	3059.00	3059.00	3059.00	3059.00	3059.00	3059.00	3059.00	3059.00	3059.00	3059.00	3058.00	3058.00	3058.00	3058.00	3058.00
3088.00	3087.00	3087.00	3087.00	3087.00	3087.00	3087.00	3086.00	3086.00	3086.00	3085.00	3085.00	3085.00	3085.00	3084.00	3084.00	3084.00	3084.00	3084.00	3084.00	3084.00	3083.00	3083.00	3083.00	3083.00	3082.00	3082.00	3082.00	3082.00	3082.00	3081.00	3081.00	3081.00	3081.00	3081.00	3080.00	3080.00	3080.00	3080.00	3080.00	3080.00	3080.00	3079.00	3079.00	3079.00	3079.00	3079.00	3079.00	3079.00	3078.00	3078.00	3078.00	3078.00	3078.00	3078.00	3078.00	3078.00	3077.00	3077.00	3077.00	3077.00	3076.00	3076.00	3076.00	3076.00	3076.00	3076.00	3076.00	3076.00	3075.00	3075.00	3075.00	3075.00	3075.00	3075.00	3075.00	3074.00	3074.00	3074.00	3074.00	3074.00	3074.00	3074.00	3073.00	3073.00	3073.00	3073.00	3073.00	3072.00	3072.00	3072.00	3072.00	3072.00	3071.00	3071.00	3071.00	3071.00	3071.00	3071.00	3071.00	3071.00	3070.00	3070.00	3070.00	3070.00	3070.00	3070.00	3070.00	3070.00	3070.00	3069.00	3069.00	3069.00	3069.00	3069.00	3068.00	3068.00	3068.00	3068.00	3068.00	3068.00	3068.00	3067.00	3067.00	3067.00	3067.00	3067.00	3067.00	3067.00	3067.00	3067.00	3066.00	3066.00	3066.00	3066.00	3066.00	3066.00	3066.00	3066.00	3066.00	3066.00	3066.00	3065.00	3065.00	3065.00	3065.00	3065.00	3065.00	3065.00	3065.00	3065.00	3064.00	3064.00	3064.00	3064.00	3064.00	3064.00	3064.00	3064.00	3064.00	3063.00	3063.00	3063.00	3063.00	3063.00	3063.00	3063.00	3063.00	3063.00	3063.00	3062.00	3062.00	3062.00	3062.00	3062.00	3062.00	3062.00	3062.00	3062.00	3062.00	3062.00	3062.00	3062.00	3062.00	3062.00	3062.00	3062.00	3061.00	3061.00	3061.00	3061.00	3061.00	3061.00	3061.00	3061.00	3061.00	3060.00	3060.00	3060.00	3060.00	3060.00	3060.00	3060.00	3060.00	3060.00	3060.00	3060.00	3060.00	3060.00	3060.00	3060.00	3060.00	3060.00	3060.00	3060.00	3060.00	3060.00	3060.00	3060.00	3060.00	3060.00	3060.00	3060.00	3060.00	3060.00	3060.00	3060.00	3060.00	3060.00	3060.00	3060.00	3060.00	3060.00	3060.00	3060.00	3060.00	3059.00	3059.00	3059.00	3059.00	3059.00	3059.00	3059.00	3059.00	3059.00	3059.00	3059.00	3059.00	3059.00	3059.00	3059.00	3058.00	3058.00	3058.00	3058.00	3058.00
3088.00	3087.00	3087.00	3087.00	3087.00	3087.00	3087.00	3086.00	3086.00	3086.00	3085.00	3085.00	3085.00	3085.00	3084.00	3084.00	3084.00	3084.00	3084.00	3084.00	3084.00	3083.00	3083.00	3083.00	3083.00	3082.00	3082.00	3082.00	3082.00	3082.00	3081.00	3081.00	3081.00	3081.00	3081.00	3080.00	3080.00	3080.00	3080.00	3080.00	3080.00	3080.00	3079.00	3079.00	3079.00	3079.00	3079.00	3079.00	3079.00	3078.00	3078.00	3078.00	3078.00	3078.00	3078.00	3078.00	3078.00	3077.00	3077.00	3077.00	3077.00	3076.00	3076.00	3076.00	3076.00	3076.00	3076.00	3076.00	3076.00	3075.00	3075.00	3075.00	3075.00	3075.00	3075.00	3075.00	3074.00	3074.00	3074.00	3074.00	3074.00	3074.00	3074.00	3073.00	3073.00	3073.00	3073.00	3073.00	3072.00	3072.00	3072.00	3072.00	3072.00	3071.00	3071.00	3071.00	3071.00	3071.00	3071.00	3071.00	3071.00	3070.00	3070.00	3070.00	3070.00	3070.00	3070.00	3070.00	3070.00	3070.00	3069.00	3069.00	3069.00	3069.00	3069.00	3068.00	3068.00	3068.00	3068.00	3068.00	3068.00	3068.00	3067.00	3067.00	3067.00	3067.00	3067.00	3067.00	3067.00	3067.00	3067.00	3066.00	3066.00	3066.00	3066.00	3066.00	3066.00	3066.00	3066.00	3066.00	3066.00	3066.00	3065.00	3065.00	3065.00	3065.00	3065.00	3065.00	3065.00	3065.00	3065.00	3064.00	3064.00	3064.00	3064.00	3064.00	3064.00	3064.00	3064.00	3064.00	3063.00	3063.00	3063.00	3063.00	3063.00	3063.00	3063.00	3063.00	3063.00	3063.00	3062.00	3062.00	3062.00	3062.00	3062.00	3062.00	3062.00	3062.00	3062.00	3062.00	3062.00	3062.00	3062.00	3062.00	3062.00	3062.00	3062.00	3061.00	3061.00	3061.00	3061.00	3061.00	3061.00	3061.00	3061.00	3061.00	3060.00	3060.00	3060.00	3060.00	3060.00	3060.00	3060.00	3060.00	3060.00	3060.00	3060.00	3060.00	3060.00	3060.00	3060.00	3060.00	3060.00	3060.00	3060.00	3060.00	3060.00	3060.00	3060.00	3060.00	3060.00	3060.00	3060.00	3060.00	3060.00	3060.00	3060.00	3060.00	3060.00	3060.00	3060.00	3060.00	3060.00	3060.00	3060.00	3060.00	3059.00	3059.00	3059.00	3059.00	3059.00	3059.00	3059.00	3059.00	3059.00	3059.00	3059.00	3059.00	3059.00	3059.00	3059.00	3058.00	3058.00	3058.00	3058.00	3058.00
3088.00	3087.00	3087.00	3087.00	3087.00	3087.00	3087.00	3086.00	3086.00	3086.00	3085.00	3085.00	3085.00	3085.00	3084.00	3084.00	3084.00	3084.00	3084.00	3084.00	3084.00	3083.00	3083.00	3083.00	3083.00	3082.00	3082.00	3082.00	3082.00	3082.00	3081.00	3081.00	3081.00	3081.00	3081.00	3080.00	3080.00	3080.00	3080.00	3080.00	3080.00	3080.00	3079.00	3079.00	3079.00	3079.00	3079.00	3079.00	3079.00	3078.00	3078.00	3078.00	3078.00	3078.00	3078.00	3078.00	3078.00	3077.00	3077.00	3077.00	3077.00	3076.00	3076.00	3076.00	3076.00	3076.00	3076.00	3076.00	3076.00	3075.00	3075.00	3075.00	3075.00	3075.00	3075.00	3075.00	3074.00	3074.00	3074.00	3074.00	3074.00	3074.00	3074.00	3073.00	3073.00	3073.00	3073.00	3073.00	3072.00	3072.00	3072.00	3072.00	3072.00	3071.00	3071.00	3071.00	3071.00	3071.00	3071.00	3071.00	3071.00	3070.00	3070.00	3070.00	3070.00	3070.00	3070.00	3070.00	3070.00	3070.00	3069.00	3069.00	3069.00	3069.00	3069.00	3068.00	3068.00	3068.00	3068.00	3068.00	3068.00	3068.00	3067.00	3067.00	3067.00	3067.00	3067.00	3067.00	3067.00	3067.00	3067.00	3066.00	3066.00	3066.00	3066.00	3066.00	3066.00	3066.00	3066.00	3066.00	3066.00	3066.00	3065.00	3065.00	3065.00	3065.00	3065.00	3065.00	3065.00	3065.00	3065.00	3064.00	3064.00	3064.00	3064.00	3064.00	3064.00	3064.00	3064.00	3064.00	3063.00	3063.00	3063.00	3063.00	3063.00	3063.00	3063.00	3063.00	3063.00	3063.00	3062.00	3062.00	3062.00	3062.00	3062.00	3062.00	3062.00	3062.00	3062.00	3062.00	3062.00	3062.00	3062.00	3062.00	3062.00	3062.00	3062.00	3061.00	3061.00	3061.00	3061.00	3061.00	3061.00	3061.00	3061.00	3061.00	3060.00	3060.00	3060.00	3060.00	3060.00	3060.00	3060.00	3060.00	3060.00	3060.00	3060.00	3060.00	3060.00	3060.00	3060.00	3060.00	3060.00	3060.00	3060.00	3060.00	3060.00	3060.00	3060.00	3060.00	3060.00	3060.00	3060.00	3060.00	3060.00	3060.00	3060.00	3060.00	3060.00	3060.00	3060.00	3060.00	3060.00	3060.00	3060.00	3060.00	3059.00	3059.00	3059.00	3059.00	3059.00	3059.00	3059.00	3059.00	3059.00	3059.00	3059.00	3059.00	3059.00	3059.00	3059.00	3058.00	3058.00	3058.00	3058.00	3058.00
3088.00	3087.00	3087.00	3087.00	3087.00	3087.00	3087.00	3086.00	3086.00	3086.00	3085.00	3085.00	3085.00	3085.00	3084.00	3084.00	3084.00	3084.00	3084.00	3084.00	3084.00	3083.00	3083.00	3083.00	3083.00	3082.00	3082.00	3082.00	3082.00	3082.00	3081.00	3081.00	3081.00	3081.00	3081.00	3080.00	3080.00	3080.00	3080.00	3080.00	3080.00	3080.00	3079.00	3079.00	3079.00	3079.00	3079.00	3079.00	3079.00	3078.00	3078.00	3078.00	3078.00	3078.00	3078.00	3078.00	3078.00	3077.00	3077.00	3077.00	3077.00	3076.00	3076.00	3076.00	3076.00	3076.00	3076.00	3076.00	3076.00	3075.00	3075.00	3075.00	3075.00	3075.00	3075.00	3075.00	3074.00	3074.00	3074.00	3074.00	3074.00	3074.00	3074.00	3073.00	3073.00	3073.00	3073.00	3073.00	3072.00	3072.00	3072.00	3072.00	3072.00	3071.00	3071.00	3071.00	3071.00	3071.00	3071.00	3071.00	3071.00	3070.00	3070.00	3070.00	3070.00	3070.00	3070.00	3070.00	3070.00	3070.00	3069.00	3069.00	3069.00	3069.00	3069.00	3068.00	3068.00	3068.00	3068.00	3068.00	3068.00	3068.00	3067.00	3067.00	3067.00	3067.00	3067.00	3067.00	3067.00	3067.00	3067.00	3066.00	3066.00	3066.00	3066.00	3066.00	3066.00	3066.00	3066.00	3066.00	3066.00	3066.00	3065.00	3065.00	3065.00	3065.00	3065.00	3065.00	3065.00	3065.00	3065.00	3064.00	3064.00	3064.00	3064.00	3064.00	3064.00	3064.00	3064.00	3064.00	3063.00	3063.00	3063.00	3063.00	3063.00	3063.00	3063.00	3063.00	3063.00	3063.00	3062.00	3062.00	3062.00	3062.00	3062.00	3062.00	3062.00	3062.00	3062.00	3062.00	3062.00	3062.00	3062.00	3062.00	3062.00	3062.00	3062.00	3061.00	3061.00	3061.00	3061.00	3061.00	3061.00	3061.00	3061.00	3061.00	3060.00	3060.00	3060.00	3060.00	3060.00	3060.00	3060.00	3060.00	3060.00	3060.00	3060.00	3060.00	3060.00	3060.00	3060.00	3060.00	3060.00	3060.00	3060.00	3060.00	3060.00	3060.00	3060.00	3060.00	3060.00	3060.00	3060.00	3060.00	3060.00	3060.00	3060.00	3060.00	3060.00	3060.00	3060.00	3060.00	3060.00	3060.00	3060.00	3060.00	3059.00	3059.00	3059.00	3059.00	3059.00	3059.00	3059.00	3059.00	3059.00	3059.00	3059.00	3059.00	3059.00	3059.00	3059.00	3058.00	3058.00	3058.00	3058.00	3058.00
3088.00	3087.00	3087.00	3087.00	3087.00	3087.00	3087.00	3086.00	3086.00	3086.00	3085.00	3085.00	3085.00	3085.00	3084.00	3084.00	3084.00	3084.00	3084.00	3084.00	3084.00	3083.00	3083.00	3083.00	3083.00	3082.00	3082.00	3082.00	3082.00	3082.00	3081.00	3081.00	3081.00	3081.00	3081.00	3080.00	3080.00	3080.00	3080.00	3080.00	3080.00	3080.00	3079.00	3079.00	3079.00	3079.00	3079.00	3079.00	3079.00	3078.00	3078.00	3078.00	3078.00	3078.00	3078.00	3078.00	3078.00	3077.00	3077.00	3077.00	3077.00	3076.00	3076.00	3076.00	3076.00	3076.00	3076.00	3076.00	3076.00	3075.00	3075.00	3075.00	3075.00	3075.00	3075.00	3075.00	3074.00	3074.00	3074.00	3074.00	3074.00	3074.00	3074.00	3073.00	3073.00	3073.00	3073.00	3073.00	3072.00	3072.00	3072.00	3072.00	3072.00	3071.00	3071.00	3071.00	3071.00	3071.00	3071.00	3071.00	3071.00	3070.00	3070.00	3070.00	3070.00	3070.00	3070.00	3070.00	3070.00	3070.00	3069.00	3069.00	3069.00	3069.00	3069.00	3068.00	3068.00	3068.00	3068.00	3068.00	3068.00	3068.00	3067.00	3067.00	3067.00	3067.00	3067.00	3067.00	3067.00	3067.00	3067.00	3066.00	3066.00	3066.00	3066.00	3066.00	3066.00	3066.00	3066.00	3066.00	3066.00	3066.00	3065.00	3065.00	3065.00	3065.00	3065.00	3065.00	3065.00	3065.00	3065.00	3064.00	3064.00	3064.00	3064.00	3064.00	3064.00	3064.00	3064.00	3064.00	3063.00	3063.00	3063.00	3063.00	3063.00	3063.00	3063.00	3063.00	3063.00	3063.00	3062.00	3062.00	3062.00	3062.00	3062.00	3062.00	3062.00	3062.00	3062.00	3062.00	3062.00	3062.00	3062.00	3062.00	3062.00	3062.00	3062.00	3061.00	3061.00	3061.00	3061.00	3061.00	3061.00	3061.00	3061.00	3061.00	3060.00	3060.00	3060.00	3060.00	3060.00	3060.00	3060.00	3060.00	3060.00	3060.00	3060.00	3060.00	3060.00	3060.00	3060.00	3060.00	3060.00	3060.00	3060.00	3060.00	3060.00	3060.00	3060.00	3060.00	3060.00	3060.00	3060.00	3060.00	3060.00	3060.00	3060.00	3060.00	3060.00	3060.00	3060.00	3060.00	3060.00	3060.00	3060.00	3060.00	3059.00	3059.00	3059.00	3059.00	3059.00	3059.00	3059.00	3059.00	3059.00	3059.00	3059.00	3059.00	3059.00	3059.00	3059.00	3058.00	3058.00	3058.00	3058.00	3058.00
3088.00	3087.00	3087.00	3087.00	3087.00	3087.00	3087.00	3086.00	3086.00	3086.00	3085.00	3085.00	3085.00	3085.00	3084.00	3084.00	3084.00	3084.00	3084.00	3084.00	3084.00	3083.00	3083.00	3083.00	3083.00	3082.00	3082.00	3082.00	3082.00	3082.00	3081.00	3081.00	3081.00	3081.00	3081.00	3080.00	3080.00	3080.00	3080.00	3080.00	3080.00	3080.00	3079.00	3079.00	3079.00	3079.00	3079.00	3079.00	3079.00	3078.00	3078.00	3078.00	3078.00	3078.00	3078.00	3078.00	3078.00	3077.00	3077.00	3077.00	3077.00	3076.00	3076.00	3076.00	3076.00	3076.00	3076.00	3076.00	3076.00	3075.00	3075.00	3075.00	3075.00	3075.00	3075.00	3075.00	3074.00	3074.00	3074.00	3074.00	3074.00	3074.00	3074.00	3073.00	3073.00	3073.00	3073.00	3073.00	3072.00	3072.00	3072.00	3072.00	3072.00	3071.00	3071.00	3071.00	3071.00	3071.00	3071.00	3071.00	3071.00	3070.00	3070.00	3070.00	3070.00	3070.00	3070.00	3070.00	3070.00	3070.00	3069.00	3069.00	3069.00	3069.00	3069.00	3068.00	3068.00	3068.00	3068.00	3068.00	3068.00	3068.00	3067.00	3067.00	3067.00	3067.00	3067.00	3067.00	3067.00	3067.00	3067.00	3066.00	3066.00	3066.00	3066.00	3066.00	3066.00	3066.00	3066.00	3066.00	3066.00	3066.00	3065.00	3065.00	3065.00	3065.00	3065.00	3065.00	3065.00	3065.00	3065.00	3064.00	3064.00	3064.00	3064.00	3064.00	3064.00	3064.00	3064.00	3064.00	3063.00	3063.00	3063.00	3063.00	3063.00	3063.00	3063.00	3063.00	3063.00	3063.00	3062.00	3062.00	3062.00	3062.00	3062.00	3062.00	3062.00	3062.00	3062.00	3062.00	3062.00	3062.00	3062.00	3062.00	3062.00	3062.00	3062.00	3061.00	3061.00	3061.00	3061.00	3061.00	3061.00	3061.00	3061.00	3061.00	3060.00	3060.00	3060.00	3060.00	3060.00	3060.00	3060.00	3060.00	3060.00	3060.00	3060.00	3060.00	3060.00	3060.00	3060.00	3060.00	3060.00	3060.00	3060.00	3060.00	3060.00	3060.00	3060.00	3060.00	3060.00	3060.00	3060.00	3060.00	3060.00	3060.00	3060.00	3060.00	3060.00	3060.00	3060.00	3060.00	3060.00	3060.00	3060.00	3060.00	3059.00	3059.00	3059.00	3059.00	3059.00	3059.00	3059.00	3059.00	3059.00	3059.00	3059.00	3059.00	3059.00	3059.00	3059.00	3058.00	3058.00	3058.00	3058.00	3058.00
3088.00	3087.00	3087.00	3087.00	3087.00	3087.00	3087.00	3086.00	3086.00	3086.00	3085.00	3085.00	3085.00	3085.00	3084.00	3084.00	3084.00	3084.00	3084.00	3084.00	3084.00	3083.00	3083.00	3083.00	3083.00	3082.00	3082.00	3082.00	3082.00	3082.00	3081.00	3081.00	3081.00	3081.00	3081.00	3080.00	3080.00	3080.00	3080.00	3080.00	3080.00	3080.00	3079.00	3079.00	3079.00	3079.00	3079.00	3079.00	3079.00	3078.00	3078.00	3078.00	3078.00	3078.00	3078.00	3078.00	3078.00	3077.00	3077.00	3077.00	3077.00	3076.00	3076.00	3076.00	3076.00	3076.00	3076.00	3076.00	3076.00	3075.00	3075.00	3075.00	3075.00	3075.00	3075.00	3075.00	3074.00	3074.00	3074.00	3074.00	3074.00	3074.00	3074.00	3073.00	3073.00	3073.00	3073.00	3073.00	3072.00	3072.00	3072.00	3072.00	3072.00	3071.00	3071.00	3071.00	3071.00	3071.00	3071.00	3071.00	3071.00	3070.00	3070.00	3070.00	3070.00	3070.00	3070.00	3070.00	3070.00	3070.00	3069.00	3069.00	3069.00	3069.00	3069.00	3068.00	3068.00	3068.00	3068.00	3068.00	3068.00	3068.00	3067.00	3067.00	3067.00	3067.00	3067.00	3067.00	3067.00	3067.00	3067.00	3066.00	3066.00	3066.00	3066.00	3066.00	3066.00	3066.00	3066.00	3066.00	3066.00	3066.00	3065.00	3065.00	3065.00	3065.00	3065.00	3065.00	3065.00	3065.00	3065.00	3064.00	3064.00	3064.00	3064.00	3064.00	3064.00	3064.00	3064.00	3064.00	3063.00	3063.00	3063.00	3063.00	3063.00	3063.00	3063.00	3063.00	3063.00	3063.00	3062.00	3062.00	3062.00	3062.00	3062.00	3062.00	3062.00	3062.00	3062.00	3062.00	3062.00	3062.00	3062.00	3062.00	3062.00	3062.00	3062.00	3061.00	3061.00	3061.00	3061.00	3061.00	3061.00	3061.00	3061.00	3061.00	3060.00	3060.00	3060.00	3060.00	3060.00	3060.00	3060.00	3060.00	3060.00	3060.00	3060.00	3060.00	3060.00	3060.00	3060.00	3060.00	3060.00	3060.00	3060.00	3060.00	3060.00	3060.00	3060.00	3060.00	3060.00	3060.00	3060.00	3060.00	3060.00	3060.00	3060.00	3060.00	3060.00	3060.00	3060.00	3060.00	3060.00	3060.00	3060.00	3060.00	3059.00	3059.00	3059.00	3059.00	3059.00	3059.00	3059.00	3059.00	3059.00	3059.00	3059.00	3059.00	3059.00	3059.00	3059.00	3058.00	3058.00	3058.00	3058.00	3058.00
3088.00	3087.00	3087.00	3087.00	3087.00	3087.00	3087.00	3086.00	3086.00	3086.00	3085.00	3085.00	3085.00	3085.00	3084.00	3084.00	3084.00	3084.00	3084.00	3084.00	3084.00	3083.00	3083.00	3083.00	3083.00	3082.00	3082.00	3082.00	3082.00	3082.00	3081.00	3081.00	3081.00	3081.00	3081.00	3080.00	3080.00	3080.00	3080.00	3080.00	3080.00	3080.00	3079.00	3079.00	3079.00	3079.00	3079.00	3079.00	3079.00	3078.00	3078.00	3078.00	3078.00	3078.00	3078.00	3078.00	3078.00	3077.00	3077.00	3077.00	3077.00	3076.00	3076.00	3076.00	3076.00	3076.00	3076.00	3076.00	3076.00	3075.00	3075.00	3075.00	3075.00	3075.00	3075.00	3075.00	3074.00	3074.00	3074.00	3074.00	3074.00	3074.00	3074.00	3073.00	3073.00	3073.00	3073.00	3073.00	3072.00	3072.00	3072.00	3072.00	3072.00	3071.00	3071.00	3071.00	3071.00	3071.00	3071.00	3071.00	3071.00	3070.00	3070.00	3070.00	3070.00	3070.00	3070.00	3070.00	3070.00	3070.00	3069.00	3069.00	3069.00	3069.00	3069.00	3068.00	3068.00	3068.00	3068.00	3068.00	3068.00	3068.00	3067.00	3067.00	3067.00	3067.00	3067.00	3067.00	3067.00	3067.00	3067.00	3066.00	3066.00	3066.00	3066.00	3066.00	3066.00	3066.00	3066.00	3066.00	3066.00	3066.00	3065.00	3065.00	3065.00	3065.00	3065.00	3065.00	3065.00	3065.00	3065.00	3064.00	3064.00	3064.00	3064.00	3064.00	3064.00	3064.00	3064.00	3064.00	3063.00	3063.00	3063.00	3063.00	3063.00	3063.00	3063.00	3063.00	3063.00	3063.00	3062.00	3062.00	3062.00	3062.00	3062.00	3062.00	3062.00	3062.00	3062.00	3062.00	3062.00	3062.00	3062.00	3062.00	3062.00	3062.00	3062.00	3061.00	3061.00	3061.00	3061.00	3061.00	3061.00	3061.00	3061.00	3061.00	3060.00	3060.00	3060.00	3060.00	3060.00	3060.00	3060.00	3060.00	3060.00	3060.00	3060.00	3060.00	3060.00	3060.00	3060.00	3060.00	3060.00	3060.00	3060.00	3060.00	3060.00	3060.00	3060.00	3060.00	3060.00	3060.00	3060.00	3060.00	3060.00	3060.00	3060.00	3060.00	3060.00	3060.00	3060.00	3060.00	3060.00	3060.00	3060.00	3060.00	3059.00	3059.00	3059.00	3059.00	3059.00	3059.00	3059.00	3059.00	3059.00	3059.00	3059.00	3059.00	3059.00	3059.00	3059.00	3058.00	3058.00	3058.00	3058.00	3058.00
3088.00	3087.00	3087.00	3087.00	3087.00	3087.00	3087.00	3086.00	3086.00	3086.00	3085.00	3085.00	3085.00	3085.00	3084.00	3084.00	3084.00	3084.00	3084.00	3084.00	3084.00	3083.00	3083.00	3083.00	3083.00	3082.00	3082.00	3082.00	3082.00	3082.00	3081.00	3081.00	3081.00	3081.00	3081.00	3080.00	3080.00	3080.00	3080.00	3080.00	3080.00	3080.00	3079.00	3079.00	3079.00	3079.00	3079.00	3079.00	3079.00	3078.00	3078.00	3078.00	3078.00	3078.00	3078.00	3078.00	3078.00	3077.00	3077.00	3077.00	3077.00	3076.00	3076.00	3076.00	3076.00	3076.00	3076.00	3076.00	3076.00	3075.00	3075.00	3075.00	3075.00	3075.00	3075.00	3075.00	3074.00	3074.00	3074.00	3074.00	3074.00	3074.00	3074.00	3073.00	3073.00	3073.00	3073.00	3073.00	3072.00	3072.00	3072.00	3072.00	3072.00	3071.00	3071.00	3071.00	3071.00	3071.00	3071.00	3071.00	3071.00	3070.00	3070.00	3070.00	3070.00	3070.00	3070.00	3070.00	3070.00	3070.00	3069.00	3069.00	3069.00	3069.00	3069.00	3068.00	3068.00	3068.00	3068.00	3068.00	3068.00	3068.00	3067.00	3067.00	3067.00	3067.00	3067.00	3067.00	3067.00	3067.00	3067.00	3066.00	3066.00	3066.00	3066.00	3066.00	3066.00	3066.00	3066.00	3066.00	3066.00	3066.00	3065.00	3065.00	3065.00	3065.00	3065.00	3065.00	3065.00	3065.00	3065.00	3064.00	3064.00	3064.00	3064.00	3064.00	3064.00	3064.00	3064.00	3064.00	3063.00	3063.00	3063.00	3063.00	3063.00	3063.00	3063.00	3063.00	3063.00	3063.00	3062.00	3062.00	3062.00	3062.00	3062.00	3062.00	3062.00	3062.00	3062.00	3062.00	3062.00	3062.00	3062.00	3062.00	3062.00	3062.00	3062.00	3061.00	3061.00	3061.00	3061.00	3061.00	3061.00	3061.00	3061.00	3061.00	3060.00	3060.00	3060.00	3060.00	3060.00	3060.00	3060.00	3060.00	3060.00	3060.00	3060.00	3060.00	3060.00	3060.00	3060.00	3060.00	3060.00	3060.00	3060.00	3060.00	3060.00	3060.00	3060.00	3060.00	3060.00	3060.00	3060.00	3060.00	3060.00	3060.00	3060.00	3060.00	3060.00	3060.00	3060.00	3060.00	3060.00	3060.00	3060.00	3060.00	3059.00	3059.00	3059.00	3059.00	3059.00	3059.00	3059.00	3059.00	3059.00	3059.00	3059.00	3059.00	3059.00	3059.00	3059.00	3058.00	3058.00	3058.00	3058.00	3058.00
3086.00	3086.00	3085.00	3085.00	3085.00	3085.00	3085.00	3085.00	3084.00	3084.00	3084.00	3084.00	3083.00	3083.00	3083.00	3083.00	3083.00	3083.00	3083.00	3082.00	3082.00	3082.00	3082.00	3081.00	3081.00	3081.00	3081.00	3081.00	3080.00	3080.00	3080.00	3080.00	3080.00	3080.00	3079.00	3079.00	3079.00	3079.00	3079.00	3079.00	3078.00	3078.00	3078.00	3078.00	3078.00	3078.00	3078.00	3078.00	3077.00	3077.00	3077.00	3077.00	3077.00	3076.00	3076.00	3076.00	3076.00	3076.00	3076.00	3076.00	3075.00	3075.00	3075.00	3075.00	3075.00	3075.00	3075.00	3074.00	3074.00	3074.00	3074.00	3074.00	3073.00	3073.00	3073.00	3073.00	3073.00	3073.00	3072.00	3072.00	3072.00	3072.00	3072.00	3071.00	3071.00	3071.00	3071.00	3071.00	3070.00	3070.00	3070.00	3070.00	3070.00	3069.00	3069.00	3069.00	3069.00	3069.00	3069.00	3069.00	3069.00	3068.00	3068.00	3068.00	3068.00	3068.00	3068.00	3068.00	3067.00	3067.00	3067.00	3067.00	3067.00	3067.00	3067.00	3066.00	3066.00	3066.00	3066.00	3066.00	3066.00	3066.00	3066.00	3066.00	3066.00	3065.00	3065.00	3065.00	3065.00	3065.00	3065.00	3065.00	3065.00	3065.00	3065.00	3065.00	3065.00	3065.00	3064.00	3064.00	3064.00	3064.00	3064.00	3064.00	3064.00	3064.00	3064.00	3064.00	3064.00	3064.00	3064.00	3064.00	3063.00	3063.00	3063.00	3063.00	3063.00	3063.00	3063.00	3063.00	3063.00	3063.00	3063.00	3062.00	3062.00	3062.00	3062.00	3062.00	3062.00	3062.00	3062.00	3062.00	3062.00	3062.00	3062.00	3062.00	3062.00	3062.00	3062.00	3062.00	3062.00	3062.00	3062.00	3062.00	3061.00	3061.00	3061.00	3061.00	3061.00	3061.00	3061.00	3061.00	3061.00	3060.00	3060.00	3060.00	3060.00	3060.00	3060.00	3060.00	3060.00	3060.00	3060.00	3060.00	3060.00	3060.00	3060.00	3060.00	3060.00	3060.00	3059.00	3059.00	3059.00	3059.00	3060.00	3060.00	3060.00	3060.00	3060.00	3060.00	3060.00	3060.00	3060.00	3060.00	3060.00	3060.00	3060.00	3060.00	3060.00	3060.00	3060.00	3060.00	3060.00	3060.00	3060.00	3060.00	3059.00	3059.00	3059.00	3059.00	3059.00	3059.00	3059.00	3059.00	3059.00	3059.00	3058.00	3058.00	3058.00	3058.00	3058.00	3058.00	3058.00	3058.00	3058.00	3058.00
3086.00	3086.00	3085.00	3085.00	3085.00	3085.00	3085.00	3085.00	3084.00	3084.00	3084.00	3084.00	3083.00	3083.00	3083.00	3083.00	3083.00	3083.00	3083.00	3082.00	3082.00	3082.00	3082.00	3081.00	3081.00	3081.00	3081.00	3081.00	3080.00	3080.00	3080.00	3080.00	3080.00	3080.00	3079.00	3079.00	3079.00	3079.00	3079.00	3079.00	3078.00	3078.00	3078.00	3078.00	3078.00	3078.00	3078.00	3078.00	3077.00	3077.00	3077.00	3077.00	3077.00	3076.00	3076.00	3076.00	3076.00	3076.00	3076.00	3076.00	3075.00	3075.00	3075.00	3075.00	3075.00	3075.00	3075.00	3074.00	3074.00	3074.00	3074.00	3074.00	3073.00	3073.00	3073.00	3073.00	3073.00	3073.00	3072.00	3072.00	3072.00	3072.00	3072.00	3071.00	3071.00	3071.00	3071.00	3071.00	3070.00	3070.00	3070.00	3070.00	3070.00	3069.00	3069.00	3069.00	3069.00	3069.00	3069.00	3069.00	3069.00	3068.00	3068.00	3068.00	3068.00	3068.00	3068.00	3068.00	3067.00	3067.00	3067.00	3067.00	3067.00	3067.00	3067.00	3066.00	3066.00	3066.00	3066.00	3066.00	3066.00	3066.00	3066.00	3066.00	3066.00	3065.00	3065.00	3065.00	3065.00	3065.00	3065.00	3065.00	3065.00	3065.00	3065.00	3065.00	3065.00	3065.00	3064.00	3064.00	3064.00	3064.00	3064.00	3064.00	3064.00	3064.00	3064.00	3064.00	3064.00	3064.00	3064.00	3064.00	3063.00	3063.00	3063.00	3063.00	3063.00	3063.00	3063.00	3063.00	3063.00	3063.00	3063.00	3062.00	3062.00	3062.00	3062.00	3062.00	3062.00	3062.00	3062.00	3062.00	3062.00	3062.00	3062.00	3062.00	3062.00	3062.00	3062.00	3062.00	3062.00	3062.00	3062.00	3062.00	3061.00	3061.00	3061.00	3061.00	3061.00	3061.00	3061.00	3061.00	3061.00	3060.00	3060.00	3060.00	3060.00	3060.00	3060.00	3060.00	3060.00	3060.00	3060.00	3060.00	3060.00	3060.00	3060.00	3060.00	3060.00	3060.00	3059.00	3059.00	3059.00	3059.00	3060.00	3060.00	3060.00	3060.00	3060.00	3060.00	3060.00	3060.00	3060.00	3060.00	3060.00	3060.00	3060.00	3060.00	3060.00	3060.00	3060.00	3060.00	3060.00	3060.00	3060.00	3060.00	3059.00	3059.00	3059.00	3059.00	3059.00	3059.00	3059.00	3059.00	3059.00	3059.00	3058.00	3058.00	3058.00	3058.00	3058.00	3058.00	3058.00	3058.00	3058.00	3058.00
3086.00	3086.00	3085.00	3085.00	3085.00	3085.00	3085.00	3085.00	3084.00	3084.00	3084.00	3084.00	3083.00	3083.00	3083.00	3083.00	3083.00	3083.00	3083.00	3082.00	3082.00	3082.00	3082.00	3081.00	3081.00	3081.00	3081.00	3081.00	3080.00	3080.00	3080.00	3080.00	3080.00	3080.00	3079.00	3079.00	3079.00	3079.00	3079.00	3079.00	3078.00	3078.00	3078.00	3078.00	3078.00	3078.00	3078.00	3078.00	3077.00	3077.00	3077.00	3077.00	3077.00	3076.00	3076.00	3076.00	3076.00	3076.00	3076.00	3076.00	3075.00	3075.00	3075.00	3075.00	3075.00	3075.00	3075.00	3074.00	3074.00	3074.00	3074.00	3074.00	3073.00	3073.00	3073.00	3073.00	3073.00	3073.00	3072.00	3072.00	3072.00	3072.00	3072.00	3071.00	3071.00	3071.00	3071.00	3071.00	3070.00	3070.00	3070.00	3070.00	3070.00	3069.00	3069.00	3069.00	3069.00	3069.00	3069.00	3069.00	3069.00	3068.00	3068.00	3068.00	3068.00	3068.00	3068.00	3068.00	3067.00	3067.00	3067.00	3067.00	3067.00	3067.00	3067.00	3066.00	3066.00	3066.00	3066.00	3066.00	3066.00	3066.00	3066.00	3066.00	3066.00	3065.00	3065.00	3065.00	3065.00	3065.00	3065.00	3065.00	3065.00	3065.00	3065.00	3065.00	3065.00	3065.00	3064.00	3064.00	3064.00	3064.00	3064.00	3064.00	3064.00	3064.00	3064.00	3064.00	3064.00	3064.00	3064.00	3064.00	3063.00	3063.00	3063.00	3063.00	3063.00	3063.00	3063.00	3063.00	3063.00	3063.00	3063.00	3062.00	3062.00	3062.00	3062.00	3062.00	3062.00	3062.00	3062.00	3062.00	3062.00	3062.00	3062.00	3062.00	3062.00	3062.00	3062.00	3062.00	3062.00	3062.00	3062.00	3062.00	3061.00	3061.00	3061.00	3061.00	3061.00	3061.00	3061.00	3061.00	3061.00	3060.00	3060.00	3060.00	3060.00	3060.00	3060.00	3060.00	3060.00	3060.00	3060.00	3060.00	3060.00	3060.00	3060.00	3060.00	3060.00	3060.00	3059.00	3059.00	3059.00	3059.00	3060.00	3060.00	3060.00	3060.00	3060.00	3060.00	3060.00	3060.00	3060.00	3060.00	3060.00	3060.00	3060.00	3060.00	3060.00	3060.00	3060.00	3060.00	3060.00	3060.00	3060.00	3060.00	3059.00	3059.00	3059.00	3059.00	3059.00	3059.00	3059.00	3059.00	3059.00	3059.00	3058.00	3058.00	3058.00	3058.00	3058.00	3058.00	3058.00	3058.00	3058.00	3058.00
3086.00	3086.00	3085.00	3085.00	3085.00	3085.00	3085.00	3085.00	3084.00	3084.00	3084.00	3084.00	3083.00	3083.00	3083.00	3083.00	3083.00	3083.00	3083.00	3082.00	3082.00	3082.00	3082.00	3081.00	3081.00	3081.00	3081.00	3081.00	3080.00	3080.00	3080.00	3080.00	3080.00	3080.00	3079.00	3079.00	3079.00	3079.00	3079.00	3079.00	3078.00	3078.00	3078.00	3078.00	3078.00	3078.00	3078.00	3078.00	3077.00	3077.00	3077.00	3077.00	3077.00	3076.00	3076.00	3076.00	3076.00	3076.00	3076.00	3076.00	3075.00	3075.00	3075.00	3075.00	3075.00	3075.00	3075.00	3074.00	3074.00	3074.00	3074.00	3074.00	3073.00	3073.00	3073.00	3073.00	3073.00	3073.00	3072.00	3072.00	3072.00	3072.00	3072.00	3071.00	3071.00	3071.00	3071.00	3071.00	3070.00	3070.00	3070.00	3070.00	3070.00	3069.00	3069.00	3069.00	3069.00	3069.00	3069.00	3069.00	3069.00	3068.00	3068.00	3068.00	3068.00	3068.00	3068.00	3068.00	3067.00	3067.00	3067.00	3067.00	3067.00	3067.00	3067.00	3066.00	3066.00	3066.00	3066.00	3066.00	3066.00	3066.00	3066.00	3066.00	3066.00	3065.00	3065.00	3065.00	3065.00	3065.00	3065.00	3065.00	3065.00	3065.00	3065.00	3065.00	3065.00	3065.00	3064.00	3064.00	3064.00	3064.00	3064.00	3064.00	3064.00	3064.00	3064.00	3064.00	3064.00	3064.00	3064.00	3064.00	3063.00	3063.00	3063.00	3063.00	3063.00	3063.00	3063.00	3063.00	3063.00	3063.00	3063.00	3062.00	3062.00	3062.00	3062.00	3062.00	3062.00	3062.00	3062.00	3062.00	3062.00	3062.00	3062.00	3062.00	3062.00	3062.00	3062.00	3062.00	3062.00	3062.00	3062.00	3062.00	3061.00	3061.00	3061.00	3061.00	3061.00	3061.00	3061.00	3061.00	3061.00	3060.00	3060.00	3060.00	3060.00	3060.00	3060.00	3060.00	3060.00	3060.00	3060.00	3060.00	3060.00	3060.00	3060.00	3060.00	3060.00	3060.00	3059.00	3059.00	3059.00	3059.00	3060.00	3060.00	3060.00	3060.00	3060.00	3060.00	3060.00	3060.00	3060.00	3060.00	3060.00	3060.00	3060.00	3060.00	3060.00	3060.00	3060.00	3060.00	3060.00	3060.00	3060.00	3060.00	3059.00	3059.00	3059.00	3059.00	3059.00	3059.00	3059.00	3059.00	3059.00	3059.00	3058.00	3058.00	3058.00	3058.00	3058.00	3058.00	3058.00	3058.00	3058.00	3058.00
3086.00	3086.00	3085.00	3085.00	3085.00	3085.00	3085.00	3085.00	3084.00	3084.00	3084.00	3084.00	3083.00	3083.00	3083.00	3083.00	3083.00	3083.00	3083.00	3082.00	3082.00	3082.00	3082.00	3081.00	3081.00	3081.00	3081.00	3081.00	3080.00	3080.00	3080.00	3080.00	3080.00	3080.00	3079.00	3079.00	3079.00	3079.00	3079.00	3079.00	3078.00	3078.00	3078.00	3078.00	3078.00	3078.00	3078.00	3078.00	3077.00	3077.00	3077.00	3077.00	3077.00	3076.00	3076.00	3076.00	3076.00	3076.00	3076.00	3076.00	3075.00	3075.00	3075.00	3075.00	3075.00	3075.00	3075.00	3074.00	3074.00	3074.00	3074.00	3074.00	3073.00	3073.00	3073.00	3073.00	3073.00	3073.00	3072.00	3072.00	3072.00	3072.00	3072.00	3071.00	3071.00	3071.00	3071.00	3071.00	3070.00	3070.00	3070.00	3070.00	3070.00	3069.00	3069.00	3069.00	3069.00	3069.00	3069.00	3069.00	3069.00	3068.00	3068.00	3068.00	3068.00	3068.00	3068.00	3068.00	3067.00	3067.00	3067.00	3067.00	3067.00	3067.00	3067.00	3066.00	3066.00	3066.00	3066.00	3066.00	3066.00	3066.00	3066.00	3066.00	3066.00	3065.00	3065.00	3065.00	3065.00	3065.00	3065.00	3065.00	3065.00	3065.00	3065.00	3065.00	3065.00	3065.00	3064.00	3064.00	3064.00	3064.00	3064.00	3064.00	3064.00	3064.00	3064.00	3064.00	3064.00	3064.00	3064.00	3064.00	3063.00	3063.00	3063.00	3063.00	3063.00	3063.00	3063.00	3063.00	3063.00	3063.00	3063.00	3062.00	3062.00	3062.00	3062.00	3062.00	3062.00	3062.00	3062.00	3062.00	3062.00	3062.00	3062.00	3062.00	3062.00	3062.00	3062.00	3062.00	3062.00	3062.00	3062.00	3062.00	3061.00	3061.00	3061.00	3061.00	3061.00	3061.00	3061.00	3061.00	3061.00	3060.00	3060.00	3060.00	3060.00	3060.00	3060.00	3060.00	3060.00	3060.00	3060.00	3060.00	3060.00	3060.00	3060.00	3060.00	3060.00	3060.00	3059.00	3059.00	3059.00	3059.00	3060.00	3060.00	3060.00	3060.00	3060.00	3060.00	3060.00	3060.00	3060.00	3060.00	3060.00	3060.00	3060.00	3060.00	3060.00	3060.00	3060.00	3060.00	3060.00	3060.00	3060.00	3060.00	3059.00	3059.00	3059.00	3059.00	3059.00	3059.00	3059.00	3059.00	3059.00	3059.00	3058.00	3058.00	3058.00	3058.00	3058.00	3058.00	3058.00	3058.00	3058.00	3058.00
3086.00	3086.00	3085.00	3085.00	3085.00	3085.00	3085.00	3085.00	3084.00	3084.00	3084.00	3084.00	3083.00	3083.00	3083.00	3083.00	3083.00	3083.00	3083.00	3082.00	3082.00	3082.00	3082.00	3081.00	3081.00	3081.00	3081.00	3081.00	3080.00	3080.00	3080.00	3080.00	3080.00	3080.00	3079.00	3079.00	3079.00	3079.00	3079.00	3079.00	3078.00	3078.00	3078.00	3078.00	3078.00	3078.00	3078.00	3078.00	3077.00	3077.00	3077.00	3077.00	3077.00	3076.00	3076.00	3076.00	3076.00	3076.00	3076.00	3076.00	3075.00	3075.00	3075.00	3075.00	3075.00	3075.00	3075.00	3074.00	3074.00	3074.00	3074.00	3074.00	3073.00	3073.00	3073.00	3073.00	3073.00	3073.00	3072.00	3072.00	3072.00	3072.00	3072.00	3071.00	3071.00	3071.00	3071.00	3071.00	3070.00	3070.00	3070.00	3070.00	3070.00	3069.00	3069.00	3069.00	3069.00	3069.00	3069.00	3069.00	3069.00	3068.00	3068.00	3068.00	3068.00	3068.00	3068.00	3068.00	3067.00	3067.00	3067.00	3067.00	3067.00	3067.00	3067.00	3066.00	3066.00	3066.00	3066.00	3066.00	3066.00	3066.00	3066.00	3066.00	3066.00	3065.00	3065.00	3065.00	3065.00	3065.00	3065.00	3065.00	3065.00	3065.00	3065.00	3065.00	3065.00	3065.00	3064.00	3064.00	3064.00	3064.00	3064.00	3064.00	3064.00	3064.00	3064.00	3064.00	3064.00	3064.00	3064.00	3064.00	3063.00	3063.00	3063.00	3063.00	3063.00	3063.00	3063.00	3063.00	3063.00	3063.00	3063.00	3062.00	3062.00	3062.00	3062.00	3062.00	3062.00	3062.00	3062.00	3062.00	3062.00	3062.00	3062.00	3062.00	3062.00	3062.00	3062.00	3062.00	3062.00	3062.00	3062.00	3062.00	3061.00	3061.00	3061.00	3061.00	3061.00	3061.00	3061.00	3061.00	3061.00	3060.00	3060.00	3060.00	3060.00	3060.00	3060.00	3060.00	3060.00	3060.00	3060.00	3060.00	3060.00	3060.00	3060.00	3060.00	3060.00	3060.00	3059.00	3059.00	3059.00	3059.00	3060.00	3060.00	3060.00	3060.00	3060.00	3060.00	3060.00	3060.00	3060.00	3060.00	3060.00	3060.00	3060.00	3060.00	3060.00	3060.00	3060.00	3060.00	3060.00	3060.00	3060.00	3060.00	3059.00	3059.00	3059.00	3059.00	3059.00	3059.00	3059.00	3059.00	3059.00	3059.00	3058.00	3058.00	3058.00	3058.00	3058.00	3058.00	3058.00	3058.00	3058.00	3058.00
3086.00	3086.00	3085.00	3085.00	3085.00	3085.00	3085.00	3085.00	3084.00	3084.00	3084.00	3084.00	3083.00	3083.00	3083.00	3083.00	3083.00	3083.00	3083.00	3082.00	3082.00	3082.00	3082.00	3081.00	3081.00	3081.00	3081.00	3081.00	3080.00	3080.00	3080.00	3080.00	3080.00	3080.00	3079.00	3079.00	3079.00	3079.00	3079.00	3079.00	3078.00	3078.00	3078.00	3078.00	3078.00	3078.00	3078.00	3078.00	3077.00	3077.00	3077.00	3077.00	3077.00	3076.00	3076.00	3076.00	3076.00	3076.00	3076.00	3076.00	3075.00	3075.00	3075.00	3075.00	3075.00	3075.00	3075.00	3074.00	3074.00	3074.00	3074.00	3074.00	3073.00	3073.00	3073.00	3073.00	3073.00	3073.00	3072.00	3072.00	3072.00	3072.00	3072.00	3071.00	3071.00	3071.00	3071.00	3071.00	3070.00	3070.00	3070.00	3070.00	3070.00	3069.00	3069.00	3069.00	3069.00	3069.00	3069.00	3069.00	3069.00	3068.00	3068.00	3068.00	3068.00	3068.00	3068.00	3068.00	3067.00	3067.00	3067.00	3067.00	3067.00	3067.00	3067.00	3066.00	3066.00	3066.00	3066.00	3066.00	3066.00	3066.00	3066.00	3066.00	3066.00	3065.00	3065.00	3065.00	3065.00	3065.00	3065.00	3065.00	3065.00	3065.00	3065.00	3065.00	3065.00	3065.00	3064.00	3064.00	3064.00	3064.00	3064.00	3064.00	3064.00	3064.00	3064.00	3064.00	3064.00	3064.00	3064.00	3064.00	3063.00	3063.00	3063.00	3063.00	3063.00	3063.00	3063.00	3063.00	3063.00	3063.00	3063.00	3062.00	3062.00	3062.00	3062.00	3062.00	3062.00	3062.00	3062.00	3062.00	3062.00	3062.00	3062.00	3062.00	3062.00	3062.00	3062.00	3062.00	3062.00	3062.00	3062.00	3062.00	3061.00	3061.00	3061.00	3061.00	3061.00	3061.00	3061.00	3061.00	3061.00	3060.00	3060.00	3060.00	3060.00	3060.00	3060.00	3060.00	3060.00	3060.00	3060.00	3060.00	3060.00	3060.00	3060.00	3060.00	3060.00	3060.00	3059.00	3059.00	3059.00	3059.00	3060.00	3060.00	3060.00	3060.00	3060.00	3060.00	3060.00	3060.00	3060.00	3060.00	3060.00	3060.00	3060.00	3060.00	3060.00	3060.00	3060.00	3060.00	3060.00	3060.00	3060.00	3060.00	3059.00	3059.00	3059.00	3059.00	3059.00	3059.00	3059.00	3059.00	3059.00	3059.00	3058.00	3058.00	3058.00	3058.00	3058.00	3058.00	3058.00	3058.00	3058.00	3058.00
3086.00	3086.00	3085.00	3085.00	3085.00	3085.00	3085.00	3085.00	3084.00	3084.00	3084.00	3084.00	3083.00	3083.00	3083.00	3083.00	3083.00	3083.00	3083.00	3082.00	3082.00	3082.00	3082.00	3081.00	3081.00	3081.00	3081.00	3081.00	3080.00	3080.00	3080.00	3080.00	3080.00	3080.00	3079.00	3079.00	3079.00	3079.00	3079.00	3079.00	3078.00	3078.00	3078.00	3078.00	3078.00	3078.00	3078.00	3078.00	3077.00	3077.00	3077.00	3077.00	3077.00	3076.00	3076.00	3076.00	3076.00	3076.00	3076.00	3076.00	3075.00	3075.00	3075.00	3075.00	3075.00	3075.00	3075.00	3074.00	3074.00	3074.00	3074.00	3074.00	3073.00	3073.00	3073.00	3073.00	3073.00	3073.00	3072.00	3072.00	3072.00	3072.00	3072.00	3071.00	3071.00	3071.00	3071.00	3071.00	3070.00	3070.00	3070.00	3070.00	3070.00	3069.00	3069.00	3069.00	3069.00	3069.00	3069.00	3069.00	3069.00	3068.00	3068.00	3068.00	3068.00	3068.00	3068.00	3068.00	3067.00	3067.00	3067.00	3067.00	3067.00	3067.00	3067.00	3066.00	3066.00	3066.00	3066.00	3066.00	3066.00	3066.00	3066.00	3066.00	3066.00	3065.00	3065.00	3065.00	3065.00	3065.00	3065.00	3065.00	3065.00	3065.00	3065.00	3065.00	3065.00	3065.00	3064.00	3064.00	3064.00	3064.00	3064.00	3064.00	3064.00	3064.00	3064.00	3064.00	3064.00	3064.00	3064.00	3064.00	3063.00	3063.00	3063.00	3063.00	3063.00	3063.00	3063.00	3063.00	3063.00	3063.00	3063.00	3062.00	3062.00	3062.00	3062.00	3062.00	3062.00	3062.00	3062.00	3062.00	3062.00	3062.00	3062.00	3062.00	3062.00	3062.00	3062.00	3062.00	3062.00	3062.00	3062.00	3062.00	3061.00	3061.00	3061.00	3061.00	3061.00	3061.00	3061.00	3061.00	3061.00	3060.00	3060.00	3060.00	3060.00	3060.00	3060.00	3060.00	3060.00	3060.00	3060.00	3060.00	3060.00	3060.00	3060.00	3060.00	3060.00	3060.00	3059.00	3059.00	3059.00	3059.00	3060.00	3060.00	3060.00	3060.00	3060.00	3060.00	3060.00	3060.00	3060.00	3060.00	3060.00	3060.00	3060.00	3060.00	3060.00	3060.00	3060.00	3060.00	3060.00	3060.00	3060.00	3060.00	3059.00	3059.00	3059.00	3059.00	3059.00	3059.00	3059.00	3059.00	3059.00	3059.00	3058.00	3058.00	3058.00	3058.00	3058.00	3058.00	3058.00	3058.00	3058.00	3058.00
3086.00	3086.00	3085.00	3085.00	3085.00	3085.00	3085.00	3085.00	3084.00	3084.00	3084.00	3084.00	3083.00	3083.00	3083.00	3083.00	3083.00	3083.00	3083.00	3082.00	3082.00	3082.00	3082.00	3081.00	3081.00	3081.00	3081.00	3081.00	3080.00	3080.00	3080.00	3080.00	3080.00	3080.00	3079.00	3079.00	3079.00	3079.00	3079.00	3079.00	3078.00	3078.00	3078.00	3078.00	3078.00	3078.00	3078.00	3078.00	3077.00	3077.00	3077.00	3077.00	3077.00	3076.00	3076.00	3076.00	3076.00	3076.00	3076.00	3076.00	3075.00	3075.00	3075.00	3075.00	3075.00	3075.00	3075.00	3074.00	3074.00	3074.00	3074.00	3074.00	3073.00	3073.00	3073.00	3073.00	3073.00	3073.00	3072.00	3072.00	3072.00	3072.00	3072.00	3071.00	3071.00	3071.00	3071.00	3071.00	3070.00	3070.00	3070.00	3070.00	3070.00	3069.00	3069.00	3069.00	3069.00	3069.00	3069.00	3069.00	3069.00	3068.00	3068.00	3068.00	3068.00	3068.00	3068.00	3068.00	3067.00	3067.00	3067.00	3067.00	3067.00	3067.00	3067.00	3066.00	3066.00	3066.00	3066.00	3066.00	3066.00	3066.00	3066.00	3066.00	3066.00	3065.00	3065.00	3065.00	3065.00	3065.00	3065.00	3065.00	3065.00	3065.00	3065.00	3065.00	3065.00	3065.00	3064.00	3064.00	3064.00	3064.00	3064.00	3064.00	3064.00	3064.00	3064.00	3064.00	3064.00	3064.00	3064.00	3064.00	3063.00	3063.00	3063.00	3063.00	3063.00	3063.00	3063.00	3063.00	3063.00	3063.00	3063.00	3062.00	3062.00	3062.00	3062.00	3062.00	3062.00	3062.00	3062.00	3062.00	3062.00	3062.00	3062.00	3062.00	3062.00	3062.00	3062.00	3062.00	3062.00	3062.00	3062.00	3062.00	3061.00	3061.00	3061.00	3061.00	3061.00	3061.00	3061.00	3061.00	3061.00	3060.00	3060.00	3060.00	3060.00	3060.00	3060.00	3060.00	3060.00	3060.00	3060.00	3060.00	3060.00	3060.00	3060.00	3060.00	3060.00	3060.00	3059.00	3059.00	3059.00	3059.00	3060.00	3060.00	3060.00	3060.00	3060.00	3060.00	3060.00	3060.00	3060.00	3060.00	3060.00	3060.00	3060.00	3060.00	3060.00	3060.00	3060.00	3060.00	3060.00	3060.00	3060.00	3060.00	3059.00	3059.00	3059.00	3059.00	3059.00	3059.00	3059.00	3059.00	3059.00	3059.00	3058.00	3058.00	3058.00	3058.00	3058.00	3058.00	3058.00	3058.00	3058.00	3058.00
3086.00	3086.00	3085.00	3085.00	3085.00	3085.00	3085.00	3085.00	3084.00	3084.00	3084.00	3084.00	3083.00	3083.00	3083.00	3083.00	3083.00	3083.00	3083.00	3082.00	3082.00	3082.00	3082.00	3081.00	3081.00	3081.00	3081.00	3081.00	3080.00	3080.00	3080.00	3080.00	3080.00	3080.00	3079.00	3079.00	3079.00	3079.00	3079.00	3079.00	3078.00	3078.00	3078.00	3078.00	3078.00	3078.00	3078.00	3078.00	3077.00	3077.00	3077.00	3077.00	3077.00	3076.00	3076.00	3076.00	3076.00	3076.00	3076.00	3076.00	3075.00	3075.00	3075.00	3075.00	3075.00	3075.00	3075.00	3074.00	3074.00	3074.00	3074.00	3074.00	3073.00	3073.00	3073.00	3073.00	3073.00	3073.00	3072.00	3072.00	3072.00	3072.00	3072.00	3071.00	3071.00	3071.00	3071.00	3071.00	3070.00	3070.00	3070.00	3070.00	3070.00	3069.00	3069.00	3069.00	3069.00	3069.00	3069.00	3069.00	3069.00	3068.00	3068.00	3068.00	3068.00	3068.00	3068.00	3068.00	3067.00	3067.00	3067.00	3067.00	3067.00	3067.00	3067.00	3066.00	3066.00	3066.00	3066.00	3066.00	3066.00	3066.00	3066.00	3066.00	3066.00	3065.00	3065.00	3065.00	3065.00	3065.00	3065.00	3065.00	3065.00	3065.00	3065.00	3065.00	3065.00	3065.00	3064.00	3064.00	3064.00	3064.00	3064.00	3064.00	3064.00	3064.00	3064.00	3064.00	3064.00	3064.00	3064.00	3064.00	3063.00	3063.00	3063.00	3063.00	3063.00	3063.00	3063.00	3063.00	3063.00	3063.00	3063.00	3062.00	3062.00	3062.00	3062.00	3062.00	3062.00	3062.00	3062.00	3062.00	3062.00	3062.00	3062.00	3062.00	3062.00	3062.00	3062.00	3062.00	3062.00	3062.00	3062.00	3062.00	3061.00	3061.00	3061.00	3061.00	3061.00	3061.00	3061.00	3061.00	3061.00	3060.00	3060.00	3060.00	3060.00	3060.00	3060.00	3060.00	3060.00	3060.00	3060.00	3060.00	3060.00	3060.00	3060.00	3060.00	3060.00	3060.00	3059.00	3059.00	3059.00	3059.00	3060.00	3060.00	3060.00	3060.00	3060.00	3060.00	3060.00	3060.00	3060.00	3060.00	3060.00	3060.00	3060.00	3060.00	3060.00	3060.00	3060.00	3060.00	3060.00	3060.00	3060.00	3060.00	3059.00	3059.00	3059.00	3059.00	3059.00	3059.00	3059.00	3059.00	3059.00	3059.00	3058.00	3058.00	3058.00	3058.00	3058.00	3058.00	3058.00	3058.00	3058.00	3058.00
3084.00	3084.00	3084.00	3084.00	3084.00	3083.00	3083.00	3083.00	3083.00	3083.00	3083.00	3083.00	3082.00	3082.00	3082.00	3082.00	3082.00	3081.00	3081.00	3081.00	3081.00	3080.00	3080.00	3080.00	3080.00	3079.00	3079.00	3079.00	3079.00	3079.00	3079.00	3079.00	3079.00	3078.00	3078.00	3078.00	3078.00	3078.00	3078.00	3077.00	3077.00	3077.00	3077.00	3077.00	3076.00	3076.00	3076.00	3076.00	3076.00	3076.00	3076.00	3075.00	3075.00	3075.00	3075.00	3075.00	3075.00	3074.00	3074.00	3074.00	3074.00	3073.00	3073.00	3073.00	3073.00	3073.00	3073.00	3072.00	3072.00	3072.00	3072.00	3072.00	3071.00	3071.00	3071.00	3071.00	3071.00	3071.00	3070.00	3070.00	3070.00	3070.00	3070.00	3069.00	3069.00	3069.00	3069.00	3069.00	3068.00	3068.00	3068.00	3068.00	3068.00	3067.00	3067.00	3067.00	3067.00	3067.00	3067.00	3067.00	3067.00	3067.00	3067.00	3067.00	3066.00	3066.00	3066.00	3066.00	3066.00	3066.00	3066.00	3066.00	3066.00	3065.00	3065.00	3065.00	3065.00	3065.00	3065.00	3064.00	3064.00	3064.00	3064.00	3064.00	3064.00	3064.00	3064.00	3064.00	3064.00	3064.00	3064.00	3064.00	3064.00	3064.00	3064.00	3064.00	3064.00	3064.00	3063.00	3063.00	3063.00	3063.00	3063.00	3063.00	3063.00	3063.00	3063.00	3063.00	3063.00	3063.00	3063.00	3063.00	3063.00	3063.00	3062.00	3062.00	3062.00	3062.00	3062.00	3062.00	3062.00	3062.00	3062.00	3061.00	3061.00	3061.00	3061.00	3061.00	3061.00	3061.00	3061.00	3061.00	3061.00	3061.00	3061.00	3061.00	3061.00	3061.00	3061.00	3061.00	3061.00	3061.00	3061.00	3061.00	3061.00	3061.00	3061.00	3061.00	3061.00	3060.00	3060.00	3060.00	3060.00	3060.00	3060.00	3060.00	3060.00	3060.00	3060.00	3060.00	3060.00	3060.00	3060.00	3060.00	3060.00	3060.00	3060.00	3059.00	3059.00	3059.00	3059.00	3059.00	3059.00	3059.00	3059.00	3059.00	3058.00	3058.00	3058.00	3059.00	3059.00	3059.00	3059.00	3059.00	3059.00	3059.00	3059.00	3059.00	3059.00	3059.00	3059.00	3059.00	3059.00	3059.00	3059.00	3059.00	3059.00	3059.00	3059.00	3059.00	3059.00	3058.00	3058.00	3058.00	3058.00	3058.00	3058.00	3058.00	3058.00	3058.00	3058.00	3059.00	3059.00	3059.00	3059.00	3059.00
3084.00	3084.00	3084.00	3084.00	3084.00	3083.00	3083.00	3083.00	3083.00	3083.00	3083.00	3083.00	3082.00	3082.00	3082.00	3082.00	3082.00	3081.00	3081.00	3081.00	3081.00	3080.00	3080.00	3080.00	3080.00	3079.00	3079.00	3079.00	3079.00	3079.00	3079.00	3079.00	3079.00	3078.00	3078.00	3078.00	3078.00	3078.00	3078.00	3077.00	3077.00	3077.00	3077.00	3077.00	3076.00	3076.00	3076.00	3076.00	3076.00	3076.00	3076.00	3075.00	3075.00	3075.00	3075.00	3075.00	3075.00	3074.00	3074.00	3074.00	3074.00	3073.00	3073.00	3073.00	3073.00	3073.00	3073.00	3072.00	3072.00	3072.00	3072.00	3072.00	3071.00	3071.00	3071.00	3071.00	3071.00	3071.00	3070.00	3070.00	3070.00	3070.00	3070.00	3069.00	3069.00	3069.00	3069.00	3069.00	3068.00	3068.00	3068.00	3068.00	3068.00	3067.00	3067.00	3067.00	3067.00	3067.00	3067.00	3067.00	3067.00	3067.00	3067.00	3067.00	3066.00	3066.00	3066.00	3066.00	3066.00	3066.00	3066.00	3066.00	3066.00	3065.00	3065.00	3065.00	3065.00	3065.00	3065.00	3064.00	3064.00	3064.00	3064.00	3064.00	3064.00	3064.00	3064.00	3064.00	3064.00	3064.00	3064.00	3064.00	3064.00	3064.00	3064.00	3064.00	3064.00	3064.00	3063.00	3063.00	3063.00	3063.00	3063.00	3063.00	3063.00	3063.00	3063.00	3063.00	3063.00	3063.00	3063.00	3063.00	3063.00	3063.00	3062.00	3062.00	3062.00	3062.00	3062.00	3062.00	3062.00	3062.00	3062.00	3061.00	3061.00	3061.00	3061.00	3061.00	3061.00	3061.00	3061.00	3061.00	3061.00	3061.00	3061.00	3061.00	3061.00	3061.00	3061.00	3061.00	3061.00	3061.00	3061.00	3061.00	3061.00	3061.00	3061.00	3061.00	3061.00	3060.00	3060.00	3060.00	3060.00	3060.00	3060.00	3060.00	3060.00	3060.00	3060.00	3060.00	3060.00	3060.00	3060.00	3060.00	3060.00	3060.00	3060.00	3059.00	3059.00	3059.00	3059.00	3059.00	3059.00	3059.00	3059.00	3059.00	3058.00	3058.00	3058.00	3059.00	3059.00	3059.00	3059.00	3059.00	3059.00	3059.00	3059.00	3059.00	3059.00	3059.00	3059.00	3059.00	3059.00	3059.00	3059.00	3059.00	3059.00	3059.00	3059.00	3059.00	3059.00	3058.00	3058.00	3058.00	3058.00	3058.00	3058.00	3058.00	3058.00	3058.00	3058.00	3059.00	3059.00	3059.00	3059.00	3059.00
3084.00	3084.00	3084.00	3084.00	3084.00	3083.00	3083.00	3083.00	3083.00	3083.00	3083.00	3083.00	3082.00	3082.00	3082.00	3082.00	3082.00	3081.00	3081.00	3081.00	3081.00	3080.00	3080.00	3080.00	3080.00	3079.00	3079.00	3079.00	3079.00	3079.00	3079.00	3079.00	3079.00	3078.00	3078.00	3078.00	3078.00	3078.00	3078.00	3077.00	3077.00	3077.00	3077.00	3077.00	3076.00	3076.00	3076.00	3076.00	3076.00	3076.00	3076.00	3075.00	3075.00	3075.00	3075.00	3075.00	3075.00	3074.00	3074.00	3074.00	3074.00	3073.00	3073.00	3073.00	3073.00	3073.00	3073.00	3072.00	3072.00	3072.00	3072.00	3072.00	3071.00	3071.00	3071.00	3071.00	3071.00	3071.00	3070.00	3070.00	3070.00	3070.00	3070.00	3069.00	3069.00	3069.00	3069.00	3069.00	3068.00	3068.00	3068.00	3068.00	3068.00	3067.00	3067.00	3067.00	3067.00	3067.00	3067.00	3067.00	3067.00	3067.00	3067.00	3067.00	3066.00	3066.00	3066.00	3066.00	3066.00	3066.00	3066.00	3066.00	3066.00	3065.00	3065.00	3065.00	3065.00	3065.00	3065.00	3064.00	3064.00	3064.00	3064.00	3064.00	3064.00	3064.00	3064.00	3064.00	3064.00	3064.00	3064.00	3064.00	3064.00	3064.00	3064.00	3064.00	3064.00	3064.00	3063.00	3063.00	3063.00	3063.00	3063.00	3063.00	3063.00	3063.00	3063.00	3063.00	3063.00	3063.00	3063.00	3063.00	3063.00	3063.00	3062.00	3062.00	3062.00	3062.00	3062.00	3062.00	3062.00	3062.00	3062.00	3061.00	3061.00	3061.00	3061.00	3061.00	3061.00	3061.00	3061.00	3061.00	3061.00	3061.00	3061.00	3061.00	3061.00	3061.00	3061.00	3061.00	3061.00	3061.00	3061.00	3061.00	3061.00	3061.00	3061.00	3061.00	3061.00	3060.00	3060.00	3060.00	3060.00	3060.00	3060.00	3060.00	3060.00	3060.00	3060.00	3060.00	3060.00	3060.00	3060.00	3060.00	3060.00	3060.00	3060.00	3059.00	3059.00	3059.00	3059.00	3059.00	3059.00	3059.00	3059.00	3059.00	3058.00	3058.00	3058.00	3059.00	3059.00	3059.00	3059.00	3059.00	3059.00	3059.00	3059.00	3059.00	3059.00	3059.00	3059.00	3059.00	3059.00	3059.00	3059.00	3059.00	3059.00	3059.00	3059.00	3059.00	3059.00	3058.00	3058.00	3058.00	3058.00	3058.00	3058.00	3058.00	3058.00	3058.00	3058.00	3059.00	3059.00	3059.00	3059.00	3059.00
3084.00	3084.00	3084.00	3084.00	3084.00	3083.00	3083.00	3083.00	3083.00	3083.00	3083.00	3083.00	3082.00	3082.00	3082.00	3082.00	3082.00	3081.00	3081.00	3081.00	3081.00	3080.00	3080.00	3080.00	3080.00	3079.00	3079.00	3079.00	3079.00	3079.00	3079.00	3079.00	3079.00	3078.00	3078.00	3078.00	3078.00	3078.00	3078.00	3077.00	3077.00	3077.00	3077.00	3077.00	3076.00	3076.00	3076.00	3076.00	3076.00	3076.00	3076.00	3075.00	3075.00	3075.00	3075.00	3075.00	3075.00	3074.00	3074.00	3074.00	3074.00	3073.00	3073.00	3073.00	3073.00	3073.00	3073.00	3072.00	3072.00	3072.00	3072.00	3072.00	3071.00	3071.00	3071.00	3071.00	3071.00	3071.00	3070.00	3070.00	3070.00	3070.00	3070.00	3069.00	3069.00	3069.00	3069.00	3069.00	3068.00	3068.00	3068.00	3068.00	3068.00	3067.00	3067.00	3067.00	3067.00	3067.00	3067.00	3067.00	3067.00	3067.00	3067.00	3067.00	3066.00	3066.00	3066.00	3066.00	3066.00	3066.00	3066.00	3066.00	3066.00	3065.00	3065.00	3065.00	3065.00	3065.00	3065.00	3064.00	3064.00	3064.00	3064.00	3064.00	3064.00	3064.00	3064.00	3064.00	3064.00	3064.00	3064.00	3064.00	3064.00	3064.00	3064.00	3064.00	3064.00	3064.00	3063.00	3063.00	3063.00	3063.00	3063.00	3063.00	3063.00	3063.00	3063.00	3063.00	3063.00	3063.00	3063.00	3063.00	3063.00	3063.00	3062.00	3062.00	3062.00	3062.00	3062.00	3062.00	3062.00	3062.00	3062.00	3061.00	3061.00	3061.00	3061.00	3061.00	3061.00	3061.00	3061.00	3061.00	3061.00	3061.00	3061.00	3061.00	3061.00	3061.00	3061.00	3061.00	3061.00	3061.00	3061.00	3061.00	3061.00	3061.00	3061.00	3061.00	3061.00	3060.00	3060.00	3060.00	3060.00	3060.00	3060.00	3060.00	3060.00	3060.00	3060.00	3060.00	3060.00	3060.00	3060.00	3060.00	3060.00	3060.00	3060.00	3059.00	3059.00	3059.00	3059.00	3059.00	3059.00	3059.00	3059.00	3059.00	3058.00	3058.00	3058.00	3059.00	3059.00	3059.00	3059.00	3059.00	3059.00	3059.00	3059.00	3059.00	3059.00	3059.00	3059.00	3059.00	3059.00	3059.00	3059.00	3059.00	3059.00	3059.00	3059.00	3059.00	3059.00	3058.00	3058.00	3058.00	3058.00	3058.00	3058.00	3058.00	3058.00	3058.00	3058.00	3059.00	3059.00	3059.00	3059.00	3059.00
3084.00	3084.00	3084.00	3084.00	3084.00	3083.00	3083.00	3083.00	3083.00	3083.00	3083.00	3083.00	3082.00	3082.00	3082.00	3082.00	3082.00	3081.00	3081.00	3081.00	3081.00	3080.00	3080.00	3080.00	3080.00	3079.00	3079.00	3079.00	3079.00	3079.00	3079.00	3079.00	3079.00	3078.00	3078.00	3078.00	3078.00	3078.00	3078.00	3077.00	3077.00	3077.00	3077.00	3077.00	3076.00	3076.00	3076.00	3076.00	3076.00	3076.00	3076.00	3075.00	3075.00	3075.00	3075.00	3075.00	3075.00	3074.00	3074.00	3074.00	3074.00	3073.00	3073.00	3073.00	3073.00	3073.00	3073.00	3072.00	3072.00	3072.00	3072.00	3072.00	3071.00	3071.00	3071.00	3071.00	3071.00	3071.00	3070.00	3070.00	3070.00	3070.00	3070.00	3069.00	3069.00	3069.00	3069.00	3069.00	3068.00	3068.00	3068.00	3068.00	3068.00	3067.00	3067.00	3067.00	3067.00	3067.00	3067.00	3067.00	3067.00	3067.00	3067.00	3067.00	3066.00	3066.00	3066.00	3066.00	3066.00	3066.00	3066.00	3066.00	3066.00	3065.00	3065.00	3065.00	3065.00	3065.00	3065.00	3064.00	3064.00	3064.00	3064.00	3064.00	3064.00	3064.00	3064.00	3064.00	3064.00	3064.00	3064.00	3064.00	3064.00	3064.00	3064.00	3064.00	3064.00	3064.00	3063.00	3063.00	3063.00	3063.00	3063.00	3063.00	3063.00	3063.00	3063.00	3063.00	3063.00	3063.00	3063.00	3063.00	3063.00	3063.00	3062.00	3062.00	3062.00	3062.00	3062.00	3062.00	3062.00	3062.00	3062.00	3061.00	3061.00	3061.00	3061.00	3061.00	3061.00	3061.00	3061.00	3061.00	3061.00	3061.00	3061.00	3061.00	3061.00	3061.00	3061.00	3061.00	3061.00	3061.00	3061.00	3061.00	3061.00	3061.00	3061.00	3061.00	3061.00	3060.00	3060.00	3060.00	3060.00	3060.00	3060.00	3060.00	3060.00	3060.00	3060.00	3060.00	3060.00	3060.00	3060.00	3060.00	3060.00	3060.00	3060.00	3059.00	3059.00	3059.00	3059.00	3059.00	3059.00	3059.00	3059.00	3059.00	3058.00	3058.00	3058.00	3059.00	3059.00	3059.00	3059.00	3059.00	3059.00	3059.00	3059.00	3059.00	3059.00	3059.00	3059.00	3059.00	3059.00	3059.00	3059.00	3059.00	3059.00	3059.00	3059.00	3059.00	3059.00	3058.00	3058.00	3058.00	3058.00	3058.00	3058.00	3058.00	3058.00	3058.00	3058.00	3059.00	3059.00	3059.00	3059.00	3059.00
3084.00	3084.00	3084.00	3084.00	3084.00	3083.00	3083.00	3083.00	3083.00	3083.00	3083.00	3083.00	3082.00	3082.00	3082.00	3082.00	3082.00	3081.00	3081.00	3081.00	3081.00	3080.00	3080.00	3080.00	3080.00	3079.00	3079.00	3079.00	3079.00	3079.00	3079.00	3079.00	3079.00	3078.00	3078.00	3078.00	3078.00	3078.00	3078.00	3077.00	3077.00	3077.00	3077.00	3077.00	3076.00	3076.00	3076.00	3076.00	3076.00	3076.00	3076.00	3075.00	3075.00	3075.00	3075.00	3075.00	3075.00	3074.00	3074.00	3074.00	3074.00	3073.00	3073.00	3073.00	3073.00	3073.00	3073.00	3072.00	3072.00	3072.00	3072.00	3072.00	3071.00	3071.00	3071.00	3071.00	3071.00	3071.00	3070.00	3070.00	3070.00	3070.00	3070.00	3069.00	3069.00	3069.00	3069.00	3069.00	3068.00	3068.00	3068.00	3068.00	3068.00	3067.00	3067.00	3067.00	3067.00	3067.00	3067.00	3067.00	3067.00	3067.00	3067.00	3067.00	3066.00	3066.00	3066.00	3066.00	3066.00	3066.00	3066.00	3066.00	3066.00	3065.00	3065.00	3065.00	3065.00	3065.00	3065.00	3064.00	3064.00	3064.00	3064.00	3064.00	3064.00	3064.00	3064.00	3064.00	3064.00	3064.00	3064.00	3064.00	3064.00	3064.00	3064.00	3064.00	3064.00	3064.00	3063.00	3063.00	3063.00	3063.00	3063.00	3063.00	3063.00	3063.00	3063.00	3063.00	3063.00	3063.00	3063.00	3063.00	3063.00	3063.00	3062.00	3062.00	3062.00	3062.00	3062.00	3062.00	3062.00	3062.00	3062.00	3061.00	3061.00	3061.00	3061.00	3061.00	3061.00	3061.00	3061.00	3061.00	3061.00	3061.00	3061.00	3061.00	3061.00	3061.00	3061.00	3061.00	3061.00	3061.00	3061.00	3061.00	3061.00	3061.00	3061.00	3061.00	3061.00	3060.00	3060.00	3060.00	3060.00	3060.00	3060.00	3060.00	3060.00	3060.00	3060.00	3060.00	3060.00	3060.00	3060.00	3060.00	3060.00	3060.00	3060.00	3059.00	3059.00	3059.00	3059.00	3059.00	3059.00	3059.00	3059.00	3059.00	3058.00	3058.00	3058.00	3059.00	3059.00	3059.00	3059.00	3059.00	3059.00	3059.00	3059.00	3059.00	3059.00	3059.00	3059.00	3059.00	3059.00	3059.00	3059.00	3059.00	3059.00	3059.00	3059.00	3059.00	3059.00	3058.00	3058.00	3058.00	3058.00	3058.00	3058.00	3058.00	3058.00	3058.00	3058.00	3059.00	3059.00	3059.00	3059.00	3059.00
3084.00	3084.00	3084.00	3084.00	3084.00	3083.00	3083.00	3083.00	3083.00	3083.00	3083.00	3083.00	3082.00	3082.00	3082.00	3082.00	3082.00	3081.00	3081.00	3081.00	3081.00	3080.00	3080.00	3080.00	3080.00	3079.00	3079.00	3079.00	3079.00	3079.00	3079.00	3079.00	3079.00	3078.00	3078.00	3078.00	3078.00	3078.00	3078.00	3077.00	3077.00	3077.00	3077.00	3077.00	3076.00	3076.00	3076.00	3076.00	3076.00	3076.00	3076.00	3075.00	3075.00	3075.00	3075.00	3075.00	3075.00	3074.00	3074.00	3074.00	3074.00	3073.00	3073.00	3073.00	3073.00	3073.00	3073.00	3072.00	3072.00	3072.00	3072.00	3072.00	3071.00	3071.00	3071.00	3071.00	3071.00	3071.00	3070.00	3070.00	3070.00	3070.00	3070.00	3069.00	3069.00	3069.00	3069.00	3069.00	3068.00	3068.00	3068.00	3068.00	3068.00	3067.00	3067.00	3067.00	3067.00	3067.00	3067.00	3067.00	3067.00	3067.00	3067.00	3067.00	3066.00	3066.00	3066.00	3066.00	3066.00	3066.00	3066.00	3066.00	3066.00	3065.00	3065.00	3065.00	3065.00	3065.00	3065.00	3064.00	3064.00	3064.00	3064.00	3064.00	3064.00	3064.00	3064.00	3064.00	3064.00	3064.00	3064.00	3064.00	3064.00	3064.00	3064.00	3064.00	3064.00	3064.00	3063.00	3063.00	3063.00	3063.00	3063.00	3063.00	3063.00	3063.00	3063.00	3063.00	3063.00	3063.00	3063.00	3063.00	3063.00	3063.00	3062.00	3062.00	3062.00	3062.00	3062.00	3062.00	3062.00	3062.00	3062.00	3061.00	3061.00	3061.00	3061.00	3061.00	3061.00	3061.00	3061.00	3061.00	3061.00	3061.00	3061.00	3061.00	3061.00	3061.00	3061.00	3061.00	3061.00	3061.00	3061.00	3061.00	3061.00	3061.00	3061.00	3061.00	3061.00	3060.00	3060.00	3060.00	3060.00	3060.00	3060.00	3060.00	3060.00	3060.00	3060.00	3060.00	3060.00	3060.00	3060.00	3060.00	3060.00	3060.00	3060.00	3059.00	3059.00	3059.00	3059.00	3059.00	3059.00	3059.00	3059.00	3059.00	3058.00	3058.00	3058.00	3059.00	3059.00	3059.00	3059.00	3059.00	3059.00	3059.00	3059.00	3059.00	3059.00	3059.00	3059.00	3059.00	3059.00	3059.00	3059.00	3059.00	3059.00	3059.00	3059.00	3059.00	3059.00	3058.00	3058.00	3058.00	3058.00	3058.00	3058.00	3058.00	3058.00	3058.00	3058.00	3059.00	3059.00	3059.00	3059.00	3059.00
3084.00	3084.00	3084.00	3084.00	3084.00	3083.00	3083.00	3083.00	3083.00	3083.00	3083.00	3083.00	3082.00	3082.00	3082.00	3082.00	3082.00	3081.00	3081.00	3081.00	3081.00	3080.00	3080.00	3080.00	3080.00	3079.00	3079.00	3079.00	3079.00	3079.00	3079.00	3079.00	3079.00	3078.00	3078.00	3078.00	3078.00	3078.00	3078.00	3077.00	3077.00	3077.00	3077.00	3077.00	3076.00	3076.00	3076.00	3076.00	3076.00	3076.00	3076.00	3075.00	3075.00	3075.00	3075.00	3075.00	3075.00	3074.00	3074.00	3074.00	3074.00	3073.00	3073.00	3073.00	3073.00	3073.00	3073.00	3072.00	3072.00	3072.00	3072.00	3072.00	3071.00	3071.00	3071.00	3071.00	3071.00	3071.00	3070.00	3070.00	3070.00	3070.00	3070.00	3069.00	3069.00	3069.00	3069.00	3069.00	3068.00	3068.00	3068.00	3068.00	3068.00	3067.00	3067.00	3067.00	3067.00	3067.00	3067.00	3067.00	3067.00	3067.00	3067.00	3067.00	3066.00	3066.00	3066.00	3066.00	3066.00	3066.00	3066.00	3066.00	3066.00	3065.00	3065.00	3065.00	3065.00	3065.00	3065.00	3064.00	3064.00	3064.00	3064.00	3064.00	3064.00	3064.00	3064.00	3064.00	3064.00	3064.00	3064.00	3064.00	3064.00	3064.00	3064.00	3064.00	3064.00	3064.00	3063.00	3063.00	3063.00	3063.00	3063.00	3063.00	3063.00	3063.00	3063.00	3063.00	3063.00	3063.00	3063.00	3063.00	3063.00	3063.00	3062.00	3062.00	3062.00	3062.00	3062.00	3062.00	3062.00	3062.00	3062.00	3061.00	3061.00	3061.00	3061.00	3061.00	3061.00	3061.00	3061.00	3061.00	3061.00	3061.00	3061.00	3061.00	3061.00	3061.00	3061.00	3061.00	3061.00	3061.00	3061.00	3061.00	3061.00	3061.00	3061.00	3061.00	3061.00	3060.00	3060.00	3060.00	3060.00	3060.00	3060.00	3060.00	3060.00	3060.00	3060.00	3060.00	3060.00	3060.00	3060.00	3060.00	3060.00	3060.00	3060.00	3059.00	3059.00	3059.00	3059.00	3059.00	3059.00	3059.00	3059.00	3059.00	3058.00	3058.00	3058.00	3059.00	3059.00	3059.00	3059.00	3059.00	3059.00	3059.00	3059.00	3059.00	3059.00	3059.00	3059.00	3059.00	3059.00	3059.00	3059.00	3059.00	3059.00	3059.00	3059.00	3059.00	3059.00	3058.00	3058.00	3058.00	3058.00	3058.00	3058.00	3058.00	3058.00	3058.00	3058.00	3059.00	3059.00	3059.00	3059.00	3059.00
3084.00	3084.00	3084.00	3084.00	3084.00	3083.00	3083.00	3083.00	3083.00	3083.00	3083.00	3083.00	3082.00	3082.00	3082.00	3082.00	3082.00	3081.00	3081.00	3081.00	3081.00	3080.00	3080.00	3080.00	3080.00	3079.00	3079.00	3079.00	3079.00	3079.00	3079.00	3079.00	3079.00	3078.00	3078.00	3078.00	3078.00	3078.00	3078.00	3077.00	3077.00	3077.00	3077.00	3077.00	3076.00	3076.00	3076.00	3076.00	3076.00	3076.00	3076.00	3075.00	3075.00	3075.00	3075.00	3075.00	3075.00	3074.00	3074.00	3074.00	3074.00	3073.00	3073.00	3073.00	3073.00	3073.00	3073.00	3072.00	3072.00	3072.00	3072.00	3072.00	3071.00	3071.00	3071.00	3071.00	3071.00	3071.00	3070.00	3070.00	3070.00	3070.00	3070.00	3069.00	3069.00	3069.00	3069.00	3069.00	3068.00	3068.00	3068.00	3068.00	3068.00	3067.00	3067.00	3067.00	3067.00	3067.00	3067.00	3067.00	3067.00	3067.00	3067.00	3067.00	3066.00	3066.00	3066.00	3066.00	3066.00	3066.00	3066.00	3066.00	3066.00	3065.00	3065.00	3065.00	3065.00	3065.00	3065.00	3064.00	3064.00	3064.00	3064.00	3064.00	3064.00	3064.00	3064.00	3064.00	3064.00	3064.00	3064.00	3064.00	3064.00	3064.00	3064.00	3064.00	3064.00	3064.00	3063.00	3063.00	3063.00	3063.00	3063.00	3063.00	3063.00	3063.00	3063.00	3063.00	3063.00	3063.00	3063.00	3063.00	3063.00	3063.00	3062.00	3062.00	3062.00	3062.00	3062.00	3062.00	3062.00	3062.00	3062.00	3061.00	3061.00	3061.00	3061.00	3061.00	3061.00	3061.00	3061.00	3061.00	3061.00	3061.00	3061.00	3061.00	3061.00	3061.00	3061.00	3061.00	3061.00	3061.00	3061.00	3061.00	3061.00	3061.00	3061.00	3061.00	3061.00	3060.00	3060.00	3060.00	3060.00	3060.00	3060.00	3060.00	3060.00	3060.00	3060.00	3060.00	3060.00	3060.00	3060.00	3060.00	3060.00	3060.00	3060.00	3059.00	3059.00	3059.00	3059.00	3059.00	3059.00	3059.00	3059.00	3059.00	3058.00	3058.00	3058.00	3059.00	3059.00	3059.00	3059.00	3059.00	3059.00	3059.00	3059.00	3059.00	3059.00	3059.00	3059.00	3059.00	3059.00	3059.00	3059.00	3059.00	3059.00	3059.00	3059.00	3059.00	3059.00	3058.00	3058.00	3058.00	3058.00	3058.00	3058.00	3058.00	3058.00	3058.00	3058.00	3059.00	3059.00	3059.00	3059.00	3059.00
3084.00	3084.00	3084.00	3084.00	3084.00	3083.00	3083.00	3083.00	3083.00	3083.00	3083.00	3083.00	3082.00	3082.00	3082.00	3082.00	3082.00	3081.00	3081.00	3081.00	3081.00	3080.00	3080.00	3080.00	3080.00	3079.00	3079.00	3079.00	3079.00	3079.00	3079.00	3079.00	3079.00	3078.00	3078.00	3078.00	3078.00	3078.00	3078.00	3077.00	3077.00	3077.00	3077.00	3077.00	3076.00	3076.00	3076.00	3076.00	3076.00	3076.00	3076.00	3075.00	3075.00	3075.00	3075.00	3075.00	3075.00	3074.00	3074.00	3074.00	3074.00	3073.00	3073.00	3073.00	3073.00	3073.00	3073.00	3072.00	3072.00	3072.00	3072.00	3072.00	3071.00	3071.00	3071.00	3071.00	3071.00	3071.00	3070.00	3070.00	3070.00	3070.00	3070.00	3069.00	3069.00	3069.00	3069.00	3069.00	3068.00	3068.00	3068.00	3068.00	3068.00	3067.00	3067.00	3067.00	3067.00	3067.00	3067.00	3067.00	3067.00	3067.00	3067.00	3067.00	3066.00	3066.00	3066.00	3066.00	3066.00	3066.00	3066.00	3066.00	3066.00	3065.00	3065.00	3065.00	3065.00	3065.00	3065.00	3064.00	3064.00	3064.00	3064.00	3064.00	3064.00	3064.00	3064.00	3064.00	3064.00	3064.00	3064.00	3064.00	3064.00	3064.00	3064.00	3064.00	3064.00	3064.00	3063.00	3063.00	3063.00	3063.00	3063.00	3063.00	3063.00	3063.00	3063.00	3063.00	3063.00	3063.00	3063.00	3063.00	3063.00	3063.00	3062.00	3062.00	3062.00	3062.00	3062.00	3062.00	3062.00	3062.00	3062.00	3061.00	3061.00	3061.00	3061.00	3061.00	3061.00	3061.00	3061.00	3061.00	3061.00	3061.00	3061.00	3061.00	3061.00	3061.00	3061.00	3061.00	3061.00	3061.00	3061.00	3061.00	3061.00	3061.00	3061.00	3061.00	3061.00	3060.00	3060.00	3060.00	3060.00	3060.00	3060.00	3060.00	3060.00	3060.00	3060.00	3060.00	3060.00	3060.00	3060.00	3060.00	3060.00	3060.00	3060.00	3059.00	3059.00	3059.00	3059.00	3059.00	3059.00	3059.00	3059.00	3059.00	3058.00	3058.00	3058.00	3059.00	3059.00	3059.00	3059.00	3059.00	3059.00	3059.00	3059.00	3059.00	3059.00	3059.00	3059.00	3059.00	3059.00	3059.00	3059.00	3059.00	3059.00	3059.00	3059.00	3059.00	3059.00	3058.00	3058.00	3058.00	3058.00	3058.00	3058.00	3058.00	3058.00	3058.00	3058.00	3059.00	3059.00	3059.00	3059.00	3059.00
3084.00	3084.00	3084.00	3084.00	3084.00	3083.00	3083.00	3083.00	3083.00	3083.00	3083.00	3083.00	3082.00	3082.00	3082.00	3082.00	3082.00	3081.00	3081.00	3081.00	3081.00	3080.00	3080.00	3080.00	3080.00	3079.00	3079.00	3079.00	3079.00	3079.00	3079.00	3079.00	3079.00	3078.00	3078.00	3078.00	3078.00	3078.00	3078.00	3077.00	3077.00	3077.00	3077.00	3077.00	3076.00	3076.00	3076.00	3076.00	3076.00	3076.00	3076.00	3075.00	3075.00	3075.00	3075.00	3075.00	3075.00	3074.00	3074.00	3074.00	3074.00	3073.00	3073.00	3073.00	3073.00	3073.00	3073.00	3072.00	3072.00	3072.00	3072.00	3072.00	3071.00	3071.00	3071.00	3071.00	3071.00	3071.00	3070.00	3070.00	3070.00	3070.00	3070.00	3069.00	3069.00	3069.00	3069.00	3069.00	3068.00	3068.00	3068.00	3068.00	3068.00	3067.00	3067.00	3067.00	3067.00	3067.00	3067.00	3067.00	3067.00	3067.00	3067.00	3067.00	3066.00	3066.00	3066.00	3066.00	3066.00	3066.00	3066.00	3066.00	3066.00	3065.00	3065.00	3065.00	3065.00	3065.00	3065.00	3064.00	3064.00	3064.00	3064.00	3064.00	3064.00	3064.00	3064.00	3064.00	3064.00	3064.00	3064.00	3064.00	3064.00	3064.00	3064.00	3064.00	3064.00	3064.00	3063.00	3063.00	3063.00	3063.00	3063.00	3063.00	3063.00	3063.00	3063.00	3063.00	3063.00	3063.00	3063.00	3063.00	3063.00	3063.00	3062.00	3062.00	3062.00	3062.00	3062.00	3062.00	3062.00	3062.00	3062.00	3061.00	3061.00	3061.00	3061.00	3061.00	3061.00	3061.00	3061.00	3061.00	3061.00	3061.00	3061.00	3061.00	3061.00	3061.00	3061.00	3061.00	3061.00	3061.00	3061.00	3061.00	3061.00	3061.00	3061.00	3061.00	3061.00	3060.00	3060.00	3060.00	3060.00	3060.00	3060.00	3060.00	3060.00	3060.00	3060.00	3060.00	3060.00	3060.00	3060.00	3060.00	3060.00	3060.00	3060.00	3059.00	3059.00	3059.00	3059.00	3059.00	3059.00	3059.00	3059.00	3059.00	3058.00	3058.00	3058.00	3059.00	3059.00	3059.00	3059.00	3059.00	3059.00	3059.00	3059.00	3059.00	3059.00	3059.00	3059.00	3059.00	3059.00	3059.00	3059.00	3059.00	3059.00	3059.00	3059.00	3059.00	3059.00	3058.00	3058.00	3058.00	3058.00	3058.00	3058.00	3058.00	3058.00	3058.00	3058.00	3059.00	3059.00	3059.00	3059.00	3059.00
3083.00	3083.00	3082.00	3082.00	3082.00	3082.00	3082.00	3082.00	3081.00	3081.00	3081.00	3081.00	3080.00	3080.00	3080.00	3080.00	3080.00	3080.00	3080.00	3079.00	3079.00	3079.00	3079.00	3078.00	3078.00	3078.00	3078.00	3078.00	3078.00	3078.00	3078.00	3077.00	3077.00	3077.00	3077.00	3077.00	3077.00	3076.00	3076.00	3076.00	3076.00	3076.00	3075.00	3075.00	3074.00	3074.00	3074.00	3074.00	3074.00	3074.00	3074.00	3073.00	3073.00	3073.00	3073.00	3073.00	3073.00	3072.00	3072.00	3072.00	3072.00	3071.00	3071.00	3071.00	3071.00	3071.00	3071.00	3070.00	3070.00	3070.00	3070.00	3070.00	3069.00	3069.00	3069.00	3069.00	3069.00	3069.00	3068.00	3068.00	3068.00	3068.00	3068.00	3067.00	3067.00	3067.00	3067.00	3067.00	3066.00	3066.00	3066.00	3066.00	3066.00	3066.00	3066.00	3066.00	3065.00	3065.00	3065.00	3065.00	3065.00	3065.00	3065.00	3065.00	3065.00	3065.00	3064.00	3064.00	3064.00	3064.00	3064.00	3064.00	3064.00	3064.00	3064.00	3064.00	3063.00	3063.00	3063.00	3063.00	3063.00	3063.00	3063.00	3063.00	3063.00	3063.00	3063.00	3063.00	3063.00	3063.00	3063.00	3063.00	3063.00	3063.00	3063.00	3063.00	3062.00	3062.00	3062.00	3062.00	3062.00	3062.00	3062.00	3062.00	3062.00	3062.00	3062.00	3062.00	3062.00	3062.00	3062.00	3062.00	3062.00	3062.00	3062.00	3062.00	3062.00	3062.00	3062.00	3062.00	3061.00	3061.00	3061.00	3061.00	3061.00	3061.00	3061.00	3061.00	3061.00	3061.00	3061.00	3061.00	3061.00	3061.00	3061.00	3061.00	3061.00	3061.00	3061.00	3061.00	3061.00	3061.00	3061.00	3061.00	3061.00	3061.00	3060.00	3060.00	3060.00	3060.00	3060.00	3060.00	3060.00	3060.00	3060.00	3059.00	3059.00	3059.00	3059.00	3059.00	3059.00	3059.00	3059.00	3059.00	3059.00	3059.00	3059.00	3059.00	3059.00	3059.00	3059.00	3059.00	3059.00	3058.00	3058.00	3058.00	3058.00	3058.00	3058.00	3058.00	3058.00	3058.00	3057.00	3057.00	3057.00	3057.00	3057.00	3058.00	3058.00	3058.00	3058.00	3058.00	3058.00	3058.00	3058.00	3058.00	3058.00	3058.00	3058.00	3058.00	3058.00	3058.00	3058.00	3058.00	3058.00	3058.00	3057.00	3057.00	3057.00	3057.00	3057.00	3057.00	3057.00	3057.00	3057.00	3058.00
3083.00	3083.00	3082.00	3082.00	3082.00	3082.00	3082.00	3082.00	3081.00	3081.00	3081.00	3081.00	3080.00	3080.00	3080.00	3080.00	3080.00	3080.00	3080.00	3079.00	3079.00	3079.00	3079.00	3078.00	3078.00	3078.00	3078.00	3078.00	3078.00	3078.00	3078.00	3077.00	3077.00	3077.00	3077.00	3077.00	3077.00	3076.00	3076.00	3076.00	3076.00	3076.00	3075.00	3075.00	3074.00	3074.00	3074.00	3074.00	3074.00	3074.00	3074.00	3073.00	3073.00	3073.00	3073.00	3073.00	3073.00	3072.00	3072.00	3072.00	3072.00	3071.00	3071.00	3071.00	3071.00	3071.00	3071.00	3070.00	3070.00	3070.00	3070.00	3070.00	3069.00	3069.00	3069.00	3069.00	3069.00	3069.00	3068.00	3068.00	3068.00	3068.00	3068.00	3067.00	3067.00	3067.00	3067.00	3067.00	3066.00	3066.00	3066.00	3066.00	3066.00	3066.00	3066.00	3066.00	3065.00	3065.00	3065.00	3065.00	3065.00	3065.00	3065.00	3065.00	3065.00	3065.00	3064.00	3064.00	3064.00	3064.00	3064.00	3064.00	3064.00	3064.00	3064.00	3064.00	3063.00	3063.00	3063.00	3063.00	3063.00	3063.00	3063.00	3063.00	3063.00	3063.00	3063.00	3063.00	3063.00	3063.00	3063.00	3063.00	3063.00	3063.00	3063.00	3063.00	3062.00	3062.00	3062.00	3062.00	3062.00	3062.00	3062.00	3062.00	3062.00	3062.00	3062.00	3062.00	3062.00	3062.00	3062.00	3062.00	3062.00	3062.00	3062.00	3062.00	3062.00	3062.00	3062.00	3062.00	3061.00	3061.00	3061.00	3061.00	3061.00	3061.00	3061.00	3061.00	3061.00	3061.00	3061.00	3061.00	3061.00	3061.00	3061.00	3061.00	3061.00	3061.00	3061.00	3061.00	3061.00	3061.00	3061.00	3061.00	3061.00	3061.00	3060.00	3060.00	3060.00	3060.00	3060.00	3060.00	3060.00	3060.00	3060.00	3059.00	3059.00	3059.00	3059.00	3059.00	3059.00	3059.00	3059.00	3059.00	3059.00	3059.00	3059.00	3059.00	3059.00	3059.00	3059.00	3059.00	3059.00	3058.00	3058.00	3058.00	3058.00	3058.00	3058.00	3058.00	3058.00	3058.00	3057.00	3057.00	3057.00	3057.00	3057.00	3058.00	3058.00	3058.00	3058.00	3058.00	3058.00	3058.00	3058.00	3058.00	3058.00	3058.00	3058.00	3058.00	3058.00	3058.00	3058.00	3058.00	3058.00	3058.00	3057.00	3057.00	3057.00	3057.00	3057.00	3057.00	3057.00	3057.00	3057.00	3058.00
3083.00	3083.00	3082.00	3082.00	3082.00	3082.00	3082.00	3082.00	3081.00	3081.00	3081.00	3081.00	3080.00	3080.00	3080.00	3080.00	3080.00	3080.00	3080.00	3079.00	3079.00	3079.00	3079.00	3078.00	3078.00	3078.00	3078.00	3078.00	3078.00	3078.00	3078.00	3077.00	3077.00	3077.00	3077.00	3077.00	3077.00	3076.00	3076.00	3076.00	3076.00	3076.00	3075.00	3075.00	3074.00	3074.00	3074.00	3074.00	3074.00	3074.00	3074.00	3073.00	3073.00	3073.00	3073.00	3073.00	3073.00	3072.00	3072.00	3072.00	3072.00	3071.00	3071.00	3071.00	3071.00	3071.00	3071.00	3070.00	3070.00	3070.00	3070.00	3070.00	3069.00	3069.00	3069.00	3069.00	3069.00	3069.00	3068.00	3068.00	3068.00	3068.00	3068.00	3067.00	3067.00	3067.00	3067.00	3067.00	3066.00	3066.00	3066.00	3066.00	3066.00	3066.00	3066.00	3066.00	3065.00	3065.00	3065.00	3065.00	3065.00	3065.00	3065.00	3065.00	3065.00	3065.00	3064.00	3064.00	3064.00	3064.00	3064.00	3064.00	3064.00	3064.00	3064.00	3064.00	3063.00	3063.00	3063.00	3063.00	3063.00	3063.00	3063.00	3063.00	3063.00	3063.00	3063.00	3063.00	3063.00	3063.00	3063.00	3063.00	3063.00	3063.00	3063.00	3063.00	3062.00	3062.00	3062.00	3062.00	3062.00	3062.00	3062.00	3062.00	3062.00	3062.00	3062.00	3062.00	3062.00	3062.00	3062.00	3062.00	3062.00	3062.00	3062.00	3062.00	3062.00	3062.00	3062.00	3062.00	3061.00	3061.00	3061.00	3061.00	3061.00	3061.00	3061.00	3061.00	3061.00	3061.00	3061.00	3061.00	3061.00	3061.00	3061.00	3061.00	3061.00	3061.00	3061.00	3061.00	3061.00	3061.00	3061.00	3061.00	3061.00	3061.00	3060.00	3060.00	3060.00	3060.00	3060.00	3060.00	3060.00	3060.00	3060.00	3059.00	3059.00	3059.00	3059.00	3059.00	3059.00	3059.00	3059.00	3059.00	3059.00	3059.00	3059.00	3059.00	3059.00	3059.00	3059.00	3059.00	3059.00	3058.00	3058.00	3058.00	3058.00	3058.00	3058.00	3058.00	3058.00	3058.00	3057.00	3057.00	3057.00	3057.00	3057.00	3058.00	3058.00	3058.00	3058.00	3058.00	3058.00	3058.00	3058.00	3058.00	3058.00	3058.00	3058.00	3058.00	3058.00	3058.00	3058.00	3058.00	3058.00	3058.00	3057.00	3057.00	3057.00	3057.00	3057.00	3057.00	3057.00	3057.00	3057.00	3058.00
3083.00	3083.00	3082.00	3082.00	3082.00	3082.00	3082.00	3082.00	3081.00	3081.00	3081.00	3081.00	3080.00	3080.00	3080.00	3080.00	3080.00	3080.00	3080.00	3079.00	3079.00	3079.00	3079.00	3078.00	3078.00	3078.00	3078.00	3078.00	3078.00	3078.00	3078.00	3077.00	3077.00	3077.00	3077.00	3077.00	3077.00	3076.00	3076.00	3076.00	3076.00	3076.00	3075.00	3075.00	3074.00	3074.00	3074.00	3074.00	3074.00	3074.00	3074.00	3073.00	3073.00	3073.00	3073.00	3073.00	3073.00	3072.00	3072.00	3072.00	3072.00	3071.00	3071.00	3071.00	3071.00	3071.00	3071.00	3070.00	3070.00	3070.00	3070.00	3070.00	3069.00	3069.00	3069.00	3069.00	3069.00	3069.00	3068.00	3068.00	3068.00	3068.00	3068.00	3067.00	3067.00	3067.00	3067.00	3067.00	3066.00	3066.00	3066.00	3066.00	3066.00	3066.00	3066.00	3066.00	3065.00	3065.00	3065.00	3065.00	3065.00	3065.00	3065.00	3065.00	3065.00	3065.00	3064.00	3064.00	3064.00	3064.00	3064.00	3064.00	3064.00	3064.00	3064.00	3064.00	3063.00	3063.00	3063.00	3063.00	3063.00	3063.00	3063.00	3063.00	3063.00	3063.00	3063.00	3063.00	3063.00	3063.00	3063.00	3063.00	3063.00	3063.00	3063.00	3063.00	3062.00	3062.00	3062.00	3062.00	3062.00	3062.00	3062.00	3062.00	3062.00	3062.00	3062.00	3062.00	3062.00	3062.00	3062.00	3062.00	3062.00	3062.00	3062.00	3062.00	3062.00	3062.00	3062.00	3062.00	3061.00	3061.00	3061.00	3061.00	3061.00	3061.00	3061.00	3061.00	3061.00	3061.00	3061.00	3061.00	3061.00	3061.00	3061.00	3061.00	3061.00	3061.00	3061.00	3061.00	3061.00	3061.00	3061.00	3061.00	3061.00	3061.00	3060.00	3060.00	3060.00	3060.00	3060.00	3060.00	3060.00	3060.00	3060.00	3059.00	3059.00	3059.00	3059.00	3059.00	3059.00	3059.00	3059.00	3059.00	3059.00	3059.00	3059.00	3059.00	3059.00	3059.00	3059.00	3059.00	3059.00	3058.00	3058.00	3058.00	3058.00	3058.00	3058.00	3058.00	3058.00	3058.00	3057.00	3057.00	3057.00	3057.00	3057.00	3058.00	3058.00	3058.00	3058.00	3058.00	3058.00	3058.00	3058.00	3058.00	3058.00	3058.00	3058.00	3058.00	3058.00	3058.00	3058.00	3058.00	3058.00	3058.00	3057.00	3057.00	3057.00	3057.00	3057.00	3057.00	3057.00	3057.00	3057.00	3058.00
3083.00	3083.00	3082.00	3082.00	3082.00	3082.00	3082.00	3082.00	3081.00	3081.00	3081.00	3081.00	3080.00	3080.00	3080.00	3080.00	3080.00	3080.00	3080.00	3079.00	3079.00	3079.00	3079.00	3078.00	3078.00	3078.00	3078.00	3078.00	3078.00	3078.00	3078.00	3077.00	3077.00	3077.00	3077.00	3077.00	3077.00	3076.00	3076.00	3076.00	3076.00	3076.00	3075.00	3075.00	3074.00	3074.00	3074.00	3074.00	3074.00	3074.00	3074.00	3073.00	3073.00	3073.00	3073.00	3073.00	3073.00	3072.00	3072.00	3072.00	3072.00	3071.00	3071.00	3071.00	3071.00	3071.00	3071.00	3070.00	3070.00	3070.00	3070.00	3070.00	3069.00	3069.00	3069.00	3069.00	3069.00	3069.00	3068.00	3068.00	3068.00	3068.00	3068.00	3067.00	3067.00	3067.00	3067.00	3067.00	3066.00	3066.00	3066.00	3066.00	3066.00	3066.00	3066.00	3066.00	3065.00	3065.00	3065.00	3065.00	3065.00	3065.00	3065.00	3065.00	3065.00	3065.00	3064.00	3064.00	3064.00	3064.00	3064.00	3064.00	3064.00	3064.00	3064.00	3064.00	3063.00	3063.00	3063.00	3063.00	3063.00	3063.00	3063.00	3063.00	3063.00	3063.00	3063.00	3063.00	3063.00	3063.00	3063.00	3063.00	3063.00	3063.00	3063.00	3063.00	3062.00	3062.00	3062.00	3062.00	3062.00	3062.00	3062.00	3062.00	3062.00	3062.00	3062.00	3062.00	3062.00	3062.00	3062.00	3062.00	3062.00	3062.00	3062.00	3062.00	3062.00	3062.00	3062.00	3062.00	3061.00	3061.00	3061.00	3061.00	3061.00	3061.00	3061.00	3061.00	3061.00	3061.00	3061.00	3061.00	3061.00	3061.00	3061.00	3061.00	3061.00	3061.00	3061.00	3061.00	3061.00	3061.00	3061.00	3061.00	3061.00	3061.00	3060.00	3060.00	3060.00	3060.00	3060.00	3060.00	3060.00	3060.00	3060.00	3059.00	3059.00	3059.00	3059.00	3059.00	3059.00	3059.00	3059.00	3059.00	3059.00	3059.00	3059.00	3059.00	3059.00	3059.00	3059.00	3059.00	3059.00	3058.00	3058.00	3058.00	3058.00	3058.00	3058.00	3058.00	3058.00	3058.00	3057.00	3057.00	3057.00	3057.00	3057.00	3058.00	3058.00	3058.00	3058.00	3058.00	3058.00	3058.00	3058.00	3058.00	3058.00	3058.00	3058.00	3058.00	3058.00	3058.00	3058.00	3058.00	3058.00	3058.00	3057.00	3057.00	3057.00	3057.00	3057.00	3057.00	3057.00	3057.00	3057.00	3058.00
3083.00	3083.00	3082.00	3082.00	3082.00	3082.00	3082.00	3082.00	3081.00	3081.00	3081.00	3081.00	3080.00	3080.00	3080.00	3080.00	3080.00	3080.00	3080.00	3079.00	3079.00	3079.00	3079.00	3078.00	3078.00	3078.00	3078.00	3078.00	3078.00	3078.00	3078.00	3077.00	3077.00	3077.00	3077.00	3077.00	3077.00	3076.00	3076.00	3076.00	3076.00	3076.00	3075.00	3075.00	3074.00	3074.00	3074.00	3074.00	3074.00	3074.00	3074.00	3073.00	3073.00	3073.00	3073.00	3073.00	3073.00	3072.00	3072.00	3072.00	3072.00	3071.00	3071.00	3071.00	3071.00	3071.00	3071.00	3070.00	3070.00	3070.00	3070.00	3070.00	3069.00	3069.00	3069.00	3069.00	3069.00	3069.00	3068.00	3068.00	3068.00	3068.00	3068.00	3067.00	3067.00	3067.00	3067.00	3067.00	3066.00	3066.00	3066.00	3066.00	3066.00	3066.00	3066.00	3066.00	3065.00	3065.00	3065.00	3065.00	3065.00	3065.00	3065.00	3065.00	3065.00	3065.00	3064.00	3064.00	3064.00	3064.00	3064.00	3064.00	3064.00	3064.00	3064.00	3064.00	3063.00	3063.00	3063.00	3063.00	3063.00	3063.00	3063.00	3063.00	3063.00	3063.00	3063.00	3063.00	3063.00	3063.00	3063.00	3063.00	3063.00	3063.00	3063.00	3063.00	3062.00	3062.00	3062.00	3062.00	3062.00	3062.00	3062.00	3062.00	3062.00	3062.00	3062.00	3062.00	3062.00	3062.00	3062.00	3062.00	3062.00	3062.00	3062.00	3062.00	3062.00	3062.00	3062.00	3062.00	3061.00	3061.00	3061.00	3061.00	3061.00	3061.00	3061.00	3061.00	3061.00	3061.00	3061.00	3061.00	3061.00	3061.00	3061.00	3061.00	3061.00	3061.00	3061.00	3061.00	3061.00	3061.00	3061.00	3061.00	3061.00	3061.00	3060.00	3060.00	3060.00	3060.00	3060.00	3060.00	3060.00	3060.00	3060.00	3059.00	3059.00	3059.00	3059.00	3059.00	3059.00	3059.00	3059.00	3059.00	3059.00	3059.00	3059.00	3059.00	3059.00	3059.00	3059.00	3059.00	3059.00	3058.00	3058.00	3058.00	3058.00	3058.00	3058.00	3058.00	3058.00	3058.00	3057.00	3057.00	3057.00	3057.00	3057.00	3058.00	3058.00	3058.00	3058.00	3058.00	3058.00	3058.00	3058.00	3058.00	3058.00	3058.00	3058.00	3058.00	3058.00	3058.00	3058.00	3058.00	3058.00	3058.00	3057.00	3057.00	3057.00	3057.00	3057.00	3057.00	3057.00	3057.00	3057.00	3058.00
3083.00	3083.00	3082.00	3082.00	3082.00	3082.00	3082.00	3082.00	3081.00	3081.00	3081.00	3081.00	3080.00	3080.00	3080.00	3080.00	3080.00	3080.00	3080.00	3079.00	3079.00	3079.00	3079.00	3078.00	3078.00	3078.00	3078.00	3078.00	3078.00	3078.00	3078.00	3077.00	3077.00	3077.00	3077.00	3077.00	3077.00	3076.00	3076.00	3076.00	3076.00	3076.00	3075.00	3075.00	3074.00	3074.00	3074.00	3074.00	3074.00	3074.00	3074.00	3073.00	3073.00	3073.00	3073.00	3073.00	3073.00	3072.00	3072.00	3072.00	3072.00	3071.00	3071.00	3071.00	3071.00	3071.00	3071.00	3070.00	3070.00	3070.00	3070.00	3070.00	3069.00	3069.00	3069.00	3069.00	3069.00	3069.00	3068.00	3068.00	3068.00	3068.00	3068.00	3067.00	3067.00	3067.00	3067.00	3067.00	3066.00	3066.00	3066.00	3066.00	3066.00	3066.00	3066.00	3066.00	3065.00	3065.00	3065.00	3065.00	3065.00	3065.00	3065.00	3065.00	3065.00	3065.00	3064.00	3064.00	3064.00	3064.00	3064.00	3064.00	3064.00	3064.00	3064.00	3064.00	3063.00	3063.00	3063.00	3063.00	3063.00	3063.00	3063.00	3063.00	3063.00	3063.00	3063.00	3063.00	3063.00	3063.00	3063.00	3063.00	3063.00	3063.00	3063.00	3063.00	3062.00	3062.00	3062.00	3062.00	3062.00	3062.00	3062.00	3062.00	3062.00	3062.00	3062.00	3062.00	3062.00	3062.00	3062.00	3062.00	3062.00	3062.00	3062.00	3062.00	3062.00	3062.00	3062.00	3062.00	3061.00	3061.00	3061.00	3061.00	3061.00	3061.00	3061.00	3061.00	3061.00	3061.00	3061.00	3061.00	3061.00	3061.00	3061.00	3061.00	3061.00	3061.00	3061.00	3061.00	3061.00	3061.00	3061.00	3061.00	3061.00	3061.00	3060.00	3060.00	3060.00	3060.00	3060.00	3060.00	3060.00	3060.00	3060.00	3059.00	3059.00	3059.00	3059.00	3059.00	3059.00	3059.00	3059.00	3059.00	3059.00	3059.00	3059.00	3059.00	3059.00	3059.00	3059.00	3059.00	3059.00	3058.00	3058.00	3058.00	3058.00	3058.00	3058.00	3058.00	3058.00	3058.00	3057.00	3057.00	3057.00	3057.00	3057.00	3058.00	3058.00	3058.00	3058.00	3058.00	3058.00	3058.00	3058.00	3058.00	3058.00	3058.00	3058.00	3058.00	3058.00	3058.00	3058.00	3058.00	3058.00	3058.00	3057.00	3057.00	3057.00	3057.00	3057.00	3057.00	3057.00	3057.00	3057.00	3058.00
3083.00	3083.00	3082.00	3082.00	3082.00	3082.00	3082.00	3082.00	3081.00	3081.00	3081.00	3081.00	3080.00	3080.00	3080.00	3080.00	3080.00	3080.00	3080.00	3079.00	3079.00	3079.00	3079.00	3078.00	3078.00	3078.00	3078.00	3078.00	3078.00	3078.00	3078.00	3077.00	3077.00	3077.00	3077.00	3077.00	3077.00	3076.00	3076.00	3076.00	3076.00	3076.00	3075.00	3075.00	3074.00	3074.00	3074.00	3074.00	3074.00	3074.00	3074.00	3073.00	3073.00	3073.00	3073.00	3073.00	3073.00	3072.00	3072.00	3072.00	3072.00	3071.00	3071.00	3071.00	3071.00	3071.00	3071.00	3070.00	3070.00	3070.00	3070.00	3070.00	3069.00	3069.00	3069.00	3069.00	3069.00	3069.00	3068.00	3068.00	3068.00	3068.00	3068.00	3067.00	3067.00	3067.00	3067.00	3067.00	3066.00	3066.00	3066.00	3066.00	3066.00	3066.00	3066.00	3066.00	3065.00	3065.00	3065.00	3065.00	3065.00	3065.00	3065.00	3065.00	3065.00	3065.00	3064.00	3064.00	3064.00	3064.00	3064.00	3064.00	3064.00	3064.00	3064.00	3064.00	3063.00	3063.00	3063.00	3063.00	3063.00	3063.00	3063.00	3063.00	3063.00	3063.00	3063.00	3063.00	3063.00	3063.00	3063.00	3063.00	3063.00	3063.00	3063.00	3063.00	3062.00	3062.00	3062.00	3062.00	3062.00	3062.00	3062.00	3062.00	3062.00	3062.00	3062.00	3062.00	3062.00	3062.00	3062.00	3062.00	3062.00	3062.00	3062.00	3062.00	3062.00	3062.00	3062.00	3062.00	3061.00	3061.00	3061.00	3061.00	3061.00	3061.00	3061.00	3061.00	3061.00	3061.00	3061.00	3061.00	3061.00	3061.00	3061.00	3061.00	3061.00	3061.00	3061.00	3061.00	3061.00	3061.00	3061.00	3061.00	3061.00	3061.00	3060.00	3060.00	3060.00	3060.00	3060.00	3060.00	3060.00	3060.00	3060.00	3059.00	3059.00	3059.00	3059.00	3059.00	3059.00	3059.00	3059.00	3059.00	3059.00	3059.00	3059.00	3059.00	3059.00	3059.00	3059.00	3059.00	3059.00	3058.00	3058.00	3058.00	3058.00	3058.00	3058.00	3058.00	3058.00	3058.00	3057.00	3057.00	3057.00	3057.00	3057.00	3058.00	3058.00	3058.00	3058.00	3058.00	3058.00	3058.00	3058.00	3058.00	3058.00	3058.00	3058.00	3058.00	3058.00	3058.00	3058.00	3058.00	3058.00	3058.00	3057.00	3057.00	3057.00	3057.00	3057.00	3057.00	3057.00	3057.00	3057.00	3058.00
3083.00	3083.00	3082.00	3082.00	3082.00	3082.00	3082.00	3082.00	3081.00	3081.00	3081.00	3081.00	3080.00	3080.00	3080.00	3080.00	3080.00	3080.00	3080.00	3079.00	3079.00	3079.00	3079.00	3078.00	3078.00	3078.00	3078.00	3078.00	3078.00	3078.00	3078.00	3077.00	3077.00	3077.00	3077.00	3077.00	3077.00	3076.00	3076.00	3076.00	3076.00	3076.00	3075.00	3075.00	3074.00	3074.00	3074.00	3074.00	3074.00	3074.00	3074.00	3073.00	3073.00	3073.00	3073.00	3073.00	3073.00	3072.00	3072.00	3072.00	3072.00	3071.00	3071.00	3071.00	3071.00	3071.00	3071.00	3070.00	3070.00	3070.00	3070.00	3070.00	3069.00	3069.00	3069.00	3069.00	3069.00	3069.00	3068.00	3068.00	3068.00	3068.00	3068.00	3067.00	3067.00	3067.00	3067.00	3067.00	3066.00	3066.00	3066.00	3066.00	3066.00	3066.00	3066.00	3066.00	3065.00	3065.00	3065.00	3065.00	3065.00	3065.00	3065.00	3065.00	3065.00	3065.00	3064.00	3064.00	3064.00	3064.00	3064.00	3064.00	3064.00	3064.00	3064.00	3064.00	3063.00	3063.00	3063.00	3063.00	3063.00	3063.00	3063.00	3063.00	3063.00	3063.00	3063.00	3063.00	3063.00	3063.00	3063.00	3063.00	3063.00	3063.00	3063.00	3063.00	3062.00	3062.00	3062.00	3062.00	3062.00	3062.00	3062.00	3062.00	3062.00	3062.00	3062.00	3062.00	3062.00	3062.00	3062.00	3062.00	3062.00	3062.00	3062.00	3062.00	3062.00	3062.00	3062.00	3062.00	3061.00	3061.00	3061.00	3061.00	3061.00	3061.00	3061.00	3061.00	3061.00	3061.00	3061.00	3061.00	3061.00	3061.00	3061.00	3061.00	3061.00	3061.00	3061.00	3061.00	3061.00	3061.00	3061.00	3061.00	3061.00	3061.00	3060.00	3060.00	3060.00	3060.00	3060.00	3060.00	3060.00	3060.00	3060.00	3059.00	3059.00	3059.00	3059.00	3059.00	3059.00	3059.00	3059.00	3059.00	3059.00	3059.00	3059.00	3059.00	3059.00	3059.00	3059.00	3059.00	3059.00	3058.00	3058.00	3058.00	3058.00	3058.00	3058.00	3058.00	3058.00	3058.00	3057.00	3057.00	3057.00	3057.00	3057.00	3058.00	3058.00	3058.00	3058.00	3058.00	3058.00	3058.00	3058.00	3058.00	3058.00	3058.00	3058.00	3058.00	3058.00	3058.00	3058.00	3058.00	3058.00	3058.00	3057.00	3057.00	3057.00	3057.00	3057.00	3057.00	3057.00	3057.00	3057.00	3058.00
3083.00	3083.00	3082.00	3082.00	3082.00	3082.00	3082.00	3082.00	3081.00	3081.00	3081.00	3081.00	3080.00	3080.00	3080.00	3080.00	3080.00	3080.00	3080.00	3079.00	3079.00	3079.00	3079.00	3078.00	3078.00	3078.00	3078.00	3078.00	3078.00	3078.00	3078.00	3077.00	3077.00	3077.00	3077.00	3077.00	3077.00	3076.00	3076.00	3076.00	3076.00	3076.00	3075.00	3075.00	3074.00	3074.00	3074.00	3074.00	3074.00	3074.00	3074.00	3073.00	3073.00	3073.00	3073.00	3073.00	3073.00	3072.00	3072.00	3072.00	3072.00	3071.00	3071.00	3071.00	3071.00	3071.00	3071.00	3070.00	3070.00	3070.00	3070.00	3070.00	3069.00	3069.00	3069.00	3069.00	3069.00	3069.00	3068.00	3068.00	3068.00	3068.00	3068.00	3067.00	3067.00	3067.00	3067.00	3067.00	3066.00	3066.00	3066.00	3066.00	3066.00	3066.00	3066.00	3066.00	3065.00	3065.00	3065.00	3065.00	3065.00	3065.00	3065.00	3065.00	3065.00	3065.00	3064.00	3064.00	3064.00	3064.00	3064.00	3064.00	3064.00	3064.00	3064.00	3064.00	3063.00	3063.00	3063.00	3063.00	3063.00	3063.00	3063.00	3063.00	3063.00	3063.00	3063.00	3063.00	3063.00	3063.00	3063.00	3063.00	3063.00	3063.00	3063.00	3063.00	3062.00	3062.00	3062.00	3062.00	3062.00	3062.00	3062.00	3062.00	3062.00	3062.00	3062.00	3062.00	3062.00	3062.00	3062.00	3062.00	3062.00	3062.00	3062.00	3062.00	3062.00	3062.00	3062.00	3062.00	3061.00	3061.00	3061.00	3061.00	3061.00	3061.00	3061.00	3061.00	3061.00	3061.00	3061.00	3061.00	3061.00	3061.00	3061.00	3061.00	3061.00	3061.00	3061.00	3061.00	3061.00	3061.00	3061.00	3061.00	3061.00	3061.00	3060.00	3060.00	3060.00	3060.00	3060.00	3060.00	3060.00	3060.00	3060.00	3059.00	3059.00	3059.00	3059.00	3059.00	3059.00	3059.00	3059.00	3059.00	3059.00	3059.00	3059.00	3059.00	3059.00	3059.00	3059.00	3059.00	3059.00	3058.00	3058.00	3058.00	3058.00	3058.00	3058.00	3058.00	3058.00	3058.00	3057.00	3057.00	3057.00	3057.00	3057.00	3058.00	3058.00	3058.00	3058.00	3058.00	3058.00	3058.00	3058.00	3058.00	3058.00	3058.00	3058.00	3058.00	3058.00	3058.00	3058.00	3058.00	3058.00	3058.00	3057.00	3057.00	3057.00	3057.00	3057.00	3057.00	3057.00	3057.00	3057.00	3058.00
3083.00	3083.00	3082.00	3082.00	3082.00	3082.00	3082.00	3082.00	3081.00	3081.00	3081.00	3081.00	3080.00	3080.00	3080.00	3080.00	3080.00	3080.00	3080.00	3079.00	3079.00	3079.00	3079.00	3078.00	3078.00	3078.00	3078.00	3078.00	3078.00	3078.00	3078.00	3077.00	3077.00	3077.00	3077.00	3077.00	3077.00	3076.00	3076.00	3076.00	3076.00	3076.00	3075.00	3075.00	3074.00	3074.00	3074.00	3074.00	3074.00	3074.00	3074.00	3073.00	3073.00	3073.00	3073.00	3073.00	3073.00	3072.00	3072.00	3072.00	3072.00	3071.00	3071.00	3071.00	3071.00	3071.00	3071.00	3070.00	3070.00	3070.00	3070.00	3070.00	3069.00	3069.00	3069.00	3069.00	3069.00	3069.00	3068.00	3068.00	3068.00	3068.00	3068.00	3067.00	3067.00	3067.00	3067.00	3067.00	3066.00	3066.00	3066.00	3066.00	3066.00	3066.00	3066.00	3066.00	3065.00	3065.00	3065.00	3065.00	3065.00	3065.00	3065.00	3065.00	3065.00	3065.00	3064.00	3064.00	3064.00	3064.00	3064.00	3064.00	3064.00	3064.00	3064.00	3064.00	3063.00	3063.00	3063.00	3063.00	3063.00	3063.00	3063.00	3063.00	3063.00	3063.00	3063.00	3063.00	3063.00	3063.00	3063.00	3063.00	3063.00	3063.00	3063.00	3063.00	3062.00	3062.00	3062.00	3062.00	3062.00	3062.00	3062.00	3062.00	3062.00	3062.00	3062.00	3062.00	3062.00	3062.00	3062.00	3062.00	3062.00	3062.00	3062.00	3062.00	3062.00	3062.00	3062.00	3062.00	3061.00	3061.00	3061.00	3061.00	3061.00	3061.00	3061.00	3061.00	3061.00	3061.00	3061.00	3061.00	3061.00	3061.00	3061.00	3061.00	3061.00	3061.00	3061.00	3061.00	3061.00	3061.00	3061.00	3061.00	3061.00	3061.00	3060.00	3060.00	3060.00	3060.00	3060.00	3060.00	3060.00	3060.00	3060.00	3059.00	3059.00	3059.00	3059.00	3059.00	3059.00	3059.00	3059.00	3059.00	3059.00	3059.00	3059.00	3059.00	3059.00	3059.00	3059.00	3059.00	3059.00	3058.00	3058.00	3058.00	3058.00	3058.00	3058.00	3058.00	3058.00	3058.00	3057.00	3057.00	3057.00	3057.00	3057.00	3058.00	3058.00	3058.00	3058.00	3058.00	3058.00	3058.00	3058.00	3058.00	3058.00	3058.00	3058.00	3058.00	3058.00	3058.00	3058.00	3058.00	3058.00	3058.00	3057.00	3057.00	3057.00	3057.00	3057.00	3057.00	3057.00	3057.00	3057.00	3058.00
3082.00	3081.00	3081.00	3081.00	3081.00	3080.00	3080.00	3080.00	3080.00	3080.00	3079.00	3079.00	3079.00	3079.00	3079.00	3079.00	3078.00	3078.00	3078.00	3078.00	3078.00	3078.00	3077.00	3077.00	3077.00	3077.00	3077.00	3077.00	3077.00	3077.00	3076.00	3076.00	3076.00	3076.00	3075.00	3075.00	3075.00	3075.00	3075.00	3074.00	3074.00	3074.00	3074.00	3074.00	3073.00	3073.00	3073.00	3073.00	3073.00	3072.00	3072.00	3072.00	3072.00	3072.00	3072.00	3071.00	3071.00	3071.00	3070.00	3070.00	3070.00	3070.00	3070.00	3069.00	3069.00	3069.00	3069.00	3069.00	3069.00	3068.00	3068.00	3068.00	3068.00	3068.00	3067.00	3067.00	3067.00	3067.00	3066.00	3066.00	3066.00	3066.00	3066.00	3065.00	3065.00	3065.00	3065.00	3065.00	3065.00	3065.00	3064.00	3064.00	3064.00	3064.00	3064.00	3064.00	3064.00	3063.00	3063.00	3063.00	3063.00	3063.00	3063.00	3063.00	3062.00	3062.00	3062.00	3062.00	3062.00	3062.00	3062.00	3062.00	3062.00	3062.00	3062.00	3062.00	3062.00	3062.00	3062.00	3062.00	3062.00	3062.00	3062.00	3062.00	3061.00	3061.00	3061.00	3061.00	3061.00	3061.00	3061.00	3061.00	3061.00	3061.00	3061.00	3061.00	3061.00	3061.00	3061.00	3061.00	3061.00	3061.00	3061.00	3061.00	3061.00	3061.00	3061.00	3061.00	3061.00	3061.00	3061.00	3061.00	3061.00	3061.00	3061.00	3061.00	3061.00	3061.00	3061.00	3061.00	3061.00	3061.00	3061.00	3061.00	3061.00	3061.00	3061.00	3061.00	3061.00	3061.00	3061.00	3061.00	3061.00	3061.00	3061.00	3061.00	3061.00	3061.00	3061.00	3061.00	3061.00	3061.00	3060.00	3060.00	3060.00	3060.00	3060.00	3060.00	3060.00	3060.00	3060.00	3060.00	3060.00	3060.00	3060.00	3059.00	3059.00	3059.00	3059.00	3059.00	3059.00	3059.00	3059.00	3059.00	3059.00	3059.00	3059.00	3059.00	3059.00	3058.00	3058.00	3058.00	3058.00	3058.00	3058.00	3058.00	3058.00	3058.00	3058.00	3058.00	3058.00	3058.00	3057.00	3057.00	3057.00	3057.00	3057.00	3057.00	3057.00	3057.00	3057.00	3057.00	3057.00	3057.00	3057.00	3057.00	3057.00	3057.00	3057.00	3057.00	3057.00	3057.00	3057.00	3057.00	3057.00	3057.00	3057.00	3057.00	3057.00	3057.00	3057.00	3057.00	3057.00	3057.00	3056.00	3056.00
3082.00	3081.00	3081.00	3081.00	3081.00	3080.00	3080.00	3080.00	3080.00	3080.00	3079.00	3079.00	3079.00	3079.00	3079.00	3079.00	3078.00	3078.00	3078.00	3078.00	3078.00	3078.00	3077.00	3077.00	3077.00	3077.00	3077.00	3077.00	3077.00	3077.00	3076.00	3076.00	3076.00	3076.00	3075.00	3075.00	3075.00	3075.00	3075.00	3074.00	3074.00	3074.00	3074.00	3074.00	3073.00	3073.00	3073.00	3073.00	3073.00	3072.00	3072.00	3072.00	3072.00	3072.00	3072.00	3071.00	3071.00	3071.00	3070.00	3070.00	3070.00	3070.00	3070.00	3069.00	3069.00	3069.00	3069.00	3069.00	3069.00	3068.00	3068.00	3068.00	3068.00	3068.00	3067.00	3067.00	3067.00	3067.00	3066.00	3066.00	3066.00	3066.00	3066.00	3065.00	3065.00	3065.00	3065.00	3065.00	3065.00	3065.00	3064.00	3064.00	3064.00	3064.00	3064.00	3064.00	3064.00	3063.00	3063.00	3063.00	3063.00	3063.00	3063.00	3063.00	3062.00	3062.00	3062.00	3062.00	3062.00	3062.00	3062.00	3062.00	3062.00	3062.00	3062.00	3062.00	3062.00	3062.00	3062.00	3062.00	3062.00	3062.00	3062.00	3062.00	3061.00	3061.00	3061.00	3061.00	3061.00	3061.00	3061.00	3061.00	3061.00	3061.00	3061.00	3061.00	3061.00	3061.00	3061.00	3061.00	3061.00	3061.00	3061.00	3061.00	3061.00	3061.00	3061.00	3061.00	3061.00	3061.00	3061.00	3061.00	3061.00	3061.00	3061.00	3061.00	3061.00	3061.00	3061.00	3061.00	3061.00	3061.00	3061.00	3061.00	3061.00	3061.00	3061.00	3061.00	3061.00	3061.00	3061.00	3061.00	3061.00	3061.00	3061.00	3061.00	3061.00	3061.00	3061.00	3061.00	3061.00	3061.00	3060.00	3060.00	3060.00	3060.00	3060.00	3060.00	3060.00	3060.00	3060.00	3060.00	3060.00	3060.00	3060.00	3059.00	3059.00	3059.00	3059.00	3059.00	3059.00	3059.00	3059.00	3059.00	3059.00	3059.00	3059.00	3059.00	3059.00	3058.00	3058.00	3058.00	3058.00	3058.00	3058.00	3058.00	3058.00	3058.00	3058.00	3058.00	3058.00	3058.00	3057.00	3057.00	3057.00	3057.00	3057.00	3057.00	3057.00	3057.00	3057.00	3057.00	3057.00	3057.00	3057.00	3057.00	3057.00	3057.00	3057.00	3057.00	3057.00	3057.00	3057.00	3057.00	3057.00	3057.00	3057.00	3057.00	3057.00	3057.00	3057.00	3057.00	3057.00	3057.00	3056.00	3056.00
3082.00	3081.00	3081.00	3081.00	3081.00	3080.00	3080.00	3080.00	3080.00	3080.00	3079.00	3079.00	3079.00	3079.00	3079.00	3079.00	3078.00	3078.00	3078.00	3078.00	3078.00	3078.00	3077.00	3077.00	3077.00	3077.00	3077.00	3077.00	3077.00	3077.00	3076.00	3076.00	3076.00	3076.00	3075.00	3075.00	3075.00	3075.00	3075.00	3074.00	3074.00	3074.00	3074.00	3074.00	3073.00	3073.00	3073.00	3073.00	3073.00	3072.00	3072.00	3072.00	3072.00	3072.00	3072.00	3071.00	3071.00	3071.00	3070.00	3070.00	3070.00	3070.00	3070.00	3069.00	3069.00	3069.00	3069.00	3069.00	3069.00	3068.00	3068.00	3068.00	3068.00	3068.00	3067.00	3067.00	3067.00	3067.00	3066.00	3066.00	3066.00	3066.00	3066.00	3065.00	3065.00	3065.00	3065.00	3065.00	3065.00	3065.00	3064.00	3064.00	3064.00	3064.00	3064.00	3064.00	3064.00	3063.00	3063.00	3063.00	3063.00	3063.00	3063.00	3063.00	3062.00	3062.00	3062.00	3062.00	3062.00	3062.00	3062.00	3062.00	3062.00	3062.00	3062.00	3062.00	3062.00	3062.00	3062.00	3062.00	3062.00	3062.00	3062.00	3062.00	3061.00	3061.00	3061.00	3061.00	3061.00	3061.00	3061.00	3061.00	3061.00	3061.00	3061.00	3061.00	3061.00	3061.00	3061.00	3061.00	3061.00	3061.00	3061.00	3061.00	3061.00	3061.00	3061.00	3061.00	3061.00	3061.00	3061.00	3061.00	3061.00	3061.00	3061.00	3061.00	3061.00	3061.00	3061.00	3061.00	3061.00	3061.00	3061.00	3061.00	3061.00	3061.00	3061.00	3061.00	3061.00	3061.00	3061.00	3061.00	3061.00	3061.00	3061.00	3061.00	3061.00	3061.00	3061.00	3061.00	3061.00	3061.00	3060.00	3060.00	3060.00	3060.00	3060.00	3060.00	3060.00	3060.00	3060.00	3060.00	3060.00	3060.00	3060.00	3059.00	3059.00	3059.00	3059.00	3059.00	3059.00	3059.00	3059.00	3059.00	3059.00	3059.00	3059.00	3059.00	3059.00	3058.00	3058.00	3058.00	3058.00	3058.00	3058.00	3058.00	3058.00	3058.00	3058.00	3058.00	3058.00	3058.00	3057.00	3057.00	3057.00	3057.00	3057.00	3057.00	3057.00	3057.00	3057.00	3057.00	3057.00	3057.00	3057.00	3057.00	3057.00	3057.00	3057.00	3057.00	3057.00	3057.00	3057.00	3057.00	3057.00	3057.00	3057.00	3057.00	3057.00	3057.00	3057.00	3057.00	3057.00	3057.00	3056.00	3056.00
3082.00	3081.00	3081.00	3081.00	3081.00	3080.00	3080.00	3080.00	3080.00	3080.00	3079.00	3079.00	3079.00	3079.00	3079.00	3079.00	3078.00	3078.00	3078.00	3078.00	3078.00	3078.00	3077.00	3077.00	3077.00	3077.00	3077.00	3077.00	3077.00	3077.00	3076.00	3076.00	3076.00	3076.00	3075.00	3075.00	3075.00	3075.00	3075.00	3074.00	3074.00	3074.00	3074.00	3074.00	3073.00	3073.00	3073.00	3073.00	3073.00	3072.00	3072.00	3072.00	3072.00	3072.00	3072.00	3071.00	3071.00	3071.00	3070.00	3070.00	3070.00	3070.00	3070.00	3069.00	3069.00	3069.00	3069.00	3069.00	3069.00	3068.00	3068.00	3068.00	3068.00	3068.00	3067.00	3067.00	3067.00	3067.00	3066.00	3066.00	3066.00	3066.00	3066.00	3065.00	3065.00	3065.00	3065.00	3065.00	3065.00	3065.00	3064.00	3064.00	3064.00	3064.00	3064.00	3064.00	3064.00	3063.00	3063.00	3063.00	3063.00	3063.00	3063.00	3063.00	3062.00	3062.00	3062.00	3062.00	3062.00	3062.00	3062.00	3062.00	3062.00	3062.00	3062.00	3062.00	3062.00	3062.00	3062.00	3062.00	3062.00	3062.00	3062.00	3062.00	3061.00	3061.00	3061.00	3061.00	3061.00	3061.00	3061.00	3061.00	3061.00	3061.00	3061.00	3061.00	3061.00	3061.00	3061.00	3061.00	3061.00	3061.00	3061.00	3061.00	3061.00	3061.00	3061.00	3061.00	3061.00	3061.00	3061.00	3061.00	3061.00	3061.00	3061.00	3061.00	3061.00	3061.00	3061.00	3061.00	3061.00	3061.00	3061.00	3061.00	3061.00	3061.00	3061.00	3061.00	3061.00	3061.00	3061.00	3061.00	3061.00	3061.00	3061.00	3061.00	3061.00	3061.00	3061.00	3061.00	3061.00	3061.00	3060.00	3060.00	3060.00	3060.00	3060.00	3060.00	3060.00	3060.00	3060.00	3060.00	3060.00	3060.00	3060.00	3059.00	3059.00	3059.00	3059.00	3059.00	3059.00	3059.00	3059.00	3059.00	3059.00	3059.00	3059.00	3059.00	3059.00	3058.00	3058.00	3058.00	3058.00	3058.00	3058.00	3058.00	3058.00	3058.00	3058.00	3058.00	3058.00	3058.00	3057.00	3057.00	3057.00	3057.00	3057.00	3057.00	3057.00	3057.00	3057.00	3057.00	3057.00	3057.00	3057.00	3057.00	3057.00	3057.00	3057.00	3057.00	3057.00	3057.00	3057.00	3057.00	3057.00	3057.00	3057.00	3057.00	3057.00	3057.00	3057.00	3057.00	3057.00	3057.00	3056.00	3056.00
3082.00	3081.00	3081.00	3081.00	3081.00	3080.00	3080.00	3080.00	3080.00	3080.00	3079.00	3079.00	3079.00	3079.00	3079.00	3079.00	3078.00	3078.00	3078.00	3078.00	3078.00	3078.00	3077.00	3077.00	3077.00	3077.00	3077.00	3077.00	3077.00	3077.00	3076.00	3076.00	3076.00	3076.00	3075.00	3075.00	3075.00	3075.00	3075.00	3074.00	3074.00	3074.00	3074.00	3074.00	3073.00	3073.00	3073.00	3073.00	3073.00	3072.00	3072.00	3072.00	3072.00	3072.00	3072.00	3071.00	3071.00	3071.00	3070.00	3070.00	3070.00	3070.00	3070.00	3069.00	3069.00	3069.00	3069.00	3069.00	3069.00	3068.00	3068.00	3068.00	3068.00	3068.00	3067.00	3067.00	3067.00	3067.00	3066.00	3066.00	3066.00	3066.00	3066.00	3065.00	3065.00	3065.00	3065.00	3065.00	3065.00	3065.00	3064.00	3064.00	3064.00	3064.00	3064.00	3064.00	3064.00	3063.00	3063.00	3063.00	3063.00	3063.00	3063.00	3063.00	3062.00	3062.00	3062.00	3062.00	3062.00	3062.00	3062.00	3062.00	3062.00	3062.00	3062.00	3062.00	3062.00	3062.00	3062.00	3062.00	3062.00	3062.00	3062.00	3062.00	3061.00	3061.00	3061.00	3061.00	3061.00	3061.00	3061.00	3061.00	3061.00	3061.00	3061.00	3061.00	3061.00	3061.00	3061.00	3061.00	3061.00	3061.00	3061.00	3061.00	3061.00	3061.00	3061.00	3061.00	3061.00	3061.00	3061.00	3061.00	3061.00	3061.00	3061.00	3061.00	3061.00	3061.00	3061.00	3061.00	3061.00	3061.00	3061.00	3061.00	3061.00	3061.00	3061.00	3061.00	3061.00	3061.00	3061.00	3061.00	3061.00	3061.00	3061.00	3061.00	3061.00	3061.00	3061.00	3061.00	3061.00	3061.00	3060.00	3060.00	3060.00	3060.00	3060.00	3060.00	3060.00	3060.00	3060.00	3060.00	3060.00	3060.00	3060.00	3059.00	3059.00	3059.00	3059.00	3059.00	3059.00	3059.00	3059.00	3059.00	3059.00	3059.00	3059.00	3059.00	3059.00	3058.00	3058.00	3058.00	3058.00	3058.00	3058.00	3058.00	3058.00	3058.00	3058.00	3058.00	3058.00	3058.00	3057.00	3057.00	3057.00	3057.00	3057.00	3057.00	3057.00	3057.00	3057.00	3057.00	3057.00	3057.00	3057.00	3057.00	3057.00	3057.00	3057.00	3057.00	3057.00	3057.00	3057.00	3057.00	3057.00	3057.00	3057.00	3057.00	3057.00	3057.00	3057.00	3057.00	3057.00	3057.00	3056.00	3056.00
3082.00	3081.00	3081.00	3081.00	3081.00	3080.00	3080.00	3080.00	3080.00	3080.00	3079.00	3079.00	3079.00	3079.00	3079.00	3079.00	3078.00	3078.00	3078.00	3078.00	3078.00	3078.00	3077.00	3077.00	3077.00	3077.00	3077.00	3077.00	3077.00	3077.00	3076.00	3076.00	3076.00	3076.00	3075.00	3075.00	3075.00	3075.00	3075.00	3074.00	3074.00	3074.00	3074.00	3074.00	3073.00	3073.00	3073.00	3073.00	3073.00	3072.00	3072.00	3072.00	3072.00	3072.00	3072.00	3071.00	3071.00	3071.00	3070.00	3070.00	3070.00	3070.00	3070.00	3069.00	3069.00	3069.00	3069.00	3069.00	3069.00	3068.00	3068.00	3068.00	3068.00	3068.00	3067.00	3067.00	3067.00	3067.00	3066.00	3066.00	3066.00	3066.00	3066.00	3065.00	3065.00	3065.00	3065.00	3065.00	3065.00	3065.00	3064.00	3064.00	3064.00	3064.00	3064.00	3064.00	3064.00	3063.00	3063.00	3063.00	3063.00	3063.00	3063.00	3063.00	3062.00	3062.00	3062.00	3062.00	3062.00	3062.00	3062.00	3062.00	3062.00	3062.00	3062.00	3062.00	3062.00	3062.00	3062.00	3062.00	3062.00	3062.00	3062.00	3062.00	3061.00	3061.00	3061.00	3061.00	3061.00	3061.00	3061.00	3061.00	3061.00	3061.00	3061.00	3061.00	3061.00	3061.00	3061.00	3061.00	3061.00	3061.00	3061.00	3061.00	3061.00	3061.00	3061.00	3061.00	3061.00	3061.00	3061.00	3061.00	3061.00	3061.00	3061.00	3061.00	3061.00	3061.00	3061.00	3061.00	3061.00	3061.00	3061.00	3061.00	3061.00	3061.00	3061.00	3061.00	3061.00	3061.00	3061.00	3061.00	3061.00	3061.00	3061.00	3061.00	3061.00	3061.00	3061.00	3061.00	3061.00	3061.00	3060.00	3060.00	3060.00	3060.00	3060.00	3060.00	3060.00	3060.00	3060.00	3060.00	3060.00	3060.00	3060.00	3059.00	3059.00	3059.00	3059.00	3059.00	3059.00	3059.00	3059.00	3059.00	3059.00	3059.00	3059.00	3059.00	3059.00	3058.00	3058.00	3058.00	3058.00	3058.00	3058.00	3058.00	3058.00	3058.00	3058.00	3058.00	3058.00	3058.00	3057.00	3057.00	3057.00	3057.00	3057.00	3057.00	3057.00	3057.00	3057.00	3057.00	3057.00	3057.00	3057.00	3057.00	3057.00	3057.00	3057.00	3057.00	3057.00	3057.00	3057.00	3057.00	3057.00	3057.00	3057.00	3057.00	3057.00	3057.00	3057.00	3057.00	3057.00	3057.00	3056.00	3056.00
3082.00	3081.00	3081.00	3081.00	3081.00	3080.00	3080.00	3080.00	3080.00	3080.00	3079.00	3079.00	3079.00	3079.00	3079.00	3079.00	3078.00	3078.00	3078.00	3078.00	3078.00	3078.00	3077.00	3077.00	3077.00	3077.00	3077.00	3077.00	3077.00	3077.00	3076.00	3076.00	3076.00	3076.00	3075.00	3075.00	3075.00	3075.00	3075.00	3074.00	3074.00	3074.00	3074.00	3074.00	3073.00	3073.00	3073.00	3073.00	3073.00	3072.00	3072.00	3072.00	3072.00	3072.00	3072.00	3071.00	3071.00	3071.00	3070.00	3070.00	3070.00	3070.00	3070.00	3069.00	3069.00	3069.00	3069.00	3069.00	3069.00	3068.00	3068.00	3068.00	3068.00	3068.00	3067.00	3067.00	3067.00	3067.00	3066.00	3066.00	3066.00	3066.00	3066.00	3065.00	3065.00	3065.00	3065.00	3065.00	3065.00	3065.00	3064.00	3064.00	3064.00	3064.00	3064.00	3064.00	3064.00	3063.00	3063.00	3063.00	3063.00	3063.00	3063.00	3063.00	3062.00	3062.00	3062.00	3062.00	3062.00	3062.00	3062.00	3062.00	3062.00	3062.00	3062.00	3062.00	3062.00	3062.00	3062.00	3062.00	3062.00	3062.00	3062.00	3062.00	3061.00	3061.00	3061.00	3061.00	3061.00	3061.00	3061.00	3061.00	3061.00	3061.00	3061.00	3061.00	3061.00	3061.00	3061.00	3061.00	3061.00	3061.00	3061.00	3061.00	3061.00	3061.00	3061.00	3061.00	3061.00	3061.00	3061.00	3061.00	3061.00	3061.00	3061.00	3061.00	3061.00	3061.00	3061.00	3061.00	3061.00	3061.00	3061.00	3061.00	3061.00	3061.00	3061.00	3061.00	3061.00	3061.00	3061.00	3061.00	3061.00	3061.00	3061.00	3061.00	3061.00	3061.00	3061.00	3061.00	3061.00	3061.00	3060.00	3060.00	3060.00	3060.00	3060.00	3060.00	3060.00	3060.00	3060.00	3060.00	3060.00	3060.00	3060.00	3059.00	3059.00	3059.00	3059.00	3059.00	3059.00	3059.00	3059.00	3059.00	3059.00	3059.00	3059.00	3059.00	3059.00	3058.00	3058.00	3058.00	3058.00	3058.00	3058.00	3058.00	3058.00	3058.00	3058.00	3058.00	3058.00	3058.00	3057.00	3057.00	3057.00	3057.00	3057.00	3057.00	3057.00	3057.00	3057.00	3057.00	3057.00	3057.00	3057.00	3057.00	3057.00	3057.00	3057.00	3057.00	3057.00	3057.00	3057.00	3057.00	3057.00	3057.00	3057.00	3057.00	3057.00	3057.00	3057.00	3057.00	3057.00	3057.00	3056.00	3056.00
3082.00	3081.00	3081.00	3081.00	3081.00	3080.00	3080.00	3080.00	3080.00	3080.00	3079.00	3079.00	3079.00	3079.00	3079.00	3079.00	3078.00	3078.00	3078.00	3078.00	3078.00	3078.00	3077.00	3077.00	3077.00	3077.00	3077.00	3077.00	3077.00	3077.00	3076.00	3076.00	3076.00	3076.00	3075.00	3075.00	3075.00	3075.00	3075.00	3074.00	3074.00	3074.00	3074.00	3074.00	3073.00	3073.00	3073.00	3073.00	3073.00	3072.00	3072.00	3072.00	3072.00	3072.00	3072.00	3071.00	3071.00	3071.00	3070.00	3070.00	3070.00	3070.00	3070.00	3069.00	3069.00	3069.00	3069.00	3069.00	3069.00	3068.00	3068.00	3068.00	3068.00	3068.00	3067.00	3067.00	3067.00	3067.00	3066.00	3066.00	3066.00	3066.00	3066.00	3065.00	3065.00	3065.00	3065.00	3065.00	3065.00	3065.00	3064.00	3064.00	3064.00	3064.00	3064.00	3064.00	3064.00	3063.00	3063.00	3063.00	3063.00	3063.00	3063.00	3063.00	3062.00	3062.00	3062.00	3062.00	3062.00	3062.00	3062.00	3062.00	3062.00	3062.00	3062.00	3062.00	3062.00	3062.00	3062.00	3062.00	3062.00	3062.00	3062.00	3062.00	3061.00	3061.00	3061.00	3061.00	3061.00	3061.00	3061.00	3061.00	3061.00	3061.00	3061.00	3061.00	3061.00	3061.00	3061.00	3061.00	3061.00	3061.00	3061.00	3061.00	3061.00	3061.00	3061.00	3061.00	3061.00	3061.00	3061.00	3061.00	3061.00	3061.00	3061.00	3061.00	3061.00	3061.00	3061.00	3061.00	3061.00	3061.00	3061.00	3061.00	3061.00	3061.00	3061.00	3061.00	3061.00	3061.00	3061.00	3061.00	3061.00	3061.00	3061.00	3061.00	3061.00	3061.00	3061.00	3061.00	3061.00	3061.00	3060.00	3060.00	3060.00	3060.00	3060.00	3060.00	3060.00	3060.00	3060.00	3060.00	3060.00	3060.00	3060.00	3059.00	3059.00	3059.00	3059.00	3059.00	3059.00	3059.00	3059.00	3059.00	3059.00	3059.00	3059.00	3059.00	3059.00	3058.00	3058.00	3058.00	3058.00	3058.00	3058.00	3058.00	3058.00	3058.00	3058.00	3058.00	3058.00	3058.00	3057.00	3057.00	3057.00	3057.00	3057.00	3057.00	3057.00	3057.00	3057.00	3057.00	3057.00	3057.00	3057.00	3057.00	3057.00	3057.00	3057.00	3057.00	3057.00	3057.00	3057.00	3057.00	3057.00	3057.00	3057.00	3057.00	3057.00	3057.00	3057.00	3057.00	3057.00	3057.00	3056.00	3056.00
3082.00	3081.00	3081.00	3081.00	3081.00	3080.00	3080.00	3080.00	3080.00	3080.00	3079.00	3079.00	3079.00	3079.00	3079.00	3079.00	3078.00	3078.00	3078.00	3078.00	3078.00	3078.00	3077.00	3077.00	3077.00	3077.00	3077.00	3077.00	3077.00	3077.00	3076.00	3076.00	3076.00	3076.00	3075.00	3075.00	3075.00	3075.00	3075.00	3074.00	3074.00	3074.00	3074.00	3074.00	3073.00	3073.00	3073.00	3073.00	3073.00	3072.00	3072.00	3072.00	3072.00	3072.00	3072.00	3071.00	3071.00	3071.00	3070.00	3070.00	3070.00	3070.00	3070.00	3069.00	3069.00	3069.00	3069.00	3069.00	3069.00	3068.00	3068.00	3068.00	3068.00	3068.00	3067.00	3067.00	3067.00	3067.00	3066.00	3066.00	3066.00	3066.00	3066.00	3065.00	3065.00	3065.00	3065.00	3065.00	3065.00	3065.00	3064.00	3064.00	3064.00	3064.00	3064.00	3064.00	3064.00	3063.00	3063.00	3063.00	3063.00	3063.00	3063.00	3063.00	3062.00	3062.00	3062.00	3062.00	3062.00	3062.00	3062.00	3062.00	3062.00	3062.00	3062.00	3062.00	3062.00	3062.00	3062.00	3062.00	3062.00	3062.00	3062.00	3062.00	3061.00	3061.00	3061.00	3061.00	3061.00	3061.00	3061.00	3061.00	3061.00	3061.00	3061.00	3061.00	3061.00	3061.00	3061.00	3061.00	3061.00	3061.00	3061.00	3061.00	3061.00	3061.00	3061.00	3061.00	3061.00	3061.00	3061.00	3061.00	3061.00	3061.00	3061.00	3061.00	3061.00	3061.00	3061.00	3061.00	3061.00	3061.00	3061.00	3061.00	3061.00	3061.00	3061.00	3061.00	3061.00	3061.00	3061.00	3061.00	3061.00	3061.00	3061.00	3061.00	3061.00	3061.00	3061.00	3061.00	3061.00	3061.00	3060.00	3060.00	3060.00	3060.00	3060.00	3060.00	3060.00	3060.00	3060.00	3060.00	3060.00	3060.00	3060.00	3059.00	3059.00	3059.00	3059.00	3059.00	3059.00	3059.00	3059.00	3059.00	3059.00	3059.00	3059.00	3059.00	3059.00	3058.00	3058.00	3058.00	3058.00	3058.00	3058.00	3058.00	3058.00	3058.00	3058.00	3058.00	3058.00	3058.00	3057.00	3057.00	3057.00	3057.00	3057.00	3057.00	3057.00	3057.00	3057.00	3057.00	3057.00	3057.00	3057.00	3057.00	3057.00	3057.00	3057.00	3057.00	3057.00	3057.00	3057.00	3057.00	3057.00	3057.00	3057.00	3057.00	3057.00	3057.00	3057.00	3057.00	3057.00	3057.00	3056.00	3056.00
3082.00	3081.00	3081.00	3081.00	3081.00	3080.00	3080.00	3080.00	3080.00	3080.00	3079.00	3079.00	3079.00	3079.00	3079.00	3079.00	3078.00	3078.00	3078.00	3078.00	3078.00	3078.00	3077.00	3077.00	3077.00	3077.00	3077.00	3077.00	3077.00	3077.00	3076.00	3076.00	3076.00	3076.00	3075.00	3075.00	3075.00	3075.00	3075.00	3074.00	3074.00	3074.00	3074.00	3074.00	3073.00	3073.00	3073.00	3073.00	3073.00	3072.00	3072.00	3072.00	3072.00	3072.00	3072.00	3071.00	3071.00	3071.00	3070.00	3070.00	3070.00	3070.00	3070.00	3069.00	3069.00	3069.00	3069.00	3069.00	3069.00	3068.00	3068.00	3068.00	3068.00	3068.00	3067.00	3067.00	3067.00	3067.00	3066.00	3066.00	3066.00	3066.00	3066.00	3065.00	3065.00	3065.00	3065.00	3065.00	3065.00	3065.00	3064.00	3064.00	3064.00	3064.00	3064.00	3064.00	3064.00	3063.00	3063.00	3063.00	3063.00	3063.00	3063.00	3063.00	3062.00	3062.00	3062.00	3062.00	3062.00	3062.00	3062.00	3062.00	3062.00	3062.00	3062.00	3062.00	3062.00	3062.00	3062.00	3062.00	3062.00	3062.00	3062.00	3062.00	3061.00	3061.00	3061.00	3061.00	3061.00	3061.00	3061.00	3061.00	3061.00	3061.00	3061.00	3061.00	3061.00	3061.00	3061.00	3061.00	3061.00	3061.00	3061.00	3061.00	3061.00	3061.00	3061.00	3061.00	3061.00	3061.00	3061.00	3061.00	3061.00	3061.00	3061.00	3061.00	3061.00	3061.00	3061.00	3061.00	3061.00	3061.00	3061.00	3061.00	3061.00	3061.00	3061.00	3061.00	3061.00	3061.00	3061.00	3061.00	3061.00	3061.00	3061.00	3061.00	3061.00	3061.00	3061.00	3061.00	3061.00	3061.00	3060.00	3060.00	3060.00	3060.00	3060.00	3060.00	3060.00	3060.00	3060.00	3060.00	3060.00	3060.00	3060.00	3059.00	3059.00	3059.00	3059.00	3059.00	3059.00	3059.00	3059.00	3059.00	3059.00	3059.00	3059.00	3059.00	3059.00	3058.00	3058.00	3058.00	3058.00	3058.00	3058.00	3058.00	3058.00	3058.00	3058.00	3058.00	3058.00	3058.00	3057.00	3057.00	3057.00	3057.00	3057.00	3057.00	3057.00	3057.00	3057.00	3057.00	3057.00	3057.00	3057.00	3057.00	3057.00	3057.00	3057.00	3057.00	3057.00	3057.00	3057.00	3057.00	3057.00	3057.00	3057.00	3057.00	3057.00	3057.00	3057.00	3057.00	3057.00	3057.00	3056.00	3056.00
3082.00	3081.00	3081.00	3081.00	3081.00	3080.00	3080.00	3080.00	3080.00	3080.00	3079.00	3079.00	3079.00	3079.00	3079.00	3079.00	3078.00	3078.00	3078.00	3078.00	3078.00	3078.00	3077.00	3077.00	3077.00	3077.00	3077.00	3077.00	3077.00	3077.00	3076.00	3076.00	3076.00	3076.00	3075.00	3075.00	3075.00	3075.00	3075.00	3074.00	3074.00	3074.00	3074.00	3074.00	3073.00	3073.00	3073.00	3073.00	3073.00	3072.00	3072.00	3072.00	3072.00	3072.00	3072.00	3071.00	3071.00	3071.00	3070.00	3070.00	3070.00	3070.00	3070.00	3069.00	3069.00	3069.00	3069.00	3069.00	3069.00	3068.00	3068.00	3068.00	3068.00	3068.00	3067.00	3067.00	3067.00	3067.00	3066.00	3066.00	3066.00	3066.00	3066.00	3065.00	3065.00	3065.00	3065.00	3065.00	3065.00	3065.00	3064.00	3064.00	3064.00	3064.00	3064.00	3064.00	3064.00	3063.00	3063.00	3063.00	3063.00	3063.00	3063.00	3063.00	3062.00	3062.00	3062.00	3062.00	3062.00	3062.00	3062.00	3062.00	3062.00	3062.00	3062.00	3062.00	3062.00	3062.00	3062.00	3062.00	3062.00	3062.00	3062.00	3062.00	3061.00	3061.00	3061.00	3061.00	3061.00	3061.00	3061.00	3061.00	3061.00	3061.00	3061.00	3061.00	3061.00	3061.00	3061.00	3061.00	3061.00	3061.00	3061.00	3061.00	3061.00	3061.00	3061.00	3061.00	3061.00	3061.00	3061.00	3061.00	3061.00	3061.00	3061.00	3061.00	3061.00	3061.00	3061.00	3061.00	3061.00	3061.00	3061.00	3061.00	3061.00	3061.00	3061.00	3061.00	3061.00	3061.00	3061.00	3061.00	3061.00	3061.00	3061.00	3061.00	3061.00	3061.00	3061.00	3061.00	3061.00	3061.00	3060.00	3060.00	3060.00	3060.00	3060.00	3060.00	3060.00	3060.00	3060.00	3060.00	3060.00	3060.00	3060.00	3059.00	3059.00	3059.00	3059.00	3059.00	3059.00	3059.00	3059.00	3059.00	3059.00	3059.00	3059.00	3059.00	3059.00	3058.00	3058.00	3058.00	3058.00	3058.00	3058.00	3058.00	3058.00	3058.00	3058.00	3058.00	3058.00	3058.00	3057.00	3057.00	3057.00	3057.00	3057.00	3057.00	3057.00	3057.00	3057.00	3057.00	3057.00	3057.00	3057.00	3057.00	3057.00	3057.00	3057.00	3057.00	3057.00	3057.00	3057.00	3057.00	3057.00	3057.00	3057.00	3057.00	3057.00	3057.00	3057.00	3057.00	3057.00	3057.00	3056.00	3056.00
3082.00	3081.00	3081.00	3081.00	3081.00	3080.00	3080.00	3080.00	3080.00	3080.00	3079.00	3079.00	3079.00	3079.00	3079.00	3079.00	3078.00	3078.00	3078.00	3078.00	3078.00	3078.00	3077.00	3077.00	3077.00	3077.00	3077.00	3077.00	3077.00	3077.00	3076.00	3076.00	3076.00	3076.00	3075.00	3075.00	3075.00	3075.00	3075.00	3074.00	3074.00	3074.00	3074.00	3074.00	3073.00	3073.00	3073.00	3073.00	3073.00	3072.00	3072.00	3072.00	3072.00	3072.00	3072.00	3071.00	3071.00	3071.00	3070.00	3070.00	3070.00	3070.00	3070.00	3069.00	3069.00	3069.00	3069.00	3069.00	3069.00	3068.00	3068.00	3068.00	3068.00	3068.00	3067.00	3067.00	3067.00	3067.00	3066.00	3066.00	3066.00	3066.00	3066.00	3065.00	3065.00	3065.00	3065.00	3065.00	3065.00	3065.00	3064.00	3064.00	3064.00	3064.00	3064.00	3064.00	3064.00	3063.00	3063.00	3063.00	3063.00	3063.00	3063.00	3063.00	3062.00	3062.00	3062.00	3062.00	3062.00	3062.00	3062.00	3062.00	3062.00	3062.00	3062.00	3062.00	3062.00	3062.00	3062.00	3062.00	3062.00	3062.00	3062.00	3062.00	3061.00	3061.00	3061.00	3061.00	3061.00	3061.00	3061.00	3061.00	3061.00	3061.00	3061.00	3061.00	3061.00	3061.00	3061.00	3061.00	3061.00	3061.00	3061.00	3061.00	3061.00	3061.00	3061.00	3061.00	3061.00	3061.00	3061.00	3061.00	3061.00	3061.00	3061.00	3061.00	3061.00	3061.00	3061.00	3061.00	3061.00	3061.00	3061.00	3061.00	3061.00	3061.00	3061.00	3061.00	3061.00	3061.00	3061.00	3061.00	3061.00	3061.00	3061.00	3061.00	3061.00	3061.00	3061.00	3061.00	3061.00	3061.00	3060.00	3060.00	3060.00	3060.00	3060.00	3060.00	3060.00	3060.00	3060.00	3060.00	3060.00	3060.00	3060.00	3059.00	3059.00	3059.00	3059.00	3059.00	3059.00	3059.00	3059.00	3059.00	3059.00	3059.00	3059.00	3059.00	3059.00	3058.00	3058.00	3058.00	3058.00	3058.00	3058.00	3058.00	3058.00	3058.00	3058.00	3058.00	3058.00	3058.00	3057.00	3057.00	3057.00	3057.00	3057.00	3057.00	3057.00	3057.00	3057.00	3057.00	3057.00	3057.00	3057.00	3057.00	3057.00	3057.00	3057.00	3057.00	3057.00	3057.00	3057.00	3057.00	3057.00	3057.00	3057.00	3057.00	3057.00	3057.00	3057.00	3057.00	3057.00	3057.00	3056.00	3056.00
3081.00	3080.00	3080.00	3080.00	3080.00	3079.00	3079.00	3079.00	3079.00	3079.00	3078.00	3078.00	3078.00	3078.00	3077.00	3077.00	3077.00	3077.00	3077.00	3077.00	3077.00	3076.00	3076.00	3076.00	3076.00	3076.00	3076.00	3076.00	3075.00	3075.00	3075.00	3075.00	3075.00	3074.00	3074.00	3074.00	3074.00	3073.00	3073.00	3073.00	3073.00	3073.00	3072.00	3072.00	3072.00	3072.00	3072.00	3072.00	3071.00	3071.00	3071.00	3071.00	3070.00	3070.00	3070.00	3069.00	3069.00	3069.00	3069.00	3069.00	3069.00	3068.00	3068.00	3068.00	3068.00	3068.00	3067.00	3067.00	3067.00	3067.00	3067.00	3067.00	3066.00	3066.00	3066.00	3066.00	3065.00	3065.00	3065.00	3065.00	3065.00	3065.00	3065.00	3064.00	3064.00	3064.00	3064.00	3064.00	3063.00	3063.00	3063.00	3063.00	3063.00	3062.00	3062.00	3062.00	3062.00	3062.00	3062.00	3061.00	3061.00	3061.00	3061.00	3061.00	3061.00	3061.00	3061.00	3061.00	3061.00	3061.00	3061.00	3061.00	3061.00	3061.00	3061.00	3061.00	3061.00	3061.00	3061.00	3061.00	3061.00	3061.00	3061.00	3061.00	3061.00	3061.00	3061.00	3061.00	3061.00	3061.00	3061.00	3061.00	3061.00	3061.00	3061.00	3061.00	3061.00	3061.00	3061.00	3061.00	3061.00	3061.00	3061.00	3061.00	3061.00	3061.00	3061.00	3061.00	3061.00	3061.00	3061.00	3061.00	3061.00	3061.00	3061.00	3061.00	3061.00	3061.00	3061.00	3061.00	3061.00	3061.00	3061.00	3061.00	3061.00	3061.00	3061.00	3061.00	3061.00	3061.00	3061.00	3061.00	3061.00	3061.00	3061.00	3061.00	3061.00	3061.00	3061.00	3060.00	3060.00	3060.00	3060.00	3060.00	3060.00	3060.00	3060.00	3060.00	3060.00	3060.00	3060.00	3060.00	3060.00	3060.00	3060.00	3060.00	3060.00	3060.00	3060.00	3060.00	3060.00	3060.00	3060.00	3060.00	3060.00	3060.00	3060.00	3060.00	3060.00	3059.00	3059.00	3059.00	3059.00	3059.00	3059.00	3059.00	3059.00	3059.00	3058.00	3058.00	3058.00	3058.00	3058.00	3058.00	3058.00	3058.00	3058.00	3058.00	3058.00	3058.00	3058.00	3058.00	3058.00	3058.00	3058.00	3058.00	3058.00	3058.00	3058.00	3058.00	3058.00	3057.00	3057.00	3057.00	3057.00	3057.00	3057.00	3057.00	3057.00	3057.00	3057.00	3056.00	3056.00	3056.00	3056.00	3056.00
3081.00	3080.00	3080.00	3080.00	3080.00	3079.00	3079.00	3079.00	3079.00	3079.00	3078.00	3078.00	3078.00	3078.00	3077.00	3077.00	3077.00	3077.00	3077.00	3077.00	3077.00	3076.00	3076.00	3076.00	3076.00	3076.00	3076.00	3076.00	3075.00	3075.00	3075.00	3075.00	3075.00	3074.00	3074.00	3074.00	3074.00	3073.00	3073.00	3073.00	3073.00	3073.00	3072.00	3072.00	3072.00	3072.00	3072.00	3072.00	3071.00	3071.00	3071.00	3071.00	3070.00	3070.00	3070.00	3069.00	3069.00	3069.00	3069.00	3069.00	3069.00	3068.00	3068.00	3068.00	3068.00	3068.00	3067.00	3067.00	3067.00	3067.00	3067.00	3067.00	3066.00	3066.00	3066.00	3066.00	3065.00	3065.00	3065.00	3065.00	3065.00	3065.00	3065.00	3064.00	3064.00	3064.00	3064.00	3064.00	3063.00	3063.00	3063.00	3063.00	3063.00	3062.00	3062.00	3062.00	3062.00	3062.00	3062.00	3061.00	3061.00	3061.00	3061.00	3061.00	3061.00	3061.00	3061.00	3061.00	3061.00	3061.00	3061.00	3061.00	3061.00	3061.00	3061.00	3061.00	3061.00	3061.00	3061.00	3061.00	3061.00	3061.00	3061.00	3061.00	3061.00	3061.00	3061.00	3061.00	3061.00	3061.00	3061.00	3061.00	3061.00	3061.00	3061.00	3061.00	3061.00	3061.00	3061.00	3061.00	3061.00	3061.00	3061.00	3061.00	3061.00	3061.00	3061.00	3061.00	3061.00	3061.00	3061.00	3061.00	3061.00	3061.00	3061.00	3061.00	3061.00	3061.00	3061.00	3061.00	3061.00	3061.00	3061.00	3061.00	3061.00	3061.00	3061.00	3061.00	3061.00	3061.00	3061.00	3061.00	3061.00	3061.00	3061.00	3061.00	3061.00	3061.00	3061.00	3060.00	3060.00	3060.00	3060.00	3060.00	3060.00	3060.00	3060.00	3060.00	3060.00	3060.00	3060.00	3060.00	3060.00	3060.00	3060.00	3060.00	3060.00	3060.00	3060.00	3060.00	3060.00	3060.00	3060.00	3060.00	3060.00	3060.00	3060.00	3060.00	3060.00	3059.00	3059.00	3059.00	3059.00	3059.00	3059.00	3059.00	3059.00	3059.00	3058.00	3058.00	3058.00	3058.00	3058.00	3058.00	3058.00	3058.00	3058.00	3058.00	3058.00	3058.00	3058.00	3058.00	3058.00	3058.00	3058.00	3058.00	3058.00	3058.00	3058.00	3058.00	3058.00	3057.00	3057.00	3057.00	3057.00	3057.00	3057.00	3057.00	3057.00	3057.00	3057.00	3056.00	3056.00	3056.00	3056.00	3056.00
3081.00	3080.00	3080.00	3080.00	3080.00	3079.00	3079.00	3079.00	3079.00	3079.00	3078.00	3078.00	3078.00	3078.00	3077.00	3077.00	3077.00	3077.00	3077.00	3077.00	3077.00	3076.00	3076.00	3076.00	3076.00	3076.00	3076.00	3076.00	3075.00	3075.00	3075.00	3075.00	3075.00	3074.00	3074.00	3074.00	3074.00	3073.00	3073.00	3073.00	3073.00	3073.00	3072.00	3072.00	3072.00	3072.00	3072.00	3072.00	3071.00	3071.00	3071.00	3071.00	3070.00	3070.00	3070.00	3069.00	3069.00	3069.00	3069.00	3069.00	3069.00	3068.00	3068.00	3068.00	3068.00	3068.00	3067.00	3067.00	3067.00	3067.00	3067.00	3067.00	3066.00	3066.00	3066.00	3066.00	3065.00	3065.00	3065.00	3065.00	3065.00	3065.00	3065.00	3064.00	3064.00	3064.00	3064.00	3064.00	3063.00	3063.00	3063.00	3063.00	3063.00	3062.00	3062.00	3062.00	3062.00	3062.00	3062.00	3061.00	3061.00	3061.00	3061.00	3061.00	3061.00	3061.00	3061.00	3061.00	3061.00	3061.00	3061.00	3061.00	3061.00	3061.00	3061.00	3061.00	3061.00	3061.00	3061.00	3061.00	3061.00	3061.00	3061.00	3061.00	3061.00	3061.00	3061.00	3061.00	3061.00	3061.00	3061.00	3061.00	3061.00	3061.00	3061.00	3061.00	3061.00	3061.00	3061.00	3061.00	3061.00	3061.00	3061.00	3061.00	3061.00	3061.00	3061.00	3061.00	3061.00	3061.00	3061.00	3061.00	3061.00	3061.00	3061.00	3061.00	3061.00	3061.00	3061.00	3061.00	3061.00	3061.00	3061.00	3061.00	3061.00	3061.00	3061.00	3061.00	3061.00	3061.00	3061.00	3061.00	3061.00	3061.00	3061.00	3061.00	3061.00	3061.00	3061.00	3060.00	3060.00	3060.00	3060.00	3060.00	3060.00	3060.00	3060.00	3060.00	3060.00	3060.00	3060.00	3060.00	3060.00	3060.00	3060.00	3060.00	3060.00	3060.00	3060.00	3060.00	3060.00	3060.00	3060.00	3060.00	3060.00	3060.00	3060.00	3060.00	3060.00	3059.00	3059.00	3059.00	3059.00	3059.00	3059.00	3059.00	3059.00	3059.00	3058.00	3058.00	3058.00	3058.00	3058.00	3058.00	3058.00	3058.00	3058.00	3058.00	3058.00	3058.00	3058.00	3058.00	3058.00	3058.00	3058.00	3058.00	3058.00	3058.00	3058.00	3058.00	3058.00	3057.00	3057.00	3057.00	3057.00	3057.00	3057.00	3057.00	3057.00	3057.00	3057.00	3056.00	3056.00	3056.00	3056.00	3056.00
3081.00	3080.00	3080.00	3080.00	3080.00	3079.00	3079.00	3079.00	3079.00	3079.00	3078.00	3078.00	3078.00	3078.00	3077.00	3077.00	3077.00	3077.00	3077.00	3077.00	3077.00	3076.00	3076.00	3076.00	3076.00	3076.00	3076.00	3076.00	3075.00	3075.00	3075.00	3075.00	3075.00	3074.00	3074.00	3074.00	3074.00	3073.00	3073.00	3073.00	3073.00	3073.00	3072.00	3072.00	3072.00	3072.00	3072.00	3072.00	3071.00	3071.00	3071.00	3071.00	3070.00	3070.00	3070.00	3069.00	3069.00	3069.00	3069.00	3069.00	3069.00	3068.00	3068.00	3068.00	3068.00	3068.00	3067.00	3067.00	3067.00	3067.00	3067.00	3067.00	3066.00	3066.00	3066.00	3066.00	3065.00	3065.00	3065.00	3065.00	3065.00	3065.00	3065.00	3064.00	3064.00	3064.00	3064.00	3064.00	3063.00	3063.00	3063.00	3063.00	3063.00	3062.00	3062.00	3062.00	3062.00	3062.00	3062.00	3061.00	3061.00	3061.00	3061.00	3061.00	3061.00	3061.00	3061.00	3061.00	3061.00	3061.00	3061.00	3061.00	3061.00	3061.00	3061.00	3061.00	3061.00	3061.00	3061.00	3061.00	3061.00	3061.00	3061.00	3061.00	3061.00	3061.00	3061.00	3061.00	3061.00	3061.00	3061.00	3061.00	3061.00	3061.00	3061.00	3061.00	3061.00	3061.00	3061.00	3061.00	3061.00	3061.00	3061.00	3061.00	3061.00	3061.00	3061.00	3061.00	3061.00	3061.00	3061.00	3061.00	3061.00	3061.00	3061.00	3061.00	3061.00	3061.00	3061.00	3061.00	3061.00	3061.00	3061.00	3061.00	3061.00	3061.00	3061.00	3061.00	3061.00	3061.00	3061.00	3061.00	3061.00	3061.00	3061.00	3061.00	3061.00	3061.00	3061.00	3060.00	3060.00	3060.00	3060.00	3060.00	3060.00	3060.00	3060.00	3060.00	3060.00	3060.00	3060.00	3060.00	3060.00	3060.00	3060.00	3060.00	3060.00	3060.00	3060.00	3060.00	3060.00	3060.00	3060.00	3060.00	3060.00	3060.00	3060.00	3060.00	3060.00	3059.00	3059.00	3059.00	3059.00	3059.00	3059.00	3059.00	3059.00	3059.00	3058.00	3058.00	3058.00	3058.00	3058.00	3058.00	3058.00	3058.00	3058.00	3058.00	3058.00	3058.00	3058.00	3058.00	3058.00	3058.00	3058.00	3058.00	3058.00	3058.00	3058.00	3058.00	3058.00	3057.00	3057.00	3057.00	3057.00	3057.00	3057.00	3057.00	3057.00	3057.00	3057.00	3056.00	3056.00	3056.00	3056.00	3056.00
3081.00	3080.00	3080.00	3080.00	3080.00	3079.00	3079.00	3079.00	3079.00	3079.00	3078.00	3078.00	3078.00	3078.00	3077.00	3077.00	3077.00	3077.00	3077.00	3077.00	3077.00	3076.00	3076.00	3076.00	3076.00	3076.00	3076.00	3076.00	3075.00	3075.00	3075.00	3075.00	3075.00	3074.00	3074.00	3074.00	3074.00	3073.00	3073.00	3073.00	3073.00	3073.00	3072.00	3072.00	3072.00	3072.00	3072.00	3072.00	3071.00	3071.00	3071.00	3071.00	3070.00	3070.00	3070.00	3069.00	3069.00	3069.00	3069.00	3069.00	3069.00	3068.00	3068.00	3068.00	3068.00	3068.00	3067.00	3067.00	3067.00	3067.00	3067.00	3067.00	3066.00	3066.00	3066.00	3066.00	3065.00	3065.00	3065.00	3065.00	3065.00	3065.00	3065.00	3064.00	3064.00	3064.00	3064.00	3064.00	3063.00	3063.00	3063.00	3063.00	3063.00	3062.00	3062.00	3062.00	3062.00	3062.00	3062.00	3061.00	3061.00	3061.00	3061.00	3061.00	3061.00	3061.00	3061.00	3061.00	3061.00	3061.00	3061.00	3061.00	3061.00	3061.00	3061.00	3061.00	3061.00	3061.00	3061.00	3061.00	3061.00	3061.00	3061.00	3061.00	3061.00	3061.00	3061.00	3061.00	3061.00	3061.00	3061.00	3061.00	3061.00	3061.00	3061.00	3061.00	3061.00	3061.00	3061.00	3061.00	3061.00	3061.00	3061.00	3061.00	3061.00	3061.00	3061.00	3061.00	3061.00	3061.00	3061.00	3061.00	3061.00	3061.00	3061.00	3061.00	3061.00	3061.00	3061.00	3061.00	3061.00	3061.00	3061.00	3061.00	3061.00	3061.00	3061.00	3061.00	3061.00	3061.00	3061.00	3061.00	3061.00	3061.00	3061.00	3061.00	3061.00	3061.00	3061.00	3060.00	3060.00	3060.00	3060.00	3060.00	3060.00	3060.00	3060.00	3060.00	3060.00	3060.00	3060.00	3060.00	3060.00	3060.00	3060.00	3060.00	3060.00	3060.00	3060.00	3060.00	3060.00	3060.00	3060.00	3060.00	3060.00	3060.00	3060.00	3060.00	3060.00	3059.00	3059.00	3059.00	3059.00	3059.00	3059.00	3059.00	3059.00	3059.00	3058.00	3058.00	3058.00	3058.00	3058.00	3058.00	3058.00	3058.00	3058.00	3058.00	3058.00	3058.00	3058.00	3058.00	3058.00	3058.00	3058.00	3058.00	3058.00	3058.00	3058.00	3058.00	3058.00	3057.00	3057.00	3057.00	3057.00	3057.00	3057.00	3057.00	3057.00	3057.00	3057.00	3056.00	3056.00	3056.00	3056.00	3056.00
3081.00	3080.00	3080.00	3080.00	3080.00	3079.00	3079.00	3079.00	3079.00	3079.00	3078.00	3078.00	3078.00	3078.00	3077.00	3077.00	3077.00	3077.00	3077.00	3077.00	3077.00	3076.00	3076.00	3076.00	3076.00	3076.00	3076.00	3076.00	3075.00	3075.00	3075.00	3075.00	3075.00	3074.00	3074.00	3074.00	3074.00	3073.00	3073.00	3073.00	3073.00	3073.00	3072.00	3072.00	3072.00	3072.00	3072.00	3072.00	3071.00	3071.00	3071.00	3071.00	3070.00	3070.00	3070.00	3069.00	3069.00	3069.00	3069.00	3069.00	3069.00	3068.00	3068.00	3068.00	3068.00	3068.00	3067.00	3067.00	3067.00	3067.00	3067.00	3067.00	3066.00	3066.00	3066.00	3066.00	3065.00	3065.00	3065.00	3065.00	3065.00	3065.00	3065.00	3064.00	3064.00	3064.00	3064.00	3064.00	3063.00	3063.00	3063.00	3063.00	3063.00	3062.00	3062.00	3062.00	3062.00	3062.00	3062.00	3061.00	3061.00	3061.00	3061.00	3061.00	3061.00	3061.00	3061.00	3061.00	3061.00	3061.00	3061.00	3061.00	3061.00	3061.00	3061.00	3061.00	3061.00	3061.00	3061.00	3061.00	3061.00	3061.00	3061.00	3061.00	3061.00	3061.00	3061.00	3061.00	3061.00	3061.00	3061.00	3061.00	3061.00	3061.00	3061.00	3061.00	3061.00	3061.00	3061.00	3061.00	3061.00	3061.00	3061.00	3061.00	3061.00	3061.00	3061.00	3061.00	3061.00	3061.00	3061.00	3061.00	3061.00	3061.00	3061.00	3061.00	3061.00	3061.00	3061.00	3061.00	3061.00	3061.00	3061.00	3061.00	3061.00	3061.00	3061.00	3061.00	3061.00	3061.00	3061.00	3061.00	3061.00	3061.00	3061.00	3061.00	3061.00	3061.00	3061.00	3060.00	3060.00	3060.00	3060.00	3060.00	3060.00	3060.00	3060.00	3060.00	3060.00	3060.00	3060.00	3060.00	3060.00	3060.00	3060.00	3060.00	3060.00	3060.00	3060.00	3060.00	3060.00	3060.00	3060.00	3060.00	3060.00	3060.00	3060.00	3060.00	3060.00	3059.00	3059.00	3059.00	3059.00	3059.00	3059.00	3059.00	3059.00	3059.00	3058.00	3058.00	3058.00	3058.00	3058.00	3058.00	3058.00	3058.00	3058.00	3058.00	3058.00	3058.00	3058.00	3058.00	3058.00	3058.00	3058.00	3058.00	3058.00	3058.00	3058.00	3058.00	3058.00	3057.00	3057.00	3057.00	3057.00	3057.00	3057.00	3057.00	3057.00	3057.00	3057.00	3056.00	3056.00	3056.00	3056.00	3056.00
3081.00	3080.00	3080.00	3080.00	3080.00	3079.00	3079.00	3079.00	3079.00	3079.00	3078.00	3078.00	3078.00	3078.00	3077.00	3077.00	3077.00	3077.00	3077.00	3077.00	3077.00	3076.00	3076.00	3076.00	3076.00	3076.00	3076.00	3076.00	3075.00	3075.00	3075.00	3075.00	3075.00	3074.00	3074.00	3074.00	3074.00	3073.00	3073.00	3073.00	3073.00	3073.00	3072.00	3072.00	3072.00	3072.00	3072.00	3072.00	3071.00	3071.00	3071.00	3071.00	3070.00	3070.00	3070.00	3069.00	3069.00	3069.00	3069.00	3069.00	3069.00	3068.00	3068.00	3068.00	3068.00	3068.00	3067.00	3067.00	3067.00	3067.00	3067.00	3067.00	3066.00	3066.00	3066.00	3066.00	3065.00	3065.00	3065.00	3065.00	3065.00	3065.00	3065.00	3064.00	3064.00	3064.00	3064.00	3064.00	3063.00	3063.00	3063.00	3063.00	3063.00	3062.00	3062.00	3062.00	3062.00	3062.00	3062.00	3061.00	3061.00	3061.00	3061.00	3061.00	3061.00	3061.00	3061.00	3061.00	3061.00	3061.00	3061.00	3061.00	3061.00	3061.00	3061.00	3061.00	3061.00	3061.00	3061.00	3061.00	3061.00	3061.00	3061.00	3061.00	3061.00	3061.00	3061.00	3061.00	3061.00	3061.00	3061.00	3061.00	3061.00	3061.00	3061.00	3061.00	3061.00	3061.00	3061.00	3061.00	3061.00	3061.00	3061.00	3061.00	3061.00	3061.00	3061.00	3061.00	3061.00	3061.00	3061.00	3061.00	3061.00	3061.00	3061.00	3061.00	3061.00	3061.00	3061.00	3061.00	3061.00	3061.00	3061.00	3061.00	3061.00	3061.00	3061.00	3061.00	3061.00	3061.00	3061.00	3061.00	3061.00	3061.00	3061.00	3061.00	3061.00	3061.00	3061.00	3060.00	3060.00	3060.00	3060.00	3060.00	3060.00	3060.00	3060.00	3060.00	3060.00	3060.00	3060.00	3060.00	3060.00	3060.00	3060.00	3060.00	3060.00	3060.00	3060.00	3060.00	3060.00	3060.00	3060.00	3060.00	3060.00	3060.00	3060.00	3060.00	3060.00	3059.00	3059.00	3059.00	3059.00	3059.00	3059.00	3059.00	3059.00	3059.00	3058.00	3058.00	3058.00	3058.00	3058.00	3058.00	3058.00	3058.00	3058.00	3058.00	3058.00	3058.00	3058.00	3058.00	3058.00	3058.00	3058.00	3058.00	3058.00	3058.00	3058.00	3058.00	3058.00	3057.00	3057.00	3057.00	3057.00	3057.00	3057.00	3057.00	3057.00	3057.00	3057.00	3056.00	3056.00	3056.00	3056.00	3056.00
3081.00	3080.00	3080.00	3080.00	3080.00	3079.00	3079.00	3079.00	3079.00	3079.00	3078.00	3078.00	3078.00	3078.00	3077.00	3077.00	3077.00	3077.00	3077.00	3077.00	3077.00	3076.00	3076.00	3076.00	3076.00	3076.00	3076.00	3076.00	3075.00	3075.00	3075.00	3075.00	3075.00	3074.00	3074.00	3074.00	3074.00	3073.00	3073.00	3073.00	3073.00	3073.00	3072.00	3072.00	3072.00	3072.00	3072.00	3072.00	3071.00	3071.00	3071.00	3071.00	3070.00	3070.00	3070.00	3069.00	3069.00	3069.00	3069.00	3069.00	3069.00	3068.00	3068.00	3068.00	3068.00	3068.00	3067.00	3067.00	3067.00	3067.00	3067.00	3067.00	3066.00	3066.00	3066.00	3066.00	3065.00	3065.00	3065.00	3065.00	3065.00	3065.00	3065.00	3064.00	3064.00	3064.00	3064.00	3064.00	3063.00	3063.00	3063.00	3063.00	3063.00	3062.00	3062.00	3062.00	3062.00	3062.00	3062.00	3061.00	3061.00	3061.00	3061.00	3061.00	3061.00	3061.00	3061.00	3061.00	3061.00	3061.00	3061.00	3061.00	3061.00	3061.00	3061.00	3061.00	3061.00	3061.00	3061.00	3061.00	3061.00	3061.00	3061.00	3061.00	3061.00	3061.00	3061.00	3061.00	3061.00	3061.00	3061.00	3061.00	3061.00	3061.00	3061.00	3061.00	3061.00	3061.00	3061.00	3061.00	3061.00	3061.00	3061.00	3061.00	3061.00	3061.00	3061.00	3061.00	3061.00	3061.00	3061.00	3061.00	3061.00	3061.00	3061.00	3061.00	3061.00	3061.00	3061.00	3061.00	3061.00	3061.00	3061.00	3061.00	3061.00	3061.00	3061.00	3061.00	3061.00	3061.00	3061.00	3061.00	3061.00	3061.00	3061.00	3061.00	3061.00	3061.00	3061.00	3060.00	3060.00	3060.00	3060.00	3060.00	3060.00	3060.00	3060.00	3060.00	3060.00	3060.00	3060.00	3060.00	3060.00	3060.00	3060.00	3060.00	3060.00	3060.00	3060.00	3060.00	3060.00	3060.00	3060.00	3060.00	3060.00	3060.00	3060.00	3060.00	3060.00	3059.00	3059.00	3059.00	3059.00	3059.00	3059.00	3059.00	3059.00	3059.00	3058.00	3058.00	3058.00	3058.00	3058.00	3058.00	3058.00	3058.00	3058.00	3058.00	3058.00	3058.00	3058.00	3058.00	3058.00	3058.00	3058.00	3058.00	3058.00	3058.00	3058.00	3058.00	3058.00	3057.00	3057.00	3057.00	3057.00	3057.00	3057.00	3057.00	3057.00	3057.00	3057.00	3056.00	3056.00	3056.00	3056.00	3056.00
3081.00	3080.00	3080.00	3080.00	3080.00	3079.00	3079.00	3079.00	3079.00	3079.00	3078.00	3078.00	3078.00	3078.00	3077.00	3077.00	3077.00	3077.00	3077.00	3077.00	3077.00	3076.00	3076.00	3076.00	3076.00	3076.00	3076.00	3076.00	3075.00	3075.00	3075.00	3075.00	3075.00	3074.00	3074.00	3074.00	3074.00	3073.00	3073.00	3073.00	3073.00	3073.00	3072.00	3072.00	3072.00	3072.00	3072.00	3072.00	3071.00	3071.00	3071.00	3071.00	3070.00	3070.00	3070.00	3069.00	3069.00	3069.00	3069.00	3069.00	3069.00	3068.00	3068.00	3068.00	3068.00	3068.00	3067.00	3067.00	3067.00	3067.00	3067.00	3067.00	3066.00	3066.00	3066.00	3066.00	3065.00	3065.00	3065.00	3065.00	3065.00	3065.00	3065.00	3064.00	3064.00	3064.00	3064.00	3064.00	3063.00	3063.00	3063.00	3063.00	3063.00	3062.00	3062.00	3062.00	3062.00	3062.00	3062.00	3061.00	3061.00	3061.00	3061.00	3061.00	3061.00	3061.00	3061.00	3061.00	3061.00	3061.00	3061.00	3061.00	3061.00	3061.00	3061.00	3061.00	3061.00	3061.00	3061.00	3061.00	3061.00	3061.00	3061.00	3061.00	3061.00	3061.00	3061.00	3061.00	3061.00	3061.00	3061.00	3061.00	3061.00	3061.00	3061.00	3061.00	3061.00	3061.00	3061.00	3061.00	3061.00	3061.00	3061.00	3061.00	3061.00	3061.00	3061.00	3061.00	3061.00	3061.00	3061.00	3061.00	3061.00	3061.00	3061.00	3061.00	3061.00	3061.00	3061.00	3061.00	3061.00	3061.00	3061.00	3061.00	3061.00	3061.00	3061.00	3061.00	3061.00	3061.00	3061.00	3061.00	3061.00	3061.00	3061.00	3061.00	3061.00	3061.00	3061.00	3060.00	3060.00	3060.00	3060.00	3060.00	3060.00	3060.00	3060.00	3060.00	3060.00	3060.00	3060.00	3060.00	3060.00	3060.00	3060.00	3060.00	3060.00	3060.00	3060.00	3060.00	3060.00	3060.00	3060.00	3060.00	3060.00	3060.00	3060.00	3060.00	3060.00	3059.00	3059.00	3059.00	3059.00	3059.00	3059.00	3059.00	3059.00	3059.00	3058.00	3058.00	3058.00	3058.00	3058.00	3058.00	3058.00	3058.00	3058.00	3058.00	3058.00	3058.00	3058.00	3058.00	3058.00	3058.00	3058.00	3058.00	3058.00	3058.00	3058.00	3058.00	3058.00	3057.00	3057.00	3057.00	3057.00	3057.00	3057.00	3057.00	3057.00	3057.00	3057.00	3056.00	3056.00	3056.00	3056.00	3056.00
3081.00	3080.00	3080.00	3080.00	3080.00	3079.00	3079.00	3079.00	3079.00	3079.00	3078.00	3078.00	3078.00	3078.00	3077.00	3077.00	3077.00	3077.00	3077.00	3077.00	3077.00	3076.00	3076.00	3076.00	3076.00	3076.00	3076.00	3076.00	3075.00	3075.00	3075.00	3075.00	3075.00	3074.00	3074.00	3074.00	3074.00	3073.00	3073.00	3073.00	3073.00	3073.00	3072.00	3072.00	3072.00	3072.00	3072.00	3072.00	3071.00	3071.00	3071.00	3071.00	3070.00	3070.00	3070.00	3069.00	3069.00	3069.00	3069.00	3069.00	3069.00	3068.00	3068.00	3068.00	3068.00	3068.00	3067.00	3067.00	3067.00	3067.00	3067.00	3067.00	3066.00	3066.00	3066.00	3066.00	3065.00	3065.00	3065.00	3065.00	3065.00	3065.00	3065.00	3064.00	3064.00	3064.00	3064.00	3064.00	3063.00	3063.00	3063.00	3063.00	3063.00	3062.00	3062.00	3062.00	3062.00	3062.00	3062.00	3061.00	3061.00	3061.00	3061.00	3061.00	3061.00	3061.00	3061.00	3061.00	3061.00	3061.00	3061.00	3061.00	3061.00	3061.00	3061.00	3061.00	3061.00	3061.00	3061.00	3061.00	3061.00	3061.00	3061.00	3061.00	3061.00	3061.00	3061.00	3061.00	3061.00	3061.00	3061.00	3061.00	3061.00	3061.00	3061.00	3061.00	3061.00	3061.00	3061.00	3061.00	3061.00	3061.00	3061.00	3061.00	3061.00	3061.00	3061.00	3061.00	3061.00	3061.00	3061.00	3061.00	3061.00	3061.00	3061.00	3061.00	3061.00	3061.00	3061.00	3061.00	3061.00	3061.00	3061.00	3061.00	3061.00	3061.00	3061.00	3061.00	3061.00	3061.00	3061.00	3061.00	3061.00	3061.00	3061.00	3061.00	3061.00	3061.00	3061.00	3060.00	3060.00	3060.00	3060.00	3060.00	3060.00	3060.00	3060.00	3060.00	3060.00	3060.00	3060.00	3060.00	3060.00	3060.00	3060.00	3060.00	3060.00	3060.00	3060.00	3060.00	3060.00	3060.00	3060.00	3060.00	3060.00	3060.00	3060.00	3060.00	3060.00	3059.00	3059.00	3059.00	3059.00	3059.00	3059.00	3059.00	3059.00	3059.00	3058.00	3058.00	3058.00	3058.00	3058.00	3058.00	3058.00	3058.00	3058.00	3058.00	3058.00	3058.00	3058.00	3058.00	3058.00	3058.00	3058.00	3058.00	3058.00	3058.00	3058.00	3058.00	3058.00	3057.00	3057.00	3057.00	3057.00	3057.00	3057.00	3057.00	3057.00	3057.00	3057.00	3056.00	3056.00	3056.00	3056.00	3056.00
3080.00	3079.00	3079.00	3079.00	3079.00	3079.00	3079.00	3078.00	3078.00	3078.00	3078.00	3078.00	3077.00	3077.00	3077.00	3077.00	3076.00	3076.00	3076.00	3076.00	3076.00	3075.00	3075.00	3075.00	3075.00	3074.00	3074.00	3074.00	3074.00	3074.00	3073.00	3073.00	3073.00	3073.00	3072.00	3072.00	3072.00	3072.00	3072.00	3072.00	3071.00	3071.00	3071.00	3071.00	3070.00	3070.00	3070.00	3070.00	3070.00	3069.00	3069.00	3069.00	3069.00	3068.00	3068.00	3068.00	3068.00	3068.00	3067.00	3067.00	3067.00	3066.00	3066.00	3066.00	3066.00	3066.00	3066.00	3065.00	3065.00	3065.00	3065.00	3065.00	3064.00	3064.00	3064.00	3064.00	3063.00	3063.00	3063.00	3063.00	3063.00	3063.00	3063.00	3062.00	3062.00	3062.00	3062.00	3062.00	3061.00	3061.00	3061.00	3061.00	3061.00	3061.00	3061.00	3060.00	3060.00	3060.00	3060.00	3060.00	3060.00	3060.00	3060.00	3060.00	3060.00	3060.00	3060.00	3060.00	3060.00	3060.00	3060.00	3060.00	3060.00	3060.00	3060.00	3060.00	3060.00	3060.00	3060.00	3060.00	3060.00	3060.00	3060.00	3060.00	3060.00	3060.00	3060.00	3060.00	3060.00	3060.00	3060.00	3060.00	3060.00	3060.00	3060.00	3060.00	3060.00	3060.00	3060.00	3060.00	3060.00	3060.00	3060.00	3060.00	3060.00	3060.00	3060.00	3060.00	3060.00	3061.00	3061.00	3061.00	3061.00	3061.00	3061.00	3061.00	3061.00	3061.00	3061.00	3061.00	3061.00	3061.00	3061.00	3061.00	3061.00	3061.00	3061.00	3061.00	3061.00	3061.00	3061.00	3061.00	3061.00	3061.00	3061.00	3061.00	3061.00	3061.00	3061.00	3061.00	3061.00	3061.00	3061.00	3061.00	3061.00	3061.00	3061.00	3061.00	3061.00	3061.00	3060.00	3060.00	3060.00	3060.00	3060.00	3060.00	3060.00	3060.00	3060.00	3060.00	3060.00	3060.00	3060.00	3060.00	3060.00	3060.00	3060.00	3060.00	3060.00	3060.00	3060.00	3059.00	3059.00	3059.00	3059.00	3059.00	3059.00	3059.00	3059.00	3059.00	3059.00	3058.00	3058.00	3058.00	3058.00	3058.00	3058.00	3058.00	3058.00	3058.00	3058.00	3058.00	3058.00	3058.00	3058.00	3058.00	3057.00	3057.00	3057.00	3057.00	3057.00	3057.00	3057.00	3057.00	3057.00	3057.00	3057.00	3057.00	3056.00	3056.00	3056.00	3056.00	3056.00	3056.00	3055.00	3055.00
3080.00	3079.00	3079.00	3079.00	3079.00	3079.00	3079.00	3078.00	3078.00	3078.00	3078.00	3078.00	3077.00	3077.00	3077.00	3077.00	3076.00	3076.00	3076.00	3076.00	3076.00	3075.00	3075.00	3075.00	3075.00	3074.00	3074.00	3074.00	3074.00	3074.00	3073.00	3073.00	3073.00	3073.00	3072.00	3072.00	3072.00	3072.00	3072.00	3072.00	3071.00	3071.00	3071.00	3071.00	3070.00	3070.00	3070.00	3070.00	3070.00	3069.00	3069.00	3069.00	3069.00	3068.00	3068.00	3068.00	3068.00	3068.00	3067.00	3067.00	3067.00	3066.00	3066.00	3066.00	3066.00	3066.00	3066.00	3065.00	3065.00	3065.00	3065.00	3065.00	3064.00	3064.00	3064.00	3064.00	3063.00	3063.00	3063.00	3063.00	3063.00	3063.00	3063.00	3062.00	3062.00	3062.00	3062.00	3062.00	3061.00	3061.00	3061.00	3061.00	3061.00	3061.00	3061.00	3060.00	3060.00	3060.00	3060.00	3060.00	3060.00	3060.00	3060.00	3060.00	3060.00	3060.00	3060.00	3060.00	3060.00	3060.00	3060.00	3060.00	3060.00	3060.00	3060.00	3060.00	3060.00	3060.00	3060.00	3060.00	3060.00	3060.00	3060.00	3060.00	3060.00	3060.00	3060.00	3060.00	3060.00	3060.00	3060.00	3060.00	3060.00	3060.00	3060.00	3060.00	3060.00	3060.00	3060.00	3060.00	3060.00	3060.00	3060.00	3060.00	3060.00	3060.00	3060.00	3060.00	3060.00	3061.00	3061.00	3061.00	3061.00	3061.00	3061.00	3061.00	3061.00	3061.00	3061.00	3061.00	3061.00	3061.00	3061.00	3061.00	3061.00	3061.00	3061.00	3061.00	3061.00	3061.00	3061.00	3061.00	3061.00	3061.00	3061.00	3061.00	3061.00	3061.00	3061.00	3061.00	3061.00	3061.00	3061.00	3061.00	3061.00	3061.00	3061.00	3061.00	3061.00	3061.00	3060.00	3060.00	3060.00	3060.00	3060.00	3060.00	3060.00	3060.00	3060.00	3060.00	3060.00	3060.00	3060.00	3060.00	3060.00	3060.00	3060.00	3060.00	3060.00	3060.00	3060.00	3059.00	3059.00	3059.00	3059.00	3059.00	3059.00	3059.00	3059.00	3059.00	3059.00	3058.00	3058.00	3058.00	3058.00	3058.00	3058.00	3058.00	3058.00	3058.00	3058.00	3058.00	3058.00	3058.00	3058.00	3058.00	3057.00	3057.00	3057.00	3057.00	3057.00	3057.00	3057.00	3057.00	3057.00	3057.00	3057.00	3057.00	3056.00	3056.00	3056.00	3056.00	3056.00	3056.00	3055.00	3055.00
3080.00	3079.00	3079.00	3079.00	3079.00	3079.00	3079.00	3078.00	3078.00	3078.00	3078.00	3078.00	3077.00	3077.00	3077.00	3077.00	3076.00	3076.00	3076.00	3076.00	3076.00	3075.00	3075.00	3075.00	3075.00	3074.00	3074.00	3074.00	3074.00	3074.00	3073.00	3073.00	3073.00	3073.00	3072.00	3072.00	3072.00	3072.00	3072.00	3072.00	3071.00	3071.00	3071.00	3071.00	3070.00	3070.00	3070.00	3070.00	3070.00	3069.00	3069.00	3069.00	3069.00	3068.00	3068.00	3068.00	3068.00	3068.00	3067.00	3067.00	3067.00	3066.00	3066.00	3066.00	3066.00	3066.00	3066.00	3065.00	3065.00	3065.00	3065.00	3065.00	3064.00	3064.00	3064.00	3064.00	3063.00	3063.00	3063.00	3063.00	3063.00	3063.00	3063.00	3062.00	3062.00	3062.00	3062.00	3062.00	3061.00	3061.00	3061.00	3061.00	3061.00	3061.00	3061.00	3060.00	3060.00	3060.00	3060.00	3060.00	3060.00	3060.00	3060.00	3060.00	3060.00	3060.00	3060.00	3060.00	3060.00	3060.00	3060.00	3060.00	3060.00	3060.00	3060.00	3060.00	3060.00	3060.00	3060.00	3060.00	3060.00	3060.00	3060.00	3060.00	3060.00	3060.00	3060.00	3060.00	3060.00	3060.00	3060.00	3060.00	3060.00	3060.00	3060.00	3060.00	3060.00	3060.00	3060.00	3060.00	3060.00	3060.00	3060.00	3060.00	3060.00	3060.00	3060.00	3060.00	3060.00	3061.00	3061.00	3061.00	3061.00	3061.00	3061.00	3061.00	3061.00	3061.00	3061.00	3061.00	3061.00	3061.00	3061.00	3061.00	3061.00	3061.00	3061.00	3061.00	3061.00	3061.00	3061.00	3061.00	3061.00	3061.00	3061.00	3061.00	3061.00	3061.00	3061.00	3061.00	3061.00	3061.00	3061.00	3061.00	3061.00	3061.00	3061.00	3061.00	3061.00	3061.00	3060.00	3060.00	3060.00	3060.00	3060.00	3060.00	3060.00	3060.00	3060.00	3060.00	3060.00	3060.00	3060.00	3060.00	3060.00	3060.00	3060.00	3060.00	3060.00	3060.00	3060.00	3059.00	3059.00	3059.00	3059.00	3059.00	3059.00	3059.00	3059.00	3059.00	3059.00	3058.00	3058.00	3058.00	3058.00	3058.00	3058.00	3058.00	3058.00	3058.00	3058.00	3058.00	3058.00	3058.00	3058.00	3058.00	3057.00	3057.00	3057.00	3057.00	3057.00	3057.00	3057.00	3057.00	3057.00	3057.00	3057.00	3057.00	3056.00	3056.00	3056.00	3056.00	3056.00	3056.00	3055.00	3055.00
3080.00	3079.00	3079.00	3079.00	3079.00	3079.00	3079.00	3078.00	3078.00	3078.00	3078.00	3078.00	3077.00	3077.00	3077.00	3077.00	3076.00	3076.00	3076.00	3076.00	3076.00	3075.00	3075.00	3075.00	3075.00	3074.00	3074.00	3074.00	3074.00	3074.00	3073.00	3073.00	3073.00	3073.00	3072.00	3072.00	3072.00	3072.00	3072.00	3072.00	3071.00	3071.00	3071.00	3071.00	3070.00	3070.00	3070.00	3070.00	3070.00	3069.00	3069.00	3069.00	3069.00	3068.00	3068.00	3068.00	3068.00	3068.00	3067.00	3067.00	3067.00	3066.00	3066.00	3066.00	3066.00	3066.00	3066.00	3065.00	3065.00	3065.00	3065.00	3065.00	3064.00	3064.00	3064.00	3064.00	3063.00	3063.00	3063.00	3063.00	3063.00	3063.00	3063.00	3062.00	3062.00	3062.00	3062.00	3062.00	3061.00	3061.00	3061.00	3061.00	3061.00	3061.00	3061.00	3060.00	3060.00	3060.00	3060.00	3060.00	3060.00	3060.00	3060.00	3060.00	3060.00	3060.00	3060.00	3060.00	3060.00	3060.00	3060.00	3060.00	3060.00	3060.00	3060.00	3060.00	3060.00	3060.00	3060.00	3060.00	3060.00	3060.00	3060.00	3060.00	3060.00	3060.00	3060.00	3060.00	3060.00	3060.00	3060.00	3060.00	3060.00	3060.00	3060.00	3060.00	3060.00	3060.00	3060.00	3060.00	3060.00	3060.00	3060.00	3060.00	3060.00	3060.00	3060.00	3060.00	3060.00	3061.00	3061.00	3061.00	3061.00	3061.00	3061.00	3061.00	3061.00	3061.00	3061.00	3061.00	3061.00	3061.00	3061.00	3061.00	3061.00	3061.00	3061.00	3061.00	3061.00	3061.00	3061.00	3061.00	3061.00	3061.00	3061.00	3061.00	3061.00	3061.00	3061.00	3061.00	3061.00	3061.00	3061.00	3061.00	3061.00	3061.00	3061.00	3061.00	3061.00	3061.00	3060.00	3060.00	3060.00	3060.00	3060.00	3060.00	3060.00	3060.00	3060.00	3060.00	3060.00	3060.00	3060.00	3060.00	3060.00	3060.00	3060.00	3060.00	3060.00	3060.00	3060.00	3059.00	3059.00	3059.00	3059.00	3059.00	3059.00	3059.00	3059.00	3059.00	3059.00	3058.00	3058.00	3058.00	3058.00	3058.00	3058.00	3058.00	3058.00	3058.00	3058.00	3058.00	3058.00	3058.00	3058.00	3058.00	3057.00	3057.00	3057.00	3057.00	3057.00	3057.00	3057.00	3057.00	3057.00	3057.00	3057.00	3057.00	3056.00	3056.00	3056.00	3056.00	3056.00	3056.00	3055.00	3055.00
3080.00	3079.00	3079.00	3079.00	3079.00	3079.00	3079.00	3078.00	3078.00	3078.00	3078.00	3078.00	3077.00	3077.00	3077.00	3077.00	3076.00	3076.00	3076.00	3076.00	3076.00	3075.00	3075.00	3075.00	3075.00	3074.00	3074.00	3074.00	3074.00	3074.00	3073.00	3073.00	3073.00	3073.00	3072.00	3072.00	3072.00	3072.00	3072.00	3072.00	3071.00	3071.00	3071.00	3071.00	3070.00	3070.00	3070.00	3070.00	3070.00	3069.00	3069.00	3069.00	3069.00	3068.00	3068.00	3068.00	3068.00	3068.00	3067.00	3067.00	3067.00	3066.00	3066.00	3066.00	3066.00	3066.00	3066.00	3065.00	3065.00	3065.00	3065.00	3065.00	3064.00	3064.00	3064.00	3064.00	3063.00	3063.00	3063.00	3063.00	3063.00	3063.00	3063.00	3062.00	3062.00	3062.00	3062.00	3062.00	3061.00	3061.00	3061.00	3061.00	3061.00	3061.00	3061.00	3060.00	3060.00	3060.00	3060.00	3060.00	3060.00	3060.00	3060.00	3060.00	3060.00	3060.00	3060.00	3060.00	3060.00	3060.00	3060.00	3060.00	3060.00	3060.00	3060.00	3060.00	3060.00	3060.00	3060.00	3060.00	3060.00	3060.00	3060.00	3060.00	3060.00	3060.00	3060.00	3060.00	3060.00	3060.00	3060.00	3060.00	3060.00	3060.00	3060.00	3060.00	3060.00	3060.00	3060.00	3060.00	3060.00	3060.00	3060.00	3060.00	3060.00	3060.00	3060.00	3060.00	3060.00	3061.00	3061.00	3061.00	3061.00	3061.00	3061.00	3061.00	3061.00	3061.00	3061.00	3061.00	3061.00	3061.00	3061.00	3061.00	3061.00	3061.00	3061.00	3061.00	3061.00	3061.00	3061.00	3061.00	3061.00	3061.00	3061.00	3061.00	3061.00	3061.00	3061.00	3061.00	3061.00	3061.00	3061.00	3061.00	3061.00	3061.00	3061.00	3061.00	3061.00	3061.00	3060.00	3060.00	3060.00	3060.00	3060.00	3060.00	3060.00	3060.00	3060.00	3060.00	3060.00	3060.00	3060.00	3060.00	3060.00	3060.00	3060.00	3060.00	3060.00	3060.00	3060.00	3059.00	3059.00	3059.00	3059.00	3059.00	3059.00	3059.00	3059.00	3059.00	3059.00	3058.00	3058.00	3058.00	3058.00	3058.00	3058.00	3058.00	3058.00	3058.00	3058.00	3058.00	3058.00	3058.00	3058.00	3058.00	3057.00	3057.00	3057.00	3057.00	3057.00	3057.00	3057.00	3057.00	3057.00	3057.00	3057.00	3057.00	3056.00	3056.00	3056.00	3056.00	3056.00	3056.00	3055.00	3055.00
3080.00	3079.00	3079.00	3079.00	3079.00	3079.00	3079.00	3078.00	3078.00	3078.00	3078.00	3078.00	3077.00	3077.00	3077.00	3077.00	3076.00	3076.00	3076.00	3076.00	3076.00	3075.00	3075.00	3075.00	3075.00	3074.00	3074.00	3074.00	3074.00	3074.00	3073.00	3073.00	3073.00	3073.00	3072.00	3072.00	3072.00	3072.00	3072.00	3072.00	3071.00	3071.00	3071.00	3071.00	3070.00	3070.00	3070.00	3070.00	3070.00	3069.00	3069.00	3069.00	3069.00	3068.00	3068.00	3068.00	3068.00	3068.00	3067.00	3067.00	3067.00	3066.00	3066.00	3066.00	3066.00	3066.00	3066.00	3065.00	3065.00	3065.00	3065.00	3065.00	3064.00	3064.00	3064.00	3064.00	3063.00	3063.00	3063.00	3063.00	3063.00	3063.00	3063.00	3062.00	3062.00	3062.00	3062.00	3062.00	3061.00	3061.00	3061.00	3061.00	3061.00	3061.00	3061.00	3060.00	3060.00	3060.00	3060.00	3060.00	3060.00	3060.00	3060.00	3060.00	3060.00	3060.00	3060.00	3060.00	3060.00	3060.00	3060.00	3060.00	3060.00	3060.00	3060.00	3060.00	3060.00	3060.00	3060.00	3060.00	3060.00	3060.00	3060.00	3060.00	3060.00	3060.00	3060.00	3060.00	3060.00	3060.00	3060.00	3060.00	3060.00	3060.00	3060.00	3060.00	3060.00	3060.00	3060.00	3060.00	3060.00	3060.00	3060.00	3060.00	3060.00	3060.00	3060.00	3060.00	3060.00	3061.00	3061.00	3061.00	3061.00	3061.00	3061.00	3061.00	3061.00	3061.00	3061.00	3061.00	3061.00	3061.00	3061.00	3061.00	3061.00	3061.00	3061.00	3061.00	3061.00	3061.00	3061.00	3061.00	3061.00	3061.00	3061.00	3061.00	3061.00	3061.00	3061.00	3061.00	3061.00	3061.00	3061.00	3061.00	3061.00	3061.00	3061.00	3061.00	3061.00	3061.00	3060.00	3060.00	3060.00	3060.00	3060.00	3060.00	3060.00	3060.00	3060.00	3060.00	3060.00	3060.00	3060.00	3060.00	3060.00	3060.00	3060.00	3060.00	3060.00	3060.00	3060.00	3059.00	3059.00	3059.00	3059.00	3059.00	3059.00	3059.00	3059.00	3059.00	3059.00	3058.00	3058.00	3058.00	3058.00	3058.00	3058.00	3058.00	3058.00	3058.00	3058.00	3058.00	3058.00	3058.00	3058.00	3058.00	3057.00	3057.00	3057.00	3057.00	3057.00	3057.00	3057.00	3057.00	3057.00	3057.00	3057.00	3057.00	3056.00	3056.00	3056.00	3056.00	3056.00	3056.00	3055.00	3055.00
3080.00	3079.00	3079.00	3079.00	3079.00	3079.00	3079.00	3078.00	3078.00	3078.00	3078.00	3078.00	3077.00	3077.00	3077.00	3077.00	3076.00	3076.00	3076.00	3076.00	3076.00	3075.00	3075.00	3075.00	3075.00	3074.00	3074.00	3074.00	3074.00	3074.00	3073.00	3073.00	3073.00	3073.00	3072.00	3072.00	3072.00	3072.00	3072.00	3072.00	3071.00	3071.00	3071.00	3071.00	3070.00	3070.00	3070.00	3070.00	3070.00	3069.00	3069.00	3069.00	3069.00	3068.00	3068.00	3068.00	3068.00	3068.00	3067.00	3067.00	3067.00	3066.00	3066.00	3066.00	3066.00	3066.00	3066.00	3065.00	3065.00	3065.00	3065.00	3065.00	3064.00	3064.00	3064.00	3064.00	3063.00	3063.00	3063.00	3063.00	3063.00	3063.00	3063.00	3062.00	3062.00	3062.00	3062.00	3062.00	3061.00	3061.00	3061.00	3061.00	3061.00	3061.00	3061.00	3060.00	3060.00	3060.00	3060.00	3060.00	3060.00	3060.00	3060.00	3060.00	3060.00	3060.00	3060.00	3060.00	3060.00	3060.00	3060.00	3060.00	3060.00	3060.00	3060.00	3060.00	3060.00	3060.00	3060.00	3060.00	3060.00	3060.00	3060.00	3060.00	3060.00	3060.00	3060.00	3060.00	3060.00	3060.00	3060.00	3060.00	3060.00	3060.00	3060.00	3060.00	3060.00	3060.00	3060.00	3060.00	3060.00	3060.00	3060.00	3060.00	3060.00	3060.00	3060.00	3060.00	3060.00	3061.00	3061.00	3061.00	3061.00	3061.00	3061.00	3061.00	3061.00	3061.00	3061.00	3061.00	3061.00	3061.00	3061.00	3061.00	3061.00	3061.00	3061.00	3061.00	3061.00	3061.00	3061.00	3061.00	3061.00	3061.00	3061.00	3061.00	3061.00	3061.00	3061.00	3061.00	3061.00	3061.00	3061.00	3061.00	3061.00	3061.00	3061.00	3061.00	3061.00	3061.00	3060.00	3060.00	3060.00	3060.00	3060.00	3060.00	3060.00	3060.00	3060.00	3060.00	3060.00	3060.00	3060.00	3060.00	3060.00	3060.00	3060.00	3060.00	3060.00	3060.00	3060.00	3059.00	3059.00	3059.00	3059.00	3059.00	3059.00	3059.00	3059.00	3059.00	3059.00	3058.00	3058.00	3058.00	3058.00	3058.00	3058.00	3058.00	3058.00	3058.00	3058.00	3058.00	3058.00	3058.00	3058.00	3058.00	3057.00	3057.00	3057.00	3057.00	3057.00	3057.00	3057.00	3057.00	3057.00	3057.00	3057.00	3057.00	3056.00	3056.00	3056.00	3056.00	3056.00	3056.00	3055.00	3055.00
3080.00	3079.00	3079.00	3079.00	3079.00	3079.00	3079.00	3078.00	3078.00	3078.00	3078.00	3078.00	3077.00	3077.00	3077.00	3077.00	3076.00	3076.00	3076.00	3076.00	3076.00	3075.00	3075.00	3075.00	3075.00	3074.00	3074.00	3074.00	3074.00	3074.00	3073.00	3073.00	3073.00	3073.00	3072.00	3072.00	3072.00	3072.00	3072.00	3072.00	3071.00	3071.00	3071.00	3071.00	3070.00	3070.00	3070.00	3070.00	3070.00	3069.00	3069.00	3069.00	3069.00	3068.00	3068.00	3068.00	3068.00	3068.00	3067.00	3067.00	3067.00	3066.00	3066.00	3066.00	3066.00	3066.00	3066.00	3065.00	3065.00	3065.00	3065.00	3065.00	3064.00	3064.00	3064.00	3064.00	3063.00	3063.00	3063.00	3063.00	3063.00	3063.00	3063.00	3062.00	3062.00	3062.00	3062.00	3062.00	3061.00	3061.00	3061.00	3061.00	3061.00	3061.00	3061.00	3060.00	3060.00	3060.00	3060.00	3060.00	3060.00	3060.00	3060.00	3060.00	3060.00	3060.00	3060.00	3060.00	3060.00	3060.00	3060.00	3060.00	3060.00	3060.00	3060.00	3060.00	3060.00	3060.00	3060.00	3060.00	3060.00	3060.00	3060.00	3060.00	3060.00	3060.00	3060.00	3060.00	3060.00	3060.00	3060.00	3060.00	3060.00	3060.00	3060.00	3060.00	3060.00	3060.00	3060.00	3060.00	3060.00	3060.00	3060.00	3060.00	3060.00	3060.00	3060.00	3060.00	3060.00	3061.00	3061.00	3061.00	3061.00	3061.00	3061.00	3061.00	3061.00	3061.00	3061.00	3061.00	3061.00	3061.00	3061.00	3061.00	3061.00	3061.00	3061.00	3061.00	3061.00	3061.00	3061.00	3061.00	3061.00	3061.00	3061.00	3061.00	3061.00	3061.00	3061.00	3061.00	3061.00	3061.00	3061.00	3061.00	3061.00	3061.00	3061.00	3061.00	3061.00	3061.00	3060.00	3060.00	3060.00	3060.00	3060.00	3060.00	3060.00	3060.00	3060.00	3060.00	3060.00	3060.00	3060.00	3060.00	3060.00	3060.00	3060.00	3060.00	3060.00	3060.00	3060.00	3059.00	3059.00	3059.00	3059.00	3059.00	3059.00	3059.00	3059.00	3059.00	3059.00	3058.00	3058.00	3058.00	3058.00	3058.00	3058.00	3058.00	3058.00	3058.00	3058.00	3058.00	3058.00	3058.00	3058.00	3058.00	3057.00	3057.00	3057.00	3057.00	3057.00	3057.00	3057.00	3057.00	3057.00	3057.00	3057.00	3057.00	3056.00	3056.00	3056.00	3056.00	3056.00	3056.00	3055.00	3055.00
3080.00	3079.00	3079.00	3079.00	3079.00	3079.00	3079.00	3078.00	3078.00	3078.00	3078.00	3078.00	3077.00	3077.00	3077.00	3077.00	3076.00	3076.00	3076.00	3076.00	3076.00	3075.00	3075.00	3075.00	3075.00	3074.00	3074.00	3074.00	3074.00	3074.00	3073.00	3073.00	3073.00	3073.00	3072.00	3072.00	3072.00	3072.00	3072.00	3072.00	3071.00	3071.00	3071.00	3071.00	3070.00	3070.00	3070.00	3070.00	3070.00	3069.00	3069.00	3069.00	3069.00	3068.00	3068.00	3068.00	3068.00	3068.00	3067.00	3067.00	3067.00	3066.00	3066.00	3066.00	3066.00	3066.00	3066.00	3065.00	3065.00	3065.00	3065.00	3065.00	3064.00	3064.00	3064.00	3064.00	3063.00	3063.00	3063.00	3063.00	3063.00	3063.00	3063.00	3062.00	3062.00	3062.00	3062.00	3062.00	3061.00	3061.00	3061.00	3061.00	3061.00	3061.00	3061.00	3060.00	3060.00	3060.00	3060.00	3060.00	3060.00	3060.00	3060.00	3060.00	3060.00	3060.00	3060.00	3060.00	3060.00	3060.00	3060.00	3060.00	3060.00	3060.00	3060.00	3060.00	3060.00	3060.00	3060.00	3060.00	3060.00	3060.00	3060.00	3060.00	3060.00	3060.00	3060.00	3060.00	3060.00	3060.00	3060.00	3060.00	3060.00	3060.00	3060.00	3060.00	3060.00	3060.00	3060.00	3060.00	3060.00	3060.00	3060.00	3060.00	3060.00	3060.00	3060.00	3060.00	3060.00	3061.00	3061.00	3061.00	3061.00	3061.00	3061.00	3061.00	3061.00	3061.00	3061.00	3061.00	3061.00	3061.00	3061.00	3061.00	3061.00	3061.00	3061.00	3061.00	3061.00	3061.00	3061.00	3061.00	3061.00	3061.00	3061.00	3061.00	3061.00	3061.00	3061.00	3061.00	3061.00	3061.00	3061.00	3061.00	3061.00	3061.00	3061.00	3061.00	3061.00	3061.00	3060.00	3060.00	3060.00	3060.00	3060.00	3060.00	3060.00	3060.00	3060.00	3060.00	3060.00	3060.00	3060.00	3060.00	3060.00	3060.00	3060.00	3060.00	3060.00	3060.00	3060.00	3059.00	3059.00	3059.00	3059.00	3059.00	3059.00	3059.00	3059.00	3059.00	3059.00	3058.00	3058.00	3058.00	3058.00	3058.00	3058.00	3058.00	3058.00	3058.00	3058.00	3058.00	3058.00	3058.00	3058.00	3058.00	3057.00	3057.00	3057.00	3057.00	3057.00	3057.00	3057.00	3057.00	3057.00	3057.00	3057.00	3057.00	3056.00	3056.00	3056.00	3056.00	3056.00	3056.00	3055.00	3055.00
3080.00	3079.00	3079.00	3079.00	3079.00	3079.00	3079.00	3078.00	3078.00	3078.00	3078.00	3078.00	3077.00	3077.00	3077.00	3077.00	3076.00	3076.00	3076.00	3076.00	3076.00	3075.00	3075.00	3075.00	3075.00	3074.00	3074.00	3074.00	3074.00	3074.00	3073.00	3073.00	3073.00	3073.00	3072.00	3072.00	3072.00	3072.00	3072.00	3072.00	3071.00	3071.00	3071.00	3071.00	3070.00	3070.00	3070.00	3070.00	3070.00	3069.00	3069.00	3069.00	3069.00	3068.00	3068.00	3068.00	3068.00	3068.00	3067.00	3067.00	3067.00	3066.00	3066.00	3066.00	3066.00	3066.00	3066.00	3065.00	3065.00	3065.00	3065.00	3065.00	3064.00	3064.00	3064.00	3064.00	3063.00	3063.00	3063.00	3063.00	3063.00	3063.00	3063.00	3062.00	3062.00	3062.00	3062.00	3062.00	3061.00	3061.00	3061.00	3061.00	3061.00	3061.00	3061.00	3060.00	3060.00	3060.00	3060.00	3060.00	3060.00	3060.00	3060.00	3060.00	3060.00	3060.00	3060.00	3060.00	3060.00	3060.00	3060.00	3060.00	3060.00	3060.00	3060.00	3060.00	3060.00	3060.00	3060.00	3060.00	3060.00	3060.00	3060.00	3060.00	3060.00	3060.00	3060.00	3060.00	3060.00	3060.00	3060.00	3060.00	3060.00	3060.00	3060.00	3060.00	3060.00	3060.00	3060.00	3060.00	3060.00	3060.00	3060.00	3060.00	3060.00	3060.00	3060.00	3060.00	3060.00	3061.00	3061.00	3061.00	3061.00	3061.00	3061.00	3061.00	3061.00	3061.00	3061.00	3061.00	3061.00	3061.00	3061.00	3061.00	3061.00	3061.00	3061.00	3061.00	3061.00	3061.00	3061.00	3061.00	3061.00	3061.00	3061.00	3061.00	3061.00	3061.00	3061.00	3061.00	3061.00	3061.00	3061.00	3061.00	3061.00	3061.00	3061.00	3061.00	3061.00	3061.00	3060.00	3060.00	3060.00	3060.00	3060.00	3060.00	3060.00	3060.00	3060.00	3060.00	3060.00	3060.00	3060.00	3060.00	3060.00	3060.00	3060.00	3060.00	3060.00	3060.00	3060.00	3059.00	3059.00	3059.00	3059.00	3059.00	3059.00	3059.00	3059.00	3059.00	3059.00	3058.00	3058.00	3058.00	3058.00	3058.00	3058.00	3058.00	3058.00	3058.00	3058.00	3058.00	3058.00	3058.00	3058.00	3058.00	3057.00	3057.00	3057.00	3057.00	3057.00	3057.00	3057.00	3057.00	3057.00	3057.00	3057.00	3057.00	3056.00	3056.00	3056.00	3056.00	3056.00	3056.00	3055.00	3055.00
3080.00	3079.00	3079.00	3079.00	3079.00	3079.00	3079.00	3078.00	3078.00	3078.00	3078.00	3078.00	3077.00	3077.00	3077.00	3077.00	3076.00	3076.00	3076.00	3076.00	3076.00	3075.00	3075.00	3075.00	3075.00	3074.00	3074.00	3074.00	3074.00	3074.00	3073.00	3073.00	3073.00	3073.00	3072.00	3072.00	3072.00	3072.00	3072.00	3072.00	3071.00	3071.00	3071.00	3071.00	3070.00	3070.00	3070.00	3070.00	3070.00	3069.00	3069.00	3069.00	3069.00	3068.00	3068.00	3068.00	3068.00	3068.00	3067.00	3067.00	3067.00	3066.00	3066.00	3066.00	3066.00	3066.00	3066.00	3065.00	3065.00	3065.00	3065.00	3065.00	3064.00	3064.00	3064.00	3064.00	3063.00	3063.00	3063.00	3063.00	3063.00	3063.00	3063.00	3062.00	3062.00	3062.00	3062.00	3062.00	3061.00	3061.00	3061.00	3061.00	3061.00	3061.00	3061.00	3060.00	3060.00	3060.00	3060.00	3060.00	3060.00	3060.00	3060.00	3060.00	3060.00	3060.00	3060.00	3060.00	3060.00	3060.00	3060.00	3060.00	3060.00	3060.00	3060.00	3060.00	3060.00	3060.00	3060.00	3060.00	3060.00	3060.00	3060.00	3060.00	3060.00	3060.00	3060.00	3060.00	3060.00	3060.00	3060.00	3060.00	3060.00	3060.00	3060.00	3060.00	3060.00	3060.00	3060.00	3060.00	3060.00	3060.00	3060.00	3060.00	3060.00	3060.00	3060.00	3060.00	3060.00	3061.00	3061.00	3061.00	3061.00	3061.00	3061.00	3061.00	3061.00	3061.00	3061.00	3061.00	3061.00	3061.00	3061.00	3061.00	3061.00	3061.00	3061.00	3061.00	3061.00	3061.00	3061.00	3061.00	3061.00	3061.00	3061.00	3061.00	3061.00	3061.00	3061.00	3061.00	3061.00	3061.00	3061.00	3061.00	3061.00	3061.00	3061.00	3061.00	3061.00	3061.00	3060.00	3060.00	3060.00	3060.00	3060.00	3060.00	3060.00	3060.00	3060.00	3060.00	3060.00	3060.00	3060.00	3060.00	3060.00	3060.00	3060.00	3060.00	3060.00	3060.00	3060.00	3059.00	3059.00	3059.00	3059.00	3059.00	3059.00	3059.00	3059.00	3059.00	3059.00	3058.00	3058.00	3058.00	3058.00	3058.00	3058.00	3058.00	3058.00	3058.00	3058.00	3058.00	3058.00	3058.00	3058.00	3058.00	3057.00	3057.00	3057.00	3057.00	3057.00	3057.00	3057.00	3057.00	3057.00	3057.00	3057.00	3057.00	3056.00	3056.00	3056.00	3056.00	3056.00	3056.00	3055.00	3055.00
3078.00	3078.00	3078.00	3077.00	3077.00	3077.00	3077.00	3077.00	3076.00	3076.00	3076.00	3076.00	3075.00	3075.00	3075.00	3075.00	3075.00	3074.00	3074.00	3074.00	3074.00	3074.00	3074.00	3073.00	3073.00	3073.00	3073.00	3073.00	3072.00	3072.00	3072.00	3072.00	3072.00	3071.00	3071.00	3071.00	3071.00	3071.00	3071.00	3070.00	3070.00	3070.00	3070.00	3069.00	3069.00	3069.00	3069.00	3069.00	3068.00	3068.00	3068.00	3067.00	3067.00	3067.00	3067.00	3066.00	3066.00	3066.00	3066.00	3066.00	3065.00	3065.00	3065.00	3065.00	3065.00	3065.00	3064.00	3064.00	3064.00	3064.00	3063.00	3063.00	3063.00	3063.00	3063.00	3062.00	3062.00	3062.00	3062.00	3061.00	3061.00	3061.00	3061.00	3061.00	3061.00	3061.00	3061.00	3060.00	3060.00	3060.00	3060.00	3060.00	3060.00	3060.00	3060.00	3060.00	3060.00	3060.00	3060.00	3060.00	3060.00	3059.00	3059.00	3059.00	3059.00	3059.00	3059.00	3059.00	3059.00	3059.00	3059.00	3059.00	3059.00	3059.00	3059.00	3059.00	3059.00	3059.00	3059.00	3059.00	3059.00	3059.00	3059.00	3059.00	3059.00	3059.00	3059.00	3059.00	3059.00	3060.00	3060.00	3060.00	3060.00	3060.00	3060.00	3060.00	3060.00	3060.00	3060.00	3060.00	3060.00	3060.00	3060.00	3060.00	3060.00	3061.00	3061.00	3061.00	3061.00	3061.00	3061.00	3061.00	3061.00	3061.00	3061.00	3061.00	3061.00	3061.00	3061.00	3061.00	3061.00	3061.00	3061.00	3061.00	3061.00	3061.00	3061.00	3061.00	3061.00	3061.00	3061.00	3061.00	3061.00	3061.00	3061.00	3061.00	3061.00	3061.00	3061.00	3061.00	3061.00	3061.00	3061.00	3061.00	3061.00	3061.00	3061.00	3061.00	3061.00	3061.00	3061.00	3061.00	3061.00	3061.00	3061.00	3061.00	3061.00	3061.00	3060.00	3060.00	3060.00	3060.00	3060.00	3060.00	3060.00	3060.00	3060.00	3060.00	3060.00	3059.00	3059.00	3059.00	3059.00	3059.00	3059.00	3059.00	3059.00	3059.00	3058.00	3058.00	3058.00	3058.00	3058.00	3058.00	3058.00	3058.00	3058.00	3057.00	3057.00	3057.00	3057.00	3057.00	3057.00	3057.00	3057.00	3057.00	3057.00	3056.00	3056.00	3056.00	3056.00	3056.00	3056.00	3056.00	3056.00	3056.00	3055.00	3055.00	3055.00	3055.00	3055.00	3055.00	3055.00	3054.00	3054.00	3054.00
3078.00	3078.00	3078.00	3077.00	3077.00	3077.00	3077.00	3077.00	3076.00	3076.00	3076.00	3076.00	3075.00	3075.00	3075.00	3075.00	3075.00	3074.00	3074.00	3074.00	3074.00	3074.00	3074.00	3073.00	3073.00	3073.00	3073.00	3073.00	3072.00	3072.00	3072.00	3072.00	3072.00	3071.00	3071.00	3071.00	3071.00	3071.00	3071.00	3070.00	3070.00	3070.00	3070.00	3069.00	3069.00	3069.00	3069.00	3069.00	3068.00	3068.00	3068.00	3067.00	3067.00	3067.00	3067.00	3066.00	3066.00	3066.00	3066.00	3066.00	3065.00	3065.00	3065.00	3065.00	3065.00	3065.00	3064.00	3064.00	3064.00	3064.00	3063.00	3063.00	3063.00	3063.00	3063.00	3062.00	3062.00	3062.00	3062.00	3061.00	3061.00	3061.00	3061.00	3061.00	3061.00	3061.00	3061.00	3060.00	3060.00	3060.00	3060.00	3060.00	3060.00	3060.00	3060.00	3060.00	3060.00	3060.00	3060.00	3060.00	3060.00	3059.00	3059.00	3059.00	3059.00	3059.00	3059.00	3059.00	3059.00	3059.00	3059.00	3059.00	3059.00	3059.00	3059.00	3059.00	3059.00	3059.00	3059.00	3059.00	3059.00	3059.00	3059.00	3059.00	3059.00	3059.00	3059.00	3059.00	3059.00	3060.00	3060.00	3060.00	3060.00	3060.00	3060.00	3060.00	3060.00	3060.00	3060.00	3060.00	3060.00	3060.00	3060.00	3060.00	3060.00	3061.00	3061.00	3061.00	3061.00	3061.00	3061.00	3061.00	3061.00	3061.00	3061.00	3061.00	3061.00	3061.00	3061.00	3061.00	3061.00	3061.00	3061.00	3061.00	3061.00	3061.00	3061.00	3061.00	3061.00	3061.00	3061.00	3061.00	3061.00	3061.00	3061.00	3061.00	3061.00	3061.00	3061.00	3061.00	3061.00	3061.00	3061.00	3061.00	3061.00	3061.00	3061.00	3061.00	3061.00	3061.00	3061.00	3061.00	3061.00	3061.00	3061.00	3061.00	3061.00	3061.00	3060.00	3060.00	3060.00	3060.00	3060.00	3060.00	3060.00	3060.00	3060.00	3060.00	3060.00	3059.00	3059.00	3059.00	3059.00	3059.00	3059.00	3059.00	3059.00	3059.00	3058.00	3058.00	3058.00	3058.00	3058.00	3058.00	3058.00	3058.00	3058.00	3057.00	3057.00	3057.00	3057.00	3057.00	3057.00	3057.00	3057.00	3057.00	3057.00	3056.00	3056.00	3056.00	3056.00	3056.00	3056.00	3056.00	3056.00	3056.00	3055.00	3055.00	3055.00	3055.00	3055.00	3055.00	3055.00	3054.00	3054.00	3054.00
3078.00	3078.00	3078.00	3077.00	3077.00	3077.00	3077.00	3077.00	3076.00	3076.00	3076.00	3076.00	3075.00	3075.00	3075.00	3075.00	3075.00	3074.00	3074.00	3074.00	3074.00	3074.00	3074.00	3073.00	3073.00	3073.00	3073.00	3073.00	3072.00	3072.00	3072.00	3072.00	3072.00	3071.00	3071.00	3071.00	3071.00	3071.00	3071.00	3070.00	3070.00	3070.00	3070.00	3069.00	3069.00	3069.00	3069.00	3069.00	3068.00	3068.00	3068.00	3067.00	3067.00	3067.00	3067.00	3066.00	3066.00	3066.00	3066.00	3066.00	3065.00	3065.00	3065.00	3065.00	3065.00	3065.00	3064.00	3064.00	3064.00	3064.00	3063.00	3063.00	3063.00	3063.00	3063.00	3062.00	3062.00	3062.00	3062.00	3061.00	3061.00	3061.00	3061.00	3061.00	3061.00	3061.00	3061.00	3060.00	3060.00	3060.00	3060.00	3060.00	3060.00	3060.00	3060.00	3060.00	3060.00	3060.00	3060.00	3060.00	3060.00	3059.00	3059.00	3059.00	3059.00	3059.00	3059.00	3059.00	3059.00	3059.00	3059.00	3059.00	3059.00	3059.00	3059.00	3059.00	3059.00	3059.00	3059.00	3059.00	3059.00	3059.00	3059.00	3059.00	3059.00	3059.00	3059.00	3059.00	3059.00	3060.00	3060.00	3060.00	3060.00	3060.00	3060.00	3060.00	3060.00	3060.00	3060.00	3060.00	3060.00	3060.00	3060.00	3060.00	3060.00	3061.00	3061.00	3061.00	3061.00	3061.00	3061.00	3061.00	3061.00	3061.00	3061.00	3061.00	3061.00	3061.00	3061.00	3061.00	3061.00	3061.00	3061.00	3061.00	3061.00	3061.00	3061.00	3061.00	3061.00	3061.00	3061.00	3061.00	3061.00	3061.00	3061.00	3061.00	3061.00	3061.00	3061.00	3061.00	3061.00	3061.00	3061.00	3061.00	3061.00	3061.00	3061.00	3061.00	3061.00	3061.00	3061.00	3061.00	3061.00	3061.00	3061.00	3061.00	3061.00	3061.00	3060.00	3060.00	3060.00	3060.00	3060.00	3060.00	3060.00	3060.00	3060.00	3060.00	3060.00	3059.00	3059.00	3059.00	3059.00	3059.00	3059.00	3059.00	3059.00	3059.00	3058.00	3058.00	3058.00	3058.00	3058.00	3058.00	3058.00	3058.00	3058.00	3057.00	3057.00	3057.00	3057.00	3057.00	3057.00	3057.00	3057.00	3057.00	3057.00	3056.00	3056.00	3056.00	3056.00	3056.00	3056.00	3056.00	3056.00	3056.00	3055.00	3055.00	3055.00	3055.00	3055.00	3055.00	3055.00	3054.00	3054.00	3054.00
3078.00	3078.00	3078.00	3077.00	3077.00	3077.00	3077.00	3077.00	3076.00	3076.00	3076.00	3076.00	3075.00	3075.00	3075.00	3075.00	3075.00	3074.00	3074.00	3074.00	3074.00	3074.00	3074.00	3073.00	3073.00	3073.00	3073.00	3073.00	3072.00	3072.00	3072.00	3072.00	3072.00	3071.00	3071.00	3071.00	3071.00	3071.00	3071.00	3070.00	3070.00	3070.00	3070.00	3069.00	3069.00	3069.00	3069.00	3069.00	3068.00	3068.00	3068.00	3067.00	3067.00	3067.00	3067.00	3066.00	3066.00	3066.00	3066.00	3066.00	3065.00	3065.00	3065.00	3065.00	3065.00	3065.00	3064.00	3064.00	3064.00	3064.00	3063.00	3063.00	3063.00	3063.00	3063.00	3062.00	3062.00	3062.00	3062.00	3061.00	3061.00	3061.00	3061.00	3061.00	3061.00	3061.00	3061.00	3060.00	3060.00	3060.00	3060.00	3060.00	3060.00	3060.00	3060.00	3060.00	3060.00	3060.00	3060.00	3060.00	3060.00	3059.00	3059.00	3059.00	3059.00	3059.00	3059.00	3059.00	3059.00	3059.00	3059.00	3059.00	3059.00	3059.00	3059.00	3059.00	3059.00	3059.00	3059.00	3059.00	3059.00	3059.00	3059.00	3059.00	3059.00	3059.00	3059.00	3059.00	3059.00	3060.00	3060.00	3060.00	3060.00	3060.00	3060.00	3060.00	3060.00	3060.00	3060.00	3060.00	3060.00	3060.00	3060.00	3060.00	3060.00	3061.00	3061.00	3061.00	3061.00	3061.00	3061.00	3061.00	3061.00	3061.00	3061.00	3061.00	3061.00	3061.00	3061.00	3061.00	3061.00	3061.00	3061.00	3061.00	3061.00	3061.00	3061.00	3061.00	3061.00	3061.00	3061.00	3061.00	3061.00	3061.00	3061.00	3061.00	3061.00	3061.00	3061.00	3061.00	3061.00	3061.00	3061.00	3061.00	3061.00	3061.00	3061.00	3061.00	3061.00	3061.00	3061.00	3061.00	3061.00	3061.00	3061.00	3061.00	3061.00	3061.00	3060.00	3060.00	3060.00	3060.00	3060.00	3060.00	3060.00	3060.00	3060.00	3060.00	3060.00	3059.00	3059.00	3059.00	3059.00	3059.00	3059.00	3059.00	3059.00	3059.00	3058.00	3058.00	3058.00	3058.00	3058.00	3058.00	3058.00	3058.00	3058.00	3057.00	3057.00	3057.00	3057.00	3057.00	3057.00	3057.00	3057.00	3057.00	3057.00	3056.00	3056.00	3056.00	3056.00	3056.00	3056.00	3056.00	3056.00	3056.00	3055.00	3055.00	3055.00	3055.00	3055.00	3055.00	3055.00	3054.00	3054.00	3054.00
3078.00	3078.00	3078.00	3077.00	3077.00	3077.00	3077.00	3077.00	3076.00	3076.00	3076.00	3076.00	3075.00	3075.00	3075.00	3075.00	3075.00	3074.00	3074.00	3074.00	3074.00	3074.00	3074.00	3073.00	3073.00	3073.00	3073.00	3073.00	3072.00	3072.00	3072.00	3072.00	3072.00	3071.00	3071.00	3071.00	3071.00	3071.00	3071.00	3070.00	3070.00	3070.00	3070.00	3069.00	3069.00	3069.00	3069.00	3069.00	3068.00	3068.00	3068.00	3067.00	3067.00	3067.00	3067.00	3066.00	3066.00	3066.00	3066.00	3066.00	3065.00	3065.00	3065.00	3065.00	3065.00	3065.00	3064.00	3064.00	3064.00	3064.00	3063.00	3063.00	3063.00	3063.00	3063.00	3062.00	3062.00	3062.00	3062.00	3061.00	3061.00	3061.00	3061.00	3061.00	3061.00	3061.00	3061.00	3060.00	3060.00	3060.00	3060.00	3060.00	3060.00	3060.00	3060.00	3060.00	3060.00	3060.00	3060.00	3060.00	3060.00	3059.00	3059.00	3059.00	3059.00	3059.00	3059.00	3059.00	3059.00	3059.00	3059.00	3059.00	3059.00	3059.00	3059.00	3059.00	3059.00	3059.00	3059.00	3059.00	3059.00	3059.00	3059.00	3059.00	3059.00	3059.00	3059.00	3059.00	3059.00	3060.00	3060.00	3060.00	3060.00	3060.00	3060.00	3060.00	3060.00	3060.00	3060.00	3060.00	3060.00	3060.00	3060.00	3060.00	3060.00	3061.00	3061.00	3061.00	3061.00	3061.00	3061.00	3061.00	3061.00	3061.00	3061.00	3061.00	3061.00	3061.00	3061.00	3061.00	3061.00	3061.00	3061.00	3061.00	3061.00	3061.00	3061.00	3061.00	3061.00	3061.00	3061.00	3061.00	3061.00	3061.00	3061.00	3061.00	3061.00	3061.00	3061.00	3061.00	3061.00	3061.00	3061.00	3061.00	3061.00	3061.00	3061.00	3061.00	3061.00	3061.00	3061.00	3061.00	3061.00	3061.00	3061.00	3061.00	3061.00	3061.00	3060.00	3060.00	3060.00	3060.00	3060.00	3060.00	3060.00	3060.00	3060.00	3060.00	3060.00	3059.00	3059.00	3059.00	3059.00	3059.00	3059.00	3059.00	3059.00	3059.00	3058.00	3058.00	3058.00	3058.00	3058.00	3058.00	3058.00	3058.00	3058.00	3057.00	3057.00	3057.00	3057.00	3057.00	3057.00	3057.00	3057.00	3057.00	3057.00	3056.00	3056.00	3056.00	3056.00	3056.00	3056.00	3056.00	3056.00	3056.00	3055.00	3055.00	3055.00	3055.00	3055.00	3055.00	3055.00	3054.00	3054.00	3054.00
3078.00	3078.00	3078.00	3077.00	3077.00	3077.00	3077.00	3077.00	3076.00	3076.00	3076.00	3076.00	3075.00	3075.00	3075.00	3075.00	3075.00	3074.00	3074.00	3074.00	3074.00	3074.00	3074.00	3073.00	3073.00	3073.00	3073.00	3073.00	3072.00	3072.00	3072.00	3072.00	3072.00	3071.00	3071.00	3071.00	3071.00	3071.00	3071.00	3070.00	3070.00	3070.00	3070.00	3069.00	3069.00	3069.00	3069.00	3069.00	3068.00	3068.00	3068.00	3067.00	3067.00	3067.00	3067.00	3066.00	3066.00	3066.00	3066.00	3066.00	3065.00	3065.00	3065.00	3065.00	3065.00	3065.00	3064.00	3064.00	3064.00	3064.00	3063.00	3063.00	3063.00	3063.00	3063.00	3062.00	3062.00	3062.00	3062.00	3061.00	3061.00	3061.00	3061.00	3061.00	3061.00	3061.00	3061.00	3060.00	3060.00	3060.00	3060.00	3060.00	3060.00	3060.00	3060.00	3060.00	3060.00	3060.00	3060.00	3060.00	3060.00	3059.00	3059.00	3059.00	3059.00	3059.00	3059.00	3059.00	3059.00	3059.00	3059.00	3059.00	3059.00	3059.00	3059.00	3059.00	3059.00	3059.00	3059.00	3059.00	3059.00	3059.00	3059.00	3059.00	3059.00	3059.00	3059.00	3059.00	3059.00	3060.00	3060.00	3060.00	3060.00	3060.00	3060.00	3060.00	3060.00	3060.00	3060.00	3060.00	3060.00	3060.00	3060.00	3060.00	3060.00	3061.00	3061.00	3061.00	3061.00	3061.00	3061.00	3061.00	3061.00	3061.00	3061.00	3061.00	3061.00	3061.00	3061.00	3061.00	3061.00	3061.00	3061.00	3061.00	3061.00	3061.00	3061.00	3061.00	3061.00	3061.00	3061.00	3061.00	3061.00	3061.00	3061.00	3061.00	3061.00	3061.00	3061.00	3061.00	3061.00	3061.00	3061.00	3061.00	3061.00	3061.00	3061.00	3061.00	3061.00	3061.00	3061.00	3061.00	3061.00	3061.00	3061.00	3061.00	3061.00	3061.00	3060.00	3060.00	3060.00	3060.00	3060.00	3060.00	3060.00	3060.00	3060.00	3060.00	3060.00	3059.00	3059.00	3059.00	3059.00	3059.00	3059.00	3059.00	3059.00	3059.00	3058.00	3058.00	3058.00	3058.00	3058.00	3058.00	3058.00	3058.00	3058.00	3057.00	3057.00	3057.00	3057.00	3057.00	3057.00	3057.00	3057.00	3057.00	3057.00	3056.00	3056.00	3056.00	3056.00	3056.00	3056.00	3056.00	3056.00	3056.00	3055.00	3055.00	3055.00	3055.00	3055.00	3055.00	3055.00	3054.00	3054.00	3054.00
3078.00	3078.00	3078.00	3077.00	3077.00	3077.00	3077.00	3077.00	3076.00	3076.00	3076.00	3076.00	3075.00	3075.00	3075.00	3075.00	3075.00	3074.00	3074.00	3074.00	3074.00	3074.00	3074.00	3073.00	3073.00	3073.00	3073.00	3073.00	3072.00	3072.00	3072.00	3072.00	3072.00	3071.00	3071.00	3071.00	3071.00	3071.00	3071.00	3070.00	3070.00	3070.00	3070.00	3069.00	3069.00	3069.00	3069.00	3069.00	3068.00	3068.00	3068.00	3067.00	3067.00	3067.00	3067.00	3066.00	3066.00	3066.00	3066.00	3066.00	3065.00	3065.00	3065.00	3065.00	3065.00	3065.00	3064.00	3064.00	3064.00	3064.00	3063.00	3063.00	3063.00	3063.00	3063.00	3062.00	3062.00	3062.00	3062.00	3061.00	3061.00	3061.00	3061.00	3061.00	3061.00	3061.00	3061.00	3060.00	3060.00	3060.00	3060.00	3060.00	3060.00	3060.00	3060.00	3060.00	3060.00	3060.00	3060.00	3060.00	3060.00	3059.00	3059.00	3059.00	3059.00	3059.00	3059.00	3059.00	3059.00	3059.00	3059.00	3059.00	3059.00	3059.00	3059.00	3059.00	3059.00	3059.00	3059.00	3059.00	3059.00	3059.00	3059.00	3059.00	3059.00	3059.00	3059.00	3059.00	3059.00	3060.00	3060.00	3060.00	3060.00	3060.00	3060.00	3060.00	3060.00	3060.00	3060.00	3060.00	3060.00	3060.00	3060.00	3060.00	3060.00	3061.00	3061.00	3061.00	3061.00	3061.00	3061.00	3061.00	3061.00	3061.00	3061.00	3061.00	3061.00	3061.00	3061.00	3061.00	3061.00	3061.00	3061.00	3061.00	3061.00	3061.00	3061.00	3061.00	3061.00	3061.00	3061.00	3061.00	3061.00	3061.00	3061.00	3061.00	3061.00	3061.00	3061.00	3061.00	3061.00	3061.00	3061.00	3061.00	3061.00	3061.00	3061.00	3061.00	3061.00	3061.00	3061.00	3061.00	3061.00	3061.00	3061.00	3061.00	3061.00	3061.00	3060.00	3060.00	3060.00	3060.00	3060.00	3060.00	3060.00	3060.00	3060.00	3060.00	3060.00	3059.00	3059.00	3059.00	3059.00	3059.00	3059.00	3059.00	3059.00	3059.00	3058.00	3058.00	3058.00	3058.00	3058.00	3058.00	3058.00	3058.00	3058.00	3057.00	3057.00	3057.00	3057.00	3057.00	3057.00	3057.00	3057.00	3057.00	3057.00	3056.00	3056.00	3056.00	3056.00	3056.00	3056.00	3056.00	3056.00	3056.00	3055.00	3055.00	3055.00	3055.00	3055.00	3055.00	3055.00	3054.00	3054.00	3054.00
3078.00	3078.00	3078.00	3077.00	3077.00	3077.00	3077.00	3077.00	3076.00	3076.00	3076.00	3076.00	3075.00	3075.00	3075.00	3075.00	3075.00	3074.00	3074.00	3074.00	3074.00	3074.00	3074.00	3073.00	3073.00	3073.00	3073.00	3073.00	3072.00	3072.00	3072.00	3072.00	3072.00	3071.00	3071.00	3071.00	3071.00	3071.00	3071.00	3070.00	3070.00	3070.00	3070.00	3069.00	3069.00	3069.00	3069.00	3069.00	3068.00	3068.00	3068.00	3067.00	3067.00	3067.00	3067.00	3066.00	3066.00	3066.00	3066.00	3066.00	3065.00	3065.00	3065.00	3065.00	3065.00	3065.00	3064.00	3064.00	3064.00	3064.00	3063.00	3063.00	3063.00	3063.00	3063.00	3062.00	3062.00	3062.00	3062.00	3061.00	3061.00	3061.00	3061.00	3061.00	3061.00	3061.00	3061.00	3060.00	3060.00	3060.00	3060.00	3060.00	3060.00	3060.00	3060.00	3060.00	3060.00	3060.00	3060.00	3060.00	3060.00	3059.00	3059.00	3059.00	3059.00	3059.00	3059.00	3059.00	3059.00	3059.00	3059.00	3059.00	3059.00	3059.00	3059.00	3059.00	3059.00	3059.00	3059.00	3059.00	3059.00	3059.00	3059.00	3059.00	3059.00	3059.00	3059.00	3059.00	3059.00	3060.00	3060.00	3060.00	3060.00	3060.00	3060.00	3060.00	3060.00	3060.00	3060.00	3060.00	3060.00	3060.00	3060.00	3060.00	3060.00	3061.00	3061.00	3061.00	3061.00	3061.00	3061.00	3061.00	3061.00	3061.00	3061.00	3061.00	3061.00	3061.00	3061.00	3061.00	3061.00	3061.00	3061.00	3061.00	3061.00	3061.00	3061.00	3061.00	3061.00	3061.00	3061.00	3061.00	3061.00	3061.00	3061.00	3061.00	3061.00	3061.00	3061.00	3061.00	3061.00	3061.00	3061.00	3061.00	3061.00	3061.00	3061.00	3061.00	3061.00	3061.00	3061.00	3061.00	3061.00	3061.00	3061.00	3061.00	3061.00	3061.00	3060.00	3060.00	3060.00	3060.00	3060.00	3060.00	3060.00	3060.00	3060.00	3060.00	3060.00	3059.00	3059.00	3059.00	3059.00	3059.00	3059.00	3059.00	3059.00	3059.00	3058.00	3058.00	3058.00	3058.00	3058.00	3058.00	3058.00	3058.00	3058.00	3057.00	3057.00	3057.00	3057.00	3057.00	3057.00	3057.00	3057.00	3057.00	3057.00	3056.00	3056.00	3056.00	3056.00	3056.00	3056.00	3056.00	3056.00	3056.00	3055.00	3055.00	3055.00	3055.00	3055.00	3055.00	3055.00	3054.00	3054.00	3054.00
3078.00	3078.00	3078.00	3077.00	3077.00	3077.00	3077.00	3077.00	3076.00	3076.00	3076.00	3076.00	3075.00	3075.00	3075.00	3075.00	3075.00	3074.00	3074.00	3074.00	3074.00	3074.00	3074.00	3073.00	3073.00	3073.00	3073.00	3073.00	3072.00	3072.00	3072.00	3072.00	3072.00	3071.00	3071.00	3071.00	3071.00	3071.00	3071.00	3070.00	3070.00	3070.00	3070.00	3069.00	3069.00	3069.00	3069.00	3069.00	3068.00	3068.00	3068.00	3067.00	3067.00	3067.00	3067.00	3066.00	3066.00	3066.00	3066.00	3066.00	3065.00	3065.00	3065.00	3065.00	3065.00	3065.00	3064.00	3064.00	3064.00	3064.00	3063.00	3063.00	3063.00	3063.00	3063.00	3062.00	3062.00	3062.00	3062.00	3061.00	3061.00	3061.00	3061.00	3061.00	3061.00	3061.00	3061.00	3060.00	3060.00	3060.00	3060.00	3060.00	3060.00	3060.00	3060.00	3060.00	3060.00	3060.00	3060.00	3060.00	3060.00	3059.00	3059.00	3059.00	3059.00	3059.00	3059.00	3059.00	3059.00	3059.00	3059.00	3059.00	3059.00	3059.00	3059.00	3059.00	3059.00	3059.00	3059.00	3059.00	3059.00	3059.00	3059.00	3059.00	3059.00	3059.00	3059.00	3059.00	3059.00	3060.00	3060.00	3060.00	3060.00	3060.00	3060.00	3060.00	3060.00	3060.00	3060.00	3060.00	3060.00	3060.00	3060.00	3060.00	3060.00	3061.00	3061.00	3061.00	3061.00	3061.00	3061.00	3061.00	3061.00	3061.00	3061.00	3061.00	3061.00	3061.00	3061.00	3061.00	3061.00	3061.00	3061.00	3061.00	3061.00	3061.00	3061.00	3061.00	3061.00	3061.00	3061.00	3061.00	3061.00	3061.00	3061.00	3061.00	3061.00	3061.00	3061.00	3061.00	3061.00	3061.00	3061.00	3061.00	3061.00	3061.00	3061.00	3061.00	3061.00	3061.00	3061.00	3061.00	3061.00	3061.00	3061.00	3061.00	3061.00	3061.00	3060.00	3060.00	3060.00	3060.00	3060.00	3060.00	3060.00	3060.00	3060.00	3060.00	3060.00	3059.00	3059.00	3059.00	3059.00	3059.00	3059.00	3059.00	3059.00	3059.00	3058.00	3058.00	3058.00	3058.00	3058.00	3058.00	3058.00	3058.00	3058.00	3057.00	3057.00	3057.00	3057.00	3057.00	3057.00	3057.00	3057.00	3057.00	3057.00	3056.00	3056.00	3056.00	3056.00	3056.00	3056.00	3056.00	3056.00	3056.00	3055.00	3055.00	3055.00	3055.00	3055.00	3055.00	3055.00	3054.00	3054.00	3054.00