																																																																																																																																																																																																																																																															
																																																																																																																																																																																																																																																															
																																																																																																																																																																																																																																																															
																																																																																																																																																																																																																																																															
																																																																																																																																																																																																																																																															
																																																																																																																																																																																																																																																															
																																																																																																																																																																																																																																																															
																																																																																																																																																																																																																																																															
																																																																																																																																																																																																																																																															
																																																																																																																																																																																																																																																															
																																																																																																																																																																																																																																																															
																																																																																																																																																																																																																																																															
																																																																																																																																																																																																																																																															
																																																																																																																																																																																																																																																															
																																																																																																																																																																																																																																																															
																																																																																																																																																																																																																																																															
																																																																																																																																																																																																																																																															
																																																																																																																																																																																																																																																															
																																																																																																																																																																																																																																																															
																																																																																																																																																																																																																																																															
																																																																																																																																																																																																																																																															
																																																																																																																																																																																																																																																															
																																																																																																																																																																																																																																																															
																																																																																																																																																																																																																																																															
																																																																																																																																																																																																																																																															
																																																																																																																																																																																																																																																															
																																																																																																																																																																																																																																																															
																																																																																																																																																																																																																																																															
																																																																																																																																																																																																																																																															
																																																																																																																																																																																																																																																															
																																																																																																																																																																																																																																																															
																																																																																																																																																																																																																																																															
																																																																																																																																																																																																																																																															
																																																																																																																																																																																																																																																															
																																																																																																																																																																																																																																																															
																																																																																																																																																																																																																																																															
																																																																																																																																																																																																																																																															
																																																																																																																																																																																																																																																															
																																																																																																																																																																																																																																																															
																																																																																																																																																																																																																																																															
																																																																																																																																																																																																																																																															
																																																																																																																																																																																																																																																															
																																																																																																																																																																																																																																																															
																																																																																																																																																																																																																																																															
																																																																																																																																																																																																																																																															
																																																																																																																																																																																																																																																															
																																																																																																																																																																																																																																																															
																																																																																																																																																																																																																																																															
																																																																																																																																																																																																																																																															
																																																																																																																																																																																																																																																															
																																																																																																																																																																																																																																																															
																																																																																																																																																																																																																																																															
																																																																																																																																																																																																																																																															
																																																																																																																																																																																																																																																															
																																																																																																																																																																																																																																																															
																																																																																																																																																																																																																																																															
																																																																																																																																																																																																																																																															
																																																																																																																																																																																																																																																															
																																																																																																																																																																																																																																																															
																																																																																																																																																																																																																																																															
																																																																																																																																																																																																																																																															
																																																																																																																																																																																																																																																															
																																																																																																																																																																																																																																																															
																																																																																																																																																																																																																																																															
																																																																																																																																																																																																																																																															
																																																																																																																																																																																																																																																															
																																																																																																																																																																																																																																																															
																																																																																																																																																																																																																																																															
																																																																																																																																																																																																																																																															
																																																																																																																																																																																																																																																															
																																																																																																																																																																																																																																																															
																																																																																																																																																																																																																																																															
																																																																																																																																																																																																																																																															
																																																																																																																																																																																																																																																															
																																																																																																																																																																																																																																																															
																																																																																																																																																																																																																																																															
																																																																																																																																																																																																																																																															
																																																																																																																																																																																																																																																															
																																																																																																																																																																																																																																																															
																																																																																																																																																																																																																																																															
																																																																																																																																																																																																																																																															
																																																																																																																																																																																																																																																															
																																																																																																																																																																																																																																																															
																																																																																																																																																																																																																																																															
																																																																																																																																																																																																																																																															
																																																																																																																																																																																																																																																															
																																																																																																																																																																																																																																																															
																																																																																																																																																																																																																																																															
																																																																																																																																																																																																																																																															
																																																																																																																																																																																																																																																															
																																																																																																																																																																																																																																																															
																																																																																																																																																																																																																																																															
																																																																																																																																																																																																																																																															
																																																																																																																																																																																																																																																															
																																																																																																																																																																																																																																																															
																																																																																																																																																																																																																																																															
																																																																																																																																																																																																																																																															
																																																																																																																																																																																																																																																															
																																																																																																																																																																																																																																																															
																																																																																																																																																																																																																																																															
																																																																																																																																																																																																																																																															
																																																																																																																																																																																																																																																															
																																																																																																																																																																																																																																																															
																																																																																																																																																																																																																																																															
																																																																																																																																																																																																																																																															
																																																																																																																																																																																																																																																															
																																																																																																																																																																																																																																																															
																																																																																																																																																																																																																																																															
																																																																																																																																																																																																																																																															
																																																																																																																																																																																																																																																															
																																																																																																																																																																																																																																																															
																																																																																																																																																																																																																																																															
																																																																																																																																																																																																																																																															
																																																																																																																																																																																																																																																															
																																																																																																																																																																																																																																																															
																																																																																																																																																																																																																																																															
																																																																																																																																																																																																																																																															
																																																																																																																																																																																																																																																															
																																																																																																																																																																																																																																																															
																																																																																																																																																																																																																																																															
																																																																																																																																																																																																																																																															
																																																																																																																																																																																																																																																															
																																																																																																																																																																																																																																																															
																																																																																																																																																																																																																																																															
																																																																																																																																																																																																																																																															
																																																																																																																																																																																																																																																															
																																																																																																																																																																																																																																														2.00	1.00																
																																																																																																																																																																																																																																												8.00	20.00	43.00	42.00	2.00															
																																																																																																																																																																																																																																											0.00	18.00	37.00	57.00	54.00	12.00															
																																																																																																																																																																																																																																							3.00	6.00		6.00	11.00	27.00	52.00	75.00	103.00	42.00	3.00														
																																																																																																																																																																																																																																					3.00	9.00	28.00	30.00	6.00	38.00	24.00	37.00	93.00	99.00	96.00	19.00	4.00														
																																																																																																																																																																																																																																		1.00	7.00	13.00	27.00	43.00	68.00	65.00	68.00	58.00	69.00	21.00	25.00	65.00	102.00	60.00	3.00	12.00	3.00												
																																																																																																																																																																																																																																		3.00	9.00	26.00	64.00	111.00	100.00	84.00	49.00	50.00	63.00	45.00	23.00	37.00	52.00	122.00	91.00	58.00	2.00												
																																																																																																																																																																																																																																		5.00	19.00	53.00	144.00	170.00	120.00	85.00	56.00	38.00	79.00	38.00	35.00	91.00	95.00	121.00	118.00	65.00	10.00												
																																																																																																																																																																																																																																		13.00	34.00	100.00	149.00	112.00	99.00	81.00	66.00	55.00	54.00	40.00	58.00	72.00	110.00	97.00	106.00	38.00	5.00												
																																																																																																																																																																																																																																		21.00	37.00	53.00	49.00	16.00	32.00	58.00	75.00	49.00	51.00	51.00	57.00	85.00	88.00	80.00	88.00	115.00	84.00	1.00											
																																																																																																																																																																																																																																		3.00	8.00	12.00	15.00	30.00	73.00	29.00	50.00	58.00	52.00	55.00	61.00	78.00	113.00	81.00	121.00	186.00	165.00	29.00											
																																																																																																																																																																																																																																		0.00	5.00	11.00	31.00	53.00	85.00	50.00	31.00	80.00	63.00	108.00	103.00	93.00	115.00	95.00	150.00	210.00	244.00	175.00	18.00										
																																																																																																																																																																																																																																			4.00	19.00	36.00	56.00	82.00	66.00	32.00	74.00	103.00	113.00	141.00	173.00	192.00	135.00	233.00	325.00	269.00	380.00	141.00	3.00									
																																																																																																																																																																																																																																		1.00	15.00	26.00	29.00	28.00	31.00	35.00	32.00	61.00	132.00	142.00	212.00	414.00	564.00	372.00	426.00	452.00	493.00	544.00	489.00	214.00	12.00								
																																																																																																																																																																																																																																			8.00	14.00	10.00	9.00	23.00	17.00	23.00	47.00	77.00	117.00	192.00	349.00	526.00	561.00	553.00	528.00	571.00	521.00	418.00	278.00	77.00								
																																																																																																																																																																																																																																				4.00	6.00	8.00	14.00	16.00	50.00	62.00	113.00	118.00	181.00	292.00	416.00	497.00	605.00	636.00	608.00	506.00	488.00	403.00	246.00	35.00							
																																																																																																																																																																																																																																			1.00	8.00	9.00	8.00	16.00	19.00	54.00	44.00	114.00	96.00	154.00	164.00	240.00	448.00	589.00	577.00	582.00	617.00	558.00	464.00	288.00	128.00	9.00						
																																																																																																																																																																																																																																		1.00	7.00	10.00	7.00	8.00	16.00	54.00	71.00	43.00	81.00	71.00	119.00	144.00	191.00	401.00	445.00	506.00	662.00	601.00	443.00	365.00	403.00	546.00	365.00	229.00	88.00	9.00	3.00		
																																																																																																																																																																																																																																		1.00	7.00	10.00	7.00	8.00	16.00	54.00	71.00	43.00	81.00	71.00	119.00	144.00	191.00	401.00	445.00	506.00	662.00	601.00	443.00	365.00	403.00	546.00	365.00	229.00	88.00	9.00	3.00		
																																																																																																																																																																																																																																		2.00	10.00	14.00	8.00	8.00	13.00	46.00	93.00	73.00	106.00	138.00	200.00	203.00	173.00	332.00	384.00	485.00	651.00	616.00	559.00	562.00	635.00	659.00	300.00	171.00	96.00	28.00	13.00	8.00	9.00
																																																																																																																																																																																																																																		3.00	8.00	30.00	26.00	11.00	21.00	25.00	32.00	84.00	133.00	175.00	171.00	173.00	237.00	347.00	450.00	549.00	643.00	739.00	790.00	828.00	841.00	736.00	344.00	211.00	131.00	43.00	20.00	14.00	13.00
																																																																																																																																																																																																					1.00	4.00	7.00	8.00	2.00																						0.00	3.00	5.00	8.00	8.00	17.00	53.00	73.00	108.00	117.00	52.00	59.00	73.00	130.00	226.00	322.00	472.00	439.00	437.00	524.00	648.00	803.00	856.00	905.00	740.00	609.00	406.00	272.00	137.00	118.00	37.00	34.00	111.00
																																																																																																																																																																																																				0.00	6.00	10.00	10.00	15.00	19.00	7.00	2.00	2.00																			6.00	6.00	6.00	8.00	11.00	12.00	27.00	90.00	41.00	55.00	28.00	45.00	57.00	118.00	178.00	302.00	474.00	398.00	513.00	627.00	777.00	912.00	942.00	890.00	715.00	594.00	363.00	351.00	202.00	169.00	65.00	35.00	90.00
																																																																																																																																																																																																			0.00	3.00	11.00	17.00	16.00	18.00	30.00	37.00	31.00	15.00	2.00																	4.00	17.00	16.00	10.00	9.00	11.00	13.00	17.00	32.00	23.00	25.00	27.00	34.00	44.00	91.00	189.00	357.00	236.00	368.00	440.00	621.00	766.00	820.00	905.00	873.00	671.00	531.00	550.00	432.00	198.00	203.00	75.00	44.00	63.00
																																																																																																																																																																																																			2.00	6.00	11.00	17.00	26.00	38.00	40.00	36.00	47.00	75.00	53.00	16.00	25.00	14.00	3.00	2.00	1.00							2.00	5.00	8.00	13.00	21.00	18.00	23.00	28.00	21.00	14.00	15.00	21.00	21.00	26.00	28.00	32.00	35.00	42.00	45.00	138.00	133.00	156.00	502.00	423.00	477.00	638.00	875.00	950.00	806.00	722.00	724.00	622.00	409.00	221.00	223.00	132.00	91.00	62.00
																																																																																																																																																																																																		7.00	13.00	21.00	17.00	28.00	53.00	78.00	98.00	70.00	75.00	95.00	102.00	96.00	93.00	100.00	76.00	87.00	125.00	106.00	8.00	11.00	10.00	19.00	17.00	16.00	9.00	14.00	24.00	73.00	75.00	47.00	56.00	57.00	58.00	46.00	53.00	47.00	51.00	68.00	123.00	233.00	322.00	179.00	160.00	102.00	125.00	199.00	269.00	389.00	541.00	1084.00	1100.00	1090.00	942.00	746.00	443.00	335.00	340.00	306.00	284.00	122.00	165.00
																																																																																																																																																																																																1.00	5.00	52.00	25.00	34.00	33.00	60.00	71.00	93.00	88.00	74.00	79.00	88.00	84.00	85.00	93.00	108.00	127.00	140.00	141.00	121.00	9.00	9.00	10.00	15.00	9.00	10.00	12.00	22.00	46.00	140.00	60.00	80.00	163.00	104.00	79.00	131.00	154.00	71.00	65.00	83.00	122.00	316.00	351.00	303.00	382.00	291.00	123.00	314.00	296.00	435.00	658.00	1019.00	1168.00	1142.00	945.00	798.00	547.00	390.00	408.00	360.00	216.00	275.00	219.00
																																																																																																																																																																																															10.00	19.00	43.00	90.00	57.00	48.00	47.00	59.00	63.00	80.00	67.00	68.00	76.00	78.00	78.00	85.00	98.00	106.00	127.00	155.00	137.00	83.00	10.00	11.00	12.00	10.00	10.00	14.00	23.00	45.00	101.00	161.00	78.00	120.00	222.00	177.00	126.00	168.00	144.00	88.00	82.00	125.00	177.00	403.00	526.00	442.00	373.00	280.00	141.00	423.00	523.00	453.00	654.00	1077.00	1190.00	1127.00	905.00	741.00	510.00	410.00	403.00	391.00	206.00	341.00	247.00
																																																																																																																																																																																														0.00	20.00	33.00	63.00	108.00	97.00	75.00	63.00	55.00	52.00	57.00	58.00	66.00	69.00	74.00	77.00	86.00	95.00	94.00	137.00	155.00	119.00	60.00	20.00	13.00	12.00	12.00	32.00	65.00	65.00	113.00	222.00	140.00	140.00	151.00	191.00	224.00	292.00	253.00	163.00	149.00	112.00	170.00	272.00	469.00	558.00	399.00	244.00	109.00	139.00	308.00	495.00	642.00	604.00	1104.00	1234.00	1093.00	963.00	813.00	486.00	375.00	413.00	381.00	265.00	379.00	352.00
																																																																																																																																																																																												0.00	5.00	11.00	17.00	38.00	104.00	131.00	197.00	166.00	123.00	83.00	64.00	61.00	66.00	72.00	76.00	79.00	76.00	78.00	82.00	95.00	154.00	104.00	75.00	55.00	45.00	22.00	15.00	44.00	276.00	280.00	224.00	290.00	356.00	271.00	263.00	333.00	277.00	433.00	507.00	533.00	511.00	517.00	474.00	472.00	486.00	734.00	608.00	454.00	217.00	149.00	347.00	611.00	691.00	750.00	804.00	903.00	904.00	873.00	846.00	619.00	353.00	362.00	419.00	401.00	436.00	427.00	458.00
																																																																																																																																																																																											0.00	3.00	8.00	10.00	16.00	37.00	63.00	146.00	206.00	208.00	180.00	129.00	99.00	71.00	67.00	77.00	82.00	87.00	83.00	79.00	79.00	105.00	104.00	81.00	86.00	61.00	63.00	32.00	28.00	100.00	238.00	189.00	271.00	383.00	332.00	357.00	442.00	489.00	458.00	630.00	719.00	733.00	753.00	714.00	662.00	583.00	517.00	614.00	667.00	468.00	283.00	152.00	294.00	407.00	490.00	562.00	603.00	783.00	738.00	792.00	759.00	522.00	332.00	433.00	463.00	430.00	449.00	373.00	370.00
																																																																																																																																																																																											3.00	8.00	6.00	8.00	15.00	44.00	119.00	172.00	209.00	204.00	203.00	222.00	218.00	148.00	103.00	80.00	88.00	108.00	123.00	88.00	82.00	113.00	83.00	89.00	102.00	80.00	63.00	49.00	89.00	197.00	113.00	145.00	242.00	335.00	280.00	442.00	460.00	439.00	396.00	535.00	670.00	739.00	703.00	766.00	773.00	644.00	502.00	554.00	665.00	526.00	382.00	177.00	202.00	270.00	352.00	425.00	579.00	633.00	597.00	778.00	736.00	493.00	360.00	466.00	509.00	457.00	403.00	337.00	354.00
																																																																																																																																																																																										0.00	5.00	7.00	5.00	12.00	34.00	47.00	101.00	164.00	186.00	188.00	212.00	247.00	247.00	200.00	152.00	132.00	120.00	158.00	164.00	111.00	98.00	90.00	84.00	103.00	113.00	90.00	73.00	47.00	87.00	174.00	68.00	132.00	244.00	324.00	235.00	480.00	270.00	274.00	322.00	497.00	640.00	627.00	614.00	735.00	883.00	755.00	594.00	451.00	585.00	460.00	311.00	281.00	286.00	239.00	373.00	496.00	613.00	492.00	527.00	633.00	662.00	444.00	427.00	496.00	481.00	410.00	343.00	387.00	407.00
																																																																																																																																																																																											1.00	2.00	5.00	19.00	49.00	63.00	66.00	89.00	176.00	199.00	177.00	182.00	240.00	214.00	227.00	254.00	204.00	258.00	232.00	185.00	131.00	94.00	110.00	112.00	132.00	159.00	111.00	44.00	60.00	163.00	217.00	111.00	103.00	132.00	120.00	189.00	286.00	403.00	540.00	483.00	433.00	467.00	588.00	761.00	672.00	672.00	536.00	412.00	672.00	591.00	494.00	401.00	308.00	208.00	221.00	207.00	224.00	285.00	291.00	434.00	405.00	286.00	306.00	384.00	366.00	310.00	367.00	493.00	512.00
																																																																																																																																																																																											1.00	4.00	6.00	15.00	75.00	92.00	102.00	106.00	141.00	153.00	180.00	175.00	184.00	221.00	224.00	213.00	206.00	227.00	206.00	162.00	170.00	184.00	188.00	202.00	186.00	205.00	149.00	90.00	70.00	90.00	236.00	234.00	267.00	304.00	175.00	173.00	419.00	367.00	360.00	332.00	419.00	502.00	541.00	595.00	419.00	323.00	373.00	571.00	630.00	642.00	537.00	439.00	326.00	454.00	453.00	516.00	579.00	448.00	321.00	352.00	313.00	271.00	293.00	261.00	262.00	321.00	407.00	581.00	575.00
																																																																																																																																																																																											0.00	3.00	6.00	11.00	84.00	95.00	101.00	108.00	144.00	156.00	161.00	170.00	186.00	216.00	197.00	180.00	183.00	193.00	171.00	163.00	184.00	205.00	229.00	238.00	242.00	227.00	148.00	123.00	82.00	104.00	259.00	287.00	304.00	264.00	223.00	236.00	411.00	332.00	289.00	313.00	369.00	437.00	394.00	421.00	300.00	382.00	465.00	512.00	608.00	495.00	431.00	354.00	362.00	597.00	620.00	714.00	764.00	481.00	386.00	430.00	392.00	298.00	300.00	266.00	252.00	287.00	363.00	459.00	419.00
																																																																																																																																																																																											0.00	1.00	6.00	8.00	56.00	111.00	134.00	131.00	143.00	153.00	163.00	177.00	192.00	198.00	180.00	172.00	179.00	168.00	177.00	189.00	201.00	231.00	270.00	281.00	265.00	260.00	159.00	131.00	80.00	88.00	263.00	311.00	405.00	325.00	231.00	274.00	378.00	316.00	270.00	300.00	316.00	372.00	281.00	263.00	306.00	379.00	347.00	420.00	591.00	505.00	390.00	403.00	478.00	733.00	830.00	899.00	846.00	519.00	435.00	479.00	388.00	275.00	298.00	302.00	261.00	247.00	341.00	338.00	408.00
																																																																																																																																																																																														0.00	115.00	152.00	191.00	235.00	252.00	219.00	191.00	194.00	227.00	186.00	177.00	166.00	160.00	184.00	209.00	227.00	249.00	275.00	320.00	347.00	325.00	293.00	184.00	133.00	126.00	120.00	316.00	363.00	407.00	459.00	363.00	413.00	321.00	263.00	236.00	251.00	266.00	224.00	252.00	231.00	422.00	341.00	379.00	470.00	606.00	505.00	486.00	606.00	632.00	764.00	926.00	880.00	767.00	675.00	543.00	572.00	438.00	324.00	247.00	303.00	326.00	322.00	298.00	394.00	374.00
																																																																																																																																																																																														0.00	91.00	165.00	214.00	267.00	272.00	254.00	215.00	214.00	212.00	192.00	173.00	160.00	161.00	190.00	226.00	243.00	269.00	293.00	335.00	345.00	338.00	294.00	167.00	139.00	153.00	137.00	335.00	336.00	388.00	490.00	413.00	326.00	275.00	214.00	233.00	190.00	207.00	226.00	223.00	194.00	374.00	399.00	372.00	456.00	600.00	533.00	570.00	677.00	769.00	899.00	963.00	884.00	888.00	683.00	615.00	558.00	453.00	380.00	265.00	312.00	372.00	390.00	417.00	504.00	472.00
																																																																																																																																																																																														0.00	104.00	146.00	213.00	252.00	281.00	265.00	235.00	239.00	221.00	179.00	165.00	160.00	162.00	209.00	239.00	270.00	304.00	333.00	358.00	354.00	333.00	292.00	179.00	178.00	182.00	177.00	289.00	318.00	419.00	446.00	340.00	279.00	198.00	209.00	240.00	195.00	212.00	201.00	177.00	198.00	323.00	386.00	336.00	348.00	518.00	607.00	604.00	685.00	812.00	961.00	1071.00	1074.00	969.00	669.00	664.00	594.00	501.00	440.00	271.00	336.00	401.00	427.00	476.00	596.00	640.00
																																																																																																																																																																																														0.00	99.00	159.00	206.00	251.00	281.00	296.00	280.00	241.00	212.00	177.00	166.00	171.00	187.00	228.00	273.00	304.00	325.00	339.00	375.00	364.00	335.00	286.00	208.00	214.00	251.00	260.00	297.00	358.00	450.00	427.00	315.00	243.00	183.00	223.00	239.00	163.00	187.00	176.00	150.00	209.00	291.00	292.00	261.00	405.00	548.00	662.00	683.00	688.00	744.00	972.00	1125.00	1098.00	1013.00	708.00	723.00	653.00	549.00	481.00	306.00	346.00	392.00	433.00	609.00	648.00	763.00
																																																																																																																																																																																														0.00	54.00	115.00	204.00	255.00	266.00	288.00	298.00	311.00	314.00	242.00	212.00	259.00	279.00	305.00	320.00	345.00	365.00	372.00	390.00	374.00	321.00	285.00	208.00	218.00	256.00	281.00	340.00	402.00	401.00	348.00	287.00	145.00	221.00	204.00	203.00	199.00	151.00	134.00	136.00	186.00	286.00	257.00	285.00	278.00	409.00	508.00	647.00	783.00	909.00	1118.00	1126.00	1048.00	984.00	863.00	819.00	670.00	600.00	634.00	448.00	369.00	332.00	469.00	661.00	604.00	635.00
																																																																																																																																																																																															26.00	68.00	147.00	225.00	229.00	224.00	212.00	264.00	333.00	274.00	268.00	305.00	331.00	365.00	364.00	365.00	375.00	382.00	409.00	377.00	328.00	288.00	227.00	232.00	295.00	315.00	362.00	456.00	334.00	276.00	280.00	145.00	213.00	195.00	190.00	192.00	175.00	148.00	133.00	202.00	215.00	192.00	215.00	263.00	451.00	541.00	604.00	719.00	779.00	1022.00	1161.00	1043.00	939.00	970.00	866.00	731.00	674.00	637.00	520.00	499.00	361.00	343.00	647.00	523.00	632.00
																																																																																																																																																																																															6.00	47.00	99.00	176.00	130.00	137.00	212.00	306.00	329.00	290.00	314.00	379.00	394.00	407.00	384.00	394.00	401.00	399.00	420.00	367.00	336.00	288.00	235.00	236.00	318.00	314.00	361.00	482.00	384.00	264.00	209.00	153.00	265.00	233.00	199.00	173.00	171.00	152.00	126.00	168.00	191.00	245.00	336.00	378.00	438.00	497.00	523.00	604.00	693.00	1026.00	1095.00	1006.00	970.00	1046.00	912.00	809.00	696.00	622.00	620.00	547.00	422.00	338.00	516.00	543.00	665.00
																																																																																																																																																																																															2.00	41.00	73.00	89.00	57.00	155.00	234.00	327.00	323.00	303.00	345.00	439.00	448.00	438.00	419.00	434.00	447.00	433.00	424.00	366.00	336.00	296.00	230.00	234.00	285.00	305.00	363.00	435.00	349.00	274.00	233.00	135.00	302.00	227.00	185.00	157.00	162.00	138.00	132.00	186.00	187.00	261.00	356.00	374.00	357.00	395.00	488.00	601.00	687.00	943.00	1036.00	998.00	1035.00	1107.00	909.00	796.00	707.00	700.00	780.00	677.00	492.00	345.00	450.00	667.00	782.00
																																																																																																																																																																																															0.00	5.00	10.00	36.00	151.00	228.00	265.00	299.00	281.00	361.00	421.00	475.00	486.00	504.00	507.00	487.00	493.00	485.00	434.00	383.00	352.00	316.00	255.00	238.00	258.00	307.00	416.00	410.00	239.00	177.00	210.00	136.00	255.00	181.00	140.00	142.00	117.00	139.00	159.00	174.00	310.00	329.00	232.00	303.00	360.00	472.00	596.00	715.00	766.00	745.00	731.00	859.00	1086.00	1052.00	984.00	940.00	886.00	866.00	882.00	664.00	627.00	494.00	514.00	688.00	698.00
																																																																																																																																																																																																1.00	11.00	35.00	180.00	220.00	292.00	287.00	291.00	396.00	454.00	489.00	501.00	527.00	531.00	520.00	508.00	487.00	432.00	389.00	368.00	313.00	276.00	268.00	321.00	309.00	422.00	328.00	212.00	161.00	122.00	135.00	224.00	161.00	134.00	129.00	110.00	128.00	172.00	176.00	203.00	230.00	192.00	375.00	394.00	480.00	609.00	712.00	656.00	615.00	695.00	857.00	1077.00	1143.00	1093.00	1009.00	920.00	898.00	835.00	829.00	755.00	517.00	431.00	638.00	593.00
																																																																																																																																																																																																0.00	7.00	19.00	110.00	181.00	250.00	215.00	276.00	434.00	465.00	496.00	509.00	550.00	553.00	548.00	530.00	495.00	425.00	401.00	358.00	307.00	276.00	333.00	384.00	355.00	344.00	271.00	286.00	243.00	155.00	156.00	176.00	139.00	131.00	111.00	103.00	122.00	131.00	141.00	218.00	170.00	183.00	341.00	532.00	537.00	590.00	589.00	536.00	612.00	707.00	864.00	983.00	1140.00	1067.00	997.00	979.00	901.00	825.00	976.00	886.00	719.00	435.00	597.00	511.00
																																																																																																																																																																																																0.00	5.00	21.00	131.00	167.00	152.00	171.00	244.00	440.00	460.00	498.00	515.00	553.00	557.00	538.00	522.00	503.00	430.00	402.00	351.00	311.00	292.00	356.00	374.00	402.00	382.00	357.00	317.00	188.00	151.00	181.00	129.00	116.00	130.00	114.00	120.00	142.00	153.00	184.00	244.00	229.00	211.00	258.00	499.00	604.00	564.00	452.00	481.00	685.00	827.00	930.00	1005.00	1081.00	1064.00	966.00	916.00	877.00	872.00	951.00	956.00	780.00	528.00	484.00	465.00
																																																																																																																																																																																																0.00	4.00	15.00	46.00	96.00	160.00	228.00	304.00	434.00	461.00	505.00	525.00	531.00	541.00	544.00	533.00	516.00	433.00	387.00	337.00	300.00	262.00	244.00	303.00	375.00	236.00	154.00	153.00	168.00	126.00	89.00	94.00	112.00	109.00	148.00	145.00	152.00	188.00	212.00	330.00	401.00	428.00	417.00	516.00	437.00	357.00	466.00	537.00	669.00	783.00	976.00	1126.00	1011.00	948.00	913.00	928.00	983.00	992.00	984.00	1061.00	936.00	652.00	453.00	519.00
																																																																																																																																																																																																0.00	4.00	15.00	46.00	96.00	160.00	228.00	304.00	434.00	461.00	505.00	525.00	531.00	541.00	544.00	533.00	516.00	433.00	387.00	337.00	300.00	262.00	244.00	303.00	375.00	236.00	154.00	153.00	168.00	126.00	89.00	94.00	112.00	109.00	148.00	145.00	152.00	188.00	212.00	330.00	401.00	428.00	417.00	516.00	437.00	357.00	466.00	537.00	669.00	783.00	976.00	1126.00	1011.00	948.00	913.00	928.00	983.00	992.00	984.00	1061.00	936.00	652.00	453.00	519.00
																																																																																																																																																																																																0.00	3.00	13.00	60.00	125.00	194.00	257.00	309.00	412.00	465.00	511.00	522.00	538.00	551.00	539.00	527.00	500.00	430.00	356.00	332.00	306.00	196.00	213.00	336.00	304.00	132.00	120.00	175.00	165.00	156.00	90.00	101.00	96.00	115.00	167.00	193.00	173.00	195.00	242.00	329.00	411.00	461.00	572.00	413.00	336.00	352.00	459.00	600.00	746.00	880.00	1024.00	1117.00	945.00	865.00	875.00	940.00	998.00	1036.00	1060.00	1046.00	856.00	683.00	470.00	469.00
																																																																																																																																																																																																	3.00	9.00	69.00	132.00	199.00	271.00	264.00	384.00	451.00	498.00	509.00	545.00	546.00	532.00	505.00	451.00	375.00	325.00	310.00	308.00	161.00	235.00	308.00	239.00	116.00	123.00	153.00	182.00	213.00	125.00	172.00	113.00	138.00	173.00	234.00	276.00	277.00	241.00	262.00	331.00	397.00	512.00	348.00	304.00	413.00	475.00	549.00	803.00	943.00	1119.00	1106.00	872.00	810.00	857.00	919.00	999.00	1041.00	1028.00	939.00	767.00	739.00	576.00	525.00
																																																																																																																																																																																																0.00	0.00	6.00	37.00	84.00	158.00	174.00	184.00	284.00	365.00	457.00	478.00	505.00	479.00	415.00	339.00	260.00	269.00	303.00	309.00	315.00	188.00	164.00	131.00	118.00	104.00	95.00	101.00	95.00	124.00	229.00	188.00	143.00	223.00	188.00	238.00	295.00	257.00	193.00	320.00	342.00	367.00	315.00	287.00	406.00	505.00	539.00	693.00	929.00	994.00	983.00	854.00	705.00	746.00	889.00	1047.00	1103.00	958.00	905.00	818.00	775.00	883.00	712.00	709.00
																																																																																																																																																																																																		5.00	33.00	55.00	98.00	148.00	162.00	212.00	250.00	388.00	399.00	402.00	338.00	246.00	215.00	260.00	306.00	311.00	318.00	326.00	276.00	164.00	200.00	296.00	143.00	223.00	129.00	83.00	151.00	278.00	167.00	157.00	237.00	173.00	200.00	248.00	237.00	189.00	258.00	223.00	214.00	227.00	330.00	458.00	623.00	631.00	718.00	1034.00	917.00	880.00	812.00	642.00	738.00	864.00	1011.00	1107.00	1067.00	967.00	829.00	864.00	869.00	842.00	860.00
																																																																																																																																																																																																	0.00	4.00	17.00	37.00	44.00	88.00	103.00	172.00	171.00	305.00	259.00	309.00	257.00	198.00	293.00	344.00	311.00	312.00	317.00	326.00	276.00	211.00	343.00	422.00	137.00	217.00	176.00	87.00	178.00	209.00	137.00	160.00	212.00	162.00	238.00	267.00	207.00	157.00	180.00	239.00	274.00	297.00	374.00	460.00	631.00	791.00	763.00	1025.00	899.00	782.00	696.00	665.00	783.00	893.00	1043.00	1070.00	1043.00	904.00	911.00	952.00	805.00	899.00	993.00
																																																																																																																																																																																																	0.00	5.00	10.00	15.00	27.00	48.00	83.00	119.00	134.00	239.00	173.00	172.00	190.00	275.00	332.00	323.00	317.00	322.00	326.00	346.00	285.00	280.00	412.00	377.00	113.00	153.00	141.00	102.00	187.00	148.00	103.00	140.00	143.00	142.00	196.00	214.00	154.00	194.00	277.00	302.00	353.00	450.00	495.00	577.00	680.00	915.00	938.00	993.00	897.00	781.00	672.00	659.00	777.00	929.00	1086.00	1135.00	1030.00	1026.00	1042.00	1054.00	876.00	941.00	1089.00
																																																																																																																																																																																																	0.00	5.00	7.00	8.00	13.00	19.00	25.00	72.00	118.00	79.00	96.00	199.00	205.00	253.00	302.00	268.00	308.00	316.00	334.00	351.00	374.00	401.00	236.00	222.00	100.00	82.00	75.00	111.00	162.00	84.00	158.00	178.00	226.00	324.00	215.00	137.00	202.00	327.00	424.00	488.00	497.00	573.00	654.00	860.00	960.00	1033.00	1106.00	870.00	688.00	600.00	548.00	743.00	870.00	1066.00	1062.00	1040.00	1170.00	1325.00	1338.00	1282.00	1207.00	1211.00	1242.00
																																																																																																																																																																																																	0.00	6.00	7.00	10.00	12.00	14.00	20.00	59.00	74.00	125.00	153.00	229.00	252.00	247.00	250.00	283.00	315.00	320.00	320.00	357.00	397.00	283.00	188.00	100.00	74.00	75.00	74.00	77.00	83.00	103.00	211.00	264.00	317.00	322.00	237.00	164.00	258.00	419.00	497.00	594.00	689.00	661.00	724.00	863.00	1063.00	1057.00	1001.00	834.00	669.00	553.00	472.00	847.00	954.00	1041.00	985.00	960.00	1201.00	1364.00	1358.00	1266.00	1340.00	1327.00	1267.00
																																																																																																																																																																																																	0.00	5.00	7.00	10.00	11.00	13.00	18.00	27.00	42.00	104.00	135.00	200.00	232.00	265.00	280.00	275.00	278.00	285.00	298.00	346.00	359.00	254.00	119.00	72.00	81.00	93.00	90.00	76.00	85.00	112.00	241.00	370.00	391.00	235.00	196.00	180.00	306.00	457.00	577.00	610.00	683.00	679.00	904.00	977.00	1088.00	963.00	930.00	688.00	593.00	484.00	461.00	857.00	966.00	930.00	880.00	970.00	1286.00	1274.00	1206.00	1155.00	1291.00	1199.00	1138.00
																																																																																																																																																																																																	0.00	5.00	5.00	8.00	10.00	12.00	13.00	23.00	62.00	77.00	115.00	154.00	194.00	214.00	210.00	235.00	249.00	264.00	347.00	400.00	241.00	169.00	109.00	68.00	86.00	124.00	127.00	117.00	154.00	157.00	333.00	388.00	344.00	231.00	192.00	221.00	310.00	398.00	477.00	463.00	513.00	621.00	786.00	930.00	1098.00	996.00	834.00	652.00	513.00	436.00	506.00	793.00	824.00	826.00	873.00	1040.00	1186.00	1078.00	1164.00	1076.00	1197.00	1049.00	1057.00
																																																																																																																																																																																																	1.00	6.00	6.00	9.00	11.00	16.00	37.00	84.00	100.00	132.00	130.00	151.00	171.00	200.00	207.00	220.00	246.00	289.00	333.00	297.00	311.00	227.00	105.00	90.00	75.00	80.00	162.00	250.00	236.00	387.00	450.00	345.00	319.00	240.00	207.00	258.00	323.00	321.00	252.00	287.00	393.00	702.00	947.00	965.00	874.00	835.00	741.00	451.00	388.00	520.00	697.00	765.00	668.00	775.00	930.00	916.00	792.00	938.00	1114.00	1021.00	985.00	880.00	957.00
																																																																																																																																																																																																0.00	4.00	6.00	9.00	11.00	12.00	12.00	16.00	58.00	53.00	111.00	118.00	148.00	163.00	175.00	190.00	206.00	232.00	258.00	312.00	313.00	367.00	225.00	103.00	78.00	69.00	85.00	144.00	225.00	282.00	478.00	534.00	453.00	423.00	275.00	226.00	258.00	276.00	246.00	323.00	391.00	420.00	630.00	890.00	951.00	786.00	668.00	620.00	393.00	368.00	562.00	727.00	642.00	576.00	726.00	838.00	737.00	794.00	969.00	1026.00	958.00	893.00	880.00	957.00
																																																																																																																																																																																																0.00	5.00	7.00	10.00	11.00	13.00	14.00	15.00	41.00	31.00	105.00	120.00	122.00	147.00	164.00	170.00	192.00	226.00	258.00	291.00	339.00	288.00	181.00	83.00	64.00	73.00	108.00	237.00	257.00	286.00	450.00	459.00	514.00	443.00	280.00	268.00	216.00	194.00	198.00	417.00	502.00	518.00	655.00	851.00	877.00	741.00	633.00	475.00	314.00	354.00	529.00	618.00	486.00	498.00	641.00	687.00	599.00	816.00	1054.00	1000.00	882.00	784.00	950.00	1010.00
																																																																																																																																																																																																1.00	6.00	7.00	10.00	10.00	22.00	41.00	28.00	93.00	51.00	72.00	101.00	107.00	147.00	158.00	185.00	195.00	224.00	230.00	239.00	271.00	265.00	97.00	63.00	65.00	73.00	133.00	254.00	264.00	278.00	414.00	339.00	471.00	535.00	337.00	271.00	195.00	161.00	282.00	489.00	569.00	652.00	565.00	774.00	784.00	671.00	509.00	362.00	418.00	465.00	395.00	410.00	403.00	445.00	460.00	487.00	487.00	796.00	992.00	959.00	815.00	836.00	1033.00	1079.00
																																																																																																																																																																																															0.00	4.00	6.00	9.00	10.00	17.00	56.00	72.00	66.00	112.00	137.00	70.00	47.00	102.00	159.00	187.00	184.00	177.00	200.00	202.00	191.00	175.00	171.00	61.00	89.00	103.00	95.00	82.00	81.00	90.00	170.00	218.00	255.00	357.00	439.00	317.00	244.00	167.00	133.00	242.00	461.00	503.00	495.00	413.00	742.00	606.00	453.00	290.00	326.00	614.00	775.00	726.00	653.00	617.00	735.00	761.00	703.00	672.00	584.00	640.00	679.00	722.00	742.00	956.00	1100.00
																																																																																																																																																																																															1.00	5.00	6.00	10.00	11.00	24.00	51.00	65.00	57.00	75.00	95.00	108.00	96.00	113.00	124.00	136.00	143.00	158.00	164.00	174.00	208.00	214.00	85.00	64.00	95.00	172.00	188.00	141.00	127.00	75.00	113.00	170.00	279.00	363.00	320.00	280.00	196.00	159.00	154.00	180.00	307.00	420.00	366.00	474.00	698.00	520.00	357.00	247.00	389.00	676.00	869.00	916.00	831.00	732.00	832.00	919.00	943.00	845.00	601.00	660.00	829.00	780.00	711.00	1099.00	1241.00
																																																																																																																																																																																															3.00	6.00	8.00	9.00	13.00	20.00	33.00	36.00	43.00	73.00	91.00	97.00	98.00	139.00	141.00	128.00	143.00	154.00	159.00	160.00	185.00	263.00	65.00	58.00	76.00	138.00	262.00	240.00	115.00	79.00	82.00	174.00	347.00	379.00	262.00	287.00	210.00	142.00	149.00	164.00	183.00	258.00	217.00	468.00	596.00	448.00	269.00	269.00	355.00	654.00	865.00	1014.00	965.00	851.00	935.00	1040.00	1018.00	895.00	756.00	863.00	943.00	899.00	765.00	1123.00	1115.00
																																																																																																																																																																																															5.00	7.00	9.00	9.00	15.00	30.00	26.00	37.00	52.00	68.00	56.00	75.00	79.00	117.00	135.00	156.00	144.00	136.00	158.00	152.00	162.00	188.00	67.00	56.00	71.00	161.00	294.00	149.00	99.00	91.00	90.00	91.00	205.00	280.00	165.00	148.00	226.00	159.00	126.00	238.00	236.00	211.00	203.00	289.00	462.00	310.00	237.00	375.00	538.00	630.00	800.00	928.00	1045.00	963.00	1075.00	1194.00	1060.00	896.00	839.00	949.00	1103.00	997.00	776.00	950.00	1062.00
																																																																																																																																																																																															7.00	7.00	10.00	9.00	36.00	34.00	46.00	39.00	35.00	37.00	40.00	40.00	44.00	61.00	86.00	121.00	162.00	163.00	154.00	162.00	197.00	199.00	56.00	98.00	211.00	349.00	152.00	128.00	234.00	204.00	151.00	253.00	195.00	225.00	289.00	316.00	181.00	155.00	241.00	354.00	438.00	466.00	525.00	351.00	245.00	319.00	424.00	585.00	757.00	684.00	743.00	909.00	1107.00	1283.00	1341.00	1286.00	1113.00	984.00	925.00	1101.00	1301.00	1271.00	873.00	1109.00	1213.00
																																																																																																																																																																																												0.00		2.00	5.00	6.00	7.00	10.00	19.00	19.00	24.00	21.00	25.00	33.00	53.00	78.00	70.00	73.00	92.00	103.00	131.00	190.00	233.00	253.00	252.00	128.00	149.00	343.00	387.00	336.00	196.00	164.00	197.00	279.00	267.00	363.00	309.00	398.00	555.00	382.00	244.00	263.00	168.00	312.00	539.00	652.00	532.00	248.00	415.00	551.00	699.00	707.00	817.00	901.00	935.00	924.00	923.00	1071.00	1144.00	1176.00	1178.00	1302.00	1254.00	1258.00	1284.00	1103.00	1006.00	1399.00	1497.00
																																																																																																																																																																																												1.00	1.00	3.00	5.00	7.00	8.00	10.00	15.00	17.00	18.00	20.00	37.00	43.00	44.00	55.00	70.00	82.00	72.00	96.00	140.00	224.00	319.00	249.00	142.00	87.00	211.00	310.00	307.00	300.00	275.00	221.00	164.00	257.00	354.00	463.00	451.00	447.00	566.00	361.00	276.00	341.00	214.00	326.00	600.00	708.00	594.00	208.00	481.00	552.00	614.00	529.00	677.00	818.00	810.00	800.00	765.00	980.00	955.00	971.00	1039.00	1216.00	1459.00	1462.00	1356.00	1185.00	1040.00	1563.00	1520.00
																																																																																																																																																																																												2.00	3.00	2.00	7.00	7.00	10.00	12.00	14.00	15.00	22.00	40.00	53.00	46.00	25.00	41.00	52.00	78.00	92.00	81.00	112.00	162.00	287.00	210.00	75.00	59.00	177.00	285.00	313.00	314.00	291.00	195.00	183.00	218.00	322.00	471.00	611.00	625.00	645.00	399.00	374.00	361.00	241.00	320.00	669.00	658.00	525.00	226.00	272.00	329.00	409.00	404.00	584.00	721.00	662.00	651.00	575.00	770.00	768.00	818.00	945.00	1040.00	1438.00	1574.00	1425.00	1241.00	1096.00	1655.00	1555.00
																																																																																																																																																																																											2.00	3.00	5.00	5.00	7.00	9.00	10.00	11.00	21.00	39.00	33.00	17.00	17.00	18.00	20.00	35.00	48.00	49.00	59.00	89.00	151.00	106.00	90.00	48.00	51.00	193.00	361.00	295.00	264.00	270.00	279.00	307.00	248.00	353.00	391.00	412.00	594.00	569.00	590.00	525.00	481.00	404.00	287.00	361.00	596.00	508.00	448.00	363.00	490.00	544.00	449.00	336.00	357.00	422.00	446.00	574.00	642.00	1091.00	1037.00	1110.00	1152.00	1221.00	1349.00	1524.00	1450.00	1261.00	1285.00	1412.00	1567.00
																																																																																																																																																																																										0.00	3.00	5.00	5.00	6.00	8.00	9.00	11.00	12.00	13.00	14.00	15.00	15.00	16.00	19.00	21.00	29.00	32.00	47.00	64.00	126.00	167.00	104.00	48.00	42.00	59.00	239.00	365.00	326.00	274.00	258.00	316.00	384.00	310.00	334.00	411.00	367.00	562.00	501.00	541.00	538.00	412.00	342.00	316.00	384.00	622.00	500.00	378.00	329.00	574.00	672.00	607.00	442.00	484.00	438.00	522.00	585.00	651.00	1086.00	1172.00	1264.00	1392.00	1447.00	1429.00	1609.00	1566.00	1491.00	1507.00	1456.00	1560.00
																																																																																																																																																																																										1.00	4.00	5.00	6.00	7.00	9.00	11.00	11.00	12.00	13.00	14.00	16.00	16.00	26.00	39.00	60.00	27.00	33.00	57.00	74.00	148.00	154.00	69.00	40.00	45.00	64.00	144.00	314.00	303.00	275.00	259.00	313.00	381.00	311.00	323.00	352.00	336.00	543.00	489.00	470.00	554.00	431.00	383.00	421.00	527.00	636.00	491.00	328.00	373.00	502.00	655.00	724.00	602.00	642.00	530.00	642.00	570.00	668.00	1136.00	1158.00	1280.00	1460.00	1652.00	1612.00	1634.00	1572.00	1575.00	1685.00	1561.00	1515.00
																																																																																																																																																																																										4.00	4.00	5.00	7.00	8.00	10.00	11.00	13.00	13.00	17.00	17.00	16.00	17.00	28.00	30.00	46.00	48.00	52.00	65.00	97.00	184.00	160.00	69.00	39.00	60.00	57.00	76.00	279.00	280.00	264.00	263.00	296.00	307.00	260.00	273.00	295.00	330.00	481.00	428.00	458.00	647.00	566.00	506.00	527.00	652.00	579.00	483.00	381.00	444.00	550.00	630.00	764.00	698.00	591.00	526.00	616.00	704.00	831.00	1214.00	1326.00	1390.00	1475.00	1554.00	1679.00	1701.00	1679.00	1676.00	1538.00	1569.00	1515.00
																																																																																																																																																																																									0.00	4.00	6.00	9.00	12.00	8.00	11.00	10.00	13.00	12.00	14.00	16.00	19.00	18.00	17.00	22.00	23.00	48.00	45.00	60.00	64.00	118.00	189.00	74.00	44.00	61.00	62.00	81.00	218.00	246.00	174.00	153.00	164.00	179.00	179.00	243.00	282.00	388.00	465.00	329.00	418.00	567.00	475.00	488.00	536.00	626.00	605.00	560.00	509.00	485.00	689.00	785.00	799.00	706.00	509.00	711.00	799.00	907.00	1008.00	1274.00	1147.00	1126.00	1338.00	1557.00	1575.00	1472.00	1406.00	1473.00	1253.00	1361.00	1263.00
																																																																																																																																																																																									0.00	6.00	3.00	8.00	7.00	11.00	18.00	19.00	13.00	15.00	16.00	15.00	16.00	19.00	20.00	20.00	22.00	29.00	26.00	33.00	48.00	68.00	81.00	48.00	106.00	110.00	138.00	146.00	150.00	163.00	133.00	156.00	264.00	326.00	300.00	256.00	232.00	382.00	449.00	311.00	411.00	496.00	420.00	461.00	588.00	645.00	699.00	626.00	514.00	478.00	747.00	846.00	841.00	703.00	512.00	776.00	782.00	887.00	983.00	1149.00	1034.00	1181.00	1380.00	1418.00	1476.00	1389.00	1311.00	1301.00	1232.00	1169.00	1119.00
																																																																																																																																																																																									2.00	3.00	4.00	4.00	7.00	11.00	36.00	26.00	28.00	15.00	17.00	17.00	19.00	28.00	21.00	21.00	22.00	25.00	26.00	28.00	34.00	34.00	34.00	35.00	174.00	239.00	210.00	144.00	122.00	114.00	121.00	207.00	326.00	414.00	452.00	422.00	332.00	353.00	450.00	291.00	394.00	425.00	375.00	503.00	599.00	732.00	739.00	652.00	574.00	491.00	658.00	786.00	774.00	605.00	602.00	786.00	712.00	766.00	922.00	1005.00	1054.00	1203.00	1191.00	1136.00	1269.00	1383.00	1234.00	1185.00	1181.00	971.00	943.00
																																																																																																																																																																																								0.00	4.00	3.00	4.00	4.00	10.00	13.00	49.00	39.00	47.00	39.00	17.00	26.00	21.00	26.00	28.00	23.00	23.00	24.00	26.00	30.00	30.00	30.00	31.00	63.00	171.00	175.00	159.00	110.00	145.00	90.00	137.00	196.00	330.00	393.00	444.00	445.00	451.00	453.00	423.00	311.00	279.00	338.00	392.00	511.00	604.00	748.00	806.00	696.00	617.00	557.00	711.00	789.00	849.00	660.00	610.00	729.00	760.00	917.00	911.00	989.00	1069.00	1151.00	1084.00	946.00	1154.00	1319.00	1239.00	1166.00	1078.00	999.00	879.00
																																																																																																																																																																																							1.00	9.00	9.00	8.00	5.00	6.00	9.00	21.00	30.00	27.00	30.00	47.00	43.00	43.00	56.00	64.00	46.00	29.00	24.00	28.00	30.00	30.00	32.00	34.00	40.00	60.00	143.00	152.00	85.00	60.00	93.00	92.00	65.00	95.00	243.00	282.00	315.00	354.00	437.00	284.00	313.00	299.00	270.00	555.00	484.00	455.00	574.00	716.00	775.00	671.00	579.00	662.00	877.00	992.00	991.00	838.00	692.00	689.00	829.00	1014.00	1107.00	874.00	814.00	805.00	872.00	732.00	1013.00	1164.00	1367.00	1330.00	1542.00	1382.00	1172.00
																																																																																																																																																																																						0.00	6.00	9.00	13.00	13.00	10.00	8.00	6.00	9.00	14.00	14.00	33.00	25.00	25.00	35.00	56.00	81.00	69.00	35.00	28.00	27.00	27.00	30.00	36.00	39.00	55.00	76.00	242.00	182.00	73.00	55.00	90.00	105.00	69.00	66.00	202.00	242.00	253.00	380.00	379.00	289.00	263.00	254.00	299.00	484.00	450.00	449.00	513.00	606.00	693.00	699.00	634.00	680.00	829.00	953.00	1008.00	893.00	780.00	797.00	898.00	1037.00	928.00	767.00	729.00	634.00	639.00	725.00	982.00	1188.00	1386.00	1444.00	1572.00	1370.00	1198.00
																																																																																																																																																																																						4.00	8.00	10.00	16.00	12.00	14.00	11.00	7.00	6.00	11.00	25.00	32.00	14.00	47.00	34.00	47.00	63.00	83.00	52.00	36.00	63.00	41.00	48.00	74.00	53.00	49.00	96.00	240.00	126.00	65.00	52.00	65.00	90.00	88.00	56.00	160.00	181.00	268.00	357.00	354.00	278.00	212.00	261.00	327.00	375.00	420.00	379.00	426.00	479.00	717.00	776.00	709.00	760.00	886.00	980.00	1007.00	908.00	842.00	811.00	968.00	972.00	774.00	694.00	617.00	585.00	703.00	881.00	1119.00	1198.00	1267.00	1380.00	1465.00	1219.00	1056.00
																																																																																																																																																																																						9.00	14.00	19.00	15.00	16.00	15.00	10.00	8.00	8.00	14.00	12.00	20.00	12.00	38.00	35.00	41.00	54.00	76.00	73.00	57.00	95.00	84.00	108.00	122.00	63.00	57.00	93.00	229.00	101.00	59.00	49.00	60.00	74.00	74.00	59.00	91.00	151.00	218.00	267.00	266.00	275.00	258.00	315.00	266.00	396.00	389.00	432.00	497.00	572.00	743.00	710.00	652.00	694.00	885.00	997.00	985.00	903.00	898.00	911.00	944.00	799.00	685.00	580.00	560.00	595.00	733.00	960.00	1127.00	1037.00	1135.00	1221.00	1430.00	1175.00	1134.00
																																																																																																																																																																																					2.00	44.00	44.00	7.00	2.00	3.00	5.00	6.00	8.00	7.00	11.00	15.00	12.00	11.00	10.00	10.00	10.00	13.00	19.00	67.00	93.00	113.00	75.00	81.00	115.00	139.00	135.00	272.00	105.00	69.00	52.00	47.00	54.00	50.00	53.00	54.00	59.00	104.00	131.00	160.00	228.00	129.00	254.00	245.00	244.00	437.00	517.00	445.00	524.00	603.00	598.00	532.00	433.00	607.00	864.00	901.00	815.00	878.00	988.00	892.00	675.00	475.00	453.00	502.00	668.00	712.00	906.00	888.00	841.00	972.00	1164.00	1284.00	1257.00	1485.00	1394.00
																																																																																																																																																																																						9.00	5.00	2.00	3.00	8.00	6.00	4.00	6.00	8.00	13.00	13.00	13.00	12.00	10.00	10.00	11.00	11.00	12.00	33.00	56.00	89.00	55.00	59.00	105.00	105.00	143.00	240.00	86.00	64.00	55.00	51.00	43.00	44.00	43.00	45.00	53.00	87.00	88.00	99.00	135.00	211.00	201.00	181.00	199.00	453.00	474.00	431.00	492.00	484.00	480.00	403.00	367.00	556.00	823.00	800.00	680.00	813.00	903.00	810.00	606.00	419.00	387.00	656.00	765.00	753.00	832.00	773.00	873.00	999.00	1093.00	1103.00	1155.00	1495.00	1468.00
																																																																																																																																																																																				3.00	4.00	1.00	3.00	5.00	7.00	8.00	8.00	9.00	3.00	5.00	13.00	14.00	17.00	22.00	12.00	11.00	11.00	11.00	12.00	24.00	50.00	65.00	42.00	50.00	79.00	108.00	134.00	204.00	108.00	64.00	56.00	61.00	43.00	42.00	41.00	42.00	65.00	56.00	62.00	67.00	78.00	161.00	152.00	208.00	249.00	379.00	406.00	427.00	409.00	352.00	337.00	293.00	401.00	655.00	803.00	667.00	587.00	704.00	825.00	685.00	444.00	357.00	453.00	680.00	628.00	695.00	718.00	682.00	785.00	888.00	905.00	940.00	1196.00	1412.00	1289.00
																																																																																																																																																																																				2.00	4.00	3.00	5.00	5.00	7.00	7.00	8.00	10.00	8.00	7.00	5.00	10.00	15.00	18.00	13.00	12.00	12.00	11.00	12.00	21.00	49.00	35.00	33.00	53.00	105.00	127.00	126.00	224.00	134.00	63.00	48.00	67.00	51.00	42.00	40.00	40.00	98.00	66.00	74.00	91.00	108.00	113.00	130.00	153.00	266.00	337.00	381.00	407.00	321.00	306.00	266.00	292.00	430.00	682.00	670.00	545.00	496.00	663.00	759.00	702.00	487.00	334.00	500.00	577.00	517.00	562.00	571.00	636.00	736.00	785.00	877.00	1026.00	1303.00	1321.00	1157.00
																																																																																																																																																																																			1.00	2.00	5.00	6.00	5.00	5.00	5.00	8.00	9.00	11.00	10.00	9.00	12.00	9.00	7.00	7.00	11.00	12.00	14.00	12.00	13.00	23.00	46.00	28.00	31.00	55.00	67.00	108.00	141.00	208.00	84.00	48.00	40.00	62.00	54.00	50.00	40.00	38.00	78.00	68.00	70.00	85.00	99.00	96.00	105.00	159.00	184.00	213.00	265.00	216.00	215.00	208.00	178.00	258.00	347.00	583.00	392.00	345.00	465.00	626.00	590.00	784.00	501.00	301.00	490.00	407.00	569.00	650.00	760.00	766.00	1020.00	974.00	1096.00	1215.00	1332.00	1090.00	976.00
																																																																																																																																																																																			1.00	2.00	5.00	6.00	5.00	5.00	5.00	8.00	9.00	11.00	10.00	9.00	12.00	9.00	7.00	7.00	11.00	12.00	14.00	12.00	13.00	23.00	46.00	28.00	31.00	55.00	67.00	108.00	141.00	208.00	84.00	48.00	40.00	62.00	54.00	50.00	40.00	38.00	78.00	68.00	70.00	85.00	99.00	96.00	105.00	159.00	184.00	213.00	265.00	216.00	215.00	208.00	178.00	258.00	347.00	583.00	392.00	345.00	465.00	626.00	590.00	784.00	501.00	301.00	490.00	407.00	569.00	650.00	760.00	766.00	1020.00	974.00	1096.00	1215.00	1332.00	1090.00	976.00
																																																																																																																																																																																		0.00	1.00	4.00	3.00	6.00	4.00	5.00	6.00	7.00	9.00	9.00	10.00	11.00	12.00	11.00	11.00	7.00	12.00	11.00	14.00	13.00	14.00	38.00	34.00	25.00	31.00	44.00	64.00	123.00	180.00	240.00	70.00	47.00	38.00	50.00	45.00	39.00	38.00	35.00	67.00	64.00	77.00	101.00	86.00	75.00	79.00	90.00	114.00	179.00	191.00	185.00	187.00	133.00	215.00	334.00	420.00	440.00	295.00	356.00	510.00	608.00	545.00	621.00	420.00	287.00	420.00	480.00	633.00	810.00	876.00	951.00	1138.00	1096.00	1054.00	1014.00	1124.00	889.00	922.00
																																																																																																																																																																																			1.00	7.00	4.00	4.00	4.00	6.00	6.00	8.00	9.00	8.00	9.00	11.00	12.00	13.00	12.00	12.00	8.00	11.00	12.00	14.00	15.00	33.00	23.00	23.00	28.00	42.00	102.00	173.00	258.00	223.00	88.00	42.00	35.00	37.00	35.00	32.00	33.00	34.00	52.00	55.00	82.00	82.00	62.00	60.00	65.00	64.00	74.00	124.00	139.00	174.00	149.00	129.00	262.00	344.00	455.00	323.00	267.00	380.00	503.00	506.00	574.00	478.00	352.00	249.00	297.00	528.00	723.00	911.00	977.00	1101.00	1132.00	995.00	869.00	888.00	918.00	788.00	946.00
																																																																																																																																																																																		0.00	1.00	5.00	8.00	6.00	5.00	7.00	6.00	10.00	21.00	16.00	12.00	10.00	9.00	11.00	12.00	13.00	17.00	11.00	9.00	9.00	9.00	11.00	17.00	21.00	24.00	40.00	91.00	88.00	158.00	174.00	64.00	42.00	55.00	35.00	29.00	32.00	44.00	48.00	41.00	57.00	50.00	42.00	42.00	56.00	54.00	66.00	62.00	82.00	89.00	102.00	125.00	139.00	233.00	303.00	305.00	244.00	269.00	316.00	355.00	416.00	581.00	286.00	311.00	502.00	540.00	722.00	730.00	813.00	977.00	1118.00	861.00	748.00	690.00	668.00	661.00	870.00	752.00
																																																																																																																																																																																			1.00	10.00	9.00	5.00	4.00	5.00	8.00	14.00	22.00	17.00	16.00	9.00	9.00	10.00	10.00	10.00	16.00	24.00	13.00	15.00	12.00	14.00	10.00	22.00	23.00	49.00	87.00	68.00	97.00	137.00	58.00	44.00	47.00	33.00	34.00	41.00	38.00	34.00	38.00	42.00	39.00	41.00	42.00	51.00	51.00	53.00	56.00	80.00	78.00	81.00	111.00	149.00	258.00	287.00	199.00	212.00	266.00	354.00	352.00	393.00	529.00	301.00	308.00	460.00	578.00	630.00	686.00	776.00	909.00	988.00	812.00	642.00	591.00	572.00	585.00	700.00	733.00
																																																																																																																																																																																			3.00	16.00	11.00	6.00	8.00	9.00	12.00	37.00	30.00	36.00	19.00	12.00	9.00	10.00	11.00	13.00	40.00	35.00	22.00	16.00	16.00	14.00	12.00	23.00	26.00	43.00	56.00	73.00	85.00	158.00	79.00	64.00	58.00	33.00	29.00	30.00	30.00	32.00	35.00	39.00	39.00	47.00	44.00	45.00	56.00	54.00	58.00	66.00	73.00	82.00	101.00	163.00	190.00	192.00	159.00	177.00	258.00	336.00	290.00	298.00	420.00	243.00	323.00	411.00	479.00	591.00	766.00	805.00	793.00	858.00	812.00	667.00	491.00	504.00	607.00	753.00	911.00
																																																																																																																																																																																		0.00	4.00	13.00	11.00	14.00	9.00	12.00	16.00	50.00	47.00	50.00	35.00	11.00	9.00	12.00	15.00	18.00	55.00	49.00	21.00	15.00	14.00	15.00	11.00	26.00	48.00	41.00	63.00	93.00	81.00	71.00	101.00	69.00	47.00	29.00	27.00	27.00	28.00	31.00	35.00	38.00	42.00	49.00	53.00	61.00	75.00	86.00	79.00	81.00	84.00	101.00	102.00	165.00	151.00	148.00	148.00	161.00	344.00	314.00	205.00	224.00	238.00	224.00	279.00	333.00	352.00	581.00	706.00	691.00	809.00	745.00	702.00	571.00	448.00	460.00	552.00	950.00	1111.00
																																																																																																																																																																																		0.00	7.00	13.00	14.00	15.00	14.00	16.00	31.00	50.00	41.00	27.00	17.00	16.00	53.00	47.00	34.00	29.00	54.00	68.00	31.00	16.00	15.00	17.00	15.00	26.00	39.00	33.00	39.00	18.00	18.00	20.00	41.00	50.00	27.00	26.00	25.00	26.00	27.00	27.00	29.00	32.00	34.00	38.00	41.00	49.00	65.00	78.00	95.00	110.00	95.00	98.00	112.00	141.00	116.00	130.00	151.00	166.00	213.00	199.00	164.00	249.00	430.00	384.00	489.00	614.00	536.00	594.00	571.00	648.00	666.00	506.00	381.00	444.00	539.00	690.00	936.00	1143.00	1261.00
																																																																																																																																																																																	0.00	1.00	9.00	15.00	12.00	15.00	18.00	27.00	45.00	48.00	33.00	23.00	17.00	17.00	41.00	59.00	65.00	50.00	73.00	66.00	32.00	16.00	16.00	19.00	15.00	16.00	25.00	32.00	26.00	23.00	26.00	20.00	23.00	28.00	23.00	23.00	24.00	26.00	32.00	36.00	31.00	48.00	54.00	54.00	51.00	81.00	81.00	91.00	93.00	86.00	84.00	90.00	97.00	110.00	112.00	103.00	135.00	150.00	145.00	155.00	184.00	278.00	435.00	466.00	510.00	699.00	633.00	575.00	435.00	450.00	560.00	439.00	499.00	626.00	609.00	776.00	1012.00	1146.00	1249.00
																																																																																																																																																																																		4.00	13.00	17.00	13.00	17.00	28.00	38.00	50.00	50.00	34.00	34.00	21.00	17.00	37.00	53.00	66.00	73.00	79.00	78.00	52.00	16.00	17.00	17.00	11.00	14.00	24.00	30.00	21.00	34.00	38.00	40.00	19.00	21.00	23.00	24.00	26.00	27.00	39.00	45.00	35.00	42.00	57.00	62.00	62.00	76.00	76.00	76.00	78.00	76.00	96.00	104.00	105.00	108.00	98.00	100.00	118.00	113.00	132.00	185.00	283.00	317.00	382.00	601.00	559.00	596.00	590.00	465.00	351.00	319.00	356.00	349.00	582.00	746.00	758.00	875.00	938.00	1040.00	1121.00
																																																																																																																																																																																	0.00	8.00	22.00	16.00	12.00	35.00	45.00	44.00	36.00	54.00	44.00	31.00	19.00	23.00	26.00	36.00	46.00	59.00	88.00	92.00	78.00	19.00	18.00	12.00	13.00	16.00	20.00	25.00	16.00	59.00	56.00	38.00	23.00	22.00	24.00	27.00	29.00	28.00	37.00	51.00	50.00	56.00	54.00	59.00	66.00	57.00	62.00	65.00	68.00	79.00	88.00	89.00	93.00	100.00	81.00	105.00	116.00	108.00	217.00	241.00	347.00	429.00	481.00	583.00	509.00	439.00	428.00	311.00	363.00	416.00	365.00	437.00	659.00	818.00	888.00	888.00	906.00	1187.00	1244.00
																																																																																																																																																																																	12.00	17.00	21.00	16.00	31.00	32.00	26.00	23.00	37.00	50.00	33.00	38.00	30.00	32.00	33.00	35.00	52.00	71.00	102.00	134.00	154.00	78.00	25.00	14.00	13.00	15.00	19.00	16.00	74.00	161.00	74.00	31.00	25.00	24.00	21.00	25.00	28.00	29.00	31.00	32.00	35.00	37.00	38.00	39.00	42.00	46.00	49.00	52.00	53.00	59.00	62.00	65.00	68.00	71.00	80.00	86.00	90.00	144.00	227.00	295.00	405.00	456.00	516.00	433.00	349.00	332.00	245.00	277.00	303.00	363.00	402.00	567.00	492.00	569.00	728.00	886.00	964.00	1161.00	1380.00
																																																																																																																																																																																0.00	14.00	22.00	20.00	27.00	31.00	22.00	20.00	36.00	32.00	53.00	45.00	39.00	41.00	39.00	36.00	38.00	45.00	62.00	105.00	113.00	97.00	62.00	27.00	19.00	16.00	13.00	15.00	30.00	111.00	108.00	45.00	29.00	26.00	26.00	24.00	22.00	27.00	29.00	30.00	31.00	35.00	36.00	39.00	40.00	42.00	45.00	49.00	51.00	54.00	58.00	63.00	66.00	68.00	72.00	78.00	83.00	86.00	161.00	243.00	254.00	326.00	409.00	446.00	299.00	266.00	273.00	224.00	400.00	455.00	467.00	378.00	442.00	667.00	708.00	825.00	905.00	1106.00	1228.00	1427.00
																																																																																																																																																																															0.00	4.00	23.00	26.00	27.00	34.00	24.00	16.00	15.00	16.00	31.00	43.00	39.00	34.00	36.00	46.00	50.00	45.00	44.00	54.00	104.00	104.00	117.00	43.00	23.00	23.00	23.00	27.00	33.00	79.00	137.00	70.00	38.00	28.00	25.00	27.00	28.00	21.00	27.00	28.00	29.00	31.00	34.00	36.00	37.00	39.00	39.00	45.00	49.00	51.00	54.00	60.00	63.00	67.00	70.00	74.00	79.00	82.00	86.00	144.00	218.00	182.00	249.00	370.00	367.00	312.00	195.00	200.00	225.00	617.00	697.00	709.00	566.00	609.00	756.00	867.00	894.00	938.00	1160.00	1443.00	1512.00
																																																																																																																																																																															2.00	17.00	29.00	35.00	37.00	35.00	32.00	33.00	17.00	19.00	27.00	34.00	29.00	25.00	33.00	43.00	57.00	52.00	51.00	61.00	107.00	134.00	120.00	36.00	24.00	26.00	37.00	46.00	63.00	170.00	150.00	90.00	35.00	28.00	38.00	25.00	28.00	23.00	26.00	28.00	29.00	30.00	33.00	34.00	35.00	36.00	39.00	44.00	50.00	51.00	53.00	60.00	63.00	66.00	69.00	73.00	81.00	85.00	89.00	117.00	167.00	148.00	234.00	317.00	244.00	271.00	195.00	260.00	275.00	555.00	663.00	774.00	832.00	816.00	902.00	1052.00	1097.00	1184.00	1196.00	1466.00	1580.00
																																																																																																																																																																													6.00	15.00	29.00	23.00	21.00	25.00	15.00	28.00	49.00	47.00	31.00	12.00	8.00	11.00	14.00	17.00	21.00	31.00	47.00	59.00	69.00	78.00	95.00	120.00	86.00	44.00	32.00	45.00	65.00	151.00	233.00	121.00	58.00	42.00	34.00	56.00	29.00	25.00	26.00	29.00	23.00	26.00	28.00	31.00	31.00	32.00	34.00	35.00	36.00	41.00	45.00	49.00	53.00	58.00	62.00	67.00	73.00	78.00	87.00	89.00	93.00	157.00	281.00	369.00	306.00	230.00	293.00	334.00	418.00	548.00	599.00	742.00	922.00	897.00	944.00	901.00	958.00	1124.00	1170.00	1237.00	1550.00	1516.00	1454.00
																																																																																																																																																																													10.00	21.00	26.00	12.00	15.00	12.00	14.00	32.00	60.00	41.00	22.00	9.00	11.00	23.00	28.00	21.00	30.00	39.00	48.00	48.00	59.00	65.00	78.00	107.00	75.00	36.00	38.00	58.00	90.00	207.00	210.00	83.00	50.00	41.00	37.00	58.00	29.00	27.00	26.00	27.00	26.00	26.00	28.00	29.00	30.00	32.00	34.00	35.00	36.00	41.00	46.00	50.00	53.00	60.00	64.00	69.00	76.00	82.00	93.00	96.00	101.00	193.00	351.00	414.00	302.00	289.00	350.00	370.00	457.00	640.00	816.00	920.00	1051.00	1135.00	1171.00	1072.00	972.00	994.00	1101.00	1237.00	1647.00	1704.00	1572.00
																																																																																																																																																																											1.00	4.00	30.00	35.00	24.00	10.00	13.00	11.00	26.00	37.00	67.00	28.00	27.00	18.00	20.00	38.00	45.00	35.00	43.00	53.00	38.00	37.00	42.00	53.00	74.00	103.00	76.00	39.00	40.00	64.00	88.00	223.00	171.00	64.00	49.00	41.00	37.00	53.00	29.00	28.00	28.00	27.00	28.00	24.00	29.00	29.00	30.00	31.00	33.00	35.00	36.00	39.00	45.00	50.00	54.00	60.00	66.00	72.00	78.00	85.00	97.00	102.00	108.00	267.00	343.00	338.00	367.00	400.00	377.00	440.00	503.00	648.00	859.00	824.00	970.00	1039.00	1185.00	1237.00	1211.00	1111.00	1189.00	1280.00	1645.00	1696.00	1644.00
																																																																																																																																																																										0.00	6.00	11.00	40.00	34.00	15.00	9.00	11.00	12.00	14.00	25.00	50.00	15.00	16.00	13.00	18.00	40.00	50.00	31.00	36.00	31.00	25.00	30.00	34.00	47.00	73.00	91.00	72.00	41.00	45.00	70.00	97.00	203.00	116.00	59.00	49.00	44.00	39.00	66.00	30.00	31.00	29.00	28.00	27.00	27.00	26.00	29.00	30.00	31.00	33.00	35.00	37.00	39.00	43.00	47.00	52.00	61.00	67.00	73.00	81.00	86.00	101.00	109.00	116.00	292.00	282.00	350.00	372.00	410.00	450.00	598.00	630.00	778.00	772.00	737.00	902.00	913.00	1030.00	1058.00	1143.00	1183.00	1248.00	1325.00	1639.00	1628.00	1364.00
																																																																																																																																																																											0.00	8.00	29.00	8.00	7.00	7.00	10.00	11.00	11.00	11.00	32.00	11.00	12.00	14.00	29.00	37.00	22.00	28.00	39.00	25.00	34.00	45.00	59.00	63.00	79.00	92.00	107.00	92.00	94.00	75.00	119.00	117.00	79.00	65.00	56.00	47.00	46.00	82.00	35.00	34.00	32.00	30.00	28.00	31.00	30.00	30.00	30.00	30.00	32.00	33.00	35.00	39.00	43.00	48.00	52.00	61.00	66.00	72.00	78.00	85.00	105.00	162.00	187.00	160.00	200.00	241.00	343.00	484.00	472.00	665.00	709.00	651.00	533.00	618.00	579.00	589.00	590.00	683.00	798.00	945.00	1096.00	1210.00	1526.00	1265.00	1164.00
																																																																																																																																																																												3.00	10.00	7.00	6.00	7.00	11.00	10.00	10.00	12.00	22.00	13.00	14.00	16.00	20.00	19.00	20.00	26.00	24.00	17.00	26.00	39.00	50.00	49.00	74.00	73.00	86.00	114.00	132.00	82.00	138.00	102.00	82.00	70.00	61.00	56.00	62.00	80.00	39.00	36.00	33.00	31.00	29.00	31.00	30.00	31.00	31.00	32.00	33.00	33.00	35.00	39.00	43.00	46.00	50.00	59.00	63.00	69.00	76.00	82.00	116.00	208.00	260.00	224.00	182.00	186.00	274.00	411.00	316.00	559.00	493.00	481.00	433.00	467.00	461.00	532.00	608.00	729.00	932.00	1130.00	1350.00	1544.00	1417.00	1374.00	1270.00
																																																																																																																																																																											0.00	2.00	6.00	5.00	6.00	9.00	9.00	9.00	10.00	11.00	20.00	15.00	17.00	16.00	15.00	18.00	25.00	26.00	18.00	19.00	36.00	35.00	34.00	40.00	50.00	61.00	73.00	102.00	130.00	108.00	165.00	92.00	78.00	64.00	61.00	58.00	84.00	68.00	41.00	37.00	35.00	32.00	31.00	31.00	32.00	33.00	33.00	34.00	34.00	34.00	35.00	39.00	42.00	45.00	49.00	56.00	62.00	67.00	72.00	77.00	138.00	182.00	218.00	290.00	251.00	260.00	219.00	243.00	255.00	462.00	376.00	379.00	449.00	447.00	527.00	623.00	760.00	849.00	1185.00	1385.00	1509.00	1407.00	1252.00	1448.00	1424.00
																																																																																																																																																																											0.00	2.00	3.00	5.00	7.00	5.00	8.00	8.00	9.00	11.00	11.00	14.00	17.00	19.00	16.00	21.00	24.00	20.00	19.00	20.00	28.00	31.00	33.00	40.00	68.00	88.00	84.00	93.00	96.00	133.00	213.00	95.00	109.00	67.00	56.00	58.00	103.00	55.00	42.00	39.00	34.00	34.00	32.00	33.00	34.00	35.00	35.00	36.00	37.00	36.00	38.00	39.00	42.00	45.00	49.00	56.00	60.00	65.00	69.00	75.00	163.00	178.00	201.00	331.00	379.00	365.00	323.00	346.00	411.00	305.00	282.00	322.00	331.00	490.00	653.00	702.00	817.00	934.00	1266.00	1311.00	1341.00	1186.00	1110.00	1470.00	1392.00
																																																																																																																																																																												3.00	4.00	6.00	8.00	8.00	9.00	8.00	12.00	13.00	12.00	13.00	14.00	16.00	19.00	25.00	24.00	22.00	21.00	22.00	29.00	45.00	35.00	48.00	75.00	91.00	106.00	109.00	82.00	192.00	306.00	288.00	193.00	102.00	114.00	73.00	67.00	47.00	41.00	38.00	36.00	33.00	35.00	36.00	38.00	39.00	42.00	42.00	43.00	43.00	47.00	44.00	48.00	48.00	49.00	61.00	68.00	77.00	86.00	98.00	183.00	256.00	320.00	326.00	600.00	547.00	451.00	518.00	585.00	427.00	536.00	472.00	395.00	577.00	562.00	717.00	843.00	939.00	930.00	1077.00	925.00	911.00	1317.00	1578.00	1510.00
																																																																																																																																																																												3.00	6.00	8.00	8.00	10.00	8.00	10.00	13.00	11.00	10.00	12.00	15.00	17.00	20.00	25.00	26.00	23.00	22.00	25.00	34.00	39.00	50.00	56.00	82.00	91.00	98.00	107.00	100.00	194.00	312.00	191.00	134.00	116.00	103.00	74.00	81.00	51.00	40.00	38.00	35.00	34.00	38.00	39.00	39.00	42.00	47.00	47.00	46.00	48.00	49.00	51.00	50.00	51.00	51.00	62.00	72.00	81.00	94.00	110.00	191.00	224.00	231.00	325.00	548.00	587.00	606.00	643.00	729.00	671.00	682.00	526.00	472.00	411.00	443.00	506.00	737.00	762.00	895.00	862.00	774.00	983.00	1222.00	1623.00	1528.00
																																																																																																																																																																												3.00	7.00	7.00	7.00	8.00	8.00	12.00	13.00	10.00	10.00	11.00	13.00	16.00	19.00	24.00	26.00	24.00	23.00	27.00	32.00	36.00	38.00	40.00	71.00	74.00	96.00	99.00	98.00	165.00	194.00	134.00	101.00	73.00	59.00	110.00	79.00	62.00	41.00	39.00	35.00	37.00	40.00	41.00	42.00	43.00	49.00	51.00	51.00	53.00	53.00	54.00	54.00	54.00	53.00	64.00	72.00	83.00	97.00	119.00	212.00	222.00	246.00	351.00	474.00	540.00	707.00	805.00	850.00	827.00	749.00	712.00	620.00	446.00	547.00	495.00	681.00	626.00	688.00	730.00	850.00	969.00	1226.00	1594.00	1609.00
																																																																																																																																																																												5.00	7.00	6.00	9.00	9.00	10.00	14.00	13.00	10.00	12.00	11.00	12.00	15.00	25.00	28.00	27.00	24.00	25.00	37.00	31.00	35.00	40.00	42.00	50.00	68.00	86.00	84.00	95.00	146.00	144.00	114.00	90.00	64.00	84.00	141.00	72.00	60.00	39.00	37.00	37.00	38.00	42.00	44.00	46.00	48.00	52.00	56.00	56.00	57.00	59.00	59.00	58.00	59.00	58.00	67.00	74.00	85.00	104.00	138.00	272.00	348.00	380.00	369.00	584.00	667.00	774.00	965.00	1010.00	974.00	923.00	930.00	751.00	514.00	670.00	570.00	540.00	564.00	662.00	746.00	854.00	936.00	1291.00	1674.00	1633.00
																																																																																																																																																																											15.00	23.00	11.00	11.00	11.00	10.00	15.00	15.00	11.00	11.00	21.00	37.00	18.00	15.00	44.00	30.00	27.00	36.00	28.00	32.00	51.00	46.00	45.00	67.00	81.00	91.00	76.00	73.00	87.00	142.00	186.00	118.00	98.00	170.00	188.00	89.00	70.00	54.00	38.00	39.00	41.00	41.00	46.00	50.00	52.00	55.00	62.00	65.00	68.00	68.00	71.00	73.00	73.00	70.00	67.00	71.00	88.00	111.00	158.00	253.00	353.00	444.00	544.00	485.00	723.00	883.00	1042.00	1216.00	1250.00	1194.00	1224.00	1168.00	1165.00	789.00	848.00	846.00	805.00	700.00	879.00	1075.00	1222.00	1311.00	1269.00	1578.00	1396.00
																																																																																																																																																																											35.00	34.00	13.00	20.00	9.00	9.00	11.00	12.00	23.00	17.00	15.00	18.00	13.00	28.00	62.00	32.00	30.00	31.00	38.00	36.00	71.00	77.00	54.00	77.00	87.00	102.00	85.00	107.00	116.00	183.00	187.00	112.00	119.00	262.00	162.00	84.00	64.00	52.00	39.00	41.00	42.00	43.00	49.00	51.00	55.00	58.00	67.00	71.00	73.00	74.00	78.00	80.00	79.00	75.00	71.00	86.00	119.00	153.00	204.00	291.00	453.00	503.00	602.00	609.00	778.00	927.00	1053.00	1058.00	1147.00	1325.00	1420.00	1272.00	1085.00	905.00	982.00	1042.00	860.00	808.00	834.00	973.00	1175.00	1359.00	1365.00	1539.00	1382.00
																																																																																																																																																																										0.00	35.00	39.00	25.00	15.00	18.00	27.00	23.00	40.00	50.00	26.00	25.00	17.00	17.00	33.00	51.00	33.00	32.00	36.00	36.00	35.00	72.00	84.00	67.00	79.00	105.00	106.00	106.00	144.00	157.00	210.00	179.00	119.00	175.00	254.00	125.00	74.00	58.00	48.00	42.00	42.00	43.00	45.00	53.00	54.00	56.00	61.00	70.00	76.00	79.00	81.00	83.00	87.00	86.00	91.00	83.00	103.00	159.00	240.00	301.00	370.00	513.00	555.00	624.00	739.00	878.00	915.00	827.00	805.00	894.00	1071.00	1189.00	1068.00	1060.00	992.00	1139.00	1064.00	951.00	977.00	979.00	1111.00	1233.00	1423.00	1556.00	1690.00	1647.00
																																																																																																																																																																											16.00	41.00	32.00	32.00	37.00	41.00	52.00	52.00	39.00	35.00	33.00	20.00	27.00	48.00	41.00	38.00	34.00	38.00	44.00	51.00	71.00	87.00	85.00	92.00	133.00	116.00	136.00	144.00	187.00	175.00	150.00	165.00	240.00	200.00	99.00	75.00	66.00	46.00	43.00	43.00	45.00	46.00	54.00	58.00	61.00	64.00	74.00	79.00	84.00	88.00	89.00	94.00	118.00	142.00	105.00	150.00	215.00	319.00	415.00	423.00	425.00	462.00	519.00	616.00	785.00	699.00	647.00	666.00	729.00	870.00	1000.00	848.00	987.00	1183.00	1129.00	1149.00	1207.00	1145.00	1097.00	1265.00	1476.00	1607.00	1735.00	1824.00	1857.00
																																																																																																																																																																											1.00	20.00	13.00	16.00	31.00	44.00	68.00	75.00	71.00	57.00	51.00	26.00	35.00	67.00	48.00	45.00	59.00	47.00	42.00	50.00	76.00	85.00	100.00	114.00	133.00	151.00	185.00	237.00	267.00	176.00	132.00	149.00	184.00	95.00	73.00	66.00	62.00	49.00	45.00	46.00	49.00	49.00	56.00	60.00	65.00	69.00	80.00	86.00	91.00	96.00	101.00	110.00	167.00	190.00	203.00	228.00	292.00	341.00	318.00	242.00	244.00	281.00	349.00	482.00	421.00	493.00	630.00	806.00	863.00	840.00	798.00	672.00	871.00	821.00	987.00	1239.00	1336.00	1301.00	1327.00	1412.00	1376.00	1411.00	1902.00	2082.00	2155.00
																																																																																																																																																																													10.00	33.00	25.00	49.00	76.00	64.00	46.00	46.00	44.00	34.00	34.00	76.00	77.00	47.00	60.00	60.00	56.00	50.00	91.00	109.00	107.00	102.00	169.00	184.00	245.00	287.00	226.00	159.00	142.00	150.00	125.00	78.00	66.00	58.00	54.00	47.00	47.00	49.00	48.00	49.00	57.00	60.00	65.00	70.00	82.00	88.00	93.00	99.00	106.00	114.00	235.00	270.00	284.00	302.00	300.00	263.00	222.00	236.00	301.00	254.00	276.00	313.00	433.00	591.00	710.00	655.00	769.00	696.00	593.00	695.00	896.00	867.00	1093.00	1128.00	1138.00	1377.00	1354.00	1251.00	1253.00	1518.00	1904.00	2200.00	2284.00
																																																																																																																																																																													11.00	34.00	39.00	46.00	70.00	50.00	24.00	31.00	26.00	51.00	41.00	57.00	92.00	47.00	55.00	65.00	73.00	65.00	99.00	120.00	118.00	123.00	196.00	256.00	280.00	270.00	212.00	150.00	199.00	199.00	139.00	67.00	62.00	58.00	53.00	46.00	48.00	48.00	50.00	52.00	59.00	63.00	66.00	71.00	83.00	89.00	95.00	101.00	108.00	118.00	256.00	233.00	217.00	247.00	195.00	195.00	246.00	322.00	456.00	390.00	410.00	414.00	367.00	533.00	514.00	590.00	613.00	487.00	517.00	689.00	684.00	1021.00	1002.00	894.00	1017.00	1168.00	1135.00	1123.00	1399.00	1651.00	1978.00	2068.00	2212.00
																																																																																																																																																																													2.00	10.00	22.00	42.00	42.00	16.00	14.00	25.00	32.00	74.00	59.00	79.00	92.00	48.00	49.00	62.00	76.00	85.00	153.00	121.00	131.00	165.00	199.00	242.00	285.00	228.00	207.00	170.00	241.00	182.00	105.00	65.00	61.00	56.00	50.00	47.00	49.00	51.00	51.00	53.00	61.00	65.00	68.00	72.00	83.00	89.00	95.00	106.00	119.00	187.00	160.00	147.00	147.00	167.00	200.00	279.00	349.00	466.00	565.00	516.00	517.00	556.00	322.00	400.00	360.00	428.00	428.00	500.00	476.00	502.00	504.00	824.00	776.00	888.00	1045.00	1176.00	981.00	1148.00	1434.00	1549.00	1844.00	1913.00	2152.00
																																																																																																																																																																														0.00	3.00	14.00	24.00	19.00	12.00	20.00	20.00	68.00	71.00	85.00	86.00	66.00	77.00	62.00	76.00	106.00	110.00	136.00	192.00	228.00	323.00	408.00	437.00	371.00	273.00	229.00	200.00	101.00	81.00	70.00	56.00	52.00	50.00	51.00	53.00	56.00	57.00	60.00	68.00	69.00	71.00	72.00	82.00	88.00	106.00	125.00	143.00	336.00	346.00	325.00	250.00	190.00	258.00	337.00	399.00	513.00	755.00	726.00	696.00	601.00	521.00	478.00	480.00	661.00	829.00	617.00	610.00	731.00	843.00	608.00	649.00	700.00	730.00	835.00	1115.00	1339.00	1455.00	1380.00	1434.00	1580.00	1732.00
																																																																																																																																																																														0.00	5.00	9.00	35.00	37.00	20.00	14.00	24.00	40.00	54.00	63.00	93.00	76.00	95.00	135.00	182.00	125.00	114.00	161.00	238.00	292.00	464.00	506.00	461.00	393.00	308.00	188.00	184.00	104.00	77.00	59.00	52.00	51.00	56.00	54.00	58.00	59.00	60.00	62.00	72.00	73.00	75.00	76.00	84.00	91.00	103.00	111.00	155.00	324.00	409.00	349.00	305.00	284.00	215.00	269.00	403.00	548.00	644.00	606.00	637.00	686.00	691.00	571.00	670.00	856.00	984.00	652.00	626.00	816.00	981.00	662.00	760.00	919.00	882.00	765.00	1116.00	1234.00	1231.00	1171.00	1230.00	1550.00	1716.00
																																																																																																																																																																													0.00	5.00	10.00	11.00	38.00	59.00	51.00	21.00	39.00	63.00	87.00	76.00	84.00	107.00	141.00	202.00	172.00	128.00	168.00	183.00	245.00	348.00	429.00	401.00	399.00	373.00	273.00	160.00	177.00	105.00	87.00	61.00	52.00	54.00	57.00	54.00	60.00	63.00	65.00	66.00	77.00	78.00	81.00	81.00	85.00	95.00	108.00	127.00	222.00	252.00	426.00	413.00	382.00	384.00	333.00	248.00	317.00	421.00	518.00	525.00	635.00	815.00	825.00	743.00	746.00	906.00	959.00	731.00	722.00	771.00	938.00	780.00	777.00	774.00	930.00	805.00	886.00	970.00	991.00	1064.00	1338.00	1779.00	1936.00
																																																																																																																																																																													8.00	17.00	11.00	16.00	64.00	58.00	67.00	28.00	35.00	81.00	102.00	101.00	112.00	170.00	199.00	170.00	133.00	116.00	180.00	211.00	224.00	305.00	351.00	301.00	294.00	221.00	180.00	171.00	151.00	90.00	85.00	67.00	53.00	54.00	55.00	56.00	59.00	63.00	68.00	73.00	81.00	84.00	86.00	88.00	94.00	106.00	124.00	180.00	252.00	257.00	393.00	439.00	476.00	457.00	373.00	260.00	317.00	485.00	448.00	556.00	680.00	765.00	976.00	982.00	901.00	973.00	995.00	857.00	824.00	796.00	874.00	955.00	825.00	793.00	897.00	825.00	990.00	971.00	1198.00	1376.00	1454.00	1923.00	2006.00
																																																																																																																																																																											6.00	10.00	22.00	60.00	69.00	69.00	64.00	69.00	74.00	69.00	34.00	50.00	72.00	84.00	109.00	171.00	173.00	171.00	189.00	136.00	134.00	146.00	167.00	261.00	268.00	186.00	140.00	149.00	112.00	140.00	119.00	75.00	69.00	60.00	57.00	59.00	59.00	58.00	64.00	68.00	72.00	78.00	91.00	97.00	100.00	103.00	127.00	165.00	214.00	304.00	413.00	433.00	456.00	457.00	506.00	445.00	433.00	384.00	281.00	374.00	395.00	518.00	663.00	886.00	951.00	1068.00	1186.00	1249.00	1225.00	1136.00	1013.00	1134.00	1082.00	1004.00	935.00	1102.00	1222.00	1235.00	1433.00	1255.00	1109.00	1290.00	1689.00	1823.00	1533.00