																																																																																																									1.00	4.00	1.00								10.00	8.00	1.00						3.00	17.00	18.00	17.00	5.00	0.00				2.00					0.00	0.00	1.00	4.00	8.00	12.00	17.00	20.00	19.00	20.00	19.00	29.00	44.00	62.00	103.00	155.00	189.00	197.00	188.00	166.00	122.00	99.00	82.00	80.00	77.00	71.00	64.00	66.00	82.00	99.00	131.00	214.00	255.00	274.00	290.00	297.00	304.00	298.00	277.00	258.00	226.00	224.00	226.00	229.00	234.00	254.00	260.00	267.00	277.00	297.00	299.00	299.00	299.00	301.00	302.00	302.00	302.00	304.00	309.00	309.00	309.00	307.00	306.00	305.00	303.00	301.00	297.00	285.00	280.00	276.00	275.00	274.00	274.00	275.00	277.00	279.00	288.00	294.00	299.00	306.00	314.00	329.00	336.00	338.00	341.00	348.00	353.00	344.00	323.00	302.00	266.00	245.00	212.00	166.00	103.00	101.00	101.00	101.00	101.00	101.00	104.00	103.00	101.00	101.00	101.00	101.00	101.00	101.00	101.00	101.00	101.00	101.00	101.00	101.00	101.00	101.00	101.00	101.00	101.00
																																																																																																										5.00	2.00	1.00							1.00	9.00	3.00	0.00					3.00	32.00	35.00	33.00	23.00	6.00	1.00							1.00	13.00	17.00	20.00	21.00	26.00	39.00	43.00	44.00	43.00	37.00	31.00	36.00	40.00	47.00	70.00	85.00	105.00	114.00	115.00	125.00	121.00	110.00	156.00	174.00	177.00	167.00	126.00	77.00	89.00	111.00	151.00	239.00	303.00	347.00	391.00	407.00	393.00	384.00	371.00	355.00	314.00	302.00	262.00	245.00	238.00	253.00	262.00	269.00	280.00	300.00	303.00	305.00	306.00	309.00	311.00	312.00	313.00	314.00	317.00	316.00	316.00	315.00	315.00	317.00	317.00	313.00	307.00	297.00	287.00	281.00	279.00	277.00	277.00	277.00	279.00	279.00	287.00	291.00	296.00	301.00	310.00	326.00	335.00	340.00	344.00	358.00	360.00	340.00	315.00	299.00	254.00	205.00	155.00	111.00	101.00	101.00	101.00	101.00	101.00	102.00	108.00	107.00	101.00	101.00	101.00	101.00	101.00	101.00	101.00	101.00	101.00	101.00	101.00	101.00	101.00	101.00	101.00	101.00	101.00
																																																																																																										5.00	2.00	1.00							1.00	9.00	3.00	0.00					3.00	32.00	35.00	33.00	23.00	6.00	1.00							1.00	13.00	17.00	20.00	21.00	26.00	39.00	43.00	44.00	43.00	37.00	31.00	36.00	40.00	47.00	70.00	85.00	105.00	114.00	115.00	125.00	121.00	110.00	156.00	174.00	177.00	167.00	126.00	77.00	89.00	111.00	151.00	239.00	303.00	347.00	391.00	407.00	393.00	384.00	371.00	355.00	314.00	302.00	262.00	245.00	238.00	253.00	262.00	269.00	280.00	300.00	303.00	305.00	306.00	309.00	311.00	312.00	313.00	314.00	317.00	316.00	316.00	315.00	315.00	317.00	317.00	313.00	307.00	297.00	287.00	281.00	279.00	277.00	277.00	277.00	279.00	279.00	287.00	291.00	296.00	301.00	310.00	326.00	335.00	340.00	344.00	358.00	360.00	340.00	315.00	299.00	254.00	205.00	155.00	111.00	101.00	101.00	101.00	101.00	101.00	102.00	108.00	107.00	101.00	101.00	101.00	101.00	101.00	101.00	101.00	101.00	101.00	101.00	101.00	101.00	101.00	101.00	101.00	101.00	101.00
																																																																																						0.00	0.00	1.00	0.00	0.00																										14.00	13.00	10.00	1.00	0.00				9.00	14.00	14.00	21.00	18.00	9.00	1.00			0.00	0.00	0.00	2.00	23.00	26.00	29.00	33.00	38.00	61.00	74.00	78.00	71.00	54.00	47.00	40.00	38.00	38.00	47.00	56.00	66.00	80.00	97.00	109.00	128.00	147.00	177.00	191.00	195.00	183.00	143.00	83.00	95.00	111.00	138.00	195.00	271.00	297.00	325.00	359.00	407.00	419.00	428.00	429.00	414.00	394.00	327.00	294.00	270.00	248.00	258.00	269.00	280.00	303.00	308.00	311.00	313.00	317.00	321.00	323.00	323.00	324.00	326.00	325.00	323.00	322.00	320.00	324.00	320.00	316.00	310.00	298.00	292.00	288.00	284.00	282.00	280.00	280.00	282.00	283.00	286.00	289.00	293.00	298.00	304.00	322.00	329.00	335.00	338.00	335.00	322.00	304.00	289.00	261.00	182.00	149.00	125.00	106.00	101.00	101.00	101.00	102.00	101.00	101.00	101.00	101.00	101.00	101.00	101.00	101.00	101.00	101.00	101.00	101.00	101.00	101.00	101.00	101.00	101.00	101.00	101.00	101.00	101.00
																																																																																			0.00	0.00				1.00	1.00	2.00	2.00								0.00	0.00	1.00															2.00	8.00	16.00	8.00	4.00	1.00						2.00	11.00	4.00	0.00	0.00	0.00	1.00	3.00	9.00	17.00	29.00	32.00	35.00	39.00	45.00	59.00	74.00	89.00	96.00	83.00	70.00	57.00	50.00	42.00	44.00	54.00	61.00	78.00	143.00	197.00	225.00	241.00	222.00	206.00	192.00	176.00	154.00	130.00	127.00	140.00	160.00	247.00	363.00	377.00	363.00	345.00	373.00	398.00	420.00	441.00	458.00	445.00	383.00	342.00	310.00	266.00	264.00	277.00	291.00	318.00	323.00	326.00	326.00	329.00	334.00	335.00	335.00	336.00	335.00	334.00	334.00	333.00	332.00	328.00	321.00	316.00	311.00	300.00	297.00	293.00	290.00	287.00	283.00	284.00	285.00	287.00	289.00	290.00	293.00	296.00	303.00	318.00	319.00	318.00	319.00	303.00	292.00	268.00	238.00	206.00	136.00	113.00	102.00	101.00	108.00	104.00	111.00	111.00	102.00	101.00	101.00	101.00	101.00	101.00	101.00	101.00	101.00	101.00	101.00	101.00	101.00	101.00	101.00	101.00	101.00	101.00	101.00	101.00	101.00
																																																																																			0.00	0.00				1.00	1.00	2.00	2.00								0.00	0.00	1.00															2.00	8.00	16.00	8.00	4.00	1.00						2.00	11.00	4.00	0.00	0.00	0.00	1.00	3.00	9.00	17.00	29.00	32.00	35.00	39.00	45.00	59.00	74.00	89.00	96.00	83.00	70.00	57.00	50.00	42.00	44.00	54.00	61.00	78.00	143.00	197.00	225.00	241.00	222.00	206.00	192.00	176.00	154.00	130.00	127.00	140.00	160.00	247.00	363.00	377.00	363.00	345.00	373.00	398.00	420.00	441.00	458.00	445.00	383.00	342.00	310.00	266.00	264.00	277.00	291.00	318.00	323.00	326.00	326.00	329.00	334.00	335.00	335.00	336.00	335.00	334.00	334.00	333.00	332.00	328.00	321.00	316.00	311.00	300.00	297.00	293.00	290.00	287.00	283.00	284.00	285.00	287.00	289.00	290.00	293.00	296.00	303.00	318.00	319.00	318.00	319.00	303.00	292.00	268.00	238.00	206.00	136.00	113.00	102.00	101.00	108.00	104.00	111.00	111.00	102.00	101.00	101.00	101.00	101.00	101.00	101.00	101.00	101.00	101.00	101.00	101.00	101.00	101.00	101.00	101.00	101.00	101.00	101.00	101.00	101.00
																																																																																				0.00	1.00	1.00	1.00	1.00	1.00	7.00	14.00	8.00	2.00				0.00		0.00		1.00	1.00								0.00	0.00	0.00	1.00	1.00	0.00			2.00	9.00	12.00	4.00			1.00	1.00	3.00	11.00	16.00	13.00	9.00	7.00	10.00	13.00	20.00	28.00	33.00	40.00	49.00	63.00	74.00	88.00	96.00	98.00	101.00	103.00	100.00	97.00	88.00	76.00	60.00	46.00	48.00	54.00	66.00	120.00	168.00	204.00	230.00	230.00	215.00	201.00	192.00	190.00	195.00	189.00	185.00	193.00	275.00	408.00	425.00	421.00	404.00	379.00	384.00	397.00	413.00	426.00	424.00	404.00	374.00	336.00	289.00	281.00	294.00	318.00	348.00	351.00	352.00	353.00	353.00	354.00	351.00	347.00	345.00	343.00	342.00	341.00	341.00	339.00	331.00	324.00	318.00	313.00	304.00	300.00	296.00	290.00	286.00	286.00	287.00	289.00	290.00	292.00	293.00	295.00	297.00	303.00	316.00	310.00	307.00	305.00	291.00	265.00	226.00	201.00	167.00	128.00	115.00	107.00	106.00	117.00	115.00	118.00	118.00	115.00	102.00	101.00	101.00	101.00	101.00	101.00	101.00	101.00	101.00	101.00	101.00	101.00	101.00	101.00	101.00	101.00	101.00	101.00	101.00	101.00
																																																																																					2.00	1.00				5.00	14.00	17.00	12.00	5.00	1.00	0.00	1.00	3.00	6.00	8.00	1.00	0.00								1.00	1.00	5.00	10.00	10.00	3.00	0.00							1.00	5.00	10.00	19.00	37.00	37.00	34.00	31.00	28.00	27.00	28.00	32.00	37.00	39.00	61.00	79.00	112.00	166.00	220.00	246.00	232.00	206.00	183.00	127.00	114.00	98.00	88.00	76.00	62.00	61.00	66.00	79.00	104.00	118.00	146.00	178.00	207.00	209.00	209.00	208.00	212.00	220.00	216.00	207.00	208.00	264.00	365.00	394.00	418.00	430.00	416.00	405.00	399.00	398.00	408.00	410.00	372.00	337.00	313.00	298.00	301.00	316.00	330.00	348.00	351.00	356.00	364.00	374.00	375.00	365.00	357.00	353.00	350.00	348.00	346.00	344.00	342.00	333.00	325.00	318.00	314.00	304.00	300.00	295.00	290.00	286.00	281.00	281.00	283.00	285.00	291.00	294.00	296.00	301.00	308.00	302.00	299.00	299.00	299.00	246.00	204.00	173.00	162.00	155.00	150.00	142.00	142.00	141.00	119.00	118.00	120.00	127.00	119.00	101.00	102.00	101.00	101.00	101.00	101.00	101.00	101.00	101.00	101.00	101.00	101.00	101.00	101.00	101.00	101.00	101.00	101.00	101.00	101.00
																																																																																					2.00	1.00				5.00	14.00	17.00	12.00	5.00	1.00	0.00	1.00	3.00	6.00	8.00	1.00	0.00								1.00	1.00	5.00	10.00	10.00	3.00	0.00							1.00	5.00	10.00	19.00	37.00	37.00	34.00	31.00	28.00	27.00	28.00	32.00	37.00	39.00	61.00	79.00	112.00	166.00	220.00	246.00	232.00	206.00	183.00	127.00	114.00	98.00	88.00	76.00	62.00	61.00	66.00	79.00	104.00	118.00	146.00	178.00	207.00	209.00	209.00	208.00	212.00	220.00	216.00	207.00	208.00	264.00	365.00	394.00	418.00	430.00	416.00	405.00	399.00	398.00	408.00	410.00	372.00	337.00	313.00	298.00	301.00	316.00	330.00	348.00	351.00	356.00	364.00	374.00	375.00	365.00	357.00	353.00	350.00	348.00	346.00	344.00	342.00	333.00	325.00	318.00	314.00	304.00	300.00	295.00	290.00	286.00	281.00	281.00	283.00	285.00	291.00	294.00	296.00	301.00	308.00	302.00	299.00	299.00	299.00	246.00	204.00	173.00	162.00	155.00	150.00	142.00	142.00	141.00	119.00	118.00	120.00	127.00	119.00	101.00	102.00	101.00	101.00	101.00	101.00	101.00	101.00	101.00	101.00	101.00	101.00	101.00	101.00	101.00	101.00	101.00	101.00	101.00	101.00
																																																																																											1.00	4.00	7.00	10.00	10.00	9.00	11.00	14.00	17.00	17.00	8.00	8.00	10.00	9.00	4.00	1.00	2.00	1.00	1.00	3.00	6.00	10.00	14.00	21.00	26.00	6.00	3.00	1.00				0.00	1.00	1.00	6.00	19.00	37.00	40.00	44.00	45.00	42.00	38.00	37.00	38.00	40.00	46.00	80.00	91.00	125.00	185.00	235.00	269.00	270.00	242.00	201.00	142.00	115.00	98.00	98.00	93.00	77.00	79.00	93.00	110.00	150.00	162.00	166.00	163.00	193.00	204.00	214.00	220.00	231.00	235.00	236.00	236.00	238.00	263.00	288.00	318.00	372.00	404.00	400.00	381.00	358.00	343.00	339.00	328.00	306.00	299.00	299.00	307.00	316.00	322.00	327.00	335.00	338.00	343.00	351.00	363.00	395.00	395.00	376.00	360.00	352.00	350.00	349.00	348.00	344.00	333.00	326.00	320.00	316.00	307.00	302.00	297.00	293.00	287.00	278.00	275.00	273.00	277.00	286.00	291.00	302.00	354.00	375.00	299.00	298.00	298.00	298.00	275.00	224.00	192.00	183.00	178.00	166.00	173.00	171.00	149.00	121.00	119.00	125.00	127.00	117.00	112.00	115.00	112.00	107.00	103.00	101.00	101.00	101.00	101.00	101.00	101.00	101.00	101.00	101.00	101.00	101.00	101.00	101.00	101.00	101.00
																																																																																											1.00	4.00	7.00	10.00	10.00	9.00	11.00	14.00	17.00	17.00	8.00	8.00	10.00	9.00	4.00	1.00	2.00	1.00	1.00	3.00	6.00	10.00	14.00	21.00	26.00	6.00	3.00	1.00				0.00	1.00	1.00	6.00	19.00	37.00	40.00	44.00	45.00	42.00	38.00	37.00	38.00	40.00	46.00	80.00	91.00	125.00	185.00	235.00	269.00	270.00	242.00	201.00	142.00	115.00	98.00	98.00	93.00	77.00	79.00	93.00	110.00	150.00	162.00	166.00	163.00	193.00	204.00	214.00	220.00	231.00	235.00	236.00	236.00	238.00	263.00	288.00	318.00	372.00	404.00	400.00	381.00	358.00	343.00	339.00	328.00	306.00	299.00	299.00	307.00	316.00	322.00	327.00	335.00	338.00	343.00	351.00	363.00	395.00	395.00	376.00	360.00	352.00	350.00	349.00	348.00	344.00	333.00	326.00	320.00	316.00	307.00	302.00	297.00	293.00	287.00	278.00	275.00	273.00	277.00	286.00	291.00	302.00	354.00	375.00	299.00	298.00	298.00	298.00	275.00	224.00	192.00	183.00	178.00	166.00	173.00	171.00	149.00	121.00	119.00	125.00	127.00	117.00	112.00	115.00	112.00	107.00	103.00	101.00	101.00	101.00	101.00	101.00	101.00	101.00	101.00	101.00	101.00	101.00	101.00	101.00	101.00	101.00
																																																																																															2.00	7.00	11.00	13.00	15.00	16.00	17.00	18.00	19.00	19.00	17.00	13.00	16.00	15.00	12.00	13.00	15.00	18.00	18.00	20.00	36.00	20.00	13.00	6.00				6.00	23.00	14.00	15.00	20.00	32.00	38.00	41.00	48.00	53.00	50.00	39.00	41.00	50.00	59.00	88.00	93.00	102.00	139.00	176.00	210.00	219.00	213.00	201.00	154.00	128.00	116.00	110.00	99.00	84.00	88.00	105.00	137.00	191.00	212.00	231.00	244.00	213.00	223.00	241.00	266.00	279.00	255.00	257.00	278.00	301.00	317.00	300.00	319.00	346.00	357.00	330.00	311.00	291.00	280.00	277.00	277.00	298.00	306.00	315.00	322.00	328.00	335.00	337.00	338.00	340.00	344.00	350.00	361.00	379.00	377.00	368.00	358.00	352.00	355.00	358.00	358.00	355.00	340.00	339.00	337.00	332.00	316.00	311.00	304.00	297.00	292.00	281.00	278.00	277.00	278.00	279.00	288.00	316.00	391.00	375.00	299.00	298.00	299.00	301.00	360.00	296.00	230.00	200.00	195.00	197.00	192.00	161.00	135.00	125.00	123.00	123.00	123.00	123.00	122.00	121.00	119.00	117.00	115.00	107.00	101.00	101.00	101.00	101.00	101.00	101.00	101.00	101.00	101.00	101.00	101.00	115.00	107.00	101.00
																																																																																																	5.00	8.00	10.00	12.00	16.00	18.00	19.00	19.00	19.00	26.00	34.00	35.00	28.00	25.00	27.00	25.00	21.00	19.00	22.00	32.00	20.00	12.00	1.00			3.00	13.00	20.00	24.00	32.00	39.00	40.00	46.00	55.00	63.00	64.00	46.00	44.00	57.00	71.00	93.00	93.00	94.00	99.00	112.00	144.00	159.00	169.00	173.00	166.00	152.00	116.00	105.00	94.00	81.00	95.00	136.00	190.00	239.00	249.00	254.00	258.00	269.00	276.00	285.00	291.00	290.00	262.00	270.00	281.00	288.00	269.00	265.00	286.00	288.00	275.00	255.00	249.00	245.00	243.00	255.00	268.00	296.00	307.00	314.00	321.00	328.00	332.00	335.00	339.00	343.00	348.00	353.00	363.00	375.00	366.00	359.00	357.00	359.00	360.00	360.00	359.00	358.00	344.00	340.00	338.00	332.00	317.00	311.00	303.00	298.00	295.00	289.00	289.00	289.00	288.00	287.00	293.00	326.00	387.00	345.00	300.00	313.00	346.00	369.00	313.00	281.00	234.00	203.00	198.00	200.00	189.00	156.00	137.00	131.00	131.00	131.00	131.00	131.00	129.00	126.00	123.00	120.00	125.00	115.00	101.00	101.00	101.00	101.00	101.00	101.00	101.00	101.00	101.00	101.00	101.00	111.00	101.00	101.00
																																																																																																	5.00	8.00	10.00	12.00	16.00	18.00	19.00	19.00	19.00	26.00	34.00	35.00	28.00	25.00	27.00	25.00	21.00	19.00	22.00	32.00	20.00	12.00	1.00			3.00	13.00	20.00	24.00	32.00	39.00	40.00	46.00	55.00	63.00	64.00	46.00	44.00	57.00	71.00	93.00	93.00	94.00	99.00	112.00	144.00	159.00	169.00	173.00	166.00	152.00	116.00	105.00	94.00	81.00	95.00	136.00	190.00	239.00	249.00	254.00	258.00	269.00	276.00	285.00	291.00	290.00	262.00	270.00	281.00	288.00	269.00	265.00	286.00	288.00	275.00	255.00	249.00	245.00	243.00	255.00	268.00	296.00	307.00	314.00	321.00	328.00	332.00	335.00	339.00	343.00	348.00	353.00	363.00	375.00	366.00	359.00	357.00	359.00	360.00	360.00	359.00	358.00	344.00	340.00	338.00	332.00	317.00	311.00	303.00	298.00	295.00	289.00	289.00	289.00	288.00	287.00	293.00	326.00	387.00	345.00	300.00	313.00	346.00	369.00	313.00	281.00	234.00	203.00	198.00	200.00	189.00	156.00	137.00	131.00	131.00	131.00	131.00	131.00	129.00	126.00	123.00	120.00	125.00	115.00	101.00	101.00	101.00	101.00	101.00	101.00	101.00	101.00	101.00	101.00	101.00	111.00	101.00	101.00
																																																																																																	5.00	8.00	10.00	12.00	16.00	18.00	19.00	19.00	19.00	26.00	34.00	35.00	28.00	25.00	27.00	25.00	21.00	19.00	22.00	32.00	20.00	12.00	1.00			3.00	13.00	20.00	24.00	32.00	39.00	40.00	46.00	55.00	63.00	64.00	46.00	44.00	57.00	71.00	93.00	93.00	94.00	99.00	112.00	144.00	159.00	169.00	173.00	166.00	152.00	116.00	105.00	94.00	81.00	95.00	136.00	190.00	239.00	249.00	254.00	258.00	269.00	276.00	285.00	291.00	290.00	262.00	270.00	281.00	288.00	269.00	265.00	286.00	288.00	275.00	255.00	249.00	245.00	243.00	255.00	268.00	296.00	307.00	314.00	321.00	328.00	332.00	335.00	339.00	343.00	348.00	353.00	363.00	375.00	366.00	359.00	357.00	359.00	360.00	360.00	359.00	358.00	344.00	340.00	338.00	332.00	317.00	311.00	303.00	298.00	295.00	289.00	289.00	289.00	288.00	287.00	293.00	326.00	387.00	345.00	300.00	313.00	346.00	369.00	313.00	281.00	234.00	203.00	198.00	200.00	189.00	156.00	137.00	131.00	131.00	131.00	131.00	131.00	129.00	126.00	123.00	120.00	125.00	115.00	101.00	101.00	101.00	101.00	101.00	101.00	101.00	101.00	101.00	101.00	101.00	111.00	101.00	101.00
																																																																																																	2.00	4.00	7.00	9.00	14.00	16.00	18.00	18.00	19.00	32.00	37.00	39.00	37.00	37.00	38.00	37.00	33.00	25.00	28.00	34.00	25.00	16.00	1.00	0.00	0.00	0.00	0.00	6.00	14.00	26.00	39.00	35.00	42.00	56.00	69.00	71.00	53.00	46.00	54.00	65.00	79.00	80.00	82.00	84.00	85.00	93.00	99.00	101.00	101.00	95.00	92.00	85.00	81.00	75.00	68.00	84.00	130.00	190.00	214.00	217.00	220.00	225.00	255.00	257.00	255.00	246.00	244.00	259.00	265.00	268.00	266.00	237.00	214.00	222.00	220.00	212.00	219.00	236.00	247.00	259.00	273.00	279.00	298.00	303.00	309.00	317.00	322.00	326.00	330.00	337.00	341.00	344.00	349.00	359.00	370.00	370.00	367.00	365.00	364.00	363.00	361.00	360.00	357.00	339.00	334.00	328.00	322.00	312.00	305.00	300.00	297.00	296.00	296.00	296.00	298.00	301.00	304.00	307.00	319.00	337.00	308.00	313.00	323.00	372.00	401.00	313.00	289.00	266.00	230.00	206.00	201.00	197.00	170.00	148.00	138.00	136.00	135.00	135.00	134.00	132.00	129.00	126.00	123.00	118.00	114.00	101.00	101.00	101.00	101.00	101.00	101.00	101.00	101.00	101.00	101.00	101.00	111.00	101.00	101.00
																																																																																																		2.00	4.00	7.00	12.00	15.00	17.00	20.00	30.00	37.00	39.00	40.00	39.00	40.00	41.00	39.00	37.00	33.00	32.00	29.00	22.00	13.00	0.00	0.00	3.00	10.00	11.00	7.00	3.00	3.00	11.00	17.00	22.00	32.00	43.00	51.00	58.00	59.00	55.00	53.00	56.00	57.00	59.00	61.00	66.00	68.00	68.00	68.00	68.00	67.00	68.00	69.00	72.00	75.00	66.00	68.00	80.00	106.00	148.00	152.00	157.00	169.00	199.00	208.00	210.00	205.00	210.00	235.00	238.00	242.00	252.00	240.00	196.00	186.00	184.00	182.00	218.00	242.00	255.00	265.00	279.00	286.00	296.00	299.00	303.00	310.00	314.00	316.00	319.00	327.00	332.00	335.00	339.00	347.00	353.00	354.00	354.00	354.00	358.00	359.00	359.00	359.00	358.00	334.00	328.00	322.00	317.00	308.00	304.00	299.00	298.00	297.00	297.00	298.00	299.00	310.00	318.00	318.00	318.00	317.00	306.00	341.00	381.00	411.00	401.00	307.00	300.00	291.00	253.00	211.00	185.00	185.00	176.00	163.00	143.00	142.00	139.00	138.00	137.00	137.00	135.00	132.00	128.00	123.00	122.00	106.00	101.00	101.00	101.00	101.00	101.00	102.00	132.00	129.00	117.00	107.00	105.00	101.00	101.00
																																																																																																		2.00	4.00	7.00	12.00	15.00	17.00	20.00	30.00	37.00	39.00	40.00	39.00	40.00	41.00	39.00	37.00	33.00	32.00	29.00	22.00	13.00	0.00	0.00	3.00	10.00	11.00	7.00	3.00	3.00	11.00	17.00	22.00	32.00	43.00	51.00	58.00	59.00	55.00	53.00	56.00	57.00	59.00	61.00	66.00	68.00	68.00	68.00	68.00	67.00	68.00	69.00	72.00	75.00	66.00	68.00	80.00	106.00	148.00	152.00	157.00	169.00	199.00	208.00	210.00	205.00	210.00	235.00	238.00	242.00	252.00	240.00	196.00	186.00	184.00	182.00	218.00	242.00	255.00	265.00	279.00	286.00	296.00	299.00	303.00	310.00	314.00	316.00	319.00	327.00	332.00	335.00	339.00	347.00	353.00	354.00	354.00	354.00	358.00	359.00	359.00	359.00	358.00	334.00	328.00	322.00	317.00	308.00	304.00	299.00	298.00	297.00	297.00	298.00	299.00	310.00	318.00	318.00	318.00	317.00	306.00	341.00	381.00	411.00	401.00	307.00	300.00	291.00	253.00	211.00	185.00	185.00	176.00	163.00	143.00	142.00	139.00	138.00	137.00	137.00	135.00	132.00	128.00	123.00	122.00	106.00	101.00	101.00	101.00	101.00	101.00	102.00	132.00	129.00	117.00	107.00	105.00	101.00	101.00
																																																																																																			2.00	3.00	9.00	11.00	14.00	17.00	28.00	41.00	42.00	43.00	45.00	51.00	52.00	49.00	42.00	37.00	32.00	21.00	17.00	9.00	2.00	9.00	19.00	25.00	32.00	35.00	32.00	23.00	10.00	19.00	22.00	22.00	33.00	48.00	81.00	89.00	81.00	74.00	71.00	74.00	78.00	82.00	90.00	105.00	101.00	98.00	91.00	82.00	80.00	77.00	80.00	80.00	69.00	66.00	66.00	67.00	80.00	100.00	113.00	123.00	154.00	166.00	172.00	170.00	177.00	186.00	190.00	199.00	213.00	218.00	187.00	180.00	185.00	202.00	239.00	249.00	259.00	266.00	277.00	279.00	281.00	286.00	290.00	293.00	293.00	296.00	298.00	314.00	320.00	325.00	331.00	338.00	339.00	335.00	335.00	337.00	340.00	343.00	347.00	347.00	345.00	328.00	322.00	318.00	315.00	308.00	304.00	301.00	300.00	300.00	301.00	300.00	304.00	315.00	320.00	319.00	329.00	343.00	348.00	383.00	415.00	425.00	387.00	357.00	341.00	306.00	259.00	202.00	178.00	173.00	164.00	154.00	149.00	154.00	150.00	144.00	143.00	144.00	140.00	138.00	137.00	141.00	134.00	106.00	101.00	101.00	101.00	101.00	108.00	126.00	151.00	139.00	118.00	111.00	107.00	103.00	102.00
																																																																																											0.00										2.00	4.00	7.00	9.00	15.00	25.00	27.00	30.00	33.00	38.00	45.00	49.00	43.00	40.00	51.00	32.00	19.00	11.00	16.00	30.00	36.00	39.00	45.00	54.00	53.00	47.00	38.00	43.00	42.00	39.00	41.00	49.00	78.00	83.00	82.00	81.00	94.00	94.00	94.00	98.00	109.00	118.00	118.00	118.00	116.00	109.00	104.00	97.00	95.00	93.00	88.00	87.00	84.00	77.00	84.00	95.00	100.00	119.00	139.00	138.00	139.00	140.00	141.00	142.00	154.00	163.00	172.00	184.00	187.00	200.00	218.00	233.00	247.00	254.00	264.00	268.00	277.00	276.00	272.00	275.00	277.00	277.00	279.00	285.00	292.00	305.00	310.00	314.00	319.00	323.00	321.00	317.00	316.00	316.00	319.00	321.00	324.00	325.00	324.00	317.00	316.00	315.00	313.00	306.00	304.00	302.00	304.00	306.00	311.00	313.00	317.00	325.00	347.00	359.00	376.00	388.00	394.00	395.00	386.00	372.00	367.00	392.00	357.00	314.00	250.00	192.00	170.00	158.00	153.00	152.00	156.00	158.00	161.00	158.00	155.00	156.00	146.00	138.00	139.00	171.00	157.00	121.00	113.00	111.00	112.00	132.00	189.00	189.00	130.00	120.00	117.00	114.00	109.00	106.00	110.00
																																																																																											0.00										2.00	4.00	7.00	9.00	15.00	25.00	27.00	30.00	33.00	38.00	45.00	49.00	43.00	40.00	51.00	32.00	19.00	11.00	16.00	30.00	36.00	39.00	45.00	54.00	53.00	47.00	38.00	43.00	42.00	39.00	41.00	49.00	78.00	83.00	82.00	81.00	94.00	94.00	94.00	98.00	109.00	118.00	118.00	118.00	116.00	109.00	104.00	97.00	95.00	93.00	88.00	87.00	84.00	77.00	84.00	95.00	100.00	119.00	139.00	138.00	139.00	140.00	141.00	142.00	154.00	163.00	172.00	184.00	187.00	200.00	218.00	233.00	247.00	254.00	264.00	268.00	277.00	276.00	272.00	275.00	277.00	277.00	279.00	285.00	292.00	305.00	310.00	314.00	319.00	323.00	321.00	317.00	316.00	316.00	319.00	321.00	324.00	325.00	324.00	317.00	316.00	315.00	313.00	306.00	304.00	302.00	304.00	306.00	311.00	313.00	317.00	325.00	347.00	359.00	376.00	388.00	394.00	395.00	386.00	372.00	367.00	392.00	357.00	314.00	250.00	192.00	170.00	158.00	153.00	152.00	156.00	158.00	161.00	158.00	155.00	156.00	146.00	138.00	139.00	171.00	157.00	121.00	113.00	111.00	112.00	132.00	189.00	189.00	130.00	120.00	117.00	114.00	109.00	106.00	110.00
																																																																																								0.00	0.00	1.00	1.00	1.00	1.00	0.00	0.00	0.00					0.00	0.00	0.00	0.00	0.00	2.00	3.00	6.00	12.00	19.00	22.00	26.00	29.00	32.00	38.00	27.00	20.00	16.00	14.00	20.00	28.00	37.00	47.00	57.00	58.00	61.00	66.00	70.00	71.00	68.00	62.00	62.00	85.00	96.00	106.00	111.00	116.00	114.00	113.00	116.00	118.00	118.00	118.00	118.00	118.00	115.00	114.00	109.00	106.00	103.00	98.00	98.00	96.00	89.00	91.00	97.00	109.00	134.00	140.00	142.00	149.00	152.00	152.00	152.00	160.00	169.00	181.00	208.00	226.00	235.00	238.00	241.00	249.00	254.00	257.00	259.00	275.00	271.00	264.00	266.00	267.00	273.00	277.00	280.00	285.00	293.00	295.00	295.00	297.00	304.00	306.00	305.00	303.00	303.00	306.00	308.00	311.00	312.00	313.00	311.00	309.00	309.00	307.00	303.00	303.00	304.00	307.00	310.00	317.00	318.00	321.00	337.00	376.00	393.00	398.00	398.00	397.00	377.00	379.00	390.00	396.00	377.00	322.00	278.00	226.00	194.00	157.00	154.00	154.00	156.00	164.00	196.00	194.00	174.00	159.00	150.00	140.00	140.00	155.00	199.00	228.00	186.00	142.00	125.00	119.00	131.00	148.00	145.00	120.00	118.00	117.00	115.00	111.00	110.00	117.00
																																																																																								0.00	0.00	1.00	1.00	1.00	1.00	0.00	0.00	0.00					0.00	0.00	0.00	0.00	0.00	2.00	3.00	6.00	12.00	19.00	22.00	26.00	29.00	32.00	38.00	27.00	20.00	16.00	14.00	20.00	28.00	37.00	47.00	57.00	58.00	61.00	66.00	70.00	71.00	68.00	62.00	62.00	85.00	96.00	106.00	111.00	116.00	114.00	113.00	116.00	118.00	118.00	118.00	118.00	118.00	115.00	114.00	109.00	106.00	103.00	98.00	98.00	96.00	89.00	91.00	97.00	109.00	134.00	140.00	142.00	149.00	152.00	152.00	152.00	160.00	169.00	181.00	208.00	226.00	235.00	238.00	241.00	249.00	254.00	257.00	259.00	275.00	271.00	264.00	266.00	267.00	273.00	277.00	280.00	285.00	293.00	295.00	295.00	297.00	304.00	306.00	305.00	303.00	303.00	306.00	308.00	311.00	312.00	313.00	311.00	309.00	309.00	307.00	303.00	303.00	304.00	307.00	310.00	317.00	318.00	321.00	337.00	376.00	393.00	398.00	398.00	397.00	377.00	379.00	390.00	396.00	377.00	322.00	278.00	226.00	194.00	157.00	154.00	154.00	156.00	164.00	196.00	194.00	174.00	159.00	150.00	140.00	140.00	155.00	199.00	228.00	186.00	142.00	125.00	119.00	131.00	148.00	145.00	120.00	118.00	117.00	115.00	111.00	110.00	117.00
																																																																																					0.00	0.00	0.00	2.00	4.00	4.00	5.00	2.00	2.00	1.00	2.00	2.00	1.00					1.00	7.00	8.00	8.00	13.00	19.00	25.00	29.00	30.00	30.00	31.00	34.00	39.00	40.00	31.00	30.00	29.00	24.00	26.00	32.00	40.00	49.00	57.00	55.00	56.00	62.00	80.00	89.00	85.00	82.00	90.00	108.00	115.00	120.00	123.00	129.00	123.00	118.00	119.00	121.00	118.00	119.00	122.00	124.00	119.00	117.00	116.00	114.00	113.00	110.00	107.00	102.00	100.00	98.00	103.00	123.00	143.00	153.00	154.00	159.00	170.00	182.00	186.00	191.00	196.00	202.00	217.00	236.00	237.00	239.00	244.00	254.00	257.00	258.00	261.00	264.00	262.00	259.00	259.00	259.00	267.00	272.00	274.00	276.00	281.00	282.00	283.00	285.00	290.00	294.00	295.00	295.00	295.00	297.00	300.00	303.00	305.00	306.00	305.00	304.00	303.00	302.00	303.00	304.00	306.00	307.00	312.00	318.00	318.00	325.00	342.00	380.00	395.00	398.00	399.00	396.00	392.00	396.00	398.00	398.00	355.00	308.00	255.00	206.00	178.00	159.00	160.00	170.00	184.00	200.00	207.00	197.00	168.00	158.00	139.00	140.00	166.00	215.00	312.00	288.00	183.00	152.00	132.00	139.00	147.00	138.00	125.00	123.00	122.00	119.00	117.00	115.00	111.00	116.00
																																																																																					0.00	0.00	0.00	2.00	4.00	4.00	5.00	2.00	2.00	1.00	2.00	2.00	1.00					1.00	7.00	8.00	8.00	13.00	19.00	25.00	29.00	30.00	30.00	31.00	34.00	39.00	40.00	31.00	30.00	29.00	24.00	26.00	32.00	40.00	49.00	57.00	55.00	56.00	62.00	80.00	89.00	85.00	82.00	90.00	108.00	115.00	120.00	123.00	129.00	123.00	118.00	119.00	121.00	118.00	119.00	122.00	124.00	119.00	117.00	116.00	114.00	113.00	110.00	107.00	102.00	100.00	98.00	103.00	123.00	143.00	153.00	154.00	159.00	170.00	182.00	186.00	191.00	196.00	202.00	217.00	236.00	237.00	239.00	244.00	254.00	257.00	258.00	261.00	264.00	262.00	259.00	259.00	259.00	267.00	272.00	274.00	276.00	281.00	282.00	283.00	285.00	290.00	294.00	295.00	295.00	295.00	297.00	300.00	303.00	305.00	306.00	305.00	304.00	303.00	302.00	303.00	304.00	306.00	307.00	312.00	318.00	318.00	325.00	342.00	380.00	395.00	398.00	399.00	396.00	392.00	396.00	398.00	398.00	355.00	308.00	255.00	206.00	178.00	159.00	160.00	170.00	184.00	200.00	207.00	197.00	168.00	158.00	139.00	140.00	166.00	215.00	312.00	288.00	183.00	152.00	132.00	139.00	147.00	138.00	125.00	123.00	122.00	119.00	117.00	115.00	111.00	116.00
																																																																																					1.00	2.00	3.00	8.00	8.00	8.00	8.00	6.00	6.00	5.00	4.00	3.00	2.00	1.00				4.00	14.00	17.00	19.00	31.00	38.00	42.00	46.00	51.00	51.00	53.00	54.00	55.00	56.00	55.00	49.00	42.00	44.00	48.00	54.00	65.00	81.00	94.00	90.00	78.00	63.00	88.00	97.00	89.00	84.00	84.00	90.00	97.00	108.00	118.00	127.00	123.00	118.00	125.00	136.00	122.00	124.00	131.00	135.00	132.00	123.00	118.00	118.00	118.00	118.00	118.00	118.00	118.00	117.00	116.00	124.00	141.00	160.00	164.00	171.00	188.00	197.00	198.00	198.00	200.00	205.00	216.00	222.00	230.00	236.00	241.00	250.00	255.00	256.00	257.00	256.00	256.00	258.00	258.00	258.00	263.00	268.00	270.00	272.00	275.00	276.00	277.00	278.00	280.00	287.00	289.00	289.00	290.00	293.00	295.00	297.00	299.00	300.00	301.00	301.00	301.00	301.00	304.00	306.00	307.00	308.00	310.00	317.00	318.00	327.00	343.00	375.00	390.00	405.00	409.00	403.00	399.00	398.00	404.00	415.00	337.00	297.00	234.00	186.00	172.00	175.00	186.00	204.00	219.00	215.00	188.00	169.00	165.00	174.00	174.00	187.00	223.00	282.00	347.00	255.00	197.00	184.00	163.00	140.00	140.00	145.00	158.00	157.00	139.00	129.00	122.00	117.00	113.00	117.00
																																																																																					1.00	2.00	3.00	8.00	8.00	8.00	8.00	6.00	6.00	5.00	4.00	3.00	2.00	1.00				4.00	14.00	17.00	19.00	31.00	38.00	42.00	46.00	51.00	51.00	53.00	54.00	55.00	56.00	55.00	49.00	42.00	44.00	48.00	54.00	65.00	81.00	94.00	90.00	78.00	63.00	88.00	97.00	89.00	84.00	84.00	90.00	97.00	108.00	118.00	127.00	123.00	118.00	125.00	136.00	122.00	124.00	131.00	135.00	132.00	123.00	118.00	118.00	118.00	118.00	118.00	118.00	118.00	117.00	116.00	124.00	141.00	160.00	164.00	171.00	188.00	197.00	198.00	198.00	200.00	205.00	216.00	222.00	230.00	236.00	241.00	250.00	255.00	256.00	257.00	256.00	256.00	258.00	258.00	258.00	263.00	268.00	270.00	272.00	275.00	276.00	277.00	278.00	280.00	287.00	289.00	289.00	290.00	293.00	295.00	297.00	299.00	300.00	301.00	301.00	301.00	301.00	304.00	306.00	307.00	308.00	310.00	317.00	318.00	327.00	343.00	375.00	390.00	405.00	409.00	403.00	399.00	398.00	404.00	415.00	337.00	297.00	234.00	186.00	172.00	175.00	186.00	204.00	219.00	215.00	188.00	169.00	165.00	174.00	174.00	187.00	223.00	282.00	347.00	255.00	197.00	184.00	163.00	140.00	140.00	145.00	158.00	157.00	139.00	129.00	122.00	117.00	113.00	117.00
																																																																																			0.00	0.00	2.00	4.00	7.00	10.00	7.00	5.00	4.00	4.00	3.00	2.00	2.00		1.00	1.00					1.00	2.00	3.00	8.00	13.00	15.00	16.00	21.00	22.00	23.00	24.00	29.00	39.00	45.00	47.00	51.00	60.00	66.00	71.00	76.00	86.00	94.00	89.00	80.00	67.00	88.00	92.00	86.00	83.00	83.00	83.00	84.00	92.00	105.00	113.00	116.00	118.00	123.00	128.00	123.00	122.00	129.00	135.00	133.00	125.00	118.00	118.00	118.00	118.00	121.00	124.00	126.00	124.00	122.00	128.00	142.00	171.00	177.00	179.00	186.00	188.00	191.00	193.00	198.00	203.00	213.00	222.00	231.00	238.00	241.00	246.00	249.00	250.00	250.00	250.00	250.00	252.00	253.00	255.00	260.00	263.00	265.00	268.00	272.00	274.00	276.00	278.00	278.00	280.00	283.00	284.00	285.00	289.00	290.00	293.00	295.00	297.00	300.00	301.00	301.00	301.00	305.00	307.00	309.00	310.00	312.00	314.00	316.00	324.00	341.00	384.00	401.00	424.00	440.00	431.00	412.00	425.00	436.00	413.00	309.00	252.00	197.00	179.00	176.00	202.00	225.00	236.00	229.00	191.00	176.00	181.00	202.00	231.00	272.00	284.00	291.00	296.00	235.00	243.00	211.00	177.00	157.00	142.00	164.00	183.00	193.00	180.00	161.00	136.00	124.00	116.00	115.00	117.00
																																																																																			0.00	0.00	2.00	4.00	7.00	10.00	7.00	5.00	4.00	4.00	3.00	2.00	2.00		1.00	1.00					1.00	2.00	3.00	8.00	13.00	15.00	16.00	21.00	22.00	23.00	24.00	29.00	39.00	45.00	47.00	51.00	60.00	66.00	71.00	76.00	86.00	94.00	89.00	80.00	67.00	88.00	92.00	86.00	83.00	83.00	83.00	84.00	92.00	105.00	113.00	116.00	118.00	123.00	128.00	123.00	122.00	129.00	135.00	133.00	125.00	118.00	118.00	118.00	118.00	121.00	124.00	126.00	124.00	122.00	128.00	142.00	171.00	177.00	179.00	186.00	188.00	191.00	193.00	198.00	203.00	213.00	222.00	231.00	238.00	241.00	246.00	249.00	250.00	250.00	250.00	250.00	252.00	253.00	255.00	260.00	263.00	265.00	268.00	272.00	274.00	276.00	278.00	278.00	280.00	283.00	284.00	285.00	289.00	290.00	293.00	295.00	297.00	300.00	301.00	301.00	301.00	305.00	307.00	309.00	310.00	312.00	314.00	316.00	324.00	341.00	384.00	401.00	424.00	440.00	431.00	412.00	425.00	436.00	413.00	309.00	252.00	197.00	179.00	176.00	202.00	225.00	236.00	229.00	191.00	176.00	181.00	202.00	231.00	272.00	284.00	291.00	296.00	235.00	243.00	211.00	177.00	157.00	142.00	164.00	183.00	193.00	180.00	161.00	136.00	124.00	116.00	115.00	117.00
																																																																																				0.00	2.00	5.00	8.00	10.00	5.00	1.00							1.00	1.00						7.00	15.00	9.00	11.00	17.00	23.00	27.00	23.00	21.00	22.00	31.00	52.00	57.00	55.00	57.00	79.00	87.00	89.00	85.00	85.00	87.00	81.00	72.00	69.00	80.00	82.00	80.00	81.00	83.00	86.00	89.00	94.00	98.00	100.00	105.00	113.00	117.00	118.00	118.00	118.00	118.00	120.00	119.00	115.00	115.00	115.00	114.00	123.00	136.00	148.00	148.00	137.00	135.00	137.00	146.00	164.00	164.00	162.00	165.00	166.00	176.00	182.00	197.00	203.00	213.00	225.00	235.00	238.00	240.00	242.00	243.00	244.00	244.00	243.00	243.00	245.00	246.00	248.00	253.00	258.00	261.00	264.00	269.00	272.00	276.00	278.00	278.00	278.00	278.00	279.00	281.00	284.00	286.00	288.00	290.00	292.00	298.00	299.00	300.00	302.00	306.00	308.00	311.00	313.00	315.00	317.00	319.00	319.00	339.00	397.00	420.00	444.00	465.00	474.00	475.00	460.00	415.00	388.00	265.00	222.00	201.00	201.00	209.00	238.00	239.00	232.00	217.00	183.00	198.00	227.00	250.00	270.00	341.00	312.00	302.00	292.00	203.00	198.00	191.00	179.00	160.00	166.00	193.00	198.00	198.00	176.00	154.00	135.00	124.00	117.00	118.00	118.00
																																																																																				0.00	2.00	5.00	8.00	10.00	5.00	1.00							1.00	1.00						7.00	15.00	9.00	11.00	17.00	23.00	27.00	23.00	21.00	22.00	31.00	52.00	57.00	55.00	57.00	79.00	87.00	89.00	85.00	85.00	87.00	81.00	72.00	69.00	80.00	82.00	80.00	81.00	83.00	86.00	89.00	94.00	98.00	100.00	105.00	113.00	117.00	118.00	118.00	118.00	118.00	120.00	119.00	115.00	115.00	115.00	114.00	123.00	136.00	148.00	148.00	137.00	135.00	137.00	146.00	164.00	164.00	162.00	165.00	166.00	176.00	182.00	197.00	203.00	213.00	225.00	235.00	238.00	240.00	242.00	243.00	244.00	244.00	243.00	243.00	245.00	246.00	248.00	253.00	258.00	261.00	264.00	269.00	272.00	276.00	278.00	278.00	278.00	278.00	279.00	281.00	284.00	286.00	288.00	290.00	292.00	298.00	299.00	300.00	302.00	306.00	308.00	311.00	313.00	315.00	317.00	319.00	319.00	339.00	397.00	420.00	444.00	465.00	474.00	475.00	460.00	415.00	388.00	265.00	222.00	201.00	201.00	209.00	238.00	239.00	232.00	217.00	183.00	198.00	227.00	250.00	270.00	341.00	312.00	302.00	292.00	203.00	198.00	191.00	179.00	160.00	166.00	193.00	198.00	198.00	176.00	154.00	135.00	124.00	117.00	118.00	118.00
																																																																																					1.00	2.00	3.00	4.00	2.00	4.00	3.00	0.00	1.00	1.00	0.00	1.00	2.00	1.00	1.00		0.00	0.00	0.00	1.00	7.00	19.00	22.00	31.00	38.00	39.00	38.00	40.00	42.00	44.00	58.00	74.00	77.00	73.00	83.00	95.00	98.00	97.00	97.00	102.00	96.00	85.00	70.00	75.00	76.00	78.00	79.00	82.00	91.00	94.00	94.00	97.00	96.00	98.00	100.00	101.00	103.00	106.00	112.00	114.00	115.00	107.00	107.00	116.00	117.00	113.00	112.00	122.00	138.00	153.00	144.00	139.00	140.00	142.00	139.00	139.00	144.00	157.00	164.00	178.00	186.00	197.00	204.00	217.00	225.00	230.00	233.00	232.00	237.00	238.00	238.00	237.00	236.00	237.00	238.00	239.00	239.00	242.00	251.00	256.00	259.00	266.00	270.00	275.00	278.00	278.00	275.00	274.00	275.00	276.00	279.00	281.00	283.00	284.00	287.00	295.00	297.00	299.00	302.00	308.00	311.00	315.00	317.00	318.00	333.00	342.00	344.00	372.00	436.00	460.00	478.00	496.00	507.00	511.00	474.00	425.00	396.00	289.00	287.00	274.00	270.00	287.00	273.00	236.00	210.00	195.00	184.00	237.00	245.00	243.00	246.00	324.00	301.00	266.00	241.00	198.00	202.00	201.00	180.00	163.00	180.00	196.00	200.00	194.00	163.00	152.00	144.00	134.00	122.00	118.00	120.00
																																																																																			1.00		1.00	1.00	1.00	1.00	1.00	6.00	15.00	11.00	10.00	8.00	8.00	12.00	12.00	8.00	4.00	4.00	4.00	4.00	5.00	7.00	10.00	19.00	23.00	28.00	31.00	42.00	60.00	72.00	77.00	72.00	70.00	78.00	89.00	94.00	89.00	96.00	108.00	120.00	124.00	121.00	117.00	103.00	79.00	72.00	73.00	74.00	76.00	78.00	83.00	83.00	84.00	88.00	84.00	85.00	88.00	89.00	91.00	97.00	100.00	100.00	100.00	100.00	104.00	113.00	115.00	115.00	99.00	100.00	105.00	112.00	128.00	138.00	145.00	146.00	154.00	158.00	164.00	170.00	175.00	191.00	196.00	200.00	205.00	216.00	219.00	219.00	219.00	218.00	227.00	229.00	228.00	227.00	228.00	231.00	237.00	238.00	238.00	239.00	242.00	247.00	251.00	259.00	263.00	268.00	271.00	275.00	269.00	269.00	270.00	271.00	275.00	276.00	278.00	279.00	282.00	292.00	295.00	298.00	300.00	305.00	309.00	315.00	318.00	320.00	377.00	384.00	395.00	416.00	515.00	563.00	590.00	607.00	629.00	623.00	587.00	534.00	465.00	334.00	319.00	306.00	300.00	298.00	271.00	239.00	208.00	190.00	225.00	258.00	247.00	236.00	233.00	257.00	242.00	217.00	202.00	232.00	287.00	217.00	199.00	192.00	234.00	276.00	249.00	215.00	174.00	170.00	172.00	162.00	148.00	128.00	131.00
																																																																																			1.00		1.00	1.00	1.00	1.00	1.00	6.00	15.00	11.00	10.00	8.00	8.00	12.00	12.00	8.00	4.00	4.00	4.00	4.00	5.00	7.00	10.00	19.00	23.00	28.00	31.00	42.00	60.00	72.00	77.00	72.00	70.00	78.00	89.00	94.00	89.00	96.00	108.00	120.00	124.00	121.00	117.00	103.00	79.00	72.00	73.00	74.00	76.00	78.00	83.00	83.00	84.00	88.00	84.00	85.00	88.00	89.00	91.00	97.00	100.00	100.00	100.00	100.00	104.00	113.00	115.00	115.00	99.00	100.00	105.00	112.00	128.00	138.00	145.00	146.00	154.00	158.00	164.00	170.00	175.00	191.00	196.00	200.00	205.00	216.00	219.00	219.00	219.00	218.00	227.00	229.00	228.00	227.00	228.00	231.00	237.00	238.00	238.00	239.00	242.00	247.00	251.00	259.00	263.00	268.00	271.00	275.00	269.00	269.00	270.00	271.00	275.00	276.00	278.00	279.00	282.00	292.00	295.00	298.00	300.00	305.00	309.00	315.00	318.00	320.00	377.00	384.00	395.00	416.00	515.00	563.00	590.00	607.00	629.00	623.00	587.00	534.00	465.00	334.00	319.00	306.00	300.00	298.00	271.00	239.00	208.00	190.00	225.00	258.00	247.00	236.00	233.00	257.00	242.00	217.00	202.00	232.00	287.00	217.00	199.00	192.00	234.00	276.00	249.00	215.00	174.00	170.00	172.00	162.00	148.00	128.00	131.00
																																																																																					1.00	1.00	1.00	1.00	1.00	10.00	19.00	20.00	19.00	18.00	18.00	19.00	20.00	19.00	18.00	19.00	20.00	20.00	22.00	24.00	28.00	37.00	41.00	43.00	41.00	51.00	59.00	61.00	62.00	62.00	78.00	85.00	92.00	97.00	98.00	98.00	108.00	125.00	134.00	123.00	116.00	103.00	79.00	73.00	73.00	73.00	73.00	73.00	75.00	78.00	78.00	78.00	78.00	78.00	79.00	81.00	82.00	88.00	89.00	90.00	91.00	96.00	98.00	98.00	98.00	104.00	99.00	98.00	99.00	107.00	132.00	147.00	157.00	162.00	174.00	174.00	176.00	179.00	187.00	198.00	198.00	201.00	205.00	213.00	212.00	213.00	215.00	217.00	219.00	219.00	219.00	219.00	220.00	225.00	232.00	235.00	235.00	236.00	237.00	240.00	241.00	248.00	251.00	256.00	261.00	265.00	263.00	264.00	265.00	267.00	270.00	272.00	274.00	276.00	279.00	288.00	291.00	292.00	295.00	297.00	301.00	313.00	321.00	349.00	397.00	398.00	413.00	466.00	667.00	710.00	737.00	744.00	742.00	708.00	681.00	646.00	588.00	387.00	358.00	333.00	311.00	294.00	257.00	241.00	229.00	226.00	267.00	247.00	232.00	222.00	219.00	221.00	220.00	214.00	211.00	240.00	284.00	228.00	221.00	227.00	307.00	330.00	282.00	245.00	197.00	201.00	188.00	181.00	172.00	153.00	151.00
																																																																																										4.00	13.00	18.00	18.00	18.00	19.00	20.00	22.00	21.00	21.00	20.00	22.00	25.00	29.00	32.00	36.00	42.00	43.00	44.00	44.00	48.00	52.00	56.00	57.00	54.00	84.00	115.00	112.00	112.00	115.00	102.00	99.00	103.00	110.00	106.00	96.00	83.00	73.00	73.00	73.00	73.00	73.00	73.00	82.00	94.00	90.00	83.00	82.00	84.00	87.00	88.00	88.00	89.00	90.00	90.00	89.00	90.00	91.00	93.00	94.00	95.00	97.00	98.00	101.00	108.00	120.00	132.00	147.00	160.00	178.00	178.00	181.00	190.00	196.00	198.00	200.00	203.00	206.00	206.00	204.00	206.00	208.00	210.00	222.00	239.00	244.00	234.00	219.00	221.00	225.00	228.00	229.00	233.00	235.00	238.00	238.00	238.00	239.00	245.00	251.00	254.00	257.00	259.00	260.00	261.00	263.00	264.00	268.00	272.00	276.00	284.00	285.00	286.00	290.00	296.00	300.00	314.00	321.00	342.00	390.00	408.00	503.00	569.00	721.00	770.00	796.00	784.00	764.00	758.00	756.00	734.00	671.00	430.00	383.00	353.00	323.00	295.00	241.00	244.00	264.00	276.00	278.00	225.00	221.00	229.00	233.00	236.00	254.00	270.00	256.00	240.00	268.00	285.00	279.00	291.00	383.00	402.00	322.00	266.00	213.00	201.00	206.00	224.00	218.00	204.00	196.00
																																																																																										4.00	13.00	18.00	18.00	18.00	19.00	20.00	22.00	21.00	21.00	20.00	22.00	25.00	29.00	32.00	36.00	42.00	43.00	44.00	44.00	48.00	52.00	56.00	57.00	54.00	84.00	115.00	112.00	112.00	115.00	102.00	99.00	103.00	110.00	106.00	96.00	83.00	73.00	73.00	73.00	73.00	73.00	73.00	82.00	94.00	90.00	83.00	82.00	84.00	87.00	88.00	88.00	89.00	90.00	90.00	89.00	90.00	91.00	93.00	94.00	95.00	97.00	98.00	101.00	108.00	120.00	132.00	147.00	160.00	178.00	178.00	181.00	190.00	196.00	198.00	200.00	203.00	206.00	206.00	204.00	206.00	208.00	210.00	222.00	239.00	244.00	234.00	219.00	221.00	225.00	228.00	229.00	233.00	235.00	238.00	238.00	238.00	239.00	245.00	251.00	254.00	257.00	259.00	260.00	261.00	263.00	264.00	268.00	272.00	276.00	284.00	285.00	286.00	290.00	296.00	300.00	314.00	321.00	342.00	390.00	408.00	503.00	569.00	721.00	770.00	796.00	784.00	764.00	758.00	756.00	734.00	671.00	430.00	383.00	353.00	323.00	295.00	241.00	244.00	264.00	276.00	278.00	225.00	221.00	229.00	233.00	236.00	254.00	270.00	256.00	240.00	268.00	285.00	279.00	291.00	383.00	402.00	322.00	266.00	213.00	201.00	206.00	224.00	218.00	204.00	196.00
																																																																																											1.00	4.00	7.00	8.00	10.00	17.00	23.00	25.00	25.00	25.00	25.00	25.00	26.00	28.00	31.00	39.00	41.00	44.00	45.00	40.00	43.00	46.00	43.00	39.00	65.00	109.00	107.00	103.00	104.00	100.00	98.00	99.00	106.00	113.00	105.00	93.00	74.00	74.00	77.00	81.00	78.00	77.00	81.00	93.00	99.00	100.00	94.00	96.00	98.00	99.00	101.00	104.00	105.00	104.00	101.00	96.00	96.00	97.00	97.00	96.00	97.00	98.00	103.00	111.00	122.00	131.00	145.00	160.00	177.00	178.00	183.00	190.00	195.00	198.00	197.00	197.00	198.00	196.00	193.00	194.00	193.00	192.00	201.00	211.00	213.00	212.00	215.00	218.00	219.00	221.00	223.00	228.00	231.00	233.00	235.00	237.00	238.00	240.00	240.00	241.00	245.00	248.00	249.00	251.00	254.00	256.00	259.00	264.00	269.00	278.00	279.00	279.00	285.00	297.00	299.00	302.00	307.00	338.00	428.00	493.00	632.00	656.00	721.00	746.00	755.00	731.00	703.00	699.00	702.00	697.00	671.00	433.00	383.00	354.00	328.00	304.00	242.00	244.00	263.00	270.00	247.00	233.00	257.00	300.00	339.00	375.00	407.00	398.00	319.00	284.00	292.00	302.00	296.00	296.00	308.00	303.00	279.00	255.00	217.00	215.00	232.00	254.00	254.00	252.00	238.00
																																																																																											1.00	4.00	7.00	8.00	10.00	17.00	23.00	25.00	25.00	25.00	25.00	25.00	26.00	28.00	31.00	39.00	41.00	44.00	45.00	40.00	43.00	46.00	43.00	39.00	65.00	109.00	107.00	103.00	104.00	100.00	98.00	99.00	106.00	113.00	105.00	93.00	74.00	74.00	77.00	81.00	78.00	77.00	81.00	93.00	99.00	100.00	94.00	96.00	98.00	99.00	101.00	104.00	105.00	104.00	101.00	96.00	96.00	97.00	97.00	96.00	97.00	98.00	103.00	111.00	122.00	131.00	145.00	160.00	177.00	178.00	183.00	190.00	195.00	198.00	197.00	197.00	198.00	196.00	193.00	194.00	193.00	192.00	201.00	211.00	213.00	212.00	215.00	218.00	219.00	221.00	223.00	228.00	231.00	233.00	235.00	237.00	238.00	240.00	240.00	241.00	245.00	248.00	249.00	251.00	254.00	256.00	259.00	264.00	269.00	278.00	279.00	279.00	285.00	297.00	299.00	302.00	307.00	338.00	428.00	493.00	632.00	656.00	721.00	746.00	755.00	731.00	703.00	699.00	702.00	697.00	671.00	433.00	383.00	354.00	328.00	304.00	242.00	244.00	263.00	270.00	247.00	233.00	257.00	300.00	339.00	375.00	407.00	398.00	319.00	284.00	292.00	302.00	296.00	296.00	308.00	303.00	279.00	255.00	217.00	215.00	232.00	254.00	254.00	252.00	238.00
																																																																																														1.00	2.00	9.00	19.00	22.00	26.00	28.00	27.00	29.00	32.00	32.00	30.00	40.00	42.00	50.00	58.00	54.00	64.00	68.00	57.00	49.00	50.00	91.00	108.00	114.00	116.00	112.00	110.00	111.00	121.00	140.00	125.00	108.00	89.00	91.00	95.00	97.00	94.00	88.00	89.00	95.00	98.00	98.00	99.00	104.00	109.00	114.00	115.00	117.00	118.00	117.00	117.00	114.00	112.00	104.00	101.00	101.00	107.00	110.00	113.00	121.00	137.00	141.00	149.00	156.00	171.00	174.00	178.00	183.00	186.00	184.00	178.00	175.00	175.00	174.00	178.00	179.00	178.00	178.00	181.00	191.00	198.00	202.00	213.00	217.00	218.00	220.00	221.00	224.00	226.00	227.00	229.00	232.00	232.00	233.00	233.00	235.00	236.00	237.00	239.00	241.00	247.00	251.00	255.00	258.00	260.00	277.00	283.00	286.00	290.00	301.00	307.00	324.00	358.00	407.00	575.00	634.00	610.00	603.00	682.00	698.00	697.00	675.00	657.00	644.00	638.00	628.00	611.00	438.00	391.00	341.00	310.00	300.00	254.00	238.00	237.00	238.00	241.00	267.00	321.00	380.00	420.00	410.00	397.00	344.00	302.00	322.00	330.00	299.00	280.00	271.00	277.00	276.00	267.00	255.00	234.00	245.00	268.00	280.00	274.00	277.00	277.00
																																																																																																3.00	15.00	19.00	21.00	21.00	20.00	26.00	36.00	38.00	35.00	47.00	60.00	67.00	64.00	65.00	88.00	105.00	108.00	94.00	76.00	108.00	130.00	141.00	149.00	137.00	128.00	120.00	123.00	131.00	122.00	117.00	114.00	99.00	99.00	100.00	101.00	99.00	98.00	102.00	104.00	104.00	109.00	112.00	116.00	121.00	125.00	132.00	134.00	136.00	137.00	132.00	130.00	133.00	133.00	127.00	130.00	133.00	131.00	132.00	140.00	144.00	150.00	155.00	165.00	165.00	166.00	167.00	170.00	171.00	169.00	170.00	175.00	176.00	173.00	173.00	174.00	175.00	178.00	183.00	194.00	201.00	212.00	216.00	218.00	220.00	222.00	225.00	227.00	227.00	228.00	230.00	230.00	231.00	232.00	233.00	234.00	235.00	236.00	237.00	240.00	243.00	247.00	250.00	257.00	307.00	320.00	316.00	319.00	349.00	366.00	398.00	459.00	533.00	622.00	591.00	529.00	521.00	557.00	596.00	618.00	619.00	615.00	603.00	600.00	594.00	564.00	453.00	403.00	360.00	315.00	291.00	253.00	242.00	247.00	259.00	285.00	316.00	358.00	423.00	484.00	388.00	341.00	312.00	322.00	354.00	330.00	281.00	281.00	293.00	337.00	340.00	321.00	293.00	260.00	263.00	284.00	304.00	294.00	275.00	264.00
																																																																																																3.00	15.00	19.00	21.00	21.00	20.00	26.00	36.00	38.00	35.00	47.00	60.00	67.00	64.00	65.00	88.00	105.00	108.00	94.00	76.00	108.00	130.00	141.00	149.00	137.00	128.00	120.00	123.00	131.00	122.00	117.00	114.00	99.00	99.00	100.00	101.00	99.00	98.00	102.00	104.00	104.00	109.00	112.00	116.00	121.00	125.00	132.00	134.00	136.00	137.00	132.00	130.00	133.00	133.00	127.00	130.00	133.00	131.00	132.00	140.00	144.00	150.00	155.00	165.00	165.00	166.00	167.00	170.00	171.00	169.00	170.00	175.00	176.00	173.00	173.00	174.00	175.00	178.00	183.00	194.00	201.00	212.00	216.00	218.00	220.00	222.00	225.00	227.00	227.00	228.00	230.00	230.00	231.00	232.00	233.00	234.00	235.00	236.00	237.00	240.00	243.00	247.00	250.00	257.00	307.00	320.00	316.00	319.00	349.00	366.00	398.00	459.00	533.00	622.00	591.00	529.00	521.00	557.00	596.00	618.00	619.00	615.00	603.00	600.00	594.00	564.00	453.00	403.00	360.00	315.00	291.00	253.00	242.00	247.00	259.00	285.00	316.00	358.00	423.00	484.00	388.00	341.00	312.00	322.00	354.00	330.00	281.00	281.00	293.00	337.00	340.00	321.00	293.00	260.00	263.00	284.00	304.00	294.00	275.00	264.00
																																																																																																3.00	15.00	19.00	21.00	21.00	20.00	26.00	36.00	38.00	35.00	47.00	60.00	67.00	64.00	65.00	88.00	105.00	108.00	94.00	76.00	108.00	130.00	141.00	149.00	137.00	128.00	120.00	123.00	131.00	122.00	117.00	114.00	99.00	99.00	100.00	101.00	99.00	98.00	102.00	104.00	104.00	109.00	112.00	116.00	121.00	125.00	132.00	134.00	136.00	137.00	132.00	130.00	133.00	133.00	127.00	130.00	133.00	131.00	132.00	140.00	144.00	150.00	155.00	165.00	165.00	166.00	167.00	170.00	171.00	169.00	170.00	175.00	176.00	173.00	173.00	174.00	175.00	178.00	183.00	194.00	201.00	212.00	216.00	218.00	220.00	222.00	225.00	227.00	227.00	228.00	230.00	230.00	231.00	232.00	233.00	234.00	235.00	236.00	237.00	240.00	243.00	247.00	250.00	257.00	307.00	320.00	316.00	319.00	349.00	366.00	398.00	459.00	533.00	622.00	591.00	529.00	521.00	557.00	596.00	618.00	619.00	615.00	603.00	600.00	594.00	564.00	453.00	403.00	360.00	315.00	291.00	253.00	242.00	247.00	259.00	285.00	316.00	358.00	423.00	484.00	388.00	341.00	312.00	322.00	354.00	330.00	281.00	281.00	293.00	337.00	340.00	321.00	293.00	260.00	263.00	284.00	304.00	294.00	275.00	264.00
																																																																																											0.00					0.00	3.00	6.00	11.00	14.00	19.00	31.00	41.00	43.00	41.00	40.00	52.00	68.00	75.00	69.00	78.00	94.00	118.00	134.00	121.00	117.00	123.00	131.00	142.00	138.00	137.00	133.00	128.00	126.00	127.00	130.00	127.00	113.00	110.00	110.00	111.00	111.00	117.00	120.00	123.00	127.00	124.00	122.00	124.00	131.00	138.00	148.00	153.00	155.00	156.00	160.00	170.00	196.00	204.00	199.00	178.00	173.00	163.00	157.00	153.00	156.00	164.00	170.00	178.00	176.00	170.00	167.00	166.00	167.00	170.00	173.00	177.00	178.00	175.00	174.00	175.00	176.00	179.00	186.00	196.00	201.00	209.00	212.00	217.00	221.00	224.00	228.00	230.00	232.00	233.00	235.00	236.00	236.00	236.00	236.00	236.00	236.00	236.00	236.00	239.00	243.00	250.00	259.00	281.00	350.00	370.00	372.00	376.00	415.00	459.00	508.00	522.00	542.00	517.00	506.00	483.00	476.00	489.00	522.00	549.00	577.00	596.00	598.00	592.00	565.00	524.00	493.00	444.00	393.00	342.00	297.00	269.00	279.00	298.00	323.00	375.00	387.00	395.00	427.00	462.00	390.00	371.00	367.00	377.00	375.00	339.00	304.00	328.00	356.00	412.00	421.00	396.00	350.00	293.00	280.00	291.00	309.00	299.00	290.00	269.00
																																																																																											0.00	3.00	2.00	1.00	3.00	6.00	3.00	9.00	21.00	29.00	24.00	21.00	23.00	41.00	56.00	56.00	61.00	65.00	65.00	70.00	74.00	78.00	97.00	122.00	143.00	122.00	119.00	118.00	133.00	136.00	138.00	139.00	140.00	138.00	138.00	138.00	135.00	127.00	122.00	122.00	125.00	129.00	136.00	136.00	137.00	139.00	149.00	149.00	151.00	153.00	156.00	167.00	174.00	179.00	185.00	215.00	232.00	215.00	217.00	223.00	239.00	230.00	212.00	194.00	181.00	183.00	185.00	187.00	183.00	178.00	174.00	174.00	173.00	174.00	175.00	177.00	178.00	177.00	175.00	175.00	176.00	177.00	182.00	190.00	197.00	202.00	210.00	214.00	220.00	223.00	226.00	232.00	235.00	237.00	240.00	243.00	243.00	243.00	243.00	242.00	239.00	239.00	238.00	238.00	241.00	248.00	258.00	280.00	302.00	389.00	403.00	415.00	429.00	493.00	550.00	566.00	517.00	500.00	481.00	478.00	471.00	461.00	449.00	467.00	489.00	525.00	567.00	573.00	547.00	515.00	492.00	494.00	465.00	424.00	383.00	327.00	304.00	312.00	329.00	360.00	426.00	451.00	427.00	413.00	404.00	398.00	397.00	399.00	421.00	394.00	369.00	365.00	387.00	412.00	442.00	428.00	400.00	365.00	329.00	324.00	320.00	314.00	285.00	280.00	275.00
																																																																																											0.00	3.00	2.00	1.00	3.00	6.00	3.00	9.00	21.00	29.00	24.00	21.00	23.00	41.00	56.00	56.00	61.00	65.00	65.00	70.00	74.00	78.00	97.00	122.00	143.00	122.00	119.00	118.00	133.00	136.00	138.00	139.00	140.00	138.00	138.00	138.00	135.00	127.00	122.00	122.00	125.00	129.00	136.00	136.00	137.00	139.00	149.00	149.00	151.00	153.00	156.00	167.00	174.00	179.00	185.00	215.00	232.00	215.00	217.00	223.00	239.00	230.00	212.00	194.00	181.00	183.00	185.00	187.00	183.00	178.00	174.00	174.00	173.00	174.00	175.00	177.00	178.00	177.00	175.00	175.00	176.00	177.00	182.00	190.00	197.00	202.00	210.00	214.00	220.00	223.00	226.00	232.00	235.00	237.00	240.00	243.00	243.00	243.00	243.00	242.00	239.00	239.00	238.00	238.00	241.00	248.00	258.00	280.00	302.00	389.00	403.00	415.00	429.00	493.00	550.00	566.00	517.00	500.00	481.00	478.00	471.00	461.00	449.00	467.00	489.00	525.00	567.00	573.00	547.00	515.00	492.00	494.00	465.00	424.00	383.00	327.00	304.00	312.00	329.00	360.00	426.00	451.00	427.00	413.00	404.00	398.00	397.00	399.00	421.00	394.00	369.00	365.00	387.00	412.00	442.00	428.00	400.00	365.00	329.00	324.00	320.00	314.00	285.00	280.00	275.00
																																																																																										0.00	2.00	20.00	19.00	16.00	17.00	23.00	24.00	33.00	45.00	54.00	50.00	37.00	28.00	33.00	48.00	81.00	96.00	95.00	85.00	79.00	79.00	80.00	86.00	99.00	147.00	147.00	139.00	126.00	118.00	121.00	133.00	143.00	150.00	138.00	138.00	138.00	138.00	138.00	139.00	138.00	137.00	139.00	150.00	153.00	154.00	157.00	167.00	171.00	173.00	176.00	179.00	188.00	195.00	203.00	210.00	232.00	236.00	228.00	228.00	233.00	241.00	237.00	226.00	214.00	205.00	201.00	199.00	200.00	196.00	191.00	191.00	188.00	184.00	183.00	180.00	179.00	178.00	176.00	176.00	176.00	177.00	179.00	189.00	196.00	202.00	207.00	217.00	220.00	226.00	230.00	233.00	238.00	242.00	248.00	251.00	252.00	253.00	252.00	251.00	249.00	246.00	244.00	243.00	242.00	241.00	247.00	259.00	282.00	304.00	385.00	400.00	410.00	421.00	479.00	507.00	511.00	499.00	492.00	520.00	530.00	518.00	497.00	440.00	428.00	436.00	458.00	474.00	495.00	471.00	431.00	410.00	466.00	443.00	414.00	392.00	363.00	331.00	328.00	342.00	366.00	404.00	430.00	402.00	398.00	397.00	386.00	385.00	383.00	381.00	372.00	382.00	409.00	425.00	440.00	434.00	412.00	389.00	363.00	373.00	387.00	368.00	337.00	308.00	292.00	278.00
																																																																																								0.00	0.00	1.00	4.00	20.00	30.00	35.00	34.00	38.00	41.00	51.00	59.00	68.00	84.00	74.00	58.00	44.00	47.00	66.00	90.00	101.00	99.00	92.00	92.00	93.00	91.00	93.00	124.00	156.00	161.00	147.00	120.00	117.00	118.00	121.00	126.00	137.00	136.00	137.00	139.00	145.00	153.00	151.00	144.00	150.00	164.00	166.00	168.00	170.00	179.00	186.00	193.00	197.00	201.00	209.00	215.00	222.00	227.00	236.00	238.00	241.00	242.00	240.00	240.00	246.00	243.00	233.00	215.00	210.00	208.00	209.00	200.00	198.00	198.00	198.00	198.00	194.00	182.00	178.00	177.00	177.00	177.00	178.00	183.00	191.00	201.00	207.00	214.00	218.00	225.00	227.00	233.00	236.00	245.00	257.00	259.00	261.00	262.00	262.00	262.00	261.00	259.00	256.00	252.00	250.00	248.00	246.00	244.00	245.00	254.00	276.00	298.00	348.00	361.00	375.00	389.00	442.00	475.00	492.00	500.00	518.00	583.00	585.00	560.00	517.00	473.00	449.00	423.00	404.00	383.00	381.00	374.00	364.00	363.00	428.00	411.00	394.00	381.00	369.00	358.00	353.00	345.00	363.00	396.00	373.00	395.00	405.00	388.00	331.00	331.00	332.00	333.00	357.00	393.00	430.00	442.00	452.00	439.00	416.00	392.00	379.00	413.00	417.00	398.00	349.00	338.00	332.00	299.00
																																																																																								0.00	0.00	1.00	4.00	20.00	30.00	35.00	34.00	38.00	41.00	51.00	59.00	68.00	84.00	74.00	58.00	44.00	47.00	66.00	90.00	101.00	99.00	92.00	92.00	93.00	91.00	93.00	124.00	156.00	161.00	147.00	120.00	117.00	118.00	121.00	126.00	137.00	136.00	137.00	139.00	145.00	153.00	151.00	144.00	150.00	164.00	166.00	168.00	170.00	179.00	186.00	193.00	197.00	201.00	209.00	215.00	222.00	227.00	236.00	238.00	241.00	242.00	240.00	240.00	246.00	243.00	233.00	215.00	210.00	208.00	209.00	200.00	198.00	198.00	198.00	198.00	194.00	182.00	178.00	177.00	177.00	177.00	178.00	183.00	191.00	201.00	207.00	214.00	218.00	225.00	227.00	233.00	236.00	245.00	257.00	259.00	261.00	262.00	262.00	262.00	261.00	259.00	256.00	252.00	250.00	248.00	246.00	244.00	245.00	254.00	276.00	298.00	348.00	361.00	375.00	389.00	442.00	475.00	492.00	500.00	518.00	583.00	585.00	560.00	517.00	473.00	449.00	423.00	404.00	383.00	381.00	374.00	364.00	363.00	428.00	411.00	394.00	381.00	369.00	358.00	353.00	345.00	363.00	396.00	373.00	395.00	405.00	388.00	331.00	331.00	332.00	333.00	357.00	393.00	430.00	442.00	452.00	439.00	416.00	392.00	379.00	413.00	417.00	398.00	349.00	338.00	332.00	299.00
																																																																													0.00	0.00	0.00						0.00		0.00	2.00	3.00	6.00	8.00	16.00	20.00	20.00	22.00	37.00	40.00	40.00	48.00	63.00	110.00	95.00	75.00	60.00	49.00	59.00	70.00	94.00	113.00	100.00	98.00	98.00	98.00	97.00	100.00	132.00	146.00	142.00	105.00	100.00	100.00	113.00	129.00	129.00	126.00	134.00	154.00	157.00	157.00	158.00	160.00	166.00	177.00	179.00	180.00	179.00	190.00	198.00	206.00	214.00	219.00	226.00	230.00	235.00	240.00	247.00	250.00	253.00	253.00	252.00	278.00	306.00	302.00	264.00	219.00	217.00	217.00	217.00	201.00	198.00	198.00	197.00	195.00	188.00	190.00	192.00	189.00	186.00	188.00	199.00	217.00	235.00	216.00	218.00	231.00	236.00	234.00	235.00	236.00	243.00	268.00	275.00	273.00	272.00	272.00	272.00	272.00	271.00	268.00	262.00	257.00	255.00	253.00	251.00	247.00	246.00	249.00	257.00	270.00	301.00	316.00	333.00	344.00	373.00	393.00	439.00	500.00	538.00	571.00	566.00	555.00	540.00	514.00	470.00	436.00	413.00	397.00	360.00	356.00	353.00	354.00	401.00	396.00	388.00	383.00	377.00	367.00	362.00	350.00	344.00	322.00	326.00	371.00	379.00	329.00	271.00	261.00	272.00	297.00	366.00	397.00	425.00	441.00	455.00	445.00	419.00	400.00	410.00	422.00	405.00	364.00	325.00	341.00	353.00	319.00
																																																																													0.00	0.00	0.00						0.00		0.00	2.00	3.00	6.00	8.00	16.00	20.00	20.00	22.00	37.00	40.00	40.00	48.00	63.00	110.00	95.00	75.00	60.00	49.00	59.00	70.00	94.00	113.00	100.00	98.00	98.00	98.00	97.00	100.00	132.00	146.00	142.00	105.00	100.00	100.00	113.00	129.00	129.00	126.00	134.00	154.00	157.00	157.00	158.00	160.00	166.00	177.00	179.00	180.00	179.00	190.00	198.00	206.00	214.00	219.00	226.00	230.00	235.00	240.00	247.00	250.00	253.00	253.00	252.00	278.00	306.00	302.00	264.00	219.00	217.00	217.00	217.00	201.00	198.00	198.00	197.00	195.00	188.00	190.00	192.00	189.00	186.00	188.00	199.00	217.00	235.00	216.00	218.00	231.00	236.00	234.00	235.00	236.00	243.00	268.00	275.00	273.00	272.00	272.00	272.00	272.00	271.00	268.00	262.00	257.00	255.00	253.00	251.00	247.00	246.00	249.00	257.00	270.00	301.00	316.00	333.00	344.00	373.00	393.00	439.00	500.00	538.00	571.00	566.00	555.00	540.00	514.00	470.00	436.00	413.00	397.00	360.00	356.00	353.00	354.00	401.00	396.00	388.00	383.00	377.00	367.00	362.00	350.00	344.00	322.00	326.00	371.00	379.00	329.00	271.00	261.00	272.00	297.00	366.00	397.00	425.00	441.00	455.00	445.00	419.00	400.00	410.00	422.00	405.00	364.00	325.00	341.00	353.00	319.00
																																																																								0.00	0.00	1.00	1.00	1.00	1.00	1.00	2.00	2.00	1.00	1.00	0.00	1.00	3.00	4.00	5.00	9.00	10.00	12.00	13.00	17.00	19.00	20.00	22.00	38.00	40.00	41.00	53.00	73.00	91.00	90.00	85.00	76.00	61.00	50.00	55.00	64.00	80.00	98.00	98.00	97.00	98.00	98.00	98.00	105.00	112.00	113.00	100.00	109.00	116.00	127.00	129.00	121.00	129.00	139.00	153.00	157.00	160.00	165.00	172.00	178.00	189.00	192.00	192.00	189.00	204.00	213.00	219.00	225.00	230.00	237.00	241.00	246.00	251.00	260.00	265.00	268.00	267.00	271.00	300.00	316.00	324.00	308.00	234.00	219.00	218.00	218.00	205.00	202.00	200.00	198.00	196.00	193.00	197.00	206.00	219.00	213.00	231.00	250.00	278.00	307.00	270.00	260.00	262.00	259.00	262.00	260.00	250.00	259.00	279.00	287.00	285.00	284.00	284.00	282.00	281.00	279.00	277.00	270.00	262.00	259.00	257.00	255.00	251.00	249.00	248.00	252.00	256.00	274.00	284.00	290.00	289.00	318.00	353.00	397.00	469.00	522.00	546.00	546.00	549.00	548.00	471.00	407.00	390.00	386.00	383.00	386.00	387.00	369.00	354.00	387.00	386.00	383.00	381.00	379.00	378.00	376.00	374.00	372.00	322.00	305.00	339.00	356.00	314.00	208.00	198.00	202.00	234.00	295.00	304.00	381.00	414.00	437.00	439.00	425.00	417.00	426.00	400.00	361.00	321.00	299.00	325.00	340.00	322.00
																																																																			0.00	0.00	0.00	0.00	1.00	1.00	2.00	7.00	7.00	7.00	7.00	8.00	9.00	8.00	7.00	4.00	1.00	4.00	14.00	17.00	18.00	17.00	18.00	18.00	18.00	19.00	19.00	20.00	22.00	29.00	35.00	38.00	40.00	51.00	81.00	93.00	90.00	82.00	72.00	55.00	52.00	53.00	56.00	75.00	86.00	94.00	97.00	98.00	98.00	98.00	98.00	98.00	101.00	111.00	119.00	123.00	120.00	135.00	140.00	143.00	151.00	160.00	166.00	173.00	179.00	186.00	199.00	206.00	209.00	209.00	214.00	222.00	229.00	236.00	239.00	245.00	251.00	257.00	262.00	276.00	281.00	286.00	285.00	288.00	300.00	308.00	317.00	316.00	298.00	279.00	258.00	235.00	212.00	209.00	207.00	204.00	201.00	206.00	214.00	224.00	233.00	263.00	314.00	344.00	364.00	386.00	394.00	378.00	339.00	303.00	279.00	278.00	287.00	296.00	301.00	317.00	315.00	312.00	304.00	291.00	287.00	284.00	282.00	277.00	269.00	264.00	260.00	258.00	254.00	252.00	250.00	251.00	254.00	259.00	261.00	270.00	279.00	314.00	334.00	385.00	426.00	463.00	461.00	450.00	433.00	432.00	372.00	360.00	359.00	361.00	365.00	399.00	411.00	385.00	357.00	372.00	376.00	377.00	377.00	377.00	377.00	377.00	374.00	357.00	352.00	298.00	314.00	337.00	315.00	204.00	178.00	184.00	213.00	275.00	269.00	331.00	380.00	418.00	444.00	436.00	427.00	417.00	380.00	343.00	309.00	294.00	298.00	300.00	289.00
																																																																			0.00	0.00	0.00	0.00	1.00	1.00	2.00	7.00	7.00	7.00	7.00	8.00	9.00	8.00	7.00	4.00	1.00	4.00	14.00	17.00	18.00	17.00	18.00	18.00	18.00	19.00	19.00	20.00	22.00	29.00	35.00	38.00	40.00	51.00	81.00	93.00	90.00	82.00	72.00	55.00	52.00	53.00	56.00	75.00	86.00	94.00	97.00	98.00	98.00	98.00	98.00	98.00	101.00	111.00	119.00	123.00	120.00	135.00	140.00	143.00	151.00	160.00	166.00	173.00	179.00	186.00	199.00	206.00	209.00	209.00	214.00	222.00	229.00	236.00	239.00	245.00	251.00	257.00	262.00	276.00	281.00	286.00	285.00	288.00	300.00	308.00	317.00	316.00	298.00	279.00	258.00	235.00	212.00	209.00	207.00	204.00	201.00	206.00	214.00	224.00	233.00	263.00	314.00	344.00	364.00	386.00	394.00	378.00	339.00	303.00	279.00	278.00	287.00	296.00	301.00	317.00	315.00	312.00	304.00	291.00	287.00	284.00	282.00	277.00	269.00	264.00	260.00	258.00	254.00	252.00	250.00	251.00	254.00	259.00	261.00	270.00	279.00	314.00	334.00	385.00	426.00	463.00	461.00	450.00	433.00	432.00	372.00	360.00	359.00	361.00	365.00	399.00	411.00	385.00	357.00	372.00	376.00	377.00	377.00	377.00	377.00	377.00	374.00	357.00	352.00	298.00	314.00	337.00	315.00	204.00	178.00	184.00	213.00	275.00	269.00	331.00	380.00	418.00	444.00	436.00	427.00	417.00	380.00	343.00	309.00	294.00	298.00	300.00	289.00
																																																																			1.00	2.00	4.00	7.00	9.00	11.00	14.00	18.00	18.00	18.00	16.00	15.00	16.00	16.00	16.00	11.00	3.00	8.00	19.00	20.00	22.00	24.00	26.00	27.00	27.00	27.00	26.00	25.00	25.00	29.00	39.00	40.00	42.00	54.00	68.00	69.00	64.00	55.00	48.00	61.00	58.00	56.00	53.00	62.00	78.00	93.00	97.00	98.00	98.00	98.00	98.00	98.00	98.00	107.00	116.00	120.00	127.00	150.00	146.00	146.00	154.00	166.00	175.00	181.00	188.00	195.00	211.00	218.00	222.00	224.00	225.00	228.00	233.00	238.00	243.00	253.00	258.00	266.00	275.00	290.00	297.00	303.00	304.00	305.00	314.00	321.00	326.00	330.00	331.00	334.00	332.00	307.00	227.00	220.00	220.00	217.00	213.00	227.00	244.00	261.00	275.00	315.00	428.00	490.00	542.00	569.00	512.00	469.00	382.00	312.00	285.00	298.00	333.00	349.00	358.00	431.00	426.00	390.00	350.00	299.00	293.00	289.00	286.00	281.00	274.00	269.00	265.00	261.00	256.00	254.00	253.00	255.00	256.00	266.00	271.00	288.00	334.00	396.00	406.00	412.00	404.00	400.00	394.00	386.00	381.00	377.00	360.00	358.00	358.00	358.00	358.00	376.00	377.00	357.00	342.00	360.00	363.00	366.00	368.00	368.00	363.00	350.00	319.00	302.00	276.00	290.00	302.00	314.00	314.00	199.00	159.00	173.00	219.00	236.00	227.00	286.00	332.00	398.00	456.00	443.00	432.00	422.00	386.00	346.00	308.00	292.00	282.00	271.00	262.00
																																										0.00																							0.00	1.00	4.00	8.00	10.00	15.00	17.00	19.00	20.00	24.00	25.00	24.00	22.00	20.00	20.00	20.00	20.00	19.00	10.00	10.00	15.00	19.00	21.00	25.00	29.00	32.00	34.00	38.00	39.00	39.00	39.00	36.00	33.00	34.00	35.00	36.00	39.00	40.00	43.00	52.00	54.00	72.00	71.00	62.00	56.00	57.00	63.00	85.00	97.00	98.00	98.00	100.00	98.00	98.00	101.00	120.00	142.00	137.00	137.00	141.00	139.00	142.00	158.00	176.00	183.00	189.00	196.00	205.00	219.00	225.00	230.00	235.00	240.00	239.00	240.00	244.00	249.00	260.00	269.00	278.00	284.00	300.00	306.00	315.00	319.00	321.00	327.00	330.00	334.00	339.00	339.00	338.00	334.00	326.00	286.00	269.00	259.00	251.00	239.00	247.00	283.00	322.00	376.00	429.00	498.00	519.00	548.00	569.00	482.00	404.00	350.00	371.00	374.00	367.00	397.00	398.00	400.00	471.00	428.00	365.00	330.00	303.00	296.00	293.00	290.00	283.00	276.00	272.00	268.00	264.00	258.00	257.00	258.00	259.00	263.00	299.00	304.00	320.00	354.00	390.00	393.00	388.00	381.00	380.00	377.00	374.00	369.00	365.00	358.00	357.00	357.00	358.00	358.00	360.00	356.00	345.00	338.00	347.00	350.00	354.00	355.00	357.00	356.00	346.00	321.00	299.00	222.00	254.00	290.00	299.00	297.00	195.00	138.00	150.00	212.00	207.00	211.00	284.00	328.00	379.00	410.00	402.00	399.00	394.00	375.00	334.00	299.00	284.00	299.00	337.00	330.00
																																										0.00																							0.00	1.00	4.00	8.00	10.00	15.00	17.00	19.00	20.00	24.00	25.00	24.00	22.00	20.00	20.00	20.00	20.00	19.00	10.00	10.00	15.00	19.00	21.00	25.00	29.00	32.00	34.00	38.00	39.00	39.00	39.00	36.00	33.00	34.00	35.00	36.00	39.00	40.00	43.00	52.00	54.00	72.00	71.00	62.00	56.00	57.00	63.00	85.00	97.00	98.00	98.00	100.00	98.00	98.00	101.00	120.00	142.00	137.00	137.00	141.00	139.00	142.00	158.00	176.00	183.00	189.00	196.00	205.00	219.00	225.00	230.00	235.00	240.00	239.00	240.00	244.00	249.00	260.00	269.00	278.00	284.00	300.00	306.00	315.00	319.00	321.00	327.00	330.00	334.00	339.00	339.00	338.00	334.00	326.00	286.00	269.00	259.00	251.00	239.00	247.00	283.00	322.00	376.00	429.00	498.00	519.00	548.00	569.00	482.00	404.00	350.00	371.00	374.00	367.00	397.00	398.00	400.00	471.00	428.00	365.00	330.00	303.00	296.00	293.00	290.00	283.00	276.00	272.00	268.00	264.00	258.00	257.00	258.00	259.00	263.00	299.00	304.00	320.00	354.00	390.00	393.00	388.00	381.00	380.00	377.00	374.00	369.00	365.00	358.00	357.00	357.00	358.00	358.00	360.00	356.00	345.00	338.00	347.00	350.00	354.00	355.00	357.00	356.00	346.00	321.00	299.00	222.00	254.00	290.00	299.00	297.00	195.00	138.00	150.00	212.00	207.00	211.00	284.00	328.00	379.00	410.00	402.00	399.00	394.00	375.00	334.00	299.00	284.00	299.00	337.00	330.00
																																										0.00																							0.00	1.00	4.00	8.00	10.00	15.00	17.00	19.00	20.00	24.00	25.00	24.00	22.00	20.00	20.00	20.00	20.00	19.00	10.00	10.00	15.00	19.00	21.00	25.00	29.00	32.00	34.00	38.00	39.00	39.00	39.00	36.00	33.00	34.00	35.00	36.00	39.00	40.00	43.00	52.00	54.00	72.00	71.00	62.00	56.00	57.00	63.00	85.00	97.00	98.00	98.00	100.00	98.00	98.00	101.00	120.00	142.00	137.00	137.00	141.00	139.00	142.00	158.00	176.00	183.00	189.00	196.00	205.00	219.00	225.00	230.00	235.00	240.00	239.00	240.00	244.00	249.00	260.00	269.00	278.00	284.00	300.00	306.00	315.00	319.00	321.00	327.00	330.00	334.00	339.00	339.00	338.00	334.00	326.00	286.00	269.00	259.00	251.00	239.00	247.00	283.00	322.00	376.00	429.00	498.00	519.00	548.00	569.00	482.00	404.00	350.00	371.00	374.00	367.00	397.00	398.00	400.00	471.00	428.00	365.00	330.00	303.00	296.00	293.00	290.00	283.00	276.00	272.00	268.00	264.00	258.00	257.00	258.00	259.00	263.00	299.00	304.00	320.00	354.00	390.00	393.00	388.00	381.00	380.00	377.00	374.00	369.00	365.00	358.00	357.00	357.00	358.00	358.00	360.00	356.00	345.00	338.00	347.00	350.00	354.00	355.00	357.00	356.00	346.00	321.00	299.00	222.00	254.00	290.00	299.00	297.00	195.00	138.00	150.00	212.00	207.00	211.00	284.00	328.00	379.00	410.00	402.00	399.00	394.00	375.00	334.00	299.00	284.00	299.00	337.00	330.00
																																							0.00	0.00	0.00	1.00	1.00	1.00	1.00	1.00	0.00																	1.00	3.00	8.00	13.00	16.00	18.00	22.00	23.00	23.00	25.00	29.00	31.00	30.00	28.00	26.00	25.00	26.00	24.00	23.00	18.00	18.00	19.00	19.00	20.00	22.00	25.00	29.00	32.00	39.00	40.00	41.00	42.00	44.00	41.00	39.00	39.00	40.00	52.00	56.00	58.00	63.00	69.00	74.00	73.00	74.00	69.00	65.00	70.00	84.00	89.00	96.00	98.00	98.00	98.00	98.00	113.00	128.00	139.00	126.00	122.00	130.00	136.00	143.00	170.00	191.00	194.00	197.00	204.00	213.00	226.00	232.00	237.00	242.00	250.00	251.00	251.00	253.00	257.00	270.00	278.00	285.00	292.00	306.00	315.00	326.00	330.00	335.00	343.00	343.00	343.00	346.00	350.00	349.00	349.00	345.00	321.00	314.00	302.00	294.00	284.00	279.00	315.00	396.00	471.00	548.00	521.00	498.00	494.00	484.00	386.00	351.00	397.00	466.00	467.00	412.00	390.00	392.00	396.00	367.00	344.00	328.00	317.00	311.00	311.00	303.00	294.00	284.00	277.00	273.00	270.00	266.00	263.00	271.00	276.00	278.00	296.00	389.00	424.00	441.00	399.00	393.00	395.00	395.00	383.00	376.00	370.00	367.00	361.00	359.00	356.00	356.00	357.00	357.00	357.00	342.00	338.00	336.00	334.00	335.00	337.00	340.00	342.00	344.00	344.00	340.00	318.00	284.00	203.00	204.00	223.00	234.00	216.00	116.00	132.00	174.00	231.00	203.00	209.00	315.00	366.00	407.00	390.00	369.00	364.00	363.00	349.00	312.00	283.00	268.00	298.00	344.00	351.00
																																						0.00	0.00	1.00	5.00	13.00	10.00	9.00	9.00	8.00	2.00	0.00	0.00	0.00											0.00	0.00	0.00	4.00	15.00	21.00	24.00	26.00	27.00	28.00	28.00	29.00	30.00	34.00	36.00	37.00	38.00	38.00	37.00	34.00	32.00	30.00	26.00	26.00	25.00	26.00	28.00	30.00	31.00	33.00	35.00	40.00	40.00	42.00	44.00	47.00	50.00	51.00	52.00	54.00	73.00	94.00	96.00	83.00	76.00	78.00	76.00	77.00	86.00	79.00	79.00	83.00	87.00	92.00	99.00	98.00	99.00	104.00	114.00	118.00	118.00	118.00	119.00	131.00	135.00	158.00	219.00	197.00	198.00	202.00	212.00	219.00	232.00	238.00	243.00	247.00	258.00	260.00	260.00	261.00	265.00	277.00	283.00	291.00	297.00	313.00	321.00	340.00	347.00	352.00	356.00	355.00	355.00	356.00	361.00	366.00	368.00	367.00	359.00	354.00	355.00	349.00	329.00	332.00	358.00	393.00	440.00	503.00	429.00	409.00	395.00	378.00	369.00	388.00	444.00	493.00	417.00	395.00	378.00	378.00	381.00	372.00	354.00	339.00	327.00	326.00	368.00	388.00	333.00	282.00	277.00	275.00	273.00	271.00	268.00	273.00	277.00	289.00	323.00	446.00	460.00	448.00	407.00	398.00	394.00	381.00	374.00	370.00	364.00	361.00	358.00	357.00	354.00	353.00	352.00	351.00	350.00	337.00	334.00	331.00	327.00	326.00	328.00	329.00	331.00	333.00	334.00	327.00	311.00	278.00	212.00	132.00	105.00	103.00	103.00	126.00	187.00	211.00	221.00	197.00	226.00	368.00	430.00	448.00	378.00	337.00	329.00	332.00	315.00	287.00	258.00	253.00	291.00	318.00	313.00
																																						0.00	0.00	1.00	5.00	13.00	10.00	9.00	9.00	8.00	2.00	0.00	0.00	0.00											0.00	0.00	0.00	4.00	15.00	21.00	24.00	26.00	27.00	28.00	28.00	29.00	30.00	34.00	36.00	37.00	38.00	38.00	37.00	34.00	32.00	30.00	26.00	26.00	25.00	26.00	28.00	30.00	31.00	33.00	35.00	40.00	40.00	42.00	44.00	47.00	50.00	51.00	52.00	54.00	73.00	94.00	96.00	83.00	76.00	78.00	76.00	77.00	86.00	79.00	79.00	83.00	87.00	92.00	99.00	98.00	99.00	104.00	114.00	118.00	118.00	118.00	119.00	131.00	135.00	158.00	219.00	197.00	198.00	202.00	212.00	219.00	232.00	238.00	243.00	247.00	258.00	260.00	260.00	261.00	265.00	277.00	283.00	291.00	297.00	313.00	321.00	340.00	347.00	352.00	356.00	355.00	355.00	356.00	361.00	366.00	368.00	367.00	359.00	354.00	355.00	349.00	329.00	332.00	358.00	393.00	440.00	503.00	429.00	409.00	395.00	378.00	369.00	388.00	444.00	493.00	417.00	395.00	378.00	378.00	381.00	372.00	354.00	339.00	327.00	326.00	368.00	388.00	333.00	282.00	277.00	275.00	273.00	271.00	268.00	273.00	277.00	289.00	323.00	446.00	460.00	448.00	407.00	398.00	394.00	381.00	374.00	370.00	364.00	361.00	358.00	357.00	354.00	353.00	352.00	351.00	350.00	337.00	334.00	331.00	327.00	326.00	328.00	329.00	331.00	333.00	334.00	327.00	311.00	278.00	212.00	132.00	105.00	103.00	103.00	126.00	187.00	211.00	221.00	197.00	226.00	368.00	430.00	448.00	378.00	337.00	329.00	332.00	315.00	287.00	258.00	253.00	291.00	318.00	313.00
																																				0.00	0.00	2.00	5.00	9.00	15.00	18.00	21.00	21.00	21.00	19.00	12.00	10.00	9.00	7.00	5.00								0.00	0.00	0.00	1.00	1.00	7.00	18.00	26.00	33.00	36.00	35.00	33.00	34.00	34.00	35.00	38.00	39.00	41.00	43.00	43.00	43.00	41.00	39.00	39.00	38.00	37.00	35.00	36.00	37.00	40.00	42.00	44.00	44.00	46.00	46.00	45.00	47.00	50.00	53.00	55.00	57.00	58.00	69.00	77.00	78.00	75.00	71.00	76.00	78.00	76.00	74.00	73.00	75.00	77.00	77.00	81.00	102.00	100.00	106.00	113.00	122.00	123.00	121.00	121.00	126.00	134.00	139.00	159.00	185.00	192.00	197.00	205.00	215.00	221.00	235.00	238.00	242.00	246.00	259.00	264.00	268.00	272.00	275.00	284.00	290.00	297.00	302.00	319.00	330.00	352.00	358.00	360.00	363.00	362.00	363.00	365.00	374.00	379.00	381.00	382.00	387.00	393.00	404.00	401.00	393.00	447.00	483.00	488.00	489.00	422.00	384.00	380.00	386.00	411.00	472.00	451.00	421.00	406.00	393.00	386.00	378.00	378.00	382.00	384.00	367.00	349.00	337.00	342.00	375.00	394.00	349.00	280.00	278.00	278.00	277.00	278.00	283.00	284.00	284.00	295.00	318.00	366.00	372.00	364.00	365.00	385.00	381.00	369.00	366.00	364.00	361.00	358.00	358.00	356.00	351.00	348.00	345.00	343.00	340.00	334.00	330.00	326.00	323.00	317.00	318.00	318.00	320.00	321.00	322.00	318.00	300.00	270.00	203.00	91.00	78.00	76.00	76.00	105.00	144.00	155.00	135.00	179.00	244.00	391.00	431.00	446.00	358.00	306.00	300.00	305.00	282.00	241.00	229.00	250.00	299.00	333.00	316.00
																																				0.00	0.00	2.00	5.00	9.00	15.00	18.00	21.00	21.00	21.00	19.00	12.00	10.00	9.00	7.00	5.00								0.00	0.00	0.00	1.00	1.00	7.00	18.00	26.00	33.00	36.00	35.00	33.00	34.00	34.00	35.00	38.00	39.00	41.00	43.00	43.00	43.00	41.00	39.00	39.00	38.00	37.00	35.00	36.00	37.00	40.00	42.00	44.00	44.00	46.00	46.00	45.00	47.00	50.00	53.00	55.00	57.00	58.00	69.00	77.00	78.00	75.00	71.00	76.00	78.00	76.00	74.00	73.00	75.00	77.00	77.00	81.00	102.00	100.00	106.00	113.00	122.00	123.00	121.00	121.00	126.00	134.00	139.00	159.00	185.00	192.00	197.00	205.00	215.00	221.00	235.00	238.00	242.00	246.00	259.00	264.00	268.00	272.00	275.00	284.00	290.00	297.00	302.00	319.00	330.00	352.00	358.00	360.00	363.00	362.00	363.00	365.00	374.00	379.00	381.00	382.00	387.00	393.00	404.00	401.00	393.00	447.00	483.00	488.00	489.00	422.00	384.00	380.00	386.00	411.00	472.00	451.00	421.00	406.00	393.00	386.00	378.00	378.00	382.00	384.00	367.00	349.00	337.00	342.00	375.00	394.00	349.00	280.00	278.00	278.00	277.00	278.00	283.00	284.00	284.00	295.00	318.00	366.00	372.00	364.00	365.00	385.00	381.00	369.00	366.00	364.00	361.00	358.00	358.00	356.00	351.00	348.00	345.00	343.00	340.00	334.00	330.00	326.00	323.00	317.00	318.00	318.00	320.00	321.00	322.00	318.00	300.00	270.00	203.00	91.00	78.00	76.00	76.00	105.00	144.00	155.00	135.00	179.00	244.00	391.00	431.00	446.00	358.00	306.00	300.00	305.00	282.00	241.00	229.00	250.00	299.00	333.00	316.00
																																	0.00	0.00	1.00	1.00	3.00	9.00	14.00	19.00	22.00	24.00	29.00	30.00	30.00	28.00	24.00	23.00	21.00	20.00	16.00	2.00	0.00		0.00	0.00	2.00	6.00	7.00	8.00	8.00	7.00	9.00	14.00	21.00	29.00	35.00	38.00	38.00	38.00	38.00	38.00	39.00	42.00	44.00	47.00	49.00	50.00	51.00	49.00	48.00	48.00	48.00	46.00	42.00	43.00	45.00	50.00	53.00	55.00	56.00	56.00	56.00	54.00	54.00	55.00	57.00	58.00	60.00	62.00	65.00	67.00	69.00	69.00	69.00	74.00	76.00	78.00	75.00	73.00	73.00	73.00	75.00	92.00	107.00	107.00	112.00	118.00	141.00	164.00	169.00	149.00	136.00	134.00	141.00	149.00	165.00	183.00	195.00	204.00	213.00	219.00	230.00	234.00	238.00	241.00	257.00	262.00	268.00	274.00	279.00	290.00	296.00	301.00	307.00	321.00	333.00	354.00	360.00	363.00	369.00	371.00	373.00	375.00	384.00	392.00	397.00	401.00	399.00	398.00	398.00	398.00	411.00	567.00	591.00	541.00	473.00	406.00	405.00	432.00	475.00	533.00	517.00	471.00	429.00	407.00	394.00	389.00	379.00	378.00	379.00	375.00	362.00	354.00	345.00	431.00	500.00	489.00	425.00	291.00	278.00	282.00	295.00	312.00	312.00	299.00	298.00	306.00	314.00	322.00	326.00	329.00	332.00	346.00	354.00	358.00	359.00	359.00	359.00	358.00	358.00	355.00	349.00	346.00	343.00	340.00	338.00	331.00	328.00	324.00	320.00	311.00	308.00	307.00	306.00	306.00	303.00	293.00	276.00	248.00	182.00	91.00	77.00	73.00	69.00	71.00	79.00	83.00	83.00	188.00	283.00	384.00	410.00	425.00	332.00	273.00	255.00	266.00	217.00	205.00	224.00	256.00	318.00	327.00	309.00
																																	0.00	0.00	1.00	1.00	3.00	9.00	14.00	19.00	22.00	24.00	29.00	30.00	30.00	28.00	24.00	23.00	21.00	20.00	16.00	2.00	0.00		0.00	0.00	2.00	6.00	7.00	8.00	8.00	7.00	9.00	14.00	21.00	29.00	35.00	38.00	38.00	38.00	38.00	38.00	39.00	42.00	44.00	47.00	49.00	50.00	51.00	49.00	48.00	48.00	48.00	46.00	42.00	43.00	45.00	50.00	53.00	55.00	56.00	56.00	56.00	54.00	54.00	55.00	57.00	58.00	60.00	62.00	65.00	67.00	69.00	69.00	69.00	74.00	76.00	78.00	75.00	73.00	73.00	73.00	75.00	92.00	107.00	107.00	112.00	118.00	141.00	164.00	169.00	149.00	136.00	134.00	141.00	149.00	165.00	183.00	195.00	204.00	213.00	219.00	230.00	234.00	238.00	241.00	257.00	262.00	268.00	274.00	279.00	290.00	296.00	301.00	307.00	321.00	333.00	354.00	360.00	363.00	369.00	371.00	373.00	375.00	384.00	392.00	397.00	401.00	399.00	398.00	398.00	398.00	411.00	567.00	591.00	541.00	473.00	406.00	405.00	432.00	475.00	533.00	517.00	471.00	429.00	407.00	394.00	389.00	379.00	378.00	379.00	375.00	362.00	354.00	345.00	431.00	500.00	489.00	425.00	291.00	278.00	282.00	295.00	312.00	312.00	299.00	298.00	306.00	314.00	322.00	326.00	329.00	332.00	346.00	354.00	358.00	359.00	359.00	359.00	358.00	358.00	355.00	349.00	346.00	343.00	340.00	338.00	331.00	328.00	324.00	320.00	311.00	308.00	307.00	306.00	306.00	303.00	293.00	276.00	248.00	182.00	91.00	77.00	73.00	69.00	71.00	79.00	83.00	83.00	188.00	283.00	384.00	410.00	425.00	332.00	273.00	255.00	266.00	217.00	205.00	224.00	256.00	318.00	327.00	309.00
																								0.00	0.00	0.00	1.00	0.00			0.00	0.00	0.00	3.00	5.00	7.00	9.00	15.00	19.00	23.00	26.00	28.00	36.00	38.00	40.00	40.00	34.00	29.00	25.00	22.00	19.00	10.00	7.00	5.00	4.00	3.00	11.00	19.00	23.00	25.00	21.00	18.00	18.00	21.00	28.00	32.00	35.00	38.00	39.00	40.00	41.00	42.00	43.00	49.00	52.00	54.00	56.00	57.00	58.00	58.00	58.00	58.00	59.00	58.00	51.00	53.00	54.00	60.00	64.00	69.00	72.00	70.00	68.00	65.00	65.00	70.00	75.00	75.00	76.00	75.00	71.00	72.00	72.00	71.00	69.00	72.00	75.00	77.00	75.00	73.00	73.00	81.00	94.00	113.00	114.00	133.00	164.00	180.00	160.00	135.00	137.00	139.00	138.00	138.00	144.00	150.00	164.00	181.00	191.00	199.00	206.00	214.00	224.00	228.00	233.00	237.00	252.00	257.00	263.00	272.00	279.00	292.00	299.00	304.00	310.00	323.00	333.00	355.00	363.00	368.00	376.00	380.00	382.00	386.00	398.00	408.00	414.00	411.00	398.00	398.00	398.00	400.00	436.00	536.00	543.00	515.00	516.00	515.00	530.00	556.00	593.00	597.00	507.00	471.00	436.00	415.00	403.00	398.00	388.00	388.00	390.00	389.00	389.00	397.00	424.00	487.00	469.00	441.00	401.00	290.00	292.00	316.00	340.00	354.00	331.00	309.00	298.00	298.00	300.00	351.00	340.00	338.00	339.00	341.00	341.00	347.00	353.00	355.00	357.00	358.00	357.00	354.00	348.00	343.00	339.00	338.00	336.00	328.00	324.00	320.00	315.00	305.00	303.00	299.00	296.00	293.00	278.00	269.00	250.00	222.00	172.00	112.00	87.00	76.00	72.00	63.00	59.00	58.00	68.00	198.00	270.00	354.00	384.00	398.00	298.00	266.00	221.00	202.00	198.00	199.00	218.00	250.00	311.00	260.00	233.00
																								0.00	0.00	0.00	1.00	0.00			0.00	0.00	0.00	3.00	5.00	7.00	9.00	15.00	19.00	23.00	26.00	28.00	36.00	38.00	40.00	40.00	34.00	29.00	25.00	22.00	19.00	10.00	7.00	5.00	4.00	3.00	11.00	19.00	23.00	25.00	21.00	18.00	18.00	21.00	28.00	32.00	35.00	38.00	39.00	40.00	41.00	42.00	43.00	49.00	52.00	54.00	56.00	57.00	58.00	58.00	58.00	58.00	59.00	58.00	51.00	53.00	54.00	60.00	64.00	69.00	72.00	70.00	68.00	65.00	65.00	70.00	75.00	75.00	76.00	75.00	71.00	72.00	72.00	71.00	69.00	72.00	75.00	77.00	75.00	73.00	73.00	81.00	94.00	113.00	114.00	133.00	164.00	180.00	160.00	135.00	137.00	139.00	138.00	138.00	144.00	150.00	164.00	181.00	191.00	199.00	206.00	214.00	224.00	228.00	233.00	237.00	252.00	257.00	263.00	272.00	279.00	292.00	299.00	304.00	310.00	323.00	333.00	355.00	363.00	368.00	376.00	380.00	382.00	386.00	398.00	408.00	414.00	411.00	398.00	398.00	398.00	400.00	436.00	536.00	543.00	515.00	516.00	515.00	530.00	556.00	593.00	597.00	507.00	471.00	436.00	415.00	403.00	398.00	388.00	388.00	390.00	389.00	389.00	397.00	424.00	487.00	469.00	441.00	401.00	290.00	292.00	316.00	340.00	354.00	331.00	309.00	298.00	298.00	300.00	351.00	340.00	338.00	339.00	341.00	341.00	347.00	353.00	355.00	357.00	358.00	357.00	354.00	348.00	343.00	339.00	338.00	336.00	328.00	324.00	320.00	315.00	305.00	303.00	299.00	296.00	293.00	278.00	269.00	250.00	222.00	172.00	112.00	87.00	76.00	72.00	63.00	59.00	58.00	68.00	198.00	270.00	354.00	384.00	398.00	298.00	266.00	221.00	202.00	198.00	199.00	218.00	250.00	311.00	260.00	233.00
																						0.00	0.00	1.00	3.00	4.00	5.00	3.00	1.00	1.00	1.00	4.00	8.00	10.00	12.00	13.00	15.00	20.00	24.00	27.00	31.00	34.00	40.00	42.00	43.00	43.00	40.00	35.00	31.00	28.00	25.00	20.00	18.00	15.00	13.00	11.00	17.00	22.00	27.00	33.00	32.00	27.00	25.00	30.00	34.00	36.00	39.00	42.00	43.00	45.00	47.00	49.00	51.00	57.00	59.00	61.00	63.00	64.00	66.00	67.00	67.00	68.00	69.00	66.00	60.00	59.00	61.00	72.00	78.00	83.00	87.00	92.00	90.00	85.00	84.00	88.00	88.00	87.00	86.00	84.00	81.00	80.00	80.00	78.00	75.00	74.00	77.00	77.00	74.00	73.00	80.00	98.00	112.00	116.00	114.00	198.00	283.00	288.00	157.00	134.00	133.00	133.00	133.00	143.00	150.00	156.00	174.00	182.00	189.00	196.00	200.00	207.00	218.00	223.00	228.00	233.00	246.00	251.00	256.00	263.00	274.00	289.00	299.00	306.00	313.00	334.00	351.00	389.00	393.00	391.00	393.00	396.00	396.00	398.00	404.00	404.00	402.00	400.00	398.00	398.00	398.00	427.00	507.00	556.00	556.00	552.00	552.00	570.00	603.00	628.00	606.00	569.00	478.00	450.00	427.00	418.00	421.00	423.00	402.00	402.00	403.00	407.00	409.00	412.00	418.00	350.00	309.00	288.00	282.00	292.00	313.00	317.00	310.00	296.00	287.00	288.00	297.00	299.00	316.00	357.00	355.00	354.00	354.00	359.00	353.00	351.00	352.00	352.00	355.00	357.00	368.00	372.00	377.00	369.00	352.00	341.00	335.00	325.00	319.00	313.00	307.00	299.00	297.00	292.00	285.00	280.00	267.00	251.00	230.00	207.00	155.00	114.00	97.00	87.00	79.00	75.00	69.00	59.00	63.00	146.00	219.00	296.00	315.00	336.00	282.00	272.00	259.00	231.00	196.00	194.00	202.00	219.00	251.00	200.00	198.00
																					0.00	1.00	2.00	5.00	11.00	10.00	8.00	6.00	5.00	6.00	5.00	10.00	14.00	16.00	17.00	19.00	21.00	26.00	29.00	32.00	36.00	39.00	44.00	45.00	46.00	48.00	45.00	41.00	38.00	35.00	32.00	28.00	27.00	25.00	23.00	19.00	20.00	25.00	30.00	36.00	40.00	39.00	38.00	38.00	38.00	40.00	44.00	47.00	49.00	52.00	54.00	56.00	57.00	64.00	66.00	68.00	71.00	72.00	74.00	75.00	77.00	78.00	80.00	80.00	74.00	74.00	76.00	85.00	89.00	93.00	98.00	106.00	106.00	104.00	103.00	100.00	96.00	95.00	92.00	89.00	84.00	83.00	81.00	80.00	77.00	78.00	90.00	94.00	77.00	79.00	91.00	109.00	124.00	123.00	119.00	175.00	211.00	194.00	135.00	133.00	133.00	133.00	137.00	149.00	154.00	160.00	178.00	182.00	188.00	195.00	199.00	204.00	216.00	220.00	225.00	230.00	248.00	253.00	257.00	264.00	272.00	290.00	299.00	312.00	334.00	406.00	428.00	443.00	436.00	430.00	432.00	439.00	437.00	428.00	416.00	415.00	414.00	409.00	398.00	398.00	398.00	426.00	492.00	544.00	558.00	568.00	573.00	595.00	659.00	632.00	573.00	519.00	440.00	417.00	406.00	402.00	402.00	404.00	402.00	401.00	400.00	393.00	343.00	314.00	293.00	264.00	256.00	253.00	255.00	296.00	325.00	326.00	316.00	328.00	317.00	302.00	300.00	311.00	349.00	359.00	360.00	361.00	358.00	361.00	358.00	367.00	388.00	384.00	379.00	384.00	408.00	411.00	413.00	410.00	401.00	382.00	358.00	337.00	325.00	308.00	299.00	291.00	286.00	281.00	278.00	278.00	262.00	234.00	204.00	170.00	128.00	102.00	92.00	83.00	73.00	74.00	70.00	60.00	53.00	88.00	160.00	243.00	256.00	267.00	251.00	259.00	269.00	248.00	176.00	161.00	168.00	180.00	205.00	193.00	194.00
																					0.00	1.00	2.00	5.00	11.00	10.00	8.00	6.00	5.00	6.00	5.00	10.00	14.00	16.00	17.00	19.00	21.00	26.00	29.00	32.00	36.00	39.00	44.00	45.00	46.00	48.00	45.00	41.00	38.00	35.00	32.00	28.00	27.00	25.00	23.00	19.00	20.00	25.00	30.00	36.00	40.00	39.00	38.00	38.00	38.00	40.00	44.00	47.00	49.00	52.00	54.00	56.00	57.00	64.00	66.00	68.00	71.00	72.00	74.00	75.00	77.00	78.00	80.00	80.00	74.00	74.00	76.00	85.00	89.00	93.00	98.00	106.00	106.00	104.00	103.00	100.00	96.00	95.00	92.00	89.00	84.00	83.00	81.00	80.00	77.00	78.00	90.00	94.00	77.00	79.00	91.00	109.00	124.00	123.00	119.00	175.00	211.00	194.00	135.00	133.00	133.00	133.00	137.00	149.00	154.00	160.00	178.00	182.00	188.00	195.00	199.00	204.00	216.00	220.00	225.00	230.00	248.00	253.00	257.00	264.00	272.00	290.00	299.00	312.00	334.00	406.00	428.00	443.00	436.00	430.00	432.00	439.00	437.00	428.00	416.00	415.00	414.00	409.00	398.00	398.00	398.00	426.00	492.00	544.00	558.00	568.00	573.00	595.00	659.00	632.00	573.00	519.00	440.00	417.00	406.00	402.00	402.00	404.00	402.00	401.00	400.00	393.00	343.00	314.00	293.00	264.00	256.00	253.00	255.00	296.00	325.00	326.00	316.00	328.00	317.00	302.00	300.00	311.00	349.00	359.00	360.00	361.00	358.00	361.00	358.00	367.00	388.00	384.00	379.00	384.00	408.00	411.00	413.00	410.00	401.00	382.00	358.00	337.00	325.00	308.00	299.00	291.00	286.00	281.00	278.00	278.00	262.00	234.00	204.00	170.00	128.00	102.00	92.00	83.00	73.00	74.00	70.00	60.00	53.00	88.00	160.00	243.00	256.00	267.00	251.00	259.00	269.00	248.00	176.00	161.00	168.00	180.00	205.00	193.00	194.00
																				0.00	1.00	3.00	4.00	6.00	9.00	10.00	10.00	10.00	12.00	13.00	13.00	15.00	18.00	20.00	22.00	25.00	27.00	33.00	35.00	37.00	40.00	41.00	47.00	49.00	50.00	52.00	52.00	48.00	45.00	42.00	39.00	37.00	36.00	36.00	35.00	32.00	32.00	34.00	36.00	38.00	41.00	42.00	42.00	44.00	45.00	48.00	51.00	53.00	54.00	58.00	60.00	62.00	64.00	72.00	74.00	76.00	78.00	80.00	85.00	87.00	90.00	93.00	94.00	94.00	92.00	92.00	93.00	101.00	106.00	109.00	114.00	116.00	117.00	117.00	117.00	111.00	104.00	101.00	99.00	95.00	87.00	83.00	80.00	79.00	77.00	79.00	82.00	84.00	75.00	85.00	108.00	129.00	132.00	128.00	121.00	128.00	130.00	130.00	130.00	131.00	134.00	139.00	147.00	160.00	166.00	173.00	183.00	189.00	193.00	196.00	199.00	204.00	215.00	219.00	225.00	233.00	285.00	295.00	304.00	318.00	326.00	347.00	365.00	395.00	437.00	480.00	490.00	485.00	468.00	459.00	483.00	517.00	504.00	476.00	445.00	439.00	429.00	420.00	400.00	398.00	398.00	400.00	435.00	508.00	555.00	578.00	586.00	624.00	621.00	590.00	524.00	456.00	399.00	398.00	397.00	396.00	394.00	393.00	392.00	394.00	397.00	367.00	293.00	261.00	257.00	256.00	257.00	256.00	252.00	302.00	360.00	394.00	438.00	484.00	463.00	403.00	345.00	307.00	310.00	352.00	363.00	367.00	360.00	370.00	365.00	377.00	397.00	409.00	425.00	430.00	434.00	435.00	427.00	422.00	415.00	405.00	390.00	361.00	348.00	333.00	309.00	284.00	279.00	278.00	278.00	285.00	277.00	208.00	137.00	97.00	81.00	66.00	55.00	49.00	46.00	43.00	41.00	39.00	37.00	44.00	62.00	157.00	187.00	202.00	184.00	174.00	166.00	158.00	121.00	116.00	118.00	123.00	139.00	138.00	138.00
																				0.00	1.00	3.00	4.00	6.00	9.00	10.00	10.00	10.00	12.00	13.00	13.00	15.00	18.00	20.00	22.00	25.00	27.00	33.00	35.00	37.00	40.00	41.00	47.00	49.00	50.00	52.00	52.00	48.00	45.00	42.00	39.00	37.00	36.00	36.00	35.00	32.00	32.00	34.00	36.00	38.00	41.00	42.00	42.00	44.00	45.00	48.00	51.00	53.00	54.00	58.00	60.00	62.00	64.00	72.00	74.00	76.00	78.00	80.00	85.00	87.00	90.00	93.00	94.00	94.00	92.00	92.00	93.00	101.00	106.00	109.00	114.00	116.00	117.00	117.00	117.00	111.00	104.00	101.00	99.00	95.00	87.00	83.00	80.00	79.00	77.00	79.00	82.00	84.00	75.00	85.00	108.00	129.00	132.00	128.00	121.00	128.00	130.00	130.00	130.00	131.00	134.00	139.00	147.00	160.00	166.00	173.00	183.00	189.00	193.00	196.00	199.00	204.00	215.00	219.00	225.00	233.00	285.00	295.00	304.00	318.00	326.00	347.00	365.00	395.00	437.00	480.00	490.00	485.00	468.00	459.00	483.00	517.00	504.00	476.00	445.00	439.00	429.00	420.00	400.00	398.00	398.00	400.00	435.00	508.00	555.00	578.00	586.00	624.00	621.00	590.00	524.00	456.00	399.00	398.00	397.00	396.00	394.00	393.00	392.00	394.00	397.00	367.00	293.00	261.00	257.00	256.00	257.00	256.00	252.00	302.00	360.00	394.00	438.00	484.00	463.00	403.00	345.00	307.00	310.00	352.00	363.00	367.00	360.00	370.00	365.00	377.00	397.00	409.00	425.00	430.00	434.00	435.00	427.00	422.00	415.00	405.00	390.00	361.00	348.00	333.00	309.00	284.00	279.00	278.00	278.00	285.00	277.00	208.00	137.00	97.00	81.00	66.00	55.00	49.00	46.00	43.00	41.00	39.00	37.00	44.00	62.00	157.00	187.00	202.00	184.00	174.00	166.00	158.00	121.00	116.00	118.00	123.00	139.00	138.00	138.00
																				0.00	1.00	6.00	9.00	10.00	14.00	16.00	18.00	19.00	19.00	19.00	19.00	19.00	21.00	27.00	29.00	31.00	34.00	39.00	40.00	40.00	43.00	45.00	54.00	56.00	57.00	59.00	59.00	57.00	56.00	54.00	52.00	47.00	46.00	42.00	41.00	40.00	40.00	40.00	40.00	41.00	45.00	47.00	49.00	50.00	55.00	56.00	54.00	55.00	58.00	60.00	62.00	64.00	67.00	72.00	73.00	74.00	74.00	76.00	75.00	75.00	79.00	84.00	97.00	100.00	103.00	105.00	108.00	120.00	125.00	129.00	129.00	126.00	124.00	121.00	120.00	118.00	114.00	108.00	102.00	97.00	89.00	86.00	83.00	82.00	80.00	80.00	83.00	86.00	83.00	127.00	150.00	146.00	137.00	137.00	134.00	131.00	133.00	135.00	139.00	140.00	143.00	150.00	156.00	171.00	183.00	192.00	195.00	198.00	199.00	203.00	207.00	211.00	219.00	223.00	231.00	238.00	323.00	367.00	399.00	411.00	416.00	442.00	481.00	514.00	514.00	520.00	506.00	487.00	484.00	487.00	488.00	472.00	465.00	464.00	465.00	444.00	447.00	441.00	422.00	411.00	430.00	473.00	539.00	605.00	631.00	631.00	612.00	602.00	582.00	538.00	465.00	420.00	397.00	397.00	398.00	396.00	391.00	389.00	385.00	385.00	390.00	421.00	371.00	296.00	263.00	263.00	261.00	258.00	256.00	294.00	376.00	398.00	423.00	465.00	446.00	405.00	365.00	311.00	300.00	312.00	321.00	323.00	334.00	364.00	392.00	410.00	419.00	426.00	441.00	443.00	445.00	441.00	435.00	431.00	424.00	414.00	404.00	362.00	346.00	333.00	321.00	279.00	279.00	279.00	283.00	300.00	256.00	195.00	107.00	61.00	47.00	40.00	37.00	35.00	34.00	34.00	33.00	32.00	32.00	30.00	32.00	59.00	93.00	125.00	132.00	117.00	103.00	90.00	86.00	79.00	87.00	89.00	99.00	100.00	100.00
																				0.00	1.00	6.00	9.00	10.00	14.00	16.00	18.00	19.00	19.00	19.00	19.00	19.00	21.00	27.00	29.00	31.00	34.00	39.00	40.00	40.00	43.00	45.00	54.00	56.00	57.00	59.00	59.00	57.00	56.00	54.00	52.00	47.00	46.00	42.00	41.00	40.00	40.00	40.00	40.00	41.00	45.00	47.00	49.00	50.00	55.00	56.00	54.00	55.00	58.00	60.00	62.00	64.00	67.00	72.00	73.00	74.00	74.00	76.00	75.00	75.00	79.00	84.00	97.00	100.00	103.00	105.00	108.00	120.00	125.00	129.00	129.00	126.00	124.00	121.00	120.00	118.00	114.00	108.00	102.00	97.00	89.00	86.00	83.00	82.00	80.00	80.00	83.00	86.00	83.00	127.00	150.00	146.00	137.00	137.00	134.00	131.00	133.00	135.00	139.00	140.00	143.00	150.00	156.00	171.00	183.00	192.00	195.00	198.00	199.00	203.00	207.00	211.00	219.00	223.00	231.00	238.00	323.00	367.00	399.00	411.00	416.00	442.00	481.00	514.00	514.00	520.00	506.00	487.00	484.00	487.00	488.00	472.00	465.00	464.00	465.00	444.00	447.00	441.00	422.00	411.00	430.00	473.00	539.00	605.00	631.00	631.00	612.00	602.00	582.00	538.00	465.00	420.00	397.00	397.00	398.00	396.00	391.00	389.00	385.00	385.00	390.00	421.00	371.00	296.00	263.00	263.00	261.00	258.00	256.00	294.00	376.00	398.00	423.00	465.00	446.00	405.00	365.00	311.00	300.00	312.00	321.00	323.00	334.00	364.00	392.00	410.00	419.00	426.00	441.00	443.00	445.00	441.00	435.00	431.00	424.00	414.00	404.00	362.00	346.00	333.00	321.00	279.00	279.00	279.00	283.00	300.00	256.00	195.00	107.00	61.00	47.00	40.00	37.00	35.00	34.00	34.00	33.00	32.00	32.00	30.00	32.00	59.00	93.00	125.00	132.00	117.00	103.00	90.00	86.00	79.00	87.00	89.00	99.00	100.00	100.00
																				1.00	3.00	9.00	10.00	14.00	20.00	20.00	21.00	21.00	21.00	21.00	22.00	23.00	28.00	29.00	31.00	34.00	37.00	40.00	40.00	40.00	41.00	43.00	58.00	60.00	60.00	63.00	63.00	61.00	60.00	60.00	59.00	54.00	50.00	47.00	45.00	43.00	42.00	44.00	46.00	47.00	50.00	50.00	50.00	53.00	60.00	63.00	64.00	63.00	61.00	64.00	66.00	67.00	68.00	73.00	75.00	77.00	79.00	80.00	78.00	78.00	79.00	88.00	110.00	117.00	117.00	119.00	125.00	129.00	130.00	132.00	132.00	129.00	127.00	123.00	120.00	120.00	116.00	107.00	102.00	100.00	98.00	95.00	91.00	88.00	85.00	80.00	85.00	96.00	119.00	140.00	142.00	151.00	151.00	147.00	141.00	138.00	137.00	138.00	142.00	146.00	149.00	153.00	157.00	175.00	186.00	197.00	202.00	206.00	208.00	212.00	216.00	219.00	225.00	230.00	235.00	242.00	349.00	399.00	420.00	441.00	458.00	486.00	499.00	504.00	504.00	501.00	501.00	491.00	489.00	482.00	459.00	450.00	444.00	443.00	440.00	439.00	440.00	442.00	450.00	464.00	492.00	554.00	614.00	613.00	592.00	580.00	572.00	571.00	557.00	482.00	407.00	399.00	396.00	395.00	393.00	391.00	385.00	378.00	370.00	368.00	366.00	367.00	332.00	296.00	281.00	279.00	277.00	271.00	268.00	307.00	373.00	397.00	400.00	390.00	354.00	331.00	303.00	301.00	309.00	334.00	340.00	341.00	337.00	381.00	404.00	415.00	424.00	434.00	448.00	455.00	446.00	447.00	501.00	479.00	443.00	432.00	406.00	340.00	320.00	308.00	298.00	279.00	279.00	279.00	283.00	285.00	247.00	208.00	112.00	51.00	35.00	30.00	29.00	29.00	29.00	26.00	26.00	28.00	29.00	29.00	28.00	36.00	50.00	68.00	82.00	75.00	63.00	58.00	51.00	49.00	56.00	62.00	76.00	85.00	88.00
																			0.00	3.00	7.00	10.00	11.00	14.00	19.00	21.00	24.00	25.00	27.00	29.00	29.00	31.00	37.00	34.00	35.00	36.00	37.00	40.00	40.00	40.00	40.00	42.00	60.00	60.00	62.00	66.00	66.00	64.00	64.00	63.00	62.00	60.00	57.00	56.00	53.00	54.00	54.00	51.00	51.00	52.00	57.00	56.00	55.00	53.00	60.00	67.00	70.00	68.00	67.00	69.00	70.00	71.00	71.00	78.00	80.00	82.00	85.00	86.00	89.00	92.00	97.00	104.00	119.00	120.00	121.00	126.00	129.00	132.00	133.00	135.00	132.00	130.00	129.00	127.00	125.00	120.00	109.00	102.00	100.00	101.00	102.00	98.00	94.00	92.00	90.00	97.00	127.00	154.00	150.00	142.00	148.00	156.00	158.00	154.00	146.00	140.00	141.00	143.00	142.00	146.00	150.00	152.00	155.00	176.00	194.00	207.00	212.00	215.00	216.00	219.00	224.00	230.00	236.00	239.00	243.00	252.00	389.00	411.00	439.00	453.00	465.00	499.00	507.00	509.00	509.00	510.00	505.00	492.00	486.00	482.00	473.00	465.00	454.00	448.00	442.00	440.00	444.00	464.00	502.00	553.00	616.00	625.00	602.00	578.00	563.00	553.00	549.00	550.00	519.00	430.00	391.00	386.00	384.00	383.00	381.00	377.00	374.00	370.00	365.00	358.00	352.00	332.00	322.00	311.00	297.00	280.00	277.00	270.00	264.00	297.00	356.00	364.00	362.00	351.00	326.00	305.00	299.00	295.00	302.00	382.00	400.00	407.00	387.00	388.00	404.00	413.00	421.00	431.00	445.00	450.00	453.00	471.00	459.00	413.00	378.00	349.00	332.00	296.00	284.00	278.00	272.00	264.00	261.00	258.00	256.00	251.00	235.00	189.00	91.00	44.00	28.00	22.00	23.00	24.00	24.00	22.00	20.00	22.00	23.00	21.00	20.00	26.00	34.00	39.00	44.00	42.00	41.00	44.00	41.00	42.00	49.00	54.00	61.00	64.00	67.00
																			0.00	3.00	7.00	10.00	11.00	14.00	19.00	21.00	24.00	25.00	27.00	29.00	29.00	31.00	37.00	34.00	35.00	36.00	37.00	40.00	40.00	40.00	40.00	42.00	60.00	60.00	62.00	66.00	66.00	64.00	64.00	63.00	62.00	60.00	57.00	56.00	53.00	54.00	54.00	51.00	51.00	52.00	57.00	56.00	55.00	53.00	60.00	67.00	70.00	68.00	67.00	69.00	70.00	71.00	71.00	78.00	80.00	82.00	85.00	86.00	89.00	92.00	97.00	104.00	119.00	120.00	121.00	126.00	129.00	132.00	133.00	135.00	132.00	130.00	129.00	127.00	125.00	120.00	109.00	102.00	100.00	101.00	102.00	98.00	94.00	92.00	90.00	97.00	127.00	154.00	150.00	142.00	148.00	156.00	158.00	154.00	146.00	140.00	141.00	143.00	142.00	146.00	150.00	152.00	155.00	176.00	194.00	207.00	212.00	215.00	216.00	219.00	224.00	230.00	236.00	239.00	243.00	252.00	389.00	411.00	439.00	453.00	465.00	499.00	507.00	509.00	509.00	510.00	505.00	492.00	486.00	482.00	473.00	465.00	454.00	448.00	442.00	440.00	444.00	464.00	502.00	553.00	616.00	625.00	602.00	578.00	563.00	553.00	549.00	550.00	519.00	430.00	391.00	386.00	384.00	383.00	381.00	377.00	374.00	370.00	365.00	358.00	352.00	332.00	322.00	311.00	297.00	280.00	277.00	270.00	264.00	297.00	356.00	364.00	362.00	351.00	326.00	305.00	299.00	295.00	302.00	382.00	400.00	407.00	387.00	388.00	404.00	413.00	421.00	431.00	445.00	450.00	453.00	471.00	459.00	413.00	378.00	349.00	332.00	296.00	284.00	278.00	272.00	264.00	261.00	258.00	256.00	251.00	235.00	189.00	91.00	44.00	28.00	22.00	23.00	24.00	24.00	22.00	20.00	22.00	23.00	21.00	20.00	26.00	34.00	39.00	44.00	42.00	41.00	44.00	41.00	42.00	49.00	54.00	61.00	64.00	67.00
																				8.00	9.00	10.00	11.00	15.00	20.00	21.00	24.00	26.00	30.00	30.00	34.00	39.00	40.00	40.00	40.00	40.00	40.00	40.00	40.00	40.00	42.00	47.00	53.00	59.00	64.00	69.00	75.00	74.00	70.00	69.00	70.00	72.00	70.00	70.00	70.00	66.00	65.00	63.00	63.00	63.00	64.00	64.00	63.00	62.00	68.00	74.00	77.00	75.00	74.00	72.00	75.00	78.00	80.00	87.00	89.00	90.00	92.00	93.00	98.00	100.00	108.00	116.00	127.00	129.00	130.00	130.00	130.00	139.00	140.00	138.00	134.00	130.00	130.00	129.00	129.00	125.00	114.00	105.00	101.00	105.00	106.00	102.00	101.00	100.00	104.00	161.00	174.00	157.00	141.00	152.00	149.00	161.00	156.00	147.00	154.00	149.00	151.00	154.00	158.00	161.00	160.00	160.00	159.00	171.00	186.00	195.00	206.00	218.00	225.00	234.00	244.00	250.00	260.00	267.00	278.00	301.00	385.00	414.00	442.00	454.00	462.00	502.00	507.00	511.00	510.00	506.00	498.00	491.00	491.00	493.00	493.00	495.00	494.00	483.00	459.00	476.00	509.00	539.00	590.00	606.00	600.00	598.00	591.00	565.00	558.00	543.00	538.00	528.00	441.00	392.00	379.00	372.00	367.00	364.00	360.00	357.00	354.00	351.00	350.00	347.00	339.00	324.00	317.00	308.00	296.00	277.00	268.00	262.00	262.00	335.00	354.00	346.00	340.00	330.00	307.00	297.00	273.00	248.00	251.00	332.00	376.00	380.00	377.00	386.00	396.00	405.00	413.00	418.00	415.00	414.00	415.00	415.00	357.00	319.00	289.00	273.00	262.00	260.00	254.00	250.00	245.00	245.00	240.00	239.00	238.00	233.00	223.00	198.00	107.00	39.00	21.00	16.00	18.00	19.00	19.00	20.00	17.00	17.00	17.00	17.00	16.00	18.00	21.00	27.00	31.00	35.00	38.00	37.00	34.00	41.00	46.00	50.00	52.00	54.00	61.00
																				8.00	9.00	10.00	11.00	15.00	20.00	21.00	24.00	26.00	30.00	30.00	34.00	39.00	40.00	40.00	40.00	40.00	40.00	40.00	40.00	40.00	42.00	47.00	53.00	59.00	64.00	69.00	75.00	74.00	70.00	69.00	70.00	72.00	70.00	70.00	70.00	66.00	65.00	63.00	63.00	63.00	64.00	64.00	63.00	62.00	68.00	74.00	77.00	75.00	74.00	72.00	75.00	78.00	80.00	87.00	89.00	90.00	92.00	93.00	98.00	100.00	108.00	116.00	127.00	129.00	130.00	130.00	130.00	139.00	140.00	138.00	134.00	130.00	130.00	129.00	129.00	125.00	114.00	105.00	101.00	105.00	106.00	102.00	101.00	100.00	104.00	161.00	174.00	157.00	141.00	152.00	149.00	161.00	156.00	147.00	154.00	149.00	151.00	154.00	158.00	161.00	160.00	160.00	159.00	171.00	186.00	195.00	206.00	218.00	225.00	234.00	244.00	250.00	260.00	267.00	278.00	301.00	385.00	414.00	442.00	454.00	462.00	502.00	507.00	511.00	510.00	506.00	498.00	491.00	491.00	493.00	493.00	495.00	494.00	483.00	459.00	476.00	509.00	539.00	590.00	606.00	600.00	598.00	591.00	565.00	558.00	543.00	538.00	528.00	441.00	392.00	379.00	372.00	367.00	364.00	360.00	357.00	354.00	351.00	350.00	347.00	339.00	324.00	317.00	308.00	296.00	277.00	268.00	262.00	262.00	335.00	354.00	346.00	340.00	330.00	307.00	297.00	273.00	248.00	251.00	332.00	376.00	380.00	377.00	386.00	396.00	405.00	413.00	418.00	415.00	414.00	415.00	415.00	357.00	319.00	289.00	273.00	262.00	260.00	254.00	250.00	245.00	245.00	240.00	239.00	238.00	233.00	223.00	198.00	107.00	39.00	21.00	16.00	18.00	19.00	19.00	20.00	17.00	17.00	17.00	17.00	16.00	18.00	21.00	27.00	31.00	35.00	38.00	37.00	34.00	41.00	46.00	50.00	52.00	54.00	61.00
	0.00																			2.00	5.00	10.00	11.00	14.00	20.00	20.00	23.00	28.00	32.00	35.00	39.00	41.00	47.00	42.00	40.00	41.00	45.00	41.00	41.00	44.00	47.00	49.00	56.00	64.00	71.00	76.00	80.00	78.00	77.00	79.00	80.00	81.00	81.00	84.00	83.00	81.00	79.00	76.00	76.00	77.00	74.00	72.00	69.00	67.00	75.00	81.00	83.00	86.00	86.00	84.00	85.00	90.00	91.00	95.00	97.00	98.00	98.00	99.00	101.00	106.00	113.00	122.00	137.00	140.00	132.00	133.00	136.00	143.00	141.00	139.00	137.00	134.00	133.00	134.00	134.00	125.00	114.00	113.00	114.00	117.00	118.00	134.00	154.00	181.00	183.00	191.00	177.00	158.00	145.00	123.00	121.00	122.00	130.00	141.00	148.00	156.00	158.00	159.00	166.00	170.00	179.00	181.00	180.00	176.00	180.00	187.00	202.00	219.00	231.00	244.00	255.00	270.00	291.00	303.00	334.00	384.00	461.00	472.00	462.00	463.00	463.00	502.00	501.00	499.00	498.00	496.00	496.00	498.00	500.00	503.00	508.00	507.00	502.00	499.00	517.00	528.00	576.00	609.00	631.00	610.00	591.00	569.00	545.00	535.00	521.00	510.00	512.00	489.00	406.00	374.00	371.00	376.00	349.00	346.00	343.00	342.00	338.00	336.00	329.00	326.00	322.00	310.00	302.00	296.00	286.00	266.00	259.00	257.00	258.00	337.00	351.00	350.00	341.00	302.00	268.00	259.00	243.00	231.00	227.00	294.00	316.00	318.00	329.00	352.00	366.00	376.00	385.00	389.00	384.00	376.00	358.00	338.00	288.00	274.00	263.00	255.00	245.00	239.00	235.00	233.00	231.00	229.00	218.00	217.00	217.00	214.00	203.00	184.00	114.00	38.00	16.00	12.00	13.00	15.00	15.00	14.00	12.00	13.00	13.00	13.00	13.00	17.00	19.00	21.00	24.00	25.00	27.00	25.00	31.00	37.00	41.00	42.00	42.00	51.00	55.00
7.00	11.00	12.00	8.00	4.00	4.00	4.00			0.00		0.00	0.00	0.00	0.00	0.00					2.00	5.00	9.00	11.00	14.00	20.00	25.00	28.00	32.00	39.00	40.00	40.00	40.00	41.00	41.00	43.00	48.00	50.00	49.00	51.00	52.00	54.00	53.00	59.00	68.00	77.00	80.00	80.00	83.00	86.00	88.00	89.00	93.00	96.00	95.00	92.00	90.00	87.00	90.00	93.00	92.00	87.00	82.00	76.00	73.00	80.00	80.00	82.00	87.00	92.00	99.00	100.00	100.00	100.00	101.00	101.00	100.00	100.00	100.00	105.00	111.00	118.00	130.00	144.00	144.00	140.00	142.00	145.00	150.00	148.00	145.00	144.00	148.00	146.00	148.00	154.00	136.00	121.00	125.00	131.00	140.00	169.00	208.00	234.00	227.00	200.00	142.00	148.00	154.00	152.00	133.00	123.00	125.00	136.00	140.00	141.00	172.00	198.00	234.00	271.00	287.00	305.00	282.00	238.00	194.00	192.00	192.00	204.00	230.00	241.00	251.00	263.00	282.00	326.00	354.00	383.00	412.00	503.00	474.00	457.00	458.00	478.00	500.00	494.00	493.00	493.00	499.00	501.00	505.00	507.00	511.00	530.00	536.00	527.00	511.00	548.00	599.00	651.00	641.00	600.00	605.00	600.00	579.00	558.00	513.00	493.00	475.00	459.00	422.00	394.00	375.00	363.00	346.00	334.00	331.00	328.00	325.00	322.00	321.00	312.00	309.00	309.00	301.00	296.00	285.00	275.00	257.00	250.00	242.00	239.00	304.00	409.00	426.00	396.00	309.00	232.00	225.00	221.00	220.00	218.00	257.00	277.00	295.00	309.00	335.00	345.00	349.00	351.00	353.00	345.00	342.00	322.00	308.00	287.00	277.00	260.00	249.00	240.00	228.00	222.00	218.00	215.00	213.00	202.00	198.00	194.00	187.00	156.00	125.00	74.00	30.00	11.00	10.00	10.00	10.00	10.00	10.00	10.00	10.00	10.00	10.00	11.00	14.00	15.00	16.00	19.00	20.00	20.00	20.00	27.00	31.00	35.00	37.00	38.00	45.00	48.00
7.00	11.00	12.00	8.00	4.00	4.00	4.00			0.00		0.00	0.00	0.00	0.00	0.00					2.00	5.00	9.00	11.00	14.00	20.00	25.00	28.00	32.00	39.00	40.00	40.00	40.00	41.00	41.00	43.00	48.00	50.00	49.00	51.00	52.00	54.00	53.00	59.00	68.00	77.00	80.00	80.00	83.00	86.00	88.00	89.00	93.00	96.00	95.00	92.00	90.00	87.00	90.00	93.00	92.00	87.00	82.00	76.00	73.00	80.00	80.00	82.00	87.00	92.00	99.00	100.00	100.00	100.00	101.00	101.00	100.00	100.00	100.00	105.00	111.00	118.00	130.00	144.00	144.00	140.00	142.00	145.00	150.00	148.00	145.00	144.00	148.00	146.00	148.00	154.00	136.00	121.00	125.00	131.00	140.00	169.00	208.00	234.00	227.00	200.00	142.00	148.00	154.00	152.00	133.00	123.00	125.00	136.00	140.00	141.00	172.00	198.00	234.00	271.00	287.00	305.00	282.00	238.00	194.00	192.00	192.00	204.00	230.00	241.00	251.00	263.00	282.00	326.00	354.00	383.00	412.00	503.00	474.00	457.00	458.00	478.00	500.00	494.00	493.00	493.00	499.00	501.00	505.00	507.00	511.00	530.00	536.00	527.00	511.00	548.00	599.00	651.00	641.00	600.00	605.00	600.00	579.00	558.00	513.00	493.00	475.00	459.00	422.00	394.00	375.00	363.00	346.00	334.00	331.00	328.00	325.00	322.00	321.00	312.00	309.00	309.00	301.00	296.00	285.00	275.00	257.00	250.00	242.00	239.00	304.00	409.00	426.00	396.00	309.00	232.00	225.00	221.00	220.00	218.00	257.00	277.00	295.00	309.00	335.00	345.00	349.00	351.00	353.00	345.00	342.00	322.00	308.00	287.00	277.00	260.00	249.00	240.00	228.00	222.00	218.00	215.00	213.00	202.00	198.00	194.00	187.00	156.00	125.00	74.00	30.00	11.00	10.00	10.00	10.00	10.00	10.00	10.00	10.00	10.00	10.00	11.00	14.00	15.00	16.00	19.00	20.00	20.00	20.00	27.00	31.00	35.00	37.00	38.00	45.00	48.00
19.00	26.00	30.00	31.00	32.00	36.00	37.00	24.00	16.00	17.00	17.00	26.00	38.00	35.00	29.00	28.00	11.00	4.00	1.00	3.00	8.00	8.00	10.00	13.00	18.00	23.00	28.00	31.00	33.00	36.00	36.00	37.00	38.00	40.00	41.00	44.00	48.00	50.00	57.00	59.00	60.00	62.00	61.00	65.00	69.00	72.00	75.00	80.00	82.00	88.00	93.00	98.00	100.00	100.00	100.00	99.00	100.00	97.00	101.00	103.00	103.00	99.00	94.00	86.00	88.00	91.00	93.00	94.00	94.00	97.00	102.00	112.00	106.00	104.00	108.00	104.00	100.00	100.00	103.00	115.00	127.00	138.00	144.00	152.00	149.00	143.00	147.00	151.00	159.00	161.00	161.00	165.00	175.00	182.00	192.00	172.00	156.00	135.00	142.00	150.00	160.00	208.00	218.00	211.00	179.00	148.00	140.00	149.00	155.00	161.00	160.00	145.00	140.00	147.00	157.00	204.00	291.00	343.00	389.00	449.00	449.00	445.00	425.00	376.00	242.00	228.00	247.00	296.00	314.00	316.00	320.00	330.00	314.00	357.00	387.00	421.00	465.00	463.00	456.00	451.00	453.00	458.00	475.00	483.00	491.00	494.00	501.00	503.00	508.00	509.00	510.00	521.00	530.00	530.00	528.00	591.00	602.00	601.00	597.00	612.00	594.00	556.00	540.00	531.00	500.00	482.00	465.00	454.00	407.00	382.00	372.00	356.00	334.00	318.00	319.00	317.00	317.00	313.00	309.00	301.00	300.00	299.00	295.00	286.00	271.00	258.00	243.00	240.00	235.00	230.00	226.00	353.00	360.00	312.00	261.00	219.00	217.00	218.00	217.00	216.00	242.00	265.00	283.00	295.00	317.00	325.00	327.00	326.00	323.00	317.00	312.00	295.00	286.00	271.00	264.00	256.00	247.00	241.00	228.00	213.00	198.00	194.00	193.00	184.00	182.00	176.00	150.00	96.00	69.00	35.00	15.00	10.00	9.00	8.00	8.00	9.00	9.00	9.00	9.00	9.00	9.00	10.00	11.00	11.00	12.00	15.00	17.00	20.00	20.00	24.00	27.00	30.00	30.00	32.00	41.00	43.00
24.00	30.00	32.00	38.00	40.00	39.00	39.00	39.00	39.00	41.00	47.00	61.00	61.00	56.00	48.00	43.00	38.00	33.00	28.00	26.00	14.00	15.00	17.00	20.00	23.00	29.00	30.00	30.00	32.00	37.00	39.00	42.00	44.00	45.00	47.00	48.00	50.00	55.00	60.00	60.00	61.00	65.00	71.00	74.00	76.00	77.00	79.00	80.00	84.00	89.00	94.00	99.00	105.00	106.00	107.00	102.00	105.00	108.00	113.00	116.00	115.00	110.00	109.00	105.00	100.00	100.00	101.00	101.00	101.00	101.00	109.00	119.00	115.00	114.00	111.00	103.00	102.00	106.00	110.00	126.00	142.00	148.00	154.00	159.00	156.00	149.00	154.00	159.00	169.00	172.00	175.00	182.00	198.00	199.00	209.00	206.00	152.00	155.00	160.00	168.00	172.00	180.00	163.00	145.00	152.00	151.00	152.00	170.00	225.00	250.00	230.00	209.00	201.00	208.00	243.00	395.00	451.00	458.00	482.00	502.00	504.00	503.00	505.00	500.00	419.00	400.00	432.00	498.00	527.00	528.00	516.00	484.00	439.00	450.00	481.00	495.00	494.00	461.00	453.00	446.00	453.00	463.00	481.00	485.00	492.00	496.00	507.00	511.00	514.00	518.00	520.00	533.00	540.00	552.00	573.00	596.00	597.00	593.00	587.00	578.00	560.00	535.00	512.00	497.00	469.00	459.00	449.00	433.00	400.00	373.00	370.00	369.00	358.00	312.00	303.00	302.00	302.00	300.00	297.00	290.00	289.00	285.00	275.00	267.00	256.00	245.00	234.00	231.00	229.00	225.00	220.00	270.00	230.00	216.00	215.00	214.00	215.00	216.00	213.00	217.00	241.00	248.00	265.00	278.00	296.00	304.00	304.00	301.00	299.00	297.00	293.00	269.00	262.00	250.00	246.00	238.00	231.00	225.00	203.00	188.00	176.00	165.00	131.00	100.00	88.00	92.00	102.00	34.00	17.00	13.00	11.00	10.00	9.00	8.00	7.00	8.00	9.00	9.00	8.00	8.00	8.00	9.00	9.00	10.00	10.00	9.00	11.00	19.00	20.00	18.00	21.00	27.00	24.00	30.00	39.00	42.00
24.00	30.00	32.00	38.00	40.00	39.00	39.00	39.00	39.00	41.00	47.00	61.00	61.00	56.00	48.00	43.00	38.00	33.00	28.00	26.00	14.00	15.00	17.00	20.00	23.00	29.00	30.00	30.00	32.00	37.00	39.00	42.00	44.00	45.00	47.00	48.00	50.00	55.00	60.00	60.00	61.00	65.00	71.00	74.00	76.00	77.00	79.00	80.00	84.00	89.00	94.00	99.00	105.00	106.00	107.00	102.00	105.00	108.00	113.00	116.00	115.00	110.00	109.00	105.00	100.00	100.00	101.00	101.00	101.00	101.00	109.00	119.00	115.00	114.00	111.00	103.00	102.00	106.00	110.00	126.00	142.00	148.00	154.00	159.00	156.00	149.00	154.00	159.00	169.00	172.00	175.00	182.00	198.00	199.00	209.00	206.00	152.00	155.00	160.00	168.00	172.00	180.00	163.00	145.00	152.00	151.00	152.00	170.00	225.00	250.00	230.00	209.00	201.00	208.00	243.00	395.00	451.00	458.00	482.00	502.00	504.00	503.00	505.00	500.00	419.00	400.00	432.00	498.00	527.00	528.00	516.00	484.00	439.00	450.00	481.00	495.00	494.00	461.00	453.00	446.00	453.00	463.00	481.00	485.00	492.00	496.00	507.00	511.00	514.00	518.00	520.00	533.00	540.00	552.00	573.00	596.00	597.00	593.00	587.00	578.00	560.00	535.00	512.00	497.00	469.00	459.00	449.00	433.00	400.00	373.00	370.00	369.00	358.00	312.00	303.00	302.00	302.00	300.00	297.00	290.00	289.00	285.00	275.00	267.00	256.00	245.00	234.00	231.00	229.00	225.00	220.00	270.00	230.00	216.00	215.00	214.00	215.00	216.00	213.00	217.00	241.00	248.00	265.00	278.00	296.00	304.00	304.00	301.00	299.00	297.00	293.00	269.00	262.00	250.00	246.00	238.00	231.00	225.00	203.00	188.00	176.00	165.00	131.00	100.00	88.00	92.00	102.00	34.00	17.00	13.00	11.00	10.00	9.00	8.00	7.00	8.00	9.00	9.00	8.00	8.00	8.00	9.00	9.00	10.00	10.00	9.00	11.00	19.00	20.00	18.00	21.00	27.00	24.00	30.00	39.00	42.00
30.00	32.00	33.00	33.00	33.00	35.00	37.00	43.00	47.00	50.00	51.00	44.00	44.00	42.00	38.00	36.00	31.00	31.00	30.00	26.00	15.00	15.00	18.00	19.00	21.00	30.00	33.00	37.00	38.00	43.00	47.00	50.00	50.00	50.00	51.00	54.00	56.00	56.00	59.00	62.00	65.00	71.00	76.00	82.00	83.00	83.00	84.00	89.00	96.00	102.00	103.00	106.00	114.00	116.00	116.00	117.00	117.00	119.00	122.00	123.00	124.00	123.00	122.00	120.00	109.00	110.00	114.00	114.00	114.00	110.00	112.00	118.00	120.00	120.00	118.00	112.00	109.00	113.00	117.00	142.00	151.00	156.00	159.00	165.00	162.00	156.00	169.00	172.00	182.00	186.00	191.00	197.00	208.00	203.00	209.00	207.00	160.00	185.00	199.00	200.00	195.00	157.00	145.00	147.00	156.00	149.00	159.00	205.00	302.00	352.00	384.00	380.00	393.00	409.00	437.00	468.00	457.00	466.00	498.00	524.00	526.00	529.00	533.00	537.00	531.00	528.00	542.00	581.00	581.00	578.00	571.00	561.00	545.00	522.00	516.00	510.00	491.00	437.00	441.00	453.00	460.00	465.00	485.00	490.00	492.00	493.00	508.00	513.00	523.00	529.00	531.00	555.00	562.00	574.00	582.00	592.00	596.00	594.00	589.00	568.00	555.00	532.00	511.00	492.00	460.00	444.00	429.00	416.00	394.00	370.00	365.00	359.00	353.00	326.00	311.00	300.00	294.00	288.00	284.00	280.00	278.00	272.00	261.00	254.00	242.00	237.00	230.00	226.00	222.00	219.00	212.00	212.00	210.00	210.00	211.00	214.00	214.00	212.00	211.00	213.00	240.00	240.00	252.00	264.00	281.00	287.00	288.00	284.00	282.00	277.00	274.00	259.00	243.00	229.00	226.00	220.00	210.00	200.00	177.00	170.00	164.00	155.00	76.00	54.00	35.00	26.00	21.00	11.00	10.00	10.00	10.00	9.00	8.00	7.00	7.00	8.00	8.00	8.00	8.00	7.00	8.00	9.00	9.00	9.00	8.00	9.00	12.00	17.00	13.00	18.00	20.00	20.00	21.00	32.00	38.00	40.00
30.00	32.00	33.00	33.00	33.00	35.00	37.00	43.00	47.00	50.00	51.00	44.00	44.00	42.00	38.00	36.00	31.00	31.00	30.00	26.00	15.00	15.00	18.00	19.00	21.00	30.00	33.00	37.00	38.00	43.00	47.00	50.00	50.00	50.00	51.00	54.00	56.00	56.00	59.00	62.00	65.00	71.00	76.00	82.00	83.00	83.00	84.00	89.00	96.00	102.00	103.00	106.00	114.00	116.00	116.00	117.00	117.00	119.00	122.00	123.00	124.00	123.00	122.00	120.00	109.00	110.00	114.00	114.00	114.00	110.00	112.00	118.00	120.00	120.00	118.00	112.00	109.00	113.00	117.00	142.00	151.00	156.00	159.00	165.00	162.00	156.00	169.00	172.00	182.00	186.00	191.00	197.00	208.00	203.00	209.00	207.00	160.00	185.00	199.00	200.00	195.00	157.00	145.00	147.00	156.00	149.00	159.00	205.00	302.00	352.00	384.00	380.00	393.00	409.00	437.00	468.00	457.00	466.00	498.00	524.00	526.00	529.00	533.00	537.00	531.00	528.00	542.00	581.00	581.00	578.00	571.00	561.00	545.00	522.00	516.00	510.00	491.00	437.00	441.00	453.00	460.00	465.00	485.00	490.00	492.00	493.00	508.00	513.00	523.00	529.00	531.00	555.00	562.00	574.00	582.00	592.00	596.00	594.00	589.00	568.00	555.00	532.00	511.00	492.00	460.00	444.00	429.00	416.00	394.00	370.00	365.00	359.00	353.00	326.00	311.00	300.00	294.00	288.00	284.00	280.00	278.00	272.00	261.00	254.00	242.00	237.00	230.00	226.00	222.00	219.00	212.00	212.00	210.00	210.00	211.00	214.00	214.00	212.00	211.00	213.00	240.00	240.00	252.00	264.00	281.00	287.00	288.00	284.00	282.00	277.00	274.00	259.00	243.00	229.00	226.00	220.00	210.00	200.00	177.00	170.00	164.00	155.00	76.00	54.00	35.00	26.00	21.00	11.00	10.00	10.00	10.00	9.00	8.00	7.00	7.00	8.00	8.00	8.00	8.00	7.00	8.00	9.00	9.00	9.00	8.00	9.00	12.00	17.00	13.00	18.00	20.00	20.00	21.00	32.00	38.00	40.00
30.00	30.00	30.00	30.00	33.00	36.00	39.00	43.00	44.00	43.00	40.00	38.00	36.00	33.00	31.00	29.00	29.00	26.00	18.00	12.00	10.00	10.00	10.00	15.00	20.00	30.00	33.00	38.00	41.00	50.00	50.00	50.00	50.00	50.00	55.00	60.00	62.00	64.00	71.00	73.00	73.00	74.00	77.00	90.00	92.00	94.00	97.00	111.00	115.00	117.00	117.00	118.00	121.00	123.00	126.00	128.00	128.00	128.00	131.00	133.00	134.00	132.00	128.00	124.00	120.00	120.00	122.00	127.00	123.00	118.00	111.00	117.00	120.00	120.00	121.00	118.00	117.00	120.00	124.00	152.00	163.00	171.00	176.00	194.00	168.00	170.00	182.00	185.00	194.00	198.00	203.00	208.00	221.00	219.00	204.00	200.00	183.00	232.00	208.00	193.00	178.00	166.00	173.00	177.00	184.00	193.00	173.00	205.00	292.00	351.00	416.00	432.00	449.00	465.00	479.00	497.00	504.00	508.00	514.00	522.00	528.00	535.00	539.00	543.00	557.00	567.00	581.00	599.00	600.00	599.00	591.00	587.00	589.00	535.00	516.00	493.00	471.00	432.00	442.00	452.00	457.00	463.00	482.00	489.00	493.00	491.00	495.00	503.00	519.00	528.00	533.00	562.00	572.00	580.00	585.00	602.00	609.00	603.00	594.00	560.00	540.00	515.00	495.00	478.00	457.00	440.00	423.00	410.00	384.00	367.00	358.00	350.00	338.00	316.00	306.00	301.00	297.00	281.00	276.00	270.00	266.00	260.00	251.00	244.00	235.00	230.00	231.00	242.00	260.00	236.00	210.00	210.00	210.00	211.00	212.00	212.00	211.00	211.00	210.00	210.00	240.00	240.00	244.00	254.00	261.00	264.00	264.00	262.00	263.00	257.00	251.00	240.00	231.00	215.00	211.00	203.00	190.00	176.00	169.00	160.00	126.00	90.00	48.00	29.00	16.00	10.00	9.00	9.00	8.00	8.00	8.00	8.00	7.00	6.00	6.00	7.00	7.00	7.00	8.00	8.00	8.00	8.00	8.00	7.00	8.00	14.00	17.00	12.00	11.00	21.00	23.00	24.00	27.00	31.00	36.00	38.00
30.00	30.00	30.00	30.00	33.00	36.00	39.00	43.00	44.00	43.00	40.00	38.00	36.00	33.00	31.00	29.00	29.00	26.00	18.00	12.00	10.00	10.00	10.00	15.00	20.00	30.00	33.00	38.00	41.00	50.00	50.00	50.00	50.00	50.00	55.00	60.00	62.00	64.00	71.00	73.00	73.00	74.00	77.00	90.00	92.00	94.00	97.00	111.00	115.00	117.00	117.00	118.00	121.00	123.00	126.00	128.00	128.00	128.00	131.00	133.00	134.00	132.00	128.00	124.00	120.00	120.00	122.00	127.00	123.00	118.00	111.00	117.00	120.00	120.00	121.00	118.00	117.00	120.00	124.00	152.00	163.00	171.00	176.00	194.00	168.00	170.00	182.00	185.00	194.00	198.00	203.00	208.00	221.00	219.00	204.00	200.00	183.00	232.00	208.00	193.00	178.00	166.00	173.00	177.00	184.00	193.00	173.00	205.00	292.00	351.00	416.00	432.00	449.00	465.00	479.00	497.00	504.00	508.00	514.00	522.00	528.00	535.00	539.00	543.00	557.00	567.00	581.00	599.00	600.00	599.00	591.00	587.00	589.00	535.00	516.00	493.00	471.00	432.00	442.00	452.00	457.00	463.00	482.00	489.00	493.00	491.00	495.00	503.00	519.00	528.00	533.00	562.00	572.00	580.00	585.00	602.00	609.00	603.00	594.00	560.00	540.00	515.00	495.00	478.00	457.00	440.00	423.00	410.00	384.00	367.00	358.00	350.00	338.00	316.00	306.00	301.00	297.00	281.00	276.00	270.00	266.00	260.00	251.00	244.00	235.00	230.00	231.00	242.00	260.00	236.00	210.00	210.00	210.00	211.00	212.00	212.00	211.00	211.00	210.00	210.00	240.00	240.00	244.00	254.00	261.00	264.00	264.00	262.00	263.00	257.00	251.00	240.00	231.00	215.00	211.00	203.00	190.00	176.00	169.00	160.00	126.00	90.00	48.00	29.00	16.00	10.00	9.00	9.00	8.00	8.00	8.00	8.00	7.00	6.00	6.00	7.00	7.00	7.00	8.00	8.00	8.00	8.00	8.00	7.00	8.00	14.00	17.00	12.00	11.00	21.00	23.00	24.00	27.00	31.00	36.00	38.00
29.00	23.00	23.00	22.00	24.00	28.00	32.00	35.00	36.00	35.00	33.00	29.00	27.00	25.00	23.00	21.00	15.00	12.00	10.00	10.00	10.00	10.00	11.00	18.00	23.00	32.00	37.00	40.00	44.00	53.00	54.00	51.00	50.00	50.00	58.00	62.00	71.00	78.00	84.00	85.00	85.00	85.00	89.00	106.00	108.00	109.00	112.00	128.00	129.00	130.00	130.00	135.00	138.00	137.00	139.00	140.00	139.00	139.00	139.00	140.00	140.00	140.00	137.00	132.00	128.00	126.00	130.00	130.00	123.00	120.00	113.00	115.00	118.00	120.00	129.00	124.00	125.00	130.00	137.00	161.00	178.00	189.00	194.00	203.00	186.00	189.00	193.00	196.00	201.00	206.00	213.00	219.00	232.00	241.00	248.00	234.00	248.00	209.00	184.00	164.00	192.00	288.00	327.00	341.00	345.00	356.00	261.00	237.00	272.00	354.00	443.00	456.00	463.00	472.00	481.00	495.00	503.00	507.00	513.00	520.00	524.00	530.00	537.00	541.00	549.00	556.00	570.00	588.00	588.00	579.00	557.00	551.00	553.00	524.00	502.00	463.00	449.00	426.00	435.00	435.00	444.00	461.00	473.00	477.00	480.00	485.00	497.00	504.00	526.00	534.00	545.00	560.00	566.00	573.00	579.00	591.00	590.00	586.00	581.00	544.00	523.00	504.00	489.00	475.00	448.00	430.00	415.00	403.00	383.00	368.00	356.00	345.00	330.00	308.00	299.00	291.00	283.00	275.00	270.00	262.00	255.00	246.00	238.00	237.00	234.00	231.00	230.00	237.00	240.00	222.00	210.00	210.00	210.00	210.00	210.00	210.00	209.00	207.00	207.00	208.00	240.00	240.00	242.00	244.00	241.00	239.00	237.00	235.00	239.00	233.00	227.00	215.00	211.00	198.00	190.00	180.00	161.00	129.00	109.00	89.00	69.00	60.00	20.00	13.00	10.00	9.00	9.00	8.00	7.00	7.00	7.00	6.00	5.00	5.00	6.00	6.00	6.00	7.00	7.00	7.00	8.00	8.00	6.00	7.00	9.00	14.00	10.00	13.00	17.00	27.00	29.00	29.00	29.00	29.00	32.00	36.00
29.00	23.00	23.00	22.00	24.00	28.00	32.00	35.00	36.00	35.00	33.00	29.00	27.00	25.00	23.00	21.00	15.00	12.00	10.00	10.00	10.00	10.00	11.00	18.00	23.00	32.00	37.00	40.00	44.00	53.00	54.00	51.00	50.00	50.00	58.00	62.00	71.00	78.00	84.00	85.00	85.00	85.00	89.00	106.00	108.00	109.00	112.00	128.00	129.00	130.00	130.00	135.00	138.00	137.00	139.00	140.00	139.00	139.00	139.00	140.00	140.00	140.00	137.00	132.00	128.00	126.00	130.00	130.00	123.00	120.00	113.00	115.00	118.00	120.00	129.00	124.00	125.00	130.00	137.00	161.00	178.00	189.00	194.00	203.00	186.00	189.00	193.00	196.00	201.00	206.00	213.00	219.00	232.00	241.00	248.00	234.00	248.00	209.00	184.00	164.00	192.00	288.00	327.00	341.00	345.00	356.00	261.00	237.00	272.00	354.00	443.00	456.00	463.00	472.00	481.00	495.00	503.00	507.00	513.00	520.00	524.00	530.00	537.00	541.00	549.00	556.00	570.00	588.00	588.00	579.00	557.00	551.00	553.00	524.00	502.00	463.00	449.00	426.00	435.00	435.00	444.00	461.00	473.00	477.00	480.00	485.00	497.00	504.00	526.00	534.00	545.00	560.00	566.00	573.00	579.00	591.00	590.00	586.00	581.00	544.00	523.00	504.00	489.00	475.00	448.00	430.00	415.00	403.00	383.00	368.00	356.00	345.00	330.00	308.00	299.00	291.00	283.00	275.00	270.00	262.00	255.00	246.00	238.00	237.00	234.00	231.00	230.00	237.00	240.00	222.00	210.00	210.00	210.00	210.00	210.00	210.00	209.00	207.00	207.00	208.00	240.00	240.00	242.00	244.00	241.00	239.00	237.00	235.00	239.00	233.00	227.00	215.00	211.00	198.00	190.00	180.00	161.00	129.00	109.00	89.00	69.00	60.00	20.00	13.00	10.00	9.00	9.00	8.00	7.00	7.00	7.00	6.00	5.00	5.00	6.00	6.00	6.00	7.00	7.00	7.00	8.00	8.00	6.00	7.00	9.00	14.00	10.00	13.00	17.00	27.00	29.00	29.00	29.00	29.00	32.00	36.00
20.00	20.00	20.00	20.00	23.00	26.00	28.00	30.00	30.00	30.00	27.00	18.00	16.00	14.00	14.00	13.00	10.00	10.00	10.00	10.00	10.00	10.00	13.00	18.00	21.00	32.00	38.00	43.00	49.00	52.00	51.00	49.00	49.00	52.00	60.00	62.00	68.00	75.00	91.00	99.00	103.00	109.00	116.00	132.00	135.00	136.00	137.00	151.00	154.00	152.00	154.00	158.00	158.00	152.00	153.00	152.00	148.00	147.00	145.00	143.00	144.00	140.00	140.00	139.00	139.00	140.00	138.00	131.00	123.00	121.00	116.00	116.00	118.00	120.00	135.00	140.00	146.00	150.00	163.00	184.00	187.00	191.00	195.00	200.00	200.00	200.00	200.00	200.00	206.00	214.00	222.00	230.00	246.00	282.00	313.00	312.00	258.00	169.00	153.00	150.00	161.00	286.00	338.00	375.00	386.00	391.00	385.00	375.00	391.00	415.00	441.00	449.00	457.00	464.00	470.00	482.00	500.00	509.00	517.00	526.00	531.00	536.00	541.00	548.00	555.00	555.00	552.00	551.00	549.00	529.00	508.00	503.00	503.00	518.00	509.00	463.00	443.00	419.00	424.00	420.00	421.00	446.00	467.00	471.00	475.00	479.00	503.00	512.00	527.00	531.00	532.00	542.00	551.00	557.00	562.00	564.00	565.00	564.00	561.00	528.00	508.00	492.00	477.00	460.00	432.00	418.00	402.00	391.00	367.00	352.00	350.00	346.00	331.00	306.00	295.00	288.00	281.00	267.00	261.00	251.00	243.00	236.00	230.00	230.00	231.00	232.00	230.00	227.00	223.00	220.00	216.00	215.00	213.00	212.00	210.00	206.00	202.00	201.00	200.00	199.00	210.00	222.00	233.00	233.00	216.00	210.00	204.00	205.00	208.00	206.00	204.00	198.00	189.00	164.00	144.00	112.00	90.00	85.00	71.00	64.00	61.00	56.00	11.00	9.00	9.00	8.00	8.00	6.00	5.00	5.00	5.00	4.00	5.00	5.00	5.00	5.00	5.00	5.00	5.00	5.00	6.00	5.00	7.00	9.00	13.00	13.00	16.00	20.00	25.00	27.00	27.00	27.00	28.00	25.00	28.00	32.00
20.00	20.00	20.00	20.00	20.00	20.00	25.00	26.00	22.00	15.00	8.00	2.00	7.00	9.00	10.00	10.00	11.00	11.00	10.00	10.00	10.00	10.00	10.00	13.00	18.00	29.00	36.00	39.00	40.00	41.00	41.00	49.00	55.00	65.00	70.00	73.00	79.00	88.00	105.00	114.00	123.00	131.00	137.00	150.00	157.00	160.00	165.00	175.00	178.00	176.00	173.00	173.00	177.00	176.00	171.00	170.00	163.00	165.00	168.00	166.00	158.00	159.00	153.00	148.00	148.00	143.00	141.00	138.00	137.00	138.00	118.00	118.00	119.00	121.00	166.00	175.00	182.00	200.00	204.00	199.00	203.00	204.00	200.00	200.00	200.00	200.00	200.00	201.00	212.00	226.00	236.00	248.00	297.00	333.00	320.00	260.00	171.00	149.00	146.00	147.00	150.00	223.00	299.00	367.00	385.00	392.00	407.00	414.00	420.00	426.00	437.00	441.00	449.00	455.00	460.00	471.00	497.00	503.00	511.00	522.00	524.00	528.00	535.00	542.00	553.00	555.00	554.00	542.00	519.00	511.00	499.00	471.00	466.00	480.00	473.00	453.00	445.00	416.00	415.00	415.00	416.00	420.00	460.00	462.00	467.00	474.00	507.00	516.00	516.00	516.00	515.00	524.00	529.00	532.00	538.00	541.00	541.00	540.00	536.00	506.00	486.00	469.00	455.00	443.00	422.00	409.00	396.00	380.00	350.00	337.00	333.00	324.00	315.00	297.00	289.00	282.00	282.00	315.00	310.00	330.00	329.00	281.00	232.00	230.00	230.00	229.00	224.00	222.00	220.00	220.00	220.00	221.00	239.00	245.00	234.00	220.00	220.00	214.00	200.00	198.00	193.00	205.00	220.00	224.00	189.00	181.00	180.00	182.00	184.00	172.00	169.00	165.00	144.00	112.00	99.00	86.00	77.00	71.00	48.00	31.00	19.00	12.00	9.00	8.00	8.00	7.00	6.00	5.00	5.00	4.00	3.00	4.00	4.00	4.00	4.00	4.00	5.00	5.00	5.00	5.00	5.00	5.00	9.00	10.00	17.00	20.00	20.00	21.00	24.00	21.00	21.00	20.00	20.00	21.00	25.00	27.00
20.00	20.00	20.00	20.00	20.00	20.00	25.00	26.00	22.00	15.00	8.00	2.00	7.00	9.00	10.00	10.00	11.00	11.00	10.00	10.00	10.00	10.00	10.00	13.00	18.00	29.00	36.00	39.00	40.00	41.00	41.00	49.00	55.00	65.00	70.00	73.00	79.00	88.00	105.00	114.00	123.00	131.00	137.00	150.00	157.00	160.00	165.00	175.00	178.00	176.00	173.00	173.00	177.00	176.00	171.00	170.00	163.00	165.00	168.00	166.00	158.00	159.00	153.00	148.00	148.00	143.00	141.00	138.00	137.00	138.00	118.00	118.00	119.00	121.00	166.00	175.00	182.00	200.00	204.00	199.00	203.00	204.00	200.00	200.00	200.00	200.00	200.00	201.00	212.00	226.00	236.00	248.00	297.00	333.00	320.00	260.00	171.00	149.00	146.00	147.00	150.00	223.00	299.00	367.00	385.00	392.00	407.00	414.00	420.00	426.00	437.00	441.00	449.00	455.00	460.00	471.00	497.00	503.00	511.00	522.00	524.00	528.00	535.00	542.00	553.00	555.00	554.00	542.00	519.00	511.00	499.00	471.00	466.00	480.00	473.00	453.00	445.00	416.00	415.00	415.00	416.00	420.00	460.00	462.00	467.00	474.00	507.00	516.00	516.00	516.00	515.00	524.00	529.00	532.00	538.00	541.00	541.00	540.00	536.00	506.00	486.00	469.00	455.00	443.00	422.00	409.00	396.00	380.00	350.00	337.00	333.00	324.00	315.00	297.00	289.00	282.00	282.00	315.00	310.00	330.00	329.00	281.00	232.00	230.00	230.00	229.00	224.00	222.00	220.00	220.00	220.00	221.00	239.00	245.00	234.00	220.00	220.00	214.00	200.00	198.00	193.00	205.00	220.00	224.00	189.00	181.00	180.00	182.00	184.00	172.00	169.00	165.00	144.00	112.00	99.00	86.00	77.00	71.00	48.00	31.00	19.00	12.00	9.00	8.00	8.00	7.00	6.00	5.00	5.00	4.00	3.00	4.00	4.00	4.00	4.00	4.00	5.00	5.00	5.00	5.00	5.00	5.00	9.00	10.00	17.00	20.00	20.00	21.00	24.00	21.00	21.00	20.00	20.00	21.00	25.00	27.00
20.00	20.00	20.00	20.00	20.00	20.00	20.00	13.00	10.00	5.00	3.00	8.00	10.00	10.00	11.00	12.00	13.00	14.00	12.00	11.00	11.00	11.00	11.00	13.00	17.00	27.00	32.00	38.00	43.00	40.00	46.00	55.00	61.00	79.00	82.00	88.00	94.00	105.00	123.00	129.00	137.00	143.00	151.00	167.00	172.00	180.00	185.00	194.00	194.00	191.00	189.00	189.00	191.00	190.00	184.00	178.00	170.00	171.00	199.00	246.00	224.00	168.00	163.00	160.00	156.00	149.00	148.00	157.00	162.00	139.00	126.00	129.00	147.00	202.00	227.00	232.00	239.00	225.00	204.00	228.00	226.00	212.00	203.00	200.00	200.00	200.00	205.00	213.00	231.00	249.00	264.00	294.00	328.00	283.00	221.00	163.00	145.00	145.00	149.00	163.00	158.00	183.00	266.00	353.00	384.00	391.00	406.00	413.00	420.00	426.00	438.00	442.00	447.00	451.00	455.00	465.00	483.00	492.00	499.00	511.00	515.00	519.00	524.00	530.00	540.00	544.00	551.00	540.00	510.00	502.00	486.00	452.00	430.00	425.00	422.00	423.00	426.00	421.00	415.00	411.00	412.00	415.00	421.00	438.00	470.00	484.00	491.00	494.00	486.00	485.00	486.00	498.00	508.00	516.00	520.00	528.00	527.00	520.00	515.00	482.00	463.00	449.00	433.00	417.00	396.00	387.00	375.00	362.00	325.00	312.00	311.00	305.00	299.00	288.00	282.00	287.00	312.00	452.00	467.00	440.00	428.00	376.00	232.00	228.00	224.00	221.00	219.00	216.00	219.00	220.00	220.00	243.00	262.00	260.00	256.00	232.00	223.00	209.00	199.00	195.00	182.00	187.00	195.00	207.00	187.00	173.00	166.00	161.00	144.00	121.00	118.00	107.00	94.00	87.00	82.00	75.00	68.00	59.00	16.00	10.00	9.00	8.00	7.00	6.00	6.00	5.00	4.00	3.00	3.00	3.00	3.00	2.00	2.00	2.00	2.00	2.00	3.00	4.00	9.00	10.00	4.00	6.00	8.00	9.00	12.00	14.00	16.00	17.00	18.00	20.00	19.00	15.00	16.00	16.00	19.00	21.00
20.00	20.00	20.00	19.00	19.00	19.00	16.00	11.00	11.00	12.00	15.00	16.00	13.00	12.00	13.00	15.00	19.00	18.00	16.00	16.00	14.00	13.00	16.00	18.00	21.00	28.00	30.00	32.00	36.00	42.00	52.00	59.00	67.00	80.00	93.00	100.00	110.00	120.00	138.00	140.00	145.00	155.00	165.00	183.00	193.00	200.00	203.00	205.00	204.00	202.00	202.00	202.00	202.00	203.00	197.00	188.00	174.00	178.00	214.00	253.00	227.00	170.00	168.00	167.00	160.00	156.00	164.00	178.00	173.00	157.00	149.00	175.00	215.00	299.00	311.00	240.00	213.00	232.00	275.00	237.00	217.00	203.00	200.00	200.00	200.00	210.00	220.00	230.00	242.00	258.00	304.00	330.00	239.00	191.00	149.00	145.00	145.00	145.00	145.00	145.00	145.00	172.00	252.00	329.00	381.00	393.00	408.00	416.00	423.00	430.00	440.00	443.00	447.00	451.00	455.00	460.00	475.00	483.00	491.00	501.00	506.00	513.00	518.00	523.00	542.00	553.00	558.00	554.00	522.00	502.00	464.00	432.00	417.00	414.00	415.00	418.00	420.00	412.00	411.00	416.00	428.00	424.00	426.00	424.00	441.00	451.00	465.00	472.00	462.00	461.00	465.00	472.00	480.00	490.00	495.00	501.00	499.00	495.00	490.00	459.00	446.00	432.00	421.00	409.00	377.00	361.00	347.00	334.00	303.00	298.00	296.00	296.00	290.00	280.00	284.00	312.00	381.00	480.00	477.00	441.00	422.00	405.00	263.00	223.00	220.00	220.00	213.00	212.00	219.00	220.00	221.00	247.00	248.00	245.00	235.00	215.00	199.00	187.00	182.00	177.00	173.00	168.00	168.00	171.00	166.00	153.00	147.00	118.00	93.00	86.00	85.00	81.00	79.00	73.00	63.00	43.00	25.00	12.00	8.00	8.00	8.00	7.00	5.00	5.00	4.00	3.00	3.00	3.00	3.00	2.00	1.00	3.00	2.00	2.00	1.00	1.00			2.00	3.00				1.00	5.00	9.00	10.00	10.00	11.00	12.00	5.00	2.00	2.00	6.00	9.00	7.00
20.00	20.00	20.00	19.00	19.00	19.00	16.00	11.00	11.00	12.00	15.00	16.00	13.00	12.00	13.00	15.00	19.00	18.00	16.00	16.00	14.00	13.00	16.00	18.00	21.00	28.00	30.00	32.00	36.00	42.00	52.00	59.00	67.00	80.00	93.00	100.00	110.00	120.00	138.00	140.00	145.00	155.00	165.00	183.00	193.00	200.00	203.00	205.00	204.00	202.00	202.00	202.00	202.00	203.00	197.00	188.00	174.00	178.00	214.00	253.00	227.00	170.00	168.00	167.00	160.00	156.00	164.00	178.00	173.00	157.00	149.00	175.00	215.00	299.00	311.00	240.00	213.00	232.00	275.00	237.00	217.00	203.00	200.00	200.00	200.00	210.00	220.00	230.00	242.00	258.00	304.00	330.00	239.00	191.00	149.00	145.00	145.00	145.00	145.00	145.00	145.00	172.00	252.00	329.00	381.00	393.00	408.00	416.00	423.00	430.00	440.00	443.00	447.00	451.00	455.00	460.00	475.00	483.00	491.00	501.00	506.00	513.00	518.00	523.00	542.00	553.00	558.00	554.00	522.00	502.00	464.00	432.00	417.00	414.00	415.00	418.00	420.00	412.00	411.00	416.00	428.00	424.00	426.00	424.00	441.00	451.00	465.00	472.00	462.00	461.00	465.00	472.00	480.00	490.00	495.00	501.00	499.00	495.00	490.00	459.00	446.00	432.00	421.00	409.00	377.00	361.00	347.00	334.00	303.00	298.00	296.00	296.00	290.00	280.00	284.00	312.00	381.00	480.00	477.00	441.00	422.00	405.00	263.00	223.00	220.00	220.00	213.00	212.00	219.00	220.00	221.00	247.00	248.00	245.00	235.00	215.00	199.00	187.00	182.00	177.00	173.00	168.00	168.00	171.00	166.00	153.00	147.00	118.00	93.00	86.00	85.00	81.00	79.00	73.00	63.00	43.00	25.00	12.00	8.00	8.00	8.00	7.00	5.00	5.00	4.00	3.00	3.00	3.00	3.00	2.00	1.00	3.00	2.00	2.00	1.00	1.00			2.00	3.00				1.00	5.00	9.00	10.00	10.00	11.00	12.00	5.00	2.00	2.00	6.00	9.00	7.00
20.00	19.00	18.00	16.00	15.00	14.00	13.00	17.00	19.00	20.00	18.00	16.00	13.00	14.00	16.00	19.00	20.00	21.00	21.00	20.00	18.00	17.00	22.00	24.00	26.00	31.00	34.00	37.00	39.00	42.00	53.00	57.00	62.00	78.00	93.00	99.00	105.00	115.00	134.00	139.00	146.00	156.00	166.00	198.00	206.00	215.00	219.00	220.00	220.00	218.00	213.00	213.00	212.00	208.00	200.00	194.00	182.00	181.00	180.00	178.00	173.00	170.00	170.00	169.00	164.00	166.00	179.00	190.00	172.00	173.00	216.00	246.00	276.00	306.00	268.00	250.00	286.00	306.00	273.00	207.00	201.00	200.00	200.00	200.00	201.00	225.00	236.00	239.00	278.00	323.00	313.00	246.00	153.00	148.00	145.00	145.00	145.00	145.00	145.00	145.00	147.00	233.00	295.00	346.00	379.00	390.00	409.00	417.00	423.00	429.00	439.00	442.00	449.00	456.00	460.00	462.00	471.00	476.00	482.00	495.00	500.00	507.00	519.00	532.00	556.00	563.00	567.00	552.00	470.00	442.00	417.00	407.00	405.00	409.00	411.00	413.00	414.00	409.00	423.00	459.00	477.00	458.00	433.00	412.00	400.00	403.00	422.00	436.00	440.00	441.00	446.00	458.00	459.00	462.00	462.00	468.00	468.00	464.00	455.00	426.00	420.00	410.00	401.00	392.00	365.00	350.00	334.00	318.00	288.00	280.00	280.00	281.00	281.00	280.00	297.00	349.00	405.00	428.00	425.00	408.00	388.00	351.00	251.00	215.00	211.00	208.00	206.00	212.00	218.00	218.00	218.00	205.00	204.00	203.00	194.00	195.00	179.00	163.00	152.00	147.00	152.00	152.00	148.00	138.00	110.00	84.00	70.00	66.00	71.00	72.00	71.00	66.00	57.00	26.00	11.00	9.00	9.00	8.00	7.00	6.00	6.00	5.00	4.00	3.00	3.00	3.00	3.00	1.00	0.00	1.00	1.00	1.00			0.00	0.00	0.00	0.00	0.00	0.00	0.00	0.00	0.00				1.00	1.00	2.00	1.00					0.00	0.00
20.00	19.00	18.00	16.00	15.00	14.00	13.00	17.00	19.00	20.00	18.00	16.00	13.00	14.00	16.00	19.00	20.00	21.00	21.00	20.00	18.00	17.00	22.00	24.00	26.00	31.00	34.00	37.00	39.00	42.00	53.00	57.00	62.00	78.00	93.00	99.00	105.00	115.00	134.00	139.00	146.00	156.00	166.00	198.00	206.00	215.00	219.00	220.00	220.00	218.00	213.00	213.00	212.00	208.00	200.00	194.00	182.00	181.00	180.00	178.00	173.00	170.00	170.00	169.00	164.00	166.00	179.00	190.00	172.00	173.00	216.00	246.00	276.00	306.00	268.00	250.00	286.00	306.00	273.00	207.00	201.00	200.00	200.00	200.00	201.00	225.00	236.00	239.00	278.00	323.00	313.00	246.00	153.00	148.00	145.00	145.00	145.00	145.00	145.00	145.00	147.00	233.00	295.00	346.00	379.00	390.00	409.00	417.00	423.00	429.00	439.00	442.00	449.00	456.00	460.00	462.00	471.00	476.00	482.00	495.00	500.00	507.00	519.00	532.00	556.00	563.00	567.00	552.00	470.00	442.00	417.00	407.00	405.00	409.00	411.00	413.00	414.00	409.00	423.00	459.00	477.00	458.00	433.00	412.00	400.00	403.00	422.00	436.00	440.00	441.00	446.00	458.00	459.00	462.00	462.00	468.00	468.00	464.00	455.00	426.00	420.00	410.00	401.00	392.00	365.00	350.00	334.00	318.00	288.00	280.00	280.00	281.00	281.00	280.00	297.00	349.00	405.00	428.00	425.00	408.00	388.00	351.00	251.00	215.00	211.00	208.00	206.00	212.00	218.00	218.00	218.00	205.00	204.00	203.00	194.00	195.00	179.00	163.00	152.00	147.00	152.00	152.00	148.00	138.00	110.00	84.00	70.00	66.00	71.00	72.00	71.00	66.00	57.00	26.00	11.00	9.00	9.00	8.00	7.00	6.00	6.00	5.00	4.00	3.00	3.00	3.00	3.00	1.00	0.00	1.00	1.00	1.00			0.00	0.00	0.00	0.00	0.00	0.00	0.00	0.00	0.00				1.00	1.00	2.00	1.00					0.00	0.00
20.00	19.00	20.00	19.00	19.00	19.00	19.00	15.00	11.00	10.00	13.00	15.00	14.00	14.00	17.00	19.00	21.00	22.00	24.00	24.00	22.00	22.00	28.00	29.00	32.00	38.00	40.00	40.00	40.00	46.00	53.00	59.00	70.00	82.00	98.00	105.00	112.00	118.00	134.00	139.00	145.00	156.00	165.00	199.00	215.00	225.00	226.00	229.00	231.00	230.00	228.00	225.00	216.00	207.00	197.00	193.00	187.00	182.00	179.00	174.00	171.00	170.00	170.00	176.00	171.00	171.00	191.00	185.00	179.00	194.00	243.00	263.00	271.00	295.00	294.00	289.00	266.00	227.00	205.00	204.00	200.00	200.00	200.00	200.00	208.00	244.00	275.00	295.00	337.00	290.00	240.00	186.00	145.00	145.00	145.00	145.00	145.00	145.00	145.00	145.00	162.00	297.00	322.00	348.00	371.00	386.00	407.00	414.00	420.00	427.00	440.00	445.00	451.00	456.00	460.00	469.00	483.00	489.00	495.00	500.00	506.00	516.00	532.00	548.00	561.00	556.00	542.00	503.00	435.00	413.00	396.00	397.00	399.00	402.00	401.00	400.00	398.00	403.00	408.00	422.00	429.00	408.00	385.00	382.00	381.00	380.00	385.00	393.00	409.00	413.00	418.00	422.00	423.00	425.00	426.00	429.00	429.00	424.00	419.00	402.00	395.00	383.00	373.00	365.00	339.00	328.00	318.00	308.00	283.00	272.00	265.00	262.00	260.00	256.00	263.00	291.00	331.00	338.00	347.00	337.00	322.00	277.00	204.00	199.00	200.00	200.00	206.00	209.00	207.00	204.00	201.00	184.00	182.00	172.00	160.00	161.00	159.00	152.00	132.00	119.00	121.00	119.00	110.00	93.00	69.00	59.00	56.00	54.00	54.00	49.00	47.00	29.00	22.00	13.00	10.00	9.00	8.00	7.00	5.00	5.00	5.00	4.00	3.00	3.00	3.00	2.00	1.00	1.00	1.00	1.00			0.00	0.00	0.00	1.00	1.00	1.00	1.00	2.00	2.00	3.00	2.00	1.00	1.00	0.00	0.00	0.00	0.00	0.00	0.00	0.00	1.00	4.00	6.00	7.00
20.00	21.00	21.00	24.00	22.00	20.00	18.00	18.00	18.00	18.00	19.00	18.00	17.00	17.00	16.00	18.00	20.00	22.00	25.00	27.00	27.00	28.00	30.00	31.00	35.00	45.00	46.00	45.00	48.00	54.00	57.00	59.00	66.00	83.00	100.00	110.00	116.00	120.00	134.00	139.00	148.00	160.00	170.00	229.00	256.00	255.00	237.00	240.00	242.00	244.00	241.00	239.00	218.00	210.00	203.00	202.00	195.00	186.00	180.00	174.00	170.00	172.00	183.00	219.00	178.00	178.00	180.00	185.00	195.00	213.00	298.00	301.00	298.00	297.00	236.00	211.00	200.00	200.00	200.00	200.00	200.00	200.00	200.00	206.00	226.00	289.00	331.00	295.00	208.00	182.00	170.00	164.00	145.00	145.00	145.00	145.00	145.00	145.00	145.00	145.00	156.00	297.00	345.00	355.00	364.00	373.00	393.00	395.00	403.00	414.00	433.00	439.00	442.00	449.00	456.00	469.00	486.00	493.00	498.00	511.00	519.00	530.00	542.00	554.00	559.00	547.00	526.00	450.00	404.00	391.00	384.00	387.00	389.00	388.00	386.00	388.00	392.00	391.00	385.00	384.00	394.00	379.00	369.00	369.00	368.00	366.00	364.00	369.00	379.00	387.00	389.00	386.00	388.00	391.00	389.00	390.00	390.00	387.00	383.00	365.00	361.00	352.00	340.00	333.00	315.00	304.00	292.00	278.00	265.00	257.00	251.00	245.00	242.00	232.00	226.00	215.00	202.00	203.00	207.00	183.00	193.00	187.00	186.00	189.00	192.00	194.00	198.00	199.00	198.00	196.00	187.00	180.00	177.00	166.00	156.00	154.00	155.00	150.00	137.00	127.00	97.00	94.00	83.00	65.00	53.00	51.00	49.00	47.00	44.00	38.00	35.00	26.00	19.00	11.00	9.00	8.00	6.00	5.00	4.00	4.00	4.00	3.00	3.00	3.00	2.00								0.00	2.00	2.00	3.00	4.00	4.00	4.00	5.00	5.00	5.00	6.00	5.00	5.00	4.00	4.00	6.00	4.00	4.00	5.00	8.00	9.00	9.00	10.00	11.00
20.00	21.00	21.00	24.00	22.00	20.00	18.00	18.00	18.00	18.00	19.00	18.00	17.00	17.00	16.00	18.00	20.00	22.00	25.00	27.00	27.00	28.00	30.00	31.00	35.00	45.00	46.00	45.00	48.00	54.00	57.00	59.00	66.00	83.00	100.00	110.00	116.00	120.00	134.00	139.00	148.00	160.00	170.00	229.00	256.00	255.00	237.00	240.00	242.00	244.00	241.00	239.00	218.00	210.00	203.00	202.00	195.00	186.00	180.00	174.00	170.00	172.00	183.00	219.00	178.00	178.00	180.00	185.00	195.00	213.00	298.00	301.00	298.00	297.00	236.00	211.00	200.00	200.00	200.00	200.00	200.00	200.00	200.00	206.00	226.00	289.00	331.00	295.00	208.00	182.00	170.00	164.00	145.00	145.00	145.00	145.00	145.00	145.00	145.00	145.00	156.00	297.00	345.00	355.00	364.00	373.00	393.00	395.00	403.00	414.00	433.00	439.00	442.00	449.00	456.00	469.00	486.00	493.00	498.00	511.00	519.00	530.00	542.00	554.00	559.00	547.00	526.00	450.00	404.00	391.00	384.00	387.00	389.00	388.00	386.00	388.00	392.00	391.00	385.00	384.00	394.00	379.00	369.00	369.00	368.00	366.00	364.00	369.00	379.00	387.00	389.00	386.00	388.00	391.00	389.00	390.00	390.00	387.00	383.00	365.00	361.00	352.00	340.00	333.00	315.00	304.00	292.00	278.00	265.00	257.00	251.00	245.00	242.00	232.00	226.00	215.00	202.00	203.00	207.00	183.00	193.00	187.00	186.00	189.00	192.00	194.00	198.00	199.00	198.00	196.00	187.00	180.00	177.00	166.00	156.00	154.00	155.00	150.00	137.00	127.00	97.00	94.00	83.00	65.00	53.00	51.00	49.00	47.00	44.00	38.00	35.00	26.00	19.00	11.00	9.00	8.00	6.00	5.00	4.00	4.00	4.00	3.00	3.00	3.00	2.00								0.00	2.00	2.00	3.00	4.00	4.00	4.00	5.00	5.00	5.00	6.00	5.00	5.00	4.00	4.00	6.00	4.00	4.00	5.00	8.00	9.00	9.00	10.00	11.00
20.00	21.00	21.00	24.00	22.00	20.00	18.00	18.00	18.00	18.00	19.00	18.00	17.00	17.00	16.00	18.00	20.00	22.00	25.00	27.00	27.00	28.00	30.00	31.00	35.00	45.00	46.00	45.00	48.00	54.00	57.00	59.00	66.00	83.00	100.00	110.00	116.00	120.00	134.00	139.00	148.00	160.00	170.00	229.00	256.00	255.00	237.00	240.00	242.00	244.00	241.00	239.00	218.00	210.00	203.00	202.00	195.00	186.00	180.00	174.00	170.00	172.00	183.00	219.00	178.00	178.00	180.00	185.00	195.00	213.00	298.00	301.00	298.00	297.00	236.00	211.00	200.00	200.00	200.00	200.00	200.00	200.00	200.00	206.00	226.00	289.00	331.00	295.00	208.00	182.00	170.00	164.00	145.00	145.00	145.00	145.00	145.00	145.00	145.00	145.00	156.00	297.00	345.00	355.00	364.00	373.00	393.00	395.00	403.00	414.00	433.00	439.00	442.00	449.00	456.00	469.00	486.00	493.00	498.00	511.00	519.00	530.00	542.00	554.00	559.00	547.00	526.00	450.00	404.00	391.00	384.00	387.00	389.00	388.00	386.00	388.00	392.00	391.00	385.00	384.00	394.00	379.00	369.00	369.00	368.00	366.00	364.00	369.00	379.00	387.00	389.00	386.00	388.00	391.00	389.00	390.00	390.00	387.00	383.00	365.00	361.00	352.00	340.00	333.00	315.00	304.00	292.00	278.00	265.00	257.00	251.00	245.00	242.00	232.00	226.00	215.00	202.00	203.00	207.00	183.00	193.00	187.00	186.00	189.00	192.00	194.00	198.00	199.00	198.00	196.00	187.00	180.00	177.00	166.00	156.00	154.00	155.00	150.00	137.00	127.00	97.00	94.00	83.00	65.00	53.00	51.00	49.00	47.00	44.00	38.00	35.00	26.00	19.00	11.00	9.00	8.00	6.00	5.00	4.00	4.00	4.00	3.00	3.00	3.00	2.00								0.00	2.00	2.00	3.00	4.00	4.00	4.00	5.00	5.00	5.00	6.00	5.00	5.00	4.00	4.00	6.00	4.00	4.00	5.00	8.00	9.00	9.00	10.00	11.00
21.00	27.00	29.00	25.00	19.00	17.00	17.00	20.00	20.00	20.00	20.00	20.00	20.00	20.00	20.00	19.00	20.00	22.00	27.00	29.00	32.00	34.00	38.00	50.00	56.00	52.00	54.00	56.00	58.00	60.00	60.00	60.00	60.00	74.00	88.00	96.00	104.00	115.00	130.00	138.00	159.00	195.00	228.00	258.00	269.00	258.00	237.00	240.00	242.00	242.00	240.00	236.00	222.00	220.00	217.00	212.00	199.00	193.00	181.00	177.00	172.00	178.00	189.00	188.00	175.00	180.00	181.00	192.00	207.00	238.00	305.00	302.00	320.00	263.00	200.00	203.00	203.00	200.00	200.00	200.00	200.00	206.00	219.00	277.00	303.00	271.00	234.00	195.00	154.00	147.00	145.00	145.00	145.00	145.00	145.00	145.00	145.00	145.00	145.00	161.00	196.00	286.00	304.00	308.00	313.00	318.00	337.00	353.00	375.00	392.00	419.00	433.00	440.00	447.00	453.00	467.00	487.00	497.00	507.00	523.00	539.00	541.00	538.00	537.00	532.00	509.00	478.00	413.00	386.00	376.00	372.00	376.00	379.00	376.00	387.00	399.00	414.00	373.00	368.00	363.00	362.00	361.00	358.00	356.00	352.00	350.00	344.00	344.00	347.00	350.00	353.00	351.00	352.00	355.00	356.00	358.00	358.00	358.00	355.00	339.00	332.00	324.00	316.00	309.00	287.00	276.00	263.00	249.00	243.00	237.00	232.00	221.00	209.00	189.00	185.00	179.00	166.00	151.00	151.00	156.00	160.00	165.00	175.00	177.00	179.00	182.00	184.00	183.00	183.00	182.00	177.00	167.00	161.00	143.00	124.00	120.00	120.00	120.00	119.00	117.00	70.00	61.00	56.00	50.00	49.00	50.00	50.00	50.00	46.00	39.00	35.00	26.00	18.00	9.00	8.00	6.00	5.00	3.00	3.00	3.00	3.00	3.00	2.00	1.00								1.00		2.00	2.00	3.00	4.00	5.00	6.00	6.00	7.00	7.00	8.00	8.00	8.00	8.00	8.00	8.00	9.00	8.00	9.00	9.00	10.00	11.00	11.00	12.00
21.00	27.00	29.00	25.00	19.00	17.00	17.00	20.00	20.00	20.00	20.00	20.00	20.00	20.00	20.00	19.00	20.00	22.00	27.00	29.00	32.00	34.00	38.00	50.00	56.00	52.00	54.00	56.00	58.00	60.00	60.00	60.00	60.00	74.00	88.00	96.00	104.00	115.00	130.00	138.00	159.00	195.00	228.00	258.00	269.00	258.00	237.00	240.00	242.00	242.00	240.00	236.00	222.00	220.00	217.00	212.00	199.00	193.00	181.00	177.00	172.00	178.00	189.00	188.00	175.00	180.00	181.00	192.00	207.00	238.00	305.00	302.00	320.00	263.00	200.00	203.00	203.00	200.00	200.00	200.00	200.00	206.00	219.00	277.00	303.00	271.00	234.00	195.00	154.00	147.00	145.00	145.00	145.00	145.00	145.00	145.00	145.00	145.00	145.00	161.00	196.00	286.00	304.00	308.00	313.00	318.00	337.00	353.00	375.00	392.00	419.00	433.00	440.00	447.00	453.00	467.00	487.00	497.00	507.00	523.00	539.00	541.00	538.00	537.00	532.00	509.00	478.00	413.00	386.00	376.00	372.00	376.00	379.00	376.00	387.00	399.00	414.00	373.00	368.00	363.00	362.00	361.00	358.00	356.00	352.00	350.00	344.00	344.00	347.00	350.00	353.00	351.00	352.00	355.00	356.00	358.00	358.00	358.00	355.00	339.00	332.00	324.00	316.00	309.00	287.00	276.00	263.00	249.00	243.00	237.00	232.00	221.00	209.00	189.00	185.00	179.00	166.00	151.00	151.00	156.00	160.00	165.00	175.00	177.00	179.00	182.00	184.00	183.00	183.00	182.00	177.00	167.00	161.00	143.00	124.00	120.00	120.00	120.00	119.00	117.00	70.00	61.00	56.00	50.00	49.00	50.00	50.00	50.00	46.00	39.00	35.00	26.00	18.00	9.00	8.00	6.00	5.00	3.00	3.00	3.00	3.00	3.00	2.00	1.00								1.00		2.00	2.00	3.00	4.00	5.00	6.00	6.00	7.00	7.00	8.00	8.00	8.00	8.00	8.00	8.00	9.00	8.00	9.00	9.00	10.00	11.00	11.00	12.00
27.00	28.00	23.00	20.00	19.00	20.00	20.00	21.00	24.00	27.00	27.00	24.00	24.00	28.00	28.00	28.00	35.00	34.00	34.00	36.00	40.00	40.00	43.00	51.00	54.00	57.00	59.00	60.00	61.00	63.00	63.00	61.00	60.00	69.00	83.00	91.00	99.00	113.00	133.00	149.00	176.00	209.00	228.00	235.00	237.00	234.00	228.00	234.00	236.00	237.00	239.00	239.00	225.00	206.00	205.00	204.00	200.00	190.00	181.00	178.00	174.00	179.00	180.00	180.00	178.00	180.00	190.00	207.00	243.00	286.00	303.00	296.00	262.00	213.00	200.00	200.00	200.00	200.00	200.00	210.00	238.00	272.00	289.00	318.00	304.00	204.00	166.00	154.00	145.00	145.00	145.00	145.00	145.00	145.00	145.00	145.00	145.00	149.00	167.00	172.00	204.00	248.00	259.00	267.00	275.00	281.00	292.00	297.00	310.00	345.00	402.00	417.00	431.00	441.00	448.00	467.00	490.00	501.00	513.00	531.00	532.00	518.00	507.00	498.00	471.00	445.00	432.00	385.00	366.00	361.00	366.00	368.00	367.00	364.00	374.00	376.00	353.00	347.00	351.00	343.00	340.00	341.00	340.00	337.00	332.00	328.00	322.00	319.00	322.00	323.00	322.00	319.00	320.00	322.00	324.00	330.00	328.00	322.00	316.00	305.00	299.00	290.00	287.00	282.00	258.00	248.00	241.00	237.00	223.00	212.00	206.00	197.00	184.00	174.00	169.00	162.00	152.00	148.00	148.00	149.00	153.00	159.00	162.00	162.00	163.00	165.00	167.00	166.00	166.00	166.00	161.00	152.00	140.00	121.00	102.00	91.00	88.00	85.00	82.00	73.00	39.00	38.00	38.00	39.00	47.00	50.00	50.00	49.00	47.00	41.00	36.00	24.00	17.00	9.00	7.00	5.00	4.00	2.00														1.00	1.00	1.00	2.00	2.00	4.00	4.00	5.00	6.00	7.00	7.00	8.00	8.00	8.00	8.00	9.00	9.00	9.00	9.00	9.00	9.00	10.00	12.00	12.00	13.00
27.00	28.00	23.00	20.00	19.00	20.00	20.00	21.00	24.00	27.00	27.00	24.00	24.00	28.00	28.00	28.00	35.00	34.00	34.00	36.00	40.00	40.00	43.00	51.00	54.00	57.00	59.00	60.00	61.00	63.00	63.00	61.00	60.00	69.00	83.00	91.00	99.00	113.00	133.00	149.00	176.00	209.00	228.00	235.00	237.00	234.00	228.00	234.00	236.00	237.00	239.00	239.00	225.00	206.00	205.00	204.00	200.00	190.00	181.00	178.00	174.00	179.00	180.00	180.00	178.00	180.00	190.00	207.00	243.00	286.00	303.00	296.00	262.00	213.00	200.00	200.00	200.00	200.00	200.00	210.00	238.00	272.00	289.00	318.00	304.00	204.00	166.00	154.00	145.00	145.00	145.00	145.00	145.00	145.00	145.00	145.00	145.00	149.00	167.00	172.00	204.00	248.00	259.00	267.00	275.00	281.00	292.00	297.00	310.00	345.00	402.00	417.00	431.00	441.00	448.00	467.00	490.00	501.00	513.00	531.00	532.00	518.00	507.00	498.00	471.00	445.00	432.00	385.00	366.00	361.00	366.00	368.00	367.00	364.00	374.00	376.00	353.00	347.00	351.00	343.00	340.00	341.00	340.00	337.00	332.00	328.00	322.00	319.00	322.00	323.00	322.00	319.00	320.00	322.00	324.00	330.00	328.00	322.00	316.00	305.00	299.00	290.00	287.00	282.00	258.00	248.00	241.00	237.00	223.00	212.00	206.00	197.00	184.00	174.00	169.00	162.00	152.00	148.00	148.00	149.00	153.00	159.00	162.00	162.00	163.00	165.00	167.00	166.00	166.00	166.00	161.00	152.00	140.00	121.00	102.00	91.00	88.00	85.00	82.00	73.00	39.00	38.00	38.00	39.00	47.00	50.00	50.00	49.00	47.00	41.00	36.00	24.00	17.00	9.00	7.00	5.00	4.00	2.00														1.00	1.00	1.00	2.00	2.00	4.00	4.00	5.00	6.00	7.00	7.00	8.00	8.00	8.00	8.00	9.00	9.00	9.00	9.00	9.00	9.00	10.00	12.00	12.00	13.00
30.00	24.00	22.00	20.00	21.00	22.00	22.00	28.00	31.00	33.00	34.00	34.00	35.00	37.00	39.00	40.00	43.00	42.00	42.00	40.00	41.00	42.00	47.00	50.00	53.00	60.00	64.00	68.00	71.00	78.00	77.00	68.00	61.00	60.00	68.00	75.00	83.00	110.00	188.00	202.00	199.00	200.00	215.00	220.00	221.00	221.00	221.00	220.00	220.00	223.00	238.00	247.00	223.00	200.00	200.00	200.00	196.00	185.00	180.00	175.00	179.00	183.00	184.00	183.00	180.00	200.00	221.00	253.00	286.00	302.00	295.00	274.00	247.00	240.00	200.00	200.00	200.00	200.00	204.00	277.00	297.00	300.00	298.00	212.00	180.00	153.00	146.00	146.00	145.00	145.00	145.00	145.00	145.00	145.00	145.00	145.00	146.00	154.00	167.00	171.00	198.00	239.00	254.00	278.00	312.00	316.00	316.00	329.00	362.00	417.00	437.00	436.00	438.00	440.00	444.00	463.00	487.00	496.00	504.00	501.00	481.00	466.00	455.00	445.00	416.00	403.00	393.00	365.00	353.00	348.00	350.00	352.00	351.00	348.00	340.00	328.00	321.00	310.00	316.00	316.00	317.00	318.00	321.00	319.00	317.00	312.00	302.00	298.00	292.00	290.00	287.00	294.00	300.00	303.00	305.00	303.00	303.00	299.00	293.00	278.00	271.00	263.00	255.00	250.00	242.00	233.00	221.00	213.00	205.00	198.00	193.00	183.00	175.00	164.00	159.00	149.00	143.00	142.00	144.00	148.00	150.00	153.00	155.00	155.00	155.00	154.00	162.00	166.00	159.00	152.00	145.00	136.00	126.00	99.00	74.00	64.00	57.00	55.00	59.00	59.00	33.00	34.00	37.00	39.00	43.00	45.00	43.00	41.00	40.00	36.00	32.00	23.00	18.00	9.00	7.00	4.00	1.00																		1.00	2.00	3.00	4.00	5.00	5.00	6.00	7.00	8.00	8.00	8.00	9.00	9.00	9.00	9.00	9.00	9.00	9.00	10.00	11.00	13.00	14.00
30.00	27.00	24.00	24.00	26.00	28.00	30.00	34.00	35.00	37.00	39.00	42.00	44.00	47.00	51.00	54.00	63.00	64.00	59.00	50.00	51.00	53.00	58.00	59.00	60.00	65.00	71.00	78.00	82.00	79.00	75.00	72.00	67.00	61.00	68.00	99.00	149.00	224.00	307.00	305.00	288.00	277.00	290.00	220.00	220.00	218.00	214.00	211.00	216.00	252.00	272.00	222.00	178.00	193.00	198.00	202.00	208.00	197.00	180.00	176.00	180.00	184.00	189.00	191.00	181.00	230.00	279.00	312.00	302.00	292.00	245.00	223.00	230.00	230.00	200.00	200.00	200.00	217.00	262.00	304.00	300.00	293.00	247.00	172.00	156.00	147.00	145.00	146.00	145.00	145.00	145.00	145.00	145.00	145.00	145.00	167.00	161.00	171.00	190.00	238.00	261.00	271.00	295.00	320.00	338.00	340.00	398.00	438.00	463.00	450.00	432.00	433.00	436.00	440.00	450.00	483.00	498.00	499.00	499.00	463.00	447.00	433.00	417.00	402.00	390.00	381.00	372.00	351.00	342.00	336.00	333.00	335.00	336.00	326.00	321.00	311.00	296.00	297.00	301.00	302.00	305.00	307.00	302.00	298.00	293.00	289.00	283.00	279.00	275.00	275.00	276.00	279.00	280.00	282.00	282.00	278.00	270.00	267.00	266.00	256.00	250.00	241.00	234.00	229.00	213.00	204.00	199.00	193.00	193.00	187.00	183.00	175.00	161.00	157.00	148.00	139.00	139.00	140.00	141.00	140.00	141.00	145.00	147.00	148.00	149.00	149.00	174.00	175.00	155.00	141.00	129.00	115.00	93.00	66.00	46.00	27.00	25.00	29.00	37.00	40.00	27.00	29.00	32.00	36.00	38.00	38.00	39.00	39.00	38.00	35.00	33.00	20.00	16.00	10.00	9.00	7.00	3.00	1.00																		1.00	2.00	3.00	4.00	4.00	6.00	6.00	7.00	8.00	8.00	8.00	8.00	8.00	8.00	9.00	9.00	9.00	9.00	11.00	13.00	14.00
30.00	27.00	24.00	24.00	26.00	28.00	30.00	34.00	35.00	37.00	39.00	42.00	44.00	47.00	51.00	54.00	63.00	64.00	59.00	50.00	51.00	53.00	58.00	59.00	60.00	65.00	71.00	78.00	82.00	79.00	75.00	72.00	67.00	61.00	68.00	99.00	149.00	224.00	307.00	305.00	288.00	277.00	290.00	220.00	220.00	218.00	214.00	211.00	216.00	252.00	272.00	222.00	178.00	193.00	198.00	202.00	208.00	197.00	180.00	176.00	180.00	184.00	189.00	191.00	181.00	230.00	279.00	312.00	302.00	292.00	245.00	223.00	230.00	230.00	200.00	200.00	200.00	217.00	262.00	304.00	300.00	293.00	247.00	172.00	156.00	147.00	145.00	146.00	145.00	145.00	145.00	145.00	145.00	145.00	145.00	167.00	161.00	171.00	190.00	238.00	261.00	271.00	295.00	320.00	338.00	340.00	398.00	438.00	463.00	450.00	432.00	433.00	436.00	440.00	450.00	483.00	498.00	499.00	499.00	463.00	447.00	433.00	417.00	402.00	390.00	381.00	372.00	351.00	342.00	336.00	333.00	335.00	336.00	326.00	321.00	311.00	296.00	297.00	301.00	302.00	305.00	307.00	302.00	298.00	293.00	289.00	283.00	279.00	275.00	275.00	276.00	279.00	280.00	282.00	282.00	278.00	270.00	267.00	266.00	256.00	250.00	241.00	234.00	229.00	213.00	204.00	199.00	193.00	193.00	187.00	183.00	175.00	161.00	157.00	148.00	139.00	139.00	140.00	141.00	140.00	141.00	145.00	147.00	148.00	149.00	149.00	174.00	175.00	155.00	141.00	129.00	115.00	93.00	66.00	46.00	27.00	25.00	29.00	37.00	40.00	27.00	29.00	32.00	36.00	38.00	38.00	39.00	39.00	38.00	35.00	33.00	20.00	16.00	10.00	9.00	7.00	3.00	1.00																		1.00	2.00	3.00	4.00	4.00	6.00	6.00	7.00	8.00	8.00	8.00	8.00	8.00	8.00	9.00	9.00	9.00	9.00	11.00	13.00	14.00
30.00	28.00	28.00	29.00	31.00	32.00	36.00	39.00	39.00	40.00	40.00	51.00	56.00	60.00	64.00	66.00	75.00	70.00	64.00	59.00	59.00	62.00	69.00	71.00	73.00	75.00	78.00	81.00	81.00	71.00	68.00	65.00	62.00	60.00	113.00	175.00	241.00	307.00	340.00	339.00	338.00	358.00	340.00	231.00	217.00	207.00	202.00	205.00	216.00	245.00	245.00	204.00	169.00	169.00	184.00	214.00	203.00	186.00	174.00	176.00	179.00	181.00	188.00	196.00	199.00	293.00	308.00	290.00	253.00	229.00	198.00	194.00	197.00	199.00	205.00	207.00	220.00	261.00	299.00	300.00	287.00	229.00	184.00	160.00	154.00	148.00	147.00	147.00	145.00	145.00	153.00	176.00	156.00	153.00	155.00	172.00	211.00	242.00	238.00	226.00	253.00	298.00	303.00	316.00	336.00	345.00	423.00	437.00	430.00	419.00	419.00	426.00	434.00	442.00	463.00	498.00	475.00	469.00	461.00	444.00	428.00	413.00	397.00	380.00	369.00	366.00	361.00	346.00	329.00	323.00	318.00	317.00	317.00	304.00	290.00	281.00	272.00	286.00	291.00	296.00	299.00	298.00	289.00	284.00	277.00	272.00	266.00	263.00	262.00	262.00	261.00	261.00	261.00	261.00	262.00	258.00	256.00	252.00	245.00	231.00	225.00	220.00	213.00	208.00	200.00	197.00	190.00	178.00	171.00	172.00	167.00	161.00	157.00	139.00	131.00	129.00	130.00	130.00	133.00	135.00	136.00	136.00	138.00	137.00	137.00	137.00	146.00	143.00	135.00	124.00	96.00	73.00	52.00	30.00	20.00	20.00	20.00	20.00	21.00	22.00	23.00	26.00	29.00	30.00	30.00	30.00	31.00	32.00	31.00	29.00	28.00	21.00	20.00	17.00	12.00	9.00	8.00	6.00	1.00																	1.00	2.00	3.00	4.00	4.00	5.00	6.00	6.00	6.00	6.00	6.00	7.00	7.00	7.00	8.00	8.00	8.00	8.00	9.00	11.00	12.00
30.00	30.00	30.00	30.00	31.00	35.00	40.00	40.00	40.00	41.00	45.00	58.00	60.00	62.00	67.00	69.00	67.00	65.00	61.00	60.00	77.00	85.00	82.00	79.00	80.00	80.00	80.00	78.00	76.00	74.00	76.00	75.00	64.00	73.00	134.00	182.00	234.00	289.00	331.00	336.00	340.00	333.00	309.00	223.00	205.00	200.00	235.00	241.00	219.00	207.00	194.00	161.00	156.00	164.00	175.00	206.00	206.00	178.00	170.00	173.00	178.00	188.00	195.00	199.00	260.00	300.00	291.00	261.00	222.00	205.00	183.00	182.00	190.00	198.00	243.00	260.00	290.00	300.00	300.00	289.00	269.00	218.00	173.00	153.00	157.00	160.00	160.00	173.00	172.00	179.00	203.00	203.00	192.00	189.00	193.00	212.00	254.00	240.00	205.00	202.00	245.00	286.00	296.00	305.00	326.00	343.00	396.00	396.00	393.00	396.00	415.00	425.00	434.00	440.00	451.00	437.00	457.00	455.00	435.00	408.00	400.00	388.00	376.00	364.00	355.00	351.00	346.00	329.00	314.00	307.00	302.00	294.00	289.00	281.00	272.00	263.00	255.00	263.00	271.00	276.00	277.00	279.00	275.00	270.00	263.00	254.00	247.00	245.00	248.00	246.00	243.00	238.00	239.00	240.00	241.00	240.00	240.00	237.00	227.00	208.00	202.00	195.00	191.00	186.00	176.00	170.00	168.00	160.00	154.00	155.00	152.00	148.00	143.00	127.00	123.00	121.00	120.00	122.00	124.00	123.00	123.00	124.00	126.00	127.00	124.00	122.00	123.00	117.00	101.00	77.00	31.00	27.00	25.00	21.00	20.00	20.00	20.00	20.00	19.00	18.00	20.00	22.00	22.00	22.00	23.00	23.00	24.00	25.00	25.00	24.00	22.00	20.00	19.00	13.00	11.00	10.00	8.00	7.00	2.00																	1.00	2.00	3.00	3.00	4.00	5.00	5.00	4.00	4.00	5.00	6.00	6.00	7.00	7.00	8.00	8.00	9.00	9.00	10.00	10.00	10.00
30.00	30.00	30.00	30.00	31.00	35.00	40.00	40.00	40.00	41.00	45.00	58.00	60.00	62.00	67.00	69.00	67.00	65.00	61.00	60.00	77.00	85.00	82.00	79.00	80.00	80.00	80.00	78.00	76.00	74.00	76.00	75.00	64.00	73.00	134.00	182.00	234.00	289.00	331.00	336.00	340.00	333.00	309.00	223.00	205.00	200.00	235.00	241.00	219.00	207.00	194.00	161.00	156.00	164.00	175.00	206.00	206.00	178.00	170.00	173.00	178.00	188.00	195.00	199.00	260.00	300.00	291.00	261.00	222.00	205.00	183.00	182.00	190.00	198.00	243.00	260.00	290.00	300.00	300.00	289.00	269.00	218.00	173.00	153.00	157.00	160.00	160.00	173.00	172.00	179.00	203.00	203.00	192.00	189.00	193.00	212.00	254.00	240.00	205.00	202.00	245.00	286.00	296.00	305.00	326.00	343.00	396.00	396.00	393.00	396.00	415.00	425.00	434.00	440.00	451.00	437.00	457.00	455.00	435.00	408.00	400.00	388.00	376.00	364.00	355.00	351.00	346.00	329.00	314.00	307.00	302.00	294.00	289.00	281.00	272.00	263.00	255.00	263.00	271.00	276.00	277.00	279.00	275.00	270.00	263.00	254.00	247.00	245.00	248.00	246.00	243.00	238.00	239.00	240.00	241.00	240.00	240.00	237.00	227.00	208.00	202.00	195.00	191.00	186.00	176.00	170.00	168.00	160.00	154.00	155.00	152.00	148.00	143.00	127.00	123.00	121.00	120.00	122.00	124.00	123.00	123.00	124.00	126.00	127.00	124.00	122.00	123.00	117.00	101.00	77.00	31.00	27.00	25.00	21.00	20.00	20.00	20.00	20.00	19.00	18.00	20.00	22.00	22.00	22.00	23.00	23.00	24.00	25.00	25.00	24.00	22.00	20.00	19.00	13.00	11.00	10.00	8.00	7.00	2.00																	1.00	2.00	3.00	3.00	4.00	5.00	5.00	4.00	4.00	5.00	6.00	6.00	7.00	7.00	8.00	8.00	9.00	9.00	10.00	10.00	10.00
30.00	30.00	30.00	30.00	30.00	31.00	34.00	38.00	40.00	43.00	45.00	59.00	60.00	61.00	62.00	62.00	60.00	58.00	57.00	59.00	105.00	112.00	135.00	103.00	91.00	86.00	83.00	81.00	79.00	76.00	71.00	66.00	64.00	79.00	166.00	211.00	261.00	281.00	311.00	305.00	288.00	286.00	271.00	228.00	183.00	171.00	162.00	152.00	204.00	211.00	160.00	141.00	183.00	186.00	171.00	176.00	170.00	170.00	175.00	180.00	181.00	193.00	200.00	228.00	295.00	256.00	210.00	186.00	198.00	198.00	166.00	175.00	186.00	198.00	263.00	285.00	297.00	301.00	301.00	242.00	213.00	184.00	162.00	156.00	177.00	198.00	198.00	205.00	215.00	234.00	239.00	237.00	224.00	218.00	209.00	202.00	233.00	203.00	228.00	254.00	261.00	294.00	315.00	333.00	345.00	352.00	361.00	364.00	368.00	381.00	403.00	416.00	425.00	419.00	391.00	405.00	426.00	399.00	373.00	364.00	359.00	352.00	352.00	363.00	346.00	334.00	328.00	315.00	297.00	290.00	284.00	278.00	272.00	263.00	257.00	250.00	241.00	238.00	242.00	249.00	250.00	250.00	245.00	243.00	238.00	232.00	227.00	227.00	228.00	226.00	222.00	220.00	224.00	230.00	239.00	235.00	224.00	213.00	208.00	192.00	185.00	174.00	163.00	159.00	153.00	152.00	152.00	149.00	146.00	146.00	141.00	135.00	130.00	118.00	113.00	112.00	112.00	114.00	115.00	111.00	105.00	101.00	104.00	103.00	101.00	93.00	76.00	61.00	52.00	46.00	35.00	28.00	28.00	26.00	24.00	20.00	20.00	19.00	17.00	16.00	17.00	19.00	19.00	19.00	19.00	19.00	20.00	19.00	20.00	20.00	20.00	17.00	14.00	10.00	10.00	9.00	8.00	7.00	4.00	3.00	1.00																2.00	2.00	3.00	3.00	3.00	3.00	5.00	6.00	7.00	8.00	8.00	8.00	8.00	9.00	9.00	9.00	9.00	9.00	9.00	10.00
30.00	30.00	30.00	30.00	30.00	31.00	34.00	38.00	40.00	43.00	45.00	59.00	60.00	61.00	62.00	62.00	60.00	58.00	57.00	59.00	105.00	112.00	135.00	103.00	91.00	86.00	83.00	81.00	79.00	76.00	71.00	66.00	64.00	79.00	166.00	211.00	261.00	281.00	311.00	305.00	288.00	286.00	271.00	228.00	183.00	171.00	162.00	152.00	204.00	211.00	160.00	141.00	183.00	186.00	171.00	176.00	170.00	170.00	175.00	180.00	181.00	193.00	200.00	228.00	295.00	256.00	210.00	186.00	198.00	198.00	166.00	175.00	186.00	198.00	263.00	285.00	297.00	301.00	301.00	242.00	213.00	184.00	162.00	156.00	177.00	198.00	198.00	205.00	215.00	234.00	239.00	237.00	224.00	218.00	209.00	202.00	233.00	203.00	228.00	254.00	261.00	294.00	315.00	333.00	345.00	352.00	361.00	364.00	368.00	381.00	403.00	416.00	425.00	419.00	391.00	405.00	426.00	399.00	373.00	364.00	359.00	352.00	352.00	363.00	346.00	334.00	328.00	315.00	297.00	290.00	284.00	278.00	272.00	263.00	257.00	250.00	241.00	238.00	242.00	249.00	250.00	250.00	245.00	243.00	238.00	232.00	227.00	227.00	228.00	226.00	222.00	220.00	224.00	230.00	239.00	235.00	224.00	213.00	208.00	192.00	185.00	174.00	163.00	159.00	153.00	152.00	152.00	149.00	146.00	146.00	141.00	135.00	130.00	118.00	113.00	112.00	112.00	114.00	115.00	111.00	105.00	101.00	104.00	103.00	101.00	93.00	76.00	61.00	52.00	46.00	35.00	28.00	28.00	26.00	24.00	20.00	20.00	19.00	17.00	16.00	17.00	19.00	19.00	19.00	19.00	19.00	20.00	19.00	20.00	20.00	20.00	17.00	14.00	10.00	10.00	9.00	8.00	7.00	4.00	3.00	1.00																2.00	2.00	3.00	3.00	3.00	3.00	5.00	6.00	7.00	8.00	8.00	8.00	8.00	9.00	9.00	9.00	9.00	9.00	9.00	10.00
40.00	31.00	30.00	30.00	30.00	30.00	30.00	31.00	32.00	36.00	38.00	51.00	51.00	50.00	50.00	49.00	54.00	57.00	64.00	71.00	79.00	82.00	96.00	99.00	99.00	88.00	83.00	80.00	74.00	74.00	77.00	81.00	82.00	143.00	192.00	218.00	265.00	278.00	291.00	253.00	218.00	222.00	247.00	199.00	148.00	108.00	100.00	104.00	122.00	119.00	136.00	190.00	190.00	174.00	170.00	170.00	170.00	170.00	171.00	174.00	177.00	215.00	268.00	306.00	256.00	197.00	149.00	140.00	140.00	142.00	158.00	176.00	194.00	200.00	291.00	332.00	308.00	315.00	293.00	217.00	174.00	159.00	157.00	173.00	195.00	201.00	212.00	240.00	240.00	240.00	240.00	231.00	200.00	200.00	200.00	200.00	200.00	246.00	264.00	272.00	278.00	311.00	333.00	342.00	339.00	334.00	338.00	341.00	347.00	361.00	383.00	382.00	358.00	342.00	341.00	378.00	343.00	331.00	332.00	332.00	330.00	329.00	329.00	329.00	317.00	315.00	313.00	304.00	284.00	278.00	269.00	263.00	256.00	237.00	232.00	230.00	228.00	218.00	215.00	219.00	223.00	224.00	216.00	213.00	210.00	207.00	206.00	206.00	206.00	204.00	200.00	187.00	183.00	198.00	225.00	202.00	201.00	200.00	198.00	171.00	161.00	153.00	150.00	149.00	145.00	143.00	141.00	138.00	133.00	126.00	123.00	123.00	121.00	109.00	105.00	105.00	103.00	103.00	102.00	95.00	89.00	82.00	72.00	65.00	60.00	59.00	56.00	54.00	51.00	47.00	39.00	30.00	29.00	26.00	24.00	20.00	19.00	20.00	19.00	17.00	11.00	11.00	11.00	10.00	12.00	13.00	14.00	14.00	14.00	15.00	15.00	12.00	11.00	9.00	8.00	7.00	7.00	5.00	5.00	5.00	3.00	2.00															1.00	1.00	2.00	2.00	4.00	5.00	7.00	8.00	8.00	8.00	9.00	9.00	9.00	10.00	10.00	10.00	10.00	9.00	9.00	10.00
43.00	31.00	30.00	30.00	30.00	30.00	30.00	30.00	30.00	30.00	33.00	40.00	40.00	40.00	44.00	51.00	62.00	70.00	75.00	79.00	81.00	84.00	91.00	91.00	90.00	81.00	79.00	76.00	76.00	80.00	89.00	112.00	132.00	218.00	209.00	241.00	262.00	270.00	274.00	249.00	205.00	200.00	203.00	198.00	150.00	136.00	139.00	131.00	110.00	114.00	136.00	155.00	168.00	173.00	170.00	170.00	168.00	167.00	167.00	170.00	186.00	293.00	281.00	261.00	205.00	145.00	137.00	136.00	136.00	138.00	163.00	202.00	201.00	206.00	296.00	320.00	288.00	252.00	215.00	176.00	161.00	159.00	158.00	193.00	207.00	219.00	230.00	238.00	240.00	237.00	226.00	209.00	223.00	202.00	200.00	204.00	230.00	277.00	282.00	286.00	292.00	301.00	315.00	320.00	315.00	317.00	337.00	340.00	343.00	347.00	341.00	340.00	344.00	345.00	328.00	313.00	304.00	310.00	315.00	319.00	320.00	320.00	319.00	314.00	302.00	297.00	290.00	283.00	269.00	263.00	257.00	248.00	237.00	220.00	214.00	212.00	210.00	200.00	195.00	191.00	192.00	194.00	190.00	185.00	184.00	184.00	184.00	185.00	185.00	181.00	174.00	157.00	150.00	148.00	156.00	180.00	189.00	187.00	179.00	148.00	142.00	139.00	137.00	135.00	132.00	135.00	137.00	133.00	130.00	127.00	127.00	122.00	117.00	103.00	99.00	95.00	92.00	90.00	88.00	80.00	74.00	67.00	58.00	54.00	53.00	53.00	50.00	46.00	44.00	40.00	34.00	29.00	27.00	25.00	24.00	20.00	19.00	17.00	15.00	12.00	10.00	9.00	8.00	8.00	9.00	10.00	10.00	10.00	9.00	9.00	9.00	9.00	8.00	6.00	5.00	5.00	5.00	6.00	5.00	4.00	4.00	4.00	5.00	3.00	1.00												1.00	1.00	2.00	3.00	5.00	6.00	8.00	8.00	8.00	9.00	9.00	9.00	9.00	10.00	10.00	10.00	9.00	9.00	9.00	10.00
43.00	31.00	30.00	30.00	30.00	30.00	30.00	30.00	30.00	30.00	33.00	40.00	40.00	40.00	44.00	51.00	62.00	70.00	75.00	79.00	81.00	84.00	91.00	91.00	90.00	81.00	79.00	76.00	76.00	80.00	89.00	112.00	132.00	218.00	209.00	241.00	262.00	270.00	274.00	249.00	205.00	200.00	203.00	198.00	150.00	136.00	139.00	131.00	110.00	114.00	136.00	155.00	168.00	173.00	170.00	170.00	168.00	167.00	167.00	170.00	186.00	293.00	281.00	261.00	205.00	145.00	137.00	136.00	136.00	138.00	163.00	202.00	201.00	206.00	296.00	320.00	288.00	252.00	215.00	176.00	161.00	159.00	158.00	193.00	207.00	219.00	230.00	238.00	240.00	237.00	226.00	209.00	223.00	202.00	200.00	204.00	230.00	277.00	282.00	286.00	292.00	301.00	315.00	320.00	315.00	317.00	337.00	340.00	343.00	347.00	341.00	340.00	344.00	345.00	328.00	313.00	304.00	310.00	315.00	319.00	320.00	320.00	319.00	314.00	302.00	297.00	290.00	283.00	269.00	263.00	257.00	248.00	237.00	220.00	214.00	212.00	210.00	200.00	195.00	191.00	192.00	194.00	190.00	185.00	184.00	184.00	184.00	185.00	185.00	181.00	174.00	157.00	150.00	148.00	156.00	180.00	189.00	187.00	179.00	148.00	142.00	139.00	137.00	135.00	132.00	135.00	137.00	133.00	130.00	127.00	127.00	122.00	117.00	103.00	99.00	95.00	92.00	90.00	88.00	80.00	74.00	67.00	58.00	54.00	53.00	53.00	50.00	46.00	44.00	40.00	34.00	29.00	27.00	25.00	24.00	20.00	19.00	17.00	15.00	12.00	10.00	9.00	8.00	8.00	9.00	10.00	10.00	10.00	9.00	9.00	9.00	9.00	8.00	6.00	5.00	5.00	5.00	6.00	5.00	4.00	4.00	4.00	5.00	3.00	1.00												1.00	1.00	2.00	3.00	5.00	6.00	8.00	8.00	8.00	9.00	9.00	9.00	9.00	10.00	10.00	10.00	9.00	9.00	9.00	10.00
43.00	31.00	30.00	30.00	30.00	30.00	30.00	30.00	30.00	30.00	33.00	40.00	40.00	40.00	44.00	51.00	62.00	70.00	75.00	79.00	81.00	84.00	91.00	91.00	90.00	81.00	79.00	76.00	76.00	80.00	89.00	112.00	132.00	218.00	209.00	241.00	262.00	270.00	274.00	249.00	205.00	200.00	203.00	198.00	150.00	136.00	139.00	131.00	110.00	114.00	136.00	155.00	168.00	173.00	170.00	170.00	168.00	167.00	167.00	170.00	186.00	293.00	281.00	261.00	205.00	145.00	137.00	136.00	136.00	138.00	163.00	202.00	201.00	206.00	296.00	320.00	288.00	252.00	215.00	176.00	161.00	159.00	158.00	193.00	207.00	219.00	230.00	238.00	240.00	237.00	226.00	209.00	223.00	202.00	200.00	204.00	230.00	277.00	282.00	286.00	292.00	301.00	315.00	320.00	315.00	317.00	337.00	340.00	343.00	347.00	341.00	340.00	344.00	345.00	328.00	313.00	304.00	310.00	315.00	319.00	320.00	320.00	319.00	314.00	302.00	297.00	290.00	283.00	269.00	263.00	257.00	248.00	237.00	220.00	214.00	212.00	210.00	200.00	195.00	191.00	192.00	194.00	190.00	185.00	184.00	184.00	184.00	185.00	185.00	181.00	174.00	157.00	150.00	148.00	156.00	180.00	189.00	187.00	179.00	148.00	142.00	139.00	137.00	135.00	132.00	135.00	137.00	133.00	130.00	127.00	127.00	122.00	117.00	103.00	99.00	95.00	92.00	90.00	88.00	80.00	74.00	67.00	58.00	54.00	53.00	53.00	50.00	46.00	44.00	40.00	34.00	29.00	27.00	25.00	24.00	20.00	19.00	17.00	15.00	12.00	10.00	9.00	8.00	8.00	9.00	10.00	10.00	10.00	9.00	9.00	9.00	9.00	8.00	6.00	5.00	5.00	5.00	6.00	5.00	4.00	4.00	4.00	5.00	3.00	1.00												1.00	1.00	2.00	3.00	5.00	6.00	8.00	8.00	8.00	9.00	9.00	9.00	9.00	10.00	10.00	10.00	9.00	9.00	9.00	10.00
41.00	37.00	38.00	32.00	30.00	30.00	30.00	30.00	30.00	30.00	31.00	40.00	40.00	40.00	45.00	61.00	138.00	115.00	81.00	81.00	94.00	99.00	87.00	83.00	81.00	79.00	79.00	79.00	81.00	82.00	80.00	81.00	110.00	187.00	190.00	202.00	230.00	261.00	263.00	238.00	206.00	212.00	218.00	203.00	236.00	242.00	202.00	144.00	139.00	139.00	139.00	146.00	177.00	221.00	170.00	167.00	163.00	166.00	180.00	210.00	254.00	243.00	234.00	212.00	164.00	135.00	130.00	131.00	135.00	139.00	175.00	192.00	202.00	220.00	298.00	278.00	240.00	203.00	190.00	162.00	159.00	160.00	165.00	202.00	213.00	205.00	207.00	222.00	229.00	215.00	204.00	203.00	209.00	214.00	229.00	253.00	272.00	274.00	278.00	280.00	283.00	288.00	293.00	298.00	300.00	302.00	323.00	318.00	322.00	331.00	338.00	333.00	323.00	303.00	283.00	281.00	292.00	299.00	307.00	320.00	320.00	315.00	308.00	300.00	289.00	281.00	275.00	262.00	251.00	246.00	238.00	227.00	218.00	203.00	195.00	193.00	193.00	180.00	172.00	164.00	163.00	164.00	159.00	168.00	171.00	169.00	168.00	167.00	160.00	157.00	152.00	129.00	121.00	113.00	110.00	132.00	153.00	167.00	163.00	132.00	130.00	127.00	125.00	127.00	138.00	146.00	150.00	149.00	151.00	142.00	139.00	135.00	128.00	108.00	101.00	95.00	87.00	78.00	76.00	70.00	64.00	60.00	50.00	48.00	47.00	46.00	42.00	40.00	38.00	37.00	33.00	31.00	30.00	29.00	27.00	23.00	20.00	17.00	15.00	12.00	9.00	8.00	8.00	7.00	8.00	8.00	8.00	8.00	7.00	6.00	6.00	6.00	5.00	6.00	9.00	10.00	12.00	12.00	8.00	8.00	7.00	8.00	14.00	15.00	13.00	10.00	8.00	4.00	2.00								2.00	3.00	3.00	4.00	6.00	6.00	7.00	8.00	8.00	8.00	9.00	9.00	9.00	9.00	9.00	9.00	9.00	9.00	9.00	9.00
45.00	40.00	40.00	30.00	30.00	30.00	30.00	31.00	30.00	30.00	30.00	33.00	32.00	35.00	57.00	106.00	140.00	108.00	80.00	86.00	93.00	88.00	81.00	80.00	80.00	80.00	80.00	80.00	80.00	80.00	80.00	80.00	86.00	97.00	100.00	105.00	141.00	201.00	256.00	231.00	247.00	232.00	206.00	224.00	252.00	233.00	179.00	140.00	134.00	134.00	140.00	152.00	223.00	212.00	163.00	159.00	181.00	219.00	264.00	280.00	242.00	179.00	170.00	154.00	140.00	125.00	128.00	133.00	140.00	166.00	189.00	195.00	210.00	261.00	250.00	220.00	188.00	164.00	157.00	144.00	157.00	168.00	168.00	180.00	180.00	199.00	200.00	204.00	207.00	200.00	200.00	200.00	209.00	221.00	234.00	245.00	258.00	266.00	271.00	274.00	278.00	281.00	284.00	285.00	282.00	275.00	282.00	287.00	289.00	291.00	291.00	281.00	275.00	272.00	273.00	278.00	293.00	297.00	300.00	312.00	301.00	297.00	294.00	283.00	273.00	265.00	258.00	225.00	220.00	212.00	202.00	199.00	199.00	188.00	173.00	160.00	162.00	143.00	139.00	124.00	116.00	117.00	114.00	117.00	117.00	107.00	104.00	103.00	104.00	101.00	95.00	91.00	88.00	84.00	80.00	88.00	95.00	104.00	112.00	111.00	116.00	120.00	125.00	129.00	147.00	157.00	168.00	176.00	176.00	168.00	159.00	150.00	142.00	120.00	108.00	100.00	89.00	70.00	66.00	59.00	57.00	54.00	47.00	46.00	45.00	44.00	42.00	41.00	40.00	39.00	37.00	33.00	31.00	30.00	30.00	27.00	22.00	18.00	15.00	11.00	9.00	8.00	7.00	6.00	6.00	6.00	6.00	5.00	5.00	4.00	3.00	4.00	5.00	6.00	5.00	4.00	4.00	3.00	2.00	1.00	1.00	1.00	4.00	3.00	3.00	3.00	3.00	3.00	4.00	5.00	5.00	3.00					3.00	4.00	6.00	5.00	6.00	6.00	7.00	7.00	7.00	7.00	8.00	8.00	8.00	8.00	9.00	9.00	9.00	8.00	9.00	9.00
45.00	40.00	40.00	30.00	30.00	30.00	30.00	31.00	30.00	30.00	30.00	33.00	32.00	35.00	57.00	106.00	140.00	108.00	80.00	86.00	93.00	88.00	81.00	80.00	80.00	80.00	80.00	80.00	80.00	80.00	80.00	80.00	86.00	97.00	100.00	105.00	141.00	201.00	256.00	231.00	247.00	232.00	206.00	224.00	252.00	233.00	179.00	140.00	134.00	134.00	140.00	152.00	223.00	212.00	163.00	159.00	181.00	219.00	264.00	280.00	242.00	179.00	170.00	154.00	140.00	125.00	128.00	133.00	140.00	166.00	189.00	195.00	210.00	261.00	250.00	220.00	188.00	164.00	157.00	144.00	157.00	168.00	168.00	180.00	180.00	199.00	200.00	204.00	207.00	200.00	200.00	200.00	209.00	221.00	234.00	245.00	258.00	266.00	271.00	274.00	278.00	281.00	284.00	285.00	282.00	275.00	282.00	287.00	289.00	291.00	291.00	281.00	275.00	272.00	273.00	278.00	293.00	297.00	300.00	312.00	301.00	297.00	294.00	283.00	273.00	265.00	258.00	225.00	220.00	212.00	202.00	199.00	199.00	188.00	173.00	160.00	162.00	143.00	139.00	124.00	116.00	117.00	114.00	117.00	117.00	107.00	104.00	103.00	104.00	101.00	95.00	91.00	88.00	84.00	80.00	88.00	95.00	104.00	112.00	111.00	116.00	120.00	125.00	129.00	147.00	157.00	168.00	176.00	176.00	168.00	159.00	150.00	142.00	120.00	108.00	100.00	89.00	70.00	66.00	59.00	57.00	54.00	47.00	46.00	45.00	44.00	42.00	41.00	40.00	39.00	37.00	33.00	31.00	30.00	30.00	27.00	22.00	18.00	15.00	11.00	9.00	8.00	7.00	6.00	6.00	6.00	6.00	5.00	5.00	4.00	3.00	4.00	5.00	6.00	5.00	4.00	4.00	3.00	2.00	1.00	1.00	1.00	4.00	3.00	3.00	3.00	3.00	3.00	4.00	5.00	5.00	3.00					3.00	4.00	6.00	5.00	6.00	6.00	7.00	7.00	7.00	7.00	8.00	8.00	8.00	8.00	9.00	9.00	9.00	8.00	9.00	9.00
51.00	42.00	39.00	30.00	30.00	31.00	35.00	34.00	32.00	31.00	30.00	30.00	30.00	30.00	37.00	74.00	97.00	93.00	87.00	94.00	81.00	80.00	80.00	80.00	80.00	80.00	80.00	80.00	80.00	80.00	80.00	80.00	83.00	97.00	100.00	100.00	100.00	111.00	203.00	199.00	180.00	148.00	153.00	248.00	240.00	229.00	206.00	140.00	128.00	124.00	133.00	150.00	179.00	166.00	154.00	161.00	228.00	237.00	228.00	219.00	184.00	139.00	139.00	136.00	123.00	124.00	131.00	137.00	149.00	169.00	200.00	232.00	251.00	257.00	184.00	151.00	142.00	142.00	141.00	140.00	141.00	140.00	139.00	157.00	168.00	179.00	179.00	192.00	201.00	211.00	224.00	252.00	262.00	257.00	253.00	257.00	260.00	261.00	261.00	264.00	270.00	278.00	275.00	268.00	257.00	255.00	256.00	252.00	248.00	245.00	248.00	250.00	253.00	255.00	256.00	247.00	242.00	239.00	221.00	184.00	190.00	188.00	179.00	178.00	147.00	137.00	117.00	78.00	78.00	67.00	58.00	55.00	59.00	60.00	55.00	56.00	66.00	51.00	37.00	25.00	17.00	8.00	4.00	4.00	6.00	9.00	14.00	19.00	27.00	31.00	42.00	57.00	57.00	59.00	59.00	65.00	73.00	79.00	81.00	106.00	108.00	114.00	128.00	134.00	149.00	158.00	165.00	169.00	177.00	165.00	156.00	149.00	142.00	125.00	111.00	103.00	92.00	64.00	56.00	49.00	48.00	46.00	40.00	40.00	40.00	41.00	40.00	40.00	40.00	39.00	34.00	30.00	30.00	27.00	24.00	20.00	18.00	16.00	13.00	11.00	10.00	9.00	8.00	6.00	5.00	4.00	3.00	3.00	2.00	1.00	1.00																					1.00	2.00	2.00	1.00		2.00	2.00	3.00	4.00	4.00	5.00	5.00	6.00	6.00	6.00	6.00	7.00	7.00	8.00	8.00	8.00	8.00	8.00	8.00	8.00
50.00	39.00	36.00	30.00	30.00	31.00	31.00	31.00	30.00	30.00	31.00	38.00	31.00	34.00	47.00	67.00	93.00	104.00	102.00	86.00	91.00	96.00	83.00	80.00	80.00	80.00	80.00	81.00	86.00	105.00	91.00	89.00	86.00	99.00	100.00	117.00	153.00	183.00	114.00	92.00	92.00	100.00	154.00	222.00	209.00	185.00	155.00	123.00	116.00	122.00	136.00	155.00	159.00	150.00	170.00	193.00	189.00	158.00	144.00	148.00	141.00	124.00	121.00	117.00	113.00	133.00	139.00	141.00	167.00	193.00	218.00	233.00	230.00	212.00	139.00	138.00	139.00	142.00	154.00	135.00	126.00	124.00	133.00	151.00	152.00	135.00	136.00	143.00	256.00	306.00	318.00	333.00	334.00	330.00	313.00	277.00	260.00	257.00	257.00	258.00	259.00	252.00	240.00	234.00	235.00	236.00	220.00	210.00	204.00	198.00	182.00	178.00	161.00	137.00	110.00	74.00	44.00	39.00	30.00	18.00	16.00	13.00	12.00	13.00	13.00	12.00	14.00	18.00	17.00	15.00	12.00	10.00	8.00	5.00	5.00	6.00	8.00	5.00	4.00	4.00	4.00	4.00	4.00	4.00	4.00	4.00	6.00	10.00	26.00	33.00	38.00	48.00	48.00	48.00	50.00	60.00	61.00	68.00	76.00	90.00	97.00	107.00	123.00	131.00	144.00	149.00	153.00	156.00	158.00	149.00	142.00	137.00	130.00	115.00	106.00	98.00	85.00	56.00	49.00	41.00	40.00	40.00	39.00	38.00	37.00	37.00	37.00	37.00	37.00	36.00	33.00	30.00	29.00	28.00	23.00	17.00	16.00	13.00	11.00	10.00	7.00	7.00	6.00	5.00	3.00	2.00	1.00																																1.00	2.00	3.00	3.00	4.00	4.00	4.00	5.00	5.00	6.00	6.00	6.00	7.00	7.00	7.00	7.00	7.00	7.00
50.00	39.00	36.00	30.00	30.00	31.00	31.00	31.00	30.00	30.00	31.00	38.00	31.00	34.00	47.00	67.00	93.00	104.00	102.00	86.00	91.00	96.00	83.00	80.00	80.00	80.00	80.00	81.00	86.00	105.00	91.00	89.00	86.00	99.00	100.00	117.00	153.00	183.00	114.00	92.00	92.00	100.00	154.00	222.00	209.00	185.00	155.00	123.00	116.00	122.00	136.00	155.00	159.00	150.00	170.00	193.00	189.00	158.00	144.00	148.00	141.00	124.00	121.00	117.00	113.00	133.00	139.00	141.00	167.00	193.00	218.00	233.00	230.00	212.00	139.00	138.00	139.00	142.00	154.00	135.00	126.00	124.00	133.00	151.00	152.00	135.00	136.00	143.00	256.00	306.00	318.00	333.00	334.00	330.00	313.00	277.00	260.00	257.00	257.00	258.00	259.00	252.00	240.00	234.00	235.00	236.00	220.00	210.00	204.00	198.00	182.00	178.00	161.00	137.00	110.00	74.00	44.00	39.00	30.00	18.00	16.00	13.00	12.00	13.00	13.00	12.00	14.00	18.00	17.00	15.00	12.00	10.00	8.00	5.00	5.00	6.00	8.00	5.00	4.00	4.00	4.00	4.00	4.00	4.00	4.00	4.00	6.00	10.00	26.00	33.00	38.00	48.00	48.00	48.00	50.00	60.00	61.00	68.00	76.00	90.00	97.00	107.00	123.00	131.00	144.00	149.00	153.00	156.00	158.00	149.00	142.00	137.00	130.00	115.00	106.00	98.00	85.00	56.00	49.00	41.00	40.00	40.00	39.00	38.00	37.00	37.00	37.00	37.00	37.00	36.00	33.00	30.00	29.00	28.00	23.00	17.00	16.00	13.00	11.00	10.00	7.00	7.00	6.00	5.00	3.00	2.00	1.00																																1.00	2.00	3.00	3.00	4.00	4.00	4.00	5.00	5.00	6.00	6.00	6.00	7.00	7.00	7.00	7.00	7.00	7.00
42.00	36.00	32.00	30.00	30.00	30.00	29.00	27.00	27.00	31.00	67.00	128.00	72.00	44.00	60.00	82.00	100.00	91.00	79.00	75.00	101.00	116.00	97.00	84.00	80.00	81.00	95.00	117.00	142.00	144.00	116.00	100.00	89.00	88.00	105.00	174.00	215.00	181.00	81.00	88.00	124.00	176.00	192.00	164.00	163.00	137.00	112.00	111.00	129.00	153.00	169.00	153.00	142.00	156.00	184.00	172.00	131.00	127.00	125.00	122.00	117.00	106.00	105.00	104.00	126.00	137.00	139.00	160.00	189.00	189.00	198.00	208.00	190.00	164.00	132.00	135.00	137.00	147.00	157.00	125.00	121.00	120.00	122.00	122.00	125.00	116.00	117.00	129.00	255.00	312.00	333.00	346.00	337.00	326.00	302.00	278.00	258.00	244.00	245.00	244.00	238.00	217.00	206.00	204.00	202.00	197.00	141.00	114.00	97.00	85.00	71.00	59.00	46.00	39.00	34.00	27.00	20.00	20.00	17.00	12.00	11.00	10.00	10.00	8.00	6.00	7.00	9.00	9.00	8.00	9.00	10.00	9.00	5.00	3.00	4.00	4.00	5.00	4.00	4.00	4.00	4.00	4.00	4.00	4.00	4.00	4.00	10.00	14.00	22.00	25.00	29.00	35.00	37.00	35.00	36.00	48.00	51.00	58.00	63.00	79.00	90.00	98.00	107.00	114.00	121.00	125.00	131.00	136.00	134.00	131.00	126.00	119.00	112.00	104.00	95.00	83.00	68.00	49.00	43.00	39.00	36.00	37.00	40.00	40.00	39.00	37.00	35.00	35.00	36.00	34.00	32.00	30.00	29.00	25.00	22.00	17.00	16.00	15.00	13.00	11.00	9.00	8.00	6.00	4.00	1.00																																				1.00	1.00	2.00	3.00	3.00	4.00	4.00	4.00	4.00	6.00	6.00	6.00	6.00	6.00	6.00	6.00
42.00	36.00	32.00	30.00	30.00	30.00	29.00	27.00	27.00	31.00	67.00	128.00	72.00	44.00	60.00	82.00	100.00	91.00	79.00	75.00	101.00	116.00	97.00	84.00	80.00	81.00	95.00	117.00	142.00	144.00	116.00	100.00	89.00	88.00	105.00	174.00	215.00	181.00	81.00	88.00	124.00	176.00	192.00	164.00	163.00	137.00	112.00	111.00	129.00	153.00	169.00	153.00	142.00	156.00	184.00	172.00	131.00	127.00	125.00	122.00	117.00	106.00	105.00	104.00	126.00	137.00	139.00	160.00	189.00	189.00	198.00	208.00	190.00	164.00	132.00	135.00	137.00	147.00	157.00	125.00	121.00	120.00	122.00	122.00	125.00	116.00	117.00	129.00	255.00	312.00	333.00	346.00	337.00	326.00	302.00	278.00	258.00	244.00	245.00	244.00	238.00	217.00	206.00	204.00	202.00	197.00	141.00	114.00	97.00	85.00	71.00	59.00	46.00	39.00	34.00	27.00	20.00	20.00	17.00	12.00	11.00	10.00	10.00	8.00	6.00	7.00	9.00	9.00	8.00	9.00	10.00	9.00	5.00	3.00	4.00	4.00	5.00	4.00	4.00	4.00	4.00	4.00	4.00	4.00	4.00	4.00	10.00	14.00	22.00	25.00	29.00	35.00	37.00	35.00	36.00	48.00	51.00	58.00	63.00	79.00	90.00	98.00	107.00	114.00	121.00	125.00	131.00	136.00	134.00	131.00	126.00	119.00	112.00	104.00	95.00	83.00	68.00	49.00	43.00	39.00	36.00	37.00	40.00	40.00	39.00	37.00	35.00	35.00	36.00	34.00	32.00	30.00	29.00	25.00	22.00	17.00	16.00	15.00	13.00	11.00	9.00	8.00	6.00	4.00	1.00																																				1.00	1.00	2.00	3.00	3.00	4.00	4.00	4.00	4.00	6.00	6.00	6.00	6.00	6.00	6.00	6.00
43.00	35.00	31.00	30.00	30.00	26.00	23.00	27.00	35.00	75.00	136.00	140.00	69.00	37.00	50.00	79.00	91.00	80.00	68.00	69.00	91.00	102.00	101.00	86.00	81.00	97.00	105.00	139.00	144.00	120.00	110.00	101.00	89.00	80.00	83.00	106.00	123.00	91.00	87.00	106.00	135.00	124.00	116.00	115.00	105.00	100.00	100.00	113.00	120.00	129.00	126.00	124.00	138.00	156.00	162.00	135.00	114.00	108.00	104.00	101.00	100.00	98.00	96.00	104.00	167.00	105.00	133.00	148.00	147.00	155.00	158.00	143.00	130.00	124.00	123.00	123.00	122.00	123.00	123.00	120.00	131.00	145.00	123.00	114.00	109.00	107.00	114.00	129.00	243.00	276.00	292.00	280.00	266.00	278.00	270.00	264.00	255.00	240.00	238.00	233.00	226.00	205.00	198.00	182.00	162.00	141.00	81.00	70.00	57.00	51.00	42.00	37.00	32.00	28.00	27.00	22.00	20.00	20.00	18.00	10.00	10.00	9.00	8.00	5.00	1.00	1.00								1.00	1.00	1.00	2.00	4.00	4.00	4.00	4.00	4.00	4.00	4.00	4.00	4.00	12.00	16.00	20.00	22.00	24.00	27.00	28.00	30.00	34.00	40.00	44.00	53.00	53.00	60.00	65.00	71.00	81.00	91.00	97.00	102.00	106.00	107.00	104.00	100.00	95.00	91.00	92.00	79.00	67.00	55.00	47.00	40.00	40.00	40.00	37.00	33.00	37.00	38.00	39.00	39.00	38.00	35.00	33.00	31.00	30.00	28.00	27.00	24.00	21.00	19.00	18.00	17.00	15.00	14.00	9.00	7.00	4.00	2.00	0.00																																						1.00	1.00	1.00	2.00	3.00	3.00	4.00	4.00	4.00	5.00	5.00	6.00	5.00	6.00
42.00	32.00	30.00	29.00	23.00	20.00	20.00	27.00	29.00	27.00	46.00	55.00	34.00	35.00	42.00	50.00	65.00	60.00	56.00	64.00	85.00	96.00	105.00	120.00	160.00	149.00	135.00	110.00	102.00	130.00	123.00	105.00	114.00	78.00	68.00	82.00	92.00	99.00	73.00	62.00	60.00	62.00	84.00	96.00	93.00	92.00	89.00	90.00	96.00	102.00	105.00	120.00	144.00	135.00	110.00	103.00	91.00	95.00	104.00	99.00	91.00	86.00	93.00	100.00	95.00	100.00	108.00	114.00	116.00	126.00	111.00	106.00	105.00	107.00	111.00	111.00	114.00	118.00	117.00	113.00	110.00	113.00	111.00	104.00	101.00	102.00	104.00	103.00	118.00	127.00	163.00	172.00	160.00	178.00	200.00	235.00	249.00	235.00	213.00	187.00	190.00	196.00	178.00	134.00	95.00	80.00	56.00	51.00	47.00	42.00	30.00	26.00	25.00	23.00	21.00	20.00	19.00	19.00	18.00	12.00	10.00	8.00	6.00	4.00	1.00													1.00	2.00	3.00	4.00	5.00	4.00	4.00	5.00	6.00	17.00	20.00	22.00	23.00	25.00	28.00	30.00	30.00	31.00	32.00	32.00	37.00	45.00	48.00	52.00	61.00	71.00	77.00	82.00	87.00	90.00	88.00	84.00	76.00	70.00	67.00	62.00	48.00	37.00	32.00	35.00	35.00	37.00	35.00	32.00	30.00	29.00	31.00	33.00	34.00	32.00	31.00	31.00	30.00	29.00	26.00	25.00	24.00	23.00	21.00	20.00	19.00	17.00	15.00	9.00	8.00	5.00	3.00	0.00																																									1.00	1.00	2.00	2.00	3.00	4.00	4.00	5.00	5.00	5.00	6.00
42.00	32.00	30.00	29.00	23.00	20.00	20.00	27.00	29.00	27.00	46.00	55.00	34.00	35.00	42.00	50.00	65.00	60.00	56.00	64.00	85.00	96.00	105.00	120.00	160.00	149.00	135.00	110.00	102.00	130.00	123.00	105.00	114.00	78.00	68.00	82.00	92.00	99.00	73.00	62.00	60.00	62.00	84.00	96.00	93.00	92.00	89.00	90.00	96.00	102.00	105.00	120.00	144.00	135.00	110.00	103.00	91.00	95.00	104.00	99.00	91.00	86.00	93.00	100.00	95.00	100.00	108.00	114.00	116.00	126.00	111.00	106.00	105.00	107.00	111.00	111.00	114.00	118.00	117.00	113.00	110.00	113.00	111.00	104.00	101.00	102.00	104.00	103.00	118.00	127.00	163.00	172.00	160.00	178.00	200.00	235.00	249.00	235.00	213.00	187.00	190.00	196.00	178.00	134.00	95.00	80.00	56.00	51.00	47.00	42.00	30.00	26.00	25.00	23.00	21.00	20.00	19.00	19.00	18.00	12.00	10.00	8.00	6.00	4.00	1.00													1.00	2.00	3.00	4.00	5.00	4.00	4.00	5.00	6.00	17.00	20.00	22.00	23.00	25.00	28.00	30.00	30.00	31.00	32.00	32.00	37.00	45.00	48.00	52.00	61.00	71.00	77.00	82.00	87.00	90.00	88.00	84.00	76.00	70.00	67.00	62.00	48.00	37.00	32.00	35.00	35.00	37.00	35.00	32.00	30.00	29.00	31.00	33.00	34.00	32.00	31.00	31.00	30.00	29.00	26.00	25.00	24.00	23.00	21.00	20.00	19.00	17.00	15.00	9.00	8.00	5.00	3.00	0.00																																									1.00	1.00	2.00	2.00	3.00	4.00	4.00	5.00	5.00	5.00	6.00
35.00	30.00	30.00	27.00	22.00	20.00	20.00	47.00	29.00	20.00	19.00	24.00	25.00	29.00	33.00	38.00	44.00	44.00	49.00	61.00	86.00	102.00	117.00	109.00	107.00	83.00	62.00	45.00	47.00	73.00	58.00	56.00	62.00	50.00	77.00	91.00	84.00	82.00	77.00	78.00	66.00	60.00	99.00	68.00	61.00	56.00	56.00	61.00	68.00	81.00	96.00	105.00	113.00	91.00	74.00	64.00	61.00	72.00	82.00	76.00	73.00	82.00	85.00	84.00	79.00	90.00	95.00	96.00	97.00	100.00	98.00	98.00	97.00	97.00	100.00	101.00	105.00	106.00	104.00	100.00	100.00	101.00	101.00	99.00	99.00	100.00	100.00	97.00	94.00	97.00	103.00	118.00	113.00	112.00	108.00	107.00	112.00	103.00	94.00	84.00	83.00	68.00	63.00	53.00	48.00	45.00	38.00	35.00	32.00	29.00	24.00	21.00	20.00	20.00	19.00	18.00	12.00	11.00	10.00	10.00	8.00	6.00	4.00	2.00																2.00	5.00	5.00	5.00	5.00	8.00	11.00	18.00	20.00	23.00	26.00	27.00	28.00	29.00	31.00	32.00	32.00	34.00	36.00	38.00	44.00	48.00	57.00	54.00	56.00	65.00	72.00	72.00	68.00	63.00	55.00	51.00	47.00	43.00	34.00	31.00	30.00	30.00	29.00	29.00	29.00	29.00	28.00	26.00	26.00	28.00	28.00	27.00	27.00	27.00	28.00	27.00	25.00	23.00	23.00	22.00	20.00	19.00	18.00	17.00	15.00	10.00	9.00	7.00	5.00	3.00	2.00																																												1.00	2.00	3.00	4.00	4.00	5.00	5.00
31.00	28.00	26.00	20.00	19.00	18.00	18.00	15.00	14.00	13.00	11.00	17.00	20.00	22.00	26.00	30.00	37.00	37.00	39.00	45.00	74.00	91.00	66.00	38.00	25.00	13.00	5.00	1.00					3.00	17.00	32.00	16.00	10.00	14.00	26.00	37.00	44.00	47.00	48.00	37.00	37.00	37.00	34.00	27.00	25.00	25.00	29.00	38.00	70.00	58.00	48.00	47.00	54.00	57.00	59.00	62.00	66.00	66.00	64.00	65.00	66.00	72.00	78.00	82.00	87.00	87.00	84.00	84.00	83.00	84.00	100.00	100.00	100.00	100.00	100.00	100.00	100.00	100.00	98.00	94.00	94.00	94.00	91.00	86.00	84.00	86.00	87.00	89.00	94.00	94.00	93.00	89.00	78.00	69.00	63.00	61.00	60.00	58.00	52.00	47.00	37.00	31.00	22.00	22.00	21.00	20.00	15.00	13.00	13.00	13.00	12.00	11.00	10.00	10.00	8.00	4.00	3.00	2.00	1.00																		1.00	1.00	3.00	4.00	8.00	12.00	18.00	20.00	26.00	30.00	30.00	32.00	35.00	39.00	40.00	39.00	38.00	38.00	37.00	36.00	37.00	39.00	38.00	36.00	42.00	45.00	44.00	42.00	41.00	36.00	29.00	24.00	22.00	21.00	24.00	23.00	22.00	21.00	23.00	23.00	23.00	24.00	24.00	23.00	22.00	22.00	20.00	20.00	19.00	19.00	20.00	22.00	22.00	21.00	20.00	20.00	19.00	18.00	17.00	16.00	11.00	11.00	10.00	9.00	5.00	4.00	4.00	3.00	1.00																																										1.00	2.00	3.00	4.00	4.00	3.00
31.00	28.00	26.00	20.00	19.00	18.00	18.00	15.00	14.00	13.00	11.00	17.00	20.00	22.00	26.00	30.00	37.00	37.00	39.00	45.00	74.00	91.00	66.00	38.00	25.00	13.00	5.00	1.00					3.00	17.00	32.00	16.00	10.00	14.00	26.00	37.00	44.00	47.00	48.00	37.00	37.00	37.00	34.00	27.00	25.00	25.00	29.00	38.00	70.00	58.00	48.00	47.00	54.00	57.00	59.00	62.00	66.00	66.00	64.00	65.00	66.00	72.00	78.00	82.00	87.00	87.00	84.00	84.00	83.00	84.00	100.00	100.00	100.00	100.00	100.00	100.00	100.00	100.00	98.00	94.00	94.00	94.00	91.00	86.00	84.00	86.00	87.00	89.00	94.00	94.00	93.00	89.00	78.00	69.00	63.00	61.00	60.00	58.00	52.00	47.00	37.00	31.00	22.00	22.00	21.00	20.00	15.00	13.00	13.00	13.00	12.00	11.00	10.00	10.00	8.00	4.00	3.00	2.00	1.00																		1.00	1.00	3.00	4.00	8.00	12.00	18.00	20.00	26.00	30.00	30.00	32.00	35.00	39.00	40.00	39.00	38.00	38.00	37.00	36.00	37.00	39.00	38.00	36.00	42.00	45.00	44.00	42.00	41.00	36.00	29.00	24.00	22.00	21.00	24.00	23.00	22.00	21.00	23.00	23.00	23.00	24.00	24.00	23.00	22.00	22.00	20.00	20.00	19.00	19.00	20.00	22.00	22.00	21.00	20.00	20.00	19.00	18.00	17.00	16.00	11.00	11.00	10.00	9.00	5.00	4.00	4.00	3.00	1.00																																										1.00	2.00	3.00	4.00	4.00	3.00
29.00	22.00	20.00	16.00	13.00	11.00	11.00	9.00	8.00	9.00	10.00	11.00	13.00	14.00	15.00	16.00	23.00	23.00	24.00	24.00	21.00	14.00	6.00	3.00	1.00										1.00	6.00	9.00	11.00	19.00	22.00	26.00	25.00	23.00	19.00	21.00	21.00	20.00	19.00	18.00	17.00	21.00	41.00	43.00	38.00	36.00	38.00	43.00	47.00	52.00	55.00	56.00	57.00	58.00	57.00	59.00	61.00	66.00	71.00	73.00	71.00	68.00	74.00	85.00	90.00	99.00	100.00	98.00	93.00	92.00	95.00	97.00	96.00	92.00	86.00	85.00	83.00	79.00	75.00	74.00	74.00	75.00	76.00	82.00	82.00	82.00	81.00	72.00	59.00	56.00	54.00	51.00	50.00	48.00	40.00	31.00	28.00	20.00	18.00	15.00	13.00	10.00	9.00	8.00	7.00	8.00	10.00	7.00	3.00	1.00																							1.00	4.00	6.00	10.00	13.00	17.00	20.00	25.00	28.00	31.00	39.00	40.00	40.00	40.00	40.00	39.00	37.00	36.00	32.00	30.00	28.00	23.00	19.00	19.00	22.00	23.00	22.00	23.00	20.00	20.00	20.00	20.00	20.00	19.00	17.00	16.00	17.00	19.00	20.00	19.00	19.00	21.00	21.00	20.00	19.00	15.00	14.00	12.00	10.00	9.00	12.00	14.00	15.00	15.00	18.00	17.00	16.00	14.00	14.00	11.00	10.00	9.00	6.00	4.00	3.00	1.00																																														1.00	2.00	2.00	2.00
29.00	22.00	20.00	16.00	13.00	11.00	11.00	9.00	8.00	9.00	10.00	11.00	13.00	14.00	15.00	16.00	23.00	23.00	24.00	24.00	21.00	14.00	6.00	3.00	1.00										1.00	6.00	9.00	11.00	19.00	22.00	26.00	25.00	23.00	19.00	21.00	21.00	20.00	19.00	18.00	17.00	21.00	41.00	43.00	38.00	36.00	38.00	43.00	47.00	52.00	55.00	56.00	57.00	58.00	57.00	59.00	61.00	66.00	71.00	73.00	71.00	68.00	74.00	85.00	90.00	99.00	100.00	98.00	93.00	92.00	95.00	97.00	96.00	92.00	86.00	85.00	83.00	79.00	75.00	74.00	74.00	75.00	76.00	82.00	82.00	82.00	81.00	72.00	59.00	56.00	54.00	51.00	50.00	48.00	40.00	31.00	28.00	20.00	18.00	15.00	13.00	10.00	9.00	8.00	7.00	8.00	10.00	7.00	3.00	1.00																							1.00	4.00	6.00	10.00	13.00	17.00	20.00	25.00	28.00	31.00	39.00	40.00	40.00	40.00	40.00	39.00	37.00	36.00	32.00	30.00	28.00	23.00	19.00	19.00	22.00	23.00	22.00	23.00	20.00	20.00	20.00	20.00	20.00	19.00	17.00	16.00	17.00	19.00	20.00	19.00	19.00	21.00	21.00	20.00	19.00	15.00	14.00	12.00	10.00	9.00	12.00	14.00	15.00	15.00	18.00	17.00	16.00	14.00	14.00	11.00	10.00	9.00	6.00	4.00	3.00	1.00																																														1.00	2.00	2.00	2.00
22.00	20.00	19.00	13.00	11.00	10.00	10.00	7.00	6.00	7.00	7.00	6.00	6.00	6.00	6.00	7.00	13.00	18.00	15.00	13.00	11.00	9.00	1.00														3.00	4.00	9.00	8.00	8.00	5.00	3.00	7.00	12.00	15.00	17.00	14.00	13.00	19.00	30.00	36.00	25.00	25.00	27.00	28.00	34.00	39.00	42.00	42.00	42.00	42.00	42.00	42.00	49.00	58.00	60.00	61.00	61.00	59.00	62.00	70.00	91.00	95.00	88.00	91.00	84.00	80.00	80.00	86.00	90.00	87.00	84.00	77.00	76.00	67.00	63.00	62.00	63.00	64.00	65.00	65.00	70.00	73.00	72.00	68.00	60.00	47.00	43.00	41.00	39.00	34.00	30.00	29.00	28.00	24.00	12.00	9.00	7.00	6.00	2.00	1.00	1.00	1.00	1.00																												4.00	9.00	12.00	14.00	18.00	20.00	24.00	26.00	28.00	34.00	34.00	35.00	36.00	36.00	34.00	33.00	32.00	28.00	24.00	20.00	16.00	12.00	11.00	11.00	12.00	13.00	15.00	18.00	19.00	18.00	18.00	18.00	17.00	15.00	15.00	15.00	18.00	17.00	15.00	15.00	15.00	15.00	14.00	12.00	5.00	3.00	1.00					2.00	3.00	5.00	5.00	5.00	7.00	7.00	6.00	7.00	5.00	2.00																																																				
22.00	20.00	19.00	13.00	11.00	10.00	10.00	7.00	6.00	7.00	7.00	6.00	6.00	6.00	6.00	7.00	13.00	18.00	15.00	13.00	11.00	9.00	1.00														3.00	4.00	9.00	8.00	8.00	5.00	3.00	7.00	12.00	15.00	17.00	14.00	13.00	19.00	30.00	36.00	25.00	25.00	27.00	28.00	34.00	39.00	42.00	42.00	42.00	42.00	42.00	42.00	49.00	58.00	60.00	61.00	61.00	59.00	62.00	70.00	91.00	95.00	88.00	91.00	84.00	80.00	80.00	86.00	90.00	87.00	84.00	77.00	76.00	67.00	63.00	62.00	63.00	64.00	65.00	65.00	70.00	73.00	72.00	68.00	60.00	47.00	43.00	41.00	39.00	34.00	30.00	29.00	28.00	24.00	12.00	9.00	7.00	6.00	2.00	1.00	1.00	1.00	1.00																												4.00	9.00	12.00	14.00	18.00	20.00	24.00	26.00	28.00	34.00	34.00	35.00	36.00	36.00	34.00	33.00	32.00	28.00	24.00	20.00	16.00	12.00	11.00	11.00	12.00	13.00	15.00	18.00	19.00	18.00	18.00	18.00	17.00	15.00	15.00	15.00	18.00	17.00	15.00	15.00	15.00	15.00	14.00	12.00	5.00	3.00	1.00					2.00	3.00	5.00	5.00	5.00	7.00	7.00	6.00	7.00	5.00	2.00																																																				
22.00	20.00	19.00	13.00	11.00	10.00	10.00	7.00	6.00	7.00	7.00	6.00	6.00	6.00	6.00	7.00	13.00	18.00	15.00	13.00	11.00	9.00	1.00														3.00	4.00	9.00	8.00	8.00	5.00	3.00	7.00	12.00	15.00	17.00	14.00	13.00	19.00	30.00	36.00	25.00	25.00	27.00	28.00	34.00	39.00	42.00	42.00	42.00	42.00	42.00	42.00	49.00	58.00	60.00	61.00	61.00	59.00	62.00	70.00	91.00	95.00	88.00	91.00	84.00	80.00	80.00	86.00	90.00	87.00	84.00	77.00	76.00	67.00	63.00	62.00	63.00	64.00	65.00	65.00	70.00	73.00	72.00	68.00	60.00	47.00	43.00	41.00	39.00	34.00	30.00	29.00	28.00	24.00	12.00	9.00	7.00	6.00	2.00	1.00	1.00	1.00	1.00																												4.00	9.00	12.00	14.00	18.00	20.00	24.00	26.00	28.00	34.00	34.00	35.00	36.00	36.00	34.00	33.00	32.00	28.00	24.00	20.00	16.00	12.00	11.00	11.00	12.00	13.00	15.00	18.00	19.00	18.00	18.00	18.00	17.00	15.00	15.00	15.00	18.00	17.00	15.00	15.00	15.00	15.00	14.00	12.00	5.00	3.00	1.00					2.00	3.00	5.00	5.00	5.00	7.00	7.00	6.00	7.00	5.00	2.00																																																				
17.00	15.00	14.00	11.00	10.00	10.00	9.00	6.00	4.00	4.00	4.00	1.00	1.00	1.00	1.00	3.00	13.00	14.00	7.00	3.00	2.00	2.00																							2.00	7.00	8.00	9.00	14.00	21.00	26.00	24.00	20.00	20.00	19.00	19.00	25.00	31.00	31.00	27.00	27.00	27.00	28.00	29.00	36.00	38.00	36.00	39.00	45.00	42.00	45.00	48.00	53.00	56.00	79.00	80.00	80.00	80.00	82.00	83.00	82.00	78.00	73.00	64.00	62.00	60.00	58.00	56.00	56.00	56.00	53.00	46.00	53.00	54.00	54.00	49.00	34.00	28.00	28.00	30.00	29.00	26.00	23.00	21.00	21.00	21.00	4.00	1.00																																			1.00	4.00	8.00	12.00	18.00	20.00	22.00	23.00	25.00	28.00	29.00	29.00	30.00	30.00	30.00	29.00	28.00	23.00	20.00	16.00	11.00	9.00	7.00	7.00	9.00	10.00	14.00	15.00	15.00	14.00	14.00	13.00	13.00	13.00	14.00	13.00	13.00	12.00	10.00	10.00	6.00	4.00	3.00	1.00																																																																						
10.00	10.00	10.00	10.00	10.00	9.00	7.00	4.00	3.00	2.00	2.00			1.00	1.00	4.00	9.00	9.00	4.00	1.00																												2.00	5.00	11.00	13.00	14.00	11.00	12.00	13.00	12.00	18.00	23.00	22.00	20.00	18.00	16.00	18.00	18.00	15.00	8.00	6.00	7.00	10.00	12.00	16.00	12.00	12.00	38.00	77.00	75.00	76.00	77.00	78.00	76.00	70.00	64.00	61.00	58.00	58.00	51.00	44.00	39.00	22.00	14.00	12.00	4.00	8.00	9.00	11.00	16.00	13.00	2.00	2.00	2.00	3.00	1.00		1.00	1.00	2.00																																							2.00	6.00	13.00	14.00	18.00	18.00	19.00	21.00	23.00	24.00	25.00	24.00	24.00	24.00	23.00	20.00	17.00	15.00	12.00	9.00	5.00	6.00	9.00	10.00	11.00	10.00	9.00	8.00	7.00	6.00	5.00	5.00	5.00	3.00	2.00	1.00																																																																												
10.00	10.00	10.00	10.00	10.00	9.00	7.00	4.00	3.00	2.00	2.00			1.00	1.00	4.00	9.00	9.00	4.00	1.00																												2.00	5.00	11.00	13.00	14.00	11.00	12.00	13.00	12.00	18.00	23.00	22.00	20.00	18.00	16.00	18.00	18.00	15.00	8.00	6.00	7.00	10.00	12.00	16.00	12.00	12.00	38.00	77.00	75.00	76.00	77.00	78.00	76.00	70.00	64.00	61.00	58.00	58.00	51.00	44.00	39.00	22.00	14.00	12.00	4.00	8.00	9.00	11.00	16.00	13.00	2.00	2.00	2.00	3.00	1.00		1.00	1.00	2.00																																							2.00	6.00	13.00	14.00	18.00	18.00	19.00	21.00	23.00	24.00	25.00	24.00	24.00	24.00	23.00	20.00	17.00	15.00	12.00	9.00	5.00	6.00	9.00	10.00	11.00	10.00	9.00	8.00	7.00	6.00	5.00	5.00	5.00	3.00	2.00	1.00																																																																												
3.00	6.00	8.00	9.00	9.00	7.00	5.00	2.00	1.00	1.00					1.00	4.00	9.00	7.00	4.00	2.00																																	1.00	1.00	2.00	2.00	6.00	9.00	10.00	10.00	9.00	3.00	2.00	1.00										2.00	37.00	44.00	46.00	48.00	50.00	38.00	35.00	28.00	22.00	16.00	16.00	3.00																																																													3.00	9.00	12.00	12.00	14.00	17.00	19.00	19.00	19.00	19.00	18.00	18.00	19.00	15.00	13.00	10.00	8.00	6.00	2.00	2.00	2.00	1.00	1.00																																																																																							
3.00	6.00	8.00	9.00	9.00	7.00	5.00	2.00	1.00	1.00					1.00	4.00	9.00	7.00	4.00	2.00																																	1.00	1.00	2.00	2.00	6.00	9.00	10.00	10.00	9.00	3.00	2.00	1.00										2.00	37.00	44.00	46.00	48.00	50.00	38.00	35.00	28.00	22.00	16.00	16.00	3.00																																																													3.00	9.00	12.00	12.00	14.00	17.00	19.00	19.00	19.00	19.00	18.00	18.00	19.00	15.00	13.00	10.00	8.00	6.00	2.00	2.00	2.00	1.00	1.00																																																																																							
	1.00	2.00	2.00	4.00	5.00	3.00									1.00	10.00	9.00	4.00	1.00																																																																																																																																1.00	4.00	6.00	8.00	13.00	14.00	14.00	14.00	14.00	14.00	13.00	13.00	8.00	5.00	3.00	2.00	1.00																																																																																												
																																																																																																																																																							3.00	4.00	5.00	9.00	6.00	5.00	4.00	4.00																																																																																																	
																																																																																																																																																							3.00	4.00	5.00	9.00	6.00	5.00	4.00	4.00																																																																																																	
																																																																																																																																																																																																																																																															
																																																																																																																																																																																																																																																															
																																																																																																																																																																																																																																																															
																																																																																																																																																																																																																																																															
																																																																																																																																																																																																																																																															
																																																																																																																																																																																																																																																															
																																																																																																																																																																																																																																																															
																																																																																																																																																																																																																																																															
																																																																																																																																																																																																																																																															
																																																																																																																																																																																																																																																															
																																																																																																																																																																																																																																																															
																																																																																																																																																																																																																																																															
																																																																																																																																																																																																																																																															
																																																																																																																																																																																																																																																															
																																																																																																																																																																																																																																																															
																																																																																																																																																																																																																																																															
																																																																																																																																																																																																																																																															
																																																																																																																																																																																																																																																															
																																																																																																																																																																																																																																																															
																																																																																																																																																																																																																																																															
																																																																																																																																																																																																																																																															
																																																																																																																																																																																																																																																															
																																																																																																																																																																																																																																																															
																																																																																																																																																																																																																																																															
																																																																																																																																																																																																																																																															
																																																																																																																																																																																																																																																															
																																																																																																																																																																																																																																																															
																																																																																																																																																																																																																																																															
																																																																																																																																																																																																																																																															
																																																																																																																																																																																																																																																															
																																																																																																																																																																																																																																																															
																																																																																																																																																																																																																																																															
																																																																																																																																																																																																																																																															
																																																																																																																																																																																																																																																															
																																																																																																																																																																																																																																																															
																																																																																																																																																																																																																																																															
																																																																																																																																																																																																																																																															
																																																																																																																																																																																																																																																															
																																																																																																																																																																																																																																																															
																																																																																																																																																																																																																																																															
																																																																																																																																																																																																																																																															
																																																																																																																																																																																																																																																															
																																																																																																																																																																																																																																																															
																																																																																																																																																																																																																																																															
																																																																																																																																																																																																																																																															
																																																																																																																																																																																																																																																															
																																																																																																																																																																																																																																																															
																																																																																																																																																																																																																																																															
																																																																																																																																																																																																																																																															
																																																																																																																																																																																																																																																															
																																																																																																																																																																																																																																																															
																																																																																																																																																																																																																																																															
																																																																																																																																																																																																																																																															
																																																																																																																																																																																																																																																															
																																																																																																																																																																																																																																																															
																																																																																																																																																																																																																																																															
																																																																																																																																																																																																																																																															
																																																																																																																																																																																																																																																															
																																																																																																																																																																																																																																																															
																																																																																																																																																																																																																																																															
																																																																																																																																																																																																																																																															
																																																																																																																																																																																																																																																															
																																																																																																																																																																																																																																																															
																																																																																																																																																																																																																																																															
																																																																																																																																																																																																																																																															
																																																																																																																																																																																																																																																															
																																																																																																																																																																																																																																																															
																																																																																																																																																																																																																																																															
																																																																																																																																																																																																																																																															
																																																																																																																																																																																																																																																															
																																																																																																																																																																																																																																																															
																																																																																																																																																																																																																																																															
																																																																																																																																																																																																																																																															
																																																																																																																																																																																																																																																															
																																																																																																																																																																																																																																																															
																																																																																																																																																																																																																																																															
																																																																																																																																																																																																																																																															
																																																																																																																																																																																																																																																															
																																																																																																																																																																																																																																																															
																																																																																																																																																																																																																																																															
																																																																																																																																																																																																																																																															
																																																																																																																																																																																																																																																															
																																																																																																																																																																																																																																																															
																																																																																																																																																																																																																																																															
																																																																																																																																																																																																																																																															
																																																																																																																																																																																																																																																															
																																																																																																																																																																																																																																																															
																																																																																																																																																																																																																																																															
																																																																																																																																																																																																																																																															
																																																																																																																																																																																																																																																															
																																																																																																																																																																																																																																																															
																																																																																																																																																																																																																																																															
																																																																																																																																																																																																																																																															
																																																																																																																																																																																																																																																															
																																																																																																																																																																																																																																																															
																																																																																																																																																																																																																																																															
																																																																																																																																																																																																																																																															
																																																																																																																																																																																																																																																															
																																																																																																																																																																																																																																																															
																																																																																																																																																																																																																																																															
																																																																																																																																																																																																																																																															
																																																																																																																																																																																																																																																															
																																																																																																																																																																																																																																																															
																																																																																																																																																																																																																																																															
																																																																																																																																																																																																																																																															
																																																																																																																																																																																																																																																															
																																																																																																																																																																																																																																																															
																																																																																																																																																																																																																																																															
																																																																																																																																																																																																																																																															
																																																																																																																																																																																																																																																															