290.00	291.00	289.00	289.00	287.00	285.00	284.00	284.00	285.00	287.00	289.00	291.00	292.00	286.00	289.00	285.00	289.00	289.00	286.00	285.00	286.00	285.00	284.00	283.00	283.00	286.00	287.00	286.00	286.00	287.00	286.00	286.00	286.00	285.00	284.00	286.00	287.00	288.00	289.00	290.00	290.00	290.00	290.00	292.00	292.00	293.00	294.00	294.00	295.00	293.00	291.00	293.00	294.00	294.00	297.00	300.00	301.00	301.00	303.00	302.00	302.00	301.00	302.00	302.00	302.00	304.00	305.00	309.00	313.00	313.00	313.00	311.00	312.00	315.00	316.00	324.00	318.00	320.00	321.00	322.00	328.00	334.00	337.00	333.00	336.00	341.00	368.00	352.00	346.00	343.00	344.00	345.00	347.00	347.00	345.00	346.00	350.00	360.00	364.00	366.00	372.00	385.00	401.00	410.00	420.00	432.00	455.00	460.00	491.00	465.00	467.00	497.00	450.00	463.00	475.00	468.00	450.00	444.00	442.00	439.00	449.00	441.00	440.00	430.00	428.00	435.00	458.00	415.00	412.00	419.00	415.00	408.00	404.00	402.00	394.00	394.00	399.00	397.00	389.00	385.00	384.00	384.00	383.00	395.00	404.00	406.00	408.00	399.00	391.00	402.00	403.00	393.00	382.00	391.00	383.00	378.00	375.00	375.00	370.00	370.00	366.00	361.00	364.00	365.00	366.00	369.00	382.00	383.00	386.00	388.00	385.00	378.00	374.00	377.00	390.00	399.00	396.00	394.00	394.00	390.00	398.00	398.00	383.00	382.00	384.00	386.00	386.00	388.00	393.00	389.00	391.00	394.00	393.00	398.00	399.00	400.00	403.00	406.00	409.00	410.00	412.00	418.00	417.00	417.00	418.00	421.00	421.00	421.00	423.00	422.00	425.00	424.00	427.00	428.00	432.00	434.00	434.00	435.00	436.00	438.00	441.00	442.00	443.00	446.00	451.00	450.00	452.00	451.00	454.00	456.00	455.00	457.00	459.00	503.00	480.00	471.00	467.00	460.00	460.00	457.00	457.00	459.00	455.00	451.00	451.00	455.00	455.00	454.00	454.00	456.00	458.00	456.00	457.00	456.00	460.00	462.00
288.00	290.00	288.00	287.00	287.00	284.00	283.00	283.00	283.00	286.00	288.00	291.00	290.00	284.00	285.00	285.00	286.00	286.00	284.00	283.00	284.00	284.00	283.00	282.00	284.00	285.00	283.00	283.00	283.00	282.00	282.00	283.00	284.00	285.00	286.00	287.00	289.00	290.00	291.00	291.00	293.00	293.00	292.00	293.00	294.00	296.00	296.00	296.00	297.00	295.00	294.00	293.00	292.00	293.00	294.00	295.00	296.00	299.00	301.00	301.00	301.00	301.00	302.00	302.00	302.00	304.00	306.00	309.00	312.00	312.00	312.00	310.00	310.00	313.00	316.00	322.00	318.00	320.00	322.00	325.00	331.00	334.00	332.00	331.00	337.00	343.00	352.00	342.00	343.00	344.00	343.00	343.00	345.00	345.00	342.00	346.00	350.00	356.00	361.00	368.00	375.00	381.00	391.00	403.00	414.00	441.00	462.00	462.00	500.00	478.00	494.00	472.00	444.00	449.00	458.00	447.00	445.00	453.00	454.00	437.00	435.00	464.00	447.00	431.00	424.00	469.00	430.00	404.00	406.00	406.00	402.00	402.00	407.00	403.00	395.00	391.00	398.00	393.00	386.00	386.00	382.00	382.00	382.00	392.00	398.00	397.00	400.00	401.00	393.00	403.00	399.00	393.00	381.00	391.00	382.00	382.00	374.00	376.00	367.00	368.00	367.00	361.00	362.00	364.00	367.00	369.00	380.00	379.00	385.00	385.00	373.00	374.00	375.00	383.00	393.00	396.00	395.00	390.00	389.00	391.00	390.00	382.00	381.00	383.00	383.00	384.00	386.00	387.00	389.00	389.00	409.00	400.00	409.00	398.00	401.00	402.00	404.00	409.00	412.00	412.00	413.00	420.00	418.00	418.00	420.00	419.00	423.00	423.00	423.00	425.00	426.00	428.00	429.00	430.00	433.00	434.00	436.00	437.00	437.00	439.00	441.00	444.00	444.00	448.00	451.00	452.00	452.00	452.00	454.00	455.00	459.00	456.00	457.00	496.00	497.00	470.00	465.00	459.00	458.00	454.00	456.00	454.00	457.00	451.00	453.00	453.00	453.00	453.00	454.00	453.00	454.00	455.00	454.00	455.00	456.00	461.00
287.00	288.00	288.00	286.00	285.00	284.00	282.00	282.00	283.00	284.00	286.00	287.00	282.00	282.00	282.00	283.00	283.00	283.00	282.00	282.00	282.00	282.00	282.00	281.00	283.00	282.00	282.00	280.00	282.00	282.00	282.00	286.00	285.00	287.00	286.00	288.00	290.00	291.00	292.00	293.00	296.00	297.00	295.00	293.00	295.00	297.00	297.00	297.00	298.00	296.00	296.00	298.00	297.00	297.00	295.00	294.00	295.00	295.00	299.00	299.00	299.00	300.00	302.00	303.00	303.00	306.00	306.00	308.00	311.00	311.00	310.00	309.00	310.00	313.00	319.00	321.00	321.00	327.00	328.00	328.00	330.00	329.00	330.00	331.00	333.00	345.00	340.00	338.00	341.00	341.00	340.00	340.00	341.00	342.00	342.00	347.00	348.00	353.00	362.00	374.00	385.00	391.00	396.00	399.00	424.00	471.00	469.00	476.00	504.00	482.00	500.00	450.00	429.00	443.00	438.00	432.00	440.00	481.00	508.00	443.00	441.00	469.00	433.00	422.00	421.00	428.00	407.00	402.00	403.00	399.00	398.00	401.00	404.00	398.00	394.00	390.00	405.00	395.00	384.00	384.00	381.00	380.00	382.00	392.00	400.00	397.00	392.00	400.00	393.00	400.00	394.00	388.00	380.00	391.00	383.00	381.00	371.00	376.00	368.00	367.00	370.00	358.00	362.00	364.00	367.00	374.00	377.00	383.00	388.00	381.00	370.00	371.00	379.00	390.00	391.00	392.00	391.00	388.00	387.00	389.00	377.00	381.00	381.00	383.00	385.00	386.00	386.00	387.00	388.00	402.00	417.00	398.00	398.00	400.00	402.00	403.00	404.00	409.00	411.00	413.00	415.00	419.00	421.00	420.00	420.00	421.00	424.00	424.00	425.00	426.00	427.00	429.00	431.00	432.00	431.00	435.00	435.00	438.00	439.00	441.00	442.00	443.00	444.00	446.00	453.00	453.00	453.00	452.00	456.00	456.00	456.00	458.00	460.00	464.00	470.00	467.00	465.00	460.00	458.00	455.00	455.00	453.00	454.00	453.00	451.00	451.00	451.00	453.00	452.00	453.00	454.00	453.00	454.00	454.00	455.00	457.00
285.00	285.00	283.00	281.00	278.00	280.00	280.00	280.00	282.00	281.00	282.00	280.00	279.00	279.00	279.00	279.00	276.00	278.00	277.00	277.00	279.00	278.00	277.00	279.00	279.00	279.00	280.00	283.00	284.00	285.00	286.00	288.00	288.00	289.00	290.00	292.00	296.00	297.00	299.00	301.00	299.00	297.00	295.00	296.00	296.00	297.00	298.00	299.00	299.00	299.00	299.00	300.00	301.00	301.00	301.00	301.00	299.00	297.00	297.00	297.00	297.00	298.00	300.00	302.00	305.00	306.00	307.00	308.00	309.00	309.00	307.00	308.00	311.00	314.00	315.00	317.00	320.00	324.00	323.00	322.00	322.00	324.00	326.00	326.00	331.00	357.00	332.00	332.00	333.00	334.00	334.00	335.00	336.00	336.00	345.00	346.00	348.00	354.00	363.00	369.00	377.00	383.00	386.00	461.00	501.00	504.00	501.00	513.00	504.00	506.00	451.00	449.00	430.00	420.00	420.00	421.00	443.00	483.00	437.00	425.00	452.00	423.00	441.00	444.00	420.00	408.00	404.00	402.00	393.00	393.00	391.00	397.00	405.00	400.00	386.00	389.00	391.00	381.00	377.00	388.00	382.00	379.00	379.00	384.00	387.00	386.00	384.00	394.00	398.00	397.00	383.00	375.00	381.00	376.00	371.00	368.00	367.00	371.00	367.00	367.00	358.00	358.00	359.00	364.00	369.00	374.00	386.00	386.00	377.00	369.00	370.00	377.00	385.00	387.00	389.00	391.00	392.00	392.00	387.00	378.00	382.00	387.00	387.00	382.00	384.00	385.00	387.00	389.00	390.00	394.00	395.00	410.00	409.00	411.00	411.00	408.00	408.00	408.00	409.00	412.00	413.00	420.00	421.00	421.00	422.00	424.00	426.00	425.00	427.00	428.00	430.00	433.00	434.00	434.00	436.00	437.00	440.00	441.00	440.00	443.00	445.00	445.00	445.00	447.00	450.00	451.00	454.00	455.00	458.00	460.00	459.00	460.00	462.00	459.00	463.00	472.00	513.00	459.00	457.00	457.00	455.00	453.00	449.00	452.00	449.00	450.00	449.00	449.00	450.00	450.00	450.00	449.00	451.00	450.00	451.00	453.00
283.00	282.00	282.00	281.00	278.00	276.00	280.00	279.00	280.00	280.00	278.00	276.00	277.00	275.00	274.00	273.00	273.00	274.00	274.00	275.00	276.00	276.00	279.00	279.00	280.00	282.00	283.00	284.00	286.00	286.00	287.00	289.00	289.00	289.00	290.00	294.00	302.00	304.00	303.00	301.00	297.00	296.00	295.00	296.00	296.00	297.00	297.00	299.00	300.00	300.00	300.00	300.00	301.00	302.00	303.00	302.00	300.00	299.00	299.00	299.00	300.00	298.00	299.00	299.00	301.00	304.00	304.00	307.00	308.00	307.00	305.00	308.00	321.00	313.00	316.00	314.00	324.00	320.00	320.00	320.00	320.00	321.00	322.00	324.00	330.00	331.00	329.00	330.00	331.00	331.00	333.00	335.00	334.00	335.00	343.00	344.00	347.00	354.00	366.00	376.00	390.00	397.00	404.00	511.00	511.00	516.00	515.00	525.00	518.00	479.00	435.00	431.00	423.00	416.00	416.00	420.00	460.00	463.00	428.00	422.00	442.00	419.00	426.00	430.00	425.00	407.00	409.00	406.00	394.00	391.00	390.00	394.00	402.00	398.00	382.00	399.00	386.00	376.00	376.00	386.00	386.00	379.00	378.00	382.00	387.00	382.00	381.00	383.00	395.00	391.00	380.00	372.00	380.00	372.00	369.00	366.00	364.00	365.00	363.00	367.00	356.00	359.00	360.00	362.00	371.00	376.00	385.00	381.00	369.00	369.00	375.00	380.00	383.00	383.00	386.00	391.00	391.00	387.00	381.00	377.00	380.00	381.00	381.00	383.00	386.00	388.00	386.00	388.00	393.00	394.00	397.00	406.00	408.00	413.00	411.00	412.00	412.00	411.00	411.00	413.00	413.00	418.00	419.00	420.00	422.00	423.00	425.00	426.00	429.00	429.00	432.00	433.00	437.00	438.00	439.00	439.00	441.00	444.00	443.00	443.00	445.00	445.00	446.00	448.00	451.00	451.00	454.00	455.00	459.00	461.00	458.00	459.00	459.00	460.00	460.00	465.00	474.00	463.00	459.00	457.00	454.00	453.00	447.00	450.00	447.00	449.00	449.00	448.00	449.00	447.00	449.00	449.00	449.00	449.00	450.00	452.00
280.00	278.00	279.00	279.00	276.00	278.00	278.00	278.00	279.00	279.00	276.00	275.00	272.00	272.00	273.00	274.00	274.00	275.00	276.00	277.00	278.00	279.00	281.00	282.00	283.00	283.00	283.00	286.00	286.00	287.00	288.00	291.00	290.00	291.00	290.00	294.00	298.00	301.00	300.00	299.00	297.00	297.00	296.00	296.00	297.00	299.00	300.00	301.00	303.00	302.00	302.00	301.00	302.00	303.00	303.00	303.00	301.00	302.00	301.00	301.00	301.00	301.00	300.00	300.00	301.00	299.00	300.00	307.00	305.00	305.00	304.00	307.00	327.00	317.00	313.00	315.00	320.00	318.00	317.00	317.00	318.00	319.00	321.00	321.00	323.00	326.00	327.00	328.00	327.00	330.00	333.00	334.00	331.00	334.00	341.00	341.00	345.00	354.00	370.00	381.00	392.00	403.00	443.00	529.00	533.00	523.00	518.00	530.00	522.00	456.00	433.00	422.00	416.00	413.00	413.00	420.00	469.00	462.00	424.00	419.00	424.00	423.00	453.00	452.00	416.00	406.00	403.00	402.00	392.00	389.00	387.00	390.00	395.00	387.00	382.00	390.00	379.00	374.00	373.00	379.00	390.00	384.00	376.00	385.00	387.00	379.00	376.00	379.00	393.00	391.00	385.00	372.00	375.00	368.00	367.00	365.00	363.00	362.00	363.00	362.00	356.00	357.00	361.00	366.00	373.00	378.00	381.00	369.00	365.00	366.00	378.00	379.00	379.00	382.00	385.00	390.00	387.00	382.00	378.00	376.00	378.00	380.00	384.00	385.00	388.00	391.00	391.00	392.00	394.00	397.00	398.00	402.00	407.00	413.00	414.00	414.00	417.00	412.00	414.00	414.00	414.00	419.00	420.00	420.00	422.00	424.00	427.00	428.00	429.00	430.00	432.00	433.00	437.00	440.00	438.00	442.00	442.00	443.00	445.00	443.00	445.00	446.00	447.00	448.00	450.00	454.00	454.00	456.00	456.00	459.00	459.00	458.00	458.00	461.00	458.00	458.00	460.00	460.00	459.00	456.00	456.00	453.00	450.00	447.00	447.00	447.00	447.00	447.00	446.00	446.00	447.00	446.00	447.00	449.00	448.00	450.00
280.00	278.00	279.00	279.00	276.00	278.00	278.00	278.00	279.00	279.00	276.00	275.00	272.00	272.00	273.00	274.00	274.00	275.00	276.00	277.00	278.00	279.00	281.00	282.00	283.00	283.00	283.00	286.00	286.00	287.00	288.00	291.00	290.00	291.00	290.00	294.00	298.00	301.00	300.00	299.00	297.00	297.00	296.00	296.00	297.00	299.00	300.00	301.00	303.00	302.00	302.00	301.00	302.00	303.00	303.00	303.00	301.00	302.00	301.00	301.00	301.00	301.00	300.00	300.00	301.00	299.00	300.00	307.00	305.00	305.00	304.00	307.00	327.00	317.00	313.00	315.00	320.00	318.00	317.00	317.00	318.00	319.00	321.00	321.00	323.00	326.00	327.00	328.00	327.00	330.00	333.00	334.00	331.00	334.00	341.00	341.00	345.00	354.00	370.00	381.00	392.00	403.00	443.00	529.00	533.00	523.00	518.00	530.00	522.00	456.00	433.00	422.00	416.00	413.00	413.00	420.00	469.00	462.00	424.00	419.00	424.00	423.00	453.00	452.00	416.00	406.00	403.00	402.00	392.00	389.00	387.00	390.00	395.00	387.00	382.00	390.00	379.00	374.00	373.00	379.00	390.00	384.00	376.00	385.00	387.00	379.00	376.00	379.00	393.00	391.00	385.00	372.00	375.00	368.00	367.00	365.00	363.00	362.00	363.00	362.00	356.00	357.00	361.00	366.00	373.00	378.00	381.00	369.00	365.00	366.00	378.00	379.00	379.00	382.00	385.00	390.00	387.00	382.00	378.00	376.00	378.00	380.00	384.00	385.00	388.00	391.00	391.00	392.00	394.00	397.00	398.00	402.00	407.00	413.00	414.00	414.00	417.00	412.00	414.00	414.00	414.00	419.00	420.00	420.00	422.00	424.00	427.00	428.00	429.00	430.00	432.00	433.00	437.00	440.00	438.00	442.00	442.00	443.00	445.00	443.00	445.00	446.00	447.00	448.00	450.00	454.00	454.00	456.00	456.00	459.00	459.00	458.00	458.00	461.00	458.00	458.00	460.00	460.00	459.00	456.00	456.00	453.00	450.00	447.00	447.00	447.00	447.00	447.00	446.00	446.00	447.00	446.00	447.00	449.00	448.00	450.00
277.00	275.00	274.00	272.00	275.00	278.00	276.00	277.00	277.00	274.00	270.00	271.00	274.00	279.00	279.00	278.00	279.00	279.00	280.00	280.00	280.00	279.00	281.00	282.00	283.00	284.00	285.00	286.00	288.00	292.00	290.00	298.00	298.00	295.00	293.00	293.00	295.00	295.00	297.00	298.00	299.00	298.00	299.00	298.00	299.00	302.00	304.00	305.00	305.00	309.00	310.00	306.00	306.00	306.00	305.00	305.00	304.00	304.00	303.00	303.00	303.00	302.00	301.00	303.00	303.00	301.00	301.00	302.00	302.00	304.00	306.00	308.00	309.00	314.00	314.00	315.00	314.00	313.00	314.00	314.00	315.00	316.00	316.00	318.00	318.00	320.00	324.00	325.00	326.00	328.00	328.00	328.00	330.00	332.00	342.00	344.00	344.00	357.00	378.00	386.00	395.00	455.00	529.00	530.00	477.00	521.00	487.00	509.00	464.00	448.00	436.00	421.00	408.00	406.00	410.00	421.00	503.00	439.00	431.00	453.00	416.00	411.00	409.00	412.00	413.00	404.00	400.00	396.00	392.00	388.00	386.00	384.00	381.00	378.00	378.00	377.00	376.00	374.00	371.00	374.00	387.00	386.00	375.00	384.00	377.00	374.00	373.00	374.00	388.00	388.00	381.00	371.00	376.00	370.00	367.00	359.00	360.00	361.00	363.00	354.00	353.00	357.00	361.00	367.00	373.00	381.00	366.00	362.00	364.00	366.00	375.00	376.00	380.00	384.00	389.00	384.00	378.00	375.00	376.00	375.00	377.00	383.00	397.00	403.00	411.00	421.00	423.00	401.00	402.00	402.00	406.00	407.00	410.00	421.00	423.00	420.00	422.00	419.00	420.00	422.00	419.00	421.00	421.00	423.00	425.00	427.00	430.00	428.00	429.00	431.00	434.00	436.00	438.00	442.00	443.00	445.00	445.00	444.00	446.00	448.00	448.00	448.00	449.00	451.00	455.00	456.00	456.00	454.00	456.00	456.00	458.00	458.00	456.00	457.00	457.00	456.00	456.00	455.00	456.00	455.00	454.00	454.00	447.00	446.00	446.00	445.00	445.00	446.00	446.00	444.00	445.00	446.00	447.00	448.00	446.00	448.00
279.00	274.00	271.00	272.00	274.00	276.00	276.00	276.00	275.00	270.00	271.00	274.00	277.00	278.00	279.00	278.00	278.00	280.00	280.00	280.00	281.00	280.00	281.00	282.00	284.00	283.00	285.00	287.00	291.00	294.00	291.00	297.00	299.00	299.00	294.00	294.00	297.00	297.00	296.00	298.00	301.00	300.00	300.00	300.00	302.00	304.00	305.00	305.00	306.00	313.00	313.00	309.00	307.00	307.00	306.00	306.00	306.00	305.00	303.00	304.00	304.00	304.00	303.00	303.00	302.00	303.00	303.00	303.00	303.00	303.00	306.00	307.00	307.00	310.00	312.00	313.00	313.00	313.00	314.00	315.00	314.00	315.00	316.00	316.00	317.00	318.00	323.00	324.00	325.00	326.00	326.00	326.00	331.00	334.00	339.00	341.00	343.00	364.00	372.00	376.00	398.00	490.00	527.00	466.00	491.00	510.00	482.00	496.00	465.00	438.00	427.00	421.00	405.00	404.00	408.00	423.00	503.00	442.00	449.00	444.00	409.00	422.00	409.00	417.00	410.00	402.00	399.00	396.00	392.00	391.00	381.00	380.00	379.00	377.00	374.00	375.00	372.00	372.00	369.00	375.00	383.00	388.00	377.00	375.00	373.00	372.00	371.00	374.00	385.00	387.00	379.00	368.00	378.00	372.00	361.00	359.00	359.00	362.00	358.00	358.00	353.00	357.00	360.00	368.00	376.00	381.00	363.00	361.00	363.00	366.00	374.00	379.00	385.00	388.00	390.00	380.00	374.00	375.00	373.00	376.00	376.00	383.00	392.00	417.00	431.00	448.00	417.00	402.00	405.00	408.00	411.00	412.00	413.00	418.00	423.00	425.00	427.00	422.00	424.00	422.00	420.00	422.00	423.00	423.00	424.00	426.00	429.00	427.00	430.00	431.00	435.00	437.00	440.00	442.00	444.00	445.00	447.00	446.00	449.00	450.00	449.00	449.00	452.00	453.00	456.00	457.00	458.00	456.00	455.00	456.00	455.00	457.00	457.00	456.00	455.00	455.00	454.00	457.00	457.00	457.00	455.00	455.00	448.00	446.00	445.00	445.00	445.00	445.00	444.00	445.00	445.00	445.00	446.00	445.00	447.00	448.00
277.00	273.00	270.00	272.00	275.00	276.00	274.00	272.00	270.00	272.00	275.00	277.00	277.00	279.00	279.00	279.00	280.00	280.00	280.00	281.00	281.00	280.00	280.00	282.00	284.00	284.00	285.00	288.00	293.00	295.00	294.00	294.00	297.00	296.00	295.00	296.00	298.00	299.00	298.00	297.00	301.00	301.00	301.00	302.00	302.00	305.00	307.00	307.00	310.00	315.00	318.00	313.00	310.00	308.00	308.00	308.00	308.00	306.00	305.00	305.00	304.00	304.00	304.00	303.00	303.00	304.00	305.00	305.00	304.00	303.00	304.00	305.00	306.00	308.00	308.00	310.00	311.00	312.00	313.00	312.00	313.00	314.00	314.00	316.00	316.00	318.00	321.00	324.00	323.00	324.00	326.00	327.00	330.00	332.00	338.00	341.00	345.00	369.00	375.00	380.00	409.00	496.00	522.00	433.00	505.00	512.00	484.00	485.00	473.00	432.00	421.00	413.00	402.00	402.00	409.00	442.00	490.00	450.00	464.00	420.00	404.00	428.00	412.00	411.00	404.00	400.00	398.00	396.00	390.00	389.00	383.00	381.00	378.00	377.00	372.00	373.00	372.00	370.00	370.00	378.00	387.00	389.00	380.00	371.00	372.00	371.00	369.00	372.00	387.00	385.00	375.00	367.00	371.00	367.00	359.00	359.00	357.00	359.00	356.00	360.00	353.00	356.00	359.00	373.00	379.00	379.00	363.00	363.00	363.00	366.00	379.00	382.00	386.00	389.00	390.00	379.00	373.00	373.00	372.00	374.00	378.00	381.00	412.00	441.00	461.00	429.00	406.00	407.00	409.00	411.00	413.00	415.00	417.00	417.00	422.00	426.00	429.00	426.00	426.00	422.00	424.00	424.00	424.00	424.00	426.00	426.00	430.00	430.00	431.00	433.00	436.00	437.00	440.00	442.00	444.00	446.00	447.00	447.00	448.00	451.00	451.00	451.00	453.00	456.00	455.00	456.00	456.00	455.00	456.00	455.00	455.00	457.00	455.00	452.00	453.00	456.00	455.00	455.00	457.00	461.00	462.00	455.00	451.00	446.00	444.00	443.00	443.00	444.00	444.00	443.00	443.00	444.00	444.00	444.00	446.00	447.00
277.00	272.00	270.00	271.00	271.00	272.00	269.00	268.00	270.00	276.00	276.00	277.00	278.00	278.00	279.00	279.00	280.00	280.00	280.00	280.00	281.00	281.00	282.00	287.00	287.00	286.00	286.00	288.00	291.00	292.00	293.00	294.00	295.00	295.00	295.00	296.00	298.00	300.00	300.00	298.00	299.00	302.00	303.00	305.00	306.00	309.00	308.00	309.00	312.00	321.00	319.00	314.00	311.00	311.00	310.00	309.00	309.00	307.00	306.00	306.00	305.00	305.00	305.00	304.00	304.00	305.00	305.00	305.00	305.00	305.00	304.00	305.00	306.00	306.00	307.00	309.00	311.00	311.00	312.00	312.00	313.00	314.00	315.00	314.00	316.00	316.00	320.00	322.00	323.00	325.00	325.00	327.00	330.00	334.00	340.00	342.00	351.00	365.00	376.00	380.00	432.00	507.00	492.00	428.00	513.00	512.00	491.00	476.00	456.00	430.00	418.00	409.00	399.00	400.00	413.00	458.00	489.00	474.00	446.00	408.00	401.00	399.00	408.00	406.00	401.00	395.00	394.00	392.00	390.00	390.00	382.00	378.00	378.00	375.00	374.00	370.00	369.00	369.00	367.00	378.00	388.00	391.00	387.00	373.00	370.00	369.00	369.00	373.00	388.00	382.00	375.00	367.00	364.00	362.00	360.00	359.00	358.00	355.00	358.00	353.00	352.00	356.00	363.00	375.00	379.00	378.00	361.00	361.00	364.00	366.00	385.00	387.00	389.00	389.00	384.00	374.00	371.00	372.00	373.00	374.00	380.00	387.00	405.00	440.00	492.00	436.00	408.00	412.00	413.00	416.00	417.00	417.00	419.00	418.00	421.00	426.00	429.00	431.00	429.00	426.00	426.00	426.00	427.00	427.00	429.00	428.00	429.00	430.00	432.00	434.00	435.00	438.00	440.00	441.00	444.00	444.00	447.00	446.00	448.00	450.00	452.00	452.00	454.00	455.00	456.00	455.00	455.00	455.00	455.00	454.00	454.00	454.00	454.00	453.00	453.00	454.00	457.00	458.00	463.00	472.00	477.00	460.00	451.00	445.00	443.00	441.00	443.00	443.00	442.00	441.00	443.00	444.00	443.00	444.00	445.00	445.00
275.00	274.00	268.00	269.00	267.00	269.00	273.00	275.00	275.00	276.00	277.00	278.00	279.00	278.00	278.00	278.00	279.00	280.00	280.00	280.00	281.00	282.00	285.00	294.00	293.00	290.00	288.00	288.00	288.00	290.00	293.00	298.00	297.00	299.00	298.00	298.00	298.00	300.00	301.00	302.00	301.00	302.00	304.00	309.00	310.00	316.00	315.00	317.00	316.00	325.00	324.00	320.00	321.00	318.00	314.00	313.00	314.00	314.00	310.00	309.00	308.00	307.00	306.00	306.00	307.00	306.00	306.00	307.00	308.00	307.00	307.00	307.00	306.00	305.00	306.00	307.00	309.00	310.00	310.00	312.00	313.00	313.00	314.00	314.00	315.00	315.00	317.00	318.00	320.00	325.00	326.00	330.00	334.00	337.00	344.00	347.00	362.00	361.00	366.00	373.00	379.00	385.00	398.00	481.00	524.00	525.00	515.00	425.00	436.00	440.00	431.00	402.00	397.00	407.00	431.00	468.00	480.00	438.00	402.00	399.00	402.00	392.00	395.00	394.00	393.00	392.00	389.00	389.00	386.00	381.00	379.00	385.00	389.00	376.00	371.00	368.00	367.00	367.00	366.00	376.00	377.00	379.00	373.00	379.00	370.00	367.00	367.00	376.00	384.00	378.00	372.00	368.00	365.00	364.00	361.00	366.00	357.00	353.00	354.00	352.00	354.00	357.00	367.00	372.00	375.00	369.00	358.00	360.00	364.00	373.00	380.00	385.00	384.00	378.00	376.00	371.00	369.00	369.00	375.00	372.00	389.00	390.00	397.00	453.00	419.00	412.00	414.00	415.00	416.00	415.00	418.00	423.00	424.00	426.00	426.00	429.00	431.00	433.00	430.00	428.00	429.00	428.00	428.00	429.00	430.00	430.00	431.00	430.00	432.00	433.00	436.00	437.00	440.00	439.00	441.00	445.00	445.00	446.00	448.00	451.00	451.00	452.00	451.00	454.00	456.00	457.00	454.00	454.00	451.00	450.00	452.00	449.00	452.00	452.00	450.00	451.00	450.00	453.00	461.00	484.00	481.00	472.00	455.00	444.00	442.00	440.00	440.00	439.00	439.00	440.00	441.00	442.00	444.00	444.00	443.00	444.00
271.00	272.00	267.00	265.00	270.00	273.00	274.00	274.00	275.00	275.00	276.00	277.00	278.00	277.00	278.00	278.00	279.00	280.00	279.00	280.00	282.00	285.00	290.00	294.00	290.00	287.00	287.00	289.00	290.00	291.00	293.00	297.00	299.00	302.00	300.00	299.00	299.00	301.00	302.00	303.00	304.00	303.00	305.00	309.00	311.00	324.00	320.00	322.00	320.00	328.00	329.00	325.00	324.00	320.00	318.00	317.00	317.00	318.00	313.00	311.00	310.00	308.00	308.00	307.00	307.00	307.00	307.00	307.00	307.00	307.00	308.00	307.00	308.00	307.00	306.00	306.00	308.00	310.00	310.00	311.00	311.00	313.00	314.00	316.00	316.00	316.00	316.00	317.00	320.00	325.00	328.00	330.00	333.00	337.00	353.00	352.00	352.00	360.00	364.00	370.00	374.00	386.00	433.00	513.00	523.00	523.00	500.00	415.00	416.00	431.00	402.00	394.00	393.00	401.00	443.00	514.00	490.00	420.00	401.00	404.00	407.00	390.00	392.00	388.00	391.00	390.00	387.00	388.00	381.00	379.00	382.00	388.00	383.00	381.00	366.00	369.00	368.00	366.00	366.00	376.00	379.00	380.00	372.00	375.00	369.00	366.00	369.00	377.00	382.00	376.00	370.00	369.00	365.00	360.00	361.00	359.00	355.00	354.00	351.00	351.00	354.00	363.00	370.00	375.00	376.00	366.00	360.00	362.00	365.00	376.00	379.00	378.00	377.00	376.00	376.00	369.00	370.00	370.00	372.00	371.00	405.00	396.00	389.00	432.00	409.00	412.00	413.00	411.00	416.00	416.00	418.00	421.00	422.00	423.00	425.00	434.00	430.00	430.00	428.00	427.00	429.00	429.00	428.00	428.00	428.00	430.00	428.00	431.00	430.00	432.00	434.00	436.00	438.00	439.00	440.00	443.00	444.00	446.00	446.00	450.00	451.00	453.00	453.00	453.00	455.00	456.00	452.00	453.00	450.00	451.00	451.00	452.00	451.00	452.00	451.00	449.00	451.00	451.00	456.00	465.00	465.00	461.00	453.00	445.00	442.00	440.00	439.00	437.00	439.00	441.00	440.00	442.00	442.00	442.00	443.00	443.00
270.00	269.00	266.00	266.00	272.00	273.00	273.00	273.00	274.00	277.00	277.00	276.00	278.00	278.00	279.00	278.00	278.00	279.00	279.00	280.00	283.00	288.00	292.00	291.00	288.00	288.00	287.00	290.00	291.00	292.00	294.00	300.00	302.00	304.00	302.00	305.00	301.00	302.00	303.00	304.00	306.00	307.00	306.00	307.00	310.00	324.00	327.00	327.00	325.00	329.00	337.00	330.00	325.00	322.00	321.00	323.00	320.00	320.00	315.00	313.00	312.00	311.00	308.00	309.00	309.00	308.00	308.00	308.00	307.00	307.00	308.00	308.00	308.00	307.00	308.00	308.00	309.00	310.00	311.00	311.00	313.00	313.00	313.00	314.00	316.00	315.00	316.00	317.00	320.00	324.00	328.00	330.00	333.00	339.00	365.00	367.00	361.00	359.00	379.00	373.00	379.00	408.00	477.00	511.00	520.00	515.00	458.00	406.00	408.00	410.00	390.00	391.00	389.00	397.00	438.00	505.00	497.00	408.00	408.00	410.00	404.00	390.00	387.00	386.00	387.00	386.00	383.00	383.00	379.00	376.00	382.00	382.00	381.00	376.00	364.00	365.00	367.00	364.00	370.00	377.00	377.00	385.00	375.00	364.00	367.00	366.00	369.00	381.00	381.00	375.00	369.00	372.00	363.00	362.00	362.00	355.00	354.00	352.00	352.00	351.00	353.00	364.00	370.00	376.00	374.00	364.00	361.00	361.00	367.00	375.00	379.00	373.00	371.00	375.00	370.00	370.00	371.00	369.00	371.00	372.00	438.00	416.00	397.00	396.00	405.00	411.00	410.00	412.00	415.00	417.00	417.00	418.00	422.00	423.00	424.00	427.00	425.00	429.00	425.00	427.00	428.00	427.00	426.00	426.00	426.00	427.00	429.00	430.00	430.00	430.00	435.00	435.00	438.00	439.00	440.00	443.00	444.00	445.00	446.00	452.00	451.00	452.00	452.00	452.00	453.00	454.00	452.00	453.00	451.00	449.00	449.00	448.00	449.00	448.00	451.00	449.00	447.00	449.00	447.00	451.00	452.00	455.00	456.00	443.00	442.00	440.00	437.00	438.00	439.00	440.00	441.00	441.00	441.00	441.00	441.00	441.00
269.00	267.00	265.00	268.00	273.00	273.00	273.00	273.00	275.00	277.00	278.00	277.00	279.00	280.00	280.00	280.00	279.00	280.00	279.00	281.00	285.00	289.00	290.00	289.00	287.00	287.00	289.00	290.00	292.00	293.00	296.00	302.00	305.00	306.00	306.00	307.00	303.00	303.00	304.00	304.00	308.00	309.00	308.00	309.00	313.00	321.00	327.00	330.00	330.00	330.00	337.00	334.00	333.00	327.00	326.00	326.00	322.00	323.00	317.00	316.00	314.00	312.00	311.00	310.00	310.00	309.00	309.00	307.00	306.00	307.00	308.00	309.00	308.00	308.00	308.00	308.00	307.00	309.00	311.00	311.00	312.00	313.00	314.00	314.00	315.00	314.00	316.00	322.00	324.00	324.00	328.00	331.00	334.00	344.00	365.00	372.00	374.00	383.00	406.00	384.00	390.00	430.00	479.00	504.00	515.00	495.00	440.00	400.00	416.00	393.00	388.00	388.00	389.00	398.00	415.00	458.00	498.00	402.00	402.00	395.00	382.00	389.00	387.00	384.00	384.00	382.00	381.00	380.00	376.00	376.00	379.00	378.00	378.00	369.00	363.00	363.00	363.00	363.00	367.00	376.00	373.00	378.00	372.00	364.00	372.00	375.00	374.00	379.00	380.00	372.00	370.00	369.00	360.00	364.00	359.00	352.00	352.00	351.00	350.00	350.00	352.00	365.00	370.00	374.00	369.00	361.00	360.00	363.00	369.00	375.00	369.00	369.00	368.00	368.00	369.00	368.00	370.00	368.00	370.00	371.00	429.00	453.00	418.00	398.00	403.00	407.00	408.00	410.00	412.00	412.00	412.00	416.00	419.00	421.00	421.00	423.00	421.00	425.00	422.00	424.00	424.00	424.00	424.00	424.00	423.00	425.00	426.00	428.00	430.00	431.00	434.00	435.00	437.00	438.00	439.00	444.00	444.00	446.00	446.00	449.00	450.00	452.00	452.00	452.00	450.00	452.00	452.00	450.00	447.00	447.00	446.00	448.00	447.00	450.00	450.00	450.00	450.00	445.00	447.00	447.00	448.00	447.00	447.00	441.00	441.00	439.00	436.00	435.00	438.00	439.00	439.00	439.00	440.00	440.00	439.00	442.00
266.00	264.00	269.00	272.00	272.00	272.00	272.00	274.00	275.00	277.00	277.00	277.00	278.00	279.00	280.00	280.00	279.00	280.00	281.00	280.00	281.00	282.00	285.00	286.00	287.00	289.00	290.00	294.00	294.00	296.00	299.00	305.00	305.00	306.00	313.00	307.00	304.00	305.00	306.00	305.00	308.00	310.00	312.00	313.00	322.00	329.00	326.00	329.00	333.00	337.00	342.00	349.00	348.00	332.00	339.00	341.00	334.00	329.00	321.00	320.00	319.00	316.00	315.00	314.00	313.00	310.00	311.00	309.00	308.00	308.00	309.00	309.00	310.00	309.00	309.00	310.00	309.00	311.00	310.00	310.00	312.00	312.00	314.00	314.00	315.00	316.00	319.00	321.00	322.00	323.00	327.00	333.00	337.00	341.00	359.00	368.00	377.00	389.00	412.00	405.00	424.00	475.00	486.00	512.00	492.00	432.00	422.00	434.00	404.00	388.00	386.00	384.00	387.00	396.00	450.00	494.00	431.00	409.00	385.00	379.00	377.00	384.00	383.00	382.00	381.00	374.00	375.00	374.00	373.00	378.00	374.00	371.00	374.00	370.00	359.00	362.00	369.00	368.00	364.00	371.00	369.00	375.00	366.00	364.00	372.00	376.00	380.00	376.00	371.00	366.00	369.00	363.00	351.00	349.00	345.00	347.00	348.00	349.00	348.00	349.00	358.00	370.00	371.00	362.00	359.00	360.00	359.00	364.00	369.00	372.00	365.00	365.00	368.00	367.00	368.00	369.00	368.00	371.00	371.00	375.00	430.00	395.00	390.00	394.00	403.00	404.00	403.00	404.00	407.00	409.00	411.00	411.00	415.00	416.00	413.00	414.00	416.00	417.00	420.00	422.00	420.00	419.00	420.00	420.00	421.00	423.00	427.00	429.00	430.00	431.00	433.00	433.00	436.00	436.00	437.00	442.00	444.00	445.00	447.00	448.00	449.00	449.00	451.00	451.00	449.00	449.00	448.00	447.00	447.00	448.00	447.00	446.00	446.00	445.00	447.00	444.00	445.00	445.00	443.00	444.00	445.00	444.00	443.00	440.00	437.00	436.00	435.00	436.00	437.00	437.00	438.00	438.00	438.00	436.00	438.00	441.00
266.00	264.00	269.00	272.00	272.00	272.00	272.00	274.00	275.00	277.00	277.00	277.00	278.00	279.00	280.00	280.00	279.00	280.00	281.00	280.00	281.00	282.00	285.00	286.00	287.00	289.00	290.00	294.00	294.00	296.00	299.00	305.00	305.00	306.00	313.00	307.00	304.00	305.00	306.00	305.00	308.00	310.00	312.00	313.00	322.00	329.00	326.00	329.00	333.00	337.00	342.00	349.00	348.00	332.00	339.00	341.00	334.00	329.00	321.00	320.00	319.00	316.00	315.00	314.00	313.00	310.00	311.00	309.00	308.00	308.00	309.00	309.00	310.00	309.00	309.00	310.00	309.00	311.00	310.00	310.00	312.00	312.00	314.00	314.00	315.00	316.00	319.00	321.00	322.00	323.00	327.00	333.00	337.00	341.00	359.00	368.00	377.00	389.00	412.00	405.00	424.00	475.00	486.00	512.00	492.00	432.00	422.00	434.00	404.00	388.00	386.00	384.00	387.00	396.00	450.00	494.00	431.00	409.00	385.00	379.00	377.00	384.00	383.00	382.00	381.00	374.00	375.00	374.00	373.00	378.00	374.00	371.00	374.00	370.00	359.00	362.00	369.00	368.00	364.00	371.00	369.00	375.00	366.00	364.00	372.00	376.00	380.00	376.00	371.00	366.00	369.00	363.00	351.00	349.00	345.00	347.00	348.00	349.00	348.00	349.00	358.00	370.00	371.00	362.00	359.00	360.00	359.00	364.00	369.00	372.00	365.00	365.00	368.00	367.00	368.00	369.00	368.00	371.00	371.00	375.00	430.00	395.00	390.00	394.00	403.00	404.00	403.00	404.00	407.00	409.00	411.00	411.00	415.00	416.00	413.00	414.00	416.00	417.00	420.00	422.00	420.00	419.00	420.00	420.00	421.00	423.00	427.00	429.00	430.00	431.00	433.00	433.00	436.00	436.00	437.00	442.00	444.00	445.00	447.00	448.00	449.00	449.00	451.00	451.00	449.00	449.00	448.00	447.00	447.00	448.00	447.00	446.00	446.00	445.00	447.00	444.00	445.00	445.00	443.00	444.00	445.00	444.00	443.00	440.00	437.00	436.00	435.00	436.00	437.00	437.00	438.00	438.00	438.00	436.00	438.00	441.00
265.00	264.00	269.00	271.00	273.00	272.00	273.00	275.00	275.00	277.00	277.00	277.00	278.00	280.00	279.00	279.00	279.00	280.00	283.00	281.00	280.00	281.00	284.00	285.00	287.00	290.00	292.00	294.00	295.00	299.00	302.00	306.00	309.00	308.00	313.00	307.00	306.00	306.00	307.00	307.00	309.00	311.00	313.00	315.00	319.00	329.00	331.00	330.00	332.00	341.00	351.00	353.00	341.00	333.00	342.00	338.00	333.00	330.00	323.00	322.00	321.00	320.00	317.00	315.00	314.00	311.00	313.00	311.00	311.00	309.00	309.00	309.00	310.00	310.00	310.00	310.00	309.00	309.00	311.00	312.00	313.00	312.00	313.00	314.00	314.00	316.00	318.00	320.00	319.00	322.00	326.00	331.00	338.00	344.00	351.00	361.00	365.00	373.00	394.00	406.00	438.00	466.00	491.00	519.00	460.00	417.00	409.00	442.00	391.00	386.00	383.00	381.00	386.00	411.00	465.00	500.00	423.00	391.00	379.00	375.00	373.00	382.00	380.00	380.00	378.00	375.00	373.00	373.00	376.00	379.00	370.00	366.00	369.00	367.00	357.00	362.00	363.00	360.00	361.00	367.00	368.00	370.00	363.00	364.00	376.00	376.00	375.00	374.00	365.00	369.00	366.00	361.00	346.00	346.00	342.00	344.00	345.00	346.00	347.00	352.00	366.00	369.00	364.00	360.00	360.00	360.00	360.00	361.00	364.00	364.00	366.00	368.00	368.00	368.00	370.00	368.00	368.00	372.00	374.00	376.00	383.00	386.00	390.00	395.00	402.00	403.00	401.00	402.00	406.00	407.00	408.00	410.00	414.00	413.00	413.00	411.00	411.00	416.00	417.00	417.00	416.00	421.00	419.00	419.00	422.00	424.00	427.00	428.00	430.00	431.00	431.00	433.00	434.00	435.00	436.00	438.00	441.00	441.00	443.00	446.00	448.00	449.00	449.00	451.00	448.00	448.00	449.00	445.00	446.00	445.00	445.00	444.00	444.00	446.00	446.00	446.00	444.00	444.00	444.00	442.00	443.00	443.00	441.00	439.00	439.00	437.00	433.00	435.00	437.00	437.00	437.00	437.00	435.00	437.00	437.00	440.00
263.00	265.00	270.00	271.00	272.00	272.00	274.00	274.00	275.00	277.00	277.00	277.00	278.00	278.00	279.00	279.00	280.00	283.00	287.00	284.00	282.00	282.00	284.00	286.00	289.00	290.00	291.00	295.00	298.00	300.00	302.00	306.00	310.00	312.00	317.00	309.00	306.00	308.00	308.00	309.00	312.00	317.00	315.00	318.00	321.00	324.00	328.00	331.00	335.00	346.00	351.00	345.00	341.00	341.00	344.00	338.00	334.00	330.00	326.00	324.00	323.00	321.00	318.00	318.00	315.00	313.00	313.00	312.00	311.00	309.00	311.00	310.00	310.00	310.00	310.00	310.00	311.00	310.00	310.00	312.00	313.00	314.00	313.00	314.00	315.00	316.00	318.00	319.00	319.00	321.00	326.00	331.00	337.00	345.00	356.00	358.00	360.00	376.00	429.00	450.00	451.00	498.00	492.00	504.00	424.00	404.00	411.00	422.00	381.00	380.00	380.00	380.00	394.00	461.00	486.00	504.00	427.00	384.00	378.00	374.00	372.00	377.00	376.00	375.00	375.00	373.00	372.00	370.00	378.00	376.00	366.00	364.00	369.00	363.00	358.00	359.00	361.00	359.00	360.00	367.00	371.00	373.00	361.00	368.00	373.00	374.00	372.00	369.00	364.00	367.00	365.00	354.00	344.00	344.00	343.00	344.00	345.00	346.00	352.00	355.00	369.00	367.00	360.00	357.00	361.00	359.00	360.00	361.00	362.00	364.00	365.00	367.00	369.00	368.00	370.00	369.00	373.00	375.00	374.00	377.00	380.00	385.00	391.00	394.00	400.00	399.00	399.00	401.00	404.00	408.00	407.00	411.00	412.00	414.00	411.00	410.00	408.00	411.00	413.00	414.00	413.00	417.00	417.00	419.00	422.00	425.00	426.00	426.00	428.00	428.00	431.00	431.00	432.00	434.00	434.00	437.00	437.00	441.00	442.00	444.00	447.00	448.00	448.00	450.00	448.00	449.00	446.00	444.00	444.00	441.00	446.00	446.00	442.00	444.00	444.00	445.00	443.00	441.00	442.00	441.00	442.00	442.00	441.00	438.00	438.00	435.00	433.00	433.00	435.00	435.00	435.00	435.00	435.00	436.00	437.00	439.00
266.00	269.00	270.00	271.00	272.00	273.00	273.00	275.00	275.00	275.00	276.00	277.00	278.00	278.00	279.00	281.00	282.00	284.00	290.00	286.00	284.00	283.00	285.00	288.00	289.00	292.00	293.00	296.00	301.00	305.00	307.00	307.00	311.00	314.00	316.00	309.00	310.00	310.00	311.00	312.00	324.00	326.00	323.00	321.00	321.00	330.00	332.00	333.00	336.00	353.00	353.00	354.00	345.00	354.00	343.00	337.00	335.00	333.00	336.00	332.00	328.00	326.00	323.00	321.00	319.00	318.00	316.00	315.00	313.00	312.00	311.00	312.00	311.00	310.00	311.00	311.00	312.00	311.00	311.00	311.00	312.00	314.00	314.00	313.00	314.00	316.00	318.00	318.00	321.00	324.00	327.00	332.00	338.00	344.00	357.00	366.00	377.00	396.00	438.00	438.00	491.00	466.00	478.00	418.00	400.00	392.00	402.00	377.00	375.00	374.00	377.00	396.00	479.00	472.00	472.00	451.00	401.00	396.00	438.00	385.00	367.00	371.00	372.00	370.00	367.00	368.00	367.00	370.00	374.00	373.00	360.00	358.00	366.00	361.00	357.00	358.00	358.00	355.00	358.00	373.00	367.00	366.00	359.00	368.00	371.00	368.00	366.00	365.00	364.00	359.00	355.00	346.00	342.00	342.00	343.00	343.00	343.00	349.00	354.00	362.00	370.00	360.00	359.00	358.00	360.00	361.00	360.00	363.00	363.00	364.00	367.00	369.00	370.00	370.00	372.00	377.00	381.00	376.00	378.00	381.00	384.00	390.00	393.00	393.00	396.00	396.00	398.00	401.00	405.00	405.00	406.00	408.00	409.00	409.00	407.00	407.00	409.00	409.00	408.00	410.00	409.00	413.00	415.00	417.00	417.00	419.00	420.00	421.00	423.00	422.00	428.00	427.00	430.00	431.00	431.00	435.00	435.00	437.00	441.00	441.00	444.00	445.00	447.00	450.00	450.00	447.00	446.00	444.00	442.00	441.00	442.00	442.00	440.00	442.00	441.00	443.00	441.00	440.00	439.00	439.00	439.00	439.00	439.00	437.00	439.00	437.00	433.00	431.00	432.00	430.00	432.00	433.00	433.00	434.00	437.00	439.00
266.00	267.00	269.00	270.00	273.00	273.00	273.00	274.00	274.00	276.00	276.00	277.00	278.00	279.00	279.00	282.00	284.00	285.00	288.00	289.00	288.00	286.00	285.00	289.00	290.00	292.00	294.00	298.00	302.00	307.00	311.00	311.00	313.00	317.00	315.00	311.00	311.00	311.00	312.00	314.00	330.00	329.00	330.00	328.00	323.00	334.00	340.00	341.00	337.00	364.00	364.00	354.00	347.00	350.00	343.00	340.00	337.00	336.00	334.00	333.00	330.00	327.00	324.00	322.00	321.00	319.00	318.00	316.00	314.00	314.00	313.00	312.00	312.00	312.00	312.00	312.00	313.00	312.00	313.00	311.00	312.00	314.00	314.00	315.00	314.00	317.00	318.00	320.00	321.00	324.00	326.00	332.00	336.00	339.00	358.00	374.00	404.00	435.00	445.00	471.00	473.00	455.00	480.00	394.00	387.00	390.00	400.00	375.00	375.00	372.00	379.00	389.00	467.00	439.00	465.00	417.00	390.00	447.00	439.00	373.00	365.00	370.00	368.00	367.00	365.00	364.00	368.00	371.00	373.00	367.00	357.00	354.00	357.00	361.00	355.00	357.00	354.00	357.00	362.00	374.00	369.00	362.00	357.00	366.00	369.00	366.00	364.00	363.00	364.00	357.00	351.00	345.00	344.00	343.00	343.00	343.00	346.00	352.00	360.00	366.00	367.00	359.00	358.00	359.00	358.00	360.00	363.00	363.00	362.00	364.00	368.00	370.00	371.00	371.00	373.00	376.00	378.00	377.00	377.00	382.00	385.00	388.00	389.00	391.00	396.00	399.00	400.00	401.00	403.00	402.00	403.00	406.00	408.00	406.00	404.00	405.00	405.00	406.00	410.00	411.00	412.00	415.00	414.00	416.00	417.00	418.00	420.00	421.00	424.00	425.00	427.00	427.00	430.00	430.00	432.00	434.00	436.00	436.00	438.00	441.00	441.00	444.00	446.00	451.00	452.00	451.00	450.00	447.00	446.00	442.00	442.00	439.00	441.00	440.00	437.00	439.00	438.00	439.00	438.00	439.00	438.00	439.00	438.00	437.00	436.00	435.00	433.00	430.00	429.00	429.00	429.00	430.00	432.00	438.00	438.00	438.00
265.00	266.00	269.00	270.00	272.00	272.00	273.00	274.00	274.00	275.00	276.00	277.00	278.00	280.00	280.00	283.00	286.00	290.00	290.00	293.00	290.00	287.00	285.00	291.00	291.00	293.00	295.00	299.00	303.00	307.00	313.00	318.00	315.00	319.00	320.00	315.00	312.00	312.00	314.00	317.00	340.00	336.00	332.00	327.00	326.00	335.00	338.00	344.00	345.00	371.00	361.00	350.00	350.00	350.00	346.00	343.00	339.00	338.00	336.00	334.00	331.00	330.00	326.00	324.00	322.00	321.00	319.00	317.00	316.00	314.00	314.00	313.00	313.00	313.00	313.00	314.00	312.00	314.00	313.00	312.00	311.00	313.00	313.00	315.00	314.00	317.00	320.00	322.00	323.00	324.00	328.00	332.00	335.00	338.00	354.00	372.00	412.00	457.00	458.00	479.00	454.00	455.00	475.00	383.00	382.00	383.00	404.00	373.00	372.00	370.00	383.00	388.00	457.00	430.00	425.00	406.00	384.00	467.00	399.00	368.00	365.00	368.00	366.00	364.00	362.00	364.00	368.00	374.00	369.00	365.00	356.00	353.00	352.00	351.00	355.00	354.00	353.00	359.00	364.00	369.00	366.00	358.00	357.00	369.00	369.00	365.00	364.00	362.00	361.00	356.00	347.00	343.00	343.00	342.00	342.00	345.00	350.00	358.00	368.00	369.00	368.00	358.00	358.00	357.00	360.00	360.00	364.00	363.00	363.00	366.00	369.00	370.00	371.00	373.00	372.00	375.00	376.00	378.00	379.00	382.00	385.00	387.00	389.00	393.00	397.00	399.00	399.00	400.00	400.00	400.00	400.00	404.00	404.00	408.00	404.00	403.00	405.00	407.00	409.00	411.00	413.00	415.00	416.00	417.00	419.00	419.00	421.00	422.00	424.00	424.00	427.00	429.00	431.00	431.00	432.00	433.00	435.00	435.00	437.00	441.00	441.00	442.00	443.00	447.00	453.00	451.00	450.00	446.00	445.00	444.00	441.00	438.00	441.00	436.00	439.00	438.00	438.00	438.00	438.00	437.00	438.00	437.00	437.00	435.00	435.00	435.00	431.00	429.00	428.00	427.00	427.00	430.00	431.00	451.00	444.00	439.00
268.00	268.00	270.00	271.00	273.00	273.00	273.00	274.00	275.00	277.00	278.00	279.00	280.00	281.00	282.00	285.00	291.00	293.00	294.00	294.00	289.00	287.00	286.00	290.00	292.00	293.00	298.00	301.00	302.00	308.00	312.00	320.00	320.00	322.00	319.00	314.00	312.00	314.00	314.00	320.00	344.00	338.00	332.00	334.00	331.00	342.00	343.00	346.00	357.00	365.00	358.00	350.00	352.00	357.00	356.00	346.00	343.00	341.00	336.00	334.00	333.00	331.00	326.00	325.00	325.00	323.00	321.00	318.00	316.00	315.00	316.00	315.00	314.00	314.00	315.00	317.00	313.00	313.00	313.00	314.00	313.00	314.00	315.00	314.00	314.00	317.00	321.00	322.00	319.00	324.00	328.00	333.00	335.00	338.00	355.00	380.00	447.00	462.00	463.00	449.00	439.00	457.00	442.00	378.00	382.00	392.00	423.00	371.00	368.00	368.00	389.00	396.00	437.00	440.00	403.00	410.00	381.00	453.00	375.00	366.00	362.00	367.00	362.00	362.00	362.00	364.00	368.00	372.00	368.00	361.00	353.00	351.00	350.00	350.00	352.00	353.00	355.00	364.00	364.00	363.00	359.00	352.00	356.00	368.00	368.00	364.00	364.00	358.00	359.00	354.00	342.00	340.00	344.00	344.00	351.00	357.00	363.00	367.00	369.00	371.00	366.00	357.00	357.00	356.00	358.00	359.00	361.00	364.00	364.00	365.00	368.00	369.00	370.00	374.00	377.00	375.00	377.00	377.00	378.00	381.00	383.00	385.00	387.00	390.00	394.00	396.00	396.00	397.00	398.00	398.00	399.00	402.00	401.00	403.00	403.00	404.00	406.00	408.00	409.00	410.00	413.00	418.00	419.00	420.00	422.00	422.00	422.00	424.00	425.00	424.00	427.00	427.00	432.00	432.00	434.00	437.00	435.00	439.00	440.00	439.00	442.00	443.00	443.00	446.00	450.00	450.00	450.00	449.00	444.00	444.00	439.00	439.00	438.00	439.00	439.00	438.00	436.00	436.00	435.00	436.00	436.00	437.00	438.00	436.00	435.00	433.00	430.00	428.00	426.00	426.00	427.00	429.00	431.00	435.00	446.00	443.00
268.00	269.00	270.00	270.00	271.00	273.00	274.00	275.00	276.00	278.00	278.00	278.00	280.00	282.00	287.00	289.00	294.00	288.00	288.00	287.00	286.00	287.00	288.00	291.00	293.00	296.00	299.00	305.00	310.00	309.00	307.00	314.00	315.00	319.00	319.00	318.00	316.00	316.00	317.00	328.00	337.00	336.00	337.00	348.00	341.00	347.00	346.00	351.00	359.00	365.00	359.00	356.00	359.00	365.00	362.00	351.00	346.00	342.00	343.00	340.00	336.00	336.00	329.00	328.00	327.00	326.00	323.00	320.00	319.00	319.00	320.00	318.00	318.00	317.00	319.00	318.00	315.00	315.00	315.00	315.00	315.00	315.00	316.00	317.00	316.00	314.00	317.00	319.00	322.00	327.00	330.00	335.00	339.00	342.00	361.00	430.00	467.00	472.00	442.00	418.00	436.00	450.00	377.00	388.00	407.00	450.00	411.00	368.00	364.00	368.00	372.00	387.00	461.00	402.00	386.00	382.00	401.00	377.00	363.00	361.00	361.00	362.00	365.00	362.00	363.00	368.00	368.00	370.00	358.00	356.00	348.00	347.00	348.00	348.00	350.00	353.00	369.00	363.00	357.00	361.00	351.00	358.00	361.00	365.00	366.00	364.00	357.00	359.00	352.00	342.00	341.00	340.00	342.00	354.00	359.00	364.00	364.00	366.00	368.00	371.00	368.00	356.00	356.00	356.00	357.00	359.00	360.00	363.00	364.00	364.00	368.00	372.00	375.00	379.00	381.00	377.00	377.00	378.00	379.00	382.00	384.00	386.00	386.00	387.00	388.00	390.00	391.00	392.00	394.00	395.00	396.00	398.00	402.00	403.00	406.00	409.00	408.00	410.00	412.00	413.00	415.00	420.00	422.00	423.00	423.00	422.00	425.00	424.00	425.00	428.00	430.00	432.00	433.00	434.00	435.00	437.00	440.00	440.00	443.00	443.00	446.00	446.00	446.00	447.00	446.00	448.00	448.00	448.00	447.00	445.00	445.00	439.00	438.00	436.00	435.00	435.00	434.00	435.00	434.00	434.00	435.00	435.00	437.00	434.00	433.00	430.00	429.00	427.00	424.00	424.00	424.00	427.00	428.00	428.00	432.00	456.00
268.00	268.00	270.00	271.00	272.00	274.00	275.00	275.00	276.00	279.00	279.00	279.00	280.00	281.00	283.00	285.00	287.00	285.00	286.00	287.00	287.00	288.00	289.00	292.00	294.00	296.00	299.00	305.00	309.00	313.00	316.00	313.00	314.00	317.00	323.00	320.00	317.00	317.00	319.00	334.00	330.00	328.00	335.00	341.00	341.00	340.00	342.00	350.00	352.00	363.00	358.00	357.00	364.00	371.00	358.00	350.00	345.00	344.00	349.00	342.00	339.00	337.00	330.00	330.00	329.00	326.00	324.00	322.00	322.00	321.00	321.00	320.00	319.00	319.00	319.00	319.00	316.00	316.00	316.00	316.00	316.00	315.00	316.00	316.00	316.00	316.00	316.00	317.00	321.00	327.00	334.00	342.00	344.00	350.00	377.00	458.00	466.00	458.00	425.00	417.00	443.00	416.00	370.00	384.00	408.00	445.00	376.00	363.00	363.00	364.00	370.00	414.00	438.00	384.00	379.00	377.00	420.00	370.00	362.00	359.00	358.00	364.00	364.00	366.00	365.00	366.00	367.00	363.00	360.00	355.00	345.00	346.00	348.00	349.00	349.00	355.00	359.00	357.00	355.00	354.00	350.00	359.00	363.00	367.00	365.00	362.00	353.00	353.00	346.00	340.00	340.00	341.00	350.00	359.00	363.00	361.00	355.00	363.00	367.00	369.00	359.00	355.00	356.00	356.00	358.00	358.00	360.00	362.00	365.00	366.00	370.00	371.00	374.00	377.00	375.00	376.00	377.00	379.00	383.00	387.00	387.00	387.00	388.00	389.00	391.00	392.00	394.00	394.00	395.00	396.00	397.00	402.00	405.00	404.00	408.00	408.00	409.00	412.00	411.00	412.00	414.00	419.00	422.00	423.00	423.00	425.00	425.00	425.00	426.00	428.00	429.00	432.00	433.00	435.00	436.00	438.00	439.00	442.00	444.00	445.00	446.00	447.00	449.00	448.00	448.00	448.00	448.00	447.00	446.00	443.00	442.00	442.00	440.00	435.00	434.00	433.00	433.00	432.00	434.00	433.00	434.00	434.00	435.00	434.00	434.00	431.00	428.00	427.00	425.00	422.00	423.00	426.00	427.00	428.00	433.00	454.00
268.00	268.00	269.00	270.00	271.00	273.00	275.00	276.00	277.00	278.00	279.00	279.00	279.00	282.00	282.00	284.00	284.00	285.00	287.00	286.00	288.00	289.00	290.00	294.00	295.00	297.00	299.00	308.00	312.00	314.00	318.00	319.00	315.00	318.00	323.00	320.00	318.00	318.00	319.00	325.00	323.00	326.00	334.00	335.00	335.00	337.00	342.00	347.00	353.00	361.00	354.00	356.00	364.00	369.00	354.00	350.00	347.00	347.00	351.00	344.00	339.00	337.00	332.00	332.00	330.00	330.00	328.00	326.00	323.00	324.00	323.00	322.00	321.00	321.00	321.00	321.00	318.00	317.00	317.00	318.00	316.00	316.00	316.00	315.00	317.00	316.00	317.00	316.00	319.00	327.00	339.00	351.00	356.00	361.00	410.00	466.00	457.00	450.00	413.00	416.00	445.00	381.00	369.00	395.00	429.00	404.00	364.00	361.00	361.00	363.00	388.00	460.00	402.00	377.00	373.00	379.00	422.00	367.00	360.00	356.00	358.00	362.00	363.00	365.00	365.00	364.00	365.00	363.00	357.00	350.00	346.00	346.00	347.00	347.00	349.00	359.00	358.00	353.00	355.00	350.00	351.00	359.00	361.00	363.00	365.00	362.00	355.00	353.00	346.00	340.00	341.00	341.00	355.00	359.00	359.00	355.00	348.00	360.00	365.00	363.00	354.00	354.00	356.00	360.00	358.00	358.00	360.00	362.00	362.00	365.00	373.00	374.00	373.00	375.00	376.00	377.00	379.00	382.00	385.00	387.00	390.00	391.00	392.00	392.00	393.00	393.00	397.00	399.00	399.00	398.00	396.00	401.00	402.00	403.00	406.00	407.00	410.00	412.00	413.00	413.00	415.00	420.00	421.00	424.00	424.00	424.00	424.00	424.00	426.00	426.00	430.00	429.00	432.00	432.00	433.00	437.00	439.00	440.00	443.00	443.00	447.00	448.00	447.00	448.00	446.00	447.00	448.00	445.00	445.00	446.00	443.00	440.00	442.00	433.00	433.00	433.00	432.00	431.00	432.00	432.00	433.00	433.00	434.00	433.00	432.00	430.00	428.00	426.00	422.00	422.00	422.00	424.00	426.00	427.00	436.00	457.00
268.00	268.00	270.00	270.00	272.00	273.00	274.00	275.00	276.00	278.00	279.00	279.00	280.00	282.00	284.00	285.00	285.00	286.00	288.00	288.00	289.00	290.00	290.00	294.00	297.00	299.00	300.00	307.00	310.00	316.00	319.00	323.00	320.00	319.00	322.00	320.00	320.00	319.00	321.00	321.00	324.00	325.00	327.00	329.00	332.00	335.00	337.00	343.00	358.00	353.00	351.00	353.00	357.00	360.00	357.00	352.00	348.00	349.00	350.00	344.00	342.00	339.00	333.00	334.00	334.00	333.00	332.00	326.00	326.00	325.00	324.00	324.00	323.00	322.00	322.00	319.00	318.00	318.00	318.00	318.00	316.00	316.00	317.00	317.00	317.00	317.00	316.00	316.00	318.00	329.00	342.00	354.00	362.00	364.00	420.00	451.00	450.00	435.00	398.00	420.00	414.00	364.00	362.00	390.00	431.00	373.00	361.00	359.00	359.00	361.00	407.00	459.00	380.00	376.00	371.00	395.00	431.00	365.00	359.00	355.00	357.00	362.00	363.00	364.00	362.00	358.00	364.00	369.00	353.00	347.00	344.00	345.00	346.00	345.00	351.00	357.00	356.00	352.00	354.00	349.00	352.00	355.00	357.00	358.00	361.00	360.00	356.00	355.00	342.00	340.00	340.00	340.00	355.00	356.00	355.00	348.00	342.00	360.00	363.00	356.00	353.00	354.00	357.00	362.00	357.00	357.00	361.00	359.00	362.00	367.00	378.00	379.00	379.00	382.00	382.00	381.00	382.00	384.00	385.00	387.00	394.00	394.00	395.00	397.00	397.00	396.00	399.00	401.00	400.00	400.00	399.00	400.00	400.00	402.00	405.00	409.00	410.00	413.00	413.00	414.00	415.00	420.00	422.00	422.00	422.00	425.00	423.00	424.00	426.00	426.00	428.00	429.00	432.00	433.00	434.00	436.00	438.00	440.00	443.00	446.00	444.00	448.00	449.00	446.00	444.00	447.00	448.00	447.00	445.00	442.00	442.00	441.00	441.00	434.00	433.00	434.00	432.00	429.00	431.00	432.00	432.00	432.00	433.00	433.00	431.00	430.00	426.00	425.00	424.00	421.00	421.00	422.00	423.00	425.00	432.00	461.00
268.00	269.00	270.00	271.00	273.00	274.00	274.00	275.00	277.00	280.00	280.00	281.00	282.00	284.00	285.00	286.00	288.00	288.00	291.00	290.00	292.00	292.00	293.00	294.00	297.00	300.00	302.00	307.00	310.00	317.00	322.00	324.00	329.00	332.00	326.00	328.00	327.00	325.00	329.00	330.00	330.00	330.00	334.00	332.00	332.00	335.00	334.00	339.00	341.00	348.00	349.00	351.00	355.00	357.00	366.00	359.00	354.00	349.00	344.00	343.00	340.00	336.00	339.00	339.00	337.00	339.00	337.00	331.00	330.00	328.00	329.00	327.00	325.00	323.00	322.00	320.00	319.00	320.00	319.00	320.00	319.00	318.00	318.00	318.00	318.00	319.00	317.00	317.00	317.00	328.00	335.00	340.00	351.00	359.00	415.00	418.00	418.00	418.00	402.00	404.00	359.00	354.00	355.00	417.00	413.00	453.00	422.00	355.00	355.00	364.00	393.00	404.00	366.00	365.00	378.00	420.00	398.00	366.00	358.00	355.00	356.00	361.00	361.00	356.00	351.00	349.00	357.00	360.00	347.00	344.00	349.00	343.00	347.00	348.00	351.00	356.00	351.00	349.00	348.00	347.00	357.00	355.00	354.00	357.00	359.00	357.00	355.00	351.00	341.00	340.00	340.00	338.00	343.00	341.00	342.00	341.00	353.00	359.00	357.00	352.00	350.00	352.00	353.00	355.00	356.00	356.00	358.00	376.00	420.00	444.00	391.00	391.00	393.00	394.00	395.00	389.00	387.00	384.00	385.00	392.00	397.00	397.00	398.00	400.00	399.00	401.00	401.00	403.00	404.00	402.00	403.00	401.00	402.00	403.00	403.00	406.00	408.00	411.00	413.00	414.00	415.00	419.00	420.00	419.00	418.00	422.00	421.00	424.00	423.00	425.00	428.00	428.00	430.00	432.00	433.00	436.00	438.00	438.00	439.00	444.00	445.00	447.00	446.00	445.00	442.00	445.00	445.00	442.00	443.00	442.00	442.00	440.00	440.00	437.00	433.00	431.00	431.00	428.00	428.00	429.00	429.00	429.00	431.00	431.00	430.00	429.00	426.00	424.00	422.00	420.00	419.00	422.00	421.00	426.00	428.00	455.00
269.00	268.00	270.00	271.00	273.00	274.00	275.00	277.00	278.00	280.00	282.00	282.00	283.00	285.00	286.00	287.00	288.00	289.00	291.00	292.00	293.00	294.00	294.00	297.00	299.00	302.00	305.00	311.00	311.00	317.00	322.00	328.00	333.00	334.00	329.00	332.00	328.00	328.00	333.00	335.00	334.00	330.00	334.00	338.00	335.00	337.00	336.00	338.00	347.00	352.00	354.00	359.00	356.00	355.00	365.00	357.00	353.00	349.00	344.00	342.00	341.00	336.00	337.00	336.00	334.00	342.00	338.00	332.00	331.00	331.00	331.00	328.00	326.00	324.00	323.00	325.00	321.00	319.00	319.00	319.00	319.00	319.00	318.00	319.00	318.00	319.00	317.00	317.00	317.00	326.00	332.00	343.00	355.00	364.00	395.00	405.00	411.00	400.00	418.00	372.00	354.00	353.00	356.00	440.00	465.00	460.00	371.00	353.00	353.00	372.00	407.00	377.00	361.00	364.00	407.00	456.00	436.00	362.00	356.00	353.00	355.00	359.00	359.00	354.00	350.00	346.00	349.00	356.00	343.00	341.00	352.00	346.00	350.00	348.00	350.00	349.00	349.00	348.00	347.00	347.00	354.00	351.00	354.00	357.00	358.00	355.00	353.00	348.00	341.00	340.00	339.00	339.00	339.00	340.00	343.00	353.00	356.00	361.00	354.00	351.00	351.00	351.00	350.00	352.00	354.00	356.00	413.00	435.00	448.00	473.00	451.00	403.00	407.00	407.00	405.00	404.00	395.00	393.00	389.00	392.00	397.00	399.00	400.00	401.00	403.00	401.00	403.00	405.00	406.00	405.00	406.00	404.00	404.00	405.00	406.00	405.00	408.00	410.00	410.00	411.00	414.00	416.00	416.00	417.00	417.00	419.00	421.00	421.00	422.00	425.00	425.00	430.00	431.00	433.00	432.00	437.00	436.00	438.00	441.00	442.00	443.00	445.00	445.00	445.00	445.00	445.00	441.00	442.00	441.00	442.00	440.00	439.00	439.00	436.00	432.00	432.00	430.00	427.00	426.00	428.00	428.00	430.00	430.00	429.00	429.00	428.00	424.00	423.00	420.00	418.00	419.00	419.00	420.00	423.00	427.00	436.00
269.00	269.00	271.00	271.00	274.00	275.00	276.00	278.00	279.00	281.00	282.00	282.00	283.00	285.00	286.00	288.00	288.00	289.00	292.00	293.00	294.00	295.00	296.00	298.00	301.00	303.00	305.00	315.00	316.00	316.00	319.00	327.00	332.00	337.00	333.00	336.00	330.00	332.00	335.00	339.00	342.00	332.00	334.00	340.00	340.00	342.00	338.00	341.00	356.00	352.00	356.00	362.00	360.00	358.00	364.00	357.00	352.00	351.00	346.00	345.00	342.00	336.00	335.00	334.00	333.00	343.00	341.00	334.00	333.00	333.00	332.00	330.00	328.00	325.00	324.00	324.00	322.00	321.00	320.00	320.00	319.00	319.00	320.00	320.00	319.00	320.00	319.00	318.00	320.00	328.00	334.00	347.00	357.00	361.00	381.00	396.00	405.00	381.00	400.00	356.00	351.00	350.00	360.00	441.00	465.00	408.00	353.00	351.00	350.00	387.00	407.00	362.00	359.00	380.00	407.00	416.00	441.00	359.00	356.00	355.00	354.00	358.00	355.00	358.00	350.00	347.00	347.00	350.00	343.00	343.00	348.00	345.00	351.00	348.00	350.00	348.00	348.00	347.00	349.00	347.00	351.00	349.00	354.00	357.00	358.00	357.00	355.00	349.00	340.00	341.00	341.00	338.00	339.00	341.00	347.00	354.00	355.00	353.00	350.00	350.00	349.00	350.00	350.00	350.00	352.00	359.00	365.00	387.00	406.00	450.00	528.00	501.00	462.00	459.00	447.00	422.00	410.00	402.00	392.00	389.00	394.00	396.00	398.00	401.00	402.00	402.00	404.00	404.00	407.00	405.00	406.00	405.00	405.00	408.00	408.00	406.00	410.00	410.00	411.00	412.00	413.00	416.00	418.00	419.00	418.00	419.00	421.00	423.00	422.00	423.00	427.00	427.00	429.00	432.00	433.00	436.00	439.00	439.00	439.00	446.00	444.00	443.00	444.00	445.00	441.00	442.00	442.00	439.00	441.00	440.00	439.00	437.00	438.00	434.00	433.00	430.00	428.00	427.00	425.00	426.00	426.00	427.00	428.00	429.00	428.00	427.00	424.00	423.00	420.00	418.00	418.00	419.00	420.00	420.00	427.00	431.00
268.00	268.00	271.00	272.00	273.00	275.00	276.00	278.00	280.00	281.00	281.00	282.00	284.00	285.00	286.00	288.00	289.00	290.00	293.00	294.00	295.00	296.00	297.00	301.00	305.00	305.00	309.00	313.00	319.00	323.00	322.00	332.00	333.00	336.00	337.00	339.00	334.00	337.00	336.00	342.00	345.00	335.00	334.00	336.00	340.00	345.00	338.00	341.00	344.00	348.00	352.00	354.00	355.00	358.00	368.00	360.00	355.00	352.00	348.00	349.00	341.00	337.00	336.00	335.00	334.00	346.00	342.00	336.00	335.00	334.00	334.00	330.00	328.00	325.00	326.00	323.00	323.00	322.00	319.00	321.00	319.00	320.00	320.00	320.00	319.00	321.00	320.00	320.00	321.00	332.00	335.00	340.00	344.00	359.00	369.00	385.00	404.00	372.00	372.00	364.00	347.00	348.00	365.00	457.00	440.00	359.00	348.00	349.00	358.00	398.00	373.00	357.00	365.00	392.00	385.00	421.00	424.00	355.00	352.00	352.00	354.00	353.00	351.00	359.00	356.00	352.00	346.00	344.00	341.00	341.00	341.00	343.00	351.00	349.00	346.00	347.00	347.00	348.00	350.00	348.00	348.00	347.00	353.00	357.00	354.00	352.00	351.00	342.00	339.00	341.00	340.00	339.00	341.00	347.00	351.00	351.00	356.00	349.00	349.00	349.00	346.00	348.00	350.00	351.00	351.00	354.00	361.00	367.00	373.00	385.00	487.00	527.00	547.00	546.00	536.00	497.00	471.00	417.00	396.00	392.00	394.00	395.00	397.00	399.00	402.00	403.00	405.00	407.00	406.00	407.00	407.00	408.00	408.00	410.00	407.00	408.00	410.00	411.00	412.00	413.00	412.00	417.00	419.00	421.00	421.00	422.00	422.00	423.00	427.00	426.00	428.00	429.00	432.00	433.00	432.00	435.00	437.00	438.00	441.00	443.00	444.00	444.00	442.00	444.00	442.00	441.00	439.00	438.00	439.00	438.00	437.00	438.00	436.00	433.00	431.00	429.00	428.00	425.00	424.00	425.00	424.00	425.00	426.00	427.00	427.00	428.00	424.00	422.00	420.00	417.00	417.00	418.00	420.00	419.00	421.00	425.00
268.00	269.00	272.00	273.00	275.00	277.00	278.00	278.00	278.00	281.00	282.00	283.00	283.00	287.00	288.00	289.00	291.00	291.00	294.00	295.00	296.00	297.00	299.00	301.00	304.00	308.00	311.00	313.00	314.00	315.00	319.00	320.00	322.00	325.00	329.00	332.00	341.00	346.00	345.00	348.00	350.00	347.00	346.00	343.00	352.00	360.00	350.00	346.00	350.00	347.00	353.00	358.00	366.00	376.00	376.00	367.00	361.00	356.00	350.00	345.00	342.00	340.00	338.00	336.00	336.00	345.00	344.00	339.00	340.00	339.00	336.00	330.00	330.00	329.00	328.00	329.00	324.00	324.00	323.00	323.00	320.00	320.00	321.00	322.00	321.00	322.00	321.00	323.00	322.00	322.00	326.00	339.00	345.00	350.00	353.00	368.00	367.00	367.00	341.00	338.00	338.00	341.00	364.00	421.00	351.00	345.00	344.00	348.00	370.00	390.00	357.00	355.00	427.00	392.00	409.00	438.00	392.00	355.00	352.00	349.00	354.00	346.00	347.00	345.00	352.00	347.00	343.00	341.00	341.00	345.00	348.00	349.00	348.00	349.00	353.00	354.00	353.00	351.00	346.00	352.00	345.00	347.00	343.00	344.00	344.00	345.00	343.00	339.00	340.00	340.00	341.00	340.00	346.00	345.00	351.00	357.00	354.00	347.00	347.00	347.00	346.00	348.00	348.00	354.00	357.00	357.00	377.00	428.00	460.00	398.00	384.00	392.00	424.00	473.00	537.00	546.00	466.00	407.00	396.00	393.00	399.00	400.00	400.00	401.00	403.00	407.00	406.00	407.00	408.00	407.00	408.00	408.00	410.00	410.00	412.00	413.00	415.00	417.00	414.00	416.00	416.00	418.00	421.00	421.00	423.00	425.00	425.00	425.00	427.00	428.00	429.00	430.00	432.00	434.00	434.00	438.00	438.00	440.00	442.00	444.00	443.00	443.00	441.00	441.00	438.00	437.00	438.00	440.00	437.00	436.00	435.00	435.00	434.00	430.00	430.00	427.00	427.00	425.00	424.00	423.00	423.00	423.00	423.00	424.00	425.00	424.00	421.00	420.00	419.00	416.00	415.00	417.00	417.00	417.00	418.00	420.00
268.00	269.00	272.00	273.00	276.00	277.00	279.00	278.00	279.00	280.00	282.00	283.00	284.00	288.00	289.00	290.00	291.00	293.00	294.00	295.00	297.00	298.00	301.00	302.00	303.00	306.00	309.00	310.00	311.00	314.00	316.00	320.00	322.00	324.00	327.00	331.00	345.00	348.00	350.00	354.00	353.00	356.00	356.00	346.00	359.00	355.00	353.00	351.00	348.00	351.00	351.00	356.00	369.00	377.00	373.00	366.00	361.00	357.00	353.00	350.00	346.00	345.00	338.00	339.00	338.00	347.00	343.00	342.00	341.00	336.00	335.00	333.00	333.00	331.00	329.00	328.00	327.00	326.00	324.00	322.00	321.00	321.00	322.00	323.00	322.00	322.00	324.00	322.00	323.00	321.00	323.00	328.00	333.00	334.00	370.00	386.00	369.00	365.00	334.00	336.00	333.00	339.00	372.00	368.00	345.00	343.00	343.00	348.00	395.00	371.00	356.00	353.00	383.00	398.00	419.00	439.00	382.00	353.00	351.00	349.00	351.00	344.00	346.00	345.00	354.00	346.00	342.00	342.00	343.00	349.00	350.00	348.00	347.00	349.00	353.00	352.00	351.00	349.00	348.00	346.00	340.00	342.00	341.00	341.00	341.00	343.00	341.00	339.00	340.00	339.00	340.00	341.00	343.00	346.00	351.00	357.00	351.00	346.00	347.00	346.00	346.00	347.00	346.00	356.00	356.00	363.00	426.00	524.00	533.00	446.00	383.00	385.00	390.00	402.00	439.00	488.00	413.00	399.00	397.00	394.00	397.00	401.00	402.00	404.00	404.00	407.00	408.00	407.00	408.00	409.00	409.00	411.00	410.00	413.00	413.00	415.00	417.00	418.00	417.00	418.00	418.00	418.00	420.00	423.00	422.00	423.00	425.00	429.00	428.00	427.00	430.00	429.00	433.00	432.00	435.00	438.00	440.00	443.00	442.00	445.00	441.00	442.00	442.00	439.00	436.00	438.00	437.00	437.00	436.00	434.00	433.00	434.00	433.00	429.00	428.00	428.00	426.00	425.00	423.00	422.00	422.00	423.00	422.00	421.00	423.00	423.00	420.00	420.00	417.00	415.00	414.00	415.00	415.00	415.00	416.00	418.00
268.00	270.00	272.00	273.00	276.00	277.00	277.00	278.00	279.00	281.00	282.00	284.00	285.00	288.00	290.00	291.00	291.00	293.00	295.00	296.00	297.00	298.00	301.00	304.00	304.00	305.00	307.00	312.00	314.00	312.00	314.00	321.00	323.00	323.00	325.00	327.00	341.00	340.00	343.00	346.00	358.00	361.00	357.00	346.00	348.00	353.00	358.00	355.00	348.00	354.00	355.00	354.00	357.00	365.00	374.00	366.00	362.00	359.00	356.00	353.00	351.00	347.00	340.00	340.00	342.00	345.00	344.00	345.00	342.00	338.00	337.00	336.00	334.00	332.00	330.00	329.00	325.00	326.00	325.00	323.00	322.00	322.00	324.00	324.00	323.00	322.00	328.00	326.00	324.00	322.00	324.00	325.00	327.00	330.00	398.00	400.00	377.00	342.00	333.00	331.00	329.00	338.00	392.00	346.00	343.00	342.00	341.00	366.00	398.00	357.00	352.00	355.00	387.00	438.00	421.00	445.00	370.00	350.00	352.00	349.00	347.00	344.00	343.00	342.00	352.00	345.00	341.00	338.00	343.00	345.00	348.00	349.00	348.00	350.00	352.00	351.00	346.00	346.00	347.00	342.00	342.00	341.00	341.00	341.00	341.00	343.00	339.00	339.00	339.00	340.00	340.00	345.00	344.00	347.00	352.00	351.00	346.00	345.00	344.00	345.00	345.00	346.00	346.00	351.00	360.00	366.00	480.00	527.00	474.00	406.00	386.00	387.00	391.00	395.00	401.00	406.00	403.00	400.00	402.00	396.00	397.00	397.00	401.00	404.00	406.00	406.00	408.00	407.00	408.00	407.00	409.00	411.00	411.00	413.00	416.00	416.00	418.00	420.00	421.00	419.00	420.00	421.00	419.00	422.00	425.00	425.00	428.00	428.00	428.00	428.00	431.00	433.00	432.00	436.00	436.00	440.00	442.00	442.00	446.00	444.00	442.00	440.00	440.00	437.00	438.00	441.00	438.00	436.00	434.00	434.00	433.00	433.00	432.00	429.00	429.00	427.00	426.00	425.00	424.00	422.00	420.00	420.00	420.00	420.00	421.00	421.00	418.00	416.00	415.00	414.00	413.00	414.00	414.00	415.00	416.00	417.00
269.00	269.00	272.00	274.00	276.00	276.00	278.00	279.00	279.00	282.00	283.00	284.00	286.00	289.00	290.00	293.00	293.00	294.00	296.00	298.00	299.00	299.00	301.00	304.00	306.00	308.00	308.00	313.00	315.00	314.00	316.00	319.00	321.00	323.00	325.00	330.00	334.00	335.00	338.00	342.00	353.00	362.00	369.00	355.00	347.00	363.00	373.00	357.00	353.00	351.00	353.00	356.00	358.00	360.00	366.00	367.00	366.00	366.00	360.00	355.00	353.00	349.00	343.00	344.00	344.00	346.00	347.00	348.00	342.00	340.00	339.00	335.00	334.00	331.00	330.00	330.00	327.00	326.00	325.00	325.00	323.00	326.00	326.00	324.00	325.00	322.00	329.00	329.00	332.00	326.00	327.00	337.00	339.00	359.00	381.00	395.00	386.00	334.00	331.00	331.00	332.00	347.00	392.00	341.00	343.00	341.00	341.00	407.00	376.00	350.00	350.00	355.00	416.00	419.00	397.00	425.00	355.00	348.00	349.00	350.00	347.00	344.00	342.00	341.00	345.00	346.00	343.00	343.00	344.00	347.00	347.00	349.00	351.00	352.00	351.00	350.00	344.00	346.00	345.00	341.00	343.00	340.00	344.00	340.00	341.00	342.00	339.00	341.00	340.00	341.00	346.00	343.00	343.00	346.00	352.00	349.00	343.00	344.00	344.00	344.00	345.00	345.00	348.00	355.00	360.00	369.00	411.00	507.00	471.00	400.00	388.00	390.00	403.00	402.00	400.00	404.00	403.00	403.00	402.00	401.00	400.00	401.00	399.00	401.00	405.00	406.00	407.00	408.00	409.00	409.00	409.00	411.00	412.00	418.00	420.00	419.00	422.00	425.00	425.00	424.00	422.00	422.00	421.00	422.00	423.00	425.00	428.00	427.00	430.00	430.00	431.00	431.00	436.00	439.00	437.00	441.00	441.00	444.00	445.00	444.00	442.00	442.00	444.00	438.00	436.00	437.00	436.00	434.00	434.00	433.00	431.00	432.00	430.00	429.00	427.00	427.00	425.00	424.00	423.00	422.00	424.00	423.00	419.00	419.00	420.00	420.00	418.00	416.00	414.00	413.00	412.00	412.00	413.00	413.00	415.00	416.00
269.00	269.00	271.00	273.00	276.00	276.00	278.00	279.00	280.00	283.00	283.00	285.00	286.00	289.00	291.00	293.00	294.00	295.00	297.00	299.00	300.00	300.00	302.00	306.00	307.00	307.00	309.00	318.00	316.00	317.00	318.00	324.00	326.00	331.00	326.00	330.00	336.00	338.00	340.00	349.00	355.00	371.00	390.00	374.00	351.00	371.00	366.00	359.00	357.00	351.00	353.00	357.00	367.00	368.00	366.00	367.00	370.00	378.00	363.00	358.00	355.00	351.00	345.00	345.00	348.00	350.00	352.00	345.00	343.00	341.00	338.00	335.00	332.00	330.00	331.00	331.00	327.00	329.00	329.00	326.00	325.00	326.00	325.00	325.00	323.00	326.00	332.00	331.00	337.00	339.00	349.00	358.00	370.00	398.00	334.00	368.00	356.00	331.00	331.00	331.00	333.00	348.00	357.00	339.00	339.00	340.00	342.00	405.00	356.00	348.00	347.00	355.00	420.00	378.00	390.00	405.00	344.00	348.00	350.00	348.00	347.00	344.00	342.00	341.00	343.00	343.00	343.00	344.00	346.00	347.00	345.00	349.00	350.00	349.00	345.00	342.00	340.00	339.00	341.00	340.00	341.00	340.00	348.00	341.00	339.00	340.00	339.00	340.00	345.00	345.00	341.00	340.00	346.00	345.00	350.00	347.00	342.00	340.00	342.00	342.00	342.00	345.00	347.00	360.00	421.00	423.00	508.00	541.00	456.00	400.00	393.00	396.00	404.00	406.00	406.00	405.00	405.00	406.00	403.00	402.00	401.00	404.00	402.00	402.00	404.00	406.00	407.00	407.00	410.00	409.00	411.00	412.00	414.00	426.00	426.00	439.00	442.00	428.00	428.00	427.00	427.00	426.00	425.00	423.00	423.00	426.00	427.00	430.00	429.00	432.00	432.00	433.00	437.00	439.00	439.00	440.00	443.00	445.00	446.00	445.00	443.00	443.00	441.00	437.00	434.00	434.00	433.00	432.00	432.00	432.00	432.00	430.00	429.00	428.00	426.00	425.00	424.00	423.00	422.00	422.00	421.00	421.00	417.00	418.00	417.00	418.00	417.00	416.00	414.00	412.00	411.00	410.00	410.00	412.00	414.00	416.00
270.00	270.00	272.00	274.00	276.00	278.00	278.00	279.00	280.00	283.00	284.00	285.00	286.00	290.00	292.00	293.00	294.00	295.00	298.00	299.00	301.00	302.00	304.00	310.00	309.00	308.00	309.00	318.00	319.00	318.00	319.00	326.00	329.00	331.00	330.00	330.00	337.00	341.00	344.00	350.00	361.00	384.00	386.00	362.00	353.00	367.00	364.00	363.00	356.00	353.00	354.00	358.00	369.00	374.00	369.00	372.00	372.00	377.00	367.00	361.00	358.00	354.00	350.00	348.00	351.00	353.00	356.00	347.00	344.00	343.00	341.00	338.00	334.00	333.00	333.00	332.00	330.00	330.00	331.00	329.00	327.00	325.00	326.00	326.00	325.00	331.00	336.00	332.00	337.00	354.00	370.00	374.00	402.00	376.00	346.00	336.00	333.00	331.00	333.00	333.00	338.00	343.00	335.00	337.00	339.00	340.00	342.00	378.00	350.00	345.00	360.00	354.00	399.00	370.00	390.00	413.00	342.00	347.00	348.00	348.00	345.00	342.00	341.00	341.00	341.00	345.00	344.00	348.00	348.00	343.00	344.00	342.00	341.00	341.00	341.00	340.00	339.00	340.00	340.00	340.00	342.00	340.00	346.00	342.00	341.00	340.00	339.00	342.00	341.00	342.00	340.00	342.00	342.00	345.00	345.00	341.00	344.00	342.00	343.00	343.00	344.00	346.00	351.00	366.00	471.00	527.00	542.00	544.00	452.00	404.00	404.00	407.00	406.00	406.00	409.00	409.00	408.00	408.00	406.00	406.00	404.00	406.00	404.00	403.00	405.00	405.00	406.00	409.00	408.00	411.00	412.00	415.00	416.00	430.00	440.00	452.00	449.00	430.00	433.00	432.00	431.00	428.00	425.00	426.00	425.00	425.00	428.00	430.00	432.00	434.00	435.00	435.00	437.00	437.00	440.00	443.00	443.00	445.00	445.00	445.00	444.00	441.00	440.00	438.00	434.00	433.00	434.00	432.00	432.00	432.00	430.00	429.00	428.00	425.00	424.00	423.00	422.00	422.00	421.00	421.00	419.00	418.00	416.00	417.00	417.00	414.00	416.00	414.00	412.00	412.00	411.00	410.00	410.00	412.00	412.00	413.00
271.00	270.00	273.00	274.00	276.00	277.00	277.00	279.00	279.00	282.00	283.00	285.00	286.00	289.00	291.00	292.00	294.00	296.00	299.00	299.00	300.00	302.00	305.00	312.00	312.00	311.00	311.00	314.00	317.00	321.00	325.00	325.00	326.00	332.00	336.00	336.00	338.00	343.00	351.00	354.00	376.00	378.00	365.00	359.00	358.00	363.00	367.00	368.00	357.00	354.00	354.00	361.00	369.00	377.00	373.00	378.00	381.00	384.00	373.00	365.00	361.00	355.00	350.00	350.00	353.00	353.00	358.00	349.00	348.00	346.00	342.00	337.00	334.00	335.00	334.00	334.00	331.00	332.00	332.00	331.00	327.00	327.00	326.00	327.00	329.00	333.00	339.00	342.00	351.00	372.00	387.00	390.00	359.00	362.00	351.00	330.00	333.00	334.00	337.00	336.00	363.00	375.00	340.00	336.00	339.00	342.00	344.00	365.00	345.00	346.00	365.00	352.00	386.00	364.00	427.00	402.00	345.00	345.00	347.00	346.00	343.00	343.00	342.00	340.00	341.00	344.00	348.00	350.00	342.00	339.00	351.00	341.00	340.00	341.00	340.00	341.00	341.00	340.00	340.00	340.00	341.00	341.00	342.00	342.00	343.00	342.00	341.00	341.00	338.00	340.00	343.00	341.00	342.00	342.00	342.00	341.00	341.00	340.00	342.00	342.00	342.00	348.00	358.00	372.00	489.00	537.00	546.00	544.00	518.00	472.00	414.00	413.00	411.00	412.00	413.00	411.00	410.00	410.00	409.00	407.00	407.00	407.00	406.00	407.00	407.00	407.00	407.00	407.00	411.00	411.00	413.00	416.00	418.00	423.00	431.00	438.00	439.00	433.00	440.00	454.00	434.00	435.00	429.00	427.00	425.00	427.00	429.00	430.00	433.00	435.00	435.00	436.00	437.00	439.00	441.00	443.00	444.00	445.00	446.00	445.00	440.00	441.00	437.00	439.00	435.00	433.00	433.00	433.00	430.00	430.00	430.00	429.00	427.00	424.00	424.00	423.00	422.00	421.00	421.00	422.00	420.00	418.00	416.00	415.00	415.00	413.00	414.00	413.00	412.00	410.00	409.00	409.00	408.00	410.00	411.00	413.00
271.00	271.00	273.00	273.00	275.00	276.00	278.00	279.00	280.00	282.00	284.00	285.00	286.00	290.00	291.00	292.00	294.00	296.00	299.00	299.00	302.00	303.00	305.00	312.00	311.00	311.00	312.00	314.00	316.00	319.00	322.00	327.00	330.00	336.00	339.00	343.00	342.00	348.00	357.00	364.00	381.00	374.00	366.00	369.00	363.00	357.00	364.00	368.00	361.00	357.00	357.00	362.00	368.00	374.00	378.00	382.00	389.00	392.00	378.00	370.00	365.00	361.00	353.00	355.00	353.00	356.00	357.00	352.00	350.00	347.00	342.00	337.00	336.00	335.00	335.00	335.00	334.00	334.00	332.00	331.00	328.00	328.00	327.00	328.00	330.00	334.00	344.00	357.00	367.00	388.00	402.00	368.00	380.00	403.00	341.00	333.00	332.00	338.00	340.00	342.00	393.00	380.00	339.00	336.00	339.00	347.00	370.00	352.00	343.00	347.00	373.00	350.00	374.00	365.00	431.00	372.00	345.00	345.00	345.00	344.00	342.00	341.00	342.00	342.00	342.00	348.00	349.00	345.00	340.00	340.00	353.00	340.00	340.00	340.00	341.00	341.00	340.00	341.00	341.00	340.00	341.00	340.00	341.00	342.00	340.00	339.00	340.00	342.00	340.00	341.00	342.00	340.00	341.00	342.00	340.00	340.00	340.00	343.00	341.00	341.00	344.00	356.00	364.00	384.00	504.00	539.00	525.00	528.00	504.00	422.00	415.00	416.00	415.00	414.00	412.00	411.00	408.00	410.00	409.00	409.00	407.00	408.00	408.00	407.00	406.00	408.00	408.00	409.00	409.00	413.00	414.00	418.00	419.00	423.00	426.00	427.00	430.00	434.00	461.00	452.00	436.00	434.00	430.00	431.00	429.00	429.00	430.00	433.00	435.00	436.00	437.00	436.00	441.00	441.00	441.00	444.00	444.00	445.00	444.00	443.00	443.00	438.00	440.00	436.00	433.00	434.00	434.00	431.00	429.00	429.00	428.00	428.00	426.00	425.00	423.00	423.00	423.00	422.00	422.00	420.00	421.00	421.00	418.00	415.00	413.00	413.00	411.00	412.00	410.00	409.00	408.00	408.00	407.00	407.00	409.00	410.00
272.00	271.00	274.00	275.00	276.00	276.00	277.00	279.00	280.00	281.00	282.00	284.00	285.00	289.00	291.00	292.00	293.00	294.00	297.00	299.00	302.00	305.00	311.00	315.00	311.00	312.00	313.00	315.00	316.00	318.00	322.00	331.00	339.00	340.00	347.00	344.00	351.00	359.00	362.00	369.00	383.00	384.00	384.00	372.00	364.00	370.00	384.00	366.00	370.00	368.00	362.00	361.00	367.00	372.00	389.00	389.00	392.00	393.00	372.00	368.00	363.00	360.00	360.00	357.00	356.00	361.00	360.00	356.00	352.00	348.00	343.00	338.00	339.00	338.00	338.00	337.00	336.00	334.00	333.00	331.00	330.00	329.00	330.00	330.00	333.00	344.00	351.00	363.00	372.00	394.00	370.00	386.00	409.00	396.00	342.00	336.00	334.00	378.00	351.00	393.00	424.00	350.00	336.00	345.00	355.00	391.00	421.00	345.00	345.00	348.00	345.00	348.00	367.00	387.00	411.00	351.00	341.00	342.00	341.00	339.00	343.00	339.00	343.00	343.00	344.00	346.00	341.00	340.00	340.00	340.00	340.00	339.00	341.00	342.00	342.00	344.00	342.00	341.00	342.00	341.00	340.00	339.00	341.00	340.00	342.00	340.00	342.00	341.00	340.00	341.00	339.00	342.00	341.00	340.00	341.00	341.00	339.00	341.00	346.00	357.00	346.00	367.00	370.00	376.00	397.00	458.00	395.00	398.00	409.00	411.00	417.00	417.00	415.00	414.00	411.00	409.00	408.00	408.00	407.00	407.00	408.00	408.00	408.00	408.00	409.00	408.00	409.00	410.00	412.00	413.00	416.00	417.00	421.00	426.00	427.00	429.00	431.00	432.00	434.00	437.00	439.00	438.00	435.00	433.00	432.00	432.00	431.00	434.00	436.00	437.00	437.00	438.00	440.00	441.00	444.00	442.00	445.00	444.00	445.00	445.00	444.00	441.00	438.00	434.00	433.00	432.00	432.00	430.00	429.00	428.00	425.00	425.00	424.00	423.00	422.00	422.00	423.00	422.00	421.00	419.00	419.00	419.00	419.00	433.00	426.00	423.00	412.00	409.00	409.00	409.00	408.00	406.00	406.00	406.00	406.00	406.00
274.00	273.00	275.00	274.00	276.00	277.00	278.00	278.00	280.00	281.00	283.00	284.00	285.00	289.00	290.00	291.00	292.00	294.00	296.00	299.00	301.00	306.00	310.00	317.00	315.00	315.00	317.00	314.00	316.00	318.00	321.00	329.00	337.00	347.00	350.00	352.00	356.00	366.00	372.00	371.00	386.00	390.00	382.00	374.00	366.00	373.00	384.00	366.00	368.00	374.00	367.00	361.00	365.00	368.00	391.00	396.00	395.00	389.00	373.00	368.00	366.00	365.00	362.00	361.00	362.00	364.00	362.00	357.00	352.00	348.00	345.00	341.00	341.00	339.00	339.00	338.00	335.00	334.00	332.00	332.00	330.00	331.00	332.00	332.00	333.00	340.00	353.00	362.00	389.00	386.00	372.00	402.00	421.00	366.00	341.00	338.00	338.00	409.00	364.00	431.00	406.00	343.00	338.00	374.00	364.00	423.00	422.00	344.00	345.00	346.00	345.00	346.00	365.00	398.00	406.00	350.00	342.00	342.00	341.00	343.00	341.00	343.00	344.00	344.00	345.00	343.00	340.00	341.00	340.00	340.00	340.00	341.00	340.00	341.00	343.00	348.00	342.00	345.00	344.00	339.00	340.00	340.00	341.00	340.00	340.00	340.00	342.00	340.00	343.00	341.00	340.00	342.00	342.00	341.00	340.00	340.00	340.00	340.00	364.00	382.00	382.00	370.00	374.00	376.00	382.00	385.00	389.00	397.00	411.00	409.00	417.00	417.00	417.00	415.00	412.00	407.00	406.00	407.00	405.00	406.00	407.00	406.00	407.00	409.00	409.00	408.00	410.00	409.00	412.00	414.00	415.00	417.00	421.00	429.00	428.00	430.00	435.00	436.00	437.00	436.00	437.00	441.00	437.00	434.00	433.00	434.00	435.00	435.00	438.00	439.00	439.00	437.00	440.00	441.00	443.00	444.00	444.00	444.00	442.00	442.00	440.00	442.00	440.00	436.00	433.00	433.00	431.00	430.00	429.00	427.00	427.00	424.00	424.00	421.00	422.00	421.00	421.00	421.00	420.00	420.00	419.00	418.00	417.00	420.00	422.00	418.00	415.00	409.00	408.00	409.00	407.00	405.00	406.00	404.00	404.00	406.00
275.00	274.00	276.00	276.00	277.00	277.00	278.00	279.00	281.00	282.00	282.00	284.00	285.00	287.00	289.00	290.00	291.00	292.00	295.00	298.00	300.00	302.00	309.00	319.00	319.00	318.00	321.00	317.00	318.00	318.00	320.00	329.00	335.00	345.00	355.00	358.00	359.00	378.00	377.00	375.00	399.00	394.00	390.00	377.00	370.00	374.00	375.00	369.00	367.00	379.00	370.00	365.00	368.00	369.00	380.00	388.00	393.00	387.00	375.00	370.00	370.00	372.00	366.00	369.00	370.00	365.00	358.00	359.00	355.00	349.00	346.00	343.00	342.00	340.00	341.00	338.00	335.00	335.00	334.00	332.00	331.00	331.00	332.00	334.00	335.00	339.00	351.00	364.00	405.00	381.00	382.00	416.00	401.00	356.00	341.00	341.00	340.00	396.00	411.00	446.00	382.00	341.00	339.00	400.00	382.00	443.00	426.00	348.00	345.00	345.00	344.00	351.00	361.00	370.00	386.00	343.00	343.00	341.00	343.00	343.00	343.00	343.00	344.00	347.00	346.00	344.00	341.00	340.00	341.00	340.00	340.00	340.00	341.00	342.00	343.00	347.00	344.00	351.00	348.00	341.00	340.00	341.00	340.00	340.00	340.00	341.00	340.00	340.00	340.00	342.00	342.00	348.00	342.00	340.00	341.00	341.00	340.00	340.00	351.00	388.00	459.00	430.00	414.00	425.00	417.00	407.00	404.00	413.00	422.00	429.00	418.00	414.00	435.00	431.00	412.00	406.00	405.00	405.00	406.00	405.00	406.00	406.00	407.00	408.00	409.00	410.00	410.00	410.00	412.00	416.00	417.00	419.00	424.00	450.00	432.00	430.00	433.00	440.00	439.00	440.00	441.00	441.00	437.00	433.00	435.00	432.00	435.00	436.00	437.00	439.00	439.00	440.00	442.00	443.00	444.00	446.00	444.00	443.00	444.00	442.00	441.00	440.00	439.00	436.00	434.00	434.00	432.00	432.00	430.00	428.00	427.00	426.00	425.00	421.00	421.00	421.00	420.00	420.00	421.00	420.00	418.00	417.00	417.00	416.00	417.00	428.00	428.00	411.00	407.00	406.00	406.00	404.00	403.00	404.00	404.00	407.00
275.00	276.00	275.00	276.00	277.00	278.00	279.00	280.00	282.00	285.00	284.00	283.00	284.00	287.00	289.00	290.00	290.00	292.00	295.00	299.00	302.00	302.00	307.00	314.00	319.00	323.00	326.00	321.00	320.00	318.00	320.00	328.00	334.00	338.00	353.00	349.00	360.00	366.00	365.00	371.00	399.00	400.00	394.00	379.00	376.00	381.00	383.00	372.00	370.00	377.00	369.00	366.00	370.00	377.00	377.00	386.00	392.00	385.00	377.00	373.00	374.00	371.00	373.00	375.00	375.00	366.00	361.00	358.00	352.00	350.00	348.00	344.00	343.00	342.00	340.00	339.00	337.00	335.00	335.00	333.00	332.00	332.00	333.00	334.00	335.00	338.00	358.00	393.00	425.00	388.00	399.00	435.00	385.00	351.00	342.00	344.00	354.00	377.00	445.00	442.00	362.00	339.00	345.00	443.00	409.00	437.00	434.00	347.00	345.00	345.00	345.00	349.00	356.00	347.00	347.00	342.00	345.00	342.00	342.00	341.00	343.00	342.00	341.00	342.00	341.00	341.00	341.00	340.00	342.00	340.00	341.00	342.00	341.00	343.00	343.00	344.00	350.00	354.00	355.00	343.00	343.00	342.00	342.00	340.00	341.00	341.00	342.00	343.00	339.00	343.00	342.00	352.00	344.00	342.00	340.00	340.00	340.00	339.00	341.00	345.00	394.00	448.00	460.00	475.00	485.00	490.00	480.00	489.00	504.00	507.00	413.00	412.00	425.00	412.00	409.00	404.00	403.00	406.00	404.00	404.00	407.00	407.00	406.00	408.00	410.00	410.00	411.00	412.00	413.00	417.00	416.00	420.00	424.00	442.00	434.00	433.00	447.00	441.00	440.00	441.00	443.00	442.00	439.00	438.00	437.00	437.00	438.00	437.00	437.00	439.00	441.00	440.00	443.00	443.00	445.00	441.00	446.00	446.00	444.00	443.00	440.00	440.00	437.00	436.00	434.00	433.00	432.00	430.00	428.00	427.00	426.00	425.00	424.00	420.00	419.00	420.00	419.00	420.00	419.00	417.00	418.00	416.00	415.00	414.00	415.00	416.00	416.00	411.00	408.00	406.00	405.00	403.00	403.00	403.00	404.00	407.00
274.00	275.00	277.00	278.00	278.00	279.00	280.00	282.00	283.00	286.00	286.00	284.00	285.00	290.00	291.00	293.00	295.00	298.00	301.00	300.00	301.00	304.00	315.00	312.00	315.00	321.00	328.00	328.00	329.00	327.00	324.00	325.00	333.00	338.00	341.00	351.00	352.00	359.00	366.00	375.00	397.00	386.00	376.00	372.00	376.00	387.00	384.00	379.00	375.00	380.00	376.00	374.00	373.00	373.00	387.00	389.00	393.00	396.00	388.00	384.00	378.00	376.00	374.00	370.00	365.00	360.00	355.00	353.00	351.00	350.00	347.00	346.00	345.00	341.00	342.00	341.00	338.00	337.00	335.00	335.00	337.00	336.00	337.00	337.00	338.00	342.00	405.00	401.00	379.00	408.00	432.00	389.00	363.00	352.00	349.00	360.00	410.00	407.00	442.00	376.00	354.00	349.00	389.00	435.00	407.00	399.00	401.00	345.00	352.00	345.00	345.00	377.00	358.00	356.00	354.00	345.00	356.00	342.00	341.00	342.00	346.00	345.00	345.00	344.00	344.00	340.00	340.00	341.00	340.00	341.00	341.00	343.00	351.00	355.00	350.00	349.00	357.00	359.00	355.00	345.00	343.00	344.00	343.00	342.00	342.00	342.00	351.00	343.00	349.00	341.00	344.00	351.00	343.00	342.00	342.00	342.00	353.00	342.00	344.00	349.00	361.00	381.00	406.00	461.00	449.00	435.00	423.00	419.00	418.00	414.00	406.00	406.00	406.00	403.00	403.00	400.00	400.00	401.00	402.00	404.00	405.00	406.00	408.00	407.00	408.00	410.00	411.00	412.00	415.00	417.00	417.00	424.00	427.00	436.00	434.00	459.00	454.00	448.00	446.00	447.00	446.00	451.00	450.00	447.00	442.00	438.00	440.00	439.00	441.00	440.00	444.00	444.00	445.00	445.00	445.00	441.00	442.00	443.00	442.00	438.00	438.00	438.00	436.00	435.00	433.00	432.00	430.00	430.00	428.00	425.00	424.00	424.00	422.00	420.00	417.00	417.00	415.00	416.00	416.00	413.00	412.00	412.00	412.00	410.00	411.00	411.00	407.00	407.00	407.00	405.00	403.00	401.00	402.00	400.00	402.00	404.00
275.00	275.00	278.00	278.00	280.00	279.00	281.00	281.00	283.00	286.00	285.00	286.00	287.00	290.00	292.00	296.00	297.00	299.00	302.00	303.00	303.00	304.00	315.00	316.00	315.00	318.00	323.00	331.00	335.00	331.00	328.00	326.00	329.00	332.00	341.00	353.00	362.00	368.00	369.00	379.00	393.00	380.00	370.00	367.00	368.00	387.00	393.00	383.00	377.00	385.00	380.00	381.00	379.00	375.00	385.00	394.00	398.00	393.00	384.00	381.00	378.00	376.00	372.00	366.00	364.00	358.00	354.00	352.00	349.00	348.00	347.00	347.00	345.00	345.00	344.00	343.00	338.00	338.00	336.00	337.00	338.00	338.00	339.00	338.00	339.00	345.00	415.00	373.00	379.00	407.00	428.00	379.00	386.00	353.00	362.00	374.00	405.00	476.00	444.00	370.00	358.00	364.00	420.00	395.00	379.00	389.00	376.00	345.00	355.00	346.00	350.00	395.00	368.00	365.00	369.00	348.00	348.00	343.00	342.00	343.00	346.00	345.00	346.00	346.00	345.00	341.00	341.00	339.00	342.00	341.00	341.00	347.00	360.00	355.00	353.00	356.00	364.00	360.00	357.00	344.00	343.00	345.00	346.00	343.00	342.00	346.00	350.00	343.00	344.00	343.00	349.00	343.00	342.00	343.00	349.00	349.00	365.00	344.00	347.00	353.00	368.00	440.00	503.00	491.00	469.00	474.00	426.00	420.00	416.00	414.00	407.00	404.00	402.00	401.00	403.00	399.00	400.00	401.00	402.00	404.00	407.00	407.00	407.00	407.00	408.00	408.00	410.00	412.00	417.00	416.00	418.00	421.00	425.00	437.00	436.00	442.00	445.00	461.00	463.00	462.00	447.00	483.00	470.00	447.00	445.00	443.00	441.00	442.00	439.00	441.00	444.00	445.00	445.00	444.00	445.00	444.00	441.00	443.00	438.00	436.00	438.00	438.00	436.00	435.00	435.00	433.00	430.00	428.00	426.00	425.00	424.00	422.00	421.00	418.00	418.00	416.00	415.00	415.00	414.00	413.00	411.00	411.00	412.00	411.00	410.00	409.00	408.00	407.00	406.00	404.00	405.00	402.00	400.00	400.00	400.00	404.00
275.00	276.00	278.00	279.00	281.00	282.00	282.00	283.00	284.00	286.00	287.00	289.00	289.00	290.00	292.00	296.00	298.00	300.00	304.00	306.00	307.00	306.00	310.00	318.00	319.00	320.00	324.00	330.00	336.00	336.00	333.00	327.00	328.00	333.00	342.00	346.00	365.00	361.00	360.00	375.00	373.00	367.00	363.00	362.00	363.00	388.00	390.00	384.00	382.00	383.00	387.00	387.00	383.00	378.00	384.00	392.00	396.00	391.00	381.00	379.00	378.00	374.00	369.00	363.00	360.00	356.00	353.00	351.00	350.00	349.00	349.00	347.00	346.00	347.00	345.00	344.00	341.00	340.00	339.00	341.00	339.00	340.00	340.00	340.00	341.00	345.00	376.00	365.00	372.00	415.00	414.00	385.00	397.00	356.00	387.00	413.00	394.00	467.00	412.00	375.00	366.00	400.00	407.00	371.00	368.00	359.00	357.00	353.00	359.00	342.00	366.00	434.00	380.00	376.00	378.00	347.00	349.00	344.00	345.00	347.00	347.00	347.00	347.00	348.00	347.00	343.00	341.00	341.00	342.00	341.00	341.00	346.00	354.00	350.00	357.00	364.00	366.00	361.00	359.00	347.00	345.00	347.00	346.00	345.00	342.00	345.00	343.00	348.00	346.00	351.00	347.00	344.00	343.00	350.00	359.00	359.00	367.00	348.00	351.00	358.00	407.00	455.00	431.00	442.00	446.00	466.00	443.00	427.00	422.00	421.00	407.00	403.00	401.00	399.00	399.00	399.00	400.00	403.00	402.00	403.00	405.00	404.00	405.00	405.00	408.00	408.00	408.00	412.00	415.00	417.00	415.00	421.00	425.00	432.00	433.00	439.00	450.00	457.00	445.00	443.00	451.00	495.00	457.00	447.00	444.00	441.00	442.00	441.00	441.00	442.00	446.00	444.00	445.00	445.00	441.00	444.00	441.00	439.00	439.00	438.00	437.00	439.00	437.00	436.00	433.00	432.00	430.00	428.00	426.00	423.00	422.00	422.00	420.00	418.00	416.00	416.00	416.00	413.00	413.00	412.00	412.00	411.00	410.00	410.00	410.00	410.00	408.00	408.00	406.00	406.00	405.00	402.00	400.00	399.00	400.00	400.00
276.00	276.00	279.00	280.00	282.00	283.00	283.00	284.00	285.00	287.00	289.00	290.00	291.00	292.00	295.00	296.00	299.00	300.00	307.00	309.00	311.00	309.00	313.00	317.00	321.00	324.00	328.00	334.00	341.00	343.00	337.00	330.00	328.00	332.00	341.00	348.00	358.00	354.00	361.00	377.00	363.00	356.00	359.00	357.00	363.00	384.00	391.00	390.00	389.00	387.00	387.00	389.00	385.00	381.00	393.00	392.00	395.00	390.00	380.00	378.00	377.00	373.00	367.00	363.00	360.00	356.00	355.00	351.00	352.00	351.00	350.00	349.00	347.00	347.00	347.00	346.00	343.00	340.00	340.00	343.00	341.00	342.00	342.00	341.00	342.00	346.00	356.00	361.00	372.00	418.00	392.00	417.00	396.00	359.00	412.00	404.00	404.00	461.00	402.00	381.00	391.00	406.00	388.00	379.00	378.00	370.00	359.00	377.00	349.00	343.00	389.00	392.00	394.00	392.00	374.00	350.00	347.00	344.00	347.00	349.00	348.00	354.00	348.00	348.00	347.00	348.00	343.00	341.00	342.00	341.00	341.00	344.00	347.00	351.00	357.00	362.00	363.00	366.00	359.00	351.00	350.00	349.00	345.00	344.00	343.00	345.00	344.00	352.00	349.00	355.00	344.00	344.00	350.00	356.00	362.00	365.00	365.00	351.00	355.00	384.00	506.00	396.00	395.00	395.00	397.00	408.00	499.00	489.00	462.00	457.00	409.00	402.00	400.00	398.00	396.00	398.00	399.00	400.00	400.00	404.00	402.00	402.00	403.00	405.00	405.00	408.00	409.00	411.00	414.00	415.00	417.00	420.00	421.00	426.00	429.00	433.00	435.00	441.00	439.00	444.00	448.00	464.00	450.00	446.00	442.00	442.00	441.00	440.00	441.00	444.00	445.00	444.00	446.00	444.00	441.00	438.00	441.00	436.00	439.00	437.00	437.00	436.00	435.00	435.00	433.00	431.00	429.00	428.00	424.00	423.00	423.00	421.00	419.00	416.00	417.00	415.00	414.00	413.00	411.00	411.00	411.00	410.00	410.00	411.00	410.00	411.00	409.00	407.00	408.00	406.00	403.00	400.00	399.00	398.00	399.00	397.00
276.00	277.00	280.00	281.00	283.00	284.00	284.00	285.00	286.00	288.00	290.00	292.00	294.00	297.00	298.00	298.00	299.00	301.00	305.00	307.00	311.00	314.00	317.00	319.00	321.00	325.00	328.00	334.00	334.00	339.00	345.00	337.00	332.00	332.00	337.00	340.00	345.00	345.00	357.00	357.00	351.00	354.00	356.00	355.00	361.00	375.00	373.00	377.00	383.00	393.00	394.00	393.00	392.00	388.00	399.00	400.00	392.00	386.00	376.00	378.00	373.00	371.00	366.00	363.00	359.00	358.00	356.00	354.00	355.00	354.00	355.00	352.00	351.00	350.00	350.00	348.00	349.00	347.00	346.00	345.00	345.00	345.00	344.00	345.00	346.00	346.00	363.00	371.00	380.00	421.00	405.00	435.00	374.00	374.00	421.00	411.00	434.00	481.00	457.00	445.00	394.00	389.00	417.00	360.00	377.00	376.00	351.00	369.00	344.00	368.00	368.00	361.00	360.00	360.00	354.00	351.00	348.00	349.00	349.00	352.00	353.00	362.00	349.00	348.00	349.00	347.00	346.00	346.00	342.00	343.00	342.00	346.00	344.00	348.00	352.00	356.00	362.00	363.00	360.00	350.00	348.00	347.00	346.00	345.00	348.00	345.00	346.00	353.00	365.00	345.00	347.00	346.00	365.00	367.00	370.00	374.00	376.00	367.00	439.00	499.00	386.00	385.00	389.00	391.00	394.00	396.00	404.00	431.00	462.00	472.00	443.00	400.00	397.00	394.00	394.00	398.00	399.00	400.00	402.00	402.00	403.00	403.00	402.00	404.00	407.00	407.00	409.00	409.00	411.00	413.00	412.00	418.00	421.00	425.00	428.00	428.00	431.00	440.00	458.00	462.00	446.00	464.00	446.00	442.00	441.00	441.00	441.00	443.00	445.00	444.00	447.00	447.00	444.00	448.00	444.00	440.00	437.00	438.00	438.00	435.00	435.00	434.00	432.00	431.00	430.00	429.00	427.00	427.00	423.00	422.00	420.00	420.00	420.00	418.00	417.00	417.00	415.00	411.00	410.00	409.00	408.00	408.00	410.00	411.00	411.00	411.00	409.00	409.00	410.00	408.00	405.00	402.00	401.00	400.00	395.00	396.00
276.00	277.00	280.00	281.00	283.00	284.00	284.00	285.00	286.00	288.00	290.00	292.00	294.00	297.00	298.00	298.00	299.00	301.00	305.00	307.00	311.00	314.00	317.00	319.00	321.00	325.00	328.00	334.00	334.00	339.00	345.00	337.00	332.00	332.00	337.00	340.00	345.00	345.00	357.00	357.00	351.00	354.00	356.00	355.00	361.00	375.00	373.00	377.00	383.00	393.00	394.00	393.00	392.00	388.00	399.00	400.00	392.00	386.00	376.00	378.00	373.00	371.00	366.00	363.00	359.00	358.00	356.00	354.00	355.00	354.00	355.00	352.00	351.00	350.00	350.00	348.00	349.00	347.00	346.00	345.00	345.00	345.00	344.00	345.00	346.00	346.00	363.00	371.00	380.00	421.00	405.00	435.00	374.00	374.00	421.00	411.00	434.00	481.00	457.00	445.00	394.00	389.00	417.00	360.00	377.00	376.00	351.00	369.00	344.00	368.00	368.00	361.00	360.00	360.00	354.00	351.00	348.00	349.00	349.00	352.00	353.00	362.00	349.00	348.00	349.00	347.00	346.00	346.00	342.00	343.00	342.00	346.00	344.00	348.00	352.00	356.00	362.00	363.00	360.00	350.00	348.00	347.00	346.00	345.00	348.00	345.00	346.00	353.00	365.00	345.00	347.00	346.00	365.00	367.00	370.00	374.00	376.00	367.00	439.00	499.00	386.00	385.00	389.00	391.00	394.00	396.00	404.00	431.00	462.00	472.00	443.00	400.00	397.00	394.00	394.00	398.00	399.00	400.00	402.00	402.00	403.00	403.00	402.00	404.00	407.00	407.00	409.00	409.00	411.00	413.00	412.00	418.00	421.00	425.00	428.00	428.00	431.00	440.00	458.00	462.00	446.00	464.00	446.00	442.00	441.00	441.00	441.00	443.00	445.00	444.00	447.00	447.00	444.00	448.00	444.00	440.00	437.00	438.00	438.00	435.00	435.00	434.00	432.00	431.00	430.00	429.00	427.00	427.00	423.00	422.00	420.00	420.00	420.00	418.00	417.00	417.00	415.00	411.00	410.00	409.00	408.00	408.00	410.00	411.00	411.00	411.00	409.00	409.00	410.00	408.00	405.00	402.00	401.00	400.00	395.00	396.00
276.00	277.00	279.00	280.00	283.00	284.00	285.00	286.00	287.00	289.00	290.00	291.00	293.00	297.00	299.00	300.00	301.00	303.00	306.00	307.00	310.00	311.00	313.00	317.00	319.00	321.00	322.00	327.00	331.00	335.00	338.00	339.00	338.00	336.00	337.00	344.00	354.00	352.00	356.00	366.00	349.00	352.00	354.00	354.00	358.00	368.00	373.00	380.00	384.00	390.00	395.00	396.00	394.00	393.00	396.00	392.00	391.00	385.00	376.00	376.00	374.00	370.00	368.00	364.00	364.00	360.00	357.00	356.00	356.00	355.00	355.00	353.00	352.00	354.00	352.00	352.00	352.00	351.00	350.00	349.00	347.00	346.00	347.00	346.00	348.00	347.00	354.00	362.00	379.00	399.00	427.00	414.00	377.00	406.00	413.00	420.00	452.00	484.00	468.00	412.00	408.00	422.00	408.00	359.00	391.00	357.00	353.00	363.00	347.00	381.00	361.00	358.00	361.00	376.00	355.00	351.00	350.00	351.00	352.00	354.00	356.00	356.00	349.00	350.00	348.00	348.00	348.00	347.00	343.00	342.00	342.00	347.00	346.00	347.00	351.00	355.00	357.00	359.00	360.00	350.00	349.00	348.00	348.00	350.00	349.00	348.00	352.00	359.00	366.00	348.00	346.00	345.00	365.00	365.00	371.00	374.00	381.00	369.00	441.00	459.00	381.00	386.00	388.00	391.00	392.00	394.00	403.00	410.00	419.00	433.00	406.00	397.00	393.00	392.00	394.00	398.00	398.00	399.00	400.00	401.00	403.00	403.00	403.00	403.00	406.00	406.00	407.00	409.00	412.00	413.00	415.00	416.00	420.00	424.00	427.00	427.00	430.00	441.00	482.00	446.00	441.00	466.00	445.00	440.00	440.00	437.00	443.00	443.00	444.00	443.00	444.00	445.00	444.00	444.00	443.00	440.00	442.00	439.00	435.00	435.00	434.00	433.00	433.00	430.00	429.00	428.00	426.00	425.00	423.00	421.00	420.00	419.00	420.00	418.00	417.00	417.00	416.00	412.00	409.00	408.00	406.00	407.00	410.00	410.00	410.00	410.00	409.00	408.00	408.00	406.00	406.00	403.00	406.00	409.00	409.00	394.00
278.00	278.00	280.00	281.00	283.00	284.00	286.00	286.00	286.00	289.00	290.00	291.00	293.00	296.00	298.00	299.00	300.00	302.00	306.00	307.00	310.00	310.00	317.00	316.00	317.00	319.00	322.00	326.00	328.00	331.00	334.00	342.00	344.00	344.00	337.00	339.00	346.00	353.00	359.00	365.00	353.00	352.00	353.00	353.00	358.00	371.00	375.00	381.00	388.00	388.00	391.00	392.00	394.00	395.00	391.00	388.00	385.00	383.00	377.00	372.00	370.00	368.00	369.00	369.00	370.00	361.00	358.00	358.00	358.00	357.00	357.00	356.00	356.00	357.00	356.00	357.00	357.00	356.00	353.00	353.00	349.00	348.00	348.00	347.00	349.00	349.00	354.00	365.00	385.00	395.00	434.00	396.00	407.00	455.00	426.00	439.00	460.00	480.00	425.00	427.00	448.00	418.00	370.00	371.00	371.00	356.00	353.00	356.00	358.00	388.00	360.00	357.00	375.00	370.00	353.00	353.00	352.00	351.00	353.00	353.00	356.00	355.00	351.00	350.00	351.00	349.00	349.00	349.00	345.00	345.00	345.00	348.00	349.00	349.00	350.00	352.00	355.00	356.00	356.00	351.00	350.00	349.00	351.00	349.00	350.00	353.00	357.00	364.00	370.00	347.00	348.00	348.00	361.00	363.00	368.00	367.00	378.00	360.00	371.00	374.00	380.00	384.00	387.00	388.00	390.00	392.00	393.00	396.00	396.00	397.00	402.00	393.00	391.00	391.00	394.00	395.00	397.00	398.00	398.00	401.00	402.00	404.00	404.00	405.00	405.00	406.00	407.00	406.00	411.00	411.00	413.00	417.00	418.00	423.00	426.00	428.00	432.00	452.00	444.00	439.00	439.00	452.00	440.00	438.00	440.00	440.00	443.00	444.00	443.00	445.00	446.00	447.00	446.00	443.00	443.00	438.00	438.00	437.00	435.00	434.00	433.00	433.00	431.00	430.00	428.00	428.00	426.00	425.00	422.00	421.00	422.00	420.00	418.00	416.00	416.00	416.00	415.00	412.00	408.00	408.00	406.00	406.00	409.00	409.00	409.00	409.00	408.00	407.00	407.00	407.00	405.00	404.00	413.00	457.00	474.00	394.00
279.00	280.00	281.00	283.00	285.00	286.00	287.00	288.00	289.00	291.00	293.00	294.00	295.00	299.00	300.00	301.00	302.00	303.00	307.00	307.00	309.00	310.00	314.00	324.00	327.00	325.00	324.00	331.00	336.00	337.00	337.00	343.00	344.00	344.00	348.00	341.00	342.00	350.00	352.00	355.00	362.00	369.00	367.00	357.00	359.00	377.00	376.00	373.00	376.00	380.00	386.00	391.00	394.00	398.00	390.00	386.00	384.00	379.00	374.00	374.00	374.00	373.00	374.00	377.00	375.00	362.00	360.00	361.00	360.00	360.00	361.00	366.00	368.00	365.00	368.00	371.00	366.00	364.00	361.00	360.00	353.00	352.00	351.00	351.00	351.00	352.00	356.00	373.00	413.00	397.00	408.00	395.00	434.00	445.00	471.00	473.00	480.00	464.00	448.00	462.00	399.00	372.00	362.00	373.00	362.00	374.00	368.00	363.00	409.00	365.00	361.00	359.00	393.00	359.00	354.00	356.00	359.00	358.00	356.00	360.00	360.00	359.00	355.00	352.00	351.00	353.00	352.00	349.00	345.00	348.00	352.00	353.00	353.00	353.00	355.00	354.00	355.00	355.00	354.00	352.00	350.00	349.00	351.00	354.00	359.00	359.00	364.00	353.00	348.00	351.00	349.00	351.00	363.00	367.00	367.00	369.00	371.00	363.00	365.00	372.00	376.00	379.00	383.00	384.00	385.00	386.00	384.00	386.00	388.00	387.00	388.00	387.00	389.00	389.00	391.00	394.00	396.00	396.00	397.00	400.00	403.00	401.00	402.00	404.00	406.00	405.00	406.00	407.00	410.00	411.00	412.00	416.00	418.00	422.00	422.00	425.00	428.00	430.00	431.00	435.00	434.00	439.00	440.00	441.00	442.00	445.00	445.00	445.00	446.00	447.00	446.00	447.00	442.00	439.00	443.00	439.00	438.00	436.00	436.00	434.00	434.00	432.00	431.00	431.00	428.00	428.00	426.00	424.00	423.00	421.00	420.00	419.00	415.00	414.00	413.00	412.00	411.00	409.00	408.00	407.00	406.00	403.00	404.00	407.00	408.00	408.00	408.00	408.00	406.00	405.00	405.00	404.00	404.00	403.00	400.00	394.00
280.00	280.00	282.00	283.00	286.00	287.00	288.00	289.00	290.00	292.00	294.00	294.00	296.00	301.00	302.00	303.00	303.00	306.00	311.00	311.00	311.00	312.00	315.00	325.00	332.00	329.00	327.00	333.00	338.00	343.00	341.00	352.00	349.00	346.00	348.00	344.00	341.00	344.00	350.00	351.00	368.00	370.00	363.00	359.00	359.00	372.00	369.00	375.00	379.00	384.00	384.00	387.00	393.00	399.00	395.00	389.00	384.00	380.00	376.00	377.00	378.00	377.00	378.00	378.00	375.00	365.00	364.00	362.00	363.00	363.00	364.00	371.00	373.00	370.00	371.00	379.00	370.00	368.00	364.00	362.00	357.00	354.00	353.00	353.00	352.00	353.00	361.00	386.00	416.00	408.00	396.00	416.00	450.00	442.00	489.00	486.00	486.00	441.00	465.00	448.00	378.00	366.00	370.00	363.00	376.00	404.00	362.00	410.00	384.00	362.00	362.00	359.00	375.00	357.00	356.00	358.00	366.00	357.00	359.00	361.00	363.00	362.00	356.00	355.00	358.00	356.00	354.00	351.00	350.00	348.00	352.00	354.00	354.00	355.00	355.00	356.00	357.00	356.00	355.00	352.00	353.00	351.00	350.00	354.00	359.00	361.00	351.00	348.00	349.00	350.00	351.00	353.00	367.00	371.00	372.00	371.00	373.00	367.00	366.00	372.00	373.00	380.00	381.00	382.00	383.00	384.00	387.00	386.00	385.00	388.00	387.00	389.00	391.00	392.00	393.00	395.00	395.00	397.00	397.00	399.00	402.00	402.00	404.00	404.00	406.00	406.00	406.00	408.00	410.00	411.00	413.00	417.00	417.00	422.00	425.00	425.00	425.00	428.00	429.00	429.00	432.00	437.00	439.00	440.00	444.00	446.00	448.00	446.00	448.00	444.00	446.00	446.00	441.00	443.00	446.00	440.00	440.00	438.00	438.00	436.00	434.00	435.00	434.00	431.00	430.00	428.00	426.00	425.00	422.00	421.00	417.00	418.00	418.00	415.00	414.00	411.00	412.00	410.00	409.00	407.00	405.00	404.00	404.00	407.00	406.00	407.00	407.00	405.00	405.00	405.00	405.00	404.00	401.00	400.00	397.00	393.00
281.00	281.00	282.00	284.00	286.00	287.00	288.00	289.00	291.00	293.00	294.00	295.00	297.00	302.00	303.00	305.00	306.00	307.00	312.00	314.00	314.00	314.00	317.00	325.00	330.00	335.00	331.00	332.00	336.00	346.00	347.00	356.00	348.00	353.00	352.00	346.00	341.00	345.00	350.00	353.00	359.00	368.00	366.00	368.00	371.00	365.00	371.00	376.00	378.00	391.00	391.00	391.00	395.00	403.00	392.00	388.00	384.00	380.00	378.00	378.00	382.00	381.00	381.00	377.00	372.00	367.00	366.00	365.00	365.00	365.00	368.00	375.00	383.00	379.00	383.00	386.00	373.00	371.00	367.00	365.00	359.00	356.00	356.00	354.00	354.00	357.00	370.00	402.00	403.00	413.00	397.00	421.00	461.00	474.00	491.00	482.00	482.00	422.00	464.00	412.00	370.00	366.00	390.00	366.00	416.00	435.00	383.00	447.00	371.00	366.00	369.00	362.00	363.00	353.00	355.00	358.00	367.00	358.00	361.00	362.00	376.00	362.00	356.00	359.00	359.00	356.00	353.00	352.00	351.00	351.00	352.00	354.00	355.00	355.00	356.00	355.00	358.00	357.00	356.00	353.00	351.00	351.00	351.00	358.00	356.00	350.00	353.00	353.00	350.00	352.00	352.00	354.00	367.00	377.00	371.00	371.00	375.00	373.00	374.00	375.00	378.00	379.00	380.00	381.00	382.00	383.00	385.00	386.00	385.00	382.00	388.00	388.00	393.00	392.00	393.00	396.00	396.00	397.00	399.00	400.00	401.00	402.00	403.00	404.00	405.00	405.00	406.00	409.00	410.00	412.00	414.00	417.00	418.00	421.00	423.00	422.00	425.00	429.00	429.00	432.00	432.00	438.00	444.00	446.00	449.00	449.00	449.00	446.00	448.00	447.00	447.00	446.00	448.00	444.00	445.00	443.00	442.00	440.00	438.00	437.00	435.00	435.00	435.00	431.00	430.00	429.00	428.00	426.00	424.00	422.00	420.00	418.00	418.00	416.00	415.00	414.00	414.00	412.00	411.00	408.00	407.00	405.00	402.00	404.00	406.00	406.00	405.00	405.00	405.00	404.00	403.00	403.00	401.00	400.00	399.00	392.00
281.00	282.00	282.00	283.00	286.00	286.00	287.00	290.00	290.00	294.00	295.00	295.00	297.00	302.00	305.00	306.00	308.00	308.00	313.00	315.00	315.00	315.00	319.00	324.00	330.00	335.00	335.00	336.00	338.00	340.00	344.00	356.00	351.00	358.00	357.00	353.00	343.00	347.00	349.00	351.00	363.00	370.00	372.00	373.00	374.00	367.00	369.00	373.00	380.00	384.00	390.00	394.00	399.00	403.00	390.00	387.00	384.00	380.00	382.00	385.00	389.00	388.00	382.00	375.00	371.00	371.00	370.00	366.00	366.00	367.00	371.00	380.00	386.00	400.00	415.00	392.00	378.00	374.00	371.00	367.00	362.00	357.00	357.00	356.00	356.00	362.00	380.00	402.00	407.00	408.00	404.00	435.00	471.00	487.00	481.00	473.00	470.00	432.00	458.00	383.00	368.00	367.00	408.00	371.00	432.00	439.00	441.00	405.00	368.00	372.00	375.00	367.00	358.00	354.00	356.00	358.00	363.00	358.00	365.00	366.00	377.00	362.00	359.00	361.00	359.00	356.00	354.00	353.00	353.00	351.00	353.00	354.00	354.00	355.00	356.00	356.00	358.00	357.00	355.00	354.00	353.00	354.00	356.00	350.00	350.00	352.00	358.00	353.00	352.00	353.00	352.00	353.00	369.00	366.00	364.00	370.00	372.00	376.00	411.00	386.00	381.00	379.00	378.00	382.00	383.00	382.00	384.00	383.00	382.00	383.00	387.00	389.00	391.00	394.00	393.00	396.00	397.00	398.00	398.00	401.00	402.00	402.00	403.00	404.00	406.00	407.00	406.00	407.00	410.00	411.00	414.00	416.00	417.00	422.00	421.00	424.00	426.00	429.00	437.00	436.00	438.00	442.00	446.00	449.00	455.00	474.00	465.00	455.00	451.00	450.00	448.00	448.00	448.00	445.00	446.00	443.00	443.00	442.00	441.00	439.00	438.00	437.00	436.00	434.00	432.00	430.00	429.00	427.00	427.00	424.00	422.00	420.00	420.00	416.00	416.00	415.00	414.00	412.00	410.00	409.00	407.00	405.00	400.00	402.00	404.00	403.00	403.00	403.00	404.00	404.00	401.00	400.00	401.00	401.00	404.00	393.00
282.00	284.00	284.00	284.00	286.00	286.00	288.00	289.00	290.00	293.00	295.00	297.00	299.00	303.00	305.00	307.00	310.00	311.00	314.00	316.00	319.00	322.00	324.00	326.00	329.00	334.00	336.00	346.00	352.00	352.00	359.00	359.00	359.00	358.00	355.00	353.00	347.00	347.00	349.00	356.00	365.00	365.00	364.00	369.00	380.00	376.00	375.00	375.00	375.00	380.00	384.00	389.00	396.00	402.00	392.00	389.00	383.00	379.00	387.00	390.00	399.00	394.00	383.00	378.00	373.00	374.00	374.00	372.00	372.00	374.00	379.00	392.00	395.00	396.00	401.00	394.00	384.00	381.00	376.00	372.00	363.00	361.00	360.00	361.00	365.00	376.00	419.00	425.00	444.00	433.00	467.00	480.00	470.00	472.00	466.00	469.00	460.00	425.00	386.00	377.00	371.00	373.00	370.00	374.00	429.00	458.00	460.00	371.00	371.00	384.00	382.00	380.00	358.00	358.00	359.00	359.00	363.00	368.00	372.00	388.00	367.00	366.00	365.00	364.00	362.00	361.00	359.00	357.00	356.00	353.00	352.00	351.00	354.00	357.00	359.00	359.00	359.00	358.00	357.00	358.00	358.00	351.00	351.00	357.00	358.00	357.00	353.00	354.00	354.00	355.00	355.00	355.00	360.00	364.00	365.00	369.00	371.00	375.00	426.00	464.00	393.00	376.00	378.00	380.00	380.00	380.00	379.00	381.00	384.00	386.00	388.00	390.00	393.00	392.00	393.00	395.00	396.00	397.00	399.00	401.00	401.00	402.00	401.00	405.00	405.00	406.00	408.00	409.00	411.00	412.00	412.00	417.00	417.00	419.00	419.00	422.00	423.00	429.00	435.00	444.00	448.00	446.00	447.00	457.00	505.00	526.00	495.00	476.00	460.00	455.00	448.00	442.00	446.00	445.00	445.00	445.00	444.00	442.00	441.00	440.00	440.00	439.00	437.00	436.00	434.00	434.00	431.00	430.00	426.00	423.00	422.00	419.00	418.00	415.00	415.00	413.00	413.00	413.00	410.00	409.00	407.00	405.00	401.00	399.00	399.00	398.00	399.00	399.00	399.00	399.00	398.00	400.00	401.00	399.00	399.00	390.00
284.00	284.00	285.00	284.00	287.00	288.00	287.00	289.00	290.00	294.00	293.00	297.00	298.00	302.00	305.00	307.00	309.00	311.00	315.00	316.00	318.00	321.00	326.00	329.00	331.00	335.00	338.00	349.00	357.00	364.00	363.00	366.00	364.00	363.00	361.00	357.00	351.00	348.00	350.00	352.00	357.00	360.00	364.00	370.00	373.00	381.00	378.00	381.00	381.00	382.00	387.00	394.00	402.00	407.00	398.00	392.00	386.00	384.00	391.00	391.00	396.00	396.00	386.00	381.00	376.00	374.00	375.00	375.00	376.00	379.00	383.00	394.00	413.00	412.00	404.00	396.00	388.00	384.00	380.00	374.00	362.00	362.00	362.00	364.00	368.00	384.00	413.00	440.00	458.00	451.00	480.00	487.00	464.00	475.00	473.00	482.00	473.00	461.00	382.00	377.00	371.00	386.00	369.00	387.00	435.00	421.00	432.00	372.00	376.00	392.00	378.00	373.00	361.00	361.00	360.00	359.00	362.00	380.00	376.00	373.00	369.00	368.00	366.00	367.00	363.00	363.00	361.00	361.00	356.00	354.00	355.00	353.00	355.00	358.00	359.00	360.00	360.00	359.00	359.00	359.00	355.00	355.00	356.00	357.00	354.00	354.00	353.00	354.00	355.00	356.00	355.00	357.00	358.00	358.00	360.00	361.00	364.00	371.00	405.00	465.00	421.00	376.00	376.00	377.00	376.00	376.00	380.00	382.00	383.00	385.00	387.00	388.00	390.00	392.00	393.00	395.00	395.00	398.00	399.00	399.00	400.00	402.00	403.00	404.00	407.00	408.00	408.00	409.00	412.00	413.00	414.00	415.00	417.00	419.00	420.00	420.00	422.00	429.00	435.00	437.00	451.00	448.00	452.00	460.00	476.00	519.00	500.00	489.00	465.00	458.00	447.00	446.00	444.00	443.00	444.00	443.00	444.00	443.00	441.00	442.00	441.00	441.00	438.00	436.00	435.00	432.00	431.00	428.00	424.00	422.00	420.00	418.00	417.00	415.00	415.00	413.00	412.00	411.00	409.00	408.00	406.00	404.00	400.00	397.00	397.00	396.00	397.00	398.00	398.00	399.00	397.00	398.00	399.00	397.00	392.00	386.00
284.00	284.00	286.00	286.00	287.00	289.00	289.00	290.00	291.00	293.00	293.00	296.00	299.00	304.00	305.00	307.00	308.00	309.00	317.00	317.00	318.00	321.00	326.00	332.00	333.00	337.00	343.00	355.00	357.00	358.00	357.00	365.00	367.00	371.00	365.00	359.00	357.00	353.00	351.00	352.00	356.00	363.00	371.00	376.00	375.00	386.00	382.00	384.00	385.00	386.00	388.00	394.00	407.00	409.00	396.00	391.00	387.00	387.00	393.00	396.00	397.00	399.00	389.00	383.00	378.00	377.00	376.00	380.00	381.00	384.00	388.00	402.00	427.00	417.00	405.00	399.00	390.00	387.00	381.00	375.00	367.00	366.00	366.00	365.00	368.00	391.00	446.00	430.00	473.00	480.00	478.00	465.00	466.00	463.00	454.00	476.00	472.00	405.00	379.00	375.00	385.00	383.00	372.00	386.00	403.00	410.00	400.00	378.00	380.00	385.00	373.00	373.00	365.00	363.00	363.00	363.00	363.00	400.00	378.00	373.00	371.00	369.00	368.00	367.00	365.00	365.00	363.00	362.00	358.00	356.00	356.00	354.00	357.00	359.00	361.00	362.00	361.00	359.00	360.00	358.00	357.00	358.00	358.00	355.00	355.00	354.00	354.00	356.00	355.00	356.00	356.00	357.00	359.00	359.00	360.00	361.00	363.00	368.00	371.00	389.00	453.00	372.00	374.00	374.00	377.00	378.00	379.00	379.00	382.00	383.00	386.00	389.00	389.00	389.00	393.00	395.00	396.00	397.00	395.00	398.00	400.00	402.00	404.00	403.00	407.00	408.00	409.00	410.00	411.00	411.00	413.00	417.00	413.00	420.00	420.00	422.00	426.00	429.00	432.00	437.00	444.00	448.00	452.00	470.00	483.00	494.00	493.00	508.00	475.00	459.00	448.00	443.00	442.00	443.00	442.00	442.00	442.00	443.00	443.00	440.00	441.00	441.00	439.00	438.00	434.00	432.00	429.00	427.00	422.00	421.00	420.00	417.00	417.00	415.00	414.00	413.00	412.00	409.00	406.00	405.00	404.00	404.00	402.00	399.00	397.00	396.00	396.00	396.00	398.00	398.00	396.00	394.00	394.00	393.00	386.00	383.00
285.00	286.00	285.00	287.00	286.00	288.00	289.00	290.00	290.00	292.00	293.00	296.00	298.00	305.00	307.00	309.00	309.00	310.00	315.00	321.00	319.00	321.00	325.00	330.00	333.00	337.00	341.00	348.00	346.00	349.00	351.00	361.00	370.00	378.00	386.00	365.00	359.00	356.00	354.00	356.00	358.00	368.00	378.00	377.00	379.00	390.00	386.00	388.00	390.00	394.00	396.00	398.00	409.00	409.00	394.00	390.00	389.00	389.00	393.00	397.00	403.00	404.00	389.00	384.00	380.00	379.00	378.00	384.00	386.00	388.00	393.00	415.00	439.00	422.00	408.00	403.00	397.00	391.00	384.00	378.00	371.00	370.00	369.00	368.00	370.00	394.00	473.00	459.00	487.00	504.00	464.00	458.00	463.00	443.00	444.00	476.00	434.00	389.00	386.00	387.00	390.00	376.00	391.00	375.00	377.00	406.00	383.00	384.00	387.00	378.00	378.00	372.00	368.00	365.00	366.00	364.00	367.00	384.00	376.00	372.00	373.00	370.00	371.00	368.00	367.00	366.00	364.00	361.00	361.00	359.00	356.00	355.00	358.00	360.00	363.00	364.00	362.00	360.00	361.00	360.00	359.00	359.00	360.00	358.00	355.00	354.00	357.00	357.00	357.00	356.00	358.00	359.00	359.00	360.00	361.00	361.00	362.00	364.00	366.00	369.00	381.00	372.00	373.00	376.00	379.00	382.00	382.00	381.00	381.00	383.00	386.00	387.00	387.00	388.00	390.00	392.00	393.00	395.00	396.00	394.00	401.00	401.00	402.00	403.00	408.00	407.00	408.00	408.00	410.00	411.00	413.00	416.00	418.00	419.00	421.00	422.00	423.00	430.00	432.00	437.00	444.00	448.00	453.00	498.00	530.00	482.00	476.00	484.00	488.00	457.00	448.00	443.00	441.00	441.00	441.00	441.00	441.00	442.00	441.00	442.00	441.00	440.00	440.00	437.00	433.00	430.00	428.00	427.00	422.00	421.00	419.00	417.00	417.00	414.00	412.00	412.00	411.00	409.00	408.00	406.00	406.00	405.00	404.00	400.00	396.00	396.00	393.00	395.00	397.00	397.00	394.00	390.00	389.00	389.00	384.00	381.00
287.00	287.00	287.00	287.00	289.00	289.00	292.00	292.00	293.00	294.00	296.00	297.00	299.00	307.00	309.00	311.00	313.00	314.00	315.00	319.00	323.00	325.00	326.00	334.00	336.00	337.00	341.00	351.00	349.00	349.00	351.00	367.00	370.00	378.00	372.00	369.00	369.00	369.00	365.00	363.00	367.00	370.00	369.00	377.00	379.00	389.00	388.00	390.00	397.00	396.00	395.00	399.00	404.00	408.00	398.00	395.00	398.00	396.00	403.00	408.00	408.00	399.00	388.00	384.00	385.00	385.00	385.00	388.00	393.00	401.00	408.00	453.00	432.00	417.00	415.00	423.00	454.00	418.00	396.00	389.00	377.00	376.00	374.00	372.00	377.00	438.00	475.00	489.00	465.00	464.00	434.00	472.00	439.00	429.00	438.00	415.00	404.00	405.00	418.00	408.00	399.00	380.00	446.00	380.00	379.00	380.00	395.00	381.00	378.00	391.00	378.00	369.00	375.00	370.00	369.00	368.00	374.00	376.00	378.00	378.00	378.00	375.00	373.00	372.00	371.00	369.00	368.00	366.00	365.00	366.00	356.00	359.00	363.00	363.00	364.00	363.00	362.00	362.00	363.00	362.00	363.00	360.00	360.00	360.00	361.00	364.00	364.00	363.00	360.00	360.00	359.00	360.00	363.00	363.00	365.00	364.00	365.00	365.00	365.00	369.00	373.00	376.00	381.00	414.00	455.00	430.00	393.00	386.00	386.00	388.00	389.00	389.00	390.00	392.00	393.00	395.00	394.00	396.00	396.00	399.00	401.00	402.00	404.00	405.00	409.00	410.00	411.00	410.00	412.00	414.00	414.00	417.00	419.00	423.00	422.00	424.00	425.00	431.00	432.00	453.00	458.00	455.00	489.00	524.00	507.00	483.00	465.00	461.00	457.00	456.00	447.00	443.00	439.00	438.00	438.00	437.00	437.00	439.00	440.00	438.00	438.00	438.00	435.00	431.00	430.00	429.00	427.00	426.00	422.00	422.00	420.00	419.00	419.00	415.00	414.00	413.00	413.00	411.00	410.00	410.00	409.00	409.00	404.00	401.00	398.00	397.00	393.00	391.00	392.00	391.00	389.00	386.00	385.00	385.00	381.00	381.00
286.00	287.00	288.00	289.00	288.00	290.00	292.00	293.00	296.00	296.00	297.00	298.00	301.00	309.00	312.00	314.00	317.00	318.00	317.00	318.00	324.00	329.00	328.00	336.00	341.00	341.00	343.00	356.00	359.00	353.00	353.00	363.00	368.00	375.00	380.00	379.00	377.00	376.00	376.00	369.00	377.00	379.00	373.00	378.00	383.00	383.00	384.00	387.00	392.00	390.00	392.00	395.00	396.00	399.00	399.00	400.00	400.00	399.00	411.00	409.00	402.00	397.00	387.00	388.00	387.00	390.00	388.00	392.00	397.00	407.00	424.00	453.00	453.00	420.00	421.00	433.00	445.00	411.00	400.00	393.00	380.00	379.00	378.00	377.00	379.00	445.00	487.00	485.00	479.00	441.00	428.00	447.00	418.00	418.00	434.00	414.00	419.00	410.00	416.00	423.00	387.00	390.00	428.00	395.00	383.00	392.00	399.00	383.00	394.00	400.00	375.00	368.00	372.00	370.00	370.00	370.00	375.00	375.00	378.00	380.00	381.00	377.00	378.00	376.00	374.00	371.00	369.00	367.00	366.00	365.00	358.00	359.00	364.00	364.00	368.00	363.00	361.00	364.00	365.00	363.00	362.00	359.00	361.00	360.00	363.00	369.00	369.00	366.00	361.00	360.00	361.00	362.00	367.00	369.00	367.00	364.00	365.00	367.00	370.00	369.00	374.00	378.00	389.00	464.00	507.00	518.00	401.00	391.00	388.00	388.00	391.00	391.00	393.00	394.00	395.00	396.00	397.00	399.00	399.00	403.00	403.00	405.00	406.00	406.00	410.00	409.00	411.00	412.00	413.00	414.00	415.00	417.00	418.00	422.00	424.00	426.00	432.00	432.00	434.00	438.00	443.00	454.00	471.00	513.00	502.00	473.00	461.00	458.00	461.00	454.00	447.00	442.00	438.00	437.00	438.00	436.00	435.00	436.00	437.00	437.00	434.00	434.00	433.00	430.00	429.00	427.00	427.00	425.00	423.00	422.00	421.00	420.00	419.00	417.00	416.00	415.00	414.00	413.00	411.00	410.00	411.00	410.00	406.00	400.00	398.00	395.00	393.00	392.00	390.00	390.00	389.00	385.00	385.00	383.00	382.00	380.00
287.00	287.00	289.00	289.00	290.00	290.00	291.00	295.00	295.00	297.00	297.00	299.00	301.00	310.00	312.00	315.00	319.00	322.00	319.00	319.00	322.00	328.00	330.00	335.00	340.00	344.00	345.00	353.00	359.00	358.00	357.00	364.00	370.00	376.00	380.00	387.00	380.00	381.00	383.00	373.00	382.00	384.00	378.00	375.00	376.00	378.00	380.00	383.00	383.00	385.00	389.00	390.00	391.00	394.00	407.00	406.00	405.00	404.00	423.00	417.00	405.00	397.00	389.00	389.00	390.00	393.00	394.00	398.00	404.00	419.00	468.00	444.00	430.00	426.00	430.00	439.00	442.00	414.00	403.00	396.00	384.00	382.00	382.00	381.00	386.00	446.00	476.00	464.00	465.00	445.00	433.00	422.00	420.00	421.00	422.00	422.00	414.00	411.00	406.00	405.00	383.00	397.00	412.00	397.00	391.00	400.00	394.00	383.00	400.00	383.00	372.00	373.00	372.00	371.00	373.00	372.00	380.00	377.00	380.00	382.00	382.00	379.00	383.00	382.00	377.00	372.00	371.00	367.00	368.00	365.00	360.00	359.00	364.00	365.00	366.00	363.00	365.00	366.00	365.00	364.00	363.00	363.00	362.00	361.00	373.00	377.00	369.00	367.00	361.00	363.00	362.00	363.00	372.00	371.00	369.00	366.00	366.00	370.00	370.00	371.00	375.00	380.00	383.00	389.00	422.00	510.00	402.00	392.00	389.00	390.00	392.00	394.00	394.00	395.00	397.00	399.00	398.00	399.00	402.00	406.00	406.00	408.00	409.00	411.00	411.00	412.00	411.00	411.00	414.00	414.00	414.00	417.00	420.00	421.00	423.00	426.00	439.00	435.00	434.00	438.00	441.00	449.00	486.00	518.00	487.00	460.00	457.00	453.00	454.00	450.00	445.00	442.00	438.00	437.00	435.00	436.00	435.00	434.00	436.00	435.00	433.00	432.00	431.00	430.00	428.00	428.00	425.00	425.00	423.00	423.00	421.00	420.00	419.00	417.00	417.00	414.00	413.00	413.00	413.00	411.00	410.00	410.00	406.00	402.00	398.00	395.00	393.00	390.00	390.00	388.00	388.00	383.00	384.00	383.00	379.00	380.00
288.00	289.00	289.00	290.00	291.00	292.00	293.00	295.00	296.00	299.00	299.00	300.00	301.00	307.00	309.00	313.00	315.00	317.00	321.00	321.00	323.00	325.00	335.00	333.00	337.00	341.00	342.00	348.00	350.00	353.00	355.00	364.00	366.00	368.00	382.00	393.00	377.00	372.00	373.00	372.00	383.00	387.00	378.00	370.00	371.00	375.00	377.00	380.00	378.00	383.00	385.00	388.00	392.00	400.00	403.00	406.00	410.00	409.00	425.00	425.00	409.00	400.00	393.00	393.00	393.00	395.00	397.00	401.00	413.00	439.00	494.00	441.00	430.00	439.00	476.00	453.00	453.00	420.00	410.00	399.00	388.00	386.00	384.00	384.00	403.00	439.00	457.00	451.00	443.00	444.00	444.00	426.00	430.00	426.00	406.00	408.00	404.00	409.00	420.00	397.00	383.00	396.00	390.00	410.00	398.00	400.00	398.00	387.00	386.00	379.00	376.00	382.00	373.00	373.00	374.00	375.00	383.00	380.00	381.00	381.00	382.00	381.00	382.00	383.00	378.00	374.00	372.00	370.00	369.00	366.00	361.00	359.00	367.00	370.00	366.00	364.00	366.00	367.00	367.00	364.00	364.00	364.00	363.00	369.00	385.00	373.00	371.00	372.00	363.00	364.00	364.00	366.00	372.00	373.00	370.00	368.00	368.00	368.00	370.00	372.00	376.00	379.00	380.00	385.00	389.00	410.00	394.00	391.00	389.00	391.00	393.00	395.00	396.00	397.00	398.00	402.00	400.00	403.00	405.00	407.00	412.00	411.00	412.00	414.00	415.00	413.00	412.00	413.00	414.00	415.00	413.00	418.00	419.00	420.00	425.00	425.00	435.00	432.00	433.00	435.00	437.00	445.00	467.00	473.00	460.00	457.00	464.00	454.00	453.00	450.00	444.00	441.00	437.00	436.00	436.00	434.00	435.00	434.00	434.00	433.00	431.00	431.00	431.00	430.00	428.00	427.00	426.00	424.00	422.00	421.00	421.00	421.00	418.00	416.00	416.00	415.00	414.00	412.00	411.00	410.00	410.00	409.00	405.00	400.00	399.00	397.00	391.00	389.00	388.00	387.00	387.00	385.00	384.00	383.00	380.00	381.00
286.00	287.00	289.00	290.00	291.00	293.00	294.00	296.00	297.00	300.00	302.00	304.00	305.00	312.00	315.00	316.00	316.00	319.00	327.00	330.00	326.00	326.00	334.00	340.00	345.00	345.00	350.00	353.00	356.00	356.00	362.00	365.00	371.00	370.00	387.00	387.00	370.00	367.00	364.00	362.00	369.00	368.00	364.00	364.00	368.00	371.00	373.00	375.00	381.00	390.00	393.00	394.00	392.00	392.00	403.00	407.00	408.00	412.00	423.00	433.00	423.00	408.00	402.00	401.00	400.00	401.00	405.00	411.00	421.00	445.00	460.00	444.00	444.00	464.00	514.00	507.00	444.00	422.00	412.00	404.00	397.00	394.00	392.00	390.00	404.00	414.00	434.00	459.00	426.00	434.00	426.00	416.00	412.00	411.00	399.00	396.00	394.00	395.00	411.00	391.00	387.00	387.00	388.00	400.00	397.00	396.00	403.00	390.00	387.00	390.00	399.00	385.00	377.00	378.00	377.00	378.00	385.00	386.00	384.00	383.00	386.00	385.00	384.00	383.00	381.00	377.00	373.00	374.00	368.00	369.00	363.00	367.00	369.00	367.00	367.00	368.00	370.00	368.00	368.00	368.00	366.00	366.00	367.00	397.00	394.00	374.00	369.00	368.00	364.00	366.00	365.00	370.00	375.00	374.00	373.00	370.00	369.00	373.00	375.00	377.00	377.00	376.00	379.00	381.00	383.00	385.00	389.00	388.00	389.00	390.00	395.00	398.00	402.00	401.00	402.00	404.00	404.00	417.00	415.00	410.00	416.00	416.00	422.00	429.00	422.00	417.00	417.00	414.00	415.00	415.00	414.00	419.00	420.00	422.00	423.00	423.00	427.00	449.00	440.00	436.00	435.00	439.00	443.00	446.00	454.00	461.00	467.00	460.00	462.00	451.00	441.00	439.00	436.00	435.00	433.00	432.00	432.00	431.00	430.00	431.00	430.00	430.00	430.00	430.00	427.00	426.00	425.00	424.00	421.00	420.00	418.00	417.00	416.00	413.00	412.00	412.00	411.00	409.00	409.00	409.00	409.00	406.00	403.00	399.00	395.00	394.00	390.00	388.00	387.00	386.00	385.00	383.00	382.00	381.00	379.00	376.00
286.00	287.00	289.00	290.00	291.00	293.00	294.00	296.00	297.00	300.00	302.00	304.00	305.00	312.00	315.00	316.00	316.00	319.00	327.00	330.00	326.00	326.00	334.00	340.00	345.00	345.00	350.00	353.00	356.00	356.00	362.00	365.00	371.00	370.00	387.00	387.00	370.00	367.00	364.00	362.00	369.00	368.00	364.00	364.00	368.00	371.00	373.00	375.00	381.00	390.00	393.00	394.00	392.00	392.00	403.00	407.00	408.00	412.00	423.00	433.00	423.00	408.00	402.00	401.00	400.00	401.00	405.00	411.00	421.00	445.00	460.00	444.00	444.00	464.00	514.00	507.00	444.00	422.00	412.00	404.00	397.00	394.00	392.00	390.00	404.00	414.00	434.00	459.00	426.00	434.00	426.00	416.00	412.00	411.00	399.00	396.00	394.00	395.00	411.00	391.00	387.00	387.00	388.00	400.00	397.00	396.00	403.00	390.00	387.00	390.00	399.00	385.00	377.00	378.00	377.00	378.00	385.00	386.00	384.00	383.00	386.00	385.00	384.00	383.00	381.00	377.00	373.00	374.00	368.00	369.00	363.00	367.00	369.00	367.00	367.00	368.00	370.00	368.00	368.00	368.00	366.00	366.00	367.00	397.00	394.00	374.00	369.00	368.00	364.00	366.00	365.00	370.00	375.00	374.00	373.00	370.00	369.00	373.00	375.00	377.00	377.00	376.00	379.00	381.00	383.00	385.00	389.00	388.00	389.00	390.00	395.00	398.00	402.00	401.00	402.00	404.00	404.00	417.00	415.00	410.00	416.00	416.00	422.00	429.00	422.00	417.00	417.00	414.00	415.00	415.00	414.00	419.00	420.00	422.00	423.00	423.00	427.00	449.00	440.00	436.00	435.00	439.00	443.00	446.00	454.00	461.00	467.00	460.00	462.00	451.00	441.00	439.00	436.00	435.00	433.00	432.00	432.00	431.00	430.00	431.00	430.00	430.00	430.00	430.00	427.00	426.00	425.00	424.00	421.00	420.00	418.00	417.00	416.00	413.00	412.00	412.00	411.00	409.00	409.00	409.00	409.00	406.00	403.00	399.00	395.00	394.00	390.00	388.00	387.00	386.00	385.00	383.00	382.00	381.00	379.00	376.00
287.00	287.00	289.00	289.00	292.00	293.00	295.00	296.00	297.00	300.00	302.00	304.00	305.00	311.00	313.00	316.00	318.00	322.00	327.00	331.00	330.00	330.00	331.00	339.00	347.00	346.00	350.00	360.00	365.00	366.00	372.00	375.00	380.00	379.00	378.00	375.00	366.00	365.00	365.00	360.00	359.00	361.00	362.00	367.00	374.00	377.00	378.00	381.00	385.00	387.00	390.00	387.00	388.00	392.00	400.00	403.00	407.00	413.00	427.00	434.00	433.00	416.00	406.00	406.00	405.00	405.00	407.00	412.00	423.00	468.00	501.00	449.00	451.00	455.00	475.00	483.00	445.00	427.00	416.00	410.00	401.00	398.00	395.00	391.00	394.00	420.00	427.00	424.00	417.00	415.00	409.00	404.00	402.00	404.00	395.00	394.00	393.00	395.00	394.00	390.00	392.00	389.00	397.00	398.00	399.00	401.00	426.00	398.00	394.00	394.00	390.00	382.00	380.00	380.00	380.00	382.00	384.00	388.00	385.00	387.00	389.00	387.00	387.00	383.00	380.00	378.00	375.00	375.00	370.00	366.00	366.00	368.00	368.00	367.00	369.00	370.00	372.00	369.00	370.00	368.00	367.00	368.00	372.00	413.00	382.00	372.00	370.00	365.00	365.00	367.00	368.00	371.00	376.00	375.00	373.00	371.00	373.00	376.00	376.00	378.00	381.00	379.00	379.00	381.00	382.00	384.00	385.00	387.00	387.00	390.00	397.00	423.00	421.00	415.00	406.00	403.00	406.00	408.00	410.00	413.00	424.00	422.00	422.00	430.00	422.00	418.00	417.00	416.00	416.00	417.00	417.00	418.00	420.00	422.00	425.00	423.00	424.00	435.00	434.00	433.00	433.00	440.00	441.00	443.00	450.00	447.00	457.00	464.00	448.00	446.00	438.00	438.00	435.00	434.00	433.00	432.00	431.00	430.00	430.00	428.00	428.00	428.00	429.00	430.00	426.00	424.00	422.00	419.00	420.00	419.00	417.00	416.00	414.00	412.00	412.00	410.00	410.00	409.00	408.00	407.00	407.00	405.00	405.00	398.00	395.00	393.00	391.00	389.00	387.00	385.00	384.00	382.00	382.00	381.00	378.00	378.00
290.00	288.00	289.00	290.00	291.00	294.00	295.00	296.00	297.00	300.00	302.00	304.00	306.00	313.00	314.00	315.00	315.00	320.00	327.00	330.00	331.00	336.00	335.00	338.00	342.00	347.00	351.00	354.00	357.00	361.00	367.00	386.00	393.00	394.00	369.00	367.00	361.00	362.00	366.00	358.00	361.00	365.00	364.00	366.00	372.00	383.00	385.00	382.00	381.00	386.00	385.00	388.00	391.00	404.00	406.00	408.00	411.00	413.00	436.00	443.00	440.00	422.00	411.00	415.00	411.00	409.00	415.00	414.00	422.00	455.00	480.00	451.00	457.00	460.00	491.00	505.00	439.00	428.00	418.00	413.00	404.00	402.00	399.00	395.00	396.00	416.00	450.00	441.00	420.00	408.00	404.00	400.00	398.00	395.00	392.00	394.00	392.00	398.00	394.00	395.00	394.00	406.00	396.00	409.00	407.00	424.00	458.00	410.00	396.00	390.00	387.00	386.00	383.00	384.00	383.00	383.00	386.00	391.00	390.00	387.00	390.00	385.00	385.00	384.00	381.00	379.00	375.00	373.00	372.00	367.00	368.00	368.00	368.00	369.00	369.00	371.00	371.00	371.00	373.00	369.00	369.00	374.00	376.00	384.00	375.00	372.00	369.00	368.00	367.00	371.00	368.00	370.00	376.00	376.00	375.00	373.00	373.00	377.00	378.00	380.00	382.00	382.00	381.00	381.00	384.00	385.00	388.00	388.00	390.00	391.00	402.00	446.00	458.00	434.00	409.00	405.00	406.00	406.00	409.00	412.00	419.00	419.00	420.00	422.00	419.00	419.00	417.00	417.00	418.00	417.00	420.00	420.00	422.00	421.00	424.00	424.00	427.00	429.00	431.00	429.00	431.00	435.00	436.00	439.00	441.00	442.00	454.00	447.00	444.00	442.00	437.00	435.00	436.00	433.00	433.00	430.00	429.00	429.00	426.00	427.00	427.00	426.00	427.00	426.00	424.00	422.00	421.00	421.00	419.00	417.00	417.00	415.00	415.00	411.00	411.00	411.00	410.00	407.00	407.00	407.00	405.00	405.00	401.00	397.00	396.00	394.00	391.00	389.00	387.00	386.00	386.00	381.00	381.00	380.00	378.00	377.00
291.00	289.00	290.00	290.00	293.00	293.00	294.00	297.00	298.00	302.00	304.00	306.00	308.00	317.00	320.00	323.00	321.00	322.00	330.00	331.00	334.00	338.00	350.00	345.00	345.00	345.00	346.00	351.00	358.00	368.00	375.00	367.00	373.00	383.00	363.00	358.00	356.00	351.00	353.00	355.00	359.00	359.00	362.00	365.00	367.00	373.00	373.00	375.00	379.00	398.00	410.00	409.00	409.00	407.00	404.00	410.00	419.00	432.00	437.00	446.00	445.00	441.00	422.00	420.00	426.00	415.00	418.00	420.00	424.00	429.00	436.00	468.00	465.00	474.00	501.00	489.00	435.00	431.00	439.00	421.00	410.00	409.00	408.00	409.00	409.00	415.00	411.00	409.00	406.00	398.00	397.00	395.00	393.00	393.00	396.00	392.00	392.00	393.00	396.00	400.00	413.00	409.00	413.00	427.00	464.00	449.00	431.00	406.00	401.00	397.00	392.00	392.00	390.00	389.00	389.00	390.00	390.00	395.00	393.00	397.00	395.00	386.00	384.00	385.00	386.00	386.00	379.00	381.00	381.00	383.00	373.00	370.00	370.00	372.00	372.00	375.00	373.00	373.00	374.00	372.00	379.00	395.00	393.00	381.00	380.00	384.00	385.00	381.00	377.00	371.00	370.00	373.00	374.00	375.00	378.00	380.00	379.00	379.00	381.00	383.00	384.00	386.00	384.00	383.00	382.00	384.00	389.00	390.00	392.00	394.00	414.00	415.00	422.00	417.00	410.00	408.00	405.00	407.00	407.00	409.00	412.00	414.00	415.00	414.00	418.00	417.00	417.00	417.00	418.00	418.00	419.00	418.00	421.00	421.00	424.00	424.00	425.00	426.00	429.00	427.00	424.00	430.00	430.00	432.00	433.00	435.00	438.00	438.00	436.00	434.00	434.00	432.00	433.00	431.00	432.00	429.00	427.00	428.00	427.00	426.00	425.00	423.00	423.00	424.00	424.00	422.00	420.00	420.00	419.00	419.00	418.00	417.00	414.00	412.00	411.00	412.00	410.00	408.00	407.00	407.00	406.00	406.00	402.00	398.00	397.00	395.00	394.00	392.00	389.00	387.00	385.00	383.00	381.00	379.00	377.00	376.00
288.00	290.00	290.00	291.00	292.00	293.00	295.00	295.00	297.00	300.00	304.00	305.00	307.00	315.00	318.00	321.00	324.00	326.00	330.00	335.00	339.00	342.00	355.00	352.00	357.00	352.00	351.00	349.00	356.00	361.00	362.00	364.00	372.00	372.00	358.00	354.00	348.00	349.00	354.00	362.00	362.00	365.00	368.00	371.00	374.00	374.00	377.00	380.00	383.00	402.00	430.00	432.00	410.00	401.00	399.00	403.00	410.00	417.00	440.00	460.00	469.00	458.00	429.00	425.00	426.00	418.00	421.00	424.00	427.00	432.00	438.00	457.00	466.00	488.00	514.00	495.00	445.00	453.00	455.00	424.00	417.00	422.00	421.00	422.00	422.00	417.00	408.00	403.00	417.00	394.00	394.00	393.00	393.00	393.00	394.00	392.00	391.00	394.00	404.00	403.00	405.00	414.00	421.00	471.00	487.00	457.00	440.00	414.00	405.00	399.00	397.00	396.00	394.00	392.00	392.00	394.00	394.00	400.00	396.00	398.00	400.00	390.00	387.00	386.00	387.00	390.00	382.00	389.00	388.00	385.00	372.00	372.00	375.00	373.00	374.00	376.00	376.00	375.00	376.00	378.00	388.00	402.00	416.00	385.00	388.00	394.00	420.00	393.00	376.00	370.00	373.00	377.00	376.00	375.00	377.00	379.00	381.00	381.00	380.00	383.00	385.00	387.00	387.00	384.00	384.00	387.00	389.00	391.00	391.00	393.00	407.00	426.00	421.00	417.00	408.00	405.00	405.00	407.00	410.00	412.00	412.00	414.00	414.00	416.00	419.00	419.00	419.00	419.00	418.00	419.00	419.00	418.00	419.00	421.00	421.00	423.00	425.00	424.00	425.00	424.00	425.00	427.00	428.00	428.00	430.00	432.00	436.00	436.00	434.00	433.00	431.00	431.00	431.00	430.00	430.00	428.00	428.00	427.00	425.00	423.00	423.00	422.00	422.00	423.00	422.00	421.00	419.00	419.00	418.00	418.00	417.00	416.00	414.00	411.00	410.00	411.00	410.00	408.00	406.00	406.00	406.00	405.00	402.00	400.00	399.00	397.00	394.00	391.00	388.00	386.00	383.00	380.00	378.00	377.00	378.00	375.00
289.00	291.00	292.00	291.00	293.00	293.00	293.00	295.00	297.00	301.00	304.00	306.00	308.00	314.00	319.00	322.00	325.00	330.00	333.00	335.00	337.00	338.00	349.00	364.00	362.00	351.00	344.00	344.00	349.00	351.00	352.00	364.00	365.00	363.00	354.00	351.00	346.00	350.00	355.00	359.00	365.00	368.00	371.00	372.00	375.00	384.00	383.00	385.00	386.00	418.00	467.00	437.00	407.00	394.00	397.00	402.00	407.00	413.00	428.00	436.00	451.00	452.00	441.00	435.00	436.00	422.00	425.00	429.00	431.00	434.00	441.00	455.00	468.00	510.00	521.00	492.00	475.00	469.00	437.00	423.00	429.00	453.00	479.00	485.00	454.00	421.00	406.00	402.00	400.00	393.00	392.00	392.00	392.00	392.00	394.00	394.00	394.00	404.00	421.00	404.00	408.00	417.00	429.00	492.00	485.00	461.00	446.00	417.00	409.00	403.00	400.00	400.00	396.00	394.00	396.00	395.00	397.00	400.00	399.00	402.00	402.00	392.00	388.00	390.00	389.00	387.00	389.00	397.00	387.00	384.00	375.00	377.00	376.00	375.00	373.00	378.00	377.00	377.00	378.00	378.00	390.00	412.00	438.00	389.00	391.00	413.00	449.00	391.00	378.00	371.00	373.00	378.00	379.00	377.00	378.00	381.00	381.00	383.00	381.00	382.00	387.00	388.00	388.00	387.00	387.00	385.00	390.00	389.00	391.00	393.00	401.00	419.00	449.00	422.00	408.00	405.00	407.00	406.00	409.00	409.00	414.00	414.00	414.00	418.00	427.00	425.00	422.00	419.00	419.00	418.00	419.00	419.00	420.00	421.00	422.00	422.00	424.00	421.00	425.00	423.00	424.00	426.00	426.00	427.00	430.00	434.00	433.00	431.00	430.00	430.00	429.00	430.00	429.00	429.00	429.00	428.00	427.00	426.00	425.00	424.00	422.00	421.00	420.00	421.00	422.00	420.00	420.00	418.00	418.00	417.00	417.00	415.00	414.00	412.00	411.00	410.00	410.00	407.00	406.00	405.00	404.00	404.00	402.00	400.00	398.00	396.00	393.00	390.00	389.00	386.00	383.00	379.00	377.00	376.00	374.00	374.00
290.00	293.00	293.00	293.00	293.00	295.00	295.00	295.00	297.00	299.00	303.00	306.00	307.00	315.00	320.00	326.00	331.00	333.00	340.00	340.00	341.00	343.00	354.00	354.00	349.00	343.00	340.00	340.00	342.00	345.00	349.00	355.00	355.00	356.00	352.00	347.00	347.00	353.00	361.00	366.00	365.00	362.00	363.00	364.00	369.00	389.00	389.00	389.00	391.00	453.00	457.00	415.00	397.00	388.00	396.00	400.00	406.00	411.00	435.00	436.00	443.00	446.00	448.00	443.00	437.00	427.00	427.00	433.00	435.00	441.00	441.00	458.00	484.00	530.00	522.00	519.00	454.00	442.00	431.00	426.00	428.00	460.00	508.00	456.00	435.00	418.00	408.00	401.00	398.00	392.00	392.00	392.00	392.00	392.00	400.00	397.00	398.00	420.00	411.00	404.00	407.00	447.00	486.00	494.00	539.00	484.00	455.00	420.00	411.00	405.00	405.00	403.00	400.00	402.00	399.00	399.00	403.00	402.00	403.00	407.00	401.00	395.00	395.00	392.00	390.00	390.00	389.00	391.00	387.00	381.00	380.00	379.00	378.00	378.00	376.00	378.00	378.00	379.00	378.00	381.00	385.00	394.00	447.00	390.00	396.00	426.00	445.00	389.00	379.00	372.00	373.00	379.00	379.00	382.00	379.00	381.00	382.00	384.00	385.00	382.00	387.00	389.00	389.00	388.00	389.00	388.00	389.00	389.00	393.00	392.00	396.00	402.00	409.00	410.00	405.00	405.00	405.00	406.00	409.00	410.00	412.00	414.00	415.00	416.00	423.00	422.00	421.00	420.00	420.00	420.00	420.00	420.00	419.00	422.00	422.00	422.00	421.00	421.00	423.00	423.00	423.00	424.00	424.00	427.00	434.00	441.00	431.00	430.00	429.00	429.00	428.00	427.00	427.00	427.00	427.00	427.00	427.00	426.00	423.00	423.00	420.00	421.00	421.00	421.00	420.00	419.00	419.00	418.00	417.00	416.00	415.00	414.00	413.00	411.00	411.00	411.00	410.00	410.00	406.00	404.00	403.00	403.00	401.00	398.00	397.00	397.00	393.00	391.00	388.00	386.00	384.00	378.00	376.00	375.00	373.00	373.00
293.00	296.00	299.00	299.00	295.00	296.00	296.00	296.00	297.00	300.00	305.00	308.00	310.00	319.00	316.00	315.00	319.00	325.00	336.00	330.00	329.00	336.00	351.00	337.00	336.00	334.00	332.00	333.00	337.00	337.00	340.00	344.00	346.00	345.00	341.00	340.00	343.00	346.00	348.00	351.00	358.00	358.00	363.00	369.00	370.00	384.00	385.00	389.00	403.00	414.00	391.00	387.00	384.00	384.00	397.00	401.00	406.00	410.00	433.00	442.00	446.00	445.00	469.00	453.00	443.00	435.00	437.00	442.00	444.00	457.00	470.00	463.00	476.00	508.00	494.00	470.00	446.00	445.00	444.00	433.00	438.00	452.00	503.00	470.00	446.00	416.00	404.00	400.00	397.00	395.00	395.00	395.00	396.00	413.00	399.00	400.00	423.00	444.00	410.00	425.00	458.00	464.00	477.00	558.00	545.00	493.00	470.00	430.00	421.00	415.00	416.00	413.00	417.00	415.00	412.00	408.00	406.00	410.00	419.00	409.00	407.00	405.00	402.00	400.00	398.00	392.00	392.00	396.00	387.00	386.00	381.00	382.00	382.00	380.00	381.00	381.00	378.00	381.00	391.00	413.00	395.00	390.00	391.00	393.00	396.00	394.00	389.00	388.00	382.00	375.00	376.00	378.00	378.00	382.00	384.00	384.00	385.00	385.00	387.00	389.00	388.00	390.00	392.00	394.00	393.00	391.00	391.00	390.00	392.00	393.00	397.00	398.00	400.00	404.00	402.00	404.00	405.00	407.00	409.00	413.00	415.00	420.00	419.00	418.00	420.00	422.00	417.00	418.00	418.00	418.00	420.00	422.00	421.00	419.00	421.00	419.00	421.00	423.00	420.00	420.00	421.00	422.00	422.00	422.00	426.00	427.00	426.00	426.00	428.00	429.00	426.00	423.00	423.00	422.00	423.00	423.00	422.00	423.00	421.00	420.00	419.00	418.00	419.00	418.00	418.00	417.00	417.00	416.00	415.00	414.00	412.00	411.00	410.00	410.00	408.00	409.00	407.00	408.00	406.00	409.00	407.00	409.00	401.00	400.00	398.00	395.00	390.00	389.00	387.00	386.00	384.00	380.00	378.00	375.00	372.00	370.00
290.00	292.00	300.00	301.00	296.00	295.00	296.00	298.00	297.00	299.00	301.00	303.00	306.00	312.00	312.00	313.00	321.00	329.00	336.00	325.00	325.00	337.00	337.00	334.00	332.00	330.00	329.00	331.00	336.00	339.00	338.00	339.00	339.00	338.00	339.00	338.00	342.00	344.00	345.00	348.00	355.00	357.00	361.00	369.00	368.00	381.00	381.00	390.00	421.00	390.00	380.00	381.00	381.00	385.00	396.00	401.00	407.00	413.00	423.00	431.00	436.00	445.00	472.00	455.00	448.00	439.00	442.00	454.00	450.00	452.00	471.00	470.00	487.00	522.00	504.00	472.00	456.00	460.00	458.00	441.00	444.00	480.00	503.00	504.00	452.00	414.00	403.00	402.00	400.00	398.00	400.00	401.00	404.00	437.00	402.00	420.00	420.00	414.00	415.00	437.00	441.00	472.00	465.00	530.00	557.00	532.00	487.00	433.00	425.00	419.00	417.00	422.00	447.00	428.00	421.00	414.00	410.00	414.00	415.00	412.00	415.00	412.00	408.00	406.00	402.00	394.00	394.00	394.00	389.00	388.00	385.00	385.00	383.00	381.00	382.00	382.00	379.00	381.00	391.00	406.00	405.00	414.00	405.00	402.00	401.00	396.00	393.00	389.00	382.00	377.00	376.00	380.00	380.00	382.00	384.00	385.00	385.00	388.00	388.00	388.00	389.00	392.00	394.00	394.00	394.00	393.00	392.00	394.00	393.00	393.00	397.00	400.00	400.00	401.00	404.00	405.00	406.00	407.00	409.00	412.00	423.00	422.00	421.00	417.00	417.00	417.00	417.00	419.00	419.00	418.00	418.00	421.00	422.00	420.00	419.00	418.00	417.00	420.00	421.00	419.00	419.00	420.00	421.00	421.00	421.00	422.00	424.00	424.00	445.00	441.00	427.00	425.00	422.00	421.00	421.00	421.00	421.00	421.00	422.00	420.00	419.00	417.00	417.00	416.00	416.00	416.00	416.00	415.00	414.00	413.00	413.00	411.00	410.00	408.00	408.00	407.00	407.00	406.00	405.00	405.00	404.00	403.00	401.00	398.00	397.00	395.00	390.00	388.00	387.00	385.00	382.00	379.00	378.00	375.00	372.00	370.00
290.00	294.00	300.00	300.00	297.00	296.00	296.00	297.00	298.00	299.00	299.00	301.00	302.00	307.00	309.00	313.00	320.00	324.00	332.00	321.00	323.00	328.00	342.00	330.00	329.00	327.00	325.00	335.00	346.00	338.00	336.00	335.00	335.00	336.00	337.00	340.00	344.00	347.00	347.00	347.00	353.00	358.00	359.00	362.00	365.00	379.00	385.00	398.00	412.00	382.00	379.00	379.00	381.00	384.00	396.00	400.00	404.00	410.00	422.00	432.00	443.00	445.00	493.00	463.00	453.00	443.00	448.00	464.00	460.00	461.00	460.00	471.00	478.00	503.00	505.00	472.00	459.00	501.00	464.00	450.00	481.00	513.00	457.00	440.00	429.00	413.00	405.00	404.00	401.00	404.00	406.00	406.00	418.00	413.00	409.00	424.00	422.00	417.00	438.00	466.00	457.00	457.00	463.00	505.00	553.00	517.00	479.00	439.00	430.00	423.00	424.00	433.00	492.00	441.00	427.00	428.00	412.00	415.00	419.00	420.00	426.00	418.00	417.00	414.00	407.00	399.00	396.00	394.00	392.00	392.00	389.00	386.00	383.00	384.00	384.00	383.00	381.00	381.00	383.00	392.00	404.00	437.00	455.00	456.00	419.00	414.00	399.00	396.00	383.00	378.00	376.00	379.00	377.00	381.00	382.00	387.00	388.00	389.00	389.00	389.00	389.00	393.00	395.00	396.00	394.00	395.00	395.00	393.00	395.00	398.00	399.00	401.00	401.00	403.00	404.00	418.00	409.00	411.00	413.00	413.00	417.00	418.00	414.00	415.00	415.00	416.00	416.00	418.00	417.00	418.00	421.00	419.00	421.00	422.00	421.00	422.00	419.00	420.00	419.00	418.00	418.00	419.00	418.00	420.00	421.00	423.00	426.00	429.00	447.00	437.00	429.00	424.00	422.00	420.00	420.00	419.00	420.00	421.00	421.00	420.00	418.00	417.00	416.00	415.00	414.00	413.00	414.00	414.00	413.00	412.00	411.00	410.00	409.00	410.00	406.00	405.00	404.00	406.00	403.00	403.00	403.00	404.00	401.00	397.00	395.00	393.00	389.00	387.00	385.00	383.00	381.00	378.00	377.00	375.00	372.00	370.00
291.00	292.00	299.00	300.00	300.00	298.00	298.00	298.00	297.00	300.00	301.00	301.00	302.00	305.00	307.00	309.00	321.00	319.00	320.00	321.00	325.00	333.00	337.00	326.00	325.00	322.00	325.00	335.00	340.00	335.00	334.00	333.00	334.00	337.00	340.00	343.00	349.00	353.00	354.00	352.00	357.00	356.00	359.00	363.00	369.00	386.00	409.00	410.00	383.00	379.00	377.00	379.00	381.00	382.00	394.00	399.00	405.00	409.00	431.00	437.00	477.00	465.00	515.00	484.00	460.00	449.00	453.00	466.00	488.00	490.00	469.00	465.00	475.00	484.00	497.00	475.00	463.00	509.00	476.00	476.00	448.00	458.00	437.00	428.00	424.00	415.00	406.00	405.00	404.00	416.00	429.00	418.00	424.00	420.00	439.00	429.00	415.00	421.00	455.00	468.00	458.00	449.00	454.00	474.00	523.00	519.00	505.00	450.00	437.00	429.00	431.00	444.00	515.00	451.00	435.00	429.00	415.00	418.00	427.00	437.00	450.00	433.00	426.00	418.00	413.00	402.00	399.00	397.00	396.00	395.00	388.00	386.00	385.00	386.00	384.00	383.00	383.00	386.00	382.00	390.00	397.00	424.00	469.00	494.00	507.00	513.00	439.00	395.00	385.00	378.00	377.00	381.00	381.00	383.00	384.00	386.00	389.00	388.00	389.00	390.00	391.00	395.00	401.00	398.00	398.00	399.00	397.00	396.00	398.00	398.00	401.00	404.00	404.00	404.00	404.00	417.00	412.00	414.00	430.00	415.00	417.00	421.00	415.00	412.00	413.00	414.00	416.00	415.00	417.00	419.00	417.00	417.00	420.00	419.00	420.00	419.00	421.00	418.00	418.00	416.00	419.00	419.00	418.00	420.00	422.00	423.00	429.00	435.00	442.00	440.00	430.00	427.00	422.00	420.00	419.00	418.00	418.00	418.00	418.00	418.00	418.00	417.00	415.00	414.00	412.00	412.00	410.00	411.00	411.00	411.00	410.00	409.00	407.00	409.00	406.00	404.00	404.00	405.00	403.00	404.00	403.00	403.00	400.00	396.00	394.00	391.00	387.00	384.00	383.00	383.00	381.00	378.00	376.00	374.00	372.00	369.00
290.00	293.00	298.00	300.00	300.00	302.00	302.00	301.00	300.00	303.00	306.00	305.00	306.00	305.00	306.00	307.00	308.00	310.00	311.00	314.00	318.00	324.00	327.00	320.00	320.00	321.00	326.00	346.00	342.00	346.00	332.00	334.00	336.00	338.00	345.00	347.00	366.00	366.00	367.00	364.00	369.00	365.00	364.00	364.00	365.00	412.00	380.00	371.00	370.00	376.00	379.00	382.00	383.00	385.00	395.00	403.00	422.00	435.00	432.00	432.00	446.00	448.00	500.00	509.00	467.00	452.00	460.00	456.00	467.00	504.00	485.00	473.00	480.00	492.00	507.00	506.00	472.00	495.00	516.00	463.00	433.00	430.00	431.00	423.00	421.00	415.00	413.00	412.00	413.00	430.00	426.00	421.00	421.00	434.00	427.00	421.00	420.00	417.00	427.00	429.00	435.00	438.00	439.00	476.00	542.00	510.00	480.00	495.00	458.00	474.00	461.00	493.00	453.00	440.00	434.00	429.00	421.00	428.00	438.00	497.00	570.00	496.00	490.00	441.00	425.00	411.00	407.00	404.00	401.00	399.00	391.00	390.00	389.00	387.00	385.00	384.00	386.00	386.00	386.00	395.00	399.00	411.00	476.00	516.00	526.00	538.00	510.00	400.00	385.00	383.00	380.00	381.00	380.00	385.00	386.00	388.00	390.00	391.00	390.00	393.00	393.00	394.00	396.00	397.00	400.00	401.00	399.00	400.00	401.00	413.00	410.00	418.00	411.00	409.00	408.00	408.00	414.00	414.00	416.00	411.00	413.00	417.00	411.00	410.00	410.00	411.00	412.00	412.00	413.00	415.00	416.00	417.00	418.00	418.00	419.00	418.00	419.00	415.00	415.00	415.00	416.00	418.00	418.00	420.00	429.00	429.00	432.00	439.00	446.00	440.00	440.00	430.00	423.00	420.00	418.00	416.00	416.00	416.00	415.00	415.00	415.00	415.00	412.00	411.00	409.00	409.00	409.00	408.00	407.00	406.00	406.00	406.00	405.00	404.00	403.00	403.00	402.00	400.00	399.00	400.00	400.00	400.00	397.00	392.00	389.00	387.00	384.00	382.00	382.00	382.00	381.00	381.00	377.00	374.00	371.00	370.00
290.00	294.00	300.00	300.00	302.00	304.00	303.00	302.00	303.00	306.00	307.00	308.00	308.00	308.00	305.00	307.00	307.00	308.00	310.00	309.00	312.00	315.00	321.00	318.00	321.00	333.00	339.00	359.00	349.00	338.00	329.00	336.00	339.00	339.00	345.00	353.00	366.00	366.00	367.00	370.00	373.00	372.00	369.00	365.00	362.00	378.00	367.00	368.00	371.00	377.00	379.00	382.00	385.00	388.00	395.00	404.00	421.00	428.00	420.00	422.00	427.00	433.00	453.00	454.00	450.00	446.00	452.00	452.00	465.00	512.00	521.00	492.00	495.00	489.00	483.00	496.00	511.00	478.00	462.00	453.00	436.00	433.00	444.00	429.00	433.00	425.00	417.00	417.00	416.00	440.00	435.00	426.00	435.00	460.00	425.00	425.00	422.00	427.00	422.00	427.00	428.00	431.00	438.00	463.00	476.00	471.00	466.00	510.00	514.00	548.00	548.00	536.00	449.00	440.00	437.00	432.00	424.00	431.00	453.00	474.00	496.00	541.00	528.00	472.00	425.00	423.00	416.00	409.00	400.00	397.00	393.00	392.00	389.00	390.00	387.00	386.00	390.00	388.00	390.00	440.00	452.00	412.00	424.00	526.00	533.00	539.00	455.00	393.00	386.00	383.00	382.00	382.00	384.00	388.00	388.00	391.00	393.00	392.00	393.00	393.00	393.00	394.00	395.00	396.00	400.00	403.00	402.00	402.00	404.00	411.00	414.00	417.00	419.00	420.00	413.00	407.00	409.00	408.00	410.00	411.00	409.00	411.00	409.00	408.00	412.00	410.00	410.00	408.00	413.00	413.00	414.00	417.00	414.00	418.00	416.00	417.00	413.00	415.00	415.00	415.00	415.00	416.00	417.00	419.00	425.00	430.00	441.00	440.00	435.00	435.00	433.00	431.00	425.00	422.00	419.00	416.00	415.00	414.00	414.00	414.00	413.00	412.00	410.00	409.00	408.00	409.00	408.00	407.00	407.00	407.00	405.00	405.00	404.00	402.00	403.00	401.00	400.00	400.00	399.00	398.00	399.00	398.00	395.00	390.00	387.00	385.00	382.00	381.00	382.00	382.00	380.00	379.00	378.00	376.00	371.00	370.00
290.00	292.00	296.00	300.00	305.00	306.00	305.00	304.00	305.00	309.00	310.00	309.00	309.00	312.00	310.00	308.00	309.00	309.00	311.00	309.00	307.00	310.00	315.00	320.00	324.00	332.00	347.00	350.00	329.00	326.00	327.00	335.00	340.00	342.00	344.00	349.00	363.00	361.00	362.00	367.00	373.00	375.00	371.00	364.00	358.00	366.00	367.00	369.00	371.00	378.00	380.00	384.00	386.00	388.00	396.00	399.00	404.00	407.00	416.00	434.00	437.00	442.00	443.00	443.00	440.00	439.00	443.00	451.00	461.00	474.00	509.00	488.00	490.00	480.00	474.00	480.00	485.00	461.00	454.00	447.00	440.00	433.00	431.00	434.00	442.00	434.00	423.00	422.00	424.00	463.00	430.00	445.00	464.00	447.00	433.00	455.00	441.00	464.00	424.00	424.00	428.00	433.00	439.00	449.00	454.00	463.00	481.00	553.00	563.00	562.00	565.00	550.00	460.00	443.00	439.00	437.00	427.00	436.00	472.00	460.00	466.00	452.00	450.00	439.00	424.00	446.00	430.00	414.00	399.00	397.00	394.00	393.00	391.00	389.00	388.00	387.00	388.00	390.00	394.00	427.00	422.00	422.00	464.00	513.00	509.00	463.00	401.00	391.00	390.00	383.00	382.00	383.00	387.00	389.00	390.00	391.00	393.00	394.00	394.00	394.00	395.00	395.00	396.00	398.00	398.00	401.00	404.00	402.00	405.00	406.00	416.00	426.00	426.00	422.00	416.00	409.00	405.00	405.00	409.00	408.00	405.00	407.00	407.00	405.00	408.00	410.00	406.00	410.00	412.00	410.00	411.00	415.00	414.00	417.00	415.00	416.00	417.00	413.00	415.00	415.00	414.00	414.00	416.00	417.00	424.00	431.00	447.00	434.00	430.00	431.00	431.00	431.00	427.00	423.00	420.00	415.00	415.00	414.00	413.00	412.00	411.00	409.00	410.00	409.00	407.00	408.00	407.00	406.00	408.00	406.00	405.00	404.00	404.00	401.00	400.00	401.00	399.00	399.00	397.00	396.00	396.00	396.00	393.00	389.00	387.00	384.00	382.00	380.00	380.00	379.00	380.00	378.00	378.00	378.00	374.00	372.00
292.00	292.00	296.00	300.00	308.00	308.00	305.00	307.00	310.00	311.00	312.00	312.00	311.00	317.00	314.00	312.00	313.00	312.00	312.00	310.00	309.00	310.00	316.00	320.00	322.00	325.00	333.00	326.00	325.00	326.00	328.00	332.00	336.00	338.00	344.00	351.00	356.00	362.00	365.00	367.00	373.00	374.00	368.00	363.00	360.00	367.00	366.00	369.00	371.00	377.00	380.00	383.00	386.00	388.00	396.00	398.00	401.00	404.00	423.00	432.00	432.00	443.00	438.00	431.00	433.00	435.00	437.00	451.00	452.00	457.00	468.00	471.00	490.00	480.00	468.00	475.00	475.00	462.00	450.00	444.00	444.00	436.00	431.00	433.00	437.00	443.00	426.00	427.00	431.00	450.00	435.00	448.00	471.00	447.00	456.00	474.00	438.00	447.00	428.00	425.00	428.00	432.00	440.00	447.00	478.00	519.00	516.00	522.00	561.00	516.00	522.00	519.00	454.00	448.00	449.00	444.00	431.00	449.00	458.00	449.00	446.00	436.00	433.00	428.00	425.00	449.00	440.00	421.00	400.00	393.00	395.00	394.00	392.00	391.00	388.00	389.00	390.00	392.00	404.00	452.00	429.00	412.00	410.00	410.00	403.00	394.00	391.00	390.00	391.00	386.00	384.00	384.00	389.00	391.00	392.00	393.00	396.00	395.00	394.00	394.00	395.00	396.00	397.00	398.00	399.00	400.00	403.00	403.00	403.00	406.00	415.00	429.00	419.00	421.00	419.00	405.00	404.00	403.00	405.00	405.00	403.00	404.00	405.00	407.00	407.00	408.00	410.00	408.00	410.00	410.00	412.00	416.00	416.00	415.00	416.00	415.00	415.00	423.00	419.00	415.00	413.00	415.00	418.00	419.00	422.00	430.00	431.00	429.00	431.00	430.00	436.00	441.00	429.00	426.00	422.00	417.00	414.00	413.00	412.00	410.00	409.00	409.00	408.00	407.00	407.00	406.00	407.00	407.00	405.00	406.00	404.00	403.00	403.00	403.00	400.00	400.00	400.00	396.00	396.00	395.00	395.00	394.00	391.00	388.00	385.00	384.00	381.00	380.00	379.00	378.00	378.00	377.00	377.00	376.00	374.00	376.00
294.00	294.00	299.00	302.00	307.00	310.00	309.00	316.00	321.00	318.00	322.00	322.00	316.00	326.00	321.00	325.00	324.00	320.00	315.00	317.00	322.00	324.00	316.00	319.00	319.00	320.00	321.00	324.00	327.00	329.00	333.00	338.00	340.00	341.00	347.00	347.00	350.00	361.00	363.00	369.00	367.00	367.00	363.00	359.00	358.00	361.00	365.00	368.00	369.00	376.00	379.00	381.00	384.00	389.00	405.00	424.00	431.00	433.00	411.00	412.00	426.00	426.00	422.00	426.00	432.00	435.00	435.00	439.00	446.00	458.00	458.00	457.00	459.00	471.00	494.00	490.00	474.00	463.00	454.00	456.00	461.00	455.00	449.00	442.00	436.00	441.00	437.00	447.00	468.00	452.00	455.00	455.00	450.00	452.00	458.00	465.00	465.00	442.00	444.00	432.00	431.00	434.00	438.00	462.00	493.00	497.00	500.00	553.00	548.00	493.00	474.00	469.00	466.00	460.00	455.00	449.00	450.00	453.00	485.00	464.00	435.00	427.00	422.00	420.00	416.00	422.00	419.00	413.00	400.00	398.00	394.00	396.00	395.00	393.00	391.00	393.00	397.00	399.00	407.00	442.00	425.00	407.00	405.00	401.00	400.00	396.00	393.00	394.00	394.00	389.00	389.00	389.00	390.00	391.00	393.00	395.00	398.00	400.00	396.00	396.00	396.00	396.00	397.00	400.00	400.00	401.00	403.00	403.00	402.00	401.00	415.00	409.00	408.00	406.00	404.00	402.00	399.00	398.00	400.00	404.00	403.00	403.00	403.00	404.00	404.00	406.00	406.00	407.00	411.00	412.00	413.00	415.00	414.00	415.00	413.00	414.00	418.00	423.00	420.00	416.00	424.00	427.00	432.00	427.00	422.00	419.00	423.00	425.00	429.00	434.00	447.00	456.00	427.00	423.00	421.00	417.00	415.00	412.00	411.00	409.00	409.00	408.00	407.00	405.00	404.00	404.00	404.00	403.00	403.00	404.00	405.00	404.00	403.00	400.00	399.00	398.00	398.00	397.00	395.00	395.00	393.00	392.00	389.00	388.00	386.00	385.00	381.00	380.00	378.00	377.00	376.00	377.00	378.00	378.00	377.00	379.00
296.00	297.00	297.00	300.00	311.00	311.00	312.00	316.00	325.00	322.00	326.00	327.00	319.00	329.00	327.00	326.00	331.00	324.00	318.00	316.00	320.00	323.00	315.00	318.00	320.00	323.00	323.00	326.00	327.00	330.00	333.00	337.00	338.00	340.00	344.00	343.00	347.00	354.00	360.00	366.00	359.00	357.00	359.00	356.00	357.00	360.00	364.00	367.00	369.00	375.00	379.00	382.00	386.00	390.00	414.00	449.00	455.00	431.00	416.00	415.00	415.00	417.00	427.00	434.00	440.00	442.00	443.00	443.00	442.00	454.00	452.00	455.00	464.00	481.00	490.00	522.00	478.00	467.00	456.00	459.00	476.00	461.00	460.00	450.00	443.00	440.00	442.00	455.00	466.00	453.00	455.00	453.00	458.00	474.00	482.00	468.00	464.00	447.00	439.00	440.00	434.00	436.00	440.00	458.00	508.00	552.00	551.00	530.00	535.00	521.00	494.00	523.00	483.00	472.00	473.00	463.00	513.00	462.00	505.00	500.00	444.00	423.00	419.00	419.00	414.00	414.00	410.00	408.00	399.00	397.00	395.00	395.00	395.00	393.00	394.00	394.00	396.00	403.00	425.00	488.00	490.00	429.00	408.00	404.00	401.00	398.00	396.00	396.00	396.00	397.00	393.00	391.00	389.00	394.00	394.00	396.00	398.00	400.00	399.00	398.00	396.00	395.00	396.00	399.00	402.00	403.00	409.00	403.00	401.00	401.00	402.00	401.00	402.00	402.00	400.00	398.00	398.00	398.00	397.00	398.00	400.00	401.00	399.00	403.00	405.00	406.00	405.00	408.00	413.00	413.00	415.00	415.00	418.00	416.00	412.00	412.00	413.00	412.00	415.00	413.00	419.00	438.00	445.00	421.00	417.00	420.00	422.00	425.00	430.00	434.00	454.00	463.00	427.00	423.00	421.00	416.00	414.00	412.00	412.00	409.00	407.00	406.00	406.00	404.00	403.00	402.00	403.00	402.00	402.00	402.00	403.00	404.00	404.00	402.00	399.00	398.00	397.00	397.00	395.00	394.00	393.00	393.00	390.00	388.00	388.00	387.00	383.00	381.00	379.00	378.00	377.00	377.00	376.00	375.00	374.00	374.00
299.00	301.00	298.00	302.00	312.00	314.00	313.00	317.00	323.00	324.00	330.00	330.00	323.00	332.00	334.00	329.00	337.00	329.00	320.00	319.00	320.00	324.00	319.00	320.00	320.00	321.00	323.00	327.00	329.00	330.00	334.00	336.00	336.00	336.00	340.00	341.00	347.00	351.00	355.00	356.00	353.00	354.00	354.00	355.00	357.00	361.00	363.00	366.00	368.00	375.00	379.00	383.00	388.00	392.00	420.00	445.00	467.00	448.00	424.00	419.00	420.00	421.00	433.00	442.00	439.00	452.00	458.00	452.00	445.00	445.00	447.00	457.00	464.00	473.00	481.00	505.00	479.00	468.00	460.00	461.00	499.00	494.00	467.00	459.00	449.00	445.00	453.00	472.00	457.00	458.00	460.00	464.00	494.00	504.00	512.00	481.00	467.00	462.00	443.00	442.00	437.00	437.00	442.00	456.00	509.00	522.00	526.00	543.00	509.00	500.00	509.00	535.00	501.00	496.00	527.00	505.00	513.00	454.00	458.00	471.00	444.00	426.00	419.00	414.00	413.00	407.00	405.00	404.00	399.00	400.00	394.00	394.00	393.00	394.00	396.00	396.00	399.00	403.00	414.00	510.00	504.00	441.00	411.00	409.00	406.00	405.00	403.00	401.00	401.00	399.00	398.00	395.00	392.00	392.00	394.00	396.00	398.00	400.00	401.00	398.00	397.00	397.00	397.00	398.00	403.00	404.00	416.00	407.00	403.00	399.00	398.00	399.00	399.00	398.00	397.00	396.00	396.00	396.00	398.00	397.00	400.00	400.00	400.00	403.00	405.00	407.00	410.00	408.00	413.00	417.00	416.00	418.00	418.00	419.00	418.00	416.00	413.00	411.00	413.00	411.00	410.00	418.00	414.00	415.00	416.00	421.00	425.00	424.00	429.00	435.00	446.00	451.00	426.00	427.00	422.00	419.00	417.00	414.00	412.00	408.00	407.00	405.00	405.00	404.00	402.00	402.00	402.00	401.00	401.00	401.00	402.00	401.00	403.00	401.00	399.00	398.00	397.00	395.00	394.00	394.00	393.00	393.00	391.00	389.00	388.00	385.00	383.00	382.00	379.00	379.00	377.00	375.00	373.00	373.00	372.00	371.00
300.00	305.00	299.00	303.00	311.00	319.00	318.00	315.00	318.00	326.00	334.00	337.00	325.00	337.00	337.00	335.00	338.00	330.00	324.00	322.00	321.00	325.00	323.00	320.00	321.00	321.00	323.00	326.00	329.00	331.00	333.00	334.00	335.00	335.00	340.00	343.00	349.00	351.00	354.00	358.00	352.00	353.00	355.00	356.00	358.00	364.00	366.00	367.00	370.00	375.00	379.00	384.00	388.00	395.00	410.00	426.00	467.00	481.00	432.00	427.00	424.00	425.00	431.00	439.00	446.00	464.00	466.00	453.00	450.00	448.00	448.00	459.00	464.00	475.00	501.00	512.00	478.00	468.00	463.00	466.00	532.00	503.00	478.00	466.00	458.00	461.00	486.00	477.00	461.00	466.00	469.00	478.00	500.00	536.00	520.00	487.00	472.00	471.00	450.00	445.00	438.00	438.00	443.00	454.00	476.00	480.00	485.00	554.00	517.00	491.00	506.00	506.00	519.00	497.00	497.00	524.00	466.00	446.00	447.00	443.00	461.00	424.00	419.00	416.00	412.00	408.00	406.00	402.00	400.00	398.00	395.00	392.00	392.00	396.00	399.00	399.00	398.00	401.00	417.00	516.00	521.00	463.00	413.00	415.00	414.00	412.00	406.00	404.00	405.00	402.00	399.00	398.00	394.00	393.00	396.00	399.00	399.00	401.00	402.00	400.00	398.00	396.00	397.00	398.00	404.00	404.00	410.00	410.00	410.00	400.00	395.00	394.00	395.00	395.00	396.00	395.00	395.00	394.00	395.00	398.00	397.00	400.00	403.00	404.00	405.00	406.00	408.00	410.00	415.00	417.00	416.00	420.00	422.00	423.00	431.00	422.00	419.00	410.00	412.00	410.00	409.00	410.00	412.00	414.00	418.00	436.00	422.00	424.00	428.00	430.00	435.00	431.00	429.00	426.00	425.00	423.00	418.00	417.00	413.00	408.00	406.00	405.00	406.00	403.00	401.00	400.00	401.00	400.00	401.00	401.00	401.00	402.00	402.00	400.00	398.00	398.00	397.00	394.00	394.00	394.00	395.00	429.00	390.00	387.00	385.00	385.00	382.00	381.00	380.00	379.00	377.00	374.00	374.00	373.00	372.00	371.00
302.00	306.00	305.00	306.00	310.00	315.00	320.00	323.00	325.00	331.00	334.00	332.00	328.00	342.00	345.00	347.00	338.00	334.00	330.00	326.00	324.00	331.00	330.00	325.00	324.00	325.00	325.00	326.00	326.00	330.00	332.00	336.00	336.00	340.00	341.00	343.00	347.00	349.00	349.00	350.00	355.00	357.00	359.00	360.00	361.00	368.00	371.00	373.00	375.00	386.00	390.00	403.00	406.00	413.00	421.00	422.00	431.00	438.00	496.00	457.00	444.00	437.00	448.00	473.00	527.00	484.00	474.00	467.00	463.00	463.00	459.00	467.00	482.00	489.00	483.00	494.00	469.00	465.00	468.00	472.00	537.00	545.00	516.00	474.00	466.00	466.00	492.00	485.00	485.00	502.00	482.00	495.00	509.00	545.00	546.00	513.00	492.00	491.00	463.00	452.00	449.00	447.00	447.00	461.00	478.00	534.00	548.00	503.00	491.00	479.00	481.00	478.00	478.00	471.00	460.00	461.00	454.00	438.00	435.00	431.00	427.00	421.00	419.00	416.00	414.00	426.00	410.00	404.00	401.00	399.00	394.00	394.00	399.00	397.00	402.00	404.00	405.00	404.00	416.00	421.00	431.00	425.00	436.00	455.00	460.00	457.00	429.00	416.00	409.00	413.00	405.00	400.00	398.00	397.00	398.00	399.00	398.00	400.00	402.00	403.00	404.00	399.00	395.00	396.00	397.00	400.00	404.00	402.00	401.00	399.00	392.00	391.00	391.00	391.00	391.00	393.00	393.00	393.00	395.00	395.00	399.00	400.00	407.00	408.00	409.00	409.00	411.00	415.00	419.00	421.00	425.00	432.00	430.00	438.00	433.00	446.00	430.00	414.00	407.00	408.00	407.00	408.00	409.00	411.00	412.00	414.00	416.00	422.00	424.00	424.00	442.00	438.00	440.00	433.00	434.00	426.00	416.00	414.00	424.00	420.00	410.00	406.00	403.00	400.00	399.00	399.00	397.00	398.00	399.00	399.00	399.00	399.00	399.00	398.00	398.00	397.00	397.00	395.00	395.00	394.00	400.00	404.00	388.00	385.00	384.00	383.00	381.00	380.00	380.00	379.00	378.00	374.00	373.00	372.00	370.00	369.00
305.00	308.00	307.00	305.00	311.00	313.00	320.00	324.00	329.00	335.00	336.00	331.00	333.00	348.00	349.00	348.00	341.00	339.00	334.00	329.00	325.00	331.00	333.00	327.00	324.00	323.00	326.00	327.00	329.00	330.00	333.00	336.00	337.00	338.00	340.00	341.00	345.00	347.00	349.00	353.00	356.00	359.00	361.00	362.00	365.00	370.00	372.00	375.00	378.00	384.00	389.00	393.00	401.00	421.00	432.00	443.00	440.00	446.00	492.00	463.00	448.00	442.00	450.00	486.00	534.00	486.00	478.00	478.00	472.00	469.00	466.00	470.00	479.00	474.00	475.00	479.00	464.00	461.00	463.00	468.00	507.00	548.00	507.00	479.00	468.00	476.00	475.00	475.00	481.00	491.00	490.00	493.00	500.00	518.00	557.00	555.00	539.00	492.00	471.00	458.00	454.00	453.00	447.00	456.00	487.00	505.00	522.00	510.00	508.00	477.00	473.00	470.00	465.00	470.00	458.00	458.00	446.00	439.00	434.00	430.00	426.00	422.00	419.00	418.00	415.00	423.00	411.00	403.00	400.00	399.00	397.00	399.00	403.00	402.00	411.00	411.00	408.00	407.00	409.00	416.00	418.00	423.00	462.00	518.00	529.00	523.00	448.00	416.00	408.00	408.00	404.00	400.00	398.00	400.00	403.00	402.00	402.00	403.00	404.00	404.00	403.00	399.00	396.00	394.00	396.00	397.00	398.00	399.00	398.00	395.00	390.00	388.00	388.00	390.00	390.00	391.00	391.00	393.00	394.00	395.00	399.00	402.00	406.00	405.00	411.00	412.00	414.00	417.00	423.00	422.00	428.00	434.00	433.00	500.00	463.00	444.00	454.00	416.00	411.00	408.00	407.00	407.00	407.00	409.00	409.00	412.00	416.00	432.00	418.00	421.00	429.00	436.00	439.00	451.00	438.00	420.00	416.00	414.00	416.00	423.00	411.00	415.00	406.00	401.00	398.00	399.00	397.00	397.00	398.00	398.00	398.00	397.00	399.00	398.00	397.00	398.00	397.00	395.00	394.00	393.00	398.00	393.00	388.00	385.00	384.00	382.00	380.00	380.00	379.00	378.00	377.00	377.00	374.00	372.00	370.00	368.00
309.00	312.00	312.00	311.00	312.00	316.00	321.00	323.00	329.00	339.00	338.00	335.00	337.00	346.00	351.00	349.00	348.00	347.00	334.00	329.00	329.00	335.00	341.00	329.00	325.00	325.00	326.00	329.00	330.00	331.00	332.00	335.00	336.00	338.00	340.00	341.00	347.00	349.00	352.00	354.00	359.00	361.00	363.00	365.00	367.00	372.00	374.00	376.00	380.00	386.00	390.00	394.00	399.00	411.00	429.00	442.00	464.00	452.00	461.00	501.00	478.00	450.00	456.00	479.00	532.00	503.00	499.00	497.00	481.00	474.00	480.00	471.00	464.00	466.00	471.00	480.00	460.00	463.00	463.00	467.00	522.00	520.00	499.00	481.00	475.00	491.00	470.00	469.00	477.00	491.00	501.00	499.00	510.00	518.00	553.00	547.00	551.00	525.00	471.00	463.00	458.00	451.00	445.00	455.00	477.00	478.00	489.00	490.00	506.00	496.00	475.00	468.00	459.00	456.00	455.00	450.00	447.00	435.00	430.00	430.00	428.00	422.00	420.00	428.00	419.00	416.00	413.00	404.00	400.00	397.00	401.00	404.00	408.00	419.00	431.00	416.00	412.00	409.00	410.00	415.00	418.00	421.00	431.00	476.00	492.00	506.00	444.00	417.00	408.00	404.00	403.00	402.00	401.00	402.00	405.00	405.00	406.00	403.00	404.00	403.00	403.00	399.00	397.00	394.00	395.00	396.00	396.00	397.00	394.00	393.00	387.00	388.00	389.00	389.00	390.00	390.00	391.00	392.00	392.00	396.00	399.00	402.00	404.00	407.00	414.00	415.00	417.00	430.00	426.00	437.00	462.00	438.00	468.00	460.00	488.00	476.00	435.00	415.00	414.00	409.00	407.00	405.00	405.00	407.00	409.00	410.00	413.00	415.00	416.00	417.00	423.00	427.00	444.00	459.00	431.00	425.00	425.00	415.00	412.00	409.00	430.00	425.00	408.00	399.00	397.00	397.00	396.00	396.00	397.00	397.00	397.00	397.00	397.00	396.00	397.00	399.00	396.00	394.00	394.00	392.00	391.00	392.00	395.00	384.00	383.00	382.00	379.00	379.00	378.00	377.00	376.00	376.00	373.00	370.00	370.00	369.00
310.00	314.00	316.00	314.00	316.00	321.00	327.00	330.00	328.00	339.00	339.00	340.00	341.00	346.00	353.00	355.00	356.00	349.00	336.00	331.00	333.00	338.00	342.00	328.00	326.00	325.00	327.00	336.00	331.00	331.00	333.00	336.00	336.00	337.00	341.00	342.00	347.00	350.00	352.00	355.00	361.00	364.00	365.00	368.00	370.00	375.00	376.00	377.00	380.00	399.00	392.00	397.00	400.00	404.00	418.00	421.00	427.00	431.00	443.00	477.00	497.00	460.00	465.00	469.00	497.00	522.00	519.00	488.00	483.00	484.00	510.00	468.00	461.00	461.00	463.00	469.00	459.00	469.00	470.00	469.00	482.00	498.00	505.00	478.00	491.00	478.00	469.00	467.00	471.00	476.00	479.00	492.00	490.00	500.00	529.00	533.00	549.00	500.00	474.00	469.00	461.00	453.00	447.00	450.00	456.00	457.00	464.00	478.00	516.00	498.00	481.00	473.00	468.00	461.00	451.00	449.00	442.00	436.00	433.00	431.00	429.00	423.00	420.00	425.00	416.00	409.00	410.00	404.00	399.00	400.00	409.00	413.00	414.00	419.00	424.00	420.00	415.00	413.00	412.00	423.00	423.00	425.00	427.00	428.00	429.00	430.00	423.00	418.00	409.00	408.00	405.00	404.00	401.00	404.00	411.00	428.00	412.00	406.00	404.00	402.00	401.00	397.00	396.00	394.00	394.00	393.00	394.00	394.00	393.00	391.00	387.00	386.00	387.00	389.00	391.00	389.00	389.00	390.00	392.00	396.00	400.00	403.00	406.00	411.00	419.00	419.00	419.00	420.00	432.00	460.00	462.00	448.00	520.00	443.00	448.00	468.00	437.00	418.00	415.00	410.00	407.00	405.00	405.00	405.00	407.00	408.00	414.00	419.00	415.00	415.00	420.00	425.00	431.00	428.00	426.00	446.00	448.00	415.00	408.00	408.00	425.00	434.00	413.00	399.00	396.00	396.00	395.00	394.00	396.00	396.00	395.00	396.00	396.00	396.00	395.00	395.00	394.00	393.00	393.00	390.00	390.00	390.00	390.00	383.00	381.00	381.00	380.00	379.00	377.00	376.00	377.00	375.00	374.00	370.00	368.00	368.00
308.00	309.00	315.00	317.00	317.00	320.00	325.00	329.00	333.00	338.00	343.00	348.00	343.00	343.00	349.00	354.00	354.00	345.00	334.00	340.00	347.00	345.00	335.00	330.00	329.00	328.00	334.00	335.00	335.00	334.00	337.00	337.00	338.00	340.00	343.00	345.00	349.00	352.00	354.00	356.00	362.00	366.00	368.00	371.00	373.00	380.00	382.00	384.00	385.00	407.00	432.00	432.00	423.00	464.00	473.00	438.00	436.00	438.00	455.00	452.00	490.00	534.00	492.00	514.00	532.00	527.00	509.00	522.00	518.00	486.00	474.00	461.00	457.00	453.00	455.00	457.00	455.00	465.00	469.00	461.00	475.00	464.00	465.00	465.00	461.00	458.00	466.00	475.00	502.00	495.00	494.00	488.00	488.00	490.00	516.00	541.00	543.00	496.00	514.00	482.00	460.00	456.00	446.00	438.00	441.00	444.00	445.00	453.00	456.00	476.00	476.00	473.00	515.00	507.00	476.00	474.00	454.00	447.00	441.00	435.00	430.00	419.00	418.00	418.00	414.00	407.00	406.00	404.00	404.00	405.00	448.00	493.00	449.00	439.00	430.00	424.00	417.00	417.00	420.00	422.00	420.00	417.00	419.00	417.00	417.00	415.00	418.00	414.00	414.00	414.00	411.00	409.00	407.00	407.00	408.00	423.00	412.00	402.00	400.00	397.00	396.00	394.00	396.00	395.00	393.00	392.00	390.00	391.00	390.00	391.00	386.00	385.00	385.00	387.00	389.00	390.00	391.00	392.00	392.00	397.00	401.00	404.00	407.00	409.00	418.00	421.00	422.00	428.00	454.00	459.00	446.00	486.00	510.00	484.00	470.00	438.00	434.00	419.00	420.00	414.00	407.00	403.00	402.00	403.00	404.00	404.00	406.00	409.00	409.00	412.00	425.00	456.00	465.00	474.00	423.00	422.00	414.00	409.00	405.00	402.00	402.00	405.00	401.00	396.00	393.00	393.00	393.00	393.00	393.00	393.00	393.00	394.00	394.00	394.00	393.00	393.00	394.00	391.00	390.00	389.00	387.00	386.00	384.00	381.00	379.00	378.00	378.00	379.00	376.00	375.00	375.00	373.00	371.00	370.00	371.00	367.00
308.00	309.00	315.00	317.00	317.00	320.00	325.00	329.00	333.00	338.00	343.00	348.00	343.00	343.00	349.00	354.00	354.00	345.00	334.00	340.00	347.00	345.00	335.00	330.00	329.00	328.00	334.00	335.00	335.00	334.00	337.00	337.00	338.00	340.00	343.00	345.00	349.00	352.00	354.00	356.00	362.00	366.00	368.00	371.00	373.00	380.00	382.00	384.00	385.00	407.00	432.00	432.00	423.00	464.00	473.00	438.00	436.00	438.00	455.00	452.00	490.00	534.00	492.00	514.00	532.00	527.00	509.00	522.00	518.00	486.00	474.00	461.00	457.00	453.00	455.00	457.00	455.00	465.00	469.00	461.00	475.00	464.00	465.00	465.00	461.00	458.00	466.00	475.00	502.00	495.00	494.00	488.00	488.00	490.00	516.00	541.00	543.00	496.00	514.00	482.00	460.00	456.00	446.00	438.00	441.00	444.00	445.00	453.00	456.00	476.00	476.00	473.00	515.00	507.00	476.00	474.00	454.00	447.00	441.00	435.00	430.00	419.00	418.00	418.00	414.00	407.00	406.00	404.00	404.00	405.00	448.00	493.00	449.00	439.00	430.00	424.00	417.00	417.00	420.00	422.00	420.00	417.00	419.00	417.00	417.00	415.00	418.00	414.00	414.00	414.00	411.00	409.00	407.00	407.00	408.00	423.00	412.00	402.00	400.00	397.00	396.00	394.00	396.00	395.00	393.00	392.00	390.00	391.00	390.00	391.00	386.00	385.00	385.00	387.00	389.00	390.00	391.00	392.00	392.00	397.00	401.00	404.00	407.00	409.00	418.00	421.00	422.00	428.00	454.00	459.00	446.00	486.00	510.00	484.00	470.00	438.00	434.00	419.00	420.00	414.00	407.00	403.00	402.00	403.00	404.00	404.00	406.00	409.00	409.00	412.00	425.00	456.00	465.00	474.00	423.00	422.00	414.00	409.00	405.00	402.00	402.00	405.00	401.00	396.00	393.00	393.00	393.00	393.00	393.00	393.00	393.00	394.00	394.00	394.00	393.00	393.00	394.00	391.00	390.00	389.00	387.00	386.00	384.00	381.00	379.00	378.00	378.00	379.00	376.00	375.00	375.00	373.00	371.00	370.00	371.00	367.00
306.00	307.00	312.00	314.00	318.00	320.00	323.00	328.00	331.00	339.00	343.00	347.00	345.00	348.00	351.00	356.00	356.00	348.00	336.00	342.00	350.00	347.00	336.00	331.00	330.00	335.00	367.00	335.00	335.00	337.00	339.00	339.00	339.00	341.00	345.00	347.00	352.00	354.00	356.00	359.00	366.00	375.00	372.00	372.00	374.00	382.00	384.00	385.00	387.00	400.00	421.00	463.00	472.00	474.00	489.00	473.00	465.00	468.00	486.00	468.00	492.00	517.00	490.00	511.00	497.00	523.00	528.00	512.00	499.00	488.00	474.00	460.00	455.00	451.00	448.00	446.00	452.00	454.00	459.00	468.00	460.00	454.00	454.00	457.00	456.00	455.00	465.00	478.00	487.00	502.00	511.00	498.00	497.00	496.00	522.00	527.00	540.00	512.00	501.00	467.00	463.00	450.00	448.00	434.00	434.00	438.00	441.00	445.00	447.00	458.00	481.00	466.00	476.00	524.00	510.00	516.00	487.00	460.00	451.00	442.00	433.00	422.00	418.00	413.00	414.00	408.00	410.00	405.00	405.00	408.00	471.00	436.00	431.00	428.00	424.00	423.00	419.00	417.00	421.00	418.00	418.00	417.00	415.00	414.00	414.00	413.00	414.00	414.00	417.00	414.00	413.00	412.00	406.00	409.00	430.00	412.00	407.00	400.00	398.00	396.00	394.00	393.00	395.00	395.00	391.00	391.00	389.00	390.00	388.00	386.00	385.00	385.00	385.00	386.00	388.00	390.00	391.00	392.00	393.00	397.00	403.00	403.00	408.00	410.00	419.00	423.00	440.00	433.00	436.00	437.00	442.00	499.00	521.00	502.00	478.00	432.00	427.00	420.00	436.00	411.00	405.00	400.00	401.00	402.00	403.00	402.00	405.00	407.00	408.00	412.00	424.00	446.00	437.00	467.00	420.00	412.00	409.00	405.00	403.00	399.00	398.00	397.00	396.00	394.00	393.00	392.00	391.00	391.00	391.00	393.00	392.00	393.00	393.00	393.00	394.00	392.00	392.00	390.00	389.00	388.00	386.00	385.00	384.00	381.00	380.00	379.00	376.00	377.00	378.00	376.00	375.00	372.00	369.00	370.00	370.00	367.00
304.00	308.00	314.00	319.00	322.00	323.00	325.00	329.00	333.00	340.00	348.00	353.00	349.00	352.00	355.00	355.00	353.00	349.00	339.00	346.00	350.00	346.00	337.00	331.00	330.00	346.00	365.00	337.00	337.00	339.00	341.00	342.00	343.00	343.00	348.00	350.00	355.00	357.00	359.00	361.00	370.00	379.00	380.00	379.00	381.00	387.00	389.00	388.00	388.00	394.00	399.00	422.00	457.00	428.00	452.00	517.00	527.00	520.00	487.00	523.00	508.00	496.00	485.00	481.00	483.00	502.00	527.00	495.00	486.00	478.00	472.00	461.00	456.00	451.00	447.00	445.00	444.00	449.00	457.00	453.00	453.00	448.00	449.00	452.00	450.00	457.00	466.00	495.00	534.00	509.00	525.00	523.00	514.00	510.00	513.00	520.00	528.00	543.00	480.00	458.00	452.00	451.00	448.00	433.00	434.00	433.00	436.00	439.00	443.00	452.00	477.00	469.00	473.00	467.00	470.00	483.00	499.00	517.00	500.00	454.00	439.00	422.00	417.00	414.00	412.00	412.00	410.00	408.00	407.00	413.00	427.00	423.00	423.00	423.00	422.00	418.00	416.00	415.00	420.00	417.00	415.00	414.00	414.00	412.00	411.00	411.00	412.00	414.00	414.00	413.00	411.00	410.00	404.00	406.00	428.00	415.00	402.00	400.00	397.00	395.00	391.00	391.00	392.00	393.00	391.00	390.00	389.00	386.00	386.00	386.00	385.00	385.00	386.00	388.00	389.00	389.00	391.00	391.00	391.00	395.00	400.00	404.00	407.00	409.00	421.00	436.00	439.00	439.00	444.00	449.00	444.00	491.00	534.00	496.00	469.00	425.00	443.00	416.00	421.00	408.00	404.00	400.00	400.00	402.00	407.00	403.00	410.00	410.00	408.00	411.00	418.00	425.00	422.00	444.00	417.00	408.00	406.00	404.00	400.00	398.00	397.00	395.00	393.00	392.00	391.00	390.00	391.00	391.00	391.00	391.00	391.00	391.00	392.00	392.00	392.00	391.00	391.00	389.00	389.00	387.00	386.00	386.00	388.00	381.00	378.00	378.00	376.00	375.00	374.00	374.00	375.00	371.00	371.00	369.00	369.00	368.00
309.00	310.00	313.00	317.00	327.00	331.00	335.00	333.00	335.00	340.00	344.00	345.00	347.00	356.00	353.00	350.00	349.00	349.00	347.00	348.00	353.00	349.00	338.00	333.00	347.00	344.00	341.00	339.00	339.00	344.00	345.00	346.00	347.00	348.00	351.00	355.00	365.00	365.00	366.00	367.00	374.00	381.00	387.00	392.00	419.00	417.00	406.00	401.00	404.00	410.00	403.00	402.00	405.00	412.00	438.00	447.00	474.00	486.00	493.00	481.00	476.00	482.00	477.00	495.00	486.00	517.00	536.00	506.00	490.00	479.00	470.00	458.00	461.00	452.00	446.00	443.00	455.00	486.00	467.00	448.00	442.00	441.00	443.00	446.00	449.00	458.00	457.00	462.00	483.00	492.00	480.00	489.00	510.00	508.00	524.00	495.00	501.00	474.00	457.00	451.00	447.00	439.00	435.00	425.00	427.00	427.00	425.00	435.00	444.00	460.00	475.00	464.00	449.00	446.00	446.00	444.00	444.00	447.00	448.00	442.00	435.00	422.00	421.00	419.00	417.00	414.00	411.00	410.00	408.00	412.00	422.00	418.00	417.00	416.00	415.00	414.00	412.00	413.00	418.00	414.00	412.00	411.00	410.00	408.00	409.00	411.00	411.00	414.00	410.00	405.00	404.00	402.00	399.00	399.00	400.00	397.00	396.00	395.00	394.00	395.00	391.00	389.00	388.00	387.00	387.00	387.00	387.00	384.00	384.00	383.00	383.00	383.00	384.00	385.00	388.00	395.00	393.00	389.00	391.00	394.00	397.00	399.00	402.00	405.00	420.00	429.00	476.00	467.00	462.00	516.00	461.00	474.00	470.00	434.00	424.00	419.00	415.00	409.00	408.00	405.00	403.00	398.00	398.00	398.00	397.00	398.00	410.00	405.00	402.00	404.00	411.00	410.00	412.00	414.00	408.00	403.00	405.00	400.00	397.00	393.00	393.00	392.00	391.00	389.00	388.00	388.00	389.00	388.00	388.00	388.00	388.00	390.00	390.00	390.00	389.00	390.00	390.00	388.00	387.00	386.00	386.00	385.00	386.00	381.00	378.00	378.00	375.00	375.00	374.00	373.00	372.00	370.00	369.00	368.00	368.00	368.00
313.00	315.00	315.00	316.00	325.00	329.00	335.00	332.00	331.00	337.00	344.00	340.00	345.00	348.00	351.00	353.00	353.00	351.00	354.00	356.00	356.00	350.00	339.00	335.00	338.00	339.00	343.00	341.00	342.00	344.00	347.00	348.00	348.00	350.00	354.00	355.00	367.00	374.00	370.00	371.00	377.00	390.00	399.00	399.00	424.00	435.00	417.00	409.00	437.00	438.00	415.00	405.00	405.00	408.00	459.00	509.00	507.00	485.00	474.00	478.00	471.00	468.00	505.00	485.00	489.00	516.00	541.00	510.00	490.00	481.00	474.00	464.00	466.00	455.00	450.00	442.00	480.00	465.00	452.00	449.00	437.00	441.00	442.00	446.00	451.00	452.00	452.00	455.00	464.00	477.00	478.00	491.00	492.00	476.00	527.00	480.00	472.00	459.00	452.00	448.00	448.00	447.00	435.00	428.00	424.00	423.00	424.00	438.00	456.00	466.00	455.00	445.00	440.00	440.00	439.00	437.00	433.00	432.00	433.00	430.00	425.00	422.00	427.00	422.00	418.00	413.00	415.00	417.00	409.00	414.00	419.00	419.00	414.00	415.00	415.00	411.00	409.00	411.00	414.00	412.00	412.00	411.00	409.00	408.00	407.00	408.00	409.00	410.00	411.00	406.00	404.00	402.00	398.00	398.00	395.00	395.00	395.00	392.00	392.00	392.00	390.00	388.00	387.00	387.00	386.00	386.00	384.00	383.00	383.00	382.00	383.00	382.00	382.00	384.00	389.00	395.00	391.00	389.00	389.00	392.00	395.00	398.00	402.00	405.00	412.00	413.00	421.00	421.00	431.00	470.00	444.00	435.00	453.00	477.00	425.00	422.00	414.00	423.00	411.00	406.00	402.00	397.00	397.00	396.00	398.00	397.00	398.00	400.00	399.00	403.00	412.00	407.00	414.00	423.00	415.00	401.00	399.00	397.00	396.00	392.00	391.00	391.00	391.00	388.00	387.00	387.00	386.00	387.00	387.00	387.00	389.00	389.00	389.00	388.00	389.00	389.00	388.00	388.00	388.00	387.00	385.00	384.00	383.00	380.00	379.00	378.00	375.00	373.00	373.00	372.00	371.00	371.00	370.00	368.00	366.00	367.00
318.00	319.00	319.00	319.00	327.00	328.00	329.00	330.00	330.00	336.00	336.00	336.00	338.00	347.00	351.00	351.00	354.00	356.00	359.00	357.00	352.00	345.00	339.00	336.00	338.00	339.00	340.00	347.00	345.00	346.00	348.00	351.00	352.00	352.00	357.00	358.00	365.00	371.00	378.00	376.00	381.00	396.00	416.00	415.00	420.00	493.00	430.00	416.00	421.00	489.00	431.00	414.00	409.00	410.00	453.00	482.00	509.00	512.00	479.00	476.00	471.00	460.00	476.00	485.00	494.00	537.00	543.00	492.00	484.00	478.00	472.00	475.00	478.00	468.00	455.00	447.00	447.00	440.00	442.00	444.00	437.00	437.00	440.00	443.00	441.00	447.00	451.00	455.00	463.00	489.00	495.00	483.00	476.00	464.00	500.00	515.00	512.00	462.00	461.00	450.00	442.00	437.00	436.00	429.00	426.00	421.00	422.00	435.00	446.00	444.00	439.00	435.00	440.00	434.00	442.00	437.00	429.00	424.00	425.00	422.00	420.00	424.00	430.00	427.00	418.00	415.00	418.00	421.00	423.00	421.00	419.00	416.00	413.00	413.00	413.00	413.00	408.00	408.00	410.00	413.00	412.00	410.00	409.00	407.00	407.00	407.00	407.00	408.00	411.00	405.00	403.00	402.00	397.00	395.00	395.00	395.00	393.00	392.00	390.00	389.00	388.00	386.00	386.00	385.00	385.00	384.00	382.00	382.00	383.00	381.00	381.00	382.00	382.00	383.00	387.00	389.00	388.00	386.00	388.00	388.00	392.00	394.00	396.00	401.00	405.00	410.00	413.00	427.00	448.00	463.00	443.00	428.00	445.00	433.00	426.00	426.00	412.00	422.00	441.00	414.00	407.00	396.00	395.00	397.00	396.00	396.00	397.00	398.00	400.00	401.00	402.00	405.00	412.00	450.00	431.00	400.00	396.00	396.00	394.00	390.00	389.00	389.00	388.00	387.00	387.00	386.00	386.00	386.00	386.00	386.00	388.00	387.00	388.00	389.00	388.00	387.00	387.00	386.00	386.00	387.00	384.00	383.00	380.00	380.00	378.00	377.00	374.00	373.00	372.00	371.00	371.00	371.00	369.00	368.00	366.00	366.00
314.00	314.00	324.00	322.00	325.00	322.00	324.00	325.00	328.00	329.00	334.00	341.00	347.00	346.00	346.00	348.00	354.00	357.00	357.00	352.00	347.00	342.00	339.00	340.00	340.00	341.00	341.00	350.00	349.00	347.00	350.00	353.00	354.00	356.00	360.00	362.00	368.00	378.00	389.00	382.00	385.00	399.00	419.00	436.00	422.00	465.00	432.00	425.00	425.00	482.00	450.00	424.00	414.00	412.00	431.00	444.00	455.00	498.00	473.00	456.00	454.00	478.00	483.00	483.00	499.00	544.00	529.00	494.00	482.00	480.00	474.00	482.00	490.00	495.00	476.00	463.00	434.00	433.00	435.00	439.00	434.00	436.00	438.00	437.00	439.00	443.00	450.00	452.00	457.00	475.00	463.00	487.00	473.00	457.00	467.00	530.00	516.00	467.00	510.00	457.00	444.00	436.00	432.00	428.00	422.00	420.00	421.00	436.00	431.00	428.00	433.00	429.00	432.00	430.00	430.00	435.00	433.00	424.00	420.00	417.00	416.00	422.00	423.00	428.00	422.00	414.00	417.00	417.00	422.00	420.00	418.00	417.00	413.00	410.00	409.00	408.00	407.00	405.00	406.00	412.00	411.00	410.00	409.00	405.00	405.00	406.00	408.00	408.00	408.00	402.00	401.00	400.00	395.00	395.00	394.00	392.00	391.00	390.00	390.00	388.00	388.00	386.00	385.00	385.00	383.00	384.00	382.00	382.00	382.00	381.00	381.00	380.00	382.00	383.00	386.00	387.00	388.00	388.00	387.00	388.00	391.00	393.00	396.00	398.00	404.00	419.00	432.00	423.00	415.00	418.00	419.00	423.00	426.00	424.00	413.00	410.00	409.00	421.00	430.00	430.00	417.00	396.00	394.00	394.00	395.00	395.00	396.00	398.00	399.00	398.00	399.00	401.00	402.00	406.00	405.00	398.00	396.00	394.00	391.00	389.00	388.00	389.00	387.00	386.00	385.00	386.00	386.00	385.00	386.00	384.00	385.00	386.00	387.00	389.00	387.00	387.00	387.00	385.00	386.00	385.00	384.00	382.00	382.00	380.00	377.00	376.00	374.00	373.00	372.00	372.00	371.00	369.00	369.00	368.00	366.00	364.00
311.00	314.00	319.00	318.00	321.00	318.00	320.00	322.00	325.00	333.00	339.00	346.00	350.00	346.00	345.00	347.00	351.00	358.00	357.00	357.00	348.00	342.00	343.00	344.00	344.00	345.00	345.00	347.00	350.00	352.00	351.00	356.00	356.00	358.00	362.00	365.00	372.00	379.00	398.00	396.00	386.00	391.00	398.00	409.00	413.00	482.00	445.00	483.00	441.00	495.00	471.00	432.00	421.00	417.00	423.00	429.00	430.00	442.00	474.00	450.00	455.00	463.00	486.00	469.00	477.00	539.00	514.00	492.00	489.00	480.00	482.00	465.00	472.00	497.00	477.00	455.00	429.00	429.00	431.00	433.00	433.00	434.00	434.00	436.00	438.00	441.00	445.00	447.00	452.00	452.00	451.00	461.00	455.00	451.00	468.00	494.00	524.00	497.00	539.00	481.00	445.00	434.00	430.00	425.00	427.00	425.00	415.00	423.00	421.00	424.00	426.00	426.00	428.00	427.00	427.00	435.00	436.00	426.00	423.00	417.00	414.00	416.00	418.00	422.00	424.00	421.00	418.00	417.00	420.00	418.00	417.00	416.00	414.00	412.00	405.00	405.00	405.00	402.00	404.00	409.00	410.00	411.00	409.00	404.00	404.00	404.00	407.00	408.00	411.00	402.00	400.00	397.00	398.00	393.00	391.00	392.00	390.00	389.00	389.00	387.00	385.00	385.00	384.00	383.00	383.00	383.00	382.00	381.00	381.00	379.00	380.00	380.00	382.00	382.00	381.00	384.00	385.00	384.00	386.00	389.00	389.00	391.00	393.00	395.00	400.00	406.00	461.00	454.00	419.00	421.00	414.00	416.00	413.00	413.00	409.00	408.00	410.00	445.00	437.00	459.00	429.00	396.00	393.00	394.00	394.00	394.00	395.00	396.00	397.00	396.00	397.00	397.00	399.00	399.00	400.00	403.00	398.00	392.00	391.00	387.00	387.00	387.00	385.00	386.00	384.00	385.00	384.00	384.00	384.00	385.00	385.00	384.00	386.00	390.00	388.00	387.00	386.00	385.00	384.00	384.00	382.00	381.00	379.00	379.00	377.00	376.00	373.00	371.00	372.00	372.00	371.00	369.00	368.00	367.00	364.00	363.00
310.00	311.00	315.00	315.00	317.00	318.00	320.00	323.00	326.00	344.00	350.00	351.00	349.00	344.00	341.00	346.00	353.00	358.00	359.00	351.00	346.00	346.00	348.00	347.00	348.00	348.00	348.00	348.00	349.00	352.00	356.00	356.00	359.00	361.00	365.00	368.00	375.00	380.00	391.00	403.00	392.00	392.00	397.00	402.00	408.00	487.00	510.00	519.00	512.00	510.00	492.00	440.00	426.00	422.00	422.00	424.00	427.00	432.00	479.00	442.00	445.00	447.00	456.00	466.00	492.00	527.00	500.00	494.00	488.00	492.00	497.00	457.00	451.00	453.00	455.00	443.00	429.00	429.00	427.00	430.00	432.00	433.00	434.00	434.00	433.00	439.00	448.00	447.00	442.00	441.00	442.00	442.00	448.00	445.00	457.00	472.00	509.00	536.00	534.00	478.00	442.00	434.00	427.00	432.00	430.00	427.00	415.00	415.00	419.00	419.00	422.00	430.00	424.00	423.00	423.00	425.00	429.00	418.00	417.00	417.00	412.00	412.00	414.00	417.00	419.00	421.00	419.00	418.00	414.00	414.00	415.00	415.00	415.00	411.00	406.00	403.00	402.00	403.00	399.00	407.00	409.00	409.00	408.00	402.00	404.00	404.00	408.00	409.00	409.00	401.00	398.00	398.00	396.00	395.00	394.00	392.00	390.00	388.00	388.00	385.00	385.00	383.00	383.00	382.00	381.00	382.00	380.00	380.00	380.00	379.00	379.00	379.00	379.00	381.00	382.00	384.00	384.00	384.00	385.00	387.00	391.00	390.00	391.00	393.00	396.00	400.00	412.00	404.00	408.00	409.00	409.00	412.00	409.00	407.00	405.00	406.00	411.00	429.00	425.00	473.00	431.00	395.00	394.00	392.00	392.00	392.00	392.00	394.00	393.00	394.00	395.00	395.00	396.00	396.00	398.00	427.00	397.00	391.00	389.00	387.00	386.00	385.00	384.00	383.00	384.00	383.00	383.00	383.00	384.00	383.00	384.00	384.00	383.00	396.00	400.00	388.00	385.00	384.00	384.00	382.00	383.00	382.00	378.00	377.00	376.00	375.00	373.00	372.00	371.00	370.00	369.00	368.00	367.00	366.00	365.00	363.00
307.00	309.00	312.00	312.00	316.00	319.00	320.00	324.00	328.00	339.00	344.00	348.00	350.00	339.00	341.00	348.00	352.00	353.00	351.00	350.00	350.00	352.00	353.00	351.00	351.00	351.00	352.00	350.00	353.00	355.00	358.00	360.00	360.00	363.00	367.00	370.00	376.00	387.00	399.00	407.00	403.00	400.00	402.00	430.00	421.00	503.00	511.00	513.00	504.00	522.00	504.00	442.00	431.00	437.00	427.00	427.00	443.00	438.00	448.00	440.00	451.00	450.00	451.00	484.00	516.00	537.00	505.00	493.00	500.00	504.00	512.00	454.00	444.00	443.00	444.00	438.00	427.00	425.00	427.00	428.00	446.00	443.00	442.00	435.00	430.00	437.00	449.00	455.00	440.00	434.00	437.00	437.00	441.00	445.00	455.00	474.00	479.00	515.00	529.00	454.00	437.00	430.00	427.00	429.00	425.00	427.00	423.00	413.00	415.00	416.00	425.00	430.00	421.00	420.00	418.00	419.00	418.00	414.00	411.00	413.00	410.00	413.00	411.00	418.00	422.00	419.00	420.00	419.00	414.00	412.00	413.00	413.00	412.00	412.00	405.00	404.00	401.00	399.00	399.00	403.00	406.00	406.00	404.00	401.00	402.00	403.00	407.00	405.00	406.00	401.00	398.00	395.00	394.00	393.00	392.00	391.00	390.00	388.00	387.00	385.00	384.00	382.00	382.00	382.00	381.00	381.00	379.00	380.00	379.00	377.00	379.00	377.00	377.00	377.00	379.00	379.00	381.00	380.00	381.00	385.00	386.00	389.00	390.00	390.00	391.00	396.00	397.00	399.00	402.00	404.00	404.00	412.00	408.00	403.00	402.00	403.00	405.00	417.00	417.00	463.00	477.00	396.00	394.00	393.00	391.00	392.00	391.00	392.00	392.00	392.00	392.00	393.00	394.00	393.00	395.00	395.00	393.00	389.00	389.00	384.00	384.00	384.00	382.00	383.00	383.00	382.00	381.00	382.00	382.00	383.00	383.00	383.00	383.00	393.00	401.00	387.00	385.00	384.00	382.00	382.00	381.00	381.00	379.00	377.00	376.00	375.00	373.00	371.00	371.00	371.00	370.00	368.00	366.00	366.00	364.00	363.00
306.00	308.00	312.00	314.00	320.00	321.00	324.00	327.00	336.00	342.00	350.00	352.00	352.00	337.00	343.00	348.00	345.00	346.00	358.00	356.00	360.00	360.00	356.00	353.00	354.00	355.00	354.00	355.00	355.00	358.00	361.00	362.00	363.00	364.00	370.00	371.00	378.00	386.00	407.00	440.00	435.00	422.00	412.00	450.00	444.00	450.00	465.00	447.00	474.00	516.00	477.00	439.00	436.00	475.00	436.00	435.00	470.00	483.00	440.00	441.00	441.00	441.00	471.00	484.00	503.00	515.00	511.00	509.00	505.00	488.00	497.00	450.00	450.00	450.00	440.00	436.00	426.00	424.00	425.00	427.00	427.00	429.00	430.00	429.00	429.00	431.00	435.00	439.00	430.00	429.00	431.00	434.00	440.00	447.00	459.00	466.00	460.00	463.00	491.00	445.00	432.00	428.00	437.00	428.00	426.00	416.00	417.00	411.00	413.00	415.00	424.00	426.00	417.00	416.00	415.00	414.00	412.00	410.00	407.00	410.00	409.00	408.00	410.00	415.00	422.00	421.00	419.00	421.00	416.00	414.00	409.00	408.00	410.00	409.00	407.00	405.00	403.00	401.00	399.00	402.00	402.00	403.00	403.00	400.00	401.00	402.00	402.00	403.00	402.00	402.00	399.00	396.00	396.00	394.00	393.00	390.00	389.00	388.00	386.00	385.00	383.00	382.00	379.00	381.00	382.00	379.00	378.00	378.00	378.00	375.00	377.00	374.00	377.00	375.00	377.00	380.00	380.00	377.00	380.00	382.00	382.00	383.00	386.00	387.00	389.00	392.00	395.00	396.00	398.00	400.00	400.00	407.00	406.00	403.00	401.00	403.00	417.00	412.00	410.00	416.00	444.00	395.00	393.00	391.00	389.00	391.00	390.00	390.00	389.00	389.00	389.00	389.00	391.00	391.00	391.00	389.00	388.00	388.00	386.00	384.00	383.00	383.00	382.00	380.00	380.00	381.00	380.00	381.00	381.00	382.00	382.00	382.00	382.00	384.00	384.00	384.00	388.00	383.00	383.00	381.00	381.00	380.00	379.00	377.00	376.00	375.00	372.00	371.00	370.00	370.00	370.00	367.00	367.00	366.00	363.00	361.00
307.00	309.00	311.00	312.00	317.00	321.00	322.00	325.00	337.00	344.00	351.00	338.00	332.00	335.00	335.00	336.00	343.00	342.00	350.00	356.00	360.00	360.00	361.00	361.00	361.00	362.00	361.00	364.00	366.00	365.00	374.00	375.00	371.00	369.00	379.00	386.00	381.00	384.00	388.00	392.00	410.00	465.00	506.00	511.00	474.00	517.00	508.00	523.00	524.00	497.00	455.00	483.00	512.00	522.00	471.00	517.00	503.00	457.00	441.00	469.00	483.00	471.00	518.00	526.00	500.00	487.00	479.00	481.00	467.00	457.00	450.00	439.00	443.00	445.00	440.00	442.00	426.00	421.00	421.00	420.00	419.00	420.00	419.00	422.00	426.00	415.00	417.00	419.00	421.00	426.00	429.00	434.00	439.00	449.00	489.00	451.00	440.00	462.00	448.00	437.00	425.00	421.00	417.00	410.00	410.00	409.00	407.00	409.00	423.00	423.00	413.00	408.00	410.00	412.00	413.00	408.00	407.00	405.00	404.00	407.00	404.00	406.00	411.00	415.00	420.00	425.00	425.00	424.00	419.00	418.00	413.00	410.00	406.00	404.00	403.00	403.00	402.00	401.00	400.00	397.00	396.00	397.00	400.00	398.00	399.00	401.00	403.00	402.00	401.00	403.00	402.00	401.00	396.00	393.00	393.00	389.00	389.00	389.00	386.00	386.00	382.00	379.00	378.00	377.00	376.00	377.00	378.00	376.00	376.00	375.00	374.00	375.00	374.00	373.00	372.00	375.00	374.00	374.00	373.00	375.00	379.00	380.00	381.00	382.00	385.00	387.00	389.00	391.00	393.00	392.00	395.00	431.00	423.00	397.00	400.00	407.00	451.00	543.00	491.00	409.00	410.00	395.00	392.00	389.00	388.00	403.00	388.00	388.00	387.00	385.00	385.00	385.00	386.00	391.00	386.00	389.00	382.00	382.00	381.00	381.00	380.00	380.00	380.00	378.00	379.00	378.00	379.00	379.00	380.00	380.00	379.00	380.00	385.00	380.00	380.00	380.00	380.00	380.00	380.00	380.00	380.00	380.00	378.00	376.00	374.00	374.00	372.00	371.00	370.00	370.00	369.00	367.00	366.00	366.00	364.00	362.00
309.00	308.00	316.00	315.00	316.00	315.00	316.00	321.00	326.00	339.00	337.00	330.00	328.00	333.00	336.00	338.00	347.00	348.00	348.00	348.00	351.00	353.00	359.00	365.00	364.00	364.00	367.00	370.00	373.00	378.00	376.00	381.00	375.00	378.00	378.00	387.00	393.00	396.00	393.00	392.00	401.00	415.00	493.00	513.00	512.00	521.00	521.00	521.00	520.00	517.00	494.00	526.00	520.00	527.00	501.00	516.00	468.00	446.00	462.00	488.00	478.00	464.00	548.00	528.00	514.00	503.00	473.00	461.00	458.00	453.00	454.00	442.00	439.00	436.00	433.00	437.00	420.00	418.00	417.00	419.00	418.00	419.00	417.00	413.00	413.00	411.00	415.00	417.00	418.00	423.00	425.00	431.00	435.00	429.00	443.00	444.00	441.00	430.00	467.00	444.00	425.00	416.00	410.00	407.00	405.00	407.00	406.00	421.00	424.00	410.00	407.00	404.00	408.00	409.00	411.00	406.00	405.00	406.00	402.00	404.00	402.00	408.00	411.00	417.00	423.00	427.00	425.00	428.00	421.00	423.00	415.00	414.00	410.00	404.00	400.00	399.00	399.00	397.00	397.00	394.00	395.00	393.00	395.00	398.00	399.00	400.00	401.00	401.00	401.00	401.00	401.00	400.00	398.00	395.00	393.00	390.00	391.00	385.00	385.00	386.00	382.00	378.00	377.00	376.00	376.00	376.00	376.00	376.00	374.00	374.00	373.00	373.00	371.00	371.00	372.00	372.00	371.00	371.00	371.00	374.00	375.00	378.00	378.00	377.00	382.00	385.00	386.00	388.00	392.00	392.00	396.00	407.00	396.00	395.00	400.00	411.00	423.00	502.00	429.00	428.00	496.00	397.00	393.00	387.00	393.00	393.00	387.00	386.00	385.00	386.00	383.00	383.00	383.00	382.00	400.00	384.00	382.00	380.00	379.00	379.00	379.00	379.00	378.00	378.00	377.00	378.00	378.00	377.00	379.00	378.00	377.00	379.00	380.00	377.00	378.00	379.00	378.00	379.00	378.00	382.00	380.00	377.00	378.00	375.00	375.00	373.00	371.00	371.00	371.00	371.00	369.00	367.00	366.00	365.00	363.00	361.00
312.00	311.00	313.00	319.00	323.00	321.00	321.00	322.00	334.00	326.00	326.00	328.00	330.00	338.00	344.00	341.00	342.00	347.00	351.00	354.00	353.00	356.00	360.00	367.00	367.00	368.00	371.00	381.00	383.00	384.00	388.00	384.00	381.00	390.00	382.00	385.00	412.00	435.00	403.00	398.00	401.00	407.00	440.00	459.00	444.00	516.00	484.00	459.00	467.00	525.00	524.00	528.00	531.00	532.00	522.00	478.00	452.00	449.00	488.00	516.00	469.00	480.00	545.00	533.00	529.00	508.00	488.00	460.00	456.00	457.00	455.00	451.00	436.00	433.00	436.00	426.00	419.00	416.00	416.00	415.00	416.00	415.00	415.00	412.00	410.00	409.00	412.00	415.00	417.00	422.00	422.00	429.00	426.00	421.00	434.00	438.00	440.00	427.00	439.00	437.00	423.00	414.00	408.00	405.00	403.00	405.00	402.00	422.00	421.00	412.00	409.00	404.00	405.00	406.00	411.00	406.00	407.00	404.00	399.00	401.00	403.00	408.00	413.00	418.00	423.00	429.00	430.00	426.00	426.00	422.00	417.00	414.00	411.00	407.00	401.00	401.00	399.00	398.00	396.00	392.00	391.00	393.00	392.00	397.00	398.00	398.00	398.00	399.00	399.00	399.00	399.00	398.00	398.00	396.00	394.00	392.00	390.00	384.00	384.00	384.00	382.00	379.00	375.00	375.00	374.00	376.00	375.00	375.00	374.00	375.00	371.00	371.00	372.00	371.00	371.00	370.00	371.00	370.00	370.00	371.00	376.00	376.00	376.00	377.00	382.00	384.00	384.00	386.00	389.00	390.00	408.00	396.00	395.00	395.00	405.00	422.00	413.00	418.00	420.00	497.00	513.00	403.00	391.00	388.00	387.00	387.00	386.00	385.00	384.00	384.00	383.00	382.00	382.00	382.00	381.00	379.00	378.00	380.00	378.00	378.00	377.00	377.00	376.00	376.00	376.00	376.00	376.00	378.00	377.00	376.00	377.00	377.00	376.00	376.00	377.00	379.00	379.00	377.00	377.00	378.00	378.00	377.00	377.00	375.00	373.00	373.00	371.00	371.00	370.00	370.00	368.00	365.00	364.00	364.00	363.00	360.00
316.00	312.00	313.00	318.00	327.00	326.00	328.00	332.00	339.00	328.00	328.00	330.00	334.00	344.00	353.00	349.00	345.00	345.00	360.00	360.00	359.00	362.00	361.00	369.00	370.00	370.00	372.00	391.00	396.00	392.00	401.00	391.00	387.00	393.00	390.00	394.00	415.00	433.00	410.00	407.00	406.00	406.00	410.00	414.00	437.00	455.00	434.00	437.00	447.00	528.00	530.00	531.00	533.00	534.00	467.00	458.00	451.00	458.00	508.00	492.00	477.00	485.00	525.00	519.00	523.00	510.00	487.00	479.00	463.00	464.00	467.00	462.00	444.00	434.00	428.00	426.00	416.00	415.00	414.00	414.00	413.00	414.00	413.00	412.00	408.00	407.00	412.00	413.00	416.00	416.00	419.00	424.00	413.00	413.00	426.00	429.00	436.00	424.00	421.00	420.00	418.00	413.00	408.00	403.00	401.00	401.00	400.00	409.00	417.00	415.00	411.00	407.00	404.00	404.00	405.00	404.00	402.00	398.00	397.00	402.00	405.00	411.00	414.00	415.00	419.00	429.00	431.00	432.00	432.00	425.00	415.00	414.00	411.00	408.00	401.00	398.00	398.00	398.00	396.00	392.00	390.00	392.00	392.00	396.00	397.00	396.00	398.00	398.00	399.00	399.00	397.00	399.00	396.00	394.00	392.00	390.00	388.00	384.00	381.00	382.00	382.00	377.00	376.00	375.00	373.00	373.00	372.00	374.00	374.00	372.00	370.00	371.00	369.00	370.00	369.00	369.00	369.00	372.00	369.00	369.00	372.00	373.00	375.00	376.00	381.00	380.00	382.00	382.00	386.00	388.00	411.00	399.00	394.00	391.00	399.00	405.00	403.00	420.00	450.00	469.00	477.00	416.00	390.00	387.00	386.00	386.00	384.00	384.00	383.00	383.00	381.00	380.00	386.00	380.00	380.00	379.00	378.00	376.00	376.00	377.00	376.00	377.00	375.00	375.00	375.00	376.00	375.00	376.00	376.00	377.00	376.00	377.00	375.00	375.00	375.00	386.00	378.00	377.00	376.00	377.00	377.00	376.00	376.00	374.00	373.00	372.00	370.00	369.00	369.00	368.00	367.00	365.00	364.00	364.00	362.00	361.00
320.00	315.00	315.00	320.00	328.00	334.00	337.00	340.00	336.00	335.00	332.00	334.00	336.00	344.00	346.00	356.00	359.00	357.00	361.00	362.00	364.00	364.00	362.00	369.00	373.00	374.00	376.00	381.00	386.00	388.00	394.00	402.00	401.00	428.00	481.00	451.00	435.00	432.00	462.00	450.00	425.00	431.00	423.00	421.00	459.00	435.00	494.00	523.00	523.00	519.00	531.00	533.00	530.00	523.00	460.00	457.00	460.00	461.00	507.00	502.00	505.00	504.00	516.00	525.00	501.00	503.00	481.00	462.00	457.00	448.00	454.00	436.00	432.00	437.00	428.00	422.00	415.00	412.00	410.00	410.00	408.00	411.00	409.00	406.00	405.00	404.00	407.00	407.00	410.00	412.00	411.00	408.00	413.00	426.00	451.00	428.00	419.00	422.00	414.00	416.00	419.00	415.00	410.00	400.00	398.00	395.00	396.00	413.00	418.00	430.00	409.00	395.00	398.00	399.00	399.00	398.00	393.00	399.00	403.00	407.00	416.00	418.00	424.00	427.00	433.00	437.00	436.00	442.00	432.00	429.00	420.00	418.00	414.00	409.00	403.00	401.00	396.00	395.00	395.00	393.00	393.00	389.00	387.00	390.00	394.00	395.00	395.00	395.00	396.00	397.00	397.00	397.00	397.00	395.00	395.00	393.00	389.00	386.00	384.00	380.00	377.00	374.00	373.00	373.00	371.00	371.00	369.00	370.00	371.00	369.00	370.00	368.00	368.00	368.00	367.00	367.00	365.00	367.00	368.00	369.00	370.00	373.00	372.00	374.00	376.00	377.00	379.00	379.00	382.00	384.00	386.00	395.00	405.00	388.00	389.00	391.00	398.00	431.00	414.00	409.00	452.00	389.00	386.00	384.00	384.00	384.00	381.00	381.00	381.00	381.00	379.00	379.00	379.00	379.00	378.00	378.00	376.00	375.00	377.00	374.00	373.00	374.00	373.00	372.00	373.00	374.00	377.00	383.00	376.00	375.00	375.00	375.00	374.00	374.00	374.00	374.00	374.00	375.00	374.00	374.00	374.00	374.00	375.00	373.00	372.00	370.00	368.00	367.00	367.00	366.00	365.00	363.00	362.00	361.00	360.00	358.00
322.00	319.00	315.00	317.00	326.00	328.00	328.00	331.00	331.00	329.00	332.00	334.00	335.00	342.00	354.00	354.00	352.00	357.00	355.00	360.00	363.00	362.00	363.00	369.00	374.00	375.00	378.00	382.00	386.00	392.00	397.00	430.00	409.00	424.00	451.00	429.00	462.00	462.00	510.00	468.00	428.00	444.00	463.00	426.00	452.00	445.00	449.00	515.00	526.00	529.00	534.00	535.00	529.00	492.00	463.00	463.00	490.00	473.00	508.00	513.00	523.00	520.00	517.00	499.00	506.00	489.00	476.00	464.00	450.00	446.00	457.00	437.00	427.00	426.00	422.00	419.00	412.00	411.00	408.00	407.00	409.00	409.00	405.00	402.00	402.00	402.00	403.00	404.00	405.00	408.00	408.00	405.00	409.00	418.00	438.00	420.00	413.00	418.00	411.00	408.00	413.00	408.00	403.00	396.00	396.00	396.00	397.00	409.00	407.00	401.00	396.00	391.00	396.00	397.00	398.00	397.00	392.00	402.00	405.00	408.00	413.00	422.00	426.00	436.00	447.00	461.00	447.00	439.00	430.00	428.00	419.00	415.00	414.00	411.00	402.00	402.00	395.00	393.00	394.00	393.00	393.00	390.00	388.00	385.00	390.00	392.00	393.00	395.00	397.00	398.00	397.00	396.00	398.00	396.00	393.00	392.00	390.00	383.00	383.00	381.00	378.00	374.00	373.00	371.00	369.00	370.00	369.00	371.00	369.00	370.00	368.00	367.00	367.00	368.00	368.00	366.00	366.00	365.00	366.00	367.00	370.00	372.00	372.00	372.00	375.00	376.00	378.00	378.00	380.00	383.00	386.00	388.00	387.00	387.00	388.00	387.00	398.00	407.00	424.00	406.00	396.00	401.00	384.00	383.00	383.00	384.00	381.00	380.00	380.00	380.00	379.00	379.00	378.00	378.00	377.00	377.00	374.00	374.00	392.00	373.00	374.00	372.00	372.00	371.00	372.00	374.00	378.00	399.00	376.00	375.00	375.00	374.00	373.00	372.00	373.00	372.00	372.00	373.00	374.00	374.00	373.00	373.00	374.00	373.00	371.00	369.00	367.00	367.00	366.00	365.00	364.00	363.00	362.00	362.00	359.00	358.00
330.00	326.00	318.00	317.00	320.00	322.00	323.00	324.00	325.00	334.00	336.00	338.00	341.00	349.00	350.00	347.00	350.00	354.00	353.00	355.00	356.00	358.00	362.00	369.00	374.00	378.00	382.00	386.00	388.00	391.00	397.00	406.00	408.00	419.00	419.00	420.00	430.00	446.00	478.00	512.00	437.00	482.00	517.00	461.00	435.00	517.00	465.00	487.00	528.00	532.00	533.00	532.00	524.00	482.00	464.00	463.00	467.00	483.00	513.00	520.00	535.00	529.00	520.00	489.00	509.00	511.00	472.00	458.00	454.00	460.00	454.00	438.00	429.00	424.00	420.00	417.00	410.00	410.00	409.00	405.00	406.00	402.00	400.00	400.00	400.00	400.00	401.00	403.00	401.00	406.00	403.00	402.00	407.00	412.00	414.00	409.00	414.00	414.00	410.00	406.00	406.00	407.00	397.00	392.00	393.00	395.00	396.00	397.00	398.00	394.00	392.00	390.00	393.00	395.00	396.00	396.00	393.00	403.00	404.00	408.00	424.00	434.00	436.00	446.00	462.00	494.00	457.00	447.00	431.00	427.00	418.00	418.00	414.00	410.00	406.00	401.00	396.00	393.00	391.00	392.00	391.00	390.00	387.00	384.00	386.00	388.00	393.00	393.00	396.00	398.00	398.00	396.00	397.00	399.00	395.00	391.00	388.00	388.00	384.00	382.00	378.00	374.00	372.00	370.00	370.00	367.00	369.00	369.00	369.00	367.00	368.00	365.00	365.00	366.00	366.00	368.00	366.00	365.00	364.00	368.00	369.00	371.00	370.00	371.00	375.00	374.00	376.00	377.00	382.00	384.00	397.00	392.00	385.00	383.00	384.00	383.00	383.00	386.00	390.00	391.00	392.00	385.00	382.00	381.00	381.00	381.00	382.00	381.00	380.00	378.00	379.00	378.00	378.00	377.00	377.00	376.00	374.00	374.00	375.00	373.00	373.00	371.00	370.00	370.00	372.00	373.00	374.00	376.00	374.00	374.00	372.00	373.00	372.00	372.00	371.00	371.00	371.00	373.00	373.00	373.00	372.00	372.00	371.00	371.00	370.00	369.00	366.00	367.00	365.00	363.00	363.00	362.00	362.00	361.00	360.00	357.00
333.00	332.00	330.00	324.00	323.00	323.00	323.00	323.00	325.00	333.00	337.00	337.00	341.00	346.00	343.00	344.00	347.00	349.00	350.00	351.00	354.00	357.00	361.00	370.00	374.00	379.00	386.00	391.00	390.00	394.00	395.00	405.00	408.00	410.00	417.00	423.00	429.00	431.00	439.00	475.00	478.00	510.00	520.00	509.00	439.00	523.00	516.00	483.00	509.00	534.00	531.00	523.00	508.00	485.00	474.00	470.00	467.00	496.00	513.00	520.00	524.00	520.00	497.00	480.00	498.00	484.00	459.00	458.00	457.00	445.00	442.00	434.00	426.00	421.00	418.00	414.00	408.00	407.00	406.00	403.00	405.00	401.00	397.00	398.00	398.00	398.00	398.00	400.00	399.00	402.00	402.00	400.00	401.00	404.00	405.00	406.00	410.00	403.00	407.00	402.00	403.00	399.00	394.00	390.00	393.00	395.00	395.00	398.00	396.00	393.00	391.00	389.00	391.00	393.00	394.00	396.00	392.00	398.00	403.00	411.00	437.00	439.00	436.00	448.00	460.00	477.00	471.00	457.00	432.00	431.00	417.00	415.00	413.00	410.00	403.00	398.00	393.00	390.00	389.00	389.00	390.00	389.00	386.00	383.00	385.00	386.00	391.00	393.00	396.00	395.00	396.00	396.00	397.00	398.00	396.00	393.00	390.00	399.00	387.00	383.00	377.00	374.00	373.00	371.00	370.00	369.00	368.00	367.00	370.00	368.00	365.00	366.00	363.00	364.00	366.00	366.00	365.00	364.00	367.00	367.00	369.00	368.00	369.00	369.00	373.00	374.00	375.00	376.00	380.00	383.00	419.00	394.00	385.00	381.00	381.00	381.00	380.00	383.00	386.00	389.00	388.00	383.00	381.00	380.00	382.00	380.00	379.00	380.00	380.00	379.00	378.00	378.00	376.00	377.00	376.00	376.00	374.00	372.00	373.00	370.00	371.00	370.00	369.00	370.00	371.00	371.00	371.00	372.00	372.00	373.00	372.00	372.00	371.00	371.00	371.00	370.00	370.00	371.00	372.00	371.00	370.00	370.00	380.00	370.00	369.00	368.00	367.00	365.00	363.00	362.00	362.00	361.00	361.00	361.00	359.00	357.00
328.00	333.00	345.00	337.00	335.00	332.00	331.00	329.00	329.00	330.00	331.00	332.00	334.00	338.00	340.00	340.00	343.00	344.00	349.00	352.00	355.00	358.00	363.00	368.00	372.00	375.00	378.00	388.00	393.00	401.00	407.00	471.00	475.00	469.00	430.00	434.00	488.00	481.00	459.00	446.00	520.00	522.00	522.00	508.00	450.00	484.00	516.00	526.00	531.00	528.00	527.00	515.00	495.00	499.00	481.00	500.00	478.00	506.00	512.00	525.00	534.00	537.00	471.00	456.00	458.00	457.00	452.00	448.00	441.00	434.00	432.00	424.00	421.00	416.00	413.00	410.00	405.00	403.00	404.00	401.00	401.00	397.00	395.00	395.00	396.00	404.00	401.00	398.00	395.00	397.00	394.00	395.00	396.00	399.00	400.00	408.00	403.00	393.00	396.00	397.00	396.00	394.00	394.00	390.00	391.00	393.00	392.00	394.00	392.00	391.00	390.00	390.00	391.00	393.00	392.00	388.00	392.00	409.00	410.00	410.00	417.00	425.00	436.00	452.00	448.00	430.00	430.00	428.00	422.00	422.00	427.00	417.00	411.00	406.00	399.00	395.00	393.00	389.00	387.00	385.00	385.00	386.00	384.00	385.00	381.00	384.00	387.00	389.00	395.00	393.00	393.00	394.00	396.00	394.00	392.00	393.00	391.00	406.00	387.00	384.00	376.00	375.00	374.00	373.00	370.00	367.00	365.00	366.00	366.00	366.00	366.00	363.00	362.00	363.00	363.00	362.00	362.00	366.00	364.00	365.00	367.00	365.00	367.00	366.00	367.00	370.00	372.00	372.00	375.00	379.00	382.00	382.00	380.00	377.00	379.00	376.00	377.00	382.00	403.00	402.00	384.00	407.00	379.00	378.00	380.00	382.00	396.00	383.00	381.00	380.00	378.00	377.00	375.00	375.00	374.00	372.00	371.00	370.00	370.00	370.00	369.00	368.00	367.00	368.00	369.00	370.00	369.00	370.00	370.00	370.00	370.00	370.00	369.00	369.00	369.00	369.00	369.00	368.00	368.00	370.00	370.00	369.00	366.00	367.00	367.00	367.00	365.00	362.00	362.00	362.00	361.00	361.00	360.00	360.00	359.00	355.00
328.00	335.00	347.00	340.00	337.00	334.00	335.00	333.00	337.00	335.00	331.00	333.00	332.00	338.00	340.00	343.00	345.00	346.00	351.00	353.00	359.00	367.00	365.00	368.00	371.00	375.00	378.00	390.00	394.00	400.00	407.00	454.00	465.00	495.00	475.00	437.00	490.00	511.00	463.00	453.00	502.00	516.00	524.00	493.00	464.00	527.00	525.00	530.00	533.00	525.00	516.00	502.00	495.00	506.00	495.00	518.00	493.00	520.00	518.00	527.00	539.00	539.00	465.00	454.00	454.00	447.00	448.00	444.00	437.00	431.00	428.00	421.00	417.00	415.00	411.00	407.00	403.00	403.00	402.00	401.00	400.00	395.00	395.00	394.00	393.00	400.00	403.00	398.00	392.00	394.00	392.00	391.00	393.00	394.00	396.00	405.00	400.00	389.00	391.00	397.00	395.00	389.00	386.00	389.00	391.00	391.00	390.00	391.00	394.00	392.00	388.00	387.00	388.00	391.00	387.00	385.00	397.00	408.00	422.00	425.00	415.00	425.00	429.00	434.00	437.00	425.00	423.00	420.00	418.00	417.00	418.00	412.00	408.00	404.00	397.00	394.00	390.00	388.00	387.00	384.00	383.00	383.00	383.00	382.00	381.00	384.00	386.00	388.00	396.00	395.00	392.00	392.00	391.00	391.00	391.00	392.00	399.00	385.00	385.00	381.00	375.00	375.00	374.00	371.00	369.00	368.00	365.00	366.00	364.00	367.00	364.00	362.00	361.00	361.00	360.00	360.00	362.00	362.00	363.00	362.00	364.00	364.00	364.00	363.00	367.00	367.00	369.00	370.00	373.00	375.00	376.00	380.00	377.00	376.00	376.00	376.00	375.00	375.00	379.00	380.00	381.00	389.00	380.00	377.00	381.00	390.00	389.00	387.00	386.00	385.00	382.00	381.00	375.00	375.00	374.00	372.00	370.00	370.00	369.00	369.00	368.00	365.00	366.00	366.00	368.00	369.00	368.00	369.00	369.00	369.00	369.00	369.00	369.00	367.00	368.00	369.00	369.00	368.00	367.00	368.00	366.00	367.00	365.00	365.00	364.00	365.00	365.00	362.00	362.00	362.00	361.00	359.00	359.00	359.00	357.00	356.00
327.00	332.00	342.00	345.00	341.00	342.00	342.00	338.00	344.00	341.00	334.00	332.00	334.00	340.00	341.00	342.00	344.00	346.00	352.00	354.00	356.00	363.00	367.00	371.00	374.00	379.00	384.00	389.00	395.00	399.00	408.00	421.00	437.00	496.00	511.00	466.00	481.00	495.00	471.00	459.00	463.00	498.00	524.00	523.00	494.00	528.00	530.00	530.00	530.00	526.00	515.00	517.00	504.00	516.00	531.00	518.00	514.00	536.00	524.00	535.00	535.00	508.00	470.00	464.00	451.00	442.00	440.00	436.00	433.00	429.00	426.00	420.00	416.00	414.00	411.00	407.00	401.00	400.00	400.00	400.00	396.00	397.00	395.00	392.00	391.00	395.00	400.00	396.00	393.00	390.00	389.00	389.00	390.00	389.00	391.00	402.00	398.00	385.00	389.00	391.00	394.00	389.00	383.00	388.00	389.00	388.00	389.00	394.00	395.00	392.00	391.00	388.00	386.00	387.00	383.00	387.00	394.00	405.00	414.00	433.00	427.00	418.00	423.00	424.00	427.00	420.00	419.00	420.00	414.00	419.00	414.00	408.00	407.00	402.00	396.00	391.00	387.00	386.00	384.00	382.00	381.00	384.00	381.00	380.00	381.00	384.00	385.00	386.00	392.00	393.00	393.00	391.00	388.00	389.00	388.00	387.00	391.00	388.00	408.00	389.00	376.00	372.00	372.00	370.00	368.00	365.00	362.00	365.00	365.00	364.00	362.00	362.00	361.00	361.00	360.00	363.00	362.00	361.00	362.00	361.00	361.00	361.00	362.00	363.00	363.00	367.00	367.00	368.00	371.00	371.00	374.00	374.00	375.00	373.00	374.00	374.00	373.00	374.00	375.00	378.00	381.00	386.00	379.00	376.00	381.00	387.00	389.00	392.00	413.00	401.00	385.00	381.00	375.00	375.00	374.00	372.00	371.00	370.00	368.00	367.00	366.00	366.00	364.00	367.00	367.00	367.00	368.00	368.00	368.00	367.00	368.00	367.00	367.00	367.00	367.00	376.00	367.00	367.00	366.00	366.00	366.00	366.00	366.00	363.00	364.00	364.00	364.00	363.00	362.00	361.00	360.00	359.00	357.00	356.00	356.00	354.00
325.00	330.00	339.00	350.00	344.00	347.00	348.00	344.00	354.00	342.00	337.00	334.00	334.00	341.00	342.00	346.00	345.00	349.00	353.00	354.00	357.00	359.00	364.00	376.00	379.00	384.00	389.00	387.00	390.00	395.00	401.00	416.00	425.00	465.00	513.00	516.00	516.00	496.00	470.00	485.00	463.00	475.00	498.00	520.00	527.00	531.00	525.00	519.00	518.00	525.00	526.00	524.00	515.00	513.00	531.00	511.00	524.00	531.00	524.00	520.00	503.00	490.00	472.00	488.00	470.00	442.00	442.00	432.00	431.00	428.00	424.00	421.00	416.00	414.00	412.00	408.00	398.00	398.00	399.00	397.00	398.00	396.00	393.00	392.00	391.00	393.00	397.00	396.00	395.00	394.00	393.00	389.00	386.00	387.00	389.00	392.00	397.00	385.00	385.00	387.00	389.00	388.00	383.00	386.00	388.00	386.00	385.00	392.00	390.00	389.00	391.00	390.00	383.00	381.00	386.00	391.00	394.00	400.00	406.00	416.00	421.00	417.00	416.00	423.00	428.00	417.00	417.00	416.00	412.00	415.00	408.00	404.00	403.00	400.00	391.00	389.00	387.00	383.00	384.00	381.00	382.00	382.00	380.00	378.00	379.00	381.00	383.00	385.00	390.00	392.00	393.00	391.00	386.00	386.00	385.00	386.00	386.00	398.00	389.00	379.00	373.00	369.00	369.00	367.00	367.00	363.00	362.00	363.00	363.00	363.00	362.00	359.00	356.00	358.00	361.00	359.00	362.00	361.00	359.00	360.00	359.00	359.00	360.00	361.00	365.00	366.00	366.00	367.00	368.00	372.00	371.00	373.00	373.00	372.00	372.00	373.00	372.00	373.00	375.00	377.00	383.00	392.00	378.00	376.00	378.00	383.00	393.00	400.00	413.00	408.00	384.00	380.00	375.00	373.00	373.00	373.00	371.00	370.00	369.00	367.00	365.00	365.00	364.00	365.00	367.00	367.00	367.00	367.00	367.00	366.00	366.00	366.00	366.00	366.00	366.00	365.00	366.00	365.00	365.00	365.00	364.00	365.00	364.00	363.00	363.00	364.00	363.00	363.00	362.00	361.00	360.00	357.00	357.00	355.00	354.00	353.00
332.00	335.00	336.00	342.00	352.00	359.00	359.00	360.00	355.00	341.00	340.00	340.00	339.00	345.00	347.00	351.00	352.00	355.00	354.00	357.00	361.00	362.00	367.00	372.00	379.00	388.00	397.00	401.00	404.00	402.00	400.00	409.00	415.00	422.00	431.00	441.00	514.00	521.00	523.00	524.00	512.00	515.00	528.00	529.00	526.00	524.00	507.00	496.00	497.00	518.00	526.00	531.00	532.00	526.00	499.00	524.00	543.00	543.00	545.00	543.00	530.00	505.00	495.00	469.00	459.00	449.00	441.00	441.00	432.00	427.00	421.00	417.00	413.00	412.00	409.00	406.00	398.00	395.00	395.00	394.00	392.00	392.00	393.00	390.00	390.00	390.00	394.00	398.00	403.00	400.00	397.00	393.00	388.00	385.00	385.00	384.00	384.00	388.00	379.00	380.00	382.00	379.00	383.00	382.00	383.00	384.00	384.00	383.00	386.00	389.00	386.00	384.00	379.00	385.00	391.00	394.00	400.00	403.00	406.00	410.00	414.00	411.00	414.00	418.00	424.00	416.00	410.00	406.00	408.00	405.00	401.00	399.00	393.00	392.00	387.00	386.00	381.00	380.00	381.00	380.00	378.00	379.00	379.00	375.00	377.00	379.00	379.00	383.00	382.00	386.00	387.00	388.00	386.00	384.00	383.00	381.00	383.00	380.00	379.00	377.00	377.00	368.00	369.00	367.00	365.00	364.00	362.00	361.00	359.00	360.00	361.00	361.00	359.00	357.00	357.00	357.00	360.00	359.00	360.00	358.00	358.00	358.00	358.00	360.00	365.00	368.00	373.00	381.00	370.00	369.00	369.00	369.00	371.00	370.00	369.00	369.00	370.00	373.00	374.00	373.00	374.00	373.00	374.00	377.00	381.00	395.00	417.00	425.00	444.00	410.00	406.00	383.00	375.00	374.00	372.00	371.00	370.00	370.00	370.00	372.00	369.00	365.00	363.00	363.00	365.00	365.00	364.00	365.00	366.00	366.00	366.00	364.00	365.00	363.00	364.00	363.00	362.00	363.00	363.00	364.00	365.00	364.00	363.00	362.00	361.00	360.00	360.00	360.00	359.00	359.00	360.00	358.00	356.00	355.00	352.00	351.00
337.00	339.00	336.00	337.00	345.00	352.00	362.00	363.00	359.00	343.00	342.00	342.00	342.00	348.00	349.00	352.00	354.00	357.00	358.00	358.00	361.00	366.00	368.00	374.00	377.00	386.00	398.00	396.00	399.00	404.00	410.00	414.00	423.00	426.00	438.00	441.00	497.00	524.00	524.00	526.00	527.00	529.00	531.00	516.00	505.00	502.00	491.00	494.00	502.00	499.00	508.00	527.00	521.00	504.00	511.00	537.00	550.00	545.00	538.00	538.00	528.00	513.00	480.00	466.00	458.00	447.00	442.00	431.00	429.00	423.00	419.00	414.00	412.00	410.00	407.00	404.00	397.00	395.00	392.00	391.00	391.00	392.00	393.00	389.00	388.00	389.00	396.00	399.00	404.00	408.00	400.00	399.00	395.00	392.00	383.00	382.00	380.00	384.00	379.00	378.00	378.00	378.00	381.00	387.00	389.00	385.00	382.00	384.00	385.00	386.00	383.00	382.00	383.00	387.00	390.00	393.00	397.00	399.00	401.00	408.00	414.00	408.00	408.00	415.00	422.00	408.00	407.00	405.00	402.00	404.00	395.00	396.00	397.00	393.00	385.00	381.00	379.00	379.00	380.00	379.00	377.00	378.00	377.00	375.00	378.00	379.00	379.00	380.00	382.00	384.00	385.00	386.00	385.00	386.00	382.00	380.00	379.00	378.00	377.00	377.00	374.00	370.00	369.00	367.00	364.00	364.00	363.00	362.00	360.00	358.00	360.00	360.00	358.00	357.00	353.00	357.00	358.00	359.00	357.00	358.00	356.00	357.00	358.00	360.00	365.00	369.00	393.00	388.00	371.00	368.00	367.00	367.00	367.00	368.00	368.00	368.00	369.00	391.00	377.00	370.00	372.00	371.00	374.00	376.00	382.00	397.00	452.00	458.00	495.00	415.00	425.00	388.00	376.00	374.00	371.00	370.00	369.00	369.00	370.00	395.00	373.00	367.00	363.00	362.00	364.00	365.00	364.00	363.00	365.00	364.00	364.00	364.00	363.00	363.00	362.00	362.00	362.00	362.00	364.00	367.00	369.00	367.00	363.00	361.00	361.00	360.00	358.00	359.00	357.00	357.00	358.00	358.00	356.00	353.00	351.00	349.00
339.00	342.00	341.00	339.00	345.00	351.00	355.00	357.00	352.00	348.00	345.00	343.00	344.00	351.00	352.00	354.00	357.00	360.00	363.00	361.00	363.00	367.00	372.00	374.00	378.00	381.00	388.00	389.00	397.00	405.00	404.00	418.00	424.00	437.00	505.00	496.00	508.00	522.00	525.00	527.00	531.00	532.00	531.00	521.00	520.00	487.00	487.00	491.00	513.00	487.00	523.00	502.00	484.00	486.00	539.00	548.00	548.00	533.00	538.00	535.00	525.00	531.00	480.00	492.00	462.00	448.00	465.00	427.00	423.00	417.00	415.00	413.00	409.00	408.00	406.00	404.00	397.00	393.00	391.00	390.00	389.00	390.00	387.00	387.00	386.00	390.00	395.00	399.00	405.00	404.00	401.00	398.00	394.00	394.00	391.00	392.00	388.00	378.00	376.00	375.00	377.00	381.00	386.00	389.00	384.00	381.00	379.00	383.00	380.00	383.00	381.00	376.00	383.00	385.00	389.00	392.00	392.00	399.00	402.00	408.00	411.00	406.00	408.00	412.00	413.00	406.00	404.00	402.00	399.00	398.00	391.00	391.00	393.00	395.00	387.00	380.00	378.00	376.00	377.00	377.00	376.00	375.00	374.00	378.00	378.00	379.00	379.00	378.00	382.00	384.00	382.00	382.00	384.00	383.00	383.00	380.00	377.00	376.00	377.00	375.00	376.00	371.00	368.00	365.00	365.00	363.00	362.00	364.00	361.00	356.00	359.00	358.00	356.00	356.00	354.00	355.00	356.00	357.00	358.00	357.00	356.00	355.00	357.00	358.00	366.00	371.00	383.00	374.00	371.00	367.00	366.00	366.00	367.00	367.00	367.00	367.00	368.00	370.00	369.00	369.00	370.00	370.00	371.00	374.00	379.00	425.00	408.00	395.00	408.00	392.00	384.00	381.00	378.00	373.00	370.00	370.00	369.00	368.00	371.00	381.00	382.00	371.00	364.00	360.00	364.00	366.00	363.00	363.00	363.00	363.00	363.00	362.00	363.00	363.00	361.00	362.00	361.00	361.00	362.00	369.00	370.00	376.00	361.00	360.00	359.00	358.00	358.00	359.00	358.00	356.00	356.00	355.00	354.00	354.00	350.00	349.00
340.00	345.00	348.00	343.00	343.00	346.00	350.00	355.00	356.00	351.00	348.00	347.00	349.00	354.00	355.00	358.00	362.00	363.00	367.00	365.00	368.00	373.00	377.00	377.00	380.00	382.00	384.00	389.00	392.00	397.00	401.00	416.00	419.00	426.00	508.00	474.00	451.00	470.00	497.00	511.00	530.00	531.00	526.00	515.00	504.00	483.00	484.00	496.00	503.00	480.00	492.00	486.00	478.00	497.00	524.00	548.00	541.00	523.00	533.00	523.00	524.00	527.00	497.00	475.00	458.00	462.00	484.00	428.00	421.00	416.00	413.00	410.00	408.00	407.00	403.00	402.00	396.00	394.00	391.00	389.00	386.00	385.00	386.00	386.00	385.00	392.00	397.00	400.00	400.00	405.00	402.00	401.00	397.00	392.00	390.00	384.00	384.00	376.00	375.00	378.00	383.00	392.00	392.00	382.00	383.00	381.00	381.00	377.00	380.00	380.00	375.00	378.00	389.00	388.00	386.00	388.00	394.00	399.00	402.00	406.00	408.00	402.00	403.00	406.00	410.00	407.00	403.00	398.00	395.00	396.00	391.00	388.00	388.00	389.00	387.00	382.00	377.00	374.00	375.00	375.00	375.00	373.00	375.00	377.00	378.00	379.00	379.00	381.00	381.00	382.00	379.00	380.00	381.00	380.00	380.00	378.00	378.00	374.00	376.00	376.00	373.00	371.00	368.00	366.00	367.00	364.00	369.00	366.00	362.00	361.00	358.00	358.00	357.00	355.00	355.00	354.00	356.00	356.00	356.00	358.00	355.00	355.00	356.00	357.00	364.00	368.00	370.00	371.00	367.00	366.00	364.00	365.00	363.00	366.00	365.00	366.00	367.00	366.00	368.00	367.00	368.00	368.00	369.00	370.00	373.00	421.00	385.00	382.00	384.00	382.00	381.00	376.00	375.00	370.00	369.00	368.00	367.00	367.00	368.00	408.00	407.00	371.00	366.00	359.00	361.00	363.00	363.00	363.00	363.00	362.00	362.00	363.00	363.00	361.00	360.00	360.00	359.00	360.00	360.00	361.00	369.00	369.00	360.00	359.00	358.00	358.00	357.00	357.00	356.00	354.00	354.00	353.00	353.00	354.00	351.00	348.00
342.00	346.00	358.00	351.00	355.00	349.00	351.00	357.00	364.00	354.00	353.00	354.00	355.00	362.00	364.00	364.00	366.00	369.00	375.00	377.00	382.00	387.00	389.00	401.00	394.00	394.00	394.00	403.00	400.00	406.00	438.00	410.00	414.00	421.00	431.00	431.00	446.00	449.00	479.00	521.00	513.00	487.00	481.00	478.00	474.00	480.00	474.00	473.00	473.00	484.00	472.00	472.00	474.00	483.00	476.00	485.00	509.00	510.00	511.00	521.00	512.00	525.00	512.00	481.00	466.00	476.00	458.00	436.00	426.00	412.00	408.00	403.00	404.00	402.00	401.00	399.00	394.00	392.00	390.00	386.00	384.00	382.00	383.00	384.00	385.00	392.00	398.00	405.00	414.00	413.00	406.00	404.00	402.00	398.00	396.00	384.00	384.00	388.00	371.00	373.00	374.00	374.00	372.00	373.00	383.00	382.00	380.00	373.00	372.00	371.00	374.00	382.00	386.00	382.00	383.00	386.00	395.00	396.00	395.00	397.00	398.00	402.00	406.00	411.00	404.00	396.00	395.00	396.00	395.00	390.00	387.00	383.00	382.00	384.00	380.00	375.00	374.00	373.00	372.00	371.00	370.00	373.00	375.00	376.00	377.00	379.00	377.00	377.00	378.00	380.00	378.00	376.00	376.00	377.00	375.00	374.00	372.00	373.00	375.00	374.00	373.00	369.00	367.00	365.00	365.00	363.00	365.00	366.00	364.00	361.00	355.00	356.00	355.00	355.00	352.00	352.00	351.00	352.00	353.00	354.00	353.00	354.00	356.00	358.00	370.00	410.00	405.00	372.00	366.00	363.00	362.00	363.00	362.00	363.00	363.00	363.00	365.00	366.00	368.00	366.00	366.00	365.00	365.00	364.00	364.00	367.00	380.00	380.00	372.00	373.00	380.00	378.00	383.00	371.00	369.00	366.00	367.00	366.00	366.00	414.00	401.00	370.00	365.00	359.00	358.00	359.00	360.00	361.00	360.00	361.00	360.00	361.00	361.00	360.00	358.00	358.00	358.00	356.00	357.00	357.00	358.00	358.00	356.00	356.00	355.00	356.00	356.00	355.00	355.00	353.00	352.00	349.00	350.00	350.00	352.00	349.00
346.00	351.00	361.00	358.00	360.00	352.00	352.00	356.00	365.00	356.00	356.00	358.00	359.00	380.00	370.00	370.00	375.00	379.00	377.00	381.00	387.00	394.00	395.00	412.00	405.00	401.00	402.00	412.00	410.00	414.00	452.00	417.00	415.00	418.00	429.00	432.00	441.00	446.00	481.00	524.00	497.00	476.00	474.00	474.00	470.00	481.00	470.00	467.00	469.00	500.00	475.00	467.00	473.00	488.00	474.00	491.00	493.00	515.00	520.00	511.00	507.00	520.00	501.00	484.00	468.00	460.00	445.00	427.00	418.00	414.00	408.00	401.00	402.00	400.00	398.00	397.00	392.00	390.00	388.00	388.00	384.00	383.00	382.00	384.00	385.00	388.00	399.00	405.00	414.00	420.00	407.00	402.00	397.00	396.00	388.00	389.00	390.00	382.00	371.00	371.00	373.00	374.00	373.00	374.00	378.00	380.00	377.00	372.00	370.00	372.00	377.00	380.00	382.00	382.00	387.00	390.00	390.00	393.00	397.00	398.00	401.00	403.00	403.00	402.00	404.00	397.00	392.00	397.00	391.00	394.00	387.00	382.00	381.00	379.00	378.00	373.00	371.00	372.00	370.00	370.00	373.00	374.00	375.00	377.00	378.00	378.00	379.00	379.00	377.00	378.00	377.00	375.00	373.00	375.00	376.00	375.00	372.00	370.00	372.00	371.00	370.00	365.00	365.00	365.00	365.00	363.00	364.00	364.00	365.00	359.00	353.00	352.00	353.00	352.00	351.00	351.00	352.00	351.00	351.00	354.00	353.00	354.00	356.00	357.00	362.00	368.00	365.00	363.00	361.00	360.00	361.00	361.00	362.00	362.00	362.00	364.00	365.00	376.00	374.00	366.00	367.00	364.00	364.00	363.00	363.00	364.00	369.00	369.00	369.00	377.00	404.00	380.00	390.00	370.00	367.00	367.00	368.00	368.00	366.00	369.00	370.00	367.00	365.00	358.00	357.00	357.00	358.00	359.00	359.00	359.00	360.00	359.00	359.00	359.00	359.00	358.00	357.00	357.00	354.00	355.00	356.00	355.00	355.00	354.00	355.00	354.00	355.00	354.00	353.00	352.00	352.00	350.00	349.00	349.00	351.00	349.00
346.00	354.00	367.00	361.00	363.00	356.00	354.00	355.00	359.00	358.00	361.00	362.00	364.00	393.00	373.00	379.00	385.00	392.00	385.00	383.00	387.00	401.00	405.00	423.00	453.00	412.00	420.00	410.00	421.00	430.00	451.00	423.00	421.00	423.00	474.00	448.00	442.00	447.00	458.00	506.00	486.00	475.00	470.00	466.00	467.00	475.00	468.00	466.00	464.00	468.00	470.00	461.00	472.00	470.00	471.00	487.00	490.00	503.00	518.00	511.00	498.00	487.00	472.00	465.00	474.00	439.00	433.00	421.00	418.00	415.00	408.00	399.00	397.00	397.00	396.00	393.00	390.00	388.00	388.00	385.00	383.00	382.00	381.00	383.00	383.00	388.00	405.00	429.00	442.00	424.00	413.00	406.00	399.00	396.00	395.00	395.00	384.00	380.00	372.00	369.00	372.00	376.00	375.00	372.00	376.00	378.00	381.00	370.00	371.00	374.00	378.00	379.00	381.00	383.00	387.00	388.00	388.00	393.00	399.00	402.00	398.00	404.00	397.00	401.00	402.00	396.00	392.00	392.00	391.00	390.00	383.00	381.00	380.00	377.00	373.00	372.00	371.00	368.00	368.00	373.00	374.00	373.00	375.00	378.00	377.00	378.00	379.00	376.00	376.00	378.00	376.00	375.00	373.00	371.00	372.00	372.00	371.00	370.00	370.00	369.00	368.00	366.00	364.00	362.00	363.00	362.00	363.00	364.00	364.00	361.00	353.00	354.00	351.00	351.00	350.00	349.00	350.00	353.00	350.00	352.00	352.00	352.00	353.00	355.00	358.00	359.00	359.00	359.00	359.00	359.00	360.00	360.00	361.00	361.00	361.00	374.00	384.00	386.00	374.00	364.00	364.00	363.00	363.00	363.00	362.00	362.00	365.00	366.00	368.00	403.00	424.00	376.00	372.00	366.00	367.00	369.00	376.00	384.00	369.00	365.00	364.00	362.00	361.00	357.00	356.00	356.00	357.00	358.00	358.00	358.00	359.00	359.00	359.00	358.00	357.00	356.00	356.00	354.00	354.00	354.00	354.00	353.00	353.00	354.00	354.00	354.00	353.00	353.00	352.00	351.00	350.00	349.00	348.00	348.00	349.00	348.00
347.00	352.00	370.00	367.00	365.00	361.00	359.00	364.00	360.00	360.00	368.00	368.00	366.00	379.00	377.00	383.00	396.00	431.00	393.00	389.00	389.00	395.00	424.00	416.00	478.00	432.00	446.00	419.00	422.00	440.00	471.00	431.00	447.00	450.00	448.00	498.00	458.00	453.00	458.00	479.00	485.00	470.00	465.00	465.00	467.00	464.00	464.00	471.00	460.00	465.00	463.00	457.00	463.00	456.00	468.00	479.00	492.00	488.00	512.00	509.00	495.00	481.00	456.00	458.00	471.00	441.00	432.00	427.00	416.00	412.00	408.00	399.00	396.00	394.00	392.00	392.00	388.00	387.00	385.00	385.00	382.00	381.00	380.00	380.00	381.00	386.00	410.00	454.00	441.00	425.00	420.00	407.00	401.00	397.00	402.00	392.00	381.00	375.00	373.00	367.00	370.00	378.00	374.00	373.00	372.00	374.00	379.00	368.00	370.00	373.00	377.00	376.00	384.00	386.00	386.00	384.00	387.00	396.00	395.00	394.00	390.00	393.00	394.00	394.00	393.00	395.00	389.00	389.00	387.00	387.00	382.00	379.00	378.00	374.00	373.00	370.00	369.00	367.00	367.00	373.00	373.00	374.00	374.00	376.00	376.00	376.00	377.00	376.00	377.00	375.00	374.00	374.00	371.00	372.00	372.00	370.00	370.00	369.00	369.00	368.00	368.00	367.00	366.00	364.00	361.00	362.00	361.00	361.00	361.00	359.00	353.00	355.00	351.00	349.00	349.00	349.00	349.00	349.00	349.00	348.00	349.00	351.00	352.00	353.00	355.00	356.00	357.00	357.00	359.00	357.00	358.00	358.00	360.00	358.00	359.00	362.00	364.00	361.00	362.00	362.00	363.00	363.00	363.00	361.00	361.00	361.00	363.00	364.00	365.00	371.00	386.00	369.00	365.00	364.00	373.00	374.00	463.00	511.00	407.00	366.00	362.00	361.00	360.00	357.00	355.00	355.00	356.00	356.00	357.00	358.00	358.00	358.00	358.00	357.00	357.00	356.00	356.00	354.00	353.00	352.00	353.00	352.00	352.00	352.00	353.00	352.00	352.00	351.00	351.00	350.00	349.00	348.00	347.00	347.00	347.00	347.00
354.00	362.00	357.00	361.00	374.00	372.00	373.00	372.00	367.00	367.00	371.00	371.00	374.00	384.00	385.00	388.00	400.00	405.00	417.00	416.00	397.00	400.00	414.00	426.00	487.00	503.00	507.00	438.00	432.00	480.00	512.00	497.00	483.00	492.00	490.00	517.00	519.00	510.00	491.00	487.00	468.00	461.00	459.00	462.00	468.00	458.00	456.00	452.00	453.00	458.00	458.00	474.00	458.00	454.00	472.00	481.00	477.00	476.00	498.00	486.00	485.00	472.00	443.00	447.00	492.00	444.00	427.00	415.00	413.00	407.00	403.00	398.00	396.00	394.00	392.00	391.00	386.00	386.00	383.00	381.00	382.00	381.00	380.00	379.00	380.00	389.00	407.00	410.00	408.00	408.00	401.00	400.00	399.00	393.00	386.00	378.00	376.00	371.00	370.00	367.00	364.00	372.00	375.00	368.00	370.00	373.00	373.00	369.00	374.00	372.00	371.00	375.00	376.00	379.00	384.00	383.00	390.00	397.00	392.00	387.00	385.00	383.00	384.00	386.00	390.00	385.00	382.00	382.00	379.00	379.00	377.00	374.00	372.00	369.00	369.00	367.00	365.00	368.00	371.00	373.00	371.00	372.00	372.00	373.00	374.00	377.00	377.00	377.00	375.00	375.00	373.00	372.00	367.00	367.00	366.00	367.00	370.00	364.00	366.00	364.00	364.00	365.00	363.00	363.00	362.00	361.00	357.00	359.00	359.00	357.00	358.00	355.00	351.00	349.00	349.00	347.00	346.00	346.00	346.00	347.00	349.00	348.00	350.00	354.00	353.00	354.00	354.00	354.00	355.00	355.00	356.00	356.00	356.00	358.00	358.00	359.00	359.00	360.00	360.00	361.00	360.00	359.00	361.00	360.00	360.00	359.00	358.00	359.00	358.00	358.00	380.00	375.00	381.00	394.00	379.00	383.00	407.00	435.00	485.00	387.00	371.00	367.00	362.00	355.00	352.00	353.00	354.00	354.00	355.00	354.00	354.00	354.00	355.00	355.00	354.00	354.00	353.00	352.00	352.00	351.00	351.00	351.00	350.00	350.00	350.00	350.00	350.00	350.00	349.00	347.00	347.00	345.00	347.00	345.00	345.00	345.00
359.00	367.00	366.00	369.00	377.00	378.00	376.00	372.00	369.00	371.00	373.00	375.00	380.00	386.00	392.00	391.00	394.00	399.00	430.00	419.00	402.00	404.00	415.00	427.00	448.00	443.00	462.00	458.00	441.00	472.00	483.00	477.00	461.00	473.00	518.00	512.00	507.00	474.00	473.00	474.00	466.00	460.00	457.00	459.00	460.00	457.00	452.00	449.00	452.00	456.00	456.00	472.00	447.00	452.00	473.00	476.00	479.00	481.00	486.00	476.00	499.00	465.00	441.00	457.00	482.00	449.00	423.00	413.00	410.00	405.00	403.00	400.00	396.00	395.00	394.00	390.00	386.00	384.00	384.00	380.00	381.00	383.00	381.00	378.00	380.00	387.00	394.00	403.00	402.00	405.00	399.00	394.00	392.00	388.00	382.00	379.00	377.00	373.00	367.00	366.00	365.00	366.00	372.00	365.00	369.00	373.00	372.00	372.00	370.00	369.00	370.00	372.00	377.00	378.00	381.00	386.00	391.00	391.00	389.00	387.00	382.00	382.00	380.00	382.00	388.00	381.00	381.00	380.00	377.00	376.00	374.00	372.00	370.00	368.00	366.00	365.00	366.00	367.00	370.00	370.00	370.00	370.00	369.00	370.00	371.00	375.00	375.00	375.00	375.00	375.00	374.00	372.00	368.00	366.00	364.00	365.00	367.00	366.00	366.00	364.00	363.00	359.00	362.00	362.00	359.00	360.00	359.00	358.00	357.00	356.00	358.00	355.00	352.00	348.00	346.00	346.00	345.00	345.00	345.00	347.00	347.00	351.00	352.00	352.00	353.00	353.00	353.00	354.00	353.00	353.00	354.00	355.00	357.00	357.00	357.00	357.00	358.00	359.00	359.00	358.00	358.00	359.00	359.00	359.00	358.00	357.00	358.00	356.00	357.00	355.00	356.00	357.00	389.00	384.00	435.00	428.00	436.00	439.00	407.00	384.00	375.00	369.00	364.00	356.00	351.00	352.00	353.00	353.00	354.00	354.00	354.00	353.00	353.00	354.00	354.00	352.00	352.00	352.00	351.00	350.00	349.00	350.00	350.00	348.00	349.00	348.00	349.00	349.00	349.00	348.00	347.00	346.00	345.00	344.00	343.00	343.00
360.00	368.00	375.00	376.00	378.00	381.00	378.00	375.00	369.00	377.00	376.00	379.00	390.00	390.00	395.00	397.00	404.00	403.00	412.00	408.00	406.00	408.00	419.00	441.00	440.00	456.00	448.00	447.00	447.00	451.00	450.00	450.00	452.00	457.00	498.00	499.00	470.00	464.00	465.00	467.00	462.00	458.00	454.00	453.00	454.00	459.00	450.00	448.00	459.00	446.00	458.00	461.00	445.00	452.00	484.00	468.00	479.00	488.00	472.00	475.00	469.00	459.00	437.00	449.00	454.00	441.00	422.00	411.00	409.00	406.00	404.00	398.00	397.00	392.00	389.00	387.00	382.00	386.00	382.00	384.00	379.00	381.00	381.00	378.00	379.00	385.00	399.00	401.00	396.00	394.00	391.00	392.00	393.00	385.00	380.00	379.00	379.00	382.00	370.00	366.00	363.00	365.00	369.00	365.00	369.00	372.00	370.00	371.00	367.00	368.00	372.00	375.00	379.00	380.00	381.00	385.00	390.00	392.00	389.00	386.00	383.00	378.00	378.00	379.00	383.00	381.00	377.00	377.00	375.00	372.00	370.00	369.00	368.00	366.00	364.00	365.00	367.00	366.00	368.00	369.00	367.00	369.00	369.00	369.00	371.00	373.00	374.00	376.00	374.00	374.00	374.00	373.00	367.00	365.00	363.00	363.00	363.00	367.00	366.00	364.00	361.00	358.00	360.00	360.00	358.00	358.00	356.00	355.00	357.00	360.00	357.00	356.00	352.00	347.00	346.00	345.00	346.00	344.00	344.00	346.00	350.00	351.00	352.00	352.00	353.00	352.00	353.00	353.00	352.00	352.00	352.00	354.00	353.00	355.00	354.00	356.00	356.00	358.00	358.00	358.00	357.00	359.00	359.00	358.00	358.00	357.00	355.00	356.00	354.00	353.00	355.00	357.00	384.00	374.00	435.00	455.00	469.00	466.00	452.00	415.00	382.00	372.00	367.00	358.00	351.00	351.00	352.00	352.00	353.00	354.00	354.00	352.00	351.00	352.00	352.00	351.00	351.00	350.00	349.00	348.00	348.00	348.00	348.00	347.00	348.00	349.00	350.00	348.00	347.00	347.00	345.00	345.00	344.00	343.00	343.00	341.00
367.00	373.00	373.00	373.00	371.00	377.00	382.00	379.00	372.00	378.00	379.00	386.00	398.00	403.00	401.00	407.00	445.00	420.00	411.00	413.00	421.00	419.00	432.00	488.00	460.00	483.00	454.00	440.00	443.00	445.00	446.00	445.00	451.00	450.00	458.00	457.00	459.00	460.00	464.00	466.00	460.00	457.00	454.00	450.00	449.00	455.00	446.00	451.00	455.00	445.00	473.00	447.00	444.00	450.00	478.00	458.00	462.00	465.00	494.00	480.00	461.00	453.00	435.00	436.00	443.00	435.00	423.00	411.00	409.00	408.00	406.00	402.00	399.00	393.00	390.00	387.00	384.00	382.00	382.00	382.00	378.00	380.00	379.00	376.00	377.00	383.00	391.00	390.00	390.00	388.00	389.00	391.00	390.00	391.00	382.00	383.00	375.00	401.00	374.00	367.00	363.00	361.00	367.00	365.00	367.00	371.00	370.00	366.00	370.00	372.00	374.00	373.00	379.00	379.00	380.00	384.00	388.00	391.00	386.00	385.00	382.00	379.00	376.00	379.00	380.00	378.00	375.00	375.00	375.00	373.00	367.00	368.00	365.00	365.00	361.00	365.00	367.00	366.00	368.00	367.00	368.00	368.00	368.00	370.00	371.00	372.00	374.00	375.00	375.00	373.00	371.00	370.00	368.00	363.00	362.00	360.00	362.00	365.00	367.00	367.00	363.00	360.00	358.00	356.00	358.00	356.00	355.00	356.00	359.00	358.00	356.00	353.00	349.00	348.00	349.00	345.00	346.00	345.00	344.00	347.00	351.00	350.00	351.00	352.00	352.00	352.00	351.00	351.00	351.00	350.00	352.00	351.00	353.00	353.00	355.00	357.00	357.00	358.00	357.00	358.00	358.00	359.00	357.00	357.00	357.00	355.00	355.00	354.00	353.00	353.00	353.00	353.00	372.00	389.00	435.00	442.00	453.00	470.00	514.00	465.00	396.00	384.00	380.00	361.00	351.00	350.00	350.00	352.00	351.00	352.00	351.00	351.00	351.00	350.00	350.00	350.00	351.00	348.00	348.00	348.00	347.00	346.00	347.00	348.00	347.00	347.00	351.00	346.00	346.00	345.00	344.00	344.00	343.00	341.00	340.00	341.00
378.00	366.00	364.00	368.00	365.00	372.00	383.00	382.00	380.00	381.00	383.00	384.00	389.00	402.00	410.00	417.00	449.00	473.00	421.00	433.00	428.00	435.00	459.00	458.00	476.00	471.00	448.00	434.00	436.00	435.00	434.00	436.00	440.00	442.00	448.00	452.00	463.00	474.00	482.00	473.00	469.00	465.00	460.00	457.00	464.00	452.00	444.00	440.00	438.00	451.00	441.00	437.00	439.00	452.00	451.00	449.00	460.00	490.00	485.00	468.00	455.00	442.00	430.00	428.00	430.00	457.00	426.00	420.00	414.00	412.00	409.00	404.00	399.00	398.00	394.00	392.00	385.00	380.00	378.00	379.00	377.00	378.00	379.00	375.00	376.00	377.00	378.00	380.00	382.00	406.00	419.00	433.00	395.00	386.00	376.00	374.00	374.00	372.00	371.00	370.00	368.00	361.00	361.00	362.00	364.00	366.00	366.00	366.00	368.00	373.00	375.00	372.00	374.00	372.00	373.00	375.00	380.00	378.00	379.00	381.00	382.00	377.00	378.00	374.00	371.00	372.00	371.00	371.00	367.00	369.00	364.00	363.00	361.00	361.00	363.00	363.00	363.00	364.00	368.00	366.00	366.00	366.00	367.00	370.00	370.00	371.00	372.00	370.00	371.00	371.00	369.00	370.00	364.00	362.00	361.00	359.00	359.00	359.00	367.00	364.00	361.00	357.00	355.00	355.00	354.00	355.00	354.00	356.00	356.00	356.00	353.00	354.00	355.00	355.00	353.00	352.00	348.00	346.00	345.00	345.00	348.00	349.00	349.00	349.00	348.00	348.00	347.00	348.00	349.00	349.00	350.00	349.00	350.00	350.00	352.00	354.00	354.00	364.00	357.00	356.00	355.00	353.00	355.00	355.00	354.00	355.00	351.00	351.00	350.00	350.00	349.00	351.00	354.00	355.00	376.00	515.00	493.00	445.00	459.00	444.00	422.00	399.00	390.00	362.00	352.00	349.00	348.00	349.00	349.00	349.00	349.00	349.00	349.00	347.00	347.00	347.00	346.00	347.00	347.00	346.00	346.00	346.00	346.00	344.00	345.00	344.00	344.00	344.00	343.00	343.00	343.00	342.00	340.00	340.00	340.00	340.00
364.00	359.00	358.00	359.00	367.00	375.00	380.00	382.00	384.00	382.00	384.00	388.00	390.00	402.00	408.00	414.00	436.00	473.00	434.00	457.00	439.00	434.00	470.00	439.00	438.00	440.00	439.00	432.00	429.00	430.00	432.00	436.00	444.00	448.00	452.00	453.00	467.00	476.00	479.00	485.00	477.00	473.00	462.00	478.00	500.00	449.00	446.00	442.00	439.00	434.00	436.00	435.00	439.00	455.00	448.00	451.00	463.00	487.00	477.00	488.00	473.00	462.00	424.00	427.00	438.00	449.00	425.00	420.00	416.00	413.00	411.00	407.00	404.00	399.00	396.00	393.00	385.00	382.00	380.00	377.00	377.00	377.00	377.00	374.00	375.00	376.00	377.00	382.00	395.00	434.00	441.00	452.00	449.00	395.00	379.00	376.00	373.00	369.00	370.00	369.00	368.00	363.00	360.00	360.00	365.00	365.00	363.00	367.00	368.00	370.00	373.00	371.00	370.00	371.00	374.00	378.00	377.00	373.00	376.00	378.00	380.00	375.00	376.00	375.00	372.00	369.00	369.00	367.00	368.00	365.00	363.00	361.00	361.00	359.00	362.00	362.00	364.00	364.00	367.00	365.00	367.00	367.00	367.00	368.00	370.00	369.00	368.00	368.00	368.00	370.00	369.00	367.00	365.00	362.00	360.00	359.00	356.00	357.00	362.00	364.00	360.00	356.00	356.00	355.00	356.00	356.00	356.00	356.00	356.00	354.00	352.00	356.00	355.00	355.00	355.00	352.00	350.00	346.00	344.00	344.00	346.00	347.00	348.00	349.00	346.00	346.00	346.00	348.00	348.00	348.00	349.00	348.00	348.00	349.00	349.00	351.00	351.00	358.00	358.00	358.00	354.00	352.00	353.00	352.00	353.00	353.00	351.00	349.00	350.00	349.00	348.00	348.00	351.00	351.00	352.00	370.00	415.00	496.00	539.00	497.00	481.00	465.00	480.00	365.00	353.00	349.00	348.00	348.00	348.00	347.00	347.00	349.00	348.00	347.00	347.00	346.00	345.00	344.00	345.00	345.00	345.00	344.00	344.00	344.00	343.00	343.00	342.00	342.00	343.00	342.00	343.00	342.00	340.00	338.00	339.00	338.00
350.00	351.00	357.00	357.00	363.00	369.00	371.00	375.00	377.00	380.00	383.00	388.00	396.00	403.00	406.00	410.00	419.00	433.00	445.00	458.00	467.00	448.00	472.00	433.00	430.00	433.00	433.00	427.00	428.00	434.00	443.00	440.00	438.00	444.00	449.00	455.00	471.00	483.00	487.00	499.00	490.00	474.00	471.00	488.00	471.00	447.00	445.00	440.00	458.00	433.00	438.00	434.00	441.00	462.00	440.00	450.00	477.00	463.00	477.00	462.00	472.00	458.00	424.00	429.00	447.00	436.00	427.00	421.00	416.00	413.00	412.00	410.00	407.00	401.00	401.00	398.00	387.00	383.00	381.00	380.00	375.00	375.00	376.00	373.00	375.00	375.00	378.00	401.00	419.00	441.00	456.00	454.00	458.00	426.00	386.00	379.00	376.00	368.00	370.00	369.00	367.00	363.00	358.00	359.00	362.00	361.00	359.00	367.00	366.00	368.00	369.00	369.00	368.00	371.00	372.00	375.00	373.00	371.00	373.00	378.00	381.00	374.00	371.00	369.00	368.00	367.00	365.00	366.00	366.00	365.00	361.00	361.00	359.00	358.00	361.00	359.00	363.00	364.00	365.00	365.00	366.00	367.00	368.00	368.00	368.00	367.00	366.00	365.00	366.00	366.00	366.00	367.00	363.00	363.00	362.00	359.00	357.00	356.00	360.00	361.00	360.00	355.00	353.00	355.00	356.00	354.00	354.00	353.00	352.00	353.00	356.00	358.00	354.00	352.00	353.00	352.00	352.00	347.00	345.00	344.00	346.00	345.00	348.00	347.00	346.00	346.00	346.00	346.00	348.00	347.00	346.00	348.00	347.00	349.00	347.00	349.00	349.00	350.00	361.00	375.00	356.00	351.00	350.00	352.00	353.00	351.00	349.00	349.00	348.00	348.00	348.00	348.00	345.00	348.00	348.00	354.00	373.00	477.00	531.00	554.00	525.00	499.00	478.00	375.00	354.00	350.00	348.00	347.00	347.00	346.00	346.00	345.00	345.00	346.00	346.00	346.00	345.00	344.00	344.00	343.00	344.00	344.00	344.00	343.00	343.00	341.00	342.00	341.00	342.00	343.00	342.00	340.00	339.00	339.00	338.00	336.00
347.00	359.00	363.00	361.00	365.00	370.00	371.00	373.00	375.00	385.00	389.00	393.00	401.00	405.00	410.00	410.00	419.00	427.00	430.00	432.00	435.00	435.00	436.00	425.00	428.00	445.00	432.00	426.00	431.00	437.00	439.00	444.00	441.00	441.00	452.00	464.00	481.00	474.00	479.00	486.00	483.00	475.00	485.00	475.00	455.00	442.00	441.00	449.00	487.00	431.00	437.00	431.00	443.00	448.00	446.00	482.00	474.00	468.00	450.00	456.00	468.00	439.00	426.00	424.00	430.00	431.00	427.00	422.00	418.00	415.00	415.00	412.00	409.00	407.00	406.00	399.00	389.00	385.00	382.00	381.00	376.00	374.00	372.00	374.00	374.00	377.00	373.00	377.00	380.00	386.00	395.00	394.00	414.00	393.00	388.00	380.00	374.00	369.00	367.00	368.00	368.00	363.00	358.00	358.00	361.00	358.00	358.00	366.00	366.00	367.00	366.00	366.00	368.00	370.00	373.00	374.00	370.00	369.00	373.00	377.00	378.00	374.00	371.00	368.00	367.00	366.00	366.00	364.00	366.00	362.00	361.00	361.00	356.00	358.00	360.00	360.00	362.00	362.00	363.00	365.00	366.00	367.00	369.00	365.00	367.00	368.00	365.00	362.00	365.00	365.00	363.00	363.00	361.00	361.00	360.00	360.00	356.00	355.00	355.00	355.00	362.00	356.00	355.00	353.00	354.00	356.00	356.00	353.00	353.00	353.00	359.00	359.00	357.00	353.00	352.00	351.00	350.00	349.00	345.00	343.00	343.00	343.00	343.00	343.00	345.00	346.00	345.00	346.00	346.00	345.00	346.00	347.00	347.00	348.00	349.00	348.00	347.00	362.00	358.00	366.00	356.00	349.00	349.00	350.00	350.00	350.00	348.00	347.00	347.00	347.00	346.00	345.00	345.00	346.00	345.00	350.00	354.00	390.00	409.00	553.00	556.00	498.00	443.00	380.00	355.00	349.00	346.00	346.00	346.00	345.00	347.00	346.00	345.00	346.00	344.00	343.00	343.00	343.00	343.00	343.00	343.00	343.00	342.00	342.00	342.00	341.00	340.00	340.00	340.00	341.00	340.00	338.00	337.00	338.00	337.00	337.00
351.00	356.00	364.00	364.00	369.00	372.00	377.00	376.00	380.00	393.00	398.00	403.00	408.00	413.00	424.00	418.00	421.00	419.00	420.00	423.00	420.00	424.00	422.00	421.00	424.00	445.00	431.00	432.00	436.00	438.00	446.00	448.00	443.00	445.00	473.00	496.00	466.00	471.00	470.00	472.00	493.00	476.00	469.00	460.00	456.00	440.00	438.00	459.00	478.00	426.00	429.00	441.00	446.00	445.00	460.00	454.00	450.00	495.00	449.00	443.00	435.00	425.00	417.00	417.00	432.00	431.00	434.00	428.00	423.00	418.00	417.00	413.00	414.00	412.00	407.00	405.00	392.00	388.00	384.00	382.00	375.00	374.00	373.00	371.00	371.00	378.00	374.00	373.00	372.00	378.00	382.00	387.00	396.00	383.00	377.00	373.00	372.00	366.00	366.00	366.00	367.00	366.00	363.00	357.00	356.00	356.00	360.00	365.00	365.00	363.00	363.00	366.00	371.00	371.00	372.00	372.00	368.00	367.00	368.00	374.00	373.00	372.00	371.00	370.00	367.00	364.00	363.00	363.00	362.00	360.00	358.00	359.00	356.00	358.00	360.00	359.00	360.00	360.00	361.00	363.00	364.00	367.00	368.00	364.00	364.00	365.00	364.00	361.00	364.00	361.00	361.00	362.00	359.00	359.00	359.00	358.00	356.00	352.00	354.00	354.00	358.00	355.00	352.00	353.00	354.00	358.00	356.00	354.00	355.00	354.00	357.00	361.00	361.00	356.00	352.00	350.00	349.00	347.00	346.00	342.00	343.00	341.00	340.00	342.00	344.00	344.00	344.00	344.00	345.00	344.00	344.00	345.00	345.00	347.00	347.00	347.00	346.00	346.00	346.00	348.00	358.00	349.00	348.00	349.00	349.00	350.00	348.00	346.00	346.00	345.00	345.00	344.00	343.00	344.00	344.00	345.00	347.00	350.00	357.00	521.00	549.00	530.00	532.00	374.00	352.00	347.00	345.00	345.00	346.00	345.00	345.00	345.00	344.00	344.00	343.00	344.00	342.00	341.00	342.00	342.00	341.00	341.00	341.00	340.00	341.00	340.00	339.00	339.00	338.00	338.00	340.00	336.00	337.00	337.00	336.00	335.00
351.00	356.00	364.00	364.00	369.00	372.00	377.00	376.00	380.00	393.00	398.00	403.00	408.00	413.00	424.00	418.00	421.00	419.00	420.00	423.00	420.00	424.00	422.00	421.00	424.00	445.00	431.00	432.00	436.00	438.00	446.00	448.00	443.00	445.00	473.00	496.00	466.00	471.00	470.00	472.00	493.00	476.00	469.00	460.00	456.00	440.00	438.00	459.00	478.00	426.00	429.00	441.00	446.00	445.00	460.00	454.00	450.00	495.00	449.00	443.00	435.00	425.00	417.00	417.00	432.00	431.00	434.00	428.00	423.00	418.00	417.00	413.00	414.00	412.00	407.00	405.00	392.00	388.00	384.00	382.00	375.00	374.00	373.00	371.00	371.00	378.00	374.00	373.00	372.00	378.00	382.00	387.00	396.00	383.00	377.00	373.00	372.00	366.00	366.00	366.00	367.00	366.00	363.00	357.00	356.00	356.00	360.00	365.00	365.00	363.00	363.00	366.00	371.00	371.00	372.00	372.00	368.00	367.00	368.00	374.00	373.00	372.00	371.00	370.00	367.00	364.00	363.00	363.00	362.00	360.00	358.00	359.00	356.00	358.00	360.00	359.00	360.00	360.00	361.00	363.00	364.00	367.00	368.00	364.00	364.00	365.00	364.00	361.00	364.00	361.00	361.00	362.00	359.00	359.00	359.00	358.00	356.00	352.00	354.00	354.00	358.00	355.00	352.00	353.00	354.00	358.00	356.00	354.00	355.00	354.00	357.00	361.00	361.00	356.00	352.00	350.00	349.00	347.00	346.00	342.00	343.00	341.00	340.00	342.00	344.00	344.00	344.00	344.00	345.00	344.00	344.00	345.00	345.00	347.00	347.00	347.00	346.00	346.00	346.00	348.00	358.00	349.00	348.00	349.00	349.00	350.00	348.00	346.00	346.00	345.00	345.00	344.00	343.00	344.00	344.00	345.00	347.00	350.00	357.00	521.00	549.00	530.00	532.00	374.00	352.00	347.00	345.00	345.00	346.00	345.00	345.00	345.00	344.00	344.00	343.00	344.00	342.00	341.00	342.00	342.00	341.00	341.00	341.00	340.00	341.00	340.00	339.00	339.00	338.00	338.00	340.00	336.00	337.00	337.00	336.00	335.00
348.00	350.00	358.00	360.00	367.00	369.00	377.00	373.00	378.00	389.00	404.00	410.00	417.00	431.00	432.00	424.00	422.00	413.00	412.00	413.00	412.00	411.00	412.00	416.00	419.00	420.00	422.00	430.00	437.00	439.00	447.00	451.00	449.00	450.00	500.00	484.00	463.00	466.00	462.00	461.00	508.00	488.00	470.00	462.00	458.00	440.00	439.00	454.00	440.00	423.00	428.00	430.00	441.00	436.00	454.00	434.00	475.00	472.00	433.00	431.00	424.00	417.00	413.00	419.00	425.00	434.00	444.00	433.00	428.00	424.00	419.00	418.00	422.00	417.00	413.00	411.00	396.00	392.00	388.00	384.00	379.00	377.00	374.00	373.00	371.00	378.00	369.00	368.00	372.00	385.00	407.00	388.00	382.00	378.00	371.00	371.00	370.00	367.00	363.00	366.00	366.00	364.00	362.00	354.00	355.00	359.00	360.00	364.00	363.00	362.00	363.00	366.00	372.00	371.00	373.00	371.00	368.00	363.00	366.00	371.00	371.00	370.00	369.00	368.00	368.00	362.00	363.00	361.00	361.00	358.00	356.00	356.00	355.00	359.00	358.00	358.00	360.00	361.00	361.00	363.00	364.00	366.00	366.00	364.00	361.00	363.00	361.00	359.00	362.00	360.00	360.00	358.00	358.00	357.00	356.00	356.00	355.00	352.00	350.00	352.00	355.00	354.00	353.00	351.00	355.00	360.00	359.00	353.00	354.00	353.00	360.00	372.00	374.00	356.00	353.00	349.00	348.00	346.00	345.00	345.00	341.00	340.00	342.00	341.00	344.00	343.00	341.00	343.00	343.00	343.00	344.00	344.00	345.00	346.00	346.00	345.00	345.00	344.00	345.00	346.00	345.00	346.00	346.00	351.00	363.00	347.00	347.00	345.00	344.00	344.00	344.00	344.00	342.00	342.00	341.00	343.00	344.00	346.00	351.00	452.00	527.00	564.00	558.00	431.00	350.00	347.00	343.00	344.00	345.00	344.00	344.00	345.00	344.00	342.00	342.00	341.00	341.00	342.00	341.00	341.00	340.00	340.00	339.00	339.00	339.00	338.00	339.00	337.00	337.00	336.00	338.00	335.00	335.00	335.00	333.00	333.00
355.00	352.00	355.00	357.00	364.00	365.00	368.00	372.00	377.00	389.00	393.00	408.00	421.00	424.00	419.00	416.00	415.00	410.00	406.00	405.00	406.00	409.00	412.00	416.00	417.00	422.00	428.00	432.00	436.00	442.00	447.00	461.00	457.00	455.00	478.00	463.00	463.00	464.00	453.00	457.00	509.00	515.00	480.00	455.00	452.00	442.00	436.00	433.00	429.00	429.00	418.00	425.00	436.00	435.00	467.00	435.00	483.00	439.00	426.00	433.00	411.00	411.00	428.00	420.00	423.00	436.00	453.00	439.00	431.00	427.00	425.00	425.00	432.00	433.00	426.00	420.00	399.00	396.00	391.00	387.00	380.00	377.00	375.00	373.00	371.00	368.00	371.00	368.00	370.00	400.00	398.00	390.00	389.00	381.00	375.00	368.00	367.00	365.00	363.00	363.00	365.00	364.00	363.00	356.00	353.00	360.00	361.00	362.00	362.00	360.00	362.00	365.00	368.00	373.00	371.00	372.00	368.00	363.00	362.00	364.00	369.00	366.00	369.00	368.00	366.00	361.00	361.00	359.00	358.00	356.00	355.00	354.00	357.00	357.00	358.00	357.00	359.00	360.00	359.00	365.00	366.00	365.00	365.00	361.00	359.00	359.00	358.00	357.00	361.00	356.00	356.00	357.00	356.00	357.00	355.00	352.00	354.00	351.00	349.00	350.00	351.00	352.00	351.00	350.00	352.00	353.00	361.00	352.00	352.00	353.00	372.00	363.00	357.00	352.00	349.00	346.00	347.00	345.00	344.00	346.00	340.00	340.00	339.00	340.00	340.00	341.00	341.00	339.00	342.00	343.00	343.00	342.00	343.00	343.00	345.00	345.00	345.00	344.00	345.00	345.00	344.00	346.00	344.00	349.00	354.00	345.00	344.00	344.00	344.00	344.00	343.00	342.00	342.00	341.00	340.00	341.00	341.00	343.00	345.00	377.00	429.00	517.00	565.00	393.00	347.00	344.00	342.00	343.00	344.00	344.00	344.00	344.00	344.00	341.00	341.00	341.00	341.00	340.00	339.00	340.00	339.00	339.00	339.00	339.00	338.00	338.00	337.00	337.00	336.00	335.00	337.00	336.00	334.00	334.00	333.00	333.00
363.00	364.00	366.00	368.00	374.00	376.00	374.00	376.00	380.00	390.00	399.00	425.00	422.00	406.00	407.00	406.00	402.00	401.00	403.00	407.00	415.00	419.00	434.00	424.00	421.00	425.00	434.00	449.00	442.00	450.00	454.00	486.00	485.00	470.00	461.00	462.00	440.00	437.00	439.00	441.00	443.00	448.00	444.00	442.00	445.00	439.00	444.00	451.00	427.00	455.00	461.00	443.00	468.00	487.00	422.00	491.00	501.00	448.00	413.00	403.00	400.00	415.00	422.00	425.00	427.00	434.00	457.00	448.00	434.00	426.00	421.00	423.00	443.00	517.00	455.00	431.00	405.00	400.00	394.00	390.00	385.00	384.00	385.00	385.00	392.00	377.00	376.00	370.00	363.00	398.00	403.00	397.00	383.00	379.00	374.00	368.00	365.00	360.00	361.00	363.00	361.00	361.00	360.00	352.00	353.00	358.00	360.00	359.00	359.00	359.00	359.00	361.00	366.00	367.00	368.00	365.00	369.00	361.00	361.00	360.00	363.00	364.00	364.00	364.00	363.00	361.00	359.00	357.00	358.00	356.00	352.00	355.00	355.00	357.00	355.00	357.00	358.00	360.00	362.00	363.00	364.00	366.00	366.00	362.00	361.00	359.00	356.00	354.00	355.00	353.00	353.00	352.00	354.00	353.00	352.00	350.00	349.00	349.00	349.00	347.00	346.00	348.00	349.00	350.00	350.00	350.00	350.00	351.00	360.00	352.00	349.00	351.00	350.00	347.00	345.00	346.00	346.00	345.00	344.00	346.00	345.00	340.00	339.00	339.00	337.00	338.00	339.00	340.00	339.00	340.00	339.00	341.00	340.00	341.00	341.00	342.00	342.00	342.00	344.00	342.00	344.00	344.00	343.00	343.00	342.00	343.00	342.00	341.00	341.00	342.00	341.00	340.00	340.00	339.00	339.00	337.00	336.00	338.00	340.00	345.00	345.00	364.00	394.00	392.00	343.00	341.00	342.00	341.00	342.00	342.00	342.00	342.00	342.00	341.00	340.00	340.00	340.00	339.00	339.00	338.00	338.00	337.00	337.00	338.00	336.00	336.00	335.00	335.00	336.00	333.00	335.00	335.00	333.00	332.00	332.00	330.00
365.00	369.00	371.00	373.00	381.00	379.00	381.00	381.00	381.00	394.00	408.00	423.00	411.00	400.00	401.00	405.00	398.00	398.00	407.00	411.00	418.00	425.00	442.00	434.00	428.00	426.00	436.00	450.00	447.00	450.00	457.00	480.00	492.00	501.00	459.00	455.00	441.00	435.00	434.00	436.00	434.00	441.00	435.00	434.00	436.00	445.00	447.00	455.00	438.00	478.00	447.00	413.00	434.00	484.00	432.00	490.00	458.00	434.00	405.00	405.00	399.00	427.00	430.00	432.00	426.00	432.00	458.00	442.00	437.00	422.00	417.00	422.00	434.00	465.00	512.00	445.00	409.00	401.00	398.00	393.00	392.00	396.00	401.00	408.00	432.00	395.00	398.00	386.00	372.00	375.00	375.00	377.00	375.00	377.00	370.00	368.00	366.00	361.00	359.00	360.00	361.00	360.00	359.00	351.00	355.00	359.00	360.00	357.00	358.00	358.00	359.00	361.00	365.00	365.00	367.00	364.00	367.00	362.00	358.00	358.00	361.00	361.00	363.00	361.00	361.00	358.00	358.00	356.00	355.00	354.00	352.00	354.00	355.00	355.00	355.00	356.00	358.00	360.00	360.00	363.00	364.00	367.00	368.00	362.00	361.00	359.00	357.00	353.00	355.00	351.00	352.00	352.00	351.00	351.00	350.00	348.00	347.00	347.00	348.00	346.00	345.00	343.00	348.00	348.00	348.00	347.00	346.00	348.00	348.00	349.00	347.00	348.00	347.00	346.00	345.00	345.00	347.00	345.00	345.00	344.00	347.00	342.00	340.00	339.00	338.00	337.00	336.00	337.00	338.00	338.00	339.00	340.00	339.00	339.00	340.00	341.00	341.00	341.00	342.00	342.00	343.00	343.00	342.00	343.00	341.00	341.00	340.00	340.00	340.00	341.00	340.00	340.00	339.00	337.00	337.00	337.00	336.00	335.00	337.00	340.00	340.00	339.00	339.00	339.00	339.00	340.00	340.00	339.00	340.00	341.00	340.00	341.00	340.00	340.00	339.00	339.00	338.00	338.00	337.00	337.00	336.00	337.00	336.00	335.00	335.00	334.00	334.00	334.00	334.00	333.00	334.00	336.00	333.00	332.00	331.00	330.00
371.00	370.00	366.00	365.00	374.00	377.00	382.00	389.00	385.00	397.00	409.00	407.00	403.00	395.00	394.00	395.00	396.00	398.00	410.00	415.00	420.00	430.00	479.00	454.00	439.00	431.00	433.00	443.00	447.00	456.00	472.00	464.00	484.00	483.00	469.00	479.00	444.00	438.00	431.00	427.00	434.00	435.00	431.00	427.00	434.00	449.00	456.00	449.00	465.00	480.00	441.00	407.00	439.00	441.00	441.00	466.00	425.00	414.00	402.00	395.00	399.00	444.00	428.00	425.00	417.00	421.00	425.00	418.00	419.00	415.00	412.00	419.00	432.00	478.00	492.00	445.00	412.00	408.00	403.00	400.00	410.00	425.00	435.00	467.00	491.00	464.00	420.00	397.00	393.00	363.00	367.00	371.00	370.00	371.00	368.00	365.00	364.00	361.00	357.00	359.00	359.00	359.00	358.00	350.00	355.00	358.00	358.00	356.00	357.00	357.00	357.00	360.00	364.00	363.00	367.00	364.00	364.00	360.00	358.00	357.00	358.00	357.00	359.00	361.00	361.00	359.00	357.00	356.00	355.00	352.00	350.00	353.00	354.00	353.00	355.00	357.00	356.00	358.00	359.00	363.00	362.00	365.00	365.00	365.00	363.00	361.00	359.00	354.00	352.00	350.00	350.00	350.00	349.00	348.00	349.00	347.00	347.00	346.00	346.00	346.00	345.00	341.00	342.00	347.00	346.00	346.00	345.00	347.00	347.00	346.00	346.00	344.00	344.00	344.00	344.00	345.00	344.00	345.00	344.00	344.00	346.00	343.00	339.00	336.00	337.00	336.00	336.00	336.00	338.00	337.00	337.00	340.00	339.00	339.00	339.00	340.00	342.00	339.00	342.00	342.00	342.00	341.00	341.00	341.00	342.00	341.00	339.00	339.00	339.00	339.00	339.00	339.00	338.00	338.00	337.00	336.00	335.00	335.00	336.00	337.00	337.00	334.00	335.00	336.00	339.00	338.00	341.00	339.00	339.00	340.00	340.00	339.00	338.00	338.00	337.00	338.00	338.00	338.00	337.00	336.00	337.00	336.00	336.00	335.00	333.00	333.00	334.00	333.00	332.00	334.00	334.00	333.00	331.00	331.00	331.00	330.00
367.00	366.00	362.00	363.00	374.00	376.00	384.00	386.00	390.00	399.00	397.00	397.00	396.00	391.00	392.00	394.00	396.00	401.00	409.00	422.00	427.00	431.00	469.00	495.00	451.00	436.00	431.00	448.00	460.00	460.00	481.00	468.00	477.00	474.00	494.00	503.00	450.00	440.00	436.00	429.00	427.00	433.00	427.00	429.00	436.00	458.00	459.00	462.00	491.00	454.00	416.00	456.00	451.00	418.00	440.00	427.00	408.00	402.00	432.00	396.00	405.00	442.00	419.00	416.00	409.00	411.00	405.00	409.00	407.00	408.00	407.00	415.00	424.00	446.00	462.00	443.00	419.00	415.00	411.00	418.00	451.00	457.00	473.00	497.00	498.00	470.00	412.00	411.00	388.00	364.00	359.00	367.00	368.00	366.00	367.00	363.00	362.00	360.00	357.00	357.00	358.00	358.00	357.00	351.00	354.00	356.00	357.00	356.00	356.00	355.00	358.00	360.00	363.00	364.00	362.00	362.00	359.00	357.00	355.00	356.00	358.00	356.00	358.00	359.00	358.00	360.00	358.00	356.00	352.00	353.00	349.00	352.00	353.00	351.00	354.00	354.00	356.00	360.00	359.00	361.00	359.00	362.00	362.00	364.00	362.00	358.00	356.00	354.00	349.00	349.00	350.00	349.00	346.00	347.00	345.00	346.00	346.00	344.00	346.00	345.00	343.00	341.00	342.00	345.00	346.00	344.00	345.00	346.00	346.00	344.00	343.00	344.00	341.00	342.00	344.00	344.00	343.00	344.00	343.00	344.00	343.00	342.00	338.00	337.00	336.00	336.00	336.00	335.00	337.00	335.00	336.00	338.00	338.00	337.00	337.00	339.00	338.00	340.00	340.00	340.00	341.00	340.00	340.00	340.00	341.00	340.00	338.00	338.00	338.00	338.00	338.00	338.00	337.00	337.00	337.00	336.00	336.00	336.00	336.00	335.00	335.00	335.00	336.00	337.00	338.00	338.00	338.00	338.00	339.00	338.00	339.00	339.00	336.00	335.00	336.00	335.00	336.00	336.00	336.00	335.00	334.00	334.00	334.00	333.00	332.00	333.00	331.00	332.00	333.00	333.00	333.00	332.00	331.00	330.00	330.00	329.00
352.00	353.00	358.00	360.00	374.00	383.00	388.00	386.00	384.00	384.00	383.00	384.00	384.00	393.00	405.00	405.00	405.00	405.00	416.00	424.00	434.00	479.00	466.00	498.00	481.00	449.00	441.00	438.00	444.00	447.00	456.00	465.00	503.00	497.00	513.00	513.00	443.00	436.00	430.00	425.00	427.00	415.00	413.00	423.00	418.00	451.00	450.00	438.00	427.00	454.00	476.00	452.00	447.00	416.00	384.00	396.00	400.00	451.00	392.00	404.00	435.00	472.00	398.00	394.00	397.00	397.00	393.00	398.00	398.00	402.00	408.00	415.00	420.00	436.00	450.00	493.00	449.00	459.00	434.00	412.00	410.00	424.00	463.00	431.00	400.00	405.00	379.00	376.00	373.00	369.00	366.00	363.00	360.00	357.00	356.00	360.00	361.00	359.00	359.00	356.00	355.00	356.00	353.00	349.00	352.00	353.00	355.00	352.00	355.00	355.00	357.00	359.00	359.00	363.00	360.00	358.00	360.00	356.00	354.00	355.00	357.00	353.00	357.00	357.00	360.00	354.00	353.00	352.00	350.00	350.00	350.00	349.00	351.00	350.00	354.00	354.00	354.00	357.00	356.00	358.00	356.00	357.00	359.00	357.00	357.00	358.00	355.00	352.00	349.00	346.00	347.00	347.00	344.00	345.00	345.00	344.00	344.00	342.00	342.00	342.00	341.00	342.00	344.00	342.00	343.00	344.00	343.00	343.00	341.00	342.00	340.00	339.00	339.00	339.00	340.00	340.00	342.00	340.00	341.00	342.00	341.00	341.00	338.00	336.00	335.00	335.00	333.00	333.00	334.00	334.00	334.00	335.00	335.00	336.00	336.00	337.00	336.00	337.00	337.00	338.00	339.00	338.00	337.00	337.00	337.00	337.00	336.00	336.00	336.00	335.00	336.00	335.00	334.00	335.00	334.00	334.00	335.00	334.00	335.00	335.00	334.00	334.00	335.00	335.00	336.00	336.00	337.00	336.00	336.00	336.00	336.00	336.00	335.00	333.00	333.00	334.00	334.00	333.00	333.00	333.00	333.00	332.00	333.00	331.00	331.00	331.00	329.00	331.00	329.00	330.00	331.00	328.00	329.00	330.00	330.00	329.00
352.00	352.00	357.00	361.00	371.00	383.00	393.00	385.00	381.00	380.00	380.00	381.00	383.00	399.00	414.00	417.00	410.00	409.00	421.00	430.00	437.00	465.00	512.00	480.00	473.00	452.00	443.00	441.00	440.00	446.00	455.00	493.00	508.00	513.00	515.00	506.00	444.00	435.00	430.00	426.00	412.00	410.00	426.00	411.00	420.00	453.00	452.00	446.00	465.00	479.00	460.00	455.00	450.00	436.00	381.00	376.00	393.00	394.00	389.00	420.00	448.00	422.00	389.00	391.00	397.00	388.00	390.00	394.00	398.00	407.00	411.00	417.00	424.00	439.00	501.00	543.00	481.00	437.00	419.00	410.00	419.00	420.00	452.00	395.00	391.00	385.00	374.00	373.00	372.00	370.00	368.00	365.00	363.00	363.00	357.00	355.00	359.00	358.00	357.00	356.00	355.00	352.00	351.00	347.00	351.00	354.00	353.00	351.00	353.00	357.00	358.00	354.00	356.00	359.00	359.00	356.00	358.00	355.00	354.00	353.00	355.00	354.00	356.00	356.00	357.00	352.00	351.00	349.00	349.00	348.00	349.00	348.00	350.00	352.00	352.00	353.00	355.00	355.00	355.00	356.00	355.00	355.00	354.00	355.00	354.00	355.00	357.00	352.00	346.00	345.00	346.00	345.00	343.00	343.00	344.00	343.00	343.00	344.00	340.00	341.00	339.00	341.00	343.00	341.00	341.00	342.00	341.00	341.00	341.00	340.00	337.00	336.00	337.00	337.00	337.00	339.00	339.00	339.00	340.00	341.00	340.00	340.00	339.00	336.00	334.00	333.00	333.00	334.00	333.00	333.00	333.00	334.00	333.00	335.00	336.00	336.00	337.00	336.00	337.00	338.00	337.00	336.00	336.00	336.00	336.00	335.00	335.00	334.00	335.00	334.00	334.00	334.00	334.00	335.00	334.00	334.00	334.00	333.00	334.00	334.00	335.00	334.00	333.00	335.00	335.00	335.00	335.00	336.00	335.00	335.00	336.00	336.00	335.00	332.00	333.00	332.00	333.00	332.00	333.00	332.00	333.00	333.00	331.00	330.00	330.00	330.00	328.00	328.00	328.00	328.00	328.00	328.00	329.00	329.00	329.00	328.00
352.00	353.00	361.00	363.00	372.00	378.00	387.00	381.00	376.00	378.00	379.00	380.00	384.00	399.00	418.00	425.00	415.00	415.00	428.00	459.00	482.00	461.00	476.00	463.00	458.00	451.00	445.00	449.00	443.00	448.00	453.00	463.00	487.00	517.00	513.00	455.00	451.00	438.00	437.00	437.00	435.00	421.00	406.00	411.00	428.00	435.00	471.00	480.00	459.00	433.00	421.00	443.00	441.00	432.00	386.00	390.00	398.00	407.00	414.00	425.00	416.00	405.00	383.00	399.00	420.00	385.00	387.00	394.00	399.00	404.00	410.00	418.00	427.00	439.00	475.00	537.00	483.00	454.00	422.00	408.00	404.00	395.00	400.00	390.00	385.00	380.00	376.00	373.00	370.00	367.00	366.00	366.00	365.00	362.00	358.00	354.00	356.00	355.00	355.00	353.00	354.00	355.00	349.00	351.00	352.00	352.00	353.00	351.00	354.00	355.00	357.00	356.00	355.00	358.00	355.00	354.00	353.00	356.00	355.00	351.00	353.00	352.00	355.00	353.00	354.00	351.00	348.00	348.00	347.00	348.00	346.00	349.00	349.00	350.00	352.00	352.00	351.00	353.00	353.00	356.00	354.00	353.00	354.00	354.00	350.00	351.00	353.00	350.00	343.00	343.00	344.00	343.00	342.00	342.00	341.00	341.00	343.00	343.00	343.00	340.00	338.00	340.00	341.00	340.00	340.00	340.00	341.00	340.00	339.00	338.00	335.00	335.00	335.00	335.00	335.00	336.00	338.00	338.00	337.00	340.00	340.00	340.00	339.00	337.00	335.00	334.00	333.00	333.00	331.00	332.00	331.00	332.00	333.00	334.00	335.00	336.00	335.00	336.00	336.00	336.00	336.00	335.00	335.00	334.00	334.00	334.00	333.00	333.00	333.00	334.00	334.00	334.00	333.00	333.00	333.00	333.00	334.00	333.00	333.00	333.00	334.00	333.00	333.00	334.00	333.00	334.00	335.00	335.00	334.00	334.00	335.00	334.00	334.00	332.00	331.00	332.00	331.00	331.00	332.00	331.00	330.00	331.00	330.00	330.00	330.00	328.00	328.00	327.00	326.00	327.00	328.00	326.00	327.00	328.00	328.00	327.00
354.00	355.00	362.00	367.00	381.00	384.00	388.00	380.00	376.00	375.00	378.00	382.00	384.00	399.00	414.00	424.00	423.00	422.00	428.00	461.00	467.00	447.00	451.00	473.00	457.00	451.00	445.00	451.00	446.00	452.00	458.00	462.00	473.00	506.00	481.00	439.00	427.00	429.00	445.00	449.00	419.00	406.00	408.00	422.00	431.00	456.00	501.00	487.00	471.00	423.00	412.00	419.00	409.00	400.00	373.00	421.00	408.00	409.00	398.00	386.00	398.00	387.00	379.00	415.00	406.00	383.00	389.00	395.00	398.00	404.00	408.00	421.00	429.00	460.00	476.00	526.00	472.00	444.00	429.00	420.00	405.00	398.00	393.00	396.00	387.00	380.00	375.00	373.00	371.00	364.00	365.00	364.00	365.00	364.00	358.00	356.00	353.00	352.00	350.00	349.00	353.00	353.00	346.00	351.00	351.00	353.00	352.00	350.00	350.00	353.00	353.00	354.00	352.00	353.00	352.00	352.00	352.00	354.00	358.00	352.00	350.00	353.00	353.00	350.00	351.00	349.00	347.00	346.00	347.00	347.00	347.00	348.00	349.00	349.00	348.00	348.00	349.00	351.00	352.00	354.00	352.00	350.00	350.00	352.00	350.00	349.00	348.00	348.00	343.00	341.00	343.00	343.00	340.00	340.00	341.00	339.00	340.00	341.00	341.00	339.00	339.00	338.00	339.00	339.00	339.00	338.00	340.00	340.00	339.00	338.00	336.00	334.00	333.00	334.00	334.00	334.00	334.00	335.00	336.00	338.00	340.00	340.00	340.00	340.00	336.00	334.00	332.00	333.00	331.00	331.00	331.00	332.00	332.00	333.00	334.00	334.00	334.00	336.00	336.00	337.00	336.00	334.00	333.00	333.00	333.00	332.00	331.00	332.00	333.00	332.00	333.00	332.00	332.00	332.00	331.00	331.00	331.00	332.00	333.00	332.00	332.00	332.00	332.00	332.00	333.00	333.00	332.00	333.00	333.00	333.00	333.00	333.00	333.00	331.00	331.00	331.00	330.00	329.00	330.00	329.00	329.00	330.00	329.00	329.00	329.00	327.00	325.00	325.00	326.00	326.00	326.00	327.00	326.00	327.00	326.00	326.00
364.00	361.00	359.00	361.00	371.00	375.00	374.00	371.00	372.00	376.00	380.00	388.00	394.00	407.00	416.00	427.00	470.00	486.00	444.00	454.00	461.00	441.00	436.00	443.00	457.00	458.00	458.00	460.00	457.00	461.00	473.00	488.00	464.00	426.00	466.00	450.00	415.00	409.00	420.00	415.00	417.00	421.00	420.00	438.00	404.00	449.00	448.00	438.00	456.00	433.00	425.00	417.00	422.00	451.00	368.00	370.00	372.00	402.00	371.00	371.00	371.00	375.00	377.00	377.00	378.00	398.00	394.00	404.00	403.00	404.00	407.00	427.00	455.00	455.00	464.00	511.00	432.00	422.00	420.00	406.00	403.00	410.00	409.00	412.00	393.00	376.00	373.00	370.00	375.00	364.00	362.00	361.00	361.00	360.00	359.00	360.00	359.00	357.00	353.00	348.00	348.00	349.00	347.00	348.00	349.00	350.00	349.00	351.00	349.00	347.00	348.00	348.00	347.00	347.00	348.00	347.00	349.00	349.00	350.00	353.00	349.00	348.00	348.00	347.00	346.00	346.00	345.00	344.00	344.00	345.00	343.00	345.00	344.00	345.00	347.00	347.00	348.00	348.00	350.00	351.00	352.00	351.00	350.00	347.00	345.00	345.00	345.00	344.00	341.00	341.00	340.00	340.00	337.00	337.00	336.00	337.00	338.00	339.00	337.00	338.00	339.00	337.00	335.00	337.00	337.00	337.00	336.00	336.00	337.00	336.00	335.00	333.00	332.00	331.00	331.00	331.00	332.00	333.00	333.00	334.00	338.00	339.00	340.00	338.00	336.00	337.00	336.00	334.00	330.00	330.00	330.00	329.00	329.00	331.00	333.00	332.00	333.00	335.00	335.00	335.00	333.00	332.00	331.00	331.00	331.00	331.00	330.00	330.00	330.00	330.00	329.00	330.00	330.00	330.00	331.00	329.00	330.00	332.00	332.00	331.00	331.00	331.00	331.00	331.00	332.00	331.00	330.00	330.00	330.00	330.00	331.00	332.00	331.00	329.00	329.00	329.00	327.00	328.00	328.00	328.00	327.00	327.00	327.00	326.00	326.00	326.00	326.00	323.00	325.00	326.00	326.00	324.00	325.00	324.00	322.00	321.00
378.00	370.00	366.00	364.00	366.00	367.00	368.00	372.00	374.00	379.00	383.00	390.00	400.00	421.00	424.00	460.00	481.00	503.00	487.00	482.00	461.00	442.00	427.00	441.00	459.00	462.00	464.00	467.00	462.00	463.00	465.00	459.00	464.00	443.00	427.00	412.00	407.00	408.00	417.00	408.00	444.00	417.00	422.00	386.00	389.00	433.00	448.00	435.00	433.00	415.00	413.00	406.00	412.00	390.00	362.00	362.00	363.00	363.00	378.00	373.00	376.00	381.00	381.00	381.00	380.00	386.00	391.00	410.00	414.00	411.00	408.00	420.00	437.00	476.00	525.00	526.00	432.00	429.00	415.00	405.00	396.00	407.00	410.00	415.00	391.00	374.00	370.00	370.00	369.00	363.00	361.00	359.00	359.00	358.00	358.00	359.00	356.00	358.00	352.00	349.00	346.00	348.00	346.00	344.00	348.00	346.00	348.00	349.00	349.00	347.00	346.00	345.00	346.00	346.00	347.00	348.00	350.00	347.00	350.00	349.00	349.00	345.00	346.00	347.00	346.00	346.00	345.00	345.00	344.00	344.00	344.00	344.00	345.00	344.00	346.00	347.00	349.00	350.00	351.00	353.00	351.00	351.00	350.00	347.00	344.00	344.00	343.00	343.00	340.00	340.00	338.00	338.00	337.00	336.00	336.00	336.00	336.00	335.00	338.00	339.00	340.00	339.00	337.00	335.00	337.00	335.00	334.00	335.00	336.00	336.00	335.00	332.00	333.00	332.00	331.00	331.00	331.00	333.00	332.00	333.00	335.00	338.00	339.00	338.00	337.00	337.00	337.00	335.00	330.00	328.00	329.00	328.00	329.00	330.00	329.00	331.00	332.00	333.00	334.00	332.00	332.00	331.00	331.00	331.00	330.00	330.00	330.00	329.00	329.00	329.00	329.00	329.00	329.00	328.00	329.00	328.00	331.00	331.00	330.00	330.00	330.00	330.00	330.00	330.00	331.00	330.00	330.00	329.00	329.00	330.00	330.00	330.00	330.00	328.00	328.00	328.00	328.00	327.00	327.00	327.00	327.00	327.00	326.00	326.00	326.00	324.00	324.00	323.00	324.00	324.00	324.00	323.00	324.00	323.00	321.00	319.00
381.00	389.00	377.00	374.00	370.00	370.00	371.00	375.00	381.00	382.00	385.00	390.00	395.00	420.00	447.00	471.00	468.00	483.00	492.00	482.00	463.00	440.00	421.00	439.00	439.00	450.00	463.00	501.00	474.00	467.00	456.00	450.00	451.00	436.00	403.00	403.00	403.00	413.00	414.00	413.00	429.00	429.00	399.00	378.00	382.00	438.00	494.00	473.00	421.00	400.00	403.00	391.00	388.00	378.00	360.00	360.00	359.00	362.00	383.00	381.00	382.00	382.00	383.00	383.00	384.00	389.00	388.00	412.00	432.00	416.00	412.00	419.00	441.00	527.00	492.00	499.00	436.00	437.00	428.00	404.00	391.00	396.00	388.00	387.00	380.00	373.00	369.00	366.00	366.00	362.00	360.00	359.00	359.00	358.00	357.00	356.00	356.00	356.00	356.00	353.00	352.00	350.00	347.00	342.00	343.00	346.00	347.00	348.00	348.00	345.00	347.00	345.00	346.00	347.00	347.00	348.00	348.00	346.00	346.00	346.00	349.00	345.00	347.00	345.00	344.00	343.00	343.00	342.00	342.00	341.00	345.00	344.00	345.00	343.00	346.00	347.00	349.00	350.00	351.00	353.00	353.00	353.00	353.00	348.00	347.00	343.00	342.00	342.00	339.00	339.00	338.00	338.00	335.00	335.00	335.00	334.00	335.00	333.00	339.00	340.00	339.00	339.00	338.00	335.00	334.00	336.00	333.00	334.00	335.00	336.00	334.00	333.00	332.00	331.00	332.00	331.00	330.00	329.00	331.00	333.00	334.00	335.00	337.00	338.00	336.00	336.00	336.00	335.00	329.00	328.00	328.00	327.00	328.00	329.00	330.00	329.00	330.00	330.00	330.00	331.00	331.00	330.00	330.00	329.00	330.00	329.00	329.00	328.00	328.00	328.00	328.00	328.00	327.00	327.00	328.00	328.00	329.00	329.00	329.00	329.00	330.00	330.00	330.00	330.00	329.00	329.00	329.00	328.00	330.00	329.00	329.00	329.00	327.00	326.00	328.00	328.00	326.00	326.00	325.00	325.00	326.00	325.00	324.00	325.00	324.00	324.00	322.00	322.00	324.00	324.00	323.00	322.00	322.00	322.00	320.00	320.00
382.00	394.00	412.00	401.00	376.00	374.00	376.00	387.00	384.00	387.00	394.00	398.00	397.00	420.00	423.00	430.00	430.00	440.00	477.00	455.00	438.00	430.00	419.00	427.00	430.00	439.00	447.00	464.00	502.00	471.00	454.00	445.00	442.00	432.00	417.00	402.00	416.00	437.00	403.00	425.00	455.00	409.00	385.00	375.00	376.00	480.00	468.00	442.00	411.00	393.00	385.00	381.00	374.00	367.00	360.00	356.00	358.00	362.00	368.00	368.00	373.00	371.00	375.00	376.00	383.00	398.00	395.00	403.00	412.00	413.00	417.00	421.00	447.00	477.00	465.00	444.00	432.00	415.00	415.00	401.00	398.00	385.00	384.00	382.00	380.00	372.00	365.00	364.00	364.00	361.00	360.00	358.00	358.00	358.00	356.00	357.00	355.00	356.00	353.00	353.00	352.00	351.00	350.00	344.00	342.00	343.00	343.00	346.00	346.00	347.00	343.00	343.00	349.00	349.00	348.00	347.00	346.00	343.00	346.00	345.00	346.00	344.00	343.00	343.00	341.00	341.00	342.00	343.00	342.00	340.00	343.00	343.00	343.00	346.00	346.00	347.00	349.00	352.00	353.00	357.00	355.00	354.00	355.00	351.00	347.00	347.00	344.00	342.00	337.00	337.00	337.00	335.00	334.00	333.00	334.00	333.00	331.00	333.00	338.00	340.00	339.00	340.00	339.00	336.00	333.00	334.00	332.00	331.00	333.00	333.00	334.00	333.00	332.00	330.00	331.00	330.00	330.00	329.00	330.00	331.00	332.00	334.00	337.00	337.00	337.00	336.00	335.00	333.00	332.00	330.00	328.00	328.00	327.00	328.00	328.00	328.00	329.00	329.00	330.00	330.00	330.00	328.00	329.00	330.00	329.00	329.00	327.00	328.00	327.00	327.00	327.00	327.00	327.00	327.00	327.00	327.00	327.00	328.00	328.00	329.00	330.00	329.00	330.00	329.00	328.00	327.00	327.00	328.00	328.00	327.00	328.00	328.00	327.00	327.00	327.00	327.00	325.00	324.00	324.00	323.00	324.00	325.00	324.00	324.00	322.00	323.00	321.00	321.00	322.00	321.00	322.00	321.00	320.00	321.00	318.00	319.00
396.00	395.00	420.00	417.00	387.00	386.00	387.00	403.00	440.00	400.00	413.00	451.00	481.00	418.00	430.00	429.00	412.00	416.00	475.00	454.00	452.00	416.00	422.00	437.00	452.00	446.00	449.00	435.00	439.00	458.00	455.00	437.00	443.00	434.00	396.00	384.00	393.00	391.00	424.00	419.00	388.00	384.00	372.00	368.00	369.00	472.00	420.00	427.00	429.00	392.00	391.00	390.00	385.00	374.00	358.00	357.00	354.00	355.00	353.00	354.00	358.00	360.00	370.00	375.00	384.00	395.00	388.00	391.00	409.00	414.00	443.00	427.00	418.00	423.00	447.00	420.00	402.00	404.00	402.00	402.00	380.00	380.00	377.00	378.00	376.00	370.00	364.00	363.00	361.00	357.00	359.00	357.00	356.00	356.00	355.00	354.00	354.00	352.00	352.00	352.00	352.00	350.00	350.00	347.00	346.00	345.00	340.00	343.00	344.00	342.00	341.00	344.00	354.00	352.00	348.00	350.00	343.00	342.00	343.00	342.00	341.00	344.00	342.00	340.00	339.00	340.00	341.00	340.00	340.00	339.00	341.00	343.00	345.00	348.00	346.00	349.00	350.00	351.00	353.00	356.00	353.00	352.00	354.00	351.00	349.00	349.00	345.00	344.00	341.00	336.00	334.00	333.00	332.00	331.00	330.00	330.00	330.00	331.00	332.00	335.00	338.00	339.00	337.00	335.00	334.00	330.00	331.00	331.00	331.00	331.00	331.00	329.00	330.00	330.00	330.00	329.00	330.00	329.00	330.00	330.00	329.00	332.00	335.00	337.00	334.00	336.00	342.00	334.00	331.00	337.00	342.00	326.00	326.00	326.00	326.00	327.00	328.00	329.00	330.00	330.00	329.00	327.00	327.00	327.00	327.00	327.00	327.00	326.00	327.00	325.00	325.00	325.00	325.00	325.00	325.00	325.00	325.00	326.00	327.00	327.00	328.00	328.00	327.00	326.00	327.00	326.00	326.00	327.00	325.00	325.00	325.00	326.00	325.00	325.00	325.00	324.00	324.00	323.00	322.00	322.00	322.00	322.00	321.00	321.00	320.00	321.00	319.00	319.00	320.00	319.00	319.00	318.00	317.00	318.00	316.00	317.00
423.00	410.00	416.00	401.00	405.00	394.00	397.00	399.00	418.00	408.00	454.00	458.00	466.00	459.00	445.00	451.00	411.00	437.00	432.00	418.00	413.00	444.00	428.00	452.00	460.00	446.00	422.00	400.00	406.00	441.00	455.00	446.00	426.00	392.00	388.00	383.00	382.00	391.00	387.00	374.00	375.00	374.00	372.00	370.00	373.00	408.00	414.00	408.00	430.00	396.00	390.00	387.00	374.00	364.00	369.00	372.00	356.00	357.00	354.00	356.00	358.00	363.00	377.00	372.00	371.00	379.00	380.00	392.00	424.00	426.00	417.00	412.00	409.00	439.00	432.00	422.00	393.00	391.00	388.00	385.00	377.00	375.00	377.00	375.00	372.00	368.00	363.00	363.00	360.00	357.00	354.00	355.00	357.00	355.00	353.00	354.00	353.00	352.00	351.00	351.00	349.00	349.00	349.00	348.00	346.00	343.00	341.00	342.00	343.00	339.00	340.00	344.00	349.00	349.00	346.00	346.00	344.00	342.00	341.00	340.00	340.00	339.00	342.00	341.00	339.00	340.00	339.00	340.00	337.00	338.00	342.00	344.00	346.00	349.00	348.00	351.00	351.00	352.00	354.00	355.00	352.00	351.00	351.00	348.00	348.00	345.00	344.00	344.00	339.00	335.00	334.00	332.00	330.00	329.00	329.00	330.00	331.00	331.00	332.00	331.00	337.00	340.00	336.00	332.00	333.00	332.00	330.00	331.00	329.00	330.00	329.00	329.00	329.00	329.00	330.00	328.00	328.00	328.00	328.00	329.00	330.00	331.00	332.00	333.00	334.00	333.00	346.00	338.00	330.00	329.00	332.00	324.00	325.00	324.00	326.00	327.00	328.00	328.00	329.00	328.00	328.00	327.00	327.00	326.00	326.00	327.00	326.00	325.00	325.00	325.00	324.00	324.00	324.00	325.00	325.00	326.00	325.00	326.00	325.00	327.00	327.00	328.00	327.00	326.00	325.00	325.00	325.00	325.00	325.00	325.00	325.00	324.00	323.00	323.00	324.00	323.00	323.00	322.00	321.00	320.00	321.00	322.00	321.00	320.00	320.00	321.00	319.00	319.00	319.00	317.00	319.00	317.00	316.00	315.00	315.00	315.00
442.00	432.00	410.00	405.00	415.00	406.00	421.00	412.00	450.00	416.00	436.00	435.00	409.00	402.00	421.00	421.00	397.00	402.00	407.00	410.00	453.00	498.00	434.00	480.00	484.00	425.00	404.00	389.00	396.00	412.00	437.00	431.00	392.00	382.00	389.00	380.00	374.00	378.00	370.00	366.00	364.00	364.00	364.00	368.00	370.00	390.00	389.00	420.00	390.00	386.00	383.00	376.00	371.00	366.00	390.00	371.00	355.00	353.00	351.00	360.00	360.00	363.00	365.00	363.00	367.00	374.00	381.00	391.00	419.00	449.00	411.00	406.00	418.00	419.00	423.00	417.00	394.00	390.00	385.00	381.00	375.00	373.00	372.00	372.00	370.00	365.00	360.00	359.00	361.00	355.00	354.00	354.00	354.00	356.00	351.00	353.00	353.00	350.00	350.00	350.00	350.00	348.00	347.00	347.00	347.00	345.00	344.00	338.00	341.00	340.00	343.00	342.00	346.00	345.00	346.00	344.00	343.00	340.00	341.00	340.00	338.00	339.00	342.00	343.00	340.00	339.00	339.00	339.00	337.00	338.00	341.00	345.00	347.00	348.00	352.00	352.00	356.00	354.00	354.00	359.00	355.00	353.00	349.00	345.00	347.00	345.00	343.00	341.00	337.00	333.00	333.00	332.00	329.00	328.00	328.00	330.00	331.00	329.00	329.00	330.00	332.00	337.00	338.00	335.00	332.00	330.00	329.00	331.00	331.00	329.00	329.00	328.00	328.00	328.00	328.00	328.00	328.00	327.00	328.00	329.00	329.00	329.00	331.00	332.00	333.00	332.00	336.00	361.00	332.00	330.00	329.00	325.00	330.00	325.00	326.00	326.00	327.00	327.00	326.00	327.00	327.00	326.00	326.00	325.00	326.00	326.00	326.00	325.00	324.00	324.00	323.00	324.00	323.00	323.00	323.00	323.00	323.00	324.00	325.00	326.00	326.00	325.00	326.00	326.00	326.00	325.00	325.00	325.00	325.00	324.00	325.00	323.00	323.00	323.00	323.00	321.00	321.00	321.00	321.00	320.00	321.00	319.00	319.00	320.00	318.00	319.00	318.00	318.00	317.00	317.00	316.00	317.00	316.00	316.00	314.00	312.00
423.00	423.00	405.00	409.00	422.00	416.00	449.00	449.00	476.00	420.00	422.00	458.00	459.00	391.00	402.00	394.00	404.00	414.00	410.00	423.00	430.00	464.00	449.00	467.00	498.00	462.00	415.00	392.00	391.00	391.00	416.00	396.00	388.00	374.00	386.00	384.00	374.00	370.00	371.00	368.00	363.00	363.00	372.00	379.00	379.00	374.00	395.00	377.00	369.00	383.00	383.00	384.00	379.00	370.00	364.00	397.00	355.00	351.00	351.00	354.00	356.00	356.00	359.00	363.00	367.00	378.00	408.00	414.00	408.00	406.00	401.00	403.00	419.00	422.00	410.00	400.00	390.00	396.00	383.00	380.00	375.00	370.00	370.00	368.00	367.00	364.00	361.00	359.00	357.00	357.00	352.00	353.00	354.00	354.00	353.00	352.00	350.00	352.00	349.00	348.00	348.00	347.00	347.00	347.00	347.00	346.00	345.00	337.00	337.00	338.00	339.00	342.00	343.00	343.00	342.00	341.00	341.00	342.00	341.00	339.00	338.00	338.00	340.00	342.00	341.00	339.00	338.00	339.00	336.00	337.00	341.00	344.00	347.00	348.00	355.00	357.00	357.00	359.00	357.00	362.00	357.00	356.00	351.00	344.00	344.00	344.00	344.00	341.00	336.00	331.00	330.00	330.00	329.00	327.00	326.00	330.00	331.00	330.00	328.00	327.00	329.00	334.00	337.00	333.00	331.00	331.00	328.00	330.00	330.00	330.00	328.00	329.00	328.00	328.00	328.00	326.00	326.00	326.00	326.00	329.00	328.00	330.00	329.00	330.00	332.00	331.00	333.00	338.00	331.00	329.00	328.00	325.00	324.00	324.00	325.00	326.00	326.00	326.00	327.00	327.00	327.00	326.00	326.00	324.00	325.00	325.00	323.00	324.00	323.00	324.00	322.00	322.00	323.00	322.00	323.00	323.00	323.00	323.00	324.00	325.00	324.00	325.00	326.00	325.00	324.00	324.00	323.00	324.00	324.00	323.00	323.00	322.00	322.00	322.00	322.00	321.00	320.00	320.00	319.00	318.00	321.00	319.00	318.00	317.00	317.00	317.00	317.00	318.00	316.00	316.00	316.00	314.00	315.00	316.00	315.00	314.00
390.00	400.00	412.00	425.00	439.00	432.00	450.00	462.00	443.00	393.00	396.00	393.00	384.00	438.00	478.00	468.00	461.00	501.00	503.00	501.00	478.00	447.00	467.00	467.00	501.00	496.00	488.00	411.00	394.00	384.00	373.00	369.00	360.00	378.00	408.00	425.00	375.00	372.00	366.00	363.00	358.00	380.00	389.00	389.00	374.00	351.00	352.00	361.00	357.00	363.00	359.00	363.00	364.00	366.00	346.00	346.00	349.00	348.00	348.00	349.00	347.00	351.00	354.00	357.00	362.00	388.00	408.00	420.00	417.00	406.00	403.00	397.00	440.00	416.00	396.00	389.00	384.00	377.00	375.00	374.00	372.00	371.00	370.00	366.00	362.00	362.00	360.00	357.00	354.00	352.00	350.00	351.00	352.00	354.00	351.00	348.00	350.00	349.00	348.00	347.00	346.00	347.00	346.00	344.00	344.00	344.00	343.00	340.00	338.00	334.00	334.00	336.00	338.00	338.00	337.00	339.00	340.00	341.00	339.00	340.00	336.00	336.00	335.00	336.00	340.00	339.00	337.00	334.00	335.00	337.00	340.00	341.00	345.00	346.00	353.00	358.00	360.00	362.00	363.00	360.00	357.00	351.00	350.00	342.00	340.00	338.00	335.00	334.00	334.00	331.00	329.00	326.00	326.00	326.00	327.00	328.00	327.00	329.00	327.00	325.00	326.00	331.00	333.00	333.00	333.00	332.00	327.00	327.00	327.00	327.00	324.00	325.00	326.00	326.00	327.00	326.00	325.00	325.00	324.00	326.00	326.00	327.00	327.00	328.00	331.00	330.00	330.00	328.00	328.00	326.00	326.00	324.00	323.00	323.00	325.00	325.00	326.00	326.00	325.00	324.00	325.00	325.00	325.00	324.00	324.00	324.00	322.00	321.00	321.00	321.00	321.00	320.00	320.00	320.00	320.00	322.00	321.00	322.00	321.00	322.00	322.00	322.00	322.00	321.00	322.00	321.00	322.00	322.00	321.00	322.00	323.00	322.00	320.00	319.00	319.00	319.00	318.00	316.00	315.00	316.00	316.00	316.00	316.00	315.00	315.00	314.00	315.00	315.00	314.00	314.00	314.00	313.00	313.00	312.00	313.00	311.00
397.00	409.00	427.00	434.00	464.00	453.00	451.00	417.00	434.00	386.00	385.00	382.00	377.00	422.00	473.00	497.00	491.00	490.00	500.00	502.00	503.00	495.00	461.00	481.00	445.00	430.00	451.00	415.00	397.00	371.00	368.00	360.00	355.00	358.00	381.00	410.00	370.00	367.00	363.00	367.00	362.00	358.00	356.00	350.00	353.00	347.00	345.00	354.00	350.00	348.00	349.00	346.00	349.00	342.00	346.00	347.00	346.00	346.00	347.00	346.00	348.00	349.00	357.00	358.00	364.00	384.00	393.00	438.00	423.00	420.00	432.00	392.00	406.00	395.00	385.00	385.00	380.00	375.00	372.00	371.00	368.00	368.00	368.00	363.00	362.00	358.00	358.00	355.00	354.00	350.00	349.00	351.00	350.00	350.00	350.00	349.00	348.00	348.00	347.00	346.00	345.00	345.00	345.00	344.00	343.00	343.00	343.00	342.00	340.00	338.00	335.00	333.00	336.00	335.00	337.00	338.00	339.00	341.00	338.00	338.00	336.00	335.00	335.00	336.00	336.00	339.00	334.00	333.00	337.00	339.00	340.00	342.00	343.00	345.00	352.00	353.00	357.00	359.00	363.00	360.00	354.00	351.00	349.00	343.00	341.00	339.00	338.00	333.00	331.00	331.00	329.00	325.00	324.00	326.00	325.00	325.00	326.00	328.00	327.00	325.00	326.00	326.00	329.00	330.00	331.00	330.00	325.00	325.00	326.00	327.00	324.00	324.00	324.00	325.00	325.00	325.00	325.00	323.00	323.00	324.00	325.00	324.00	325.00	326.00	331.00	329.00	328.00	328.00	326.00	326.00	325.00	323.00	323.00	322.00	325.00	325.00	324.00	325.00	325.00	324.00	324.00	324.00	324.00	324.00	324.00	323.00	321.00	320.00	321.00	321.00	320.00	320.00	320.00	320.00	320.00	321.00	320.00	321.00	321.00	321.00	321.00	320.00	321.00	321.00	320.00	320.00	321.00	320.00	320.00	320.00	320.00	320.00	320.00	318.00	318.00	316.00	315.00	315.00	315.00	315.00	315.00	316.00	314.00	314.00	313.00	314.00	314.00	314.00	313.00	313.00	312.00	312.00	311.00	311.00	311.00	309.00
412.00	412.00	454.00	453.00	480.00	480.00	474.00	426.00	402.00	382.00	393.00	377.00	374.00	442.00	450.00	436.00	416.00	430.00	452.00	451.00	483.00	504.00	496.00	417.00	388.00	400.00	408.00	404.00	382.00	365.00	355.00	351.00	351.00	351.00	356.00	359.00	357.00	356.00	358.00	391.00	356.00	349.00	347.00	347.00	347.00	345.00	342.00	347.00	344.00	347.00	341.00	338.00	337.00	339.00	344.00	344.00	347.00	345.00	345.00	348.00	348.00	350.00	356.00	364.00	368.00	386.00	411.00	446.00	450.00	440.00	416.00	396.00	392.00	387.00	383.00	381.00	378.00	374.00	372.00	369.00	366.00	364.00	364.00	363.00	360.00	359.00	354.00	355.00	355.00	350.00	350.00	347.00	349.00	349.00	349.00	350.00	346.00	347.00	346.00	347.00	346.00	344.00	344.00	343.00	343.00	342.00	342.00	340.00	338.00	338.00	335.00	335.00	333.00	333.00	336.00	336.00	339.00	338.00	339.00	337.00	336.00	335.00	335.00	335.00	334.00	337.00	335.00	335.00	337.00	339.00	343.00	345.00	348.00	348.00	351.00	356.00	357.00	358.00	362.00	362.00	359.00	356.00	351.00	344.00	341.00	341.00	338.00	336.00	331.00	328.00	327.00	325.00	325.00	326.00	325.00	325.00	325.00	326.00	327.00	325.00	324.00	326.00	325.00	327.00	327.00	328.00	323.00	323.00	325.00	325.00	324.00	324.00	322.00	324.00	325.00	324.00	325.00	324.00	323.00	324.00	324.00	323.00	322.00	324.00	328.00	329.00	328.00	327.00	325.00	325.00	324.00	324.00	322.00	323.00	323.00	323.00	324.00	323.00	324.00	324.00	323.00	323.00	322.00	323.00	322.00	322.00	321.00	320.00	319.00	320.00	319.00	317.00	318.00	318.00	319.00	319.00	319.00	319.00	320.00	321.00	321.00	319.00	320.00	320.00	320.00	320.00	320.00	319.00	319.00	318.00	319.00	320.00	318.00	318.00	317.00	315.00	315.00	312.00	313.00	314.00	315.00	314.00	313.00	312.00	313.00	313.00	313.00	313.00	312.00	313.00	312.00	311.00	310.00	310.00	311.00	307.00
458.00	427.00	486.00	492.00	459.00	480.00	434.00	414.00	390.00	376.00	380.00	372.00	370.00	397.00	390.00	392.00	415.00	442.00	426.00	461.00	487.00	504.00	506.00	396.00	386.00	403.00	401.00	376.00	365.00	356.00	351.00	345.00	345.00	347.00	349.00	351.00	351.00	352.00	375.00	417.00	346.00	346.00	345.00	345.00	344.00	343.00	341.00	341.00	339.00	340.00	339.00	336.00	335.00	338.00	343.00	343.00	343.00	344.00	344.00	349.00	351.00	351.00	356.00	360.00	366.00	392.00	415.00	474.00	484.00	471.00	437.00	400.00	393.00	390.00	384.00	381.00	376.00	372.00	369.00	367.00	361.00	363.00	361.00	361.00	361.00	355.00	353.00	352.00	351.00	350.00	347.00	348.00	348.00	347.00	348.00	347.00	347.00	346.00	346.00	345.00	344.00	344.00	342.00	343.00	342.00	340.00	342.00	340.00	339.00	338.00	337.00	335.00	331.00	333.00	332.00	337.00	339.00	338.00	335.00	335.00	335.00	334.00	334.00	333.00	334.00	333.00	336.00	337.00	339.00	341.00	345.00	346.00	348.00	349.00	353.00	353.00	356.00	357.00	358.00	361.00	357.00	355.00	351.00	345.00	340.00	338.00	337.00	335.00	330.00	326.00	326.00	325.00	325.00	325.00	324.00	324.00	323.00	324.00	324.00	324.00	322.00	324.00	325.00	324.00	325.00	327.00	321.00	322.00	324.00	325.00	323.00	324.00	322.00	323.00	323.00	324.00	325.00	323.00	321.00	323.00	323.00	321.00	322.00	324.00	327.00	327.00	327.00	325.00	324.00	323.00	323.00	322.00	321.00	322.00	323.00	325.00	324.00	323.00	323.00	323.00	323.00	321.00	322.00	321.00	321.00	321.00	320.00	320.00	319.00	318.00	318.00	318.00	317.00	317.00	318.00	318.00	320.00	319.00	320.00	319.00	320.00	320.00	320.00	319.00	319.00	319.00	319.00	317.00	316.00	317.00	318.00	318.00	316.00	315.00	316.00	315.00	315.00	312.00	312.00	313.00	313.00	311.00	313.00	313.00	314.00	313.00	312.00	312.00	312.00	311.00	310.00	311.00	310.00	308.00	308.00	306.00
456.00	427.00	444.00	439.00	435.00	402.00	386.00	379.00	387.00	370.00	367.00	364.00	366.00	377.00	383.00	388.00	397.00	408.00	485.00	460.00	410.00	384.00	436.00	381.00	386.00	366.00	362.00	349.00	341.00	340.00	341.00	336.00	337.00	338.00	341.00	347.00	351.00	363.00	364.00	345.00	339.00	342.00	347.00	339.00	340.00	335.00	337.00	335.00	335.00	343.00	338.00	344.00	335.00	336.00	339.00	340.00	339.00	338.00	345.00	348.00	350.00	354.00	359.00	362.00	365.00	376.00	386.00	456.00	460.00	472.00	436.00	416.00	418.00	393.00	384.00	376.00	370.00	368.00	366.00	362.00	360.00	357.00	356.00	356.00	356.00	355.00	350.00	349.00	349.00	348.00	349.00	349.00	345.00	344.00	346.00	345.00	345.00	344.00	344.00	343.00	343.00	343.00	341.00	341.00	340.00	340.00	340.00	338.00	338.00	335.00	336.00	336.00	333.00	331.00	329.00	333.00	333.00	334.00	334.00	333.00	334.00	331.00	333.00	331.00	328.00	332.00	332.00	338.00	340.00	342.00	344.00	345.00	344.00	345.00	350.00	352.00	355.00	354.00	354.00	354.00	357.00	354.00	351.00	344.00	342.00	337.00	336.00	335.00	330.00	326.00	325.00	326.00	325.00	324.00	323.00	322.00	321.00	321.00	321.00	320.00	318.00	320.00	319.00	322.00	321.00	321.00	319.00	322.00	322.00	324.00	323.00	323.00	322.00	321.00	321.00	321.00	322.00	322.00	321.00	320.00	320.00	322.00	322.00	323.00	326.00	326.00	326.00	324.00	324.00	323.00	322.00	321.00	319.00	322.00	322.00	323.00	323.00	321.00	321.00	320.00	321.00	320.00	320.00	319.00	318.00	319.00	318.00	318.00	317.00	316.00	315.00	315.00	315.00	315.00	315.00	317.00	318.00	318.00	318.00	318.00	317.00	318.00	317.00	318.00	317.00	317.00	317.00	316.00	315.00	314.00	314.00	316.00	315.00	314.00	314.00	314.00	314.00	313.00	312.00	311.00	312.00	312.00	311.00	312.00	311.00	310.00	310.00	309.00	310.00	310.00	308.00	308.00	308.00	307.00	305.00	305.00
455.00	409.00	418.00	410.00	443.00	394.00	376.00	371.00	373.00	363.00	362.00	363.00	365.00	386.00	402.00	408.00	426.00	411.00	491.00	422.00	383.00	367.00	376.00	380.00	354.00	361.00	358.00	341.00	337.00	335.00	334.00	334.00	334.00	334.00	337.00	340.00	347.00	340.00	337.00	340.00	337.00	337.00	337.00	337.00	336.00	335.00	334.00	333.00	334.00	331.00	336.00	333.00	332.00	336.00	339.00	339.00	337.00	340.00	342.00	347.00	349.00	351.00	360.00	361.00	366.00	374.00	381.00	411.00	449.00	438.00	424.00	409.00	407.00	390.00	384.00	377.00	368.00	366.00	364.00	362.00	358.00	358.00	354.00	355.00	355.00	353.00	348.00	347.00	350.00	347.00	349.00	351.00	345.00	343.00	343.00	345.00	345.00	344.00	342.00	342.00	342.00	341.00	341.00	339.00	340.00	340.00	339.00	338.00	336.00	337.00	335.00	335.00	333.00	332.00	329.00	332.00	333.00	332.00	332.00	333.00	333.00	330.00	332.00	327.00	328.00	333.00	335.00	339.00	342.00	340.00	340.00	341.00	342.00	345.00	349.00	351.00	354.00	351.00	351.00	353.00	353.00	351.00	350.00	345.00	344.00	341.00	338.00	336.00	332.00	327.00	326.00	325.00	324.00	324.00	322.00	322.00	321.00	320.00	320.00	321.00	317.00	317.00	319.00	320.00	320.00	319.00	318.00	322.00	325.00	324.00	321.00	320.00	322.00	321.00	319.00	321.00	321.00	322.00	321.00	319.00	320.00	321.00	321.00	324.00	327.00	325.00	323.00	324.00	323.00	323.00	322.00	320.00	319.00	322.00	322.00	321.00	321.00	321.00	321.00	320.00	319.00	319.00	319.00	318.00	318.00	317.00	316.00	316.00	316.00	315.00	315.00	314.00	314.00	314.00	314.00	316.00	316.00	317.00	317.00	316.00	317.00	315.00	316.00	317.00	316.00	317.00	316.00	316.00	315.00	314.00	314.00	313.00	314.00	314.00	313.00	315.00	313.00	312.00	310.00	312.00	312.00	311.00	312.00	310.00	310.00	309.00	308.00	307.00	309.00	308.00	308.00	308.00	309.00	306.00	304.00	303.00
426.00	408.00	394.00	415.00	477.00	411.00	375.00	369.00	368.00	358.00	358.00	361.00	366.00	386.00	391.00	399.00	416.00	430.00	496.00	392.00	364.00	359.00	384.00	351.00	343.00	341.00	339.00	336.00	332.00	329.00	330.00	331.00	330.00	332.00	333.00	335.00	331.00	330.00	332.00	334.00	336.00	334.00	333.00	334.00	333.00	330.00	333.00	331.00	330.00	330.00	330.00	332.00	334.00	334.00	337.00	337.00	340.00	341.00	349.00	350.00	353.00	356.00	364.00	366.00	372.00	376.00	378.00	429.00	455.00	431.00	419.00	393.00	388.00	383.00	379.00	374.00	364.00	365.00	363.00	361.00	357.00	354.00	353.00	353.00	353.00	350.00	349.00	347.00	346.00	349.00	347.00	346.00	343.00	343.00	342.00	343.00	343.00	343.00	342.00	341.00	341.00	341.00	340.00	339.00	339.00	339.00	338.00	337.00	337.00	336.00	334.00	335.00	333.00	332.00	328.00	331.00	333.00	331.00	332.00	331.00	332.00	328.00	329.00	327.00	328.00	335.00	336.00	337.00	340.00	337.00	341.00	343.00	344.00	346.00	353.00	356.00	354.00	350.00	348.00	351.00	349.00	350.00	350.00	347.00	342.00	340.00	338.00	336.00	334.00	328.00	328.00	326.00	323.00	322.00	321.00	321.00	319.00	320.00	320.00	319.00	317.00	318.00	316.00	315.00	319.00	317.00	317.00	319.00	319.00	320.00	318.00	317.00	318.00	321.00	319.00	318.00	320.00	320.00	319.00	318.00	319.00	320.00	322.00	324.00	326.00	324.00	323.00	322.00	321.00	321.00	320.00	320.00	317.00	320.00	321.00	321.00	320.00	320.00	319.00	319.00	319.00	319.00	318.00	317.00	316.00	316.00	316.00	315.00	315.00	315.00	312.00	312.00	313.00	312.00	313.00	313.00	315.00	316.00	317.00	315.00	316.00	316.00	316.00	316.00	316.00	316.00	315.00	316.00	314.00	313.00	313.00	312.00	311.00	313.00	313.00	312.00	311.00	311.00	310.00	310.00	311.00	310.00	310.00	308.00	309.00	309.00	308.00	308.00	306.00	307.00	308.00	307.00	306.00	306.00	304.00	303.00
441.00	401.00	406.00	455.00	408.00	385.00	370.00	365.00	359.00	354.00	356.00	361.00	375.00	383.00	392.00	405.00	423.00	470.00	495.00	389.00	359.00	356.00	365.00	339.00	336.00	333.00	331.00	330.00	327.00	328.00	327.00	329.00	327.00	326.00	331.00	328.00	327.00	326.00	331.00	334.00	333.00	332.00	329.00	330.00	331.00	335.00	330.00	328.00	326.00	328.00	331.00	332.00	333.00	336.00	338.00	338.00	338.00	340.00	347.00	355.00	362.00	365.00	377.00	380.00	385.00	386.00	382.00	407.00	423.00	429.00	407.00	397.00	387.00	384.00	378.00	374.00	365.00	362.00	360.00	361.00	357.00	355.00	351.00	350.00	351.00	350.00	346.00	346.00	345.00	348.00	345.00	343.00	342.00	342.00	341.00	343.00	342.00	340.00	341.00	340.00	341.00	340.00	338.00	339.00	338.00	338.00	338.00	337.00	336.00	336.00	334.00	333.00	333.00	330.00	328.00	328.00	333.00	331.00	329.00	331.00	331.00	328.00	325.00	326.00	332.00	332.00	336.00	335.00	338.00	340.00	340.00	341.00	341.00	346.00	351.00	353.00	352.00	350.00	345.00	348.00	348.00	346.00	347.00	345.00	344.00	340.00	337.00	336.00	332.00	329.00	327.00	327.00	322.00	322.00	321.00	319.00	319.00	319.00	317.00	319.00	316.00	315.00	315.00	314.00	317.00	314.00	315.00	316.00	318.00	317.00	316.00	314.00	317.00	317.00	316.00	316.00	318.00	318.00	318.00	317.00	318.00	320.00	322.00	325.00	323.00	322.00	322.00	323.00	321.00	321.00	320.00	319.00	317.00	320.00	320.00	320.00	320.00	318.00	318.00	318.00	316.00	317.00	316.00	317.00	315.00	315.00	315.00	315.00	314.00	314.00	311.00	312.00	311.00	311.00	310.00	312.00	313.00	313.00	315.00	315.00	315.00	315.00	316.00	315.00	315.00	315.00	314.00	315.00	313.00	312.00	310.00	311.00	310.00	311.00	311.00	311.00	310.00	309.00	308.00	310.00	310.00	309.00	308.00	310.00	307.00	307.00	306.00	305.00	306.00	306.00	305.00	308.00	306.00	305.00	302.00	301.00
380.00	372.00	371.00	402.00	369.00	360.00	361.00	350.00	349.00	351.00	358.00	366.00	367.00	378.00	382.00	387.00	392.00	402.00	439.00	384.00	353.00	340.00	334.00	325.00	323.00	321.00	321.00	319.00	318.00	320.00	318.00	321.00	324.00	326.00	325.00	322.00	323.00	325.00	327.00	328.00	327.00	327.00	326.00	326.00	329.00	326.00	325.00	325.00	326.00	329.00	327.00	330.00	331.00	333.00	335.00	338.00	342.00	354.00	393.00	383.00	382.00	407.00	518.00	514.00	460.00	416.00	400.00	409.00	409.00	414.00	437.00	445.00	404.00	394.00	382.00	374.00	364.00	361.00	359.00	358.00	355.00	357.00	355.00	349.00	348.00	348.00	345.00	344.00	345.00	347.00	346.00	343.00	339.00	340.00	339.00	340.00	341.00	337.00	337.00	338.00	337.00	339.00	338.00	336.00	336.00	335.00	336.00	336.00	335.00	334.00	333.00	333.00	332.00	328.00	326.00	327.00	328.00	328.00	328.00	328.00	328.00	324.00	325.00	327.00	328.00	331.00	331.00	332.00	334.00	336.00	336.00	337.00	339.00	342.00	345.00	347.00	347.00	344.00	341.00	346.00	345.00	346.00	343.00	340.00	339.00	340.00	339.00	340.00	336.00	332.00	329.00	328.00	322.00	321.00	320.00	318.00	318.00	317.00	316.00	316.00	314.00	314.00	311.00	311.00	311.00	312.00	312.00	312.00	315.00	315.00	313.00	313.00	313.00	315.00	315.00	315.00	314.00	315.00	314.00	314.00	318.00	319.00	323.00	323.00	321.00	319.00	319.00	319.00	318.00	319.00	320.00	317.00	316.00	318.00	318.00	319.00	318.00	317.00	317.00	316.00	315.00	313.00	312.00	311.00	311.00	312.00	313.00	313.00	313.00	312.00	309.00	310.00	309.00	309.00	309.00	309.00	309.00	310.00	312.00	313.00	314.00	314.00	314.00	314.00	314.00	313.00	313.00	312.00	311.00	310.00	310.00	310.00	309.00	309.00	308.00	308.00	309.00	309.00	308.00	308.00	307.00	308.00	307.00	306.00	305.00	305.00	303.00	305.00	303.00	302.00	303.00	302.00	304.00	304.00	303.00	300.00
386.00	363.00	365.00	381.00	360.00	353.00	352.00	348.00	345.00	347.00	361.00	373.00	378.00	393.00	403.00	404.00	395.00	384.00	364.00	352.00	342.00	334.00	327.00	323.00	320.00	319.00	317.00	315.00	316.00	317.00	317.00	318.00	323.00	321.00	319.00	321.00	321.00	323.00	323.00	323.00	324.00	323.00	325.00	324.00	322.00	324.00	323.00	324.00	324.00	326.00	324.00	327.00	329.00	329.00	338.00	343.00	355.00	367.00	430.00	477.00	429.00	441.00	541.00	551.00	538.00	423.00	417.00	420.00	423.00	414.00	437.00	427.00	397.00	386.00	378.00	370.00	360.00	358.00	357.00	358.00	354.00	357.00	354.00	351.00	346.00	346.00	345.00	342.00	345.00	347.00	344.00	341.00	341.00	340.00	337.00	340.00	340.00	337.00	336.00	338.00	337.00	338.00	337.00	336.00	335.00	335.00	334.00	336.00	334.00	334.00	333.00	331.00	330.00	329.00	325.00	325.00	328.00	328.00	327.00	326.00	326.00	325.00	328.00	330.00	332.00	333.00	333.00	332.00	334.00	334.00	340.00	338.00	337.00	340.00	344.00	344.00	343.00	343.00	339.00	342.00	343.00	344.00	343.00	339.00	335.00	339.00	335.00	334.00	335.00	329.00	329.00	327.00	323.00	322.00	318.00	319.00	319.00	318.00	317.00	314.00	315.00	314.00	312.00	309.00	309.00	310.00	309.00	311.00	313.00	314.00	312.00	312.00	312.00	312.00	313.00	313.00	314.00	313.00	311.00	314.00	316.00	319.00	320.00	321.00	320.00	317.00	317.00	317.00	316.00	318.00	319.00	316.00	315.00	317.00	317.00	318.00	318.00	316.00	316.00	314.00	314.00	311.00	310.00	311.00	311.00	311.00	312.00	312.00	310.00	309.00	309.00	308.00	308.00	307.00	307.00	307.00	307.00	309.00	309.00	311.00	313.00	313.00	313.00	312.00	312.00	313.00	312.00	311.00	311.00	311.00	308.00	307.00	308.00	309.00	308.00	307.00	307.00	307.00	307.00	307.00	306.00	307.00	306.00	305.00	304.00	305.00	303.00	304.00	303.00	302.00	302.00	302.00	301.00	303.00	303.00	300.00
382.00	363.00	357.00	363.00	354.00	349.00	345.00	342.00	343.00	351.00	356.00	361.00	374.00	405.00	454.00	464.00	420.00	349.00	345.00	340.00	333.00	326.00	326.00	318.00	317.00	315.00	314.00	309.00	313.00	314.00	314.00	316.00	315.00	315.00	315.00	317.00	320.00	319.00	322.00	323.00	321.00	325.00	325.00	322.00	321.00	321.00	321.00	323.00	323.00	323.00	326.00	327.00	326.00	330.00	341.00	354.00	376.00	378.00	517.00	527.00	513.00	468.00	483.00	470.00	508.00	470.00	434.00	418.00	417.00	451.00	425.00	395.00	388.00	380.00	377.00	371.00	360.00	355.00	354.00	353.00	351.00	350.00	351.00	349.00	346.00	344.00	344.00	341.00	342.00	344.00	343.00	342.00	340.00	338.00	337.00	338.00	339.00	336.00	336.00	337.00	336.00	338.00	335.00	334.00	335.00	334.00	334.00	334.00	334.00	333.00	331.00	331.00	330.00	329.00	327.00	324.00	326.00	327.00	326.00	324.00	324.00	326.00	329.00	330.00	331.00	333.00	334.00	333.00	335.00	336.00	344.00	342.00	338.00	338.00	341.00	340.00	339.00	340.00	338.00	339.00	340.00	342.00	340.00	337.00	334.00	333.00	336.00	335.00	332.00	332.00	330.00	327.00	324.00	322.00	321.00	319.00	318.00	316.00	315.00	314.00	314.00	313.00	313.00	310.00	309.00	308.00	308.00	309.00	312.00	313.00	312.00	310.00	311.00	311.00	310.00	312.00	313.00	310.00	309.00	313.00	318.00	317.00	317.00	318.00	317.00	316.00	314.00	314.00	315.00	315.00	317.00	315.00	315.00	315.00	316.00	317.00	316.00	315.00	315.00	313.00	312.00	310.00	310.00	310.00	310.00	310.00	311.00	311.00	310.00	309.00	307.00	307.00	306.00	307.00	307.00	306.00	305.00	306.00	307.00	309.00	311.00	313.00	312.00	314.00	313.00	312.00	310.00	312.00	308.00	308.00	308.00	306.00	306.00	307.00	307.00	307.00	306.00	306.00	306.00	306.00	307.00	306.00	304.00	305.00	304.00	303.00	303.00	302.00	302.00	301.00	302.00	302.00	301.00	302.00	302.00	299.00
398.00	363.00	352.00	349.00	344.00	344.00	341.00	339.00	339.00	345.00	352.00	353.00	360.00	417.00	431.00	402.00	361.00	338.00	335.00	328.00	324.00	321.00	320.00	319.00	316.00	313.00	310.00	309.00	310.00	311.00	311.00	313.00	315.00	312.00	312.00	314.00	316.00	318.00	318.00	319.00	320.00	323.00	323.00	320.00	319.00	318.00	320.00	321.00	320.00	322.00	323.00	326.00	329.00	325.00	355.00	362.00	383.00	398.00	517.00	488.00	462.00	453.00	415.00	421.00	488.00	538.00	501.00	436.00	427.00	450.00	414.00	384.00	381.00	378.00	373.00	368.00	358.00	354.00	353.00	351.00	350.00	348.00	348.00	348.00	346.00	343.00	342.00	341.00	343.00	346.00	342.00	339.00	338.00	339.00	336.00	337.00	338.00	336.00	335.00	336.00	335.00	335.00	334.00	333.00	334.00	333.00	333.00	333.00	333.00	332.00	330.00	329.00	329.00	328.00	328.00	324.00	326.00	325.00	325.00	323.00	321.00	324.00	326.00	328.00	331.00	333.00	334.00	336.00	337.00	337.00	340.00	344.00	340.00	338.00	336.00	338.00	335.00	337.00	336.00	337.00	337.00	338.00	340.00	336.00	334.00	331.00	332.00	334.00	332.00	331.00	329.00	328.00	324.00	323.00	321.00	321.00	319.00	315.00	315.00	313.00	312.00	311.00	312.00	312.00	309.00	307.00	308.00	308.00	310.00	312.00	310.00	310.00	310.00	310.00	310.00	311.00	312.00	309.00	307.00	311.00	317.00	317.00	316.00	315.00	314.00	313.00	314.00	313.00	313.00	315.00	316.00	314.00	314.00	315.00	315.00	315.00	315.00	314.00	313.00	312.00	309.00	308.00	308.00	309.00	309.00	309.00	310.00	311.00	309.00	307.00	307.00	306.00	306.00	305.00	306.00	305.00	304.00	305.00	306.00	308.00	309.00	311.00	311.00	312.00	312.00	310.00	309.00	308.00	307.00	306.00	305.00	306.00	307.00	306.00	306.00	306.00	304.00	305.00	305.00	305.00	305.00	304.00	305.00	305.00	303.00	304.00	302.00	302.00	301.00	302.00	299.00	302.00	304.00	303.00	303.00	302.00
349.00	363.00	349.00	357.00	337.00	334.00	333.00	338.00	337.00	344.00	348.00	348.00	347.00	334.00	329.00	328.00	327.00	325.00	314.00	311.00	311.00	312.00	327.00	366.00	330.00	312.00	310.00	305.00	306.00	309.00	308.00	306.00	306.00	307.00	311.00	310.00	312.00	325.00	357.00	372.00	370.00	369.00	331.00	317.00	318.00	317.00	318.00	318.00	318.00	320.00	322.00	322.00	324.00	325.00	395.00	414.00	435.00	505.00	445.00	426.00	413.00	407.00	401.00	390.00	391.00	405.00	411.00	434.00	450.00	393.00	384.00	375.00	372.00	369.00	367.00	364.00	354.00	350.00	349.00	349.00	345.00	345.00	346.00	344.00	344.00	340.00	339.00	339.00	339.00	340.00	342.00	338.00	333.00	337.00	334.00	335.00	335.00	335.00	333.00	332.00	332.00	333.00	332.00	331.00	332.00	332.00	330.00	331.00	330.00	330.00	329.00	329.00	328.00	327.00	328.00	326.00	325.00	324.00	322.00	320.00	321.00	328.00	325.00	326.00	328.00	333.00	337.00	336.00	341.00	338.00	335.00	334.00	335.00	336.00	332.00	333.00	332.00	332.00	333.00	333.00	336.00	334.00	333.00	334.00	332.00	332.00	333.00	332.00	328.00	328.00	325.00	325.00	323.00	322.00	320.00	319.00	318.00	317.00	317.00	314.00	311.00	311.00	309.00	309.00	309.00	307.00	306.00	306.00	307.00	309.00	309.00	310.00	310.00	307.00	307.00	309.00	308.00	307.00	305.00	311.00	317.00	317.00	317.00	316.00	311.00	312.00	311.00	313.00	312.00	315.00	314.00	312.00	313.00	311.00	312.00	312.00	312.00	310.00	310.00	311.00	309.00	307.00	308.00	307.00	306.00	308.00	307.00	307.00	306.00	305.00	304.00	304.00	304.00	303.00	303.00	303.00	302.00	302.00	301.00	304.00	306.00	306.00	308.00	309.00	308.00	308.00	307.00	308.00	306.00	305.00	305.00	306.00	304.00	305.00	303.00	303.00	304.00	303.00	303.00	302.00	301.00	301.00	301.00	301.00	302.00	301.00	300.00	301.00	299.00	300.00	299.00	299.00	300.00	301.00	301.00	302.00
349.00	363.00	349.00	357.00	337.00	334.00	333.00	338.00	337.00	344.00	348.00	348.00	347.00	334.00	329.00	328.00	327.00	325.00	314.00	311.00	311.00	312.00	327.00	366.00	330.00	312.00	310.00	305.00	306.00	309.00	308.00	306.00	306.00	307.00	311.00	310.00	312.00	325.00	357.00	372.00	370.00	369.00	331.00	317.00	318.00	317.00	318.00	318.00	318.00	320.00	322.00	322.00	324.00	325.00	395.00	414.00	435.00	505.00	445.00	426.00	413.00	407.00	401.00	390.00	391.00	405.00	411.00	434.00	450.00	393.00	384.00	375.00	372.00	369.00	367.00	364.00	354.00	350.00	349.00	349.00	345.00	345.00	346.00	344.00	344.00	340.00	339.00	339.00	339.00	340.00	342.00	338.00	333.00	337.00	334.00	335.00	335.00	335.00	333.00	332.00	332.00	333.00	332.00	331.00	332.00	332.00	330.00	331.00	330.00	330.00	329.00	329.00	328.00	327.00	328.00	326.00	325.00	324.00	322.00	320.00	321.00	328.00	325.00	326.00	328.00	333.00	337.00	336.00	341.00	338.00	335.00	334.00	335.00	336.00	332.00	333.00	332.00	332.00	333.00	333.00	336.00	334.00	333.00	334.00	332.00	332.00	333.00	332.00	328.00	328.00	325.00	325.00	323.00	322.00	320.00	319.00	318.00	317.00	317.00	314.00	311.00	311.00	309.00	309.00	309.00	307.00	306.00	306.00	307.00	309.00	309.00	310.00	310.00	307.00	307.00	309.00	308.00	307.00	305.00	311.00	317.00	317.00	317.00	316.00	311.00	312.00	311.00	313.00	312.00	315.00	314.00	312.00	313.00	311.00	312.00	312.00	312.00	310.00	310.00	311.00	309.00	307.00	308.00	307.00	306.00	308.00	307.00	307.00	306.00	305.00	304.00	304.00	304.00	303.00	303.00	303.00	302.00	302.00	301.00	304.00	306.00	306.00	308.00	309.00	308.00	308.00	307.00	308.00	306.00	305.00	305.00	306.00	304.00	305.00	303.00	303.00	304.00	303.00	303.00	302.00	301.00	301.00	301.00	301.00	302.00	301.00	300.00	301.00	299.00	300.00	299.00	299.00	300.00	301.00	301.00	302.00
339.00	344.00	331.00	342.00	333.00	332.00	333.00	343.00	347.00	350.00	349.00	358.00	344.00	331.00	324.00	322.00	320.00	315.00	309.00	308.00	306.00	307.00	313.00	345.00	330.00	318.00	307.00	303.00	306.00	305.00	304.00	303.00	303.00	305.00	307.00	312.00	320.00	337.00	347.00	331.00	317.00	317.00	315.00	314.00	314.00	315.00	317.00	316.00	316.00	320.00	319.00	320.00	323.00	328.00	389.00	470.00	513.00	506.00	476.00	445.00	406.00	400.00	400.00	388.00	386.00	394.00	399.00	483.00	467.00	395.00	378.00	370.00	367.00	366.00	364.00	359.00	353.00	351.00	349.00	348.00	346.00	343.00	344.00	343.00	340.00	339.00	339.00	338.00	337.00	337.00	339.00	339.00	336.00	333.00	333.00	334.00	334.00	334.00	333.00	332.00	331.00	333.00	332.00	332.00	331.00	331.00	330.00	331.00	330.00	329.00	329.00	328.00	327.00	327.00	326.00	326.00	324.00	325.00	321.00	320.00	321.00	326.00	327.00	329.00	331.00	339.00	339.00	341.00	341.00	339.00	333.00	331.00	331.00	333.00	330.00	332.00	331.00	331.00	330.00	331.00	334.00	333.00	331.00	333.00	333.00	336.00	337.00	335.00	329.00	327.00	325.00	322.00	323.00	322.00	320.00	320.00	320.00	315.00	315.00	314.00	312.00	309.00	308.00	308.00	308.00	306.00	304.00	304.00	305.00	307.00	310.00	310.00	309.00	308.00	307.00	307.00	307.00	305.00	304.00	309.00	314.00	317.00	316.00	318.00	311.00	312.00	312.00	311.00	312.00	315.00	313.00	311.00	312.00	311.00	311.00	311.00	311.00	309.00	307.00	307.00	307.00	305.00	307.00	306.00	307.00	306.00	306.00	305.00	304.00	303.00	302.00	303.00	303.00	303.00	302.00	303.00	302.00	301.00	302.00	302.00	302.00	305.00	306.00	307.00	307.00	307.00	307.00	306.00	304.00	305.00	305.00	305.00	305.00	302.00	301.00	302.00	302.00	302.00	301.00	301.00	301.00	300.00	299.00	300.00	301.00	300.00	300.00	300.00	300.00	298.00	300.00	300.00	297.00	298.00	300.00	301.00
333.00	327.00	325.00	327.00	327.00	331.00	334.00	338.00	343.00	360.00	356.00	373.00	364.00	326.00	323.00	317.00	314.00	310.00	304.00	304.00	305.00	304.00	306.00	321.00	313.00	304.00	301.00	301.00	304.00	302.00	301.00	302.00	303.00	302.00	306.00	317.00	323.00	330.00	319.00	308.00	309.00	312.00	312.00	311.00	313.00	316.00	314.00	314.00	317.00	317.00	319.00	320.00	321.00	328.00	425.00	520.00	550.00	527.00	448.00	426.00	415.00	398.00	391.00	384.00	381.00	397.00	408.00	454.00	505.00	410.00	380.00	367.00	364.00	362.00	360.00	359.00	352.00	348.00	347.00	345.00	343.00	341.00	340.00	341.00	341.00	337.00	337.00	336.00	335.00	335.00	338.00	337.00	334.00	333.00	331.00	333.00	333.00	333.00	330.00	329.00	330.00	331.00	332.00	330.00	330.00	329.00	329.00	329.00	329.00	329.00	328.00	327.00	326.00	325.00	326.00	326.00	321.00	324.00	322.00	319.00	321.00	323.00	324.00	326.00	329.00	335.00	338.00	342.00	341.00	338.00	332.00	330.00	329.00	330.00	328.00	330.00	330.00	329.00	328.00	330.00	332.00	330.00	330.00	333.00	337.00	341.00	341.00	340.00	330.00	325.00	322.00	321.00	319.00	320.00	320.00	318.00	320.00	315.00	316.00	314.00	313.00	310.00	310.00	307.00	307.00	305.00	304.00	302.00	304.00	304.00	307.00	309.00	308.00	307.00	305.00	306.00	306.00	304.00	304.00	308.00	311.00	314.00	317.00	317.00	312.00	312.00	312.00	313.00	311.00	313.00	312.00	311.00	310.00	311.00	310.00	309.00	309.00	307.00	305.00	305.00	305.00	306.00	305.00	306.00	307.00	307.00	304.00	304.00	303.00	302.00	302.00	302.00	302.00	302.00	301.00	301.00	301.00	302.00	302.00	302.00	302.00	302.00	302.00	305.00	307.00	305.00	306.00	306.00	303.00	304.00	305.00	304.00	304.00	301.00	301.00	301.00	301.00	300.00	301.00	301.00	301.00	299.00	299.00	299.00	298.00	300.00	300.00	299.00	300.00	300.00	298.00	297.00	297.00	296.00	297.00	299.00
332.00	322.00	321.00	322.00	327.00	331.00	340.00	350.00	356.00	359.00	363.00	372.00	367.00	325.00	318.00	313.00	309.00	306.00	302.00	301.00	301.00	300.00	300.00	303.00	299.00	298.00	299.00	299.00	301.00	302.00	300.00	300.00	301.00	302.00	317.00	332.00	355.00	350.00	315.00	304.00	306.00	308.00	311.00	309.00	309.00	313.00	314.00	316.00	315.00	319.00	319.00	322.00	324.00	327.00	408.00	509.00	551.00	553.00	445.00	409.00	414.00	404.00	383.00	381.00	378.00	381.00	388.00	454.00	495.00	408.00	382.00	365.00	361.00	360.00	357.00	356.00	351.00	349.00	345.00	341.00	341.00	339.00	340.00	339.00	339.00	337.00	335.00	334.00	335.00	334.00	332.00	334.00	334.00	332.00	331.00	331.00	331.00	331.00	331.00	329.00	327.00	330.00	331.00	329.00	329.00	328.00	328.00	329.00	328.00	329.00	327.00	327.00	326.00	326.00	324.00	325.00	321.00	321.00	321.00	318.00	319.00	319.00	322.00	324.00	325.00	330.00	332.00	339.00	338.00	337.00	335.00	332.00	329.00	327.00	329.00	327.00	326.00	326.00	327.00	329.00	329.00	328.00	327.00	334.00	347.00	349.00	353.00	348.00	334.00	324.00	321.00	320.00	320.00	318.00	317.00	319.00	319.00	316.00	315.00	314.00	312.00	310.00	308.00	307.00	307.00	305.00	303.00	303.00	301.00	302.00	305.00	306.00	306.00	306.00	304.00	304.00	306.00	302.00	303.00	307.00	310.00	313.00	317.00	316.00	312.00	312.00	312.00	312.00	310.00	312.00	311.00	310.00	309.00	310.00	309.00	309.00	307.00	307.00	306.00	304.00	305.00	305.00	306.00	306.00	306.00	307.00	302.00	302.00	302.00	302.00	301.00	301.00	301.00	301.00	300.00	300.00	299.00	299.00	300.00	302.00	301.00	301.00	301.00	304.00	305.00	305.00	305.00	305.00	301.00	300.00	303.00	304.00	304.00	300.00	300.00	301.00	300.00	299.00	299.00	300.00	300.00	300.00	298.00	298.00	297.00	298.00	298.00	298.00	297.00	299.00	299.00	298.00	297.00	296.00	297.00	295.00
319.00	319.00	320.00	325.00	326.00	331.00	337.00	345.00	362.00	373.00	378.00	381.00	355.00	320.00	314.00	310.00	305.00	303.00	300.00	298.00	297.00	296.00	295.00	293.00	297.00	297.00	297.00	298.00	299.00	300.00	298.00	299.00	299.00	300.00	343.00	344.00	329.00	327.00	302.00	303.00	306.00	307.00	308.00	309.00	311.00	313.00	313.00	315.00	317.00	318.00	324.00	324.00	323.00	327.00	371.00	418.00	510.00	553.00	454.00	427.00	395.00	387.00	381.00	378.00	374.00	374.00	373.00	385.00	393.00	382.00	376.00	361.00	359.00	355.00	356.00	354.00	349.00	347.00	344.00	342.00	337.00	338.00	337.00	336.00	337.00	335.00	334.00	332.00	335.00	331.00	331.00	333.00	329.00	330.00	330.00	330.00	332.00	329.00	329.00	327.00	328.00	327.00	328.00	328.00	327.00	328.00	328.00	327.00	326.00	328.00	327.00	327.00	325.00	324.00	325.00	325.00	322.00	319.00	319.00	317.00	319.00	319.00	320.00	323.00	324.00	330.00	333.00	337.00	339.00	336.00	336.00	332.00	331.00	328.00	330.00	326.00	325.00	325.00	328.00	327.00	326.00	325.00	325.00	334.00	339.00	342.00	369.00	370.00	334.00	324.00	320.00	320.00	316.00	316.00	318.00	318.00	318.00	317.00	314.00	315.00	311.00	309.00	308.00	307.00	305.00	304.00	303.00	301.00	301.00	302.00	303.00	302.00	305.00	304.00	304.00	304.00	304.00	301.00	304.00	305.00	308.00	310.00	314.00	316.00	311.00	311.00	310.00	311.00	311.00	310.00	311.00	310.00	309.00	309.00	309.00	308.00	307.00	306.00	304.00	304.00	304.00	304.00	305.00	306.00	305.00	305.00	303.00	302.00	301.00	301.00	302.00	301.00	300.00	300.00	301.00	299.00	300.00	300.00	301.00	303.00	300.00	300.00	299.00	302.00	304.00	304.00	303.00	303.00	302.00	301.00	302.00	302.00	303.00	300.00	299.00	299.00	299.00	298.00	298.00	298.00	298.00	300.00	297.00	296.00	296.00	295.00	296.00	296.00	298.00	297.00	297.00	297.00	295.00	297.00	298.00	296.00
316.00	316.00	322.00	321.00	330.00	333.00	340.00	350.00	355.00	382.00	378.00	364.00	336.00	315.00	310.00	307.00	303.00	301.00	298.00	296.00	293.00	295.00	289.00	293.00	295.00	297.00	299.00	298.00	301.00	299.00	296.00	296.00	303.00	302.00	299.00	298.00	297.00	301.00	300.00	301.00	304.00	304.00	307.00	307.00	308.00	310.00	312.00	318.00	319.00	322.00	325.00	323.00	325.00	326.00	356.00	383.00	419.00	443.00	407.00	398.00	389.00	393.00	377.00	376.00	373.00	368.00	369.00	367.00	372.00	370.00	366.00	358.00	355.00	355.00	352.00	352.00	346.00	345.00	343.00	341.00	335.00	334.00	335.00	335.00	334.00	334.00	333.00	333.00	332.00	328.00	327.00	329.00	330.00	329.00	329.00	330.00	329.00	329.00	329.00	327.00	325.00	328.00	328.00	327.00	327.00	327.00	327.00	327.00	326.00	327.00	326.00	326.00	324.00	324.00	324.00	324.00	324.00	318.00	317.00	316.00	318.00	319.00	319.00	323.00	325.00	327.00	330.00	333.00	335.00	335.00	331.00	331.00	330.00	327.00	324.00	327.00	325.00	325.00	326.00	326.00	324.00	324.00	326.00	331.00	333.00	339.00	344.00	346.00	332.00	324.00	321.00	318.00	317.00	315.00	315.00	316.00	316.00	317.00	316.00	313.00	311.00	309.00	308.00	306.00	304.00	304.00	302.00	301.00	300.00	301.00	302.00	302.00	303.00	303.00	303.00	302.00	304.00	301.00	304.00	305.00	307.00	311.00	313.00	314.00	310.00	309.00	310.00	310.00	310.00	311.00	310.00	310.00	308.00	308.00	308.00	307.00	307.00	305.00	304.00	303.00	302.00	304.00	304.00	305.00	305.00	305.00	302.00	301.00	300.00	300.00	301.00	302.00	300.00	299.00	299.00	299.00	299.00	301.00	302.00	303.00	300.00	300.00	299.00	300.00	302.00	302.00	302.00	301.00	301.00	301.00	300.00	300.00	303.00	300.00	299.00	299.00	298.00	297.00	298.00	297.00	298.00	298.00	296.00	296.00	296.00	295.00	296.00	297.00	298.00	297.00	298.00	297.00	297.00	296.00	298.00	297.00
314.00	315.00	319.00	319.00	326.00	334.00	345.00	362.00	368.00	363.00	353.00	339.00	331.00	309.00	305.00	303.00	299.00	299.00	294.00	293.00	293.00	290.00	289.00	293.00	294.00	293.00	294.00	296.00	293.00	294.00	294.00	306.00	303.00	297.00	297.00	295.00	297.00	298.00	299.00	301.00	303.00	305.00	305.00	304.00	306.00	311.00	318.00	342.00	355.00	334.00	326.00	326.00	325.00	330.00	344.00	355.00	363.00	378.00	399.00	389.00	394.00	419.00	376.00	372.00	369.00	367.00	365.00	363.00	367.00	364.00	362.00	356.00	355.00	350.00	350.00	350.00	344.00	343.00	340.00	340.00	334.00	332.00	333.00	333.00	334.00	332.00	332.00	331.00	331.00	329.00	326.00	326.00	329.00	330.00	328.00	329.00	329.00	328.00	328.00	325.00	326.00	326.00	327.00	327.00	326.00	326.00	326.00	327.00	325.00	325.00	326.00	325.00	324.00	324.00	324.00	324.00	323.00	321.00	318.00	316.00	317.00	317.00	320.00	323.00	324.00	326.00	328.00	330.00	332.00	331.00	329.00	329.00	328.00	326.00	323.00	326.00	327.00	326.00	325.00	324.00	323.00	324.00	325.00	328.00	331.00	334.00	337.00	337.00	328.00	323.00	321.00	319.00	314.00	314.00	314.00	313.00	315.00	312.00	314.00	316.00	311.00	307.00	306.00	306.00	304.00	303.00	302.00	300.00	299.00	299.00	300.00	300.00	301.00	301.00	302.00	302.00	300.00	301.00	304.00	305.00	309.00	311.00	312.00	311.00	309.00	309.00	308.00	308.00	308.00	309.00	310.00	309.00	307.00	307.00	306.00	305.00	306.00	305.00	304.00	302.00	301.00	302.00	304.00	304.00	305.00	303.00	300.00	300.00	300.00	300.00	299.00	301.00	301.00	301.00	299.00	298.00	298.00	299.00	301.00	298.00	298.00	297.00	298.00	299.00	301.00	301.00	301.00	301.00	299.00	298.00	298.00	299.00	299.00	299.00	299.00	298.00	299.00	297.00	298.00	298.00	298.00	296.00	297.00	296.00	295.00	294.00	295.00	295.00	296.00	298.00	297.00	296.00	297.00	296.00	297.00	296.00
310.00	313.00	315.00	319.00	329.00	336.00	353.00	370.00	351.00	325.00	317.00	322.00	317.00	302.00	300.00	298.00	296.00	295.00	290.00	289.00	287.00	285.00	287.00	287.00	290.00	290.00	290.00	291.00	290.00	297.00	326.00	317.00	294.00	291.00	293.00	293.00	298.00	299.00	300.00	300.00	301.00	302.00	304.00	304.00	308.00	340.00	329.00	326.00	327.00	345.00	366.00	381.00	343.00	374.00	343.00	344.00	351.00	360.00	422.00	388.00	380.00	376.00	370.00	366.00	363.00	360.00	359.00	357.00	355.00	354.00	353.00	350.00	348.00	346.00	345.00	344.00	339.00	337.00	336.00	336.00	332.00	329.00	330.00	329.00	329.00	328.00	329.00	329.00	329.00	328.00	326.00	325.00	327.00	329.00	327.00	325.00	326.00	324.00	327.00	322.00	323.00	322.00	322.00	326.00	326.00	324.00	324.00	324.00	324.00	323.00	323.00	324.00	322.00	322.00	321.00	321.00	320.00	320.00	318.00	314.00	314.00	318.00	321.00	320.00	321.00	323.00	324.00	326.00	330.00	326.00	326.00	326.00	326.00	326.00	320.00	319.00	322.00	323.00	321.00	319.00	319.00	321.00	322.00	324.00	324.00	327.00	326.00	325.00	321.00	318.00	318.00	315.00	312.00	311.00	312.00	313.00	312.00	310.00	312.00	313.00	312.00	308.00	308.00	305.00	304.00	303.00	301.00	298.00	298.00	297.00	301.00	299.00	298.00	299.00	300.00	299.00	298.00	301.00	302.00	304.00	310.00	307.00	306.00	307.00	307.00	308.00	306.00	306.00	308.00	307.00	308.00	307.00	306.00	306.00	306.00	304.00	304.00	304.00	304.00	301.00	301.00	301.00	303.00	304.00	302.00	302.00	300.00	299.00	298.00	299.00	299.00	298.00	299.00	298.00	299.00	296.00	296.00	296.00	295.00	294.00	294.00	295.00	295.00	295.00	298.00	297.00	298.00	298.00	297.00	295.00	295.00	296.00	298.00	298.00	296.00	296.00	295.00	297.00	296.00	297.00	296.00	295.00	294.00	295.00	296.00	295.00	294.00	296.00	295.00	299.00	294.00	298.00	297.00	297.00	296.00	296.00
307.00	308.00	315.00	324.00	342.00	339.00	335.00	339.00	327.00	315.00	309.00	310.00	308.00	300.00	297.00	297.00	295.00	293.00	290.00	287.00	283.00	283.00	283.00	287.00	288.00	288.00	289.00	289.00	291.00	303.00	327.00	292.00	290.00	291.00	293.00	293.00	297.00	298.00	298.00	301.00	301.00	302.00	303.00	304.00	305.00	308.00	309.00	312.00	315.00	349.00	357.00	358.00	375.00	386.00	342.00	344.00	350.00	360.00	395.00	381.00	376.00	373.00	366.00	363.00	362.00	357.00	357.00	355.00	354.00	351.00	350.00	346.00	345.00	344.00	343.00	341.00	337.00	334.00	333.00	332.00	330.00	329.00	329.00	328.00	327.00	327.00	327.00	328.00	327.00	325.00	326.00	325.00	324.00	326.00	325.00	326.00	325.00	325.00	325.00	322.00	322.00	321.00	320.00	324.00	324.00	324.00	324.00	323.00	323.00	322.00	322.00	322.00	321.00	321.00	321.00	320.00	320.00	316.00	315.00	314.00	313.00	318.00	318.00	319.00	319.00	323.00	324.00	325.00	327.00	323.00	324.00	324.00	324.00	324.00	319.00	317.00	319.00	321.00	323.00	317.00	319.00	320.00	320.00	320.00	321.00	322.00	323.00	322.00	319.00	318.00	317.00	315.00	311.00	311.00	309.00	310.00	310.00	309.00	310.00	308.00	312.00	307.00	307.00	304.00	304.00	303.00	298.00	298.00	297.00	296.00	298.00	299.00	298.00	298.00	299.00	297.00	297.00	302.00	302.00	303.00	307.00	305.00	304.00	305.00	307.00	307.00	306.00	306.00	306.00	307.00	308.00	307.00	306.00	305.00	305.00	303.00	304.00	302.00	302.00	301.00	301.00	300.00	301.00	301.00	302.00	300.00	298.00	298.00	298.00	298.00	297.00	296.00	298.00	297.00	296.00	296.00	295.00	294.00	296.00	294.00	293.00	294.00	294.00	292.00	296.00	297.00	297.00	297.00	296.00	295.00	294.00	293.00	295.00	295.00	296.00	296.00	295.00	295.00	295.00	295.00	295.00	294.00	293.00	295.00	295.00	296.00	294.00	296.00	296.00	297.00	297.00	295.00	297.00	296.00	297.00	297.00
305.00	305.00	312.00	333.00	327.00	327.00	318.00	315.00	313.00	310.00	304.00	303.00	302.00	294.00	294.00	293.00	293.00	297.00	290.00	285.00	282.00	280.00	280.00	286.00	286.00	287.00	289.00	288.00	289.00	302.00	308.00	289.00	289.00	289.00	292.00	293.00	295.00	297.00	299.00	299.00	300.00	302.00	303.00	304.00	302.00	303.00	307.00	311.00	316.00	329.00	352.00	377.00	375.00	343.00	342.00	345.00	351.00	359.00	371.00	373.00	370.00	367.00	364.00	361.00	359.00	354.00	355.00	352.00	352.00	351.00	349.00	343.00	344.00	343.00	339.00	339.00	334.00	332.00	330.00	329.00	327.00	327.00	329.00	326.00	326.00	326.00	326.00	326.00	325.00	326.00	326.00	324.00	324.00	323.00	325.00	325.00	324.00	324.00	325.00	321.00	319.00	320.00	320.00	322.00	324.00	324.00	323.00	322.00	322.00	320.00	321.00	321.00	320.00	320.00	319.00	318.00	317.00	316.00	314.00	311.00	313.00	315.00	316.00	317.00	319.00	323.00	325.00	327.00	323.00	321.00	322.00	323.00	323.00	322.00	318.00	316.00	317.00	317.00	320.00	317.00	319.00	318.00	319.00	320.00	319.00	320.00	320.00	322.00	317.00	317.00	319.00	315.00	312.00	309.00	309.00	310.00	310.00	310.00	310.00	309.00	309.00	310.00	308.00	305.00	304.00	302.00	298.00	298.00	297.00	296.00	296.00	298.00	299.00	296.00	297.00	297.00	298.00	301.00	300.00	301.00	305.00	304.00	303.00	303.00	302.00	304.00	306.00	305.00	306.00	307.00	305.00	306.00	305.00	304.00	303.00	304.00	303.00	302.00	301.00	301.00	300.00	299.00	299.00	300.00	300.00	300.00	299.00	298.00	296.00	296.00	296.00	296.00	295.00	296.00	295.00	294.00	294.00	293.00	293.00	292.00	292.00	292.00	293.00	292.00	294.00	295.00	296.00	294.00	295.00	294.00	294.00	294.00	293.00	293.00	293.00	294.00	293.00	295.00	294.00	295.00	294.00	294.00	293.00	294.00	295.00	295.00	296.00	296.00	296.00	295.00	296.00	296.00	296.00	297.00	296.00	294.00
303.00	302.00	307.00	308.00	306.00	310.00	312.00	308.00	304.00	300.00	299.00	296.00	293.00	291.00	291.00	290.00	292.00	296.00	284.00	282.00	279.00	278.00	280.00	285.00	285.00	285.00	286.00	287.00	286.00	307.00	291.00	289.00	289.00	290.00	292.00	293.00	297.00	298.00	299.00	299.00	299.00	302.00	301.00	302.00	304.00	305.00	307.00	310.00	317.00	323.00	332.00	335.00	331.00	333.00	344.00	350.00	350.00	355.00	368.00	370.00	366.00	363.00	359.00	357.00	356.00	352.00	351.00	351.00	350.00	350.00	348.00	344.00	342.00	339.00	338.00	337.00	332.00	330.00	328.00	328.00	325.00	326.00	327.00	325.00	326.00	324.00	324.00	325.00	325.00	324.00	325.00	324.00	323.00	323.00	323.00	324.00	323.00	324.00	323.00	322.00	320.00	319.00	319.00	321.00	323.00	323.00	321.00	321.00	321.00	321.00	321.00	321.00	317.00	318.00	317.00	318.00	317.00	312.00	311.00	312.00	312.00	316.00	317.00	318.00	320.00	325.00	325.00	325.00	322.00	320.00	321.00	322.00	322.00	322.00	321.00	317.00	315.00	315.00	316.00	316.00	317.00	317.00	317.00	318.00	320.00	320.00	320.00	319.00	316.00	319.00	321.00	316.00	311.00	311.00	309.00	308.00	309.00	307.00	308.00	309.00	308.00	308.00	310.00	308.00	305.00	303.00	297.00	296.00	296.00	295.00	295.00	296.00	299.00	297.00	294.00	295.00	297.00	300.00	301.00	299.00	301.00	302.00	302.00	300.00	301.00	302.00	304.00	305.00	305.00	305.00	305.00	306.00	304.00	304.00	303.00	303.00	302.00	301.00	302.00	301.00	300.00	297.00	298.00	299.00	300.00	299.00	297.00	295.00	296.00	296.00	296.00	295.00	296.00	293.00	295.00	293.00	293.00	292.00	293.00	293.00	292.00	292.00	292.00	292.00	293.00	292.00	293.00	293.00	293.00	293.00	293.00	292.00	293.00	292.00	293.00	293.00	293.00	294.00	295.00	294.00	291.00	292.00	291.00	294.00	295.00	296.00	294.00	297.00	296.00	297.00	294.00	293.00	296.00	296.00	297.00	290.00
299.00	299.00	304.00	302.00	300.00	303.00	299.00	294.00	295.00	287.00	287.00	287.00	284.00	288.00	292.00	289.00	286.00	286.00	278.00	274.00	275.00	276.00	275.00	281.00	283.00	282.00	282.00	289.00	296.00	285.00	285.00	287.00	288.00	287.00	291.00	292.00	296.00	296.00	295.00	298.00	298.00	300.00	300.00	300.00	302.00	307.00	309.00	310.00	314.00	317.00	321.00	326.00	328.00	332.00	345.00	352.00	357.00	359.00	370.00	365.00	362.00	356.00	352.00	350.00	348.00	346.00	345.00	347.00	346.00	346.00	345.00	340.00	337.00	334.00	333.00	332.00	329.00	326.00	325.00	324.00	322.00	323.00	323.00	323.00	324.00	320.00	322.00	321.00	322.00	321.00	321.00	323.00	323.00	320.00	321.00	321.00	321.00	320.00	321.00	320.00	319.00	318.00	318.00	318.00	319.00	320.00	321.00	320.00	319.00	319.00	318.00	318.00	318.00	316.00	315.00	314.00	313.00	309.00	310.00	312.00	313.00	318.00	320.00	321.00	322.00	323.00	323.00	323.00	319.00	318.00	318.00	317.00	317.00	318.00	316.00	317.00	313.00	312.00	313.00	319.00	315.00	314.00	316.00	340.00	326.00	322.00	318.00	315.00	313.00	312.00	312.00	312.00	307.00	307.00	307.00	307.00	308.00	307.00	307.00	309.00	307.00	303.00	305.00	307.00	306.00	303.00	296.00	295.00	294.00	294.00	292.00	294.00	296.00	295.00	294.00	293.00	296.00	298.00	298.00	296.00	299.00	299.00	300.00	297.00	299.00	299.00	301.00	301.00	303.00	304.00	304.00	304.00	304.00	302.00	302.00	303.00	302.00	300.00	300.00	299.00	299.00	296.00	296.00	296.00	294.00	296.00	296.00	295.00	295.00	296.00	295.00	295.00	293.00	292.00	293.00	291.00	291.00	290.00	292.00	290.00	291.00	290.00	289.00	289.00	290.00	290.00	289.00	289.00	290.00	292.00	291.00	292.00	292.00	290.00	290.00	292.00	290.00	294.00	295.00	292.00	291.00	289.00	289.00	295.00	295.00	296.00	295.00	296.00	296.00	295.00	295.00	294.00	294.00	294.00	290.00	284.00
297.00	296.00	298.00	300.00	296.00	294.00	292.00	290.00	288.00	285.00	283.00	283.00	283.00	286.00	290.00	286.00	284.00	282.00	278.00	273.00	276.00	275.00	272.00	280.00	280.00	280.00	281.00	283.00	282.00	282.00	284.00	285.00	286.00	288.00	291.00	293.00	293.00	295.00	294.00	295.00	298.00	298.00	299.00	300.00	300.00	305.00	306.00	311.00	312.00	320.00	323.00	326.00	331.00	333.00	347.00	350.00	356.00	367.00	367.00	363.00	359.00	356.00	348.00	347.00	348.00	343.00	344.00	343.00	344.00	342.00	341.00	337.00	335.00	333.00	331.00	329.00	327.00	325.00	324.00	321.00	321.00	320.00	322.00	323.00	321.00	320.00	321.00	321.00	319.00	321.00	321.00	321.00	321.00	319.00	318.00	318.00	321.00	320.00	321.00	321.00	319.00	318.00	317.00	318.00	319.00	319.00	319.00	319.00	318.00	318.00	317.00	319.00	316.00	316.00	314.00	313.00	313.00	308.00	310.00	313.00	314.00	319.00	320.00	322.00	323.00	322.00	323.00	321.00	319.00	318.00	316.00	315.00	315.00	316.00	314.00	313.00	312.00	311.00	311.00	318.00	317.00	313.00	314.00	358.00	333.00	327.00	319.00	315.00	311.00	310.00	310.00	307.00	307.00	307.00	307.00	306.00	305.00	305.00	308.00	307.00	307.00	303.00	303.00	306.00	305.00	303.00	298.00	296.00	293.00	292.00	291.00	294.00	294.00	293.00	293.00	292.00	297.00	296.00	296.00	294.00	296.00	299.00	297.00	296.00	297.00	299.00	300.00	298.00	303.00	303.00	302.00	304.00	303.00	303.00	302.00	302.00	302.00	299.00	299.00	298.00	297.00	296.00	296.00	295.00	295.00	294.00	295.00	295.00	295.00	296.00	296.00	295.00	294.00	292.00	291.00	290.00	290.00	290.00	291.00	289.00	288.00	288.00	290.00	290.00	289.00	287.00	289.00	288.00	290.00	290.00	290.00	291.00	291.00	290.00	290.00	291.00	290.00	293.00	292.00	291.00	289.00	287.00	290.00	294.00	294.00	293.00	293.00	295.00	294.00	296.00	293.00	294.00	290.00	292.00	288.00	284.00
294.00	293.00	291.00	296.00	290.00	289.00	288.00	287.00	286.00	281.00	281.00	279.00	280.00	283.00	286.00	286.00	282.00	280.00	277.00	273.00	275.00	272.00	274.00	279.00	279.00	278.00	278.00	278.00	278.00	282.00	282.00	285.00	286.00	285.00	290.00	290.00	298.00	311.00	294.00	295.00	296.00	298.00	297.00	299.00	301.00	305.00	307.00	308.00	314.00	318.00	323.00	327.00	331.00	337.00	350.00	358.00	360.00	365.00	369.00	363.00	358.00	354.00	349.00	345.00	342.00	341.00	340.00	341.00	340.00	339.00	340.00	335.00	334.00	331.00	329.00	328.00	327.00	324.00	322.00	321.00	320.00	321.00	320.00	320.00	321.00	318.00	320.00	320.00	319.00	320.00	319.00	321.00	319.00	319.00	317.00	317.00	318.00	318.00	320.00	319.00	319.00	317.00	317.00	317.00	318.00	317.00	319.00	317.00	317.00	316.00	317.00	318.00	316.00	315.00	313.00	311.00	310.00	308.00	312.00	314.00	315.00	317.00	320.00	323.00	323.00	320.00	320.00	320.00	320.00	318.00	313.00	314.00	313.00	314.00	311.00	310.00	310.00	309.00	313.00	316.00	317.00	313.00	311.00	319.00	340.00	324.00	316.00	316.00	310.00	309.00	309.00	307.00	305.00	305.00	306.00	304.00	305.00	303.00	305.00	305.00	306.00	301.00	302.00	305.00	304.00	302.00	297.00	296.00	294.00	292.00	291.00	292.00	291.00	292.00	290.00	294.00	295.00	295.00	296.00	293.00	294.00	297.00	297.00	295.00	297.00	298.00	299.00	298.00	301.00	302.00	302.00	302.00	303.00	302.00	302.00	301.00	300.00	300.00	299.00	298.00	298.00	297.00	295.00	296.00	295.00	294.00	294.00	293.00	294.00	296.00	296.00	294.00	292.00	292.00	290.00	291.00	290.00	290.00	289.00	288.00	289.00	289.00	287.00	288.00	287.00	287.00	288.00	288.00	287.00	289.00	290.00	290.00	290.00	288.00	289.00	289.00	291.00	291.00	292.00	291.00	289.00	286.00	289.00	293.00	293.00	292.00	293.00	293.00	296.00	295.00	293.00	293.00	291.00	289.00	286.00	282.00
292.00	290.00	294.00	290.00	287.00	286.00	285.00	285.00	285.00	280.00	277.00	279.00	282.00	283.00	282.00	284.00	282.00	281.00	277.00	274.00	272.00	272.00	272.00	278.00	276.00	278.00	277.00	278.00	279.00	280.00	283.00	291.00	286.00	290.00	288.00	290.00	291.00	292.00	292.00	293.00	295.00	295.00	297.00	298.00	298.00	302.00	305.00	310.00	311.00	320.00	323.00	326.00	332.00	338.00	357.00	369.00	378.00	375.00	371.00	365.00	357.00	352.00	346.00	344.00	341.00	339.00	338.00	337.00	338.00	336.00	335.00	333.00	331.00	330.00	328.00	325.00	324.00	324.00	322.00	319.00	320.00	320.00	320.00	321.00	319.00	317.00	319.00	319.00	318.00	319.00	319.00	318.00	317.00	316.00	316.00	316.00	317.00	318.00	318.00	319.00	318.00	317.00	317.00	316.00	316.00	316.00	317.00	316.00	317.00	316.00	317.00	317.00	315.00	314.00	313.00	311.00	309.00	308.00	310.00	311.00	313.00	316.00	319.00	322.00	323.00	319.00	318.00	318.00	319.00	316.00	313.00	313.00	312.00	311.00	308.00	308.00	306.00	309.00	313.00	314.00	315.00	316.00	311.00	311.00	318.00	318.00	314.00	313.00	313.00	307.00	307.00	306.00	305.00	304.00	304.00	305.00	303.00	302.00	303.00	304.00	304.00	301.00	302.00	304.00	303.00	304.00	296.00	295.00	293.00	290.00	290.00	291.00	290.00	290.00	290.00	292.00	294.00	294.00	294.00	293.00	293.00	295.00	295.00	295.00	296.00	297.00	296.00	297.00	300.00	301.00	301.00	302.00	302.00	300.00	301.00	301.00	300.00	300.00	300.00	299.00	298.00	296.00	295.00	295.00	294.00	294.00	293.00	293.00	293.00	293.00	294.00	293.00	293.00	293.00	291.00	289.00	289.00	289.00	289.00	289.00	288.00	288.00	288.00	286.00	286.00	285.00	285.00	287.00	286.00	288.00	288.00	289.00	288.00	287.00	287.00	289.00	289.00	291.00	291.00	288.00	288.00	285.00	288.00	291.00	293.00	290.00	290.00	292.00	292.00	294.00	291.00	290.00	288.00	285.00	283.00	281.00
288.00	287.00	286.00	284.00	281.00	281.00	280.00	282.00	280.00	274.00	274.00	275.00	279.00	279.00	279.00	277.00	279.00	278.00	277.00	274.00	270.00	270.00	272.00	275.00	274.00	276.00	275.00	277.00	280.00	279.00	287.00	286.00	287.00	286.00	291.00	288.00	288.00	290.00	291.00	290.00	294.00	295.00	296.00	298.00	298.00	304.00	306.00	309.00	313.00	322.00	326.00	331.00	340.00	360.00	470.00	517.00	452.00	393.00	377.00	359.00	350.00	346.00	339.00	337.00	335.00	334.00	333.00	331.00	333.00	331.00	331.00	329.00	328.00	327.00	325.00	323.00	321.00	320.00	318.00	317.00	317.00	318.00	317.00	317.00	318.00	316.00	314.00	315.00	317.00	315.00	315.00	315.00	316.00	315.00	313.00	315.00	318.00	317.00	316.00	317.00	316.00	314.00	315.00	313.00	315.00	315.00	315.00	314.00	314.00	315.00	315.00	316.00	313.00	313.00	312.00	309.00	306.00	310.00	310.00	309.00	309.00	312.00	312.00	315.00	318.00	315.00	312.00	312.00	313.00	314.00	314.00	310.00	307.00	308.00	304.00	304.00	306.00	310.00	311.00	310.00	311.00	313.00	315.00	307.00	307.00	307.00	309.00	309.00	309.00	307.00	306.00	306.00	303.00	302.00	301.00	300.00	300.00	300.00	299.00	299.00	301.00	299.00	299.00	300.00	299.00	298.00	297.00	297.00	292.00	292.00	289.00	291.00	289.00	290.00	288.00	289.00	291.00	291.00	292.00	291.00	290.00	292.00	292.00	293.00	293.00	294.00	294.00	294.00	297.00	298.00	299.00	299.00	300.00	299.00	299.00	299.00	299.00	299.00	298.00	297.00	296.00	296.00	295.00	294.00	294.00	295.00	294.00	293.00	293.00	291.00	291.00	291.00	291.00	292.00	292.00	291.00	289.00	288.00	289.00	289.00	289.00	288.00	287.00	284.00	283.00	284.00	285.00	285.00	287.00	287.00	287.00	288.00	290.00	284.00	284.00	288.00	288.00	289.00	290.00	288.00	287.00	284.00	283.00	289.00	288.00	286.00	289.00	291.00	291.00	289.00	287.00	284.00	284.00	282.00	280.00	279.00
286.00	286.00	284.00	284.00	279.00	279.00	278.00	280.00	276.00	274.00	276.00	278.00	276.00	278.00	277.00	276.00	278.00	277.00	279.00	272.00	270.00	270.00	273.00	273.00	274.00	274.00	274.00	277.00	277.00	277.00	280.00	284.00	283.00	292.00	285.00	286.00	287.00	289.00	289.00	291.00	294.00	298.00	296.00	296.00	301.00	306.00	307.00	309.00	315.00	322.00	329.00	334.00	341.00	351.00	524.00	440.00	388.00	371.00	355.00	350.00	345.00	341.00	337.00	333.00	332.00	331.00	330.00	329.00	330.00	329.00	329.00	328.00	325.00	325.00	323.00	321.00	318.00	317.00	316.00	315.00	314.00	315.00	315.00	316.00	317.00	315.00	313.00	314.00	315.00	313.00	314.00	315.00	315.00	312.00	313.00	314.00	316.00	315.00	316.00	316.00	312.00	314.00	313.00	313.00	313.00	314.00	314.00	314.00	313.00	313.00	315.00	314.00	313.00	312.00	311.00	307.00	305.00	311.00	310.00	311.00	310.00	312.00	313.00	313.00	313.00	311.00	310.00	310.00	311.00	310.00	309.00	309.00	308.00	307.00	302.00	304.00	306.00	309.00	310.00	309.00	309.00	310.00	312.00	309.00	306.00	305.00	306.00	306.00	307.00	306.00	307.00	304.00	302.00	300.00	300.00	301.00	300.00	299.00	298.00	298.00	299.00	299.00	297.00	297.00	298.00	295.00	297.00	298.00	293.00	293.00	289.00	288.00	289.00	290.00	287.00	288.00	287.00	288.00	291.00	289.00	290.00	290.00	290.00	291.00	293.00	293.00	293.00	293.00	296.00	297.00	298.00	298.00	298.00	298.00	297.00	298.00	298.00	297.00	297.00	297.00	296.00	294.00	294.00	294.00	295.00	295.00	294.00	294.00	294.00	292.00	290.00	289.00	291.00	291.00	291.00	289.00	290.00	288.00	288.00	288.00	290.00	288.00	286.00	285.00	284.00	284.00	284.00	285.00	286.00	285.00	287.00	288.00	288.00	284.00	286.00	287.00	288.00	289.00	288.00	287.00	287.00	284.00	284.00	287.00	284.00	283.00	290.00	288.00	289.00	286.00	285.00	281.00	282.00	281.00	278.00	276.00
285.00	285.00	282.00	281.00	278.00	276.00	276.00	275.00	273.00	276.00	274.00	278.00	277.00	278.00	277.00	275.00	275.00	272.00	273.00	269.00	269.00	270.00	271.00	271.00	274.00	272.00	273.00	275.00	276.00	277.00	279.00	281.00	282.00	287.00	285.00	284.00	288.00	288.00	290.00	293.00	297.00	302.00	299.00	298.00	301.00	307.00	309.00	312.00	316.00	325.00	329.00	336.00	341.00	353.00	495.00	408.00	372.00	361.00	352.00	346.00	343.00	339.00	333.00	331.00	330.00	328.00	328.00	328.00	328.00	327.00	327.00	325.00	324.00	323.00	322.00	320.00	316.00	314.00	314.00	314.00	313.00	314.00	315.00	315.00	316.00	312.00	314.00	312.00	313.00	311.00	314.00	313.00	311.00	312.00	310.00	313.00	314.00	314.00	316.00	314.00	312.00	311.00	312.00	311.00	312.00	313.00	313.00	313.00	312.00	314.00	313.00	313.00	311.00	309.00	309.00	305.00	305.00	309.00	310.00	310.00	309.00	316.00	314.00	310.00	312.00	310.00	308.00	308.00	307.00	306.00	307.00	307.00	306.00	306.00	304.00	303.00	306.00	308.00	309.00	310.00	309.00	309.00	310.00	311.00	307.00	305.00	304.00	304.00	304.00	306.00	305.00	304.00	304.00	303.00	301.00	301.00	300.00	298.00	297.00	298.00	297.00	299.00	298.00	295.00	294.00	294.00	294.00	297.00	294.00	289.00	290.00	289.00	290.00	287.00	286.00	288.00	287.00	288.00	288.00	288.00	288.00	289.00	288.00	287.00	291.00	291.00	291.00	292.00	294.00	296.00	297.00	298.00	298.00	297.00	297.00	297.00	296.00	296.00	296.00	296.00	295.00	292.00	293.00	293.00	293.00	294.00	293.00	293.00	293.00	292.00	292.00	291.00	289.00	290.00	290.00	288.00	287.00	286.00	287.00	288.00	289.00	288.00	287.00	283.00	283.00	283.00	283.00	284.00	285.00	285.00	282.00	284.00	286.00	284.00	284.00	287.00	289.00	288.00	287.00	287.00	284.00	282.00	281.00	283.00	281.00	282.00	285.00	285.00	284.00	283.00	280.00	278.00	277.00	279.00	277.00	276.00
282.00	281.00	280.00	279.00	277.00	275.00	273.00	273.00	271.00	280.00	278.00	281.00	281.00	276.00	275.00	275.00	272.00	271.00	270.00	269.00	268.00	268.00	271.00	270.00	271.00	272.00	273.00	273.00	275.00	276.00	278.00	281.00	280.00	282.00	284.00	286.00	290.00	291.00	293.00	293.00	304.00	305.00	300.00	299.00	301.00	307.00	310.00	313.00	316.00	325.00	328.00	334.00	343.00	349.00	408.00	395.00	368.00	353.00	346.00	343.00	339.00	336.00	330.00	328.00	327.00	327.00	326.00	324.00	327.00	326.00	325.00	323.00	322.00	321.00	320.00	317.00	314.00	313.00	313.00	312.00	312.00	311.00	313.00	314.00	313.00	312.00	312.00	312.00	311.00	312.00	312.00	312.00	310.00	309.00	311.00	311.00	311.00	314.00	315.00	313.00	311.00	311.00	311.00	312.00	311.00	312.00	312.00	312.00	313.00	312.00	313.00	313.00	310.00	309.00	306.00	303.00	307.00	308.00	309.00	309.00	311.00	312.00	313.00	310.00	309.00	308.00	306.00	306.00	306.00	305.00	303.00	303.00	305.00	303.00	305.00	304.00	306.00	307.00	308.00	311.00	310.00	309.00	308.00	311.00	308.00	306.00	304.00	302.00	303.00	304.00	304.00	304.00	303.00	303.00	301.00	301.00	301.00	298.00	297.00	297.00	297.00	299.00	297.00	296.00	295.00	293.00	291.00	291.00	292.00	290.00	290.00	292.00	293.00	289.00	286.00	288.00	287.00	287.00	286.00	287.00	288.00	286.00	285.00	288.00	289.00	291.00	291.00	291.00	294.00	295.00	296.00	296.00	296.00	297.00	296.00	297.00	295.00	296.00	296.00	295.00	295.00	290.00	291.00	293.00	292.00	292.00	292.00	292.00	292.00	292.00	291.00	289.00	288.00	287.00	287.00	287.00	286.00	286.00	287.00	288.00	286.00	287.00	285.00	283.00	282.00	282.00	283.00	282.00	282.00	281.00	282.00	284.00	284.00	282.00	282.00	284.00	284.00	286.00	286.00	287.00	287.00	284.00	280.00	279.00	278.00	280.00	283.00	281.00	283.00	281.00	278.00	273.00	272.00	275.00	274.00	274.00
278.00	276.00	277.00	276.00	274.00	272.00	269.00	270.00	270.00	274.00	277.00	287.00	285.00	273.00	274.00	273.00	274.00	268.00	268.00	268.00	269.00	269.00	270.00	270.00	269.00	270.00	271.00	272.00	274.00	275.00	278.00	277.00	278.00	281.00	285.00	290.00	291.00	297.00	300.00	305.00	304.00	303.00	302.00	303.00	305.00	312.00	314.00	316.00	318.00	327.00	333.00	337.00	349.00	384.00	358.00	353.00	350.00	344.00	339.00	338.00	335.00	332.00	325.00	323.00	323.00	321.00	322.00	319.00	322.00	322.00	319.00	318.00	317.00	316.00	315.00	313.00	310.00	311.00	311.00	310.00	310.00	309.00	310.00	311.00	310.00	310.00	309.00	310.00	310.00	310.00	309.00	307.00	306.00	306.00	308.00	308.00	309.00	313.00	312.00	311.00	308.00	310.00	310.00	309.00	310.00	311.00	311.00	310.00	312.00	312.00	310.00	310.00	307.00	306.00	302.00	301.00	307.00	307.00	307.00	310.00	313.00	311.00	309.00	307.00	306.00	307.00	306.00	306.00	302.00	300.00	301.00	300.00	301.00	302.00	304.00	302.00	303.00	304.00	305.00	308.00	309.00	310.00	309.00	308.00	308.00	307.00	305.00	302.00	302.00	300.00	300.00	301.00	301.00	302.00	302.00	302.00	299.00	297.00	296.00	296.00	297.00	295.00	297.00	296.00	297.00	294.00	292.00	291.00	290.00	288.00	286.00	286.00	287.00	287.00	285.00	283.00	284.00	286.00	285.00	288.00	283.00	283.00	282.00	285.00	286.00	288.00	290.00	289.00	292.00	291.00	293.00	292.00	293.00	295.00	294.00	294.00	295.00	294.00	294.00	294.00	294.00	288.00	287.00	288.00	290.00	291.00	289.00	289.00	289.00	288.00	288.00	288.00	287.00	286.00	287.00	285.00	285.00	286.00	284.00	283.00	283.00	283.00	282.00	282.00	281.00	281.00	281.00	281.00	280.00	279.00	278.00	281.00	282.00	281.00	280.00	281.00	283.00	287.00	286.00	285.00	285.00	282.00	278.00	273.00	274.00	278.00	276.00	276.00	276.00	274.00	271.00	268.00	269.00	269.00	271.00	273.00
275.00	276.00	274.00	274.00	270.00	268.00	268.00	268.00	269.00	272.00	278.00	282.00	276.00	270.00	273.00	276.00	269.00	266.00	265.00	267.00	270.00	271.00	269.00	268.00	269.00	270.00	271.00	272.00	274.00	276.00	277.00	278.00	281.00	281.00	288.00	310.00	295.00	301.00	301.00	316.00	308.00	306.00	305.00	304.00	306.00	313.00	316.00	317.00	321.00	326.00	334.00	344.00	366.00	369.00	353.00	349.00	345.00	340.00	336.00	333.00	333.00	330.00	324.00	322.00	319.00	319.00	318.00	318.00	316.00	318.00	317.00	315.00	315.00	313.00	312.00	313.00	309.00	308.00	307.00	309.00	306.00	309.00	308.00	307.00	309.00	308.00	308.00	307.00	310.00	308.00	308.00	307.00	305.00	305.00	307.00	307.00	309.00	311.00	312.00	309.00	309.00	310.00	308.00	309.00	309.00	310.00	311.00	310.00	310.00	310.00	310.00	308.00	307.00	305.00	301.00	301.00	306.00	306.00	309.00	310.00	310.00	310.00	309.00	306.00	306.00	303.00	304.00	306.00	300.00	299.00	300.00	299.00	299.00	303.00	303.00	302.00	301.00	302.00	305.00	307.00	306.00	306.00	309.00	307.00	309.00	309.00	306.00	303.00	300.00	301.00	299.00	300.00	301.00	302.00	302.00	303.00	300.00	296.00	295.00	295.00	296.00	297.00	296.00	295.00	296.00	295.00	292.00	291.00	291.00	290.00	284.00	283.00	284.00	283.00	283.00	282.00	283.00	283.00	284.00	282.00	280.00	280.00	282.00	283.00	286.00	287.00	288.00	289.00	292.00	292.00	291.00	291.00	291.00	294.00	294.00	294.00	294.00	294.00	293.00	294.00	293.00	287.00	286.00	286.00	287.00	289.00	288.00	288.00	287.00	287.00	288.00	287.00	286.00	286.00	286.00	285.00	284.00	284.00	286.00	283.00	282.00	281.00	280.00	280.00	280.00	281.00	281.00	280.00	279.00	278.00	278.00	278.00	280.00	280.00	278.00	280.00	281.00	283.00	285.00	285.00	283.00	281.00	276.00	272.00	272.00	275.00	273.00	272.00	274.00	270.00	268.00	267.00	269.00	269.00	270.00	268.00
274.00	273.00	274.00	272.00	269.00	267.00	267.00	269.00	272.00	276.00	283.00	280.00	275.00	270.00	270.00	270.00	268.00	263.00	267.00	269.00	274.00	285.00	266.00	269.00	268.00	270.00	271.00	273.00	275.00	274.00	275.00	277.00	279.00	280.00	300.00	336.00	298.00	301.00	303.00	326.00	312.00	308.00	308.00	306.00	307.00	314.00	317.00	322.00	323.00	332.00	336.00	343.00	370.00	420.00	348.00	344.00	342.00	339.00	332.00	330.00	328.00	326.00	321.00	319.00	319.00	316.00	317.00	315.00	315.00	315.00	313.00	313.00	311.00	311.00	310.00	308.00	306.00	308.00	307.00	306.00	306.00	306.00	306.00	308.00	307.00	309.00	307.00	308.00	309.00	307.00	308.00	305.00	305.00	304.00	306.00	308.00	308.00	310.00	310.00	309.00	308.00	307.00	308.00	309.00	309.00	309.00	310.00	310.00	311.00	310.00	308.00	308.00	307.00	304.00	300.00	300.00	306.00	307.00	309.00	309.00	308.00	310.00	307.00	305.00	304.00	302.00	303.00	302.00	299.00	298.00	297.00	299.00	301.00	302.00	302.00	302.00	302.00	300.00	302.00	305.00	305.00	308.00	308.00	308.00	306.00	306.00	306.00	303.00	302.00	300.00	302.00	302.00	302.00	300.00	300.00	300.00	300.00	296.00	294.00	294.00	295.00	295.00	297.00	294.00	294.00	296.00	290.00	291.00	292.00	290.00	284.00	284.00	282.00	281.00	282.00	281.00	281.00	280.00	282.00	279.00	280.00	279.00	280.00	281.00	287.00	287.00	287.00	287.00	290.00	289.00	288.00	289.00	288.00	292.00	293.00	293.00	293.00	292.00	292.00	291.00	292.00	288.00	285.00	286.00	285.00	288.00	286.00	286.00	286.00	285.00	285.00	285.00	285.00	285.00	284.00	283.00	283.00	283.00	282.00	281.00	280.00	281.00	281.00	279.00	280.00	279.00	281.00	279.00	278.00	277.00	276.00	277.00	279.00	277.00	278.00	281.00	281.00	283.00	282.00	281.00	283.00	280.00	278.00	271.00	272.00	270.00	270.00	269.00	268.00	267.00	268.00	267.00	268.00	268.00	271.00	270.00
272.00	272.00	270.00	270.00	267.00	267.00	268.00	269.00	274.00	277.00	284.00	280.00	274.00	265.00	266.00	266.00	262.00	263.00	265.00	266.00	280.00	276.00	267.00	266.00	269.00	269.00	268.00	271.00	272.00	274.00	274.00	277.00	277.00	276.00	313.00	355.00	308.00	305.00	314.00	368.00	317.00	315.00	310.00	306.00	310.00	317.00	320.00	322.00	325.00	333.00	339.00	348.00	370.00	445.00	345.00	341.00	338.00	335.00	331.00	327.00	326.00	323.00	320.00	318.00	315.00	315.00	314.00	314.00	313.00	312.00	312.00	308.00	310.00	308.00	307.00	308.00	306.00	305.00	306.00	306.00	304.00	305.00	305.00	305.00	306.00	305.00	307.00	307.00	309.00	307.00	306.00	304.00	303.00	304.00	306.00	308.00	309.00	309.00	309.00	307.00	307.00	308.00	308.00	309.00	308.00	309.00	309.00	310.00	309.00	309.00	307.00	306.00	306.00	303.00	299.00	301.00	304.00	304.00	307.00	308.00	307.00	307.00	306.00	304.00	303.00	301.00	300.00	300.00	297.00	296.00	297.00	298.00	300.00	301.00	301.00	302.00	300.00	299.00	300.00	303.00	302.00	303.00	303.00	305.00	306.00	304.00	305.00	303.00	300.00	299.00	302.00	303.00	302.00	301.00	300.00	297.00	297.00	296.00	294.00	296.00	296.00	295.00	294.00	294.00	294.00	292.00	291.00	289.00	289.00	288.00	286.00	284.00	283.00	282.00	279.00	280.00	280.00	280.00	280.00	278.00	277.00	277.00	279.00	279.00	285.00	285.00	284.00	285.00	288.00	286.00	287.00	287.00	285.00	291.00	292.00	293.00	292.00	291.00	291.00	291.00	291.00	288.00	285.00	284.00	285.00	286.00	286.00	286.00	286.00	285.00	284.00	285.00	283.00	283.00	284.00	284.00	285.00	283.00	283.00	281.00	282.00	280.00	280.00	279.00	279.00	279.00	278.00	279.00	277.00	277.00	277.00	277.00	277.00	276.00	277.00	280.00	279.00	281.00	277.00	279.00	278.00	280.00	277.00	276.00	271.00	268.00	268.00	267.00	267.00	267.00	267.00	267.00	267.00	267.00	268.00	267.00
268.00	268.00	266.00	265.00	264.00	265.00	267.00	267.00	269.00	275.00	274.00	273.00	276.00	263.00	262.00	262.00	261.00	261.00	268.00	277.00	268.00	264.00	264.00	265.00	267.00	267.00	269.00	270.00	271.00	272.00	272.00	272.00	272.00	272.00	290.00	324.00	323.00	316.00	338.00	352.00	330.00	331.00	314.00	311.00	313.00	321.00	326.00	329.00	332.00	337.00	339.00	346.00	355.00	372.00	341.00	337.00	332.00	329.00	325.00	324.00	321.00	318.00	315.00	314.00	313.00	310.00	309.00	309.00	309.00	308.00	307.00	304.00	304.00	303.00	304.00	303.00	303.00	304.00	303.00	302.00	302.00	302.00	302.00	303.00	304.00	305.00	304.00	305.00	305.00	305.00	303.00	301.00	300.00	302.00	304.00	306.00	306.00	308.00	308.00	306.00	307.00	307.00	306.00	307.00	307.00	308.00	306.00	309.00	307.00	303.00	304.00	306.00	305.00	302.00	300.00	298.00	302.00	304.00	304.00	305.00	306.00	303.00	304.00	302.00	302.00	299.00	297.00	297.00	296.00	294.00	297.00	300.00	299.00	299.00	299.00	301.00	302.00	299.00	297.00	300.00	301.00	299.00	301.00	303.00	304.00	303.00	301.00	302.00	299.00	300.00	303.00	303.00	304.00	306.00	301.00	298.00	295.00	295.00	292.00	295.00	295.00	294.00	293.00	293.00	293.00	293.00	290.00	288.00	288.00	289.00	285.00	283.00	281.00	280.00	281.00	277.00	277.00	277.00	277.00	274.00	275.00	274.00	274.00	277.00	280.00	282.00	282.00	284.00	280.00	282.00	283.00	284.00	286.00	287.00	289.00	291.00	290.00	290.00	290.00	289.00	289.00	286.00	285.00	285.00	285.00	286.00	285.00	285.00	284.00	284.00	283.00	282.00	281.00	281.00	281.00	282.00	282.00	281.00	281.00	279.00	280.00	279.00	279.00	277.00	277.00	278.00	277.00	277.00	276.00	275.00	276.00	276.00	274.00	275.00	273.00	272.00	272.00	274.00	271.00	273.00	272.00	271.00	273.00	274.00	272.00	268.00	267.00	268.00	267.00	268.00	267.00	267.00	267.00	267.00	267.00	267.00
267.00	265.00	264.00	264.00	263.00	264.00	265.00	266.00	267.00	270.00	270.00	272.00	277.00	261.00	262.00	261.00	260.00	260.00	266.00	282.00	266.00	263.00	264.00	266.00	266.00	266.00	268.00	269.00	271.00	270.00	271.00	271.00	271.00	273.00	292.00	324.00	328.00	325.00	351.00	327.00	314.00	312.00	309.00	311.00	314.00	324.00	330.00	334.00	337.00	342.00	345.00	348.00	349.00	350.00	337.00	332.00	329.00	326.00	323.00	320.00	318.00	316.00	313.00	313.00	311.00	308.00	307.00	307.00	306.00	306.00	306.00	303.00	301.00	302.00	301.00	301.00	302.00	301.00	301.00	301.00	300.00	300.00	301.00	300.00	302.00	304.00	303.00	303.00	304.00	303.00	303.00	302.00	301.00	302.00	304.00	305.00	305.00	307.00	306.00	306.00	306.00	306.00	306.00	306.00	307.00	307.00	305.00	308.00	305.00	304.00	304.00	304.00	303.00	302.00	300.00	297.00	302.00	302.00	304.00	305.00	305.00	305.00	303.00	301.00	300.00	297.00	298.00	296.00	295.00	293.00	297.00	298.00	298.00	298.00	298.00	301.00	301.00	300.00	299.00	297.00	297.00	298.00	299.00	302.00	301.00	302.00	300.00	301.00	299.00	299.00	301.00	301.00	302.00	304.00	298.00	298.00	298.00	292.00	292.00	293.00	296.00	292.00	290.00	290.00	290.00	292.00	289.00	288.00	288.00	287.00	285.00	284.00	282.00	280.00	279.00	278.00	277.00	276.00	276.00	275.00	274.00	273.00	273.00	273.00	277.00	279.00	281.00	281.00	278.00	278.00	279.00	283.00	285.00	286.00	287.00	289.00	289.00	289.00	288.00	288.00	286.00	283.00	283.00	285.00	284.00	284.00	284.00	283.00	283.00	283.00	282.00	281.00	280.00	280.00	280.00	281.00	281.00	281.00	281.00	280.00	280.00	279.00	280.00	278.00	277.00	278.00	275.00	277.00	275.00	275.00	274.00	273.00	272.00	273.00	272.00	273.00	272.00	270.00	270.00	270.00	268.00	269.00	269.00	272.00	272.00	272.00	267.00	267.00	267.00	268.00	267.00	267.00	267.00	267.00	267.00	267.00
265.00	264.00	262.00	263.00	262.00	265.00	264.00	267.00	270.00	267.00	270.00	269.00	275.00	262.00	261.00	260.00	258.00	261.00	275.00	272.00	264.00	263.00	263.00	264.00	265.00	266.00	266.00	269.00	269.00	269.00	271.00	270.00	272.00	273.00	294.00	313.00	336.00	348.00	347.00	314.00	305.00	305.00	308.00	311.00	317.00	330.00	348.00	348.00	345.00	351.00	353.00	354.00	351.00	346.00	336.00	331.00	327.00	324.00	320.00	318.00	316.00	314.00	311.00	310.00	310.00	306.00	307.00	306.00	304.00	304.00	303.00	301.00	300.00	300.00	300.00	299.00	299.00	301.00	301.00	298.00	299.00	299.00	299.00	300.00	301.00	303.00	302.00	303.00	302.00	302.00	302.00	301.00	301.00	301.00	303.00	303.00	304.00	306.00	306.00	306.00	306.00	306.00	306.00	306.00	307.00	306.00	306.00	306.00	303.00	303.00	303.00	304.00	302.00	302.00	300.00	297.00	301.00	300.00	303.00	303.00	305.00	302.00	304.00	302.00	299.00	296.00	296.00	294.00	294.00	293.00	297.00	296.00	297.00	296.00	299.00	300.00	301.00	300.00	298.00	295.00	296.00	297.00	299.00	300.00	301.00	302.00	300.00	297.00	301.00	298.00	299.00	299.00	301.00	301.00	300.00	297.00	294.00	293.00	289.00	292.00	292.00	291.00	289.00	289.00	291.00	291.00	290.00	288.00	287.00	287.00	285.00	282.00	280.00	278.00	277.00	275.00	276.00	275.00	274.00	273.00	272.00	271.00	272.00	272.00	273.00	277.00	278.00	280.00	277.00	276.00	280.00	280.00	282.00	285.00	286.00	288.00	288.00	289.00	287.00	286.00	286.00	283.00	283.00	282.00	284.00	282.00	283.00	282.00	282.00	281.00	280.00	280.00	280.00	280.00	281.00	280.00	279.00	280.00	280.00	281.00	279.00	280.00	278.00	278.00	276.00	275.00	275.00	275.00	275.00	273.00	274.00	271.00	272.00	272.00	271.00	272.00	271.00	268.00	270.00	268.00	268.00	269.00	268.00	269.00	268.00	272.00	268.00	267.00	268.00	269.00	270.00	268.00	268.00	267.00	267.00	267.00
262.00	262.00	260.00	260.00	261.00	262.00	264.00	265.00	267.00	268.00	269.00	266.00	267.00	260.00	259.00	260.00	259.00	258.00	264.00	262.00	263.00	261.00	263.00	263.00	265.00	266.00	265.00	267.00	268.00	269.00	268.00	270.00	272.00	276.00	288.00	291.00	329.00	336.00	309.00	303.00	301.00	301.00	310.00	339.00	356.00	331.00	383.00	419.00	402.00	368.00	365.00	370.00	355.00	347.00	334.00	330.00	327.00	324.00	318.00	316.00	315.00	312.00	309.00	308.00	307.00	305.00	304.00	304.00	302.00	302.00	301.00	298.00	299.00	298.00	297.00	298.00	299.00	298.00	298.00	298.00	298.00	299.00	299.00	299.00	300.00	300.00	301.00	299.00	301.00	299.00	300.00	301.00	302.00	302.00	302.00	302.00	303.00	303.00	305.00	305.00	306.00	305.00	305.00	305.00	306.00	306.00	306.00	304.00	304.00	304.00	301.00	303.00	302.00	301.00	302.00	299.00	297.00	299.00	300.00	301.00	302.00	305.00	304.00	301.00	300.00	294.00	294.00	293.00	294.00	294.00	296.00	295.00	295.00	295.00	298.00	299.00	299.00	298.00	297.00	294.00	295.00	300.00	299.00	300.00	302.00	301.00	300.00	297.00	296.00	297.00	296.00	297.00	300.00	299.00	299.00	295.00	295.00	290.00	288.00	289.00	293.00	290.00	289.00	290.00	290.00	289.00	291.00	289.00	288.00	286.00	284.00	280.00	279.00	277.00	277.00	277.00	275.00	274.00	274.00	273.00	271.00	270.00	271.00	270.00	273.00	274.00	277.00	279.00	276.00	278.00	279.00	279.00	280.00	284.00	284.00	285.00	286.00	287.00	287.00	286.00	286.00	282.00	282.00	283.00	282.00	282.00	280.00	280.00	281.00	280.00	279.00	279.00	278.00	278.00	279.00	279.00	278.00	278.00	279.00	278.00	278.00	279.00	279.00	278.00	277.00	275.00	276.00	275.00	273.00	273.00	274.00	272.00	272.00	271.00	271.00	270.00	269.00	267.00	268.00	267.00	268.00	268.00	268.00	268.00	267.00	268.00	270.00	272.00	274.00	273.00	269.00	267.00	268.00	267.00	267.00	268.00
258.00	257.00	258.00	260.00	260.00	260.00	261.00	261.00	264.00	266.00	262.00	261.00	259.00	257.00	258.00	258.00	259.00	259.00	258.00	259.00	261.00	259.00	263.00	273.00	273.00	265.00	264.00	265.00	266.00	266.00	270.00	270.00	274.00	277.00	295.00	312.00	307.00	297.00	295.00	295.00	297.00	297.00	305.00	334.00	427.00	360.00	395.00	453.00	357.00	345.00	342.00	345.00	341.00	337.00	326.00	325.00	323.00	320.00	316.00	312.00	312.00	309.00	305.00	305.00	303.00	303.00	301.00	302.00	298.00	297.00	298.00	296.00	296.00	294.00	294.00	296.00	297.00	295.00	295.00	296.00	296.00	297.00	297.00	297.00	299.00	297.00	299.00	296.00	299.00	298.00	299.00	299.00	298.00	299.00	299.00	299.00	301.00	300.00	304.00	303.00	303.00	304.00	304.00	305.00	306.00	306.00	304.00	302.00	302.00	301.00	301.00	301.00	301.00	300.00	300.00	299.00	294.00	295.00	297.00	298.00	300.00	302.00	301.00	302.00	299.00	296.00	293.00	291.00	291.00	294.00	295.00	292.00	293.00	294.00	293.00	294.00	295.00	292.00	293.00	294.00	294.00	293.00	295.00	296.00	301.00	300.00	298.00	296.00	292.00	297.00	295.00	294.00	295.00	292.00	297.00	293.00	292.00	291.00	288.00	287.00	287.00	290.00	289.00	292.00	291.00	291.00	292.00	290.00	289.00	288.00	283.00	279.00	278.00	278.00	276.00	277.00	276.00	273.00	272.00	272.00	271.00	269.00	269.00	270.00	270.00	274.00	276.00	274.00	274.00	276.00	280.00	278.00	279.00	284.00	284.00	284.00	284.00	285.00	286.00	285.00	284.00	281.00	281.00	280.00	279.00	279.00	278.00	278.00	278.00	277.00	277.00	277.00	278.00	276.00	276.00	277.00	278.00	277.00	276.00	276.00	276.00	276.00	276.00	276.00	275.00	275.00	274.00	275.00	272.00	272.00	272.00	271.00	271.00	270.00	269.00	269.00	268.00	267.00	267.00	268.00	267.00	268.00	268.00	268.00	267.00	268.00	268.00	267.00	267.00	267.00	267.00	269.00	269.00	269.00	269.00	267.00
256.00	255.00	258.00	257.00	259.00	257.00	260.00	261.00	260.00	261.00	257.00	257.00	256.00	257.00	257.00	258.00	258.00	258.00	259.00	260.00	258.00	260.00	261.00	267.00	269.00	262.00	266.00	264.00	266.00	268.00	276.00	271.00	275.00	285.00	322.00	343.00	298.00	295.00	291.00	291.00	296.00	295.00	300.00	313.00	340.00	420.00	452.00	411.00	342.00	333.00	331.00	338.00	335.00	332.00	323.00	320.00	319.00	318.00	314.00	311.00	308.00	306.00	303.00	302.00	303.00	300.00	300.00	298.00	298.00	296.00	295.00	293.00	294.00	294.00	294.00	292.00	294.00	294.00	295.00	295.00	296.00	295.00	296.00	297.00	297.00	298.00	296.00	297.00	296.00	298.00	298.00	299.00	299.00	298.00	298.00	298.00	299.00	301.00	303.00	304.00	303.00	302.00	304.00	303.00	303.00	304.00	303.00	300.00	301.00	301.00	300.00	300.00	301.00	299.00	299.00	298.00	293.00	293.00	297.00	299.00	299.00	300.00	300.00	299.00	298.00	294.00	295.00	292.00	290.00	292.00	293.00	291.00	291.00	292.00	292.00	292.00	293.00	292.00	291.00	293.00	292.00	294.00	294.00	296.00	297.00	299.00	298.00	294.00	291.00	295.00	295.00	294.00	294.00	290.00	293.00	292.00	290.00	291.00	287.00	287.00	286.00	288.00	291.00	292.00	292.00	290.00	289.00	288.00	286.00	289.00	283.00	280.00	278.00	277.00	277.00	276.00	277.00	273.00	270.00	271.00	270.00	269.00	268.00	268.00	270.00	273.00	275.00	273.00	275.00	275.00	275.00	277.00	281.00	284.00	284.00	282.00	283.00	283.00	284.00	283.00	283.00	282.00	280.00	278.00	278.00	277.00	278.00	278.00	277.00	276.00	276.00	276.00	277.00	276.00	277.00	276.00	277.00	275.00	276.00	276.00	276.00	274.00	275.00	274.00	277.00	275.00	275.00	272.00	274.00	272.00	271.00	272.00	271.00	269.00	269.00	269.00	268.00	267.00	267.00	268.00	268.00	268.00	268.00	268.00	268.00	267.00	268.00	267.00	267.00	267.00	267.00	271.00	273.00	275.00	271.00	271.00
254.00	256.00	256.00	256.00	256.00	257.00	260.00	261.00	262.00	255.00	255.00	254.00	251.00	255.00	257.00	258.00	257.00	257.00	257.00	258.00	258.00	258.00	259.00	259.00	261.00	262.00	263.00	266.00	263.00	271.00	277.00	273.00	282.00	304.00	340.00	376.00	295.00	291.00	289.00	291.00	291.00	294.00	295.00	297.00	304.00	381.00	423.00	424.00	338.00	323.00	325.00	327.00	325.00	326.00	318.00	317.00	315.00	315.00	311.00	309.00	307.00	305.00	303.00	302.00	299.00	299.00	298.00	297.00	296.00	294.00	295.00	293.00	294.00	292.00	292.00	293.00	294.00	293.00	294.00	294.00	293.00	295.00	295.00	295.00	296.00	296.00	296.00	294.00	296.00	298.00	298.00	298.00	297.00	297.00	299.00	297.00	298.00	300.00	301.00	302.00	302.00	303.00	303.00	304.00	302.00	300.00	300.00	301.00	301.00	301.00	299.00	298.00	300.00	299.00	299.00	298.00	293.00	294.00	295.00	298.00	299.00	299.00	299.00	299.00	297.00	292.00	293.00	294.00	289.00	290.00	291.00	290.00	290.00	290.00	291.00	290.00	292.00	291.00	290.00	291.00	293.00	292.00	294.00	293.00	293.00	297.00	297.00	296.00	290.00	292.00	294.00	294.00	293.00	289.00	289.00	290.00	289.00	288.00	288.00	287.00	284.00	288.00	289.00	290.00	290.00	288.00	284.00	284.00	284.00	285.00	283.00	282.00	279.00	278.00	276.00	278.00	276.00	273.00	270.00	270.00	269.00	268.00	270.00	268.00	271.00	271.00	271.00	272.00	272.00	275.00	279.00	280.00	281.00	283.00	284.00	283.00	282.00	282.00	282.00	284.00	283.00	281.00	279.00	277.00	277.00	277.00	276.00	275.00	275.00	275.00	274.00	275.00	275.00	276.00	275.00	276.00	276.00	276.00	274.00	274.00	275.00	276.00	275.00	274.00	275.00	275.00	272.00	272.00	273.00	272.00	272.00	271.00	270.00	267.00	268.00	268.00	269.00	268.00	269.00	268.00	266.00	268.00	267.00	268.00	267.00	268.00	269.00	268.00	269.00	266.00	270.00	272.00	276.00	275.00	273.00	274.00
254.00	253.00	255.00	254.00	254.00	251.00	256.00	258.00	254.00	257.00	252.00	251.00	253.00	255.00	256.00	256.00	257.00	256.00	257.00	257.00	256.00	256.00	257.00	259.00	259.00	261.00	262.00	262.00	264.00	268.00	273.00	273.00	280.00	307.00	378.00	336.00	288.00	287.00	287.00	288.00	291.00	292.00	292.00	293.00	294.00	310.00	328.00	410.00	365.00	318.00	318.00	319.00	322.00	320.00	315.00	312.00	311.00	312.00	309.00	307.00	303.00	303.00	300.00	299.00	298.00	298.00	297.00	294.00	294.00	293.00	292.00	292.00	290.00	291.00	291.00	291.00	291.00	292.00	293.00	293.00	293.00	293.00	293.00	294.00	294.00	296.00	294.00	294.00	295.00	296.00	298.00	297.00	297.00	297.00	298.00	299.00	298.00	299.00	300.00	300.00	300.00	302.00	303.00	302.00	300.00	300.00	298.00	300.00	302.00	301.00	298.00	298.00	299.00	298.00	299.00	297.00	297.00	290.00	292.00	296.00	298.00	296.00	297.00	296.00	296.00	289.00	293.00	295.00	288.00	289.00	290.00	289.00	289.00	289.00	291.00	289.00	291.00	292.00	290.00	292.00	293.00	293.00	293.00	293.00	294.00	293.00	294.00	294.00	290.00	290.00	292.00	294.00	292.00	289.00	286.00	286.00	287.00	286.00	288.00	287.00	283.00	285.00	287.00	288.00	287.00	286.00	282.00	282.00	282.00	282.00	283.00	282.00	279.00	277.00	277.00	280.00	279.00	274.00	271.00	269.00	268.00	268.00	270.00	269.00	271.00	271.00	272.00	272.00	273.00	275.00	277.00	280.00	280.00	283.00	282.00	282.00	281.00	280.00	282.00	282.00	282.00	279.00	278.00	277.00	274.00	274.00	274.00	274.00	274.00	274.00	274.00	274.00	274.00	275.00	273.00	275.00	275.00	273.00	273.00	274.00	274.00	273.00	273.00	272.00	272.00	272.00	273.00	273.00	272.00	272.00	272.00	273.00	270.00	268.00	267.00	267.00	266.00	268.00	269.00	267.00	269.00	266.00	269.00	268.00	268.00	268.00	274.00	272.00	273.00	272.00	272.00	276.00	275.00	276.00	275.00	276.00
250.00	251.00	253.00	252.00	249.00	248.00	249.00	250.00	248.00	250.00	249.00	249.00	251.00	252.00	253.00	253.00	255.00	253.00	255.00	256.00	256.00	255.00	260.00	259.00	256.00	259.00	259.00	267.00	267.00	266.00	271.00	280.00	292.00	298.00	283.00	283.00	280.00	282.00	283.00	283.00	286.00	285.00	285.00	286.00	288.00	295.00	297.00	303.00	308.00	309.00	309.00	308.00	309.00	310.00	307.00	306.00	304.00	306.00	303.00	302.00	300.00	298.00	297.00	296.00	295.00	294.00	293.00	292.00	291.00	291.00	289.00	290.00	289.00	289.00	289.00	288.00	289.00	290.00	291.00	291.00	291.00	292.00	291.00	292.00	292.00	293.00	293.00	293.00	294.00	295.00	296.00	296.00	296.00	296.00	296.00	298.00	298.00	298.00	299.00	298.00	298.00	298.00	300.00	299.00	299.00	299.00	299.00	298.00	298.00	298.00	298.00	297.00	296.00	296.00	298.00	296.00	297.00	290.00	289.00	291.00	292.00	297.00	295.00	294.00	292.00	291.00	288.00	287.00	284.00	286.00	288.00	287.00	286.00	285.00	288.00	288.00	291.00	290.00	290.00	289.00	290.00	293.00	293.00	291.00	290.00	290.00	291.00	290.00	289.00	288.00	288.00	291.00	293.00	290.00	285.00	283.00	283.00	283.00	282.00	284.00	284.00	280.00	283.00	285.00	287.00	286.00	280.00	281.00	281.00	280.00	283.00	282.00	283.00	280.00	278.00	279.00	276.00	273.00	271.00	267.00	267.00	266.00	271.00	275.00	274.00	273.00	272.00	272.00	274.00	276.00	278.00	280.00	279.00	280.00	280.00	280.00	278.00	278.00	280.00	279.00	280.00	276.00	276.00	274.00	272.00	271.00	271.00	270.00	270.00	273.00	274.00	273.00	272.00	271.00	272.00	272.00	271.00	271.00	272.00	271.00	273.00	271.00	271.00	272.00	271.00	272.00	269.00	268.00	269.00	270.00	268.00	270.00	270.00	273.00	273.00	273.00	273.00	275.00	269.00	274.00	274.00	276.00	273.00	271.00	272.00	270.00	273.00	277.00	277.00	278.00	277.00	280.00	279.00	278.00	279.00	280.00
248.00	251.00	251.00	250.00	246.00	247.00	248.00	247.00	247.00	248.00	249.00	249.00	249.00	252.00	253.00	253.00	253.00	253.00	254.00	254.00	254.00	254.00	255.00	255.00	258.00	257.00	258.00	266.00	275.00	303.00	334.00	353.00	357.00	298.00	278.00	279.00	279.00	280.00	280.00	281.00	282.00	282.00	283.00	283.00	284.00	292.00	296.00	301.00	303.00	304.00	304.00	303.00	305.00	305.00	304.00	302.00	303.00	304.00	301.00	299.00	298.00	296.00	294.00	294.00	294.00	292.00	292.00	291.00	289.00	289.00	288.00	289.00	288.00	288.00	288.00	286.00	287.00	289.00	290.00	291.00	291.00	290.00	291.00	292.00	291.00	292.00	292.00	294.00	293.00	295.00	295.00	294.00	295.00	296.00	296.00	297.00	297.00	297.00	297.00	297.00	297.00	296.00	297.00	298.00	298.00	299.00	298.00	297.00	297.00	296.00	296.00	297.00	297.00	296.00	296.00	296.00	295.00	294.00	289.00	287.00	289.00	293.00	294.00	293.00	289.00	288.00	287.00	287.00	285.00	285.00	287.00	289.00	287.00	286.00	286.00	288.00	289.00	288.00	287.00	290.00	291.00	292.00	291.00	291.00	288.00	290.00	291.00	290.00	287.00	288.00	289.00	289.00	296.00	292.00	287.00	284.00	281.00	282.00	280.00	282.00	283.00	280.00	281.00	282.00	285.00	285.00	282.00	282.00	280.00	280.00	284.00	283.00	282.00	281.00	280.00	279.00	276.00	271.00	271.00	266.00	265.00	266.00	271.00	277.00	274.00	274.00	274.00	276.00	277.00	277.00	277.00	278.00	278.00	279.00	280.00	278.00	277.00	278.00	276.00	278.00	278.00	276.00	274.00	273.00	272.00	270.00	269.00	269.00	270.00	270.00	271.00	271.00	271.00	271.00	271.00	272.00	271.00	272.00	271.00	271.00	270.00	271.00	271.00	271.00	270.00	269.00	270.00	270.00	272.00	270.00	271.00	271.00	272.00	276.00	272.00	275.00	276.00	279.00	279.00	279.00	278.00	277.00	273.00	272.00	272.00	272.00	274.00	275.00	277.00	277.00	279.00	280.00	279.00	280.00	280.00	280.00
248.00	249.00	247.00	248.00	247.00	245.00	246.00	245.00	245.00	247.00	247.00	248.00	249.00	252.00	252.00	251.00	253.00	253.00	254.00	254.00	253.00	255.00	254.00	257.00	261.00	267.00	275.00	285.00	329.00	384.00	404.00	355.00	310.00	277.00	275.00	275.00	277.00	278.00	278.00	279.00	279.00	279.00	279.00	281.00	283.00	292.00	295.00	297.00	299.00	302.00	300.00	300.00	300.00	302.00	301.00	300.00	302.00	302.00	298.00	297.00	296.00	295.00	293.00	293.00	291.00	291.00	290.00	290.00	288.00	288.00	288.00	287.00	286.00	287.00	286.00	286.00	288.00	289.00	289.00	290.00	290.00	291.00	290.00	290.00	291.00	292.00	293.00	293.00	293.00	292.00	294.00	294.00	293.00	295.00	296.00	297.00	297.00	296.00	295.00	294.00	295.00	295.00	296.00	297.00	298.00	298.00	297.00	297.00	296.00	296.00	298.00	297.00	296.00	297.00	297.00	296.00	295.00	293.00	290.00	288.00	288.00	290.00	289.00	289.00	288.00	287.00	285.00	284.00	284.00	283.00	287.00	286.00	288.00	285.00	285.00	286.00	286.00	286.00	286.00	289.00	290.00	290.00	292.00	290.00	287.00	286.00	290.00	291.00	287.00	287.00	287.00	288.00	293.00	293.00	292.00	287.00	284.00	280.00	281.00	281.00	283.00	279.00	280.00	281.00	283.00	283.00	281.00	281.00	282.00	280.00	284.00	284.00	283.00	281.00	280.00	277.00	274.00	272.00	269.00	265.00	264.00	266.00	270.00	275.00	275.00	274.00	274.00	274.00	276.00	276.00	276.00	277.00	276.00	278.00	277.00	277.00	276.00	277.00	277.00	277.00	276.00	276.00	275.00	274.00	274.00	272.00	271.00	271.00	270.00	272.00	270.00	269.00	271.00	271.00	272.00	270.00	271.00	270.00	271.00	272.00	270.00	269.00	269.00	270.00	269.00	272.00	272.00	271.00	272.00	272.00	274.00	273.00	273.00	274.00	274.00	277.00	280.00	283.00	284.00	281.00	281.00	279.00	278.00	275.00	279.00	277.00	274.00	277.00	278.00	277.00	279.00	280.00	280.00	278.00	280.00	281.00
248.00	249.00	247.00	247.00	244.00	246.00	244.00	245.00	245.00	245.00	247.00	248.00	248.00	250.00	251.00	251.00	251.00	252.00	255.00	252.00	252.00	253.00	257.00	274.00	306.00	333.00	339.00	370.00	359.00	352.00	372.00	277.00	269.00	272.00	273.00	274.00	275.00	275.00	276.00	275.00	277.00	277.00	278.00	279.00	281.00	290.00	292.00	295.00	297.00	298.00	297.00	296.00	300.00	298.00	300.00	298.00	298.00	298.00	297.00	296.00	294.00	293.00	290.00	290.00	290.00	289.00	288.00	288.00	287.00	286.00	286.00	286.00	285.00	286.00	285.00	284.00	286.00	288.00	290.00	289.00	291.00	289.00	290.00	290.00	289.00	292.00	291.00	293.00	292.00	293.00	293.00	294.00	295.00	295.00	296.00	296.00	296.00	296.00	295.00	293.00	293.00	294.00	294.00	295.00	297.00	297.00	298.00	295.00	295.00	294.00	294.00	297.00	297.00	297.00	295.00	294.00	294.00	294.00	292.00	288.00	285.00	289.00	288.00	287.00	287.00	287.00	284.00	284.00	282.00	283.00	285.00	286.00	286.00	284.00	282.00	283.00	284.00	285.00	285.00	288.00	288.00	289.00	289.00	292.00	287.00	286.00	287.00	287.00	285.00	286.00	286.00	286.00	289.00	292.00	292.00	289.00	284.00	282.00	279.00	280.00	283.00	279.00	278.00	281.00	283.00	284.00	282.00	282.00	281.00	280.00	284.00	284.00	282.00	283.00	282.00	276.00	273.00	270.00	269.00	265.00	264.00	265.00	268.00	272.00	274.00	274.00	272.00	273.00	274.00	275.00	276.00	276.00	277.00	276.00	276.00	276.00	275.00	277.00	275.00	274.00	275.00	275.00	276.00	274.00	274.00	274.00	272.00	271.00	271.00	269.00	269.00	270.00	270.00	269.00	270.00	271.00	270.00	270.00	271.00	269.00	269.00	270.00	269.00	270.00	271.00	271.00	270.00	269.00	272.00	273.00	276.00	275.00	275.00	280.00	284.00	279.00	285.00	288.00	288.00	286.00	285.00	283.00	281.00	277.00	278.00	281.00	276.00	278.00	280.00	278.00	280.00	280.00	280.00	278.00	279.00	279.00
244.00	243.00	244.00	244.00	243.00	243.00	243.00	244.00	244.00	245.00	246.00	246.00	248.00	249.00	249.00	250.00	250.00	250.00	277.00	282.00	292.00	295.00	310.00	329.00	336.00	332.00	342.00	297.00	273.00	268.00	262.00	264.00	265.00	267.00	267.00	270.00	270.00	270.00	272.00	270.00	273.00	272.00	273.00	275.00	276.00	284.00	286.00	289.00	288.00	292.00	291.00	291.00	294.00	294.00	294.00	292.00	293.00	291.00	291.00	291.00	288.00	287.00	287.00	287.00	288.00	285.00	286.00	283.00	283.00	282.00	282.00	283.00	284.00	284.00	284.00	284.00	286.00	288.00	288.00	287.00	290.00	288.00	288.00	289.00	289.00	292.00	290.00	292.00	292.00	292.00	293.00	292.00	292.00	290.00	291.00	291.00	291.00	293.00	293.00	293.00	294.00	293.00	294.00	294.00	295.00	296.00	295.00	295.00	295.00	295.00	294.00	294.00	294.00	295.00	295.00	294.00	294.00	293.00	292.00	290.00	287.00	283.00	286.00	288.00	287.00	284.00	284.00	285.00	282.00	281.00	282.00	284.00	283.00	283.00	280.00	281.00	283.00	284.00	283.00	287.00	288.00	288.00	288.00	289.00	288.00	286.00	284.00	283.00	283.00	283.00	285.00	283.00	285.00	285.00	287.00	289.00	285.00	280.00	279.00	276.00	281.00	279.00	276.00	278.00	281.00	283.00	281.00	281.00	280.00	278.00	275.00	279.00	282.00	279.00	279.00	275.00	273.00	271.00	270.00	268.00	261.00	264.00	267.00	272.00	274.00	272.00	271.00	271.00	272.00	271.00	274.00	274.00	273.00	272.00	274.00	274.00	273.00	274.00	275.00	273.00	273.00	272.00	273.00	274.00	273.00	275.00	274.00	271.00	270.00	269.00	267.00	269.00	270.00	268.00	269.00	268.00	268.00	269.00	267.00	268.00	268.00	270.00	271.00	271.00	274.00	272.00	275.00	275.00	277.00	279.00	280.00	280.00	280.00	284.00	284.00	286.00	286.00	293.00	297.00	291.00	289.00	288.00	286.00	285.00	284.00	283.00	280.00	278.00	279.00	280.00	280.00	279.00	279.00	278.00	280.00	281.00
241.00	241.00	241.00	242.00	241.00	243.00	243.00	243.00	243.00	243.00	245.00	244.00	245.00	247.00	246.00	249.00	250.00	257.00	269.00	273.00	280.00	284.00	302.00	286.00	279.00	273.00	266.00	263.00	262.00	262.00	261.00	264.00	266.00	265.00	266.00	267.00	269.00	268.00	270.00	271.00	271.00	272.00	272.00	271.00	273.00	282.00	283.00	283.00	286.00	287.00	288.00	290.00	289.00	289.00	290.00	290.00	290.00	288.00	287.00	287.00	288.00	286.00	287.00	286.00	284.00	284.00	283.00	282.00	281.00	281.00	282.00	282.00	284.00	283.00	283.00	283.00	288.00	287.00	287.00	289.00	288.00	289.00	288.00	288.00	291.00	290.00	292.00	290.00	291.00	290.00	291.00	291.00	289.00	289.00	288.00	289.00	290.00	291.00	293.00	293.00	292.00	292.00	292.00	294.00	295.00	296.00	296.00	295.00	294.00	293.00	293.00	292.00	294.00	295.00	293.00	293.00	294.00	291.00	291.00	291.00	288.00	284.00	285.00	286.00	285.00	284.00	283.00	282.00	281.00	280.00	282.00	283.00	283.00	283.00	279.00	281.00	283.00	283.00	283.00	287.00	288.00	290.00	288.00	288.00	288.00	288.00	285.00	283.00	282.00	282.00	283.00	282.00	282.00	284.00	284.00	287.00	286.00	279.00	278.00	277.00	278.00	278.00	275.00	278.00	280.00	280.00	279.00	279.00	279.00	277.00	274.00	275.00	280.00	279.00	277.00	273.00	270.00	269.00	270.00	267.00	262.00	263.00	268.00	271.00	274.00	273.00	271.00	272.00	270.00	272.00	272.00	272.00	273.00	272.00	273.00	271.00	272.00	273.00	273.00	273.00	273.00	271.00	272.00	273.00	274.00	274.00	273.00	272.00	271.00	270.00	267.00	268.00	269.00	267.00	271.00	266.00	267.00	268.00	268.00	269.00	268.00	269.00	270.00	272.00	274.00	276.00	279.00	276.00	277.00	280.00	282.00	282.00	283.00	285.00	289.00	286.00	289.00	292.00	296.00	295.00	292.00	291.00	289.00	286.00	286.00	284.00	282.00	280.00	281.00	281.00	281.00	278.00	278.00	281.00	280.00	279.00
240.00	239.00	240.00	240.00	241.00	242.00	242.00	243.00	243.00	244.00	244.00	243.00	245.00	248.00	249.00	248.00	254.00	257.00	253.00	255.00	257.00	256.00	264.00	259.00	264.00	269.00	262.00	257.00	258.00	260.00	259.00	262.00	262.00	264.00	263.00	266.00	267.00	267.00	269.00	268.00	271.00	271.00	270.00	272.00	272.00	277.00	279.00	282.00	281.00	285.00	285.00	285.00	286.00	287.00	287.00	287.00	287.00	287.00	286.00	286.00	285.00	285.00	284.00	283.00	284.00	282.00	282.00	280.00	280.00	280.00	281.00	283.00	282.00	283.00	284.00	283.00	285.00	287.00	288.00	286.00	288.00	287.00	288.00	291.00	289.00	291.00	289.00	290.00	290.00	288.00	288.00	287.00	287.00	288.00	287.00	289.00	290.00	292.00	293.00	294.00	292.00	292.00	292.00	293.00	295.00	295.00	296.00	293.00	293.00	292.00	293.00	293.00	291.00	293.00	294.00	293.00	292.00	292.00	291.00	291.00	289.00	287.00	287.00	286.00	285.00	283.00	283.00	283.00	281.00	280.00	279.00	282.00	283.00	281.00	278.00	280.00	281.00	281.00	282.00	284.00	287.00	289.00	289.00	286.00	286.00	286.00	285.00	282.00	282.00	280.00	281.00	281.00	281.00	282.00	283.00	284.00	285.00	280.00	278.00	277.00	277.00	276.00	274.00	276.00	277.00	279.00	278.00	279.00	278.00	278.00	272.00	274.00	278.00	279.00	277.00	270.00	268.00	267.00	265.00	264.00	261.00	262.00	265.00	270.00	272.00	271.00	270.00	270.00	271.00	271.00	271.00	272.00	270.00	271.00	270.00	271.00	270.00	274.00	272.00	270.00	272.00	271.00	272.00	272.00	273.00	274.00	270.00	272.00	272.00	270.00	269.00	267.00	267.00	267.00	267.00	268.00	267.00	269.00	270.00	271.00	270.00	271.00	272.00	274.00	278.00	277.00	277.00	280.00	280.00	283.00	283.00	282.00	283.00	288.00	287.00	289.00	290.00	294.00	297.00	296.00	295.00	293.00	292.00	290.00	288.00	288.00	283.00	281.00	280.00	280.00	281.00	279.00	279.00	280.00	280.00	279.00
239.00	240.00	239.00	240.00	241.00	242.00	242.00	241.00	244.00	244.00	244.00	247.00	244.00	247.00	248.00	253.00	263.00	267.00	260.00	255.00	250.00	251.00	255.00	254.00	263.00	268.00	258.00	257.00	256.00	258.00	260.00	260.00	262.00	261.00	264.00	264.00	266.00	265.00	266.00	268.00	268.00	270.00	269.00	269.00	271.00	274.00	277.00	278.00	279.00	282.00	281.00	283.00	282.00	283.00	284.00	285.00	284.00	284.00	283.00	283.00	284.00	283.00	282.00	281.00	282.00	281.00	280.00	280.00	280.00	280.00	282.00	282.00	283.00	282.00	283.00	284.00	286.00	286.00	286.00	288.00	286.00	288.00	288.00	287.00	289.00	288.00	288.00	286.00	287.00	284.00	285.00	286.00	285.00	285.00	287.00	287.00	289.00	291.00	293.00	292.00	294.00	293.00	293.00	293.00	293.00	292.00	294.00	293.00	292.00	291.00	291.00	292.00	292.00	292.00	291.00	291.00	292.00	290.00	289.00	288.00	290.00	290.00	289.00	288.00	288.00	284.00	284.00	285.00	280.00	279.00	278.00	279.00	281.00	282.00	277.00	278.00	280.00	280.00	281.00	283.00	285.00	288.00	289.00	285.00	285.00	285.00	285.00	283.00	280.00	281.00	279.00	279.00	280.00	280.00	283.00	283.00	283.00	280.00	277.00	276.00	275.00	276.00	273.00	275.00	276.00	276.00	277.00	277.00	279.00	279.00	272.00	271.00	273.00	276.00	277.00	273.00	269.00	266.00	265.00	262.00	260.00	261.00	264.00	268.00	272.00	271.00	270.00	271.00	272.00	272.00	272.00	271.00	271.00	269.00	271.00	269.00	270.00	273.00	269.00	270.00	271.00	270.00	269.00	271.00	271.00	272.00	271.00	271.00	270.00	270.00	268.00	267.00	266.00	267.00	266.00	266.00	269.00	271.00	270.00	273.00	271.00	274.00	275.00	276.00	278.00	278.00	279.00	280.00	283.00	283.00	286.00	286.00	287.00	289.00	289.00	293.00	294.00	296.00	298.00	300.00	299.00	296.00	294.00	291.00	291.00	290.00	285.00	283.00	282.00	280.00	281.00	280.00	278.00	280.00	279.00	279.00
238.00	237.00	239.00	239.00	241.00	239.00	240.00	242.00	243.00	248.00	244.00	243.00	245.00	256.00	271.00	277.00	284.00	287.00	266.00	257.00	250.00	249.00	251.00	252.00	257.00	267.00	262.00	256.00	258.00	258.00	256.00	261.00	264.00	261.00	262.00	263.00	264.00	265.00	266.00	266.00	267.00	267.00	268.00	270.00	270.00	272.00	274.00	276.00	277.00	280.00	279.00	280.00	281.00	282.00	282.00	281.00	281.00	281.00	283.00	282.00	282.00	282.00	281.00	280.00	281.00	279.00	279.00	279.00	281.00	280.00	281.00	282.00	281.00	283.00	284.00	282.00	285.00	284.00	285.00	286.00	288.00	287.00	288.00	289.00	288.00	287.00	285.00	284.00	283.00	285.00	284.00	284.00	285.00	284.00	287.00	288.00	288.00	291.00	293.00	293.00	294.00	295.00	295.00	293.00	293.00	291.00	291.00	293.00	294.00	291.00	292.00	293.00	292.00	291.00	292.00	290.00	292.00	290.00	289.00	289.00	288.00	292.00	290.00	290.00	289.00	284.00	282.00	283.00	280.00	280.00	278.00	277.00	279.00	281.00	276.00	276.00	279.00	280.00	279.00	283.00	285.00	289.00	289.00	287.00	284.00	283.00	285.00	283.00	279.00	281.00	280.00	278.00	279.00	280.00	280.00	281.00	281.00	282.00	278.00	275.00	275.00	275.00	273.00	273.00	272.00	276.00	278.00	280.00	280.00	280.00	272.00	273.00	271.00	273.00	276.00	273.00	269.00	268.00	268.00	265.00	259.00	262.00	263.00	268.00	271.00	270.00	271.00	271.00	272.00	272.00	271.00	271.00	270.00	269.00	269.00	268.00	269.00	270.00	270.00	269.00	271.00	269.00	270.00	268.00	266.00	266.00	271.00	271.00	269.00	269.00	266.00	266.00	265.00	265.00	266.00	266.00	267.00	270.00	274.00	275.00	275.00	275.00	276.00	279.00	280.00	281.00	280.00	280.00	280.00	283.00	284.00	286.00	288.00	290.00	291.00	291.00	296.00	299.00	299.00	300.00	301.00	298.00	298.00	293.00	292.00	291.00	287.00	285.00	285.00	281.00	281.00	279.00	280.00	278.00	278.00	279.00
238.00	237.00	239.00	239.00	241.00	239.00	240.00	242.00	243.00	248.00	244.00	243.00	245.00	256.00	271.00	277.00	284.00	287.00	266.00	257.00	250.00	249.00	251.00	252.00	257.00	267.00	262.00	256.00	258.00	258.00	256.00	261.00	264.00	261.00	262.00	263.00	264.00	265.00	266.00	266.00	267.00	267.00	268.00	270.00	270.00	272.00	274.00	276.00	277.00	280.00	279.00	280.00	281.00	282.00	282.00	281.00	281.00	281.00	283.00	282.00	282.00	282.00	281.00	280.00	281.00	279.00	279.00	279.00	281.00	280.00	281.00	282.00	281.00	283.00	284.00	282.00	285.00	284.00	285.00	286.00	288.00	287.00	288.00	289.00	288.00	287.00	285.00	284.00	283.00	285.00	284.00	284.00	285.00	284.00	287.00	288.00	288.00	291.00	293.00	293.00	294.00	295.00	295.00	293.00	293.00	291.00	291.00	293.00	294.00	291.00	292.00	293.00	292.00	291.00	292.00	290.00	292.00	290.00	289.00	289.00	288.00	292.00	290.00	290.00	289.00	284.00	282.00	283.00	280.00	280.00	278.00	277.00	279.00	281.00	276.00	276.00	279.00	280.00	279.00	283.00	285.00	289.00	289.00	287.00	284.00	283.00	285.00	283.00	279.00	281.00	280.00	278.00	279.00	280.00	280.00	281.00	281.00	282.00	278.00	275.00	275.00	275.00	273.00	273.00	272.00	276.00	278.00	280.00	280.00	280.00	272.00	273.00	271.00	273.00	276.00	273.00	269.00	268.00	268.00	265.00	259.00	262.00	263.00	268.00	271.00	270.00	271.00	271.00	272.00	272.00	271.00	271.00	270.00	269.00	269.00	268.00	269.00	270.00	270.00	269.00	271.00	269.00	270.00	268.00	266.00	266.00	271.00	271.00	269.00	269.00	266.00	266.00	265.00	265.00	266.00	266.00	267.00	270.00	274.00	275.00	275.00	275.00	276.00	279.00	280.00	281.00	280.00	280.00	280.00	283.00	284.00	286.00	288.00	290.00	291.00	291.00	296.00	299.00	299.00	300.00	301.00	298.00	298.00	293.00	292.00	291.00	287.00	285.00	285.00	281.00	281.00	279.00	280.00	278.00	278.00	279.00
238.00	240.00	239.00	241.00	241.00	242.00	244.00	244.00	241.00	245.00	250.00	255.00	264.00	288.00	295.00	296.00	299.00	295.00	286.00	289.00	256.00	250.00	248.00	250.00	256.00	270.00	261.00	257.00	256.00	257.00	258.00	259.00	265.00	264.00	263.00	262.00	263.00	263.00	264.00	265.00	266.00	267.00	266.00	267.00	269.00	272.00	273.00	274.00	275.00	277.00	277.00	279.00	278.00	279.00	279.00	279.00	279.00	279.00	281.00	281.00	281.00	281.00	279.00	279.00	279.00	280.00	278.00	279.00	280.00	281.00	281.00	282.00	282.00	282.00	282.00	284.00	284.00	284.00	285.00	286.00	287.00	287.00	287.00	287.00	284.00	282.00	282.00	282.00	283.00	284.00	284.00	284.00	284.00	283.00	286.00	287.00	287.00	292.00	293.00	295.00	296.00	296.00	296.00	294.00	292.00	291.00	290.00	291.00	292.00	291.00	291.00	293.00	291.00	291.00	289.00	289.00	289.00	290.00	288.00	287.00	289.00	290.00	290.00	289.00	289.00	286.00	284.00	282.00	282.00	281.00	278.00	277.00	276.00	278.00	275.00	275.00	278.00	278.00	277.00	282.00	284.00	287.00	289.00	287.00	285.00	283.00	283.00	283.00	278.00	281.00	280.00	278.00	279.00	278.00	280.00	281.00	279.00	281.00	279.00	275.00	273.00	274.00	272.00	271.00	272.00	274.00	279.00	279.00	280.00	281.00	275.00	274.00	273.00	272.00	271.00	275.00	270.00	268.00	266.00	262.00	260.00	264.00	265.00	265.00	271.00	272.00	271.00	269.00	270.00	271.00	271.00	271.00	271.00	268.00	268.00	266.00	267.00	268.00	268.00	268.00	268.00	269.00	267.00	265.00	262.00	261.00	269.00	269.00	268.00	268.00	267.00	266.00	264.00	264.00	265.00	265.00	265.00	272.00	274.00	276.00	278.00	279.00	278.00	279.00	282.00	282.00	280.00	283.00	283.00	283.00	285.00	286.00	287.00	291.00	291.00	294.00	298.00	301.00	301.00	302.00	302.00	303.00	299.00	297.00	294.00	295.00	289.00	287.00	285.00	284.00	281.00	281.00	281.00	280.00	278.00	278.00
239.00	239.00	240.00	240.00	243.00	244.00	246.00	245.00	244.00	265.00	274.00	283.00	285.00	298.00	304.00	281.00	268.00	265.00	321.00	306.00	262.00	252.00	253.00	252.00	257.00	267.00	260.00	256.00	256.00	256.00	256.00	258.00	259.00	261.00	261.00	262.00	262.00	262.00	264.00	263.00	265.00	266.00	266.00	267.00	268.00	270.00	271.00	272.00	273.00	274.00	276.00	276.00	276.00	276.00	275.00	277.00	277.00	277.00	279.00	279.00	280.00	279.00	278.00	277.00	277.00	278.00	277.00	279.00	279.00	281.00	281.00	282.00	282.00	282.00	282.00	283.00	283.00	284.00	284.00	285.00	286.00	284.00	282.00	281.00	283.00	280.00	281.00	282.00	281.00	284.00	284.00	285.00	285.00	284.00	283.00	285.00	287.00	291.00	293.00	293.00	296.00	297.00	296.00	293.00	290.00	291.00	290.00	291.00	290.00	290.00	290.00	290.00	291.00	290.00	289.00	289.00	290.00	288.00	289.00	289.00	288.00	288.00	289.00	289.00	287.00	289.00	286.00	282.00	281.00	281.00	279.00	276.00	275.00	276.00	275.00	274.00	275.00	277.00	277.00	282.00	282.00	285.00	285.00	285.00	284.00	284.00	282.00	282.00	277.00	280.00	279.00	277.00	279.00	278.00	277.00	279.00	279.00	278.00	278.00	275.00	272.00	273.00	273.00	270.00	271.00	272.00	277.00	278.00	279.00	278.00	275.00	276.00	275.00	273.00	270.00	275.00	270.00	268.00	265.00	260.00	260.00	263.00	263.00	265.00	271.00	270.00	269.00	269.00	270.00	271.00	270.00	271.00	269.00	269.00	268.00	265.00	266.00	265.00	267.00	266.00	267.00	267.00	267.00	262.00	256.00	263.00	270.00	269.00	268.00	266.00	265.00	265.00	265.00	264.00	265.00	264.00	267.00	269.00	270.00	277.00	279.00	278.00	282.00	282.00	282.00	283.00	282.00	283.00	285.00	284.00	287.00	287.00	288.00	294.00	293.00	296.00	298.00	302.00	304.00	305.00	305.00	305.00	304.00	300.00	298.00	296.00	290.00	289.00	286.00	285.00	285.00	282.00	280.00	281.00	279.00	276.00
237.00	237.00	240.00	239.00	241.00	242.00	254.00	257.00	263.00	291.00	296.00	319.00	277.00	267.00	265.00	262.00	259.00	258.00	257.00	260.00	256.00	252.00	252.00	253.00	252.00	253.00	254.00	255.00	255.00	256.00	256.00	258.00	258.00	258.00	262.00	261.00	262.00	262.00	262.00	263.00	270.00	267.00	266.00	265.00	267.00	268.00	269.00	270.00	271.00	271.00	272.00	272.00	272.00	274.00	274.00	274.00	276.00	275.00	276.00	276.00	277.00	277.00	278.00	275.00	276.00	276.00	276.00	280.00	279.00	280.00	280.00	280.00	281.00	280.00	280.00	281.00	281.00	280.00	279.00	280.00	278.00	278.00	276.00	276.00	278.00	278.00	280.00	279.00	281.00	283.00	284.00	286.00	284.00	284.00	286.00	287.00	286.00	289.00	294.00	294.00	294.00	293.00	292.00	290.00	289.00	291.00	290.00	287.00	288.00	287.00	289.00	287.00	289.00	289.00	290.00	288.00	288.00	289.00	289.00	290.00	290.00	287.00	287.00	288.00	288.00	286.00	285.00	285.00	283.00	281.00	279.00	281.00	282.00	280.00	276.00	274.00	271.00	272.00	274.00	279.00	281.00	281.00	282.00	279.00	281.00	281.00	280.00	278.00	275.00	277.00	277.00	274.00	277.00	276.00	275.00	275.00	277.00	274.00	274.00	273.00	272.00	272.00	270.00	270.00	267.00	268.00	275.00	276.00	278.00	276.00	273.00	271.00	272.00	274.00	269.00	269.00	272.00	267.00	263.00	257.00	259.00	263.00	266.00	266.00	268.00	270.00	269.00	269.00	270.00	269.00	268.00	267.00	264.00	263.00	262.00	261.00	262.00	262.00	263.00	265.00	264.00	263.00	259.00	260.00	264.00	264.00	265.00	265.00	266.00	265.00	264.00	262.00	263.00	264.00	262.00	265.00	265.00	269.00	271.00	277.00	277.00	279.00	282.00	281.00	282.00	284.00	285.00	282.00	283.00	287.00	285.00	290.00	289.00	296.00	297.00	297.00	299.00	304.00	307.00	307.00	310.00	311.00	307.00	301.00	300.00	298.00	293.00	291.00	290.00	290.00	289.00	284.00	284.00	282.00	282.00	279.00
236.00	239.00	240.00	243.00	251.00	256.00	258.00	256.00	249.00	255.00	256.00	278.00	260.00	266.00	269.00	271.00	267.00	272.00	260.00	277.00	258.00	255.00	253.00	252.00	251.00	252.00	253.00	255.00	255.00	256.00	256.00	257.00	257.00	258.00	260.00	262.00	261.00	261.00	262.00	261.00	265.00	265.00	264.00	265.00	264.00	267.00	269.00	270.00	270.00	270.00	271.00	270.00	272.00	273.00	273.00	273.00	273.00	276.00	274.00	276.00	275.00	276.00	274.00	274.00	275.00	275.00	278.00	278.00	279.00	278.00	278.00	280.00	279.00	280.00	280.00	278.00	278.00	278.00	278.00	276.00	277.00	276.00	276.00	277.00	276.00	278.00	278.00	280.00	280.00	284.00	284.00	285.00	286.00	286.00	286.00	288.00	286.00	291.00	296.00	295.00	293.00	292.00	289.00	290.00	291.00	289.00	288.00	286.00	287.00	288.00	287.00	286.00	289.00	289.00	288.00	287.00	287.00	289.00	289.00	289.00	288.00	288.00	287.00	287.00	288.00	285.00	285.00	284.00	282.00	283.00	278.00	279.00	280.00	280.00	278.00	277.00	273.00	272.00	271.00	275.00	279.00	278.00	280.00	278.00	278.00	279.00	281.00	280.00	275.00	277.00	277.00	273.00	276.00	274.00	273.00	275.00	275.00	275.00	272.00	270.00	273.00	273.00	272.00	269.00	268.00	267.00	271.00	275.00	277.00	277.00	271.00	270.00	270.00	272.00	270.00	267.00	272.00	267.00	261.00	256.00	259.00	264.00	268.00	267.00	268.00	268.00	269.00	267.00	268.00	269.00	268.00	265.00	262.00	260.00	259.00	260.00	260.00	261.00	261.00	264.00	263.00	260.00	257.00	261.00	265.00	264.00	263.00	265.00	266.00	264.00	261.00	262.00	264.00	261.00	263.00	266.00	268.00	268.00	271.00	275.00	277.00	278.00	280.00	283.00	282.00	284.00	284.00	286.00	287.00	286.00	289.00	289.00	289.00	297.00	297.00	299.00	301.00	307.00	310.00	310.00	311.00	312.00	308.00	304.00	302.00	297.00	294.00	292.00	293.00	291.00	290.00	285.00	284.00	285.00	283.00	279.00
238.00	240.00	247.00	260.00	267.00	263.00	252.00	251.00	249.00	251.00	256.00	262.00	265.00	273.00	272.00	278.00	277.00	266.00	260.00	260.00	257.00	255.00	255.00	253.00	254.00	254.00	253.00	254.00	254.00	256.00	256.00	256.00	257.00	258.00	258.00	259.00	261.00	259.00	260.00	263.00	262.00	263.00	263.00	263.00	265.00	267.00	267.00	267.00	268.00	268.00	269.00	271.00	270.00	271.00	271.00	273.00	273.00	273.00	273.00	275.00	276.00	274.00	276.00	275.00	274.00	277.00	277.00	277.00	277.00	278.00	279.00	277.00	278.00	277.00	277.00	279.00	278.00	277.00	276.00	275.00	275.00	277.00	277.00	275.00	275.00	276.00	279.00	279.00	278.00	282.00	284.00	286.00	286.00	287.00	287.00	288.00	290.00	290.00	292.00	294.00	294.00	292.00	289.00	291.00	288.00	288.00	288.00	284.00	286.00	287.00	286.00	285.00	287.00	288.00	288.00	286.00	287.00	288.00	289.00	289.00	288.00	286.00	286.00	285.00	287.00	286.00	286.00	284.00	282.00	281.00	279.00	276.00	280.00	280.00	277.00	276.00	275.00	272.00	270.00	273.00	275.00	276.00	278.00	278.00	277.00	278.00	279.00	281.00	272.00	274.00	275.00	274.00	274.00	274.00	272.00	273.00	274.00	274.00	272.00	269.00	273.00	272.00	271.00	270.00	267.00	266.00	271.00	272.00	275.00	275.00	272.00	268.00	270.00	271.00	269.00	265.00	269.00	266.00	262.00	255.00	259.00	263.00	267.00	265.00	269.00	269.00	267.00	267.00	267.00	268.00	266.00	263.00	262.00	259.00	259.00	257.00	258.00	258.00	261.00	262.00	262.00	254.00	258.00	264.00	264.00	263.00	262.00	263.00	263.00	262.00	262.00	263.00	262.00	264.00	264.00	268.00	269.00	269.00	273.00	276.00	277.00	279.00	279.00	281.00	285.00	285.00	284.00	286.00	287.00	287.00	290.00	289.00	292.00	296.00	299.00	300.00	299.00	307.00	309.00	319.00	316.00	313.00	310.00	305.00	304.00	298.00	293.00	293.00	293.00	292.00	290.00	288.00	287.00	283.00	281.00	280.00
240.00	242.00	254.00	266.00	266.00	253.00	248.00	250.00	248.00	257.00	260.00	260.00	263.00	273.00	278.00	280.00	276.00	267.00	260.00	258.00	257.00	256.00	254.00	256.00	255.00	255.00	254.00	253.00	255.00	255.00	254.00	257.00	256.00	258.00	256.00	258.00	258.00	260.00	261.00	262.00	262.00	262.00	261.00	264.00	263.00	265.00	265.00	267.00	266.00	268.00	269.00	269.00	271.00	271.00	272.00	271.00	273.00	273.00	273.00	274.00	272.00	274.00	275.00	275.00	275.00	275.00	277.00	275.00	276.00	276.00	277.00	277.00	276.00	275.00	275.00	275.00	275.00	275.00	275.00	275.00	276.00	275.00	274.00	276.00	275.00	277.00	278.00	280.00	280.00	283.00	284.00	285.00	288.00	288.00	288.00	289.00	290.00	291.00	291.00	292.00	291.00	291.00	290.00	287.00	289.00	288.00	287.00	284.00	285.00	284.00	285.00	285.00	286.00	286.00	287.00	285.00	286.00	288.00	288.00	288.00	288.00	287.00	286.00	286.00	285.00	285.00	285.00	284.00	283.00	283.00	279.00	275.00	278.00	280.00	278.00	276.00	275.00	273.00	270.00	271.00	272.00	275.00	275.00	276.00	276.00	276.00	278.00	280.00	274.00	271.00	273.00	274.00	270.00	271.00	270.00	271.00	272.00	274.00	273.00	269.00	272.00	272.00	271.00	269.00	267.00	265.00	271.00	273.00	274.00	274.00	269.00	267.00	271.00	270.00	267.00	263.00	267.00	264.00	259.00	255.00	260.00	262.00	264.00	262.00	268.00	268.00	267.00	266.00	267.00	265.00	264.00	261.00	259.00	257.00	256.00	256.00	256.00	258.00	259.00	259.00	260.00	256.00	260.00	262.00	263.00	263.00	261.00	261.00	261.00	262.00	261.00	260.00	264.00	267.00	267.00	272.00	271.00	274.00	272.00	273.00	276.00	278.00	278.00	283.00	285.00	284.00	285.00	285.00	287.00	288.00	290.00	291.00	292.00	297.00	299.00	301.00	301.00	306.00	309.00	316.00	316.00	316.00	311.00	305.00	303.00	299.00	294.00	295.00	293.00	292.00	291.00	289.00	288.00	285.00	280.00	281.00
259.00	279.00	282.00	280.00	272.00	267.00	271.00	257.00	253.00	255.00	261.00	263.00	266.00	285.00	293.00	280.00	271.00	269.00	264.00	269.00	269.00	261.00	258.00	256.00	257.00	255.00	256.00	254.00	254.00	254.00	254.00	255.00	254.00	256.00	257.00	257.00	256.00	259.00	259.00	262.00	260.00	259.00	261.00	263.00	262.00	264.00	264.00	265.00	265.00	266.00	267.00	267.00	269.00	269.00	271.00	269.00	270.00	271.00	270.00	272.00	273.00	272.00	273.00	273.00	273.00	272.00	274.00	273.00	274.00	274.00	273.00	274.00	273.00	274.00	273.00	272.00	273.00	273.00	274.00	274.00	276.00	275.00	276.00	276.00	276.00	277.00	279.00	279.00	281.00	283.00	286.00	285.00	287.00	289.00	287.00	288.00	287.00	289.00	289.00	287.00	287.00	288.00	286.00	285.00	284.00	284.00	284.00	282.00	284.00	283.00	282.00	284.00	283.00	284.00	285.00	284.00	288.00	286.00	287.00	287.00	287.00	285.00	285.00	285.00	284.00	284.00	284.00	283.00	282.00	281.00	278.00	276.00	274.00	277.00	278.00	278.00	277.00	276.00	273.00	269.00	268.00	268.00	269.00	273.00	275.00	273.00	274.00	276.00	279.00	270.00	269.00	272.00	270.00	268.00	265.00	268.00	269.00	271.00	271.00	270.00	266.00	271.00	270.00	267.00	265.00	264.00	267.00	268.00	270.00	268.00	266.00	263.00	266.00	265.00	263.00	260.00	263.00	260.00	255.00	256.00	260.00	260.00	259.00	260.00	265.00	266.00	266.00	264.00	265.00	260.00	261.00	259.00	257.00	254.00	252.00	254.00	254.00	255.00	256.00	255.00	253.00	259.00	259.00	259.00	259.00	259.00	257.00	260.00	256.00	258.00	259.00	261.00	268.00	269.00	271.00	273.00	275.00	274.00	274.00	274.00	276.00	275.00	277.00	281.00	283.00	284.00	286.00	288.00	289.00	288.00	292.00	290.00	292.00	296.00	300.00	300.00	301.00	307.00	312.00	311.00	313.00	316.00	312.00	306.00	303.00	301.00	298.00	296.00	295.00	295.00	293.00	291.00	289.00	288.00	282.00	282.00
257.00	272.00	271.00	270.00	281.00	274.00	263.00	257.00	255.00	259.00	258.00	259.00	260.00	271.00	275.00	276.00	273.00	270.00	272.00	271.00	266.00	263.00	259.00	256.00	257.00	257.00	255.00	255.00	254.00	255.00	256.00	256.00	256.00	255.00	257.00	257.00	258.00	258.00	257.00	258.00	259.00	260.00	261.00	261.00	262.00	263.00	264.00	264.00	265.00	266.00	267.00	269.00	268.00	268.00	270.00	271.00	270.00	270.00	270.00	270.00	272.00	271.00	272.00	272.00	272.00	272.00	273.00	273.00	273.00	273.00	273.00	272.00	272.00	272.00	271.00	271.00	272.00	273.00	274.00	276.00	275.00	276.00	276.00	275.00	278.00	278.00	280.00	279.00	281.00	282.00	283.00	286.00	286.00	287.00	289.00	287.00	287.00	286.00	287.00	285.00	287.00	286.00	287.00	283.00	282.00	282.00	282.00	281.00	282.00	282.00	282.00	282.00	283.00	284.00	284.00	285.00	287.00	286.00	287.00	286.00	284.00	285.00	284.00	283.00	283.00	283.00	283.00	284.00	283.00	282.00	279.00	277.00	275.00	274.00	277.00	277.00	277.00	276.00	273.00	267.00	268.00	267.00	267.00	271.00	271.00	271.00	271.00	273.00	275.00	272.00	267.00	269.00	269.00	265.00	265.00	266.00	267.00	270.00	270.00	270.00	263.00	268.00	271.00	267.00	265.00	262.00	265.00	265.00	270.00	267.00	265.00	261.00	263.00	264.00	260.00	260.00	259.00	256.00	253.00	255.00	255.00	256.00	257.00	260.00	264.00	265.00	263.00	262.00	263.00	260.00	260.00	258.00	257.00	254.00	254.00	254.00	252.00	254.00	256.00	252.00	250.00	258.00	257.00	260.00	259.00	259.00	258.00	258.00	256.00	258.00	259.00	262.00	266.00	267.00	270.00	272.00	271.00	274.00	275.00	275.00	276.00	277.00	277.00	279.00	282.00	283.00	285.00	286.00	287.00	289.00	292.00	291.00	293.00	297.00	298.00	300.00	304.00	306.00	309.00	310.00	314.00	318.00	311.00	306.00	302.00	300.00	300.00	299.00	297.00	296.00	295.00	291.00	290.00	287.00	284.00	280.00
311.00	288.00	266.00	264.00	271.00	270.00	263.00	257.00	259.00	271.00	264.00	261.00	265.00	274.00	279.00	283.00	281.00	278.00	274.00	270.00	265.00	262.00	257.00	259.00	257.00	258.00	257.00	256.00	257.00	257.00	254.00	255.00	255.00	256.00	257.00	257.00	257.00	257.00	258.00	258.00	259.00	259.00	260.00	261.00	261.00	262.00	262.00	264.00	264.00	266.00	266.00	267.00	266.00	268.00	270.00	270.00	270.00	271.00	270.00	271.00	271.00	271.00	270.00	271.00	271.00	270.00	271.00	272.00	271.00	271.00	272.00	272.00	271.00	271.00	271.00	271.00	271.00	273.00	273.00	274.00	279.00	278.00	277.00	278.00	277.00	276.00	279.00	281.00	279.00	283.00	283.00	284.00	284.00	284.00	285.00	285.00	285.00	285.00	284.00	285.00	285.00	284.00	285.00	282.00	280.00	279.00	280.00	280.00	280.00	281.00	281.00	282.00	283.00	284.00	285.00	286.00	286.00	285.00	285.00	284.00	284.00	284.00	284.00	284.00	283.00	282.00	282.00	282.00	281.00	280.00	279.00	278.00	276.00	273.00	275.00	275.00	275.00	276.00	275.00	269.00	266.00	266.00	265.00	268.00	268.00	268.00	270.00	272.00	271.00	269.00	268.00	268.00	269.00	267.00	262.00	264.00	266.00	270.00	271.00	268.00	265.00	266.00	268.00	267.00	265.00	262.00	262.00	263.00	268.00	266.00	265.00	260.00	261.00	260.00	257.00	257.00	257.00	254.00	252.00	252.00	252.00	254.00	256.00	259.00	262.00	261.00	262.00	261.00	260.00	259.00	259.00	259.00	256.00	254.00	252.00	252.00	253.00	252.00	251.00	249.00	249.00	258.00	258.00	257.00	257.00	258.00	256.00	257.00	256.00	256.00	258.00	261.00	267.00	266.00	268.00	269.00	272.00	271.00	273.00	276.00	275.00	276.00	278.00	277.00	281.00	282.00	284.00	282.00	287.00	290.00	291.00	290.00	293.00	297.00	298.00	299.00	301.00	307.00	308.00	311.00	315.00	316.00	311.00	303.00	303.00	302.00	300.00	299.00	298.00	298.00	295.00	293.00	290.00	287.00	287.00	281.00
295.00	263.00	259.00	262.00	273.00	274.00	265.00	262.00	259.00	272.00	264.00	262.00	266.00	279.00	288.00	296.00	288.00	280.00	274.00	271.00	268.00	266.00	259.00	258.00	257.00	257.00	257.00	257.00	257.00	259.00	257.00	255.00	256.00	255.00	257.00	257.00	258.00	258.00	257.00	259.00	259.00	259.00	260.00	260.00	261.00	263.00	263.00	263.00	265.00	265.00	266.00	267.00	267.00	268.00	269.00	269.00	270.00	270.00	270.00	270.00	270.00	270.00	270.00	272.00	272.00	271.00	271.00	272.00	270.00	271.00	270.00	271.00	270.00	270.00	270.00	270.00	273.00	274.00	275.00	275.00	281.00	281.00	281.00	280.00	279.00	277.00	280.00	281.00	281.00	284.00	283.00	282.00	283.00	284.00	283.00	285.00	283.00	284.00	284.00	284.00	283.00	283.00	284.00	280.00	279.00	279.00	278.00	279.00	279.00	279.00	280.00	281.00	283.00	283.00	285.00	285.00	286.00	284.00	283.00	284.00	284.00	283.00	283.00	283.00	283.00	283.00	283.00	281.00	281.00	280.00	279.00	278.00	276.00	276.00	274.00	275.00	275.00	274.00	274.00	270.00	269.00	266.00	265.00	265.00	264.00	265.00	268.00	270.00	268.00	267.00	265.00	267.00	268.00	264.00	263.00	263.00	263.00	270.00	268.00	269.00	264.00	263.00	264.00	267.00	267.00	264.00	261.00	262.00	267.00	265.00	264.00	259.00	258.00	257.00	255.00	255.00	254.00	251.00	250.00	250.00	252.00	253.00	255.00	259.00	262.00	260.00	260.00	259.00	258.00	259.00	260.00	258.00	256.00	252.00	251.00	250.00	251.00	250.00	248.00	246.00	250.00	256.00	255.00	256.00	258.00	257.00	257.00	257.00	257.00	256.00	257.00	261.00	270.00	269.00	273.00	270.00	272.00	272.00	274.00	275.00	275.00	276.00	279.00	282.00	283.00	281.00	285.00	285.00	288.00	287.00	290.00	291.00	292.00	298.00	298.00	300.00	302.00	304.00	308.00	310.00	316.00	314.00	311.00	303.00	303.00	301.00	300.00	300.00	299.00	298.00	294.00	294.00	291.00	291.00	289.00	283.00
255.00	256.00	256.00	260.00	280.00	291.00	292.00	272.00	266.00	265.00	267.00	265.00	269.00	293.00	304.00	323.00	315.00	292.00	280.00	276.00	272.00	268.00	260.00	260.00	260.00	259.00	259.00	259.00	261.00	258.00	259.00	257.00	256.00	257.00	256.00	257.00	258.00	259.00	259.00	259.00	260.00	259.00	259.00	260.00	260.00	261.00	260.00	263.00	263.00	264.00	265.00	265.00	265.00	266.00	267.00	268.00	268.00	269.00	269.00	269.00	268.00	270.00	269.00	270.00	272.00	272.00	272.00	271.00	271.00	271.00	270.00	271.00	269.00	270.00	271.00	270.00	273.00	275.00	278.00	278.00	280.00	281.00	281.00	283.00	283.00	282.00	281.00	283.00	282.00	283.00	284.00	283.00	283.00	283.00	283.00	283.00	282.00	284.00	283.00	283.00	282.00	283.00	283.00	278.00	278.00	276.00	275.00	276.00	277.00	277.00	277.00	279.00	280.00	283.00	285.00	284.00	283.00	282.00	283.00	283.00	282.00	283.00	282.00	281.00	282.00	281.00	281.00	281.00	279.00	279.00	277.00	277.00	277.00	276.00	272.00	272.00	274.00	273.00	272.00	271.00	270.00	269.00	267.00	263.00	262.00	262.00	262.00	263.00	263.00	263.00	264.00	266.00	265.00	263.00	260.00	262.00	265.00	266.00	268.00	268.00	263.00	260.00	259.00	263.00	263.00	264.00	260.00	259.00	264.00	263.00	260.00	256.00	254.00	252.00	251.00	251.00	250.00	248.00	248.00	250.00	253.00	256.00	255.00	255.00	258.00	259.00	258.00	258.00	259.00	258.00	256.00	254.00	252.00	250.00	249.00	250.00	249.00	245.00	246.00	252.00	255.00	254.00	255.00	258.00	259.00	258.00	257.00	256.00	257.00	259.00	262.00	264.00	270.00	272.00	274.00	273.00	272.00	273.00	273.00	275.00	276.00	277.00	279.00	279.00	280.00	282.00	282.00	281.00	285.00	285.00	287.00	289.00	291.00	295.00	296.00	298.00	302.00	304.00	307.00	309.00	311.00	313.00	310.00	305.00	304.00	305.00	303.00	302.00	300.00	298.00	297.00	295.00	296.00	294.00	292.00	289.00
260.00	260.00	271.00	278.00	289.00	291.00	281.00	273.00	267.00	267.00	269.00	268.00	273.00	309.00	318.00	308.00	300.00	291.00	282.00	275.00	271.00	268.00	262.00	261.00	260.00	259.00	258.00	259.00	260.00	259.00	259.00	258.00	258.00	257.00	257.00	257.00	258.00	259.00	259.00	260.00	261.00	260.00	261.00	260.00	261.00	261.00	262.00	261.00	262.00	263.00	263.00	264.00	263.00	264.00	266.00	268.00	267.00	267.00	269.00	268.00	269.00	269.00	270.00	271.00	270.00	272.00	271.00	272.00	271.00	272.00	271.00	270.00	272.00	270.00	270.00	272.00	277.00	277.00	277.00	279.00	281.00	283.00	283.00	283.00	283.00	283.00	283.00	281.00	284.00	283.00	284.00	285.00	282.00	282.00	282.00	283.00	283.00	282.00	282.00	281.00	282.00	281.00	281.00	278.00	276.00	275.00	275.00	276.00	276.00	276.00	276.00	277.00	281.00	283.00	284.00	284.00	283.00	282.00	283.00	281.00	281.00	282.00	281.00	282.00	281.00	281.00	281.00	280.00	279.00	278.00	277.00	276.00	276.00	276.00	272.00	271.00	272.00	273.00	272.00	272.00	270.00	270.00	268.00	263.00	263.00	261.00	261.00	261.00	263.00	263.00	263.00	265.00	264.00	261.00	262.00	264.00	264.00	263.00	264.00	267.00	265.00	260.00	257.00	261.00	261.00	262.00	258.00	257.00	263.00	262.00	258.00	254.00	251.00	250.00	250.00	248.00	248.00	249.00	248.00	251.00	254.00	254.00	254.00	254.00	257.00	257.00	258.00	258.00	258.00	257.00	255.00	251.00	252.00	253.00	250.00	250.00	248.00	247.00	252.00	254.00	255.00	255.00	256.00	259.00	260.00	259.00	255.00	255.00	258.00	261.00	262.00	262.00	268.00	271.00	272.00	271.00	270.00	273.00	275.00	274.00	277.00	276.00	278.00	278.00	282.00	283.00	283.00	282.00	285.00	284.00	287.00	289.00	289.00	295.00	296.00	299.00	302.00	303.00	306.00	307.00	309.00	311.00	310.00	303.00	303.00	305.00	304.00	302.00	300.00	298.00	297.00	297.00	295.00	294.00	293.00	291.00
267.00	258.00	268.00	276.00	297.00	306.00	283.00	275.00	268.00	270.00	271.00	271.00	275.00	310.00	326.00	307.00	293.00	288.00	279.00	274.00	270.00	267.00	264.00	261.00	260.00	259.00	260.00	259.00	258.00	259.00	259.00	259.00	257.00	258.00	257.00	258.00	257.00	257.00	260.00	259.00	262.00	261.00	262.00	261.00	259.00	262.00	262.00	262.00	262.00	263.00	263.00	262.00	263.00	263.00	267.00	265.00	266.00	267.00	268.00	269.00	268.00	268.00	269.00	269.00	271.00	273.00	273.00	272.00	272.00	271.00	270.00	270.00	269.00	271.00	271.00	271.00	275.00	276.00	278.00	278.00	282.00	283.00	283.00	283.00	283.00	285.00	283.00	284.00	284.00	286.00	285.00	284.00	283.00	283.00	283.00	282.00	282.00	282.00	281.00	282.00	282.00	281.00	281.00	276.00	275.00	275.00	273.00	273.00	278.00	277.00	275.00	277.00	280.00	281.00	283.00	284.00	282.00	281.00	282.00	282.00	281.00	281.00	281.00	281.00	281.00	280.00	280.00	279.00	278.00	278.00	276.00	275.00	274.00	275.00	272.00	270.00	271.00	272.00	270.00	270.00	271.00	270.00	266.00	263.00	261.00	261.00	261.00	259.00	261.00	262.00	263.00	265.00	265.00	261.00	258.00	261.00	263.00	260.00	264.00	265.00	261.00	259.00	256.00	259.00	260.00	260.00	256.00	257.00	261.00	260.00	255.00	253.00	249.00	249.00	248.00	246.00	248.00	247.00	248.00	250.00	251.00	252.00	252.00	254.00	254.00	255.00	257.00	258.00	257.00	256.00	255.00	251.00	249.00	252.00	250.00	249.00	245.00	249.00	253.00	255.00	257.00	255.00	257.00	258.00	259.00	258.00	256.00	257.00	258.00	259.00	264.00	265.00	268.00	269.00	274.00	274.00	272.00	276.00	276.00	276.00	276.00	278.00	278.00	280.00	279.00	279.00	283.00	283.00	284.00	286.00	284.00	288.00	289.00	293.00	295.00	298.00	300.00	304.00	305.00	307.00	309.00	313.00	310.00	307.00	304.00	306.00	304.00	302.00	299.00	297.00	295.00	296.00	296.00	296.00	294.00	294.00
281.00	261.00	275.00	284.00	294.00	300.00	285.00	274.00	270.00	273.00	277.00	280.00	280.00	323.00	313.00	295.00	289.00	286.00	277.00	272.00	269.00	267.00	264.00	260.00	260.00	261.00	258.00	259.00	258.00	259.00	259.00	260.00	260.00	258.00	259.00	259.00	258.00	257.00	258.00	260.00	260.00	263.00	262.00	260.00	262.00	264.00	265.00	265.00	266.00	262.00	263.00	263.00	263.00	263.00	264.00	266.00	265.00	266.00	268.00	268.00	269.00	269.00	270.00	271.00	269.00	273.00	272.00	274.00	272.00	271.00	272.00	270.00	271.00	270.00	270.00	272.00	276.00	277.00	277.00	278.00	281.00	284.00	283.00	282.00	285.00	285.00	284.00	283.00	284.00	285.00	285.00	286.00	284.00	283.00	281.00	282.00	282.00	280.00	281.00	281.00	281.00	282.00	281.00	277.00	273.00	275.00	274.00	273.00	274.00	275.00	274.00	277.00	280.00	281.00	282.00	281.00	282.00	280.00	281.00	281.00	279.00	279.00	279.00	280.00	280.00	279.00	278.00	278.00	278.00	278.00	276.00	276.00	274.00	274.00	272.00	270.00	269.00	270.00	271.00	269.00	269.00	269.00	268.00	262.00	261.00	261.00	260.00	259.00	260.00	262.00	262.00	264.00	264.00	263.00	259.00	257.00	260.00	259.00	263.00	265.00	263.00	257.00	254.00	257.00	257.00	257.00	257.00	257.00	260.00	257.00	257.00	252.00	249.00	247.00	246.00	246.00	245.00	245.00	248.00	251.00	251.00	252.00	254.00	253.00	252.00	253.00	253.00	256.00	254.00	255.00	255.00	251.00	251.00	251.00	250.00	246.00	242.00	252.00	254.00	255.00	255.00	255.00	257.00	261.00	262.00	259.00	256.00	255.00	257.00	256.00	262.00	266.00	267.00	271.00	272.00	275.00	272.00	278.00	278.00	276.00	275.00	276.00	279.00	278.00	280.00	282.00	282.00	282.00	284.00	283.00	284.00	288.00	288.00	294.00	296.00	298.00	299.00	304.00	306.00	309.00	309.00	313.00	312.00	306.00	306.00	304.00	305.00	302.00	298.00	297.00	297.00	297.00	300.00	297.00	295.00	296.00
284.00	268.00	259.00	262.00	267.00	270.00	273.00	275.00	276.00	279.00	286.00	297.00	318.00	294.00	289.00	287.00	283.00	278.00	274.00	271.00	271.00	270.00	265.00	263.00	262.00	262.00	262.00	262.00	261.00	260.00	260.00	260.00	259.00	260.00	259.00	259.00	259.00	258.00	257.00	260.00	260.00	260.00	261.00	260.00	261.00	265.00	265.00	266.00	270.00	266.00	264.00	266.00	265.00	263.00	262.00	265.00	265.00	266.00	269.00	267.00	268.00	270.00	269.00	272.00	271.00	274.00	274.00	275.00	274.00	273.00	274.00	274.00	274.00	272.00	273.00	275.00	277.00	278.00	277.00	279.00	284.00	284.00	283.00	283.00	285.00	285.00	284.00	284.00	285.00	287.00	286.00	286.00	283.00	282.00	281.00	280.00	279.00	279.00	279.00	279.00	279.00	280.00	279.00	274.00	273.00	274.00	274.00	271.00	273.00	273.00	276.00	276.00	277.00	278.00	279.00	279.00	280.00	280.00	279.00	280.00	279.00	278.00	277.00	277.00	279.00	278.00	278.00	278.00	276.00	275.00	275.00	274.00	273.00	273.00	272.00	271.00	271.00	270.00	269.00	267.00	266.00	264.00	267.00	264.00	261.00	261.00	261.00	259.00	257.00	260.00	260.00	260.00	262.00	263.00	260.00	256.00	255.00	256.00	256.00	260.00	259.00	257.00	253.00	251.00	251.00	252.00	255.00	256.00	254.00	252.00	254.00	251.00	248.00	246.00	245.00	244.00	245.00	245.00	244.00	248.00	251.00	249.00	250.00	248.00	247.00	250.00	248.00	250.00	251.00	250.00	251.00	251.00	252.00	250.00	246.00	244.00	248.00	257.00	258.00	257.00	258.00	260.00	262.00	266.00	265.00	262.00	258.00	258.00	259.00	263.00	261.00	263.00	267.00	269.00	270.00	274.00	278.00	277.00	278.00	278.00	275.00	277.00	275.00	278.00	280.00	279.00	284.00	282.00	282.00	283.00	285.00	286.00	287.00	292.00	295.00	297.00	298.00	304.00	306.00	307.00	312.00	314.00	313.00	307.00	307.00	306.00	306.00	301.00	298.00	297.00	297.00	299.00	300.00	299.00	297.00	295.00
276.00	269.00	262.00	262.00	266.00	269.00	273.00	281.00	280.00	288.00	297.00	313.00	312.00	294.00	289.00	283.00	280.00	279.00	273.00	273.00	272.00	270.00	266.00	264.00	263.00	263.00	264.00	261.00	262.00	262.00	260.00	262.00	259.00	259.00	259.00	259.00	259.00	259.00	259.00	258.00	261.00	260.00	260.00	262.00	263.00	266.00	266.00	268.00	269.00	267.00	268.00	266.00	267.00	265.00	264.00	265.00	266.00	267.00	268.00	268.00	268.00	269.00	270.00	270.00	273.00	273.00	274.00	274.00	275.00	275.00	275.00	276.00	274.00	276.00	277.00	277.00	275.00	279.00	277.00	279.00	286.00	284.00	285.00	284.00	285.00	287.00	284.00	286.00	286.00	287.00	287.00	286.00	284.00	284.00	280.00	280.00	280.00	280.00	279.00	278.00	277.00	280.00	277.00	274.00	275.00	273.00	271.00	272.00	272.00	274.00	277.00	276.00	276.00	277.00	278.00	278.00	279.00	280.00	279.00	278.00	278.00	276.00	277.00	276.00	276.00	277.00	277.00	277.00	275.00	275.00	274.00	274.00	274.00	273.00	271.00	270.00	269.00	270.00	269.00	265.00	265.00	264.00	265.00	265.00	262.00	259.00	258.00	260.00	257.00	260.00	260.00	258.00	260.00	262.00	260.00	256.00	254.00	253.00	254.00	257.00	257.00	255.00	252.00	250.00	250.00	253.00	253.00	251.00	250.00	249.00	255.00	252.00	248.00	243.00	243.00	243.00	244.00	244.00	243.00	246.00	248.00	249.00	247.00	245.00	245.00	245.00	245.00	245.00	250.00	250.00	249.00	251.00	251.00	247.00	243.00	248.00	253.00	261.00	262.00	261.00	261.00	263.00	264.00	266.00	266.00	264.00	258.00	261.00	262.00	264.00	262.00	262.00	266.00	270.00	271.00	275.00	275.00	277.00	275.00	275.00	273.00	274.00	275.00	277.00	281.00	279.00	281.00	281.00	283.00	285.00	284.00	285.00	285.00	290.00	293.00	295.00	298.00	304.00	306.00	309.00	313.00	322.00	313.00	308.00	308.00	308.00	307.00	301.00	299.00	298.00	297.00	299.00	298.00	297.00	298.00	299.00
278.00	268.00	264.00	264.00	268.00	270.00	276.00	280.00	285.00	296.00	309.00	330.00	321.00	294.00	288.00	285.00	282.00	278.00	274.00	275.00	274.00	272.00	269.00	267.00	265.00	266.00	265.00	263.00	262.00	263.00	263.00	262.00	262.00	260.00	260.00	261.00	261.00	260.00	259.00	259.00	259.00	260.00	260.00	261.00	263.00	266.00	267.00	267.00	269.00	267.00	268.00	268.00	269.00	269.00	269.00	268.00	266.00	266.00	269.00	269.00	270.00	270.00	273.00	273.00	273.00	275.00	275.00	276.00	276.00	277.00	277.00	275.00	277.00	276.00	277.00	278.00	276.00	278.00	278.00	279.00	284.00	285.00	283.00	284.00	285.00	288.00	286.00	287.00	288.00	287.00	287.00	286.00	285.00	283.00	281.00	280.00	279.00	278.00	277.00	276.00	277.00	277.00	277.00	277.00	273.00	273.00	274.00	272.00	273.00	275.00	277.00	277.00	276.00	276.00	278.00	279.00	278.00	278.00	279.00	278.00	278.00	277.00	276.00	275.00	275.00	276.00	276.00	276.00	275.00	274.00	273.00	274.00	272.00	272.00	270.00	270.00	270.00	269.00	268.00	267.00	266.00	264.00	264.00	264.00	263.00	261.00	260.00	258.00	256.00	258.00	258.00	257.00	259.00	260.00	260.00	256.00	254.00	253.00	253.00	253.00	254.00	254.00	250.00	248.00	250.00	251.00	251.00	250.00	249.00	248.00	251.00	249.00	247.00	243.00	242.00	243.00	243.00	242.00	243.00	244.00	248.00	247.00	245.00	245.00	243.00	243.00	242.00	244.00	247.00	248.00	248.00	249.00	251.00	242.00	245.00	252.00	257.00	262.00	262.00	262.00	263.00	263.00	264.00	267.00	267.00	263.00	260.00	262.00	265.00	262.00	264.00	266.00	267.00	270.00	268.00	274.00	276.00	274.00	274.00	274.00	272.00	272.00	275.00	276.00	280.00	279.00	279.00	280.00	281.00	283.00	284.00	284.00	286.00	289.00	293.00	294.00	298.00	302.00	306.00	308.00	312.00	313.00	314.00	307.00	306.00	306.00	308.00	302.00	299.00	298.00	298.00	296.00	297.00	299.00	299.00	300.00
274.00	274.00	271.00	277.00	270.00	270.00	276.00	282.00	288.00	298.00	314.00	313.00	319.00	297.00	291.00	287.00	283.00	281.00	277.00	277.00	274.00	272.00	272.00	270.00	268.00	266.00	267.00	265.00	263.00	264.00	262.00	264.00	262.00	262.00	261.00	260.00	262.00	263.00	262.00	259.00	260.00	260.00	261.00	261.00	262.00	265.00	267.00	268.00	270.00	270.00	269.00	269.00	272.00	293.00	272.00	270.00	268.00	268.00	269.00	270.00	269.00	272.00	274.00	274.00	275.00	276.00	277.00	277.00	276.00	277.00	277.00	277.00	277.00	277.00	278.00	278.00	277.00	277.00	279.00	280.00	283.00	284.00	283.00	283.00	286.00	288.00	288.00	287.00	286.00	286.00	287.00	284.00	284.00	284.00	281.00	280.00	280.00	278.00	276.00	275.00	277.00	275.00	274.00	278.00	273.00	273.00	271.00	272.00	275.00	275.00	276.00	278.00	277.00	277.00	276.00	277.00	278.00	277.00	278.00	277.00	278.00	275.00	275.00	275.00	274.00	276.00	275.00	274.00	274.00	273.00	273.00	272.00	273.00	272.00	270.00	269.00	268.00	268.00	267.00	266.00	265.00	265.00	264.00	263.00	263.00	262.00	261.00	260.00	255.00	256.00	257.00	256.00	257.00	259.00	257.00	254.00	253.00	250.00	251.00	251.00	251.00	250.00	249.00	248.00	246.00	247.00	248.00	248.00	248.00	246.00	246.00	246.00	245.00	242.00	241.00	241.00	243.00	242.00	242.00	246.00	245.00	245.00	244.00	242.00	240.00	240.00	241.00	242.00	245.00	247.00	247.00	250.00	249.00	242.00	248.00	254.00	257.00	260.00	262.00	263.00	263.00	263.00	265.00	266.00	266.00	265.00	262.00	263.00	262.00	262.00	264.00	263.00	268.00	269.00	268.00	268.00	273.00	272.00	273.00	273.00	269.00	271.00	272.00	276.00	278.00	279.00	280.00	281.00	281.00	283.00	284.00	286.00	286.00	289.00	293.00	295.00	297.00	303.00	305.00	308.00	309.00	311.00	313.00	307.00	307.00	303.00	307.00	301.00	298.00	298.00	297.00	299.00	297.00	297.00	299.00	299.00
285.00	285.00	305.00	280.00	272.00	272.00	275.00	282.00	289.00	315.00	322.00	329.00	332.00	297.00	292.00	289.00	286.00	285.00	279.00	277.00	277.00	277.00	276.00	274.00	273.00	272.00	272.00	269.00	267.00	265.00	266.00	268.00	266.00	266.00	266.00	267.00	265.00	264.00	261.00	261.00	263.00	262.00	261.00	261.00	262.00	266.00	267.00	267.00	269.00	272.00	271.00	271.00	269.00	274.00	284.00	278.00	273.00	271.00	270.00	271.00	272.00	273.00	276.00	277.00	277.00	278.00	278.00	278.00	278.00	278.00	278.00	277.00	277.00	277.00	278.00	279.00	279.00	279.00	279.00	280.00	282.00	283.00	282.00	283.00	285.00	288.00	290.00	287.00	286.00	285.00	285.00	285.00	283.00	281.00	282.00	281.00	282.00	279.00	276.00	273.00	275.00	275.00	274.00	274.00	273.00	274.00	274.00	275.00	275.00	275.00	276.00	275.00	277.00	277.00	276.00	276.00	276.00	275.00	276.00	276.00	276.00	276.00	274.00	275.00	274.00	274.00	275.00	273.00	273.00	272.00	272.00	271.00	270.00	270.00	269.00	267.00	267.00	266.00	265.00	264.00	264.00	264.00	264.00	262.00	261.00	260.00	261.00	260.00	258.00	256.00	255.00	254.00	254.00	257.00	255.00	252.00	251.00	248.00	248.00	249.00	248.00	245.00	244.00	245.00	244.00	243.00	242.00	240.00	240.00	241.00	240.00	240.00	240.00	240.00	240.00	240.00	239.00	241.00	241.00	243.00	240.00	241.00	240.00	238.00	236.00	238.00	240.00	243.00	245.00	245.00	244.00	249.00	246.00	247.00	251.00	252.00	255.00	260.00	262.00	262.00	262.00	263.00	264.00	264.00	265.00	264.00	262.00	261.00	261.00	262.00	262.00	261.00	261.00	265.00	265.00	264.00	264.00	266.00	269.00	268.00	271.00	269.00	271.00	274.00	276.00	278.00	279.00	279.00	279.00	280.00	283.00	284.00	287.00	289.00	292.00	296.00	296.00	301.00	302.00	305.00	308.00	309.00	313.00	309.00	306.00	302.00	297.00	296.00	292.00	292.00	295.00	294.00	293.00	293.00	296.00	298.00
289.00	289.00	295.00	276.00	274.00	274.00	275.00	281.00	289.00	330.00	343.00	326.00	310.00	294.00	291.00	293.00	289.00	287.00	279.00	278.00	281.00	279.00	277.00	277.00	276.00	275.00	274.00	270.00	269.00	269.00	269.00	268.00	267.00	266.00	268.00	266.00	266.00	264.00	264.00	262.00	262.00	262.00	261.00	262.00	262.00	267.00	268.00	270.00	270.00	271.00	271.00	270.00	271.00	273.00	292.00	282.00	276.00	273.00	270.00	273.00	274.00	274.00	275.00	277.00	279.00	279.00	280.00	279.00	280.00	280.00	277.00	278.00	278.00	277.00	279.00	279.00	279.00	278.00	279.00	279.00	282.00	281.00	281.00	284.00	285.00	288.00	288.00	288.00	285.00	282.00	282.00	282.00	282.00	281.00	280.00	281.00	280.00	280.00	276.00	275.00	273.00	272.00	274.00	272.00	271.00	270.00	271.00	274.00	276.00	275.00	275.00	274.00	276.00	276.00	276.00	277.00	276.00	274.00	275.00	275.00	276.00	276.00	275.00	275.00	274.00	273.00	273.00	273.00	273.00	272.00	272.00	270.00	269.00	268.00	268.00	267.00	266.00	266.00	265.00	265.00	263.00	264.00	263.00	262.00	262.00	260.00	259.00	258.00	259.00	256.00	256.00	255.00	252.00	255.00	253.00	253.00	252.00	249.00	248.00	247.00	247.00	245.00	244.00	242.00	243.00	242.00	240.00	240.00	239.00	240.00	239.00	239.00	238.00	239.00	239.00	238.00	239.00	240.00	241.00	240.00	240.00	241.00	238.00	237.00	236.00	237.00	238.00	241.00	246.00	245.00	244.00	244.00	246.00	248.00	249.00	252.00	256.00	261.00	261.00	260.00	262.00	261.00	262.00	263.00	264.00	263.00	262.00	262.00	261.00	262.00	261.00	261.00	261.00	262.00	263.00	259.00	260.00	263.00	261.00	270.00	269.00	271.00	269.00	272.00	275.00	276.00	277.00	277.00	279.00	280.00	281.00	283.00	285.00	289.00	290.00	292.00	296.00	301.00	303.00	306.00	308.00	311.00	311.00	310.00	305.00	301.00	296.00	294.00	291.00	290.00	293.00	292.00	292.00	291.00	293.00	297.00
291.00	291.00	275.00	272.00	275.00	276.00	277.00	284.00	298.00	336.00	322.00	306.00	299.00	295.00	293.00	293.00	292.00	287.00	281.00	282.00	282.00	280.00	278.00	279.00	280.00	279.00	277.00	274.00	273.00	270.00	270.00	269.00	267.00	267.00	268.00	268.00	268.00	266.00	263.00	263.00	261.00	262.00	261.00	262.00	264.00	267.00	269.00	269.00	270.00	271.00	273.00	274.00	272.00	270.00	282.00	282.00	277.00	275.00	273.00	272.00	275.00	277.00	279.00	278.00	278.00	281.00	281.00	281.00	280.00	280.00	281.00	278.00	279.00	278.00	278.00	280.00	281.00	280.00	278.00	281.00	281.00	282.00	284.00	284.00	286.00	286.00	288.00	287.00	286.00	280.00	279.00	280.00	279.00	279.00	280.00	280.00	281.00	279.00	275.00	274.00	272.00	272.00	273.00	272.00	271.00	270.00	271.00	273.00	275.00	275.00	274.00	274.00	275.00	276.00	276.00	276.00	274.00	273.00	274.00	274.00	275.00	275.00	275.00	274.00	273.00	273.00	272.00	272.00	272.00	272.00	271.00	270.00	268.00	268.00	266.00	267.00	265.00	265.00	264.00	263.00	263.00	262.00	261.00	261.00	262.00	261.00	260.00	259.00	256.00	255.00	255.00	255.00	252.00	252.00	253.00	252.00	251.00	249.00	247.00	247.00	245.00	245.00	243.00	244.00	243.00	242.00	239.00	239.00	238.00	239.00	240.00	238.00	237.00	238.00	238.00	239.00	238.00	239.00	242.00	240.00	238.00	239.00	238.00	237.00	238.00	238.00	238.00	238.00	244.00	245.00	245.00	246.00	247.00	246.00	248.00	250.00	255.00	259.00	261.00	262.00	261.00	262.00	262.00	264.00	263.00	263.00	262.00	262.00	261.00	260.00	262.00	260.00	260.00	262.00	263.00	254.00	255.00	258.00	260.00	267.00	268.00	267.00	267.00	272.00	276.00	276.00	274.00	275.00	277.00	278.00	281.00	281.00	282.00	287.00	289.00	292.00	293.00	301.00	303.00	308.00	308.00	311.00	310.00	308.00	305.00	301.00	296.00	294.00	294.00	291.00	293.00	291.00	288.00	288.00	292.00	294.00
286.00	286.00	272.00	273.00	277.00	276.00	280.00	283.00	300.00	298.00	297.00	294.00	293.00	292.00	292.00	290.00	289.00	288.00	283.00	287.00	285.00	281.00	281.00	281.00	282.00	280.00	281.00	277.00	277.00	273.00	271.00	268.00	267.00	267.00	268.00	268.00	265.00	265.00	264.00	263.00	264.00	261.00	263.00	264.00	265.00	267.00	268.00	269.00	271.00	273.00	274.00	272.00	272.00	274.00	276.00	276.00	277.00	280.00	278.00	276.00	275.00	276.00	277.00	278.00	281.00	282.00	283.00	281.00	282.00	280.00	280.00	280.00	278.00	279.00	280.00	280.00	282.00	283.00	282.00	280.00	282.00	282.00	283.00	286.00	286.00	288.00	286.00	288.00	288.00	284.00	282.00	280.00	279.00	278.00	281.00	280.00	278.00	278.00	277.00	276.00	274.00	273.00	273.00	272.00	270.00	269.00	270.00	273.00	273.00	274.00	275.00	274.00	275.00	275.00	275.00	276.00	274.00	272.00	273.00	273.00	274.00	273.00	274.00	273.00	273.00	272.00	272.00	272.00	271.00	271.00	269.00	270.00	269.00	268.00	265.00	265.00	265.00	265.00	264.00	261.00	261.00	263.00	261.00	261.00	261.00	261.00	259.00	259.00	258.00	256.00	255.00	254.00	253.00	252.00	251.00	252.00	252.00	250.00	248.00	248.00	246.00	245.00	244.00	242.00	242.00	242.00	240.00	240.00	238.00	237.00	241.00	240.00	239.00	238.00	238.00	238.00	238.00	238.00	237.00	239.00	239.00	239.00	236.00	237.00	237.00	239.00	238.00	240.00	241.00	242.00	242.00	247.00	247.00	245.00	247.00	251.00	256.00	261.00	262.00	262.00	261.00	261.00	263.00	262.00	264.00	265.00	263.00	262.00	258.00	259.00	259.00	261.00	260.00	259.00	261.00	254.00	255.00	253.00	257.00	264.00	268.00	266.00	265.00	271.00	272.00	272.00	274.00	274.00	277.00	278.00	279.00	280.00	281.00	286.00	288.00	292.00	294.00	299.00	302.00	304.00	306.00	307.00	310.00	305.00	304.00	303.00	298.00	295.00	294.00	289.00	290.00	290.00	287.00	287.00	290.00	294.00
282.00	281.00	280.00	277.00	282.00	281.00	281.00	278.00	277.00	282.00	284.00	283.00	285.00	286.00	286.00	286.00	285.00	282.00	283.00	288.00	289.00	286.00	288.00	290.00	288.00	285.00	283.00	281.00	281.00	279.00	275.00	273.00	270.00	272.00	269.00	269.00	268.00	267.00	268.00	268.00	266.00	264.00	264.00	266.00	267.00	268.00	270.00	271.00	272.00	271.00	272.00	272.00	273.00	275.00	275.00	275.00	276.00	283.00	318.00	291.00	282.00	278.00	277.00	279.00	283.00	282.00	284.00	283.00	282.00	281.00	282.00	282.00	281.00	282.00	282.00	283.00	283.00	284.00	285.00	284.00	283.00	285.00	287.00	288.00	288.00	287.00	286.00	287.00	287.00	283.00	282.00	280.00	279.00	278.00	279.00	280.00	278.00	277.00	275.00	276.00	276.00	274.00	273.00	271.00	269.00	270.00	272.00	271.00	272.00	271.00	272.00	273.00	273.00	273.00	273.00	273.00	273.00	272.00	271.00	271.00	271.00	271.00	274.00	273.00	272.00	271.00	270.00	271.00	268.00	268.00	268.00	266.00	267.00	266.00	264.00	264.00	263.00	264.00	263.00	261.00	260.00	259.00	259.00	260.00	260.00	259.00	258.00	258.00	256.00	255.00	255.00	255.00	251.00	251.00	250.00	250.00	249.00	247.00	248.00	247.00	246.00	243.00	242.00	243.00	241.00	242.00	238.00	238.00	238.00	238.00	238.00	240.00	239.00	241.00	247.00	238.00	238.00	237.00	237.00	238.00	237.00	238.00	239.00	239.00	237.00	238.00	240.00	240.00	240.00	237.00	237.00	249.00	245.00	244.00	246.00	250.00	253.00	257.00	258.00	260.00	260.00	261.00	261.00	262.00	260.00	261.00	260.00	260.00	258.00	257.00	257.00	255.00	254.00	254.00	255.00	254.00	255.00	254.00	252.00	257.00	262.00	264.00	266.00	265.00	268.00	271.00	271.00	273.00	273.00	275.00	276.00	277.00	280.00	288.00	286.00	289.00	291.00	298.00	301.00	305.00	323.00	307.00	309.00	308.00	306.00	301.00	298.00	296.00	291.00	291.00	290.00	289.00	287.00	286.00	288.00	289.00
284.00	290.00	280.00	279.00	278.00	276.00	278.00	275.00	274.00	278.00	279.00	281.00	282.00	282.00	280.00	283.00	282.00	279.00	282.00	284.00	288.00	291.00	296.00	296.00	295.00	291.00	286.00	286.00	282.00	279.00	280.00	278.00	277.00	273.00	271.00	270.00	270.00	268.00	267.00	268.00	265.00	265.00	266.00	267.00	270.00	269.00	272.00	274.00	272.00	272.00	271.00	273.00	273.00	273.00	275.00	276.00	277.00	277.00	311.00	290.00	282.00	281.00	279.00	279.00	280.00	282.00	283.00	285.00	283.00	282.00	282.00	283.00	282.00	282.00	282.00	283.00	284.00	286.00	286.00	287.00	284.00	286.00	287.00	287.00	288.00	288.00	288.00	287.00	286.00	284.00	282.00	282.00	280.00	279.00	278.00	279.00	278.00	275.00	274.00	274.00	274.00	273.00	272.00	269.00	271.00	272.00	271.00	271.00	271.00	271.00	272.00	272.00	273.00	272.00	272.00	272.00	273.00	269.00	270.00	271.00	269.00	271.00	271.00	273.00	272.00	271.00	271.00	270.00	269.00	268.00	267.00	267.00	266.00	266.00	263.00	264.00	263.00	263.00	263.00	260.00	260.00	259.00	258.00	258.00	258.00	258.00	257.00	257.00	256.00	254.00	254.00	254.00	252.00	249.00	250.00	250.00	249.00	247.00	245.00	246.00	245.00	245.00	242.00	242.00	242.00	240.00	239.00	238.00	238.00	239.00	237.00	239.00	241.00	245.00	250.00	238.00	238.00	237.00	238.00	237.00	237.00	237.00	241.00	245.00	242.00	240.00	240.00	239.00	238.00	238.00	241.00	244.00	244.00	243.00	244.00	247.00	250.00	255.00	257.00	259.00	258.00	260.00	260.00	260.00	261.00	261.00	258.00	257.00	257.00	256.00	255.00	255.00	251.00	249.00	251.00	251.00	253.00	253.00	255.00	256.00	261.00	264.00	266.00	264.00	268.00	270.00	270.00	270.00	271.00	273.00	275.00	276.00	279.00	285.00	286.00	288.00	289.00	296.00	298.00	302.00	309.00	307.00	307.00	306.00	304.00	303.00	297.00	295.00	292.00	290.00	289.00	288.00	286.00	285.00	286.00	287.00
294.00	287.00	279.00	279.00	275.00	274.00	272.00	273.00	273.00	281.00	278.00	279.00	281.00	282.00	280.00	281.00	279.00	279.00	281.00	285.00	288.00	294.00	305.00	311.00	304.00	295.00	290.00	284.00	285.00	281.00	284.00	287.00	278.00	276.00	272.00	271.00	268.00	268.00	269.00	268.00	267.00	265.00	265.00	268.00	270.00	271.00	272.00	276.00	274.00	271.00	271.00	271.00	273.00	274.00	278.00	277.00	277.00	278.00	285.00	286.00	282.00	282.00	281.00	280.00	281.00	283.00	283.00	284.00	285.00	284.00	283.00	282.00	281.00	282.00	283.00	284.00	286.00	286.00	287.00	287.00	286.00	287.00	288.00	287.00	289.00	288.00	287.00	286.00	286.00	283.00	282.00	281.00	280.00	279.00	278.00	276.00	276.00	276.00	274.00	271.00	270.00	271.00	271.00	269.00	271.00	271.00	272.00	271.00	272.00	271.00	270.00	272.00	272.00	273.00	271.00	271.00	273.00	270.00	271.00	269.00	270.00	269.00	271.00	271.00	271.00	271.00	269.00	269.00	268.00	268.00	266.00	267.00	265.00	265.00	265.00	262.00	261.00	264.00	263.00	258.00	257.00	258.00	259.00	257.00	257.00	256.00	256.00	256.00	255.00	254.00	253.00	252.00	251.00	251.00	251.00	248.00	249.00	247.00	246.00	246.00	246.00	243.00	243.00	242.00	241.00	241.00	239.00	239.00	238.00	237.00	236.00	237.00	241.00	248.00	252.00	238.00	238.00	238.00	237.00	237.00	238.00	240.00	240.00	243.00	245.00	243.00	241.00	241.00	238.00	241.00	246.00	247.00	243.00	241.00	241.00	243.00	249.00	252.00	256.00	256.00	255.00	258.00	260.00	259.00	259.00	260.00	256.00	256.00	256.00	256.00	255.00	254.00	249.00	249.00	252.00	252.00	248.00	249.00	254.00	257.00	258.00	260.00	264.00	264.00	266.00	268.00	269.00	270.00	271.00	274.00	274.00	276.00	279.00	283.00	285.00	287.00	289.00	295.00	296.00	300.00	310.00	303.00	306.00	304.00	303.00	301.00	296.00	295.00	293.00	291.00	289.00	285.00	286.00	284.00	284.00	284.00
285.00	282.00	281.00	275.00	271.00	270.00	273.00	271.00	273.00	275.00	276.00	280.00	280.00	282.00	276.00	279.00	278.00	277.00	282.00	285.00	290.00	296.00	326.00	353.00	318.00	302.00	292.00	288.00	289.00	286.00	285.00	287.00	279.00	281.00	276.00	274.00	272.00	269.00	268.00	269.00	268.00	267.00	267.00	267.00	270.00	272.00	274.00	276.00	273.00	272.00	272.00	272.00	272.00	274.00	280.00	279.00	278.00	279.00	280.00	283.00	282.00	284.00	283.00	282.00	283.00	283.00	283.00	284.00	288.00	285.00	284.00	283.00	283.00	282.00	284.00	285.00	287.00	286.00	289.00	289.00	288.00	289.00	288.00	288.00	289.00	288.00	286.00	285.00	284.00	282.00	281.00	280.00	280.00	280.00	280.00	278.00	276.00	274.00	272.00	270.00	268.00	268.00	268.00	270.00	271.00	271.00	271.00	270.00	270.00	270.00	271.00	270.00	271.00	271.00	271.00	272.00	272.00	270.00	269.00	269.00	267.00	269.00	267.00	269.00	270.00	269.00	270.00	268.00	268.00	267.00	266.00	266.00	265.00	265.00	264.00	263.00	262.00	261.00	262.00	258.00	258.00	257.00	257.00	257.00	256.00	256.00	255.00	254.00	255.00	254.00	253.00	252.00	251.00	250.00	251.00	249.00	248.00	247.00	247.00	246.00	245.00	243.00	242.00	241.00	242.00	240.00	240.00	239.00	239.00	238.00	238.00	238.00	240.00	243.00	245.00	238.00	238.00	237.00	237.00	238.00	244.00	240.00	239.00	240.00	248.00	244.00	242.00	241.00	236.00	242.00	248.00	247.00	244.00	239.00	239.00	243.00	248.00	251.00	252.00	253.00	254.00	257.00	257.00	258.00	259.00	259.00	258.00	256.00	255.00	255.00	255.00	254.00	249.00	248.00	248.00	250.00	250.00	250.00	252.00	255.00	255.00	255.00	260.00	263.00	264.00	266.00	267.00	267.00	270.00	271.00	274.00	277.00	278.00	281.00	283.00	284.00	287.00	294.00	295.00	299.00	300.00	301.00	307.00	302.00	299.00	298.00	294.00	295.00	294.00	293.00	292.00	288.00	284.00	284.00	282.00	284.00
274.00	275.00	272.00	271.00	267.00	265.00	268.00	266.00	268.00	273.00	274.00	274.00	275.00	274.00	272.00	276.00	275.00	274.00	279.00	282.00	292.00	336.00	315.00	320.00	325.00	305.00	294.00	284.00	283.00	282.00	280.00	274.00	273.00	275.00	275.00	279.00	276.00	278.00	275.00	272.00	270.00	270.00	269.00	269.00	270.00	276.00	276.00	276.00	275.00	272.00	272.00	272.00	273.00	275.00	281.00	283.00	281.00	283.00	281.00	283.00	284.00	288.00	287.00	286.00	287.00	284.00	285.00	285.00	287.00	287.00	286.00	285.00	283.00	282.00	282.00	282.00	286.00	288.00	289.00	288.00	291.00	289.00	289.00	289.00	290.00	288.00	283.00	283.00	282.00	279.00	280.00	280.00	279.00	279.00	278.00	277.00	274.00	272.00	269.00	265.00	263.00	266.00	267.00	270.00	270.00	269.00	268.00	268.00	267.00	269.00	269.00	269.00	269.00	269.00	269.00	269.00	269.00	269.00	267.00	268.00	268.00	267.00	267.00	266.00	267.00	268.00	268.00	268.00	266.00	266.00	265.00	265.00	264.00	262.00	263.00	262.00	260.00	261.00	261.00	258.00	257.00	255.00	255.00	253.00	253.00	255.00	255.00	253.00	254.00	252.00	252.00	250.00	251.00	248.00	247.00	248.00	248.00	246.00	245.00	244.00	244.00	243.00	242.00	241.00	241.00	241.00	240.00	238.00	239.00	239.00	238.00	239.00	238.00	238.00	241.00	241.00	240.00	238.00	239.00	239.00	241.00	242.00	245.00	244.00	243.00	245.00	243.00	241.00	245.00	248.00	248.00	248.00	245.00	243.00	242.00	242.00	244.00	249.00	251.00	253.00	253.00	254.00	254.00	255.00	254.00	254.00	256.00	255.00	253.00	255.00	253.00	250.00	251.00	252.00	251.00	249.00	248.00	250.00	253.00	251.00	253.00	255.00	254.00	262.00	263.00	264.00	266.00	266.00	269.00	270.00	273.00	275.00	276.00	280.00	282.00	283.00	287.00	292.00	294.00	295.00	296.00	297.00	300.00	298.00	298.00	298.00	294.00	292.00	290.00	291.00	293.00	289.00	287.00	285.00	281.00	282.00
271.00	274.00	269.00	269.00	267.00	264.00	264.00	265.00	270.00	268.00	270.00	275.00	275.00	272.00	273.00	278.00	274.00	274.00	277.00	282.00	291.00	314.00	316.00	305.00	315.00	305.00	290.00	284.00	283.00	280.00	278.00	271.00	272.00	273.00	274.00	275.00	274.00	276.00	275.00	277.00	272.00	272.00	272.00	272.00	271.00	278.00	278.00	277.00	276.00	273.00	273.00	274.00	274.00	274.00	281.00	283.00	284.00	282.00	284.00	283.00	285.00	288.00	295.00	289.00	287.00	287.00	285.00	286.00	287.00	286.00	288.00	284.00	284.00	282.00	281.00	283.00	287.00	287.00	289.00	290.00	290.00	290.00	289.00	289.00	289.00	286.00	284.00	281.00	282.00	279.00	279.00	280.00	279.00	280.00	278.00	277.00	277.00	272.00	268.00	267.00	264.00	261.00	266.00	268.00	268.00	268.00	267.00	267.00	268.00	268.00	268.00	268.00	269.00	268.00	268.00	267.00	268.00	268.00	266.00	266.00	266.00	266.00	265.00	266.00	265.00	267.00	267.00	267.00	266.00	264.00	265.00	264.00	263.00	263.00	262.00	262.00	260.00	260.00	260.00	258.00	257.00	256.00	256.00	253.00	252.00	253.00	253.00	254.00	252.00	251.00	250.00	249.00	248.00	248.00	248.00	246.00	246.00	247.00	245.00	244.00	243.00	242.00	242.00	242.00	240.00	240.00	240.00	239.00	238.00	239.00	239.00	238.00	240.00	241.00	241.00	245.00	244.00	243.00	240.00	241.00	241.00	242.00	244.00	245.00	245.00	246.00	243.00	243.00	251.00	253.00	253.00	250.00	245.00	244.00	243.00	242.00	245.00	251.00	255.00	254.00	253.00	252.00	252.00	253.00	250.00	252.00	254.00	253.00	253.00	255.00	250.00	248.00	247.00	249.00	251.00	248.00	249.00	252.00	251.00	254.00	253.00	254.00	254.00	261.00	263.00	262.00	262.00	264.00	267.00	269.00	269.00	273.00	273.00	279.00	280.00	285.00	286.00	291.00	292.00	293.00	295.00	296.00	298.00	295.00	295.00	295.00	293.00	290.00	289.00	289.00	288.00	287.00	287.00	286.00	281.00	280.00
270.00	270.00	269.00	265.00	266.00	263.00	262.00	263.00	266.00	267.00	267.00	269.00	271.00	270.00	273.00	279.00	277.00	273.00	276.00	282.00	289.00	301.00	341.00	298.00	296.00	293.00	287.00	283.00	282.00	277.00	274.00	272.00	271.00	271.00	272.00	272.00	272.00	272.00	272.00	275.00	277.00	276.00	276.00	276.00	275.00	278.00	277.00	278.00	276.00	274.00	274.00	273.00	274.00	276.00	279.00	280.00	283.00	284.00	283.00	285.00	284.00	285.00	299.00	292.00	291.00	288.00	288.00	287.00	288.00	287.00	287.00	286.00	283.00	283.00	282.00	282.00	286.00	287.00	290.00	289.00	291.00	289.00	288.00	289.00	289.00	286.00	283.00	282.00	281.00	279.00	279.00	278.00	279.00	278.00	278.00	277.00	277.00	271.00	268.00	266.00	265.00	266.00	267.00	265.00	266.00	266.00	267.00	267.00	266.00	267.00	267.00	267.00	268.00	268.00	266.00	266.00	267.00	267.00	266.00	265.00	266.00	265.00	265.00	265.00	265.00	266.00	266.00	267.00	265.00	264.00	264.00	264.00	263.00	262.00	261.00	260.00	260.00	260.00	259.00	256.00	256.00	255.00	253.00	254.00	252.00	251.00	252.00	252.00	251.00	249.00	250.00	248.00	247.00	248.00	246.00	246.00	246.00	245.00	245.00	244.00	244.00	243.00	242.00	241.00	240.00	241.00	239.00	240.00	239.00	240.00	239.00	241.00	243.00	243.00	246.00	249.00	249.00	246.00	245.00	244.00	245.00	248.00	245.00	244.00	244.00	241.00	244.00	246.00	254.00	254.00	253.00	250.00	247.00	242.00	243.00	244.00	249.00	253.00	253.00	253.00	253.00	252.00	252.00	250.00	251.00	249.00	250.00	251.00	252.00	253.00	248.00	249.00	249.00	250.00	250.00	249.00	252.00	251.00	251.00	253.00	253.00	254.00	256.00	259.00	263.00	264.00	263.00	264.00	266.00	268.00	270.00	271.00	273.00	278.00	281.00	284.00	285.00	289.00	290.00	292.00	293.00	295.00	295.00	295.00	294.00	291.00	293.00	290.00	288.00	287.00	286.00	284.00	284.00	286.00	280.00	280.00
268.00	267.00	268.00	267.00	262.00	261.00	262.00	262.00	263.00	263.00	266.00	265.00	265.00	270.00	273.00	276.00	273.00	271.00	275.00	282.00	287.00	296.00	324.00	294.00	292.00	290.00	284.00	281.00	279.00	275.00	273.00	269.00	271.00	271.00	272.00	272.00	271.00	271.00	270.00	272.00	273.00	278.00	279.00	276.00	276.00	277.00	278.00	277.00	277.00	274.00	274.00	274.00	274.00	274.00	278.00	281.00	284.00	284.00	285.00	283.00	285.00	287.00	293.00	297.00	293.00	291.00	290.00	289.00	288.00	289.00	290.00	286.00	286.00	284.00	282.00	283.00	288.00	288.00	288.00	289.00	290.00	290.00	289.00	286.00	287.00	285.00	283.00	281.00	281.00	279.00	277.00	278.00	276.00	276.00	276.00	276.00	274.00	271.00	266.00	265.00	265.00	267.00	266.00	265.00	264.00	264.00	264.00	266.00	266.00	265.00	266.00	266.00	266.00	265.00	267.00	266.00	267.00	265.00	265.00	266.00	264.00	264.00	264.00	264.00	265.00	264.00	266.00	266.00	265.00	264.00	264.00	261.00	263.00	262.00	260.00	260.00	258.00	258.00	258.00	256.00	255.00	254.00	252.00	252.00	251.00	250.00	251.00	251.00	249.00	248.00	247.00	247.00	246.00	246.00	245.00	245.00	244.00	244.00	243.00	244.00	241.00	241.00	240.00	240.00	240.00	239.00	240.00	242.00	241.00	241.00	241.00	242.00	244.00	247.00	250.00	253.00	254.00	251.00	250.00	247.00	250.00	251.00	249.00	248.00	242.00	243.00	243.00	248.00	251.00	251.00	252.00	250.00	247.00	244.00	244.00	246.00	251.00	251.00	251.00	254.00	253.00	252.00	252.00	250.00	250.00	248.00	251.00	252.00	253.00	254.00	250.00	250.00	247.00	247.00	247.00	251.00	251.00	252.00	252.00	253.00	254.00	253.00	256.00	257.00	263.00	264.00	266.00	265.00	265.00	266.00	270.00	270.00	271.00	278.00	279.00	283.00	285.00	288.00	290.00	293.00	293.00	294.00	294.00	293.00	291.00	292.00	289.00	289.00	287.00	287.00	284.00	281.00	284.00	286.00	281.00	278.00
265.00	263.00	264.00	260.00	259.00	258.00	259.00	259.00	260.00	261.00	261.00	263.00	264.00	268.00	271.00	273.00	269.00	269.00	275.00	275.00	280.00	281.00	283.00	284.00	285.00	284.00	281.00	277.00	273.00	270.00	270.00	267.00	269.00	271.00	270.00	268.00	266.00	269.00	269.00	270.00	269.00	271.00	272.00	270.00	271.00	275.00	278.00	279.00	278.00	277.00	275.00	276.00	274.00	273.00	277.00	279.00	281.00	283.00	287.00	288.00	289.00	289.00	290.00	291.00	296.00	299.00	293.00	292.00	290.00	287.00	288.00	286.00	286.00	285.00	282.00	283.00	284.00	286.00	286.00	288.00	288.00	289.00	290.00	286.00	287.00	284.00	283.00	281.00	279.00	277.00	276.00	276.00	275.00	275.00	274.00	273.00	274.00	271.00	267.00	267.00	269.00	267.00	266.00	265.00	264.00	264.00	264.00	264.00	264.00	264.00	263.00	263.00	266.00	265.00	265.00	265.00	266.00	265.00	264.00	264.00	263.00	264.00	262.00	261.00	263.00	263.00	263.00	263.00	264.00	262.00	262.00	261.00	258.00	260.00	258.00	259.00	258.00	256.00	256.00	255.00	253.00	252.00	252.00	250.00	250.00	249.00	247.00	249.00	248.00	246.00	245.00	244.00	244.00	244.00	244.00	244.00	242.00	243.00	242.00	242.00	241.00	242.00	241.00	240.00	240.00	239.00	245.00	245.00	245.00	245.00	245.00	249.00	250.00	251.00	252.00	257.00	260.00	259.00	259.00	257.00	254.00	256.00	256.00	253.00	247.00	249.00	249.00	251.00	252.00	249.00	251.00	250.00	247.00	246.00	246.00	246.00	246.00	249.00	250.00	254.00	257.00	249.00	246.00	248.00	246.00	247.00	246.00	247.00	249.00	251.00	249.00	249.00	245.00	245.00	246.00	251.00	252.00	252.00	253.00	252.00	252.00	255.00	254.00	255.00	259.00	263.00	266.00	266.00	265.00	267.00	266.00	268.00	271.00	278.00	278.00	279.00	282.00	286.00	288.00	289.00	290.00	292.00	290.00	290.00	289.00	290.00	289.00	287.00	286.00	286.00	284.00	279.00	277.00	282.00	281.00	277.00
262.00	262.00	262.00	261.00	258.00	256.00	255.00	258.00	259.00	257.00	261.00	263.00	265.00	265.00	269.00	268.00	268.00	271.00	275.00	275.00	276.00	277.00	280.00	283.00	284.00	281.00	280.00	273.00	271.00	270.00	268.00	267.00	268.00	269.00	269.00	267.00	267.00	266.00	268.00	266.00	269.00	270.00	269.00	270.00	270.00	276.00	279.00	279.00	277.00	280.00	278.00	275.00	275.00	275.00	277.00	278.00	279.00	283.00	287.00	290.00	290.00	291.00	291.00	290.00	292.00	300.00	294.00	291.00	291.00	289.00	287.00	287.00	285.00	283.00	284.00	284.00	285.00	286.00	287.00	288.00	289.00	289.00	288.00	288.00	287.00	285.00	281.00	282.00	281.00	278.00	278.00	274.00	274.00	274.00	273.00	272.00	273.00	270.00	270.00	270.00	268.00	269.00	267.00	265.00	266.00	264.00	264.00	263.00	264.00	263.00	264.00	265.00	264.00	265.00	263.00	264.00	264.00	266.00	264.00	262.00	261.00	262.00	263.00	262.00	260.00	263.00	261.00	262.00	263.00	262.00	262.00	260.00	260.00	258.00	257.00	257.00	257.00	257.00	256.00	254.00	252.00	251.00	251.00	248.00	248.00	247.00	247.00	248.00	247.00	244.00	244.00	244.00	243.00	243.00	243.00	242.00	242.00	242.00	242.00	241.00	241.00	242.00	241.00	240.00	239.00	241.00	247.00	251.00	249.00	248.00	247.00	251.00	253.00	255.00	256.00	258.00	259.00	260.00	261.00	258.00	256.00	258.00	256.00	252.00	253.00	255.00	252.00	251.00	252.00	252.00	252.00	250.00	251.00	249.00	249.00	249.00	249.00	251.00	252.00	254.00	256.00	251.00	251.00	251.00	248.00	244.00	246.00	247.00	248.00	247.00	247.00	247.00	245.00	243.00	249.00	249.00	251.00	251.00	252.00	253.00	253.00	253.00	254.00	254.00	256.00	260.00	262.00	262.00	264.00	265.00	267.00	269.00	271.00	275.00	278.00	279.00	279.00	284.00	286.00	287.00	288.00	290.00	289.00	288.00	289.00	288.00	289.00	286.00	286.00	284.00	283.00	279.00	278.00	279.00	281.00	277.00
260.00	260.00	258.00	258.00	257.00	254.00	256.00	256.00	256.00	259.00	261.00	263.00	263.00	266.00	265.00	267.00	267.00	269.00	274.00	271.00	273.00	277.00	276.00	280.00	279.00	278.00	276.00	272.00	271.00	269.00	267.00	267.00	267.00	267.00	268.00	267.00	266.00	265.00	266.00	266.00	268.00	268.00	269.00	270.00	270.00	273.00	275.00	276.00	276.00	279.00	277.00	276.00	274.00	274.00	276.00	278.00	279.00	282.00	286.00	288.00	290.00	292.00	291.00	290.00	290.00	292.00	293.00	290.00	291.00	289.00	288.00	285.00	284.00	284.00	283.00	284.00	285.00	286.00	286.00	287.00	288.00	288.00	288.00	288.00	286.00	286.00	283.00	282.00	281.00	279.00	278.00	277.00	276.00	273.00	271.00	270.00	271.00	272.00	270.00	269.00	270.00	266.00	267.00	265.00	264.00	265.00	264.00	262.00	261.00	263.00	263.00	262.00	264.00	263.00	263.00	262.00	263.00	263.00	264.00	263.00	261.00	263.00	260.00	260.00	260.00	261.00	262.00	261.00	262.00	261.00	261.00	260.00	259.00	258.00	256.00	256.00	256.00	255.00	255.00	253.00	252.00	250.00	249.00	250.00	247.00	246.00	245.00	246.00	245.00	244.00	243.00	243.00	242.00	242.00	242.00	242.00	242.00	241.00	241.00	241.00	241.00	245.00	244.00	240.00	241.00	240.00	248.00	253.00	254.00	251.00	247.00	250.00	254.00	255.00	258.00	258.00	258.00	257.00	261.00	259.00	255.00	257.00	256.00	254.00	255.00	256.00	255.00	252.00	250.00	251.00	253.00	252.00	254.00	254.00	251.00	251.00	249.00	252.00	252.00	254.00	254.00	253.00	252.00	252.00	248.00	245.00	245.00	248.00	246.00	248.00	246.00	244.00	245.00	248.00	250.00	250.00	250.00	249.00	251.00	253.00	254.00	252.00	255.00	255.00	256.00	258.00	260.00	261.00	263.00	265.00	267.00	269.00	269.00	276.00	276.00	278.00	280.00	284.00	284.00	287.00	288.00	289.00	287.00	287.00	287.00	287.00	287.00	287.00	287.00	284.00	283.00	279.00	279.00	280.00	281.00	277.00
257.00	258.00	255.00	256.00	255.00	254.00	254.00	255.00	257.00	260.00	262.00	262.00	261.00	262.00	264.00	266.00	266.00	271.00	270.00	269.00	272.00	273.00	273.00	276.00	276.00	273.00	272.00	268.00	268.00	267.00	267.00	267.00	268.00	267.00	266.00	266.00	265.00	265.00	266.00	266.00	267.00	267.00	268.00	270.00	271.00	273.00	273.00	274.00	276.00	276.00	276.00	274.00	274.00	273.00	275.00	276.00	277.00	281.00	284.00	287.00	289.00	290.00	291.00	290.00	290.00	288.00	289.00	290.00	289.00	288.00	287.00	284.00	283.00	283.00	283.00	283.00	282.00	284.00	284.00	287.00	287.00	289.00	287.00	286.00	286.00	285.00	283.00	282.00	282.00	281.00	279.00	279.00	277.00	276.00	272.00	271.00	269.00	268.00	273.00	271.00	269.00	267.00	267.00	266.00	266.00	264.00	262.00	263.00	262.00	261.00	260.00	262.00	262.00	262.00	261.00	261.00	261.00	262.00	263.00	263.00	262.00	261.00	261.00	261.00	258.00	260.00	260.00	260.00	260.00	260.00	260.00	258.00	259.00	257.00	254.00	254.00	254.00	255.00	253.00	252.00	250.00	250.00	249.00	247.00	246.00	244.00	242.00	243.00	243.00	241.00	242.00	242.00	241.00	241.00	241.00	240.00	241.00	239.00	240.00	239.00	240.00	245.00	246.00	242.00	242.00	242.00	248.00	252.00	257.00	255.00	249.00	251.00	255.00	256.00	260.00	258.00	255.00	258.00	258.00	259.00	256.00	255.00	253.00	252.00	257.00	256.00	257.00	252.00	252.00	250.00	251.00	254.00	257.00	253.00	253.00	253.00	252.00	252.00	253.00	253.00	254.00	254.00	252.00	250.00	250.00	250.00	246.00	246.00	245.00	243.00	244.00	243.00	247.00	250.00	251.00	250.00	249.00	248.00	248.00	250.00	251.00	253.00	253.00	254.00	254.00	255.00	257.00	260.00	264.00	264.00	265.00	267.00	268.00	273.00	276.00	276.00	278.00	283.00	283.00	286.00	287.00	287.00	285.00	287.00	287.00	287.00	286.00	287.00	286.00	285.00	281.00	279.00	280.00	281.00	281.00	277.00
251.00	251.00	250.00	249.00	252.00	253.00	252.00	252.00	253.00	255.00	258.00	257.00	258.00	260.00	263.00	264.00	263.00	265.00	262.00	265.00	267.00	268.00	270.00	270.00	268.00	267.00	266.00	265.00	264.00	264.00	266.00	264.00	265.00	266.00	265.00	265.00	266.00	265.00	264.00	266.00	265.00	266.00	265.00	266.00	267.00	270.00	271.00	272.00	272.00	272.00	271.00	272.00	272.00	273.00	276.00	276.00	279.00	278.00	282.00	284.00	287.00	288.00	289.00	290.00	287.00	285.00	285.00	289.00	315.00	302.00	289.00	284.00	282.00	281.00	279.00	281.00	283.00	283.00	282.00	283.00	284.00	286.00	287.00	285.00	285.00	285.00	285.00	284.00	282.00	279.00	278.00	277.00	275.00	275.00	271.00	270.00	270.00	270.00	269.00	269.00	269.00	268.00	268.00	264.00	263.00	260.00	260.00	260.00	260.00	259.00	260.00	260.00	259.00	260.00	260.00	260.00	260.00	261.00	261.00	261.00	260.00	261.00	260.00	260.00	259.00	258.00	257.00	258.00	256.00	258.00	257.00	258.00	256.00	256.00	253.00	251.00	252.00	252.00	251.00	250.00	249.00	249.00	248.00	243.00	245.00	243.00	241.00	240.00	238.00	240.00	240.00	240.00	241.00	240.00	240.00	239.00	239.00	240.00	246.00	246.00	245.00	252.00	252.00	252.00	248.00	249.00	255.00	256.00	257.00	256.00	256.00	254.00	256.00	258.00	257.00	259.00	257.00	255.00	255.00	257.00	256.00	253.00	258.00	258.00	255.00	254.00	255.00	254.00	255.00	252.00	250.00	255.00	259.00	258.00	258.00	256.00	254.00	254.00	254.00	255.00	252.00	250.00	251.00	248.00	248.00	250.00	251.00	249.00	250.00	247.00	243.00	244.00	246.00	247.00	250.00	250.00	249.00	249.00	248.00	249.00	249.00	250.00	250.00	250.00	252.00	251.00	254.00	255.00	259.00	262.00	261.00	263.00	266.00	271.00	271.00	273.00	275.00	282.00	285.00	288.00	283.00	281.00	282.00	285.00	286.00	286.00	286.00	286.00	286.00	283.00	280.00	280.00	278.00	278.00	276.00	276.00
250.00	249.00	248.00	246.00	250.00	251.00	250.00	251.00	252.00	255.00	256.00	257.00	258.00	259.00	261.00	260.00	259.00	263.00	260.00	265.00	264.00	265.00	267.00	266.00	264.00	264.00	264.00	263.00	264.00	264.00	265.00	265.00	265.00	266.00	264.00	264.00	265.00	265.00	266.00	265.00	266.00	265.00	265.00	265.00	267.00	269.00	270.00	270.00	271.00	271.00	272.00	271.00	272.00	274.00	276.00	277.00	278.00	281.00	282.00	284.00	286.00	286.00	288.00	288.00	287.00	284.00	282.00	284.00	323.00	358.00	305.00	283.00	281.00	281.00	280.00	277.00	280.00	282.00	282.00	282.00	284.00	284.00	285.00	286.00	285.00	285.00	285.00	284.00	282.00	278.00	278.00	276.00	276.00	274.00	271.00	272.00	270.00	271.00	268.00	268.00	267.00	266.00	265.00	263.00	262.00	261.00	260.00	260.00	260.00	260.00	258.00	260.00	259.00	259.00	258.00	258.00	259.00	258.00	259.00	260.00	259.00	259.00	258.00	260.00	260.00	258.00	257.00	255.00	256.00	255.00	257.00	256.00	256.00	256.00	253.00	251.00	251.00	251.00	250.00	248.00	247.00	247.00	245.00	243.00	241.00	241.00	240.00	239.00	238.00	239.00	239.00	240.00	239.00	238.00	237.00	240.00	240.00	244.00	249.00	250.00	248.00	252.00	256.00	255.00	253.00	253.00	259.00	258.00	256.00	255.00	257.00	256.00	254.00	255.00	257.00	255.00	257.00	254.00	254.00	257.00	255.00	250.00	256.00	260.00	255.00	254.00	253.00	253.00	255.00	251.00	249.00	254.00	257.00	259.00	259.00	259.00	256.00	256.00	255.00	253.00	252.00	245.00	248.00	250.00	246.00	250.00	251.00	252.00	251.00	248.00	246.00	246.00	247.00	248.00	248.00	249.00	249.00	247.00	248.00	249.00	249.00	251.00	251.00	251.00	250.00	251.00	253.00	253.00	259.00	260.00	260.00	263.00	264.00	270.00	271.00	273.00	276.00	281.00	285.00	284.00	281.00	279.00	280.00	283.00	284.00	285.00	285.00	285.00	286.00	284.00	282.00	277.00	277.00	275.00	275.00	276.00
247.00	248.00	246.00	247.00	248.00	250.00	248.00	250.00	251.00	252.00	254.00	257.00	255.00	258.00	258.00	259.00	256.00	260.00	257.00	260.00	262.00	263.00	265.00	266.00	264.00	264.00	261.00	261.00	260.00	262.00	262.00	263.00	264.00	263.00	264.00	263.00	265.00	264.00	264.00	265.00	265.00	265.00	266.00	265.00	266.00	269.00	269.00	268.00	268.00	270.00	272.00	270.00	272.00	272.00	276.00	278.00	279.00	279.00	283.00	282.00	284.00	287.00	288.00	289.00	287.00	285.00	282.00	280.00	285.00	318.00	322.00	282.00	280.00	281.00	278.00	279.00	279.00	281.00	281.00	282.00	282.00	284.00	285.00	283.00	284.00	285.00	286.00	284.00	283.00	278.00	279.00	280.00	277.00	277.00	271.00	271.00	272.00	271.00	268.00	268.00	266.00	264.00	264.00	262.00	262.00	262.00	260.00	260.00	258.00	259.00	259.00	258.00	260.00	259.00	259.00	259.00	258.00	258.00	258.00	258.00	258.00	258.00	257.00	257.00	258.00	258.00	257.00	254.00	256.00	254.00	257.00	255.00	254.00	255.00	251.00	251.00	249.00	249.00	250.00	248.00	245.00	245.00	244.00	241.00	240.00	240.00	238.00	237.00	237.00	237.00	237.00	237.00	237.00	240.00	242.00	241.00	242.00	247.00	248.00	254.00	252.00	255.00	258.00	258.00	257.00	257.00	257.00	258.00	257.00	254.00	257.00	258.00	254.00	253.00	253.00	255.00	254.00	254.00	255.00	255.00	260.00	258.00	256.00	256.00	255.00	253.00	251.00	250.00	253.00	251.00	249.00	254.00	257.00	260.00	260.00	259.00	257.00	254.00	254.00	252.00	251.00	245.00	247.00	248.00	249.00	246.00	244.00	248.00	249.00	246.00	246.00	247.00	246.00	247.00	248.00	248.00	248.00	248.00	248.00	248.00	249.00	249.00	251.00	250.00	249.00	251.00	252.00	252.00	255.00	258.00	259.00	262.00	263.00	269.00	271.00	272.00	275.00	279.00	281.00	278.00	278.00	278.00	281.00	280.00	282.00	283.00	283.00	282.00	281.00	280.00	280.00	278.00	278.00	276.00	275.00	276.00
246.00	246.00	246.00	246.00	246.00	247.00	248.00	250.00	252.00	252.00	254.00	253.00	255.00	257.00	256.00	255.00	256.00	260.00	257.00	259.00	259.00	260.00	263.00	286.00	272.00	267.00	262.00	259.00	260.00	262.00	259.00	260.00	260.00	261.00	262.00	262.00	264.00	263.00	265.00	265.00	265.00	265.00	264.00	265.00	265.00	267.00	268.00	268.00	269.00	270.00	271.00	270.00	272.00	272.00	276.00	276.00	278.00	280.00	282.00	284.00	285.00	286.00	287.00	287.00	287.00	283.00	283.00	277.00	279.00	281.00	286.00	282.00	281.00	278.00	279.00	277.00	278.00	278.00	281.00	282.00	283.00	282.00	283.00	285.00	284.00	286.00	285.00	286.00	284.00	281.00	280.00	279.00	279.00	275.00	272.00	272.00	273.00	271.00	268.00	267.00	265.00	266.00	263.00	264.00	262.00	261.00	261.00	259.00	259.00	259.00	258.00	258.00	257.00	258.00	258.00	258.00	258.00	257.00	257.00	257.00	258.00	257.00	257.00	257.00	257.00	257.00	257.00	255.00	255.00	254.00	254.00	255.00	253.00	253.00	251.00	249.00	249.00	249.00	249.00	248.00	246.00	245.00	242.00	240.00	239.00	238.00	238.00	236.00	242.00	240.00	238.00	237.00	240.00	242.00	245.00	243.00	244.00	250.00	252.00	253.00	256.00	260.00	263.00	263.00	259.00	257.00	258.00	259.00	257.00	255.00	254.00	256.00	255.00	253.00	251.00	252.00	253.00	252.00	252.00	251.00	252.00	256.00	255.00	255.00	254.00	254.00	252.00	248.00	251.00	251.00	251.00	253.00	256.00	260.00	261.00	260.00	257.00	253.00	253.00	251.00	249.00	246.00	248.00	247.00	248.00	245.00	242.00	247.00	247.00	246.00	244.00	246.00	245.00	246.00	248.00	249.00	248.00	247.00	247.00	246.00	247.00	249.00	249.00	248.00	248.00	248.00	249.00	249.00	252.00	256.00	258.00	260.00	260.00	266.00	269.00	270.00	272.00	278.00	277.00	277.00	277.00	277.00	279.00	278.00	278.00	280.00	281.00	280.00	277.00	276.00	276.00	276.00	276.00	275.00	275.00	278.00
244.00	245.00	245.00	245.00	243.00	245.00	248.00	250.00	251.00	251.00	252.00	252.00	255.00	254.00	252.00	253.00	254.00	255.00	255.00	255.00	256.00	259.00	259.00	300.00	306.00	283.00	265.00	257.00	256.00	257.00	258.00	257.00	258.00	259.00	259.00	260.00	263.00	264.00	264.00	265.00	265.00	265.00	266.00	263.00	264.00	266.00	269.00	267.00	268.00	270.00	270.00	272.00	272.00	271.00	274.00	277.00	278.00	279.00	282.00	282.00	285.00	285.00	287.00	287.00	286.00	285.00	282.00	280.00	277.00	277.00	279.00	282.00	308.00	284.00	276.00	278.00	277.00	278.00	278.00	280.00	281.00	281.00	283.00	284.00	284.00	285.00	284.00	285.00	283.00	282.00	281.00	278.00	277.00	275.00	272.00	272.00	272.00	272.00	268.00	266.00	267.00	266.00	264.00	262.00	261.00	262.00	261.00	260.00	260.00	259.00	258.00	257.00	257.00	257.00	256.00	256.00	257.00	256.00	257.00	258.00	257.00	258.00	256.00	257.00	257.00	257.00	256.00	256.00	253.00	253.00	252.00	252.00	252.00	251.00	250.00	250.00	249.00	246.00	248.00	247.00	245.00	245.00	244.00	238.00	238.00	239.00	237.00	238.00	242.00	239.00	239.00	238.00	237.00	240.00	246.00	247.00	247.00	254.00	253.00	255.00	258.00	261.00	259.00	262.00	260.00	259.00	260.00	258.00	256.00	255.00	255.00	253.00	254.00	252.00	251.00	251.00	251.00	250.00	251.00	245.00	249.00	252.00	253.00	252.00	254.00	252.00	251.00	248.00	247.00	250.00	252.00	251.00	253.00	257.00	258.00	260.00	258.00	253.00	251.00	250.00	249.00	249.00	247.00	249.00	246.00	245.00	245.00	246.00	248.00	246.00	247.00	246.00	246.00	244.00	246.00	247.00	248.00	248.00	246.00	245.00	245.00	247.00	248.00	246.00	247.00	246.00	248.00	248.00	248.00	253.00	256.00	258.00	258.00	265.00	266.00	270.00	273.00	275.00	276.00	276.00	276.00	275.00	275.00	274.00	276.00	278.00	278.00	278.00	277.00	273.00	272.00	275.00	274.00	275.00	277.00	279.00
244.00	245.00	245.00	245.00	243.00	245.00	248.00	250.00	251.00	251.00	252.00	252.00	255.00	254.00	252.00	253.00	254.00	255.00	255.00	255.00	256.00	259.00	259.00	300.00	306.00	283.00	265.00	257.00	256.00	257.00	258.00	257.00	258.00	259.00	259.00	260.00	263.00	264.00	264.00	265.00	265.00	265.00	266.00	263.00	264.00	266.00	269.00	267.00	268.00	270.00	270.00	272.00	272.00	271.00	274.00	277.00	278.00	279.00	282.00	282.00	285.00	285.00	287.00	287.00	286.00	285.00	282.00	280.00	277.00	277.00	279.00	282.00	308.00	284.00	276.00	278.00	277.00	278.00	278.00	280.00	281.00	281.00	283.00	284.00	284.00	285.00	284.00	285.00	283.00	282.00	281.00	278.00	277.00	275.00	272.00	272.00	272.00	272.00	268.00	266.00	267.00	266.00	264.00	262.00	261.00	262.00	261.00	260.00	260.00	259.00	258.00	257.00	257.00	257.00	256.00	256.00	257.00	256.00	257.00	258.00	257.00	258.00	256.00	257.00	257.00	257.00	256.00	256.00	253.00	253.00	252.00	252.00	252.00	251.00	250.00	250.00	249.00	246.00	248.00	247.00	245.00	245.00	244.00	238.00	238.00	239.00	237.00	238.00	242.00	239.00	239.00	238.00	237.00	240.00	246.00	247.00	247.00	254.00	253.00	255.00	258.00	261.00	259.00	262.00	260.00	259.00	260.00	258.00	256.00	255.00	255.00	253.00	254.00	252.00	251.00	251.00	251.00	250.00	251.00	245.00	249.00	252.00	253.00	252.00	254.00	252.00	251.00	248.00	247.00	250.00	252.00	251.00	253.00	257.00	258.00	260.00	258.00	253.00	251.00	250.00	249.00	249.00	247.00	249.00	246.00	245.00	245.00	246.00	248.00	246.00	247.00	246.00	246.00	244.00	246.00	247.00	248.00	248.00	246.00	245.00	245.00	247.00	248.00	246.00	247.00	246.00	248.00	248.00	248.00	253.00	256.00	258.00	258.00	265.00	266.00	270.00	273.00	275.00	276.00	276.00	276.00	275.00	275.00	274.00	276.00	278.00	278.00	278.00	277.00	273.00	272.00	275.00	274.00	275.00	277.00	279.00
242.00	242.00	245.00	243.00	243.00	245.00	247.00	249.00	251.00	250.00	253.00	250.00	252.00	251.00	250.00	249.00	250.00	254.00	253.00	253.00	255.00	255.00	256.00	278.00	313.00	336.00	284.00	256.00	257.00	257.00	256.00	256.00	255.00	255.00	256.00	257.00	261.00	263.00	263.00	264.00	265.00	265.00	264.00	263.00	263.00	266.00	265.00	268.00	270.00	270.00	270.00	270.00	272.00	273.00	275.00	277.00	278.00	280.00	280.00	282.00	285.00	284.00	286.00	285.00	286.00	285.00	283.00	278.00	277.00	277.00	277.00	278.00	287.00	282.00	276.00	276.00	277.00	278.00	279.00	279.00	282.00	282.00	281.00	283.00	284.00	286.00	285.00	284.00	284.00	283.00	280.00	276.00	276.00	275.00	276.00	273.00	272.00	271.00	268.00	267.00	265.00	265.00	264.00	263.00	261.00	260.00	260.00	258.00	259.00	258.00	258.00	258.00	256.00	257.00	256.00	256.00	256.00	257.00	256.00	256.00	257.00	255.00	256.00	256.00	256.00	256.00	255.00	255.00	252.00	252.00	250.00	250.00	252.00	250.00	250.00	250.00	248.00	246.00	246.00	245.00	244.00	245.00	243.00	239.00	237.00	236.00	237.00	240.00	243.00	241.00	243.00	242.00	239.00	241.00	245.00	248.00	250.00	252.00	253.00	254.00	257.00	261.00	259.00	259.00	262.00	261.00	257.00	256.00	255.00	254.00	253.00	253.00	254.00	252.00	251.00	250.00	251.00	252.00	248.00	243.00	248.00	247.00	249.00	249.00	250.00	248.00	249.00	246.00	247.00	247.00	248.00	252.00	251.00	256.00	257.00	258.00	257.00	253.00	250.00	249.00	250.00	247.00	247.00	246.00	244.00	243.00	244.00	246.00	245.00	246.00	246.00	246.00	246.00	245.00	246.00	246.00	246.00	245.00	244.00	244.00	243.00	247.00	247.00	244.00	244.00	245.00	245.00	245.00	247.00	250.00	253.00	256.00	257.00	264.00	266.00	269.00	272.00	276.00	275.00	276.00	276.00	274.00	273.00	273.00	274.00	275.00	276.00	276.00	275.00	273.00	270.00	273.00	277.00	276.00	275.00	278.00
240.00	243.00	244.00	242.00	244.00	244.00	245.00	248.00	249.00	250.00	249.00	251.00	250.00	250.00	249.00	250.00	251.00	251.00	251.00	250.00	252.00	253.00	254.00	257.00	269.00	300.00	318.00	255.00	254.00	255.00	255.00	253.00	254.00	254.00	256.00	256.00	262.00	263.00	262.00	263.00	261.00	263.00	263.00	261.00	262.00	266.00	268.00	268.00	269.00	270.00	270.00	272.00	272.00	273.00	274.00	277.00	277.00	278.00	279.00	281.00	284.00	284.00	284.00	283.00	284.00	284.00	281.00	278.00	277.00	275.00	276.00	274.00	275.00	277.00	275.00	276.00	277.00	278.00	280.00	280.00	281.00	283.00	282.00	282.00	283.00	285.00	285.00	284.00	284.00	280.00	279.00	276.00	275.00	275.00	276.00	275.00	273.00	270.00	268.00	267.00	267.00	264.00	263.00	261.00	262.00	261.00	260.00	259.00	257.00	258.00	258.00	258.00	257.00	255.00	256.00	256.00	256.00	255.00	256.00	256.00	255.00	255.00	255.00	255.00	255.00	253.00	255.00	254.00	250.00	250.00	251.00	249.00	250.00	250.00	249.00	249.00	247.00	245.00	245.00	245.00	243.00	242.00	242.00	239.00	236.00	237.00	238.00	239.00	243.00	245.00	245.00	241.00	239.00	242.00	244.00	247.00	250.00	251.00	251.00	252.00	258.00	262.00	258.00	260.00	262.00	261.00	256.00	255.00	255.00	255.00	254.00	252.00	253.00	252.00	251.00	249.00	249.00	249.00	248.00	245.00	245.00	244.00	246.00	248.00	245.00	246.00	244.00	247.00	247.00	247.00	248.00	252.00	256.00	256.00	258.00	258.00	257.00	254.00	249.00	249.00	247.00	245.00	244.00	244.00	244.00	245.00	245.00	246.00	246.00	247.00	248.00	247.00	247.00	247.00	247.00	245.00	244.00	244.00	243.00	243.00	243.00	244.00	244.00	241.00	243.00	243.00	244.00	245.00	246.00	247.00	252.00	254.00	257.00	263.00	266.00	267.00	270.00	273.00	276.00	275.00	275.00	275.00	270.00	270.00	271.00	273.00	274.00	276.00	274.00	270.00	271.00	270.00	276.00	276.00	276.00	277.00
238.00	237.00	238.00	238.00	241.00	242.00	243.00	244.00	244.00	249.00	246.00	245.00	247.00	248.00	247.00	248.00	251.00	251.00	248.00	246.00	248.00	250.00	250.00	250.00	250.00	253.00	258.00	257.00	252.00	252.00	251.00	251.00	252.00	250.00	253.00	253.00	256.00	257.00	257.00	258.00	261.00	264.00	264.00	264.00	266.00	266.00	267.00	269.00	269.00	270.00	270.00	271.00	272.00	272.00	275.00	276.00	277.00	277.00	278.00	280.00	282.00	282.00	282.00	280.00	280.00	279.00	279.00	275.00	275.00	274.00	273.00	272.00	272.00	273.00	275.00	275.00	275.00	274.00	275.00	278.00	281.00	282.00	286.00	286.00	287.00	286.00	285.00	284.00	280.00	279.00	278.00	274.00	273.00	275.00	274.00	274.00	273.00	271.00	269.00	267.00	266.00	263.00	263.00	262.00	260.00	260.00	259.00	257.00	257.00	258.00	257.00	256.00	257.00	254.00	254.00	254.00	255.00	255.00	254.00	254.00	254.00	254.00	252.00	253.00	253.00	252.00	251.00	252.00	249.00	247.00	248.00	248.00	246.00	248.00	248.00	247.00	247.00	244.00	243.00	242.00	240.00	239.00	239.00	237.00	236.00	237.00	241.00	241.00	246.00	248.00	247.00	244.00	243.00	244.00	244.00	244.00	245.00	249.00	251.00	253.00	260.00	259.00	259.00	258.00	257.00	256.00	258.00	256.00	255.00	257.00	254.00	255.00	255.00	254.00	252.00	248.00	246.00	244.00	243.00	243.00	241.00	239.00	240.00	242.00	245.00	243.00	243.00	244.00	243.00	246.00	247.00	249.00	252.00	256.00	259.00	258.00	257.00	250.00	248.00	244.00	243.00	242.00	242.00	244.00	245.00	245.00	244.00	246.00	249.00	249.00	249.00	248.00	246.00	246.00	245.00	245.00	243.00	241.00	241.00	240.00	240.00	242.00	241.00	239.00	239.00	240.00	240.00	243.00	245.00	246.00	248.00	248.00	252.00	261.00	263.00	266.00	270.00	273.00	273.00	274.00	274.00	274.00	268.00	268.00	266.00	267.00	269.00	272.00	274.00	273.00	272.00	271.00	272.00	272.00	273.00	275.00
237.00	236.00	239.00	241.00	241.00	241.00	242.00	242.00	244.00	247.00	245.00	244.00	244.00	245.00	246.00	247.00	247.00	248.00	247.00	246.00	248.00	248.00	247.00	249.00	249.00	251.00	254.00	255.00	251.00	249.00	249.00	250.00	250.00	250.00	251.00	253.00	255.00	256.00	257.00	258.00	260.00	262.00	263.00	263.00	265.00	266.00	267.00	268.00	269.00	270.00	270.00	271.00	271.00	271.00	274.00	276.00	276.00	277.00	278.00	278.00	281.00	281.00	279.00	280.00	279.00	278.00	276.00	275.00	275.00	273.00	273.00	269.00	271.00	272.00	273.00	273.00	273.00	274.00	273.00	275.00	281.00	284.00	289.00	293.00	291.00	289.00	285.00	283.00	281.00	278.00	276.00	276.00	276.00	276.00	275.00	274.00	272.00	271.00	268.00	266.00	264.00	263.00	263.00	261.00	261.00	260.00	259.00	259.00	258.00	257.00	256.00	256.00	256.00	256.00	255.00	252.00	253.00	254.00	254.00	253.00	254.00	252.00	252.00	252.00	251.00	250.00	250.00	250.00	248.00	246.00	248.00	248.00	246.00	247.00	248.00	246.00	246.00	244.00	242.00	241.00	239.00	238.00	238.00	236.00	237.00	238.00	240.00	243.00	247.00	248.00	247.00	247.00	245.00	245.00	247.00	246.00	247.00	250.00	255.00	256.00	256.00	256.00	258.00	259.00	256.00	256.00	258.00	259.00	256.00	257.00	252.00	252.00	255.00	256.00	249.00	245.00	240.00	241.00	244.00	245.00	241.00	238.00	239.00	240.00	242.00	243.00	242.00	242.00	244.00	246.00	245.00	247.00	251.00	256.00	257.00	257.00	258.00	252.00	245.00	243.00	242.00	245.00	244.00	244.00	245.00	246.00	246.00	248.00	248.00	249.00	248.00	248.00	244.00	244.00	245.00	243.00	243.00	241.00	243.00	241.00	241.00	241.00	241.00	239.00	238.00	239.00	240.00	242.00	245.00	246.00	247.00	248.00	251.00	260.00	262.00	265.00	268.00	271.00	272.00	273.00	273.00	272.00	265.00	266.00	264.00	265.00	268.00	271.00	272.00	273.00	273.00	274.00	277.00	277.00	277.00	277.00
235.00	236.00	240.00	239.00	241.00	240.00	241.00	241.00	242.00	243.00	243.00	244.00	243.00	245.00	246.00	246.00	245.00	245.00	244.00	245.00	250.00	248.00	245.00	249.00	249.00	250.00	252.00	264.00	250.00	249.00	248.00	249.00	250.00	251.00	252.00	254.00	256.00	258.00	257.00	258.00	259.00	260.00	262.00	262.00	263.00	266.00	266.00	268.00	268.00	269.00	270.00	270.00	272.00	272.00	275.00	274.00	275.00	277.00	278.00	279.00	279.00	280.00	279.00	279.00	278.00	276.00	276.00	272.00	273.00	272.00	271.00	271.00	269.00	271.00	272.00	271.00	273.00	273.00	274.00	273.00	279.00	286.00	303.00	305.00	300.00	294.00	288.00	286.00	283.00	279.00	277.00	277.00	278.00	277.00	275.00	274.00	273.00	269.00	266.00	266.00	265.00	263.00	262.00	260.00	261.00	261.00	259.00	258.00	258.00	258.00	258.00	256.00	257.00	256.00	254.00	254.00	252.00	252.00	253.00	253.00	253.00	252.00	251.00	250.00	250.00	249.00	249.00	250.00	248.00	246.00	246.00	246.00	244.00	244.00	246.00	247.00	246.00	243.00	242.00	240.00	239.00	238.00	237.00	236.00	236.00	238.00	241.00	245.00	250.00	248.00	247.00	246.00	247.00	245.00	247.00	247.00	248.00	250.00	253.00	254.00	253.00	255.00	256.00	255.00	257.00	257.00	255.00	258.00	259.00	256.00	251.00	250.00	253.00	254.00	250.00	241.00	237.00	240.00	245.00	243.00	240.00	238.00	237.00	240.00	241.00	242.00	242.00	241.00	248.00	246.00	247.00	247.00	249.00	255.00	254.00	256.00	254.00	252.00	247.00	242.00	243.00	243.00	244.00	244.00	245.00	246.00	249.00	248.00	247.00	248.00	249.00	247.00	245.00	244.00	244.00	242.00	242.00	242.00	242.00	241.00	242.00	241.00	240.00	240.00	239.00	240.00	241.00	243.00	244.00	246.00	247.00	249.00	249.00	258.00	262.00	264.00	267.00	270.00	270.00	274.00	272.00	271.00	267.00	265.00	265.00	265.00	268.00	269.00	271.00	272.00	273.00	277.00	285.00	279.00	281.00	276.00
234.00	238.00	238.00	239.00	239.00	240.00	240.00	239.00	241.00	239.00	240.00	240.00	242.00	244.00	243.00	244.00	244.00	244.00	243.00	245.00	248.00	246.00	247.00	249.00	249.00	248.00	251.00	256.00	247.00	248.00	248.00	252.00	253.00	253.00	253.00	254.00	257.00	259.00	259.00	260.00	260.00	260.00	260.00	261.00	263.00	266.00	267.00	267.00	268.00	269.00	270.00	271.00	272.00	273.00	274.00	275.00	275.00	276.00	279.00	276.00	278.00	280.00	278.00	279.00	277.00	275.00	274.00	271.00	271.00	271.00	270.00	269.00	270.00	269.00	269.00	271.00	272.00	272.00	272.00	272.00	276.00	285.00	331.00	378.00	318.00	298.00	291.00	288.00	286.00	278.00	276.00	277.00	279.00	277.00	274.00	273.00	272.00	269.00	268.00	267.00	266.00	265.00	263.00	260.00	259.00	260.00	260.00	258.00	258.00	257.00	257.00	257.00	256.00	255.00	255.00	255.00	251.00	251.00	252.00	251.00	251.00	252.00	250.00	250.00	249.00	247.00	248.00	248.00	248.00	246.00	244.00	246.00	243.00	242.00	244.00	244.00	242.00	243.00	241.00	239.00	238.00	237.00	237.00	236.00	237.00	240.00	242.00	247.00	250.00	248.00	247.00	246.00	246.00	246.00	246.00	247.00	249.00	248.00	250.00	251.00	251.00	252.00	253.00	253.00	254.00	256.00	255.00	256.00	257.00	259.00	250.00	249.00	252.00	250.00	247.00	237.00	238.00	240.00	244.00	240.00	238.00	237.00	236.00	239.00	239.00	239.00	242.00	241.00	247.00	247.00	248.00	248.00	248.00	252.00	255.00	252.00	254.00	252.00	247.00	243.00	244.00	245.00	244.00	244.00	245.00	246.00	247.00	248.00	249.00	248.00	249.00	247.00	245.00	244.00	244.00	242.00	240.00	241.00	242.00	243.00	243.00	242.00	242.00	240.00	240.00	240.00	241.00	241.00	246.00	246.00	246.00	248.00	250.00	258.00	260.00	263.00	266.00	270.00	271.00	271.00	272.00	270.00	265.00	265.00	265.00	265.00	268.00	271.00	271.00	270.00	271.00	286.00	294.00	277.00	280.00	274.00
231.00	234.00	232.00	233.00	238.00	239.00	239.00	240.00	240.00	238.00	236.00	236.00	238.00	243.00	243.00	245.00	244.00	242.00	245.00	244.00	245.00	247.00	247.00	247.00	248.00	246.00	245.00	249.00	250.00	250.00	252.00	250.00	251.00	250.00	253.00	252.00	256.00	257.00	259.00	261.00	265.00	263.00	266.00	266.00	263.00	267.00	268.00	268.00	269.00	271.00	271.00	273.00	273.00	274.00	277.00	279.00	277.00	277.00	280.00	277.00	278.00	278.00	276.00	276.00	275.00	274.00	272.00	271.00	268.00	266.00	268.00	266.00	266.00	265.00	266.00	268.00	270.00	269.00	269.00	270.00	272.00	278.00	290.00	309.00	358.00	314.00	299.00	294.00	290.00	283.00	283.00	281.00	279.00	277.00	274.00	275.00	274.00	271.00	268.00	266.00	265.00	263.00	262.00	260.00	259.00	259.00	258.00	255.00	255.00	255.00	254.00	255.00	255.00	254.00	254.00	254.00	253.00	248.00	249.00	251.00	250.00	250.00	247.00	247.00	246.00	245.00	245.00	245.00	245.00	245.00	244.00	245.00	242.00	243.00	239.00	240.00	241.00	241.00	239.00	238.00	238.00	235.00	235.00	235.00	236.00	240.00	244.00	247.00	247.00	244.00	245.00	244.00	246.00	247.00	247.00	247.00	248.00	249.00	248.00	247.00	246.00	248.00	247.00	250.00	250.00	251.00	256.00	256.00	256.00	256.00	250.00	248.00	245.00	245.00	240.00	239.00	241.00	240.00	241.00	237.00	235.00	235.00	235.00	235.00	237.00	237.00	239.00	241.00	240.00	243.00	246.00	248.00	246.00	250.00	250.00	248.00	245.00	249.00	247.00	246.00	244.00	243.00	243.00	243.00	244.00	247.00	247.00	245.00	247.00	246.00	245.00	245.00	244.00	244.00	243.00	242.00	242.00	240.00	242.00	241.00	242.00	242.00	243.00	242.00	240.00	240.00	240.00	241.00	244.00	246.00	249.00	250.00	251.00	255.00	260.00	260.00	262.00	264.00	266.00	268.00	268.00	269.00	264.00	266.00	264.00	265.00	270.00	271.00	268.00	269.00	267.00	268.00	270.00	269.00	270.00	270.00
233.00	232.00	229.00	230.00	238.00	237.00	238.00	238.00	238.00	237.00	236.00	234.00	238.00	243.00	244.00	244.00	242.00	242.00	243.00	245.00	245.00	245.00	247.00	246.00	245.00	245.00	247.00	250.00	252.00	250.00	250.00	250.00	250.00	250.00	252.00	252.00	255.00	257.00	262.00	263.00	268.00	264.00	264.00	266.00	265.00	269.00	270.00	271.00	272.00	272.00	273.00	271.00	274.00	275.00	277.00	278.00	278.00	280.00	281.00	278.00	276.00	276.00	277.00	276.00	275.00	273.00	273.00	270.00	269.00	267.00	265.00	267.00	265.00	265.00	266.00	265.00	269.00	267.00	268.00	268.00	270.00	274.00	279.00	288.00	309.00	329.00	304.00	298.00	292.00	288.00	286.00	283.00	281.00	278.00	274.00	273.00	271.00	270.00	269.00	267.00	265.00	264.00	262.00	261.00	259.00	257.00	258.00	255.00	255.00	254.00	254.00	255.00	253.00	255.00	252.00	252.00	252.00	249.00	248.00	248.00	250.00	247.00	247.00	246.00	244.00	245.00	244.00	244.00	243.00	244.00	242.00	244.00	244.00	242.00	241.00	238.00	238.00	239.00	236.00	236.00	236.00	236.00	234.00	236.00	237.00	240.00	242.00	247.00	247.00	243.00	244.00	245.00	246.00	247.00	246.00	246.00	248.00	249.00	249.00	247.00	247.00	246.00	247.00	249.00	249.00	251.00	253.00	257.00	253.00	252.00	249.00	247.00	244.00	241.00	238.00	240.00	240.00	240.00	237.00	238.00	236.00	235.00	233.00	233.00	236.00	234.00	237.00	240.00	240.00	242.00	246.00	246.00	245.00	247.00	246.00	246.00	245.00	245.00	247.00	243.00	243.00	243.00	243.00	244.00	247.00	247.00	244.00	246.00	244.00	245.00	244.00	244.00	244.00	243.00	244.00	243.00	241.00	240.00	240.00	240.00	240.00	242.00	242.00	241.00	240.00	241.00	241.00	241.00	244.00	246.00	248.00	250.00	251.00	253.00	257.00	258.00	261.00	264.00	267.00	267.00	268.00	268.00	265.00	265.00	263.00	265.00	268.00	267.00	267.00	268.00	264.00	266.00	266.00	266.00	267.00	268.00
231.00	229.00	227.00	229.00	237.00	236.00	238.00	237.00	237.00	237.00	237.00	233.00	235.00	241.00	241.00	243.00	242.00	240.00	242.00	240.00	242.00	244.00	244.00	243.00	245.00	248.00	248.00	260.00	255.00	248.00	249.00	249.00	250.00	250.00	253.00	252.00	255.00	258.00	262.00	263.00	266.00	266.00	267.00	269.00	266.00	270.00	275.00	275.00	275.00	275.00	276.00	276.00	275.00	275.00	277.00	278.00	280.00	280.00	280.00	278.00	276.00	276.00	277.00	276.00	274.00	272.00	271.00	270.00	268.00	266.00	264.00	266.00	265.00	266.00	264.00	265.00	266.00	268.00	266.00	268.00	266.00	269.00	272.00	276.00	285.00	330.00	309.00	301.00	295.00	291.00	288.00	286.00	283.00	280.00	274.00	273.00	272.00	269.00	266.00	266.00	265.00	264.00	262.00	261.00	258.00	259.00	258.00	256.00	254.00	255.00	254.00	252.00	253.00	252.00	252.00	252.00	251.00	249.00	247.00	247.00	246.00	248.00	246.00	245.00	245.00	243.00	244.00	243.00	243.00	243.00	242.00	242.00	243.00	242.00	240.00	238.00	237.00	235.00	236.00	236.00	235.00	235.00	234.00	236.00	236.00	240.00	241.00	245.00	246.00	245.00	245.00	243.00	244.00	245.00	247.00	246.00	246.00	248.00	247.00	247.00	246.00	246.00	247.00	247.00	249.00	250.00	254.00	252.00	254.00	251.00	252.00	248.00	244.00	237.00	235.00	240.00	239.00	237.00	238.00	234.00	235.00	234.00	233.00	231.00	234.00	237.00	232.00	236.00	241.00	240.00	243.00	243.00	243.00	244.00	243.00	244.00	245.00	246.00	245.00	245.00	243.00	245.00	244.00	246.00	248.00	247.00	242.00	243.00	244.00	244.00	244.00	244.00	242.00	242.00	242.00	242.00	240.00	241.00	239.00	240.00	241.00	241.00	240.00	241.00	242.00	242.00	242.00	242.00	243.00	245.00	247.00	250.00	250.00	253.00	253.00	258.00	259.00	262.00	264.00	266.00	266.00	266.00	267.00	264.00	264.00	265.00	267.00	267.00	265.00	265.00	263.00	263.00	264.00	265.00	266.00	265.00
228.00	224.00	224.00	227.00	235.00	237.00	237.00	237.00	237.00	235.00	234.00	231.00	232.00	241.00	242.00	241.00	239.00	238.00	237.00	240.00	240.00	239.00	242.00	245.00	245.00	246.00	247.00	248.00	248.00	248.00	249.00	250.00	249.00	250.00	251.00	252.00	255.00	258.00	261.00	261.00	265.00	266.00	267.00	271.00	270.00	274.00	276.00	279.00	281.00	280.00	280.00	279.00	277.00	277.00	278.00	278.00	278.00	279.00	279.00	279.00	277.00	277.00	283.00	276.00	274.00	272.00	270.00	268.00	268.00	267.00	263.00	267.00	265.00	264.00	263.00	263.00	265.00	266.00	267.00	266.00	263.00	266.00	269.00	273.00	279.00	312.00	315.00	311.00	304.00	296.00	291.00	287.00	286.00	281.00	279.00	275.00	273.00	271.00	268.00	267.00	265.00	264.00	263.00	261.00	261.00	259.00	258.00	257.00	256.00	254.00	252.00	252.00	251.00	252.00	251.00	252.00	250.00	251.00	250.00	247.00	245.00	245.00	245.00	244.00	242.00	243.00	241.00	242.00	241.00	242.00	239.00	239.00	241.00	239.00	240.00	237.00	235.00	236.00	235.00	233.00	234.00	235.00	235.00	235.00	237.00	240.00	242.00	245.00	244.00	245.00	244.00	245.00	244.00	244.00	245.00	247.00	247.00	248.00	248.00	246.00	247.00	245.00	246.00	246.00	248.00	252.00	249.00	251.00	251.00	249.00	250.00	250.00	246.00	237.00	236.00	236.00	237.00	237.00	235.00	233.00	232.00	233.00	232.00	230.00	234.00	236.00	234.00	235.00	241.00	242.00	239.00	242.00	243.00	245.00	246.00	246.00	245.00	244.00	245.00	245.00	244.00	244.00	246.00	246.00	246.00	247.00	243.00	242.00	242.00	244.00	244.00	244.00	241.00	241.00	242.00	242.00	243.00	241.00	241.00	240.00	239.00	241.00	241.00	242.00	240.00	242.00	245.00	243.00	243.00	243.00	247.00	249.00	248.00	251.00	252.00	256.00	256.00	262.00	262.00	266.00	267.00	266.00	266.00	265.00	265.00	266.00	265.00	265.00	264.00	265.00	262.00	261.00	262.00	262.00	264.00	262.00
222.00	223.00	221.00	221.00	227.00	231.00	234.00	235.00	235.00	230.00	230.00	230.00	234.00	237.00	239.00	238.00	237.00	238.00	242.00	243.00	241.00	244.00	244.00	244.00	246.00	245.00	245.00	246.00	248.00	248.00	248.00	249.00	249.00	249.00	252.00	253.00	256.00	260.00	273.00	268.00	265.00	270.00	271.00	272.00	273.00	278.00	283.00	287.00	292.00	308.00	298.00	290.00	286.00	284.00	278.00	277.00	277.00	278.00	277.00	278.00	278.00	275.00	274.00	273.00	272.00	270.00	268.00	265.00	262.00	262.00	261.00	263.00	263.00	263.00	262.00	261.00	263.00	264.00	266.00	264.00	263.00	262.00	264.00	268.00	273.00	282.00	332.00	330.00	351.00	316.00	303.00	293.00	289.00	285.00	280.00	277.00	274.00	271.00	269.00	268.00	266.00	265.00	264.00	262.00	262.00	259.00	258.00	255.00	255.00	254.00	253.00	252.00	250.00	250.00	250.00	250.00	249.00	249.00	247.00	248.00	246.00	241.00	241.00	242.00	240.00	242.00	240.00	239.00	239.00	241.00	241.00	238.00	239.00	237.00	235.00	234.00	234.00	233.00	232.00	235.00	234.00	235.00	235.00	236.00	237.00	239.00	243.00	245.00	244.00	244.00	243.00	244.00	245.00	244.00	243.00	244.00	245.00	246.00	247.00	247.00	245.00	245.00	246.00	246.00	244.00	245.00	244.00	244.00	245.00	244.00	247.00	247.00	246.00	246.00	242.00	235.00	233.00	234.00	233.00	233.00	232.00	229.00	231.00	230.00	230.00	230.00	232.00	233.00	235.00	239.00	243.00	240.00	242.00	241.00	245.00	246.00	246.00	245.00	245.00	246.00	244.00	246.00	248.00	247.00	248.00	246.00	242.00	242.00	241.00	240.00	243.00	241.00	241.00	239.00	240.00	242.00	241.00	241.00	240.00	240.00	240.00	240.00	237.00	240.00	241.00	242.00	244.00	244.00	242.00	243.00	246.00	246.00	247.00	250.00	250.00	252.00	255.00	259.00	261.00	262.00	265.00	264.00	265.00	264.00	266.00	265.00	264.00	263.00	263.00	263.00	263.00	262.00	262.00	262.00	261.00	261.00
221.00	221.00	219.00	219.00	225.00	228.00	232.00	233.00	232.00	231.00	228.00	228.00	231.00	235.00	236.00	235.00	237.00	240.00	242.00	244.00	242.00	244.00	246.00	244.00	243.00	244.00	244.00	246.00	246.00	247.00	247.00	248.00	250.00	251.00	253.00	255.00	258.00	259.00	265.00	265.00	267.00	269.00	273.00	272.00	273.00	280.00	285.00	289.00	306.00	333.00	315.00	298.00	291.00	286.00	278.00	278.00	276.00	275.00	275.00	276.00	275.00	274.00	273.00	273.00	271.00	269.00	265.00	262.00	262.00	260.00	262.00	262.00	261.00	261.00	262.00	260.00	261.00	263.00	263.00	263.00	262.00	262.00	264.00	264.00	268.00	272.00	365.00	370.00	341.00	358.00	319.00	304.00	292.00	286.00	281.00	278.00	276.00	272.00	270.00	268.00	267.00	266.00	265.00	262.00	261.00	260.00	257.00	254.00	253.00	254.00	253.00	251.00	250.00	249.00	250.00	250.00	250.00	247.00	246.00	245.00	243.00	241.00	240.00	239.00	241.00	240.00	240.00	239.00	240.00	241.00	240.00	238.00	236.00	237.00	234.00	234.00	233.00	232.00	232.00	234.00	234.00	234.00	234.00	239.00	241.00	241.00	245.00	245.00	242.00	242.00	243.00	243.00	245.00	244.00	244.00	244.00	244.00	246.00	246.00	245.00	246.00	246.00	247.00	244.00	242.00	244.00	245.00	244.00	242.00	243.00	248.00	245.00	247.00	248.00	245.00	235.00	233.00	232.00	231.00	230.00	232.00	228.00	230.00	230.00	228.00	230.00	230.00	231.00	235.00	238.00	241.00	239.00	240.00	241.00	242.00	244.00	244.00	244.00	244.00	244.00	241.00	247.00	247.00	248.00	247.00	247.00	244.00	240.00	241.00	239.00	241.00	243.00	241.00	242.00	240.00	240.00	239.00	240.00	240.00	240.00	241.00	239.00	239.00	239.00	241.00	239.00	241.00	242.00	242.00	242.00	244.00	246.00	247.00	248.00	250.00	250.00	255.00	256.00	260.00	261.00	262.00	263.00	265.00	266.00	264.00	266.00	263.00	263.00	263.00	262.00	262.00	262.00	261.00	263.00	261.00	259.00
220.00	220.00	218.00	219.00	222.00	225.00	229.00	231.00	230.00	227.00	227.00	228.00	229.00	231.00	233.00	237.00	240.00	241.00	241.00	242.00	241.00	241.00	242.00	242.00	244.00	242.00	242.00	243.00	245.00	246.00	248.00	248.00	249.00	249.00	252.00	254.00	257.00	259.00	261.00	264.00	267.00	269.00	271.00	272.00	273.00	282.00	287.00	291.00	302.00	317.00	317.00	309.00	295.00	289.00	277.00	277.00	276.00	274.00	274.00	272.00	274.00	274.00	272.00	271.00	271.00	269.00	266.00	262.00	261.00	260.00	260.00	261.00	262.00	261.00	261.00	261.00	260.00	259.00	261.00	261.00	261.00	261.00	261.00	263.00	263.00	266.00	289.00	313.00	346.00	391.00	381.00	325.00	302.00	287.00	280.00	278.00	276.00	274.00	271.00	268.00	267.00	266.00	265.00	261.00	261.00	259.00	256.00	255.00	255.00	254.00	252.00	252.00	251.00	250.00	250.00	249.00	249.00	247.00	246.00	243.00	242.00	239.00	240.00	240.00	240.00	241.00	238.00	241.00	238.00	239.00	240.00	239.00	238.00	236.00	235.00	233.00	233.00	232.00	232.00	233.00	234.00	234.00	234.00	240.00	242.00	242.00	243.00	246.00	243.00	241.00	241.00	242.00	245.00	245.00	245.00	244.00	243.00	244.00	245.00	245.00	245.00	244.00	246.00	243.00	241.00	243.00	246.00	243.00	241.00	242.00	245.00	247.00	247.00	246.00	243.00	238.00	233.00	229.00	230.00	230.00	229.00	229.00	229.00	230.00	231.00	230.00	231.00	232.00	234.00	237.00	243.00	244.00	239.00	242.00	239.00	237.00	240.00	241.00	239.00	240.00	240.00	247.00	247.00	246.00	246.00	247.00	246.00	243.00	239.00	238.00	241.00	242.00	241.00	241.00	240.00	240.00	238.00	237.00	239.00	240.00	242.00	239.00	239.00	239.00	243.00	241.00	240.00	239.00	242.00	243.00	244.00	246.00	245.00	247.00	249.00	252.00	254.00	255.00	258.00	260.00	262.00	262.00	266.00	263.00	263.00	262.00	262.00	263.00	262.00	261.00	261.00	260.00	260.00	261.00	259.00	260.00
220.00	218.00	220.00	219.00	222.00	224.00	227.00	230.00	227.00	226.00	226.00	231.00	234.00	235.00	237.00	237.00	238.00	240.00	239.00	238.00	239.00	238.00	236.00	242.00	243.00	240.00	241.00	243.00	245.00	244.00	245.00	248.00	249.00	249.00	253.00	254.00	258.00	260.00	263.00	265.00	269.00	271.00	274.00	274.00	275.00	282.00	285.00	289.00	301.00	345.00	324.00	305.00	296.00	290.00	279.00	277.00	275.00	274.00	274.00	271.00	269.00	270.00	271.00	270.00	271.00	267.00	268.00	263.00	263.00	258.00	260.00	260.00	261.00	260.00	260.00	259.00	258.00	258.00	259.00	260.00	260.00	259.00	259.00	262.00	259.00	260.00	267.00	281.00	343.00	323.00	374.00	422.00	328.00	292.00	278.00	276.00	280.00	278.00	273.00	269.00	268.00	267.00	265.00	262.00	261.00	259.00	259.00	254.00	254.00	253.00	252.00	251.00	250.00	250.00	250.00	249.00	249.00	248.00	246.00	244.00	242.00	240.00	239.00	239.00	240.00	240.00	239.00	239.00	238.00	239.00	239.00	238.00	238.00	236.00	234.00	233.00	233.00	232.00	231.00	232.00	234.00	235.00	233.00	241.00	241.00	241.00	243.00	244.00	242.00	240.00	240.00	242.00	243.00	245.00	244.00	244.00	244.00	244.00	244.00	243.00	244.00	245.00	247.00	242.00	239.00	240.00	244.00	243.00	239.00	240.00	244.00	247.00	245.00	244.00	244.00	239.00	235.00	230.00	228.00	229.00	228.00	230.00	229.00	230.00	229.00	230.00	231.00	231.00	238.00	238.00	241.00	246.00	243.00	240.00	238.00	236.00	236.00	235.00	235.00	240.00	238.00	245.00	246.00	247.00	248.00	246.00	245.00	245.00	241.00	240.00	238.00	240.00	240.00	241.00	241.00	239.00	238.00	238.00	238.00	240.00	241.00	239.00	238.00	239.00	241.00	241.00	240.00	240.00	240.00	241.00	244.00	247.00	245.00	247.00	248.00	250.00	253.00	255.00	257.00	259.00	260.00	262.00	263.00	264.00	261.00	261.00	261.00	261.00	262.00	261.00	258.00	259.00	259.00	257.00	257.00	257.00
223.00	222.00	222.00	221.00	222.00	223.00	224.00	224.00	224.00	225.00	223.00	223.00	228.00	231.00	230.00	230.00	231.00	234.00	235.00	232.00	234.00	235.00	238.00	236.00	240.00	241.00	242.00	244.00	247.00	247.00	247.00	249.00	248.00	248.00	252.00	255.00	262.00	269.00	290.00	277.00	273.00	279.00	279.00	279.00	276.00	281.00	284.00	286.00	291.00	297.00	302.00	299.00	292.00	289.00	279.00	276.00	275.00	274.00	272.00	271.00	269.00	268.00	266.00	264.00	265.00	264.00	265.00	261.00	260.00	259.00	256.00	257.00	257.00	258.00	258.00	257.00	257.00	257.00	255.00	255.00	258.00	258.00	257.00	259.00	259.00	260.00	260.00	261.00	265.00	294.00	284.00	289.00	285.00	279.00	273.00	271.00	275.00	284.00	277.00	272.00	267.00	266.00	265.00	261.00	260.00	258.00	257.00	254.00	253.00	253.00	251.00	252.00	249.00	251.00	249.00	248.00	248.00	248.00	247.00	245.00	243.00	237.00	236.00	236.00	237.00	236.00	237.00	237.00	238.00	238.00	238.00	236.00	237.00	236.00	234.00	232.00	233.00	231.00	232.00	231.00	231.00	231.00	233.00	237.00	237.00	240.00	241.00	238.00	238.00	237.00	238.00	239.00	241.00	242.00	243.00	245.00	245.00	242.00	241.00	239.00	241.00	243.00	242.00	240.00	237.00	236.00	238.00	237.00	238.00	237.00	241.00	242.00	243.00	243.00	243.00	240.00	239.00	234.00	229.00	226.00	225.00	230.00	231.00	232.00	231.00	231.00	232.00	232.00	238.00	239.00	240.00	243.00	245.00	239.00	238.00	234.00	236.00	238.00	239.00	238.00	241.00	243.00	243.00	242.00	246.00	246.00	244.00	245.00	242.00	240.00	240.00	240.00	238.00	238.00	239.00	236.00	236.00	236.00	238.00	240.00	240.00	239.00	236.00	237.00	238.00	241.00	242.00	238.00	240.00	240.00	242.00	242.00	244.00	246.00	247.00	249.00	251.00	253.00	253.00	254.00	258.00	258.00	261.00	260.00	258.00	257.00	256.00	256.00	257.00	257.00	257.00	255.00	256.00	253.00	251.00	253.00