3761.00	3761.00	3761.00	3761.00	3761.00	3761.00	3761.00	3761.00	3761.00	3761.00	3761.00	3762.00	3762.00	3762.00	3762.00	3762.00	3762.00	3762.00	3762.00	3762.00	3763.00	3763.00	3763.00	3763.00	3763.00	3763.00	3763.00	3764.00	3764.00	3764.00	3764.00	3765.00	3765.00	3765.00	3766.00	3766.00	3766.00	3766.00	3767.00	3767.00	3767.00	3767.00	3768.00	3768.00	3768.00	3769.00	3769.00	3769.00	3770.00	3770.00	3770.00	3771.00	3771.00	3771.00	3772.00	3772.00	3772.00	3773.00	3773.00	3773.00	3774.00	3774.00	3774.00	3774.00	3775.00	3775.00	3775.00	3775.00	3776.00	3776.00	3777.00	3777.00	3777.00	3777.00	3777.00	3778.00	3778.00	3778.00	3778.00	3778.00	3779.00	3779.00	3779.00	3779.00	3780.00	3780.00	3780.00	3781.00	3781.00	3781.00	3781.00	3781.00	3781.00	3782.00	3782.00	3782.00	3782.00	3782.00	3782.00	3782.00	3783.00	3783.00	3783.00	3783.00	3783.00	3783.00	3783.00	3784.00	3784.00	3784.00	3784.00	3784.00	3784.00	3784.00	3784.00	3784.00	3784.00	3784.00	3784.00	3784.00	3784.00	3784.00	3785.00	3785.00	3785.00	3785.00	3785.00	3785.00	3785.00	3785.00	3785.00	3785.00	3785.00	3785.00	3785.00	3785.00	3785.00	3785.00	3785.00	3785.00	3785.00	3785.00	3785.00	3785.00	3785.00	3785.00	3785.00	3785.00	3785.00	3785.00	3785.00	3785.00	3785.00	3785.00	3785.00	3785.00	3785.00	3785.00	3785.00	3785.00	3785.00	3785.00	3785.00	3785.00	3785.00	3785.00	3786.00	3786.00	3786.00	3786.00	3786.00	3786.00	3786.00	3786.00	3786.00	3786.00	3786.00	3786.00	3786.00	3786.00	3786.00	3786.00	3786.00	3786.00	3786.00	3786.00	3786.00	3786.00	3786.00	3786.00	3786.00	3786.00	3786.00	3786.00	3786.00	3786.00	3786.00	3786.00	3786.00	3786.00	3786.00	3786.00	3786.00	3786.00	3787.00	3787.00	3787.00	3787.00	3787.00	3787.00	3787.00	3787.00	3787.00	3787.00	3787.00	3787.00	3787.00	3787.00	3787.00	3787.00	3787.00	3787.00	3787.00	3787.00	3787.00	3787.00	3787.00	3787.00	3787.00	3787.00	3787.00	3788.00	3788.00	3788.00	3788.00	3788.00	3788.00	3788.00	3788.00	3789.00	3789.00	3789.00	3789.00	3789.00	3789.00	3789.00	3789.00	3789.00	3790.00	3790.00	3790.00	3790.00	3791.00	3791.00	3791.00	3791.00
3761.00	3761.00	3761.00	3761.00	3761.00	3761.00	3761.00	3761.00	3761.00	3761.00	3761.00	3762.00	3762.00	3762.00	3762.00	3762.00	3762.00	3762.00	3762.00	3762.00	3763.00	3763.00	3763.00	3763.00	3763.00	3763.00	3763.00	3764.00	3764.00	3764.00	3764.00	3765.00	3765.00	3765.00	3766.00	3766.00	3766.00	3766.00	3767.00	3767.00	3767.00	3767.00	3768.00	3768.00	3768.00	3769.00	3769.00	3769.00	3770.00	3770.00	3770.00	3771.00	3771.00	3771.00	3772.00	3772.00	3772.00	3773.00	3773.00	3773.00	3774.00	3774.00	3774.00	3774.00	3775.00	3775.00	3775.00	3775.00	3776.00	3776.00	3777.00	3777.00	3777.00	3777.00	3777.00	3778.00	3778.00	3778.00	3778.00	3778.00	3779.00	3779.00	3779.00	3779.00	3780.00	3780.00	3780.00	3781.00	3781.00	3781.00	3781.00	3781.00	3781.00	3782.00	3782.00	3782.00	3782.00	3782.00	3782.00	3782.00	3783.00	3783.00	3783.00	3783.00	3783.00	3783.00	3783.00	3784.00	3784.00	3784.00	3784.00	3784.00	3784.00	3784.00	3784.00	3784.00	3784.00	3784.00	3784.00	3784.00	3784.00	3784.00	3785.00	3785.00	3785.00	3785.00	3785.00	3785.00	3785.00	3785.00	3785.00	3785.00	3785.00	3785.00	3785.00	3785.00	3785.00	3785.00	3785.00	3785.00	3785.00	3785.00	3785.00	3785.00	3785.00	3785.00	3785.00	3785.00	3785.00	3785.00	3785.00	3785.00	3785.00	3785.00	3785.00	3785.00	3785.00	3785.00	3785.00	3785.00	3785.00	3785.00	3785.00	3785.00	3785.00	3785.00	3786.00	3786.00	3786.00	3786.00	3786.00	3786.00	3786.00	3786.00	3786.00	3786.00	3786.00	3786.00	3786.00	3786.00	3786.00	3786.00	3786.00	3786.00	3786.00	3786.00	3786.00	3786.00	3786.00	3786.00	3786.00	3786.00	3786.00	3786.00	3786.00	3786.00	3786.00	3786.00	3786.00	3786.00	3786.00	3786.00	3786.00	3786.00	3787.00	3787.00	3787.00	3787.00	3787.00	3787.00	3787.00	3787.00	3787.00	3787.00	3787.00	3787.00	3787.00	3787.00	3787.00	3787.00	3787.00	3787.00	3787.00	3787.00	3787.00	3787.00	3787.00	3787.00	3787.00	3787.00	3787.00	3788.00	3788.00	3788.00	3788.00	3788.00	3788.00	3788.00	3788.00	3789.00	3789.00	3789.00	3789.00	3789.00	3789.00	3789.00	3789.00	3789.00	3790.00	3790.00	3790.00	3790.00	3791.00	3791.00	3791.00	3791.00
3761.00	3761.00	3761.00	3761.00	3761.00	3761.00	3761.00	3761.00	3761.00	3761.00	3761.00	3762.00	3762.00	3762.00	3762.00	3762.00	3762.00	3762.00	3762.00	3762.00	3763.00	3763.00	3763.00	3763.00	3763.00	3763.00	3763.00	3764.00	3764.00	3764.00	3764.00	3765.00	3765.00	3765.00	3766.00	3766.00	3766.00	3766.00	3767.00	3767.00	3767.00	3767.00	3768.00	3768.00	3768.00	3769.00	3769.00	3769.00	3770.00	3770.00	3770.00	3771.00	3771.00	3771.00	3772.00	3772.00	3772.00	3773.00	3773.00	3773.00	3774.00	3774.00	3774.00	3774.00	3775.00	3775.00	3775.00	3775.00	3776.00	3776.00	3777.00	3777.00	3777.00	3777.00	3777.00	3778.00	3778.00	3778.00	3778.00	3778.00	3779.00	3779.00	3779.00	3779.00	3780.00	3780.00	3780.00	3781.00	3781.00	3781.00	3781.00	3781.00	3781.00	3782.00	3782.00	3782.00	3782.00	3782.00	3782.00	3782.00	3783.00	3783.00	3783.00	3783.00	3783.00	3783.00	3783.00	3784.00	3784.00	3784.00	3784.00	3784.00	3784.00	3784.00	3784.00	3784.00	3784.00	3784.00	3784.00	3784.00	3784.00	3784.00	3785.00	3785.00	3785.00	3785.00	3785.00	3785.00	3785.00	3785.00	3785.00	3785.00	3785.00	3785.00	3785.00	3785.00	3785.00	3785.00	3785.00	3785.00	3785.00	3785.00	3785.00	3785.00	3785.00	3785.00	3785.00	3785.00	3785.00	3785.00	3785.00	3785.00	3785.00	3785.00	3785.00	3785.00	3785.00	3785.00	3785.00	3785.00	3785.00	3785.00	3785.00	3785.00	3785.00	3785.00	3786.00	3786.00	3786.00	3786.00	3786.00	3786.00	3786.00	3786.00	3786.00	3786.00	3786.00	3786.00	3786.00	3786.00	3786.00	3786.00	3786.00	3786.00	3786.00	3786.00	3786.00	3786.00	3786.00	3786.00	3786.00	3786.00	3786.00	3786.00	3786.00	3786.00	3786.00	3786.00	3786.00	3786.00	3786.00	3786.00	3786.00	3786.00	3787.00	3787.00	3787.00	3787.00	3787.00	3787.00	3787.00	3787.00	3787.00	3787.00	3787.00	3787.00	3787.00	3787.00	3787.00	3787.00	3787.00	3787.00	3787.00	3787.00	3787.00	3787.00	3787.00	3787.00	3787.00	3787.00	3787.00	3788.00	3788.00	3788.00	3788.00	3788.00	3788.00	3788.00	3788.00	3789.00	3789.00	3789.00	3789.00	3789.00	3789.00	3789.00	3789.00	3789.00	3790.00	3790.00	3790.00	3790.00	3791.00	3791.00	3791.00	3791.00
3761.00	3761.00	3761.00	3761.00	3761.00	3761.00	3761.00	3761.00	3761.00	3761.00	3761.00	3762.00	3762.00	3762.00	3762.00	3762.00	3762.00	3762.00	3762.00	3762.00	3763.00	3763.00	3763.00	3763.00	3763.00	3763.00	3763.00	3764.00	3764.00	3764.00	3764.00	3765.00	3765.00	3765.00	3766.00	3766.00	3766.00	3766.00	3767.00	3767.00	3767.00	3767.00	3768.00	3768.00	3768.00	3769.00	3769.00	3769.00	3770.00	3770.00	3770.00	3771.00	3771.00	3771.00	3772.00	3772.00	3772.00	3773.00	3773.00	3773.00	3774.00	3774.00	3774.00	3774.00	3775.00	3775.00	3775.00	3775.00	3776.00	3776.00	3777.00	3777.00	3777.00	3777.00	3777.00	3778.00	3778.00	3778.00	3778.00	3778.00	3779.00	3779.00	3779.00	3779.00	3780.00	3780.00	3780.00	3781.00	3781.00	3781.00	3781.00	3781.00	3781.00	3782.00	3782.00	3782.00	3782.00	3782.00	3782.00	3782.00	3783.00	3783.00	3783.00	3783.00	3783.00	3783.00	3783.00	3784.00	3784.00	3784.00	3784.00	3784.00	3784.00	3784.00	3784.00	3784.00	3784.00	3784.00	3784.00	3784.00	3784.00	3784.00	3785.00	3785.00	3785.00	3785.00	3785.00	3785.00	3785.00	3785.00	3785.00	3785.00	3785.00	3785.00	3785.00	3785.00	3785.00	3785.00	3785.00	3785.00	3785.00	3785.00	3785.00	3785.00	3785.00	3785.00	3785.00	3785.00	3785.00	3785.00	3785.00	3785.00	3785.00	3785.00	3785.00	3785.00	3785.00	3785.00	3785.00	3785.00	3785.00	3785.00	3785.00	3785.00	3785.00	3785.00	3786.00	3786.00	3786.00	3786.00	3786.00	3786.00	3786.00	3786.00	3786.00	3786.00	3786.00	3786.00	3786.00	3786.00	3786.00	3786.00	3786.00	3786.00	3786.00	3786.00	3786.00	3786.00	3786.00	3786.00	3786.00	3786.00	3786.00	3786.00	3786.00	3786.00	3786.00	3786.00	3786.00	3786.00	3786.00	3786.00	3786.00	3786.00	3787.00	3787.00	3787.00	3787.00	3787.00	3787.00	3787.00	3787.00	3787.00	3787.00	3787.00	3787.00	3787.00	3787.00	3787.00	3787.00	3787.00	3787.00	3787.00	3787.00	3787.00	3787.00	3787.00	3787.00	3787.00	3787.00	3787.00	3788.00	3788.00	3788.00	3788.00	3788.00	3788.00	3788.00	3788.00	3789.00	3789.00	3789.00	3789.00	3789.00	3789.00	3789.00	3789.00	3789.00	3790.00	3790.00	3790.00	3790.00	3791.00	3791.00	3791.00	3791.00
3761.00	3761.00	3761.00	3761.00	3761.00	3761.00	3761.00	3761.00	3761.00	3761.00	3761.00	3762.00	3762.00	3762.00	3762.00	3762.00	3762.00	3762.00	3762.00	3762.00	3763.00	3763.00	3763.00	3763.00	3763.00	3763.00	3763.00	3764.00	3764.00	3764.00	3764.00	3765.00	3765.00	3765.00	3766.00	3766.00	3766.00	3766.00	3767.00	3767.00	3767.00	3767.00	3768.00	3768.00	3768.00	3769.00	3769.00	3769.00	3770.00	3770.00	3770.00	3771.00	3771.00	3771.00	3772.00	3772.00	3772.00	3773.00	3773.00	3773.00	3774.00	3774.00	3774.00	3774.00	3775.00	3775.00	3775.00	3775.00	3776.00	3776.00	3777.00	3777.00	3777.00	3777.00	3777.00	3778.00	3778.00	3778.00	3778.00	3778.00	3779.00	3779.00	3779.00	3779.00	3780.00	3780.00	3780.00	3781.00	3781.00	3781.00	3781.00	3781.00	3781.00	3782.00	3782.00	3782.00	3782.00	3782.00	3782.00	3782.00	3783.00	3783.00	3783.00	3783.00	3783.00	3783.00	3783.00	3784.00	3784.00	3784.00	3784.00	3784.00	3784.00	3784.00	3784.00	3784.00	3784.00	3784.00	3784.00	3784.00	3784.00	3784.00	3785.00	3785.00	3785.00	3785.00	3785.00	3785.00	3785.00	3785.00	3785.00	3785.00	3785.00	3785.00	3785.00	3785.00	3785.00	3785.00	3785.00	3785.00	3785.00	3785.00	3785.00	3785.00	3785.00	3785.00	3785.00	3785.00	3785.00	3785.00	3785.00	3785.00	3785.00	3785.00	3785.00	3785.00	3785.00	3785.00	3785.00	3785.00	3785.00	3785.00	3785.00	3785.00	3785.00	3785.00	3786.00	3786.00	3786.00	3786.00	3786.00	3786.00	3786.00	3786.00	3786.00	3786.00	3786.00	3786.00	3786.00	3786.00	3786.00	3786.00	3786.00	3786.00	3786.00	3786.00	3786.00	3786.00	3786.00	3786.00	3786.00	3786.00	3786.00	3786.00	3786.00	3786.00	3786.00	3786.00	3786.00	3786.00	3786.00	3786.00	3786.00	3786.00	3787.00	3787.00	3787.00	3787.00	3787.00	3787.00	3787.00	3787.00	3787.00	3787.00	3787.00	3787.00	3787.00	3787.00	3787.00	3787.00	3787.00	3787.00	3787.00	3787.00	3787.00	3787.00	3787.00	3787.00	3787.00	3787.00	3787.00	3788.00	3788.00	3788.00	3788.00	3788.00	3788.00	3788.00	3788.00	3789.00	3789.00	3789.00	3789.00	3789.00	3789.00	3789.00	3789.00	3789.00	3790.00	3790.00	3790.00	3790.00	3791.00	3791.00	3791.00	3791.00
3761.00	3761.00	3761.00	3761.00	3761.00	3761.00	3761.00	3761.00	3761.00	3761.00	3761.00	3762.00	3762.00	3762.00	3762.00	3762.00	3762.00	3762.00	3762.00	3762.00	3763.00	3763.00	3763.00	3763.00	3763.00	3763.00	3763.00	3764.00	3764.00	3764.00	3764.00	3765.00	3765.00	3765.00	3766.00	3766.00	3766.00	3766.00	3767.00	3767.00	3767.00	3767.00	3768.00	3768.00	3768.00	3769.00	3769.00	3769.00	3770.00	3770.00	3770.00	3771.00	3771.00	3771.00	3772.00	3772.00	3772.00	3773.00	3773.00	3773.00	3774.00	3774.00	3774.00	3774.00	3775.00	3775.00	3775.00	3775.00	3776.00	3776.00	3777.00	3777.00	3777.00	3777.00	3777.00	3778.00	3778.00	3778.00	3778.00	3778.00	3779.00	3779.00	3779.00	3779.00	3780.00	3780.00	3780.00	3781.00	3781.00	3781.00	3781.00	3781.00	3781.00	3782.00	3782.00	3782.00	3782.00	3782.00	3782.00	3782.00	3783.00	3783.00	3783.00	3783.00	3783.00	3783.00	3783.00	3784.00	3784.00	3784.00	3784.00	3784.00	3784.00	3784.00	3784.00	3784.00	3784.00	3784.00	3784.00	3784.00	3784.00	3784.00	3785.00	3785.00	3785.00	3785.00	3785.00	3785.00	3785.00	3785.00	3785.00	3785.00	3785.00	3785.00	3785.00	3785.00	3785.00	3785.00	3785.00	3785.00	3785.00	3785.00	3785.00	3785.00	3785.00	3785.00	3785.00	3785.00	3785.00	3785.00	3785.00	3785.00	3785.00	3785.00	3785.00	3785.00	3785.00	3785.00	3785.00	3785.00	3785.00	3785.00	3785.00	3785.00	3785.00	3785.00	3786.00	3786.00	3786.00	3786.00	3786.00	3786.00	3786.00	3786.00	3786.00	3786.00	3786.00	3786.00	3786.00	3786.00	3786.00	3786.00	3786.00	3786.00	3786.00	3786.00	3786.00	3786.00	3786.00	3786.00	3786.00	3786.00	3786.00	3786.00	3786.00	3786.00	3786.00	3786.00	3786.00	3786.00	3786.00	3786.00	3786.00	3786.00	3787.00	3787.00	3787.00	3787.00	3787.00	3787.00	3787.00	3787.00	3787.00	3787.00	3787.00	3787.00	3787.00	3787.00	3787.00	3787.00	3787.00	3787.00	3787.00	3787.00	3787.00	3787.00	3787.00	3787.00	3787.00	3787.00	3787.00	3788.00	3788.00	3788.00	3788.00	3788.00	3788.00	3788.00	3788.00	3789.00	3789.00	3789.00	3789.00	3789.00	3789.00	3789.00	3789.00	3789.00	3790.00	3790.00	3790.00	3790.00	3791.00	3791.00	3791.00	3791.00
3761.00	3761.00	3761.00	3761.00	3761.00	3761.00	3761.00	3761.00	3761.00	3761.00	3761.00	3762.00	3762.00	3762.00	3762.00	3762.00	3762.00	3762.00	3762.00	3762.00	3763.00	3763.00	3763.00	3763.00	3763.00	3763.00	3763.00	3764.00	3764.00	3764.00	3764.00	3765.00	3765.00	3765.00	3766.00	3766.00	3766.00	3766.00	3767.00	3767.00	3767.00	3767.00	3768.00	3768.00	3768.00	3769.00	3769.00	3769.00	3770.00	3770.00	3770.00	3771.00	3771.00	3771.00	3772.00	3772.00	3772.00	3773.00	3773.00	3773.00	3774.00	3774.00	3774.00	3774.00	3775.00	3775.00	3775.00	3775.00	3776.00	3776.00	3777.00	3777.00	3777.00	3777.00	3777.00	3778.00	3778.00	3778.00	3778.00	3778.00	3779.00	3779.00	3779.00	3779.00	3780.00	3780.00	3780.00	3781.00	3781.00	3781.00	3781.00	3781.00	3781.00	3782.00	3782.00	3782.00	3782.00	3782.00	3782.00	3782.00	3783.00	3783.00	3783.00	3783.00	3783.00	3783.00	3783.00	3784.00	3784.00	3784.00	3784.00	3784.00	3784.00	3784.00	3784.00	3784.00	3784.00	3784.00	3784.00	3784.00	3784.00	3784.00	3785.00	3785.00	3785.00	3785.00	3785.00	3785.00	3785.00	3785.00	3785.00	3785.00	3785.00	3785.00	3785.00	3785.00	3785.00	3785.00	3785.00	3785.00	3785.00	3785.00	3785.00	3785.00	3785.00	3785.00	3785.00	3785.00	3785.00	3785.00	3785.00	3785.00	3785.00	3785.00	3785.00	3785.00	3785.00	3785.00	3785.00	3785.00	3785.00	3785.00	3785.00	3785.00	3785.00	3785.00	3786.00	3786.00	3786.00	3786.00	3786.00	3786.00	3786.00	3786.00	3786.00	3786.00	3786.00	3786.00	3786.00	3786.00	3786.00	3786.00	3786.00	3786.00	3786.00	3786.00	3786.00	3786.00	3786.00	3786.00	3786.00	3786.00	3786.00	3786.00	3786.00	3786.00	3786.00	3786.00	3786.00	3786.00	3786.00	3786.00	3786.00	3786.00	3787.00	3787.00	3787.00	3787.00	3787.00	3787.00	3787.00	3787.00	3787.00	3787.00	3787.00	3787.00	3787.00	3787.00	3787.00	3787.00	3787.00	3787.00	3787.00	3787.00	3787.00	3787.00	3787.00	3787.00	3787.00	3787.00	3787.00	3788.00	3788.00	3788.00	3788.00	3788.00	3788.00	3788.00	3788.00	3789.00	3789.00	3789.00	3789.00	3789.00	3789.00	3789.00	3789.00	3789.00	3790.00	3790.00	3790.00	3790.00	3791.00	3791.00	3791.00	3791.00
3761.00	3761.00	3761.00	3761.00	3761.00	3761.00	3761.00	3761.00	3761.00	3761.00	3761.00	3762.00	3762.00	3762.00	3762.00	3762.00	3762.00	3762.00	3762.00	3762.00	3763.00	3763.00	3763.00	3763.00	3763.00	3763.00	3763.00	3764.00	3764.00	3764.00	3764.00	3765.00	3765.00	3765.00	3766.00	3766.00	3766.00	3766.00	3767.00	3767.00	3767.00	3767.00	3768.00	3768.00	3768.00	3769.00	3769.00	3769.00	3770.00	3770.00	3770.00	3771.00	3771.00	3771.00	3772.00	3772.00	3772.00	3773.00	3773.00	3773.00	3774.00	3774.00	3774.00	3774.00	3775.00	3775.00	3775.00	3775.00	3776.00	3776.00	3777.00	3777.00	3777.00	3777.00	3777.00	3778.00	3778.00	3778.00	3778.00	3778.00	3779.00	3779.00	3779.00	3779.00	3780.00	3780.00	3780.00	3781.00	3781.00	3781.00	3781.00	3781.00	3781.00	3782.00	3782.00	3782.00	3782.00	3782.00	3782.00	3782.00	3783.00	3783.00	3783.00	3783.00	3783.00	3783.00	3783.00	3784.00	3784.00	3784.00	3784.00	3784.00	3784.00	3784.00	3784.00	3784.00	3784.00	3784.00	3784.00	3784.00	3784.00	3784.00	3785.00	3785.00	3785.00	3785.00	3785.00	3785.00	3785.00	3785.00	3785.00	3785.00	3785.00	3785.00	3785.00	3785.00	3785.00	3785.00	3785.00	3785.00	3785.00	3785.00	3785.00	3785.00	3785.00	3785.00	3785.00	3785.00	3785.00	3785.00	3785.00	3785.00	3785.00	3785.00	3785.00	3785.00	3785.00	3785.00	3785.00	3785.00	3785.00	3785.00	3785.00	3785.00	3785.00	3785.00	3786.00	3786.00	3786.00	3786.00	3786.00	3786.00	3786.00	3786.00	3786.00	3786.00	3786.00	3786.00	3786.00	3786.00	3786.00	3786.00	3786.00	3786.00	3786.00	3786.00	3786.00	3786.00	3786.00	3786.00	3786.00	3786.00	3786.00	3786.00	3786.00	3786.00	3786.00	3786.00	3786.00	3786.00	3786.00	3786.00	3786.00	3786.00	3787.00	3787.00	3787.00	3787.00	3787.00	3787.00	3787.00	3787.00	3787.00	3787.00	3787.00	3787.00	3787.00	3787.00	3787.00	3787.00	3787.00	3787.00	3787.00	3787.00	3787.00	3787.00	3787.00	3787.00	3787.00	3787.00	3787.00	3788.00	3788.00	3788.00	3788.00	3788.00	3788.00	3788.00	3788.00	3789.00	3789.00	3789.00	3789.00	3789.00	3789.00	3789.00	3789.00	3789.00	3790.00	3790.00	3790.00	3790.00	3791.00	3791.00	3791.00	3791.00
3761.00	3761.00	3761.00	3761.00	3761.00	3761.00	3761.00	3761.00	3761.00	3761.00	3761.00	3762.00	3762.00	3762.00	3762.00	3762.00	3762.00	3762.00	3762.00	3762.00	3763.00	3763.00	3763.00	3763.00	3763.00	3763.00	3763.00	3764.00	3764.00	3764.00	3764.00	3765.00	3765.00	3765.00	3766.00	3766.00	3766.00	3766.00	3767.00	3767.00	3767.00	3767.00	3768.00	3768.00	3768.00	3769.00	3769.00	3769.00	3770.00	3770.00	3770.00	3771.00	3771.00	3771.00	3772.00	3772.00	3772.00	3773.00	3773.00	3773.00	3774.00	3774.00	3774.00	3774.00	3775.00	3775.00	3775.00	3775.00	3776.00	3776.00	3777.00	3777.00	3777.00	3777.00	3777.00	3778.00	3778.00	3778.00	3778.00	3778.00	3779.00	3779.00	3779.00	3779.00	3780.00	3780.00	3780.00	3781.00	3781.00	3781.00	3781.00	3781.00	3781.00	3782.00	3782.00	3782.00	3782.00	3782.00	3782.00	3782.00	3783.00	3783.00	3783.00	3783.00	3783.00	3783.00	3783.00	3784.00	3784.00	3784.00	3784.00	3784.00	3784.00	3784.00	3784.00	3784.00	3784.00	3784.00	3784.00	3784.00	3784.00	3784.00	3785.00	3785.00	3785.00	3785.00	3785.00	3785.00	3785.00	3785.00	3785.00	3785.00	3785.00	3785.00	3785.00	3785.00	3785.00	3785.00	3785.00	3785.00	3785.00	3785.00	3785.00	3785.00	3785.00	3785.00	3785.00	3785.00	3785.00	3785.00	3785.00	3785.00	3785.00	3785.00	3785.00	3785.00	3785.00	3785.00	3785.00	3785.00	3785.00	3785.00	3785.00	3785.00	3785.00	3785.00	3786.00	3786.00	3786.00	3786.00	3786.00	3786.00	3786.00	3786.00	3786.00	3786.00	3786.00	3786.00	3786.00	3786.00	3786.00	3786.00	3786.00	3786.00	3786.00	3786.00	3786.00	3786.00	3786.00	3786.00	3786.00	3786.00	3786.00	3786.00	3786.00	3786.00	3786.00	3786.00	3786.00	3786.00	3786.00	3786.00	3786.00	3786.00	3787.00	3787.00	3787.00	3787.00	3787.00	3787.00	3787.00	3787.00	3787.00	3787.00	3787.00	3787.00	3787.00	3787.00	3787.00	3787.00	3787.00	3787.00	3787.00	3787.00	3787.00	3787.00	3787.00	3787.00	3787.00	3787.00	3787.00	3788.00	3788.00	3788.00	3788.00	3788.00	3788.00	3788.00	3788.00	3789.00	3789.00	3789.00	3789.00	3789.00	3789.00	3789.00	3789.00	3789.00	3790.00	3790.00	3790.00	3790.00	3791.00	3791.00	3791.00	3791.00
3761.00	3761.00	3761.00	3761.00	3761.00	3761.00	3761.00	3761.00	3761.00	3761.00	3761.00	3762.00	3762.00	3762.00	3762.00	3762.00	3762.00	3762.00	3762.00	3762.00	3763.00	3763.00	3763.00	3763.00	3763.00	3763.00	3763.00	3764.00	3764.00	3764.00	3764.00	3765.00	3765.00	3765.00	3766.00	3766.00	3766.00	3766.00	3767.00	3767.00	3767.00	3767.00	3768.00	3768.00	3768.00	3769.00	3769.00	3769.00	3770.00	3770.00	3770.00	3771.00	3771.00	3771.00	3772.00	3772.00	3772.00	3773.00	3773.00	3773.00	3774.00	3774.00	3774.00	3774.00	3775.00	3775.00	3775.00	3775.00	3776.00	3776.00	3777.00	3777.00	3777.00	3777.00	3777.00	3778.00	3778.00	3778.00	3778.00	3778.00	3779.00	3779.00	3779.00	3779.00	3780.00	3780.00	3780.00	3781.00	3781.00	3781.00	3781.00	3781.00	3781.00	3782.00	3782.00	3782.00	3782.00	3782.00	3782.00	3782.00	3783.00	3783.00	3783.00	3783.00	3783.00	3783.00	3783.00	3784.00	3784.00	3784.00	3784.00	3784.00	3784.00	3784.00	3784.00	3784.00	3784.00	3784.00	3784.00	3784.00	3784.00	3784.00	3785.00	3785.00	3785.00	3785.00	3785.00	3785.00	3785.00	3785.00	3785.00	3785.00	3785.00	3785.00	3785.00	3785.00	3785.00	3785.00	3785.00	3785.00	3785.00	3785.00	3785.00	3785.00	3785.00	3785.00	3785.00	3785.00	3785.00	3785.00	3785.00	3785.00	3785.00	3785.00	3785.00	3785.00	3785.00	3785.00	3785.00	3785.00	3785.00	3785.00	3785.00	3785.00	3785.00	3785.00	3786.00	3786.00	3786.00	3786.00	3786.00	3786.00	3786.00	3786.00	3786.00	3786.00	3786.00	3786.00	3786.00	3786.00	3786.00	3786.00	3786.00	3786.00	3786.00	3786.00	3786.00	3786.00	3786.00	3786.00	3786.00	3786.00	3786.00	3786.00	3786.00	3786.00	3786.00	3786.00	3786.00	3786.00	3786.00	3786.00	3786.00	3786.00	3787.00	3787.00	3787.00	3787.00	3787.00	3787.00	3787.00	3787.00	3787.00	3787.00	3787.00	3787.00	3787.00	3787.00	3787.00	3787.00	3787.00	3787.00	3787.00	3787.00	3787.00	3787.00	3787.00	3787.00	3787.00	3787.00	3787.00	3788.00	3788.00	3788.00	3788.00	3788.00	3788.00	3788.00	3788.00	3789.00	3789.00	3789.00	3789.00	3789.00	3789.00	3789.00	3789.00	3789.00	3790.00	3790.00	3790.00	3790.00	3791.00	3791.00	3791.00	3791.00
3761.00	3761.00	3761.00	3761.00	3761.00	3761.00	3761.00	3761.00	3761.00	3761.00	3761.00	3762.00	3762.00	3762.00	3762.00	3762.00	3762.00	3762.00	3762.00	3763.00	3763.00	3763.00	3763.00	3763.00	3763.00	3764.00	3764.00	3764.00	3764.00	3764.00	3764.00	3765.00	3765.00	3765.00	3765.00	3765.00	3766.00	3766.00	3766.00	3766.00	3767.00	3767.00	3767.00	3767.00	3767.00	3768.00	3768.00	3768.00	3769.00	3769.00	3769.00	3770.00	3770.00	3770.00	3771.00	3771.00	3771.00	3772.00	3772.00	3772.00	3772.00	3773.00	3773.00	3773.00	3774.00	3774.00	3774.00	3774.00	3775.00	3775.00	3776.00	3776.00	3776.00	3777.00	3777.00	3777.00	3777.00	3777.00	3778.00	3778.00	3778.00	3778.00	3779.00	3779.00	3779.00	3779.00	3779.00	3780.00	3780.00	3780.00	3780.00	3780.00	3780.00	3781.00	3781.00	3781.00	3781.00	3781.00	3781.00	3781.00	3781.00	3782.00	3782.00	3782.00	3782.00	3782.00	3782.00	3782.00	3782.00	3782.00	3783.00	3783.00	3783.00	3783.00	3783.00	3783.00	3783.00	3783.00	3783.00	3783.00	3783.00	3783.00	3784.00	3784.00	3784.00	3784.00	3784.00	3784.00	3784.00	3784.00	3784.00	3784.00	3784.00	3784.00	3784.00	3784.00	3784.00	3784.00	3784.00	3785.00	3785.00	3785.00	3785.00	3785.00	3785.00	3785.00	3785.00	3785.00	3785.00	3785.00	3785.00	3785.00	3785.00	3785.00	3785.00	3785.00	3785.00	3786.00	3786.00	3786.00	3786.00	3786.00	3786.00	3786.00	3786.00	3786.00	3786.00	3786.00	3786.00	3786.00	3786.00	3786.00	3786.00	3786.00	3786.00	3786.00	3786.00	3786.00	3786.00	3786.00	3786.00	3786.00	3786.00	3786.00	3786.00	3786.00	3786.00	3786.00	3786.00	3787.00	3787.00	3787.00	3787.00	3787.00	3787.00	3787.00	3786.00	3786.00	3786.00	3786.00	3786.00	3786.00	3786.00	3786.00	3786.00	3786.00	3786.00	3786.00	3786.00	3786.00	3786.00	3786.00	3786.00	3786.00	3786.00	3786.00	3786.00	3786.00	3786.00	3786.00	3786.00	3786.00	3786.00	3786.00	3785.00	3786.00	3786.00	3786.00	3786.00	3786.00	3786.00	3786.00	3786.00	3786.00	3787.00	3787.00	3787.00	3787.00	3787.00	3787.00	3787.00	3787.00	3788.00	3788.00	3788.00	3788.00	3788.00	3789.00	3789.00	3789.00	3789.00	3790.00	3790.00	3790.00	3790.00	3790.00
3761.00	3761.00	3761.00	3761.00	3761.00	3761.00	3761.00	3761.00	3761.00	3761.00	3761.00	3762.00	3762.00	3762.00	3762.00	3762.00	3762.00	3762.00	3762.00	3763.00	3763.00	3763.00	3763.00	3763.00	3763.00	3764.00	3764.00	3764.00	3764.00	3764.00	3764.00	3765.00	3765.00	3765.00	3765.00	3765.00	3766.00	3766.00	3766.00	3766.00	3767.00	3767.00	3767.00	3767.00	3767.00	3768.00	3768.00	3768.00	3769.00	3769.00	3769.00	3770.00	3770.00	3770.00	3771.00	3771.00	3771.00	3772.00	3772.00	3772.00	3772.00	3773.00	3773.00	3773.00	3774.00	3774.00	3774.00	3774.00	3775.00	3775.00	3776.00	3776.00	3776.00	3777.00	3777.00	3777.00	3777.00	3777.00	3778.00	3778.00	3778.00	3778.00	3779.00	3779.00	3779.00	3779.00	3779.00	3780.00	3780.00	3780.00	3780.00	3780.00	3780.00	3781.00	3781.00	3781.00	3781.00	3781.00	3781.00	3781.00	3781.00	3782.00	3782.00	3782.00	3782.00	3782.00	3782.00	3782.00	3782.00	3782.00	3783.00	3783.00	3783.00	3783.00	3783.00	3783.00	3783.00	3783.00	3783.00	3783.00	3783.00	3783.00	3784.00	3784.00	3784.00	3784.00	3784.00	3784.00	3784.00	3784.00	3784.00	3784.00	3784.00	3784.00	3784.00	3784.00	3784.00	3784.00	3784.00	3785.00	3785.00	3785.00	3785.00	3785.00	3785.00	3785.00	3785.00	3785.00	3785.00	3785.00	3785.00	3785.00	3785.00	3785.00	3785.00	3785.00	3785.00	3786.00	3786.00	3786.00	3786.00	3786.00	3786.00	3786.00	3786.00	3786.00	3786.00	3786.00	3786.00	3786.00	3786.00	3786.00	3786.00	3786.00	3786.00	3786.00	3786.00	3786.00	3786.00	3786.00	3786.00	3786.00	3786.00	3786.00	3786.00	3786.00	3786.00	3786.00	3786.00	3787.00	3787.00	3787.00	3787.00	3787.00	3787.00	3787.00	3786.00	3786.00	3786.00	3786.00	3786.00	3786.00	3786.00	3786.00	3786.00	3786.00	3786.00	3786.00	3786.00	3786.00	3786.00	3786.00	3786.00	3786.00	3786.00	3786.00	3786.00	3786.00	3786.00	3786.00	3786.00	3786.00	3786.00	3786.00	3785.00	3786.00	3786.00	3786.00	3786.00	3786.00	3786.00	3786.00	3786.00	3786.00	3787.00	3787.00	3787.00	3787.00	3787.00	3787.00	3787.00	3787.00	3788.00	3788.00	3788.00	3788.00	3788.00	3789.00	3789.00	3789.00	3789.00	3790.00	3790.00	3790.00	3790.00	3790.00
3761.00	3761.00	3761.00	3761.00	3761.00	3761.00	3761.00	3761.00	3761.00	3761.00	3761.00	3762.00	3762.00	3762.00	3762.00	3762.00	3762.00	3762.00	3762.00	3763.00	3763.00	3763.00	3763.00	3763.00	3763.00	3764.00	3764.00	3764.00	3764.00	3764.00	3764.00	3765.00	3765.00	3765.00	3765.00	3765.00	3766.00	3766.00	3766.00	3766.00	3767.00	3767.00	3767.00	3767.00	3767.00	3768.00	3768.00	3768.00	3769.00	3769.00	3769.00	3770.00	3770.00	3770.00	3771.00	3771.00	3771.00	3772.00	3772.00	3772.00	3772.00	3773.00	3773.00	3773.00	3774.00	3774.00	3774.00	3774.00	3775.00	3775.00	3776.00	3776.00	3776.00	3777.00	3777.00	3777.00	3777.00	3777.00	3778.00	3778.00	3778.00	3778.00	3779.00	3779.00	3779.00	3779.00	3779.00	3780.00	3780.00	3780.00	3780.00	3780.00	3780.00	3781.00	3781.00	3781.00	3781.00	3781.00	3781.00	3781.00	3781.00	3782.00	3782.00	3782.00	3782.00	3782.00	3782.00	3782.00	3782.00	3782.00	3783.00	3783.00	3783.00	3783.00	3783.00	3783.00	3783.00	3783.00	3783.00	3783.00	3783.00	3783.00	3784.00	3784.00	3784.00	3784.00	3784.00	3784.00	3784.00	3784.00	3784.00	3784.00	3784.00	3784.00	3784.00	3784.00	3784.00	3784.00	3784.00	3785.00	3785.00	3785.00	3785.00	3785.00	3785.00	3785.00	3785.00	3785.00	3785.00	3785.00	3785.00	3785.00	3785.00	3785.00	3785.00	3785.00	3785.00	3786.00	3786.00	3786.00	3786.00	3786.00	3786.00	3786.00	3786.00	3786.00	3786.00	3786.00	3786.00	3786.00	3786.00	3786.00	3786.00	3786.00	3786.00	3786.00	3786.00	3786.00	3786.00	3786.00	3786.00	3786.00	3786.00	3786.00	3786.00	3786.00	3786.00	3786.00	3786.00	3787.00	3787.00	3787.00	3787.00	3787.00	3787.00	3787.00	3786.00	3786.00	3786.00	3786.00	3786.00	3786.00	3786.00	3786.00	3786.00	3786.00	3786.00	3786.00	3786.00	3786.00	3786.00	3786.00	3786.00	3786.00	3786.00	3786.00	3786.00	3786.00	3786.00	3786.00	3786.00	3786.00	3786.00	3786.00	3785.00	3786.00	3786.00	3786.00	3786.00	3786.00	3786.00	3786.00	3786.00	3786.00	3787.00	3787.00	3787.00	3787.00	3787.00	3787.00	3787.00	3787.00	3788.00	3788.00	3788.00	3788.00	3788.00	3789.00	3789.00	3789.00	3789.00	3790.00	3790.00	3790.00	3790.00	3790.00
3761.00	3761.00	3761.00	3761.00	3761.00	3761.00	3761.00	3761.00	3761.00	3761.00	3761.00	3762.00	3762.00	3762.00	3762.00	3762.00	3762.00	3762.00	3762.00	3763.00	3763.00	3763.00	3763.00	3763.00	3763.00	3764.00	3764.00	3764.00	3764.00	3764.00	3764.00	3765.00	3765.00	3765.00	3765.00	3765.00	3766.00	3766.00	3766.00	3766.00	3767.00	3767.00	3767.00	3767.00	3767.00	3768.00	3768.00	3768.00	3769.00	3769.00	3769.00	3770.00	3770.00	3770.00	3771.00	3771.00	3771.00	3772.00	3772.00	3772.00	3772.00	3773.00	3773.00	3773.00	3774.00	3774.00	3774.00	3774.00	3775.00	3775.00	3776.00	3776.00	3776.00	3777.00	3777.00	3777.00	3777.00	3777.00	3778.00	3778.00	3778.00	3778.00	3779.00	3779.00	3779.00	3779.00	3779.00	3780.00	3780.00	3780.00	3780.00	3780.00	3780.00	3781.00	3781.00	3781.00	3781.00	3781.00	3781.00	3781.00	3781.00	3782.00	3782.00	3782.00	3782.00	3782.00	3782.00	3782.00	3782.00	3782.00	3783.00	3783.00	3783.00	3783.00	3783.00	3783.00	3783.00	3783.00	3783.00	3783.00	3783.00	3783.00	3784.00	3784.00	3784.00	3784.00	3784.00	3784.00	3784.00	3784.00	3784.00	3784.00	3784.00	3784.00	3784.00	3784.00	3784.00	3784.00	3784.00	3785.00	3785.00	3785.00	3785.00	3785.00	3785.00	3785.00	3785.00	3785.00	3785.00	3785.00	3785.00	3785.00	3785.00	3785.00	3785.00	3785.00	3785.00	3786.00	3786.00	3786.00	3786.00	3786.00	3786.00	3786.00	3786.00	3786.00	3786.00	3786.00	3786.00	3786.00	3786.00	3786.00	3786.00	3786.00	3786.00	3786.00	3786.00	3786.00	3786.00	3786.00	3786.00	3786.00	3786.00	3786.00	3786.00	3786.00	3786.00	3786.00	3786.00	3787.00	3787.00	3787.00	3787.00	3787.00	3787.00	3787.00	3786.00	3786.00	3786.00	3786.00	3786.00	3786.00	3786.00	3786.00	3786.00	3786.00	3786.00	3786.00	3786.00	3786.00	3786.00	3786.00	3786.00	3786.00	3786.00	3786.00	3786.00	3786.00	3786.00	3786.00	3786.00	3786.00	3786.00	3786.00	3785.00	3786.00	3786.00	3786.00	3786.00	3786.00	3786.00	3786.00	3786.00	3786.00	3787.00	3787.00	3787.00	3787.00	3787.00	3787.00	3787.00	3787.00	3788.00	3788.00	3788.00	3788.00	3788.00	3789.00	3789.00	3789.00	3789.00	3790.00	3790.00	3790.00	3790.00	3790.00
3761.00	3761.00	3761.00	3761.00	3761.00	3761.00	3761.00	3761.00	3761.00	3761.00	3761.00	3762.00	3762.00	3762.00	3762.00	3762.00	3762.00	3762.00	3762.00	3763.00	3763.00	3763.00	3763.00	3763.00	3763.00	3764.00	3764.00	3764.00	3764.00	3764.00	3764.00	3765.00	3765.00	3765.00	3765.00	3765.00	3766.00	3766.00	3766.00	3766.00	3767.00	3767.00	3767.00	3767.00	3767.00	3768.00	3768.00	3768.00	3769.00	3769.00	3769.00	3770.00	3770.00	3770.00	3771.00	3771.00	3771.00	3772.00	3772.00	3772.00	3772.00	3773.00	3773.00	3773.00	3774.00	3774.00	3774.00	3774.00	3775.00	3775.00	3776.00	3776.00	3776.00	3777.00	3777.00	3777.00	3777.00	3777.00	3778.00	3778.00	3778.00	3778.00	3779.00	3779.00	3779.00	3779.00	3779.00	3780.00	3780.00	3780.00	3780.00	3780.00	3780.00	3781.00	3781.00	3781.00	3781.00	3781.00	3781.00	3781.00	3781.00	3782.00	3782.00	3782.00	3782.00	3782.00	3782.00	3782.00	3782.00	3782.00	3783.00	3783.00	3783.00	3783.00	3783.00	3783.00	3783.00	3783.00	3783.00	3783.00	3783.00	3783.00	3784.00	3784.00	3784.00	3784.00	3784.00	3784.00	3784.00	3784.00	3784.00	3784.00	3784.00	3784.00	3784.00	3784.00	3784.00	3784.00	3784.00	3785.00	3785.00	3785.00	3785.00	3785.00	3785.00	3785.00	3785.00	3785.00	3785.00	3785.00	3785.00	3785.00	3785.00	3785.00	3785.00	3785.00	3785.00	3786.00	3786.00	3786.00	3786.00	3786.00	3786.00	3786.00	3786.00	3786.00	3786.00	3786.00	3786.00	3786.00	3786.00	3786.00	3786.00	3786.00	3786.00	3786.00	3786.00	3786.00	3786.00	3786.00	3786.00	3786.00	3786.00	3786.00	3786.00	3786.00	3786.00	3786.00	3786.00	3787.00	3787.00	3787.00	3787.00	3787.00	3787.00	3787.00	3786.00	3786.00	3786.00	3786.00	3786.00	3786.00	3786.00	3786.00	3786.00	3786.00	3786.00	3786.00	3786.00	3786.00	3786.00	3786.00	3786.00	3786.00	3786.00	3786.00	3786.00	3786.00	3786.00	3786.00	3786.00	3786.00	3786.00	3786.00	3785.00	3786.00	3786.00	3786.00	3786.00	3786.00	3786.00	3786.00	3786.00	3786.00	3787.00	3787.00	3787.00	3787.00	3787.00	3787.00	3787.00	3787.00	3788.00	3788.00	3788.00	3788.00	3788.00	3789.00	3789.00	3789.00	3789.00	3790.00	3790.00	3790.00	3790.00	3790.00
3761.00	3761.00	3761.00	3761.00	3761.00	3761.00	3761.00	3761.00	3761.00	3761.00	3761.00	3762.00	3762.00	3762.00	3762.00	3762.00	3762.00	3762.00	3762.00	3763.00	3763.00	3763.00	3763.00	3763.00	3763.00	3764.00	3764.00	3764.00	3764.00	3764.00	3764.00	3765.00	3765.00	3765.00	3765.00	3765.00	3766.00	3766.00	3766.00	3766.00	3767.00	3767.00	3767.00	3767.00	3767.00	3768.00	3768.00	3768.00	3769.00	3769.00	3769.00	3770.00	3770.00	3770.00	3771.00	3771.00	3771.00	3772.00	3772.00	3772.00	3772.00	3773.00	3773.00	3773.00	3774.00	3774.00	3774.00	3774.00	3775.00	3775.00	3776.00	3776.00	3776.00	3777.00	3777.00	3777.00	3777.00	3777.00	3778.00	3778.00	3778.00	3778.00	3779.00	3779.00	3779.00	3779.00	3779.00	3780.00	3780.00	3780.00	3780.00	3780.00	3780.00	3781.00	3781.00	3781.00	3781.00	3781.00	3781.00	3781.00	3781.00	3782.00	3782.00	3782.00	3782.00	3782.00	3782.00	3782.00	3782.00	3782.00	3783.00	3783.00	3783.00	3783.00	3783.00	3783.00	3783.00	3783.00	3783.00	3783.00	3783.00	3783.00	3784.00	3784.00	3784.00	3784.00	3784.00	3784.00	3784.00	3784.00	3784.00	3784.00	3784.00	3784.00	3784.00	3784.00	3784.00	3784.00	3784.00	3785.00	3785.00	3785.00	3785.00	3785.00	3785.00	3785.00	3785.00	3785.00	3785.00	3785.00	3785.00	3785.00	3785.00	3785.00	3785.00	3785.00	3785.00	3786.00	3786.00	3786.00	3786.00	3786.00	3786.00	3786.00	3786.00	3786.00	3786.00	3786.00	3786.00	3786.00	3786.00	3786.00	3786.00	3786.00	3786.00	3786.00	3786.00	3786.00	3786.00	3786.00	3786.00	3786.00	3786.00	3786.00	3786.00	3786.00	3786.00	3786.00	3786.00	3787.00	3787.00	3787.00	3787.00	3787.00	3787.00	3787.00	3786.00	3786.00	3786.00	3786.00	3786.00	3786.00	3786.00	3786.00	3786.00	3786.00	3786.00	3786.00	3786.00	3786.00	3786.00	3786.00	3786.00	3786.00	3786.00	3786.00	3786.00	3786.00	3786.00	3786.00	3786.00	3786.00	3786.00	3786.00	3785.00	3786.00	3786.00	3786.00	3786.00	3786.00	3786.00	3786.00	3786.00	3786.00	3787.00	3787.00	3787.00	3787.00	3787.00	3787.00	3787.00	3787.00	3788.00	3788.00	3788.00	3788.00	3788.00	3789.00	3789.00	3789.00	3789.00	3790.00	3790.00	3790.00	3790.00	3790.00
3761.00	3761.00	3761.00	3761.00	3761.00	3761.00	3761.00	3761.00	3761.00	3761.00	3761.00	3762.00	3762.00	3762.00	3762.00	3762.00	3762.00	3762.00	3762.00	3763.00	3763.00	3763.00	3763.00	3763.00	3763.00	3764.00	3764.00	3764.00	3764.00	3764.00	3764.00	3765.00	3765.00	3765.00	3765.00	3765.00	3766.00	3766.00	3766.00	3766.00	3767.00	3767.00	3767.00	3767.00	3767.00	3768.00	3768.00	3768.00	3769.00	3769.00	3769.00	3770.00	3770.00	3770.00	3771.00	3771.00	3771.00	3772.00	3772.00	3772.00	3772.00	3773.00	3773.00	3773.00	3774.00	3774.00	3774.00	3774.00	3775.00	3775.00	3776.00	3776.00	3776.00	3777.00	3777.00	3777.00	3777.00	3777.00	3778.00	3778.00	3778.00	3778.00	3779.00	3779.00	3779.00	3779.00	3779.00	3780.00	3780.00	3780.00	3780.00	3780.00	3780.00	3781.00	3781.00	3781.00	3781.00	3781.00	3781.00	3781.00	3781.00	3782.00	3782.00	3782.00	3782.00	3782.00	3782.00	3782.00	3782.00	3782.00	3783.00	3783.00	3783.00	3783.00	3783.00	3783.00	3783.00	3783.00	3783.00	3783.00	3783.00	3783.00	3784.00	3784.00	3784.00	3784.00	3784.00	3784.00	3784.00	3784.00	3784.00	3784.00	3784.00	3784.00	3784.00	3784.00	3784.00	3784.00	3784.00	3785.00	3785.00	3785.00	3785.00	3785.00	3785.00	3785.00	3785.00	3785.00	3785.00	3785.00	3785.00	3785.00	3785.00	3785.00	3785.00	3785.00	3785.00	3786.00	3786.00	3786.00	3786.00	3786.00	3786.00	3786.00	3786.00	3786.00	3786.00	3786.00	3786.00	3786.00	3786.00	3786.00	3786.00	3786.00	3786.00	3786.00	3786.00	3786.00	3786.00	3786.00	3786.00	3786.00	3786.00	3786.00	3786.00	3786.00	3786.00	3786.00	3786.00	3787.00	3787.00	3787.00	3787.00	3787.00	3787.00	3787.00	3786.00	3786.00	3786.00	3786.00	3786.00	3786.00	3786.00	3786.00	3786.00	3786.00	3786.00	3786.00	3786.00	3786.00	3786.00	3786.00	3786.00	3786.00	3786.00	3786.00	3786.00	3786.00	3786.00	3786.00	3786.00	3786.00	3786.00	3786.00	3785.00	3786.00	3786.00	3786.00	3786.00	3786.00	3786.00	3786.00	3786.00	3786.00	3787.00	3787.00	3787.00	3787.00	3787.00	3787.00	3787.00	3787.00	3788.00	3788.00	3788.00	3788.00	3788.00	3789.00	3789.00	3789.00	3789.00	3790.00	3790.00	3790.00	3790.00	3790.00
3761.00	3761.00	3761.00	3761.00	3761.00	3761.00	3761.00	3761.00	3761.00	3761.00	3761.00	3762.00	3762.00	3762.00	3762.00	3762.00	3762.00	3762.00	3762.00	3763.00	3763.00	3763.00	3763.00	3763.00	3763.00	3764.00	3764.00	3764.00	3764.00	3764.00	3764.00	3765.00	3765.00	3765.00	3765.00	3765.00	3766.00	3766.00	3766.00	3766.00	3767.00	3767.00	3767.00	3767.00	3767.00	3768.00	3768.00	3768.00	3769.00	3769.00	3769.00	3770.00	3770.00	3770.00	3771.00	3771.00	3771.00	3772.00	3772.00	3772.00	3772.00	3773.00	3773.00	3773.00	3774.00	3774.00	3774.00	3774.00	3775.00	3775.00	3776.00	3776.00	3776.00	3777.00	3777.00	3777.00	3777.00	3777.00	3778.00	3778.00	3778.00	3778.00	3779.00	3779.00	3779.00	3779.00	3779.00	3780.00	3780.00	3780.00	3780.00	3780.00	3780.00	3781.00	3781.00	3781.00	3781.00	3781.00	3781.00	3781.00	3781.00	3782.00	3782.00	3782.00	3782.00	3782.00	3782.00	3782.00	3782.00	3782.00	3783.00	3783.00	3783.00	3783.00	3783.00	3783.00	3783.00	3783.00	3783.00	3783.00	3783.00	3783.00	3784.00	3784.00	3784.00	3784.00	3784.00	3784.00	3784.00	3784.00	3784.00	3784.00	3784.00	3784.00	3784.00	3784.00	3784.00	3784.00	3784.00	3785.00	3785.00	3785.00	3785.00	3785.00	3785.00	3785.00	3785.00	3785.00	3785.00	3785.00	3785.00	3785.00	3785.00	3785.00	3785.00	3785.00	3785.00	3786.00	3786.00	3786.00	3786.00	3786.00	3786.00	3786.00	3786.00	3786.00	3786.00	3786.00	3786.00	3786.00	3786.00	3786.00	3786.00	3786.00	3786.00	3786.00	3786.00	3786.00	3786.00	3786.00	3786.00	3786.00	3786.00	3786.00	3786.00	3786.00	3786.00	3786.00	3786.00	3787.00	3787.00	3787.00	3787.00	3787.00	3787.00	3787.00	3786.00	3786.00	3786.00	3786.00	3786.00	3786.00	3786.00	3786.00	3786.00	3786.00	3786.00	3786.00	3786.00	3786.00	3786.00	3786.00	3786.00	3786.00	3786.00	3786.00	3786.00	3786.00	3786.00	3786.00	3786.00	3786.00	3786.00	3786.00	3785.00	3786.00	3786.00	3786.00	3786.00	3786.00	3786.00	3786.00	3786.00	3786.00	3787.00	3787.00	3787.00	3787.00	3787.00	3787.00	3787.00	3787.00	3788.00	3788.00	3788.00	3788.00	3788.00	3789.00	3789.00	3789.00	3789.00	3790.00	3790.00	3790.00	3790.00	3790.00
3761.00	3761.00	3761.00	3761.00	3761.00	3761.00	3761.00	3761.00	3761.00	3761.00	3761.00	3762.00	3762.00	3762.00	3762.00	3762.00	3762.00	3762.00	3762.00	3763.00	3763.00	3763.00	3763.00	3763.00	3763.00	3764.00	3764.00	3764.00	3764.00	3764.00	3764.00	3765.00	3765.00	3765.00	3765.00	3765.00	3766.00	3766.00	3766.00	3766.00	3767.00	3767.00	3767.00	3767.00	3767.00	3768.00	3768.00	3768.00	3769.00	3769.00	3769.00	3770.00	3770.00	3770.00	3771.00	3771.00	3771.00	3772.00	3772.00	3772.00	3772.00	3773.00	3773.00	3773.00	3774.00	3774.00	3774.00	3774.00	3775.00	3775.00	3776.00	3776.00	3776.00	3777.00	3777.00	3777.00	3777.00	3777.00	3778.00	3778.00	3778.00	3778.00	3779.00	3779.00	3779.00	3779.00	3779.00	3780.00	3780.00	3780.00	3780.00	3780.00	3780.00	3781.00	3781.00	3781.00	3781.00	3781.00	3781.00	3781.00	3781.00	3782.00	3782.00	3782.00	3782.00	3782.00	3782.00	3782.00	3782.00	3782.00	3783.00	3783.00	3783.00	3783.00	3783.00	3783.00	3783.00	3783.00	3783.00	3783.00	3783.00	3783.00	3784.00	3784.00	3784.00	3784.00	3784.00	3784.00	3784.00	3784.00	3784.00	3784.00	3784.00	3784.00	3784.00	3784.00	3784.00	3784.00	3784.00	3785.00	3785.00	3785.00	3785.00	3785.00	3785.00	3785.00	3785.00	3785.00	3785.00	3785.00	3785.00	3785.00	3785.00	3785.00	3785.00	3785.00	3785.00	3786.00	3786.00	3786.00	3786.00	3786.00	3786.00	3786.00	3786.00	3786.00	3786.00	3786.00	3786.00	3786.00	3786.00	3786.00	3786.00	3786.00	3786.00	3786.00	3786.00	3786.00	3786.00	3786.00	3786.00	3786.00	3786.00	3786.00	3786.00	3786.00	3786.00	3786.00	3786.00	3787.00	3787.00	3787.00	3787.00	3787.00	3787.00	3787.00	3786.00	3786.00	3786.00	3786.00	3786.00	3786.00	3786.00	3786.00	3786.00	3786.00	3786.00	3786.00	3786.00	3786.00	3786.00	3786.00	3786.00	3786.00	3786.00	3786.00	3786.00	3786.00	3786.00	3786.00	3786.00	3786.00	3786.00	3786.00	3785.00	3786.00	3786.00	3786.00	3786.00	3786.00	3786.00	3786.00	3786.00	3786.00	3787.00	3787.00	3787.00	3787.00	3787.00	3787.00	3787.00	3787.00	3788.00	3788.00	3788.00	3788.00	3788.00	3789.00	3789.00	3789.00	3789.00	3790.00	3790.00	3790.00	3790.00	3790.00
3761.00	3761.00	3761.00	3761.00	3761.00	3761.00	3761.00	3761.00	3761.00	3761.00	3761.00	3762.00	3762.00	3762.00	3762.00	3762.00	3762.00	3762.00	3762.00	3763.00	3763.00	3763.00	3763.00	3763.00	3763.00	3764.00	3764.00	3764.00	3764.00	3764.00	3764.00	3765.00	3765.00	3765.00	3765.00	3765.00	3766.00	3766.00	3766.00	3766.00	3767.00	3767.00	3767.00	3767.00	3767.00	3768.00	3768.00	3768.00	3769.00	3769.00	3769.00	3770.00	3770.00	3770.00	3771.00	3771.00	3771.00	3772.00	3772.00	3772.00	3772.00	3773.00	3773.00	3773.00	3774.00	3774.00	3774.00	3774.00	3775.00	3775.00	3776.00	3776.00	3776.00	3777.00	3777.00	3777.00	3777.00	3777.00	3778.00	3778.00	3778.00	3778.00	3779.00	3779.00	3779.00	3779.00	3779.00	3780.00	3780.00	3780.00	3780.00	3780.00	3780.00	3781.00	3781.00	3781.00	3781.00	3781.00	3781.00	3781.00	3781.00	3782.00	3782.00	3782.00	3782.00	3782.00	3782.00	3782.00	3782.00	3782.00	3783.00	3783.00	3783.00	3783.00	3783.00	3783.00	3783.00	3783.00	3783.00	3783.00	3783.00	3783.00	3784.00	3784.00	3784.00	3784.00	3784.00	3784.00	3784.00	3784.00	3784.00	3784.00	3784.00	3784.00	3784.00	3784.00	3784.00	3784.00	3784.00	3785.00	3785.00	3785.00	3785.00	3785.00	3785.00	3785.00	3785.00	3785.00	3785.00	3785.00	3785.00	3785.00	3785.00	3785.00	3785.00	3785.00	3785.00	3786.00	3786.00	3786.00	3786.00	3786.00	3786.00	3786.00	3786.00	3786.00	3786.00	3786.00	3786.00	3786.00	3786.00	3786.00	3786.00	3786.00	3786.00	3786.00	3786.00	3786.00	3786.00	3786.00	3786.00	3786.00	3786.00	3786.00	3786.00	3786.00	3786.00	3786.00	3786.00	3787.00	3787.00	3787.00	3787.00	3787.00	3787.00	3787.00	3786.00	3786.00	3786.00	3786.00	3786.00	3786.00	3786.00	3786.00	3786.00	3786.00	3786.00	3786.00	3786.00	3786.00	3786.00	3786.00	3786.00	3786.00	3786.00	3786.00	3786.00	3786.00	3786.00	3786.00	3786.00	3786.00	3786.00	3786.00	3785.00	3786.00	3786.00	3786.00	3786.00	3786.00	3786.00	3786.00	3786.00	3786.00	3787.00	3787.00	3787.00	3787.00	3787.00	3787.00	3787.00	3787.00	3788.00	3788.00	3788.00	3788.00	3788.00	3789.00	3789.00	3789.00	3789.00	3790.00	3790.00	3790.00	3790.00	3790.00
3761.00	3761.00	3761.00	3761.00	3761.00	3761.00	3761.00	3761.00	3761.00	3761.00	3761.00	3762.00	3762.00	3762.00	3762.00	3762.00	3762.00	3762.00	3762.00	3763.00	3763.00	3763.00	3763.00	3763.00	3763.00	3764.00	3764.00	3764.00	3764.00	3764.00	3764.00	3765.00	3765.00	3765.00	3765.00	3765.00	3766.00	3766.00	3766.00	3766.00	3767.00	3767.00	3767.00	3767.00	3767.00	3768.00	3768.00	3768.00	3769.00	3769.00	3769.00	3770.00	3770.00	3770.00	3771.00	3771.00	3771.00	3772.00	3772.00	3772.00	3772.00	3773.00	3773.00	3773.00	3774.00	3774.00	3774.00	3774.00	3775.00	3775.00	3776.00	3776.00	3776.00	3777.00	3777.00	3777.00	3777.00	3777.00	3778.00	3778.00	3778.00	3778.00	3779.00	3779.00	3779.00	3779.00	3779.00	3780.00	3780.00	3780.00	3780.00	3780.00	3780.00	3781.00	3781.00	3781.00	3781.00	3781.00	3781.00	3781.00	3781.00	3782.00	3782.00	3782.00	3782.00	3782.00	3782.00	3782.00	3782.00	3782.00	3783.00	3783.00	3783.00	3783.00	3783.00	3783.00	3783.00	3783.00	3783.00	3783.00	3783.00	3783.00	3784.00	3784.00	3784.00	3784.00	3784.00	3784.00	3784.00	3784.00	3784.00	3784.00	3784.00	3784.00	3784.00	3784.00	3784.00	3784.00	3784.00	3785.00	3785.00	3785.00	3785.00	3785.00	3785.00	3785.00	3785.00	3785.00	3785.00	3785.00	3785.00	3785.00	3785.00	3785.00	3785.00	3785.00	3785.00	3786.00	3786.00	3786.00	3786.00	3786.00	3786.00	3786.00	3786.00	3786.00	3786.00	3786.00	3786.00	3786.00	3786.00	3786.00	3786.00	3786.00	3786.00	3786.00	3786.00	3786.00	3786.00	3786.00	3786.00	3786.00	3786.00	3786.00	3786.00	3786.00	3786.00	3786.00	3786.00	3787.00	3787.00	3787.00	3787.00	3787.00	3787.00	3787.00	3786.00	3786.00	3786.00	3786.00	3786.00	3786.00	3786.00	3786.00	3786.00	3786.00	3786.00	3786.00	3786.00	3786.00	3786.00	3786.00	3786.00	3786.00	3786.00	3786.00	3786.00	3786.00	3786.00	3786.00	3786.00	3786.00	3786.00	3786.00	3785.00	3786.00	3786.00	3786.00	3786.00	3786.00	3786.00	3786.00	3786.00	3786.00	3787.00	3787.00	3787.00	3787.00	3787.00	3787.00	3787.00	3787.00	3788.00	3788.00	3788.00	3788.00	3788.00	3789.00	3789.00	3789.00	3789.00	3790.00	3790.00	3790.00	3790.00	3790.00
3761.00	3761.00	3761.00	3761.00	3761.00	3761.00	3761.00	3761.00	3761.00	3761.00	3761.00	3761.00	3761.00	3761.00	3761.00	3761.00	3762.00	3762.00	3762.00	3762.00	3762.00	3762.00	3762.00	3762.00	3763.00	3763.00	3763.00	3763.00	3764.00	3764.00	3764.00	3764.00	3764.00	3765.00	3765.00	3765.00	3765.00	3766.00	3766.00	3766.00	3766.00	3766.00	3767.00	3767.00	3767.00	3768.00	3768.00	3768.00	3768.00	3769.00	3769.00	3769.00	3770.00	3770.00	3770.00	3771.00	3771.00	3771.00	3771.00	3771.00	3772.00	3772.00	3772.00	3773.00	3773.00	3773.00	3773.00	3773.00	3774.00	3774.00	3775.00	3775.00	3775.00	3776.00	3776.00	3776.00	3776.00	3776.00	3777.00	3777.00	3777.00	3778.00	3778.00	3778.00	3778.00	3778.00	3778.00	3779.00	3779.00	3779.00	3779.00	3779.00	3779.00	3779.00	3779.00	3780.00	3780.00	3780.00	3780.00	3780.00	3780.00	3780.00	3780.00	3780.00	3781.00	3781.00	3781.00	3781.00	3781.00	3781.00	3781.00	3781.00	3781.00	3781.00	3781.00	3781.00	3782.00	3782.00	3782.00	3782.00	3782.00	3782.00	3783.00	3783.00	3783.00	3783.00	3783.00	3783.00	3783.00	3783.00	3783.00	3783.00	3783.00	3783.00	3784.00	3784.00	3784.00	3784.00	3784.00	3784.00	3784.00	3784.00	3784.00	3784.00	3784.00	3785.00	3785.00	3785.00	3785.00	3785.00	3785.00	3785.00	3785.00	3785.00	3785.00	3785.00	3785.00	3785.00	3785.00	3785.00	3786.00	3786.00	3786.00	3786.00	3786.00	3786.00	3786.00	3786.00	3786.00	3786.00	3786.00	3787.00	3787.00	3787.00	3787.00	3787.00	3787.00	3787.00	3787.00	3787.00	3787.00	3787.00	3787.00	3787.00	3787.00	3787.00	3787.00	3787.00	3787.00	3787.00	3787.00	3787.00	3787.00	3787.00	3787.00	3787.00	3786.00	3786.00	3786.00	3786.00	3786.00	3786.00	3786.00	3786.00	3786.00	3786.00	3786.00	3786.00	3786.00	3786.00	3785.00	3785.00	3785.00	3785.00	3785.00	3785.00	3785.00	3785.00	3785.00	3785.00	3785.00	3785.00	3785.00	3785.00	3785.00	3786.00	3786.00	3786.00	3786.00	3786.00	3786.00	3786.00	3786.00	3786.00	3786.00	3786.00	3786.00	3786.00	3787.00	3787.00	3787.00	3787.00	3787.00	3787.00	3787.00	3788.00	3788.00	3788.00	3788.00	3788.00	3788.00	3789.00	3789.00	3789.00	3789.00	3789.00
3761.00	3761.00	3761.00	3761.00	3761.00	3761.00	3761.00	3761.00	3761.00	3761.00	3761.00	3761.00	3761.00	3761.00	3761.00	3761.00	3762.00	3762.00	3762.00	3762.00	3762.00	3762.00	3762.00	3762.00	3763.00	3763.00	3763.00	3763.00	3764.00	3764.00	3764.00	3764.00	3764.00	3765.00	3765.00	3765.00	3765.00	3766.00	3766.00	3766.00	3766.00	3766.00	3767.00	3767.00	3767.00	3768.00	3768.00	3768.00	3768.00	3769.00	3769.00	3769.00	3770.00	3770.00	3770.00	3771.00	3771.00	3771.00	3771.00	3771.00	3772.00	3772.00	3772.00	3773.00	3773.00	3773.00	3773.00	3773.00	3774.00	3774.00	3775.00	3775.00	3775.00	3776.00	3776.00	3776.00	3776.00	3776.00	3777.00	3777.00	3777.00	3778.00	3778.00	3778.00	3778.00	3778.00	3778.00	3779.00	3779.00	3779.00	3779.00	3779.00	3779.00	3779.00	3779.00	3780.00	3780.00	3780.00	3780.00	3780.00	3780.00	3780.00	3780.00	3780.00	3781.00	3781.00	3781.00	3781.00	3781.00	3781.00	3781.00	3781.00	3781.00	3781.00	3781.00	3781.00	3782.00	3782.00	3782.00	3782.00	3782.00	3782.00	3783.00	3783.00	3783.00	3783.00	3783.00	3783.00	3783.00	3783.00	3783.00	3783.00	3783.00	3783.00	3784.00	3784.00	3784.00	3784.00	3784.00	3784.00	3784.00	3784.00	3784.00	3784.00	3784.00	3785.00	3785.00	3785.00	3785.00	3785.00	3785.00	3785.00	3785.00	3785.00	3785.00	3785.00	3785.00	3785.00	3785.00	3785.00	3786.00	3786.00	3786.00	3786.00	3786.00	3786.00	3786.00	3786.00	3786.00	3786.00	3786.00	3787.00	3787.00	3787.00	3787.00	3787.00	3787.00	3787.00	3787.00	3787.00	3787.00	3787.00	3787.00	3787.00	3787.00	3787.00	3787.00	3787.00	3787.00	3787.00	3787.00	3787.00	3787.00	3787.00	3787.00	3787.00	3786.00	3786.00	3786.00	3786.00	3786.00	3786.00	3786.00	3786.00	3786.00	3786.00	3786.00	3786.00	3786.00	3786.00	3785.00	3785.00	3785.00	3785.00	3785.00	3785.00	3785.00	3785.00	3785.00	3785.00	3785.00	3785.00	3785.00	3785.00	3785.00	3786.00	3786.00	3786.00	3786.00	3786.00	3786.00	3786.00	3786.00	3786.00	3786.00	3786.00	3786.00	3786.00	3787.00	3787.00	3787.00	3787.00	3787.00	3787.00	3787.00	3788.00	3788.00	3788.00	3788.00	3788.00	3788.00	3789.00	3789.00	3789.00	3789.00	3789.00
3761.00	3761.00	3761.00	3761.00	3761.00	3761.00	3761.00	3761.00	3761.00	3761.00	3761.00	3761.00	3761.00	3761.00	3761.00	3761.00	3762.00	3762.00	3762.00	3762.00	3762.00	3762.00	3762.00	3762.00	3763.00	3763.00	3763.00	3763.00	3764.00	3764.00	3764.00	3764.00	3764.00	3765.00	3765.00	3765.00	3765.00	3766.00	3766.00	3766.00	3766.00	3766.00	3767.00	3767.00	3767.00	3768.00	3768.00	3768.00	3768.00	3769.00	3769.00	3769.00	3770.00	3770.00	3770.00	3771.00	3771.00	3771.00	3771.00	3771.00	3772.00	3772.00	3772.00	3773.00	3773.00	3773.00	3773.00	3773.00	3774.00	3774.00	3775.00	3775.00	3775.00	3776.00	3776.00	3776.00	3776.00	3776.00	3777.00	3777.00	3777.00	3778.00	3778.00	3778.00	3778.00	3778.00	3778.00	3779.00	3779.00	3779.00	3779.00	3779.00	3779.00	3779.00	3779.00	3780.00	3780.00	3780.00	3780.00	3780.00	3780.00	3780.00	3780.00	3780.00	3781.00	3781.00	3781.00	3781.00	3781.00	3781.00	3781.00	3781.00	3781.00	3781.00	3781.00	3781.00	3782.00	3782.00	3782.00	3782.00	3782.00	3782.00	3783.00	3783.00	3783.00	3783.00	3783.00	3783.00	3783.00	3783.00	3783.00	3783.00	3783.00	3783.00	3784.00	3784.00	3784.00	3784.00	3784.00	3784.00	3784.00	3784.00	3784.00	3784.00	3784.00	3785.00	3785.00	3785.00	3785.00	3785.00	3785.00	3785.00	3785.00	3785.00	3785.00	3785.00	3785.00	3785.00	3785.00	3785.00	3786.00	3786.00	3786.00	3786.00	3786.00	3786.00	3786.00	3786.00	3786.00	3786.00	3786.00	3787.00	3787.00	3787.00	3787.00	3787.00	3787.00	3787.00	3787.00	3787.00	3787.00	3787.00	3787.00	3787.00	3787.00	3787.00	3787.00	3787.00	3787.00	3787.00	3787.00	3787.00	3787.00	3787.00	3787.00	3787.00	3786.00	3786.00	3786.00	3786.00	3786.00	3786.00	3786.00	3786.00	3786.00	3786.00	3786.00	3786.00	3786.00	3786.00	3785.00	3785.00	3785.00	3785.00	3785.00	3785.00	3785.00	3785.00	3785.00	3785.00	3785.00	3785.00	3785.00	3785.00	3785.00	3786.00	3786.00	3786.00	3786.00	3786.00	3786.00	3786.00	3786.00	3786.00	3786.00	3786.00	3786.00	3786.00	3787.00	3787.00	3787.00	3787.00	3787.00	3787.00	3787.00	3788.00	3788.00	3788.00	3788.00	3788.00	3788.00	3789.00	3789.00	3789.00	3789.00	3789.00
3761.00	3761.00	3761.00	3761.00	3761.00	3761.00	3761.00	3761.00	3761.00	3761.00	3761.00	3761.00	3761.00	3761.00	3761.00	3761.00	3762.00	3762.00	3762.00	3762.00	3762.00	3762.00	3762.00	3762.00	3763.00	3763.00	3763.00	3763.00	3764.00	3764.00	3764.00	3764.00	3764.00	3765.00	3765.00	3765.00	3765.00	3766.00	3766.00	3766.00	3766.00	3766.00	3767.00	3767.00	3767.00	3768.00	3768.00	3768.00	3768.00	3769.00	3769.00	3769.00	3770.00	3770.00	3770.00	3771.00	3771.00	3771.00	3771.00	3771.00	3772.00	3772.00	3772.00	3773.00	3773.00	3773.00	3773.00	3773.00	3774.00	3774.00	3775.00	3775.00	3775.00	3776.00	3776.00	3776.00	3776.00	3776.00	3777.00	3777.00	3777.00	3778.00	3778.00	3778.00	3778.00	3778.00	3778.00	3779.00	3779.00	3779.00	3779.00	3779.00	3779.00	3779.00	3779.00	3780.00	3780.00	3780.00	3780.00	3780.00	3780.00	3780.00	3780.00	3780.00	3781.00	3781.00	3781.00	3781.00	3781.00	3781.00	3781.00	3781.00	3781.00	3781.00	3781.00	3781.00	3782.00	3782.00	3782.00	3782.00	3782.00	3782.00	3783.00	3783.00	3783.00	3783.00	3783.00	3783.00	3783.00	3783.00	3783.00	3783.00	3783.00	3783.00	3784.00	3784.00	3784.00	3784.00	3784.00	3784.00	3784.00	3784.00	3784.00	3784.00	3784.00	3785.00	3785.00	3785.00	3785.00	3785.00	3785.00	3785.00	3785.00	3785.00	3785.00	3785.00	3785.00	3785.00	3785.00	3785.00	3786.00	3786.00	3786.00	3786.00	3786.00	3786.00	3786.00	3786.00	3786.00	3786.00	3786.00	3787.00	3787.00	3787.00	3787.00	3787.00	3787.00	3787.00	3787.00	3787.00	3787.00	3787.00	3787.00	3787.00	3787.00	3787.00	3787.00	3787.00	3787.00	3787.00	3787.00	3787.00	3787.00	3787.00	3787.00	3787.00	3786.00	3786.00	3786.00	3786.00	3786.00	3786.00	3786.00	3786.00	3786.00	3786.00	3786.00	3786.00	3786.00	3786.00	3785.00	3785.00	3785.00	3785.00	3785.00	3785.00	3785.00	3785.00	3785.00	3785.00	3785.00	3785.00	3785.00	3785.00	3785.00	3786.00	3786.00	3786.00	3786.00	3786.00	3786.00	3786.00	3786.00	3786.00	3786.00	3786.00	3786.00	3786.00	3787.00	3787.00	3787.00	3787.00	3787.00	3787.00	3787.00	3788.00	3788.00	3788.00	3788.00	3788.00	3788.00	3789.00	3789.00	3789.00	3789.00	3789.00
3761.00	3761.00	3761.00	3761.00	3761.00	3761.00	3761.00	3761.00	3761.00	3761.00	3761.00	3761.00	3761.00	3761.00	3761.00	3761.00	3762.00	3762.00	3762.00	3762.00	3762.00	3762.00	3762.00	3762.00	3763.00	3763.00	3763.00	3763.00	3764.00	3764.00	3764.00	3764.00	3764.00	3765.00	3765.00	3765.00	3765.00	3766.00	3766.00	3766.00	3766.00	3766.00	3767.00	3767.00	3767.00	3768.00	3768.00	3768.00	3768.00	3769.00	3769.00	3769.00	3770.00	3770.00	3770.00	3771.00	3771.00	3771.00	3771.00	3771.00	3772.00	3772.00	3772.00	3773.00	3773.00	3773.00	3773.00	3773.00	3774.00	3774.00	3775.00	3775.00	3775.00	3776.00	3776.00	3776.00	3776.00	3776.00	3777.00	3777.00	3777.00	3778.00	3778.00	3778.00	3778.00	3778.00	3778.00	3779.00	3779.00	3779.00	3779.00	3779.00	3779.00	3779.00	3779.00	3780.00	3780.00	3780.00	3780.00	3780.00	3780.00	3780.00	3780.00	3780.00	3781.00	3781.00	3781.00	3781.00	3781.00	3781.00	3781.00	3781.00	3781.00	3781.00	3781.00	3781.00	3782.00	3782.00	3782.00	3782.00	3782.00	3782.00	3783.00	3783.00	3783.00	3783.00	3783.00	3783.00	3783.00	3783.00	3783.00	3783.00	3783.00	3783.00	3784.00	3784.00	3784.00	3784.00	3784.00	3784.00	3784.00	3784.00	3784.00	3784.00	3784.00	3785.00	3785.00	3785.00	3785.00	3785.00	3785.00	3785.00	3785.00	3785.00	3785.00	3785.00	3785.00	3785.00	3785.00	3785.00	3786.00	3786.00	3786.00	3786.00	3786.00	3786.00	3786.00	3786.00	3786.00	3786.00	3786.00	3787.00	3787.00	3787.00	3787.00	3787.00	3787.00	3787.00	3787.00	3787.00	3787.00	3787.00	3787.00	3787.00	3787.00	3787.00	3787.00	3787.00	3787.00	3787.00	3787.00	3787.00	3787.00	3787.00	3787.00	3787.00	3786.00	3786.00	3786.00	3786.00	3786.00	3786.00	3786.00	3786.00	3786.00	3786.00	3786.00	3786.00	3786.00	3786.00	3785.00	3785.00	3785.00	3785.00	3785.00	3785.00	3785.00	3785.00	3785.00	3785.00	3785.00	3785.00	3785.00	3785.00	3785.00	3786.00	3786.00	3786.00	3786.00	3786.00	3786.00	3786.00	3786.00	3786.00	3786.00	3786.00	3786.00	3786.00	3787.00	3787.00	3787.00	3787.00	3787.00	3787.00	3787.00	3788.00	3788.00	3788.00	3788.00	3788.00	3788.00	3789.00	3789.00	3789.00	3789.00	3789.00
3761.00	3761.00	3761.00	3761.00	3761.00	3761.00	3761.00	3761.00	3761.00	3761.00	3761.00	3761.00	3761.00	3761.00	3761.00	3761.00	3762.00	3762.00	3762.00	3762.00	3762.00	3762.00	3762.00	3762.00	3763.00	3763.00	3763.00	3763.00	3764.00	3764.00	3764.00	3764.00	3764.00	3765.00	3765.00	3765.00	3765.00	3766.00	3766.00	3766.00	3766.00	3766.00	3767.00	3767.00	3767.00	3768.00	3768.00	3768.00	3768.00	3769.00	3769.00	3769.00	3770.00	3770.00	3770.00	3771.00	3771.00	3771.00	3771.00	3771.00	3772.00	3772.00	3772.00	3773.00	3773.00	3773.00	3773.00	3773.00	3774.00	3774.00	3775.00	3775.00	3775.00	3776.00	3776.00	3776.00	3776.00	3776.00	3777.00	3777.00	3777.00	3778.00	3778.00	3778.00	3778.00	3778.00	3778.00	3779.00	3779.00	3779.00	3779.00	3779.00	3779.00	3779.00	3779.00	3780.00	3780.00	3780.00	3780.00	3780.00	3780.00	3780.00	3780.00	3780.00	3781.00	3781.00	3781.00	3781.00	3781.00	3781.00	3781.00	3781.00	3781.00	3781.00	3781.00	3781.00	3782.00	3782.00	3782.00	3782.00	3782.00	3782.00	3783.00	3783.00	3783.00	3783.00	3783.00	3783.00	3783.00	3783.00	3783.00	3783.00	3783.00	3783.00	3784.00	3784.00	3784.00	3784.00	3784.00	3784.00	3784.00	3784.00	3784.00	3784.00	3784.00	3785.00	3785.00	3785.00	3785.00	3785.00	3785.00	3785.00	3785.00	3785.00	3785.00	3785.00	3785.00	3785.00	3785.00	3785.00	3786.00	3786.00	3786.00	3786.00	3786.00	3786.00	3786.00	3786.00	3786.00	3786.00	3786.00	3787.00	3787.00	3787.00	3787.00	3787.00	3787.00	3787.00	3787.00	3787.00	3787.00	3787.00	3787.00	3787.00	3787.00	3787.00	3787.00	3787.00	3787.00	3787.00	3787.00	3787.00	3787.00	3787.00	3787.00	3787.00	3786.00	3786.00	3786.00	3786.00	3786.00	3786.00	3786.00	3786.00	3786.00	3786.00	3786.00	3786.00	3786.00	3786.00	3785.00	3785.00	3785.00	3785.00	3785.00	3785.00	3785.00	3785.00	3785.00	3785.00	3785.00	3785.00	3785.00	3785.00	3785.00	3786.00	3786.00	3786.00	3786.00	3786.00	3786.00	3786.00	3786.00	3786.00	3786.00	3786.00	3786.00	3786.00	3787.00	3787.00	3787.00	3787.00	3787.00	3787.00	3787.00	3788.00	3788.00	3788.00	3788.00	3788.00	3788.00	3789.00	3789.00	3789.00	3789.00	3789.00
3761.00	3761.00	3761.00	3761.00	3761.00	3761.00	3761.00	3761.00	3761.00	3761.00	3761.00	3761.00	3761.00	3761.00	3761.00	3761.00	3762.00	3762.00	3762.00	3762.00	3762.00	3762.00	3762.00	3762.00	3763.00	3763.00	3763.00	3763.00	3764.00	3764.00	3764.00	3764.00	3764.00	3765.00	3765.00	3765.00	3765.00	3766.00	3766.00	3766.00	3766.00	3766.00	3767.00	3767.00	3767.00	3768.00	3768.00	3768.00	3768.00	3769.00	3769.00	3769.00	3770.00	3770.00	3770.00	3771.00	3771.00	3771.00	3771.00	3771.00	3772.00	3772.00	3772.00	3773.00	3773.00	3773.00	3773.00	3773.00	3774.00	3774.00	3775.00	3775.00	3775.00	3776.00	3776.00	3776.00	3776.00	3776.00	3777.00	3777.00	3777.00	3778.00	3778.00	3778.00	3778.00	3778.00	3778.00	3779.00	3779.00	3779.00	3779.00	3779.00	3779.00	3779.00	3779.00	3780.00	3780.00	3780.00	3780.00	3780.00	3780.00	3780.00	3780.00	3780.00	3781.00	3781.00	3781.00	3781.00	3781.00	3781.00	3781.00	3781.00	3781.00	3781.00	3781.00	3781.00	3782.00	3782.00	3782.00	3782.00	3782.00	3782.00	3783.00	3783.00	3783.00	3783.00	3783.00	3783.00	3783.00	3783.00	3783.00	3783.00	3783.00	3783.00	3784.00	3784.00	3784.00	3784.00	3784.00	3784.00	3784.00	3784.00	3784.00	3784.00	3784.00	3785.00	3785.00	3785.00	3785.00	3785.00	3785.00	3785.00	3785.00	3785.00	3785.00	3785.00	3785.00	3785.00	3785.00	3785.00	3786.00	3786.00	3786.00	3786.00	3786.00	3786.00	3786.00	3786.00	3786.00	3786.00	3786.00	3787.00	3787.00	3787.00	3787.00	3787.00	3787.00	3787.00	3787.00	3787.00	3787.00	3787.00	3787.00	3787.00	3787.00	3787.00	3787.00	3787.00	3787.00	3787.00	3787.00	3787.00	3787.00	3787.00	3787.00	3787.00	3786.00	3786.00	3786.00	3786.00	3786.00	3786.00	3786.00	3786.00	3786.00	3786.00	3786.00	3786.00	3786.00	3786.00	3785.00	3785.00	3785.00	3785.00	3785.00	3785.00	3785.00	3785.00	3785.00	3785.00	3785.00	3785.00	3785.00	3785.00	3785.00	3786.00	3786.00	3786.00	3786.00	3786.00	3786.00	3786.00	3786.00	3786.00	3786.00	3786.00	3786.00	3786.00	3787.00	3787.00	3787.00	3787.00	3787.00	3787.00	3787.00	3788.00	3788.00	3788.00	3788.00	3788.00	3788.00	3789.00	3789.00	3789.00	3789.00	3789.00
3761.00	3761.00	3761.00	3761.00	3761.00	3761.00	3761.00	3761.00	3761.00	3761.00	3761.00	3761.00	3761.00	3761.00	3761.00	3761.00	3762.00	3762.00	3762.00	3762.00	3762.00	3762.00	3762.00	3762.00	3763.00	3763.00	3763.00	3763.00	3764.00	3764.00	3764.00	3764.00	3764.00	3765.00	3765.00	3765.00	3765.00	3766.00	3766.00	3766.00	3766.00	3766.00	3767.00	3767.00	3767.00	3768.00	3768.00	3768.00	3768.00	3769.00	3769.00	3769.00	3770.00	3770.00	3770.00	3771.00	3771.00	3771.00	3771.00	3771.00	3772.00	3772.00	3772.00	3773.00	3773.00	3773.00	3773.00	3773.00	3774.00	3774.00	3775.00	3775.00	3775.00	3776.00	3776.00	3776.00	3776.00	3776.00	3777.00	3777.00	3777.00	3778.00	3778.00	3778.00	3778.00	3778.00	3778.00	3779.00	3779.00	3779.00	3779.00	3779.00	3779.00	3779.00	3779.00	3780.00	3780.00	3780.00	3780.00	3780.00	3780.00	3780.00	3780.00	3780.00	3781.00	3781.00	3781.00	3781.00	3781.00	3781.00	3781.00	3781.00	3781.00	3781.00	3781.00	3781.00	3782.00	3782.00	3782.00	3782.00	3782.00	3782.00	3783.00	3783.00	3783.00	3783.00	3783.00	3783.00	3783.00	3783.00	3783.00	3783.00	3783.00	3783.00	3784.00	3784.00	3784.00	3784.00	3784.00	3784.00	3784.00	3784.00	3784.00	3784.00	3784.00	3785.00	3785.00	3785.00	3785.00	3785.00	3785.00	3785.00	3785.00	3785.00	3785.00	3785.00	3785.00	3785.00	3785.00	3785.00	3786.00	3786.00	3786.00	3786.00	3786.00	3786.00	3786.00	3786.00	3786.00	3786.00	3786.00	3787.00	3787.00	3787.00	3787.00	3787.00	3787.00	3787.00	3787.00	3787.00	3787.00	3787.00	3787.00	3787.00	3787.00	3787.00	3787.00	3787.00	3787.00	3787.00	3787.00	3787.00	3787.00	3787.00	3787.00	3787.00	3786.00	3786.00	3786.00	3786.00	3786.00	3786.00	3786.00	3786.00	3786.00	3786.00	3786.00	3786.00	3786.00	3786.00	3785.00	3785.00	3785.00	3785.00	3785.00	3785.00	3785.00	3785.00	3785.00	3785.00	3785.00	3785.00	3785.00	3785.00	3785.00	3786.00	3786.00	3786.00	3786.00	3786.00	3786.00	3786.00	3786.00	3786.00	3786.00	3786.00	3786.00	3786.00	3787.00	3787.00	3787.00	3787.00	3787.00	3787.00	3787.00	3788.00	3788.00	3788.00	3788.00	3788.00	3788.00	3789.00	3789.00	3789.00	3789.00	3789.00
3761.00	3761.00	3761.00	3761.00	3761.00	3761.00	3761.00	3761.00	3761.00	3761.00	3761.00	3761.00	3761.00	3761.00	3761.00	3761.00	3762.00	3762.00	3762.00	3762.00	3762.00	3762.00	3762.00	3762.00	3763.00	3763.00	3763.00	3763.00	3764.00	3764.00	3764.00	3764.00	3764.00	3765.00	3765.00	3765.00	3765.00	3766.00	3766.00	3766.00	3766.00	3766.00	3767.00	3767.00	3767.00	3768.00	3768.00	3768.00	3768.00	3769.00	3769.00	3769.00	3770.00	3770.00	3770.00	3771.00	3771.00	3771.00	3771.00	3771.00	3772.00	3772.00	3772.00	3773.00	3773.00	3773.00	3773.00	3773.00	3774.00	3774.00	3775.00	3775.00	3775.00	3776.00	3776.00	3776.00	3776.00	3776.00	3777.00	3777.00	3777.00	3778.00	3778.00	3778.00	3778.00	3778.00	3778.00	3779.00	3779.00	3779.00	3779.00	3779.00	3779.00	3779.00	3779.00	3780.00	3780.00	3780.00	3780.00	3780.00	3780.00	3780.00	3780.00	3780.00	3781.00	3781.00	3781.00	3781.00	3781.00	3781.00	3781.00	3781.00	3781.00	3781.00	3781.00	3781.00	3782.00	3782.00	3782.00	3782.00	3782.00	3782.00	3783.00	3783.00	3783.00	3783.00	3783.00	3783.00	3783.00	3783.00	3783.00	3783.00	3783.00	3783.00	3784.00	3784.00	3784.00	3784.00	3784.00	3784.00	3784.00	3784.00	3784.00	3784.00	3784.00	3785.00	3785.00	3785.00	3785.00	3785.00	3785.00	3785.00	3785.00	3785.00	3785.00	3785.00	3785.00	3785.00	3785.00	3785.00	3786.00	3786.00	3786.00	3786.00	3786.00	3786.00	3786.00	3786.00	3786.00	3786.00	3786.00	3787.00	3787.00	3787.00	3787.00	3787.00	3787.00	3787.00	3787.00	3787.00	3787.00	3787.00	3787.00	3787.00	3787.00	3787.00	3787.00	3787.00	3787.00	3787.00	3787.00	3787.00	3787.00	3787.00	3787.00	3787.00	3786.00	3786.00	3786.00	3786.00	3786.00	3786.00	3786.00	3786.00	3786.00	3786.00	3786.00	3786.00	3786.00	3786.00	3785.00	3785.00	3785.00	3785.00	3785.00	3785.00	3785.00	3785.00	3785.00	3785.00	3785.00	3785.00	3785.00	3785.00	3785.00	3786.00	3786.00	3786.00	3786.00	3786.00	3786.00	3786.00	3786.00	3786.00	3786.00	3786.00	3786.00	3786.00	3787.00	3787.00	3787.00	3787.00	3787.00	3787.00	3787.00	3788.00	3788.00	3788.00	3788.00	3788.00	3788.00	3789.00	3789.00	3789.00	3789.00	3789.00
3761.00	3761.00	3761.00	3761.00	3761.00	3761.00	3761.00	3761.00	3761.00	3761.00	3761.00	3761.00	3761.00	3761.00	3761.00	3761.00	3762.00	3762.00	3762.00	3762.00	3762.00	3762.00	3762.00	3762.00	3763.00	3763.00	3763.00	3763.00	3764.00	3764.00	3764.00	3764.00	3764.00	3765.00	3765.00	3765.00	3765.00	3766.00	3766.00	3766.00	3766.00	3766.00	3767.00	3767.00	3767.00	3768.00	3768.00	3768.00	3768.00	3769.00	3769.00	3769.00	3770.00	3770.00	3770.00	3771.00	3771.00	3771.00	3771.00	3771.00	3772.00	3772.00	3772.00	3773.00	3773.00	3773.00	3773.00	3773.00	3774.00	3774.00	3775.00	3775.00	3775.00	3776.00	3776.00	3776.00	3776.00	3776.00	3777.00	3777.00	3777.00	3778.00	3778.00	3778.00	3778.00	3778.00	3778.00	3779.00	3779.00	3779.00	3779.00	3779.00	3779.00	3779.00	3779.00	3780.00	3780.00	3780.00	3780.00	3780.00	3780.00	3780.00	3780.00	3780.00	3781.00	3781.00	3781.00	3781.00	3781.00	3781.00	3781.00	3781.00	3781.00	3781.00	3781.00	3781.00	3782.00	3782.00	3782.00	3782.00	3782.00	3782.00	3783.00	3783.00	3783.00	3783.00	3783.00	3783.00	3783.00	3783.00	3783.00	3783.00	3783.00	3783.00	3784.00	3784.00	3784.00	3784.00	3784.00	3784.00	3784.00	3784.00	3784.00	3784.00	3784.00	3785.00	3785.00	3785.00	3785.00	3785.00	3785.00	3785.00	3785.00	3785.00	3785.00	3785.00	3785.00	3785.00	3785.00	3785.00	3786.00	3786.00	3786.00	3786.00	3786.00	3786.00	3786.00	3786.00	3786.00	3786.00	3786.00	3787.00	3787.00	3787.00	3787.00	3787.00	3787.00	3787.00	3787.00	3787.00	3787.00	3787.00	3787.00	3787.00	3787.00	3787.00	3787.00	3787.00	3787.00	3787.00	3787.00	3787.00	3787.00	3787.00	3787.00	3787.00	3786.00	3786.00	3786.00	3786.00	3786.00	3786.00	3786.00	3786.00	3786.00	3786.00	3786.00	3786.00	3786.00	3786.00	3785.00	3785.00	3785.00	3785.00	3785.00	3785.00	3785.00	3785.00	3785.00	3785.00	3785.00	3785.00	3785.00	3785.00	3785.00	3786.00	3786.00	3786.00	3786.00	3786.00	3786.00	3786.00	3786.00	3786.00	3786.00	3786.00	3786.00	3786.00	3787.00	3787.00	3787.00	3787.00	3787.00	3787.00	3787.00	3788.00	3788.00	3788.00	3788.00	3788.00	3788.00	3789.00	3789.00	3789.00	3789.00	3789.00
3761.00	3761.00	3761.00	3761.00	3761.00	3761.00	3761.00	3761.00	3761.00	3761.00	3761.00	3761.00	3761.00	3761.00	3761.00	3761.00	3762.00	3762.00	3762.00	3762.00	3762.00	3762.00	3762.00	3762.00	3763.00	3763.00	3763.00	3763.00	3764.00	3764.00	3764.00	3764.00	3764.00	3765.00	3765.00	3765.00	3765.00	3766.00	3766.00	3766.00	3766.00	3766.00	3767.00	3767.00	3767.00	3768.00	3768.00	3768.00	3768.00	3769.00	3769.00	3769.00	3770.00	3770.00	3770.00	3771.00	3771.00	3771.00	3771.00	3771.00	3772.00	3772.00	3772.00	3773.00	3773.00	3773.00	3773.00	3773.00	3774.00	3774.00	3775.00	3775.00	3775.00	3776.00	3776.00	3776.00	3776.00	3776.00	3777.00	3777.00	3777.00	3778.00	3778.00	3778.00	3778.00	3778.00	3778.00	3779.00	3779.00	3779.00	3779.00	3779.00	3779.00	3779.00	3779.00	3780.00	3780.00	3780.00	3780.00	3780.00	3780.00	3780.00	3780.00	3780.00	3781.00	3781.00	3781.00	3781.00	3781.00	3781.00	3781.00	3781.00	3781.00	3781.00	3781.00	3781.00	3782.00	3782.00	3782.00	3782.00	3782.00	3782.00	3783.00	3783.00	3783.00	3783.00	3783.00	3783.00	3783.00	3783.00	3783.00	3783.00	3783.00	3783.00	3784.00	3784.00	3784.00	3784.00	3784.00	3784.00	3784.00	3784.00	3784.00	3784.00	3784.00	3785.00	3785.00	3785.00	3785.00	3785.00	3785.00	3785.00	3785.00	3785.00	3785.00	3785.00	3785.00	3785.00	3785.00	3785.00	3786.00	3786.00	3786.00	3786.00	3786.00	3786.00	3786.00	3786.00	3786.00	3786.00	3786.00	3787.00	3787.00	3787.00	3787.00	3787.00	3787.00	3787.00	3787.00	3787.00	3787.00	3787.00	3787.00	3787.00	3787.00	3787.00	3787.00	3787.00	3787.00	3787.00	3787.00	3787.00	3787.00	3787.00	3787.00	3787.00	3786.00	3786.00	3786.00	3786.00	3786.00	3786.00	3786.00	3786.00	3786.00	3786.00	3786.00	3786.00	3786.00	3786.00	3785.00	3785.00	3785.00	3785.00	3785.00	3785.00	3785.00	3785.00	3785.00	3785.00	3785.00	3785.00	3785.00	3785.00	3785.00	3786.00	3786.00	3786.00	3786.00	3786.00	3786.00	3786.00	3786.00	3786.00	3786.00	3786.00	3786.00	3786.00	3787.00	3787.00	3787.00	3787.00	3787.00	3787.00	3787.00	3788.00	3788.00	3788.00	3788.00	3788.00	3788.00	3789.00	3789.00	3789.00	3789.00	3789.00
3761.00	3761.00	3761.00	3761.00	3761.00	3761.00	3761.00	3761.00	3761.00	3761.00	3761.00	3761.00	3761.00	3761.00	3761.00	3761.00	3762.00	3762.00	3762.00	3762.00	3762.00	3762.00	3762.00	3762.00	3763.00	3763.00	3763.00	3763.00	3764.00	3764.00	3764.00	3764.00	3764.00	3765.00	3765.00	3765.00	3765.00	3766.00	3766.00	3766.00	3766.00	3766.00	3767.00	3767.00	3767.00	3768.00	3768.00	3768.00	3768.00	3769.00	3769.00	3769.00	3770.00	3770.00	3770.00	3771.00	3771.00	3771.00	3771.00	3771.00	3772.00	3772.00	3772.00	3773.00	3773.00	3773.00	3773.00	3773.00	3774.00	3774.00	3775.00	3775.00	3775.00	3776.00	3776.00	3776.00	3776.00	3776.00	3777.00	3777.00	3777.00	3778.00	3778.00	3778.00	3778.00	3778.00	3778.00	3779.00	3779.00	3779.00	3779.00	3779.00	3779.00	3779.00	3779.00	3780.00	3780.00	3780.00	3780.00	3780.00	3780.00	3780.00	3780.00	3780.00	3781.00	3781.00	3781.00	3781.00	3781.00	3781.00	3781.00	3781.00	3781.00	3781.00	3781.00	3781.00	3782.00	3782.00	3782.00	3782.00	3782.00	3782.00	3783.00	3783.00	3783.00	3783.00	3783.00	3783.00	3783.00	3783.00	3783.00	3783.00	3783.00	3783.00	3784.00	3784.00	3784.00	3784.00	3784.00	3784.00	3784.00	3784.00	3784.00	3784.00	3784.00	3785.00	3785.00	3785.00	3785.00	3785.00	3785.00	3785.00	3785.00	3785.00	3785.00	3785.00	3785.00	3785.00	3785.00	3785.00	3786.00	3786.00	3786.00	3786.00	3786.00	3786.00	3786.00	3786.00	3786.00	3786.00	3786.00	3787.00	3787.00	3787.00	3787.00	3787.00	3787.00	3787.00	3787.00	3787.00	3787.00	3787.00	3787.00	3787.00	3787.00	3787.00	3787.00	3787.00	3787.00	3787.00	3787.00	3787.00	3787.00	3787.00	3787.00	3787.00	3786.00	3786.00	3786.00	3786.00	3786.00	3786.00	3786.00	3786.00	3786.00	3786.00	3786.00	3786.00	3786.00	3786.00	3785.00	3785.00	3785.00	3785.00	3785.00	3785.00	3785.00	3785.00	3785.00	3785.00	3785.00	3785.00	3785.00	3785.00	3785.00	3786.00	3786.00	3786.00	3786.00	3786.00	3786.00	3786.00	3786.00	3786.00	3786.00	3786.00	3786.00	3786.00	3787.00	3787.00	3787.00	3787.00	3787.00	3787.00	3787.00	3788.00	3788.00	3788.00	3788.00	3788.00	3788.00	3789.00	3789.00	3789.00	3789.00	3789.00
3761.00	3761.00	3761.00	3761.00	3761.00	3761.00	3761.00	3761.00	3761.00	3761.00	3762.00	3762.00	3762.00	3762.00	3762.00	3762.00	3762.00	3762.00	3762.00	3762.00	3762.00	3762.00	3763.00	3763.00	3763.00	3763.00	3763.00	3763.00	3763.00	3764.00	3764.00	3764.00	3764.00	3764.00	3765.00	3765.00	3765.00	3765.00	3766.00	3766.00	3766.00	3766.00	3767.00	3767.00	3767.00	3767.00	3768.00	3768.00	3768.00	3769.00	3769.00	3769.00	3769.00	3769.00	3770.00	3770.00	3770.00	3771.00	3771.00	3771.00	3772.00	3772.00	3772.00	3772.00	3773.00	3773.00	3773.00	3773.00	3774.00	3774.00	3774.00	3774.00	3775.00	3775.00	3775.00	3776.00	3776.00	3776.00	3776.00	3776.00	3776.00	3777.00	3777.00	3777.00	3777.00	3777.00	3777.00	3777.00	3777.00	3778.00	3778.00	3778.00	3778.00	3778.00	3778.00	3778.00	3778.00	3778.00	3779.00	3779.00	3779.00	3779.00	3779.00	3779.00	3779.00	3779.00	3779.00	3779.00	3779.00	3779.00	3780.00	3780.00	3780.00	3780.00	3780.00	3780.00	3780.00	3780.00	3781.00	3781.00	3781.00	3781.00	3781.00	3781.00	3781.00	3782.00	3782.00	3782.00	3782.00	3782.00	3782.00	3782.00	3782.00	3782.00	3782.00	3782.00	3782.00	3782.00	3782.00	3783.00	3783.00	3783.00	3783.00	3783.00	3783.00	3784.00	3784.00	3784.00	3784.00	3784.00	3784.00	3784.00	3784.00	3784.00	3785.00	3785.00	3785.00	3785.00	3785.00	3785.00	3785.00	3785.00	3785.00	3785.00	3786.00	3786.00	3786.00	3786.00	3786.00	3786.00	3786.00	3786.00	3786.00	3786.00	3787.00	3787.00	3787.00	3787.00	3787.00	3787.00	3787.00	3787.00	3787.00	3787.00	3787.00	3787.00	3787.00	3787.00	3787.00	3786.00	3786.00	3786.00	3786.00	3786.00	3786.00	3786.00	3786.00	3786.00	3786.00	3786.00	3786.00	3786.00	3786.00	3786.00	3785.00	3785.00	3785.00	3785.00	3785.00	3785.00	3785.00	3785.00	3785.00	3785.00	3785.00	3785.00	3785.00	3785.00	3785.00	3785.00	3785.00	3785.00	3786.00	3786.00	3786.00	3786.00	3786.00	3786.00	3786.00	3786.00	3786.00	3786.00	3786.00	3786.00	3786.00	3786.00	3786.00	3786.00	3786.00	3786.00	3786.00	3786.00	3787.00	3787.00	3787.00	3787.00	3787.00	3787.00	3788.00	3788.00	3788.00	3788.00	3788.00	3788.00	3789.00	3789.00
3761.00	3761.00	3761.00	3761.00	3761.00	3761.00	3761.00	3761.00	3761.00	3761.00	3762.00	3762.00	3762.00	3762.00	3762.00	3762.00	3762.00	3762.00	3762.00	3762.00	3762.00	3762.00	3763.00	3763.00	3763.00	3763.00	3763.00	3763.00	3763.00	3764.00	3764.00	3764.00	3764.00	3764.00	3765.00	3765.00	3765.00	3765.00	3766.00	3766.00	3766.00	3766.00	3767.00	3767.00	3767.00	3767.00	3768.00	3768.00	3768.00	3769.00	3769.00	3769.00	3769.00	3769.00	3770.00	3770.00	3770.00	3771.00	3771.00	3771.00	3772.00	3772.00	3772.00	3772.00	3773.00	3773.00	3773.00	3773.00	3774.00	3774.00	3774.00	3774.00	3775.00	3775.00	3775.00	3776.00	3776.00	3776.00	3776.00	3776.00	3776.00	3777.00	3777.00	3777.00	3777.00	3777.00	3777.00	3777.00	3777.00	3778.00	3778.00	3778.00	3778.00	3778.00	3778.00	3778.00	3778.00	3778.00	3779.00	3779.00	3779.00	3779.00	3779.00	3779.00	3779.00	3779.00	3779.00	3779.00	3779.00	3779.00	3780.00	3780.00	3780.00	3780.00	3780.00	3780.00	3780.00	3780.00	3781.00	3781.00	3781.00	3781.00	3781.00	3781.00	3781.00	3782.00	3782.00	3782.00	3782.00	3782.00	3782.00	3782.00	3782.00	3782.00	3782.00	3782.00	3782.00	3782.00	3782.00	3783.00	3783.00	3783.00	3783.00	3783.00	3783.00	3784.00	3784.00	3784.00	3784.00	3784.00	3784.00	3784.00	3784.00	3784.00	3785.00	3785.00	3785.00	3785.00	3785.00	3785.00	3785.00	3785.00	3785.00	3785.00	3786.00	3786.00	3786.00	3786.00	3786.00	3786.00	3786.00	3786.00	3786.00	3786.00	3787.00	3787.00	3787.00	3787.00	3787.00	3787.00	3787.00	3787.00	3787.00	3787.00	3787.00	3787.00	3787.00	3787.00	3787.00	3786.00	3786.00	3786.00	3786.00	3786.00	3786.00	3786.00	3786.00	3786.00	3786.00	3786.00	3786.00	3786.00	3786.00	3786.00	3785.00	3785.00	3785.00	3785.00	3785.00	3785.00	3785.00	3785.00	3785.00	3785.00	3785.00	3785.00	3785.00	3785.00	3785.00	3785.00	3785.00	3785.00	3786.00	3786.00	3786.00	3786.00	3786.00	3786.00	3786.00	3786.00	3786.00	3786.00	3786.00	3786.00	3786.00	3786.00	3786.00	3786.00	3786.00	3786.00	3786.00	3786.00	3787.00	3787.00	3787.00	3787.00	3787.00	3787.00	3788.00	3788.00	3788.00	3788.00	3788.00	3788.00	3789.00	3789.00
3761.00	3761.00	3761.00	3761.00	3761.00	3761.00	3761.00	3761.00	3761.00	3761.00	3762.00	3762.00	3762.00	3762.00	3762.00	3762.00	3762.00	3762.00	3762.00	3762.00	3762.00	3762.00	3763.00	3763.00	3763.00	3763.00	3763.00	3763.00	3763.00	3764.00	3764.00	3764.00	3764.00	3764.00	3765.00	3765.00	3765.00	3765.00	3766.00	3766.00	3766.00	3766.00	3767.00	3767.00	3767.00	3767.00	3768.00	3768.00	3768.00	3769.00	3769.00	3769.00	3769.00	3769.00	3770.00	3770.00	3770.00	3771.00	3771.00	3771.00	3772.00	3772.00	3772.00	3772.00	3773.00	3773.00	3773.00	3773.00	3774.00	3774.00	3774.00	3774.00	3775.00	3775.00	3775.00	3776.00	3776.00	3776.00	3776.00	3776.00	3776.00	3777.00	3777.00	3777.00	3777.00	3777.00	3777.00	3777.00	3777.00	3778.00	3778.00	3778.00	3778.00	3778.00	3778.00	3778.00	3778.00	3778.00	3779.00	3779.00	3779.00	3779.00	3779.00	3779.00	3779.00	3779.00	3779.00	3779.00	3779.00	3779.00	3780.00	3780.00	3780.00	3780.00	3780.00	3780.00	3780.00	3780.00	3781.00	3781.00	3781.00	3781.00	3781.00	3781.00	3781.00	3782.00	3782.00	3782.00	3782.00	3782.00	3782.00	3782.00	3782.00	3782.00	3782.00	3782.00	3782.00	3782.00	3782.00	3783.00	3783.00	3783.00	3783.00	3783.00	3783.00	3784.00	3784.00	3784.00	3784.00	3784.00	3784.00	3784.00	3784.00	3784.00	3785.00	3785.00	3785.00	3785.00	3785.00	3785.00	3785.00	3785.00	3785.00	3785.00	3786.00	3786.00	3786.00	3786.00	3786.00	3786.00	3786.00	3786.00	3786.00	3786.00	3787.00	3787.00	3787.00	3787.00	3787.00	3787.00	3787.00	3787.00	3787.00	3787.00	3787.00	3787.00	3787.00	3787.00	3787.00	3786.00	3786.00	3786.00	3786.00	3786.00	3786.00	3786.00	3786.00	3786.00	3786.00	3786.00	3786.00	3786.00	3786.00	3786.00	3785.00	3785.00	3785.00	3785.00	3785.00	3785.00	3785.00	3785.00	3785.00	3785.00	3785.00	3785.00	3785.00	3785.00	3785.00	3785.00	3785.00	3785.00	3786.00	3786.00	3786.00	3786.00	3786.00	3786.00	3786.00	3786.00	3786.00	3786.00	3786.00	3786.00	3786.00	3786.00	3786.00	3786.00	3786.00	3786.00	3786.00	3786.00	3787.00	3787.00	3787.00	3787.00	3787.00	3787.00	3788.00	3788.00	3788.00	3788.00	3788.00	3788.00	3789.00	3789.00
3761.00	3761.00	3761.00	3761.00	3761.00	3761.00	3761.00	3761.00	3761.00	3761.00	3762.00	3762.00	3762.00	3762.00	3762.00	3762.00	3762.00	3762.00	3762.00	3762.00	3762.00	3762.00	3763.00	3763.00	3763.00	3763.00	3763.00	3763.00	3763.00	3764.00	3764.00	3764.00	3764.00	3764.00	3765.00	3765.00	3765.00	3765.00	3766.00	3766.00	3766.00	3766.00	3767.00	3767.00	3767.00	3767.00	3768.00	3768.00	3768.00	3769.00	3769.00	3769.00	3769.00	3769.00	3770.00	3770.00	3770.00	3771.00	3771.00	3771.00	3772.00	3772.00	3772.00	3772.00	3773.00	3773.00	3773.00	3773.00	3774.00	3774.00	3774.00	3774.00	3775.00	3775.00	3775.00	3776.00	3776.00	3776.00	3776.00	3776.00	3776.00	3777.00	3777.00	3777.00	3777.00	3777.00	3777.00	3777.00	3777.00	3778.00	3778.00	3778.00	3778.00	3778.00	3778.00	3778.00	3778.00	3778.00	3779.00	3779.00	3779.00	3779.00	3779.00	3779.00	3779.00	3779.00	3779.00	3779.00	3779.00	3779.00	3780.00	3780.00	3780.00	3780.00	3780.00	3780.00	3780.00	3780.00	3781.00	3781.00	3781.00	3781.00	3781.00	3781.00	3781.00	3782.00	3782.00	3782.00	3782.00	3782.00	3782.00	3782.00	3782.00	3782.00	3782.00	3782.00	3782.00	3782.00	3782.00	3783.00	3783.00	3783.00	3783.00	3783.00	3783.00	3784.00	3784.00	3784.00	3784.00	3784.00	3784.00	3784.00	3784.00	3784.00	3785.00	3785.00	3785.00	3785.00	3785.00	3785.00	3785.00	3785.00	3785.00	3785.00	3786.00	3786.00	3786.00	3786.00	3786.00	3786.00	3786.00	3786.00	3786.00	3786.00	3787.00	3787.00	3787.00	3787.00	3787.00	3787.00	3787.00	3787.00	3787.00	3787.00	3787.00	3787.00	3787.00	3787.00	3787.00	3786.00	3786.00	3786.00	3786.00	3786.00	3786.00	3786.00	3786.00	3786.00	3786.00	3786.00	3786.00	3786.00	3786.00	3786.00	3785.00	3785.00	3785.00	3785.00	3785.00	3785.00	3785.00	3785.00	3785.00	3785.00	3785.00	3785.00	3785.00	3785.00	3785.00	3785.00	3785.00	3785.00	3786.00	3786.00	3786.00	3786.00	3786.00	3786.00	3786.00	3786.00	3786.00	3786.00	3786.00	3786.00	3786.00	3786.00	3786.00	3786.00	3786.00	3786.00	3786.00	3786.00	3787.00	3787.00	3787.00	3787.00	3787.00	3787.00	3788.00	3788.00	3788.00	3788.00	3788.00	3788.00	3789.00	3789.00
3761.00	3761.00	3761.00	3761.00	3761.00	3761.00	3761.00	3761.00	3761.00	3761.00	3762.00	3762.00	3762.00	3762.00	3762.00	3762.00	3762.00	3762.00	3762.00	3762.00	3762.00	3762.00	3763.00	3763.00	3763.00	3763.00	3763.00	3763.00	3763.00	3764.00	3764.00	3764.00	3764.00	3764.00	3765.00	3765.00	3765.00	3765.00	3766.00	3766.00	3766.00	3766.00	3767.00	3767.00	3767.00	3767.00	3768.00	3768.00	3768.00	3769.00	3769.00	3769.00	3769.00	3769.00	3770.00	3770.00	3770.00	3771.00	3771.00	3771.00	3772.00	3772.00	3772.00	3772.00	3773.00	3773.00	3773.00	3773.00	3774.00	3774.00	3774.00	3774.00	3775.00	3775.00	3775.00	3776.00	3776.00	3776.00	3776.00	3776.00	3776.00	3777.00	3777.00	3777.00	3777.00	3777.00	3777.00	3777.00	3777.00	3778.00	3778.00	3778.00	3778.00	3778.00	3778.00	3778.00	3778.00	3778.00	3779.00	3779.00	3779.00	3779.00	3779.00	3779.00	3779.00	3779.00	3779.00	3779.00	3779.00	3779.00	3780.00	3780.00	3780.00	3780.00	3780.00	3780.00	3780.00	3780.00	3781.00	3781.00	3781.00	3781.00	3781.00	3781.00	3781.00	3782.00	3782.00	3782.00	3782.00	3782.00	3782.00	3782.00	3782.00	3782.00	3782.00	3782.00	3782.00	3782.00	3782.00	3783.00	3783.00	3783.00	3783.00	3783.00	3783.00	3784.00	3784.00	3784.00	3784.00	3784.00	3784.00	3784.00	3784.00	3784.00	3785.00	3785.00	3785.00	3785.00	3785.00	3785.00	3785.00	3785.00	3785.00	3785.00	3786.00	3786.00	3786.00	3786.00	3786.00	3786.00	3786.00	3786.00	3786.00	3786.00	3787.00	3787.00	3787.00	3787.00	3787.00	3787.00	3787.00	3787.00	3787.00	3787.00	3787.00	3787.00	3787.00	3787.00	3787.00	3786.00	3786.00	3786.00	3786.00	3786.00	3786.00	3786.00	3786.00	3786.00	3786.00	3786.00	3786.00	3786.00	3786.00	3786.00	3785.00	3785.00	3785.00	3785.00	3785.00	3785.00	3785.00	3785.00	3785.00	3785.00	3785.00	3785.00	3785.00	3785.00	3785.00	3785.00	3785.00	3785.00	3786.00	3786.00	3786.00	3786.00	3786.00	3786.00	3786.00	3786.00	3786.00	3786.00	3786.00	3786.00	3786.00	3786.00	3786.00	3786.00	3786.00	3786.00	3786.00	3786.00	3787.00	3787.00	3787.00	3787.00	3787.00	3787.00	3788.00	3788.00	3788.00	3788.00	3788.00	3788.00	3789.00	3789.00
3761.00	3761.00	3761.00	3761.00	3761.00	3761.00	3761.00	3761.00	3761.00	3761.00	3762.00	3762.00	3762.00	3762.00	3762.00	3762.00	3762.00	3762.00	3762.00	3762.00	3762.00	3762.00	3763.00	3763.00	3763.00	3763.00	3763.00	3763.00	3763.00	3764.00	3764.00	3764.00	3764.00	3764.00	3765.00	3765.00	3765.00	3765.00	3766.00	3766.00	3766.00	3766.00	3767.00	3767.00	3767.00	3767.00	3768.00	3768.00	3768.00	3769.00	3769.00	3769.00	3769.00	3769.00	3770.00	3770.00	3770.00	3771.00	3771.00	3771.00	3772.00	3772.00	3772.00	3772.00	3773.00	3773.00	3773.00	3773.00	3774.00	3774.00	3774.00	3774.00	3775.00	3775.00	3775.00	3776.00	3776.00	3776.00	3776.00	3776.00	3776.00	3777.00	3777.00	3777.00	3777.00	3777.00	3777.00	3777.00	3777.00	3778.00	3778.00	3778.00	3778.00	3778.00	3778.00	3778.00	3778.00	3778.00	3779.00	3779.00	3779.00	3779.00	3779.00	3779.00	3779.00	3779.00	3779.00	3779.00	3779.00	3779.00	3780.00	3780.00	3780.00	3780.00	3780.00	3780.00	3780.00	3780.00	3781.00	3781.00	3781.00	3781.00	3781.00	3781.00	3781.00	3782.00	3782.00	3782.00	3782.00	3782.00	3782.00	3782.00	3782.00	3782.00	3782.00	3782.00	3782.00	3782.00	3782.00	3783.00	3783.00	3783.00	3783.00	3783.00	3783.00	3784.00	3784.00	3784.00	3784.00	3784.00	3784.00	3784.00	3784.00	3784.00	3785.00	3785.00	3785.00	3785.00	3785.00	3785.00	3785.00	3785.00	3785.00	3785.00	3786.00	3786.00	3786.00	3786.00	3786.00	3786.00	3786.00	3786.00	3786.00	3786.00	3787.00	3787.00	3787.00	3787.00	3787.00	3787.00	3787.00	3787.00	3787.00	3787.00	3787.00	3787.00	3787.00	3787.00	3787.00	3786.00	3786.00	3786.00	3786.00	3786.00	3786.00	3786.00	3786.00	3786.00	3786.00	3786.00	3786.00	3786.00	3786.00	3786.00	3785.00	3785.00	3785.00	3785.00	3785.00	3785.00	3785.00	3785.00	3785.00	3785.00	3785.00	3785.00	3785.00	3785.00	3785.00	3785.00	3785.00	3785.00	3786.00	3786.00	3786.00	3786.00	3786.00	3786.00	3786.00	3786.00	3786.00	3786.00	3786.00	3786.00	3786.00	3786.00	3786.00	3786.00	3786.00	3786.00	3786.00	3786.00	3787.00	3787.00	3787.00	3787.00	3787.00	3787.00	3788.00	3788.00	3788.00	3788.00	3788.00	3788.00	3789.00	3789.00
3761.00	3761.00	3761.00	3761.00	3761.00	3761.00	3761.00	3761.00	3761.00	3761.00	3762.00	3762.00	3762.00	3762.00	3762.00	3762.00	3762.00	3762.00	3762.00	3762.00	3762.00	3762.00	3763.00	3763.00	3763.00	3763.00	3763.00	3763.00	3763.00	3764.00	3764.00	3764.00	3764.00	3764.00	3765.00	3765.00	3765.00	3765.00	3766.00	3766.00	3766.00	3766.00	3767.00	3767.00	3767.00	3767.00	3768.00	3768.00	3768.00	3769.00	3769.00	3769.00	3769.00	3769.00	3770.00	3770.00	3770.00	3771.00	3771.00	3771.00	3772.00	3772.00	3772.00	3772.00	3773.00	3773.00	3773.00	3773.00	3774.00	3774.00	3774.00	3774.00	3775.00	3775.00	3775.00	3776.00	3776.00	3776.00	3776.00	3776.00	3776.00	3777.00	3777.00	3777.00	3777.00	3777.00	3777.00	3777.00	3777.00	3778.00	3778.00	3778.00	3778.00	3778.00	3778.00	3778.00	3778.00	3778.00	3779.00	3779.00	3779.00	3779.00	3779.00	3779.00	3779.00	3779.00	3779.00	3779.00	3779.00	3779.00	3780.00	3780.00	3780.00	3780.00	3780.00	3780.00	3780.00	3780.00	3781.00	3781.00	3781.00	3781.00	3781.00	3781.00	3781.00	3782.00	3782.00	3782.00	3782.00	3782.00	3782.00	3782.00	3782.00	3782.00	3782.00	3782.00	3782.00	3782.00	3782.00	3783.00	3783.00	3783.00	3783.00	3783.00	3783.00	3784.00	3784.00	3784.00	3784.00	3784.00	3784.00	3784.00	3784.00	3784.00	3785.00	3785.00	3785.00	3785.00	3785.00	3785.00	3785.00	3785.00	3785.00	3785.00	3786.00	3786.00	3786.00	3786.00	3786.00	3786.00	3786.00	3786.00	3786.00	3786.00	3787.00	3787.00	3787.00	3787.00	3787.00	3787.00	3787.00	3787.00	3787.00	3787.00	3787.00	3787.00	3787.00	3787.00	3787.00	3786.00	3786.00	3786.00	3786.00	3786.00	3786.00	3786.00	3786.00	3786.00	3786.00	3786.00	3786.00	3786.00	3786.00	3786.00	3785.00	3785.00	3785.00	3785.00	3785.00	3785.00	3785.00	3785.00	3785.00	3785.00	3785.00	3785.00	3785.00	3785.00	3785.00	3785.00	3785.00	3785.00	3786.00	3786.00	3786.00	3786.00	3786.00	3786.00	3786.00	3786.00	3786.00	3786.00	3786.00	3786.00	3786.00	3786.00	3786.00	3786.00	3786.00	3786.00	3786.00	3786.00	3787.00	3787.00	3787.00	3787.00	3787.00	3787.00	3788.00	3788.00	3788.00	3788.00	3788.00	3788.00	3789.00	3789.00
3761.00	3761.00	3761.00	3761.00	3761.00	3761.00	3761.00	3761.00	3761.00	3761.00	3762.00	3762.00	3762.00	3762.00	3762.00	3762.00	3762.00	3762.00	3762.00	3762.00	3762.00	3762.00	3763.00	3763.00	3763.00	3763.00	3763.00	3763.00	3763.00	3764.00	3764.00	3764.00	3764.00	3764.00	3765.00	3765.00	3765.00	3765.00	3766.00	3766.00	3766.00	3766.00	3767.00	3767.00	3767.00	3767.00	3768.00	3768.00	3768.00	3769.00	3769.00	3769.00	3769.00	3769.00	3770.00	3770.00	3770.00	3771.00	3771.00	3771.00	3772.00	3772.00	3772.00	3772.00	3773.00	3773.00	3773.00	3773.00	3774.00	3774.00	3774.00	3774.00	3775.00	3775.00	3775.00	3776.00	3776.00	3776.00	3776.00	3776.00	3776.00	3777.00	3777.00	3777.00	3777.00	3777.00	3777.00	3777.00	3777.00	3778.00	3778.00	3778.00	3778.00	3778.00	3778.00	3778.00	3778.00	3778.00	3779.00	3779.00	3779.00	3779.00	3779.00	3779.00	3779.00	3779.00	3779.00	3779.00	3779.00	3779.00	3780.00	3780.00	3780.00	3780.00	3780.00	3780.00	3780.00	3780.00	3781.00	3781.00	3781.00	3781.00	3781.00	3781.00	3781.00	3782.00	3782.00	3782.00	3782.00	3782.00	3782.00	3782.00	3782.00	3782.00	3782.00	3782.00	3782.00	3782.00	3782.00	3783.00	3783.00	3783.00	3783.00	3783.00	3783.00	3784.00	3784.00	3784.00	3784.00	3784.00	3784.00	3784.00	3784.00	3784.00	3785.00	3785.00	3785.00	3785.00	3785.00	3785.00	3785.00	3785.00	3785.00	3785.00	3786.00	3786.00	3786.00	3786.00	3786.00	3786.00	3786.00	3786.00	3786.00	3786.00	3787.00	3787.00	3787.00	3787.00	3787.00	3787.00	3787.00	3787.00	3787.00	3787.00	3787.00	3787.00	3787.00	3787.00	3787.00	3786.00	3786.00	3786.00	3786.00	3786.00	3786.00	3786.00	3786.00	3786.00	3786.00	3786.00	3786.00	3786.00	3786.00	3786.00	3785.00	3785.00	3785.00	3785.00	3785.00	3785.00	3785.00	3785.00	3785.00	3785.00	3785.00	3785.00	3785.00	3785.00	3785.00	3785.00	3785.00	3785.00	3786.00	3786.00	3786.00	3786.00	3786.00	3786.00	3786.00	3786.00	3786.00	3786.00	3786.00	3786.00	3786.00	3786.00	3786.00	3786.00	3786.00	3786.00	3786.00	3786.00	3787.00	3787.00	3787.00	3787.00	3787.00	3787.00	3788.00	3788.00	3788.00	3788.00	3788.00	3788.00	3789.00	3789.00
3761.00	3761.00	3761.00	3761.00	3761.00	3761.00	3761.00	3761.00	3761.00	3761.00	3762.00	3762.00	3762.00	3762.00	3762.00	3762.00	3762.00	3762.00	3762.00	3762.00	3762.00	3762.00	3763.00	3763.00	3763.00	3763.00	3763.00	3763.00	3763.00	3764.00	3764.00	3764.00	3764.00	3764.00	3765.00	3765.00	3765.00	3765.00	3766.00	3766.00	3766.00	3766.00	3767.00	3767.00	3767.00	3767.00	3768.00	3768.00	3768.00	3769.00	3769.00	3769.00	3769.00	3769.00	3770.00	3770.00	3770.00	3771.00	3771.00	3771.00	3772.00	3772.00	3772.00	3772.00	3773.00	3773.00	3773.00	3773.00	3774.00	3774.00	3774.00	3774.00	3775.00	3775.00	3775.00	3776.00	3776.00	3776.00	3776.00	3776.00	3776.00	3777.00	3777.00	3777.00	3777.00	3777.00	3777.00	3777.00	3777.00	3778.00	3778.00	3778.00	3778.00	3778.00	3778.00	3778.00	3778.00	3778.00	3779.00	3779.00	3779.00	3779.00	3779.00	3779.00	3779.00	3779.00	3779.00	3779.00	3779.00	3779.00	3780.00	3780.00	3780.00	3780.00	3780.00	3780.00	3780.00	3780.00	3781.00	3781.00	3781.00	3781.00	3781.00	3781.00	3781.00	3782.00	3782.00	3782.00	3782.00	3782.00	3782.00	3782.00	3782.00	3782.00	3782.00	3782.00	3782.00	3782.00	3782.00	3783.00	3783.00	3783.00	3783.00	3783.00	3783.00	3784.00	3784.00	3784.00	3784.00	3784.00	3784.00	3784.00	3784.00	3784.00	3785.00	3785.00	3785.00	3785.00	3785.00	3785.00	3785.00	3785.00	3785.00	3785.00	3786.00	3786.00	3786.00	3786.00	3786.00	3786.00	3786.00	3786.00	3786.00	3786.00	3787.00	3787.00	3787.00	3787.00	3787.00	3787.00	3787.00	3787.00	3787.00	3787.00	3787.00	3787.00	3787.00	3787.00	3787.00	3786.00	3786.00	3786.00	3786.00	3786.00	3786.00	3786.00	3786.00	3786.00	3786.00	3786.00	3786.00	3786.00	3786.00	3786.00	3785.00	3785.00	3785.00	3785.00	3785.00	3785.00	3785.00	3785.00	3785.00	3785.00	3785.00	3785.00	3785.00	3785.00	3785.00	3785.00	3785.00	3785.00	3786.00	3786.00	3786.00	3786.00	3786.00	3786.00	3786.00	3786.00	3786.00	3786.00	3786.00	3786.00	3786.00	3786.00	3786.00	3786.00	3786.00	3786.00	3786.00	3786.00	3787.00	3787.00	3787.00	3787.00	3787.00	3787.00	3788.00	3788.00	3788.00	3788.00	3788.00	3788.00	3789.00	3789.00
3761.00	3761.00	3761.00	3761.00	3761.00	3761.00	3761.00	3761.00	3761.00	3761.00	3762.00	3762.00	3762.00	3762.00	3762.00	3762.00	3762.00	3762.00	3762.00	3762.00	3762.00	3762.00	3763.00	3763.00	3763.00	3763.00	3763.00	3763.00	3763.00	3764.00	3764.00	3764.00	3764.00	3764.00	3765.00	3765.00	3765.00	3765.00	3766.00	3766.00	3766.00	3766.00	3767.00	3767.00	3767.00	3767.00	3768.00	3768.00	3768.00	3769.00	3769.00	3769.00	3769.00	3769.00	3770.00	3770.00	3770.00	3771.00	3771.00	3771.00	3772.00	3772.00	3772.00	3772.00	3773.00	3773.00	3773.00	3773.00	3774.00	3774.00	3774.00	3774.00	3775.00	3775.00	3775.00	3776.00	3776.00	3776.00	3776.00	3776.00	3776.00	3777.00	3777.00	3777.00	3777.00	3777.00	3777.00	3777.00	3777.00	3778.00	3778.00	3778.00	3778.00	3778.00	3778.00	3778.00	3778.00	3778.00	3779.00	3779.00	3779.00	3779.00	3779.00	3779.00	3779.00	3779.00	3779.00	3779.00	3779.00	3779.00	3780.00	3780.00	3780.00	3780.00	3780.00	3780.00	3780.00	3780.00	3781.00	3781.00	3781.00	3781.00	3781.00	3781.00	3781.00	3782.00	3782.00	3782.00	3782.00	3782.00	3782.00	3782.00	3782.00	3782.00	3782.00	3782.00	3782.00	3782.00	3782.00	3783.00	3783.00	3783.00	3783.00	3783.00	3783.00	3784.00	3784.00	3784.00	3784.00	3784.00	3784.00	3784.00	3784.00	3784.00	3785.00	3785.00	3785.00	3785.00	3785.00	3785.00	3785.00	3785.00	3785.00	3785.00	3786.00	3786.00	3786.00	3786.00	3786.00	3786.00	3786.00	3786.00	3786.00	3786.00	3787.00	3787.00	3787.00	3787.00	3787.00	3787.00	3787.00	3787.00	3787.00	3787.00	3787.00	3787.00	3787.00	3787.00	3787.00	3786.00	3786.00	3786.00	3786.00	3786.00	3786.00	3786.00	3786.00	3786.00	3786.00	3786.00	3786.00	3786.00	3786.00	3786.00	3785.00	3785.00	3785.00	3785.00	3785.00	3785.00	3785.00	3785.00	3785.00	3785.00	3785.00	3785.00	3785.00	3785.00	3785.00	3785.00	3785.00	3785.00	3786.00	3786.00	3786.00	3786.00	3786.00	3786.00	3786.00	3786.00	3786.00	3786.00	3786.00	3786.00	3786.00	3786.00	3786.00	3786.00	3786.00	3786.00	3786.00	3786.00	3787.00	3787.00	3787.00	3787.00	3787.00	3787.00	3788.00	3788.00	3788.00	3788.00	3788.00	3788.00	3789.00	3789.00
3761.00	3761.00	3761.00	3761.00	3761.00	3761.00	3761.00	3761.00	3761.00	3761.00	3762.00	3762.00	3762.00	3762.00	3762.00	3762.00	3762.00	3762.00	3762.00	3762.00	3762.00	3762.00	3763.00	3763.00	3763.00	3763.00	3763.00	3763.00	3763.00	3764.00	3764.00	3764.00	3764.00	3764.00	3765.00	3765.00	3765.00	3765.00	3766.00	3766.00	3766.00	3766.00	3767.00	3767.00	3767.00	3767.00	3768.00	3768.00	3768.00	3769.00	3769.00	3769.00	3769.00	3769.00	3770.00	3770.00	3770.00	3771.00	3771.00	3771.00	3772.00	3772.00	3772.00	3772.00	3773.00	3773.00	3773.00	3773.00	3774.00	3774.00	3774.00	3774.00	3775.00	3775.00	3775.00	3776.00	3776.00	3776.00	3776.00	3776.00	3776.00	3777.00	3777.00	3777.00	3777.00	3777.00	3777.00	3777.00	3777.00	3778.00	3778.00	3778.00	3778.00	3778.00	3778.00	3778.00	3778.00	3778.00	3779.00	3779.00	3779.00	3779.00	3779.00	3779.00	3779.00	3779.00	3779.00	3779.00	3779.00	3779.00	3780.00	3780.00	3780.00	3780.00	3780.00	3780.00	3780.00	3780.00	3781.00	3781.00	3781.00	3781.00	3781.00	3781.00	3781.00	3782.00	3782.00	3782.00	3782.00	3782.00	3782.00	3782.00	3782.00	3782.00	3782.00	3782.00	3782.00	3782.00	3782.00	3783.00	3783.00	3783.00	3783.00	3783.00	3783.00	3784.00	3784.00	3784.00	3784.00	3784.00	3784.00	3784.00	3784.00	3784.00	3785.00	3785.00	3785.00	3785.00	3785.00	3785.00	3785.00	3785.00	3785.00	3785.00	3786.00	3786.00	3786.00	3786.00	3786.00	3786.00	3786.00	3786.00	3786.00	3786.00	3787.00	3787.00	3787.00	3787.00	3787.00	3787.00	3787.00	3787.00	3787.00	3787.00	3787.00	3787.00	3787.00	3787.00	3787.00	3786.00	3786.00	3786.00	3786.00	3786.00	3786.00	3786.00	3786.00	3786.00	3786.00	3786.00	3786.00	3786.00	3786.00	3786.00	3785.00	3785.00	3785.00	3785.00	3785.00	3785.00	3785.00	3785.00	3785.00	3785.00	3785.00	3785.00	3785.00	3785.00	3785.00	3785.00	3785.00	3785.00	3786.00	3786.00	3786.00	3786.00	3786.00	3786.00	3786.00	3786.00	3786.00	3786.00	3786.00	3786.00	3786.00	3786.00	3786.00	3786.00	3786.00	3786.00	3786.00	3786.00	3787.00	3787.00	3787.00	3787.00	3787.00	3787.00	3788.00	3788.00	3788.00	3788.00	3788.00	3788.00	3789.00	3789.00
3761.00	3761.00	3761.00	3761.00	3761.00	3761.00	3761.00	3761.00	3761.00	3761.00	3762.00	3762.00	3762.00	3762.00	3762.00	3762.00	3762.00	3762.00	3762.00	3762.00	3762.00	3762.00	3763.00	3763.00	3763.00	3763.00	3763.00	3763.00	3763.00	3764.00	3764.00	3764.00	3764.00	3764.00	3765.00	3765.00	3765.00	3765.00	3766.00	3766.00	3766.00	3766.00	3767.00	3767.00	3767.00	3767.00	3768.00	3768.00	3768.00	3769.00	3769.00	3769.00	3769.00	3769.00	3770.00	3770.00	3770.00	3771.00	3771.00	3771.00	3772.00	3772.00	3772.00	3772.00	3773.00	3773.00	3773.00	3773.00	3774.00	3774.00	3774.00	3774.00	3775.00	3775.00	3775.00	3776.00	3776.00	3776.00	3776.00	3776.00	3776.00	3777.00	3777.00	3777.00	3777.00	3777.00	3777.00	3777.00	3777.00	3778.00	3778.00	3778.00	3778.00	3778.00	3778.00	3778.00	3778.00	3778.00	3779.00	3779.00	3779.00	3779.00	3779.00	3779.00	3779.00	3779.00	3779.00	3779.00	3779.00	3779.00	3780.00	3780.00	3780.00	3780.00	3780.00	3780.00	3780.00	3780.00	3781.00	3781.00	3781.00	3781.00	3781.00	3781.00	3781.00	3782.00	3782.00	3782.00	3782.00	3782.00	3782.00	3782.00	3782.00	3782.00	3782.00	3782.00	3782.00	3782.00	3782.00	3783.00	3783.00	3783.00	3783.00	3783.00	3783.00	3784.00	3784.00	3784.00	3784.00	3784.00	3784.00	3784.00	3784.00	3784.00	3785.00	3785.00	3785.00	3785.00	3785.00	3785.00	3785.00	3785.00	3785.00	3785.00	3786.00	3786.00	3786.00	3786.00	3786.00	3786.00	3786.00	3786.00	3786.00	3786.00	3787.00	3787.00	3787.00	3787.00	3787.00	3787.00	3787.00	3787.00	3787.00	3787.00	3787.00	3787.00	3787.00	3787.00	3787.00	3786.00	3786.00	3786.00	3786.00	3786.00	3786.00	3786.00	3786.00	3786.00	3786.00	3786.00	3786.00	3786.00	3786.00	3786.00	3785.00	3785.00	3785.00	3785.00	3785.00	3785.00	3785.00	3785.00	3785.00	3785.00	3785.00	3785.00	3785.00	3785.00	3785.00	3785.00	3785.00	3785.00	3786.00	3786.00	3786.00	3786.00	3786.00	3786.00	3786.00	3786.00	3786.00	3786.00	3786.00	3786.00	3786.00	3786.00	3786.00	3786.00	3786.00	3786.00	3786.00	3786.00	3787.00	3787.00	3787.00	3787.00	3787.00	3787.00	3788.00	3788.00	3788.00	3788.00	3788.00	3788.00	3789.00	3789.00
3761.00	3761.00	3761.00	3761.00	3761.00	3761.00	3761.00	3761.00	3761.00	3761.00	3762.00	3762.00	3762.00	3762.00	3762.00	3762.00	3762.00	3762.00	3762.00	3762.00	3762.00	3762.00	3763.00	3763.00	3763.00	3763.00	3763.00	3763.00	3763.00	3764.00	3764.00	3764.00	3764.00	3764.00	3765.00	3765.00	3765.00	3765.00	3766.00	3766.00	3766.00	3766.00	3767.00	3767.00	3767.00	3767.00	3768.00	3768.00	3768.00	3769.00	3769.00	3769.00	3769.00	3769.00	3770.00	3770.00	3770.00	3771.00	3771.00	3771.00	3772.00	3772.00	3772.00	3772.00	3773.00	3773.00	3773.00	3773.00	3774.00	3774.00	3774.00	3774.00	3775.00	3775.00	3775.00	3776.00	3776.00	3776.00	3776.00	3776.00	3776.00	3777.00	3777.00	3777.00	3777.00	3777.00	3777.00	3777.00	3777.00	3778.00	3778.00	3778.00	3778.00	3778.00	3778.00	3778.00	3778.00	3778.00	3779.00	3779.00	3779.00	3779.00	3779.00	3779.00	3779.00	3779.00	3779.00	3779.00	3779.00	3779.00	3780.00	3780.00	3780.00	3780.00	3780.00	3780.00	3780.00	3780.00	3781.00	3781.00	3781.00	3781.00	3781.00	3781.00	3781.00	3782.00	3782.00	3782.00	3782.00	3782.00	3782.00	3782.00	3782.00	3782.00	3782.00	3782.00	3782.00	3782.00	3782.00	3783.00	3783.00	3783.00	3783.00	3783.00	3783.00	3784.00	3784.00	3784.00	3784.00	3784.00	3784.00	3784.00	3784.00	3784.00	3785.00	3785.00	3785.00	3785.00	3785.00	3785.00	3785.00	3785.00	3785.00	3785.00	3786.00	3786.00	3786.00	3786.00	3786.00	3786.00	3786.00	3786.00	3786.00	3786.00	3787.00	3787.00	3787.00	3787.00	3787.00	3787.00	3787.00	3787.00	3787.00	3787.00	3787.00	3787.00	3787.00	3787.00	3787.00	3786.00	3786.00	3786.00	3786.00	3786.00	3786.00	3786.00	3786.00	3786.00	3786.00	3786.00	3786.00	3786.00	3786.00	3786.00	3785.00	3785.00	3785.00	3785.00	3785.00	3785.00	3785.00	3785.00	3785.00	3785.00	3785.00	3785.00	3785.00	3785.00	3785.00	3785.00	3785.00	3785.00	3786.00	3786.00	3786.00	3786.00	3786.00	3786.00	3786.00	3786.00	3786.00	3786.00	3786.00	3786.00	3786.00	3786.00	3786.00	3786.00	3786.00	3786.00	3786.00	3786.00	3787.00	3787.00	3787.00	3787.00	3787.00	3787.00	3788.00	3788.00	3788.00	3788.00	3788.00	3788.00	3789.00	3789.00
3761.00	3761.00	3761.00	3761.00	3761.00	3761.00	3761.00	3761.00	3761.00	3761.00	3761.00	3761.00	3761.00	3761.00	3761.00	3762.00	3762.00	3762.00	3762.00	3762.00	3762.00	3762.00	3762.00	3762.00	3762.00	3763.00	3763.00	3763.00	3763.00	3764.00	3764.00	3764.00	3764.00	3764.00	3765.00	3765.00	3765.00	3765.00	3765.00	3765.00	3766.00	3766.00	3766.00	3767.00	3767.00	3767.00	3768.00	3768.00	3768.00	3768.00	3768.00	3769.00	3769.00	3769.00	3770.00	3770.00	3770.00	3770.00	3770.00	3771.00	3771.00	3772.00	3772.00	3772.00	3772.00	3772.00	3773.00	3773.00	3773.00	3774.00	3774.00	3774.00	3774.00	3774.00	3774.00	3775.00	3775.00	3775.00	3775.00	3775.00	3775.00	3775.00	3776.00	3776.00	3776.00	3776.00	3776.00	3776.00	3776.00	3776.00	3776.00	3776.00	3776.00	3777.00	3777.00	3777.00	3777.00	3777.00	3777.00	3777.00	3777.00	3777.00	3777.00	3777.00	3777.00	3778.00	3778.00	3778.00	3778.00	3778.00	3778.00	3778.00	3778.00	3778.00	3778.00	3778.00	3778.00	3778.00	3779.00	3779.00	3779.00	3779.00	3779.00	3779.00	3779.00	3779.00	3779.00	3780.00	3780.00	3780.00	3780.00	3780.00	3780.00	3780.00	3780.00	3780.00	3781.00	3781.00	3781.00	3781.00	3781.00	3781.00	3781.00	3781.00	3781.00	3782.00	3782.00	3782.00	3782.00	3782.00	3782.00	3783.00	3783.00	3783.00	3783.00	3783.00	3783.00	3784.00	3784.00	3784.00	3784.00	3784.00	3784.00	3785.00	3785.00	3785.00	3785.00	3785.00	3785.00	3785.00	3785.00	3785.00	3785.00	3785.00	3785.00	3786.00	3786.00	3786.00	3786.00	3786.00	3786.00	3786.00	3786.00	3786.00	3786.00	3786.00	3786.00	3786.00	3786.00	3786.00	3786.00	3786.00	3786.00	3786.00	3786.00	3786.00	3786.00	3786.00	3785.00	3785.00	3785.00	3785.00	3785.00	3785.00	3785.00	3785.00	3785.00	3785.00	3785.00	3785.00	3785.00	3785.00	3785.00	3785.00	3785.00	3785.00	3785.00	3785.00	3785.00	3785.00	3785.00	3785.00	3785.00	3785.00	3785.00	3785.00	3785.00	3785.00	3785.00	3785.00	3785.00	3785.00	3785.00	3785.00	3785.00	3785.00	3786.00	3786.00	3786.00	3786.00	3786.00	3786.00	3786.00	3786.00	3786.00	3786.00	3786.00	3787.00	3787.00	3787.00	3787.00	3787.00	3787.00	3787.00	3788.00	3788.00
3761.00	3761.00	3761.00	3761.00	3761.00	3761.00	3761.00	3761.00	3761.00	3761.00	3761.00	3761.00	3761.00	3761.00	3761.00	3762.00	3762.00	3762.00	3762.00	3762.00	3762.00	3762.00	3762.00	3762.00	3762.00	3763.00	3763.00	3763.00	3763.00	3764.00	3764.00	3764.00	3764.00	3764.00	3765.00	3765.00	3765.00	3765.00	3765.00	3765.00	3766.00	3766.00	3766.00	3767.00	3767.00	3767.00	3768.00	3768.00	3768.00	3768.00	3768.00	3769.00	3769.00	3769.00	3770.00	3770.00	3770.00	3770.00	3770.00	3771.00	3771.00	3772.00	3772.00	3772.00	3772.00	3772.00	3773.00	3773.00	3773.00	3774.00	3774.00	3774.00	3774.00	3774.00	3774.00	3775.00	3775.00	3775.00	3775.00	3775.00	3775.00	3775.00	3776.00	3776.00	3776.00	3776.00	3776.00	3776.00	3776.00	3776.00	3776.00	3776.00	3776.00	3777.00	3777.00	3777.00	3777.00	3777.00	3777.00	3777.00	3777.00	3777.00	3777.00	3777.00	3777.00	3778.00	3778.00	3778.00	3778.00	3778.00	3778.00	3778.00	3778.00	3778.00	3778.00	3778.00	3778.00	3778.00	3779.00	3779.00	3779.00	3779.00	3779.00	3779.00	3779.00	3779.00	3779.00	3780.00	3780.00	3780.00	3780.00	3780.00	3780.00	3780.00	3780.00	3780.00	3781.00	3781.00	3781.00	3781.00	3781.00	3781.00	3781.00	3781.00	3781.00	3782.00	3782.00	3782.00	3782.00	3782.00	3782.00	3783.00	3783.00	3783.00	3783.00	3783.00	3783.00	3784.00	3784.00	3784.00	3784.00	3784.00	3784.00	3785.00	3785.00	3785.00	3785.00	3785.00	3785.00	3785.00	3785.00	3785.00	3785.00	3785.00	3785.00	3786.00	3786.00	3786.00	3786.00	3786.00	3786.00	3786.00	3786.00	3786.00	3786.00	3786.00	3786.00	3786.00	3786.00	3786.00	3786.00	3786.00	3786.00	3786.00	3786.00	3786.00	3786.00	3786.00	3785.00	3785.00	3785.00	3785.00	3785.00	3785.00	3785.00	3785.00	3785.00	3785.00	3785.00	3785.00	3785.00	3785.00	3785.00	3785.00	3785.00	3785.00	3785.00	3785.00	3785.00	3785.00	3785.00	3785.00	3785.00	3785.00	3785.00	3785.00	3785.00	3785.00	3785.00	3785.00	3785.00	3785.00	3785.00	3785.00	3785.00	3785.00	3786.00	3786.00	3786.00	3786.00	3786.00	3786.00	3786.00	3786.00	3786.00	3786.00	3786.00	3787.00	3787.00	3787.00	3787.00	3787.00	3787.00	3787.00	3788.00	3788.00
3761.00	3761.00	3761.00	3761.00	3761.00	3761.00	3761.00	3761.00	3761.00	3761.00	3761.00	3761.00	3761.00	3761.00	3761.00	3762.00	3762.00	3762.00	3762.00	3762.00	3762.00	3762.00	3762.00	3762.00	3762.00	3763.00	3763.00	3763.00	3763.00	3764.00	3764.00	3764.00	3764.00	3764.00	3765.00	3765.00	3765.00	3765.00	3765.00	3765.00	3766.00	3766.00	3766.00	3767.00	3767.00	3767.00	3768.00	3768.00	3768.00	3768.00	3768.00	3769.00	3769.00	3769.00	3770.00	3770.00	3770.00	3770.00	3770.00	3771.00	3771.00	3772.00	3772.00	3772.00	3772.00	3772.00	3773.00	3773.00	3773.00	3774.00	3774.00	3774.00	3774.00	3774.00	3774.00	3775.00	3775.00	3775.00	3775.00	3775.00	3775.00	3775.00	3776.00	3776.00	3776.00	3776.00	3776.00	3776.00	3776.00	3776.00	3776.00	3776.00	3776.00	3777.00	3777.00	3777.00	3777.00	3777.00	3777.00	3777.00	3777.00	3777.00	3777.00	3777.00	3777.00	3778.00	3778.00	3778.00	3778.00	3778.00	3778.00	3778.00	3778.00	3778.00	3778.00	3778.00	3778.00	3778.00	3779.00	3779.00	3779.00	3779.00	3779.00	3779.00	3779.00	3779.00	3779.00	3780.00	3780.00	3780.00	3780.00	3780.00	3780.00	3780.00	3780.00	3780.00	3781.00	3781.00	3781.00	3781.00	3781.00	3781.00	3781.00	3781.00	3781.00	3782.00	3782.00	3782.00	3782.00	3782.00	3782.00	3783.00	3783.00	3783.00	3783.00	3783.00	3783.00	3784.00	3784.00	3784.00	3784.00	3784.00	3784.00	3785.00	3785.00	3785.00	3785.00	3785.00	3785.00	3785.00	3785.00	3785.00	3785.00	3785.00	3785.00	3786.00	3786.00	3786.00	3786.00	3786.00	3786.00	3786.00	3786.00	3786.00	3786.00	3786.00	3786.00	3786.00	3786.00	3786.00	3786.00	3786.00	3786.00	3786.00	3786.00	3786.00	3786.00	3786.00	3785.00	3785.00	3785.00	3785.00	3785.00	3785.00	3785.00	3785.00	3785.00	3785.00	3785.00	3785.00	3785.00	3785.00	3785.00	3785.00	3785.00	3785.00	3785.00	3785.00	3785.00	3785.00	3785.00	3785.00	3785.00	3785.00	3785.00	3785.00	3785.00	3785.00	3785.00	3785.00	3785.00	3785.00	3785.00	3785.00	3785.00	3785.00	3786.00	3786.00	3786.00	3786.00	3786.00	3786.00	3786.00	3786.00	3786.00	3786.00	3786.00	3787.00	3787.00	3787.00	3787.00	3787.00	3787.00	3787.00	3788.00	3788.00
3761.00	3761.00	3761.00	3761.00	3761.00	3761.00	3761.00	3761.00	3761.00	3761.00	3761.00	3761.00	3761.00	3761.00	3761.00	3762.00	3762.00	3762.00	3762.00	3762.00	3762.00	3762.00	3762.00	3762.00	3762.00	3763.00	3763.00	3763.00	3763.00	3764.00	3764.00	3764.00	3764.00	3764.00	3765.00	3765.00	3765.00	3765.00	3765.00	3765.00	3766.00	3766.00	3766.00	3767.00	3767.00	3767.00	3768.00	3768.00	3768.00	3768.00	3768.00	3769.00	3769.00	3769.00	3770.00	3770.00	3770.00	3770.00	3770.00	3771.00	3771.00	3772.00	3772.00	3772.00	3772.00	3772.00	3773.00	3773.00	3773.00	3774.00	3774.00	3774.00	3774.00	3774.00	3774.00	3775.00	3775.00	3775.00	3775.00	3775.00	3775.00	3775.00	3776.00	3776.00	3776.00	3776.00	3776.00	3776.00	3776.00	3776.00	3776.00	3776.00	3776.00	3777.00	3777.00	3777.00	3777.00	3777.00	3777.00	3777.00	3777.00	3777.00	3777.00	3777.00	3777.00	3778.00	3778.00	3778.00	3778.00	3778.00	3778.00	3778.00	3778.00	3778.00	3778.00	3778.00	3778.00	3778.00	3779.00	3779.00	3779.00	3779.00	3779.00	3779.00	3779.00	3779.00	3779.00	3780.00	3780.00	3780.00	3780.00	3780.00	3780.00	3780.00	3780.00	3780.00	3781.00	3781.00	3781.00	3781.00	3781.00	3781.00	3781.00	3781.00	3781.00	3782.00	3782.00	3782.00	3782.00	3782.00	3782.00	3783.00	3783.00	3783.00	3783.00	3783.00	3783.00	3784.00	3784.00	3784.00	3784.00	3784.00	3784.00	3785.00	3785.00	3785.00	3785.00	3785.00	3785.00	3785.00	3785.00	3785.00	3785.00	3785.00	3785.00	3786.00	3786.00	3786.00	3786.00	3786.00	3786.00	3786.00	3786.00	3786.00	3786.00	3786.00	3786.00	3786.00	3786.00	3786.00	3786.00	3786.00	3786.00	3786.00	3786.00	3786.00	3786.00	3786.00	3785.00	3785.00	3785.00	3785.00	3785.00	3785.00	3785.00	3785.00	3785.00	3785.00	3785.00	3785.00	3785.00	3785.00	3785.00	3785.00	3785.00	3785.00	3785.00	3785.00	3785.00	3785.00	3785.00	3785.00	3785.00	3785.00	3785.00	3785.00	3785.00	3785.00	3785.00	3785.00	3785.00	3785.00	3785.00	3785.00	3785.00	3785.00	3786.00	3786.00	3786.00	3786.00	3786.00	3786.00	3786.00	3786.00	3786.00	3786.00	3786.00	3787.00	3787.00	3787.00	3787.00	3787.00	3787.00	3787.00	3788.00	3788.00
3761.00	3761.00	3761.00	3761.00	3761.00	3761.00	3761.00	3761.00	3761.00	3761.00	3761.00	3761.00	3761.00	3761.00	3761.00	3762.00	3762.00	3762.00	3762.00	3762.00	3762.00	3762.00	3762.00	3762.00	3762.00	3763.00	3763.00	3763.00	3763.00	3764.00	3764.00	3764.00	3764.00	3764.00	3765.00	3765.00	3765.00	3765.00	3765.00	3765.00	3766.00	3766.00	3766.00	3767.00	3767.00	3767.00	3768.00	3768.00	3768.00	3768.00	3768.00	3769.00	3769.00	3769.00	3770.00	3770.00	3770.00	3770.00	3770.00	3771.00	3771.00	3772.00	3772.00	3772.00	3772.00	3772.00	3773.00	3773.00	3773.00	3774.00	3774.00	3774.00	3774.00	3774.00	3774.00	3775.00	3775.00	3775.00	3775.00	3775.00	3775.00	3775.00	3776.00	3776.00	3776.00	3776.00	3776.00	3776.00	3776.00	3776.00	3776.00	3776.00	3776.00	3777.00	3777.00	3777.00	3777.00	3777.00	3777.00	3777.00	3777.00	3777.00	3777.00	3777.00	3777.00	3778.00	3778.00	3778.00	3778.00	3778.00	3778.00	3778.00	3778.00	3778.00	3778.00	3778.00	3778.00	3778.00	3779.00	3779.00	3779.00	3779.00	3779.00	3779.00	3779.00	3779.00	3779.00	3780.00	3780.00	3780.00	3780.00	3780.00	3780.00	3780.00	3780.00	3780.00	3781.00	3781.00	3781.00	3781.00	3781.00	3781.00	3781.00	3781.00	3781.00	3782.00	3782.00	3782.00	3782.00	3782.00	3782.00	3783.00	3783.00	3783.00	3783.00	3783.00	3783.00	3784.00	3784.00	3784.00	3784.00	3784.00	3784.00	3785.00	3785.00	3785.00	3785.00	3785.00	3785.00	3785.00	3785.00	3785.00	3785.00	3785.00	3785.00	3786.00	3786.00	3786.00	3786.00	3786.00	3786.00	3786.00	3786.00	3786.00	3786.00	3786.00	3786.00	3786.00	3786.00	3786.00	3786.00	3786.00	3786.00	3786.00	3786.00	3786.00	3786.00	3786.00	3785.00	3785.00	3785.00	3785.00	3785.00	3785.00	3785.00	3785.00	3785.00	3785.00	3785.00	3785.00	3785.00	3785.00	3785.00	3785.00	3785.00	3785.00	3785.00	3785.00	3785.00	3785.00	3785.00	3785.00	3785.00	3785.00	3785.00	3785.00	3785.00	3785.00	3785.00	3785.00	3785.00	3785.00	3785.00	3785.00	3785.00	3785.00	3786.00	3786.00	3786.00	3786.00	3786.00	3786.00	3786.00	3786.00	3786.00	3786.00	3786.00	3787.00	3787.00	3787.00	3787.00	3787.00	3787.00	3787.00	3788.00	3788.00
3761.00	3761.00	3761.00	3761.00	3761.00	3761.00	3761.00	3761.00	3761.00	3761.00	3761.00	3761.00	3761.00	3761.00	3761.00	3762.00	3762.00	3762.00	3762.00	3762.00	3762.00	3762.00	3762.00	3762.00	3762.00	3763.00	3763.00	3763.00	3763.00	3764.00	3764.00	3764.00	3764.00	3764.00	3765.00	3765.00	3765.00	3765.00	3765.00	3765.00	3766.00	3766.00	3766.00	3767.00	3767.00	3767.00	3768.00	3768.00	3768.00	3768.00	3768.00	3769.00	3769.00	3769.00	3770.00	3770.00	3770.00	3770.00	3770.00	3771.00	3771.00	3772.00	3772.00	3772.00	3772.00	3772.00	3773.00	3773.00	3773.00	3774.00	3774.00	3774.00	3774.00	3774.00	3774.00	3775.00	3775.00	3775.00	3775.00	3775.00	3775.00	3775.00	3776.00	3776.00	3776.00	3776.00	3776.00	3776.00	3776.00	3776.00	3776.00	3776.00	3776.00	3777.00	3777.00	3777.00	3777.00	3777.00	3777.00	3777.00	3777.00	3777.00	3777.00	3777.00	3777.00	3778.00	3778.00	3778.00	3778.00	3778.00	3778.00	3778.00	3778.00	3778.00	3778.00	3778.00	3778.00	3778.00	3779.00	3779.00	3779.00	3779.00	3779.00	3779.00	3779.00	3779.00	3779.00	3780.00	3780.00	3780.00	3780.00	3780.00	3780.00	3780.00	3780.00	3780.00	3781.00	3781.00	3781.00	3781.00	3781.00	3781.00	3781.00	3781.00	3781.00	3782.00	3782.00	3782.00	3782.00	3782.00	3782.00	3783.00	3783.00	3783.00	3783.00	3783.00	3783.00	3784.00	3784.00	3784.00	3784.00	3784.00	3784.00	3785.00	3785.00	3785.00	3785.00	3785.00	3785.00	3785.00	3785.00	3785.00	3785.00	3785.00	3785.00	3786.00	3786.00	3786.00	3786.00	3786.00	3786.00	3786.00	3786.00	3786.00	3786.00	3786.00	3786.00	3786.00	3786.00	3786.00	3786.00	3786.00	3786.00	3786.00	3786.00	3786.00	3786.00	3786.00	3785.00	3785.00	3785.00	3785.00	3785.00	3785.00	3785.00	3785.00	3785.00	3785.00	3785.00	3785.00	3785.00	3785.00	3785.00	3785.00	3785.00	3785.00	3785.00	3785.00	3785.00	3785.00	3785.00	3785.00	3785.00	3785.00	3785.00	3785.00	3785.00	3785.00	3785.00	3785.00	3785.00	3785.00	3785.00	3785.00	3785.00	3785.00	3786.00	3786.00	3786.00	3786.00	3786.00	3786.00	3786.00	3786.00	3786.00	3786.00	3786.00	3787.00	3787.00	3787.00	3787.00	3787.00	3787.00	3787.00	3788.00	3788.00
3761.00	3761.00	3761.00	3761.00	3761.00	3761.00	3761.00	3761.00	3761.00	3761.00	3761.00	3761.00	3761.00	3761.00	3761.00	3762.00	3762.00	3762.00	3762.00	3762.00	3762.00	3762.00	3762.00	3762.00	3762.00	3763.00	3763.00	3763.00	3763.00	3764.00	3764.00	3764.00	3764.00	3764.00	3765.00	3765.00	3765.00	3765.00	3765.00	3765.00	3766.00	3766.00	3766.00	3767.00	3767.00	3767.00	3768.00	3768.00	3768.00	3768.00	3768.00	3769.00	3769.00	3769.00	3770.00	3770.00	3770.00	3770.00	3770.00	3771.00	3771.00	3772.00	3772.00	3772.00	3772.00	3772.00	3773.00	3773.00	3773.00	3774.00	3774.00	3774.00	3774.00	3774.00	3774.00	3775.00	3775.00	3775.00	3775.00	3775.00	3775.00	3775.00	3776.00	3776.00	3776.00	3776.00	3776.00	3776.00	3776.00	3776.00	3776.00	3776.00	3776.00	3777.00	3777.00	3777.00	3777.00	3777.00	3777.00	3777.00	3777.00	3777.00	3777.00	3777.00	3777.00	3778.00	3778.00	3778.00	3778.00	3778.00	3778.00	3778.00	3778.00	3778.00	3778.00	3778.00	3778.00	3778.00	3779.00	3779.00	3779.00	3779.00	3779.00	3779.00	3779.00	3779.00	3779.00	3780.00	3780.00	3780.00	3780.00	3780.00	3780.00	3780.00	3780.00	3780.00	3781.00	3781.00	3781.00	3781.00	3781.00	3781.00	3781.00	3781.00	3781.00	3782.00	3782.00	3782.00	3782.00	3782.00	3782.00	3783.00	3783.00	3783.00	3783.00	3783.00	3783.00	3784.00	3784.00	3784.00	3784.00	3784.00	3784.00	3785.00	3785.00	3785.00	3785.00	3785.00	3785.00	3785.00	3785.00	3785.00	3785.00	3785.00	3785.00	3786.00	3786.00	3786.00	3786.00	3786.00	3786.00	3786.00	3786.00	3786.00	3786.00	3786.00	3786.00	3786.00	3786.00	3786.00	3786.00	3786.00	3786.00	3786.00	3786.00	3786.00	3786.00	3786.00	3785.00	3785.00	3785.00	3785.00	3785.00	3785.00	3785.00	3785.00	3785.00	3785.00	3785.00	3785.00	3785.00	3785.00	3785.00	3785.00	3785.00	3785.00	3785.00	3785.00	3785.00	3785.00	3785.00	3785.00	3785.00	3785.00	3785.00	3785.00	3785.00	3785.00	3785.00	3785.00	3785.00	3785.00	3785.00	3785.00	3785.00	3785.00	3786.00	3786.00	3786.00	3786.00	3786.00	3786.00	3786.00	3786.00	3786.00	3786.00	3786.00	3787.00	3787.00	3787.00	3787.00	3787.00	3787.00	3787.00	3788.00	3788.00
3761.00	3761.00	3761.00	3761.00	3761.00	3761.00	3761.00	3761.00	3761.00	3761.00	3761.00	3761.00	3761.00	3761.00	3761.00	3762.00	3762.00	3762.00	3762.00	3762.00	3762.00	3762.00	3762.00	3762.00	3762.00	3763.00	3763.00	3763.00	3763.00	3764.00	3764.00	3764.00	3764.00	3764.00	3765.00	3765.00	3765.00	3765.00	3765.00	3765.00	3766.00	3766.00	3766.00	3767.00	3767.00	3767.00	3768.00	3768.00	3768.00	3768.00	3768.00	3769.00	3769.00	3769.00	3770.00	3770.00	3770.00	3770.00	3770.00	3771.00	3771.00	3772.00	3772.00	3772.00	3772.00	3772.00	3773.00	3773.00	3773.00	3774.00	3774.00	3774.00	3774.00	3774.00	3774.00	3775.00	3775.00	3775.00	3775.00	3775.00	3775.00	3775.00	3776.00	3776.00	3776.00	3776.00	3776.00	3776.00	3776.00	3776.00	3776.00	3776.00	3776.00	3777.00	3777.00	3777.00	3777.00	3777.00	3777.00	3777.00	3777.00	3777.00	3777.00	3777.00	3777.00	3778.00	3778.00	3778.00	3778.00	3778.00	3778.00	3778.00	3778.00	3778.00	3778.00	3778.00	3778.00	3778.00	3779.00	3779.00	3779.00	3779.00	3779.00	3779.00	3779.00	3779.00	3779.00	3780.00	3780.00	3780.00	3780.00	3780.00	3780.00	3780.00	3780.00	3780.00	3781.00	3781.00	3781.00	3781.00	3781.00	3781.00	3781.00	3781.00	3781.00	3782.00	3782.00	3782.00	3782.00	3782.00	3782.00	3783.00	3783.00	3783.00	3783.00	3783.00	3783.00	3784.00	3784.00	3784.00	3784.00	3784.00	3784.00	3785.00	3785.00	3785.00	3785.00	3785.00	3785.00	3785.00	3785.00	3785.00	3785.00	3785.00	3785.00	3786.00	3786.00	3786.00	3786.00	3786.00	3786.00	3786.00	3786.00	3786.00	3786.00	3786.00	3786.00	3786.00	3786.00	3786.00	3786.00	3786.00	3786.00	3786.00	3786.00	3786.00	3786.00	3786.00	3785.00	3785.00	3785.00	3785.00	3785.00	3785.00	3785.00	3785.00	3785.00	3785.00	3785.00	3785.00	3785.00	3785.00	3785.00	3785.00	3785.00	3785.00	3785.00	3785.00	3785.00	3785.00	3785.00	3785.00	3785.00	3785.00	3785.00	3785.00	3785.00	3785.00	3785.00	3785.00	3785.00	3785.00	3785.00	3785.00	3785.00	3785.00	3786.00	3786.00	3786.00	3786.00	3786.00	3786.00	3786.00	3786.00	3786.00	3786.00	3786.00	3787.00	3787.00	3787.00	3787.00	3787.00	3787.00	3787.00	3788.00	3788.00
3761.00	3761.00	3761.00	3761.00	3761.00	3761.00	3761.00	3761.00	3761.00	3761.00	3761.00	3761.00	3761.00	3761.00	3761.00	3762.00	3762.00	3762.00	3762.00	3762.00	3762.00	3762.00	3762.00	3762.00	3762.00	3763.00	3763.00	3763.00	3763.00	3764.00	3764.00	3764.00	3764.00	3764.00	3765.00	3765.00	3765.00	3765.00	3765.00	3765.00	3766.00	3766.00	3766.00	3767.00	3767.00	3767.00	3768.00	3768.00	3768.00	3768.00	3768.00	3769.00	3769.00	3769.00	3770.00	3770.00	3770.00	3770.00	3770.00	3771.00	3771.00	3772.00	3772.00	3772.00	3772.00	3772.00	3773.00	3773.00	3773.00	3774.00	3774.00	3774.00	3774.00	3774.00	3774.00	3775.00	3775.00	3775.00	3775.00	3775.00	3775.00	3775.00	3776.00	3776.00	3776.00	3776.00	3776.00	3776.00	3776.00	3776.00	3776.00	3776.00	3776.00	3777.00	3777.00	3777.00	3777.00	3777.00	3777.00	3777.00	3777.00	3777.00	3777.00	3777.00	3777.00	3778.00	3778.00	3778.00	3778.00	3778.00	3778.00	3778.00	3778.00	3778.00	3778.00	3778.00	3778.00	3778.00	3779.00	3779.00	3779.00	3779.00	3779.00	3779.00	3779.00	3779.00	3779.00	3780.00	3780.00	3780.00	3780.00	3780.00	3780.00	3780.00	3780.00	3780.00	3781.00	3781.00	3781.00	3781.00	3781.00	3781.00	3781.00	3781.00	3781.00	3782.00	3782.00	3782.00	3782.00	3782.00	3782.00	3783.00	3783.00	3783.00	3783.00	3783.00	3783.00	3784.00	3784.00	3784.00	3784.00	3784.00	3784.00	3785.00	3785.00	3785.00	3785.00	3785.00	3785.00	3785.00	3785.00	3785.00	3785.00	3785.00	3785.00	3786.00	3786.00	3786.00	3786.00	3786.00	3786.00	3786.00	3786.00	3786.00	3786.00	3786.00	3786.00	3786.00	3786.00	3786.00	3786.00	3786.00	3786.00	3786.00	3786.00	3786.00	3786.00	3786.00	3785.00	3785.00	3785.00	3785.00	3785.00	3785.00	3785.00	3785.00	3785.00	3785.00	3785.00	3785.00	3785.00	3785.00	3785.00	3785.00	3785.00	3785.00	3785.00	3785.00	3785.00	3785.00	3785.00	3785.00	3785.00	3785.00	3785.00	3785.00	3785.00	3785.00	3785.00	3785.00	3785.00	3785.00	3785.00	3785.00	3785.00	3785.00	3786.00	3786.00	3786.00	3786.00	3786.00	3786.00	3786.00	3786.00	3786.00	3786.00	3786.00	3787.00	3787.00	3787.00	3787.00	3787.00	3787.00	3787.00	3788.00	3788.00
3761.00	3761.00	3761.00	3761.00	3761.00	3761.00	3761.00	3761.00	3761.00	3761.00	3761.00	3761.00	3761.00	3761.00	3761.00	3762.00	3762.00	3762.00	3762.00	3762.00	3762.00	3762.00	3762.00	3762.00	3762.00	3763.00	3763.00	3763.00	3763.00	3764.00	3764.00	3764.00	3764.00	3764.00	3765.00	3765.00	3765.00	3765.00	3765.00	3765.00	3766.00	3766.00	3766.00	3767.00	3767.00	3767.00	3768.00	3768.00	3768.00	3768.00	3768.00	3769.00	3769.00	3769.00	3770.00	3770.00	3770.00	3770.00	3770.00	3771.00	3771.00	3772.00	3772.00	3772.00	3772.00	3772.00	3773.00	3773.00	3773.00	3774.00	3774.00	3774.00	3774.00	3774.00	3774.00	3775.00	3775.00	3775.00	3775.00	3775.00	3775.00	3775.00	3776.00	3776.00	3776.00	3776.00	3776.00	3776.00	3776.00	3776.00	3776.00	3776.00	3776.00	3777.00	3777.00	3777.00	3777.00	3777.00	3777.00	3777.00	3777.00	3777.00	3777.00	3777.00	3777.00	3778.00	3778.00	3778.00	3778.00	3778.00	3778.00	3778.00	3778.00	3778.00	3778.00	3778.00	3778.00	3778.00	3779.00	3779.00	3779.00	3779.00	3779.00	3779.00	3779.00	3779.00	3779.00	3780.00	3780.00	3780.00	3780.00	3780.00	3780.00	3780.00	3780.00	3780.00	3781.00	3781.00	3781.00	3781.00	3781.00	3781.00	3781.00	3781.00	3781.00	3782.00	3782.00	3782.00	3782.00	3782.00	3782.00	3783.00	3783.00	3783.00	3783.00	3783.00	3783.00	3784.00	3784.00	3784.00	3784.00	3784.00	3784.00	3785.00	3785.00	3785.00	3785.00	3785.00	3785.00	3785.00	3785.00	3785.00	3785.00	3785.00	3785.00	3786.00	3786.00	3786.00	3786.00	3786.00	3786.00	3786.00	3786.00	3786.00	3786.00	3786.00	3786.00	3786.00	3786.00	3786.00	3786.00	3786.00	3786.00	3786.00	3786.00	3786.00	3786.00	3786.00	3785.00	3785.00	3785.00	3785.00	3785.00	3785.00	3785.00	3785.00	3785.00	3785.00	3785.00	3785.00	3785.00	3785.00	3785.00	3785.00	3785.00	3785.00	3785.00	3785.00	3785.00	3785.00	3785.00	3785.00	3785.00	3785.00	3785.00	3785.00	3785.00	3785.00	3785.00	3785.00	3785.00	3785.00	3785.00	3785.00	3785.00	3785.00	3786.00	3786.00	3786.00	3786.00	3786.00	3786.00	3786.00	3786.00	3786.00	3786.00	3786.00	3787.00	3787.00	3787.00	3787.00	3787.00	3787.00	3787.00	3788.00	3788.00
3761.00	3761.00	3761.00	3761.00	3761.00	3761.00	3761.00	3761.00	3761.00	3761.00	3761.00	3761.00	3761.00	3761.00	3761.00	3762.00	3762.00	3762.00	3762.00	3762.00	3762.00	3762.00	3762.00	3762.00	3762.00	3763.00	3763.00	3763.00	3763.00	3764.00	3764.00	3764.00	3764.00	3764.00	3765.00	3765.00	3765.00	3765.00	3765.00	3765.00	3766.00	3766.00	3766.00	3767.00	3767.00	3767.00	3768.00	3768.00	3768.00	3768.00	3768.00	3769.00	3769.00	3769.00	3770.00	3770.00	3770.00	3770.00	3770.00	3771.00	3771.00	3772.00	3772.00	3772.00	3772.00	3772.00	3773.00	3773.00	3773.00	3774.00	3774.00	3774.00	3774.00	3774.00	3774.00	3775.00	3775.00	3775.00	3775.00	3775.00	3775.00	3775.00	3776.00	3776.00	3776.00	3776.00	3776.00	3776.00	3776.00	3776.00	3776.00	3776.00	3776.00	3777.00	3777.00	3777.00	3777.00	3777.00	3777.00	3777.00	3777.00	3777.00	3777.00	3777.00	3777.00	3778.00	3778.00	3778.00	3778.00	3778.00	3778.00	3778.00	3778.00	3778.00	3778.00	3778.00	3778.00	3778.00	3779.00	3779.00	3779.00	3779.00	3779.00	3779.00	3779.00	3779.00	3779.00	3780.00	3780.00	3780.00	3780.00	3780.00	3780.00	3780.00	3780.00	3780.00	3781.00	3781.00	3781.00	3781.00	3781.00	3781.00	3781.00	3781.00	3781.00	3782.00	3782.00	3782.00	3782.00	3782.00	3782.00	3783.00	3783.00	3783.00	3783.00	3783.00	3783.00	3784.00	3784.00	3784.00	3784.00	3784.00	3784.00	3785.00	3785.00	3785.00	3785.00	3785.00	3785.00	3785.00	3785.00	3785.00	3785.00	3785.00	3785.00	3786.00	3786.00	3786.00	3786.00	3786.00	3786.00	3786.00	3786.00	3786.00	3786.00	3786.00	3786.00	3786.00	3786.00	3786.00	3786.00	3786.00	3786.00	3786.00	3786.00	3786.00	3786.00	3786.00	3785.00	3785.00	3785.00	3785.00	3785.00	3785.00	3785.00	3785.00	3785.00	3785.00	3785.00	3785.00	3785.00	3785.00	3785.00	3785.00	3785.00	3785.00	3785.00	3785.00	3785.00	3785.00	3785.00	3785.00	3785.00	3785.00	3785.00	3785.00	3785.00	3785.00	3785.00	3785.00	3785.00	3785.00	3785.00	3785.00	3785.00	3785.00	3786.00	3786.00	3786.00	3786.00	3786.00	3786.00	3786.00	3786.00	3786.00	3786.00	3786.00	3787.00	3787.00	3787.00	3787.00	3787.00	3787.00	3787.00	3788.00	3788.00
3760.00	3760.00	3760.00	3760.00	3760.00	3760.00	3760.00	3760.00	3760.00	3760.00	3760.00	3760.00	3760.00	3760.00	3760.00	3760.00	3760.00	3760.00	3760.00	3761.00	3761.00	3761.00	3761.00	3761.00	3762.00	3762.00	3762.00	3762.00	3763.00	3763.00	3763.00	3763.00	3763.00	3764.00	3764.00	3764.00	3764.00	3765.00	3765.00	3765.00	3765.00	3765.00	3766.00	3766.00	3766.00	3767.00	3767.00	3767.00	3767.00	3768.00	3768.00	3768.00	3769.00	3769.00	3769.00	3769.00	3769.00	3770.00	3770.00	3770.00	3770.00	3771.00	3771.00	3771.00	3772.00	3772.00	3772.00	3772.00	3772.00	3772.00	3773.00	3773.00	3773.00	3773.00	3773.00	3773.00	3773.00	3774.00	3774.00	3774.00	3774.00	3774.00	3774.00	3774.00	3774.00	3774.00	3774.00	3775.00	3775.00	3775.00	3775.00	3775.00	3775.00	3775.00	3775.00	3775.00	3775.00	3775.00	3775.00	3775.00	3775.00	3775.00	3776.00	3776.00	3776.00	3776.00	3776.00	3776.00	3776.00	3776.00	3776.00	3776.00	3776.00	3776.00	3776.00	3776.00	3776.00	3776.00	3776.00	3777.00	3777.00	3777.00	3777.00	3777.00	3777.00	3777.00	3777.00	3777.00	3777.00	3777.00	3778.00	3778.00	3778.00	3778.00	3778.00	3778.00	3778.00	3778.00	3778.00	3779.00	3779.00	3779.00	3779.00	3779.00	3779.00	3780.00	3780.00	3780.00	3780.00	3780.00	3780.00	3781.00	3781.00	3781.00	3781.00	3781.00	3781.00	3782.00	3782.00	3782.00	3782.00	3782.00	3782.00	3782.00	3782.00	3782.00	3783.00	3783.00	3783.00	3783.00	3783.00	3783.00	3783.00	3783.00	3783.00	3784.00	3784.00	3784.00	3784.00	3784.00	3784.00	3784.00	3784.00	3784.00	3784.00	3784.00	3784.00	3785.00	3785.00	3785.00	3785.00	3785.00	3785.00	3785.00	3784.00	3784.00	3784.00	3784.00	3784.00	3784.00	3784.00	3784.00	3784.00	3784.00	3784.00	3784.00	3784.00	3784.00	3784.00	3784.00	3784.00	3784.00	3784.00	3784.00	3784.00	3784.00	3784.00	3784.00	3784.00	3784.00	3784.00	3784.00	3784.00	3784.00	3784.00	3784.00	3784.00	3784.00	3784.00	3784.00	3784.00	3784.00	3784.00	3784.00	3784.00	3784.00	3784.00	3784.00	3784.00	3785.00	3785.00	3785.00	3785.00	3785.00	3785.00	3785.00	3785.00	3785.00	3786.00	3786.00	3786.00	3786.00	3786.00	3786.00	3786.00	3786.00
3760.00	3760.00	3760.00	3760.00	3760.00	3760.00	3760.00	3760.00	3760.00	3760.00	3760.00	3760.00	3760.00	3760.00	3760.00	3760.00	3760.00	3760.00	3760.00	3761.00	3761.00	3761.00	3761.00	3761.00	3762.00	3762.00	3762.00	3762.00	3763.00	3763.00	3763.00	3763.00	3763.00	3764.00	3764.00	3764.00	3764.00	3765.00	3765.00	3765.00	3765.00	3765.00	3766.00	3766.00	3766.00	3767.00	3767.00	3767.00	3767.00	3768.00	3768.00	3768.00	3769.00	3769.00	3769.00	3769.00	3769.00	3770.00	3770.00	3770.00	3770.00	3771.00	3771.00	3771.00	3772.00	3772.00	3772.00	3772.00	3772.00	3772.00	3773.00	3773.00	3773.00	3773.00	3773.00	3773.00	3773.00	3774.00	3774.00	3774.00	3774.00	3774.00	3774.00	3774.00	3774.00	3774.00	3774.00	3775.00	3775.00	3775.00	3775.00	3775.00	3775.00	3775.00	3775.00	3775.00	3775.00	3775.00	3775.00	3775.00	3775.00	3775.00	3776.00	3776.00	3776.00	3776.00	3776.00	3776.00	3776.00	3776.00	3776.00	3776.00	3776.00	3776.00	3776.00	3776.00	3776.00	3776.00	3776.00	3777.00	3777.00	3777.00	3777.00	3777.00	3777.00	3777.00	3777.00	3777.00	3777.00	3777.00	3778.00	3778.00	3778.00	3778.00	3778.00	3778.00	3778.00	3778.00	3778.00	3779.00	3779.00	3779.00	3779.00	3779.00	3779.00	3780.00	3780.00	3780.00	3780.00	3780.00	3780.00	3781.00	3781.00	3781.00	3781.00	3781.00	3781.00	3782.00	3782.00	3782.00	3782.00	3782.00	3782.00	3782.00	3782.00	3782.00	3783.00	3783.00	3783.00	3783.00	3783.00	3783.00	3783.00	3783.00	3783.00	3784.00	3784.00	3784.00	3784.00	3784.00	3784.00	3784.00	3784.00	3784.00	3784.00	3784.00	3784.00	3785.00	3785.00	3785.00	3785.00	3785.00	3785.00	3785.00	3784.00	3784.00	3784.00	3784.00	3784.00	3784.00	3784.00	3784.00	3784.00	3784.00	3784.00	3784.00	3784.00	3784.00	3784.00	3784.00	3784.00	3784.00	3784.00	3784.00	3784.00	3784.00	3784.00	3784.00	3784.00	3784.00	3784.00	3784.00	3784.00	3784.00	3784.00	3784.00	3784.00	3784.00	3784.00	3784.00	3784.00	3784.00	3784.00	3784.00	3784.00	3784.00	3784.00	3784.00	3784.00	3785.00	3785.00	3785.00	3785.00	3785.00	3785.00	3785.00	3785.00	3785.00	3786.00	3786.00	3786.00	3786.00	3786.00	3786.00	3786.00	3786.00
3760.00	3760.00	3760.00	3760.00	3760.00	3760.00	3760.00	3760.00	3760.00	3760.00	3760.00	3760.00	3760.00	3760.00	3760.00	3760.00	3760.00	3760.00	3760.00	3761.00	3761.00	3761.00	3761.00	3761.00	3762.00	3762.00	3762.00	3762.00	3763.00	3763.00	3763.00	3763.00	3763.00	3764.00	3764.00	3764.00	3764.00	3765.00	3765.00	3765.00	3765.00	3765.00	3766.00	3766.00	3766.00	3767.00	3767.00	3767.00	3767.00	3768.00	3768.00	3768.00	3769.00	3769.00	3769.00	3769.00	3769.00	3770.00	3770.00	3770.00	3770.00	3771.00	3771.00	3771.00	3772.00	3772.00	3772.00	3772.00	3772.00	3772.00	3773.00	3773.00	3773.00	3773.00	3773.00	3773.00	3773.00	3774.00	3774.00	3774.00	3774.00	3774.00	3774.00	3774.00	3774.00	3774.00	3774.00	3775.00	3775.00	3775.00	3775.00	3775.00	3775.00	3775.00	3775.00	3775.00	3775.00	3775.00	3775.00	3775.00	3775.00	3775.00	3776.00	3776.00	3776.00	3776.00	3776.00	3776.00	3776.00	3776.00	3776.00	3776.00	3776.00	3776.00	3776.00	3776.00	3776.00	3776.00	3776.00	3777.00	3777.00	3777.00	3777.00	3777.00	3777.00	3777.00	3777.00	3777.00	3777.00	3777.00	3778.00	3778.00	3778.00	3778.00	3778.00	3778.00	3778.00	3778.00	3778.00	3779.00	3779.00	3779.00	3779.00	3779.00	3779.00	3780.00	3780.00	3780.00	3780.00	3780.00	3780.00	3781.00	3781.00	3781.00	3781.00	3781.00	3781.00	3782.00	3782.00	3782.00	3782.00	3782.00	3782.00	3782.00	3782.00	3782.00	3783.00	3783.00	3783.00	3783.00	3783.00	3783.00	3783.00	3783.00	3783.00	3784.00	3784.00	3784.00	3784.00	3784.00	3784.00	3784.00	3784.00	3784.00	3784.00	3784.00	3784.00	3785.00	3785.00	3785.00	3785.00	3785.00	3785.00	3785.00	3784.00	3784.00	3784.00	3784.00	3784.00	3784.00	3784.00	3784.00	3784.00	3784.00	3784.00	3784.00	3784.00	3784.00	3784.00	3784.00	3784.00	3784.00	3784.00	3784.00	3784.00	3784.00	3784.00	3784.00	3784.00	3784.00	3784.00	3784.00	3784.00	3784.00	3784.00	3784.00	3784.00	3784.00	3784.00	3784.00	3784.00	3784.00	3784.00	3784.00	3784.00	3784.00	3784.00	3784.00	3784.00	3785.00	3785.00	3785.00	3785.00	3785.00	3785.00	3785.00	3785.00	3785.00	3786.00	3786.00	3786.00	3786.00	3786.00	3786.00	3786.00	3786.00
3760.00	3760.00	3760.00	3760.00	3760.00	3760.00	3760.00	3760.00	3760.00	3760.00	3760.00	3760.00	3760.00	3760.00	3760.00	3760.00	3760.00	3760.00	3760.00	3761.00	3761.00	3761.00	3761.00	3761.00	3762.00	3762.00	3762.00	3762.00	3763.00	3763.00	3763.00	3763.00	3763.00	3764.00	3764.00	3764.00	3764.00	3765.00	3765.00	3765.00	3765.00	3765.00	3766.00	3766.00	3766.00	3767.00	3767.00	3767.00	3767.00	3768.00	3768.00	3768.00	3769.00	3769.00	3769.00	3769.00	3769.00	3770.00	3770.00	3770.00	3770.00	3771.00	3771.00	3771.00	3772.00	3772.00	3772.00	3772.00	3772.00	3772.00	3773.00	3773.00	3773.00	3773.00	3773.00	3773.00	3773.00	3774.00	3774.00	3774.00	3774.00	3774.00	3774.00	3774.00	3774.00	3774.00	3774.00	3775.00	3775.00	3775.00	3775.00	3775.00	3775.00	3775.00	3775.00	3775.00	3775.00	3775.00	3775.00	3775.00	3775.00	3775.00	3776.00	3776.00	3776.00	3776.00	3776.00	3776.00	3776.00	3776.00	3776.00	3776.00	3776.00	3776.00	3776.00	3776.00	3776.00	3776.00	3776.00	3777.00	3777.00	3777.00	3777.00	3777.00	3777.00	3777.00	3777.00	3777.00	3777.00	3777.00	3778.00	3778.00	3778.00	3778.00	3778.00	3778.00	3778.00	3778.00	3778.00	3779.00	3779.00	3779.00	3779.00	3779.00	3779.00	3780.00	3780.00	3780.00	3780.00	3780.00	3780.00	3781.00	3781.00	3781.00	3781.00	3781.00	3781.00	3782.00	3782.00	3782.00	3782.00	3782.00	3782.00	3782.00	3782.00	3782.00	3783.00	3783.00	3783.00	3783.00	3783.00	3783.00	3783.00	3783.00	3783.00	3784.00	3784.00	3784.00	3784.00	3784.00	3784.00	3784.00	3784.00	3784.00	3784.00	3784.00	3784.00	3785.00	3785.00	3785.00	3785.00	3785.00	3785.00	3785.00	3784.00	3784.00	3784.00	3784.00	3784.00	3784.00	3784.00	3784.00	3784.00	3784.00	3784.00	3784.00	3784.00	3784.00	3784.00	3784.00	3784.00	3784.00	3784.00	3784.00	3784.00	3784.00	3784.00	3784.00	3784.00	3784.00	3784.00	3784.00	3784.00	3784.00	3784.00	3784.00	3784.00	3784.00	3784.00	3784.00	3784.00	3784.00	3784.00	3784.00	3784.00	3784.00	3784.00	3784.00	3784.00	3785.00	3785.00	3785.00	3785.00	3785.00	3785.00	3785.00	3785.00	3785.00	3786.00	3786.00	3786.00	3786.00	3786.00	3786.00	3786.00	3786.00
3760.00	3760.00	3760.00	3760.00	3760.00	3760.00	3760.00	3760.00	3760.00	3760.00	3760.00	3760.00	3760.00	3760.00	3760.00	3760.00	3760.00	3760.00	3760.00	3761.00	3761.00	3761.00	3761.00	3761.00	3762.00	3762.00	3762.00	3762.00	3763.00	3763.00	3763.00	3763.00	3763.00	3764.00	3764.00	3764.00	3764.00	3765.00	3765.00	3765.00	3765.00	3765.00	3766.00	3766.00	3766.00	3767.00	3767.00	3767.00	3767.00	3768.00	3768.00	3768.00	3769.00	3769.00	3769.00	3769.00	3769.00	3770.00	3770.00	3770.00	3770.00	3771.00	3771.00	3771.00	3772.00	3772.00	3772.00	3772.00	3772.00	3772.00	3773.00	3773.00	3773.00	3773.00	3773.00	3773.00	3773.00	3774.00	3774.00	3774.00	3774.00	3774.00	3774.00	3774.00	3774.00	3774.00	3774.00	3775.00	3775.00	3775.00	3775.00	3775.00	3775.00	3775.00	3775.00	3775.00	3775.00	3775.00	3775.00	3775.00	3775.00	3775.00	3776.00	3776.00	3776.00	3776.00	3776.00	3776.00	3776.00	3776.00	3776.00	3776.00	3776.00	3776.00	3776.00	3776.00	3776.00	3776.00	3776.00	3777.00	3777.00	3777.00	3777.00	3777.00	3777.00	3777.00	3777.00	3777.00	3777.00	3777.00	3778.00	3778.00	3778.00	3778.00	3778.00	3778.00	3778.00	3778.00	3778.00	3779.00	3779.00	3779.00	3779.00	3779.00	3779.00	3780.00	3780.00	3780.00	3780.00	3780.00	3780.00	3781.00	3781.00	3781.00	3781.00	3781.00	3781.00	3782.00	3782.00	3782.00	3782.00	3782.00	3782.00	3782.00	3782.00	3782.00	3783.00	3783.00	3783.00	3783.00	3783.00	3783.00	3783.00	3783.00	3783.00	3784.00	3784.00	3784.00	3784.00	3784.00	3784.00	3784.00	3784.00	3784.00	3784.00	3784.00	3784.00	3785.00	3785.00	3785.00	3785.00	3785.00	3785.00	3785.00	3784.00	3784.00	3784.00	3784.00	3784.00	3784.00	3784.00	3784.00	3784.00	3784.00	3784.00	3784.00	3784.00	3784.00	3784.00	3784.00	3784.00	3784.00	3784.00	3784.00	3784.00	3784.00	3784.00	3784.00	3784.00	3784.00	3784.00	3784.00	3784.00	3784.00	3784.00	3784.00	3784.00	3784.00	3784.00	3784.00	3784.00	3784.00	3784.00	3784.00	3784.00	3784.00	3784.00	3784.00	3784.00	3785.00	3785.00	3785.00	3785.00	3785.00	3785.00	3785.00	3785.00	3785.00	3786.00	3786.00	3786.00	3786.00	3786.00	3786.00	3786.00	3786.00
3760.00	3760.00	3760.00	3760.00	3760.00	3760.00	3760.00	3760.00	3760.00	3760.00	3760.00	3760.00	3760.00	3760.00	3760.00	3760.00	3760.00	3760.00	3760.00	3761.00	3761.00	3761.00	3761.00	3761.00	3762.00	3762.00	3762.00	3762.00	3763.00	3763.00	3763.00	3763.00	3763.00	3764.00	3764.00	3764.00	3764.00	3765.00	3765.00	3765.00	3765.00	3765.00	3766.00	3766.00	3766.00	3767.00	3767.00	3767.00	3767.00	3768.00	3768.00	3768.00	3769.00	3769.00	3769.00	3769.00	3769.00	3770.00	3770.00	3770.00	3770.00	3771.00	3771.00	3771.00	3772.00	3772.00	3772.00	3772.00	3772.00	3772.00	3773.00	3773.00	3773.00	3773.00	3773.00	3773.00	3773.00	3774.00	3774.00	3774.00	3774.00	3774.00	3774.00	3774.00	3774.00	3774.00	3774.00	3775.00	3775.00	3775.00	3775.00	3775.00	3775.00	3775.00	3775.00	3775.00	3775.00	3775.00	3775.00	3775.00	3775.00	3775.00	3776.00	3776.00	3776.00	3776.00	3776.00	3776.00	3776.00	3776.00	3776.00	3776.00	3776.00	3776.00	3776.00	3776.00	3776.00	3776.00	3776.00	3777.00	3777.00	3777.00	3777.00	3777.00	3777.00	3777.00	3777.00	3777.00	3777.00	3777.00	3778.00	3778.00	3778.00	3778.00	3778.00	3778.00	3778.00	3778.00	3778.00	3779.00	3779.00	3779.00	3779.00	3779.00	3779.00	3780.00	3780.00	3780.00	3780.00	3780.00	3780.00	3781.00	3781.00	3781.00	3781.00	3781.00	3781.00	3782.00	3782.00	3782.00	3782.00	3782.00	3782.00	3782.00	3782.00	3782.00	3783.00	3783.00	3783.00	3783.00	3783.00	3783.00	3783.00	3783.00	3783.00	3784.00	3784.00	3784.00	3784.00	3784.00	3784.00	3784.00	3784.00	3784.00	3784.00	3784.00	3784.00	3785.00	3785.00	3785.00	3785.00	3785.00	3785.00	3785.00	3784.00	3784.00	3784.00	3784.00	3784.00	3784.00	3784.00	3784.00	3784.00	3784.00	3784.00	3784.00	3784.00	3784.00	3784.00	3784.00	3784.00	3784.00	3784.00	3784.00	3784.00	3784.00	3784.00	3784.00	3784.00	3784.00	3784.00	3784.00	3784.00	3784.00	3784.00	3784.00	3784.00	3784.00	3784.00	3784.00	3784.00	3784.00	3784.00	3784.00	3784.00	3784.00	3784.00	3784.00	3784.00	3785.00	3785.00	3785.00	3785.00	3785.00	3785.00	3785.00	3785.00	3785.00	3786.00	3786.00	3786.00	3786.00	3786.00	3786.00	3786.00	3786.00
3760.00	3760.00	3760.00	3760.00	3760.00	3760.00	3760.00	3760.00	3760.00	3760.00	3760.00	3760.00	3760.00	3760.00	3760.00	3760.00	3760.00	3760.00	3760.00	3761.00	3761.00	3761.00	3761.00	3761.00	3762.00	3762.00	3762.00	3762.00	3763.00	3763.00	3763.00	3763.00	3763.00	3764.00	3764.00	3764.00	3764.00	3765.00	3765.00	3765.00	3765.00	3765.00	3766.00	3766.00	3766.00	3767.00	3767.00	3767.00	3767.00	3768.00	3768.00	3768.00	3769.00	3769.00	3769.00	3769.00	3769.00	3770.00	3770.00	3770.00	3770.00	3771.00	3771.00	3771.00	3772.00	3772.00	3772.00	3772.00	3772.00	3772.00	3773.00	3773.00	3773.00	3773.00	3773.00	3773.00	3773.00	3774.00	3774.00	3774.00	3774.00	3774.00	3774.00	3774.00	3774.00	3774.00	3774.00	3775.00	3775.00	3775.00	3775.00	3775.00	3775.00	3775.00	3775.00	3775.00	3775.00	3775.00	3775.00	3775.00	3775.00	3775.00	3776.00	3776.00	3776.00	3776.00	3776.00	3776.00	3776.00	3776.00	3776.00	3776.00	3776.00	3776.00	3776.00	3776.00	3776.00	3776.00	3776.00	3777.00	3777.00	3777.00	3777.00	3777.00	3777.00	3777.00	3777.00	3777.00	3777.00	3777.00	3778.00	3778.00	3778.00	3778.00	3778.00	3778.00	3778.00	3778.00	3778.00	3779.00	3779.00	3779.00	3779.00	3779.00	3779.00	3780.00	3780.00	3780.00	3780.00	3780.00	3780.00	3781.00	3781.00	3781.00	3781.00	3781.00	3781.00	3782.00	3782.00	3782.00	3782.00	3782.00	3782.00	3782.00	3782.00	3782.00	3783.00	3783.00	3783.00	3783.00	3783.00	3783.00	3783.00	3783.00	3783.00	3784.00	3784.00	3784.00	3784.00	3784.00	3784.00	3784.00	3784.00	3784.00	3784.00	3784.00	3784.00	3785.00	3785.00	3785.00	3785.00	3785.00	3785.00	3785.00	3784.00	3784.00	3784.00	3784.00	3784.00	3784.00	3784.00	3784.00	3784.00	3784.00	3784.00	3784.00	3784.00	3784.00	3784.00	3784.00	3784.00	3784.00	3784.00	3784.00	3784.00	3784.00	3784.00	3784.00	3784.00	3784.00	3784.00	3784.00	3784.00	3784.00	3784.00	3784.00	3784.00	3784.00	3784.00	3784.00	3784.00	3784.00	3784.00	3784.00	3784.00	3784.00	3784.00	3784.00	3784.00	3785.00	3785.00	3785.00	3785.00	3785.00	3785.00	3785.00	3785.00	3785.00	3786.00	3786.00	3786.00	3786.00	3786.00	3786.00	3786.00	3786.00
3760.00	3760.00	3760.00	3760.00	3760.00	3760.00	3760.00	3760.00	3760.00	3760.00	3760.00	3760.00	3760.00	3760.00	3760.00	3760.00	3760.00	3760.00	3760.00	3761.00	3761.00	3761.00	3761.00	3761.00	3762.00	3762.00	3762.00	3762.00	3763.00	3763.00	3763.00	3763.00	3763.00	3764.00	3764.00	3764.00	3764.00	3765.00	3765.00	3765.00	3765.00	3765.00	3766.00	3766.00	3766.00	3767.00	3767.00	3767.00	3767.00	3768.00	3768.00	3768.00	3769.00	3769.00	3769.00	3769.00	3769.00	3770.00	3770.00	3770.00	3770.00	3771.00	3771.00	3771.00	3772.00	3772.00	3772.00	3772.00	3772.00	3772.00	3773.00	3773.00	3773.00	3773.00	3773.00	3773.00	3773.00	3774.00	3774.00	3774.00	3774.00	3774.00	3774.00	3774.00	3774.00	3774.00	3774.00	3775.00	3775.00	3775.00	3775.00	3775.00	3775.00	3775.00	3775.00	3775.00	3775.00	3775.00	3775.00	3775.00	3775.00	3775.00	3776.00	3776.00	3776.00	3776.00	3776.00	3776.00	3776.00	3776.00	3776.00	3776.00	3776.00	3776.00	3776.00	3776.00	3776.00	3776.00	3776.00	3777.00	3777.00	3777.00	3777.00	3777.00	3777.00	3777.00	3777.00	3777.00	3777.00	3777.00	3778.00	3778.00	3778.00	3778.00	3778.00	3778.00	3778.00	3778.00	3778.00	3779.00	3779.00	3779.00	3779.00	3779.00	3779.00	3780.00	3780.00	3780.00	3780.00	3780.00	3780.00	3781.00	3781.00	3781.00	3781.00	3781.00	3781.00	3782.00	3782.00	3782.00	3782.00	3782.00	3782.00	3782.00	3782.00	3782.00	3783.00	3783.00	3783.00	3783.00	3783.00	3783.00	3783.00	3783.00	3783.00	3784.00	3784.00	3784.00	3784.00	3784.00	3784.00	3784.00	3784.00	3784.00	3784.00	3784.00	3784.00	3785.00	3785.00	3785.00	3785.00	3785.00	3785.00	3785.00	3784.00	3784.00	3784.00	3784.00	3784.00	3784.00	3784.00	3784.00	3784.00	3784.00	3784.00	3784.00	3784.00	3784.00	3784.00	3784.00	3784.00	3784.00	3784.00	3784.00	3784.00	3784.00	3784.00	3784.00	3784.00	3784.00	3784.00	3784.00	3784.00	3784.00	3784.00	3784.00	3784.00	3784.00	3784.00	3784.00	3784.00	3784.00	3784.00	3784.00	3784.00	3784.00	3784.00	3784.00	3784.00	3785.00	3785.00	3785.00	3785.00	3785.00	3785.00	3785.00	3785.00	3785.00	3786.00	3786.00	3786.00	3786.00	3786.00	3786.00	3786.00	3786.00
3760.00	3760.00	3760.00	3760.00	3760.00	3760.00	3760.00	3760.00	3760.00	3760.00	3760.00	3760.00	3760.00	3760.00	3760.00	3760.00	3760.00	3760.00	3760.00	3761.00	3761.00	3761.00	3761.00	3761.00	3762.00	3762.00	3762.00	3762.00	3763.00	3763.00	3763.00	3763.00	3763.00	3764.00	3764.00	3764.00	3764.00	3765.00	3765.00	3765.00	3765.00	3765.00	3766.00	3766.00	3766.00	3767.00	3767.00	3767.00	3767.00	3768.00	3768.00	3768.00	3769.00	3769.00	3769.00	3769.00	3769.00	3770.00	3770.00	3770.00	3770.00	3771.00	3771.00	3771.00	3772.00	3772.00	3772.00	3772.00	3772.00	3772.00	3773.00	3773.00	3773.00	3773.00	3773.00	3773.00	3773.00	3774.00	3774.00	3774.00	3774.00	3774.00	3774.00	3774.00	3774.00	3774.00	3774.00	3775.00	3775.00	3775.00	3775.00	3775.00	3775.00	3775.00	3775.00	3775.00	3775.00	3775.00	3775.00	3775.00	3775.00	3775.00	3776.00	3776.00	3776.00	3776.00	3776.00	3776.00	3776.00	3776.00	3776.00	3776.00	3776.00	3776.00	3776.00	3776.00	3776.00	3776.00	3776.00	3777.00	3777.00	3777.00	3777.00	3777.00	3777.00	3777.00	3777.00	3777.00	3777.00	3777.00	3778.00	3778.00	3778.00	3778.00	3778.00	3778.00	3778.00	3778.00	3778.00	3779.00	3779.00	3779.00	3779.00	3779.00	3779.00	3780.00	3780.00	3780.00	3780.00	3780.00	3780.00	3781.00	3781.00	3781.00	3781.00	3781.00	3781.00	3782.00	3782.00	3782.00	3782.00	3782.00	3782.00	3782.00	3782.00	3782.00	3783.00	3783.00	3783.00	3783.00	3783.00	3783.00	3783.00	3783.00	3783.00	3784.00	3784.00	3784.00	3784.00	3784.00	3784.00	3784.00	3784.00	3784.00	3784.00	3784.00	3784.00	3785.00	3785.00	3785.00	3785.00	3785.00	3785.00	3785.00	3784.00	3784.00	3784.00	3784.00	3784.00	3784.00	3784.00	3784.00	3784.00	3784.00	3784.00	3784.00	3784.00	3784.00	3784.00	3784.00	3784.00	3784.00	3784.00	3784.00	3784.00	3784.00	3784.00	3784.00	3784.00	3784.00	3784.00	3784.00	3784.00	3784.00	3784.00	3784.00	3784.00	3784.00	3784.00	3784.00	3784.00	3784.00	3784.00	3784.00	3784.00	3784.00	3784.00	3784.00	3784.00	3785.00	3785.00	3785.00	3785.00	3785.00	3785.00	3785.00	3785.00	3785.00	3786.00	3786.00	3786.00	3786.00	3786.00	3786.00	3786.00	3786.00
3760.00	3760.00	3760.00	3760.00	3760.00	3760.00	3760.00	3760.00	3760.00	3760.00	3760.00	3760.00	3760.00	3760.00	3760.00	3760.00	3760.00	3760.00	3760.00	3761.00	3761.00	3761.00	3761.00	3761.00	3762.00	3762.00	3762.00	3762.00	3763.00	3763.00	3763.00	3763.00	3763.00	3764.00	3764.00	3764.00	3764.00	3765.00	3765.00	3765.00	3765.00	3765.00	3766.00	3766.00	3766.00	3767.00	3767.00	3767.00	3767.00	3768.00	3768.00	3768.00	3769.00	3769.00	3769.00	3769.00	3769.00	3770.00	3770.00	3770.00	3770.00	3771.00	3771.00	3771.00	3772.00	3772.00	3772.00	3772.00	3772.00	3772.00	3773.00	3773.00	3773.00	3773.00	3773.00	3773.00	3773.00	3774.00	3774.00	3774.00	3774.00	3774.00	3774.00	3774.00	3774.00	3774.00	3774.00	3775.00	3775.00	3775.00	3775.00	3775.00	3775.00	3775.00	3775.00	3775.00	3775.00	3775.00	3775.00	3775.00	3775.00	3775.00	3776.00	3776.00	3776.00	3776.00	3776.00	3776.00	3776.00	3776.00	3776.00	3776.00	3776.00	3776.00	3776.00	3776.00	3776.00	3776.00	3776.00	3777.00	3777.00	3777.00	3777.00	3777.00	3777.00	3777.00	3777.00	3777.00	3777.00	3777.00	3778.00	3778.00	3778.00	3778.00	3778.00	3778.00	3778.00	3778.00	3778.00	3779.00	3779.00	3779.00	3779.00	3779.00	3779.00	3780.00	3780.00	3780.00	3780.00	3780.00	3780.00	3781.00	3781.00	3781.00	3781.00	3781.00	3781.00	3782.00	3782.00	3782.00	3782.00	3782.00	3782.00	3782.00	3782.00	3782.00	3783.00	3783.00	3783.00	3783.00	3783.00	3783.00	3783.00	3783.00	3783.00	3784.00	3784.00	3784.00	3784.00	3784.00	3784.00	3784.00	3784.00	3784.00	3784.00	3784.00	3784.00	3785.00	3785.00	3785.00	3785.00	3785.00	3785.00	3785.00	3784.00	3784.00	3784.00	3784.00	3784.00	3784.00	3784.00	3784.00	3784.00	3784.00	3784.00	3784.00	3784.00	3784.00	3784.00	3784.00	3784.00	3784.00	3784.00	3784.00	3784.00	3784.00	3784.00	3784.00	3784.00	3784.00	3784.00	3784.00	3784.00	3784.00	3784.00	3784.00	3784.00	3784.00	3784.00	3784.00	3784.00	3784.00	3784.00	3784.00	3784.00	3784.00	3784.00	3784.00	3784.00	3785.00	3785.00	3785.00	3785.00	3785.00	3785.00	3785.00	3785.00	3785.00	3786.00	3786.00	3786.00	3786.00	3786.00	3786.00	3786.00	3786.00
3760.00	3760.00	3760.00	3760.00	3760.00	3760.00	3760.00	3760.00	3760.00	3760.00	3760.00	3760.00	3760.00	3760.00	3760.00	3760.00	3760.00	3760.00	3760.00	3761.00	3761.00	3761.00	3761.00	3761.00	3762.00	3762.00	3762.00	3762.00	3763.00	3763.00	3763.00	3763.00	3763.00	3764.00	3764.00	3764.00	3764.00	3765.00	3765.00	3765.00	3765.00	3765.00	3766.00	3766.00	3766.00	3767.00	3767.00	3767.00	3767.00	3768.00	3768.00	3768.00	3769.00	3769.00	3769.00	3769.00	3769.00	3770.00	3770.00	3770.00	3770.00	3771.00	3771.00	3771.00	3772.00	3772.00	3772.00	3772.00	3772.00	3772.00	3773.00	3773.00	3773.00	3773.00	3773.00	3773.00	3773.00	3774.00	3774.00	3774.00	3774.00	3774.00	3774.00	3774.00	3774.00	3774.00	3774.00	3775.00	3775.00	3775.00	3775.00	3775.00	3775.00	3775.00	3775.00	3775.00	3775.00	3775.00	3775.00	3775.00	3775.00	3775.00	3776.00	3776.00	3776.00	3776.00	3776.00	3776.00	3776.00	3776.00	3776.00	3776.00	3776.00	3776.00	3776.00	3776.00	3776.00	3776.00	3776.00	3777.00	3777.00	3777.00	3777.00	3777.00	3777.00	3777.00	3777.00	3777.00	3777.00	3777.00	3778.00	3778.00	3778.00	3778.00	3778.00	3778.00	3778.00	3778.00	3778.00	3779.00	3779.00	3779.00	3779.00	3779.00	3779.00	3780.00	3780.00	3780.00	3780.00	3780.00	3780.00	3781.00	3781.00	3781.00	3781.00	3781.00	3781.00	3782.00	3782.00	3782.00	3782.00	3782.00	3782.00	3782.00	3782.00	3782.00	3783.00	3783.00	3783.00	3783.00	3783.00	3783.00	3783.00	3783.00	3783.00	3784.00	3784.00	3784.00	3784.00	3784.00	3784.00	3784.00	3784.00	3784.00	3784.00	3784.00	3784.00	3785.00	3785.00	3785.00	3785.00	3785.00	3785.00	3785.00	3784.00	3784.00	3784.00	3784.00	3784.00	3784.00	3784.00	3784.00	3784.00	3784.00	3784.00	3784.00	3784.00	3784.00	3784.00	3784.00	3784.00	3784.00	3784.00	3784.00	3784.00	3784.00	3784.00	3784.00	3784.00	3784.00	3784.00	3784.00	3784.00	3784.00	3784.00	3784.00	3784.00	3784.00	3784.00	3784.00	3784.00	3784.00	3784.00	3784.00	3784.00	3784.00	3784.00	3784.00	3784.00	3785.00	3785.00	3785.00	3785.00	3785.00	3785.00	3785.00	3785.00	3785.00	3786.00	3786.00	3786.00	3786.00	3786.00	3786.00	3786.00	3786.00
3760.00	3760.00	3760.00	3760.00	3760.00	3760.00	3760.00	3760.00	3760.00	3760.00	3760.00	3760.00	3760.00	3760.00	3760.00	3760.00	3760.00	3760.00	3760.00	3761.00	3761.00	3761.00	3761.00	3761.00	3762.00	3762.00	3762.00	3762.00	3763.00	3763.00	3763.00	3763.00	3763.00	3764.00	3764.00	3764.00	3764.00	3765.00	3765.00	3765.00	3765.00	3765.00	3766.00	3766.00	3766.00	3767.00	3767.00	3767.00	3767.00	3768.00	3768.00	3768.00	3769.00	3769.00	3769.00	3769.00	3769.00	3770.00	3770.00	3770.00	3770.00	3771.00	3771.00	3771.00	3772.00	3772.00	3772.00	3772.00	3772.00	3772.00	3773.00	3773.00	3773.00	3773.00	3773.00	3773.00	3773.00	3774.00	3774.00	3774.00	3774.00	3774.00	3774.00	3774.00	3774.00	3774.00	3774.00	3775.00	3775.00	3775.00	3775.00	3775.00	3775.00	3775.00	3775.00	3775.00	3775.00	3775.00	3775.00	3775.00	3775.00	3775.00	3776.00	3776.00	3776.00	3776.00	3776.00	3776.00	3776.00	3776.00	3776.00	3776.00	3776.00	3776.00	3776.00	3776.00	3776.00	3776.00	3776.00	3777.00	3777.00	3777.00	3777.00	3777.00	3777.00	3777.00	3777.00	3777.00	3777.00	3777.00	3778.00	3778.00	3778.00	3778.00	3778.00	3778.00	3778.00	3778.00	3778.00	3779.00	3779.00	3779.00	3779.00	3779.00	3779.00	3780.00	3780.00	3780.00	3780.00	3780.00	3780.00	3781.00	3781.00	3781.00	3781.00	3781.00	3781.00	3782.00	3782.00	3782.00	3782.00	3782.00	3782.00	3782.00	3782.00	3782.00	3783.00	3783.00	3783.00	3783.00	3783.00	3783.00	3783.00	3783.00	3783.00	3784.00	3784.00	3784.00	3784.00	3784.00	3784.00	3784.00	3784.00	3784.00	3784.00	3784.00	3784.00	3785.00	3785.00	3785.00	3785.00	3785.00	3785.00	3785.00	3784.00	3784.00	3784.00	3784.00	3784.00	3784.00	3784.00	3784.00	3784.00	3784.00	3784.00	3784.00	3784.00	3784.00	3784.00	3784.00	3784.00	3784.00	3784.00	3784.00	3784.00	3784.00	3784.00	3784.00	3784.00	3784.00	3784.00	3784.00	3784.00	3784.00	3784.00	3784.00	3784.00	3784.00	3784.00	3784.00	3784.00	3784.00	3784.00	3784.00	3784.00	3784.00	3784.00	3784.00	3784.00	3785.00	3785.00	3785.00	3785.00	3785.00	3785.00	3785.00	3785.00	3785.00	3786.00	3786.00	3786.00	3786.00	3786.00	3786.00	3786.00	3786.00
3759.00	3759.00	3759.00	3759.00	3759.00	3759.00	3758.00	3758.00	3758.00	3758.00	3758.00	3758.00	3758.00	3759.00	3759.00	3759.00	3759.00	3759.00	3759.00	3759.00	3760.00	3760.00	3760.00	3760.00	3760.00	3761.00	3761.00	3761.00	3761.00	3761.00	3761.00	3762.00	3762.00	3762.00	3762.00	3762.00	3763.00	3763.00	3764.00	3764.00	3764.00	3764.00	3764.00	3765.00	3765.00	3765.00	3766.00	3766.00	3766.00	3766.00	3766.00	3767.00	3767.00	3767.00	3767.00	3768.00	3768.00	3768.00	3768.00	3769.00	3769.00	3769.00	3769.00	3770.00	3770.00	3770.00	3770.00	3770.00	3771.00	3771.00	3771.00	3771.00	3772.00	3772.00	3772.00	3772.00	3772.00	3772.00	3772.00	3772.00	3772.00	3772.00	3772.00	3772.00	3772.00	3772.00	3772.00	3772.00	3772.00	3772.00	3772.00	3773.00	3773.00	3773.00	3773.00	3773.00	3773.00	3773.00	3773.00	3773.00	3773.00	3773.00	3773.00	3773.00	3773.00	3773.00	3773.00	3773.00	3773.00	3773.00	3773.00	3773.00	3773.00	3774.00	3774.00	3774.00	3774.00	3774.00	3774.00	3774.00	3774.00	3774.00	3774.00	3774.00	3774.00	3775.00	3775.00	3775.00	3775.00	3775.00	3775.00	3775.00	3775.00	3775.00	3776.00	3776.00	3776.00	3776.00	3776.00	3776.00	3777.00	3777.00	3777.00	3777.00	3777.00	3777.00	3778.00	3778.00	3778.00	3778.00	3778.00	3778.00	3778.00	3779.00	3779.00	3779.00	3779.00	3779.00	3779.00	3779.00	3779.00	3779.00	3780.00	3780.00	3780.00	3780.00	3780.00	3780.00	3780.00	3780.00	3780.00	3780.00	3780.00	3780.00	3781.00	3781.00	3781.00	3781.00	3781.00	3781.00	3781.00	3781.00	3781.00	3782.00	3782.00	3782.00	3782.00	3782.00	3782.00	3782.00	3782.00	3782.00	3782.00	3782.00	3782.00	3782.00	3782.00	3782.00	3782.00	3782.00	3782.00	3782.00	3782.00	3782.00	3782.00	3782.00	3782.00	3782.00	3782.00	3782.00	3782.00	3782.00	3782.00	3782.00	3782.00	3782.00	3782.00	3782.00	3782.00	3782.00	3782.00	3782.00	3782.00	3782.00	3782.00	3782.00	3782.00	3782.00	3782.00	3782.00	3782.00	3782.00	3782.00	3782.00	3783.00	3783.00	3783.00	3783.00	3783.00	3783.00	3783.00	3783.00	3783.00	3783.00	3783.00	3784.00	3784.00	3784.00	3784.00	3784.00	3784.00	3784.00	3785.00	3785.00	3785.00	3785.00
3759.00	3759.00	3759.00	3759.00	3759.00	3759.00	3758.00	3758.00	3758.00	3758.00	3758.00	3758.00	3758.00	3759.00	3759.00	3759.00	3759.00	3759.00	3759.00	3759.00	3760.00	3760.00	3760.00	3760.00	3760.00	3761.00	3761.00	3761.00	3761.00	3761.00	3761.00	3762.00	3762.00	3762.00	3762.00	3762.00	3763.00	3763.00	3764.00	3764.00	3764.00	3764.00	3764.00	3765.00	3765.00	3765.00	3766.00	3766.00	3766.00	3766.00	3766.00	3767.00	3767.00	3767.00	3767.00	3768.00	3768.00	3768.00	3768.00	3769.00	3769.00	3769.00	3769.00	3770.00	3770.00	3770.00	3770.00	3770.00	3771.00	3771.00	3771.00	3771.00	3772.00	3772.00	3772.00	3772.00	3772.00	3772.00	3772.00	3772.00	3772.00	3772.00	3772.00	3772.00	3772.00	3772.00	3772.00	3772.00	3772.00	3772.00	3772.00	3773.00	3773.00	3773.00	3773.00	3773.00	3773.00	3773.00	3773.00	3773.00	3773.00	3773.00	3773.00	3773.00	3773.00	3773.00	3773.00	3773.00	3773.00	3773.00	3773.00	3773.00	3773.00	3774.00	3774.00	3774.00	3774.00	3774.00	3774.00	3774.00	3774.00	3774.00	3774.00	3774.00	3774.00	3775.00	3775.00	3775.00	3775.00	3775.00	3775.00	3775.00	3775.00	3775.00	3776.00	3776.00	3776.00	3776.00	3776.00	3776.00	3777.00	3777.00	3777.00	3777.00	3777.00	3777.00	3778.00	3778.00	3778.00	3778.00	3778.00	3778.00	3778.00	3779.00	3779.00	3779.00	3779.00	3779.00	3779.00	3779.00	3779.00	3779.00	3780.00	3780.00	3780.00	3780.00	3780.00	3780.00	3780.00	3780.00	3780.00	3780.00	3780.00	3780.00	3781.00	3781.00	3781.00	3781.00	3781.00	3781.00	3781.00	3781.00	3781.00	3782.00	3782.00	3782.00	3782.00	3782.00	3782.00	3782.00	3782.00	3782.00	3782.00	3782.00	3782.00	3782.00	3782.00	3782.00	3782.00	3782.00	3782.00	3782.00	3782.00	3782.00	3782.00	3782.00	3782.00	3782.00	3782.00	3782.00	3782.00	3782.00	3782.00	3782.00	3782.00	3782.00	3782.00	3782.00	3782.00	3782.00	3782.00	3782.00	3782.00	3782.00	3782.00	3782.00	3782.00	3782.00	3782.00	3782.00	3782.00	3782.00	3782.00	3782.00	3783.00	3783.00	3783.00	3783.00	3783.00	3783.00	3783.00	3783.00	3783.00	3783.00	3783.00	3784.00	3784.00	3784.00	3784.00	3784.00	3784.00	3784.00	3785.00	3785.00	3785.00	3785.00
3759.00	3759.00	3759.00	3759.00	3759.00	3759.00	3758.00	3758.00	3758.00	3758.00	3758.00	3758.00	3758.00	3759.00	3759.00	3759.00	3759.00	3759.00	3759.00	3759.00	3760.00	3760.00	3760.00	3760.00	3760.00	3761.00	3761.00	3761.00	3761.00	3761.00	3761.00	3762.00	3762.00	3762.00	3762.00	3762.00	3763.00	3763.00	3764.00	3764.00	3764.00	3764.00	3764.00	3765.00	3765.00	3765.00	3766.00	3766.00	3766.00	3766.00	3766.00	3767.00	3767.00	3767.00	3767.00	3768.00	3768.00	3768.00	3768.00	3769.00	3769.00	3769.00	3769.00	3770.00	3770.00	3770.00	3770.00	3770.00	3771.00	3771.00	3771.00	3771.00	3772.00	3772.00	3772.00	3772.00	3772.00	3772.00	3772.00	3772.00	3772.00	3772.00	3772.00	3772.00	3772.00	3772.00	3772.00	3772.00	3772.00	3772.00	3772.00	3773.00	3773.00	3773.00	3773.00	3773.00	3773.00	3773.00	3773.00	3773.00	3773.00	3773.00	3773.00	3773.00	3773.00	3773.00	3773.00	3773.00	3773.00	3773.00	3773.00	3773.00	3773.00	3774.00	3774.00	3774.00	3774.00	3774.00	3774.00	3774.00	3774.00	3774.00	3774.00	3774.00	3774.00	3775.00	3775.00	3775.00	3775.00	3775.00	3775.00	3775.00	3775.00	3775.00	3776.00	3776.00	3776.00	3776.00	3776.00	3776.00	3777.00	3777.00	3777.00	3777.00	3777.00	3777.00	3778.00	3778.00	3778.00	3778.00	3778.00	3778.00	3778.00	3779.00	3779.00	3779.00	3779.00	3779.00	3779.00	3779.00	3779.00	3779.00	3780.00	3780.00	3780.00	3780.00	3780.00	3780.00	3780.00	3780.00	3780.00	3780.00	3780.00	3780.00	3781.00	3781.00	3781.00	3781.00	3781.00	3781.00	3781.00	3781.00	3781.00	3782.00	3782.00	3782.00	3782.00	3782.00	3782.00	3782.00	3782.00	3782.00	3782.00	3782.00	3782.00	3782.00	3782.00	3782.00	3782.00	3782.00	3782.00	3782.00	3782.00	3782.00	3782.00	3782.00	3782.00	3782.00	3782.00	3782.00	3782.00	3782.00	3782.00	3782.00	3782.00	3782.00	3782.00	3782.00	3782.00	3782.00	3782.00	3782.00	3782.00	3782.00	3782.00	3782.00	3782.00	3782.00	3782.00	3782.00	3782.00	3782.00	3782.00	3782.00	3783.00	3783.00	3783.00	3783.00	3783.00	3783.00	3783.00	3783.00	3783.00	3783.00	3783.00	3784.00	3784.00	3784.00	3784.00	3784.00	3784.00	3784.00	3785.00	3785.00	3785.00	3785.00
3759.00	3759.00	3759.00	3759.00	3759.00	3759.00	3758.00	3758.00	3758.00	3758.00	3758.00	3758.00	3758.00	3759.00	3759.00	3759.00	3759.00	3759.00	3759.00	3759.00	3760.00	3760.00	3760.00	3760.00	3760.00	3761.00	3761.00	3761.00	3761.00	3761.00	3761.00	3762.00	3762.00	3762.00	3762.00	3762.00	3763.00	3763.00	3764.00	3764.00	3764.00	3764.00	3764.00	3765.00	3765.00	3765.00	3766.00	3766.00	3766.00	3766.00	3766.00	3767.00	3767.00	3767.00	3767.00	3768.00	3768.00	3768.00	3768.00	3769.00	3769.00	3769.00	3769.00	3770.00	3770.00	3770.00	3770.00	3770.00	3771.00	3771.00	3771.00	3771.00	3772.00	3772.00	3772.00	3772.00	3772.00	3772.00	3772.00	3772.00	3772.00	3772.00	3772.00	3772.00	3772.00	3772.00	3772.00	3772.00	3772.00	3772.00	3772.00	3773.00	3773.00	3773.00	3773.00	3773.00	3773.00	3773.00	3773.00	3773.00	3773.00	3773.00	3773.00	3773.00	3773.00	3773.00	3773.00	3773.00	3773.00	3773.00	3773.00	3773.00	3773.00	3774.00	3774.00	3774.00	3774.00	3774.00	3774.00	3774.00	3774.00	3774.00	3774.00	3774.00	3774.00	3775.00	3775.00	3775.00	3775.00	3775.00	3775.00	3775.00	3775.00	3775.00	3776.00	3776.00	3776.00	3776.00	3776.00	3776.00	3777.00	3777.00	3777.00	3777.00	3777.00	3777.00	3778.00	3778.00	3778.00	3778.00	3778.00	3778.00	3778.00	3779.00	3779.00	3779.00	3779.00	3779.00	3779.00	3779.00	3779.00	3779.00	3780.00	3780.00	3780.00	3780.00	3780.00	3780.00	3780.00	3780.00	3780.00	3780.00	3780.00	3780.00	3781.00	3781.00	3781.00	3781.00	3781.00	3781.00	3781.00	3781.00	3781.00	3782.00	3782.00	3782.00	3782.00	3782.00	3782.00	3782.00	3782.00	3782.00	3782.00	3782.00	3782.00	3782.00	3782.00	3782.00	3782.00	3782.00	3782.00	3782.00	3782.00	3782.00	3782.00	3782.00	3782.00	3782.00	3782.00	3782.00	3782.00	3782.00	3782.00	3782.00	3782.00	3782.00	3782.00	3782.00	3782.00	3782.00	3782.00	3782.00	3782.00	3782.00	3782.00	3782.00	3782.00	3782.00	3782.00	3782.00	3782.00	3782.00	3782.00	3782.00	3783.00	3783.00	3783.00	3783.00	3783.00	3783.00	3783.00	3783.00	3783.00	3783.00	3783.00	3784.00	3784.00	3784.00	3784.00	3784.00	3784.00	3784.00	3785.00	3785.00	3785.00	3785.00
3759.00	3759.00	3759.00	3759.00	3759.00	3759.00	3758.00	3758.00	3758.00	3758.00	3758.00	3758.00	3758.00	3759.00	3759.00	3759.00	3759.00	3759.00	3759.00	3759.00	3760.00	3760.00	3760.00	3760.00	3760.00	3761.00	3761.00	3761.00	3761.00	3761.00	3761.00	3762.00	3762.00	3762.00	3762.00	3762.00	3763.00	3763.00	3764.00	3764.00	3764.00	3764.00	3764.00	3765.00	3765.00	3765.00	3766.00	3766.00	3766.00	3766.00	3766.00	3767.00	3767.00	3767.00	3767.00	3768.00	3768.00	3768.00	3768.00	3769.00	3769.00	3769.00	3769.00	3770.00	3770.00	3770.00	3770.00	3770.00	3771.00	3771.00	3771.00	3771.00	3772.00	3772.00	3772.00	3772.00	3772.00	3772.00	3772.00	3772.00	3772.00	3772.00	3772.00	3772.00	3772.00	3772.00	3772.00	3772.00	3772.00	3772.00	3772.00	3773.00	3773.00	3773.00	3773.00	3773.00	3773.00	3773.00	3773.00	3773.00	3773.00	3773.00	3773.00	3773.00	3773.00	3773.00	3773.00	3773.00	3773.00	3773.00	3773.00	3773.00	3773.00	3774.00	3774.00	3774.00	3774.00	3774.00	3774.00	3774.00	3774.00	3774.00	3774.00	3774.00	3774.00	3775.00	3775.00	3775.00	3775.00	3775.00	3775.00	3775.00	3775.00	3775.00	3776.00	3776.00	3776.00	3776.00	3776.00	3776.00	3777.00	3777.00	3777.00	3777.00	3777.00	3777.00	3778.00	3778.00	3778.00	3778.00	3778.00	3778.00	3778.00	3779.00	3779.00	3779.00	3779.00	3779.00	3779.00	3779.00	3779.00	3779.00	3780.00	3780.00	3780.00	3780.00	3780.00	3780.00	3780.00	3780.00	3780.00	3780.00	3780.00	3780.00	3781.00	3781.00	3781.00	3781.00	3781.00	3781.00	3781.00	3781.00	3781.00	3782.00	3782.00	3782.00	3782.00	3782.00	3782.00	3782.00	3782.00	3782.00	3782.00	3782.00	3782.00	3782.00	3782.00	3782.00	3782.00	3782.00	3782.00	3782.00	3782.00	3782.00	3782.00	3782.00	3782.00	3782.00	3782.00	3782.00	3782.00	3782.00	3782.00	3782.00	3782.00	3782.00	3782.00	3782.00	3782.00	3782.00	3782.00	3782.00	3782.00	3782.00	3782.00	3782.00	3782.00	3782.00	3782.00	3782.00	3782.00	3782.00	3782.00	3782.00	3783.00	3783.00	3783.00	3783.00	3783.00	3783.00	3783.00	3783.00	3783.00	3783.00	3783.00	3784.00	3784.00	3784.00	3784.00	3784.00	3784.00	3784.00	3785.00	3785.00	3785.00	3785.00
3759.00	3759.00	3759.00	3759.00	3759.00	3759.00	3758.00	3758.00	3758.00	3758.00	3758.00	3758.00	3758.00	3759.00	3759.00	3759.00	3759.00	3759.00	3759.00	3759.00	3760.00	3760.00	3760.00	3760.00	3760.00	3761.00	3761.00	3761.00	3761.00	3761.00	3761.00	3762.00	3762.00	3762.00	3762.00	3762.00	3763.00	3763.00	3764.00	3764.00	3764.00	3764.00	3764.00	3765.00	3765.00	3765.00	3766.00	3766.00	3766.00	3766.00	3766.00	3767.00	3767.00	3767.00	3767.00	3768.00	3768.00	3768.00	3768.00	3769.00	3769.00	3769.00	3769.00	3770.00	3770.00	3770.00	3770.00	3770.00	3771.00	3771.00	3771.00	3771.00	3772.00	3772.00	3772.00	3772.00	3772.00	3772.00	3772.00	3772.00	3772.00	3772.00	3772.00	3772.00	3772.00	3772.00	3772.00	3772.00	3772.00	3772.00	3772.00	3773.00	3773.00	3773.00	3773.00	3773.00	3773.00	3773.00	3773.00	3773.00	3773.00	3773.00	3773.00	3773.00	3773.00	3773.00	3773.00	3773.00	3773.00	3773.00	3773.00	3773.00	3773.00	3774.00	3774.00	3774.00	3774.00	3774.00	3774.00	3774.00	3774.00	3774.00	3774.00	3774.00	3774.00	3775.00	3775.00	3775.00	3775.00	3775.00	3775.00	3775.00	3775.00	3775.00	3776.00	3776.00	3776.00	3776.00	3776.00	3776.00	3777.00	3777.00	3777.00	3777.00	3777.00	3777.00	3778.00	3778.00	3778.00	3778.00	3778.00	3778.00	3778.00	3779.00	3779.00	3779.00	3779.00	3779.00	3779.00	3779.00	3779.00	3779.00	3780.00	3780.00	3780.00	3780.00	3780.00	3780.00	3780.00	3780.00	3780.00	3780.00	3780.00	3780.00	3781.00	3781.00	3781.00	3781.00	3781.00	3781.00	3781.00	3781.00	3781.00	3782.00	3782.00	3782.00	3782.00	3782.00	3782.00	3782.00	3782.00	3782.00	3782.00	3782.00	3782.00	3782.00	3782.00	3782.00	3782.00	3782.00	3782.00	3782.00	3782.00	3782.00	3782.00	3782.00	3782.00	3782.00	3782.00	3782.00	3782.00	3782.00	3782.00	3782.00	3782.00	3782.00	3782.00	3782.00	3782.00	3782.00	3782.00	3782.00	3782.00	3782.00	3782.00	3782.00	3782.00	3782.00	3782.00	3782.00	3782.00	3782.00	3782.00	3782.00	3783.00	3783.00	3783.00	3783.00	3783.00	3783.00	3783.00	3783.00	3783.00	3783.00	3783.00	3784.00	3784.00	3784.00	3784.00	3784.00	3784.00	3784.00	3785.00	3785.00	3785.00	3785.00
3759.00	3759.00	3759.00	3759.00	3759.00	3759.00	3758.00	3758.00	3758.00	3758.00	3758.00	3758.00	3758.00	3759.00	3759.00	3759.00	3759.00	3759.00	3759.00	3759.00	3760.00	3760.00	3760.00	3760.00	3760.00	3761.00	3761.00	3761.00	3761.00	3761.00	3761.00	3762.00	3762.00	3762.00	3762.00	3762.00	3763.00	3763.00	3764.00	3764.00	3764.00	3764.00	3764.00	3765.00	3765.00	3765.00	3766.00	3766.00	3766.00	3766.00	3766.00	3767.00	3767.00	3767.00	3767.00	3768.00	3768.00	3768.00	3768.00	3769.00	3769.00	3769.00	3769.00	3770.00	3770.00	3770.00	3770.00	3770.00	3771.00	3771.00	3771.00	3771.00	3772.00	3772.00	3772.00	3772.00	3772.00	3772.00	3772.00	3772.00	3772.00	3772.00	3772.00	3772.00	3772.00	3772.00	3772.00	3772.00	3772.00	3772.00	3772.00	3773.00	3773.00	3773.00	3773.00	3773.00	3773.00	3773.00	3773.00	3773.00	3773.00	3773.00	3773.00	3773.00	3773.00	3773.00	3773.00	3773.00	3773.00	3773.00	3773.00	3773.00	3773.00	3774.00	3774.00	3774.00	3774.00	3774.00	3774.00	3774.00	3774.00	3774.00	3774.00	3774.00	3774.00	3775.00	3775.00	3775.00	3775.00	3775.00	3775.00	3775.00	3775.00	3775.00	3776.00	3776.00	3776.00	3776.00	3776.00	3776.00	3777.00	3777.00	3777.00	3777.00	3777.00	3777.00	3778.00	3778.00	3778.00	3778.00	3778.00	3778.00	3778.00	3779.00	3779.00	3779.00	3779.00	3779.00	3779.00	3779.00	3779.00	3779.00	3780.00	3780.00	3780.00	3780.00	3780.00	3780.00	3780.00	3780.00	3780.00	3780.00	3780.00	3780.00	3781.00	3781.00	3781.00	3781.00	3781.00	3781.00	3781.00	3781.00	3781.00	3782.00	3782.00	3782.00	3782.00	3782.00	3782.00	3782.00	3782.00	3782.00	3782.00	3782.00	3782.00	3782.00	3782.00	3782.00	3782.00	3782.00	3782.00	3782.00	3782.00	3782.00	3782.00	3782.00	3782.00	3782.00	3782.00	3782.00	3782.00	3782.00	3782.00	3782.00	3782.00	3782.00	3782.00	3782.00	3782.00	3782.00	3782.00	3782.00	3782.00	3782.00	3782.00	3782.00	3782.00	3782.00	3782.00	3782.00	3782.00	3782.00	3782.00	3782.00	3783.00	3783.00	3783.00	3783.00	3783.00	3783.00	3783.00	3783.00	3783.00	3783.00	3783.00	3784.00	3784.00	3784.00	3784.00	3784.00	3784.00	3784.00	3785.00	3785.00	3785.00	3785.00
3759.00	3759.00	3759.00	3759.00	3759.00	3759.00	3758.00	3758.00	3758.00	3758.00	3758.00	3758.00	3758.00	3759.00	3759.00	3759.00	3759.00	3759.00	3759.00	3759.00	3760.00	3760.00	3760.00	3760.00	3760.00	3761.00	3761.00	3761.00	3761.00	3761.00	3761.00	3762.00	3762.00	3762.00	3762.00	3762.00	3763.00	3763.00	3764.00	3764.00	3764.00	3764.00	3764.00	3765.00	3765.00	3765.00	3766.00	3766.00	3766.00	3766.00	3766.00	3767.00	3767.00	3767.00	3767.00	3768.00	3768.00	3768.00	3768.00	3769.00	3769.00	3769.00	3769.00	3770.00	3770.00	3770.00	3770.00	3770.00	3771.00	3771.00	3771.00	3771.00	3772.00	3772.00	3772.00	3772.00	3772.00	3772.00	3772.00	3772.00	3772.00	3772.00	3772.00	3772.00	3772.00	3772.00	3772.00	3772.00	3772.00	3772.00	3772.00	3773.00	3773.00	3773.00	3773.00	3773.00	3773.00	3773.00	3773.00	3773.00	3773.00	3773.00	3773.00	3773.00	3773.00	3773.00	3773.00	3773.00	3773.00	3773.00	3773.00	3773.00	3773.00	3774.00	3774.00	3774.00	3774.00	3774.00	3774.00	3774.00	3774.00	3774.00	3774.00	3774.00	3774.00	3775.00	3775.00	3775.00	3775.00	3775.00	3775.00	3775.00	3775.00	3775.00	3776.00	3776.00	3776.00	3776.00	3776.00	3776.00	3777.00	3777.00	3777.00	3777.00	3777.00	3777.00	3778.00	3778.00	3778.00	3778.00	3778.00	3778.00	3778.00	3779.00	3779.00	3779.00	3779.00	3779.00	3779.00	3779.00	3779.00	3779.00	3780.00	3780.00	3780.00	3780.00	3780.00	3780.00	3780.00	3780.00	3780.00	3780.00	3780.00	3780.00	3781.00	3781.00	3781.00	3781.00	3781.00	3781.00	3781.00	3781.00	3781.00	3782.00	3782.00	3782.00	3782.00	3782.00	3782.00	3782.00	3782.00	3782.00	3782.00	3782.00	3782.00	3782.00	3782.00	3782.00	3782.00	3782.00	3782.00	3782.00	3782.00	3782.00	3782.00	3782.00	3782.00	3782.00	3782.00	3782.00	3782.00	3782.00	3782.00	3782.00	3782.00	3782.00	3782.00	3782.00	3782.00	3782.00	3782.00	3782.00	3782.00	3782.00	3782.00	3782.00	3782.00	3782.00	3782.00	3782.00	3782.00	3782.00	3782.00	3782.00	3783.00	3783.00	3783.00	3783.00	3783.00	3783.00	3783.00	3783.00	3783.00	3783.00	3783.00	3784.00	3784.00	3784.00	3784.00	3784.00	3784.00	3784.00	3785.00	3785.00	3785.00	3785.00
3759.00	3759.00	3759.00	3759.00	3759.00	3759.00	3758.00	3758.00	3758.00	3758.00	3758.00	3758.00	3758.00	3759.00	3759.00	3759.00	3759.00	3759.00	3759.00	3759.00	3760.00	3760.00	3760.00	3760.00	3760.00	3761.00	3761.00	3761.00	3761.00	3761.00	3761.00	3762.00	3762.00	3762.00	3762.00	3762.00	3763.00	3763.00	3764.00	3764.00	3764.00	3764.00	3764.00	3765.00	3765.00	3765.00	3766.00	3766.00	3766.00	3766.00	3766.00	3767.00	3767.00	3767.00	3767.00	3768.00	3768.00	3768.00	3768.00	3769.00	3769.00	3769.00	3769.00	3770.00	3770.00	3770.00	3770.00	3770.00	3771.00	3771.00	3771.00	3771.00	3772.00	3772.00	3772.00	3772.00	3772.00	3772.00	3772.00	3772.00	3772.00	3772.00	3772.00	3772.00	3772.00	3772.00	3772.00	3772.00	3772.00	3772.00	3772.00	3773.00	3773.00	3773.00	3773.00	3773.00	3773.00	3773.00	3773.00	3773.00	3773.00	3773.00	3773.00	3773.00	3773.00	3773.00	3773.00	3773.00	3773.00	3773.00	3773.00	3773.00	3773.00	3774.00	3774.00	3774.00	3774.00	3774.00	3774.00	3774.00	3774.00	3774.00	3774.00	3774.00	3774.00	3775.00	3775.00	3775.00	3775.00	3775.00	3775.00	3775.00	3775.00	3775.00	3776.00	3776.00	3776.00	3776.00	3776.00	3776.00	3777.00	3777.00	3777.00	3777.00	3777.00	3777.00	3778.00	3778.00	3778.00	3778.00	3778.00	3778.00	3778.00	3779.00	3779.00	3779.00	3779.00	3779.00	3779.00	3779.00	3779.00	3779.00	3780.00	3780.00	3780.00	3780.00	3780.00	3780.00	3780.00	3780.00	3780.00	3780.00	3780.00	3780.00	3781.00	3781.00	3781.00	3781.00	3781.00	3781.00	3781.00	3781.00	3781.00	3782.00	3782.00	3782.00	3782.00	3782.00	3782.00	3782.00	3782.00	3782.00	3782.00	3782.00	3782.00	3782.00	3782.00	3782.00	3782.00	3782.00	3782.00	3782.00	3782.00	3782.00	3782.00	3782.00	3782.00	3782.00	3782.00	3782.00	3782.00	3782.00	3782.00	3782.00	3782.00	3782.00	3782.00	3782.00	3782.00	3782.00	3782.00	3782.00	3782.00	3782.00	3782.00	3782.00	3782.00	3782.00	3782.00	3782.00	3782.00	3782.00	3782.00	3782.00	3783.00	3783.00	3783.00	3783.00	3783.00	3783.00	3783.00	3783.00	3783.00	3783.00	3783.00	3784.00	3784.00	3784.00	3784.00	3784.00	3784.00	3784.00	3785.00	3785.00	3785.00	3785.00
3759.00	3759.00	3759.00	3759.00	3759.00	3759.00	3758.00	3758.00	3758.00	3758.00	3758.00	3758.00	3758.00	3759.00	3759.00	3759.00	3759.00	3759.00	3759.00	3759.00	3760.00	3760.00	3760.00	3760.00	3760.00	3761.00	3761.00	3761.00	3761.00	3761.00	3761.00	3762.00	3762.00	3762.00	3762.00	3762.00	3763.00	3763.00	3764.00	3764.00	3764.00	3764.00	3764.00	3765.00	3765.00	3765.00	3766.00	3766.00	3766.00	3766.00	3766.00	3767.00	3767.00	3767.00	3767.00	3768.00	3768.00	3768.00	3768.00	3769.00	3769.00	3769.00	3769.00	3770.00	3770.00	3770.00	3770.00	3770.00	3771.00	3771.00	3771.00	3771.00	3772.00	3772.00	3772.00	3772.00	3772.00	3772.00	3772.00	3772.00	3772.00	3772.00	3772.00	3772.00	3772.00	3772.00	3772.00	3772.00	3772.00	3772.00	3772.00	3773.00	3773.00	3773.00	3773.00	3773.00	3773.00	3773.00	3773.00	3773.00	3773.00	3773.00	3773.00	3773.00	3773.00	3773.00	3773.00	3773.00	3773.00	3773.00	3773.00	3773.00	3773.00	3774.00	3774.00	3774.00	3774.00	3774.00	3774.00	3774.00	3774.00	3774.00	3774.00	3774.00	3774.00	3775.00	3775.00	3775.00	3775.00	3775.00	3775.00	3775.00	3775.00	3775.00	3776.00	3776.00	3776.00	3776.00	3776.00	3776.00	3777.00	3777.00	3777.00	3777.00	3777.00	3777.00	3778.00	3778.00	3778.00	3778.00	3778.00	3778.00	3778.00	3779.00	3779.00	3779.00	3779.00	3779.00	3779.00	3779.00	3779.00	3779.00	3780.00	3780.00	3780.00	3780.00	3780.00	3780.00	3780.00	3780.00	3780.00	3780.00	3780.00	3780.00	3781.00	3781.00	3781.00	3781.00	3781.00	3781.00	3781.00	3781.00	3781.00	3782.00	3782.00	3782.00	3782.00	3782.00	3782.00	3782.00	3782.00	3782.00	3782.00	3782.00	3782.00	3782.00	3782.00	3782.00	3782.00	3782.00	3782.00	3782.00	3782.00	3782.00	3782.00	3782.00	3782.00	3782.00	3782.00	3782.00	3782.00	3782.00	3782.00	3782.00	3782.00	3782.00	3782.00	3782.00	3782.00	3782.00	3782.00	3782.00	3782.00	3782.00	3782.00	3782.00	3782.00	3782.00	3782.00	3782.00	3782.00	3782.00	3782.00	3782.00	3783.00	3783.00	3783.00	3783.00	3783.00	3783.00	3783.00	3783.00	3783.00	3783.00	3783.00	3784.00	3784.00	3784.00	3784.00	3784.00	3784.00	3784.00	3785.00	3785.00	3785.00	3785.00
3759.00	3759.00	3759.00	3759.00	3759.00	3759.00	3758.00	3758.00	3758.00	3758.00	3758.00	3758.00	3758.00	3759.00	3759.00	3759.00	3759.00	3759.00	3759.00	3759.00	3760.00	3760.00	3760.00	3760.00	3760.00	3761.00	3761.00	3761.00	3761.00	3761.00	3761.00	3762.00	3762.00	3762.00	3762.00	3762.00	3763.00	3763.00	3764.00	3764.00	3764.00	3764.00	3764.00	3765.00	3765.00	3765.00	3766.00	3766.00	3766.00	3766.00	3766.00	3767.00	3767.00	3767.00	3767.00	3768.00	3768.00	3768.00	3768.00	3769.00	3769.00	3769.00	3769.00	3770.00	3770.00	3770.00	3770.00	3770.00	3771.00	3771.00	3771.00	3771.00	3772.00	3772.00	3772.00	3772.00	3772.00	3772.00	3772.00	3772.00	3772.00	3772.00	3772.00	3772.00	3772.00	3772.00	3772.00	3772.00	3772.00	3772.00	3772.00	3773.00	3773.00	3773.00	3773.00	3773.00	3773.00	3773.00	3773.00	3773.00	3773.00	3773.00	3773.00	3773.00	3773.00	3773.00	3773.00	3773.00	3773.00	3773.00	3773.00	3773.00	3773.00	3774.00	3774.00	3774.00	3774.00	3774.00	3774.00	3774.00	3774.00	3774.00	3774.00	3774.00	3774.00	3775.00	3775.00	3775.00	3775.00	3775.00	3775.00	3775.00	3775.00	3775.00	3776.00	3776.00	3776.00	3776.00	3776.00	3776.00	3777.00	3777.00	3777.00	3777.00	3777.00	3777.00	3778.00	3778.00	3778.00	3778.00	3778.00	3778.00	3778.00	3779.00	3779.00	3779.00	3779.00	3779.00	3779.00	3779.00	3779.00	3779.00	3780.00	3780.00	3780.00	3780.00	3780.00	3780.00	3780.00	3780.00	3780.00	3780.00	3780.00	3780.00	3781.00	3781.00	3781.00	3781.00	3781.00	3781.00	3781.00	3781.00	3781.00	3782.00	3782.00	3782.00	3782.00	3782.00	3782.00	3782.00	3782.00	3782.00	3782.00	3782.00	3782.00	3782.00	3782.00	3782.00	3782.00	3782.00	3782.00	3782.00	3782.00	3782.00	3782.00	3782.00	3782.00	3782.00	3782.00	3782.00	3782.00	3782.00	3782.00	3782.00	3782.00	3782.00	3782.00	3782.00	3782.00	3782.00	3782.00	3782.00	3782.00	3782.00	3782.00	3782.00	3782.00	3782.00	3782.00	3782.00	3782.00	3782.00	3782.00	3782.00	3783.00	3783.00	3783.00	3783.00	3783.00	3783.00	3783.00	3783.00	3783.00	3783.00	3783.00	3784.00	3784.00	3784.00	3784.00	3784.00	3784.00	3784.00	3785.00	3785.00	3785.00	3785.00
3759.00	3759.00	3759.00	3759.00	3759.00	3759.00	3758.00	3758.00	3758.00	3758.00	3758.00	3758.00	3758.00	3759.00	3759.00	3759.00	3759.00	3759.00	3759.00	3759.00	3760.00	3760.00	3760.00	3760.00	3760.00	3761.00	3761.00	3761.00	3761.00	3761.00	3761.00	3762.00	3762.00	3762.00	3762.00	3762.00	3763.00	3763.00	3764.00	3764.00	3764.00	3764.00	3764.00	3765.00	3765.00	3765.00	3766.00	3766.00	3766.00	3766.00	3766.00	3767.00	3767.00	3767.00	3767.00	3768.00	3768.00	3768.00	3768.00	3769.00	3769.00	3769.00	3769.00	3770.00	3770.00	3770.00	3770.00	3770.00	3771.00	3771.00	3771.00	3771.00	3772.00	3772.00	3772.00	3772.00	3772.00	3772.00	3772.00	3772.00	3772.00	3772.00	3772.00	3772.00	3772.00	3772.00	3772.00	3772.00	3772.00	3772.00	3772.00	3773.00	3773.00	3773.00	3773.00	3773.00	3773.00	3773.00	3773.00	3773.00	3773.00	3773.00	3773.00	3773.00	3773.00	3773.00	3773.00	3773.00	3773.00	3773.00	3773.00	3773.00	3773.00	3774.00	3774.00	3774.00	3774.00	3774.00	3774.00	3774.00	3774.00	3774.00	3774.00	3774.00	3774.00	3775.00	3775.00	3775.00	3775.00	3775.00	3775.00	3775.00	3775.00	3775.00	3776.00	3776.00	3776.00	3776.00	3776.00	3776.00	3777.00	3777.00	3777.00	3777.00	3777.00	3777.00	3778.00	3778.00	3778.00	3778.00	3778.00	3778.00	3778.00	3779.00	3779.00	3779.00	3779.00	3779.00	3779.00	3779.00	3779.00	3779.00	3780.00	3780.00	3780.00	3780.00	3780.00	3780.00	3780.00	3780.00	3780.00	3780.00	3780.00	3780.00	3781.00	3781.00	3781.00	3781.00	3781.00	3781.00	3781.00	3781.00	3781.00	3782.00	3782.00	3782.00	3782.00	3782.00	3782.00	3782.00	3782.00	3782.00	3782.00	3782.00	3782.00	3782.00	3782.00	3782.00	3782.00	3782.00	3782.00	3782.00	3782.00	3782.00	3782.00	3782.00	3782.00	3782.00	3782.00	3782.00	3782.00	3782.00	3782.00	3782.00	3782.00	3782.00	3782.00	3782.00	3782.00	3782.00	3782.00	3782.00	3782.00	3782.00	3782.00	3782.00	3782.00	3782.00	3782.00	3782.00	3782.00	3782.00	3782.00	3782.00	3783.00	3783.00	3783.00	3783.00	3783.00	3783.00	3783.00	3783.00	3783.00	3783.00	3783.00	3784.00	3784.00	3784.00	3784.00	3784.00	3784.00	3784.00	3785.00	3785.00	3785.00	3785.00
3759.00	3759.00	3759.00	3759.00	3759.00	3759.00	3758.00	3758.00	3758.00	3758.00	3758.00	3758.00	3758.00	3759.00	3759.00	3759.00	3759.00	3759.00	3759.00	3759.00	3760.00	3760.00	3760.00	3760.00	3760.00	3761.00	3761.00	3761.00	3761.00	3761.00	3761.00	3762.00	3762.00	3762.00	3762.00	3762.00	3763.00	3763.00	3764.00	3764.00	3764.00	3764.00	3764.00	3765.00	3765.00	3765.00	3766.00	3766.00	3766.00	3766.00	3766.00	3767.00	3767.00	3767.00	3767.00	3768.00	3768.00	3768.00	3768.00	3769.00	3769.00	3769.00	3769.00	3770.00	3770.00	3770.00	3770.00	3770.00	3771.00	3771.00	3771.00	3771.00	3772.00	3772.00	3772.00	3772.00	3772.00	3772.00	3772.00	3772.00	3772.00	3772.00	3772.00	3772.00	3772.00	3772.00	3772.00	3772.00	3772.00	3772.00	3772.00	3773.00	3773.00	3773.00	3773.00	3773.00	3773.00	3773.00	3773.00	3773.00	3773.00	3773.00	3773.00	3773.00	3773.00	3773.00	3773.00	3773.00	3773.00	3773.00	3773.00	3773.00	3773.00	3774.00	3774.00	3774.00	3774.00	3774.00	3774.00	3774.00	3774.00	3774.00	3774.00	3774.00	3774.00	3775.00	3775.00	3775.00	3775.00	3775.00	3775.00	3775.00	3775.00	3775.00	3776.00	3776.00	3776.00	3776.00	3776.00	3776.00	3777.00	3777.00	3777.00	3777.00	3777.00	3777.00	3778.00	3778.00	3778.00	3778.00	3778.00	3778.00	3778.00	3779.00	3779.00	3779.00	3779.00	3779.00	3779.00	3779.00	3779.00	3779.00	3780.00	3780.00	3780.00	3780.00	3780.00	3780.00	3780.00	3780.00	3780.00	3780.00	3780.00	3780.00	3781.00	3781.00	3781.00	3781.00	3781.00	3781.00	3781.00	3781.00	3781.00	3782.00	3782.00	3782.00	3782.00	3782.00	3782.00	3782.00	3782.00	3782.00	3782.00	3782.00	3782.00	3782.00	3782.00	3782.00	3782.00	3782.00	3782.00	3782.00	3782.00	3782.00	3782.00	3782.00	3782.00	3782.00	3782.00	3782.00	3782.00	3782.00	3782.00	3782.00	3782.00	3782.00	3782.00	3782.00	3782.00	3782.00	3782.00	3782.00	3782.00	3782.00	3782.00	3782.00	3782.00	3782.00	3782.00	3782.00	3782.00	3782.00	3782.00	3782.00	3783.00	3783.00	3783.00	3783.00	3783.00	3783.00	3783.00	3783.00	3783.00	3783.00	3783.00	3784.00	3784.00	3784.00	3784.00	3784.00	3784.00	3784.00	3785.00	3785.00	3785.00	3785.00
3756.00	3756.00	3756.00	3756.00	3756.00	3756.00	3756.00	3756.00	3756.00	3756.00	3757.00	3757.00	3757.00	3757.00	3757.00	3757.00	3757.00	3757.00	3757.00	3758.00	3758.00	3758.00	3758.00	3758.00	3758.00	3758.00	3758.00	3759.00	3759.00	3759.00	3759.00	3759.00	3759.00	3760.00	3760.00	3760.00	3760.00	3761.00	3761.00	3761.00	3761.00	3761.00	3762.00	3762.00	3762.00	3762.00	3763.00	3763.00	3763.00	3763.00	3763.00	3764.00	3764.00	3764.00	3765.00	3765.00	3765.00	3765.00	3765.00	3766.00	3766.00	3767.00	3767.00	3767.00	3767.00	3767.00	3767.00	3767.00	3768.00	3768.00	3768.00	3768.00	3768.00	3768.00	3768.00	3768.00	3768.00	3768.00	3769.00	3769.00	3769.00	3769.00	3769.00	3769.00	3769.00	3769.00	3769.00	3769.00	3769.00	3769.00	3769.00	3770.00	3770.00	3770.00	3770.00	3770.00	3770.00	3770.00	3770.00	3770.00	3770.00	3770.00	3770.00	3770.00	3770.00	3770.00	3770.00	3770.00	3770.00	3770.00	3770.00	3770.00	3770.00	3770.00	3770.00	3770.00	3771.00	3771.00	3771.00	3771.00	3771.00	3771.00	3771.00	3771.00	3771.00	3771.00	3771.00	3772.00	3772.00	3772.00	3772.00	3772.00	3772.00	3772.00	3773.00	3773.00	3773.00	3773.00	3773.00	3773.00	3774.00	3774.00	3774.00	3774.00	3774.00	3774.00	3774.00	3774.00	3775.00	3775.00	3775.00	3775.00	3775.00	3775.00	3776.00	3776.00	3776.00	3776.00	3776.00	3776.00	3776.00	3776.00	3776.00	3776.00	3776.00	3776.00	3777.00	3777.00	3777.00	3777.00	3777.00	3777.00	3777.00	3777.00	3777.00	3777.00	3777.00	3777.00	3778.00	3778.00	3778.00	3778.00	3778.00	3778.00	3778.00	3778.00	3778.00	3778.00	3778.00	3778.00	3778.00	3778.00	3779.00	3779.00	3779.00	3779.00	3779.00	3779.00	3779.00	3779.00	3779.00	3779.00	3779.00	3779.00	3779.00	3779.00	3779.00	3779.00	3779.00	3779.00	3779.00	3779.00	3779.00	3779.00	3779.00	3779.00	3779.00	3779.00	3779.00	3779.00	3779.00	3779.00	3779.00	3779.00	3779.00	3779.00	3779.00	3780.00	3780.00	3780.00	3780.00	3780.00	3780.00	3780.00	3780.00	3780.00	3780.00	3780.00	3780.00	3781.00	3781.00	3781.00	3781.00	3781.00	3781.00	3781.00	3781.00	3781.00	3782.00	3782.00	3782.00	3782.00	3782.00	3782.00	3783.00	3783.00
3756.00	3756.00	3756.00	3756.00	3756.00	3756.00	3756.00	3756.00	3756.00	3756.00	3757.00	3757.00	3757.00	3757.00	3757.00	3757.00	3757.00	3757.00	3757.00	3758.00	3758.00	3758.00	3758.00	3758.00	3758.00	3758.00	3758.00	3759.00	3759.00	3759.00	3759.00	3759.00	3759.00	3760.00	3760.00	3760.00	3760.00	3761.00	3761.00	3761.00	3761.00	3761.00	3762.00	3762.00	3762.00	3762.00	3763.00	3763.00	3763.00	3763.00	3763.00	3764.00	3764.00	3764.00	3765.00	3765.00	3765.00	3765.00	3765.00	3766.00	3766.00	3767.00	3767.00	3767.00	3767.00	3767.00	3767.00	3767.00	3768.00	3768.00	3768.00	3768.00	3768.00	3768.00	3768.00	3768.00	3768.00	3768.00	3769.00	3769.00	3769.00	3769.00	3769.00	3769.00	3769.00	3769.00	3769.00	3769.00	3769.00	3769.00	3769.00	3770.00	3770.00	3770.00	3770.00	3770.00	3770.00	3770.00	3770.00	3770.00	3770.00	3770.00	3770.00	3770.00	3770.00	3770.00	3770.00	3770.00	3770.00	3770.00	3770.00	3770.00	3770.00	3770.00	3770.00	3770.00	3771.00	3771.00	3771.00	3771.00	3771.00	3771.00	3771.00	3771.00	3771.00	3771.00	3771.00	3772.00	3772.00	3772.00	3772.00	3772.00	3772.00	3772.00	3773.00	3773.00	3773.00	3773.00	3773.00	3773.00	3774.00	3774.00	3774.00	3774.00	3774.00	3774.00	3774.00	3774.00	3775.00	3775.00	3775.00	3775.00	3775.00	3775.00	3776.00	3776.00	3776.00	3776.00	3776.00	3776.00	3776.00	3776.00	3776.00	3776.00	3776.00	3776.00	3777.00	3777.00	3777.00	3777.00	3777.00	3777.00	3777.00	3777.00	3777.00	3777.00	3777.00	3777.00	3778.00	3778.00	3778.00	3778.00	3778.00	3778.00	3778.00	3778.00	3778.00	3778.00	3778.00	3778.00	3778.00	3778.00	3779.00	3779.00	3779.00	3779.00	3779.00	3779.00	3779.00	3779.00	3779.00	3779.00	3779.00	3779.00	3779.00	3779.00	3779.00	3779.00	3779.00	3779.00	3779.00	3779.00	3779.00	3779.00	3779.00	3779.00	3779.00	3779.00	3779.00	3779.00	3779.00	3779.00	3779.00	3779.00	3779.00	3779.00	3779.00	3780.00	3780.00	3780.00	3780.00	3780.00	3780.00	3780.00	3780.00	3780.00	3780.00	3780.00	3780.00	3781.00	3781.00	3781.00	3781.00	3781.00	3781.00	3781.00	3781.00	3781.00	3782.00	3782.00	3782.00	3782.00	3782.00	3782.00	3783.00	3783.00
3756.00	3756.00	3756.00	3756.00	3756.00	3756.00	3756.00	3756.00	3756.00	3756.00	3757.00	3757.00	3757.00	3757.00	3757.00	3757.00	3757.00	3757.00	3757.00	3758.00	3758.00	3758.00	3758.00	3758.00	3758.00	3758.00	3758.00	3759.00	3759.00	3759.00	3759.00	3759.00	3759.00	3760.00	3760.00	3760.00	3760.00	3761.00	3761.00	3761.00	3761.00	3761.00	3762.00	3762.00	3762.00	3762.00	3763.00	3763.00	3763.00	3763.00	3763.00	3764.00	3764.00	3764.00	3765.00	3765.00	3765.00	3765.00	3765.00	3766.00	3766.00	3767.00	3767.00	3767.00	3767.00	3767.00	3767.00	3767.00	3768.00	3768.00	3768.00	3768.00	3768.00	3768.00	3768.00	3768.00	3768.00	3768.00	3769.00	3769.00	3769.00	3769.00	3769.00	3769.00	3769.00	3769.00	3769.00	3769.00	3769.00	3769.00	3769.00	3770.00	3770.00	3770.00	3770.00	3770.00	3770.00	3770.00	3770.00	3770.00	3770.00	3770.00	3770.00	3770.00	3770.00	3770.00	3770.00	3770.00	3770.00	3770.00	3770.00	3770.00	3770.00	3770.00	3770.00	3770.00	3771.00	3771.00	3771.00	3771.00	3771.00	3771.00	3771.00	3771.00	3771.00	3771.00	3771.00	3772.00	3772.00	3772.00	3772.00	3772.00	3772.00	3772.00	3773.00	3773.00	3773.00	3773.00	3773.00	3773.00	3774.00	3774.00	3774.00	3774.00	3774.00	3774.00	3774.00	3774.00	3775.00	3775.00	3775.00	3775.00	3775.00	3775.00	3776.00	3776.00	3776.00	3776.00	3776.00	3776.00	3776.00	3776.00	3776.00	3776.00	3776.00	3776.00	3777.00	3777.00	3777.00	3777.00	3777.00	3777.00	3777.00	3777.00	3777.00	3777.00	3777.00	3777.00	3778.00	3778.00	3778.00	3778.00	3778.00	3778.00	3778.00	3778.00	3778.00	3778.00	3778.00	3778.00	3778.00	3778.00	3779.00	3779.00	3779.00	3779.00	3779.00	3779.00	3779.00	3779.00	3779.00	3779.00	3779.00	3779.00	3779.00	3779.00	3779.00	3779.00	3779.00	3779.00	3779.00	3779.00	3779.00	3779.00	3779.00	3779.00	3779.00	3779.00	3779.00	3779.00	3779.00	3779.00	3779.00	3779.00	3779.00	3779.00	3779.00	3780.00	3780.00	3780.00	3780.00	3780.00	3780.00	3780.00	3780.00	3780.00	3780.00	3780.00	3780.00	3781.00	3781.00	3781.00	3781.00	3781.00	3781.00	3781.00	3781.00	3781.00	3782.00	3782.00	3782.00	3782.00	3782.00	3782.00	3783.00	3783.00
3756.00	3756.00	3756.00	3756.00	3756.00	3756.00	3756.00	3756.00	3756.00	3756.00	3757.00	3757.00	3757.00	3757.00	3757.00	3757.00	3757.00	3757.00	3757.00	3758.00	3758.00	3758.00	3758.00	3758.00	3758.00	3758.00	3758.00	3759.00	3759.00	3759.00	3759.00	3759.00	3759.00	3760.00	3760.00	3760.00	3760.00	3761.00	3761.00	3761.00	3761.00	3761.00	3762.00	3762.00	3762.00	3762.00	3763.00	3763.00	3763.00	3763.00	3763.00	3764.00	3764.00	3764.00	3765.00	3765.00	3765.00	3765.00	3765.00	3766.00	3766.00	3767.00	3767.00	3767.00	3767.00	3767.00	3767.00	3767.00	3768.00	3768.00	3768.00	3768.00	3768.00	3768.00	3768.00	3768.00	3768.00	3768.00	3769.00	3769.00	3769.00	3769.00	3769.00	3769.00	3769.00	3769.00	3769.00	3769.00	3769.00	3769.00	3769.00	3770.00	3770.00	3770.00	3770.00	3770.00	3770.00	3770.00	3770.00	3770.00	3770.00	3770.00	3770.00	3770.00	3770.00	3770.00	3770.00	3770.00	3770.00	3770.00	3770.00	3770.00	3770.00	3770.00	3770.00	3770.00	3771.00	3771.00	3771.00	3771.00	3771.00	3771.00	3771.00	3771.00	3771.00	3771.00	3771.00	3772.00	3772.00	3772.00	3772.00	3772.00	3772.00	3772.00	3773.00	3773.00	3773.00	3773.00	3773.00	3773.00	3774.00	3774.00	3774.00	3774.00	3774.00	3774.00	3774.00	3774.00	3775.00	3775.00	3775.00	3775.00	3775.00	3775.00	3776.00	3776.00	3776.00	3776.00	3776.00	3776.00	3776.00	3776.00	3776.00	3776.00	3776.00	3776.00	3777.00	3777.00	3777.00	3777.00	3777.00	3777.00	3777.00	3777.00	3777.00	3777.00	3777.00	3777.00	3778.00	3778.00	3778.00	3778.00	3778.00	3778.00	3778.00	3778.00	3778.00	3778.00	3778.00	3778.00	3778.00	3778.00	3779.00	3779.00	3779.00	3779.00	3779.00	3779.00	3779.00	3779.00	3779.00	3779.00	3779.00	3779.00	3779.00	3779.00	3779.00	3779.00	3779.00	3779.00	3779.00	3779.00	3779.00	3779.00	3779.00	3779.00	3779.00	3779.00	3779.00	3779.00	3779.00	3779.00	3779.00	3779.00	3779.00	3779.00	3779.00	3780.00	3780.00	3780.00	3780.00	3780.00	3780.00	3780.00	3780.00	3780.00	3780.00	3780.00	3780.00	3781.00	3781.00	3781.00	3781.00	3781.00	3781.00	3781.00	3781.00	3781.00	3782.00	3782.00	3782.00	3782.00	3782.00	3782.00	3783.00	3783.00
3756.00	3756.00	3756.00	3756.00	3756.00	3756.00	3756.00	3756.00	3756.00	3756.00	3757.00	3757.00	3757.00	3757.00	3757.00	3757.00	3757.00	3757.00	3757.00	3758.00	3758.00	3758.00	3758.00	3758.00	3758.00	3758.00	3758.00	3759.00	3759.00	3759.00	3759.00	3759.00	3759.00	3760.00	3760.00	3760.00	3760.00	3761.00	3761.00	3761.00	3761.00	3761.00	3762.00	3762.00	3762.00	3762.00	3763.00	3763.00	3763.00	3763.00	3763.00	3764.00	3764.00	3764.00	3765.00	3765.00	3765.00	3765.00	3765.00	3766.00	3766.00	3767.00	3767.00	3767.00	3767.00	3767.00	3767.00	3767.00	3768.00	3768.00	3768.00	3768.00	3768.00	3768.00	3768.00	3768.00	3768.00	3768.00	3769.00	3769.00	3769.00	3769.00	3769.00	3769.00	3769.00	3769.00	3769.00	3769.00	3769.00	3769.00	3769.00	3770.00	3770.00	3770.00	3770.00	3770.00	3770.00	3770.00	3770.00	3770.00	3770.00	3770.00	3770.00	3770.00	3770.00	3770.00	3770.00	3770.00	3770.00	3770.00	3770.00	3770.00	3770.00	3770.00	3770.00	3770.00	3771.00	3771.00	3771.00	3771.00	3771.00	3771.00	3771.00	3771.00	3771.00	3771.00	3771.00	3772.00	3772.00	3772.00	3772.00	3772.00	3772.00	3772.00	3773.00	3773.00	3773.00	3773.00	3773.00	3773.00	3774.00	3774.00	3774.00	3774.00	3774.00	3774.00	3774.00	3774.00	3775.00	3775.00	3775.00	3775.00	3775.00	3775.00	3776.00	3776.00	3776.00	3776.00	3776.00	3776.00	3776.00	3776.00	3776.00	3776.00	3776.00	3776.00	3777.00	3777.00	3777.00	3777.00	3777.00	3777.00	3777.00	3777.00	3777.00	3777.00	3777.00	3777.00	3778.00	3778.00	3778.00	3778.00	3778.00	3778.00	3778.00	3778.00	3778.00	3778.00	3778.00	3778.00	3778.00	3778.00	3779.00	3779.00	3779.00	3779.00	3779.00	3779.00	3779.00	3779.00	3779.00	3779.00	3779.00	3779.00	3779.00	3779.00	3779.00	3779.00	3779.00	3779.00	3779.00	3779.00	3779.00	3779.00	3779.00	3779.00	3779.00	3779.00	3779.00	3779.00	3779.00	3779.00	3779.00	3779.00	3779.00	3779.00	3779.00	3780.00	3780.00	3780.00	3780.00	3780.00	3780.00	3780.00	3780.00	3780.00	3780.00	3780.00	3780.00	3781.00	3781.00	3781.00	3781.00	3781.00	3781.00	3781.00	3781.00	3781.00	3782.00	3782.00	3782.00	3782.00	3782.00	3782.00	3783.00	3783.00
3756.00	3756.00	3756.00	3756.00	3756.00	3756.00	3756.00	3756.00	3756.00	3756.00	3757.00	3757.00	3757.00	3757.00	3757.00	3757.00	3757.00	3757.00	3757.00	3758.00	3758.00	3758.00	3758.00	3758.00	3758.00	3758.00	3758.00	3759.00	3759.00	3759.00	3759.00	3759.00	3759.00	3760.00	3760.00	3760.00	3760.00	3761.00	3761.00	3761.00	3761.00	3761.00	3762.00	3762.00	3762.00	3762.00	3763.00	3763.00	3763.00	3763.00	3763.00	3764.00	3764.00	3764.00	3765.00	3765.00	3765.00	3765.00	3765.00	3766.00	3766.00	3767.00	3767.00	3767.00	3767.00	3767.00	3767.00	3767.00	3768.00	3768.00	3768.00	3768.00	3768.00	3768.00	3768.00	3768.00	3768.00	3768.00	3769.00	3769.00	3769.00	3769.00	3769.00	3769.00	3769.00	3769.00	3769.00	3769.00	3769.00	3769.00	3769.00	3770.00	3770.00	3770.00	3770.00	3770.00	3770.00	3770.00	3770.00	3770.00	3770.00	3770.00	3770.00	3770.00	3770.00	3770.00	3770.00	3770.00	3770.00	3770.00	3770.00	3770.00	3770.00	3770.00	3770.00	3770.00	3771.00	3771.00	3771.00	3771.00	3771.00	3771.00	3771.00	3771.00	3771.00	3771.00	3771.00	3772.00	3772.00	3772.00	3772.00	3772.00	3772.00	3772.00	3773.00	3773.00	3773.00	3773.00	3773.00	3773.00	3774.00	3774.00	3774.00	3774.00	3774.00	3774.00	3774.00	3774.00	3775.00	3775.00	3775.00	3775.00	3775.00	3775.00	3776.00	3776.00	3776.00	3776.00	3776.00	3776.00	3776.00	3776.00	3776.00	3776.00	3776.00	3776.00	3777.00	3777.00	3777.00	3777.00	3777.00	3777.00	3777.00	3777.00	3777.00	3777.00	3777.00	3777.00	3778.00	3778.00	3778.00	3778.00	3778.00	3778.00	3778.00	3778.00	3778.00	3778.00	3778.00	3778.00	3778.00	3778.00	3779.00	3779.00	3779.00	3779.00	3779.00	3779.00	3779.00	3779.00	3779.00	3779.00	3779.00	3779.00	3779.00	3779.00	3779.00	3779.00	3779.00	3779.00	3779.00	3779.00	3779.00	3779.00	3779.00	3779.00	3779.00	3779.00	3779.00	3779.00	3779.00	3779.00	3779.00	3779.00	3779.00	3779.00	3779.00	3780.00	3780.00	3780.00	3780.00	3780.00	3780.00	3780.00	3780.00	3780.00	3780.00	3780.00	3780.00	3781.00	3781.00	3781.00	3781.00	3781.00	3781.00	3781.00	3781.00	3781.00	3782.00	3782.00	3782.00	3782.00	3782.00	3782.00	3783.00	3783.00
3756.00	3756.00	3756.00	3756.00	3756.00	3756.00	3756.00	3756.00	3756.00	3756.00	3757.00	3757.00	3757.00	3757.00	3757.00	3757.00	3757.00	3757.00	3757.00	3758.00	3758.00	3758.00	3758.00	3758.00	3758.00	3758.00	3758.00	3759.00	3759.00	3759.00	3759.00	3759.00	3759.00	3760.00	3760.00	3760.00	3760.00	3761.00	3761.00	3761.00	3761.00	3761.00	3762.00	3762.00	3762.00	3762.00	3763.00	3763.00	3763.00	3763.00	3763.00	3764.00	3764.00	3764.00	3765.00	3765.00	3765.00	3765.00	3765.00	3766.00	3766.00	3767.00	3767.00	3767.00	3767.00	3767.00	3767.00	3767.00	3768.00	3768.00	3768.00	3768.00	3768.00	3768.00	3768.00	3768.00	3768.00	3768.00	3769.00	3769.00	3769.00	3769.00	3769.00	3769.00	3769.00	3769.00	3769.00	3769.00	3769.00	3769.00	3769.00	3770.00	3770.00	3770.00	3770.00	3770.00	3770.00	3770.00	3770.00	3770.00	3770.00	3770.00	3770.00	3770.00	3770.00	3770.00	3770.00	3770.00	3770.00	3770.00	3770.00	3770.00	3770.00	3770.00	3770.00	3770.00	3771.00	3771.00	3771.00	3771.00	3771.00	3771.00	3771.00	3771.00	3771.00	3771.00	3771.00	3772.00	3772.00	3772.00	3772.00	3772.00	3772.00	3772.00	3773.00	3773.00	3773.00	3773.00	3773.00	3773.00	3774.00	3774.00	3774.00	3774.00	3774.00	3774.00	3774.00	3774.00	3775.00	3775.00	3775.00	3775.00	3775.00	3775.00	3776.00	3776.00	3776.00	3776.00	3776.00	3776.00	3776.00	3776.00	3776.00	3776.00	3776.00	3776.00	3777.00	3777.00	3777.00	3777.00	3777.00	3777.00	3777.00	3777.00	3777.00	3777.00	3777.00	3777.00	3778.00	3778.00	3778.00	3778.00	3778.00	3778.00	3778.00	3778.00	3778.00	3778.00	3778.00	3778.00	3778.00	3778.00	3779.00	3779.00	3779.00	3779.00	3779.00	3779.00	3779.00	3779.00	3779.00	3779.00	3779.00	3779.00	3779.00	3779.00	3779.00	3779.00	3779.00	3779.00	3779.00	3779.00	3779.00	3779.00	3779.00	3779.00	3779.00	3779.00	3779.00	3779.00	3779.00	3779.00	3779.00	3779.00	3779.00	3779.00	3779.00	3780.00	3780.00	3780.00	3780.00	3780.00	3780.00	3780.00	3780.00	3780.00	3780.00	3780.00	3780.00	3781.00	3781.00	3781.00	3781.00	3781.00	3781.00	3781.00	3781.00	3781.00	3782.00	3782.00	3782.00	3782.00	3782.00	3782.00	3783.00	3783.00
3756.00	3756.00	3756.00	3756.00	3756.00	3756.00	3756.00	3756.00	3756.00	3756.00	3757.00	3757.00	3757.00	3757.00	3757.00	3757.00	3757.00	3757.00	3757.00	3758.00	3758.00	3758.00	3758.00	3758.00	3758.00	3758.00	3758.00	3759.00	3759.00	3759.00	3759.00	3759.00	3759.00	3760.00	3760.00	3760.00	3760.00	3761.00	3761.00	3761.00	3761.00	3761.00	3762.00	3762.00	3762.00	3762.00	3763.00	3763.00	3763.00	3763.00	3763.00	3764.00	3764.00	3764.00	3765.00	3765.00	3765.00	3765.00	3765.00	3766.00	3766.00	3767.00	3767.00	3767.00	3767.00	3767.00	3767.00	3767.00	3768.00	3768.00	3768.00	3768.00	3768.00	3768.00	3768.00	3768.00	3768.00	3768.00	3769.00	3769.00	3769.00	3769.00	3769.00	3769.00	3769.00	3769.00	3769.00	3769.00	3769.00	3769.00	3769.00	3770.00	3770.00	3770.00	3770.00	3770.00	3770.00	3770.00	3770.00	3770.00	3770.00	3770.00	3770.00	3770.00	3770.00	3770.00	3770.00	3770.00	3770.00	3770.00	3770.00	3770.00	3770.00	3770.00	3770.00	3770.00	3771.00	3771.00	3771.00	3771.00	3771.00	3771.00	3771.00	3771.00	3771.00	3771.00	3771.00	3772.00	3772.00	3772.00	3772.00	3772.00	3772.00	3772.00	3773.00	3773.00	3773.00	3773.00	3773.00	3773.00	3774.00	3774.00	3774.00	3774.00	3774.00	3774.00	3774.00	3774.00	3775.00	3775.00	3775.00	3775.00	3775.00	3775.00	3776.00	3776.00	3776.00	3776.00	3776.00	3776.00	3776.00	3776.00	3776.00	3776.00	3776.00	3776.00	3777.00	3777.00	3777.00	3777.00	3777.00	3777.00	3777.00	3777.00	3777.00	3777.00	3777.00	3777.00	3778.00	3778.00	3778.00	3778.00	3778.00	3778.00	3778.00	3778.00	3778.00	3778.00	3778.00	3778.00	3778.00	3778.00	3779.00	3779.00	3779.00	3779.00	3779.00	3779.00	3779.00	3779.00	3779.00	3779.00	3779.00	3779.00	3779.00	3779.00	3779.00	3779.00	3779.00	3779.00	3779.00	3779.00	3779.00	3779.00	3779.00	3779.00	3779.00	3779.00	3779.00	3779.00	3779.00	3779.00	3779.00	3779.00	3779.00	3779.00	3779.00	3780.00	3780.00	3780.00	3780.00	3780.00	3780.00	3780.00	3780.00	3780.00	3780.00	3780.00	3780.00	3781.00	3781.00	3781.00	3781.00	3781.00	3781.00	3781.00	3781.00	3781.00	3782.00	3782.00	3782.00	3782.00	3782.00	3782.00	3783.00	3783.00
3756.00	3756.00	3756.00	3756.00	3756.00	3756.00	3756.00	3756.00	3756.00	3756.00	3757.00	3757.00	3757.00	3757.00	3757.00	3757.00	3757.00	3757.00	3757.00	3758.00	3758.00	3758.00	3758.00	3758.00	3758.00	3758.00	3758.00	3759.00	3759.00	3759.00	3759.00	3759.00	3759.00	3760.00	3760.00	3760.00	3760.00	3761.00	3761.00	3761.00	3761.00	3761.00	3762.00	3762.00	3762.00	3762.00	3763.00	3763.00	3763.00	3763.00	3763.00	3764.00	3764.00	3764.00	3765.00	3765.00	3765.00	3765.00	3765.00	3766.00	3766.00	3767.00	3767.00	3767.00	3767.00	3767.00	3767.00	3767.00	3768.00	3768.00	3768.00	3768.00	3768.00	3768.00	3768.00	3768.00	3768.00	3768.00	3769.00	3769.00	3769.00	3769.00	3769.00	3769.00	3769.00	3769.00	3769.00	3769.00	3769.00	3769.00	3769.00	3770.00	3770.00	3770.00	3770.00	3770.00	3770.00	3770.00	3770.00	3770.00	3770.00	3770.00	3770.00	3770.00	3770.00	3770.00	3770.00	3770.00	3770.00	3770.00	3770.00	3770.00	3770.00	3770.00	3770.00	3770.00	3771.00	3771.00	3771.00	3771.00	3771.00	3771.00	3771.00	3771.00	3771.00	3771.00	3771.00	3772.00	3772.00	3772.00	3772.00	3772.00	3772.00	3772.00	3773.00	3773.00	3773.00	3773.00	3773.00	3773.00	3774.00	3774.00	3774.00	3774.00	3774.00	3774.00	3774.00	3774.00	3775.00	3775.00	3775.00	3775.00	3775.00	3775.00	3776.00	3776.00	3776.00	3776.00	3776.00	3776.00	3776.00	3776.00	3776.00	3776.00	3776.00	3776.00	3777.00	3777.00	3777.00	3777.00	3777.00	3777.00	3777.00	3777.00	3777.00	3777.00	3777.00	3777.00	3778.00	3778.00	3778.00	3778.00	3778.00	3778.00	3778.00	3778.00	3778.00	3778.00	3778.00	3778.00	3778.00	3778.00	3779.00	3779.00	3779.00	3779.00	3779.00	3779.00	3779.00	3779.00	3779.00	3779.00	3779.00	3779.00	3779.00	3779.00	3779.00	3779.00	3779.00	3779.00	3779.00	3779.00	3779.00	3779.00	3779.00	3779.00	3779.00	3779.00	3779.00	3779.00	3779.00	3779.00	3779.00	3779.00	3779.00	3779.00	3779.00	3780.00	3780.00	3780.00	3780.00	3780.00	3780.00	3780.00	3780.00	3780.00	3780.00	3780.00	3780.00	3781.00	3781.00	3781.00	3781.00	3781.00	3781.00	3781.00	3781.00	3781.00	3782.00	3782.00	3782.00	3782.00	3782.00	3782.00	3783.00	3783.00
3756.00	3756.00	3756.00	3756.00	3756.00	3756.00	3756.00	3756.00	3756.00	3756.00	3757.00	3757.00	3757.00	3757.00	3757.00	3757.00	3757.00	3757.00	3757.00	3758.00	3758.00	3758.00	3758.00	3758.00	3758.00	3758.00	3758.00	3759.00	3759.00	3759.00	3759.00	3759.00	3759.00	3760.00	3760.00	3760.00	3760.00	3761.00	3761.00	3761.00	3761.00	3761.00	3762.00	3762.00	3762.00	3762.00	3763.00	3763.00	3763.00	3763.00	3763.00	3764.00	3764.00	3764.00	3765.00	3765.00	3765.00	3765.00	3765.00	3766.00	3766.00	3767.00	3767.00	3767.00	3767.00	3767.00	3767.00	3767.00	3768.00	3768.00	3768.00	3768.00	3768.00	3768.00	3768.00	3768.00	3768.00	3768.00	3769.00	3769.00	3769.00	3769.00	3769.00	3769.00	3769.00	3769.00	3769.00	3769.00	3769.00	3769.00	3769.00	3770.00	3770.00	3770.00	3770.00	3770.00	3770.00	3770.00	3770.00	3770.00	3770.00	3770.00	3770.00	3770.00	3770.00	3770.00	3770.00	3770.00	3770.00	3770.00	3770.00	3770.00	3770.00	3770.00	3770.00	3770.00	3771.00	3771.00	3771.00	3771.00	3771.00	3771.00	3771.00	3771.00	3771.00	3771.00	3771.00	3772.00	3772.00	3772.00	3772.00	3772.00	3772.00	3772.00	3773.00	3773.00	3773.00	3773.00	3773.00	3773.00	3774.00	3774.00	3774.00	3774.00	3774.00	3774.00	3774.00	3774.00	3775.00	3775.00	3775.00	3775.00	3775.00	3775.00	3776.00	3776.00	3776.00	3776.00	3776.00	3776.00	3776.00	3776.00	3776.00	3776.00	3776.00	3776.00	3777.00	3777.00	3777.00	3777.00	3777.00	3777.00	3777.00	3777.00	3777.00	3777.00	3777.00	3777.00	3778.00	3778.00	3778.00	3778.00	3778.00	3778.00	3778.00	3778.00	3778.00	3778.00	3778.00	3778.00	3778.00	3778.00	3779.00	3779.00	3779.00	3779.00	3779.00	3779.00	3779.00	3779.00	3779.00	3779.00	3779.00	3779.00	3779.00	3779.00	3779.00	3779.00	3779.00	3779.00	3779.00	3779.00	3779.00	3779.00	3779.00	3779.00	3779.00	3779.00	3779.00	3779.00	3779.00	3779.00	3779.00	3779.00	3779.00	3779.00	3779.00	3780.00	3780.00	3780.00	3780.00	3780.00	3780.00	3780.00	3780.00	3780.00	3780.00	3780.00	3780.00	3781.00	3781.00	3781.00	3781.00	3781.00	3781.00	3781.00	3781.00	3781.00	3782.00	3782.00	3782.00	3782.00	3782.00	3782.00	3783.00	3783.00
3756.00	3756.00	3756.00	3756.00	3756.00	3756.00	3756.00	3756.00	3756.00	3756.00	3757.00	3757.00	3757.00	3757.00	3757.00	3757.00	3757.00	3757.00	3757.00	3758.00	3758.00	3758.00	3758.00	3758.00	3758.00	3758.00	3758.00	3759.00	3759.00	3759.00	3759.00	3759.00	3759.00	3760.00	3760.00	3760.00	3760.00	3761.00	3761.00	3761.00	3761.00	3761.00	3762.00	3762.00	3762.00	3762.00	3763.00	3763.00	3763.00	3763.00	3763.00	3764.00	3764.00	3764.00	3765.00	3765.00	3765.00	3765.00	3765.00	3766.00	3766.00	3767.00	3767.00	3767.00	3767.00	3767.00	3767.00	3767.00	3768.00	3768.00	3768.00	3768.00	3768.00	3768.00	3768.00	3768.00	3768.00	3768.00	3769.00	3769.00	3769.00	3769.00	3769.00	3769.00	3769.00	3769.00	3769.00	3769.00	3769.00	3769.00	3769.00	3770.00	3770.00	3770.00	3770.00	3770.00	3770.00	3770.00	3770.00	3770.00	3770.00	3770.00	3770.00	3770.00	3770.00	3770.00	3770.00	3770.00	3770.00	3770.00	3770.00	3770.00	3770.00	3770.00	3770.00	3770.00	3771.00	3771.00	3771.00	3771.00	3771.00	3771.00	3771.00	3771.00	3771.00	3771.00	3771.00	3772.00	3772.00	3772.00	3772.00	3772.00	3772.00	3772.00	3773.00	3773.00	3773.00	3773.00	3773.00	3773.00	3774.00	3774.00	3774.00	3774.00	3774.00	3774.00	3774.00	3774.00	3775.00	3775.00	3775.00	3775.00	3775.00	3775.00	3776.00	3776.00	3776.00	3776.00	3776.00	3776.00	3776.00	3776.00	3776.00	3776.00	3776.00	3776.00	3777.00	3777.00	3777.00	3777.00	3777.00	3777.00	3777.00	3777.00	3777.00	3777.00	3777.00	3777.00	3778.00	3778.00	3778.00	3778.00	3778.00	3778.00	3778.00	3778.00	3778.00	3778.00	3778.00	3778.00	3778.00	3778.00	3779.00	3779.00	3779.00	3779.00	3779.00	3779.00	3779.00	3779.00	3779.00	3779.00	3779.00	3779.00	3779.00	3779.00	3779.00	3779.00	3779.00	3779.00	3779.00	3779.00	3779.00	3779.00	3779.00	3779.00	3779.00	3779.00	3779.00	3779.00	3779.00	3779.00	3779.00	3779.00	3779.00	3779.00	3779.00	3780.00	3780.00	3780.00	3780.00	3780.00	3780.00	3780.00	3780.00	3780.00	3780.00	3780.00	3780.00	3781.00	3781.00	3781.00	3781.00	3781.00	3781.00	3781.00	3781.00	3781.00	3782.00	3782.00	3782.00	3782.00	3782.00	3782.00	3783.00	3783.00
3754.00	3754.00	3754.00	3754.00	3754.00	3754.00	3754.00	3754.00	3754.00	3754.00	3754.00	3754.00	3754.00	3754.00	3754.00	3755.00	3755.00	3755.00	3755.00	3755.00	3755.00	3755.00	3755.00	3755.00	3756.00	3756.00	3756.00	3756.00	3756.00	3756.00	3756.00	3757.00	3757.00	3757.00	3757.00	3757.00	3758.00	3758.00	3758.00	3758.00	3759.00	3759.00	3759.00	3759.00	3759.00	3759.00	3760.00	3760.00	3760.00	3760.00	3760.00	3761.00	3761.00	3761.00	3761.00	3762.00	3762.00	3762.00	3762.00	3762.00	3762.00	3763.00	3763.00	3763.00	3763.00	3763.00	3764.00	3764.00	3764.00	3764.00	3764.00	3764.00	3764.00	3765.00	3765.00	3765.00	3765.00	3765.00	3765.00	3765.00	3765.00	3765.00	3765.00	3765.00	3765.00	3765.00	3766.00	3766.00	3766.00	3766.00	3766.00	3766.00	3766.00	3766.00	3766.00	3766.00	3766.00	3766.00	3766.00	3766.00	3766.00	3766.00	3766.00	3766.00	3766.00	3767.00	3767.00	3767.00	3767.00	3767.00	3767.00	3767.00	3767.00	3767.00	3767.00	3767.00	3767.00	3767.00	3767.00	3767.00	3767.00	3767.00	3768.00	3768.00	3768.00	3768.00	3768.00	3768.00	3769.00	3769.00	3769.00	3769.00	3769.00	3769.00	3769.00	3769.00	3770.00	3770.00	3770.00	3770.00	3770.00	3770.00	3770.00	3770.00	3770.00	3770.00	3770.00	3770.00	3771.00	3771.00	3771.00	3771.00	3771.00	3771.00	3772.00	3772.00	3772.00	3772.00	3772.00	3772.00	3772.00	3772.00	3773.00	3773.00	3773.00	3773.00	3773.00	3773.00	3773.00	3773.00	3773.00	3773.00	3773.00	3773.00	3774.00	3774.00	3774.00	3774.00	3774.00	3774.00	3774.00	3774.00	3774.00	3774.00	3774.00	3774.00	3774.00	3775.00	3775.00	3775.00	3775.00	3775.00	3775.00	3775.00	3775.00	3775.00	3775.00	3775.00	3775.00	3776.00	3776.00	3776.00	3776.00	3776.00	3776.00	3776.00	3776.00	3776.00	3776.00	3776.00	3776.00	3776.00	3776.00	3776.00	3776.00	3776.00	3776.00	3776.00	3776.00	3776.00	3776.00	3776.00	3776.00	3776.00	3777.00	3777.00	3777.00	3777.00	3777.00	3777.00	3777.00	3777.00	3777.00	3778.00	3778.00	3778.00	3778.00	3778.00	3778.00	3778.00	3778.00	3778.00	3779.00	3779.00	3779.00	3779.00	3779.00	3779.00	3779.00	3779.00	3779.00	3780.00	3780.00	3780.00	3780.00	3780.00
3754.00	3754.00	3754.00	3754.00	3754.00	3754.00	3754.00	3754.00	3754.00	3754.00	3754.00	3754.00	3754.00	3754.00	3754.00	3755.00	3755.00	3755.00	3755.00	3755.00	3755.00	3755.00	3755.00	3755.00	3756.00	3756.00	3756.00	3756.00	3756.00	3756.00	3756.00	3757.00	3757.00	3757.00	3757.00	3757.00	3758.00	3758.00	3758.00	3758.00	3759.00	3759.00	3759.00	3759.00	3759.00	3759.00	3760.00	3760.00	3760.00	3760.00	3760.00	3761.00	3761.00	3761.00	3761.00	3762.00	3762.00	3762.00	3762.00	3762.00	3762.00	3763.00	3763.00	3763.00	3763.00	3763.00	3764.00	3764.00	3764.00	3764.00	3764.00	3764.00	3764.00	3765.00	3765.00	3765.00	3765.00	3765.00	3765.00	3765.00	3765.00	3765.00	3765.00	3765.00	3765.00	3765.00	3766.00	3766.00	3766.00	3766.00	3766.00	3766.00	3766.00	3766.00	3766.00	3766.00	3766.00	3766.00	3766.00	3766.00	3766.00	3766.00	3766.00	3766.00	3766.00	3767.00	3767.00	3767.00	3767.00	3767.00	3767.00	3767.00	3767.00	3767.00	3767.00	3767.00	3767.00	3767.00	3767.00	3767.00	3767.00	3767.00	3768.00	3768.00	3768.00	3768.00	3768.00	3768.00	3769.00	3769.00	3769.00	3769.00	3769.00	3769.00	3769.00	3769.00	3770.00	3770.00	3770.00	3770.00	3770.00	3770.00	3770.00	3770.00	3770.00	3770.00	3770.00	3770.00	3771.00	3771.00	3771.00	3771.00	3771.00	3771.00	3772.00	3772.00	3772.00	3772.00	3772.00	3772.00	3772.00	3772.00	3773.00	3773.00	3773.00	3773.00	3773.00	3773.00	3773.00	3773.00	3773.00	3773.00	3773.00	3773.00	3774.00	3774.00	3774.00	3774.00	3774.00	3774.00	3774.00	3774.00	3774.00	3774.00	3774.00	3774.00	3774.00	3775.00	3775.00	3775.00	3775.00	3775.00	3775.00	3775.00	3775.00	3775.00	3775.00	3775.00	3775.00	3776.00	3776.00	3776.00	3776.00	3776.00	3776.00	3776.00	3776.00	3776.00	3776.00	3776.00	3776.00	3776.00	3776.00	3776.00	3776.00	3776.00	3776.00	3776.00	3776.00	3776.00	3776.00	3776.00	3776.00	3776.00	3777.00	3777.00	3777.00	3777.00	3777.00	3777.00	3777.00	3777.00	3777.00	3778.00	3778.00	3778.00	3778.00	3778.00	3778.00	3778.00	3778.00	3778.00	3779.00	3779.00	3779.00	3779.00	3779.00	3779.00	3779.00	3779.00	3779.00	3780.00	3780.00	3780.00	3780.00	3780.00
3754.00	3754.00	3754.00	3754.00	3754.00	3754.00	3754.00	3754.00	3754.00	3754.00	3754.00	3754.00	3754.00	3754.00	3754.00	3755.00	3755.00	3755.00	3755.00	3755.00	3755.00	3755.00	3755.00	3755.00	3756.00	3756.00	3756.00	3756.00	3756.00	3756.00	3756.00	3757.00	3757.00	3757.00	3757.00	3757.00	3758.00	3758.00	3758.00	3758.00	3759.00	3759.00	3759.00	3759.00	3759.00	3759.00	3760.00	3760.00	3760.00	3760.00	3760.00	3761.00	3761.00	3761.00	3761.00	3762.00	3762.00	3762.00	3762.00	3762.00	3762.00	3763.00	3763.00	3763.00	3763.00	3763.00	3764.00	3764.00	3764.00	3764.00	3764.00	3764.00	3764.00	3765.00	3765.00	3765.00	3765.00	3765.00	3765.00	3765.00	3765.00	3765.00	3765.00	3765.00	3765.00	3765.00	3766.00	3766.00	3766.00	3766.00	3766.00	3766.00	3766.00	3766.00	3766.00	3766.00	3766.00	3766.00	3766.00	3766.00	3766.00	3766.00	3766.00	3766.00	3766.00	3767.00	3767.00	3767.00	3767.00	3767.00	3767.00	3767.00	3767.00	3767.00	3767.00	3767.00	3767.00	3767.00	3767.00	3767.00	3767.00	3767.00	3768.00	3768.00	3768.00	3768.00	3768.00	3768.00	3769.00	3769.00	3769.00	3769.00	3769.00	3769.00	3769.00	3769.00	3770.00	3770.00	3770.00	3770.00	3770.00	3770.00	3770.00	3770.00	3770.00	3770.00	3770.00	3770.00	3771.00	3771.00	3771.00	3771.00	3771.00	3771.00	3772.00	3772.00	3772.00	3772.00	3772.00	3772.00	3772.00	3772.00	3773.00	3773.00	3773.00	3773.00	3773.00	3773.00	3773.00	3773.00	3773.00	3773.00	3773.00	3773.00	3774.00	3774.00	3774.00	3774.00	3774.00	3774.00	3774.00	3774.00	3774.00	3774.00	3774.00	3774.00	3774.00	3775.00	3775.00	3775.00	3775.00	3775.00	3775.00	3775.00	3775.00	3775.00	3775.00	3775.00	3775.00	3776.00	3776.00	3776.00	3776.00	3776.00	3776.00	3776.00	3776.00	3776.00	3776.00	3776.00	3776.00	3776.00	3776.00	3776.00	3776.00	3776.00	3776.00	3776.00	3776.00	3776.00	3776.00	3776.00	3776.00	3776.00	3777.00	3777.00	3777.00	3777.00	3777.00	3777.00	3777.00	3777.00	3777.00	3778.00	3778.00	3778.00	3778.00	3778.00	3778.00	3778.00	3778.00	3778.00	3779.00	3779.00	3779.00	3779.00	3779.00	3779.00	3779.00	3779.00	3779.00	3780.00	3780.00	3780.00	3780.00	3780.00
3754.00	3754.00	3754.00	3754.00	3754.00	3754.00	3754.00	3754.00	3754.00	3754.00	3754.00	3754.00	3754.00	3754.00	3754.00	3755.00	3755.00	3755.00	3755.00	3755.00	3755.00	3755.00	3755.00	3755.00	3756.00	3756.00	3756.00	3756.00	3756.00	3756.00	3756.00	3757.00	3757.00	3757.00	3757.00	3757.00	3758.00	3758.00	3758.00	3758.00	3759.00	3759.00	3759.00	3759.00	3759.00	3759.00	3760.00	3760.00	3760.00	3760.00	3760.00	3761.00	3761.00	3761.00	3761.00	3762.00	3762.00	3762.00	3762.00	3762.00	3762.00	3763.00	3763.00	3763.00	3763.00	3763.00	3764.00	3764.00	3764.00	3764.00	3764.00	3764.00	3764.00	3765.00	3765.00	3765.00	3765.00	3765.00	3765.00	3765.00	3765.00	3765.00	3765.00	3765.00	3765.00	3765.00	3766.00	3766.00	3766.00	3766.00	3766.00	3766.00	3766.00	3766.00	3766.00	3766.00	3766.00	3766.00	3766.00	3766.00	3766.00	3766.00	3766.00	3766.00	3766.00	3767.00	3767.00	3767.00	3767.00	3767.00	3767.00	3767.00	3767.00	3767.00	3767.00	3767.00	3767.00	3767.00	3767.00	3767.00	3767.00	3767.00	3768.00	3768.00	3768.00	3768.00	3768.00	3768.00	3769.00	3769.00	3769.00	3769.00	3769.00	3769.00	3769.00	3769.00	3770.00	3770.00	3770.00	3770.00	3770.00	3770.00	3770.00	3770.00	3770.00	3770.00	3770.00	3770.00	3771.00	3771.00	3771.00	3771.00	3771.00	3771.00	3772.00	3772.00	3772.00	3772.00	3772.00	3772.00	3772.00	3772.00	3773.00	3773.00	3773.00	3773.00	3773.00	3773.00	3773.00	3773.00	3773.00	3773.00	3773.00	3773.00	3774.00	3774.00	3774.00	3774.00	3774.00	3774.00	3774.00	3774.00	3774.00	3774.00	3774.00	3774.00	3774.00	3775.00	3775.00	3775.00	3775.00	3775.00	3775.00	3775.00	3775.00	3775.00	3775.00	3775.00	3775.00	3776.00	3776.00	3776.00	3776.00	3776.00	3776.00	3776.00	3776.00	3776.00	3776.00	3776.00	3776.00	3776.00	3776.00	3776.00	3776.00	3776.00	3776.00	3776.00	3776.00	3776.00	3776.00	3776.00	3776.00	3776.00	3777.00	3777.00	3777.00	3777.00	3777.00	3777.00	3777.00	3777.00	3777.00	3778.00	3778.00	3778.00	3778.00	3778.00	3778.00	3778.00	3778.00	3778.00	3779.00	3779.00	3779.00	3779.00	3779.00	3779.00	3779.00	3779.00	3779.00	3780.00	3780.00	3780.00	3780.00	3780.00
3754.00	3754.00	3754.00	3754.00	3754.00	3754.00	3754.00	3754.00	3754.00	3754.00	3754.00	3754.00	3754.00	3754.00	3754.00	3755.00	3755.00	3755.00	3755.00	3755.00	3755.00	3755.00	3755.00	3755.00	3756.00	3756.00	3756.00	3756.00	3756.00	3756.00	3756.00	3757.00	3757.00	3757.00	3757.00	3757.00	3758.00	3758.00	3758.00	3758.00	3759.00	3759.00	3759.00	3759.00	3759.00	3759.00	3760.00	3760.00	3760.00	3760.00	3760.00	3761.00	3761.00	3761.00	3761.00	3762.00	3762.00	3762.00	3762.00	3762.00	3762.00	3763.00	3763.00	3763.00	3763.00	3763.00	3764.00	3764.00	3764.00	3764.00	3764.00	3764.00	3764.00	3765.00	3765.00	3765.00	3765.00	3765.00	3765.00	3765.00	3765.00	3765.00	3765.00	3765.00	3765.00	3765.00	3766.00	3766.00	3766.00	3766.00	3766.00	3766.00	3766.00	3766.00	3766.00	3766.00	3766.00	3766.00	3766.00	3766.00	3766.00	3766.00	3766.00	3766.00	3766.00	3767.00	3767.00	3767.00	3767.00	3767.00	3767.00	3767.00	3767.00	3767.00	3767.00	3767.00	3767.00	3767.00	3767.00	3767.00	3767.00	3767.00	3768.00	3768.00	3768.00	3768.00	3768.00	3768.00	3769.00	3769.00	3769.00	3769.00	3769.00	3769.00	3769.00	3769.00	3770.00	3770.00	3770.00	3770.00	3770.00	3770.00	3770.00	3770.00	3770.00	3770.00	3770.00	3770.00	3771.00	3771.00	3771.00	3771.00	3771.00	3771.00	3772.00	3772.00	3772.00	3772.00	3772.00	3772.00	3772.00	3772.00	3773.00	3773.00	3773.00	3773.00	3773.00	3773.00	3773.00	3773.00	3773.00	3773.00	3773.00	3773.00	3774.00	3774.00	3774.00	3774.00	3774.00	3774.00	3774.00	3774.00	3774.00	3774.00	3774.00	3774.00	3774.00	3775.00	3775.00	3775.00	3775.00	3775.00	3775.00	3775.00	3775.00	3775.00	3775.00	3775.00	3775.00	3776.00	3776.00	3776.00	3776.00	3776.00	3776.00	3776.00	3776.00	3776.00	3776.00	3776.00	3776.00	3776.00	3776.00	3776.00	3776.00	3776.00	3776.00	3776.00	3776.00	3776.00	3776.00	3776.00	3776.00	3776.00	3777.00	3777.00	3777.00	3777.00	3777.00	3777.00	3777.00	3777.00	3777.00	3778.00	3778.00	3778.00	3778.00	3778.00	3778.00	3778.00	3778.00	3778.00	3779.00	3779.00	3779.00	3779.00	3779.00	3779.00	3779.00	3779.00	3779.00	3780.00	3780.00	3780.00	3780.00	3780.00
3754.00	3754.00	3754.00	3754.00	3754.00	3754.00	3754.00	3754.00	3754.00	3754.00	3754.00	3754.00	3754.00	3754.00	3754.00	3755.00	3755.00	3755.00	3755.00	3755.00	3755.00	3755.00	3755.00	3755.00	3756.00	3756.00	3756.00	3756.00	3756.00	3756.00	3756.00	3757.00	3757.00	3757.00	3757.00	3757.00	3758.00	3758.00	3758.00	3758.00	3759.00	3759.00	3759.00	3759.00	3759.00	3759.00	3760.00	3760.00	3760.00	3760.00	3760.00	3761.00	3761.00	3761.00	3761.00	3762.00	3762.00	3762.00	3762.00	3762.00	3762.00	3763.00	3763.00	3763.00	3763.00	3763.00	3764.00	3764.00	3764.00	3764.00	3764.00	3764.00	3764.00	3765.00	3765.00	3765.00	3765.00	3765.00	3765.00	3765.00	3765.00	3765.00	3765.00	3765.00	3765.00	3765.00	3766.00	3766.00	3766.00	3766.00	3766.00	3766.00	3766.00	3766.00	3766.00	3766.00	3766.00	3766.00	3766.00	3766.00	3766.00	3766.00	3766.00	3766.00	3766.00	3767.00	3767.00	3767.00	3767.00	3767.00	3767.00	3767.00	3767.00	3767.00	3767.00	3767.00	3767.00	3767.00	3767.00	3767.00	3767.00	3767.00	3768.00	3768.00	3768.00	3768.00	3768.00	3768.00	3769.00	3769.00	3769.00	3769.00	3769.00	3769.00	3769.00	3769.00	3770.00	3770.00	3770.00	3770.00	3770.00	3770.00	3770.00	3770.00	3770.00	3770.00	3770.00	3770.00	3771.00	3771.00	3771.00	3771.00	3771.00	3771.00	3772.00	3772.00	3772.00	3772.00	3772.00	3772.00	3772.00	3772.00	3773.00	3773.00	3773.00	3773.00	3773.00	3773.00	3773.00	3773.00	3773.00	3773.00	3773.00	3773.00	3774.00	3774.00	3774.00	3774.00	3774.00	3774.00	3774.00	3774.00	3774.00	3774.00	3774.00	3774.00	3774.00	3775.00	3775.00	3775.00	3775.00	3775.00	3775.00	3775.00	3775.00	3775.00	3775.00	3775.00	3775.00	3776.00	3776.00	3776.00	3776.00	3776.00	3776.00	3776.00	3776.00	3776.00	3776.00	3776.00	3776.00	3776.00	3776.00	3776.00	3776.00	3776.00	3776.00	3776.00	3776.00	3776.00	3776.00	3776.00	3776.00	3776.00	3777.00	3777.00	3777.00	3777.00	3777.00	3777.00	3777.00	3777.00	3777.00	3778.00	3778.00	3778.00	3778.00	3778.00	3778.00	3778.00	3778.00	3778.00	3779.00	3779.00	3779.00	3779.00	3779.00	3779.00	3779.00	3779.00	3779.00	3780.00	3780.00	3780.00	3780.00	3780.00
3754.00	3754.00	3754.00	3754.00	3754.00	3754.00	3754.00	3754.00	3754.00	3754.00	3754.00	3754.00	3754.00	3754.00	3754.00	3755.00	3755.00	3755.00	3755.00	3755.00	3755.00	3755.00	3755.00	3755.00	3756.00	3756.00	3756.00	3756.00	3756.00	3756.00	3756.00	3757.00	3757.00	3757.00	3757.00	3757.00	3758.00	3758.00	3758.00	3758.00	3759.00	3759.00	3759.00	3759.00	3759.00	3759.00	3760.00	3760.00	3760.00	3760.00	3760.00	3761.00	3761.00	3761.00	3761.00	3762.00	3762.00	3762.00	3762.00	3762.00	3762.00	3763.00	3763.00	3763.00	3763.00	3763.00	3764.00	3764.00	3764.00	3764.00	3764.00	3764.00	3764.00	3765.00	3765.00	3765.00	3765.00	3765.00	3765.00	3765.00	3765.00	3765.00	3765.00	3765.00	3765.00	3765.00	3766.00	3766.00	3766.00	3766.00	3766.00	3766.00	3766.00	3766.00	3766.00	3766.00	3766.00	3766.00	3766.00	3766.00	3766.00	3766.00	3766.00	3766.00	3766.00	3767.00	3767.00	3767.00	3767.00	3767.00	3767.00	3767.00	3767.00	3767.00	3767.00	3767.00	3767.00	3767.00	3767.00	3767.00	3767.00	3767.00	3768.00	3768.00	3768.00	3768.00	3768.00	3768.00	3769.00	3769.00	3769.00	3769.00	3769.00	3769.00	3769.00	3769.00	3770.00	3770.00	3770.00	3770.00	3770.00	3770.00	3770.00	3770.00	3770.00	3770.00	3770.00	3770.00	3771.00	3771.00	3771.00	3771.00	3771.00	3771.00	3772.00	3772.00	3772.00	3772.00	3772.00	3772.00	3772.00	3772.00	3773.00	3773.00	3773.00	3773.00	3773.00	3773.00	3773.00	3773.00	3773.00	3773.00	3773.00	3773.00	3774.00	3774.00	3774.00	3774.00	3774.00	3774.00	3774.00	3774.00	3774.00	3774.00	3774.00	3774.00	3774.00	3775.00	3775.00	3775.00	3775.00	3775.00	3775.00	3775.00	3775.00	3775.00	3775.00	3775.00	3775.00	3776.00	3776.00	3776.00	3776.00	3776.00	3776.00	3776.00	3776.00	3776.00	3776.00	3776.00	3776.00	3776.00	3776.00	3776.00	3776.00	3776.00	3776.00	3776.00	3776.00	3776.00	3776.00	3776.00	3776.00	3776.00	3777.00	3777.00	3777.00	3777.00	3777.00	3777.00	3777.00	3777.00	3777.00	3778.00	3778.00	3778.00	3778.00	3778.00	3778.00	3778.00	3778.00	3778.00	3779.00	3779.00	3779.00	3779.00	3779.00	3779.00	3779.00	3779.00	3779.00	3780.00	3780.00	3780.00	3780.00	3780.00
3754.00	3754.00	3754.00	3754.00	3754.00	3754.00	3754.00	3754.00	3754.00	3754.00	3754.00	3754.00	3754.00	3754.00	3754.00	3755.00	3755.00	3755.00	3755.00	3755.00	3755.00	3755.00	3755.00	3755.00	3756.00	3756.00	3756.00	3756.00	3756.00	3756.00	3756.00	3757.00	3757.00	3757.00	3757.00	3757.00	3758.00	3758.00	3758.00	3758.00	3759.00	3759.00	3759.00	3759.00	3759.00	3759.00	3760.00	3760.00	3760.00	3760.00	3760.00	3761.00	3761.00	3761.00	3761.00	3762.00	3762.00	3762.00	3762.00	3762.00	3762.00	3763.00	3763.00	3763.00	3763.00	3763.00	3764.00	3764.00	3764.00	3764.00	3764.00	3764.00	3764.00	3765.00	3765.00	3765.00	3765.00	3765.00	3765.00	3765.00	3765.00	3765.00	3765.00	3765.00	3765.00	3765.00	3766.00	3766.00	3766.00	3766.00	3766.00	3766.00	3766.00	3766.00	3766.00	3766.00	3766.00	3766.00	3766.00	3766.00	3766.00	3766.00	3766.00	3766.00	3766.00	3767.00	3767.00	3767.00	3767.00	3767.00	3767.00	3767.00	3767.00	3767.00	3767.00	3767.00	3767.00	3767.00	3767.00	3767.00	3767.00	3767.00	3768.00	3768.00	3768.00	3768.00	3768.00	3768.00	3769.00	3769.00	3769.00	3769.00	3769.00	3769.00	3769.00	3769.00	3770.00	3770.00	3770.00	3770.00	3770.00	3770.00	3770.00	3770.00	3770.00	3770.00	3770.00	3770.00	3771.00	3771.00	3771.00	3771.00	3771.00	3771.00	3772.00	3772.00	3772.00	3772.00	3772.00	3772.00	3772.00	3772.00	3773.00	3773.00	3773.00	3773.00	3773.00	3773.00	3773.00	3773.00	3773.00	3773.00	3773.00	3773.00	3774.00	3774.00	3774.00	3774.00	3774.00	3774.00	3774.00	3774.00	3774.00	3774.00	3774.00	3774.00	3774.00	3775.00	3775.00	3775.00	3775.00	3775.00	3775.00	3775.00	3775.00	3775.00	3775.00	3775.00	3775.00	3776.00	3776.00	3776.00	3776.00	3776.00	3776.00	3776.00	3776.00	3776.00	3776.00	3776.00	3776.00	3776.00	3776.00	3776.00	3776.00	3776.00	3776.00	3776.00	3776.00	3776.00	3776.00	3776.00	3776.00	3776.00	3777.00	3777.00	3777.00	3777.00	3777.00	3777.00	3777.00	3777.00	3777.00	3778.00	3778.00	3778.00	3778.00	3778.00	3778.00	3778.00	3778.00	3778.00	3779.00	3779.00	3779.00	3779.00	3779.00	3779.00	3779.00	3779.00	3779.00	3780.00	3780.00	3780.00	3780.00	3780.00
3754.00	3754.00	3754.00	3754.00	3754.00	3754.00	3754.00	3754.00	3754.00	3754.00	3754.00	3754.00	3754.00	3754.00	3754.00	3755.00	3755.00	3755.00	3755.00	3755.00	3755.00	3755.00	3755.00	3755.00	3756.00	3756.00	3756.00	3756.00	3756.00	3756.00	3756.00	3757.00	3757.00	3757.00	3757.00	3757.00	3758.00	3758.00	3758.00	3758.00	3759.00	3759.00	3759.00	3759.00	3759.00	3759.00	3760.00	3760.00	3760.00	3760.00	3760.00	3761.00	3761.00	3761.00	3761.00	3762.00	3762.00	3762.00	3762.00	3762.00	3762.00	3763.00	3763.00	3763.00	3763.00	3763.00	3764.00	3764.00	3764.00	3764.00	3764.00	3764.00	3764.00	3765.00	3765.00	3765.00	3765.00	3765.00	3765.00	3765.00	3765.00	3765.00	3765.00	3765.00	3765.00	3765.00	3766.00	3766.00	3766.00	3766.00	3766.00	3766.00	3766.00	3766.00	3766.00	3766.00	3766.00	3766.00	3766.00	3766.00	3766.00	3766.00	3766.00	3766.00	3766.00	3767.00	3767.00	3767.00	3767.00	3767.00	3767.00	3767.00	3767.00	3767.00	3767.00	3767.00	3767.00	3767.00	3767.00	3767.00	3767.00	3767.00	3768.00	3768.00	3768.00	3768.00	3768.00	3768.00	3769.00	3769.00	3769.00	3769.00	3769.00	3769.00	3769.00	3769.00	3770.00	3770.00	3770.00	3770.00	3770.00	3770.00	3770.00	3770.00	3770.00	3770.00	3770.00	3770.00	3771.00	3771.00	3771.00	3771.00	3771.00	3771.00	3772.00	3772.00	3772.00	3772.00	3772.00	3772.00	3772.00	3772.00	3773.00	3773.00	3773.00	3773.00	3773.00	3773.00	3773.00	3773.00	3773.00	3773.00	3773.00	3773.00	3774.00	3774.00	3774.00	3774.00	3774.00	3774.00	3774.00	3774.00	3774.00	3774.00	3774.00	3774.00	3774.00	3775.00	3775.00	3775.00	3775.00	3775.00	3775.00	3775.00	3775.00	3775.00	3775.00	3775.00	3775.00	3776.00	3776.00	3776.00	3776.00	3776.00	3776.00	3776.00	3776.00	3776.00	3776.00	3776.00	3776.00	3776.00	3776.00	3776.00	3776.00	3776.00	3776.00	3776.00	3776.00	3776.00	3776.00	3776.00	3776.00	3776.00	3777.00	3777.00	3777.00	3777.00	3777.00	3777.00	3777.00	3777.00	3777.00	3778.00	3778.00	3778.00	3778.00	3778.00	3778.00	3778.00	3778.00	3778.00	3779.00	3779.00	3779.00	3779.00	3779.00	3779.00	3779.00	3779.00	3779.00	3780.00	3780.00	3780.00	3780.00	3780.00
3754.00	3754.00	3754.00	3754.00	3754.00	3754.00	3754.00	3754.00	3754.00	3754.00	3754.00	3754.00	3754.00	3754.00	3754.00	3755.00	3755.00	3755.00	3755.00	3755.00	3755.00	3755.00	3755.00	3755.00	3756.00	3756.00	3756.00	3756.00	3756.00	3756.00	3756.00	3757.00	3757.00	3757.00	3757.00	3757.00	3758.00	3758.00	3758.00	3758.00	3759.00	3759.00	3759.00	3759.00	3759.00	3759.00	3760.00	3760.00	3760.00	3760.00	3760.00	3761.00	3761.00	3761.00	3761.00	3762.00	3762.00	3762.00	3762.00	3762.00	3762.00	3763.00	3763.00	3763.00	3763.00	3763.00	3764.00	3764.00	3764.00	3764.00	3764.00	3764.00	3764.00	3765.00	3765.00	3765.00	3765.00	3765.00	3765.00	3765.00	3765.00	3765.00	3765.00	3765.00	3765.00	3765.00	3766.00	3766.00	3766.00	3766.00	3766.00	3766.00	3766.00	3766.00	3766.00	3766.00	3766.00	3766.00	3766.00	3766.00	3766.00	3766.00	3766.00	3766.00	3766.00	3767.00	3767.00	3767.00	3767.00	3767.00	3767.00	3767.00	3767.00	3767.00	3767.00	3767.00	3767.00	3767.00	3767.00	3767.00	3767.00	3767.00	3768.00	3768.00	3768.00	3768.00	3768.00	3768.00	3769.00	3769.00	3769.00	3769.00	3769.00	3769.00	3769.00	3769.00	3770.00	3770.00	3770.00	3770.00	3770.00	3770.00	3770.00	3770.00	3770.00	3770.00	3770.00	3770.00	3771.00	3771.00	3771.00	3771.00	3771.00	3771.00	3772.00	3772.00	3772.00	3772.00	3772.00	3772.00	3772.00	3772.00	3773.00	3773.00	3773.00	3773.00	3773.00	3773.00	3773.00	3773.00	3773.00	3773.00	3773.00	3773.00	3774.00	3774.00	3774.00	3774.00	3774.00	3774.00	3774.00	3774.00	3774.00	3774.00	3774.00	3774.00	3774.00	3775.00	3775.00	3775.00	3775.00	3775.00	3775.00	3775.00	3775.00	3775.00	3775.00	3775.00	3775.00	3776.00	3776.00	3776.00	3776.00	3776.00	3776.00	3776.00	3776.00	3776.00	3776.00	3776.00	3776.00	3776.00	3776.00	3776.00	3776.00	3776.00	3776.00	3776.00	3776.00	3776.00	3776.00	3776.00	3776.00	3776.00	3777.00	3777.00	3777.00	3777.00	3777.00	3777.00	3777.00	3777.00	3777.00	3778.00	3778.00	3778.00	3778.00	3778.00	3778.00	3778.00	3778.00	3778.00	3779.00	3779.00	3779.00	3779.00	3779.00	3779.00	3779.00	3779.00	3779.00	3780.00	3780.00	3780.00	3780.00	3780.00
3754.00	3754.00	3754.00	3754.00	3754.00	3754.00	3754.00	3754.00	3754.00	3754.00	3754.00	3754.00	3754.00	3754.00	3754.00	3755.00	3755.00	3755.00	3755.00	3755.00	3755.00	3755.00	3755.00	3755.00	3756.00	3756.00	3756.00	3756.00	3756.00	3756.00	3756.00	3757.00	3757.00	3757.00	3757.00	3757.00	3758.00	3758.00	3758.00	3758.00	3759.00	3759.00	3759.00	3759.00	3759.00	3759.00	3760.00	3760.00	3760.00	3760.00	3760.00	3761.00	3761.00	3761.00	3761.00	3762.00	3762.00	3762.00	3762.00	3762.00	3762.00	3763.00	3763.00	3763.00	3763.00	3763.00	3764.00	3764.00	3764.00	3764.00	3764.00	3764.00	3764.00	3765.00	3765.00	3765.00	3765.00	3765.00	3765.00	3765.00	3765.00	3765.00	3765.00	3765.00	3765.00	3765.00	3766.00	3766.00	3766.00	3766.00	3766.00	3766.00	3766.00	3766.00	3766.00	3766.00	3766.00	3766.00	3766.00	3766.00	3766.00	3766.00	3766.00	3766.00	3766.00	3767.00	3767.00	3767.00	3767.00	3767.00	3767.00	3767.00	3767.00	3767.00	3767.00	3767.00	3767.00	3767.00	3767.00	3767.00	3767.00	3767.00	3768.00	3768.00	3768.00	3768.00	3768.00	3768.00	3769.00	3769.00	3769.00	3769.00	3769.00	3769.00	3769.00	3769.00	3770.00	3770.00	3770.00	3770.00	3770.00	3770.00	3770.00	3770.00	3770.00	3770.00	3770.00	3770.00	3771.00	3771.00	3771.00	3771.00	3771.00	3771.00	3772.00	3772.00	3772.00	3772.00	3772.00	3772.00	3772.00	3772.00	3773.00	3773.00	3773.00	3773.00	3773.00	3773.00	3773.00	3773.00	3773.00	3773.00	3773.00	3773.00	3774.00	3774.00	3774.00	3774.00	3774.00	3774.00	3774.00	3774.00	3774.00	3774.00	3774.00	3774.00	3774.00	3775.00	3775.00	3775.00	3775.00	3775.00	3775.00	3775.00	3775.00	3775.00	3775.00	3775.00	3775.00	3776.00	3776.00	3776.00	3776.00	3776.00	3776.00	3776.00	3776.00	3776.00	3776.00	3776.00	3776.00	3776.00	3776.00	3776.00	3776.00	3776.00	3776.00	3776.00	3776.00	3776.00	3776.00	3776.00	3776.00	3776.00	3777.00	3777.00	3777.00	3777.00	3777.00	3777.00	3777.00	3777.00	3777.00	3778.00	3778.00	3778.00	3778.00	3778.00	3778.00	3778.00	3778.00	3778.00	3779.00	3779.00	3779.00	3779.00	3779.00	3779.00	3779.00	3779.00	3779.00	3780.00	3780.00	3780.00	3780.00	3780.00
3754.00	3754.00	3754.00	3754.00	3754.00	3754.00	3754.00	3754.00	3754.00	3754.00	3754.00	3754.00	3754.00	3754.00	3754.00	3755.00	3755.00	3755.00	3755.00	3755.00	3755.00	3755.00	3755.00	3755.00	3756.00	3756.00	3756.00	3756.00	3756.00	3756.00	3756.00	3757.00	3757.00	3757.00	3757.00	3757.00	3758.00	3758.00	3758.00	3758.00	3759.00	3759.00	3759.00	3759.00	3759.00	3759.00	3760.00	3760.00	3760.00	3760.00	3760.00	3761.00	3761.00	3761.00	3761.00	3762.00	3762.00	3762.00	3762.00	3762.00	3762.00	3763.00	3763.00	3763.00	3763.00	3763.00	3764.00	3764.00	3764.00	3764.00	3764.00	3764.00	3764.00	3765.00	3765.00	3765.00	3765.00	3765.00	3765.00	3765.00	3765.00	3765.00	3765.00	3765.00	3765.00	3765.00	3766.00	3766.00	3766.00	3766.00	3766.00	3766.00	3766.00	3766.00	3766.00	3766.00	3766.00	3766.00	3766.00	3766.00	3766.00	3766.00	3766.00	3766.00	3766.00	3767.00	3767.00	3767.00	3767.00	3767.00	3767.00	3767.00	3767.00	3767.00	3767.00	3767.00	3767.00	3767.00	3767.00	3767.00	3767.00	3767.00	3768.00	3768.00	3768.00	3768.00	3768.00	3768.00	3769.00	3769.00	3769.00	3769.00	3769.00	3769.00	3769.00	3769.00	3770.00	3770.00	3770.00	3770.00	3770.00	3770.00	3770.00	3770.00	3770.00	3770.00	3770.00	3770.00	3771.00	3771.00	3771.00	3771.00	3771.00	3771.00	3772.00	3772.00	3772.00	3772.00	3772.00	3772.00	3772.00	3772.00	3773.00	3773.00	3773.00	3773.00	3773.00	3773.00	3773.00	3773.00	3773.00	3773.00	3773.00	3773.00	3774.00	3774.00	3774.00	3774.00	3774.00	3774.00	3774.00	3774.00	3774.00	3774.00	3774.00	3774.00	3774.00	3775.00	3775.00	3775.00	3775.00	3775.00	3775.00	3775.00	3775.00	3775.00	3775.00	3775.00	3775.00	3776.00	3776.00	3776.00	3776.00	3776.00	3776.00	3776.00	3776.00	3776.00	3776.00	3776.00	3776.00	3776.00	3776.00	3776.00	3776.00	3776.00	3776.00	3776.00	3776.00	3776.00	3776.00	3776.00	3776.00	3776.00	3777.00	3777.00	3777.00	3777.00	3777.00	3777.00	3777.00	3777.00	3777.00	3778.00	3778.00	3778.00	3778.00	3778.00	3778.00	3778.00	3778.00	3778.00	3779.00	3779.00	3779.00	3779.00	3779.00	3779.00	3779.00	3779.00	3779.00	3780.00	3780.00	3780.00	3780.00	3780.00
3751.00	3751.00	3751.00	3751.00	3751.00	3751.00	3751.00	3751.00	3752.00	3752.00	3752.00	3752.00	3752.00	3752.00	3752.00	3752.00	3752.00	3752.00	3753.00	3753.00	3753.00	3753.00	3753.00	3753.00	3753.00	3753.00	3753.00	3754.00	3754.00	3754.00	3754.00	3754.00	3754.00	3754.00	3755.00	3755.00	3755.00	3755.00	3755.00	3755.00	3755.00	3755.00	3756.00	3756.00	3756.00	3756.00	3756.00	3756.00	3757.00	3757.00	3757.00	3757.00	3757.00	3757.00	3758.00	3758.00	3758.00	3758.00	3758.00	3758.00	3759.00	3759.00	3759.00	3759.00	3759.00	3759.00	3760.00	3760.00	3760.00	3760.00	3760.00	3760.00	3761.00	3761.00	3761.00	3761.00	3761.00	3761.00	3761.00	3761.00	3761.00	3762.00	3762.00	3762.00	3762.00	3762.00	3762.00	3762.00	3762.00	3763.00	3763.00	3763.00	3763.00	3763.00	3763.00	3763.00	3763.00	3763.00	3763.00	3763.00	3763.00	3764.00	3764.00	3764.00	3764.00	3764.00	3764.00	3764.00	3764.00	3764.00	3764.00	3764.00	3764.00	3764.00	3764.00	3764.00	3764.00	3764.00	3764.00	3764.00	3764.00	3765.00	3765.00	3765.00	3765.00	3765.00	3765.00	3765.00	3765.00	3765.00	3766.00	3766.00	3766.00	3766.00	3766.00	3766.00	3767.00	3767.00	3767.00	3767.00	3767.00	3767.00	3767.00	3767.00	3767.00	3768.00	3768.00	3768.00	3768.00	3768.00	3768.00	3768.00	3768.00	3768.00	3769.00	3769.00	3769.00	3769.00	3769.00	3769.00	3769.00	3769.00	3769.00	3770.00	3770.00	3770.00	3770.00	3770.00	3770.00	3770.00	3770.00	3770.00	3771.00	3771.00	3771.00	3771.00	3771.00	3771.00	3771.00	3771.00	3771.00	3771.00	3771.00	3771.00	3771.00	3771.00	3771.00	3771.00	3771.00	3771.00	3771.00	3771.00	3771.00	3771.00	3771.00	3772.00	3772.00	3772.00	3772.00	3772.00	3772.00	3772.00	3772.00	3772.00	3772.00	3772.00	3772.00	3772.00	3773.00	3773.00	3773.00	3773.00	3773.00	3773.00	3773.00	3773.00	3773.00	3773.00	3773.00	3773.00	3773.00	3774.00	3774.00	3774.00	3774.00	3774.00	3774.00	3774.00	3774.00	3774.00	3774.00	3774.00	3774.00	3775.00	3775.00	3775.00	3775.00	3775.00	3775.00	3775.00	3776.00	3776.00	3776.00	3776.00	3776.00	3776.00	3776.00	3776.00	3777.00	3777.00	3777.00	3777.00	3777.00	3777.00	3777.00	3777.00
3751.00	3751.00	3751.00	3751.00	3751.00	3751.00	3751.00	3751.00	3752.00	3752.00	3752.00	3752.00	3752.00	3752.00	3752.00	3752.00	3752.00	3752.00	3753.00	3753.00	3753.00	3753.00	3753.00	3753.00	3753.00	3753.00	3753.00	3754.00	3754.00	3754.00	3754.00	3754.00	3754.00	3754.00	3755.00	3755.00	3755.00	3755.00	3755.00	3755.00	3755.00	3755.00	3756.00	3756.00	3756.00	3756.00	3756.00	3756.00	3757.00	3757.00	3757.00	3757.00	3757.00	3757.00	3758.00	3758.00	3758.00	3758.00	3758.00	3758.00	3759.00	3759.00	3759.00	3759.00	3759.00	3759.00	3760.00	3760.00	3760.00	3760.00	3760.00	3760.00	3761.00	3761.00	3761.00	3761.00	3761.00	3761.00	3761.00	3761.00	3761.00	3762.00	3762.00	3762.00	3762.00	3762.00	3762.00	3762.00	3762.00	3763.00	3763.00	3763.00	3763.00	3763.00	3763.00	3763.00	3763.00	3763.00	3763.00	3763.00	3763.00	3764.00	3764.00	3764.00	3764.00	3764.00	3764.00	3764.00	3764.00	3764.00	3764.00	3764.00	3764.00	3764.00	3764.00	3764.00	3764.00	3764.00	3764.00	3764.00	3764.00	3765.00	3765.00	3765.00	3765.00	3765.00	3765.00	3765.00	3765.00	3765.00	3766.00	3766.00	3766.00	3766.00	3766.00	3766.00	3767.00	3767.00	3767.00	3767.00	3767.00	3767.00	3767.00	3767.00	3767.00	3768.00	3768.00	3768.00	3768.00	3768.00	3768.00	3768.00	3768.00	3768.00	3769.00	3769.00	3769.00	3769.00	3769.00	3769.00	3769.00	3769.00	3769.00	3770.00	3770.00	3770.00	3770.00	3770.00	3770.00	3770.00	3770.00	3770.00	3771.00	3771.00	3771.00	3771.00	3771.00	3771.00	3771.00	3771.00	3771.00	3771.00	3771.00	3771.00	3771.00	3771.00	3771.00	3771.00	3771.00	3771.00	3771.00	3771.00	3771.00	3771.00	3771.00	3772.00	3772.00	3772.00	3772.00	3772.00	3772.00	3772.00	3772.00	3772.00	3772.00	3772.00	3772.00	3772.00	3773.00	3773.00	3773.00	3773.00	3773.00	3773.00	3773.00	3773.00	3773.00	3773.00	3773.00	3773.00	3773.00	3774.00	3774.00	3774.00	3774.00	3774.00	3774.00	3774.00	3774.00	3774.00	3774.00	3774.00	3774.00	3775.00	3775.00	3775.00	3775.00	3775.00	3775.00	3775.00	3776.00	3776.00	3776.00	3776.00	3776.00	3776.00	3776.00	3776.00	3777.00	3777.00	3777.00	3777.00	3777.00	3777.00	3777.00	3777.00
3751.00	3751.00	3751.00	3751.00	3751.00	3751.00	3751.00	3751.00	3752.00	3752.00	3752.00	3752.00	3752.00	3752.00	3752.00	3752.00	3752.00	3752.00	3753.00	3753.00	3753.00	3753.00	3753.00	3753.00	3753.00	3753.00	3753.00	3754.00	3754.00	3754.00	3754.00	3754.00	3754.00	3754.00	3755.00	3755.00	3755.00	3755.00	3755.00	3755.00	3755.00	3755.00	3756.00	3756.00	3756.00	3756.00	3756.00	3756.00	3757.00	3757.00	3757.00	3757.00	3757.00	3757.00	3758.00	3758.00	3758.00	3758.00	3758.00	3758.00	3759.00	3759.00	3759.00	3759.00	3759.00	3759.00	3760.00	3760.00	3760.00	3760.00	3760.00	3760.00	3761.00	3761.00	3761.00	3761.00	3761.00	3761.00	3761.00	3761.00	3761.00	3762.00	3762.00	3762.00	3762.00	3762.00	3762.00	3762.00	3762.00	3763.00	3763.00	3763.00	3763.00	3763.00	3763.00	3763.00	3763.00	3763.00	3763.00	3763.00	3763.00	3764.00	3764.00	3764.00	3764.00	3764.00	3764.00	3764.00	3764.00	3764.00	3764.00	3764.00	3764.00	3764.00	3764.00	3764.00	3764.00	3764.00	3764.00	3764.00	3764.00	3765.00	3765.00	3765.00	3765.00	3765.00	3765.00	3765.00	3765.00	3765.00	3766.00	3766.00	3766.00	3766.00	3766.00	3766.00	3767.00	3767.00	3767.00	3767.00	3767.00	3767.00	3767.00	3767.00	3767.00	3768.00	3768.00	3768.00	3768.00	3768.00	3768.00	3768.00	3768.00	3768.00	3769.00	3769.00	3769.00	3769.00	3769.00	3769.00	3769.00	3769.00	3769.00	3770.00	3770.00	3770.00	3770.00	3770.00	3770.00	3770.00	3770.00	3770.00	3771.00	3771.00	3771.00	3771.00	3771.00	3771.00	3771.00	3771.00	3771.00	3771.00	3771.00	3771.00	3771.00	3771.00	3771.00	3771.00	3771.00	3771.00	3771.00	3771.00	3771.00	3771.00	3771.00	3772.00	3772.00	3772.00	3772.00	3772.00	3772.00	3772.00	3772.00	3772.00	3772.00	3772.00	3772.00	3772.00	3773.00	3773.00	3773.00	3773.00	3773.00	3773.00	3773.00	3773.00	3773.00	3773.00	3773.00	3773.00	3773.00	3774.00	3774.00	3774.00	3774.00	3774.00	3774.00	3774.00	3774.00	3774.00	3774.00	3774.00	3774.00	3775.00	3775.00	3775.00	3775.00	3775.00	3775.00	3775.00	3776.00	3776.00	3776.00	3776.00	3776.00	3776.00	3776.00	3776.00	3777.00	3777.00	3777.00	3777.00	3777.00	3777.00	3777.00	3777.00
3751.00	3751.00	3751.00	3751.00	3751.00	3751.00	3751.00	3751.00	3752.00	3752.00	3752.00	3752.00	3752.00	3752.00	3752.00	3752.00	3752.00	3752.00	3753.00	3753.00	3753.00	3753.00	3753.00	3753.00	3753.00	3753.00	3753.00	3754.00	3754.00	3754.00	3754.00	3754.00	3754.00	3754.00	3755.00	3755.00	3755.00	3755.00	3755.00	3755.00	3755.00	3755.00	3756.00	3756.00	3756.00	3756.00	3756.00	3756.00	3757.00	3757.00	3757.00	3757.00	3757.00	3757.00	3758.00	3758.00	3758.00	3758.00	3758.00	3758.00	3759.00	3759.00	3759.00	3759.00	3759.00	3759.00	3760.00	3760.00	3760.00	3760.00	3760.00	3760.00	3761.00	3761.00	3761.00	3761.00	3761.00	3761.00	3761.00	3761.00	3761.00	3762.00	3762.00	3762.00	3762.00	3762.00	3762.00	3762.00	3762.00	3763.00	3763.00	3763.00	3763.00	3763.00	3763.00	3763.00	3763.00	3763.00	3763.00	3763.00	3763.00	3764.00	3764.00	3764.00	3764.00	3764.00	3764.00	3764.00	3764.00	3764.00	3764.00	3764.00	3764.00	3764.00	3764.00	3764.00	3764.00	3764.00	3764.00	3764.00	3764.00	3765.00	3765.00	3765.00	3765.00	3765.00	3765.00	3765.00	3765.00	3765.00	3766.00	3766.00	3766.00	3766.00	3766.00	3766.00	3767.00	3767.00	3767.00	3767.00	3767.00	3767.00	3767.00	3767.00	3767.00	3768.00	3768.00	3768.00	3768.00	3768.00	3768.00	3768.00	3768.00	3768.00	3769.00	3769.00	3769.00	3769.00	3769.00	3769.00	3769.00	3769.00	3769.00	3770.00	3770.00	3770.00	3770.00	3770.00	3770.00	3770.00	3770.00	3770.00	3771.00	3771.00	3771.00	3771.00	3771.00	3771.00	3771.00	3771.00	3771.00	3771.00	3771.00	3771.00	3771.00	3771.00	3771.00	3771.00	3771.00	3771.00	3771.00	3771.00	3771.00	3771.00	3771.00	3772.00	3772.00	3772.00	3772.00	3772.00	3772.00	3772.00	3772.00	3772.00	3772.00	3772.00	3772.00	3772.00	3773.00	3773.00	3773.00	3773.00	3773.00	3773.00	3773.00	3773.00	3773.00	3773.00	3773.00	3773.00	3773.00	3774.00	3774.00	3774.00	3774.00	3774.00	3774.00	3774.00	3774.00	3774.00	3774.00	3774.00	3774.00	3775.00	3775.00	3775.00	3775.00	3775.00	3775.00	3775.00	3776.00	3776.00	3776.00	3776.00	3776.00	3776.00	3776.00	3776.00	3777.00	3777.00	3777.00	3777.00	3777.00	3777.00	3777.00	3777.00
3751.00	3751.00	3751.00	3751.00	3751.00	3751.00	3751.00	3751.00	3752.00	3752.00	3752.00	3752.00	3752.00	3752.00	3752.00	3752.00	3752.00	3752.00	3753.00	3753.00	3753.00	3753.00	3753.00	3753.00	3753.00	3753.00	3753.00	3754.00	3754.00	3754.00	3754.00	3754.00	3754.00	3754.00	3755.00	3755.00	3755.00	3755.00	3755.00	3755.00	3755.00	3755.00	3756.00	3756.00	3756.00	3756.00	3756.00	3756.00	3757.00	3757.00	3757.00	3757.00	3757.00	3757.00	3758.00	3758.00	3758.00	3758.00	3758.00	3758.00	3759.00	3759.00	3759.00	3759.00	3759.00	3759.00	3760.00	3760.00	3760.00	3760.00	3760.00	3760.00	3761.00	3761.00	3761.00	3761.00	3761.00	3761.00	3761.00	3761.00	3761.00	3762.00	3762.00	3762.00	3762.00	3762.00	3762.00	3762.00	3762.00	3763.00	3763.00	3763.00	3763.00	3763.00	3763.00	3763.00	3763.00	3763.00	3763.00	3763.00	3763.00	3764.00	3764.00	3764.00	3764.00	3764.00	3764.00	3764.00	3764.00	3764.00	3764.00	3764.00	3764.00	3764.00	3764.00	3764.00	3764.00	3764.00	3764.00	3764.00	3764.00	3765.00	3765.00	3765.00	3765.00	3765.00	3765.00	3765.00	3765.00	3765.00	3766.00	3766.00	3766.00	3766.00	3766.00	3766.00	3767.00	3767.00	3767.00	3767.00	3767.00	3767.00	3767.00	3767.00	3767.00	3768.00	3768.00	3768.00	3768.00	3768.00	3768.00	3768.00	3768.00	3768.00	3769.00	3769.00	3769.00	3769.00	3769.00	3769.00	3769.00	3769.00	3769.00	3770.00	3770.00	3770.00	3770.00	3770.00	3770.00	3770.00	3770.00	3770.00	3771.00	3771.00	3771.00	3771.00	3771.00	3771.00	3771.00	3771.00	3771.00	3771.00	3771.00	3771.00	3771.00	3771.00	3771.00	3771.00	3771.00	3771.00	3771.00	3771.00	3771.00	3771.00	3771.00	3772.00	3772.00	3772.00	3772.00	3772.00	3772.00	3772.00	3772.00	3772.00	3772.00	3772.00	3772.00	3772.00	3773.00	3773.00	3773.00	3773.00	3773.00	3773.00	3773.00	3773.00	3773.00	3773.00	3773.00	3773.00	3773.00	3774.00	3774.00	3774.00	3774.00	3774.00	3774.00	3774.00	3774.00	3774.00	3774.00	3774.00	3774.00	3775.00	3775.00	3775.00	3775.00	3775.00	3775.00	3775.00	3776.00	3776.00	3776.00	3776.00	3776.00	3776.00	3776.00	3776.00	3777.00	3777.00	3777.00	3777.00	3777.00	3777.00	3777.00	3777.00
3751.00	3751.00	3751.00	3751.00	3751.00	3751.00	3751.00	3751.00	3752.00	3752.00	3752.00	3752.00	3752.00	3752.00	3752.00	3752.00	3752.00	3752.00	3753.00	3753.00	3753.00	3753.00	3753.00	3753.00	3753.00	3753.00	3753.00	3754.00	3754.00	3754.00	3754.00	3754.00	3754.00	3754.00	3755.00	3755.00	3755.00	3755.00	3755.00	3755.00	3755.00	3755.00	3756.00	3756.00	3756.00	3756.00	3756.00	3756.00	3757.00	3757.00	3757.00	3757.00	3757.00	3757.00	3758.00	3758.00	3758.00	3758.00	3758.00	3758.00	3759.00	3759.00	3759.00	3759.00	3759.00	3759.00	3760.00	3760.00	3760.00	3760.00	3760.00	3760.00	3761.00	3761.00	3761.00	3761.00	3761.00	3761.00	3761.00	3761.00	3761.00	3762.00	3762.00	3762.00	3762.00	3762.00	3762.00	3762.00	3762.00	3763.00	3763.00	3763.00	3763.00	3763.00	3763.00	3763.00	3763.00	3763.00	3763.00	3763.00	3763.00	3764.00	3764.00	3764.00	3764.00	3764.00	3764.00	3764.00	3764.00	3764.00	3764.00	3764.00	3764.00	3764.00	3764.00	3764.00	3764.00	3764.00	3764.00	3764.00	3764.00	3765.00	3765.00	3765.00	3765.00	3765.00	3765.00	3765.00	3765.00	3765.00	3766.00	3766.00	3766.00	3766.00	3766.00	3766.00	3767.00	3767.00	3767.00	3767.00	3767.00	3767.00	3767.00	3767.00	3767.00	3768.00	3768.00	3768.00	3768.00	3768.00	3768.00	3768.00	3768.00	3768.00	3769.00	3769.00	3769.00	3769.00	3769.00	3769.00	3769.00	3769.00	3769.00	3770.00	3770.00	3770.00	3770.00	3770.00	3770.00	3770.00	3770.00	3770.00	3771.00	3771.00	3771.00	3771.00	3771.00	3771.00	3771.00	3771.00	3771.00	3771.00	3771.00	3771.00	3771.00	3771.00	3771.00	3771.00	3771.00	3771.00	3771.00	3771.00	3771.00	3771.00	3771.00	3772.00	3772.00	3772.00	3772.00	3772.00	3772.00	3772.00	3772.00	3772.00	3772.00	3772.00	3772.00	3772.00	3773.00	3773.00	3773.00	3773.00	3773.00	3773.00	3773.00	3773.00	3773.00	3773.00	3773.00	3773.00	3773.00	3774.00	3774.00	3774.00	3774.00	3774.00	3774.00	3774.00	3774.00	3774.00	3774.00	3774.00	3774.00	3775.00	3775.00	3775.00	3775.00	3775.00	3775.00	3775.00	3776.00	3776.00	3776.00	3776.00	3776.00	3776.00	3776.00	3776.00	3777.00	3777.00	3777.00	3777.00	3777.00	3777.00	3777.00	3777.00
3751.00	3751.00	3751.00	3751.00	3751.00	3751.00	3751.00	3751.00	3752.00	3752.00	3752.00	3752.00	3752.00	3752.00	3752.00	3752.00	3752.00	3752.00	3753.00	3753.00	3753.00	3753.00	3753.00	3753.00	3753.00	3753.00	3753.00	3754.00	3754.00	3754.00	3754.00	3754.00	3754.00	3754.00	3755.00	3755.00	3755.00	3755.00	3755.00	3755.00	3755.00	3755.00	3756.00	3756.00	3756.00	3756.00	3756.00	3756.00	3757.00	3757.00	3757.00	3757.00	3757.00	3757.00	3758.00	3758.00	3758.00	3758.00	3758.00	3758.00	3759.00	3759.00	3759.00	3759.00	3759.00	3759.00	3760.00	3760.00	3760.00	3760.00	3760.00	3760.00	3761.00	3761.00	3761.00	3761.00	3761.00	3761.00	3761.00	3761.00	3761.00	3762.00	3762.00	3762.00	3762.00	3762.00	3762.00	3762.00	3762.00	3763.00	3763.00	3763.00	3763.00	3763.00	3763.00	3763.00	3763.00	3763.00	3763.00	3763.00	3763.00	3764.00	3764.00	3764.00	3764.00	3764.00	3764.00	3764.00	3764.00	3764.00	3764.00	3764.00	3764.00	3764.00	3764.00	3764.00	3764.00	3764.00	3764.00	3764.00	3764.00	3765.00	3765.00	3765.00	3765.00	3765.00	3765.00	3765.00	3765.00	3765.00	3766.00	3766.00	3766.00	3766.00	3766.00	3766.00	3767.00	3767.00	3767.00	3767.00	3767.00	3767.00	3767.00	3767.00	3767.00	3768.00	3768.00	3768.00	3768.00	3768.00	3768.00	3768.00	3768.00	3768.00	3769.00	3769.00	3769.00	3769.00	3769.00	3769.00	3769.00	3769.00	3769.00	3770.00	3770.00	3770.00	3770.00	3770.00	3770.00	3770.00	3770.00	3770.00	3771.00	3771.00	3771.00	3771.00	3771.00	3771.00	3771.00	3771.00	3771.00	3771.00	3771.00	3771.00	3771.00	3771.00	3771.00	3771.00	3771.00	3771.00	3771.00	3771.00	3771.00	3771.00	3771.00	3772.00	3772.00	3772.00	3772.00	3772.00	3772.00	3772.00	3772.00	3772.00	3772.00	3772.00	3772.00	3772.00	3773.00	3773.00	3773.00	3773.00	3773.00	3773.00	3773.00	3773.00	3773.00	3773.00	3773.00	3773.00	3773.00	3774.00	3774.00	3774.00	3774.00	3774.00	3774.00	3774.00	3774.00	3774.00	3774.00	3774.00	3774.00	3775.00	3775.00	3775.00	3775.00	3775.00	3775.00	3775.00	3776.00	3776.00	3776.00	3776.00	3776.00	3776.00	3776.00	3776.00	3777.00	3777.00	3777.00	3777.00	3777.00	3777.00	3777.00	3777.00
3751.00	3751.00	3751.00	3751.00	3751.00	3751.00	3751.00	3751.00	3752.00	3752.00	3752.00	3752.00	3752.00	3752.00	3752.00	3752.00	3752.00	3752.00	3753.00	3753.00	3753.00	3753.00	3753.00	3753.00	3753.00	3753.00	3753.00	3754.00	3754.00	3754.00	3754.00	3754.00	3754.00	3754.00	3755.00	3755.00	3755.00	3755.00	3755.00	3755.00	3755.00	3755.00	3756.00	3756.00	3756.00	3756.00	3756.00	3756.00	3757.00	3757.00	3757.00	3757.00	3757.00	3757.00	3758.00	3758.00	3758.00	3758.00	3758.00	3758.00	3759.00	3759.00	3759.00	3759.00	3759.00	3759.00	3760.00	3760.00	3760.00	3760.00	3760.00	3760.00	3761.00	3761.00	3761.00	3761.00	3761.00	3761.00	3761.00	3761.00	3761.00	3762.00	3762.00	3762.00	3762.00	3762.00	3762.00	3762.00	3762.00	3763.00	3763.00	3763.00	3763.00	3763.00	3763.00	3763.00	3763.00	3763.00	3763.00	3763.00	3763.00	3764.00	3764.00	3764.00	3764.00	3764.00	3764.00	3764.00	3764.00	3764.00	3764.00	3764.00	3764.00	3764.00	3764.00	3764.00	3764.00	3764.00	3764.00	3764.00	3764.00	3765.00	3765.00	3765.00	3765.00	3765.00	3765.00	3765.00	3765.00	3765.00	3766.00	3766.00	3766.00	3766.00	3766.00	3766.00	3767.00	3767.00	3767.00	3767.00	3767.00	3767.00	3767.00	3767.00	3767.00	3768.00	3768.00	3768.00	3768.00	3768.00	3768.00	3768.00	3768.00	3768.00	3769.00	3769.00	3769.00	3769.00	3769.00	3769.00	3769.00	3769.00	3769.00	3770.00	3770.00	3770.00	3770.00	3770.00	3770.00	3770.00	3770.00	3770.00	3771.00	3771.00	3771.00	3771.00	3771.00	3771.00	3771.00	3771.00	3771.00	3771.00	3771.00	3771.00	3771.00	3771.00	3771.00	3771.00	3771.00	3771.00	3771.00	3771.00	3771.00	3771.00	3771.00	3772.00	3772.00	3772.00	3772.00	3772.00	3772.00	3772.00	3772.00	3772.00	3772.00	3772.00	3772.00	3772.00	3773.00	3773.00	3773.00	3773.00	3773.00	3773.00	3773.00	3773.00	3773.00	3773.00	3773.00	3773.00	3773.00	3774.00	3774.00	3774.00	3774.00	3774.00	3774.00	3774.00	3774.00	3774.00	3774.00	3774.00	3774.00	3775.00	3775.00	3775.00	3775.00	3775.00	3775.00	3775.00	3776.00	3776.00	3776.00	3776.00	3776.00	3776.00	3776.00	3776.00	3777.00	3777.00	3777.00	3777.00	3777.00	3777.00	3777.00	3777.00
3751.00	3751.00	3751.00	3751.00	3751.00	3751.00	3751.00	3751.00	3752.00	3752.00	3752.00	3752.00	3752.00	3752.00	3752.00	3752.00	3752.00	3752.00	3753.00	3753.00	3753.00	3753.00	3753.00	3753.00	3753.00	3753.00	3753.00	3754.00	3754.00	3754.00	3754.00	3754.00	3754.00	3754.00	3755.00	3755.00	3755.00	3755.00	3755.00	3755.00	3755.00	3755.00	3756.00	3756.00	3756.00	3756.00	3756.00	3756.00	3757.00	3757.00	3757.00	3757.00	3757.00	3757.00	3758.00	3758.00	3758.00	3758.00	3758.00	3758.00	3759.00	3759.00	3759.00	3759.00	3759.00	3759.00	3760.00	3760.00	3760.00	3760.00	3760.00	3760.00	3761.00	3761.00	3761.00	3761.00	3761.00	3761.00	3761.00	3761.00	3761.00	3762.00	3762.00	3762.00	3762.00	3762.00	3762.00	3762.00	3762.00	3763.00	3763.00	3763.00	3763.00	3763.00	3763.00	3763.00	3763.00	3763.00	3763.00	3763.00	3763.00	3764.00	3764.00	3764.00	3764.00	3764.00	3764.00	3764.00	3764.00	3764.00	3764.00	3764.00	3764.00	3764.00	3764.00	3764.00	3764.00	3764.00	3764.00	3764.00	3764.00	3765.00	3765.00	3765.00	3765.00	3765.00	3765.00	3765.00	3765.00	3765.00	3766.00	3766.00	3766.00	3766.00	3766.00	3766.00	3767.00	3767.00	3767.00	3767.00	3767.00	3767.00	3767.00	3767.00	3767.00	3768.00	3768.00	3768.00	3768.00	3768.00	3768.00	3768.00	3768.00	3768.00	3769.00	3769.00	3769.00	3769.00	3769.00	3769.00	3769.00	3769.00	3769.00	3770.00	3770.00	3770.00	3770.00	3770.00	3770.00	3770.00	3770.00	3770.00	3771.00	3771.00	3771.00	3771.00	3771.00	3771.00	3771.00	3771.00	3771.00	3771.00	3771.00	3771.00	3771.00	3771.00	3771.00	3771.00	3771.00	3771.00	3771.00	3771.00	3771.00	3771.00	3771.00	3772.00	3772.00	3772.00	3772.00	3772.00	3772.00	3772.00	3772.00	3772.00	3772.00	3772.00	3772.00	3772.00	3773.00	3773.00	3773.00	3773.00	3773.00	3773.00	3773.00	3773.00	3773.00	3773.00	3773.00	3773.00	3773.00	3774.00	3774.00	3774.00	3774.00	3774.00	3774.00	3774.00	3774.00	3774.00	3774.00	3774.00	3774.00	3775.00	3775.00	3775.00	3775.00	3775.00	3775.00	3775.00	3776.00	3776.00	3776.00	3776.00	3776.00	3776.00	3776.00	3776.00	3777.00	3777.00	3777.00	3777.00	3777.00	3777.00	3777.00	3777.00
3751.00	3751.00	3751.00	3751.00	3751.00	3751.00	3751.00	3751.00	3752.00	3752.00	3752.00	3752.00	3752.00	3752.00	3752.00	3752.00	3752.00	3752.00	3753.00	3753.00	3753.00	3753.00	3753.00	3753.00	3753.00	3753.00	3753.00	3754.00	3754.00	3754.00	3754.00	3754.00	3754.00	3754.00	3755.00	3755.00	3755.00	3755.00	3755.00	3755.00	3755.00	3755.00	3756.00	3756.00	3756.00	3756.00	3756.00	3756.00	3757.00	3757.00	3757.00	3757.00	3757.00	3757.00	3758.00	3758.00	3758.00	3758.00	3758.00	3758.00	3759.00	3759.00	3759.00	3759.00	3759.00	3759.00	3760.00	3760.00	3760.00	3760.00	3760.00	3760.00	3761.00	3761.00	3761.00	3761.00	3761.00	3761.00	3761.00	3761.00	3761.00	3762.00	3762.00	3762.00	3762.00	3762.00	3762.00	3762.00	3762.00	3763.00	3763.00	3763.00	3763.00	3763.00	3763.00	3763.00	3763.00	3763.00	3763.00	3763.00	3763.00	3764.00	3764.00	3764.00	3764.00	3764.00	3764.00	3764.00	3764.00	3764.00	3764.00	3764.00	3764.00	3764.00	3764.00	3764.00	3764.00	3764.00	3764.00	3764.00	3764.00	3765.00	3765.00	3765.00	3765.00	3765.00	3765.00	3765.00	3765.00	3765.00	3766.00	3766.00	3766.00	3766.00	3766.00	3766.00	3767.00	3767.00	3767.00	3767.00	3767.00	3767.00	3767.00	3767.00	3767.00	3768.00	3768.00	3768.00	3768.00	3768.00	3768.00	3768.00	3768.00	3768.00	3769.00	3769.00	3769.00	3769.00	3769.00	3769.00	3769.00	3769.00	3769.00	3770.00	3770.00	3770.00	3770.00	3770.00	3770.00	3770.00	3770.00	3770.00	3771.00	3771.00	3771.00	3771.00	3771.00	3771.00	3771.00	3771.00	3771.00	3771.00	3771.00	3771.00	3771.00	3771.00	3771.00	3771.00	3771.00	3771.00	3771.00	3771.00	3771.00	3771.00	3771.00	3772.00	3772.00	3772.00	3772.00	3772.00	3772.00	3772.00	3772.00	3772.00	3772.00	3772.00	3772.00	3772.00	3773.00	3773.00	3773.00	3773.00	3773.00	3773.00	3773.00	3773.00	3773.00	3773.00	3773.00	3773.00	3773.00	3774.00	3774.00	3774.00	3774.00	3774.00	3774.00	3774.00	3774.00	3774.00	3774.00	3774.00	3774.00	3775.00	3775.00	3775.00	3775.00	3775.00	3775.00	3775.00	3776.00	3776.00	3776.00	3776.00	3776.00	3776.00	3776.00	3776.00	3777.00	3777.00	3777.00	3777.00	3777.00	3777.00	3777.00	3777.00
3751.00	3751.00	3751.00	3751.00	3751.00	3751.00	3751.00	3751.00	3752.00	3752.00	3752.00	3752.00	3752.00	3752.00	3752.00	3752.00	3752.00	3752.00	3753.00	3753.00	3753.00	3753.00	3753.00	3753.00	3753.00	3753.00	3753.00	3754.00	3754.00	3754.00	3754.00	3754.00	3754.00	3754.00	3755.00	3755.00	3755.00	3755.00	3755.00	3755.00	3755.00	3755.00	3756.00	3756.00	3756.00	3756.00	3756.00	3756.00	3757.00	3757.00	3757.00	3757.00	3757.00	3757.00	3758.00	3758.00	3758.00	3758.00	3758.00	3758.00	3759.00	3759.00	3759.00	3759.00	3759.00	3759.00	3760.00	3760.00	3760.00	3760.00	3760.00	3760.00	3761.00	3761.00	3761.00	3761.00	3761.00	3761.00	3761.00	3761.00	3761.00	3762.00	3762.00	3762.00	3762.00	3762.00	3762.00	3762.00	3762.00	3763.00	3763.00	3763.00	3763.00	3763.00	3763.00	3763.00	3763.00	3763.00	3763.00	3763.00	3763.00	3764.00	3764.00	3764.00	3764.00	3764.00	3764.00	3764.00	3764.00	3764.00	3764.00	3764.00	3764.00	3764.00	3764.00	3764.00	3764.00	3764.00	3764.00	3764.00	3764.00	3765.00	3765.00	3765.00	3765.00	3765.00	3765.00	3765.00	3765.00	3765.00	3766.00	3766.00	3766.00	3766.00	3766.00	3766.00	3767.00	3767.00	3767.00	3767.00	3767.00	3767.00	3767.00	3767.00	3767.00	3768.00	3768.00	3768.00	3768.00	3768.00	3768.00	3768.00	3768.00	3768.00	3769.00	3769.00	3769.00	3769.00	3769.00	3769.00	3769.00	3769.00	3769.00	3770.00	3770.00	3770.00	3770.00	3770.00	3770.00	3770.00	3770.00	3770.00	3771.00	3771.00	3771.00	3771.00	3771.00	3771.00	3771.00	3771.00	3771.00	3771.00	3771.00	3771.00	3771.00	3771.00	3771.00	3771.00	3771.00	3771.00	3771.00	3771.00	3771.00	3771.00	3771.00	3772.00	3772.00	3772.00	3772.00	3772.00	3772.00	3772.00	3772.00	3772.00	3772.00	3772.00	3772.00	3772.00	3773.00	3773.00	3773.00	3773.00	3773.00	3773.00	3773.00	3773.00	3773.00	3773.00	3773.00	3773.00	3773.00	3774.00	3774.00	3774.00	3774.00	3774.00	3774.00	3774.00	3774.00	3774.00	3774.00	3774.00	3774.00	3775.00	3775.00	3775.00	3775.00	3775.00	3775.00	3775.00	3776.00	3776.00	3776.00	3776.00	3776.00	3776.00	3776.00	3776.00	3777.00	3777.00	3777.00	3777.00	3777.00	3777.00	3777.00	3777.00
3751.00	3751.00	3751.00	3751.00	3751.00	3751.00	3751.00	3751.00	3752.00	3752.00	3752.00	3752.00	3752.00	3752.00	3752.00	3752.00	3752.00	3752.00	3753.00	3753.00	3753.00	3753.00	3753.00	3753.00	3753.00	3753.00	3753.00	3754.00	3754.00	3754.00	3754.00	3754.00	3754.00	3754.00	3755.00	3755.00	3755.00	3755.00	3755.00	3755.00	3755.00	3755.00	3756.00	3756.00	3756.00	3756.00	3756.00	3756.00	3757.00	3757.00	3757.00	3757.00	3757.00	3757.00	3758.00	3758.00	3758.00	3758.00	3758.00	3758.00	3759.00	3759.00	3759.00	3759.00	3759.00	3759.00	3760.00	3760.00	3760.00	3760.00	3760.00	3760.00	3761.00	3761.00	3761.00	3761.00	3761.00	3761.00	3761.00	3761.00	3761.00	3762.00	3762.00	3762.00	3762.00	3762.00	3762.00	3762.00	3762.00	3763.00	3763.00	3763.00	3763.00	3763.00	3763.00	3763.00	3763.00	3763.00	3763.00	3763.00	3763.00	3764.00	3764.00	3764.00	3764.00	3764.00	3764.00	3764.00	3764.00	3764.00	3764.00	3764.00	3764.00	3764.00	3764.00	3764.00	3764.00	3764.00	3764.00	3764.00	3764.00	3765.00	3765.00	3765.00	3765.00	3765.00	3765.00	3765.00	3765.00	3765.00	3766.00	3766.00	3766.00	3766.00	3766.00	3766.00	3767.00	3767.00	3767.00	3767.00	3767.00	3767.00	3767.00	3767.00	3767.00	3768.00	3768.00	3768.00	3768.00	3768.00	3768.00	3768.00	3768.00	3768.00	3769.00	3769.00	3769.00	3769.00	3769.00	3769.00	3769.00	3769.00	3769.00	3770.00	3770.00	3770.00	3770.00	3770.00	3770.00	3770.00	3770.00	3770.00	3771.00	3771.00	3771.00	3771.00	3771.00	3771.00	3771.00	3771.00	3771.00	3771.00	3771.00	3771.00	3771.00	3771.00	3771.00	3771.00	3771.00	3771.00	3771.00	3771.00	3771.00	3771.00	3771.00	3772.00	3772.00	3772.00	3772.00	3772.00	3772.00	3772.00	3772.00	3772.00	3772.00	3772.00	3772.00	3772.00	3773.00	3773.00	3773.00	3773.00	3773.00	3773.00	3773.00	3773.00	3773.00	3773.00	3773.00	3773.00	3773.00	3774.00	3774.00	3774.00	3774.00	3774.00	3774.00	3774.00	3774.00	3774.00	3774.00	3774.00	3774.00	3775.00	3775.00	3775.00	3775.00	3775.00	3775.00	3775.00	3776.00	3776.00	3776.00	3776.00	3776.00	3776.00	3776.00	3776.00	3777.00	3777.00	3777.00	3777.00	3777.00	3777.00	3777.00	3777.00
3749.00	3749.00	3749.00	3749.00	3749.00	3749.00	3749.00	3749.00	3749.00	3749.00	3750.00	3750.00	3750.00	3750.00	3750.00	3750.00	3750.00	3750.00	3750.00	3750.00	3750.00	3750.00	3750.00	3750.00	3750.00	3750.00	3750.00	3750.00	3751.00	3751.00	3751.00	3751.00	3751.00	3751.00	3751.00	3751.00	3752.00	3752.00	3752.00	3752.00	3752.00	3752.00	3753.00	3753.00	3753.00	3753.00	3753.00	3753.00	3753.00	3754.00	3754.00	3754.00	3754.00	3754.00	3754.00	3755.00	3755.00	3755.00	3755.00	3755.00	3755.00	3755.00	3755.00	3756.00	3756.00	3756.00	3756.00	3756.00	3756.00	3757.00	3757.00	3757.00	3757.00	3757.00	3757.00	3757.00	3757.00	3758.00	3758.00	3758.00	3758.00	3758.00	3759.00	3759.00	3759.00	3759.00	3759.00	3759.00	3759.00	3759.00	3759.00	3760.00	3760.00	3760.00	3760.00	3760.00	3760.00	3760.00	3761.00	3761.00	3761.00	3761.00	3761.00	3761.00	3761.00	3761.00	3761.00	3761.00	3761.00	3761.00	3761.00	3761.00	3762.00	3762.00	3762.00	3762.00	3762.00	3762.00	3762.00	3762.00	3762.00	3762.00	3762.00	3762.00	3762.00	3762.00	3762.00	3763.00	3763.00	3763.00	3763.00	3763.00	3763.00	3763.00	3763.00	3763.00	3763.00	3764.00	3764.00	3764.00	3764.00	3764.00	3765.00	3765.00	3765.00	3765.00	3765.00	3765.00	3765.00	3766.00	3766.00	3766.00	3766.00	3766.00	3766.00	3766.00	3766.00	3767.00	3767.00	3767.00	3767.00	3767.00	3767.00	3767.00	3767.00	3767.00	3768.00	3768.00	3768.00	3768.00	3768.00	3768.00	3768.00	3768.00	3768.00	3768.00	3768.00	3768.00	3768.00	3768.00	3768.00	3768.00	3768.00	3768.00	3768.00	3768.00	3768.00	3768.00	3768.00	3768.00	3769.00	3769.00	3769.00	3769.00	3769.00	3769.00	3769.00	3769.00	3769.00	3769.00	3769.00	3769.00	3769.00	3769.00	3769.00	3769.00	3769.00	3769.00	3769.00	3769.00	3769.00	3769.00	3769.00	3770.00	3770.00	3770.00	3770.00	3770.00	3770.00	3770.00	3770.00	3770.00	3771.00	3771.00	3771.00	3771.00	3771.00	3771.00	3771.00	3771.00	3771.00	3772.00	3772.00	3772.00	3772.00	3772.00	3772.00	3772.00	3772.00	3772.00	3773.00	3773.00	3773.00	3773.00	3773.00	3773.00	3773.00	3773.00	3773.00	3774.00	3774.00	3774.00	3774.00	3774.00	3774.00	3774.00
3749.00	3749.00	3749.00	3749.00	3749.00	3749.00	3749.00	3749.00	3749.00	3749.00	3750.00	3750.00	3750.00	3750.00	3750.00	3750.00	3750.00	3750.00	3750.00	3750.00	3750.00	3750.00	3750.00	3750.00	3750.00	3750.00	3750.00	3750.00	3751.00	3751.00	3751.00	3751.00	3751.00	3751.00	3751.00	3751.00	3752.00	3752.00	3752.00	3752.00	3752.00	3752.00	3753.00	3753.00	3753.00	3753.00	3753.00	3753.00	3753.00	3754.00	3754.00	3754.00	3754.00	3754.00	3754.00	3755.00	3755.00	3755.00	3755.00	3755.00	3755.00	3755.00	3755.00	3756.00	3756.00	3756.00	3756.00	3756.00	3756.00	3757.00	3757.00	3757.00	3757.00	3757.00	3757.00	3757.00	3757.00	3758.00	3758.00	3758.00	3758.00	3758.00	3759.00	3759.00	3759.00	3759.00	3759.00	3759.00	3759.00	3759.00	3759.00	3760.00	3760.00	3760.00	3760.00	3760.00	3760.00	3760.00	3761.00	3761.00	3761.00	3761.00	3761.00	3761.00	3761.00	3761.00	3761.00	3761.00	3761.00	3761.00	3761.00	3761.00	3762.00	3762.00	3762.00	3762.00	3762.00	3762.00	3762.00	3762.00	3762.00	3762.00	3762.00	3762.00	3762.00	3762.00	3762.00	3763.00	3763.00	3763.00	3763.00	3763.00	3763.00	3763.00	3763.00	3763.00	3763.00	3764.00	3764.00	3764.00	3764.00	3764.00	3765.00	3765.00	3765.00	3765.00	3765.00	3765.00	3765.00	3766.00	3766.00	3766.00	3766.00	3766.00	3766.00	3766.00	3766.00	3767.00	3767.00	3767.00	3767.00	3767.00	3767.00	3767.00	3767.00	3767.00	3768.00	3768.00	3768.00	3768.00	3768.00	3768.00	3768.00	3768.00	3768.00	3768.00	3768.00	3768.00	3768.00	3768.00	3768.00	3768.00	3768.00	3768.00	3768.00	3768.00	3768.00	3768.00	3768.00	3768.00	3769.00	3769.00	3769.00	3769.00	3769.00	3769.00	3769.00	3769.00	3769.00	3769.00	3769.00	3769.00	3769.00	3769.00	3769.00	3769.00	3769.00	3769.00	3769.00	3769.00	3769.00	3769.00	3769.00	3770.00	3770.00	3770.00	3770.00	3770.00	3770.00	3770.00	3770.00	3770.00	3771.00	3771.00	3771.00	3771.00	3771.00	3771.00	3771.00	3771.00	3771.00	3772.00	3772.00	3772.00	3772.00	3772.00	3772.00	3772.00	3772.00	3772.00	3773.00	3773.00	3773.00	3773.00	3773.00	3773.00	3773.00	3773.00	3773.00	3774.00	3774.00	3774.00	3774.00	3774.00	3774.00	3774.00
3749.00	3749.00	3749.00	3749.00	3749.00	3749.00	3749.00	3749.00	3749.00	3749.00	3750.00	3750.00	3750.00	3750.00	3750.00	3750.00	3750.00	3750.00	3750.00	3750.00	3750.00	3750.00	3750.00	3750.00	3750.00	3750.00	3750.00	3750.00	3751.00	3751.00	3751.00	3751.00	3751.00	3751.00	3751.00	3751.00	3752.00	3752.00	3752.00	3752.00	3752.00	3752.00	3753.00	3753.00	3753.00	3753.00	3753.00	3753.00	3753.00	3754.00	3754.00	3754.00	3754.00	3754.00	3754.00	3755.00	3755.00	3755.00	3755.00	3755.00	3755.00	3755.00	3755.00	3756.00	3756.00	3756.00	3756.00	3756.00	3756.00	3757.00	3757.00	3757.00	3757.00	3757.00	3757.00	3757.00	3757.00	3758.00	3758.00	3758.00	3758.00	3758.00	3759.00	3759.00	3759.00	3759.00	3759.00	3759.00	3759.00	3759.00	3759.00	3760.00	3760.00	3760.00	3760.00	3760.00	3760.00	3760.00	3761.00	3761.00	3761.00	3761.00	3761.00	3761.00	3761.00	3761.00	3761.00	3761.00	3761.00	3761.00	3761.00	3761.00	3762.00	3762.00	3762.00	3762.00	3762.00	3762.00	3762.00	3762.00	3762.00	3762.00	3762.00	3762.00	3762.00	3762.00	3762.00	3763.00	3763.00	3763.00	3763.00	3763.00	3763.00	3763.00	3763.00	3763.00	3763.00	3764.00	3764.00	3764.00	3764.00	3764.00	3765.00	3765.00	3765.00	3765.00	3765.00	3765.00	3765.00	3766.00	3766.00	3766.00	3766.00	3766.00	3766.00	3766.00	3766.00	3767.00	3767.00	3767.00	3767.00	3767.00	3767.00	3767.00	3767.00	3767.00	3768.00	3768.00	3768.00	3768.00	3768.00	3768.00	3768.00	3768.00	3768.00	3768.00	3768.00	3768.00	3768.00	3768.00	3768.00	3768.00	3768.00	3768.00	3768.00	3768.00	3768.00	3768.00	3768.00	3768.00	3769.00	3769.00	3769.00	3769.00	3769.00	3769.00	3769.00	3769.00	3769.00	3769.00	3769.00	3769.00	3769.00	3769.00	3769.00	3769.00	3769.00	3769.00	3769.00	3769.00	3769.00	3769.00	3769.00	3770.00	3770.00	3770.00	3770.00	3770.00	3770.00	3770.00	3770.00	3770.00	3771.00	3771.00	3771.00	3771.00	3771.00	3771.00	3771.00	3771.00	3771.00	3772.00	3772.00	3772.00	3772.00	3772.00	3772.00	3772.00	3772.00	3772.00	3773.00	3773.00	3773.00	3773.00	3773.00	3773.00	3773.00	3773.00	3773.00	3774.00	3774.00	3774.00	3774.00	3774.00	3774.00	3774.00
3749.00	3749.00	3749.00	3749.00	3749.00	3749.00	3749.00	3749.00	3749.00	3749.00	3750.00	3750.00	3750.00	3750.00	3750.00	3750.00	3750.00	3750.00	3750.00	3750.00	3750.00	3750.00	3750.00	3750.00	3750.00	3750.00	3750.00	3750.00	3751.00	3751.00	3751.00	3751.00	3751.00	3751.00	3751.00	3751.00	3752.00	3752.00	3752.00	3752.00	3752.00	3752.00	3753.00	3753.00	3753.00	3753.00	3753.00	3753.00	3753.00	3754.00	3754.00	3754.00	3754.00	3754.00	3754.00	3755.00	3755.00	3755.00	3755.00	3755.00	3755.00	3755.00	3755.00	3756.00	3756.00	3756.00	3756.00	3756.00	3756.00	3757.00	3757.00	3757.00	3757.00	3757.00	3757.00	3757.00	3757.00	3758.00	3758.00	3758.00	3758.00	3758.00	3759.00	3759.00	3759.00	3759.00	3759.00	3759.00	3759.00	3759.00	3759.00	3760.00	3760.00	3760.00	3760.00	3760.00	3760.00	3760.00	3761.00	3761.00	3761.00	3761.00	3761.00	3761.00	3761.00	3761.00	3761.00	3761.00	3761.00	3761.00	3761.00	3761.00	3762.00	3762.00	3762.00	3762.00	3762.00	3762.00	3762.00	3762.00	3762.00	3762.00	3762.00	3762.00	3762.00	3762.00	3762.00	3763.00	3763.00	3763.00	3763.00	3763.00	3763.00	3763.00	3763.00	3763.00	3763.00	3764.00	3764.00	3764.00	3764.00	3764.00	3765.00	3765.00	3765.00	3765.00	3765.00	3765.00	3765.00	3766.00	3766.00	3766.00	3766.00	3766.00	3766.00	3766.00	3766.00	3767.00	3767.00	3767.00	3767.00	3767.00	3767.00	3767.00	3767.00	3767.00	3768.00	3768.00	3768.00	3768.00	3768.00	3768.00	3768.00	3768.00	3768.00	3768.00	3768.00	3768.00	3768.00	3768.00	3768.00	3768.00	3768.00	3768.00	3768.00	3768.00	3768.00	3768.00	3768.00	3768.00	3769.00	3769.00	3769.00	3769.00	3769.00	3769.00	3769.00	3769.00	3769.00	3769.00	3769.00	3769.00	3769.00	3769.00	3769.00	3769.00	3769.00	3769.00	3769.00	3769.00	3769.00	3769.00	3769.00	3770.00	3770.00	3770.00	3770.00	3770.00	3770.00	3770.00	3770.00	3770.00	3771.00	3771.00	3771.00	3771.00	3771.00	3771.00	3771.00	3771.00	3771.00	3772.00	3772.00	3772.00	3772.00	3772.00	3772.00	3772.00	3772.00	3772.00	3773.00	3773.00	3773.00	3773.00	3773.00	3773.00	3773.00	3773.00	3773.00	3774.00	3774.00	3774.00	3774.00	3774.00	3774.00	3774.00
3749.00	3749.00	3749.00	3749.00	3749.00	3749.00	3749.00	3749.00	3749.00	3749.00	3750.00	3750.00	3750.00	3750.00	3750.00	3750.00	3750.00	3750.00	3750.00	3750.00	3750.00	3750.00	3750.00	3750.00	3750.00	3750.00	3750.00	3750.00	3751.00	3751.00	3751.00	3751.00	3751.00	3751.00	3751.00	3751.00	3752.00	3752.00	3752.00	3752.00	3752.00	3752.00	3753.00	3753.00	3753.00	3753.00	3753.00	3753.00	3753.00	3754.00	3754.00	3754.00	3754.00	3754.00	3754.00	3755.00	3755.00	3755.00	3755.00	3755.00	3755.00	3755.00	3755.00	3756.00	3756.00	3756.00	3756.00	3756.00	3756.00	3757.00	3757.00	3757.00	3757.00	3757.00	3757.00	3757.00	3757.00	3758.00	3758.00	3758.00	3758.00	3758.00	3759.00	3759.00	3759.00	3759.00	3759.00	3759.00	3759.00	3759.00	3759.00	3760.00	3760.00	3760.00	3760.00	3760.00	3760.00	3760.00	3761.00	3761.00	3761.00	3761.00	3761.00	3761.00	3761.00	3761.00	3761.00	3761.00	3761.00	3761.00	3761.00	3761.00	3762.00	3762.00	3762.00	3762.00	3762.00	3762.00	3762.00	3762.00	3762.00	3762.00	3762.00	3762.00	3762.00	3762.00	3762.00	3763.00	3763.00	3763.00	3763.00	3763.00	3763.00	3763.00	3763.00	3763.00	3763.00	3764.00	3764.00	3764.00	3764.00	3764.00	3765.00	3765.00	3765.00	3765.00	3765.00	3765.00	3765.00	3766.00	3766.00	3766.00	3766.00	3766.00	3766.00	3766.00	3766.00	3767.00	3767.00	3767.00	3767.00	3767.00	3767.00	3767.00	3767.00	3767.00	3768.00	3768.00	3768.00	3768.00	3768.00	3768.00	3768.00	3768.00	3768.00	3768.00	3768.00	3768.00	3768.00	3768.00	3768.00	3768.00	3768.00	3768.00	3768.00	3768.00	3768.00	3768.00	3768.00	3768.00	3769.00	3769.00	3769.00	3769.00	3769.00	3769.00	3769.00	3769.00	3769.00	3769.00	3769.00	3769.00	3769.00	3769.00	3769.00	3769.00	3769.00	3769.00	3769.00	3769.00	3769.00	3769.00	3769.00	3770.00	3770.00	3770.00	3770.00	3770.00	3770.00	3770.00	3770.00	3770.00	3771.00	3771.00	3771.00	3771.00	3771.00	3771.00	3771.00	3771.00	3771.00	3772.00	3772.00	3772.00	3772.00	3772.00	3772.00	3772.00	3772.00	3772.00	3773.00	3773.00	3773.00	3773.00	3773.00	3773.00	3773.00	3773.00	3773.00	3774.00	3774.00	3774.00	3774.00	3774.00	3774.00	3774.00
3749.00	3749.00	3749.00	3749.00	3749.00	3749.00	3749.00	3749.00	3749.00	3749.00	3750.00	3750.00	3750.00	3750.00	3750.00	3750.00	3750.00	3750.00	3750.00	3750.00	3750.00	3750.00	3750.00	3750.00	3750.00	3750.00	3750.00	3750.00	3751.00	3751.00	3751.00	3751.00	3751.00	3751.00	3751.00	3751.00	3752.00	3752.00	3752.00	3752.00	3752.00	3752.00	3753.00	3753.00	3753.00	3753.00	3753.00	3753.00	3753.00	3754.00	3754.00	3754.00	3754.00	3754.00	3754.00	3755.00	3755.00	3755.00	3755.00	3755.00	3755.00	3755.00	3755.00	3756.00	3756.00	3756.00	3756.00	3756.00	3756.00	3757.00	3757.00	3757.00	3757.00	3757.00	3757.00	3757.00	3757.00	3758.00	3758.00	3758.00	3758.00	3758.00	3759.00	3759.00	3759.00	3759.00	3759.00	3759.00	3759.00	3759.00	3759.00	3760.00	3760.00	3760.00	3760.00	3760.00	3760.00	3760.00	3761.00	3761.00	3761.00	3761.00	3761.00	3761.00	3761.00	3761.00	3761.00	3761.00	3761.00	3761.00	3761.00	3761.00	3762.00	3762.00	3762.00	3762.00	3762.00	3762.00	3762.00	3762.00	3762.00	3762.00	3762.00	3762.00	3762.00	3762.00	3762.00	3763.00	3763.00	3763.00	3763.00	3763.00	3763.00	3763.00	3763.00	3763.00	3763.00	3764.00	3764.00	3764.00	3764.00	3764.00	3765.00	3765.00	3765.00	3765.00	3765.00	3765.00	3765.00	3766.00	3766.00	3766.00	3766.00	3766.00	3766.00	3766.00	3766.00	3767.00	3767.00	3767.00	3767.00	3767.00	3767.00	3767.00	3767.00	3767.00	3768.00	3768.00	3768.00	3768.00	3768.00	3768.00	3768.00	3768.00	3768.00	3768.00	3768.00	3768.00	3768.00	3768.00	3768.00	3768.00	3768.00	3768.00	3768.00	3768.00	3768.00	3768.00	3768.00	3768.00	3769.00	3769.00	3769.00	3769.00	3769.00	3769.00	3769.00	3769.00	3769.00	3769.00	3769.00	3769.00	3769.00	3769.00	3769.00	3769.00	3769.00	3769.00	3769.00	3769.00	3769.00	3769.00	3769.00	3770.00	3770.00	3770.00	3770.00	3770.00	3770.00	3770.00	3770.00	3770.00	3771.00	3771.00	3771.00	3771.00	3771.00	3771.00	3771.00	3771.00	3771.00	3772.00	3772.00	3772.00	3772.00	3772.00	3772.00	3772.00	3772.00	3772.00	3773.00	3773.00	3773.00	3773.00	3773.00	3773.00	3773.00	3773.00	3773.00	3774.00	3774.00	3774.00	3774.00	3774.00	3774.00	3774.00
3749.00	3749.00	3749.00	3749.00	3749.00	3749.00	3749.00	3749.00	3749.00	3749.00	3750.00	3750.00	3750.00	3750.00	3750.00	3750.00	3750.00	3750.00	3750.00	3750.00	3750.00	3750.00	3750.00	3750.00	3750.00	3750.00	3750.00	3750.00	3751.00	3751.00	3751.00	3751.00	3751.00	3751.00	3751.00	3751.00	3752.00	3752.00	3752.00	3752.00	3752.00	3752.00	3753.00	3753.00	3753.00	3753.00	3753.00	3753.00	3753.00	3754.00	3754.00	3754.00	3754.00	3754.00	3754.00	3755.00	3755.00	3755.00	3755.00	3755.00	3755.00	3755.00	3755.00	3756.00	3756.00	3756.00	3756.00	3756.00	3756.00	3757.00	3757.00	3757.00	3757.00	3757.00	3757.00	3757.00	3757.00	3758.00	3758.00	3758.00	3758.00	3758.00	3759.00	3759.00	3759.00	3759.00	3759.00	3759.00	3759.00	3759.00	3759.00	3760.00	3760.00	3760.00	3760.00	3760.00	3760.00	3760.00	3761.00	3761.00	3761.00	3761.00	3761.00	3761.00	3761.00	3761.00	3761.00	3761.00	3761.00	3761.00	3761.00	3761.00	3762.00	3762.00	3762.00	3762.00	3762.00	3762.00	3762.00	3762.00	3762.00	3762.00	3762.00	3762.00	3762.00	3762.00	3762.00	3763.00	3763.00	3763.00	3763.00	3763.00	3763.00	3763.00	3763.00	3763.00	3763.00	3764.00	3764.00	3764.00	3764.00	3764.00	3765.00	3765.00	3765.00	3765.00	3765.00	3765.00	3765.00	3766.00	3766.00	3766.00	3766.00	3766.00	3766.00	3766.00	3766.00	3767.00	3767.00	3767.00	3767.00	3767.00	3767.00	3767.00	3767.00	3767.00	3768.00	3768.00	3768.00	3768.00	3768.00	3768.00	3768.00	3768.00	3768.00	3768.00	3768.00	3768.00	3768.00	3768.00	3768.00	3768.00	3768.00	3768.00	3768.00	3768.00	3768.00	3768.00	3768.00	3768.00	3769.00	3769.00	3769.00	3769.00	3769.00	3769.00	3769.00	3769.00	3769.00	3769.00	3769.00	3769.00	3769.00	3769.00	3769.00	3769.00	3769.00	3769.00	3769.00	3769.00	3769.00	3769.00	3769.00	3770.00	3770.00	3770.00	3770.00	3770.00	3770.00	3770.00	3770.00	3770.00	3771.00	3771.00	3771.00	3771.00	3771.00	3771.00	3771.00	3771.00	3771.00	3772.00	3772.00	3772.00	3772.00	3772.00	3772.00	3772.00	3772.00	3772.00	3773.00	3773.00	3773.00	3773.00	3773.00	3773.00	3773.00	3773.00	3773.00	3774.00	3774.00	3774.00	3774.00	3774.00	3774.00	3774.00
3749.00	3749.00	3749.00	3749.00	3749.00	3749.00	3749.00	3749.00	3749.00	3749.00	3750.00	3750.00	3750.00	3750.00	3750.00	3750.00	3750.00	3750.00	3750.00	3750.00	3750.00	3750.00	3750.00	3750.00	3750.00	3750.00	3750.00	3750.00	3751.00	3751.00	3751.00	3751.00	3751.00	3751.00	3751.00	3751.00	3752.00	3752.00	3752.00	3752.00	3752.00	3752.00	3753.00	3753.00	3753.00	3753.00	3753.00	3753.00	3753.00	3754.00	3754.00	3754.00	3754.00	3754.00	3754.00	3755.00	3755.00	3755.00	3755.00	3755.00	3755.00	3755.00	3755.00	3756.00	3756.00	3756.00	3756.00	3756.00	3756.00	3757.00	3757.00	3757.00	3757.00	3757.00	3757.00	3757.00	3757.00	3758.00	3758.00	3758.00	3758.00	3758.00	3759.00	3759.00	3759.00	3759.00	3759.00	3759.00	3759.00	3759.00	3759.00	3760.00	3760.00	3760.00	3760.00	3760.00	3760.00	3760.00	3761.00	3761.00	3761.00	3761.00	3761.00	3761.00	3761.00	3761.00	3761.00	3761.00	3761.00	3761.00	3761.00	3761.00	3762.00	3762.00	3762.00	3762.00	3762.00	3762.00	3762.00	3762.00	3762.00	3762.00	3762.00	3762.00	3762.00	3762.00	3762.00	3763.00	3763.00	3763.00	3763.00	3763.00	3763.00	3763.00	3763.00	3763.00	3763.00	3764.00	3764.00	3764.00	3764.00	3764.00	3765.00	3765.00	3765.00	3765.00	3765.00	3765.00	3765.00	3766.00	3766.00	3766.00	3766.00	3766.00	3766.00	3766.00	3766.00	3767.00	3767.00	3767.00	3767.00	3767.00	3767.00	3767.00	3767.00	3767.00	3768.00	3768.00	3768.00	3768.00	3768.00	3768.00	3768.00	3768.00	3768.00	3768.00	3768.00	3768.00	3768.00	3768.00	3768.00	3768.00	3768.00	3768.00	3768.00	3768.00	3768.00	3768.00	3768.00	3768.00	3769.00	3769.00	3769.00	3769.00	3769.00	3769.00	3769.00	3769.00	3769.00	3769.00	3769.00	3769.00	3769.00	3769.00	3769.00	3769.00	3769.00	3769.00	3769.00	3769.00	3769.00	3769.00	3769.00	3770.00	3770.00	3770.00	3770.00	3770.00	3770.00	3770.00	3770.00	3770.00	3771.00	3771.00	3771.00	3771.00	3771.00	3771.00	3771.00	3771.00	3771.00	3772.00	3772.00	3772.00	3772.00	3772.00	3772.00	3772.00	3772.00	3772.00	3773.00	3773.00	3773.00	3773.00	3773.00	3773.00	3773.00	3773.00	3773.00	3774.00	3774.00	3774.00	3774.00	3774.00	3774.00	3774.00
3749.00	3749.00	3749.00	3749.00	3749.00	3749.00	3749.00	3749.00	3749.00	3749.00	3750.00	3750.00	3750.00	3750.00	3750.00	3750.00	3750.00	3750.00	3750.00	3750.00	3750.00	3750.00	3750.00	3750.00	3750.00	3750.00	3750.00	3750.00	3751.00	3751.00	3751.00	3751.00	3751.00	3751.00	3751.00	3751.00	3752.00	3752.00	3752.00	3752.00	3752.00	3752.00	3753.00	3753.00	3753.00	3753.00	3753.00	3753.00	3753.00	3754.00	3754.00	3754.00	3754.00	3754.00	3754.00	3755.00	3755.00	3755.00	3755.00	3755.00	3755.00	3755.00	3755.00	3756.00	3756.00	3756.00	3756.00	3756.00	3756.00	3757.00	3757.00	3757.00	3757.00	3757.00	3757.00	3757.00	3757.00	3758.00	3758.00	3758.00	3758.00	3758.00	3759.00	3759.00	3759.00	3759.00	3759.00	3759.00	3759.00	3759.00	3759.00	3760.00	3760.00	3760.00	3760.00	3760.00	3760.00	3760.00	3761.00	3761.00	3761.00	3761.00	3761.00	3761.00	3761.00	3761.00	3761.00	3761.00	3761.00	3761.00	3761.00	3761.00	3762.00	3762.00	3762.00	3762.00	3762.00	3762.00	3762.00	3762.00	3762.00	3762.00	3762.00	3762.00	3762.00	3762.00	3762.00	3763.00	3763.00	3763.00	3763.00	3763.00	3763.00	3763.00	3763.00	3763.00	3763.00	3764.00	3764.00	3764.00	3764.00	3764.00	3765.00	3765.00	3765.00	3765.00	3765.00	3765.00	3765.00	3766.00	3766.00	3766.00	3766.00	3766.00	3766.00	3766.00	3766.00	3767.00	3767.00	3767.00	3767.00	3767.00	3767.00	3767.00	3767.00	3767.00	3768.00	3768.00	3768.00	3768.00	3768.00	3768.00	3768.00	3768.00	3768.00	3768.00	3768.00	3768.00	3768.00	3768.00	3768.00	3768.00	3768.00	3768.00	3768.00	3768.00	3768.00	3768.00	3768.00	3768.00	3769.00	3769.00	3769.00	3769.00	3769.00	3769.00	3769.00	3769.00	3769.00	3769.00	3769.00	3769.00	3769.00	3769.00	3769.00	3769.00	3769.00	3769.00	3769.00	3769.00	3769.00	3769.00	3769.00	3770.00	3770.00	3770.00	3770.00	3770.00	3770.00	3770.00	3770.00	3770.00	3771.00	3771.00	3771.00	3771.00	3771.00	3771.00	3771.00	3771.00	3771.00	3772.00	3772.00	3772.00	3772.00	3772.00	3772.00	3772.00	3772.00	3772.00	3773.00	3773.00	3773.00	3773.00	3773.00	3773.00	3773.00	3773.00	3773.00	3774.00	3774.00	3774.00	3774.00	3774.00	3774.00	3774.00
3749.00	3749.00	3749.00	3749.00	3749.00	3749.00	3749.00	3749.00	3749.00	3749.00	3750.00	3750.00	3750.00	3750.00	3750.00	3750.00	3750.00	3750.00	3750.00	3750.00	3750.00	3750.00	3750.00	3750.00	3750.00	3750.00	3750.00	3750.00	3751.00	3751.00	3751.00	3751.00	3751.00	3751.00	3751.00	3751.00	3752.00	3752.00	3752.00	3752.00	3752.00	3752.00	3753.00	3753.00	3753.00	3753.00	3753.00	3753.00	3753.00	3754.00	3754.00	3754.00	3754.00	3754.00	3754.00	3755.00	3755.00	3755.00	3755.00	3755.00	3755.00	3755.00	3755.00	3756.00	3756.00	3756.00	3756.00	3756.00	3756.00	3757.00	3757.00	3757.00	3757.00	3757.00	3757.00	3757.00	3757.00	3758.00	3758.00	3758.00	3758.00	3758.00	3759.00	3759.00	3759.00	3759.00	3759.00	3759.00	3759.00	3759.00	3759.00	3760.00	3760.00	3760.00	3760.00	3760.00	3760.00	3760.00	3761.00	3761.00	3761.00	3761.00	3761.00	3761.00	3761.00	3761.00	3761.00	3761.00	3761.00	3761.00	3761.00	3761.00	3762.00	3762.00	3762.00	3762.00	3762.00	3762.00	3762.00	3762.00	3762.00	3762.00	3762.00	3762.00	3762.00	3762.00	3762.00	3763.00	3763.00	3763.00	3763.00	3763.00	3763.00	3763.00	3763.00	3763.00	3763.00	3764.00	3764.00	3764.00	3764.00	3764.00	3765.00	3765.00	3765.00	3765.00	3765.00	3765.00	3765.00	3766.00	3766.00	3766.00	3766.00	3766.00	3766.00	3766.00	3766.00	3767.00	3767.00	3767.00	3767.00	3767.00	3767.00	3767.00	3767.00	3767.00	3768.00	3768.00	3768.00	3768.00	3768.00	3768.00	3768.00	3768.00	3768.00	3768.00	3768.00	3768.00	3768.00	3768.00	3768.00	3768.00	3768.00	3768.00	3768.00	3768.00	3768.00	3768.00	3768.00	3768.00	3769.00	3769.00	3769.00	3769.00	3769.00	3769.00	3769.00	3769.00	3769.00	3769.00	3769.00	3769.00	3769.00	3769.00	3769.00	3769.00	3769.00	3769.00	3769.00	3769.00	3769.00	3769.00	3769.00	3770.00	3770.00	3770.00	3770.00	3770.00	3770.00	3770.00	3770.00	3770.00	3771.00	3771.00	3771.00	3771.00	3771.00	3771.00	3771.00	3771.00	3771.00	3772.00	3772.00	3772.00	3772.00	3772.00	3772.00	3772.00	3772.00	3772.00	3773.00	3773.00	3773.00	3773.00	3773.00	3773.00	3773.00	3773.00	3773.00	3774.00	3774.00	3774.00	3774.00	3774.00	3774.00	3774.00
3749.00	3749.00	3749.00	3749.00	3749.00	3749.00	3749.00	3749.00	3749.00	3749.00	3750.00	3750.00	3750.00	3750.00	3750.00	3750.00	3750.00	3750.00	3750.00	3750.00	3750.00	3750.00	3750.00	3750.00	3750.00	3750.00	3750.00	3750.00	3751.00	3751.00	3751.00	3751.00	3751.00	3751.00	3751.00	3751.00	3752.00	3752.00	3752.00	3752.00	3752.00	3752.00	3753.00	3753.00	3753.00	3753.00	3753.00	3753.00	3753.00	3754.00	3754.00	3754.00	3754.00	3754.00	3754.00	3755.00	3755.00	3755.00	3755.00	3755.00	3755.00	3755.00	3755.00	3756.00	3756.00	3756.00	3756.00	3756.00	3756.00	3757.00	3757.00	3757.00	3757.00	3757.00	3757.00	3757.00	3757.00	3758.00	3758.00	3758.00	3758.00	3758.00	3759.00	3759.00	3759.00	3759.00	3759.00	3759.00	3759.00	3759.00	3759.00	3760.00	3760.00	3760.00	3760.00	3760.00	3760.00	3760.00	3761.00	3761.00	3761.00	3761.00	3761.00	3761.00	3761.00	3761.00	3761.00	3761.00	3761.00	3761.00	3761.00	3761.00	3762.00	3762.00	3762.00	3762.00	3762.00	3762.00	3762.00	3762.00	3762.00	3762.00	3762.00	3762.00	3762.00	3762.00	3762.00	3763.00	3763.00	3763.00	3763.00	3763.00	3763.00	3763.00	3763.00	3763.00	3763.00	3764.00	3764.00	3764.00	3764.00	3764.00	3765.00	3765.00	3765.00	3765.00	3765.00	3765.00	3765.00	3766.00	3766.00	3766.00	3766.00	3766.00	3766.00	3766.00	3766.00	3767.00	3767.00	3767.00	3767.00	3767.00	3767.00	3767.00	3767.00	3767.00	3768.00	3768.00	3768.00	3768.00	3768.00	3768.00	3768.00	3768.00	3768.00	3768.00	3768.00	3768.00	3768.00	3768.00	3768.00	3768.00	3768.00	3768.00	3768.00	3768.00	3768.00	3768.00	3768.00	3768.00	3769.00	3769.00	3769.00	3769.00	3769.00	3769.00	3769.00	3769.00	3769.00	3769.00	3769.00	3769.00	3769.00	3769.00	3769.00	3769.00	3769.00	3769.00	3769.00	3769.00	3769.00	3769.00	3769.00	3770.00	3770.00	3770.00	3770.00	3770.00	3770.00	3770.00	3770.00	3770.00	3771.00	3771.00	3771.00	3771.00	3771.00	3771.00	3771.00	3771.00	3771.00	3772.00	3772.00	3772.00	3772.00	3772.00	3772.00	3772.00	3772.00	3772.00	3773.00	3773.00	3773.00	3773.00	3773.00	3773.00	3773.00	3773.00	3773.00	3774.00	3774.00	3774.00	3774.00	3774.00	3774.00	3774.00
3749.00	3749.00	3749.00	3749.00	3749.00	3749.00	3749.00	3749.00	3749.00	3749.00	3750.00	3750.00	3750.00	3750.00	3750.00	3750.00	3750.00	3750.00	3750.00	3750.00	3750.00	3750.00	3750.00	3750.00	3750.00	3750.00	3750.00	3750.00	3751.00	3751.00	3751.00	3751.00	3751.00	3751.00	3751.00	3751.00	3752.00	3752.00	3752.00	3752.00	3752.00	3752.00	3753.00	3753.00	3753.00	3753.00	3753.00	3753.00	3753.00	3754.00	3754.00	3754.00	3754.00	3754.00	3754.00	3755.00	3755.00	3755.00	3755.00	3755.00	3755.00	3755.00	3755.00	3756.00	3756.00	3756.00	3756.00	3756.00	3756.00	3757.00	3757.00	3757.00	3757.00	3757.00	3757.00	3757.00	3757.00	3758.00	3758.00	3758.00	3758.00	3758.00	3759.00	3759.00	3759.00	3759.00	3759.00	3759.00	3759.00	3759.00	3759.00	3760.00	3760.00	3760.00	3760.00	3760.00	3760.00	3760.00	3761.00	3761.00	3761.00	3761.00	3761.00	3761.00	3761.00	3761.00	3761.00	3761.00	3761.00	3761.00	3761.00	3761.00	3762.00	3762.00	3762.00	3762.00	3762.00	3762.00	3762.00	3762.00	3762.00	3762.00	3762.00	3762.00	3762.00	3762.00	3762.00	3763.00	3763.00	3763.00	3763.00	3763.00	3763.00	3763.00	3763.00	3763.00	3763.00	3764.00	3764.00	3764.00	3764.00	3764.00	3765.00	3765.00	3765.00	3765.00	3765.00	3765.00	3765.00	3766.00	3766.00	3766.00	3766.00	3766.00	3766.00	3766.00	3766.00	3767.00	3767.00	3767.00	3767.00	3767.00	3767.00	3767.00	3767.00	3767.00	3768.00	3768.00	3768.00	3768.00	3768.00	3768.00	3768.00	3768.00	3768.00	3768.00	3768.00	3768.00	3768.00	3768.00	3768.00	3768.00	3768.00	3768.00	3768.00	3768.00	3768.00	3768.00	3768.00	3768.00	3769.00	3769.00	3769.00	3769.00	3769.00	3769.00	3769.00	3769.00	3769.00	3769.00	3769.00	3769.00	3769.00	3769.00	3769.00	3769.00	3769.00	3769.00	3769.00	3769.00	3769.00	3769.00	3769.00	3770.00	3770.00	3770.00	3770.00	3770.00	3770.00	3770.00	3770.00	3770.00	3771.00	3771.00	3771.00	3771.00	3771.00	3771.00	3771.00	3771.00	3771.00	3772.00	3772.00	3772.00	3772.00	3772.00	3772.00	3772.00	3772.00	3772.00	3773.00	3773.00	3773.00	3773.00	3773.00	3773.00	3773.00	3773.00	3773.00	3774.00	3774.00	3774.00	3774.00	3774.00	3774.00	3774.00
3747.00	3747.00	3747.00	3747.00	3747.00	3747.00	3747.00	3747.00	3747.00	3747.00	3747.00	3747.00	3747.00	3748.00	3748.00	3748.00	3748.00	3748.00	3748.00	3748.00	3748.00	3748.00	3748.00	3748.00	3748.00	3748.00	3748.00	3748.00	3748.00	3749.00	3749.00	3749.00	3749.00	3749.00	3749.00	3749.00	3749.00	3749.00	3749.00	3749.00	3749.00	3749.00	3750.00	3750.00	3750.00	3750.00	3750.00	3750.00	3750.00	3750.00	3750.00	3751.00	3751.00	3751.00	3751.00	3752.00	3752.00	3752.00	3752.00	3752.00	3752.00	3753.00	3753.00	3753.00	3753.00	3753.00	3753.00	3753.00	3753.00	3754.00	3754.00	3754.00	3754.00	3754.00	3754.00	3755.00	3755.00	3755.00	3755.00	3755.00	3756.00	3756.00	3756.00	3756.00	3756.00	3756.00	3757.00	3757.00	3757.00	3757.00	3757.00	3758.00	3758.00	3758.00	3758.00	3758.00	3759.00	3759.00	3759.00	3759.00	3759.00	3759.00	3759.00	3759.00	3760.00	3760.00	3760.00	3760.00	3760.00	3760.00	3760.00	3760.00	3760.00	3760.00	3761.00	3761.00	3761.00	3761.00	3761.00	3761.00	3761.00	3761.00	3761.00	3761.00	3761.00	3761.00	3761.00	3761.00	3761.00	3761.00	3761.00	3761.00	3761.00	3762.00	3762.00	3762.00	3762.00	3762.00	3762.00	3762.00	3763.00	3763.00	3763.00	3763.00	3763.00	3763.00	3763.00	3763.00	3763.00	3764.00	3764.00	3764.00	3764.00	3764.00	3764.00	3764.00	3764.00	3764.00	3764.00	3764.00	3764.00	3764.00	3765.00	3765.00	3765.00	3765.00	3765.00	3765.00	3765.00	3765.00	3765.00	3765.00	3765.00	3765.00	3765.00	3765.00	3765.00	3765.00	3765.00	3765.00	3765.00	3765.00	3765.00	3765.00	3765.00	3765.00	3765.00	3766.00	3766.00	3766.00	3766.00	3766.00	3766.00	3766.00	3766.00	3766.00	3766.00	3766.00	3766.00	3766.00	3766.00	3766.00	3766.00	3766.00	3767.00	3767.00	3767.00	3767.00	3767.00	3767.00	3767.00	3767.00	3767.00	3767.00	3767.00	3767.00	3768.00	3768.00	3768.00	3768.00	3768.00	3768.00	3768.00	3768.00	3768.00	3769.00	3769.00	3769.00	3769.00	3769.00	3769.00	3769.00	3769.00	3769.00	3770.00	3770.00	3770.00	3770.00	3770.00	3770.00	3770.00	3770.00	3770.00	3770.00	3770.00	3771.00	3771.00	3771.00	3771.00	3771.00	3771.00	3771.00	3771.00	3771.00	3771.00	3771.00
3747.00	3747.00	3747.00	3747.00	3747.00	3747.00	3747.00	3747.00	3747.00	3747.00	3747.00	3747.00	3747.00	3748.00	3748.00	3748.00	3748.00	3748.00	3748.00	3748.00	3748.00	3748.00	3748.00	3748.00	3748.00	3748.00	3748.00	3748.00	3748.00	3749.00	3749.00	3749.00	3749.00	3749.00	3749.00	3749.00	3749.00	3749.00	3749.00	3749.00	3749.00	3749.00	3750.00	3750.00	3750.00	3750.00	3750.00	3750.00	3750.00	3750.00	3750.00	3751.00	3751.00	3751.00	3751.00	3752.00	3752.00	3752.00	3752.00	3752.00	3752.00	3753.00	3753.00	3753.00	3753.00	3753.00	3753.00	3753.00	3753.00	3754.00	3754.00	3754.00	3754.00	3754.00	3754.00	3755.00	3755.00	3755.00	3755.00	3755.00	3756.00	3756.00	3756.00	3756.00	3756.00	3756.00	3757.00	3757.00	3757.00	3757.00	3757.00	3758.00	3758.00	3758.00	3758.00	3758.00	3759.00	3759.00	3759.00	3759.00	3759.00	3759.00	3759.00	3759.00	3760.00	3760.00	3760.00	3760.00	3760.00	3760.00	3760.00	3760.00	3760.00	3760.00	3761.00	3761.00	3761.00	3761.00	3761.00	3761.00	3761.00	3761.00	3761.00	3761.00	3761.00	3761.00	3761.00	3761.00	3761.00	3761.00	3761.00	3761.00	3761.00	3762.00	3762.00	3762.00	3762.00	3762.00	3762.00	3762.00	3763.00	3763.00	3763.00	3763.00	3763.00	3763.00	3763.00	3763.00	3763.00	3764.00	3764.00	3764.00	3764.00	3764.00	3764.00	3764.00	3764.00	3764.00	3764.00	3764.00	3764.00	3764.00	3765.00	3765.00	3765.00	3765.00	3765.00	3765.00	3765.00	3765.00	3765.00	3765.00	3765.00	3765.00	3765.00	3765.00	3765.00	3765.00	3765.00	3765.00	3765.00	3765.00	3765.00	3765.00	3765.00	3765.00	3765.00	3766.00	3766.00	3766.00	3766.00	3766.00	3766.00	3766.00	3766.00	3766.00	3766.00	3766.00	3766.00	3766.00	3766.00	3766.00	3766.00	3766.00	3767.00	3767.00	3767.00	3767.00	3767.00	3767.00	3767.00	3767.00	3767.00	3767.00	3767.00	3767.00	3768.00	3768.00	3768.00	3768.00	3768.00	3768.00	3768.00	3768.00	3768.00	3769.00	3769.00	3769.00	3769.00	3769.00	3769.00	3769.00	3769.00	3769.00	3770.00	3770.00	3770.00	3770.00	3770.00	3770.00	3770.00	3770.00	3770.00	3770.00	3770.00	3771.00	3771.00	3771.00	3771.00	3771.00	3771.00	3771.00	3771.00	3771.00	3771.00	3771.00
3747.00	3747.00	3747.00	3747.00	3747.00	3747.00	3747.00	3747.00	3747.00	3747.00	3747.00	3747.00	3747.00	3748.00	3748.00	3748.00	3748.00	3748.00	3748.00	3748.00	3748.00	3748.00	3748.00	3748.00	3748.00	3748.00	3748.00	3748.00	3748.00	3749.00	3749.00	3749.00	3749.00	3749.00	3749.00	3749.00	3749.00	3749.00	3749.00	3749.00	3749.00	3749.00	3750.00	3750.00	3750.00	3750.00	3750.00	3750.00	3750.00	3750.00	3750.00	3751.00	3751.00	3751.00	3751.00	3752.00	3752.00	3752.00	3752.00	3752.00	3752.00	3753.00	3753.00	3753.00	3753.00	3753.00	3753.00	3753.00	3753.00	3754.00	3754.00	3754.00	3754.00	3754.00	3754.00	3755.00	3755.00	3755.00	3755.00	3755.00	3756.00	3756.00	3756.00	3756.00	3756.00	3756.00	3757.00	3757.00	3757.00	3757.00	3757.00	3758.00	3758.00	3758.00	3758.00	3758.00	3759.00	3759.00	3759.00	3759.00	3759.00	3759.00	3759.00	3759.00	3760.00	3760.00	3760.00	3760.00	3760.00	3760.00	3760.00	3760.00	3760.00	3760.00	3761.00	3761.00	3761.00	3761.00	3761.00	3761.00	3761.00	3761.00	3761.00	3761.00	3761.00	3761.00	3761.00	3761.00	3761.00	3761.00	3761.00	3761.00	3761.00	3762.00	3762.00	3762.00	3762.00	3762.00	3762.00	3762.00	3763.00	3763.00	3763.00	3763.00	3763.00	3763.00	3763.00	3763.00	3763.00	3764.00	3764.00	3764.00	3764.00	3764.00	3764.00	3764.00	3764.00	3764.00	3764.00	3764.00	3764.00	3764.00	3765.00	3765.00	3765.00	3765.00	3765.00	3765.00	3765.00	3765.00	3765.00	3765.00	3765.00	3765.00	3765.00	3765.00	3765.00	3765.00	3765.00	3765.00	3765.00	3765.00	3765.00	3765.00	3765.00	3765.00	3765.00	3766.00	3766.00	3766.00	3766.00	3766.00	3766.00	3766.00	3766.00	3766.00	3766.00	3766.00	3766.00	3766.00	3766.00	3766.00	3766.00	3766.00	3767.00	3767.00	3767.00	3767.00	3767.00	3767.00	3767.00	3767.00	3767.00	3767.00	3767.00	3767.00	3768.00	3768.00	3768.00	3768.00	3768.00	3768.00	3768.00	3768.00	3768.00	3769.00	3769.00	3769.00	3769.00	3769.00	3769.00	3769.00	3769.00	3769.00	3770.00	3770.00	3770.00	3770.00	3770.00	3770.00	3770.00	3770.00	3770.00	3770.00	3770.00	3771.00	3771.00	3771.00	3771.00	3771.00	3771.00	3771.00	3771.00	3771.00	3771.00	3771.00
3747.00	3747.00	3747.00	3747.00	3747.00	3747.00	3747.00	3747.00	3747.00	3747.00	3747.00	3747.00	3747.00	3748.00	3748.00	3748.00	3748.00	3748.00	3748.00	3748.00	3748.00	3748.00	3748.00	3748.00	3748.00	3748.00	3748.00	3748.00	3748.00	3749.00	3749.00	3749.00	3749.00	3749.00	3749.00	3749.00	3749.00	3749.00	3749.00	3749.00	3749.00	3749.00	3750.00	3750.00	3750.00	3750.00	3750.00	3750.00	3750.00	3750.00	3750.00	3751.00	3751.00	3751.00	3751.00	3752.00	3752.00	3752.00	3752.00	3752.00	3752.00	3753.00	3753.00	3753.00	3753.00	3753.00	3753.00	3753.00	3753.00	3754.00	3754.00	3754.00	3754.00	3754.00	3754.00	3755.00	3755.00	3755.00	3755.00	3755.00	3756.00	3756.00	3756.00	3756.00	3756.00	3756.00	3757.00	3757.00	3757.00	3757.00	3757.00	3758.00	3758.00	3758.00	3758.00	3758.00	3759.00	3759.00	3759.00	3759.00	3759.00	3759.00	3759.00	3759.00	3760.00	3760.00	3760.00	3760.00	3760.00	3760.00	3760.00	3760.00	3760.00	3760.00	3761.00	3761.00	3761.00	3761.00	3761.00	3761.00	3761.00	3761.00	3761.00	3761.00	3761.00	3761.00	3761.00	3761.00	3761.00	3761.00	3761.00	3761.00	3761.00	3762.00	3762.00	3762.00	3762.00	3762.00	3762.00	3762.00	3763.00	3763.00	3763.00	3763.00	3763.00	3763.00	3763.00	3763.00	3763.00	3764.00	3764.00	3764.00	3764.00	3764.00	3764.00	3764.00	3764.00	3764.00	3764.00	3764.00	3764.00	3764.00	3765.00	3765.00	3765.00	3765.00	3765.00	3765.00	3765.00	3765.00	3765.00	3765.00	3765.00	3765.00	3765.00	3765.00	3765.00	3765.00	3765.00	3765.00	3765.00	3765.00	3765.00	3765.00	3765.00	3765.00	3765.00	3766.00	3766.00	3766.00	3766.00	3766.00	3766.00	3766.00	3766.00	3766.00	3766.00	3766.00	3766.00	3766.00	3766.00	3766.00	3766.00	3766.00	3767.00	3767.00	3767.00	3767.00	3767.00	3767.00	3767.00	3767.00	3767.00	3767.00	3767.00	3767.00	3768.00	3768.00	3768.00	3768.00	3768.00	3768.00	3768.00	3768.00	3768.00	3769.00	3769.00	3769.00	3769.00	3769.00	3769.00	3769.00	3769.00	3769.00	3770.00	3770.00	3770.00	3770.00	3770.00	3770.00	3770.00	3770.00	3770.00	3770.00	3770.00	3771.00	3771.00	3771.00	3771.00	3771.00	3771.00	3771.00	3771.00	3771.00	3771.00	3771.00
3747.00	3747.00	3747.00	3747.00	3747.00	3747.00	3747.00	3747.00	3747.00	3747.00	3747.00	3747.00	3747.00	3748.00	3748.00	3748.00	3748.00	3748.00	3748.00	3748.00	3748.00	3748.00	3748.00	3748.00	3748.00	3748.00	3748.00	3748.00	3748.00	3749.00	3749.00	3749.00	3749.00	3749.00	3749.00	3749.00	3749.00	3749.00	3749.00	3749.00	3749.00	3749.00	3750.00	3750.00	3750.00	3750.00	3750.00	3750.00	3750.00	3750.00	3750.00	3751.00	3751.00	3751.00	3751.00	3752.00	3752.00	3752.00	3752.00	3752.00	3752.00	3753.00	3753.00	3753.00	3753.00	3753.00	3753.00	3753.00	3753.00	3754.00	3754.00	3754.00	3754.00	3754.00	3754.00	3755.00	3755.00	3755.00	3755.00	3755.00	3756.00	3756.00	3756.00	3756.00	3756.00	3756.00	3757.00	3757.00	3757.00	3757.00	3757.00	3758.00	3758.00	3758.00	3758.00	3758.00	3759.00	3759.00	3759.00	3759.00	3759.00	3759.00	3759.00	3759.00	3760.00	3760.00	3760.00	3760.00	3760.00	3760.00	3760.00	3760.00	3760.00	3760.00	3761.00	3761.00	3761.00	3761.00	3761.00	3761.00	3761.00	3761.00	3761.00	3761.00	3761.00	3761.00	3761.00	3761.00	3761.00	3761.00	3761.00	3761.00	3761.00	3762.00	3762.00	3762.00	3762.00	3762.00	3762.00	3762.00	3763.00	3763.00	3763.00	3763.00	3763.00	3763.00	3763.00	3763.00	3763.00	3764.00	3764.00	3764.00	3764.00	3764.00	3764.00	3764.00	3764.00	3764.00	3764.00	3764.00	3764.00	3764.00	3765.00	3765.00	3765.00	3765.00	3765.00	3765.00	3765.00	3765.00	3765.00	3765.00	3765.00	3765.00	3765.00	3765.00	3765.00	3765.00	3765.00	3765.00	3765.00	3765.00	3765.00	3765.00	3765.00	3765.00	3765.00	3766.00	3766.00	3766.00	3766.00	3766.00	3766.00	3766.00	3766.00	3766.00	3766.00	3766.00	3766.00	3766.00	3766.00	3766.00	3766.00	3766.00	3767.00	3767.00	3767.00	3767.00	3767.00	3767.00	3767.00	3767.00	3767.00	3767.00	3767.00	3767.00	3768.00	3768.00	3768.00	3768.00	3768.00	3768.00	3768.00	3768.00	3768.00	3769.00	3769.00	3769.00	3769.00	3769.00	3769.00	3769.00	3769.00	3769.00	3770.00	3770.00	3770.00	3770.00	3770.00	3770.00	3770.00	3770.00	3770.00	3770.00	3770.00	3771.00	3771.00	3771.00	3771.00	3771.00	3771.00	3771.00	3771.00	3771.00	3771.00	3771.00
3747.00	3747.00	3747.00	3747.00	3747.00	3747.00	3747.00	3747.00	3747.00	3747.00	3747.00	3747.00	3747.00	3748.00	3748.00	3748.00	3748.00	3748.00	3748.00	3748.00	3748.00	3748.00	3748.00	3748.00	3748.00	3748.00	3748.00	3748.00	3748.00	3749.00	3749.00	3749.00	3749.00	3749.00	3749.00	3749.00	3749.00	3749.00	3749.00	3749.00	3749.00	3749.00	3750.00	3750.00	3750.00	3750.00	3750.00	3750.00	3750.00	3750.00	3750.00	3751.00	3751.00	3751.00	3751.00	3752.00	3752.00	3752.00	3752.00	3752.00	3752.00	3753.00	3753.00	3753.00	3753.00	3753.00	3753.00	3753.00	3753.00	3754.00	3754.00	3754.00	3754.00	3754.00	3754.00	3755.00	3755.00	3755.00	3755.00	3755.00	3756.00	3756.00	3756.00	3756.00	3756.00	3756.00	3757.00	3757.00	3757.00	3757.00	3757.00	3758.00	3758.00	3758.00	3758.00	3758.00	3759.00	3759.00	3759.00	3759.00	3759.00	3759.00	3759.00	3759.00	3760.00	3760.00	3760.00	3760.00	3760.00	3760.00	3760.00	3760.00	3760.00	3760.00	3761.00	3761.00	3761.00	3761.00	3761.00	3761.00	3761.00	3761.00	3761.00	3761.00	3761.00	3761.00	3761.00	3761.00	3761.00	3761.00	3761.00	3761.00	3761.00	3762.00	3762.00	3762.00	3762.00	3762.00	3762.00	3762.00	3763.00	3763.00	3763.00	3763.00	3763.00	3763.00	3763.00	3763.00	3763.00	3764.00	3764.00	3764.00	3764.00	3764.00	3764.00	3764.00	3764.00	3764.00	3764.00	3764.00	3764.00	3764.00	3765.00	3765.00	3765.00	3765.00	3765.00	3765.00	3765.00	3765.00	3765.00	3765.00	3765.00	3765.00	3765.00	3765.00	3765.00	3765.00	3765.00	3765.00	3765.00	3765.00	3765.00	3765.00	3765.00	3765.00	3765.00	3766.00	3766.00	3766.00	3766.00	3766.00	3766.00	3766.00	3766.00	3766.00	3766.00	3766.00	3766.00	3766.00	3766.00	3766.00	3766.00	3766.00	3767.00	3767.00	3767.00	3767.00	3767.00	3767.00	3767.00	3767.00	3767.00	3767.00	3767.00	3767.00	3768.00	3768.00	3768.00	3768.00	3768.00	3768.00	3768.00	3768.00	3768.00	3769.00	3769.00	3769.00	3769.00	3769.00	3769.00	3769.00	3769.00	3769.00	3770.00	3770.00	3770.00	3770.00	3770.00	3770.00	3770.00	3770.00	3770.00	3770.00	3770.00	3771.00	3771.00	3771.00	3771.00	3771.00	3771.00	3771.00	3771.00	3771.00	3771.00	3771.00
3747.00	3747.00	3747.00	3747.00	3747.00	3747.00	3747.00	3747.00	3747.00	3747.00	3747.00	3747.00	3747.00	3748.00	3748.00	3748.00	3748.00	3748.00	3748.00	3748.00	3748.00	3748.00	3748.00	3748.00	3748.00	3748.00	3748.00	3748.00	3748.00	3749.00	3749.00	3749.00	3749.00	3749.00	3749.00	3749.00	3749.00	3749.00	3749.00	3749.00	3749.00	3749.00	3750.00	3750.00	3750.00	3750.00	3750.00	3750.00	3750.00	3750.00	3750.00	3751.00	3751.00	3751.00	3751.00	3752.00	3752.00	3752.00	3752.00	3752.00	3752.00	3753.00	3753.00	3753.00	3753.00	3753.00	3753.00	3753.00	3753.00	3754.00	3754.00	3754.00	3754.00	3754.00	3754.00	3755.00	3755.00	3755.00	3755.00	3755.00	3756.00	3756.00	3756.00	3756.00	3756.00	3756.00	3757.00	3757.00	3757.00	3757.00	3757.00	3758.00	3758.00	3758.00	3758.00	3758.00	3759.00	3759.00	3759.00	3759.00	3759.00	3759.00	3759.00	3759.00	3760.00	3760.00	3760.00	3760.00	3760.00	3760.00	3760.00	3760.00	3760.00	3760.00	3761.00	3761.00	3761.00	3761.00	3761.00	3761.00	3761.00	3761.00	3761.00	3761.00	3761.00	3761.00	3761.00	3761.00	3761.00	3761.00	3761.00	3761.00	3761.00	3762.00	3762.00	3762.00	3762.00	3762.00	3762.00	3762.00	3763.00	3763.00	3763.00	3763.00	3763.00	3763.00	3763.00	3763.00	3763.00	3764.00	3764.00	3764.00	3764.00	3764.00	3764.00	3764.00	3764.00	3764.00	3764.00	3764.00	3764.00	3764.00	3765.00	3765.00	3765.00	3765.00	3765.00	3765.00	3765.00	3765.00	3765.00	3765.00	3765.00	3765.00	3765.00	3765.00	3765.00	3765.00	3765.00	3765.00	3765.00	3765.00	3765.00	3765.00	3765.00	3765.00	3765.00	3766.00	3766.00	3766.00	3766.00	3766.00	3766.00	3766.00	3766.00	3766.00	3766.00	3766.00	3766.00	3766.00	3766.00	3766.00	3766.00	3766.00	3767.00	3767.00	3767.00	3767.00	3767.00	3767.00	3767.00	3767.00	3767.00	3767.00	3767.00	3767.00	3768.00	3768.00	3768.00	3768.00	3768.00	3768.00	3768.00	3768.00	3768.00	3769.00	3769.00	3769.00	3769.00	3769.00	3769.00	3769.00	3769.00	3769.00	3770.00	3770.00	3770.00	3770.00	3770.00	3770.00	3770.00	3770.00	3770.00	3770.00	3770.00	3771.00	3771.00	3771.00	3771.00	3771.00	3771.00	3771.00	3771.00	3771.00	3771.00	3771.00
3747.00	3747.00	3747.00	3747.00	3747.00	3747.00	3747.00	3747.00	3747.00	3747.00	3747.00	3747.00	3747.00	3748.00	3748.00	3748.00	3748.00	3748.00	3748.00	3748.00	3748.00	3748.00	3748.00	3748.00	3748.00	3748.00	3748.00	3748.00	3748.00	3749.00	3749.00	3749.00	3749.00	3749.00	3749.00	3749.00	3749.00	3749.00	3749.00	3749.00	3749.00	3749.00	3750.00	3750.00	3750.00	3750.00	3750.00	3750.00	3750.00	3750.00	3750.00	3751.00	3751.00	3751.00	3751.00	3752.00	3752.00	3752.00	3752.00	3752.00	3752.00	3753.00	3753.00	3753.00	3753.00	3753.00	3753.00	3753.00	3753.00	3754.00	3754.00	3754.00	3754.00	3754.00	3754.00	3755.00	3755.00	3755.00	3755.00	3755.00	3756.00	3756.00	3756.00	3756.00	3756.00	3756.00	3757.00	3757.00	3757.00	3757.00	3757.00	3758.00	3758.00	3758.00	3758.00	3758.00	3759.00	3759.00	3759.00	3759.00	3759.00	3759.00	3759.00	3759.00	3760.00	3760.00	3760.00	3760.00	3760.00	3760.00	3760.00	3760.00	3760.00	3760.00	3761.00	3761.00	3761.00	3761.00	3761.00	3761.00	3761.00	3761.00	3761.00	3761.00	3761.00	3761.00	3761.00	3761.00	3761.00	3761.00	3761.00	3761.00	3761.00	3762.00	3762.00	3762.00	3762.00	3762.00	3762.00	3762.00	3763.00	3763.00	3763.00	3763.00	3763.00	3763.00	3763.00	3763.00	3763.00	3764.00	3764.00	3764.00	3764.00	3764.00	3764.00	3764.00	3764.00	3764.00	3764.00	3764.00	3764.00	3764.00	3765.00	3765.00	3765.00	3765.00	3765.00	3765.00	3765.00	3765.00	3765.00	3765.00	3765.00	3765.00	3765.00	3765.00	3765.00	3765.00	3765.00	3765.00	3765.00	3765.00	3765.00	3765.00	3765.00	3765.00	3765.00	3766.00	3766.00	3766.00	3766.00	3766.00	3766.00	3766.00	3766.00	3766.00	3766.00	3766.00	3766.00	3766.00	3766.00	3766.00	3766.00	3766.00	3767.00	3767.00	3767.00	3767.00	3767.00	3767.00	3767.00	3767.00	3767.00	3767.00	3767.00	3767.00	3768.00	3768.00	3768.00	3768.00	3768.00	3768.00	3768.00	3768.00	3768.00	3769.00	3769.00	3769.00	3769.00	3769.00	3769.00	3769.00	3769.00	3769.00	3770.00	3770.00	3770.00	3770.00	3770.00	3770.00	3770.00	3770.00	3770.00	3770.00	3770.00	3771.00	3771.00	3771.00	3771.00	3771.00	3771.00	3771.00	3771.00	3771.00	3771.00	3771.00
3747.00	3747.00	3747.00	3747.00	3747.00	3747.00	3747.00	3747.00	3747.00	3747.00	3747.00	3747.00	3747.00	3748.00	3748.00	3748.00	3748.00	3748.00	3748.00	3748.00	3748.00	3748.00	3748.00	3748.00	3748.00	3748.00	3748.00	3748.00	3748.00	3749.00	3749.00	3749.00	3749.00	3749.00	3749.00	3749.00	3749.00	3749.00	3749.00	3749.00	3749.00	3749.00	3750.00	3750.00	3750.00	3750.00	3750.00	3750.00	3750.00	3750.00	3750.00	3751.00	3751.00	3751.00	3751.00	3752.00	3752.00	3752.00	3752.00	3752.00	3752.00	3753.00	3753.00	3753.00	3753.00	3753.00	3753.00	3753.00	3753.00	3754.00	3754.00	3754.00	3754.00	3754.00	3754.00	3755.00	3755.00	3755.00	3755.00	3755.00	3756.00	3756.00	3756.00	3756.00	3756.00	3756.00	3757.00	3757.00	3757.00	3757.00	3757.00	3758.00	3758.00	3758.00	3758.00	3758.00	3759.00	3759.00	3759.00	3759.00	3759.00	3759.00	3759.00	3759.00	3760.00	3760.00	3760.00	3760.00	3760.00	3760.00	3760.00	3760.00	3760.00	3760.00	3761.00	3761.00	3761.00	3761.00	3761.00	3761.00	3761.00	3761.00	3761.00	3761.00	3761.00	3761.00	3761.00	3761.00	3761.00	3761.00	3761.00	3761.00	3761.00	3762.00	3762.00	3762.00	3762.00	3762.00	3762.00	3762.00	3763.00	3763.00	3763.00	3763.00	3763.00	3763.00	3763.00	3763.00	3763.00	3764.00	3764.00	3764.00	3764.00	3764.00	3764.00	3764.00	3764.00	3764.00	3764.00	3764.00	3764.00	3764.00	3765.00	3765.00	3765.00	3765.00	3765.00	3765.00	3765.00	3765.00	3765.00	3765.00	3765.00	3765.00	3765.00	3765.00	3765.00	3765.00	3765.00	3765.00	3765.00	3765.00	3765.00	3765.00	3765.00	3765.00	3765.00	3766.00	3766.00	3766.00	3766.00	3766.00	3766.00	3766.00	3766.00	3766.00	3766.00	3766.00	3766.00	3766.00	3766.00	3766.00	3766.00	3766.00	3767.00	3767.00	3767.00	3767.00	3767.00	3767.00	3767.00	3767.00	3767.00	3767.00	3767.00	3767.00	3768.00	3768.00	3768.00	3768.00	3768.00	3768.00	3768.00	3768.00	3768.00	3769.00	3769.00	3769.00	3769.00	3769.00	3769.00	3769.00	3769.00	3769.00	3770.00	3770.00	3770.00	3770.00	3770.00	3770.00	3770.00	3770.00	3770.00	3770.00	3770.00	3771.00	3771.00	3771.00	3771.00	3771.00	3771.00	3771.00	3771.00	3771.00	3771.00	3771.00
3747.00	3747.00	3747.00	3747.00	3747.00	3747.00	3747.00	3747.00	3747.00	3747.00	3747.00	3747.00	3747.00	3748.00	3748.00	3748.00	3748.00	3748.00	3748.00	3748.00	3748.00	3748.00	3748.00	3748.00	3748.00	3748.00	3748.00	3748.00	3748.00	3749.00	3749.00	3749.00	3749.00	3749.00	3749.00	3749.00	3749.00	3749.00	3749.00	3749.00	3749.00	3749.00	3750.00	3750.00	3750.00	3750.00	3750.00	3750.00	3750.00	3750.00	3750.00	3751.00	3751.00	3751.00	3751.00	3752.00	3752.00	3752.00	3752.00	3752.00	3752.00	3753.00	3753.00	3753.00	3753.00	3753.00	3753.00	3753.00	3753.00	3754.00	3754.00	3754.00	3754.00	3754.00	3754.00	3755.00	3755.00	3755.00	3755.00	3755.00	3756.00	3756.00	3756.00	3756.00	3756.00	3756.00	3757.00	3757.00	3757.00	3757.00	3757.00	3758.00	3758.00	3758.00	3758.00	3758.00	3759.00	3759.00	3759.00	3759.00	3759.00	3759.00	3759.00	3759.00	3760.00	3760.00	3760.00	3760.00	3760.00	3760.00	3760.00	3760.00	3760.00	3760.00	3761.00	3761.00	3761.00	3761.00	3761.00	3761.00	3761.00	3761.00	3761.00	3761.00	3761.00	3761.00	3761.00	3761.00	3761.00	3761.00	3761.00	3761.00	3761.00	3762.00	3762.00	3762.00	3762.00	3762.00	3762.00	3762.00	3763.00	3763.00	3763.00	3763.00	3763.00	3763.00	3763.00	3763.00	3763.00	3764.00	3764.00	3764.00	3764.00	3764.00	3764.00	3764.00	3764.00	3764.00	3764.00	3764.00	3764.00	3764.00	3765.00	3765.00	3765.00	3765.00	3765.00	3765.00	3765.00	3765.00	3765.00	3765.00	3765.00	3765.00	3765.00	3765.00	3765.00	3765.00	3765.00	3765.00	3765.00	3765.00	3765.00	3765.00	3765.00	3765.00	3765.00	3766.00	3766.00	3766.00	3766.00	3766.00	3766.00	3766.00	3766.00	3766.00	3766.00	3766.00	3766.00	3766.00	3766.00	3766.00	3766.00	3766.00	3767.00	3767.00	3767.00	3767.00	3767.00	3767.00	3767.00	3767.00	3767.00	3767.00	3767.00	3767.00	3768.00	3768.00	3768.00	3768.00	3768.00	3768.00	3768.00	3768.00	3768.00	3769.00	3769.00	3769.00	3769.00	3769.00	3769.00	3769.00	3769.00	3769.00	3770.00	3770.00	3770.00	3770.00	3770.00	3770.00	3770.00	3770.00	3770.00	3770.00	3770.00	3771.00	3771.00	3771.00	3771.00	3771.00	3771.00	3771.00	3771.00	3771.00	3771.00	3771.00
3747.00	3747.00	3747.00	3747.00	3747.00	3747.00	3747.00	3747.00	3747.00	3747.00	3747.00	3747.00	3747.00	3748.00	3748.00	3748.00	3748.00	3748.00	3748.00	3748.00	3748.00	3748.00	3748.00	3748.00	3748.00	3748.00	3748.00	3748.00	3748.00	3749.00	3749.00	3749.00	3749.00	3749.00	3749.00	3749.00	3749.00	3749.00	3749.00	3749.00	3749.00	3749.00	3750.00	3750.00	3750.00	3750.00	3750.00	3750.00	3750.00	3750.00	3750.00	3751.00	3751.00	3751.00	3751.00	3752.00	3752.00	3752.00	3752.00	3752.00	3752.00	3753.00	3753.00	3753.00	3753.00	3753.00	3753.00	3753.00	3753.00	3754.00	3754.00	3754.00	3754.00	3754.00	3754.00	3755.00	3755.00	3755.00	3755.00	3755.00	3756.00	3756.00	3756.00	3756.00	3756.00	3756.00	3757.00	3757.00	3757.00	3757.00	3757.00	3758.00	3758.00	3758.00	3758.00	3758.00	3759.00	3759.00	3759.00	3759.00	3759.00	3759.00	3759.00	3759.00	3760.00	3760.00	3760.00	3760.00	3760.00	3760.00	3760.00	3760.00	3760.00	3760.00	3761.00	3761.00	3761.00	3761.00	3761.00	3761.00	3761.00	3761.00	3761.00	3761.00	3761.00	3761.00	3761.00	3761.00	3761.00	3761.00	3761.00	3761.00	3761.00	3762.00	3762.00	3762.00	3762.00	3762.00	3762.00	3762.00	3763.00	3763.00	3763.00	3763.00	3763.00	3763.00	3763.00	3763.00	3763.00	3764.00	3764.00	3764.00	3764.00	3764.00	3764.00	3764.00	3764.00	3764.00	3764.00	3764.00	3764.00	3764.00	3765.00	3765.00	3765.00	3765.00	3765.00	3765.00	3765.00	3765.00	3765.00	3765.00	3765.00	3765.00	3765.00	3765.00	3765.00	3765.00	3765.00	3765.00	3765.00	3765.00	3765.00	3765.00	3765.00	3765.00	3765.00	3766.00	3766.00	3766.00	3766.00	3766.00	3766.00	3766.00	3766.00	3766.00	3766.00	3766.00	3766.00	3766.00	3766.00	3766.00	3766.00	3766.00	3767.00	3767.00	3767.00	3767.00	3767.00	3767.00	3767.00	3767.00	3767.00	3767.00	3767.00	3767.00	3768.00	3768.00	3768.00	3768.00	3768.00	3768.00	3768.00	3768.00	3768.00	3769.00	3769.00	3769.00	3769.00	3769.00	3769.00	3769.00	3769.00	3769.00	3770.00	3770.00	3770.00	3770.00	3770.00	3770.00	3770.00	3770.00	3770.00	3770.00	3770.00	3771.00	3771.00	3771.00	3771.00	3771.00	3771.00	3771.00	3771.00	3771.00	3771.00	3771.00
3747.00	3747.00	3747.00	3747.00	3747.00	3747.00	3747.00	3747.00	3747.00	3747.00	3747.00	3747.00	3747.00	3748.00	3748.00	3748.00	3748.00	3748.00	3748.00	3748.00	3748.00	3748.00	3748.00	3748.00	3748.00	3748.00	3748.00	3748.00	3748.00	3749.00	3749.00	3749.00	3749.00	3749.00	3749.00	3749.00	3749.00	3749.00	3749.00	3749.00	3749.00	3749.00	3750.00	3750.00	3750.00	3750.00	3750.00	3750.00	3750.00	3750.00	3750.00	3751.00	3751.00	3751.00	3751.00	3752.00	3752.00	3752.00	3752.00	3752.00	3752.00	3753.00	3753.00	3753.00	3753.00	3753.00	3753.00	3753.00	3753.00	3754.00	3754.00	3754.00	3754.00	3754.00	3754.00	3755.00	3755.00	3755.00	3755.00	3755.00	3756.00	3756.00	3756.00	3756.00	3756.00	3756.00	3757.00	3757.00	3757.00	3757.00	3757.00	3758.00	3758.00	3758.00	3758.00	3758.00	3759.00	3759.00	3759.00	3759.00	3759.00	3759.00	3759.00	3759.00	3760.00	3760.00	3760.00	3760.00	3760.00	3760.00	3760.00	3760.00	3760.00	3760.00	3761.00	3761.00	3761.00	3761.00	3761.00	3761.00	3761.00	3761.00	3761.00	3761.00	3761.00	3761.00	3761.00	3761.00	3761.00	3761.00	3761.00	3761.00	3761.00	3762.00	3762.00	3762.00	3762.00	3762.00	3762.00	3762.00	3763.00	3763.00	3763.00	3763.00	3763.00	3763.00	3763.00	3763.00	3763.00	3764.00	3764.00	3764.00	3764.00	3764.00	3764.00	3764.00	3764.00	3764.00	3764.00	3764.00	3764.00	3764.00	3765.00	3765.00	3765.00	3765.00	3765.00	3765.00	3765.00	3765.00	3765.00	3765.00	3765.00	3765.00	3765.00	3765.00	3765.00	3765.00	3765.00	3765.00	3765.00	3765.00	3765.00	3765.00	3765.00	3765.00	3765.00	3766.00	3766.00	3766.00	3766.00	3766.00	3766.00	3766.00	3766.00	3766.00	3766.00	3766.00	3766.00	3766.00	3766.00	3766.00	3766.00	3766.00	3767.00	3767.00	3767.00	3767.00	3767.00	3767.00	3767.00	3767.00	3767.00	3767.00	3767.00	3767.00	3768.00	3768.00	3768.00	3768.00	3768.00	3768.00	3768.00	3768.00	3768.00	3769.00	3769.00	3769.00	3769.00	3769.00	3769.00	3769.00	3769.00	3769.00	3770.00	3770.00	3770.00	3770.00	3770.00	3770.00	3770.00	3770.00	3770.00	3770.00	3770.00	3771.00	3771.00	3771.00	3771.00	3771.00	3771.00	3771.00	3771.00	3771.00	3771.00	3771.00
3745.00	3746.00	3746.00	3746.00	3746.00	3746.00	3746.00	3746.00	3746.00	3746.00	3746.00	3746.00	3746.00	3746.00	3746.00	3746.00	3746.00	3746.00	3746.00	3746.00	3746.00	3746.00	3747.00	3747.00	3747.00	3747.00	3747.00	3747.00	3747.00	3747.00	3747.00	3747.00	3747.00	3747.00	3747.00	3747.00	3747.00	3747.00	3747.00	3747.00	3747.00	3747.00	3747.00	3747.00	3747.00	3747.00	3748.00	3748.00	3748.00	3748.00	3748.00	3748.00	3749.00	3749.00	3749.00	3749.00	3749.00	3750.00	3750.00	3750.00	3750.00	3750.00	3750.00	3751.00	3751.00	3751.00	3751.00	3751.00	3751.00	3752.00	3752.00	3752.00	3752.00	3752.00	3752.00	3753.00	3753.00	3753.00	3753.00	3753.00	3754.00	3754.00	3754.00	3754.00	3755.00	3755.00	3755.00	3756.00	3756.00	3756.00	3756.00	3757.00	3757.00	3757.00	3757.00	3757.00	3757.00	3757.00	3758.00	3758.00	3758.00	3758.00	3758.00	3758.00	3758.00	3759.00	3759.00	3759.00	3759.00	3759.00	3759.00	3759.00	3759.00	3759.00	3760.00	3760.00	3760.00	3760.00	3760.00	3760.00	3760.00	3760.00	3760.00	3760.00	3760.00	3760.00	3760.00	3760.00	3760.00	3760.00	3760.00	3761.00	3761.00	3761.00	3761.00	3761.00	3761.00	3761.00	3761.00	3761.00	3761.00	3761.00	3761.00	3761.00	3762.00	3762.00	3762.00	3762.00	3762.00	3762.00	3762.00	3762.00	3762.00	3762.00	3762.00	3762.00	3762.00	3763.00	3763.00	3763.00	3763.00	3763.00	3763.00	3763.00	3763.00	3763.00	3763.00	3763.00	3763.00	3763.00	3763.00	3764.00	3764.00	3764.00	3764.00	3764.00	3764.00	3764.00	3764.00	3764.00	3764.00	3764.00	3764.00	3764.00	3764.00	3764.00	3764.00	3764.00	3764.00	3764.00	3764.00	3764.00	3764.00	3764.00	3764.00	3764.00	3764.00	3764.00	3764.00	3765.00	3765.00	3765.00	3765.00	3765.00	3765.00	3765.00	3765.00	3765.00	3765.00	3765.00	3765.00	3765.00	3765.00	3766.00	3766.00	3766.00	3766.00	3766.00	3766.00	3766.00	3766.00	3766.00	3766.00	3766.00	3766.00	3766.00	3766.00	3767.00	3767.00	3767.00	3767.00	3767.00	3767.00	3767.00	3768.00	3768.00	3768.00	3768.00	3768.00	3768.00	3768.00	3768.00	3769.00	3769.00	3769.00	3769.00	3769.00	3769.00	3769.00	3769.00	3769.00	3769.00	3769.00	3769.00	3769.00	3769.00
3745.00	3746.00	3746.00	3746.00	3746.00	3746.00	3746.00	3746.00	3746.00	3746.00	3746.00	3746.00	3746.00	3746.00	3746.00	3746.00	3746.00	3746.00	3746.00	3746.00	3746.00	3746.00	3747.00	3747.00	3747.00	3747.00	3747.00	3747.00	3747.00	3747.00	3747.00	3747.00	3747.00	3747.00	3747.00	3747.00	3747.00	3747.00	3747.00	3747.00	3747.00	3747.00	3747.00	3747.00	3747.00	3747.00	3748.00	3748.00	3748.00	3748.00	3748.00	3748.00	3749.00	3749.00	3749.00	3749.00	3749.00	3750.00	3750.00	3750.00	3750.00	3750.00	3750.00	3751.00	3751.00	3751.00	3751.00	3751.00	3751.00	3752.00	3752.00	3752.00	3752.00	3752.00	3752.00	3753.00	3753.00	3753.00	3753.00	3753.00	3754.00	3754.00	3754.00	3754.00	3755.00	3755.00	3755.00	3756.00	3756.00	3756.00	3756.00	3757.00	3757.00	3757.00	3757.00	3757.00	3757.00	3757.00	3758.00	3758.00	3758.00	3758.00	3758.00	3758.00	3758.00	3759.00	3759.00	3759.00	3759.00	3759.00	3759.00	3759.00	3759.00	3759.00	3760.00	3760.00	3760.00	3760.00	3760.00	3760.00	3760.00	3760.00	3760.00	3760.00	3760.00	3760.00	3760.00	3760.00	3760.00	3760.00	3760.00	3761.00	3761.00	3761.00	3761.00	3761.00	3761.00	3761.00	3761.00	3761.00	3761.00	3761.00	3761.00	3761.00	3762.00	3762.00	3762.00	3762.00	3762.00	3762.00	3762.00	3762.00	3762.00	3762.00	3762.00	3762.00	3762.00	3763.00	3763.00	3763.00	3763.00	3763.00	3763.00	3763.00	3763.00	3763.00	3763.00	3763.00	3763.00	3763.00	3763.00	3764.00	3764.00	3764.00	3764.00	3764.00	3764.00	3764.00	3764.00	3764.00	3764.00	3764.00	3764.00	3764.00	3764.00	3764.00	3764.00	3764.00	3764.00	3764.00	3764.00	3764.00	3764.00	3764.00	3764.00	3764.00	3764.00	3764.00	3764.00	3765.00	3765.00	3765.00	3765.00	3765.00	3765.00	3765.00	3765.00	3765.00	3765.00	3765.00	3765.00	3765.00	3765.00	3766.00	3766.00	3766.00	3766.00	3766.00	3766.00	3766.00	3766.00	3766.00	3766.00	3766.00	3766.00	3766.00	3766.00	3767.00	3767.00	3767.00	3767.00	3767.00	3767.00	3767.00	3768.00	3768.00	3768.00	3768.00	3768.00	3768.00	3768.00	3768.00	3769.00	3769.00	3769.00	3769.00	3769.00	3769.00	3769.00	3769.00	3769.00	3769.00	3769.00	3769.00	3769.00	3769.00
3745.00	3746.00	3746.00	3746.00	3746.00	3746.00	3746.00	3746.00	3746.00	3746.00	3746.00	3746.00	3746.00	3746.00	3746.00	3746.00	3746.00	3746.00	3746.00	3746.00	3746.00	3746.00	3747.00	3747.00	3747.00	3747.00	3747.00	3747.00	3747.00	3747.00	3747.00	3747.00	3747.00	3747.00	3747.00	3747.00	3747.00	3747.00	3747.00	3747.00	3747.00	3747.00	3747.00	3747.00	3747.00	3747.00	3748.00	3748.00	3748.00	3748.00	3748.00	3748.00	3749.00	3749.00	3749.00	3749.00	3749.00	3750.00	3750.00	3750.00	3750.00	3750.00	3750.00	3751.00	3751.00	3751.00	3751.00	3751.00	3751.00	3752.00	3752.00	3752.00	3752.00	3752.00	3752.00	3753.00	3753.00	3753.00	3753.00	3753.00	3754.00	3754.00	3754.00	3754.00	3755.00	3755.00	3755.00	3756.00	3756.00	3756.00	3756.00	3757.00	3757.00	3757.00	3757.00	3757.00	3757.00	3757.00	3758.00	3758.00	3758.00	3758.00	3758.00	3758.00	3758.00	3759.00	3759.00	3759.00	3759.00	3759.00	3759.00	3759.00	3759.00	3759.00	3760.00	3760.00	3760.00	3760.00	3760.00	3760.00	3760.00	3760.00	3760.00	3760.00	3760.00	3760.00	3760.00	3760.00	3760.00	3760.00	3760.00	3761.00	3761.00	3761.00	3761.00	3761.00	3761.00	3761.00	3761.00	3761.00	3761.00	3761.00	3761.00	3761.00	3762.00	3762.00	3762.00	3762.00	3762.00	3762.00	3762.00	3762.00	3762.00	3762.00	3762.00	3762.00	3762.00	3763.00	3763.00	3763.00	3763.00	3763.00	3763.00	3763.00	3763.00	3763.00	3763.00	3763.00	3763.00	3763.00	3763.00	3764.00	3764.00	3764.00	3764.00	3764.00	3764.00	3764.00	3764.00	3764.00	3764.00	3764.00	3764.00	3764.00	3764.00	3764.00	3764.00	3764.00	3764.00	3764.00	3764.00	3764.00	3764.00	3764.00	3764.00	3764.00	3764.00	3764.00	3764.00	3765.00	3765.00	3765.00	3765.00	3765.00	3765.00	3765.00	3765.00	3765.00	3765.00	3765.00	3765.00	3765.00	3765.00	3766.00	3766.00	3766.00	3766.00	3766.00	3766.00	3766.00	3766.00	3766.00	3766.00	3766.00	3766.00	3766.00	3766.00	3767.00	3767.00	3767.00	3767.00	3767.00	3767.00	3767.00	3768.00	3768.00	3768.00	3768.00	3768.00	3768.00	3768.00	3768.00	3769.00	3769.00	3769.00	3769.00	3769.00	3769.00	3769.00	3769.00	3769.00	3769.00	3769.00	3769.00	3769.00	3769.00
3745.00	3746.00	3746.00	3746.00	3746.00	3746.00	3746.00	3746.00	3746.00	3746.00	3746.00	3746.00	3746.00	3746.00	3746.00	3746.00	3746.00	3746.00	3746.00	3746.00	3746.00	3746.00	3747.00	3747.00	3747.00	3747.00	3747.00	3747.00	3747.00	3747.00	3747.00	3747.00	3747.00	3747.00	3747.00	3747.00	3747.00	3747.00	3747.00	3747.00	3747.00	3747.00	3747.00	3747.00	3747.00	3747.00	3748.00	3748.00	3748.00	3748.00	3748.00	3748.00	3749.00	3749.00	3749.00	3749.00	3749.00	3750.00	3750.00	3750.00	3750.00	3750.00	3750.00	3751.00	3751.00	3751.00	3751.00	3751.00	3751.00	3752.00	3752.00	3752.00	3752.00	3752.00	3752.00	3753.00	3753.00	3753.00	3753.00	3753.00	3754.00	3754.00	3754.00	3754.00	3755.00	3755.00	3755.00	3756.00	3756.00	3756.00	3756.00	3757.00	3757.00	3757.00	3757.00	3757.00	3757.00	3757.00	3758.00	3758.00	3758.00	3758.00	3758.00	3758.00	3758.00	3759.00	3759.00	3759.00	3759.00	3759.00	3759.00	3759.00	3759.00	3759.00	3760.00	3760.00	3760.00	3760.00	3760.00	3760.00	3760.00	3760.00	3760.00	3760.00	3760.00	3760.00	3760.00	3760.00	3760.00	3760.00	3760.00	3761.00	3761.00	3761.00	3761.00	3761.00	3761.00	3761.00	3761.00	3761.00	3761.00	3761.00	3761.00	3761.00	3762.00	3762.00	3762.00	3762.00	3762.00	3762.00	3762.00	3762.00	3762.00	3762.00	3762.00	3762.00	3762.00	3763.00	3763.00	3763.00	3763.00	3763.00	3763.00	3763.00	3763.00	3763.00	3763.00	3763.00	3763.00	3763.00	3763.00	3764.00	3764.00	3764.00	3764.00	3764.00	3764.00	3764.00	3764.00	3764.00	3764.00	3764.00	3764.00	3764.00	3764.00	3764.00	3764.00	3764.00	3764.00	3764.00	3764.00	3764.00	3764.00	3764.00	3764.00	3764.00	3764.00	3764.00	3764.00	3765.00	3765.00	3765.00	3765.00	3765.00	3765.00	3765.00	3765.00	3765.00	3765.00	3765.00	3765.00	3765.00	3765.00	3766.00	3766.00	3766.00	3766.00	3766.00	3766.00	3766.00	3766.00	3766.00	3766.00	3766.00	3766.00	3766.00	3766.00	3767.00	3767.00	3767.00	3767.00	3767.00	3767.00	3767.00	3768.00	3768.00	3768.00	3768.00	3768.00	3768.00	3768.00	3768.00	3769.00	3769.00	3769.00	3769.00	3769.00	3769.00	3769.00	3769.00	3769.00	3769.00	3769.00	3769.00	3769.00	3769.00
3745.00	3746.00	3746.00	3746.00	3746.00	3746.00	3746.00	3746.00	3746.00	3746.00	3746.00	3746.00	3746.00	3746.00	3746.00	3746.00	3746.00	3746.00	3746.00	3746.00	3746.00	3746.00	3747.00	3747.00	3747.00	3747.00	3747.00	3747.00	3747.00	3747.00	3747.00	3747.00	3747.00	3747.00	3747.00	3747.00	3747.00	3747.00	3747.00	3747.00	3747.00	3747.00	3747.00	3747.00	3747.00	3747.00	3748.00	3748.00	3748.00	3748.00	3748.00	3748.00	3749.00	3749.00	3749.00	3749.00	3749.00	3750.00	3750.00	3750.00	3750.00	3750.00	3750.00	3751.00	3751.00	3751.00	3751.00	3751.00	3751.00	3752.00	3752.00	3752.00	3752.00	3752.00	3752.00	3753.00	3753.00	3753.00	3753.00	3753.00	3754.00	3754.00	3754.00	3754.00	3755.00	3755.00	3755.00	3756.00	3756.00	3756.00	3756.00	3757.00	3757.00	3757.00	3757.00	3757.00	3757.00	3757.00	3758.00	3758.00	3758.00	3758.00	3758.00	3758.00	3758.00	3759.00	3759.00	3759.00	3759.00	3759.00	3759.00	3759.00	3759.00	3759.00	3760.00	3760.00	3760.00	3760.00	3760.00	3760.00	3760.00	3760.00	3760.00	3760.00	3760.00	3760.00	3760.00	3760.00	3760.00	3760.00	3760.00	3761.00	3761.00	3761.00	3761.00	3761.00	3761.00	3761.00	3761.00	3761.00	3761.00	3761.00	3761.00	3761.00	3762.00	3762.00	3762.00	3762.00	3762.00	3762.00	3762.00	3762.00	3762.00	3762.00	3762.00	3762.00	3762.00	3763.00	3763.00	3763.00	3763.00	3763.00	3763.00	3763.00	3763.00	3763.00	3763.00	3763.00	3763.00	3763.00	3763.00	3764.00	3764.00	3764.00	3764.00	3764.00	3764.00	3764.00	3764.00	3764.00	3764.00	3764.00	3764.00	3764.00	3764.00	3764.00	3764.00	3764.00	3764.00	3764.00	3764.00	3764.00	3764.00	3764.00	3764.00	3764.00	3764.00	3764.00	3764.00	3765.00	3765.00	3765.00	3765.00	3765.00	3765.00	3765.00	3765.00	3765.00	3765.00	3765.00	3765.00	3765.00	3765.00	3766.00	3766.00	3766.00	3766.00	3766.00	3766.00	3766.00	3766.00	3766.00	3766.00	3766.00	3766.00	3766.00	3766.00	3767.00	3767.00	3767.00	3767.00	3767.00	3767.00	3767.00	3768.00	3768.00	3768.00	3768.00	3768.00	3768.00	3768.00	3768.00	3769.00	3769.00	3769.00	3769.00	3769.00	3769.00	3769.00	3769.00	3769.00	3769.00	3769.00	3769.00	3769.00	3769.00
3745.00	3746.00	3746.00	3746.00	3746.00	3746.00	3746.00	3746.00	3746.00	3746.00	3746.00	3746.00	3746.00	3746.00	3746.00	3746.00	3746.00	3746.00	3746.00	3746.00	3746.00	3746.00	3747.00	3747.00	3747.00	3747.00	3747.00	3747.00	3747.00	3747.00	3747.00	3747.00	3747.00	3747.00	3747.00	3747.00	3747.00	3747.00	3747.00	3747.00	3747.00	3747.00	3747.00	3747.00	3747.00	3747.00	3748.00	3748.00	3748.00	3748.00	3748.00	3748.00	3749.00	3749.00	3749.00	3749.00	3749.00	3750.00	3750.00	3750.00	3750.00	3750.00	3750.00	3751.00	3751.00	3751.00	3751.00	3751.00	3751.00	3752.00	3752.00	3752.00	3752.00	3752.00	3752.00	3753.00	3753.00	3753.00	3753.00	3753.00	3754.00	3754.00	3754.00	3754.00	3755.00	3755.00	3755.00	3756.00	3756.00	3756.00	3756.00	3757.00	3757.00	3757.00	3757.00	3757.00	3757.00	3757.00	3758.00	3758.00	3758.00	3758.00	3758.00	3758.00	3758.00	3759.00	3759.00	3759.00	3759.00	3759.00	3759.00	3759.00	3759.00	3759.00	3760.00	3760.00	3760.00	3760.00	3760.00	3760.00	3760.00	3760.00	3760.00	3760.00	3760.00	3760.00	3760.00	3760.00	3760.00	3760.00	3760.00	3761.00	3761.00	3761.00	3761.00	3761.00	3761.00	3761.00	3761.00	3761.00	3761.00	3761.00	3761.00	3761.00	3762.00	3762.00	3762.00	3762.00	3762.00	3762.00	3762.00	3762.00	3762.00	3762.00	3762.00	3762.00	3762.00	3763.00	3763.00	3763.00	3763.00	3763.00	3763.00	3763.00	3763.00	3763.00	3763.00	3763.00	3763.00	3763.00	3763.00	3764.00	3764.00	3764.00	3764.00	3764.00	3764.00	3764.00	3764.00	3764.00	3764.00	3764.00	3764.00	3764.00	3764.00	3764.00	3764.00	3764.00	3764.00	3764.00	3764.00	3764.00	3764.00	3764.00	3764.00	3764.00	3764.00	3764.00	3764.00	3765.00	3765.00	3765.00	3765.00	3765.00	3765.00	3765.00	3765.00	3765.00	3765.00	3765.00	3765.00	3765.00	3765.00	3766.00	3766.00	3766.00	3766.00	3766.00	3766.00	3766.00	3766.00	3766.00	3766.00	3766.00	3766.00	3766.00	3766.00	3767.00	3767.00	3767.00	3767.00	3767.00	3767.00	3767.00	3768.00	3768.00	3768.00	3768.00	3768.00	3768.00	3768.00	3768.00	3769.00	3769.00	3769.00	3769.00	3769.00	3769.00	3769.00	3769.00	3769.00	3769.00	3769.00	3769.00	3769.00	3769.00
3745.00	3746.00	3746.00	3746.00	3746.00	3746.00	3746.00	3746.00	3746.00	3746.00	3746.00	3746.00	3746.00	3746.00	3746.00	3746.00	3746.00	3746.00	3746.00	3746.00	3746.00	3746.00	3747.00	3747.00	3747.00	3747.00	3747.00	3747.00	3747.00	3747.00	3747.00	3747.00	3747.00	3747.00	3747.00	3747.00	3747.00	3747.00	3747.00	3747.00	3747.00	3747.00	3747.00	3747.00	3747.00	3747.00	3748.00	3748.00	3748.00	3748.00	3748.00	3748.00	3749.00	3749.00	3749.00	3749.00	3749.00	3750.00	3750.00	3750.00	3750.00	3750.00	3750.00	3751.00	3751.00	3751.00	3751.00	3751.00	3751.00	3752.00	3752.00	3752.00	3752.00	3752.00	3752.00	3753.00	3753.00	3753.00	3753.00	3753.00	3754.00	3754.00	3754.00	3754.00	3755.00	3755.00	3755.00	3756.00	3756.00	3756.00	3756.00	3757.00	3757.00	3757.00	3757.00	3757.00	3757.00	3757.00	3758.00	3758.00	3758.00	3758.00	3758.00	3758.00	3758.00	3759.00	3759.00	3759.00	3759.00	3759.00	3759.00	3759.00	3759.00	3759.00	3760.00	3760.00	3760.00	3760.00	3760.00	3760.00	3760.00	3760.00	3760.00	3760.00	3760.00	3760.00	3760.00	3760.00	3760.00	3760.00	3760.00	3761.00	3761.00	3761.00	3761.00	3761.00	3761.00	3761.00	3761.00	3761.00	3761.00	3761.00	3761.00	3761.00	3762.00	3762.00	3762.00	3762.00	3762.00	3762.00	3762.00	3762.00	3762.00	3762.00	3762.00	3762.00	3762.00	3763.00	3763.00	3763.00	3763.00	3763.00	3763.00	3763.00	3763.00	3763.00	3763.00	3763.00	3763.00	3763.00	3763.00	3764.00	3764.00	3764.00	3764.00	3764.00	3764.00	3764.00	3764.00	3764.00	3764.00	3764.00	3764.00	3764.00	3764.00	3764.00	3764.00	3764.00	3764.00	3764.00	3764.00	3764.00	3764.00	3764.00	3764.00	3764.00	3764.00	3764.00	3764.00	3765.00	3765.00	3765.00	3765.00	3765.00	3765.00	3765.00	3765.00	3765.00	3765.00	3765.00	3765.00	3765.00	3765.00	3766.00	3766.00	3766.00	3766.00	3766.00	3766.00	3766.00	3766.00	3766.00	3766.00	3766.00	3766.00	3766.00	3766.00	3767.00	3767.00	3767.00	3767.00	3767.00	3767.00	3767.00	3768.00	3768.00	3768.00	3768.00	3768.00	3768.00	3768.00	3768.00	3769.00	3769.00	3769.00	3769.00	3769.00	3769.00	3769.00	3769.00	3769.00	3769.00	3769.00	3769.00	3769.00	3769.00
3745.00	3746.00	3746.00	3746.00	3746.00	3746.00	3746.00	3746.00	3746.00	3746.00	3746.00	3746.00	3746.00	3746.00	3746.00	3746.00	3746.00	3746.00	3746.00	3746.00	3746.00	3746.00	3747.00	3747.00	3747.00	3747.00	3747.00	3747.00	3747.00	3747.00	3747.00	3747.00	3747.00	3747.00	3747.00	3747.00	3747.00	3747.00	3747.00	3747.00	3747.00	3747.00	3747.00	3747.00	3747.00	3747.00	3748.00	3748.00	3748.00	3748.00	3748.00	3748.00	3749.00	3749.00	3749.00	3749.00	3749.00	3750.00	3750.00	3750.00	3750.00	3750.00	3750.00	3751.00	3751.00	3751.00	3751.00	3751.00	3751.00	3752.00	3752.00	3752.00	3752.00	3752.00	3752.00	3753.00	3753.00	3753.00	3753.00	3753.00	3754.00	3754.00	3754.00	3754.00	3755.00	3755.00	3755.00	3756.00	3756.00	3756.00	3756.00	3757.00	3757.00	3757.00	3757.00	3757.00	3757.00	3757.00	3758.00	3758.00	3758.00	3758.00	3758.00	3758.00	3758.00	3759.00	3759.00	3759.00	3759.00	3759.00	3759.00	3759.00	3759.00	3759.00	3760.00	3760.00	3760.00	3760.00	3760.00	3760.00	3760.00	3760.00	3760.00	3760.00	3760.00	3760.00	3760.00	3760.00	3760.00	3760.00	3760.00	3761.00	3761.00	3761.00	3761.00	3761.00	3761.00	3761.00	3761.00	3761.00	3761.00	3761.00	3761.00	3761.00	3762.00	3762.00	3762.00	3762.00	3762.00	3762.00	3762.00	3762.00	3762.00	3762.00	3762.00	3762.00	3762.00	3763.00	3763.00	3763.00	3763.00	3763.00	3763.00	3763.00	3763.00	3763.00	3763.00	3763.00	3763.00	3763.00	3763.00	3764.00	3764.00	3764.00	3764.00	3764.00	3764.00	3764.00	3764.00	3764.00	3764.00	3764.00	3764.00	3764.00	3764.00	3764.00	3764.00	3764.00	3764.00	3764.00	3764.00	3764.00	3764.00	3764.00	3764.00	3764.00	3764.00	3764.00	3764.00	3765.00	3765.00	3765.00	3765.00	3765.00	3765.00	3765.00	3765.00	3765.00	3765.00	3765.00	3765.00	3765.00	3765.00	3766.00	3766.00	3766.00	3766.00	3766.00	3766.00	3766.00	3766.00	3766.00	3766.00	3766.00	3766.00	3766.00	3766.00	3767.00	3767.00	3767.00	3767.00	3767.00	3767.00	3767.00	3768.00	3768.00	3768.00	3768.00	3768.00	3768.00	3768.00	3768.00	3769.00	3769.00	3769.00	3769.00	3769.00	3769.00	3769.00	3769.00	3769.00	3769.00	3769.00	3769.00	3769.00	3769.00
3745.00	3746.00	3746.00	3746.00	3746.00	3746.00	3746.00	3746.00	3746.00	3746.00	3746.00	3746.00	3746.00	3746.00	3746.00	3746.00	3746.00	3746.00	3746.00	3746.00	3746.00	3746.00	3747.00	3747.00	3747.00	3747.00	3747.00	3747.00	3747.00	3747.00	3747.00	3747.00	3747.00	3747.00	3747.00	3747.00	3747.00	3747.00	3747.00	3747.00	3747.00	3747.00	3747.00	3747.00	3747.00	3747.00	3748.00	3748.00	3748.00	3748.00	3748.00	3748.00	3749.00	3749.00	3749.00	3749.00	3749.00	3750.00	3750.00	3750.00	3750.00	3750.00	3750.00	3751.00	3751.00	3751.00	3751.00	3751.00	3751.00	3752.00	3752.00	3752.00	3752.00	3752.00	3752.00	3753.00	3753.00	3753.00	3753.00	3753.00	3754.00	3754.00	3754.00	3754.00	3755.00	3755.00	3755.00	3756.00	3756.00	3756.00	3756.00	3757.00	3757.00	3757.00	3757.00	3757.00	3757.00	3757.00	3758.00	3758.00	3758.00	3758.00	3758.00	3758.00	3758.00	3759.00	3759.00	3759.00	3759.00	3759.00	3759.00	3759.00	3759.00	3759.00	3760.00	3760.00	3760.00	3760.00	3760.00	3760.00	3760.00	3760.00	3760.00	3760.00	3760.00	3760.00	3760.00	3760.00	3760.00	3760.00	3760.00	3761.00	3761.00	3761.00	3761.00	3761.00	3761.00	3761.00	3761.00	3761.00	3761.00	3761.00	3761.00	3761.00	3762.00	3762.00	3762.00	3762.00	3762.00	3762.00	3762.00	3762.00	3762.00	3762.00	3762.00	3762.00	3762.00	3763.00	3763.00	3763.00	3763.00	3763.00	3763.00	3763.00	3763.00	3763.00	3763.00	3763.00	3763.00	3763.00	3763.00	3764.00	3764.00	3764.00	3764.00	3764.00	3764.00	3764.00	3764.00	3764.00	3764.00	3764.00	3764.00	3764.00	3764.00	3764.00	3764.00	3764.00	3764.00	3764.00	3764.00	3764.00	3764.00	3764.00	3764.00	3764.00	3764.00	3764.00	3764.00	3765.00	3765.00	3765.00	3765.00	3765.00	3765.00	3765.00	3765.00	3765.00	3765.00	3765.00	3765.00	3765.00	3765.00	3766.00	3766.00	3766.00	3766.00	3766.00	3766.00	3766.00	3766.00	3766.00	3766.00	3766.00	3766.00	3766.00	3766.00	3767.00	3767.00	3767.00	3767.00	3767.00	3767.00	3767.00	3768.00	3768.00	3768.00	3768.00	3768.00	3768.00	3768.00	3768.00	3769.00	3769.00	3769.00	3769.00	3769.00	3769.00	3769.00	3769.00	3769.00	3769.00	3769.00	3769.00	3769.00	3769.00
3745.00	3746.00	3746.00	3746.00	3746.00	3746.00	3746.00	3746.00	3746.00	3746.00	3746.00	3746.00	3746.00	3746.00	3746.00	3746.00	3746.00	3746.00	3746.00	3746.00	3746.00	3746.00	3747.00	3747.00	3747.00	3747.00	3747.00	3747.00	3747.00	3747.00	3747.00	3747.00	3747.00	3747.00	3747.00	3747.00	3747.00	3747.00	3747.00	3747.00	3747.00	3747.00	3747.00	3747.00	3747.00	3747.00	3748.00	3748.00	3748.00	3748.00	3748.00	3748.00	3749.00	3749.00	3749.00	3749.00	3749.00	3750.00	3750.00	3750.00	3750.00	3750.00	3750.00	3751.00	3751.00	3751.00	3751.00	3751.00	3751.00	3752.00	3752.00	3752.00	3752.00	3752.00	3752.00	3753.00	3753.00	3753.00	3753.00	3753.00	3754.00	3754.00	3754.00	3754.00	3755.00	3755.00	3755.00	3756.00	3756.00	3756.00	3756.00	3757.00	3757.00	3757.00	3757.00	3757.00	3757.00	3757.00	3758.00	3758.00	3758.00	3758.00	3758.00	3758.00	3758.00	3759.00	3759.00	3759.00	3759.00	3759.00	3759.00	3759.00	3759.00	3759.00	3760.00	3760.00	3760.00	3760.00	3760.00	3760.00	3760.00	3760.00	3760.00	3760.00	3760.00	3760.00	3760.00	3760.00	3760.00	3760.00	3760.00	3761.00	3761.00	3761.00	3761.00	3761.00	3761.00	3761.00	3761.00	3761.00	3761.00	3761.00	3761.00	3761.00	3762.00	3762.00	3762.00	3762.00	3762.00	3762.00	3762.00	3762.00	3762.00	3762.00	3762.00	3762.00	3762.00	3763.00	3763.00	3763.00	3763.00	3763.00	3763.00	3763.00	3763.00	3763.00	3763.00	3763.00	3763.00	3763.00	3763.00	3764.00	3764.00	3764.00	3764.00	3764.00	3764.00	3764.00	3764.00	3764.00	3764.00	3764.00	3764.00	3764.00	3764.00	3764.00	3764.00	3764.00	3764.00	3764.00	3764.00	3764.00	3764.00	3764.00	3764.00	3764.00	3764.00	3764.00	3764.00	3765.00	3765.00	3765.00	3765.00	3765.00	3765.00	3765.00	3765.00	3765.00	3765.00	3765.00	3765.00	3765.00	3765.00	3766.00	3766.00	3766.00	3766.00	3766.00	3766.00	3766.00	3766.00	3766.00	3766.00	3766.00	3766.00	3766.00	3766.00	3767.00	3767.00	3767.00	3767.00	3767.00	3767.00	3767.00	3768.00	3768.00	3768.00	3768.00	3768.00	3768.00	3768.00	3768.00	3769.00	3769.00	3769.00	3769.00	3769.00	3769.00	3769.00	3769.00	3769.00	3769.00	3769.00	3769.00	3769.00	3769.00
3745.00	3746.00	3746.00	3746.00	3746.00	3746.00	3746.00	3746.00	3746.00	3746.00	3746.00	3746.00	3746.00	3746.00	3746.00	3746.00	3746.00	3746.00	3746.00	3746.00	3746.00	3746.00	3747.00	3747.00	3747.00	3747.00	3747.00	3747.00	3747.00	3747.00	3747.00	3747.00	3747.00	3747.00	3747.00	3747.00	3747.00	3747.00	3747.00	3747.00	3747.00	3747.00	3747.00	3747.00	3747.00	3747.00	3748.00	3748.00	3748.00	3748.00	3748.00	3748.00	3749.00	3749.00	3749.00	3749.00	3749.00	3750.00	3750.00	3750.00	3750.00	3750.00	3750.00	3751.00	3751.00	3751.00	3751.00	3751.00	3751.00	3752.00	3752.00	3752.00	3752.00	3752.00	3752.00	3753.00	3753.00	3753.00	3753.00	3753.00	3754.00	3754.00	3754.00	3754.00	3755.00	3755.00	3755.00	3756.00	3756.00	3756.00	3756.00	3757.00	3757.00	3757.00	3757.00	3757.00	3757.00	3757.00	3758.00	3758.00	3758.00	3758.00	3758.00	3758.00	3758.00	3759.00	3759.00	3759.00	3759.00	3759.00	3759.00	3759.00	3759.00	3759.00	3760.00	3760.00	3760.00	3760.00	3760.00	3760.00	3760.00	3760.00	3760.00	3760.00	3760.00	3760.00	3760.00	3760.00	3760.00	3760.00	3760.00	3761.00	3761.00	3761.00	3761.00	3761.00	3761.00	3761.00	3761.00	3761.00	3761.00	3761.00	3761.00	3761.00	3762.00	3762.00	3762.00	3762.00	3762.00	3762.00	3762.00	3762.00	3762.00	3762.00	3762.00	3762.00	3762.00	3763.00	3763.00	3763.00	3763.00	3763.00	3763.00	3763.00	3763.00	3763.00	3763.00	3763.00	3763.00	3763.00	3763.00	3764.00	3764.00	3764.00	3764.00	3764.00	3764.00	3764.00	3764.00	3764.00	3764.00	3764.00	3764.00	3764.00	3764.00	3764.00	3764.00	3764.00	3764.00	3764.00	3764.00	3764.00	3764.00	3764.00	3764.00	3764.00	3764.00	3764.00	3764.00	3765.00	3765.00	3765.00	3765.00	3765.00	3765.00	3765.00	3765.00	3765.00	3765.00	3765.00	3765.00	3765.00	3765.00	3766.00	3766.00	3766.00	3766.00	3766.00	3766.00	3766.00	3766.00	3766.00	3766.00	3766.00	3766.00	3766.00	3766.00	3767.00	3767.00	3767.00	3767.00	3767.00	3767.00	3767.00	3768.00	3768.00	3768.00	3768.00	3768.00	3768.00	3768.00	3768.00	3769.00	3769.00	3769.00	3769.00	3769.00	3769.00	3769.00	3769.00	3769.00	3769.00	3769.00	3769.00	3769.00	3769.00
3745.00	3746.00	3746.00	3746.00	3746.00	3746.00	3746.00	3746.00	3746.00	3746.00	3746.00	3746.00	3746.00	3746.00	3746.00	3746.00	3746.00	3746.00	3746.00	3746.00	3746.00	3746.00	3747.00	3747.00	3747.00	3747.00	3747.00	3747.00	3747.00	3747.00	3747.00	3747.00	3747.00	3747.00	3747.00	3747.00	3747.00	3747.00	3747.00	3747.00	3747.00	3747.00	3747.00	3747.00	3747.00	3747.00	3748.00	3748.00	3748.00	3748.00	3748.00	3748.00	3749.00	3749.00	3749.00	3749.00	3749.00	3750.00	3750.00	3750.00	3750.00	3750.00	3750.00	3751.00	3751.00	3751.00	3751.00	3751.00	3751.00	3752.00	3752.00	3752.00	3752.00	3752.00	3752.00	3753.00	3753.00	3753.00	3753.00	3753.00	3754.00	3754.00	3754.00	3754.00	3755.00	3755.00	3755.00	3756.00	3756.00	3756.00	3756.00	3757.00	3757.00	3757.00	3757.00	3757.00	3757.00	3757.00	3758.00	3758.00	3758.00	3758.00	3758.00	3758.00	3758.00	3759.00	3759.00	3759.00	3759.00	3759.00	3759.00	3759.00	3759.00	3759.00	3760.00	3760.00	3760.00	3760.00	3760.00	3760.00	3760.00	3760.00	3760.00	3760.00	3760.00	3760.00	3760.00	3760.00	3760.00	3760.00	3760.00	3761.00	3761.00	3761.00	3761.00	3761.00	3761.00	3761.00	3761.00	3761.00	3761.00	3761.00	3761.00	3761.00	3762.00	3762.00	3762.00	3762.00	3762.00	3762.00	3762.00	3762.00	3762.00	3762.00	3762.00	3762.00	3762.00	3763.00	3763.00	3763.00	3763.00	3763.00	3763.00	3763.00	3763.00	3763.00	3763.00	3763.00	3763.00	3763.00	3763.00	3764.00	3764.00	3764.00	3764.00	3764.00	3764.00	3764.00	3764.00	3764.00	3764.00	3764.00	3764.00	3764.00	3764.00	3764.00	3764.00	3764.00	3764.00	3764.00	3764.00	3764.00	3764.00	3764.00	3764.00	3764.00	3764.00	3764.00	3764.00	3765.00	3765.00	3765.00	3765.00	3765.00	3765.00	3765.00	3765.00	3765.00	3765.00	3765.00	3765.00	3765.00	3765.00	3766.00	3766.00	3766.00	3766.00	3766.00	3766.00	3766.00	3766.00	3766.00	3766.00	3766.00	3766.00	3766.00	3766.00	3767.00	3767.00	3767.00	3767.00	3767.00	3767.00	3767.00	3768.00	3768.00	3768.00	3768.00	3768.00	3768.00	3768.00	3768.00	3769.00	3769.00	3769.00	3769.00	3769.00	3769.00	3769.00	3769.00	3769.00	3769.00	3769.00	3769.00	3769.00	3769.00
3745.00	3746.00	3746.00	3746.00	3746.00	3746.00	3746.00	3746.00	3746.00	3746.00	3746.00	3746.00	3746.00	3746.00	3746.00	3746.00	3746.00	3746.00	3746.00	3746.00	3746.00	3746.00	3747.00	3747.00	3747.00	3747.00	3747.00	3747.00	3747.00	3747.00	3747.00	3747.00	3747.00	3747.00	3747.00	3747.00	3747.00	3747.00	3747.00	3747.00	3747.00	3747.00	3747.00	3747.00	3747.00	3747.00	3748.00	3748.00	3748.00	3748.00	3748.00	3748.00	3749.00	3749.00	3749.00	3749.00	3749.00	3750.00	3750.00	3750.00	3750.00	3750.00	3750.00	3751.00	3751.00	3751.00	3751.00	3751.00	3751.00	3752.00	3752.00	3752.00	3752.00	3752.00	3752.00	3753.00	3753.00	3753.00	3753.00	3753.00	3754.00	3754.00	3754.00	3754.00	3755.00	3755.00	3755.00	3756.00	3756.00	3756.00	3756.00	3757.00	3757.00	3757.00	3757.00	3757.00	3757.00	3757.00	3758.00	3758.00	3758.00	3758.00	3758.00	3758.00	3758.00	3759.00	3759.00	3759.00	3759.00	3759.00	3759.00	3759.00	3759.00	3759.00	3760.00	3760.00	3760.00	3760.00	3760.00	3760.00	3760.00	3760.00	3760.00	3760.00	3760.00	3760.00	3760.00	3760.00	3760.00	3760.00	3760.00	3761.00	3761.00	3761.00	3761.00	3761.00	3761.00	3761.00	3761.00	3761.00	3761.00	3761.00	3761.00	3761.00	3762.00	3762.00	3762.00	3762.00	3762.00	3762.00	3762.00	3762.00	3762.00	3762.00	3762.00	3762.00	3762.00	3763.00	3763.00	3763.00	3763.00	3763.00	3763.00	3763.00	3763.00	3763.00	3763.00	3763.00	3763.00	3763.00	3763.00	3764.00	3764.00	3764.00	3764.00	3764.00	3764.00	3764.00	3764.00	3764.00	3764.00	3764.00	3764.00	3764.00	3764.00	3764.00	3764.00	3764.00	3764.00	3764.00	3764.00	3764.00	3764.00	3764.00	3764.00	3764.00	3764.00	3764.00	3764.00	3765.00	3765.00	3765.00	3765.00	3765.00	3765.00	3765.00	3765.00	3765.00	3765.00	3765.00	3765.00	3765.00	3765.00	3766.00	3766.00	3766.00	3766.00	3766.00	3766.00	3766.00	3766.00	3766.00	3766.00	3766.00	3766.00	3766.00	3766.00	3767.00	3767.00	3767.00	3767.00	3767.00	3767.00	3767.00	3768.00	3768.00	3768.00	3768.00	3768.00	3768.00	3768.00	3768.00	3769.00	3769.00	3769.00	3769.00	3769.00	3769.00	3769.00	3769.00	3769.00	3769.00	3769.00	3769.00	3769.00	3769.00
3744.00	3744.00	3744.00	3744.00	3744.00	3744.00	3744.00	3744.00	3744.00	3744.00	3744.00	3744.00	3744.00	3744.00	3744.00	3745.00	3745.00	3745.00	3745.00	3745.00	3745.00	3745.00	3745.00	3745.00	3745.00	3745.00	3745.00	3745.00	3746.00	3746.00	3746.00	3746.00	3746.00	3746.00	3746.00	3746.00	3746.00	3746.00	3746.00	3746.00	3746.00	3746.00	3746.00	3746.00	3746.00	3747.00	3747.00	3747.00	3747.00	3747.00	3747.00	3747.00	3747.00	3747.00	3747.00	3748.00	3748.00	3748.00	3748.00	3748.00	3749.00	3749.00	3749.00	3749.00	3750.00	3750.00	3750.00	3750.00	3750.00	3750.00	3751.00	3751.00	3751.00	3751.00	3751.00	3752.00	3752.00	3752.00	3752.00	3752.00	3753.00	3753.00	3753.00	3753.00	3754.00	3754.00	3754.00	3754.00	3754.00	3754.00	3754.00	3755.00	3755.00	3755.00	3755.00	3756.00	3756.00	3756.00	3756.00	3756.00	3757.00	3757.00	3757.00	3757.00	3757.00	3758.00	3758.00	3758.00	3758.00	3758.00	3758.00	3758.00	3758.00	3759.00	3759.00	3759.00	3759.00	3759.00	3759.00	3759.00	3759.00	3759.00	3759.00	3759.00	3759.00	3759.00	3759.00	3759.00	3759.00	3759.00	3759.00	3760.00	3760.00	3760.00	3760.00	3760.00	3760.00	3760.00	3760.00	3760.00	3760.00	3760.00	3760.00	3760.00	3760.00	3760.00	3760.00	3760.00	3760.00	3761.00	3761.00	3761.00	3761.00	3761.00	3761.00	3761.00	3761.00	3761.00	3761.00	3761.00	3762.00	3762.00	3762.00	3762.00	3762.00	3762.00	3762.00	3762.00	3762.00	3762.00	3762.00	3763.00	3763.00	3763.00	3763.00	3763.00	3763.00	3763.00	3763.00	3763.00	3763.00	3763.00	3763.00	3763.00	3763.00	3763.00	3763.00	3763.00	3763.00	3763.00	3763.00	3763.00	3763.00	3763.00	3763.00	3763.00	3763.00	3763.00	3763.00	3764.00	3764.00	3764.00	3764.00	3764.00	3764.00	3764.00	3764.00	3764.00	3764.00	3764.00	3764.00	3764.00	3764.00	3764.00	3764.00	3765.00	3765.00	3765.00	3765.00	3765.00	3765.00	3765.00	3765.00	3765.00	3765.00	3765.00	3765.00	3765.00	3766.00	3766.00	3766.00	3766.00	3766.00	3766.00	3766.00	3766.00	3767.00	3767.00	3767.00	3767.00	3767.00	3767.00	3767.00	3767.00	3767.00	3767.00	3767.00	3767.00	3767.00	3768.00	3768.00	3768.00	3768.00	3768.00	3768.00	3768.00
3744.00	3744.00	3744.00	3744.00	3744.00	3744.00	3744.00	3744.00	3744.00	3744.00	3744.00	3744.00	3744.00	3744.00	3744.00	3745.00	3745.00	3745.00	3745.00	3745.00	3745.00	3745.00	3745.00	3745.00	3745.00	3745.00	3745.00	3745.00	3746.00	3746.00	3746.00	3746.00	3746.00	3746.00	3746.00	3746.00	3746.00	3746.00	3746.00	3746.00	3746.00	3746.00	3746.00	3746.00	3746.00	3747.00	3747.00	3747.00	3747.00	3747.00	3747.00	3747.00	3747.00	3747.00	3747.00	3748.00	3748.00	3748.00	3748.00	3748.00	3749.00	3749.00	3749.00	3749.00	3750.00	3750.00	3750.00	3750.00	3750.00	3750.00	3751.00	3751.00	3751.00	3751.00	3751.00	3752.00	3752.00	3752.00	3752.00	3752.00	3753.00	3753.00	3753.00	3753.00	3754.00	3754.00	3754.00	3754.00	3754.00	3754.00	3754.00	3755.00	3755.00	3755.00	3755.00	3756.00	3756.00	3756.00	3756.00	3756.00	3757.00	3757.00	3757.00	3757.00	3757.00	3758.00	3758.00	3758.00	3758.00	3758.00	3758.00	3758.00	3758.00	3759.00	3759.00	3759.00	3759.00	3759.00	3759.00	3759.00	3759.00	3759.00	3759.00	3759.00	3759.00	3759.00	3759.00	3759.00	3759.00	3759.00	3759.00	3760.00	3760.00	3760.00	3760.00	3760.00	3760.00	3760.00	3760.00	3760.00	3760.00	3760.00	3760.00	3760.00	3760.00	3760.00	3760.00	3760.00	3760.00	3761.00	3761.00	3761.00	3761.00	3761.00	3761.00	3761.00	3761.00	3761.00	3761.00	3761.00	3762.00	3762.00	3762.00	3762.00	3762.00	3762.00	3762.00	3762.00	3762.00	3762.00	3762.00	3763.00	3763.00	3763.00	3763.00	3763.00	3763.00	3763.00	3763.00	3763.00	3763.00	3763.00	3763.00	3763.00	3763.00	3763.00	3763.00	3763.00	3763.00	3763.00	3763.00	3763.00	3763.00	3763.00	3763.00	3763.00	3763.00	3763.00	3763.00	3764.00	3764.00	3764.00	3764.00	3764.00	3764.00	3764.00	3764.00	3764.00	3764.00	3764.00	3764.00	3764.00	3764.00	3764.00	3764.00	3765.00	3765.00	3765.00	3765.00	3765.00	3765.00	3765.00	3765.00	3765.00	3765.00	3765.00	3765.00	3765.00	3766.00	3766.00	3766.00	3766.00	3766.00	3766.00	3766.00	3766.00	3767.00	3767.00	3767.00	3767.00	3767.00	3767.00	3767.00	3767.00	3767.00	3767.00	3767.00	3767.00	3767.00	3768.00	3768.00	3768.00	3768.00	3768.00	3768.00	3768.00
3744.00	3744.00	3744.00	3744.00	3744.00	3744.00	3744.00	3744.00	3744.00	3744.00	3744.00	3744.00	3744.00	3744.00	3744.00	3745.00	3745.00	3745.00	3745.00	3745.00	3745.00	3745.00	3745.00	3745.00	3745.00	3745.00	3745.00	3745.00	3746.00	3746.00	3746.00	3746.00	3746.00	3746.00	3746.00	3746.00	3746.00	3746.00	3746.00	3746.00	3746.00	3746.00	3746.00	3746.00	3746.00	3747.00	3747.00	3747.00	3747.00	3747.00	3747.00	3747.00	3747.00	3747.00	3747.00	3748.00	3748.00	3748.00	3748.00	3748.00	3749.00	3749.00	3749.00	3749.00	3750.00	3750.00	3750.00	3750.00	3750.00	3750.00	3751.00	3751.00	3751.00	3751.00	3751.00	3752.00	3752.00	3752.00	3752.00	3752.00	3753.00	3753.00	3753.00	3753.00	3754.00	3754.00	3754.00	3754.00	3754.00	3754.00	3754.00	3755.00	3755.00	3755.00	3755.00	3756.00	3756.00	3756.00	3756.00	3756.00	3757.00	3757.00	3757.00	3757.00	3757.00	3758.00	3758.00	3758.00	3758.00	3758.00	3758.00	3758.00	3758.00	3759.00	3759.00	3759.00	3759.00	3759.00	3759.00	3759.00	3759.00	3759.00	3759.00	3759.00	3759.00	3759.00	3759.00	3759.00	3759.00	3759.00	3759.00	3760.00	3760.00	3760.00	3760.00	3760.00	3760.00	3760.00	3760.00	3760.00	3760.00	3760.00	3760.00	3760.00	3760.00	3760.00	3760.00	3760.00	3760.00	3761.00	3761.00	3761.00	3761.00	3761.00	3761.00	3761.00	3761.00	3761.00	3761.00	3761.00	3762.00	3762.00	3762.00	3762.00	3762.00	3762.00	3762.00	3762.00	3762.00	3762.00	3762.00	3763.00	3763.00	3763.00	3763.00	3763.00	3763.00	3763.00	3763.00	3763.00	3763.00	3763.00	3763.00	3763.00	3763.00	3763.00	3763.00	3763.00	3763.00	3763.00	3763.00	3763.00	3763.00	3763.00	3763.00	3763.00	3763.00	3763.00	3763.00	3764.00	3764.00	3764.00	3764.00	3764.00	3764.00	3764.00	3764.00	3764.00	3764.00	3764.00	3764.00	3764.00	3764.00	3764.00	3764.00	3765.00	3765.00	3765.00	3765.00	3765.00	3765.00	3765.00	3765.00	3765.00	3765.00	3765.00	3765.00	3765.00	3766.00	3766.00	3766.00	3766.00	3766.00	3766.00	3766.00	3766.00	3767.00	3767.00	3767.00	3767.00	3767.00	3767.00	3767.00	3767.00	3767.00	3767.00	3767.00	3767.00	3767.00	3768.00	3768.00	3768.00	3768.00	3768.00	3768.00	3768.00
3744.00	3744.00	3744.00	3744.00	3744.00	3744.00	3744.00	3744.00	3744.00	3744.00	3744.00	3744.00	3744.00	3744.00	3744.00	3745.00	3745.00	3745.00	3745.00	3745.00	3745.00	3745.00	3745.00	3745.00	3745.00	3745.00	3745.00	3745.00	3746.00	3746.00	3746.00	3746.00	3746.00	3746.00	3746.00	3746.00	3746.00	3746.00	3746.00	3746.00	3746.00	3746.00	3746.00	3746.00	3746.00	3747.00	3747.00	3747.00	3747.00	3747.00	3747.00	3747.00	3747.00	3747.00	3747.00	3748.00	3748.00	3748.00	3748.00	3748.00	3749.00	3749.00	3749.00	3749.00	3750.00	3750.00	3750.00	3750.00	3750.00	3750.00	3751.00	3751.00	3751.00	3751.00	3751.00	3752.00	3752.00	3752.00	3752.00	3752.00	3753.00	3753.00	3753.00	3753.00	3754.00	3754.00	3754.00	3754.00	3754.00	3754.00	3754.00	3755.00	3755.00	3755.00	3755.00	3756.00	3756.00	3756.00	3756.00	3756.00	3757.00	3757.00	3757.00	3757.00	3757.00	3758.00	3758.00	3758.00	3758.00	3758.00	3758.00	3758.00	3758.00	3759.00	3759.00	3759.00	3759.00	3759.00	3759.00	3759.00	3759.00	3759.00	3759.00	3759.00	3759.00	3759.00	3759.00	3759.00	3759.00	3759.00	3759.00	3760.00	3760.00	3760.00	3760.00	3760.00	3760.00	3760.00	3760.00	3760.00	3760.00	3760.00	3760.00	3760.00	3760.00	3760.00	3760.00	3760.00	3760.00	3761.00	3761.00	3761.00	3761.00	3761.00	3761.00	3761.00	3761.00	3761.00	3761.00	3761.00	3762.00	3762.00	3762.00	3762.00	3762.00	3762.00	3762.00	3762.00	3762.00	3762.00	3762.00	3763.00	3763.00	3763.00	3763.00	3763.00	3763.00	3763.00	3763.00	3763.00	3763.00	3763.00	3763.00	3763.00	3763.00	3763.00	3763.00	3763.00	3763.00	3763.00	3763.00	3763.00	3763.00	3763.00	3763.00	3763.00	3763.00	3763.00	3763.00	3764.00	3764.00	3764.00	3764.00	3764.00	3764.00	3764.00	3764.00	3764.00	3764.00	3764.00	3764.00	3764.00	3764.00	3764.00	3764.00	3765.00	3765.00	3765.00	3765.00	3765.00	3765.00	3765.00	3765.00	3765.00	3765.00	3765.00	3765.00	3765.00	3766.00	3766.00	3766.00	3766.00	3766.00	3766.00	3766.00	3766.00	3767.00	3767.00	3767.00	3767.00	3767.00	3767.00	3767.00	3767.00	3767.00	3767.00	3767.00	3767.00	3767.00	3768.00	3768.00	3768.00	3768.00	3768.00	3768.00	3768.00
3744.00	3744.00	3744.00	3744.00	3744.00	3744.00	3744.00	3744.00	3744.00	3744.00	3744.00	3744.00	3744.00	3744.00	3744.00	3745.00	3745.00	3745.00	3745.00	3745.00	3745.00	3745.00	3745.00	3745.00	3745.00	3745.00	3745.00	3745.00	3746.00	3746.00	3746.00	3746.00	3746.00	3746.00	3746.00	3746.00	3746.00	3746.00	3746.00	3746.00	3746.00	3746.00	3746.00	3746.00	3746.00	3747.00	3747.00	3747.00	3747.00	3747.00	3747.00	3747.00	3747.00	3747.00	3747.00	3748.00	3748.00	3748.00	3748.00	3748.00	3749.00	3749.00	3749.00	3749.00	3750.00	3750.00	3750.00	3750.00	3750.00	3750.00	3751.00	3751.00	3751.00	3751.00	3751.00	3752.00	3752.00	3752.00	3752.00	3752.00	3753.00	3753.00	3753.00	3753.00	3754.00	3754.00	3754.00	3754.00	3754.00	3754.00	3754.00	3755.00	3755.00	3755.00	3755.00	3756.00	3756.00	3756.00	3756.00	3756.00	3757.00	3757.00	3757.00	3757.00	3757.00	3758.00	3758.00	3758.00	3758.00	3758.00	3758.00	3758.00	3758.00	3759.00	3759.00	3759.00	3759.00	3759.00	3759.00	3759.00	3759.00	3759.00	3759.00	3759.00	3759.00	3759.00	3759.00	3759.00	3759.00	3759.00	3759.00	3760.00	3760.00	3760.00	3760.00	3760.00	3760.00	3760.00	3760.00	3760.00	3760.00	3760.00	3760.00	3760.00	3760.00	3760.00	3760.00	3760.00	3760.00	3761.00	3761.00	3761.00	3761.00	3761.00	3761.00	3761.00	3761.00	3761.00	3761.00	3761.00	3762.00	3762.00	3762.00	3762.00	3762.00	3762.00	3762.00	3762.00	3762.00	3762.00	3762.00	3763.00	3763.00	3763.00	3763.00	3763.00	3763.00	3763.00	3763.00	3763.00	3763.00	3763.00	3763.00	3763.00	3763.00	3763.00	3763.00	3763.00	3763.00	3763.00	3763.00	3763.00	3763.00	3763.00	3763.00	3763.00	3763.00	3763.00	3763.00	3764.00	3764.00	3764.00	3764.00	3764.00	3764.00	3764.00	3764.00	3764.00	3764.00	3764.00	3764.00	3764.00	3764.00	3764.00	3764.00	3765.00	3765.00	3765.00	3765.00	3765.00	3765.00	3765.00	3765.00	3765.00	3765.00	3765.00	3765.00	3765.00	3766.00	3766.00	3766.00	3766.00	3766.00	3766.00	3766.00	3766.00	3767.00	3767.00	3767.00	3767.00	3767.00	3767.00	3767.00	3767.00	3767.00	3767.00	3767.00	3767.00	3767.00	3768.00	3768.00	3768.00	3768.00	3768.00	3768.00	3768.00
3744.00	3744.00	3744.00	3744.00	3744.00	3744.00	3744.00	3744.00	3744.00	3744.00	3744.00	3744.00	3744.00	3744.00	3744.00	3745.00	3745.00	3745.00	3745.00	3745.00	3745.00	3745.00	3745.00	3745.00	3745.00	3745.00	3745.00	3745.00	3746.00	3746.00	3746.00	3746.00	3746.00	3746.00	3746.00	3746.00	3746.00	3746.00	3746.00	3746.00	3746.00	3746.00	3746.00	3746.00	3746.00	3747.00	3747.00	3747.00	3747.00	3747.00	3747.00	3747.00	3747.00	3747.00	3747.00	3748.00	3748.00	3748.00	3748.00	3748.00	3749.00	3749.00	3749.00	3749.00	3750.00	3750.00	3750.00	3750.00	3750.00	3750.00	3751.00	3751.00	3751.00	3751.00	3751.00	3752.00	3752.00	3752.00	3752.00	3752.00	3753.00	3753.00	3753.00	3753.00	3754.00	3754.00	3754.00	3754.00	3754.00	3754.00	3754.00	3755.00	3755.00	3755.00	3755.00	3756.00	3756.00	3756.00	3756.00	3756.00	3757.00	3757.00	3757.00	3757.00	3757.00	3758.00	3758.00	3758.00	3758.00	3758.00	3758.00	3758.00	3758.00	3759.00	3759.00	3759.00	3759.00	3759.00	3759.00	3759.00	3759.00	3759.00	3759.00	3759.00	3759.00	3759.00	3759.00	3759.00	3759.00	3759.00	3759.00	3760.00	3760.00	3760.00	3760.00	3760.00	3760.00	3760.00	3760.00	3760.00	3760.00	3760.00	3760.00	3760.00	3760.00	3760.00	3760.00	3760.00	3760.00	3761.00	3761.00	3761.00	3761.00	3761.00	3761.00	3761.00	3761.00	3761.00	3761.00	3761.00	3762.00	3762.00	3762.00	3762.00	3762.00	3762.00	3762.00	3762.00	3762.00	3762.00	3762.00	3763.00	3763.00	3763.00	3763.00	3763.00	3763.00	3763.00	3763.00	3763.00	3763.00	3763.00	3763.00	3763.00	3763.00	3763.00	3763.00	3763.00	3763.00	3763.00	3763.00	3763.00	3763.00	3763.00	3763.00	3763.00	3763.00	3763.00	3763.00	3764.00	3764.00	3764.00	3764.00	3764.00	3764.00	3764.00	3764.00	3764.00	3764.00	3764.00	3764.00	3764.00	3764.00	3764.00	3764.00	3765.00	3765.00	3765.00	3765.00	3765.00	3765.00	3765.00	3765.00	3765.00	3765.00	3765.00	3765.00	3765.00	3766.00	3766.00	3766.00	3766.00	3766.00	3766.00	3766.00	3766.00	3767.00	3767.00	3767.00	3767.00	3767.00	3767.00	3767.00	3767.00	3767.00	3767.00	3767.00	3767.00	3767.00	3768.00	3768.00	3768.00	3768.00	3768.00	3768.00	3768.00
3744.00	3744.00	3744.00	3744.00	3744.00	3744.00	3744.00	3744.00	3744.00	3744.00	3744.00	3744.00	3744.00	3744.00	3744.00	3745.00	3745.00	3745.00	3745.00	3745.00	3745.00	3745.00	3745.00	3745.00	3745.00	3745.00	3745.00	3745.00	3746.00	3746.00	3746.00	3746.00	3746.00	3746.00	3746.00	3746.00	3746.00	3746.00	3746.00	3746.00	3746.00	3746.00	3746.00	3746.00	3746.00	3747.00	3747.00	3747.00	3747.00	3747.00	3747.00	3747.00	3747.00	3747.00	3747.00	3748.00	3748.00	3748.00	3748.00	3748.00	3749.00	3749.00	3749.00	3749.00	3750.00	3750.00	3750.00	3750.00	3750.00	3750.00	3751.00	3751.00	3751.00	3751.00	3751.00	3752.00	3752.00	3752.00	3752.00	3752.00	3753.00	3753.00	3753.00	3753.00	3754.00	3754.00	3754.00	3754.00	3754.00	3754.00	3754.00	3755.00	3755.00	3755.00	3755.00	3756.00	3756.00	3756.00	3756.00	3756.00	3757.00	3757.00	3757.00	3757.00	3757.00	3758.00	3758.00	3758.00	3758.00	3758.00	3758.00	3758.00	3758.00	3759.00	3759.00	3759.00	3759.00	3759.00	3759.00	3759.00	3759.00	3759.00	3759.00	3759.00	3759.00	3759.00	3759.00	3759.00	3759.00	3759.00	3759.00	3760.00	3760.00	3760.00	3760.00	3760.00	3760.00	3760.00	3760.00	3760.00	3760.00	3760.00	3760.00	3760.00	3760.00	3760.00	3760.00	3760.00	3760.00	3761.00	3761.00	3761.00	3761.00	3761.00	3761.00	3761.00	3761.00	3761.00	3761.00	3761.00	3762.00	3762.00	3762.00	3762.00	3762.00	3762.00	3762.00	3762.00	3762.00	3762.00	3762.00	3763.00	3763.00	3763.00	3763.00	3763.00	3763.00	3763.00	3763.00	3763.00	3763.00	3763.00	3763.00	3763.00	3763.00	3763.00	3763.00	3763.00	3763.00	3763.00	3763.00	3763.00	3763.00	3763.00	3763.00	3763.00	3763.00	3763.00	3763.00	3764.00	3764.00	3764.00	3764.00	3764.00	3764.00	3764.00	3764.00	3764.00	3764.00	3764.00	3764.00	3764.00	3764.00	3764.00	3764.00	3765.00	3765.00	3765.00	3765.00	3765.00	3765.00	3765.00	3765.00	3765.00	3765.00	3765.00	3765.00	3765.00	3766.00	3766.00	3766.00	3766.00	3766.00	3766.00	3766.00	3766.00	3767.00	3767.00	3767.00	3767.00	3767.00	3767.00	3767.00	3767.00	3767.00	3767.00	3767.00	3767.00	3767.00	3768.00	3768.00	3768.00	3768.00	3768.00	3768.00	3768.00
3744.00	3744.00	3744.00	3744.00	3744.00	3744.00	3744.00	3744.00	3744.00	3744.00	3744.00	3744.00	3744.00	3744.00	3744.00	3745.00	3745.00	3745.00	3745.00	3745.00	3745.00	3745.00	3745.00	3745.00	3745.00	3745.00	3745.00	3745.00	3746.00	3746.00	3746.00	3746.00	3746.00	3746.00	3746.00	3746.00	3746.00	3746.00	3746.00	3746.00	3746.00	3746.00	3746.00	3746.00	3746.00	3747.00	3747.00	3747.00	3747.00	3747.00	3747.00	3747.00	3747.00	3747.00	3747.00	3748.00	3748.00	3748.00	3748.00	3748.00	3749.00	3749.00	3749.00	3749.00	3750.00	3750.00	3750.00	3750.00	3750.00	3750.00	3751.00	3751.00	3751.00	3751.00	3751.00	3752.00	3752.00	3752.00	3752.00	3752.00	3753.00	3753.00	3753.00	3753.00	3754.00	3754.00	3754.00	3754.00	3754.00	3754.00	3754.00	3755.00	3755.00	3755.00	3755.00	3756.00	3756.00	3756.00	3756.00	3756.00	3757.00	3757.00	3757.00	3757.00	3757.00	3758.00	3758.00	3758.00	3758.00	3758.00	3758.00	3758.00	3758.00	3759.00	3759.00	3759.00	3759.00	3759.00	3759.00	3759.00	3759.00	3759.00	3759.00	3759.00	3759.00	3759.00	3759.00	3759.00	3759.00	3759.00	3759.00	3760.00	3760.00	3760.00	3760.00	3760.00	3760.00	3760.00	3760.00	3760.00	3760.00	3760.00	3760.00	3760.00	3760.00	3760.00	3760.00	3760.00	3760.00	3761.00	3761.00	3761.00	3761.00	3761.00	3761.00	3761.00	3761.00	3761.00	3761.00	3761.00	3762.00	3762.00	3762.00	3762.00	3762.00	3762.00	3762.00	3762.00	3762.00	3762.00	3762.00	3763.00	3763.00	3763.00	3763.00	3763.00	3763.00	3763.00	3763.00	3763.00	3763.00	3763.00	3763.00	3763.00	3763.00	3763.00	3763.00	3763.00	3763.00	3763.00	3763.00	3763.00	3763.00	3763.00	3763.00	3763.00	3763.00	3763.00	3763.00	3764.00	3764.00	3764.00	3764.00	3764.00	3764.00	3764.00	3764.00	3764.00	3764.00	3764.00	3764.00	3764.00	3764.00	3764.00	3764.00	3765.00	3765.00	3765.00	3765.00	3765.00	3765.00	3765.00	3765.00	3765.00	3765.00	3765.00	3765.00	3765.00	3766.00	3766.00	3766.00	3766.00	3766.00	3766.00	3766.00	3766.00	3767.00	3767.00	3767.00	3767.00	3767.00	3767.00	3767.00	3767.00	3767.00	3767.00	3767.00	3767.00	3767.00	3768.00	3768.00	3768.00	3768.00	3768.00	3768.00	3768.00
3744.00	3744.00	3744.00	3744.00	3744.00	3744.00	3744.00	3744.00	3744.00	3744.00	3744.00	3744.00	3744.00	3744.00	3744.00	3745.00	3745.00	3745.00	3745.00	3745.00	3745.00	3745.00	3745.00	3745.00	3745.00	3745.00	3745.00	3745.00	3746.00	3746.00	3746.00	3746.00	3746.00	3746.00	3746.00	3746.00	3746.00	3746.00	3746.00	3746.00	3746.00	3746.00	3746.00	3746.00	3746.00	3747.00	3747.00	3747.00	3747.00	3747.00	3747.00	3747.00	3747.00	3747.00	3747.00	3748.00	3748.00	3748.00	3748.00	3748.00	3749.00	3749.00	3749.00	3749.00	3750.00	3750.00	3750.00	3750.00	3750.00	3750.00	3751.00	3751.00	3751.00	3751.00	3751.00	3752.00	3752.00	3752.00	3752.00	3752.00	3753.00	3753.00	3753.00	3753.00	3754.00	3754.00	3754.00	3754.00	3754.00	3754.00	3754.00	3755.00	3755.00	3755.00	3755.00	3756.00	3756.00	3756.00	3756.00	3756.00	3757.00	3757.00	3757.00	3757.00	3757.00	3758.00	3758.00	3758.00	3758.00	3758.00	3758.00	3758.00	3758.00	3759.00	3759.00	3759.00	3759.00	3759.00	3759.00	3759.00	3759.00	3759.00	3759.00	3759.00	3759.00	3759.00	3759.00	3759.00	3759.00	3759.00	3759.00	3760.00	3760.00	3760.00	3760.00	3760.00	3760.00	3760.00	3760.00	3760.00	3760.00	3760.00	3760.00	3760.00	3760.00	3760.00	3760.00	3760.00	3760.00	3761.00	3761.00	3761.00	3761.00	3761.00	3761.00	3761.00	3761.00	3761.00	3761.00	3761.00	3762.00	3762.00	3762.00	3762.00	3762.00	3762.00	3762.00	3762.00	3762.00	3762.00	3762.00	3763.00	3763.00	3763.00	3763.00	3763.00	3763.00	3763.00	3763.00	3763.00	3763.00	3763.00	3763.00	3763.00	3763.00	3763.00	3763.00	3763.00	3763.00	3763.00	3763.00	3763.00	3763.00	3763.00	3763.00	3763.00	3763.00	3763.00	3763.00	3764.00	3764.00	3764.00	3764.00	3764.00	3764.00	3764.00	3764.00	3764.00	3764.00	3764.00	3764.00	3764.00	3764.00	3764.00	3764.00	3765.00	3765.00	3765.00	3765.00	3765.00	3765.00	3765.00	3765.00	3765.00	3765.00	3765.00	3765.00	3765.00	3766.00	3766.00	3766.00	3766.00	3766.00	3766.00	3766.00	3766.00	3767.00	3767.00	3767.00	3767.00	3767.00	3767.00	3767.00	3767.00	3767.00	3767.00	3767.00	3767.00	3767.00	3768.00	3768.00	3768.00	3768.00	3768.00	3768.00	3768.00
3744.00	3744.00	3744.00	3744.00	3744.00	3744.00	3744.00	3744.00	3744.00	3744.00	3744.00	3744.00	3744.00	3744.00	3744.00	3745.00	3745.00	3745.00	3745.00	3745.00	3745.00	3745.00	3745.00	3745.00	3745.00	3745.00	3745.00	3745.00	3746.00	3746.00	3746.00	3746.00	3746.00	3746.00	3746.00	3746.00	3746.00	3746.00	3746.00	3746.00	3746.00	3746.00	3746.00	3746.00	3746.00	3747.00	3747.00	3747.00	3747.00	3747.00	3747.00	3747.00	3747.00	3747.00	3747.00	3748.00	3748.00	3748.00	3748.00	3748.00	3749.00	3749.00	3749.00	3749.00	3750.00	3750.00	3750.00	3750.00	3750.00	3750.00	3751.00	3751.00	3751.00	3751.00	3751.00	3752.00	3752.00	3752.00	3752.00	3752.00	3753.00	3753.00	3753.00	3753.00	3754.00	3754.00	3754.00	3754.00	3754.00	3754.00	3754.00	3755.00	3755.00	3755.00	3755.00	3756.00	3756.00	3756.00	3756.00	3756.00	3757.00	3757.00	3757.00	3757.00	3757.00	3758.00	3758.00	3758.00	3758.00	3758.00	3758.00	3758.00	3758.00	3759.00	3759.00	3759.00	3759.00	3759.00	3759.00	3759.00	3759.00	3759.00	3759.00	3759.00	3759.00	3759.00	3759.00	3759.00	3759.00	3759.00	3759.00	3760.00	3760.00	3760.00	3760.00	3760.00	3760.00	3760.00	3760.00	3760.00	3760.00	3760.00	3760.00	3760.00	3760.00	3760.00	3760.00	3760.00	3760.00	3761.00	3761.00	3761.00	3761.00	3761.00	3761.00	3761.00	3761.00	3761.00	3761.00	3761.00	3762.00	3762.00	3762.00	3762.00	3762.00	3762.00	3762.00	3762.00	3762.00	3762.00	3762.00	3763.00	3763.00	3763.00	3763.00	3763.00	3763.00	3763.00	3763.00	3763.00	3763.00	3763.00	3763.00	3763.00	3763.00	3763.00	3763.00	3763.00	3763.00	3763.00	3763.00	3763.00	3763.00	3763.00	3763.00	3763.00	3763.00	3763.00	3763.00	3764.00	3764.00	3764.00	3764.00	3764.00	3764.00	3764.00	3764.00	3764.00	3764.00	3764.00	3764.00	3764.00	3764.00	3764.00	3764.00	3765.00	3765.00	3765.00	3765.00	3765.00	3765.00	3765.00	3765.00	3765.00	3765.00	3765.00	3765.00	3765.00	3766.00	3766.00	3766.00	3766.00	3766.00	3766.00	3766.00	3766.00	3767.00	3767.00	3767.00	3767.00	3767.00	3767.00	3767.00	3767.00	3767.00	3767.00	3767.00	3767.00	3767.00	3768.00	3768.00	3768.00	3768.00	3768.00	3768.00	3768.00
3744.00	3744.00	3744.00	3744.00	3744.00	3744.00	3744.00	3744.00	3744.00	3744.00	3744.00	3744.00	3744.00	3744.00	3744.00	3745.00	3745.00	3745.00	3745.00	3745.00	3745.00	3745.00	3745.00	3745.00	3745.00	3745.00	3745.00	3745.00	3746.00	3746.00	3746.00	3746.00	3746.00	3746.00	3746.00	3746.00	3746.00	3746.00	3746.00	3746.00	3746.00	3746.00	3746.00	3746.00	3746.00	3747.00	3747.00	3747.00	3747.00	3747.00	3747.00	3747.00	3747.00	3747.00	3747.00	3748.00	3748.00	3748.00	3748.00	3748.00	3749.00	3749.00	3749.00	3749.00	3750.00	3750.00	3750.00	3750.00	3750.00	3750.00	3751.00	3751.00	3751.00	3751.00	3751.00	3752.00	3752.00	3752.00	3752.00	3752.00	3753.00	3753.00	3753.00	3753.00	3754.00	3754.00	3754.00	3754.00	3754.00	3754.00	3754.00	3755.00	3755.00	3755.00	3755.00	3756.00	3756.00	3756.00	3756.00	3756.00	3757.00	3757.00	3757.00	3757.00	3757.00	3758.00	3758.00	3758.00	3758.00	3758.00	3758.00	3758.00	3758.00	3759.00	3759.00	3759.00	3759.00	3759.00	3759.00	3759.00	3759.00	3759.00	3759.00	3759.00	3759.00	3759.00	3759.00	3759.00	3759.00	3759.00	3759.00	3760.00	3760.00	3760.00	3760.00	3760.00	3760.00	3760.00	3760.00	3760.00	3760.00	3760.00	3760.00	3760.00	3760.00	3760.00	3760.00	3760.00	3760.00	3761.00	3761.00	3761.00	3761.00	3761.00	3761.00	3761.00	3761.00	3761.00	3761.00	3761.00	3762.00	3762.00	3762.00	3762.00	3762.00	3762.00	3762.00	3762.00	3762.00	3762.00	3762.00	3763.00	3763.00	3763.00	3763.00	3763.00	3763.00	3763.00	3763.00	3763.00	3763.00	3763.00	3763.00	3763.00	3763.00	3763.00	3763.00	3763.00	3763.00	3763.00	3763.00	3763.00	3763.00	3763.00	3763.00	3763.00	3763.00	3763.00	3763.00	3764.00	3764.00	3764.00	3764.00	3764.00	3764.00	3764.00	3764.00	3764.00	3764.00	3764.00	3764.00	3764.00	3764.00	3764.00	3764.00	3765.00	3765.00	3765.00	3765.00	3765.00	3765.00	3765.00	3765.00	3765.00	3765.00	3765.00	3765.00	3765.00	3766.00	3766.00	3766.00	3766.00	3766.00	3766.00	3766.00	3766.00	3767.00	3767.00	3767.00	3767.00	3767.00	3767.00	3767.00	3767.00	3767.00	3767.00	3767.00	3767.00	3767.00	3768.00	3768.00	3768.00	3768.00	3768.00	3768.00	3768.00
3744.00	3744.00	3744.00	3744.00	3744.00	3744.00	3744.00	3744.00	3744.00	3744.00	3744.00	3744.00	3744.00	3744.00	3744.00	3745.00	3745.00	3745.00	3745.00	3745.00	3745.00	3745.00	3745.00	3745.00	3745.00	3745.00	3745.00	3745.00	3746.00	3746.00	3746.00	3746.00	3746.00	3746.00	3746.00	3746.00	3746.00	3746.00	3746.00	3746.00	3746.00	3746.00	3746.00	3746.00	3746.00	3747.00	3747.00	3747.00	3747.00	3747.00	3747.00	3747.00	3747.00	3747.00	3747.00	3748.00	3748.00	3748.00	3748.00	3748.00	3749.00	3749.00	3749.00	3749.00	3750.00	3750.00	3750.00	3750.00	3750.00	3750.00	3751.00	3751.00	3751.00	3751.00	3751.00	3752.00	3752.00	3752.00	3752.00	3752.00	3753.00	3753.00	3753.00	3753.00	3754.00	3754.00	3754.00	3754.00	3754.00	3754.00	3754.00	3755.00	3755.00	3755.00	3755.00	3756.00	3756.00	3756.00	3756.00	3756.00	3757.00	3757.00	3757.00	3757.00	3757.00	3758.00	3758.00	3758.00	3758.00	3758.00	3758.00	3758.00	3758.00	3759.00	3759.00	3759.00	3759.00	3759.00	3759.00	3759.00	3759.00	3759.00	3759.00	3759.00	3759.00	3759.00	3759.00	3759.00	3759.00	3759.00	3759.00	3760.00	3760.00	3760.00	3760.00	3760.00	3760.00	3760.00	3760.00	3760.00	3760.00	3760.00	3760.00	3760.00	3760.00	3760.00	3760.00	3760.00	3760.00	3761.00	3761.00	3761.00	3761.00	3761.00	3761.00	3761.00	3761.00	3761.00	3761.00	3761.00	3762.00	3762.00	3762.00	3762.00	3762.00	3762.00	3762.00	3762.00	3762.00	3762.00	3762.00	3763.00	3763.00	3763.00	3763.00	3763.00	3763.00	3763.00	3763.00	3763.00	3763.00	3763.00	3763.00	3763.00	3763.00	3763.00	3763.00	3763.00	3763.00	3763.00	3763.00	3763.00	3763.00	3763.00	3763.00	3763.00	3763.00	3763.00	3763.00	3764.00	3764.00	3764.00	3764.00	3764.00	3764.00	3764.00	3764.00	3764.00	3764.00	3764.00	3764.00	3764.00	3764.00	3764.00	3764.00	3765.00	3765.00	3765.00	3765.00	3765.00	3765.00	3765.00	3765.00	3765.00	3765.00	3765.00	3765.00	3765.00	3766.00	3766.00	3766.00	3766.00	3766.00	3766.00	3766.00	3766.00	3767.00	3767.00	3767.00	3767.00	3767.00	3767.00	3767.00	3767.00	3767.00	3767.00	3767.00	3767.00	3767.00	3768.00	3768.00	3768.00	3768.00	3768.00	3768.00	3768.00
3742.00	3742.00	3742.00	3742.00	3742.00	3742.00	3742.00	3743.00	3743.00	3743.00	3743.00	3743.00	3743.00	3743.00	3743.00	3743.00	3743.00	3743.00	3744.00	3744.00	3744.00	3744.00	3744.00	3744.00	3744.00	3744.00	3744.00	3744.00	3744.00	3744.00	3744.00	3744.00	3744.00	3744.00	3744.00	3744.00	3745.00	3745.00	3745.00	3745.00	3745.00	3745.00	3745.00	3745.00	3745.00	3745.00	3746.00	3746.00	3746.00	3746.00	3746.00	3746.00	3746.00	3746.00	3747.00	3747.00	3747.00	3747.00	3747.00	3748.00	3748.00	3748.00	3748.00	3748.00	3749.00	3749.00	3749.00	3749.00	3749.00	3750.00	3750.00	3750.00	3750.00	3750.00	3750.00	3751.00	3751.00	3751.00	3751.00	3751.00	3752.00	3752.00	3752.00	3752.00	3753.00	3753.00	3753.00	3753.00	3753.00	3754.00	3754.00	3754.00	3754.00	3755.00	3755.00	3755.00	3755.00	3755.00	3755.00	3755.00	3756.00	3756.00	3756.00	3756.00	3756.00	3756.00	3756.00	3757.00	3757.00	3757.00	3757.00	3757.00	3757.00	3757.00	3757.00	3757.00	3757.00	3757.00	3757.00	3758.00	3758.00	3758.00	3758.00	3758.00	3758.00	3758.00	3758.00	3758.00	3758.00	3758.00	3758.00	3758.00	3758.00	3758.00	3758.00	3758.00	3758.00	3758.00	3758.00	3758.00	3758.00	3758.00	3759.00	3759.00	3759.00	3759.00	3759.00	3759.00	3760.00	3760.00	3760.00	3760.00	3760.00	3760.00	3761.00	3761.00	3761.00	3761.00	3761.00	3761.00	3761.00	3761.00	3761.00	3761.00	3762.00	3762.00	3762.00	3762.00	3762.00	3762.00	3762.00	3762.00	3762.00	3762.00	3762.00	3763.00	3763.00	3763.00	3763.00	3763.00	3763.00	3763.00	3763.00	3763.00	3763.00	3763.00	3763.00	3763.00	3763.00	3763.00	3763.00	3763.00	3763.00	3763.00	3763.00	3763.00	3763.00	3763.00	3763.00	3763.00	3763.00	3763.00	3763.00	3763.00	3764.00	3764.00	3764.00	3764.00	3764.00	3764.00	3764.00	3764.00	3764.00	3764.00	3764.00	3764.00	3764.00	3764.00	3764.00	3764.00	3764.00	3764.00	3764.00	3764.00	3765.00	3765.00	3765.00	3765.00	3765.00	3765.00	3765.00	3765.00	3765.00	3765.00	3765.00	3765.00	3765.00	3765.00	3766.00	3766.00	3766.00	3766.00	3766.00	3766.00	3766.00	3766.00	3766.00	3766.00	3766.00	3766.00	3766.00	3766.00	3766.00	3766.00	3766.00	3766.00
3742.00	3742.00	3742.00	3742.00	3742.00	3742.00	3742.00	3743.00	3743.00	3743.00	3743.00	3743.00	3743.00	3743.00	3743.00	3743.00	3743.00	3743.00	3744.00	3744.00	3744.00	3744.00	3744.00	3744.00	3744.00	3744.00	3744.00	3744.00	3744.00	3744.00	3744.00	3744.00	3744.00	3744.00	3744.00	3744.00	3745.00	3745.00	3745.00	3745.00	3745.00	3745.00	3745.00	3745.00	3745.00	3745.00	3746.00	3746.00	3746.00	3746.00	3746.00	3746.00	3746.00	3746.00	3747.00	3747.00	3747.00	3747.00	3747.00	3748.00	3748.00	3748.00	3748.00	3748.00	3749.00	3749.00	3749.00	3749.00	3749.00	3750.00	3750.00	3750.00	3750.00	3750.00	3750.00	3751.00	3751.00	3751.00	3751.00	3751.00	3752.00	3752.00	3752.00	3752.00	3753.00	3753.00	3753.00	3753.00	3753.00	3754.00	3754.00	3754.00	3754.00	3755.00	3755.00	3755.00	3755.00	3755.00	3755.00	3755.00	3756.00	3756.00	3756.00	3756.00	3756.00	3756.00	3756.00	3757.00	3757.00	3757.00	3757.00	3757.00	3757.00	3757.00	3757.00	3757.00	3757.00	3757.00	3757.00	3758.00	3758.00	3758.00	3758.00	3758.00	3758.00	3758.00	3758.00	3758.00	3758.00	3758.00	3758.00	3758.00	3758.00	3758.00	3758.00	3758.00	3758.00	3758.00	3758.00	3758.00	3758.00	3758.00	3759.00	3759.00	3759.00	3759.00	3759.00	3759.00	3760.00	3760.00	3760.00	3760.00	3760.00	3760.00	3761.00	3761.00	3761.00	3761.00	3761.00	3761.00	3761.00	3761.00	3761.00	3761.00	3762.00	3762.00	3762.00	3762.00	3762.00	3762.00	3762.00	3762.00	3762.00	3762.00	3762.00	3763.00	3763.00	3763.00	3763.00	3763.00	3763.00	3763.00	3763.00	3763.00	3763.00	3763.00	3763.00	3763.00	3763.00	3763.00	3763.00	3763.00	3763.00	3763.00	3763.00	3763.00	3763.00	3763.00	3763.00	3763.00	3763.00	3763.00	3763.00	3763.00	3764.00	3764.00	3764.00	3764.00	3764.00	3764.00	3764.00	3764.00	3764.00	3764.00	3764.00	3764.00	3764.00	3764.00	3764.00	3764.00	3764.00	3764.00	3764.00	3764.00	3765.00	3765.00	3765.00	3765.00	3765.00	3765.00	3765.00	3765.00	3765.00	3765.00	3765.00	3765.00	3765.00	3765.00	3766.00	3766.00	3766.00	3766.00	3766.00	3766.00	3766.00	3766.00	3766.00	3766.00	3766.00	3766.00	3766.00	3766.00	3766.00	3766.00	3766.00	3766.00
3742.00	3742.00	3742.00	3742.00	3742.00	3742.00	3742.00	3743.00	3743.00	3743.00	3743.00	3743.00	3743.00	3743.00	3743.00	3743.00	3743.00	3743.00	3744.00	3744.00	3744.00	3744.00	3744.00	3744.00	3744.00	3744.00	3744.00	3744.00	3744.00	3744.00	3744.00	3744.00	3744.00	3744.00	3744.00	3744.00	3745.00	3745.00	3745.00	3745.00	3745.00	3745.00	3745.00	3745.00	3745.00	3745.00	3746.00	3746.00	3746.00	3746.00	3746.00	3746.00	3746.00	3746.00	3747.00	3747.00	3747.00	3747.00	3747.00	3748.00	3748.00	3748.00	3748.00	3748.00	3749.00	3749.00	3749.00	3749.00	3749.00	3750.00	3750.00	3750.00	3750.00	3750.00	3750.00	3751.00	3751.00	3751.00	3751.00	3751.00	3752.00	3752.00	3752.00	3752.00	3753.00	3753.00	3753.00	3753.00	3753.00	3754.00	3754.00	3754.00	3754.00	3755.00	3755.00	3755.00	3755.00	3755.00	3755.00	3755.00	3756.00	3756.00	3756.00	3756.00	3756.00	3756.00	3756.00	3757.00	3757.00	3757.00	3757.00	3757.00	3757.00	3757.00	3757.00	3757.00	3757.00	3757.00	3757.00	3758.00	3758.00	3758.00	3758.00	3758.00	3758.00	3758.00	3758.00	3758.00	3758.00	3758.00	3758.00	3758.00	3758.00	3758.00	3758.00	3758.00	3758.00	3758.00	3758.00	3758.00	3758.00	3758.00	3759.00	3759.00	3759.00	3759.00	3759.00	3759.00	3760.00	3760.00	3760.00	3760.00	3760.00	3760.00	3761.00	3761.00	3761.00	3761.00	3761.00	3761.00	3761.00	3761.00	3761.00	3761.00	3762.00	3762.00	3762.00	3762.00	3762.00	3762.00	3762.00	3762.00	3762.00	3762.00	3762.00	3763.00	3763.00	3763.00	3763.00	3763.00	3763.00	3763.00	3763.00	3763.00	3763.00	3763.00	3763.00	3763.00	3763.00	3763.00	3763.00	3763.00	3763.00	3763.00	3763.00	3763.00	3763.00	3763.00	3763.00	3763.00	3763.00	3763.00	3763.00	3763.00	3764.00	3764.00	3764.00	3764.00	3764.00	3764.00	3764.00	3764.00	3764.00	3764.00	3764.00	3764.00	3764.00	3764.00	3764.00	3764.00	3764.00	3764.00	3764.00	3764.00	3765.00	3765.00	3765.00	3765.00	3765.00	3765.00	3765.00	3765.00	3765.00	3765.00	3765.00	3765.00	3765.00	3765.00	3766.00	3766.00	3766.00	3766.00	3766.00	3766.00	3766.00	3766.00	3766.00	3766.00	3766.00	3766.00	3766.00	3766.00	3766.00	3766.00	3766.00	3766.00
3742.00	3742.00	3742.00	3742.00	3742.00	3742.00	3742.00	3743.00	3743.00	3743.00	3743.00	3743.00	3743.00	3743.00	3743.00	3743.00	3743.00	3743.00	3744.00	3744.00	3744.00	3744.00	3744.00	3744.00	3744.00	3744.00	3744.00	3744.00	3744.00	3744.00	3744.00	3744.00	3744.00	3744.00	3744.00	3744.00	3745.00	3745.00	3745.00	3745.00	3745.00	3745.00	3745.00	3745.00	3745.00	3745.00	3746.00	3746.00	3746.00	3746.00	3746.00	3746.00	3746.00	3746.00	3747.00	3747.00	3747.00	3747.00	3747.00	3748.00	3748.00	3748.00	3748.00	3748.00	3749.00	3749.00	3749.00	3749.00	3749.00	3750.00	3750.00	3750.00	3750.00	3750.00	3750.00	3751.00	3751.00	3751.00	3751.00	3751.00	3752.00	3752.00	3752.00	3752.00	3753.00	3753.00	3753.00	3753.00	3753.00	3754.00	3754.00	3754.00	3754.00	3755.00	3755.00	3755.00	3755.00	3755.00	3755.00	3755.00	3756.00	3756.00	3756.00	3756.00	3756.00	3756.00	3756.00	3757.00	3757.00	3757.00	3757.00	3757.00	3757.00	3757.00	3757.00	3757.00	3757.00	3757.00	3757.00	3758.00	3758.00	3758.00	3758.00	3758.00	3758.00	3758.00	3758.00	3758.00	3758.00	3758.00	3758.00	3758.00	3758.00	3758.00	3758.00	3758.00	3758.00	3758.00	3758.00	3758.00	3758.00	3758.00	3759.00	3759.00	3759.00	3759.00	3759.00	3759.00	3760.00	3760.00	3760.00	3760.00	3760.00	3760.00	3761.00	3761.00	3761.00	3761.00	3761.00	3761.00	3761.00	3761.00	3761.00	3761.00	3762.00	3762.00	3762.00	3762.00	3762.00	3762.00	3762.00	3762.00	3762.00	3762.00	3762.00	3763.00	3763.00	3763.00	3763.00	3763.00	3763.00	3763.00	3763.00	3763.00	3763.00	3763.00	3763.00	3763.00	3763.00	3763.00	3763.00	3763.00	3763.00	3763.00	3763.00	3763.00	3763.00	3763.00	3763.00	3763.00	3763.00	3763.00	3763.00	3763.00	3764.00	3764.00	3764.00	3764.00	3764.00	3764.00	3764.00	3764.00	3764.00	3764.00	3764.00	3764.00	3764.00	3764.00	3764.00	3764.00	3764.00	3764.00	3764.00	3764.00	3765.00	3765.00	3765.00	3765.00	3765.00	3765.00	3765.00	3765.00	3765.00	3765.00	3765.00	3765.00	3765.00	3765.00	3766.00	3766.00	3766.00	3766.00	3766.00	3766.00	3766.00	3766.00	3766.00	3766.00	3766.00	3766.00	3766.00	3766.00	3766.00	3766.00	3766.00	3766.00
3742.00	3742.00	3742.00	3742.00	3742.00	3742.00	3742.00	3743.00	3743.00	3743.00	3743.00	3743.00	3743.00	3743.00	3743.00	3743.00	3743.00	3743.00	3744.00	3744.00	3744.00	3744.00	3744.00	3744.00	3744.00	3744.00	3744.00	3744.00	3744.00	3744.00	3744.00	3744.00	3744.00	3744.00	3744.00	3744.00	3745.00	3745.00	3745.00	3745.00	3745.00	3745.00	3745.00	3745.00	3745.00	3745.00	3746.00	3746.00	3746.00	3746.00	3746.00	3746.00	3746.00	3746.00	3747.00	3747.00	3747.00	3747.00	3747.00	3748.00	3748.00	3748.00	3748.00	3748.00	3749.00	3749.00	3749.00	3749.00	3749.00	3750.00	3750.00	3750.00	3750.00	3750.00	3750.00	3751.00	3751.00	3751.00	3751.00	3751.00	3752.00	3752.00	3752.00	3752.00	3753.00	3753.00	3753.00	3753.00	3753.00	3754.00	3754.00	3754.00	3754.00	3755.00	3755.00	3755.00	3755.00	3755.00	3755.00	3755.00	3756.00	3756.00	3756.00	3756.00	3756.00	3756.00	3756.00	3757.00	3757.00	3757.00	3757.00	3757.00	3757.00	3757.00	3757.00	3757.00	3757.00	3757.00	3757.00	3758.00	3758.00	3758.00	3758.00	3758.00	3758.00	3758.00	3758.00	3758.00	3758.00	3758.00	3758.00	3758.00	3758.00	3758.00	3758.00	3758.00	3758.00	3758.00	3758.00	3758.00	3758.00	3758.00	3759.00	3759.00	3759.00	3759.00	3759.00	3759.00	3760.00	3760.00	3760.00	3760.00	3760.00	3760.00	3761.00	3761.00	3761.00	3761.00	3761.00	3761.00	3761.00	3761.00	3761.00	3761.00	3762.00	3762.00	3762.00	3762.00	3762.00	3762.00	3762.00	3762.00	3762.00	3762.00	3762.00	3763.00	3763.00	3763.00	3763.00	3763.00	3763.00	3763.00	3763.00	3763.00	3763.00	3763.00	3763.00	3763.00	3763.00	3763.00	3763.00	3763.00	3763.00	3763.00	3763.00	3763.00	3763.00	3763.00	3763.00	3763.00	3763.00	3763.00	3763.00	3763.00	3764.00	3764.00	3764.00	3764.00	3764.00	3764.00	3764.00	3764.00	3764.00	3764.00	3764.00	3764.00	3764.00	3764.00	3764.00	3764.00	3764.00	3764.00	3764.00	3764.00	3765.00	3765.00	3765.00	3765.00	3765.00	3765.00	3765.00	3765.00	3765.00	3765.00	3765.00	3765.00	3765.00	3765.00	3766.00	3766.00	3766.00	3766.00	3766.00	3766.00	3766.00	3766.00	3766.00	3766.00	3766.00	3766.00	3766.00	3766.00	3766.00	3766.00	3766.00	3766.00
3742.00	3742.00	3742.00	3742.00	3742.00	3742.00	3742.00	3743.00	3743.00	3743.00	3743.00	3743.00	3743.00	3743.00	3743.00	3743.00	3743.00	3743.00	3744.00	3744.00	3744.00	3744.00	3744.00	3744.00	3744.00	3744.00	3744.00	3744.00	3744.00	3744.00	3744.00	3744.00	3744.00	3744.00	3744.00	3744.00	3745.00	3745.00	3745.00	3745.00	3745.00	3745.00	3745.00	3745.00	3745.00	3745.00	3746.00	3746.00	3746.00	3746.00	3746.00	3746.00	3746.00	3746.00	3747.00	3747.00	3747.00	3747.00	3747.00	3748.00	3748.00	3748.00	3748.00	3748.00	3749.00	3749.00	3749.00	3749.00	3749.00	3750.00	3750.00	3750.00	3750.00	3750.00	3750.00	3751.00	3751.00	3751.00	3751.00	3751.00	3752.00	3752.00	3752.00	3752.00	3753.00	3753.00	3753.00	3753.00	3753.00	3754.00	3754.00	3754.00	3754.00	3755.00	3755.00	3755.00	3755.00	3755.00	3755.00	3755.00	3756.00	3756.00	3756.00	3756.00	3756.00	3756.00	3756.00	3757.00	3757.00	3757.00	3757.00	3757.00	3757.00	3757.00	3757.00	3757.00	3757.00	3757.00	3757.00	3758.00	3758.00	3758.00	3758.00	3758.00	3758.00	3758.00	3758.00	3758.00	3758.00	3758.00	3758.00	3758.00	3758.00	3758.00	3758.00	3758.00	3758.00	3758.00	3758.00	3758.00	3758.00	3758.00	3759.00	3759.00	3759.00	3759.00	3759.00	3759.00	3760.00	3760.00	3760.00	3760.00	3760.00	3760.00	3761.00	3761.00	3761.00	3761.00	3761.00	3761.00	3761.00	3761.00	3761.00	3761.00	3762.00	3762.00	3762.00	3762.00	3762.00	3762.00	3762.00	3762.00	3762.00	3762.00	3762.00	3763.00	3763.00	3763.00	3763.00	3763.00	3763.00	3763.00	3763.00	3763.00	3763.00	3763.00	3763.00	3763.00	3763.00	3763.00	3763.00	3763.00	3763.00	3763.00	3763.00	3763.00	3763.00	3763.00	3763.00	3763.00	3763.00	3763.00	3763.00	3763.00	3764.00	3764.00	3764.00	3764.00	3764.00	3764.00	3764.00	3764.00	3764.00	3764.00	3764.00	3764.00	3764.00	3764.00	3764.00	3764.00	3764.00	3764.00	3764.00	3764.00	3765.00	3765.00	3765.00	3765.00	3765.00	3765.00	3765.00	3765.00	3765.00	3765.00	3765.00	3765.00	3765.00	3765.00	3766.00	3766.00	3766.00	3766.00	3766.00	3766.00	3766.00	3766.00	3766.00	3766.00	3766.00	3766.00	3766.00	3766.00	3766.00	3766.00	3766.00	3766.00
3742.00	3742.00	3742.00	3742.00	3742.00	3742.00	3742.00	3743.00	3743.00	3743.00	3743.00	3743.00	3743.00	3743.00	3743.00	3743.00	3743.00	3743.00	3744.00	3744.00	3744.00	3744.00	3744.00	3744.00	3744.00	3744.00	3744.00	3744.00	3744.00	3744.00	3744.00	3744.00	3744.00	3744.00	3744.00	3744.00	3745.00	3745.00	3745.00	3745.00	3745.00	3745.00	3745.00	3745.00	3745.00	3745.00	3746.00	3746.00	3746.00	3746.00	3746.00	3746.00	3746.00	3746.00	3747.00	3747.00	3747.00	3747.00	3747.00	3748.00	3748.00	3748.00	3748.00	3748.00	3749.00	3749.00	3749.00	3749.00	3749.00	3750.00	3750.00	3750.00	3750.00	3750.00	3750.00	3751.00	3751.00	3751.00	3751.00	3751.00	3752.00	3752.00	3752.00	3752.00	3753.00	3753.00	3753.00	3753.00	3753.00	3754.00	3754.00	3754.00	3754.00	3755.00	3755.00	3755.00	3755.00	3755.00	3755.00	3755.00	3756.00	3756.00	3756.00	3756.00	3756.00	3756.00	3756.00	3757.00	3757.00	3757.00	3757.00	3757.00	3757.00	3757.00	3757.00	3757.00	3757.00	3757.00	3757.00	3758.00	3758.00	3758.00	3758.00	3758.00	3758.00	3758.00	3758.00	3758.00	3758.00	3758.00	3758.00	3758.00	3758.00	3758.00	3758.00	3758.00	3758.00	3758.00	3758.00	3758.00	3758.00	3758.00	3759.00	3759.00	3759.00	3759.00	3759.00	3759.00	3760.00	3760.00	3760.00	3760.00	3760.00	3760.00	3761.00	3761.00	3761.00	3761.00	3761.00	3761.00	3761.00	3761.00	3761.00	3761.00	3762.00	3762.00	3762.00	3762.00	3762.00	3762.00	3762.00	3762.00	3762.00	3762.00	3762.00	3763.00	3763.00	3763.00	3763.00	3763.00	3763.00	3763.00	3763.00	3763.00	3763.00	3763.00	3763.00	3763.00	3763.00	3763.00	3763.00	3763.00	3763.00	3763.00	3763.00	3763.00	3763.00	3763.00	3763.00	3763.00	3763.00	3763.00	3763.00	3763.00	3764.00	3764.00	3764.00	3764.00	3764.00	3764.00	3764.00	3764.00	3764.00	3764.00	3764.00	3764.00	3764.00	3764.00	3764.00	3764.00	3764.00	3764.00	3764.00	3764.00	3765.00	3765.00	3765.00	3765.00	3765.00	3765.00	3765.00	3765.00	3765.00	3765.00	3765.00	3765.00	3765.00	3765.00	3766.00	3766.00	3766.00	3766.00	3766.00	3766.00	3766.00	3766.00	3766.00	3766.00	3766.00	3766.00	3766.00	3766.00	3766.00	3766.00	3766.00	3766.00
3742.00	3742.00	3742.00	3742.00	3742.00	3742.00	3742.00	3743.00	3743.00	3743.00	3743.00	3743.00	3743.00	3743.00	3743.00	3743.00	3743.00	3743.00	3744.00	3744.00	3744.00	3744.00	3744.00	3744.00	3744.00	3744.00	3744.00	3744.00	3744.00	3744.00	3744.00	3744.00	3744.00	3744.00	3744.00	3744.00	3745.00	3745.00	3745.00	3745.00	3745.00	3745.00	3745.00	3745.00	3745.00	3745.00	3746.00	3746.00	3746.00	3746.00	3746.00	3746.00	3746.00	3746.00	3747.00	3747.00	3747.00	3747.00	3747.00	3748.00	3748.00	3748.00	3748.00	3748.00	3749.00	3749.00	3749.00	3749.00	3749.00	3750.00	3750.00	3750.00	3750.00	3750.00	3750.00	3751.00	3751.00	3751.00	3751.00	3751.00	3752.00	3752.00	3752.00	3752.00	3753.00	3753.00	3753.00	3753.00	3753.00	3754.00	3754.00	3754.00	3754.00	3755.00	3755.00	3755.00	3755.00	3755.00	3755.00	3755.00	3756.00	3756.00	3756.00	3756.00	3756.00	3756.00	3756.00	3757.00	3757.00	3757.00	3757.00	3757.00	3757.00	3757.00	3757.00	3757.00	3757.00	3757.00	3757.00	3758.00	3758.00	3758.00	3758.00	3758.00	3758.00	3758.00	3758.00	3758.00	3758.00	3758.00	3758.00	3758.00	3758.00	3758.00	3758.00	3758.00	3758.00	3758.00	3758.00	3758.00	3758.00	3758.00	3759.00	3759.00	3759.00	3759.00	3759.00	3759.00	3760.00	3760.00	3760.00	3760.00	3760.00	3760.00	3761.00	3761.00	3761.00	3761.00	3761.00	3761.00	3761.00	3761.00	3761.00	3761.00	3762.00	3762.00	3762.00	3762.00	3762.00	3762.00	3762.00	3762.00	3762.00	3762.00	3762.00	3763.00	3763.00	3763.00	3763.00	3763.00	3763.00	3763.00	3763.00	3763.00	3763.00	3763.00	3763.00	3763.00	3763.00	3763.00	3763.00	3763.00	3763.00	3763.00	3763.00	3763.00	3763.00	3763.00	3763.00	3763.00	3763.00	3763.00	3763.00	3763.00	3764.00	3764.00	3764.00	3764.00	3764.00	3764.00	3764.00	3764.00	3764.00	3764.00	3764.00	3764.00	3764.00	3764.00	3764.00	3764.00	3764.00	3764.00	3764.00	3764.00	3765.00	3765.00	3765.00	3765.00	3765.00	3765.00	3765.00	3765.00	3765.00	3765.00	3765.00	3765.00	3765.00	3765.00	3766.00	3766.00	3766.00	3766.00	3766.00	3766.00	3766.00	3766.00	3766.00	3766.00	3766.00	3766.00	3766.00	3766.00	3766.00	3766.00	3766.00	3766.00
3742.00	3742.00	3742.00	3742.00	3742.00	3742.00	3742.00	3743.00	3743.00	3743.00	3743.00	3743.00	3743.00	3743.00	3743.00	3743.00	3743.00	3743.00	3744.00	3744.00	3744.00	3744.00	3744.00	3744.00	3744.00	3744.00	3744.00	3744.00	3744.00	3744.00	3744.00	3744.00	3744.00	3744.00	3744.00	3744.00	3745.00	3745.00	3745.00	3745.00	3745.00	3745.00	3745.00	3745.00	3745.00	3745.00	3746.00	3746.00	3746.00	3746.00	3746.00	3746.00	3746.00	3746.00	3747.00	3747.00	3747.00	3747.00	3747.00	3748.00	3748.00	3748.00	3748.00	3748.00	3749.00	3749.00	3749.00	3749.00	3749.00	3750.00	3750.00	3750.00	3750.00	3750.00	3750.00	3751.00	3751.00	3751.00	3751.00	3751.00	3752.00	3752.00	3752.00	3752.00	3753.00	3753.00	3753.00	3753.00	3753.00	3754.00	3754.00	3754.00	3754.00	3755.00	3755.00	3755.00	3755.00	3755.00	3755.00	3755.00	3756.00	3756.00	3756.00	3756.00	3756.00	3756.00	3756.00	3757.00	3757.00	3757.00	3757.00	3757.00	3757.00	3757.00	3757.00	3757.00	3757.00	3757.00	3757.00	3758.00	3758.00	3758.00	3758.00	3758.00	3758.00	3758.00	3758.00	3758.00	3758.00	3758.00	3758.00	3758.00	3758.00	3758.00	3758.00	3758.00	3758.00	3758.00	3758.00	3758.00	3758.00	3758.00	3759.00	3759.00	3759.00	3759.00	3759.00	3759.00	3760.00	3760.00	3760.00	3760.00	3760.00	3760.00	3761.00	3761.00	3761.00	3761.00	3761.00	3761.00	3761.00	3761.00	3761.00	3761.00	3762.00	3762.00	3762.00	3762.00	3762.00	3762.00	3762.00	3762.00	3762.00	3762.00	3762.00	3763.00	3763.00	3763.00	3763.00	3763.00	3763.00	3763.00	3763.00	3763.00	3763.00	3763.00	3763.00	3763.00	3763.00	3763.00	3763.00	3763.00	3763.00	3763.00	3763.00	3763.00	3763.00	3763.00	3763.00	3763.00	3763.00	3763.00	3763.00	3763.00	3764.00	3764.00	3764.00	3764.00	3764.00	3764.00	3764.00	3764.00	3764.00	3764.00	3764.00	3764.00	3764.00	3764.00	3764.00	3764.00	3764.00	3764.00	3764.00	3764.00	3765.00	3765.00	3765.00	3765.00	3765.00	3765.00	3765.00	3765.00	3765.00	3765.00	3765.00	3765.00	3765.00	3765.00	3766.00	3766.00	3766.00	3766.00	3766.00	3766.00	3766.00	3766.00	3766.00	3766.00	3766.00	3766.00	3766.00	3766.00	3766.00	3766.00	3766.00	3766.00
3742.00	3742.00	3742.00	3742.00	3742.00	3742.00	3742.00	3743.00	3743.00	3743.00	3743.00	3743.00	3743.00	3743.00	3743.00	3743.00	3743.00	3743.00	3744.00	3744.00	3744.00	3744.00	3744.00	3744.00	3744.00	3744.00	3744.00	3744.00	3744.00	3744.00	3744.00	3744.00	3744.00	3744.00	3744.00	3744.00	3745.00	3745.00	3745.00	3745.00	3745.00	3745.00	3745.00	3745.00	3745.00	3745.00	3746.00	3746.00	3746.00	3746.00	3746.00	3746.00	3746.00	3746.00	3747.00	3747.00	3747.00	3747.00	3747.00	3748.00	3748.00	3748.00	3748.00	3748.00	3749.00	3749.00	3749.00	3749.00	3749.00	3750.00	3750.00	3750.00	3750.00	3750.00	3750.00	3751.00	3751.00	3751.00	3751.00	3751.00	3752.00	3752.00	3752.00	3752.00	3753.00	3753.00	3753.00	3753.00	3753.00	3754.00	3754.00	3754.00	3754.00	3755.00	3755.00	3755.00	3755.00	3755.00	3755.00	3755.00	3756.00	3756.00	3756.00	3756.00	3756.00	3756.00	3756.00	3757.00	3757.00	3757.00	3757.00	3757.00	3757.00	3757.00	3757.00	3757.00	3757.00	3757.00	3757.00	3758.00	3758.00	3758.00	3758.00	3758.00	3758.00	3758.00	3758.00	3758.00	3758.00	3758.00	3758.00	3758.00	3758.00	3758.00	3758.00	3758.00	3758.00	3758.00	3758.00	3758.00	3758.00	3758.00	3759.00	3759.00	3759.00	3759.00	3759.00	3759.00	3760.00	3760.00	3760.00	3760.00	3760.00	3760.00	3761.00	3761.00	3761.00	3761.00	3761.00	3761.00	3761.00	3761.00	3761.00	3761.00	3762.00	3762.00	3762.00	3762.00	3762.00	3762.00	3762.00	3762.00	3762.00	3762.00	3762.00	3763.00	3763.00	3763.00	3763.00	3763.00	3763.00	3763.00	3763.00	3763.00	3763.00	3763.00	3763.00	3763.00	3763.00	3763.00	3763.00	3763.00	3763.00	3763.00	3763.00	3763.00	3763.00	3763.00	3763.00	3763.00	3763.00	3763.00	3763.00	3763.00	3764.00	3764.00	3764.00	3764.00	3764.00	3764.00	3764.00	3764.00	3764.00	3764.00	3764.00	3764.00	3764.00	3764.00	3764.00	3764.00	3764.00	3764.00	3764.00	3764.00	3765.00	3765.00	3765.00	3765.00	3765.00	3765.00	3765.00	3765.00	3765.00	3765.00	3765.00	3765.00	3765.00	3765.00	3766.00	3766.00	3766.00	3766.00	3766.00	3766.00	3766.00	3766.00	3766.00	3766.00	3766.00	3766.00	3766.00	3766.00	3766.00	3766.00	3766.00	3766.00
3742.00	3742.00	3742.00	3742.00	3742.00	3742.00	3742.00	3743.00	3743.00	3743.00	3743.00	3743.00	3743.00	3743.00	3743.00	3743.00	3743.00	3743.00	3744.00	3744.00	3744.00	3744.00	3744.00	3744.00	3744.00	3744.00	3744.00	3744.00	3744.00	3744.00	3744.00	3744.00	3744.00	3744.00	3744.00	3744.00	3745.00	3745.00	3745.00	3745.00	3745.00	3745.00	3745.00	3745.00	3745.00	3745.00	3746.00	3746.00	3746.00	3746.00	3746.00	3746.00	3746.00	3746.00	3747.00	3747.00	3747.00	3747.00	3747.00	3748.00	3748.00	3748.00	3748.00	3748.00	3749.00	3749.00	3749.00	3749.00	3749.00	3750.00	3750.00	3750.00	3750.00	3750.00	3750.00	3751.00	3751.00	3751.00	3751.00	3751.00	3752.00	3752.00	3752.00	3752.00	3753.00	3753.00	3753.00	3753.00	3753.00	3754.00	3754.00	3754.00	3754.00	3755.00	3755.00	3755.00	3755.00	3755.00	3755.00	3755.00	3756.00	3756.00	3756.00	3756.00	3756.00	3756.00	3756.00	3757.00	3757.00	3757.00	3757.00	3757.00	3757.00	3757.00	3757.00	3757.00	3757.00	3757.00	3757.00	3758.00	3758.00	3758.00	3758.00	3758.00	3758.00	3758.00	3758.00	3758.00	3758.00	3758.00	3758.00	3758.00	3758.00	3758.00	3758.00	3758.00	3758.00	3758.00	3758.00	3758.00	3758.00	3758.00	3759.00	3759.00	3759.00	3759.00	3759.00	3759.00	3760.00	3760.00	3760.00	3760.00	3760.00	3760.00	3761.00	3761.00	3761.00	3761.00	3761.00	3761.00	3761.00	3761.00	3761.00	3761.00	3762.00	3762.00	3762.00	3762.00	3762.00	3762.00	3762.00	3762.00	3762.00	3762.00	3762.00	3763.00	3763.00	3763.00	3763.00	3763.00	3763.00	3763.00	3763.00	3763.00	3763.00	3763.00	3763.00	3763.00	3763.00	3763.00	3763.00	3763.00	3763.00	3763.00	3763.00	3763.00	3763.00	3763.00	3763.00	3763.00	3763.00	3763.00	3763.00	3763.00	3764.00	3764.00	3764.00	3764.00	3764.00	3764.00	3764.00	3764.00	3764.00	3764.00	3764.00	3764.00	3764.00	3764.00	3764.00	3764.00	3764.00	3764.00	3764.00	3764.00	3765.00	3765.00	3765.00	3765.00	3765.00	3765.00	3765.00	3765.00	3765.00	3765.00	3765.00	3765.00	3765.00	3765.00	3766.00	3766.00	3766.00	3766.00	3766.00	3766.00	3766.00	3766.00	3766.00	3766.00	3766.00	3766.00	3766.00	3766.00	3766.00	3766.00	3766.00	3766.00
3741.00	3741.00	3741.00	3741.00	3741.00	3741.00	3742.00	3742.00	3742.00	3742.00	3742.00	3742.00	3742.00	3742.00	3742.00	3742.00	3742.00	3742.00	3743.00	3743.00	3743.00	3743.00	3743.00	3743.00	3743.00	3743.00	3743.00	3743.00	3743.00	3743.00	3743.00	3743.00	3743.00	3743.00	3744.00	3744.00	3744.00	3744.00	3744.00	3744.00	3744.00	3744.00	3744.00	3745.00	3745.00	3745.00	3745.00	3745.00	3745.00	3745.00	3745.00	3746.00	3746.00	3746.00	3746.00	3746.00	3746.00	3747.00	3747.00	3747.00	3747.00	3747.00	3747.00	3747.00	3748.00	3748.00	3748.00	3748.00	3748.00	3748.00	3748.00	3748.00	3749.00	3749.00	3749.00	3749.00	3749.00	3750.00	3750.00	3750.00	3750.00	3751.00	3751.00	3751.00	3751.00	3751.00	3752.00	3752.00	3752.00	3752.00	3752.00	3753.00	3753.00	3754.00	3754.00	3754.00	3754.00	3754.00	3754.00	3754.00	3755.00	3755.00	3755.00	3755.00	3755.00	3755.00	3755.00	3755.00	3755.00	3756.00	3756.00	3756.00	3756.00	3756.00	3756.00	3756.00	3756.00	3756.00	3756.00	3756.00	3756.00	3757.00	3757.00	3757.00	3757.00	3757.00	3757.00	3757.00	3757.00	3757.00	3757.00	3757.00	3757.00	3757.00	3757.00	3757.00	3757.00	3758.00	3758.00	3758.00	3758.00	3758.00	3758.00	3758.00	3758.00	3759.00	3759.00	3759.00	3759.00	3759.00	3759.00	3760.00	3760.00	3760.00	3760.00	3760.00	3760.00	3760.00	3761.00	3761.00	3761.00	3761.00	3761.00	3761.00	3761.00	3761.00	3761.00	3762.00	3762.00	3762.00	3762.00	3762.00	3762.00	3762.00	3762.00	3762.00	3763.00	3763.00	3763.00	3763.00	3763.00	3763.00	3763.00	3763.00	3763.00	3763.00	3763.00	3763.00	3763.00	3763.00	3763.00	3763.00	3763.00	3763.00	3763.00	3763.00	3763.00	3763.00	3763.00	3763.00	3763.00	3764.00	3764.00	3764.00	3764.00	3764.00	3764.00	3764.00	3764.00	3764.00	3764.00	3764.00	3764.00	3764.00	3764.00	3764.00	3764.00	3764.00	3764.00	3764.00	3764.00	3764.00	3764.00	3764.00	3764.00	3764.00	3764.00	3765.00	3765.00	3765.00	3765.00	3765.00	3765.00	3765.00	3765.00	3765.00	3765.00	3765.00	3765.00	3765.00	3765.00	3765.00	3765.00	3765.00	3765.00	3765.00	3765.00	3765.00	3765.00	3765.00	3765.00	3765.00	3765.00	3765.00	3765.00	3765.00
3741.00	3741.00	3741.00	3741.00	3741.00	3741.00	3742.00	3742.00	3742.00	3742.00	3742.00	3742.00	3742.00	3742.00	3742.00	3742.00	3742.00	3742.00	3743.00	3743.00	3743.00	3743.00	3743.00	3743.00	3743.00	3743.00	3743.00	3743.00	3743.00	3743.00	3743.00	3743.00	3743.00	3743.00	3744.00	3744.00	3744.00	3744.00	3744.00	3744.00	3744.00	3744.00	3744.00	3745.00	3745.00	3745.00	3745.00	3745.00	3745.00	3745.00	3745.00	3746.00	3746.00	3746.00	3746.00	3746.00	3746.00	3747.00	3747.00	3747.00	3747.00	3747.00	3747.00	3747.00	3748.00	3748.00	3748.00	3748.00	3748.00	3748.00	3748.00	3748.00	3749.00	3749.00	3749.00	3749.00	3749.00	3750.00	3750.00	3750.00	3750.00	3751.00	3751.00	3751.00	3751.00	3751.00	3752.00	3752.00	3752.00	3752.00	3752.00	3753.00	3753.00	3754.00	3754.00	3754.00	3754.00	3754.00	3754.00	3754.00	3755.00	3755.00	3755.00	3755.00	3755.00	3755.00	3755.00	3755.00	3755.00	3756.00	3756.00	3756.00	3756.00	3756.00	3756.00	3756.00	3756.00	3756.00	3756.00	3756.00	3756.00	3757.00	3757.00	3757.00	3757.00	3757.00	3757.00	3757.00	3757.00	3757.00	3757.00	3757.00	3757.00	3757.00	3757.00	3757.00	3757.00	3758.00	3758.00	3758.00	3758.00	3758.00	3758.00	3758.00	3758.00	3759.00	3759.00	3759.00	3759.00	3759.00	3759.00	3760.00	3760.00	3760.00	3760.00	3760.00	3760.00	3760.00	3761.00	3761.00	3761.00	3761.00	3761.00	3761.00	3761.00	3761.00	3761.00	3762.00	3762.00	3762.00	3762.00	3762.00	3762.00	3762.00	3762.00	3762.00	3763.00	3763.00	3763.00	3763.00	3763.00	3763.00	3763.00	3763.00	3763.00	3763.00	3763.00	3763.00	3763.00	3763.00	3763.00	3763.00	3763.00	3763.00	3763.00	3763.00	3763.00	3763.00	3763.00	3763.00	3763.00	3764.00	3764.00	3764.00	3764.00	3764.00	3764.00	3764.00	3764.00	3764.00	3764.00	3764.00	3764.00	3764.00	3764.00	3764.00	3764.00	3764.00	3764.00	3764.00	3764.00	3764.00	3764.00	3764.00	3764.00	3764.00	3764.00	3765.00	3765.00	3765.00	3765.00	3765.00	3765.00	3765.00	3765.00	3765.00	3765.00	3765.00	3765.00	3765.00	3765.00	3765.00	3765.00	3765.00	3765.00	3765.00	3765.00	3765.00	3765.00	3765.00	3765.00	3765.00	3765.00	3765.00	3765.00	3765.00
3741.00	3741.00	3741.00	3741.00	3741.00	3741.00	3742.00	3742.00	3742.00	3742.00	3742.00	3742.00	3742.00	3742.00	3742.00	3742.00	3742.00	3742.00	3743.00	3743.00	3743.00	3743.00	3743.00	3743.00	3743.00	3743.00	3743.00	3743.00	3743.00	3743.00	3743.00	3743.00	3743.00	3743.00	3744.00	3744.00	3744.00	3744.00	3744.00	3744.00	3744.00	3744.00	3744.00	3745.00	3745.00	3745.00	3745.00	3745.00	3745.00	3745.00	3745.00	3746.00	3746.00	3746.00	3746.00	3746.00	3746.00	3747.00	3747.00	3747.00	3747.00	3747.00	3747.00	3747.00	3748.00	3748.00	3748.00	3748.00	3748.00	3748.00	3748.00	3748.00	3749.00	3749.00	3749.00	3749.00	3749.00	3750.00	3750.00	3750.00	3750.00	3751.00	3751.00	3751.00	3751.00	3751.00	3752.00	3752.00	3752.00	3752.00	3752.00	3753.00	3753.00	3754.00	3754.00	3754.00	3754.00	3754.00	3754.00	3754.00	3755.00	3755.00	3755.00	3755.00	3755.00	3755.00	3755.00	3755.00	3755.00	3756.00	3756.00	3756.00	3756.00	3756.00	3756.00	3756.00	3756.00	3756.00	3756.00	3756.00	3756.00	3757.00	3757.00	3757.00	3757.00	3757.00	3757.00	3757.00	3757.00	3757.00	3757.00	3757.00	3757.00	3757.00	3757.00	3757.00	3757.00	3758.00	3758.00	3758.00	3758.00	3758.00	3758.00	3758.00	3758.00	3759.00	3759.00	3759.00	3759.00	3759.00	3759.00	3760.00	3760.00	3760.00	3760.00	3760.00	3760.00	3760.00	3761.00	3761.00	3761.00	3761.00	3761.00	3761.00	3761.00	3761.00	3761.00	3762.00	3762.00	3762.00	3762.00	3762.00	3762.00	3762.00	3762.00	3762.00	3763.00	3763.00	3763.00	3763.00	3763.00	3763.00	3763.00	3763.00	3763.00	3763.00	3763.00	3763.00	3763.00	3763.00	3763.00	3763.00	3763.00	3763.00	3763.00	3763.00	3763.00	3763.00	3763.00	3763.00	3763.00	3764.00	3764.00	3764.00	3764.00	3764.00	3764.00	3764.00	3764.00	3764.00	3764.00	3764.00	3764.00	3764.00	3764.00	3764.00	3764.00	3764.00	3764.00	3764.00	3764.00	3764.00	3764.00	3764.00	3764.00	3764.00	3764.00	3765.00	3765.00	3765.00	3765.00	3765.00	3765.00	3765.00	3765.00	3765.00	3765.00	3765.00	3765.00	3765.00	3765.00	3765.00	3765.00	3765.00	3765.00	3765.00	3765.00	3765.00	3765.00	3765.00	3765.00	3765.00	3765.00	3765.00	3765.00	3765.00
3741.00	3741.00	3741.00	3741.00	3741.00	3741.00	3742.00	3742.00	3742.00	3742.00	3742.00	3742.00	3742.00	3742.00	3742.00	3742.00	3742.00	3742.00	3743.00	3743.00	3743.00	3743.00	3743.00	3743.00	3743.00	3743.00	3743.00	3743.00	3743.00	3743.00	3743.00	3743.00	3743.00	3743.00	3744.00	3744.00	3744.00	3744.00	3744.00	3744.00	3744.00	3744.00	3744.00	3745.00	3745.00	3745.00	3745.00	3745.00	3745.00	3745.00	3745.00	3746.00	3746.00	3746.00	3746.00	3746.00	3746.00	3747.00	3747.00	3747.00	3747.00	3747.00	3747.00	3747.00	3748.00	3748.00	3748.00	3748.00	3748.00	3748.00	3748.00	3748.00	3749.00	3749.00	3749.00	3749.00	3749.00	3750.00	3750.00	3750.00	3750.00	3751.00	3751.00	3751.00	3751.00	3751.00	3752.00	3752.00	3752.00	3752.00	3752.00	3753.00	3753.00	3754.00	3754.00	3754.00	3754.00	3754.00	3754.00	3754.00	3755.00	3755.00	3755.00	3755.00	3755.00	3755.00	3755.00	3755.00	3755.00	3756.00	3756.00	3756.00	3756.00	3756.00	3756.00	3756.00	3756.00	3756.00	3756.00	3756.00	3756.00	3757.00	3757.00	3757.00	3757.00	3757.00	3757.00	3757.00	3757.00	3757.00	3757.00	3757.00	3757.00	3757.00	3757.00	3757.00	3757.00	3758.00	3758.00	3758.00	3758.00	3758.00	3758.00	3758.00	3758.00	3759.00	3759.00	3759.00	3759.00	3759.00	3759.00	3760.00	3760.00	3760.00	3760.00	3760.00	3760.00	3760.00	3761.00	3761.00	3761.00	3761.00	3761.00	3761.00	3761.00	3761.00	3761.00	3762.00	3762.00	3762.00	3762.00	3762.00	3762.00	3762.00	3762.00	3762.00	3763.00	3763.00	3763.00	3763.00	3763.00	3763.00	3763.00	3763.00	3763.00	3763.00	3763.00	3763.00	3763.00	3763.00	3763.00	3763.00	3763.00	3763.00	3763.00	3763.00	3763.00	3763.00	3763.00	3763.00	3763.00	3764.00	3764.00	3764.00	3764.00	3764.00	3764.00	3764.00	3764.00	3764.00	3764.00	3764.00	3764.00	3764.00	3764.00	3764.00	3764.00	3764.00	3764.00	3764.00	3764.00	3764.00	3764.00	3764.00	3764.00	3764.00	3764.00	3765.00	3765.00	3765.00	3765.00	3765.00	3765.00	3765.00	3765.00	3765.00	3765.00	3765.00	3765.00	3765.00	3765.00	3765.00	3765.00	3765.00	3765.00	3765.00	3765.00	3765.00	3765.00	3765.00	3765.00	3765.00	3765.00	3765.00	3765.00	3765.00
3741.00	3741.00	3741.00	3741.00	3741.00	3741.00	3742.00	3742.00	3742.00	3742.00	3742.00	3742.00	3742.00	3742.00	3742.00	3742.00	3742.00	3742.00	3743.00	3743.00	3743.00	3743.00	3743.00	3743.00	3743.00	3743.00	3743.00	3743.00	3743.00	3743.00	3743.00	3743.00	3743.00	3743.00	3744.00	3744.00	3744.00	3744.00	3744.00	3744.00	3744.00	3744.00	3744.00	3745.00	3745.00	3745.00	3745.00	3745.00	3745.00	3745.00	3745.00	3746.00	3746.00	3746.00	3746.00	3746.00	3746.00	3747.00	3747.00	3747.00	3747.00	3747.00	3747.00	3747.00	3748.00	3748.00	3748.00	3748.00	3748.00	3748.00	3748.00	3748.00	3749.00	3749.00	3749.00	3749.00	3749.00	3750.00	3750.00	3750.00	3750.00	3751.00	3751.00	3751.00	3751.00	3751.00	3752.00	3752.00	3752.00	3752.00	3752.00	3753.00	3753.00	3754.00	3754.00	3754.00	3754.00	3754.00	3754.00	3754.00	3755.00	3755.00	3755.00	3755.00	3755.00	3755.00	3755.00	3755.00	3755.00	3756.00	3756.00	3756.00	3756.00	3756.00	3756.00	3756.00	3756.00	3756.00	3756.00	3756.00	3756.00	3757.00	3757.00	3757.00	3757.00	3757.00	3757.00	3757.00	3757.00	3757.00	3757.00	3757.00	3757.00	3757.00	3757.00	3757.00	3757.00	3758.00	3758.00	3758.00	3758.00	3758.00	3758.00	3758.00	3758.00	3759.00	3759.00	3759.00	3759.00	3759.00	3759.00	3760.00	3760.00	3760.00	3760.00	3760.00	3760.00	3760.00	3761.00	3761.00	3761.00	3761.00	3761.00	3761.00	3761.00	3761.00	3761.00	3762.00	3762.00	3762.00	3762.00	3762.00	3762.00	3762.00	3762.00	3762.00	3763.00	3763.00	3763.00	3763.00	3763.00	3763.00	3763.00	3763.00	3763.00	3763.00	3763.00	3763.00	3763.00	3763.00	3763.00	3763.00	3763.00	3763.00	3763.00	3763.00	3763.00	3763.00	3763.00	3763.00	3763.00	3764.00	3764.00	3764.00	3764.00	3764.00	3764.00	3764.00	3764.00	3764.00	3764.00	3764.00	3764.00	3764.00	3764.00	3764.00	3764.00	3764.00	3764.00	3764.00	3764.00	3764.00	3764.00	3764.00	3764.00	3764.00	3764.00	3765.00	3765.00	3765.00	3765.00	3765.00	3765.00	3765.00	3765.00	3765.00	3765.00	3765.00	3765.00	3765.00	3765.00	3765.00	3765.00	3765.00	3765.00	3765.00	3765.00	3765.00	3765.00	3765.00	3765.00	3765.00	3765.00	3765.00	3765.00	3765.00
3741.00	3741.00	3741.00	3741.00	3741.00	3741.00	3742.00	3742.00	3742.00	3742.00	3742.00	3742.00	3742.00	3742.00	3742.00	3742.00	3742.00	3742.00	3743.00	3743.00	3743.00	3743.00	3743.00	3743.00	3743.00	3743.00	3743.00	3743.00	3743.00	3743.00	3743.00	3743.00	3743.00	3743.00	3744.00	3744.00	3744.00	3744.00	3744.00	3744.00	3744.00	3744.00	3744.00	3745.00	3745.00	3745.00	3745.00	3745.00	3745.00	3745.00	3745.00	3746.00	3746.00	3746.00	3746.00	3746.00	3746.00	3747.00	3747.00	3747.00	3747.00	3747.00	3747.00	3747.00	3748.00	3748.00	3748.00	3748.00	3748.00	3748.00	3748.00	3748.00	3749.00	3749.00	3749.00	3749.00	3749.00	3750.00	3750.00	3750.00	3750.00	3751.00	3751.00	3751.00	3751.00	3751.00	3752.00	3752.00	3752.00	3752.00	3752.00	3753.00	3753.00	3754.00	3754.00	3754.00	3754.00	3754.00	3754.00	3754.00	3755.00	3755.00	3755.00	3755.00	3755.00	3755.00	3755.00	3755.00	3755.00	3756.00	3756.00	3756.00	3756.00	3756.00	3756.00	3756.00	3756.00	3756.00	3756.00	3756.00	3756.00	3757.00	3757.00	3757.00	3757.00	3757.00	3757.00	3757.00	3757.00	3757.00	3757.00	3757.00	3757.00	3757.00	3757.00	3757.00	3757.00	3758.00	3758.00	3758.00	3758.00	3758.00	3758.00	3758.00	3758.00	3759.00	3759.00	3759.00	3759.00	3759.00	3759.00	3760.00	3760.00	3760.00	3760.00	3760.00	3760.00	3760.00	3761.00	3761.00	3761.00	3761.00	3761.00	3761.00	3761.00	3761.00	3761.00	3762.00	3762.00	3762.00	3762.00	3762.00	3762.00	3762.00	3762.00	3762.00	3763.00	3763.00	3763.00	3763.00	3763.00	3763.00	3763.00	3763.00	3763.00	3763.00	3763.00	3763.00	3763.00	3763.00	3763.00	3763.00	3763.00	3763.00	3763.00	3763.00	3763.00	3763.00	3763.00	3763.00	3763.00	3764.00	3764.00	3764.00	3764.00	3764.00	3764.00	3764.00	3764.00	3764.00	3764.00	3764.00	3764.00	3764.00	3764.00	3764.00	3764.00	3764.00	3764.00	3764.00	3764.00	3764.00	3764.00	3764.00	3764.00	3764.00	3764.00	3765.00	3765.00	3765.00	3765.00	3765.00	3765.00	3765.00	3765.00	3765.00	3765.00	3765.00	3765.00	3765.00	3765.00	3765.00	3765.00	3765.00	3765.00	3765.00	3765.00	3765.00	3765.00	3765.00	3765.00	3765.00	3765.00	3765.00	3765.00	3765.00
3741.00	3741.00	3741.00	3741.00	3741.00	3741.00	3742.00	3742.00	3742.00	3742.00	3742.00	3742.00	3742.00	3742.00	3742.00	3742.00	3742.00	3742.00	3743.00	3743.00	3743.00	3743.00	3743.00	3743.00	3743.00	3743.00	3743.00	3743.00	3743.00	3743.00	3743.00	3743.00	3743.00	3743.00	3744.00	3744.00	3744.00	3744.00	3744.00	3744.00	3744.00	3744.00	3744.00	3745.00	3745.00	3745.00	3745.00	3745.00	3745.00	3745.00	3745.00	3746.00	3746.00	3746.00	3746.00	3746.00	3746.00	3747.00	3747.00	3747.00	3747.00	3747.00	3747.00	3747.00	3748.00	3748.00	3748.00	3748.00	3748.00	3748.00	3748.00	3748.00	3749.00	3749.00	3749.00	3749.00	3749.00	3750.00	3750.00	3750.00	3750.00	3751.00	3751.00	3751.00	3751.00	3751.00	3752.00	3752.00	3752.00	3752.00	3752.00	3753.00	3753.00	3754.00	3754.00	3754.00	3754.00	3754.00	3754.00	3754.00	3755.00	3755.00	3755.00	3755.00	3755.00	3755.00	3755.00	3755.00	3755.00	3756.00	3756.00	3756.00	3756.00	3756.00	3756.00	3756.00	3756.00	3756.00	3756.00	3756.00	3756.00	3757.00	3757.00	3757.00	3757.00	3757.00	3757.00	3757.00	3757.00	3757.00	3757.00	3757.00	3757.00	3757.00	3757.00	3757.00	3757.00	3758.00	3758.00	3758.00	3758.00	3758.00	3758.00	3758.00	3758.00	3759.00	3759.00	3759.00	3759.00	3759.00	3759.00	3760.00	3760.00	3760.00	3760.00	3760.00	3760.00	3760.00	3761.00	3761.00	3761.00	3761.00	3761.00	3761.00	3761.00	3761.00	3761.00	3762.00	3762.00	3762.00	3762.00	3762.00	3762.00	3762.00	3762.00	3762.00	3763.00	3763.00	3763.00	3763.00	3763.00	3763.00	3763.00	3763.00	3763.00	3763.00	3763.00	3763.00	3763.00	3763.00	3763.00	3763.00	3763.00	3763.00	3763.00	3763.00	3763.00	3763.00	3763.00	3763.00	3763.00	3764.00	3764.00	3764.00	3764.00	3764.00	3764.00	3764.00	3764.00	3764.00	3764.00	3764.00	3764.00	3764.00	3764.00	3764.00	3764.00	3764.00	3764.00	3764.00	3764.00	3764.00	3764.00	3764.00	3764.00	3764.00	3764.00	3765.00	3765.00	3765.00	3765.00	3765.00	3765.00	3765.00	3765.00	3765.00	3765.00	3765.00	3765.00	3765.00	3765.00	3765.00	3765.00	3765.00	3765.00	3765.00	3765.00	3765.00	3765.00	3765.00	3765.00	3765.00	3765.00	3765.00	3765.00	3765.00
3741.00	3741.00	3741.00	3741.00	3741.00	3741.00	3742.00	3742.00	3742.00	3742.00	3742.00	3742.00	3742.00	3742.00	3742.00	3742.00	3742.00	3742.00	3743.00	3743.00	3743.00	3743.00	3743.00	3743.00	3743.00	3743.00	3743.00	3743.00	3743.00	3743.00	3743.00	3743.00	3743.00	3743.00	3744.00	3744.00	3744.00	3744.00	3744.00	3744.00	3744.00	3744.00	3744.00	3745.00	3745.00	3745.00	3745.00	3745.00	3745.00	3745.00	3745.00	3746.00	3746.00	3746.00	3746.00	3746.00	3746.00	3747.00	3747.00	3747.00	3747.00	3747.00	3747.00	3747.00	3748.00	3748.00	3748.00	3748.00	3748.00	3748.00	3748.00	3748.00	3749.00	3749.00	3749.00	3749.00	3749.00	3750.00	3750.00	3750.00	3750.00	3751.00	3751.00	3751.00	3751.00	3751.00	3752.00	3752.00	3752.00	3752.00	3752.00	3753.00	3753.00	3754.00	3754.00	3754.00	3754.00	3754.00	3754.00	3754.00	3755.00	3755.00	3755.00	3755.00	3755.00	3755.00	3755.00	3755.00	3755.00	3756.00	3756.00	3756.00	3756.00	3756.00	3756.00	3756.00	3756.00	3756.00	3756.00	3756.00	3756.00	3757.00	3757.00	3757.00	3757.00	3757.00	3757.00	3757.00	3757.00	3757.00	3757.00	3757.00	3757.00	3757.00	3757.00	3757.00	3757.00	3758.00	3758.00	3758.00	3758.00	3758.00	3758.00	3758.00	3758.00	3759.00	3759.00	3759.00	3759.00	3759.00	3759.00	3760.00	3760.00	3760.00	3760.00	3760.00	3760.00	3760.00	3761.00	3761.00	3761.00	3761.00	3761.00	3761.00	3761.00	3761.00	3761.00	3762.00	3762.00	3762.00	3762.00	3762.00	3762.00	3762.00	3762.00	3762.00	3763.00	3763.00	3763.00	3763.00	3763.00	3763.00	3763.00	3763.00	3763.00	3763.00	3763.00	3763.00	3763.00	3763.00	3763.00	3763.00	3763.00	3763.00	3763.00	3763.00	3763.00	3763.00	3763.00	3763.00	3763.00	3764.00	3764.00	3764.00	3764.00	3764.00	3764.00	3764.00	3764.00	3764.00	3764.00	3764.00	3764.00	3764.00	3764.00	3764.00	3764.00	3764.00	3764.00	3764.00	3764.00	3764.00	3764.00	3764.00	3764.00	3764.00	3764.00	3765.00	3765.00	3765.00	3765.00	3765.00	3765.00	3765.00	3765.00	3765.00	3765.00	3765.00	3765.00	3765.00	3765.00	3765.00	3765.00	3765.00	3765.00	3765.00	3765.00	3765.00	3765.00	3765.00	3765.00	3765.00	3765.00	3765.00	3765.00	3765.00
3741.00	3741.00	3741.00	3741.00	3741.00	3741.00	3742.00	3742.00	3742.00	3742.00	3742.00	3742.00	3742.00	3742.00	3742.00	3742.00	3742.00	3742.00	3743.00	3743.00	3743.00	3743.00	3743.00	3743.00	3743.00	3743.00	3743.00	3743.00	3743.00	3743.00	3743.00	3743.00	3743.00	3743.00	3744.00	3744.00	3744.00	3744.00	3744.00	3744.00	3744.00	3744.00	3744.00	3745.00	3745.00	3745.00	3745.00	3745.00	3745.00	3745.00	3745.00	3746.00	3746.00	3746.00	3746.00	3746.00	3746.00	3747.00	3747.00	3747.00	3747.00	3747.00	3747.00	3747.00	3748.00	3748.00	3748.00	3748.00	3748.00	3748.00	3748.00	3748.00	3749.00	3749.00	3749.00	3749.00	3749.00	3750.00	3750.00	3750.00	3750.00	3751.00	3751.00	3751.00	3751.00	3751.00	3752.00	3752.00	3752.00	3752.00	3752.00	3753.00	3753.00	3754.00	3754.00	3754.00	3754.00	3754.00	3754.00	3754.00	3755.00	3755.00	3755.00	3755.00	3755.00	3755.00	3755.00	3755.00	3755.00	3756.00	3756.00	3756.00	3756.00	3756.00	3756.00	3756.00	3756.00	3756.00	3756.00	3756.00	3756.00	3757.00	3757.00	3757.00	3757.00	3757.00	3757.00	3757.00	3757.00	3757.00	3757.00	3757.00	3757.00	3757.00	3757.00	3757.00	3757.00	3758.00	3758.00	3758.00	3758.00	3758.00	3758.00	3758.00	3758.00	3759.00	3759.00	3759.00	3759.00	3759.00	3759.00	3760.00	3760.00	3760.00	3760.00	3760.00	3760.00	3760.00	3761.00	3761.00	3761.00	3761.00	3761.00	3761.00	3761.00	3761.00	3761.00	3762.00	3762.00	3762.00	3762.00	3762.00	3762.00	3762.00	3762.00	3762.00	3763.00	3763.00	3763.00	3763.00	3763.00	3763.00	3763.00	3763.00	3763.00	3763.00	3763.00	3763.00	3763.00	3763.00	3763.00	3763.00	3763.00	3763.00	3763.00	3763.00	3763.00	3763.00	3763.00	3763.00	3763.00	3764.00	3764.00	3764.00	3764.00	3764.00	3764.00	3764.00	3764.00	3764.00	3764.00	3764.00	3764.00	3764.00	3764.00	3764.00	3764.00	3764.00	3764.00	3764.00	3764.00	3764.00	3764.00	3764.00	3764.00	3764.00	3764.00	3765.00	3765.00	3765.00	3765.00	3765.00	3765.00	3765.00	3765.00	3765.00	3765.00	3765.00	3765.00	3765.00	3765.00	3765.00	3765.00	3765.00	3765.00	3765.00	3765.00	3765.00	3765.00	3765.00	3765.00	3765.00	3765.00	3765.00	3765.00	3765.00
3741.00	3741.00	3741.00	3741.00	3741.00	3741.00	3742.00	3742.00	3742.00	3742.00	3742.00	3742.00	3742.00	3742.00	3742.00	3742.00	3742.00	3742.00	3743.00	3743.00	3743.00	3743.00	3743.00	3743.00	3743.00	3743.00	3743.00	3743.00	3743.00	3743.00	3743.00	3743.00	3743.00	3743.00	3744.00	3744.00	3744.00	3744.00	3744.00	3744.00	3744.00	3744.00	3744.00	3745.00	3745.00	3745.00	3745.00	3745.00	3745.00	3745.00	3745.00	3746.00	3746.00	3746.00	3746.00	3746.00	3746.00	3747.00	3747.00	3747.00	3747.00	3747.00	3747.00	3747.00	3748.00	3748.00	3748.00	3748.00	3748.00	3748.00	3748.00	3748.00	3749.00	3749.00	3749.00	3749.00	3749.00	3750.00	3750.00	3750.00	3750.00	3751.00	3751.00	3751.00	3751.00	3751.00	3752.00	3752.00	3752.00	3752.00	3752.00	3753.00	3753.00	3754.00	3754.00	3754.00	3754.00	3754.00	3754.00	3754.00	3755.00	3755.00	3755.00	3755.00	3755.00	3755.00	3755.00	3755.00	3755.00	3756.00	3756.00	3756.00	3756.00	3756.00	3756.00	3756.00	3756.00	3756.00	3756.00	3756.00	3756.00	3757.00	3757.00	3757.00	3757.00	3757.00	3757.00	3757.00	3757.00	3757.00	3757.00	3757.00	3757.00	3757.00	3757.00	3757.00	3757.00	3758.00	3758.00	3758.00	3758.00	3758.00	3758.00	3758.00	3758.00	3759.00	3759.00	3759.00	3759.00	3759.00	3759.00	3760.00	3760.00	3760.00	3760.00	3760.00	3760.00	3760.00	3761.00	3761.00	3761.00	3761.00	3761.00	3761.00	3761.00	3761.00	3761.00	3762.00	3762.00	3762.00	3762.00	3762.00	3762.00	3762.00	3762.00	3762.00	3763.00	3763.00	3763.00	3763.00	3763.00	3763.00	3763.00	3763.00	3763.00	3763.00	3763.00	3763.00	3763.00	3763.00	3763.00	3763.00	3763.00	3763.00	3763.00	3763.00	3763.00	3763.00	3763.00	3763.00	3763.00	3764.00	3764.00	3764.00	3764.00	3764.00	3764.00	3764.00	3764.00	3764.00	3764.00	3764.00	3764.00	3764.00	3764.00	3764.00	3764.00	3764.00	3764.00	3764.00	3764.00	3764.00	3764.00	3764.00	3764.00	3764.00	3764.00	3765.00	3765.00	3765.00	3765.00	3765.00	3765.00	3765.00	3765.00	3765.00	3765.00	3765.00	3765.00	3765.00	3765.00	3765.00	3765.00	3765.00	3765.00	3765.00	3765.00	3765.00	3765.00	3765.00	3765.00	3765.00	3765.00	3765.00	3765.00	3765.00
3741.00	3741.00	3741.00	3741.00	3741.00	3741.00	3742.00	3742.00	3742.00	3742.00	3742.00	3742.00	3742.00	3742.00	3742.00	3742.00	3742.00	3742.00	3743.00	3743.00	3743.00	3743.00	3743.00	3743.00	3743.00	3743.00	3743.00	3743.00	3743.00	3743.00	3743.00	3743.00	3743.00	3743.00	3744.00	3744.00	3744.00	3744.00	3744.00	3744.00	3744.00	3744.00	3744.00	3745.00	3745.00	3745.00	3745.00	3745.00	3745.00	3745.00	3745.00	3746.00	3746.00	3746.00	3746.00	3746.00	3746.00	3747.00	3747.00	3747.00	3747.00	3747.00	3747.00	3747.00	3748.00	3748.00	3748.00	3748.00	3748.00	3748.00	3748.00	3748.00	3749.00	3749.00	3749.00	3749.00	3749.00	3750.00	3750.00	3750.00	3750.00	3751.00	3751.00	3751.00	3751.00	3751.00	3752.00	3752.00	3752.00	3752.00	3752.00	3753.00	3753.00	3754.00	3754.00	3754.00	3754.00	3754.00	3754.00	3754.00	3755.00	3755.00	3755.00	3755.00	3755.00	3755.00	3755.00	3755.00	3755.00	3756.00	3756.00	3756.00	3756.00	3756.00	3756.00	3756.00	3756.00	3756.00	3756.00	3756.00	3756.00	3757.00	3757.00	3757.00	3757.00	3757.00	3757.00	3757.00	3757.00	3757.00	3757.00	3757.00	3757.00	3757.00	3757.00	3757.00	3757.00	3758.00	3758.00	3758.00	3758.00	3758.00	3758.00	3758.00	3758.00	3759.00	3759.00	3759.00	3759.00	3759.00	3759.00	3760.00	3760.00	3760.00	3760.00	3760.00	3760.00	3760.00	3761.00	3761.00	3761.00	3761.00	3761.00	3761.00	3761.00	3761.00	3761.00	3762.00	3762.00	3762.00	3762.00	3762.00	3762.00	3762.00	3762.00	3762.00	3763.00	3763.00	3763.00	3763.00	3763.00	3763.00	3763.00	3763.00	3763.00	3763.00	3763.00	3763.00	3763.00	3763.00	3763.00	3763.00	3763.00	3763.00	3763.00	3763.00	3763.00	3763.00	3763.00	3763.00	3763.00	3764.00	3764.00	3764.00	3764.00	3764.00	3764.00	3764.00	3764.00	3764.00	3764.00	3764.00	3764.00	3764.00	3764.00	3764.00	3764.00	3764.00	3764.00	3764.00	3764.00	3764.00	3764.00	3764.00	3764.00	3764.00	3764.00	3765.00	3765.00	3765.00	3765.00	3765.00	3765.00	3765.00	3765.00	3765.00	3765.00	3765.00	3765.00	3765.00	3765.00	3765.00	3765.00	3765.00	3765.00	3765.00	3765.00	3765.00	3765.00	3765.00	3765.00	3765.00	3765.00	3765.00	3765.00	3765.00
3741.00	3741.00	3741.00	3741.00	3741.00	3741.00	3742.00	3742.00	3742.00	3742.00	3742.00	3742.00	3742.00	3742.00	3742.00	3742.00	3742.00	3742.00	3743.00	3743.00	3743.00	3743.00	3743.00	3743.00	3743.00	3743.00	3743.00	3743.00	3743.00	3743.00	3743.00	3743.00	3743.00	3743.00	3744.00	3744.00	3744.00	3744.00	3744.00	3744.00	3744.00	3744.00	3744.00	3745.00	3745.00	3745.00	3745.00	3745.00	3745.00	3745.00	3745.00	3746.00	3746.00	3746.00	3746.00	3746.00	3746.00	3747.00	3747.00	3747.00	3747.00	3747.00	3747.00	3747.00	3748.00	3748.00	3748.00	3748.00	3748.00	3748.00	3748.00	3748.00	3749.00	3749.00	3749.00	3749.00	3749.00	3750.00	3750.00	3750.00	3750.00	3751.00	3751.00	3751.00	3751.00	3751.00	3752.00	3752.00	3752.00	3752.00	3752.00	3753.00	3753.00	3754.00	3754.00	3754.00	3754.00	3754.00	3754.00	3754.00	3755.00	3755.00	3755.00	3755.00	3755.00	3755.00	3755.00	3755.00	3755.00	3756.00	3756.00	3756.00	3756.00	3756.00	3756.00	3756.00	3756.00	3756.00	3756.00	3756.00	3756.00	3757.00	3757.00	3757.00	3757.00	3757.00	3757.00	3757.00	3757.00	3757.00	3757.00	3757.00	3757.00	3757.00	3757.00	3757.00	3757.00	3758.00	3758.00	3758.00	3758.00	3758.00	3758.00	3758.00	3758.00	3759.00	3759.00	3759.00	3759.00	3759.00	3759.00	3760.00	3760.00	3760.00	3760.00	3760.00	3760.00	3760.00	3761.00	3761.00	3761.00	3761.00	3761.00	3761.00	3761.00	3761.00	3761.00	3762.00	3762.00	3762.00	3762.00	3762.00	3762.00	3762.00	3762.00	3762.00	3763.00	3763.00	3763.00	3763.00	3763.00	3763.00	3763.00	3763.00	3763.00	3763.00	3763.00	3763.00	3763.00	3763.00	3763.00	3763.00	3763.00	3763.00	3763.00	3763.00	3763.00	3763.00	3763.00	3763.00	3763.00	3764.00	3764.00	3764.00	3764.00	3764.00	3764.00	3764.00	3764.00	3764.00	3764.00	3764.00	3764.00	3764.00	3764.00	3764.00	3764.00	3764.00	3764.00	3764.00	3764.00	3764.00	3764.00	3764.00	3764.00	3764.00	3764.00	3765.00	3765.00	3765.00	3765.00	3765.00	3765.00	3765.00	3765.00	3765.00	3765.00	3765.00	3765.00	3765.00	3765.00	3765.00	3765.00	3765.00	3765.00	3765.00	3765.00	3765.00	3765.00	3765.00	3765.00	3765.00	3765.00	3765.00	3765.00	3765.00
3740.00	3740.00	3740.00	3740.00	3740.00	3740.00	3741.00	3741.00	3741.00	3741.00	3741.00	3741.00	3741.00	3741.00	3741.00	3741.00	3741.00	3741.00	3741.00	3741.00	3741.00	3741.00	3741.00	3741.00	3742.00	3742.00	3742.00	3742.00	3742.00	3742.00	3742.00	3742.00	3742.00	3743.00	3743.00	3743.00	3743.00	3743.00	3743.00	3743.00	3743.00	3743.00	3743.00	3744.00	3744.00	3744.00	3744.00	3744.00	3744.00	3744.00	3744.00	3745.00	3745.00	3745.00	3745.00	3745.00	3745.00	3746.00	3746.00	3746.00	3746.00	3746.00	3746.00	3747.00	3747.00	3747.00	3747.00	3747.00	3747.00	3747.00	3748.00	3748.00	3748.00	3748.00	3748.00	3749.00	3749.00	3749.00	3749.00	3749.00	3750.00	3750.00	3750.00	3750.00	3751.00	3751.00	3751.00	3752.00	3752.00	3752.00	3752.00	3753.00	3753.00	3753.00	3753.00	3754.00	3754.00	3754.00	3754.00	3754.00	3754.00	3754.00	3754.00	3754.00	3754.00	3754.00	3754.00	3754.00	3754.00	3755.00	3755.00	3755.00	3755.00	3755.00	3755.00	3755.00	3755.00	3755.00	3755.00	3755.00	3755.00	3756.00	3756.00	3756.00	3756.00	3756.00	3756.00	3756.00	3756.00	3756.00	3756.00	3756.00	3756.00	3756.00	3756.00	3756.00	3757.00	3757.00	3757.00	3757.00	3757.00	3757.00	3757.00	3757.00	3757.00	3758.00	3758.00	3758.00	3758.00	3758.00	3758.00	3758.00	3758.00	3759.00	3759.00	3759.00	3759.00	3759.00	3760.00	3760.00	3760.00	3760.00	3760.00	3760.00	3761.00	3761.00	3761.00	3761.00	3761.00	3761.00	3761.00	3762.00	3762.00	3762.00	3762.00	3762.00	3762.00	3762.00	3762.00	3762.00	3762.00	3763.00	3763.00	3763.00	3763.00	3763.00	3763.00	3763.00	3763.00	3763.00	3763.00	3763.00	3763.00	3763.00	3763.00	3764.00	3764.00	3764.00	3764.00	3764.00	3764.00	3764.00	3764.00	3764.00	3764.00	3764.00	3764.00	3764.00	3764.00	3764.00	3764.00	3764.00	3764.00	3764.00	3764.00	3764.00	3764.00	3764.00	3764.00	3764.00	3764.00	3764.00	3764.00	3764.00	3764.00	3764.00	3764.00	3764.00	3764.00	3764.00	3765.00	3765.00	3765.00	3765.00	3765.00	3765.00	3765.00	3765.00	3765.00	3765.00	3765.00	3765.00	3765.00	3765.00	3765.00	3765.00	3765.00	3765.00	3765.00	3765.00	3765.00	3765.00	3765.00	3765.00	3765.00	3765.00
3740.00	3740.00	3740.00	3740.00	3740.00	3740.00	3741.00	3741.00	3741.00	3741.00	3741.00	3741.00	3741.00	3741.00	3741.00	3741.00	3741.00	3741.00	3741.00	3741.00	3741.00	3741.00	3741.00	3741.00	3742.00	3742.00	3742.00	3742.00	3742.00	3742.00	3742.00	3742.00	3742.00	3743.00	3743.00	3743.00	3743.00	3743.00	3743.00	3743.00	3743.00	3743.00	3743.00	3744.00	3744.00	3744.00	3744.00	3744.00	3744.00	3744.00	3744.00	3745.00	3745.00	3745.00	3745.00	3745.00	3745.00	3746.00	3746.00	3746.00	3746.00	3746.00	3746.00	3747.00	3747.00	3747.00	3747.00	3747.00	3747.00	3747.00	3748.00	3748.00	3748.00	3748.00	3748.00	3749.00	3749.00	3749.00	3749.00	3749.00	3750.00	3750.00	3750.00	3750.00	3751.00	3751.00	3751.00	3752.00	3752.00	3752.00	3752.00	3753.00	3753.00	3753.00	3753.00	3754.00	3754.00	3754.00	3754.00	3754.00	3754.00	3754.00	3754.00	3754.00	3754.00	3754.00	3754.00	3754.00	3754.00	3755.00	3755.00	3755.00	3755.00	3755.00	3755.00	3755.00	3755.00	3755.00	3755.00	3755.00	3755.00	3756.00	3756.00	3756.00	3756.00	3756.00	3756.00	3756.00	3756.00	3756.00	3756.00	3756.00	3756.00	3756.00	3756.00	3756.00	3757.00	3757.00	3757.00	3757.00	3757.00	3757.00	3757.00	3757.00	3757.00	3758.00	3758.00	3758.00	3758.00	3758.00	3758.00	3758.00	3758.00	3759.00	3759.00	3759.00	3759.00	3759.00	3760.00	3760.00	3760.00	3760.00	3760.00	3760.00	3761.00	3761.00	3761.00	3761.00	3761.00	3761.00	3761.00	3762.00	3762.00	3762.00	3762.00	3762.00	3762.00	3762.00	3762.00	3762.00	3762.00	3763.00	3763.00	3763.00	3763.00	3763.00	3763.00	3763.00	3763.00	3763.00	3763.00	3763.00	3763.00	3763.00	3763.00	3764.00	3764.00	3764.00	3764.00	3764.00	3764.00	3764.00	3764.00	3764.00	3764.00	3764.00	3764.00	3764.00	3764.00	3764.00	3764.00	3764.00	3764.00	3764.00	3764.00	3764.00	3764.00	3764.00	3764.00	3764.00	3764.00	3764.00	3764.00	3764.00	3764.00	3764.00	3764.00	3764.00	3764.00	3764.00	3765.00	3765.00	3765.00	3765.00	3765.00	3765.00	3765.00	3765.00	3765.00	3765.00	3765.00	3765.00	3765.00	3765.00	3765.00	3765.00	3765.00	3765.00	3765.00	3765.00	3765.00	3765.00	3765.00	3765.00	3765.00	3765.00
3740.00	3740.00	3740.00	3740.00	3740.00	3740.00	3741.00	3741.00	3741.00	3741.00	3741.00	3741.00	3741.00	3741.00	3741.00	3741.00	3741.00	3741.00	3741.00	3741.00	3741.00	3741.00	3741.00	3741.00	3742.00	3742.00	3742.00	3742.00	3742.00	3742.00	3742.00	3742.00	3742.00	3743.00	3743.00	3743.00	3743.00	3743.00	3743.00	3743.00	3743.00	3743.00	3743.00	3744.00	3744.00	3744.00	3744.00	3744.00	3744.00	3744.00	3744.00	3745.00	3745.00	3745.00	3745.00	3745.00	3745.00	3746.00	3746.00	3746.00	3746.00	3746.00	3746.00	3747.00	3747.00	3747.00	3747.00	3747.00	3747.00	3747.00	3748.00	3748.00	3748.00	3748.00	3748.00	3749.00	3749.00	3749.00	3749.00	3749.00	3750.00	3750.00	3750.00	3750.00	3751.00	3751.00	3751.00	3752.00	3752.00	3752.00	3752.00	3753.00	3753.00	3753.00	3753.00	3754.00	3754.00	3754.00	3754.00	3754.00	3754.00	3754.00	3754.00	3754.00	3754.00	3754.00	3754.00	3754.00	3754.00	3755.00	3755.00	3755.00	3755.00	3755.00	3755.00	3755.00	3755.00	3755.00	3755.00	3755.00	3755.00	3756.00	3756.00	3756.00	3756.00	3756.00	3756.00	3756.00	3756.00	3756.00	3756.00	3756.00	3756.00	3756.00	3756.00	3756.00	3757.00	3757.00	3757.00	3757.00	3757.00	3757.00	3757.00	3757.00	3757.00	3758.00	3758.00	3758.00	3758.00	3758.00	3758.00	3758.00	3758.00	3759.00	3759.00	3759.00	3759.00	3759.00	3760.00	3760.00	3760.00	3760.00	3760.00	3760.00	3761.00	3761.00	3761.00	3761.00	3761.00	3761.00	3761.00	3762.00	3762.00	3762.00	3762.00	3762.00	3762.00	3762.00	3762.00	3762.00	3762.00	3763.00	3763.00	3763.00	3763.00	3763.00	3763.00	3763.00	3763.00	3763.00	3763.00	3763.00	3763.00	3763.00	3763.00	3764.00	3764.00	3764.00	3764.00	3764.00	3764.00	3764.00	3764.00	3764.00	3764.00	3764.00	3764.00	3764.00	3764.00	3764.00	3764.00	3764.00	3764.00	3764.00	3764.00	3764.00	3764.00	3764.00	3764.00	3764.00	3764.00	3764.00	3764.00	3764.00	3764.00	3764.00	3764.00	3764.00	3764.00	3764.00	3765.00	3765.00	3765.00	3765.00	3765.00	3765.00	3765.00	3765.00	3765.00	3765.00	3765.00	3765.00	3765.00	3765.00	3765.00	3765.00	3765.00	3765.00	3765.00	3765.00	3765.00	3765.00	3765.00	3765.00	3765.00	3765.00
3740.00	3740.00	3740.00	3740.00	3740.00	3740.00	3741.00	3741.00	3741.00	3741.00	3741.00	3741.00	3741.00	3741.00	3741.00	3741.00	3741.00	3741.00	3741.00	3741.00	3741.00	3741.00	3741.00	3741.00	3742.00	3742.00	3742.00	3742.00	3742.00	3742.00	3742.00	3742.00	3742.00	3743.00	3743.00	3743.00	3743.00	3743.00	3743.00	3743.00	3743.00	3743.00	3743.00	3744.00	3744.00	3744.00	3744.00	3744.00	3744.00	3744.00	3744.00	3745.00	3745.00	3745.00	3745.00	3745.00	3745.00	3746.00	3746.00	3746.00	3746.00	3746.00	3746.00	3747.00	3747.00	3747.00	3747.00	3747.00	3747.00	3747.00	3748.00	3748.00	3748.00	3748.00	3748.00	3749.00	3749.00	3749.00	3749.00	3749.00	3750.00	3750.00	3750.00	3750.00	3751.00	3751.00	3751.00	3752.00	3752.00	3752.00	3752.00	3753.00	3753.00	3753.00	3753.00	3754.00	3754.00	3754.00	3754.00	3754.00	3754.00	3754.00	3754.00	3754.00	3754.00	3754.00	3754.00	3754.00	3754.00	3755.00	3755.00	3755.00	3755.00	3755.00	3755.00	3755.00	3755.00	3755.00	3755.00	3755.00	3755.00	3756.00	3756.00	3756.00	3756.00	3756.00	3756.00	3756.00	3756.00	3756.00	3756.00	3756.00	3756.00	3756.00	3756.00	3756.00	3757.00	3757.00	3757.00	3757.00	3757.00	3757.00	3757.00	3757.00	3757.00	3758.00	3758.00	3758.00	3758.00	3758.00	3758.00	3758.00	3758.00	3759.00	3759.00	3759.00	3759.00	3759.00	3760.00	3760.00	3760.00	3760.00	3760.00	3760.00	3761.00	3761.00	3761.00	3761.00	3761.00	3761.00	3761.00	3762.00	3762.00	3762.00	3762.00	3762.00	3762.00	3762.00	3762.00	3762.00	3762.00	3763.00	3763.00	3763.00	3763.00	3763.00	3763.00	3763.00	3763.00	3763.00	3763.00	3763.00	3763.00	3763.00	3763.00	3764.00	3764.00	3764.00	3764.00	3764.00	3764.00	3764.00	3764.00	3764.00	3764.00	3764.00	3764.00	3764.00	3764.00	3764.00	3764.00	3764.00	3764.00	3764.00	3764.00	3764.00	3764.00	3764.00	3764.00	3764.00	3764.00	3764.00	3764.00	3764.00	3764.00	3764.00	3764.00	3764.00	3764.00	3764.00	3765.00	3765.00	3765.00	3765.00	3765.00	3765.00	3765.00	3765.00	3765.00	3765.00	3765.00	3765.00	3765.00	3765.00	3765.00	3765.00	3765.00	3765.00	3765.00	3765.00	3765.00	3765.00	3765.00	3765.00	3765.00	3765.00
3740.00	3740.00	3740.00	3740.00	3740.00	3740.00	3741.00	3741.00	3741.00	3741.00	3741.00	3741.00	3741.00	3741.00	3741.00	3741.00	3741.00	3741.00	3741.00	3741.00	3741.00	3741.00	3741.00	3741.00	3742.00	3742.00	3742.00	3742.00	3742.00	3742.00	3742.00	3742.00	3742.00	3743.00	3743.00	3743.00	3743.00	3743.00	3743.00	3743.00	3743.00	3743.00	3743.00	3744.00	3744.00	3744.00	3744.00	3744.00	3744.00	3744.00	3744.00	3745.00	3745.00	3745.00	3745.00	3745.00	3745.00	3746.00	3746.00	3746.00	3746.00	3746.00	3746.00	3747.00	3747.00	3747.00	3747.00	3747.00	3747.00	3747.00	3748.00	3748.00	3748.00	3748.00	3748.00	3749.00	3749.00	3749.00	3749.00	3749.00	3750.00	3750.00	3750.00	3750.00	3751.00	3751.00	3751.00	3752.00	3752.00	3752.00	3752.00	3753.00	3753.00	3753.00	3753.00	3754.00	3754.00	3754.00	3754.00	3754.00	3754.00	3754.00	3754.00	3754.00	3754.00	3754.00	3754.00	3754.00	3754.00	3755.00	3755.00	3755.00	3755.00	3755.00	3755.00	3755.00	3755.00	3755.00	3755.00	3755.00	3755.00	3756.00	3756.00	3756.00	3756.00	3756.00	3756.00	3756.00	3756.00	3756.00	3756.00	3756.00	3756.00	3756.00	3756.00	3756.00	3757.00	3757.00	3757.00	3757.00	3757.00	3757.00	3757.00	3757.00	3757.00	3758.00	3758.00	3758.00	3758.00	3758.00	3758.00	3758.00	3758.00	3759.00	3759.00	3759.00	3759.00	3759.00	3760.00	3760.00	3760.00	3760.00	3760.00	3760.00	3761.00	3761.00	3761.00	3761.00	3761.00	3761.00	3761.00	3762.00	3762.00	3762.00	3762.00	3762.00	3762.00	3762.00	3762.00	3762.00	3762.00	3763.00	3763.00	3763.00	3763.00	3763.00	3763.00	3763.00	3763.00	3763.00	3763.00	3763.00	3763.00	3763.00	3763.00	3764.00	3764.00	3764.00	3764.00	3764.00	3764.00	3764.00	3764.00	3764.00	3764.00	3764.00	3764.00	3764.00	3764.00	3764.00	3764.00	3764.00	3764.00	3764.00	3764.00	3764.00	3764.00	3764.00	3764.00	3764.00	3764.00	3764.00	3764.00	3764.00	3764.00	3764.00	3764.00	3764.00	3764.00	3764.00	3765.00	3765.00	3765.00	3765.00	3765.00	3765.00	3765.00	3765.00	3765.00	3765.00	3765.00	3765.00	3765.00	3765.00	3765.00	3765.00	3765.00	3765.00	3765.00	3765.00	3765.00	3765.00	3765.00	3765.00	3765.00	3765.00
3740.00	3740.00	3740.00	3740.00	3740.00	3740.00	3741.00	3741.00	3741.00	3741.00	3741.00	3741.00	3741.00	3741.00	3741.00	3741.00	3741.00	3741.00	3741.00	3741.00	3741.00	3741.00	3741.00	3741.00	3742.00	3742.00	3742.00	3742.00	3742.00	3742.00	3742.00	3742.00	3742.00	3743.00	3743.00	3743.00	3743.00	3743.00	3743.00	3743.00	3743.00	3743.00	3743.00	3744.00	3744.00	3744.00	3744.00	3744.00	3744.00	3744.00	3744.00	3745.00	3745.00	3745.00	3745.00	3745.00	3745.00	3746.00	3746.00	3746.00	3746.00	3746.00	3746.00	3747.00	3747.00	3747.00	3747.00	3747.00	3747.00	3747.00	3748.00	3748.00	3748.00	3748.00	3748.00	3749.00	3749.00	3749.00	3749.00	3749.00	3750.00	3750.00	3750.00	3750.00	3751.00	3751.00	3751.00	3752.00	3752.00	3752.00	3752.00	3753.00	3753.00	3753.00	3753.00	3754.00	3754.00	3754.00	3754.00	3754.00	3754.00	3754.00	3754.00	3754.00	3754.00	3754.00	3754.00	3754.00	3754.00	3755.00	3755.00	3755.00	3755.00	3755.00	3755.00	3755.00	3755.00	3755.00	3755.00	3755.00	3755.00	3756.00	3756.00	3756.00	3756.00	3756.00	3756.00	3756.00	3756.00	3756.00	3756.00	3756.00	3756.00	3756.00	3756.00	3756.00	3757.00	3757.00	3757.00	3757.00	3757.00	3757.00	3757.00	3757.00	3757.00	3758.00	3758.00	3758.00	3758.00	3758.00	3758.00	3758.00	3758.00	3759.00	3759.00	3759.00	3759.00	3759.00	3760.00	3760.00	3760.00	3760.00	3760.00	3760.00	3761.00	3761.00	3761.00	3761.00	3761.00	3761.00	3761.00	3762.00	3762.00	3762.00	3762.00	3762.00	3762.00	3762.00	3762.00	3762.00	3762.00	3763.00	3763.00	3763.00	3763.00	3763.00	3763.00	3763.00	3763.00	3763.00	3763.00	3763.00	3763.00	3763.00	3763.00	3764.00	3764.00	3764.00	3764.00	3764.00	3764.00	3764.00	3764.00	3764.00	3764.00	3764.00	3764.00	3764.00	3764.00	3764.00	3764.00	3764.00	3764.00	3764.00	3764.00	3764.00	3764.00	3764.00	3764.00	3764.00	3764.00	3764.00	3764.00	3764.00	3764.00	3764.00	3764.00	3764.00	3764.00	3764.00	3765.00	3765.00	3765.00	3765.00	3765.00	3765.00	3765.00	3765.00	3765.00	3765.00	3765.00	3765.00	3765.00	3765.00	3765.00	3765.00	3765.00	3765.00	3765.00	3765.00	3765.00	3765.00	3765.00	3765.00	3765.00	3765.00
3740.00	3740.00	3740.00	3740.00	3740.00	3740.00	3741.00	3741.00	3741.00	3741.00	3741.00	3741.00	3741.00	3741.00	3741.00	3741.00	3741.00	3741.00	3741.00	3741.00	3741.00	3741.00	3741.00	3741.00	3742.00	3742.00	3742.00	3742.00	3742.00	3742.00	3742.00	3742.00	3742.00	3743.00	3743.00	3743.00	3743.00	3743.00	3743.00	3743.00	3743.00	3743.00	3743.00	3744.00	3744.00	3744.00	3744.00	3744.00	3744.00	3744.00	3744.00	3745.00	3745.00	3745.00	3745.00	3745.00	3745.00	3746.00	3746.00	3746.00	3746.00	3746.00	3746.00	3747.00	3747.00	3747.00	3747.00	3747.00	3747.00	3747.00	3748.00	3748.00	3748.00	3748.00	3748.00	3749.00	3749.00	3749.00	3749.00	3749.00	3750.00	3750.00	3750.00	3750.00	3751.00	3751.00	3751.00	3752.00	3752.00	3752.00	3752.00	3753.00	3753.00	3753.00	3753.00	3754.00	3754.00	3754.00	3754.00	3754.00	3754.00	3754.00	3754.00	3754.00	3754.00	3754.00	3754.00	3754.00	3754.00	3755.00	3755.00	3755.00	3755.00	3755.00	3755.00	3755.00	3755.00	3755.00	3755.00	3755.00	3755.00	3756.00	3756.00	3756.00	3756.00	3756.00	3756.00	3756.00	3756.00	3756.00	3756.00	3756.00	3756.00	3756.00	3756.00	3756.00	3757.00	3757.00	3757.00	3757.00	3757.00	3757.00	3757.00	3757.00	3757.00	3758.00	3758.00	3758.00	3758.00	3758.00	3758.00	3758.00	3758.00	3759.00	3759.00	3759.00	3759.00	3759.00	3760.00	3760.00	3760.00	3760.00	3760.00	3760.00	3761.00	3761.00	3761.00	3761.00	3761.00	3761.00	3761.00	3762.00	3762.00	3762.00	3762.00	3762.00	3762.00	3762.00	3762.00	3762.00	3762.00	3763.00	3763.00	3763.00	3763.00	3763.00	3763.00	3763.00	3763.00	3763.00	3763.00	3763.00	3763.00	3763.00	3763.00	3764.00	3764.00	3764.00	3764.00	3764.00	3764.00	3764.00	3764.00	3764.00	3764.00	3764.00	3764.00	3764.00	3764.00	3764.00	3764.00	3764.00	3764.00	3764.00	3764.00	3764.00	3764.00	3764.00	3764.00	3764.00	3764.00	3764.00	3764.00	3764.00	3764.00	3764.00	3764.00	3764.00	3764.00	3764.00	3765.00	3765.00	3765.00	3765.00	3765.00	3765.00	3765.00	3765.00	3765.00	3765.00	3765.00	3765.00	3765.00	3765.00	3765.00	3765.00	3765.00	3765.00	3765.00	3765.00	3765.00	3765.00	3765.00	3765.00	3765.00	3765.00
3740.00	3740.00	3740.00	3740.00	3740.00	3740.00	3741.00	3741.00	3741.00	3741.00	3741.00	3741.00	3741.00	3741.00	3741.00	3741.00	3741.00	3741.00	3741.00	3741.00	3741.00	3741.00	3741.00	3741.00	3742.00	3742.00	3742.00	3742.00	3742.00	3742.00	3742.00	3742.00	3742.00	3743.00	3743.00	3743.00	3743.00	3743.00	3743.00	3743.00	3743.00	3743.00	3743.00	3744.00	3744.00	3744.00	3744.00	3744.00	3744.00	3744.00	3744.00	3745.00	3745.00	3745.00	3745.00	3745.00	3745.00	3746.00	3746.00	3746.00	3746.00	3746.00	3746.00	3747.00	3747.00	3747.00	3747.00	3747.00	3747.00	3747.00	3748.00	3748.00	3748.00	3748.00	3748.00	3749.00	3749.00	3749.00	3749.00	3749.00	3750.00	3750.00	3750.00	3750.00	3751.00	3751.00	3751.00	3752.00	3752.00	3752.00	3752.00	3753.00	3753.00	3753.00	3753.00	3754.00	3754.00	3754.00	3754.00	3754.00	3754.00	3754.00	3754.00	3754.00	3754.00	3754.00	3754.00	3754.00	3754.00	3755.00	3755.00	3755.00	3755.00	3755.00	3755.00	3755.00	3755.00	3755.00	3755.00	3755.00	3755.00	3756.00	3756.00	3756.00	3756.00	3756.00	3756.00	3756.00	3756.00	3756.00	3756.00	3756.00	3756.00	3756.00	3756.00	3756.00	3757.00	3757.00	3757.00	3757.00	3757.00	3757.00	3757.00	3757.00	3757.00	3758.00	3758.00	3758.00	3758.00	3758.00	3758.00	3758.00	3758.00	3759.00	3759.00	3759.00	3759.00	3759.00	3760.00	3760.00	3760.00	3760.00	3760.00	3760.00	3761.00	3761.00	3761.00	3761.00	3761.00	3761.00	3761.00	3762.00	3762.00	3762.00	3762.00	3762.00	3762.00	3762.00	3762.00	3762.00	3762.00	3763.00	3763.00	3763.00	3763.00	3763.00	3763.00	3763.00	3763.00	3763.00	3763.00	3763.00	3763.00	3763.00	3763.00	3764.00	3764.00	3764.00	3764.00	3764.00	3764.00	3764.00	3764.00	3764.00	3764.00	3764.00	3764.00	3764.00	3764.00	3764.00	3764.00	3764.00	3764.00	3764.00	3764.00	3764.00	3764.00	3764.00	3764.00	3764.00	3764.00	3764.00	3764.00	3764.00	3764.00	3764.00	3764.00	3764.00	3764.00	3764.00	3765.00	3765.00	3765.00	3765.00	3765.00	3765.00	3765.00	3765.00	3765.00	3765.00	3765.00	3765.00	3765.00	3765.00	3765.00	3765.00	3765.00	3765.00	3765.00	3765.00	3765.00	3765.00	3765.00	3765.00	3765.00	3765.00
3740.00	3740.00	3740.00	3740.00	3740.00	3740.00	3741.00	3741.00	3741.00	3741.00	3741.00	3741.00	3741.00	3741.00	3741.00	3741.00	3741.00	3741.00	3741.00	3741.00	3741.00	3741.00	3741.00	3741.00	3742.00	3742.00	3742.00	3742.00	3742.00	3742.00	3742.00	3742.00	3742.00	3743.00	3743.00	3743.00	3743.00	3743.00	3743.00	3743.00	3743.00	3743.00	3743.00	3744.00	3744.00	3744.00	3744.00	3744.00	3744.00	3744.00	3744.00	3745.00	3745.00	3745.00	3745.00	3745.00	3745.00	3746.00	3746.00	3746.00	3746.00	3746.00	3746.00	3747.00	3747.00	3747.00	3747.00	3747.00	3747.00	3747.00	3748.00	3748.00	3748.00	3748.00	3748.00	3749.00	3749.00	3749.00	3749.00	3749.00	3750.00	3750.00	3750.00	3750.00	3751.00	3751.00	3751.00	3752.00	3752.00	3752.00	3752.00	3753.00	3753.00	3753.00	3753.00	3754.00	3754.00	3754.00	3754.00	3754.00	3754.00	3754.00	3754.00	3754.00	3754.00	3754.00	3754.00	3754.00	3754.00	3755.00	3755.00	3755.00	3755.00	3755.00	3755.00	3755.00	3755.00	3755.00	3755.00	3755.00	3755.00	3756.00	3756.00	3756.00	3756.00	3756.00	3756.00	3756.00	3756.00	3756.00	3756.00	3756.00	3756.00	3756.00	3756.00	3756.00	3757.00	3757.00	3757.00	3757.00	3757.00	3757.00	3757.00	3757.00	3757.00	3758.00	3758.00	3758.00	3758.00	3758.00	3758.00	3758.00	3758.00	3759.00	3759.00	3759.00	3759.00	3759.00	3760.00	3760.00	3760.00	3760.00	3760.00	3760.00	3761.00	3761.00	3761.00	3761.00	3761.00	3761.00	3761.00	3762.00	3762.00	3762.00	3762.00	3762.00	3762.00	3762.00	3762.00	3762.00	3762.00	3763.00	3763.00	3763.00	3763.00	3763.00	3763.00	3763.00	3763.00	3763.00	3763.00	3763.00	3763.00	3763.00	3763.00	3764.00	3764.00	3764.00	3764.00	3764.00	3764.00	3764.00	3764.00	3764.00	3764.00	3764.00	3764.00	3764.00	3764.00	3764.00	3764.00	3764.00	3764.00	3764.00	3764.00	3764.00	3764.00	3764.00	3764.00	3764.00	3764.00	3764.00	3764.00	3764.00	3764.00	3764.00	3764.00	3764.00	3764.00	3764.00	3765.00	3765.00	3765.00	3765.00	3765.00	3765.00	3765.00	3765.00	3765.00	3765.00	3765.00	3765.00	3765.00	3765.00	3765.00	3765.00	3765.00	3765.00	3765.00	3765.00	3765.00	3765.00	3765.00	3765.00	3765.00	3765.00
3740.00	3740.00	3740.00	3740.00	3740.00	3740.00	3741.00	3741.00	3741.00	3741.00	3741.00	3741.00	3741.00	3741.00	3741.00	3741.00	3741.00	3741.00	3741.00	3741.00	3741.00	3741.00	3741.00	3741.00	3742.00	3742.00	3742.00	3742.00	3742.00	3742.00	3742.00	3742.00	3742.00	3743.00	3743.00	3743.00	3743.00	3743.00	3743.00	3743.00	3743.00	3743.00	3743.00	3744.00	3744.00	3744.00	3744.00	3744.00	3744.00	3744.00	3744.00	3745.00	3745.00	3745.00	3745.00	3745.00	3745.00	3746.00	3746.00	3746.00	3746.00	3746.00	3746.00	3747.00	3747.00	3747.00	3747.00	3747.00	3747.00	3747.00	3748.00	3748.00	3748.00	3748.00	3748.00	3749.00	3749.00	3749.00	3749.00	3749.00	3750.00	3750.00	3750.00	3750.00	3751.00	3751.00	3751.00	3752.00	3752.00	3752.00	3752.00	3753.00	3753.00	3753.00	3753.00	3754.00	3754.00	3754.00	3754.00	3754.00	3754.00	3754.00	3754.00	3754.00	3754.00	3754.00	3754.00	3754.00	3754.00	3755.00	3755.00	3755.00	3755.00	3755.00	3755.00	3755.00	3755.00	3755.00	3755.00	3755.00	3755.00	3756.00	3756.00	3756.00	3756.00	3756.00	3756.00	3756.00	3756.00	3756.00	3756.00	3756.00	3756.00	3756.00	3756.00	3756.00	3757.00	3757.00	3757.00	3757.00	3757.00	3757.00	3757.00	3757.00	3757.00	3758.00	3758.00	3758.00	3758.00	3758.00	3758.00	3758.00	3758.00	3759.00	3759.00	3759.00	3759.00	3759.00	3760.00	3760.00	3760.00	3760.00	3760.00	3760.00	3761.00	3761.00	3761.00	3761.00	3761.00	3761.00	3761.00	3762.00	3762.00	3762.00	3762.00	3762.00	3762.00	3762.00	3762.00	3762.00	3762.00	3763.00	3763.00	3763.00	3763.00	3763.00	3763.00	3763.00	3763.00	3763.00	3763.00	3763.00	3763.00	3763.00	3763.00	3764.00	3764.00	3764.00	3764.00	3764.00	3764.00	3764.00	3764.00	3764.00	3764.00	3764.00	3764.00	3764.00	3764.00	3764.00	3764.00	3764.00	3764.00	3764.00	3764.00	3764.00	3764.00	3764.00	3764.00	3764.00	3764.00	3764.00	3764.00	3764.00	3764.00	3764.00	3764.00	3764.00	3764.00	3764.00	3765.00	3765.00	3765.00	3765.00	3765.00	3765.00	3765.00	3765.00	3765.00	3765.00	3765.00	3765.00	3765.00	3765.00	3765.00	3765.00	3765.00	3765.00	3765.00	3765.00	3765.00	3765.00	3765.00	3765.00	3765.00	3765.00
3740.00	3740.00	3740.00	3740.00	3740.00	3740.00	3741.00	3741.00	3741.00	3741.00	3741.00	3741.00	3741.00	3741.00	3741.00	3741.00	3741.00	3741.00	3741.00	3741.00	3741.00	3741.00	3741.00	3741.00	3742.00	3742.00	3742.00	3742.00	3742.00	3742.00	3742.00	3742.00	3742.00	3743.00	3743.00	3743.00	3743.00	3743.00	3743.00	3743.00	3743.00	3743.00	3743.00	3744.00	3744.00	3744.00	3744.00	3744.00	3744.00	3744.00	3744.00	3745.00	3745.00	3745.00	3745.00	3745.00	3745.00	3746.00	3746.00	3746.00	3746.00	3746.00	3746.00	3747.00	3747.00	3747.00	3747.00	3747.00	3747.00	3747.00	3748.00	3748.00	3748.00	3748.00	3748.00	3749.00	3749.00	3749.00	3749.00	3749.00	3750.00	3750.00	3750.00	3750.00	3751.00	3751.00	3751.00	3752.00	3752.00	3752.00	3752.00	3753.00	3753.00	3753.00	3753.00	3754.00	3754.00	3754.00	3754.00	3754.00	3754.00	3754.00	3754.00	3754.00	3754.00	3754.00	3754.00	3754.00	3754.00	3755.00	3755.00	3755.00	3755.00	3755.00	3755.00	3755.00	3755.00	3755.00	3755.00	3755.00	3755.00	3756.00	3756.00	3756.00	3756.00	3756.00	3756.00	3756.00	3756.00	3756.00	3756.00	3756.00	3756.00	3756.00	3756.00	3756.00	3757.00	3757.00	3757.00	3757.00	3757.00	3757.00	3757.00	3757.00	3757.00	3758.00	3758.00	3758.00	3758.00	3758.00	3758.00	3758.00	3758.00	3759.00	3759.00	3759.00	3759.00	3759.00	3760.00	3760.00	3760.00	3760.00	3760.00	3760.00	3761.00	3761.00	3761.00	3761.00	3761.00	3761.00	3761.00	3762.00	3762.00	3762.00	3762.00	3762.00	3762.00	3762.00	3762.00	3762.00	3762.00	3763.00	3763.00	3763.00	3763.00	3763.00	3763.00	3763.00	3763.00	3763.00	3763.00	3763.00	3763.00	3763.00	3763.00	3764.00	3764.00	3764.00	3764.00	3764.00	3764.00	3764.00	3764.00	3764.00	3764.00	3764.00	3764.00	3764.00	3764.00	3764.00	3764.00	3764.00	3764.00	3764.00	3764.00	3764.00	3764.00	3764.00	3764.00	3764.00	3764.00	3764.00	3764.00	3764.00	3764.00	3764.00	3764.00	3764.00	3764.00	3764.00	3765.00	3765.00	3765.00	3765.00	3765.00	3765.00	3765.00	3765.00	3765.00	3765.00	3765.00	3765.00	3765.00	3765.00	3765.00	3765.00	3765.00	3765.00	3765.00	3765.00	3765.00	3765.00	3765.00	3765.00	3765.00	3765.00
3740.00	3740.00	3740.00	3740.00	3740.00	3740.00	3741.00	3741.00	3741.00	3741.00	3741.00	3741.00	3741.00	3741.00	3741.00	3741.00	3741.00	3741.00	3741.00	3741.00	3741.00	3741.00	3741.00	3741.00	3742.00	3742.00	3742.00	3742.00	3742.00	3742.00	3742.00	3742.00	3742.00	3743.00	3743.00	3743.00	3743.00	3743.00	3743.00	3743.00	3743.00	3743.00	3743.00	3744.00	3744.00	3744.00	3744.00	3744.00	3744.00	3744.00	3744.00	3745.00	3745.00	3745.00	3745.00	3745.00	3745.00	3746.00	3746.00	3746.00	3746.00	3746.00	3746.00	3747.00	3747.00	3747.00	3747.00	3747.00	3747.00	3747.00	3748.00	3748.00	3748.00	3748.00	3748.00	3749.00	3749.00	3749.00	3749.00	3749.00	3750.00	3750.00	3750.00	3750.00	3751.00	3751.00	3751.00	3752.00	3752.00	3752.00	3752.00	3753.00	3753.00	3753.00	3753.00	3754.00	3754.00	3754.00	3754.00	3754.00	3754.00	3754.00	3754.00	3754.00	3754.00	3754.00	3754.00	3754.00	3754.00	3755.00	3755.00	3755.00	3755.00	3755.00	3755.00	3755.00	3755.00	3755.00	3755.00	3755.00	3755.00	3756.00	3756.00	3756.00	3756.00	3756.00	3756.00	3756.00	3756.00	3756.00	3756.00	3756.00	3756.00	3756.00	3756.00	3756.00	3757.00	3757.00	3757.00	3757.00	3757.00	3757.00	3757.00	3757.00	3757.00	3758.00	3758.00	3758.00	3758.00	3758.00	3758.00	3758.00	3758.00	3759.00	3759.00	3759.00	3759.00	3759.00	3760.00	3760.00	3760.00	3760.00	3760.00	3760.00	3761.00	3761.00	3761.00	3761.00	3761.00	3761.00	3761.00	3762.00	3762.00	3762.00	3762.00	3762.00	3762.00	3762.00	3762.00	3762.00	3762.00	3763.00	3763.00	3763.00	3763.00	3763.00	3763.00	3763.00	3763.00	3763.00	3763.00	3763.00	3763.00	3763.00	3763.00	3764.00	3764.00	3764.00	3764.00	3764.00	3764.00	3764.00	3764.00	3764.00	3764.00	3764.00	3764.00	3764.00	3764.00	3764.00	3764.00	3764.00	3764.00	3764.00	3764.00	3764.00	3764.00	3764.00	3764.00	3764.00	3764.00	3764.00	3764.00	3764.00	3764.00	3764.00	3764.00	3764.00	3764.00	3764.00	3765.00	3765.00	3765.00	3765.00	3765.00	3765.00	3765.00	3765.00	3765.00	3765.00	3765.00	3765.00	3765.00	3765.00	3765.00	3765.00	3765.00	3765.00	3765.00	3765.00	3765.00	3765.00	3765.00	3765.00	3765.00	3765.00
3740.00	3740.00	3740.00	3740.00	3740.00	3740.00	3741.00	3741.00	3741.00	3741.00	3741.00	3741.00	3741.00	3741.00	3741.00	3741.00	3741.00	3741.00	3741.00	3741.00	3741.00	3741.00	3741.00	3741.00	3742.00	3742.00	3742.00	3742.00	3742.00	3742.00	3742.00	3742.00	3742.00	3743.00	3743.00	3743.00	3743.00	3743.00	3743.00	3743.00	3743.00	3743.00	3743.00	3744.00	3744.00	3744.00	3744.00	3744.00	3744.00	3744.00	3744.00	3745.00	3745.00	3745.00	3745.00	3745.00	3745.00	3746.00	3746.00	3746.00	3746.00	3746.00	3746.00	3747.00	3747.00	3747.00	3747.00	3747.00	3747.00	3747.00	3748.00	3748.00	3748.00	3748.00	3748.00	3749.00	3749.00	3749.00	3749.00	3749.00	3750.00	3750.00	3750.00	3750.00	3751.00	3751.00	3751.00	3752.00	3752.00	3752.00	3752.00	3753.00	3753.00	3753.00	3753.00	3754.00	3754.00	3754.00	3754.00	3754.00	3754.00	3754.00	3754.00	3754.00	3754.00	3754.00	3754.00	3754.00	3754.00	3755.00	3755.00	3755.00	3755.00	3755.00	3755.00	3755.00	3755.00	3755.00	3755.00	3755.00	3755.00	3756.00	3756.00	3756.00	3756.00	3756.00	3756.00	3756.00	3756.00	3756.00	3756.00	3756.00	3756.00	3756.00	3756.00	3756.00	3757.00	3757.00	3757.00	3757.00	3757.00	3757.00	3757.00	3757.00	3757.00	3758.00	3758.00	3758.00	3758.00	3758.00	3758.00	3758.00	3758.00	3759.00	3759.00	3759.00	3759.00	3759.00	3760.00	3760.00	3760.00	3760.00	3760.00	3760.00	3761.00	3761.00	3761.00	3761.00	3761.00	3761.00	3761.00	3762.00	3762.00	3762.00	3762.00	3762.00	3762.00	3762.00	3762.00	3762.00	3762.00	3763.00	3763.00	3763.00	3763.00	3763.00	3763.00	3763.00	3763.00	3763.00	3763.00	3763.00	3763.00	3763.00	3763.00	3764.00	3764.00	3764.00	3764.00	3764.00	3764.00	3764.00	3764.00	3764.00	3764.00	3764.00	3764.00	3764.00	3764.00	3764.00	3764.00	3764.00	3764.00	3764.00	3764.00	3764.00	3764.00	3764.00	3764.00	3764.00	3764.00	3764.00	3764.00	3764.00	3764.00	3764.00	3764.00	3764.00	3764.00	3764.00	3765.00	3765.00	3765.00	3765.00	3765.00	3765.00	3765.00	3765.00	3765.00	3765.00	3765.00	3765.00	3765.00	3765.00	3765.00	3765.00	3765.00	3765.00	3765.00	3765.00	3765.00	3765.00	3765.00	3765.00	3765.00	3765.00
3740.00	3740.00	3740.00	3740.00	3740.00	3740.00	3740.00	3740.00	3741.00	3741.00	3741.00	3741.00	3741.00	3741.00	3741.00	3741.00	3741.00	3741.00	3741.00	3741.00	3741.00	3741.00	3741.00	3741.00	3741.00	3741.00	3741.00	3742.00	3742.00	3742.00	3742.00	3742.00	3742.00	3742.00	3743.00	3743.00	3743.00	3743.00	3743.00	3743.00	3744.00	3744.00	3744.00	3744.00	3744.00	3744.00	3744.00	3744.00	3745.00	3745.00	3745.00	3745.00	3745.00	3745.00	3745.00	3746.00	3746.00	3746.00	3746.00	3746.00	3746.00	3746.00	3746.00	3747.00	3747.00	3747.00	3747.00	3747.00	3747.00	3748.00	3748.00	3748.00	3748.00	3748.00	3748.00	3749.00	3749.00	3749.00	3750.00	3750.00	3750.00	3751.00	3751.00	3751.00	3752.00	3752.00	3752.00	3752.00	3752.00	3753.00	3753.00	3753.00	3753.00	3753.00	3753.00	3753.00	3754.00	3754.00	3754.00	3754.00	3754.00	3754.00	3754.00	3754.00	3754.00	3754.00	3754.00	3754.00	3754.00	3754.00	3754.00	3754.00	3754.00	3754.00	3754.00	3754.00	3754.00	3754.00	3754.00	3754.00	3754.00	3754.00	3754.00	3754.00	3754.00	3754.00	3754.00	3754.00	3754.00	3754.00	3755.00	3755.00	3755.00	3755.00	3755.00	3755.00	3755.00	3755.00	3755.00	3756.00	3756.00	3756.00	3756.00	3756.00	3756.00	3756.00	3757.00	3757.00	3757.00	3757.00	3757.00	3757.00	3757.00	3758.00	3758.00	3758.00	3758.00	3759.00	3759.00	3759.00	3759.00	3759.00	3759.00	3760.00	3760.00	3760.00	3760.00	3761.00	3761.00	3761.00	3761.00	3761.00	3761.00	3761.00	3761.00	3762.00	3762.00	3762.00	3762.00	3762.00	3762.00	3762.00	3762.00	3762.00	3762.00	3763.00	3763.00	3763.00	3763.00	3763.00	3763.00	3763.00	3763.00	3763.00	3763.00	3764.00	3764.00	3764.00	3764.00	3764.00	3764.00	3764.00	3764.00	3764.00	3764.00	3764.00	3764.00	3764.00	3764.00	3764.00	3764.00	3764.00	3764.00	3764.00	3764.00	3764.00	3764.00	3764.00	3764.00	3764.00	3764.00	3764.00	3764.00	3764.00	3764.00	3764.00	3764.00	3764.00	3764.00	3764.00	3764.00	3764.00	3764.00	3764.00	3764.00	3764.00	3764.00	3764.00	3764.00	3764.00	3764.00	3764.00	3764.00	3764.00	3764.00	3764.00	3764.00	3764.00	3765.00	3765.00	3765.00	3765.00	3765.00	3765.00	3765.00	3765.00
3740.00	3740.00	3740.00	3740.00	3740.00	3740.00	3740.00	3740.00	3741.00	3741.00	3741.00	3741.00	3741.00	3741.00	3741.00	3741.00	3741.00	3741.00	3741.00	3741.00	3741.00	3741.00	3741.00	3741.00	3741.00	3741.00	3741.00	3742.00	3742.00	3742.00	3742.00	3742.00	3742.00	3742.00	3743.00	3743.00	3743.00	3743.00	3743.00	3743.00	3744.00	3744.00	3744.00	3744.00	3744.00	3744.00	3744.00	3744.00	3745.00	3745.00	3745.00	3745.00	3745.00	3745.00	3745.00	3746.00	3746.00	3746.00	3746.00	3746.00	3746.00	3746.00	3746.00	3747.00	3747.00	3747.00	3747.00	3747.00	3747.00	3748.00	3748.00	3748.00	3748.00	3748.00	3748.00	3749.00	3749.00	3749.00	3750.00	3750.00	3750.00	3751.00	3751.00	3751.00	3752.00	3752.00	3752.00	3752.00	3752.00	3753.00	3753.00	3753.00	3753.00	3753.00	3753.00	3753.00	3754.00	3754.00	3754.00	3754.00	3754.00	3754.00	3754.00	3754.00	3754.00	3754.00	3754.00	3754.00	3754.00	3754.00	3754.00	3754.00	3754.00	3754.00	3754.00	3754.00	3754.00	3754.00	3754.00	3754.00	3754.00	3754.00	3754.00	3754.00	3754.00	3754.00	3754.00	3754.00	3754.00	3754.00	3755.00	3755.00	3755.00	3755.00	3755.00	3755.00	3755.00	3755.00	3755.00	3756.00	3756.00	3756.00	3756.00	3756.00	3756.00	3756.00	3757.00	3757.00	3757.00	3757.00	3757.00	3757.00	3757.00	3758.00	3758.00	3758.00	3758.00	3759.00	3759.00	3759.00	3759.00	3759.00	3759.00	3760.00	3760.00	3760.00	3760.00	3761.00	3761.00	3761.00	3761.00	3761.00	3761.00	3761.00	3761.00	3762.00	3762.00	3762.00	3762.00	3762.00	3762.00	3762.00	3762.00	3762.00	3762.00	3763.00	3763.00	3763.00	3763.00	3763.00	3763.00	3763.00	3763.00	3763.00	3763.00	3764.00	3764.00	3764.00	3764.00	3764.00	3764.00	3764.00	3764.00	3764.00	3764.00	3764.00	3764.00	3764.00	3764.00	3764.00	3764.00	3764.00	3764.00	3764.00	3764.00	3764.00	3764.00	3764.00	3764.00	3764.00	3764.00	3764.00	3764.00	3764.00	3764.00	3764.00	3764.00	3764.00	3764.00	3764.00	3764.00	3764.00	3764.00	3764.00	3764.00	3764.00	3764.00	3764.00	3764.00	3764.00	3764.00	3764.00	3764.00	3764.00	3764.00	3764.00	3764.00	3764.00	3765.00	3765.00	3765.00	3765.00	3765.00	3765.00	3765.00	3765.00
3740.00	3740.00	3740.00	3740.00	3740.00	3740.00	3740.00	3740.00	3741.00	3741.00	3741.00	3741.00	3741.00	3741.00	3741.00	3741.00	3741.00	3741.00	3741.00	3741.00	3741.00	3741.00	3741.00	3741.00	3741.00	3741.00	3741.00	3742.00	3742.00	3742.00	3742.00	3742.00	3742.00	3742.00	3743.00	3743.00	3743.00	3743.00	3743.00	3743.00	3744.00	3744.00	3744.00	3744.00	3744.00	3744.00	3744.00	3744.00	3745.00	3745.00	3745.00	3745.00	3745.00	3745.00	3745.00	3746.00	3746.00	3746.00	3746.00	3746.00	3746.00	3746.00	3746.00	3747.00	3747.00	3747.00	3747.00	3747.00	3747.00	3748.00	3748.00	3748.00	3748.00	3748.00	3748.00	3749.00	3749.00	3749.00	3750.00	3750.00	3750.00	3751.00	3751.00	3751.00	3752.00	3752.00	3752.00	3752.00	3752.00	3753.00	3753.00	3753.00	3753.00	3753.00	3753.00	3753.00	3754.00	3754.00	3754.00	3754.00	3754.00	3754.00	3754.00	3754.00	3754.00	3754.00	3754.00	3754.00	3754.00	3754.00	3754.00	3754.00	3754.00	3754.00	3754.00	3754.00	3754.00	3754.00	3754.00	3754.00	3754.00	3754.00	3754.00	3754.00	3754.00	3754.00	3754.00	3754.00	3754.00	3754.00	3755.00	3755.00	3755.00	3755.00	3755.00	3755.00	3755.00	3755.00	3755.00	3756.00	3756.00	3756.00	3756.00	3756.00	3756.00	3756.00	3757.00	3757.00	3757.00	3757.00	3757.00	3757.00	3757.00	3758.00	3758.00	3758.00	3758.00	3759.00	3759.00	3759.00	3759.00	3759.00	3759.00	3760.00	3760.00	3760.00	3760.00	3761.00	3761.00	3761.00	3761.00	3761.00	3761.00	3761.00	3761.00	3762.00	3762.00	3762.00	3762.00	3762.00	3762.00	3762.00	3762.00	3762.00	3762.00	3763.00	3763.00	3763.00	3763.00	3763.00	3763.00	3763.00	3763.00	3763.00	3763.00	3764.00	3764.00	3764.00	3764.00	3764.00	3764.00	3764.00	3764.00	3764.00	3764.00	3764.00	3764.00	3764.00	3764.00	3764.00	3764.00	3764.00	3764.00	3764.00	3764.00	3764.00	3764.00	3764.00	3764.00	3764.00	3764.00	3764.00	3764.00	3764.00	3764.00	3764.00	3764.00	3764.00	3764.00	3764.00	3764.00	3764.00	3764.00	3764.00	3764.00	3764.00	3764.00	3764.00	3764.00	3764.00	3764.00	3764.00	3764.00	3764.00	3764.00	3764.00	3764.00	3764.00	3765.00	3765.00	3765.00	3765.00	3765.00	3765.00	3765.00	3765.00
3740.00	3740.00	3740.00	3740.00	3740.00	3740.00	3740.00	3740.00	3741.00	3741.00	3741.00	3741.00	3741.00	3741.00	3741.00	3741.00	3741.00	3741.00	3741.00	3741.00	3741.00	3741.00	3741.00	3741.00	3741.00	3741.00	3741.00	3742.00	3742.00	3742.00	3742.00	3742.00	3742.00	3742.00	3743.00	3743.00	3743.00	3743.00	3743.00	3743.00	3744.00	3744.00	3744.00	3744.00	3744.00	3744.00	3744.00	3744.00	3745.00	3745.00	3745.00	3745.00	3745.00	3745.00	3745.00	3746.00	3746.00	3746.00	3746.00	3746.00	3746.00	3746.00	3746.00	3747.00	3747.00	3747.00	3747.00	3747.00	3747.00	3748.00	3748.00	3748.00	3748.00	3748.00	3748.00	3749.00	3749.00	3749.00	3750.00	3750.00	3750.00	3751.00	3751.00	3751.00	3752.00	3752.00	3752.00	3752.00	3752.00	3753.00	3753.00	3753.00	3753.00	3753.00	3753.00	3753.00	3754.00	3754.00	3754.00	3754.00	3754.00	3754.00	3754.00	3754.00	3754.00	3754.00	3754.00	3754.00	3754.00	3754.00	3754.00	3754.00	3754.00	3754.00	3754.00	3754.00	3754.00	3754.00	3754.00	3754.00	3754.00	3754.00	3754.00	3754.00	3754.00	3754.00	3754.00	3754.00	3754.00	3754.00	3755.00	3755.00	3755.00	3755.00	3755.00	3755.00	3755.00	3755.00	3755.00	3756.00	3756.00	3756.00	3756.00	3756.00	3756.00	3756.00	3757.00	3757.00	3757.00	3757.00	3757.00	3757.00	3757.00	3758.00	3758.00	3758.00	3758.00	3759.00	3759.00	3759.00	3759.00	3759.00	3759.00	3760.00	3760.00	3760.00	3760.00	3761.00	3761.00	3761.00	3761.00	3761.00	3761.00	3761.00	3761.00	3762.00	3762.00	3762.00	3762.00	3762.00	3762.00	3762.00	3762.00	3762.00	3762.00	3763.00	3763.00	3763.00	3763.00	3763.00	3763.00	3763.00	3763.00	3763.00	3763.00	3764.00	3764.00	3764.00	3764.00	3764.00	3764.00	3764.00	3764.00	3764.00	3764.00	3764.00	3764.00	3764.00	3764.00	3764.00	3764.00	3764.00	3764.00	3764.00	3764.00	3764.00	3764.00	3764.00	3764.00	3764.00	3764.00	3764.00	3764.00	3764.00	3764.00	3764.00	3764.00	3764.00	3764.00	3764.00	3764.00	3764.00	3764.00	3764.00	3764.00	3764.00	3764.00	3764.00	3764.00	3764.00	3764.00	3764.00	3764.00	3764.00	3764.00	3764.00	3764.00	3764.00	3765.00	3765.00	3765.00	3765.00	3765.00	3765.00	3765.00	3765.00
3740.00	3740.00	3740.00	3740.00	3740.00	3740.00	3740.00	3740.00	3741.00	3741.00	3741.00	3741.00	3741.00	3741.00	3741.00	3741.00	3741.00	3741.00	3741.00	3741.00	3741.00	3741.00	3741.00	3741.00	3741.00	3741.00	3741.00	3742.00	3742.00	3742.00	3742.00	3742.00	3742.00	3742.00	3743.00	3743.00	3743.00	3743.00	3743.00	3743.00	3744.00	3744.00	3744.00	3744.00	3744.00	3744.00	3744.00	3744.00	3745.00	3745.00	3745.00	3745.00	3745.00	3745.00	3745.00	3746.00	3746.00	3746.00	3746.00	3746.00	3746.00	3746.00	3746.00	3747.00	3747.00	3747.00	3747.00	3747.00	3747.00	3748.00	3748.00	3748.00	3748.00	3748.00	3748.00	3749.00	3749.00	3749.00	3750.00	3750.00	3750.00	3751.00	3751.00	3751.00	3752.00	3752.00	3752.00	3752.00	3752.00	3753.00	3753.00	3753.00	3753.00	3753.00	3753.00	3753.00	3754.00	3754.00	3754.00	3754.00	3754.00	3754.00	3754.00	3754.00	3754.00	3754.00	3754.00	3754.00	3754.00	3754.00	3754.00	3754.00	3754.00	3754.00	3754.00	3754.00	3754.00	3754.00	3754.00	3754.00	3754.00	3754.00	3754.00	3754.00	3754.00	3754.00	3754.00	3754.00	3754.00	3754.00	3755.00	3755.00	3755.00	3755.00	3755.00	3755.00	3755.00	3755.00	3755.00	3756.00	3756.00	3756.00	3756.00	3756.00	3756.00	3756.00	3757.00	3757.00	3757.00	3757.00	3757.00	3757.00	3757.00	3758.00	3758.00	3758.00	3758.00	3759.00	3759.00	3759.00	3759.00	3759.00	3759.00	3760.00	3760.00	3760.00	3760.00	3761.00	3761.00	3761.00	3761.00	3761.00	3761.00	3761.00	3761.00	3762.00	3762.00	3762.00	3762.00	3762.00	3762.00	3762.00	3762.00	3762.00	3762.00	3763.00	3763.00	3763.00	3763.00	3763.00	3763.00	3763.00	3763.00	3763.00	3763.00	3764.00	3764.00	3764.00	3764.00	3764.00	3764.00	3764.00	3764.00	3764.00	3764.00	3764.00	3764.00	3764.00	3764.00	3764.00	3764.00	3764.00	3764.00	3764.00	3764.00	3764.00	3764.00	3764.00	3764.00	3764.00	3764.00	3764.00	3764.00	3764.00	3764.00	3764.00	3764.00	3764.00	3764.00	3764.00	3764.00	3764.00	3764.00	3764.00	3764.00	3764.00	3764.00	3764.00	3764.00	3764.00	3764.00	3764.00	3764.00	3764.00	3764.00	3764.00	3764.00	3764.00	3765.00	3765.00	3765.00	3765.00	3765.00	3765.00	3765.00	3765.00
3740.00	3740.00	3740.00	3740.00	3740.00	3740.00	3740.00	3740.00	3741.00	3741.00	3741.00	3741.00	3741.00	3741.00	3741.00	3741.00	3741.00	3741.00	3741.00	3741.00	3741.00	3741.00	3741.00	3741.00	3741.00	3741.00	3741.00	3742.00	3742.00	3742.00	3742.00	3742.00	3742.00	3742.00	3743.00	3743.00	3743.00	3743.00	3743.00	3743.00	3744.00	3744.00	3744.00	3744.00	3744.00	3744.00	3744.00	3744.00	3745.00	3745.00	3745.00	3745.00	3745.00	3745.00	3745.00	3746.00	3746.00	3746.00	3746.00	3746.00	3746.00	3746.00	3746.00	3747.00	3747.00	3747.00	3747.00	3747.00	3747.00	3748.00	3748.00	3748.00	3748.00	3748.00	3748.00	3749.00	3749.00	3749.00	3750.00	3750.00	3750.00	3751.00	3751.00	3751.00	3752.00	3752.00	3752.00	3752.00	3752.00	3753.00	3753.00	3753.00	3753.00	3753.00	3753.00	3753.00	3754.00	3754.00	3754.00	3754.00	3754.00	3754.00	3754.00	3754.00	3754.00	3754.00	3754.00	3754.00	3754.00	3754.00	3754.00	3754.00	3754.00	3754.00	3754.00	3754.00	3754.00	3754.00	3754.00	3754.00	3754.00	3754.00	3754.00	3754.00	3754.00	3754.00	3754.00	3754.00	3754.00	3754.00	3755.00	3755.00	3755.00	3755.00	3755.00	3755.00	3755.00	3755.00	3755.00	3756.00	3756.00	3756.00	3756.00	3756.00	3756.00	3756.00	3757.00	3757.00	3757.00	3757.00	3757.00	3757.00	3757.00	3758.00	3758.00	3758.00	3758.00	3759.00	3759.00	3759.00	3759.00	3759.00	3759.00	3760.00	3760.00	3760.00	3760.00	3761.00	3761.00	3761.00	3761.00	3761.00	3761.00	3761.00	3761.00	3762.00	3762.00	3762.00	3762.00	3762.00	3762.00	3762.00	3762.00	3762.00	3762.00	3763.00	3763.00	3763.00	3763.00	3763.00	3763.00	3763.00	3763.00	3763.00	3763.00	3764.00	3764.00	3764.00	3764.00	3764.00	3764.00	3764.00	3764.00	3764.00	3764.00	3764.00	3764.00	3764.00	3764.00	3764.00	3764.00	3764.00	3764.00	3764.00	3764.00	3764.00	3764.00	3764.00	3764.00	3764.00	3764.00	3764.00	3764.00	3764.00	3764.00	3764.00	3764.00	3764.00	3764.00	3764.00	3764.00	3764.00	3764.00	3764.00	3764.00	3764.00	3764.00	3764.00	3764.00	3764.00	3764.00	3764.00	3764.00	3764.00	3764.00	3764.00	3764.00	3764.00	3765.00	3765.00	3765.00	3765.00	3765.00	3765.00	3765.00	3765.00
3740.00	3740.00	3740.00	3740.00	3740.00	3740.00	3740.00	3740.00	3741.00	3741.00	3741.00	3741.00	3741.00	3741.00	3741.00	3741.00	3741.00	3741.00	3741.00	3741.00	3741.00	3741.00	3741.00	3741.00	3741.00	3741.00	3741.00	3742.00	3742.00	3742.00	3742.00	3742.00	3742.00	3742.00	3743.00	3743.00	3743.00	3743.00	3743.00	3743.00	3744.00	3744.00	3744.00	3744.00	3744.00	3744.00	3744.00	3744.00	3745.00	3745.00	3745.00	3745.00	3745.00	3745.00	3745.00	3746.00	3746.00	3746.00	3746.00	3746.00	3746.00	3746.00	3746.00	3747.00	3747.00	3747.00	3747.00	3747.00	3747.00	3748.00	3748.00	3748.00	3748.00	3748.00	3748.00	3749.00	3749.00	3749.00	3750.00	3750.00	3750.00	3751.00	3751.00	3751.00	3752.00	3752.00	3752.00	3752.00	3752.00	3753.00	3753.00	3753.00	3753.00	3753.00	3753.00	3753.00	3754.00	3754.00	3754.00	3754.00	3754.00	3754.00	3754.00	3754.00	3754.00	3754.00	3754.00	3754.00	3754.00	3754.00	3754.00	3754.00	3754.00	3754.00	3754.00	3754.00	3754.00	3754.00	3754.00	3754.00	3754.00	3754.00	3754.00	3754.00	3754.00	3754.00	3754.00	3754.00	3754.00	3754.00	3755.00	3755.00	3755.00	3755.00	3755.00	3755.00	3755.00	3755.00	3755.00	3756.00	3756.00	3756.00	3756.00	3756.00	3756.00	3756.00	3757.00	3757.00	3757.00	3757.00	3757.00	3757.00	3757.00	3758.00	3758.00	3758.00	3758.00	3759.00	3759.00	3759.00	3759.00	3759.00	3759.00	3760.00	3760.00	3760.00	3760.00	3761.00	3761.00	3761.00	3761.00	3761.00	3761.00	3761.00	3761.00	3762.00	3762.00	3762.00	3762.00	3762.00	3762.00	3762.00	3762.00	3762.00	3762.00	3763.00	3763.00	3763.00	3763.00	3763.00	3763.00	3763.00	3763.00	3763.00	3763.00	3764.00	3764.00	3764.00	3764.00	3764.00	3764.00	3764.00	3764.00	3764.00	3764.00	3764.00	3764.00	3764.00	3764.00	3764.00	3764.00	3764.00	3764.00	3764.00	3764.00	3764.00	3764.00	3764.00	3764.00	3764.00	3764.00	3764.00	3764.00	3764.00	3764.00	3764.00	3764.00	3764.00	3764.00	3764.00	3764.00	3764.00	3764.00	3764.00	3764.00	3764.00	3764.00	3764.00	3764.00	3764.00	3764.00	3764.00	3764.00	3764.00	3764.00	3764.00	3764.00	3764.00	3765.00	3765.00	3765.00	3765.00	3765.00	3765.00	3765.00	3765.00
3740.00	3740.00	3740.00	3740.00	3740.00	3740.00	3740.00	3740.00	3741.00	3741.00	3741.00	3741.00	3741.00	3741.00	3741.00	3741.00	3741.00	3741.00	3741.00	3741.00	3741.00	3741.00	3741.00	3741.00	3741.00	3741.00	3741.00	3742.00	3742.00	3742.00	3742.00	3742.00	3742.00	3742.00	3743.00	3743.00	3743.00	3743.00	3743.00	3743.00	3744.00	3744.00	3744.00	3744.00	3744.00	3744.00	3744.00	3744.00	3745.00	3745.00	3745.00	3745.00	3745.00	3745.00	3745.00	3746.00	3746.00	3746.00	3746.00	3746.00	3746.00	3746.00	3746.00	3747.00	3747.00	3747.00	3747.00	3747.00	3747.00	3748.00	3748.00	3748.00	3748.00	3748.00	3748.00	3749.00	3749.00	3749.00	3750.00	3750.00	3750.00	3751.00	3751.00	3751.00	3752.00	3752.00	3752.00	3752.00	3752.00	3753.00	3753.00	3753.00	3753.00	3753.00	3753.00	3753.00	3754.00	3754.00	3754.00	3754.00	3754.00	3754.00	3754.00	3754.00	3754.00	3754.00	3754.00	3754.00	3754.00	3754.00	3754.00	3754.00	3754.00	3754.00	3754.00	3754.00	3754.00	3754.00	3754.00	3754.00	3754.00	3754.00	3754.00	3754.00	3754.00	3754.00	3754.00	3754.00	3754.00	3754.00	3755.00	3755.00	3755.00	3755.00	3755.00	3755.00	3755.00	3755.00	3755.00	3756.00	3756.00	3756.00	3756.00	3756.00	3756.00	3756.00	3757.00	3757.00	3757.00	3757.00	3757.00	3757.00	3757.00	3758.00	3758.00	3758.00	3758.00	3759.00	3759.00	3759.00	3759.00	3759.00	3759.00	3760.00	3760.00	3760.00	3760.00	3761.00	3761.00	3761.00	3761.00	3761.00	3761.00	3761.00	3761.00	3762.00	3762.00	3762.00	3762.00	3762.00	3762.00	3762.00	3762.00	3762.00	3762.00	3763.00	3763.00	3763.00	3763.00	3763.00	3763.00	3763.00	3763.00	3763.00	3763.00	3764.00	3764.00	3764.00	3764.00	3764.00	3764.00	3764.00	3764.00	3764.00	3764.00	3764.00	3764.00	3764.00	3764.00	3764.00	3764.00	3764.00	3764.00	3764.00	3764.00	3764.00	3764.00	3764.00	3764.00	3764.00	3764.00	3764.00	3764.00	3764.00	3764.00	3764.00	3764.00	3764.00	3764.00	3764.00	3764.00	3764.00	3764.00	3764.00	3764.00	3764.00	3764.00	3764.00	3764.00	3764.00	3764.00	3764.00	3764.00	3764.00	3764.00	3764.00	3764.00	3764.00	3765.00	3765.00	3765.00	3765.00	3765.00	3765.00	3765.00	3765.00
3740.00	3740.00	3740.00	3740.00	3740.00	3740.00	3740.00	3740.00	3741.00	3741.00	3741.00	3741.00	3741.00	3741.00	3741.00	3741.00	3741.00	3741.00	3741.00	3741.00	3741.00	3741.00	3741.00	3741.00	3741.00	3741.00	3741.00	3742.00	3742.00	3742.00	3742.00	3742.00	3742.00	3742.00	3743.00	3743.00	3743.00	3743.00	3743.00	3743.00	3744.00	3744.00	3744.00	3744.00	3744.00	3744.00	3744.00	3744.00	3745.00	3745.00	3745.00	3745.00	3745.00	3745.00	3745.00	3746.00	3746.00	3746.00	3746.00	3746.00	3746.00	3746.00	3746.00	3747.00	3747.00	3747.00	3747.00	3747.00	3747.00	3748.00	3748.00	3748.00	3748.00	3748.00	3748.00	3749.00	3749.00	3749.00	3750.00	3750.00	3750.00	3751.00	3751.00	3751.00	3752.00	3752.00	3752.00	3752.00	3752.00	3753.00	3753.00	3753.00	3753.00	3753.00	3753.00	3753.00	3754.00	3754.00	3754.00	3754.00	3754.00	3754.00	3754.00	3754.00	3754.00	3754.00	3754.00	3754.00	3754.00	3754.00	3754.00	3754.00	3754.00	3754.00	3754.00	3754.00	3754.00	3754.00	3754.00	3754.00	3754.00	3754.00	3754.00	3754.00	3754.00	3754.00	3754.00	3754.00	3754.00	3754.00	3755.00	3755.00	3755.00	3755.00	3755.00	3755.00	3755.00	3755.00	3755.00	3756.00	3756.00	3756.00	3756.00	3756.00	3756.00	3756.00	3757.00	3757.00	3757.00	3757.00	3757.00	3757.00	3757.00	3758.00	3758.00	3758.00	3758.00	3759.00	3759.00	3759.00	3759.00	3759.00	3759.00	3760.00	3760.00	3760.00	3760.00	3761.00	3761.00	3761.00	3761.00	3761.00	3761.00	3761.00	3761.00	3762.00	3762.00	3762.00	3762.00	3762.00	3762.00	3762.00	3762.00	3762.00	3762.00	3763.00	3763.00	3763.00	3763.00	3763.00	3763.00	3763.00	3763.00	3763.00	3763.00	3764.00	3764.00	3764.00	3764.00	3764.00	3764.00	3764.00	3764.00	3764.00	3764.00	3764.00	3764.00	3764.00	3764.00	3764.00	3764.00	3764.00	3764.00	3764.00	3764.00	3764.00	3764.00	3764.00	3764.00	3764.00	3764.00	3764.00	3764.00	3764.00	3764.00	3764.00	3764.00	3764.00	3764.00	3764.00	3764.00	3764.00	3764.00	3764.00	3764.00	3764.00	3764.00	3764.00	3764.00	3764.00	3764.00	3764.00	3764.00	3764.00	3764.00	3764.00	3764.00	3764.00	3765.00	3765.00	3765.00	3765.00	3765.00	3765.00	3765.00	3765.00
3740.00	3740.00	3740.00	3740.00	3740.00	3740.00	3740.00	3740.00	3741.00	3741.00	3741.00	3741.00	3741.00	3741.00	3741.00	3741.00	3741.00	3741.00	3741.00	3741.00	3741.00	3741.00	3741.00	3741.00	3741.00	3741.00	3741.00	3742.00	3742.00	3742.00	3742.00	3742.00	3742.00	3742.00	3743.00	3743.00	3743.00	3743.00	3743.00	3743.00	3744.00	3744.00	3744.00	3744.00	3744.00	3744.00	3744.00	3744.00	3745.00	3745.00	3745.00	3745.00	3745.00	3745.00	3745.00	3746.00	3746.00	3746.00	3746.00	3746.00	3746.00	3746.00	3746.00	3747.00	3747.00	3747.00	3747.00	3747.00	3747.00	3748.00	3748.00	3748.00	3748.00	3748.00	3748.00	3749.00	3749.00	3749.00	3750.00	3750.00	3750.00	3751.00	3751.00	3751.00	3752.00	3752.00	3752.00	3752.00	3752.00	3753.00	3753.00	3753.00	3753.00	3753.00	3753.00	3753.00	3754.00	3754.00	3754.00	3754.00	3754.00	3754.00	3754.00	3754.00	3754.00	3754.00	3754.00	3754.00	3754.00	3754.00	3754.00	3754.00	3754.00	3754.00	3754.00	3754.00	3754.00	3754.00	3754.00	3754.00	3754.00	3754.00	3754.00	3754.00	3754.00	3754.00	3754.00	3754.00	3754.00	3754.00	3755.00	3755.00	3755.00	3755.00	3755.00	3755.00	3755.00	3755.00	3755.00	3756.00	3756.00	3756.00	3756.00	3756.00	3756.00	3756.00	3757.00	3757.00	3757.00	3757.00	3757.00	3757.00	3757.00	3758.00	3758.00	3758.00	3758.00	3759.00	3759.00	3759.00	3759.00	3759.00	3759.00	3760.00	3760.00	3760.00	3760.00	3761.00	3761.00	3761.00	3761.00	3761.00	3761.00	3761.00	3761.00	3762.00	3762.00	3762.00	3762.00	3762.00	3762.00	3762.00	3762.00	3762.00	3762.00	3763.00	3763.00	3763.00	3763.00	3763.00	3763.00	3763.00	3763.00	3763.00	3763.00	3764.00	3764.00	3764.00	3764.00	3764.00	3764.00	3764.00	3764.00	3764.00	3764.00	3764.00	3764.00	3764.00	3764.00	3764.00	3764.00	3764.00	3764.00	3764.00	3764.00	3764.00	3764.00	3764.00	3764.00	3764.00	3764.00	3764.00	3764.00	3764.00	3764.00	3764.00	3764.00	3764.00	3764.00	3764.00	3764.00	3764.00	3764.00	3764.00	3764.00	3764.00	3764.00	3764.00	3764.00	3764.00	3764.00	3764.00	3764.00	3764.00	3764.00	3764.00	3764.00	3764.00	3765.00	3765.00	3765.00	3765.00	3765.00	3765.00	3765.00	3765.00
3740.00	3740.00	3740.00	3740.00	3740.00	3740.00	3740.00	3740.00	3741.00	3741.00	3741.00	3741.00	3741.00	3741.00	3741.00	3741.00	3741.00	3741.00	3741.00	3741.00	3741.00	3741.00	3741.00	3741.00	3741.00	3741.00	3741.00	3742.00	3742.00	3742.00	3742.00	3742.00	3742.00	3742.00	3743.00	3743.00	3743.00	3743.00	3743.00	3743.00	3744.00	3744.00	3744.00	3744.00	3744.00	3744.00	3744.00	3744.00	3745.00	3745.00	3745.00	3745.00	3745.00	3745.00	3745.00	3746.00	3746.00	3746.00	3746.00	3746.00	3746.00	3746.00	3746.00	3747.00	3747.00	3747.00	3747.00	3747.00	3747.00	3748.00	3748.00	3748.00	3748.00	3748.00	3748.00	3749.00	3749.00	3749.00	3750.00	3750.00	3750.00	3751.00	3751.00	3751.00	3752.00	3752.00	3752.00	3752.00	3752.00	3753.00	3753.00	3753.00	3753.00	3753.00	3753.00	3753.00	3754.00	3754.00	3754.00	3754.00	3754.00	3754.00	3754.00	3754.00	3754.00	3754.00	3754.00	3754.00	3754.00	3754.00	3754.00	3754.00	3754.00	3754.00	3754.00	3754.00	3754.00	3754.00	3754.00	3754.00	3754.00	3754.00	3754.00	3754.00	3754.00	3754.00	3754.00	3754.00	3754.00	3754.00	3755.00	3755.00	3755.00	3755.00	3755.00	3755.00	3755.00	3755.00	3755.00	3756.00	3756.00	3756.00	3756.00	3756.00	3756.00	3756.00	3757.00	3757.00	3757.00	3757.00	3757.00	3757.00	3757.00	3758.00	3758.00	3758.00	3758.00	3759.00	3759.00	3759.00	3759.00	3759.00	3759.00	3760.00	3760.00	3760.00	3760.00	3761.00	3761.00	3761.00	3761.00	3761.00	3761.00	3761.00	3761.00	3762.00	3762.00	3762.00	3762.00	3762.00	3762.00	3762.00	3762.00	3762.00	3762.00	3763.00	3763.00	3763.00	3763.00	3763.00	3763.00	3763.00	3763.00	3763.00	3763.00	3764.00	3764.00	3764.00	3764.00	3764.00	3764.00	3764.00	3764.00	3764.00	3764.00	3764.00	3764.00	3764.00	3764.00	3764.00	3764.00	3764.00	3764.00	3764.00	3764.00	3764.00	3764.00	3764.00	3764.00	3764.00	3764.00	3764.00	3764.00	3764.00	3764.00	3764.00	3764.00	3764.00	3764.00	3764.00	3764.00	3764.00	3764.00	3764.00	3764.00	3764.00	3764.00	3764.00	3764.00	3764.00	3764.00	3764.00	3764.00	3764.00	3764.00	3764.00	3764.00	3764.00	3765.00	3765.00	3765.00	3765.00	3765.00	3765.00	3765.00	3765.00
3740.00	3740.00	3740.00	3740.00	3740.00	3740.00	3740.00	3740.00	3741.00	3741.00	3741.00	3741.00	3741.00	3741.00	3741.00	3741.00	3741.00	3741.00	3741.00	3741.00	3741.00	3741.00	3741.00	3741.00	3741.00	3741.00	3741.00	3742.00	3742.00	3742.00	3742.00	3742.00	3742.00	3742.00	3743.00	3743.00	3743.00	3743.00	3743.00	3743.00	3744.00	3744.00	3744.00	3744.00	3744.00	3744.00	3744.00	3744.00	3745.00	3745.00	3745.00	3745.00	3745.00	3745.00	3745.00	3746.00	3746.00	3746.00	3746.00	3746.00	3746.00	3746.00	3746.00	3747.00	3747.00	3747.00	3747.00	3747.00	3747.00	3748.00	3748.00	3748.00	3748.00	3748.00	3748.00	3749.00	3749.00	3749.00	3750.00	3750.00	3750.00	3751.00	3751.00	3751.00	3752.00	3752.00	3752.00	3752.00	3752.00	3753.00	3753.00	3753.00	3753.00	3753.00	3753.00	3753.00	3754.00	3754.00	3754.00	3754.00	3754.00	3754.00	3754.00	3754.00	3754.00	3754.00	3754.00	3754.00	3754.00	3754.00	3754.00	3754.00	3754.00	3754.00	3754.00	3754.00	3754.00	3754.00	3754.00	3754.00	3754.00	3754.00	3754.00	3754.00	3754.00	3754.00	3754.00	3754.00	3754.00	3754.00	3755.00	3755.00	3755.00	3755.00	3755.00	3755.00	3755.00	3755.00	3755.00	3756.00	3756.00	3756.00	3756.00	3756.00	3756.00	3756.00	3757.00	3757.00	3757.00	3757.00	3757.00	3757.00	3757.00	3758.00	3758.00	3758.00	3758.00	3759.00	3759.00	3759.00	3759.00	3759.00	3759.00	3760.00	3760.00	3760.00	3760.00	3761.00	3761.00	3761.00	3761.00	3761.00	3761.00	3761.00	3761.00	3762.00	3762.00	3762.00	3762.00	3762.00	3762.00	3762.00	3762.00	3762.00	3762.00	3763.00	3763.00	3763.00	3763.00	3763.00	3763.00	3763.00	3763.00	3763.00	3763.00	3764.00	3764.00	3764.00	3764.00	3764.00	3764.00	3764.00	3764.00	3764.00	3764.00	3764.00	3764.00	3764.00	3764.00	3764.00	3764.00	3764.00	3764.00	3764.00	3764.00	3764.00	3764.00	3764.00	3764.00	3764.00	3764.00	3764.00	3764.00	3764.00	3764.00	3764.00	3764.00	3764.00	3764.00	3764.00	3764.00	3764.00	3764.00	3764.00	3764.00	3764.00	3764.00	3764.00	3764.00	3764.00	3764.00	3764.00	3764.00	3764.00	3764.00	3764.00	3764.00	3764.00	3765.00	3765.00	3765.00	3765.00	3765.00	3765.00	3765.00	3765.00
3739.00	3739.00	3739.00	3739.00	3739.00	3739.00	3739.00	3739.00	3739.00	3739.00	3740.00	3740.00	3740.00	3740.00	3740.00	3740.00	3740.00	3740.00	3740.00	3740.00	3741.00	3741.00	3741.00	3741.00	3741.00	3741.00	3741.00	3741.00	3742.00	3742.00	3742.00	3742.00	3742.00	3743.00	3743.00	3743.00	3743.00	3743.00	3744.00	3744.00	3744.00	3744.00	3744.00	3744.00	3744.00	3745.00	3745.00	3745.00	3745.00	3745.00	3745.00	3746.00	3746.00	3746.00	3746.00	3746.00	3746.00	3746.00	3746.00	3746.00	3747.00	3747.00	3747.00	3747.00	3747.00	3747.00	3747.00	3747.00	3748.00	3748.00	3748.00	3748.00	3749.00	3749.00	3749.00	3750.00	3750.00	3750.00	3751.00	3751.00	3751.00	3752.00	3752.00	3752.00	3752.00	3752.00	3752.00	3752.00	3752.00	3752.00	3752.00	3753.00	3753.00	3753.00	3753.00	3753.00	3753.00	3753.00	3753.00	3753.00	3753.00	3753.00	3753.00	3753.00	3753.00	3753.00	3753.00	3753.00	3753.00	3753.00	3753.00	3753.00	3753.00	3753.00	3753.00	3753.00	3753.00	3753.00	3753.00	3753.00	3753.00	3753.00	3753.00	3753.00	3753.00	3753.00	3753.00	3753.00	3753.00	3753.00	3754.00	3754.00	3754.00	3754.00	3754.00	3754.00	3754.00	3754.00	3754.00	3754.00	3755.00	3755.00	3755.00	3755.00	3755.00	3755.00	3756.00	3756.00	3756.00	3756.00	3756.00	3757.00	3757.00	3757.00	3757.00	3758.00	3758.00	3758.00	3758.00	3758.00	3758.00	3758.00	3759.00	3759.00	3759.00	3759.00	3760.00	3760.00	3760.00	3760.00	3760.00	3761.00	3761.00	3761.00	3761.00	3761.00	3761.00	3761.00	3762.00	3762.00	3762.00	3762.00	3762.00	3762.00	3762.00	3762.00	3762.00	3762.00	3762.00	3763.00	3763.00	3763.00	3763.00	3763.00	3763.00	3763.00	3763.00	3763.00	3763.00	3763.00	3763.00	3763.00	3763.00	3763.00	3763.00	3763.00	3763.00	3763.00	3763.00	3763.00	3763.00	3763.00	3763.00	3763.00	3763.00	3763.00	3763.00	3763.00	3763.00	3763.00	3763.00	3763.00	3763.00	3763.00	3763.00	3763.00	3763.00	3763.00	3763.00	3763.00	3763.00	3763.00	3763.00	3763.00	3763.00	3763.00	3763.00	3763.00	3763.00	3763.00	3763.00	3763.00	3763.00	3764.00	3764.00	3764.00	3764.00	3764.00	3764.00	3764.00	3764.00	3764.00	3764.00	3764.00	3764.00	3764.00
3739.00	3739.00	3739.00	3739.00	3739.00	3739.00	3739.00	3739.00	3739.00	3739.00	3740.00	3740.00	3740.00	3740.00	3740.00	3740.00	3740.00	3740.00	3740.00	3740.00	3741.00	3741.00	3741.00	3741.00	3741.00	3741.00	3741.00	3741.00	3742.00	3742.00	3742.00	3742.00	3742.00	3743.00	3743.00	3743.00	3743.00	3743.00	3744.00	3744.00	3744.00	3744.00	3744.00	3744.00	3744.00	3745.00	3745.00	3745.00	3745.00	3745.00	3745.00	3746.00	3746.00	3746.00	3746.00	3746.00	3746.00	3746.00	3746.00	3746.00	3747.00	3747.00	3747.00	3747.00	3747.00	3747.00	3747.00	3747.00	3748.00	3748.00	3748.00	3748.00	3749.00	3749.00	3749.00	3750.00	3750.00	3750.00	3751.00	3751.00	3751.00	3752.00	3752.00	3752.00	3752.00	3752.00	3752.00	3752.00	3752.00	3752.00	3752.00	3753.00	3753.00	3753.00	3753.00	3753.00	3753.00	3753.00	3753.00	3753.00	3753.00	3753.00	3753.00	3753.00	3753.00	3753.00	3753.00	3753.00	3753.00	3753.00	3753.00	3753.00	3753.00	3753.00	3753.00	3753.00	3753.00	3753.00	3753.00	3753.00	3753.00	3753.00	3753.00	3753.00	3753.00	3753.00	3753.00	3753.00	3753.00	3753.00	3754.00	3754.00	3754.00	3754.00	3754.00	3754.00	3754.00	3754.00	3754.00	3754.00	3755.00	3755.00	3755.00	3755.00	3755.00	3755.00	3756.00	3756.00	3756.00	3756.00	3756.00	3757.00	3757.00	3757.00	3757.00	3758.00	3758.00	3758.00	3758.00	3758.00	3758.00	3758.00	3759.00	3759.00	3759.00	3759.00	3760.00	3760.00	3760.00	3760.00	3760.00	3761.00	3761.00	3761.00	3761.00	3761.00	3761.00	3761.00	3762.00	3762.00	3762.00	3762.00	3762.00	3762.00	3762.00	3762.00	3762.00	3762.00	3762.00	3763.00	3763.00	3763.00	3763.00	3763.00	3763.00	3763.00	3763.00	3763.00	3763.00	3763.00	3763.00	3763.00	3763.00	3763.00	3763.00	3763.00	3763.00	3763.00	3763.00	3763.00	3763.00	3763.00	3763.00	3763.00	3763.00	3763.00	3763.00	3763.00	3763.00	3763.00	3763.00	3763.00	3763.00	3763.00	3763.00	3763.00	3763.00	3763.00	3763.00	3763.00	3763.00	3763.00	3763.00	3763.00	3763.00	3763.00	3763.00	3763.00	3763.00	3763.00	3763.00	3763.00	3763.00	3764.00	3764.00	3764.00	3764.00	3764.00	3764.00	3764.00	3764.00	3764.00	3764.00	3764.00	3764.00	3764.00
3739.00	3739.00	3739.00	3739.00	3739.00	3739.00	3739.00	3739.00	3739.00	3739.00	3740.00	3740.00	3740.00	3740.00	3740.00	3740.00	3740.00	3740.00	3740.00	3740.00	3741.00	3741.00	3741.00	3741.00	3741.00	3741.00	3741.00	3741.00	3742.00	3742.00	3742.00	3742.00	3742.00	3743.00	3743.00	3743.00	3743.00	3743.00	3744.00	3744.00	3744.00	3744.00	3744.00	3744.00	3744.00	3745.00	3745.00	3745.00	3745.00	3745.00	3745.00	3746.00	3746.00	3746.00	3746.00	3746.00	3746.00	3746.00	3746.00	3746.00	3747.00	3747.00	3747.00	3747.00	3747.00	3747.00	3747.00	3747.00	3748.00	3748.00	3748.00	3748.00	3749.00	3749.00	3749.00	3750.00	3750.00	3750.00	3751.00	3751.00	3751.00	3752.00	3752.00	3752.00	3752.00	3752.00	3752.00	3752.00	3752.00	3752.00	3752.00	3753.00	3753.00	3753.00	3753.00	3753.00	3753.00	3753.00	3753.00	3753.00	3753.00	3753.00	3753.00	3753.00	3753.00	3753.00	3753.00	3753.00	3753.00	3753.00	3753.00	3753.00	3753.00	3753.00	3753.00	3753.00	3753.00	3753.00	3753.00	3753.00	3753.00	3753.00	3753.00	3753.00	3753.00	3753.00	3753.00	3753.00	3753.00	3753.00	3754.00	3754.00	3754.00	3754.00	3754.00	3754.00	3754.00	3754.00	3754.00	3754.00	3755.00	3755.00	3755.00	3755.00	3755.00	3755.00	3756.00	3756.00	3756.00	3756.00	3756.00	3757.00	3757.00	3757.00	3757.00	3758.00	3758.00	3758.00	3758.00	3758.00	3758.00	3758.00	3759.00	3759.00	3759.00	3759.00	3760.00	3760.00	3760.00	3760.00	3760.00	3761.00	3761.00	3761.00	3761.00	3761.00	3761.00	3761.00	3762.00	3762.00	3762.00	3762.00	3762.00	3762.00	3762.00	3762.00	3762.00	3762.00	3762.00	3763.00	3763.00	3763.00	3763.00	3763.00	3763.00	3763.00	3763.00	3763.00	3763.00	3763.00	3763.00	3763.00	3763.00	3763.00	3763.00	3763.00	3763.00	3763.00	3763.00	3763.00	3763.00	3763.00	3763.00	3763.00	3763.00	3763.00	3763.00	3763.00	3763.00	3763.00	3763.00	3763.00	3763.00	3763.00	3763.00	3763.00	3763.00	3763.00	3763.00	3763.00	3763.00	3763.00	3763.00	3763.00	3763.00	3763.00	3763.00	3763.00	3763.00	3763.00	3763.00	3763.00	3763.00	3764.00	3764.00	3764.00	3764.00	3764.00	3764.00	3764.00	3764.00	3764.00	3764.00	3764.00	3764.00	3764.00
3739.00	3739.00	3739.00	3739.00	3739.00	3739.00	3739.00	3739.00	3739.00	3739.00	3740.00	3740.00	3740.00	3740.00	3740.00	3740.00	3740.00	3740.00	3740.00	3740.00	3741.00	3741.00	3741.00	3741.00	3741.00	3741.00	3741.00	3741.00	3742.00	3742.00	3742.00	3742.00	3742.00	3743.00	3743.00	3743.00	3743.00	3743.00	3744.00	3744.00	3744.00	3744.00	3744.00	3744.00	3744.00	3745.00	3745.00	3745.00	3745.00	3745.00	3745.00	3746.00	3746.00	3746.00	3746.00	3746.00	3746.00	3746.00	3746.00	3746.00	3747.00	3747.00	3747.00	3747.00	3747.00	3747.00	3747.00	3747.00	3748.00	3748.00	3748.00	3748.00	3749.00	3749.00	3749.00	3750.00	3750.00	3750.00	3751.00	3751.00	3751.00	3752.00	3752.00	3752.00	3752.00	3752.00	3752.00	3752.00	3752.00	3752.00	3752.00	3753.00	3753.00	3753.00	3753.00	3753.00	3753.00	3753.00	3753.00	3753.00	3753.00	3753.00	3753.00	3753.00	3753.00	3753.00	3753.00	3753.00	3753.00	3753.00	3753.00	3753.00	3753.00	3753.00	3753.00	3753.00	3753.00	3753.00	3753.00	3753.00	3753.00	3753.00	3753.00	3753.00	3753.00	3753.00	3753.00	3753.00	3753.00	3753.00	3754.00	3754.00	3754.00	3754.00	3754.00	3754.00	3754.00	3754.00	3754.00	3754.00	3755.00	3755.00	3755.00	3755.00	3755.00	3755.00	3756.00	3756.00	3756.00	3756.00	3756.00	3757.00	3757.00	3757.00	3757.00	3758.00	3758.00	3758.00	3758.00	3758.00	3758.00	3758.00	3759.00	3759.00	3759.00	3759.00	3760.00	3760.00	3760.00	3760.00	3760.00	3761.00	3761.00	3761.00	3761.00	3761.00	3761.00	3761.00	3762.00	3762.00	3762.00	3762.00	3762.00	3762.00	3762.00	3762.00	3762.00	3762.00	3762.00	3763.00	3763.00	3763.00	3763.00	3763.00	3763.00	3763.00	3763.00	3763.00	3763.00	3763.00	3763.00	3763.00	3763.00	3763.00	3763.00	3763.00	3763.00	3763.00	3763.00	3763.00	3763.00	3763.00	3763.00	3763.00	3763.00	3763.00	3763.00	3763.00	3763.00	3763.00	3763.00	3763.00	3763.00	3763.00	3763.00	3763.00	3763.00	3763.00	3763.00	3763.00	3763.00	3763.00	3763.00	3763.00	3763.00	3763.00	3763.00	3763.00	3763.00	3763.00	3763.00	3763.00	3763.00	3764.00	3764.00	3764.00	3764.00	3764.00	3764.00	3764.00	3764.00	3764.00	3764.00	3764.00	3764.00	3764.00
3739.00	3739.00	3739.00	3739.00	3739.00	3739.00	3739.00	3739.00	3739.00	3739.00	3740.00	3740.00	3740.00	3740.00	3740.00	3740.00	3740.00	3740.00	3740.00	3740.00	3741.00	3741.00	3741.00	3741.00	3741.00	3741.00	3741.00	3741.00	3742.00	3742.00	3742.00	3742.00	3742.00	3743.00	3743.00	3743.00	3743.00	3743.00	3744.00	3744.00	3744.00	3744.00	3744.00	3744.00	3744.00	3745.00	3745.00	3745.00	3745.00	3745.00	3745.00	3746.00	3746.00	3746.00	3746.00	3746.00	3746.00	3746.00	3746.00	3746.00	3747.00	3747.00	3747.00	3747.00	3747.00	3747.00	3747.00	3747.00	3748.00	3748.00	3748.00	3748.00	3749.00	3749.00	3749.00	3750.00	3750.00	3750.00	3751.00	3751.00	3751.00	3752.00	3752.00	3752.00	3752.00	3752.00	3752.00	3752.00	3752.00	3752.00	3752.00	3753.00	3753.00	3753.00	3753.00	3753.00	3753.00	3753.00	3753.00	3753.00	3753.00	3753.00	3753.00	3753.00	3753.00	3753.00	3753.00	3753.00	3753.00	3753.00	3753.00	3753.00	3753.00	3753.00	3753.00	3753.00	3753.00	3753.00	3753.00	3753.00	3753.00	3753.00	3753.00	3753.00	3753.00	3753.00	3753.00	3753.00	3753.00	3753.00	3754.00	3754.00	3754.00	3754.00	3754.00	3754.00	3754.00	3754.00	3754.00	3754.00	3755.00	3755.00	3755.00	3755.00	3755.00	3755.00	3756.00	3756.00	3756.00	3756.00	3756.00	3757.00	3757.00	3757.00	3757.00	3758.00	3758.00	3758.00	3758.00	3758.00	3758.00	3758.00	3759.00	3759.00	3759.00	3759.00	3760.00	3760.00	3760.00	3760.00	3760.00	3761.00	3761.00	3761.00	3761.00	3761.00	3761.00	3761.00	3762.00	3762.00	3762.00	3762.00	3762.00	3762.00	3762.00	3762.00	3762.00	3762.00	3762.00	3763.00	3763.00	3763.00	3763.00	3763.00	3763.00	3763.00	3763.00	3763.00	3763.00	3763.00	3763.00	3763.00	3763.00	3763.00	3763.00	3763.00	3763.00	3763.00	3763.00	3763.00	3763.00	3763.00	3763.00	3763.00	3763.00	3763.00	3763.00	3763.00	3763.00	3763.00	3763.00	3763.00	3763.00	3763.00	3763.00	3763.00	3763.00	3763.00	3763.00	3763.00	3763.00	3763.00	3763.00	3763.00	3763.00	3763.00	3763.00	3763.00	3763.00	3763.00	3763.00	3763.00	3763.00	3764.00	3764.00	3764.00	3764.00	3764.00	3764.00	3764.00	3764.00	3764.00	3764.00	3764.00	3764.00	3764.00
3739.00	3739.00	3739.00	3739.00	3739.00	3739.00	3739.00	3739.00	3739.00	3739.00	3740.00	3740.00	3740.00	3740.00	3740.00	3740.00	3740.00	3740.00	3740.00	3740.00	3741.00	3741.00	3741.00	3741.00	3741.00	3741.00	3741.00	3741.00	3742.00	3742.00	3742.00	3742.00	3742.00	3743.00	3743.00	3743.00	3743.00	3743.00	3744.00	3744.00	3744.00	3744.00	3744.00	3744.00	3744.00	3745.00	3745.00	3745.00	3745.00	3745.00	3745.00	3746.00	3746.00	3746.00	3746.00	3746.00	3746.00	3746.00	3746.00	3746.00	3747.00	3747.00	3747.00	3747.00	3747.00	3747.00	3747.00	3747.00	3748.00	3748.00	3748.00	3748.00	3749.00	3749.00	3749.00	3750.00	3750.00	3750.00	3751.00	3751.00	3751.00	3752.00	3752.00	3752.00	3752.00	3752.00	3752.00	3752.00	3752.00	3752.00	3752.00	3753.00	3753.00	3753.00	3753.00	3753.00	3753.00	3753.00	3753.00	3753.00	3753.00	3753.00	3753.00	3753.00	3753.00	3753.00	3753.00	3753.00	3753.00	3753.00	3753.00	3753.00	3753.00	3753.00	3753.00	3753.00	3753.00	3753.00	3753.00	3753.00	3753.00	3753.00	3753.00	3753.00	3753.00	3753.00	3753.00	3753.00	3753.00	3753.00	3754.00	3754.00	3754.00	3754.00	3754.00	3754.00	3754.00	3754.00	3754.00	3754.00	3755.00	3755.00	3755.00	3755.00	3755.00	3755.00	3756.00	3756.00	3756.00	3756.00	3756.00	3757.00	3757.00	3757.00	3757.00	3758.00	3758.00	3758.00	3758.00	3758.00	3758.00	3758.00	3759.00	3759.00	3759.00	3759.00	3760.00	3760.00	3760.00	3760.00	3760.00	3761.00	3761.00	3761.00	3761.00	3761.00	3761.00	3761.00	3762.00	3762.00	3762.00	3762.00	3762.00	3762.00	3762.00	3762.00	3762.00	3762.00	3762.00	3763.00	3763.00	3763.00	3763.00	3763.00	3763.00	3763.00	3763.00	3763.00	3763.00	3763.00	3763.00	3763.00	3763.00	3763.00	3763.00	3763.00	3763.00	3763.00	3763.00	3763.00	3763.00	3763.00	3763.00	3763.00	3763.00	3763.00	3763.00	3763.00	3763.00	3763.00	3763.00	3763.00	3763.00	3763.00	3763.00	3763.00	3763.00	3763.00	3763.00	3763.00	3763.00	3763.00	3763.00	3763.00	3763.00	3763.00	3763.00	3763.00	3763.00	3763.00	3763.00	3763.00	3763.00	3764.00	3764.00	3764.00	3764.00	3764.00	3764.00	3764.00	3764.00	3764.00	3764.00	3764.00	3764.00	3764.00
3739.00	3739.00	3739.00	3739.00	3739.00	3739.00	3739.00	3739.00	3739.00	3739.00	3740.00	3740.00	3740.00	3740.00	3740.00	3740.00	3740.00	3740.00	3740.00	3740.00	3741.00	3741.00	3741.00	3741.00	3741.00	3741.00	3741.00	3741.00	3742.00	3742.00	3742.00	3742.00	3742.00	3743.00	3743.00	3743.00	3743.00	3743.00	3744.00	3744.00	3744.00	3744.00	3744.00	3744.00	3744.00	3745.00	3745.00	3745.00	3745.00	3745.00	3745.00	3746.00	3746.00	3746.00	3746.00	3746.00	3746.00	3746.00	3746.00	3746.00	3747.00	3747.00	3747.00	3747.00	3747.00	3747.00	3747.00	3747.00	3748.00	3748.00	3748.00	3748.00	3749.00	3749.00	3749.00	3750.00	3750.00	3750.00	3751.00	3751.00	3751.00	3752.00	3752.00	3752.00	3752.00	3752.00	3752.00	3752.00	3752.00	3752.00	3752.00	3753.00	3753.00	3753.00	3753.00	3753.00	3753.00	3753.00	3753.00	3753.00	3753.00	3753.00	3753.00	3753.00	3753.00	3753.00	3753.00	3753.00	3753.00	3753.00	3753.00	3753.00	3753.00	3753.00	3753.00	3753.00	3753.00	3753.00	3753.00	3753.00	3753.00	3753.00	3753.00	3753.00	3753.00	3753.00	3753.00	3753.00	3753.00	3753.00	3754.00	3754.00	3754.00	3754.00	3754.00	3754.00	3754.00	3754.00	3754.00	3754.00	3755.00	3755.00	3755.00	3755.00	3755.00	3755.00	3756.00	3756.00	3756.00	3756.00	3756.00	3757.00	3757.00	3757.00	3757.00	3758.00	3758.00	3758.00	3758.00	3758.00	3758.00	3758.00	3759.00	3759.00	3759.00	3759.00	3760.00	3760.00	3760.00	3760.00	3760.00	3761.00	3761.00	3761.00	3761.00	3761.00	3761.00	3761.00	3762.00	3762.00	3762.00	3762.00	3762.00	3762.00	3762.00	3762.00	3762.00	3762.00	3762.00	3763.00	3763.00	3763.00	3763.00	3763.00	3763.00	3763.00	3763.00	3763.00	3763.00	3763.00	3763.00	3763.00	3763.00	3763.00	3763.00	3763.00	3763.00	3763.00	3763.00	3763.00	3763.00	3763.00	3763.00	3763.00	3763.00	3763.00	3763.00	3763.00	3763.00	3763.00	3763.00	3763.00	3763.00	3763.00	3763.00	3763.00	3763.00	3763.00	3763.00	3763.00	3763.00	3763.00	3763.00	3763.00	3763.00	3763.00	3763.00	3763.00	3763.00	3763.00	3763.00	3763.00	3763.00	3764.00	3764.00	3764.00	3764.00	3764.00	3764.00	3764.00	3764.00	3764.00	3764.00	3764.00	3764.00	3764.00
3739.00	3739.00	3739.00	3739.00	3739.00	3739.00	3739.00	3739.00	3739.00	3739.00	3740.00	3740.00	3740.00	3740.00	3740.00	3740.00	3740.00	3740.00	3740.00	3740.00	3741.00	3741.00	3741.00	3741.00	3741.00	3741.00	3741.00	3741.00	3742.00	3742.00	3742.00	3742.00	3742.00	3743.00	3743.00	3743.00	3743.00	3743.00	3744.00	3744.00	3744.00	3744.00	3744.00	3744.00	3744.00	3745.00	3745.00	3745.00	3745.00	3745.00	3745.00	3746.00	3746.00	3746.00	3746.00	3746.00	3746.00	3746.00	3746.00	3746.00	3747.00	3747.00	3747.00	3747.00	3747.00	3747.00	3747.00	3747.00	3748.00	3748.00	3748.00	3748.00	3749.00	3749.00	3749.00	3750.00	3750.00	3750.00	3751.00	3751.00	3751.00	3752.00	3752.00	3752.00	3752.00	3752.00	3752.00	3752.00	3752.00	3752.00	3752.00	3753.00	3753.00	3753.00	3753.00	3753.00	3753.00	3753.00	3753.00	3753.00	3753.00	3753.00	3753.00	3753.00	3753.00	3753.00	3753.00	3753.00	3753.00	3753.00	3753.00	3753.00	3753.00	3753.00	3753.00	3753.00	3753.00	3753.00	3753.00	3753.00	3753.00	3753.00	3753.00	3753.00	3753.00	3753.00	3753.00	3753.00	3753.00	3753.00	3754.00	3754.00	3754.00	3754.00	3754.00	3754.00	3754.00	3754.00	3754.00	3754.00	3755.00	3755.00	3755.00	3755.00	3755.00	3755.00	3756.00	3756.00	3756.00	3756.00	3756.00	3757.00	3757.00	3757.00	3757.00	3758.00	3758.00	3758.00	3758.00	3758.00	3758.00	3758.00	3759.00	3759.00	3759.00	3759.00	3760.00	3760.00	3760.00	3760.00	3760.00	3761.00	3761.00	3761.00	3761.00	3761.00	3761.00	3761.00	3762.00	3762.00	3762.00	3762.00	3762.00	3762.00	3762.00	3762.00	3762.00	3762.00	3762.00	3763.00	3763.00	3763.00	3763.00	3763.00	3763.00	3763.00	3763.00	3763.00	3763.00	3763.00	3763.00	3763.00	3763.00	3763.00	3763.00	3763.00	3763.00	3763.00	3763.00	3763.00	3763.00	3763.00	3763.00	3763.00	3763.00	3763.00	3763.00	3763.00	3763.00	3763.00	3763.00	3763.00	3763.00	3763.00	3763.00	3763.00	3763.00	3763.00	3763.00	3763.00	3763.00	3763.00	3763.00	3763.00	3763.00	3763.00	3763.00	3763.00	3763.00	3763.00	3763.00	3763.00	3763.00	3764.00	3764.00	3764.00	3764.00	3764.00	3764.00	3764.00	3764.00	3764.00	3764.00	3764.00	3764.00	3764.00
3739.00	3739.00	3739.00	3739.00	3739.00	3739.00	3739.00	3739.00	3739.00	3739.00	3740.00	3740.00	3740.00	3740.00	3740.00	3740.00	3740.00	3740.00	3740.00	3740.00	3741.00	3741.00	3741.00	3741.00	3741.00	3741.00	3741.00	3741.00	3742.00	3742.00	3742.00	3742.00	3742.00	3743.00	3743.00	3743.00	3743.00	3743.00	3744.00	3744.00	3744.00	3744.00	3744.00	3744.00	3744.00	3745.00	3745.00	3745.00	3745.00	3745.00	3745.00	3746.00	3746.00	3746.00	3746.00	3746.00	3746.00	3746.00	3746.00	3746.00	3747.00	3747.00	3747.00	3747.00	3747.00	3747.00	3747.00	3747.00	3748.00	3748.00	3748.00	3748.00	3749.00	3749.00	3749.00	3750.00	3750.00	3750.00	3751.00	3751.00	3751.00	3752.00	3752.00	3752.00	3752.00	3752.00	3752.00	3752.00	3752.00	3752.00	3752.00	3753.00	3753.00	3753.00	3753.00	3753.00	3753.00	3753.00	3753.00	3753.00	3753.00	3753.00	3753.00	3753.00	3753.00	3753.00	3753.00	3753.00	3753.00	3753.00	3753.00	3753.00	3753.00	3753.00	3753.00	3753.00	3753.00	3753.00	3753.00	3753.00	3753.00	3753.00	3753.00	3753.00	3753.00	3753.00	3753.00	3753.00	3753.00	3753.00	3754.00	3754.00	3754.00	3754.00	3754.00	3754.00	3754.00	3754.00	3754.00	3754.00	3755.00	3755.00	3755.00	3755.00	3755.00	3755.00	3756.00	3756.00	3756.00	3756.00	3756.00	3757.00	3757.00	3757.00	3757.00	3758.00	3758.00	3758.00	3758.00	3758.00	3758.00	3758.00	3759.00	3759.00	3759.00	3759.00	3760.00	3760.00	3760.00	3760.00	3760.00	3761.00	3761.00	3761.00	3761.00	3761.00	3761.00	3761.00	3762.00	3762.00	3762.00	3762.00	3762.00	3762.00	3762.00	3762.00	3762.00	3762.00	3762.00	3763.00	3763.00	3763.00	3763.00	3763.00	3763.00	3763.00	3763.00	3763.00	3763.00	3763.00	3763.00	3763.00	3763.00	3763.00	3763.00	3763.00	3763.00	3763.00	3763.00	3763.00	3763.00	3763.00	3763.00	3763.00	3763.00	3763.00	3763.00	3763.00	3763.00	3763.00	3763.00	3763.00	3763.00	3763.00	3763.00	3763.00	3763.00	3763.00	3763.00	3763.00	3763.00	3763.00	3763.00	3763.00	3763.00	3763.00	3763.00	3763.00	3763.00	3763.00	3763.00	3763.00	3763.00	3764.00	3764.00	3764.00	3764.00	3764.00	3764.00	3764.00	3764.00	3764.00	3764.00	3764.00	3764.00	3764.00
3739.00	3739.00	3739.00	3739.00	3739.00	3739.00	3739.00	3739.00	3739.00	3739.00	3740.00	3740.00	3740.00	3740.00	3740.00	3740.00	3740.00	3740.00	3740.00	3740.00	3741.00	3741.00	3741.00	3741.00	3741.00	3741.00	3741.00	3741.00	3742.00	3742.00	3742.00	3742.00	3742.00	3743.00	3743.00	3743.00	3743.00	3743.00	3744.00	3744.00	3744.00	3744.00	3744.00	3744.00	3744.00	3745.00	3745.00	3745.00	3745.00	3745.00	3745.00	3746.00	3746.00	3746.00	3746.00	3746.00	3746.00	3746.00	3746.00	3746.00	3747.00	3747.00	3747.00	3747.00	3747.00	3747.00	3747.00	3747.00	3748.00	3748.00	3748.00	3748.00	3749.00	3749.00	3749.00	3750.00	3750.00	3750.00	3751.00	3751.00	3751.00	3752.00	3752.00	3752.00	3752.00	3752.00	3752.00	3752.00	3752.00	3752.00	3752.00	3753.00	3753.00	3753.00	3753.00	3753.00	3753.00	3753.00	3753.00	3753.00	3753.00	3753.00	3753.00	3753.00	3753.00	3753.00	3753.00	3753.00	3753.00	3753.00	3753.00	3753.00	3753.00	3753.00	3753.00	3753.00	3753.00	3753.00	3753.00	3753.00	3753.00	3753.00	3753.00	3753.00	3753.00	3753.00	3753.00	3753.00	3753.00	3753.00	3754.00	3754.00	3754.00	3754.00	3754.00	3754.00	3754.00	3754.00	3754.00	3754.00	3755.00	3755.00	3755.00	3755.00	3755.00	3755.00	3756.00	3756.00	3756.00	3756.00	3756.00	3757.00	3757.00	3757.00	3757.00	3758.00	3758.00	3758.00	3758.00	3758.00	3758.00	3758.00	3759.00	3759.00	3759.00	3759.00	3760.00	3760.00	3760.00	3760.00	3760.00	3761.00	3761.00	3761.00	3761.00	3761.00	3761.00	3761.00	3762.00	3762.00	3762.00	3762.00	3762.00	3762.00	3762.00	3762.00	3762.00	3762.00	3762.00	3763.00	3763.00	3763.00	3763.00	3763.00	3763.00	3763.00	3763.00	3763.00	3763.00	3763.00	3763.00	3763.00	3763.00	3763.00	3763.00	3763.00	3763.00	3763.00	3763.00	3763.00	3763.00	3763.00	3763.00	3763.00	3763.00	3763.00	3763.00	3763.00	3763.00	3763.00	3763.00	3763.00	3763.00	3763.00	3763.00	3763.00	3763.00	3763.00	3763.00	3763.00	3763.00	3763.00	3763.00	3763.00	3763.00	3763.00	3763.00	3763.00	3763.00	3763.00	3763.00	3763.00	3763.00	3764.00	3764.00	3764.00	3764.00	3764.00	3764.00	3764.00	3764.00	3764.00	3764.00	3764.00	3764.00	3764.00
3739.00	3739.00	3739.00	3739.00	3739.00	3739.00	3739.00	3739.00	3739.00	3739.00	3740.00	3740.00	3740.00	3740.00	3740.00	3740.00	3740.00	3740.00	3740.00	3740.00	3741.00	3741.00	3741.00	3741.00	3741.00	3741.00	3741.00	3741.00	3742.00	3742.00	3742.00	3742.00	3742.00	3743.00	3743.00	3743.00	3743.00	3743.00	3744.00	3744.00	3744.00	3744.00	3744.00	3744.00	3744.00	3745.00	3745.00	3745.00	3745.00	3745.00	3745.00	3746.00	3746.00	3746.00	3746.00	3746.00	3746.00	3746.00	3746.00	3746.00	3747.00	3747.00	3747.00	3747.00	3747.00	3747.00	3747.00	3747.00	3748.00	3748.00	3748.00	3748.00	3749.00	3749.00	3749.00	3750.00	3750.00	3750.00	3751.00	3751.00	3751.00	3752.00	3752.00	3752.00	3752.00	3752.00	3752.00	3752.00	3752.00	3752.00	3752.00	3753.00	3753.00	3753.00	3753.00	3753.00	3753.00	3753.00	3753.00	3753.00	3753.00	3753.00	3753.00	3753.00	3753.00	3753.00	3753.00	3753.00	3753.00	3753.00	3753.00	3753.00	3753.00	3753.00	3753.00	3753.00	3753.00	3753.00	3753.00	3753.00	3753.00	3753.00	3753.00	3753.00	3753.00	3753.00	3753.00	3753.00	3753.00	3753.00	3754.00	3754.00	3754.00	3754.00	3754.00	3754.00	3754.00	3754.00	3754.00	3754.00	3755.00	3755.00	3755.00	3755.00	3755.00	3755.00	3756.00	3756.00	3756.00	3756.00	3756.00	3757.00	3757.00	3757.00	3757.00	3758.00	3758.00	3758.00	3758.00	3758.00	3758.00	3758.00	3759.00	3759.00	3759.00	3759.00	3760.00	3760.00	3760.00	3760.00	3760.00	3761.00	3761.00	3761.00	3761.00	3761.00	3761.00	3761.00	3762.00	3762.00	3762.00	3762.00	3762.00	3762.00	3762.00	3762.00	3762.00	3762.00	3762.00	3763.00	3763.00	3763.00	3763.00	3763.00	3763.00	3763.00	3763.00	3763.00	3763.00	3763.00	3763.00	3763.00	3763.00	3763.00	3763.00	3763.00	3763.00	3763.00	3763.00	3763.00	3763.00	3763.00	3763.00	3763.00	3763.00	3763.00	3763.00	3763.00	3763.00	3763.00	3763.00	3763.00	3763.00	3763.00	3763.00	3763.00	3763.00	3763.00	3763.00	3763.00	3763.00	3763.00	3763.00	3763.00	3763.00	3763.00	3763.00	3763.00	3763.00	3763.00	3763.00	3763.00	3763.00	3764.00	3764.00	3764.00	3764.00	3764.00	3764.00	3764.00	3764.00	3764.00	3764.00	3764.00	3764.00	3764.00
3739.00	3739.00	3739.00	3739.00	3739.00	3739.00	3739.00	3739.00	3739.00	3739.00	3740.00	3740.00	3740.00	3740.00	3740.00	3740.00	3740.00	3740.00	3740.00	3740.00	3741.00	3741.00	3741.00	3741.00	3741.00	3741.00	3741.00	3741.00	3742.00	3742.00	3742.00	3742.00	3742.00	3743.00	3743.00	3743.00	3743.00	3743.00	3744.00	3744.00	3744.00	3744.00	3744.00	3744.00	3744.00	3745.00	3745.00	3745.00	3745.00	3745.00	3745.00	3746.00	3746.00	3746.00	3746.00	3746.00	3746.00	3746.00	3746.00	3746.00	3747.00	3747.00	3747.00	3747.00	3747.00	3747.00	3747.00	3747.00	3748.00	3748.00	3748.00	3748.00	3749.00	3749.00	3749.00	3750.00	3750.00	3750.00	3751.00	3751.00	3751.00	3752.00	3752.00	3752.00	3752.00	3752.00	3752.00	3752.00	3752.00	3752.00	3752.00	3753.00	3753.00	3753.00	3753.00	3753.00	3753.00	3753.00	3753.00	3753.00	3753.00	3753.00	3753.00	3753.00	3753.00	3753.00	3753.00	3753.00	3753.00	3753.00	3753.00	3753.00	3753.00	3753.00	3753.00	3753.00	3753.00	3753.00	3753.00	3753.00	3753.00	3753.00	3753.00	3753.00	3753.00	3753.00	3753.00	3753.00	3753.00	3753.00	3754.00	3754.00	3754.00	3754.00	3754.00	3754.00	3754.00	3754.00	3754.00	3754.00	3755.00	3755.00	3755.00	3755.00	3755.00	3755.00	3756.00	3756.00	3756.00	3756.00	3756.00	3757.00	3757.00	3757.00	3757.00	3758.00	3758.00	3758.00	3758.00	3758.00	3758.00	3758.00	3759.00	3759.00	3759.00	3759.00	3760.00	3760.00	3760.00	3760.00	3760.00	3761.00	3761.00	3761.00	3761.00	3761.00	3761.00	3761.00	3762.00	3762.00	3762.00	3762.00	3762.00	3762.00	3762.00	3762.00	3762.00	3762.00	3762.00	3763.00	3763.00	3763.00	3763.00	3763.00	3763.00	3763.00	3763.00	3763.00	3763.00	3763.00	3763.00	3763.00	3763.00	3763.00	3763.00	3763.00	3763.00	3763.00	3763.00	3763.00	3763.00	3763.00	3763.00	3763.00	3763.00	3763.00	3763.00	3763.00	3763.00	3763.00	3763.00	3763.00	3763.00	3763.00	3763.00	3763.00	3763.00	3763.00	3763.00	3763.00	3763.00	3763.00	3763.00	3763.00	3763.00	3763.00	3763.00	3763.00	3763.00	3763.00	3763.00	3763.00	3763.00	3764.00	3764.00	3764.00	3764.00	3764.00	3764.00	3764.00	3764.00	3764.00	3764.00	3764.00	3764.00	3764.00
3739.00	3739.00	3739.00	3739.00	3739.00	3739.00	3739.00	3739.00	3739.00	3739.00	3740.00	3740.00	3740.00	3740.00	3740.00	3740.00	3740.00	3740.00	3740.00	3740.00	3741.00	3741.00	3741.00	3741.00	3741.00	3741.00	3741.00	3741.00	3742.00	3742.00	3742.00	3742.00	3742.00	3743.00	3743.00	3743.00	3743.00	3743.00	3744.00	3744.00	3744.00	3744.00	3744.00	3744.00	3744.00	3745.00	3745.00	3745.00	3745.00	3745.00	3745.00	3746.00	3746.00	3746.00	3746.00	3746.00	3746.00	3746.00	3746.00	3746.00	3747.00	3747.00	3747.00	3747.00	3747.00	3747.00	3747.00	3747.00	3748.00	3748.00	3748.00	3748.00	3749.00	3749.00	3749.00	3750.00	3750.00	3750.00	3751.00	3751.00	3751.00	3752.00	3752.00	3752.00	3752.00	3752.00	3752.00	3752.00	3752.00	3752.00	3752.00	3753.00	3753.00	3753.00	3753.00	3753.00	3753.00	3753.00	3753.00	3753.00	3753.00	3753.00	3753.00	3753.00	3753.00	3753.00	3753.00	3753.00	3753.00	3753.00	3753.00	3753.00	3753.00	3753.00	3753.00	3753.00	3753.00	3753.00	3753.00	3753.00	3753.00	3753.00	3753.00	3753.00	3753.00	3753.00	3753.00	3753.00	3753.00	3753.00	3754.00	3754.00	3754.00	3754.00	3754.00	3754.00	3754.00	3754.00	3754.00	3754.00	3755.00	3755.00	3755.00	3755.00	3755.00	3755.00	3756.00	3756.00	3756.00	3756.00	3756.00	3757.00	3757.00	3757.00	3757.00	3758.00	3758.00	3758.00	3758.00	3758.00	3758.00	3758.00	3759.00	3759.00	3759.00	3759.00	3760.00	3760.00	3760.00	3760.00	3760.00	3761.00	3761.00	3761.00	3761.00	3761.00	3761.00	3761.00	3762.00	3762.00	3762.00	3762.00	3762.00	3762.00	3762.00	3762.00	3762.00	3762.00	3762.00	3763.00	3763.00	3763.00	3763.00	3763.00	3763.00	3763.00	3763.00	3763.00	3763.00	3763.00	3763.00	3763.00	3763.00	3763.00	3763.00	3763.00	3763.00	3763.00	3763.00	3763.00	3763.00	3763.00	3763.00	3763.00	3763.00	3763.00	3763.00	3763.00	3763.00	3763.00	3763.00	3763.00	3763.00	3763.00	3763.00	3763.00	3763.00	3763.00	3763.00	3763.00	3763.00	3763.00	3763.00	3763.00	3763.00	3763.00	3763.00	3763.00	3763.00	3763.00	3763.00	3763.00	3763.00	3764.00	3764.00	3764.00	3764.00	3764.00	3764.00	3764.00	3764.00	3764.00	3764.00	3764.00	3764.00	3764.00
3738.00	3738.00	3738.00	3738.00	3738.00	3738.00	3738.00	3738.00	3738.00	3738.00	3739.00	3739.00	3739.00	3739.00	3739.00	3739.00	3739.00	3739.00	3739.00	3740.00	3740.00	3740.00	3740.00	3740.00	3740.00	3741.00	3741.00	3741.00	3741.00	3741.00	3741.00	3742.00	3742.00	3742.00	3742.00	3742.00	3742.00	3743.00	3743.00	3743.00	3743.00	3743.00	3744.00	3744.00	3744.00	3744.00	3745.00	3745.00	3745.00	3745.00	3745.00	3746.00	3746.00	3746.00	3746.00	3746.00	3746.00	3747.00	3747.00	3747.00	3747.00	3747.00	3747.00	3748.00	3748.00	3748.00	3748.00	3748.00	3748.00	3749.00	3749.00	3749.00	3750.00	3750.00	3750.00	3750.00	3750.00	3751.00	3751.00	3751.00	3751.00	3751.00	3752.00	3752.00	3752.00	3752.00	3752.00	3752.00	3752.00	3752.00	3752.00	3752.00	3752.00	3752.00	3752.00	3752.00	3752.00	3752.00	3752.00	3752.00	3752.00	3752.00	3752.00	3752.00	3752.00	3752.00	3752.00	3752.00	3752.00	3752.00	3752.00	3752.00	3752.00	3752.00	3752.00	3752.00	3752.00	3752.00	3752.00	3752.00	3752.00	3752.00	3752.00	3752.00	3752.00	3752.00	3752.00	3752.00	3752.00	3752.00	3752.00	3753.00	3753.00	3753.00	3753.00	3753.00	3753.00	3753.00	3753.00	3753.00	3753.00	3753.00	3754.00	3754.00	3754.00	3754.00	3754.00	3754.00	3755.00	3755.00	3755.00	3755.00	3755.00	3756.00	3756.00	3756.00	3756.00	3757.00	3757.00	3757.00	3757.00	3757.00	3758.00	3758.00	3759.00	3759.00	3759.00	3759.00	3759.00	3759.00	3759.00	3760.00	3760.00	3760.00	3760.00	3760.00	3760.00	3760.00	3761.00	3761.00	3761.00	3761.00	3761.00	3761.00	3761.00	3761.00	3761.00	3762.00	3762.00	3762.00	3762.00	3762.00	3762.00	3762.00	3762.00	3762.00	3762.00	3762.00	3762.00	3762.00	3762.00	3762.00	3762.00	3762.00	3762.00	3762.00	3762.00	3762.00	3762.00	3762.00	3762.00	3762.00	3762.00	3762.00	3762.00	3762.00	3762.00	3762.00	3762.00	3762.00	3762.00	3762.00	3762.00	3762.00	3762.00	3762.00	3762.00	3762.00	3762.00	3762.00	3762.00	3762.00	3762.00	3762.00	3762.00	3762.00	3762.00	3762.00	3762.00	3762.00	3762.00	3762.00	3762.00	3763.00	3763.00	3763.00	3763.00	3763.00	3763.00	3763.00	3763.00	3763.00	3763.00	3763.00	3763.00	3763.00
3738.00	3738.00	3738.00	3738.00	3738.00	3738.00	3738.00	3738.00	3738.00	3738.00	3739.00	3739.00	3739.00	3739.00	3739.00	3739.00	3739.00	3739.00	3739.00	3740.00	3740.00	3740.00	3740.00	3740.00	3740.00	3741.00	3741.00	3741.00	3741.00	3741.00	3741.00	3742.00	3742.00	3742.00	3742.00	3742.00	3742.00	3743.00	3743.00	3743.00	3743.00	3743.00	3744.00	3744.00	3744.00	3744.00	3745.00	3745.00	3745.00	3745.00	3745.00	3746.00	3746.00	3746.00	3746.00	3746.00	3746.00	3747.00	3747.00	3747.00	3747.00	3747.00	3747.00	3748.00	3748.00	3748.00	3748.00	3748.00	3748.00	3749.00	3749.00	3749.00	3750.00	3750.00	3750.00	3750.00	3750.00	3751.00	3751.00	3751.00	3751.00	3751.00	3752.00	3752.00	3752.00	3752.00	3752.00	3752.00	3752.00	3752.00	3752.00	3752.00	3752.00	3752.00	3752.00	3752.00	3752.00	3752.00	3752.00	3752.00	3752.00	3752.00	3752.00	3752.00	3752.00	3752.00	3752.00	3752.00	3752.00	3752.00	3752.00	3752.00	3752.00	3752.00	3752.00	3752.00	3752.00	3752.00	3752.00	3752.00	3752.00	3752.00	3752.00	3752.00	3752.00	3752.00	3752.00	3752.00	3752.00	3752.00	3752.00	3753.00	3753.00	3753.00	3753.00	3753.00	3753.00	3753.00	3753.00	3753.00	3753.00	3753.00	3754.00	3754.00	3754.00	3754.00	3754.00	3754.00	3755.00	3755.00	3755.00	3755.00	3755.00	3756.00	3756.00	3756.00	3756.00	3757.00	3757.00	3757.00	3757.00	3757.00	3758.00	3758.00	3759.00	3759.00	3759.00	3759.00	3759.00	3759.00	3759.00	3760.00	3760.00	3760.00	3760.00	3760.00	3760.00	3760.00	3761.00	3761.00	3761.00	3761.00	3761.00	3761.00	3761.00	3761.00	3761.00	3762.00	3762.00	3762.00	3762.00	3762.00	3762.00	3762.00	3762.00	3762.00	3762.00	3762.00	3762.00	3762.00	3762.00	3762.00	3762.00	3762.00	3762.00	3762.00	3762.00	3762.00	3762.00	3762.00	3762.00	3762.00	3762.00	3762.00	3762.00	3762.00	3762.00	3762.00	3762.00	3762.00	3762.00	3762.00	3762.00	3762.00	3762.00	3762.00	3762.00	3762.00	3762.00	3762.00	3762.00	3762.00	3762.00	3762.00	3762.00	3762.00	3762.00	3762.00	3762.00	3762.00	3762.00	3762.00	3762.00	3763.00	3763.00	3763.00	3763.00	3763.00	3763.00	3763.00	3763.00	3763.00	3763.00	3763.00	3763.00	3763.00
3738.00	3738.00	3738.00	3738.00	3738.00	3738.00	3738.00	3738.00	3738.00	3738.00	3739.00	3739.00	3739.00	3739.00	3739.00	3739.00	3739.00	3739.00	3739.00	3740.00	3740.00	3740.00	3740.00	3740.00	3740.00	3741.00	3741.00	3741.00	3741.00	3741.00	3741.00	3742.00	3742.00	3742.00	3742.00	3742.00	3742.00	3743.00	3743.00	3743.00	3743.00	3743.00	3744.00	3744.00	3744.00	3744.00	3745.00	3745.00	3745.00	3745.00	3745.00	3746.00	3746.00	3746.00	3746.00	3746.00	3746.00	3747.00	3747.00	3747.00	3747.00	3747.00	3747.00	3748.00	3748.00	3748.00	3748.00	3748.00	3748.00	3749.00	3749.00	3749.00	3750.00	3750.00	3750.00	3750.00	3750.00	3751.00	3751.00	3751.00	3751.00	3751.00	3752.00	3752.00	3752.00	3752.00	3752.00	3752.00	3752.00	3752.00	3752.00	3752.00	3752.00	3752.00	3752.00	3752.00	3752.00	3752.00	3752.00	3752.00	3752.00	3752.00	3752.00	3752.00	3752.00	3752.00	3752.00	3752.00	3752.00	3752.00	3752.00	3752.00	3752.00	3752.00	3752.00	3752.00	3752.00	3752.00	3752.00	3752.00	3752.00	3752.00	3752.00	3752.00	3752.00	3752.00	3752.00	3752.00	3752.00	3752.00	3752.00	3753.00	3753.00	3753.00	3753.00	3753.00	3753.00	3753.00	3753.00	3753.00	3753.00	3753.00	3754.00	3754.00	3754.00	3754.00	3754.00	3754.00	3755.00	3755.00	3755.00	3755.00	3755.00	3756.00	3756.00	3756.00	3756.00	3757.00	3757.00	3757.00	3757.00	3757.00	3758.00	3758.00	3759.00	3759.00	3759.00	3759.00	3759.00	3759.00	3759.00	3760.00	3760.00	3760.00	3760.00	3760.00	3760.00	3760.00	3761.00	3761.00	3761.00	3761.00	3761.00	3761.00	3761.00	3761.00	3761.00	3762.00	3762.00	3762.00	3762.00	3762.00	3762.00	3762.00	3762.00	3762.00	3762.00	3762.00	3762.00	3762.00	3762.00	3762.00	3762.00	3762.00	3762.00	3762.00	3762.00	3762.00	3762.00	3762.00	3762.00	3762.00	3762.00	3762.00	3762.00	3762.00	3762.00	3762.00	3762.00	3762.00	3762.00	3762.00	3762.00	3762.00	3762.00	3762.00	3762.00	3762.00	3762.00	3762.00	3762.00	3762.00	3762.00	3762.00	3762.00	3762.00	3762.00	3762.00	3762.00	3762.00	3762.00	3762.00	3762.00	3763.00	3763.00	3763.00	3763.00	3763.00	3763.00	3763.00	3763.00	3763.00	3763.00	3763.00	3763.00	3763.00
3738.00	3738.00	3738.00	3738.00	3738.00	3738.00	3738.00	3738.00	3738.00	3738.00	3739.00	3739.00	3739.00	3739.00	3739.00	3739.00	3739.00	3739.00	3739.00	3740.00	3740.00	3740.00	3740.00	3740.00	3740.00	3741.00	3741.00	3741.00	3741.00	3741.00	3741.00	3742.00	3742.00	3742.00	3742.00	3742.00	3742.00	3743.00	3743.00	3743.00	3743.00	3743.00	3744.00	3744.00	3744.00	3744.00	3745.00	3745.00	3745.00	3745.00	3745.00	3746.00	3746.00	3746.00	3746.00	3746.00	3746.00	3747.00	3747.00	3747.00	3747.00	3747.00	3747.00	3748.00	3748.00	3748.00	3748.00	3748.00	3748.00	3749.00	3749.00	3749.00	3750.00	3750.00	3750.00	3750.00	3750.00	3751.00	3751.00	3751.00	3751.00	3751.00	3752.00	3752.00	3752.00	3752.00	3752.00	3752.00	3752.00	3752.00	3752.00	3752.00	3752.00	3752.00	3752.00	3752.00	3752.00	3752.00	3752.00	3752.00	3752.00	3752.00	3752.00	3752.00	3752.00	3752.00	3752.00	3752.00	3752.00	3752.00	3752.00	3752.00	3752.00	3752.00	3752.00	3752.00	3752.00	3752.00	3752.00	3752.00	3752.00	3752.00	3752.00	3752.00	3752.00	3752.00	3752.00	3752.00	3752.00	3752.00	3752.00	3753.00	3753.00	3753.00	3753.00	3753.00	3753.00	3753.00	3753.00	3753.00	3753.00	3753.00	3754.00	3754.00	3754.00	3754.00	3754.00	3754.00	3755.00	3755.00	3755.00	3755.00	3755.00	3756.00	3756.00	3756.00	3756.00	3757.00	3757.00	3757.00	3757.00	3757.00	3758.00	3758.00	3759.00	3759.00	3759.00	3759.00	3759.00	3759.00	3759.00	3760.00	3760.00	3760.00	3760.00	3760.00	3760.00	3760.00	3761.00	3761.00	3761.00	3761.00	3761.00	3761.00	3761.00	3761.00	3761.00	3762.00	3762.00	3762.00	3762.00	3762.00	3762.00	3762.00	3762.00	3762.00	3762.00	3762.00	3762.00	3762.00	3762.00	3762.00	3762.00	3762.00	3762.00	3762.00	3762.00	3762.00	3762.00	3762.00	3762.00	3762.00	3762.00	3762.00	3762.00	3762.00	3762.00	3762.00	3762.00	3762.00	3762.00	3762.00	3762.00	3762.00	3762.00	3762.00	3762.00	3762.00	3762.00	3762.00	3762.00	3762.00	3762.00	3762.00	3762.00	3762.00	3762.00	3762.00	3762.00	3762.00	3762.00	3762.00	3762.00	3763.00	3763.00	3763.00	3763.00	3763.00	3763.00	3763.00	3763.00	3763.00	3763.00	3763.00	3763.00	3763.00
3738.00	3738.00	3738.00	3738.00	3738.00	3738.00	3738.00	3738.00	3738.00	3738.00	3739.00	3739.00	3739.00	3739.00	3739.00	3739.00	3739.00	3739.00	3739.00	3740.00	3740.00	3740.00	3740.00	3740.00	3740.00	3741.00	3741.00	3741.00	3741.00	3741.00	3741.00	3742.00	3742.00	3742.00	3742.00	3742.00	3742.00	3743.00	3743.00	3743.00	3743.00	3743.00	3744.00	3744.00	3744.00	3744.00	3745.00	3745.00	3745.00	3745.00	3745.00	3746.00	3746.00	3746.00	3746.00	3746.00	3746.00	3747.00	3747.00	3747.00	3747.00	3747.00	3747.00	3748.00	3748.00	3748.00	3748.00	3748.00	3748.00	3749.00	3749.00	3749.00	3750.00	3750.00	3750.00	3750.00	3750.00	3751.00	3751.00	3751.00	3751.00	3751.00	3752.00	3752.00	3752.00	3752.00	3752.00	3752.00	3752.00	3752.00	3752.00	3752.00	3752.00	3752.00	3752.00	3752.00	3752.00	3752.00	3752.00	3752.00	3752.00	3752.00	3752.00	3752.00	3752.00	3752.00	3752.00	3752.00	3752.00	3752.00	3752.00	3752.00	3752.00	3752.00	3752.00	3752.00	3752.00	3752.00	3752.00	3752.00	3752.00	3752.00	3752.00	3752.00	3752.00	3752.00	3752.00	3752.00	3752.00	3752.00	3752.00	3753.00	3753.00	3753.00	3753.00	3753.00	3753.00	3753.00	3753.00	3753.00	3753.00	3753.00	3754.00	3754.00	3754.00	3754.00	3754.00	3754.00	3755.00	3755.00	3755.00	3755.00	3755.00	3756.00	3756.00	3756.00	3756.00	3757.00	3757.00	3757.00	3757.00	3757.00	3758.00	3758.00	3759.00	3759.00	3759.00	3759.00	3759.00	3759.00	3759.00	3760.00	3760.00	3760.00	3760.00	3760.00	3760.00	3760.00	3761.00	3761.00	3761.00	3761.00	3761.00	3761.00	3761.00	3761.00	3761.00	3762.00	3762.00	3762.00	3762.00	3762.00	3762.00	3762.00	3762.00	3762.00	3762.00	3762.00	3762.00	3762.00	3762.00	3762.00	3762.00	3762.00	3762.00	3762.00	3762.00	3762.00	3762.00	3762.00	3762.00	3762.00	3762.00	3762.00	3762.00	3762.00	3762.00	3762.00	3762.00	3762.00	3762.00	3762.00	3762.00	3762.00	3762.00	3762.00	3762.00	3762.00	3762.00	3762.00	3762.00	3762.00	3762.00	3762.00	3762.00	3762.00	3762.00	3762.00	3762.00	3762.00	3762.00	3762.00	3762.00	3763.00	3763.00	3763.00	3763.00	3763.00	3763.00	3763.00	3763.00	3763.00	3763.00	3763.00	3763.00	3763.00
3738.00	3738.00	3738.00	3738.00	3738.00	3738.00	3738.00	3738.00	3738.00	3738.00	3739.00	3739.00	3739.00	3739.00	3739.00	3739.00	3739.00	3739.00	3739.00	3740.00	3740.00	3740.00	3740.00	3740.00	3740.00	3741.00	3741.00	3741.00	3741.00	3741.00	3741.00	3742.00	3742.00	3742.00	3742.00	3742.00	3742.00	3743.00	3743.00	3743.00	3743.00	3743.00	3744.00	3744.00	3744.00	3744.00	3745.00	3745.00	3745.00	3745.00	3745.00	3746.00	3746.00	3746.00	3746.00	3746.00	3746.00	3747.00	3747.00	3747.00	3747.00	3747.00	3747.00	3748.00	3748.00	3748.00	3748.00	3748.00	3748.00	3749.00	3749.00	3749.00	3750.00	3750.00	3750.00	3750.00	3750.00	3751.00	3751.00	3751.00	3751.00	3751.00	3752.00	3752.00	3752.00	3752.00	3752.00	3752.00	3752.00	3752.00	3752.00	3752.00	3752.00	3752.00	3752.00	3752.00	3752.00	3752.00	3752.00	3752.00	3752.00	3752.00	3752.00	3752.00	3752.00	3752.00	3752.00	3752.00	3752.00	3752.00	3752.00	3752.00	3752.00	3752.00	3752.00	3752.00	3752.00	3752.00	3752.00	3752.00	3752.00	3752.00	3752.00	3752.00	3752.00	3752.00	3752.00	3752.00	3752.00	3752.00	3752.00	3753.00	3753.00	3753.00	3753.00	3753.00	3753.00	3753.00	3753.00	3753.00	3753.00	3753.00	3754.00	3754.00	3754.00	3754.00	3754.00	3754.00	3755.00	3755.00	3755.00	3755.00	3755.00	3756.00	3756.00	3756.00	3756.00	3757.00	3757.00	3757.00	3757.00	3757.00	3758.00	3758.00	3759.00	3759.00	3759.00	3759.00	3759.00	3759.00	3759.00	3760.00	3760.00	3760.00	3760.00	3760.00	3760.00	3760.00	3761.00	3761.00	3761.00	3761.00	3761.00	3761.00	3761.00	3761.00	3761.00	3762.00	3762.00	3762.00	3762.00	3762.00	3762.00	3762.00	3762.00	3762.00	3762.00	3762.00	3762.00	3762.00	3762.00	3762.00	3762.00	3762.00	3762.00	3762.00	3762.00	3762.00	3762.00	3762.00	3762.00	3762.00	3762.00	3762.00	3762.00	3762.00	3762.00	3762.00	3762.00	3762.00	3762.00	3762.00	3762.00	3762.00	3762.00	3762.00	3762.00	3762.00	3762.00	3762.00	3762.00	3762.00	3762.00	3762.00	3762.00	3762.00	3762.00	3762.00	3762.00	3762.00	3762.00	3762.00	3762.00	3763.00	3763.00	3763.00	3763.00	3763.00	3763.00	3763.00	3763.00	3763.00	3763.00	3763.00	3763.00	3763.00
3738.00	3738.00	3738.00	3738.00	3738.00	3738.00	3738.00	3738.00	3738.00	3738.00	3739.00	3739.00	3739.00	3739.00	3739.00	3739.00	3739.00	3739.00	3739.00	3740.00	3740.00	3740.00	3740.00	3740.00	3740.00	3741.00	3741.00	3741.00	3741.00	3741.00	3741.00	3742.00	3742.00	3742.00	3742.00	3742.00	3742.00	3743.00	3743.00	3743.00	3743.00	3743.00	3744.00	3744.00	3744.00	3744.00	3745.00	3745.00	3745.00	3745.00	3745.00	3746.00	3746.00	3746.00	3746.00	3746.00	3746.00	3747.00	3747.00	3747.00	3747.00	3747.00	3747.00	3748.00	3748.00	3748.00	3748.00	3748.00	3748.00	3749.00	3749.00	3749.00	3750.00	3750.00	3750.00	3750.00	3750.00	3751.00	3751.00	3751.00	3751.00	3751.00	3752.00	3752.00	3752.00	3752.00	3752.00	3752.00	3752.00	3752.00	3752.00	3752.00	3752.00	3752.00	3752.00	3752.00	3752.00	3752.00	3752.00	3752.00	3752.00	3752.00	3752.00	3752.00	3752.00	3752.00	3752.00	3752.00	3752.00	3752.00	3752.00	3752.00	3752.00	3752.00	3752.00	3752.00	3752.00	3752.00	3752.00	3752.00	3752.00	3752.00	3752.00	3752.00	3752.00	3752.00	3752.00	3752.00	3752.00	3752.00	3752.00	3753.00	3753.00	3753.00	3753.00	3753.00	3753.00	3753.00	3753.00	3753.00	3753.00	3753.00	3754.00	3754.00	3754.00	3754.00	3754.00	3754.00	3755.00	3755.00	3755.00	3755.00	3755.00	3756.00	3756.00	3756.00	3756.00	3757.00	3757.00	3757.00	3757.00	3757.00	3758.00	3758.00	3759.00	3759.00	3759.00	3759.00	3759.00	3759.00	3759.00	3760.00	3760.00	3760.00	3760.00	3760.00	3760.00	3760.00	3761.00	3761.00	3761.00	3761.00	3761.00	3761.00	3761.00	3761.00	3761.00	3762.00	3762.00	3762.00	3762.00	3762.00	3762.00	3762.00	3762.00	3762.00	3762.00	3762.00	3762.00	3762.00	3762.00	3762.00	3762.00	3762.00	3762.00	3762.00	3762.00	3762.00	3762.00	3762.00	3762.00	3762.00	3762.00	3762.00	3762.00	3762.00	3762.00	3762.00	3762.00	3762.00	3762.00	3762.00	3762.00	3762.00	3762.00	3762.00	3762.00	3762.00	3762.00	3762.00	3762.00	3762.00	3762.00	3762.00	3762.00	3762.00	3762.00	3762.00	3762.00	3762.00	3762.00	3762.00	3762.00	3763.00	3763.00	3763.00	3763.00	3763.00	3763.00	3763.00	3763.00	3763.00	3763.00	3763.00	3763.00	3763.00
3738.00	3738.00	3738.00	3738.00	3738.00	3738.00	3738.00	3738.00	3738.00	3738.00	3739.00	3739.00	3739.00	3739.00	3739.00	3739.00	3739.00	3739.00	3739.00	3740.00	3740.00	3740.00	3740.00	3740.00	3740.00	3741.00	3741.00	3741.00	3741.00	3741.00	3741.00	3742.00	3742.00	3742.00	3742.00	3742.00	3742.00	3743.00	3743.00	3743.00	3743.00	3743.00	3744.00	3744.00	3744.00	3744.00	3745.00	3745.00	3745.00	3745.00	3745.00	3746.00	3746.00	3746.00	3746.00	3746.00	3746.00	3747.00	3747.00	3747.00	3747.00	3747.00	3747.00	3748.00	3748.00	3748.00	3748.00	3748.00	3748.00	3749.00	3749.00	3749.00	3750.00	3750.00	3750.00	3750.00	3750.00	3751.00	3751.00	3751.00	3751.00	3751.00	3752.00	3752.00	3752.00	3752.00	3752.00	3752.00	3752.00	3752.00	3752.00	3752.00	3752.00	3752.00	3752.00	3752.00	3752.00	3752.00	3752.00	3752.00	3752.00	3752.00	3752.00	3752.00	3752.00	3752.00	3752.00	3752.00	3752.00	3752.00	3752.00	3752.00	3752.00	3752.00	3752.00	3752.00	3752.00	3752.00	3752.00	3752.00	3752.00	3752.00	3752.00	3752.00	3752.00	3752.00	3752.00	3752.00	3752.00	3752.00	3752.00	3753.00	3753.00	3753.00	3753.00	3753.00	3753.00	3753.00	3753.00	3753.00	3753.00	3753.00	3754.00	3754.00	3754.00	3754.00	3754.00	3754.00	3755.00	3755.00	3755.00	3755.00	3755.00	3756.00	3756.00	3756.00	3756.00	3757.00	3757.00	3757.00	3757.00	3757.00	3758.00	3758.00	3759.00	3759.00	3759.00	3759.00	3759.00	3759.00	3759.00	3760.00	3760.00	3760.00	3760.00	3760.00	3760.00	3760.00	3761.00	3761.00	3761.00	3761.00	3761.00	3761.00	3761.00	3761.00	3761.00	3762.00	3762.00	3762.00	3762.00	3762.00	3762.00	3762.00	3762.00	3762.00	3762.00	3762.00	3762.00	3762.00	3762.00	3762.00	3762.00	3762.00	3762.00	3762.00	3762.00	3762.00	3762.00	3762.00	3762.00	3762.00	3762.00	3762.00	3762.00	3762.00	3762.00	3762.00	3762.00	3762.00	3762.00	3762.00	3762.00	3762.00	3762.00	3762.00	3762.00	3762.00	3762.00	3762.00	3762.00	3762.00	3762.00	3762.00	3762.00	3762.00	3762.00	3762.00	3762.00	3762.00	3762.00	3762.00	3762.00	3763.00	3763.00	3763.00	3763.00	3763.00	3763.00	3763.00	3763.00	3763.00	3763.00	3763.00	3763.00	3763.00
3738.00	3738.00	3738.00	3738.00	3738.00	3738.00	3738.00	3738.00	3738.00	3738.00	3739.00	3739.00	3739.00	3739.00	3739.00	3739.00	3739.00	3739.00	3739.00	3740.00	3740.00	3740.00	3740.00	3740.00	3740.00	3741.00	3741.00	3741.00	3741.00	3741.00	3741.00	3742.00	3742.00	3742.00	3742.00	3742.00	3742.00	3743.00	3743.00	3743.00	3743.00	3743.00	3744.00	3744.00	3744.00	3744.00	3745.00	3745.00	3745.00	3745.00	3745.00	3746.00	3746.00	3746.00	3746.00	3746.00	3746.00	3747.00	3747.00	3747.00	3747.00	3747.00	3747.00	3748.00	3748.00	3748.00	3748.00	3748.00	3748.00	3749.00	3749.00	3749.00	3750.00	3750.00	3750.00	3750.00	3750.00	3751.00	3751.00	3751.00	3751.00	3751.00	3752.00	3752.00	3752.00	3752.00	3752.00	3752.00	3752.00	3752.00	3752.00	3752.00	3752.00	3752.00	3752.00	3752.00	3752.00	3752.00	3752.00	3752.00	3752.00	3752.00	3752.00	3752.00	3752.00	3752.00	3752.00	3752.00	3752.00	3752.00	3752.00	3752.00	3752.00	3752.00	3752.00	3752.00	3752.00	3752.00	3752.00	3752.00	3752.00	3752.00	3752.00	3752.00	3752.00	3752.00	3752.00	3752.00	3752.00	3752.00	3752.00	3753.00	3753.00	3753.00	3753.00	3753.00	3753.00	3753.00	3753.00	3753.00	3753.00	3753.00	3754.00	3754.00	3754.00	3754.00	3754.00	3754.00	3755.00	3755.00	3755.00	3755.00	3755.00	3756.00	3756.00	3756.00	3756.00	3757.00	3757.00	3757.00	3757.00	3757.00	3758.00	3758.00	3759.00	3759.00	3759.00	3759.00	3759.00	3759.00	3759.00	3760.00	3760.00	3760.00	3760.00	3760.00	3760.00	3760.00	3761.00	3761.00	3761.00	3761.00	3761.00	3761.00	3761.00	3761.00	3761.00	3762.00	3762.00	3762.00	3762.00	3762.00	3762.00	3762.00	3762.00	3762.00	3762.00	3762.00	3762.00	3762.00	3762.00	3762.00	3762.00	3762.00	3762.00	3762.00	3762.00	3762.00	3762.00	3762.00	3762.00	3762.00	3762.00	3762.00	3762.00	3762.00	3762.00	3762.00	3762.00	3762.00	3762.00	3762.00	3762.00	3762.00	3762.00	3762.00	3762.00	3762.00	3762.00	3762.00	3762.00	3762.00	3762.00	3762.00	3762.00	3762.00	3762.00	3762.00	3762.00	3762.00	3762.00	3762.00	3762.00	3763.00	3763.00	3763.00	3763.00	3763.00	3763.00	3763.00	3763.00	3763.00	3763.00	3763.00	3763.00	3763.00
3738.00	3738.00	3738.00	3738.00	3738.00	3738.00	3738.00	3738.00	3738.00	3738.00	3739.00	3739.00	3739.00	3739.00	3739.00	3739.00	3739.00	3739.00	3739.00	3740.00	3740.00	3740.00	3740.00	3740.00	3740.00	3741.00	3741.00	3741.00	3741.00	3741.00	3741.00	3742.00	3742.00	3742.00	3742.00	3742.00	3742.00	3743.00	3743.00	3743.00	3743.00	3743.00	3744.00	3744.00	3744.00	3744.00	3745.00	3745.00	3745.00	3745.00	3745.00	3746.00	3746.00	3746.00	3746.00	3746.00	3746.00	3747.00	3747.00	3747.00	3747.00	3747.00	3747.00	3748.00	3748.00	3748.00	3748.00	3748.00	3748.00	3749.00	3749.00	3749.00	3750.00	3750.00	3750.00	3750.00	3750.00	3751.00	3751.00	3751.00	3751.00	3751.00	3752.00	3752.00	3752.00	3752.00	3752.00	3752.00	3752.00	3752.00	3752.00	3752.00	3752.00	3752.00	3752.00	3752.00	3752.00	3752.00	3752.00	3752.00	3752.00	3752.00	3752.00	3752.00	3752.00	3752.00	3752.00	3752.00	3752.00	3752.00	3752.00	3752.00	3752.00	3752.00	3752.00	3752.00	3752.00	3752.00	3752.00	3752.00	3752.00	3752.00	3752.00	3752.00	3752.00	3752.00	3752.00	3752.00	3752.00	3752.00	3752.00	3753.00	3753.00	3753.00	3753.00	3753.00	3753.00	3753.00	3753.00	3753.00	3753.00	3753.00	3754.00	3754.00	3754.00	3754.00	3754.00	3754.00	3755.00	3755.00	3755.00	3755.00	3755.00	3756.00	3756.00	3756.00	3756.00	3757.00	3757.00	3757.00	3757.00	3757.00	3758.00	3758.00	3759.00	3759.00	3759.00	3759.00	3759.00	3759.00	3759.00	3760.00	3760.00	3760.00	3760.00	3760.00	3760.00	3760.00	3761.00	3761.00	3761.00	3761.00	3761.00	3761.00	3761.00	3761.00	3761.00	3762.00	3762.00	3762.00	3762.00	3762.00	3762.00	3762.00	3762.00	3762.00	3762.00	3762.00	3762.00	3762.00	3762.00	3762.00	3762.00	3762.00	3762.00	3762.00	3762.00	3762.00	3762.00	3762.00	3762.00	3762.00	3762.00	3762.00	3762.00	3762.00	3762.00	3762.00	3762.00	3762.00	3762.00	3762.00	3762.00	3762.00	3762.00	3762.00	3762.00	3762.00	3762.00	3762.00	3762.00	3762.00	3762.00	3762.00	3762.00	3762.00	3762.00	3762.00	3762.00	3762.00	3762.00	3762.00	3762.00	3763.00	3763.00	3763.00	3763.00	3763.00	3763.00	3763.00	3763.00	3763.00	3763.00	3763.00	3763.00	3763.00
3738.00	3738.00	3738.00	3738.00	3738.00	3738.00	3738.00	3738.00	3738.00	3738.00	3739.00	3739.00	3739.00	3739.00	3739.00	3739.00	3739.00	3739.00	3739.00	3740.00	3740.00	3740.00	3740.00	3740.00	3740.00	3741.00	3741.00	3741.00	3741.00	3741.00	3741.00	3742.00	3742.00	3742.00	3742.00	3742.00	3742.00	3743.00	3743.00	3743.00	3743.00	3743.00	3744.00	3744.00	3744.00	3744.00	3745.00	3745.00	3745.00	3745.00	3745.00	3746.00	3746.00	3746.00	3746.00	3746.00	3746.00	3747.00	3747.00	3747.00	3747.00	3747.00	3747.00	3748.00	3748.00	3748.00	3748.00	3748.00	3748.00	3749.00	3749.00	3749.00	3750.00	3750.00	3750.00	3750.00	3750.00	3751.00	3751.00	3751.00	3751.00	3751.00	3752.00	3752.00	3752.00	3752.00	3752.00	3752.00	3752.00	3752.00	3752.00	3752.00	3752.00	3752.00	3752.00	3752.00	3752.00	3752.00	3752.00	3752.00	3752.00	3752.00	3752.00	3752.00	3752.00	3752.00	3752.00	3752.00	3752.00	3752.00	3752.00	3752.00	3752.00	3752.00	3752.00	3752.00	3752.00	3752.00	3752.00	3752.00	3752.00	3752.00	3752.00	3752.00	3752.00	3752.00	3752.00	3752.00	3752.00	3752.00	3752.00	3753.00	3753.00	3753.00	3753.00	3753.00	3753.00	3753.00	3753.00	3753.00	3753.00	3753.00	3754.00	3754.00	3754.00	3754.00	3754.00	3754.00	3755.00	3755.00	3755.00	3755.00	3755.00	3756.00	3756.00	3756.00	3756.00	3757.00	3757.00	3757.00	3757.00	3757.00	3758.00	3758.00	3759.00	3759.00	3759.00	3759.00	3759.00	3759.00	3759.00	3760.00	3760.00	3760.00	3760.00	3760.00	3760.00	3760.00	3761.00	3761.00	3761.00	3761.00	3761.00	3761.00	3761.00	3761.00	3761.00	3762.00	3762.00	3762.00	3762.00	3762.00	3762.00	3762.00	3762.00	3762.00	3762.00	3762.00	3762.00	3762.00	3762.00	3762.00	3762.00	3762.00	3762.00	3762.00	3762.00	3762.00	3762.00	3762.00	3762.00	3762.00	3762.00	3762.00	3762.00	3762.00	3762.00	3762.00	3762.00	3762.00	3762.00	3762.00	3762.00	3762.00	3762.00	3762.00	3762.00	3762.00	3762.00	3762.00	3762.00	3762.00	3762.00	3762.00	3762.00	3762.00	3762.00	3762.00	3762.00	3762.00	3762.00	3762.00	3762.00	3763.00	3763.00	3763.00	3763.00	3763.00	3763.00	3763.00	3763.00	3763.00	3763.00	3763.00	3763.00	3763.00
3738.00	3738.00	3738.00	3738.00	3738.00	3738.00	3738.00	3738.00	3738.00	3738.00	3739.00	3739.00	3739.00	3739.00	3739.00	3739.00	3739.00	3739.00	3739.00	3740.00	3740.00	3740.00	3740.00	3740.00	3740.00	3741.00	3741.00	3741.00	3741.00	3741.00	3741.00	3742.00	3742.00	3742.00	3742.00	3742.00	3742.00	3743.00	3743.00	3743.00	3743.00	3743.00	3744.00	3744.00	3744.00	3744.00	3745.00	3745.00	3745.00	3745.00	3745.00	3746.00	3746.00	3746.00	3746.00	3746.00	3746.00	3747.00	3747.00	3747.00	3747.00	3747.00	3747.00	3748.00	3748.00	3748.00	3748.00	3748.00	3748.00	3749.00	3749.00	3749.00	3750.00	3750.00	3750.00	3750.00	3750.00	3751.00	3751.00	3751.00	3751.00	3751.00	3752.00	3752.00	3752.00	3752.00	3752.00	3752.00	3752.00	3752.00	3752.00	3752.00	3752.00	3752.00	3752.00	3752.00	3752.00	3752.00	3752.00	3752.00	3752.00	3752.00	3752.00	3752.00	3752.00	3752.00	3752.00	3752.00	3752.00	3752.00	3752.00	3752.00	3752.00	3752.00	3752.00	3752.00	3752.00	3752.00	3752.00	3752.00	3752.00	3752.00	3752.00	3752.00	3752.00	3752.00	3752.00	3752.00	3752.00	3752.00	3752.00	3753.00	3753.00	3753.00	3753.00	3753.00	3753.00	3753.00	3753.00	3753.00	3753.00	3753.00	3754.00	3754.00	3754.00	3754.00	3754.00	3754.00	3755.00	3755.00	3755.00	3755.00	3755.00	3756.00	3756.00	3756.00	3756.00	3757.00	3757.00	3757.00	3757.00	3757.00	3758.00	3758.00	3759.00	3759.00	3759.00	3759.00	3759.00	3759.00	3759.00	3760.00	3760.00	3760.00	3760.00	3760.00	3760.00	3760.00	3761.00	3761.00	3761.00	3761.00	3761.00	3761.00	3761.00	3761.00	3761.00	3762.00	3762.00	3762.00	3762.00	3762.00	3762.00	3762.00	3762.00	3762.00	3762.00	3762.00	3762.00	3762.00	3762.00	3762.00	3762.00	3762.00	3762.00	3762.00	3762.00	3762.00	3762.00	3762.00	3762.00	3762.00	3762.00	3762.00	3762.00	3762.00	3762.00	3762.00	3762.00	3762.00	3762.00	3762.00	3762.00	3762.00	3762.00	3762.00	3762.00	3762.00	3762.00	3762.00	3762.00	3762.00	3762.00	3762.00	3762.00	3762.00	3762.00	3762.00	3762.00	3762.00	3762.00	3762.00	3762.00	3763.00	3763.00	3763.00	3763.00	3763.00	3763.00	3763.00	3763.00	3763.00	3763.00	3763.00	3763.00	3763.00
3737.00	3737.00	3737.00	3737.00	3737.00	3737.00	3737.00	3737.00	3738.00	3738.00	3738.00	3738.00	3738.00	3738.00	3738.00	3738.00	3738.00	3738.00	3738.00	3739.00	3739.00	3739.00	3739.00	3739.00	3739.00	3740.00	3740.00	3740.00	3740.00	3741.00	3741.00	3741.00	3741.00	3741.00	3741.00	3741.00	3742.00	3742.00	3742.00	3742.00	3743.00	3743.00	3743.00	3743.00	3743.00	3744.00	3744.00	3744.00	3744.00	3745.00	3745.00	3745.00	3745.00	3745.00	3745.00	3746.00	3746.00	3746.00	3746.00	3746.00	3747.00	3747.00	3747.00	3747.00	3748.00	3748.00	3748.00	3748.00	3748.00	3749.00	3749.00	3749.00	3749.00	3749.00	3749.00	3750.00	3750.00	3750.00	3750.00	3750.00	3751.00	3751.00	3751.00	3751.00	3751.00	3751.00	3751.00	3751.00	3751.00	3751.00	3751.00	3751.00	3751.00	3751.00	3751.00	3751.00	3751.00	3751.00	3752.00	3752.00	3752.00	3752.00	3752.00	3752.00	3752.00	3752.00	3752.00	3751.00	3751.00	3751.00	3751.00	3751.00	3751.00	3751.00	3751.00	3751.00	3751.00	3751.00	3751.00	3751.00	3751.00	3751.00	3751.00	3751.00	3751.00	3751.00	3751.00	3751.00	3751.00	3751.00	3751.00	3751.00	3751.00	3751.00	3751.00	3751.00	3752.00	3752.00	3752.00	3752.00	3752.00	3752.00	3752.00	3752.00	3753.00	3753.00	3753.00	3753.00	3754.00	3754.00	3754.00	3754.00	3754.00	3754.00	3755.00	3755.00	3755.00	3755.00	3756.00	3756.00	3756.00	3756.00	3756.00	3757.00	3757.00	3757.00	3757.00	3758.00	3758.00	3758.00	3758.00	3758.00	3759.00	3759.00	3759.00	3759.00	3759.00	3759.00	3759.00	3759.00	3759.00	3760.00	3760.00	3760.00	3760.00	3760.00	3760.00	3760.00	3760.00	3760.00	3760.00	3760.00	3760.00	3760.00	3760.00	3760.00	3760.00	3760.00	3761.00	3761.00	3761.00	3761.00	3761.00	3761.00	3761.00	3761.00	3761.00	3761.00	3761.00	3761.00	3761.00	3761.00	3761.00	3761.00	3761.00	3761.00	3761.00	3761.00	3761.00	3761.00	3761.00	3761.00	3761.00	3761.00	3761.00	3761.00	3761.00	3761.00	3761.00	3761.00	3761.00	3761.00	3761.00	3761.00	3761.00	3761.00	3761.00	3761.00	3761.00	3761.00	3761.00	3761.00	3761.00	3761.00	3761.00	3762.00	3762.00	3762.00	3762.00	3762.00	3762.00	3762.00	3762.00	3762.00	3762.00	3762.00
3737.00	3737.00	3737.00	3737.00	3737.00	3737.00	3737.00	3737.00	3738.00	3738.00	3738.00	3738.00	3738.00	3738.00	3738.00	3738.00	3738.00	3738.00	3738.00	3739.00	3739.00	3739.00	3739.00	3739.00	3739.00	3740.00	3740.00	3740.00	3740.00	3741.00	3741.00	3741.00	3741.00	3741.00	3741.00	3741.00	3742.00	3742.00	3742.00	3742.00	3743.00	3743.00	3743.00	3743.00	3743.00	3744.00	3744.00	3744.00	3744.00	3745.00	3745.00	3745.00	3745.00	3745.00	3745.00	3746.00	3746.00	3746.00	3746.00	3746.00	3747.00	3747.00	3747.00	3747.00	3748.00	3748.00	3748.00	3748.00	3748.00	3749.00	3749.00	3749.00	3749.00	3749.00	3749.00	3750.00	3750.00	3750.00	3750.00	3750.00	3751.00	3751.00	3751.00	3751.00	3751.00	3751.00	3751.00	3751.00	3751.00	3751.00	3751.00	3751.00	3751.00	3751.00	3751.00	3751.00	3751.00	3751.00	3752.00	3752.00	3752.00	3752.00	3752.00	3752.00	3752.00	3752.00	3752.00	3751.00	3751.00	3751.00	3751.00	3751.00	3751.00	3751.00	3751.00	3751.00	3751.00	3751.00	3751.00	3751.00	3751.00	3751.00	3751.00	3751.00	3751.00	3751.00	3751.00	3751.00	3751.00	3751.00	3751.00	3751.00	3751.00	3751.00	3751.00	3751.00	3752.00	3752.00	3752.00	3752.00	3752.00	3752.00	3752.00	3752.00	3753.00	3753.00	3753.00	3753.00	3754.00	3754.00	3754.00	3754.00	3754.00	3754.00	3755.00	3755.00	3755.00	3755.00	3756.00	3756.00	3756.00	3756.00	3756.00	3757.00	3757.00	3757.00	3757.00	3758.00	3758.00	3758.00	3758.00	3758.00	3759.00	3759.00	3759.00	3759.00	3759.00	3759.00	3759.00	3759.00	3759.00	3760.00	3760.00	3760.00	3760.00	3760.00	3760.00	3760.00	3760.00	3760.00	3760.00	3760.00	3760.00	3760.00	3760.00	3760.00	3760.00	3760.00	3761.00	3761.00	3761.00	3761.00	3761.00	3761.00	3761.00	3761.00	3761.00	3761.00	3761.00	3761.00	3761.00	3761.00	3761.00	3761.00	3761.00	3761.00	3761.00	3761.00	3761.00	3761.00	3761.00	3761.00	3761.00	3761.00	3761.00	3761.00	3761.00	3761.00	3761.00	3761.00	3761.00	3761.00	3761.00	3761.00	3761.00	3761.00	3761.00	3761.00	3761.00	3761.00	3761.00	3761.00	3761.00	3761.00	3761.00	3762.00	3762.00	3762.00	3762.00	3762.00	3762.00	3762.00	3762.00	3762.00	3762.00	3762.00
3737.00	3737.00	3737.00	3737.00	3737.00	3737.00	3737.00	3737.00	3738.00	3738.00	3738.00	3738.00	3738.00	3738.00	3738.00	3738.00	3738.00	3738.00	3738.00	3739.00	3739.00	3739.00	3739.00	3739.00	3739.00	3740.00	3740.00	3740.00	3740.00	3741.00	3741.00	3741.00	3741.00	3741.00	3741.00	3741.00	3742.00	3742.00	3742.00	3742.00	3743.00	3743.00	3743.00	3743.00	3743.00	3744.00	3744.00	3744.00	3744.00	3745.00	3745.00	3745.00	3745.00	3745.00	3745.00	3746.00	3746.00	3746.00	3746.00	3746.00	3747.00	3747.00	3747.00	3747.00	3748.00	3748.00	3748.00	3748.00	3748.00	3749.00	3749.00	3749.00	3749.00	3749.00	3749.00	3750.00	3750.00	3750.00	3750.00	3750.00	3751.00	3751.00	3751.00	3751.00	3751.00	3751.00	3751.00	3751.00	3751.00	3751.00	3751.00	3751.00	3751.00	3751.00	3751.00	3751.00	3751.00	3751.00	3752.00	3752.00	3752.00	3752.00	3752.00	3752.00	3752.00	3752.00	3752.00	3751.00	3751.00	3751.00	3751.00	3751.00	3751.00	3751.00	3751.00	3751.00	3751.00	3751.00	3751.00	3751.00	3751.00	3751.00	3751.00	3751.00	3751.00	3751.00	3751.00	3751.00	3751.00	3751.00	3751.00	3751.00	3751.00	3751.00	3751.00	3751.00	3752.00	3752.00	3752.00	3752.00	3752.00	3752.00	3752.00	3752.00	3753.00	3753.00	3753.00	3753.00	3754.00	3754.00	3754.00	3754.00	3754.00	3754.00	3755.00	3755.00	3755.00	3755.00	3756.00	3756.00	3756.00	3756.00	3756.00	3757.00	3757.00	3757.00	3757.00	3758.00	3758.00	3758.00	3758.00	3758.00	3759.00	3759.00	3759.00	3759.00	3759.00	3759.00	3759.00	3759.00	3759.00	3760.00	3760.00	3760.00	3760.00	3760.00	3760.00	3760.00	3760.00	3760.00	3760.00	3760.00	3760.00	3760.00	3760.00	3760.00	3760.00	3760.00	3761.00	3761.00	3761.00	3761.00	3761.00	3761.00	3761.00	3761.00	3761.00	3761.00	3761.00	3761.00	3761.00	3761.00	3761.00	3761.00	3761.00	3761.00	3761.00	3761.00	3761.00	3761.00	3761.00	3761.00	3761.00	3761.00	3761.00	3761.00	3761.00	3761.00	3761.00	3761.00	3761.00	3761.00	3761.00	3761.00	3761.00	3761.00	3761.00	3761.00	3761.00	3761.00	3761.00	3761.00	3761.00	3761.00	3761.00	3762.00	3762.00	3762.00	3762.00	3762.00	3762.00	3762.00	3762.00	3762.00	3762.00	3762.00
3737.00	3737.00	3737.00	3737.00	3737.00	3737.00	3737.00	3737.00	3738.00	3738.00	3738.00	3738.00	3738.00	3738.00	3738.00	3738.00	3738.00	3738.00	3738.00	3739.00	3739.00	3739.00	3739.00	3739.00	3739.00	3740.00	3740.00	3740.00	3740.00	3741.00	3741.00	3741.00	3741.00	3741.00	3741.00	3741.00	3742.00	3742.00	3742.00	3742.00	3743.00	3743.00	3743.00	3743.00	3743.00	3744.00	3744.00	3744.00	3744.00	3745.00	3745.00	3745.00	3745.00	3745.00	3745.00	3746.00	3746.00	3746.00	3746.00	3746.00	3747.00	3747.00	3747.00	3747.00	3748.00	3748.00	3748.00	3748.00	3748.00	3749.00	3749.00	3749.00	3749.00	3749.00	3749.00	3750.00	3750.00	3750.00	3750.00	3750.00	3751.00	3751.00	3751.00	3751.00	3751.00	3751.00	3751.00	3751.00	3751.00	3751.00	3751.00	3751.00	3751.00	3751.00	3751.00	3751.00	3751.00	3751.00	3752.00	3752.00	3752.00	3752.00	3752.00	3752.00	3752.00	3752.00	3752.00	3751.00	3751.00	3751.00	3751.00	3751.00	3751.00	3751.00	3751.00	3751.00	3751.00	3751.00	3751.00	3751.00	3751.00	3751.00	3751.00	3751.00	3751.00	3751.00	3751.00	3751.00	3751.00	3751.00	3751.00	3751.00	3751.00	3751.00	3751.00	3751.00	3752.00	3752.00	3752.00	3752.00	3752.00	3752.00	3752.00	3752.00	3753.00	3753.00	3753.00	3753.00	3754.00	3754.00	3754.00	3754.00	3754.00	3754.00	3755.00	3755.00	3755.00	3755.00	3756.00	3756.00	3756.00	3756.00	3756.00	3757.00	3757.00	3757.00	3757.00	3758.00	3758.00	3758.00	3758.00	3758.00	3759.00	3759.00	3759.00	3759.00	3759.00	3759.00	3759.00	3759.00	3759.00	3760.00	3760.00	3760.00	3760.00	3760.00	3760.00	3760.00	3760.00	3760.00	3760.00	3760.00	3760.00	3760.00	3760.00	3760.00	3760.00	3760.00	3761.00	3761.00	3761.00	3761.00	3761.00	3761.00	3761.00	3761.00	3761.00	3761.00	3761.00	3761.00	3761.00	3761.00	3761.00	3761.00	3761.00	3761.00	3761.00	3761.00	3761.00	3761.00	3761.00	3761.00	3761.00	3761.00	3761.00	3761.00	3761.00	3761.00	3761.00	3761.00	3761.00	3761.00	3761.00	3761.00	3761.00	3761.00	3761.00	3761.00	3761.00	3761.00	3761.00	3761.00	3761.00	3761.00	3761.00	3762.00	3762.00	3762.00	3762.00	3762.00	3762.00	3762.00	3762.00	3762.00	3762.00	3762.00
3737.00	3737.00	3737.00	3737.00	3737.00	3737.00	3737.00	3737.00	3738.00	3738.00	3738.00	3738.00	3738.00	3738.00	3738.00	3738.00	3738.00	3738.00	3738.00	3739.00	3739.00	3739.00	3739.00	3739.00	3739.00	3740.00	3740.00	3740.00	3740.00	3741.00	3741.00	3741.00	3741.00	3741.00	3741.00	3741.00	3742.00	3742.00	3742.00	3742.00	3743.00	3743.00	3743.00	3743.00	3743.00	3744.00	3744.00	3744.00	3744.00	3745.00	3745.00	3745.00	3745.00	3745.00	3745.00	3746.00	3746.00	3746.00	3746.00	3746.00	3747.00	3747.00	3747.00	3747.00	3748.00	3748.00	3748.00	3748.00	3748.00	3749.00	3749.00	3749.00	3749.00	3749.00	3749.00	3750.00	3750.00	3750.00	3750.00	3750.00	3751.00	3751.00	3751.00	3751.00	3751.00	3751.00	3751.00	3751.00	3751.00	3751.00	3751.00	3751.00	3751.00	3751.00	3751.00	3751.00	3751.00	3751.00	3752.00	3752.00	3752.00	3752.00	3752.00	3752.00	3752.00	3752.00	3752.00	3751.00	3751.00	3751.00	3751.00	3751.00	3751.00	3751.00	3751.00	3751.00	3751.00	3751.00	3751.00	3751.00	3751.00	3751.00	3751.00	3751.00	3751.00	3751.00	3751.00	3751.00	3751.00	3751.00	3751.00	3751.00	3751.00	3751.00	3751.00	3751.00	3752.00	3752.00	3752.00	3752.00	3752.00	3752.00	3752.00	3752.00	3753.00	3753.00	3753.00	3753.00	3754.00	3754.00	3754.00	3754.00	3754.00	3754.00	3755.00	3755.00	3755.00	3755.00	3756.00	3756.00	3756.00	3756.00	3756.00	3757.00	3757.00	3757.00	3757.00	3758.00	3758.00	3758.00	3758.00	3758.00	3759.00	3759.00	3759.00	3759.00	3759.00	3759.00	3759.00	3759.00	3759.00	3760.00	3760.00	3760.00	3760.00	3760.00	3760.00	3760.00	3760.00	3760.00	3760.00	3760.00	3760.00	3760.00	3760.00	3760.00	3760.00	3760.00	3761.00	3761.00	3761.00	3761.00	3761.00	3761.00	3761.00	3761.00	3761.00	3761.00	3761.00	3761.00	3761.00	3761.00	3761.00	3761.00	3761.00	3761.00	3761.00	3761.00	3761.00	3761.00	3761.00	3761.00	3761.00	3761.00	3761.00	3761.00	3761.00	3761.00	3761.00	3761.00	3761.00	3761.00	3761.00	3761.00	3761.00	3761.00	3761.00	3761.00	3761.00	3761.00	3761.00	3761.00	3761.00	3761.00	3761.00	3762.00	3762.00	3762.00	3762.00	3762.00	3762.00	3762.00	3762.00	3762.00	3762.00	3762.00
3736.00	3736.00	3736.00	3736.00	3736.00	3736.00	3736.00	3736.00	3736.00	3736.00	3737.00	3737.00	3737.00	3737.00	3737.00	3737.00	3737.00	3737.00	3737.00	3738.00	3738.00	3738.00	3738.00	3738.00	3739.00	3739.00	3739.00	3739.00	3740.00	3740.00	3740.00	3740.00	3740.00	3740.00	3741.00	3741.00	3741.00	3741.00	3742.00	3742.00	3742.00	3742.00	3742.00	3743.00	3743.00	3743.00	3743.00	3743.00	3743.00	3744.00	3744.00	3744.00	3744.00	3744.00	3744.00	3745.00	3745.00	3745.00	3745.00	3745.00	3746.00	3746.00	3746.00	3746.00	3746.00	3746.00	3747.00	3747.00	3747.00	3747.00	3748.00	3748.00	3748.00	3748.00	3748.00	3748.00	3748.00	3749.00	3749.00	3749.00	3749.00	3749.00	3749.00	3749.00	3749.00	3749.00	3750.00	3750.00	3750.00	3750.00	3750.00	3750.00	3750.00	3750.00	3750.00	3750.00	3750.00	3750.00	3750.00	3750.00	3750.00	3750.00	3750.00	3750.00	3750.00	3750.00	3750.00	3750.00	3750.00	3750.00	3750.00	3750.00	3750.00	3750.00	3750.00	3750.00	3750.00	3750.00	3750.00	3750.00	3750.00	3750.00	3750.00	3750.00	3750.00	3750.00	3750.00	3750.00	3750.00	3750.00	3750.00	3750.00	3750.00	3750.00	3750.00	3750.00	3751.00	3751.00	3751.00	3751.00	3751.00	3751.00	3752.00	3752.00	3752.00	3752.00	3752.00	3752.00	3753.00	3753.00	3753.00	3753.00	3753.00	3754.00	3754.00	3754.00	3754.00	3755.00	3755.00	3755.00	3755.00	3755.00	3756.00	3756.00	3756.00	3756.00	3756.00	3757.00	3757.00	3757.00	3757.00	3757.00	3758.00	3758.00	3758.00	3758.00	3758.00	3758.00	3758.00	3758.00	3759.00	3759.00	3759.00	3759.00	3759.00	3759.00	3759.00	3759.00	3759.00	3759.00	3759.00	3759.00	3759.00	3759.00	3759.00	3759.00	3759.00	3759.00	3760.00	3760.00	3760.00	3760.00	3760.00	3760.00	3760.00	3760.00	3760.00	3760.00	3760.00	3760.00	3760.00	3760.00	3760.00	3760.00	3760.00	3760.00	3760.00	3760.00	3760.00	3760.00	3760.00	3760.00	3760.00	3760.00	3760.00	3760.00	3760.00	3760.00	3760.00	3760.00	3760.00	3760.00	3760.00	3760.00	3760.00	3760.00	3760.00	3760.00	3760.00	3761.00	3761.00	3761.00	3761.00	3761.00	3761.00	3761.00	3761.00	3761.00	3761.00	3762.00	3762.00	3762.00	3762.00	3762.00	3762.00	3762.00
3736.00	3736.00	3736.00	3736.00	3736.00	3736.00	3736.00	3736.00	3736.00	3736.00	3737.00	3737.00	3737.00	3737.00	3737.00	3737.00	3737.00	3737.00	3737.00	3738.00	3738.00	3738.00	3738.00	3738.00	3739.00	3739.00	3739.00	3739.00	3740.00	3740.00	3740.00	3740.00	3740.00	3740.00	3741.00	3741.00	3741.00	3741.00	3742.00	3742.00	3742.00	3742.00	3742.00	3743.00	3743.00	3743.00	3743.00	3743.00	3743.00	3744.00	3744.00	3744.00	3744.00	3744.00	3744.00	3745.00	3745.00	3745.00	3745.00	3745.00	3746.00	3746.00	3746.00	3746.00	3746.00	3746.00	3747.00	3747.00	3747.00	3747.00	3748.00	3748.00	3748.00	3748.00	3748.00	3748.00	3748.00	3749.00	3749.00	3749.00	3749.00	3749.00	3749.00	3749.00	3749.00	3749.00	3750.00	3750.00	3750.00	3750.00	3750.00	3750.00	3750.00	3750.00	3750.00	3750.00	3750.00	3750.00	3750.00	3750.00	3750.00	3750.00	3750.00	3750.00	3750.00	3750.00	3750.00	3750.00	3750.00	3750.00	3750.00	3750.00	3750.00	3750.00	3750.00	3750.00	3750.00	3750.00	3750.00	3750.00	3750.00	3750.00	3750.00	3750.00	3750.00	3750.00	3750.00	3750.00	3750.00	3750.00	3750.00	3750.00	3750.00	3750.00	3750.00	3750.00	3751.00	3751.00	3751.00	3751.00	3751.00	3751.00	3752.00	3752.00	3752.00	3752.00	3752.00	3752.00	3753.00	3753.00	3753.00	3753.00	3753.00	3754.00	3754.00	3754.00	3754.00	3755.00	3755.00	3755.00	3755.00	3755.00	3756.00	3756.00	3756.00	3756.00	3756.00	3757.00	3757.00	3757.00	3757.00	3757.00	3758.00	3758.00	3758.00	3758.00	3758.00	3758.00	3758.00	3758.00	3759.00	3759.00	3759.00	3759.00	3759.00	3759.00	3759.00	3759.00	3759.00	3759.00	3759.00	3759.00	3759.00	3759.00	3759.00	3759.00	3759.00	3759.00	3760.00	3760.00	3760.00	3760.00	3760.00	3760.00	3760.00	3760.00	3760.00	3760.00	3760.00	3760.00	3760.00	3760.00	3760.00	3760.00	3760.00	3760.00	3760.00	3760.00	3760.00	3760.00	3760.00	3760.00	3760.00	3760.00	3760.00	3760.00	3760.00	3760.00	3760.00	3760.00	3760.00	3760.00	3760.00	3760.00	3760.00	3760.00	3760.00	3760.00	3760.00	3761.00	3761.00	3761.00	3761.00	3761.00	3761.00	3761.00	3761.00	3761.00	3761.00	3762.00	3762.00	3762.00	3762.00	3762.00	3762.00	3762.00
3736.00	3736.00	3736.00	3736.00	3736.00	3736.00	3736.00	3736.00	3736.00	3736.00	3737.00	3737.00	3737.00	3737.00	3737.00	3737.00	3737.00	3737.00	3737.00	3738.00	3738.00	3738.00	3738.00	3738.00	3739.00	3739.00	3739.00	3739.00	3740.00	3740.00	3740.00	3740.00	3740.00	3740.00	3741.00	3741.00	3741.00	3741.00	3742.00	3742.00	3742.00	3742.00	3742.00	3743.00	3743.00	3743.00	3743.00	3743.00	3743.00	3744.00	3744.00	3744.00	3744.00	3744.00	3744.00	3745.00	3745.00	3745.00	3745.00	3745.00	3746.00	3746.00	3746.00	3746.00	3746.00	3746.00	3747.00	3747.00	3747.00	3747.00	3748.00	3748.00	3748.00	3748.00	3748.00	3748.00	3748.00	3749.00	3749.00	3749.00	3749.00	3749.00	3749.00	3749.00	3749.00	3749.00	3750.00	3750.00	3750.00	3750.00	3750.00	3750.00	3750.00	3750.00	3750.00	3750.00	3750.00	3750.00	3750.00	3750.00	3750.00	3750.00	3750.00	3750.00	3750.00	3750.00	3750.00	3750.00	3750.00	3750.00	3750.00	3750.00	3750.00	3750.00	3750.00	3750.00	3750.00	3750.00	3750.00	3750.00	3750.00	3750.00	3750.00	3750.00	3750.00	3750.00	3750.00	3750.00	3750.00	3750.00	3750.00	3750.00	3750.00	3750.00	3750.00	3750.00	3751.00	3751.00	3751.00	3751.00	3751.00	3751.00	3752.00	3752.00	3752.00	3752.00	3752.00	3752.00	3753.00	3753.00	3753.00	3753.00	3753.00	3754.00	3754.00	3754.00	3754.00	3755.00	3755.00	3755.00	3755.00	3755.00	3756.00	3756.00	3756.00	3756.00	3756.00	3757.00	3757.00	3757.00	3757.00	3757.00	3758.00	3758.00	3758.00	3758.00	3758.00	3758.00	3758.00	3758.00	3759.00	3759.00	3759.00	3759.00	3759.00	3759.00	3759.00	3759.00	3759.00	3759.00	3759.00	3759.00	3759.00	3759.00	3759.00	3759.00	3759.00	3759.00	3760.00	3760.00	3760.00	3760.00	3760.00	3760.00	3760.00	3760.00	3760.00	3760.00	3760.00	3760.00	3760.00	3760.00	3760.00	3760.00	3760.00	3760.00	3760.00	3760.00	3760.00	3760.00	3760.00	3760.00	3760.00	3760.00	3760.00	3760.00	3760.00	3760.00	3760.00	3760.00	3760.00	3760.00	3760.00	3760.00	3760.00	3760.00	3760.00	3760.00	3760.00	3761.00	3761.00	3761.00	3761.00	3761.00	3761.00	3761.00	3761.00	3761.00	3761.00	3762.00	3762.00	3762.00	3762.00	3762.00	3762.00	3762.00
3736.00	3736.00	3736.00	3736.00	3736.00	3736.00	3736.00	3736.00	3736.00	3736.00	3737.00	3737.00	3737.00	3737.00	3737.00	3737.00	3737.00	3737.00	3737.00	3738.00	3738.00	3738.00	3738.00	3738.00	3739.00	3739.00	3739.00	3739.00	3740.00	3740.00	3740.00	3740.00	3740.00	3740.00	3741.00	3741.00	3741.00	3741.00	3742.00	3742.00	3742.00	3742.00	3742.00	3743.00	3743.00	3743.00	3743.00	3743.00	3743.00	3744.00	3744.00	3744.00	3744.00	3744.00	3744.00	3745.00	3745.00	3745.00	3745.00	3745.00	3746.00	3746.00	3746.00	3746.00	3746.00	3746.00	3747.00	3747.00	3747.00	3747.00	3748.00	3748.00	3748.00	3748.00	3748.00	3748.00	3748.00	3749.00	3749.00	3749.00	3749.00	3749.00	3749.00	3749.00	3749.00	3749.00	3750.00	3750.00	3750.00	3750.00	3750.00	3750.00	3750.00	3750.00	3750.00	3750.00	3750.00	3750.00	3750.00	3750.00	3750.00	3750.00	3750.00	3750.00	3750.00	3750.00	3750.00	3750.00	3750.00	3750.00	3750.00	3750.00	3750.00	3750.00	3750.00	3750.00	3750.00	3750.00	3750.00	3750.00	3750.00	3750.00	3750.00	3750.00	3750.00	3750.00	3750.00	3750.00	3750.00	3750.00	3750.00	3750.00	3750.00	3750.00	3750.00	3750.00	3751.00	3751.00	3751.00	3751.00	3751.00	3751.00	3752.00	3752.00	3752.00	3752.00	3752.00	3752.00	3753.00	3753.00	3753.00	3753.00	3753.00	3754.00	3754.00	3754.00	3754.00	3755.00	3755.00	3755.00	3755.00	3755.00	3756.00	3756.00	3756.00	3756.00	3756.00	3757.00	3757.00	3757.00	3757.00	3757.00	3758.00	3758.00	3758.00	3758.00	3758.00	3758.00	3758.00	3758.00	3759.00	3759.00	3759.00	3759.00	3759.00	3759.00	3759.00	3759.00	3759.00	3759.00	3759.00	3759.00	3759.00	3759.00	3759.00	3759.00	3759.00	3759.00	3760.00	3760.00	3760.00	3760.00	3760.00	3760.00	3760.00	3760.00	3760.00	3760.00	3760.00	3760.00	3760.00	3760.00	3760.00	3760.00	3760.00	3760.00	3760.00	3760.00	3760.00	3760.00	3760.00	3760.00	3760.00	3760.00	3760.00	3760.00	3760.00	3760.00	3760.00	3760.00	3760.00	3760.00	3760.00	3760.00	3760.00	3760.00	3760.00	3760.00	3760.00	3761.00	3761.00	3761.00	3761.00	3761.00	3761.00	3761.00	3761.00	3761.00	3761.00	3762.00	3762.00	3762.00	3762.00	3762.00	3762.00	3762.00
3736.00	3736.00	3736.00	3736.00	3736.00	3736.00	3736.00	3736.00	3736.00	3736.00	3737.00	3737.00	3737.00	3737.00	3737.00	3737.00	3737.00	3737.00	3737.00	3738.00	3738.00	3738.00	3738.00	3738.00	3739.00	3739.00	3739.00	3739.00	3740.00	3740.00	3740.00	3740.00	3740.00	3740.00	3741.00	3741.00	3741.00	3741.00	3742.00	3742.00	3742.00	3742.00	3742.00	3743.00	3743.00	3743.00	3743.00	3743.00	3743.00	3744.00	3744.00	3744.00	3744.00	3744.00	3744.00	3745.00	3745.00	3745.00	3745.00	3745.00	3746.00	3746.00	3746.00	3746.00	3746.00	3746.00	3747.00	3747.00	3747.00	3747.00	3748.00	3748.00	3748.00	3748.00	3748.00	3748.00	3748.00	3749.00	3749.00	3749.00	3749.00	3749.00	3749.00	3749.00	3749.00	3749.00	3750.00	3750.00	3750.00	3750.00	3750.00	3750.00	3750.00	3750.00	3750.00	3750.00	3750.00	3750.00	3750.00	3750.00	3750.00	3750.00	3750.00	3750.00	3750.00	3750.00	3750.00	3750.00	3750.00	3750.00	3750.00	3750.00	3750.00	3750.00	3750.00	3750.00	3750.00	3750.00	3750.00	3750.00	3750.00	3750.00	3750.00	3750.00	3750.00	3750.00	3750.00	3750.00	3750.00	3750.00	3750.00	3750.00	3750.00	3750.00	3750.00	3750.00	3751.00	3751.00	3751.00	3751.00	3751.00	3751.00	3752.00	3752.00	3752.00	3752.00	3752.00	3752.00	3753.00	3753.00	3753.00	3753.00	3753.00	3754.00	3754.00	3754.00	3754.00	3755.00	3755.00	3755.00	3755.00	3755.00	3756.00	3756.00	3756.00	3756.00	3756.00	3757.00	3757.00	3757.00	3757.00	3757.00	3758.00	3758.00	3758.00	3758.00	3758.00	3758.00	3758.00	3758.00	3759.00	3759.00	3759.00	3759.00	3759.00	3759.00	3759.00	3759.00	3759.00	3759.00	3759.00	3759.00	3759.00	3759.00	3759.00	3759.00	3759.00	3759.00	3760.00	3760.00	3760.00	3760.00	3760.00	3760.00	3760.00	3760.00	3760.00	3760.00	3760.00	3760.00	3760.00	3760.00	3760.00	3760.00	3760.00	3760.00	3760.00	3760.00	3760.00	3760.00	3760.00	3760.00	3760.00	3760.00	3760.00	3760.00	3760.00	3760.00	3760.00	3760.00	3760.00	3760.00	3760.00	3760.00	3760.00	3760.00	3760.00	3760.00	3760.00	3761.00	3761.00	3761.00	3761.00	3761.00	3761.00	3761.00	3761.00	3761.00	3761.00	3762.00	3762.00	3762.00	3762.00	3762.00	3762.00	3762.00
3736.00	3736.00	3736.00	3736.00	3736.00	3736.00	3736.00	3736.00	3736.00	3736.00	3737.00	3737.00	3737.00	3737.00	3737.00	3737.00	3737.00	3737.00	3737.00	3738.00	3738.00	3738.00	3738.00	3738.00	3739.00	3739.00	3739.00	3739.00	3740.00	3740.00	3740.00	3740.00	3740.00	3740.00	3741.00	3741.00	3741.00	3741.00	3742.00	3742.00	3742.00	3742.00	3742.00	3743.00	3743.00	3743.00	3743.00	3743.00	3743.00	3744.00	3744.00	3744.00	3744.00	3744.00	3744.00	3745.00	3745.00	3745.00	3745.00	3745.00	3746.00	3746.00	3746.00	3746.00	3746.00	3746.00	3747.00	3747.00	3747.00	3747.00	3748.00	3748.00	3748.00	3748.00	3748.00	3748.00	3748.00	3749.00	3749.00	3749.00	3749.00	3749.00	3749.00	3749.00	3749.00	3749.00	3750.00	3750.00	3750.00	3750.00	3750.00	3750.00	3750.00	3750.00	3750.00	3750.00	3750.00	3750.00	3750.00	3750.00	3750.00	3750.00	3750.00	3750.00	3750.00	3750.00	3750.00	3750.00	3750.00	3750.00	3750.00	3750.00	3750.00	3750.00	3750.00	3750.00	3750.00	3750.00	3750.00	3750.00	3750.00	3750.00	3750.00	3750.00	3750.00	3750.00	3750.00	3750.00	3750.00	3750.00	3750.00	3750.00	3750.00	3750.00	3750.00	3750.00	3751.00	3751.00	3751.00	3751.00	3751.00	3751.00	3752.00	3752.00	3752.00	3752.00	3752.00	3752.00	3753.00	3753.00	3753.00	3753.00	3753.00	3754.00	3754.00	3754.00	3754.00	3755.00	3755.00	3755.00	3755.00	3755.00	3756.00	3756.00	3756.00	3756.00	3756.00	3757.00	3757.00	3757.00	3757.00	3757.00	3758.00	3758.00	3758.00	3758.00	3758.00	3758.00	3758.00	3758.00	3759.00	3759.00	3759.00	3759.00	3759.00	3759.00	3759.00	3759.00	3759.00	3759.00	3759.00	3759.00	3759.00	3759.00	3759.00	3759.00	3759.00	3759.00	3760.00	3760.00	3760.00	3760.00	3760.00	3760.00	3760.00	3760.00	3760.00	3760.00	3760.00	3760.00	3760.00	3760.00	3760.00	3760.00	3760.00	3760.00	3760.00	3760.00	3760.00	3760.00	3760.00	3760.00	3760.00	3760.00	3760.00	3760.00	3760.00	3760.00	3760.00	3760.00	3760.00	3760.00	3760.00	3760.00	3760.00	3760.00	3760.00	3760.00	3760.00	3761.00	3761.00	3761.00	3761.00	3761.00	3761.00	3761.00	3761.00	3761.00	3761.00	3762.00	3762.00	3762.00	3762.00	3762.00	3762.00	3762.00
3736.00	3736.00	3736.00	3736.00	3736.00	3736.00	3736.00	3736.00	3736.00	3736.00	3737.00	3737.00	3737.00	3737.00	3737.00	3737.00	3737.00	3737.00	3737.00	3738.00	3738.00	3738.00	3738.00	3738.00	3739.00	3739.00	3739.00	3739.00	3740.00	3740.00	3740.00	3740.00	3740.00	3740.00	3741.00	3741.00	3741.00	3741.00	3742.00	3742.00	3742.00	3742.00	3742.00	3743.00	3743.00	3743.00	3743.00	3743.00	3743.00	3744.00	3744.00	3744.00	3744.00	3744.00	3744.00	3745.00	3745.00	3745.00	3745.00	3745.00	3746.00	3746.00	3746.00	3746.00	3746.00	3746.00	3747.00	3747.00	3747.00	3747.00	3748.00	3748.00	3748.00	3748.00	3748.00	3748.00	3748.00	3749.00	3749.00	3749.00	3749.00	3749.00	3749.00	3749.00	3749.00	3749.00	3750.00	3750.00	3750.00	3750.00	3750.00	3750.00	3750.00	3750.00	3750.00	3750.00	3750.00	3750.00	3750.00	3750.00	3750.00	3750.00	3750.00	3750.00	3750.00	3750.00	3750.00	3750.00	3750.00	3750.00	3750.00	3750.00	3750.00	3750.00	3750.00	3750.00	3750.00	3750.00	3750.00	3750.00	3750.00	3750.00	3750.00	3750.00	3750.00	3750.00	3750.00	3750.00	3750.00	3750.00	3750.00	3750.00	3750.00	3750.00	3750.00	3750.00	3751.00	3751.00	3751.00	3751.00	3751.00	3751.00	3752.00	3752.00	3752.00	3752.00	3752.00	3752.00	3753.00	3753.00	3753.00	3753.00	3753.00	3754.00	3754.00	3754.00	3754.00	3755.00	3755.00	3755.00	3755.00	3755.00	3756.00	3756.00	3756.00	3756.00	3756.00	3757.00	3757.00	3757.00	3757.00	3757.00	3758.00	3758.00	3758.00	3758.00	3758.00	3758.00	3758.00	3758.00	3759.00	3759.00	3759.00	3759.00	3759.00	3759.00	3759.00	3759.00	3759.00	3759.00	3759.00	3759.00	3759.00	3759.00	3759.00	3759.00	3759.00	3759.00	3760.00	3760.00	3760.00	3760.00	3760.00	3760.00	3760.00	3760.00	3760.00	3760.00	3760.00	3760.00	3760.00	3760.00	3760.00	3760.00	3760.00	3760.00	3760.00	3760.00	3760.00	3760.00	3760.00	3760.00	3760.00	3760.00	3760.00	3760.00	3760.00	3760.00	3760.00	3760.00	3760.00	3760.00	3760.00	3760.00	3760.00	3760.00	3760.00	3760.00	3760.00	3761.00	3761.00	3761.00	3761.00	3761.00	3761.00	3761.00	3761.00	3761.00	3761.00	3762.00	3762.00	3762.00	3762.00	3762.00	3762.00	3762.00
3736.00	3736.00	3736.00	3736.00	3736.00	3736.00	3736.00	3736.00	3736.00	3736.00	3737.00	3737.00	3737.00	3737.00	3737.00	3737.00	3737.00	3737.00	3737.00	3738.00	3738.00	3738.00	3738.00	3738.00	3739.00	3739.00	3739.00	3739.00	3740.00	3740.00	3740.00	3740.00	3740.00	3740.00	3741.00	3741.00	3741.00	3741.00	3742.00	3742.00	3742.00	3742.00	3742.00	3743.00	3743.00	3743.00	3743.00	3743.00	3743.00	3744.00	3744.00	3744.00	3744.00	3744.00	3744.00	3745.00	3745.00	3745.00	3745.00	3745.00	3746.00	3746.00	3746.00	3746.00	3746.00	3746.00	3747.00	3747.00	3747.00	3747.00	3748.00	3748.00	3748.00	3748.00	3748.00	3748.00	3748.00	3749.00	3749.00	3749.00	3749.00	3749.00	3749.00	3749.00	3749.00	3749.00	3750.00	3750.00	3750.00	3750.00	3750.00	3750.00	3750.00	3750.00	3750.00	3750.00	3750.00	3750.00	3750.00	3750.00	3750.00	3750.00	3750.00	3750.00	3750.00	3750.00	3750.00	3750.00	3750.00	3750.00	3750.00	3750.00	3750.00	3750.00	3750.00	3750.00	3750.00	3750.00	3750.00	3750.00	3750.00	3750.00	3750.00	3750.00	3750.00	3750.00	3750.00	3750.00	3750.00	3750.00	3750.00	3750.00	3750.00	3750.00	3750.00	3750.00	3751.00	3751.00	3751.00	3751.00	3751.00	3751.00	3752.00	3752.00	3752.00	3752.00	3752.00	3752.00	3753.00	3753.00	3753.00	3753.00	3753.00	3754.00	3754.00	3754.00	3754.00	3755.00	3755.00	3755.00	3755.00	3755.00	3756.00	3756.00	3756.00	3756.00	3756.00	3757.00	3757.00	3757.00	3757.00	3757.00	3758.00	3758.00	3758.00	3758.00	3758.00	3758.00	3758.00	3758.00	3759.00	3759.00	3759.00	3759.00	3759.00	3759.00	3759.00	3759.00	3759.00	3759.00	3759.00	3759.00	3759.00	3759.00	3759.00	3759.00	3759.00	3759.00	3760.00	3760.00	3760.00	3760.00	3760.00	3760.00	3760.00	3760.00	3760.00	3760.00	3760.00	3760.00	3760.00	3760.00	3760.00	3760.00	3760.00	3760.00	3760.00	3760.00	3760.00	3760.00	3760.00	3760.00	3760.00	3760.00	3760.00	3760.00	3760.00	3760.00	3760.00	3760.00	3760.00	3760.00	3760.00	3760.00	3760.00	3760.00	3760.00	3760.00	3760.00	3761.00	3761.00	3761.00	3761.00	3761.00	3761.00	3761.00	3761.00	3761.00	3761.00	3762.00	3762.00	3762.00	3762.00	3762.00	3762.00	3762.00
3736.00	3736.00	3736.00	3736.00	3736.00	3736.00	3736.00	3736.00	3736.00	3736.00	3737.00	3737.00	3737.00	3737.00	3737.00	3737.00	3737.00	3737.00	3737.00	3738.00	3738.00	3738.00	3738.00	3738.00	3739.00	3739.00	3739.00	3739.00	3740.00	3740.00	3740.00	3740.00	3740.00	3740.00	3741.00	3741.00	3741.00	3741.00	3742.00	3742.00	3742.00	3742.00	3742.00	3743.00	3743.00	3743.00	3743.00	3743.00	3743.00	3744.00	3744.00	3744.00	3744.00	3744.00	3744.00	3745.00	3745.00	3745.00	3745.00	3745.00	3746.00	3746.00	3746.00	3746.00	3746.00	3746.00	3747.00	3747.00	3747.00	3747.00	3748.00	3748.00	3748.00	3748.00	3748.00	3748.00	3748.00	3749.00	3749.00	3749.00	3749.00	3749.00	3749.00	3749.00	3749.00	3749.00	3750.00	3750.00	3750.00	3750.00	3750.00	3750.00	3750.00	3750.00	3750.00	3750.00	3750.00	3750.00	3750.00	3750.00	3750.00	3750.00	3750.00	3750.00	3750.00	3750.00	3750.00	3750.00	3750.00	3750.00	3750.00	3750.00	3750.00	3750.00	3750.00	3750.00	3750.00	3750.00	3750.00	3750.00	3750.00	3750.00	3750.00	3750.00	3750.00	3750.00	3750.00	3750.00	3750.00	3750.00	3750.00	3750.00	3750.00	3750.00	3750.00	3750.00	3751.00	3751.00	3751.00	3751.00	3751.00	3751.00	3752.00	3752.00	3752.00	3752.00	3752.00	3752.00	3753.00	3753.00	3753.00	3753.00	3753.00	3754.00	3754.00	3754.00	3754.00	3755.00	3755.00	3755.00	3755.00	3755.00	3756.00	3756.00	3756.00	3756.00	3756.00	3757.00	3757.00	3757.00	3757.00	3757.00	3758.00	3758.00	3758.00	3758.00	3758.00	3758.00	3758.00	3758.00	3759.00	3759.00	3759.00	3759.00	3759.00	3759.00	3759.00	3759.00	3759.00	3759.00	3759.00	3759.00	3759.00	3759.00	3759.00	3759.00	3759.00	3759.00	3760.00	3760.00	3760.00	3760.00	3760.00	3760.00	3760.00	3760.00	3760.00	3760.00	3760.00	3760.00	3760.00	3760.00	3760.00	3760.00	3760.00	3760.00	3760.00	3760.00	3760.00	3760.00	3760.00	3760.00	3760.00	3760.00	3760.00	3760.00	3760.00	3760.00	3760.00	3760.00	3760.00	3760.00	3760.00	3760.00	3760.00	3760.00	3760.00	3760.00	3760.00	3761.00	3761.00	3761.00	3761.00	3761.00	3761.00	3761.00	3761.00	3761.00	3761.00	3762.00	3762.00	3762.00	3762.00	3762.00	3762.00	3762.00
3736.00	3736.00	3736.00	3736.00	3736.00	3736.00	3736.00	3736.00	3736.00	3736.00	3737.00	3737.00	3737.00	3737.00	3737.00	3737.00	3737.00	3737.00	3737.00	3738.00	3738.00	3738.00	3738.00	3738.00	3739.00	3739.00	3739.00	3739.00	3740.00	3740.00	3740.00	3740.00	3740.00	3740.00	3741.00	3741.00	3741.00	3741.00	3742.00	3742.00	3742.00	3742.00	3742.00	3743.00	3743.00	3743.00	3743.00	3743.00	3743.00	3744.00	3744.00	3744.00	3744.00	3744.00	3744.00	3745.00	3745.00	3745.00	3745.00	3745.00	3746.00	3746.00	3746.00	3746.00	3746.00	3746.00	3747.00	3747.00	3747.00	3747.00	3748.00	3748.00	3748.00	3748.00	3748.00	3748.00	3748.00	3749.00	3749.00	3749.00	3749.00	3749.00	3749.00	3749.00	3749.00	3749.00	3750.00	3750.00	3750.00	3750.00	3750.00	3750.00	3750.00	3750.00	3750.00	3750.00	3750.00	3750.00	3750.00	3750.00	3750.00	3750.00	3750.00	3750.00	3750.00	3750.00	3750.00	3750.00	3750.00	3750.00	3750.00	3750.00	3750.00	3750.00	3750.00	3750.00	3750.00	3750.00	3750.00	3750.00	3750.00	3750.00	3750.00	3750.00	3750.00	3750.00	3750.00	3750.00	3750.00	3750.00	3750.00	3750.00	3750.00	3750.00	3750.00	3750.00	3751.00	3751.00	3751.00	3751.00	3751.00	3751.00	3752.00	3752.00	3752.00	3752.00	3752.00	3752.00	3753.00	3753.00	3753.00	3753.00	3753.00	3754.00	3754.00	3754.00	3754.00	3755.00	3755.00	3755.00	3755.00	3755.00	3756.00	3756.00	3756.00	3756.00	3756.00	3757.00	3757.00	3757.00	3757.00	3757.00	3758.00	3758.00	3758.00	3758.00	3758.00	3758.00	3758.00	3758.00	3759.00	3759.00	3759.00	3759.00	3759.00	3759.00	3759.00	3759.00	3759.00	3759.00	3759.00	3759.00	3759.00	3759.00	3759.00	3759.00	3759.00	3759.00	3760.00	3760.00	3760.00	3760.00	3760.00	3760.00	3760.00	3760.00	3760.00	3760.00	3760.00	3760.00	3760.00	3760.00	3760.00	3760.00	3760.00	3760.00	3760.00	3760.00	3760.00	3760.00	3760.00	3760.00	3760.00	3760.00	3760.00	3760.00	3760.00	3760.00	3760.00	3760.00	3760.00	3760.00	3760.00	3760.00	3760.00	3760.00	3760.00	3760.00	3760.00	3761.00	3761.00	3761.00	3761.00	3761.00	3761.00	3761.00	3761.00	3761.00	3761.00	3762.00	3762.00	3762.00	3762.00	3762.00	3762.00	3762.00
3736.00	3736.00	3736.00	3736.00	3736.00	3736.00	3736.00	3736.00	3736.00	3736.00	3737.00	3737.00	3737.00	3737.00	3737.00	3737.00	3737.00	3737.00	3737.00	3738.00	3738.00	3738.00	3738.00	3738.00	3739.00	3739.00	3739.00	3739.00	3740.00	3740.00	3740.00	3740.00	3740.00	3740.00	3741.00	3741.00	3741.00	3741.00	3742.00	3742.00	3742.00	3742.00	3742.00	3743.00	3743.00	3743.00	3743.00	3743.00	3743.00	3744.00	3744.00	3744.00	3744.00	3744.00	3744.00	3745.00	3745.00	3745.00	3745.00	3745.00	3746.00	3746.00	3746.00	3746.00	3746.00	3746.00	3747.00	3747.00	3747.00	3747.00	3748.00	3748.00	3748.00	3748.00	3748.00	3748.00	3748.00	3749.00	3749.00	3749.00	3749.00	3749.00	3749.00	3749.00	3749.00	3749.00	3750.00	3750.00	3750.00	3750.00	3750.00	3750.00	3750.00	3750.00	3750.00	3750.00	3750.00	3750.00	3750.00	3750.00	3750.00	3750.00	3750.00	3750.00	3750.00	3750.00	3750.00	3750.00	3750.00	3750.00	3750.00	3750.00	3750.00	3750.00	3750.00	3750.00	3750.00	3750.00	3750.00	3750.00	3750.00	3750.00	3750.00	3750.00	3750.00	3750.00	3750.00	3750.00	3750.00	3750.00	3750.00	3750.00	3750.00	3750.00	3750.00	3750.00	3751.00	3751.00	3751.00	3751.00	3751.00	3751.00	3752.00	3752.00	3752.00	3752.00	3752.00	3752.00	3753.00	3753.00	3753.00	3753.00	3753.00	3754.00	3754.00	3754.00	3754.00	3755.00	3755.00	3755.00	3755.00	3755.00	3756.00	3756.00	3756.00	3756.00	3756.00	3757.00	3757.00	3757.00	3757.00	3757.00	3758.00	3758.00	3758.00	3758.00	3758.00	3758.00	3758.00	3758.00	3759.00	3759.00	3759.00	3759.00	3759.00	3759.00	3759.00	3759.00	3759.00	3759.00	3759.00	3759.00	3759.00	3759.00	3759.00	3759.00	3759.00	3759.00	3760.00	3760.00	3760.00	3760.00	3760.00	3760.00	3760.00	3760.00	3760.00	3760.00	3760.00	3760.00	3760.00	3760.00	3760.00	3760.00	3760.00	3760.00	3760.00	3760.00	3760.00	3760.00	3760.00	3760.00	3760.00	3760.00	3760.00	3760.00	3760.00	3760.00	3760.00	3760.00	3760.00	3760.00	3760.00	3760.00	3760.00	3760.00	3760.00	3760.00	3760.00	3761.00	3761.00	3761.00	3761.00	3761.00	3761.00	3761.00	3761.00	3761.00	3761.00	3762.00	3762.00	3762.00	3762.00	3762.00	3762.00	3762.00
3736.00	3736.00	3736.00	3736.00	3736.00	3736.00	3736.00	3736.00	3736.00	3736.00	3737.00	3737.00	3737.00	3737.00	3737.00	3737.00	3737.00	3737.00	3737.00	3738.00	3738.00	3738.00	3738.00	3738.00	3739.00	3739.00	3739.00	3739.00	3740.00	3740.00	3740.00	3740.00	3740.00	3740.00	3741.00	3741.00	3741.00	3741.00	3742.00	3742.00	3742.00	3742.00	3742.00	3743.00	3743.00	3743.00	3743.00	3743.00	3743.00	3744.00	3744.00	3744.00	3744.00	3744.00	3744.00	3745.00	3745.00	3745.00	3745.00	3745.00	3746.00	3746.00	3746.00	3746.00	3746.00	3746.00	3747.00	3747.00	3747.00	3747.00	3748.00	3748.00	3748.00	3748.00	3748.00	3748.00	3748.00	3749.00	3749.00	3749.00	3749.00	3749.00	3749.00	3749.00	3749.00	3749.00	3750.00	3750.00	3750.00	3750.00	3750.00	3750.00	3750.00	3750.00	3750.00	3750.00	3750.00	3750.00	3750.00	3750.00	3750.00	3750.00	3750.00	3750.00	3750.00	3750.00	3750.00	3750.00	3750.00	3750.00	3750.00	3750.00	3750.00	3750.00	3750.00	3750.00	3750.00	3750.00	3750.00	3750.00	3750.00	3750.00	3750.00	3750.00	3750.00	3750.00	3750.00	3750.00	3750.00	3750.00	3750.00	3750.00	3750.00	3750.00	3750.00	3750.00	3751.00	3751.00	3751.00	3751.00	3751.00	3751.00	3752.00	3752.00	3752.00	3752.00	3752.00	3752.00	3753.00	3753.00	3753.00	3753.00	3753.00	3754.00	3754.00	3754.00	3754.00	3755.00	3755.00	3755.00	3755.00	3755.00	3756.00	3756.00	3756.00	3756.00	3756.00	3757.00	3757.00	3757.00	3757.00	3757.00	3758.00	3758.00	3758.00	3758.00	3758.00	3758.00	3758.00	3758.00	3759.00	3759.00	3759.00	3759.00	3759.00	3759.00	3759.00	3759.00	3759.00	3759.00	3759.00	3759.00	3759.00	3759.00	3759.00	3759.00	3759.00	3759.00	3760.00	3760.00	3760.00	3760.00	3760.00	3760.00	3760.00	3760.00	3760.00	3760.00	3760.00	3760.00	3760.00	3760.00	3760.00	3760.00	3760.00	3760.00	3760.00	3760.00	3760.00	3760.00	3760.00	3760.00	3760.00	3760.00	3760.00	3760.00	3760.00	3760.00	3760.00	3760.00	3760.00	3760.00	3760.00	3760.00	3760.00	3760.00	3760.00	3760.00	3760.00	3761.00	3761.00	3761.00	3761.00	3761.00	3761.00	3761.00	3761.00	3761.00	3761.00	3762.00	3762.00	3762.00	3762.00	3762.00	3762.00	3762.00