2870.00	2871.00	2871.00	2872.00	2872.00	2872.00	2873.00	2873.00	2873.00	2874.00	2874.00	2874.00	2875.00	2875.00	2875.00	2876.00	2876.00	2877.00	2877.00	2878.00	2878.00	2878.00	2878.00	2879.00	2879.00	2879.00	2879.00	2879.00	2880.00	2880.00	2881.00	2881.00	2881.00	2881.00	2881.00	2882.00	2882.00	2882.00	2882.00	2883.00	2883.00	2883.00	2883.00	2883.00	2883.00	2883.00	2883.00	2884.00	2884.00	2884.00	2885.00	2885.00	2885.00	2886.00	2886.00	2886.00	2887.00	2887.00	2888.00	2888.00	2889.00	2889.00	2890.00	2890.00	2890.00	2891.00	2891.00	2891.00	2891.00	2892.00	2893.00	2893.00	2893.00	2894.00	2895.00	2895.00	2895.00	2895.00	2896.00	2897.00	2897.00	2897.00	2898.00	2899.00	2899.00	2899.00	2899.00	2900.00	2900.00	2900.00	2901.00	2901.00	2902.00	2902.00	2903.00	2903.00	2903.00	2903.00	2903.00	2904.00	2904.00	2904.00	2905.00	2905.00	2905.00	2905.00	2906.00	2906.00	2906.00	2907.00	2907.00	2907.00	2907.00	2907.00	2908.00	2908.00	2908.00	2908.00	2909.00	2909.00	2909.00	2909.00	2909.00	2910.00	2910.00	2910.00	2910.00	2911.00	2911.00	2911.00	2911.00	2911.00	2912.00	2912.00	2912.00	2912.00	2912.00	2912.00	2913.00	2913.00	2913.00	2913.00	2913.00	2913.00	2913.00	2914.00	2914.00	2914.00	2914.00	2915.00	2915.00	2915.00	2916.00	2916.00	2916.00	2916.00	2917.00	2917.00	2917.00	2917.00	2917.00	2917.00	2917.00	2918.00	2918.00	2918.00	2918.00	2918.00	2919.00	2919.00	2919.00	2919.00	2919.00	2919.00	2919.00	2919.00	2920.00	2920.00	2920.00	2920.00	2920.00	2920.00	2920.00	2920.00	2921.00	2921.00	2921.00	2921.00	2921.00	2921.00	2921.00	2921.00	2921.00	2921.00	2921.00	2921.00	2921.00	2921.00	2921.00	2921.00	2921.00	2921.00	2921.00	2921.00	2921.00	2922.00	2922.00	2922.00	2922.00	2922.00	2922.00	2922.00	2922.00	2922.00	2922.00	2922.00	2922.00	2922.00	2922.00	2922.00	2922.00	2922.00	2922.00	2922.00	2922.00	2922.00	2922.00	2922.00	2923.00	2923.00	2923.00	2923.00	2924.00	2924.00	2924.00	2924.00	2924.00	2924.00	2924.00	2925.00	2925.00	2925.00	2925.00	2926.00	2926.00	2926.00	2926.00	2926.00	2927.00	2927.00	2928.00	2928.00	2928.00	2929.00	2929.00	2929.00
2870.00	2871.00	2871.00	2872.00	2872.00	2872.00	2873.00	2873.00	2873.00	2874.00	2874.00	2874.00	2875.00	2875.00	2875.00	2876.00	2876.00	2877.00	2877.00	2878.00	2878.00	2878.00	2878.00	2879.00	2879.00	2879.00	2879.00	2879.00	2880.00	2880.00	2881.00	2881.00	2881.00	2881.00	2881.00	2882.00	2882.00	2882.00	2882.00	2883.00	2883.00	2883.00	2883.00	2883.00	2883.00	2883.00	2883.00	2884.00	2884.00	2884.00	2885.00	2885.00	2885.00	2886.00	2886.00	2886.00	2887.00	2887.00	2888.00	2888.00	2889.00	2889.00	2890.00	2890.00	2890.00	2891.00	2891.00	2891.00	2891.00	2892.00	2893.00	2893.00	2893.00	2894.00	2895.00	2895.00	2895.00	2895.00	2896.00	2897.00	2897.00	2897.00	2898.00	2899.00	2899.00	2899.00	2899.00	2900.00	2900.00	2900.00	2901.00	2901.00	2902.00	2902.00	2903.00	2903.00	2903.00	2903.00	2903.00	2904.00	2904.00	2904.00	2905.00	2905.00	2905.00	2905.00	2906.00	2906.00	2906.00	2907.00	2907.00	2907.00	2907.00	2907.00	2908.00	2908.00	2908.00	2908.00	2909.00	2909.00	2909.00	2909.00	2909.00	2910.00	2910.00	2910.00	2910.00	2911.00	2911.00	2911.00	2911.00	2911.00	2912.00	2912.00	2912.00	2912.00	2912.00	2912.00	2913.00	2913.00	2913.00	2913.00	2913.00	2913.00	2913.00	2914.00	2914.00	2914.00	2914.00	2915.00	2915.00	2915.00	2916.00	2916.00	2916.00	2916.00	2917.00	2917.00	2917.00	2917.00	2917.00	2917.00	2917.00	2918.00	2918.00	2918.00	2918.00	2918.00	2919.00	2919.00	2919.00	2919.00	2919.00	2919.00	2919.00	2919.00	2920.00	2920.00	2920.00	2920.00	2920.00	2920.00	2920.00	2920.00	2921.00	2921.00	2921.00	2921.00	2921.00	2921.00	2921.00	2921.00	2921.00	2921.00	2921.00	2921.00	2921.00	2921.00	2921.00	2921.00	2921.00	2921.00	2921.00	2921.00	2921.00	2922.00	2922.00	2922.00	2922.00	2922.00	2922.00	2922.00	2922.00	2922.00	2922.00	2922.00	2922.00	2922.00	2922.00	2922.00	2922.00	2922.00	2922.00	2922.00	2922.00	2922.00	2922.00	2922.00	2923.00	2923.00	2923.00	2923.00	2924.00	2924.00	2924.00	2924.00	2924.00	2924.00	2924.00	2925.00	2925.00	2925.00	2925.00	2926.00	2926.00	2926.00	2926.00	2926.00	2927.00	2927.00	2928.00	2928.00	2928.00	2929.00	2929.00	2929.00
2870.00	2871.00	2871.00	2872.00	2872.00	2872.00	2873.00	2873.00	2873.00	2874.00	2874.00	2874.00	2875.00	2875.00	2875.00	2876.00	2876.00	2877.00	2877.00	2878.00	2878.00	2878.00	2878.00	2879.00	2879.00	2879.00	2879.00	2879.00	2880.00	2880.00	2881.00	2881.00	2881.00	2881.00	2881.00	2882.00	2882.00	2882.00	2882.00	2883.00	2883.00	2883.00	2883.00	2883.00	2883.00	2883.00	2883.00	2884.00	2884.00	2884.00	2885.00	2885.00	2885.00	2886.00	2886.00	2886.00	2887.00	2887.00	2888.00	2888.00	2889.00	2889.00	2890.00	2890.00	2890.00	2891.00	2891.00	2891.00	2891.00	2892.00	2893.00	2893.00	2893.00	2894.00	2895.00	2895.00	2895.00	2895.00	2896.00	2897.00	2897.00	2897.00	2898.00	2899.00	2899.00	2899.00	2899.00	2900.00	2900.00	2900.00	2901.00	2901.00	2902.00	2902.00	2903.00	2903.00	2903.00	2903.00	2903.00	2904.00	2904.00	2904.00	2905.00	2905.00	2905.00	2905.00	2906.00	2906.00	2906.00	2907.00	2907.00	2907.00	2907.00	2907.00	2908.00	2908.00	2908.00	2908.00	2909.00	2909.00	2909.00	2909.00	2909.00	2910.00	2910.00	2910.00	2910.00	2911.00	2911.00	2911.00	2911.00	2911.00	2912.00	2912.00	2912.00	2912.00	2912.00	2912.00	2913.00	2913.00	2913.00	2913.00	2913.00	2913.00	2913.00	2914.00	2914.00	2914.00	2914.00	2915.00	2915.00	2915.00	2916.00	2916.00	2916.00	2916.00	2917.00	2917.00	2917.00	2917.00	2917.00	2917.00	2917.00	2918.00	2918.00	2918.00	2918.00	2918.00	2919.00	2919.00	2919.00	2919.00	2919.00	2919.00	2919.00	2919.00	2920.00	2920.00	2920.00	2920.00	2920.00	2920.00	2920.00	2920.00	2921.00	2921.00	2921.00	2921.00	2921.00	2921.00	2921.00	2921.00	2921.00	2921.00	2921.00	2921.00	2921.00	2921.00	2921.00	2921.00	2921.00	2921.00	2921.00	2921.00	2921.00	2922.00	2922.00	2922.00	2922.00	2922.00	2922.00	2922.00	2922.00	2922.00	2922.00	2922.00	2922.00	2922.00	2922.00	2922.00	2922.00	2922.00	2922.00	2922.00	2922.00	2922.00	2922.00	2922.00	2923.00	2923.00	2923.00	2923.00	2924.00	2924.00	2924.00	2924.00	2924.00	2924.00	2924.00	2925.00	2925.00	2925.00	2925.00	2926.00	2926.00	2926.00	2926.00	2926.00	2927.00	2927.00	2928.00	2928.00	2928.00	2929.00	2929.00	2929.00
2870.00	2871.00	2871.00	2872.00	2872.00	2872.00	2873.00	2873.00	2873.00	2874.00	2874.00	2874.00	2875.00	2875.00	2875.00	2876.00	2876.00	2877.00	2877.00	2878.00	2878.00	2878.00	2878.00	2879.00	2879.00	2879.00	2879.00	2879.00	2880.00	2880.00	2881.00	2881.00	2881.00	2881.00	2881.00	2882.00	2882.00	2882.00	2882.00	2883.00	2883.00	2883.00	2883.00	2883.00	2883.00	2883.00	2883.00	2884.00	2884.00	2884.00	2885.00	2885.00	2885.00	2886.00	2886.00	2886.00	2887.00	2887.00	2888.00	2888.00	2889.00	2889.00	2890.00	2890.00	2890.00	2891.00	2891.00	2891.00	2891.00	2892.00	2893.00	2893.00	2893.00	2894.00	2895.00	2895.00	2895.00	2895.00	2896.00	2897.00	2897.00	2897.00	2898.00	2899.00	2899.00	2899.00	2899.00	2900.00	2900.00	2900.00	2901.00	2901.00	2902.00	2902.00	2903.00	2903.00	2903.00	2903.00	2903.00	2904.00	2904.00	2904.00	2905.00	2905.00	2905.00	2905.00	2906.00	2906.00	2906.00	2907.00	2907.00	2907.00	2907.00	2907.00	2908.00	2908.00	2908.00	2908.00	2909.00	2909.00	2909.00	2909.00	2909.00	2910.00	2910.00	2910.00	2910.00	2911.00	2911.00	2911.00	2911.00	2911.00	2912.00	2912.00	2912.00	2912.00	2912.00	2912.00	2913.00	2913.00	2913.00	2913.00	2913.00	2913.00	2913.00	2914.00	2914.00	2914.00	2914.00	2915.00	2915.00	2915.00	2916.00	2916.00	2916.00	2916.00	2917.00	2917.00	2917.00	2917.00	2917.00	2917.00	2917.00	2918.00	2918.00	2918.00	2918.00	2918.00	2919.00	2919.00	2919.00	2919.00	2919.00	2919.00	2919.00	2919.00	2920.00	2920.00	2920.00	2920.00	2920.00	2920.00	2920.00	2920.00	2921.00	2921.00	2921.00	2921.00	2921.00	2921.00	2921.00	2921.00	2921.00	2921.00	2921.00	2921.00	2921.00	2921.00	2921.00	2921.00	2921.00	2921.00	2921.00	2921.00	2921.00	2922.00	2922.00	2922.00	2922.00	2922.00	2922.00	2922.00	2922.00	2922.00	2922.00	2922.00	2922.00	2922.00	2922.00	2922.00	2922.00	2922.00	2922.00	2922.00	2922.00	2922.00	2922.00	2922.00	2923.00	2923.00	2923.00	2923.00	2924.00	2924.00	2924.00	2924.00	2924.00	2924.00	2924.00	2925.00	2925.00	2925.00	2925.00	2926.00	2926.00	2926.00	2926.00	2926.00	2927.00	2927.00	2928.00	2928.00	2928.00	2929.00	2929.00	2929.00
2870.00	2871.00	2871.00	2872.00	2872.00	2872.00	2873.00	2873.00	2873.00	2874.00	2874.00	2874.00	2875.00	2875.00	2875.00	2876.00	2876.00	2877.00	2877.00	2878.00	2878.00	2878.00	2878.00	2879.00	2879.00	2879.00	2879.00	2879.00	2880.00	2880.00	2881.00	2881.00	2881.00	2881.00	2881.00	2882.00	2882.00	2882.00	2882.00	2883.00	2883.00	2883.00	2883.00	2883.00	2883.00	2883.00	2883.00	2884.00	2884.00	2884.00	2885.00	2885.00	2885.00	2886.00	2886.00	2886.00	2887.00	2887.00	2888.00	2888.00	2889.00	2889.00	2890.00	2890.00	2890.00	2891.00	2891.00	2891.00	2891.00	2892.00	2893.00	2893.00	2893.00	2894.00	2895.00	2895.00	2895.00	2895.00	2896.00	2897.00	2897.00	2897.00	2898.00	2899.00	2899.00	2899.00	2899.00	2900.00	2900.00	2900.00	2901.00	2901.00	2902.00	2902.00	2903.00	2903.00	2903.00	2903.00	2903.00	2904.00	2904.00	2904.00	2905.00	2905.00	2905.00	2905.00	2906.00	2906.00	2906.00	2907.00	2907.00	2907.00	2907.00	2907.00	2908.00	2908.00	2908.00	2908.00	2909.00	2909.00	2909.00	2909.00	2909.00	2910.00	2910.00	2910.00	2910.00	2911.00	2911.00	2911.00	2911.00	2911.00	2912.00	2912.00	2912.00	2912.00	2912.00	2912.00	2913.00	2913.00	2913.00	2913.00	2913.00	2913.00	2913.00	2914.00	2914.00	2914.00	2914.00	2915.00	2915.00	2915.00	2916.00	2916.00	2916.00	2916.00	2917.00	2917.00	2917.00	2917.00	2917.00	2917.00	2917.00	2918.00	2918.00	2918.00	2918.00	2918.00	2919.00	2919.00	2919.00	2919.00	2919.00	2919.00	2919.00	2919.00	2920.00	2920.00	2920.00	2920.00	2920.00	2920.00	2920.00	2920.00	2921.00	2921.00	2921.00	2921.00	2921.00	2921.00	2921.00	2921.00	2921.00	2921.00	2921.00	2921.00	2921.00	2921.00	2921.00	2921.00	2921.00	2921.00	2921.00	2921.00	2921.00	2922.00	2922.00	2922.00	2922.00	2922.00	2922.00	2922.00	2922.00	2922.00	2922.00	2922.00	2922.00	2922.00	2922.00	2922.00	2922.00	2922.00	2922.00	2922.00	2922.00	2922.00	2922.00	2922.00	2923.00	2923.00	2923.00	2923.00	2924.00	2924.00	2924.00	2924.00	2924.00	2924.00	2924.00	2925.00	2925.00	2925.00	2925.00	2926.00	2926.00	2926.00	2926.00	2926.00	2927.00	2927.00	2928.00	2928.00	2928.00	2929.00	2929.00	2929.00
2870.00	2871.00	2871.00	2872.00	2872.00	2872.00	2873.00	2873.00	2873.00	2874.00	2874.00	2874.00	2875.00	2875.00	2875.00	2876.00	2876.00	2877.00	2877.00	2878.00	2878.00	2878.00	2878.00	2879.00	2879.00	2879.00	2879.00	2879.00	2880.00	2880.00	2881.00	2881.00	2881.00	2881.00	2881.00	2882.00	2882.00	2882.00	2882.00	2883.00	2883.00	2883.00	2883.00	2883.00	2883.00	2883.00	2883.00	2884.00	2884.00	2884.00	2885.00	2885.00	2885.00	2886.00	2886.00	2886.00	2887.00	2887.00	2888.00	2888.00	2889.00	2889.00	2890.00	2890.00	2890.00	2891.00	2891.00	2891.00	2891.00	2892.00	2893.00	2893.00	2893.00	2894.00	2895.00	2895.00	2895.00	2895.00	2896.00	2897.00	2897.00	2897.00	2898.00	2899.00	2899.00	2899.00	2899.00	2900.00	2900.00	2900.00	2901.00	2901.00	2902.00	2902.00	2903.00	2903.00	2903.00	2903.00	2903.00	2904.00	2904.00	2904.00	2905.00	2905.00	2905.00	2905.00	2906.00	2906.00	2906.00	2907.00	2907.00	2907.00	2907.00	2907.00	2908.00	2908.00	2908.00	2908.00	2909.00	2909.00	2909.00	2909.00	2909.00	2910.00	2910.00	2910.00	2910.00	2911.00	2911.00	2911.00	2911.00	2911.00	2912.00	2912.00	2912.00	2912.00	2912.00	2912.00	2913.00	2913.00	2913.00	2913.00	2913.00	2913.00	2913.00	2914.00	2914.00	2914.00	2914.00	2915.00	2915.00	2915.00	2916.00	2916.00	2916.00	2916.00	2917.00	2917.00	2917.00	2917.00	2917.00	2917.00	2917.00	2918.00	2918.00	2918.00	2918.00	2918.00	2919.00	2919.00	2919.00	2919.00	2919.00	2919.00	2919.00	2919.00	2920.00	2920.00	2920.00	2920.00	2920.00	2920.00	2920.00	2920.00	2921.00	2921.00	2921.00	2921.00	2921.00	2921.00	2921.00	2921.00	2921.00	2921.00	2921.00	2921.00	2921.00	2921.00	2921.00	2921.00	2921.00	2921.00	2921.00	2921.00	2921.00	2922.00	2922.00	2922.00	2922.00	2922.00	2922.00	2922.00	2922.00	2922.00	2922.00	2922.00	2922.00	2922.00	2922.00	2922.00	2922.00	2922.00	2922.00	2922.00	2922.00	2922.00	2922.00	2922.00	2923.00	2923.00	2923.00	2923.00	2924.00	2924.00	2924.00	2924.00	2924.00	2924.00	2924.00	2925.00	2925.00	2925.00	2925.00	2926.00	2926.00	2926.00	2926.00	2926.00	2927.00	2927.00	2928.00	2928.00	2928.00	2929.00	2929.00	2929.00
2868.00	2869.00	2869.00	2869.00	2869.00	2870.00	2870.00	2870.00	2871.00	2871.00	2872.00	2872.00	2872.00	2872.00	2873.00	2873.00	2873.00	2874.00	2874.00	2875.00	2875.00	2875.00	2875.00	2876.00	2876.00	2876.00	2877.00	2877.00	2877.00	2877.00	2878.00	2878.00	2878.00	2878.00	2878.00	2879.00	2879.00	2879.00	2879.00	2879.00	2879.00	2880.00	2880.00	2880.00	2880.00	2880.00	2881.00	2881.00	2881.00	2881.00	2882.00	2883.00	2883.00	2883.00	2883.00	2884.00	2884.00	2884.00	2885.00	2885.00	2886.00	2886.00	2887.00	2887.00	2887.00	2888.00	2888.00	2888.00	2888.00	2889.00	2890.00	2890.00	2890.00	2891.00	2892.00	2892.00	2893.00	2893.00	2893.00	2894.00	2894.00	2895.00	2895.00	2896.00	2896.00	2897.00	2897.00	2897.00	2898.00	2898.00	2898.00	2899.00	2899.00	2899.00	2900.00	2900.00	2900.00	2901.00	2901.00	2901.00	2902.00	2902.00	2902.00	2903.00	2903.00	2903.00	2904.00	2904.00	2904.00	2904.00	2904.00	2905.00	2905.00	2905.00	2905.00	2906.00	2906.00	2906.00	2906.00	2906.00	2907.00	2907.00	2907.00	2907.00	2908.00	2908.00	2908.00	2909.00	2909.00	2909.00	2909.00	2909.00	2909.00	2909.00	2910.00	2910.00	2910.00	2910.00	2910.00	2910.00	2911.00	2911.00	2911.00	2911.00	2911.00	2912.00	2912.00	2912.00	2912.00	2913.00	2913.00	2913.00	2913.00	2913.00	2914.00	2914.00	2914.00	2914.00	2915.00	2915.00	2915.00	2915.00	2915.00	2915.00	2915.00	2916.00	2916.00	2916.00	2916.00	2916.00	2916.00	2916.00	2917.00	2917.00	2917.00	2917.00	2917.00	2918.00	2918.00	2918.00	2918.00	2918.00	2918.00	2918.00	2919.00	2919.00	2919.00	2919.00	2919.00	2919.00	2919.00	2919.00	2919.00	2919.00	2919.00	2919.00	2919.00	2919.00	2919.00	2920.00	2920.00	2920.00	2920.00	2920.00	2920.00	2920.00	2920.00	2920.00	2920.00	2920.00	2920.00	2920.00	2920.00	2920.00	2920.00	2920.00	2920.00	2920.00	2920.00	2920.00	2921.00	2921.00	2921.00	2921.00	2921.00	2921.00	2921.00	2921.00	2921.00	2922.00	2922.00	2922.00	2922.00	2922.00	2922.00	2922.00	2922.00	2923.00	2923.00	2923.00	2923.00	2924.00	2924.00	2924.00	2924.00	2924.00	2925.00	2925.00	2925.00	2925.00	2926.00	2926.00	2926.00	2926.00	2926.00	2927.00
2868.00	2869.00	2869.00	2869.00	2869.00	2870.00	2870.00	2870.00	2871.00	2871.00	2872.00	2872.00	2872.00	2872.00	2873.00	2873.00	2873.00	2874.00	2874.00	2875.00	2875.00	2875.00	2875.00	2876.00	2876.00	2876.00	2877.00	2877.00	2877.00	2877.00	2878.00	2878.00	2878.00	2878.00	2878.00	2879.00	2879.00	2879.00	2879.00	2879.00	2879.00	2880.00	2880.00	2880.00	2880.00	2880.00	2881.00	2881.00	2881.00	2881.00	2882.00	2883.00	2883.00	2883.00	2883.00	2884.00	2884.00	2884.00	2885.00	2885.00	2886.00	2886.00	2887.00	2887.00	2887.00	2888.00	2888.00	2888.00	2888.00	2889.00	2890.00	2890.00	2890.00	2891.00	2892.00	2892.00	2893.00	2893.00	2893.00	2894.00	2894.00	2895.00	2895.00	2896.00	2896.00	2897.00	2897.00	2897.00	2898.00	2898.00	2898.00	2899.00	2899.00	2899.00	2900.00	2900.00	2900.00	2901.00	2901.00	2901.00	2902.00	2902.00	2902.00	2903.00	2903.00	2903.00	2904.00	2904.00	2904.00	2904.00	2904.00	2905.00	2905.00	2905.00	2905.00	2906.00	2906.00	2906.00	2906.00	2906.00	2907.00	2907.00	2907.00	2907.00	2908.00	2908.00	2908.00	2909.00	2909.00	2909.00	2909.00	2909.00	2909.00	2909.00	2910.00	2910.00	2910.00	2910.00	2910.00	2910.00	2911.00	2911.00	2911.00	2911.00	2911.00	2912.00	2912.00	2912.00	2912.00	2913.00	2913.00	2913.00	2913.00	2913.00	2914.00	2914.00	2914.00	2914.00	2915.00	2915.00	2915.00	2915.00	2915.00	2915.00	2915.00	2916.00	2916.00	2916.00	2916.00	2916.00	2916.00	2916.00	2917.00	2917.00	2917.00	2917.00	2917.00	2918.00	2918.00	2918.00	2918.00	2918.00	2918.00	2918.00	2919.00	2919.00	2919.00	2919.00	2919.00	2919.00	2919.00	2919.00	2919.00	2919.00	2919.00	2919.00	2919.00	2919.00	2919.00	2920.00	2920.00	2920.00	2920.00	2920.00	2920.00	2920.00	2920.00	2920.00	2920.00	2920.00	2920.00	2920.00	2920.00	2920.00	2920.00	2920.00	2920.00	2920.00	2920.00	2920.00	2921.00	2921.00	2921.00	2921.00	2921.00	2921.00	2921.00	2921.00	2921.00	2922.00	2922.00	2922.00	2922.00	2922.00	2922.00	2922.00	2922.00	2923.00	2923.00	2923.00	2923.00	2924.00	2924.00	2924.00	2924.00	2924.00	2925.00	2925.00	2925.00	2925.00	2926.00	2926.00	2926.00	2926.00	2926.00	2927.00
2868.00	2869.00	2869.00	2869.00	2869.00	2870.00	2870.00	2870.00	2871.00	2871.00	2872.00	2872.00	2872.00	2872.00	2873.00	2873.00	2873.00	2874.00	2874.00	2875.00	2875.00	2875.00	2875.00	2876.00	2876.00	2876.00	2877.00	2877.00	2877.00	2877.00	2878.00	2878.00	2878.00	2878.00	2878.00	2879.00	2879.00	2879.00	2879.00	2879.00	2879.00	2880.00	2880.00	2880.00	2880.00	2880.00	2881.00	2881.00	2881.00	2881.00	2882.00	2883.00	2883.00	2883.00	2883.00	2884.00	2884.00	2884.00	2885.00	2885.00	2886.00	2886.00	2887.00	2887.00	2887.00	2888.00	2888.00	2888.00	2888.00	2889.00	2890.00	2890.00	2890.00	2891.00	2892.00	2892.00	2893.00	2893.00	2893.00	2894.00	2894.00	2895.00	2895.00	2896.00	2896.00	2897.00	2897.00	2897.00	2898.00	2898.00	2898.00	2899.00	2899.00	2899.00	2900.00	2900.00	2900.00	2901.00	2901.00	2901.00	2902.00	2902.00	2902.00	2903.00	2903.00	2903.00	2904.00	2904.00	2904.00	2904.00	2904.00	2905.00	2905.00	2905.00	2905.00	2906.00	2906.00	2906.00	2906.00	2906.00	2907.00	2907.00	2907.00	2907.00	2908.00	2908.00	2908.00	2909.00	2909.00	2909.00	2909.00	2909.00	2909.00	2909.00	2910.00	2910.00	2910.00	2910.00	2910.00	2910.00	2911.00	2911.00	2911.00	2911.00	2911.00	2912.00	2912.00	2912.00	2912.00	2913.00	2913.00	2913.00	2913.00	2913.00	2914.00	2914.00	2914.00	2914.00	2915.00	2915.00	2915.00	2915.00	2915.00	2915.00	2915.00	2916.00	2916.00	2916.00	2916.00	2916.00	2916.00	2916.00	2917.00	2917.00	2917.00	2917.00	2917.00	2918.00	2918.00	2918.00	2918.00	2918.00	2918.00	2918.00	2919.00	2919.00	2919.00	2919.00	2919.00	2919.00	2919.00	2919.00	2919.00	2919.00	2919.00	2919.00	2919.00	2919.00	2919.00	2920.00	2920.00	2920.00	2920.00	2920.00	2920.00	2920.00	2920.00	2920.00	2920.00	2920.00	2920.00	2920.00	2920.00	2920.00	2920.00	2920.00	2920.00	2920.00	2920.00	2920.00	2921.00	2921.00	2921.00	2921.00	2921.00	2921.00	2921.00	2921.00	2921.00	2922.00	2922.00	2922.00	2922.00	2922.00	2922.00	2922.00	2922.00	2923.00	2923.00	2923.00	2923.00	2924.00	2924.00	2924.00	2924.00	2924.00	2925.00	2925.00	2925.00	2925.00	2926.00	2926.00	2926.00	2926.00	2926.00	2927.00
2868.00	2869.00	2869.00	2869.00	2869.00	2870.00	2870.00	2870.00	2871.00	2871.00	2872.00	2872.00	2872.00	2872.00	2873.00	2873.00	2873.00	2874.00	2874.00	2875.00	2875.00	2875.00	2875.00	2876.00	2876.00	2876.00	2877.00	2877.00	2877.00	2877.00	2878.00	2878.00	2878.00	2878.00	2878.00	2879.00	2879.00	2879.00	2879.00	2879.00	2879.00	2880.00	2880.00	2880.00	2880.00	2880.00	2881.00	2881.00	2881.00	2881.00	2882.00	2883.00	2883.00	2883.00	2883.00	2884.00	2884.00	2884.00	2885.00	2885.00	2886.00	2886.00	2887.00	2887.00	2887.00	2888.00	2888.00	2888.00	2888.00	2889.00	2890.00	2890.00	2890.00	2891.00	2892.00	2892.00	2893.00	2893.00	2893.00	2894.00	2894.00	2895.00	2895.00	2896.00	2896.00	2897.00	2897.00	2897.00	2898.00	2898.00	2898.00	2899.00	2899.00	2899.00	2900.00	2900.00	2900.00	2901.00	2901.00	2901.00	2902.00	2902.00	2902.00	2903.00	2903.00	2903.00	2904.00	2904.00	2904.00	2904.00	2904.00	2905.00	2905.00	2905.00	2905.00	2906.00	2906.00	2906.00	2906.00	2906.00	2907.00	2907.00	2907.00	2907.00	2908.00	2908.00	2908.00	2909.00	2909.00	2909.00	2909.00	2909.00	2909.00	2909.00	2910.00	2910.00	2910.00	2910.00	2910.00	2910.00	2911.00	2911.00	2911.00	2911.00	2911.00	2912.00	2912.00	2912.00	2912.00	2913.00	2913.00	2913.00	2913.00	2913.00	2914.00	2914.00	2914.00	2914.00	2915.00	2915.00	2915.00	2915.00	2915.00	2915.00	2915.00	2916.00	2916.00	2916.00	2916.00	2916.00	2916.00	2916.00	2917.00	2917.00	2917.00	2917.00	2917.00	2918.00	2918.00	2918.00	2918.00	2918.00	2918.00	2918.00	2919.00	2919.00	2919.00	2919.00	2919.00	2919.00	2919.00	2919.00	2919.00	2919.00	2919.00	2919.00	2919.00	2919.00	2919.00	2920.00	2920.00	2920.00	2920.00	2920.00	2920.00	2920.00	2920.00	2920.00	2920.00	2920.00	2920.00	2920.00	2920.00	2920.00	2920.00	2920.00	2920.00	2920.00	2920.00	2920.00	2921.00	2921.00	2921.00	2921.00	2921.00	2921.00	2921.00	2921.00	2921.00	2922.00	2922.00	2922.00	2922.00	2922.00	2922.00	2922.00	2922.00	2923.00	2923.00	2923.00	2923.00	2924.00	2924.00	2924.00	2924.00	2924.00	2925.00	2925.00	2925.00	2925.00	2926.00	2926.00	2926.00	2926.00	2926.00	2927.00
2868.00	2869.00	2869.00	2869.00	2869.00	2870.00	2870.00	2870.00	2871.00	2871.00	2872.00	2872.00	2872.00	2872.00	2873.00	2873.00	2873.00	2874.00	2874.00	2875.00	2875.00	2875.00	2875.00	2876.00	2876.00	2876.00	2877.00	2877.00	2877.00	2877.00	2878.00	2878.00	2878.00	2878.00	2878.00	2879.00	2879.00	2879.00	2879.00	2879.00	2879.00	2880.00	2880.00	2880.00	2880.00	2880.00	2881.00	2881.00	2881.00	2881.00	2882.00	2883.00	2883.00	2883.00	2883.00	2884.00	2884.00	2884.00	2885.00	2885.00	2886.00	2886.00	2887.00	2887.00	2887.00	2888.00	2888.00	2888.00	2888.00	2889.00	2890.00	2890.00	2890.00	2891.00	2892.00	2892.00	2893.00	2893.00	2893.00	2894.00	2894.00	2895.00	2895.00	2896.00	2896.00	2897.00	2897.00	2897.00	2898.00	2898.00	2898.00	2899.00	2899.00	2899.00	2900.00	2900.00	2900.00	2901.00	2901.00	2901.00	2902.00	2902.00	2902.00	2903.00	2903.00	2903.00	2904.00	2904.00	2904.00	2904.00	2904.00	2905.00	2905.00	2905.00	2905.00	2906.00	2906.00	2906.00	2906.00	2906.00	2907.00	2907.00	2907.00	2907.00	2908.00	2908.00	2908.00	2909.00	2909.00	2909.00	2909.00	2909.00	2909.00	2909.00	2910.00	2910.00	2910.00	2910.00	2910.00	2910.00	2911.00	2911.00	2911.00	2911.00	2911.00	2912.00	2912.00	2912.00	2912.00	2913.00	2913.00	2913.00	2913.00	2913.00	2914.00	2914.00	2914.00	2914.00	2915.00	2915.00	2915.00	2915.00	2915.00	2915.00	2915.00	2916.00	2916.00	2916.00	2916.00	2916.00	2916.00	2916.00	2917.00	2917.00	2917.00	2917.00	2917.00	2918.00	2918.00	2918.00	2918.00	2918.00	2918.00	2918.00	2919.00	2919.00	2919.00	2919.00	2919.00	2919.00	2919.00	2919.00	2919.00	2919.00	2919.00	2919.00	2919.00	2919.00	2919.00	2920.00	2920.00	2920.00	2920.00	2920.00	2920.00	2920.00	2920.00	2920.00	2920.00	2920.00	2920.00	2920.00	2920.00	2920.00	2920.00	2920.00	2920.00	2920.00	2920.00	2920.00	2921.00	2921.00	2921.00	2921.00	2921.00	2921.00	2921.00	2921.00	2921.00	2922.00	2922.00	2922.00	2922.00	2922.00	2922.00	2922.00	2922.00	2923.00	2923.00	2923.00	2923.00	2924.00	2924.00	2924.00	2924.00	2924.00	2925.00	2925.00	2925.00	2925.00	2926.00	2926.00	2926.00	2926.00	2926.00	2927.00
2868.00	2869.00	2869.00	2869.00	2869.00	2870.00	2870.00	2870.00	2871.00	2871.00	2872.00	2872.00	2872.00	2872.00	2873.00	2873.00	2873.00	2874.00	2874.00	2875.00	2875.00	2875.00	2875.00	2876.00	2876.00	2876.00	2877.00	2877.00	2877.00	2877.00	2878.00	2878.00	2878.00	2878.00	2878.00	2879.00	2879.00	2879.00	2879.00	2879.00	2879.00	2880.00	2880.00	2880.00	2880.00	2880.00	2881.00	2881.00	2881.00	2881.00	2882.00	2883.00	2883.00	2883.00	2883.00	2884.00	2884.00	2884.00	2885.00	2885.00	2886.00	2886.00	2887.00	2887.00	2887.00	2888.00	2888.00	2888.00	2888.00	2889.00	2890.00	2890.00	2890.00	2891.00	2892.00	2892.00	2893.00	2893.00	2893.00	2894.00	2894.00	2895.00	2895.00	2896.00	2896.00	2897.00	2897.00	2897.00	2898.00	2898.00	2898.00	2899.00	2899.00	2899.00	2900.00	2900.00	2900.00	2901.00	2901.00	2901.00	2902.00	2902.00	2902.00	2903.00	2903.00	2903.00	2904.00	2904.00	2904.00	2904.00	2904.00	2905.00	2905.00	2905.00	2905.00	2906.00	2906.00	2906.00	2906.00	2906.00	2907.00	2907.00	2907.00	2907.00	2908.00	2908.00	2908.00	2909.00	2909.00	2909.00	2909.00	2909.00	2909.00	2909.00	2910.00	2910.00	2910.00	2910.00	2910.00	2910.00	2911.00	2911.00	2911.00	2911.00	2911.00	2912.00	2912.00	2912.00	2912.00	2913.00	2913.00	2913.00	2913.00	2913.00	2914.00	2914.00	2914.00	2914.00	2915.00	2915.00	2915.00	2915.00	2915.00	2915.00	2915.00	2916.00	2916.00	2916.00	2916.00	2916.00	2916.00	2916.00	2917.00	2917.00	2917.00	2917.00	2917.00	2918.00	2918.00	2918.00	2918.00	2918.00	2918.00	2918.00	2919.00	2919.00	2919.00	2919.00	2919.00	2919.00	2919.00	2919.00	2919.00	2919.00	2919.00	2919.00	2919.00	2919.00	2919.00	2920.00	2920.00	2920.00	2920.00	2920.00	2920.00	2920.00	2920.00	2920.00	2920.00	2920.00	2920.00	2920.00	2920.00	2920.00	2920.00	2920.00	2920.00	2920.00	2920.00	2920.00	2921.00	2921.00	2921.00	2921.00	2921.00	2921.00	2921.00	2921.00	2921.00	2922.00	2922.00	2922.00	2922.00	2922.00	2922.00	2922.00	2922.00	2923.00	2923.00	2923.00	2923.00	2924.00	2924.00	2924.00	2924.00	2924.00	2925.00	2925.00	2925.00	2925.00	2926.00	2926.00	2926.00	2926.00	2926.00	2927.00
2868.00	2869.00	2869.00	2869.00	2869.00	2870.00	2870.00	2870.00	2871.00	2871.00	2872.00	2872.00	2872.00	2872.00	2873.00	2873.00	2873.00	2874.00	2874.00	2875.00	2875.00	2875.00	2875.00	2876.00	2876.00	2876.00	2877.00	2877.00	2877.00	2877.00	2878.00	2878.00	2878.00	2878.00	2878.00	2879.00	2879.00	2879.00	2879.00	2879.00	2879.00	2880.00	2880.00	2880.00	2880.00	2880.00	2881.00	2881.00	2881.00	2881.00	2882.00	2883.00	2883.00	2883.00	2883.00	2884.00	2884.00	2884.00	2885.00	2885.00	2886.00	2886.00	2887.00	2887.00	2887.00	2888.00	2888.00	2888.00	2888.00	2889.00	2890.00	2890.00	2890.00	2891.00	2892.00	2892.00	2893.00	2893.00	2893.00	2894.00	2894.00	2895.00	2895.00	2896.00	2896.00	2897.00	2897.00	2897.00	2898.00	2898.00	2898.00	2899.00	2899.00	2899.00	2900.00	2900.00	2900.00	2901.00	2901.00	2901.00	2902.00	2902.00	2902.00	2903.00	2903.00	2903.00	2904.00	2904.00	2904.00	2904.00	2904.00	2905.00	2905.00	2905.00	2905.00	2906.00	2906.00	2906.00	2906.00	2906.00	2907.00	2907.00	2907.00	2907.00	2908.00	2908.00	2908.00	2909.00	2909.00	2909.00	2909.00	2909.00	2909.00	2909.00	2910.00	2910.00	2910.00	2910.00	2910.00	2910.00	2911.00	2911.00	2911.00	2911.00	2911.00	2912.00	2912.00	2912.00	2912.00	2913.00	2913.00	2913.00	2913.00	2913.00	2914.00	2914.00	2914.00	2914.00	2915.00	2915.00	2915.00	2915.00	2915.00	2915.00	2915.00	2916.00	2916.00	2916.00	2916.00	2916.00	2916.00	2916.00	2917.00	2917.00	2917.00	2917.00	2917.00	2918.00	2918.00	2918.00	2918.00	2918.00	2918.00	2918.00	2919.00	2919.00	2919.00	2919.00	2919.00	2919.00	2919.00	2919.00	2919.00	2919.00	2919.00	2919.00	2919.00	2919.00	2919.00	2920.00	2920.00	2920.00	2920.00	2920.00	2920.00	2920.00	2920.00	2920.00	2920.00	2920.00	2920.00	2920.00	2920.00	2920.00	2920.00	2920.00	2920.00	2920.00	2920.00	2920.00	2921.00	2921.00	2921.00	2921.00	2921.00	2921.00	2921.00	2921.00	2921.00	2922.00	2922.00	2922.00	2922.00	2922.00	2922.00	2922.00	2922.00	2923.00	2923.00	2923.00	2923.00	2924.00	2924.00	2924.00	2924.00	2924.00	2925.00	2925.00	2925.00	2925.00	2926.00	2926.00	2926.00	2926.00	2926.00	2927.00
2868.00	2869.00	2869.00	2869.00	2869.00	2870.00	2870.00	2870.00	2871.00	2871.00	2872.00	2872.00	2872.00	2872.00	2873.00	2873.00	2873.00	2874.00	2874.00	2875.00	2875.00	2875.00	2875.00	2876.00	2876.00	2876.00	2877.00	2877.00	2877.00	2877.00	2878.00	2878.00	2878.00	2878.00	2878.00	2879.00	2879.00	2879.00	2879.00	2879.00	2879.00	2880.00	2880.00	2880.00	2880.00	2880.00	2881.00	2881.00	2881.00	2881.00	2882.00	2883.00	2883.00	2883.00	2883.00	2884.00	2884.00	2884.00	2885.00	2885.00	2886.00	2886.00	2887.00	2887.00	2887.00	2888.00	2888.00	2888.00	2888.00	2889.00	2890.00	2890.00	2890.00	2891.00	2892.00	2892.00	2893.00	2893.00	2893.00	2894.00	2894.00	2895.00	2895.00	2896.00	2896.00	2897.00	2897.00	2897.00	2898.00	2898.00	2898.00	2899.00	2899.00	2899.00	2900.00	2900.00	2900.00	2901.00	2901.00	2901.00	2902.00	2902.00	2902.00	2903.00	2903.00	2903.00	2904.00	2904.00	2904.00	2904.00	2904.00	2905.00	2905.00	2905.00	2905.00	2906.00	2906.00	2906.00	2906.00	2906.00	2907.00	2907.00	2907.00	2907.00	2908.00	2908.00	2908.00	2909.00	2909.00	2909.00	2909.00	2909.00	2909.00	2909.00	2910.00	2910.00	2910.00	2910.00	2910.00	2910.00	2911.00	2911.00	2911.00	2911.00	2911.00	2912.00	2912.00	2912.00	2912.00	2913.00	2913.00	2913.00	2913.00	2913.00	2914.00	2914.00	2914.00	2914.00	2915.00	2915.00	2915.00	2915.00	2915.00	2915.00	2915.00	2916.00	2916.00	2916.00	2916.00	2916.00	2916.00	2916.00	2917.00	2917.00	2917.00	2917.00	2917.00	2918.00	2918.00	2918.00	2918.00	2918.00	2918.00	2918.00	2919.00	2919.00	2919.00	2919.00	2919.00	2919.00	2919.00	2919.00	2919.00	2919.00	2919.00	2919.00	2919.00	2919.00	2919.00	2920.00	2920.00	2920.00	2920.00	2920.00	2920.00	2920.00	2920.00	2920.00	2920.00	2920.00	2920.00	2920.00	2920.00	2920.00	2920.00	2920.00	2920.00	2920.00	2920.00	2920.00	2921.00	2921.00	2921.00	2921.00	2921.00	2921.00	2921.00	2921.00	2921.00	2922.00	2922.00	2922.00	2922.00	2922.00	2922.00	2922.00	2922.00	2923.00	2923.00	2923.00	2923.00	2924.00	2924.00	2924.00	2924.00	2924.00	2925.00	2925.00	2925.00	2925.00	2926.00	2926.00	2926.00	2926.00	2926.00	2927.00
2868.00	2869.00	2869.00	2869.00	2869.00	2869.00	2870.00	2870.00	2870.00	2871.00	2871.00	2871.00	2871.00	2871.00	2872.00	2872.00	2872.00	2872.00	2872.00	2873.00	2873.00	2873.00	2873.00	2874.00	2874.00	2874.00	2874.00	2874.00	2875.00	2875.00	2876.00	2876.00	2876.00	2876.00	2876.00	2876.00	2876.00	2877.00	2877.00	2877.00	2877.00	2878.00	2878.00	2878.00	2878.00	2878.00	2879.00	2879.00	2879.00	2880.00	2880.00	2881.00	2881.00	2881.00	2881.00	2882.00	2882.00	2882.00	2883.00	2883.00	2884.00	2884.00	2885.00	2885.00	2885.00	2886.00	2886.00	2887.00	2887.00	2887.00	2888.00	2889.00	2889.00	2889.00	2890.00	2890.00	2891.00	2891.00	2892.00	2892.00	2892.00	2893.00	2894.00	2894.00	2894.00	2895.00	2895.00	2896.00	2896.00	2896.00	2897.00	2898.00	2898.00	2898.00	2899.00	2899.00	2899.00	2899.00	2899.00	2900.00	2900.00	2900.00	2901.00	2901.00	2901.00	2902.00	2902.00	2902.00	2903.00	2903.00	2903.00	2903.00	2903.00	2904.00	2904.00	2904.00	2904.00	2905.00	2905.00	2905.00	2905.00	2905.00	2906.00	2906.00	2906.00	2906.00	2907.00	2907.00	2907.00	2907.00	2907.00	2908.00	2908.00	2908.00	2908.00	2909.00	2909.00	2909.00	2909.00	2909.00	2909.00	2910.00	2910.00	2910.00	2910.00	2910.00	2910.00	2911.00	2911.00	2911.00	2911.00	2911.00	2911.00	2911.00	2912.00	2912.00	2912.00	2912.00	2912.00	2913.00	2913.00	2913.00	2913.00	2913.00	2914.00	2914.00	2914.00	2914.00	2915.00	2915.00	2915.00	2915.00	2915.00	2915.00	2915.00	2915.00	2915.00	2915.00	2915.00	2916.00	2916.00	2916.00	2916.00	2916.00	2916.00	2917.00	2917.00	2917.00	2917.00	2917.00	2917.00	2917.00	2917.00	2917.00	2917.00	2917.00	2918.00	2918.00	2918.00	2918.00	2918.00	2918.00	2918.00	2918.00	2918.00	2918.00	2918.00	2918.00	2919.00	2919.00	2919.00	2919.00	2919.00	2919.00	2919.00	2919.00	2919.00	2919.00	2919.00	2919.00	2919.00	2920.00	2920.00	2920.00	2920.00	2920.00	2920.00	2920.00	2920.00	2920.00	2920.00	2920.00	2920.00	2920.00	2921.00	2921.00	2921.00	2921.00	2921.00	2921.00	2921.00	2922.00	2922.00	2922.00	2923.00	2923.00	2923.00	2923.00	2923.00	2923.00	2924.00	2924.00	2924.00	2924.00	2924.00	2924.00
2868.00	2869.00	2869.00	2869.00	2869.00	2869.00	2870.00	2870.00	2870.00	2871.00	2871.00	2871.00	2871.00	2871.00	2872.00	2872.00	2872.00	2872.00	2872.00	2873.00	2873.00	2873.00	2873.00	2874.00	2874.00	2874.00	2874.00	2874.00	2875.00	2875.00	2876.00	2876.00	2876.00	2876.00	2876.00	2876.00	2876.00	2877.00	2877.00	2877.00	2877.00	2878.00	2878.00	2878.00	2878.00	2878.00	2879.00	2879.00	2879.00	2880.00	2880.00	2881.00	2881.00	2881.00	2881.00	2882.00	2882.00	2882.00	2883.00	2883.00	2884.00	2884.00	2885.00	2885.00	2885.00	2886.00	2886.00	2887.00	2887.00	2887.00	2888.00	2889.00	2889.00	2889.00	2890.00	2890.00	2891.00	2891.00	2892.00	2892.00	2892.00	2893.00	2894.00	2894.00	2894.00	2895.00	2895.00	2896.00	2896.00	2896.00	2897.00	2898.00	2898.00	2898.00	2899.00	2899.00	2899.00	2899.00	2899.00	2900.00	2900.00	2900.00	2901.00	2901.00	2901.00	2902.00	2902.00	2902.00	2903.00	2903.00	2903.00	2903.00	2903.00	2904.00	2904.00	2904.00	2904.00	2905.00	2905.00	2905.00	2905.00	2905.00	2906.00	2906.00	2906.00	2906.00	2907.00	2907.00	2907.00	2907.00	2907.00	2908.00	2908.00	2908.00	2908.00	2909.00	2909.00	2909.00	2909.00	2909.00	2909.00	2910.00	2910.00	2910.00	2910.00	2910.00	2910.00	2911.00	2911.00	2911.00	2911.00	2911.00	2911.00	2911.00	2912.00	2912.00	2912.00	2912.00	2912.00	2913.00	2913.00	2913.00	2913.00	2913.00	2914.00	2914.00	2914.00	2914.00	2915.00	2915.00	2915.00	2915.00	2915.00	2915.00	2915.00	2915.00	2915.00	2915.00	2915.00	2916.00	2916.00	2916.00	2916.00	2916.00	2916.00	2917.00	2917.00	2917.00	2917.00	2917.00	2917.00	2917.00	2917.00	2917.00	2917.00	2917.00	2918.00	2918.00	2918.00	2918.00	2918.00	2918.00	2918.00	2918.00	2918.00	2918.00	2918.00	2918.00	2919.00	2919.00	2919.00	2919.00	2919.00	2919.00	2919.00	2919.00	2919.00	2919.00	2919.00	2919.00	2919.00	2920.00	2920.00	2920.00	2920.00	2920.00	2920.00	2920.00	2920.00	2920.00	2920.00	2920.00	2920.00	2920.00	2921.00	2921.00	2921.00	2921.00	2921.00	2921.00	2921.00	2922.00	2922.00	2922.00	2923.00	2923.00	2923.00	2923.00	2923.00	2923.00	2924.00	2924.00	2924.00	2924.00	2924.00	2924.00
2868.00	2869.00	2869.00	2869.00	2869.00	2869.00	2870.00	2870.00	2870.00	2871.00	2871.00	2871.00	2871.00	2871.00	2872.00	2872.00	2872.00	2872.00	2872.00	2873.00	2873.00	2873.00	2873.00	2874.00	2874.00	2874.00	2874.00	2874.00	2875.00	2875.00	2876.00	2876.00	2876.00	2876.00	2876.00	2876.00	2876.00	2877.00	2877.00	2877.00	2877.00	2878.00	2878.00	2878.00	2878.00	2878.00	2879.00	2879.00	2879.00	2880.00	2880.00	2881.00	2881.00	2881.00	2881.00	2882.00	2882.00	2882.00	2883.00	2883.00	2884.00	2884.00	2885.00	2885.00	2885.00	2886.00	2886.00	2887.00	2887.00	2887.00	2888.00	2889.00	2889.00	2889.00	2890.00	2890.00	2891.00	2891.00	2892.00	2892.00	2892.00	2893.00	2894.00	2894.00	2894.00	2895.00	2895.00	2896.00	2896.00	2896.00	2897.00	2898.00	2898.00	2898.00	2899.00	2899.00	2899.00	2899.00	2899.00	2900.00	2900.00	2900.00	2901.00	2901.00	2901.00	2902.00	2902.00	2902.00	2903.00	2903.00	2903.00	2903.00	2903.00	2904.00	2904.00	2904.00	2904.00	2905.00	2905.00	2905.00	2905.00	2905.00	2906.00	2906.00	2906.00	2906.00	2907.00	2907.00	2907.00	2907.00	2907.00	2908.00	2908.00	2908.00	2908.00	2909.00	2909.00	2909.00	2909.00	2909.00	2909.00	2910.00	2910.00	2910.00	2910.00	2910.00	2910.00	2911.00	2911.00	2911.00	2911.00	2911.00	2911.00	2911.00	2912.00	2912.00	2912.00	2912.00	2912.00	2913.00	2913.00	2913.00	2913.00	2913.00	2914.00	2914.00	2914.00	2914.00	2915.00	2915.00	2915.00	2915.00	2915.00	2915.00	2915.00	2915.00	2915.00	2915.00	2915.00	2916.00	2916.00	2916.00	2916.00	2916.00	2916.00	2917.00	2917.00	2917.00	2917.00	2917.00	2917.00	2917.00	2917.00	2917.00	2917.00	2917.00	2918.00	2918.00	2918.00	2918.00	2918.00	2918.00	2918.00	2918.00	2918.00	2918.00	2918.00	2918.00	2919.00	2919.00	2919.00	2919.00	2919.00	2919.00	2919.00	2919.00	2919.00	2919.00	2919.00	2919.00	2919.00	2920.00	2920.00	2920.00	2920.00	2920.00	2920.00	2920.00	2920.00	2920.00	2920.00	2920.00	2920.00	2920.00	2921.00	2921.00	2921.00	2921.00	2921.00	2921.00	2921.00	2922.00	2922.00	2922.00	2923.00	2923.00	2923.00	2923.00	2923.00	2923.00	2924.00	2924.00	2924.00	2924.00	2924.00	2924.00
2868.00	2869.00	2869.00	2869.00	2869.00	2869.00	2870.00	2870.00	2870.00	2871.00	2871.00	2871.00	2871.00	2871.00	2872.00	2872.00	2872.00	2872.00	2872.00	2873.00	2873.00	2873.00	2873.00	2874.00	2874.00	2874.00	2874.00	2874.00	2875.00	2875.00	2876.00	2876.00	2876.00	2876.00	2876.00	2876.00	2876.00	2877.00	2877.00	2877.00	2877.00	2878.00	2878.00	2878.00	2878.00	2878.00	2879.00	2879.00	2879.00	2880.00	2880.00	2881.00	2881.00	2881.00	2881.00	2882.00	2882.00	2882.00	2883.00	2883.00	2884.00	2884.00	2885.00	2885.00	2885.00	2886.00	2886.00	2887.00	2887.00	2887.00	2888.00	2889.00	2889.00	2889.00	2890.00	2890.00	2891.00	2891.00	2892.00	2892.00	2892.00	2893.00	2894.00	2894.00	2894.00	2895.00	2895.00	2896.00	2896.00	2896.00	2897.00	2898.00	2898.00	2898.00	2899.00	2899.00	2899.00	2899.00	2899.00	2900.00	2900.00	2900.00	2901.00	2901.00	2901.00	2902.00	2902.00	2902.00	2903.00	2903.00	2903.00	2903.00	2903.00	2904.00	2904.00	2904.00	2904.00	2905.00	2905.00	2905.00	2905.00	2905.00	2906.00	2906.00	2906.00	2906.00	2907.00	2907.00	2907.00	2907.00	2907.00	2908.00	2908.00	2908.00	2908.00	2909.00	2909.00	2909.00	2909.00	2909.00	2909.00	2910.00	2910.00	2910.00	2910.00	2910.00	2910.00	2911.00	2911.00	2911.00	2911.00	2911.00	2911.00	2911.00	2912.00	2912.00	2912.00	2912.00	2912.00	2913.00	2913.00	2913.00	2913.00	2913.00	2914.00	2914.00	2914.00	2914.00	2915.00	2915.00	2915.00	2915.00	2915.00	2915.00	2915.00	2915.00	2915.00	2915.00	2915.00	2916.00	2916.00	2916.00	2916.00	2916.00	2916.00	2917.00	2917.00	2917.00	2917.00	2917.00	2917.00	2917.00	2917.00	2917.00	2917.00	2917.00	2918.00	2918.00	2918.00	2918.00	2918.00	2918.00	2918.00	2918.00	2918.00	2918.00	2918.00	2918.00	2919.00	2919.00	2919.00	2919.00	2919.00	2919.00	2919.00	2919.00	2919.00	2919.00	2919.00	2919.00	2919.00	2920.00	2920.00	2920.00	2920.00	2920.00	2920.00	2920.00	2920.00	2920.00	2920.00	2920.00	2920.00	2920.00	2921.00	2921.00	2921.00	2921.00	2921.00	2921.00	2921.00	2922.00	2922.00	2922.00	2923.00	2923.00	2923.00	2923.00	2923.00	2923.00	2924.00	2924.00	2924.00	2924.00	2924.00	2924.00
2868.00	2869.00	2869.00	2869.00	2869.00	2869.00	2870.00	2870.00	2870.00	2871.00	2871.00	2871.00	2871.00	2871.00	2872.00	2872.00	2872.00	2872.00	2872.00	2873.00	2873.00	2873.00	2873.00	2874.00	2874.00	2874.00	2874.00	2874.00	2875.00	2875.00	2876.00	2876.00	2876.00	2876.00	2876.00	2876.00	2876.00	2877.00	2877.00	2877.00	2877.00	2878.00	2878.00	2878.00	2878.00	2878.00	2879.00	2879.00	2879.00	2880.00	2880.00	2881.00	2881.00	2881.00	2881.00	2882.00	2882.00	2882.00	2883.00	2883.00	2884.00	2884.00	2885.00	2885.00	2885.00	2886.00	2886.00	2887.00	2887.00	2887.00	2888.00	2889.00	2889.00	2889.00	2890.00	2890.00	2891.00	2891.00	2892.00	2892.00	2892.00	2893.00	2894.00	2894.00	2894.00	2895.00	2895.00	2896.00	2896.00	2896.00	2897.00	2898.00	2898.00	2898.00	2899.00	2899.00	2899.00	2899.00	2899.00	2900.00	2900.00	2900.00	2901.00	2901.00	2901.00	2902.00	2902.00	2902.00	2903.00	2903.00	2903.00	2903.00	2903.00	2904.00	2904.00	2904.00	2904.00	2905.00	2905.00	2905.00	2905.00	2905.00	2906.00	2906.00	2906.00	2906.00	2907.00	2907.00	2907.00	2907.00	2907.00	2908.00	2908.00	2908.00	2908.00	2909.00	2909.00	2909.00	2909.00	2909.00	2909.00	2910.00	2910.00	2910.00	2910.00	2910.00	2910.00	2911.00	2911.00	2911.00	2911.00	2911.00	2911.00	2911.00	2912.00	2912.00	2912.00	2912.00	2912.00	2913.00	2913.00	2913.00	2913.00	2913.00	2914.00	2914.00	2914.00	2914.00	2915.00	2915.00	2915.00	2915.00	2915.00	2915.00	2915.00	2915.00	2915.00	2915.00	2915.00	2916.00	2916.00	2916.00	2916.00	2916.00	2916.00	2917.00	2917.00	2917.00	2917.00	2917.00	2917.00	2917.00	2917.00	2917.00	2917.00	2917.00	2918.00	2918.00	2918.00	2918.00	2918.00	2918.00	2918.00	2918.00	2918.00	2918.00	2918.00	2918.00	2919.00	2919.00	2919.00	2919.00	2919.00	2919.00	2919.00	2919.00	2919.00	2919.00	2919.00	2919.00	2919.00	2920.00	2920.00	2920.00	2920.00	2920.00	2920.00	2920.00	2920.00	2920.00	2920.00	2920.00	2920.00	2920.00	2921.00	2921.00	2921.00	2921.00	2921.00	2921.00	2921.00	2922.00	2922.00	2922.00	2923.00	2923.00	2923.00	2923.00	2923.00	2923.00	2924.00	2924.00	2924.00	2924.00	2924.00	2924.00
2868.00	2869.00	2869.00	2869.00	2869.00	2869.00	2870.00	2870.00	2870.00	2871.00	2871.00	2871.00	2871.00	2871.00	2872.00	2872.00	2872.00	2872.00	2872.00	2873.00	2873.00	2873.00	2873.00	2874.00	2874.00	2874.00	2874.00	2874.00	2875.00	2875.00	2876.00	2876.00	2876.00	2876.00	2876.00	2876.00	2876.00	2877.00	2877.00	2877.00	2877.00	2878.00	2878.00	2878.00	2878.00	2878.00	2879.00	2879.00	2879.00	2880.00	2880.00	2881.00	2881.00	2881.00	2881.00	2882.00	2882.00	2882.00	2883.00	2883.00	2884.00	2884.00	2885.00	2885.00	2885.00	2886.00	2886.00	2887.00	2887.00	2887.00	2888.00	2889.00	2889.00	2889.00	2890.00	2890.00	2891.00	2891.00	2892.00	2892.00	2892.00	2893.00	2894.00	2894.00	2894.00	2895.00	2895.00	2896.00	2896.00	2896.00	2897.00	2898.00	2898.00	2898.00	2899.00	2899.00	2899.00	2899.00	2899.00	2900.00	2900.00	2900.00	2901.00	2901.00	2901.00	2902.00	2902.00	2902.00	2903.00	2903.00	2903.00	2903.00	2903.00	2904.00	2904.00	2904.00	2904.00	2905.00	2905.00	2905.00	2905.00	2905.00	2906.00	2906.00	2906.00	2906.00	2907.00	2907.00	2907.00	2907.00	2907.00	2908.00	2908.00	2908.00	2908.00	2909.00	2909.00	2909.00	2909.00	2909.00	2909.00	2910.00	2910.00	2910.00	2910.00	2910.00	2910.00	2911.00	2911.00	2911.00	2911.00	2911.00	2911.00	2911.00	2912.00	2912.00	2912.00	2912.00	2912.00	2913.00	2913.00	2913.00	2913.00	2913.00	2914.00	2914.00	2914.00	2914.00	2915.00	2915.00	2915.00	2915.00	2915.00	2915.00	2915.00	2915.00	2915.00	2915.00	2915.00	2916.00	2916.00	2916.00	2916.00	2916.00	2916.00	2917.00	2917.00	2917.00	2917.00	2917.00	2917.00	2917.00	2917.00	2917.00	2917.00	2917.00	2918.00	2918.00	2918.00	2918.00	2918.00	2918.00	2918.00	2918.00	2918.00	2918.00	2918.00	2918.00	2919.00	2919.00	2919.00	2919.00	2919.00	2919.00	2919.00	2919.00	2919.00	2919.00	2919.00	2919.00	2919.00	2920.00	2920.00	2920.00	2920.00	2920.00	2920.00	2920.00	2920.00	2920.00	2920.00	2920.00	2920.00	2920.00	2921.00	2921.00	2921.00	2921.00	2921.00	2921.00	2921.00	2922.00	2922.00	2922.00	2923.00	2923.00	2923.00	2923.00	2923.00	2923.00	2924.00	2924.00	2924.00	2924.00	2924.00	2924.00
2868.00	2869.00	2869.00	2869.00	2869.00	2869.00	2870.00	2870.00	2870.00	2871.00	2871.00	2871.00	2871.00	2871.00	2872.00	2872.00	2872.00	2872.00	2872.00	2873.00	2873.00	2873.00	2873.00	2874.00	2874.00	2874.00	2874.00	2874.00	2875.00	2875.00	2876.00	2876.00	2876.00	2876.00	2876.00	2876.00	2876.00	2877.00	2877.00	2877.00	2877.00	2878.00	2878.00	2878.00	2878.00	2878.00	2879.00	2879.00	2879.00	2880.00	2880.00	2881.00	2881.00	2881.00	2881.00	2882.00	2882.00	2882.00	2883.00	2883.00	2884.00	2884.00	2885.00	2885.00	2885.00	2886.00	2886.00	2887.00	2887.00	2887.00	2888.00	2889.00	2889.00	2889.00	2890.00	2890.00	2891.00	2891.00	2892.00	2892.00	2892.00	2893.00	2894.00	2894.00	2894.00	2895.00	2895.00	2896.00	2896.00	2896.00	2897.00	2898.00	2898.00	2898.00	2899.00	2899.00	2899.00	2899.00	2899.00	2900.00	2900.00	2900.00	2901.00	2901.00	2901.00	2902.00	2902.00	2902.00	2903.00	2903.00	2903.00	2903.00	2903.00	2904.00	2904.00	2904.00	2904.00	2905.00	2905.00	2905.00	2905.00	2905.00	2906.00	2906.00	2906.00	2906.00	2907.00	2907.00	2907.00	2907.00	2907.00	2908.00	2908.00	2908.00	2908.00	2909.00	2909.00	2909.00	2909.00	2909.00	2909.00	2910.00	2910.00	2910.00	2910.00	2910.00	2910.00	2911.00	2911.00	2911.00	2911.00	2911.00	2911.00	2911.00	2912.00	2912.00	2912.00	2912.00	2912.00	2913.00	2913.00	2913.00	2913.00	2913.00	2914.00	2914.00	2914.00	2914.00	2915.00	2915.00	2915.00	2915.00	2915.00	2915.00	2915.00	2915.00	2915.00	2915.00	2915.00	2916.00	2916.00	2916.00	2916.00	2916.00	2916.00	2917.00	2917.00	2917.00	2917.00	2917.00	2917.00	2917.00	2917.00	2917.00	2917.00	2917.00	2918.00	2918.00	2918.00	2918.00	2918.00	2918.00	2918.00	2918.00	2918.00	2918.00	2918.00	2918.00	2919.00	2919.00	2919.00	2919.00	2919.00	2919.00	2919.00	2919.00	2919.00	2919.00	2919.00	2919.00	2919.00	2920.00	2920.00	2920.00	2920.00	2920.00	2920.00	2920.00	2920.00	2920.00	2920.00	2920.00	2920.00	2920.00	2921.00	2921.00	2921.00	2921.00	2921.00	2921.00	2921.00	2922.00	2922.00	2922.00	2923.00	2923.00	2923.00	2923.00	2923.00	2923.00	2924.00	2924.00	2924.00	2924.00	2924.00	2924.00
2868.00	2869.00	2869.00	2869.00	2869.00	2869.00	2870.00	2870.00	2870.00	2871.00	2871.00	2871.00	2871.00	2871.00	2872.00	2872.00	2872.00	2872.00	2872.00	2873.00	2873.00	2873.00	2873.00	2874.00	2874.00	2874.00	2874.00	2874.00	2875.00	2875.00	2876.00	2876.00	2876.00	2876.00	2876.00	2876.00	2876.00	2877.00	2877.00	2877.00	2877.00	2878.00	2878.00	2878.00	2878.00	2878.00	2879.00	2879.00	2879.00	2880.00	2880.00	2881.00	2881.00	2881.00	2881.00	2882.00	2882.00	2882.00	2883.00	2883.00	2884.00	2884.00	2885.00	2885.00	2885.00	2886.00	2886.00	2887.00	2887.00	2887.00	2888.00	2889.00	2889.00	2889.00	2890.00	2890.00	2891.00	2891.00	2892.00	2892.00	2892.00	2893.00	2894.00	2894.00	2894.00	2895.00	2895.00	2896.00	2896.00	2896.00	2897.00	2898.00	2898.00	2898.00	2899.00	2899.00	2899.00	2899.00	2899.00	2900.00	2900.00	2900.00	2901.00	2901.00	2901.00	2902.00	2902.00	2902.00	2903.00	2903.00	2903.00	2903.00	2903.00	2904.00	2904.00	2904.00	2904.00	2905.00	2905.00	2905.00	2905.00	2905.00	2906.00	2906.00	2906.00	2906.00	2907.00	2907.00	2907.00	2907.00	2907.00	2908.00	2908.00	2908.00	2908.00	2909.00	2909.00	2909.00	2909.00	2909.00	2909.00	2910.00	2910.00	2910.00	2910.00	2910.00	2910.00	2911.00	2911.00	2911.00	2911.00	2911.00	2911.00	2911.00	2912.00	2912.00	2912.00	2912.00	2912.00	2913.00	2913.00	2913.00	2913.00	2913.00	2914.00	2914.00	2914.00	2914.00	2915.00	2915.00	2915.00	2915.00	2915.00	2915.00	2915.00	2915.00	2915.00	2915.00	2915.00	2916.00	2916.00	2916.00	2916.00	2916.00	2916.00	2917.00	2917.00	2917.00	2917.00	2917.00	2917.00	2917.00	2917.00	2917.00	2917.00	2917.00	2918.00	2918.00	2918.00	2918.00	2918.00	2918.00	2918.00	2918.00	2918.00	2918.00	2918.00	2918.00	2919.00	2919.00	2919.00	2919.00	2919.00	2919.00	2919.00	2919.00	2919.00	2919.00	2919.00	2919.00	2919.00	2920.00	2920.00	2920.00	2920.00	2920.00	2920.00	2920.00	2920.00	2920.00	2920.00	2920.00	2920.00	2920.00	2921.00	2921.00	2921.00	2921.00	2921.00	2921.00	2921.00	2922.00	2922.00	2922.00	2923.00	2923.00	2923.00	2923.00	2923.00	2923.00	2924.00	2924.00	2924.00	2924.00	2924.00	2924.00
2868.00	2869.00	2869.00	2869.00	2869.00	2869.00	2870.00	2870.00	2870.00	2871.00	2871.00	2871.00	2871.00	2871.00	2872.00	2872.00	2872.00	2872.00	2872.00	2873.00	2873.00	2873.00	2873.00	2874.00	2874.00	2874.00	2874.00	2874.00	2875.00	2875.00	2876.00	2876.00	2876.00	2876.00	2876.00	2876.00	2876.00	2877.00	2877.00	2877.00	2877.00	2878.00	2878.00	2878.00	2878.00	2878.00	2879.00	2879.00	2879.00	2880.00	2880.00	2881.00	2881.00	2881.00	2881.00	2882.00	2882.00	2882.00	2883.00	2883.00	2884.00	2884.00	2885.00	2885.00	2885.00	2886.00	2886.00	2887.00	2887.00	2887.00	2888.00	2889.00	2889.00	2889.00	2890.00	2890.00	2891.00	2891.00	2892.00	2892.00	2892.00	2893.00	2894.00	2894.00	2894.00	2895.00	2895.00	2896.00	2896.00	2896.00	2897.00	2898.00	2898.00	2898.00	2899.00	2899.00	2899.00	2899.00	2899.00	2900.00	2900.00	2900.00	2901.00	2901.00	2901.00	2902.00	2902.00	2902.00	2903.00	2903.00	2903.00	2903.00	2903.00	2904.00	2904.00	2904.00	2904.00	2905.00	2905.00	2905.00	2905.00	2905.00	2906.00	2906.00	2906.00	2906.00	2907.00	2907.00	2907.00	2907.00	2907.00	2908.00	2908.00	2908.00	2908.00	2909.00	2909.00	2909.00	2909.00	2909.00	2909.00	2910.00	2910.00	2910.00	2910.00	2910.00	2910.00	2911.00	2911.00	2911.00	2911.00	2911.00	2911.00	2911.00	2912.00	2912.00	2912.00	2912.00	2912.00	2913.00	2913.00	2913.00	2913.00	2913.00	2914.00	2914.00	2914.00	2914.00	2915.00	2915.00	2915.00	2915.00	2915.00	2915.00	2915.00	2915.00	2915.00	2915.00	2915.00	2916.00	2916.00	2916.00	2916.00	2916.00	2916.00	2917.00	2917.00	2917.00	2917.00	2917.00	2917.00	2917.00	2917.00	2917.00	2917.00	2917.00	2918.00	2918.00	2918.00	2918.00	2918.00	2918.00	2918.00	2918.00	2918.00	2918.00	2918.00	2918.00	2919.00	2919.00	2919.00	2919.00	2919.00	2919.00	2919.00	2919.00	2919.00	2919.00	2919.00	2919.00	2919.00	2920.00	2920.00	2920.00	2920.00	2920.00	2920.00	2920.00	2920.00	2920.00	2920.00	2920.00	2920.00	2920.00	2921.00	2921.00	2921.00	2921.00	2921.00	2921.00	2921.00	2922.00	2922.00	2922.00	2923.00	2923.00	2923.00	2923.00	2923.00	2923.00	2924.00	2924.00	2924.00	2924.00	2924.00	2924.00
2869.00	2869.00	2869.00	2869.00	2869.00	2870.00	2870.00	2870.00	2870.00	2870.00	2871.00	2871.00	2871.00	2871.00	2871.00	2871.00	2871.00	2872.00	2872.00	2872.00	2872.00	2873.00	2873.00	2873.00	2873.00	2873.00	2874.00	2874.00	2874.00	2874.00	2875.00	2875.00	2875.00	2875.00	2875.00	2875.00	2875.00	2876.00	2876.00	2876.00	2876.00	2877.00	2877.00	2877.00	2877.00	2877.00	2878.00	2878.00	2878.00	2879.00	2879.00	2880.00	2880.00	2880.00	2880.00	2881.00	2882.00	2882.00	2882.00	2882.00	2883.00	2883.00	2884.00	2884.00	2885.00	2885.00	2885.00	2886.00	2886.00	2887.00	2887.00	2888.00	2888.00	2888.00	2889.00	2889.00	2890.00	2890.00	2890.00	2891.00	2891.00	2892.00	2892.00	2893.00	2893.00	2894.00	2894.00	2895.00	2895.00	2895.00	2896.00	2897.00	2897.00	2897.00	2898.00	2898.00	2898.00	2899.00	2899.00	2899.00	2900.00	2900.00	2900.00	2900.00	2900.00	2901.00	2901.00	2901.00	2901.00	2902.00	2902.00	2902.00	2902.00	2902.00	2903.00	2903.00	2903.00	2904.00	2904.00	2904.00	2904.00	2904.00	2905.00	2905.00	2905.00	2905.00	2906.00	2906.00	2906.00	2906.00	2906.00	2906.00	2907.00	2907.00	2907.00	2907.00	2908.00	2908.00	2908.00	2908.00	2908.00	2908.00	2908.00	2909.00	2909.00	2909.00	2909.00	2909.00	2909.00	2910.00	2910.00	2910.00	2910.00	2910.00	2910.00	2910.00	2910.00	2910.00	2911.00	2911.00	2911.00	2911.00	2911.00	2911.00	2912.00	2912.00	2912.00	2912.00	2913.00	2913.00	2913.00	2913.00	2913.00	2913.00	2913.00	2914.00	2914.00	2914.00	2914.00	2914.00	2914.00	2914.00	2915.00	2915.00	2915.00	2915.00	2915.00	2915.00	2916.00	2916.00	2916.00	2916.00	2916.00	2916.00	2916.00	2916.00	2916.00	2917.00	2917.00	2917.00	2917.00	2917.00	2917.00	2917.00	2917.00	2917.00	2917.00	2917.00	2917.00	2918.00	2918.00	2918.00	2918.00	2918.00	2918.00	2918.00	2918.00	2918.00	2918.00	2918.00	2918.00	2918.00	2918.00	2919.00	2919.00	2919.00	2919.00	2919.00	2919.00	2919.00	2919.00	2919.00	2919.00	2919.00	2919.00	2920.00	2920.00	2920.00	2920.00	2920.00	2920.00	2920.00	2920.00	2920.00	2921.00	2921.00	2921.00	2921.00	2921.00	2921.00	2921.00	2921.00	2922.00	2922.00	2922.00	2922.00
2869.00	2869.00	2869.00	2869.00	2869.00	2870.00	2870.00	2870.00	2870.00	2870.00	2871.00	2871.00	2871.00	2871.00	2871.00	2871.00	2871.00	2872.00	2872.00	2872.00	2872.00	2873.00	2873.00	2873.00	2873.00	2873.00	2874.00	2874.00	2874.00	2874.00	2875.00	2875.00	2875.00	2875.00	2875.00	2875.00	2875.00	2876.00	2876.00	2876.00	2876.00	2877.00	2877.00	2877.00	2877.00	2877.00	2878.00	2878.00	2878.00	2879.00	2879.00	2880.00	2880.00	2880.00	2880.00	2881.00	2882.00	2882.00	2882.00	2882.00	2883.00	2883.00	2884.00	2884.00	2885.00	2885.00	2885.00	2886.00	2886.00	2887.00	2887.00	2888.00	2888.00	2888.00	2889.00	2889.00	2890.00	2890.00	2890.00	2891.00	2891.00	2892.00	2892.00	2893.00	2893.00	2894.00	2894.00	2895.00	2895.00	2895.00	2896.00	2897.00	2897.00	2897.00	2898.00	2898.00	2898.00	2899.00	2899.00	2899.00	2900.00	2900.00	2900.00	2900.00	2900.00	2901.00	2901.00	2901.00	2901.00	2902.00	2902.00	2902.00	2902.00	2902.00	2903.00	2903.00	2903.00	2904.00	2904.00	2904.00	2904.00	2904.00	2905.00	2905.00	2905.00	2905.00	2906.00	2906.00	2906.00	2906.00	2906.00	2906.00	2907.00	2907.00	2907.00	2907.00	2908.00	2908.00	2908.00	2908.00	2908.00	2908.00	2908.00	2909.00	2909.00	2909.00	2909.00	2909.00	2909.00	2910.00	2910.00	2910.00	2910.00	2910.00	2910.00	2910.00	2910.00	2910.00	2911.00	2911.00	2911.00	2911.00	2911.00	2911.00	2912.00	2912.00	2912.00	2912.00	2913.00	2913.00	2913.00	2913.00	2913.00	2913.00	2913.00	2914.00	2914.00	2914.00	2914.00	2914.00	2914.00	2914.00	2915.00	2915.00	2915.00	2915.00	2915.00	2915.00	2916.00	2916.00	2916.00	2916.00	2916.00	2916.00	2916.00	2916.00	2916.00	2917.00	2917.00	2917.00	2917.00	2917.00	2917.00	2917.00	2917.00	2917.00	2917.00	2917.00	2917.00	2918.00	2918.00	2918.00	2918.00	2918.00	2918.00	2918.00	2918.00	2918.00	2918.00	2918.00	2918.00	2918.00	2918.00	2919.00	2919.00	2919.00	2919.00	2919.00	2919.00	2919.00	2919.00	2919.00	2919.00	2919.00	2919.00	2920.00	2920.00	2920.00	2920.00	2920.00	2920.00	2920.00	2920.00	2920.00	2921.00	2921.00	2921.00	2921.00	2921.00	2921.00	2921.00	2921.00	2922.00	2922.00	2922.00	2922.00
2869.00	2869.00	2869.00	2869.00	2869.00	2870.00	2870.00	2870.00	2870.00	2870.00	2871.00	2871.00	2871.00	2871.00	2871.00	2871.00	2871.00	2872.00	2872.00	2872.00	2872.00	2873.00	2873.00	2873.00	2873.00	2873.00	2874.00	2874.00	2874.00	2874.00	2875.00	2875.00	2875.00	2875.00	2875.00	2875.00	2875.00	2876.00	2876.00	2876.00	2876.00	2877.00	2877.00	2877.00	2877.00	2877.00	2878.00	2878.00	2878.00	2879.00	2879.00	2880.00	2880.00	2880.00	2880.00	2881.00	2882.00	2882.00	2882.00	2882.00	2883.00	2883.00	2884.00	2884.00	2885.00	2885.00	2885.00	2886.00	2886.00	2887.00	2887.00	2888.00	2888.00	2888.00	2889.00	2889.00	2890.00	2890.00	2890.00	2891.00	2891.00	2892.00	2892.00	2893.00	2893.00	2894.00	2894.00	2895.00	2895.00	2895.00	2896.00	2897.00	2897.00	2897.00	2898.00	2898.00	2898.00	2899.00	2899.00	2899.00	2900.00	2900.00	2900.00	2900.00	2900.00	2901.00	2901.00	2901.00	2901.00	2902.00	2902.00	2902.00	2902.00	2902.00	2903.00	2903.00	2903.00	2904.00	2904.00	2904.00	2904.00	2904.00	2905.00	2905.00	2905.00	2905.00	2906.00	2906.00	2906.00	2906.00	2906.00	2906.00	2907.00	2907.00	2907.00	2907.00	2908.00	2908.00	2908.00	2908.00	2908.00	2908.00	2908.00	2909.00	2909.00	2909.00	2909.00	2909.00	2909.00	2910.00	2910.00	2910.00	2910.00	2910.00	2910.00	2910.00	2910.00	2910.00	2911.00	2911.00	2911.00	2911.00	2911.00	2911.00	2912.00	2912.00	2912.00	2912.00	2913.00	2913.00	2913.00	2913.00	2913.00	2913.00	2913.00	2914.00	2914.00	2914.00	2914.00	2914.00	2914.00	2914.00	2915.00	2915.00	2915.00	2915.00	2915.00	2915.00	2916.00	2916.00	2916.00	2916.00	2916.00	2916.00	2916.00	2916.00	2916.00	2917.00	2917.00	2917.00	2917.00	2917.00	2917.00	2917.00	2917.00	2917.00	2917.00	2917.00	2917.00	2918.00	2918.00	2918.00	2918.00	2918.00	2918.00	2918.00	2918.00	2918.00	2918.00	2918.00	2918.00	2918.00	2918.00	2919.00	2919.00	2919.00	2919.00	2919.00	2919.00	2919.00	2919.00	2919.00	2919.00	2919.00	2919.00	2920.00	2920.00	2920.00	2920.00	2920.00	2920.00	2920.00	2920.00	2920.00	2921.00	2921.00	2921.00	2921.00	2921.00	2921.00	2921.00	2921.00	2922.00	2922.00	2922.00	2922.00
2869.00	2869.00	2869.00	2869.00	2869.00	2870.00	2870.00	2870.00	2870.00	2870.00	2871.00	2871.00	2871.00	2871.00	2871.00	2871.00	2871.00	2872.00	2872.00	2872.00	2872.00	2873.00	2873.00	2873.00	2873.00	2873.00	2874.00	2874.00	2874.00	2874.00	2875.00	2875.00	2875.00	2875.00	2875.00	2875.00	2875.00	2876.00	2876.00	2876.00	2876.00	2877.00	2877.00	2877.00	2877.00	2877.00	2878.00	2878.00	2878.00	2879.00	2879.00	2880.00	2880.00	2880.00	2880.00	2881.00	2882.00	2882.00	2882.00	2882.00	2883.00	2883.00	2884.00	2884.00	2885.00	2885.00	2885.00	2886.00	2886.00	2887.00	2887.00	2888.00	2888.00	2888.00	2889.00	2889.00	2890.00	2890.00	2890.00	2891.00	2891.00	2892.00	2892.00	2893.00	2893.00	2894.00	2894.00	2895.00	2895.00	2895.00	2896.00	2897.00	2897.00	2897.00	2898.00	2898.00	2898.00	2899.00	2899.00	2899.00	2900.00	2900.00	2900.00	2900.00	2900.00	2901.00	2901.00	2901.00	2901.00	2902.00	2902.00	2902.00	2902.00	2902.00	2903.00	2903.00	2903.00	2904.00	2904.00	2904.00	2904.00	2904.00	2905.00	2905.00	2905.00	2905.00	2906.00	2906.00	2906.00	2906.00	2906.00	2906.00	2907.00	2907.00	2907.00	2907.00	2908.00	2908.00	2908.00	2908.00	2908.00	2908.00	2908.00	2909.00	2909.00	2909.00	2909.00	2909.00	2909.00	2910.00	2910.00	2910.00	2910.00	2910.00	2910.00	2910.00	2910.00	2910.00	2911.00	2911.00	2911.00	2911.00	2911.00	2911.00	2912.00	2912.00	2912.00	2912.00	2913.00	2913.00	2913.00	2913.00	2913.00	2913.00	2913.00	2914.00	2914.00	2914.00	2914.00	2914.00	2914.00	2914.00	2915.00	2915.00	2915.00	2915.00	2915.00	2915.00	2916.00	2916.00	2916.00	2916.00	2916.00	2916.00	2916.00	2916.00	2916.00	2917.00	2917.00	2917.00	2917.00	2917.00	2917.00	2917.00	2917.00	2917.00	2917.00	2917.00	2917.00	2918.00	2918.00	2918.00	2918.00	2918.00	2918.00	2918.00	2918.00	2918.00	2918.00	2918.00	2918.00	2918.00	2918.00	2919.00	2919.00	2919.00	2919.00	2919.00	2919.00	2919.00	2919.00	2919.00	2919.00	2919.00	2919.00	2920.00	2920.00	2920.00	2920.00	2920.00	2920.00	2920.00	2920.00	2920.00	2921.00	2921.00	2921.00	2921.00	2921.00	2921.00	2921.00	2921.00	2922.00	2922.00	2922.00	2922.00
2869.00	2869.00	2869.00	2869.00	2869.00	2870.00	2870.00	2870.00	2870.00	2870.00	2871.00	2871.00	2871.00	2871.00	2871.00	2871.00	2871.00	2872.00	2872.00	2872.00	2872.00	2873.00	2873.00	2873.00	2873.00	2873.00	2874.00	2874.00	2874.00	2874.00	2875.00	2875.00	2875.00	2875.00	2875.00	2875.00	2875.00	2876.00	2876.00	2876.00	2876.00	2877.00	2877.00	2877.00	2877.00	2877.00	2878.00	2878.00	2878.00	2879.00	2879.00	2880.00	2880.00	2880.00	2880.00	2881.00	2882.00	2882.00	2882.00	2882.00	2883.00	2883.00	2884.00	2884.00	2885.00	2885.00	2885.00	2886.00	2886.00	2887.00	2887.00	2888.00	2888.00	2888.00	2889.00	2889.00	2890.00	2890.00	2890.00	2891.00	2891.00	2892.00	2892.00	2893.00	2893.00	2894.00	2894.00	2895.00	2895.00	2895.00	2896.00	2897.00	2897.00	2897.00	2898.00	2898.00	2898.00	2899.00	2899.00	2899.00	2900.00	2900.00	2900.00	2900.00	2900.00	2901.00	2901.00	2901.00	2901.00	2902.00	2902.00	2902.00	2902.00	2902.00	2903.00	2903.00	2903.00	2904.00	2904.00	2904.00	2904.00	2904.00	2905.00	2905.00	2905.00	2905.00	2906.00	2906.00	2906.00	2906.00	2906.00	2906.00	2907.00	2907.00	2907.00	2907.00	2908.00	2908.00	2908.00	2908.00	2908.00	2908.00	2908.00	2909.00	2909.00	2909.00	2909.00	2909.00	2909.00	2910.00	2910.00	2910.00	2910.00	2910.00	2910.00	2910.00	2910.00	2910.00	2911.00	2911.00	2911.00	2911.00	2911.00	2911.00	2912.00	2912.00	2912.00	2912.00	2913.00	2913.00	2913.00	2913.00	2913.00	2913.00	2913.00	2914.00	2914.00	2914.00	2914.00	2914.00	2914.00	2914.00	2915.00	2915.00	2915.00	2915.00	2915.00	2915.00	2916.00	2916.00	2916.00	2916.00	2916.00	2916.00	2916.00	2916.00	2916.00	2917.00	2917.00	2917.00	2917.00	2917.00	2917.00	2917.00	2917.00	2917.00	2917.00	2917.00	2917.00	2918.00	2918.00	2918.00	2918.00	2918.00	2918.00	2918.00	2918.00	2918.00	2918.00	2918.00	2918.00	2918.00	2918.00	2919.00	2919.00	2919.00	2919.00	2919.00	2919.00	2919.00	2919.00	2919.00	2919.00	2919.00	2919.00	2920.00	2920.00	2920.00	2920.00	2920.00	2920.00	2920.00	2920.00	2920.00	2921.00	2921.00	2921.00	2921.00	2921.00	2921.00	2921.00	2921.00	2922.00	2922.00	2922.00	2922.00
2869.00	2869.00	2869.00	2869.00	2869.00	2870.00	2870.00	2870.00	2870.00	2870.00	2871.00	2871.00	2871.00	2871.00	2871.00	2871.00	2871.00	2872.00	2872.00	2872.00	2872.00	2873.00	2873.00	2873.00	2873.00	2873.00	2874.00	2874.00	2874.00	2874.00	2875.00	2875.00	2875.00	2875.00	2875.00	2875.00	2875.00	2876.00	2876.00	2876.00	2876.00	2877.00	2877.00	2877.00	2877.00	2877.00	2878.00	2878.00	2878.00	2879.00	2879.00	2880.00	2880.00	2880.00	2880.00	2881.00	2882.00	2882.00	2882.00	2882.00	2883.00	2883.00	2884.00	2884.00	2885.00	2885.00	2885.00	2886.00	2886.00	2887.00	2887.00	2888.00	2888.00	2888.00	2889.00	2889.00	2890.00	2890.00	2890.00	2891.00	2891.00	2892.00	2892.00	2893.00	2893.00	2894.00	2894.00	2895.00	2895.00	2895.00	2896.00	2897.00	2897.00	2897.00	2898.00	2898.00	2898.00	2899.00	2899.00	2899.00	2900.00	2900.00	2900.00	2900.00	2900.00	2901.00	2901.00	2901.00	2901.00	2902.00	2902.00	2902.00	2902.00	2902.00	2903.00	2903.00	2903.00	2904.00	2904.00	2904.00	2904.00	2904.00	2905.00	2905.00	2905.00	2905.00	2906.00	2906.00	2906.00	2906.00	2906.00	2906.00	2907.00	2907.00	2907.00	2907.00	2908.00	2908.00	2908.00	2908.00	2908.00	2908.00	2908.00	2909.00	2909.00	2909.00	2909.00	2909.00	2909.00	2910.00	2910.00	2910.00	2910.00	2910.00	2910.00	2910.00	2910.00	2910.00	2911.00	2911.00	2911.00	2911.00	2911.00	2911.00	2912.00	2912.00	2912.00	2912.00	2913.00	2913.00	2913.00	2913.00	2913.00	2913.00	2913.00	2914.00	2914.00	2914.00	2914.00	2914.00	2914.00	2914.00	2915.00	2915.00	2915.00	2915.00	2915.00	2915.00	2916.00	2916.00	2916.00	2916.00	2916.00	2916.00	2916.00	2916.00	2916.00	2917.00	2917.00	2917.00	2917.00	2917.00	2917.00	2917.00	2917.00	2917.00	2917.00	2917.00	2917.00	2918.00	2918.00	2918.00	2918.00	2918.00	2918.00	2918.00	2918.00	2918.00	2918.00	2918.00	2918.00	2918.00	2918.00	2919.00	2919.00	2919.00	2919.00	2919.00	2919.00	2919.00	2919.00	2919.00	2919.00	2919.00	2919.00	2920.00	2920.00	2920.00	2920.00	2920.00	2920.00	2920.00	2920.00	2920.00	2921.00	2921.00	2921.00	2921.00	2921.00	2921.00	2921.00	2921.00	2922.00	2922.00	2922.00	2922.00
2869.00	2869.00	2869.00	2869.00	2869.00	2870.00	2870.00	2870.00	2870.00	2870.00	2871.00	2871.00	2871.00	2871.00	2871.00	2871.00	2871.00	2872.00	2872.00	2872.00	2872.00	2873.00	2873.00	2873.00	2873.00	2873.00	2874.00	2874.00	2874.00	2874.00	2875.00	2875.00	2875.00	2875.00	2875.00	2875.00	2875.00	2876.00	2876.00	2876.00	2876.00	2877.00	2877.00	2877.00	2877.00	2877.00	2878.00	2878.00	2878.00	2879.00	2879.00	2880.00	2880.00	2880.00	2880.00	2881.00	2882.00	2882.00	2882.00	2882.00	2883.00	2883.00	2884.00	2884.00	2885.00	2885.00	2885.00	2886.00	2886.00	2887.00	2887.00	2888.00	2888.00	2888.00	2889.00	2889.00	2890.00	2890.00	2890.00	2891.00	2891.00	2892.00	2892.00	2893.00	2893.00	2894.00	2894.00	2895.00	2895.00	2895.00	2896.00	2897.00	2897.00	2897.00	2898.00	2898.00	2898.00	2899.00	2899.00	2899.00	2900.00	2900.00	2900.00	2900.00	2900.00	2901.00	2901.00	2901.00	2901.00	2902.00	2902.00	2902.00	2902.00	2902.00	2903.00	2903.00	2903.00	2904.00	2904.00	2904.00	2904.00	2904.00	2905.00	2905.00	2905.00	2905.00	2906.00	2906.00	2906.00	2906.00	2906.00	2906.00	2907.00	2907.00	2907.00	2907.00	2908.00	2908.00	2908.00	2908.00	2908.00	2908.00	2908.00	2909.00	2909.00	2909.00	2909.00	2909.00	2909.00	2910.00	2910.00	2910.00	2910.00	2910.00	2910.00	2910.00	2910.00	2910.00	2911.00	2911.00	2911.00	2911.00	2911.00	2911.00	2912.00	2912.00	2912.00	2912.00	2913.00	2913.00	2913.00	2913.00	2913.00	2913.00	2913.00	2914.00	2914.00	2914.00	2914.00	2914.00	2914.00	2914.00	2915.00	2915.00	2915.00	2915.00	2915.00	2915.00	2916.00	2916.00	2916.00	2916.00	2916.00	2916.00	2916.00	2916.00	2916.00	2917.00	2917.00	2917.00	2917.00	2917.00	2917.00	2917.00	2917.00	2917.00	2917.00	2917.00	2917.00	2918.00	2918.00	2918.00	2918.00	2918.00	2918.00	2918.00	2918.00	2918.00	2918.00	2918.00	2918.00	2918.00	2918.00	2919.00	2919.00	2919.00	2919.00	2919.00	2919.00	2919.00	2919.00	2919.00	2919.00	2919.00	2919.00	2920.00	2920.00	2920.00	2920.00	2920.00	2920.00	2920.00	2920.00	2920.00	2921.00	2921.00	2921.00	2921.00	2921.00	2921.00	2921.00	2921.00	2922.00	2922.00	2922.00	2922.00
2869.00	2869.00	2869.00	2869.00	2869.00	2870.00	2870.00	2870.00	2870.00	2870.00	2871.00	2871.00	2871.00	2871.00	2871.00	2871.00	2871.00	2872.00	2872.00	2872.00	2872.00	2873.00	2873.00	2873.00	2873.00	2873.00	2874.00	2874.00	2874.00	2874.00	2875.00	2875.00	2875.00	2875.00	2875.00	2875.00	2875.00	2876.00	2876.00	2876.00	2876.00	2877.00	2877.00	2877.00	2877.00	2877.00	2878.00	2878.00	2878.00	2879.00	2879.00	2880.00	2880.00	2880.00	2880.00	2881.00	2882.00	2882.00	2882.00	2882.00	2883.00	2883.00	2884.00	2884.00	2885.00	2885.00	2885.00	2886.00	2886.00	2887.00	2887.00	2888.00	2888.00	2888.00	2889.00	2889.00	2890.00	2890.00	2890.00	2891.00	2891.00	2892.00	2892.00	2893.00	2893.00	2894.00	2894.00	2895.00	2895.00	2895.00	2896.00	2897.00	2897.00	2897.00	2898.00	2898.00	2898.00	2899.00	2899.00	2899.00	2900.00	2900.00	2900.00	2900.00	2900.00	2901.00	2901.00	2901.00	2901.00	2902.00	2902.00	2902.00	2902.00	2902.00	2903.00	2903.00	2903.00	2904.00	2904.00	2904.00	2904.00	2904.00	2905.00	2905.00	2905.00	2905.00	2906.00	2906.00	2906.00	2906.00	2906.00	2906.00	2907.00	2907.00	2907.00	2907.00	2908.00	2908.00	2908.00	2908.00	2908.00	2908.00	2908.00	2909.00	2909.00	2909.00	2909.00	2909.00	2909.00	2910.00	2910.00	2910.00	2910.00	2910.00	2910.00	2910.00	2910.00	2910.00	2911.00	2911.00	2911.00	2911.00	2911.00	2911.00	2912.00	2912.00	2912.00	2912.00	2913.00	2913.00	2913.00	2913.00	2913.00	2913.00	2913.00	2914.00	2914.00	2914.00	2914.00	2914.00	2914.00	2914.00	2915.00	2915.00	2915.00	2915.00	2915.00	2915.00	2916.00	2916.00	2916.00	2916.00	2916.00	2916.00	2916.00	2916.00	2916.00	2917.00	2917.00	2917.00	2917.00	2917.00	2917.00	2917.00	2917.00	2917.00	2917.00	2917.00	2917.00	2918.00	2918.00	2918.00	2918.00	2918.00	2918.00	2918.00	2918.00	2918.00	2918.00	2918.00	2918.00	2918.00	2918.00	2919.00	2919.00	2919.00	2919.00	2919.00	2919.00	2919.00	2919.00	2919.00	2919.00	2919.00	2919.00	2920.00	2920.00	2920.00	2920.00	2920.00	2920.00	2920.00	2920.00	2920.00	2921.00	2921.00	2921.00	2921.00	2921.00	2921.00	2921.00	2921.00	2922.00	2922.00	2922.00	2922.00
2869.00	2869.00	2869.00	2870.00	2870.00	2870.00	2871.00	2871.00	2871.00	2871.00	2871.00	2871.00	2871.00	2871.00	2871.00	2872.00	2872.00	2872.00	2872.00	2873.00	2873.00	2873.00	2873.00	2873.00	2874.00	2874.00	2874.00	2874.00	2874.00	2874.00	2875.00	2875.00	2875.00	2875.00	2875.00	2875.00	2875.00	2876.00	2876.00	2876.00	2876.00	2877.00	2877.00	2877.00	2877.00	2877.00	2878.00	2878.00	2878.00	2879.00	2879.00	2880.00	2880.00	2880.00	2880.00	2881.00	2881.00	2881.00	2882.00	2882.00	2883.00	2883.00	2884.00	2884.00	2885.00	2885.00	2885.00	2886.00	2886.00	2887.00	2887.00	2888.00	2888.00	2889.00	2889.00	2889.00	2890.00	2890.00	2891.00	2891.00	2891.00	2892.00	2892.00	2893.00	2893.00	2894.00	2894.00	2894.00	2895.00	2895.00	2896.00	2896.00	2897.00	2897.00	2897.00	2897.00	2898.00	2898.00	2898.00	2899.00	2899.00	2899.00	2899.00	2900.00	2900.00	2900.00	2901.00	2901.00	2901.00	2901.00	2901.00	2901.00	2901.00	2902.00	2902.00	2902.00	2902.00	2903.00	2903.00	2903.00	2903.00	2903.00	2903.00	2904.00	2904.00	2904.00	2904.00	2905.00	2905.00	2905.00	2905.00	2905.00	2905.00	2905.00	2906.00	2906.00	2906.00	2906.00	2906.00	2906.00	2907.00	2907.00	2907.00	2907.00	2907.00	2908.00	2908.00	2908.00	2908.00	2908.00	2908.00	2908.00	2908.00	2908.00	2908.00	2908.00	2909.00	2909.00	2909.00	2909.00	2909.00	2909.00	2909.00	2910.00	2910.00	2910.00	2910.00	2910.00	2911.00	2911.00	2911.00	2911.00	2911.00	2911.00	2911.00	2912.00	2912.00	2912.00	2912.00	2913.00	2913.00	2913.00	2913.00	2913.00	2914.00	2914.00	2914.00	2914.00	2914.00	2914.00	2915.00	2915.00	2915.00	2915.00	2915.00	2915.00	2915.00	2916.00	2916.00	2916.00	2916.00	2916.00	2916.00	2916.00	2916.00	2916.00	2916.00	2916.00	2916.00	2916.00	2916.00	2917.00	2917.00	2917.00	2917.00	2917.00	2917.00	2917.00	2917.00	2917.00	2917.00	2917.00	2917.00	2917.00	2917.00	2918.00	2918.00	2918.00	2918.00	2918.00	2918.00	2918.00	2918.00	2918.00	2918.00	2918.00	2918.00	2918.00	2918.00	2919.00	2919.00	2919.00	2919.00	2919.00	2919.00	2919.00	2919.00	2919.00	2919.00	2919.00	2919.00	2919.00	2919.00	2920.00	2920.00	2920.00
2869.00	2869.00	2869.00	2870.00	2870.00	2870.00	2871.00	2871.00	2871.00	2871.00	2871.00	2871.00	2871.00	2871.00	2871.00	2872.00	2872.00	2872.00	2872.00	2873.00	2873.00	2873.00	2873.00	2873.00	2874.00	2874.00	2874.00	2874.00	2874.00	2874.00	2875.00	2875.00	2875.00	2875.00	2875.00	2875.00	2875.00	2876.00	2876.00	2876.00	2876.00	2877.00	2877.00	2877.00	2877.00	2877.00	2878.00	2878.00	2878.00	2879.00	2879.00	2880.00	2880.00	2880.00	2880.00	2881.00	2881.00	2881.00	2882.00	2882.00	2883.00	2883.00	2884.00	2884.00	2885.00	2885.00	2885.00	2886.00	2886.00	2887.00	2887.00	2888.00	2888.00	2889.00	2889.00	2889.00	2890.00	2890.00	2891.00	2891.00	2891.00	2892.00	2892.00	2893.00	2893.00	2894.00	2894.00	2894.00	2895.00	2895.00	2896.00	2896.00	2897.00	2897.00	2897.00	2897.00	2898.00	2898.00	2898.00	2899.00	2899.00	2899.00	2899.00	2900.00	2900.00	2900.00	2901.00	2901.00	2901.00	2901.00	2901.00	2901.00	2901.00	2902.00	2902.00	2902.00	2902.00	2903.00	2903.00	2903.00	2903.00	2903.00	2903.00	2904.00	2904.00	2904.00	2904.00	2905.00	2905.00	2905.00	2905.00	2905.00	2905.00	2905.00	2906.00	2906.00	2906.00	2906.00	2906.00	2906.00	2907.00	2907.00	2907.00	2907.00	2907.00	2908.00	2908.00	2908.00	2908.00	2908.00	2908.00	2908.00	2908.00	2908.00	2908.00	2908.00	2909.00	2909.00	2909.00	2909.00	2909.00	2909.00	2909.00	2910.00	2910.00	2910.00	2910.00	2910.00	2911.00	2911.00	2911.00	2911.00	2911.00	2911.00	2911.00	2912.00	2912.00	2912.00	2912.00	2913.00	2913.00	2913.00	2913.00	2913.00	2914.00	2914.00	2914.00	2914.00	2914.00	2914.00	2915.00	2915.00	2915.00	2915.00	2915.00	2915.00	2915.00	2916.00	2916.00	2916.00	2916.00	2916.00	2916.00	2916.00	2916.00	2916.00	2916.00	2916.00	2916.00	2916.00	2916.00	2917.00	2917.00	2917.00	2917.00	2917.00	2917.00	2917.00	2917.00	2917.00	2917.00	2917.00	2917.00	2917.00	2917.00	2918.00	2918.00	2918.00	2918.00	2918.00	2918.00	2918.00	2918.00	2918.00	2918.00	2918.00	2918.00	2918.00	2918.00	2919.00	2919.00	2919.00	2919.00	2919.00	2919.00	2919.00	2919.00	2919.00	2919.00	2919.00	2919.00	2919.00	2919.00	2920.00	2920.00	2920.00
2869.00	2869.00	2869.00	2870.00	2870.00	2870.00	2871.00	2871.00	2871.00	2871.00	2871.00	2871.00	2871.00	2871.00	2871.00	2872.00	2872.00	2872.00	2872.00	2873.00	2873.00	2873.00	2873.00	2873.00	2874.00	2874.00	2874.00	2874.00	2874.00	2874.00	2875.00	2875.00	2875.00	2875.00	2875.00	2875.00	2875.00	2876.00	2876.00	2876.00	2876.00	2877.00	2877.00	2877.00	2877.00	2877.00	2878.00	2878.00	2878.00	2879.00	2879.00	2880.00	2880.00	2880.00	2880.00	2881.00	2881.00	2881.00	2882.00	2882.00	2883.00	2883.00	2884.00	2884.00	2885.00	2885.00	2885.00	2886.00	2886.00	2887.00	2887.00	2888.00	2888.00	2889.00	2889.00	2889.00	2890.00	2890.00	2891.00	2891.00	2891.00	2892.00	2892.00	2893.00	2893.00	2894.00	2894.00	2894.00	2895.00	2895.00	2896.00	2896.00	2897.00	2897.00	2897.00	2897.00	2898.00	2898.00	2898.00	2899.00	2899.00	2899.00	2899.00	2900.00	2900.00	2900.00	2901.00	2901.00	2901.00	2901.00	2901.00	2901.00	2901.00	2902.00	2902.00	2902.00	2902.00	2903.00	2903.00	2903.00	2903.00	2903.00	2903.00	2904.00	2904.00	2904.00	2904.00	2905.00	2905.00	2905.00	2905.00	2905.00	2905.00	2905.00	2906.00	2906.00	2906.00	2906.00	2906.00	2906.00	2907.00	2907.00	2907.00	2907.00	2907.00	2908.00	2908.00	2908.00	2908.00	2908.00	2908.00	2908.00	2908.00	2908.00	2908.00	2908.00	2909.00	2909.00	2909.00	2909.00	2909.00	2909.00	2909.00	2910.00	2910.00	2910.00	2910.00	2910.00	2911.00	2911.00	2911.00	2911.00	2911.00	2911.00	2911.00	2912.00	2912.00	2912.00	2912.00	2913.00	2913.00	2913.00	2913.00	2913.00	2914.00	2914.00	2914.00	2914.00	2914.00	2914.00	2915.00	2915.00	2915.00	2915.00	2915.00	2915.00	2915.00	2916.00	2916.00	2916.00	2916.00	2916.00	2916.00	2916.00	2916.00	2916.00	2916.00	2916.00	2916.00	2916.00	2916.00	2917.00	2917.00	2917.00	2917.00	2917.00	2917.00	2917.00	2917.00	2917.00	2917.00	2917.00	2917.00	2917.00	2917.00	2918.00	2918.00	2918.00	2918.00	2918.00	2918.00	2918.00	2918.00	2918.00	2918.00	2918.00	2918.00	2918.00	2918.00	2919.00	2919.00	2919.00	2919.00	2919.00	2919.00	2919.00	2919.00	2919.00	2919.00	2919.00	2919.00	2919.00	2919.00	2920.00	2920.00	2920.00
2869.00	2869.00	2869.00	2870.00	2870.00	2870.00	2871.00	2871.00	2871.00	2871.00	2871.00	2871.00	2871.00	2871.00	2871.00	2872.00	2872.00	2872.00	2872.00	2873.00	2873.00	2873.00	2873.00	2873.00	2874.00	2874.00	2874.00	2874.00	2874.00	2874.00	2875.00	2875.00	2875.00	2875.00	2875.00	2875.00	2875.00	2876.00	2876.00	2876.00	2876.00	2877.00	2877.00	2877.00	2877.00	2877.00	2878.00	2878.00	2878.00	2879.00	2879.00	2880.00	2880.00	2880.00	2880.00	2881.00	2881.00	2881.00	2882.00	2882.00	2883.00	2883.00	2884.00	2884.00	2885.00	2885.00	2885.00	2886.00	2886.00	2887.00	2887.00	2888.00	2888.00	2889.00	2889.00	2889.00	2890.00	2890.00	2891.00	2891.00	2891.00	2892.00	2892.00	2893.00	2893.00	2894.00	2894.00	2894.00	2895.00	2895.00	2896.00	2896.00	2897.00	2897.00	2897.00	2897.00	2898.00	2898.00	2898.00	2899.00	2899.00	2899.00	2899.00	2900.00	2900.00	2900.00	2901.00	2901.00	2901.00	2901.00	2901.00	2901.00	2901.00	2902.00	2902.00	2902.00	2902.00	2903.00	2903.00	2903.00	2903.00	2903.00	2903.00	2904.00	2904.00	2904.00	2904.00	2905.00	2905.00	2905.00	2905.00	2905.00	2905.00	2905.00	2906.00	2906.00	2906.00	2906.00	2906.00	2906.00	2907.00	2907.00	2907.00	2907.00	2907.00	2908.00	2908.00	2908.00	2908.00	2908.00	2908.00	2908.00	2908.00	2908.00	2908.00	2908.00	2909.00	2909.00	2909.00	2909.00	2909.00	2909.00	2909.00	2910.00	2910.00	2910.00	2910.00	2910.00	2911.00	2911.00	2911.00	2911.00	2911.00	2911.00	2911.00	2912.00	2912.00	2912.00	2912.00	2913.00	2913.00	2913.00	2913.00	2913.00	2914.00	2914.00	2914.00	2914.00	2914.00	2914.00	2915.00	2915.00	2915.00	2915.00	2915.00	2915.00	2915.00	2916.00	2916.00	2916.00	2916.00	2916.00	2916.00	2916.00	2916.00	2916.00	2916.00	2916.00	2916.00	2916.00	2916.00	2917.00	2917.00	2917.00	2917.00	2917.00	2917.00	2917.00	2917.00	2917.00	2917.00	2917.00	2917.00	2917.00	2917.00	2918.00	2918.00	2918.00	2918.00	2918.00	2918.00	2918.00	2918.00	2918.00	2918.00	2918.00	2918.00	2918.00	2918.00	2919.00	2919.00	2919.00	2919.00	2919.00	2919.00	2919.00	2919.00	2919.00	2919.00	2919.00	2919.00	2919.00	2919.00	2920.00	2920.00	2920.00
2869.00	2869.00	2869.00	2870.00	2870.00	2870.00	2871.00	2871.00	2871.00	2871.00	2871.00	2871.00	2871.00	2871.00	2871.00	2872.00	2872.00	2872.00	2872.00	2873.00	2873.00	2873.00	2873.00	2873.00	2874.00	2874.00	2874.00	2874.00	2874.00	2874.00	2875.00	2875.00	2875.00	2875.00	2875.00	2875.00	2875.00	2876.00	2876.00	2876.00	2876.00	2877.00	2877.00	2877.00	2877.00	2877.00	2878.00	2878.00	2878.00	2879.00	2879.00	2880.00	2880.00	2880.00	2880.00	2881.00	2881.00	2881.00	2882.00	2882.00	2883.00	2883.00	2884.00	2884.00	2885.00	2885.00	2885.00	2886.00	2886.00	2887.00	2887.00	2888.00	2888.00	2889.00	2889.00	2889.00	2890.00	2890.00	2891.00	2891.00	2891.00	2892.00	2892.00	2893.00	2893.00	2894.00	2894.00	2894.00	2895.00	2895.00	2896.00	2896.00	2897.00	2897.00	2897.00	2897.00	2898.00	2898.00	2898.00	2899.00	2899.00	2899.00	2899.00	2900.00	2900.00	2900.00	2901.00	2901.00	2901.00	2901.00	2901.00	2901.00	2901.00	2902.00	2902.00	2902.00	2902.00	2903.00	2903.00	2903.00	2903.00	2903.00	2903.00	2904.00	2904.00	2904.00	2904.00	2905.00	2905.00	2905.00	2905.00	2905.00	2905.00	2905.00	2906.00	2906.00	2906.00	2906.00	2906.00	2906.00	2907.00	2907.00	2907.00	2907.00	2907.00	2908.00	2908.00	2908.00	2908.00	2908.00	2908.00	2908.00	2908.00	2908.00	2908.00	2908.00	2909.00	2909.00	2909.00	2909.00	2909.00	2909.00	2909.00	2910.00	2910.00	2910.00	2910.00	2910.00	2911.00	2911.00	2911.00	2911.00	2911.00	2911.00	2911.00	2912.00	2912.00	2912.00	2912.00	2913.00	2913.00	2913.00	2913.00	2913.00	2914.00	2914.00	2914.00	2914.00	2914.00	2914.00	2915.00	2915.00	2915.00	2915.00	2915.00	2915.00	2915.00	2916.00	2916.00	2916.00	2916.00	2916.00	2916.00	2916.00	2916.00	2916.00	2916.00	2916.00	2916.00	2916.00	2916.00	2917.00	2917.00	2917.00	2917.00	2917.00	2917.00	2917.00	2917.00	2917.00	2917.00	2917.00	2917.00	2917.00	2917.00	2918.00	2918.00	2918.00	2918.00	2918.00	2918.00	2918.00	2918.00	2918.00	2918.00	2918.00	2918.00	2918.00	2918.00	2919.00	2919.00	2919.00	2919.00	2919.00	2919.00	2919.00	2919.00	2919.00	2919.00	2919.00	2919.00	2919.00	2919.00	2920.00	2920.00	2920.00
2869.00	2869.00	2869.00	2870.00	2870.00	2870.00	2871.00	2871.00	2871.00	2871.00	2871.00	2871.00	2871.00	2871.00	2871.00	2872.00	2872.00	2872.00	2872.00	2873.00	2873.00	2873.00	2873.00	2873.00	2874.00	2874.00	2874.00	2874.00	2874.00	2874.00	2875.00	2875.00	2875.00	2875.00	2875.00	2875.00	2875.00	2876.00	2876.00	2876.00	2876.00	2877.00	2877.00	2877.00	2877.00	2877.00	2878.00	2878.00	2878.00	2879.00	2879.00	2880.00	2880.00	2880.00	2880.00	2881.00	2881.00	2881.00	2882.00	2882.00	2883.00	2883.00	2884.00	2884.00	2885.00	2885.00	2885.00	2886.00	2886.00	2887.00	2887.00	2888.00	2888.00	2889.00	2889.00	2889.00	2890.00	2890.00	2891.00	2891.00	2891.00	2892.00	2892.00	2893.00	2893.00	2894.00	2894.00	2894.00	2895.00	2895.00	2896.00	2896.00	2897.00	2897.00	2897.00	2897.00	2898.00	2898.00	2898.00	2899.00	2899.00	2899.00	2899.00	2900.00	2900.00	2900.00	2901.00	2901.00	2901.00	2901.00	2901.00	2901.00	2901.00	2902.00	2902.00	2902.00	2902.00	2903.00	2903.00	2903.00	2903.00	2903.00	2903.00	2904.00	2904.00	2904.00	2904.00	2905.00	2905.00	2905.00	2905.00	2905.00	2905.00	2905.00	2906.00	2906.00	2906.00	2906.00	2906.00	2906.00	2907.00	2907.00	2907.00	2907.00	2907.00	2908.00	2908.00	2908.00	2908.00	2908.00	2908.00	2908.00	2908.00	2908.00	2908.00	2908.00	2909.00	2909.00	2909.00	2909.00	2909.00	2909.00	2909.00	2910.00	2910.00	2910.00	2910.00	2910.00	2911.00	2911.00	2911.00	2911.00	2911.00	2911.00	2911.00	2912.00	2912.00	2912.00	2912.00	2913.00	2913.00	2913.00	2913.00	2913.00	2914.00	2914.00	2914.00	2914.00	2914.00	2914.00	2915.00	2915.00	2915.00	2915.00	2915.00	2915.00	2915.00	2916.00	2916.00	2916.00	2916.00	2916.00	2916.00	2916.00	2916.00	2916.00	2916.00	2916.00	2916.00	2916.00	2916.00	2917.00	2917.00	2917.00	2917.00	2917.00	2917.00	2917.00	2917.00	2917.00	2917.00	2917.00	2917.00	2917.00	2917.00	2918.00	2918.00	2918.00	2918.00	2918.00	2918.00	2918.00	2918.00	2918.00	2918.00	2918.00	2918.00	2918.00	2918.00	2919.00	2919.00	2919.00	2919.00	2919.00	2919.00	2919.00	2919.00	2919.00	2919.00	2919.00	2919.00	2919.00	2919.00	2920.00	2920.00	2920.00
2869.00	2869.00	2869.00	2870.00	2870.00	2870.00	2871.00	2871.00	2871.00	2871.00	2871.00	2871.00	2871.00	2871.00	2871.00	2872.00	2872.00	2872.00	2872.00	2873.00	2873.00	2873.00	2873.00	2873.00	2874.00	2874.00	2874.00	2874.00	2874.00	2874.00	2875.00	2875.00	2875.00	2875.00	2875.00	2875.00	2875.00	2876.00	2876.00	2876.00	2876.00	2877.00	2877.00	2877.00	2877.00	2877.00	2878.00	2878.00	2878.00	2879.00	2879.00	2880.00	2880.00	2880.00	2880.00	2881.00	2881.00	2881.00	2882.00	2882.00	2883.00	2883.00	2884.00	2884.00	2885.00	2885.00	2885.00	2886.00	2886.00	2887.00	2887.00	2888.00	2888.00	2889.00	2889.00	2889.00	2890.00	2890.00	2891.00	2891.00	2891.00	2892.00	2892.00	2893.00	2893.00	2894.00	2894.00	2894.00	2895.00	2895.00	2896.00	2896.00	2897.00	2897.00	2897.00	2897.00	2898.00	2898.00	2898.00	2899.00	2899.00	2899.00	2899.00	2900.00	2900.00	2900.00	2901.00	2901.00	2901.00	2901.00	2901.00	2901.00	2901.00	2902.00	2902.00	2902.00	2902.00	2903.00	2903.00	2903.00	2903.00	2903.00	2903.00	2904.00	2904.00	2904.00	2904.00	2905.00	2905.00	2905.00	2905.00	2905.00	2905.00	2905.00	2906.00	2906.00	2906.00	2906.00	2906.00	2906.00	2907.00	2907.00	2907.00	2907.00	2907.00	2908.00	2908.00	2908.00	2908.00	2908.00	2908.00	2908.00	2908.00	2908.00	2908.00	2908.00	2909.00	2909.00	2909.00	2909.00	2909.00	2909.00	2909.00	2910.00	2910.00	2910.00	2910.00	2910.00	2911.00	2911.00	2911.00	2911.00	2911.00	2911.00	2911.00	2912.00	2912.00	2912.00	2912.00	2913.00	2913.00	2913.00	2913.00	2913.00	2914.00	2914.00	2914.00	2914.00	2914.00	2914.00	2915.00	2915.00	2915.00	2915.00	2915.00	2915.00	2915.00	2916.00	2916.00	2916.00	2916.00	2916.00	2916.00	2916.00	2916.00	2916.00	2916.00	2916.00	2916.00	2916.00	2916.00	2917.00	2917.00	2917.00	2917.00	2917.00	2917.00	2917.00	2917.00	2917.00	2917.00	2917.00	2917.00	2917.00	2917.00	2918.00	2918.00	2918.00	2918.00	2918.00	2918.00	2918.00	2918.00	2918.00	2918.00	2918.00	2918.00	2918.00	2918.00	2919.00	2919.00	2919.00	2919.00	2919.00	2919.00	2919.00	2919.00	2919.00	2919.00	2919.00	2919.00	2919.00	2919.00	2920.00	2920.00	2920.00
2869.00	2869.00	2869.00	2870.00	2870.00	2870.00	2871.00	2871.00	2871.00	2871.00	2871.00	2871.00	2871.00	2871.00	2871.00	2872.00	2872.00	2872.00	2872.00	2873.00	2873.00	2873.00	2873.00	2873.00	2874.00	2874.00	2874.00	2874.00	2874.00	2874.00	2875.00	2875.00	2875.00	2875.00	2875.00	2875.00	2875.00	2876.00	2876.00	2876.00	2876.00	2877.00	2877.00	2877.00	2877.00	2877.00	2878.00	2878.00	2878.00	2879.00	2879.00	2880.00	2880.00	2880.00	2880.00	2881.00	2881.00	2881.00	2882.00	2882.00	2883.00	2883.00	2884.00	2884.00	2885.00	2885.00	2885.00	2886.00	2886.00	2887.00	2887.00	2888.00	2888.00	2889.00	2889.00	2889.00	2890.00	2890.00	2891.00	2891.00	2891.00	2892.00	2892.00	2893.00	2893.00	2894.00	2894.00	2894.00	2895.00	2895.00	2896.00	2896.00	2897.00	2897.00	2897.00	2897.00	2898.00	2898.00	2898.00	2899.00	2899.00	2899.00	2899.00	2900.00	2900.00	2900.00	2901.00	2901.00	2901.00	2901.00	2901.00	2901.00	2901.00	2902.00	2902.00	2902.00	2902.00	2903.00	2903.00	2903.00	2903.00	2903.00	2903.00	2904.00	2904.00	2904.00	2904.00	2905.00	2905.00	2905.00	2905.00	2905.00	2905.00	2905.00	2906.00	2906.00	2906.00	2906.00	2906.00	2906.00	2907.00	2907.00	2907.00	2907.00	2907.00	2908.00	2908.00	2908.00	2908.00	2908.00	2908.00	2908.00	2908.00	2908.00	2908.00	2908.00	2909.00	2909.00	2909.00	2909.00	2909.00	2909.00	2909.00	2910.00	2910.00	2910.00	2910.00	2910.00	2911.00	2911.00	2911.00	2911.00	2911.00	2911.00	2911.00	2912.00	2912.00	2912.00	2912.00	2913.00	2913.00	2913.00	2913.00	2913.00	2914.00	2914.00	2914.00	2914.00	2914.00	2914.00	2915.00	2915.00	2915.00	2915.00	2915.00	2915.00	2915.00	2916.00	2916.00	2916.00	2916.00	2916.00	2916.00	2916.00	2916.00	2916.00	2916.00	2916.00	2916.00	2916.00	2916.00	2917.00	2917.00	2917.00	2917.00	2917.00	2917.00	2917.00	2917.00	2917.00	2917.00	2917.00	2917.00	2917.00	2917.00	2918.00	2918.00	2918.00	2918.00	2918.00	2918.00	2918.00	2918.00	2918.00	2918.00	2918.00	2918.00	2918.00	2918.00	2919.00	2919.00	2919.00	2919.00	2919.00	2919.00	2919.00	2919.00	2919.00	2919.00	2919.00	2919.00	2919.00	2919.00	2920.00	2920.00	2920.00
2869.00	2869.00	2869.00	2870.00	2870.00	2870.00	2871.00	2871.00	2871.00	2871.00	2871.00	2871.00	2872.00	2872.00	2872.00	2872.00	2872.00	2873.00	2873.00	2873.00	2873.00	2873.00	2873.00	2873.00	2874.00	2874.00	2874.00	2874.00	2874.00	2874.00	2875.00	2875.00	2875.00	2875.00	2875.00	2876.00	2876.00	2876.00	2876.00	2877.00	2877.00	2877.00	2877.00	2877.00	2877.00	2877.00	2878.00	2878.00	2878.00	2879.00	2879.00	2880.00	2880.00	2880.00	2880.00	2881.00	2881.00	2881.00	2882.00	2882.00	2883.00	2883.00	2884.00	2884.00	2884.00	2885.00	2885.00	2885.00	2885.00	2886.00	2887.00	2888.00	2888.00	2888.00	2889.00	2889.00	2890.00	2890.00	2891.00	2891.00	2891.00	2892.00	2892.00	2893.00	2893.00	2894.00	2894.00	2894.00	2895.00	2895.00	2895.00	2896.00	2896.00	2896.00	2897.00	2897.00	2897.00	2897.00	2897.00	2898.00	2898.00	2898.00	2898.00	2899.00	2899.00	2899.00	2899.00	2899.00	2900.00	2900.00	2900.00	2900.00	2900.00	2901.00	2901.00	2901.00	2901.00	2901.00	2902.00	2902.00	2902.00	2902.00	2902.00	2902.00	2903.00	2903.00	2903.00	2903.00	2903.00	2904.00	2904.00	2904.00	2904.00	2904.00	2904.00	2905.00	2905.00	2905.00	2905.00	2905.00	2905.00	2905.00	2905.00	2906.00	2906.00	2906.00	2906.00	2906.00	2906.00	2906.00	2906.00	2906.00	2907.00	2907.00	2907.00	2907.00	2907.00	2907.00	2907.00	2907.00	2907.00	2908.00	2908.00	2908.00	2908.00	2908.00	2908.00	2908.00	2909.00	2909.00	2909.00	2909.00	2909.00	2909.00	2909.00	2910.00	2910.00	2910.00	2910.00	2911.00	2911.00	2911.00	2911.00	2911.00	2912.00	2912.00	2912.00	2912.00	2913.00	2913.00	2913.00	2913.00	2913.00	2914.00	2914.00	2914.00	2914.00	2914.00	2914.00	2915.00	2915.00	2915.00	2915.00	2915.00	2915.00	2915.00	2915.00	2915.00	2915.00	2915.00	2915.00	2915.00	2916.00	2916.00	2916.00	2916.00	2916.00	2916.00	2916.00	2916.00	2916.00	2916.00	2916.00	2916.00	2916.00	2916.00	2916.00	2916.00	2916.00	2916.00	2916.00	2916.00	2916.00	2916.00	2916.00	2916.00	2916.00	2917.00	2917.00	2917.00	2917.00	2917.00	2917.00	2917.00	2917.00	2917.00	2917.00	2917.00	2917.00	2917.00	2917.00	2917.00	2918.00	2918.00	2918.00	2918.00
2869.00	2869.00	2869.00	2870.00	2870.00	2870.00	2871.00	2871.00	2871.00	2871.00	2871.00	2871.00	2872.00	2872.00	2872.00	2872.00	2872.00	2873.00	2873.00	2873.00	2873.00	2873.00	2873.00	2873.00	2874.00	2874.00	2874.00	2874.00	2874.00	2874.00	2875.00	2875.00	2875.00	2875.00	2875.00	2876.00	2876.00	2876.00	2876.00	2877.00	2877.00	2877.00	2877.00	2877.00	2877.00	2877.00	2878.00	2878.00	2878.00	2879.00	2879.00	2880.00	2880.00	2880.00	2880.00	2881.00	2881.00	2881.00	2882.00	2882.00	2883.00	2883.00	2884.00	2884.00	2884.00	2885.00	2885.00	2885.00	2885.00	2886.00	2887.00	2888.00	2888.00	2888.00	2889.00	2889.00	2890.00	2890.00	2891.00	2891.00	2891.00	2892.00	2892.00	2893.00	2893.00	2894.00	2894.00	2894.00	2895.00	2895.00	2895.00	2896.00	2896.00	2896.00	2897.00	2897.00	2897.00	2897.00	2897.00	2898.00	2898.00	2898.00	2898.00	2899.00	2899.00	2899.00	2899.00	2899.00	2900.00	2900.00	2900.00	2900.00	2900.00	2901.00	2901.00	2901.00	2901.00	2901.00	2902.00	2902.00	2902.00	2902.00	2902.00	2902.00	2903.00	2903.00	2903.00	2903.00	2903.00	2904.00	2904.00	2904.00	2904.00	2904.00	2904.00	2905.00	2905.00	2905.00	2905.00	2905.00	2905.00	2905.00	2905.00	2906.00	2906.00	2906.00	2906.00	2906.00	2906.00	2906.00	2906.00	2906.00	2907.00	2907.00	2907.00	2907.00	2907.00	2907.00	2907.00	2907.00	2907.00	2908.00	2908.00	2908.00	2908.00	2908.00	2908.00	2908.00	2909.00	2909.00	2909.00	2909.00	2909.00	2909.00	2909.00	2910.00	2910.00	2910.00	2910.00	2911.00	2911.00	2911.00	2911.00	2911.00	2912.00	2912.00	2912.00	2912.00	2913.00	2913.00	2913.00	2913.00	2913.00	2914.00	2914.00	2914.00	2914.00	2914.00	2914.00	2915.00	2915.00	2915.00	2915.00	2915.00	2915.00	2915.00	2915.00	2915.00	2915.00	2915.00	2915.00	2915.00	2916.00	2916.00	2916.00	2916.00	2916.00	2916.00	2916.00	2916.00	2916.00	2916.00	2916.00	2916.00	2916.00	2916.00	2916.00	2916.00	2916.00	2916.00	2916.00	2916.00	2916.00	2916.00	2916.00	2916.00	2916.00	2917.00	2917.00	2917.00	2917.00	2917.00	2917.00	2917.00	2917.00	2917.00	2917.00	2917.00	2917.00	2917.00	2917.00	2917.00	2918.00	2918.00	2918.00	2918.00
2869.00	2869.00	2869.00	2870.00	2870.00	2870.00	2871.00	2871.00	2871.00	2871.00	2871.00	2871.00	2872.00	2872.00	2872.00	2872.00	2872.00	2873.00	2873.00	2873.00	2873.00	2873.00	2873.00	2873.00	2874.00	2874.00	2874.00	2874.00	2874.00	2874.00	2875.00	2875.00	2875.00	2875.00	2875.00	2876.00	2876.00	2876.00	2876.00	2877.00	2877.00	2877.00	2877.00	2877.00	2877.00	2877.00	2878.00	2878.00	2878.00	2879.00	2879.00	2880.00	2880.00	2880.00	2880.00	2881.00	2881.00	2881.00	2882.00	2882.00	2883.00	2883.00	2884.00	2884.00	2884.00	2885.00	2885.00	2885.00	2885.00	2886.00	2887.00	2888.00	2888.00	2888.00	2889.00	2889.00	2890.00	2890.00	2891.00	2891.00	2891.00	2892.00	2892.00	2893.00	2893.00	2894.00	2894.00	2894.00	2895.00	2895.00	2895.00	2896.00	2896.00	2896.00	2897.00	2897.00	2897.00	2897.00	2897.00	2898.00	2898.00	2898.00	2898.00	2899.00	2899.00	2899.00	2899.00	2899.00	2900.00	2900.00	2900.00	2900.00	2900.00	2901.00	2901.00	2901.00	2901.00	2901.00	2902.00	2902.00	2902.00	2902.00	2902.00	2902.00	2903.00	2903.00	2903.00	2903.00	2903.00	2904.00	2904.00	2904.00	2904.00	2904.00	2904.00	2905.00	2905.00	2905.00	2905.00	2905.00	2905.00	2905.00	2905.00	2906.00	2906.00	2906.00	2906.00	2906.00	2906.00	2906.00	2906.00	2906.00	2907.00	2907.00	2907.00	2907.00	2907.00	2907.00	2907.00	2907.00	2907.00	2908.00	2908.00	2908.00	2908.00	2908.00	2908.00	2908.00	2909.00	2909.00	2909.00	2909.00	2909.00	2909.00	2909.00	2910.00	2910.00	2910.00	2910.00	2911.00	2911.00	2911.00	2911.00	2911.00	2912.00	2912.00	2912.00	2912.00	2913.00	2913.00	2913.00	2913.00	2913.00	2914.00	2914.00	2914.00	2914.00	2914.00	2914.00	2915.00	2915.00	2915.00	2915.00	2915.00	2915.00	2915.00	2915.00	2915.00	2915.00	2915.00	2915.00	2915.00	2916.00	2916.00	2916.00	2916.00	2916.00	2916.00	2916.00	2916.00	2916.00	2916.00	2916.00	2916.00	2916.00	2916.00	2916.00	2916.00	2916.00	2916.00	2916.00	2916.00	2916.00	2916.00	2916.00	2916.00	2916.00	2917.00	2917.00	2917.00	2917.00	2917.00	2917.00	2917.00	2917.00	2917.00	2917.00	2917.00	2917.00	2917.00	2917.00	2917.00	2918.00	2918.00	2918.00	2918.00
2869.00	2869.00	2869.00	2870.00	2870.00	2870.00	2871.00	2871.00	2871.00	2871.00	2871.00	2871.00	2872.00	2872.00	2872.00	2872.00	2872.00	2873.00	2873.00	2873.00	2873.00	2873.00	2873.00	2873.00	2874.00	2874.00	2874.00	2874.00	2874.00	2874.00	2875.00	2875.00	2875.00	2875.00	2875.00	2876.00	2876.00	2876.00	2876.00	2877.00	2877.00	2877.00	2877.00	2877.00	2877.00	2877.00	2878.00	2878.00	2878.00	2879.00	2879.00	2880.00	2880.00	2880.00	2880.00	2881.00	2881.00	2881.00	2882.00	2882.00	2883.00	2883.00	2884.00	2884.00	2884.00	2885.00	2885.00	2885.00	2885.00	2886.00	2887.00	2888.00	2888.00	2888.00	2889.00	2889.00	2890.00	2890.00	2891.00	2891.00	2891.00	2892.00	2892.00	2893.00	2893.00	2894.00	2894.00	2894.00	2895.00	2895.00	2895.00	2896.00	2896.00	2896.00	2897.00	2897.00	2897.00	2897.00	2897.00	2898.00	2898.00	2898.00	2898.00	2899.00	2899.00	2899.00	2899.00	2899.00	2900.00	2900.00	2900.00	2900.00	2900.00	2901.00	2901.00	2901.00	2901.00	2901.00	2902.00	2902.00	2902.00	2902.00	2902.00	2902.00	2903.00	2903.00	2903.00	2903.00	2903.00	2904.00	2904.00	2904.00	2904.00	2904.00	2904.00	2905.00	2905.00	2905.00	2905.00	2905.00	2905.00	2905.00	2905.00	2906.00	2906.00	2906.00	2906.00	2906.00	2906.00	2906.00	2906.00	2906.00	2907.00	2907.00	2907.00	2907.00	2907.00	2907.00	2907.00	2907.00	2907.00	2908.00	2908.00	2908.00	2908.00	2908.00	2908.00	2908.00	2909.00	2909.00	2909.00	2909.00	2909.00	2909.00	2909.00	2910.00	2910.00	2910.00	2910.00	2911.00	2911.00	2911.00	2911.00	2911.00	2912.00	2912.00	2912.00	2912.00	2913.00	2913.00	2913.00	2913.00	2913.00	2914.00	2914.00	2914.00	2914.00	2914.00	2914.00	2915.00	2915.00	2915.00	2915.00	2915.00	2915.00	2915.00	2915.00	2915.00	2915.00	2915.00	2915.00	2915.00	2916.00	2916.00	2916.00	2916.00	2916.00	2916.00	2916.00	2916.00	2916.00	2916.00	2916.00	2916.00	2916.00	2916.00	2916.00	2916.00	2916.00	2916.00	2916.00	2916.00	2916.00	2916.00	2916.00	2916.00	2916.00	2917.00	2917.00	2917.00	2917.00	2917.00	2917.00	2917.00	2917.00	2917.00	2917.00	2917.00	2917.00	2917.00	2917.00	2917.00	2918.00	2918.00	2918.00	2918.00
2869.00	2869.00	2869.00	2870.00	2870.00	2870.00	2871.00	2871.00	2871.00	2871.00	2871.00	2871.00	2872.00	2872.00	2872.00	2872.00	2872.00	2873.00	2873.00	2873.00	2873.00	2873.00	2873.00	2873.00	2874.00	2874.00	2874.00	2874.00	2874.00	2874.00	2875.00	2875.00	2875.00	2875.00	2875.00	2876.00	2876.00	2876.00	2876.00	2877.00	2877.00	2877.00	2877.00	2877.00	2877.00	2877.00	2878.00	2878.00	2878.00	2879.00	2879.00	2880.00	2880.00	2880.00	2880.00	2881.00	2881.00	2881.00	2882.00	2882.00	2883.00	2883.00	2884.00	2884.00	2884.00	2885.00	2885.00	2885.00	2885.00	2886.00	2887.00	2888.00	2888.00	2888.00	2889.00	2889.00	2890.00	2890.00	2891.00	2891.00	2891.00	2892.00	2892.00	2893.00	2893.00	2894.00	2894.00	2894.00	2895.00	2895.00	2895.00	2896.00	2896.00	2896.00	2897.00	2897.00	2897.00	2897.00	2897.00	2898.00	2898.00	2898.00	2898.00	2899.00	2899.00	2899.00	2899.00	2899.00	2900.00	2900.00	2900.00	2900.00	2900.00	2901.00	2901.00	2901.00	2901.00	2901.00	2902.00	2902.00	2902.00	2902.00	2902.00	2902.00	2903.00	2903.00	2903.00	2903.00	2903.00	2904.00	2904.00	2904.00	2904.00	2904.00	2904.00	2905.00	2905.00	2905.00	2905.00	2905.00	2905.00	2905.00	2905.00	2906.00	2906.00	2906.00	2906.00	2906.00	2906.00	2906.00	2906.00	2906.00	2907.00	2907.00	2907.00	2907.00	2907.00	2907.00	2907.00	2907.00	2907.00	2908.00	2908.00	2908.00	2908.00	2908.00	2908.00	2908.00	2909.00	2909.00	2909.00	2909.00	2909.00	2909.00	2909.00	2910.00	2910.00	2910.00	2910.00	2911.00	2911.00	2911.00	2911.00	2911.00	2912.00	2912.00	2912.00	2912.00	2913.00	2913.00	2913.00	2913.00	2913.00	2914.00	2914.00	2914.00	2914.00	2914.00	2914.00	2915.00	2915.00	2915.00	2915.00	2915.00	2915.00	2915.00	2915.00	2915.00	2915.00	2915.00	2915.00	2915.00	2916.00	2916.00	2916.00	2916.00	2916.00	2916.00	2916.00	2916.00	2916.00	2916.00	2916.00	2916.00	2916.00	2916.00	2916.00	2916.00	2916.00	2916.00	2916.00	2916.00	2916.00	2916.00	2916.00	2916.00	2916.00	2917.00	2917.00	2917.00	2917.00	2917.00	2917.00	2917.00	2917.00	2917.00	2917.00	2917.00	2917.00	2917.00	2917.00	2917.00	2918.00	2918.00	2918.00	2918.00
2869.00	2869.00	2869.00	2870.00	2870.00	2870.00	2871.00	2871.00	2871.00	2871.00	2871.00	2871.00	2872.00	2872.00	2872.00	2872.00	2872.00	2873.00	2873.00	2873.00	2873.00	2873.00	2873.00	2873.00	2874.00	2874.00	2874.00	2874.00	2874.00	2874.00	2875.00	2875.00	2875.00	2875.00	2875.00	2876.00	2876.00	2876.00	2876.00	2877.00	2877.00	2877.00	2877.00	2877.00	2877.00	2877.00	2878.00	2878.00	2878.00	2879.00	2879.00	2880.00	2880.00	2880.00	2880.00	2881.00	2881.00	2881.00	2882.00	2882.00	2883.00	2883.00	2884.00	2884.00	2884.00	2885.00	2885.00	2885.00	2885.00	2886.00	2887.00	2888.00	2888.00	2888.00	2889.00	2889.00	2890.00	2890.00	2891.00	2891.00	2891.00	2892.00	2892.00	2893.00	2893.00	2894.00	2894.00	2894.00	2895.00	2895.00	2895.00	2896.00	2896.00	2896.00	2897.00	2897.00	2897.00	2897.00	2897.00	2898.00	2898.00	2898.00	2898.00	2899.00	2899.00	2899.00	2899.00	2899.00	2900.00	2900.00	2900.00	2900.00	2900.00	2901.00	2901.00	2901.00	2901.00	2901.00	2902.00	2902.00	2902.00	2902.00	2902.00	2902.00	2903.00	2903.00	2903.00	2903.00	2903.00	2904.00	2904.00	2904.00	2904.00	2904.00	2904.00	2905.00	2905.00	2905.00	2905.00	2905.00	2905.00	2905.00	2905.00	2906.00	2906.00	2906.00	2906.00	2906.00	2906.00	2906.00	2906.00	2906.00	2907.00	2907.00	2907.00	2907.00	2907.00	2907.00	2907.00	2907.00	2907.00	2908.00	2908.00	2908.00	2908.00	2908.00	2908.00	2908.00	2909.00	2909.00	2909.00	2909.00	2909.00	2909.00	2909.00	2910.00	2910.00	2910.00	2910.00	2911.00	2911.00	2911.00	2911.00	2911.00	2912.00	2912.00	2912.00	2912.00	2913.00	2913.00	2913.00	2913.00	2913.00	2914.00	2914.00	2914.00	2914.00	2914.00	2914.00	2915.00	2915.00	2915.00	2915.00	2915.00	2915.00	2915.00	2915.00	2915.00	2915.00	2915.00	2915.00	2915.00	2916.00	2916.00	2916.00	2916.00	2916.00	2916.00	2916.00	2916.00	2916.00	2916.00	2916.00	2916.00	2916.00	2916.00	2916.00	2916.00	2916.00	2916.00	2916.00	2916.00	2916.00	2916.00	2916.00	2916.00	2916.00	2917.00	2917.00	2917.00	2917.00	2917.00	2917.00	2917.00	2917.00	2917.00	2917.00	2917.00	2917.00	2917.00	2917.00	2917.00	2918.00	2918.00	2918.00	2918.00
2869.00	2869.00	2869.00	2870.00	2870.00	2870.00	2871.00	2871.00	2871.00	2871.00	2871.00	2871.00	2872.00	2872.00	2872.00	2872.00	2872.00	2873.00	2873.00	2873.00	2873.00	2873.00	2873.00	2873.00	2874.00	2874.00	2874.00	2874.00	2874.00	2874.00	2875.00	2875.00	2875.00	2875.00	2875.00	2876.00	2876.00	2876.00	2876.00	2877.00	2877.00	2877.00	2877.00	2877.00	2877.00	2877.00	2878.00	2878.00	2878.00	2879.00	2879.00	2880.00	2880.00	2880.00	2880.00	2881.00	2881.00	2881.00	2882.00	2882.00	2883.00	2883.00	2884.00	2884.00	2884.00	2885.00	2885.00	2885.00	2885.00	2886.00	2887.00	2888.00	2888.00	2888.00	2889.00	2889.00	2890.00	2890.00	2891.00	2891.00	2891.00	2892.00	2892.00	2893.00	2893.00	2894.00	2894.00	2894.00	2895.00	2895.00	2895.00	2896.00	2896.00	2896.00	2897.00	2897.00	2897.00	2897.00	2897.00	2898.00	2898.00	2898.00	2898.00	2899.00	2899.00	2899.00	2899.00	2899.00	2900.00	2900.00	2900.00	2900.00	2900.00	2901.00	2901.00	2901.00	2901.00	2901.00	2902.00	2902.00	2902.00	2902.00	2902.00	2902.00	2903.00	2903.00	2903.00	2903.00	2903.00	2904.00	2904.00	2904.00	2904.00	2904.00	2904.00	2905.00	2905.00	2905.00	2905.00	2905.00	2905.00	2905.00	2905.00	2906.00	2906.00	2906.00	2906.00	2906.00	2906.00	2906.00	2906.00	2906.00	2907.00	2907.00	2907.00	2907.00	2907.00	2907.00	2907.00	2907.00	2907.00	2908.00	2908.00	2908.00	2908.00	2908.00	2908.00	2908.00	2909.00	2909.00	2909.00	2909.00	2909.00	2909.00	2909.00	2910.00	2910.00	2910.00	2910.00	2911.00	2911.00	2911.00	2911.00	2911.00	2912.00	2912.00	2912.00	2912.00	2913.00	2913.00	2913.00	2913.00	2913.00	2914.00	2914.00	2914.00	2914.00	2914.00	2914.00	2915.00	2915.00	2915.00	2915.00	2915.00	2915.00	2915.00	2915.00	2915.00	2915.00	2915.00	2915.00	2915.00	2916.00	2916.00	2916.00	2916.00	2916.00	2916.00	2916.00	2916.00	2916.00	2916.00	2916.00	2916.00	2916.00	2916.00	2916.00	2916.00	2916.00	2916.00	2916.00	2916.00	2916.00	2916.00	2916.00	2916.00	2916.00	2917.00	2917.00	2917.00	2917.00	2917.00	2917.00	2917.00	2917.00	2917.00	2917.00	2917.00	2917.00	2917.00	2917.00	2917.00	2918.00	2918.00	2918.00	2918.00
2869.00	2869.00	2869.00	2870.00	2870.00	2870.00	2871.00	2871.00	2871.00	2871.00	2871.00	2871.00	2872.00	2872.00	2872.00	2872.00	2872.00	2873.00	2873.00	2873.00	2873.00	2873.00	2873.00	2873.00	2874.00	2874.00	2874.00	2874.00	2874.00	2874.00	2875.00	2875.00	2875.00	2875.00	2875.00	2876.00	2876.00	2876.00	2876.00	2877.00	2877.00	2877.00	2877.00	2877.00	2877.00	2877.00	2878.00	2878.00	2878.00	2879.00	2879.00	2880.00	2880.00	2880.00	2880.00	2881.00	2881.00	2881.00	2882.00	2882.00	2883.00	2883.00	2884.00	2884.00	2884.00	2885.00	2885.00	2885.00	2885.00	2886.00	2887.00	2888.00	2888.00	2888.00	2889.00	2889.00	2890.00	2890.00	2891.00	2891.00	2891.00	2892.00	2892.00	2893.00	2893.00	2894.00	2894.00	2894.00	2895.00	2895.00	2895.00	2896.00	2896.00	2896.00	2897.00	2897.00	2897.00	2897.00	2897.00	2898.00	2898.00	2898.00	2898.00	2899.00	2899.00	2899.00	2899.00	2899.00	2900.00	2900.00	2900.00	2900.00	2900.00	2901.00	2901.00	2901.00	2901.00	2901.00	2902.00	2902.00	2902.00	2902.00	2902.00	2902.00	2903.00	2903.00	2903.00	2903.00	2903.00	2904.00	2904.00	2904.00	2904.00	2904.00	2904.00	2905.00	2905.00	2905.00	2905.00	2905.00	2905.00	2905.00	2905.00	2906.00	2906.00	2906.00	2906.00	2906.00	2906.00	2906.00	2906.00	2906.00	2907.00	2907.00	2907.00	2907.00	2907.00	2907.00	2907.00	2907.00	2907.00	2908.00	2908.00	2908.00	2908.00	2908.00	2908.00	2908.00	2909.00	2909.00	2909.00	2909.00	2909.00	2909.00	2909.00	2910.00	2910.00	2910.00	2910.00	2911.00	2911.00	2911.00	2911.00	2911.00	2912.00	2912.00	2912.00	2912.00	2913.00	2913.00	2913.00	2913.00	2913.00	2914.00	2914.00	2914.00	2914.00	2914.00	2914.00	2915.00	2915.00	2915.00	2915.00	2915.00	2915.00	2915.00	2915.00	2915.00	2915.00	2915.00	2915.00	2915.00	2916.00	2916.00	2916.00	2916.00	2916.00	2916.00	2916.00	2916.00	2916.00	2916.00	2916.00	2916.00	2916.00	2916.00	2916.00	2916.00	2916.00	2916.00	2916.00	2916.00	2916.00	2916.00	2916.00	2916.00	2916.00	2917.00	2917.00	2917.00	2917.00	2917.00	2917.00	2917.00	2917.00	2917.00	2917.00	2917.00	2917.00	2917.00	2917.00	2917.00	2918.00	2918.00	2918.00	2918.00
2869.00	2869.00	2869.00	2870.00	2870.00	2870.00	2871.00	2871.00	2871.00	2871.00	2871.00	2871.00	2872.00	2872.00	2872.00	2872.00	2872.00	2873.00	2873.00	2873.00	2873.00	2873.00	2873.00	2873.00	2874.00	2874.00	2874.00	2874.00	2874.00	2874.00	2875.00	2875.00	2875.00	2875.00	2875.00	2876.00	2876.00	2876.00	2876.00	2877.00	2877.00	2877.00	2877.00	2877.00	2877.00	2877.00	2878.00	2878.00	2878.00	2879.00	2879.00	2880.00	2880.00	2880.00	2880.00	2881.00	2881.00	2881.00	2882.00	2882.00	2883.00	2883.00	2884.00	2884.00	2884.00	2885.00	2885.00	2885.00	2885.00	2886.00	2887.00	2888.00	2888.00	2888.00	2889.00	2889.00	2890.00	2890.00	2891.00	2891.00	2891.00	2892.00	2892.00	2893.00	2893.00	2894.00	2894.00	2894.00	2895.00	2895.00	2895.00	2896.00	2896.00	2896.00	2897.00	2897.00	2897.00	2897.00	2897.00	2898.00	2898.00	2898.00	2898.00	2899.00	2899.00	2899.00	2899.00	2899.00	2900.00	2900.00	2900.00	2900.00	2900.00	2901.00	2901.00	2901.00	2901.00	2901.00	2902.00	2902.00	2902.00	2902.00	2902.00	2902.00	2903.00	2903.00	2903.00	2903.00	2903.00	2904.00	2904.00	2904.00	2904.00	2904.00	2904.00	2905.00	2905.00	2905.00	2905.00	2905.00	2905.00	2905.00	2905.00	2906.00	2906.00	2906.00	2906.00	2906.00	2906.00	2906.00	2906.00	2906.00	2907.00	2907.00	2907.00	2907.00	2907.00	2907.00	2907.00	2907.00	2907.00	2908.00	2908.00	2908.00	2908.00	2908.00	2908.00	2908.00	2909.00	2909.00	2909.00	2909.00	2909.00	2909.00	2909.00	2910.00	2910.00	2910.00	2910.00	2911.00	2911.00	2911.00	2911.00	2911.00	2912.00	2912.00	2912.00	2912.00	2913.00	2913.00	2913.00	2913.00	2913.00	2914.00	2914.00	2914.00	2914.00	2914.00	2914.00	2915.00	2915.00	2915.00	2915.00	2915.00	2915.00	2915.00	2915.00	2915.00	2915.00	2915.00	2915.00	2915.00	2916.00	2916.00	2916.00	2916.00	2916.00	2916.00	2916.00	2916.00	2916.00	2916.00	2916.00	2916.00	2916.00	2916.00	2916.00	2916.00	2916.00	2916.00	2916.00	2916.00	2916.00	2916.00	2916.00	2916.00	2916.00	2917.00	2917.00	2917.00	2917.00	2917.00	2917.00	2917.00	2917.00	2917.00	2917.00	2917.00	2917.00	2917.00	2917.00	2917.00	2918.00	2918.00	2918.00	2918.00
2869.00	2869.00	2869.00	2870.00	2870.00	2870.00	2871.00	2871.00	2871.00	2871.00	2871.00	2871.00	2872.00	2872.00	2872.00	2872.00	2872.00	2873.00	2873.00	2873.00	2873.00	2873.00	2873.00	2873.00	2874.00	2874.00	2874.00	2874.00	2874.00	2874.00	2875.00	2875.00	2875.00	2875.00	2875.00	2876.00	2876.00	2876.00	2876.00	2877.00	2877.00	2877.00	2877.00	2877.00	2877.00	2877.00	2878.00	2878.00	2878.00	2879.00	2879.00	2880.00	2880.00	2880.00	2880.00	2881.00	2881.00	2881.00	2882.00	2882.00	2883.00	2883.00	2884.00	2884.00	2884.00	2885.00	2885.00	2885.00	2885.00	2886.00	2887.00	2888.00	2888.00	2888.00	2889.00	2889.00	2890.00	2890.00	2891.00	2891.00	2891.00	2892.00	2892.00	2893.00	2893.00	2894.00	2894.00	2894.00	2895.00	2895.00	2895.00	2896.00	2896.00	2896.00	2897.00	2897.00	2897.00	2897.00	2897.00	2898.00	2898.00	2898.00	2898.00	2899.00	2899.00	2899.00	2899.00	2899.00	2900.00	2900.00	2900.00	2900.00	2900.00	2901.00	2901.00	2901.00	2901.00	2901.00	2902.00	2902.00	2902.00	2902.00	2902.00	2902.00	2903.00	2903.00	2903.00	2903.00	2903.00	2904.00	2904.00	2904.00	2904.00	2904.00	2904.00	2905.00	2905.00	2905.00	2905.00	2905.00	2905.00	2905.00	2905.00	2906.00	2906.00	2906.00	2906.00	2906.00	2906.00	2906.00	2906.00	2906.00	2907.00	2907.00	2907.00	2907.00	2907.00	2907.00	2907.00	2907.00	2907.00	2908.00	2908.00	2908.00	2908.00	2908.00	2908.00	2908.00	2909.00	2909.00	2909.00	2909.00	2909.00	2909.00	2909.00	2910.00	2910.00	2910.00	2910.00	2911.00	2911.00	2911.00	2911.00	2911.00	2912.00	2912.00	2912.00	2912.00	2913.00	2913.00	2913.00	2913.00	2913.00	2914.00	2914.00	2914.00	2914.00	2914.00	2914.00	2915.00	2915.00	2915.00	2915.00	2915.00	2915.00	2915.00	2915.00	2915.00	2915.00	2915.00	2915.00	2915.00	2916.00	2916.00	2916.00	2916.00	2916.00	2916.00	2916.00	2916.00	2916.00	2916.00	2916.00	2916.00	2916.00	2916.00	2916.00	2916.00	2916.00	2916.00	2916.00	2916.00	2916.00	2916.00	2916.00	2916.00	2916.00	2917.00	2917.00	2917.00	2917.00	2917.00	2917.00	2917.00	2917.00	2917.00	2917.00	2917.00	2917.00	2917.00	2917.00	2917.00	2918.00	2918.00	2918.00	2918.00
2869.00	2870.00	2870.00	2870.00	2870.00	2870.00	2871.00	2871.00	2871.00	2871.00	2872.00	2872.00	2872.00	2872.00	2872.00	2872.00	2872.00	2873.00	2873.00	2873.00	2873.00	2873.00	2873.00	2874.00	2874.00	2874.00	2874.00	2874.00	2874.00	2875.00	2875.00	2875.00	2875.00	2875.00	2875.00	2876.00	2876.00	2876.00	2876.00	2876.00	2876.00	2876.00	2877.00	2877.00	2877.00	2877.00	2877.00	2878.00	2878.00	2878.00	2879.00	2879.00	2879.00	2880.00	2880.00	2880.00	2881.00	2881.00	2882.00	2882.00	2883.00	2883.00	2883.00	2883.00	2884.00	2885.00	2885.00	2885.00	2885.00	2886.00	2886.00	2887.00	2887.00	2888.00	2888.00	2888.00	2889.00	2889.00	2890.00	2890.00	2890.00	2891.00	2892.00	2892.00	2892.00	2893.00	2893.00	2893.00	2894.00	2894.00	2894.00	2895.00	2895.00	2895.00	2896.00	2896.00	2896.00	2896.00	2896.00	2897.00	2897.00	2897.00	2897.00	2898.00	2898.00	2898.00	2898.00	2898.00	2898.00	2899.00	2899.00	2899.00	2899.00	2899.00	2899.00	2900.00	2900.00	2900.00	2900.00	2900.00	2901.00	2901.00	2901.00	2901.00	2901.00	2901.00	2902.00	2902.00	2902.00	2902.00	2902.00	2902.00	2903.00	2903.00	2903.00	2903.00	2903.00	2903.00	2903.00	2903.00	2904.00	2904.00	2904.00	2904.00	2904.00	2904.00	2904.00	2904.00	2904.00	2905.00	2905.00	2905.00	2905.00	2905.00	2905.00	2905.00	2905.00	2905.00	2906.00	2906.00	2906.00	2906.00	2906.00	2906.00	2906.00	2907.00	2907.00	2907.00	2907.00	2907.00	2907.00	2907.00	2908.00	2908.00	2908.00	2908.00	2909.00	2909.00	2909.00	2909.00	2909.00	2909.00	2910.00	2910.00	2910.00	2910.00	2911.00	2911.00	2911.00	2911.00	2911.00	2912.00	2912.00	2912.00	2913.00	2913.00	2913.00	2913.00	2913.00	2913.00	2914.00	2914.00	2914.00	2914.00	2914.00	2914.00	2914.00	2914.00	2914.00	2914.00	2914.00	2914.00	2914.00	2914.00	2915.00	2915.00	2915.00	2915.00	2915.00	2915.00	2915.00	2915.00	2915.00	2915.00	2915.00	2915.00	2915.00	2915.00	2916.00	2916.00	2916.00	2916.00	2916.00	2916.00	2916.00	2916.00	2916.00	2916.00	2916.00	2916.00	2916.00	2916.00	2916.00	2916.00	2916.00	2916.00	2916.00	2916.00	2916.00	2916.00	2916.00	2916.00	2917.00	2917.00	2917.00	2917.00
2869.00	2870.00	2870.00	2870.00	2870.00	2870.00	2871.00	2871.00	2871.00	2871.00	2872.00	2872.00	2872.00	2872.00	2872.00	2872.00	2872.00	2873.00	2873.00	2873.00	2873.00	2873.00	2873.00	2874.00	2874.00	2874.00	2874.00	2874.00	2874.00	2875.00	2875.00	2875.00	2875.00	2875.00	2875.00	2876.00	2876.00	2876.00	2876.00	2876.00	2876.00	2876.00	2877.00	2877.00	2877.00	2877.00	2877.00	2878.00	2878.00	2878.00	2879.00	2879.00	2879.00	2880.00	2880.00	2880.00	2881.00	2881.00	2882.00	2882.00	2883.00	2883.00	2883.00	2883.00	2884.00	2885.00	2885.00	2885.00	2885.00	2886.00	2886.00	2887.00	2887.00	2888.00	2888.00	2888.00	2889.00	2889.00	2890.00	2890.00	2890.00	2891.00	2892.00	2892.00	2892.00	2893.00	2893.00	2893.00	2894.00	2894.00	2894.00	2895.00	2895.00	2895.00	2896.00	2896.00	2896.00	2896.00	2896.00	2897.00	2897.00	2897.00	2897.00	2898.00	2898.00	2898.00	2898.00	2898.00	2898.00	2899.00	2899.00	2899.00	2899.00	2899.00	2899.00	2900.00	2900.00	2900.00	2900.00	2900.00	2901.00	2901.00	2901.00	2901.00	2901.00	2901.00	2902.00	2902.00	2902.00	2902.00	2902.00	2902.00	2903.00	2903.00	2903.00	2903.00	2903.00	2903.00	2903.00	2903.00	2904.00	2904.00	2904.00	2904.00	2904.00	2904.00	2904.00	2904.00	2904.00	2905.00	2905.00	2905.00	2905.00	2905.00	2905.00	2905.00	2905.00	2905.00	2906.00	2906.00	2906.00	2906.00	2906.00	2906.00	2906.00	2907.00	2907.00	2907.00	2907.00	2907.00	2907.00	2907.00	2908.00	2908.00	2908.00	2908.00	2909.00	2909.00	2909.00	2909.00	2909.00	2909.00	2910.00	2910.00	2910.00	2910.00	2911.00	2911.00	2911.00	2911.00	2911.00	2912.00	2912.00	2912.00	2913.00	2913.00	2913.00	2913.00	2913.00	2913.00	2914.00	2914.00	2914.00	2914.00	2914.00	2914.00	2914.00	2914.00	2914.00	2914.00	2914.00	2914.00	2914.00	2914.00	2915.00	2915.00	2915.00	2915.00	2915.00	2915.00	2915.00	2915.00	2915.00	2915.00	2915.00	2915.00	2915.00	2915.00	2916.00	2916.00	2916.00	2916.00	2916.00	2916.00	2916.00	2916.00	2916.00	2916.00	2916.00	2916.00	2916.00	2916.00	2916.00	2916.00	2916.00	2916.00	2916.00	2916.00	2916.00	2916.00	2916.00	2916.00	2917.00	2917.00	2917.00	2917.00
2869.00	2870.00	2870.00	2870.00	2870.00	2870.00	2871.00	2871.00	2871.00	2871.00	2872.00	2872.00	2872.00	2872.00	2872.00	2872.00	2872.00	2873.00	2873.00	2873.00	2873.00	2873.00	2873.00	2874.00	2874.00	2874.00	2874.00	2874.00	2874.00	2875.00	2875.00	2875.00	2875.00	2875.00	2875.00	2876.00	2876.00	2876.00	2876.00	2876.00	2876.00	2876.00	2877.00	2877.00	2877.00	2877.00	2877.00	2878.00	2878.00	2878.00	2879.00	2879.00	2879.00	2880.00	2880.00	2880.00	2881.00	2881.00	2882.00	2882.00	2883.00	2883.00	2883.00	2883.00	2884.00	2885.00	2885.00	2885.00	2885.00	2886.00	2886.00	2887.00	2887.00	2888.00	2888.00	2888.00	2889.00	2889.00	2890.00	2890.00	2890.00	2891.00	2892.00	2892.00	2892.00	2893.00	2893.00	2893.00	2894.00	2894.00	2894.00	2895.00	2895.00	2895.00	2896.00	2896.00	2896.00	2896.00	2896.00	2897.00	2897.00	2897.00	2897.00	2898.00	2898.00	2898.00	2898.00	2898.00	2898.00	2899.00	2899.00	2899.00	2899.00	2899.00	2899.00	2900.00	2900.00	2900.00	2900.00	2900.00	2901.00	2901.00	2901.00	2901.00	2901.00	2901.00	2902.00	2902.00	2902.00	2902.00	2902.00	2902.00	2903.00	2903.00	2903.00	2903.00	2903.00	2903.00	2903.00	2903.00	2904.00	2904.00	2904.00	2904.00	2904.00	2904.00	2904.00	2904.00	2904.00	2905.00	2905.00	2905.00	2905.00	2905.00	2905.00	2905.00	2905.00	2905.00	2906.00	2906.00	2906.00	2906.00	2906.00	2906.00	2906.00	2907.00	2907.00	2907.00	2907.00	2907.00	2907.00	2907.00	2908.00	2908.00	2908.00	2908.00	2909.00	2909.00	2909.00	2909.00	2909.00	2909.00	2910.00	2910.00	2910.00	2910.00	2911.00	2911.00	2911.00	2911.00	2911.00	2912.00	2912.00	2912.00	2913.00	2913.00	2913.00	2913.00	2913.00	2913.00	2914.00	2914.00	2914.00	2914.00	2914.00	2914.00	2914.00	2914.00	2914.00	2914.00	2914.00	2914.00	2914.00	2914.00	2915.00	2915.00	2915.00	2915.00	2915.00	2915.00	2915.00	2915.00	2915.00	2915.00	2915.00	2915.00	2915.00	2915.00	2916.00	2916.00	2916.00	2916.00	2916.00	2916.00	2916.00	2916.00	2916.00	2916.00	2916.00	2916.00	2916.00	2916.00	2916.00	2916.00	2916.00	2916.00	2916.00	2916.00	2916.00	2916.00	2916.00	2916.00	2917.00	2917.00	2917.00	2917.00
2869.00	2870.00	2870.00	2870.00	2870.00	2870.00	2871.00	2871.00	2871.00	2871.00	2872.00	2872.00	2872.00	2872.00	2872.00	2872.00	2872.00	2873.00	2873.00	2873.00	2873.00	2873.00	2873.00	2874.00	2874.00	2874.00	2874.00	2874.00	2874.00	2875.00	2875.00	2875.00	2875.00	2875.00	2875.00	2876.00	2876.00	2876.00	2876.00	2876.00	2876.00	2876.00	2877.00	2877.00	2877.00	2877.00	2877.00	2878.00	2878.00	2878.00	2879.00	2879.00	2879.00	2880.00	2880.00	2880.00	2881.00	2881.00	2882.00	2882.00	2883.00	2883.00	2883.00	2883.00	2884.00	2885.00	2885.00	2885.00	2885.00	2886.00	2886.00	2887.00	2887.00	2888.00	2888.00	2888.00	2889.00	2889.00	2890.00	2890.00	2890.00	2891.00	2892.00	2892.00	2892.00	2893.00	2893.00	2893.00	2894.00	2894.00	2894.00	2895.00	2895.00	2895.00	2896.00	2896.00	2896.00	2896.00	2896.00	2897.00	2897.00	2897.00	2897.00	2898.00	2898.00	2898.00	2898.00	2898.00	2898.00	2899.00	2899.00	2899.00	2899.00	2899.00	2899.00	2900.00	2900.00	2900.00	2900.00	2900.00	2901.00	2901.00	2901.00	2901.00	2901.00	2901.00	2902.00	2902.00	2902.00	2902.00	2902.00	2902.00	2903.00	2903.00	2903.00	2903.00	2903.00	2903.00	2903.00	2903.00	2904.00	2904.00	2904.00	2904.00	2904.00	2904.00	2904.00	2904.00	2904.00	2905.00	2905.00	2905.00	2905.00	2905.00	2905.00	2905.00	2905.00	2905.00	2906.00	2906.00	2906.00	2906.00	2906.00	2906.00	2906.00	2907.00	2907.00	2907.00	2907.00	2907.00	2907.00	2907.00	2908.00	2908.00	2908.00	2908.00	2909.00	2909.00	2909.00	2909.00	2909.00	2909.00	2910.00	2910.00	2910.00	2910.00	2911.00	2911.00	2911.00	2911.00	2911.00	2912.00	2912.00	2912.00	2913.00	2913.00	2913.00	2913.00	2913.00	2913.00	2914.00	2914.00	2914.00	2914.00	2914.00	2914.00	2914.00	2914.00	2914.00	2914.00	2914.00	2914.00	2914.00	2914.00	2915.00	2915.00	2915.00	2915.00	2915.00	2915.00	2915.00	2915.00	2915.00	2915.00	2915.00	2915.00	2915.00	2915.00	2916.00	2916.00	2916.00	2916.00	2916.00	2916.00	2916.00	2916.00	2916.00	2916.00	2916.00	2916.00	2916.00	2916.00	2916.00	2916.00	2916.00	2916.00	2916.00	2916.00	2916.00	2916.00	2916.00	2916.00	2917.00	2917.00	2917.00	2917.00
2869.00	2870.00	2870.00	2870.00	2870.00	2870.00	2871.00	2871.00	2871.00	2871.00	2872.00	2872.00	2872.00	2872.00	2872.00	2872.00	2872.00	2873.00	2873.00	2873.00	2873.00	2873.00	2873.00	2874.00	2874.00	2874.00	2874.00	2874.00	2874.00	2875.00	2875.00	2875.00	2875.00	2875.00	2875.00	2876.00	2876.00	2876.00	2876.00	2876.00	2876.00	2876.00	2877.00	2877.00	2877.00	2877.00	2877.00	2878.00	2878.00	2878.00	2879.00	2879.00	2879.00	2880.00	2880.00	2880.00	2881.00	2881.00	2882.00	2882.00	2883.00	2883.00	2883.00	2883.00	2884.00	2885.00	2885.00	2885.00	2885.00	2886.00	2886.00	2887.00	2887.00	2888.00	2888.00	2888.00	2889.00	2889.00	2890.00	2890.00	2890.00	2891.00	2892.00	2892.00	2892.00	2893.00	2893.00	2893.00	2894.00	2894.00	2894.00	2895.00	2895.00	2895.00	2896.00	2896.00	2896.00	2896.00	2896.00	2897.00	2897.00	2897.00	2897.00	2898.00	2898.00	2898.00	2898.00	2898.00	2898.00	2899.00	2899.00	2899.00	2899.00	2899.00	2899.00	2900.00	2900.00	2900.00	2900.00	2900.00	2901.00	2901.00	2901.00	2901.00	2901.00	2901.00	2902.00	2902.00	2902.00	2902.00	2902.00	2902.00	2903.00	2903.00	2903.00	2903.00	2903.00	2903.00	2903.00	2903.00	2904.00	2904.00	2904.00	2904.00	2904.00	2904.00	2904.00	2904.00	2904.00	2905.00	2905.00	2905.00	2905.00	2905.00	2905.00	2905.00	2905.00	2905.00	2906.00	2906.00	2906.00	2906.00	2906.00	2906.00	2906.00	2907.00	2907.00	2907.00	2907.00	2907.00	2907.00	2907.00	2908.00	2908.00	2908.00	2908.00	2909.00	2909.00	2909.00	2909.00	2909.00	2909.00	2910.00	2910.00	2910.00	2910.00	2911.00	2911.00	2911.00	2911.00	2911.00	2912.00	2912.00	2912.00	2913.00	2913.00	2913.00	2913.00	2913.00	2913.00	2914.00	2914.00	2914.00	2914.00	2914.00	2914.00	2914.00	2914.00	2914.00	2914.00	2914.00	2914.00	2914.00	2914.00	2915.00	2915.00	2915.00	2915.00	2915.00	2915.00	2915.00	2915.00	2915.00	2915.00	2915.00	2915.00	2915.00	2915.00	2916.00	2916.00	2916.00	2916.00	2916.00	2916.00	2916.00	2916.00	2916.00	2916.00	2916.00	2916.00	2916.00	2916.00	2916.00	2916.00	2916.00	2916.00	2916.00	2916.00	2916.00	2916.00	2916.00	2916.00	2917.00	2917.00	2917.00	2917.00
2869.00	2870.00	2870.00	2870.00	2870.00	2870.00	2871.00	2871.00	2871.00	2871.00	2872.00	2872.00	2872.00	2872.00	2872.00	2872.00	2872.00	2873.00	2873.00	2873.00	2873.00	2873.00	2873.00	2874.00	2874.00	2874.00	2874.00	2874.00	2874.00	2875.00	2875.00	2875.00	2875.00	2875.00	2875.00	2876.00	2876.00	2876.00	2876.00	2876.00	2876.00	2876.00	2877.00	2877.00	2877.00	2877.00	2877.00	2878.00	2878.00	2878.00	2879.00	2879.00	2879.00	2880.00	2880.00	2880.00	2881.00	2881.00	2882.00	2882.00	2883.00	2883.00	2883.00	2883.00	2884.00	2885.00	2885.00	2885.00	2885.00	2886.00	2886.00	2887.00	2887.00	2888.00	2888.00	2888.00	2889.00	2889.00	2890.00	2890.00	2890.00	2891.00	2892.00	2892.00	2892.00	2893.00	2893.00	2893.00	2894.00	2894.00	2894.00	2895.00	2895.00	2895.00	2896.00	2896.00	2896.00	2896.00	2896.00	2897.00	2897.00	2897.00	2897.00	2898.00	2898.00	2898.00	2898.00	2898.00	2898.00	2899.00	2899.00	2899.00	2899.00	2899.00	2899.00	2900.00	2900.00	2900.00	2900.00	2900.00	2901.00	2901.00	2901.00	2901.00	2901.00	2901.00	2902.00	2902.00	2902.00	2902.00	2902.00	2902.00	2903.00	2903.00	2903.00	2903.00	2903.00	2903.00	2903.00	2903.00	2904.00	2904.00	2904.00	2904.00	2904.00	2904.00	2904.00	2904.00	2904.00	2905.00	2905.00	2905.00	2905.00	2905.00	2905.00	2905.00	2905.00	2905.00	2906.00	2906.00	2906.00	2906.00	2906.00	2906.00	2906.00	2907.00	2907.00	2907.00	2907.00	2907.00	2907.00	2907.00	2908.00	2908.00	2908.00	2908.00	2909.00	2909.00	2909.00	2909.00	2909.00	2909.00	2910.00	2910.00	2910.00	2910.00	2911.00	2911.00	2911.00	2911.00	2911.00	2912.00	2912.00	2912.00	2913.00	2913.00	2913.00	2913.00	2913.00	2913.00	2914.00	2914.00	2914.00	2914.00	2914.00	2914.00	2914.00	2914.00	2914.00	2914.00	2914.00	2914.00	2914.00	2914.00	2915.00	2915.00	2915.00	2915.00	2915.00	2915.00	2915.00	2915.00	2915.00	2915.00	2915.00	2915.00	2915.00	2915.00	2916.00	2916.00	2916.00	2916.00	2916.00	2916.00	2916.00	2916.00	2916.00	2916.00	2916.00	2916.00	2916.00	2916.00	2916.00	2916.00	2916.00	2916.00	2916.00	2916.00	2916.00	2916.00	2916.00	2916.00	2917.00	2917.00	2917.00	2917.00
2869.00	2870.00	2870.00	2870.00	2870.00	2870.00	2871.00	2871.00	2871.00	2871.00	2872.00	2872.00	2872.00	2872.00	2872.00	2872.00	2872.00	2873.00	2873.00	2873.00	2873.00	2873.00	2873.00	2874.00	2874.00	2874.00	2874.00	2874.00	2874.00	2875.00	2875.00	2875.00	2875.00	2875.00	2875.00	2876.00	2876.00	2876.00	2876.00	2876.00	2876.00	2876.00	2877.00	2877.00	2877.00	2877.00	2877.00	2878.00	2878.00	2878.00	2879.00	2879.00	2879.00	2880.00	2880.00	2880.00	2881.00	2881.00	2882.00	2882.00	2883.00	2883.00	2883.00	2883.00	2884.00	2885.00	2885.00	2885.00	2885.00	2886.00	2886.00	2887.00	2887.00	2888.00	2888.00	2888.00	2889.00	2889.00	2890.00	2890.00	2890.00	2891.00	2892.00	2892.00	2892.00	2893.00	2893.00	2893.00	2894.00	2894.00	2894.00	2895.00	2895.00	2895.00	2896.00	2896.00	2896.00	2896.00	2896.00	2897.00	2897.00	2897.00	2897.00	2898.00	2898.00	2898.00	2898.00	2898.00	2898.00	2899.00	2899.00	2899.00	2899.00	2899.00	2899.00	2900.00	2900.00	2900.00	2900.00	2900.00	2901.00	2901.00	2901.00	2901.00	2901.00	2901.00	2902.00	2902.00	2902.00	2902.00	2902.00	2902.00	2903.00	2903.00	2903.00	2903.00	2903.00	2903.00	2903.00	2903.00	2904.00	2904.00	2904.00	2904.00	2904.00	2904.00	2904.00	2904.00	2904.00	2905.00	2905.00	2905.00	2905.00	2905.00	2905.00	2905.00	2905.00	2905.00	2906.00	2906.00	2906.00	2906.00	2906.00	2906.00	2906.00	2907.00	2907.00	2907.00	2907.00	2907.00	2907.00	2907.00	2908.00	2908.00	2908.00	2908.00	2909.00	2909.00	2909.00	2909.00	2909.00	2909.00	2910.00	2910.00	2910.00	2910.00	2911.00	2911.00	2911.00	2911.00	2911.00	2912.00	2912.00	2912.00	2913.00	2913.00	2913.00	2913.00	2913.00	2913.00	2914.00	2914.00	2914.00	2914.00	2914.00	2914.00	2914.00	2914.00	2914.00	2914.00	2914.00	2914.00	2914.00	2914.00	2915.00	2915.00	2915.00	2915.00	2915.00	2915.00	2915.00	2915.00	2915.00	2915.00	2915.00	2915.00	2915.00	2915.00	2916.00	2916.00	2916.00	2916.00	2916.00	2916.00	2916.00	2916.00	2916.00	2916.00	2916.00	2916.00	2916.00	2916.00	2916.00	2916.00	2916.00	2916.00	2916.00	2916.00	2916.00	2916.00	2916.00	2916.00	2917.00	2917.00	2917.00	2917.00
2869.00	2870.00	2870.00	2870.00	2870.00	2870.00	2871.00	2871.00	2871.00	2871.00	2872.00	2872.00	2872.00	2872.00	2872.00	2872.00	2872.00	2873.00	2873.00	2873.00	2873.00	2873.00	2873.00	2874.00	2874.00	2874.00	2874.00	2874.00	2874.00	2875.00	2875.00	2875.00	2875.00	2875.00	2875.00	2876.00	2876.00	2876.00	2876.00	2876.00	2876.00	2876.00	2877.00	2877.00	2877.00	2877.00	2877.00	2878.00	2878.00	2878.00	2879.00	2879.00	2879.00	2880.00	2880.00	2880.00	2881.00	2881.00	2882.00	2882.00	2883.00	2883.00	2883.00	2883.00	2884.00	2885.00	2885.00	2885.00	2885.00	2886.00	2886.00	2887.00	2887.00	2888.00	2888.00	2888.00	2889.00	2889.00	2890.00	2890.00	2890.00	2891.00	2892.00	2892.00	2892.00	2893.00	2893.00	2893.00	2894.00	2894.00	2894.00	2895.00	2895.00	2895.00	2896.00	2896.00	2896.00	2896.00	2896.00	2897.00	2897.00	2897.00	2897.00	2898.00	2898.00	2898.00	2898.00	2898.00	2898.00	2899.00	2899.00	2899.00	2899.00	2899.00	2899.00	2900.00	2900.00	2900.00	2900.00	2900.00	2901.00	2901.00	2901.00	2901.00	2901.00	2901.00	2902.00	2902.00	2902.00	2902.00	2902.00	2902.00	2903.00	2903.00	2903.00	2903.00	2903.00	2903.00	2903.00	2903.00	2904.00	2904.00	2904.00	2904.00	2904.00	2904.00	2904.00	2904.00	2904.00	2905.00	2905.00	2905.00	2905.00	2905.00	2905.00	2905.00	2905.00	2905.00	2906.00	2906.00	2906.00	2906.00	2906.00	2906.00	2906.00	2907.00	2907.00	2907.00	2907.00	2907.00	2907.00	2907.00	2908.00	2908.00	2908.00	2908.00	2909.00	2909.00	2909.00	2909.00	2909.00	2909.00	2910.00	2910.00	2910.00	2910.00	2911.00	2911.00	2911.00	2911.00	2911.00	2912.00	2912.00	2912.00	2913.00	2913.00	2913.00	2913.00	2913.00	2913.00	2914.00	2914.00	2914.00	2914.00	2914.00	2914.00	2914.00	2914.00	2914.00	2914.00	2914.00	2914.00	2914.00	2914.00	2915.00	2915.00	2915.00	2915.00	2915.00	2915.00	2915.00	2915.00	2915.00	2915.00	2915.00	2915.00	2915.00	2915.00	2916.00	2916.00	2916.00	2916.00	2916.00	2916.00	2916.00	2916.00	2916.00	2916.00	2916.00	2916.00	2916.00	2916.00	2916.00	2916.00	2916.00	2916.00	2916.00	2916.00	2916.00	2916.00	2916.00	2916.00	2917.00	2917.00	2917.00	2917.00
2869.00	2870.00	2870.00	2870.00	2870.00	2870.00	2871.00	2871.00	2871.00	2871.00	2872.00	2872.00	2872.00	2872.00	2872.00	2872.00	2872.00	2873.00	2873.00	2873.00	2873.00	2873.00	2873.00	2874.00	2874.00	2874.00	2874.00	2874.00	2874.00	2875.00	2875.00	2875.00	2875.00	2875.00	2875.00	2876.00	2876.00	2876.00	2876.00	2876.00	2876.00	2876.00	2877.00	2877.00	2877.00	2877.00	2877.00	2878.00	2878.00	2878.00	2879.00	2879.00	2879.00	2880.00	2880.00	2880.00	2881.00	2881.00	2882.00	2882.00	2883.00	2883.00	2883.00	2883.00	2884.00	2885.00	2885.00	2885.00	2885.00	2886.00	2886.00	2887.00	2887.00	2888.00	2888.00	2888.00	2889.00	2889.00	2890.00	2890.00	2890.00	2891.00	2892.00	2892.00	2892.00	2893.00	2893.00	2893.00	2894.00	2894.00	2894.00	2895.00	2895.00	2895.00	2896.00	2896.00	2896.00	2896.00	2896.00	2897.00	2897.00	2897.00	2897.00	2898.00	2898.00	2898.00	2898.00	2898.00	2898.00	2899.00	2899.00	2899.00	2899.00	2899.00	2899.00	2900.00	2900.00	2900.00	2900.00	2900.00	2901.00	2901.00	2901.00	2901.00	2901.00	2901.00	2902.00	2902.00	2902.00	2902.00	2902.00	2902.00	2903.00	2903.00	2903.00	2903.00	2903.00	2903.00	2903.00	2903.00	2904.00	2904.00	2904.00	2904.00	2904.00	2904.00	2904.00	2904.00	2904.00	2905.00	2905.00	2905.00	2905.00	2905.00	2905.00	2905.00	2905.00	2905.00	2906.00	2906.00	2906.00	2906.00	2906.00	2906.00	2906.00	2907.00	2907.00	2907.00	2907.00	2907.00	2907.00	2907.00	2908.00	2908.00	2908.00	2908.00	2909.00	2909.00	2909.00	2909.00	2909.00	2909.00	2910.00	2910.00	2910.00	2910.00	2911.00	2911.00	2911.00	2911.00	2911.00	2912.00	2912.00	2912.00	2913.00	2913.00	2913.00	2913.00	2913.00	2913.00	2914.00	2914.00	2914.00	2914.00	2914.00	2914.00	2914.00	2914.00	2914.00	2914.00	2914.00	2914.00	2914.00	2914.00	2915.00	2915.00	2915.00	2915.00	2915.00	2915.00	2915.00	2915.00	2915.00	2915.00	2915.00	2915.00	2915.00	2915.00	2916.00	2916.00	2916.00	2916.00	2916.00	2916.00	2916.00	2916.00	2916.00	2916.00	2916.00	2916.00	2916.00	2916.00	2916.00	2916.00	2916.00	2916.00	2916.00	2916.00	2916.00	2916.00	2916.00	2916.00	2917.00	2917.00	2917.00	2917.00
2870.00	2870.00	2870.00	2870.00	2870.00	2871.00	2871.00	2871.00	2871.00	2872.00	2872.00	2872.00	2872.00	2872.00	2872.00	2872.00	2872.00	2873.00	2873.00	2873.00	2873.00	2873.00	2873.00	2873.00	2873.00	2873.00	2874.00	2874.00	2874.00	2874.00	2874.00	2874.00	2874.00	2875.00	2875.00	2875.00	2875.00	2875.00	2875.00	2876.00	2876.00	2876.00	2876.00	2876.00	2877.00	2877.00	2877.00	2877.00	2877.00	2878.00	2878.00	2878.00	2878.00	2879.00	2879.00	2880.00	2880.00	2880.00	2881.00	2881.00	2882.00	2882.00	2883.00	2883.00	2883.00	2884.00	2884.00	2885.00	2885.00	2885.00	2886.00	2886.00	2886.00	2887.00	2888.00	2888.00	2888.00	2888.00	2889.00	2890.00	2890.00	2890.00	2891.00	2891.00	2891.00	2892.00	2892.00	2892.00	2892.00	2892.00	2893.00	2893.00	2894.00	2894.00	2894.00	2894.00	2895.00	2895.00	2895.00	2895.00	2896.00	2896.00	2896.00	2896.00	2896.00	2897.00	2897.00	2897.00	2897.00	2897.00	2897.00	2898.00	2898.00	2898.00	2898.00	2898.00	2898.00	2899.00	2899.00	2899.00	2899.00	2899.00	2899.00	2900.00	2900.00	2900.00	2900.00	2900.00	2900.00	2900.00	2900.00	2900.00	2900.00	2900.00	2901.00	2901.00	2901.00	2901.00	2902.00	2902.00	2902.00	2902.00	2902.00	2902.00	2902.00	2903.00	2903.00	2903.00	2903.00	2903.00	2903.00	2903.00	2903.00	2903.00	2903.00	2903.00	2903.00	2903.00	2903.00	2904.00	2904.00	2904.00	2904.00	2904.00	2904.00	2905.00	2905.00	2905.00	2905.00	2905.00	2905.00	2905.00	2906.00	2906.00	2906.00	2907.00	2907.00	2907.00	2907.00	2908.00	2908.00	2908.00	2909.00	2909.00	2909.00	2909.00	2910.00	2910.00	2910.00	2910.00	2910.00	2911.00	2911.00	2911.00	2911.00	2911.00	2912.00	2912.00	2912.00	2912.00	2912.00	2912.00	2913.00	2913.00	2913.00	2913.00	2913.00	2913.00	2913.00	2913.00	2913.00	2913.00	2913.00	2913.00	2914.00	2914.00	2914.00	2914.00	2914.00	2914.00	2914.00	2914.00	2914.00	2915.00	2915.00	2915.00	2915.00	2915.00	2915.00	2915.00	2915.00	2915.00	2915.00	2915.00	2915.00	2915.00	2915.00	2915.00	2915.00	2915.00	2915.00	2915.00	2915.00	2916.00	2916.00	2916.00	2916.00	2916.00	2916.00	2916.00	2916.00	2916.00	2916.00	2916.00	2916.00	2916.00
2870.00	2870.00	2870.00	2870.00	2870.00	2871.00	2871.00	2871.00	2871.00	2872.00	2872.00	2872.00	2872.00	2872.00	2872.00	2872.00	2872.00	2873.00	2873.00	2873.00	2873.00	2873.00	2873.00	2873.00	2873.00	2873.00	2874.00	2874.00	2874.00	2874.00	2874.00	2874.00	2874.00	2875.00	2875.00	2875.00	2875.00	2875.00	2875.00	2876.00	2876.00	2876.00	2876.00	2876.00	2877.00	2877.00	2877.00	2877.00	2877.00	2878.00	2878.00	2878.00	2878.00	2879.00	2879.00	2880.00	2880.00	2880.00	2881.00	2881.00	2882.00	2882.00	2883.00	2883.00	2883.00	2884.00	2884.00	2885.00	2885.00	2885.00	2886.00	2886.00	2886.00	2887.00	2888.00	2888.00	2888.00	2888.00	2889.00	2890.00	2890.00	2890.00	2891.00	2891.00	2891.00	2892.00	2892.00	2892.00	2892.00	2892.00	2893.00	2893.00	2894.00	2894.00	2894.00	2894.00	2895.00	2895.00	2895.00	2895.00	2896.00	2896.00	2896.00	2896.00	2896.00	2897.00	2897.00	2897.00	2897.00	2897.00	2897.00	2898.00	2898.00	2898.00	2898.00	2898.00	2898.00	2899.00	2899.00	2899.00	2899.00	2899.00	2899.00	2900.00	2900.00	2900.00	2900.00	2900.00	2900.00	2900.00	2900.00	2900.00	2900.00	2900.00	2901.00	2901.00	2901.00	2901.00	2902.00	2902.00	2902.00	2902.00	2902.00	2902.00	2902.00	2903.00	2903.00	2903.00	2903.00	2903.00	2903.00	2903.00	2903.00	2903.00	2903.00	2903.00	2903.00	2903.00	2903.00	2904.00	2904.00	2904.00	2904.00	2904.00	2904.00	2905.00	2905.00	2905.00	2905.00	2905.00	2905.00	2905.00	2906.00	2906.00	2906.00	2907.00	2907.00	2907.00	2907.00	2908.00	2908.00	2908.00	2909.00	2909.00	2909.00	2909.00	2910.00	2910.00	2910.00	2910.00	2910.00	2911.00	2911.00	2911.00	2911.00	2911.00	2912.00	2912.00	2912.00	2912.00	2912.00	2912.00	2913.00	2913.00	2913.00	2913.00	2913.00	2913.00	2913.00	2913.00	2913.00	2913.00	2913.00	2913.00	2914.00	2914.00	2914.00	2914.00	2914.00	2914.00	2914.00	2914.00	2914.00	2915.00	2915.00	2915.00	2915.00	2915.00	2915.00	2915.00	2915.00	2915.00	2915.00	2915.00	2915.00	2915.00	2915.00	2915.00	2915.00	2915.00	2915.00	2915.00	2915.00	2916.00	2916.00	2916.00	2916.00	2916.00	2916.00	2916.00	2916.00	2916.00	2916.00	2916.00	2916.00	2916.00
2870.00	2870.00	2870.00	2870.00	2870.00	2871.00	2871.00	2871.00	2871.00	2872.00	2872.00	2872.00	2872.00	2872.00	2872.00	2872.00	2872.00	2873.00	2873.00	2873.00	2873.00	2873.00	2873.00	2873.00	2873.00	2873.00	2874.00	2874.00	2874.00	2874.00	2874.00	2874.00	2874.00	2875.00	2875.00	2875.00	2875.00	2875.00	2875.00	2876.00	2876.00	2876.00	2876.00	2876.00	2877.00	2877.00	2877.00	2877.00	2877.00	2878.00	2878.00	2878.00	2878.00	2879.00	2879.00	2880.00	2880.00	2880.00	2881.00	2881.00	2882.00	2882.00	2883.00	2883.00	2883.00	2884.00	2884.00	2885.00	2885.00	2885.00	2886.00	2886.00	2886.00	2887.00	2888.00	2888.00	2888.00	2888.00	2889.00	2890.00	2890.00	2890.00	2891.00	2891.00	2891.00	2892.00	2892.00	2892.00	2892.00	2892.00	2893.00	2893.00	2894.00	2894.00	2894.00	2894.00	2895.00	2895.00	2895.00	2895.00	2896.00	2896.00	2896.00	2896.00	2896.00	2897.00	2897.00	2897.00	2897.00	2897.00	2897.00	2898.00	2898.00	2898.00	2898.00	2898.00	2898.00	2899.00	2899.00	2899.00	2899.00	2899.00	2899.00	2900.00	2900.00	2900.00	2900.00	2900.00	2900.00	2900.00	2900.00	2900.00	2900.00	2900.00	2901.00	2901.00	2901.00	2901.00	2902.00	2902.00	2902.00	2902.00	2902.00	2902.00	2902.00	2903.00	2903.00	2903.00	2903.00	2903.00	2903.00	2903.00	2903.00	2903.00	2903.00	2903.00	2903.00	2903.00	2903.00	2904.00	2904.00	2904.00	2904.00	2904.00	2904.00	2905.00	2905.00	2905.00	2905.00	2905.00	2905.00	2905.00	2906.00	2906.00	2906.00	2907.00	2907.00	2907.00	2907.00	2908.00	2908.00	2908.00	2909.00	2909.00	2909.00	2909.00	2910.00	2910.00	2910.00	2910.00	2910.00	2911.00	2911.00	2911.00	2911.00	2911.00	2912.00	2912.00	2912.00	2912.00	2912.00	2912.00	2913.00	2913.00	2913.00	2913.00	2913.00	2913.00	2913.00	2913.00	2913.00	2913.00	2913.00	2913.00	2914.00	2914.00	2914.00	2914.00	2914.00	2914.00	2914.00	2914.00	2914.00	2915.00	2915.00	2915.00	2915.00	2915.00	2915.00	2915.00	2915.00	2915.00	2915.00	2915.00	2915.00	2915.00	2915.00	2915.00	2915.00	2915.00	2915.00	2915.00	2915.00	2916.00	2916.00	2916.00	2916.00	2916.00	2916.00	2916.00	2916.00	2916.00	2916.00	2916.00	2916.00	2916.00
2870.00	2870.00	2870.00	2870.00	2870.00	2871.00	2871.00	2871.00	2871.00	2872.00	2872.00	2872.00	2872.00	2872.00	2872.00	2872.00	2872.00	2873.00	2873.00	2873.00	2873.00	2873.00	2873.00	2873.00	2873.00	2873.00	2874.00	2874.00	2874.00	2874.00	2874.00	2874.00	2874.00	2875.00	2875.00	2875.00	2875.00	2875.00	2875.00	2876.00	2876.00	2876.00	2876.00	2876.00	2877.00	2877.00	2877.00	2877.00	2877.00	2878.00	2878.00	2878.00	2878.00	2879.00	2879.00	2880.00	2880.00	2880.00	2881.00	2881.00	2882.00	2882.00	2883.00	2883.00	2883.00	2884.00	2884.00	2885.00	2885.00	2885.00	2886.00	2886.00	2886.00	2887.00	2888.00	2888.00	2888.00	2888.00	2889.00	2890.00	2890.00	2890.00	2891.00	2891.00	2891.00	2892.00	2892.00	2892.00	2892.00	2892.00	2893.00	2893.00	2894.00	2894.00	2894.00	2894.00	2895.00	2895.00	2895.00	2895.00	2896.00	2896.00	2896.00	2896.00	2896.00	2897.00	2897.00	2897.00	2897.00	2897.00	2897.00	2898.00	2898.00	2898.00	2898.00	2898.00	2898.00	2899.00	2899.00	2899.00	2899.00	2899.00	2899.00	2900.00	2900.00	2900.00	2900.00	2900.00	2900.00	2900.00	2900.00	2900.00	2900.00	2900.00	2901.00	2901.00	2901.00	2901.00	2902.00	2902.00	2902.00	2902.00	2902.00	2902.00	2902.00	2903.00	2903.00	2903.00	2903.00	2903.00	2903.00	2903.00	2903.00	2903.00	2903.00	2903.00	2903.00	2903.00	2903.00	2904.00	2904.00	2904.00	2904.00	2904.00	2904.00	2905.00	2905.00	2905.00	2905.00	2905.00	2905.00	2905.00	2906.00	2906.00	2906.00	2907.00	2907.00	2907.00	2907.00	2908.00	2908.00	2908.00	2909.00	2909.00	2909.00	2909.00	2910.00	2910.00	2910.00	2910.00	2910.00	2911.00	2911.00	2911.00	2911.00	2911.00	2912.00	2912.00	2912.00	2912.00	2912.00	2912.00	2913.00	2913.00	2913.00	2913.00	2913.00	2913.00	2913.00	2913.00	2913.00	2913.00	2913.00	2913.00	2914.00	2914.00	2914.00	2914.00	2914.00	2914.00	2914.00	2914.00	2914.00	2915.00	2915.00	2915.00	2915.00	2915.00	2915.00	2915.00	2915.00	2915.00	2915.00	2915.00	2915.00	2915.00	2915.00	2915.00	2915.00	2915.00	2915.00	2915.00	2915.00	2916.00	2916.00	2916.00	2916.00	2916.00	2916.00	2916.00	2916.00	2916.00	2916.00	2916.00	2916.00	2916.00
2869.00	2869.00	2869.00	2870.00	2870.00	2870.00	2871.00	2871.00	2871.00	2871.00	2871.00	2871.00	2872.00	2872.00	2872.00	2872.00	2872.00	2872.00	2872.00	2873.00	2873.00	2873.00	2873.00	2873.00	2873.00	2873.00	2873.00	2873.00	2873.00	2874.00	2874.00	2874.00	2874.00	2874.00	2874.00	2874.00	2874.00	2875.00	2875.00	2875.00	2875.00	2876.00	2876.00	2876.00	2876.00	2876.00	2877.00	2877.00	2877.00	2877.00	2877.00	2878.00	2878.00	2878.00	2878.00	2879.00	2879.00	2879.00	2880.00	2880.00	2881.00	2881.00	2882.00	2882.00	2882.00	2883.00	2883.00	2883.00	2883.00	2884.00	2884.00	2885.00	2885.00	2886.00	2886.00	2886.00	2887.00	2887.00	2887.00	2888.00	2888.00	2889.00	2889.00	2890.00	2890.00	2890.00	2890.00	2891.00	2891.00	2891.00	2892.00	2893.00	2893.00	2893.00	2893.00	2893.00	2894.00	2894.00	2894.00	2894.00	2894.00	2894.00	2895.00	2895.00	2895.00	2895.00	2896.00	2896.00	2896.00	2896.00	2896.00	2896.00	2896.00	2897.00	2897.00	2897.00	2897.00	2897.00	2898.00	2898.00	2898.00	2898.00	2898.00	2898.00	2898.00	2898.00	2899.00	2899.00	2899.00	2899.00	2899.00	2899.00	2899.00	2899.00	2899.00	2900.00	2900.00	2900.00	2900.00	2900.00	2900.00	2901.00	2901.00	2901.00	2901.00	2901.00	2901.00	2901.00	2901.00	2901.00	2901.00	2901.00	2901.00	2901.00	2901.00	2901.00	2902.00	2902.00	2902.00	2902.00	2902.00	2902.00	2902.00	2903.00	2903.00	2903.00	2903.00	2903.00	2904.00	2904.00	2904.00	2904.00	2904.00	2905.00	2905.00	2905.00	2906.00	2906.00	2906.00	2906.00	2906.00	2907.00	2907.00	2907.00	2908.00	2908.00	2909.00	2909.00	2909.00	2909.00	2909.00	2910.00	2910.00	2910.00	2910.00	2910.00	2911.00	2911.00	2911.00	2911.00	2911.00	2911.00	2911.00	2912.00	2912.00	2912.00	2912.00	2912.00	2912.00	2912.00	2912.00	2912.00	2912.00	2912.00	2913.00	2913.00	2913.00	2913.00	2914.00	2914.00	2914.00	2914.00	2914.00	2914.00	2914.00	2914.00	2914.00	2914.00	2914.00	2915.00	2915.00	2915.00	2915.00	2915.00	2915.00	2915.00	2915.00	2915.00	2915.00	2915.00	2915.00	2915.00	2915.00	2915.00	2915.00	2915.00	2915.00	2915.00	2915.00	2915.00	2915.00	2915.00	2915.00	2915.00	2915.00	2916.00
2869.00	2869.00	2869.00	2870.00	2870.00	2870.00	2871.00	2871.00	2871.00	2871.00	2871.00	2871.00	2872.00	2872.00	2872.00	2872.00	2872.00	2872.00	2872.00	2873.00	2873.00	2873.00	2873.00	2873.00	2873.00	2873.00	2873.00	2873.00	2873.00	2874.00	2874.00	2874.00	2874.00	2874.00	2874.00	2874.00	2874.00	2875.00	2875.00	2875.00	2875.00	2876.00	2876.00	2876.00	2876.00	2876.00	2877.00	2877.00	2877.00	2877.00	2877.00	2878.00	2878.00	2878.00	2878.00	2879.00	2879.00	2879.00	2880.00	2880.00	2881.00	2881.00	2882.00	2882.00	2882.00	2883.00	2883.00	2883.00	2883.00	2884.00	2884.00	2885.00	2885.00	2886.00	2886.00	2886.00	2887.00	2887.00	2887.00	2888.00	2888.00	2889.00	2889.00	2890.00	2890.00	2890.00	2890.00	2891.00	2891.00	2891.00	2892.00	2893.00	2893.00	2893.00	2893.00	2893.00	2894.00	2894.00	2894.00	2894.00	2894.00	2894.00	2895.00	2895.00	2895.00	2895.00	2896.00	2896.00	2896.00	2896.00	2896.00	2896.00	2896.00	2897.00	2897.00	2897.00	2897.00	2897.00	2898.00	2898.00	2898.00	2898.00	2898.00	2898.00	2898.00	2898.00	2899.00	2899.00	2899.00	2899.00	2899.00	2899.00	2899.00	2899.00	2899.00	2900.00	2900.00	2900.00	2900.00	2900.00	2900.00	2901.00	2901.00	2901.00	2901.00	2901.00	2901.00	2901.00	2901.00	2901.00	2901.00	2901.00	2901.00	2901.00	2901.00	2901.00	2902.00	2902.00	2902.00	2902.00	2902.00	2902.00	2902.00	2903.00	2903.00	2903.00	2903.00	2903.00	2904.00	2904.00	2904.00	2904.00	2904.00	2905.00	2905.00	2905.00	2906.00	2906.00	2906.00	2906.00	2906.00	2907.00	2907.00	2907.00	2908.00	2908.00	2909.00	2909.00	2909.00	2909.00	2909.00	2910.00	2910.00	2910.00	2910.00	2910.00	2911.00	2911.00	2911.00	2911.00	2911.00	2911.00	2911.00	2912.00	2912.00	2912.00	2912.00	2912.00	2912.00	2912.00	2912.00	2912.00	2912.00	2912.00	2913.00	2913.00	2913.00	2913.00	2914.00	2914.00	2914.00	2914.00	2914.00	2914.00	2914.00	2914.00	2914.00	2914.00	2914.00	2915.00	2915.00	2915.00	2915.00	2915.00	2915.00	2915.00	2915.00	2915.00	2915.00	2915.00	2915.00	2915.00	2915.00	2915.00	2915.00	2915.00	2915.00	2915.00	2915.00	2915.00	2915.00	2915.00	2915.00	2915.00	2915.00	2916.00
2869.00	2869.00	2869.00	2870.00	2870.00	2870.00	2871.00	2871.00	2871.00	2871.00	2871.00	2871.00	2872.00	2872.00	2872.00	2872.00	2872.00	2872.00	2872.00	2873.00	2873.00	2873.00	2873.00	2873.00	2873.00	2873.00	2873.00	2873.00	2873.00	2874.00	2874.00	2874.00	2874.00	2874.00	2874.00	2874.00	2874.00	2875.00	2875.00	2875.00	2875.00	2876.00	2876.00	2876.00	2876.00	2876.00	2877.00	2877.00	2877.00	2877.00	2877.00	2878.00	2878.00	2878.00	2878.00	2879.00	2879.00	2879.00	2880.00	2880.00	2881.00	2881.00	2882.00	2882.00	2882.00	2883.00	2883.00	2883.00	2883.00	2884.00	2884.00	2885.00	2885.00	2886.00	2886.00	2886.00	2887.00	2887.00	2887.00	2888.00	2888.00	2889.00	2889.00	2890.00	2890.00	2890.00	2890.00	2891.00	2891.00	2891.00	2892.00	2893.00	2893.00	2893.00	2893.00	2893.00	2894.00	2894.00	2894.00	2894.00	2894.00	2894.00	2895.00	2895.00	2895.00	2895.00	2896.00	2896.00	2896.00	2896.00	2896.00	2896.00	2896.00	2897.00	2897.00	2897.00	2897.00	2897.00	2898.00	2898.00	2898.00	2898.00	2898.00	2898.00	2898.00	2898.00	2899.00	2899.00	2899.00	2899.00	2899.00	2899.00	2899.00	2899.00	2899.00	2900.00	2900.00	2900.00	2900.00	2900.00	2900.00	2901.00	2901.00	2901.00	2901.00	2901.00	2901.00	2901.00	2901.00	2901.00	2901.00	2901.00	2901.00	2901.00	2901.00	2901.00	2902.00	2902.00	2902.00	2902.00	2902.00	2902.00	2902.00	2903.00	2903.00	2903.00	2903.00	2903.00	2904.00	2904.00	2904.00	2904.00	2904.00	2905.00	2905.00	2905.00	2906.00	2906.00	2906.00	2906.00	2906.00	2907.00	2907.00	2907.00	2908.00	2908.00	2909.00	2909.00	2909.00	2909.00	2909.00	2910.00	2910.00	2910.00	2910.00	2910.00	2911.00	2911.00	2911.00	2911.00	2911.00	2911.00	2911.00	2912.00	2912.00	2912.00	2912.00	2912.00	2912.00	2912.00	2912.00	2912.00	2912.00	2912.00	2913.00	2913.00	2913.00	2913.00	2914.00	2914.00	2914.00	2914.00	2914.00	2914.00	2914.00	2914.00	2914.00	2914.00	2914.00	2915.00	2915.00	2915.00	2915.00	2915.00	2915.00	2915.00	2915.00	2915.00	2915.00	2915.00	2915.00	2915.00	2915.00	2915.00	2915.00	2915.00	2915.00	2915.00	2915.00	2915.00	2915.00	2915.00	2915.00	2915.00	2915.00	2916.00
2869.00	2869.00	2869.00	2870.00	2870.00	2870.00	2871.00	2871.00	2871.00	2871.00	2871.00	2871.00	2872.00	2872.00	2872.00	2872.00	2872.00	2872.00	2872.00	2873.00	2873.00	2873.00	2873.00	2873.00	2873.00	2873.00	2873.00	2873.00	2873.00	2874.00	2874.00	2874.00	2874.00	2874.00	2874.00	2874.00	2874.00	2875.00	2875.00	2875.00	2875.00	2876.00	2876.00	2876.00	2876.00	2876.00	2877.00	2877.00	2877.00	2877.00	2877.00	2878.00	2878.00	2878.00	2878.00	2879.00	2879.00	2879.00	2880.00	2880.00	2881.00	2881.00	2882.00	2882.00	2882.00	2883.00	2883.00	2883.00	2883.00	2884.00	2884.00	2885.00	2885.00	2886.00	2886.00	2886.00	2887.00	2887.00	2887.00	2888.00	2888.00	2889.00	2889.00	2890.00	2890.00	2890.00	2890.00	2891.00	2891.00	2891.00	2892.00	2893.00	2893.00	2893.00	2893.00	2893.00	2894.00	2894.00	2894.00	2894.00	2894.00	2894.00	2895.00	2895.00	2895.00	2895.00	2896.00	2896.00	2896.00	2896.00	2896.00	2896.00	2896.00	2897.00	2897.00	2897.00	2897.00	2897.00	2898.00	2898.00	2898.00	2898.00	2898.00	2898.00	2898.00	2898.00	2899.00	2899.00	2899.00	2899.00	2899.00	2899.00	2899.00	2899.00	2899.00	2900.00	2900.00	2900.00	2900.00	2900.00	2900.00	2901.00	2901.00	2901.00	2901.00	2901.00	2901.00	2901.00	2901.00	2901.00	2901.00	2901.00	2901.00	2901.00	2901.00	2901.00	2902.00	2902.00	2902.00	2902.00	2902.00	2902.00	2902.00	2903.00	2903.00	2903.00	2903.00	2903.00	2904.00	2904.00	2904.00	2904.00	2904.00	2905.00	2905.00	2905.00	2906.00	2906.00	2906.00	2906.00	2906.00	2907.00	2907.00	2907.00	2908.00	2908.00	2909.00	2909.00	2909.00	2909.00	2909.00	2910.00	2910.00	2910.00	2910.00	2910.00	2911.00	2911.00	2911.00	2911.00	2911.00	2911.00	2911.00	2912.00	2912.00	2912.00	2912.00	2912.00	2912.00	2912.00	2912.00	2912.00	2912.00	2912.00	2913.00	2913.00	2913.00	2913.00	2914.00	2914.00	2914.00	2914.00	2914.00	2914.00	2914.00	2914.00	2914.00	2914.00	2914.00	2915.00	2915.00	2915.00	2915.00	2915.00	2915.00	2915.00	2915.00	2915.00	2915.00	2915.00	2915.00	2915.00	2915.00	2915.00	2915.00	2915.00	2915.00	2915.00	2915.00	2915.00	2915.00	2915.00	2915.00	2915.00	2915.00	2916.00
2869.00	2869.00	2869.00	2870.00	2870.00	2870.00	2871.00	2871.00	2871.00	2871.00	2871.00	2871.00	2872.00	2872.00	2872.00	2872.00	2872.00	2872.00	2872.00	2873.00	2873.00	2873.00	2873.00	2873.00	2873.00	2873.00	2873.00	2873.00	2873.00	2874.00	2874.00	2874.00	2874.00	2874.00	2874.00	2874.00	2874.00	2875.00	2875.00	2875.00	2875.00	2876.00	2876.00	2876.00	2876.00	2876.00	2877.00	2877.00	2877.00	2877.00	2877.00	2878.00	2878.00	2878.00	2878.00	2879.00	2879.00	2879.00	2880.00	2880.00	2881.00	2881.00	2882.00	2882.00	2882.00	2883.00	2883.00	2883.00	2883.00	2884.00	2884.00	2885.00	2885.00	2886.00	2886.00	2886.00	2887.00	2887.00	2887.00	2888.00	2888.00	2889.00	2889.00	2890.00	2890.00	2890.00	2890.00	2891.00	2891.00	2891.00	2892.00	2893.00	2893.00	2893.00	2893.00	2893.00	2894.00	2894.00	2894.00	2894.00	2894.00	2894.00	2895.00	2895.00	2895.00	2895.00	2896.00	2896.00	2896.00	2896.00	2896.00	2896.00	2896.00	2897.00	2897.00	2897.00	2897.00	2897.00	2898.00	2898.00	2898.00	2898.00	2898.00	2898.00	2898.00	2898.00	2899.00	2899.00	2899.00	2899.00	2899.00	2899.00	2899.00	2899.00	2899.00	2900.00	2900.00	2900.00	2900.00	2900.00	2900.00	2901.00	2901.00	2901.00	2901.00	2901.00	2901.00	2901.00	2901.00	2901.00	2901.00	2901.00	2901.00	2901.00	2901.00	2901.00	2902.00	2902.00	2902.00	2902.00	2902.00	2902.00	2902.00	2903.00	2903.00	2903.00	2903.00	2903.00	2904.00	2904.00	2904.00	2904.00	2904.00	2905.00	2905.00	2905.00	2906.00	2906.00	2906.00	2906.00	2906.00	2907.00	2907.00	2907.00	2908.00	2908.00	2909.00	2909.00	2909.00	2909.00	2909.00	2910.00	2910.00	2910.00	2910.00	2910.00	2911.00	2911.00	2911.00	2911.00	2911.00	2911.00	2911.00	2912.00	2912.00	2912.00	2912.00	2912.00	2912.00	2912.00	2912.00	2912.00	2912.00	2912.00	2913.00	2913.00	2913.00	2913.00	2914.00	2914.00	2914.00	2914.00	2914.00	2914.00	2914.00	2914.00	2914.00	2914.00	2914.00	2915.00	2915.00	2915.00	2915.00	2915.00	2915.00	2915.00	2915.00	2915.00	2915.00	2915.00	2915.00	2915.00	2915.00	2915.00	2915.00	2915.00	2915.00	2915.00	2915.00	2915.00	2915.00	2915.00	2915.00	2915.00	2915.00	2916.00
2869.00	2869.00	2869.00	2870.00	2870.00	2870.00	2871.00	2871.00	2871.00	2871.00	2871.00	2871.00	2872.00	2872.00	2872.00	2872.00	2872.00	2872.00	2872.00	2873.00	2873.00	2873.00	2873.00	2873.00	2873.00	2873.00	2873.00	2873.00	2873.00	2874.00	2874.00	2874.00	2874.00	2874.00	2874.00	2874.00	2874.00	2875.00	2875.00	2875.00	2875.00	2876.00	2876.00	2876.00	2876.00	2876.00	2877.00	2877.00	2877.00	2877.00	2877.00	2878.00	2878.00	2878.00	2878.00	2879.00	2879.00	2879.00	2880.00	2880.00	2881.00	2881.00	2882.00	2882.00	2882.00	2883.00	2883.00	2883.00	2883.00	2884.00	2884.00	2885.00	2885.00	2886.00	2886.00	2886.00	2887.00	2887.00	2887.00	2888.00	2888.00	2889.00	2889.00	2890.00	2890.00	2890.00	2890.00	2891.00	2891.00	2891.00	2892.00	2893.00	2893.00	2893.00	2893.00	2893.00	2894.00	2894.00	2894.00	2894.00	2894.00	2894.00	2895.00	2895.00	2895.00	2895.00	2896.00	2896.00	2896.00	2896.00	2896.00	2896.00	2896.00	2897.00	2897.00	2897.00	2897.00	2897.00	2898.00	2898.00	2898.00	2898.00	2898.00	2898.00	2898.00	2898.00	2899.00	2899.00	2899.00	2899.00	2899.00	2899.00	2899.00	2899.00	2899.00	2900.00	2900.00	2900.00	2900.00	2900.00	2900.00	2901.00	2901.00	2901.00	2901.00	2901.00	2901.00	2901.00	2901.00	2901.00	2901.00	2901.00	2901.00	2901.00	2901.00	2901.00	2902.00	2902.00	2902.00	2902.00	2902.00	2902.00	2902.00	2903.00	2903.00	2903.00	2903.00	2903.00	2904.00	2904.00	2904.00	2904.00	2904.00	2905.00	2905.00	2905.00	2906.00	2906.00	2906.00	2906.00	2906.00	2907.00	2907.00	2907.00	2908.00	2908.00	2909.00	2909.00	2909.00	2909.00	2909.00	2910.00	2910.00	2910.00	2910.00	2910.00	2911.00	2911.00	2911.00	2911.00	2911.00	2911.00	2911.00	2912.00	2912.00	2912.00	2912.00	2912.00	2912.00	2912.00	2912.00	2912.00	2912.00	2912.00	2913.00	2913.00	2913.00	2913.00	2914.00	2914.00	2914.00	2914.00	2914.00	2914.00	2914.00	2914.00	2914.00	2914.00	2914.00	2915.00	2915.00	2915.00	2915.00	2915.00	2915.00	2915.00	2915.00	2915.00	2915.00	2915.00	2915.00	2915.00	2915.00	2915.00	2915.00	2915.00	2915.00	2915.00	2915.00	2915.00	2915.00	2915.00	2915.00	2915.00	2915.00	2916.00
2869.00	2869.00	2869.00	2870.00	2870.00	2870.00	2871.00	2871.00	2871.00	2871.00	2871.00	2871.00	2872.00	2872.00	2872.00	2872.00	2872.00	2872.00	2872.00	2873.00	2873.00	2873.00	2873.00	2873.00	2873.00	2873.00	2873.00	2873.00	2873.00	2874.00	2874.00	2874.00	2874.00	2874.00	2874.00	2874.00	2874.00	2875.00	2875.00	2875.00	2875.00	2876.00	2876.00	2876.00	2876.00	2876.00	2877.00	2877.00	2877.00	2877.00	2877.00	2878.00	2878.00	2878.00	2878.00	2879.00	2879.00	2879.00	2880.00	2880.00	2881.00	2881.00	2882.00	2882.00	2882.00	2883.00	2883.00	2883.00	2883.00	2884.00	2884.00	2885.00	2885.00	2886.00	2886.00	2886.00	2887.00	2887.00	2887.00	2888.00	2888.00	2889.00	2889.00	2890.00	2890.00	2890.00	2890.00	2891.00	2891.00	2891.00	2892.00	2893.00	2893.00	2893.00	2893.00	2893.00	2894.00	2894.00	2894.00	2894.00	2894.00	2894.00	2895.00	2895.00	2895.00	2895.00	2896.00	2896.00	2896.00	2896.00	2896.00	2896.00	2896.00	2897.00	2897.00	2897.00	2897.00	2897.00	2898.00	2898.00	2898.00	2898.00	2898.00	2898.00	2898.00	2898.00	2899.00	2899.00	2899.00	2899.00	2899.00	2899.00	2899.00	2899.00	2899.00	2900.00	2900.00	2900.00	2900.00	2900.00	2900.00	2901.00	2901.00	2901.00	2901.00	2901.00	2901.00	2901.00	2901.00	2901.00	2901.00	2901.00	2901.00	2901.00	2901.00	2901.00	2902.00	2902.00	2902.00	2902.00	2902.00	2902.00	2902.00	2903.00	2903.00	2903.00	2903.00	2903.00	2904.00	2904.00	2904.00	2904.00	2904.00	2905.00	2905.00	2905.00	2906.00	2906.00	2906.00	2906.00	2906.00	2907.00	2907.00	2907.00	2908.00	2908.00	2909.00	2909.00	2909.00	2909.00	2909.00	2910.00	2910.00	2910.00	2910.00	2910.00	2911.00	2911.00	2911.00	2911.00	2911.00	2911.00	2911.00	2912.00	2912.00	2912.00	2912.00	2912.00	2912.00	2912.00	2912.00	2912.00	2912.00	2912.00	2913.00	2913.00	2913.00	2913.00	2914.00	2914.00	2914.00	2914.00	2914.00	2914.00	2914.00	2914.00	2914.00	2914.00	2914.00	2915.00	2915.00	2915.00	2915.00	2915.00	2915.00	2915.00	2915.00	2915.00	2915.00	2915.00	2915.00	2915.00	2915.00	2915.00	2915.00	2915.00	2915.00	2915.00	2915.00	2915.00	2915.00	2915.00	2915.00	2915.00	2915.00	2916.00
2869.00	2869.00	2869.00	2870.00	2870.00	2870.00	2871.00	2871.00	2871.00	2871.00	2871.00	2871.00	2872.00	2872.00	2872.00	2872.00	2872.00	2872.00	2872.00	2873.00	2873.00	2873.00	2873.00	2873.00	2873.00	2873.00	2873.00	2873.00	2873.00	2874.00	2874.00	2874.00	2874.00	2874.00	2874.00	2874.00	2874.00	2875.00	2875.00	2875.00	2875.00	2876.00	2876.00	2876.00	2876.00	2876.00	2877.00	2877.00	2877.00	2877.00	2877.00	2878.00	2878.00	2878.00	2878.00	2879.00	2879.00	2879.00	2880.00	2880.00	2881.00	2881.00	2882.00	2882.00	2882.00	2883.00	2883.00	2883.00	2883.00	2884.00	2884.00	2885.00	2885.00	2886.00	2886.00	2886.00	2887.00	2887.00	2887.00	2888.00	2888.00	2889.00	2889.00	2890.00	2890.00	2890.00	2890.00	2891.00	2891.00	2891.00	2892.00	2893.00	2893.00	2893.00	2893.00	2893.00	2894.00	2894.00	2894.00	2894.00	2894.00	2894.00	2895.00	2895.00	2895.00	2895.00	2896.00	2896.00	2896.00	2896.00	2896.00	2896.00	2896.00	2897.00	2897.00	2897.00	2897.00	2897.00	2898.00	2898.00	2898.00	2898.00	2898.00	2898.00	2898.00	2898.00	2899.00	2899.00	2899.00	2899.00	2899.00	2899.00	2899.00	2899.00	2899.00	2900.00	2900.00	2900.00	2900.00	2900.00	2900.00	2901.00	2901.00	2901.00	2901.00	2901.00	2901.00	2901.00	2901.00	2901.00	2901.00	2901.00	2901.00	2901.00	2901.00	2901.00	2902.00	2902.00	2902.00	2902.00	2902.00	2902.00	2902.00	2903.00	2903.00	2903.00	2903.00	2903.00	2904.00	2904.00	2904.00	2904.00	2904.00	2905.00	2905.00	2905.00	2906.00	2906.00	2906.00	2906.00	2906.00	2907.00	2907.00	2907.00	2908.00	2908.00	2909.00	2909.00	2909.00	2909.00	2909.00	2910.00	2910.00	2910.00	2910.00	2910.00	2911.00	2911.00	2911.00	2911.00	2911.00	2911.00	2911.00	2912.00	2912.00	2912.00	2912.00	2912.00	2912.00	2912.00	2912.00	2912.00	2912.00	2912.00	2913.00	2913.00	2913.00	2913.00	2914.00	2914.00	2914.00	2914.00	2914.00	2914.00	2914.00	2914.00	2914.00	2914.00	2914.00	2915.00	2915.00	2915.00	2915.00	2915.00	2915.00	2915.00	2915.00	2915.00	2915.00	2915.00	2915.00	2915.00	2915.00	2915.00	2915.00	2915.00	2915.00	2915.00	2915.00	2915.00	2915.00	2915.00	2915.00	2915.00	2915.00	2916.00
2869.00	2869.00	2869.00	2870.00	2870.00	2870.00	2871.00	2871.00	2871.00	2871.00	2871.00	2871.00	2872.00	2872.00	2872.00	2872.00	2872.00	2872.00	2872.00	2873.00	2873.00	2873.00	2873.00	2873.00	2873.00	2873.00	2873.00	2873.00	2873.00	2874.00	2874.00	2874.00	2874.00	2874.00	2874.00	2874.00	2874.00	2875.00	2875.00	2875.00	2875.00	2876.00	2876.00	2876.00	2876.00	2876.00	2877.00	2877.00	2877.00	2877.00	2877.00	2878.00	2878.00	2878.00	2878.00	2879.00	2879.00	2879.00	2880.00	2880.00	2881.00	2881.00	2882.00	2882.00	2882.00	2883.00	2883.00	2883.00	2883.00	2884.00	2884.00	2885.00	2885.00	2886.00	2886.00	2886.00	2887.00	2887.00	2887.00	2888.00	2888.00	2889.00	2889.00	2890.00	2890.00	2890.00	2890.00	2891.00	2891.00	2891.00	2892.00	2893.00	2893.00	2893.00	2893.00	2893.00	2894.00	2894.00	2894.00	2894.00	2894.00	2894.00	2895.00	2895.00	2895.00	2895.00	2896.00	2896.00	2896.00	2896.00	2896.00	2896.00	2896.00	2897.00	2897.00	2897.00	2897.00	2897.00	2898.00	2898.00	2898.00	2898.00	2898.00	2898.00	2898.00	2898.00	2899.00	2899.00	2899.00	2899.00	2899.00	2899.00	2899.00	2899.00	2899.00	2900.00	2900.00	2900.00	2900.00	2900.00	2900.00	2901.00	2901.00	2901.00	2901.00	2901.00	2901.00	2901.00	2901.00	2901.00	2901.00	2901.00	2901.00	2901.00	2901.00	2901.00	2902.00	2902.00	2902.00	2902.00	2902.00	2902.00	2902.00	2903.00	2903.00	2903.00	2903.00	2903.00	2904.00	2904.00	2904.00	2904.00	2904.00	2905.00	2905.00	2905.00	2906.00	2906.00	2906.00	2906.00	2906.00	2907.00	2907.00	2907.00	2908.00	2908.00	2909.00	2909.00	2909.00	2909.00	2909.00	2910.00	2910.00	2910.00	2910.00	2910.00	2911.00	2911.00	2911.00	2911.00	2911.00	2911.00	2911.00	2912.00	2912.00	2912.00	2912.00	2912.00	2912.00	2912.00	2912.00	2912.00	2912.00	2912.00	2913.00	2913.00	2913.00	2913.00	2914.00	2914.00	2914.00	2914.00	2914.00	2914.00	2914.00	2914.00	2914.00	2914.00	2914.00	2915.00	2915.00	2915.00	2915.00	2915.00	2915.00	2915.00	2915.00	2915.00	2915.00	2915.00	2915.00	2915.00	2915.00	2915.00	2915.00	2915.00	2915.00	2915.00	2915.00	2915.00	2915.00	2915.00	2915.00	2915.00	2915.00	2916.00
2868.00	2868.00	2868.00	2869.00	2869.00	2869.00	2869.00	2869.00	2869.00	2870.00	2870.00	2870.00	2870.00	2870.00	2871.00	2871.00	2871.00	2871.00	2871.00	2872.00	2872.00	2872.00	2872.00	2872.00	2873.00	2873.00	2873.00	2873.00	2873.00	2873.00	2873.00	2873.00	2873.00	2873.00	2873.00	2873.00	2873.00	2874.00	2874.00	2874.00	2874.00	2875.00	2875.00	2875.00	2875.00	2875.00	2875.00	2876.00	2876.00	2876.00	2877.00	2877.00	2877.00	2878.00	2878.00	2878.00	2878.00	2878.00	2879.00	2879.00	2880.00	2880.00	2880.00	2880.00	2881.00	2881.00	2881.00	2882.00	2882.00	2883.00	2883.00	2884.00	2884.00	2884.00	2885.00	2885.00	2886.00	2886.00	2886.00	2887.00	2887.00	2887.00	2888.00	2889.00	2889.00	2889.00	2889.00	2890.00	2890.00	2890.00	2891.00	2891.00	2892.00	2892.00	2892.00	2892.00	2892.00	2893.00	2893.00	2893.00	2893.00	2893.00	2893.00	2894.00	2894.00	2894.00	2894.00	2894.00	2894.00	2895.00	2895.00	2895.00	2895.00	2895.00	2896.00	2896.00	2896.00	2896.00	2896.00	2896.00	2897.00	2897.00	2897.00	2897.00	2897.00	2897.00	2898.00	2898.00	2898.00	2898.00	2898.00	2898.00	2898.00	2898.00	2898.00	2898.00	2898.00	2898.00	2898.00	2898.00	2899.00	2899.00	2899.00	2899.00	2899.00	2899.00	2899.00	2899.00	2899.00	2899.00	2899.00	2899.00	2899.00	2899.00	2900.00	2900.00	2900.00	2900.00	2900.00	2901.00	2901.00	2901.00	2901.00	2901.00	2902.00	2902.00	2902.00	2902.00	2902.00	2902.00	2903.00	2903.00	2903.00	2903.00	2903.00	2904.00	2904.00	2904.00	2904.00	2905.00	2905.00	2905.00	2906.00	2906.00	2906.00	2907.00	2907.00	2907.00	2907.00	2907.00	2908.00	2908.00	2908.00	2909.00	2909.00	2909.00	2909.00	2909.00	2909.00	2910.00	2910.00	2910.00	2910.00	2911.00	2911.00	2911.00	2911.00	2911.00	2911.00	2911.00	2911.00	2912.00	2912.00	2912.00	2912.00	2912.00	2912.00	2912.00	2913.00	2913.00	2913.00	2913.00	2913.00	2913.00	2913.00	2913.00	2913.00	2913.00	2914.00	2914.00	2914.00	2914.00	2914.00	2914.00	2914.00	2914.00	2914.00	2914.00	2914.00	2915.00	2915.00	2915.00	2915.00	2915.00	2915.00	2915.00	2915.00	2915.00	2915.00	2915.00	2915.00	2915.00	2915.00	2915.00	2915.00	2915.00
2868.00	2868.00	2868.00	2869.00	2869.00	2869.00	2869.00	2869.00	2869.00	2870.00	2870.00	2870.00	2870.00	2870.00	2871.00	2871.00	2871.00	2871.00	2871.00	2872.00	2872.00	2872.00	2872.00	2872.00	2873.00	2873.00	2873.00	2873.00	2873.00	2873.00	2873.00	2873.00	2873.00	2873.00	2873.00	2873.00	2873.00	2874.00	2874.00	2874.00	2874.00	2875.00	2875.00	2875.00	2875.00	2875.00	2875.00	2876.00	2876.00	2876.00	2877.00	2877.00	2877.00	2878.00	2878.00	2878.00	2878.00	2878.00	2879.00	2879.00	2880.00	2880.00	2880.00	2880.00	2881.00	2881.00	2881.00	2882.00	2882.00	2883.00	2883.00	2884.00	2884.00	2884.00	2885.00	2885.00	2886.00	2886.00	2886.00	2887.00	2887.00	2887.00	2888.00	2889.00	2889.00	2889.00	2889.00	2890.00	2890.00	2890.00	2891.00	2891.00	2892.00	2892.00	2892.00	2892.00	2892.00	2893.00	2893.00	2893.00	2893.00	2893.00	2893.00	2894.00	2894.00	2894.00	2894.00	2894.00	2894.00	2895.00	2895.00	2895.00	2895.00	2895.00	2896.00	2896.00	2896.00	2896.00	2896.00	2896.00	2897.00	2897.00	2897.00	2897.00	2897.00	2897.00	2898.00	2898.00	2898.00	2898.00	2898.00	2898.00	2898.00	2898.00	2898.00	2898.00	2898.00	2898.00	2898.00	2898.00	2899.00	2899.00	2899.00	2899.00	2899.00	2899.00	2899.00	2899.00	2899.00	2899.00	2899.00	2899.00	2899.00	2899.00	2900.00	2900.00	2900.00	2900.00	2900.00	2901.00	2901.00	2901.00	2901.00	2901.00	2902.00	2902.00	2902.00	2902.00	2902.00	2902.00	2903.00	2903.00	2903.00	2903.00	2903.00	2904.00	2904.00	2904.00	2904.00	2905.00	2905.00	2905.00	2906.00	2906.00	2906.00	2907.00	2907.00	2907.00	2907.00	2907.00	2908.00	2908.00	2908.00	2909.00	2909.00	2909.00	2909.00	2909.00	2909.00	2910.00	2910.00	2910.00	2910.00	2911.00	2911.00	2911.00	2911.00	2911.00	2911.00	2911.00	2911.00	2912.00	2912.00	2912.00	2912.00	2912.00	2912.00	2912.00	2913.00	2913.00	2913.00	2913.00	2913.00	2913.00	2913.00	2913.00	2913.00	2913.00	2914.00	2914.00	2914.00	2914.00	2914.00	2914.00	2914.00	2914.00	2914.00	2914.00	2914.00	2915.00	2915.00	2915.00	2915.00	2915.00	2915.00	2915.00	2915.00	2915.00	2915.00	2915.00	2915.00	2915.00	2915.00	2915.00	2915.00	2915.00
2868.00	2868.00	2868.00	2869.00	2869.00	2869.00	2869.00	2869.00	2869.00	2870.00	2870.00	2870.00	2870.00	2870.00	2871.00	2871.00	2871.00	2871.00	2871.00	2872.00	2872.00	2872.00	2872.00	2872.00	2873.00	2873.00	2873.00	2873.00	2873.00	2873.00	2873.00	2873.00	2873.00	2873.00	2873.00	2873.00	2873.00	2874.00	2874.00	2874.00	2874.00	2875.00	2875.00	2875.00	2875.00	2875.00	2875.00	2876.00	2876.00	2876.00	2877.00	2877.00	2877.00	2878.00	2878.00	2878.00	2878.00	2878.00	2879.00	2879.00	2880.00	2880.00	2880.00	2880.00	2881.00	2881.00	2881.00	2882.00	2882.00	2883.00	2883.00	2884.00	2884.00	2884.00	2885.00	2885.00	2886.00	2886.00	2886.00	2887.00	2887.00	2887.00	2888.00	2889.00	2889.00	2889.00	2889.00	2890.00	2890.00	2890.00	2891.00	2891.00	2892.00	2892.00	2892.00	2892.00	2892.00	2893.00	2893.00	2893.00	2893.00	2893.00	2893.00	2894.00	2894.00	2894.00	2894.00	2894.00	2894.00	2895.00	2895.00	2895.00	2895.00	2895.00	2896.00	2896.00	2896.00	2896.00	2896.00	2896.00	2897.00	2897.00	2897.00	2897.00	2897.00	2897.00	2898.00	2898.00	2898.00	2898.00	2898.00	2898.00	2898.00	2898.00	2898.00	2898.00	2898.00	2898.00	2898.00	2898.00	2899.00	2899.00	2899.00	2899.00	2899.00	2899.00	2899.00	2899.00	2899.00	2899.00	2899.00	2899.00	2899.00	2899.00	2900.00	2900.00	2900.00	2900.00	2900.00	2901.00	2901.00	2901.00	2901.00	2901.00	2902.00	2902.00	2902.00	2902.00	2902.00	2902.00	2903.00	2903.00	2903.00	2903.00	2903.00	2904.00	2904.00	2904.00	2904.00	2905.00	2905.00	2905.00	2906.00	2906.00	2906.00	2907.00	2907.00	2907.00	2907.00	2907.00	2908.00	2908.00	2908.00	2909.00	2909.00	2909.00	2909.00	2909.00	2909.00	2910.00	2910.00	2910.00	2910.00	2911.00	2911.00	2911.00	2911.00	2911.00	2911.00	2911.00	2911.00	2912.00	2912.00	2912.00	2912.00	2912.00	2912.00	2912.00	2913.00	2913.00	2913.00	2913.00	2913.00	2913.00	2913.00	2913.00	2913.00	2913.00	2914.00	2914.00	2914.00	2914.00	2914.00	2914.00	2914.00	2914.00	2914.00	2914.00	2914.00	2915.00	2915.00	2915.00	2915.00	2915.00	2915.00	2915.00	2915.00	2915.00	2915.00	2915.00	2915.00	2915.00	2915.00	2915.00	2915.00	2915.00
2868.00	2868.00	2868.00	2869.00	2869.00	2869.00	2869.00	2869.00	2869.00	2870.00	2870.00	2870.00	2870.00	2870.00	2871.00	2871.00	2871.00	2871.00	2871.00	2872.00	2872.00	2872.00	2872.00	2872.00	2873.00	2873.00	2873.00	2873.00	2873.00	2873.00	2873.00	2873.00	2873.00	2873.00	2873.00	2873.00	2873.00	2874.00	2874.00	2874.00	2874.00	2875.00	2875.00	2875.00	2875.00	2875.00	2875.00	2876.00	2876.00	2876.00	2877.00	2877.00	2877.00	2878.00	2878.00	2878.00	2878.00	2878.00	2879.00	2879.00	2880.00	2880.00	2880.00	2880.00	2881.00	2881.00	2881.00	2882.00	2882.00	2883.00	2883.00	2884.00	2884.00	2884.00	2885.00	2885.00	2886.00	2886.00	2886.00	2887.00	2887.00	2887.00	2888.00	2889.00	2889.00	2889.00	2889.00	2890.00	2890.00	2890.00	2891.00	2891.00	2892.00	2892.00	2892.00	2892.00	2892.00	2893.00	2893.00	2893.00	2893.00	2893.00	2893.00	2894.00	2894.00	2894.00	2894.00	2894.00	2894.00	2895.00	2895.00	2895.00	2895.00	2895.00	2896.00	2896.00	2896.00	2896.00	2896.00	2896.00	2897.00	2897.00	2897.00	2897.00	2897.00	2897.00	2898.00	2898.00	2898.00	2898.00	2898.00	2898.00	2898.00	2898.00	2898.00	2898.00	2898.00	2898.00	2898.00	2898.00	2899.00	2899.00	2899.00	2899.00	2899.00	2899.00	2899.00	2899.00	2899.00	2899.00	2899.00	2899.00	2899.00	2899.00	2900.00	2900.00	2900.00	2900.00	2900.00	2901.00	2901.00	2901.00	2901.00	2901.00	2902.00	2902.00	2902.00	2902.00	2902.00	2902.00	2903.00	2903.00	2903.00	2903.00	2903.00	2904.00	2904.00	2904.00	2904.00	2905.00	2905.00	2905.00	2906.00	2906.00	2906.00	2907.00	2907.00	2907.00	2907.00	2907.00	2908.00	2908.00	2908.00	2909.00	2909.00	2909.00	2909.00	2909.00	2909.00	2910.00	2910.00	2910.00	2910.00	2911.00	2911.00	2911.00	2911.00	2911.00	2911.00	2911.00	2911.00	2912.00	2912.00	2912.00	2912.00	2912.00	2912.00	2912.00	2913.00	2913.00	2913.00	2913.00	2913.00	2913.00	2913.00	2913.00	2913.00	2913.00	2914.00	2914.00	2914.00	2914.00	2914.00	2914.00	2914.00	2914.00	2914.00	2914.00	2914.00	2915.00	2915.00	2915.00	2915.00	2915.00	2915.00	2915.00	2915.00	2915.00	2915.00	2915.00	2915.00	2915.00	2915.00	2915.00	2915.00	2915.00
2868.00	2868.00	2868.00	2869.00	2869.00	2869.00	2869.00	2869.00	2869.00	2870.00	2870.00	2870.00	2870.00	2870.00	2871.00	2871.00	2871.00	2871.00	2871.00	2872.00	2872.00	2872.00	2872.00	2872.00	2873.00	2873.00	2873.00	2873.00	2873.00	2873.00	2873.00	2873.00	2873.00	2873.00	2873.00	2873.00	2873.00	2874.00	2874.00	2874.00	2874.00	2875.00	2875.00	2875.00	2875.00	2875.00	2875.00	2876.00	2876.00	2876.00	2877.00	2877.00	2877.00	2878.00	2878.00	2878.00	2878.00	2878.00	2879.00	2879.00	2880.00	2880.00	2880.00	2880.00	2881.00	2881.00	2881.00	2882.00	2882.00	2883.00	2883.00	2884.00	2884.00	2884.00	2885.00	2885.00	2886.00	2886.00	2886.00	2887.00	2887.00	2887.00	2888.00	2889.00	2889.00	2889.00	2889.00	2890.00	2890.00	2890.00	2891.00	2891.00	2892.00	2892.00	2892.00	2892.00	2892.00	2893.00	2893.00	2893.00	2893.00	2893.00	2893.00	2894.00	2894.00	2894.00	2894.00	2894.00	2894.00	2895.00	2895.00	2895.00	2895.00	2895.00	2896.00	2896.00	2896.00	2896.00	2896.00	2896.00	2897.00	2897.00	2897.00	2897.00	2897.00	2897.00	2898.00	2898.00	2898.00	2898.00	2898.00	2898.00	2898.00	2898.00	2898.00	2898.00	2898.00	2898.00	2898.00	2898.00	2899.00	2899.00	2899.00	2899.00	2899.00	2899.00	2899.00	2899.00	2899.00	2899.00	2899.00	2899.00	2899.00	2899.00	2900.00	2900.00	2900.00	2900.00	2900.00	2901.00	2901.00	2901.00	2901.00	2901.00	2902.00	2902.00	2902.00	2902.00	2902.00	2902.00	2903.00	2903.00	2903.00	2903.00	2903.00	2904.00	2904.00	2904.00	2904.00	2905.00	2905.00	2905.00	2906.00	2906.00	2906.00	2907.00	2907.00	2907.00	2907.00	2907.00	2908.00	2908.00	2908.00	2909.00	2909.00	2909.00	2909.00	2909.00	2909.00	2910.00	2910.00	2910.00	2910.00	2911.00	2911.00	2911.00	2911.00	2911.00	2911.00	2911.00	2911.00	2912.00	2912.00	2912.00	2912.00	2912.00	2912.00	2912.00	2913.00	2913.00	2913.00	2913.00	2913.00	2913.00	2913.00	2913.00	2913.00	2913.00	2914.00	2914.00	2914.00	2914.00	2914.00	2914.00	2914.00	2914.00	2914.00	2914.00	2914.00	2915.00	2915.00	2915.00	2915.00	2915.00	2915.00	2915.00	2915.00	2915.00	2915.00	2915.00	2915.00	2915.00	2915.00	2915.00	2915.00	2915.00
2868.00	2868.00	2868.00	2869.00	2869.00	2869.00	2869.00	2869.00	2869.00	2870.00	2870.00	2870.00	2870.00	2870.00	2871.00	2871.00	2871.00	2871.00	2871.00	2872.00	2872.00	2872.00	2872.00	2872.00	2873.00	2873.00	2873.00	2873.00	2873.00	2873.00	2873.00	2873.00	2873.00	2873.00	2873.00	2873.00	2873.00	2874.00	2874.00	2874.00	2874.00	2875.00	2875.00	2875.00	2875.00	2875.00	2875.00	2876.00	2876.00	2876.00	2877.00	2877.00	2877.00	2878.00	2878.00	2878.00	2878.00	2878.00	2879.00	2879.00	2880.00	2880.00	2880.00	2880.00	2881.00	2881.00	2881.00	2882.00	2882.00	2883.00	2883.00	2884.00	2884.00	2884.00	2885.00	2885.00	2886.00	2886.00	2886.00	2887.00	2887.00	2887.00	2888.00	2889.00	2889.00	2889.00	2889.00	2890.00	2890.00	2890.00	2891.00	2891.00	2892.00	2892.00	2892.00	2892.00	2892.00	2893.00	2893.00	2893.00	2893.00	2893.00	2893.00	2894.00	2894.00	2894.00	2894.00	2894.00	2894.00	2895.00	2895.00	2895.00	2895.00	2895.00	2896.00	2896.00	2896.00	2896.00	2896.00	2896.00	2897.00	2897.00	2897.00	2897.00	2897.00	2897.00	2898.00	2898.00	2898.00	2898.00	2898.00	2898.00	2898.00	2898.00	2898.00	2898.00	2898.00	2898.00	2898.00	2898.00	2899.00	2899.00	2899.00	2899.00	2899.00	2899.00	2899.00	2899.00	2899.00	2899.00	2899.00	2899.00	2899.00	2899.00	2900.00	2900.00	2900.00	2900.00	2900.00	2901.00	2901.00	2901.00	2901.00	2901.00	2902.00	2902.00	2902.00	2902.00	2902.00	2902.00	2903.00	2903.00	2903.00	2903.00	2903.00	2904.00	2904.00	2904.00	2904.00	2905.00	2905.00	2905.00	2906.00	2906.00	2906.00	2907.00	2907.00	2907.00	2907.00	2907.00	2908.00	2908.00	2908.00	2909.00	2909.00	2909.00	2909.00	2909.00	2909.00	2910.00	2910.00	2910.00	2910.00	2911.00	2911.00	2911.00	2911.00	2911.00	2911.00	2911.00	2911.00	2912.00	2912.00	2912.00	2912.00	2912.00	2912.00	2912.00	2913.00	2913.00	2913.00	2913.00	2913.00	2913.00	2913.00	2913.00	2913.00	2913.00	2914.00	2914.00	2914.00	2914.00	2914.00	2914.00	2914.00	2914.00	2914.00	2914.00	2914.00	2915.00	2915.00	2915.00	2915.00	2915.00	2915.00	2915.00	2915.00	2915.00	2915.00	2915.00	2915.00	2915.00	2915.00	2915.00	2915.00	2915.00
2868.00	2868.00	2868.00	2869.00	2869.00	2869.00	2869.00	2869.00	2869.00	2870.00	2870.00	2870.00	2870.00	2870.00	2871.00	2871.00	2871.00	2871.00	2871.00	2872.00	2872.00	2872.00	2872.00	2872.00	2873.00	2873.00	2873.00	2873.00	2873.00	2873.00	2873.00	2873.00	2873.00	2873.00	2873.00	2873.00	2873.00	2874.00	2874.00	2874.00	2874.00	2875.00	2875.00	2875.00	2875.00	2875.00	2875.00	2876.00	2876.00	2876.00	2877.00	2877.00	2877.00	2878.00	2878.00	2878.00	2878.00	2878.00	2879.00	2879.00	2880.00	2880.00	2880.00	2880.00	2881.00	2881.00	2881.00	2882.00	2882.00	2883.00	2883.00	2884.00	2884.00	2884.00	2885.00	2885.00	2886.00	2886.00	2886.00	2887.00	2887.00	2887.00	2888.00	2889.00	2889.00	2889.00	2889.00	2890.00	2890.00	2890.00	2891.00	2891.00	2892.00	2892.00	2892.00	2892.00	2892.00	2893.00	2893.00	2893.00	2893.00	2893.00	2893.00	2894.00	2894.00	2894.00	2894.00	2894.00	2894.00	2895.00	2895.00	2895.00	2895.00	2895.00	2896.00	2896.00	2896.00	2896.00	2896.00	2896.00	2897.00	2897.00	2897.00	2897.00	2897.00	2897.00	2898.00	2898.00	2898.00	2898.00	2898.00	2898.00	2898.00	2898.00	2898.00	2898.00	2898.00	2898.00	2898.00	2898.00	2899.00	2899.00	2899.00	2899.00	2899.00	2899.00	2899.00	2899.00	2899.00	2899.00	2899.00	2899.00	2899.00	2899.00	2900.00	2900.00	2900.00	2900.00	2900.00	2901.00	2901.00	2901.00	2901.00	2901.00	2902.00	2902.00	2902.00	2902.00	2902.00	2902.00	2903.00	2903.00	2903.00	2903.00	2903.00	2904.00	2904.00	2904.00	2904.00	2905.00	2905.00	2905.00	2906.00	2906.00	2906.00	2907.00	2907.00	2907.00	2907.00	2907.00	2908.00	2908.00	2908.00	2909.00	2909.00	2909.00	2909.00	2909.00	2909.00	2910.00	2910.00	2910.00	2910.00	2911.00	2911.00	2911.00	2911.00	2911.00	2911.00	2911.00	2911.00	2912.00	2912.00	2912.00	2912.00	2912.00	2912.00	2912.00	2913.00	2913.00	2913.00	2913.00	2913.00	2913.00	2913.00	2913.00	2913.00	2913.00	2914.00	2914.00	2914.00	2914.00	2914.00	2914.00	2914.00	2914.00	2914.00	2914.00	2914.00	2915.00	2915.00	2915.00	2915.00	2915.00	2915.00	2915.00	2915.00	2915.00	2915.00	2915.00	2915.00	2915.00	2915.00	2915.00	2915.00	2915.00
2868.00	2868.00	2868.00	2869.00	2869.00	2869.00	2869.00	2869.00	2869.00	2870.00	2870.00	2870.00	2870.00	2870.00	2871.00	2871.00	2871.00	2871.00	2871.00	2872.00	2872.00	2872.00	2872.00	2872.00	2873.00	2873.00	2873.00	2873.00	2873.00	2873.00	2873.00	2873.00	2873.00	2873.00	2873.00	2873.00	2873.00	2874.00	2874.00	2874.00	2874.00	2875.00	2875.00	2875.00	2875.00	2875.00	2875.00	2876.00	2876.00	2876.00	2877.00	2877.00	2877.00	2878.00	2878.00	2878.00	2878.00	2878.00	2879.00	2879.00	2880.00	2880.00	2880.00	2880.00	2881.00	2881.00	2881.00	2882.00	2882.00	2883.00	2883.00	2884.00	2884.00	2884.00	2885.00	2885.00	2886.00	2886.00	2886.00	2887.00	2887.00	2887.00	2888.00	2889.00	2889.00	2889.00	2889.00	2890.00	2890.00	2890.00	2891.00	2891.00	2892.00	2892.00	2892.00	2892.00	2892.00	2893.00	2893.00	2893.00	2893.00	2893.00	2893.00	2894.00	2894.00	2894.00	2894.00	2894.00	2894.00	2895.00	2895.00	2895.00	2895.00	2895.00	2896.00	2896.00	2896.00	2896.00	2896.00	2896.00	2897.00	2897.00	2897.00	2897.00	2897.00	2897.00	2898.00	2898.00	2898.00	2898.00	2898.00	2898.00	2898.00	2898.00	2898.00	2898.00	2898.00	2898.00	2898.00	2898.00	2899.00	2899.00	2899.00	2899.00	2899.00	2899.00	2899.00	2899.00	2899.00	2899.00	2899.00	2899.00	2899.00	2899.00	2900.00	2900.00	2900.00	2900.00	2900.00	2901.00	2901.00	2901.00	2901.00	2901.00	2902.00	2902.00	2902.00	2902.00	2902.00	2902.00	2903.00	2903.00	2903.00	2903.00	2903.00	2904.00	2904.00	2904.00	2904.00	2905.00	2905.00	2905.00	2906.00	2906.00	2906.00	2907.00	2907.00	2907.00	2907.00	2907.00	2908.00	2908.00	2908.00	2909.00	2909.00	2909.00	2909.00	2909.00	2909.00	2910.00	2910.00	2910.00	2910.00	2911.00	2911.00	2911.00	2911.00	2911.00	2911.00	2911.00	2911.00	2912.00	2912.00	2912.00	2912.00	2912.00	2912.00	2912.00	2913.00	2913.00	2913.00	2913.00	2913.00	2913.00	2913.00	2913.00	2913.00	2913.00	2914.00	2914.00	2914.00	2914.00	2914.00	2914.00	2914.00	2914.00	2914.00	2914.00	2914.00	2915.00	2915.00	2915.00	2915.00	2915.00	2915.00	2915.00	2915.00	2915.00	2915.00	2915.00	2915.00	2915.00	2915.00	2915.00	2915.00	2915.00
2867.00	2868.00	2868.00	2868.00	2868.00	2868.00	2869.00	2869.00	2869.00	2869.00	2870.00	2870.00	2870.00	2870.00	2870.00	2871.00	2871.00	2871.00	2871.00	2871.00	2871.00	2871.00	2871.00	2871.00	2871.00	2871.00	2872.00	2872.00	2872.00	2872.00	2872.00	2872.00	2872.00	2872.00	2872.00	2873.00	2873.00	2873.00	2873.00	2874.00	2874.00	2874.00	2874.00	2874.00	2874.00	2874.00	2875.00	2875.00	2875.00	2875.00	2876.00	2876.00	2876.00	2876.00	2876.00	2877.00	2877.00	2877.00	2877.00	2877.00	2879.00	2879.00	2879.00	2879.00	2880.00	2880.00	2880.00	2881.00	2881.00	2882.00	2882.00	2883.00	2883.00	2883.00	2884.00	2884.00	2884.00	2884.00	2885.00	2886.00	2886.00	2886.00	2887.00	2887.00	2887.00	2888.00	2888.00	2888.00	2889.00	2889.00	2889.00	2890.00	2890.00	2890.00	2891.00	2891.00	2891.00	2891.00	2891.00	2892.00	2892.00	2892.00	2892.00	2892.00	2892.00	2893.00	2893.00	2893.00	2893.00	2893.00	2893.00	2894.00	2894.00	2894.00	2894.00	2895.00	2895.00	2895.00	2895.00	2895.00	2895.00	2895.00	2895.00	2896.00	2896.00	2896.00	2896.00	2896.00	2896.00	2896.00	2896.00	2896.00	2897.00	2897.00	2897.00	2897.00	2897.00	2897.00	2897.00	2897.00	2897.00	2898.00	2898.00	2898.00	2898.00	2898.00	2898.00	2898.00	2898.00	2898.00	2898.00	2898.00	2898.00	2898.00	2899.00	2899.00	2899.00	2899.00	2899.00	2899.00	2899.00	2900.00	2900.00	2900.00	2900.00	2900.00	2900.00	2901.00	2901.00	2901.00	2902.00	2902.00	2902.00	2902.00	2902.00	2903.00	2903.00	2904.00	2904.00	2904.00	2904.00	2904.00	2904.00	2904.00	2905.00	2905.00	2905.00	2905.00	2906.00	2906.00	2906.00	2907.00	2907.00	2907.00	2908.00	2908.00	2908.00	2908.00	2908.00	2908.00	2909.00	2909.00	2909.00	2909.00	2909.00	2909.00	2909.00	2910.00	2910.00	2910.00	2910.00	2911.00	2911.00	2911.00	2911.00	2911.00	2911.00	2912.00	2912.00	2912.00	2912.00	2912.00	2912.00	2913.00	2913.00	2913.00	2913.00	2913.00	2913.00	2913.00	2913.00	2913.00	2914.00	2914.00	2914.00	2914.00	2914.00	2914.00	2914.00	2914.00	2914.00	2914.00	2914.00	2914.00	2914.00	2914.00	2915.00	2915.00	2915.00	2915.00	2915.00	2915.00	2915.00	2915.00	2915.00	2915.00
2867.00	2868.00	2868.00	2868.00	2868.00	2868.00	2869.00	2869.00	2869.00	2869.00	2870.00	2870.00	2870.00	2870.00	2870.00	2871.00	2871.00	2871.00	2871.00	2871.00	2871.00	2871.00	2871.00	2871.00	2871.00	2871.00	2872.00	2872.00	2872.00	2872.00	2872.00	2872.00	2872.00	2872.00	2872.00	2873.00	2873.00	2873.00	2873.00	2874.00	2874.00	2874.00	2874.00	2874.00	2874.00	2874.00	2875.00	2875.00	2875.00	2875.00	2876.00	2876.00	2876.00	2876.00	2876.00	2877.00	2877.00	2877.00	2877.00	2877.00	2879.00	2879.00	2879.00	2879.00	2880.00	2880.00	2880.00	2881.00	2881.00	2882.00	2882.00	2883.00	2883.00	2883.00	2884.00	2884.00	2884.00	2884.00	2885.00	2886.00	2886.00	2886.00	2887.00	2887.00	2887.00	2888.00	2888.00	2888.00	2889.00	2889.00	2889.00	2890.00	2890.00	2890.00	2891.00	2891.00	2891.00	2891.00	2891.00	2892.00	2892.00	2892.00	2892.00	2892.00	2892.00	2893.00	2893.00	2893.00	2893.00	2893.00	2893.00	2894.00	2894.00	2894.00	2894.00	2895.00	2895.00	2895.00	2895.00	2895.00	2895.00	2895.00	2895.00	2896.00	2896.00	2896.00	2896.00	2896.00	2896.00	2896.00	2896.00	2896.00	2897.00	2897.00	2897.00	2897.00	2897.00	2897.00	2897.00	2897.00	2897.00	2898.00	2898.00	2898.00	2898.00	2898.00	2898.00	2898.00	2898.00	2898.00	2898.00	2898.00	2898.00	2898.00	2899.00	2899.00	2899.00	2899.00	2899.00	2899.00	2899.00	2900.00	2900.00	2900.00	2900.00	2900.00	2900.00	2901.00	2901.00	2901.00	2902.00	2902.00	2902.00	2902.00	2902.00	2903.00	2903.00	2904.00	2904.00	2904.00	2904.00	2904.00	2904.00	2904.00	2905.00	2905.00	2905.00	2905.00	2906.00	2906.00	2906.00	2907.00	2907.00	2907.00	2908.00	2908.00	2908.00	2908.00	2908.00	2908.00	2909.00	2909.00	2909.00	2909.00	2909.00	2909.00	2909.00	2910.00	2910.00	2910.00	2910.00	2911.00	2911.00	2911.00	2911.00	2911.00	2911.00	2912.00	2912.00	2912.00	2912.00	2912.00	2912.00	2913.00	2913.00	2913.00	2913.00	2913.00	2913.00	2913.00	2913.00	2913.00	2914.00	2914.00	2914.00	2914.00	2914.00	2914.00	2914.00	2914.00	2914.00	2914.00	2914.00	2914.00	2914.00	2914.00	2915.00	2915.00	2915.00	2915.00	2915.00	2915.00	2915.00	2915.00	2915.00	2915.00
2867.00	2868.00	2868.00	2868.00	2868.00	2868.00	2869.00	2869.00	2869.00	2869.00	2870.00	2870.00	2870.00	2870.00	2870.00	2871.00	2871.00	2871.00	2871.00	2871.00	2871.00	2871.00	2871.00	2871.00	2871.00	2871.00	2872.00	2872.00	2872.00	2872.00	2872.00	2872.00	2872.00	2872.00	2872.00	2873.00	2873.00	2873.00	2873.00	2874.00	2874.00	2874.00	2874.00	2874.00	2874.00	2874.00	2875.00	2875.00	2875.00	2875.00	2876.00	2876.00	2876.00	2876.00	2876.00	2877.00	2877.00	2877.00	2877.00	2877.00	2879.00	2879.00	2879.00	2879.00	2880.00	2880.00	2880.00	2881.00	2881.00	2882.00	2882.00	2883.00	2883.00	2883.00	2884.00	2884.00	2884.00	2884.00	2885.00	2886.00	2886.00	2886.00	2887.00	2887.00	2887.00	2888.00	2888.00	2888.00	2889.00	2889.00	2889.00	2890.00	2890.00	2890.00	2891.00	2891.00	2891.00	2891.00	2891.00	2892.00	2892.00	2892.00	2892.00	2892.00	2892.00	2893.00	2893.00	2893.00	2893.00	2893.00	2893.00	2894.00	2894.00	2894.00	2894.00	2895.00	2895.00	2895.00	2895.00	2895.00	2895.00	2895.00	2895.00	2896.00	2896.00	2896.00	2896.00	2896.00	2896.00	2896.00	2896.00	2896.00	2897.00	2897.00	2897.00	2897.00	2897.00	2897.00	2897.00	2897.00	2897.00	2898.00	2898.00	2898.00	2898.00	2898.00	2898.00	2898.00	2898.00	2898.00	2898.00	2898.00	2898.00	2898.00	2899.00	2899.00	2899.00	2899.00	2899.00	2899.00	2899.00	2900.00	2900.00	2900.00	2900.00	2900.00	2900.00	2901.00	2901.00	2901.00	2902.00	2902.00	2902.00	2902.00	2902.00	2903.00	2903.00	2904.00	2904.00	2904.00	2904.00	2904.00	2904.00	2904.00	2905.00	2905.00	2905.00	2905.00	2906.00	2906.00	2906.00	2907.00	2907.00	2907.00	2908.00	2908.00	2908.00	2908.00	2908.00	2908.00	2909.00	2909.00	2909.00	2909.00	2909.00	2909.00	2909.00	2910.00	2910.00	2910.00	2910.00	2911.00	2911.00	2911.00	2911.00	2911.00	2911.00	2912.00	2912.00	2912.00	2912.00	2912.00	2912.00	2913.00	2913.00	2913.00	2913.00	2913.00	2913.00	2913.00	2913.00	2913.00	2914.00	2914.00	2914.00	2914.00	2914.00	2914.00	2914.00	2914.00	2914.00	2914.00	2914.00	2914.00	2914.00	2914.00	2915.00	2915.00	2915.00	2915.00	2915.00	2915.00	2915.00	2915.00	2915.00	2915.00
2867.00	2868.00	2868.00	2868.00	2868.00	2868.00	2869.00	2869.00	2869.00	2869.00	2870.00	2870.00	2870.00	2870.00	2870.00	2871.00	2871.00	2871.00	2871.00	2871.00	2871.00	2871.00	2871.00	2871.00	2871.00	2871.00	2872.00	2872.00	2872.00	2872.00	2872.00	2872.00	2872.00	2872.00	2872.00	2873.00	2873.00	2873.00	2873.00	2874.00	2874.00	2874.00	2874.00	2874.00	2874.00	2874.00	2875.00	2875.00	2875.00	2875.00	2876.00	2876.00	2876.00	2876.00	2876.00	2877.00	2877.00	2877.00	2877.00	2877.00	2879.00	2879.00	2879.00	2879.00	2880.00	2880.00	2880.00	2881.00	2881.00	2882.00	2882.00	2883.00	2883.00	2883.00	2884.00	2884.00	2884.00	2884.00	2885.00	2886.00	2886.00	2886.00	2887.00	2887.00	2887.00	2888.00	2888.00	2888.00	2889.00	2889.00	2889.00	2890.00	2890.00	2890.00	2891.00	2891.00	2891.00	2891.00	2891.00	2892.00	2892.00	2892.00	2892.00	2892.00	2892.00	2893.00	2893.00	2893.00	2893.00	2893.00	2893.00	2894.00	2894.00	2894.00	2894.00	2895.00	2895.00	2895.00	2895.00	2895.00	2895.00	2895.00	2895.00	2896.00	2896.00	2896.00	2896.00	2896.00	2896.00	2896.00	2896.00	2896.00	2897.00	2897.00	2897.00	2897.00	2897.00	2897.00	2897.00	2897.00	2897.00	2898.00	2898.00	2898.00	2898.00	2898.00	2898.00	2898.00	2898.00	2898.00	2898.00	2898.00	2898.00	2898.00	2899.00	2899.00	2899.00	2899.00	2899.00	2899.00	2899.00	2900.00	2900.00	2900.00	2900.00	2900.00	2900.00	2901.00	2901.00	2901.00	2902.00	2902.00	2902.00	2902.00	2902.00	2903.00	2903.00	2904.00	2904.00	2904.00	2904.00	2904.00	2904.00	2904.00	2905.00	2905.00	2905.00	2905.00	2906.00	2906.00	2906.00	2907.00	2907.00	2907.00	2908.00	2908.00	2908.00	2908.00	2908.00	2908.00	2909.00	2909.00	2909.00	2909.00	2909.00	2909.00	2909.00	2910.00	2910.00	2910.00	2910.00	2911.00	2911.00	2911.00	2911.00	2911.00	2911.00	2912.00	2912.00	2912.00	2912.00	2912.00	2912.00	2913.00	2913.00	2913.00	2913.00	2913.00	2913.00	2913.00	2913.00	2913.00	2914.00	2914.00	2914.00	2914.00	2914.00	2914.00	2914.00	2914.00	2914.00	2914.00	2914.00	2914.00	2914.00	2914.00	2915.00	2915.00	2915.00	2915.00	2915.00	2915.00	2915.00	2915.00	2915.00	2915.00
2867.00	2868.00	2868.00	2868.00	2868.00	2868.00	2869.00	2869.00	2869.00	2869.00	2870.00	2870.00	2870.00	2870.00	2870.00	2871.00	2871.00	2871.00	2871.00	2871.00	2871.00	2871.00	2871.00	2871.00	2871.00	2871.00	2872.00	2872.00	2872.00	2872.00	2872.00	2872.00	2872.00	2872.00	2872.00	2873.00	2873.00	2873.00	2873.00	2874.00	2874.00	2874.00	2874.00	2874.00	2874.00	2874.00	2875.00	2875.00	2875.00	2875.00	2876.00	2876.00	2876.00	2876.00	2876.00	2877.00	2877.00	2877.00	2877.00	2877.00	2879.00	2879.00	2879.00	2879.00	2880.00	2880.00	2880.00	2881.00	2881.00	2882.00	2882.00	2883.00	2883.00	2883.00	2884.00	2884.00	2884.00	2884.00	2885.00	2886.00	2886.00	2886.00	2887.00	2887.00	2887.00	2888.00	2888.00	2888.00	2889.00	2889.00	2889.00	2890.00	2890.00	2890.00	2891.00	2891.00	2891.00	2891.00	2891.00	2892.00	2892.00	2892.00	2892.00	2892.00	2892.00	2893.00	2893.00	2893.00	2893.00	2893.00	2893.00	2894.00	2894.00	2894.00	2894.00	2895.00	2895.00	2895.00	2895.00	2895.00	2895.00	2895.00	2895.00	2896.00	2896.00	2896.00	2896.00	2896.00	2896.00	2896.00	2896.00	2896.00	2897.00	2897.00	2897.00	2897.00	2897.00	2897.00	2897.00	2897.00	2897.00	2898.00	2898.00	2898.00	2898.00	2898.00	2898.00	2898.00	2898.00	2898.00	2898.00	2898.00	2898.00	2898.00	2899.00	2899.00	2899.00	2899.00	2899.00	2899.00	2899.00	2900.00	2900.00	2900.00	2900.00	2900.00	2900.00	2901.00	2901.00	2901.00	2902.00	2902.00	2902.00	2902.00	2902.00	2903.00	2903.00	2904.00	2904.00	2904.00	2904.00	2904.00	2904.00	2904.00	2905.00	2905.00	2905.00	2905.00	2906.00	2906.00	2906.00	2907.00	2907.00	2907.00	2908.00	2908.00	2908.00	2908.00	2908.00	2908.00	2909.00	2909.00	2909.00	2909.00	2909.00	2909.00	2909.00	2910.00	2910.00	2910.00	2910.00	2911.00	2911.00	2911.00	2911.00	2911.00	2911.00	2912.00	2912.00	2912.00	2912.00	2912.00	2912.00	2913.00	2913.00	2913.00	2913.00	2913.00	2913.00	2913.00	2913.00	2913.00	2914.00	2914.00	2914.00	2914.00	2914.00	2914.00	2914.00	2914.00	2914.00	2914.00	2914.00	2914.00	2914.00	2914.00	2915.00	2915.00	2915.00	2915.00	2915.00	2915.00	2915.00	2915.00	2915.00	2915.00
2867.00	2868.00	2868.00	2868.00	2868.00	2868.00	2869.00	2869.00	2869.00	2869.00	2870.00	2870.00	2870.00	2870.00	2870.00	2871.00	2871.00	2871.00	2871.00	2871.00	2871.00	2871.00	2871.00	2871.00	2871.00	2871.00	2872.00	2872.00	2872.00	2872.00	2872.00	2872.00	2872.00	2872.00	2872.00	2873.00	2873.00	2873.00	2873.00	2874.00	2874.00	2874.00	2874.00	2874.00	2874.00	2874.00	2875.00	2875.00	2875.00	2875.00	2876.00	2876.00	2876.00	2876.00	2876.00	2877.00	2877.00	2877.00	2877.00	2877.00	2879.00	2879.00	2879.00	2879.00	2880.00	2880.00	2880.00	2881.00	2881.00	2882.00	2882.00	2883.00	2883.00	2883.00	2884.00	2884.00	2884.00	2884.00	2885.00	2886.00	2886.00	2886.00	2887.00	2887.00	2887.00	2888.00	2888.00	2888.00	2889.00	2889.00	2889.00	2890.00	2890.00	2890.00	2891.00	2891.00	2891.00	2891.00	2891.00	2892.00	2892.00	2892.00	2892.00	2892.00	2892.00	2893.00	2893.00	2893.00	2893.00	2893.00	2893.00	2894.00	2894.00	2894.00	2894.00	2895.00	2895.00	2895.00	2895.00	2895.00	2895.00	2895.00	2895.00	2896.00	2896.00	2896.00	2896.00	2896.00	2896.00	2896.00	2896.00	2896.00	2897.00	2897.00	2897.00	2897.00	2897.00	2897.00	2897.00	2897.00	2897.00	2898.00	2898.00	2898.00	2898.00	2898.00	2898.00	2898.00	2898.00	2898.00	2898.00	2898.00	2898.00	2898.00	2899.00	2899.00	2899.00	2899.00	2899.00	2899.00	2899.00	2900.00	2900.00	2900.00	2900.00	2900.00	2900.00	2901.00	2901.00	2901.00	2902.00	2902.00	2902.00	2902.00	2902.00	2903.00	2903.00	2904.00	2904.00	2904.00	2904.00	2904.00	2904.00	2904.00	2905.00	2905.00	2905.00	2905.00	2906.00	2906.00	2906.00	2907.00	2907.00	2907.00	2908.00	2908.00	2908.00	2908.00	2908.00	2908.00	2909.00	2909.00	2909.00	2909.00	2909.00	2909.00	2909.00	2910.00	2910.00	2910.00	2910.00	2911.00	2911.00	2911.00	2911.00	2911.00	2911.00	2912.00	2912.00	2912.00	2912.00	2912.00	2912.00	2913.00	2913.00	2913.00	2913.00	2913.00	2913.00	2913.00	2913.00	2913.00	2914.00	2914.00	2914.00	2914.00	2914.00	2914.00	2914.00	2914.00	2914.00	2914.00	2914.00	2914.00	2914.00	2914.00	2915.00	2915.00	2915.00	2915.00	2915.00	2915.00	2915.00	2915.00	2915.00	2915.00
2867.00	2868.00	2868.00	2868.00	2868.00	2868.00	2869.00	2869.00	2869.00	2869.00	2870.00	2870.00	2870.00	2870.00	2870.00	2871.00	2871.00	2871.00	2871.00	2871.00	2871.00	2871.00	2871.00	2871.00	2871.00	2871.00	2872.00	2872.00	2872.00	2872.00	2872.00	2872.00	2872.00	2872.00	2872.00	2873.00	2873.00	2873.00	2873.00	2874.00	2874.00	2874.00	2874.00	2874.00	2874.00	2874.00	2875.00	2875.00	2875.00	2875.00	2876.00	2876.00	2876.00	2876.00	2876.00	2877.00	2877.00	2877.00	2877.00	2877.00	2879.00	2879.00	2879.00	2879.00	2880.00	2880.00	2880.00	2881.00	2881.00	2882.00	2882.00	2883.00	2883.00	2883.00	2884.00	2884.00	2884.00	2884.00	2885.00	2886.00	2886.00	2886.00	2887.00	2887.00	2887.00	2888.00	2888.00	2888.00	2889.00	2889.00	2889.00	2890.00	2890.00	2890.00	2891.00	2891.00	2891.00	2891.00	2891.00	2892.00	2892.00	2892.00	2892.00	2892.00	2892.00	2893.00	2893.00	2893.00	2893.00	2893.00	2893.00	2894.00	2894.00	2894.00	2894.00	2895.00	2895.00	2895.00	2895.00	2895.00	2895.00	2895.00	2895.00	2896.00	2896.00	2896.00	2896.00	2896.00	2896.00	2896.00	2896.00	2896.00	2897.00	2897.00	2897.00	2897.00	2897.00	2897.00	2897.00	2897.00	2897.00	2898.00	2898.00	2898.00	2898.00	2898.00	2898.00	2898.00	2898.00	2898.00	2898.00	2898.00	2898.00	2898.00	2899.00	2899.00	2899.00	2899.00	2899.00	2899.00	2899.00	2900.00	2900.00	2900.00	2900.00	2900.00	2900.00	2901.00	2901.00	2901.00	2902.00	2902.00	2902.00	2902.00	2902.00	2903.00	2903.00	2904.00	2904.00	2904.00	2904.00	2904.00	2904.00	2904.00	2905.00	2905.00	2905.00	2905.00	2906.00	2906.00	2906.00	2907.00	2907.00	2907.00	2908.00	2908.00	2908.00	2908.00	2908.00	2908.00	2909.00	2909.00	2909.00	2909.00	2909.00	2909.00	2909.00	2910.00	2910.00	2910.00	2910.00	2911.00	2911.00	2911.00	2911.00	2911.00	2911.00	2912.00	2912.00	2912.00	2912.00	2912.00	2912.00	2913.00	2913.00	2913.00	2913.00	2913.00	2913.00	2913.00	2913.00	2913.00	2914.00	2914.00	2914.00	2914.00	2914.00	2914.00	2914.00	2914.00	2914.00	2914.00	2914.00	2914.00	2914.00	2914.00	2915.00	2915.00	2915.00	2915.00	2915.00	2915.00	2915.00	2915.00	2915.00	2915.00
2867.00	2868.00	2868.00	2868.00	2868.00	2868.00	2869.00	2869.00	2869.00	2869.00	2870.00	2870.00	2870.00	2870.00	2870.00	2871.00	2871.00	2871.00	2871.00	2871.00	2871.00	2871.00	2871.00	2871.00	2871.00	2871.00	2872.00	2872.00	2872.00	2872.00	2872.00	2872.00	2872.00	2872.00	2872.00	2873.00	2873.00	2873.00	2873.00	2874.00	2874.00	2874.00	2874.00	2874.00	2874.00	2874.00	2875.00	2875.00	2875.00	2875.00	2876.00	2876.00	2876.00	2876.00	2876.00	2877.00	2877.00	2877.00	2877.00	2877.00	2879.00	2879.00	2879.00	2879.00	2880.00	2880.00	2880.00	2881.00	2881.00	2882.00	2882.00	2883.00	2883.00	2883.00	2884.00	2884.00	2884.00	2884.00	2885.00	2886.00	2886.00	2886.00	2887.00	2887.00	2887.00	2888.00	2888.00	2888.00	2889.00	2889.00	2889.00	2890.00	2890.00	2890.00	2891.00	2891.00	2891.00	2891.00	2891.00	2892.00	2892.00	2892.00	2892.00	2892.00	2892.00	2893.00	2893.00	2893.00	2893.00	2893.00	2893.00	2894.00	2894.00	2894.00	2894.00	2895.00	2895.00	2895.00	2895.00	2895.00	2895.00	2895.00	2895.00	2896.00	2896.00	2896.00	2896.00	2896.00	2896.00	2896.00	2896.00	2896.00	2897.00	2897.00	2897.00	2897.00	2897.00	2897.00	2897.00	2897.00	2897.00	2898.00	2898.00	2898.00	2898.00	2898.00	2898.00	2898.00	2898.00	2898.00	2898.00	2898.00	2898.00	2898.00	2899.00	2899.00	2899.00	2899.00	2899.00	2899.00	2899.00	2900.00	2900.00	2900.00	2900.00	2900.00	2900.00	2901.00	2901.00	2901.00	2902.00	2902.00	2902.00	2902.00	2902.00	2903.00	2903.00	2904.00	2904.00	2904.00	2904.00	2904.00	2904.00	2904.00	2905.00	2905.00	2905.00	2905.00	2906.00	2906.00	2906.00	2907.00	2907.00	2907.00	2908.00	2908.00	2908.00	2908.00	2908.00	2908.00	2909.00	2909.00	2909.00	2909.00	2909.00	2909.00	2909.00	2910.00	2910.00	2910.00	2910.00	2911.00	2911.00	2911.00	2911.00	2911.00	2911.00	2912.00	2912.00	2912.00	2912.00	2912.00	2912.00	2913.00	2913.00	2913.00	2913.00	2913.00	2913.00	2913.00	2913.00	2913.00	2914.00	2914.00	2914.00	2914.00	2914.00	2914.00	2914.00	2914.00	2914.00	2914.00	2914.00	2914.00	2914.00	2914.00	2915.00	2915.00	2915.00	2915.00	2915.00	2915.00	2915.00	2915.00	2915.00	2915.00
2867.00	2868.00	2868.00	2868.00	2868.00	2868.00	2869.00	2869.00	2869.00	2869.00	2870.00	2870.00	2870.00	2870.00	2870.00	2871.00	2871.00	2871.00	2871.00	2871.00	2871.00	2871.00	2871.00	2871.00	2871.00	2871.00	2872.00	2872.00	2872.00	2872.00	2872.00	2872.00	2872.00	2872.00	2872.00	2873.00	2873.00	2873.00	2873.00	2874.00	2874.00	2874.00	2874.00	2874.00	2874.00	2874.00	2875.00	2875.00	2875.00	2875.00	2876.00	2876.00	2876.00	2876.00	2876.00	2877.00	2877.00	2877.00	2877.00	2877.00	2879.00	2879.00	2879.00	2879.00	2880.00	2880.00	2880.00	2881.00	2881.00	2882.00	2882.00	2883.00	2883.00	2883.00	2884.00	2884.00	2884.00	2884.00	2885.00	2886.00	2886.00	2886.00	2887.00	2887.00	2887.00	2888.00	2888.00	2888.00	2889.00	2889.00	2889.00	2890.00	2890.00	2890.00	2891.00	2891.00	2891.00	2891.00	2891.00	2892.00	2892.00	2892.00	2892.00	2892.00	2892.00	2893.00	2893.00	2893.00	2893.00	2893.00	2893.00	2894.00	2894.00	2894.00	2894.00	2895.00	2895.00	2895.00	2895.00	2895.00	2895.00	2895.00	2895.00	2896.00	2896.00	2896.00	2896.00	2896.00	2896.00	2896.00	2896.00	2896.00	2897.00	2897.00	2897.00	2897.00	2897.00	2897.00	2897.00	2897.00	2897.00	2898.00	2898.00	2898.00	2898.00	2898.00	2898.00	2898.00	2898.00	2898.00	2898.00	2898.00	2898.00	2898.00	2899.00	2899.00	2899.00	2899.00	2899.00	2899.00	2899.00	2900.00	2900.00	2900.00	2900.00	2900.00	2900.00	2901.00	2901.00	2901.00	2902.00	2902.00	2902.00	2902.00	2902.00	2903.00	2903.00	2904.00	2904.00	2904.00	2904.00	2904.00	2904.00	2904.00	2905.00	2905.00	2905.00	2905.00	2906.00	2906.00	2906.00	2907.00	2907.00	2907.00	2908.00	2908.00	2908.00	2908.00	2908.00	2908.00	2909.00	2909.00	2909.00	2909.00	2909.00	2909.00	2909.00	2910.00	2910.00	2910.00	2910.00	2911.00	2911.00	2911.00	2911.00	2911.00	2911.00	2912.00	2912.00	2912.00	2912.00	2912.00	2912.00	2913.00	2913.00	2913.00	2913.00	2913.00	2913.00	2913.00	2913.00	2913.00	2914.00	2914.00	2914.00	2914.00	2914.00	2914.00	2914.00	2914.00	2914.00	2914.00	2914.00	2914.00	2914.00	2914.00	2915.00	2915.00	2915.00	2915.00	2915.00	2915.00	2915.00	2915.00	2915.00	2915.00
2867.00	2867.00	2867.00	2867.00	2867.00	2868.00	2868.00	2868.00	2868.00	2868.00	2868.00	2868.00	2869.00	2869.00	2869.00	2869.00	2869.00	2870.00	2870.00	2870.00	2870.00	2870.00	2870.00	2870.00	2870.00	2870.00	2871.00	2871.00	2871.00	2871.00	2871.00	2871.00	2871.00	2872.00	2872.00	2872.00	2872.00	2872.00	2872.00	2873.00	2873.00	2873.00	2873.00	2873.00	2873.00	2873.00	2874.00	2874.00	2874.00	2874.00	2875.00	2875.00	2875.00	2875.00	2875.00	2876.00	2876.00	2876.00	2877.00	2877.00	2878.00	2878.00	2878.00	2878.00	2879.00	2880.00	2880.00	2880.00	2880.00	2881.00	2881.00	2882.00	2882.00	2882.00	2882.00	2882.00	2883.00	2883.00	2883.00	2884.00	2884.00	2884.00	2885.00	2885.00	2885.00	2886.00	2886.00	2886.00	2887.00	2887.00	2887.00	2887.00	2888.00	2888.00	2888.00	2888.00	2889.00	2889.00	2889.00	2889.00	2890.00	2890.00	2890.00	2891.00	2891.00	2891.00	2891.00	2891.00	2892.00	2892.00	2892.00	2892.00	2892.00	2893.00	2893.00	2893.00	2893.00	2893.00	2894.00	2894.00	2894.00	2894.00	2894.00	2894.00	2894.00	2894.00	2894.00	2894.00	2894.00	2895.00	2895.00	2895.00	2895.00	2895.00	2895.00	2896.00	2896.00	2896.00	2896.00	2896.00	2896.00	2896.00	2896.00	2897.00	2897.00	2897.00	2897.00	2897.00	2897.00	2897.00	2897.00	2897.00	2897.00	2897.00	2898.00	2898.00	2898.00	2898.00	2898.00	2898.00	2898.00	2899.00	2899.00	2899.00	2899.00	2900.00	2900.00	2900.00	2900.00	2900.00	2901.00	2901.00	2901.00	2901.00	2901.00	2902.00	2902.00	2902.00	2902.00	2903.00	2903.00	2903.00	2903.00	2903.00	2903.00	2904.00	2904.00	2904.00	2904.00	2904.00	2905.00	2905.00	2905.00	2906.00	2906.00	2906.00	2906.00	2907.00	2907.00	2907.00	2907.00	2907.00	2908.00	2908.00	2908.00	2909.00	2909.00	2909.00	2909.00	2909.00	2909.00	2910.00	2910.00	2910.00	2910.00	2910.00	2910.00	2910.00	2911.00	2911.00	2911.00	2911.00	2911.00	2911.00	2911.00	2912.00	2912.00	2912.00	2912.00	2912.00	2912.00	2912.00	2913.00	2913.00	2913.00	2913.00	2913.00	2913.00	2913.00	2913.00	2913.00	2913.00	2913.00	2914.00	2914.00	2914.00	2914.00	2914.00	2914.00	2914.00	2914.00	2914.00	2915.00	2915.00	2915.00	2915.00
2867.00	2867.00	2867.00	2867.00	2867.00	2868.00	2868.00	2868.00	2868.00	2868.00	2868.00	2868.00	2869.00	2869.00	2869.00	2869.00	2869.00	2870.00	2870.00	2870.00	2870.00	2870.00	2870.00	2870.00	2870.00	2870.00	2871.00	2871.00	2871.00	2871.00	2871.00	2871.00	2871.00	2872.00	2872.00	2872.00	2872.00	2872.00	2872.00	2873.00	2873.00	2873.00	2873.00	2873.00	2873.00	2873.00	2874.00	2874.00	2874.00	2874.00	2875.00	2875.00	2875.00	2875.00	2875.00	2876.00	2876.00	2876.00	2877.00	2877.00	2878.00	2878.00	2878.00	2878.00	2879.00	2880.00	2880.00	2880.00	2880.00	2881.00	2881.00	2882.00	2882.00	2882.00	2882.00	2882.00	2883.00	2883.00	2883.00	2884.00	2884.00	2884.00	2885.00	2885.00	2885.00	2886.00	2886.00	2886.00	2887.00	2887.00	2887.00	2887.00	2888.00	2888.00	2888.00	2888.00	2889.00	2889.00	2889.00	2889.00	2890.00	2890.00	2890.00	2891.00	2891.00	2891.00	2891.00	2891.00	2892.00	2892.00	2892.00	2892.00	2892.00	2893.00	2893.00	2893.00	2893.00	2893.00	2894.00	2894.00	2894.00	2894.00	2894.00	2894.00	2894.00	2894.00	2894.00	2894.00	2894.00	2895.00	2895.00	2895.00	2895.00	2895.00	2895.00	2896.00	2896.00	2896.00	2896.00	2896.00	2896.00	2896.00	2896.00	2897.00	2897.00	2897.00	2897.00	2897.00	2897.00	2897.00	2897.00	2897.00	2897.00	2897.00	2898.00	2898.00	2898.00	2898.00	2898.00	2898.00	2898.00	2899.00	2899.00	2899.00	2899.00	2900.00	2900.00	2900.00	2900.00	2900.00	2901.00	2901.00	2901.00	2901.00	2901.00	2902.00	2902.00	2902.00	2902.00	2903.00	2903.00	2903.00	2903.00	2903.00	2903.00	2904.00	2904.00	2904.00	2904.00	2904.00	2905.00	2905.00	2905.00	2906.00	2906.00	2906.00	2906.00	2907.00	2907.00	2907.00	2907.00	2907.00	2908.00	2908.00	2908.00	2909.00	2909.00	2909.00	2909.00	2909.00	2909.00	2910.00	2910.00	2910.00	2910.00	2910.00	2910.00	2910.00	2911.00	2911.00	2911.00	2911.00	2911.00	2911.00	2911.00	2912.00	2912.00	2912.00	2912.00	2912.00	2912.00	2912.00	2913.00	2913.00	2913.00	2913.00	2913.00	2913.00	2913.00	2913.00	2913.00	2913.00	2913.00	2914.00	2914.00	2914.00	2914.00	2914.00	2914.00	2914.00	2914.00	2914.00	2915.00	2915.00	2915.00	2915.00
2867.00	2867.00	2867.00	2867.00	2867.00	2868.00	2868.00	2868.00	2868.00	2868.00	2868.00	2868.00	2869.00	2869.00	2869.00	2869.00	2869.00	2870.00	2870.00	2870.00	2870.00	2870.00	2870.00	2870.00	2870.00	2870.00	2871.00	2871.00	2871.00	2871.00	2871.00	2871.00	2871.00	2872.00	2872.00	2872.00	2872.00	2872.00	2872.00	2873.00	2873.00	2873.00	2873.00	2873.00	2873.00	2873.00	2874.00	2874.00	2874.00	2874.00	2875.00	2875.00	2875.00	2875.00	2875.00	2876.00	2876.00	2876.00	2877.00	2877.00	2878.00	2878.00	2878.00	2878.00	2879.00	2880.00	2880.00	2880.00	2880.00	2881.00	2881.00	2882.00	2882.00	2882.00	2882.00	2882.00	2883.00	2883.00	2883.00	2884.00	2884.00	2884.00	2885.00	2885.00	2885.00	2886.00	2886.00	2886.00	2887.00	2887.00	2887.00	2887.00	2888.00	2888.00	2888.00	2888.00	2889.00	2889.00	2889.00	2889.00	2890.00	2890.00	2890.00	2891.00	2891.00	2891.00	2891.00	2891.00	2892.00	2892.00	2892.00	2892.00	2892.00	2893.00	2893.00	2893.00	2893.00	2893.00	2894.00	2894.00	2894.00	2894.00	2894.00	2894.00	2894.00	2894.00	2894.00	2894.00	2894.00	2895.00	2895.00	2895.00	2895.00	2895.00	2895.00	2896.00	2896.00	2896.00	2896.00	2896.00	2896.00	2896.00	2896.00	2897.00	2897.00	2897.00	2897.00	2897.00	2897.00	2897.00	2897.00	2897.00	2897.00	2897.00	2898.00	2898.00	2898.00	2898.00	2898.00	2898.00	2898.00	2899.00	2899.00	2899.00	2899.00	2900.00	2900.00	2900.00	2900.00	2900.00	2901.00	2901.00	2901.00	2901.00	2901.00	2902.00	2902.00	2902.00	2902.00	2903.00	2903.00	2903.00	2903.00	2903.00	2903.00	2904.00	2904.00	2904.00	2904.00	2904.00	2905.00	2905.00	2905.00	2906.00	2906.00	2906.00	2906.00	2907.00	2907.00	2907.00	2907.00	2907.00	2908.00	2908.00	2908.00	2909.00	2909.00	2909.00	2909.00	2909.00	2909.00	2910.00	2910.00	2910.00	2910.00	2910.00	2910.00	2910.00	2911.00	2911.00	2911.00	2911.00	2911.00	2911.00	2911.00	2912.00	2912.00	2912.00	2912.00	2912.00	2912.00	2912.00	2913.00	2913.00	2913.00	2913.00	2913.00	2913.00	2913.00	2913.00	2913.00	2913.00	2913.00	2914.00	2914.00	2914.00	2914.00	2914.00	2914.00	2914.00	2914.00	2914.00	2915.00	2915.00	2915.00	2915.00
2867.00	2867.00	2867.00	2867.00	2867.00	2868.00	2868.00	2868.00	2868.00	2868.00	2868.00	2868.00	2869.00	2869.00	2869.00	2869.00	2869.00	2870.00	2870.00	2870.00	2870.00	2870.00	2870.00	2870.00	2870.00	2870.00	2871.00	2871.00	2871.00	2871.00	2871.00	2871.00	2871.00	2872.00	2872.00	2872.00	2872.00	2872.00	2872.00	2873.00	2873.00	2873.00	2873.00	2873.00	2873.00	2873.00	2874.00	2874.00	2874.00	2874.00	2875.00	2875.00	2875.00	2875.00	2875.00	2876.00	2876.00	2876.00	2877.00	2877.00	2878.00	2878.00	2878.00	2878.00	2879.00	2880.00	2880.00	2880.00	2880.00	2881.00	2881.00	2882.00	2882.00	2882.00	2882.00	2882.00	2883.00	2883.00	2883.00	2884.00	2884.00	2884.00	2885.00	2885.00	2885.00	2886.00	2886.00	2886.00	2887.00	2887.00	2887.00	2887.00	2888.00	2888.00	2888.00	2888.00	2889.00	2889.00	2889.00	2889.00	2890.00	2890.00	2890.00	2891.00	2891.00	2891.00	2891.00	2891.00	2892.00	2892.00	2892.00	2892.00	2892.00	2893.00	2893.00	2893.00	2893.00	2893.00	2894.00	2894.00	2894.00	2894.00	2894.00	2894.00	2894.00	2894.00	2894.00	2894.00	2894.00	2895.00	2895.00	2895.00	2895.00	2895.00	2895.00	2896.00	2896.00	2896.00	2896.00	2896.00	2896.00	2896.00	2896.00	2897.00	2897.00	2897.00	2897.00	2897.00	2897.00	2897.00	2897.00	2897.00	2897.00	2897.00	2898.00	2898.00	2898.00	2898.00	2898.00	2898.00	2898.00	2899.00	2899.00	2899.00	2899.00	2900.00	2900.00	2900.00	2900.00	2900.00	2901.00	2901.00	2901.00	2901.00	2901.00	2902.00	2902.00	2902.00	2902.00	2903.00	2903.00	2903.00	2903.00	2903.00	2903.00	2904.00	2904.00	2904.00	2904.00	2904.00	2905.00	2905.00	2905.00	2906.00	2906.00	2906.00	2906.00	2907.00	2907.00	2907.00	2907.00	2907.00	2908.00	2908.00	2908.00	2909.00	2909.00	2909.00	2909.00	2909.00	2909.00	2910.00	2910.00	2910.00	2910.00	2910.00	2910.00	2910.00	2911.00	2911.00	2911.00	2911.00	2911.00	2911.00	2911.00	2912.00	2912.00	2912.00	2912.00	2912.00	2912.00	2912.00	2913.00	2913.00	2913.00	2913.00	2913.00	2913.00	2913.00	2913.00	2913.00	2913.00	2913.00	2914.00	2914.00	2914.00	2914.00	2914.00	2914.00	2914.00	2914.00	2914.00	2915.00	2915.00	2915.00	2915.00
2867.00	2867.00	2867.00	2867.00	2867.00	2868.00	2868.00	2868.00	2868.00	2868.00	2868.00	2868.00	2869.00	2869.00	2869.00	2869.00	2869.00	2870.00	2870.00	2870.00	2870.00	2870.00	2870.00	2870.00	2870.00	2870.00	2871.00	2871.00	2871.00	2871.00	2871.00	2871.00	2871.00	2872.00	2872.00	2872.00	2872.00	2872.00	2872.00	2873.00	2873.00	2873.00	2873.00	2873.00	2873.00	2873.00	2874.00	2874.00	2874.00	2874.00	2875.00	2875.00	2875.00	2875.00	2875.00	2876.00	2876.00	2876.00	2877.00	2877.00	2878.00	2878.00	2878.00	2878.00	2879.00	2880.00	2880.00	2880.00	2880.00	2881.00	2881.00	2882.00	2882.00	2882.00	2882.00	2882.00	2883.00	2883.00	2883.00	2884.00	2884.00	2884.00	2885.00	2885.00	2885.00	2886.00	2886.00	2886.00	2887.00	2887.00	2887.00	2887.00	2888.00	2888.00	2888.00	2888.00	2889.00	2889.00	2889.00	2889.00	2890.00	2890.00	2890.00	2891.00	2891.00	2891.00	2891.00	2891.00	2892.00	2892.00	2892.00	2892.00	2892.00	2893.00	2893.00	2893.00	2893.00	2893.00	2894.00	2894.00	2894.00	2894.00	2894.00	2894.00	2894.00	2894.00	2894.00	2894.00	2894.00	2895.00	2895.00	2895.00	2895.00	2895.00	2895.00	2896.00	2896.00	2896.00	2896.00	2896.00	2896.00	2896.00	2896.00	2897.00	2897.00	2897.00	2897.00	2897.00	2897.00	2897.00	2897.00	2897.00	2897.00	2897.00	2898.00	2898.00	2898.00	2898.00	2898.00	2898.00	2898.00	2899.00	2899.00	2899.00	2899.00	2900.00	2900.00	2900.00	2900.00	2900.00	2901.00	2901.00	2901.00	2901.00	2901.00	2902.00	2902.00	2902.00	2902.00	2903.00	2903.00	2903.00	2903.00	2903.00	2903.00	2904.00	2904.00	2904.00	2904.00	2904.00	2905.00	2905.00	2905.00	2906.00	2906.00	2906.00	2906.00	2907.00	2907.00	2907.00	2907.00	2907.00	2908.00	2908.00	2908.00	2909.00	2909.00	2909.00	2909.00	2909.00	2909.00	2910.00	2910.00	2910.00	2910.00	2910.00	2910.00	2910.00	2911.00	2911.00	2911.00	2911.00	2911.00	2911.00	2911.00	2912.00	2912.00	2912.00	2912.00	2912.00	2912.00	2912.00	2913.00	2913.00	2913.00	2913.00	2913.00	2913.00	2913.00	2913.00	2913.00	2913.00	2913.00	2914.00	2914.00	2914.00	2914.00	2914.00	2914.00	2914.00	2914.00	2914.00	2915.00	2915.00	2915.00	2915.00
2867.00	2867.00	2867.00	2867.00	2867.00	2868.00	2868.00	2868.00	2868.00	2868.00	2868.00	2868.00	2869.00	2869.00	2869.00	2869.00	2869.00	2870.00	2870.00	2870.00	2870.00	2870.00	2870.00	2870.00	2870.00	2870.00	2871.00	2871.00	2871.00	2871.00	2871.00	2871.00	2871.00	2872.00	2872.00	2872.00	2872.00	2872.00	2872.00	2873.00	2873.00	2873.00	2873.00	2873.00	2873.00	2873.00	2874.00	2874.00	2874.00	2874.00	2875.00	2875.00	2875.00	2875.00	2875.00	2876.00	2876.00	2876.00	2877.00	2877.00	2878.00	2878.00	2878.00	2878.00	2879.00	2880.00	2880.00	2880.00	2880.00	2881.00	2881.00	2882.00	2882.00	2882.00	2882.00	2882.00	2883.00	2883.00	2883.00	2884.00	2884.00	2884.00	2885.00	2885.00	2885.00	2886.00	2886.00	2886.00	2887.00	2887.00	2887.00	2887.00	2888.00	2888.00	2888.00	2888.00	2889.00	2889.00	2889.00	2889.00	2890.00	2890.00	2890.00	2891.00	2891.00	2891.00	2891.00	2891.00	2892.00	2892.00	2892.00	2892.00	2892.00	2893.00	2893.00	2893.00	2893.00	2893.00	2894.00	2894.00	2894.00	2894.00	2894.00	2894.00	2894.00	2894.00	2894.00	2894.00	2894.00	2895.00	2895.00	2895.00	2895.00	2895.00	2895.00	2896.00	2896.00	2896.00	2896.00	2896.00	2896.00	2896.00	2896.00	2897.00	2897.00	2897.00	2897.00	2897.00	2897.00	2897.00	2897.00	2897.00	2897.00	2897.00	2898.00	2898.00	2898.00	2898.00	2898.00	2898.00	2898.00	2899.00	2899.00	2899.00	2899.00	2900.00	2900.00	2900.00	2900.00	2900.00	2901.00	2901.00	2901.00	2901.00	2901.00	2902.00	2902.00	2902.00	2902.00	2903.00	2903.00	2903.00	2903.00	2903.00	2903.00	2904.00	2904.00	2904.00	2904.00	2904.00	2905.00	2905.00	2905.00	2906.00	2906.00	2906.00	2906.00	2907.00	2907.00	2907.00	2907.00	2907.00	2908.00	2908.00	2908.00	2909.00	2909.00	2909.00	2909.00	2909.00	2909.00	2910.00	2910.00	2910.00	2910.00	2910.00	2910.00	2910.00	2911.00	2911.00	2911.00	2911.00	2911.00	2911.00	2911.00	2912.00	2912.00	2912.00	2912.00	2912.00	2912.00	2912.00	2913.00	2913.00	2913.00	2913.00	2913.00	2913.00	2913.00	2913.00	2913.00	2913.00	2913.00	2914.00	2914.00	2914.00	2914.00	2914.00	2914.00	2914.00	2914.00	2914.00	2915.00	2915.00	2915.00	2915.00
2867.00	2867.00	2867.00	2867.00	2867.00	2868.00	2868.00	2868.00	2868.00	2868.00	2868.00	2868.00	2869.00	2869.00	2869.00	2869.00	2869.00	2870.00	2870.00	2870.00	2870.00	2870.00	2870.00	2870.00	2870.00	2870.00	2871.00	2871.00	2871.00	2871.00	2871.00	2871.00	2871.00	2872.00	2872.00	2872.00	2872.00	2872.00	2872.00	2873.00	2873.00	2873.00	2873.00	2873.00	2873.00	2873.00	2874.00	2874.00	2874.00	2874.00	2875.00	2875.00	2875.00	2875.00	2875.00	2876.00	2876.00	2876.00	2877.00	2877.00	2878.00	2878.00	2878.00	2878.00	2879.00	2880.00	2880.00	2880.00	2880.00	2881.00	2881.00	2882.00	2882.00	2882.00	2882.00	2882.00	2883.00	2883.00	2883.00	2884.00	2884.00	2884.00	2885.00	2885.00	2885.00	2886.00	2886.00	2886.00	2887.00	2887.00	2887.00	2887.00	2888.00	2888.00	2888.00	2888.00	2889.00	2889.00	2889.00	2889.00	2890.00	2890.00	2890.00	2891.00	2891.00	2891.00	2891.00	2891.00	2892.00	2892.00	2892.00	2892.00	2892.00	2893.00	2893.00	2893.00	2893.00	2893.00	2894.00	2894.00	2894.00	2894.00	2894.00	2894.00	2894.00	2894.00	2894.00	2894.00	2894.00	2895.00	2895.00	2895.00	2895.00	2895.00	2895.00	2896.00	2896.00	2896.00	2896.00	2896.00	2896.00	2896.00	2896.00	2897.00	2897.00	2897.00	2897.00	2897.00	2897.00	2897.00	2897.00	2897.00	2897.00	2897.00	2898.00	2898.00	2898.00	2898.00	2898.00	2898.00	2898.00	2899.00	2899.00	2899.00	2899.00	2900.00	2900.00	2900.00	2900.00	2900.00	2901.00	2901.00	2901.00	2901.00	2901.00	2902.00	2902.00	2902.00	2902.00	2903.00	2903.00	2903.00	2903.00	2903.00	2903.00	2904.00	2904.00	2904.00	2904.00	2904.00	2905.00	2905.00	2905.00	2906.00	2906.00	2906.00	2906.00	2907.00	2907.00	2907.00	2907.00	2907.00	2908.00	2908.00	2908.00	2909.00	2909.00	2909.00	2909.00	2909.00	2909.00	2910.00	2910.00	2910.00	2910.00	2910.00	2910.00	2910.00	2911.00	2911.00	2911.00	2911.00	2911.00	2911.00	2911.00	2912.00	2912.00	2912.00	2912.00	2912.00	2912.00	2912.00	2913.00	2913.00	2913.00	2913.00	2913.00	2913.00	2913.00	2913.00	2913.00	2913.00	2913.00	2914.00	2914.00	2914.00	2914.00	2914.00	2914.00	2914.00	2914.00	2914.00	2915.00	2915.00	2915.00	2915.00
2867.00	2867.00	2867.00	2867.00	2867.00	2868.00	2868.00	2868.00	2868.00	2868.00	2868.00	2868.00	2869.00	2869.00	2869.00	2869.00	2869.00	2870.00	2870.00	2870.00	2870.00	2870.00	2870.00	2870.00	2870.00	2870.00	2871.00	2871.00	2871.00	2871.00	2871.00	2871.00	2871.00	2872.00	2872.00	2872.00	2872.00	2872.00	2872.00	2873.00	2873.00	2873.00	2873.00	2873.00	2873.00	2873.00	2874.00	2874.00	2874.00	2874.00	2875.00	2875.00	2875.00	2875.00	2875.00	2876.00	2876.00	2876.00	2877.00	2877.00	2878.00	2878.00	2878.00	2878.00	2879.00	2880.00	2880.00	2880.00	2880.00	2881.00	2881.00	2882.00	2882.00	2882.00	2882.00	2882.00	2883.00	2883.00	2883.00	2884.00	2884.00	2884.00	2885.00	2885.00	2885.00	2886.00	2886.00	2886.00	2887.00	2887.00	2887.00	2887.00	2888.00	2888.00	2888.00	2888.00	2889.00	2889.00	2889.00	2889.00	2890.00	2890.00	2890.00	2891.00	2891.00	2891.00	2891.00	2891.00	2892.00	2892.00	2892.00	2892.00	2892.00	2893.00	2893.00	2893.00	2893.00	2893.00	2894.00	2894.00	2894.00	2894.00	2894.00	2894.00	2894.00	2894.00	2894.00	2894.00	2894.00	2895.00	2895.00	2895.00	2895.00	2895.00	2895.00	2896.00	2896.00	2896.00	2896.00	2896.00	2896.00	2896.00	2896.00	2897.00	2897.00	2897.00	2897.00	2897.00	2897.00	2897.00	2897.00	2897.00	2897.00	2897.00	2898.00	2898.00	2898.00	2898.00	2898.00	2898.00	2898.00	2899.00	2899.00	2899.00	2899.00	2900.00	2900.00	2900.00	2900.00	2900.00	2901.00	2901.00	2901.00	2901.00	2901.00	2902.00	2902.00	2902.00	2902.00	2903.00	2903.00	2903.00	2903.00	2903.00	2903.00	2904.00	2904.00	2904.00	2904.00	2904.00	2905.00	2905.00	2905.00	2906.00	2906.00	2906.00	2906.00	2907.00	2907.00	2907.00	2907.00	2907.00	2908.00	2908.00	2908.00	2909.00	2909.00	2909.00	2909.00	2909.00	2909.00	2910.00	2910.00	2910.00	2910.00	2910.00	2910.00	2910.00	2911.00	2911.00	2911.00	2911.00	2911.00	2911.00	2911.00	2912.00	2912.00	2912.00	2912.00	2912.00	2912.00	2912.00	2913.00	2913.00	2913.00	2913.00	2913.00	2913.00	2913.00	2913.00	2913.00	2913.00	2913.00	2914.00	2914.00	2914.00	2914.00	2914.00	2914.00	2914.00	2914.00	2914.00	2915.00	2915.00	2915.00	2915.00
2867.00	2867.00	2867.00	2867.00	2867.00	2868.00	2868.00	2868.00	2868.00	2868.00	2868.00	2868.00	2869.00	2869.00	2869.00	2869.00	2869.00	2870.00	2870.00	2870.00	2870.00	2870.00	2870.00	2870.00	2870.00	2870.00	2871.00	2871.00	2871.00	2871.00	2871.00	2871.00	2871.00	2872.00	2872.00	2872.00	2872.00	2872.00	2872.00	2873.00	2873.00	2873.00	2873.00	2873.00	2873.00	2873.00	2874.00	2874.00	2874.00	2874.00	2875.00	2875.00	2875.00	2875.00	2875.00	2876.00	2876.00	2876.00	2877.00	2877.00	2878.00	2878.00	2878.00	2878.00	2879.00	2880.00	2880.00	2880.00	2880.00	2881.00	2881.00	2882.00	2882.00	2882.00	2882.00	2882.00	2883.00	2883.00	2883.00	2884.00	2884.00	2884.00	2885.00	2885.00	2885.00	2886.00	2886.00	2886.00	2887.00	2887.00	2887.00	2887.00	2888.00	2888.00	2888.00	2888.00	2889.00	2889.00	2889.00	2889.00	2890.00	2890.00	2890.00	2891.00	2891.00	2891.00	2891.00	2891.00	2892.00	2892.00	2892.00	2892.00	2892.00	2893.00	2893.00	2893.00	2893.00	2893.00	2894.00	2894.00	2894.00	2894.00	2894.00	2894.00	2894.00	2894.00	2894.00	2894.00	2894.00	2895.00	2895.00	2895.00	2895.00	2895.00	2895.00	2896.00	2896.00	2896.00	2896.00	2896.00	2896.00	2896.00	2896.00	2897.00	2897.00	2897.00	2897.00	2897.00	2897.00	2897.00	2897.00	2897.00	2897.00	2897.00	2898.00	2898.00	2898.00	2898.00	2898.00	2898.00	2898.00	2899.00	2899.00	2899.00	2899.00	2900.00	2900.00	2900.00	2900.00	2900.00	2901.00	2901.00	2901.00	2901.00	2901.00	2902.00	2902.00	2902.00	2902.00	2903.00	2903.00	2903.00	2903.00	2903.00	2903.00	2904.00	2904.00	2904.00	2904.00	2904.00	2905.00	2905.00	2905.00	2906.00	2906.00	2906.00	2906.00	2907.00	2907.00	2907.00	2907.00	2907.00	2908.00	2908.00	2908.00	2909.00	2909.00	2909.00	2909.00	2909.00	2909.00	2910.00	2910.00	2910.00	2910.00	2910.00	2910.00	2910.00	2911.00	2911.00	2911.00	2911.00	2911.00	2911.00	2911.00	2912.00	2912.00	2912.00	2912.00	2912.00	2912.00	2912.00	2913.00	2913.00	2913.00	2913.00	2913.00	2913.00	2913.00	2913.00	2913.00	2913.00	2913.00	2914.00	2914.00	2914.00	2914.00	2914.00	2914.00	2914.00	2914.00	2914.00	2915.00	2915.00	2915.00	2915.00
2866.00	2867.00	2867.00	2867.00	2867.00	2867.00	2867.00	2867.00	2867.00	2867.00	2867.00	2867.00	2867.00	2867.00	2868.00	2868.00	2868.00	2868.00	2868.00	2869.00	2869.00	2869.00	2869.00	2869.00	2869.00	2869.00	2869.00	2869.00	2870.00	2870.00	2870.00	2870.00	2870.00	2870.00	2870.00	2871.00	2871.00	2871.00	2871.00	2872.00	2872.00	2872.00	2872.00	2872.00	2873.00	2873.00	2873.00	2873.00	2873.00	2874.00	2874.00	2874.00	2874.00	2875.00	2875.00	2875.00	2876.00	2876.00	2876.00	2876.00	2877.00	2877.00	2877.00	2877.00	2878.00	2878.00	2878.00	2879.00	2879.00	2879.00	2880.00	2880.00	2880.00	2881.00	2881.00	2881.00	2881.00	2881.00	2882.00	2882.00	2882.00	2883.00	2883.00	2884.00	2884.00	2884.00	2884.00	2884.00	2885.00	2885.00	2885.00	2886.00	2886.00	2886.00	2887.00	2887.00	2887.00	2887.00	2887.00	2888.00	2888.00	2888.00	2889.00	2889.00	2889.00	2889.00	2889.00	2889.00	2890.00	2890.00	2890.00	2890.00	2890.00	2891.00	2891.00	2891.00	2891.00	2892.00	2892.00	2892.00	2892.00	2892.00	2893.00	2893.00	2893.00	2893.00	2893.00	2893.00	2893.00	2893.00	2893.00	2894.00	2894.00	2894.00	2894.00	2894.00	2894.00	2894.00	2894.00	2894.00	2895.00	2895.00	2895.00	2895.00	2895.00	2895.00	2895.00	2896.00	2896.00	2896.00	2896.00	2896.00	2896.00	2896.00	2897.00	2897.00	2897.00	2897.00	2897.00	2898.00	2898.00	2898.00	2898.00	2898.00	2899.00	2899.00	2899.00	2899.00	2899.00	2899.00	2900.00	2900.00	2900.00	2900.00	2900.00	2900.00	2901.00	2901.00	2901.00	2901.00	2901.00	2902.00	2902.00	2902.00	2902.00	2903.00	2903.00	2903.00	2904.00	2904.00	2904.00	2904.00	2904.00	2905.00	2905.00	2905.00	2905.00	2906.00	2906.00	2906.00	2906.00	2906.00	2907.00	2907.00	2907.00	2908.00	2908.00	2908.00	2908.00	2909.00	2909.00	2909.00	2909.00	2909.00	2909.00	2909.00	2909.00	2910.00	2910.00	2910.00	2910.00	2910.00	2910.00	2911.00	2911.00	2911.00	2911.00	2911.00	2911.00	2911.00	2911.00	2911.00	2912.00	2912.00	2912.00	2912.00	2912.00	2913.00	2913.00	2913.00	2913.00	2913.00	2913.00	2913.00	2913.00	2913.00	2914.00	2914.00	2914.00	2914.00	2914.00	2914.00	2914.00	2914.00	2914.00	2915.00
2866.00	2867.00	2867.00	2867.00	2867.00	2867.00	2867.00	2867.00	2867.00	2867.00	2867.00	2867.00	2867.00	2867.00	2868.00	2868.00	2868.00	2868.00	2868.00	2869.00	2869.00	2869.00	2869.00	2869.00	2869.00	2869.00	2869.00	2869.00	2870.00	2870.00	2870.00	2870.00	2870.00	2870.00	2870.00	2871.00	2871.00	2871.00	2871.00	2872.00	2872.00	2872.00	2872.00	2872.00	2873.00	2873.00	2873.00	2873.00	2873.00	2874.00	2874.00	2874.00	2874.00	2875.00	2875.00	2875.00	2876.00	2876.00	2876.00	2876.00	2877.00	2877.00	2877.00	2877.00	2878.00	2878.00	2878.00	2879.00	2879.00	2879.00	2880.00	2880.00	2880.00	2881.00	2881.00	2881.00	2881.00	2881.00	2882.00	2882.00	2882.00	2883.00	2883.00	2884.00	2884.00	2884.00	2884.00	2884.00	2885.00	2885.00	2885.00	2886.00	2886.00	2886.00	2887.00	2887.00	2887.00	2887.00	2887.00	2888.00	2888.00	2888.00	2889.00	2889.00	2889.00	2889.00	2889.00	2889.00	2890.00	2890.00	2890.00	2890.00	2890.00	2891.00	2891.00	2891.00	2891.00	2892.00	2892.00	2892.00	2892.00	2892.00	2893.00	2893.00	2893.00	2893.00	2893.00	2893.00	2893.00	2893.00	2893.00	2894.00	2894.00	2894.00	2894.00	2894.00	2894.00	2894.00	2894.00	2894.00	2895.00	2895.00	2895.00	2895.00	2895.00	2895.00	2895.00	2896.00	2896.00	2896.00	2896.00	2896.00	2896.00	2896.00	2897.00	2897.00	2897.00	2897.00	2897.00	2898.00	2898.00	2898.00	2898.00	2898.00	2899.00	2899.00	2899.00	2899.00	2899.00	2899.00	2900.00	2900.00	2900.00	2900.00	2900.00	2900.00	2901.00	2901.00	2901.00	2901.00	2901.00	2902.00	2902.00	2902.00	2902.00	2903.00	2903.00	2903.00	2904.00	2904.00	2904.00	2904.00	2904.00	2905.00	2905.00	2905.00	2905.00	2906.00	2906.00	2906.00	2906.00	2906.00	2907.00	2907.00	2907.00	2908.00	2908.00	2908.00	2908.00	2909.00	2909.00	2909.00	2909.00	2909.00	2909.00	2909.00	2909.00	2910.00	2910.00	2910.00	2910.00	2910.00	2910.00	2911.00	2911.00	2911.00	2911.00	2911.00	2911.00	2911.00	2911.00	2911.00	2912.00	2912.00	2912.00	2912.00	2912.00	2913.00	2913.00	2913.00	2913.00	2913.00	2913.00	2913.00	2913.00	2913.00	2914.00	2914.00	2914.00	2914.00	2914.00	2914.00	2914.00	2914.00	2914.00	2915.00
2866.00	2867.00	2867.00	2867.00	2867.00	2867.00	2867.00	2867.00	2867.00	2867.00	2867.00	2867.00	2867.00	2867.00	2868.00	2868.00	2868.00	2868.00	2868.00	2869.00	2869.00	2869.00	2869.00	2869.00	2869.00	2869.00	2869.00	2869.00	2870.00	2870.00	2870.00	2870.00	2870.00	2870.00	2870.00	2871.00	2871.00	2871.00	2871.00	2872.00	2872.00	2872.00	2872.00	2872.00	2873.00	2873.00	2873.00	2873.00	2873.00	2874.00	2874.00	2874.00	2874.00	2875.00	2875.00	2875.00	2876.00	2876.00	2876.00	2876.00	2877.00	2877.00	2877.00	2877.00	2878.00	2878.00	2878.00	2879.00	2879.00	2879.00	2880.00	2880.00	2880.00	2881.00	2881.00	2881.00	2881.00	2881.00	2882.00	2882.00	2882.00	2883.00	2883.00	2884.00	2884.00	2884.00	2884.00	2884.00	2885.00	2885.00	2885.00	2886.00	2886.00	2886.00	2887.00	2887.00	2887.00	2887.00	2887.00	2888.00	2888.00	2888.00	2889.00	2889.00	2889.00	2889.00	2889.00	2889.00	2890.00	2890.00	2890.00	2890.00	2890.00	2891.00	2891.00	2891.00	2891.00	2892.00	2892.00	2892.00	2892.00	2892.00	2893.00	2893.00	2893.00	2893.00	2893.00	2893.00	2893.00	2893.00	2893.00	2894.00	2894.00	2894.00	2894.00	2894.00	2894.00	2894.00	2894.00	2894.00	2895.00	2895.00	2895.00	2895.00	2895.00	2895.00	2895.00	2896.00	2896.00	2896.00	2896.00	2896.00	2896.00	2896.00	2897.00	2897.00	2897.00	2897.00	2897.00	2898.00	2898.00	2898.00	2898.00	2898.00	2899.00	2899.00	2899.00	2899.00	2899.00	2899.00	2900.00	2900.00	2900.00	2900.00	2900.00	2900.00	2901.00	2901.00	2901.00	2901.00	2901.00	2902.00	2902.00	2902.00	2902.00	2903.00	2903.00	2903.00	2904.00	2904.00	2904.00	2904.00	2904.00	2905.00	2905.00	2905.00	2905.00	2906.00	2906.00	2906.00	2906.00	2906.00	2907.00	2907.00	2907.00	2908.00	2908.00	2908.00	2908.00	2909.00	2909.00	2909.00	2909.00	2909.00	2909.00	2909.00	2909.00	2910.00	2910.00	2910.00	2910.00	2910.00	2910.00	2911.00	2911.00	2911.00	2911.00	2911.00	2911.00	2911.00	2911.00	2911.00	2912.00	2912.00	2912.00	2912.00	2912.00	2913.00	2913.00	2913.00	2913.00	2913.00	2913.00	2913.00	2913.00	2913.00	2914.00	2914.00	2914.00	2914.00	2914.00	2914.00	2914.00	2914.00	2914.00	2915.00
2866.00	2867.00	2867.00	2867.00	2867.00	2867.00	2867.00	2867.00	2867.00	2867.00	2867.00	2867.00	2867.00	2867.00	2868.00	2868.00	2868.00	2868.00	2868.00	2869.00	2869.00	2869.00	2869.00	2869.00	2869.00	2869.00	2869.00	2869.00	2870.00	2870.00	2870.00	2870.00	2870.00	2870.00	2870.00	2871.00	2871.00	2871.00	2871.00	2872.00	2872.00	2872.00	2872.00	2872.00	2873.00	2873.00	2873.00	2873.00	2873.00	2874.00	2874.00	2874.00	2874.00	2875.00	2875.00	2875.00	2876.00	2876.00	2876.00	2876.00	2877.00	2877.00	2877.00	2877.00	2878.00	2878.00	2878.00	2879.00	2879.00	2879.00	2880.00	2880.00	2880.00	2881.00	2881.00	2881.00	2881.00	2881.00	2882.00	2882.00	2882.00	2883.00	2883.00	2884.00	2884.00	2884.00	2884.00	2884.00	2885.00	2885.00	2885.00	2886.00	2886.00	2886.00	2887.00	2887.00	2887.00	2887.00	2887.00	2888.00	2888.00	2888.00	2889.00	2889.00	2889.00	2889.00	2889.00	2889.00	2890.00	2890.00	2890.00	2890.00	2890.00	2891.00	2891.00	2891.00	2891.00	2892.00	2892.00	2892.00	2892.00	2892.00	2893.00	2893.00	2893.00	2893.00	2893.00	2893.00	2893.00	2893.00	2893.00	2894.00	2894.00	2894.00	2894.00	2894.00	2894.00	2894.00	2894.00	2894.00	2895.00	2895.00	2895.00	2895.00	2895.00	2895.00	2895.00	2896.00	2896.00	2896.00	2896.00	2896.00	2896.00	2896.00	2897.00	2897.00	2897.00	2897.00	2897.00	2898.00	2898.00	2898.00	2898.00	2898.00	2899.00	2899.00	2899.00	2899.00	2899.00	2899.00	2900.00	2900.00	2900.00	2900.00	2900.00	2900.00	2901.00	2901.00	2901.00	2901.00	2901.00	2902.00	2902.00	2902.00	2902.00	2903.00	2903.00	2903.00	2904.00	2904.00	2904.00	2904.00	2904.00	2905.00	2905.00	2905.00	2905.00	2906.00	2906.00	2906.00	2906.00	2906.00	2907.00	2907.00	2907.00	2908.00	2908.00	2908.00	2908.00	2909.00	2909.00	2909.00	2909.00	2909.00	2909.00	2909.00	2909.00	2910.00	2910.00	2910.00	2910.00	2910.00	2910.00	2911.00	2911.00	2911.00	2911.00	2911.00	2911.00	2911.00	2911.00	2911.00	2912.00	2912.00	2912.00	2912.00	2912.00	2913.00	2913.00	2913.00	2913.00	2913.00	2913.00	2913.00	2913.00	2913.00	2914.00	2914.00	2914.00	2914.00	2914.00	2914.00	2914.00	2914.00	2914.00	2915.00
2866.00	2867.00	2867.00	2867.00	2867.00	2867.00	2867.00	2867.00	2867.00	2867.00	2867.00	2867.00	2867.00	2867.00	2868.00	2868.00	2868.00	2868.00	2868.00	2869.00	2869.00	2869.00	2869.00	2869.00	2869.00	2869.00	2869.00	2869.00	2870.00	2870.00	2870.00	2870.00	2870.00	2870.00	2870.00	2871.00	2871.00	2871.00	2871.00	2872.00	2872.00	2872.00	2872.00	2872.00	2873.00	2873.00	2873.00	2873.00	2873.00	2874.00	2874.00	2874.00	2874.00	2875.00	2875.00	2875.00	2876.00	2876.00	2876.00	2876.00	2877.00	2877.00	2877.00	2877.00	2878.00	2878.00	2878.00	2879.00	2879.00	2879.00	2880.00	2880.00	2880.00	2881.00	2881.00	2881.00	2881.00	2881.00	2882.00	2882.00	2882.00	2883.00	2883.00	2884.00	2884.00	2884.00	2884.00	2884.00	2885.00	2885.00	2885.00	2886.00	2886.00	2886.00	2887.00	2887.00	2887.00	2887.00	2887.00	2888.00	2888.00	2888.00	2889.00	2889.00	2889.00	2889.00	2889.00	2889.00	2890.00	2890.00	2890.00	2890.00	2890.00	2891.00	2891.00	2891.00	2891.00	2892.00	2892.00	2892.00	2892.00	2892.00	2893.00	2893.00	2893.00	2893.00	2893.00	2893.00	2893.00	2893.00	2893.00	2894.00	2894.00	2894.00	2894.00	2894.00	2894.00	2894.00	2894.00	2894.00	2895.00	2895.00	2895.00	2895.00	2895.00	2895.00	2895.00	2896.00	2896.00	2896.00	2896.00	2896.00	2896.00	2896.00	2897.00	2897.00	2897.00	2897.00	2897.00	2898.00	2898.00	2898.00	2898.00	2898.00	2899.00	2899.00	2899.00	2899.00	2899.00	2899.00	2900.00	2900.00	2900.00	2900.00	2900.00	2900.00	2901.00	2901.00	2901.00	2901.00	2901.00	2902.00	2902.00	2902.00	2902.00	2903.00	2903.00	2903.00	2904.00	2904.00	2904.00	2904.00	2904.00	2905.00	2905.00	2905.00	2905.00	2906.00	2906.00	2906.00	2906.00	2906.00	2907.00	2907.00	2907.00	2908.00	2908.00	2908.00	2908.00	2909.00	2909.00	2909.00	2909.00	2909.00	2909.00	2909.00	2909.00	2910.00	2910.00	2910.00	2910.00	2910.00	2910.00	2911.00	2911.00	2911.00	2911.00	2911.00	2911.00	2911.00	2911.00	2911.00	2912.00	2912.00	2912.00	2912.00	2912.00	2913.00	2913.00	2913.00	2913.00	2913.00	2913.00	2913.00	2913.00	2913.00	2914.00	2914.00	2914.00	2914.00	2914.00	2914.00	2914.00	2914.00	2914.00	2915.00
2866.00	2867.00	2867.00	2867.00	2867.00	2867.00	2867.00	2867.00	2867.00	2867.00	2867.00	2867.00	2867.00	2867.00	2868.00	2868.00	2868.00	2868.00	2868.00	2869.00	2869.00	2869.00	2869.00	2869.00	2869.00	2869.00	2869.00	2869.00	2870.00	2870.00	2870.00	2870.00	2870.00	2870.00	2870.00	2871.00	2871.00	2871.00	2871.00	2872.00	2872.00	2872.00	2872.00	2872.00	2873.00	2873.00	2873.00	2873.00	2873.00	2874.00	2874.00	2874.00	2874.00	2875.00	2875.00	2875.00	2876.00	2876.00	2876.00	2876.00	2877.00	2877.00	2877.00	2877.00	2878.00	2878.00	2878.00	2879.00	2879.00	2879.00	2880.00	2880.00	2880.00	2881.00	2881.00	2881.00	2881.00	2881.00	2882.00	2882.00	2882.00	2883.00	2883.00	2884.00	2884.00	2884.00	2884.00	2884.00	2885.00	2885.00	2885.00	2886.00	2886.00	2886.00	2887.00	2887.00	2887.00	2887.00	2887.00	2888.00	2888.00	2888.00	2889.00	2889.00	2889.00	2889.00	2889.00	2889.00	2890.00	2890.00	2890.00	2890.00	2890.00	2891.00	2891.00	2891.00	2891.00	2892.00	2892.00	2892.00	2892.00	2892.00	2893.00	2893.00	2893.00	2893.00	2893.00	2893.00	2893.00	2893.00	2893.00	2894.00	2894.00	2894.00	2894.00	2894.00	2894.00	2894.00	2894.00	2894.00	2895.00	2895.00	2895.00	2895.00	2895.00	2895.00	2895.00	2896.00	2896.00	2896.00	2896.00	2896.00	2896.00	2896.00	2897.00	2897.00	2897.00	2897.00	2897.00	2898.00	2898.00	2898.00	2898.00	2898.00	2899.00	2899.00	2899.00	2899.00	2899.00	2899.00	2900.00	2900.00	2900.00	2900.00	2900.00	2900.00	2901.00	2901.00	2901.00	2901.00	2901.00	2902.00	2902.00	2902.00	2902.00	2903.00	2903.00	2903.00	2904.00	2904.00	2904.00	2904.00	2904.00	2905.00	2905.00	2905.00	2905.00	2906.00	2906.00	2906.00	2906.00	2906.00	2907.00	2907.00	2907.00	2908.00	2908.00	2908.00	2908.00	2909.00	2909.00	2909.00	2909.00	2909.00	2909.00	2909.00	2909.00	2910.00	2910.00	2910.00	2910.00	2910.00	2910.00	2911.00	2911.00	2911.00	2911.00	2911.00	2911.00	2911.00	2911.00	2911.00	2912.00	2912.00	2912.00	2912.00	2912.00	2913.00	2913.00	2913.00	2913.00	2913.00	2913.00	2913.00	2913.00	2913.00	2914.00	2914.00	2914.00	2914.00	2914.00	2914.00	2914.00	2914.00	2914.00	2915.00
2866.00	2867.00	2867.00	2867.00	2867.00	2867.00	2867.00	2867.00	2867.00	2867.00	2867.00	2867.00	2867.00	2867.00	2868.00	2868.00	2868.00	2868.00	2868.00	2869.00	2869.00	2869.00	2869.00	2869.00	2869.00	2869.00	2869.00	2869.00	2870.00	2870.00	2870.00	2870.00	2870.00	2870.00	2870.00	2871.00	2871.00	2871.00	2871.00	2872.00	2872.00	2872.00	2872.00	2872.00	2873.00	2873.00	2873.00	2873.00	2873.00	2874.00	2874.00	2874.00	2874.00	2875.00	2875.00	2875.00	2876.00	2876.00	2876.00	2876.00	2877.00	2877.00	2877.00	2877.00	2878.00	2878.00	2878.00	2879.00	2879.00	2879.00	2880.00	2880.00	2880.00	2881.00	2881.00	2881.00	2881.00	2881.00	2882.00	2882.00	2882.00	2883.00	2883.00	2884.00	2884.00	2884.00	2884.00	2884.00	2885.00	2885.00	2885.00	2886.00	2886.00	2886.00	2887.00	2887.00	2887.00	2887.00	2887.00	2888.00	2888.00	2888.00	2889.00	2889.00	2889.00	2889.00	2889.00	2889.00	2890.00	2890.00	2890.00	2890.00	2890.00	2891.00	2891.00	2891.00	2891.00	2892.00	2892.00	2892.00	2892.00	2892.00	2893.00	2893.00	2893.00	2893.00	2893.00	2893.00	2893.00	2893.00	2893.00	2894.00	2894.00	2894.00	2894.00	2894.00	2894.00	2894.00	2894.00	2894.00	2895.00	2895.00	2895.00	2895.00	2895.00	2895.00	2895.00	2896.00	2896.00	2896.00	2896.00	2896.00	2896.00	2896.00	2897.00	2897.00	2897.00	2897.00	2897.00	2898.00	2898.00	2898.00	2898.00	2898.00	2899.00	2899.00	2899.00	2899.00	2899.00	2899.00	2900.00	2900.00	2900.00	2900.00	2900.00	2900.00	2901.00	2901.00	2901.00	2901.00	2901.00	2902.00	2902.00	2902.00	2902.00	2903.00	2903.00	2903.00	2904.00	2904.00	2904.00	2904.00	2904.00	2905.00	2905.00	2905.00	2905.00	2906.00	2906.00	2906.00	2906.00	2906.00	2907.00	2907.00	2907.00	2908.00	2908.00	2908.00	2908.00	2909.00	2909.00	2909.00	2909.00	2909.00	2909.00	2909.00	2909.00	2910.00	2910.00	2910.00	2910.00	2910.00	2910.00	2911.00	2911.00	2911.00	2911.00	2911.00	2911.00	2911.00	2911.00	2911.00	2912.00	2912.00	2912.00	2912.00	2912.00	2913.00	2913.00	2913.00	2913.00	2913.00	2913.00	2913.00	2913.00	2913.00	2914.00	2914.00	2914.00	2914.00	2914.00	2914.00	2914.00	2914.00	2914.00	2915.00
2866.00	2867.00	2867.00	2867.00	2867.00	2867.00	2867.00	2867.00	2867.00	2867.00	2867.00	2867.00	2867.00	2867.00	2868.00	2868.00	2868.00	2868.00	2868.00	2869.00	2869.00	2869.00	2869.00	2869.00	2869.00	2869.00	2869.00	2869.00	2870.00	2870.00	2870.00	2870.00	2870.00	2870.00	2870.00	2871.00	2871.00	2871.00	2871.00	2872.00	2872.00	2872.00	2872.00	2872.00	2873.00	2873.00	2873.00	2873.00	2873.00	2874.00	2874.00	2874.00	2874.00	2875.00	2875.00	2875.00	2876.00	2876.00	2876.00	2876.00	2877.00	2877.00	2877.00	2877.00	2878.00	2878.00	2878.00	2879.00	2879.00	2879.00	2880.00	2880.00	2880.00	2881.00	2881.00	2881.00	2881.00	2881.00	2882.00	2882.00	2882.00	2883.00	2883.00	2884.00	2884.00	2884.00	2884.00	2884.00	2885.00	2885.00	2885.00	2886.00	2886.00	2886.00	2887.00	2887.00	2887.00	2887.00	2887.00	2888.00	2888.00	2888.00	2889.00	2889.00	2889.00	2889.00	2889.00	2889.00	2890.00	2890.00	2890.00	2890.00	2890.00	2891.00	2891.00	2891.00	2891.00	2892.00	2892.00	2892.00	2892.00	2892.00	2893.00	2893.00	2893.00	2893.00	2893.00	2893.00	2893.00	2893.00	2893.00	2894.00	2894.00	2894.00	2894.00	2894.00	2894.00	2894.00	2894.00	2894.00	2895.00	2895.00	2895.00	2895.00	2895.00	2895.00	2895.00	2896.00	2896.00	2896.00	2896.00	2896.00	2896.00	2896.00	2897.00	2897.00	2897.00	2897.00	2897.00	2898.00	2898.00	2898.00	2898.00	2898.00	2899.00	2899.00	2899.00	2899.00	2899.00	2899.00	2900.00	2900.00	2900.00	2900.00	2900.00	2900.00	2901.00	2901.00	2901.00	2901.00	2901.00	2902.00	2902.00	2902.00	2902.00	2903.00	2903.00	2903.00	2904.00	2904.00	2904.00	2904.00	2904.00	2905.00	2905.00	2905.00	2905.00	2906.00	2906.00	2906.00	2906.00	2906.00	2907.00	2907.00	2907.00	2908.00	2908.00	2908.00	2908.00	2909.00	2909.00	2909.00	2909.00	2909.00	2909.00	2909.00	2909.00	2910.00	2910.00	2910.00	2910.00	2910.00	2910.00	2911.00	2911.00	2911.00	2911.00	2911.00	2911.00	2911.00	2911.00	2911.00	2912.00	2912.00	2912.00	2912.00	2912.00	2913.00	2913.00	2913.00	2913.00	2913.00	2913.00	2913.00	2913.00	2913.00	2914.00	2914.00	2914.00	2914.00	2914.00	2914.00	2914.00	2914.00	2914.00	2915.00
2866.00	2867.00	2867.00	2867.00	2867.00	2867.00	2867.00	2867.00	2867.00	2867.00	2867.00	2867.00	2867.00	2867.00	2868.00	2868.00	2868.00	2868.00	2868.00	2869.00	2869.00	2869.00	2869.00	2869.00	2869.00	2869.00	2869.00	2869.00	2870.00	2870.00	2870.00	2870.00	2870.00	2870.00	2870.00	2871.00	2871.00	2871.00	2871.00	2872.00	2872.00	2872.00	2872.00	2872.00	2873.00	2873.00	2873.00	2873.00	2873.00	2874.00	2874.00	2874.00	2874.00	2875.00	2875.00	2875.00	2876.00	2876.00	2876.00	2876.00	2877.00	2877.00	2877.00	2877.00	2878.00	2878.00	2878.00	2879.00	2879.00	2879.00	2880.00	2880.00	2880.00	2881.00	2881.00	2881.00	2881.00	2881.00	2882.00	2882.00	2882.00	2883.00	2883.00	2884.00	2884.00	2884.00	2884.00	2884.00	2885.00	2885.00	2885.00	2886.00	2886.00	2886.00	2887.00	2887.00	2887.00	2887.00	2887.00	2888.00	2888.00	2888.00	2889.00	2889.00	2889.00	2889.00	2889.00	2889.00	2890.00	2890.00	2890.00	2890.00	2890.00	2891.00	2891.00	2891.00	2891.00	2892.00	2892.00	2892.00	2892.00	2892.00	2893.00	2893.00	2893.00	2893.00	2893.00	2893.00	2893.00	2893.00	2893.00	2894.00	2894.00	2894.00	2894.00	2894.00	2894.00	2894.00	2894.00	2894.00	2895.00	2895.00	2895.00	2895.00	2895.00	2895.00	2895.00	2896.00	2896.00	2896.00	2896.00	2896.00	2896.00	2896.00	2897.00	2897.00	2897.00	2897.00	2897.00	2898.00	2898.00	2898.00	2898.00	2898.00	2899.00	2899.00	2899.00	2899.00	2899.00	2899.00	2900.00	2900.00	2900.00	2900.00	2900.00	2900.00	2901.00	2901.00	2901.00	2901.00	2901.00	2902.00	2902.00	2902.00	2902.00	2903.00	2903.00	2903.00	2904.00	2904.00	2904.00	2904.00	2904.00	2905.00	2905.00	2905.00	2905.00	2906.00	2906.00	2906.00	2906.00	2906.00	2907.00	2907.00	2907.00	2908.00	2908.00	2908.00	2908.00	2909.00	2909.00	2909.00	2909.00	2909.00	2909.00	2909.00	2909.00	2910.00	2910.00	2910.00	2910.00	2910.00	2910.00	2911.00	2911.00	2911.00	2911.00	2911.00	2911.00	2911.00	2911.00	2911.00	2912.00	2912.00	2912.00	2912.00	2912.00	2913.00	2913.00	2913.00	2913.00	2913.00	2913.00	2913.00	2913.00	2913.00	2914.00	2914.00	2914.00	2914.00	2914.00	2914.00	2914.00	2914.00	2914.00	2915.00
2865.00	2865.00	2865.00	2866.00	2866.00	2866.00	2866.00	2866.00	2866.00	2866.00	2867.00	2867.00	2867.00	2867.00	2867.00	2867.00	2867.00	2867.00	2867.00	2868.00	2868.00	2868.00	2868.00	2868.00	2868.00	2868.00	2869.00	2869.00	2869.00	2869.00	2869.00	2869.00	2870.00	2870.00	2870.00	2870.00	2870.00	2871.00	2871.00	2871.00	2871.00	2872.00	2872.00	2872.00	2872.00	2872.00	2873.00	2873.00	2873.00	2873.00	2873.00	2874.00	2874.00	2874.00	2874.00	2875.00	2875.00	2875.00	2875.00	2875.00	2876.00	2876.00	2877.00	2877.00	2877.00	2878.00	2878.00	2878.00	2878.00	2878.00	2878.00	2879.00	2879.00	2879.00	2879.00	2879.00	2880.00	2880.00	2880.00	2881.00	2881.00	2881.00	2882.00	2882.00	2882.00	2882.00	2882.00	2883.00	2883.00	2883.00	2883.00	2884.00	2884.00	2884.00	2884.00	2884.00	2885.00	2885.00	2885.00	2886.00	2886.00	2886.00	2886.00	2887.00	2887.00	2887.00	2888.00	2888.00	2888.00	2888.00	2888.00	2889.00	2889.00	2889.00	2889.00	2890.00	2890.00	2890.00	2890.00	2890.00	2890.00	2890.00	2891.00	2891.00	2891.00	2891.00	2891.00	2891.00	2891.00	2892.00	2892.00	2892.00	2892.00	2892.00	2892.00	2892.00	2893.00	2893.00	2893.00	2893.00	2893.00	2893.00	2893.00	2893.00	2893.00	2894.00	2894.00	2894.00	2894.00	2895.00	2895.00	2895.00	2895.00	2895.00	2896.00	2896.00	2896.00	2896.00	2896.00	2896.00	2896.00	2897.00	2897.00	2897.00	2897.00	2898.00	2898.00	2898.00	2898.00	2898.00	2898.00	2898.00	2899.00	2899.00	2899.00	2899.00	2899.00	2900.00	2900.00	2900.00	2900.00	2900.00	2901.00	2901.00	2901.00	2901.00	2902.00	2902.00	2902.00	2902.00	2903.00	2903.00	2903.00	2904.00	2904.00	2904.00	2904.00	2905.00	2905.00	2905.00	2906.00	2906.00	2906.00	2906.00	2906.00	2907.00	2907.00	2907.00	2907.00	2907.00	2907.00	2908.00	2908.00	2908.00	2908.00	2908.00	2908.00	2909.00	2909.00	2909.00	2909.00	2909.00	2909.00	2910.00	2910.00	2910.00	2910.00	2910.00	2910.00	2911.00	2911.00	2911.00	2911.00	2911.00	2911.00	2911.00	2911.00	2912.00	2912.00	2912.00	2912.00	2912.00	2912.00	2912.00	2913.00	2913.00	2913.00	2913.00	2913.00	2914.00	2914.00	2914.00	2914.00	2914.00	2914.00	2914.00
2865.00	2865.00	2865.00	2866.00	2866.00	2866.00	2866.00	2866.00	2866.00	2866.00	2867.00	2867.00	2867.00	2867.00	2867.00	2867.00	2867.00	2867.00	2867.00	2868.00	2868.00	2868.00	2868.00	2868.00	2868.00	2868.00	2869.00	2869.00	2869.00	2869.00	2869.00	2869.00	2870.00	2870.00	2870.00	2870.00	2870.00	2871.00	2871.00	2871.00	2871.00	2872.00	2872.00	2872.00	2872.00	2872.00	2873.00	2873.00	2873.00	2873.00	2873.00	2874.00	2874.00	2874.00	2874.00	2875.00	2875.00	2875.00	2875.00	2875.00	2876.00	2876.00	2877.00	2877.00	2877.00	2878.00	2878.00	2878.00	2878.00	2878.00	2878.00	2879.00	2879.00	2879.00	2879.00	2879.00	2880.00	2880.00	2880.00	2881.00	2881.00	2881.00	2882.00	2882.00	2882.00	2882.00	2882.00	2883.00	2883.00	2883.00	2883.00	2884.00	2884.00	2884.00	2884.00	2884.00	2885.00	2885.00	2885.00	2886.00	2886.00	2886.00	2886.00	2887.00	2887.00	2887.00	2888.00	2888.00	2888.00	2888.00	2888.00	2889.00	2889.00	2889.00	2889.00	2890.00	2890.00	2890.00	2890.00	2890.00	2890.00	2890.00	2891.00	2891.00	2891.00	2891.00	2891.00	2891.00	2891.00	2892.00	2892.00	2892.00	2892.00	2892.00	2892.00	2892.00	2893.00	2893.00	2893.00	2893.00	2893.00	2893.00	2893.00	2893.00	2893.00	2894.00	2894.00	2894.00	2894.00	2895.00	2895.00	2895.00	2895.00	2895.00	2896.00	2896.00	2896.00	2896.00	2896.00	2896.00	2896.00	2897.00	2897.00	2897.00	2897.00	2898.00	2898.00	2898.00	2898.00	2898.00	2898.00	2898.00	2899.00	2899.00	2899.00	2899.00	2899.00	2900.00	2900.00	2900.00	2900.00	2900.00	2901.00	2901.00	2901.00	2901.00	2902.00	2902.00	2902.00	2902.00	2903.00	2903.00	2903.00	2904.00	2904.00	2904.00	2904.00	2905.00	2905.00	2905.00	2906.00	2906.00	2906.00	2906.00	2906.00	2907.00	2907.00	2907.00	2907.00	2907.00	2907.00	2908.00	2908.00	2908.00	2908.00	2908.00	2908.00	2909.00	2909.00	2909.00	2909.00	2909.00	2909.00	2910.00	2910.00	2910.00	2910.00	2910.00	2910.00	2911.00	2911.00	2911.00	2911.00	2911.00	2911.00	2911.00	2911.00	2912.00	2912.00	2912.00	2912.00	2912.00	2912.00	2912.00	2913.00	2913.00	2913.00	2913.00	2913.00	2914.00	2914.00	2914.00	2914.00	2914.00	2914.00	2914.00
2865.00	2865.00	2865.00	2866.00	2866.00	2866.00	2866.00	2866.00	2866.00	2866.00	2867.00	2867.00	2867.00	2867.00	2867.00	2867.00	2867.00	2867.00	2867.00	2868.00	2868.00	2868.00	2868.00	2868.00	2868.00	2868.00	2869.00	2869.00	2869.00	2869.00	2869.00	2869.00	2870.00	2870.00	2870.00	2870.00	2870.00	2871.00	2871.00	2871.00	2871.00	2872.00	2872.00	2872.00	2872.00	2872.00	2873.00	2873.00	2873.00	2873.00	2873.00	2874.00	2874.00	2874.00	2874.00	2875.00	2875.00	2875.00	2875.00	2875.00	2876.00	2876.00	2877.00	2877.00	2877.00	2878.00	2878.00	2878.00	2878.00	2878.00	2878.00	2879.00	2879.00	2879.00	2879.00	2879.00	2880.00	2880.00	2880.00	2881.00	2881.00	2881.00	2882.00	2882.00	2882.00	2882.00	2882.00	2883.00	2883.00	2883.00	2883.00	2884.00	2884.00	2884.00	2884.00	2884.00	2885.00	2885.00	2885.00	2886.00	2886.00	2886.00	2886.00	2887.00	2887.00	2887.00	2888.00	2888.00	2888.00	2888.00	2888.00	2889.00	2889.00	2889.00	2889.00	2890.00	2890.00	2890.00	2890.00	2890.00	2890.00	2890.00	2891.00	2891.00	2891.00	2891.00	2891.00	2891.00	2891.00	2892.00	2892.00	2892.00	2892.00	2892.00	2892.00	2892.00	2893.00	2893.00	2893.00	2893.00	2893.00	2893.00	2893.00	2893.00	2893.00	2894.00	2894.00	2894.00	2894.00	2895.00	2895.00	2895.00	2895.00	2895.00	2896.00	2896.00	2896.00	2896.00	2896.00	2896.00	2896.00	2897.00	2897.00	2897.00	2897.00	2898.00	2898.00	2898.00	2898.00	2898.00	2898.00	2898.00	2899.00	2899.00	2899.00	2899.00	2899.00	2900.00	2900.00	2900.00	2900.00	2900.00	2901.00	2901.00	2901.00	2901.00	2902.00	2902.00	2902.00	2902.00	2903.00	2903.00	2903.00	2904.00	2904.00	2904.00	2904.00	2905.00	2905.00	2905.00	2906.00	2906.00	2906.00	2906.00	2906.00	2907.00	2907.00	2907.00	2907.00	2907.00	2907.00	2908.00	2908.00	2908.00	2908.00	2908.00	2908.00	2909.00	2909.00	2909.00	2909.00	2909.00	2909.00	2910.00	2910.00	2910.00	2910.00	2910.00	2910.00	2911.00	2911.00	2911.00	2911.00	2911.00	2911.00	2911.00	2911.00	2912.00	2912.00	2912.00	2912.00	2912.00	2912.00	2912.00	2913.00	2913.00	2913.00	2913.00	2913.00	2914.00	2914.00	2914.00	2914.00	2914.00	2914.00	2914.00
2865.00	2865.00	2865.00	2866.00	2866.00	2866.00	2866.00	2866.00	2866.00	2866.00	2867.00	2867.00	2867.00	2867.00	2867.00	2867.00	2867.00	2867.00	2867.00	2868.00	2868.00	2868.00	2868.00	2868.00	2868.00	2868.00	2869.00	2869.00	2869.00	2869.00	2869.00	2869.00	2870.00	2870.00	2870.00	2870.00	2870.00	2871.00	2871.00	2871.00	2871.00	2872.00	2872.00	2872.00	2872.00	2872.00	2873.00	2873.00	2873.00	2873.00	2873.00	2874.00	2874.00	2874.00	2874.00	2875.00	2875.00	2875.00	2875.00	2875.00	2876.00	2876.00	2877.00	2877.00	2877.00	2878.00	2878.00	2878.00	2878.00	2878.00	2878.00	2879.00	2879.00	2879.00	2879.00	2879.00	2880.00	2880.00	2880.00	2881.00	2881.00	2881.00	2882.00	2882.00	2882.00	2882.00	2882.00	2883.00	2883.00	2883.00	2883.00	2884.00	2884.00	2884.00	2884.00	2884.00	2885.00	2885.00	2885.00	2886.00	2886.00	2886.00	2886.00	2887.00	2887.00	2887.00	2888.00	2888.00	2888.00	2888.00	2888.00	2889.00	2889.00	2889.00	2889.00	2890.00	2890.00	2890.00	2890.00	2890.00	2890.00	2890.00	2891.00	2891.00	2891.00	2891.00	2891.00	2891.00	2891.00	2892.00	2892.00	2892.00	2892.00	2892.00	2892.00	2892.00	2893.00	2893.00	2893.00	2893.00	2893.00	2893.00	2893.00	2893.00	2893.00	2894.00	2894.00	2894.00	2894.00	2895.00	2895.00	2895.00	2895.00	2895.00	2896.00	2896.00	2896.00	2896.00	2896.00	2896.00	2896.00	2897.00	2897.00	2897.00	2897.00	2898.00	2898.00	2898.00	2898.00	2898.00	2898.00	2898.00	2899.00	2899.00	2899.00	2899.00	2899.00	2900.00	2900.00	2900.00	2900.00	2900.00	2901.00	2901.00	2901.00	2901.00	2902.00	2902.00	2902.00	2902.00	2903.00	2903.00	2903.00	2904.00	2904.00	2904.00	2904.00	2905.00	2905.00	2905.00	2906.00	2906.00	2906.00	2906.00	2906.00	2907.00	2907.00	2907.00	2907.00	2907.00	2907.00	2908.00	2908.00	2908.00	2908.00	2908.00	2908.00	2909.00	2909.00	2909.00	2909.00	2909.00	2909.00	2910.00	2910.00	2910.00	2910.00	2910.00	2910.00	2911.00	2911.00	2911.00	2911.00	2911.00	2911.00	2911.00	2911.00	2912.00	2912.00	2912.00	2912.00	2912.00	2912.00	2912.00	2913.00	2913.00	2913.00	2913.00	2913.00	2914.00	2914.00	2914.00	2914.00	2914.00	2914.00	2914.00
2865.00	2865.00	2865.00	2866.00	2866.00	2866.00	2866.00	2866.00	2866.00	2866.00	2867.00	2867.00	2867.00	2867.00	2867.00	2867.00	2867.00	2867.00	2867.00	2868.00	2868.00	2868.00	2868.00	2868.00	2868.00	2868.00	2869.00	2869.00	2869.00	2869.00	2869.00	2869.00	2870.00	2870.00	2870.00	2870.00	2870.00	2871.00	2871.00	2871.00	2871.00	2872.00	2872.00	2872.00	2872.00	2872.00	2873.00	2873.00	2873.00	2873.00	2873.00	2874.00	2874.00	2874.00	2874.00	2875.00	2875.00	2875.00	2875.00	2875.00	2876.00	2876.00	2877.00	2877.00	2877.00	2878.00	2878.00	2878.00	2878.00	2878.00	2878.00	2879.00	2879.00	2879.00	2879.00	2879.00	2880.00	2880.00	2880.00	2881.00	2881.00	2881.00	2882.00	2882.00	2882.00	2882.00	2882.00	2883.00	2883.00	2883.00	2883.00	2884.00	2884.00	2884.00	2884.00	2884.00	2885.00	2885.00	2885.00	2886.00	2886.00	2886.00	2886.00	2887.00	2887.00	2887.00	2888.00	2888.00	2888.00	2888.00	2888.00	2889.00	2889.00	2889.00	2889.00	2890.00	2890.00	2890.00	2890.00	2890.00	2890.00	2890.00	2891.00	2891.00	2891.00	2891.00	2891.00	2891.00	2891.00	2892.00	2892.00	2892.00	2892.00	2892.00	2892.00	2892.00	2893.00	2893.00	2893.00	2893.00	2893.00	2893.00	2893.00	2893.00	2893.00	2894.00	2894.00	2894.00	2894.00	2895.00	2895.00	2895.00	2895.00	2895.00	2896.00	2896.00	2896.00	2896.00	2896.00	2896.00	2896.00	2897.00	2897.00	2897.00	2897.00	2898.00	2898.00	2898.00	2898.00	2898.00	2898.00	2898.00	2899.00	2899.00	2899.00	2899.00	2899.00	2900.00	2900.00	2900.00	2900.00	2900.00	2901.00	2901.00	2901.00	2901.00	2902.00	2902.00	2902.00	2902.00	2903.00	2903.00	2903.00	2904.00	2904.00	2904.00	2904.00	2905.00	2905.00	2905.00	2906.00	2906.00	2906.00	2906.00	2906.00	2907.00	2907.00	2907.00	2907.00	2907.00	2907.00	2908.00	2908.00	2908.00	2908.00	2908.00	2908.00	2909.00	2909.00	2909.00	2909.00	2909.00	2909.00	2910.00	2910.00	2910.00	2910.00	2910.00	2910.00	2911.00	2911.00	2911.00	2911.00	2911.00	2911.00	2911.00	2911.00	2912.00	2912.00	2912.00	2912.00	2912.00	2912.00	2912.00	2913.00	2913.00	2913.00	2913.00	2913.00	2914.00	2914.00	2914.00	2914.00	2914.00	2914.00	2914.00
2865.00	2865.00	2865.00	2866.00	2866.00	2866.00	2866.00	2866.00	2866.00	2866.00	2867.00	2867.00	2867.00	2867.00	2867.00	2867.00	2867.00	2867.00	2867.00	2868.00	2868.00	2868.00	2868.00	2868.00	2868.00	2868.00	2869.00	2869.00	2869.00	2869.00	2869.00	2869.00	2870.00	2870.00	2870.00	2870.00	2870.00	2871.00	2871.00	2871.00	2871.00	2872.00	2872.00	2872.00	2872.00	2872.00	2873.00	2873.00	2873.00	2873.00	2873.00	2874.00	2874.00	2874.00	2874.00	2875.00	2875.00	2875.00	2875.00	2875.00	2876.00	2876.00	2877.00	2877.00	2877.00	2878.00	2878.00	2878.00	2878.00	2878.00	2878.00	2879.00	2879.00	2879.00	2879.00	2879.00	2880.00	2880.00	2880.00	2881.00	2881.00	2881.00	2882.00	2882.00	2882.00	2882.00	2882.00	2883.00	2883.00	2883.00	2883.00	2884.00	2884.00	2884.00	2884.00	2884.00	2885.00	2885.00	2885.00	2886.00	2886.00	2886.00	2886.00	2887.00	2887.00	2887.00	2888.00	2888.00	2888.00	2888.00	2888.00	2889.00	2889.00	2889.00	2889.00	2890.00	2890.00	2890.00	2890.00	2890.00	2890.00	2890.00	2891.00	2891.00	2891.00	2891.00	2891.00	2891.00	2891.00	2892.00	2892.00	2892.00	2892.00	2892.00	2892.00	2892.00	2893.00	2893.00	2893.00	2893.00	2893.00	2893.00	2893.00	2893.00	2893.00	2894.00	2894.00	2894.00	2894.00	2895.00	2895.00	2895.00	2895.00	2895.00	2896.00	2896.00	2896.00	2896.00	2896.00	2896.00	2896.00	2897.00	2897.00	2897.00	2897.00	2898.00	2898.00	2898.00	2898.00	2898.00	2898.00	2898.00	2899.00	2899.00	2899.00	2899.00	2899.00	2900.00	2900.00	2900.00	2900.00	2900.00	2901.00	2901.00	2901.00	2901.00	2902.00	2902.00	2902.00	2902.00	2903.00	2903.00	2903.00	2904.00	2904.00	2904.00	2904.00	2905.00	2905.00	2905.00	2906.00	2906.00	2906.00	2906.00	2906.00	2907.00	2907.00	2907.00	2907.00	2907.00	2907.00	2908.00	2908.00	2908.00	2908.00	2908.00	2908.00	2909.00	2909.00	2909.00	2909.00	2909.00	2909.00	2910.00	2910.00	2910.00	2910.00	2910.00	2910.00	2911.00	2911.00	2911.00	2911.00	2911.00	2911.00	2911.00	2911.00	2912.00	2912.00	2912.00	2912.00	2912.00	2912.00	2912.00	2913.00	2913.00	2913.00	2913.00	2913.00	2914.00	2914.00	2914.00	2914.00	2914.00	2914.00	2914.00
2865.00	2865.00	2865.00	2866.00	2866.00	2866.00	2866.00	2866.00	2866.00	2866.00	2867.00	2867.00	2867.00	2867.00	2867.00	2867.00	2867.00	2867.00	2867.00	2868.00	2868.00	2868.00	2868.00	2868.00	2868.00	2868.00	2869.00	2869.00	2869.00	2869.00	2869.00	2869.00	2870.00	2870.00	2870.00	2870.00	2870.00	2871.00	2871.00	2871.00	2871.00	2872.00	2872.00	2872.00	2872.00	2872.00	2873.00	2873.00	2873.00	2873.00	2873.00	2874.00	2874.00	2874.00	2874.00	2875.00	2875.00	2875.00	2875.00	2875.00	2876.00	2876.00	2877.00	2877.00	2877.00	2878.00	2878.00	2878.00	2878.00	2878.00	2878.00	2879.00	2879.00	2879.00	2879.00	2879.00	2880.00	2880.00	2880.00	2881.00	2881.00	2881.00	2882.00	2882.00	2882.00	2882.00	2882.00	2883.00	2883.00	2883.00	2883.00	2884.00	2884.00	2884.00	2884.00	2884.00	2885.00	2885.00	2885.00	2886.00	2886.00	2886.00	2886.00	2887.00	2887.00	2887.00	2888.00	2888.00	2888.00	2888.00	2888.00	2889.00	2889.00	2889.00	2889.00	2890.00	2890.00	2890.00	2890.00	2890.00	2890.00	2890.00	2891.00	2891.00	2891.00	2891.00	2891.00	2891.00	2891.00	2892.00	2892.00	2892.00	2892.00	2892.00	2892.00	2892.00	2893.00	2893.00	2893.00	2893.00	2893.00	2893.00	2893.00	2893.00	2893.00	2894.00	2894.00	2894.00	2894.00	2895.00	2895.00	2895.00	2895.00	2895.00	2896.00	2896.00	2896.00	2896.00	2896.00	2896.00	2896.00	2897.00	2897.00	2897.00	2897.00	2898.00	2898.00	2898.00	2898.00	2898.00	2898.00	2898.00	2899.00	2899.00	2899.00	2899.00	2899.00	2900.00	2900.00	2900.00	2900.00	2900.00	2901.00	2901.00	2901.00	2901.00	2902.00	2902.00	2902.00	2902.00	2903.00	2903.00	2903.00	2904.00	2904.00	2904.00	2904.00	2905.00	2905.00	2905.00	2906.00	2906.00	2906.00	2906.00	2906.00	2907.00	2907.00	2907.00	2907.00	2907.00	2907.00	2908.00	2908.00	2908.00	2908.00	2908.00	2908.00	2909.00	2909.00	2909.00	2909.00	2909.00	2909.00	2910.00	2910.00	2910.00	2910.00	2910.00	2910.00	2911.00	2911.00	2911.00	2911.00	2911.00	2911.00	2911.00	2911.00	2912.00	2912.00	2912.00	2912.00	2912.00	2912.00	2912.00	2913.00	2913.00	2913.00	2913.00	2913.00	2914.00	2914.00	2914.00	2914.00	2914.00	2914.00	2914.00
2865.00	2865.00	2865.00	2866.00	2866.00	2866.00	2866.00	2866.00	2866.00	2866.00	2867.00	2867.00	2867.00	2867.00	2867.00	2867.00	2867.00	2867.00	2867.00	2868.00	2868.00	2868.00	2868.00	2868.00	2868.00	2868.00	2869.00	2869.00	2869.00	2869.00	2869.00	2869.00	2870.00	2870.00	2870.00	2870.00	2870.00	2871.00	2871.00	2871.00	2871.00	2872.00	2872.00	2872.00	2872.00	2872.00	2873.00	2873.00	2873.00	2873.00	2873.00	2874.00	2874.00	2874.00	2874.00	2875.00	2875.00	2875.00	2875.00	2875.00	2876.00	2876.00	2877.00	2877.00	2877.00	2878.00	2878.00	2878.00	2878.00	2878.00	2878.00	2879.00	2879.00	2879.00	2879.00	2879.00	2880.00	2880.00	2880.00	2881.00	2881.00	2881.00	2882.00	2882.00	2882.00	2882.00	2882.00	2883.00	2883.00	2883.00	2883.00	2884.00	2884.00	2884.00	2884.00	2884.00	2885.00	2885.00	2885.00	2886.00	2886.00	2886.00	2886.00	2887.00	2887.00	2887.00	2888.00	2888.00	2888.00	2888.00	2888.00	2889.00	2889.00	2889.00	2889.00	2890.00	2890.00	2890.00	2890.00	2890.00	2890.00	2890.00	2891.00	2891.00	2891.00	2891.00	2891.00	2891.00	2891.00	2892.00	2892.00	2892.00	2892.00	2892.00	2892.00	2892.00	2893.00	2893.00	2893.00	2893.00	2893.00	2893.00	2893.00	2893.00	2893.00	2894.00	2894.00	2894.00	2894.00	2895.00	2895.00	2895.00	2895.00	2895.00	2896.00	2896.00	2896.00	2896.00	2896.00	2896.00	2896.00	2897.00	2897.00	2897.00	2897.00	2898.00	2898.00	2898.00	2898.00	2898.00	2898.00	2898.00	2899.00	2899.00	2899.00	2899.00	2899.00	2900.00	2900.00	2900.00	2900.00	2900.00	2901.00	2901.00	2901.00	2901.00	2902.00	2902.00	2902.00	2902.00	2903.00	2903.00	2903.00	2904.00	2904.00	2904.00	2904.00	2905.00	2905.00	2905.00	2906.00	2906.00	2906.00	2906.00	2906.00	2907.00	2907.00	2907.00	2907.00	2907.00	2907.00	2908.00	2908.00	2908.00	2908.00	2908.00	2908.00	2909.00	2909.00	2909.00	2909.00	2909.00	2909.00	2910.00	2910.00	2910.00	2910.00	2910.00	2910.00	2911.00	2911.00	2911.00	2911.00	2911.00	2911.00	2911.00	2911.00	2912.00	2912.00	2912.00	2912.00	2912.00	2912.00	2912.00	2913.00	2913.00	2913.00	2913.00	2913.00	2914.00	2914.00	2914.00	2914.00	2914.00	2914.00	2914.00
2865.00	2865.00	2865.00	2866.00	2866.00	2866.00	2866.00	2866.00	2866.00	2866.00	2867.00	2867.00	2867.00	2867.00	2867.00	2867.00	2867.00	2867.00	2867.00	2868.00	2868.00	2868.00	2868.00	2868.00	2868.00	2868.00	2869.00	2869.00	2869.00	2869.00	2869.00	2869.00	2870.00	2870.00	2870.00	2870.00	2870.00	2871.00	2871.00	2871.00	2871.00	2872.00	2872.00	2872.00	2872.00	2872.00	2873.00	2873.00	2873.00	2873.00	2873.00	2874.00	2874.00	2874.00	2874.00	2875.00	2875.00	2875.00	2875.00	2875.00	2876.00	2876.00	2877.00	2877.00	2877.00	2878.00	2878.00	2878.00	2878.00	2878.00	2878.00	2879.00	2879.00	2879.00	2879.00	2879.00	2880.00	2880.00	2880.00	2881.00	2881.00	2881.00	2882.00	2882.00	2882.00	2882.00	2882.00	2883.00	2883.00	2883.00	2883.00	2884.00	2884.00	2884.00	2884.00	2884.00	2885.00	2885.00	2885.00	2886.00	2886.00	2886.00	2886.00	2887.00	2887.00	2887.00	2888.00	2888.00	2888.00	2888.00	2888.00	2889.00	2889.00	2889.00	2889.00	2890.00	2890.00	2890.00	2890.00	2890.00	2890.00	2890.00	2891.00	2891.00	2891.00	2891.00	2891.00	2891.00	2891.00	2892.00	2892.00	2892.00	2892.00	2892.00	2892.00	2892.00	2893.00	2893.00	2893.00	2893.00	2893.00	2893.00	2893.00	2893.00	2893.00	2894.00	2894.00	2894.00	2894.00	2895.00	2895.00	2895.00	2895.00	2895.00	2896.00	2896.00	2896.00	2896.00	2896.00	2896.00	2896.00	2897.00	2897.00	2897.00	2897.00	2898.00	2898.00	2898.00	2898.00	2898.00	2898.00	2898.00	2899.00	2899.00	2899.00	2899.00	2899.00	2900.00	2900.00	2900.00	2900.00	2900.00	2901.00	2901.00	2901.00	2901.00	2902.00	2902.00	2902.00	2902.00	2903.00	2903.00	2903.00	2904.00	2904.00	2904.00	2904.00	2905.00	2905.00	2905.00	2906.00	2906.00	2906.00	2906.00	2906.00	2907.00	2907.00	2907.00	2907.00	2907.00	2907.00	2908.00	2908.00	2908.00	2908.00	2908.00	2908.00	2909.00	2909.00	2909.00	2909.00	2909.00	2909.00	2910.00	2910.00	2910.00	2910.00	2910.00	2910.00	2911.00	2911.00	2911.00	2911.00	2911.00	2911.00	2911.00	2911.00	2912.00	2912.00	2912.00	2912.00	2912.00	2912.00	2912.00	2913.00	2913.00	2913.00	2913.00	2913.00	2914.00	2914.00	2914.00	2914.00	2914.00	2914.00	2914.00
2864.00	2864.00	2864.00	2864.00	2864.00	2865.00	2865.00	2865.00	2865.00	2865.00	2866.00	2866.00	2866.00	2866.00	2866.00	2866.00	2866.00	2867.00	2867.00	2867.00	2867.00	2867.00	2867.00	2868.00	2868.00	2868.00	2868.00	2868.00	2868.00	2869.00	2869.00	2869.00	2869.00	2870.00	2870.00	2870.00	2870.00	2870.00	2871.00	2871.00	2871.00	2871.00	2871.00	2871.00	2872.00	2872.00	2872.00	2872.00	2872.00	2873.00	2873.00	2873.00	2873.00	2874.00	2874.00	2874.00	2874.00	2874.00	2875.00	2875.00	2875.00	2875.00	2876.00	2876.00	2876.00	2876.00	2876.00	2877.00	2877.00	2877.00	2877.00	2877.00	2877.00	2878.00	2878.00	2878.00	2878.00	2878.00	2879.00	2879.00	2879.00	2880.00	2880.00	2880.00	2880.00	2881.00	2881.00	2881.00	2881.00	2881.00	2881.00	2882.00	2882.00	2882.00	2882.00	2882.00	2882.00	2883.00	2883.00	2883.00	2884.00	2884.00	2884.00	2884.00	2884.00	2885.00	2885.00	2885.00	2886.00	2886.00	2886.00	2886.00	2886.00	2887.00	2887.00	2887.00	2887.00	2888.00	2888.00	2888.00	2888.00	2888.00	2888.00	2889.00	2889.00	2889.00	2889.00	2889.00	2889.00	2890.00	2890.00	2890.00	2890.00	2890.00	2891.00	2891.00	2891.00	2891.00	2891.00	2891.00	2892.00	2892.00	2892.00	2892.00	2892.00	2893.00	2893.00	2893.00	2893.00	2893.00	2894.00	2894.00	2894.00	2894.00	2894.00	2894.00	2895.00	2895.00	2895.00	2895.00	2895.00	2895.00	2895.00	2896.00	2896.00	2896.00	2896.00	2896.00	2897.00	2897.00	2897.00	2897.00	2897.00	2898.00	2898.00	2898.00	2898.00	2899.00	2899.00	2899.00	2899.00	2899.00	2900.00	2900.00	2900.00	2900.00	2901.00	2901.00	2901.00	2901.00	2901.00	2902.00	2902.00	2902.00	2902.00	2902.00	2903.00	2903.00	2903.00	2904.00	2904.00	2904.00	2905.00	2905.00	2905.00	2905.00	2905.00	2906.00	2906.00	2906.00	2906.00	2907.00	2907.00	2907.00	2907.00	2907.00	2907.00	2908.00	2908.00	2908.00	2908.00	2909.00	2909.00	2909.00	2909.00	2909.00	2910.00	2910.00	2910.00	2910.00	2911.00	2911.00	2911.00	2911.00	2911.00	2911.00	2911.00	2911.00	2911.00	2912.00	2912.00	2912.00	2912.00	2912.00	2912.00	2912.00	2913.00	2913.00	2913.00	2913.00	2913.00	2913.00	2914.00	2914.00	2914.00	2914.00
2864.00	2864.00	2864.00	2864.00	2864.00	2865.00	2865.00	2865.00	2865.00	2865.00	2866.00	2866.00	2866.00	2866.00	2866.00	2866.00	2866.00	2867.00	2867.00	2867.00	2867.00	2867.00	2867.00	2868.00	2868.00	2868.00	2868.00	2868.00	2868.00	2869.00	2869.00	2869.00	2869.00	2870.00	2870.00	2870.00	2870.00	2870.00	2871.00	2871.00	2871.00	2871.00	2871.00	2871.00	2872.00	2872.00	2872.00	2872.00	2872.00	2873.00	2873.00	2873.00	2873.00	2874.00	2874.00	2874.00	2874.00	2874.00	2875.00	2875.00	2875.00	2875.00	2876.00	2876.00	2876.00	2876.00	2876.00	2877.00	2877.00	2877.00	2877.00	2877.00	2877.00	2878.00	2878.00	2878.00	2878.00	2878.00	2879.00	2879.00	2879.00	2880.00	2880.00	2880.00	2880.00	2881.00	2881.00	2881.00	2881.00	2881.00	2881.00	2882.00	2882.00	2882.00	2882.00	2882.00	2882.00	2883.00	2883.00	2883.00	2884.00	2884.00	2884.00	2884.00	2884.00	2885.00	2885.00	2885.00	2886.00	2886.00	2886.00	2886.00	2886.00	2887.00	2887.00	2887.00	2887.00	2888.00	2888.00	2888.00	2888.00	2888.00	2888.00	2889.00	2889.00	2889.00	2889.00	2889.00	2889.00	2890.00	2890.00	2890.00	2890.00	2890.00	2891.00	2891.00	2891.00	2891.00	2891.00	2891.00	2892.00	2892.00	2892.00	2892.00	2892.00	2893.00	2893.00	2893.00	2893.00	2893.00	2894.00	2894.00	2894.00	2894.00	2894.00	2894.00	2895.00	2895.00	2895.00	2895.00	2895.00	2895.00	2895.00	2896.00	2896.00	2896.00	2896.00	2896.00	2897.00	2897.00	2897.00	2897.00	2897.00	2898.00	2898.00	2898.00	2898.00	2899.00	2899.00	2899.00	2899.00	2899.00	2900.00	2900.00	2900.00	2900.00	2901.00	2901.00	2901.00	2901.00	2901.00	2902.00	2902.00	2902.00	2902.00	2902.00	2903.00	2903.00	2903.00	2904.00	2904.00	2904.00	2905.00	2905.00	2905.00	2905.00	2905.00	2906.00	2906.00	2906.00	2906.00	2907.00	2907.00	2907.00	2907.00	2907.00	2907.00	2908.00	2908.00	2908.00	2908.00	2909.00	2909.00	2909.00	2909.00	2909.00	2910.00	2910.00	2910.00	2910.00	2911.00	2911.00	2911.00	2911.00	2911.00	2911.00	2911.00	2911.00	2911.00	2912.00	2912.00	2912.00	2912.00	2912.00	2912.00	2912.00	2913.00	2913.00	2913.00	2913.00	2913.00	2913.00	2914.00	2914.00	2914.00	2914.00
2864.00	2864.00	2864.00	2864.00	2864.00	2865.00	2865.00	2865.00	2865.00	2865.00	2866.00	2866.00	2866.00	2866.00	2866.00	2866.00	2866.00	2867.00	2867.00	2867.00	2867.00	2867.00	2867.00	2868.00	2868.00	2868.00	2868.00	2868.00	2868.00	2869.00	2869.00	2869.00	2869.00	2870.00	2870.00	2870.00	2870.00	2870.00	2871.00	2871.00	2871.00	2871.00	2871.00	2871.00	2872.00	2872.00	2872.00	2872.00	2872.00	2873.00	2873.00	2873.00	2873.00	2874.00	2874.00	2874.00	2874.00	2874.00	2875.00	2875.00	2875.00	2875.00	2876.00	2876.00	2876.00	2876.00	2876.00	2877.00	2877.00	2877.00	2877.00	2877.00	2877.00	2878.00	2878.00	2878.00	2878.00	2878.00	2879.00	2879.00	2879.00	2880.00	2880.00	2880.00	2880.00	2881.00	2881.00	2881.00	2881.00	2881.00	2881.00	2882.00	2882.00	2882.00	2882.00	2882.00	2882.00	2883.00	2883.00	2883.00	2884.00	2884.00	2884.00	2884.00	2884.00	2885.00	2885.00	2885.00	2886.00	2886.00	2886.00	2886.00	2886.00	2887.00	2887.00	2887.00	2887.00	2888.00	2888.00	2888.00	2888.00	2888.00	2888.00	2889.00	2889.00	2889.00	2889.00	2889.00	2889.00	2890.00	2890.00	2890.00	2890.00	2890.00	2891.00	2891.00	2891.00	2891.00	2891.00	2891.00	2892.00	2892.00	2892.00	2892.00	2892.00	2893.00	2893.00	2893.00	2893.00	2893.00	2894.00	2894.00	2894.00	2894.00	2894.00	2894.00	2895.00	2895.00	2895.00	2895.00	2895.00	2895.00	2895.00	2896.00	2896.00	2896.00	2896.00	2896.00	2897.00	2897.00	2897.00	2897.00	2897.00	2898.00	2898.00	2898.00	2898.00	2899.00	2899.00	2899.00	2899.00	2899.00	2900.00	2900.00	2900.00	2900.00	2901.00	2901.00	2901.00	2901.00	2901.00	2902.00	2902.00	2902.00	2902.00	2902.00	2903.00	2903.00	2903.00	2904.00	2904.00	2904.00	2905.00	2905.00	2905.00	2905.00	2905.00	2906.00	2906.00	2906.00	2906.00	2907.00	2907.00	2907.00	2907.00	2907.00	2907.00	2908.00	2908.00	2908.00	2908.00	2909.00	2909.00	2909.00	2909.00	2909.00	2910.00	2910.00	2910.00	2910.00	2911.00	2911.00	2911.00	2911.00	2911.00	2911.00	2911.00	2911.00	2911.00	2912.00	2912.00	2912.00	2912.00	2912.00	2912.00	2912.00	2913.00	2913.00	2913.00	2913.00	2913.00	2913.00	2914.00	2914.00	2914.00	2914.00
2864.00	2864.00	2864.00	2864.00	2864.00	2865.00	2865.00	2865.00	2865.00	2865.00	2866.00	2866.00	2866.00	2866.00	2866.00	2866.00	2866.00	2867.00	2867.00	2867.00	2867.00	2867.00	2867.00	2868.00	2868.00	2868.00	2868.00	2868.00	2868.00	2869.00	2869.00	2869.00	2869.00	2870.00	2870.00	2870.00	2870.00	2870.00	2871.00	2871.00	2871.00	2871.00	2871.00	2871.00	2872.00	2872.00	2872.00	2872.00	2872.00	2873.00	2873.00	2873.00	2873.00	2874.00	2874.00	2874.00	2874.00	2874.00	2875.00	2875.00	2875.00	2875.00	2876.00	2876.00	2876.00	2876.00	2876.00	2877.00	2877.00	2877.00	2877.00	2877.00	2877.00	2878.00	2878.00	2878.00	2878.00	2878.00	2879.00	2879.00	2879.00	2880.00	2880.00	2880.00	2880.00	2881.00	2881.00	2881.00	2881.00	2881.00	2881.00	2882.00	2882.00	2882.00	2882.00	2882.00	2882.00	2883.00	2883.00	2883.00	2884.00	2884.00	2884.00	2884.00	2884.00	2885.00	2885.00	2885.00	2886.00	2886.00	2886.00	2886.00	2886.00	2887.00	2887.00	2887.00	2887.00	2888.00	2888.00	2888.00	2888.00	2888.00	2888.00	2889.00	2889.00	2889.00	2889.00	2889.00	2889.00	2890.00	2890.00	2890.00	2890.00	2890.00	2891.00	2891.00	2891.00	2891.00	2891.00	2891.00	2892.00	2892.00	2892.00	2892.00	2892.00	2893.00	2893.00	2893.00	2893.00	2893.00	2894.00	2894.00	2894.00	2894.00	2894.00	2894.00	2895.00	2895.00	2895.00	2895.00	2895.00	2895.00	2895.00	2896.00	2896.00	2896.00	2896.00	2896.00	2897.00	2897.00	2897.00	2897.00	2897.00	2898.00	2898.00	2898.00	2898.00	2899.00	2899.00	2899.00	2899.00	2899.00	2900.00	2900.00	2900.00	2900.00	2901.00	2901.00	2901.00	2901.00	2901.00	2902.00	2902.00	2902.00	2902.00	2902.00	2903.00	2903.00	2903.00	2904.00	2904.00	2904.00	2905.00	2905.00	2905.00	2905.00	2905.00	2906.00	2906.00	2906.00	2906.00	2907.00	2907.00	2907.00	2907.00	2907.00	2907.00	2908.00	2908.00	2908.00	2908.00	2909.00	2909.00	2909.00	2909.00	2909.00	2910.00	2910.00	2910.00	2910.00	2911.00	2911.00	2911.00	2911.00	2911.00	2911.00	2911.00	2911.00	2911.00	2912.00	2912.00	2912.00	2912.00	2912.00	2912.00	2912.00	2913.00	2913.00	2913.00	2913.00	2913.00	2913.00	2914.00	2914.00	2914.00	2914.00
2864.00	2864.00	2864.00	2864.00	2864.00	2865.00	2865.00	2865.00	2865.00	2865.00	2866.00	2866.00	2866.00	2866.00	2866.00	2866.00	2866.00	2867.00	2867.00	2867.00	2867.00	2867.00	2867.00	2868.00	2868.00	2868.00	2868.00	2868.00	2868.00	2869.00	2869.00	2869.00	2869.00	2870.00	2870.00	2870.00	2870.00	2870.00	2871.00	2871.00	2871.00	2871.00	2871.00	2871.00	2872.00	2872.00	2872.00	2872.00	2872.00	2873.00	2873.00	2873.00	2873.00	2874.00	2874.00	2874.00	2874.00	2874.00	2875.00	2875.00	2875.00	2875.00	2876.00	2876.00	2876.00	2876.00	2876.00	2877.00	2877.00	2877.00	2877.00	2877.00	2877.00	2878.00	2878.00	2878.00	2878.00	2878.00	2879.00	2879.00	2879.00	2880.00	2880.00	2880.00	2880.00	2881.00	2881.00	2881.00	2881.00	2881.00	2881.00	2882.00	2882.00	2882.00	2882.00	2882.00	2882.00	2883.00	2883.00	2883.00	2884.00	2884.00	2884.00	2884.00	2884.00	2885.00	2885.00	2885.00	2886.00	2886.00	2886.00	2886.00	2886.00	2887.00	2887.00	2887.00	2887.00	2888.00	2888.00	2888.00	2888.00	2888.00	2888.00	2889.00	2889.00	2889.00	2889.00	2889.00	2889.00	2890.00	2890.00	2890.00	2890.00	2890.00	2891.00	2891.00	2891.00	2891.00	2891.00	2891.00	2892.00	2892.00	2892.00	2892.00	2892.00	2893.00	2893.00	2893.00	2893.00	2893.00	2894.00	2894.00	2894.00	2894.00	2894.00	2894.00	2895.00	2895.00	2895.00	2895.00	2895.00	2895.00	2895.00	2896.00	2896.00	2896.00	2896.00	2896.00	2897.00	2897.00	2897.00	2897.00	2897.00	2898.00	2898.00	2898.00	2898.00	2899.00	2899.00	2899.00	2899.00	2899.00	2900.00	2900.00	2900.00	2900.00	2901.00	2901.00	2901.00	2901.00	2901.00	2902.00	2902.00	2902.00	2902.00	2902.00	2903.00	2903.00	2903.00	2904.00	2904.00	2904.00	2905.00	2905.00	2905.00	2905.00	2905.00	2906.00	2906.00	2906.00	2906.00	2907.00	2907.00	2907.00	2907.00	2907.00	2907.00	2908.00	2908.00	2908.00	2908.00	2909.00	2909.00	2909.00	2909.00	2909.00	2910.00	2910.00	2910.00	2910.00	2911.00	2911.00	2911.00	2911.00	2911.00	2911.00	2911.00	2911.00	2911.00	2912.00	2912.00	2912.00	2912.00	2912.00	2912.00	2912.00	2913.00	2913.00	2913.00	2913.00	2913.00	2913.00	2914.00	2914.00	2914.00	2914.00
2864.00	2864.00	2864.00	2864.00	2864.00	2865.00	2865.00	2865.00	2865.00	2865.00	2866.00	2866.00	2866.00	2866.00	2866.00	2866.00	2866.00	2867.00	2867.00	2867.00	2867.00	2867.00	2867.00	2868.00	2868.00	2868.00	2868.00	2868.00	2868.00	2869.00	2869.00	2869.00	2869.00	2870.00	2870.00	2870.00	2870.00	2870.00	2871.00	2871.00	2871.00	2871.00	2871.00	2871.00	2872.00	2872.00	2872.00	2872.00	2872.00	2873.00	2873.00	2873.00	2873.00	2874.00	2874.00	2874.00	2874.00	2874.00	2875.00	2875.00	2875.00	2875.00	2876.00	2876.00	2876.00	2876.00	2876.00	2877.00	2877.00	2877.00	2877.00	2877.00	2877.00	2878.00	2878.00	2878.00	2878.00	2878.00	2879.00	2879.00	2879.00	2880.00	2880.00	2880.00	2880.00	2881.00	2881.00	2881.00	2881.00	2881.00	2881.00	2882.00	2882.00	2882.00	2882.00	2882.00	2882.00	2883.00	2883.00	2883.00	2884.00	2884.00	2884.00	2884.00	2884.00	2885.00	2885.00	2885.00	2886.00	2886.00	2886.00	2886.00	2886.00	2887.00	2887.00	2887.00	2887.00	2888.00	2888.00	2888.00	2888.00	2888.00	2888.00	2889.00	2889.00	2889.00	2889.00	2889.00	2889.00	2890.00	2890.00	2890.00	2890.00	2890.00	2891.00	2891.00	2891.00	2891.00	2891.00	2891.00	2892.00	2892.00	2892.00	2892.00	2892.00	2893.00	2893.00	2893.00	2893.00	2893.00	2894.00	2894.00	2894.00	2894.00	2894.00	2894.00	2895.00	2895.00	2895.00	2895.00	2895.00	2895.00	2895.00	2896.00	2896.00	2896.00	2896.00	2896.00	2897.00	2897.00	2897.00	2897.00	2897.00	2898.00	2898.00	2898.00	2898.00	2899.00	2899.00	2899.00	2899.00	2899.00	2900.00	2900.00	2900.00	2900.00	2901.00	2901.00	2901.00	2901.00	2901.00	2902.00	2902.00	2902.00	2902.00	2902.00	2903.00	2903.00	2903.00	2904.00	2904.00	2904.00	2905.00	2905.00	2905.00	2905.00	2905.00	2906.00	2906.00	2906.00	2906.00	2907.00	2907.00	2907.00	2907.00	2907.00	2907.00	2908.00	2908.00	2908.00	2908.00	2909.00	2909.00	2909.00	2909.00	2909.00	2910.00	2910.00	2910.00	2910.00	2911.00	2911.00	2911.00	2911.00	2911.00	2911.00	2911.00	2911.00	2911.00	2912.00	2912.00	2912.00	2912.00	2912.00	2912.00	2912.00	2913.00	2913.00	2913.00	2913.00	2913.00	2913.00	2914.00	2914.00	2914.00	2914.00
2864.00	2864.00	2864.00	2864.00	2864.00	2865.00	2865.00	2865.00	2865.00	2865.00	2866.00	2866.00	2866.00	2866.00	2866.00	2866.00	2866.00	2867.00	2867.00	2867.00	2867.00	2867.00	2867.00	2868.00	2868.00	2868.00	2868.00	2868.00	2868.00	2869.00	2869.00	2869.00	2869.00	2870.00	2870.00	2870.00	2870.00	2870.00	2871.00	2871.00	2871.00	2871.00	2871.00	2871.00	2872.00	2872.00	2872.00	2872.00	2872.00	2873.00	2873.00	2873.00	2873.00	2874.00	2874.00	2874.00	2874.00	2874.00	2875.00	2875.00	2875.00	2875.00	2876.00	2876.00	2876.00	2876.00	2876.00	2877.00	2877.00	2877.00	2877.00	2877.00	2877.00	2878.00	2878.00	2878.00	2878.00	2878.00	2879.00	2879.00	2879.00	2880.00	2880.00	2880.00	2880.00	2881.00	2881.00	2881.00	2881.00	2881.00	2881.00	2882.00	2882.00	2882.00	2882.00	2882.00	2882.00	2883.00	2883.00	2883.00	2884.00	2884.00	2884.00	2884.00	2884.00	2885.00	2885.00	2885.00	2886.00	2886.00	2886.00	2886.00	2886.00	2887.00	2887.00	2887.00	2887.00	2888.00	2888.00	2888.00	2888.00	2888.00	2888.00	2889.00	2889.00	2889.00	2889.00	2889.00	2889.00	2890.00	2890.00	2890.00	2890.00	2890.00	2891.00	2891.00	2891.00	2891.00	2891.00	2891.00	2892.00	2892.00	2892.00	2892.00	2892.00	2893.00	2893.00	2893.00	2893.00	2893.00	2894.00	2894.00	2894.00	2894.00	2894.00	2894.00	2895.00	2895.00	2895.00	2895.00	2895.00	2895.00	2895.00	2896.00	2896.00	2896.00	2896.00	2896.00	2897.00	2897.00	2897.00	2897.00	2897.00	2898.00	2898.00	2898.00	2898.00	2899.00	2899.00	2899.00	2899.00	2899.00	2900.00	2900.00	2900.00	2900.00	2901.00	2901.00	2901.00	2901.00	2901.00	2902.00	2902.00	2902.00	2902.00	2902.00	2903.00	2903.00	2903.00	2904.00	2904.00	2904.00	2905.00	2905.00	2905.00	2905.00	2905.00	2906.00	2906.00	2906.00	2906.00	2907.00	2907.00	2907.00	2907.00	2907.00	2907.00	2908.00	2908.00	2908.00	2908.00	2909.00	2909.00	2909.00	2909.00	2909.00	2910.00	2910.00	2910.00	2910.00	2911.00	2911.00	2911.00	2911.00	2911.00	2911.00	2911.00	2911.00	2911.00	2912.00	2912.00	2912.00	2912.00	2912.00	2912.00	2912.00	2913.00	2913.00	2913.00	2913.00	2913.00	2913.00	2914.00	2914.00	2914.00	2914.00
2864.00	2864.00	2864.00	2864.00	2864.00	2865.00	2865.00	2865.00	2865.00	2865.00	2866.00	2866.00	2866.00	2866.00	2866.00	2866.00	2866.00	2867.00	2867.00	2867.00	2867.00	2867.00	2867.00	2868.00	2868.00	2868.00	2868.00	2868.00	2868.00	2869.00	2869.00	2869.00	2869.00	2870.00	2870.00	2870.00	2870.00	2870.00	2871.00	2871.00	2871.00	2871.00	2871.00	2871.00	2872.00	2872.00	2872.00	2872.00	2872.00	2873.00	2873.00	2873.00	2873.00	2874.00	2874.00	2874.00	2874.00	2874.00	2875.00	2875.00	2875.00	2875.00	2876.00	2876.00	2876.00	2876.00	2876.00	2877.00	2877.00	2877.00	2877.00	2877.00	2877.00	2878.00	2878.00	2878.00	2878.00	2878.00	2879.00	2879.00	2879.00	2880.00	2880.00	2880.00	2880.00	2881.00	2881.00	2881.00	2881.00	2881.00	2881.00	2882.00	2882.00	2882.00	2882.00	2882.00	2882.00	2883.00	2883.00	2883.00	2884.00	2884.00	2884.00	2884.00	2884.00	2885.00	2885.00	2885.00	2886.00	2886.00	2886.00	2886.00	2886.00	2887.00	2887.00	2887.00	2887.00	2888.00	2888.00	2888.00	2888.00	2888.00	2888.00	2889.00	2889.00	2889.00	2889.00	2889.00	2889.00	2890.00	2890.00	2890.00	2890.00	2890.00	2891.00	2891.00	2891.00	2891.00	2891.00	2891.00	2892.00	2892.00	2892.00	2892.00	2892.00	2893.00	2893.00	2893.00	2893.00	2893.00	2894.00	2894.00	2894.00	2894.00	2894.00	2894.00	2895.00	2895.00	2895.00	2895.00	2895.00	2895.00	2895.00	2896.00	2896.00	2896.00	2896.00	2896.00	2897.00	2897.00	2897.00	2897.00	2897.00	2898.00	2898.00	2898.00	2898.00	2899.00	2899.00	2899.00	2899.00	2899.00	2900.00	2900.00	2900.00	2900.00	2901.00	2901.00	2901.00	2901.00	2901.00	2902.00	2902.00	2902.00	2902.00	2902.00	2903.00	2903.00	2903.00	2904.00	2904.00	2904.00	2905.00	2905.00	2905.00	2905.00	2905.00	2906.00	2906.00	2906.00	2906.00	2907.00	2907.00	2907.00	2907.00	2907.00	2907.00	2908.00	2908.00	2908.00	2908.00	2909.00	2909.00	2909.00	2909.00	2909.00	2910.00	2910.00	2910.00	2910.00	2911.00	2911.00	2911.00	2911.00	2911.00	2911.00	2911.00	2911.00	2911.00	2912.00	2912.00	2912.00	2912.00	2912.00	2912.00	2912.00	2913.00	2913.00	2913.00	2913.00	2913.00	2913.00	2914.00	2914.00	2914.00	2914.00
2862.00	2863.00	2863.00	2863.00	2863.00	2863.00	2863.00	2863.00	2864.00	2864.00	2864.00	2864.00	2865.00	2865.00	2865.00	2865.00	2865.00	2865.00	2865.00	2866.00	2866.00	2866.00	2866.00	2866.00	2867.00	2867.00	2867.00	2867.00	2867.00	2868.00	2868.00	2868.00	2868.00	2869.00	2869.00	2869.00	2869.00	2870.00	2870.00	2870.00	2870.00	2871.00	2871.00	2871.00	2871.00	2871.00	2872.00	2872.00	2872.00	2872.00	2873.00	2873.00	2873.00	2873.00	2873.00	2874.00	2874.00	2874.00	2874.00	2874.00	2875.00	2875.00	2875.00	2875.00	2875.00	2875.00	2875.00	2875.00	2875.00	2876.00	2876.00	2876.00	2876.00	2876.00	2877.00	2877.00	2877.00	2877.00	2877.00	2878.00	2878.00	2878.00	2878.00	2878.00	2878.00	2879.00	2879.00	2879.00	2879.00	2879.00	2879.00	2879.00	2880.00	2880.00	2880.00	2880.00	2880.00	2880.00	2880.00	2881.00	2881.00	2881.00	2882.00	2882.00	2882.00	2882.00	2883.00	2883.00	2883.00	2884.00	2884.00	2884.00	2884.00	2884.00	2885.00	2885.00	2885.00	2885.00	2886.00	2886.00	2886.00	2886.00	2886.00	2886.00	2887.00	2887.00	2887.00	2887.00	2887.00	2888.00	2888.00	2888.00	2888.00	2888.00	2889.00	2889.00	2889.00	2889.00	2890.00	2890.00	2890.00	2890.00	2890.00	2890.00	2890.00	2891.00	2891.00	2891.00	2891.00	2892.00	2892.00	2892.00	2892.00	2892.00	2893.00	2893.00	2893.00	2893.00	2894.00	2894.00	2894.00	2894.00	2894.00	2894.00	2895.00	2895.00	2895.00	2895.00	2895.00	2895.00	2896.00	2896.00	2896.00	2896.00	2896.00	2896.00	2897.00	2897.00	2897.00	2898.00	2898.00	2898.00	2899.00	2899.00	2899.00	2899.00	2900.00	2900.00	2900.00	2900.00	2900.00	2901.00	2901.00	2901.00	2902.00	2902.00	2902.00	2903.00	2903.00	2903.00	2903.00	2903.00	2904.00	2904.00	2904.00	2905.00	2905.00	2905.00	2905.00	2906.00	2906.00	2906.00	2906.00	2906.00	2907.00	2907.00	2907.00	2907.00	2908.00	2908.00	2908.00	2908.00	2908.00	2909.00	2909.00	2909.00	2909.00	2909.00	2909.00	2910.00	2910.00	2910.00	2910.00	2910.00	2910.00	2910.00	2910.00	2910.00	2910.00	2911.00	2911.00	2911.00	2911.00	2912.00	2912.00	2912.00	2912.00	2912.00	2912.00	2913.00	2913.00	2913.00	2913.00	2914.00	2914.00	2914.00
2862.00	2863.00	2863.00	2863.00	2863.00	2863.00	2863.00	2863.00	2864.00	2864.00	2864.00	2864.00	2865.00	2865.00	2865.00	2865.00	2865.00	2865.00	2865.00	2866.00	2866.00	2866.00	2866.00	2866.00	2867.00	2867.00	2867.00	2867.00	2867.00	2868.00	2868.00	2868.00	2868.00	2869.00	2869.00	2869.00	2869.00	2870.00	2870.00	2870.00	2870.00	2871.00	2871.00	2871.00	2871.00	2871.00	2872.00	2872.00	2872.00	2872.00	2873.00	2873.00	2873.00	2873.00	2873.00	2874.00	2874.00	2874.00	2874.00	2874.00	2875.00	2875.00	2875.00	2875.00	2875.00	2875.00	2875.00	2875.00	2875.00	2876.00	2876.00	2876.00	2876.00	2876.00	2877.00	2877.00	2877.00	2877.00	2877.00	2878.00	2878.00	2878.00	2878.00	2878.00	2878.00	2879.00	2879.00	2879.00	2879.00	2879.00	2879.00	2879.00	2880.00	2880.00	2880.00	2880.00	2880.00	2880.00	2880.00	2881.00	2881.00	2881.00	2882.00	2882.00	2882.00	2882.00	2883.00	2883.00	2883.00	2884.00	2884.00	2884.00	2884.00	2884.00	2885.00	2885.00	2885.00	2885.00	2886.00	2886.00	2886.00	2886.00	2886.00	2886.00	2887.00	2887.00	2887.00	2887.00	2887.00	2888.00	2888.00	2888.00	2888.00	2888.00	2889.00	2889.00	2889.00	2889.00	2890.00	2890.00	2890.00	2890.00	2890.00	2890.00	2890.00	2891.00	2891.00	2891.00	2891.00	2892.00	2892.00	2892.00	2892.00	2892.00	2893.00	2893.00	2893.00	2893.00	2894.00	2894.00	2894.00	2894.00	2894.00	2894.00	2895.00	2895.00	2895.00	2895.00	2895.00	2895.00	2896.00	2896.00	2896.00	2896.00	2896.00	2896.00	2897.00	2897.00	2897.00	2898.00	2898.00	2898.00	2899.00	2899.00	2899.00	2899.00	2900.00	2900.00	2900.00	2900.00	2900.00	2901.00	2901.00	2901.00	2902.00	2902.00	2902.00	2903.00	2903.00	2903.00	2903.00	2903.00	2904.00	2904.00	2904.00	2905.00	2905.00	2905.00	2905.00	2906.00	2906.00	2906.00	2906.00	2906.00	2907.00	2907.00	2907.00	2907.00	2908.00	2908.00	2908.00	2908.00	2908.00	2909.00	2909.00	2909.00	2909.00	2909.00	2909.00	2910.00	2910.00	2910.00	2910.00	2910.00	2910.00	2910.00	2910.00	2910.00	2910.00	2911.00	2911.00	2911.00	2911.00	2912.00	2912.00	2912.00	2912.00	2912.00	2912.00	2913.00	2913.00	2913.00	2913.00	2914.00	2914.00	2914.00
2862.00	2863.00	2863.00	2863.00	2863.00	2863.00	2863.00	2863.00	2864.00	2864.00	2864.00	2864.00	2865.00	2865.00	2865.00	2865.00	2865.00	2865.00	2865.00	2866.00	2866.00	2866.00	2866.00	2866.00	2867.00	2867.00	2867.00	2867.00	2867.00	2868.00	2868.00	2868.00	2868.00	2869.00	2869.00	2869.00	2869.00	2870.00	2870.00	2870.00	2870.00	2871.00	2871.00	2871.00	2871.00	2871.00	2872.00	2872.00	2872.00	2872.00	2873.00	2873.00	2873.00	2873.00	2873.00	2874.00	2874.00	2874.00	2874.00	2874.00	2875.00	2875.00	2875.00	2875.00	2875.00	2875.00	2875.00	2875.00	2875.00	2876.00	2876.00	2876.00	2876.00	2876.00	2877.00	2877.00	2877.00	2877.00	2877.00	2878.00	2878.00	2878.00	2878.00	2878.00	2878.00	2879.00	2879.00	2879.00	2879.00	2879.00	2879.00	2879.00	2880.00	2880.00	2880.00	2880.00	2880.00	2880.00	2880.00	2881.00	2881.00	2881.00	2882.00	2882.00	2882.00	2882.00	2883.00	2883.00	2883.00	2884.00	2884.00	2884.00	2884.00	2884.00	2885.00	2885.00	2885.00	2885.00	2886.00	2886.00	2886.00	2886.00	2886.00	2886.00	2887.00	2887.00	2887.00	2887.00	2887.00	2888.00	2888.00	2888.00	2888.00	2888.00	2889.00	2889.00	2889.00	2889.00	2890.00	2890.00	2890.00	2890.00	2890.00	2890.00	2890.00	2891.00	2891.00	2891.00	2891.00	2892.00	2892.00	2892.00	2892.00	2892.00	2893.00	2893.00	2893.00	2893.00	2894.00	2894.00	2894.00	2894.00	2894.00	2894.00	2895.00	2895.00	2895.00	2895.00	2895.00	2895.00	2896.00	2896.00	2896.00	2896.00	2896.00	2896.00	2897.00	2897.00	2897.00	2898.00	2898.00	2898.00	2899.00	2899.00	2899.00	2899.00	2900.00	2900.00	2900.00	2900.00	2900.00	2901.00	2901.00	2901.00	2902.00	2902.00	2902.00	2903.00	2903.00	2903.00	2903.00	2903.00	2904.00	2904.00	2904.00	2905.00	2905.00	2905.00	2905.00	2906.00	2906.00	2906.00	2906.00	2906.00	2907.00	2907.00	2907.00	2907.00	2908.00	2908.00	2908.00	2908.00	2908.00	2909.00	2909.00	2909.00	2909.00	2909.00	2909.00	2910.00	2910.00	2910.00	2910.00	2910.00	2910.00	2910.00	2910.00	2910.00	2910.00	2911.00	2911.00	2911.00	2911.00	2912.00	2912.00	2912.00	2912.00	2912.00	2912.00	2913.00	2913.00	2913.00	2913.00	2914.00	2914.00	2914.00
2862.00	2863.00	2863.00	2863.00	2863.00	2863.00	2863.00	2863.00	2864.00	2864.00	2864.00	2864.00	2865.00	2865.00	2865.00	2865.00	2865.00	2865.00	2865.00	2866.00	2866.00	2866.00	2866.00	2866.00	2867.00	2867.00	2867.00	2867.00	2867.00	2868.00	2868.00	2868.00	2868.00	2869.00	2869.00	2869.00	2869.00	2870.00	2870.00	2870.00	2870.00	2871.00	2871.00	2871.00	2871.00	2871.00	2872.00	2872.00	2872.00	2872.00	2873.00	2873.00	2873.00	2873.00	2873.00	2874.00	2874.00	2874.00	2874.00	2874.00	2875.00	2875.00	2875.00	2875.00	2875.00	2875.00	2875.00	2875.00	2875.00	2876.00	2876.00	2876.00	2876.00	2876.00	2877.00	2877.00	2877.00	2877.00	2877.00	2878.00	2878.00	2878.00	2878.00	2878.00	2878.00	2879.00	2879.00	2879.00	2879.00	2879.00	2879.00	2879.00	2880.00	2880.00	2880.00	2880.00	2880.00	2880.00	2880.00	2881.00	2881.00	2881.00	2882.00	2882.00	2882.00	2882.00	2883.00	2883.00	2883.00	2884.00	2884.00	2884.00	2884.00	2884.00	2885.00	2885.00	2885.00	2885.00	2886.00	2886.00	2886.00	2886.00	2886.00	2886.00	2887.00	2887.00	2887.00	2887.00	2887.00	2888.00	2888.00	2888.00	2888.00	2888.00	2889.00	2889.00	2889.00	2889.00	2890.00	2890.00	2890.00	2890.00	2890.00	2890.00	2890.00	2891.00	2891.00	2891.00	2891.00	2892.00	2892.00	2892.00	2892.00	2892.00	2893.00	2893.00	2893.00	2893.00	2894.00	2894.00	2894.00	2894.00	2894.00	2894.00	2895.00	2895.00	2895.00	2895.00	2895.00	2895.00	2896.00	2896.00	2896.00	2896.00	2896.00	2896.00	2897.00	2897.00	2897.00	2898.00	2898.00	2898.00	2899.00	2899.00	2899.00	2899.00	2900.00	2900.00	2900.00	2900.00	2900.00	2901.00	2901.00	2901.00	2902.00	2902.00	2902.00	2903.00	2903.00	2903.00	2903.00	2903.00	2904.00	2904.00	2904.00	2905.00	2905.00	2905.00	2905.00	2906.00	2906.00	2906.00	2906.00	2906.00	2907.00	2907.00	2907.00	2907.00	2908.00	2908.00	2908.00	2908.00	2908.00	2909.00	2909.00	2909.00	2909.00	2909.00	2909.00	2910.00	2910.00	2910.00	2910.00	2910.00	2910.00	2910.00	2910.00	2910.00	2910.00	2911.00	2911.00	2911.00	2911.00	2912.00	2912.00	2912.00	2912.00	2912.00	2912.00	2913.00	2913.00	2913.00	2913.00	2914.00	2914.00	2914.00
2862.00	2863.00	2863.00	2863.00	2863.00	2863.00	2863.00	2863.00	2864.00	2864.00	2864.00	2864.00	2865.00	2865.00	2865.00	2865.00	2865.00	2865.00	2865.00	2866.00	2866.00	2866.00	2866.00	2866.00	2867.00	2867.00	2867.00	2867.00	2867.00	2868.00	2868.00	2868.00	2868.00	2869.00	2869.00	2869.00	2869.00	2870.00	2870.00	2870.00	2870.00	2871.00	2871.00	2871.00	2871.00	2871.00	2872.00	2872.00	2872.00	2872.00	2873.00	2873.00	2873.00	2873.00	2873.00	2874.00	2874.00	2874.00	2874.00	2874.00	2875.00	2875.00	2875.00	2875.00	2875.00	2875.00	2875.00	2875.00	2875.00	2876.00	2876.00	2876.00	2876.00	2876.00	2877.00	2877.00	2877.00	2877.00	2877.00	2878.00	2878.00	2878.00	2878.00	2878.00	2878.00	2879.00	2879.00	2879.00	2879.00	2879.00	2879.00	2879.00	2880.00	2880.00	2880.00	2880.00	2880.00	2880.00	2880.00	2881.00	2881.00	2881.00	2882.00	2882.00	2882.00	2882.00	2883.00	2883.00	2883.00	2884.00	2884.00	2884.00	2884.00	2884.00	2885.00	2885.00	2885.00	2885.00	2886.00	2886.00	2886.00	2886.00	2886.00	2886.00	2887.00	2887.00	2887.00	2887.00	2887.00	2888.00	2888.00	2888.00	2888.00	2888.00	2889.00	2889.00	2889.00	2889.00	2890.00	2890.00	2890.00	2890.00	2890.00	2890.00	2890.00	2891.00	2891.00	2891.00	2891.00	2892.00	2892.00	2892.00	2892.00	2892.00	2893.00	2893.00	2893.00	2893.00	2894.00	2894.00	2894.00	2894.00	2894.00	2894.00	2895.00	2895.00	2895.00	2895.00	2895.00	2895.00	2896.00	2896.00	2896.00	2896.00	2896.00	2896.00	2897.00	2897.00	2897.00	2898.00	2898.00	2898.00	2899.00	2899.00	2899.00	2899.00	2900.00	2900.00	2900.00	2900.00	2900.00	2901.00	2901.00	2901.00	2902.00	2902.00	2902.00	2903.00	2903.00	2903.00	2903.00	2903.00	2904.00	2904.00	2904.00	2905.00	2905.00	2905.00	2905.00	2906.00	2906.00	2906.00	2906.00	2906.00	2907.00	2907.00	2907.00	2907.00	2908.00	2908.00	2908.00	2908.00	2908.00	2909.00	2909.00	2909.00	2909.00	2909.00	2909.00	2910.00	2910.00	2910.00	2910.00	2910.00	2910.00	2910.00	2910.00	2910.00	2910.00	2911.00	2911.00	2911.00	2911.00	2912.00	2912.00	2912.00	2912.00	2912.00	2912.00	2913.00	2913.00	2913.00	2913.00	2914.00	2914.00	2914.00
2862.00	2863.00	2863.00	2863.00	2863.00	2863.00	2863.00	2863.00	2864.00	2864.00	2864.00	2864.00	2865.00	2865.00	2865.00	2865.00	2865.00	2865.00	2865.00	2866.00	2866.00	2866.00	2866.00	2866.00	2867.00	2867.00	2867.00	2867.00	2867.00	2868.00	2868.00	2868.00	2868.00	2869.00	2869.00	2869.00	2869.00	2870.00	2870.00	2870.00	2870.00	2871.00	2871.00	2871.00	2871.00	2871.00	2872.00	2872.00	2872.00	2872.00	2873.00	2873.00	2873.00	2873.00	2873.00	2874.00	2874.00	2874.00	2874.00	2874.00	2875.00	2875.00	2875.00	2875.00	2875.00	2875.00	2875.00	2875.00	2875.00	2876.00	2876.00	2876.00	2876.00	2876.00	2877.00	2877.00	2877.00	2877.00	2877.00	2878.00	2878.00	2878.00	2878.00	2878.00	2878.00	2879.00	2879.00	2879.00	2879.00	2879.00	2879.00	2879.00	2880.00	2880.00	2880.00	2880.00	2880.00	2880.00	2880.00	2881.00	2881.00	2881.00	2882.00	2882.00	2882.00	2882.00	2883.00	2883.00	2883.00	2884.00	2884.00	2884.00	2884.00	2884.00	2885.00	2885.00	2885.00	2885.00	2886.00	2886.00	2886.00	2886.00	2886.00	2886.00	2887.00	2887.00	2887.00	2887.00	2887.00	2888.00	2888.00	2888.00	2888.00	2888.00	2889.00	2889.00	2889.00	2889.00	2890.00	2890.00	2890.00	2890.00	2890.00	2890.00	2890.00	2891.00	2891.00	2891.00	2891.00	2892.00	2892.00	2892.00	2892.00	2892.00	2893.00	2893.00	2893.00	2893.00	2894.00	2894.00	2894.00	2894.00	2894.00	2894.00	2895.00	2895.00	2895.00	2895.00	2895.00	2895.00	2896.00	2896.00	2896.00	2896.00	2896.00	2896.00	2897.00	2897.00	2897.00	2898.00	2898.00	2898.00	2899.00	2899.00	2899.00	2899.00	2900.00	2900.00	2900.00	2900.00	2900.00	2901.00	2901.00	2901.00	2902.00	2902.00	2902.00	2903.00	2903.00	2903.00	2903.00	2903.00	2904.00	2904.00	2904.00	2905.00	2905.00	2905.00	2905.00	2906.00	2906.00	2906.00	2906.00	2906.00	2907.00	2907.00	2907.00	2907.00	2908.00	2908.00	2908.00	2908.00	2908.00	2909.00	2909.00	2909.00	2909.00	2909.00	2909.00	2910.00	2910.00	2910.00	2910.00	2910.00	2910.00	2910.00	2910.00	2910.00	2910.00	2911.00	2911.00	2911.00	2911.00	2912.00	2912.00	2912.00	2912.00	2912.00	2912.00	2913.00	2913.00	2913.00	2913.00	2914.00	2914.00	2914.00
2862.00	2863.00	2863.00	2863.00	2863.00	2863.00	2863.00	2863.00	2864.00	2864.00	2864.00	2864.00	2865.00	2865.00	2865.00	2865.00	2865.00	2865.00	2865.00	2866.00	2866.00	2866.00	2866.00	2866.00	2867.00	2867.00	2867.00	2867.00	2867.00	2868.00	2868.00	2868.00	2868.00	2869.00	2869.00	2869.00	2869.00	2870.00	2870.00	2870.00	2870.00	2871.00	2871.00	2871.00	2871.00	2871.00	2872.00	2872.00	2872.00	2872.00	2873.00	2873.00	2873.00	2873.00	2873.00	2874.00	2874.00	2874.00	2874.00	2874.00	2875.00	2875.00	2875.00	2875.00	2875.00	2875.00	2875.00	2875.00	2875.00	2876.00	2876.00	2876.00	2876.00	2876.00	2877.00	2877.00	2877.00	2877.00	2877.00	2878.00	2878.00	2878.00	2878.00	2878.00	2878.00	2879.00	2879.00	2879.00	2879.00	2879.00	2879.00	2879.00	2880.00	2880.00	2880.00	2880.00	2880.00	2880.00	2880.00	2881.00	2881.00	2881.00	2882.00	2882.00	2882.00	2882.00	2883.00	2883.00	2883.00	2884.00	2884.00	2884.00	2884.00	2884.00	2885.00	2885.00	2885.00	2885.00	2886.00	2886.00	2886.00	2886.00	2886.00	2886.00	2887.00	2887.00	2887.00	2887.00	2887.00	2888.00	2888.00	2888.00	2888.00	2888.00	2889.00	2889.00	2889.00	2889.00	2890.00	2890.00	2890.00	2890.00	2890.00	2890.00	2890.00	2891.00	2891.00	2891.00	2891.00	2892.00	2892.00	2892.00	2892.00	2892.00	2893.00	2893.00	2893.00	2893.00	2894.00	2894.00	2894.00	2894.00	2894.00	2894.00	2895.00	2895.00	2895.00	2895.00	2895.00	2895.00	2896.00	2896.00	2896.00	2896.00	2896.00	2896.00	2897.00	2897.00	2897.00	2898.00	2898.00	2898.00	2899.00	2899.00	2899.00	2899.00	2900.00	2900.00	2900.00	2900.00	2900.00	2901.00	2901.00	2901.00	2902.00	2902.00	2902.00	2903.00	2903.00	2903.00	2903.00	2903.00	2904.00	2904.00	2904.00	2905.00	2905.00	2905.00	2905.00	2906.00	2906.00	2906.00	2906.00	2906.00	2907.00	2907.00	2907.00	2907.00	2908.00	2908.00	2908.00	2908.00	2908.00	2909.00	2909.00	2909.00	2909.00	2909.00	2909.00	2910.00	2910.00	2910.00	2910.00	2910.00	2910.00	2910.00	2910.00	2910.00	2910.00	2911.00	2911.00	2911.00	2911.00	2912.00	2912.00	2912.00	2912.00	2912.00	2912.00	2913.00	2913.00	2913.00	2913.00	2914.00	2914.00	2914.00
2862.00	2863.00	2863.00	2863.00	2863.00	2863.00	2863.00	2863.00	2864.00	2864.00	2864.00	2864.00	2865.00	2865.00	2865.00	2865.00	2865.00	2865.00	2865.00	2866.00	2866.00	2866.00	2866.00	2866.00	2867.00	2867.00	2867.00	2867.00	2867.00	2868.00	2868.00	2868.00	2868.00	2869.00	2869.00	2869.00	2869.00	2870.00	2870.00	2870.00	2870.00	2871.00	2871.00	2871.00	2871.00	2871.00	2872.00	2872.00	2872.00	2872.00	2873.00	2873.00	2873.00	2873.00	2873.00	2874.00	2874.00	2874.00	2874.00	2874.00	2875.00	2875.00	2875.00	2875.00	2875.00	2875.00	2875.00	2875.00	2875.00	2876.00	2876.00	2876.00	2876.00	2876.00	2877.00	2877.00	2877.00	2877.00	2877.00	2878.00	2878.00	2878.00	2878.00	2878.00	2878.00	2879.00	2879.00	2879.00	2879.00	2879.00	2879.00	2879.00	2880.00	2880.00	2880.00	2880.00	2880.00	2880.00	2880.00	2881.00	2881.00	2881.00	2882.00	2882.00	2882.00	2882.00	2883.00	2883.00	2883.00	2884.00	2884.00	2884.00	2884.00	2884.00	2885.00	2885.00	2885.00	2885.00	2886.00	2886.00	2886.00	2886.00	2886.00	2886.00	2887.00	2887.00	2887.00	2887.00	2887.00	2888.00	2888.00	2888.00	2888.00	2888.00	2889.00	2889.00	2889.00	2889.00	2890.00	2890.00	2890.00	2890.00	2890.00	2890.00	2890.00	2891.00	2891.00	2891.00	2891.00	2892.00	2892.00	2892.00	2892.00	2892.00	2893.00	2893.00	2893.00	2893.00	2894.00	2894.00	2894.00	2894.00	2894.00	2894.00	2895.00	2895.00	2895.00	2895.00	2895.00	2895.00	2896.00	2896.00	2896.00	2896.00	2896.00	2896.00	2897.00	2897.00	2897.00	2898.00	2898.00	2898.00	2899.00	2899.00	2899.00	2899.00	2900.00	2900.00	2900.00	2900.00	2900.00	2901.00	2901.00	2901.00	2902.00	2902.00	2902.00	2903.00	2903.00	2903.00	2903.00	2903.00	2904.00	2904.00	2904.00	2905.00	2905.00	2905.00	2905.00	2906.00	2906.00	2906.00	2906.00	2906.00	2907.00	2907.00	2907.00	2907.00	2908.00	2908.00	2908.00	2908.00	2908.00	2909.00	2909.00	2909.00	2909.00	2909.00	2909.00	2910.00	2910.00	2910.00	2910.00	2910.00	2910.00	2910.00	2910.00	2910.00	2910.00	2911.00	2911.00	2911.00	2911.00	2912.00	2912.00	2912.00	2912.00	2912.00	2912.00	2913.00	2913.00	2913.00	2913.00	2914.00	2914.00	2914.00
2862.00	2863.00	2863.00	2863.00	2863.00	2863.00	2863.00	2863.00	2864.00	2864.00	2864.00	2864.00	2865.00	2865.00	2865.00	2865.00	2865.00	2865.00	2865.00	2866.00	2866.00	2866.00	2866.00	2866.00	2867.00	2867.00	2867.00	2867.00	2867.00	2868.00	2868.00	2868.00	2868.00	2869.00	2869.00	2869.00	2869.00	2870.00	2870.00	2870.00	2870.00	2871.00	2871.00	2871.00	2871.00	2871.00	2872.00	2872.00	2872.00	2872.00	2873.00	2873.00	2873.00	2873.00	2873.00	2874.00	2874.00	2874.00	2874.00	2874.00	2875.00	2875.00	2875.00	2875.00	2875.00	2875.00	2875.00	2875.00	2875.00	2876.00	2876.00	2876.00	2876.00	2876.00	2877.00	2877.00	2877.00	2877.00	2877.00	2878.00	2878.00	2878.00	2878.00	2878.00	2878.00	2879.00	2879.00	2879.00	2879.00	2879.00	2879.00	2879.00	2880.00	2880.00	2880.00	2880.00	2880.00	2880.00	2880.00	2881.00	2881.00	2881.00	2882.00	2882.00	2882.00	2882.00	2883.00	2883.00	2883.00	2884.00	2884.00	2884.00	2884.00	2884.00	2885.00	2885.00	2885.00	2885.00	2886.00	2886.00	2886.00	2886.00	2886.00	2886.00	2887.00	2887.00	2887.00	2887.00	2887.00	2888.00	2888.00	2888.00	2888.00	2888.00	2889.00	2889.00	2889.00	2889.00	2890.00	2890.00	2890.00	2890.00	2890.00	2890.00	2890.00	2891.00	2891.00	2891.00	2891.00	2892.00	2892.00	2892.00	2892.00	2892.00	2893.00	2893.00	2893.00	2893.00	2894.00	2894.00	2894.00	2894.00	2894.00	2894.00	2895.00	2895.00	2895.00	2895.00	2895.00	2895.00	2896.00	2896.00	2896.00	2896.00	2896.00	2896.00	2897.00	2897.00	2897.00	2898.00	2898.00	2898.00	2899.00	2899.00	2899.00	2899.00	2900.00	2900.00	2900.00	2900.00	2900.00	2901.00	2901.00	2901.00	2902.00	2902.00	2902.00	2903.00	2903.00	2903.00	2903.00	2903.00	2904.00	2904.00	2904.00	2905.00	2905.00	2905.00	2905.00	2906.00	2906.00	2906.00	2906.00	2906.00	2907.00	2907.00	2907.00	2907.00	2908.00	2908.00	2908.00	2908.00	2908.00	2909.00	2909.00	2909.00	2909.00	2909.00	2909.00	2910.00	2910.00	2910.00	2910.00	2910.00	2910.00	2910.00	2910.00	2910.00	2910.00	2911.00	2911.00	2911.00	2911.00	2912.00	2912.00	2912.00	2912.00	2912.00	2912.00	2913.00	2913.00	2913.00	2913.00	2914.00	2914.00	2914.00
2861.00	2861.00	2861.00	2862.00	2862.00	2862.00	2862.00	2862.00	2862.00	2863.00	2863.00	2863.00	2863.00	2863.00	2863.00	2863.00	2863.00	2864.00	2864.00	2864.00	2864.00	2865.00	2865.00	2865.00	2865.00	2865.00	2866.00	2866.00	2866.00	2867.00	2867.00	2867.00	2868.00	2868.00	2868.00	2869.00	2869.00	2869.00	2870.00	2870.00	2870.00	2870.00	2871.00	2871.00	2871.00	2871.00	2871.00	2871.00	2871.00	2872.00	2872.00	2872.00	2872.00	2873.00	2873.00	2873.00	2873.00	2873.00	2873.00	2873.00	2873.00	2873.00	2874.00	2874.00	2874.00	2874.00	2874.00	2874.00	2874.00	2874.00	2875.00	2875.00	2875.00	2875.00	2875.00	2875.00	2875.00	2875.00	2875.00	2875.00	2875.00	2876.00	2876.00	2876.00	2876.00	2876.00	2876.00	2877.00	2877.00	2877.00	2877.00	2877.00	2877.00	2877.00	2878.00	2878.00	2878.00	2878.00	2878.00	2878.00	2878.00	2878.00	2879.00	2879.00	2879.00	2880.00	2880.00	2880.00	2880.00	2881.00	2881.00	2881.00	2881.00	2881.00	2882.00	2882.00	2882.00	2882.00	2883.00	2883.00	2883.00	2883.00	2883.00	2884.00	2884.00	2884.00	2884.00	2885.00	2885.00	2885.00	2885.00	2886.00	2886.00	2886.00	2886.00	2887.00	2887.00	2887.00	2887.00	2887.00	2888.00	2888.00	2888.00	2888.00	2888.00	2889.00	2889.00	2889.00	2889.00	2889.00	2890.00	2890.00	2890.00	2890.00	2891.00	2891.00	2891.00	2891.00	2892.00	2892.00	2892.00	2892.00	2892.00	2892.00	2892.00	2893.00	2893.00	2893.00	2893.00	2893.00	2894.00	2894.00	2894.00	2894.00	2894.00	2895.00	2895.00	2896.00	2896.00	2896.00	2896.00	2897.00	2897.00	2897.00	2897.00	2898.00	2898.00	2898.00	2899.00	2899.00	2899.00	2900.00	2900.00	2900.00	2901.00	2901.00	2901.00	2902.00	2902.00	2902.00	2903.00	2903.00	2903.00	2903.00	2903.00	2904.00	2904.00	2904.00	2904.00	2905.00	2905.00	2905.00	2905.00	2905.00	2906.00	2906.00	2906.00	2907.00	2907.00	2907.00	2907.00	2908.00	2908.00	2908.00	2908.00	2908.00	2908.00	2908.00	2909.00	2909.00	2909.00	2909.00	2909.00	2909.00	2909.00	2910.00	2910.00	2910.00	2910.00	2910.00	2910.00	2911.00	2911.00	2911.00	2911.00	2911.00	2912.00	2912.00	2912.00	2912.00	2913.00	2913.00	2913.00	2913.00	2913.00	2914.00
2861.00	2861.00	2861.00	2862.00	2862.00	2862.00	2862.00	2862.00	2862.00	2863.00	2863.00	2863.00	2863.00	2863.00	2863.00	2863.00	2863.00	2864.00	2864.00	2864.00	2864.00	2865.00	2865.00	2865.00	2865.00	2865.00	2866.00	2866.00	2866.00	2867.00	2867.00	2867.00	2868.00	2868.00	2868.00	2869.00	2869.00	2869.00	2870.00	2870.00	2870.00	2870.00	2871.00	2871.00	2871.00	2871.00	2871.00	2871.00	2871.00	2872.00	2872.00	2872.00	2872.00	2873.00	2873.00	2873.00	2873.00	2873.00	2873.00	2873.00	2873.00	2873.00	2874.00	2874.00	2874.00	2874.00	2874.00	2874.00	2874.00	2874.00	2875.00	2875.00	2875.00	2875.00	2875.00	2875.00	2875.00	2875.00	2875.00	2875.00	2875.00	2876.00	2876.00	2876.00	2876.00	2876.00	2876.00	2877.00	2877.00	2877.00	2877.00	2877.00	2877.00	2877.00	2878.00	2878.00	2878.00	2878.00	2878.00	2878.00	2878.00	2878.00	2879.00	2879.00	2879.00	2880.00	2880.00	2880.00	2880.00	2881.00	2881.00	2881.00	2881.00	2881.00	2882.00	2882.00	2882.00	2882.00	2883.00	2883.00	2883.00	2883.00	2883.00	2884.00	2884.00	2884.00	2884.00	2885.00	2885.00	2885.00	2885.00	2886.00	2886.00	2886.00	2886.00	2887.00	2887.00	2887.00	2887.00	2887.00	2888.00	2888.00	2888.00	2888.00	2888.00	2889.00	2889.00	2889.00	2889.00	2889.00	2890.00	2890.00	2890.00	2890.00	2891.00	2891.00	2891.00	2891.00	2892.00	2892.00	2892.00	2892.00	2892.00	2892.00	2892.00	2893.00	2893.00	2893.00	2893.00	2893.00	2894.00	2894.00	2894.00	2894.00	2894.00	2895.00	2895.00	2896.00	2896.00	2896.00	2896.00	2897.00	2897.00	2897.00	2897.00	2898.00	2898.00	2898.00	2899.00	2899.00	2899.00	2900.00	2900.00	2900.00	2901.00	2901.00	2901.00	2902.00	2902.00	2902.00	2903.00	2903.00	2903.00	2903.00	2903.00	2904.00	2904.00	2904.00	2904.00	2905.00	2905.00	2905.00	2905.00	2905.00	2906.00	2906.00	2906.00	2907.00	2907.00	2907.00	2907.00	2908.00	2908.00	2908.00	2908.00	2908.00	2908.00	2908.00	2909.00	2909.00	2909.00	2909.00	2909.00	2909.00	2909.00	2910.00	2910.00	2910.00	2910.00	2910.00	2910.00	2911.00	2911.00	2911.00	2911.00	2911.00	2912.00	2912.00	2912.00	2912.00	2913.00	2913.00	2913.00	2913.00	2913.00	2914.00
2861.00	2861.00	2861.00	2862.00	2862.00	2862.00	2862.00	2862.00	2862.00	2863.00	2863.00	2863.00	2863.00	2863.00	2863.00	2863.00	2863.00	2864.00	2864.00	2864.00	2864.00	2865.00	2865.00	2865.00	2865.00	2865.00	2866.00	2866.00	2866.00	2867.00	2867.00	2867.00	2868.00	2868.00	2868.00	2869.00	2869.00	2869.00	2870.00	2870.00	2870.00	2870.00	2871.00	2871.00	2871.00	2871.00	2871.00	2871.00	2871.00	2872.00	2872.00	2872.00	2872.00	2873.00	2873.00	2873.00	2873.00	2873.00	2873.00	2873.00	2873.00	2873.00	2874.00	2874.00	2874.00	2874.00	2874.00	2874.00	2874.00	2874.00	2875.00	2875.00	2875.00	2875.00	2875.00	2875.00	2875.00	2875.00	2875.00	2875.00	2875.00	2876.00	2876.00	2876.00	2876.00	2876.00	2876.00	2877.00	2877.00	2877.00	2877.00	2877.00	2877.00	2877.00	2878.00	2878.00	2878.00	2878.00	2878.00	2878.00	2878.00	2878.00	2879.00	2879.00	2879.00	2880.00	2880.00	2880.00	2880.00	2881.00	2881.00	2881.00	2881.00	2881.00	2882.00	2882.00	2882.00	2882.00	2883.00	2883.00	2883.00	2883.00	2883.00	2884.00	2884.00	2884.00	2884.00	2885.00	2885.00	2885.00	2885.00	2886.00	2886.00	2886.00	2886.00	2887.00	2887.00	2887.00	2887.00	2887.00	2888.00	2888.00	2888.00	2888.00	2888.00	2889.00	2889.00	2889.00	2889.00	2889.00	2890.00	2890.00	2890.00	2890.00	2891.00	2891.00	2891.00	2891.00	2892.00	2892.00	2892.00	2892.00	2892.00	2892.00	2892.00	2893.00	2893.00	2893.00	2893.00	2893.00	2894.00	2894.00	2894.00	2894.00	2894.00	2895.00	2895.00	2896.00	2896.00	2896.00	2896.00	2897.00	2897.00	2897.00	2897.00	2898.00	2898.00	2898.00	2899.00	2899.00	2899.00	2900.00	2900.00	2900.00	2901.00	2901.00	2901.00	2902.00	2902.00	2902.00	2903.00	2903.00	2903.00	2903.00	2903.00	2904.00	2904.00	2904.00	2904.00	2905.00	2905.00	2905.00	2905.00	2905.00	2906.00	2906.00	2906.00	2907.00	2907.00	2907.00	2907.00	2908.00	2908.00	2908.00	2908.00	2908.00	2908.00	2908.00	2909.00	2909.00	2909.00	2909.00	2909.00	2909.00	2909.00	2910.00	2910.00	2910.00	2910.00	2910.00	2910.00	2911.00	2911.00	2911.00	2911.00	2911.00	2912.00	2912.00	2912.00	2912.00	2913.00	2913.00	2913.00	2913.00	2913.00	2914.00
2861.00	2861.00	2861.00	2862.00	2862.00	2862.00	2862.00	2862.00	2862.00	2863.00	2863.00	2863.00	2863.00	2863.00	2863.00	2863.00	2863.00	2864.00	2864.00	2864.00	2864.00	2865.00	2865.00	2865.00	2865.00	2865.00	2866.00	2866.00	2866.00	2867.00	2867.00	2867.00	2868.00	2868.00	2868.00	2869.00	2869.00	2869.00	2870.00	2870.00	2870.00	2870.00	2871.00	2871.00	2871.00	2871.00	2871.00	2871.00	2871.00	2872.00	2872.00	2872.00	2872.00	2873.00	2873.00	2873.00	2873.00	2873.00	2873.00	2873.00	2873.00	2873.00	2874.00	2874.00	2874.00	2874.00	2874.00	2874.00	2874.00	2874.00	2875.00	2875.00	2875.00	2875.00	2875.00	2875.00	2875.00	2875.00	2875.00	2875.00	2875.00	2876.00	2876.00	2876.00	2876.00	2876.00	2876.00	2877.00	2877.00	2877.00	2877.00	2877.00	2877.00	2877.00	2878.00	2878.00	2878.00	2878.00	2878.00	2878.00	2878.00	2878.00	2879.00	2879.00	2879.00	2880.00	2880.00	2880.00	2880.00	2881.00	2881.00	2881.00	2881.00	2881.00	2882.00	2882.00	2882.00	2882.00	2883.00	2883.00	2883.00	2883.00	2883.00	2884.00	2884.00	2884.00	2884.00	2885.00	2885.00	2885.00	2885.00	2886.00	2886.00	2886.00	2886.00	2887.00	2887.00	2887.00	2887.00	2887.00	2888.00	2888.00	2888.00	2888.00	2888.00	2889.00	2889.00	2889.00	2889.00	2889.00	2890.00	2890.00	2890.00	2890.00	2891.00	2891.00	2891.00	2891.00	2892.00	2892.00	2892.00	2892.00	2892.00	2892.00	2892.00	2893.00	2893.00	2893.00	2893.00	2893.00	2894.00	2894.00	2894.00	2894.00	2894.00	2895.00	2895.00	2896.00	2896.00	2896.00	2896.00	2897.00	2897.00	2897.00	2897.00	2898.00	2898.00	2898.00	2899.00	2899.00	2899.00	2900.00	2900.00	2900.00	2901.00	2901.00	2901.00	2902.00	2902.00	2902.00	2903.00	2903.00	2903.00	2903.00	2903.00	2904.00	2904.00	2904.00	2904.00	2905.00	2905.00	2905.00	2905.00	2905.00	2906.00	2906.00	2906.00	2907.00	2907.00	2907.00	2907.00	2908.00	2908.00	2908.00	2908.00	2908.00	2908.00	2908.00	2909.00	2909.00	2909.00	2909.00	2909.00	2909.00	2909.00	2910.00	2910.00	2910.00	2910.00	2910.00	2910.00	2911.00	2911.00	2911.00	2911.00	2911.00	2912.00	2912.00	2912.00	2912.00	2913.00	2913.00	2913.00	2913.00	2913.00	2914.00
2861.00	2861.00	2861.00	2862.00	2862.00	2862.00	2862.00	2862.00	2862.00	2863.00	2863.00	2863.00	2863.00	2863.00	2863.00	2863.00	2863.00	2864.00	2864.00	2864.00	2864.00	2865.00	2865.00	2865.00	2865.00	2865.00	2866.00	2866.00	2866.00	2867.00	2867.00	2867.00	2868.00	2868.00	2868.00	2869.00	2869.00	2869.00	2870.00	2870.00	2870.00	2870.00	2871.00	2871.00	2871.00	2871.00	2871.00	2871.00	2871.00	2872.00	2872.00	2872.00	2872.00	2873.00	2873.00	2873.00	2873.00	2873.00	2873.00	2873.00	2873.00	2873.00	2874.00	2874.00	2874.00	2874.00	2874.00	2874.00	2874.00	2874.00	2875.00	2875.00	2875.00	2875.00	2875.00	2875.00	2875.00	2875.00	2875.00	2875.00	2875.00	2876.00	2876.00	2876.00	2876.00	2876.00	2876.00	2877.00	2877.00	2877.00	2877.00	2877.00	2877.00	2877.00	2878.00	2878.00	2878.00	2878.00	2878.00	2878.00	2878.00	2878.00	2879.00	2879.00	2879.00	2880.00	2880.00	2880.00	2880.00	2881.00	2881.00	2881.00	2881.00	2881.00	2882.00	2882.00	2882.00	2882.00	2883.00	2883.00	2883.00	2883.00	2883.00	2884.00	2884.00	2884.00	2884.00	2885.00	2885.00	2885.00	2885.00	2886.00	2886.00	2886.00	2886.00	2887.00	2887.00	2887.00	2887.00	2887.00	2888.00	2888.00	2888.00	2888.00	2888.00	2889.00	2889.00	2889.00	2889.00	2889.00	2890.00	2890.00	2890.00	2890.00	2891.00	2891.00	2891.00	2891.00	2892.00	2892.00	2892.00	2892.00	2892.00	2892.00	2892.00	2893.00	2893.00	2893.00	2893.00	2893.00	2894.00	2894.00	2894.00	2894.00	2894.00	2895.00	2895.00	2896.00	2896.00	2896.00	2896.00	2897.00	2897.00	2897.00	2897.00	2898.00	2898.00	2898.00	2899.00	2899.00	2899.00	2900.00	2900.00	2900.00	2901.00	2901.00	2901.00	2902.00	2902.00	2902.00	2903.00	2903.00	2903.00	2903.00	2903.00	2904.00	2904.00	2904.00	2904.00	2905.00	2905.00	2905.00	2905.00	2905.00	2906.00	2906.00	2906.00	2907.00	2907.00	2907.00	2907.00	2908.00	2908.00	2908.00	2908.00	2908.00	2908.00	2908.00	2909.00	2909.00	2909.00	2909.00	2909.00	2909.00	2909.00	2910.00	2910.00	2910.00	2910.00	2910.00	2910.00	2911.00	2911.00	2911.00	2911.00	2911.00	2912.00	2912.00	2912.00	2912.00	2913.00	2913.00	2913.00	2913.00	2913.00	2914.00
2861.00	2861.00	2861.00	2862.00	2862.00	2862.00	2862.00	2862.00	2862.00	2863.00	2863.00	2863.00	2863.00	2863.00	2863.00	2863.00	2863.00	2864.00	2864.00	2864.00	2864.00	2865.00	2865.00	2865.00	2865.00	2865.00	2866.00	2866.00	2866.00	2867.00	2867.00	2867.00	2868.00	2868.00	2868.00	2869.00	2869.00	2869.00	2870.00	2870.00	2870.00	2870.00	2871.00	2871.00	2871.00	2871.00	2871.00	2871.00	2871.00	2872.00	2872.00	2872.00	2872.00	2873.00	2873.00	2873.00	2873.00	2873.00	2873.00	2873.00	2873.00	2873.00	2874.00	2874.00	2874.00	2874.00	2874.00	2874.00	2874.00	2874.00	2875.00	2875.00	2875.00	2875.00	2875.00	2875.00	2875.00	2875.00	2875.00	2875.00	2875.00	2876.00	2876.00	2876.00	2876.00	2876.00	2876.00	2877.00	2877.00	2877.00	2877.00	2877.00	2877.00	2877.00	2878.00	2878.00	2878.00	2878.00	2878.00	2878.00	2878.00	2878.00	2879.00	2879.00	2879.00	2880.00	2880.00	2880.00	2880.00	2881.00	2881.00	2881.00	2881.00	2881.00	2882.00	2882.00	2882.00	2882.00	2883.00	2883.00	2883.00	2883.00	2883.00	2884.00	2884.00	2884.00	2884.00	2885.00	2885.00	2885.00	2885.00	2886.00	2886.00	2886.00	2886.00	2887.00	2887.00	2887.00	2887.00	2887.00	2888.00	2888.00	2888.00	2888.00	2888.00	2889.00	2889.00	2889.00	2889.00	2889.00	2890.00	2890.00	2890.00	2890.00	2891.00	2891.00	2891.00	2891.00	2892.00	2892.00	2892.00	2892.00	2892.00	2892.00	2892.00	2893.00	2893.00	2893.00	2893.00	2893.00	2894.00	2894.00	2894.00	2894.00	2894.00	2895.00	2895.00	2896.00	2896.00	2896.00	2896.00	2897.00	2897.00	2897.00	2897.00	2898.00	2898.00	2898.00	2899.00	2899.00	2899.00	2900.00	2900.00	2900.00	2901.00	2901.00	2901.00	2902.00	2902.00	2902.00	2903.00	2903.00	2903.00	2903.00	2903.00	2904.00	2904.00	2904.00	2904.00	2905.00	2905.00	2905.00	2905.00	2905.00	2906.00	2906.00	2906.00	2907.00	2907.00	2907.00	2907.00	2908.00	2908.00	2908.00	2908.00	2908.00	2908.00	2908.00	2909.00	2909.00	2909.00	2909.00	2909.00	2909.00	2909.00	2910.00	2910.00	2910.00	2910.00	2910.00	2910.00	2911.00	2911.00	2911.00	2911.00	2911.00	2912.00	2912.00	2912.00	2912.00	2913.00	2913.00	2913.00	2913.00	2913.00	2914.00
2861.00	2861.00	2861.00	2862.00	2862.00	2862.00	2862.00	2862.00	2862.00	2863.00	2863.00	2863.00	2863.00	2863.00	2863.00	2863.00	2863.00	2864.00	2864.00	2864.00	2864.00	2865.00	2865.00	2865.00	2865.00	2865.00	2866.00	2866.00	2866.00	2867.00	2867.00	2867.00	2868.00	2868.00	2868.00	2869.00	2869.00	2869.00	2870.00	2870.00	2870.00	2870.00	2871.00	2871.00	2871.00	2871.00	2871.00	2871.00	2871.00	2872.00	2872.00	2872.00	2872.00	2873.00	2873.00	2873.00	2873.00	2873.00	2873.00	2873.00	2873.00	2873.00	2874.00	2874.00	2874.00	2874.00	2874.00	2874.00	2874.00	2874.00	2875.00	2875.00	2875.00	2875.00	2875.00	2875.00	2875.00	2875.00	2875.00	2875.00	2875.00	2876.00	2876.00	2876.00	2876.00	2876.00	2876.00	2877.00	2877.00	2877.00	2877.00	2877.00	2877.00	2877.00	2878.00	2878.00	2878.00	2878.00	2878.00	2878.00	2878.00	2878.00	2879.00	2879.00	2879.00	2880.00	2880.00	2880.00	2880.00	2881.00	2881.00	2881.00	2881.00	2881.00	2882.00	2882.00	2882.00	2882.00	2883.00	2883.00	2883.00	2883.00	2883.00	2884.00	2884.00	2884.00	2884.00	2885.00	2885.00	2885.00	2885.00	2886.00	2886.00	2886.00	2886.00	2887.00	2887.00	2887.00	2887.00	2887.00	2888.00	2888.00	2888.00	2888.00	2888.00	2889.00	2889.00	2889.00	2889.00	2889.00	2890.00	2890.00	2890.00	2890.00	2891.00	2891.00	2891.00	2891.00	2892.00	2892.00	2892.00	2892.00	2892.00	2892.00	2892.00	2893.00	2893.00	2893.00	2893.00	2893.00	2894.00	2894.00	2894.00	2894.00	2894.00	2895.00	2895.00	2896.00	2896.00	2896.00	2896.00	2897.00	2897.00	2897.00	2897.00	2898.00	2898.00	2898.00	2899.00	2899.00	2899.00	2900.00	2900.00	2900.00	2901.00	2901.00	2901.00	2902.00	2902.00	2902.00	2903.00	2903.00	2903.00	2903.00	2903.00	2904.00	2904.00	2904.00	2904.00	2905.00	2905.00	2905.00	2905.00	2905.00	2906.00	2906.00	2906.00	2907.00	2907.00	2907.00	2907.00	2908.00	2908.00	2908.00	2908.00	2908.00	2908.00	2908.00	2909.00	2909.00	2909.00	2909.00	2909.00	2909.00	2909.00	2910.00	2910.00	2910.00	2910.00	2910.00	2910.00	2911.00	2911.00	2911.00	2911.00	2911.00	2912.00	2912.00	2912.00	2912.00	2913.00	2913.00	2913.00	2913.00	2913.00	2914.00
2861.00	2861.00	2861.00	2862.00	2862.00	2862.00	2862.00	2862.00	2862.00	2863.00	2863.00	2863.00	2863.00	2863.00	2863.00	2863.00	2863.00	2864.00	2864.00	2864.00	2864.00	2865.00	2865.00	2865.00	2865.00	2865.00	2866.00	2866.00	2866.00	2867.00	2867.00	2867.00	2868.00	2868.00	2868.00	2869.00	2869.00	2869.00	2870.00	2870.00	2870.00	2870.00	2871.00	2871.00	2871.00	2871.00	2871.00	2871.00	2871.00	2872.00	2872.00	2872.00	2872.00	2873.00	2873.00	2873.00	2873.00	2873.00	2873.00	2873.00	2873.00	2873.00	2874.00	2874.00	2874.00	2874.00	2874.00	2874.00	2874.00	2874.00	2875.00	2875.00	2875.00	2875.00	2875.00	2875.00	2875.00	2875.00	2875.00	2875.00	2875.00	2876.00	2876.00	2876.00	2876.00	2876.00	2876.00	2877.00	2877.00	2877.00	2877.00	2877.00	2877.00	2877.00	2878.00	2878.00	2878.00	2878.00	2878.00	2878.00	2878.00	2878.00	2879.00	2879.00	2879.00	2880.00	2880.00	2880.00	2880.00	2881.00	2881.00	2881.00	2881.00	2881.00	2882.00	2882.00	2882.00	2882.00	2883.00	2883.00	2883.00	2883.00	2883.00	2884.00	2884.00	2884.00	2884.00	2885.00	2885.00	2885.00	2885.00	2886.00	2886.00	2886.00	2886.00	2887.00	2887.00	2887.00	2887.00	2887.00	2888.00	2888.00	2888.00	2888.00	2888.00	2889.00	2889.00	2889.00	2889.00	2889.00	2890.00	2890.00	2890.00	2890.00	2891.00	2891.00	2891.00	2891.00	2892.00	2892.00	2892.00	2892.00	2892.00	2892.00	2892.00	2893.00	2893.00	2893.00	2893.00	2893.00	2894.00	2894.00	2894.00	2894.00	2894.00	2895.00	2895.00	2896.00	2896.00	2896.00	2896.00	2897.00	2897.00	2897.00	2897.00	2898.00	2898.00	2898.00	2899.00	2899.00	2899.00	2900.00	2900.00	2900.00	2901.00	2901.00	2901.00	2902.00	2902.00	2902.00	2903.00	2903.00	2903.00	2903.00	2903.00	2904.00	2904.00	2904.00	2904.00	2905.00	2905.00	2905.00	2905.00	2905.00	2906.00	2906.00	2906.00	2907.00	2907.00	2907.00	2907.00	2908.00	2908.00	2908.00	2908.00	2908.00	2908.00	2908.00	2909.00	2909.00	2909.00	2909.00	2909.00	2909.00	2909.00	2910.00	2910.00	2910.00	2910.00	2910.00	2910.00	2911.00	2911.00	2911.00	2911.00	2911.00	2912.00	2912.00	2912.00	2912.00	2913.00	2913.00	2913.00	2913.00	2913.00	2914.00
2861.00	2861.00	2861.00	2862.00	2862.00	2862.00	2862.00	2862.00	2862.00	2863.00	2863.00	2863.00	2863.00	2863.00	2863.00	2863.00	2863.00	2864.00	2864.00	2864.00	2864.00	2865.00	2865.00	2865.00	2865.00	2865.00	2866.00	2866.00	2866.00	2867.00	2867.00	2867.00	2868.00	2868.00	2868.00	2869.00	2869.00	2869.00	2870.00	2870.00	2870.00	2870.00	2871.00	2871.00	2871.00	2871.00	2871.00	2871.00	2871.00	2872.00	2872.00	2872.00	2872.00	2873.00	2873.00	2873.00	2873.00	2873.00	2873.00	2873.00	2873.00	2873.00	2874.00	2874.00	2874.00	2874.00	2874.00	2874.00	2874.00	2874.00	2875.00	2875.00	2875.00	2875.00	2875.00	2875.00	2875.00	2875.00	2875.00	2875.00	2875.00	2876.00	2876.00	2876.00	2876.00	2876.00	2876.00	2877.00	2877.00	2877.00	2877.00	2877.00	2877.00	2877.00	2878.00	2878.00	2878.00	2878.00	2878.00	2878.00	2878.00	2878.00	2879.00	2879.00	2879.00	2880.00	2880.00	2880.00	2880.00	2881.00	2881.00	2881.00	2881.00	2881.00	2882.00	2882.00	2882.00	2882.00	2883.00	2883.00	2883.00	2883.00	2883.00	2884.00	2884.00	2884.00	2884.00	2885.00	2885.00	2885.00	2885.00	2886.00	2886.00	2886.00	2886.00	2887.00	2887.00	2887.00	2887.00	2887.00	2888.00	2888.00	2888.00	2888.00	2888.00	2889.00	2889.00	2889.00	2889.00	2889.00	2890.00	2890.00	2890.00	2890.00	2891.00	2891.00	2891.00	2891.00	2892.00	2892.00	2892.00	2892.00	2892.00	2892.00	2892.00	2893.00	2893.00	2893.00	2893.00	2893.00	2894.00	2894.00	2894.00	2894.00	2894.00	2895.00	2895.00	2896.00	2896.00	2896.00	2896.00	2897.00	2897.00	2897.00	2897.00	2898.00	2898.00	2898.00	2899.00	2899.00	2899.00	2900.00	2900.00	2900.00	2901.00	2901.00	2901.00	2902.00	2902.00	2902.00	2903.00	2903.00	2903.00	2903.00	2903.00	2904.00	2904.00	2904.00	2904.00	2905.00	2905.00	2905.00	2905.00	2905.00	2906.00	2906.00	2906.00	2907.00	2907.00	2907.00	2907.00	2908.00	2908.00	2908.00	2908.00	2908.00	2908.00	2908.00	2909.00	2909.00	2909.00	2909.00	2909.00	2909.00	2909.00	2910.00	2910.00	2910.00	2910.00	2910.00	2910.00	2911.00	2911.00	2911.00	2911.00	2911.00	2912.00	2912.00	2912.00	2912.00	2913.00	2913.00	2913.00	2913.00	2913.00	2914.00
2859.00	2859.00	2859.00	2859.00	2859.00	2860.00	2860.00	2860.00	2860.00	2860.00	2861.00	2861.00	2861.00	2861.00	2861.00	2861.00	2861.00	2862.00	2862.00	2862.00	2862.00	2862.00	2862.00	2863.00	2863.00	2863.00	2864.00	2864.00	2864.00	2865.00	2865.00	2865.00	2866.00	2866.00	2866.00	2867.00	2867.00	2867.00	2868.00	2868.00	2868.00	2868.00	2869.00	2869.00	2869.00	2869.00	2869.00	2870.00	2870.00	2870.00	2871.00	2871.00	2871.00	2871.00	2871.00	2871.00	2871.00	2871.00	2871.00	2871.00	2871.00	2871.00	2872.00	2872.00	2872.00	2872.00	2872.00	2872.00	2872.00	2872.00	2872.00	2872.00	2872.00	2873.00	2873.00	2873.00	2873.00	2873.00	2873.00	2873.00	2873.00	2873.00	2874.00	2874.00	2874.00	2874.00	2874.00	2874.00	2874.00	2874.00	2874.00	2874.00	2874.00	2874.00	2874.00	2874.00	2875.00	2875.00	2875.00	2875.00	2875.00	2875.00	2876.00	2876.00	2876.00	2876.00	2876.00	2876.00	2877.00	2877.00	2877.00	2877.00	2877.00	2878.00	2878.00	2878.00	2878.00	2878.00	2879.00	2879.00	2879.00	2879.00	2879.00	2880.00	2880.00	2880.00	2881.00	2881.00	2881.00	2882.00	2882.00	2882.00	2883.00	2883.00	2883.00	2883.00	2884.00	2884.00	2884.00	2884.00	2884.00	2885.00	2885.00	2885.00	2885.00	2886.00	2886.00	2886.00	2886.00	2886.00	2887.00	2887.00	2887.00	2887.00	2888.00	2888.00	2888.00	2888.00	2889.00	2889.00	2889.00	2890.00	2890.00	2890.00	2891.00	2891.00	2891.00	2891.00	2892.00	2892.00	2892.00	2892.00	2892.00	2893.00	2893.00	2893.00	2894.00	2894.00	2894.00	2895.00	2895.00	2895.00	2895.00	2895.00	2896.00	2896.00	2897.00	2897.00	2897.00	2897.00	2898.00	2898.00	2898.00	2899.00	2900.00	2900.00	2900.00	2901.00	2901.00	2901.00	2901.00	2901.00	2902.00	2902.00	2902.00	2903.00	2903.00	2903.00	2903.00	2904.00	2904.00	2904.00	2905.00	2905.00	2905.00	2905.00	2905.00	2905.00	2906.00	2906.00	2906.00	2906.00	2906.00	2907.00	2907.00	2907.00	2907.00	2907.00	2908.00	2908.00	2908.00	2908.00	2908.00	2908.00	2909.00	2909.00	2909.00	2909.00	2909.00	2910.00	2910.00	2910.00	2910.00	2911.00	2911.00	2911.00	2911.00	2911.00	2912.00	2912.00	2912.00	2912.00	2912.00	2913.00	2913.00	2913.00
2859.00	2859.00	2859.00	2859.00	2859.00	2860.00	2860.00	2860.00	2860.00	2860.00	2861.00	2861.00	2861.00	2861.00	2861.00	2861.00	2861.00	2862.00	2862.00	2862.00	2862.00	2862.00	2862.00	2863.00	2863.00	2863.00	2864.00	2864.00	2864.00	2865.00	2865.00	2865.00	2866.00	2866.00	2866.00	2867.00	2867.00	2867.00	2868.00	2868.00	2868.00	2868.00	2869.00	2869.00	2869.00	2869.00	2869.00	2870.00	2870.00	2870.00	2871.00	2871.00	2871.00	2871.00	2871.00	2871.00	2871.00	2871.00	2871.00	2871.00	2871.00	2871.00	2872.00	2872.00	2872.00	2872.00	2872.00	2872.00	2872.00	2872.00	2872.00	2872.00	2872.00	2873.00	2873.00	2873.00	2873.00	2873.00	2873.00	2873.00	2873.00	2873.00	2874.00	2874.00	2874.00	2874.00	2874.00	2874.00	2874.00	2874.00	2874.00	2874.00	2874.00	2874.00	2874.00	2874.00	2875.00	2875.00	2875.00	2875.00	2875.00	2875.00	2876.00	2876.00	2876.00	2876.00	2876.00	2876.00	2877.00	2877.00	2877.00	2877.00	2877.00	2878.00	2878.00	2878.00	2878.00	2878.00	2879.00	2879.00	2879.00	2879.00	2879.00	2880.00	2880.00	2880.00	2881.00	2881.00	2881.00	2882.00	2882.00	2882.00	2883.00	2883.00	2883.00	2883.00	2884.00	2884.00	2884.00	2884.00	2884.00	2885.00	2885.00	2885.00	2885.00	2886.00	2886.00	2886.00	2886.00	2886.00	2887.00	2887.00	2887.00	2887.00	2888.00	2888.00	2888.00	2888.00	2889.00	2889.00	2889.00	2890.00	2890.00	2890.00	2891.00	2891.00	2891.00	2891.00	2892.00	2892.00	2892.00	2892.00	2892.00	2893.00	2893.00	2893.00	2894.00	2894.00	2894.00	2895.00	2895.00	2895.00	2895.00	2895.00	2896.00	2896.00	2897.00	2897.00	2897.00	2897.00	2898.00	2898.00	2898.00	2899.00	2900.00	2900.00	2900.00	2901.00	2901.00	2901.00	2901.00	2901.00	2902.00	2902.00	2902.00	2903.00	2903.00	2903.00	2903.00	2904.00	2904.00	2904.00	2905.00	2905.00	2905.00	2905.00	2905.00	2905.00	2906.00	2906.00	2906.00	2906.00	2906.00	2907.00	2907.00	2907.00	2907.00	2907.00	2908.00	2908.00	2908.00	2908.00	2908.00	2908.00	2909.00	2909.00	2909.00	2909.00	2909.00	2910.00	2910.00	2910.00	2910.00	2911.00	2911.00	2911.00	2911.00	2911.00	2912.00	2912.00	2912.00	2912.00	2912.00	2913.00	2913.00	2913.00
2859.00	2859.00	2859.00	2859.00	2859.00	2860.00	2860.00	2860.00	2860.00	2860.00	2861.00	2861.00	2861.00	2861.00	2861.00	2861.00	2861.00	2862.00	2862.00	2862.00	2862.00	2862.00	2862.00	2863.00	2863.00	2863.00	2864.00	2864.00	2864.00	2865.00	2865.00	2865.00	2866.00	2866.00	2866.00	2867.00	2867.00	2867.00	2868.00	2868.00	2868.00	2868.00	2869.00	2869.00	2869.00	2869.00	2869.00	2870.00	2870.00	2870.00	2871.00	2871.00	2871.00	2871.00	2871.00	2871.00	2871.00	2871.00	2871.00	2871.00	2871.00	2871.00	2872.00	2872.00	2872.00	2872.00	2872.00	2872.00	2872.00	2872.00	2872.00	2872.00	2872.00	2873.00	2873.00	2873.00	2873.00	2873.00	2873.00	2873.00	2873.00	2873.00	2874.00	2874.00	2874.00	2874.00	2874.00	2874.00	2874.00	2874.00	2874.00	2874.00	2874.00	2874.00	2874.00	2874.00	2875.00	2875.00	2875.00	2875.00	2875.00	2875.00	2876.00	2876.00	2876.00	2876.00	2876.00	2876.00	2877.00	2877.00	2877.00	2877.00	2877.00	2878.00	2878.00	2878.00	2878.00	2878.00	2879.00	2879.00	2879.00	2879.00	2879.00	2880.00	2880.00	2880.00	2881.00	2881.00	2881.00	2882.00	2882.00	2882.00	2883.00	2883.00	2883.00	2883.00	2884.00	2884.00	2884.00	2884.00	2884.00	2885.00	2885.00	2885.00	2885.00	2886.00	2886.00	2886.00	2886.00	2886.00	2887.00	2887.00	2887.00	2887.00	2888.00	2888.00	2888.00	2888.00	2889.00	2889.00	2889.00	2890.00	2890.00	2890.00	2891.00	2891.00	2891.00	2891.00	2892.00	2892.00	2892.00	2892.00	2892.00	2893.00	2893.00	2893.00	2894.00	2894.00	2894.00	2895.00	2895.00	2895.00	2895.00	2895.00	2896.00	2896.00	2897.00	2897.00	2897.00	2897.00	2898.00	2898.00	2898.00	2899.00	2900.00	2900.00	2900.00	2901.00	2901.00	2901.00	2901.00	2901.00	2902.00	2902.00	2902.00	2903.00	2903.00	2903.00	2903.00	2904.00	2904.00	2904.00	2905.00	2905.00	2905.00	2905.00	2905.00	2905.00	2906.00	2906.00	2906.00	2906.00	2906.00	2907.00	2907.00	2907.00	2907.00	2907.00	2908.00	2908.00	2908.00	2908.00	2908.00	2908.00	2909.00	2909.00	2909.00	2909.00	2909.00	2910.00	2910.00	2910.00	2910.00	2911.00	2911.00	2911.00	2911.00	2911.00	2912.00	2912.00	2912.00	2912.00	2912.00	2913.00	2913.00	2913.00
2859.00	2859.00	2859.00	2859.00	2859.00	2860.00	2860.00	2860.00	2860.00	2860.00	2861.00	2861.00	2861.00	2861.00	2861.00	2861.00	2861.00	2862.00	2862.00	2862.00	2862.00	2862.00	2862.00	2863.00	2863.00	2863.00	2864.00	2864.00	2864.00	2865.00	2865.00	2865.00	2866.00	2866.00	2866.00	2867.00	2867.00	2867.00	2868.00	2868.00	2868.00	2868.00	2869.00	2869.00	2869.00	2869.00	2869.00	2870.00	2870.00	2870.00	2871.00	2871.00	2871.00	2871.00	2871.00	2871.00	2871.00	2871.00	2871.00	2871.00	2871.00	2871.00	2872.00	2872.00	2872.00	2872.00	2872.00	2872.00	2872.00	2872.00	2872.00	2872.00	2872.00	2873.00	2873.00	2873.00	2873.00	2873.00	2873.00	2873.00	2873.00	2873.00	2874.00	2874.00	2874.00	2874.00	2874.00	2874.00	2874.00	2874.00	2874.00	2874.00	2874.00	2874.00	2874.00	2874.00	2875.00	2875.00	2875.00	2875.00	2875.00	2875.00	2876.00	2876.00	2876.00	2876.00	2876.00	2876.00	2877.00	2877.00	2877.00	2877.00	2877.00	2878.00	2878.00	2878.00	2878.00	2878.00	2879.00	2879.00	2879.00	2879.00	2879.00	2880.00	2880.00	2880.00	2881.00	2881.00	2881.00	2882.00	2882.00	2882.00	2883.00	2883.00	2883.00	2883.00	2884.00	2884.00	2884.00	2884.00	2884.00	2885.00	2885.00	2885.00	2885.00	2886.00	2886.00	2886.00	2886.00	2886.00	2887.00	2887.00	2887.00	2887.00	2888.00	2888.00	2888.00	2888.00	2889.00	2889.00	2889.00	2890.00	2890.00	2890.00	2891.00	2891.00	2891.00	2891.00	2892.00	2892.00	2892.00	2892.00	2892.00	2893.00	2893.00	2893.00	2894.00	2894.00	2894.00	2895.00	2895.00	2895.00	2895.00	2895.00	2896.00	2896.00	2897.00	2897.00	2897.00	2897.00	2898.00	2898.00	2898.00	2899.00	2900.00	2900.00	2900.00	2901.00	2901.00	2901.00	2901.00	2901.00	2902.00	2902.00	2902.00	2903.00	2903.00	2903.00	2903.00	2904.00	2904.00	2904.00	2905.00	2905.00	2905.00	2905.00	2905.00	2905.00	2906.00	2906.00	2906.00	2906.00	2906.00	2907.00	2907.00	2907.00	2907.00	2907.00	2908.00	2908.00	2908.00	2908.00	2908.00	2908.00	2909.00	2909.00	2909.00	2909.00	2909.00	2910.00	2910.00	2910.00	2910.00	2911.00	2911.00	2911.00	2911.00	2911.00	2912.00	2912.00	2912.00	2912.00	2912.00	2913.00	2913.00	2913.00
2859.00	2859.00	2859.00	2859.00	2859.00	2860.00	2860.00	2860.00	2860.00	2860.00	2861.00	2861.00	2861.00	2861.00	2861.00	2861.00	2861.00	2862.00	2862.00	2862.00	2862.00	2862.00	2862.00	2863.00	2863.00	2863.00	2864.00	2864.00	2864.00	2865.00	2865.00	2865.00	2866.00	2866.00	2866.00	2867.00	2867.00	2867.00	2868.00	2868.00	2868.00	2868.00	2869.00	2869.00	2869.00	2869.00	2869.00	2870.00	2870.00	2870.00	2871.00	2871.00	2871.00	2871.00	2871.00	2871.00	2871.00	2871.00	2871.00	2871.00	2871.00	2871.00	2872.00	2872.00	2872.00	2872.00	2872.00	2872.00	2872.00	2872.00	2872.00	2872.00	2872.00	2873.00	2873.00	2873.00	2873.00	2873.00	2873.00	2873.00	2873.00	2873.00	2874.00	2874.00	2874.00	2874.00	2874.00	2874.00	2874.00	2874.00	2874.00	2874.00	2874.00	2874.00	2874.00	2874.00	2875.00	2875.00	2875.00	2875.00	2875.00	2875.00	2876.00	2876.00	2876.00	2876.00	2876.00	2876.00	2877.00	2877.00	2877.00	2877.00	2877.00	2878.00	2878.00	2878.00	2878.00	2878.00	2879.00	2879.00	2879.00	2879.00	2879.00	2880.00	2880.00	2880.00	2881.00	2881.00	2881.00	2882.00	2882.00	2882.00	2883.00	2883.00	2883.00	2883.00	2884.00	2884.00	2884.00	2884.00	2884.00	2885.00	2885.00	2885.00	2885.00	2886.00	2886.00	2886.00	2886.00	2886.00	2887.00	2887.00	2887.00	2887.00	2888.00	2888.00	2888.00	2888.00	2889.00	2889.00	2889.00	2890.00	2890.00	2890.00	2891.00	2891.00	2891.00	2891.00	2892.00	2892.00	2892.00	2892.00	2892.00	2893.00	2893.00	2893.00	2894.00	2894.00	2894.00	2895.00	2895.00	2895.00	2895.00	2895.00	2896.00	2896.00	2897.00	2897.00	2897.00	2897.00	2898.00	2898.00	2898.00	2899.00	2900.00	2900.00	2900.00	2901.00	2901.00	2901.00	2901.00	2901.00	2902.00	2902.00	2902.00	2903.00	2903.00	2903.00	2903.00	2904.00	2904.00	2904.00	2905.00	2905.00	2905.00	2905.00	2905.00	2905.00	2906.00	2906.00	2906.00	2906.00	2906.00	2907.00	2907.00	2907.00	2907.00	2907.00	2908.00	2908.00	2908.00	2908.00	2908.00	2908.00	2909.00	2909.00	2909.00	2909.00	2909.00	2910.00	2910.00	2910.00	2910.00	2911.00	2911.00	2911.00	2911.00	2911.00	2912.00	2912.00	2912.00	2912.00	2912.00	2913.00	2913.00	2913.00
2859.00	2859.00	2859.00	2859.00	2859.00	2860.00	2860.00	2860.00	2860.00	2860.00	2861.00	2861.00	2861.00	2861.00	2861.00	2861.00	2861.00	2862.00	2862.00	2862.00	2862.00	2862.00	2862.00	2863.00	2863.00	2863.00	2864.00	2864.00	2864.00	2865.00	2865.00	2865.00	2866.00	2866.00	2866.00	2867.00	2867.00	2867.00	2868.00	2868.00	2868.00	2868.00	2869.00	2869.00	2869.00	2869.00	2869.00	2870.00	2870.00	2870.00	2871.00	2871.00	2871.00	2871.00	2871.00	2871.00	2871.00	2871.00	2871.00	2871.00	2871.00	2871.00	2872.00	2872.00	2872.00	2872.00	2872.00	2872.00	2872.00	2872.00	2872.00	2872.00	2872.00	2873.00	2873.00	2873.00	2873.00	2873.00	2873.00	2873.00	2873.00	2873.00	2874.00	2874.00	2874.00	2874.00	2874.00	2874.00	2874.00	2874.00	2874.00	2874.00	2874.00	2874.00	2874.00	2874.00	2875.00	2875.00	2875.00	2875.00	2875.00	2875.00	2876.00	2876.00	2876.00	2876.00	2876.00	2876.00	2877.00	2877.00	2877.00	2877.00	2877.00	2878.00	2878.00	2878.00	2878.00	2878.00	2879.00	2879.00	2879.00	2879.00	2879.00	2880.00	2880.00	2880.00	2881.00	2881.00	2881.00	2882.00	2882.00	2882.00	2883.00	2883.00	2883.00	2883.00	2884.00	2884.00	2884.00	2884.00	2884.00	2885.00	2885.00	2885.00	2885.00	2886.00	2886.00	2886.00	2886.00	2886.00	2887.00	2887.00	2887.00	2887.00	2888.00	2888.00	2888.00	2888.00	2889.00	2889.00	2889.00	2890.00	2890.00	2890.00	2891.00	2891.00	2891.00	2891.00	2892.00	2892.00	2892.00	2892.00	2892.00	2893.00	2893.00	2893.00	2894.00	2894.00	2894.00	2895.00	2895.00	2895.00	2895.00	2895.00	2896.00	2896.00	2897.00	2897.00	2897.00	2897.00	2898.00	2898.00	2898.00	2899.00	2900.00	2900.00	2900.00	2901.00	2901.00	2901.00	2901.00	2901.00	2902.00	2902.00	2902.00	2903.00	2903.00	2903.00	2903.00	2904.00	2904.00	2904.00	2905.00	2905.00	2905.00	2905.00	2905.00	2905.00	2906.00	2906.00	2906.00	2906.00	2906.00	2907.00	2907.00	2907.00	2907.00	2907.00	2908.00	2908.00	2908.00	2908.00	2908.00	2908.00	2909.00	2909.00	2909.00	2909.00	2909.00	2910.00	2910.00	2910.00	2910.00	2911.00	2911.00	2911.00	2911.00	2911.00	2912.00	2912.00	2912.00	2912.00	2912.00	2913.00	2913.00	2913.00
2859.00	2859.00	2859.00	2859.00	2859.00	2860.00	2860.00	2860.00	2860.00	2860.00	2861.00	2861.00	2861.00	2861.00	2861.00	2861.00	2861.00	2862.00	2862.00	2862.00	2862.00	2862.00	2862.00	2863.00	2863.00	2863.00	2864.00	2864.00	2864.00	2865.00	2865.00	2865.00	2866.00	2866.00	2866.00	2867.00	2867.00	2867.00	2868.00	2868.00	2868.00	2868.00	2869.00	2869.00	2869.00	2869.00	2869.00	2870.00	2870.00	2870.00	2871.00	2871.00	2871.00	2871.00	2871.00	2871.00	2871.00	2871.00	2871.00	2871.00	2871.00	2871.00	2872.00	2872.00	2872.00	2872.00	2872.00	2872.00	2872.00	2872.00	2872.00	2872.00	2872.00	2873.00	2873.00	2873.00	2873.00	2873.00	2873.00	2873.00	2873.00	2873.00	2874.00	2874.00	2874.00	2874.00	2874.00	2874.00	2874.00	2874.00	2874.00	2874.00	2874.00	2874.00	2874.00	2874.00	2875.00	2875.00	2875.00	2875.00	2875.00	2875.00	2876.00	2876.00	2876.00	2876.00	2876.00	2876.00	2877.00	2877.00	2877.00	2877.00	2877.00	2878.00	2878.00	2878.00	2878.00	2878.00	2879.00	2879.00	2879.00	2879.00	2879.00	2880.00	2880.00	2880.00	2881.00	2881.00	2881.00	2882.00	2882.00	2882.00	2883.00	2883.00	2883.00	2883.00	2884.00	2884.00	2884.00	2884.00	2884.00	2885.00	2885.00	2885.00	2885.00	2886.00	2886.00	2886.00	2886.00	2886.00	2887.00	2887.00	2887.00	2887.00	2888.00	2888.00	2888.00	2888.00	2889.00	2889.00	2889.00	2890.00	2890.00	2890.00	2891.00	2891.00	2891.00	2891.00	2892.00	2892.00	2892.00	2892.00	2892.00	2893.00	2893.00	2893.00	2894.00	2894.00	2894.00	2895.00	2895.00	2895.00	2895.00	2895.00	2896.00	2896.00	2897.00	2897.00	2897.00	2897.00	2898.00	2898.00	2898.00	2899.00	2900.00	2900.00	2900.00	2901.00	2901.00	2901.00	2901.00	2901.00	2902.00	2902.00	2902.00	2903.00	2903.00	2903.00	2903.00	2904.00	2904.00	2904.00	2905.00	2905.00	2905.00	2905.00	2905.00	2905.00	2906.00	2906.00	2906.00	2906.00	2906.00	2907.00	2907.00	2907.00	2907.00	2907.00	2908.00	2908.00	2908.00	2908.00	2908.00	2908.00	2909.00	2909.00	2909.00	2909.00	2909.00	2910.00	2910.00	2910.00	2910.00	2911.00	2911.00	2911.00	2911.00	2911.00	2912.00	2912.00	2912.00	2912.00	2912.00	2913.00	2913.00	2913.00
2859.00	2859.00	2859.00	2859.00	2859.00	2860.00	2860.00	2860.00	2860.00	2860.00	2861.00	2861.00	2861.00	2861.00	2861.00	2861.00	2861.00	2862.00	2862.00	2862.00	2862.00	2862.00	2862.00	2863.00	2863.00	2863.00	2864.00	2864.00	2864.00	2865.00	2865.00	2865.00	2866.00	2866.00	2866.00	2867.00	2867.00	2867.00	2868.00	2868.00	2868.00	2868.00	2869.00	2869.00	2869.00	2869.00	2869.00	2870.00	2870.00	2870.00	2871.00	2871.00	2871.00	2871.00	2871.00	2871.00	2871.00	2871.00	2871.00	2871.00	2871.00	2871.00	2872.00	2872.00	2872.00	2872.00	2872.00	2872.00	2872.00	2872.00	2872.00	2872.00	2872.00	2873.00	2873.00	2873.00	2873.00	2873.00	2873.00	2873.00	2873.00	2873.00	2874.00	2874.00	2874.00	2874.00	2874.00	2874.00	2874.00	2874.00	2874.00	2874.00	2874.00	2874.00	2874.00	2874.00	2875.00	2875.00	2875.00	2875.00	2875.00	2875.00	2876.00	2876.00	2876.00	2876.00	2876.00	2876.00	2877.00	2877.00	2877.00	2877.00	2877.00	2878.00	2878.00	2878.00	2878.00	2878.00	2879.00	2879.00	2879.00	2879.00	2879.00	2880.00	2880.00	2880.00	2881.00	2881.00	2881.00	2882.00	2882.00	2882.00	2883.00	2883.00	2883.00	2883.00	2884.00	2884.00	2884.00	2884.00	2884.00	2885.00	2885.00	2885.00	2885.00	2886.00	2886.00	2886.00	2886.00	2886.00	2887.00	2887.00	2887.00	2887.00	2888.00	2888.00	2888.00	2888.00	2889.00	2889.00	2889.00	2890.00	2890.00	2890.00	2891.00	2891.00	2891.00	2891.00	2892.00	2892.00	2892.00	2892.00	2892.00	2893.00	2893.00	2893.00	2894.00	2894.00	2894.00	2895.00	2895.00	2895.00	2895.00	2895.00	2896.00	2896.00	2897.00	2897.00	2897.00	2897.00	2898.00	2898.00	2898.00	2899.00	2900.00	2900.00	2900.00	2901.00	2901.00	2901.00	2901.00	2901.00	2902.00	2902.00	2902.00	2903.00	2903.00	2903.00	2903.00	2904.00	2904.00	2904.00	2905.00	2905.00	2905.00	2905.00	2905.00	2905.00	2906.00	2906.00	2906.00	2906.00	2906.00	2907.00	2907.00	2907.00	2907.00	2907.00	2908.00	2908.00	2908.00	2908.00	2908.00	2908.00	2909.00	2909.00	2909.00	2909.00	2909.00	2910.00	2910.00	2910.00	2910.00	2911.00	2911.00	2911.00	2911.00	2911.00	2912.00	2912.00	2912.00	2912.00	2912.00	2913.00	2913.00	2913.00
2859.00	2859.00	2859.00	2859.00	2859.00	2860.00	2860.00	2860.00	2860.00	2860.00	2861.00	2861.00	2861.00	2861.00	2861.00	2861.00	2861.00	2862.00	2862.00	2862.00	2862.00	2862.00	2862.00	2863.00	2863.00	2863.00	2864.00	2864.00	2864.00	2865.00	2865.00	2865.00	2866.00	2866.00	2866.00	2867.00	2867.00	2867.00	2868.00	2868.00	2868.00	2868.00	2869.00	2869.00	2869.00	2869.00	2869.00	2870.00	2870.00	2870.00	2871.00	2871.00	2871.00	2871.00	2871.00	2871.00	2871.00	2871.00	2871.00	2871.00	2871.00	2871.00	2872.00	2872.00	2872.00	2872.00	2872.00	2872.00	2872.00	2872.00	2872.00	2872.00	2872.00	2873.00	2873.00	2873.00	2873.00	2873.00	2873.00	2873.00	2873.00	2873.00	2874.00	2874.00	2874.00	2874.00	2874.00	2874.00	2874.00	2874.00	2874.00	2874.00	2874.00	2874.00	2874.00	2874.00	2875.00	2875.00	2875.00	2875.00	2875.00	2875.00	2876.00	2876.00	2876.00	2876.00	2876.00	2876.00	2877.00	2877.00	2877.00	2877.00	2877.00	2878.00	2878.00	2878.00	2878.00	2878.00	2879.00	2879.00	2879.00	2879.00	2879.00	2880.00	2880.00	2880.00	2881.00	2881.00	2881.00	2882.00	2882.00	2882.00	2883.00	2883.00	2883.00	2883.00	2884.00	2884.00	2884.00	2884.00	2884.00	2885.00	2885.00	2885.00	2885.00	2886.00	2886.00	2886.00	2886.00	2886.00	2887.00	2887.00	2887.00	2887.00	2888.00	2888.00	2888.00	2888.00	2889.00	2889.00	2889.00	2890.00	2890.00	2890.00	2891.00	2891.00	2891.00	2891.00	2892.00	2892.00	2892.00	2892.00	2892.00	2893.00	2893.00	2893.00	2894.00	2894.00	2894.00	2895.00	2895.00	2895.00	2895.00	2895.00	2896.00	2896.00	2897.00	2897.00	2897.00	2897.00	2898.00	2898.00	2898.00	2899.00	2900.00	2900.00	2900.00	2901.00	2901.00	2901.00	2901.00	2901.00	2902.00	2902.00	2902.00	2903.00	2903.00	2903.00	2903.00	2904.00	2904.00	2904.00	2905.00	2905.00	2905.00	2905.00	2905.00	2905.00	2906.00	2906.00	2906.00	2906.00	2906.00	2907.00	2907.00	2907.00	2907.00	2907.00	2908.00	2908.00	2908.00	2908.00	2908.00	2908.00	2909.00	2909.00	2909.00	2909.00	2909.00	2910.00	2910.00	2910.00	2910.00	2911.00	2911.00	2911.00	2911.00	2911.00	2912.00	2912.00	2912.00	2912.00	2912.00	2913.00	2913.00	2913.00
2857.00	2857.00	2857.00	2857.00	2857.00	2857.00	2858.00	2858.00	2858.00	2858.00	2858.00	2858.00	2859.00	2859.00	2859.00	2859.00	2859.00	2859.00	2859.00	2860.00	2860.00	2860.00	2860.00	2860.00	2861.00	2861.00	2861.00	2861.00	2862.00	2862.00	2863.00	2863.00	2863.00	2863.00	2863.00	2864.00	2864.00	2864.00	2865.00	2865.00	2865.00	2866.00	2866.00	2866.00	2867.00	2867.00	2867.00	2867.00	2867.00	2867.00	2868.00	2868.00	2868.00	2868.00	2868.00	2868.00	2868.00	2868.00	2868.00	2868.00	2869.00	2869.00	2869.00	2869.00	2869.00	2869.00	2869.00	2869.00	2869.00	2869.00	2869.00	2869.00	2869.00	2870.00	2870.00	2870.00	2870.00	2870.00	2870.00	2870.00	2870.00	2870.00	2870.00	2870.00	2870.00	2870.00	2870.00	2871.00	2871.00	2871.00	2871.00	2871.00	2871.00	2871.00	2871.00	2871.00	2872.00	2872.00	2872.00	2872.00	2872.00	2872.00	2872.00	2872.00	2872.00	2872.00	2873.00	2873.00	2873.00	2873.00	2873.00	2873.00	2873.00	2873.00	2874.00	2874.00	2874.00	2874.00	2875.00	2875.00	2875.00	2875.00	2875.00	2876.00	2876.00	2876.00	2876.00	2877.00	2877.00	2877.00	2877.00	2878.00	2878.00	2878.00	2879.00	2879.00	2880.00	2880.00	2880.00	2880.00	2881.00	2881.00	2881.00	2882.00	2882.00	2882.00	2882.00	2883.00	2883.00	2883.00	2884.00	2884.00	2884.00	2884.00	2885.00	2885.00	2886.00	2886.00	2886.00	2886.00	2886.00	2887.00	2887.00	2887.00	2888.00	2888.00	2888.00	2889.00	2889.00	2889.00	2890.00	2890.00	2890.00	2891.00	2891.00	2891.00	2892.00	2892.00	2892.00	2893.00	2893.00	2893.00	2894.00	2894.00	2894.00	2895.00	2896.00	2896.00	2896.00	2896.00	2897.00	2897.00	2897.00	2898.00	2898.00	2898.00	2899.00	2899.00	2899.00	2900.00	2900.00	2900.00	2900.00	2901.00	2901.00	2901.00	2901.00	2902.00	2902.00	2902.00	2902.00	2903.00	2903.00	2903.00	2904.00	2904.00	2904.00	2905.00	2905.00	2905.00	2905.00	2906.00	2906.00	2906.00	2906.00	2906.00	2907.00	2907.00	2907.00	2907.00	2908.00	2908.00	2908.00	2908.00	2908.00	2909.00	2909.00	2909.00	2909.00	2910.00	2910.00	2910.00	2910.00	2910.00	2910.00	2910.00	2911.00	2911.00	2911.00	2911.00	2911.00	2911.00	2911.00	2911.00	2911.00	2912.00
2857.00	2857.00	2857.00	2857.00	2857.00	2857.00	2858.00	2858.00	2858.00	2858.00	2858.00	2858.00	2859.00	2859.00	2859.00	2859.00	2859.00	2859.00	2859.00	2860.00	2860.00	2860.00	2860.00	2860.00	2861.00	2861.00	2861.00	2861.00	2862.00	2862.00	2863.00	2863.00	2863.00	2863.00	2863.00	2864.00	2864.00	2864.00	2865.00	2865.00	2865.00	2866.00	2866.00	2866.00	2867.00	2867.00	2867.00	2867.00	2867.00	2867.00	2868.00	2868.00	2868.00	2868.00	2868.00	2868.00	2868.00	2868.00	2868.00	2868.00	2869.00	2869.00	2869.00	2869.00	2869.00	2869.00	2869.00	2869.00	2869.00	2869.00	2869.00	2869.00	2869.00	2870.00	2870.00	2870.00	2870.00	2870.00	2870.00	2870.00	2870.00	2870.00	2870.00	2870.00	2870.00	2870.00	2870.00	2871.00	2871.00	2871.00	2871.00	2871.00	2871.00	2871.00	2871.00	2871.00	2872.00	2872.00	2872.00	2872.00	2872.00	2872.00	2872.00	2872.00	2872.00	2872.00	2873.00	2873.00	2873.00	2873.00	2873.00	2873.00	2873.00	2873.00	2874.00	2874.00	2874.00	2874.00	2875.00	2875.00	2875.00	2875.00	2875.00	2876.00	2876.00	2876.00	2876.00	2877.00	2877.00	2877.00	2877.00	2878.00	2878.00	2878.00	2879.00	2879.00	2880.00	2880.00	2880.00	2880.00	2881.00	2881.00	2881.00	2882.00	2882.00	2882.00	2882.00	2883.00	2883.00	2883.00	2884.00	2884.00	2884.00	2884.00	2885.00	2885.00	2886.00	2886.00	2886.00	2886.00	2886.00	2887.00	2887.00	2887.00	2888.00	2888.00	2888.00	2889.00	2889.00	2889.00	2890.00	2890.00	2890.00	2891.00	2891.00	2891.00	2892.00	2892.00	2892.00	2893.00	2893.00	2893.00	2894.00	2894.00	2894.00	2895.00	2896.00	2896.00	2896.00	2896.00	2897.00	2897.00	2897.00	2898.00	2898.00	2898.00	2899.00	2899.00	2899.00	2900.00	2900.00	2900.00	2900.00	2901.00	2901.00	2901.00	2901.00	2902.00	2902.00	2902.00	2902.00	2903.00	2903.00	2903.00	2904.00	2904.00	2904.00	2905.00	2905.00	2905.00	2905.00	2906.00	2906.00	2906.00	2906.00	2906.00	2907.00	2907.00	2907.00	2907.00	2908.00	2908.00	2908.00	2908.00	2908.00	2909.00	2909.00	2909.00	2909.00	2910.00	2910.00	2910.00	2910.00	2910.00	2910.00	2910.00	2911.00	2911.00	2911.00	2911.00	2911.00	2911.00	2911.00	2911.00	2911.00	2912.00
2857.00	2857.00	2857.00	2857.00	2857.00	2857.00	2858.00	2858.00	2858.00	2858.00	2858.00	2858.00	2859.00	2859.00	2859.00	2859.00	2859.00	2859.00	2859.00	2860.00	2860.00	2860.00	2860.00	2860.00	2861.00	2861.00	2861.00	2861.00	2862.00	2862.00	2863.00	2863.00	2863.00	2863.00	2863.00	2864.00	2864.00	2864.00	2865.00	2865.00	2865.00	2866.00	2866.00	2866.00	2867.00	2867.00	2867.00	2867.00	2867.00	2867.00	2868.00	2868.00	2868.00	2868.00	2868.00	2868.00	2868.00	2868.00	2868.00	2868.00	2869.00	2869.00	2869.00	2869.00	2869.00	2869.00	2869.00	2869.00	2869.00	2869.00	2869.00	2869.00	2869.00	2870.00	2870.00	2870.00	2870.00	2870.00	2870.00	2870.00	2870.00	2870.00	2870.00	2870.00	2870.00	2870.00	2870.00	2871.00	2871.00	2871.00	2871.00	2871.00	2871.00	2871.00	2871.00	2871.00	2872.00	2872.00	2872.00	2872.00	2872.00	2872.00	2872.00	2872.00	2872.00	2872.00	2873.00	2873.00	2873.00	2873.00	2873.00	2873.00	2873.00	2873.00	2874.00	2874.00	2874.00	2874.00	2875.00	2875.00	2875.00	2875.00	2875.00	2876.00	2876.00	2876.00	2876.00	2877.00	2877.00	2877.00	2877.00	2878.00	2878.00	2878.00	2879.00	2879.00	2880.00	2880.00	2880.00	2880.00	2881.00	2881.00	2881.00	2882.00	2882.00	2882.00	2882.00	2883.00	2883.00	2883.00	2884.00	2884.00	2884.00	2884.00	2885.00	2885.00	2886.00	2886.00	2886.00	2886.00	2886.00	2887.00	2887.00	2887.00	2888.00	2888.00	2888.00	2889.00	2889.00	2889.00	2890.00	2890.00	2890.00	2891.00	2891.00	2891.00	2892.00	2892.00	2892.00	2893.00	2893.00	2893.00	2894.00	2894.00	2894.00	2895.00	2896.00	2896.00	2896.00	2896.00	2897.00	2897.00	2897.00	2898.00	2898.00	2898.00	2899.00	2899.00	2899.00	2900.00	2900.00	2900.00	2900.00	2901.00	2901.00	2901.00	2901.00	2902.00	2902.00	2902.00	2902.00	2903.00	2903.00	2903.00	2904.00	2904.00	2904.00	2905.00	2905.00	2905.00	2905.00	2906.00	2906.00	2906.00	2906.00	2906.00	2907.00	2907.00	2907.00	2907.00	2908.00	2908.00	2908.00	2908.00	2908.00	2909.00	2909.00	2909.00	2909.00	2910.00	2910.00	2910.00	2910.00	2910.00	2910.00	2910.00	2911.00	2911.00	2911.00	2911.00	2911.00	2911.00	2911.00	2911.00	2911.00	2912.00
2857.00	2857.00	2857.00	2857.00	2857.00	2857.00	2858.00	2858.00	2858.00	2858.00	2858.00	2858.00	2859.00	2859.00	2859.00	2859.00	2859.00	2859.00	2859.00	2860.00	2860.00	2860.00	2860.00	2860.00	2861.00	2861.00	2861.00	2861.00	2862.00	2862.00	2863.00	2863.00	2863.00	2863.00	2863.00	2864.00	2864.00	2864.00	2865.00	2865.00	2865.00	2866.00	2866.00	2866.00	2867.00	2867.00	2867.00	2867.00	2867.00	2867.00	2868.00	2868.00	2868.00	2868.00	2868.00	2868.00	2868.00	2868.00	2868.00	2868.00	2869.00	2869.00	2869.00	2869.00	2869.00	2869.00	2869.00	2869.00	2869.00	2869.00	2869.00	2869.00	2869.00	2870.00	2870.00	2870.00	2870.00	2870.00	2870.00	2870.00	2870.00	2870.00	2870.00	2870.00	2870.00	2870.00	2870.00	2871.00	2871.00	2871.00	2871.00	2871.00	2871.00	2871.00	2871.00	2871.00	2872.00	2872.00	2872.00	2872.00	2872.00	2872.00	2872.00	2872.00	2872.00	2872.00	2873.00	2873.00	2873.00	2873.00	2873.00	2873.00	2873.00	2873.00	2874.00	2874.00	2874.00	2874.00	2875.00	2875.00	2875.00	2875.00	2875.00	2876.00	2876.00	2876.00	2876.00	2877.00	2877.00	2877.00	2877.00	2878.00	2878.00	2878.00	2879.00	2879.00	2880.00	2880.00	2880.00	2880.00	2881.00	2881.00	2881.00	2882.00	2882.00	2882.00	2882.00	2883.00	2883.00	2883.00	2884.00	2884.00	2884.00	2884.00	2885.00	2885.00	2886.00	2886.00	2886.00	2886.00	2886.00	2887.00	2887.00	2887.00	2888.00	2888.00	2888.00	2889.00	2889.00	2889.00	2890.00	2890.00	2890.00	2891.00	2891.00	2891.00	2892.00	2892.00	2892.00	2893.00	2893.00	2893.00	2894.00	2894.00	2894.00	2895.00	2896.00	2896.00	2896.00	2896.00	2897.00	2897.00	2897.00	2898.00	2898.00	2898.00	2899.00	2899.00	2899.00	2900.00	2900.00	2900.00	2900.00	2901.00	2901.00	2901.00	2901.00	2902.00	2902.00	2902.00	2902.00	2903.00	2903.00	2903.00	2904.00	2904.00	2904.00	2905.00	2905.00	2905.00	2905.00	2906.00	2906.00	2906.00	2906.00	2906.00	2907.00	2907.00	2907.00	2907.00	2908.00	2908.00	2908.00	2908.00	2908.00	2909.00	2909.00	2909.00	2909.00	2910.00	2910.00	2910.00	2910.00	2910.00	2910.00	2910.00	2911.00	2911.00	2911.00	2911.00	2911.00	2911.00	2911.00	2911.00	2911.00	2912.00
2857.00	2857.00	2857.00	2857.00	2857.00	2857.00	2858.00	2858.00	2858.00	2858.00	2858.00	2858.00	2859.00	2859.00	2859.00	2859.00	2859.00	2859.00	2859.00	2860.00	2860.00	2860.00	2860.00	2860.00	2861.00	2861.00	2861.00	2861.00	2862.00	2862.00	2863.00	2863.00	2863.00	2863.00	2863.00	2864.00	2864.00	2864.00	2865.00	2865.00	2865.00	2866.00	2866.00	2866.00	2867.00	2867.00	2867.00	2867.00	2867.00	2867.00	2868.00	2868.00	2868.00	2868.00	2868.00	2868.00	2868.00	2868.00	2868.00	2868.00	2869.00	2869.00	2869.00	2869.00	2869.00	2869.00	2869.00	2869.00	2869.00	2869.00	2869.00	2869.00	2869.00	2870.00	2870.00	2870.00	2870.00	2870.00	2870.00	2870.00	2870.00	2870.00	2870.00	2870.00	2870.00	2870.00	2870.00	2871.00	2871.00	2871.00	2871.00	2871.00	2871.00	2871.00	2871.00	2871.00	2872.00	2872.00	2872.00	2872.00	2872.00	2872.00	2872.00	2872.00	2872.00	2872.00	2873.00	2873.00	2873.00	2873.00	2873.00	2873.00	2873.00	2873.00	2874.00	2874.00	2874.00	2874.00	2875.00	2875.00	2875.00	2875.00	2875.00	2876.00	2876.00	2876.00	2876.00	2877.00	2877.00	2877.00	2877.00	2878.00	2878.00	2878.00	2879.00	2879.00	2880.00	2880.00	2880.00	2880.00	2881.00	2881.00	2881.00	2882.00	2882.00	2882.00	2882.00	2883.00	2883.00	2883.00	2884.00	2884.00	2884.00	2884.00	2885.00	2885.00	2886.00	2886.00	2886.00	2886.00	2886.00	2887.00	2887.00	2887.00	2888.00	2888.00	2888.00	2889.00	2889.00	2889.00	2890.00	2890.00	2890.00	2891.00	2891.00	2891.00	2892.00	2892.00	2892.00	2893.00	2893.00	2893.00	2894.00	2894.00	2894.00	2895.00	2896.00	2896.00	2896.00	2896.00	2897.00	2897.00	2897.00	2898.00	2898.00	2898.00	2899.00	2899.00	2899.00	2900.00	2900.00	2900.00	2900.00	2901.00	2901.00	2901.00	2901.00	2902.00	2902.00	2902.00	2902.00	2903.00	2903.00	2903.00	2904.00	2904.00	2904.00	2905.00	2905.00	2905.00	2905.00	2906.00	2906.00	2906.00	2906.00	2906.00	2907.00	2907.00	2907.00	2907.00	2908.00	2908.00	2908.00	2908.00	2908.00	2909.00	2909.00	2909.00	2909.00	2910.00	2910.00	2910.00	2910.00	2910.00	2910.00	2910.00	2911.00	2911.00	2911.00	2911.00	2911.00	2911.00	2911.00	2911.00	2911.00	2912.00
2857.00	2857.00	2857.00	2857.00	2857.00	2857.00	2858.00	2858.00	2858.00	2858.00	2858.00	2858.00	2859.00	2859.00	2859.00	2859.00	2859.00	2859.00	2859.00	2860.00	2860.00	2860.00	2860.00	2860.00	2861.00	2861.00	2861.00	2861.00	2862.00	2862.00	2863.00	2863.00	2863.00	2863.00	2863.00	2864.00	2864.00	2864.00	2865.00	2865.00	2865.00	2866.00	2866.00	2866.00	2867.00	2867.00	2867.00	2867.00	2867.00	2867.00	2868.00	2868.00	2868.00	2868.00	2868.00	2868.00	2868.00	2868.00	2868.00	2868.00	2869.00	2869.00	2869.00	2869.00	2869.00	2869.00	2869.00	2869.00	2869.00	2869.00	2869.00	2869.00	2869.00	2870.00	2870.00	2870.00	2870.00	2870.00	2870.00	2870.00	2870.00	2870.00	2870.00	2870.00	2870.00	2870.00	2870.00	2871.00	2871.00	2871.00	2871.00	2871.00	2871.00	2871.00	2871.00	2871.00	2872.00	2872.00	2872.00	2872.00	2872.00	2872.00	2872.00	2872.00	2872.00	2872.00	2873.00	2873.00	2873.00	2873.00	2873.00	2873.00	2873.00	2873.00	2874.00	2874.00	2874.00	2874.00	2875.00	2875.00	2875.00	2875.00	2875.00	2876.00	2876.00	2876.00	2876.00	2877.00	2877.00	2877.00	2877.00	2878.00	2878.00	2878.00	2879.00	2879.00	2880.00	2880.00	2880.00	2880.00	2881.00	2881.00	2881.00	2882.00	2882.00	2882.00	2882.00	2883.00	2883.00	2883.00	2884.00	2884.00	2884.00	2884.00	2885.00	2885.00	2886.00	2886.00	2886.00	2886.00	2886.00	2887.00	2887.00	2887.00	2888.00	2888.00	2888.00	2889.00	2889.00	2889.00	2890.00	2890.00	2890.00	2891.00	2891.00	2891.00	2892.00	2892.00	2892.00	2893.00	2893.00	2893.00	2894.00	2894.00	2894.00	2895.00	2896.00	2896.00	2896.00	2896.00	2897.00	2897.00	2897.00	2898.00	2898.00	2898.00	2899.00	2899.00	2899.00	2900.00	2900.00	2900.00	2900.00	2901.00	2901.00	2901.00	2901.00	2902.00	2902.00	2902.00	2902.00	2903.00	2903.00	2903.00	2904.00	2904.00	2904.00	2905.00	2905.00	2905.00	2905.00	2906.00	2906.00	2906.00	2906.00	2906.00	2907.00	2907.00	2907.00	2907.00	2908.00	2908.00	2908.00	2908.00	2908.00	2909.00	2909.00	2909.00	2909.00	2910.00	2910.00	2910.00	2910.00	2910.00	2910.00	2910.00	2911.00	2911.00	2911.00	2911.00	2911.00	2911.00	2911.00	2911.00	2911.00	2912.00
2857.00	2857.00	2857.00	2857.00	2857.00	2857.00	2858.00	2858.00	2858.00	2858.00	2858.00	2858.00	2859.00	2859.00	2859.00	2859.00	2859.00	2859.00	2859.00	2860.00	2860.00	2860.00	2860.00	2860.00	2861.00	2861.00	2861.00	2861.00	2862.00	2862.00	2863.00	2863.00	2863.00	2863.00	2863.00	2864.00	2864.00	2864.00	2865.00	2865.00	2865.00	2866.00	2866.00	2866.00	2867.00	2867.00	2867.00	2867.00	2867.00	2867.00	2868.00	2868.00	2868.00	2868.00	2868.00	2868.00	2868.00	2868.00	2868.00	2868.00	2869.00	2869.00	2869.00	2869.00	2869.00	2869.00	2869.00	2869.00	2869.00	2869.00	2869.00	2869.00	2869.00	2870.00	2870.00	2870.00	2870.00	2870.00	2870.00	2870.00	2870.00	2870.00	2870.00	2870.00	2870.00	2870.00	2870.00	2871.00	2871.00	2871.00	2871.00	2871.00	2871.00	2871.00	2871.00	2871.00	2872.00	2872.00	2872.00	2872.00	2872.00	2872.00	2872.00	2872.00	2872.00	2872.00	2873.00	2873.00	2873.00	2873.00	2873.00	2873.00	2873.00	2873.00	2874.00	2874.00	2874.00	2874.00	2875.00	2875.00	2875.00	2875.00	2875.00	2876.00	2876.00	2876.00	2876.00	2877.00	2877.00	2877.00	2877.00	2878.00	2878.00	2878.00	2879.00	2879.00	2880.00	2880.00	2880.00	2880.00	2881.00	2881.00	2881.00	2882.00	2882.00	2882.00	2882.00	2883.00	2883.00	2883.00	2884.00	2884.00	2884.00	2884.00	2885.00	2885.00	2886.00	2886.00	2886.00	2886.00	2886.00	2887.00	2887.00	2887.00	2888.00	2888.00	2888.00	2889.00	2889.00	2889.00	2890.00	2890.00	2890.00	2891.00	2891.00	2891.00	2892.00	2892.00	2892.00	2893.00	2893.00	2893.00	2894.00	2894.00	2894.00	2895.00	2896.00	2896.00	2896.00	2896.00	2897.00	2897.00	2897.00	2898.00	2898.00	2898.00	2899.00	2899.00	2899.00	2900.00	2900.00	2900.00	2900.00	2901.00	2901.00	2901.00	2901.00	2902.00	2902.00	2902.00	2902.00	2903.00	2903.00	2903.00	2904.00	2904.00	2904.00	2905.00	2905.00	2905.00	2905.00	2906.00	2906.00	2906.00	2906.00	2906.00	2907.00	2907.00	2907.00	2907.00	2908.00	2908.00	2908.00	2908.00	2908.00	2909.00	2909.00	2909.00	2909.00	2910.00	2910.00	2910.00	2910.00	2910.00	2910.00	2910.00	2911.00	2911.00	2911.00	2911.00	2911.00	2911.00	2911.00	2911.00	2911.00	2912.00
2857.00	2857.00	2857.00	2857.00	2857.00	2857.00	2858.00	2858.00	2858.00	2858.00	2858.00	2858.00	2859.00	2859.00	2859.00	2859.00	2859.00	2859.00	2859.00	2860.00	2860.00	2860.00	2860.00	2860.00	2861.00	2861.00	2861.00	2861.00	2862.00	2862.00	2863.00	2863.00	2863.00	2863.00	2863.00	2864.00	2864.00	2864.00	2865.00	2865.00	2865.00	2866.00	2866.00	2866.00	2867.00	2867.00	2867.00	2867.00	2867.00	2867.00	2868.00	2868.00	2868.00	2868.00	2868.00	2868.00	2868.00	2868.00	2868.00	2868.00	2869.00	2869.00	2869.00	2869.00	2869.00	2869.00	2869.00	2869.00	2869.00	2869.00	2869.00	2869.00	2869.00	2870.00	2870.00	2870.00	2870.00	2870.00	2870.00	2870.00	2870.00	2870.00	2870.00	2870.00	2870.00	2870.00	2870.00	2871.00	2871.00	2871.00	2871.00	2871.00	2871.00	2871.00	2871.00	2871.00	2872.00	2872.00	2872.00	2872.00	2872.00	2872.00	2872.00	2872.00	2872.00	2872.00	2873.00	2873.00	2873.00	2873.00	2873.00	2873.00	2873.00	2873.00	2874.00	2874.00	2874.00	2874.00	2875.00	2875.00	2875.00	2875.00	2875.00	2876.00	2876.00	2876.00	2876.00	2877.00	2877.00	2877.00	2877.00	2878.00	2878.00	2878.00	2879.00	2879.00	2880.00	2880.00	2880.00	2880.00	2881.00	2881.00	2881.00	2882.00	2882.00	2882.00	2882.00	2883.00	2883.00	2883.00	2884.00	2884.00	2884.00	2884.00	2885.00	2885.00	2886.00	2886.00	2886.00	2886.00	2886.00	2887.00	2887.00	2887.00	2888.00	2888.00	2888.00	2889.00	2889.00	2889.00	2890.00	2890.00	2890.00	2891.00	2891.00	2891.00	2892.00	2892.00	2892.00	2893.00	2893.00	2893.00	2894.00	2894.00	2894.00	2895.00	2896.00	2896.00	2896.00	2896.00	2897.00	2897.00	2897.00	2898.00	2898.00	2898.00	2899.00	2899.00	2899.00	2900.00	2900.00	2900.00	2900.00	2901.00	2901.00	2901.00	2901.00	2902.00	2902.00	2902.00	2902.00	2903.00	2903.00	2903.00	2904.00	2904.00	2904.00	2905.00	2905.00	2905.00	2905.00	2906.00	2906.00	2906.00	2906.00	2906.00	2907.00	2907.00	2907.00	2907.00	2908.00	2908.00	2908.00	2908.00	2908.00	2909.00	2909.00	2909.00	2909.00	2910.00	2910.00	2910.00	2910.00	2910.00	2910.00	2910.00	2911.00	2911.00	2911.00	2911.00	2911.00	2911.00	2911.00	2911.00	2911.00	2912.00
2857.00	2857.00	2857.00	2857.00	2857.00	2857.00	2858.00	2858.00	2858.00	2858.00	2858.00	2858.00	2859.00	2859.00	2859.00	2859.00	2859.00	2859.00	2859.00	2860.00	2860.00	2860.00	2860.00	2860.00	2861.00	2861.00	2861.00	2861.00	2862.00	2862.00	2863.00	2863.00	2863.00	2863.00	2863.00	2864.00	2864.00	2864.00	2865.00	2865.00	2865.00	2866.00	2866.00	2866.00	2867.00	2867.00	2867.00	2867.00	2867.00	2867.00	2868.00	2868.00	2868.00	2868.00	2868.00	2868.00	2868.00	2868.00	2868.00	2868.00	2869.00	2869.00	2869.00	2869.00	2869.00	2869.00	2869.00	2869.00	2869.00	2869.00	2869.00	2869.00	2869.00	2870.00	2870.00	2870.00	2870.00	2870.00	2870.00	2870.00	2870.00	2870.00	2870.00	2870.00	2870.00	2870.00	2870.00	2871.00	2871.00	2871.00	2871.00	2871.00	2871.00	2871.00	2871.00	2871.00	2872.00	2872.00	2872.00	2872.00	2872.00	2872.00	2872.00	2872.00	2872.00	2872.00	2873.00	2873.00	2873.00	2873.00	2873.00	2873.00	2873.00	2873.00	2874.00	2874.00	2874.00	2874.00	2875.00	2875.00	2875.00	2875.00	2875.00	2876.00	2876.00	2876.00	2876.00	2877.00	2877.00	2877.00	2877.00	2878.00	2878.00	2878.00	2879.00	2879.00	2880.00	2880.00	2880.00	2880.00	2881.00	2881.00	2881.00	2882.00	2882.00	2882.00	2882.00	2883.00	2883.00	2883.00	2884.00	2884.00	2884.00	2884.00	2885.00	2885.00	2886.00	2886.00	2886.00	2886.00	2886.00	2887.00	2887.00	2887.00	2888.00	2888.00	2888.00	2889.00	2889.00	2889.00	2890.00	2890.00	2890.00	2891.00	2891.00	2891.00	2892.00	2892.00	2892.00	2893.00	2893.00	2893.00	2894.00	2894.00	2894.00	2895.00	2896.00	2896.00	2896.00	2896.00	2897.00	2897.00	2897.00	2898.00	2898.00	2898.00	2899.00	2899.00	2899.00	2900.00	2900.00	2900.00	2900.00	2901.00	2901.00	2901.00	2901.00	2902.00	2902.00	2902.00	2902.00	2903.00	2903.00	2903.00	2904.00	2904.00	2904.00	2905.00	2905.00	2905.00	2905.00	2906.00	2906.00	2906.00	2906.00	2906.00	2907.00	2907.00	2907.00	2907.00	2908.00	2908.00	2908.00	2908.00	2908.00	2909.00	2909.00	2909.00	2909.00	2910.00	2910.00	2910.00	2910.00	2910.00	2910.00	2910.00	2911.00	2911.00	2911.00	2911.00	2911.00	2911.00	2911.00	2911.00	2911.00	2912.00
2855.00	2855.00	2855.00	2855.00	2855.00	2855.00	2855.00	2855.00	2856.00	2856.00	2856.00	2856.00	2856.00	2856.00	2856.00	2856.00	2856.00	2856.00	2856.00	2857.00	2857.00	2858.00	2858.00	2858.00	2858.00	2858.00	2859.00	2859.00	2859.00	2859.00	2860.00	2860.00	2860.00	2860.00	2860.00	2860.00	2860.00	2861.00	2861.00	2862.00	2862.00	2862.00	2863.00	2863.00	2863.00	2863.00	2863.00	2863.00	2863.00	2864.00	2864.00	2864.00	2864.00	2864.00	2864.00	2864.00	2864.00	2864.00	2865.00	2865.00	2865.00	2865.00	2865.00	2865.00	2865.00	2865.00	2865.00	2866.00	2866.00	2866.00	2866.00	2866.00	2866.00	2866.00	2866.00	2866.00	2866.00	2866.00	2866.00	2866.00	2866.00	2866.00	2866.00	2866.00	2866.00	2866.00	2866.00	2867.00	2867.00	2867.00	2867.00	2867.00	2867.00	2867.00	2867.00	2867.00	2868.00	2868.00	2868.00	2868.00	2868.00	2868.00	2868.00	2868.00	2868.00	2868.00	2868.00	2868.00	2868.00	2869.00	2869.00	2869.00	2869.00	2869.00	2869.00	2870.00	2870.00	2870.00	2870.00	2870.00	2871.00	2871.00	2871.00	2871.00	2872.00	2872.00	2872.00	2873.00	2873.00	2873.00	2873.00	2874.00	2875.00	2875.00	2875.00	2876.00	2876.00	2876.00	2877.00	2877.00	2877.00	2878.00	2878.00	2878.00	2878.00	2879.00	2879.00	2880.00	2880.00	2880.00	2881.00	2881.00	2881.00	2881.00	2883.00	2883.00	2883.00	2883.00	2883.00	2884.00	2884.00	2884.00	2884.00	2885.00	2885.00	2886.00	2886.00	2886.00	2887.00	2887.00	2888.00	2888.00	2888.00	2889.00	2889.00	2889.00	2890.00	2890.00	2890.00	2891.00	2891.00	2892.00	2892.00	2892.00	2893.00	2893.00	2894.00	2894.00	2895.00	2895.00	2895.00	2896.00	2896.00	2896.00	2897.00	2897.00	2897.00	2898.00	2898.00	2898.00	2898.00	2898.00	2899.00	2899.00	2899.00	2900.00	2900.00	2900.00	2901.00	2901.00	2901.00	2901.00	2902.00	2902.00	2902.00	2902.00	2903.00	2903.00	2903.00	2903.00	2904.00	2904.00	2904.00	2905.00	2905.00	2905.00	2906.00	2906.00	2906.00	2906.00	2907.00	2907.00	2907.00	2907.00	2908.00	2908.00	2908.00	2908.00	2908.00	2909.00	2909.00	2909.00	2909.00	2909.00	2910.00	2910.00	2910.00	2910.00	2910.00	2910.00	2910.00	2910.00	2911.00	2911.00	2911.00	2911.00
2855.00	2855.00	2855.00	2855.00	2855.00	2855.00	2855.00	2855.00	2856.00	2856.00	2856.00	2856.00	2856.00	2856.00	2856.00	2856.00	2856.00	2856.00	2856.00	2857.00	2857.00	2858.00	2858.00	2858.00	2858.00	2858.00	2859.00	2859.00	2859.00	2859.00	2860.00	2860.00	2860.00	2860.00	2860.00	2860.00	2860.00	2861.00	2861.00	2862.00	2862.00	2862.00	2863.00	2863.00	2863.00	2863.00	2863.00	2863.00	2863.00	2864.00	2864.00	2864.00	2864.00	2864.00	2864.00	2864.00	2864.00	2864.00	2865.00	2865.00	2865.00	2865.00	2865.00	2865.00	2865.00	2865.00	2865.00	2866.00	2866.00	2866.00	2866.00	2866.00	2866.00	2866.00	2866.00	2866.00	2866.00	2866.00	2866.00	2866.00	2866.00	2866.00	2866.00	2866.00	2866.00	2866.00	2866.00	2867.00	2867.00	2867.00	2867.00	2867.00	2867.00	2867.00	2867.00	2867.00	2868.00	2868.00	2868.00	2868.00	2868.00	2868.00	2868.00	2868.00	2868.00	2868.00	2868.00	2868.00	2868.00	2869.00	2869.00	2869.00	2869.00	2869.00	2869.00	2870.00	2870.00	2870.00	2870.00	2870.00	2871.00	2871.00	2871.00	2871.00	2872.00	2872.00	2872.00	2873.00	2873.00	2873.00	2873.00	2874.00	2875.00	2875.00	2875.00	2876.00	2876.00	2876.00	2877.00	2877.00	2877.00	2878.00	2878.00	2878.00	2878.00	2879.00	2879.00	2880.00	2880.00	2880.00	2881.00	2881.00	2881.00	2881.00	2883.00	2883.00	2883.00	2883.00	2883.00	2884.00	2884.00	2884.00	2884.00	2885.00	2885.00	2886.00	2886.00	2886.00	2887.00	2887.00	2888.00	2888.00	2888.00	2889.00	2889.00	2889.00	2890.00	2890.00	2890.00	2891.00	2891.00	2892.00	2892.00	2892.00	2893.00	2893.00	2894.00	2894.00	2895.00	2895.00	2895.00	2896.00	2896.00	2896.00	2897.00	2897.00	2897.00	2898.00	2898.00	2898.00	2898.00	2898.00	2899.00	2899.00	2899.00	2900.00	2900.00	2900.00	2901.00	2901.00	2901.00	2901.00	2902.00	2902.00	2902.00	2902.00	2903.00	2903.00	2903.00	2903.00	2904.00	2904.00	2904.00	2905.00	2905.00	2905.00	2906.00	2906.00	2906.00	2906.00	2907.00	2907.00	2907.00	2907.00	2908.00	2908.00	2908.00	2908.00	2908.00	2909.00	2909.00	2909.00	2909.00	2909.00	2910.00	2910.00	2910.00	2910.00	2910.00	2910.00	2910.00	2910.00	2911.00	2911.00	2911.00	2911.00
2855.00	2855.00	2855.00	2855.00	2855.00	2855.00	2855.00	2855.00	2856.00	2856.00	2856.00	2856.00	2856.00	2856.00	2856.00	2856.00	2856.00	2856.00	2856.00	2857.00	2857.00	2858.00	2858.00	2858.00	2858.00	2858.00	2859.00	2859.00	2859.00	2859.00	2860.00	2860.00	2860.00	2860.00	2860.00	2860.00	2860.00	2861.00	2861.00	2862.00	2862.00	2862.00	2863.00	2863.00	2863.00	2863.00	2863.00	2863.00	2863.00	2864.00	2864.00	2864.00	2864.00	2864.00	2864.00	2864.00	2864.00	2864.00	2865.00	2865.00	2865.00	2865.00	2865.00	2865.00	2865.00	2865.00	2865.00	2866.00	2866.00	2866.00	2866.00	2866.00	2866.00	2866.00	2866.00	2866.00	2866.00	2866.00	2866.00	2866.00	2866.00	2866.00	2866.00	2866.00	2866.00	2866.00	2866.00	2867.00	2867.00	2867.00	2867.00	2867.00	2867.00	2867.00	2867.00	2867.00	2868.00	2868.00	2868.00	2868.00	2868.00	2868.00	2868.00	2868.00	2868.00	2868.00	2868.00	2868.00	2868.00	2869.00	2869.00	2869.00	2869.00	2869.00	2869.00	2870.00	2870.00	2870.00	2870.00	2870.00	2871.00	2871.00	2871.00	2871.00	2872.00	2872.00	2872.00	2873.00	2873.00	2873.00	2873.00	2874.00	2875.00	2875.00	2875.00	2876.00	2876.00	2876.00	2877.00	2877.00	2877.00	2878.00	2878.00	2878.00	2878.00	2879.00	2879.00	2880.00	2880.00	2880.00	2881.00	2881.00	2881.00	2881.00	2883.00	2883.00	2883.00	2883.00	2883.00	2884.00	2884.00	2884.00	2884.00	2885.00	2885.00	2886.00	2886.00	2886.00	2887.00	2887.00	2888.00	2888.00	2888.00	2889.00	2889.00	2889.00	2890.00	2890.00	2890.00	2891.00	2891.00	2892.00	2892.00	2892.00	2893.00	2893.00	2894.00	2894.00	2895.00	2895.00	2895.00	2896.00	2896.00	2896.00	2897.00	2897.00	2897.00	2898.00	2898.00	2898.00	2898.00	2898.00	2899.00	2899.00	2899.00	2900.00	2900.00	2900.00	2901.00	2901.00	2901.00	2901.00	2902.00	2902.00	2902.00	2902.00	2903.00	2903.00	2903.00	2903.00	2904.00	2904.00	2904.00	2905.00	2905.00	2905.00	2906.00	2906.00	2906.00	2906.00	2907.00	2907.00	2907.00	2907.00	2908.00	2908.00	2908.00	2908.00	2908.00	2909.00	2909.00	2909.00	2909.00	2909.00	2910.00	2910.00	2910.00	2910.00	2910.00	2910.00	2910.00	2910.00	2911.00	2911.00	2911.00	2911.00
2855.00	2855.00	2855.00	2855.00	2855.00	2855.00	2855.00	2855.00	2856.00	2856.00	2856.00	2856.00	2856.00	2856.00	2856.00	2856.00	2856.00	2856.00	2856.00	2857.00	2857.00	2858.00	2858.00	2858.00	2858.00	2858.00	2859.00	2859.00	2859.00	2859.00	2860.00	2860.00	2860.00	2860.00	2860.00	2860.00	2860.00	2861.00	2861.00	2862.00	2862.00	2862.00	2863.00	2863.00	2863.00	2863.00	2863.00	2863.00	2863.00	2864.00	2864.00	2864.00	2864.00	2864.00	2864.00	2864.00	2864.00	2864.00	2865.00	2865.00	2865.00	2865.00	2865.00	2865.00	2865.00	2865.00	2865.00	2866.00	2866.00	2866.00	2866.00	2866.00	2866.00	2866.00	2866.00	2866.00	2866.00	2866.00	2866.00	2866.00	2866.00	2866.00	2866.00	2866.00	2866.00	2866.00	2866.00	2867.00	2867.00	2867.00	2867.00	2867.00	2867.00	2867.00	2867.00	2867.00	2868.00	2868.00	2868.00	2868.00	2868.00	2868.00	2868.00	2868.00	2868.00	2868.00	2868.00	2868.00	2868.00	2869.00	2869.00	2869.00	2869.00	2869.00	2869.00	2870.00	2870.00	2870.00	2870.00	2870.00	2871.00	2871.00	2871.00	2871.00	2872.00	2872.00	2872.00	2873.00	2873.00	2873.00	2873.00	2874.00	2875.00	2875.00	2875.00	2876.00	2876.00	2876.00	2877.00	2877.00	2877.00	2878.00	2878.00	2878.00	2878.00	2879.00	2879.00	2880.00	2880.00	2880.00	2881.00	2881.00	2881.00	2881.00	2883.00	2883.00	2883.00	2883.00	2883.00	2884.00	2884.00	2884.00	2884.00	2885.00	2885.00	2886.00	2886.00	2886.00	2887.00	2887.00	2888.00	2888.00	2888.00	2889.00	2889.00	2889.00	2890.00	2890.00	2890.00	2891.00	2891.00	2892.00	2892.00	2892.00	2893.00	2893.00	2894.00	2894.00	2895.00	2895.00	2895.00	2896.00	2896.00	2896.00	2897.00	2897.00	2897.00	2898.00	2898.00	2898.00	2898.00	2898.00	2899.00	2899.00	2899.00	2900.00	2900.00	2900.00	2901.00	2901.00	2901.00	2901.00	2902.00	2902.00	2902.00	2902.00	2903.00	2903.00	2903.00	2903.00	2904.00	2904.00	2904.00	2905.00	2905.00	2905.00	2906.00	2906.00	2906.00	2906.00	2907.00	2907.00	2907.00	2907.00	2908.00	2908.00	2908.00	2908.00	2908.00	2909.00	2909.00	2909.00	2909.00	2909.00	2910.00	2910.00	2910.00	2910.00	2910.00	2910.00	2910.00	2910.00	2911.00	2911.00	2911.00	2911.00
2855.00	2855.00	2855.00	2855.00	2855.00	2855.00	2855.00	2855.00	2856.00	2856.00	2856.00	2856.00	2856.00	2856.00	2856.00	2856.00	2856.00	2856.00	2856.00	2857.00	2857.00	2858.00	2858.00	2858.00	2858.00	2858.00	2859.00	2859.00	2859.00	2859.00	2860.00	2860.00	2860.00	2860.00	2860.00	2860.00	2860.00	2861.00	2861.00	2862.00	2862.00	2862.00	2863.00	2863.00	2863.00	2863.00	2863.00	2863.00	2863.00	2864.00	2864.00	2864.00	2864.00	2864.00	2864.00	2864.00	2864.00	2864.00	2865.00	2865.00	2865.00	2865.00	2865.00	2865.00	2865.00	2865.00	2865.00	2866.00	2866.00	2866.00	2866.00	2866.00	2866.00	2866.00	2866.00	2866.00	2866.00	2866.00	2866.00	2866.00	2866.00	2866.00	2866.00	2866.00	2866.00	2866.00	2866.00	2867.00	2867.00	2867.00	2867.00	2867.00	2867.00	2867.00	2867.00	2867.00	2868.00	2868.00	2868.00	2868.00	2868.00	2868.00	2868.00	2868.00	2868.00	2868.00	2868.00	2868.00	2868.00	2869.00	2869.00	2869.00	2869.00	2869.00	2869.00	2870.00	2870.00	2870.00	2870.00	2870.00	2871.00	2871.00	2871.00	2871.00	2872.00	2872.00	2872.00	2873.00	2873.00	2873.00	2873.00	2874.00	2875.00	2875.00	2875.00	2876.00	2876.00	2876.00	2877.00	2877.00	2877.00	2878.00	2878.00	2878.00	2878.00	2879.00	2879.00	2880.00	2880.00	2880.00	2881.00	2881.00	2881.00	2881.00	2883.00	2883.00	2883.00	2883.00	2883.00	2884.00	2884.00	2884.00	2884.00	2885.00	2885.00	2886.00	2886.00	2886.00	2887.00	2887.00	2888.00	2888.00	2888.00	2889.00	2889.00	2889.00	2890.00	2890.00	2890.00	2891.00	2891.00	2892.00	2892.00	2892.00	2893.00	2893.00	2894.00	2894.00	2895.00	2895.00	2895.00	2896.00	2896.00	2896.00	2897.00	2897.00	2897.00	2898.00	2898.00	2898.00	2898.00	2898.00	2899.00	2899.00	2899.00	2900.00	2900.00	2900.00	2901.00	2901.00	2901.00	2901.00	2902.00	2902.00	2902.00	2902.00	2903.00	2903.00	2903.00	2903.00	2904.00	2904.00	2904.00	2905.00	2905.00	2905.00	2906.00	2906.00	2906.00	2906.00	2907.00	2907.00	2907.00	2907.00	2908.00	2908.00	2908.00	2908.00	2908.00	2909.00	2909.00	2909.00	2909.00	2909.00	2910.00	2910.00	2910.00	2910.00	2910.00	2910.00	2910.00	2910.00	2911.00	2911.00	2911.00	2911.00
2855.00	2855.00	2855.00	2855.00	2855.00	2855.00	2855.00	2855.00	2856.00	2856.00	2856.00	2856.00	2856.00	2856.00	2856.00	2856.00	2856.00	2856.00	2856.00	2857.00	2857.00	2858.00	2858.00	2858.00	2858.00	2858.00	2859.00	2859.00	2859.00	2859.00	2860.00	2860.00	2860.00	2860.00	2860.00	2860.00	2860.00	2861.00	2861.00	2862.00	2862.00	2862.00	2863.00	2863.00	2863.00	2863.00	2863.00	2863.00	2863.00	2864.00	2864.00	2864.00	2864.00	2864.00	2864.00	2864.00	2864.00	2864.00	2865.00	2865.00	2865.00	2865.00	2865.00	2865.00	2865.00	2865.00	2865.00	2866.00	2866.00	2866.00	2866.00	2866.00	2866.00	2866.00	2866.00	2866.00	2866.00	2866.00	2866.00	2866.00	2866.00	2866.00	2866.00	2866.00	2866.00	2866.00	2866.00	2867.00	2867.00	2867.00	2867.00	2867.00	2867.00	2867.00	2867.00	2867.00	2868.00	2868.00	2868.00	2868.00	2868.00	2868.00	2868.00	2868.00	2868.00	2868.00	2868.00	2868.00	2868.00	2869.00	2869.00	2869.00	2869.00	2869.00	2869.00	2870.00	2870.00	2870.00	2870.00	2870.00	2871.00	2871.00	2871.00	2871.00	2872.00	2872.00	2872.00	2873.00	2873.00	2873.00	2873.00	2874.00	2875.00	2875.00	2875.00	2876.00	2876.00	2876.00	2877.00	2877.00	2877.00	2878.00	2878.00	2878.00	2878.00	2879.00	2879.00	2880.00	2880.00	2880.00	2881.00	2881.00	2881.00	2881.00	2883.00	2883.00	2883.00	2883.00	2883.00	2884.00	2884.00	2884.00	2884.00	2885.00	2885.00	2886.00	2886.00	2886.00	2887.00	2887.00	2888.00	2888.00	2888.00	2889.00	2889.00	2889.00	2890.00	2890.00	2890.00	2891.00	2891.00	2892.00	2892.00	2892.00	2893.00	2893.00	2894.00	2894.00	2895.00	2895.00	2895.00	2896.00	2896.00	2896.00	2897.00	2897.00	2897.00	2898.00	2898.00	2898.00	2898.00	2898.00	2899.00	2899.00	2899.00	2900.00	2900.00	2900.00	2901.00	2901.00	2901.00	2901.00	2902.00	2902.00	2902.00	2902.00	2903.00	2903.00	2903.00	2903.00	2904.00	2904.00	2904.00	2905.00	2905.00	2905.00	2906.00	2906.00	2906.00	2906.00	2907.00	2907.00	2907.00	2907.00	2908.00	2908.00	2908.00	2908.00	2908.00	2909.00	2909.00	2909.00	2909.00	2909.00	2910.00	2910.00	2910.00	2910.00	2910.00	2910.00	2910.00	2910.00	2911.00	2911.00	2911.00	2911.00
2855.00	2855.00	2855.00	2855.00	2855.00	2855.00	2855.00	2855.00	2856.00	2856.00	2856.00	2856.00	2856.00	2856.00	2856.00	2856.00	2856.00	2856.00	2856.00	2857.00	2857.00	2858.00	2858.00	2858.00	2858.00	2858.00	2859.00	2859.00	2859.00	2859.00	2860.00	2860.00	2860.00	2860.00	2860.00	2860.00	2860.00	2861.00	2861.00	2862.00	2862.00	2862.00	2863.00	2863.00	2863.00	2863.00	2863.00	2863.00	2863.00	2864.00	2864.00	2864.00	2864.00	2864.00	2864.00	2864.00	2864.00	2864.00	2865.00	2865.00	2865.00	2865.00	2865.00	2865.00	2865.00	2865.00	2865.00	2866.00	2866.00	2866.00	2866.00	2866.00	2866.00	2866.00	2866.00	2866.00	2866.00	2866.00	2866.00	2866.00	2866.00	2866.00	2866.00	2866.00	2866.00	2866.00	2866.00	2867.00	2867.00	2867.00	2867.00	2867.00	2867.00	2867.00	2867.00	2867.00	2868.00	2868.00	2868.00	2868.00	2868.00	2868.00	2868.00	2868.00	2868.00	2868.00	2868.00	2868.00	2868.00	2869.00	2869.00	2869.00	2869.00	2869.00	2869.00	2870.00	2870.00	2870.00	2870.00	2870.00	2871.00	2871.00	2871.00	2871.00	2872.00	2872.00	2872.00	2873.00	2873.00	2873.00	2873.00	2874.00	2875.00	2875.00	2875.00	2876.00	2876.00	2876.00	2877.00	2877.00	2877.00	2878.00	2878.00	2878.00	2878.00	2879.00	2879.00	2880.00	2880.00	2880.00	2881.00	2881.00	2881.00	2881.00	2883.00	2883.00	2883.00	2883.00	2883.00	2884.00	2884.00	2884.00	2884.00	2885.00	2885.00	2886.00	2886.00	2886.00	2887.00	2887.00	2888.00	2888.00	2888.00	2889.00	2889.00	2889.00	2890.00	2890.00	2890.00	2891.00	2891.00	2892.00	2892.00	2892.00	2893.00	2893.00	2894.00	2894.00	2895.00	2895.00	2895.00	2896.00	2896.00	2896.00	2897.00	2897.00	2897.00	2898.00	2898.00	2898.00	2898.00	2898.00	2899.00	2899.00	2899.00	2900.00	2900.00	2900.00	2901.00	2901.00	2901.00	2901.00	2902.00	2902.00	2902.00	2902.00	2903.00	2903.00	2903.00	2903.00	2904.00	2904.00	2904.00	2905.00	2905.00	2905.00	2906.00	2906.00	2906.00	2906.00	2907.00	2907.00	2907.00	2907.00	2908.00	2908.00	2908.00	2908.00	2908.00	2909.00	2909.00	2909.00	2909.00	2909.00	2910.00	2910.00	2910.00	2910.00	2910.00	2910.00	2910.00	2910.00	2911.00	2911.00	2911.00	2911.00
2855.00	2855.00	2855.00	2855.00	2855.00	2855.00	2855.00	2855.00	2856.00	2856.00	2856.00	2856.00	2856.00	2856.00	2856.00	2856.00	2856.00	2856.00	2856.00	2857.00	2857.00	2858.00	2858.00	2858.00	2858.00	2858.00	2859.00	2859.00	2859.00	2859.00	2860.00	2860.00	2860.00	2860.00	2860.00	2860.00	2860.00	2861.00	2861.00	2862.00	2862.00	2862.00	2863.00	2863.00	2863.00	2863.00	2863.00	2863.00	2863.00	2864.00	2864.00	2864.00	2864.00	2864.00	2864.00	2864.00	2864.00	2864.00	2865.00	2865.00	2865.00	2865.00	2865.00	2865.00	2865.00	2865.00	2865.00	2866.00	2866.00	2866.00	2866.00	2866.00	2866.00	2866.00	2866.00	2866.00	2866.00	2866.00	2866.00	2866.00	2866.00	2866.00	2866.00	2866.00	2866.00	2866.00	2866.00	2867.00	2867.00	2867.00	2867.00	2867.00	2867.00	2867.00	2867.00	2867.00	2868.00	2868.00	2868.00	2868.00	2868.00	2868.00	2868.00	2868.00	2868.00	2868.00	2868.00	2868.00	2868.00	2869.00	2869.00	2869.00	2869.00	2869.00	2869.00	2870.00	2870.00	2870.00	2870.00	2870.00	2871.00	2871.00	2871.00	2871.00	2872.00	2872.00	2872.00	2873.00	2873.00	2873.00	2873.00	2874.00	2875.00	2875.00	2875.00	2876.00	2876.00	2876.00	2877.00	2877.00	2877.00	2878.00	2878.00	2878.00	2878.00	2879.00	2879.00	2880.00	2880.00	2880.00	2881.00	2881.00	2881.00	2881.00	2883.00	2883.00	2883.00	2883.00	2883.00	2884.00	2884.00	2884.00	2884.00	2885.00	2885.00	2886.00	2886.00	2886.00	2887.00	2887.00	2888.00	2888.00	2888.00	2889.00	2889.00	2889.00	2890.00	2890.00	2890.00	2891.00	2891.00	2892.00	2892.00	2892.00	2893.00	2893.00	2894.00	2894.00	2895.00	2895.00	2895.00	2896.00	2896.00	2896.00	2897.00	2897.00	2897.00	2898.00	2898.00	2898.00	2898.00	2898.00	2899.00	2899.00	2899.00	2900.00	2900.00	2900.00	2901.00	2901.00	2901.00	2901.00	2902.00	2902.00	2902.00	2902.00	2903.00	2903.00	2903.00	2903.00	2904.00	2904.00	2904.00	2905.00	2905.00	2905.00	2906.00	2906.00	2906.00	2906.00	2907.00	2907.00	2907.00	2907.00	2908.00	2908.00	2908.00	2908.00	2908.00	2909.00	2909.00	2909.00	2909.00	2909.00	2910.00	2910.00	2910.00	2910.00	2910.00	2910.00	2910.00	2910.00	2911.00	2911.00	2911.00	2911.00
2854.00	2854.00	2854.00	2854.00	2854.00	2854.00	2854.00	2854.00	2854.00	2854.00	2855.00	2855.00	2855.00	2855.00	2855.00	2855.00	2855.00	2855.00	2855.00	2855.00	2855.00	2856.00	2856.00	2856.00	2856.00	2856.00	2857.00	2857.00	2857.00	2857.00	2857.00	2857.00	2857.00	2858.00	2858.00	2858.00	2858.00	2858.00	2858.00	2859.00	2859.00	2859.00	2859.00	2859.00	2860.00	2860.00	2860.00	2860.00	2860.00	2860.00	2860.00	2861.00	2861.00	2861.00	2861.00	2861.00	2861.00	2861.00	2861.00	2861.00	2861.00	2861.00	2862.00	2862.00	2862.00	2862.00	2862.00	2862.00	2862.00	2862.00	2862.00	2862.00	2862.00	2862.00	2862.00	2862.00	2863.00	2863.00	2863.00	2863.00	2863.00	2863.00	2863.00	2863.00	2863.00	2863.00	2863.00	2863.00	2863.00	2863.00	2863.00	2863.00	2863.00	2863.00	2863.00	2863.00	2864.00	2864.00	2864.00	2864.00	2864.00	2864.00	2864.00	2864.00	2864.00	2865.00	2865.00	2865.00	2865.00	2865.00	2865.00	2865.00	2865.00	2866.00	2866.00	2866.00	2866.00	2866.00	2867.00	2867.00	2867.00	2867.00	2867.00	2868.00	2868.00	2868.00	2868.00	2869.00	2869.00	2869.00	2869.00	2870.00	2871.00	2871.00	2871.00	2872.00	2873.00	2873.00	2873.00	2873.00	2874.00	2874.00	2874.00	2875.00	2875.00	2876.00	2876.00	2876.00	2876.00	2877.00	2878.00	2878.00	2878.00	2878.00	2880.00	2880.00	2880.00	2880.00	2881.00	2882.00	2882.00	2882.00	2882.00	2883.00	2883.00	2884.00	2884.00	2884.00	2885.00	2885.00	2885.00	2885.00	2886.00	2887.00	2887.00	2887.00	2888.00	2889.00	2889.00	2889.00	2889.00	2890.00	2891.00	2891.00	2892.00	2892.00	2893.00	2893.00	2894.00	2894.00	2894.00	2894.00	2894.00	2895.00	2895.00	2895.00	2896.00	2896.00	2896.00	2897.00	2897.00	2897.00	2898.00	2898.00	2898.00	2899.00	2899.00	2899.00	2899.00	2900.00	2900.00	2900.00	2901.00	2901.00	2901.00	2901.00	2902.00	2902.00	2903.00	2903.00	2903.00	2904.00	2904.00	2904.00	2904.00	2904.00	2905.00	2905.00	2905.00	2906.00	2906.00	2906.00	2906.00	2906.00	2906.00	2907.00	2907.00	2907.00	2907.00	2908.00	2908.00	2908.00	2908.00	2908.00	2909.00	2909.00	2909.00	2909.00	2909.00	2909.00	2910.00	2910.00	2910.00	2910.00	2910.00	2910.00
2854.00	2854.00	2854.00	2854.00	2854.00	2854.00	2854.00	2854.00	2854.00	2854.00	2855.00	2855.00	2855.00	2855.00	2855.00	2855.00	2855.00	2855.00	2855.00	2855.00	2855.00	2856.00	2856.00	2856.00	2856.00	2856.00	2857.00	2857.00	2857.00	2857.00	2857.00	2857.00	2857.00	2858.00	2858.00	2858.00	2858.00	2858.00	2858.00	2859.00	2859.00	2859.00	2859.00	2859.00	2860.00	2860.00	2860.00	2860.00	2860.00	2860.00	2860.00	2861.00	2861.00	2861.00	2861.00	2861.00	2861.00	2861.00	2861.00	2861.00	2861.00	2861.00	2862.00	2862.00	2862.00	2862.00	2862.00	2862.00	2862.00	2862.00	2862.00	2862.00	2862.00	2862.00	2862.00	2862.00	2863.00	2863.00	2863.00	2863.00	2863.00	2863.00	2863.00	2863.00	2863.00	2863.00	2863.00	2863.00	2863.00	2863.00	2863.00	2863.00	2863.00	2863.00	2863.00	2863.00	2864.00	2864.00	2864.00	2864.00	2864.00	2864.00	2864.00	2864.00	2864.00	2865.00	2865.00	2865.00	2865.00	2865.00	2865.00	2865.00	2865.00	2866.00	2866.00	2866.00	2866.00	2866.00	2867.00	2867.00	2867.00	2867.00	2867.00	2868.00	2868.00	2868.00	2868.00	2869.00	2869.00	2869.00	2869.00	2870.00	2871.00	2871.00	2871.00	2872.00	2873.00	2873.00	2873.00	2873.00	2874.00	2874.00	2874.00	2875.00	2875.00	2876.00	2876.00	2876.00	2876.00	2877.00	2878.00	2878.00	2878.00	2878.00	2880.00	2880.00	2880.00	2880.00	2881.00	2882.00	2882.00	2882.00	2882.00	2883.00	2883.00	2884.00	2884.00	2884.00	2885.00	2885.00	2885.00	2885.00	2886.00	2887.00	2887.00	2887.00	2888.00	2889.00	2889.00	2889.00	2889.00	2890.00	2891.00	2891.00	2892.00	2892.00	2893.00	2893.00	2894.00	2894.00	2894.00	2894.00	2894.00	2895.00	2895.00	2895.00	2896.00	2896.00	2896.00	2897.00	2897.00	2897.00	2898.00	2898.00	2898.00	2899.00	2899.00	2899.00	2899.00	2900.00	2900.00	2900.00	2901.00	2901.00	2901.00	2901.00	2902.00	2902.00	2903.00	2903.00	2903.00	2904.00	2904.00	2904.00	2904.00	2904.00	2905.00	2905.00	2905.00	2906.00	2906.00	2906.00	2906.00	2906.00	2906.00	2907.00	2907.00	2907.00	2907.00	2908.00	2908.00	2908.00	2908.00	2908.00	2909.00	2909.00	2909.00	2909.00	2909.00	2909.00	2910.00	2910.00	2910.00	2910.00	2910.00	2910.00
2854.00	2854.00	2854.00	2854.00	2854.00	2854.00	2854.00	2854.00	2854.00	2854.00	2855.00	2855.00	2855.00	2855.00	2855.00	2855.00	2855.00	2855.00	2855.00	2855.00	2855.00	2856.00	2856.00	2856.00	2856.00	2856.00	2857.00	2857.00	2857.00	2857.00	2857.00	2857.00	2857.00	2858.00	2858.00	2858.00	2858.00	2858.00	2858.00	2859.00	2859.00	2859.00	2859.00	2859.00	2860.00	2860.00	2860.00	2860.00	2860.00	2860.00	2860.00	2861.00	2861.00	2861.00	2861.00	2861.00	2861.00	2861.00	2861.00	2861.00	2861.00	2861.00	2862.00	2862.00	2862.00	2862.00	2862.00	2862.00	2862.00	2862.00	2862.00	2862.00	2862.00	2862.00	2862.00	2862.00	2863.00	2863.00	2863.00	2863.00	2863.00	2863.00	2863.00	2863.00	2863.00	2863.00	2863.00	2863.00	2863.00	2863.00	2863.00	2863.00	2863.00	2863.00	2863.00	2863.00	2864.00	2864.00	2864.00	2864.00	2864.00	2864.00	2864.00	2864.00	2864.00	2865.00	2865.00	2865.00	2865.00	2865.00	2865.00	2865.00	2865.00	2866.00	2866.00	2866.00	2866.00	2866.00	2867.00	2867.00	2867.00	2867.00	2867.00	2868.00	2868.00	2868.00	2868.00	2869.00	2869.00	2869.00	2869.00	2870.00	2871.00	2871.00	2871.00	2872.00	2873.00	2873.00	2873.00	2873.00	2874.00	2874.00	2874.00	2875.00	2875.00	2876.00	2876.00	2876.00	2876.00	2877.00	2878.00	2878.00	2878.00	2878.00	2880.00	2880.00	2880.00	2880.00	2881.00	2882.00	2882.00	2882.00	2882.00	2883.00	2883.00	2884.00	2884.00	2884.00	2885.00	2885.00	2885.00	2885.00	2886.00	2887.00	2887.00	2887.00	2888.00	2889.00	2889.00	2889.00	2889.00	2890.00	2891.00	2891.00	2892.00	2892.00	2893.00	2893.00	2894.00	2894.00	2894.00	2894.00	2894.00	2895.00	2895.00	2895.00	2896.00	2896.00	2896.00	2897.00	2897.00	2897.00	2898.00	2898.00	2898.00	2899.00	2899.00	2899.00	2899.00	2900.00	2900.00	2900.00	2901.00	2901.00	2901.00	2901.00	2902.00	2902.00	2903.00	2903.00	2903.00	2904.00	2904.00	2904.00	2904.00	2904.00	2905.00	2905.00	2905.00	2906.00	2906.00	2906.00	2906.00	2906.00	2906.00	2907.00	2907.00	2907.00	2907.00	2908.00	2908.00	2908.00	2908.00	2908.00	2909.00	2909.00	2909.00	2909.00	2909.00	2909.00	2910.00	2910.00	2910.00	2910.00	2910.00	2910.00
2854.00	2854.00	2854.00	2854.00	2854.00	2854.00	2854.00	2854.00	2854.00	2854.00	2855.00	2855.00	2855.00	2855.00	2855.00	2855.00	2855.00	2855.00	2855.00	2855.00	2855.00	2856.00	2856.00	2856.00	2856.00	2856.00	2857.00	2857.00	2857.00	2857.00	2857.00	2857.00	2857.00	2858.00	2858.00	2858.00	2858.00	2858.00	2858.00	2859.00	2859.00	2859.00	2859.00	2859.00	2860.00	2860.00	2860.00	2860.00	2860.00	2860.00	2860.00	2861.00	2861.00	2861.00	2861.00	2861.00	2861.00	2861.00	2861.00	2861.00	2861.00	2861.00	2862.00	2862.00	2862.00	2862.00	2862.00	2862.00	2862.00	2862.00	2862.00	2862.00	2862.00	2862.00	2862.00	2862.00	2863.00	2863.00	2863.00	2863.00	2863.00	2863.00	2863.00	2863.00	2863.00	2863.00	2863.00	2863.00	2863.00	2863.00	2863.00	2863.00	2863.00	2863.00	2863.00	2863.00	2864.00	2864.00	2864.00	2864.00	2864.00	2864.00	2864.00	2864.00	2864.00	2865.00	2865.00	2865.00	2865.00	2865.00	2865.00	2865.00	2865.00	2866.00	2866.00	2866.00	2866.00	2866.00	2867.00	2867.00	2867.00	2867.00	2867.00	2868.00	2868.00	2868.00	2868.00	2869.00	2869.00	2869.00	2869.00	2870.00	2871.00	2871.00	2871.00	2872.00	2873.00	2873.00	2873.00	2873.00	2874.00	2874.00	2874.00	2875.00	2875.00	2876.00	2876.00	2876.00	2876.00	2877.00	2878.00	2878.00	2878.00	2878.00	2880.00	2880.00	2880.00	2880.00	2881.00	2882.00	2882.00	2882.00	2882.00	2883.00	2883.00	2884.00	2884.00	2884.00	2885.00	2885.00	2885.00	2885.00	2886.00	2887.00	2887.00	2887.00	2888.00	2889.00	2889.00	2889.00	2889.00	2890.00	2891.00	2891.00	2892.00	2892.00	2893.00	2893.00	2894.00	2894.00	2894.00	2894.00	2894.00	2895.00	2895.00	2895.00	2896.00	2896.00	2896.00	2897.00	2897.00	2897.00	2898.00	2898.00	2898.00	2899.00	2899.00	2899.00	2899.00	2900.00	2900.00	2900.00	2901.00	2901.00	2901.00	2901.00	2902.00	2902.00	2903.00	2903.00	2903.00	2904.00	2904.00	2904.00	2904.00	2904.00	2905.00	2905.00	2905.00	2906.00	2906.00	2906.00	2906.00	2906.00	2906.00	2907.00	2907.00	2907.00	2907.00	2908.00	2908.00	2908.00	2908.00	2908.00	2909.00	2909.00	2909.00	2909.00	2909.00	2909.00	2910.00	2910.00	2910.00	2910.00	2910.00	2910.00
2854.00	2854.00	2854.00	2854.00	2854.00	2854.00	2854.00	2854.00	2854.00	2854.00	2855.00	2855.00	2855.00	2855.00	2855.00	2855.00	2855.00	2855.00	2855.00	2855.00	2855.00	2856.00	2856.00	2856.00	2856.00	2856.00	2857.00	2857.00	2857.00	2857.00	2857.00	2857.00	2857.00	2858.00	2858.00	2858.00	2858.00	2858.00	2858.00	2859.00	2859.00	2859.00	2859.00	2859.00	2860.00	2860.00	2860.00	2860.00	2860.00	2860.00	2860.00	2861.00	2861.00	2861.00	2861.00	2861.00	2861.00	2861.00	2861.00	2861.00	2861.00	2861.00	2862.00	2862.00	2862.00	2862.00	2862.00	2862.00	2862.00	2862.00	2862.00	2862.00	2862.00	2862.00	2862.00	2862.00	2863.00	2863.00	2863.00	2863.00	2863.00	2863.00	2863.00	2863.00	2863.00	2863.00	2863.00	2863.00	2863.00	2863.00	2863.00	2863.00	2863.00	2863.00	2863.00	2863.00	2864.00	2864.00	2864.00	2864.00	2864.00	2864.00	2864.00	2864.00	2864.00	2865.00	2865.00	2865.00	2865.00	2865.00	2865.00	2865.00	2865.00	2866.00	2866.00	2866.00	2866.00	2866.00	2867.00	2867.00	2867.00	2867.00	2867.00	2868.00	2868.00	2868.00	2868.00	2869.00	2869.00	2869.00	2869.00	2870.00	2871.00	2871.00	2871.00	2872.00	2873.00	2873.00	2873.00	2873.00	2874.00	2874.00	2874.00	2875.00	2875.00	2876.00	2876.00	2876.00	2876.00	2877.00	2878.00	2878.00	2878.00	2878.00	2880.00	2880.00	2880.00	2880.00	2881.00	2882.00	2882.00	2882.00	2882.00	2883.00	2883.00	2884.00	2884.00	2884.00	2885.00	2885.00	2885.00	2885.00	2886.00	2887.00	2887.00	2887.00	2888.00	2889.00	2889.00	2889.00	2889.00	2890.00	2891.00	2891.00	2892.00	2892.00	2893.00	2893.00	2894.00	2894.00	2894.00	2894.00	2894.00	2895.00	2895.00	2895.00	2896.00	2896.00	2896.00	2897.00	2897.00	2897.00	2898.00	2898.00	2898.00	2899.00	2899.00	2899.00	2899.00	2900.00	2900.00	2900.00	2901.00	2901.00	2901.00	2901.00	2902.00	2902.00	2903.00	2903.00	2903.00	2904.00	2904.00	2904.00	2904.00	2904.00	2905.00	2905.00	2905.00	2906.00	2906.00	2906.00	2906.00	2906.00	2906.00	2907.00	2907.00	2907.00	2907.00	2908.00	2908.00	2908.00	2908.00	2908.00	2909.00	2909.00	2909.00	2909.00	2909.00	2909.00	2910.00	2910.00	2910.00	2910.00	2910.00	2910.00
2854.00	2854.00	2854.00	2854.00	2854.00	2854.00	2854.00	2854.00	2854.00	2854.00	2855.00	2855.00	2855.00	2855.00	2855.00	2855.00	2855.00	2855.00	2855.00	2855.00	2855.00	2856.00	2856.00	2856.00	2856.00	2856.00	2857.00	2857.00	2857.00	2857.00	2857.00	2857.00	2857.00	2858.00	2858.00	2858.00	2858.00	2858.00	2858.00	2859.00	2859.00	2859.00	2859.00	2859.00	2860.00	2860.00	2860.00	2860.00	2860.00	2860.00	2860.00	2861.00	2861.00	2861.00	2861.00	2861.00	2861.00	2861.00	2861.00	2861.00	2861.00	2861.00	2862.00	2862.00	2862.00	2862.00	2862.00	2862.00	2862.00	2862.00	2862.00	2862.00	2862.00	2862.00	2862.00	2862.00	2863.00	2863.00	2863.00	2863.00	2863.00	2863.00	2863.00	2863.00	2863.00	2863.00	2863.00	2863.00	2863.00	2863.00	2863.00	2863.00	2863.00	2863.00	2863.00	2863.00	2864.00	2864.00	2864.00	2864.00	2864.00	2864.00	2864.00	2864.00	2864.00	2865.00	2865.00	2865.00	2865.00	2865.00	2865.00	2865.00	2865.00	2866.00	2866.00	2866.00	2866.00	2866.00	2867.00	2867.00	2867.00	2867.00	2867.00	2868.00	2868.00	2868.00	2868.00	2869.00	2869.00	2869.00	2869.00	2870.00	2871.00	2871.00	2871.00	2872.00	2873.00	2873.00	2873.00	2873.00	2874.00	2874.00	2874.00	2875.00	2875.00	2876.00	2876.00	2876.00	2876.00	2877.00	2878.00	2878.00	2878.00	2878.00	2880.00	2880.00	2880.00	2880.00	2881.00	2882.00	2882.00	2882.00	2882.00	2883.00	2883.00	2884.00	2884.00	2884.00	2885.00	2885.00	2885.00	2885.00	2886.00	2887.00	2887.00	2887.00	2888.00	2889.00	2889.00	2889.00	2889.00	2890.00	2891.00	2891.00	2892.00	2892.00	2893.00	2893.00	2894.00	2894.00	2894.00	2894.00	2894.00	2895.00	2895.00	2895.00	2896.00	2896.00	2896.00	2897.00	2897.00	2897.00	2898.00	2898.00	2898.00	2899.00	2899.00	2899.00	2899.00	2900.00	2900.00	2900.00	2901.00	2901.00	2901.00	2901.00	2902.00	2902.00	2903.00	2903.00	2903.00	2904.00	2904.00	2904.00	2904.00	2904.00	2905.00	2905.00	2905.00	2906.00	2906.00	2906.00	2906.00	2906.00	2906.00	2907.00	2907.00	2907.00	2907.00	2908.00	2908.00	2908.00	2908.00	2908.00	2909.00	2909.00	2909.00	2909.00	2909.00	2909.00	2910.00	2910.00	2910.00	2910.00	2910.00	2910.00
2854.00	2854.00	2854.00	2854.00	2854.00	2854.00	2854.00	2854.00	2854.00	2854.00	2855.00	2855.00	2855.00	2855.00	2855.00	2855.00	2855.00	2855.00	2855.00	2855.00	2855.00	2856.00	2856.00	2856.00	2856.00	2856.00	2857.00	2857.00	2857.00	2857.00	2857.00	2857.00	2857.00	2858.00	2858.00	2858.00	2858.00	2858.00	2858.00	2859.00	2859.00	2859.00	2859.00	2859.00	2860.00	2860.00	2860.00	2860.00	2860.00	2860.00	2860.00	2861.00	2861.00	2861.00	2861.00	2861.00	2861.00	2861.00	2861.00	2861.00	2861.00	2861.00	2862.00	2862.00	2862.00	2862.00	2862.00	2862.00	2862.00	2862.00	2862.00	2862.00	2862.00	2862.00	2862.00	2862.00	2863.00	2863.00	2863.00	2863.00	2863.00	2863.00	2863.00	2863.00	2863.00	2863.00	2863.00	2863.00	2863.00	2863.00	2863.00	2863.00	2863.00	2863.00	2863.00	2863.00	2864.00	2864.00	2864.00	2864.00	2864.00	2864.00	2864.00	2864.00	2864.00	2865.00	2865.00	2865.00	2865.00	2865.00	2865.00	2865.00	2865.00	2866.00	2866.00	2866.00	2866.00	2866.00	2867.00	2867.00	2867.00	2867.00	2867.00	2868.00	2868.00	2868.00	2868.00	2869.00	2869.00	2869.00	2869.00	2870.00	2871.00	2871.00	2871.00	2872.00	2873.00	2873.00	2873.00	2873.00	2874.00	2874.00	2874.00	2875.00	2875.00	2876.00	2876.00	2876.00	2876.00	2877.00	2878.00	2878.00	2878.00	2878.00	2880.00	2880.00	2880.00	2880.00	2881.00	2882.00	2882.00	2882.00	2882.00	2883.00	2883.00	2884.00	2884.00	2884.00	2885.00	2885.00	2885.00	2885.00	2886.00	2887.00	2887.00	2887.00	2888.00	2889.00	2889.00	2889.00	2889.00	2890.00	2891.00	2891.00	2892.00	2892.00	2893.00	2893.00	2894.00	2894.00	2894.00	2894.00	2894.00	2895.00	2895.00	2895.00	2896.00	2896.00	2896.00	2897.00	2897.00	2897.00	2898.00	2898.00	2898.00	2899.00	2899.00	2899.00	2899.00	2900.00	2900.00	2900.00	2901.00	2901.00	2901.00	2901.00	2902.00	2902.00	2903.00	2903.00	2903.00	2904.00	2904.00	2904.00	2904.00	2904.00	2905.00	2905.00	2905.00	2906.00	2906.00	2906.00	2906.00	2906.00	2906.00	2907.00	2907.00	2907.00	2907.00	2908.00	2908.00	2908.00	2908.00	2908.00	2909.00	2909.00	2909.00	2909.00	2909.00	2909.00	2910.00	2910.00	2910.00	2910.00	2910.00	2910.00
2854.00	2854.00	2854.00	2854.00	2854.00	2854.00	2854.00	2854.00	2854.00	2854.00	2855.00	2855.00	2855.00	2855.00	2855.00	2855.00	2855.00	2855.00	2855.00	2855.00	2855.00	2856.00	2856.00	2856.00	2856.00	2856.00	2857.00	2857.00	2857.00	2857.00	2857.00	2857.00	2857.00	2858.00	2858.00	2858.00	2858.00	2858.00	2858.00	2859.00	2859.00	2859.00	2859.00	2859.00	2860.00	2860.00	2860.00	2860.00	2860.00	2860.00	2860.00	2861.00	2861.00	2861.00	2861.00	2861.00	2861.00	2861.00	2861.00	2861.00	2861.00	2861.00	2862.00	2862.00	2862.00	2862.00	2862.00	2862.00	2862.00	2862.00	2862.00	2862.00	2862.00	2862.00	2862.00	2862.00	2863.00	2863.00	2863.00	2863.00	2863.00	2863.00	2863.00	2863.00	2863.00	2863.00	2863.00	2863.00	2863.00	2863.00	2863.00	2863.00	2863.00	2863.00	2863.00	2863.00	2864.00	2864.00	2864.00	2864.00	2864.00	2864.00	2864.00	2864.00	2864.00	2865.00	2865.00	2865.00	2865.00	2865.00	2865.00	2865.00	2865.00	2866.00	2866.00	2866.00	2866.00	2866.00	2867.00	2867.00	2867.00	2867.00	2867.00	2868.00	2868.00	2868.00	2868.00	2869.00	2869.00	2869.00	2869.00	2870.00	2871.00	2871.00	2871.00	2872.00	2873.00	2873.00	2873.00	2873.00	2874.00	2874.00	2874.00	2875.00	2875.00	2876.00	2876.00	2876.00	2876.00	2877.00	2878.00	2878.00	2878.00	2878.00	2880.00	2880.00	2880.00	2880.00	2881.00	2882.00	2882.00	2882.00	2882.00	2883.00	2883.00	2884.00	2884.00	2884.00	2885.00	2885.00	2885.00	2885.00	2886.00	2887.00	2887.00	2887.00	2888.00	2889.00	2889.00	2889.00	2889.00	2890.00	2891.00	2891.00	2892.00	2892.00	2893.00	2893.00	2894.00	2894.00	2894.00	2894.00	2894.00	2895.00	2895.00	2895.00	2896.00	2896.00	2896.00	2897.00	2897.00	2897.00	2898.00	2898.00	2898.00	2899.00	2899.00	2899.00	2899.00	2900.00	2900.00	2900.00	2901.00	2901.00	2901.00	2901.00	2902.00	2902.00	2903.00	2903.00	2903.00	2904.00	2904.00	2904.00	2904.00	2904.00	2905.00	2905.00	2905.00	2906.00	2906.00	2906.00	2906.00	2906.00	2906.00	2907.00	2907.00	2907.00	2907.00	2908.00	2908.00	2908.00	2908.00	2908.00	2909.00	2909.00	2909.00	2909.00	2909.00	2909.00	2910.00	2910.00	2910.00	2910.00	2910.00	2910.00
2854.00	2854.00	2854.00	2854.00	2854.00	2854.00	2854.00	2854.00	2854.00	2854.00	2855.00	2855.00	2855.00	2855.00	2855.00	2855.00	2855.00	2855.00	2855.00	2855.00	2855.00	2856.00	2856.00	2856.00	2856.00	2856.00	2857.00	2857.00	2857.00	2857.00	2857.00	2857.00	2857.00	2858.00	2858.00	2858.00	2858.00	2858.00	2858.00	2859.00	2859.00	2859.00	2859.00	2859.00	2860.00	2860.00	2860.00	2860.00	2860.00	2860.00	2860.00	2861.00	2861.00	2861.00	2861.00	2861.00	2861.00	2861.00	2861.00	2861.00	2861.00	2861.00	2862.00	2862.00	2862.00	2862.00	2862.00	2862.00	2862.00	2862.00	2862.00	2862.00	2862.00	2862.00	2862.00	2862.00	2863.00	2863.00	2863.00	2863.00	2863.00	2863.00	2863.00	2863.00	2863.00	2863.00	2863.00	2863.00	2863.00	2863.00	2863.00	2863.00	2863.00	2863.00	2863.00	2863.00	2864.00	2864.00	2864.00	2864.00	2864.00	2864.00	2864.00	2864.00	2864.00	2865.00	2865.00	2865.00	2865.00	2865.00	2865.00	2865.00	2865.00	2866.00	2866.00	2866.00	2866.00	2866.00	2867.00	2867.00	2867.00	2867.00	2867.00	2868.00	2868.00	2868.00	2868.00	2869.00	2869.00	2869.00	2869.00	2870.00	2871.00	2871.00	2871.00	2872.00	2873.00	2873.00	2873.00	2873.00	2874.00	2874.00	2874.00	2875.00	2875.00	2876.00	2876.00	2876.00	2876.00	2877.00	2878.00	2878.00	2878.00	2878.00	2880.00	2880.00	2880.00	2880.00	2881.00	2882.00	2882.00	2882.00	2882.00	2883.00	2883.00	2884.00	2884.00	2884.00	2885.00	2885.00	2885.00	2885.00	2886.00	2887.00	2887.00	2887.00	2888.00	2889.00	2889.00	2889.00	2889.00	2890.00	2891.00	2891.00	2892.00	2892.00	2893.00	2893.00	2894.00	2894.00	2894.00	2894.00	2894.00	2895.00	2895.00	2895.00	2896.00	2896.00	2896.00	2897.00	2897.00	2897.00	2898.00	2898.00	2898.00	2899.00	2899.00	2899.00	2899.00	2900.00	2900.00	2900.00	2901.00	2901.00	2901.00	2901.00	2902.00	2902.00	2903.00	2903.00	2903.00	2904.00	2904.00	2904.00	2904.00	2904.00	2905.00	2905.00	2905.00	2906.00	2906.00	2906.00	2906.00	2906.00	2906.00	2907.00	2907.00	2907.00	2907.00	2908.00	2908.00	2908.00	2908.00	2908.00	2909.00	2909.00	2909.00	2909.00	2909.00	2909.00	2910.00	2910.00	2910.00	2910.00	2910.00	2910.00
2854.00	2854.00	2854.00	2854.00	2854.00	2854.00	2854.00	2854.00	2854.00	2854.00	2854.00	2854.00	2854.00	2854.00	2854.00	2855.00	2855.00	2855.00	2855.00	2855.00	2855.00	2855.00	2855.00	2855.00	2855.00	2855.00	2856.00	2856.00	2856.00	2856.00	2856.00	2856.00	2856.00	2856.00	2856.00	2857.00	2857.00	2857.00	2857.00	2857.00	2857.00	2857.00	2858.00	2858.00	2858.00	2858.00	2858.00	2858.00	2858.00	2858.00	2859.00	2859.00	2859.00	2859.00	2859.00	2859.00	2859.00	2859.00	2859.00	2859.00	2859.00	2859.00	2859.00	2859.00	2859.00	2859.00	2859.00	2859.00	2859.00	2859.00	2859.00	2859.00	2859.00	2859.00	2859.00	2859.00	2859.00	2859.00	2859.00	2859.00	2859.00	2860.00	2860.00	2860.00	2860.00	2860.00	2860.00	2860.00	2860.00	2860.00	2860.00	2860.00	2860.00	2860.00	2860.00	2860.00	2861.00	2861.00	2861.00	2861.00	2861.00	2861.00	2861.00	2861.00	2861.00	2862.00	2862.00	2862.00	2862.00	2862.00	2862.00	2862.00	2862.00	2863.00	2863.00	2863.00	2863.00	2863.00	2863.00	2863.00	2864.00	2864.00	2864.00	2865.00	2865.00	2865.00	2865.00	2866.00	2866.00	2866.00	2866.00	2867.00	2867.00	2867.00	2868.00	2869.00	2869.00	2869.00	2870.00	2870.00	2870.00	2871.00	2871.00	2872.00	2872.00	2873.00	2873.00	2873.00	2873.00	2874.00	2875.00	2875.00	2876.00	2876.00	2877.00	2877.00	2878.00	2878.00	2878.00	2879.00	2879.00	2880.00	2880.00	2880.00	2881.00	2881.00	2881.00	2882.00	2883.00	2883.00	2884.00	2884.00	2884.00	2885.00	2885.00	2886.00	2887.00	2887.00	2887.00	2888.00	2888.00	2889.00	2889.00	2889.00	2890.00	2891.00	2891.00	2891.00	2892.00	2892.00	2893.00	2893.00	2893.00	2894.00	2894.00	2894.00	2895.00	2895.00	2895.00	2896.00	2897.00	2897.00	2897.00	2897.00	2897.00	2898.00	2898.00	2898.00	2899.00	2899.00	2899.00	2900.00	2900.00	2900.00	2901.00	2901.00	2901.00	2902.00	2902.00	2902.00	2902.00	2903.00	2903.00	2903.00	2903.00	2903.00	2904.00	2904.00	2904.00	2904.00	2905.00	2905.00	2905.00	2905.00	2906.00	2906.00	2906.00	2906.00	2906.00	2907.00	2907.00	2907.00	2907.00	2908.00	2908.00	2908.00	2908.00	2908.00	2908.00	2909.00	2909.00	2909.00	2909.00	2909.00	2909.00	2909.00
2854.00	2854.00	2854.00	2854.00	2854.00	2854.00	2854.00	2854.00	2854.00	2854.00	2854.00	2854.00	2854.00	2854.00	2854.00	2855.00	2855.00	2855.00	2855.00	2855.00	2855.00	2855.00	2855.00	2855.00	2855.00	2855.00	2856.00	2856.00	2856.00	2856.00	2856.00	2856.00	2856.00	2856.00	2856.00	2857.00	2857.00	2857.00	2857.00	2857.00	2857.00	2857.00	2858.00	2858.00	2858.00	2858.00	2858.00	2858.00	2858.00	2858.00	2859.00	2859.00	2859.00	2859.00	2859.00	2859.00	2859.00	2859.00	2859.00	2859.00	2859.00	2859.00	2859.00	2859.00	2859.00	2859.00	2859.00	2859.00	2859.00	2859.00	2859.00	2859.00	2859.00	2859.00	2859.00	2859.00	2859.00	2859.00	2859.00	2859.00	2859.00	2860.00	2860.00	2860.00	2860.00	2860.00	2860.00	2860.00	2860.00	2860.00	2860.00	2860.00	2860.00	2860.00	2860.00	2860.00	2861.00	2861.00	2861.00	2861.00	2861.00	2861.00	2861.00	2861.00	2861.00	2862.00	2862.00	2862.00	2862.00	2862.00	2862.00	2862.00	2862.00	2863.00	2863.00	2863.00	2863.00	2863.00	2863.00	2863.00	2864.00	2864.00	2864.00	2865.00	2865.00	2865.00	2865.00	2866.00	2866.00	2866.00	2866.00	2867.00	2867.00	2867.00	2868.00	2869.00	2869.00	2869.00	2870.00	2870.00	2870.00	2871.00	2871.00	2872.00	2872.00	2873.00	2873.00	2873.00	2873.00	2874.00	2875.00	2875.00	2876.00	2876.00	2877.00	2877.00	2878.00	2878.00	2878.00	2879.00	2879.00	2880.00	2880.00	2880.00	2881.00	2881.00	2881.00	2882.00	2883.00	2883.00	2884.00	2884.00	2884.00	2885.00	2885.00	2886.00	2887.00	2887.00	2887.00	2888.00	2888.00	2889.00	2889.00	2889.00	2890.00	2891.00	2891.00	2891.00	2892.00	2892.00	2893.00	2893.00	2893.00	2894.00	2894.00	2894.00	2895.00	2895.00	2895.00	2896.00	2897.00	2897.00	2897.00	2897.00	2897.00	2898.00	2898.00	2898.00	2899.00	2899.00	2899.00	2900.00	2900.00	2900.00	2901.00	2901.00	2901.00	2902.00	2902.00	2902.00	2902.00	2903.00	2903.00	2903.00	2903.00	2903.00	2904.00	2904.00	2904.00	2904.00	2905.00	2905.00	2905.00	2905.00	2906.00	2906.00	2906.00	2906.00	2906.00	2907.00	2907.00	2907.00	2907.00	2908.00	2908.00	2908.00	2908.00	2908.00	2908.00	2909.00	2909.00	2909.00	2909.00	2909.00	2909.00	2909.00
2854.00	2854.00	2854.00	2854.00	2854.00	2854.00	2854.00	2854.00	2854.00	2854.00	2854.00	2854.00	2854.00	2854.00	2854.00	2855.00	2855.00	2855.00	2855.00	2855.00	2855.00	2855.00	2855.00	2855.00	2855.00	2855.00	2856.00	2856.00	2856.00	2856.00	2856.00	2856.00	2856.00	2856.00	2856.00	2857.00	2857.00	2857.00	2857.00	2857.00	2857.00	2857.00	2858.00	2858.00	2858.00	2858.00	2858.00	2858.00	2858.00	2858.00	2859.00	2859.00	2859.00	2859.00	2859.00	2859.00	2859.00	2859.00	2859.00	2859.00	2859.00	2859.00	2859.00	2859.00	2859.00	2859.00	2859.00	2859.00	2859.00	2859.00	2859.00	2859.00	2859.00	2859.00	2859.00	2859.00	2859.00	2859.00	2859.00	2859.00	2859.00	2860.00	2860.00	2860.00	2860.00	2860.00	2860.00	2860.00	2860.00	2860.00	2860.00	2860.00	2860.00	2860.00	2860.00	2860.00	2861.00	2861.00	2861.00	2861.00	2861.00	2861.00	2861.00	2861.00	2861.00	2862.00	2862.00	2862.00	2862.00	2862.00	2862.00	2862.00	2862.00	2863.00	2863.00	2863.00	2863.00	2863.00	2863.00	2863.00	2864.00	2864.00	2864.00	2865.00	2865.00	2865.00	2865.00	2866.00	2866.00	2866.00	2866.00	2867.00	2867.00	2867.00	2868.00	2869.00	2869.00	2869.00	2870.00	2870.00	2870.00	2871.00	2871.00	2872.00	2872.00	2873.00	2873.00	2873.00	2873.00	2874.00	2875.00	2875.00	2876.00	2876.00	2877.00	2877.00	2878.00	2878.00	2878.00	2879.00	2879.00	2880.00	2880.00	2880.00	2881.00	2881.00	2881.00	2882.00	2883.00	2883.00	2884.00	2884.00	2884.00	2885.00	2885.00	2886.00	2887.00	2887.00	2887.00	2888.00	2888.00	2889.00	2889.00	2889.00	2890.00	2891.00	2891.00	2891.00	2892.00	2892.00	2893.00	2893.00	2893.00	2894.00	2894.00	2894.00	2895.00	2895.00	2895.00	2896.00	2897.00	2897.00	2897.00	2897.00	2897.00	2898.00	2898.00	2898.00	2899.00	2899.00	2899.00	2900.00	2900.00	2900.00	2901.00	2901.00	2901.00	2902.00	2902.00	2902.00	2902.00	2903.00	2903.00	2903.00	2903.00	2903.00	2904.00	2904.00	2904.00	2904.00	2905.00	2905.00	2905.00	2905.00	2906.00	2906.00	2906.00	2906.00	2906.00	2907.00	2907.00	2907.00	2907.00	2908.00	2908.00	2908.00	2908.00	2908.00	2908.00	2909.00	2909.00	2909.00	2909.00	2909.00	2909.00	2909.00
2854.00	2854.00	2854.00	2854.00	2854.00	2854.00	2854.00	2854.00	2854.00	2854.00	2854.00	2854.00	2854.00	2854.00	2854.00	2855.00	2855.00	2855.00	2855.00	2855.00	2855.00	2855.00	2855.00	2855.00	2855.00	2855.00	2856.00	2856.00	2856.00	2856.00	2856.00	2856.00	2856.00	2856.00	2856.00	2857.00	2857.00	2857.00	2857.00	2857.00	2857.00	2857.00	2858.00	2858.00	2858.00	2858.00	2858.00	2858.00	2858.00	2858.00	2859.00	2859.00	2859.00	2859.00	2859.00	2859.00	2859.00	2859.00	2859.00	2859.00	2859.00	2859.00	2859.00	2859.00	2859.00	2859.00	2859.00	2859.00	2859.00	2859.00	2859.00	2859.00	2859.00	2859.00	2859.00	2859.00	2859.00	2859.00	2859.00	2859.00	2859.00	2860.00	2860.00	2860.00	2860.00	2860.00	2860.00	2860.00	2860.00	2860.00	2860.00	2860.00	2860.00	2860.00	2860.00	2860.00	2861.00	2861.00	2861.00	2861.00	2861.00	2861.00	2861.00	2861.00	2861.00	2862.00	2862.00	2862.00	2862.00	2862.00	2862.00	2862.00	2862.00	2863.00	2863.00	2863.00	2863.00	2863.00	2863.00	2863.00	2864.00	2864.00	2864.00	2865.00	2865.00	2865.00	2865.00	2866.00	2866.00	2866.00	2866.00	2867.00	2867.00	2867.00	2868.00	2869.00	2869.00	2869.00	2870.00	2870.00	2870.00	2871.00	2871.00	2872.00	2872.00	2873.00	2873.00	2873.00	2873.00	2874.00	2875.00	2875.00	2876.00	2876.00	2877.00	2877.00	2878.00	2878.00	2878.00	2879.00	2879.00	2880.00	2880.00	2880.00	2881.00	2881.00	2881.00	2882.00	2883.00	2883.00	2884.00	2884.00	2884.00	2885.00	2885.00	2886.00	2887.00	2887.00	2887.00	2888.00	2888.00	2889.00	2889.00	2889.00	2890.00	2891.00	2891.00	2891.00	2892.00	2892.00	2893.00	2893.00	2893.00	2894.00	2894.00	2894.00	2895.00	2895.00	2895.00	2896.00	2897.00	2897.00	2897.00	2897.00	2897.00	2898.00	2898.00	2898.00	2899.00	2899.00	2899.00	2900.00	2900.00	2900.00	2901.00	2901.00	2901.00	2902.00	2902.00	2902.00	2902.00	2903.00	2903.00	2903.00	2903.00	2903.00	2904.00	2904.00	2904.00	2904.00	2905.00	2905.00	2905.00	2905.00	2906.00	2906.00	2906.00	2906.00	2906.00	2907.00	2907.00	2907.00	2907.00	2908.00	2908.00	2908.00	2908.00	2908.00	2908.00	2909.00	2909.00	2909.00	2909.00	2909.00	2909.00	2909.00
2854.00	2854.00	2854.00	2854.00	2854.00	2854.00	2854.00	2854.00	2854.00	2854.00	2854.00	2854.00	2854.00	2854.00	2854.00	2855.00	2855.00	2855.00	2855.00	2855.00	2855.00	2855.00	2855.00	2855.00	2855.00	2855.00	2856.00	2856.00	2856.00	2856.00	2856.00	2856.00	2856.00	2856.00	2856.00	2857.00	2857.00	2857.00	2857.00	2857.00	2857.00	2857.00	2858.00	2858.00	2858.00	2858.00	2858.00	2858.00	2858.00	2858.00	2859.00	2859.00	2859.00	2859.00	2859.00	2859.00	2859.00	2859.00	2859.00	2859.00	2859.00	2859.00	2859.00	2859.00	2859.00	2859.00	2859.00	2859.00	2859.00	2859.00	2859.00	2859.00	2859.00	2859.00	2859.00	2859.00	2859.00	2859.00	2859.00	2859.00	2859.00	2860.00	2860.00	2860.00	2860.00	2860.00	2860.00	2860.00	2860.00	2860.00	2860.00	2860.00	2860.00	2860.00	2860.00	2860.00	2861.00	2861.00	2861.00	2861.00	2861.00	2861.00	2861.00	2861.00	2861.00	2862.00	2862.00	2862.00	2862.00	2862.00	2862.00	2862.00	2862.00	2863.00	2863.00	2863.00	2863.00	2863.00	2863.00	2863.00	2864.00	2864.00	2864.00	2865.00	2865.00	2865.00	2865.00	2866.00	2866.00	2866.00	2866.00	2867.00	2867.00	2867.00	2868.00	2869.00	2869.00	2869.00	2870.00	2870.00	2870.00	2871.00	2871.00	2872.00	2872.00	2873.00	2873.00	2873.00	2873.00	2874.00	2875.00	2875.00	2876.00	2876.00	2877.00	2877.00	2878.00	2878.00	2878.00	2879.00	2879.00	2880.00	2880.00	2880.00	2881.00	2881.00	2881.00	2882.00	2883.00	2883.00	2884.00	2884.00	2884.00	2885.00	2885.00	2886.00	2887.00	2887.00	2887.00	2888.00	2888.00	2889.00	2889.00	2889.00	2890.00	2891.00	2891.00	2891.00	2892.00	2892.00	2893.00	2893.00	2893.00	2894.00	2894.00	2894.00	2895.00	2895.00	2895.00	2896.00	2897.00	2897.00	2897.00	2897.00	2897.00	2898.00	2898.00	2898.00	2899.00	2899.00	2899.00	2900.00	2900.00	2900.00	2901.00	2901.00	2901.00	2902.00	2902.00	2902.00	2902.00	2903.00	2903.00	2903.00	2903.00	2903.00	2904.00	2904.00	2904.00	2904.00	2905.00	2905.00	2905.00	2905.00	2906.00	2906.00	2906.00	2906.00	2906.00	2907.00	2907.00	2907.00	2907.00	2908.00	2908.00	2908.00	2908.00	2908.00	2908.00	2909.00	2909.00	2909.00	2909.00	2909.00	2909.00	2909.00
2854.00	2854.00	2854.00	2854.00	2854.00	2854.00	2854.00	2854.00	2854.00	2854.00	2854.00	2854.00	2854.00	2854.00	2854.00	2855.00	2855.00	2855.00	2855.00	2855.00	2855.00	2855.00	2855.00	2855.00	2855.00	2855.00	2856.00	2856.00	2856.00	2856.00	2856.00	2856.00	2856.00	2856.00	2856.00	2857.00	2857.00	2857.00	2857.00	2857.00	2857.00	2857.00	2858.00	2858.00	2858.00	2858.00	2858.00	2858.00	2858.00	2858.00	2859.00	2859.00	2859.00	2859.00	2859.00	2859.00	2859.00	2859.00	2859.00	2859.00	2859.00	2859.00	2859.00	2859.00	2859.00	2859.00	2859.00	2859.00	2859.00	2859.00	2859.00	2859.00	2859.00	2859.00	2859.00	2859.00	2859.00	2859.00	2859.00	2859.00	2859.00	2860.00	2860.00	2860.00	2860.00	2860.00	2860.00	2860.00	2860.00	2860.00	2860.00	2860.00	2860.00	2860.00	2860.00	2860.00	2861.00	2861.00	2861.00	2861.00	2861.00	2861.00	2861.00	2861.00	2861.00	2862.00	2862.00	2862.00	2862.00	2862.00	2862.00	2862.00	2862.00	2863.00	2863.00	2863.00	2863.00	2863.00	2863.00	2863.00	2864.00	2864.00	2864.00	2865.00	2865.00	2865.00	2865.00	2866.00	2866.00	2866.00	2866.00	2867.00	2867.00	2867.00	2868.00	2869.00	2869.00	2869.00	2870.00	2870.00	2870.00	2871.00	2871.00	2872.00	2872.00	2873.00	2873.00	2873.00	2873.00	2874.00	2875.00	2875.00	2876.00	2876.00	2877.00	2877.00	2878.00	2878.00	2878.00	2879.00	2879.00	2880.00	2880.00	2880.00	2881.00	2881.00	2881.00	2882.00	2883.00	2883.00	2884.00	2884.00	2884.00	2885.00	2885.00	2886.00	2887.00	2887.00	2887.00	2888.00	2888.00	2889.00	2889.00	2889.00	2890.00	2891.00	2891.00	2891.00	2892.00	2892.00	2893.00	2893.00	2893.00	2894.00	2894.00	2894.00	2895.00	2895.00	2895.00	2896.00	2897.00	2897.00	2897.00	2897.00	2897.00	2898.00	2898.00	2898.00	2899.00	2899.00	2899.00	2900.00	2900.00	2900.00	2901.00	2901.00	2901.00	2902.00	2902.00	2902.00	2902.00	2903.00	2903.00	2903.00	2903.00	2903.00	2904.00	2904.00	2904.00	2904.00	2905.00	2905.00	2905.00	2905.00	2906.00	2906.00	2906.00	2906.00	2906.00	2907.00	2907.00	2907.00	2907.00	2908.00	2908.00	2908.00	2908.00	2908.00	2908.00	2909.00	2909.00	2909.00	2909.00	2909.00	2909.00	2909.00
2854.00	2854.00	2854.00	2854.00	2854.00	2854.00	2854.00	2854.00	2854.00	2854.00	2854.00	2854.00	2854.00	2854.00	2854.00	2855.00	2855.00	2855.00	2855.00	2855.00	2855.00	2855.00	2855.00	2855.00	2855.00	2855.00	2856.00	2856.00	2856.00	2856.00	2856.00	2856.00	2856.00	2856.00	2856.00	2857.00	2857.00	2857.00	2857.00	2857.00	2857.00	2857.00	2858.00	2858.00	2858.00	2858.00	2858.00	2858.00	2858.00	2858.00	2859.00	2859.00	2859.00	2859.00	2859.00	2859.00	2859.00	2859.00	2859.00	2859.00	2859.00	2859.00	2859.00	2859.00	2859.00	2859.00	2859.00	2859.00	2859.00	2859.00	2859.00	2859.00	2859.00	2859.00	2859.00	2859.00	2859.00	2859.00	2859.00	2859.00	2859.00	2860.00	2860.00	2860.00	2860.00	2860.00	2860.00	2860.00	2860.00	2860.00	2860.00	2860.00	2860.00	2860.00	2860.00	2860.00	2861.00	2861.00	2861.00	2861.00	2861.00	2861.00	2861.00	2861.00	2861.00	2862.00	2862.00	2862.00	2862.00	2862.00	2862.00	2862.00	2862.00	2863.00	2863.00	2863.00	2863.00	2863.00	2863.00	2863.00	2864.00	2864.00	2864.00	2865.00	2865.00	2865.00	2865.00	2866.00	2866.00	2866.00	2866.00	2867.00	2867.00	2867.00	2868.00	2869.00	2869.00	2869.00	2870.00	2870.00	2870.00	2871.00	2871.00	2872.00	2872.00	2873.00	2873.00	2873.00	2873.00	2874.00	2875.00	2875.00	2876.00	2876.00	2877.00	2877.00	2878.00	2878.00	2878.00	2879.00	2879.00	2880.00	2880.00	2880.00	2881.00	2881.00	2881.00	2882.00	2883.00	2883.00	2884.00	2884.00	2884.00	2885.00	2885.00	2886.00	2887.00	2887.00	2887.00	2888.00	2888.00	2889.00	2889.00	2889.00	2890.00	2891.00	2891.00	2891.00	2892.00	2892.00	2893.00	2893.00	2893.00	2894.00	2894.00	2894.00	2895.00	2895.00	2895.00	2896.00	2897.00	2897.00	2897.00	2897.00	2897.00	2898.00	2898.00	2898.00	2899.00	2899.00	2899.00	2900.00	2900.00	2900.00	2901.00	2901.00	2901.00	2902.00	2902.00	2902.00	2902.00	2903.00	2903.00	2903.00	2903.00	2903.00	2904.00	2904.00	2904.00	2904.00	2905.00	2905.00	2905.00	2905.00	2906.00	2906.00	2906.00	2906.00	2906.00	2907.00	2907.00	2907.00	2907.00	2908.00	2908.00	2908.00	2908.00	2908.00	2908.00	2909.00	2909.00	2909.00	2909.00	2909.00	2909.00	2909.00
2854.00	2854.00	2854.00	2854.00	2854.00	2854.00	2854.00	2854.00	2854.00	2854.00	2854.00	2854.00	2854.00	2854.00	2854.00	2855.00	2855.00	2855.00	2855.00	2855.00	2855.00	2855.00	2855.00	2855.00	2855.00	2855.00	2856.00	2856.00	2856.00	2856.00	2856.00	2856.00	2856.00	2856.00	2856.00	2857.00	2857.00	2857.00	2857.00	2857.00	2857.00	2857.00	2858.00	2858.00	2858.00	2858.00	2858.00	2858.00	2858.00	2858.00	2859.00	2859.00	2859.00	2859.00	2859.00	2859.00	2859.00	2859.00	2859.00	2859.00	2859.00	2859.00	2859.00	2859.00	2859.00	2859.00	2859.00	2859.00	2859.00	2859.00	2859.00	2859.00	2859.00	2859.00	2859.00	2859.00	2859.00	2859.00	2859.00	2859.00	2859.00	2860.00	2860.00	2860.00	2860.00	2860.00	2860.00	2860.00	2860.00	2860.00	2860.00	2860.00	2860.00	2860.00	2860.00	2860.00	2861.00	2861.00	2861.00	2861.00	2861.00	2861.00	2861.00	2861.00	2861.00	2862.00	2862.00	2862.00	2862.00	2862.00	2862.00	2862.00	2862.00	2863.00	2863.00	2863.00	2863.00	2863.00	2863.00	2863.00	2864.00	2864.00	2864.00	2865.00	2865.00	2865.00	2865.00	2866.00	2866.00	2866.00	2866.00	2867.00	2867.00	2867.00	2868.00	2869.00	2869.00	2869.00	2870.00	2870.00	2870.00	2871.00	2871.00	2872.00	2872.00	2873.00	2873.00	2873.00	2873.00	2874.00	2875.00	2875.00	2876.00	2876.00	2877.00	2877.00	2878.00	2878.00	2878.00	2879.00	2879.00	2880.00	2880.00	2880.00	2881.00	2881.00	2881.00	2882.00	2883.00	2883.00	2884.00	2884.00	2884.00	2885.00	2885.00	2886.00	2887.00	2887.00	2887.00	2888.00	2888.00	2889.00	2889.00	2889.00	2890.00	2891.00	2891.00	2891.00	2892.00	2892.00	2893.00	2893.00	2893.00	2894.00	2894.00	2894.00	2895.00	2895.00	2895.00	2896.00	2897.00	2897.00	2897.00	2897.00	2897.00	2898.00	2898.00	2898.00	2899.00	2899.00	2899.00	2900.00	2900.00	2900.00	2901.00	2901.00	2901.00	2902.00	2902.00	2902.00	2902.00	2903.00	2903.00	2903.00	2903.00	2903.00	2904.00	2904.00	2904.00	2904.00	2905.00	2905.00	2905.00	2905.00	2906.00	2906.00	2906.00	2906.00	2906.00	2907.00	2907.00	2907.00	2907.00	2908.00	2908.00	2908.00	2908.00	2908.00	2908.00	2909.00	2909.00	2909.00	2909.00	2909.00	2909.00	2909.00
2854.00	2854.00	2854.00	2854.00	2854.00	2854.00	2854.00	2854.00	2854.00	2854.00	2854.00	2854.00	2854.00	2854.00	2854.00	2855.00	2855.00	2855.00	2855.00	2855.00	2855.00	2855.00	2855.00	2855.00	2855.00	2855.00	2856.00	2856.00	2856.00	2856.00	2856.00	2856.00	2856.00	2856.00	2856.00	2857.00	2857.00	2857.00	2857.00	2857.00	2857.00	2857.00	2858.00	2858.00	2858.00	2858.00	2858.00	2858.00	2858.00	2858.00	2859.00	2859.00	2859.00	2859.00	2859.00	2859.00	2859.00	2859.00	2859.00	2859.00	2859.00	2859.00	2859.00	2859.00	2859.00	2859.00	2859.00	2859.00	2859.00	2859.00	2859.00	2859.00	2859.00	2859.00	2859.00	2859.00	2859.00	2859.00	2859.00	2859.00	2859.00	2860.00	2860.00	2860.00	2860.00	2860.00	2860.00	2860.00	2860.00	2860.00	2860.00	2860.00	2860.00	2860.00	2860.00	2860.00	2861.00	2861.00	2861.00	2861.00	2861.00	2861.00	2861.00	2861.00	2861.00	2862.00	2862.00	2862.00	2862.00	2862.00	2862.00	2862.00	2862.00	2863.00	2863.00	2863.00	2863.00	2863.00	2863.00	2863.00	2864.00	2864.00	2864.00	2865.00	2865.00	2865.00	2865.00	2866.00	2866.00	2866.00	2866.00	2867.00	2867.00	2867.00	2868.00	2869.00	2869.00	2869.00	2870.00	2870.00	2870.00	2871.00	2871.00	2872.00	2872.00	2873.00	2873.00	2873.00	2873.00	2874.00	2875.00	2875.00	2876.00	2876.00	2877.00	2877.00	2878.00	2878.00	2878.00	2879.00	2879.00	2880.00	2880.00	2880.00	2881.00	2881.00	2881.00	2882.00	2883.00	2883.00	2884.00	2884.00	2884.00	2885.00	2885.00	2886.00	2887.00	2887.00	2887.00	2888.00	2888.00	2889.00	2889.00	2889.00	2890.00	2891.00	2891.00	2891.00	2892.00	2892.00	2893.00	2893.00	2893.00	2894.00	2894.00	2894.00	2895.00	2895.00	2895.00	2896.00	2897.00	2897.00	2897.00	2897.00	2897.00	2898.00	2898.00	2898.00	2899.00	2899.00	2899.00	2900.00	2900.00	2900.00	2901.00	2901.00	2901.00	2902.00	2902.00	2902.00	2902.00	2903.00	2903.00	2903.00	2903.00	2903.00	2904.00	2904.00	2904.00	2904.00	2905.00	2905.00	2905.00	2905.00	2906.00	2906.00	2906.00	2906.00	2906.00	2907.00	2907.00	2907.00	2907.00	2908.00	2908.00	2908.00	2908.00	2908.00	2908.00	2909.00	2909.00	2909.00	2909.00	2909.00	2909.00	2909.00
2854.00	2854.00	2854.00	2854.00	2854.00	2854.00	2854.00	2854.00	2854.00	2854.00	2854.00	2854.00	2854.00	2854.00	2854.00	2855.00	2855.00	2855.00	2855.00	2855.00	2855.00	2855.00	2855.00	2855.00	2855.00	2855.00	2856.00	2856.00	2856.00	2856.00	2856.00	2856.00	2856.00	2856.00	2856.00	2857.00	2857.00	2857.00	2857.00	2857.00	2857.00	2857.00	2858.00	2858.00	2858.00	2858.00	2858.00	2858.00	2858.00	2858.00	2859.00	2859.00	2859.00	2859.00	2859.00	2859.00	2859.00	2859.00	2859.00	2859.00	2859.00	2859.00	2859.00	2859.00	2859.00	2859.00	2859.00	2859.00	2859.00	2859.00	2859.00	2859.00	2859.00	2859.00	2859.00	2859.00	2859.00	2859.00	2859.00	2859.00	2859.00	2860.00	2860.00	2860.00	2860.00	2860.00	2860.00	2860.00	2860.00	2860.00	2860.00	2860.00	2860.00	2860.00	2860.00	2860.00	2861.00	2861.00	2861.00	2861.00	2861.00	2861.00	2861.00	2861.00	2861.00	2862.00	2862.00	2862.00	2862.00	2862.00	2862.00	2862.00	2862.00	2863.00	2863.00	2863.00	2863.00	2863.00	2863.00	2863.00	2864.00	2864.00	2864.00	2865.00	2865.00	2865.00	2865.00	2866.00	2866.00	2866.00	2866.00	2867.00	2867.00	2867.00	2868.00	2869.00	2869.00	2869.00	2870.00	2870.00	2870.00	2871.00	2871.00	2872.00	2872.00	2873.00	2873.00	2873.00	2873.00	2874.00	2875.00	2875.00	2876.00	2876.00	2877.00	2877.00	2878.00	2878.00	2878.00	2879.00	2879.00	2880.00	2880.00	2880.00	2881.00	2881.00	2881.00	2882.00	2883.00	2883.00	2884.00	2884.00	2884.00	2885.00	2885.00	2886.00	2887.00	2887.00	2887.00	2888.00	2888.00	2889.00	2889.00	2889.00	2890.00	2891.00	2891.00	2891.00	2892.00	2892.00	2893.00	2893.00	2893.00	2894.00	2894.00	2894.00	2895.00	2895.00	2895.00	2896.00	2897.00	2897.00	2897.00	2897.00	2897.00	2898.00	2898.00	2898.00	2899.00	2899.00	2899.00	2900.00	2900.00	2900.00	2901.00	2901.00	2901.00	2902.00	2902.00	2902.00	2902.00	2903.00	2903.00	2903.00	2903.00	2903.00	2904.00	2904.00	2904.00	2904.00	2905.00	2905.00	2905.00	2905.00	2906.00	2906.00	2906.00	2906.00	2906.00	2907.00	2907.00	2907.00	2907.00	2908.00	2908.00	2908.00	2908.00	2908.00	2908.00	2909.00	2909.00	2909.00	2909.00	2909.00	2909.00	2909.00
2854.00	2854.00	2854.00	2854.00	2854.00	2854.00	2854.00	2854.00	2854.00	2854.00	2854.00	2854.00	2854.00	2854.00	2854.00	2855.00	2855.00	2855.00	2855.00	2855.00	2855.00	2855.00	2855.00	2855.00	2855.00	2855.00	2856.00	2856.00	2856.00	2856.00	2856.00	2856.00	2856.00	2856.00	2856.00	2857.00	2857.00	2857.00	2857.00	2857.00	2857.00	2857.00	2858.00	2858.00	2858.00	2858.00	2858.00	2858.00	2858.00	2858.00	2859.00	2859.00	2859.00	2859.00	2859.00	2859.00	2859.00	2859.00	2859.00	2859.00	2859.00	2859.00	2859.00	2859.00	2859.00	2859.00	2859.00	2859.00	2859.00	2859.00	2859.00	2859.00	2859.00	2859.00	2859.00	2859.00	2859.00	2859.00	2859.00	2859.00	2859.00	2860.00	2860.00	2860.00	2860.00	2860.00	2860.00	2860.00	2860.00	2860.00	2860.00	2860.00	2860.00	2860.00	2860.00	2860.00	2861.00	2861.00	2861.00	2861.00	2861.00	2861.00	2861.00	2861.00	2861.00	2862.00	2862.00	2862.00	2862.00	2862.00	2862.00	2862.00	2862.00	2863.00	2863.00	2863.00	2863.00	2863.00	2863.00	2863.00	2864.00	2864.00	2864.00	2865.00	2865.00	2865.00	2865.00	2866.00	2866.00	2866.00	2866.00	2867.00	2867.00	2867.00	2868.00	2869.00	2869.00	2869.00	2870.00	2870.00	2870.00	2871.00	2871.00	2872.00	2872.00	2873.00	2873.00	2873.00	2873.00	2874.00	2875.00	2875.00	2876.00	2876.00	2877.00	2877.00	2878.00	2878.00	2878.00	2879.00	2879.00	2880.00	2880.00	2880.00	2881.00	2881.00	2881.00	2882.00	2883.00	2883.00	2884.00	2884.00	2884.00	2885.00	2885.00	2886.00	2887.00	2887.00	2887.00	2888.00	2888.00	2889.00	2889.00	2889.00	2890.00	2891.00	2891.00	2891.00	2892.00	2892.00	2893.00	2893.00	2893.00	2894.00	2894.00	2894.00	2895.00	2895.00	2895.00	2896.00	2897.00	2897.00	2897.00	2897.00	2897.00	2898.00	2898.00	2898.00	2899.00	2899.00	2899.00	2900.00	2900.00	2900.00	2901.00	2901.00	2901.00	2902.00	2902.00	2902.00	2902.00	2903.00	2903.00	2903.00	2903.00	2903.00	2904.00	2904.00	2904.00	2904.00	2905.00	2905.00	2905.00	2905.00	2906.00	2906.00	2906.00	2906.00	2906.00	2907.00	2907.00	2907.00	2907.00	2908.00	2908.00	2908.00	2908.00	2908.00	2908.00	2909.00	2909.00	2909.00	2909.00	2909.00	2909.00	2909.00
2854.00	2854.00	2854.00	2854.00	2854.00	2854.00	2854.00	2854.00	2854.00	2854.00	2854.00	2854.00	2854.00	2854.00	2854.00	2855.00	2855.00	2855.00	2855.00	2855.00	2855.00	2855.00	2855.00	2855.00	2855.00	2855.00	2856.00	2856.00	2856.00	2856.00	2856.00	2856.00	2856.00	2856.00	2856.00	2857.00	2857.00	2857.00	2857.00	2857.00	2857.00	2857.00	2858.00	2858.00	2858.00	2858.00	2858.00	2858.00	2858.00	2858.00	2859.00	2859.00	2859.00	2859.00	2859.00	2859.00	2859.00	2859.00	2859.00	2859.00	2859.00	2859.00	2859.00	2859.00	2859.00	2859.00	2859.00	2859.00	2859.00	2859.00	2859.00	2859.00	2859.00	2859.00	2859.00	2859.00	2859.00	2859.00	2859.00	2859.00	2859.00	2860.00	2860.00	2860.00	2860.00	2860.00	2860.00	2860.00	2860.00	2860.00	2860.00	2860.00	2860.00	2860.00	2860.00	2860.00	2861.00	2861.00	2861.00	2861.00	2861.00	2861.00	2861.00	2861.00	2861.00	2862.00	2862.00	2862.00	2862.00	2862.00	2862.00	2862.00	2862.00	2863.00	2863.00	2863.00	2863.00	2863.00	2863.00	2863.00	2864.00	2864.00	2864.00	2865.00	2865.00	2865.00	2865.00	2866.00	2866.00	2866.00	2866.00	2867.00	2867.00	2867.00	2868.00	2869.00	2869.00	2869.00	2870.00	2870.00	2870.00	2871.00	2871.00	2872.00	2872.00	2873.00	2873.00	2873.00	2873.00	2874.00	2875.00	2875.00	2876.00	2876.00	2877.00	2877.00	2878.00	2878.00	2878.00	2879.00	2879.00	2880.00	2880.00	2880.00	2881.00	2881.00	2881.00	2882.00	2883.00	2883.00	2884.00	2884.00	2884.00	2885.00	2885.00	2886.00	2887.00	2887.00	2887.00	2888.00	2888.00	2889.00	2889.00	2889.00	2890.00	2891.00	2891.00	2891.00	2892.00	2892.00	2893.00	2893.00	2893.00	2894.00	2894.00	2894.00	2895.00	2895.00	2895.00	2896.00	2897.00	2897.00	2897.00	2897.00	2897.00	2898.00	2898.00	2898.00	2899.00	2899.00	2899.00	2900.00	2900.00	2900.00	2901.00	2901.00	2901.00	2902.00	2902.00	2902.00	2902.00	2903.00	2903.00	2903.00	2903.00	2903.00	2904.00	2904.00	2904.00	2904.00	2905.00	2905.00	2905.00	2905.00	2906.00	2906.00	2906.00	2906.00	2906.00	2907.00	2907.00	2907.00	2907.00	2908.00	2908.00	2908.00	2908.00	2908.00	2908.00	2909.00	2909.00	2909.00	2909.00	2909.00	2909.00	2909.00
2854.00	2854.00	2854.00	2854.00	2854.00	2854.00	2854.00	2854.00	2854.00	2854.00	2854.00	2854.00	2854.00	2854.00	2854.00	2855.00	2855.00	2855.00	2855.00	2855.00	2855.00	2855.00	2855.00	2855.00	2855.00	2855.00	2856.00	2856.00	2856.00	2856.00	2856.00	2856.00	2856.00	2856.00	2856.00	2857.00	2857.00	2857.00	2857.00	2857.00	2857.00	2857.00	2858.00	2858.00	2858.00	2858.00	2858.00	2858.00	2858.00	2858.00	2859.00	2859.00	2859.00	2859.00	2859.00	2859.00	2859.00	2859.00	2859.00	2859.00	2859.00	2859.00	2859.00	2859.00	2859.00	2859.00	2859.00	2859.00	2859.00	2859.00	2859.00	2859.00	2859.00	2859.00	2859.00	2859.00	2859.00	2859.00	2859.00	2859.00	2859.00	2860.00	2860.00	2860.00	2860.00	2860.00	2860.00	2860.00	2860.00	2860.00	2860.00	2860.00	2860.00	2860.00	2860.00	2860.00	2861.00	2861.00	2861.00	2861.00	2861.00	2861.00	2861.00	2861.00	2861.00	2862.00	2862.00	2862.00	2862.00	2862.00	2862.00	2862.00	2862.00	2863.00	2863.00	2863.00	2863.00	2863.00	2863.00	2863.00	2864.00	2864.00	2864.00	2865.00	2865.00	2865.00	2865.00	2866.00	2866.00	2866.00	2866.00	2867.00	2867.00	2867.00	2868.00	2869.00	2869.00	2869.00	2870.00	2870.00	2870.00	2871.00	2871.00	2872.00	2872.00	2873.00	2873.00	2873.00	2873.00	2874.00	2875.00	2875.00	2876.00	2876.00	2877.00	2877.00	2878.00	2878.00	2878.00	2879.00	2879.00	2880.00	2880.00	2880.00	2881.00	2881.00	2881.00	2882.00	2883.00	2883.00	2884.00	2884.00	2884.00	2885.00	2885.00	2886.00	2887.00	2887.00	2887.00	2888.00	2888.00	2889.00	2889.00	2889.00	2890.00	2891.00	2891.00	2891.00	2892.00	2892.00	2893.00	2893.00	2893.00	2894.00	2894.00	2894.00	2895.00	2895.00	2895.00	2896.00	2897.00	2897.00	2897.00	2897.00	2897.00	2898.00	2898.00	2898.00	2899.00	2899.00	2899.00	2900.00	2900.00	2900.00	2901.00	2901.00	2901.00	2902.00	2902.00	2902.00	2902.00	2903.00	2903.00	2903.00	2903.00	2903.00	2904.00	2904.00	2904.00	2904.00	2905.00	2905.00	2905.00	2905.00	2906.00	2906.00	2906.00	2906.00	2906.00	2907.00	2907.00	2907.00	2907.00	2908.00	2908.00	2908.00	2908.00	2908.00	2908.00	2909.00	2909.00	2909.00	2909.00	2909.00	2909.00	2909.00
2854.00	2854.00	2854.00	2854.00	2854.00	2854.00	2854.00	2854.00	2854.00	2854.00	2854.00	2854.00	2854.00	2854.00	2854.00	2855.00	2855.00	2855.00	2855.00	2855.00	2855.00	2855.00	2855.00	2855.00	2855.00	2855.00	2856.00	2856.00	2856.00	2856.00	2856.00	2856.00	2856.00	2856.00	2856.00	2857.00	2857.00	2857.00	2857.00	2857.00	2857.00	2857.00	2858.00	2858.00	2858.00	2858.00	2858.00	2858.00	2858.00	2858.00	2859.00	2859.00	2859.00	2859.00	2859.00	2859.00	2859.00	2859.00	2859.00	2859.00	2859.00	2859.00	2859.00	2859.00	2859.00	2859.00	2859.00	2859.00	2859.00	2859.00	2859.00	2859.00	2859.00	2859.00	2859.00	2859.00	2859.00	2859.00	2859.00	2859.00	2859.00	2860.00	2860.00	2860.00	2860.00	2860.00	2860.00	2860.00	2860.00	2860.00	2860.00	2860.00	2860.00	2860.00	2860.00	2860.00	2861.00	2861.00	2861.00	2861.00	2861.00	2861.00	2861.00	2861.00	2861.00	2862.00	2862.00	2862.00	2862.00	2862.00	2862.00	2862.00	2862.00	2863.00	2863.00	2863.00	2863.00	2863.00	2863.00	2863.00	2864.00	2864.00	2864.00	2865.00	2865.00	2865.00	2865.00	2866.00	2866.00	2866.00	2866.00	2867.00	2867.00	2867.00	2868.00	2869.00	2869.00	2869.00	2870.00	2870.00	2870.00	2871.00	2871.00	2872.00	2872.00	2873.00	2873.00	2873.00	2873.00	2874.00	2875.00	2875.00	2876.00	2876.00	2877.00	2877.00	2878.00	2878.00	2878.00	2879.00	2879.00	2880.00	2880.00	2880.00	2881.00	2881.00	2881.00	2882.00	2883.00	2883.00	2884.00	2884.00	2884.00	2885.00	2885.00	2886.00	2887.00	2887.00	2887.00	2888.00	2888.00	2889.00	2889.00	2889.00	2890.00	2891.00	2891.00	2891.00	2892.00	2892.00	2893.00	2893.00	2893.00	2894.00	2894.00	2894.00	2895.00	2895.00	2895.00	2896.00	2897.00	2897.00	2897.00	2897.00	2897.00	2898.00	2898.00	2898.00	2899.00	2899.00	2899.00	2900.00	2900.00	2900.00	2901.00	2901.00	2901.00	2902.00	2902.00	2902.00	2902.00	2903.00	2903.00	2903.00	2903.00	2903.00	2904.00	2904.00	2904.00	2904.00	2905.00	2905.00	2905.00	2905.00	2906.00	2906.00	2906.00	2906.00	2906.00	2907.00	2907.00	2907.00	2907.00	2908.00	2908.00	2908.00	2908.00	2908.00	2908.00	2909.00	2909.00	2909.00	2909.00	2909.00	2909.00	2909.00
2854.00	2854.00	2854.00	2854.00	2854.00	2854.00	2854.00	2854.00	2854.00	2854.00	2854.00	2854.00	2854.00	2854.00	2854.00	2855.00	2855.00	2855.00	2855.00	2855.00	2855.00	2855.00	2855.00	2855.00	2855.00	2855.00	2856.00	2856.00	2856.00	2856.00	2856.00	2856.00	2856.00	2856.00	2856.00	2857.00	2857.00	2857.00	2857.00	2857.00	2857.00	2857.00	2858.00	2858.00	2858.00	2858.00	2858.00	2858.00	2858.00	2858.00	2859.00	2859.00	2859.00	2859.00	2859.00	2859.00	2859.00	2859.00	2859.00	2859.00	2859.00	2859.00	2859.00	2859.00	2859.00	2859.00	2859.00	2859.00	2859.00	2859.00	2859.00	2859.00	2859.00	2859.00	2859.00	2859.00	2859.00	2859.00	2859.00	2859.00	2859.00	2860.00	2860.00	2860.00	2860.00	2860.00	2860.00	2860.00	2860.00	2860.00	2860.00	2860.00	2860.00	2860.00	2860.00	2860.00	2861.00	2861.00	2861.00	2861.00	2861.00	2861.00	2861.00	2861.00	2861.00	2862.00	2862.00	2862.00	2862.00	2862.00	2862.00	2862.00	2862.00	2863.00	2863.00	2863.00	2863.00	2863.00	2863.00	2863.00	2864.00	2864.00	2864.00	2865.00	2865.00	2865.00	2865.00	2866.00	2866.00	2866.00	2866.00	2867.00	2867.00	2867.00	2868.00	2869.00	2869.00	2869.00	2870.00	2870.00	2870.00	2871.00	2871.00	2872.00	2872.00	2873.00	2873.00	2873.00	2873.00	2874.00	2875.00	2875.00	2876.00	2876.00	2877.00	2877.00	2878.00	2878.00	2878.00	2879.00	2879.00	2880.00	2880.00	2880.00	2881.00	2881.00	2881.00	2882.00	2883.00	2883.00	2884.00	2884.00	2884.00	2885.00	2885.00	2886.00	2887.00	2887.00	2887.00	2888.00	2888.00	2889.00	2889.00	2889.00	2890.00	2891.00	2891.00	2891.00	2892.00	2892.00	2893.00	2893.00	2893.00	2894.00	2894.00	2894.00	2895.00	2895.00	2895.00	2896.00	2897.00	2897.00	2897.00	2897.00	2897.00	2898.00	2898.00	2898.00	2899.00	2899.00	2899.00	2900.00	2900.00	2900.00	2901.00	2901.00	2901.00	2902.00	2902.00	2902.00	2902.00	2903.00	2903.00	2903.00	2903.00	2903.00	2904.00	2904.00	2904.00	2904.00	2905.00	2905.00	2905.00	2905.00	2906.00	2906.00	2906.00	2906.00	2906.00	2907.00	2907.00	2907.00	2907.00	2908.00	2908.00	2908.00	2908.00	2908.00	2908.00	2909.00	2909.00	2909.00	2909.00	2909.00	2909.00	2909.00
2854.00	2854.00	2854.00	2854.00	2854.00	2854.00	2854.00	2854.00	2854.00	2854.00	2854.00	2854.00	2854.00	2854.00	2854.00	2855.00	2855.00	2855.00	2855.00	2855.00	2855.00	2855.00	2855.00	2855.00	2855.00	2855.00	2856.00	2856.00	2856.00	2856.00	2856.00	2856.00	2856.00	2856.00	2856.00	2857.00	2857.00	2857.00	2857.00	2857.00	2857.00	2857.00	2858.00	2858.00	2858.00	2858.00	2858.00	2858.00	2858.00	2858.00	2859.00	2859.00	2859.00	2859.00	2859.00	2859.00	2859.00	2859.00	2859.00	2859.00	2859.00	2859.00	2859.00	2859.00	2859.00	2859.00	2859.00	2859.00	2859.00	2859.00	2859.00	2859.00	2859.00	2859.00	2859.00	2859.00	2859.00	2859.00	2859.00	2859.00	2859.00	2860.00	2860.00	2860.00	2860.00	2860.00	2860.00	2860.00	2860.00	2860.00	2860.00	2860.00	2860.00	2860.00	2860.00	2860.00	2861.00	2861.00	2861.00	2861.00	2861.00	2861.00	2861.00	2861.00	2861.00	2862.00	2862.00	2862.00	2862.00	2862.00	2862.00	2862.00	2862.00	2863.00	2863.00	2863.00	2863.00	2863.00	2863.00	2863.00	2864.00	2864.00	2864.00	2865.00	2865.00	2865.00	2865.00	2866.00	2866.00	2866.00	2866.00	2867.00	2867.00	2867.00	2868.00	2869.00	2869.00	2869.00	2870.00	2870.00	2870.00	2871.00	2871.00	2872.00	2872.00	2873.00	2873.00	2873.00	2873.00	2874.00	2875.00	2875.00	2876.00	2876.00	2877.00	2877.00	2878.00	2878.00	2878.00	2879.00	2879.00	2880.00	2880.00	2880.00	2881.00	2881.00	2881.00	2882.00	2883.00	2883.00	2884.00	2884.00	2884.00	2885.00	2885.00	2886.00	2887.00	2887.00	2887.00	2888.00	2888.00	2889.00	2889.00	2889.00	2890.00	2891.00	2891.00	2891.00	2892.00	2892.00	2893.00	2893.00	2893.00	2894.00	2894.00	2894.00	2895.00	2895.00	2895.00	2896.00	2897.00	2897.00	2897.00	2897.00	2897.00	2898.00	2898.00	2898.00	2899.00	2899.00	2899.00	2900.00	2900.00	2900.00	2901.00	2901.00	2901.00	2902.00	2902.00	2902.00	2902.00	2903.00	2903.00	2903.00	2903.00	2903.00	2904.00	2904.00	2904.00	2904.00	2905.00	2905.00	2905.00	2905.00	2906.00	2906.00	2906.00	2906.00	2906.00	2907.00	2907.00	2907.00	2907.00	2908.00	2908.00	2908.00	2908.00	2908.00	2908.00	2909.00	2909.00	2909.00	2909.00	2909.00	2909.00	2909.00
2854.00	2854.00	2854.00	2854.00	2854.00	2854.00	2854.00	2854.00	2854.00	2854.00	2854.00	2854.00	2854.00	2854.00	2854.00	2855.00	2855.00	2855.00	2855.00	2855.00	2855.00	2855.00	2855.00	2855.00	2855.00	2855.00	2856.00	2856.00	2856.00	2856.00	2856.00	2856.00	2856.00	2856.00	2856.00	2857.00	2857.00	2857.00	2857.00	2857.00	2857.00	2857.00	2858.00	2858.00	2858.00	2858.00	2858.00	2858.00	2858.00	2858.00	2859.00	2859.00	2859.00	2859.00	2859.00	2859.00	2859.00	2859.00	2859.00	2859.00	2859.00	2859.00	2859.00	2859.00	2859.00	2859.00	2859.00	2859.00	2859.00	2859.00	2859.00	2859.00	2859.00	2859.00	2859.00	2859.00	2859.00	2859.00	2859.00	2859.00	2859.00	2860.00	2860.00	2860.00	2860.00	2860.00	2860.00	2860.00	2860.00	2860.00	2860.00	2860.00	2860.00	2860.00	2860.00	2860.00	2861.00	2861.00	2861.00	2861.00	2861.00	2861.00	2861.00	2861.00	2861.00	2862.00	2862.00	2862.00	2862.00	2862.00	2862.00	2862.00	2862.00	2863.00	2863.00	2863.00	2863.00	2863.00	2863.00	2863.00	2864.00	2864.00	2864.00	2865.00	2865.00	2865.00	2865.00	2866.00	2866.00	2866.00	2866.00	2867.00	2867.00	2867.00	2868.00	2869.00	2869.00	2869.00	2870.00	2870.00	2870.00	2871.00	2871.00	2872.00	2872.00	2873.00	2873.00	2873.00	2873.00	2874.00	2875.00	2875.00	2876.00	2876.00	2877.00	2877.00	2878.00	2878.00	2878.00	2879.00	2879.00	2880.00	2880.00	2880.00	2881.00	2881.00	2881.00	2882.00	2883.00	2883.00	2884.00	2884.00	2884.00	2885.00	2885.00	2886.00	2887.00	2887.00	2887.00	2888.00	2888.00	2889.00	2889.00	2889.00	2890.00	2891.00	2891.00	2891.00	2892.00	2892.00	2893.00	2893.00	2893.00	2894.00	2894.00	2894.00	2895.00	2895.00	2895.00	2896.00	2897.00	2897.00	2897.00	2897.00	2897.00	2898.00	2898.00	2898.00	2899.00	2899.00	2899.00	2900.00	2900.00	2900.00	2901.00	2901.00	2901.00	2902.00	2902.00	2902.00	2902.00	2903.00	2903.00	2903.00	2903.00	2903.00	2904.00	2904.00	2904.00	2904.00	2905.00	2905.00	2905.00	2905.00	2906.00	2906.00	2906.00	2906.00	2906.00	2907.00	2907.00	2907.00	2907.00	2908.00	2908.00	2908.00	2908.00	2908.00	2908.00	2909.00	2909.00	2909.00	2909.00	2909.00	2909.00	2909.00
2854.00	2854.00	2854.00	2854.00	2854.00	2854.00	2854.00	2854.00	2854.00	2854.00	2854.00	2854.00	2854.00	2854.00	2854.00	2855.00	2855.00	2855.00	2855.00	2855.00	2855.00	2855.00	2855.00	2855.00	2855.00	2855.00	2856.00	2856.00	2856.00	2856.00	2856.00	2856.00	2856.00	2856.00	2856.00	2857.00	2857.00	2857.00	2857.00	2857.00	2857.00	2857.00	2858.00	2858.00	2858.00	2858.00	2858.00	2858.00	2858.00	2858.00	2859.00	2859.00	2859.00	2859.00	2859.00	2859.00	2859.00	2859.00	2859.00	2859.00	2859.00	2859.00	2859.00	2859.00	2859.00	2859.00	2859.00	2859.00	2859.00	2859.00	2859.00	2859.00	2859.00	2859.00	2859.00	2859.00	2859.00	2859.00	2859.00	2859.00	2859.00	2860.00	2860.00	2860.00	2860.00	2860.00	2860.00	2860.00	2860.00	2860.00	2860.00	2860.00	2860.00	2860.00	2860.00	2860.00	2861.00	2861.00	2861.00	2861.00	2861.00	2861.00	2861.00	2861.00	2861.00	2862.00	2862.00	2862.00	2862.00	2862.00	2862.00	2862.00	2862.00	2863.00	2863.00	2863.00	2863.00	2863.00	2863.00	2863.00	2864.00	2864.00	2864.00	2865.00	2865.00	2865.00	2865.00	2866.00	2866.00	2866.00	2866.00	2867.00	2867.00	2867.00	2868.00	2869.00	2869.00	2869.00	2870.00	2870.00	2870.00	2871.00	2871.00	2872.00	2872.00	2873.00	2873.00	2873.00	2873.00	2874.00	2875.00	2875.00	2876.00	2876.00	2877.00	2877.00	2878.00	2878.00	2878.00	2879.00	2879.00	2880.00	2880.00	2880.00	2881.00	2881.00	2881.00	2882.00	2883.00	2883.00	2884.00	2884.00	2884.00	2885.00	2885.00	2886.00	2887.00	2887.00	2887.00	2888.00	2888.00	2889.00	2889.00	2889.00	2890.00	2891.00	2891.00	2891.00	2892.00	2892.00	2893.00	2893.00	2893.00	2894.00	2894.00	2894.00	2895.00	2895.00	2895.00	2896.00	2897.00	2897.00	2897.00	2897.00	2897.00	2898.00	2898.00	2898.00	2899.00	2899.00	2899.00	2900.00	2900.00	2900.00	2901.00	2901.00	2901.00	2902.00	2902.00	2902.00	2902.00	2903.00	2903.00	2903.00	2903.00	2903.00	2904.00	2904.00	2904.00	2904.00	2905.00	2905.00	2905.00	2905.00	2906.00	2906.00	2906.00	2906.00	2906.00	2907.00	2907.00	2907.00	2907.00	2908.00	2908.00	2908.00	2908.00	2908.00	2908.00	2909.00	2909.00	2909.00	2909.00	2909.00	2909.00	2909.00
2855.00	2855.00	2855.00	2855.00	2855.00	2855.00	2855.00	2855.00	2855.00	2855.00	2855.00	2855.00	2855.00	2855.00	2855.00	2855.00	2855.00	2855.00	2855.00	2855.00	2855.00	2855.00	2855.00	2855.00	2855.00	2855.00	2855.00	2855.00	2856.00	2856.00	2856.00	2856.00	2856.00	2856.00	2856.00	2856.00	2856.00	2857.00	2857.00	2857.00	2857.00	2857.00	2857.00	2857.00	2857.00	2857.00	2857.00	2857.00	2857.00	2857.00	2857.00	2857.00	2857.00	2858.00	2858.00	2858.00	2858.00	2858.00	2858.00	2858.00	2858.00	2858.00	2857.00	2857.00	2857.00	2857.00	2857.00	2857.00	2857.00	2857.00	2857.00	2857.00	2857.00	2857.00	2857.00	2857.00	2857.00	2857.00	2858.00	2858.00	2858.00	2858.00	2858.00	2858.00	2858.00	2858.00	2858.00	2858.00	2858.00	2858.00	2858.00	2858.00	2858.00	2858.00	2858.00	2858.00	2858.00	2858.00	2858.00	2859.00	2859.00	2859.00	2859.00	2859.00	2859.00	2859.00	2859.00	2859.00	2859.00	2859.00	2859.00	2859.00	2859.00	2860.00	2860.00	2860.00	2860.00	2861.00	2861.00	2861.00	2861.00	2861.00	2862.00	2862.00	2863.00	2863.00	2863.00	2863.00	2863.00	2864.00	2864.00	2864.00	2865.00	2865.00	2865.00	2866.00	2866.00	2866.00	2867.00	2867.00	2867.00	2868.00	2868.00	2869.00	2869.00	2870.00	2870.00	2871.00	2871.00	2871.00	2872.00	2872.00	2873.00	2873.00	2874.00	2874.00	2875.00	2875.00	2875.00	2876.00	2876.00	2877.00	2877.00	2878.00	2879.00	2880.00	2880.00	2880.00	2881.00	2881.00	2882.00	2882.00	2883.00	2884.00	2884.00	2884.00	2885.00	2886.00	2886.00	2887.00	2887.00	2887.00	2888.00	2888.00	2889.00	2889.00	2890.00	2890.00	2891.00	2891.00	2891.00	2892.00	2892.00	2893.00	2893.00	2893.00	2894.00	2895.00	2895.00	2895.00	2896.00	2896.00	2896.00	2897.00	2897.00	2897.00	2897.00	2898.00	2898.00	2899.00	2899.00	2899.00	2900.00	2900.00	2900.00	2900.00	2900.00	2901.00	2901.00	2901.00	2902.00	2902.00	2902.00	2902.00	2902.00	2903.00	2903.00	2903.00	2903.00	2904.00	2904.00	2904.00	2904.00	2904.00	2905.00	2905.00	2905.00	2905.00	2905.00	2906.00	2906.00	2906.00	2906.00	2906.00	2907.00	2907.00	2907.00	2907.00	2907.00	2908.00	2908.00	2908.00	2908.00	2909.00	2909.00	2909.00
2855.00	2855.00	2855.00	2855.00	2855.00	2855.00	2855.00	2855.00	2855.00	2855.00	2855.00	2855.00	2855.00	2855.00	2855.00	2855.00	2855.00	2855.00	2855.00	2855.00	2855.00	2855.00	2855.00	2855.00	2855.00	2855.00	2855.00	2855.00	2856.00	2856.00	2856.00	2856.00	2856.00	2856.00	2856.00	2856.00	2856.00	2857.00	2857.00	2857.00	2857.00	2857.00	2857.00	2857.00	2857.00	2857.00	2857.00	2857.00	2857.00	2857.00	2857.00	2857.00	2857.00	2858.00	2858.00	2858.00	2858.00	2858.00	2858.00	2858.00	2858.00	2858.00	2857.00	2857.00	2857.00	2857.00	2857.00	2857.00	2857.00	2857.00	2857.00	2857.00	2857.00	2857.00	2857.00	2857.00	2857.00	2857.00	2858.00	2858.00	2858.00	2858.00	2858.00	2858.00	2858.00	2858.00	2858.00	2858.00	2858.00	2858.00	2858.00	2858.00	2858.00	2858.00	2858.00	2858.00	2858.00	2858.00	2858.00	2859.00	2859.00	2859.00	2859.00	2859.00	2859.00	2859.00	2859.00	2859.00	2859.00	2859.00	2859.00	2859.00	2859.00	2860.00	2860.00	2860.00	2860.00	2861.00	2861.00	2861.00	2861.00	2861.00	2862.00	2862.00	2863.00	2863.00	2863.00	2863.00	2863.00	2864.00	2864.00	2864.00	2865.00	2865.00	2865.00	2866.00	2866.00	2866.00	2867.00	2867.00	2867.00	2868.00	2868.00	2869.00	2869.00	2870.00	2870.00	2871.00	2871.00	2871.00	2872.00	2872.00	2873.00	2873.00	2874.00	2874.00	2875.00	2875.00	2875.00	2876.00	2876.00	2877.00	2877.00	2878.00	2879.00	2880.00	2880.00	2880.00	2881.00	2881.00	2882.00	2882.00	2883.00	2884.00	2884.00	2884.00	2885.00	2886.00	2886.00	2887.00	2887.00	2887.00	2888.00	2888.00	2889.00	2889.00	2890.00	2890.00	2891.00	2891.00	2891.00	2892.00	2892.00	2893.00	2893.00	2893.00	2894.00	2895.00	2895.00	2895.00	2896.00	2896.00	2896.00	2897.00	2897.00	2897.00	2897.00	2898.00	2898.00	2899.00	2899.00	2899.00	2900.00	2900.00	2900.00	2900.00	2900.00	2901.00	2901.00	2901.00	2902.00	2902.00	2902.00	2902.00	2902.00	2903.00	2903.00	2903.00	2903.00	2904.00	2904.00	2904.00	2904.00	2904.00	2905.00	2905.00	2905.00	2905.00	2905.00	2906.00	2906.00	2906.00	2906.00	2906.00	2907.00	2907.00	2907.00	2907.00	2907.00	2908.00	2908.00	2908.00	2908.00	2909.00	2909.00	2909.00
2855.00	2855.00	2855.00	2855.00	2855.00	2855.00	2855.00	2855.00	2855.00	2855.00	2855.00	2855.00	2855.00	2855.00	2855.00	2855.00	2855.00	2855.00	2855.00	2855.00	2855.00	2855.00	2855.00	2855.00	2855.00	2855.00	2855.00	2855.00	2856.00	2856.00	2856.00	2856.00	2856.00	2856.00	2856.00	2856.00	2856.00	2857.00	2857.00	2857.00	2857.00	2857.00	2857.00	2857.00	2857.00	2857.00	2857.00	2857.00	2857.00	2857.00	2857.00	2857.00	2857.00	2858.00	2858.00	2858.00	2858.00	2858.00	2858.00	2858.00	2858.00	2858.00	2857.00	2857.00	2857.00	2857.00	2857.00	2857.00	2857.00	2857.00	2857.00	2857.00	2857.00	2857.00	2857.00	2857.00	2857.00	2857.00	2858.00	2858.00	2858.00	2858.00	2858.00	2858.00	2858.00	2858.00	2858.00	2858.00	2858.00	2858.00	2858.00	2858.00	2858.00	2858.00	2858.00	2858.00	2858.00	2858.00	2858.00	2859.00	2859.00	2859.00	2859.00	2859.00	2859.00	2859.00	2859.00	2859.00	2859.00	2859.00	2859.00	2859.00	2859.00	2860.00	2860.00	2860.00	2860.00	2861.00	2861.00	2861.00	2861.00	2861.00	2862.00	2862.00	2863.00	2863.00	2863.00	2863.00	2863.00	2864.00	2864.00	2864.00	2865.00	2865.00	2865.00	2866.00	2866.00	2866.00	2867.00	2867.00	2867.00	2868.00	2868.00	2869.00	2869.00	2870.00	2870.00	2871.00	2871.00	2871.00	2872.00	2872.00	2873.00	2873.00	2874.00	2874.00	2875.00	2875.00	2875.00	2876.00	2876.00	2877.00	2877.00	2878.00	2879.00	2880.00	2880.00	2880.00	2881.00	2881.00	2882.00	2882.00	2883.00	2884.00	2884.00	2884.00	2885.00	2886.00	2886.00	2887.00	2887.00	2887.00	2888.00	2888.00	2889.00	2889.00	2890.00	2890.00	2891.00	2891.00	2891.00	2892.00	2892.00	2893.00	2893.00	2893.00	2894.00	2895.00	2895.00	2895.00	2896.00	2896.00	2896.00	2897.00	2897.00	2897.00	2897.00	2898.00	2898.00	2899.00	2899.00	2899.00	2900.00	2900.00	2900.00	2900.00	2900.00	2901.00	2901.00	2901.00	2902.00	2902.00	2902.00	2902.00	2902.00	2903.00	2903.00	2903.00	2903.00	2904.00	2904.00	2904.00	2904.00	2904.00	2905.00	2905.00	2905.00	2905.00	2905.00	2906.00	2906.00	2906.00	2906.00	2906.00	2907.00	2907.00	2907.00	2907.00	2907.00	2908.00	2908.00	2908.00	2908.00	2909.00	2909.00	2909.00
2855.00	2855.00	2855.00	2855.00	2855.00	2855.00	2855.00	2855.00	2855.00	2855.00	2855.00	2855.00	2855.00	2855.00	2855.00	2855.00	2855.00	2855.00	2855.00	2855.00	2855.00	2855.00	2855.00	2855.00	2855.00	2855.00	2855.00	2855.00	2856.00	2856.00	2856.00	2856.00	2856.00	2856.00	2856.00	2856.00	2856.00	2857.00	2857.00	2857.00	2857.00	2857.00	2857.00	2857.00	2857.00	2857.00	2857.00	2857.00	2857.00	2857.00	2857.00	2857.00	2857.00	2858.00	2858.00	2858.00	2858.00	2858.00	2858.00	2858.00	2858.00	2858.00	2857.00	2857.00	2857.00	2857.00	2857.00	2857.00	2857.00	2857.00	2857.00	2857.00	2857.00	2857.00	2857.00	2857.00	2857.00	2857.00	2858.00	2858.00	2858.00	2858.00	2858.00	2858.00	2858.00	2858.00	2858.00	2858.00	2858.00	2858.00	2858.00	2858.00	2858.00	2858.00	2858.00	2858.00	2858.00	2858.00	2858.00	2859.00	2859.00	2859.00	2859.00	2859.00	2859.00	2859.00	2859.00	2859.00	2859.00	2859.00	2859.00	2859.00	2859.00	2860.00	2860.00	2860.00	2860.00	2861.00	2861.00	2861.00	2861.00	2861.00	2862.00	2862.00	2863.00	2863.00	2863.00	2863.00	2863.00	2864.00	2864.00	2864.00	2865.00	2865.00	2865.00	2866.00	2866.00	2866.00	2867.00	2867.00	2867.00	2868.00	2868.00	2869.00	2869.00	2870.00	2870.00	2871.00	2871.00	2871.00	2872.00	2872.00	2873.00	2873.00	2874.00	2874.00	2875.00	2875.00	2875.00	2876.00	2876.00	2877.00	2877.00	2878.00	2879.00	2880.00	2880.00	2880.00	2881.00	2881.00	2882.00	2882.00	2883.00	2884.00	2884.00	2884.00	2885.00	2886.00	2886.00	2887.00	2887.00	2887.00	2888.00	2888.00	2889.00	2889.00	2890.00	2890.00	2891.00	2891.00	2891.00	2892.00	2892.00	2893.00	2893.00	2893.00	2894.00	2895.00	2895.00	2895.00	2896.00	2896.00	2896.00	2897.00	2897.00	2897.00	2897.00	2898.00	2898.00	2899.00	2899.00	2899.00	2900.00	2900.00	2900.00	2900.00	2900.00	2901.00	2901.00	2901.00	2902.00	2902.00	2902.00	2902.00	2902.00	2903.00	2903.00	2903.00	2903.00	2904.00	2904.00	2904.00	2904.00	2904.00	2905.00	2905.00	2905.00	2905.00	2905.00	2906.00	2906.00	2906.00	2906.00	2906.00	2907.00	2907.00	2907.00	2907.00	2907.00	2908.00	2908.00	2908.00	2908.00	2909.00	2909.00	2909.00
2855.00	2855.00	2855.00	2855.00	2855.00	2855.00	2855.00	2855.00	2855.00	2855.00	2855.00	2855.00	2855.00	2855.00	2855.00	2855.00	2855.00	2855.00	2855.00	2855.00	2855.00	2855.00	2855.00	2855.00	2855.00	2855.00	2855.00	2855.00	2856.00	2856.00	2856.00	2856.00	2856.00	2856.00	2856.00	2856.00	2856.00	2857.00	2857.00	2857.00	2857.00	2857.00	2857.00	2857.00	2857.00	2857.00	2857.00	2857.00	2857.00	2857.00	2857.00	2857.00	2857.00	2858.00	2858.00	2858.00	2858.00	2858.00	2858.00	2858.00	2858.00	2858.00	2857.00	2857.00	2857.00	2857.00	2857.00	2857.00	2857.00	2857.00	2857.00	2857.00	2857.00	2857.00	2857.00	2857.00	2857.00	2857.00	2858.00	2858.00	2858.00	2858.00	2858.00	2858.00	2858.00	2858.00	2858.00	2858.00	2858.00	2858.00	2858.00	2858.00	2858.00	2858.00	2858.00	2858.00	2858.00	2858.00	2858.00	2859.00	2859.00	2859.00	2859.00	2859.00	2859.00	2859.00	2859.00	2859.00	2859.00	2859.00	2859.00	2859.00	2859.00	2860.00	2860.00	2860.00	2860.00	2861.00	2861.00	2861.00	2861.00	2861.00	2862.00	2862.00	2863.00	2863.00	2863.00	2863.00	2863.00	2864.00	2864.00	2864.00	2865.00	2865.00	2865.00	2866.00	2866.00	2866.00	2867.00	2867.00	2867.00	2868.00	2868.00	2869.00	2869.00	2870.00	2870.00	2871.00	2871.00	2871.00	2872.00	2872.00	2873.00	2873.00	2874.00	2874.00	2875.00	2875.00	2875.00	2876.00	2876.00	2877.00	2877.00	2878.00	2879.00	2880.00	2880.00	2880.00	2881.00	2881.00	2882.00	2882.00	2883.00	2884.00	2884.00	2884.00	2885.00	2886.00	2886.00	2887.00	2887.00	2887.00	2888.00	2888.00	2889.00	2889.00	2890.00	2890.00	2891.00	2891.00	2891.00	2892.00	2892.00	2893.00	2893.00	2893.00	2894.00	2895.00	2895.00	2895.00	2896.00	2896.00	2896.00	2897.00	2897.00	2897.00	2897.00	2898.00	2898.00	2899.00	2899.00	2899.00	2900.00	2900.00	2900.00	2900.00	2900.00	2901.00	2901.00	2901.00	2902.00	2902.00	2902.00	2902.00	2902.00	2903.00	2903.00	2903.00	2903.00	2904.00	2904.00	2904.00	2904.00	2904.00	2905.00	2905.00	2905.00	2905.00	2905.00	2906.00	2906.00	2906.00	2906.00	2906.00	2907.00	2907.00	2907.00	2907.00	2907.00	2908.00	2908.00	2908.00	2908.00	2909.00	2909.00	2909.00
2855.00	2855.00	2855.00	2855.00	2855.00	2855.00	2855.00	2855.00	2855.00	2855.00	2855.00	2855.00	2855.00	2855.00	2855.00	2855.00	2855.00	2855.00	2855.00	2855.00	2855.00	2855.00	2855.00	2855.00	2855.00	2855.00	2855.00	2855.00	2856.00	2856.00	2856.00	2856.00	2856.00	2856.00	2856.00	2856.00	2856.00	2857.00	2857.00	2857.00	2857.00	2857.00	2857.00	2857.00	2857.00	2857.00	2857.00	2857.00	2857.00	2857.00	2857.00	2857.00	2857.00	2858.00	2858.00	2858.00	2858.00	2858.00	2858.00	2858.00	2858.00	2858.00	2857.00	2857.00	2857.00	2857.00	2857.00	2857.00	2857.00	2857.00	2857.00	2857.00	2857.00	2857.00	2857.00	2857.00	2857.00	2857.00	2858.00	2858.00	2858.00	2858.00	2858.00	2858.00	2858.00	2858.00	2858.00	2858.00	2858.00	2858.00	2858.00	2858.00	2858.00	2858.00	2858.00	2858.00	2858.00	2858.00	2858.00	2859.00	2859.00	2859.00	2859.00	2859.00	2859.00	2859.00	2859.00	2859.00	2859.00	2859.00	2859.00	2859.00	2859.00	2860.00	2860.00	2860.00	2860.00	2861.00	2861.00	2861.00	2861.00	2861.00	2862.00	2862.00	2863.00	2863.00	2863.00	2863.00	2863.00	2864.00	2864.00	2864.00	2865.00	2865.00	2865.00	2866.00	2866.00	2866.00	2867.00	2867.00	2867.00	2868.00	2868.00	2869.00	2869.00	2870.00	2870.00	2871.00	2871.00	2871.00	2872.00	2872.00	2873.00	2873.00	2874.00	2874.00	2875.00	2875.00	2875.00	2876.00	2876.00	2877.00	2877.00	2878.00	2879.00	2880.00	2880.00	2880.00	2881.00	2881.00	2882.00	2882.00	2883.00	2884.00	2884.00	2884.00	2885.00	2886.00	2886.00	2887.00	2887.00	2887.00	2888.00	2888.00	2889.00	2889.00	2890.00	2890.00	2891.00	2891.00	2891.00	2892.00	2892.00	2893.00	2893.00	2893.00	2894.00	2895.00	2895.00	2895.00	2896.00	2896.00	2896.00	2897.00	2897.00	2897.00	2897.00	2898.00	2898.00	2899.00	2899.00	2899.00	2900.00	2900.00	2900.00	2900.00	2900.00	2901.00	2901.00	2901.00	2902.00	2902.00	2902.00	2902.00	2902.00	2903.00	2903.00	2903.00	2903.00	2904.00	2904.00	2904.00	2904.00	2904.00	2905.00	2905.00	2905.00	2905.00	2905.00	2906.00	2906.00	2906.00	2906.00	2906.00	2907.00	2907.00	2907.00	2907.00	2907.00	2908.00	2908.00	2908.00	2908.00	2909.00	2909.00	2909.00
2855.00	2855.00	2855.00	2855.00	2855.00	2855.00	2855.00	2855.00	2855.00	2855.00	2855.00	2855.00	2855.00	2855.00	2855.00	2855.00	2855.00	2855.00	2855.00	2855.00	2855.00	2855.00	2855.00	2855.00	2855.00	2855.00	2855.00	2855.00	2856.00	2856.00	2856.00	2856.00	2856.00	2856.00	2856.00	2856.00	2856.00	2857.00	2857.00	2857.00	2857.00	2857.00	2857.00	2857.00	2857.00	2857.00	2857.00	2857.00	2857.00	2857.00	2857.00	2857.00	2857.00	2858.00	2858.00	2858.00	2858.00	2858.00	2858.00	2858.00	2858.00	2858.00	2857.00	2857.00	2857.00	2857.00	2857.00	2857.00	2857.00	2857.00	2857.00	2857.00	2857.00	2857.00	2857.00	2857.00	2857.00	2857.00	2858.00	2858.00	2858.00	2858.00	2858.00	2858.00	2858.00	2858.00	2858.00	2858.00	2858.00	2858.00	2858.00	2858.00	2858.00	2858.00	2858.00	2858.00	2858.00	2858.00	2858.00	2859.00	2859.00	2859.00	2859.00	2859.00	2859.00	2859.00	2859.00	2859.00	2859.00	2859.00	2859.00	2859.00	2859.00	2860.00	2860.00	2860.00	2860.00	2861.00	2861.00	2861.00	2861.00	2861.00	2862.00	2862.00	2863.00	2863.00	2863.00	2863.00	2863.00	2864.00	2864.00	2864.00	2865.00	2865.00	2865.00	2866.00	2866.00	2866.00	2867.00	2867.00	2867.00	2868.00	2868.00	2869.00	2869.00	2870.00	2870.00	2871.00	2871.00	2871.00	2872.00	2872.00	2873.00	2873.00	2874.00	2874.00	2875.00	2875.00	2875.00	2876.00	2876.00	2877.00	2877.00	2878.00	2879.00	2880.00	2880.00	2880.00	2881.00	2881.00	2882.00	2882.00	2883.00	2884.00	2884.00	2884.00	2885.00	2886.00	2886.00	2887.00	2887.00	2887.00	2888.00	2888.00	2889.00	2889.00	2890.00	2890.00	2891.00	2891.00	2891.00	2892.00	2892.00	2893.00	2893.00	2893.00	2894.00	2895.00	2895.00	2895.00	2896.00	2896.00	2896.00	2897.00	2897.00	2897.00	2897.00	2898.00	2898.00	2899.00	2899.00	2899.00	2900.00	2900.00	2900.00	2900.00	2900.00	2901.00	2901.00	2901.00	2902.00	2902.00	2902.00	2902.00	2902.00	2903.00	2903.00	2903.00	2903.00	2904.00	2904.00	2904.00	2904.00	2904.00	2905.00	2905.00	2905.00	2905.00	2905.00	2906.00	2906.00	2906.00	2906.00	2906.00	2907.00	2907.00	2907.00	2907.00	2907.00	2908.00	2908.00	2908.00	2908.00	2909.00	2909.00	2909.00
2855.00	2855.00	2855.00	2855.00	2855.00	2855.00	2855.00	2855.00	2855.00	2855.00	2855.00	2855.00	2855.00	2855.00	2855.00	2855.00	2855.00	2855.00	2855.00	2855.00	2855.00	2855.00	2855.00	2855.00	2855.00	2855.00	2855.00	2855.00	2856.00	2856.00	2856.00	2856.00	2856.00	2856.00	2856.00	2856.00	2856.00	2857.00	2857.00	2857.00	2857.00	2857.00	2857.00	2857.00	2857.00	2857.00	2857.00	2857.00	2857.00	2857.00	2857.00	2857.00	2857.00	2858.00	2858.00	2858.00	2858.00	2858.00	2858.00	2858.00	2858.00	2858.00	2857.00	2857.00	2857.00	2857.00	2857.00	2857.00	2857.00	2857.00	2857.00	2857.00	2857.00	2857.00	2857.00	2857.00	2857.00	2857.00	2858.00	2858.00	2858.00	2858.00	2858.00	2858.00	2858.00	2858.00	2858.00	2858.00	2858.00	2858.00	2858.00	2858.00	2858.00	2858.00	2858.00	2858.00	2858.00	2858.00	2858.00	2859.00	2859.00	2859.00	2859.00	2859.00	2859.00	2859.00	2859.00	2859.00	2859.00	2859.00	2859.00	2859.00	2859.00	2860.00	2860.00	2860.00	2860.00	2861.00	2861.00	2861.00	2861.00	2861.00	2862.00	2862.00	2863.00	2863.00	2863.00	2863.00	2863.00	2864.00	2864.00	2864.00	2865.00	2865.00	2865.00	2866.00	2866.00	2866.00	2867.00	2867.00	2867.00	2868.00	2868.00	2869.00	2869.00	2870.00	2870.00	2871.00	2871.00	2871.00	2872.00	2872.00	2873.00	2873.00	2874.00	2874.00	2875.00	2875.00	2875.00	2876.00	2876.00	2877.00	2877.00	2878.00	2879.00	2880.00	2880.00	2880.00	2881.00	2881.00	2882.00	2882.00	2883.00	2884.00	2884.00	2884.00	2885.00	2886.00	2886.00	2887.00	2887.00	2887.00	2888.00	2888.00	2889.00	2889.00	2890.00	2890.00	2891.00	2891.00	2891.00	2892.00	2892.00	2893.00	2893.00	2893.00	2894.00	2895.00	2895.00	2895.00	2896.00	2896.00	2896.00	2897.00	2897.00	2897.00	2897.00	2898.00	2898.00	2899.00	2899.00	2899.00	2900.00	2900.00	2900.00	2900.00	2900.00	2901.00	2901.00	2901.00	2902.00	2902.00	2902.00	2902.00	2902.00	2903.00	2903.00	2903.00	2903.00	2904.00	2904.00	2904.00	2904.00	2904.00	2905.00	2905.00	2905.00	2905.00	2905.00	2906.00	2906.00	2906.00	2906.00	2906.00	2907.00	2907.00	2907.00	2907.00	2907.00	2908.00	2908.00	2908.00	2908.00	2909.00	2909.00	2909.00
2855.00	2855.00	2855.00	2855.00	2855.00	2855.00	2855.00	2855.00	2855.00	2855.00	2855.00	2855.00	2855.00	2855.00	2855.00	2855.00	2855.00	2855.00	2855.00	2855.00	2855.00	2855.00	2855.00	2855.00	2855.00	2855.00	2855.00	2855.00	2856.00	2856.00	2856.00	2856.00	2856.00	2856.00	2856.00	2856.00	2856.00	2857.00	2857.00	2857.00	2857.00	2857.00	2857.00	2857.00	2857.00	2857.00	2857.00	2857.00	2857.00	2857.00	2857.00	2857.00	2857.00	2858.00	2858.00	2858.00	2858.00	2858.00	2858.00	2858.00	2858.00	2858.00	2857.00	2857.00	2857.00	2857.00	2857.00	2857.00	2857.00	2857.00	2857.00	2857.00	2857.00	2857.00	2857.00	2857.00	2857.00	2857.00	2858.00	2858.00	2858.00	2858.00	2858.00	2858.00	2858.00	2858.00	2858.00	2858.00	2858.00	2858.00	2858.00	2858.00	2858.00	2858.00	2858.00	2858.00	2858.00	2858.00	2858.00	2859.00	2859.00	2859.00	2859.00	2859.00	2859.00	2859.00	2859.00	2859.00	2859.00	2859.00	2859.00	2859.00	2859.00	2860.00	2860.00	2860.00	2860.00	2861.00	2861.00	2861.00	2861.00	2861.00	2862.00	2862.00	2863.00	2863.00	2863.00	2863.00	2863.00	2864.00	2864.00	2864.00	2865.00	2865.00	2865.00	2866.00	2866.00	2866.00	2867.00	2867.00	2867.00	2868.00	2868.00	2869.00	2869.00	2870.00	2870.00	2871.00	2871.00	2871.00	2872.00	2872.00	2873.00	2873.00	2874.00	2874.00	2875.00	2875.00	2875.00	2876.00	2876.00	2877.00	2877.00	2878.00	2879.00	2880.00	2880.00	2880.00	2881.00	2881.00	2882.00	2882.00	2883.00	2884.00	2884.00	2884.00	2885.00	2886.00	2886.00	2887.00	2887.00	2887.00	2888.00	2888.00	2889.00	2889.00	2890.00	2890.00	2891.00	2891.00	2891.00	2892.00	2892.00	2893.00	2893.00	2893.00	2894.00	2895.00	2895.00	2895.00	2896.00	2896.00	2896.00	2897.00	2897.00	2897.00	2897.00	2898.00	2898.00	2899.00	2899.00	2899.00	2900.00	2900.00	2900.00	2900.00	2900.00	2901.00	2901.00	2901.00	2902.00	2902.00	2902.00	2902.00	2902.00	2903.00	2903.00	2903.00	2903.00	2904.00	2904.00	2904.00	2904.00	2904.00	2905.00	2905.00	2905.00	2905.00	2905.00	2906.00	2906.00	2906.00	2906.00	2906.00	2907.00	2907.00	2907.00	2907.00	2907.00	2908.00	2908.00	2908.00	2908.00	2909.00	2909.00	2909.00
2856.00	2855.00	2855.00	2855.00	2855.00	2855.00	2855.00	2855.00	2855.00	2855.00	2855.00	2855.00	2856.00	2856.00	2856.00	2856.00	2856.00	2856.00	2856.00	2856.00	2856.00	2856.00	2856.00	2856.00	2856.00	2856.00	2856.00	2856.00	2856.00	2856.00	2856.00	2856.00	2856.00	2856.00	2856.00	2856.00	2856.00	2856.00	2856.00	2857.00	2857.00	2857.00	2857.00	2857.00	2857.00	2857.00	2857.00	2857.00	2857.00	2857.00	2857.00	2857.00	2857.00	2857.00	2857.00	2857.00	2857.00	2857.00	2857.00	2857.00	2857.00	2857.00	2857.00	2857.00	2857.00	2857.00	2857.00	2857.00	2857.00	2857.00	2856.00	2856.00	2856.00	2856.00	2856.00	2856.00	2856.00	2856.00	2856.00	2857.00	2857.00	2857.00	2857.00	2857.00	2857.00	2857.00	2857.00	2857.00	2857.00	2857.00	2857.00	2857.00	2857.00	2857.00	2857.00	2857.00	2857.00	2857.00	2857.00	2857.00	2857.00	2857.00	2857.00	2857.00	2857.00	2858.00	2858.00	2858.00	2858.00	2858.00	2858.00	2858.00	2858.00	2858.00	2858.00	2859.00	2859.00	2859.00	2859.00	2859.00	2859.00	2859.00	2860.00	2860.00	2860.00	2860.00	2861.00	2861.00	2861.00	2861.00	2861.00	2862.00	2862.00	2862.00	2863.00	2863.00	2864.00	2864.00	2864.00	2864.00	2865.00	2865.00	2865.00	2866.00	2866.00	2867.00	2867.00	2868.00	2868.00	2868.00	2869.00	2869.00	2870.00	2870.00	2871.00	2871.00	2872.00	2872.00	2873.00	2874.00	2874.00	2875.00	2875.00	2876.00	2876.00	2877.00	2877.00	2878.00	2879.00	2879.00	2880.00	2880.00	2881.00	2882.00	2882.00	2883.00	2883.00	2884.00	2884.00	2885.00	2885.00	2886.00	2887.00	2887.00	2887.00	2888.00	2889.00	2889.00	2889.00	2889.00	2890.00	2891.00	2891.00	2891.00	2892.00	2892.00	2892.00	2893.00	2893.00	2893.00	2894.00	2894.00	2895.00	2895.00	2895.00	2896.00	2896.00	2896.00	2897.00	2897.00	2897.00	2898.00	2899.00	2899.00	2899.00	2899.00	2899.00	2900.00	2900.00	2900.00	2901.00	2901.00	2901.00	2902.00	2902.00	2902.00	2902.00	2902.00	2903.00	2903.00	2903.00	2903.00	2904.00	2904.00	2904.00	2904.00	2904.00	2905.00	2905.00	2905.00	2905.00	2906.00	2906.00	2906.00	2906.00	2906.00	2907.00	2907.00	2907.00	2907.00	2908.00	2908.00	2908.00	2908.00	2908.00	2909.00
2856.00	2855.00	2855.00	2855.00	2855.00	2855.00	2855.00	2855.00	2855.00	2855.00	2855.00	2855.00	2856.00	2856.00	2856.00	2856.00	2856.00	2856.00	2856.00	2856.00	2856.00	2856.00	2856.00	2856.00	2856.00	2856.00	2856.00	2856.00	2856.00	2856.00	2856.00	2856.00	2856.00	2856.00	2856.00	2856.00	2856.00	2856.00	2856.00	2857.00	2857.00	2857.00	2857.00	2857.00	2857.00	2857.00	2857.00	2857.00	2857.00	2857.00	2857.00	2857.00	2857.00	2857.00	2857.00	2857.00	2857.00	2857.00	2857.00	2857.00	2857.00	2857.00	2857.00	2857.00	2857.00	2857.00	2857.00	2857.00	2857.00	2857.00	2856.00	2856.00	2856.00	2856.00	2856.00	2856.00	2856.00	2856.00	2856.00	2857.00	2857.00	2857.00	2857.00	2857.00	2857.00	2857.00	2857.00	2857.00	2857.00	2857.00	2857.00	2857.00	2857.00	2857.00	2857.00	2857.00	2857.00	2857.00	2857.00	2857.00	2857.00	2857.00	2857.00	2857.00	2857.00	2858.00	2858.00	2858.00	2858.00	2858.00	2858.00	2858.00	2858.00	2858.00	2858.00	2859.00	2859.00	2859.00	2859.00	2859.00	2859.00	2859.00	2860.00	2860.00	2860.00	2860.00	2861.00	2861.00	2861.00	2861.00	2861.00	2862.00	2862.00	2862.00	2863.00	2863.00	2864.00	2864.00	2864.00	2864.00	2865.00	2865.00	2865.00	2866.00	2866.00	2867.00	2867.00	2868.00	2868.00	2868.00	2869.00	2869.00	2870.00	2870.00	2871.00	2871.00	2872.00	2872.00	2873.00	2874.00	2874.00	2875.00	2875.00	2876.00	2876.00	2877.00	2877.00	2878.00	2879.00	2879.00	2880.00	2880.00	2881.00	2882.00	2882.00	2883.00	2883.00	2884.00	2884.00	2885.00	2885.00	2886.00	2887.00	2887.00	2887.00	2888.00	2889.00	2889.00	2889.00	2889.00	2890.00	2891.00	2891.00	2891.00	2892.00	2892.00	2892.00	2893.00	2893.00	2893.00	2894.00	2894.00	2895.00	2895.00	2895.00	2896.00	2896.00	2896.00	2897.00	2897.00	2897.00	2898.00	2899.00	2899.00	2899.00	2899.00	2899.00	2900.00	2900.00	2900.00	2901.00	2901.00	2901.00	2902.00	2902.00	2902.00	2902.00	2902.00	2903.00	2903.00	2903.00	2903.00	2904.00	2904.00	2904.00	2904.00	2904.00	2905.00	2905.00	2905.00	2905.00	2906.00	2906.00	2906.00	2906.00	2906.00	2907.00	2907.00	2907.00	2907.00	2908.00	2908.00	2908.00	2908.00	2908.00	2909.00
2856.00	2855.00	2855.00	2855.00	2855.00	2855.00	2855.00	2855.00	2855.00	2855.00	2855.00	2855.00	2856.00	2856.00	2856.00	2856.00	2856.00	2856.00	2856.00	2856.00	2856.00	2856.00	2856.00	2856.00	2856.00	2856.00	2856.00	2856.00	2856.00	2856.00	2856.00	2856.00	2856.00	2856.00	2856.00	2856.00	2856.00	2856.00	2856.00	2857.00	2857.00	2857.00	2857.00	2857.00	2857.00	2857.00	2857.00	2857.00	2857.00	2857.00	2857.00	2857.00	2857.00	2857.00	2857.00	2857.00	2857.00	2857.00	2857.00	2857.00	2857.00	2857.00	2857.00	2857.00	2857.00	2857.00	2857.00	2857.00	2857.00	2857.00	2856.00	2856.00	2856.00	2856.00	2856.00	2856.00	2856.00	2856.00	2856.00	2857.00	2857.00	2857.00	2857.00	2857.00	2857.00	2857.00	2857.00	2857.00	2857.00	2857.00	2857.00	2857.00	2857.00	2857.00	2857.00	2857.00	2857.00	2857.00	2857.00	2857.00	2857.00	2857.00	2857.00	2857.00	2857.00	2858.00	2858.00	2858.00	2858.00	2858.00	2858.00	2858.00	2858.00	2858.00	2858.00	2859.00	2859.00	2859.00	2859.00	2859.00	2859.00	2859.00	2860.00	2860.00	2860.00	2860.00	2861.00	2861.00	2861.00	2861.00	2861.00	2862.00	2862.00	2862.00	2863.00	2863.00	2864.00	2864.00	2864.00	2864.00	2865.00	2865.00	2865.00	2866.00	2866.00	2867.00	2867.00	2868.00	2868.00	2868.00	2869.00	2869.00	2870.00	2870.00	2871.00	2871.00	2872.00	2872.00	2873.00	2874.00	2874.00	2875.00	2875.00	2876.00	2876.00	2877.00	2877.00	2878.00	2879.00	2879.00	2880.00	2880.00	2881.00	2882.00	2882.00	2883.00	2883.00	2884.00	2884.00	2885.00	2885.00	2886.00	2887.00	2887.00	2887.00	2888.00	2889.00	2889.00	2889.00	2889.00	2890.00	2891.00	2891.00	2891.00	2892.00	2892.00	2892.00	2893.00	2893.00	2893.00	2894.00	2894.00	2895.00	2895.00	2895.00	2896.00	2896.00	2896.00	2897.00	2897.00	2897.00	2898.00	2899.00	2899.00	2899.00	2899.00	2899.00	2900.00	2900.00	2900.00	2901.00	2901.00	2901.00	2902.00	2902.00	2902.00	2902.00	2902.00	2903.00	2903.00	2903.00	2903.00	2904.00	2904.00	2904.00	2904.00	2904.00	2905.00	2905.00	2905.00	2905.00	2906.00	2906.00	2906.00	2906.00	2906.00	2907.00	2907.00	2907.00	2907.00	2908.00	2908.00	2908.00	2908.00	2908.00	2909.00
2856.00	2855.00	2855.00	2855.00	2855.00	2855.00	2855.00	2855.00	2855.00	2855.00	2855.00	2855.00	2856.00	2856.00	2856.00	2856.00	2856.00	2856.00	2856.00	2856.00	2856.00	2856.00	2856.00	2856.00	2856.00	2856.00	2856.00	2856.00	2856.00	2856.00	2856.00	2856.00	2856.00	2856.00	2856.00	2856.00	2856.00	2856.00	2856.00	2857.00	2857.00	2857.00	2857.00	2857.00	2857.00	2857.00	2857.00	2857.00	2857.00	2857.00	2857.00	2857.00	2857.00	2857.00	2857.00	2857.00	2857.00	2857.00	2857.00	2857.00	2857.00	2857.00	2857.00	2857.00	2857.00	2857.00	2857.00	2857.00	2857.00	2857.00	2856.00	2856.00	2856.00	2856.00	2856.00	2856.00	2856.00	2856.00	2856.00	2857.00	2857.00	2857.00	2857.00	2857.00	2857.00	2857.00	2857.00	2857.00	2857.00	2857.00	2857.00	2857.00	2857.00	2857.00	2857.00	2857.00	2857.00	2857.00	2857.00	2857.00	2857.00	2857.00	2857.00	2857.00	2857.00	2858.00	2858.00	2858.00	2858.00	2858.00	2858.00	2858.00	2858.00	2858.00	2858.00	2859.00	2859.00	2859.00	2859.00	2859.00	2859.00	2859.00	2860.00	2860.00	2860.00	2860.00	2861.00	2861.00	2861.00	2861.00	2861.00	2862.00	2862.00	2862.00	2863.00	2863.00	2864.00	2864.00	2864.00	2864.00	2865.00	2865.00	2865.00	2866.00	2866.00	2867.00	2867.00	2868.00	2868.00	2868.00	2869.00	2869.00	2870.00	2870.00	2871.00	2871.00	2872.00	2872.00	2873.00	2874.00	2874.00	2875.00	2875.00	2876.00	2876.00	2877.00	2877.00	2878.00	2879.00	2879.00	2880.00	2880.00	2881.00	2882.00	2882.00	2883.00	2883.00	2884.00	2884.00	2885.00	2885.00	2886.00	2887.00	2887.00	2887.00	2888.00	2889.00	2889.00	2889.00	2889.00	2890.00	2891.00	2891.00	2891.00	2892.00	2892.00	2892.00	2893.00	2893.00	2893.00	2894.00	2894.00	2895.00	2895.00	2895.00	2896.00	2896.00	2896.00	2897.00	2897.00	2897.00	2898.00	2899.00	2899.00	2899.00	2899.00	2899.00	2900.00	2900.00	2900.00	2901.00	2901.00	2901.00	2902.00	2902.00	2902.00	2902.00	2902.00	2903.00	2903.00	2903.00	2903.00	2904.00	2904.00	2904.00	2904.00	2904.00	2905.00	2905.00	2905.00	2905.00	2906.00	2906.00	2906.00	2906.00	2906.00	2907.00	2907.00	2907.00	2907.00	2908.00	2908.00	2908.00	2908.00	2908.00	2909.00
2856.00	2855.00	2855.00	2855.00	2855.00	2855.00	2855.00	2855.00	2855.00	2855.00	2855.00	2855.00	2856.00	2856.00	2856.00	2856.00	2856.00	2856.00	2856.00	2856.00	2856.00	2856.00	2856.00	2856.00	2856.00	2856.00	2856.00	2856.00	2856.00	2856.00	2856.00	2856.00	2856.00	2856.00	2856.00	2856.00	2856.00	2856.00	2856.00	2857.00	2857.00	2857.00	2857.00	2857.00	2857.00	2857.00	2857.00	2857.00	2857.00	2857.00	2857.00	2857.00	2857.00	2857.00	2857.00	2857.00	2857.00	2857.00	2857.00	2857.00	2857.00	2857.00	2857.00	2857.00	2857.00	2857.00	2857.00	2857.00	2857.00	2857.00	2856.00	2856.00	2856.00	2856.00	2856.00	2856.00	2856.00	2856.00	2856.00	2857.00	2857.00	2857.00	2857.00	2857.00	2857.00	2857.00	2857.00	2857.00	2857.00	2857.00	2857.00	2857.00	2857.00	2857.00	2857.00	2857.00	2857.00	2857.00	2857.00	2857.00	2857.00	2857.00	2857.00	2857.00	2857.00	2858.00	2858.00	2858.00	2858.00	2858.00	2858.00	2858.00	2858.00	2858.00	2858.00	2859.00	2859.00	2859.00	2859.00	2859.00	2859.00	2859.00	2860.00	2860.00	2860.00	2860.00	2861.00	2861.00	2861.00	2861.00	2861.00	2862.00	2862.00	2862.00	2863.00	2863.00	2864.00	2864.00	2864.00	2864.00	2865.00	2865.00	2865.00	2866.00	2866.00	2867.00	2867.00	2868.00	2868.00	2868.00	2869.00	2869.00	2870.00	2870.00	2871.00	2871.00	2872.00	2872.00	2873.00	2874.00	2874.00	2875.00	2875.00	2876.00	2876.00	2877.00	2877.00	2878.00	2879.00	2879.00	2880.00	2880.00	2881.00	2882.00	2882.00	2883.00	2883.00	2884.00	2884.00	2885.00	2885.00	2886.00	2887.00	2887.00	2887.00	2888.00	2889.00	2889.00	2889.00	2889.00	2890.00	2891.00	2891.00	2891.00	2892.00	2892.00	2892.00	2893.00	2893.00	2893.00	2894.00	2894.00	2895.00	2895.00	2895.00	2896.00	2896.00	2896.00	2897.00	2897.00	2897.00	2898.00	2899.00	2899.00	2899.00	2899.00	2899.00	2900.00	2900.00	2900.00	2901.00	2901.00	2901.00	2902.00	2902.00	2902.00	2902.00	2902.00	2903.00	2903.00	2903.00	2903.00	2904.00	2904.00	2904.00	2904.00	2904.00	2905.00	2905.00	2905.00	2905.00	2906.00	2906.00	2906.00	2906.00	2906.00	2907.00	2907.00	2907.00	2907.00	2908.00	2908.00	2908.00	2908.00	2908.00	2909.00
2856.00	2855.00	2855.00	2855.00	2855.00	2855.00	2855.00	2855.00	2855.00	2855.00	2855.00	2855.00	2856.00	2856.00	2856.00	2856.00	2856.00	2856.00	2856.00	2856.00	2856.00	2856.00	2856.00	2856.00	2856.00	2856.00	2856.00	2856.00	2856.00	2856.00	2856.00	2856.00	2856.00	2856.00	2856.00	2856.00	2856.00	2856.00	2856.00	2857.00	2857.00	2857.00	2857.00	2857.00	2857.00	2857.00	2857.00	2857.00	2857.00	2857.00	2857.00	2857.00	2857.00	2857.00	2857.00	2857.00	2857.00	2857.00	2857.00	2857.00	2857.00	2857.00	2857.00	2857.00	2857.00	2857.00	2857.00	2857.00	2857.00	2857.00	2856.00	2856.00	2856.00	2856.00	2856.00	2856.00	2856.00	2856.00	2856.00	2857.00	2857.00	2857.00	2857.00	2857.00	2857.00	2857.00	2857.00	2857.00	2857.00	2857.00	2857.00	2857.00	2857.00	2857.00	2857.00	2857.00	2857.00	2857.00	2857.00	2857.00	2857.00	2857.00	2857.00	2857.00	2857.00	2858.00	2858.00	2858.00	2858.00	2858.00	2858.00	2858.00	2858.00	2858.00	2858.00	2859.00	2859.00	2859.00	2859.00	2859.00	2859.00	2859.00	2860.00	2860.00	2860.00	2860.00	2861.00	2861.00	2861.00	2861.00	2861.00	2862.00	2862.00	2862.00	2863.00	2863.00	2864.00	2864.00	2864.00	2864.00	2865.00	2865.00	2865.00	2866.00	2866.00	2867.00	2867.00	2868.00	2868.00	2868.00	2869.00	2869.00	2870.00	2870.00	2871.00	2871.00	2872.00	2872.00	2873.00	2874.00	2874.00	2875.00	2875.00	2876.00	2876.00	2877.00	2877.00	2878.00	2879.00	2879.00	2880.00	2880.00	2881.00	2882.00	2882.00	2883.00	2883.00	2884.00	2884.00	2885.00	2885.00	2886.00	2887.00	2887.00	2887.00	2888.00	2889.00	2889.00	2889.00	2889.00	2890.00	2891.00	2891.00	2891.00	2892.00	2892.00	2892.00	2893.00	2893.00	2893.00	2894.00	2894.00	2895.00	2895.00	2895.00	2896.00	2896.00	2896.00	2897.00	2897.00	2897.00	2898.00	2899.00	2899.00	2899.00	2899.00	2899.00	2900.00	2900.00	2900.00	2901.00	2901.00	2901.00	2902.00	2902.00	2902.00	2902.00	2902.00	2903.00	2903.00	2903.00	2903.00	2904.00	2904.00	2904.00	2904.00	2904.00	2905.00	2905.00	2905.00	2905.00	2906.00	2906.00	2906.00	2906.00	2906.00	2907.00	2907.00	2907.00	2907.00	2908.00	2908.00	2908.00	2908.00	2908.00	2909.00
2856.00	2855.00	2855.00	2855.00	2855.00	2855.00	2855.00	2855.00	2855.00	2855.00	2855.00	2855.00	2856.00	2856.00	2856.00	2856.00	2856.00	2856.00	2856.00	2856.00	2856.00	2856.00	2856.00	2856.00	2856.00	2856.00	2856.00	2856.00	2856.00	2856.00	2856.00	2856.00	2856.00	2856.00	2856.00	2856.00	2856.00	2856.00	2856.00	2857.00	2857.00	2857.00	2857.00	2857.00	2857.00	2857.00	2857.00	2857.00	2857.00	2857.00	2857.00	2857.00	2857.00	2857.00	2857.00	2857.00	2857.00	2857.00	2857.00	2857.00	2857.00	2857.00	2857.00	2857.00	2857.00	2857.00	2857.00	2857.00	2857.00	2857.00	2856.00	2856.00	2856.00	2856.00	2856.00	2856.00	2856.00	2856.00	2856.00	2857.00	2857.00	2857.00	2857.00	2857.00	2857.00	2857.00	2857.00	2857.00	2857.00	2857.00	2857.00	2857.00	2857.00	2857.00	2857.00	2857.00	2857.00	2857.00	2857.00	2857.00	2857.00	2857.00	2857.00	2857.00	2857.00	2858.00	2858.00	2858.00	2858.00	2858.00	2858.00	2858.00	2858.00	2858.00	2858.00	2859.00	2859.00	2859.00	2859.00	2859.00	2859.00	2859.00	2860.00	2860.00	2860.00	2860.00	2861.00	2861.00	2861.00	2861.00	2861.00	2862.00	2862.00	2862.00	2863.00	2863.00	2864.00	2864.00	2864.00	2864.00	2865.00	2865.00	2865.00	2866.00	2866.00	2867.00	2867.00	2868.00	2868.00	2868.00	2869.00	2869.00	2870.00	2870.00	2871.00	2871.00	2872.00	2872.00	2873.00	2874.00	2874.00	2875.00	2875.00	2876.00	2876.00	2877.00	2877.00	2878.00	2879.00	2879.00	2880.00	2880.00	2881.00	2882.00	2882.00	2883.00	2883.00	2884.00	2884.00	2885.00	2885.00	2886.00	2887.00	2887.00	2887.00	2888.00	2889.00	2889.00	2889.00	2889.00	2890.00	2891.00	2891.00	2891.00	2892.00	2892.00	2892.00	2893.00	2893.00	2893.00	2894.00	2894.00	2895.00	2895.00	2895.00	2896.00	2896.00	2896.00	2897.00	2897.00	2897.00	2898.00	2899.00	2899.00	2899.00	2899.00	2899.00	2900.00	2900.00	2900.00	2901.00	2901.00	2901.00	2902.00	2902.00	2902.00	2902.00	2902.00	2903.00	2903.00	2903.00	2903.00	2904.00	2904.00	2904.00	2904.00	2904.00	2905.00	2905.00	2905.00	2905.00	2906.00	2906.00	2906.00	2906.00	2906.00	2907.00	2907.00	2907.00	2907.00	2908.00	2908.00	2908.00	2908.00	2908.00	2909.00
2856.00	2855.00	2855.00	2855.00	2855.00	2855.00	2855.00	2855.00	2855.00	2855.00	2855.00	2855.00	2856.00	2856.00	2856.00	2856.00	2856.00	2856.00	2856.00	2856.00	2856.00	2856.00	2856.00	2856.00	2856.00	2856.00	2856.00	2856.00	2856.00	2856.00	2856.00	2856.00	2856.00	2856.00	2856.00	2856.00	2856.00	2856.00	2856.00	2857.00	2857.00	2857.00	2857.00	2857.00	2857.00	2857.00	2857.00	2857.00	2857.00	2857.00	2857.00	2857.00	2857.00	2857.00	2857.00	2857.00	2857.00	2857.00	2857.00	2857.00	2857.00	2857.00	2857.00	2857.00	2857.00	2857.00	2857.00	2857.00	2857.00	2857.00	2856.00	2856.00	2856.00	2856.00	2856.00	2856.00	2856.00	2856.00	2856.00	2857.00	2857.00	2857.00	2857.00	2857.00	2857.00	2857.00	2857.00	2857.00	2857.00	2857.00	2857.00	2857.00	2857.00	2857.00	2857.00	2857.00	2857.00	2857.00	2857.00	2857.00	2857.00	2857.00	2857.00	2857.00	2857.00	2858.00	2858.00	2858.00	2858.00	2858.00	2858.00	2858.00	2858.00	2858.00	2858.00	2859.00	2859.00	2859.00	2859.00	2859.00	2859.00	2859.00	2860.00	2860.00	2860.00	2860.00	2861.00	2861.00	2861.00	2861.00	2861.00	2862.00	2862.00	2862.00	2863.00	2863.00	2864.00	2864.00	2864.00	2864.00	2865.00	2865.00	2865.00	2866.00	2866.00	2867.00	2867.00	2868.00	2868.00	2868.00	2869.00	2869.00	2870.00	2870.00	2871.00	2871.00	2872.00	2872.00	2873.00	2874.00	2874.00	2875.00	2875.00	2876.00	2876.00	2877.00	2877.00	2878.00	2879.00	2879.00	2880.00	2880.00	2881.00	2882.00	2882.00	2883.00	2883.00	2884.00	2884.00	2885.00	2885.00	2886.00	2887.00	2887.00	2887.00	2888.00	2889.00	2889.00	2889.00	2889.00	2890.00	2891.00	2891.00	2891.00	2892.00	2892.00	2892.00	2893.00	2893.00	2893.00	2894.00	2894.00	2895.00	2895.00	2895.00	2896.00	2896.00	2896.00	2897.00	2897.00	2897.00	2898.00	2899.00	2899.00	2899.00	2899.00	2899.00	2900.00	2900.00	2900.00	2901.00	2901.00	2901.00	2902.00	2902.00	2902.00	2902.00	2902.00	2903.00	2903.00	2903.00	2903.00	2904.00	2904.00	2904.00	2904.00	2904.00	2905.00	2905.00	2905.00	2905.00	2906.00	2906.00	2906.00	2906.00	2906.00	2907.00	2907.00	2907.00	2907.00	2908.00	2908.00	2908.00	2908.00	2908.00	2909.00
2856.00	2856.00	2856.00	2856.00	2856.00	2856.00	2856.00	2856.00	2856.00	2856.00	2856.00	2856.00	2856.00	2856.00	2856.00	2856.00	2856.00	2856.00	2856.00	2856.00	2856.00	2856.00	2856.00	2856.00	2856.00	2856.00	2856.00	2856.00	2856.00	2856.00	2856.00	2856.00	2856.00	2856.00	2856.00	2856.00	2856.00	2856.00	2856.00	2856.00	2856.00	2857.00	2857.00	2857.00	2857.00	2857.00	2857.00	2857.00	2857.00	2857.00	2857.00	2857.00	2857.00	2857.00	2857.00	2857.00	2857.00	2857.00	2857.00	2857.00	2857.00	2857.00	2857.00	2857.00	2857.00	2857.00	2857.00	2857.00	2857.00	2857.00	2857.00	2856.00	2856.00	2856.00	2856.00	2856.00	2856.00	2856.00	2856.00	2856.00	2856.00	2856.00	2856.00	2856.00	2856.00	2856.00	2856.00	2856.00	2856.00	2856.00	2857.00	2857.00	2857.00	2857.00	2857.00	2857.00	2857.00	2857.00	2857.00	2857.00	2857.00	2857.00	2857.00	2857.00	2857.00	2857.00	2857.00	2857.00	2857.00	2857.00	2857.00	2858.00	2858.00	2858.00	2858.00	2858.00	2858.00	2858.00	2858.00	2858.00	2859.00	2859.00	2859.00	2859.00	2859.00	2859.00	2859.00	2859.00	2859.00	2860.00	2860.00	2860.00	2860.00	2860.00	2861.00	2861.00	2862.00	2862.00	2862.00	2862.00	2863.00	2863.00	2863.00	2864.00	2864.00	2865.00	2865.00	2866.00	2866.00	2867.00	2868.00	2868.00	2868.00	2868.00	2870.00	2870.00	2871.00	2871.00	2871.00	2872.00	2872.00	2873.00	2873.00	2874.00	2874.00	2875.00	2875.00	2876.00	2877.00	2877.00	2878.00	2878.00	2879.00	2880.00	2880.00	2881.00	2882.00	2883.00	2883.00	2884.00	2884.00	2884.00	2885.00	2885.00	2886.00	2887.00	2888.00	2888.00	2888.00	2888.00	2889.00	2889.00	2889.00	2890.00	2891.00	2891.00	2891.00	2892.00	2892.00	2892.00	2893.00	2893.00	2894.00	2894.00	2894.00	2895.00	2895.00	2895.00	2896.00	2896.00	2896.00	2897.00	2897.00	2897.00	2898.00	2898.00	2898.00	2899.00	2899.00	2899.00	2899.00	2900.00	2900.00	2900.00	2900.00	2901.00	2901.00	2901.00	2902.00	2902.00	2903.00	2903.00	2903.00	2903.00	2904.00	2904.00	2904.00	2904.00	2904.00	2905.00	2905.00	2906.00	2906.00	2906.00	2907.00	2907.00	2907.00	2907.00	2907.00	2908.00	2908.00	2908.00	2908.00	2909.00	2909.00	2909.00
2856.00	2856.00	2856.00	2856.00	2856.00	2856.00	2856.00	2856.00	2856.00	2856.00	2856.00	2856.00	2856.00	2856.00	2856.00	2856.00	2856.00	2856.00	2856.00	2856.00	2856.00	2856.00	2856.00	2856.00	2856.00	2856.00	2856.00	2856.00	2856.00	2856.00	2856.00	2856.00	2856.00	2856.00	2856.00	2856.00	2856.00	2856.00	2856.00	2856.00	2856.00	2857.00	2857.00	2857.00	2857.00	2857.00	2857.00	2857.00	2857.00	2857.00	2857.00	2857.00	2857.00	2857.00	2857.00	2857.00	2857.00	2857.00	2857.00	2857.00	2857.00	2857.00	2857.00	2857.00	2857.00	2857.00	2857.00	2857.00	2857.00	2857.00	2857.00	2856.00	2856.00	2856.00	2856.00	2856.00	2856.00	2856.00	2856.00	2856.00	2856.00	2856.00	2856.00	2856.00	2856.00	2856.00	2856.00	2856.00	2856.00	2856.00	2857.00	2857.00	2857.00	2857.00	2857.00	2857.00	2857.00	2857.00	2857.00	2857.00	2857.00	2857.00	2857.00	2857.00	2857.00	2857.00	2857.00	2857.00	2857.00	2857.00	2857.00	2858.00	2858.00	2858.00	2858.00	2858.00	2858.00	2858.00	2858.00	2858.00	2859.00	2859.00	2859.00	2859.00	2859.00	2859.00	2859.00	2859.00	2859.00	2860.00	2860.00	2860.00	2860.00	2860.00	2861.00	2861.00	2862.00	2862.00	2862.00	2862.00	2863.00	2863.00	2863.00	2864.00	2864.00	2865.00	2865.00	2866.00	2866.00	2867.00	2868.00	2868.00	2868.00	2868.00	2870.00	2870.00	2871.00	2871.00	2871.00	2872.00	2872.00	2873.00	2873.00	2874.00	2874.00	2875.00	2875.00	2876.00	2877.00	2877.00	2878.00	2878.00	2879.00	2880.00	2880.00	2881.00	2882.00	2883.00	2883.00	2884.00	2884.00	2884.00	2885.00	2885.00	2886.00	2887.00	2888.00	2888.00	2888.00	2888.00	2889.00	2889.00	2889.00	2890.00	2891.00	2891.00	2891.00	2892.00	2892.00	2892.00	2893.00	2893.00	2894.00	2894.00	2894.00	2895.00	2895.00	2895.00	2896.00	2896.00	2896.00	2897.00	2897.00	2897.00	2898.00	2898.00	2898.00	2899.00	2899.00	2899.00	2899.00	2900.00	2900.00	2900.00	2900.00	2901.00	2901.00	2901.00	2902.00	2902.00	2903.00	2903.00	2903.00	2903.00	2904.00	2904.00	2904.00	2904.00	2904.00	2905.00	2905.00	2906.00	2906.00	2906.00	2907.00	2907.00	2907.00	2907.00	2907.00	2908.00	2908.00	2908.00	2908.00	2909.00	2909.00	2909.00
2856.00	2856.00	2856.00	2856.00	2856.00	2856.00	2856.00	2856.00	2856.00	2856.00	2856.00	2856.00	2856.00	2856.00	2856.00	2856.00	2856.00	2856.00	2856.00	2856.00	2856.00	2856.00	2856.00	2856.00	2856.00	2856.00	2856.00	2856.00	2856.00	2856.00	2856.00	2856.00	2856.00	2856.00	2856.00	2856.00	2856.00	2856.00	2856.00	2856.00	2856.00	2857.00	2857.00	2857.00	2857.00	2857.00	2857.00	2857.00	2857.00	2857.00	2857.00	2857.00	2857.00	2857.00	2857.00	2857.00	2857.00	2857.00	2857.00	2857.00	2857.00	2857.00	2857.00	2857.00	2857.00	2857.00	2857.00	2857.00	2857.00	2857.00	2857.00	2856.00	2856.00	2856.00	2856.00	2856.00	2856.00	2856.00	2856.00	2856.00	2856.00	2856.00	2856.00	2856.00	2856.00	2856.00	2856.00	2856.00	2856.00	2856.00	2857.00	2857.00	2857.00	2857.00	2857.00	2857.00	2857.00	2857.00	2857.00	2857.00	2857.00	2857.00	2857.00	2857.00	2857.00	2857.00	2857.00	2857.00	2857.00	2857.00	2857.00	2858.00	2858.00	2858.00	2858.00	2858.00	2858.00	2858.00	2858.00	2858.00	2859.00	2859.00	2859.00	2859.00	2859.00	2859.00	2859.00	2859.00	2859.00	2860.00	2860.00	2860.00	2860.00	2860.00	2861.00	2861.00	2862.00	2862.00	2862.00	2862.00	2863.00	2863.00	2863.00	2864.00	2864.00	2865.00	2865.00	2866.00	2866.00	2867.00	2868.00	2868.00	2868.00	2868.00	2870.00	2870.00	2871.00	2871.00	2871.00	2872.00	2872.00	2873.00	2873.00	2874.00	2874.00	2875.00	2875.00	2876.00	2877.00	2877.00	2878.00	2878.00	2879.00	2880.00	2880.00	2881.00	2882.00	2883.00	2883.00	2884.00	2884.00	2884.00	2885.00	2885.00	2886.00	2887.00	2888.00	2888.00	2888.00	2888.00	2889.00	2889.00	2889.00	2890.00	2891.00	2891.00	2891.00	2892.00	2892.00	2892.00	2893.00	2893.00	2894.00	2894.00	2894.00	2895.00	2895.00	2895.00	2896.00	2896.00	2896.00	2897.00	2897.00	2897.00	2898.00	2898.00	2898.00	2899.00	2899.00	2899.00	2899.00	2900.00	2900.00	2900.00	2900.00	2901.00	2901.00	2901.00	2902.00	2902.00	2903.00	2903.00	2903.00	2903.00	2904.00	2904.00	2904.00	2904.00	2904.00	2905.00	2905.00	2906.00	2906.00	2906.00	2907.00	2907.00	2907.00	2907.00	2907.00	2908.00	2908.00	2908.00	2908.00	2909.00	2909.00	2909.00
2856.00	2856.00	2856.00	2856.00	2856.00	2856.00	2856.00	2856.00	2856.00	2856.00	2856.00	2856.00	2856.00	2856.00	2856.00	2856.00	2856.00	2856.00	2856.00	2856.00	2856.00	2856.00	2856.00	2856.00	2856.00	2856.00	2856.00	2856.00	2856.00	2856.00	2856.00	2856.00	2856.00	2856.00	2856.00	2856.00	2856.00	2856.00	2856.00	2856.00	2856.00	2857.00	2857.00	2857.00	2857.00	2857.00	2857.00	2857.00	2857.00	2857.00	2857.00	2857.00	2857.00	2857.00	2857.00	2857.00	2857.00	2857.00	2857.00	2857.00	2857.00	2857.00	2857.00	2857.00	2857.00	2857.00	2857.00	2857.00	2857.00	2857.00	2857.00	2856.00	2856.00	2856.00	2856.00	2856.00	2856.00	2856.00	2856.00	2856.00	2856.00	2856.00	2856.00	2856.00	2856.00	2856.00	2856.00	2856.00	2856.00	2856.00	2857.00	2857.00	2857.00	2857.00	2857.00	2857.00	2857.00	2857.00	2857.00	2857.00	2857.00	2857.00	2857.00	2857.00	2857.00	2857.00	2857.00	2857.00	2857.00	2857.00	2857.00	2858.00	2858.00	2858.00	2858.00	2858.00	2858.00	2858.00	2858.00	2858.00	2859.00	2859.00	2859.00	2859.00	2859.00	2859.00	2859.00	2859.00	2859.00	2860.00	2860.00	2860.00	2860.00	2860.00	2861.00	2861.00	2862.00	2862.00	2862.00	2862.00	2863.00	2863.00	2863.00	2864.00	2864.00	2865.00	2865.00	2866.00	2866.00	2867.00	2868.00	2868.00	2868.00	2868.00	2870.00	2870.00	2871.00	2871.00	2871.00	2872.00	2872.00	2873.00	2873.00	2874.00	2874.00	2875.00	2875.00	2876.00	2877.00	2877.00	2878.00	2878.00	2879.00	2880.00	2880.00	2881.00	2882.00	2883.00	2883.00	2884.00	2884.00	2884.00	2885.00	2885.00	2886.00	2887.00	2888.00	2888.00	2888.00	2888.00	2889.00	2889.00	2889.00	2890.00	2891.00	2891.00	2891.00	2892.00	2892.00	2892.00	2893.00	2893.00	2894.00	2894.00	2894.00	2895.00	2895.00	2895.00	2896.00	2896.00	2896.00	2897.00	2897.00	2897.00	2898.00	2898.00	2898.00	2899.00	2899.00	2899.00	2899.00	2900.00	2900.00	2900.00	2900.00	2901.00	2901.00	2901.00	2902.00	2902.00	2903.00	2903.00	2903.00	2903.00	2904.00	2904.00	2904.00	2904.00	2904.00	2905.00	2905.00	2906.00	2906.00	2906.00	2907.00	2907.00	2907.00	2907.00	2907.00	2908.00	2908.00	2908.00	2908.00	2909.00	2909.00	2909.00
2856.00	2856.00	2856.00	2856.00	2856.00	2856.00	2856.00	2856.00	2856.00	2856.00	2856.00	2856.00	2856.00	2856.00	2856.00	2856.00	2856.00	2856.00	2856.00	2856.00	2856.00	2856.00	2856.00	2856.00	2856.00	2856.00	2856.00	2856.00	2856.00	2856.00	2856.00	2856.00	2856.00	2856.00	2856.00	2856.00	2856.00	2856.00	2856.00	2856.00	2856.00	2857.00	2857.00	2857.00	2857.00	2857.00	2857.00	2857.00	2857.00	2857.00	2857.00	2857.00	2857.00	2857.00	2857.00	2857.00	2857.00	2857.00	2857.00	2857.00	2857.00	2857.00	2857.00	2857.00	2857.00	2857.00	2857.00	2857.00	2857.00	2857.00	2857.00	2856.00	2856.00	2856.00	2856.00	2856.00	2856.00	2856.00	2856.00	2856.00	2856.00	2856.00	2856.00	2856.00	2856.00	2856.00	2856.00	2856.00	2856.00	2856.00	2857.00	2857.00	2857.00	2857.00	2857.00	2857.00	2857.00	2857.00	2857.00	2857.00	2857.00	2857.00	2857.00	2857.00	2857.00	2857.00	2857.00	2857.00	2857.00	2857.00	2857.00	2858.00	2858.00	2858.00	2858.00	2858.00	2858.00	2858.00	2858.00	2858.00	2859.00	2859.00	2859.00	2859.00	2859.00	2859.00	2859.00	2859.00	2859.00	2860.00	2860.00	2860.00	2860.00	2860.00	2861.00	2861.00	2862.00	2862.00	2862.00	2862.00	2863.00	2863.00	2863.00	2864.00	2864.00	2865.00	2865.00	2866.00	2866.00	2867.00	2868.00	2868.00	2868.00	2868.00	2870.00	2870.00	2871.00	2871.00	2871.00	2872.00	2872.00	2873.00	2873.00	2874.00	2874.00	2875.00	2875.00	2876.00	2877.00	2877.00	2878.00	2878.00	2879.00	2880.00	2880.00	2881.00	2882.00	2883.00	2883.00	2884.00	2884.00	2884.00	2885.00	2885.00	2886.00	2887.00	2888.00	2888.00	2888.00	2888.00	2889.00	2889.00	2889.00	2890.00	2891.00	2891.00	2891.00	2892.00	2892.00	2892.00	2893.00	2893.00	2894.00	2894.00	2894.00	2895.00	2895.00	2895.00	2896.00	2896.00	2896.00	2897.00	2897.00	2897.00	2898.00	2898.00	2898.00	2899.00	2899.00	2899.00	2899.00	2900.00	2900.00	2900.00	2900.00	2901.00	2901.00	2901.00	2902.00	2902.00	2903.00	2903.00	2903.00	2903.00	2904.00	2904.00	2904.00	2904.00	2904.00	2905.00	2905.00	2906.00	2906.00	2906.00	2907.00	2907.00	2907.00	2907.00	2907.00	2908.00	2908.00	2908.00	2908.00	2909.00	2909.00	2909.00
2856.00	2856.00	2856.00	2856.00	2856.00	2856.00	2856.00	2856.00	2856.00	2856.00	2856.00	2856.00	2856.00	2856.00	2856.00	2856.00	2856.00	2856.00	2856.00	2856.00	2856.00	2856.00	2856.00	2856.00	2856.00	2856.00	2856.00	2856.00	2856.00	2856.00	2856.00	2856.00	2856.00	2856.00	2856.00	2856.00	2856.00	2856.00	2856.00	2856.00	2856.00	2857.00	2857.00	2857.00	2857.00	2857.00	2857.00	2857.00	2857.00	2857.00	2857.00	2857.00	2857.00	2857.00	2857.00	2857.00	2857.00	2857.00	2857.00	2857.00	2857.00	2857.00	2857.00	2857.00	2857.00	2857.00	2857.00	2857.00	2857.00	2857.00	2857.00	2856.00	2856.00	2856.00	2856.00	2856.00	2856.00	2856.00	2856.00	2856.00	2856.00	2856.00	2856.00	2856.00	2856.00	2856.00	2856.00	2856.00	2856.00	2856.00	2857.00	2857.00	2857.00	2857.00	2857.00	2857.00	2857.00	2857.00	2857.00	2857.00	2857.00	2857.00	2857.00	2857.00	2857.00	2857.00	2857.00	2857.00	2857.00	2857.00	2857.00	2858.00	2858.00	2858.00	2858.00	2858.00	2858.00	2858.00	2858.00	2858.00	2859.00	2859.00	2859.00	2859.00	2859.00	2859.00	2859.00	2859.00	2859.00	2860.00	2860.00	2860.00	2860.00	2860.00	2861.00	2861.00	2862.00	2862.00	2862.00	2862.00	2863.00	2863.00	2863.00	2864.00	2864.00	2865.00	2865.00	2866.00	2866.00	2867.00	2868.00	2868.00	2868.00	2868.00	2870.00	2870.00	2871.00	2871.00	2871.00	2872.00	2872.00	2873.00	2873.00	2874.00	2874.00	2875.00	2875.00	2876.00	2877.00	2877.00	2878.00	2878.00	2879.00	2880.00	2880.00	2881.00	2882.00	2883.00	2883.00	2884.00	2884.00	2884.00	2885.00	2885.00	2886.00	2887.00	2888.00	2888.00	2888.00	2888.00	2889.00	2889.00	2889.00	2890.00	2891.00	2891.00	2891.00	2892.00	2892.00	2892.00	2893.00	2893.00	2894.00	2894.00	2894.00	2895.00	2895.00	2895.00	2896.00	2896.00	2896.00	2897.00	2897.00	2897.00	2898.00	2898.00	2898.00	2899.00	2899.00	2899.00	2899.00	2900.00	2900.00	2900.00	2900.00	2901.00	2901.00	2901.00	2902.00	2902.00	2903.00	2903.00	2903.00	2903.00	2904.00	2904.00	2904.00	2904.00	2904.00	2905.00	2905.00	2906.00	2906.00	2906.00	2907.00	2907.00	2907.00	2907.00	2907.00	2908.00	2908.00	2908.00	2908.00	2909.00	2909.00	2909.00
2856.00	2856.00	2856.00	2856.00	2856.00	2856.00	2856.00	2856.00	2856.00	2856.00	2856.00	2856.00	2856.00	2856.00	2856.00	2856.00	2856.00	2856.00	2856.00	2856.00	2856.00	2856.00	2856.00	2856.00	2856.00	2856.00	2856.00	2856.00	2856.00	2856.00	2856.00	2856.00	2856.00	2856.00	2856.00	2856.00	2856.00	2856.00	2856.00	2856.00	2856.00	2857.00	2857.00	2857.00	2857.00	2857.00	2857.00	2857.00	2857.00	2857.00	2857.00	2857.00	2857.00	2857.00	2857.00	2857.00	2857.00	2857.00	2857.00	2857.00	2857.00	2857.00	2857.00	2857.00	2857.00	2857.00	2857.00	2857.00	2857.00	2857.00	2857.00	2856.00	2856.00	2856.00	2856.00	2856.00	2856.00	2856.00	2856.00	2856.00	2856.00	2856.00	2856.00	2856.00	2856.00	2856.00	2856.00	2856.00	2856.00	2856.00	2857.00	2857.00	2857.00	2857.00	2857.00	2857.00	2857.00	2857.00	2857.00	2857.00	2857.00	2857.00	2857.00	2857.00	2857.00	2857.00	2857.00	2857.00	2857.00	2857.00	2857.00	2858.00	2858.00	2858.00	2858.00	2858.00	2858.00	2858.00	2858.00	2858.00	2859.00	2859.00	2859.00	2859.00	2859.00	2859.00	2859.00	2859.00	2859.00	2860.00	2860.00	2860.00	2860.00	2860.00	2861.00	2861.00	2862.00	2862.00	2862.00	2862.00	2863.00	2863.00	2863.00	2864.00	2864.00	2865.00	2865.00	2866.00	2866.00	2867.00	2868.00	2868.00	2868.00	2868.00	2870.00	2870.00	2871.00	2871.00	2871.00	2872.00	2872.00	2873.00	2873.00	2874.00	2874.00	2875.00	2875.00	2876.00	2877.00	2877.00	2878.00	2878.00	2879.00	2880.00	2880.00	2881.00	2882.00	2883.00	2883.00	2884.00	2884.00	2884.00	2885.00	2885.00	2886.00	2887.00	2888.00	2888.00	2888.00	2888.00	2889.00	2889.00	2889.00	2890.00	2891.00	2891.00	2891.00	2892.00	2892.00	2892.00	2893.00	2893.00	2894.00	2894.00	2894.00	2895.00	2895.00	2895.00	2896.00	2896.00	2896.00	2897.00	2897.00	2897.00	2898.00	2898.00	2898.00	2899.00	2899.00	2899.00	2899.00	2900.00	2900.00	2900.00	2900.00	2901.00	2901.00	2901.00	2902.00	2902.00	2903.00	2903.00	2903.00	2903.00	2904.00	2904.00	2904.00	2904.00	2904.00	2905.00	2905.00	2906.00	2906.00	2906.00	2907.00	2907.00	2907.00	2907.00	2907.00	2908.00	2908.00	2908.00	2908.00	2909.00	2909.00	2909.00
2856.00	2856.00	2856.00	2856.00	2856.00	2856.00	2856.00	2856.00	2856.00	2856.00	2856.00	2856.00	2856.00	2856.00	2856.00	2856.00	2856.00	2856.00	2856.00	2856.00	2856.00	2856.00	2856.00	2856.00	2856.00	2856.00	2856.00	2856.00	2856.00	2856.00	2856.00	2856.00	2856.00	2856.00	2856.00	2856.00	2856.00	2856.00	2856.00	2856.00	2856.00	2857.00	2857.00	2857.00	2857.00	2857.00	2857.00	2857.00	2857.00	2857.00	2857.00	2857.00	2857.00	2857.00	2857.00	2857.00	2857.00	2857.00	2857.00	2857.00	2857.00	2857.00	2857.00	2857.00	2857.00	2857.00	2857.00	2857.00	2857.00	2857.00	2857.00	2856.00	2856.00	2856.00	2856.00	2856.00	2856.00	2856.00	2856.00	2856.00	2856.00	2856.00	2856.00	2856.00	2856.00	2856.00	2856.00	2856.00	2856.00	2856.00	2857.00	2857.00	2857.00	2857.00	2857.00	2857.00	2857.00	2857.00	2857.00	2857.00	2857.00	2857.00	2857.00	2857.00	2857.00	2857.00	2857.00	2857.00	2857.00	2857.00	2857.00	2858.00	2858.00	2858.00	2858.00	2858.00	2858.00	2858.00	2858.00	2858.00	2859.00	2859.00	2859.00	2859.00	2859.00	2859.00	2859.00	2859.00	2859.00	2860.00	2860.00	2860.00	2860.00	2860.00	2861.00	2861.00	2862.00	2862.00	2862.00	2862.00	2863.00	2863.00	2863.00	2864.00	2864.00	2865.00	2865.00	2866.00	2866.00	2867.00	2868.00	2868.00	2868.00	2868.00	2870.00	2870.00	2871.00	2871.00	2871.00	2872.00	2872.00	2873.00	2873.00	2874.00	2874.00	2875.00	2875.00	2876.00	2877.00	2877.00	2878.00	2878.00	2879.00	2880.00	2880.00	2881.00	2882.00	2883.00	2883.00	2884.00	2884.00	2884.00	2885.00	2885.00	2886.00	2887.00	2888.00	2888.00	2888.00	2888.00	2889.00	2889.00	2889.00	2890.00	2891.00	2891.00	2891.00	2892.00	2892.00	2892.00	2893.00	2893.00	2894.00	2894.00	2894.00	2895.00	2895.00	2895.00	2896.00	2896.00	2896.00	2897.00	2897.00	2897.00	2898.00	2898.00	2898.00	2899.00	2899.00	2899.00	2899.00	2900.00	2900.00	2900.00	2900.00	2901.00	2901.00	2901.00	2902.00	2902.00	2903.00	2903.00	2903.00	2903.00	2904.00	2904.00	2904.00	2904.00	2904.00	2905.00	2905.00	2906.00	2906.00	2906.00	2907.00	2907.00	2907.00	2907.00	2907.00	2908.00	2908.00	2908.00	2908.00	2909.00	2909.00	2909.00
2856.00	2856.00	2856.00	2856.00	2856.00	2856.00	2856.00	2856.00	2856.00	2856.00	2856.00	2856.00	2856.00	2856.00	2856.00	2856.00	2856.00	2856.00	2856.00	2856.00	2856.00	2856.00	2856.00	2856.00	2856.00	2856.00	2856.00	2856.00	2856.00	2856.00	2856.00	2856.00	2856.00	2856.00	2856.00	2856.00	2856.00	2856.00	2856.00	2856.00	2856.00	2857.00	2857.00	2857.00	2857.00	2857.00	2857.00	2857.00	2857.00	2857.00	2857.00	2857.00	2857.00	2857.00	2857.00	2857.00	2857.00	2857.00	2857.00	2857.00	2857.00	2857.00	2857.00	2857.00	2857.00	2857.00	2857.00	2857.00	2857.00	2857.00	2857.00	2856.00	2856.00	2856.00	2856.00	2856.00	2856.00	2856.00	2856.00	2856.00	2856.00	2856.00	2856.00	2856.00	2856.00	2856.00	2856.00	2856.00	2856.00	2856.00	2857.00	2857.00	2857.00	2857.00	2857.00	2857.00	2857.00	2857.00	2857.00	2857.00	2857.00	2857.00	2857.00	2857.00	2857.00	2857.00	2857.00	2857.00	2857.00	2857.00	2857.00	2858.00	2858.00	2858.00	2858.00	2858.00	2858.00	2858.00	2858.00	2858.00	2859.00	2859.00	2859.00	2859.00	2859.00	2859.00	2859.00	2859.00	2859.00	2860.00	2860.00	2860.00	2860.00	2860.00	2861.00	2861.00	2862.00	2862.00	2862.00	2862.00	2863.00	2863.00	2863.00	2864.00	2864.00	2865.00	2865.00	2866.00	2866.00	2867.00	2868.00	2868.00	2868.00	2868.00	2870.00	2870.00	2871.00	2871.00	2871.00	2872.00	2872.00	2873.00	2873.00	2874.00	2874.00	2875.00	2875.00	2876.00	2877.00	2877.00	2878.00	2878.00	2879.00	2880.00	2880.00	2881.00	2882.00	2883.00	2883.00	2884.00	2884.00	2884.00	2885.00	2885.00	2886.00	2887.00	2888.00	2888.00	2888.00	2888.00	2889.00	2889.00	2889.00	2890.00	2891.00	2891.00	2891.00	2892.00	2892.00	2892.00	2893.00	2893.00	2894.00	2894.00	2894.00	2895.00	2895.00	2895.00	2896.00	2896.00	2896.00	2897.00	2897.00	2897.00	2898.00	2898.00	2898.00	2899.00	2899.00	2899.00	2899.00	2900.00	2900.00	2900.00	2900.00	2901.00	2901.00	2901.00	2902.00	2902.00	2903.00	2903.00	2903.00	2903.00	2904.00	2904.00	2904.00	2904.00	2904.00	2905.00	2905.00	2906.00	2906.00	2906.00	2907.00	2907.00	2907.00	2907.00	2907.00	2908.00	2908.00	2908.00	2908.00	2909.00	2909.00	2909.00
2855.00	2855.00	2855.00	2855.00	2855.00	2855.00	2855.00	2855.00	2855.00	2855.00	2855.00	2855.00	2855.00	2855.00	2855.00	2855.00	2855.00	2856.00	2856.00	2856.00	2856.00	2856.00	2856.00	2856.00	2856.00	2856.00	2856.00	2856.00	2856.00	2856.00	2856.00	2856.00	2856.00	2856.00	2856.00	2857.00	2857.00	2857.00	2857.00	2857.00	2857.00	2857.00	2857.00	2857.00	2857.00	2857.00	2857.00	2857.00	2857.00	2857.00	2857.00	2857.00	2857.00	2857.00	2857.00	2857.00	2857.00	2857.00	2857.00	2857.00	2857.00	2857.00	2857.00	2857.00	2857.00	2858.00	2858.00	2858.00	2858.00	2857.00	2857.00	2857.00	2857.00	2857.00	2857.00	2857.00	2857.00	2857.00	2857.00	2857.00	2857.00	2857.00	2857.00	2857.00	2857.00	2857.00	2857.00	2857.00	2857.00	2857.00	2857.00	2857.00	2857.00	2857.00	2857.00	2857.00	2857.00	2857.00	2857.00	2857.00	2857.00	2857.00	2857.00	2857.00	2857.00	2857.00	2857.00	2857.00	2858.00	2858.00	2858.00	2858.00	2858.00	2858.00	2858.00	2858.00	2858.00	2859.00	2859.00	2859.00	2859.00	2859.00	2859.00	2859.00	2859.00	2859.00	2859.00	2859.00	2859.00	2859.00	2859.00	2860.00	2860.00	2860.00	2860.00	2861.00	2861.00	2861.00	2862.00	2862.00	2862.00	2863.00	2863.00	2863.00	2863.00	2865.00	2865.00	2865.00	2865.00	2866.00	2867.00	2867.00	2868.00	2868.00	2869.00	2869.00	2870.00	2870.00	2871.00	2872.00	2872.00	2873.00	2873.00	2873.00	2874.00	2875.00	2875.00	2876.00	2877.00	2877.00	2878.00	2878.00	2879.00	2880.00	2880.00	2880.00	2881.00	2882.00	2882.00	2883.00	2883.00	2884.00	2885.00	2885.00	2885.00	2886.00	2887.00	2887.00	2887.00	2887.00	2888.00	2889.00	2889.00	2889.00	2890.00	2890.00	2890.00	2891.00	2891.00	2892.00	2892.00	2892.00	2893.00	2893.00	2893.00	2894.00	2894.00	2895.00	2895.00	2896.00	2896.00	2896.00	2897.00	2897.00	2897.00	2897.00	2897.00	2898.00	2898.00	2898.00	2899.00	2899.00	2899.00	2900.00	2900.00	2900.00	2901.00	2901.00	2901.00	2902.00	2902.00	2902.00	2902.00	2902.00	2903.00	2903.00	2903.00	2904.00	2904.00	2905.00	2905.00	2905.00	2905.00	2906.00	2906.00	2906.00	2907.00	2907.00	2907.00	2907.00	2908.00	2908.00	2908.00	2908.00	2908.00	2909.00
2855.00	2855.00	2855.00	2855.00	2855.00	2855.00	2855.00	2855.00	2855.00	2855.00	2855.00	2855.00	2855.00	2855.00	2855.00	2855.00	2855.00	2856.00	2856.00	2856.00	2856.00	2856.00	2856.00	2856.00	2856.00	2856.00	2856.00	2856.00	2856.00	2856.00	2856.00	2856.00	2856.00	2856.00	2856.00	2857.00	2857.00	2857.00	2857.00	2857.00	2857.00	2857.00	2857.00	2857.00	2857.00	2857.00	2857.00	2857.00	2857.00	2857.00	2857.00	2857.00	2857.00	2857.00	2857.00	2857.00	2857.00	2857.00	2857.00	2857.00	2857.00	2857.00	2857.00	2857.00	2857.00	2858.00	2858.00	2858.00	2858.00	2857.00	2857.00	2857.00	2857.00	2857.00	2857.00	2857.00	2857.00	2857.00	2857.00	2857.00	2857.00	2857.00	2857.00	2857.00	2857.00	2857.00	2857.00	2857.00	2857.00	2857.00	2857.00	2857.00	2857.00	2857.00	2857.00	2857.00	2857.00	2857.00	2857.00	2857.00	2857.00	2857.00	2857.00	2857.00	2857.00	2857.00	2857.00	2857.00	2858.00	2858.00	2858.00	2858.00	2858.00	2858.00	2858.00	2858.00	2858.00	2859.00	2859.00	2859.00	2859.00	2859.00	2859.00	2859.00	2859.00	2859.00	2859.00	2859.00	2859.00	2859.00	2859.00	2860.00	2860.00	2860.00	2860.00	2861.00	2861.00	2861.00	2862.00	2862.00	2862.00	2863.00	2863.00	2863.00	2863.00	2865.00	2865.00	2865.00	2865.00	2866.00	2867.00	2867.00	2868.00	2868.00	2869.00	2869.00	2870.00	2870.00	2871.00	2872.00	2872.00	2873.00	2873.00	2873.00	2874.00	2875.00	2875.00	2876.00	2877.00	2877.00	2878.00	2878.00	2879.00	2880.00	2880.00	2880.00	2881.00	2882.00	2882.00	2883.00	2883.00	2884.00	2885.00	2885.00	2885.00	2886.00	2887.00	2887.00	2887.00	2887.00	2888.00	2889.00	2889.00	2889.00	2890.00	2890.00	2890.00	2891.00	2891.00	2892.00	2892.00	2892.00	2893.00	2893.00	2893.00	2894.00	2894.00	2895.00	2895.00	2896.00	2896.00	2896.00	2897.00	2897.00	2897.00	2897.00	2897.00	2898.00	2898.00	2898.00	2899.00	2899.00	2899.00	2900.00	2900.00	2900.00	2901.00	2901.00	2901.00	2902.00	2902.00	2902.00	2902.00	2902.00	2903.00	2903.00	2903.00	2904.00	2904.00	2905.00	2905.00	2905.00	2905.00	2906.00	2906.00	2906.00	2907.00	2907.00	2907.00	2907.00	2908.00	2908.00	2908.00	2908.00	2908.00	2909.00
2855.00	2855.00	2855.00	2855.00	2855.00	2855.00	2855.00	2855.00	2855.00	2855.00	2855.00	2855.00	2855.00	2855.00	2855.00	2855.00	2855.00	2856.00	2856.00	2856.00	2856.00	2856.00	2856.00	2856.00	2856.00	2856.00	2856.00	2856.00	2856.00	2856.00	2856.00	2856.00	2856.00	2856.00	2856.00	2857.00	2857.00	2857.00	2857.00	2857.00	2857.00	2857.00	2857.00	2857.00	2857.00	2857.00	2857.00	2857.00	2857.00	2857.00	2857.00	2857.00	2857.00	2857.00	2857.00	2857.00	2857.00	2857.00	2857.00	2857.00	2857.00	2857.00	2857.00	2857.00	2857.00	2858.00	2858.00	2858.00	2858.00	2857.00	2857.00	2857.00	2857.00	2857.00	2857.00	2857.00	2857.00	2857.00	2857.00	2857.00	2857.00	2857.00	2857.00	2857.00	2857.00	2857.00	2857.00	2857.00	2857.00	2857.00	2857.00	2857.00	2857.00	2857.00	2857.00	2857.00	2857.00	2857.00	2857.00	2857.00	2857.00	2857.00	2857.00	2857.00	2857.00	2857.00	2857.00	2857.00	2858.00	2858.00	2858.00	2858.00	2858.00	2858.00	2858.00	2858.00	2858.00	2859.00	2859.00	2859.00	2859.00	2859.00	2859.00	2859.00	2859.00	2859.00	2859.00	2859.00	2859.00	2859.00	2859.00	2860.00	2860.00	2860.00	2860.00	2861.00	2861.00	2861.00	2862.00	2862.00	2862.00	2863.00	2863.00	2863.00	2863.00	2865.00	2865.00	2865.00	2865.00	2866.00	2867.00	2867.00	2868.00	2868.00	2869.00	2869.00	2870.00	2870.00	2871.00	2872.00	2872.00	2873.00	2873.00	2873.00	2874.00	2875.00	2875.00	2876.00	2877.00	2877.00	2878.00	2878.00	2879.00	2880.00	2880.00	2880.00	2881.00	2882.00	2882.00	2883.00	2883.00	2884.00	2885.00	2885.00	2885.00	2886.00	2887.00	2887.00	2887.00	2887.00	2888.00	2889.00	2889.00	2889.00	2890.00	2890.00	2890.00	2891.00	2891.00	2892.00	2892.00	2892.00	2893.00	2893.00	2893.00	2894.00	2894.00	2895.00	2895.00	2896.00	2896.00	2896.00	2897.00	2897.00	2897.00	2897.00	2897.00	2898.00	2898.00	2898.00	2899.00	2899.00	2899.00	2900.00	2900.00	2900.00	2901.00	2901.00	2901.00	2902.00	2902.00	2902.00	2902.00	2902.00	2903.00	2903.00	2903.00	2904.00	2904.00	2905.00	2905.00	2905.00	2905.00	2906.00	2906.00	2906.00	2907.00	2907.00	2907.00	2907.00	2908.00	2908.00	2908.00	2908.00	2908.00	2909.00
2855.00	2855.00	2855.00	2855.00	2855.00	2855.00	2855.00	2855.00	2855.00	2855.00	2855.00	2855.00	2855.00	2855.00	2855.00	2855.00	2855.00	2856.00	2856.00	2856.00	2856.00	2856.00	2856.00	2856.00	2856.00	2856.00	2856.00	2856.00	2856.00	2856.00	2856.00	2856.00	2856.00	2856.00	2856.00	2857.00	2857.00	2857.00	2857.00	2857.00	2857.00	2857.00	2857.00	2857.00	2857.00	2857.00	2857.00	2857.00	2857.00	2857.00	2857.00	2857.00	2857.00	2857.00	2857.00	2857.00	2857.00	2857.00	2857.00	2857.00	2857.00	2857.00	2857.00	2857.00	2857.00	2858.00	2858.00	2858.00	2858.00	2857.00	2857.00	2857.00	2857.00	2857.00	2857.00	2857.00	2857.00	2857.00	2857.00	2857.00	2857.00	2857.00	2857.00	2857.00	2857.00	2857.00	2857.00	2857.00	2857.00	2857.00	2857.00	2857.00	2857.00	2857.00	2857.00	2857.00	2857.00	2857.00	2857.00	2857.00	2857.00	2857.00	2857.00	2857.00	2857.00	2857.00	2857.00	2857.00	2858.00	2858.00	2858.00	2858.00	2858.00	2858.00	2858.00	2858.00	2858.00	2859.00	2859.00	2859.00	2859.00	2859.00	2859.00	2859.00	2859.00	2859.00	2859.00	2859.00	2859.00	2859.00	2859.00	2860.00	2860.00	2860.00	2860.00	2861.00	2861.00	2861.00	2862.00	2862.00	2862.00	2863.00	2863.00	2863.00	2863.00	2865.00	2865.00	2865.00	2865.00	2866.00	2867.00	2867.00	2868.00	2868.00	2869.00	2869.00	2870.00	2870.00	2871.00	2872.00	2872.00	2873.00	2873.00	2873.00	2874.00	2875.00	2875.00	2876.00	2877.00	2877.00	2878.00	2878.00	2879.00	2880.00	2880.00	2880.00	2881.00	2882.00	2882.00	2883.00	2883.00	2884.00	2885.00	2885.00	2885.00	2886.00	2887.00	2887.00	2887.00	2887.00	2888.00	2889.00	2889.00	2889.00	2890.00	2890.00	2890.00	2891.00	2891.00	2892.00	2892.00	2892.00	2893.00	2893.00	2893.00	2894.00	2894.00	2895.00	2895.00	2896.00	2896.00	2896.00	2897.00	2897.00	2897.00	2897.00	2897.00	2898.00	2898.00	2898.00	2899.00	2899.00	2899.00	2900.00	2900.00	2900.00	2901.00	2901.00	2901.00	2902.00	2902.00	2902.00	2902.00	2902.00	2903.00	2903.00	2903.00	2904.00	2904.00	2905.00	2905.00	2905.00	2905.00	2906.00	2906.00	2906.00	2907.00	2907.00	2907.00	2907.00	2908.00	2908.00	2908.00	2908.00	2908.00	2909.00
2855.00	2855.00	2855.00	2855.00	2855.00	2855.00	2855.00	2855.00	2855.00	2855.00	2855.00	2855.00	2855.00	2855.00	2855.00	2855.00	2855.00	2856.00	2856.00	2856.00	2856.00	2856.00	2856.00	2856.00	2856.00	2856.00	2856.00	2856.00	2856.00	2856.00	2856.00	2856.00	2856.00	2856.00	2856.00	2857.00	2857.00	2857.00	2857.00	2857.00	2857.00	2857.00	2857.00	2857.00	2857.00	2857.00	2857.00	2857.00	2857.00	2857.00	2857.00	2857.00	2857.00	2857.00	2857.00	2857.00	2857.00	2857.00	2857.00	2857.00	2857.00	2857.00	2857.00	2857.00	2857.00	2858.00	2858.00	2858.00	2858.00	2857.00	2857.00	2857.00	2857.00	2857.00	2857.00	2857.00	2857.00	2857.00	2857.00	2857.00	2857.00	2857.00	2857.00	2857.00	2857.00	2857.00	2857.00	2857.00	2857.00	2857.00	2857.00	2857.00	2857.00	2857.00	2857.00	2857.00	2857.00	2857.00	2857.00	2857.00	2857.00	2857.00	2857.00	2857.00	2857.00	2857.00	2857.00	2857.00	2858.00	2858.00	2858.00	2858.00	2858.00	2858.00	2858.00	2858.00	2858.00	2859.00	2859.00	2859.00	2859.00	2859.00	2859.00	2859.00	2859.00	2859.00	2859.00	2859.00	2859.00	2859.00	2859.00	2860.00	2860.00	2860.00	2860.00	2861.00	2861.00	2861.00	2862.00	2862.00	2862.00	2863.00	2863.00	2863.00	2863.00	2865.00	2865.00	2865.00	2865.00	2866.00	2867.00	2867.00	2868.00	2868.00	2869.00	2869.00	2870.00	2870.00	2871.00	2872.00	2872.00	2873.00	2873.00	2873.00	2874.00	2875.00	2875.00	2876.00	2877.00	2877.00	2878.00	2878.00	2879.00	2880.00	2880.00	2880.00	2881.00	2882.00	2882.00	2883.00	2883.00	2884.00	2885.00	2885.00	2885.00	2886.00	2887.00	2887.00	2887.00	2887.00	2888.00	2889.00	2889.00	2889.00	2890.00	2890.00	2890.00	2891.00	2891.00	2892.00	2892.00	2892.00	2893.00	2893.00	2893.00	2894.00	2894.00	2895.00	2895.00	2896.00	2896.00	2896.00	2897.00	2897.00	2897.00	2897.00	2897.00	2898.00	2898.00	2898.00	2899.00	2899.00	2899.00	2900.00	2900.00	2900.00	2901.00	2901.00	2901.00	2902.00	2902.00	2902.00	2902.00	2902.00	2903.00	2903.00	2903.00	2904.00	2904.00	2905.00	2905.00	2905.00	2905.00	2906.00	2906.00	2906.00	2907.00	2907.00	2907.00	2907.00	2908.00	2908.00	2908.00	2908.00	2908.00	2909.00
2855.00	2855.00	2855.00	2855.00	2855.00	2855.00	2855.00	2855.00	2855.00	2855.00	2855.00	2855.00	2855.00	2855.00	2855.00	2855.00	2855.00	2856.00	2856.00	2856.00	2856.00	2856.00	2856.00	2856.00	2856.00	2856.00	2856.00	2856.00	2856.00	2856.00	2856.00	2856.00	2856.00	2856.00	2856.00	2857.00	2857.00	2857.00	2857.00	2857.00	2857.00	2857.00	2857.00	2857.00	2857.00	2857.00	2857.00	2857.00	2857.00	2857.00	2857.00	2857.00	2857.00	2857.00	2857.00	2857.00	2857.00	2857.00	2857.00	2857.00	2857.00	2857.00	2857.00	2857.00	2857.00	2858.00	2858.00	2858.00	2858.00	2857.00	2857.00	2857.00	2857.00	2857.00	2857.00	2857.00	2857.00	2857.00	2857.00	2857.00	2857.00	2857.00	2857.00	2857.00	2857.00	2857.00	2857.00	2857.00	2857.00	2857.00	2857.00	2857.00	2857.00	2857.00	2857.00	2857.00	2857.00	2857.00	2857.00	2857.00	2857.00	2857.00	2857.00	2857.00	2857.00	2857.00	2857.00	2857.00	2858.00	2858.00	2858.00	2858.00	2858.00	2858.00	2858.00	2858.00	2858.00	2859.00	2859.00	2859.00	2859.00	2859.00	2859.00	2859.00	2859.00	2859.00	2859.00	2859.00	2859.00	2859.00	2859.00	2860.00	2860.00	2860.00	2860.00	2861.00	2861.00	2861.00	2862.00	2862.00	2862.00	2863.00	2863.00	2863.00	2863.00	2865.00	2865.00	2865.00	2865.00	2866.00	2867.00	2867.00	2868.00	2868.00	2869.00	2869.00	2870.00	2870.00	2871.00	2872.00	2872.00	2873.00	2873.00	2873.00	2874.00	2875.00	2875.00	2876.00	2877.00	2877.00	2878.00	2878.00	2879.00	2880.00	2880.00	2880.00	2881.00	2882.00	2882.00	2883.00	2883.00	2884.00	2885.00	2885.00	2885.00	2886.00	2887.00	2887.00	2887.00	2887.00	2888.00	2889.00	2889.00	2889.00	2890.00	2890.00	2890.00	2891.00	2891.00	2892.00	2892.00	2892.00	2893.00	2893.00	2893.00	2894.00	2894.00	2895.00	2895.00	2896.00	2896.00	2896.00	2897.00	2897.00	2897.00	2897.00	2897.00	2898.00	2898.00	2898.00	2899.00	2899.00	2899.00	2900.00	2900.00	2900.00	2901.00	2901.00	2901.00	2902.00	2902.00	2902.00	2902.00	2902.00	2903.00	2903.00	2903.00	2904.00	2904.00	2905.00	2905.00	2905.00	2905.00	2906.00	2906.00	2906.00	2907.00	2907.00	2907.00	2907.00	2908.00	2908.00	2908.00	2908.00	2908.00	2909.00
2855.00	2855.00	2855.00	2855.00	2855.00	2855.00	2855.00	2855.00	2855.00	2855.00	2855.00	2855.00	2855.00	2855.00	2855.00	2855.00	2855.00	2856.00	2856.00	2856.00	2856.00	2856.00	2856.00	2856.00	2856.00	2856.00	2856.00	2856.00	2856.00	2856.00	2856.00	2856.00	2856.00	2856.00	2856.00	2857.00	2857.00	2857.00	2857.00	2857.00	2857.00	2857.00	2857.00	2857.00	2857.00	2857.00	2857.00	2857.00	2857.00	2857.00	2857.00	2857.00	2857.00	2857.00	2857.00	2857.00	2857.00	2857.00	2857.00	2857.00	2857.00	2857.00	2857.00	2857.00	2857.00	2858.00	2858.00	2858.00	2858.00	2857.00	2857.00	2857.00	2857.00	2857.00	2857.00	2857.00	2857.00	2857.00	2857.00	2857.00	2857.00	2857.00	2857.00	2857.00	2857.00	2857.00	2857.00	2857.00	2857.00	2857.00	2857.00	2857.00	2857.00	2857.00	2857.00	2857.00	2857.00	2857.00	2857.00	2857.00	2857.00	2857.00	2857.00	2857.00	2857.00	2857.00	2857.00	2857.00	2858.00	2858.00	2858.00	2858.00	2858.00	2858.00	2858.00	2858.00	2858.00	2859.00	2859.00	2859.00	2859.00	2859.00	2859.00	2859.00	2859.00	2859.00	2859.00	2859.00	2859.00	2859.00	2859.00	2860.00	2860.00	2860.00	2860.00	2861.00	2861.00	2861.00	2862.00	2862.00	2862.00	2863.00	2863.00	2863.00	2863.00	2865.00	2865.00	2865.00	2865.00	2866.00	2867.00	2867.00	2868.00	2868.00	2869.00	2869.00	2870.00	2870.00	2871.00	2872.00	2872.00	2873.00	2873.00	2873.00	2874.00	2875.00	2875.00	2876.00	2877.00	2877.00	2878.00	2878.00	2879.00	2880.00	2880.00	2880.00	2881.00	2882.00	2882.00	2883.00	2883.00	2884.00	2885.00	2885.00	2885.00	2886.00	2887.00	2887.00	2887.00	2887.00	2888.00	2889.00	2889.00	2889.00	2890.00	2890.00	2890.00	2891.00	2891.00	2892.00	2892.00	2892.00	2893.00	2893.00	2893.00	2894.00	2894.00	2895.00	2895.00	2896.00	2896.00	2896.00	2897.00	2897.00	2897.00	2897.00	2897.00	2898.00	2898.00	2898.00	2899.00	2899.00	2899.00	2900.00	2900.00	2900.00	2901.00	2901.00	2901.00	2902.00	2902.00	2902.00	2902.00	2902.00	2903.00	2903.00	2903.00	2904.00	2904.00	2905.00	2905.00	2905.00	2905.00	2906.00	2906.00	2906.00	2907.00	2907.00	2907.00	2907.00	2908.00	2908.00	2908.00	2908.00	2908.00	2909.00
2855.00	2855.00	2855.00	2855.00	2855.00	2855.00	2855.00	2855.00	2855.00	2855.00	2855.00	2855.00	2855.00	2855.00	2855.00	2855.00	2855.00	2856.00	2856.00	2856.00	2856.00	2856.00	2856.00	2856.00	2856.00	2856.00	2856.00	2856.00	2856.00	2856.00	2856.00	2856.00	2856.00	2856.00	2856.00	2857.00	2857.00	2857.00	2857.00	2857.00	2857.00	2857.00	2857.00	2857.00	2857.00	2857.00	2857.00	2857.00	2857.00	2857.00	2857.00	2857.00	2857.00	2857.00	2857.00	2857.00	2857.00	2857.00	2857.00	2857.00	2857.00	2857.00	2857.00	2857.00	2857.00	2858.00	2858.00	2858.00	2858.00	2857.00	2857.00	2857.00	2857.00	2857.00	2857.00	2857.00	2857.00	2857.00	2857.00	2857.00	2857.00	2857.00	2857.00	2857.00	2857.00	2857.00	2857.00	2857.00	2857.00	2857.00	2857.00	2857.00	2857.00	2857.00	2857.00	2857.00	2857.00	2857.00	2857.00	2857.00	2857.00	2857.00	2857.00	2857.00	2857.00	2857.00	2857.00	2857.00	2858.00	2858.00	2858.00	2858.00	2858.00	2858.00	2858.00	2858.00	2858.00	2859.00	2859.00	2859.00	2859.00	2859.00	2859.00	2859.00	2859.00	2859.00	2859.00	2859.00	2859.00	2859.00	2859.00	2860.00	2860.00	2860.00	2860.00	2861.00	2861.00	2861.00	2862.00	2862.00	2862.00	2863.00	2863.00	2863.00	2863.00	2865.00	2865.00	2865.00	2865.00	2866.00	2867.00	2867.00	2868.00	2868.00	2869.00	2869.00	2870.00	2870.00	2871.00	2872.00	2872.00	2873.00	2873.00	2873.00	2874.00	2875.00	2875.00	2876.00	2877.00	2877.00	2878.00	2878.00	2879.00	2880.00	2880.00	2880.00	2881.00	2882.00	2882.00	2883.00	2883.00	2884.00	2885.00	2885.00	2885.00	2886.00	2887.00	2887.00	2887.00	2887.00	2888.00	2889.00	2889.00	2889.00	2890.00	2890.00	2890.00	2891.00	2891.00	2892.00	2892.00	2892.00	2893.00	2893.00	2893.00	2894.00	2894.00	2895.00	2895.00	2896.00	2896.00	2896.00	2897.00	2897.00	2897.00	2897.00	2897.00	2898.00	2898.00	2898.00	2899.00	2899.00	2899.00	2900.00	2900.00	2900.00	2901.00	2901.00	2901.00	2902.00	2902.00	2902.00	2902.00	2902.00	2903.00	2903.00	2903.00	2904.00	2904.00	2905.00	2905.00	2905.00	2905.00	2906.00	2906.00	2906.00	2907.00	2907.00	2907.00	2907.00	2908.00	2908.00	2908.00	2908.00	2908.00	2909.00
2855.00	2855.00	2855.00	2855.00	2855.00	2855.00	2855.00	2855.00	2855.00	2855.00	2855.00	2855.00	2855.00	2855.00	2855.00	2855.00	2855.00	2856.00	2856.00	2856.00	2856.00	2856.00	2856.00	2856.00	2856.00	2856.00	2856.00	2856.00	2856.00	2856.00	2856.00	2856.00	2856.00	2856.00	2856.00	2857.00	2857.00	2857.00	2857.00	2857.00	2857.00	2857.00	2857.00	2857.00	2857.00	2857.00	2857.00	2857.00	2857.00	2857.00	2857.00	2857.00	2857.00	2857.00	2857.00	2857.00	2857.00	2857.00	2857.00	2857.00	2857.00	2857.00	2857.00	2857.00	2857.00	2858.00	2858.00	2858.00	2858.00	2857.00	2857.00	2857.00	2857.00	2857.00	2857.00	2857.00	2857.00	2857.00	2857.00	2857.00	2857.00	2857.00	2857.00	2857.00	2857.00	2857.00	2857.00	2857.00	2857.00	2857.00	2857.00	2857.00	2857.00	2857.00	2857.00	2857.00	2857.00	2857.00	2857.00	2857.00	2857.00	2857.00	2857.00	2857.00	2857.00	2857.00	2857.00	2857.00	2858.00	2858.00	2858.00	2858.00	2858.00	2858.00	2858.00	2858.00	2858.00	2859.00	2859.00	2859.00	2859.00	2859.00	2859.00	2859.00	2859.00	2859.00	2859.00	2859.00	2859.00	2859.00	2859.00	2860.00	2860.00	2860.00	2860.00	2861.00	2861.00	2861.00	2862.00	2862.00	2862.00	2863.00	2863.00	2863.00	2863.00	2865.00	2865.00	2865.00	2865.00	2866.00	2867.00	2867.00	2868.00	2868.00	2869.00	2869.00	2870.00	2870.00	2871.00	2872.00	2872.00	2873.00	2873.00	2873.00	2874.00	2875.00	2875.00	2876.00	2877.00	2877.00	2878.00	2878.00	2879.00	2880.00	2880.00	2880.00	2881.00	2882.00	2882.00	2883.00	2883.00	2884.00	2885.00	2885.00	2885.00	2886.00	2887.00	2887.00	2887.00	2887.00	2888.00	2889.00	2889.00	2889.00	2890.00	2890.00	2890.00	2891.00	2891.00	2892.00	2892.00	2892.00	2893.00	2893.00	2893.00	2894.00	2894.00	2895.00	2895.00	2896.00	2896.00	2896.00	2897.00	2897.00	2897.00	2897.00	2897.00	2898.00	2898.00	2898.00	2899.00	2899.00	2899.00	2900.00	2900.00	2900.00	2901.00	2901.00	2901.00	2902.00	2902.00	2902.00	2902.00	2902.00	2903.00	2903.00	2903.00	2904.00	2904.00	2905.00	2905.00	2905.00	2905.00	2906.00	2906.00	2906.00	2907.00	2907.00	2907.00	2907.00	2908.00	2908.00	2908.00	2908.00	2908.00	2909.00
2855.00	2855.00	2855.00	2855.00	2855.00	2855.00	2855.00	2855.00	2855.00	2855.00	2855.00	2855.00	2855.00	2855.00	2855.00	2855.00	2855.00	2856.00	2856.00	2856.00	2856.00	2856.00	2856.00	2856.00	2856.00	2856.00	2856.00	2856.00	2856.00	2856.00	2856.00	2856.00	2856.00	2856.00	2856.00	2857.00	2857.00	2857.00	2857.00	2857.00	2857.00	2857.00	2857.00	2857.00	2857.00	2857.00	2857.00	2857.00	2857.00	2857.00	2857.00	2857.00	2857.00	2857.00	2857.00	2857.00	2857.00	2857.00	2857.00	2857.00	2857.00	2857.00	2857.00	2857.00	2857.00	2858.00	2858.00	2858.00	2858.00	2857.00	2857.00	2857.00	2857.00	2857.00	2857.00	2857.00	2857.00	2857.00	2857.00	2857.00	2857.00	2857.00	2857.00	2857.00	2857.00	2857.00	2857.00	2857.00	2857.00	2857.00	2857.00	2857.00	2857.00	2857.00	2857.00	2857.00	2857.00	2857.00	2857.00	2857.00	2857.00	2857.00	2857.00	2857.00	2857.00	2857.00	2857.00	2857.00	2858.00	2858.00	2858.00	2858.00	2858.00	2858.00	2858.00	2858.00	2858.00	2859.00	2859.00	2859.00	2859.00	2859.00	2859.00	2859.00	2859.00	2859.00	2859.00	2859.00	2859.00	2859.00	2859.00	2860.00	2860.00	2860.00	2860.00	2861.00	2861.00	2861.00	2862.00	2862.00	2862.00	2863.00	2863.00	2863.00	2863.00	2865.00	2865.00	2865.00	2865.00	2866.00	2867.00	2867.00	2868.00	2868.00	2869.00	2869.00	2870.00	2870.00	2871.00	2872.00	2872.00	2873.00	2873.00	2873.00	2874.00	2875.00	2875.00	2876.00	2877.00	2877.00	2878.00	2878.00	2879.00	2880.00	2880.00	2880.00	2881.00	2882.00	2882.00	2883.00	2883.00	2884.00	2885.00	2885.00	2885.00	2886.00	2887.00	2887.00	2887.00	2887.00	2888.00	2889.00	2889.00	2889.00	2890.00	2890.00	2890.00	2891.00	2891.00	2892.00	2892.00	2892.00	2893.00	2893.00	2893.00	2894.00	2894.00	2895.00	2895.00	2896.00	2896.00	2896.00	2897.00	2897.00	2897.00	2897.00	2897.00	2898.00	2898.00	2898.00	2899.00	2899.00	2899.00	2900.00	2900.00	2900.00	2901.00	2901.00	2901.00	2902.00	2902.00	2902.00	2902.00	2902.00	2903.00	2903.00	2903.00	2904.00	2904.00	2905.00	2905.00	2905.00	2905.00	2906.00	2906.00	2906.00	2907.00	2907.00	2907.00	2907.00	2908.00	2908.00	2908.00	2908.00	2908.00	2909.00
2855.00	2855.00	2855.00	2855.00	2855.00	2855.00	2855.00	2855.00	2855.00	2855.00	2855.00	2855.00	2855.00	2855.00	2855.00	2855.00	2855.00	2855.00	2855.00	2855.00	2855.00	2855.00	2855.00	2855.00	2855.00	2855.00	2856.00	2856.00	2856.00	2856.00	2856.00	2856.00	2856.00	2856.00	2856.00	2857.00	2857.00	2857.00	2857.00	2857.00	2857.00	2857.00	2857.00	2857.00	2857.00	2857.00	2858.00	2858.00	2858.00	2858.00	2858.00	2858.00	2858.00	2858.00	2858.00	2858.00	2858.00	2858.00	2858.00	2858.00	2858.00	2858.00	2858.00	2858.00	2858.00	2858.00	2858.00	2858.00	2858.00	2858.00	2858.00	2858.00	2858.00	2858.00	2858.00	2858.00	2858.00	2858.00	2858.00	2858.00	2858.00	2858.00	2858.00	2858.00	2858.00	2858.00	2858.00	2858.00	2858.00	2858.00	2858.00	2858.00	2858.00	2858.00	2858.00	2858.00	2858.00	2858.00	2858.00	2858.00	2858.00	2858.00	2858.00	2859.00	2859.00	2859.00	2859.00	2859.00	2859.00	2859.00	2859.00	2859.00	2859.00	2859.00	2859.00	2859.00	2859.00	2860.00	2860.00	2860.00	2860.00	2860.00	2860.00	2860.00	2860.00	2860.00	2860.00	2860.00	2860.00	2860.00	2860.00	2860.00	2860.00	2860.00	2861.00	2861.00	2862.00	2862.00	2862.00	2862.00	2863.00	2863.00	2863.00	2864.00	2864.00	2865.00	2865.00	2866.00	2866.00	2867.00	2868.00	2868.00	2868.00	2868.00	2870.00	2870.00	2871.00	2871.00	2871.00	2872.00	2872.00	2873.00	2873.00	2874.00	2875.00	2876.00	2876.00	2876.00	2877.00	2877.00	2878.00	2878.00	2879.00	2880.00	2880.00	2881.00	2881.00	2882.00	2882.00	2883.00	2883.00	2884.00	2884.00	2884.00	2885.00	2886.00	2886.00	2886.00	2887.00	2887.00	2888.00	2888.00	2888.00	2889.00	2890.00	2890.00	2891.00	2891.00	2891.00	2892.00	2893.00	2893.00	2893.00	2894.00	2894.00	2894.00	2894.00	2895.00	2895.00	2896.00	2896.00	2896.00	2897.00	2897.00	2897.00	2897.00	2897.00	2898.00	2898.00	2898.00	2898.00	2899.00	2899.00	2899.00	2899.00	2900.00	2900.00	2900.00	2901.00	2901.00	2902.00	2902.00	2902.00	2902.00	2903.00	2903.00	2903.00	2904.00	2904.00	2905.00	2905.00	2905.00	2905.00	2905.00	2906.00	2906.00	2906.00	2906.00	2907.00	2907.00	2907.00	2907.00	2907.00	2908.00	2908.00	2908.00
2855.00	2855.00	2855.00	2855.00	2855.00	2855.00	2855.00	2855.00	2855.00	2855.00	2855.00	2855.00	2855.00	2855.00	2855.00	2855.00	2855.00	2855.00	2855.00	2855.00	2855.00	2855.00	2855.00	2855.00	2855.00	2855.00	2856.00	2856.00	2856.00	2856.00	2856.00	2856.00	2856.00	2856.00	2856.00	2857.00	2857.00	2857.00	2857.00	2857.00	2857.00	2857.00	2857.00	2857.00	2857.00	2857.00	2858.00	2858.00	2858.00	2858.00	2858.00	2858.00	2858.00	2858.00	2858.00	2858.00	2858.00	2858.00	2858.00	2858.00	2858.00	2858.00	2858.00	2858.00	2858.00	2858.00	2858.00	2858.00	2858.00	2858.00	2858.00	2858.00	2858.00	2858.00	2858.00	2858.00	2858.00	2858.00	2858.00	2858.00	2858.00	2858.00	2858.00	2858.00	2858.00	2858.00	2858.00	2858.00	2858.00	2858.00	2858.00	2858.00	2858.00	2858.00	2858.00	2858.00	2858.00	2858.00	2858.00	2858.00	2858.00	2858.00	2858.00	2859.00	2859.00	2859.00	2859.00	2859.00	2859.00	2859.00	2859.00	2859.00	2859.00	2859.00	2859.00	2859.00	2859.00	2860.00	2860.00	2860.00	2860.00	2860.00	2860.00	2860.00	2860.00	2860.00	2860.00	2860.00	2860.00	2860.00	2860.00	2860.00	2860.00	2860.00	2861.00	2861.00	2862.00	2862.00	2862.00	2862.00	2863.00	2863.00	2863.00	2864.00	2864.00	2865.00	2865.00	2866.00	2866.00	2867.00	2868.00	2868.00	2868.00	2868.00	2870.00	2870.00	2871.00	2871.00	2871.00	2872.00	2872.00	2873.00	2873.00	2874.00	2875.00	2876.00	2876.00	2876.00	2877.00	2877.00	2878.00	2878.00	2879.00	2880.00	2880.00	2881.00	2881.00	2882.00	2882.00	2883.00	2883.00	2884.00	2884.00	2884.00	2885.00	2886.00	2886.00	2886.00	2887.00	2887.00	2888.00	2888.00	2888.00	2889.00	2890.00	2890.00	2891.00	2891.00	2891.00	2892.00	2893.00	2893.00	2893.00	2894.00	2894.00	2894.00	2894.00	2895.00	2895.00	2896.00	2896.00	2896.00	2897.00	2897.00	2897.00	2897.00	2897.00	2898.00	2898.00	2898.00	2898.00	2899.00	2899.00	2899.00	2899.00	2900.00	2900.00	2900.00	2901.00	2901.00	2902.00	2902.00	2902.00	2902.00	2903.00	2903.00	2903.00	2904.00	2904.00	2905.00	2905.00	2905.00	2905.00	2905.00	2906.00	2906.00	2906.00	2906.00	2907.00	2907.00	2907.00	2907.00	2907.00	2908.00	2908.00	2908.00
2855.00	2855.00	2855.00	2855.00	2855.00	2855.00	2855.00	2855.00	2855.00	2855.00	2855.00	2855.00	2855.00	2855.00	2855.00	2855.00	2855.00	2855.00	2855.00	2855.00	2855.00	2855.00	2855.00	2855.00	2855.00	2855.00	2856.00	2856.00	2856.00	2856.00	2856.00	2856.00	2856.00	2856.00	2856.00	2857.00	2857.00	2857.00	2857.00	2857.00	2857.00	2857.00	2857.00	2857.00	2857.00	2857.00	2858.00	2858.00	2858.00	2858.00	2858.00	2858.00	2858.00	2858.00	2858.00	2858.00	2858.00	2858.00	2858.00	2858.00	2858.00	2858.00	2858.00	2858.00	2858.00	2858.00	2858.00	2858.00	2858.00	2858.00	2858.00	2858.00	2858.00	2858.00	2858.00	2858.00	2858.00	2858.00	2858.00	2858.00	2858.00	2858.00	2858.00	2858.00	2858.00	2858.00	2858.00	2858.00	2858.00	2858.00	2858.00	2858.00	2858.00	2858.00	2858.00	2858.00	2858.00	2858.00	2858.00	2858.00	2858.00	2858.00	2858.00	2859.00	2859.00	2859.00	2859.00	2859.00	2859.00	2859.00	2859.00	2859.00	2859.00	2859.00	2859.00	2859.00	2859.00	2860.00	2860.00	2860.00	2860.00	2860.00	2860.00	2860.00	2860.00	2860.00	2860.00	2860.00	2860.00	2860.00	2860.00	2860.00	2860.00	2860.00	2861.00	2861.00	2862.00	2862.00	2862.00	2862.00	2863.00	2863.00	2863.00	2864.00	2864.00	2865.00	2865.00	2866.00	2866.00	2867.00	2868.00	2868.00	2868.00	2868.00	2870.00	2870.00	2871.00	2871.00	2871.00	2872.00	2872.00	2873.00	2873.00	2874.00	2875.00	2876.00	2876.00	2876.00	2877.00	2877.00	2878.00	2878.00	2879.00	2880.00	2880.00	2881.00	2881.00	2882.00	2882.00	2883.00	2883.00	2884.00	2884.00	2884.00	2885.00	2886.00	2886.00	2886.00	2887.00	2887.00	2888.00	2888.00	2888.00	2889.00	2890.00	2890.00	2891.00	2891.00	2891.00	2892.00	2893.00	2893.00	2893.00	2894.00	2894.00	2894.00	2894.00	2895.00	2895.00	2896.00	2896.00	2896.00	2897.00	2897.00	2897.00	2897.00	2897.00	2898.00	2898.00	2898.00	2898.00	2899.00	2899.00	2899.00	2899.00	2900.00	2900.00	2900.00	2901.00	2901.00	2902.00	2902.00	2902.00	2902.00	2903.00	2903.00	2903.00	2904.00	2904.00	2905.00	2905.00	2905.00	2905.00	2905.00	2906.00	2906.00	2906.00	2906.00	2907.00	2907.00	2907.00	2907.00	2907.00	2908.00	2908.00	2908.00
2855.00	2855.00	2855.00	2855.00	2855.00	2855.00	2855.00	2855.00	2855.00	2855.00	2855.00	2855.00	2855.00	2855.00	2855.00	2855.00	2855.00	2855.00	2855.00	2855.00	2855.00	2855.00	2855.00	2855.00	2855.00	2855.00	2856.00	2856.00	2856.00	2856.00	2856.00	2856.00	2856.00	2856.00	2856.00	2857.00	2857.00	2857.00	2857.00	2857.00	2857.00	2857.00	2857.00	2857.00	2857.00	2857.00	2858.00	2858.00	2858.00	2858.00	2858.00	2858.00	2858.00	2858.00	2858.00	2858.00	2858.00	2858.00	2858.00	2858.00	2858.00	2858.00	2858.00	2858.00	2858.00	2858.00	2858.00	2858.00	2858.00	2858.00	2858.00	2858.00	2858.00	2858.00	2858.00	2858.00	2858.00	2858.00	2858.00	2858.00	2858.00	2858.00	2858.00	2858.00	2858.00	2858.00	2858.00	2858.00	2858.00	2858.00	2858.00	2858.00	2858.00	2858.00	2858.00	2858.00	2858.00	2858.00	2858.00	2858.00	2858.00	2858.00	2858.00	2859.00	2859.00	2859.00	2859.00	2859.00	2859.00	2859.00	2859.00	2859.00	2859.00	2859.00	2859.00	2859.00	2859.00	2860.00	2860.00	2860.00	2860.00	2860.00	2860.00	2860.00	2860.00	2860.00	2860.00	2860.00	2860.00	2860.00	2860.00	2860.00	2860.00	2860.00	2861.00	2861.00	2862.00	2862.00	2862.00	2862.00	2863.00	2863.00	2863.00	2864.00	2864.00	2865.00	2865.00	2866.00	2866.00	2867.00	2868.00	2868.00	2868.00	2868.00	2870.00	2870.00	2871.00	2871.00	2871.00	2872.00	2872.00	2873.00	2873.00	2874.00	2875.00	2876.00	2876.00	2876.00	2877.00	2877.00	2878.00	2878.00	2879.00	2880.00	2880.00	2881.00	2881.00	2882.00	2882.00	2883.00	2883.00	2884.00	2884.00	2884.00	2885.00	2886.00	2886.00	2886.00	2887.00	2887.00	2888.00	2888.00	2888.00	2889.00	2890.00	2890.00	2891.00	2891.00	2891.00	2892.00	2893.00	2893.00	2893.00	2894.00	2894.00	2894.00	2894.00	2895.00	2895.00	2896.00	2896.00	2896.00	2897.00	2897.00	2897.00	2897.00	2897.00	2898.00	2898.00	2898.00	2898.00	2899.00	2899.00	2899.00	2899.00	2900.00	2900.00	2900.00	2901.00	2901.00	2902.00	2902.00	2902.00	2902.00	2903.00	2903.00	2903.00	2904.00	2904.00	2905.00	2905.00	2905.00	2905.00	2905.00	2906.00	2906.00	2906.00	2906.00	2907.00	2907.00	2907.00	2907.00	2907.00	2908.00	2908.00	2908.00
2855.00	2855.00	2855.00	2855.00	2855.00	2855.00	2855.00	2855.00	2855.00	2855.00	2855.00	2855.00	2855.00	2855.00	2855.00	2855.00	2855.00	2855.00	2855.00	2855.00	2855.00	2855.00	2855.00	2855.00	2855.00	2855.00	2856.00	2856.00	2856.00	2856.00	2856.00	2856.00	2856.00	2856.00	2856.00	2857.00	2857.00	2857.00	2857.00	2857.00	2857.00	2857.00	2857.00	2857.00	2857.00	2857.00	2858.00	2858.00	2858.00	2858.00	2858.00	2858.00	2858.00	2858.00	2858.00	2858.00	2858.00	2858.00	2858.00	2858.00	2858.00	2858.00	2858.00	2858.00	2858.00	2858.00	2858.00	2858.00	2858.00	2858.00	2858.00	2858.00	2858.00	2858.00	2858.00	2858.00	2858.00	2858.00	2858.00	2858.00	2858.00	2858.00	2858.00	2858.00	2858.00	2858.00	2858.00	2858.00	2858.00	2858.00	2858.00	2858.00	2858.00	2858.00	2858.00	2858.00	2858.00	2858.00	2858.00	2858.00	2858.00	2858.00	2858.00	2859.00	2859.00	2859.00	2859.00	2859.00	2859.00	2859.00	2859.00	2859.00	2859.00	2859.00	2859.00	2859.00	2859.00	2860.00	2860.00	2860.00	2860.00	2860.00	2860.00	2860.00	2860.00	2860.00	2860.00	2860.00	2860.00	2860.00	2860.00	2860.00	2860.00	2860.00	2861.00	2861.00	2862.00	2862.00	2862.00	2862.00	2863.00	2863.00	2863.00	2864.00	2864.00	2865.00	2865.00	2866.00	2866.00	2867.00	2868.00	2868.00	2868.00	2868.00	2870.00	2870.00	2871.00	2871.00	2871.00	2872.00	2872.00	2873.00	2873.00	2874.00	2875.00	2876.00	2876.00	2876.00	2877.00	2877.00	2878.00	2878.00	2879.00	2880.00	2880.00	2881.00	2881.00	2882.00	2882.00	2883.00	2883.00	2884.00	2884.00	2884.00	2885.00	2886.00	2886.00	2886.00	2887.00	2887.00	2888.00	2888.00	2888.00	2889.00	2890.00	2890.00	2891.00	2891.00	2891.00	2892.00	2893.00	2893.00	2893.00	2894.00	2894.00	2894.00	2894.00	2895.00	2895.00	2896.00	2896.00	2896.00	2897.00	2897.00	2897.00	2897.00	2897.00	2898.00	2898.00	2898.00	2898.00	2899.00	2899.00	2899.00	2899.00	2900.00	2900.00	2900.00	2901.00	2901.00	2902.00	2902.00	2902.00	2902.00	2903.00	2903.00	2903.00	2904.00	2904.00	2905.00	2905.00	2905.00	2905.00	2905.00	2906.00	2906.00	2906.00	2906.00	2907.00	2907.00	2907.00	2907.00	2907.00	2908.00	2908.00	2908.00
2855.00	2855.00	2855.00	2855.00	2855.00	2855.00	2855.00	2855.00	2855.00	2855.00	2855.00	2855.00	2855.00	2855.00	2855.00	2855.00	2855.00	2855.00	2855.00	2855.00	2855.00	2855.00	2855.00	2855.00	2855.00	2855.00	2856.00	2856.00	2856.00	2856.00	2856.00	2856.00	2856.00	2856.00	2856.00	2857.00	2857.00	2857.00	2857.00	2857.00	2857.00	2857.00	2857.00	2857.00	2857.00	2857.00	2858.00	2858.00	2858.00	2858.00	2858.00	2858.00	2858.00	2858.00	2858.00	2858.00	2858.00	2858.00	2858.00	2858.00	2858.00	2858.00	2858.00	2858.00	2858.00	2858.00	2858.00	2858.00	2858.00	2858.00	2858.00	2858.00	2858.00	2858.00	2858.00	2858.00	2858.00	2858.00	2858.00	2858.00	2858.00	2858.00	2858.00	2858.00	2858.00	2858.00	2858.00	2858.00	2858.00	2858.00	2858.00	2858.00	2858.00	2858.00	2858.00	2858.00	2858.00	2858.00	2858.00	2858.00	2858.00	2858.00	2858.00	2859.00	2859.00	2859.00	2859.00	2859.00	2859.00	2859.00	2859.00	2859.00	2859.00	2859.00	2859.00	2859.00	2859.00	2860.00	2860.00	2860.00	2860.00	2860.00	2860.00	2860.00	2860.00	2860.00	2860.00	2860.00	2860.00	2860.00	2860.00	2860.00	2860.00	2860.00	2861.00	2861.00	2862.00	2862.00	2862.00	2862.00	2863.00	2863.00	2863.00	2864.00	2864.00	2865.00	2865.00	2866.00	2866.00	2867.00	2868.00	2868.00	2868.00	2868.00	2870.00	2870.00	2871.00	2871.00	2871.00	2872.00	2872.00	2873.00	2873.00	2874.00	2875.00	2876.00	2876.00	2876.00	2877.00	2877.00	2878.00	2878.00	2879.00	2880.00	2880.00	2881.00	2881.00	2882.00	2882.00	2883.00	2883.00	2884.00	2884.00	2884.00	2885.00	2886.00	2886.00	2886.00	2887.00	2887.00	2888.00	2888.00	2888.00	2889.00	2890.00	2890.00	2891.00	2891.00	2891.00	2892.00	2893.00	2893.00	2893.00	2894.00	2894.00	2894.00	2894.00	2895.00	2895.00	2896.00	2896.00	2896.00	2897.00	2897.00	2897.00	2897.00	2897.00	2898.00	2898.00	2898.00	2898.00	2899.00	2899.00	2899.00	2899.00	2900.00	2900.00	2900.00	2901.00	2901.00	2902.00	2902.00	2902.00	2902.00	2903.00	2903.00	2903.00	2904.00	2904.00	2905.00	2905.00	2905.00	2905.00	2905.00	2906.00	2906.00	2906.00	2906.00	2907.00	2907.00	2907.00	2907.00	2907.00	2908.00	2908.00	2908.00
2855.00	2855.00	2855.00	2855.00	2855.00	2855.00	2855.00	2855.00	2855.00	2855.00	2855.00	2855.00	2855.00	2855.00	2855.00	2855.00	2855.00	2855.00	2855.00	2855.00	2855.00	2855.00	2855.00	2855.00	2855.00	2855.00	2856.00	2856.00	2856.00	2856.00	2856.00	2856.00	2856.00	2856.00	2856.00	2857.00	2857.00	2857.00	2857.00	2857.00	2857.00	2857.00	2857.00	2857.00	2857.00	2857.00	2858.00	2858.00	2858.00	2858.00	2858.00	2858.00	2858.00	2858.00	2858.00	2858.00	2858.00	2858.00	2858.00	2858.00	2858.00	2858.00	2858.00	2858.00	2858.00	2858.00	2858.00	2858.00	2858.00	2858.00	2858.00	2858.00	2858.00	2858.00	2858.00	2858.00	2858.00	2858.00	2858.00	2858.00	2858.00	2858.00	2858.00	2858.00	2858.00	2858.00	2858.00	2858.00	2858.00	2858.00	2858.00	2858.00	2858.00	2858.00	2858.00	2858.00	2858.00	2858.00	2858.00	2858.00	2858.00	2858.00	2858.00	2859.00	2859.00	2859.00	2859.00	2859.00	2859.00	2859.00	2859.00	2859.00	2859.00	2859.00	2859.00	2859.00	2859.00	2860.00	2860.00	2860.00	2860.00	2860.00	2860.00	2860.00	2860.00	2860.00	2860.00	2860.00	2860.00	2860.00	2860.00	2860.00	2860.00	2860.00	2861.00	2861.00	2862.00	2862.00	2862.00	2862.00	2863.00	2863.00	2863.00	2864.00	2864.00	2865.00	2865.00	2866.00	2866.00	2867.00	2868.00	2868.00	2868.00	2868.00	2870.00	2870.00	2871.00	2871.00	2871.00	2872.00	2872.00	2873.00	2873.00	2874.00	2875.00	2876.00	2876.00	2876.00	2877.00	2877.00	2878.00	2878.00	2879.00	2880.00	2880.00	2881.00	2881.00	2882.00	2882.00	2883.00	2883.00	2884.00	2884.00	2884.00	2885.00	2886.00	2886.00	2886.00	2887.00	2887.00	2888.00	2888.00	2888.00	2889.00	2890.00	2890.00	2891.00	2891.00	2891.00	2892.00	2893.00	2893.00	2893.00	2894.00	2894.00	2894.00	2894.00	2895.00	2895.00	2896.00	2896.00	2896.00	2897.00	2897.00	2897.00	2897.00	2897.00	2898.00	2898.00	2898.00	2898.00	2899.00	2899.00	2899.00	2899.00	2900.00	2900.00	2900.00	2901.00	2901.00	2902.00	2902.00	2902.00	2902.00	2903.00	2903.00	2903.00	2904.00	2904.00	2905.00	2905.00	2905.00	2905.00	2905.00	2906.00	2906.00	2906.00	2906.00	2907.00	2907.00	2907.00	2907.00	2907.00	2908.00	2908.00	2908.00
2855.00	2855.00	2855.00	2855.00	2855.00	2855.00	2855.00	2855.00	2855.00	2855.00	2855.00	2855.00	2855.00	2855.00	2855.00	2855.00	2855.00	2855.00	2855.00	2855.00	2855.00	2855.00	2855.00	2855.00	2855.00	2855.00	2856.00	2856.00	2856.00	2856.00	2856.00	2856.00	2856.00	2856.00	2856.00	2857.00	2857.00	2857.00	2857.00	2857.00	2857.00	2857.00	2857.00	2857.00	2857.00	2857.00	2858.00	2858.00	2858.00	2858.00	2858.00	2858.00	2858.00	2858.00	2858.00	2858.00	2858.00	2858.00	2858.00	2858.00	2858.00	2858.00	2858.00	2858.00	2858.00	2858.00	2858.00	2858.00	2858.00	2858.00	2858.00	2858.00	2858.00	2858.00	2858.00	2858.00	2858.00	2858.00	2858.00	2858.00	2858.00	2858.00	2858.00	2858.00	2858.00	2858.00	2858.00	2858.00	2858.00	2858.00	2858.00	2858.00	2858.00	2858.00	2858.00	2858.00	2858.00	2858.00	2858.00	2858.00	2858.00	2858.00	2858.00	2859.00	2859.00	2859.00	2859.00	2859.00	2859.00	2859.00	2859.00	2859.00	2859.00	2859.00	2859.00	2859.00	2859.00	2860.00	2860.00	2860.00	2860.00	2860.00	2860.00	2860.00	2860.00	2860.00	2860.00	2860.00	2860.00	2860.00	2860.00	2860.00	2860.00	2860.00	2861.00	2861.00	2862.00	2862.00	2862.00	2862.00	2863.00	2863.00	2863.00	2864.00	2864.00	2865.00	2865.00	2866.00	2866.00	2867.00	2868.00	2868.00	2868.00	2868.00	2870.00	2870.00	2871.00	2871.00	2871.00	2872.00	2872.00	2873.00	2873.00	2874.00	2875.00	2876.00	2876.00	2876.00	2877.00	2877.00	2878.00	2878.00	2879.00	2880.00	2880.00	2881.00	2881.00	2882.00	2882.00	2883.00	2883.00	2884.00	2884.00	2884.00	2885.00	2886.00	2886.00	2886.00	2887.00	2887.00	2888.00	2888.00	2888.00	2889.00	2890.00	2890.00	2891.00	2891.00	2891.00	2892.00	2893.00	2893.00	2893.00	2894.00	2894.00	2894.00	2894.00	2895.00	2895.00	2896.00	2896.00	2896.00	2897.00	2897.00	2897.00	2897.00	2897.00	2898.00	2898.00	2898.00	2898.00	2899.00	2899.00	2899.00	2899.00	2900.00	2900.00	2900.00	2901.00	2901.00	2902.00	2902.00	2902.00	2902.00	2903.00	2903.00	2903.00	2904.00	2904.00	2905.00	2905.00	2905.00	2905.00	2905.00	2906.00	2906.00	2906.00	2906.00	2907.00	2907.00	2907.00	2907.00	2907.00	2908.00	2908.00	2908.00
2855.00	2855.00	2855.00	2855.00	2855.00	2855.00	2855.00	2855.00	2855.00	2855.00	2855.00	2855.00	2855.00	2855.00	2855.00	2855.00	2855.00	2855.00	2855.00	2855.00	2855.00	2855.00	2855.00	2855.00	2855.00	2855.00	2855.00	2855.00	2856.00	2856.00	2856.00	2856.00	2856.00	2856.00	2856.00	2857.00	2857.00	2857.00	2857.00	2857.00	2857.00	2858.00	2858.00	2858.00	2858.00	2858.00	2858.00	2858.00	2858.00	2859.00	2859.00	2859.00	2859.00	2859.00	2859.00	2859.00	2859.00	2859.00	2859.00	2859.00	2859.00	2859.00	2859.00	2859.00	2859.00	2859.00	2859.00	2859.00	2859.00	2859.00	2859.00	2859.00	2859.00	2859.00	2859.00	2859.00	2860.00	2860.00	2860.00	2860.00	2860.00	2860.00	2860.00	2860.00	2860.00	2860.00	2860.00	2860.00	2860.00	2860.00	2860.00	2860.00	2860.00	2860.00	2860.00	2860.00	2860.00	2860.00	2860.00	2860.00	2860.00	2860.00	2860.00	2860.00	2860.00	2860.00	2860.00	2860.00	2860.00	2861.00	2861.00	2861.00	2861.00	2861.00	2861.00	2861.00	2861.00	2861.00	2861.00	2861.00	2861.00	2861.00	2861.00	2861.00	2862.00	2862.00	2862.00	2862.00	2862.00	2862.00	2862.00	2862.00	2863.00	2863.00	2863.00	2863.00	2864.00	2864.00	2864.00	2864.00	2865.00	2865.00	2865.00	2866.00	2866.00	2867.00	2867.00	2868.00	2868.00	2869.00	2869.00	2869.00	2870.00	2870.00	2872.00	2872.00	2872.00	2872.00	2873.00	2874.00	2874.00	2874.00	2874.00	2875.00	2876.00	2877.00	2877.00	2878.00	2879.00	2879.00	2879.00	2879.00	2880.00	2881.00	2881.00	2882.00	2883.00	2883.00	2883.00	2884.00	2884.00	2885.00	2885.00	2885.00	2886.00	2887.00	2887.00	2887.00	2888.00	2888.00	2889.00	2889.00	2889.00	2890.00	2891.00	2891.00	2891.00	2892.00	2892.00	2892.00	2893.00	2893.00	2894.00	2894.00	2894.00	2894.00	2894.00	2895.00	2895.00	2895.00	2895.00	2896.00	2896.00	2896.00	2897.00	2897.00	2897.00	2898.00	2898.00	2898.00	2899.00	2899.00	2899.00	2899.00	2899.00	2900.00	2900.00	2900.00	2901.00	2901.00	2902.00	2902.00	2902.00	2902.00	2903.00	2903.00	2903.00	2904.00	2904.00	2904.00	2904.00	2905.00	2905.00	2905.00	2906.00	2906.00	2906.00	2906.00	2906.00	2906.00	2907.00	2907.00	2907.00	2907.00	2907.00	2908.00
2855.00	2855.00	2855.00	2855.00	2855.00	2855.00	2855.00	2855.00	2855.00	2855.00	2855.00	2855.00	2855.00	2855.00	2855.00	2855.00	2855.00	2855.00	2855.00	2855.00	2855.00	2855.00	2855.00	2855.00	2855.00	2855.00	2855.00	2855.00	2856.00	2856.00	2856.00	2856.00	2856.00	2856.00	2856.00	2857.00	2857.00	2857.00	2857.00	2857.00	2857.00	2858.00	2858.00	2858.00	2858.00	2858.00	2858.00	2858.00	2858.00	2859.00	2859.00	2859.00	2859.00	2859.00	2859.00	2859.00	2859.00	2859.00	2859.00	2859.00	2859.00	2859.00	2859.00	2859.00	2859.00	2859.00	2859.00	2859.00	2859.00	2859.00	2859.00	2859.00	2859.00	2859.00	2859.00	2859.00	2860.00	2860.00	2860.00	2860.00	2860.00	2860.00	2860.00	2860.00	2860.00	2860.00	2860.00	2860.00	2860.00	2860.00	2860.00	2860.00	2860.00	2860.00	2860.00	2860.00	2860.00	2860.00	2860.00	2860.00	2860.00	2860.00	2860.00	2860.00	2860.00	2860.00	2860.00	2860.00	2860.00	2861.00	2861.00	2861.00	2861.00	2861.00	2861.00	2861.00	2861.00	2861.00	2861.00	2861.00	2861.00	2861.00	2861.00	2861.00	2862.00	2862.00	2862.00	2862.00	2862.00	2862.00	2862.00	2862.00	2863.00	2863.00	2863.00	2863.00	2864.00	2864.00	2864.00	2864.00	2865.00	2865.00	2865.00	2866.00	2866.00	2867.00	2867.00	2868.00	2868.00	2869.00	2869.00	2869.00	2870.00	2870.00	2872.00	2872.00	2872.00	2872.00	2873.00	2874.00	2874.00	2874.00	2874.00	2875.00	2876.00	2877.00	2877.00	2878.00	2879.00	2879.00	2879.00	2879.00	2880.00	2881.00	2881.00	2882.00	2883.00	2883.00	2883.00	2884.00	2884.00	2885.00	2885.00	2885.00	2886.00	2887.00	2887.00	2887.00	2888.00	2888.00	2889.00	2889.00	2889.00	2890.00	2891.00	2891.00	2891.00	2892.00	2892.00	2892.00	2893.00	2893.00	2894.00	2894.00	2894.00	2894.00	2894.00	2895.00	2895.00	2895.00	2895.00	2896.00	2896.00	2896.00	2897.00	2897.00	2897.00	2898.00	2898.00	2898.00	2899.00	2899.00	2899.00	2899.00	2899.00	2900.00	2900.00	2900.00	2901.00	2901.00	2902.00	2902.00	2902.00	2902.00	2903.00	2903.00	2903.00	2904.00	2904.00	2904.00	2904.00	2905.00	2905.00	2905.00	2906.00	2906.00	2906.00	2906.00	2906.00	2906.00	2907.00	2907.00	2907.00	2907.00	2907.00	2908.00
2855.00	2855.00	2855.00	2855.00	2855.00	2855.00	2855.00	2855.00	2855.00	2855.00	2855.00	2855.00	2855.00	2855.00	2855.00	2855.00	2855.00	2855.00	2855.00	2855.00	2855.00	2855.00	2855.00	2855.00	2855.00	2855.00	2855.00	2855.00	2856.00	2856.00	2856.00	2856.00	2856.00	2856.00	2856.00	2857.00	2857.00	2857.00	2857.00	2857.00	2857.00	2858.00	2858.00	2858.00	2858.00	2858.00	2858.00	2858.00	2858.00	2859.00	2859.00	2859.00	2859.00	2859.00	2859.00	2859.00	2859.00	2859.00	2859.00	2859.00	2859.00	2859.00	2859.00	2859.00	2859.00	2859.00	2859.00	2859.00	2859.00	2859.00	2859.00	2859.00	2859.00	2859.00	2859.00	2859.00	2860.00	2860.00	2860.00	2860.00	2860.00	2860.00	2860.00	2860.00	2860.00	2860.00	2860.00	2860.00	2860.00	2860.00	2860.00	2860.00	2860.00	2860.00	2860.00	2860.00	2860.00	2860.00	2860.00	2860.00	2860.00	2860.00	2860.00	2860.00	2860.00	2860.00	2860.00	2860.00	2860.00	2861.00	2861.00	2861.00	2861.00	2861.00	2861.00	2861.00	2861.00	2861.00	2861.00	2861.00	2861.00	2861.00	2861.00	2861.00	2862.00	2862.00	2862.00	2862.00	2862.00	2862.00	2862.00	2862.00	2863.00	2863.00	2863.00	2863.00	2864.00	2864.00	2864.00	2864.00	2865.00	2865.00	2865.00	2866.00	2866.00	2867.00	2867.00	2868.00	2868.00	2869.00	2869.00	2869.00	2870.00	2870.00	2872.00	2872.00	2872.00	2872.00	2873.00	2874.00	2874.00	2874.00	2874.00	2875.00	2876.00	2877.00	2877.00	2878.00	2879.00	2879.00	2879.00	2879.00	2880.00	2881.00	2881.00	2882.00	2883.00	2883.00	2883.00	2884.00	2884.00	2885.00	2885.00	2885.00	2886.00	2887.00	2887.00	2887.00	2888.00	2888.00	2889.00	2889.00	2889.00	2890.00	2891.00	2891.00	2891.00	2892.00	2892.00	2892.00	2893.00	2893.00	2894.00	2894.00	2894.00	2894.00	2894.00	2895.00	2895.00	2895.00	2895.00	2896.00	2896.00	2896.00	2897.00	2897.00	2897.00	2898.00	2898.00	2898.00	2899.00	2899.00	2899.00	2899.00	2899.00	2900.00	2900.00	2900.00	2901.00	2901.00	2902.00	2902.00	2902.00	2902.00	2903.00	2903.00	2903.00	2904.00	2904.00	2904.00	2904.00	2905.00	2905.00	2905.00	2906.00	2906.00	2906.00	2906.00	2906.00	2906.00	2907.00	2907.00	2907.00	2907.00	2907.00	2908.00
2855.00	2855.00	2855.00	2855.00	2855.00	2855.00	2855.00	2855.00	2855.00	2855.00	2855.00	2855.00	2855.00	2855.00	2855.00	2855.00	2855.00	2855.00	2855.00	2855.00	2855.00	2855.00	2855.00	2855.00	2855.00	2855.00	2855.00	2855.00	2856.00	2856.00	2856.00	2856.00	2856.00	2856.00	2856.00	2857.00	2857.00	2857.00	2857.00	2857.00	2857.00	2858.00	2858.00	2858.00	2858.00	2858.00	2858.00	2858.00	2858.00	2859.00	2859.00	2859.00	2859.00	2859.00	2859.00	2859.00	2859.00	2859.00	2859.00	2859.00	2859.00	2859.00	2859.00	2859.00	2859.00	2859.00	2859.00	2859.00	2859.00	2859.00	2859.00	2859.00	2859.00	2859.00	2859.00	2859.00	2860.00	2860.00	2860.00	2860.00	2860.00	2860.00	2860.00	2860.00	2860.00	2860.00	2860.00	2860.00	2860.00	2860.00	2860.00	2860.00	2860.00	2860.00	2860.00	2860.00	2860.00	2860.00	2860.00	2860.00	2860.00	2860.00	2860.00	2860.00	2860.00	2860.00	2860.00	2860.00	2860.00	2861.00	2861.00	2861.00	2861.00	2861.00	2861.00	2861.00	2861.00	2861.00	2861.00	2861.00	2861.00	2861.00	2861.00	2861.00	2862.00	2862.00	2862.00	2862.00	2862.00	2862.00	2862.00	2862.00	2863.00	2863.00	2863.00	2863.00	2864.00	2864.00	2864.00	2864.00	2865.00	2865.00	2865.00	2866.00	2866.00	2867.00	2867.00	2868.00	2868.00	2869.00	2869.00	2869.00	2870.00	2870.00	2872.00	2872.00	2872.00	2872.00	2873.00	2874.00	2874.00	2874.00	2874.00	2875.00	2876.00	2877.00	2877.00	2878.00	2879.00	2879.00	2879.00	2879.00	2880.00	2881.00	2881.00	2882.00	2883.00	2883.00	2883.00	2884.00	2884.00	2885.00	2885.00	2885.00	2886.00	2887.00	2887.00	2887.00	2888.00	2888.00	2889.00	2889.00	2889.00	2890.00	2891.00	2891.00	2891.00	2892.00	2892.00	2892.00	2893.00	2893.00	2894.00	2894.00	2894.00	2894.00	2894.00	2895.00	2895.00	2895.00	2895.00	2896.00	2896.00	2896.00	2897.00	2897.00	2897.00	2898.00	2898.00	2898.00	2899.00	2899.00	2899.00	2899.00	2899.00	2900.00	2900.00	2900.00	2901.00	2901.00	2902.00	2902.00	2902.00	2902.00	2903.00	2903.00	2903.00	2904.00	2904.00	2904.00	2904.00	2905.00	2905.00	2905.00	2906.00	2906.00	2906.00	2906.00	2906.00	2906.00	2907.00	2907.00	2907.00	2907.00	2907.00	2908.00
2855.00	2855.00	2855.00	2855.00	2855.00	2855.00	2855.00	2855.00	2855.00	2855.00	2855.00	2855.00	2855.00	2855.00	2855.00	2855.00	2855.00	2855.00	2855.00	2855.00	2855.00	2855.00	2855.00	2855.00	2855.00	2855.00	2855.00	2855.00	2856.00	2856.00	2856.00	2856.00	2856.00	2856.00	2856.00	2857.00	2857.00	2857.00	2857.00	2857.00	2857.00	2858.00	2858.00	2858.00	2858.00	2858.00	2858.00	2858.00	2858.00	2859.00	2859.00	2859.00	2859.00	2859.00	2859.00	2859.00	2859.00	2859.00	2859.00	2859.00	2859.00	2859.00	2859.00	2859.00	2859.00	2859.00	2859.00	2859.00	2859.00	2859.00	2859.00	2859.00	2859.00	2859.00	2859.00	2859.00	2860.00	2860.00	2860.00	2860.00	2860.00	2860.00	2860.00	2860.00	2860.00	2860.00	2860.00	2860.00	2860.00	2860.00	2860.00	2860.00	2860.00	2860.00	2860.00	2860.00	2860.00	2860.00	2860.00	2860.00	2860.00	2860.00	2860.00	2860.00	2860.00	2860.00	2860.00	2860.00	2860.00	2861.00	2861.00	2861.00	2861.00	2861.00	2861.00	2861.00	2861.00	2861.00	2861.00	2861.00	2861.00	2861.00	2861.00	2861.00	2862.00	2862.00	2862.00	2862.00	2862.00	2862.00	2862.00	2862.00	2863.00	2863.00	2863.00	2863.00	2864.00	2864.00	2864.00	2864.00	2865.00	2865.00	2865.00	2866.00	2866.00	2867.00	2867.00	2868.00	2868.00	2869.00	2869.00	2869.00	2870.00	2870.00	2872.00	2872.00	2872.00	2872.00	2873.00	2874.00	2874.00	2874.00	2874.00	2875.00	2876.00	2877.00	2877.00	2878.00	2879.00	2879.00	2879.00	2879.00	2880.00	2881.00	2881.00	2882.00	2883.00	2883.00	2883.00	2884.00	2884.00	2885.00	2885.00	2885.00	2886.00	2887.00	2887.00	2887.00	2888.00	2888.00	2889.00	2889.00	2889.00	2890.00	2891.00	2891.00	2891.00	2892.00	2892.00	2892.00	2893.00	2893.00	2894.00	2894.00	2894.00	2894.00	2894.00	2895.00	2895.00	2895.00	2895.00	2896.00	2896.00	2896.00	2897.00	2897.00	2897.00	2898.00	2898.00	2898.00	2899.00	2899.00	2899.00	2899.00	2899.00	2900.00	2900.00	2900.00	2901.00	2901.00	2902.00	2902.00	2902.00	2902.00	2903.00	2903.00	2903.00	2904.00	2904.00	2904.00	2904.00	2905.00	2905.00	2905.00	2906.00	2906.00	2906.00	2906.00	2906.00	2906.00	2907.00	2907.00	2907.00	2907.00	2907.00	2908.00
2855.00	2855.00	2855.00	2855.00	2855.00	2855.00	2855.00	2855.00	2855.00	2855.00	2855.00	2855.00	2855.00	2855.00	2855.00	2855.00	2855.00	2855.00	2855.00	2855.00	2855.00	2855.00	2855.00	2855.00	2855.00	2855.00	2855.00	2855.00	2856.00	2856.00	2856.00	2856.00	2856.00	2856.00	2856.00	2857.00	2857.00	2857.00	2857.00	2857.00	2857.00	2858.00	2858.00	2858.00	2858.00	2858.00	2858.00	2858.00	2858.00	2859.00	2859.00	2859.00	2859.00	2859.00	2859.00	2859.00	2859.00	2859.00	2859.00	2859.00	2859.00	2859.00	2859.00	2859.00	2859.00	2859.00	2859.00	2859.00	2859.00	2859.00	2859.00	2859.00	2859.00	2859.00	2859.00	2859.00	2860.00	2860.00	2860.00	2860.00	2860.00	2860.00	2860.00	2860.00	2860.00	2860.00	2860.00	2860.00	2860.00	2860.00	2860.00	2860.00	2860.00	2860.00	2860.00	2860.00	2860.00	2860.00	2860.00	2860.00	2860.00	2860.00	2860.00	2860.00	2860.00	2860.00	2860.00	2860.00	2860.00	2861.00	2861.00	2861.00	2861.00	2861.00	2861.00	2861.00	2861.00	2861.00	2861.00	2861.00	2861.00	2861.00	2861.00	2861.00	2862.00	2862.00	2862.00	2862.00	2862.00	2862.00	2862.00	2862.00	2863.00	2863.00	2863.00	2863.00	2864.00	2864.00	2864.00	2864.00	2865.00	2865.00	2865.00	2866.00	2866.00	2867.00	2867.00	2868.00	2868.00	2869.00	2869.00	2869.00	2870.00	2870.00	2872.00	2872.00	2872.00	2872.00	2873.00	2874.00	2874.00	2874.00	2874.00	2875.00	2876.00	2877.00	2877.00	2878.00	2879.00	2879.00	2879.00	2879.00	2880.00	2881.00	2881.00	2882.00	2883.00	2883.00	2883.00	2884.00	2884.00	2885.00	2885.00	2885.00	2886.00	2887.00	2887.00	2887.00	2888.00	2888.00	2889.00	2889.00	2889.00	2890.00	2891.00	2891.00	2891.00	2892.00	2892.00	2892.00	2893.00	2893.00	2894.00	2894.00	2894.00	2894.00	2894.00	2895.00	2895.00	2895.00	2895.00	2896.00	2896.00	2896.00	2897.00	2897.00	2897.00	2898.00	2898.00	2898.00	2899.00	2899.00	2899.00	2899.00	2899.00	2900.00	2900.00	2900.00	2901.00	2901.00	2902.00	2902.00	2902.00	2902.00	2903.00	2903.00	2903.00	2904.00	2904.00	2904.00	2904.00	2905.00	2905.00	2905.00	2906.00	2906.00	2906.00	2906.00	2906.00	2906.00	2907.00	2907.00	2907.00	2907.00	2907.00	2908.00
2855.00	2855.00	2855.00	2855.00	2855.00	2855.00	2855.00	2855.00	2855.00	2855.00	2855.00	2855.00	2855.00	2855.00	2855.00	2855.00	2855.00	2855.00	2855.00	2855.00	2855.00	2855.00	2855.00	2855.00	2855.00	2855.00	2855.00	2855.00	2856.00	2856.00	2856.00	2856.00	2856.00	2856.00	2856.00	2857.00	2857.00	2857.00	2857.00	2857.00	2857.00	2858.00	2858.00	2858.00	2858.00	2858.00	2858.00	2858.00	2858.00	2859.00	2859.00	2859.00	2859.00	2859.00	2859.00	2859.00	2859.00	2859.00	2859.00	2859.00	2859.00	2859.00	2859.00	2859.00	2859.00	2859.00	2859.00	2859.00	2859.00	2859.00	2859.00	2859.00	2859.00	2859.00	2859.00	2859.00	2860.00	2860.00	2860.00	2860.00	2860.00	2860.00	2860.00	2860.00	2860.00	2860.00	2860.00	2860.00	2860.00	2860.00	2860.00	2860.00	2860.00	2860.00	2860.00	2860.00	2860.00	2860.00	2860.00	2860.00	2860.00	2860.00	2860.00	2860.00	2860.00	2860.00	2860.00	2860.00	2860.00	2861.00	2861.00	2861.00	2861.00	2861.00	2861.00	2861.00	2861.00	2861.00	2861.00	2861.00	2861.00	2861.00	2861.00	2861.00	2862.00	2862.00	2862.00	2862.00	2862.00	2862.00	2862.00	2862.00	2863.00	2863.00	2863.00	2863.00	2864.00	2864.00	2864.00	2864.00	2865.00	2865.00	2865.00	2866.00	2866.00	2867.00	2867.00	2868.00	2868.00	2869.00	2869.00	2869.00	2870.00	2870.00	2872.00	2872.00	2872.00	2872.00	2873.00	2874.00	2874.00	2874.00	2874.00	2875.00	2876.00	2877.00	2877.00	2878.00	2879.00	2879.00	2879.00	2879.00	2880.00	2881.00	2881.00	2882.00	2883.00	2883.00	2883.00	2884.00	2884.00	2885.00	2885.00	2885.00	2886.00	2887.00	2887.00	2887.00	2888.00	2888.00	2889.00	2889.00	2889.00	2890.00	2891.00	2891.00	2891.00	2892.00	2892.00	2892.00	2893.00	2893.00	2894.00	2894.00	2894.00	2894.00	2894.00	2895.00	2895.00	2895.00	2895.00	2896.00	2896.00	2896.00	2897.00	2897.00	2897.00	2898.00	2898.00	2898.00	2899.00	2899.00	2899.00	2899.00	2899.00	2900.00	2900.00	2900.00	2901.00	2901.00	2902.00	2902.00	2902.00	2902.00	2903.00	2903.00	2903.00	2904.00	2904.00	2904.00	2904.00	2905.00	2905.00	2905.00	2906.00	2906.00	2906.00	2906.00	2906.00	2906.00	2907.00	2907.00	2907.00	2907.00	2907.00	2908.00
2855.00	2855.00	2855.00	2855.00	2855.00	2855.00	2855.00	2855.00	2855.00	2855.00	2855.00	2855.00	2855.00	2855.00	2855.00	2855.00	2855.00	2855.00	2855.00	2855.00	2855.00	2855.00	2855.00	2855.00	2855.00	2855.00	2855.00	2855.00	2856.00	2856.00	2856.00	2856.00	2856.00	2856.00	2856.00	2857.00	2857.00	2857.00	2857.00	2857.00	2857.00	2858.00	2858.00	2858.00	2858.00	2858.00	2858.00	2858.00	2858.00	2859.00	2859.00	2859.00	2859.00	2859.00	2859.00	2859.00	2859.00	2859.00	2859.00	2859.00	2859.00	2859.00	2859.00	2859.00	2859.00	2859.00	2859.00	2859.00	2859.00	2859.00	2859.00	2859.00	2859.00	2859.00	2859.00	2859.00	2860.00	2860.00	2860.00	2860.00	2860.00	2860.00	2860.00	2860.00	2860.00	2860.00	2860.00	2860.00	2860.00	2860.00	2860.00	2860.00	2860.00	2860.00	2860.00	2860.00	2860.00	2860.00	2860.00	2860.00	2860.00	2860.00	2860.00	2860.00	2860.00	2860.00	2860.00	2860.00	2860.00	2861.00	2861.00	2861.00	2861.00	2861.00	2861.00	2861.00	2861.00	2861.00	2861.00	2861.00	2861.00	2861.00	2861.00	2861.00	2862.00	2862.00	2862.00	2862.00	2862.00	2862.00	2862.00	2862.00	2863.00	2863.00	2863.00	2863.00	2864.00	2864.00	2864.00	2864.00	2865.00	2865.00	2865.00	2866.00	2866.00	2867.00	2867.00	2868.00	2868.00	2869.00	2869.00	2869.00	2870.00	2870.00	2872.00	2872.00	2872.00	2872.00	2873.00	2874.00	2874.00	2874.00	2874.00	2875.00	2876.00	2877.00	2877.00	2878.00	2879.00	2879.00	2879.00	2879.00	2880.00	2881.00	2881.00	2882.00	2883.00	2883.00	2883.00	2884.00	2884.00	2885.00	2885.00	2885.00	2886.00	2887.00	2887.00	2887.00	2888.00	2888.00	2889.00	2889.00	2889.00	2890.00	2891.00	2891.00	2891.00	2892.00	2892.00	2892.00	2893.00	2893.00	2894.00	2894.00	2894.00	2894.00	2894.00	2895.00	2895.00	2895.00	2895.00	2896.00	2896.00	2896.00	2897.00	2897.00	2897.00	2898.00	2898.00	2898.00	2899.00	2899.00	2899.00	2899.00	2899.00	2900.00	2900.00	2900.00	2901.00	2901.00	2902.00	2902.00	2902.00	2902.00	2903.00	2903.00	2903.00	2904.00	2904.00	2904.00	2904.00	2905.00	2905.00	2905.00	2906.00	2906.00	2906.00	2906.00	2906.00	2906.00	2907.00	2907.00	2907.00	2907.00	2907.00	2908.00
2855.00	2855.00	2855.00	2855.00	2855.00	2855.00	2855.00	2855.00	2855.00	2855.00	2855.00	2855.00	2855.00	2855.00	2855.00	2855.00	2855.00	2855.00	2855.00	2855.00	2855.00	2855.00	2855.00	2855.00	2855.00	2855.00	2855.00	2855.00	2856.00	2856.00	2856.00	2856.00	2856.00	2856.00	2856.00	2857.00	2857.00	2857.00	2857.00	2857.00	2857.00	2858.00	2858.00	2858.00	2858.00	2858.00	2858.00	2858.00	2858.00	2859.00	2859.00	2859.00	2859.00	2859.00	2859.00	2859.00	2859.00	2859.00	2859.00	2859.00	2859.00	2859.00	2859.00	2859.00	2859.00	2859.00	2859.00	2859.00	2859.00	2859.00	2859.00	2859.00	2859.00	2859.00	2859.00	2859.00	2860.00	2860.00	2860.00	2860.00	2860.00	2860.00	2860.00	2860.00	2860.00	2860.00	2860.00	2860.00	2860.00	2860.00	2860.00	2860.00	2860.00	2860.00	2860.00	2860.00	2860.00	2860.00	2860.00	2860.00	2860.00	2860.00	2860.00	2860.00	2860.00	2860.00	2860.00	2860.00	2860.00	2861.00	2861.00	2861.00	2861.00	2861.00	2861.00	2861.00	2861.00	2861.00	2861.00	2861.00	2861.00	2861.00	2861.00	2861.00	2862.00	2862.00	2862.00	2862.00	2862.00	2862.00	2862.00	2862.00	2863.00	2863.00	2863.00	2863.00	2864.00	2864.00	2864.00	2864.00	2865.00	2865.00	2865.00	2866.00	2866.00	2867.00	2867.00	2868.00	2868.00	2869.00	2869.00	2869.00	2870.00	2870.00	2872.00	2872.00	2872.00	2872.00	2873.00	2874.00	2874.00	2874.00	2874.00	2875.00	2876.00	2877.00	2877.00	2878.00	2879.00	2879.00	2879.00	2879.00	2880.00	2881.00	2881.00	2882.00	2883.00	2883.00	2883.00	2884.00	2884.00	2885.00	2885.00	2885.00	2886.00	2887.00	2887.00	2887.00	2888.00	2888.00	2889.00	2889.00	2889.00	2890.00	2891.00	2891.00	2891.00	2892.00	2892.00	2892.00	2893.00	2893.00	2894.00	2894.00	2894.00	2894.00	2894.00	2895.00	2895.00	2895.00	2895.00	2896.00	2896.00	2896.00	2897.00	2897.00	2897.00	2898.00	2898.00	2898.00	2899.00	2899.00	2899.00	2899.00	2899.00	2900.00	2900.00	2900.00	2901.00	2901.00	2902.00	2902.00	2902.00	2902.00	2903.00	2903.00	2903.00	2904.00	2904.00	2904.00	2904.00	2905.00	2905.00	2905.00	2906.00	2906.00	2906.00	2906.00	2906.00	2906.00	2907.00	2907.00	2907.00	2907.00	2907.00	2908.00
2855.00	2855.00	2855.00	2855.00	2855.00	2855.00	2855.00	2855.00	2855.00	2855.00	2855.00	2855.00	2855.00	2855.00	2855.00	2855.00	2855.00	2855.00	2855.00	2855.00	2855.00	2855.00	2855.00	2855.00	2855.00	2855.00	2855.00	2855.00	2856.00	2856.00	2856.00	2856.00	2856.00	2856.00	2856.00	2857.00	2857.00	2857.00	2857.00	2857.00	2857.00	2858.00	2858.00	2858.00	2858.00	2858.00	2858.00	2859.00	2859.00	2859.00	2859.00	2860.00	2860.00	2860.00	2860.00	2860.00	2860.00	2860.00	2860.00	2860.00	2860.00	2860.00	2860.00	2860.00	2860.00	2860.00	2860.00	2860.00	2860.00	2860.00	2860.00	2860.00	2860.00	2860.00	2860.00	2860.00	2860.00	2860.00	2860.00	2860.00	2860.00	2860.00	2860.00	2861.00	2861.00	2861.00	2861.00	2861.00	2861.00	2861.00	2861.00	2861.00	2861.00	2861.00	2861.00	2861.00	2861.00	2861.00	2861.00	2861.00	2861.00	2861.00	2861.00	2861.00	2861.00	2861.00	2861.00	2861.00	2862.00	2862.00	2862.00	2862.00	2862.00	2862.00	2862.00	2862.00	2862.00	2863.00	2863.00	2863.00	2863.00	2863.00	2863.00	2863.00	2863.00	2863.00	2864.00	2864.00	2864.00	2864.00	2864.00	2865.00	2865.00	2865.00	2865.00	2866.00	2866.00	2866.00	2867.00	2867.00	2868.00	2868.00	2868.00	2869.00	2869.00	2870.00	2870.00	2870.00	2870.00	2871.00	2871.00	2871.00	2872.00	2872.00	2873.00	2873.00	2874.00	2874.00	2875.00	2875.00	2875.00	2876.00	2876.00	2877.00	2878.00	2878.00	2878.00	2879.00	2880.00	2880.00	2881.00	2881.00	2881.00	2882.00	2882.00	2883.00	2884.00	2885.00	2885.00	2885.00	2885.00	2886.00	2887.00	2887.00	2888.00	2888.00	2889.00	2889.00	2889.00	2889.00	2890.00	2891.00	2891.00	2891.00	2892.00	2892.00	2892.00	2893.00	2893.00	2893.00	2894.00	2894.00	2894.00	2895.00	2895.00	2895.00	2895.00	2895.00	2896.00	2896.00	2896.00	2896.00	2897.00	2897.00	2897.00	2897.00	2897.00	2897.00	2898.00	2898.00	2898.00	2899.00	2899.00	2899.00	2899.00	2899.00	2900.00	2900.00	2900.00	2901.00	2901.00	2901.00	2901.00	2901.00	2902.00	2902.00	2902.00	2903.00	2903.00	2904.00	2904.00	2904.00	2904.00	2904.00	2905.00	2905.00	2905.00	2905.00	2905.00	2906.00	2906.00	2906.00	2906.00	2907.00	2907.00	2907.00
2855.00	2855.00	2855.00	2855.00	2855.00	2855.00	2855.00	2855.00	2855.00	2855.00	2855.00	2855.00	2855.00	2855.00	2855.00	2855.00	2855.00	2855.00	2855.00	2855.00	2855.00	2855.00	2855.00	2855.00	2855.00	2855.00	2855.00	2855.00	2856.00	2856.00	2856.00	2856.00	2856.00	2856.00	2856.00	2857.00	2857.00	2857.00	2857.00	2857.00	2857.00	2858.00	2858.00	2858.00	2858.00	2858.00	2858.00	2859.00	2859.00	2859.00	2859.00	2860.00	2860.00	2860.00	2860.00	2860.00	2860.00	2860.00	2860.00	2860.00	2860.00	2860.00	2860.00	2860.00	2860.00	2860.00	2860.00	2860.00	2860.00	2860.00	2860.00	2860.00	2860.00	2860.00	2860.00	2860.00	2860.00	2860.00	2860.00	2860.00	2860.00	2860.00	2860.00	2861.00	2861.00	2861.00	2861.00	2861.00	2861.00	2861.00	2861.00	2861.00	2861.00	2861.00	2861.00	2861.00	2861.00	2861.00	2861.00	2861.00	2861.00	2861.00	2861.00	2861.00	2861.00	2861.00	2861.00	2861.00	2862.00	2862.00	2862.00	2862.00	2862.00	2862.00	2862.00	2862.00	2862.00	2863.00	2863.00	2863.00	2863.00	2863.00	2863.00	2863.00	2863.00	2863.00	2864.00	2864.00	2864.00	2864.00	2864.00	2865.00	2865.00	2865.00	2865.00	2866.00	2866.00	2866.00	2867.00	2867.00	2868.00	2868.00	2868.00	2869.00	2869.00	2870.00	2870.00	2870.00	2870.00	2871.00	2871.00	2871.00	2872.00	2872.00	2873.00	2873.00	2874.00	2874.00	2875.00	2875.00	2875.00	2876.00	2876.00	2877.00	2878.00	2878.00	2878.00	2879.00	2880.00	2880.00	2881.00	2881.00	2881.00	2882.00	2882.00	2883.00	2884.00	2885.00	2885.00	2885.00	2885.00	2886.00	2887.00	2887.00	2888.00	2888.00	2889.00	2889.00	2889.00	2889.00	2890.00	2891.00	2891.00	2891.00	2892.00	2892.00	2892.00	2893.00	2893.00	2893.00	2894.00	2894.00	2894.00	2895.00	2895.00	2895.00	2895.00	2895.00	2896.00	2896.00	2896.00	2896.00	2897.00	2897.00	2897.00	2897.00	2897.00	2897.00	2898.00	2898.00	2898.00	2899.00	2899.00	2899.00	2899.00	2899.00	2900.00	2900.00	2900.00	2901.00	2901.00	2901.00	2901.00	2901.00	2902.00	2902.00	2902.00	2903.00	2903.00	2904.00	2904.00	2904.00	2904.00	2904.00	2905.00	2905.00	2905.00	2905.00	2905.00	2906.00	2906.00	2906.00	2906.00	2907.00	2907.00	2907.00
2855.00	2855.00	2855.00	2855.00	2855.00	2855.00	2855.00	2855.00	2855.00	2855.00	2855.00	2855.00	2855.00	2855.00	2855.00	2855.00	2855.00	2855.00	2855.00	2855.00	2855.00	2855.00	2855.00	2855.00	2855.00	2855.00	2855.00	2855.00	2856.00	2856.00	2856.00	2856.00	2856.00	2856.00	2856.00	2857.00	2857.00	2857.00	2857.00	2857.00	2857.00	2858.00	2858.00	2858.00	2858.00	2858.00	2858.00	2859.00	2859.00	2859.00	2859.00	2860.00	2860.00	2860.00	2860.00	2860.00	2860.00	2860.00	2860.00	2860.00	2860.00	2860.00	2860.00	2860.00	2860.00	2860.00	2860.00	2860.00	2860.00	2860.00	2860.00	2860.00	2860.00	2860.00	2860.00	2860.00	2860.00	2860.00	2860.00	2860.00	2860.00	2860.00	2860.00	2861.00	2861.00	2861.00	2861.00	2861.00	2861.00	2861.00	2861.00	2861.00	2861.00	2861.00	2861.00	2861.00	2861.00	2861.00	2861.00	2861.00	2861.00	2861.00	2861.00	2861.00	2861.00	2861.00	2861.00	2861.00	2862.00	2862.00	2862.00	2862.00	2862.00	2862.00	2862.00	2862.00	2862.00	2863.00	2863.00	2863.00	2863.00	2863.00	2863.00	2863.00	2863.00	2863.00	2864.00	2864.00	2864.00	2864.00	2864.00	2865.00	2865.00	2865.00	2865.00	2866.00	2866.00	2866.00	2867.00	2867.00	2868.00	2868.00	2868.00	2869.00	2869.00	2870.00	2870.00	2870.00	2870.00	2871.00	2871.00	2871.00	2872.00	2872.00	2873.00	2873.00	2874.00	2874.00	2875.00	2875.00	2875.00	2876.00	2876.00	2877.00	2878.00	2878.00	2878.00	2879.00	2880.00	2880.00	2881.00	2881.00	2881.00	2882.00	2882.00	2883.00	2884.00	2885.00	2885.00	2885.00	2885.00	2886.00	2887.00	2887.00	2888.00	2888.00	2889.00	2889.00	2889.00	2889.00	2890.00	2891.00	2891.00	2891.00	2892.00	2892.00	2892.00	2893.00	2893.00	2893.00	2894.00	2894.00	2894.00	2895.00	2895.00	2895.00	2895.00	2895.00	2896.00	2896.00	2896.00	2896.00	2897.00	2897.00	2897.00	2897.00	2897.00	2897.00	2898.00	2898.00	2898.00	2899.00	2899.00	2899.00	2899.00	2899.00	2900.00	2900.00	2900.00	2901.00	2901.00	2901.00	2901.00	2901.00	2902.00	2902.00	2902.00	2903.00	2903.00	2904.00	2904.00	2904.00	2904.00	2904.00	2905.00	2905.00	2905.00	2905.00	2905.00	2906.00	2906.00	2906.00	2906.00	2907.00	2907.00	2907.00
2855.00	2855.00	2855.00	2855.00	2855.00	2855.00	2855.00	2855.00	2855.00	2855.00	2855.00	2855.00	2855.00	2855.00	2855.00	2855.00	2855.00	2855.00	2855.00	2855.00	2855.00	2855.00	2855.00	2855.00	2855.00	2855.00	2855.00	2855.00	2856.00	2856.00	2856.00	2856.00	2856.00	2856.00	2856.00	2857.00	2857.00	2857.00	2857.00	2857.00	2857.00	2858.00	2858.00	2858.00	2858.00	2858.00	2858.00	2859.00	2859.00	2859.00	2859.00	2860.00	2860.00	2860.00	2860.00	2860.00	2860.00	2860.00	2860.00	2860.00	2860.00	2860.00	2860.00	2860.00	2860.00	2860.00	2860.00	2860.00	2860.00	2860.00	2860.00	2860.00	2860.00	2860.00	2860.00	2860.00	2860.00	2860.00	2860.00	2860.00	2860.00	2860.00	2860.00	2861.00	2861.00	2861.00	2861.00	2861.00	2861.00	2861.00	2861.00	2861.00	2861.00	2861.00	2861.00	2861.00	2861.00	2861.00	2861.00	2861.00	2861.00	2861.00	2861.00	2861.00	2861.00	2861.00	2861.00	2861.00	2862.00	2862.00	2862.00	2862.00	2862.00	2862.00	2862.00	2862.00	2862.00	2863.00	2863.00	2863.00	2863.00	2863.00	2863.00	2863.00	2863.00	2863.00	2864.00	2864.00	2864.00	2864.00	2864.00	2865.00	2865.00	2865.00	2865.00	2866.00	2866.00	2866.00	2867.00	2867.00	2868.00	2868.00	2868.00	2869.00	2869.00	2870.00	2870.00	2870.00	2870.00	2871.00	2871.00	2871.00	2872.00	2872.00	2873.00	2873.00	2874.00	2874.00	2875.00	2875.00	2875.00	2876.00	2876.00	2877.00	2878.00	2878.00	2878.00	2879.00	2880.00	2880.00	2881.00	2881.00	2881.00	2882.00	2882.00	2883.00	2884.00	2885.00	2885.00	2885.00	2885.00	2886.00	2887.00	2887.00	2888.00	2888.00	2889.00	2889.00	2889.00	2889.00	2890.00	2891.00	2891.00	2891.00	2892.00	2892.00	2892.00	2893.00	2893.00	2893.00	2894.00	2894.00	2894.00	2895.00	2895.00	2895.00	2895.00	2895.00	2896.00	2896.00	2896.00	2896.00	2897.00	2897.00	2897.00	2897.00	2897.00	2897.00	2898.00	2898.00	2898.00	2899.00	2899.00	2899.00	2899.00	2899.00	2900.00	2900.00	2900.00	2901.00	2901.00	2901.00	2901.00	2901.00	2902.00	2902.00	2902.00	2903.00	2903.00	2904.00	2904.00	2904.00	2904.00	2904.00	2905.00	2905.00	2905.00	2905.00	2905.00	2906.00	2906.00	2906.00	2906.00	2907.00	2907.00	2907.00
2855.00	2855.00	2855.00	2855.00	2855.00	2855.00	2855.00	2855.00	2855.00	2855.00	2855.00	2855.00	2855.00	2855.00	2855.00	2855.00	2855.00	2855.00	2855.00	2855.00	2855.00	2855.00	2855.00	2855.00	2855.00	2855.00	2855.00	2855.00	2856.00	2856.00	2856.00	2856.00	2856.00	2856.00	2856.00	2857.00	2857.00	2857.00	2857.00	2857.00	2857.00	2858.00	2858.00	2858.00	2858.00	2858.00	2858.00	2859.00	2859.00	2859.00	2859.00	2860.00	2860.00	2860.00	2860.00	2860.00	2860.00	2860.00	2860.00	2860.00	2860.00	2860.00	2860.00	2860.00	2860.00	2860.00	2860.00	2860.00	2860.00	2860.00	2860.00	2860.00	2860.00	2860.00	2860.00	2860.00	2860.00	2860.00	2860.00	2860.00	2860.00	2860.00	2860.00	2861.00	2861.00	2861.00	2861.00	2861.00	2861.00	2861.00	2861.00	2861.00	2861.00	2861.00	2861.00	2861.00	2861.00	2861.00	2861.00	2861.00	2861.00	2861.00	2861.00	2861.00	2861.00	2861.00	2861.00	2861.00	2862.00	2862.00	2862.00	2862.00	2862.00	2862.00	2862.00	2862.00	2862.00	2863.00	2863.00	2863.00	2863.00	2863.00	2863.00	2863.00	2863.00	2863.00	2864.00	2864.00	2864.00	2864.00	2864.00	2865.00	2865.00	2865.00	2865.00	2866.00	2866.00	2866.00	2867.00	2867.00	2868.00	2868.00	2868.00	2869.00	2869.00	2870.00	2870.00	2870.00	2870.00	2871.00	2871.00	2871.00	2872.00	2872.00	2873.00	2873.00	2874.00	2874.00	2875.00	2875.00	2875.00	2876.00	2876.00	2877.00	2878.00	2878.00	2878.00	2879.00	2880.00	2880.00	2881.00	2881.00	2881.00	2882.00	2882.00	2883.00	2884.00	2885.00	2885.00	2885.00	2885.00	2886.00	2887.00	2887.00	2888.00	2888.00	2889.00	2889.00	2889.00	2889.00	2890.00	2891.00	2891.00	2891.00	2892.00	2892.00	2892.00	2893.00	2893.00	2893.00	2894.00	2894.00	2894.00	2895.00	2895.00	2895.00	2895.00	2895.00	2896.00	2896.00	2896.00	2896.00	2897.00	2897.00	2897.00	2897.00	2897.00	2897.00	2898.00	2898.00	2898.00	2899.00	2899.00	2899.00	2899.00	2899.00	2900.00	2900.00	2900.00	2901.00	2901.00	2901.00	2901.00	2901.00	2902.00	2902.00	2902.00	2903.00	2903.00	2904.00	2904.00	2904.00	2904.00	2904.00	2905.00	2905.00	2905.00	2905.00	2905.00	2906.00	2906.00	2906.00	2906.00	2907.00	2907.00	2907.00
2855.00	2855.00	2855.00	2855.00	2855.00	2855.00	2855.00	2855.00	2855.00	2855.00	2855.00	2855.00	2855.00	2855.00	2855.00	2855.00	2855.00	2855.00	2855.00	2855.00	2855.00	2855.00	2855.00	2855.00	2855.00	2855.00	2855.00	2855.00	2856.00	2856.00	2856.00	2856.00	2856.00	2856.00	2856.00	2857.00	2857.00	2857.00	2857.00	2857.00	2857.00	2858.00	2858.00	2858.00	2858.00	2858.00	2858.00	2859.00	2859.00	2859.00	2859.00	2860.00	2860.00	2860.00	2860.00	2860.00	2860.00	2860.00	2860.00	2860.00	2860.00	2860.00	2860.00	2860.00	2860.00	2860.00	2860.00	2860.00	2860.00	2860.00	2860.00	2860.00	2860.00	2860.00	2860.00	2860.00	2860.00	2860.00	2860.00	2860.00	2860.00	2860.00	2860.00	2861.00	2861.00	2861.00	2861.00	2861.00	2861.00	2861.00	2861.00	2861.00	2861.00	2861.00	2861.00	2861.00	2861.00	2861.00	2861.00	2861.00	2861.00	2861.00	2861.00	2861.00	2861.00	2861.00	2861.00	2861.00	2862.00	2862.00	2862.00	2862.00	2862.00	2862.00	2862.00	2862.00	2862.00	2863.00	2863.00	2863.00	2863.00	2863.00	2863.00	2863.00	2863.00	2863.00	2864.00	2864.00	2864.00	2864.00	2864.00	2865.00	2865.00	2865.00	2865.00	2866.00	2866.00	2866.00	2867.00	2867.00	2868.00	2868.00	2868.00	2869.00	2869.00	2870.00	2870.00	2870.00	2870.00	2871.00	2871.00	2871.00	2872.00	2872.00	2873.00	2873.00	2874.00	2874.00	2875.00	2875.00	2875.00	2876.00	2876.00	2877.00	2878.00	2878.00	2878.00	2879.00	2880.00	2880.00	2881.00	2881.00	2881.00	2882.00	2882.00	2883.00	2884.00	2885.00	2885.00	2885.00	2885.00	2886.00	2887.00	2887.00	2888.00	2888.00	2889.00	2889.00	2889.00	2889.00	2890.00	2891.00	2891.00	2891.00	2892.00	2892.00	2892.00	2893.00	2893.00	2893.00	2894.00	2894.00	2894.00	2895.00	2895.00	2895.00	2895.00	2895.00	2896.00	2896.00	2896.00	2896.00	2897.00	2897.00	2897.00	2897.00	2897.00	2897.00	2898.00	2898.00	2898.00	2899.00	2899.00	2899.00	2899.00	2899.00	2900.00	2900.00	2900.00	2901.00	2901.00	2901.00	2901.00	2901.00	2902.00	2902.00	2902.00	2903.00	2903.00	2904.00	2904.00	2904.00	2904.00	2904.00	2905.00	2905.00	2905.00	2905.00	2905.00	2906.00	2906.00	2906.00	2906.00	2907.00	2907.00	2907.00
2855.00	2855.00	2855.00	2855.00	2855.00	2855.00	2855.00	2855.00	2855.00	2855.00	2855.00	2855.00	2855.00	2855.00	2855.00	2855.00	2855.00	2855.00	2855.00	2855.00	2855.00	2855.00	2855.00	2855.00	2855.00	2855.00	2855.00	2855.00	2856.00	2856.00	2856.00	2856.00	2856.00	2856.00	2856.00	2857.00	2857.00	2857.00	2857.00	2857.00	2857.00	2858.00	2858.00	2858.00	2858.00	2858.00	2858.00	2859.00	2859.00	2859.00	2859.00	2860.00	2860.00	2860.00	2860.00	2860.00	2860.00	2860.00	2860.00	2860.00	2860.00	2860.00	2860.00	2860.00	2860.00	2860.00	2860.00	2860.00	2860.00	2860.00	2860.00	2860.00	2860.00	2860.00	2860.00	2860.00	2860.00	2860.00	2860.00	2860.00	2860.00	2860.00	2860.00	2861.00	2861.00	2861.00	2861.00	2861.00	2861.00	2861.00	2861.00	2861.00	2861.00	2861.00	2861.00	2861.00	2861.00	2861.00	2861.00	2861.00	2861.00	2861.00	2861.00	2861.00	2861.00	2861.00	2861.00	2861.00	2862.00	2862.00	2862.00	2862.00	2862.00	2862.00	2862.00	2862.00	2862.00	2863.00	2863.00	2863.00	2863.00	2863.00	2863.00	2863.00	2863.00	2863.00	2864.00	2864.00	2864.00	2864.00	2864.00	2865.00	2865.00	2865.00	2865.00	2866.00	2866.00	2866.00	2867.00	2867.00	2868.00	2868.00	2868.00	2869.00	2869.00	2870.00	2870.00	2870.00	2870.00	2871.00	2871.00	2871.00	2872.00	2872.00	2873.00	2873.00	2874.00	2874.00	2875.00	2875.00	2875.00	2876.00	2876.00	2877.00	2878.00	2878.00	2878.00	2879.00	2880.00	2880.00	2881.00	2881.00	2881.00	2882.00	2882.00	2883.00	2884.00	2885.00	2885.00	2885.00	2885.00	2886.00	2887.00	2887.00	2888.00	2888.00	2889.00	2889.00	2889.00	2889.00	2890.00	2891.00	2891.00	2891.00	2892.00	2892.00	2892.00	2893.00	2893.00	2893.00	2894.00	2894.00	2894.00	2895.00	2895.00	2895.00	2895.00	2895.00	2896.00	2896.00	2896.00	2896.00	2897.00	2897.00	2897.00	2897.00	2897.00	2897.00	2898.00	2898.00	2898.00	2899.00	2899.00	2899.00	2899.00	2899.00	2900.00	2900.00	2900.00	2901.00	2901.00	2901.00	2901.00	2901.00	2902.00	2902.00	2902.00	2903.00	2903.00	2904.00	2904.00	2904.00	2904.00	2904.00	2905.00	2905.00	2905.00	2905.00	2905.00	2906.00	2906.00	2906.00	2906.00	2907.00	2907.00	2907.00
2855.00	2855.00	2855.00	2855.00	2855.00	2855.00	2855.00	2855.00	2855.00	2855.00	2855.00	2855.00	2855.00	2855.00	2855.00	2855.00	2855.00	2855.00	2855.00	2855.00	2855.00	2855.00	2855.00	2855.00	2855.00	2855.00	2855.00	2855.00	2856.00	2856.00	2856.00	2856.00	2856.00	2856.00	2856.00	2857.00	2857.00	2857.00	2857.00	2857.00	2857.00	2858.00	2858.00	2858.00	2858.00	2858.00	2858.00	2859.00	2859.00	2859.00	2859.00	2860.00	2860.00	2860.00	2860.00	2860.00	2860.00	2860.00	2860.00	2860.00	2860.00	2860.00	2860.00	2860.00	2860.00	2860.00	2860.00	2860.00	2860.00	2860.00	2860.00	2860.00	2860.00	2860.00	2860.00	2860.00	2860.00	2860.00	2860.00	2860.00	2860.00	2860.00	2860.00	2861.00	2861.00	2861.00	2861.00	2861.00	2861.00	2861.00	2861.00	2861.00	2861.00	2861.00	2861.00	2861.00	2861.00	2861.00	2861.00	2861.00	2861.00	2861.00	2861.00	2861.00	2861.00	2861.00	2861.00	2861.00	2862.00	2862.00	2862.00	2862.00	2862.00	2862.00	2862.00	2862.00	2862.00	2863.00	2863.00	2863.00	2863.00	2863.00	2863.00	2863.00	2863.00	2863.00	2864.00	2864.00	2864.00	2864.00	2864.00	2865.00	2865.00	2865.00	2865.00	2866.00	2866.00	2866.00	2867.00	2867.00	2868.00	2868.00	2868.00	2869.00	2869.00	2870.00	2870.00	2870.00	2870.00	2871.00	2871.00	2871.00	2872.00	2872.00	2873.00	2873.00	2874.00	2874.00	2875.00	2875.00	2875.00	2876.00	2876.00	2877.00	2878.00	2878.00	2878.00	2879.00	2880.00	2880.00	2881.00	2881.00	2881.00	2882.00	2882.00	2883.00	2884.00	2885.00	2885.00	2885.00	2885.00	2886.00	2887.00	2887.00	2888.00	2888.00	2889.00	2889.00	2889.00	2889.00	2890.00	2891.00	2891.00	2891.00	2892.00	2892.00	2892.00	2893.00	2893.00	2893.00	2894.00	2894.00	2894.00	2895.00	2895.00	2895.00	2895.00	2895.00	2896.00	2896.00	2896.00	2896.00	2897.00	2897.00	2897.00	2897.00	2897.00	2897.00	2898.00	2898.00	2898.00	2899.00	2899.00	2899.00	2899.00	2899.00	2900.00	2900.00	2900.00	2901.00	2901.00	2901.00	2901.00	2901.00	2902.00	2902.00	2902.00	2903.00	2903.00	2904.00	2904.00	2904.00	2904.00	2904.00	2905.00	2905.00	2905.00	2905.00	2905.00	2906.00	2906.00	2906.00	2906.00	2907.00	2907.00	2907.00
2856.00	2856.00	2856.00	2856.00	2856.00	2856.00	2856.00	2856.00	2856.00	2855.00	2855.00	2855.00	2855.00	2855.00	2855.00	2855.00	2855.00	2855.00	2855.00	2855.00	2855.00	2856.00	2856.00	2856.00	2856.00	2856.00	2856.00	2856.00	2856.00	2856.00	2856.00	2856.00	2857.00	2857.00	2857.00	2857.00	2857.00	2857.00	2857.00	2858.00	2858.00	2858.00	2858.00	2858.00	2858.00	2858.00	2859.00	2859.00	2859.00	2859.00	2859.00	2860.00	2860.00	2860.00	2860.00	2860.00	2860.00	2860.00	2860.00	2860.00	2860.00	2860.00	2860.00	2860.00	2860.00	2860.00	2860.00	2860.00	2860.00	2860.00	2860.00	2860.00	2860.00	2860.00	2860.00	2860.00	2860.00	2860.00	2860.00	2860.00	2860.00	2860.00	2861.00	2861.00	2861.00	2861.00	2861.00	2861.00	2861.00	2861.00	2861.00	2861.00	2861.00	2861.00	2862.00	2862.00	2862.00	2862.00	2862.00	2862.00	2862.00	2862.00	2862.00	2862.00	2862.00	2862.00	2862.00	2862.00	2862.00	2862.00	2862.00	2863.00	2863.00	2863.00	2863.00	2863.00	2863.00	2863.00	2863.00	2863.00	2864.00	2864.00	2864.00	2864.00	2864.00	2864.00	2865.00	2865.00	2865.00	2865.00	2865.00	2866.00	2866.00	2866.00	2866.00	2867.00	2867.00	2867.00	2868.00	2868.00	2868.00	2869.00	2869.00	2870.00	2870.00	2871.00	2871.00	2872.00	2872.00	2872.00	2873.00	2873.00	2873.00	2873.00	2875.00	2875.00	2875.00	2875.00	2876.00	2877.00	2877.00	2877.00	2877.00	2878.00	2879.00	2879.00	2879.00	2880.00	2881.00	2881.00	2881.00	2881.00	2882.00	2883.00	2883.00	2884.00	2884.00	2885.00	2885.00	2886.00	2886.00	2887.00	2887.00	2887.00	2888.00	2889.00	2889.00	2889.00	2890.00	2890.00	2891.00	2891.00	2891.00	2892.00	2892.00	2892.00	2893.00	2894.00	2894.00	2894.00	2894.00	2894.00	2895.00	2895.00	2895.00	2896.00	2896.00	2896.00	2896.00	2897.00	2897.00	2897.00	2897.00	2897.00	2897.00	2897.00	2898.00	2898.00	2898.00	2898.00	2898.00	2898.00	2898.00	2899.00	2899.00	2899.00	2899.00	2899.00	2899.00	2900.00	2900.00	2900.00	2901.00	2901.00	2901.00	2902.00	2902.00	2902.00	2902.00	2903.00	2903.00	2903.00	2903.00	2903.00	2904.00	2904.00	2904.00	2904.00	2904.00	2905.00	2905.00	2905.00	2905.00	2906.00	2906.00	2906.00